data/habitatmaps/RS_maps/habitat_Sitta.europaea_2011.asc
NCOLS 369 
NROWS 228 
XLLCORNER 479000 
YLLCORNER 73000 
CELLSIZE 1000 
NODATA_value -9 
[rows 0 to 62 of 228, columns 192 to 287 of 369]
100 100 72 87 96 89 96 42 52 84 96 94 70 71 28 51 20 38 10 93 36 36 7 9 0 28 2 20 0 0 2 60 74 54 -9 -9 -9 -9 -9 -9 -9 -9 -9 -9 -9 -9 -9 -9 -9 -9 -9 -9 -9 -9 -9 -9 -9 -9 -9 -9 -9 -9 -9 -9 -9 -9 -9 -9 -9 -9 -9 -9 -9 -9 -9 -9 -9 -9 -9 -9 -9 -9 -9 -9 -9 -9 -9 -9 -9 -9 -9 -9 -9 -9 -9 -9
100 100 72 16 23 37 69 21 28 45 19 3 0 6 43 38 0 0 48 93 53 29 13 0 1 36 18 40 0 32 25 86 22 82 3 1 10 -9 -9 -9 -9 -9 -9 -9 -9 -9 -9 -9 -9 -9 -9 -9 -9 -9 -9 -9 -9 -9 -9 -9 -9 -9 -9 -9 -9 -9 -9 -9 -9 -9 -9 -9 -9 -9 -9 -9 -9 -9 -9 -9 -9 -9 -9 -9 -9 -9 -9 -9 -9 -9 -9 -9 -9 -9 -9 -9
100 84 2 6 0 0 5 26 39 75 88 55 28 92 91 28 16 0 74 41 5 40 60 0 25 52 8 59 0 2 34 22 12 67 45 6 0 6 -9 -9 -9 -9 -9 -9 -9 -9 -9 -9 -9 -9 -9 -9 -9 -9 -9 -9 -9 -9 -9 -9 -9 -9 -9 -9 -9 -9 -9 -9 -9 -9 -9 -9 -9 -9 -9 -9 -9 -9 -9 -9 -9 -9 -9 -9 -9 -9 -9 -9 -9 -9 -9 -9 -9 -9 -9 -9
51 20 16 26 9 35 11 41 28 74 31 15 20 87 61 64 41 11 50 1 0 0 5 33 15 74 18 1 0 0 0 0 0 4 51 35 0 0 7 0 -9 -9 -9 -9 -9 -9 -9 -9 -9 -9 -9 -9 -9 -9 -9 -9 -9 -9 -9 -9 -9 -9 -9 -9 -9 -9 -9 -9 -9 -9 -9 -9 -9 -9 -9 -9 -9 -9 -9 -9 -9 -9 -9 -9 -9 -9 -9 -9 -9 -9 -9 -9 -9 -9 -9 -9
0 0 0 7 18 12 91 42 3 64 0 0 15 70 24 10 19 14 11 4 6 0 8 64 2 23 62 70 0 0 0 0 0 0 0 28 6 0 1 0 36 -9 -9 -9 -9 -9 -9 -9 -9 -9 -9 -9 -9 -9 -9 -9 -9 -9 -9 -9 -9 -9 -9 -9 -9 -9 -9 -9 -9 -9 -9 -9 -9 -9 -9 -9 -9 -9 -9 -9 -9 -9 -9 -9 -9 -9 -9 -9 -9 -9 -9 -9 -9 -9 -9 -9
2 1 0 30 3 4 49 62 71 27 0 11 89 92 38 0 7 7 16 62 50 46 37 34 26 32 61 16 0 0 0 0 38 0 0 21 0 32 22 16 0 37 -9 -9 -9 -9 -9 -9 -9 -9 -9 -9 -9 -9 -9 -9 -9 -9 -9 -9 -9 -9 -9 -9 -9 -9 -9 -9 -9 -9 -9 -9 -9 -9 -9 -9 -9 -9 -9 -9 -9 -9 -9 -9 -9 -9 -9 -9 -9 -9 -9 -9 -9 -9 -9 -9
46 21 0 56 73 63 34 89 50 12 18 0 95 100 68 61 22 0 0 7 72 28 24 1 4 8 42 63 2 0 0 1 33 0 0 16 0 15 64 35 0 57 23 -9 34 100 96 89 75 66 5 0 0 2 11 -9 -9 -9 -9 -9 -9 -9 -9 -9 -9 -9 -9 -9 -9 -9 -9 -9 -9 -9 -9 -9 -9 -9 -9 -9 -9 -9 -9 -9 -9 -9 -9 -9 -9 -9 -9 -9 -9 -9 -9 -9
50 25 19 54 65 86 0 31 50 55 47 5 72 100 100 98 78 50 1 0 32 64 4 0 0 10 74 87 32 0 3 45 0 0 52 5 38 45 72 10 17 49 57 32 37 73 65 36 87 100 68 1 0 0 0 22 13 0 0 -9 -9 -9 -9 -9 -9 -9 -9 -9 -9 -9 -9 -9 -9 -9 -9 -9 -9 -9 -9 -9 -9 -9 -9 -9 -9 -9 -9 -9 -9 -9 -9 -9 -9 -9 -9 -9
32 42 41 31 45 33 27 52 37 88 69 3 36 97 90 49 52 74 77 28 0 0 0 0 3 0 17 17 0 0 0 0 0 0 37 95 97 83 51 62 71 58 61 54 35 10 28 33 14 62 100 56 5 0 0 0 8 0 0 16 16 17 6 22 35 62 0 0 -9 -9 -9 -9 -9 -9 -9 -9 -9 -9 -9 -9 -9 -9 -9 -9 -9 -9 -9 -9 -9 -9 -9 -9 -9 -9 -9 -9
32 66 37 14 16 37 60 90 39 36 10 0 51 80 58 65 46 84 100 78 51 35 21 7 72 26 0 0 0 0 0 50 6 1 0 31 75 65 92 78 61 23 9 37 86 12 8 60 50 49 63 29 23 35 5 0 0 0 0 0 51 62 69 64 45 98 53 0 0 0 37 38 -9 -9 -9 -9 -9 -9 -9 -9 -9 -9 -9 -9 -9 -9 -9 -9 -9 -9 -9 -9 -9 -9 -9 -9
20 90 48 94 13 78 53 38 0 16 8 25 72 100 83 78 16 81 95 52 49 21 45 24 3 0 0 0 0 0 4 8 52 15 0 0 2 22 83 18 5 0 0 16 63 76 22 16 25 41 61 69 77 74 87 8 0 0 0 0 16 88 69 80 47 73 62 17 0 0 0 9 56 54 -9 -9 -9 -9 -9 -9 -9 -9 -9 -9 -9 -9 -9 -9 -9 -9 -9 -9 -9 -9 -9 -9
2 40 100 76 43 35 8 0 0 13 63 100 88 100 98 83 62 63 71 23 27 9 68 2 0 0 0 15 23 44 10 55 23 29 0 19 70 90 29 6 0 0 0 0 0 8 0 88 60 59 73 65 62 56 65 32 0 0 0 0 0 19 32 0 11 0 39 62 0 0 0 7 77 70 31 78 -9 -9 -9 -9 -9 -9 -9 -9 -9 -9 -9 -9 -9 -9 -9 -9 -9 -9 -9 -9
2 6 46 22 49 16 6 0 0 55 88 100 82 75 88 65 89 75 76 74 12 71 73 51 8 0 1 43 78 65 43 95 71 7 0 12 60 10 0 0 0 0 0 0 0 0 0 52 95 65 37 21 38 42 5 6 37 0 0 0 0 0 0 0 0 12 19 31 0 0 0 0 2 5 0 40 69 99 -9 -9 -9 -9 -9 -9 -9 -9 -9 -9 -9 -9 -9 -9 -9 -9 -9 -9
0 22 12 77 54 72 27 0 50 93 100 88 75 95 47 24 97 64 82 52 40 64 77 64 62 28 17 19 0 0 5 46 74 0 0 0 6 0 0 0 0 0 0 0 0 0 0 9 44 72 27 2 67 67 19 70 96 13 0 0 0 0 0 22 77 84 78 11 44 4 0 2 0 0 0 0 28 35 1 0 -9 -9 -9 -9 -9 -9 -9 -9 -9 -9 -9 -9 -9 -9 -9 -9
34 14 84 33 50 90 8 0 3 26 66 100 99 92 100 80 80 91 73 79 19 79 95 60 62 94 7 0 0 0 18 15 1 4 0 0 0 0 0 0 59 35 0 0 0 0 0 0 0 0 0 15 69 97 99 100 100 79 6 0 0 0 0 2 91 39 34 60 23 56 53 18 50 46 0 0 0 2 0 0 0 3 -9 -9 -9 -9 -9 -9 -9 -9 -9 -9 -9 -9 -9 -9
54 5 44 96 72 20 0 0 0 0 33 100 99 34 97 75 39 75 66 7 19 79 27 35 28 66 62 0 0 0 8 25 0 27 35 37 64 63 38 33 6 3 2 30 18 0 0 0 0 0 0 0 4 36 94 100 98 93 10 0 0 0 0 0 29 54 17 6 68 38 56 0 22 28 7 6 0 42 36 48 64 26 5 30 -9 -9 -9 -9 -9 -9 -9 -9 -9 -9 -9 -9
71 77 48 46 27 0 0 0 0 0 9 40 48 47 82 45 51 9 6 16 59 98 31 8 0 40 96 64 60 59 39 0 1 84 83 43 50 76 56 100 91 75 34 55 4 0 0 0 0 0 0 0 0 7 70 52 30 35 76 49 0 0 0 0 0 18 4 0 3 47 64 17 10 34 46 18 0 19 54 35 29 3 0 0 24 14 -9 -9 -9 -9 -9 -9 -9 -9 -9 -9
74 40 99 13 0 0 0 0 0 0 0 0 0 0 14 49 85 8 0 0 1 36 10 8 0 0 16 38 74 51 80 31 10 69 89 65 44 45 16 99 65 97 91 53 11 0 0 0 0 0 0 0 0 0 2 3 0 17 86 90 0 0 0 0 0 0 0 0 0 48 66 76 18 72 50 7 0 3 44 6 3 0 0 5 33 54 2 -9 -9 -9 -9 -9 -9 -9 -9 -9
14 34 100 8 0 0 0 0 0 0 32 32 1 16 66 71 68 0 20 14 0 0 53 73 56 0 0 0 0 14 98 54 0 58 100 100 96 41 17 46 66 99 57 40 0 0 0 0 0 0 0 0 0 0 0 0 0 0 51 72 4 0 0 0 0 0 0 0 0 0 0 7 6 16 41 28 0 2 3 0 0 0 0 9 36 19 0 0 0 -9 -9 -9 -9 -9 -9 -9
58 68 74 0 0 0 41 67 44 67 82 100 82 99 97 51 30 1 54 98 72 47 31 51 59 31 0 0 1 66 85 6 0 18 75 99 59 49 83 2 22 64 55 9 0 0 1 3 13 7 0 0 0 0 0 0 0 0 0 0 4 9 0 0 0 0 0 0 0 0 0 0 0 0 0 1 0 0 2 0 0 0 0 0 40 52 0 0 0 0 -9 -9 -9 -9 -9 -9
85 60 6 0 0 0 13 68 99 100 100 100 100 100 41 3 10 0 17 59 80 95 25 16 80 26 0 0 54 94 68 10 0 0 2 21 0 0 3 1 21 13 7 0 0 24 52 45 72 53 9 14 6 0 0 0 0 0 0 0 11 44 0 0 0 0 0 0 0 0 0 0 0 0 0 0 0 0 25 2 0 0 0 1 96 48 0 56 16 0 0 -9 -9 -9 -9 -9
14 7 0 0 0 1 6 40 99 100 100 100 96 89 12 0 2 6 0 50 92 98 6 0 33 32 6 0 1 8 45 37 0 0 0 0 0 0 0 0 0 2 31 27 21 81 62 44 81 86 21 62 34 3 0 0 0 0 0 0 0 0 0 0 0 0 0 0 0 0 0 0 0 0 0 0 0 0 0 0 0 0 0 7 100 30 0 73 56 78 66 70 -9 -9 -9 -9
61 25 0 7 22 40 78 55 77 84 100 100 40 7 0 6 14 70 22 0 21 40 24 0 57 40 51 62 0 0 80 69 40 44 10 8 0 0 0 1 35 69 66 42 14 40 48 59 59 64 74 76 54 89 63 11 3 0 0 0 0 0 0 0 0 0 0 0 0 0 0 0 0 0 0 0 0 0 0 0 0 0 0 0 56 52 2 54 56 87 100 100 92 20 -9 -9
6 0 0 79 24 90 87 39 32 45 91 88 34 13 63 26 36 63 33 18 5 55 36 42 62 83 98 59 0 0 74 100 100 96 44 34 49 66 37 67 96 28 0 4 31 5 20 12 36 7 14 21 56 80 100 49 52 29 16 8 0 0 0 0 0 0 0 0 0 0 0 0 0 0 0 0 0 0 0 0 0 0 0 0 1 16 24 90 99 71 61 31 31 25 40 -9
37 7 54 24 88 51 63 18 0 66 71 63 51 1 0 15 12 46 30 11 12 3 3 24 28 39 51 30 0 0 34 69 85 43 90 61 20 37 12 22 37 36 40 16 19 23 0 55 23 10 19 0 0 42 99 94 82 86 21 59 17 37 1 27 0 0 0 0 0 0 0 0 0 0 0 0 0 0 0 0 0 0 0 0 0 17 49 100 84 20 14 30 24 4 2 1
68 31 0 49 69 63 34 19 0 7 83 48 91 69 21 2 44 72 99 12 0 6 14 9 36 10 1 37 28 12 0 0 0 0 4 64 67 89 88 94 0 0 11 49 3 15 30 50 23 32 7 0 0 37 49 17 7 66 53 62 4 27 65 8 0 0 0 0 0 0 0 0 0 0 0 0 0 0 0 0 0 0 0 0 0 15 47 47 9 10 8 74 21 34 26 16
0 0 3 90 66 9 4 10 4 62 44 6 10 52 23 50 93 93 91 29 7 41 43 68 81 19 0 59 81 25 15 12 2 0 0 0 6 27 29 29 22 34 15 53 52 24 69 52 8 12 9 0 13 3 50 4 0 0 0 0 37 1 22 22 0 0 0 0 0 0 0 0 0 0 0 0 0 0 0 0 0 0 0 0 0 0 0 0 0 20 3 0 7 4 6 2
19 38 67 50 38 22 32 82 41 4 0 0 0 18 19 44 49 98 100 74 19 66 26 31 71 6 16 38 24 12 43 68 25 42 0 25 14 7 5 1 19 59 4 18 6 12 4 0 20 37 6 17 40 29 39 13 19 0 24 0 32 51 0 72 40 0 58 9 0 0 0 0 0 0 0 0 0 0 0 0 0 0 0 0 0 0 0 0 8 14 9 0 0 7 17 2
84 78 32 50 28 65 32 69 26 7 12 1 19 69 6 24 51 94 100 37 49 21 3 28 20 51 60 52 13 8 24 21 1 18 16 4 16 22 0 69 78 21 14 41 40 34 11 0 0 0 0 0 0 9 28 18 17 5 21 0 2 34 29 41 24 0 74 66 71 54 0 0 0 0 0 0 0 0 0 0 0 0 0 0 0 0 0 0 14 1 21 0 0 0 17 31
20 4 0 35 10 9 11 6 37 37 63 39 66 51 0 6 32 74 69 58 71 40 0 14 72 46 3 22 27 32 3 20 0 0 2 28 31 22 28 50 20 50 26 9 8 4 30 36 5 0 13 10 0 40 51 48 68 80 30 6 64 14 9 0 0 0 31 28 77 100 33 2 0 0 0 0 0 0 0 0 0 0 0 0 0 0 0 0 0 0 0 0 0 0 0 0
35 19 60 92 19 0 2 43 56 40 2 5 24 7 0 0 0 4 16 48 35 10 0 1 41 15 26 0 29 71 0 0 0 2 2 31 31 28 31 0 0 0 0 24 41 65 37 56 56 34 35 34 1 0 36 30 24 14 2 0 10 6 0 12 14 0 27 0 1 19 0 87 91 35 0 0 0 0 0 0 0 0 0 0 0 0 0 0 0 0 0 0 0 0 0 0
0 29 52 98 0 23 31 51 50 73 39 1 39 8 47 11 3 52 0 0 23 42 0 43 54 5 56 60 3 20 0 0 10 8 12 0 0 20 18 0 0 38 46 98 100 99 46 37 3 11 12 4 40 1 0 0 0 25 0 0 0 7 0 11 19 0 1 0 0 0 0 58 50 2 0 0 0 0 0 0 0 0 0 0 0 0 0 0 0 0 0 0 0 0 0 0
35 61 4 8 12 72 53 5 23 12 7 63 60 36 92 83 30 0 20 17 65 83 15 42 84 14 0 41 20 14 23 54 37 8 25 0 10 15 0 0 27 29 18 54 60 55 62 43 10 0 28 33 5 29 17 0 10 0 0 0 0 26 6 0 0 0 0 0 0 0 18 7 1 0 0 0 0 0 0 0 0 0 0 0 0 0 0 0 0 0 0 0 0 0 0 0
62 62 12 18 35 48 46 1 90 34 16 28 75 24 39 93 62 3 9 10 59 2 14 51 17 19 21 10 4 0 40 10 32 0 0 0 0 47 27 25 3 27 37 2 0 0 14 1 24 0 0 11 21 0 0 2 64 48 2 0 0 0 0 0 1 57 24 0 0 0 26 8 0 0 0 0 0 0 0 0 0 0 0 0 0 0 0 0 0 0 0 0 0 0 0 0
44 91 74 66 100 78 10 2 13 27 81 73 59 63 14 99 100 73 16 51 71 41 11 4 0 5 16 55 94 48 9 0 0 15 15 13 29 7 89 69 65 53 36 22 43 57 26 27 0 14 23 0 0 23 2 0 8 22 46 29 7 0 0 0 15 67 0 16 9 0 25 8 0 0 0 0 0 0 0 0 0 0 0 0 0 0 0 0 0 0 0 0 0 0 0 0
40 68 65 92 59 83 14 7 51 83 63 86 30 55 13 12 44 87 94 41 44 35 19 0 0 0 0 35 35 1 0 5 18 38 7 39 20 3 31 1 69 32 0 43 88 80 25 0 0 16 17 1 16 0 76 37 7 0 5 50 37 0 13 5 16 14 0 52 70 0 0 0 0 0 0 0 0 0 0 0 0 0 0 0 0 0 0 0 0 0 0 0 0 0 0 0
59 95 74 23 1 39 2 0 56 20 46 39 0 17 43 28 55 11 57 35 16 1 68 5 19 45 30 4 12 7 0 36 15 17 10 55 2 18 3 57 36 0 0 0 7 1 0 0 0 0 15 28 15 5 28 26 34 19 17 24 43 3 31 1 43 16 0 17 1 0 0 0 0 0 0 0 0 0 0 0 0 0 0 0 0 0 0 0 0 0 0 0 0 0 0 0
98 62 97 52 58 17 19 0 58 0 0 0 0 3 59 23 29 90 27 0 1 18 22 6 90 19 91 67 5 2 5 5 73 42 57 57 66 66 42 34 15 40 5 0 5 27 42 45 1 15 51 68 48 32 34 4 28 0 61 27 18 18 45 25 12 0 0 0 0 0 0 0 0 3 14 0 0 0 0 0 0 0 0 0 0 0 0 0 0 0 0 0 0 0 0 0
99 93 100 77 50 11 0 0 8 0 8 11 0 47 52 35 0 79 80 45 40 86 1 0 9 3 39 62 0 0 27 34 32 42 47 13 24 10 9 43 23 8 2 0 0 35 50 14 17 43 33 26 23 45 32 5 25 24 39 27 3 20 60 11 0 8 18 41 27 20 38 7 0 0 6 27 21 20 0 0 0 0 0 0 0 0 0 0 0 24 0 0 0 0 0 0
14 23 41 69 0 0 0 0 0 0 27 28 16 55 42 27 0 46 50 52 75 36 32 44 0 0 0 0 2 39 30 0 0 37 76 68 0 20 12 6 44 2 0 18 0 22 18 0 2 36 7 12 49 10 6 32 0 7 3 0 0 5 17 11 45 37 27 7 20 1 34 9 0 0 0 5 3 3 10 7 0 0 0 0 0 0 0 0 0 23 16 0 0 0 0 0
0 0 0 0 17 0 0 18 27 0 0 29 0 52 60 4 11 4 41 54 14 61 63 88 6 11 14 2 1 73 98 30 33 44 67 76 17 15 47 0 2 37 0 8 11 17 0 23 4 31 21 0 26 19 33 25 33 30 23 0 5 20 38 30 58 3 23 0 0 0 2 40 50 16 0 0 9 35 30 5 21 0 0 0 0 0 0 0 0 0 0 0 1 0 0 0
45 33 57 43 12 0 0 0 0 5 0 0 0 0 52 27 89 56 66 33 19 47 95 42 28 97 100 58 0 8 87 50 17 8 30 19 37 48 2 9 0 61 16 31 0 3 0 11 1 32 9 11 30 20 13 21 8 0 0 3 0 37 28 26 30 0 1 0 13 48 23 13 12 40 2 0 8 44 0 1 19 1 3 1 6 0 14 57 5 0 0 0 32 1 0 0
87 81 95 66 43 50 21 0 8 15 8 33 0 39 56 19 31 35 64 46 2 6 6 72 60 100 100 97 65 10 32 52 64 39 33 57 61 73 82 98 63 18 40 13 17 12 0 10 3 0 0 37 55 5 0 0 0 23 26 87 20 9 0 39 12 0 3 16 44 65 99 84 44 7 17 2 22 21 0 37 38 17 36 28 49 65 42 50 0 0 2 22 24 10 0 0
15 22 56 83 9 48 60 49 1 28 3 39 0 0 0 24 49 21 18 5 29 15 65 69 56 90 100 88 42 7 53 69 51 56 56 80 82 45 30 44 46 35 0 0 0 0 7 40 14 0 15 44 40 38 26 16 27 25 30 19 1 21 20 16 42 16 18 31 18 0 37 36 59 37 37 76 56 13 36 73 15 61 81 54 41 17 41 19 26 10 20 33 56 35 60 8
1 14 25 32 0 2 4 41 87 59 0 0 0 0 0 0 1 37 42 41 23 48 36 3 53 87 91 57 68 32 43 56 21 85 31 87 57 91 24 95 34 18 76 25 0 7 76 4 52 0 3 20 0 8 10 0 5 14 2 15 40 29 44 13 4 2 0 5 39 3 49 51 14 42 73 15 38 0 44 37 42 16 14 31 17 4 8 26 30 63 60 32 38 31 3 0
0 0 0 0 0 0 0 0 36 83 41 0 21 0 9 37 50 3 7 51 6 34 21 32 63 14 39 53 58 80 37 24 26 49 24 56 58 66 15 61 71 46 48 33 0 14 31 38 50 50 15 22 0 16 30 48 0 4 40 67 5 5 15 1 0 6 0 14 39 54 58 15 21 46 42 0 1 13 17 54 38 20 36 41 65 43 14 36 59 40 53 44 21 28 0 0
42 53 31 1 46 3 2 41 0 0 3 0 43 0 25 95 100 47 0 38 63 22 37 46 45 12 22 80 38 20 57 58 61 48 20 68 54 59 68 75 27 61 53 39 13 26 45 88 86 34 56 40 1 0 7 30 0 0 36 15 5 0 39 3 0 20 5 43 35 36 2 19 54 40 2 2 20 14 42 16 50 44 9 39 32 53 36 14 26 23 10 62 23 1 0 0
38 63 79 85 61 51 57 25 2 1 18 21 0 0 0 42 49 9 0 29 54 2 33 8 66 26 43 53 16 0 16 83 16 21 36 66 93 59 87 63 41 25 34 26 70 50 52 15 16 40 11 2 56 0 26 14 1 0 0 32 54 29 3 6 0 0 0 25 28 36 1 41 13 1 18 11 9 43 45 1 28 49 40 10 10 19 40 35 44 54 32 46 52 13 0 0
3 31 62 52 8 44 54 60 69 9 42 0 0 0 0 0 0 0 0 24 91 88 17 21 27 20 47 46 38 25 56 44 0 83 40 39 62 50 83 79 57 54 52 74 54 6 46 36 6 14 0 0 19 50 89 69 40 37 11 2 0 24 42 11 0 7 19 31 1 1 25 13 21 49 63 55 58 53 84 17 13 37 19 9 34 44 47 64 67 55 63 67 26 7 0 0
0 29 1 0 0 0 18 5 25 29 45 0 0 0 0 0 19 37 13 0 5 90 27 17 23 15 24 8 25 97 22 24 44 37 35 38 78 62 78 74 64 41 58 91 82 41 21 45 19 7 24 14 20 36 56 33 38 56 50 35 29 14 40 13 62 26 2 63 30 26 38 53 52 17 20 36 50 27 18 10 34 38 17 38 82 32 75 78 68 19 0 1 0 0 0 0
0 0 35 26 0 0 0 0 0 9 38 3 13 79 25 0 0 0 0 0 20 63 38 68 52 4 28 29 28 45 48 77 51 27 46 30 61 80 69 67 54 49 48 48 70 52 9 5 14 20 47 22 25 30 44 34 66 45 70 64 12 3 30 55 33 39 0 0 0 22 36 40 31 29 29 27 0 27 38 39 47 36 60 76 51 34 17 23 0 0 0 0 0 0 0 0
4 0 4 0 76 61 5 0 0 0 0 0 24 98 81 43 10 0 0 0 0 0 2 0 50 34 2 0 26 0 44 26 71 18 45 39 60 62 52 57 52 62 72 88 96 26 17 44 19 19 42 13 3 41 69 39 16 39 28 78 6 7 18 37 61 35 4 2 2 22 22 25 20 55 15 41 0 21 37 38 48 69 58 69 87 32 31 0 0 0 0 0 0 0 0 0
36 86 8 13 89 100 72 1 0 0 0 0 0 19 58 42 65 28 0 0 0 0 0 0 20 26 56 0 0 0 7 2 76 75 48 10 61 86 62 79 96 95 57 62 41 28 17 27 6 13 28 4 11 23 24 40 47 20 58 70 43 7 24 39 43 17 33 34 50 34 50 3 0 30 14 51 32 21 15 45 60 58 33 57 65 20 19 0 0 0 0 0 0 0 0 0
29 94 28 10 8 29 77 25 0 0 0 0 0 9 78 86 96 95 39 0 0 0 0 7 74 31 28 57 23 0 26 50 22 25 5 45 29 22 36 66 97 80 64 57 43 5 31 39 4 14 26 2 12 23 51 37 41 48 37 55 32 13 66 56 43 2 21 36 35 58 8 42 25 25 26 23 26 26 42 18 2 0 21 22 47 38 1 0 0 0 0 0 0 0 0 0
26 80 32 4 41 16 59 97 17 0 0 0 0 0 67 49 47 48 20 33 2 0 0 0 8 46 58 39 47 0 15 43 5 10 64 74 45 56 83 56 41 60 59 97 88 89 52 34 44 18 1 0 11 40 17 21 12 59 42 30 44 65 72 42 25 19 39 0 26 10 0 11 5 5 28 26 12 34 16 4 2 30 66 97 100 98 9 0 0 0 0 0 0 0 0 1
13 5 54 51 34 59 48 92 67 17 0 0 0 0 7 32 48 55 8 15 39 0 7 45 4 17 0 0 0 0 0 26 32 46 66 53 40 73 71 72 70 48 53 70 100 81 51 76 68 42 31 1 6 44 17 18 37 38 44 60 89 68 42 44 29 23 19 15 33 13 22 60 64 43 50 35 18 16 0 2 45 81 82 95 80 30 4 0 0 0 0 0 15 0 0 10
13 49 67 6 5 42 35 33 51 88 43 0 0 0 0 5 52 4 17 28 7 43 0 0 5 0 0 1 1 1 0 0 0 7 18 10 16 51 48 85 65 49 48 68 70 100 60 59 92 55 14 21 6 13 7 34 62 28 17 57 97 69 20 25 13 4 24 35 12 26 30 47 39 7 0 3 7 0 0 3 18 13 7 60 88 99 40 12 0 0 0 0 6 78 32 13
0 28 26 53 3 38 32 0 43 72 28 0 0 0 0 16 99 68 1 33 63 8 6 0 0 0 0 1 70 47 4 0 0 13 50 51 2 13 26 50 46 43 72 98 82 91 73 85 60 40 42 16 41 20 37 36 44 27 36 65 78 32 30 17 2 25 47 60 34 15 16 12 3 5 15 21 40 37 2 0 0 5 46 46 59 100 99 79 52 29 0 0 0 24 21 86
2 19 40 56 3 31 13 11 57 57 5 0 0 0 0 7 36 25 34 0 26 22 47 13 0 0 1 31 25 8 0 0 0 3 20 36 24 17 53 28 29 29 57 98 100 76 95 64 36 60 57 39 53 18 31 58 41 41 24 25 24 3 0 2 34 51 36 19 0 13 40 53 10 47 58 30 19 21 53 8 6 23 29 13 63 83 59 55 52 0 0 5 4 0 16 14
4 25 92 36 9 27 0 23 51 69 29 0 0 0 0 0 19 88 31 26 17 36 24 34 5 4 26 1 0 19 30 1 0 0 24 53 18 36 59 18 9 39 92 82 100 100 68 81 50 70 40 16 54 18 76 84 47 51 64 10 31 33 36 3 30 16 58 16 14 68 58 46 56 52 32 61 46 57 55 45 8 4 12 25 71 40 79 64 54 34 0 22 16 22 13 0
20 33 29 3 46 9 53 28 37 60 63 3 6 0 0 0 0 22 54 42 74 70 38 5 25 9 0 20 13 34 20 1 1 0 9 14 54 2 42 30 9 5 68 90 92 98 72 87 59 55 42 42 61 27 33 23 20 11 43 54 19 34 5 35 58 68 50 27 23 39 32 70 58 47 44 55 66 69 49 15 6 19 20 32 44 8 81 59 22 19 17 0 0 4 13 11
24 0 29 48 37 3 49 54 38 35 55 28 57 3 0 0 0 3 2 0 46 80 69 2 24 35 0 0 0 4 12 3 49 39 43 12 28 17 70 31 6 15 39 31 74 85 42 58 70 85 82 65 39 28 21 25 36 31 45 27 16 41 43 46 91 75 78 52 33 38 40 46 41 57 66 82 86 73 40 45 0 36 12 21 8 53 67 43 0 67 34 0 0 0 27 9
21 4 68 87 14 4 58 65 34 92 84 36 20 3 0 0 0 0 0 6 33 84 75 21 16 1 3 32 32 0 0 10 28 53 8 1 5 36 26 19 24 38 30 56 52 30 15 15 75 78 71 26 35 41 4 53 25 52 53 36 24 43 21 52 57 46 23 70 57 74 77 49 57 99 75 32 43 17 55 56 49 35 85 13 30 87 23 3 24 48 63 23 0 0 0 0
