data/habitatmaps/RS_maps/habitat_Lophophanes.cristatus_2009.asc
NCOLS 369 
NROWS 228 
XLLCORNER 479000 
YLLCORNER 73000 
CELLSIZE 1000 
NODATA_value -9 
[rows 63 to 125 of 228, columns 192 to 287 of 369]
12 14 5 29 6 0 26 23 34 46 84 36 19 63 27 0 0 0 0 0 18 5 36 62 23 1 0 17 38 1 0 0 34 7 0 0 1 28 21 17 0 11 36 34 41 18 28 56 66 43 15 10 54 32 30 26 36 26 39 55 57 75 44 78 65 28 43 60 63 67 22 44 42 20 1 14 0 7 46 30 29 55 55 31 86 50 0 25 65 46 91 56 0 0 0 50
1 15 0 45 2 2 36 42 47 34 33 57 66 81 78 0 0 0 0 4 6 16 16 12 30 36 0 7 10 14 29 12 6 1 3 8 32 25 46 56 17 4 12 22 34 43 51 45 16 18 22 29 20 16 39 1 28 27 34 38 60 64 35 72 69 59 63 74 80 76 61 41 0 0 0 0 0 0 0 6 37 26 28 98 82 13 1 25 4 68 88 59 1 0 1 96
0 12 2 15 17 0 50 61 12 24 24 67 100 93 99 28 0 0 0 0 0 0 0 5 55 50 20 2 21 15 10 3 20 0 66 21 1 40 83 55 32 61 18 39 10 28 5 24 16 20 4 46 78 48 56 48 3 21 44 18 14 38 49 59 38 55 74 62 78 100 46 8 0 0 0 0 0 0 0 29 0 22 90 75 43 8 6 17 0 0 16 26 41 48 60 46
0 5 6 0 0 0 10 55 20 8 18 50 100 100 94 33 12 0 1 0 0 0 0 0 0 16 36 40 42 3 8 16 0 0 66 21 9 23 48 37 25 34 32 15 19 12 25 0 13 16 83 100 94 62 68 60 16 8 18 28 25 7 31 42 16 8 52 58 49 40 12 0 0 0 0 0 0 0 0 3 45 82 63 3 76 46 24 3 0 24 42 28 58 40 74 10
0 4 14 47 8 31 0 3 3 8 34 8 51 80 100 32 41 24 20 0 0 0 0 0 0 0 12 9 0 0 14 3 0 0 42 94 78 46 22 38 11 0 0 26 16 50 30 18 6 5 91 99 70 55 81 32 37 37 44 20 13 2 0 16 16 58 36 40 60 4 0 0 0 0 0 0 0 0 0 54 84 16 0 0 19 8 25 21 45 62 45 20 30 93 58 61
14 0 35 51 70 9 13 16 24 12 44 28 15 32 99 68 0 30 21 26 0 0 0 0 0 0 0 0 0 19 25 0 0 0 13 5 58 62 6 36 40 38 21 36 46 70 20 20 4 0 28 72 84 78 48 48 71 34 59 15 0 0 20 32 34 49 21 0 14 0 0 19 17 0 0 0 0 0 36 81 62 4 0 0 0 31 38 52 38 4 0 12 26 36 23 7
21 4 0 0 7 25 25 36 0 14 36 0 0 13 74 80 8 17 14 0 0 0 0 0 0 0 0 0 0 0 0 0 0 0 0 0 0 0 4 30 25 23 1 0 0 0 0 0 0 24 9 30 64 36 28 36 84 52 59 38 28 1 0 2 52 28 8 17 8 14 46 67 68 14 44 26 0 48 76 93 9 0 0 0 10 30 19 23 0 0 11 56 54 39 22 7
8 7 0 8 17 18 4 20 29 6 26 12 18 8 0 52 1 9 44 0 0 0 0 9 0 0 0 0 0 0 0 0 0 0 0 0 0 0 0 0 0 6 34 54 40 0 0 0 0 15 20 60 44 54 60 56 64 83 60 62 60 23 7 38 36 21 13 21 46 52 24 26 10 45 50 38 2 31 23 31 3 0 0 0 4 12 0 0 4 38 85 94 82 64 70 72
56 10 20 28 1 2 0 0 60 67 20 11 55 45 26 40 22 3 2 0 0 0 0 30 0 0 0 0 0 0 0 0 0 0 0 0 0 0 0 30 65 57 43 14 0 0 0 0 11 2 33 37 74 96 98 52 53 56 38 59 85 82 28 24 12 64 76 55 11 0 0 15 11 5 8 22 35 16 81 7 0 0 0 6 42 4 0 0 23 100 100 95 100 96 61 41
33 10 26 50 19 2 14 0 2 22 2 0 41 81 7 22 22 42 2 0 0 0 0 0 5 0 5 19 5 7 0 0 3 0 0 0 0 0 0 4 16 0 0 0 0 0 0 0 22 2 53 53 56 86 76 39 6 21 20 48 50 17 1 0 5 49 63 39 2 17 19 11 0 44 93 94 76 46 9 29 0 0 0 38 28 0 0 4 73 100 77 72 100 77 61 100
14 5 18 56 2 0 17 0 0 0 0 0 42 85 13 26 1 6 20 0 0 0 0 5 6 0 0 0 23 30 18 47 15 0 0 0 0 0 0 0 0 0 0 0 0 0 0 39 18 6 29 35 58 80 70 49 0 0 31 62 86 45 70 44 28 66 21 24 39 27 34 18 16 16 19 40 54 11 0 2 1 0 0 27 10 0 0 54 68 99 61 81 100 100 98 100
44 6 16 59 9 0 0 0 0 0 0 0 1 58 13 0 21 0 32 10 3 0 0 0 0 0 0 10 10 42 39 42 9 16 0 0 16 0 0 0 0 0 0 0 0 0 0 62 39 0 0 10 66 80 42 1 0 0 43 90 93 94 76 67 82 39 30 21 8 1 31 18 35 62 92 40 30 8 31 54 0 0 0 12 23 0 12 94 92 80 24 70 99 76 76 82
34 6 16 8 0 0 0 0 0 0 0 0 0 48 0 0 0 0 28 42 4 10 29 49 58 7 5 4 37 70 49 50 42 60 22 26 35 32 26 24 3 18 27 38 14 0 0 2 9 0 0 19 92 76 6 13 27 0 6 40 49 44 53 60 68 9 0 0 0 0 2 0 0 5 68 86 77 86 76 54 64 60 34 0 11 0 20 97 99 70 74 76 100 94 34 70
16 38 17 0 14 1 0 0 0 0 0 30 0 41 6 0 0 0 2 41 62 76 62 70 94 80 60 50 34 22 28 29 56 92 52 62 36 55 69 56 99 75 73 65 65 20 30 3 0 0 0 29 100 38 48 63 28 59 9 65 36 17 49 46 43 0 0 0 0 0 0 0 0 2 14 70 52 27 41 94 67 47 69 0 24 6 56 100 60 95 100 100 84 72 38 92
42 0 21 12 14 0 0 0 0 0 15 31 9 39 15 12 41 43 77 93 85 100 100 100 100 81 46 26 0 5 20 67 99 73 46 65 62 95 80 68 52 78 70 56 65 98 88 72 26 0 0 72 91 78 92 77 84 25 11 12 28 46 16 4 3 28 9 7 53 73 31 15 0 0 3 32 9 0 12 54 64 77 65 30 2 3 17 94 60 52 70 100 78 58 40 44
19 0 8 0 0 0 0 0 0 0 56 40 56 58 48 70 43 47 48 82 88 55 98 66 41 3 2 27 10 0 3 33 98 52 41 95 73 80 53 68 70 46 80 38 27 98 90 94 90 12 2 98 96 84 52 92 57 22 38 37 10 22 1 3 4 90 91 68 40 43 95 95 35 16 0 0 0 0 2 69 88 10 89 47 0 31 10 86 67 87 92 84 65 67 36 14
32 0 7 0 0 21 23 0 0 22 97 62 82 44 2 0 20 1 19 8 36 39 50 28 26 22 45 16 0 0 0 10 59 76 100 58 100 100 56 65 78 89 97 48 10 60 48 70 92 87 28 17 85 42 22 3 10 21 54 73 75 91 100 95 76 26 26 29 30 38 21 55 97 67 1 13 2 0 0 58 38 20 83 10 0 14 4 67 52 63 84 80 36 50 28 44
2 6 4 0 29 10 6 0 4 89 50 15 80 44 0 0 0 0 0 29 30 93 30 0 24 31 20 1 0 0 0 0 24 58 46 54 95 88 20 16 4 40 97 54 38 44 26 40 49 84 42 0 0 0 8 61 37 23 3 0 0 0 13 30 27 0 1 2 0 13 11 0 30 92 16 60 24 0 0 14 18 70 58 66 0 19 10 60 21 48 51 68 65 64 16 60
1 4 70 46 29 0 0 0 15 80 34 17 92 50 10 5 31 15 0 19 14 25 0 4 35 60 20 4 53 25 0 0 40 27 38 36 42 52 54 55 12 62 97 56 10 19 30 26 48 63 67 16 0 38 76 76 33 68 42 32 6 0 0 0 0 0 30 80 43 62 60 13 0 63 95 80 46 17 0 0 20 64 93 92 18 5 23 37 46 80 47 77 72 69 0 49
2 0 21 32 0 0 50 82 6 13 55 8 34 99 48 46 100 99 25 0 44 30 1 56 60 86 22 24 40 0 0 0 68 51 57 72 17 40 42 82 45 44 38 58 13 13 42 42 56 44 75 42 16 39 64 84 68 96 46 67 42 55 66 62 11 62 23 84 83 34 24 45 7 30 94 92 34 1 0 0 2 77 45 14 26 35 22 20 85 98 77 76 68 53 45 61
14 58 14 16 17 0 9 6 0 0 41 46 13 97 90 100 95 65 49 0 80 50 6 76 38 38 11 30 20 16 12 8 47 26 51 73 64 42 69 82 17 8 47 0 0 25 55 48 31 46 96 35 16 74 57 58 26 61 37 80 44 92 78 94 84 58 89 82 22 36 6 0 6 0 33 94 78 20 2 17 82 91 51 0 0 14 47 66 100 99 37 64 38 0 2 73
39 40 4 12 0 0 0 0 0 0 7 63 73 83 100 100 91 81 44 14 38 8 12 87 97 41 39 32 76 65 70 8 5 16 66 56 69 63 78 89 45 6 60 2 0 28 83 54 64 77 100 19 4 88 67 19 0 16 14 39 19 94 100 89 72 45 59 56 36 28 3 41 40 50 4 29 98 70 48 18 90 84 80 8 0 6 28 88 99 81 18 60 39 0 23 60
25 0 4 0 0 0 32 9 0 0 1 22 36 65 61 48 51 32 16 13 38 31 48 45 100 40 26 25 35 40 86 85 11 15 57 54 65 94 44 92 17 28 41 4 2 42 80 54 36 70 98 2 54 99 59 49 4 22 0 11 4 44 99 78 54 0 0 0 43 74 66 46 36 28 50 20 30 86 83 4 36 60 56 0 19 8 59 99 83 35 1 37 32 0 2 0
0 0 44 46 0 0 20 76 96 45 1 0 36 80 24 58 22 38 0 4 28 62 67 94 45 74 22 61 87 66 40 42 93 19 2 33 13 86 74 14 74 48 78 14 0 25 84 23 13 6 6 74 14 86 59 21 4 18 0 0 0 26 75 97 14 0 0 5 44 80 88 77 33 35 52 46 18 19 92 58 64 68 41 6 6 0 93 45 37 48 0 0 0 0 0 0
6 58 59 0 0 0 71 11 77 92 25 0 1 57 76 16 14 52 5 34 12 44 54 86 33 94 34 94 100 92 68 94 60 0 57 58 58 67 4 0 58 72 21 0 0 62 43 0 0 0 10 38 35 76 38 52 0 0 0 10 60 15 39 63 8 0 10 59 78 54 100 41 33 29 69 57 87 69 22 8 56 48 15 19 42 36 20 100 97 32 0 0 0 0 0 0
76 35 10 0 0 8 36 63 36 40 87 15 0 11 89 7 0 12 12 44 72 56 14 64 55 58 70 100 76 100 52 52 21 22 63 36 56 85 24 1 53 42 2 0 0 5 0 0 3 14 71 36 28 73 23 3 0 0 0 0 0 3 37 29 0 0 0 37 52 82 81 1 0 40 45 52 81 87 71 34 0 0 0 11 69 71 80 70 94 10 0 0 0 0 0 0
28 0 0 0 0 46 66 20 15 24 74 47 24 0 57 20 12 2 0 22 33 27 9 59 64 67 95 82 83 83 72 9 42 8 48 0 23 82 5 0 1 0 0 0 0 0 4 33 84 100 89 24 21 39 86 0 0 0 0 0 0 0 22 7 0 0 0 12 44 71 34 0 38 70 62 37 72 74 96 12 0 0 0 0 12 78 88 75 79 54 44 2 0 37 14 27
0 0 0 0 0 66 62 42 50 40 69 87 27 18 20 1 0 0 0 8 5 22 59 64 32 37 100 49 28 68 22 0 10 38 25 0 25 34 0 0 0 7 35 55 46 57 91 54 70 92 83 71 23 1 68 66 34 0 0 0 0 0 0 0 0 0 0 0 45 73 0 0 0 0 0 70 98 96 45 38 14 0 0 0 0 17 18 72 57 99 91 32 0 11 18 78
0 0 0 0 0 34 26 89 63 52 11 72 87 68 61 12 0 25 7 17 0 0 54 76 36 70 92 56 71 72 11 18 69 66 6 0 38 14 0 34 48 60 24 43 47 48 25 64 84 51 63 35 74 37 36 72 34 0 0 0 0 0 0 0 0 0 0 0 5 13 0 0 0 4 29 56 92 81 51 94 30 22 0 20 0 12 25 46 72 68 56 59 6 0 0 8
0 0 0 0 0 7 0 20 51 82 39 13 33 52 61 74 18 54 94 26 0 0 21 74 61 32 34 18 60 81 51 50 51 74 46 0 0 0 18 83 67 70 78 78 71 85 61 17 0 0 0 1 86 28 41 100 34 0 0 0 0 0 0 0 0 0 0 0 0 0 0 0 0 5 80 48 94 50 39 45 66 50 74 83 61 13 6 0 0 22 88 74 60 0 0 23
0 0 0 0 0 0 0 0 12 69 50 54 32 45 78 62 68 85 44 0 0 0 0 40 43 44 35 50 76 48 30 63 37 72 24 0 0 0 40 22 0 17 84 7 0 4 0 0 0 0 0 49 38 20 69 100 94 64 6 2 36 63 25 0 0 0 0 0 0 0 0 2 31 58 74 79 54 0 0 30 77 70 63 77 79 74 1 17 0 3 46 87 89 18 33 18
0 0 0 0 0 0 33 0 26 88 76 48 64 91 95 95 44 39 0 0 0 14 72 82 59 77 18 12 36 18 9 32 13 0 0 0 0 1 0 0 0 0 33 42 0 0 0 0 0 0 0 66 32 15 34 95 100 100 91 73 82 42 0 0 0 0 0 0 0 0 3 62 68 46 58 70 71 0 0 0 1 18 48 84 50 77 61 21 3 4 33 92 69 47 36 28
34 77 64 52 57 48 24 2 26 48 60 8 84 79 58 3 0 0 50 24 0 75 77 57 98 68 12 57 40 50 3 0 0 2 19 2 57 50 0 0 0 0 2 26 0 0 0 0 0 0 17 76 12 32 77 100 88 84 85 74 94 12 0 0 0 20 0 0 5 10 12 62 81 60 54 29 1 0 0 0 0 0 0 85 60 59 83 70 23 3 1 13 78 38 34 36
32 11 18 0 11 13 0 0 0 0 0 0 13 7 0 7 48 6 50 15 61 89 88 70 54 40 31 65 15 25 40 48 90 54 40 45 69 10 0 0 0 0 0 0 0 0 0 0 0 36 76 30 44 84 97 80 22 74 58 13 72 36 6 0 0 12 0 0 32 50 56 70 14 0 26 0 0 0 0 0 0 7 26 64 69 93 4 86 90 34 0 0 38 78 98 79
63 63 3 0 0 0 0 0 0 0 0 0 0 13 20 55 55 1 36 68 26 17 9 31 36 80 68 34 40 52 19 34 91 64 74 92 48 6 0 0 0 0 0 0 0 0 0 3 45 74 76 20 89 59 74 43 0 0 56 58 61 43 56 34 36 25 0 12 30 30 12 28 0 0 0 0 0 0 0 0 0 30 74 55 56 97 23 86 78 19 0 19 30 79 80 72
33 5 0 0 0 0 2 1 1 0 12 54 82 98 100 54 61 0 29 68 0 0 0 31 30 38 45 89 37 43 20 69 100 97 70 72 34 2 0 0 0 0 0 0 0 0 0 2 66 100 17 77 100 61 63 20 0 0 11 39 48 52 78 62 40 7 0 0 7 0 0 0 0 0 0 0 0 0 0 0 0 36 74 81 71 90 59 68 76 58 1 0 21 75 62 86
0 0 0 17 31 44 67 59 50 62 36 38 30 80 94 27 39 0 26 82 55 9 0 0 0 0 33 54 52 51 66 100 74 68 58 40 17 5 0 0 0 0 0 0 0 0 8 50 24 78 24 100 77 42 32 8 0 0 7 46 51 70 57 12 0 0 0 0 0 0 0 0 0 0 0 0 0 0 0 0 0 5 6 79 64 88 65 100 74 22 0 0 60 40 68 46
0 0 9 71 97 96 35 43 42 66 30 83 49 33 34 57 27 0 3 72 74 62 38 32 22 9 0 17 16 3 44 10 32 92 68 79 66 2 0 0 0 0 0 0 0 0 11 15 66 42 78 99 59 37 32 0 0 0 8 20 48 92 17 0 0 0 0 0 0 0 0 0 0 0 0 0 0 0 0 0 0 0 0 60 95 46 58 86 60 48 0 1 74 87 84 58
45 16 32 84 35 30 64 44 62 78 62 58 36 1 73 64 6 0 37 100 91 96 75 90 62 30 0 0 0 0 10 0 0 20 68 88 22 0 0 0 0 0 0 0 0 13 15 76 58 58 98 57 37 12 0 0 0 0 0 20 60 86 2 10 5 0 0 0 0 0 2 30 38 18 21 9 0 0 0 0 0 0 10 76 78 9 31 86 42 6 27 14 92 69 65 57
89 25 61 38 14 34 78 42 18 6 98 56 12 0 66 50 0 0 65 82 19 20 26 2 0 0 0 0 0 7 48 0 0 0 33 32 0 0 0 0 0 0 0 0 0 2 69 70 31 98 54 14 0 0 0 0 0 0 0 42 37 56 62 90 54 0 0 0 0 9 26 28 24 62 80 33 0 0 0 0 24 20 55 100 41 22 88 66 72 4 28 49 96 42 49 52
38 7 89 65 69 40 36 0 0 0 24 7 30 40 84 84 47 0 37 90 46 13 0 0 0 0 0 0 0 0 6 0 0 0 4 49 28 0 0 0 0 0 0 0 0 33 79 35 82 100 38 0 0 0 0 0 0 1 23 28 36 26 72 58 0 0 0 0 0 0 0 0 0 0 7 1 0 19 88 84 79 43 86 74 11 5 44 47 82 34 14 62 55 67 64 44
47 8 60 83 70 45 7 0 0 0 18 75 72 80 68 72 75 0 0 83 97 82 26 10 0 0 0 0 0 0 0 0 0 0 0 23 31 0 0 0 0 0 0 0 50 85 47 55 57 39 4 0 0 0 0 0 0 16 24 22 50 60 24 0 0 0 0 0 0 0 0 0 0 0 0 0 0 0 10 42 76 82 56 1 0 1 62 97 99 28 2 47 83 96 38 71
57 46 89 64 61 21 0 0 0 15 74 57 100 90 87 82 70 0 0 66 61 59 82 9 0 0 0 0 0 0 0 0 0 0 0 6 0 0 0 0 0 0 10 31 26 30 63 34 87 0 26 0 0 0 0 0 7 40 42 24 0 2 4 0 0 0 0 0 0 0 0 0 0 0 0 0 0 0 2 39 60 48 0 0 0 13 93 100 62 6 1 51 92 64 14 54
87 39 67 51 33 0 0 0 2 46 84 87 24 45 66 94 84 0 0 65 96 55 81 63 17 11 45 0 0 0 0 0 0 0 0 0 0 0 0 0 23 28 13 0 0 33 49 79 52 0 2 0 0 0 0 0 21 22 29 0 0 0 0 0 0 0 0 0 0 0 0 0 0 0 0 0 0 1 34 77 82 70 0 0 0 39 99 99 24 48 72 96 95 84 25 13
43 73 71 36 87 36 0 0 0 0 45 80 1 28 58 34 87 25 0 11 82 83 61 46 37 38 48 15 38 0 0 0 0 0 0 0 0 0 14 45 46 18 0 0 13 68 38 62 5 0 0 0 0 0 0 0 0 0 0 0 0 0 0 0 0 0 0 0 0 0 0 0 0 0 0 0 0 22 68 59 94 44 0 0 0 50 99 60 6 79 100 99 68 0 0 0
13 46 54 12 67 33 0 0 0 16 50 8 0 8 0 0 64 80 26 1 4 42 41 45 69 56 20 6 8 0 0 0 0 0 0 0 0 0 29 1 0 0 0 0 0 47 92 5 0 0 0 0 0 0 0 0 0 0 0 0 0 0 0 0 0 0 0 0 0 0 0 0 0 0 0 0 0 67 66 87 32 0 2 14 48 48 74 34 2 52 100 71 13 0 0 0
2 40 77 73 56 22 0 0 0 3 26 0 0 0 0 12 86 99 46 0 0 8 57 82 80 60 66 41 13 1 24 16 38 8 0 0 0 0 0 0 0 0 0 0 2 72 44 0 0 0 0 0 0 0 0 0 0 0 0 0 0 0 0 0 0 0 5 10 4 0 0 0 5 3 0 0 13 50 82 88 28 15 27 49 60 18 12 0 0 58 100 54 3 3 14 0
80 75 18 2 0 0 0 0 0 0 0 0 0 0 0 43 71 72 78 0 4 42 73 50 90 47 68 68 30 46 57 64 81 69 27 0 0 0 0 0 0 0 0 0 0 5 0 0 0 0 0 0 0 0 0 0 0 0 0 0 0 0 0 0 0 0 90 55 36 61 28 44 92 45 17 12 20 84 78 75 38 72 97 54 24 0 0 0 29 100 74 17 40 41 49 33
74 66 2 0 0 0 0 0 0 0 0 0 0 0 0 0 1 87 71 28 26 87 79 40 40 16 0 0 0 8 74 11 6 0 0 0 0 0 0 0 0 0 0 0 0 0 0 0 0 0 0 0 0 0 0 0 0 0 0 0 0 0 0 0 32 48 98 70 42 6 30 29 97 80 56 48 44 96 69 76 83 64 27 2 10 38 52 90 60 91 72 52 64 43 38 50
100 86 11 0 0 0 0 0 0 0 0 0 0 0 0 0 6 61 69 51 40 59 55 33 17 0 0 0 0 21 40 0 0 0 0 0 0 0 0 0 0 0 0 0 0 0 0 0 0 0 0 0 0 0 0 0 0 0 0 0 0 0 0 0 5 78 30 55 68 6 46 79 45 14 63 46 44 63 60 50 4 0 0 23 59 99 100 62 72 64 83 91 100 88 82 94
55 18 8 20 26 0 0 0 0 0 0 0 0 0 0 0 0 10 67 79 24 73 0 0 0 0 0 0 3 91 33 0 0 0 0 0 0 0 0 0 0 0 0 0 0 0 0 0 0 0 0 0 0 0 0 17 52 1 0 0 29 0 0 2 8 76 62 55 66 76 99 96 75 44 50 75 80 49 42 78 44 41 66 95 100 100 81 56 38 84 90 62 48 74 91 82
87 31 47 56 62 1 0 0 0 0 0 0 0 0 0 0 0 2 68 98 14 93 42 0 0 0 0 0 0 52 13 0 0 0 0 0 0 0 0 0 0 0 0 0 0 0 0 0 0 0 0 0 0 2 9 30 80 20 0 5 74 4 18 63 46 50 56 47 97 100 92 84 72 71 78 100 62 20 40 100 94 80 74 65 92 64 41 42 28 82 86 69 71 40 59 75
36 2 14 19 76 6 0 0 0 0 0 0 0 0 0 2 51 63 100 100 52 62 99 51 3 0 0 0 0 0 0 0 0 0 0 0 0 0 0 0 0 0 0 0 0 0 0 0 0 0 0 0 0 19 34 66 65 65 0 23 100 40 88 89 42 6 11 64 91 97 83 94 89 60 99 100 84 44 16 98 90 80 59 18 20 0 24 48 64 43 46 16 54 51 98 69
38 59 58 68 17 70 46 9 0 0 0 0 0 0 0 0 0 29 45 32 66 88 23 73 91 4 0 0 0 0 0 0 0 0 0 0 0 0 0 0 0 0 0 0 0 0 0 0 0 0 0 0 0 4 40 79 44 59 35 66 100 44 64 99 40 2 63 51 67 81 96 89 57 56 61 83 96 62 75 67 34 32 22 6 0 0 11 88 48 30 33 0 0 7 34 8
16 13 19 30 56 72 58 36 31 4 0 0 0 0 0 0 0 0 0 0 1 87 73 44 98 21 0 0 0 0 0 0 0 0 0 0 0 0 0 0 0 0 0 0 0 0 0 0 0 0 0 4 27 8 3 35 31 42 42 81 61 63 66 69 53 78 38 18 26 19 46 54 40 40 38 90 80 68 81 69 96 94 25 30 40 1 0 0 36 30 42 10 0 0 0 0
0 0 0 0 0 10 52 10 8 0 0 0 0 0 0 0 0 0 0 0 0 33 87 28 99 34 0 0 0 0 10 12 4 0 0 0 0 0 0 0 0 0 0 0 0 0 0 0 0 0 0 12 61 30 0 27 24 26 70 80 58 50 61 38 30 30 17 58 70 80 60 61 28 50 80 97 96 64 97 88 100 98 34 58 94 12 0 18 88 53 18 44 0 0 0 0
0 0 0 0 0 0 0 0 0 0 0 0 0 0 0 0 0 0 0 0 1 48 86 33 93 83 32 0 0 22 81 53 2 0 0 0 0 0 0 0 0 0 0 0 0 0 0 0 0 6 32 16 65 15 41 60 45 44 68 48 54 56 47 22 45 20 17 76 46 62 92 78 68 14 75 99 100 87 74 94 72 72 68 86 91 55 0 2 30 63 73 42 0 0 0 0
0 0 0 0 0 0 0 0 0 0 0 0 0 0 0 0 0 0 0 15 48 91 94 56 44 85 63 39 71 40 54 9 0 0 0 0 0 0 0 0 0 0 0 0 0 0 7 17 24 45 70 79 59 12 56 80 62 60 70 53 52 64 96 48 28 16 79 42 36 30 27 58 72 0 56 80 100 62 62 96 61 56 12 60 78 61 13 0 0 16 26 19 17 0 0 0
0 0 0 0 0 0 0 0 0 0 0 0 0 0 0 0 0 0 2 58 84 81 50 81 55 66 80 76 61 11 0 0 0 0 0 0 0 0 0 0 29 0 0 0 7 39 71 86 92 33 72 14 54 62 68 66 93 46 18 5 48 42 35 33 73 60 24 83 80 10 0 0 4 0 6 84 100 66 48 34 73 69 1 82 96 72 32 0 0 26 12 44 39 0 0 0
0 0 0 0 0 0 0 0 0 0 0 0 0 0 0 0 0 0 0 53 52 82 89 42 0 11 74 76 0 0 0 0 0 0 0 0 0 0 0 0 42 4 6 45 66 79 76 12 11 12 67 82 64 56 41 24 4 2 20 0 0 0 13 53 100 92 50 76 69 31 0 0 0 29 42 100 99 32 22 25 33 40 10 37 77 94 39 0 0 45 30 84 20 0 0 0
0 3 0 0 0 0 0 0 0 0 0 38 18 0 0 0 0 0 4 22 50 98 37 2 0 1 26 28 0 0 0 0 0 0 0 0 0 0 0 11 72 64 96 72 31 13 7 56 58 69 100 80 87 20 66 42 64 1 0 0 0 0 16 21 64 83 61 80 57 14 0 0 0 76 85 93 50 0 15 13 50 30 28 17 99 77 26 0 0 25 24 60 50 0 0 0
42 84 8 0 0 0 0 0 0 0 0 0 8 0 0 0 0 0 49 76 66 57 0 0 0 0 0 0 0 0 0 0 0 0 0 0 0 0 3 66 100 88 28 6 2 36 78 64 59 85 87 91 64 67 97 74 39 0 0 8 6 0 0 15 88 28 78 39 9 0 0 0 24 83 88 50 0 0 37 7 24 10 36 8 83 47 54 2 0 0 24 28 67 0 0 0
27 33 48 5 0 0 0 0 0 0 0 0 0 22 13 8 32 6 93 33 73 12 0 0 0 0 0 0 0 0 0 0 0 0 0 0 0 62 94 100 70 73 57 45 53 96 86 34 78 78 47 2 0 92 31 14 30 0 0 10 9 0 5 45 43 57 57 82 0 0 0 0 28 48 98 46 0 0 38 44 22 14 38 2 64 98 76 35 33 18 46 64 34 0 0 0
