data/habitatmaps/RS_maps/habitat_Fringilla.coelebs_2003.asc
NCOLS 369 
NROWS 228 
XLLCORNER 479000 
YLLCORNER 73000 
CELLSIZE 1000 
NODATA_value -9 
[rows 122 to 182 of 228, columns 192 to 287 of 369]
0 0 0 0 0 0 0 0 0 0 0 0 0 0 0 0 0 0 0 53 52 82 89 41 0 10 74 76 0 0 0 0 0 0 0 0 0 0 0 0 42 4 6 45 66 79 78 30 41 15 67 81 64 56 41 25 12 17 20 0 0 0 13 53 100 92 50 76 69 31 0 0 0 29 58 100 99 41 44 34 37 41 16 37 77 90 26 0 0 45 63 93 20 0 0 0
0 3 0 0 0 0 0 0 0 0 0 38 18 0 0 0 0 0 0 21 51 98 37 2 0 1 26 28 0 0 0 0 0 0 0 0 0 0 0 11 72 64 96 73 33 36 28 80 76 72 100 79 87 19 66 42 64 1 0 0 0 0 16 21 78 88 61 80 57 14 0 0 0 77 100 93 50 0 18 23 82 33 49 17 99 81 48 1 22 44 51 68 49 0 0 0
43 84 12 0 0 0 0 0 0 0 0 0 8 0 0 0 0 0 50 76 75 56 0 0 0 0 0 0 0 0 0 0 0 0 0 0 0 0 3 66 100 88 28 11 9 36 92 100 100 85 87 91 64 67 97 74 39 0 0 8 6 0 0 15 88 30 78 39 9 0 0 0 24 85 100 50 0 0 37 7 27 48 36 19 90 68 67 3 28 38 90 86 71 0 0 0
24 32 48 5 0 0 0 0 0 0 0 0 0 22 18 8 32 7 94 50 86 12 0 0 0 0 0 0 0 0 0 0 0 0 0 0 0 62 94 100 71 73 60 45 41 94 93 34 87 70 47 2 0 92 31 14 30 0 0 10 6 21 8 45 43 57 76 82 0 0 0 0 24 49 99 46 0 1 38 44 23 52 48 36 71 98 75 36 62 41 50 66 66 0 0 0
0 0 0 0 0 0 0 0 0 0 0 0 0 12 25 50 96 83 65 95 39 0 0 0 0 0 0 0 0 0 0 0 0 0 0 4 36 88 39 67 91 97 46 100 73 92 50 1 23 26 2 0 3 68 7 0 0 0 0 0 0 16 66 63 57 73 100 54 0 0 0 1 32 78 50 3 0 16 34 42 43 64 68 49 52 100 65 61 71 67 62 87 58 0 0 0
0 0 0 0 0 0 0 0 0 0 0 0 0 0 0 10 61 63 53 26 0 0 0 0 0 0 0 0 0 0 0 0 0 0 27 92 78 43 68 100 86 68 58 48 45 91 49 1 0 0 0 0 0 12 0 0 0 0 0 0 0 16 53 30 86 100 100 81 0 0 0 9 33 97 29 0 0 0 0 0 24 68 100 93 73 74 97 82 39 28 78 82 71 6 0 16
0 0 0 0 0 0 0 0 0 0 0 0 0 0 0 0 67 44 66 6 0 0 0 0 0 0 0 0 0 0 0 0 0 32 53 51 47 90 100 16 0 0 7 46 68 93 95 30 0 0 0 0 0 0 0 0 0 4 12 48 49 43 39 73 86 79 100 61 14 0 0 24 33 87 6 38 33 23 10 59 96 100 95 65 100 100 100 96 29 54 86 52 82 63 55 74
0 0 0 0 0 0 0 0 0 0 0 0 0 0 0 0 54 66 60 10 0 0 0 0 0 0 0 0 0 6 1 23 24 27 76 4 57 87 69 68 0 0 0 15 62 11 81 7 0 0 0 0 0 0 0 0 3 36 14 65 86 67 46 74 32 8 79 57 0 0 16 37 56 58 0 38 68 100 100 100 100 100 67 97 70 70 50 73 95 57 39 46 37 93 78 77
0 0 0 0 0 0 0 0 0 0 0 0 0 0 0 1 54 76 20 0 0 0 0 0 0 0 0 0 19 26 39 61 20 70 48 57 78 11 19 61 0 0 0 0 0 22 17 60 0 0 0 0 0 0 22 34 75 31 40 75 100 100 72 79 4 0 21 2 0 0 7 89 18 35 82 4 81 88 78 67 32 78 97 100 95 51 78 100 100 73 83 74 33 35 55 80
0 0 0 0 0 0 0 0 0 0 0 0 0 1 73 77 85 69 25 0 0 0 0 0 0 0 0 1 11 20 80 61 57 98 100 97 37 39 19 33 0 0 0 0 0 0 8 68 10 0 0 0 0 30 71 88 57 19 77 80 38 100 98 62 58 9 0 0 0 13 41 46 0 1 14 0 22 1 0 0 0 50 97 93 66 19 85 74 86 42 39 74 32 42 56 70
0 0 0 0 0 0 0 0 0 0 0 0 6 0 0 56 49 17 0 0 0 0 0 0 0 1 37 35 46 22 38 96 47 73 27 70 40 36 0 11 0 0 0 0 0 0 12 50 0 0 0 0 0 0 8 8 58 89 44 15 11 98 100 95 35 0 0 0 0 43 50 11 0 0 0 0 0 0 0 13 59 1 85 98 88 1 13 5 61 84 37 18 77 100 100 100
0 0 0 0 0 0 0 0 0 0 0 0 24 0 0 0 0 0 0 0 0 0 0 0 0 13 9 8 2 0 0 9 0 1 0 6 39 56 1 0 0 0 0 0 0 0 0 15 2 0 0 0 0 0 0 50 53 19 2 0 1 51 100 63 0 0 0 0 0 34 6 0 0 0 0 0 0 0 1 43 55 19 28 73 97 22 0 2 15 85 100 56 94 100 87 79
0 0 0 0 0 0 0 0 0 0 0 0 0 0 0 0 4 40 3 0 0 0 0 0 0 0 0 0 0 0 0 0 0 0 0 0 58 69 22 0 0 0 0 0 0 0 0 0 0 0 0 0 0 0 33 98 32 0 0 0 0 40 100 62 0 0 0 0 0 0 0 0 0 0 0 0 0 0 56 69 21 0 43 100 96 24 0 0 8 79 100 89 39 98 54 13
0 0 0 0 0 0 0 0 0 0 0 0 0 0 0 0 18 67 0 0 0 0 0 0 0 0 0 0 0 0 0 0 0 0 0 6 45 0 0 0 0 0 0 0 0 0 0 0 0 0 0 0 0 0 22 64 4 0 0 0 0 7 44 47 0 0 0 0 0 0 0 0 0 0 0 0 0 0 18 39 38 37 87 59 4 0 0 0 1 20 67 95 8 70 100 8
0 0 0 0 0 0 0 0 0 0 0 0 0 0 0 9 6 38 63 30 0 0 0 0 0 0 0 0 0 0 0 0 0 0 0 0 48 0 0 0 0 0 0 0 0 0 0 0 0 0 0 0 0 0 4 7 0 0 0 0 0 27 46 56 0 0 0 0 0 0 0 0 0 0 0 0 0 13 85 96 93 8 88 49 0 0 0 0 0 2 62 65 21 46 99 88
0 0 0 0 0 0 0 0 0 0 0 0 0 0 0 14 1 0 0 4 0 0 0 0 0 0 0 0 0 0 0 0 0 0 0 0 13 0 0 0 0 0 0 0 0 0 0 0 0 0 0 0 0 0 0 0 0 0 0 0 0 17 43 48 0 0 0 0 0 0 0 0 0 0 0 0 0 2 8 73 96 47 100 48 0 0 0 0 0 39 79 70 4 27 83 97
0 0 0 0 0 0 0 0 0 0 0 0 0 0 0 0 0 0 0 0 0 0 0 0 0 0 0 0 0 0 0 0 0 0 0 0 0 0 0 0 0 0 0 0 0 0 0 0 0 0 0 0 0 0 0 0 0 0 0 9 44 90 58 0 0 0 0 0 0 0 0 0 0 0 0 0 0 0 8 99 66 76 86 8 0 0 0 0 0 60 85 47 1 16 80 63
0 0 0 0 0 0 0 0 0 0 0 0 0 0 0 0 0 0 0 0 0 0 0 0 0 0 0 0 0 0 0 0 0 0 0 0 0 0 0 0 0 0 0 0 0 0 0 0 0 0 0 0 0 0 0 0 0 0 0 68 84 40 46 6 0 0 0 0 0 0 0 0 0 0 0 0 0 0 7 99 76 90 83 0 0 0 0 0 0 0 6 47 58 34 30 53
0 0 0 0 0 0 0 0 0 0 0 0 0 0 0 0 0 0 0 0 0 0 0 0 0 0 0 0 0 0 0 0 0 0 0 0 0 0 0 0 0 0 0 0 0 0 0 4 12 0 0 0 0 0 0 0 0 0 42 40 1 0 0 0 0 0 0 0 0 0 0 0 0 0 0 20 58 22 10 86 75 95 68 3 0 0 0 0 0 0 0 22 68 99 98 53
0 0 0 0 0 0 0 0 0 0 0 0 0 0 0 0 0 0 0 0 0 0 0 0 0 0 0 0 0 0 0 0 0 0 0 0 0 0 0 0 0 0 9 34 12 0 35 43 10 0 0 0 0 0 0 0 0 22 14 0 0 0 0 0 0 0 0 0 0 0 0 0 0 0 37 68 6 65 64 48 89 100 99 23 0 0 0 0 0 0 0 50 90 30 89 96
0 0 0 0 0 0 0 0 0 0 0 0 0 0 0 0 0 0 0 0 0 0 0 0 0 0 0 0 0 0 0 0 0 0 0 0 0 0 0 0 10 13 77 44 63 7 17 55 0 0 0 0 0 0 0 0 0 0 0 0 0 0 0 0 0 0 0 0 0 0 0 0 17 43 77 81 88 67 100 86 87 83 55 16 0 0 0 0 0 0 0 81 13 0 45 90
0 0 0 0 0 0 0 0 0 0 0 0 0 0 0 0 0 0 0 0 0 0 0 0 0 0 0 0 0 0 0 0 0 0 0 0 0 0 0 21 82 54 72 54 92 44 17 9 0 0 0 0 0 0 0 0 0 0 0 0 0 0 0 0 0 0 0 0 17 24 18 45 38 38 91 83 22 11 47 1 21 95 97 17 0 0 0 0 0 0 4 15 0 0 68 62
0 0 0 0 0 0 0 0 0 0 0 0 0 0 0 0 0 0 0 0 0 22 5 0 0 0 0 0 0 0 0 0 0 9 0 0 0 0 0 2 37 55 82 61 52 9 0 0 0 0 0 0 0 0 0 0 0 0 0 0 0 0 0 0 0 0 0 21 56 60 16 82 66 92 28 7 0 0 0 0 0 73 58 0 0 0 0 0 0 0 0 0 0 0 6 79
0 0 0 0 0 0 0 0 0 0 0 0 0 0 0 0 0 1 14 34 24 86 10 0 0 1 0 0 0 0 0 0 1 48 46 14 0 0 0 71 51 6 11 44 34 18 0 0 0 0 0 0 0 0 0 0 0 0 0 0 0 0 0 0 16 19 0 8 14 4 0 8 2 41 0 0 0 0 0 0 5 82 19 0 0 0 0 0 0 0 0 0 0 0 4 91
80 9 0 0 0 0 0 0 0 0 0 0 0 0 0 0 0 18 30 85 50 70 6 23 59 40 6 0 0 0 0 0 0 8 87 36 9 0 46 85 72 60 40 66 88 21 0 0 0 0 0 0 0 0 0 0 0 0 0 0 0 0 0 0 62 40 23 29 0 0 0 0 0 0 0 0 0 0 0 0 13 96 61 2 0 0 0 0 0 0 0 0 0 0 41 58
80 42 1 0 0 0 0 0 0 0 0 0 0 7 26 35 77 65 23 66 68 64 56 45 72 76 44 22 1 0 0 0 0 0 0 25 52 62 25 53 80 73 88 100 67 88 19 0 0 0 0 0 0 0 0 0 0 0 0 0 0 0 0 0 0 16 2 0 0 0 0 0 0 0 0 0 0 0 0 0 16 70 74 45 1 0 0 0 0 0 0 0 0 3 84 88
36 63 17 0 0 0 0 0 0 0 0 0 40 59 59 66 97 95 90 61 74 72 69 94 61 57 60 78 46 0 0 0 0 0 0 0 8 26 12 12 3 66 100 100 86 84 63 0 0 0 0 0 0 0 0 0 0 0 0 0 0 0 0 0 0 0 0 0 0 0 0 0 0 0 0 0 0 0 0 0 0 0 0 36 99 62 50 0 0 0 0 0 0 0 15 20
0 1 14 0 0 0 0 0 0 0 0 9 51 74 81 58 20 0 0 3 61 84 88 100 85 63 35 27 31 63 13 25 5 9 0 0 0 0 0 0 0 1 46 93 94 100 89 8 7 0 0 0 0 0 0 0 0 0 0 0 0 0 0 0 0 0 0 0 0 0 0 0 0 0 0 0 0 0 0 0 0 0 0 2 77 56 0 0 0 0 0 0 0 0 0 0
0 0 0 0 0 0 0 0 12 69 39 83 50 7 2 0 0 0 0 0 10 56 97 73 100 100 98 76 73 94 100 74 61 82 83 23 8 0 0 0 19 28 0 26 77 100 100 67 46 0 0 0 0 0 0 0 0 0 0 0 0 0 0 0 0 0 0 0 0 0 0 0 0 0 0 0 0 0 0 0 0 0 0 0 46 63 5 0 0 0 0 0 0 0 0 0
0 0 0 0 0 0 0 0 82 53 66 26 0 0 0 0 0 0 5 2 0 1 14 1 37 41 30 78 92 100 90 77 85 100 90 47 87 11 0 0 49 67 57 73 47 100 96 36 0 0 0 0 0 0 0 0 0 0 0 0 0 0 0 0 0 0 0 0 0 0 0 0 0 0 0 0 0 0 0 0 0 0 0 0 2 69 53 6 0 0 0 0 0 0 0 0
0 0 0 0 0 0 0 9 56 3 0 0 0 0 0 0 0 7 50 75 43 8 0 0 0 0 0 22 96 76 53 72 100 100 100 85 77 67 18 6 64 31 91 39 46 95 51 0 0 0 0 0 0 0 0 0 0 0 0 0 0 0 0 2 0 0 0 0 0 0 0 0 0 0 0 0 0 0 0 0 0 0 0 0 0 5 49 57 34 0 0 0 0 0 0 0
0 0 0 0 0 0 0 41 0 0 0 0 0 0 0 0 0 0 0 24 68 44 22 0 0 0 0 0 36 99 90 45 83 100 62 76 77 94 19 14 27 69 95 42 57 100 38 0 0 0 21 36 6 0 0 0 0 0 0 0 0 0 6 36 18 0 0 0 0 0 0 0 0 40 29 3 0 0 0 0 0 0 0 0 0 0 18 0 26 7 0 0 0 0 0 0
0 0 0 0 0 0 0 0 0 0 0 0 0 0 0 0 0 0 0 0 41 62 56 36 0 0 0 0 3 55 81 100 100 100 100 97 99 99 43 12 14 32 69 56 86 100 62 0 0 0 1 58 59 21 0 0 0 0 0 0 0 0 27 100 49 0 0 0 0 0 0 0 8 66 36 1 0 33 9 0 0 0 0 0 0 0 0 0 0 0 0 0 0 0 0 0
0 0 0 0 0 0 0 0 0 0 0 0 0 0 0 0 0 0 0 0 0 4 36 79 70 17 0 0 0 14 65 83 100 62 62 69 100 100 75 13 0 37 95 61 93 100 100 77 6 0 0 44 60 0 0 0 0 0 0 0 0 0 27 77 100 18 0 0 0 0 0 0 14 29 29 42 34 60 6 0 0 0 0 0 0 0 0 0 0 0 0 0 0 0 0 0
0 0 0 0 0 0 0 0 0 0 0 0 0 0 0 0 15 45 46 0 0 0 50 66 58 0 0 0 0 33 61 22 36 74 93 69 86 100 88 67 1 14 100 100 97 100 100 92 58 9 30 34 60 9 0 0 0 0 0 0 0 0 16 85 60 34 26 0 0 0 2 19 89 58 66 66 88 58 0 0 0 0 0 0 0 0 0 0 0 0 0 0 0 0 0 0
0 0 0 0 0 0 0 0 0 0 0 0 0 0 0 0 3 0 74 0 0 48 92 96 78 0 0 0 0 0 0 0 0 3 70 73 88 100 100 97 66 10 100 100 98 99 65 80 68 79 70 66 79 24 0 0 0 0 3 28 20 4 4 80 92 80 97 26 13 0 3 24 10 0 41 77 69 68 26 0 0 0 0 0 0 0 0 0 0 0 0 0 0 0 0 0
0 0 0 0 0 0 0 0 0 0 0 1 11 0 0 0 19 33 65 0 1 66 88 82 82 0 0 0 0 0 0 0 0 2 74 82 96 98 100 97 87 89 57 98 78 83 75 100 61 87 94 100 100 84 36 0 0 0 34 62 6 0 1 60 87 66 69 90 29 0 0 0 0 0 30 76 19 16 5 0 0 0 0 0 0 0 0 0 0 0 0 0 0 0 0 0
0 0 0 0 0 0 0 0 0 0 0 41 83 12 5 0 0 81 79 71 75 98 100 95 27 0 0 0 0 0 0 0 0 46 63 10 53 68 100 72 76 68 58 60 75 83 74 73 98 100 100 97 83 22 9 0 0 0 53 68 0 0 0 0 31 98 58 87 48 0 0 0 0 19 84 61 56 58 41 0 0 0 0 0 0 0 0 0 0 0 0 0 0 0 0 0
0 0 0 0 0 0 0 0 0 0 2 46 80 90 41 0 0 9 85 72 100 100 100 59 0 12 15 27 0 0 0 15 44 98 52 66 63 82 92 54 97 60 100 68 68 81 62 41 89 79 67 31 31 55 0 0 0 1 89 79 10 0 0 0 41 74 54 73 44 0 0 0 0 2 56 59 69 88 86 31 0 0 0 0 0 0 0 0 0 0 0 0 0 0 0 0
0 0 0 0 2 0 0 0 0 0 0 17 75 100 52 0 0 0 31 45 99 100 85 86 21 75 100 42 0 0 0 0 3 15 17 41 48 98 100 44 59 68 100 100 88 97 96 37 100 69 85 43 12 0 0 0 0 19 91 87 81 4 0 5 83 95 66 91 42 0 0 0 0 2 44 48 71 77 2 0 0 0 0 0 0 0 0 0 0 0 0 0 0 0 0 0
0 0 0 0 52 1 0 0 0 0 0 4 44 100 66 17 0 0 0 7 78 100 82 97 100 100 56 4 0 0 1 0 1 0 0 5 58 78 86 100 47 85 100 100 100 100 94 99 91 35 26 61 87 66 13 0 0 36 100 47 16 0 0 0 38 86 66 67 85 0 0 0 0 0 7 78 92 54 12 0 0 0 0 0 0 0 0 0 0 0 0 0 0 0 0 0
0 0 0 10 46 56 1 0 0 0 0 3 58 100 100 54 34 1 10 2 62 100 100 70 68 100 64 0 0 0 24 61 87 63 0 0 0 32 22 95 100 97 92 94 100 100 68 87 100 100 86 78 58 98 87 11 1 53 71 58 0 0 0 13 93 100 63 88 74 0 0 0 0 0 22 77 55 43 25 21 0 0 0 0 0 0 0 0 0 0 0 0 0 0 0 0
0 0 0 5 55 65 2 0 0 0 0 0 55 93 100 100 100 75 87 4 49 100 86 98 26 90 59 0 0 0 0 4 34 47 38 0 0 24 22 36 66 100 92 24 90 100 100 100 88 58 53 92 96 67 13 0 5 79 55 75 15 0 0 38 100 98 60 100 74 1 0 0 0 0 15 60 66 61 68 50 8 0 0 0 2 0 0 0 0 0 0 6 11 36 40 38
0 0 11 69 49 84 19 0 0 0 0 0 43 62 100 98 94 100 44 63 97 99 80 95 35 3 0 0 0 0 0 1 58 76 71 0 0 0 1 24 100 72 42 91 63 60 100 100 52 6 0 9 70 20 0 0 6 88 70 85 59 0 0 43 98 95 58 100 93 76 4 0 2 38 38 69 78 64 70 6 0 19 40 3 56 4 20 33 38 30 61 49 89 93 100 100
0 0 0 0 53 59 30 0 0 3 67 54 69 61 32 85 92 100 81 60 85 92 64 39 1 0 0 0 38 38 80 76 69 100 59 0 0 0 0 11 80 51 70 100 100 57 62 97 96 37 0 3 7 0 0 0 2 94 80 97 26 0 36 80 100 79 86 100 100 100 48 0 13 98 98 100 100 86 55 20 40 50 73 35 67 16 82 69 95 85 71 39 70 59 41 66
0 0 0 3 43 66 32 0 0 0 32 64 30 1 7 45 81 100 100 100 100 100 86 76 32 0 0 0 0 72 100 100 62 78 26 15 4 0 0 84 100 92 100 100 100 100 36 75 100 23 0 0 0 2 0 1 54 99 100 84 4 0 16 96 100 92 100 99 96 52 67 0 0 69 80 96 100 100 98 89 98 90 99 97 62 66 90 68 66 72 55 47 86 98 98 89
26 8 25 89 76 100 21 0 0 0 0 0 0 2 0 0 30 100 100 100 100 99 84 21 0 0 5 0 0 5 54 47 96 66 99 89 27 0 8 94 100 100 59 50 100 100 69 68 100 86 89 98 70 19 0 4 78 100 67 81 19 0 46 100 86 63 100 100 50 87 12 0 0 2 1 75 100 100 73 73 52 52 55 58 65 60 68 77 96 100 100 100 86 97 70 1
48 60 63 75 90 100 57 0 0 44 18 54 40 87 33 0 53 100 100 100 100 98 36 0 0 10 39 0 0 0 0 17 86 85 100 65 1 0 31 5 35 29 5 86 100 100 57 93 100 100 100 75 22 0 0 5 68 91 77 100 13 0 50 100 47 80 100 100 100 88 3 0 4 66 68 98 100 100 77 99 100 100 97 100 98 81 96 88 67 90 97 61 34 79 36 11
19 86 90 75 67 13 9 0 4 45 36 57 100 100 98 25 93 100 100 100 92 65 3 0 0 0 64 58 7 22 6 13 85 77 100 27 0 0 0 0 0 0 27 94 94 100 80 85 100 100 100 97 94 38 0 3 62 74 88 68 2 0 67 99 52 100 100 100 100 68 1 1 10 84 100 100 100 100 64 68 78 98 79 100 100 91 89 48 73 60 15 0 0 0 0 0
92 82 99 29 0 0 0 0 33 18 22 64 82 52 99 98 100 100 76 100 100 100 72 19 54 0 8 38 58 83 56 38 100 71 100 43 0 0 0 0 0 0 0 3 27 100 91 88 100 100 100 100 70 23 0 29 93 100 57 80 1 56 94 63 57 100 100 100 64 36 0 0 70 97 100 100 100 57 5 73 97 100 100 96 38 61 57 0 0 0 0 0 0 0 0 0
78 92 66 22 0 0 0 0 21 58 44 81 90 78 99 100 100 100 96 37 96 100 84 43 94 13 19 8 34 76 100 74 96 72 84 13 6 35 0 30 22 0 0 44 71 87 79 79 74 100 100 78 3 0 0 59 100 100 62 90 35 98 79 59 65 100 100 90 34 8 0 3 42 74 43 90 98 42 4 80 100 97 100 46 0 4 7 0 0 0 24 30 0 0 0 0
85 56 35 4 0 0 0 4 56 85 82 100 100 100 92 75 90 100 100 69 47 83 100 85 90 89 93 23 0 6 41 100 72 72 34 0 54 98 5 89 53 0 69 100 100 100 100 55 42 100 100 94 19 0 36 81 100 100 100 85 67 88 69 93 100 80 58 60 11 0 0 8 43 66 55 72 88 29 1 57 99 54 55 22 0 0 0 0 0 16 84 12 0 0 0 0
96 57 4 0 0 1 4 56 97 35 85 100 100 100 38 15 25 45 100 100 100 96 74 98 100 100 35 34 20 4 4 73 98 60 29 0 34 92 38 95 20 0 31 60 100 100 100 65 59 76 100 100 92 7 42 100 100 100 100 78 56 94 59 100 82 19 0 3 0 0 5 19 64 85 76 100 100 69 27 60 78 36 37 7 11 6 34 42 33 63 92 7 0 0 0 0
89 20 0 0 4 44 93 99 60 100 38 17 57 41 10 0 1 76 100 100 100 100 100 71 100 100 54 80 98 15 0 14 100 98 87 2 54 100 100 50 6 8 1 52 96 86 100 100 62 58 100 100 97 34 40 100 100 100 94 87 88 71 68 100 98 87 38 0 0 10 60 99 65 63 98 71 99 100 24 0 48 72 39 45 49 0 8 38 69 94 84 6 0 0 4 1
100 96 0 0 33 96 65 30 77 40 0 0 0 0 0 0 12 51 85 100 100 100 100 99 76 94 80 77 100 84 29 0 54 100 100 73 60 100 80 85 92 15 0 3 68 100 100 100 100 36 78 100 100 80 57 100 100 89 37 84 92 48 100 100 100 100 83 10 0 46 86 8 83 42 88 38 88 100 57 2 0 79 74 60 44 0 48 76 50 64 52 0 0 18 57 27
95 71 1 0 14 28 48 0 0 0 0 0 0 0 0 0 29 85 37 3 19 51 100 100 100 59 83 60 100 100 96 51 0 64 98 100 100 100 100 84 38 31 20 0 2 80 99 93 100 100 70 76 99 100 100 100 100 75 95 100 93 49 100 87 40 60 100 43 0 40 11 34 61 10 20 91 98 100 100 38 0 32 64 71 68 36 73 42 8 0 0 0 0 34 72 78
72 70 0 0 0 0 0 0 0 0 21 62 54 73 53 37 67 100 85 46 13 60 100 100 100 98 84 90 100 100 81 55 0 8 24 74 73 100 100 84 1 0 0 0 0 9 42 32 92 100 97 40 68 100 100 100 100 100 100 100 93 40 89 100 95 12 34 98 34 0 3 0 2 1 0 0 41 73 100 96 55 18 0 52 80 41 98 53 74 34 0 0 0 0 38 30
86 100 46 32 67 4 0 0 0 0 8 48 100 73 97 98 100 100 71 93 93 98 94 59 90 100 100 64 100 100 100 98 15 0 0 24 37 99 100 62 15 0 0 0 0 0 1 20 100 100 100 65 53 99 100 95 54 48 32 86 100 100 100 100 97 13 1 25 6 0 0 2 15 0 0 0 0 13 70 86 92 -9 3 16 42 35 94 52 37 1 0 0 0 0 0 2
100 62 0 49 86 1 0 0 0 0 0 23 89 97 59 78 100 100 100 100 100 100 24 1 79 100 100 76 62 99 100 100 48 23 25 98 100 89 94 99 68 25 40 7 0 0 5 36 100 100 100 94 53 77 70 83 98 100 94 99 100 100 100 97 54 9 0 0 0 0 53 81 68 37 2 48 9 10 84 100 37 -9 -9 14 66 58 69 96 56 12 0 0 0 0 0 0
99 96 3 65 86 37 37 44 0 0 1 16 0 13 7 40 95 100 100 100 100 100 42 26 78 100 100 100 100 90 100 100 84 20 0 14 74 99 67 100 88 72 99 40 11 18 51 91 100 100 100 100 80 100 100 100 100 100 100 100 100 100 100 41 3 0 0 0 0 1 40 20 48 17 19 47 3 2 46 54 -9 -9 -9 -9 -9 63 91 76 49 20 19 31 0 0 0 11
30 73 71 94 83 87 61 14 8 17 88 100 72 83 89 69 100 100 100 100 94 26 54 98 100 100 100 100 100 100 100 100 100 29 22 23 43 97 68 100 93 78 69 55 77 56 97 100 76 100 100 83 78 100 100 100 100 100 100 100 100 100 100 85 8 0 0 2 20 0 0 7 66 19 36 59 73 78 100 98 -9 -9 -9 -9 -9 -9 100 100 100 93 53 18 0 0 0 40
