data/habitatmaps/RS_maps/habitat_Turdus.torquatus_2011.asc
NCOLS 369 
NROWS 228 
XLLCORNER 479000 
YLLCORNER 73000 
CELLSIZE 1000 
NODATA_value -9 
[rows 120 to 179 of 228, columns 192 to 287 of 369]
45 69 89 91 33 41 69 30 27 69 93 96 92 47 92 89 100 98 59 78 58 91 58 50 13 44 32 39 72 60 100 100 87 2 76 90 100 52 44 30 41 98 72 27 64 95 94 75 23 46 73 77 38 1 23 25 17 55 70 53 52 64 89 46 5 16 79 39 51 97 97 100 78 13 81 67 62 98 56 96 49 2 5 56 83 83 36 62 14 8 15 19 53 23 98 97
98 94 94 98 82 39 33 94 89 84 59 93 98 80 80 46 100 95 45 71 80 44 12 53 77 44 47 75 92 85 100 100 92 6 74 79 94 87 79 58 29 59 62 14 35 75 80 24 42 29 15 4 5 22 44 53 93 46 17 9 67 54 34 13 12 28 21 82 74 43 88 69 28 0 3 25 91 82 16 29 68 0 0 82 96 75 84 15 2 26 11 44 72 67 100 82
95 85 52 73 76 15 67 39 43 46 67 75 61 98 82 38 66 93 25 65 35 56 89 100 100 100 100 100 100 100 98 83 91 53 97 96 47 100 100 52 42 38 88 96 54 45 15 1 0 0 16 66 63 56 41 22 4 25 23 53 83 78 67 54 45 17 42 35 90 76 55 42 23 58 20 71 100 68 7 6 14 0 5 37 77 96 64 0 5 45 30 83 36 92 100 100
40 41 55 96 75 38 74 18 44 29 43 73 59 16 41 100 86 57 49 40 8 88 100 100 100 100 46 96 100 100 85 23 98 100 100 81 99 97 27 41 72 86 98 72 9 2 5 19 6 58 100 80 87 20 65 42 68 76 72 68 29 13 16 18 46 21 30 80 74 94 100 69 15 73 48 100 99 24 13 6 14 1 0 12 82 74 14 46 47 25 23 60 85 55 57 100
44 86 10 69 100 98 84 48 84 51 73 41 43 21 17 26 71 82 100 75 46 100 100 100 100 100 71 91 100 100 94 44 18 45 100 100 96 19 54 82 100 87 27 2 0 17 69 35 32 84 87 98 64 67 98 78 39 29 67 10 6 0 0 2 41 27 78 94 91 85 93 13 28 60 71 100 86 2 37 7 4 2 0 2 71 47 73 54 38 0 13 25 92 16 56 100
96 97 89 64 28 15 57 69 81 69 81 79 66 61 23 84 86 100 97 34 73 100 100 100 95 98 76 93 100 94 58 98 94 100 84 49 36 70 94 97 67 40 17 41 29 77 87 69 75 78 86 37 28 99 60 86 75 44 0 10 11 0 0 12 32 26 95 83 5 17 13 22 80 27 98 81 74 0 38 44 21 11 0 0 64 98 77 87 46 14 39 64 48 93 95 95
82 74 65 88 44 78 84 80 44 45 6 97 66 26 50 77 97 99 53 88 100 91 100 100 92 40 19 65 100 44 59 100 97 23 0 48 45 67 29 31 91 90 20 92 61 100 82 59 88 77 55 6 39 89 52 57 69 24 1 1 0 0 0 21 57 58 98 92 90 83 13 29 35 50 100 87 84 21 33 42 39 41 4 2 50 100 66 74 74 66 58 55 85 100 81 53
95 68 94 97 97 76 93 38 94 100 80 95 100 100 100 96 98 62 10 77 100 75 100 100 100 97 96 97 100 27 43 97 63 21 69 97 77 8 21 57 100 61 10 70 57 95 55 81 58 37 89 43 54 30 28 9 0 0 25 6 0 0 2 12 86 72 48 87 44 58 0 18 33 98 72 60 6 0 0 0 1 4 6 53 62 74 97 82 39 30 78 58 100 100 81 49
90 80 53 55 30 29 74 29 99 83 89 58 84 100 89 43 97 45 64 36 100 97 56 100 100 100 100 46 62 56 12 48 29 73 64 46 1 29 100 98 61 52 47 26 53 93 99 81 96 80 97 74 44 44 10 8 48 1 0 0 0 3 9 73 98 92 50 69 80 42 0 24 30 98 98 83 26 3 0 12 59 68 72 63 100 100 100 96 9 43 86 20 82 91 77 100
78 57 26 14 2 10 18 13 96 23 52 97 77 100 86 99 100 62 76 46 100 100 92 100 100 100 99 43 40 43 15 14 28 70 76 4 1 30 72 76 32 49 63 68 71 41 91 33 95 100 94 19 15 37 7 21 6 30 2 3 28 47 18 72 90 38 98 86 61 10 45 37 58 60 30 64 64 44 60 74 89 100 65 98 52 47 48 72 96 57 39 34 37 100 100 99
60 42 50 68 52 32 0 34 50 62 20 87 81 60 51 100 65 60 64 84 97 100 100 98 79 44 13 19 64 26 0 2 68 82 42 0 2 16 33 97 64 100 89 34 90 94 53 53 34 97 81 54 20 61 99 54 75 28 7 58 100 100 28 92 50 19 48 48 2 2 20 90 63 96 74 78 60 75 50 62 48 96 97 94 68 52 76 100 100 73 83 74 33 39 56 81
83 33 37 16 68 75 67 98 80 94 62 60 15 1 77 80 66 47 83 55 90 100 96 45 0 2 0 1 11 20 66 47 63 98 49 28 16 35 62 72 35 100 84 87 100 92 65 70 40 84 17 0 35 45 63 86 20 12 70 94 90 100 30 36 65 30 31 53 22 37 31 85 67 76 90 97 99 54 0 0 2 65 100 71 18 81 98 74 86 41 39 62 26 40 55 70
4 41 29 30 58 71 100 80 93 91 94 44 18 7 10 68 85 63 88 92 67 27 13 0 0 0 6 22 72 80 46 96 86 100 59 87 41 56 51 38 32 97 100 99 91 48 33 61 92 99 92 61 61 15 0 0 28 95 91 86 90 86 35 42 87 90 82 50 56 60 96 96 99 17 52 100 64 3 0 13 59 1 81 90 66 31 36 5 60 84 34 12 77 100 100 100
2 0 1 32 40 100 50 33 2 8 23 7 45 52 48 88 95 85 51 22 30 59 57 0 0 27 43 82 82 32 15 64 57 100 64 38 54 61 49 44 68 94 92 91 80 83 62 62 38 91 78 1 5 20 0 35 93 100 88 82 59 88 77 75 30 14 76 19 42 50 92 93 71 22 53 53 24 0 0 14 24 3 8 73 97 24 0 2 15 82 87 28 93 100 98 96
0 0 0 18 25 70 99 64 53 46 68 78 95 100 100 80 78 65 9 42 63 49 60 20 83 52 44 49 36 8 18 52 7 58 70 20 72 90 72 95 74 92 99 100 97 79 82 86 23 94 61 14 7 15 52 98 89 97 94 78 36 62 80 31 49 32 27 18 75 9 59 100 98 75 59 0 3 7 39 37 13 0 43 100 99 81 61 0 1 32 89 86 39 64 35 67
0 0 0 4 12 39 98 96 98 100 98 100 100 94 60 16 0 9 21 35 13 97 27 13 28 75 41 99 100 30 22 55 47 56 43 66 49 87 100 100 88 28 57 76 100 69 52 97 96 51 49 2 22 67 54 98 94 100 100 98 32 1 11 61 76 87 59 22 90 51 91 100 63 0 0 0 5 37 19 45 34 23 77 96 70 9 86 7 57 99 100 95 8 47 58 37
12 0 0 15 1 28 65 100 100 97 98 82 70 11 10 4 50 68 53 50 3 56 99 47 11 33 42 90 37 2 39 63 96 42 57 37 68 100 98 31 15 22 71 90 100 100 94 81 25 50 46 41 43 7 15 68 88 99 78 28 0 0 0 76 7 72 74 22 30 19 87 100 59 11 0 2 43 48 89 97 40 2 63 78 39 26 79 33 42 94 92 56 0 5 68 74
37 21 0 26 39 34 91 100 78 76 55 17 9 15 34 48 80 51 83 69 43 33 45 22 3 51 65 97 88 11 87 78 96 60 22 95 58 99 94 48 23 83 99 91 100 100 79 18 10 66 96 51 51 1 32 81 100 87 4 0 0 0 25 83 46 2 36 44 79 58 49 93 71 56 73 82 74 86 62 73 45 29 98 62 4 64 100 20 0 41 79 55 1 0 82 97
62 34 7 29 10 83 97 96 22 0 5 42 66 92 37 46 66 77 97 100 56 16 20 51 12 78 56 60 46 36 96 96 99 19 36 100 68 84 97 100 100 100 65 31 98 100 93 23 3 84 100 99 68 44 89 94 87 48 61 77 46 90 57 2 21 22 64 19 2 33 82 100 100 100 81 28 50 16 25 99 63 64 98 68 46 3 91 26 38 93 97 30 2 0 22 75
40 26 73 48 40 66 91 89 0 0 38 91 94 63 8 63 82 94 97 100 79 2 35 53 45 99 49 94 70 87 98 100 24 13 85 100 96 85 40 74 100 100 50 0 86 50 84 32 0 55 99 100 100 94 95 100 100 90 83 95 99 82 50 8 16 38 50 21 80 90 100 100 100 100 91 7 0 2 67 90 89 90 100 72 72 66 55 22 80 79 54 47 70 24 28 65
51 61 97 62 88 83 20 4 2 10 77 41 99 79 34 87 27 90 100 88 2 13 25 36 91 77 96 100 80 99 75 63 19 64 100 100 100 100 100 100 100 76 3 8 60 33 11 16 61 62 94 100 100 100 100 100 54 81 90 88 54 5 43 22 39 47 31 84 51 36 59 88 100 100 100 72 62 69 70 44 91 99 95 43 38 27 46 73 98 45 0 22 68 99 98 30
92 34 100 92 40 5 32 35 46 23 49 86 70 47 45 94 75 68 88 86 54 4 49 88 73 82 100 100 100 96 31 3 4 86 100 100 100 87 83 92 66 30 47 36 22 0 32 47 8 43 100 94 100 100 99 62 1 71 56 21 49 19 56 87 37 62 100 64 70 89 76 44 49 96 100 73 6 74 96 46 92 100 99 62 39 28 89 100 63 3 0 49 98 98 100 96
64 36 61 43 22 72 28 48 22 30 53 100 81 28 26 19 79 75 95 100 85 61 69 30 98 97 100 100 98 100 92 14 2 39 80 100 100 87 46 48 18 12 82 43 64 28 17 68 8 96 100 62 38 68 63 2 57 28 34 69 99 92 86 54 90 88 38 64 11 29 18 46 52 77 79 80 88 94 100 100 98 83 54 16 60 100 99 88 6 0 0 96 94 42 51 89
59 59 2 34 50 72 41 6 27 18 85 64 10 45 38 82 55 9 40 89 41 14 3 15 83 71 35 57 52 57 34 8 9 0 52 71 94 76 40 49 95 51 71 29 80 48 60 92 89 99 96 53 83 53 77 76 36 76 63 76 37 62 68 42 60 8 0 0 42 7 9 42 17 22 91 97 90 91 100 87 90 95 98 42 5 35 67 36 3 26 17 92 94 20 90 62
40 26 64 76 94 12 2 29 83 14 48 82 99 100 97 56 19 10 38 4 11 21 10 14 1 11 11 62 82 62 14 45 12 2 5 21 30 29 43 34 49 43 41 32 35 24 12 99 100 100 99 46 98 100 99 97 70 100 100 60 82 99 15 7 0 0 18 67 56 36 9 85 84 99 72 67 99 94 88 72 96 96 93 82 65 53 52 4 68 84 72 83 100 85 35 79
0 31 99 64 86 82 58 57 93 86 76 100 100 100 79 3 0 0 12 33 56 81 8 0 0 5 7 3 0 0 64 97 45 25 40 23 26 26 0 48 46 4 6 16 69 66 15 64 98 75 99 91 78 43 96 83 73 100 100 91 97 87 0 4 16 19 2 12 44 18 3 47 53 92 45 100 100 93 99 100 78 97 90 100 69 78 84 32 91 60 64 95 100 87 14 91
24 6 0 70 84 94 75 84 41 74 100 100 100 50 26 30 6 3 32 85 64 68 1 14 48 41 46 37 0 0 0 5 11 26 82 41 12 0 48 85 27 8 10 4 54 42 26 12 90 74 99 100 94 80 64 57 76 98 49 57 91 32 32 8 71 45 38 38 63 81 8 4 28 78 73 100 100 98 100 100 44 99 86 67 75 97 100 32 80 15 71 100 95 15 41 58
26 60 10 52 21 74 93 67 38 94 85 26 21 0 0 5 14 15 8 31 18 69 59 63 68 69 11 34 25 70 68 62 56 60 44 57 47 64 47 57 83 73 65 29 0 16 82 54 11 48 100 100 100 54 46 37 40 98 98 77 56 28 46 42 65 33 9 10 6 31 34 6 55 32 15 74 97 85 98 100 44 93 80 48 4 16 67 97 77 71 100 98 31 4 85 93
64 34 11 14 62 100 100 82 96 95 21 9 34 0 26 53 82 87 100 66 14 51 52 50 22 53 17 68 49 15 49 84 100 90 100 98 63 39 62 27 19 73 100 60 0 15 77 40 7 51 98 62 81 48 71 96 99 97 92 16 22 40 64 37 32 35 83 63 5 29 71 84 100 66 28 100 100 46 80 100 26 72 98 72 99 72 74 58 56 94 100 87 39 46 66 81
13 19 34 45 92 100 100 94 97 78 11 38 47 40 27 53 15 54 80 90 66 64 69 96 68 39 8 14 31 67 20 32 41 10 58 75 92 74 86 71 84 58 53 96 6 0 28 32 12 48 96 26 48 97 96 100 87 77 38 49 38 11 48 0 75 97 88 45 64 64 100 100 100 97 37 100 100 100 83 47 33 100 94 20 96 81 56 86 100 100 61 52 49 88 46 97
56 88 98 100 100 100 98 96 84 49 35 58 37 9 28 70 89 97 66 84 62 85 27 57 58 93 88 68 11 70 63 57 50 68 74 25 20 47 30 58 46 28 5 24 1 0 30 53 60 68 100 54 49 100 98 100 73 44 77 100 100 86 78 8 82 17 17 94 19 84 100 94 76 51 0 11 69 100 48 6 18 100 87 19 84 63 10 22 91 100 100 100 100 82 43 100
18 97 96 96 96 96 97 96 59 27 79 31 74 51 35 98 71 26 9 5 59 92 74 89 56 65 53 58 21 42 31 20 34 60 71 40 87 11 48 3 49 57 12 1 0 0 53 57 58 92 100 98 85 52 35 73 80 68 79 100 100 52 48 2 5 77 97 98 43 83 100 76 51 40 66 44 20 88 89 32 78 100 96 21 34 69 53 6 0 60 100 100 100 90 94 97
44 48 100 97 100 95 77 30 25 65 60 52 100 50 58 68 42 54 57 70 54 26 82 100 99 97 90 45 66 58 52 54 11 18 2 0 33 61 34 4 13 17 0 0 0 58 81 74 97 96 60 71 99 53 69 28 45 63 97 100 92 57 80 49 13 99 100 100 79 100 72 100 78 56 49 57 0 24 88 87 100 100 91 10 65 5 66 91 35 5 53 85 100 100 100 100
30 9 95 36 11 31 5 19 39 66 91 65 100 100 100 83 91 100 100 96 23 54 10 57 96 100 93 48 52 83 87 24 46 23 3 1 26 96 20 14 16 0 0 0 0 85 82 100 100 84 24 46 64 87 54 77 92 98 71 100 100 61 73 86 21 69 100 100 100 78 56 91 74 47 42 11 0 45 98 100 99 90 46 22 72 1 60 96 96 63 3 18 94 100 100 100
8 46 96 49 9 42 73 74 86 100 96 100 100 100 100 100 100 100 100 100 67 40 36 46 43 39 76 99 87 52 84 89 87 59 35 3 26 100 44 58 65 5 0 0 3 80 100 61 100 96 86 78 63 46 49 54 100 80 37 100 89 33 36 49 36 56 99 100 86 66 80 75 31 66 36 1 22 48 73 100 100 90 37 38 47 0 66 96 90 93 75 4 8 40 83 97
50 94 100 100 98 89 55 31 73 96 65 88 87 99 100 100 100 100 100 100 100 75 49 79 38 69 98 100 79 29 81 83 73 60 62 22 16 80 75 48 96 86 53 0 5 74 100 86 53 99 77 78 63 33 82 100 97 42 88 100 93 35 41 77 99 62 99 100 91 91 3 4 14 29 29 42 22 58 89 100 97 83 42 58 62 26 51 47 93 90 87 57 70 41 19 100
79 97 100 96 84 46 62 95 90 98 96 14 35 96 100 25 78 68 92 100 26 30 56 65 88 97 100 80 24 52 90 19 46 54 82 30 0 28 82 69 80 87 89 38 2 1 12 79 69 36 39 40 37 3 40 100 85 48 92 98 95 58 37 68 32 64 81 100 68 28 2 19 89 58 66 66 53 54 21 82 95 65 9 84 90 57 56 82 97 90 13 44 92 60 32 84
77 21 82 85 54 0 74 96 100 100 87 34 34 97 100 26 26 7 55 82 32 2 1 57 63 99 100 97 100 57 86 75 81 48 90 90 6 38 20 95 78 45 78 100 58 3 0 22 93 79 65 2 24 75 48 78 75 46 40 66 79 95 73 71 76 76 68 88 71 100 48 26 11 0 70 77 69 67 58 70 92 59 20 89 100 49 88 33 85 84 4 48 93 73 22 60
83 26 13 32 10 47 85 99 88 100 100 77 22 64 95 14 21 59 7 24 28 1 18 69 26 98 97 96 97 100 100 100 100 32 85 84 7 1 0 45 87 82 40 98 76 12 0 3 40 32 41 86 100 97 72 32 75 39 50 77 76 100 90 57 50 64 69 61 38 37 91 47 62 32 40 77 19 15 63 100 100 82 10 89 100 82 59 87 30 95 0 35 97 100 81 95
96 93 2 35 33 39 90 66 88 26 85 50 13 41 10 82 76 68 20 27 21 0 54 94 53 76 22 52 84 100 67 76 31 55 65 16 21 0 1 4 68 66 64 66 75 36 2 0 14 71 100 100 100 78 82 95 81 80 97 88 62 100 98 92 51 78 42 49 56 2 76 90 29 22 83 52 38 72 69 67 74 92 50 82 99 92 82 84 44 92 0 39 98 100 100 100
97 69 86 50 62 83 97 86 12 77 72 48 13 0 54 98 83 46 85 44 46 4 46 65 95 64 76 74 76 99 56 13 79 100 56 72 51 11 25 0 7 48 100 66 62 43 1 0 9 79 100 93 72 78 50 97 100 92 98 100 60 66 61 92 46 74 24 37 53 40 99 79 60 65 64 67 46 87 89 92 80 98 89 84 96 100 75 43 51 89 19 31 100 100 95 65
90 82 87 78 20 44 98 100 88 32 20 36 29 0 3 38 98 78 49 62 86 11 12 52 22 34 83 51 92 100 99 66 55 58 73 67 44 94 88 6 0 6 56 93 86 50 0 0 33 73 78 22 83 79 75 100 84 58 98 95 58 21 70 94 86 81 5 12 47 48 100 100 80 10 45 47 51 100 100 100 100 100 99 89 99 100 48 22 35 64 88 85 100 100 76 40
96 100 89 40 52 74 93 95 100 61 96 54 68 0 0 36 100 84 70 42 67 52 1 14 27 32 80 96 98 46 38 41 54 45 100 48 48 67 77 51 0 0 0 32 65 18 0 0 17 32 28 54 89 100 97 97 53 68 97 62 79 95 100 96 59 86 16 29 82 42 100 100 100 74 14 80 29 58 88 94 100 100 98 98 100 98 89 99 100 91 100 100 100 99 98 69
85 97 97 56 46 63 56 99 94 100 99 30 66 14 0 46 67 99 90 88 83 37 0 64 68 77 79 92 93 13 4 12 10 9 67 88 70 90 100 97 46 31 0 0 2 0 0 0 23 100 91 68 39 97 94 48 52 90 77 60 38 100 100 81 94 59 15 14 62 81 100 100 91 100 82 100 65 70 45 59 69 100 100 99 96 100 100 100 100 100 100 100 100 96 84 62
89 87 72 18 55 61 65 98 100 78 82 64 0 2 0 0 0 27 28 80 59 29 6 94 58 41 28 98 99 95 62 54 63 17 40 96 61 77 100 74 92 61 17 4 0 0 0 0 29 67 97 98 97 93 77 97 50 96 38 73 49 91 91 63 96 32 22 74 62 79 100 100 81 63 98 100 31 48 68 64 63 93 94 86 84 92 100 79 63 94 59 30 34 14 29 61
97 100 96 84 49 81 35 94 96 81 18 24 11 68 38 28 0 43 31 83 18 0 55 100 62 92 47 75 16 1 15 39 2 35 86 82 90 96 72 56 94 86 41 69 12 0 0 18 32 48 94 24 58 47 76 86 86 98 40 74 71 65 68 74 94 21 11 48 66 75 91 100 100 93 75 77 0 20 70 64 72 70 72 84 93 79 86 72 50 66 67 64 87 32 68 31
83 100 100 49 53 59 65 98 100 100 56 58 76 48 45 33 40 18 4 9 32 64 80 68 100 100 100 94 24 2 0 5 4 86 95 90 91 97 78 77 83 41 70 95 1 0 0 28 90 52 72 50 64 94 100 100 83 94 47 82 63 73 40 94 75 14 77 85 87 94 99 100 100 100 95 66 6 0 51 19 0 12 64 43 76 43 81 79 48 42 26 21 7 16 10 53
80 93 92 57 43 66 84 100 100 100 95 89 88 92 30 42 43 24 0 25 65 34 76 22 47 95 81 98 35 57 62 26 23 23 2 14 39 95 98 27 25 58 100 100 26 0 0 2 88 63 90 94 94 98 100 68 51 64 59 77 44 64 43 55 40 16 99 100 100 90 73 88 100 100 100 100 9 0 56 44 0 0 0 23 1 1 14 15 17 0 4 27 86 98 98 92
63 51 55 95 76 100 92 97 100 96 100 98 96 53 98 79 37 13 0 0 13 34 26 71 42 73 35 99 82 97 83 72 31 0 2 12 17 74 51 72 92 81 94 44 30 2 0 2 73 94 79 97 66 89 100 89 96 58 24 74 32 59 13 40 1 37 42 54 73 88 73 62 100 100 78 75 54 25 9 1 2 0 0 0 8 12 31 18 59 86 96 100 88 98 78 68
82 15 12 74 90 100 93 92 61 26 23 67 62 96 88 88 9 0 1 15 47 35 77 95 100 82 18 50 46 88 97 78 8 0 8 44 81 57 44 22 75 100 75 13 56 6 0 0 32 40 70 100 79 98 100 100 91 49 35 93 67 95 89 25 0 32 78 85 70 100 100 100 99 86 78 86 60 66 27 0 30 42 16 10 32 48 91 70 69 97 99 100 49 65 60 68
59 2 87 100 88 64 81 36 0 8 36 69 100 58 79 21 14 0 3 26 68 68 82 92 100 94 46 6 0 9 79 92 22 0 10 14 49 70 25 47 56 67 43 80 77 0 0 0 5 66 98 75 95 94 100 90 52 7 72 82 99 92 32 0 20 85 67 99 100 78 67 97 92 84 35 17 2 0 0 0 0 71 55 94 98 96 100 100 100 98 73 100 88 56 61 98
7 57 99 50 96 93 40 0 9 55 90 71 70 17 21 16 0 0 0 0 0 0 6 51 52 99 96 90 43 5 6 62 32 2 56 52 76 14 52 82 67 70 96 83 73 20 0 0 0 23 45 85 91 96 99 76 76 20 38 67 65 15 1 1 63 100 100 72 56 68 70 86 86 92 70 2 0 0 0 0 6 21 84 100 100 94 100 100 100 100 100 100 100 73 68 69
20 89 66 42 93 99 74 10 75 58 68 54 7 8 48 65 64 23 34 2 0 0 1 22 9 57 26 66 91 44 2 8 8 4 73 100 79 32 93 65 43 81 50 19 2 12 27 0 0 2 75 100 100 99 92 72 87 17 33 68 33 30 1 16 55 98 91 50 83 95 100 49 43 74 40 0 0 0 0 0 1 90 86 54 86 96 100 100 100 100 100 100 100 100 100 100
85 56 61 97 98 91 84 41 44 16 35 41 5 63 69 64 54 29 66 18 27 1 0 0 0 18 58 27 76 50 77 15 8 11 80 97 30 35 94 20 81 99 20 35 35 85 42 0 0 0 32 99 60 85 70 62 100 50 62 74 46 29 0 44 93 96 97 40 68 97 84 74 49 58 48 0 0 0 0 0 0 10 59 60 83 74 87 98 96 100 100 100 100 100 95 99
96 81 87 90 67 50 7 56 96 36 83 32 69 23 29 38 42 62 76 8 16 1 0 0 0 32 39 2 1 71 72 74 20 9 11 48 53 38 55 93 100 100 89 45 48 98 32 0 0 0 0 12 26 64 65 100 67 39 97 69 60 3 17 63 90 84 98 58 95 86 0 19 23 21 20 71 44 2 0 0 0 20 37 40 68 0 46 72 85 98 100 100 97 86 84 98
89 23 72 84 15 46 61 53 30 91 93 65 47 12 21 51 73 6 5 25 12 42 10 0 0 7 4 0 4 38 80 21 43 6 2 42 42 7 43 38 64 75 78 17 78 85 46 4 0 0 0 15 98 86 78 100 24 36 90 84 36 0 11 43 35 16 86 97 100 9 55 99 83 50 96 71 1 0 0 0 0 0 59 54 49 15 68 83 74 100 100 100 98 85 97 100
92 96 87 69 32 97 89 97 87 83 81 100 100 80 98 36 35 64 35 30 60 74 0 0 0 0 0 0 0 0 2 92 72 21 10 4 21 0 43 40 23 78 78 61 90 44 60 68 0 0 0 0 37 94 47 100 65 15 15 0 0 4 71 91 85 73 73 91 88 42 86 19 96 48 90 27 5 13 1 0 0 0 29 61 61 68 96 100 100 100 100 100 92 93 100 99
95 75 94 86 92 83 100 100 91 68 88 92 48 64 51 48 48 31 3 24 61 72 22 16 50 0 0 0 0 0 3 39 72 62 90 90 71 17 44 88 100 95 79 100 6 56 88 99 72 0 0 0 0 11 56 92 95 34 44 13 0 7 22 60 56 80 84 89 63 90 95 79 100 83 71 88 97 22 0 0 0 0 54 71 96 60 93 100 96 100 100 100 78 53 78 39
72 96 91 88 94 95 99 98 72 49 16 21 32 28 10 10 36 38 55 36 0 16 19 83 26 0 0 0 0 0 16 25 33 98 100 96 85 2 45 78 77 97 100 83 20 64 46 60 80 2 0 0 0 13 6 0 6 1 0 0 0 4 37 82 100 78 73 84 91 95 100 100 100 100 100 89 56 75 29 0 0 0 0 30 45 67 10 76 100 100 100 100 100 92 93 100
84 100 91 89 96 92 98 95 100 48 21 44 58 46 39 24 6 5 38 5 32 61 58 48 57 65 5 0 0 0 0 0 2 28 89 62 46 0 10 30 41 42 83 48 74 66 44 77 80 55 21 1 0 0 0 0 0 0 1 6 59 90 78 30 79 100 100 96 99 98 92 86 87 100 100 100 100 62 31 38 50 -9 0 3 0 24 33 42 70 100 97 87 98 100 100 100
