data/habitatmaps/RS_maps/habitat_Prunella.collaris_2011.asc
NCOLS 369 
NROWS 228 
XLLCORNER 479000 
YLLCORNER 73000 
CELLSIZE 1000 
NODATA_value -9 
[rows 138 to 206 of 228, columns 192 to 287 of 369]
62 34 7 29 10 83 97 96 22 0 5 42 66 92 37 46 66 77 97 100 56 16 20 51 12 78 56 60 46 36 96 96 99 19 36 100 68 84 97 100 100 100 65 31 98 100 93 23 3 84 100 99 68 44 89 94 87 48 61 68 2 0 0 2 21 22 64 19 2 33 82 100 100 100 81 28 50 16 18 0 0 0 12 60 46 3 91 26 38 32 10 0 0 0 0 0
40 26 73 48 40 66 91 89 0 0 38 91 94 63 8 63 82 94 97 100 79 2 35 53 45 99 49 94 70 87 98 100 24 13 85 100 96 85 40 74 100 100 50 0 86 50 84 32 0 55 99 100 100 94 95 100 100 90 83 27 15 42 4 2 16 38 50 21 80 90 100 100 100 100 91 7 0 2 60 0 0 0 16 72 72 66 55 22 80 79 48 1 0 0 0 0
51 61 97 62 88 83 20 4 2 10 77 41 99 79 34 87 27 90 100 88 2 13 25 36 91 77 96 100 80 99 75 63 19 64 100 100 100 100 100 100 100 76 3 8 60 33 11 12 30 58 94 100 100 100 100 100 54 81 46 48 53 5 43 22 39 47 31 84 51 36 59 88 100 100 100 52 3 42 58 2 2 0 24 40 38 27 46 73 98 45 0 0 0 0 0 0
92 34 100 92 40 5 32 35 46 23 49 86 70 47 45 94 75 68 88 86 54 4 49 88 73 82 100 100 100 96 31 3 4 86 100 100 100 87 83 92 66 30 32 0 0 0 0 1 0 43 100 94 100 100 99 62 1 49 42 21 49 19 56 87 37 62 100 64 70 89 76 44 49 96 63 5 0 0 3 9 2 0 0 39 39 28 89 100 63 3 0 0 9 68 10 0
64 36 61 43 22 72 28 48 22 30 53 100 81 28 26 19 79 75 95 100 85 61 69 30 98 97 100 100 98 100 92 14 2 39 80 100 100 87 46 48 8 0 12 0 0 4 0 5 8 96 100 62 38 68 63 2 57 28 34 69 99 92 86 54 90 88 38 64 11 29 18 46 35 34 3 0 0 12 0 12 11 0 0 0 60 100 99 88 6 0 0 10 72 42 6 0
59 59 2 34 50 72 41 6 27 18 85 64 10 45 38 82 55 9 40 89 41 14 3 15 83 71 35 57 52 57 34 8 9 0 52 71 94 76 40 14 0 0 0 2 0 10 33 83 89 99 96 53 83 53 77 76 36 76 63 76 37 62 68 42 60 8 0 0 26 3 0 0 0 0 0 11 55 79 52 86 69 0 0 24 5 35 67 36 3 26 13 74 94 20 22 0
40 26 64 76 94 12 2 29 83 14 48 82 99 100 97 56 19 10 38 4 2 0 6 14 1 11 11 62 82 62 14 45 12 0 5 21 30 29 43 20 0 0 3 6 32 13 12 99 100 100 99 46 98 100 99 97 70 100 100 60 82 99 15 7 0 0 18 46 1 4 6 3 18 7 43 60 99 94 88 72 96 21 34 79 65 53 52 4 68 84 72 83 100 85 29 0
0 31 99 64 86 82 58 57 93 86 76 100 100 100 79 3 0 0 0 0 11 0 0 0 0 2 7 3 0 0 64 97 45 5 4 12 26 26 0 0 0 3 6 16 33 10 13 64 98 75 99 91 78 43 96 83 73 100 100 91 97 87 0 4 0 0 2 4 11 9 3 39 47 46 45 100 100 93 99 100 76 17 71 100 69 78 84 32 91 60 64 95 100 87 10 0
0 6 0 70 84 94 75 84 41 74 100 100 100 50 26 30 6 0 0 0 6 5 0 1 0 5 38 37 0 0 0 5 11 12 2 6 2 0 12 0 0 6 10 4 0 27 26 12 90 74 99 100 94 80 64 57 76 98 49 57 91 32 32 8 9 5 7 3 63 81 8 4 28 78 73 100 100 98 100 100 31 3 25 65 75 97 100 32 80 15 71 100 95 15 0 0
0 34 10 52 21 74 93 67 38 94 85 26 21 0 0 0 1 0 0 0 1 6 6 6 2 0 0 17 24 70 68 62 56 60 40 31 6 4 12 4 3 1 0 0 0 1 39 54 11 48 100 100 100 54 46 37 40 98 98 77 56 28 46 42 65 17 7 10 6 31 34 6 55 32 15 74 97 85 98 100 28 23 6 2 2 16 67 97 77 71 100 98 31 1 1 0
32 4 11 14 62 100 100 82 96 95 20 7 5 0 0 0 0 6 15 8 1 3 3 0 0 0 0 0 2 12 49 84 100 90 100 98 53 13 51 15 16 7 0 0 0 0 6 40 7 51 98 62 81 48 71 96 99 97 92 16 22 40 64 37 32 35 83 63 5 29 71 84 100 66 28 100 100 46 80 100 26 72 98 36 3 10 25 58 56 94 100 87 39 46 51 60
13 19 34 45 92 100 100 94 97 78 6 7 0 0 3 2 10 54 80 87 19 0 0 0 0 0 0 0 0 5 8 17 36 1 58 75 92 74 86 71 84 57 0 0 1 0 2 14 7 48 96 26 48 97 96 100 87 77 38 49 38 11 48 0 75 97 88 45 64 64 100 100 100 97 37 100 100 100 83 47 33 100 94 18 27 24 56 86 100 100 61 52 49 88 46 97
56 88 98 100 100 100 98 96 82 22 1 0 4 9 27 70 89 97 66 84 56 44 5 22 0 0 0 0 0 0 0 0 0 0 0 2 8 47 30 58 28 0 5 9 1 0 0 6 10 68 100 54 49 100 98 100 73 44 77 100 100 86 78 8 82 17 17 94 19 84 100 94 76 51 0 11 69 100 48 6 18 100 87 19 39 0 5 22 91 100 100 100 100 82 43 100
18 97 96 96 96 96 97 96 17 10 19 17 74 51 35 98 71 26 8 3 59 92 74 89 55 36 36 4 0 0 0 0 0 0 0 0 0 0 48 3 0 0 1 1 0 0 1 11 30 92 100 98 85 52 35 73 80 68 79 100 100 52 48 2 5 77 97 98 43 83 100 76 51 40 66 44 20 88 89 32 78 100 96 21 32 0 0 0 0 60 100 100 100 90 94 97
44 48 100 97 100 95 77 23 22 65 60 52 100 50 58 68 42 54 38 8 7 16 82 100 99 97 90 39 1 0 0 0 0 0 0 0 0 0 15 2 0 6 0 0 0 0 11 74 97 96 60 71 99 53 69 28 45 63 97 100 92 57 80 47 13 99 100 100 79 100 72 100 78 44 32 43 0 24 88 87 100 100 91 10 65 0 16 34 1 5 53 85 100 100 100 100
30 9 95 36 11 31 5 2 39 66 91 65 100 100 100 83 91 100 100 66 15 4 6 57 96 100 93 48 34 0 0 0 0 0 0 0 0 0 0 0 0 0 0 0 0 0 29 100 100 84 6 11 61 87 54 77 92 98 71 100 100 61 72 50 4 69 100 100 100 78 56 91 74 2 0 0 0 45 98 100 99 90 46 22 72 1 42 96 70 56 3 18 94 100 100 100
8 46 96 49 9 42 73 74 86 100 96 100 100 100 100 100 100 100 100 100 46 16 0 22 43 39 76 99 85 24 14 0 0 0 0 0 0 0 0 46 51 2 0 0 0 0 28 54 100 96 84 1 1 8 46 54 100 80 37 100 89 33 31 0 0 56 99 100 86 66 80 75 23 0 0 0 0 15 65 100 100 90 37 38 47 0 66 96 90 93 75 4 8 40 83 97
50 94 100 100 98 89 55 31 73 96 65 88 87 99 100 100 100 92 99 100 100 63 4 0 4 55 98 100 79 16 13 0 0 0 1 5 0 0 0 28 96 39 0 0 0 0 0 0 47 99 77 7 2 31 82 100 97 42 88 100 93 35 32 0 0 44 99 100 91 91 3 4 0 0 0 0 0 2 83 100 97 83 42 58 62 26 51 47 93 90 87 57 70 41 19 100
79 97 100 96 84 46 62 95 90 98 96 14 35 96 100 25 66 18 39 100 26 28 7 0 35 97 100 80 24 0 2 3 1 3 1 4 0 0 0 1 79 70 0 0 0 0 0 1 9 26 9 0 0 1 40 100 85 48 92 98 95 58 34 0 0 30 74 100 68 28 0 0 0 0 0 0 0 2 21 82 95 65 9 84 90 57 56 82 97 90 13 44 92 60 32 84
77 21 82 85 54 0 74 96 100 100 87 34 34 97 100 26 23 7 11 82 32 2 0 0 19 99 100 97 100 55 74 75 81 45 4 4 0 0 0 0 8 43 0 0 0 0 0 3 4 0 0 0 1 13 41 78 75 46 38 42 72 94 72 1 0 0 3 74 70 100 45 2 1 0 0 0 0 0 33 70 92 59 20 89 100 49 88 33 85 84 4 48 93 73 22 60
83 26 13 32 10 47 85 99 88 100 100 77 22 64 95 14 0 0 0 24 28 1 0 0 11 98 97 96 97 100 100 100 100 28 1 2 1 0 0 0 0 0 3 0 0 0 0 0 1 0 0 0 0 3 8 30 75 39 16 4 63 100 90 13 0 0 0 3 20 37 91 47 62 32 0 0 0 0 63 100 100 82 10 89 100 82 59 87 30 95 0 35 97 100 81 95
96 93 2 35 33 39 90 66 88 26 85 43 13 41 10 82 76 6 0 6 21 0 0 5 37 76 22 52 84 100 67 76 28 0 2 12 4 0 0 0 0 0 7 7 0 0 0 0 0 0 0 0 3 24 54 94 81 80 44 13 58 100 98 92 35 0 0 0 4 2 76 90 29 3 0 0 0 0 23 67 74 92 50 82 99 92 82 84 44 92 0 39 98 100 100 100
97 69 86 50 62 83 97 86 12 77 71 9 3 0 54 98 83 39 1 1 0 0 0 31 95 52 23 43 76 99 56 8 8 0 8 6 0 0 0 0 0 0 0 5 0 0 0 0 0 0 16 30 11 4 50 97 100 89 9 4 44 66 61 92 11 4 2 0 8 40 99 79 60 63 7 0 0 0 12 62 80 98 89 84 96 100 75 43 51 89 19 31 100 100 95 65
90 82 87 78 18 44 98 100 88 32 20 17 4 0 3 38 98 74 11 11 0 0 0 0 17 14 2 7 92 100 99 66 47 14 29 13 7 0 0 0 0 0 0 0 0 0 0 0 0 0 7 9 72 74 75 100 84 29 0 2 2 20 70 93 17 1 1 0 9 48 100 100 80 8 0 0 0 23 98 100 100 100 99 89 99 100 48 22 35 64 88 85 100 100 76 40
96 100 89 40 0 74 93 95 100 61 96 47 9 0 0 36 100 84 70 39 0 0 0 0 0 0 38 92 98 46 38 41 54 45 100 48 7 17 2 0 0 0 0 0 0 0 0 0 0 0 0 0 2 34 84 97 53 37 0 9 76 95 100 96 28 2 0 0 2 42 100 100 100 74 7 0 0 4 76 94 100 100 98 98 100 98 89 99 100 91 100 100 100 99 98 69
85 97 97 46 0 7 55 99 94 100 99 30 7 0 0 46 67 99 90 88 30 0 0 2 5 0 37 92 93 13 4 1 0 7 67 88 70 60 13 1 0 0 0 0 0 0 0 0 0 0 0 0 0 0 0 20 51 37 0 7 36 100 100 68 1 0 0 0 5 81 100 100 91 100 60 23 45 27 18 38 69 100 100 99 96 100 100 100 100 100 100 100 100 96 84 62
89 87 72 13 0 2 63 98 100 78 82 64 0 0 0 0 0 25 13 77 18 0 0 0 12 5 18 98 99 95 62 42 11 1 5 96 61 40 13 2 0 0 0 0 0 0 0 0 0 13 39 6 1 6 38 92 46 17 0 1 21 91 91 26 0 0 0 0 5 78 100 100 81 63 83 40 18 7 0 14 55 93 94 86 80 92 100 79 63 94 59 24 23 8 0 23
97 100 85 16 0 0 16 94 96 80 4 24 0 0 0 0 0 0 13 7 0 0 0 1 31 92 47 75 16 1 15 39 0 0 12 82 90 93 55 15 0 0 0 0 0 0 0 0 0 47 94 16 0 15 76 86 85 28 0 0 5 64 68 31 0 0 0 0 1 17 90 100 98 30 23 20 0 0 0 58 72 50 31 34 31 76 64 37 5 20 4 8 2 0 0 0
83 100 100 49 0 0 35 98 100 98 34 0 0 12 28 2 0 0 3 6 0 1 6 20 84 100 100 94 18 0 0 0 0 0 43 90 91 97 57 72 17 0 0 0 0 0 0 0 0 9 72 50 60 94 100 100 82 25 0 0 26 71 10 3 0 0 0 0 0 0 51 100 87 2 0 0 0 0 0 0 0 0 0 7 9 29 7 16 0 0 0 7 0 0 0 0
80 93 92 54 0 0 52 100 100 100 92 58 79 92 30 12 3 0 0 0 0 0 2 6 47 95 81 98 35 5 0 0 0 0 2 14 39 95 98 13 0 0 0 0 0 0 0 0 0 31 87 84 94 98 100 68 20 1 0 0 36 64 21 1 0 0 0 0 0 47 15 88 100 31 11 0 0 0 0 0 0 0 0 0 0 1 0 0 0 0 2 6 0 0 0 2
40 43 29 4 0 0 71 97 100 96 100 98 96 43 98 79 11 0 0 0 0 0 2 22 40 73 35 99 82 92 29 9 0 0 0 4 14 74 50 1 0 0 27 22 0 0 0 0 0 6 7 0 17 89 100 89 22 0 0 0 0 59 10 0 0 0 0 0 48 30 63 62 100 98 76 0 0 0 0 0 0 0 0 0 0 0 0 0 0 0 0 0 2 0 8 66
33 0 1 0 0 0 36 92 61 26 20 21 3 0 47 88 4 0 0 0 0 0 16 92 100 69 15 50 46 88 97 71 1 0 0 33 81 57 38 11 10 26 64 4 0 0 0 0 0 0 0 4 37 98 100 99 24 0 0 0 65 95 45 0 0 0 0 0 0 30 100 100 96 29 22 0 0 0 0 0 0 0 0 0 0 0 0 0 0 0 2 39 24 4 25 56
59 0 0 25 21 51 72 36 0 0 8 7 0 0 0 3 0 0 0 0 3 28 82 92 100 56 14 5 0 9 79 83 0 0 0 10 49 70 25 47 49 67 13 1 1 0 0 0 0 0 0 0 4 87 100 90 7 0 0 18 99 92 20 0 1 0 0 0 0 10 64 96 82 13 0 0 0 0 0 0 0 0 0 0 0 0 11 43 26 28 58 100 88 56 61 98
7 0 0 21 96 93 40 0 1 13 39 0 0 0 0 0 0 0 0 0 0 0 6 50 46 90 43 12 0 0 6 22 0 0 0 10 74 14 52 82 67 70 94 53 21 0 0 0 0 0 0 3 75 96 99 57 1 0 0 19 65 15 1 0 4 0 0 0 10 68 70 86 16 2 0 0 0 0 0 0 0 0 0 4 62 31 43 100 100 100 100 100 100 73 68 69
0 0 0 20 93 99 74 7 12 0 24 0 0 0 0 0 0 0 0 0 0 0 1 22 4 57 26 52 27 3 0 0 0 0 2 51 76 28 73 65 31 77 50 19 0 2 4 0 0 0 0 34 100 99 92 23 0 0 0 0 5 0 0 1 6 6 32 3 83 95 100 46 1 0 0 0 0 0 0 0 0 0 0 8 86 92 93 100 100 98 68 67 100 100 100 100
0 0 26 93 98 91 84 28 2 0 0 0 0 0 1 0 0 0 0 0 0 0 0 0 0 0 1 11 76 23 17 0 0 3 20 97 22 1 71 8 24 99 17 0 0 0 0 0 0 0 0 3 42 85 46 9 0 0 0 0 3 2 0 0 3 69 76 17 68 97 84 66 9 0 0 0 0 0 0 0 0 0 4 38 83 74 87 98 96 76 3 75 100 100 95 99
0 24 83 90 67 49 5 0 0 22 10 1 0 0 8 23 20 12 0 0 0 0 0 0 0 0 6 2 0 70 64 4 0 6 11 48 53 7 52 1 66 100 61 7 0 0 0 0 0 0 0 0 0 60 42 0 0 0 0 0 7 1 0 0 19 84 98 58 95 86 0 0 0 0 0 0 0 0 0 0 0 0 0 33 57 0 12 19 28 13 3 93 97 86 84 98
0 3 72 84 12 0 0 0 0 0 58 64 43 12 21 51 73 2 0 0 0 0 0 0 0 0 0 0 0 36 80 19 0 0 2 42 42 0 0 4 63 75 78 8 1 0 0 0 0 0 0 0 2 53 51 0 0 0 1 0 1 0 0 0 0 0 59 97 100 8 0 0 18 3 0 0 0 0 0 0 0 0 36 9 0 15 52 27 0 0 14 94 98 85 58 100
0 0 87 69 0 1 17 13 4 15 81 100 100 80 98 36 35 39 15 6 36 2 0 0 0 0 0 0 0 0 2 92 44 0 0 4 21 0 0 0 4 78 78 25 4 0 0 0 0 0 0 0 0 10 8 0 0 2 10 0 0 0 0 0 0 0 14 85 88 0 0 12 15 7 2 3 0 0 0 0 0 0 2 0 17 66 32 23 37 27 48 100 92 68 28 86
0 4 93 86 78 55 52 93 86 48 61 92 48 64 51 48 35 8 2 24 61 72 5 0 0 0 0 0 0 0 3 39 72 38 4 0 0 0 0 3 10 14 43 100 6 0 0 0 0 0 0 0 0 0 0 0 0 0 0 0 0 0 0 2 27 30 2 62 63 50 84 46 39 73 51 2 0 0 0 0 0 0 0 0 28 59 27 58 88 100 100 100 78 19 5 0
0 26 91 88 94 95 99 98 72 49 16 20 3 0 10 10 36 17 13 36 0 6 0 0 0 0 0 0 0 0 16 25 33 96 78 30 28 0 0 8 53 87 84 83 20 38 2 0 0 0 0 0 0 0 0 0 0 0 0 0 0 0 0 0 4 61 69 51 84 95 97 100 98 99 100 89 43 7 0 0 0 0 0 0 0 48 2 47 26 66 100 100 100 92 55 56
0 0 45 57 29 88 98 95 100 48 20 9 0 0 0 0 6 0 17 5 0 0 1 5 0 0 0 0 0 0 0 0 2 28 89 62 46 0 0 30 41 42 83 48 74 66 42 60 0 0 0 0 0 0 0 0 0 0 0 0 0 0 0 0 0 84 100 96 99 98 92 86 87 100 100 100 100 49 0 0 0 -9 0 0 0 24 1 0 33 99 97 87 98 100 100 98
0 29 58 28 14 95 82 21 88 88 49 34 10 1 7 3 0 0 0 0 0 0 21 17 2 0 0 0 0 0 0 0 0 10 26 0 0 0 0 0 3 56 36 20 98 98 90 54 0 0 0 0 0 0 0 0 0 0 0 0 0 0 0 0 11 74 97 100 94 99 48 5 10 63 96 33 88 89 10 0 31 -9 -9 0 0 2 0 0 16 81 90 88 95 96 97 100
1 2 0 0 5 20 2 16 55 88 5 3 30 26 12 0 0 0 0 0 0 0 13 11 4 0 0 0 0 0 0 0 3 32 48 35 6 0 0 0 0 8 1 10 51 76 45 6 0 0 0 0 0 0 0 0 0 0 0 0 0 0 0 10 68 100 100 80 49 97 60 75 29 28 36 0 71 55 0 4 -9 -9 -9 -9 -9 0 0 19 42 70 68 64 97 73 15 31
52 0 0 5 17 0 0 28 34 8 0 0 0 0 0 0 0 0 0 0 1 15 17 0 0 0 0 0 0 0 0 0 0 12 9 8 10 0 0 0 0 0 0 3 0 22 0 0 0 0 0 0 0 0 0 0 0 0 0 0 0 0 0 2 8 64 94 27 29 100 37 13 6 0 12 0 5 0 0 0 -9 -9 -9 -9 -9 -9 0 0 0 6 39 72 100 99 46 51
25 1 0 28 84 27 0 0 0 0 0 2 0 0 0 0 0 0 0 0 1 2 0 0 0 4 10 2 0 0 0 0 0 1 3 0 0 0 0 0 0 0 0 0 0 0 0 0 0 0 0 0 0 0 0 0 0 0 0 4 0 0 0 2 11 0 0 0 65 40 18 16 16 0 0 0 0 0 0 15 -9 -9 -9 -9 -9 -9 -9 -9 -9 -9 88 98 100 100 93 30
15 0 0 8 69 92 62 52 10 20 53 2 0 0 0 0 0 0 0 0 0 0 0 0 0 0 3 9 0 0 0 0 0 0 0 0 0 0 0 0 0 0 0 0 0 0 0 0 0 0 0 0 0 0 0 0 0 0 0 36 12 0 1 2 42 73 34 0 9 40 9 0 0 0 0 0 0 0 0 0 -9 -9 -9 -9 -9 -9 -9 -9 -9 -9 -9 -9 -9 -9 -9 1
0 0 0 0 65 88 56 68 6 30 51 0 0 0 0 0 1 1 0 0 2 0 0 0 0 0 0 0 0 0 0 0 0 0 0 0 0 0 0 0 0 0 0 0 0 0 0 0 0 0 0 0 0 0 0 0 0 1 7 54 73 26 45 46 77 59 7 0 0 32 8 0 0 0 0 0 0 0 0 -9 -9 -9 -9 -9 -9 -9 -9 -9 -9 -9 -9 -9 -9 -9 -9 -9
0 0 0 2 74 55 0 0 0 39 18 34 45 4 13 16 19 51 46 10 10 0 0 0 0 0 0 0 0 0 0 0 0 0 0 0 0 0 0 0 0 0 0 0 0 0 0 0 0 0 0 0 0 0 0 0 0 0 1 28 47 85 63 63 10 1 0 0 0 26 0 0 0 0 0 0 0 0 -9 -9 -9 -9 -9 -9 -9 -9 -9 -9 -9 -9 -9 -9 -9 -9 -9 -9
0 0 0 0 0 0 0 0 0 0 4 2 24 43 14 2 3 18 26 5 2 0 0 0 0 0 0 0 0 0 0 0 0 0 0 0 0 0 0 0 0 0 0 0 0 0 0 0 0 0 0 0 0 0 0 0 0 0 0 39 46 59 0 0 0 0 0 0 0 0 0 0 0 0 0 0 0 0 -9 -9 -9 -9 -9 -9 -9 -9 -9 -9 -9 -9 -9 -9 -9 -9 -9 -9
0 0 0 14 28 13 0 0 0 0 0 0 0 7 4 0 0 0 0 0 0 0 0 0 0 0 0 0 0 0 0 0 0 0 0 0 0 0 0 0 0 0 0 0 0 0 0 0 0 0 0 0 0 0 0 0 22 57 7 68 32 0 0 0 0 0 0 0 0 0 0 0 0 0 0 0 0 -9 -9 -9 -9 -9 -9 -9 -9 -9 -9 -9 -9 -9 -9 -9 -9 -9 -9 -9
0 0 0 18 51 8 0 0 0 0 0 0 0 0 0 0 0 0 0 0 0 0 0 0 0 0 0 0 0 0 0 0 0 0 0 0 0 0 0 0 0 0 0 0 0 0 0 0 0 0 0 0 0 6 3 0 14 94 55 25 0 0 0 0 0 0 0 0 0 0 0 0 0 0 0 0 -9 -9 -9 -9 -9 -9 -9 -9 -9 -9 -9 -9 -9 -9 -9 -9 -9 -9 -9 -9
-9 -9 0 0 0 0 0 0 0 0 0 0 0 0 0 0 0 0 1 4 0 0 6 6 4 7 0 0 0 0 0 0 0 0 0 0 0 0 0 0 0 0 0 0 0 0 0 0 0 0 0 0 19 12 62 44 44 95 51 39 20 3 3 0 0 0 0 0 0 0 0 0 0 0 0 0 -9 -9 -9 -9 -9 -9 -9 -9 -9 -9 -9 -9 -9 -9 -9 -9 -9 -9 -9 -9
-9 -9 -9 0 0 0 0 0 0 0 0 0 0 0 0 0 0 0 0 11 12 12 11 10 9 4 0 0 0 0 0 0 0 0 0 0 0 0 0 0 0 0 0 0 0 0 0 0 0 0 0 0 17 8 5 51 68 17 55 46 37 9 1 0 2 3 0 0 0 0 0 0 0 0 0 0 -9 -9 -9 -9 -9 -9 -9 -9 -9 -9 -9 -9 -9 -9 -9 -9 -9 -9 -9 -9
-9 -9 -9 -9 0 0 0 0 0 0 0 0 0 0 0 0 0 10 26 56 56 14 8 6 6 0 0 0 0 0 0 0 0 0 0 0 0 0 0 8 8 5 0 0 0 0 0 0 0 7 2 2 0 3 16 22 5 5 0 0 3 4 9 14 13 45 3 9 0 0 0 0 0 0 0 -9 -9 -9 -9 -9 -9 -9 -9 -9 -9 -9 -9 -9 -9 -9 -9 -9 -9 -9 -9 -9
-9 -9 -9 -9 -9 0 0 0 0 0 0 0 0 0 0 0 5 75 80 34 2 2 33 1 5 0 0 0 0 0 0 0 0 0 0 2 13 5 1 11 8 5 2 2 0 0 0 0 3 8 7 5 0 0 6 4 9 0 0 59 64 0 0 3 29 84 50 54 0 0 0 0 0 0 -9 -9 -9 -9 -9 -9 -9 -9 -9 -9 -9 -9 -9 -9 -9 -9 -9 -9 -9 -9 -9 -9
-9 -9 -9 -9 -9 -9 17 16 0 0 0 0 0 10 5 0 0 0 0 4 22 0 16 25 5 0 0 0 0 0 0 0 0 0 1 2 8 6 3 12 4 8 2 0 0 0 0 0 2 1 3 6 0 0 9 2 0 0 0 16 4 0 0 34 40 45 66 3 0 0 0 0 0 0 -9 -9 -9 -9 -9 -9 -9 -9 -9 -9 -9 -9 -9 -9 -9 -9 -9 -9 -9 -9 -9 -9
-9 -9 -9 -9 -9 -9 -9 40 0 0 0 0 0 9 0 0 0 0 0 7 14 0 4 2 2 0 0 0 0 0 0 0 0 5 9 1 0 0 6 7 3 0 0 0 0 0 0 0 0 0 2 1 0 0 3 1 0 0 0 0 0 0 0 2 24 0 0 0 0 0 0 0 0 -9 -9 -9 -9 -9 -9 -9 -9 -9 -9 -9 -9 -9 -9 -9 -9 -9 -9 -9 -9 -9 -9 -9
-9 -9 -9 -9 -9 -9 -9 4 0 13 28 1 0 0 0 0 0 16 0 7 4 0 2 0 0 0 0 0 0 0 0 0 0 0 0 0 0 0 10 8 3 0 0 0 0 0 0 0 0 0 0 0 0 0 0 0 0 0 0 0 0 0 0 0 0 0 0 0 0 0 0 -9 -9 -9 -9 -9 -9 -9 -9 -9 -9 -9 -9 -9 -9 -9 -9 -9 -9 -9 -9 -9 -9 -9 -9 -9
-9 -9 -9 -9 -9 -9 -9 -9 7 52 37 36 0 0 1 0 0 13 0 38 29 0 0 0 0 0 0 0 0 0 0 1 8 0 0 0 0 0 8 4 4 0 0 0 0 0 0 0 0 0 0 0 0 0 0 4 0 0 0 0 0 0 0 0 0 0 0 0 0 0 -9 -9 -9 -9 -9 -9 -9 -9 -9 -9 -9 -9 -9 -9 -9 -9 -9 -9 -9 -9 -9 -9 -9 -9 -9 -9
-9 -9 -9 -9 -9 -9 -9 -9 -9 11 73 87 74 56 51 52 0 0 0 0 0 0 0 0 0 0 0 0 0 0 0 52 13 0 0 0 0 0 4 2 0 0 0 0 0 0 0 0 0 0 0 0 0 0 5 37 34 16 12 26 8 0 0 0 0 30 8 0 0 -9 -9 -9 -9 -9 -9 -9 -9 -9 -9 -9 -9 -9 -9 -9 -9 -9 -9 -9 -9 -9 -9 -9 -9 -9 -9 -9
-9 -9 -9 -9 -9 -9 -9 -9 -9 71 77 18 7 44 49 17 7 0 0 0 0 0 0 0 0 0 0 0 0 0 0 0 0 0 0 0 0 0 4 0 0 0 0 0 0 0 0 0 0 0 0 0 0 8 29 63 9 2 8 1 8 0 0 0 0 8 5 0 -9 -9 -9 -9 -9 -9 -9 -9 -9 -9 -9 -9 -9 -9 -9 -9 -9 -9 -9 -9 -9 -9 -9 -9 -9 -9 -9 -9
-9 -9 -9 -9 -9 -9 -9 -9 -9 -9 77 0 23 62 79 61 55 0 0 0 0 0 0 0 0 0 0 0 0 0 0 0 0 0 0 0 1 2 0 0 0 0 0 0 0 0 0 0 0 0 0 0 0 13 1 8 0 0 0 0 0 0 0 0 0 0 0 0 -9 -9 -9 -9 -9 -9 -9 -9 -9 -9 -9 -9 -9 -9 -9 -9 -9 -9 -9 -9 -9 -9 -9 -9 -9 -9 -9 -9
-9 -9 -9 -9 -9 -9 -9 -9 -9 -9 -9 0 52 15 7 23 0 0 0 0 0 0 0 0 0 0 0 0 0 0 0 0 0 0 0 0 2 32 1 0 0 0 0 0 0 0 0 0 0 0 0 0 0 0 0 0 28 0 0 0 0 0 0 0 0 0 0 0 -9 -9 -9 -9 -9 -9 -9 -9 -9 -9 -9 -9 -9 -9 -9 -9 -9 -9 -9 -9 -9 -9 -9 -9 -9 -9 -9 -9
-9 -9 -9 -9 -9 -9 -9 -9 -9 -9 -9 -9 -9 38 39 76 0 0 0 0 0 0 0 0 0 0 0 0 0 0 0 0 0 0 0 0 0 2 0 0 0 0 0 0 0 0 0 0 0 0 0 0 0 0 0 0 0 0 0 0 0 0 0 0 0 0 0 -9 -9 -9 -9 -9 -9 -9 -9 -9 -9 -9 -9 -9 -9 -9 -9 -9 -9 -9 -9 -9 -9 -9 -9 -9 -9 -9 -9 -9
-9 -9 -9 -9 -9 -9 -9 -9 -9 -9 -9 -9 -9 -9 68 7 0 0 0 0 0 0 0 0 0 0 0 0 0 0 0 0 0 0 0 0 0 0 0 0 0 0 0 0 0 0 0 0 0 0 0 0 0 0 0 0 0 0 0 0 0 0 0 0 0 0 0 -9 -9 -9 -9 -9 -9 -9 -9 -9 -9 -9 -9 -9 -9 -9 -9 -9 -9 -9 -9 -9 -9 -9 -9 -9 -9 -9 -9 -9
-9 -9 -9 -9 -9 -9 -9 -9 -9 -9 -9 -9 -9 -9 -9 -9 -9 0 0 0 0 0 0 0 0 0 0 0 0 0 0 0 0 0 0 0 0 0 0 0 0 0 0 0 0 0 0 0 0 0 0 0 0 0 0 0 0 0 0 0 0 0 0 0 0 0 -9 -9 -9 -9 -9 -9 -9 -9 -9 -9 -9 -9 -9 -9 -9 -9 -9 -9 -9 -9 -9 -9 -9 -9 -9 -9 -9 -9 -9 -9
-9 -9 -9 -9 -9 -9 -9 -9 -9 -9 -9 -9 -9 -9 -9 -9 -9 -9 -9 0 0 0 0 0 0 0 0 0 0 0 0 0 0 0 0 0 0 0 0 0 0 0 0 0 0 0 0 0 0 0 0 0 0 0 0 0 0 0 0 0 0 0 0 0 0 -9 -9 -9 -9 -9 -9 -9 -9 -9 -9 -9 -9 -9 -9 -9 -9 -9 -9 -9 -9 -9 -9 -9 -9 -9 -9 -9 -9 -9 -9 -9
-9 -9 -9 -9 -9 -9 -9 -9 -9 -9 -9 -9 -9 -9 -9 -9 -9 -9 -9 -9 -9 0 0 0 0 0 0 0 0 0 0 0 0 0 0 0 0 0 0 0 0 0 0 0 0 0 0 0 0 0 0 0 0 0 0 0 0 0 0 0 0 0 0 0 0 -9 -9 -9 -9 -9 -9 -9 -9 -9 -9 -9 -9 -9 -9 -9 -9 -9 -9 -9 -9 -9 -9 -9 -9 -9 -9 -9 -9 -9 -9 -9
