data/habitatmaps/RS_maps/habitat_Fringilla.coelebs_2007.asc
NCOLS 369 
NROWS 228 
XLLCORNER 479000 
YLLCORNER 73000 
CELLSIZE 1000 
NODATA_value -9 
[rows 61 to 121 of 228, columns 192 to 287 of 369]
24 18 29 29 34 80 49 54 36 35 61 91 72 100 29 0 52 59 8 0 46 80 69 68 43 45 24 0 35 74 12 11 49 39 52 57 47 33 70 31 6 15 38 32 73 87 43 60 72 85 82 65 40 72 74 25 37 33 45 27 17 42 40 44 91 74 78 52 35 37 41 50 41 57 66 82 86 74 40 45 0 36 12 21 11 72 68 76 39 67 37 51 2 0 34 61
13 56 68 87 14 47 60 65 32 92 84 43 87 64 90 3 5 87 55 6 34 84 75 53 36 25 17 34 32 0 0 10 28 54 8 1 43 36 26 19 29 37 30 54 54 35 15 18 74 79 72 28 37 48 60 73 26 54 54 41 24 45 22 53 57 46 18 70 57 74 77 49 58 99 75 33 43 31 55 56 48 35 85 13 30 87 34 7 59 54 81 38 12 15 15 95
12 16 10 29 39 75 88 25 34 46 84 65 83 96 100 43 0 23 99 11 19 5 38 61 23 27 0 17 48 36 14 0 37 8 19 26 11 51 23 32 80 53 36 34 42 19 29 57 67 43 15 11 54 33 32 32 35 35 60 60 57 75 45 77 64 29 43 60 63 70 22 43 42 20 1 14 0 7 46 30 29 55 55 31 86 58 18 25 76 50 97 66 18 33 43 85
1 29 67 45 2 46 44 47 87 34 33 57 66 81 97 71 0 0 32 44 75 42 26 30 30 47 52 7 30 38 30 12 6 20 7 48 62 60 46 56 52 48 28 23 34 43 51 45 17 18 24 29 20 16 39 22 75 27 34 38 60 64 35 72 69 58 63 74 80 77 61 41 0 0 0 0 0 0 0 6 37 26 28 99 91 52 1 24 18 79 100 83 66 71 60 96
0 6 3 45 28 0 50 61 29 24 25 67 100 93 99 78 42 0 0 5 38 75 84 84 62 63 59 2 21 15 10 3 20 65 68 87 80 55 83 55 33 68 41 39 10 28 5 24 16 20 8 46 78 49 56 55 64 58 44 18 14 38 49 59 38 55 74 62 78 100 54 9 0 0 0 0 0 0 0 29 0 22 90 75 66 19 6 17 0 17 95 100 100 100 84 70
27 20 30 76 27 0 19 55 20 8 18 59 100 100 94 39 100 74 19 0 0 0 23 73 89 25 32 36 42 25 40 59 50 0 68 63 61 38 61 37 25 41 32 15 23 22 25 4 14 16 83 100 94 61 68 60 23 17 18 40 26 7 31 42 16 8 52 58 49 40 14 0 0 0 0 0 0 0 0 3 46 82 79 20 76 63 31 38 0 33 50 99 99 83 100 69
3 1 10 48 8 33 82 18 22 18 33 51 59 81 100 32 57 89 29 33 35 1 0 2 50 60 56 17 34 50 94 5 9 6 42 94 78 45 36 38 32 64 22 35 46 57 30 26 6 25 91 99 69 46 81 31 37 37 42 33 29 2 0 16 16 59 33 35 59 6 0 0 0 0 0 0 0 0 0 54 84 19 20 0 35 28 50 62 57 73 88 83 69 98 99 69
14 0 30 51 71 9 13 16 25 19 45 32 50 32 99 68 0 34 40 26 54 39 0 0 0 20 78 71 51 44 55 12 24 87 32 95 74 62 6 36 48 55 27 48 70 86 30 35 33 51 44 72 84 78 48 49 71 35 59 15 0 15 24 32 34 49 21 0 14 0 0 19 16 0 0 0 0 0 31 81 61 36 1 0 3 35 55 62 88 32 14 86 72 45 41 89
25 3 0 32 12 25 53 35 0 14 36 0 11 35 76 80 8 17 20 0 10 81 28 0 0 0 0 13 13 8 11 2 0 56 79 64 0 0 4 30 25 29 34 44 9 52 80 14 2 25 30 45 64 36 29 37 84 52 59 37 28 17 46 2 52 28 8 29 13 23 48 66 68 14 45 26 0 49 68 93 8 4 0 0 22 55 57 59 89 5 54 81 70 41 90 67
25 9 0 8 17 23 35 20 29 5 26 12 18 10 4 53 1 29 45 0 0 10 90 46 0 0 0 0 0 0 0 0 0 26 82 0 0 0 0 0 0 6 34 54 40 0 3 20 43 61 24 61 45 54 60 56 64 83 60 62 60 23 13 39 42 20 22 28 46 51 24 37 17 56 55 38 2 32 24 30 34 29 0 0 41 36 65 30 36 64 88 94 82 83 79 75
56 7 20 28 1 2 1 0 60 67 27 16 55 47 34 46 24 17 2 0 0 0 4 58 62 1 0 4 0 0 0 7 16 0 6 0 0 0 19 30 65 57 68 37 1 0 0 15 24 23 53 37 74 95 99 56 53 55 38 59 85 82 28 24 12 64 76 55 11 0 38 42 54 46 34 22 35 16 81 7 42 19 0 6 42 4 4 2 70 100 100 95 99 92 61 56
33 4 26 50 40 10 14 31 43 22 63 53 66 81 41 46 22 43 2 0 0 0 0 58 66 52 36 63 70 47 59 39 19 0 0 13 49 5 50 28 16 0 26 5 0 0 1 51 24 2 53 54 55 86 78 39 2 12 17 38 49 17 1 0 5 49 63 42 39 11 10 11 0 44 93 94 76 45 9 29 19 1 0 38 28 0 0 4 94 100 77 72 100 77 61 100
37 11 17 64 30 26 30 5 64 7 64 68 69 85 18 25 1 6 19 8 35 0 35 20 27 97 75 26 26 61 51 54 37 41 29 70 52 10 7 54 0 0 0 0 0 0 17 44 18 6 29 34 57 80 71 49 0 0 21 59 86 45 70 43 29 66 19 8 13 9 11 18 16 16 19 40 56 12 0 2 64 65 10 27 10 0 0 54 100 99 61 81 100 100 98 100
56 43 15 59 21 67 92 19 49 40 35 41 5 58 13 9 35 0 32 10 3 0 4 0 19 28 3 25 22 43 39 42 9 30 41 3 32 55 32 84 29 17 20 18 2 0 2 61 39 0 0 10 66 80 42 1 0 0 41 90 98 94 76 67 82 20 14 7 2 0 10 18 35 63 95 41 30 9 31 54 14 58 62 31 26 28 45 94 100 91 29 80 100 92 83 84
34 2 15 52 16 69 1 0 2 46 39 39 0 52 0 6 31 0 28 42 4 10 29 49 69 51 7 4 38 70 50 53 42 60 22 28 35 40 40 57 12 37 45 64 20 72 34 3 10 0 0 19 91 77 6 13 27 0 9 52 82 61 48 34 54 3 0 0 0 0 0 0 0 8 79 86 77 86 78 58 64 60 95 78 47 76 81 97 99 82 83 83 100 98 47 90
16 46 12 49 19 15 0 0 0 0 62 57 0 64 6 0 0 0 2 41 62 76 62 70 94 88 60 50 34 22 28 29 56 92 52 63 36 55 69 57 99 75 73 65 65 21 41 3 0 1 39 46 99 32 48 63 28 59 9 66 45 6 16 15 14 0 0 0 0 0 0 0 0 4 21 67 50 27 40 89 67 47 92 64 26 23 73 100 60 95 100 100 92 76 53 92
44 27 19 12 16 0 0 0 0 2 86 31 9 39 15 12 41 43 77 93 85 100 100 100 100 81 46 25 0 5 20 67 99 73 46 65 62 95 82 70 52 79 70 56 65 98 88 72 59 16 29 73 85 80 92 77 84 43 21 15 17 15 5 1 1 28 9 7 53 73 31 15 0 1 5 36 10 0 12 62 64 77 65 78 12 15 97 94 60 52 70 100 93 60 59 50
23 7 2 0 18 12 0 0 0 32 64 41 56 57 48 70 43 47 49 82 88 55 98 66 41 3 2 27 10 0 3 34 98 52 41 95 73 80 53 75 71 46 80 39 27 98 90 95 99 23 7 98 96 85 51 93 57 38 48 48 27 20 1 3 6 97 91 68 40 43 95 95 35 24 0 0 0 0 2 70 88 8 89 64 0 31 75 92 67 87 92 84 65 67 43 22
47 5 2 28 46 36 23 0 0 36 97 62 82 44 63 80 52 63 32 10 36 39 50 28 26 22 45 46 12 0 0 10 59 77 100 59 100 100 56 65 78 89 97 46 11 61 52 68 91 87 28 62 86 64 59 32 10 21 54 73 75 91 100 95 88 26 26 29 30 39 65 81 97 78 2 13 2 0 0 57 38 22 83 23 18 14 24 100 63 63 84 81 37 55 48 57
2 7 4 54 48 20 6 0 4 89 50 15 79 44 6 26 6 16 30 40 30 93 30 0 24 31 21 47 37 26 0 4 24 60 49 56 95 86 20 46 5 40 97 55 39 44 18 32 49 84 64 64 1 2 11 61 45 23 3 0 0 0 13 30 27 0 16 12 0 15 17 38 57 94 18 59 35 0 0 10 18 70 58 88 54 19 27 100 81 49 51 71 69 75 25 63
1 54 74 53 43 0 0 0 15 80 34 17 92 50 10 5 31 15 0 19 14 25 0 4 35 59 26 59 63 44 0 1 42 36 54 36 42 52 54 59 12 62 96 52 10 19 31 34 48 62 67 64 0 39 79 76 50 82 42 32 24 18 3 7 0 38 45 92 67 64 60 13 0 85 95 88 76 28 0 0 20 64 93 92 30 6 55 75 98 84 47 78 76 76 1 52
42 27 21 32 12 0 50 82 6 20 59 8 34 99 49 46 100 99 25 0 45 29 11 51 57 86 26 30 40 12 25 0 67 51 57 71 17 39 42 82 45 44 39 59 13 13 42 42 58 55 74 52 24 39 65 95 75 95 44 66 42 56 68 89 22 64 62 83 84 33 26 49 16 68 100 96 35 2 0 0 2 77 57 28 26 35 50 60 100 98 77 83 69 83 45 61
37 58 14 16 17 0 26 7 0 9 94 46 13 97 90 100 95 65 49 0 80 53 50 73 38 38 11 29 20 16 12 7 47 26 51 74 63 42 69 82 17 9 47 0 0 25 55 48 31 46 96 91 71 74 58 71 31 61 37 84 51 92 78 97 90 56 91 82 27 59 25 0 36 68 33 94 84 20 2 11 82 91 52 15 37 16 47 67 100 99 37 70 48 8 2 73
39 40 4 12 0 38 18 0 0 0 35 63 73 83 100 100 91 82 45 14 37 9 12 87 97 41 39 32 77 65 70 8 5 16 66 58 70 61 74 87 45 6 60 2 0 29 80 55 64 77 100 62 79 100 67 19 0 16 14 48 22 94 100 89 72 45 58 55 36 29 17 41 40 53 4 29 98 68 48 9 89 84 81 50 12 6 28 88 99 81 18 61 40 0 23 60
29 54 5 1 33 0 33 10 0 0 1 19 36 66 63 54 55 49 38 27 42 33 48 45 100 41 26 25 35 41 89 85 11 16 57 55 65 90 35 88 17 27 41 4 2 42 82 60 44 70 98 2 78 99 64 49 4 22 0 11 6 49 98 78 54 0 0 0 44 82 66 47 35 36 53 21 30 86 88 6 32 60 64 87 22 24 59 99 83 35 1 36 32 0 4 0
0 5 58 45 20 72 20 76 97 46 2 0 42 80 29 59 26 43 0 17 45 63 67 96 47 75 24 61 87 65 40 41 94 19 2 33 13 85 68 12 74 48 78 14 0 25 80 21 20 10 6 73 40 94 59 22 4 28 0 0 1 26 75 97 14 0 0 5 45 81 81 77 33 34 48 49 18 20 93 56 64 66 41 9 52 73 95 45 37 48 0 0 0 0 0 0
48 63 59 2 17 43 72 11 77 92 25 24 23 57 76 17 21 53 6 34 19 62 57 94 42 96 39 97 100 92 68 94 64 8 57 58 57 64 4 0 58 71 22 0 0 54 32 0 0 0 10 49 96 77 37 49 0 0 0 10 59 15 49 87 14 0 10 59 78 53 100 41 33 29 67 67 90 70 58 87 68 80 29 19 42 61 22 100 97 30 0 0 0 0 0 0
77 51 29 6 0 8 35 63 36 40 87 28 39 52 98 7 16 20 16 43 72 56 15 64 55 58 70 100 76 100 52 52 56 40 63 39 55 85 26 1 52 39 2 0 0 2 0 0 3 14 71 67 63 73 23 3 0 0 0 0 0 5 58 29 0 0 0 37 51 82 85 1 0 40 44 52 81 87 71 87 83 82 2 11 69 71 80 70 94 10 0 0 0 0 0 0
44 62 5 0 29 48 65 23 25 34 75 47 22 83 100 19 15 21 68 23 33 27 9 59 64 67 95 82 83 83 72 9 59 9 50 0 23 82 5 0 1 0 0 0 0 0 4 33 84 100 89 35 81 78 86 0 0 0 0 0 0 0 22 7 0 0 0 12 44 68 41 0 38 72 64 38 72 74 96 36 29 15 2 0 13 78 88 74 79 53 43 2 0 37 13 27
79 7 0 0 0 65 63 43 55 41 71 87 27 40 35 4 3 1 4 8 5 22 59 66 30 37 100 49 28 68 25 27 12 38 24 0 25 34 0 0 0 6 35 55 46 57 91 53 63 92 83 66 49 82 82 58 25 0 0 0 0 0 0 0 0 0 0 0 46 72 0 0 0 0 0 70 98 96 45 40 55 35 50 0 0 17 28 79 57 99 91 33 0 11 9 75
5 0 0 16 33 41 76 89 64 51 11 72 87 68 61 17 22 25 7 57 35 23 55 77 34 71 91 56 71 71 18 19 69 66 6 0 36 14 0 34 48 60 24 43 47 48 25 64 81 51 63 34 74 48 44 73 33 0 0 0 0 0 0 0 0 0 0 0 8 15 0 0 0 6 33 56 92 74 51 95 31 28 14 20 0 12 31 52 74 68 56 59 6 0 0 8
0 0 10 28 19 28 4 23 53 82 40 13 33 52 61 74 19 55 93 32 76 98 46 74 60 31 38 18 60 82 51 50 54 74 46 0 0 0 20 83 67 70 79 78 71 85 61 17 0 0 0 1 86 30 43 100 32 0 0 0 0 0 0 0 0 0 0 0 0 0 0 0 0 8 84 48 94 49 38 45 66 50 79 85 61 72 48 5 27 22 88 75 60 0 0 24
0 0 0 0 0 0 0 0 53 68 50 54 32 46 76 61 67 85 50 10 52 54 37 43 42 44 35 49 76 49 30 63 37 72 24 0 0 0 40 22 0 17 84 7 0 4 0 0 0 0 0 51 48 53 87 100 94 64 6 2 35 63 25 0 0 0 0 0 0 0 0 3 31 58 71 79 55 0 0 30 77 70 63 76 79 97 47 26 56 3 68 87 89 17 33 20
0 0 0 0 0 0 33 0 38 88 77 48 64 91 96 95 59 89 68 6 18 24 72 82 60 77 18 12 37 17 9 32 13 0 0 0 0 1 0 0 0 0 33 42 0 0 0 0 0 0 0 66 42 34 64 95 100 100 91 71 71 42 0 0 0 0 0 0 0 0 3 62 68 45 57 70 71 0 0 0 1 18 48 82 50 83 80 21 3 2 38 92 69 51 36 27
47 77 64 52 57 48 24 2 26 48 60 53 91 79 58 3 12 62 88 34 0 75 77 57 98 68 13 58 41 50 3 0 0 2 19 4 57 56 0 0 0 0 2 25 0 0 0 0 0 0 17 77 44 67 78 100 90 81 86 74 94 13 0 0 0 20 0 0 2 3 5 62 81 60 50 29 1 0 0 0 0 0 0 85 60 66 84 70 25 1 3 62 79 60 42 39
32 11 17 12 11 13 0 0 0 0 0 0 13 7 0 7 48 6 64 17 61 89 88 70 55 40 31 65 15 25 39 49 88 61 40 46 87 17 0 0 0 0 0 0 0 0 0 0 0 38 76 41 65 79 97 93 29 73 65 56 73 34 9 0 0 12 0 0 11 17 35 72 17 0 27 0 0 0 0 0 0 8 34 64 69 93 4 86 89 39 0 31 38 81 98 94
63 69 43 54 0 0 10 3 0 0 0 0 0 13 19 55 55 1 42 71 26 17 9 31 37 80 68 34 45 85 21 35 91 64 74 92 80 9 0 0 0 0 0 0 0 0 0 5 46 91 90 33 88 58 75 42 0 0 55 65 65 43 75 46 34 25 0 4 10 10 6 34 0 0 0 0 0 0 0 0 0 50 83 55 57 99 34 86 94 83 46 30 31 79 80 72
32 5 0 78 18 0 26 50 20 3 13 54 82 98 100 54 61 0 28 68 0 0 0 32 30 38 45 89 37 58 41 69 100 97 72 91 50 2 0 0 0 0 0 0 0 0 0 2 67 100 68 77 100 62 88 33 0 0 11 29 60 52 79 64 45 7 0 0 2 0 0 0 0 0 0 0 0 0 0 0 0 36 69 81 89 96 72 68 92 73 28 13 21 75 62 86
22 10 0 17 31 44 67 59 62 72 98 54 32 80 94 27 39 0 26 82 55 9 0 0 0 0 33 54 50 54 83 100 74 68 65 59 17 5 0 0 0 0 0 0 0 0 8 49 22 79 35 100 77 44 49 13 0 0 7 44 60 77 57 13 0 0 0 0 0 0 0 0 0 0 0 0 0 0 0 0 0 2 4 78 61 94 88 100 81 22 10 59 60 40 68 46
28 25 9 71 97 96 32 30 18 64 29 83 49 34 36 56 27 0 3 74 74 65 38 34 20 9 0 17 16 5 45 10 33 94 68 79 66 2 0 0 0 0 0 0 0 0 12 15 67 60 86 99 59 30 29 0 0 0 3 13 48 92 17 0 0 0 0 0 0 0 0 0 0 0 0 0 0 0 0 0 0 0 0 74 92 48 68 90 58 47 14 41 74 87 83 59
41 17 33 84 35 30 64 40 55 78 63 58 36 1 73 64 6 0 37 100 91 96 76 90 62 31 0 0 0 0 10 0 1 23 68 88 22 0 0 0 0 0 0 0 0 22 20 76 61 60 98 56 33 12 0 0 0 0 0 20 60 87 2 17 8 0 0 0 0 0 3 39 39 18 21 9 0 0 0 0 0 0 9 82 77 9 38 90 90 7 82 20 92 69 66 59
88 56 65 37 14 34 78 42 18 6 98 54 7 0 66 50 0 0 65 77 9 27 33 3 0 0 0 0 0 5 48 0 0 0 33 33 0 0 0 0 0 0 0 0 0 4 70 100 36 98 54 13 0 0 0 0 0 0 0 44 37 56 62 92 59 0 0 0 0 9 26 28 23 62 80 33 0 0 0 0 23 20 55 100 40 22 94 80 92 5 33 49 92 39 44 48
38 47 89 65 69 41 36 0 0 0 24 10 34 49 89 84 47 0 37 89 28 4 0 0 0 0 0 0 0 0 6 0 0 0 4 49 39 0 0 0 0 0 0 0 0 33 79 70 83 100 38 0 0 0 0 0 0 2 34 40 39 27 72 58 0 0 0 0 0 0 0 0 0 0 8 1 0 19 88 84 79 63 88 74 11 5 50 64 84 37 18 61 53 68 64 45
48 12 59 82 70 45 7 0 0 0 28 82 71 80 68 72 75 0 6 99 95 76 25 10 0 0 0 0 0 0 0 0 0 0 0 23 43 0 0 0 0 0 0 0 49 85 48 55 55 39 5 0 0 0 0 0 0 27 31 22 51 60 22 0 0 0 0 0 0 0 0 0 0 0 0 0 0 0 10 42 80 98 56 1 0 2 63 97 100 34 51 47 83 92 37 74
57 71 97 64 61 21 0 0 0 15 76 57 100 90 87 82 70 0 1 94 61 59 82 9 0 0 0 0 0 0 0 0 0 0 0 6 0 0 0 0 0 0 10 31 26 30 63 34 87 0 26 0 0 0 0 0 12 64 45 24 0 2 4 0 0 0 0 0 0 0 0 0 0 0 0 0 0 0 2 39 60 47 0 0 0 20 94 100 65 6 37 46 91 65 14 55
92 55 67 51 33 0 0 0 2 46 84 87 24 46 66 95 84 0 12 93 96 55 81 63 18 11 45 0 0 0 0 0 0 0 0 0 0 0 0 0 22 27 13 1 0 33 49 79 52 0 2 0 0 0 0 0 35 24 20 0 0 0 0 0 0 0 0 0 0 0 0 0 0 0 0 0 0 1 34 77 82 69 0 0 0 44 99 100 25 49 72 95 95 84 25 14
43 72 72 41 88 36 0 0 0 0 45 80 1 28 58 34 86 59 9 64 100 83 61 46 37 38 48 15 39 0 0 0 0 0 0 0 0 0 14 45 46 18 0 0 13 67 38 62 5 0 0 0 0 0 0 0 0 0 0 0 0 0 0 0 0 0 0 0 0 0 0 0 0 0 0 0 0 22 68 60 94 44 0 0 1 68 100 79 39 79 100 99 62 0 0 0
13 47 54 13 72 33 0 0 0 16 49 8 0 8 0 0 64 96 63 59 98 86 81 61 69 57 34 9 13 1 0 0 0 0 0 0 0 0 29 1 0 0 0 0 0 47 92 5 0 0 0 0 0 0 0 0 0 0 0 0 0 0 0 0 0 0 0 0 0 0 0 0 0 0 0 0 0 67 67 87 32 0 4 15 53 78 92 42 84 61 100 71 12 0 0 0
2 42 77 73 55 21 0 0 0 3 26 0 0 0 0 12 86 99 46 45 46 65 66 86 82 59 66 41 13 1 25 16 38 8 0 0 0 0 0 0 0 0 0 0 2 72 45 0 0 0 0 0 0 0 0 0 0 0 0 0 0 0 0 0 0 0 5 10 4 0 0 0 5 3 0 0 13 50 83 88 28 25 43 74 59 21 39 96 96 100 100 54 5 5 22 0
80 75 18 2 0 0 0 0 0 0 0 0 0 0 0 43 71 72 78 41 68 99 73 50 97 47 68 68 30 46 57 64 81 69 26 0 0 0 0 0 0 0 0 0 0 5 0 0 0 0 0 0 0 0 0 0 0 0 0 0 0 0 0 0 0 0 90 55 36 61 28 44 92 47 29 19 24 84 79 74 32 71 97 63 46 0 21 74 68 100 74 19 60 66 82 55
75 66 2 0 0 0 0 0 0 0 0 0 0 0 0 0 1 87 74 32 26 94 79 40 40 16 0 0 0 8 74 11 6 0 0 0 0 0 0 0 0 0 0 0 0 0 0 0 0 0 0 0 0 0 0 0 0 0 0 0 0 0 0 0 31 50 98 70 57 44 69 42 97 80 85 79 64 98 69 82 88 79 47 28 35 38 56 99 84 93 74 57 72 47 53 60
100 81 11 0 0 0 0 0 0 0 0 0 0 0 0 0 6 62 71 51 40 59 55 33 17 0 0 0 0 21 40 0 0 0 0 0 0 0 0 0 0 0 0 0 0 0 0 0 0 0 0 0 0 0 0 0 0 0 0 0 0 0 0 0 7 78 31 59 67 92 59 79 45 20 82 82 56 64 98 64 15 63 60 24 59 99 100 62 72 63 85 91 100 88 82 96
55 18 8 20 27 0 0 0 0 0 0 0 0 0 0 0 0 16 76 79 25 73 0 0 0 0 0 0 3 91 33 0 0 0 0 0 0 0 0 0 0 0 0 0 0 0 0 0 0 0 0 0 0 0 0 17 52 2 0 0 36 0 0 2 9 76 62 81 65 88 99 96 75 44 59 75 80 49 48 80 44 41 66 95 100 100 81 56 39 79 90 62 48 81 98 94
87 35 48 56 62 1 0 0 0 0 0 0 0 0 0 0 0 2 68 98 93 100 42 0 0 0 0 0 0 52 13 0 0 0 0 0 0 0 0 0 0 0 0 0 0 0 0 0 0 0 0 0 0 4 15 24 79 20 0 5 74 4 20 68 52 51 58 100 100 100 94 83 76 82 83 100 64 43 72 100 94 80 73 65 91 63 42 63 55 82 86 69 72 49 65 75
49 72 68 69 84 6 0 0 0 0 0 0 0 0 0 1 45 62 100 100 80 74 99 51 3 0 0 0 0 0 0 0 0 0 0 0 0 0 0 0 0 0 0 0 0 0 0 0 0 0 0 0 0 32 51 66 65 65 0 24 100 40 88 89 40 6 24 100 91 95 83 94 94 87 100 100 85 60 27 98 90 82 72 18 20 0 37 62 66 43 46 17 54 51 98 69
37 59 58 69 34 70 48 10 0 0 0 0 0 0 0 0 0 28 45 32 64 88 23 73 90 2 0 0 0 0 0 0 0 0 0 0 0 0 0 0 0 0 0 0 0 0 0 0 0 0 0 0 0 4 44 79 44 59 41 71 100 54 69 99 47 34 75 76 67 74 95 86 57 68 63 83 96 76 86 68 35 43 37 9 0 0 18 96 54 33 33 0 0 7 34 8
17 13 19 30 54 72 64 25 11 1 0 0 0 0 0 0 0 0 0 0 1 87 73 47 97 21 0 0 0 0 0 0 0 0 0 0 0 0 0 0 0 0 0 0 0 0 0 0 0 0 0 4 27 8 3 35 31 42 41 82 62 63 69 73 58 77 53 38 49 20 46 64 63 62 48 96 85 68 86 69 96 97 35 51 45 1 0 0 56 58 45 12 0 0 0 0
0 0 0 0 0 10 52 3 3 0 0 0 0 0 0 0 0 0 0 0 0 33 87 28 99 35 0 0 0 0 11 15 6 0 0 0 0 0 0 0 0 0 0 0 0 0 0 0 0 0 0 12 61 30 0 27 24 26 71 95 62 54 61 68 30 43 25 87 87 80 60 62 47 57 80 97 96 64 99 88 100 99 34 59 94 12 0 18 87 66 64 44 0 0 0 0
0 0 0 0 0 0 0 0 0 0 0 0 0 0 0 0 0 0 0 0 1 48 92 79 93 83 32 0 0 22 81 60 4 0 0 0 0 0 0 0 0 0 0 0 0 0 0 0 0 6 32 16 73 25 41 61 55 66 68 75 89 67 48 69 81 21 25 76 47 62 92 78 70 12 75 98 100 88 91 98 76 76 74 86 91 55 0 1 29 67 73 42 0 0 0 0
0 0 0 0 0 0 0 0 0 0 0 0 0 0 0 0 0 0 0 15 48 91 100 90 45 85 62 39 70 38 53 9 0 0 0 0 0 0 0 0 0 0 0 0 0 0 7 17 24 45 70 80 66 41 56 80 62 60 70 53 55 67 96 48 42 16 79 44 39 30 27 58 72 0 56 80 100 62 79 96 65 56 15 66 78 61 13 0 0 26 40 47 17 0 0 0
0 0 0 0 0 0 0 0 0 0 0 0 0 0 0 0 0 0 2 57 84 81 50 81 56 64 80 74 62 11 0 0 0 0 0 0 0 0 0 0 29 0 0 0 7 39 71 82 92 33 72 14 72 82 69 66 93 74 20 5 49 42 35 33 73 60 26 83 82 10 0 0 4 0 10 90 100 73 80 40 73 69 25 82 96 70 31 0 0 28 90 59 39 0 0 0
