data/habitatmaps/RS_maps/habitat_Regulus.regulus_2009.asc
NCOLS 369 
NROWS 228 
XLLCORNER 479000 
YLLCORNER 73000 
CELLSIZE 1000 
NODATA_value -9 
[rows 126 to 188 of 228, columns 96 to 191 of 369]
38 1 18 32 53 52 99 80 57 36 52 90 97 14 20 46 48 52 49 34 44 34 34 28 16 32 12 36 40 57 56 49 22 0 0 0 9 72 36 0 0 0 0 37 18 35 12 14 58 63 56 45 10 46 75 41 11 50 79 66 38 34 43 0 0 0 2 36 82 68 57 32 55 64 0 10 34 16 56 81 72 35 15 61 64 60 83 76 89 88 84 71 88 60 9 0
21 1 71 11 66 100 100 84 55 56 72 84 78 88 84 44 73 74 72 90 88 40 28 14 26 10 12 20 22 41 37 92 92 42 1 0 19 68 62 9 0 0 0 0 0 1 37 61 95 97 76 26 50 64 57 84 86 98 89 82 63 6 0 0 0 10 59 80 50 58 61 17 27 29 0 0 0 0 0 15 64 84 57 49 50 55 55 74 95 76 63 46 48 48 0 0
0 0 0 42 74 90 87 52 34 87 45 41 28 52 41 47 38 56 50 55 20 18 39 0 0 0 0 0 2 0 1 12 23 90 91 47 57 37 0 43 19 0 0 0 0 0 0 20 86 100 58 59 62 44 52 83 100 77 53 35 0 0 0 15 35 85 90 63 88 98 43 0 0 0 0 0 0 0 0 16 66 71 70 68 72 21 84 75 30 14 0 0 0 21 11 0
2 7 43 71 93 23 64 76 52 96 63 40 10 24 22 98 30 42 44 42 18 8 2 0 0 7 3 20 60 46 28 2 1 34 51 92 96 20 0 40 48 33 0 0 0 0 0 0 76 60 33 44 84 61 94 82 100 42 5 0 0 0 16 81 96 84 36 0 0 80 37 0 0 0 0 0 0 0 4 82 68 45 2 0 34 55 94 57 0 0 0 0 0 0 0 0
11 15 44 60 95 15 48 50 40 57 64 58 22 52 45 30 66 74 48 36 12 14 2 0 18 41 23 16 52 37 0 0 0 0 0 10 26 27 18 52 55 41 11 10 0 0 0 0 38 77 70 42 45 68 49 1 6 0 0 0 29 55 94 94 20 16 0 0 0 14 0 0 0 0 0 0 2 21 48 56 78 6 0 0 69 91 88 92 33 1 0 0 0 0 0 0
11 21 72 96 92 12 36 49 88 94 76 18 47 35 22 30 30 42 12 2 0 0 0 0 9 80 100 64 55 8 2 2 0 0 0 8 22 73 84 59 0 22 14 14 12 0 0 0 0 0 0 0 0 0 0 3 56 21 0 40 97 100 92 26 0 0 0 0 0 0 0 0 0 0 0 0 31 76 45 24 20 0 0 18 42 10 72 62 68 50 11 0 0 0 0 0
26 36 58 23 30 64 42 74 88 82 28 36 39 2 51 54 28 36 58 34 3 3 20 42 44 42 65 54 28 19 36 24 17 23 30 62 63 73 67 60 5 0 28 28 27 39 0 0 0 0 0 0 12 0 21 66 56 0 62 95 82 56 12 0 0 0 0 0 0 0 0 0 0 0 0 4 20 13 1 0 0 0 1 62 26 0 4 62 58 86 50 12 0 0 0 0
17 46 66 75 22 44 26 41 39 65 17 56 12 52 57 1 0 2 1 1 58 57 54 64 22 1 0 22 15 2 8 2 15 5 19 5 26 53 78 56 92 65 30 2 50 5 41 28 22 21 0 42 63 59 96 84 63 18 78 58 4 0 6 16 0 0 0 4 0 0 0 0 0 0 14 0 0 0 0 0 0 0 6 84 16 0 0 7 45 18 20 47 0 0 0 0
46 52 78 83 29 56 41 24 70 38 6 46 71 43 4 0 0 0 0 1 43 50 40 8 7 30 43 38 29 36 43 23 35 31 28 25 13 42 98 89 50 71 94 38 0 16 12 32 83 96 42 61 79 97 90 92 98 92 67 100 48 20 60 26 22 17 14 35 37 15 6 8 0 22 10 0 0 0 0 0 0 0 0 24 0 0 0 0 6 51 59 8 0 0 0 0
69 61 60 37 16 32 78 51 54 17 8 26 31 16 0 0 0 0 0 18 30 24 10 30 26 20 52 61 67 76 30 70 62 53 50 17 26 44 58 50 7 3 82 50 6 44 55 53 81 92 77 98 24 38 67 73 86 100 79 93 52 78 78 67 49 60 88 51 65 41 47 52 0 61 17 0 0 0 0 0 0 0 0 0 0 0 0 0 0 1 11 10 0 0 0 0
84 62 52 18 31 53 18 34 54 0 8 1 0 0 0 0 0 9 5 16 21 32 51 40 23 52 48 93 66 29 41 56 34 76 53 20 4 44 4 0 5 4 36 69 23 18 8 74 63 82 69 29 0 28 29 57 7 40 96 92 38 48 76 68 65 29 56 74 30 61 82 28 4 38 0 0 0 0 0 0 0 0 0 0 0 0 0 0 0 0 16 10 0 0 0 0
88 54 42 12 10 36 40 25 14 0 0 0 3 14 13 0 0 45 48 12 38 72 62 28 14 48 8 13 24 16 0 47 74 77 47 16 13 12 0 0 27 39 64 52 6 16 80 75 94 68 75 0 1 81 31 0 0 0 46 60 100 94 22 47 54 63 62 42 13 2 6 16 52 47 0 0 0 0 0 0 0 0 0 0 0 0 0 0 0 0 6 10 0 0 0 0
33 8 33 40 29 72 50 16 0 0 2 37 43 66 46 10 28 29 28 9 67 35 14 14 22 47 0 0 0 0 0 28 39 36 4 16 42 0 0 5 16 84 48 6 0 33 87 39 52 37 28 0 0 5 6 0 0 7 97 93 85 70 39 0 2 70 72 26 23 2 25 66 31 0 0 0 0 0 0 0 0 0 0 0 0 0 0 0 0 0 3 45 0 0 0 0
40 16 69 74 83 58 38 44 30 30 32 53 48 18 42 44 26 44 12 32 66 20 22 21 0 0 9 22 24 13 49 3 11 41 18 12 13 0 7 36 94 54 34 8 28 43 60 48 2 0 0 0 0 0 0 0 2 40 84 100 74 34 92 6 1 88 100 97 38 44 86 58 0 0 0 0 0 0 0 0 0 0 0 0 0 0 0 0 0 0 0 0 0 0 0 0
66 66 70 60 58 68 53 62 31 10 47 70 75 53 78 40 25 4 19 30 40 12 30 11 0 0 11 0 21 26 77 30 0 0 25 15 0 0 54 69 46 37 7 50 85 59 19 54 1 0 0 0 0 0 0 0 0 0 15 76 45 58 38 10 0 59 86 66 21 14 5 0 0 0 0 0 0 0 0 0 0 0 0 0 0 0 0 0 0 0 0 0 0 0 0 0
55 29 56 67 39 54 81 16 46 83 59 59 36 36 71 58 6 12 48 51 48 50 32 0 0 0 0 1 8 54 62 8 5 12 14 0 0 0 40 31 16 8 58 18 62 18 34 78 23 5 0 0 0 0 0 0 0 0 5 40 42 65 50 0 0 7 2 0 0 0 0 0 0 0 0 0 0 0 0 0 0 0 0 0 0 0 0 0 0 0 0 0 0 0 0 0
51 32 38 41 35 77 18 1 13 66 60 54 38 16 45 58 8 32 32 30 49 57 30 18 0 7 30 32 6 29 9 0 6 14 2 0 0 18 46 23 2 25 18 3 51 56 36 83 76 70 27 20 4 0 0 0 0 0 2 73 20 92 35 0 0 0 0 0 0 0 0 0 0 0 0 0 0 0 0 0 0 0 0 0 0 0 0 0 0 0 0 0 0 0 0 0
84 21 36 25 23 60 42 0 0 4 15 16 56 42 50 26 30 11 11 14 26 60 29 2 0 0 20 40 0 11 10 0 0 5 0 0 0 56 55 43 7 34 44 12 24 18 52 77 28 70 59 34 0 0 0 0 0 0 3 52 23 76 60 66 8 0 0 0 0 0 0 0 0 0 0 0 0 0 0 0 0 0 0 0 0 0 0 0 0 0 0 0 0 0 0 0
18 38 25 1 2 63 66 17 25 30 2 14 40 65 31 36 24 18 70 1 0 0 0 0 0 4 56 6 34 31 5 0 0 0 0 0 37 36 52 27 37 16 48 11 0 6 66 59 28 17 2 0 0 0 0 0 0 0 2 21 67 28 0 6 0 0 0 0 0 0 0 0 0 0 0 0 0 0 0 0 0 0 0 0 0 0 0 0 0 0 0 0 0 0 0 0
52 1 42 50 3 0 7 27 16 40 1 5 34 61 15 1 12 5 48 65 0 22 12 2 5 0 20 66 67 53 40 11 0 0 0 0 0 31 58 32 30 77 0 32 10 0 0 27 75 64 38 0 0 0 0 0 0 0 37 26 27 0 0 0 0 0 0 0 0 0 0 0 0 0 0 0 0 0 0 0 0 0 0 0 0 0 0 0 0 0 0 0 0 0 38 12
18 2 14 0 0 26 16 55 12 0 15 34 45 59 10 16 14 23 34 44 32 13 36 66 39 0 0 2 20 16 30 20 0 0 0 0 36 74 33 0 7 54 6 51 33 0 0 0 2 22 46 16 0 0 0 0 0 5 42 79 68 36 0 0 0 0 0 0 0 0 0 0 0 0 0 0 0 0 0 0 0 0 0 0 0 0 0 0 0 0 0 0 0 1 56 90
36 27 0 0 0 7 6 2 0 14 34 27 5 24 1 13 12 53 18 2 63 44 41 38 22 0 2 0 0 0 24 5 0 0 0 4 34 48 30 2 0 16 59 48 44 12 0 0 0 0 0 0 0 0 0 0 10 46 56 44 66 39 0 0 0 0 0 0 0 0 0 0 0 0 0 0 0 0 0 0 0 0 0 0 0 0 0 0 0 0 0 0 3 26 70 41
69 3 0 0 0 0 0 1 7 56 78 42 22 32 16 2 39 38 20 16 74 5 16 2 2 29 24 10 8 0 6 0 0 0 25 30 36 48 45 28 1 12 71 26 36 8 0 0 0 0 0 0 0 0 0 0 0 0 0 0 32 47 0 0 0 0 0 0 0 0 0 0 0 0 0 0 0 0 0 0 0 0 0 0 0 0 0 0 0 0 1 14 33 16 18 94
59 0 0 22 31 45 17 28 56 48 74 39 18 36 34 19 32 23 71 21 56 6 11 17 18 49 30 5 10 13 0 0 0 6 30 68 58 20 27 6 0 0 40 18 52 0 0 0 0 0 0 0 0 0 0 0 0 0 2 38 26 5 0 0 0 0 0 0 0 0 0 0 0 0 0 0 0 0 0 0 0 0 0 0 0 0 0 0 0 0 26 45 11 29 86 18
13 1 0 28 24 36 1 71 36 23 62 54 20 4 0 0 50 16 8 0 33 40 24 50 68 49 0 0 0 0 0 0 0 9 28 46 20 13 12 0 0 0 30 58 36 29 12 0 0 0 0 0 0 0 0 0 0 0 0 6 0 0 0 0 0 0 0 0 0 0 0 0 0 0 0 0 0 0 0 0 0 0 0 0 0 0 0 1 5 46 23 10 42 46 17 0
0 0 4 52 86 46 47 48 12 44 54 41 31 11 0 1 2 2 2 0 40 48 50 24 49 46 38 2 0 0 0 0 6 7 32 10 24 56 2 0 0 0 54 23 50 70 17 0 0 0 0 0 0 0 0 0 0 0 0 0 0 0 0 0 0 0 0 0 0 0 0 0 0 0 0 0 0 0 0 0 0 0 0 0 0 0 0 57 50 16 12 78 100 55 48 0
0 30 18 32 96 49 1 5 13 42 34 4 18 2 14 3 36 55 67 15 48 51 20 66 30 35 47 16 0 0 0 20 38 64 4 12 30 38 0 0 0 2 32 38 72 2 0 0 0 0 0 0 0 0 0 0 0 0 0 0 0 0 0 0 0 0 0 0 0 0 0 0 0 0 0 0 0 0 0 0 0 0 0 0 0 4 25 75 10 38 90 90 48 0 0 0
71 8 0 11 55 5 14 57 65 37 73 46 0 0 46 45 18 38 26 28 4 29 22 60 8 44 48 2 0 0 0 30 31 50 2 34 55 22 0 0 0 6 20 84 30 0 0 0 0 0 0 0 0 0 0 0 0 0 0 0 0 0 0 0 0 0 0 0 0 0 0 0 0 0 0 0 0 0 0 0 0 0 0 0 1 54 38 0 28 76 87 6 0 0 0 0
16 16 52 36 43 88 60 54 44 97 78 82 38 0 38 48 40 26 24 16 0 0 0 64 18 2 36 47 3 0 0 16 30 64 34 63 5 0 0 0 1 26 62 27 0 0 0 0 0 0 0 0 0 0 0 0 0 0 0 0 0 0 0 0 0 0 0 0 0 0 0 0 0 0 0 0 0 0 0 0 0 0 0 1 58 62 6 29 78 40 15 0 0 0 0 0
4 41 30 21 90 84 24 6 27 40 40 39 54 0 0 10 20 0 0 0 0 0 17 73 10 0 51 72 27 0 1 36 46 12 23 42 0 0 0 0 0 42 68 11 0 0 24 0 0 0 0 0 0 0 0 0 0 0 0 0 0 0 0 0 0 0 0 0 0 0 0 0 0 0 0 0 0 0 0 0 0 0 5 63 30 4 47 100 76 2 0 0 0 0 0 0
52 30 43 61 89 57 0 0 40 46 31 37 29 24 31 76 20 0 0 0 0 0 40 60 42 3 24 24 10 0 0 6 21 2 42 3 0 0 0 0 0 72 33 51 58 48 70 34 4 0 0 0 0 0 0 0 0 0 0 0 0 0 0 0 0 0 0 0 0 0 0 0 0 0 0 0 0 0 9 0 0 0 38 38 8 69 92 50 34 8 0 0 0 0 0 0
76 48 38 12 55 18 0 3 45 48 38 46 20 70 75 76 20 5 0 0 0 2 41 42 18 8 34 36 15 0 0 0 0 0 0 0 0 0 0 2 6 7 0 0 4 51 41 29 14 0 0 0 0 0 0 0 4 18 2 0 0 0 0 0 0 0 0 0 0 0 0 0 0 0 0 0 0 3 39 5 29 56 43 24 81 93 40 0 0 0 0 0 0 0 0 0
44 36 46 18 8 0 0 14 34 40 28 58 50 72 77 35 65 4 0 0 0 3 3 32 28 56 20 53 44 26 0 0 0 0 0 0 0 0 0 5 6 0 0 0 0 1 0 0 0 0 0 0 0 9 12 20 24 8 1 0 0 0 0 0 0 0 0 0 0 0 0 0 0 0 0 0 0 38 68 15 22 77 40 83 94 44 0 0 0 0 0 0 0 0 0 0
77 72 30 64 47 62 1 0 0 18 21 90 31 44 82 21 6 1 0 0 0 0 5 35 33 46 68 60 98 50 1 0 0 0 0 0 0 0 0 0 0 0 0 0 0 0 0 0 0 0 0 0 14 56 22 16 22 0 0 0 0 0 0 0 0 0 0 0 0 0 0 0 0 0 0 0 2 86 86 45 70 40 82 76 20 0 0 0 0 0 0 0 0 0 0 0
14 46 60 54 47 38 22 0 3 24 26 47 18 41 56 26 24 0 12 6 0 0 28 67 50 44 24 38 56 34 0 0 0 0 0 0 0 0 0 0 0 0 0 0 0 0 0 0 0 0 3 20 30 41 80 56 2 0 0 0 0 0 0 0 0 0 0 0 0 0 0 0 0 0 0 0 28 82 36 67 47 90 52 3 0 0 0 0 0 0 0 0 0 0 0 0
18 11 45 48 20 54 50 0 48 33 50 50 20 14 0 19 6 8 2 5 0 4 38 14 33 56 8 8 4 1 0 0 0 0 0 0 0 0 0 0 0 0 0 0 0 0 0 0 14 8 51 30 40 44 31 0 0 0 0 0 0 0 0 0 0 0 0 0 0 0 0 0 0 0 0 45 82 78 24 44 88 82 11 0 0 0 0 0 0 0 0 0 0 0 0 0
52 30 48 36 0 47 18 13 63 20 78 50 0 0 0 8 20 36 4 0 0 0 0 0 0 0 0 0 0 0 0 0 0 0 0 0 0 0 0 0 0 0 8 0 0 0 0 0 44 30 39 80 64 13 0 0 0 0 0 0 0 0 0 0 0 0 0 0 0 0 5 30 14 0 3 59 78 14 16 79 72 70 39 0 0 0 0 0 0 0 0 0 0 0 0 0
33 3 0 0 0 24 0 46 74 8 37 42 14 28 0 0 10 22 0 0 0 0 0 0 0 0 0 0 0 0 0 0 0 0 0 0 0 0 5 58 22 53 15 0 0 0 0 3 32 58 84 37 2 0 0 0 0 0 0 0 0 0 0 0 0 0 0 0 0 52 70 8 0 36 74 53 52 63 53 49 85 36 0 0 0 0 0 0 0 0 0 0 0 0 0 0
0 0 0 0 0 0 0 32 7 26 44 1 14 4 0 0 11 0 0 0 0 0 0 0 0 0 0 0 0 0 0 0 0 0 0 0 0 0 0 22 73 22 0 0 0 0 0 2 54 97 38 0 0 0 0 0 0 0 0 0 0 0 0 0 0 0 0 4 50 60 4 41 70 33 63 24 54 68 78 99 85 49 42 31 22 50 59 32 9 0 0 0 0 0 0 0
18 5 0 3 0 0 0 0 7 47 56 64 74 18 0 0 0 0 0 0 0 0 0 0 0 0 0 0 0 0 0 0 0 0 0 0 0 0 0 49 64 0 0 0 0 0 0 2 40 75 16 0 0 0 0 0 0 0 0 0 0 0 0 0 0 9 45 22 33 20 38 69 46 26 38 78 92 79 56 74 66 90 66 64 65 78 0 0 0 0 0 0 0 0 0 0
37 4 8 59 28 0 7 16 78 47 46 22 21 3 0 0 0 0 0 0 0 0 0 0 0 0 0 0 0 0 0 0 0 0 0 0 4 2 27 91 16 0 0 0 0 0 0 9 58 60 22 0 0 0 0 0 0 0 0 0 0 0 0 0 0 10 20 59 94 97 12 20 20 28 38 74 56 27 0 24 86 66 98 68 82 22 0 0 0 0 4 1 0 0 0 0
50 51 16 16 57 65 44 46 80 55 0 0 0 0 0 0 0 0 0 0 0 0 0 0 1 7 0 0 0 0 0 0 26 4 0 0 4 24 66 61 68 1 0 0 0 0 0 34 79 75 34 0 0 0 0 13 0 0 0 8 0 0 0 0 0 4 34 62 90 36 0 32 84 72 96 2 0 0 0 1 42 98 71 0 0 0 0 0 0 0 24 35 0 0 0 0
94 67 56 22 78 37 12 8 2 1 0 0 0 0 0 0 0 0 0 0 0 0 0 6 62 65 7 16 0 1 4 5 57 77 25 0 10 80 59 36 84 10 0 2 0 0 22 66 76 80 30 6 32 8 0 31 0 1 51 24 5 0 0 0 0 12 24 31 8 0 40 65 72 88 45 0 0 0 10 50 77 74 54 0 0 0 0 0 0 12 31 34 0 0 0 0
39 61 95 94 33 2 0 0 0 0 0 0 0 0 0 0 0 0 0 0 0 0 4 27 69 96 58 9 1 16 45 30 66 92 78 48 16 70 79 14 91 54 45 30 59 26 53 44 73 71 77 54 70 2 87 84 44 4 44 39 6 6 0 0 8 44 18 0 0 18 69 71 97 28 0 0 0 0 12 3 10 7 3 0 0 0 0 0 0 2 33 0 0 0 0 31
28 58 98 95 40 0 0 0 0 0 0 0 0 0 0 0 0 0 0 0 0 0 0 34 75 100 58 7 39 70 88 80 70 44 40 55 92 96 84 62 64 77 60 48 58 43 34 26 36 20 25 26 47 70 46 52 66 59 66 59 77 56 34 10 74 36 2 0 18 10 68 94 32 2 0 0 0 0 0 0 0 0 0 0 0 0 0 0 26 56 33 0 0 0 0 11
36 23 10 3 0 0 0 0 0 0 0 0 0 0 0 0 0 1 0 0 0 0 29 48 82 100 63 59 56 30 24 55 54 63 20 12 54 24 26 24 38 55 14 34 19 50 2 0 0 0 0 8 5 16 27 22 4 20 53 60 75 26 28 0 18 8 2 0 4 13 88 76 0 0 0 0 0 0 0 0 0 0 0 0 0 0 31 29 54 26 0 0 3 0 0 53
46 16 0 0 0 0 0 0 0 0 0 0 0 0 34 2 1 2 0 5 8 17 66 72 88 62 25 6 28 44 34 1 4 10 0 18 18 38 66 30 0 12 5 1 0 0 30 49 56 72 66 30 5 0 0 0 0 11 17 23 47 10 8 31 7 9 3 5 1 51 100 89 8 0 0 0 0 0 0 0 0 0 0 0 0 29 38 23 57 41 2 46 32 0 15 23
0 3 0 0 0 0 0 0 6 0 0 0 0 1 66 55 36 0 0 34 68 10 60 68 59 10 22 68 28 94 9 0 0 0 26 80 54 48 100 74 0 0 0 0 3 19 76 98 100 80 28 56 86 73 54 47 40 20 0 3 8 18 28 34 76 100 86 80 77 81 56 10 62 16 0 0 0 0 0 0 0 0 0 0 0 0 0 35 70 38 15 65 9 25 80 17
16 42 10 0 0 0 0 7 60 50 3 0 0 0 39 71 65 3 28 40 69 44 28 58 28 40 18 0 30 51 3 0 0 21 90 86 98 56 64 69 64 31 37 53 66 72 62 97 100 28 7 48 66 46 73 95 100 89 17 58 54 98 100 52 76 100 84 86 82 27 57 77 74 42 6 0 0 0 0 0 2 0 0 0 0 3 30 84 92 24 23 56 0 37 78 28
79 66 25 0 0 0 0 0 12 48 40 0 0 0 6 29 62 63 36 72 72 0 0 29 90 56 2 45 0 11 2 0 0 8 52 80 88 57 12 73 81 88 80 41 62 81 82 36 48 73 34 59 49 22 15 75 70 45 32 68 84 100 97 70 95 77 2 6 65 93 100 73 60 14 14 0 0 0 0 60 42 23 0 0 0 0 6 81 94 59 17 0 40 88 41 80
23 0 0 0 0 0 0 6 66 72 33 0 0 4 47 80 74 91 45 50 31 0 21 22 96 52 12 0 0 0 0 2 58 36 86 85 34 22 37 98 84 42 74 100 100 79 96 38 0 0 46 61 93 97 80 38 100 98 25 34 39 78 96 33 51 97 30 0 0 76 98 100 68 1 0 0 0 0 17 60 57 26 0 0 0 0 0 0 8 59 80 34 0 58 63 6
36 22 0 0 0 0 0 9 6 45 66 14 2 27 24 63 54 33 9 1 28 0 1 22 36 12 0 0 0 5 6 57 75 76 42 12 28 38 1 10 24 2 20 24 58 100 96 58 0 0 8 72 80 97 96 70 90 96 41 41 36 47 100 44 48 96 4 0 1 20 5 93 33 0 0 0 0 0 0 77 34 0 15 27 0 0 0 0 0 0 65 85 5 27 24 72
70 13 0 0 0 0 0 0 1 56 81 47 26 16 10 27 84 0 0 16 20 0 0 0 0 0 0 24 50 74 90 87 22 60 83 50 69 17 0 0 0 0 0 0 4 89 76 23 0 0 6 30 2 3 26 23 37 92 62 64 4 34 68 22 48 80 4 0 0 0 4 67 2 0 0 0 0 0 0 5 2 29 34 93 90 49 0 0 0 4 25 92 61 13 63 84
14 0 0 0 0 0 0 0 0 39 76 66 86 91 29 40 9 0 0 0 0 0 0 4 40 70 83 59 58 92 72 78 96 100 97 100 50 45 16 0 0 0 0 0 0 61 88 12 0 0 0 0 0 0 0 50 23 26 21 66 56 52 90 15 0 59 0 0 0 0 0 13 6 0 0 0 0 0 0 0 0 62 96 95 43 95 56 38 1 44 74 41 29 2 77 82
0 0 0 0 0 0 0 0 0 14 66 80 57 10 0 9 21 0 0 0 0 0 0 62 62 36 99 100 85 82 97 94 83 64 52 100 94 95 14 0 0 0 0 0 0 14 72 6 0 0 0 0 0 0 0 44 17 0 10 64 80 100 94 18 0 50 3 0 0 0 0 0 0 0 0 0 0 0 0 0 7 44 7 50 81 80 83 95 76 44 92 52 26 0 54 84
0 0 0 0 0 8 11 0 0 30 85 64 0 0 0 4 25 12 0 0 2 16 46 66 23 71 76 81 88 95 90 92 12 50 100 100 99 67 12 3 0 0 0 0 0 26 83 6 0 0 0 0 0 0 14 10 1 34 52 20 78 85 40 0 0 34 0 0 0 0 0 0 0 0 0 0 0 0 0 0 0 1 20 14 72 61 43 38 75 76 100 30 16 16 56 100
0 0 0 1 21 84 79 56 40 91 48 20 0 0 0 2 0 0 16 52 66 28 38 75 54 82 96 76 25 44 66 72 0 30 67 93 66 26 43 35 0 0 0 0 0 42 71 1 0 0 0 0 2 20 27 3 60 78 98 72 81 82 1 0 0 0 0 0 0 0 0 0 17 9 0 0 23 71 30 7 5 64 43 69 57 51 20 0 22 62 100 95 89 20 59 63
0 0 21 66 71 71 85 64 54 58 18 0 0 0 0 0 1 20 72 54 14 12 13 68 51 62 100 28 0 0 23 20 0 4 50 98 52 98 94 61 0 0 0 0 7 60 75 0 0 0 0 0 12 66 51 68 66 81 67 51 52 54 46 0 0 0 0 0 0 0 0 2 84 22 0 0 43 36 56 38 60 61 18 69 63 58 36 21 4 15 98 100 46 14 30 49
0 0 28 85 31 34 77 96 3 0 0 0 0 0 16 25 44 68 80 61 88 28 30 74 53 50 97 82 2 0 0 0 0 0 24 70 42 82 74 0 0 0 0 0 28 52 20 0 0 0 0 2 10 46 77 48 33 98 30 48 30 69 37 0 0 0 0 0 0 0 0 42 28 47 17 0 20 71 88 56 66 91 100 100 100 100 100 99 73 9 75 71 24 23 40 23
0 2 22 55 46 10 14 29 3 0 0 3 19 86 80 40 22 22 30 82 92 7 96 54 42 63 94 59 0 0 0 0 0 0 15 67 16 48 61 0 0 0 0 0 15 46 0 0 0 0 0 8 70 49 44 42 84 20 0 53 52 57 43 0 0 0 0 0 0 0 2 48 49 23 50 27 70 46 44 100 86 98 91 64 26 50 76 87 99 11 44 53 40 7 13 0
0 9 30 80 96 16 0 0 0 0 19 36 52 52 3 30 51 0 86 24 16 8 24 38 28 46 94 13 0 0 0 0 0 0 16 34 32 31 73 2 0 0 0 0 30 38 0 0 0 0 0 34 87 28 43 82 32 0 0 8 64 55 43 0 0 0 0 0 0 0 0 2 38 58 53 59 42 0 90 85 33 12 3 0 0 0 0 16 45 23 71 38 0 0 0 0
0 37 40 62 32 0 0 0 0 30 68 68 26 9 46 11 65 82 84 16 18 11 34 44 38 6 59 35 0 0 0 0 0 0 38 46 97 66 56 34 0 0 0 0 15 9 0 0 0 0 0 72 46 90 68 83 1 0 0 9 64 34 27 4 0 0 0 0 0 0 0 0 0 5 87 64 50 49 78 39 0 37 7 0 0 19 0 6 16 0 1 2 0 0 0 12
46 60 8 17 0 0 0 0 51 38 92 95 80 63 74 22 84 100 6 0 44 8 72 84 45 12 60 75 0 0 0 0 0 0 36 22 46 95 73 28 0 0 0 0 0 0 0 0 0 0 6 66 60 68 34 15 0 0 0 0 4 43 85 38 0 0 0 0 0 0 0 0 0 61 92 22 50 86 69 48 7 73 59 5 43 79 11 75 23 8 0 0 0 -9 -9 27
