data/habitatmaps/RS_maps/habitat_Fringilla.coelebs_2007.asc
NCOLS 369 
NROWS 228 
XLLCORNER 479000 
YLLCORNER 73000 
CELLSIZE 1000 
NODATA_value -9 
[rows 61 to 121 of 228, columns 0 to 95 of 369]
-9 -9 -9 -9 -9 -9 -9 -9 -9 -9 -9 -9 -9 -9 -9 -9 -9 -9 -9 -9 -9 -9 -9 -9 -9 -9 -9 -9 -9 -9 -9 -9 -9 -9 -9 -9 -9 -9 -9 -9 -9 -9 -9 -9 -9 -9 -9 -9 -9 -9 -9 -9 -9 -9 -9 -9 -9 -9 -9 -9 -9 -9 -9 -9 -9 -9 -9 22 20 35 30 19 72 63 70 28 25 89 46 41 17 38 45 61 59 44 72 73 99 89 43 41 45 91 36 43
-9 -9 -9 -9 -9 -9 -9 -9 -9 -9 -9 -9 -9 -9 -9 -9 -9 -9 -9 -9 -9 -9 -9 -9 -9 -9 -9 -9 -9 -9 -9 -9 -9 -9 -9 -9 -9 -9 -9 -9 -9 -9 -9 -9 -9 -9 -9 -9 -9 -9 -9 -9 -9 -9 -9 -9 -9 -9 -9 -9 -9 -9 -9 -9 -9 -9 -9 -9 27 46 21 24 37 22 36 34 40 58 48 22 53 46 39 76 69 88 96 94 100 85 74 73 78 51 0 8
-9 -9 -9 -9 -9 -9 -9 -9 -9 -9 -9 -9 -9 -9 -9 -9 -9 -9 -9 -9 -9 -9 -9 -9 -9 -9 -9 -9 -9 -9 -9 -9 -9 -9 -9 -9 -9 -9 -9 -9 -9 -9 -9 -9 -9 -9 -9 -9 -9 -9 -9 -9 -9 -9 -9 -9 -9 -9 -9 -9 -9 -9 -9 -9 -9 -9 -9 -9 -9 52 77 99 81 67 76 36 34 44 7 44 41 68 65 98 83 76 64 65 85 28 24 18 8 10 28 13
-9 -9 -9 -9 -9 -9 -9 -9 -9 -9 -9 -9 -9 -9 -9 -9 -9 -9 -9 -9 -9 -9 -9 -9 -9 -9 -9 -9 -9 -9 -9 -9 -9 -9 -9 -9 -9 -9 -9 -9 -9 -9 -9 -9 -9 -9 -9 -9 -9 -9 -9 -9 -9 -9 -9 -9 -9 -9 -9 -9 -9 -9 -9 -9 -9 -9 -9 -9 -9 61 72 61 24 52 43 31 51 15 43 76 26 41 82 61 56 63 68 70 60 26 27 33 12 71 72 38
-9 -9 -9 -9 -9 -9 -9 -9 -9 -9 -9 -9 -9 -9 -9 -9 -9 -9 -9 -9 -9 -9 -9 -9 -9 -9 -9 -9 -9 -9 -9 -9 -9 -9 -9 -9 -9 -9 -9 -9 -9 -9 -9 -9 -9 -9 -9 -9 -9 -9 -9 -9 -9 -9 -9 -9 -9 -9 -9 -9 -9 -9 -9 -9 -9 -9 -9 -9 -9 53 62 16 37 50 39 63 43 0 1 5 26 48 63 78 97 42 21 76 37 16 32 45 27 50 36 25
-9 -9 -9 -9 -9 -9 -9 -9 -9 -9 -9 -9 -9 -9 -9 -9 -9 -9 -9 -9 -9 -9 -9 -9 -9 -9 -9 -9 -9 -9 -9 -9 -9 -9 -9 -9 -9 -9 -9 -9 -9 -9 -9 -9 -9 -9 -9 -9 -9 -9 -9 -9 -9 -9 -9 -9 -9 -9 -9 -9 -9 -9 -9 -9 -9 -9 -9 -9 36 61 58 27 70 80 52 34 13 2 0 0 45 48 57 40 67 61 41 70 8 2 20 27 7 24 29 37
-9 -9 -9 -9 -9 -9 -9 -9 -9 -9 -9 -9 -9 -9 -9 -9 -9 -9 -9 -9 -9 -9 -9 -9 -9 -9 -9 -9 -9 -9 -9 -9 -9 -9 -9 -9 -9 -9 -9 -9 -9 -9 -9 -9 -9 -9 -9 -9 -9 -9 -9 -9 -9 -9 -9 -9 -9 -9 -9 -9 -9 -9 -9 -9 -9 -9 -9 81 58 6 35 36 64 98 44 21 11 0 0 6 73 10 31 76 55 74 15 27 31 64 29 18 64 19 34 33
-9 -9 -9 -9 -9 -9 -9 -9 -9 -9 -9 -9 -9 -9 -9 -9 -9 -9 -9 -9 -9 -9 -9 -9 -9 -9 -9 -9 -9 -9 -9 -9 -9 -9 -9 -9 -9 -9 -9 -9 -9 -9 -9 -9 -9 -9 -9 -9 -9 -9 -9 -9 -9 -9 -9 -9 -9 -9 -9 -9 -9 -9 -9 -9 -9 -9 44 16 11 40 63 40 41 54 9 28 0 0 47 61 92 32 38 94 100 80 46 21 38 16 31 38 67 29 42 68
-9 -9 -9 -9 -9 -9 -9 -9 -9 -9 -9 -9 -9 -9 -9 -9 -9 -9 -9 -9 -9 -9 -9 -9 -9 -9 -9 -9 -9 -9 -9 -9 -9 -9 -9 -9 -9 -9 -9 -9 -9 -9 -9 -9 -9 -9 -9 -9 -9 -9 -9 -9 -9 -9 -9 -9 -9 -9 -9 -9 -9 -9 -9 -9 -9 -9 80 57 64 44 53 12 12 30 10 12 1 6 61 56 73 64 88 99 82 17 53 36 18 39 30 100 47 2 44 38
-9 -9 -9 -9 -9 -9 -9 -9 -9 -9 -9 -9 -9 -9 -9 -9 -9 -9 -9 -9 -9 -9 -9 -9 -9 -9 -9 -9 -9 -9 -9 -9 -9 -9 -9 -9 -9 -9 -9 -9 -9 -9 -9 -9 -9 -9 -9 -9 -9 -9 -9 -9 -9 -9 -9 -9 -9 -9 -9 -9 -9 -9 -9 -9 67 79 97 84 52 11 62 38 15 13 6 48 7 27 36 29 77 98 94 75 54 5 34 62 26 6 19 40 0 12 69 89
-9 -9 -9 -9 -9 -9 -9 -9 -9 -9 -9 -9 -9 -9 -9 -9 -9 -9 -9 -9 -9 -9 -9 -9 -9 -9 -9 -9 -9 -9 -9 -9 -9 -9 -9 -9 -9 -9 -9 -9 -9 -9 -9 -9 -9 -9 -9 -9 -9 -9 -9 -9 -9 -9 -9 -9 -9 -9 -9 -9 -9 -9 -9 65 89 95 49 24 54 63 57 19 33 56 30 3 25 2 11 69 58 81 25 14 2 31 44 65 22 1 36 40 6 31 44 50
-9 -9 -9 -9 -9 -9 -9 -9 -9 -9 -9 -9 -9 -9 -9 -9 -9 -9 -9 -9 -9 -9 -9 -9 -9 -9 -9 -9 -9 -9 -9 -9 -9 -9 -9 -9 -9 -9 -9 -9 -9 -9 -9 -9 -9 -9 -9 -9 -9 -9 -9 -9 -9 -9 -9 -9 -9 -9 -9 -9 -9 94 66 59 73 44 36 53 61 30 39 63 10 8 42 0 20 46 63 77 100 6 51 50 19 9 11 50 40 0 0 12 41 52 48 22
-9 -9 -9 -9 -9 -9 -9 -9 -9 -9 -9 -9 -9 -9 -9 -9 -9 -9 -9 -9 -9 -9 -9 -9 -9 -9 -9 -9 -9 -9 -9 -9 -9 -9 -9 -9 -9 -9 -9 -9 -9 -9 -9 -9 -9 -9 -9 -9 -9 -9 -9 -9 -9 -9 -9 -9 -9 -9 -9 -9 73 19 52 58 31 34 32 50 22 39 26 84 0 9 56 44 21 71 100 97 47 0 3 11 28 40 51 98 58 0 0 14 33 42 54 76
-9 -9 -9 -9 -9 -9 -9 -9 -9 -9 -9 -9 -9 -9 -9 -9 -9 -9 -9 -9 -9 -9 -9 -9 -9 -9 -9 -9 -9 -9 -9 -9 -9 -9 -9 -9 -9 -9 -9 -9 -9 -9 -9 -9 -9 -9 -9 -9 -9 -9 -9 -9 -9 -9 -9 -9 -9 -9 -9 46 48 25 40 41 5 0 33 2 59 16 27 45 0 4 30 26 35 71 89 27 4 13 28 22 13 86 45 53 15 0 14 62 68 36 30 42
-9 -9 -9 -9 -9 -9 -9 -9 -9 -9 -9 -9 -9 -9 -9 -9 -9 -9 -9 -9 -9 -9 -9 -9 -9 -9 -9 -9 -9 -9 -9 -9 -9 -9 -9 -9 -9 -9 -9 -9 -9 -9 -9 -9 -9 -9 -9 -9 -9 -9 -9 -9 -9 -9 -9 -9 -9 -9 65 75 60 13 0 14 71 38 77 31 29 22 32 25 22 11 38 63 89 94 67 5 4 21 2 0 10 38 50 39 0 25 54 66 62 26 0 31
-9 -9 -9 -9 -9 -9 -9 -9 -9 -9 -9 -9 -9 -9 -9 -9 -9 -9 -9 -9 -9 -9 -9 -9 -9 -9 -9 -9 -9 -9 -9 -9 -9 -9 -9 -9 -9 -9 -9 -9 -9 -9 -9 -9 -9 -9 -9 -9 -9 -9 -9 -9 -9 -9 -9 -9 -9 83 10 15 4 2 19 61 68 63 12 3 2 8 50 13 33 25 39 80 100 76 42 1 31 42 0 18 30 50 25 58 76 89 29 31 19 36 82 65
-9 -9 -9 -9 -9 -9 -9 -9 -9 -9 -9 -9 -9 -9 -9 -9 -9 -9 -9 -9 -9 -9 -9 -9 -9 -9 -9 -9 -9 -9 -9 -9 -9 -9 -9 -9 -9 -9 -9 -9 -9 -9 -9 -9 -9 -9 -9 -9 -9 -9 -9 -9 -9 -9 -9 -9 14 87 20 0 19 51 66 12 41 31 59 52 10 67 45 51 51 25 18 75 49 96 66 5 49 24 28 31 31 17 36 97 70 34 46 68 74 46 36 43
-9 -9 -9 -9 -9 -9 -9 -9 -9 -9 -9 -9 -9 -9 -9 -9 -9 -9 -9 -9 -9 -9 -9 -9 -9 -9 -9 -9 -9 -9 -9 -9 -9 -9 -9 -9 -9 -9 -9 -9 -9 -9 -9 -9 -9 -9 -9 -9 -9 -9 -9 -9 -9 -9 -9 -9 23 77 33 44 45 52 15 54 24 6 15 14 55 50 13 38 32 5 26 93 71 48 88 24 47 26 15 14 7 38 90 71 35 55 66 55 30 34 70 31
-9 -9 -9 -9 -9 -9 -9 -9 -9 -9 -9 -9 -9 -9 -9 -9 -9 -9 -9 -9 -9 -9 -9 -9 -9 -9 -9 -9 -9 -9 -9 -9 -9 -9 -9 -9 -9 -9 -9 -9 -9 -9 -9 -9 -9 -9 -9 -9 -9 -9 -9 -9 -9 -9 -9 5 30 45 21 37 33 32 32 41 7 0 2 22 14 22 29 5 0 57 100 88 16 11 70 1 7 0 26 43 72 42 68 61 70 100 54 6 26 38 65 96
-9 -9 -9 -9 -9 -9 -9 -9 -9 -9 -9 -9 -9 -9 -9 -9 -9 -9 -9 -9 -9 -9 -9 -9 -9 -9 -9 -9 -9 -9 -9 -9 -9 -9 -9 -9 -9 -9 -9 -9 -9 -9 -9 -9 -9 -9 -9 -9 -9 -9 -9 -9 -9 -9 21 73 39 40 42 48 41 87 29 0 66 35 35 51 39 59 28 10 63 97 58 6 4 31 68 0 10 25 36 10 49 69 39 15 49 60 55 9 20 89 100 91
-9 -9 -9 -9 -9 -9 -9 -9 -9 -9 -9 -9 -9 -9 -9 -9 -9 -9 -9 -9 -9 -9 -9 -9 -9 -9 -9 -9 -9 -9 -9 -9 -9 -9 -9 -9 -9 -9 -9 -9 -9 -9 -9 -9 -9 -9 -9 -9 -9 -9 -9 -9 -9 -9 67 63 19 6 26 4 56 36 4 11 38 20 20 24 34 62 68 92 98 61 15 1 41 34 21 2 22 31 38 32 16 26 65 45 53 26 4 45 94 91 56 64
-9 -9 -9 -9 -9 -9 -9 -9 -9 -9 -9 -9 -9 -9 -9 -9 -9 -9 -9 -9 -9 -9 -9 -9 -9 -9 -9 -9 -9 -9 -9 -9 -9 -9 -9 -9 -9 -9 -9 -9 -9 -9 -9 -9 -9 -9 -9 -9 -9 -9 -9 -9 -9 56 10 0 18 63 29 9 44 21 27 37 27 12 20 53 89 66 67 46 59 26 5 11 9 0 0 11 31 38 46 18 9 17 30 52 63 34 93 98 56 41 45 69
-9 -9 -9 -9 -9 -9 -9 -9 -9 -9 -9 -9 -9 -9 -9 -9 -9 -9 -9 -9 -9 -9 -9 -9 -9 -9 -9 -9 -9 -9 -9 -9 -9 -9 -9 -9 -9 -9 -9 -9 -9 -9 -9 -9 -9 -9 -9 -9 -9 -9 -9 -9 89 21 67 51 25 34 15 1 11 19 21 53 45 46 11 88 59 52 31 13 43 58 86 58 9 4 16 35 15 12 22 10 38 60 82 98 78 98 54 19 0 18 0 11
-9 -9 -9 -9 -9 -9 -9 -9 -9 -9 -9 -9 -9 -9 -9 -9 -9 -9 -9 -9 -9 -9 -9 -9 -9 -9 -9 -9 -9 -9 -9 -9 -9 -9 -9 -9 -9 -9 -9 -9 -9 -9 -9 -9 -9 -9 -9 -9 -9 -9 -9 38 1 52 28 20 29 41 34 1 0 35 74 45 17 4 38 87 66 35 51 47 66 76 79 21 6 32 16 33 27 35 72 46 23 8 43 48 60 42 0 0 0 0 0 0
-9 -9 -9 -9 -9 -9 -9 -9 -9 -9 -9 -9 -9 -9 -9 -9 -9 -9 -9 -9 -9 -9 -9 -9 -9 -9 -9 -9 -9 -9 -9 -9 -9 -9 -9 -9 -9 -9 -9 -9 -9 -9 -9 -9 -9 -9 -9 -9 55 74 33 62 60 62 25 47 14 1 38 40 49 34 57 50 42 47 72 71 72 69 37 36 24 57 81 76 28 20 41 35 58 72 64 21 48 51 74 40 42 56 23 33 18 5 0 10
-9 -9 -9 -9 -9 -9 -9 -9 -9 -9 -9 -9 -9 -9 -9 -9 -9 -9 -9 -9 -9 -9 -9 -9 -9 -9 -9 -9 -9 -9 -9 -9 -9 -9 -9 -9 -9 -9 -9 -9 -9 -9 -9 -9 0 27 6 59 65 55 65 69 56 33 9 54 1 4 67 44 27 50 39 51 31 55 79 24 16 2 55 23 0 2 15 0 0 36 65 25 18 52 47 57 82 100 56 81 61 74 47 84 19 42 41 85
-9 -9 -9 -9 -9 -9 -9 -9 -9 -9 -9 -9 -9 -9 -9 -9 -9 -9 -9 -9 -9 -9 -9 -9 -9 -9 -9 -9 -9 -9 -9 -9 -9 -9 -9 -9 -9 -9 -9 -9 -9 -9 -9 49 16 55 38 57 40 95 78 72 42 20 18 42 18 41 61 13 24 64 74 52 6 69 60 13 41 23 33 0 0 23 3 6 24 51 38 50 64 100 73 24 45 27 48 100 86 17 71 52 63 99 87 89
-9 -9 -9 -9 -9 -9 -9 -9 -9 -9 -9 -9 -9 -9 -9 -9 -9 -9 -9 -9 -9 -9 -9 -9 -9 -9 -9 -9 -9 -9 -9 -9 -9 -9 -9 -9 -9 -9 -9 -9 -9 11 11 26 59 62 54 8 31 53 38 79 45 16 39 11 35 88 78 19 67 43 74 61 51 70 39 54 42 73 32 20 4 15 44 32 71 28 14 38 88 26 6 0 1 2 65 82 55 41 95 27 6 63 67 53
-9 -9 -9 -9 -9 -9 -9 -9 -9 -9 -9 -9 -9 -9 -9 -9 -9 -9 -9 -9 -9 -9 -9 -9 -9 -9 -9 -9 -9 -9 -9 -9 -9 -9 -9 -9 -9 -9 -9 -9 34 27 4 35 66 27 0 0 31 11 18 60 25 20 27 43 90 23 27 46 75 59 60 80 53 49 67 36 73 98 53 50 2 50 41 55 20 34 60 97 74 0 0 0 39 55 50 91 75 65 67 12 46 51 1 0
-9 -9 -9 -9 -9 -9 -9 -9 -9 -9 -9 -9 -9 -9 -9 -9 -9 -9 -9 -9 -9 -9 -9 -9 -9 -9 -9 -9 -9 -9 -9 -9 -9 -9 -9 -9 -9 -9 -9 13 14 43 78 71 33 16 66 57 47 30 35 46 4 47 39 71 9 30 44 51 69 85 55 36 46 48 36 13 14 18 38 35 56 29 56 59 29 75 42 8 5 0 0 7 75 87 86 68 45 53 18 0 0 3 32 35
-9 -9 -9 -9 -9 -9 -9 -9 -9 -9 -9 -9 -9 -9 -9 -9 -9 -9 -9 -9 -9 -9 -9 -9 -9 -9 -9 -9 -9 -9 -9 -9 -9 -9 -9 -9 -9 -9 48 65 80 18 46 20 39 20 37 1 0 0 16 28 40 76 67 49 5 78 82 20 32 61 52 68 70 50 36 19 26 36 24 76 33 17 94 17 52 74 15 0 30 0 13 85 77 84 96 37 74 44 0 0 28 87 40 29
-9 -9 -9 -9 -9 -9 -9 -9 -9 -9 -9 -9 -9 -9 -9 -9 -9 -9 -9 -9 -9 -9 -9 -9 -9 -9 -9 -9 -9 -9 -9 -9 -9 -9 -9 -9 -9 67 43 38 50 28 49 31 37 0 3 45 31 49 45 63 83 61 47 17 58 80 32 41 46 59 43 17 43 54 43 19 36 48 56 10 3 53 16 35 69 40 0 15 0 29 91 81 78 100 49 60 14 29 26 58 84 73 20 4
-9 -9 -9 -9 -9 -9 -9 -9 -9 -9 -9 -9 -9 -9 -9 -9 -9 -9 -9 -9 -9 -9 -9 -9 -9 -9 -9 -9 -9 -9 -9 -9 -9 -9 -9 -9 31 79 14 50 16 21 19 14 45 70 37 50 35 73 25 85 28 36 56 41 48 43 59 47 44 7 14 36 57 24 4 56 4 45 26 9 54 18 47 100 50 1 15 19 22 100 100 100 100 89 47 44 0 11 26 54 93 67 40 28
-9 -9 -9 -9 -9 -9 -9 -9 -9 -9 -9 -9 -9 -9 -9 -9 -9 -9 -9 -9 -9 -9 -9 -9 -9 -9 -9 -9 -9 -9 -9 -9 -9 -9 -9 45 66 64 27 6 0 0 45 59 79 17 28 15 36 9 28 63 22 58 69 75 57 88 94 54 18 17 21 3 30 91 88 77 41 5 10 62 21 23 94 46 43 18 8 9 49 83 100 100 95 40 10 45 65 61 69 13 6 2 1 51
-9 -9 -9 -9 -9 -9 -9 -9 -9 -9 -9 -9 -9 -9 -9 -9 -9 -9 -9 -9 -9 -9 -9 -9 -9 -9 -9 -9 -9 -9 -9 -9 -9 -9 -9 69 71 19 0 0 0 52 65 31 58 4 10 22 17 52 87 65 53 53 46 88 84 65 57 50 18 0 46 91 82 64 36 57 0 5 52 17 40 68 51 58 13 30 67 93 98 94 91 79 28 0 0 0 3 0 23 58 0 0 0 73
-9 -9 -9 -9 -9 -9 -9 -9 -9 -9 -9 -9 -9 -9 -9 -9 -9 -9 -9 -9 -9 -9 -9 -9 -9 -9 -9 -9 -9 -9 -9 -9 -9 -9 65 87 36 0 0 10 50 51 34 61 24 13 56 64 29 2 56 82 82 53 35 84 77 43 31 3 19 25 21 74 36 10 1 0 4 34 7 45 100 80 60 67 44 76 84 100 100 94 3 1 0 0 0 0 0 0 0 41 1 0 8 6
-9 -9 -9 -9 -9 -9 -9 -9 -9 -9 -9 -9 -9 -9 -9 -9 -9 -9 -9 -9 -9 -9 -9 -9 -9 -9 -9 -9 -9 -9 -9 -9 -9 65 92 23 3 0 6 20 34 9 51 32 0 6 91 70 32 46 61 65 60 68 39 16 2 10 22 40 31 49 59 52 5 25 42 0 16 0 18 32 96 43 92 62 42 76 86 88 99 47 0 0 0 0 0 0 0 0 0 20 0 0 47 14
-9 -9 -9 -9 -9 -9 -9 -9 -9 -9 -9 -9 -9 -9 -9 -9 -9 -9 -9 -9 -9 -9 -9 -9 -9 -9 -9 -9 -9 -9 -9 -9 -9 90 25 0 0 25 24 55 20 0 11 16 19 30 68 69 73 79 62 64 50 0 0 6 38 44 32 33 50 82 63 33 32 50 7 0 31 42 86 97 70 74 100 71 45 33 44 30 14 0 0 0 0 0 0 0 0 0 31 35 0 0 11 4
-9 -9 -9 -9 -9 -9 -9 -9 -9 -9 -9 -9 -9 -9 -9 -9 -9 -9 -9 -9 -9 -9 -9 -9 -9 -9 -9 -9 -9 -9 -9 -9 -9 7 0 2 72 15 0 24 0 0 4 71 80 30 46 52 55 75 94 77 28 35 48 67 90 29 70 41 62 30 3 1 38 58 46 44 98 88 90 100 100 91 59 80 77 91 3 0 0 0 0 0 0 0 0 0 0 44 11 0 15 40 39 46
-9 -9 -9 -9 -9 -9 -9 -9 -9 -9 -9 -9 -9 -9 -9 -9 -9 -9 -9 -9 -9 -9 -9 -9 -9 -9 -9 -9 -9 -9 -9 -9 -9 33 8 79 51 24 0 0 24 8 77 54 42 4 73 59 91 100 94 21 4 81 36 85 60 31 70 55 49 25 61 73 53 45 67 88 100 85 92 100 100 67 45 38 24 49 0 0 0 0 0 0 0 0 0 8 46 38 2 18 19 44 38 44
-9 -9 -9 -9 -9 -9 -9 -9 -9 -9 -9 -9 -9 -9 -9 -9 -9 -9 -9 -9 -9 -9 -9 -9 -9 -9 -9 -9 -9 -9 -9 -9 23 16 85 65 2 0 0 5 42 92 22 16 0 33 69 54 93 87 12 26 69 99 93 76 41 12 45 60 37 59 26 19 28 73 98 95 99 96 100 100 100 41 58 56 76 19 0 0 0 0 0 0 0 0 12 38 1 29 2 7 25 37 11 0
-9 -9 -9 -9 -9 -9 -9 -9 -9 -9 -9 -9 -9 -9 -9 -9 -9 -9 -9 -9 -9 -9 -9 -9 -9 -9 -9 -9 -9 -9 -9 -9 61 96 72 12 2 27 9 63 97 81 27 8 35 62 19 79 44 47 75 75 69 45 22 10 36 49 61 87 56 9 16 40 65 77 65 28 78 79 100 100 79 24 2 43 42 7 0 0 0 0 0 0 0 22 50 65 57 61 24 18 7 0 0 0
-9 -9 -9 -9 -9 -9 -9 -9 -9 -9 -9 -9 -9 -9 -9 -9 -9 -9 -9 -9 -9 -9 -9 -9 -9 -9 -9 -9 -9 -9 -9 -9 36 55 46 0 0 43 43 30 67 60 55 91 96 66 44 89 85 100 94 86 81 21 20 8 55 65 22 83 13 54 58 89 41 54 3 16 57 100 100 98 59 68 3 0 0 0 0 0 0 0 0 9 31 9 53 60 20 23 50 1 0 0 0 13
-9 -9 -9 -9 -9 -9 -9 -9 -9 -9 -9 -9 -9 -9 -9 -9 -9 -9 -9 -9 -9 -9 -9 -9 -9 -9 -9 -9 -9 -9 -9 -9 14 0 23 29 2 72 78 55 61 70 78 100 82 50 44 93 67 31 15 23 11 82 76 51 42 22 5 54 57 6 47 54 33 39 31 92 87 43 54 59 51 17 2 0 0 0 0 0 0 0 0 50 46 18 1 20 47 40 0 0 0 0 2 38
-9 -9 -9 -9 -9 -9 -9 -9 -9 -9 -9 -9 -9 -9 -9 -9 -9 -9 -9 -9 -9 -9 -9 -9 -9 -9 -9 -9 -9 -9 -9 -9 0 0 0 0 0 58 89 33 70 55 58 88 69 49 54 18 9 3 9 0 45 69 90 89 22 28 75 58 27 41 66 40 21 32 91 42 65 52 0 30 4 0 0 0 0 0 0 0 0 0 32 9 12 10 29 2 0 17 34 0 14 34 7 32
-9 -9 -9 -9 -9 -9 -9 -9 -9 -9 -9 -9 -9 -9 -9 -9 -9 -9 -9 -9 -9 -9 -9 -9 -9 -9 -9 -9 -9 -9 -9 -9 -9 0 0 0 0 45 78 29 56 40 35 30 36 23 11 48 57 57 53 64 64 69 21 58 46 88 98 21 26 61 42 64 66 83 30 0 37 6 58 7 0 0 0 0 0 0 0 0 0 2 38 0 0 19 22 0 0 0 9 23 42 20 3 26
-9 -9 -9 -9 -9 -9 -9 -9 -9 -9 -9 -9 -9 -9 -9 -9 -9 -9 -9 -9 -9 -9 -9 -9 -9 -9 -9 -9 -9 -9 -9 -9 -9 0 0 16 46 78 68 65 38 30 10 47 17 38 58 27 17 16 16 17 86 74 69 81 79 100 94 65 33 65 54 29 69 47 5 0 0 44 35 0 0 0 0 0 0 0 0 7 30 57 20 5 0 56 19 0 0 0 0 1 13 22 76 29
-9 -9 -9 -9 -9 -9 -9 -9 -9 -9 -9 -9 -9 -9 -9 -9 -9 -9 -9 -9 -9 -9 -9 -9 -9 -9 -9 -9 -9 -9 -9 -9 -9 60 40 68 55 49 82 66 46 0 2 25 51 37 70 66 54 50 37 83 75 67 50 39 92 99 94 50 23 45 37 58 100 98 22 46 20 19 0 0 0 0 0 0 0 0 13 52 24 18 12 37 26 12 0 0 0 15 51 5 25 10 74 17
-9 -9 -9 -9 -9 -9 -9 -9 -9 -9 -9 -9 -9 -9 -9 -9 -9 -9 -9 -9 -9 -9 -9 -9 -9 -9 -9 -9 -9 -9 -9 -9 -9 100 99 89 66 81 75 66 19 4 40 73 50 14 65 41 61 32 44 99 77 30 28 78 100 78 89 71 68 80 89 90 96 100 68 51 13 0 0 0 0 0 0 0 0 7 31 10 23 35 4 0 0 0 0 23 33 4 21 46 41 51 53 21
-9 -9 -9 -9 -9 -9 -9 -9 -9 -9 -9 -9 -9 -9 -9 -9 -9 -9 -9 -9 -9 -9 -9 -9 -9 -9 -9 -9 -9 -9 -9 -9 -9 100 78 48 59 47 54 47 46 74 80 63 67 54 44 31 11 47 100 94 46 25 21 43 17 97 71 80 80 35 97 100 95 90 97 77 5 0 0 0 0 0 0 0 8 39 3 64 0 39 0 0 0 0 0 24 72 5 54 15 54 12 5 0
-9 -9 -9 -9 -9 -9 -9 -9 -9 -9 -9 -9 -9 -9 -9 -9 -9 -9 -9 -9 -9 -9 -9 -9 -9 -9 -9 -9 -9 -9 -9 -9 -9 39 0 10 31 51 62 71 66 33 49 68 59 24 22 24 44 68 100 91 39 25 54 27 47 50 87 38 21 47 82 96 9 25 5 4 0 0 0 0 0 0 0 2 26 1 9 26 28 0 0 0 0 9 41 16 36 27 32 23 30 18 0 31
-9 -9 -9 -9 -9 -9 -9 -9 -9 -9 -9 -9 -9 -9 -9 -9 -9 -9 -9 -9 -9 -9 -9 -9 -9 -9 -9 -9 -9 -9 -9 -9 30 9 79 79 46 25 60 56 28 1 1 9 63 84 31 57 58 98 87 49 51 84 33 59 86 59 20 40 80 38 22 4 0 10 0 0 0 0 0 0 0 0 28 90 21 0 17 15 0 0 0 0 0 4 3 17 33 55 17 38 20 11 31 61
-9 -9 -9 -9 -9 -9 -9 -9 -9 -9 -9 -9 -9 -9 -9 -9 -9 -9 -9 -9 -9 -9 -9 -9 -9 -9 -9 -9 -9 -9 -9 -9 4 69 60 35 42 36 91 52 6 35 17 1 47 72 46 27 81 67 44 58 89 23 72 69 11 0 1 16 41 18 14 45 13 0 0 0 0 0 0 0 8 36 21 55 8 0 17 31 0 0 0 28 38 0 20 34 53 59 27 13 16 27 65 20
-9 -9 -9 -9 -9 -9 -9 -9 -9 -9 -9 -9 -9 -9 -9 -9 -9 -9 -9 -9 -9 -9 -9 -9 -9 -9 -9 -9 -9 -9 -9 -9 12 53 88 25 0 26 47 100 83 31 41 37 66 59 20 0 20 60 77 97 94 49 68 31 27 58 28 7 0 7 9 30 10 0 0 0 0 0 0 13 45 66 29 17 0 2 23 0 0 0 63 50 20 0 0 11 23 56 20 33 28 31 57 9
-9 -9 -9 -9 -9 -9 -9 -9 -9 -9 -9 -9 -9 -9 -9 -9 -9 -9 -9 -9 -9 -9 -9 -9 -9 -9 -9 -9 -9 -9 -9 31 52 87 56 6 61 66 89 97 72 42 16 60 56 4 17 14 29 71 73 57 60 30 75 8 2 33 25 13 1 27 17 6 0 0 0 0 0 0 0 34 70 13 4 52 52 0 0 0 17 5 53 58 5 10 38 30 39 93 24 10 44 51 36 58
-9 -9 -9 -9 -9 -9 -9 -9 -9 -9 -9 -9 -9 -9 -9 -9 -9 -9 -9 -9 -9 -9 -9 -9 -9 -9 -9 -9 -9 67 11 22 48 29 10 31 78 97 67 50 62 48 61 55 89 34 33 49 59 30 34 81 99 90 38 40 22 29 12 1 46 12 0 0 0 0 2 0 2 0 2 52 40 46 17 11 30 52 12 52 26 19 8 4 3 56 22 53 81 28 15 31 61 12 21 39
-9 -9 -9 -9 -9 -9 -9 -9 -9 -9 -9 -9 -9 -9 -9 -9 -9 -9 -9 -9 -9 -9 -9 -9 -9 -9 -9 -9 81 37 80 9 6 3 65 65 84 53 49 18 58 31 59 88 90 75 99 18 93 95 90 70 99 17 42 49 52 18 55 65 3 0 0 0 12 65 73 36 75 48 50 49 9 17 28 34 8 29 25 45 26 5 77 26 61 9 27 68 81 20 24 63 25 2 35 21
-9 -9 -9 -9 -9 -9 -9 -9 -9 -9 -9 -9 -9 -9 -9 -9 -9 -9 -9 -9 -9 -9 -9 -9 -9 -9 85 93 73 70 100 79 9 33 86 87 54 0 0 30 88 95 99 73 98 100 97 65 45 82 99 96 34 10 7 0 8 8 21 47 43 0 11 30 76 73 32 11 35 40 37 23 17 15 38 9 41 96 31 25 5 35 45 21 45 51 28 42 53 0 0 7 5 24 34 25
-9 -9 -9 -9 -9 -9 -9 -9 -9 -9 -9 -9 -9 -9 -9 -9 -9 -9 -9 -9 -9 -9 -9 -9 -9 98 100 94 94 44 93 36 22 51 47 47 12 15 8 64 93 40 77 84 100 100 87 23 66 90 60 30 44 38 17 11 45 44 29 89 60 54 57 46 37 35 20 64 65 5 14 7 6 25 28 21 61 64 70 25 1 20 19 33 25 20 16 24 29 36 10 20 28 31 41 50
-9 -9 -9 -9 -9 -9 -9 -9 -9 -9 -9 -9 -9 -9 -9 -9 -9 -9 -9 -9 -9 -9 -9 71 100 84 94 88 34 5 12 0 46 23 55 60 16 42 55 68 98 28 10 49 58 99 35 27 96 83 6 1 3 46 21 7 27 5 1 24 89 75 12 18 8 48 71 18 33 62 39 16 0 32 5 49 38 0 21 0 10 10 0 0 5 21 6 24 15 11 35 3 11 41 78 20
-9 -9 -9 -9 -9 -9 -9 -9 -9 -9 -9 -9 -9 -9 -9 -9 -9 -9 -9 -9 -9 -9 86 84 96 84 92 60 4 37 48 60 45 81 48 0 0 38 35 73 42 67 63 71 76 45 49 40 100 86 0 3 5 19 4 0 0 0 0 0 8 19 19 3 47 51 63 26 22 12 27 28 24 10 0 67 6 30 62 3 0 25 0 0 0 42 40 4 15 23 49 48 48 50 45 13
