data/habitatmaps/RS_maps/habitat_Pyrrhula.pyrrhula_2010.asc
NCOLS 369 
NROWS 228 
XLLCORNER 479000 
YLLCORNER 73000 
CELLSIZE 1000 
NODATA_value -9 
[rows 126 to 188 of 228, columns 192 to 287 of 369]
0 0 0 0 0 0 0 0 0 0 0 0 0 6 2 50 96 83 60 95 42 0 0 0 0 0 0 0 0 0 0 0 0 0 0 1 29 67 36 67 91 91 25 94 73 99 50 1 22 48 2 0 1 68 7 0 0 0 0 0 0 0 53 62 57 69 100 55 0 0 0 1 33 77 48 3 0 15 33 42 40 41 33 8 51 100 66 60 70 66 59 62 46 0 0 0
0 0 0 0 0 0 0 0 0 0 0 0 0 0 0 10 61 62 52 26 0 0 0 0 0 0 0 0 0 0 0 0 0 0 27 92 77 31 67 100 86 60 20 33 52 94 49 1 0 0 0 0 0 12 0 0 0 0 0 0 0 20 53 30 86 100 100 80 0 0 0 9 33 97 30 0 0 0 0 0 24 29 43 75 64 74 97 82 39 30 78 63 71 6 0 5
0 0 0 0 0 0 0 0 0 0 0 0 0 0 0 0 67 45 65 5 0 0 0 0 0 0 0 0 0 0 0 0 0 32 53 46 1 90 100 16 0 0 2 16 57 93 95 25 0 0 0 0 0 0 0 0 0 4 12 48 48 46 38 73 86 79 100 62 14 0 0 24 30 87 6 38 28 10 8 59 96 100 92 64 100 100 100 96 29 54 86 20 82 52 20 68
0 0 0 0 0 0 0 0 0 0 0 0 0 0 0 0 55 63 53 0 0 0 0 0 0 0 0 0 0 6 1 23 25 26 76 4 57 88 72 68 0 0 0 5 51 21 82 6 0 0 0 0 0 0 0 0 3 36 14 65 86 67 53 73 44 9 86 57 0 0 16 37 57 57 0 37 51 57 93 85 91 100 66 98 55 54 49 72 96 57 39 34 37 84 67 78
0 0 0 0 0 0 0 0 0 0 0 0 0 0 0 1 55 67 20 0 0 0 0 0 0 0 0 0 19 26 2 30 18 70 47 56 70 19 26 63 0 0 0 0 0 35 45 52 0 0 0 0 0 0 22 30 75 31 43 75 100 100 73 80 4 0 21 2 0 0 7 89 18 34 65 1 50 77 55 63 45 93 97 95 74 51 77 100 100 73 83 74 33 32 51 81
0 0 0 0 0 0 0 0 0 0 0 0 0 1 76 76 67 47 25 0 0 0 0 0 0 0 0 1 11 20 66 47 56 98 81 60 28 39 17 39 0 0 0 0 0 0 36 69 3 0 0 0 0 11 48 89 59 23 78 80 37 100 98 61 58 9 0 0 0 13 33 46 0 1 14 0 22 0 0 0 2 62 99 76 27 15 85 74 86 41 39 62 26 41 55 70
0 0 0 0 0 0 0 0 0 0 0 0 6 0 0 56 39 13 0 0 0 0 0 0 0 1 37 35 45 22 38 95 47 73 27 70 41 39 0 13 0 0 0 0 0 0 27 56 1 0 0 0 0 0 8 8 58 88 44 19 11 98 100 95 35 0 0 0 0 43 51 11 0 0 0 0 0 0 0 13 59 1 82 91 64 0 13 5 60 84 35 13 77 100 100 100
0 0 0 0 0 0 0 0 0 0 0 0 24 0 0 0 0 0 0 0 0 0 0 0 0 13 9 8 2 0 0 9 0 1 0 5 40 60 1 0 0 0 0 0 0 0 0 17 2 0 0 0 0 0 0 50 70 57 12 0 1 51 100 66 0 0 0 0 0 34 6 0 0 0 0 0 0 0 0 20 30 6 12 73 97 22 0 2 15 83 89 31 93 100 87 79
0 0 0 0 0 0 0 0 0 0 0 0 0 0 0 0 0 30 3 0 0 0 0 0 0 0 0 0 0 0 0 0 0 0 0 0 59 78 21 0 0 0 0 0 0 0 0 0 0 0 0 0 0 0 34 98 32 2 0 0 0 40 100 35 0 0 0 0 0 0 0 0 0 0 0 0 0 0 43 44 14 0 43 100 96 24 0 0 3 27 89 87 39 71 37 13
0 0 0 0 0 0 0 0 0 0 0 0 0 0 0 0 0 4 0 0 0 0 0 0 0 0 0 0 0 0 0 0 0 0 0 6 45 6 0 0 0 0 0 0 0 0 0 0 0 0 0 0 0 0 45 66 4 0 0 0 0 7 44 46 0 0 0 0 0 0 0 0 0 0 0 0 0 0 18 44 35 30 80 60 4 0 0 0 0 7 56 95 8 51 66 4
0 0 0 0 0 0 0 0 0 0 0 0 0 0 0 9 6 13 21 10 0 0 0 0 0 0 0 0 0 0 0 0 0 0 0 0 55 0 0 0 0 0 0 0 0 0 0 0 0 0 0 0 0 0 6 7 0 0 0 0 0 27 22 56 0 0 0 0 0 0 0 0 0 0 0 0 8 26 85 97 70 5 77 50 0 0 0 0 0 2 62 58 7 15 74 70
0 0 0 0 0 0 0 0 0 0 0 0 0 0 0 16 1 0 0 1 0 0 0 0 0 0 0 0 0 0 0 0 0 0 0 0 8 0 0 0 0 0 0 0 0 0 0 0 0 0 0 0 0 0 0 0 0 0 0 0 0 0 25 48 0 0 0 0 0 0 0 0 0 0 0 0 0 2 8 73 77 29 100 51 0 0 0 0 0 39 79 58 1 0 82 97
0 0 0 0 0 0 0 0 0 0 0 0 0 0 0 0 0 0 0 0 0 0 0 0 0 0 0 0 0 0 0 0 0 0 0 0 0 0 0 0 0 0 0 0 0 0 0 0 0 0 0 0 0 0 0 0 0 0 0 9 44 90 57 0 0 0 0 0 0 0 0 0 0 0 0 0 0 0 7 99 63 64 86 8 0 0 0 0 0 61 86 34 2 0 20 69
0 0 0 0 0 0 0 0 0 0 0 0 0 0 0 0 0 0 0 0 0 0 0 0 0 0 0 0 0 0 0 0 0 0 0 0 0 0 0 0 0 0 0 0 0 0 0 0 0 0 0 0 0 0 0 0 0 0 0 68 84 40 46 6 0 0 0 0 0 0 0 0 0 0 0 0 0 0 7 92 87 90 83 0 0 0 0 0 0 0 6 46 67 25 29 58
0 0 0 0 0 0 0 0 0 0 0 0 0 0 0 0 0 0 0 0 0 0 0 0 0 0 0 0 0 0 0 0 0 0 0 0 0 0 0 0 0 0 0 0 0 0 0 4 27 3 0 0 0 0 0 0 0 0 44 40 1 0 0 0 0 0 0 0 0 0 0 0 0 0 0 20 59 26 11 51 86 98 70 3 0 0 0 0 0 0 0 22 68 99 98 30
0 0 0 0 0 0 0 0 0 0 0 0 0 0 0 0 0 0 0 0 0 0 0 0 0 0 0 0 0 0 0 0 0 0 0 0 0 0 0 0 0 0 14 35 20 0 32 46 8 0 0 0 0 0 0 0 0 22 14 0 0 0 0 0 0 0 0 0 0 0 0 0 0 0 37 68 6 72 87 39 90 100 99 23 0 0 0 0 0 0 0 49 89 30 89 96
0 0 0 0 0 0 0 0 0 0 0 0 0 0 0 0 0 0 0 0 0 0 0 0 0 0 0 0 0 0 0 0 0 0 0 0 0 0 0 0 11 12 72 43 64 20 17 62 0 0 0 0 0 0 0 0 0 0 0 0 0 0 0 0 0 0 0 0 0 0 0 0 17 43 76 80 88 80 100 87 87 83 54 16 0 0 0 0 0 0 0 85 20 0 45 89
0 0 0 0 0 0 0 0 0 0 0 0 0 0 0 0 0 0 0 0 0 0 0 0 0 0 0 0 0 0 0 0 0 0 0 0 0 0 0 32 93 54 71 32 83 39 26 9 0 0 0 0 0 0 0 0 0 0 0 0 0 0 0 0 0 0 0 0 17 24 18 42 17 22 91 85 33 12 47 1 21 95 98 18 0 0 0 0 0 0 4 18 0 0 68 62
0 0 0 0 0 0 0 0 0 0 0 0 0 0 0 0 0 0 0 0 7 23 5 0 0 0 0 0 0 0 0 0 0 3 0 0 0 0 0 12 53 54 78 84 19 11 0 0 0 0 0 0 0 0 0 0 0 0 0 0 0 0 0 0 0 0 0 21 61 73 41 82 66 92 29 7 0 0 0 0 0 74 59 2 0 0 0 0 0 0 0 0 0 0 6 79
0 0 0 0 0 0 0 0 0 0 0 0 0 0 0 0 0 0 12 33 41 83 10 0 0 2 0 0 0 0 0 0 0 25 38 12 0 0 0 52 51 20 16 52 51 48 1 0 0 0 0 0 0 0 0 0 0 0 0 0 0 0 0 0 16 19 0 8 29 9 7 8 5 46 0 0 0 0 0 0 2 81 19 0 0 0 0 0 0 0 0 0 0 0 4 91
43 3 0 0 0 0 0 0 0 0 0 0 0 0 0 0 2 19 32 85 57 64 2 16 56 42 8 0 0 0 0 0 0 13 82 35 10 0 38 85 71 74 55 22 88 16 0 0 0 0 0 0 0 0 0 0 0 0 0 0 0 0 0 0 62 40 29 34 0 0 0 0 0 0 0 0 0 0 0 0 13 96 61 2 0 0 0 0 0 0 0 0 0 0 41 58
43 31 0 0 0 0 0 0 0 0 0 0 0 2 19 30 73 36 8 32 18 64 53 54 67 72 18 19 1 0 0 0 0 0 3 27 48 63 54 54 80 72 88 100 59 85 40 0 0 0 0 0 0 0 0 0 0 0 0 0 0 0 0 0 0 16 2 0 0 0 0 0 0 0 0 0 0 0 0 0 16 70 74 46 2 0 0 0 0 0 0 0 0 3 84 92
37 40 6 0 0 0 0 0 0 0 1 1 36 33 50 65 87 84 86 59 23 55 70 73 53 57 35 76 47 3 0 0 0 0 0 0 11 29 11 12 3 66 100 100 85 81 73 0 0 0 0 0 0 0 0 0 0 0 0 0 0 0 0 0 0 0 0 0 0 0 0 0 0 0 0 0 0 0 0 0 0 0 0 36 96 62 49 0 0 0 0 0 0 0 15 21
0 0 5 0 0 0 0 0 0 0 4 26 48 53 36 53 8 0 0 3 50 65 71 96 68 39 20 30 32 62 12 17 5 9 0 0 0 0 0 0 0 1 51 96 89 67 92 20 6 0 0 0 0 0 0 0 0 0 0 0 0 0 0 0 0 0 0 0 0 0 0 0 0 0 0 0 0 0 0 0 0 0 0 2 70 57 0 0 0 0 0 0 0 0 0 0
0 0 0 0 0 0 0 0 5 45 38 68 41 2 1 0 0 0 0 0 7 50 48 48 70 95 90 69 51 93 97 63 52 71 76 23 11 0 0 0 19 28 0 27 71 53 100 83 53 0 0 0 0 0 0 0 0 0 0 0 0 0 0 0 0 0 0 0 0 0 0 0 0 0 0 0 0 0 0 0 0 0 0 0 45 63 5 0 0 0 0 0 0 0 0 0
0 0 0 0 0 0 0 0 61 30 62 19 0 0 0 0 0 0 2 2 0 0 5 0 13 34 20 64 65 76 90 77 84 73 75 45 87 11 0 0 49 68 57 73 43 63 99 47 22 0 0 0 0 0 0 0 0 0 0 0 0 0 0 0 0 0 0 0 0 0 0 0 0 0 0 0 0 0 0 0 0 0 0 0 2 69 53 6 0 0 0 0 0 0 0 0
0 0 0 0 0 0 0 9 21 1 0 0 0 0 0 0 0 2 32 74 52 11 0 0 0 0 0 12 86 63 52 70 64 48 67 74 46 62 19 2 23 54 91 39 45 95 69 0 0 0 0 0 0 0 0 0 0 0 0 0 0 0 0 2 0 0 0 0 0 0 0 0 0 10 13 11 0 0 0 0 0 0 0 0 0 5 50 57 34 0 0 0 0 0 0 0
0 0 0 0 0 0 0 27 0 0 0 0 0 0 0 0 0 0 0 32 29 55 11 0 0 0 0 0 27 91 88 44 78 59 29 61 44 95 20 14 20 64 95 40 57 100 50 0 0 0 14 28 3 0 0 0 0 0 0 0 0 0 2 36 17 0 0 0 0 0 0 0 0 44 39 10 0 0 0 0 0 0 0 0 0 0 18 0 26 7 0 0 0 0 0 0
0 0 0 0 0 0 0 0 0 0 0 0 0 0 0 0 0 0 0 0 30 40 46 30 0 0 0 0 2 41 76 99 89 75 67 56 66 100 44 12 14 27 68 43 55 100 70 5 0 0 1 68 62 34 3 0 0 0 0 0 0 0 9 53 36 0 0 0 0 0 0 0 8 66 36 1 17 33 8 0 0 0 0 0 0 0 0 0 0 0 0 0 0 0 0 0
0 0 0 0 0 0 0 0 0 0 0 0 0 0 0 0 0 6 1 0 0 11 48 79 46 17 0 0 0 13 68 83 83 62 67 77 93 89 75 18 0 48 96 55 59 100 100 84 6 0 0 57 60 2 0 0 0 0 0 0 0 0 12 77 99 18 0 0 0 0 0 0 14 29 29 42 27 57 6 0 0 0 0 0 0 0 0 0 0 0 0 0 0 0 0 0
0 0 0 0 0 0 0 0 0 0 0 0 0 0 0 0 15 56 58 0 0 9 71 65 53 0 0 0 0 48 82 14 46 61 98 90 95 100 87 68 1 17 91 100 88 74 100 97 60 10 30 35 43 10 0 0 0 0 0 0 0 0 5 71 37 34 11 0 0 0 2 19 89 58 66 66 57 53 0 0 0 0 0 0 0 0 0 0 0 0 0 0 0 0 0 0
0 0 0 0 0 0 0 0 0 0 0 0 0 0 0 0 3 0 60 0 2 68 93 97 57 0 0 0 0 1 10 0 0 3 83 91 64 88 69 96 70 3 83 100 98 88 65 93 85 79 71 68 82 64 5 0 0 0 3 28 14 2 1 72 79 77 71 16 2 0 3 24 10 0 64 77 69 67 25 0 0 0 0 0 0 0 0 0 0 0 0 0 0 0 0 0
0 0 0 0 0 0 0 0 0 0 0 4 16 0 0 0 23 58 27 0 2 57 62 82 39 0 0 0 0 0 0 0 0 3 82 91 99 98 100 84 87 84 41 98 77 83 63 83 64 87 93 100 100 92 59 1 0 0 34 74 13 0 1 52 62 65 69 63 20 0 0 0 0 0 38 77 19 15 0 0 0 0 0 0 0 0 0 0 0 0 0 0 0 0 0 0
0 0 0 0 0 0 0 0 0 0 0 54 84 37 17 0 0 76 75 68 50 49 95 95 22 0 0 0 0 0 0 0 2 53 71 57 68 69 100 72 75 67 57 59 75 83 65 42 98 100 100 99 94 48 24 1 0 0 53 74 3 0 0 0 23 84 42 54 51 0 0 0 0 19 86 60 38 69 46 0 0 0 0 0 0 0 0 0 0 0 0 0 0 0 0 0
0 0 0 0 0 0 0 0 0 0 1 77 93 97 41 0 0 8 85 69 99 95 99 40 0 13 47 30 0 0 0 8 66 99 77 88 69 99 93 54 97 60 100 62 63 80 62 4 92 93 80 57 55 70 0 0 0 2 89 93 15 0 0 0 36 89 32 49 51 0 0 0 0 2 58 69 46 88 86 31 0 0 0 0 0 0 0 0 0 0 0 0 0 0 0 0
0 0 0 0 2 0 0 0 0 0 0 21 92 100 35 0 0 3 36 53 99 100 84 89 36 80 98 43 0 0 0 0 7 37 39 51 73 100 100 45 59 67 100 100 86 96 97 16 100 74 74 19 11 4 0 0 0 27 97 92 62 1 0 2 72 98 29 69 50 0 0 0 0 2 45 51 71 77 2 0 0 0 0 0 0 0 0 0 0 0 0 0 0 0 0 0
0 0 0 0 52 1 0 0 0 0 0 7 81 100 74 9 0 0 0 4 79 100 77 95 100 100 56 4 0 0 0 0 0 0 0 10 65 81 95 100 55 70 99 96 100 100 94 96 96 64 47 56 87 66 13 0 0 33 97 52 5 0 0 0 33 86 40 64 86 0 0 0 0 0 7 80 92 54 12 0 0 0 0 0 0 0 0 0 0 0 0 0 0 0 0 0
0 0 0 10 46 56 1 0 0 0 0 1 77 100 78 18 12 0 3 1 62 100 84 66 63 100 59 0 0 0 22 64 84 44 0 0 0 31 74 98 100 69 39 82 100 94 39 54 100 100 90 83 54 97 92 25 1 53 84 55 2 0 0 13 93 100 76 92 62 0 0 0 0 0 22 77 55 44 27 21 0 0 0 0 0 0 0 0 0 0 0 0 0 0 0 0
0 0 0 5 55 60 2 0 0 0 0 0 63 98 100 65 58 42 36 4 48 94 84 98 42 63 40 0 0 0 0 11 55 52 39 0 0 34 74 70 89 100 70 24 74 98 31 60 91 55 57 92 96 84 34 4 5 79 54 73 25 0 0 37 100 98 75 100 62 1 0 0 0 0 15 60 77 62 68 50 8 0 0 0 4 0 0 0 0 0 0 6 11 12 31 38
0 0 11 69 49 81 19 0 0 1 11 0 59 87 100 96 68 79 23 79 85 90 80 98 32 1 0 0 0 0 0 0 70 76 76 0 0 3 14 38 95 91 81 91 52 16 2 94 42 2 0 9 60 30 0 0 2 74 70 76 64 1 0 43 99 95 47 61 84 61 1 0 2 59 61 69 80 66 70 6 0 19 41 41 61 3 23 35 45 45 62 67 96 84 100 100
0 0 0 0 53 59 30 0 0 2 40 65 78 42 23 78 78 83 75 56 70 97 73 48 13 0 0 0 13 6 54 75 89 100 54 0 0 0 17 13 81 84 90 100 100 52 2 85 93 42 0 1 5 0 0 0 1 76 80 85 35 1 31 89 100 73 81 89 99 98 49 0 13 98 99 100 97 76 55 20 40 50 74 42 67 16 84 69 95 85 64 65 70 65 41 65
0 0 0 3 43 66 32 0 0 0 13 47 17 0 2 39 80 100 70 99 100 97 85 74 18 0 0 0 0 65 100 100 62 77 19 46 36 0 0 84 100 97 100 100 100 100 28 75 100 30 3 7 0 1 0 0 35 76 89 79 7 0 21 63 91 91 100 100 100 50 67 0 0 69 89 100 80 81 98 89 97 91 98 96 62 66 90 80 68 59 50 45 86 98 98 90
23 8 26 91 76 100 21 0 0 0 0 0 0 8 0 0 51 100 67 100 100 99 82 61 3 1 13 1 0 5 64 66 100 66 99 93 74 16 8 97 100 100 65 70 100 100 43 63 100 89 91 99 61 6 0 1 75 99 60 75 29 0 17 67 86 62 100 95 31 64 12 0 0 2 2 87 100 100 68 68 39 52 31 55 65 60 68 77 89 91 97 100 85 97 70 1
49 60 63 75 90 100 57 0 0 15 6 46 55 92 39 0 54 100 78 100 100 93 63 6 0 22 57 5 0 0 0 20 91 85 100 66 14 0 31 10 58 65 22 94 100 100 47 82 100 100 100 92 38 0 0 2 67 89 77 95 4 0 47 97 47 80 100 100 88 73 1 0 4 68 68 98 100 100 49 8 82 100 97 100 98 81 96 92 69 95 97 61 27 65 35 12
19 86 90 75 67 13 9 0 1 21 57 86 100 100 98 30 96 100 72 100 83 54 1 0 0 35 79 72 51 44 12 12 85 74 100 62 4 0 0 0 5 0 60 98 98 100 75 53 96 100 100 99 95 18 0 1 49 74 88 69 1 6 77 90 41 100 100 99 100 63 3 1 10 84 100 100 100 97 20 24 78 98 79 100 100 95 89 57 75 68 15 0 0 0 0 0
92 82 99 29 0 0 0 0 18 39 48 75 94 69 99 98 100 97 48 100 100 97 61 18 53 7 45 77 86 94 57 51 100 66 100 81 11 0 0 0 0 0 1 26 54 100 90 47 78 100 100 97 34 8 0 21 94 99 57 55 0 58 98 58 71 100 100 77 43 0 0 0 70 97 100 100 100 44 1 67 97 100 100 96 38 62 57 0 0 0 0 0 0 0 0 0
77 89 66 22 0 0 0 2 57 60 43 89 99 89 99 100 100 100 96 44 97 100 85 38 95 12 18 16 62 87 100 82 96 70 95 42 3 25 19 30 29 3 2 61 90 96 93 31 47 100 100 69 1 0 0 51 100 79 62 73 35 99 79 64 88 95 74 56 0 0 0 3 42 74 43 90 79 9 4 80 99 94 100 46 0 4 7 0 0 1 30 32 0 0 0 0
85 56 35 4 0 0 0 11 44 84 83 100 100 100 95 71 91 100 100 69 46 80 97 81 91 90 92 17 0 23 73 100 71 81 61 0 42 97 19 90 72 0 78 100 100 100 100 55 30 99 100 95 19 0 27 58 100 71 99 76 48 88 69 94 97 41 31 31 0 0 0 8 43 66 55 72 88 27 0 34 98 21 55 22 0 0 0 0 0 22 96 23 0 0 0 0
96 57 4 0 0 1 3 56 96 36 86 99 100 99 31 16 31 52 99 100 100 92 60 91 100 100 44 29 41 4 9 80 99 73 43 4 34 92 38 98 31 0 32 60 100 100 100 65 60 54 100 100 69 5 27 100 100 99 100 71 55 79 61 100 77 6 0 1 0 0 9 19 64 85 82 100 100 79 0 19 77 31 37 7 11 0 34 53 53 82 97 7 0 0 0 0
89 20 0 0 3 45 92 99 60 93 39 32 57 41 10 0 0 52 100 100 100 100 100 59 76 100 71 87 100 15 0 18 100 97 89 6 54 100 100 57 5 3 5 65 99 90 100 100 39 57 92 100 97 33 30 100 86 100 90 87 88 71 68 100 85 53 29 0 0 20 66 99 65 72 100 71 99 100 4 0 45 72 39 45 49 0 15 54 74 100 86 6 0 0 32 0
100 96 0 0 32 96 79 75 88 63 0 0 0 0 0 0 4 38 62 58 71 99 100 99 51 68 72 92 100 84 39 0 50 100 100 88 73 100 93 95 94 21 1 30 83 100 100 100 79 25 31 100 100 83 42 100 95 96 50 60 85 48 100 100 100 100 83 8 0 51 86 7 82 44 88 46 94 100 41 0 0 58 74 61 44 1 61 77 63 73 52 0 0 23 69 16
95 71 1 0 14 28 48 5 4 16 22 0 0 0 0 0 20 74 22 1 6 17 73 100 100 54 73 23 100 100 96 51 0 57 96 100 93 73 100 95 79 75 49 0 2 86 100 98 93 88 63 2 85 100 100 100 100 75 96 85 63 42 100 86 31 47 98 36 0 40 11 33 61 10 20 87 100 100 89 6 0 22 64 72 68 38 73 42 8 0 0 0 0 38 91 78
72 70 0 0 0 0 0 0 0 0 7 22 44 60 29 30 38 55 64 43 12 39 97 100 100 98 62 56 95 77 65 53 0 3 23 68 69 95 100 91 19 8 13 0 0 22 43 56 90 100 97 35 68 100 100 100 100 100 98 81 55 27 89 100 96 16 14 59 17 0 3 0 2 1 0 0 18 73 100 98 52 21 0 52 80 41 98 53 74 34 0 0 0 0 38 44
88 100 46 32 67 4 0 0 0 0 10 63 100 76 99 99 95 77 76 94 92 89 73 52 81 100 97 30 90 83 89 98 15 0 0 9 23 89 100 68 6 0 0 0 0 0 2 20 93 97 100 36 53 99 79 67 51 12 14 8 64 100 100 100 99 15 0 8 2 0 0 2 9 0 0 0 0 13 75 86 95 -9 3 16 42 30 99 56 37 1 0 0 0 0 0 2
100 56 0 49 86 1 0 0 0 0 0 14 66 83 80 93 97 92 100 100 100 100 44 4 90 100 100 55 43 71 91 50 42 24 23 95 99 80 84 92 60 18 36 7 0 0 5 36 100 100 100 93 42 20 45 83 99 100 93 95 100 100 100 99 82 18 0 0 0 0 45 79 66 37 4 51 9 10 84 100 37 -9 -9 14 11 53 71 98 58 12 0 0 0 0 0 0
99 53 1 65 86 37 37 44 0 0 1 16 0 8 2 17 86 79 97 100 100 100 65 25 81 79 100 100 100 58 73 75 82 20 0 19 90 100 50 100 92 79 85 30 4 7 41 92 100 100 100 99 7 24 100 100 100 100 100 100 100 100 100 57 8 0 0 0 0 0 13 13 70 17 19 47 3 2 41 59 -9 -9 -9 -9 -9 42 66 72 49 20 19 31 0 0 0 11
31 73 71 94 83 87 61 14 8 17 88 100 72 76 30 22 77 97 87 100 98 52 63 95 99 98 100 100 100 80 92 100 100 33 35 56 81 87 63 100 95 71 54 35 36 60 98 100 73 100 88 32 11 92 100 100 100 100 100 100 100 100 100 84 7 0 0 3 28 0 0 14 81 19 44 59 73 78 100 100 -9 -9 -9 -9 -9 -9 100 100 100 93 53 18 0 0 0 40
37 99 99 66 14 68 36 0 4 80 100 98 75 94 93 56 63 91 100 100 98 86 51 81 78 93 76 83 100 66 68 100 100 61 72 96 100 77 40 100 100 100 100 97 100 86 87 100 100 95 41 0 39 100 100 100 100 100 100 95 100 100 100 94 15 0 21 48 35 14 24 38 44 97 100 96 90 60 73 82 -9 -9 -9 -9 -9 -9 -9 -9 -9 -9 0 0 0 0 0 36
82 100 73 91 4 0 0 0 9 45 41 97 99 100 100 100 100 100 100 100 100 100 100 100 100 100 83 53 93 76 80 100 99 54 95 100 100 93 86 76 97 100 100 100 83 81 56 84 76 10 2 1 55 100 100 100 100 100 97 17 50 98 95 87 3 0 65 100 43 14 68 26 59 77 81 68 81 79 76 100 -9 -9 -9 -9 -9 -9 -9 -9 -9 -9 -9 -9 -9 -9 -9 54
100 51 76 72 7 0 3 0 20 17 39 79 34 92 91 95 98 95 96 100 86 99 100 100 100 100 100 89 43 16 38 100 81 100 94 61 60 48 52 76 5 29 19 38 67 68 80 71 21 3 0 41 88 97 100 100 91 49 36 11 0 13 18 18 0 1 72 100 36 1 74 74 96 78 100 71 83 65 21 -9 -9 -9 -9 -9 -9 -9 -9 -9 -9 -9 -9 -9 -9 -9 -9 -9
92 64 100 64 0 16 56 22 84 22 10 8 1 73 37 56 52 15 20 31 21 88 75 100 100 83 81 78 55 53 23 54 94 43 5 1 10 12 11 1 0 0 0 1 7 0 12 1 0 0 9 65 88 95 100 100 100 92 83 57 55 0 0 0 13 0 42 70 41 25 79 70 52 73 96 52 56 0 -9 -9 -9 -9 -9 -9 -9 -9 -9 -9 -9 -9 -9 -9 -9 -9 -9 -9
64 97 100 81 4 39 72 69 71 31 46 48 53 12 34 98 95 81 58 79 92 94 100 100 90 99 100 100 100 95 75 0 10 4 0 0 0 0 26 16 0 0 0 42 6 0 0 0 0 21 59 100 100 100 100 100 100 100 100 60 61 5 5 0 53 64 71 95 100 93 84 89 48 73 52 8 0 0 -9 -9 -9 -9 -9 -9 -9 -9 -9 -9 -9 -9 -9 -9 -9 -9 -9 -9
93 100 100 49 32 81 91 84 85 72 73 87 83 91 93 72 77 62 91 95 98 85 100 100 100 100 100 99 96 82 95 28 0 0 0 0 0 0 3 0 29 24 28 2 3 4 34 51 63 73 100 100 100 100 100 100 78 43 85 17 0 31 29 21 27 60 44 51 90 100 83 41 20 0 0 0 0 -9 -9 -9 -9 -9 -9 -9 -9 -9 -9 -9 -9 -9 -9 -9 -9 -9 -9 -9
