data/habitatmaps/RS_maps/habitat_Linaria.cannabina_2007.asc
NCOLS 369 
NROWS 228 
XLLCORNER 479000 
YLLCORNER 73000 
CELLSIZE 1000 
NODATA_value -9 
[rows 124 to 185 of 228, columns 192 to 287 of 369]
57 16 89 71 52 24 34 90 19 62 94 100 92 100 100 100 88 100 50 3 19 44 100 33 3 78 100 96 17 2 0 0 0 0 3 7 42 100 97 34 0 12 72 91 86 39 12 12 14 15 13 9 36 33 3 26 61 100 100 92 94 100 96 85 12 71 22 61 91 93 12 92 76 16 4 50 100 100 63 93 74 8 0 43 15 44 32 97 68 40 8 15 30 100 76 12
75 68 52 95 100 96 78 19 0 0 17 37 81 78 87 92 53 89 5 36 27 88 87 24 7 47 100 99 25 24 33 0 17 39 64 84 99 38 6 0 29 27 41 55 47 4 9 66 16 22 53 98 100 8 69 86 70 100 100 90 93 79 92 55 57 43 43 18 100 95 78 100 75 51 2 54 100 95 56 56 77 24 0 39 33 2 25 64 49 64 47 30 37 30 33 61
34 40 84 83 83 35 26 0 0 0 0 0 56 94 98 51 4 16 0 3 60 100 86 23 8 66 81 73 21 82 71 0 26 100 100 99 71 11 61 33 9 4 59 2 18 2 50 99 77 52 98 100 98 32 93 100 100 100 100 100 100 84 46 37 43 28 0 46 100 100 100 99 68 22 50 97 100 84 64 58 57 36 0 51 48 0 35 39 29 33 30 6 34 6 31 71
0 0 9 25 16 7 1 0 8 0 0 0 22 45 22 71 39 0 0 74 72 100 92 43 2 3 4 29 26 96 97 56 89 100 73 8 22 56 32 0 12 31 51 56 53 7 51 99 78 100 100 100 100 88 100 100 100 100 100 100 100 83 49 70 14 0 0 19 100 100 100 91 67 3 71 100 100 100 100 100 76 32 0 7 28 26 3 18 61 72 22 23 23 40 66 79
26 0 0 0 2 0 0 0 30 48 5 0 0 6 46 84 33 0 24 86 12 72 98 27 0 0 0 64 62 99 100 75 100 68 47 49 52 10 0 84 81 60 80 61 31 6 5 63 23 58 49 78 100 100 100 100 100 96 88 52 51 56 55 25 14 21 0 39 86 100 100 76 68 13 94 62 68 80 91 41 4 0 5 35 0 0 0 4 71 46 14 47 18 36 54 16
27 2 0 0 0 0 0 0 27 94 72 4 0 8 62 89 46 2 51 54 0 46 73 8 0 23 36 57 100 94 99 63 76 73 24 96 43 13 30 32 100 94 100 87 41 80 18 93 84 33 95 100 98 100 100 100 97 64 83 34 14 33 42 22 60 92 15 43 100 100 84 63 44 42 100 62 36 11 2 4 2 0 33 3 34 27 50 27 5 43 61 54 63 0 19 7
40 0 0 0 0 0 0 0 1 49 93 43 15 40 61 94 46 0 75 24 4 15 45 21 21 74 92 88 81 74 62 38 80 30 52 43 24 87 70 38 78 13 60 100 100 70 71 41 100 67 54 69 86 100 78 67 25 69 59 25 0 0 22 21 96 100 79 97 100 100 93 11 82 65 22 97 27 15 28 34 65 18 3 1 10 49 22 0 0 27 17 26 67 61 49 19
6 0 0 0 6 19 0 1 0 22 86 95 95 99 26 23 14 8 75 89 50 51 60 75 100 100 100 99 89 80 20 39 43 2 5 12 65 61 78 65 93 38 59 57 55 89 77 30 92 71 98 100 100 75 35 11 42 80 23 20 62 0 2 38 42 91 100 73 100 87 61 53 100 99 86 73 53 99 100 100 100 47 2 11 44 82 15 26 14 58 54 33 68 58 44 25
0 0 0 0 6 54 29 32 14 16 78 100 94 100 100 44 51 83 100 78 72 98 97 99 100 99 63 65 54 78 62 4 53 27 73 30 59 63 100 88 88 5 0 12 51 88 75 43 100 33 39 80 100 100 92 92 42 11 56 84 89 2 0 5 65 88 45 94 100 57 50 88 51 93 98 14 34 100 100 87 41 99 16 4 18 99 87 95 39 13 52 71 22 0 0 0
0 0 0 0 1 35 94 87 71 85 97 96 72 97 70 66 100 100 100 100 100 98 88 100 100 87 91 92 98 100 100 91 100 99 100 94 61 43 99 100 99 67 70 83 84 75 67 71 98 64 68 100 100 100 100 50 43 72 96 82 85 49 0 36 100 97 39 98 100 66 94 57 37 78 50 49 79 100 99 63 51 84 76 27 3 78 100 98 85 16 3 52 6 0 13 21
0 0 0 0 0 0 45 76 60 52 67 50 20 6 26 96 95 60 97 100 100 84 82 100 100 100 100 92 94 98 100 100 100 100 100 100 42 29 56 76 63 24 7 74 22 3 1 28 99 97 68 98 100 100 67 2 68 100 69 45 89 60 0 45 100 100 89 100 100 100 100 12 2 23 44 99 100 100 47 37 81 100 57 0 4 76 100 100 93 34 3 12 61 9 50 87
0 0 0 0 0 0 29 22 28 15 3 0 0 39 99 100 82 35 100 100 100 82 97 93 94 72 82 39 38 88 68 94 91 84 100 94 55 98 55 16 0 0 0 3 2 0 0 4 96 99 92 100 100 100 68 34 96 37 6 34 88 93 55 53 100 82 90 100 100 100 95 10 37 100 100 100 100 100 82 60 62 65 15 21 96 100 53 93 43 10 11 5 91 34 8 88
0 0 0 0 0 0 4 1 0 0 0 51 79 98 100 91 94 68 48 75 100 99 52 87 93 95 52 84 100 94 61 45 13 75 100 100 50 71 12 0 0 0 8 13 6 6 9 48 100 81 65 100 100 100 94 93 75 1 43 99 100 73 54 44 100 29 53 100 100 100 83 26 41 90 100 100 98 84 15 4 6 93 15 22 100 100 52 67 72 96 38 31 71 55 7 15
0 0 0 0 0 0 0 1 58 44 76 92 100 100 100 86 99 100 80 91 100 97 91 99 100 88 87 26 37 99 87 4 6 84 100 100 88 97 28 0 0 1 82 89 62 48 45 85 80 22 6 70 100 100 100 100 2 41 96 100 100 84 57 52 100 99 80 100 100 100 100 89 32 53 58 43 88 55 81 27 4 54 0 51 100 60 4 81 100 61 21 33 96 66 17 3
0 0 0 0 0 0 5 39 100 100 100 100 100 100 100 100 85 48 0 6 64 100 100 49 98 38 100 77 76 98 31 12 51 100 100 100 100 100 100 57 24 3 90 85 8 3 18 91 97 16 0 14 95 100 100 95 63 100 100 91 56 10 42 100 100 100 100 100 100 100 100 26 0 0 20 78 70 85 92 1 29 23 10 75 99 100 32 100 100 40 15 56 87 73 22 48
0 0 0 0 0 2 10 53 100 100 100 100 99 76 100 100 49 2 1 55 83 100 99 47 49 15 96 60 72 39 12 58 100 100 100 97 100 100 100 100 57 14 88 100 54 56 93 100 100 75 7 1 71 98 47 21 66 100 100 32 16 60 54 94 100 93 63 95 100 71 12 0 0 54 56 100 100 100 93 3 21 10 4 41 93 86 47 96 100 100 94 53 39 66 70 59
2 3 1 0 20 53 98 100 100 100 100 95 29 50 99 89 96 38 7 57 100 100 100 71 6 3 52 23 76 8 88 100 100 100 76 36 70 65 26 98 47 72 100 100 74 69 100 96 84 99 54 5 20 70 13 29 87 100 58 60 99 100 100 100 97 87 90 47 68 66 62 57 4 11 66 78 42 77 90 23 22 4 32 97 100 81 71 99 64 94 100 78 32 1 2 47
22 3 5 2 85 100 100 100 100 100 100 38 63 86 99 41 31 32 0 3 74 94 43 14 34 23 28 4 22 42 100 100 59 69 5 0 64 1 14 100 100 100 90 61 86 100 61 36 91 90 9 68 50 54 64 88 67 61 86 93 64 100 100 100 100 40 0 62 66 81 100 100 57 16 40 29 58 12 30 54 11 0 1 77 91 84 38 38 77 100 100 50 10 70 11 4
57 52 55 64 100 86 99 100 100 100 98 46 85 100 100 96 70 49 16 0 66 61 37 98 74 99 40 45 38 37 79 91 14 97 22 0 7 1 94 100 90 87 24 47 35 65 12 29 100 36 0 76 100 100 97 59 74 100 99 39 6 69 100 96 60 17 62 62 100 89 100 100 83 55 23 7 0 30 0 14 13 17 45 84 73 8 11 46 100 100 100 18 81 100 55 10
100 100 100 72 73 46 81 100 100 100 50 36 72 57 94 44 60 52 81 30 77 100 100 100 60 100 92 85 97 100 99 93 75 100 41 0 39 80 100 76 15 46 28 42 9 51 81 71 100 27 15 93 72 61 100 71 100 51 48 42 92 100 100 52 40 92 100 100 83 76 82 56 62 62 9 16 75 89 53 97 78 5 3 83 100 83 99 90 100 100 96 83 52 100 32 38
100 82 41 30 12 96 100 100 84 99 69 35 40 11 74 89 95 98 73 96 98 78 95 100 100 99 87 38 36 52 99 94 100 92 95 79 92 100 100 96 49 42 19 33 35 88 100 24 29 18 34 100 31 58 76 80 97 26 3 95 74 87 100 93 100 100 100 79 43 37 78 18 34 8 72 83 76 97 89 40 90 27 42 93 73 80 100 100 100 100 100 98 12 52 92 21
100 90 22 0 4 29 76 76 45 37 25 0 13 32 77 100 100 99 88 68 72 15 90 98 74 60 88 100 100 100 62 23 99 58 56 86 100 100 100 34 49 90 88 54 62 74 100 72 11 0 26 100 39 0 70 100 73 7 0 10 0 89 100 100 84 81 100 92 82 92 98 92 97 58 79 26 10 100 79 47 96 18 81 15 0 24 44 96 98 96 97 63 0 43 95 9
29 92 100 52 50 11 0 6 0 5 35 42 27 80 95 94 100 81 69 15 48 32 95 34 3 52 94 100 100 100 100 100 100 91 14 64 91 100 56 15 28 34 50 28 10 80 100 100 88 16 50 100 14 3 83 98 71 4 1 6 30 100 100 100 38 60 76 70 95 46 100 100 100 100 63 0 29 38 21 52 87 4 39 89 60 53 14 100 66 100 70 0 53 99 59 42
30 61 99 73 89 28 0 0 0 0 73 100 100 94 76 66 22 35 54 20 34 36 45 53 29 25 71 79 98 69 41 39 42 40 74 69 52 38 68 47 20 27 12 0 33 11 54 56 100 80 10 24 60 0 5 83 92 16 4 36 61 83 98 100 100 84 98 100 100 100 100 100 100 100 100 57 0 0 0 0 84 30 26 55 99 100 67 44 58 78 13 35 97 97 16 11
65 44 86 100 53 0 26 0 0 18 97 100 61 31 6 2 4 7 11 40 41 22 16 1 23 29 46 22 53 99 98 28 28 65 35 47 74 73 88 88 97 34 0 0 14 17 34 65 100 87 1 2 2 0 0 7 8 1 28 88 68 83 100 100 100 88 50 82 100 89 30 22 37 79 100 25 0 0 0 17 95 100 100 64 2 38 50 100 96 66 4 46 100 100 85 80
100 99 86 67 91 58 7 0 11 63 99 70 25 20 29 43 83 82 82 97 42 28 20 0 0 0 3 6 31 34 87 77 95 91 100 98 78 83 49 94 100 99 53 6 7 0 10 89 93 74 3 0 0 17 50 61 75 50 94 95 91 100 100 100 69 9 73 97 95 71 0 0 2 18 100 26 52 13 59 97 100 99 93 98 25 44 100 92 52 10 70 87 83 89 100 92
40 8 15 0 34 7 0 0 81 36 23 7 52 94 98 75 29 66 69 54 86 46 15 33 8 1 2 0 0 0 1 29 41 21 19 77 91 100 93 95 81 72 100 74 7 0 0 29 52 97 7 0 0 0 0 12 47 81 86 47 5 52 100 100 54 92 90 55 100 66 0 38 85 97 99 62 94 35 64 100 100 55 74 100 55 37 95 96 64 4 1 0 0 61 87 91
85 5 0 0 0 2 4 19 23 53 35 76 98 86 100 67 84 100 96 96 100 99 87 91 69 61 72 26 0 0 10 23 15 6 13 53 13 89 100 100 51 33 43 21 0 0 3 61 78 23 36 10 1 0 0 0 0 2 0 3 73 100 100 100 100 62 7 44 100 54 0 30 49 62 75 47 71 87 50 100 67 0 48 81 77 31 47 94 100 52 47 21 0 48 43 90
95 52 21 18 47 91 98 90 53 98 90 58 18 68 81 76 70 94 52 25 55 91 64 36 30 27 86 56 6 7 8 28 0 2 2 16 31 34 82 95 46 63 5 0 0 0 42 35 4 46 100 69 87 11 0 0 0 2 0 22 89 96 100 98 98 16 0 33 100 24 0 1 45 90 97 83 95 100 89 60 1 2 52 58 89 95 51 43 66 100 100 67 5 13 12 32
100 100 87 96 100 100 100 62 100 61 8 0 2 1 30 72 23 16 54 74 42 33 81 100 71 20 93 85 66 3 10 55 18 0 41 28 31 6 81 86 75 32 3 0 0 0 41 24 0 36 92 93 98 56 63 19 0 44 48 26 3 78 95 64 80 69 2 38 47 13 0 30 64 59 69 95 100 100 14 0 8 57 100 43 100 100 82 100 74 93 100 83 17 13 22 26
92 56 28 73 95 100 100 100 34 1 4 41 18 0 41 88 84 74 22 68 60 20 8 66 100 99 92 55 90 49 6 0 3 6 6 2 9 1 57 88 86 69 12 0 0 0 30 91 20 8 41 58 40 76 94 54 0 65 99 31 41 72 78 4 51 99 55 26 0 0 25 68 92 34 64 99 96 67 54 0 13 68 92 45 100 100 98 78 100 100 100 100 99 100 96 90
18 28 21 2 15 82 100 73 0 0 10 69 96 37 3 13 55 98 84 21 30 78 36 17 36 79 32 51 96 86 21 17 4 38 37 26 1 3 25 86 100 60 2 0 0 0 0 21 73 12 40 84 43 99 56 0 3 95 86 16 52 100 77 0 0 82 63 1 44 30 100 98 86 71 71 58 63 40 34 2 24 99 82 66 100 100 99 66 79 91 96 100 100 100 100 100
37 20 0 22 96 93 100 15 1 43 93 100 98 28 9 94 85 52 51 69 100 98 45 34 43 82 6 67 96 63 34 90 62 29 6 22 0 0 12 33 99 85 2 0 0 0 0 7 41 88 61 80 50 91 63 0 54 100 95 54 78 82 87 12 46 66 38 8 36 95 98 81 11 36 30 34 12 43 98 59 28 99 51 92 96 100 99 85 21 52 100 100 66 98 100 92
100 99 51 63 98 45 89 16 36 93 84 100 95 33 16 97 97 100 30 100 100 47 7 4 27 67 0 0 17 58 34 38 29 70 27 22 0 0 8 3 33 92 4 0 2 2 6 16 24 8 29 34 20 66 68 25 37 100 97 58 44 64 80 22 11 21 7 46 47 13 79 76 86 97 50 23 31 33 75 78 51 100 51 76 68 100 100 100 45 75 100 100 70 39 96 64
92 91 99 100 100 86 91 5 0 6 28 70 88 85 45 100 80 61 44 100 99 36 16 15 29 60 31 8 0 0 0 24 25 87 24 16 3 0 0 6 13 12 47 2 18 14 3 4 9 2 6 0 0 14 58 100 54 100 66 23 36 27 80 42 19 34 31 20 58 66 31 58 67 84 68 23 81 85 66 21 2 70 78 70 26 99 100 100 82 53 100 100 81 4 65 46
41 40 39 99 100 54 62 3 0 0 14 45 17 82 92 31 82 20 22 30 31 14 1 5 59 100 100 91 34 25 77 96 100 52 35 78 20 0 0 28 24 32 42 40 21 16 8 2 0 0 0 2 14 53 57 80 52 94 47 30 63 24 44 34 67 6 52 26 51 100 46 62 98 81 14 29 44 39 56 87 65 48 100 99 7 77 100 100 86 51 100 100 60 5 19 21
29 62 98 100 100 99 67 0 0 5 65 46 17 8 44 34 78 91 15 29 0 1 0 44 56 88 77 72 46 7 94 87 50 2 48 28 30 1 0 1 3 40 0 34 27 18 31 3 8 17 30 62 63 41 84 22 17 87 11 17 79 64 88 35 48 22 64 45 54 66 12 65 99 98 42 28 31 12 14 69 98 35 64 94 27 35 99 100 88 32 99 98 4 27 49 82
28 91 100 100 98 100 58 0 0 86 92 78 21 0 52 100 27 98 68 53 1 0 13 13 75 24 0 54 26 35 6 38 88 82 69 53 46 0 0 0 0 32 0 0 10 2 0 0 0 30 18 63 88 68 82 14 63 70 8 12 18 91 74 40 10 4 52 15 57 62 1 0 56 98 55 49 29 23 78 80 63 7 5 64 7 52 100 99 100 75 43 42 4 54 100 100
26 7 74 100 48 99 63 28 12 78 10 71 47 0 32 83 36 58 71 88 22 0 15 2 0 0 44 56 52 100 88 78 63 65 55 92 40 21 12 0 0 0 0 1 0 0 0 0 8 58 69 40 13 34 64 52 100 65 1 50 28 9 2 34 54 14 57 55 15 67 5 56 54 59 86 20 8 46 72 38 9 0 9 9 0 44 68 61 21 69 68 7 38 32 6 80
84 63 100 90 54 44 99 55 63 21 15 88 37 0 6 55 68 42 52 43 24 0 0 27 33 0 37 77 35 100 76 38 14 34 44 62 50 50 64 4 0 0 0 3 0 2 6 7 0 0 13 22 46 3 12 86 99 47 22 41 96 57 0 62 7 0 58 21 29 37 0 23 83 30 48 23 45 56 73 79 100 17 0 6 27 17 14 20 0 0 2 7 20 40 47 100
100 100 100 95 45 36 98 31 4 49 85 80 43 6 0 9 10 33 26 92 51 2 12 2 70 17 46 48 41 37 53 62 58 44 48 8 80 74 64 56 28 0 0 0 0 0 0 9 10 43 46 8 4 29 81 99 95 21 13 22 59 44 41 61 0 0 8 0 29 78 12 2 7 56 80 40 23 38 32 36 72 45 37 81 96 50 3 61 82 60 92 94 89 70 62 62
66 16 30 18 51 17 68 34 15 67 97 100 53 32 0 3 17 5 61 31 3 3 17 4 66 98 73 58 100 100 85 60 39 20 14 28 17 46 76 64 1 23 48 0 0 0 0 2 50 95 74 91 33 78 53 66 89 16 6 15 40 81 58 56 2 0 3 10 9 28 46 5 54 57 56 31 20 34 30 39 73 81 60 87 41 97 71 66 60 66 39 46 9 9 0 0
61 0 12 79 26 21 68 51 19 93 40 43 29 18 70 18 18 4 20 36 5 7 34 59 73 65 7 36 51 86 27 24 26 0 26 63 52 48 53 73 12 41 25 0 0 0 0 1 5 30 44 64 34 24 7 9 56 10 3 6 72 100 65 18 0 0 0 3 0 0 7 8 77 2 2 0 1 14 45 80 60 50 27 63 26 60 16 29 5 0 0 35 30 35 59 34
94 41 51 91 48 14 42 0 54 13 20 8 48 2 79 56 19 0 2 0 0 1 14 31 58 16 62 66 100 27 0 0 38 22 76 84 89 93 43 16 0 7 0 0 0 0 0 0 0 39 81 56 73 26 4 82 51 6 0 17 75 68 83 12 2 2 0 0 1 48 7 18 96 31 6 0 5 0 2 11 0 2 0 3 38 32 0 20 7 3 22 45 14 2 2 11
77 90 74 9 24 0 74 19 0 48 39 37 49 81 39 81 65 0 0 0 0 0 11 69 74 44 97 40 30 32 37 44 0 34 2 18 61 96 81 0 0 0 40 45 0 0 0 0 0 13 10 2 32 42 10 91 23 0 30 20 78 93 61 8 2 5 0 1 53 19 54 40 44 34 62 13 0 0 27 2 0 0 0 0 0 0 0 0 2 2 1 0 14 3 30 83
51 40 16 0 0 0 43 44 84 63 85 52 59 18 55 80 47 0 0 0 0 2 40 68 4 85 84 87 80 48 49 62 11 15 0 15 58 88 62 76 59 62 91 12 0 0 0 0 0 0 0 21 65 47 6 82 32 10 23 1 49 86 51 1 5 3 0 0 3 16 38 7 60 32 32 2 0 0 18 0 0 0 3 0 0 0 0 0 0 0 3 32 66 24 61 88
81 2 0 25 33 87 84 64 97 52 56 36 0 0 2 74 6 0 0 0 16 34 58 80 24 62 33 56 84 72 49 51 15 24 0 64 83 50 58 59 84 97 65 5 5 0 0 0 0 0 0 2 6 66 22 44 41 26 12 5 45 92 30 0 13 0 0 0 0 51 72 81 90 16 0 0 0 0 32 23 22 2 21 0 0 5 8 39 24 27 49 1 25 86 79 61
8 2 1 71 98 100 100 100 71 73 40 33 14 44 1 2 0 0 0 0 1 1 31 81 44 98 83 52 35 14 43 68 0 30 0 44 95 100 100 38 57 78 73 76 66 0 0 0 0 0 0 1 25 33 53 73 7 0 43 11 52 44 5 7 23 0 0 6 66 100 82 100 30 3 0 0 0 2 30 1 3 0 0 4 58 39 35 37 22 7 2 14 2 1 2 0
23 11 34 60 51 82 76 100 70 41 30 17 3 22 1 0 0 0 0 0 0 0 16 58 6 87 81 87 43 21 0 44 4 24 12 55 93 67 95 63 76 87 80 52 24 11 17 0 0 0 0 24 40 46 100 43 0 3 38 14 62 2 3 11 29 1 6 18 100 74 92 97 58 26 57 10 0 18 0 0 1 6 0 53 41 46 35 3 0 41 62 61 13 0 0 0
13 14 64 31 41 60 53 94 52 14 18 0 0 0 7 26 10 0 0 0 0 0 0 16 10 11 8 79 95 90 51 0 21 18 59 100 49 2 92 11 42 96 29 0 0 0 0 0 0 0 0 6 73 83 66 25 0 7 0 17 38 12 0 1 1 30 48 47 100 78 100 92 57 34 45 28 12 55 0 0 2 79 41 42 28 77 64 69 64 60 3 0 0 4 34 11
4 43 58 62 94 85 94 44 2 54 13 0 0 0 64 85 74 53 0 0 0 0 0 0 0 0 63 67 76 96 95 27 2 28 68 99 66 8 62 4 77 44 51 40 0 1 0 0 0 0 0 0 14 94 62 0 0 0 0 24 44 9 2 0 19 84 60 97 40 100 91 81 36 15 18 0 0 21 10 0 20 69 63 93 77 100 66 47 59 13 3 29 19 84 99 34
11 80 72 74 97 56 7 1 33 2 62 79 43 59 76 96 99 30 0 0 0 0 0 0 0 0 42 18 1 85 100 82 0 0 10 97 46 0 0 48 94 89 78 45 3 24 0 0 0 0 0 0 3 67 63 0 0 0 7 13 11 25 30 0 5 22 64 56 47 80 34 1 35 21 0 29 1 0 47 0 2 28 61 55 51 100 90 52 26 0 14 61 47 99 88 8
0 4 100 100 68 4 31 59 20 54 86 60 40 36 44 86 90 52 21 10 7 0 0 0 0 18 23 19 0 16 69 57 47 0 0 23 37 0 17 13 8 84 65 77 28 0 0 0 0 0 0 0 0 19 47 0 0 9 60 16 7 51 0 0 0 1 17 82 95 49 14 93 16 45 12 54 6 0 11 0 0 0 26 39 56 100 49 23 37 27 48 61 95 81 38 15
5 29 99 100 86 72 52 75 77 94 85 56 82 82 99 100 73 18 67 98 84 58 7 0 0 0 32 78 0 0 4 35 78 38 2 0 0 0 0 13 52 56 73 86 96 18 1 6 2 3 0 0 0 0 0 0 0 25 5 0 7 53 0 13 62 67 1 59 100 10 40 67 33 82 79 10 0 0 0 0 0 0 18 28 32 62 27 58 81 34 15 19 100 65 23 22
28 30 100 100 100 100 58 52 92 96 82 48 48 30 53 65 40 11 20 55 87 45 1 0 0 0 9 19 1 6 23 46 100 93 76 28 28 0 0 14 94 44 34 56 100 72 58 62 8 0 0 0 0 0 0 0 0 0 0 0 7 59 11 0 5 87 70 12 69 28 15 44 96 34 17 39 23 20 0 2 0 0 0 0 20 59 2 47 26 56 2 0 0 86 15 47
12 0 54 68 33 95 24 65 14 50 86 48 0 0 2 2 1 6 28 7 7 4 11 43 12 0 0 0 0 4 3 2 85 100 100 80 66 0 0 36 87 87 96 100 46 69 64 61 2 1 0 0 0 0 0 0 0 0 0 0 0 0 0 0 2 74 15 7 21 84 99 98 91 100 48 96 38 56 25 14 1 -9 0 0 27 61 1 44 63 45 16 76 11 5 16 95
0 39 100 51 14 81 50 100 37 72 68 70 7 6 35 18 1 2 0 0 0 0 69 98 18 0 0 0 0 0 0 12 54 77 76 3 0 0 0 0 16 74 61 93 94 59 90 64 0 0 0 0 0 0 0 0 0 0 0 0 0 0 0 2 39 89 49 33 55 100 49 20 34 63 72 49 21 46 16 0 63 -9 -9 0 0 32 29 2 42 79 68 100 53 27 19 16
1 13 98 35 14 63 61 56 71 72 99 83 76 66 82 82 7 5 1 0 0 0 52 74 21 0 0 0 0 0 0 6 16 80 100 85 22 1 0 0 0 12 4 63 91 98 66 9 0 0 0 0 0 0 0 0 0 0 0 0 0 0 0 55 90 94 33 81 100 88 67 82 30 83 81 53 97 98 59 41 -9 -9 -9 -9 -9 6 15 25 51 61 76 69 70 65 93 61
69 27 29 6 17 13 39 86 92 83 12 0 28 19 26 48 6 1 3 0 5 68 44 3 0 0 0 0 0 0 0 0 0 70 75 69 48 2 0 0 12 40 58 72 33 53 5 0 20 0 0 0 0 0 0 0 0 0 0 0 0 0 0 15 87 68 88 96 72 77 100 86 19 81 56 41 27 22 0 0 -9 -9 -9 -9 -9 -9 0 0 0 7 47 70 17 1 63 60
63 1 1 34 86 32 64 100 96 20 0 2 25 6 2 27 12 2 0 0 5 15 48 3 0 18 50 15 0 0 0 0 0 44 36 4 0 0 0 0 0 0 0 6 0 6 13 0 0 0 0 0 0 0 0 0 0 0 0 5 0 0 0 8 87 100 79 52 65 88 77 57 50 3 0 4 10 42 22 18 -9 -9 -9 -9 -9 -9 -9 -9 -9 -9 70 6 16 20 35 52
18 0 0 9 96 87 87 98 91 55 59 3 1 0 0 0 0 0 0 0 0 0 0 0 0 0 16 52 2 6 0 0 1 26 5 0 0 0 0 0 0 0 0 0 4 25 44 16 0 0 0 0 0 0 0 0 0 0 2 79 42 3 6 12 97 100 35 0 57 88 33 73 45 23 19 32 19 18 13 0 -9 -9 -9 -9 -9 -9 -9 -9 -9 -9 -9 -9 -9 -9 -9 46
0 48 7 28 54 48 78 96 80 83 61 21 66 8 9 5 4 4 1 0 13 1 0 0 0 0 0 0 0 8 9 0 5 0 0 0 0 0 0 0 0 0 0 0 0 0 0 0 0 0 0 0 11 8 0 0 2 40 56 86 100 86 83 81 100 100 32 0 64 100 26 26 4 2 0 29 13 0 0 -9 -9 -9 -9 -9 -9 -9 -9 -9 -9 -9 -9 -9 -9 -9 -9 -9
