data/habitatmaps/RS_maps/habitat_Turdus.torquatus_2014.asc
NCOLS 369 
NROWS 228 
XLLCORNER 479000 
YLLCORNER 73000 
CELLSIZE 1000 
NODATA_value -9 
[rows 120 to 179 of 228, columns 96 to 191 of 369]
0 0 0 0 0 0 0 0 0 0 0 13 0 12 0 7 8 22 23 0 3 22 6 36 71 37 65 76 21 0 0 0 0 0 0 0 0 11 6 0 0 60 40 18 5 23 14 59 35 51 60 41 26 10 0 0 39 63 12 26 17 47 87 8 40 1 50 64 41 0 26 61 2 37 4 64 48 37 0 2 66 61 44 0 5 1 74 6 0 26 28 1 0 53 43 5
0 0 0 0 0 0 0 0 0 0 0 21 0 0 0 11 8 5 16 44 76 91 94 97 67 81 94 67 20 0 0 0 0 0 0 0 0 0 0 0 3 32 3 3 36 39 51 56 43 70 68 49 12 4 8 43 50 31 67 44 32 36 20 21 70 19 28 14 31 0 2 48 13 11 0 0 0 0 0 25 53 38 33 4 0 0 7 38 27 0 0 0 12 100 100 97
0 0 0 0 0 0 0 0 0 0 10 21 21 0 0 0 0 40 70 82 77 48 18 50 40 68 66 98 61 0 0 0 0 0 0 0 0 0 0 0 0 0 6 23 62 75 89 45 77 88 44 26 70 67 85 26 34 42 75 16 0 0 0 29 70 0 0 0 3 0 0 0 13 0 0 0 0 0 0 20 10 0 15 50 55 9 0 4 75 60 2 10 66 100 100 100
0 4 3 0 0 0 0 0 0 0 25 60 19 0 0 34 43 91 41 100 86 53 68 75 33 52 56 55 43 14 0 0 0 0 0 0 0 0 0 0 0 29 8 42 49 55 72 62 81 35 35 32 30 59 67 25 85 88 81 23 0 3 68 52 6 0 0 0 0 0 0 0 15 0 0 0 0 0 0 0 0 0 0 0 41 65 0 0 18 47 40 32 58 97 61 30
0 39 3 0 0 0 0 0 0 0 24 4 0 0 15 57 84 58 57 32 3 26 86 97 58 60 74 22 71 75 3 0 0 0 0 0 0 0 0 0 0 7 21 40 30 0 2 6 32 37 30 45 0 48 6 68 89 38 46 50 5 0 29 0 0 0 0 0 0 0 1 0 0 0 67 65 44 19 0 0 0 0 0 0 53 66 7 0 11 37 7 42 56 16 4 18
0 0 0 0 0 0 0 4 36 0 0 3 8 0 22 59 36 6 27 13 0 5 34 33 95 57 49 64 87 62 0 2 0 0 0 0 0 0 0 0 0 0 20 44 15 0 0 0 15 78 49 0 0 0 24 67 18 1 15 24 50 17 0 0 0 0 0 0 11 60 84 62 72 74 86 73 71 72 42 24 15 4 0 0 2 85 22 0 0 0 21 5 2 25 94 100
0 0 0 0 0 41 27 60 67 1 18 89 97 14 14 44 48 8 38 34 44 33 34 27 6 31 6 18 55 53 29 5 0 0 0 0 0 30 0 0 0 0 0 32 0 0 0 2 61 81 52 12 0 8 68 36 0 1 66 67 25 1 0 0 0 0 2 36 83 60 53 26 62 85 22 11 34 24 94 92 62 31 10 0 0 22 37 0 0 0 0 29 10 52 87 68
0 0 0 0 63 100 100 84 55 20 56 89 91 97 67 35 73 73 60 90 88 40 28 15 41 34 0 26 82 93 26 58 33 3 0 0 0 4 17 0 0 0 0 0 0 0 0 0 75 32 75 13 27 56 45 9 2 52 73 9 0 0 0 0 0 10 59 80 41 26 50 0 34 39 39 28 0 8 71 54 66 48 39 4 20 8 0 0 0 13 37 47 49 61 55 100
0 0 0 0 68 97 91 51 26 48 35 41 27 43 21 47 38 39 45 48 20 18 58 72 74 83 7 38 42 26 40 79 27 75 51 14 6 0 0 0 0 0 0 0 0 0 0 3 19 90 49 54 47 43 8 0 51 32 0 0 0 0 0 15 35 85 90 100 98 100 43 7 30 33 86 35 0 0 0 11 65 72 77 85 76 21 9 84 73 85 67 62 97 99 34 58
0 0 0 16 92 28 61 5 37 93 48 29 0 7 20 98 30 43 54 37 17 3 36 21 0 0 28 10 0 17 0 19 40 88 52 66 97 22 0 0 0 0 0 0 0 0 0 0 56 52 13 23 14 59 57 9 20 0 0 0 0 0 16 81 97 87 82 34 27 86 37 30 57 91 51 6 3 0 3 66 69 75 89 100 53 43 23 36 71 100 100 100 100 100 100 48
0 0 0 10 95 14 50 13 26 56 39 54 5 41 45 12 67 70 51 32 6 0 15 37 43 14 34 12 12 63 31 0 7 11 21 11 22 0 15 37 14 0 0 0 0 0 0 0 3 7 0 0 0 4 8 0 0 0 0 0 0 35 94 100 100 93 29 13 10 42 2 19 84 100 31 16 53 34 47 56 97 98 100 57 0 65 69 27 91 51 89 92 100 100 100 76
0 11 29 75 92 25 43 48 85 92 52 17 47 35 12 12 32 24 12 71 72 78 81 24 18 26 11 37 43 24 5 1 18 15 1 0 0 29 82 45 0 0 0 0 0 0 0 0 0 0 0 0 0 0 0 3 0 0 0 8 41 100 100 100 98 55 16 57 54 70 13 35 73 89 3 3 59 85 88 100 100 100 99 11 29 98 98 31 35 57 16 61 100 85 96 63
21 32 58 23 30 64 42 74 88 82 33 30 34 3 47 74 27 36 58 44 0 23 13 0 0 4 24 12 0 0 0 0 0 0 0 0 0 7 69 35 5 0 0 0 0 0 0 0 0 0 0 0 0 0 20 61 0 0 55 95 99 100 86 94 59 85 53 31 66 7 38 38 34 11 25 72 15 55 100 76 96 97 96 1 73 100 100 87 37 49 87 25 98 44 15 23
17 47 65 76 21 16 25 41 34 65 12 42 2 46 28 1 64 58 60 39 0 5 4 0 0 0 0 0 0 0 0 0 15 5 19 5 7 50 38 37 79 15 0 0 0 0 0 0 0 0 0 0 8 29 96 51 0 0 34 58 45 31 14 95 77 19 0 6 31 42 0 2 6 0 60 59 61 94 84 21 86 72 68 75 99 100 100 71 54 0 18 47 36 93 21 5
61 63 79 69 26 14 34 25 68 37 0 41 27 37 0 52 4 0 32 1 19 19 1 1 7 32 39 21 28 42 42 23 35 31 28 25 13 39 98 81 93 68 20 0 0 0 0 2 35 28 39 59 79 97 67 13 54 0 0 66 34 0 58 13 22 4 7 37 38 15 0 7 0 0 11 81 76 21 13 0 80 100 72 100 50 40 98 61 47 87 58 7 65 100 94 26
72 64 45 24 0 9 69 13 54 16 10 21 53 22 65 38 39 52 58 41 0 0 0 7 26 21 49 39 66 79 44 78 61 53 49 17 27 47 71 51 40 76 70 0 0 0 7 45 82 73 77 100 54 65 18 53 73 29 6 13 15 0 52 2 12 7 69 49 66 40 25 52 0 0 74 75 64 31 0 0 62 72 87 100 94 49 99 100 100 100 100 16 91 100 100 21
33 25 0 0 13 32 0 13 54 0 14 43 39 58 28 26 43 21 0 11 0 3 51 48 21 48 44 83 92 88 42 55 34 75 53 20 4 75 87 100 38 0 12 0 0 19 7 58 27 84 79 100 61 14 22 57 22 47 75 28 9 47 48 68 52 4 48 41 29 61 82 28 1 24 93 81 49 2 0 0 36 96 73 100 60 45 97 94 100 100 100 82 82 100 100 28
21 3 0 0 0 14 39 25 19 18 64 42 15 37 0 0 11 17 46 1 39 69 45 0 2 47 38 50 30 16 0 73 42 66 47 16 15 95 97 31 55 0 0 0 3 13 72 52 94 62 100 70 12 81 31 3 43 0 46 27 64 99 77 51 54 62 62 40 13 2 7 0 47 100 77 39 53 0 16 0 3 33 100 96 79 100 100 66 97 98 99 100 100 86 100 96
0 0 22 41 2 46 22 0 0 56 12 0 0 0 0 1 54 27 28 0 55 11 0 0 25 80 3 0 0 0 5 33 8 37 3 9 73 91 25 35 3 0 0 0 0 34 87 43 56 71 55 80 62 12 6 15 0 7 97 74 64 72 60 29 38 76 72 26 23 0 13 54 85 100 34 37 0 0 27 12 27 12 48 58 97 100 93 90 93 28 69 82 71 83 100 82
2 4 18 59 29 28 4 0 0 0 0 30 19 0 17 30 25 36 6 0 17 0 0 0 47 52 1 0 0 0 49 3 4 51 12 35 86 34 26 50 0 0 25 8 28 5 59 48 29 92 40 35 30 86 46 61 41 40 93 47 29 34 94 71 91 100 100 97 15 0 95 99 100 93 97 49 5 0 7 80 23 49 83 85 91 99 64 64 95 96 75 52 83 100 99 58
67 59 21 12 58 28 35 42 15 8 62 52 68 53 41 38 20 4 3 21 24 0 0 6 29 16 7 1 15 19 77 31 5 3 24 30 41 15 33 0 0 24 7 50 66 5 12 79 66 84 48 12 86 100 84 65 33 66 22 33 12 57 49 70 57 100 91 66 15 57 94 100 100 100 91 56 53 46 34 8 81 32 2 6 39 42 42 58 99 100 100 96 31 79 100 56
53 25 35 35 34 0 57 16 42 47 59 59 67 56 53 50 8 12 45 43 49 33 25 11 0 6 38 39 3 54 55 51 10 25 31 25 17 0 0 0 0 7 58 17 57 10 11 69 30 4 0 71 61 98 100 82 38 57 8 33 16 65 93 47 70 100 68 32 93 100 65 70 89 58 50 82 33 88 31 11 16 86 67 70 66 80 48 65 100 100 100 88 17 69 100 100
24 31 24 43 35 15 27 69 72 60 53 58 59 8 42 64 8 32 32 7 49 25 0 17 41 30 57 31 12 41 39 72 0 0 5 46 0 0 0 0 0 8 10 0 51 70 21 47 44 53 28 25 50 73 100 38 81 66 54 74 32 92 66 48 100 100 100 84 87 53 46 62 41 61 37 63 42 35 80 58 46 25 53 79 100 100 100 100 100 100 87 63 60 8 92 75
86 7 1 51 21 2 79 35 0 3 0 37 1 32 50 45 19 5 0 3 25 47 11 72 30 95 100 53 0 0 18 4 0 0 13 10 5 54 13 0 0 10 38 16 24 76 30 66 75 70 66 51 5 65 91 72 100 7 39 58 36 76 71 86 100 83 60 11 32 0 0 0 11 31 0 15 16 23 70 64 85 14 28 6 30 27 67 92 76 27 3 45 33 38 68 2
45 1 24 8 14 64 69 46 35 31 49 1 0 49 37 41 24 2 47 1 0 0 0 0 30 73 98 10 0 0 0 0 18 36 56 24 60 31 0 29 13 0 0 20 12 48 55 35 19 2 67 100 91 100 100 97 80 29 34 35 64 86 84 100 99 53 20 2 3 4 24 16 2 5 0 0 0 26 20 78 27 43 100 95 79 98 100 90 37 50 95 100 83 60 7 43
5 48 29 69 67 75 18 27 35 96 57 14 0 31 15 1 0 5 47 40 0 44 25 4 9 13 80 43 65 9 3 29 90 89 73 80 6 2 19 0 9 39 0 6 24 13 74 91 64 63 33 21 99 100 91 29 47 35 38 13 54 100 100 45 30 14 45 0 0 0 6 25 13 3 0 6 33 3 15 0 51 49 23 69 74 100 97 36 26 70 95 96 42 1 36 12
0 0 65 69 76 49 16 55 52 23 0 7 55 59 0 0 0 0 16 29 31 20 99 76 98 59 79 70 46 23 18 21 58 32 27 41 2 0 0 0 21 22 0 42 77 5 99 62 41 34 45 17 25 86 34 38 46 19 84 86 47 10 100 91 26 0 0 0 0 0 0 0 0 17 32 0 0 5 63 5 24 33 25 78 91 68 87 50 63 95 100 54 16 1 56 82
31 17 52 33 50 43 13 23 11 8 2 1 6 0 0 0 2 17 19 1 72 73 100 54 90 97 93 41 50 40 25 5 33 29 11 19 0 0 0 67 80 15 19 3 45 21 44 57 0 3 0 22 32 98 90 49 48 97 89 76 37 0 66 100 91 40 1 0 0 13 0 0 0 2 14 0 4 26 36 5 1 34 6 13 43 84 100 100 100 88 50 2 3 24 66 33
54 7 98 70 47 26 43 16 7 52 61 40 21 0 2 0 39 39 20 10 61 30 39 10 49 8 11 3 9 14 68 52 95 15 24 17 0 0 22 33 14 12 45 20 46 79 77 100 86 93 45 46 34 80 100 100 100 100 87 47 8 66 87 46 40 65 10 0 0 44 35 8 0 0 14 0 2 53 76 62 26 25 36 13 95 100 100 94 71 18 0 12 33 16 8 91
41 55 89 5 5 41 37 28 72 49 73 39 6 7 34 19 18 23 68 34 49 5 18 35 18 46 68 82 36 12 77 100 58 3 22 57 35 15 25 24 38 0 39 21 100 100 100 64 37 68 89 76 45 89 100 83 60 80 70 29 57 49 77 4 2 40 4 0 8 0 26 10 1 11 0 0 0 0 10 69 29 23 9 34 27 88 57 5 0 0 0 12 11 29 83 58
42 99 65 4 3 30 1 71 61 31 50 44 0 0 0 0 37 28 92 1 4 18 8 11 68 40 0 12 97 73 86 79 52 47 66 43 20 9 13 23 82 68 63 59 98 62 63 11 79 89 22 50 48 55 88 22 69 95 37 60 80 78 33 40 0 0 0 3 41 57 8 11 64 32 17 16 0 0 66 9 37 52 96 79 90 49 19 14 0 0 0 5 42 46 78 19
80 60 6 56 87 46 47 33 0 8 41 18 1 11 0 0 2 5 67 0 22 45 51 23 49 43 18 4 89 97 23 4 27 0 0 10 26 55 5 49 76 88 61 23 54 67 23 40 96 91 24 17 55 46 12 0 9 74 58 39 53 23 2 5 0 18 0 1 42 17 0 0 55 89 57 22 3 9 90 34 97 100 100 100 68 60 16 52 35 0 11 78 100 75 79 4
29 22 0 38 100 49 1 0 0 0 0 0 17 1 0 0 36 55 67 14 43 22 9 66 31 34 45 78 100 85 45 40 16 49 2 13 34 41 16 68 11 1 15 41 88 99 100 93 84 54 63 63 17 0 0 0 26 21 19 26 22 4 0 10 0 12 0 0 0 0 25 21 14 96 51 15 22 18 92 32 100 100 66 75 81 4 24 75 10 37 90 90 54 19 26 54
1 0 0 11 55 5 14 57 56 37 73 45 0 0 5 44 18 37 24 27 3 30 6 43 3 44 60 45 51 91 100 47 16 50 2 35 64 69 70 83 16 0 3 89 73 100 90 11 35 62 74 6 5 0 0 0 0 9 42 32 9 0 0 27 22 0 0 3 2 4 45 77 9 34 99 79 81 91 88 55 100 100 21 11 1 55 38 0 23 94 87 6 14 97 23 9
0 0 35 34 43 88 44 39 29 97 78 82 40 0 26 48 40 39 45 32 31 32 65 26 0 2 5 50 13 66 87 18 25 64 32 86 97 100 100 48 13 22 78 77 50 100 100 84 74 91 43 43 40 0 0 0 2 50 85 61 81 32 0 33 12 4 0 11 2 3 49 39 66 0 65 100 100 71 26 67 100 100 27 36 58 62 6 29 93 82 31 5 84 55 28 43
4 41 29 21 90 88 48 80 12 39 40 39 23 0 0 10 60 53 82 56 38 92 88 74 6 0 22 68 48 23 3 49 49 25 18 92 100 100 99 9 91 70 70 86 100 100 97 91 44 82 97 42 7 0 16 79 98 83 89 98 62 92 35 22 32 3 1 44 20 8 91 63 96 11 31 100 85 15 22 16 82 46 6 67 26 3 45 100 76 25 85 11 98 88 97 100
37 29 41 69 88 98 60 7 35 46 31 28 2 25 31 77 60 20 43 47 48 86 100 54 0 0 0 14 18 29 87 39 51 90 93 39 44 71 23 54 85 97 78 50 74 72 70 33 66 50 91 38 31 76 97 100 100 40 62 87 25 41 50 46 24 0 24 5 29 18 47 97 100 41 20 100 30 3 50 0 13 3 53 37 8 70 93 50 34 34 69 83 87 74 61 56
45 6 40 66 61 90 72 22 45 37 30 27 20 67 73 75 61 6 55 46 61 62 75 0 0 0 0 0 6 47 53 53 100 45 71 50 78 99 76 89 49 87 100 98 100 92 46 90 95 99 83 63 100 86 89 85 51 0 0 33 54 100 74 31 22 38 31 38 46 19 61 69 100 43 20 93 46 6 39 5 28 50 52 24 81 93 41 59 19 2 79 87 56 32 31 95
27 35 100 83 99 80 50 16 22 25 28 29 47 71 77 35 70 6 0 42 32 89 43 35 10 54 9 0 0 18 29 100 61 3 30 0 46 100 64 68 100 100 100 49 85 89 96 100 100 100 100 100 87 39 1 3 10 42 72 82 45 88 78 47 78 73 27 48 18 4 93 88 60 6 36 98 9 38 68 15 22 77 40 82 90 57 41 60 8 28 94 90 9 14 80 100
67 64 30 73 47 62 27 57 43 24 58 61 5 40 82 20 5 0 0 0 51 95 21 23 27 36 68 56 83 38 45 97 97 73 83 57 100 100 70 91 100 100 100 61 33 73 98 100 100 96 63 33 2 37 25 60 81 100 77 50 66 36 16 21 65 37 82 90 18 52 98 61 23 17 90 82 14 86 86 45 70 40 93 80 8 49 73 92 84 100 100 70 30 94 86 99
7 31 56 45 33 24 26 2 0 0 0 16 10 40 58 27 0 0 0 0 21 42 15 65 52 35 24 42 65 36 100 99 66 53 84 87 100 100 35 84 97 55 100 82 83 60 100 76 79 9 0 0 0 64 87 91 97 94 40 58 24 5 53 58 27 49 33 88 95 98 49 34 9 90 100 5 28 83 35 67 47 89 83 16 0 39 57 99 62 54 87 73 82 86 35 96
0 8 43 6 37 13 65 4 0 8 29 49 20 6 0 38 9 17 2 37 22 8 31 28 93 99 83 99 92 98 99 69 39 72 82 89 100 75 51 74 100 84 98 100 89 93 45 44 14 2 0 0 58 69 100 87 65 34 6 25 46 39 90 43 33 98 89 49 70 28 49 28 45 91 69 45 82 78 23 47 89 82 11 0 0 2 84 100 82 90 67 29 77 70 84 74
48 32 65 35 0 48 77 5 6 20 65 46 0 0 0 16 40 72 8 0 22 66 60 88 71 100 100 100 100 99 100 87 17 54 97 100 65 82 76 100 100 78 77 22 86 92 88 21 42 30 39 86 100 98 86 52 10 0 45 86 80 100 100 68 90 98 52 13 24 59 76 38 29 9 3 59 78 15 10 79 72 69 44 0 31 54 29 29 49 63 99 91 23 16 99 97
74 63 56 66 23 65 13 56 67 4 29 27 29 55 0 0 19 43 9 75 93 31 42 72 93 100 100 86 68 32 18 44 57 98 76 100 100 100 76 99 62 53 71 96 98 99 76 26 9 58 100 100 100 100 72 75 94 34 76 100 100 100 100 100 49 10 0 0 18 90 66 0 0 36 74 52 50 58 44 49 85 35 0 0 22 20 0 7 0 44 79 82 28 37 99 94
49 76 75 33 64 62 39 88 66 11 35 1 29 8 47 67 46 32 90 100 100 100 100 100 100 100 100 100 19 0 0 1 28 99 69 94 100 100 44 22 81 100 100 100 100 100 67 5 27 89 100 100 90 62 93 100 100 100 100 99 100 100 100 99 8 0 0 0 51 55 3 41 70 33 63 23 50 61 79 99 79 49 40 33 24 53 59 33 10 8 60 100 99 100 100 55
0 0 0 0 2 4 46 46 9 50 56 85 85 93 98 93 46 69 100 83 64 100 94 85 100 100 100 100 87 78 100 89 100 100 100 100 100 72 2 49 100 78 88 78 92 100 93 43 38 83 100 100 60 83 95 66 100 100 65 70 100 100 40 26 0 9 45 2 33 20 37 70 38 1 31 78 91 87 68 89 41 87 66 64 65 78 26 59 92 94 90 100 100 100 100 100
0 0 0 0 0 8 42 27 78 57 100 100 73 51 87 94 58 96 91 15 82 100 78 46 99 100 100 100 90 100 100 81 32 55 69 100 81 3 27 91 41 15 84 22 55 100 98 20 89 81 100 100 96 100 79 91 100 100 77 91 97 93 37 0 0 20 20 49 94 97 12 20 17 19 35 84 95 89 62 86 81 63 99 66 80 30 99 100 100 100 89 100 100 100 100 91
46 51 11 0 0 12 49 32 74 45 82 100 100 56 97 88 94 67 70 59 100 100 95 52 18 48 19 45 62 85 55 44 29 10 5 68 75 7 66 61 63 18 8 7 97 98 18 20 100 100 75 100 100 100 80 73 100 100 90 24 38 100 62 0 0 0 33 62 90 36 0 32 84 72 96 63 57 91 6 9 41 98 71 52 60 46 100 100 100 100 43 100 100 100 100 90
93 65 56 16 66 16 53 36 74 30 52 92 46 10 95 66 67 100 100 100 100 100 100 88 7 39 0 9 89 69 0 2 57 77 17 0 33 92 61 33 86 96 58 32 56 45 7 37 92 66 79 99 53 80 31 44 100 59 65 4 49 100 79 3 48 23 5 31 8 0 50 70 71 95 81 100 85 20 0 0 61 72 59 76 100 100 100 100 100 95 47 100 100 100 100 88
8 49 95 31 63 76 87 97 97 49 95 97 26 25 91 100 100 100 100 100 100 100 66 37 46 64 30 1 13 7 11 6 64 92 56 69 57 88 80 7 87 51 90 15 48 12 45 10 87 63 63 99 78 34 87 95 96 1 44 27 26 72 61 4 39 68 1 0 0 19 69 93 98 72 100 88 13 5 55 61 15 35 17 100 100 85 100 76 83 30 74 100 100 100 100 98
0 32 97 69 0 57 98 61 82 90 100 48 50 49 100 100 100 91 90 72 96 61 7 1 70 100 50 1 8 52 87 80 43 35 100 59 100 93 68 57 34 57 71 47 51 38 1 7 46 20 45 39 75 61 39 44 41 35 70 24 58 50 17 2 65 28 1 0 18 10 68 100 89 100 100 97 94 67 100 97 68 100 81 99 99 88 84 17 31 57 100 100 100 100 97 97
23 39 19 48 59 92 60 2 12 90 100 100 92 33 69 44 48 52 87 50 64 0 2 5 67 100 63 60 55 29 24 54 29 54 61 14 40 1 14 6 22 55 10 29 11 40 0 0 0 0 0 9 4 12 17 10 0 3 37 47 74 24 27 0 7 5 0 0 4 19 88 78 17 43 45 97 81 100 79 99 100 100 100 86 94 55 61 29 56 96 100 100 100 100 59 67
46 43 88 100 70 73 55 89 93 100 100 86 34 44 95 9 0 95 99 29 12 17 66 71 76 62 25 6 28 26 0 1 4 11 0 0 0 12 51 28 24 53 54 20 24 0 29 49 45 49 16 1 4 0 0 0 0 2 16 0 17 32 24 27 16 10 3 0 1 50 100 88 12 0 1 54 91 61 49 99 100 89 89 76 87 80 55 33 63 79 87 76 100 63 26 23
11 78 87 99 89 85 95 89 80 52 79 64 93 71 37 52 16 100 100 84 68 10 60 63 59 10 22 68 25 56 0 0 0 0 6 14 2 45 100 74 0 0 1 0 3 10 76 98 83 65 11 30 68 74 54 47 40 15 0 0 0 10 39 39 76 100 86 74 92 73 31 0 0 0 3 34 100 80 77 99 100 99 100 100 100 99 59 62 6 58 21 70 100 44 54 9
56 28 5 8 18 57 95 19 61 52 25 60 11 56 8 58 43 100 57 96 69 42 27 55 29 40 17 0 24 27 0 0 0 0 78 72 100 96 97 63 64 21 18 53 42 46 62 97 100 28 7 24 40 41 73 95 100 78 0 49 14 81 99 66 100 100 100 100 100 43 57 77 41 9 7 41 96 70 53 88 68 91 100 100 79 18 31 84 71 9 23 87 82 43 46 28
78 65 23 0 2 22 50 40 18 47 63 55 86 17 0 10 62 84 41 57 71 0 0 28 89 63 2 45 0 0 0 0 0 1 19 60 86 99 100 52 62 83 71 41 8 71 96 97 28 72 35 59 44 10 15 75 69 22 5 63 75 100 94 47 97 100 67 66 65 93 90 43 17 38 63 98 86 7 0 64 44 96 100 45 0 11 31 86 94 18 0 0 40 77 32 80
47 13 3 49 81 87 57 19 68 63 33 67 30 13 10 69 73 82 39 47 11 0 0 2 93 18 0 0 0 0 0 2 58 27 83 85 36 57 100 96 67 57 75 99 100 47 93 66 100 62 13 41 93 97 78 36 100 98 8 0 39 78 96 28 10 100 100 96 16 76 98 97 6 16 84 100 100 94 59 60 57 52 67 64 62 58 70 100 73 62 66 5 0 33 28 6
28 27 61 100 100 70 14 79 89 68 42 48 0 0 18 61 35 33 9 0 0 0 0 19 21 0 0 0 0 6 5 40 59 58 34 21 57 98 98 34 12 45 79 92 60 100 93 100 100 98 45 53 89 97 96 65 80 92 7 18 36 47 100 43 65 100 100 100 59 51 20 86 32 86 100 100 88 88 64 77 40 6 15 27 5 49 80 100 100 81 72 4 0 0 0 59
34 72 100 74 94 58 60 100 98 22 11 58 18 1 0 10 83 0 0 0 0 0 0 0 0 0 0 24 48 75 90 87 22 60 83 18 70 64 42 69 94 63 91 100 67 85 52 87 100 100 25 11 83 82 38 6 2 88 36 36 0 34 68 22 53 81 25 71 80 15 0 7 7 74 92 71 20 93 66 56 26 4 34 93 76 38 15 71 96 91 43 76 23 0 0 75
85 96 77 100 100 100 99 100 100 81 9 14 86 90 25 37 9 0 0 0 0 0 0 3 40 70 70 48 51 92 72 78 92 100 97 41 45 48 15 71 100 100 100 100 59 66 82 79 100 100 73 82 100 100 58 50 15 25 2 39 50 52 90 54 40 74 1 65 31 0 0 20 73 100 49 23 13 95 96 100 42 63 96 47 6 44 56 59 44 49 74 41 23 0 0 9
