data/habitatmaps/RS_maps/habitat_Turdus.torquatus_2007.asc
NCOLS 369 
NROWS 228 
XLLCORNER 479000 
YLLCORNER 73000 
CELLSIZE 1000 
NODATA_value -9 
[rows 120 to 179 of 228, columns 192 to 287 of 369]
43 69 89 78 27 41 57 14 17 52 88 94 86 39 92 89 100 98 59 76 58 91 87 55 39 77 56 39 70 79 100 100 86 2 74 82 100 52 44 21 41 98 94 76 68 94 99 70 17 48 86 79 41 2 49 69 52 59 70 53 53 64 89 46 24 16 79 44 52 87 88 100 78 13 80 77 92 100 91 96 49 4 10 66 83 83 36 62 13 26 38 19 24 21 100 99
92 68 69 89 72 37 23 84 89 82 59 93 96 69 77 46 100 95 45 69 83 74 42 85 84 70 73 77 92 85 100 100 92 6 73 74 94 87 79 58 29 59 72 16 39 82 89 38 20 23 17 6 7 22 58 63 93 46 13 6 53 44 35 29 61 54 26 83 45 31 82 76 28 0 10 79 98 96 80 40 68 0 0 82 96 75 84 12 2 26 13 44 46 38 100 96
73 96 63 66 66 6 58 39 43 46 67 62 56 96 82 38 66 93 24 65 49 77 89 100 100 100 100 100 100 100 88 78 90 56 97 96 47 100 100 51 42 31 54 96 68 72 65 7 0 0 16 65 64 56 41 24 4 5 5 11 17 16 24 53 89 77 48 44 80 76 55 44 24 58 50 94 100 66 37 28 32 1 5 37 77 96 64 0 1 45 30 86 23 86 100 100
52 40 41 80 70 28 59 4 37 29 43 62 26 14 41 98 84 57 49 40 14 94 100 100 100 100 46 96 100 100 83 12 95 100 100 81 99 97 27 41 72 68 96 73 27 11 8 21 16 58 100 79 87 19 66 42 65 16 14 14 6 3 16 20 60 68 31 80 84 96 100 69 15 91 90 100 97 16 17 20 68 3 0 16 96 80 42 12 9 25 26 59 84 55 87 100
45 86 15 69 100 92 68 19 77 51 73 41 43 24 17 26 78 82 100 75 46 100 100 100 100 100 72 91 100 100 94 43 18 45 100 100 96 19 40 82 100 88 28 9 2 28 88 82 86 84 87 98 64 67 97 75 39 6 13 8 6 0 0 13 79 29 78 77 61 27 91 27 44 80 94 100 83 0 37 7 22 9 0 8 81 47 91 28 8 0 2 25 98 16 56 100
81 93 83 19 9 15 49 35 69 59 71 72 66 61 23 82 78 100 99 32 73 100 100 100 99 100 76 93 100 94 67 96 93 100 84 49 36 70 94 99 70 66 51 44 29 90 92 41 84 78 86 36 6 93 37 28 39 9 0 10 7 0 0 38 41 51 95 82 1 7 23 41 82 50 100 81 74 1 38 44 23 16 0 0 64 98 75 46 57 20 10 64 90 93 95 95
76 70 52 68 33 68 82 70 41 45 4 93 66 26 50 76 97 99 63 94 100 91 100 100 96 46 19 66 100 44 60 100 97 23 0 48 45 67 35 60 91 96 41 98 75 98 56 13 38 56 55 6 10 72 16 11 14 5 1 1 0 0 0 29 57 70 100 92 80 29 2 29 34 72 100 87 84 22 34 42 41 41 4 4 52 100 65 64 72 67 61 81 97 100 83 53
75 43 89 84 93 53 75 9 68 100 57 74 98 100 100 96 98 63 44 95 100 75 100 100 100 97 96 97 100 27 43 97 63 21 69 97 77 22 59 91 100 69 48 71 51 93 50 37 44 19 89 43 27 16 9 2 0 0 25 6 0 0 9 26 86 94 90 97 22 12 0 18 33 98 72 60 6 0 0 0 7 21 23 79 71 74 97 82 39 28 78 77 100 100 81 49
90 78 35 39 21 22 72 15 97 83 89 41 78 100 89 43 97 44 71 41 100 97 56 100 100 100 100 46 62 56 12 48 29 73 64 46 1 78 100 99 59 42 26 44 69 93 97 77 96 80 97 74 38 25 10 2 10 3 2 0 2 13 9 73 88 82 90 66 50 8 0 24 32 90 88 77 32 16 1 10 61 93 90 65 100 100 100 96 7 37 86 20 82 91 77 100
91 53 26 13 1 10 18 2 81 23 50 97 73 100 86 99 100 68 72 46 100 100 92 100 100 100 99 43 40 43 15 14 28 71 76 4 6 76 70 76 10 38 45 87 89 39 83 27 96 100 94 19 15 39 1 5 4 35 12 4 54 48 42 74 49 30 99 66 24 2 22 37 57 58 17 74 70 86 66 86 98 100 67 97 66 73 50 73 95 57 39 34 37 100 98 93
81 38 37 64 46 23 0 30 27 61 22 90 91 65 51 100 93 70 64 85 97 100 100 98 79 54 13 19 65 26 0 2 68 82 43 0 8 7 22 93 46 100 89 19 59 73 26 75 42 97 81 54 22 67 95 45 75 30 33 60 100 100 62 78 13 17 48 49 2 0 10 96 58 95 81 22 87 85 72 66 35 82 97 99 90 51 78 100 100 73 83 74 33 39 51 79
80 23 35 8 66 90 50 100 70 94 60 58 53 1 74 81 68 58 78 27 90 100 96 45 0 9 0 1 11 20 66 48 64 98 49 28 20 17 27 58 25 98 84 85 100 79 63 75 60 85 17 0 37 51 69 88 50 18 76 83 48 100 43 45 67 24 29 54 4 18 39 60 34 18 52 83 99 55 0 0 0 53 98 89 56 31 88 74 86 42 39 62 25 42 56 70
1 29 29 28 69 81 100 80 93 91 77 30 52 34 51 86 63 76 42 83 67 27 14 0 0 1 31 32 73 68 63 99 85 100 39 73 41 35 32 20 32 97 100 94 91 48 51 63 58 94 92 57 47 11 0 0 52 90 53 29 52 90 37 68 84 50 69 48 11 46 92 80 95 17 47 100 66 3 0 13 59 1 84 96 84 7 18 5 61 84 36 15 77 100 100 100
0 0 1 32 34 98 50 30 2 8 34 17 71 90 90 98 74 35 50 46 37 59 59 0 0 38 53 73 40 10 60 76 48 100 24 35 51 51 49 66 68 94 62 57 80 83 66 66 41 97 78 4 6 20 0 35 90 98 38 31 29 58 71 67 17 18 79 19 8 41 66 64 66 22 53 51 21 0 1 37 49 16 24 73 97 22 0 2 15 84 97 41 94 100 89 82
0 0 0 18 19 56 99 28 23 30 89 96 99 100 100 96 78 48 31 64 63 49 60 20 83 77 64 36 36 14 72 34 7 58 69 20 71 96 73 95 74 92 97 100 97 75 80 76 41 95 63 30 26 16 50 98 43 84 69 74 36 44 90 66 44 18 27 5 15 2 49 100 98 77 56 1 3 7 53 63 19 0 43 100 97 38 43 0 7 70 98 88 39 91 50 57
0 0 0 2 10 25 90 86 88 98 92 100 100 94 66 70 2 2 21 35 13 97 27 13 47 77 44 94 100 44 20 46 47 56 43 66 49 97 100 100 78 24 55 62 100 67 50 97 96 56 46 0 4 29 40 91 70 100 100 98 32 1 35 63 38 45 50 4 68 25 55 100 63 0 0 0 5 37 19 40 37 10 77 82 17 3 86 7 58 100 100 95 8 65 92 41
3 0 0 15 1 14 47 100 100 84 90 83 71 20 50 21 54 34 11 30 3 54 99 47 25 32 16 74 37 9 25 65 98 52 78 37 88 100 92 21 13 20 66 80 100 100 94 81 25 60 36 8 9 1 53 67 39 99 78 28 0 0 2 70 5 73 74 22 28 13 45 99 59 10 0 0 18 35 89 96 66 0 28 75 29 26 79 33 42 94 92 61 0 25 93 92
22 4 0 6 30 34 84 100 87 82 65 43 47 38 40 46 66 41 83 67 43 31 45 24 3 51 40 87 74 3 59 74 82 90 61 95 84 100 86 49 23 83 94 61 100 100 79 18 20 78 96 53 67 4 37 61 98 87 4 0 0 0 25 55 9 1 28 32 44 56 10 66 70 56 73 80 53 53 64 73 46 30 92 36 1 66 100 19 0 41 79 67 3 0 82 97
32 28 1 24 2 81 84 94 24 0 24 68 68 83 53 29 49 77 85 100 56 16 15 51 10 76 37 50 48 14 79 95 98 45 51 100 94 96 97 100 100 100 65 31 98 100 93 23 3 84 100 98 67 46 63 72 87 38 12 23 44 90 58 0 4 7 47 19 0 19 40 100 100 100 80 26 36 15 26 99 64 64 92 34 44 14 94 24 24 78 87 44 1 0 16 54
31 19 47 28 26 39 69 89 0 0 38 76 68 54 28 53 80 72 83 100 79 2 7 53 55 99 40 72 70 89 88 100 30 65 87 100 99 88 40 74 100 100 50 1 89 50 78 29 0 55 94 100 99 68 77 100 100 48 17 73 99 81 47 6 16 38 50 11 16 58 100 100 100 100 87 7 0 2 81 98 79 90 98 64 72 32 53 16 18 32 16 47 60 26 30 36
41 59 83 44 82 83 30 18 0 8 49 30 99 79 45 80 26 90 100 86 2 2 5 34 89 72 96 98 80 100 75 63 54 93 100 100 100 100 100 100 100 76 8 39 49 31 11 18 47 40 83 100 100 100 100 100 52 17 52 50 28 7 9 8 39 47 31 66 37 36 59 87 100 100 100 72 61 69 94 89 89 96 73 11 17 26 46 60 88 45 0 22 68 99 98 31
89 32 100 81 41 1 6 7 9 5 21 86 64 47 19 88 69 70 86 84 54 6 57 90 68 82 100 100 100 96 31 3 22 81 100 100 100 87 79 87 66 28 17 35 14 0 34 47 10 43 100 94 100 100 99 62 1 46 22 11 59 19 14 70 7 61 100 50 62 67 17 22 43 96 100 73 6 67 78 89 98 100 99 53 39 28 89 99 63 3 0 50 99 96 98 96
62 35 51 41 4 26 13 18 4 6 38 100 80 28 5 19 73 75 94 100 85 62 67 10 98 97 100 100 98 100 92 14 0 11 80 100 100 87 14 10 12 13 78 44 63 31 17 82 19 96 100 61 32 54 56 4 42 14 35 68 100 90 55 28 50 84 38 50 2 19 4 40 53 77 80 81 88 72 100 98 89 83 55 16 60 100 93 87 6 0 0 91 72 39 47 90
84 30 0 34 36 74 41 6 5 4 58 64 8 45 38 82 55 9 40 89 41 14 14 9 83 63 17 48 34 43 34 40 47 0 59 71 68 31 8 27 85 41 71 34 82 66 58 91 89 94 83 47 55 47 41 74 54 76 66 77 33 30 69 48 60 8 0 0 22 21 16 44 17 22 91 92 60 56 98 86 49 95 98 47 10 35 65 44 1 5 7 73 92 20 90 62
33 20 64 76 93 12 0 6 83 13 34 82 99 100 92 56 19 10 38 4 11 11 28 14 1 9 7 62 82 62 21 62 62 9 5 21 12 6 25 12 28 13 69 58 38 61 13 97 100 100 98 28 88 100 97 85 76 100 100 60 75 98 21 7 0 0 16 66 62 73 45 85 84 99 72 67 99 69 90 73 78 78 67 77 65 53 52 3 14 19 14 42 100 85 35 79
0 31 99 52 75 81 58 57 86 86 76 100 100 100 53 14 0 1 12 33 82 77 2 0 0 11 35 14 0 0 64 96 76 69 62 27 5 13 0 66 50 19 31 33 59 77 49 47 92 64 93 91 96 89 99 83 73 100 100 81 85 87 1 22 16 19 2 12 72 40 13 45 40 62 44 100 100 63 95 100 64 85 48 100 64 78 84 21 57 46 19 73 100 87 14 91
26 3 0 70 83 84 59 73 13 68 100 100 100 48 16 7 29 17 31 85 82 94 5 24 18 29 40 23 0 0 0 4 25 70 96 65 18 0 46 85 38 38 50 22 64 88 68 26 81 44 96 100 92 82 64 57 76 96 40 50 65 32 48 18 71 63 60 47 63 81 8 4 26 38 73 100 100 91 100 99 33 97 66 66 75 97 100 32 73 14 71 100 95 15 41 58
31 64 30 52 25 73 71 65 28 88 84 33 24 1 0 25 69 55 10 33 28 94 85 78 78 63 11 52 43 50 66 62 66 68 82 85 45 62 70 71 97 79 71 30 0 22 96 76 53 50 100 98 98 47 36 27 38 100 89 76 50 27 40 42 65 47 9 12 25 31 34 6 55 32 15 74 83 74 96 100 25 75 75 58 10 16 67 97 77 72 100 98 31 4 85 89
38 44 57 54 84 100 100 68 92 91 22 36 32 0 28 61 96 97 100 68 57 78 78 65 44 56 20 78 58 35 46 84 100 88 100 100 86 67 92 85 84 95 100 58 2 17 95 56 36 56 94 42 63 41 53 78 96 84 82 10 22 41 64 37 32 37 83 47 27 15 70 84 100 61 27 100 100 41 74 100 26 58 91 58 99 72 74 40 74 99 100 87 39 46 66 81
3 22 36 73 98 100 99 72 85 46 31 49 49 30 80 62 68 77 72 54 76 67 71 96 68 39 18 24 31 89 55 49 41 9 47 41 64 93 92 94 81 30 47 94 12 0 33 79 42 48 90 21 38 84 80 100 87 71 37 49 38 11 48 0 75 97 88 45 80 36 100 100 98 85 27 100 100 100 83 47 33 100 96 22 92 81 56 85 100 100 67 51 49 88 43 87
53 73 92 100 100 100 90 82 24 10 26 48 43 44 58 70 89 86 48 54 39 33 19 37 67 99 96 69 43 89 93 71 59 79 81 23 10 37 30 44 32 28 27 60 6 0 44 79 89 70 100 54 41 99 97 100 73 44 77 100 100 86 76 8 82 17 17 94 14 44 100 68 27 13 0 11 69 100 49 6 18 100 75 15 64 63 10 24 91 100 100 100 100 82 44 100
17 89 82 82 79 79 84 82 13 50 79 34 52 49 32 88 32 11 2 3 60 59 28 47 22 43 67 63 14 69 78 66 60 58 82 38 87 11 46 3 49 55 15 5 0 0 76 91 92 98 100 98 72 50 28 65 76 70 74 100 100 52 50 2 5 77 97 98 41 77 100 71 51 40 64 33 20 88 87 32 78 100 80 11 18 69 53 6 0 60 100 100 100 90 94 97
47 50 100 85 100 76 58 7 35 67 58 50 100 40 40 37 35 54 42 20 44 44 83 100 96 87 52 25 20 62 53 67 53 4 0 0 40 66 28 6 55 42 0 0 0 52 96 95 99 94 66 71 97 52 67 15 43 55 92 100 92 57 78 49 13 99 100 100 73 98 70 99 60 17 10 11 0 5 42 78 100 99 58 2 15 5 56 91 35 5 53 85 100 100 100 100
31 11 95 37 7 6 2 13 29 66 89 62 100 100 100 82 91 100 100 80 30 31 9 29 81 100 77 40 53 68 87 41 76 62 13 0 20 94 19 14 18 0 0 0 0 90 96 100 100 84 12 18 50 86 55 71 86 100 67 100 100 61 77 88 22 69 100 100 100 76 50 71 44 41 32 5 0 9 88 100 94 52 9 4 46 0 26 79 79 58 3 18 94 100 100 100
8 44 82 41 19 62 78 68 84 100 97 100 100 100 100 100 100 100 100 100 61 20 18 14 29 39 74 94 94 30 70 98 97 92 77 13 26 99 43 46 69 6 0 0 7 74 98 55 100 98 84 44 61 45 32 48 100 80 17 100 89 51 83 67 35 54 99 100 84 61 75 40 13 66 36 1 4 36 51 100 98 49 7 8 34 0 15 78 48 65 75 4 8 40 83 83
50 94 98 100 89 44 30 28 56 81 64 86 72 96 100 100 100 100 100 100 100 92 28 79 37 27 90 100 79 28 79 83 63 50 68 58 6 90 75 43 99 96 55 0 3 72 100 79 53 99 77 17 57 23 62 100 97 38 76 100 93 37 46 77 100 62 99 100 91 91 3 2 14 29 29 42 4 56 71 98 87 17 8 25 36 20 12 67 65 50 73 41 58 41 19 100
57 83 100 82 20 9 12 83 86 88 86 12 9 82 100 25 68 50 62 100 21 62 50 63 66 84 100 80 24 37 76 25 16 64 96 60 0 34 86 68 66 83 98 54 4 0 14 85 68 35 39 20 35 6 51 100 89 39 69 89 73 52 47 82 54 65 96 100 68 28 2 19 89 58 66 66 37 57 6 49 77 13 3 42 84 60 15 82 97 90 19 11 71 58 34 84
23 5 56 47 12 0 15 84 100 100 78 40 15 87 100 26 24 9 26 92 26 13 4 64 34 95 100 84 98 55 80 95 77 64 95 93 4 45 23 94 68 23 96 100 80 13 0 30 92 79 65 0 19 80 82 91 79 40 82 82 75 88 75 79 89 79 94 98 94 100 48 26 13 2 47 77 69 67 58 48 60 12 20 46 100 80 56 7 85 84 22 12 72 73 52 60
23 12 3 23 8 9 24 97 81 100 100 95 64 58 95 14 4 12 4 56 19 0 24 44 20 100 97 94 83 100 100 100 100 30 82 94 15 7 0 42 87 88 69 99 78 31 0 1 11 42 43 88 100 99 79 34 89 31 68 95 82 100 64 51 54 66 69 92 56 37 91 47 64 34 31 76 19 15 63 100 99 40 10 48 100 82 50 40 49 95 0 9 85 100 81 95
81 93 2 35 33 8 48 64 81 12 80 57 2 8 9 82 76 43 11 28 24 2 42 71 41 76 12 43 83 100 67 76 29 48 73 67 42 0 0 4 71 68 93 93 75 62 9 0 11 63 100 100 100 92 96 77 88 72 91 98 92 100 88 73 16 83 42 70 69 13 76 48 8 22 73 18 38 61 40 37 74 60 10 18 94 92 72 46 38 92 0 13 88 100 100 100
85 59 68 48 56 17 83 86 4 78 87 53 18 0 54 92 97 84 83 38 9 1 32 82 82 34 16 53 75 99 56 31 52 98 86 94 55 11 27 0 5 44 100 93 68 63 4 0 9 79 100 99 94 80 52 97 100 59 91 100 66 69 62 92 52 95 34 44 83 41 94 44 46 65 60 59 46 85 44 66 54 88 47 22 78 100 75 13 44 97 19 30 100 100 95 65
76 78 34 68 6 33 92 100 82 34 69 74 26 0 3 9 92 96 90 69 36 2 26 46 4 8 63 51 92 100 99 83 62 81 95 93 82 94 94 29 0 4 54 94 88 85 2 0 23 70 89 47 96 96 93 100 84 50 92 99 92 84 84 97 97 96 25 46 81 58 100 100 70 10 43 30 51 98 98 100 99 100 96 47 94 100 47 22 35 64 88 85 100 100 76 40
78 98 47 12 52 36 67 77 100 63 99 88 58 0 0 36 100 97 94 40 17 10 3 15 29 50 66 82 100 48 38 41 57 50 100 90 90 93 95 62 0 0 0 29 87 48 0 0 11 31 26 60 89 100 97 97 45 43 99 92 96 99 100 99 92 97 15 7 96 56 100 100 100 74 14 80 29 55 40 72 100 100 92 92 100 98 89 99 100 81 100 100 100 94 88 69
29 86 87 19 46 57 21 93 94 100 100 76 46 3 0 46 66 99 90 88 44 27 0 63 94 95 68 60 93 47 17 9 3 15 67 98 92 90 100 85 46 10 0 0 8 1 0 0 18 100 89 74 51 97 88 40 32 60 72 90 88 100 100 96 99 92 25 32 92 95 100 100 91 100 82 100 65 70 31 30 51 100 100 95 78 98 100 100 100 100 100 100 100 94 80 62
47 33 31 8 55 64 17 89 100 96 85 71 0 0 0 0 0 26 47 94 84 36 4 78 92 88 86 100 99 97 90 87 52 37 52 98 61 77 100 44 71 51 3 1 0 0 0 0 9 60 83 93 99 99 86 97 40 82 52 79 72 91 91 52 99 85 48 92 92 96 100 100 81 63 89 100 31 48 68 64 37 67 69 32 20 58 98 72 63 94 59 37 34 38 38 61
87 98 78 82 49 83 33 72 99 77 8 18 2 49 11 6 2 73 86 93 28 0 55 100 92 98 89 91 16 1 15 40 12 36 87 82 90 96 47 38 99 68 8 14 2 0 0 4 10 29 77 22 69 61 86 80 56 90 64 84 87 75 69 84 99 45 45 71 93 95 98 100 100 67 33 77 0 20 70 64 66 44 46 20 65 18 40 41 50 70 82 91 92 41 68 31
42 100 100 47 53 59 59 89 100 98 17 12 50 86 55 18 10 16 16 31 6 18 93 86 100 100 100 96 53 9 0 27 10 88 97 76 83 86 50 52 88 49 70 77 3 0 0 10 85 70 82 52 66 95 100 100 69 94 73 96 93 87 83 99 89 6 73 94 97 80 96 100 100 100 93 67 25 1 51 19 0 12 62 62 76 43 75 66 54 40 26 48 11 18 10 53
18 66 58 19 43 66 64 100 100 100 73 47 74 97 52 61 33 5 0 5 13 27 58 31 69 95 81 98 60 20 12 13 10 21 3 25 49 75 89 73 85 85 100 100 48 0 0 0 58 75 51 68 68 91 100 63 53 92 92 83 74 70 85 90 61 30 97 100 100 64 51 98 100 100 100 100 9 0 56 44 0 0 0 23 1 1 14 8 15 0 13 49 86 98 98 98
31 18 32 92 76 100 60 87 100 88 98 92 94 45 94 71 59 2 0 2 3 7 12 77 88 73 43 100 96 87 34 80 25 0 10 61 75 80 36 94 98 96 68 69 51 2 0 4 71 86 87 86 42 82 100 79 83 92 58 80 22 38 16 62 4 37 36 61 95 98 87 92 100 98 69 75 54 25 9 1 2 0 0 0 8 12 31 20 76 86 95 100 98 100 96 94
75 15 11 74 90 100 64 65 56 17 21 63 44 82 58 74 3 0 3 41 13 21 71 99 100 79 35 52 46 88 92 63 22 0 38 89 95 57 70 62 93 98 43 32 62 1 0 0 34 64 92 100 96 100 100 99 98 64 62 99 56 73 87 25 0 59 96 97 94 100 100 100 97 29 16 48 57 66 26 0 30 42 16 34 58 48 91 70 68 91 100 100 90 93 92 94
51 2 87 100 88 45 31 36 0 2 50 89 100 91 87 11 3 0 13 64 81 72 96 66 99 99 26 1 0 7 66 62 7 0 49 65 53 71 59 44 63 67 50 62 59 0 0 0 1 76 100 95 77 68 100 96 78 8 85 96 100 98 33 0 14 88 93 100 100 52 71 87 58 18 7 3 0 0 0 0 0 71 55 94 100 92 100 100 99 90 95 100 98 91 91 97
1 57 99 49 78 64 31 0 6 58 81 61 80 18 24 14 0 0 0 0 1 0 20 21 70 95 80 65 9 1 7 21 6 0 41 86 84 4 28 76 55 65 96 81 55 4 0 0 0 30 64 97 54 81 93 54 89 36 53 92 84 38 5 3 76 100 100 94 38 17 70 70 73 65 14 0 0 0 0 0 6 21 84 100 99 70 100 100 100 100 100 100 100 63 62 61
20 89 66 40 63 95 73 36 74 56 69 76 32 2 54 49 44 9 7 0 0 0 0 4 23 17 21 36 69 25 0 2 2 11 56 99 53 31 80 43 27 57 26 4 0 15 30 0 0 9 89 100 100 95 59 62 92 41 56 86 32 24 5 54 91 100 56 84 40 73 100 62 46 74 26 0 0 0 0 0 1 90 86 54 82 80 100 100 100 100 100 100 100 100 100 100
85 56 61 95 92 91 84 32 58 18 35 42 5 59 60 42 52 31 42 4 5 0 0 0 0 12 56 41 76 80 63 24 39 28 86 97 80 37 69 14 67 95 22 29 25 88 18 0 0 0 32 97 43 33 44 77 100 80 92 83 76 22 1 52 95 80 85 85 38 97 84 74 49 58 48 0 0 0 0 0 0 10 59 60 83 74 86 91 80 99 100 100 100 100 76 94
96 81 82 48 18 45 9 56 97 27 66 10 39 25 54 52 68 72 91 2 3 0 0 0 0 26 53 11 6 76 92 76 59 43 57 70 64 20 13 94 100 100 88 67 42 96 13 0 0 0 0 14 24 31 48 100 73 37 99 76 92 17 32 93 88 65 96 58 99 86 0 19 23 21 20 71 44 2 0 0 0 20 37 34 63 0 45 59 47 92 100 100 84 32 21 92
89 22 42 38 5 44 87 90 54 98 95 79 44 50 47 26 41 2 26 31 6 31 2 0 0 35 22 0 21 44 80 19 9 1 8 61 25 3 40 60 37 60 95 43 92 46 9 1 0 0 0 18 96 57 60 100 38 36 98 83 70 1 57 53 25 20 59 86 100 9 55 99 83 72 96 71 1 0 0 0 0 0 59 54 49 3 45 75 74 100 100 100 88 27 84 100
92 96 34 14 32 97 98 99 97 97 96 100 100 96 98 26 7 30 19 24 16 24 0 0 0 0 0 0 0 0 2 86 18 4 2 22 19 2 28 26 5 84 96 79 89 42 40 34 0 0 0 0 36 83 55 100 71 14 59 0 2 15 91 89 87 93 78 55 88 42 86 19 98 90 98 39 5 27 4 0 0 0 29 61 48 20 82 100 100 100 100 100 59 66 100 99
95 75 90 30 66 83 100 100 98 94 89 85 39 62 45 38 10 6 4 21 51 47 4 6 15 0 0 0 0 0 1 23 54 37 76 60 24 3 9 59 100 77 80 100 12 78 97 94 66 0 0 0 0 12 52 87 93 18 10 3 0 30 40 59 82 26 22 43 63 90 95 79 100 97 94 98 97 22 0 0 0 0 54 71 86 50 93 100 78 100 100 100 54 81 96 39
72 78 57 41 72 75 97 100 94 50 18 24 12 6 28 4 7 10 65 7 0 6 10 59 12 0 0 0 0 0 3 21 32 88 100 81 44 0 32 76 95 99 100 83 38 90 46 30 65 0 0 0 0 11 16 0 1 0 0 0 0 12 75 91 100 87 47 18 53 95 100 98 100 100 100 98 82 75 29 0 0 0 0 30 45 67 32 76 100 99 100 100 100 83 92 100
84 100 55 43 79 62 88 75 100 54 75 50 16 29 29 15 1 2 8 1 6 12 44 47 11 13 1 0 0 0 0 2 10 27 67 16 45 0 11 36 76 88 97 90 95 66 43 63 42 17 4 0 0 0 0 0 0 0 0 4 57 92 67 35 96 98 99 79 94 88 60 36 72 100 100 100 100 62 31 38 70 -9 0 3 0 24 50 43 70 100 87 37 91 100 100 100
