data/habitatmaps/RS_maps/habitat_Prunella.modularis_2019.asc
NCOLS 369 
NROWS 228 
XLLCORNER 479000 
YLLCORNER 73000 
CELLSIZE 1000 
NODATA_value -9 
[rows 116 to 173 of 228, columns 192 to 287 of 369]
38 59 58 68 17 70 66 48 95 100 65 4 0 1 67 63 6 30 45 34 72 88 23 73 92 8 54 18 0 0 0 0 0 17 0 0 0 0 0 8 31 0 0 0 0 0 0 0 0 64 42 60 100 85 49 79 44 59 25 57 100 70 69 99 42 2 63 51 67 91 97 93 57 39 94 100 100 62 78 94 33 50 29 0 16 52 18 100 57 24 33 77 92 65 48 54
100 100 40 32 62 72 66 56 68 76 28 0 0 2 25 41 0 0 0 20 15 87 73 38 100 21 0 0 0 0 1 17 41 23 0 0 0 0 13 48 64 0 0 0 0 0 0 0 0 0 20 4 37 100 82 43 52 43 42 79 60 63 100 95 49 81 36 0 0 18 45 69 76 73 51 81 100 100 73 70 96 90 5 0 45 33 36 4 65 43 42 9 88 100 98 71
63 86 86 64 35 36 88 43 23 0 0 0 0 0 0 0 0 6 54 28 34 33 87 26 99 39 0 18 15 42 85 100 96 62 6 0 0 0 50 72 57 0 0 0 0 0 0 0 0 11 31 77 64 34 3 27 23 25 70 63 55 41 62 35 32 27 12 26 52 79 60 62 56 66 80 97 100 100 100 88 100 96 32 57 96 69 97 70 89 53 18 44 37 89 84 95
14 77 87 67 0 0 24 0 0 0 0 0 0 0 0 0 0 7 19 46 51 48 85 33 93 100 77 40 39 73 99 82 74 97 26 0 0 33 66 47 43 0 2 17 0 12 29 19 48 96 87 16 64 15 41 60 45 44 68 47 48 56 46 16 45 20 12 76 43 61 92 78 84 28 75 100 100 88 100 100 74 73 60 85 91 100 77 12 45 71 73 42 9 80 64 66
55 31 11 0 0 0 0 0 0 0 6 1 0 0 8 11 0 2 41 37 90 92 95 56 43 85 65 39 76 53 55 9 13 98 17 0 0 48 56 69 60 2 35 89 37 5 7 36 100 69 100 78 59 13 56 80 62 60 70 53 52 64 97 48 28 16 79 49 82 29 27 57 94 87 67 80 100 63 88 96 61 56 9 52 78 62 77 38 86 78 44 19 30 77 3 4
0 0 0 0 0 0 0 0 0 7 41 7 0 0 19 54 0 5 57 87 100 81 50 81 54 70 80 77 65 26 0 0 8 94 1 0 6 13 21 42 100 41 42 87 67 53 71 91 93 37 79 13 53 62 68 66 93 46 30 29 48 88 49 33 73 60 20 93 94 64 11 34 76 63 14 93 100 77 96 43 73 69 1 82 96 73 48 85 98 80 13 44 59 24 0 23
0 19 52 24 0 0 0 61 57 54 33 21 38 2 18 62 34 7 75 75 51 82 89 42 0 12 74 76 0 0 0 0 9 48 3 4 53 0 0 48 100 63 6 49 74 79 75 12 11 12 67 82 63 56 41 22 4 2 88 38 0 7 16 53 100 92 49 76 69 55 45 59 77 46 58 100 99 39 44 33 33 41 9 37 77 98 76 100 94 65 30 82 80 6 0 0
64 61 40 0 0 0 0 78 53 71 55 43 48 83 59 0 13 43 58 27 50 98 37 2 0 1 80 32 0 0 0 0 0 0 0 19 1 3 73 70 100 73 96 72 31 13 4 56 65 69 100 80 90 35 65 82 85 10 13 15 49 30 28 21 62 82 61 80 83 21 0 31 85 82 100 93 49 0 16 22 82 31 28 17 99 74 29 42 41 65 28 60 65 45 52 0
54 97 96 31 0 0 11 43 14 49 27 27 9 29 73 74 32 18 48 76 84 58 0 0 0 0 29 9 0 0 0 0 0 0 0 0 4 81 44 84 100 87 27 0 0 43 92 100 100 100 100 93 100 100 99 96 100 64 16 84 21 0 0 15 88 28 78 40 9 0 7 91 100 86 100 50 0 0 37 7 27 15 35 8 82 45 40 37 35 72 48 32 72 84 44 0
29 36 58 26 65 85 40 23 0 0 2 17 34 45 26 15 43 6 92 63 100 13 0 0 6 3 24 7 0 6 45 0 0 0 16 51 64 92 100 100 69 73 54 45 54 97 93 56 98 100 61 65 65 92 63 9 43 45 88 16 12 0 5 45 43 57 55 99 94 80 91 85 43 50 99 65 0 0 38 44 21 17 37 1 63 98 77 34 58 41 46 64 66 7 5 5
16 25 31 5 52 19 16 0 0 0 0 0 34 80 52 60 96 83 57 96 44 9 0 0 9 62 81 35 0 56 41 0 3 77 100 53 83 67 36 67 91 97 46 100 88 100 60 26 18 64 47 94 51 74 43 27 12 67 21 0 0 0 52 62 57 67 100 63 7 0 84 73 45 77 47 16 0 15 33 42 39 41 33 7 50 100 66 58 71 66 62 87 58 0 19 47
0 0 0 0 2 0 0 0 0 0 0 0 0 0 0 14 63 62 52 28 0 25 0 0 0 3 4 3 0 73 57 3 37 79 58 92 77 34 67 100 86 97 92 54 81 97 93 5 37 58 11 57 37 77 65 88 100 74 0 0 0 22 54 30 86 100 100 81 49 26 100 74 33 97 59 0 0 0 0 0 24 31 42 69 59 74 97 82 39 31 78 80 71 6 19 50
10 0 0 0 0 0 0 0 0 17 0 0 0 0 11 57 70 45 72 65 0 3 44 0 0 0 0 54 38 44 71 52 71 39 53 46 1 90 100 17 38 44 46 78 73 93 95 40 4 20 3 26 55 50 90 89 13 26 12 48 48 47 38 73 85 83 100 93 25 47 100 81 29 86 5 38 26 23 8 59 96 100 91 63 100 100 100 96 29 54 86 20 82 55 23 64
26 0 0 0 0 0 0 0 0 77 48 0 0 0 14 1 55 61 78 54 0 0 8 0 0 0 1 57 51 63 59 51 92 56 76 4 57 89 73 92 60 47 32 38 81 47 86 70 5 0 6 81 85 63 92 74 92 46 14 65 86 67 56 72 44 68 89 64 27 87 63 58 65 96 66 76 70 100 100 100 100 100 65 99 100 83 48 72 96 57 39 34 37 79 61 81
48 0 0 0 0 0 0 0 0 38 80 14 23 41 49 1 55 64 56 16 3 0 0 2 21 59 87 81 25 48 20 30 18 70 47 57 78 23 27 64 30 0 11 61 0 41 66 94 69 3 19 46 81 42 22 71 90 31 63 79 100 100 73 80 42 81 73 54 98 86 16 97 52 37 84 3 81 100 100 100 100 100 97 100 100 51 76 100 100 73 83 74 33 30 52 82
2 0 0 0 11 31 0 0 0 6 37 39 97 100 100 96 75 45 41 36 10 0 4 55 100 100 100 33 11 20 66 47 56 98 100 97 37 39 23 63 61 0 16 13 0 4 75 99 66 16 83 100 66 58 75 90 60 25 83 82 34 100 98 59 73 78 69 47 72 49 28 50 22 5 11 0 23 46 100 99 58 67 100 100 100 16 84 100 88 41 39 61 25 40 55 70
0 0 0 0 36 34 0 20 7 9 1 51 100 100 100 93 37 50 0 5 33 70 66 95 100 100 93 43 45 23 97 99 61 73 61 79 77 41 42 70 68 3 0 0 9 52 100 96 0 0 8 38 35 84 74 8 58 88 41 17 8 98 100 95 37 0 14 49 29 42 52 10 0 83 46 0 36 97 69 30 61 1 85 98 89 61 70 88 64 84 34 12 77 100 100 100
0 0 0 0 0 0 50 53 71 84 60 73 71 60 66 15 0 0 49 92 73 41 44 100 90 36 16 7 6 60 100 49 40 1 23 67 41 82 52 64 32 6 0 0 20 17 39 55 65 10 22 100 95 66 9 50 79 79 14 1 31 54 100 90 66 87 25 81 39 41 5 0 28 78 47 46 75 93 2 43 70 19 28 73 100 97 100 100 93 85 100 36 93 100 86 78
0 0 0 0 0 0 1 24 0 3 29 28 6 0 0 25 5 30 40 36 37 51 40 80 8 57 63 47 64 94 100 42 93 42 30 80 59 93 49 5 26 8 0 0 0 0 0 11 84 6 40 91 100 48 35 98 28 2 0 21 64 73 100 94 50 64 73 78 0 5 37 0 2 26 40 100 90 34 57 71 21 0 43 100 96 28 34 100 87 56 97 89 39 98 98 42
0 0 0 0 0 0 0 0 0 0 0 0 0 6 41 86 3 0 0 46 87 3 73 87 79 26 42 0 0 66 45 42 53 44 57 28 45 26 0 0 0 0 0 0 0 0 0 0 4 50 50 97 72 20 95 65 2 0 0 2 68 59 45 84 12 0 38 73 0 0 0 0 37 100 100 75 74 17 18 46 33 34 86 60 17 90 14 93 43 0 49 95 8 60 100 66
0 0 0 0 0 0 0 0 0 0 0 18 30 92 97 26 6 21 10 6 96 43 1 53 94 67 1 5 63 96 17 38 4 62 50 1 91 0 0 0 0 0 0 0 0 0 6 19 75 53 50 48 45 92 100 39 0 1 22 72 97 56 22 55 93 28 26 78 29 0 0 0 41 89 100 90 11 32 85 97 57 6 88 71 57 74 21 67 58 8 70 54 0 24 99 91
0 0 0 0 0 0 0 0 25 25 49 92 86 40 10 16 16 46 17 30 57 67 55 78 97 49 14 0 7 85 1 0 0 50 93 4 55 1 0 0 0 0 0 0 0 0 21 82 94 38 4 50 54 100 69 12 0 13 96 100 37 17 25 52 42 98 61 52 9 15 0 0 29 44 27 17 19 5 20 73 77 29 100 82 95 37 0 80 100 98 100 79 3 0 82 100
0 0 0 0 0 0 0 3 78 100 83 42 2 2 68 49 29 23 0 0 44 84 79 49 88 22 37 36 55 57 0 0 1 89 72 0 40 20 3 0 0 0 35 69 2 0 7 77 97 16 0 1 32 57 3 0 13 48 23 16 45 90 59 82 74 73 31 81 97 62 0 0 0 0 19 72 46 84 65 99 63 64 85 28 54 100 10 74 58 63 87 100 28 0 23 100
0 0 0 0 0 0 2 12 100 58 4 3 0 34 99 33 17 0 0 0 21 98 56 47 59 1 48 0 30 13 0 0 77 100 16 0 5 16 60 26 0 0 50 100 15 50 13 67 100 45 0 0 0 0 0 0 0 0 0 66 84 58 95 41 84 62 50 75 0 0 0 0 0 0 8 93 100 98 44 100 93 90 83 25 28 22 45 76 0 5 40 97 77 24 28 72
0 0 0 0 0 17 84 100 97 86 14 55 1 21 70 10 73 10 0 11 98 84 68 64 4 0 4 0 20 1 25 37 93 45 0 0 0 0 0 0 0 24 98 100 36 67 89 89 70 35 2 0 0 0 0 0 46 0 42 39 38 95 45 15 61 53 69 10 45 64 41 12 0 0 0 48 95 59 50 100 100 100 69 49 55 73 54 23 0 55 99 32 68 99 98 30
0 0 0 5 60 94 59 56 42 70 42 14 28 53 46 4 24 33 0 0 46 97 54 12 0 0 0 0 0 4 69 97 60 1 0 0 0 0 0 7 34 70 59 70 100 100 96 80 100 57 0 6 0 0 1 38 66 26 47 75 54 81 30 0 54 38 0 31 27 3 4 48 48 4 37 68 6 76 98 100 100 100 99 58 61 72 11 0 37 97 72 49 89 31 89 96
29 50 36 57 73 13 67 43 72 62 42 0 19 72 67 81 20 25 5 0 15 39 31 63 2 3 0 0 2 0 8 77 11 52 20 0 0 0 43 39 82 94 84 43 87 76 29 88 96 4 0 38 59 28 27 57 12 68 66 31 1 8 3 37 0 11 62 31 86 67 78 33 39 45 76 80 88 85 100 88 86 83 55 100 40 0 0 12 94 91 15 87 23 57 93 90
49 32 97 66 45 28 59 94 66 77 6 36 65 25 62 18 45 45 55 11 59 86 100 84 17 26 60 40 41 38 66 96 78 100 51 0 0 9 49 82 98 54 71 35 92 88 70 17 11 0 1 46 8 44 11 0 70 24 38 24 62 27 32 59 40 92 100 100 69 98 80 69 17 22 91 88 38 9 47 14 18 95 98 80 98 66 32 67 97 34 3 18 5 80 78 62
57 73 36 24 6 88 98 63 17 86 48 18 1 0 0 43 81 89 62 96 100 100 100 86 99 87 81 38 18 38 89 60 100 100 95 79 63 63 52 76 100 100 100 100 68 100 88 0 0 0 1 48 0 0 0 0 32 0 0 40 15 1 88 93 100 100 78 40 64 81 56 82 66 92 57 40 1 0 13 28 0 74 57 20 35 48 48 96 14 0 0 0 0 15 71 95
100 69 1 0 4 18 42 43 1 14 24 0 0 0 12 100 100 100 100 100 100 100 100 98 74 64 90 100 100 100 36 3 66 100 100 89 67 70 100 100 51 84 100 88 64 100 99 31 0 0 0 9 0 0 0 17 27 0 0 0 0 13 100 71 93 78 9 8 100 99 100 60 50 47 55 0 0 0 0 0 19 79 16 0 0 22 16 64 0 36 21 0 0 13 90 99
100 93 100 30 16 4 0 0 0 0 0 0 0 50 70 62 100 97 86 86 87 100 100 55 61 92 62 58 100 100 100 95 93 100 100 100 100 100 85 100 70 90 82 32 91 86 88 93 8 0 0 0 0 0 36 43 24 0 0 0 2 68 62 11 60 76 89 50 37 19 92 96 72 11 27 0 0 0 0 0 65 96 59 35 25 3 0 68 17 85 29 0 5 85 98 58
100 66 97 48 80 25 0 0 0 0 15 77 79 100 100 100 87 20 7 31 27 100 100 100 82 91 100 90 83 23 32 38 48 43 73 81 100 100 100 100 100 79 88 100 59 88 72 54 100 52 0 0 0 0 5 59 59 3 0 23 41 58 14 0 22 88 93 91 100 69 66 94 45 68 87 26 0 0 0 0 65 69 77 100 100 84 33 3 23 29 0 2 67 67 99 100
68 99 100 99 46 0 0 0 0 4 80 100 89 50 61 67 89 90 84 58 63 86 86 76 55 57 60 92 94 96 50 16 0 10 0 3 58 100 58 100 100 100 100 100 84 80 100 65 100 50 0 0 0 0 0 0 0 0 4 78 46 43 36 63 68 66 17 32 100 66 29 16 0 32 72 0 0 0 0 0 74 23 0 60 96 90 76 37 50 7 0 13 61 44 15 40
83 82 67 64 10 0 0 0 0 11 100 55 53 77 100 99 100 54 17 1 79 67 67 96 68 39 20 31 33 99 100 86 64 96 38 14 0 33 16 37 15 34 100 100 91 67 100 100 100 52 0 0 0 0 0 0 13 21 62 46 61 89 52 100 25 3 12 55 41 27 0 0 0 0 59 0 0 0 17 53 67 0 6 82 69 76 44 14 0 0 42 48 51 9 52 0
43 8 0 0 0 0 0 0 0 72 50 85 100 100 82 30 11 0 27 7 36 47 94 72 100 100 98 68 51 94 100 82 78 68 100 87 84 50 70 37 68 100 100 100 75 53 100 100 100 32 0 0 0 0 0 0 27 56 23 0 0 14 22 92 18 83 83 6 78 3 0 0 8 36 99 51 25 0 52 94 82 0 9 80 54 69 70 77 9 0 0 0 0 18 57 0
82 1 0 0 0 0 0 0 79 99 81 87 18 49 64 0 16 69 89 97 41 0 10 0 34 59 65 100 65 76 90 77 84 95 98 48 99 100 51 97 100 100 100 95 41 63 100 100 89 10 0 2 0 0 0 0 0 0 0 0 0 48 53 98 95 23 3 2 57 14 0 23 49 60 32 0 51 12 11 68 22 0 0 56 42 98 53 46 97 40 0 0 0 10 6 3
57 52 0 0 0 0 16 72 82 35 39 48 0 46 37 0 30 46 62 92 100 93 18 0 0 0 0 31 100 74 52 70 64 57 63 70 79 100 84 97 100 100 96 39 45 95 100 33 4 3 43 29 0 0 0 0 0 0 0 0 8 43 20 53 87 1 0 0 20 0 0 0 15 47 59 31 95 69 0 10 0 0 0 45 11 100 72 57 46 72 47 15 0 0 0 0
70 92 5 64 88 61 94 100 58 34 0 0 0 0 0 0 0 0 0 37 89 81 95 34 0 0 2 34 71 100 90 44 76 51 34 97 100 100 100 100 100 100 98 39 57 100 80 0 0 16 94 89 34 13 46 19 0 2 28 0 0 39 28 50 96 31 0 0 0 0 0 0 15 88 74 100 100 43 0 0 0 0 42 17 21 88 15 0 25 10 70 82 6 0 0 0
92 54 0 48 95 65 28 24 14 0 0 0 0 0 0 0 0 0 0 0 57 61 61 72 53 61 24 0 18 76 86 99 100 98 85 57 100 100 100 51 52 100 82 42 55 100 75 46 0 5 16 99 99 96 50 43 0 20 56 0 11 74 78 69 86 43 1 0 0 0 19 13 70 100 76 100 100 81 27 0 0 0 46 0 51 88 0 0 0 0 0 50 88 60 17 0
8 0 0 0 0 0 37 68 0 0 0 3 8 0 0 0 0 10 1 0 0 46 59 80 95 34 0 0 21 84 87 100 100 100 100 90 100 100 86 75 5 68 97 52 59 100 100 100 53 1 23 92 100 67 11 0 3 57 8 0 7 65 64 77 100 56 1 0 9 9 97 95 100 100 58 100 90 95 10 0 0 0 28 0 31 54 34 60 0 0 8 2 4 19 67 0
0 0 0 0 0 35 21 1 0 0 1 86 56 0 0 75 34 90 65 0 73 83 94 65 56 0 0 20 76 100 100 100 100 100 100 100 100 100 88 100 18 30 100 100 88 74 100 100 91 74 91 100 100 100 64 0 16 48 0 0 0 41 66 93 100 70 26 0 32 72 100 100 99 64 65 89 69 97 74 8 0 18 41 0 9 44 31 18 3 10 88 45 1 39 53 16
4 74 10 2 33 45 0 0 0 0 10 69 59 0 0 74 77 93 92 21 66 100 94 97 76 0 0 0 0 45 27 32 18 60 100 100 63 87 100 100 92 50 100 100 98 88 65 100 97 85 77 100 100 100 72 26 26 52 76 59 20 2 28 99 99 97 97 26 36 0 55 98 99 94 78 80 100 100 67 22 0 25 31 0 0 60 1 59 15 16 100 40 0 27 89 40
0 70 82 65 90 27 0 0 0 0 0 28 92 34 5 86 100 100 100 87 69 99 88 82 90 3 3 3 0 0 0 0 0 72 100 100 100 98 100 97 87 100 100 100 76 83 63 100 65 87 93 100 100 100 100 71 29 58 91 100 40 0 2 91 99 71 69 99 83 63 8 53 38 69 51 77 97 100 37 0 0 5 68 0 0 18 38 0 77 5 100 57 0 0 19 5
0 7 37 64 67 4 0 0 0 0 0 61 84 48 90 18 24 94 83 98 80 100 100 95 63 24 75 45 16 0 33 24 72 100 100 100 76 69 100 72 75 66 100 100 75 83 62 49 98 100 100 100 100 89 56 1 22 17 53 92 53 0 0 2 57 100 40 69 100 100 24 0 64 97 100 61 66 79 72 22 26 0 37 0 0 8 15 3 54 8 100 53 0 0 0 0
0 27 7 49 36 0 0 0 0 4 34 100 100 100 46 0 21 74 93 68 99 100 100 68 0 41 70 52 24 1 44 96 91 100 100 100 100 100 93 54 97 60 100 100 63 79 62 4 95 100 88 81 100 100 50 3 0 0 88 100 60 35 39 8 89 100 34 47 100 61 0 9 36 37 93 99 52 88 85 30 11 0 0 0 0 0 25 46 46 14 81 69 0 0 5 35
5 17 0 19 77 52 0 0 0 68 96 100 100 100 97 53 0 33 100 100 100 100 84 100 79 82 97 93 8 0 1 39 57 100 86 99 100 100 100 45 59 66 100 100 85 96 97 16 100 100 93 91 32 33 32 0 16 71 100 100 100 100 35 7 83 100 28 71 100 56 0 0 19 96 100 100 72 77 2 0 0 0 0 0 0 0 52 78 65 36 12 15 0 0 24 60
0 0 0 51 93 14 0 0 0 39 5 66 100 100 100 64 0 20 38 61 100 100 74 94 100 100 54 3 2 55 62 59 47 56 0 65 100 84 100 100 60 71 100 100 100 100 94 96 98 100 100 100 98 66 16 3 44 54 100 100 26 6 0 5 81 100 51 86 100 63 0 0 0 27 95 100 92 54 8 0 0 0 0 0 0 2 11 1 0 6 0 0 0 0 0 31
0 0 0 42 52 92 33 0 6 0 1 86 100 100 100 54 33 1 10 12 69 100 75 74 100 100 54 0 7 98 100 100 100 86 33 15 38 40 100 100 100 69 39 94 100 100 61 81 100 100 100 100 100 100 100 82 42 54 90 93 81 0 0 37 100 64 84 100 100 24 0 0 0 0 41 77 55 63 77 53 24 0 0 0 0 0 0 0 0 0 0 0 0 3 15 38
0 0 15 84 62 98 21 0 0 0 18 38 100 100 100 100 100 75 87 28 90 100 83 98 100 96 88 3 1 5 47 72 100 52 98 5 39 63 100 100 100 100 70 24 74 97 32 96 100 86 58 93 100 100 72 9 51 78 53 79 90 9 9 70 100 98 87 100 100 27 0 0 0 0 14 60 83 93 100 86 38 0 0 0 0 0 0 18 37 6 41 79 77 92 100 77
0 0 10 84 55 85 83 0 0 19 96 75 100 100 100 100 100 100 99 100 100 99 80 100 78 9 68 30 84 99 85 61 100 75 89 18 10 8 42 87 100 100 100 91 52 15 2 100 100 47 1 84 100 93 27 11 4 65 70 86 100 39 32 72 100 95 57 100 100 84 11 0 2 68 70 80 100 100 100 43 28 41 61 57 63 4 21 54 100 89 100 100 100 100 100 100
0 0 0 51 78 70 64 0 0 2 58 100 100 96 76 100 100 100 100 100 100 99 100 91 20 0 0 7 83 100 100 100 99 100 56 6 6 0 41 18 80 100 100 100 100 50 1 88 100 99 32 50 40 6 0 0 13 68 81 100 86 34 100 100 100 69 78 100 100 100 49 0 13 98 100 100 100 90 100 100 100 100 100 100 91 71 92 68 100 85 59 80 70 66 41 64
0 0 0 33 77 66 43 0 0 0 1 37 18 9 78 99 100 100 76 99 100 100 100 100 60 5 19 2 73 96 100 100 62 92 98 89 65 0 0 83 100 100 100 100 100 100 28 75 100 76 1 10 0 0 0 31 75 90 85 100 76 38 95 100 100 91 100 100 100 53 90 16 0 69 90 100 100 81 100 100 97 93 98 100 100 98 90 85 74 70 72 68 86 98 98 100
49 46 63 95 76 100 18 0 0 1 0 0 4 57 1 18 100 100 65 100 100 100 100 93 76 27 67 1 23 6 70 100 100 66 100 100 100 28 43 100 100 100 66 81 100 100 43 61 100 93 92 100 86 10 0 7 73 98 62 100 100 34 91 100 86 62 100 100 52 66 44 48 0 2 22 100 100 100 94 70 38 52 31 55 65 60 68 77 96 100 100 100 100 100 97 42
64 100 78 75 90 100 55 0 38 71 75 76 97 100 45 8 96 100 69 100 100 100 96 10 0 34 90 51 54 12 0 22 92 85 100 67 23 43 63 100 100 86 28 99 100 100 47 79 100 100 100 100 74 2 0 0 78 100 77 100 28 0 56 100 47 80 100 100 100 65 0 0 4 67 73 100 100 100 49 8 82 100 100 100 98 81 96 92 70 98 98 61 87 95 60 42
38 88 90 75 79 42 12 64 100 41 87 100 100 100 100 97 100 100 70 100 100 73 22 0 0 56 87 94 100 90 17 9 85 72 100 100 52 30 86 52 55 33 98 100 100 100 73 53 96 100 100 100 96 6 0 11 98 95 88 86 1 10 83 90 44 100 100 100 100 87 38 0 8 84 100 100 100 97 20 35 100 100 100 100 100 97 89 57 74 72 49 0 16 56 50 2
92 82 100 79 0 0 58 100 100 94 72 100 100 78 99 100 100 97 47 100 100 100 98 39 52 11 66 100 100 100 94 75 100 64 100 100 30 82 40 17 29 29 6 54 87 100 90 47 78 100 100 96 13 0 0 32 100 100 57 81 42 93 100 58 80 100 100 100 88 15 30 7 80 98 100 100 100 43 1 68 100 100 100 96 38 61 57 0 0 0 0 0 0 0 0 0
77 92 100 80 0 0 26 100 100 100 76 100 100 97 99 100 100 100 96 48 97 100 99 72 95 30 73 40 82 100 100 100 96 69 100 58 15 65 28 28 66 16 42 76 100 100 100 31 48 100 100 63 0 0 0 70 100 100 62 100 96 100 79 66 100 93 59 98 2 0 0 58 100 100 100 100 79 9 4 80 100 100 100 92 12 3 7 0 0 2 34 33 0 0 0 0
85 70 73 7 0 9 16 71 100 84 83 100 100 100 100 100 100 100 100 69 45 78 97 100 100 100 100 92 24 94 94 100 71 88 91 3 85 99 25 89 83 0 83 100 100 100 100 55 28 99 100 97 54 0 42 88 100 100 100 100 100 100 69 94 96 18 15 88 23 3 16 32 90 100 100 100 100 28 0 34 100 100 96 62 17 25 13 0 0 25 99 29 0 0 0 0
