data/habitatmaps/RS_maps/habitat_Prunella.collaris_2017.asc
NCOLS 369 
NROWS 228 
XLLCORNER 479000 
YLLCORNER 73000 
CELLSIZE 1000 
NODATA_value -9 
[rows 136 to 203 of 228, columns 96 to 191 of 369]
0 0 0 0 0 0 0 0 0 0 3 42 39 58 28 26 43 21 0 11 0 0 0 0 0 0 4 1 22 59 2 0 0 0 0 0 0 30 84 100 38 0 0 0 0 0 0 0 0 0 11 71 61 0 0 0 15 31 0 0 0 7 3 0 0 0 0 0 0 0 0 0 0 1 93 81 49 2 0 0 36 96 73 100 60 45 97 94 100 100 67 61 82 100 100 28
0 0 0 0 0 0 0 0 0 18 64 42 15 37 0 0 11 0 0 0 0 0 0 0 0 0 30 37 0 0 0 26 0 0 0 0 2 82 97 31 55 0 0 0 0 0 0 0 0 0 25 70 11 0 0 3 43 0 0 0 0 5 55 4 0 0 0 0 0 0 0 0 1 52 77 39 53 0 16 0 3 33 100 96 79 100 100 66 97 98 91 89 100 86 100 96
0 0 0 0 0 0 0 0 0 56 12 0 0 0 0 0 26 0 0 0 0 0 0 0 0 36 3 0 0 0 5 7 0 0 0 0 31 91 25 35 3 0 0 0 0 0 0 0 2 34 29 80 62 7 0 15 0 0 0 0 0 0 21 29 36 6 0 0 0 0 0 0 42 100 34 37 0 0 27 12 27 12 48 58 97 100 98 98 93 28 66 37 71 83 100 85
0 0 0 0 0 0 0 0 0 0 0 0 0 0 0 0 0 0 0 0 0 0 0 0 47 52 1 0 0 0 0 0 2 18 0 20 73 34 26 50 0 0 0 0 0 0 0 0 28 92 40 35 30 86 46 61 39 6 11 0 0 0 2 66 90 13 0 0 0 0 11 36 99 93 97 49 5 0 7 80 27 49 85 85 91 99 64 64 95 96 75 52 83 100 99 58
0 0 0 0 0 0 0 0 0 0 0 0 0 0 0 0 0 0 0 0 0 0 0 6 29 16 7 1 15 0 0 0 5 3 0 15 41 15 33 0 0 0 0 0 0 0 0 22 65 84 48 12 86 100 84 65 33 66 18 0 0 0 9 62 57 41 5 0 11 57 92 100 100 100 91 56 53 46 34 8 81 32 3 6 39 42 42 62 99 100 100 96 31 79 100 56
0 0 0 0 0 0 0 0 0 0 0 0 41 22 0 0 0 0 0 0 0 0 0 11 0 6 38 39 3 0 0 35 0 0 3 25 17 0 0 0 0 0 0 0 0 0 0 13 17 4 0 71 61 98 100 82 38 57 3 0 0 0 43 47 70 93 66 32 93 100 65 70 89 61 50 82 33 88 31 11 16 86 67 70 66 80 48 66 100 100 100 88 17 69 100 100
0 0 0 0 0 0 12 68 59 4 0 4 37 0 0 0 0 0 0 0 0 0 0 17 41 16 12 8 7 34 39 72 0 0 2 46 0 0 0 0 0 0 0 0 0 14 0 0 0 0 1 5 46 73 100 38 81 66 52 1 17 0 31 48 100 100 100 92 87 53 46 62 41 62 37 63 42 35 80 59 50 25 53 79 100 100 100 100 100 100 87 63 60 8 92 75
2 0 0 20 5 0 44 35 0 0 0 35 1 0 0 17 0 0 0 0 0 0 10 72 30 95 63 0 0 0 18 4 0 0 13 10 5 0 0 0 0 0 0 16 0 58 0 0 46 0 0 11 5 65 91 72 100 7 36 3 20 0 12 21 95 83 60 15 32 0 0 0 15 31 0 15 20 23 70 64 85 14 28 6 30 27 74 92 76 27 3 45 33 38 68 2
43 0 0 7 14 17 3 29 10 1 47 1 0 0 6 14 0 0 0 0 0 0 0 0 30 69 19 0 0 0 0 0 18 36 56 24 18 0 0 0 0 0 0 20 12 42 2 0 0 2 64 100 91 100 100 97 80 29 32 24 6 65 84 94 99 53 20 2 3 10 26 16 4 12 0 0 0 26 20 78 27 43 100 95 79 98 100 90 37 50 95 100 83 60 7 43
0 48 1 21 64 75 11 0 19 56 56 14 0 0 0 0 0 0 0 0 0 0 0 0 0 13 61 6 0 0 0 20 90 89 73 80 6 0 0 0 0 0 0 0 20 13 74 65 0 0 0 21 99 100 91 29 47 35 1 9 28 100 100 45 30 14 45 0 0 0 6 28 32 8 0 6 33 3 15 0 51 49 23 69 74 100 97 36 26 70 95 96 42 1 0 0
0 0 63 69 76 25 0 0 40 23 0 7 31 0 0 0 0 0 0 0 0 0 33 29 64 59 79 70 27 18 0 1 58 32 27 41 2 0 0 0 14 0 0 0 44 5 99 62 39 12 0 0 25 86 34 38 46 14 42 7 0 10 100 91 26 0 0 0 0 0 0 0 0 17 32 0 0 5 63 5 24 33 28 78 91 69 90 50 63 95 100 54 16 0 0 0
0 0 52 33 50 36 7 21 11 0 0 1 6 0 0 0 0 0 0 0 0 27 18 5 68 97 93 41 50 40 11 0 33 29 11 19 0 0 0 67 80 4 0 0 0 8 44 57 0 3 0 22 32 98 90 49 39 51 35 33 20 0 66 100 91 40 1 0 0 13 0 0 0 2 14 0 4 26 36 5 1 34 14 15 43 84 100 100 100 88 50 2 0 0 0 0
0 4 98 70 47 26 43 15 0 0 0 0 0 0 0 0 0 0 0 0 0 25 7 6 49 7 3 0 0 14 68 52 95 15 0 0 0 0 0 24 14 0 0 1 12 74 77 100 86 93 45 46 34 80 100 100 100 100 87 47 8 29 87 46 40 65 10 0 0 44 39 8 0 0 14 0 2 53 76 62 26 25 36 13 95 100 100 94 71 18 0 0 0 0 0 0
0 55 89 5 5 8 19 0 32 5 0 0 0 0 0 0 0 0 7 12 0 0 0 0 0 0 39 77 26 0 77 100 58 3 2 0 0 0 0 18 38 0 0 5 79 100 100 64 37 68 90 80 45 89 100 83 60 80 66 1 36 49 77 4 2 40 4 0 8 0 26 10 1 11 0 0 0 0 10 69 29 23 9 34 30 88 57 5 0 0 0 0 0 0 4 51
29 98 65 0 0 0 0 0 26 6 0 0 0 0 0 0 0 0 82 1 0 0 0 0 0 0 0 12 97 73 86 79 52 47 53 2 0 0 0 23 82 68 31 0 66 37 63 11 79 89 22 50 48 55 88 22 69 95 36 54 80 78 33 40 0 0 0 3 41 57 8 11 64 32 17 16 0 0 66 9 37 52 96 79 90 49 19 14 0 0 0 0 0 0 61 19
80 60 6 0 0 0 0 0 0 0 0 0 0 0 0 0 0 3 64 0 0 0 0 0 0 0 0 4 89 97 23 4 27 0 0 0 0 0 4 49 76 88 20 0 1 25 23 40 96 91 24 17 55 46 12 0 9 74 58 39 53 23 2 5 0 18 0 1 42 17 0 0 55 89 57 22 3 9 90 34 97 100 100 100 68 60 16 26 0 0 0 0 0 11 29 4
29 22 0 0 0 0 0 0 0 0 0 0 0 0 0 0 0 0 0 0 0 0 0 0 0 0 3 65 100 85 45 40 0 0 0 0 0 0 16 68 11 1 0 5 31 97 100 93 84 54 63 63 17 0 0 0 26 21 19 26 22 4 0 10 0 12 0 0 0 0 25 21 14 96 51 15 22 18 92 32 100 100 66 75 81 0 0 0 0 0 0 0 6 19 26 54
1 0 0 0 0 0 0 0 0 0 0 0 0 0 0 0 0 0 0 0 3 0 4 0 0 0 14 43 51 91 100 47 0 0 0 0 9 47 70 83 16 0 0 5 47 100 90 11 35 62 74 6 5 0 0 0 0 9 42 32 9 0 0 27 22 0 0 8 4 4 45 77 9 34 99 79 81 91 88 55 100 100 21 11 0 0 0 0 4 27 0 0 14 97 23 9
0 0 0 0 0 0 0 0 0 0 0 0 0 0 0 0 0 15 19 26 31 32 65 0 0 0 0 27 10 66 87 18 0 0 0 20 92 100 100 48 13 17 21 57 50 100 100 84 74 91 43 43 40 0 0 0 2 50 85 61 81 32 0 33 12 4 1 28 2 3 49 39 66 0 65 100 100 71 26 67 100 100 27 34 0 0 0 0 15 43 16 5 84 55 28 43
0 0 0 0 0 10 45 80 10 0 0 0 0 0 0 0 40 53 82 56 38 92 71 12 0 0 0 0 21 23 3 33 8 13 0 49 100 100 99 9 91 44 16 86 100 100 74 91 44 82 97 42 7 0 16 79 98 83 89 98 62 92 35 22 32 3 1 44 20 8 91 63 96 11 31 100 85 15 28 16 82 46 1 2 0 0 0 0 0 23 85 11 98 88 97 100
0 0 0 8 0 39 60 7 0 0 0 0 0 0 0 0 40 20 43 47 48 86 60 10 0 0 0 0 14 29 87 31 30 88 50 36 44 71 23 54 85 25 63 50 45 51 0 0 59 50 96 40 31 76 97 100 100 40 62 87 25 41 50 46 24 0 24 5 29 18 47 97 100 41 20 100 30 3 41 0 13 3 0 0 0 0 0 0 0 26 69 83 87 74 61 60
0 0 29 66 7 73 72 22 0 0 0 0 0 0 0 0 43 0 55 46 61 61 32 0 0 0 0 0 6 47 53 53 100 45 71 50 78 99 76 89 49 80 100 100 96 41 6 48 66 99 83 63 100 86 89 85 51 0 0 33 54 100 74 31 22 38 31 38 46 19 61 69 100 43 20 93 46 3 0 0 0 0 0 0 0 0 0 59 19 2 79 87 56 39 31 95
0 1 54 75 92 80 50 16 9 0 0 0 0 0 0 0 0 0 0 42 32 86 40 0 0 0 0 0 0 0 29 100 61 3 30 0 46 100 64 68 100 100 100 50 85 88 96 100 100 100 100 100 87 37 0 3 10 42 72 82 45 88 78 47 78 73 27 48 18 4 93 88 60 6 36 98 9 0 0 0 0 0 0 0 0 15 41 60 8 28 94 90 9 14 80 100
0 0 0 9 0 0 26 57 43 17 36 0 0 0 0 0 0 0 0 0 51 95 21 0 0 0 0 0 0 0 45 97 97 73 83 57 100 100 70 91 100 100 100 61 33 73 98 100 100 96 63 33 2 0 5 50 42 100 77 50 66 36 16 21 65 37 85 90 22 56 98 61 23 17 90 82 12 0 0 0 0 0 9 0 0 49 73 92 84 100 100 70 30 94 86 99
0 0 0 0 0 0 4 2 0 0 0 0 0 0 0 0 0 0 0 0 21 42 9 0 0 0 0 5 26 34 100 99 66 70 92 87 100 100 35 84 97 55 100 82 88 60 100 76 79 9 0 0 0 46 15 39 97 94 40 58 24 5 53 58 27 49 33 88 95 98 49 34 9 90 100 5 0 0 0 0 0 0 28 13 0 39 57 99 62 54 87 73 82 86 35 96
0 0 0 0 32 0 15 4 0 0 0 0 0 0 0 0 0 0 2 37 22 8 0 23 63 45 76 92 92 98 99 69 39 72 82 89 100 75 51 74 100 84 98 100 97 93 45 44 0 0 0 0 33 29 78 87 65 39 7 25 50 39 90 43 37 100 89 49 70 28 49 28 45 91 69 0 0 0 0 0 0 0 0 0 0 2 84 100 82 94 71 29 77 70 84 74
0 2 30 10 0 1 59 2 0 0 0 0 0 0 0 0 0 0 0 0 22 66 60 88 71 100 100 100 100 99 100 87 17 54 97 100 65 82 76 100 100 78 69 22 86 92 88 21 0 0 0 4 31 85 86 52 10 0 45 86 80 100 100 68 90 98 52 13 24 59 81 38 29 9 0 0 0 0 0 0 0 0 0 0 31 54 29 29 49 63 99 91 23 16 99 97
41 60 56 66 23 41 13 11 0 0 0 0 0 0 0 0 0 0 9 75 93 31 42 72 93 100 100 86 68 32 18 44 57 98 76 100 100 100 71 41 40 0 57 96 98 99 76 24 0 0 13 61 96 100 72 75 94 34 76 100 100 100 100 100 49 10 0 0 18 36 5 0 0 0 0 0 0 0 0 0 0 0 0 0 22 20 0 7 0 44 79 82 28 37 99 94
49 76 75 33 64 62 39 56 59 0 0 0 0 0 47 67 24 32 90 100 100 100 100 100 100 100 100 100 19 0 0 2 28 99 69 94 100 100 44 0 10 78 100 100 100 100 67 1 0 6 80 100 90 74 93 100 100 100 100 99 100 100 100 99 8 0 0 0 1 0 0 0 0 0 0 0 0 0 0 0 0 0 0 0 0 0 0 0 1 8 60 100 99 100 100 55
0 0 0 0 2 4 46 46 2 0 0 22 0 60 98 93 46 69 100 83 64 100 94 85 100 100 100 100 92 78 100 91 100 100 100 100 100 72 2 0 37 78 88 78 92 100 93 43 0 14 88 100 60 83 95 66 100 100 65 70 100 100 40 26 0 0 0 0 0 0 0 0 0 0 0 0 0 0 0 0 1 0 0 0 0 0 26 59 92 94 90 100 100 100 100 100
0 0 0 0 0 8 33 6 0 10 56 85 63 47 87 94 58 96 91 15 82 100 78 46 99 100 100 100 90 100 100 81 32 55 69 100 81 3 0 0 25 15 84 22 55 100 98 19 37 22 83 100 96 100 79 91 100 100 77 91 97 93 37 0 0 0 0 0 0 0 0 0 0 0 0 7 39 63 62 73 8 0 0 0 0 10 99 100 100 100 85 99 100 100 100 91
0 0 0 0 0 0 6 3 2 10 82 100 100 56 97 88 94 67 80 59 100 100 95 52 18 41 19 45 62 85 55 44 0 6 5 68 74 0 0 0 0 18 8 7 97 98 18 1 23 27 54 100 100 100 80 73 100 100 90 24 38 100 62 0 0 0 0 0 0 0 0 0 0 0 0 61 57 91 6 9 0 0 0 52 60 46 100 100 100 100 17 65 100 100 100 90
0 0 0 0 0 0 53 36 74 30 52 92 46 10 95 66 67 100 100 100 100 100 100 88 7 0 0 9 89 69 0 2 0 0 0 0 22 12 0 0 0 89 58 32 56 45 0 0 21 3 60 94 45 80 31 40 100 58 27 0 49 100 79 3 48 23 0 0 0 0 10 5 0 7 36 100 85 20 0 0 0 0 2 76 100 100 100 100 100 71 2 66 100 100 100 88
0 0 0 0 42 74 87 97 97 49 95 97 26 25 91 100 100 100 100 100 100 100 66 37 4 0 0 1 13 7 0 0 0 0 0 40 34 15 0 0 1 21 50 5 10 1 0 3 14 0 1 43 22 32 0 13 53 0 9 0 26 72 61 4 31 24 0 0 0 0 0 27 1 44 100 88 13 5 55 61 5 28 13 100 100 85 100 76 83 28 41 100 100 100 100 67
0 0 0 0 0 57 98 61 82 90 100 48 50 49 100 100 100 91 90 72 96 61 7 0 0 0 0 0 0 0 0 0 0 5 66 17 0 0 0 0 0 1 13 0 0 0 0 7 17 0 20 23 51 16 0 2 0 0 0 0 0 0 0 0 0 0 0 0 0 0 0 3 55 98 100 97 94 67 100 97 68 100 81 99 99 88 84 17 5 1 67 100 100 100 97 86
1 30 11 45 59 92 63 2 12 90 100 100 92 33 69 44 48 52 87 50 64 0 0 0 0 0 0 0 0 0 0 0 0 0 41 9 0 0 0 1 2 0 0 0 0 0 0 0 0 0 0 8 4 0 0 0 0 0 0 0 0 0 0 0 0 5 0 0 0 0 0 0 17 43 45 97 81 100 81 100 100 100 100 86 94 55 30 0 2 70 100 100 97 100 59 14
0 27 88 100 70 73 56 89 93 100 100 86 34 44 63 7 0 95 99 29 4 0 0 0 0 0 0 0 0 0 0 0 0 0 0 0 0 0 0 0 24 41 49 19 24 0 0 0 0 0 0 0 0 0 0 0 0 0 0 0 0 27 24 27 16 1 0 0 0 0 0 0 0 0 1 54 91 61 49 99 100 97 93 76 87 51 17 10 6 42 86 30 68 63 11 0
11 75 87 99 89 85 95 89 74 52 79 64 93 71 3 0 16 100 100 50 0 0 0 0 0 0 0 0 0 0 0 0 0 0 0 0 0 0 0 0 0 0 1 0 0 0 0 0 0 0 0 0 0 0 0 0 0 0 0 0 0 10 16 6 0 0 0 0 2 5 0 0 0 0 3 34 100 80 77 99 100 100 100 100 100 99 59 27 6 48 8 5 91 19 0 0
40 4 5 8 18 57 95 10 1 3 22 60 11 56 2 0 20 98 43 57 0 0 0 0 0 0 0 0 0 0 0 0 0 0 0 0 5 47 37 0 0 0 0 0 0 0 0 0 0 0 0 0 0 0 0 0 0 0 0 0 0 0 0 14 24 0 16 14 17 20 0 0 0 0 1 41 96 70 53 88 66 91 100 100 79 15 1 0 0 0 0 31 82 8 0 0
0 0 0 0 2 22 50 40 6 0 19 55 86 17 0 0 0 48 33 3 0 0 0 0 0 0 0 0 0 0 0 0 0 0 0 0 11 70 100 1 0 0 0 0 0 0 15 61 8 0 0 0 0 0 0 0 0 0 0 0 0 0 0 4 2 23 65 58 0 0 0 0 0 24 49 98 86 7 0 4 2 73 100 45 0 11 25 5 0 0 0 0 0 0 0 0
24 13 3 49 81 87 57 17 4 0 7 67 30 13 0 0 0 0 0 0 0 0 0 0 0 0 0 0 0 0 0 0 0 0 0 0 10 37 61 0 0 15 10 0 0 0 0 45 100 62 0 0 0 0 0 0 0 0 0 0 0 0 0 0 3 3 70 96 16 0 0 0 0 16 84 100 100 94 42 0 0 26 67 64 62 58 70 100 65 3 0 0 0 0 0 0
28 5 61 100 100 70 14 70 82 44 25 35 0 0 0 0 0 0 0 0 0 0 0 0 0 0 0 0 0 0 0 0 0 0 0 0 0 22 97 30 8 43 58 67 3 0 0 40 100 98 40 0 11 0 0 0 0 0 0 0 0 0 0 0 49 4 96 100 57 30 15 0 24 86 100 100 88 88 64 0 6 6 0 0 5 49 80 100 100 81 12 0 0 0 0 0
12 68 100 74 94 58 60 100 98 22 0 21 10 0 0 0 0 0 0 0 0 0 0 0 0 0 0 0 0 0 0 0 0 0 0 0 2 64 42 69 94 63 91 100 63 2 0 70 100 100 25 8 83 79 15 0 0 0 0 0 0 0 0 0 8 0 21 71 80 15 0 0 7 74 92 71 20 93 66 51 26 1 0 0 0 0 15 71 96 87 18 0 0 0 0 0
71 96 77 100 100 100 99 100 100 81 9 4 0 0 0 0 0 0 0 0 0 0 0 0 0 0 0 0 0 0 0 0 0 0 0 0 0 4 9 71 100 100 100 100 59 6 3 77 100 100 73 82 100 100 58 0 0 0 0 0 0 0 0 39 40 15 1 65 31 0 0 20 73 100 50 23 13 95 96 100 42 1 0 0 0 0 0 21 43 5 0 0 0 0 0 0
100 91 93 100 98 100 100 100 92 88 26 0 0 0 0 0 0 0 0 0 0 0 0 0 0 0 0 0 0 0 0 0 0 0 0 0 0 0 62 82 89 100 100 100 100 86 27 86 100 100 100 100 100 100 54 0 0 0 0 0 0 0 0 36 72 31 38 37 0 0 0 91 100 100 52 20 93 100 100 100 36 0 0 0 0 0 0 0 0 0 0 0 0 0 0 0
100 93 69 30 14 66 75 79 77 72 8 0 0 0 0 0 0 0 0 0 0 0 0 0 0 0 0 0 0 0 0 3 71 5 0 0 0 0 1 1 48 100 100 100 100 70 14 47 100 100 100 100 79 27 1 0 0 0 0 0 0 0 28 92 77 52 64 79 3 1 38 59 100 97 100 97 32 17 89 100 86 7 0 0 0 0 0 0 0 0 0 0 0 0 0 0
100 79 12 23 0 2 1 0 26 9 33 0 0 0 0 0 0 0 0 0 0 0 0 0 0 0 0 0 41 7 10 14 93 50 0 0 0 0 0 0 31 73 100 100 80 32 0 72 100 100 100 95 32 0 0 0 0 0 0 0 0 0 79 100 84 39 90 99 24 25 0 1 25 57 100 84 9 0 8 38 13 0 0 0 0 0 0 0 0 0 0 0 0 0 0 5
71 59 9 0 0 0 0 0 6 28 1 0 0 0 0 0 0 0 0 0 0 0 0 0 0 0 0 2 61 82 62 16 54 4 0 0 0 0 6 16 26 97 100 88 37 18 2 80 100 100 100 100 85 0 0 0 0 0 1 0 0 0 39 100 97 64 81 100 99 93 22 0 0 72 100 88 0 0 0 0 5 7 0 0 0 0 0 0 0 0 0 0 0 0 0 11
27 46 1 0 0 0 8 0 0 4 7 0 0 0 0 0 0 0 0 0 0 0 0 0 0 0 0 0 8 47 31 54 100 95 0 0 0 0 28 61 63 92 95 50 32 2 76 100 100 100 89 59 30 0 0 0 0 2 47 0 0 1 63 100 100 100 100 100 100 55 0 0 0 3 66 72 0 0 0 0 12 4 0 0 0 0 0 0 0 0 0 0 0 0 0 15
92 66 0 0 0 0 28 29 0 0 0 0 0 0 0 0 0 0 0 0 0 0 0 0 0 0 0 0 3 43 22 100 84 97 15 0 0 0 37 100 45 85 87 29 0 26 89 100 100 100 100 63 15 0 0 0 0 47 100 29 0 4 57 100 100 100 83 41 56 57 24 9 0 0 0 5 27 52 55 0 0 0 9 36 32 33 24 13 0 0 0 0 14 0 0 0
100 59 0 0 0 0 0 0 0 0 0 0 0 0 0 0 0 0 0 30 3 0 0 0 0 0 0 15 54 64 63 100 59 23 0 0 0 0 16 37 57 77 99 39 0 25 93 100 82 100 100 26 4 0 0 0 22 99 100 70 0 0 11 73 97 100 96 41 52 59 89 80 18 0 0 0 21 99 12 0 40 85 97 100 100 100 100 34 0 0 0 17 46 0 0 0
56 17 24 11 0 0 0 0 0 0 0 0 0 0 0 0 0 0 2 55 54 0 0 0 0 0 0 2 43 90 100 100 90 32 0 0 0 0 0 6 45 88 100 96 0 32 92 98 85 100 82 0 0 0 0 12 100 100 100 74 16 0 1 78 100 100 89 50 34 57 52 100 39 0 0 2 0 36 0 2 47 56 67 98 100 79 100 63 5 0 0 0 0 0 0 0
0 0 0 0 0 0 0 0 0 0 0 0 0 0 0 0 0 0 63 17 19 0 0 0 0 0 0 24 14 59 99 100 100 71 25 69 54 5 0 19 24 75 100 95 60 69 100 65 63 98 48 0 0 0 34 71 100 100 100 100 96 30 0 20 97 100 92 18 0 80 66 91 20 0 8 63 0 0 25 1 0 5 1 20 25 3 78 19 26 22 0 0 0 -9 -9 0
0 0 0 0 0 0 0 0 0 0 0 0 0 60 9 0 0 3 44 16 24 0 0 0 0 0 0 1 2 32 40 77 17 79 76 66 100 94 21 0 64 100 100 94 79 46 100 97 60 100 50 0 0 15 91 99 100 100 84 83 100 55 0 0 78 100 98 72 73 45 78 20 0 0 47 78 2 21 95 50 83 92 6 0 0 1 68 36 0 0 0 0 0 -9 -9 -9
0 0 0 0 0 0 0 0 0 0 0 0 0 15 0 0 0 21 25 0 0 0 0 9 10 0 0 0 0 7 85 99 73 95 93 16 40 21 6 0 1 84 78 71 74 83 97 72 81 100 57 0 0 25 100 86 66 95 40 45 100 43 0 0 71 100 100 80 71 60 79 79 28 62 77 52 9 92 100 100 92 80 11 0 0 0 14 93 18 0 0 0 0 -9 -9 -9
0 0 0 0 0 0 0 0 0 0 0 0 2 12 0 0 0 21 89 39 4 0 0 67 46 0 0 0 0 25 100 100 71 80 29 2 69 13 0 0 0 77 94 71 28 8 9 22 3 90 46 0 0 55 100 92 0 2 43 60 86 49 0 0 17 87 100 66 34 57 44 100 100 100 100 68 82 99 81 81 28 0 0 0 0 4 57 12 1 0 0 0 0 -9 -9 -9
0 0 0 0 0 0 6 42 28 3 0 47 66 78 18 0 28 98 81 8 60 0 0 66 39 1 0 0 0 42 20 32 69 2 0 6 100 78 20 4 1 84 100 46 18 29 3 0 43 100 64 0 0 73 100 100 42 0 5 16 88 94 5 0 21 87 100 45 4 53 11 59 85 92 51 47 82 63 0 0 0 0 0 0 0 1 1 0 0 0 0 0 -9 -9 -9 -9
0 0 0 0 0 3 41 41 5 64 24 19 73 48 5 0 53 99 100 62 77 0 33 96 92 4 0 0 0 0 0 0 55 58 1 3 94 100 47 40 17 54 100 91 4 1 26 0 89 93 30 33 29 95 85 72 52 0 4 57 92 97 2 0 44 100 100 81 85 85 52 87 89 76 21 54 28 12 0 0 0 0 0 0 0 0 0 0 0 0 0 0 -9 -9 -9 -9
0 0 0 5 48 79 4 0 0 52 42 35 71 16 26 0 9 71 100 97 63 12 3 67 49 1 10 8 0 0 0 0 44 77 24 3 63 99 77 64 22 100 100 71 26 22 20 12 28 68 58 40 12 98 94 33 36 46 18 38 83 3 0 0 44 100 100 100 100 100 63 66 100 37 48 24 67 53 23 15 8 0 0 0 0 0 0 0 0 0 0 0 -9 -9 -9 -9
0 0 0 0 11 17 0 0 0 12 37 79 100 82 69 22 5 78 100 100 68 17 0 75 48 10 84 19 0 0 0 0 33 62 62 32 39 87 4 16 6 77 100 89 51 63 24 41 67 70 1 1 11 100 58 23 0 23 44 72 100 36 7 4 16 33 100 100 100 100 64 24 98 96 95 100 100 34 79 96 34 0 0 0 0 0 0 0 0 0 0 0 -9 -9 -9 -9
13 27 0 0 0 31 0 0 0 11 75 81 100 100 100 81 60 48 100 100 38 71 11 46 100 69 86 39 0 0 0 5 57 94 83 93 67 100 62 19 76 100 95 86 54 71 56 67 97 47 0 5 46 100 79 38 31 84 0 60 73 53 70 83 25 40 100 100 100 100 92 100 61 47 58 16 47 8 50 68 43 0 0 0 7 75 24 0 0 0 0 -9 -9 -9 -9 -9
0 18 0 0 0 0 0 0 0 0 38 25 74 100 65 61 98 85 98 100 76 75 87 96 86 83 69 0 0 0 0 0 10 11 70 94 31 49 100 99 100 79 14 7 44 57 27 71 33 0 0 8 92 100 96 32 53 58 0 37 35 100 100 100 23 15 96 100 97 62 88 77 40 86 79 10 0 1 1 32 81 0 0 0 0 7 23 0 0 0 -9 -9 -9 -9 -9 -9
0 0 0 0 0 0 0 0 0 0 8 16 69 100 70 81 75 100 22 97 88 23 73 78 20 71 100 33 0 0 0 0 0 58 100 62 1 21 100 72 100 98 6 0 21 55 86 71 95 25 0 1 80 100 100 90 26 27 0 11 2 80 100 97 26 54 75 100 100 73 78 93 99 100 76 8 0 0 0 5 5 0 0 34 5 0 0 0 0 0 -9 -9 -9 -9 -9 -9
25 0 0 0 0 0 0 0 0 0 0 43 28 70 90 100 65 38 51 93 9 0 84 99 54 91 100 73 0 36 92 70 0 36 98 100 35 11 86 41 99 100 23 7 33 10 46 100 100 65 5 2 56 91 100 100 67 40 0 0 0 7 66 79 9 65 100 100 100 100 90 90 100 100 63 17 0 0 0 0 0 0 0 27 1 0 0 0 0 -9 -9 -9 -9 -9 -9 -9
35 0 0 0 0 0 0 0 0 0 0 0 66 32 40 100 100 70 51 100 58 0 61 100 62 90 79 58 19 77 100 99 35 27 80 100 56 29 30 50 34 90 8 20 30 4 42 57 99 87 12 53 82 55 88 100 91 28 0 1 0 13 54 97 63 80 100 100 100 100 100 67 53 86 21 0 0 0 0 0 0 0 0 0 0 0 0 0 -9 -9 -9 -9 -9 -9 -9 -9
63 0 0 0 0 0 0 0 0 0 0 0 12 0 40 72 86 74 87 78 35 0 56 100 100 100 71 17 9 81 100 100 86 85 73 100 58 46 39 9 30 9 30 28 34 54 85 76 29 57 19 100 100 91 22 88 95 39 31 28 46 18 17 62 72 79 100 97 100 100 100 88 21 46 28 0 0 0 0 0 0 0 0 0 0 0 0 -9 -9 -9 -9 -9 -9 -9 -9 -9
21 0 0 0 0 28 30 0 2 22 4 0 0 0 20 74 100 92 40 50 58 0 43 100 100 100 39 0 2 98 100 100 98 70 84 100 39 28 6 10 14 17 16 41 50 100 91 94 34 0 17 100 100 100 85 85 95 18 0 16 4 22 28 100 55 75 100 77 79 100 100 99 15 0 0 1 5 18 0 0 0 0 18 24 0 0 -9 -9 -9 -9 -9 -9 -9 -9 -9 -9
0 0 0 0 0 51 19 20 75 97 79 51 7 7 11 30 52 89 60 46 76 80 88 100 100 100 74 1 5 88 100 85 60 84 58 99 31 72 63 11 0 13 45 14 58 95 55 51 12 0 0 98 100 100 100 100 87 13 4 33 0 6 78 95 51 69 100 100 100 100 100 78 0 0 5 82 88 47 9 26 60 38 4 4 0 -9 -9 -9 -9 -9 -9 -9 -9 -9 -9 -9
