data/habitatmaps/RS_maps/habitat_Regulus.regulus_2007.asc
NCOLS 369 
NROWS 228 
XLLCORNER 479000 
YLLCORNER 73000 
CELLSIZE 1000 
NODATA_value -9 
[rows 0 to 62 of 228, columns 96 to 191 of 369]
-9 -9 -9 -9 -9 -9 -9 -9 -9 -9 -9 -9 -9 -9 -9 -9 -9 -9 -9 -9 -9 -9 -9 -9 -9 -9 -9 -9 -9 -9 -9 -9 -9 -9 -9 -9 -9 -9 -9 -9 -9 -9 -9 -9 -9 -9 -9 -9 -9 -9 -9 -9 -9 -9 -9 -9 -9 -9 -9 -9 -9 -9 -9 -9 -9 -9 -9 -9 -9 -9 -9 -9 -9 -9 -9 -9 -9 -9 -9 -9 -9 -9 -9 -9 -9 -9 -9 -9 -9 -9 -9 -9 -9 -9 44 74
-9 -9 -9 -9 -9 -9 -9 -9 -9 -9 -9 -9 -9 -9 -9 -9 -9 -9 -9 -9 -9 -9 -9 -9 -9 -9 -9 -9 -9 -9 -9 -9 -9 -9 -9 -9 -9 -9 -9 -9 -9 -9 -9 -9 -9 -9 -9 -9 -9 -9 -9 -9 -9 -9 -9 -9 -9 -9 -9 -9 -9 -9 -9 -9 -9 -9 -9 -9 -9 -9 -9 -9 -9 -9 -9 -9 -9 -9 -9 -9 -9 -9 -9 -9 -9 -9 -9 -9 -9 -9 -9 -9 -9 55 44 74
-9 -9 -9 -9 -9 -9 -9 -9 -9 -9 -9 -9 -9 -9 -9 -9 -9 -9 -9 -9 -9 -9 -9 -9 -9 -9 -9 -9 -9 -9 -9 -9 -9 -9 -9 -9 -9 -9 -9 -9 -9 -9 -9 -9 -9 -9 -9 -9 -9 -9 -9 -9 -9 -9 -9 -9 -9 -9 -9 -9 -9 -9 -9 -9 -9 -9 -9 -9 -9 -9 -9 -9 -9 -9 -9 -9 -9 -9 -9 -9 -9 -9 -9 -9 -9 -9 -9 -9 -9 -9 -9 -9 -9 28 78 97
-9 -9 -9 -9 -9 -9 -9 -9 -9 -9 -9 -9 -9 -9 -9 -9 -9 -9 -9 -9 -9 -9 -9 -9 -9 -9 -9 -9 -9 -9 -9 -9 -9 -9 -9 -9 -9 -9 -9 -9 -9 -9 -9 -9 -9 -9 -9 -9 -9 -9 -9 -9 -9 -9 -9 -9 -9 -9 -9 -9 -9 -9 -9 -9 -9 -9 -9 -9 -9 -9 -9 -9 -9 -9 -9 -9 -9 -9 -9 -9 -9 -9 -9 -9 -9 -9 -9 -9 -9 -9 -9 -9 12 15 48 50
-9 -9 -9 -9 -9 -9 -9 -9 -9 -9 -9 -9 -9 -9 -9 -9 -9 -9 -9 -9 -9 -9 -9 -9 -9 -9 -9 -9 -9 -9 -9 -9 -9 -9 -9 -9 -9 -9 -9 -9 -9 -9 -9 -9 -9 -9 -9 -9 -9 -9 -9 -9 -9 -9 -9 -9 -9 -9 -9 -9 -9 -9 -9 -9 -9 -9 -9 -9 -9 -9 -9 -9 -9 -9 -9 -9 -9 -9 -9 -9 -9 -9 -9 -9 -9 -9 -9 -9 -9 -9 -9 15 0 0 0 2
-9 -9 -9 -9 -9 -9 -9 -9 -9 -9 -9 -9 -9 -9 -9 -9 -9 -9 -9 -9 -9 -9 -9 -9 -9 -9 -9 -9 -9 -9 -9 -9 -9 -9 -9 -9 -9 -9 -9 -9 -9 -9 -9 -9 -9 -9 -9 -9 -9 -9 -9 -9 -9 -9 -9 -9 -9 -9 -9 -9 -9 -9 -9 -9 -9 -9 -9 -9 -9 -9 -9 -9 -9 -9 -9 -9 -9 -9 -9 -9 -9 -9 -9 -9 -9 -9 -9 -9 -9 -9 -9 58 0 0 60 45
-9 -9 -9 -9 -9 -9 -9 -9 -9 -9 -9 -9 -9 -9 -9 -9 -9 -9 -9 -9 -9 -9 -9 -9 -9 -9 -9 -9 -9 -9 -9 -9 -9 -9 -9 -9 -9 -9 -9 -9 -9 -9 -9 -9 -9 -9 -9 -9 -9 -9 -9 -9 -9 -9 -9 -9 -9 -9 -9 -9 -9 -9 -9 -9 -9 -9 -9 -9 -9 -9 -9 -9 -9 -9 -9 -9 -9 -9 -9 -9 -9 -9 -9 -9 -9 -9 -9 -9 -9 -9 78 97 24 0 29 10
-9 -9 -9 -9 -9 -9 -9 -9 -9 -9 -9 -9 -9 -9 -9 -9 -9 -9 -9 -9 -9 -9 -9 -9 -9 -9 -9 -9 -9 -9 -9 -9 -9 -9 -9 -9 -9 -9 -9 -9 -9 -9 -9 -9 -9 -9 -9 -9 -9 -9 -9 -9 -9 -9 -9 -9 -9 -9 -9 -9 -9 -9 -9 -9 -9 -9 -9 -9 -9 -9 -9 -9 -9 -9 -9 -9 -9 -9 -9 -9 -9 -9 -9 -9 -9 -9 -9 -9 -9 78 87 100 49 5 64 40
-9 -9 -9 -9 -9 -9 -9 -9 -9 -9 -9 -9 -9 -9 -9 -9 -9 -9 -9 -9 -9 -9 -9 -9 -9 -9 -9 -9 -9 -9 -9 -9 -9 -9 -9 -9 -9 -9 -9 -9 -9 -9 -9 -9 -9 -9 -9 -9 -9 -9 -9 -9 -9 -9 -9 -9 -9 -9 -9 -9 -9 -9 -9 -9 -9 -9 -9 -9 -9 -9 -9 -9 -9 -9 -9 -9 -9 -9 -9 -9 -9 -9 -9 -9 -9 -9 -9 -9 100 100 100 100 43 17 76 24
-9 -9 -9 -9 -9 -9 -9 -9 -9 -9 -9 -9 -9 -9 -9 -9 -9 -9 -9 -9 -9 -9 -9 -9 -9 -9 -9 -9 -9 -9 -9 -9 -9 -9 -9 -9 -9 -9 -9 -9 -9 -9 -9 -9 -9 -9 -9 -9 -9 -9 -9 -9 -9 -9 -9 -9 -9 -9 -9 -9 -9 -9 -9 -9 -9 -9 -9 -9 -9 -9 -9 -9 -9 -9 -9 -9 -9 -9 -9 -9 -9 -9 -9 -9 -9 -9 -9 -9 84 100 100 100 86 2 0 8
-9 -9 -9 -9 -9 -9 -9 -9 -9 -9 -9 -9 -9 -9 -9 -9 -9 -9 -9 -9 -9 -9 -9 -9 -9 -9 -9 -9 -9 -9 -9 -9 -9 -9 -9 -9 -9 -9 -9 -9 -9 -9 -9 -9 -9 -9 -9 -9 -9 -9 -9 -9 -9 -9 -9 -9 -9 -9 -9 -9 -9 -9 -9 -9 -9 -9 -9 -9 -9 -9 -9 -9 -9 -9 -9 -9 -9 -9 -9 -9 -9 -9 -9 -9 -9 -9 -9 65 74 93 97 100 100 10 0 2
-9 -9 -9 -9 -9 -9 -9 -9 -9 -9 -9 -9 -9 -9 -9 -9 -9 -9 -9 -9 -9 -9 -9 -9 -9 -9 -9 -9 -9 -9 -9 -9 -9 -9 -9 -9 -9 -9 -9 -9 -9 -9 -9 -9 -9 -9 -9 -9 -9 -9 -9 -9 -9 -9 -9 -9 -9 -9 -9 -9 -9 -9 -9 -9 -9 -9 -9 -9 -9 -9 -9 -9 -9 -9 -9 -9 -9 -9 -9 -9 -9 -9 -9 -9 -9 -9 27 40 76 46 1 25 90 10 0 6
-9 -9 -9 -9 -9 -9 -9 -9 -9 -9 -9 -9 -9 -9 -9 -9 -9 -9 -9 -9 -9 -9 -9 -9 -9 -9 -9 -9 -9 -9 -9 -9 -9 -9 -9 -9 -9 -9 -9 -9 -9 -9 -9 -9 -9 -9 -9 -9 -9 -9 -9 -9 -9 -9 -9 -9 -9 -9 -9 -9 -9 -9 -9 -9 -9 -9 -9 -9 -9 -9 -9 -9 -9 -9 -9 -9 -9 -9 -9 -9 -9 -9 -9 -9 -9 -9 35 78 66 59 10 44 100 22 13 19
-9 -9 -9 -9 -9 -9 -9 -9 -9 -9 -9 -9 -9 -9 -9 -9 -9 -9 -9 -9 -9 -9 -9 -9 -9 -9 -9 -9 -9 -9 -9 -9 -9 -9 -9 -9 -9 -9 -9 -9 -9 -9 -9 -9 -9 -9 -9 -9 -9 -9 -9 -9 -9 -9 -9 -9 -9 -9 -9 -9 -9 -9 -9 -9 -9 -9 -9 -9 -9 -9 -9 -9 -9 -9 -9 -9 -9 -9 -9 -9 -9 -9 -9 -9 -9 -9 52 97 76 97 76 89 76 84 94 38
-9 -9 -9 -9 -9 -9 -9 -9 -9 -9 -9 -9 -9 -9 -9 -9 -9 -9 -9 -9 -9 -9 -9 -9 -9 -9 -9 -9 -9 -9 -9 -9 -9 -9 -9 -9 -9 -9 -9 -9 -9 -9 -9 -9 -9 -9 -9 -9 -9 -9 -9 -9 -9 -9 -9 -9 -9 -9 -9 -9 -9 -9 -9 -9 -9 -9 -9 -9 -9 -9 -9 -9 -9 -9 -9 -9 -9 -9 -9 -9 62 74 91 64 30 78 66 56 43 36 67 9 72 60 50 38
-9 -9 -9 -9 -9 -9 -9 -9 -9 -9 -9 -9 -9 -9 -9 -9 -9 -9 -9 -9 -9 -9 -9 -9 -9 -9 -9 -9 -9 -9 -9 -9 -9 -9 -9 -9 -9 -9 -9 -9 -9 -9 -9 -9 -9 -9 -9 -9 -9 -9 -9 -9 -9 -9 -9 -9 -9 -9 -9 -9 -9 -9 -9 -9 -9 -9 -9 -9 -9 -9 -9 -9 -9 -9 -9 -9 69 92 5 24 17 25 58 89 22 92 79 14 0 0 6 0 38 9 0 38
-9 -9 -9 -9 -9 -9 -9 -9 -9 -9 -9 -9 -9 -9 -9 -9 -9 -9 -9 -9 -9 -9 -9 -9 -9 -9 -9 -9 -9 -9 -9 -9 -9 -9 -9 -9 -9 -9 -9 -9 -9 -9 77 87 72 28 -9 -9 -9 -9 -9 -9 -9 -9 -9 -9 -9 -9 -9 -9 -9 -9 -9 -9 -9 -9 -9 -9 -9 -9 -9 -9 -9 -9 -9 91 68 67 30 67 55 81 86 100 29 59 74 54 0 14 6 7 51 4 22 28
-9 -9 -9 -9 -9 -9 -9 -9 -9 -9 -9 -9 -9 -9 -9 -9 -9 -9 -9 -9 -9 -9 -9 -9 -9 -9 -9 -9 -9 -9 -9 -9 -9 -9 -9 0 0 0 0 0 0 81 40 72 80 36 0 72 15 34 -9 -9 -9 -9 -9 -9 -9 -9 -9 -9 -9 -9 -9 -9 -9 -9 -9 -9 -9 -9 -9 -9 -9 44 35 77 78 29 46 65 74 84 95 73 71 16 0 74 38 63 42 5 12 18 30 20
-9 -9 -9 -9 -9 -9 -9 -9 -9 -9 -9 -9 -9 -9 -9 -9 -9 -9 -9 -9 -9 -9 -9 -9 -9 -9 -9 -9 -9 -9 -9 0 0 0 0 0 0 0 0 0 24 46 59 75 86 62 34 7 3 52 46 -9 76 67 49 86 86 84 85 41 49 0 -9 -9 -9 -9 -9 -9 -9 -9 -9 -9 93 24 29 52 85 21 45 78 99 75 29 28 98 50 25 72 28 2 2 20 26 43 24 19
-9 -9 -9 -9 -9 -9 -9 -9 -9 -9 -9 -9 -9 -9 -9 -9 -9 -9 -9 -9 -9 -9 -9 -9 -9 -9 -9 -9 -9 -9 0 0 0 0 0 0 0 0 0 0 17 25 78 22 71 50 26 29 20 0 33 4 40 85 57 59 56 76 82 87 41 2 26 94 100 100 -9 -9 -9 -9 93 72 100 70 18 68 93 69 22 66 77 24 0 11 49 77 65 24 0 0 9 45 2 44 36 0
-9 -9 -9 -9 -9 -9 -9 -9 -9 -9 -9 -9 -9 -9 -9 -9 -9 -9 -9 -9 -9 -9 -9 -9 -9 -9 -9 -9 0 0 0 0 0 0 0 0 0 0 0 0 5 0 25 0 2 35 24 64 52 46 68 9 52 37 3 26 30 47 67 94 73 59 86 100 90 66 33 -9 -9 37 44 26 24 81 31 91 100 51 10 3 14 38 29 57 4 44 23 8 0 0 23 41 34 38 20 35
-9 -9 -9 -9 -9 -9 -9 -9 -9 -9 -9 -9 -9 -9 -9 -9 -9 -9 -9 -9 -9 -9 -9 -9 -9 -9 -9 0 0 0 0 0 0 0 0 0 0 0 0 0 0 0 1 1 9 21 23 61 58 55 22 1 78 16 2 62 54 39 96 86 40 70 100 100 92 20 0 33 32 58 6 37 0 53 81 98 92 18 6 0 1 28 30 46 0 48 52 74 56 9 0 44 18 0 0 2
-9 -9 -9 -9 -9 -9 -9 -9 -9 -9 -9 -9 -9 -9 -9 -9 -9 -9 -9 -9 -9 -9 -9 -9 -9 0 0 0 0 0 0 0 0 0 0 0 0 0 0 0 0 0 6 4 38 31 2 54 88 62 21 8 83 11 2 20 20 5 27 87 52 88 62 64 85 54 18 36 21 32 89 87 53 77 94 18 30 0 0 0 15 6 3 3 18 33 58 22 11 0 5 54 20 0 0 23
-9 -9 -9 -9 -9 -9 -9 -9 -9 -9 -9 -9 -9 -9 -9 -9 -9 -9 -9 -9 -9 -9 -9 -9 0 0 0 22 0 0 0 1 1 0 0 0 0 0 0 0 0 0 0 0 14 30 6 39 57 39 1 2 4 0 0 0 64 10 11 31 30 91 92 45 79 11 26 66 70 82 94 28 12 86 93 41 7 0 20 10 16 42 36 0 0 50 27 2 0 10 23 50 12 0 0 14
-9 -9 -9 -9 -9 -9 -9 -9 -9 -9 -9 -9 -9 -9 -9 -9 -9 -9 -9 -9 -9 -9 -9 0 0 0 0 3 0 0 0 0 2 3 0 0 0 0 0 0 0 0 0 0 16 42 28 24 24 16 31 27 4 3 15 2 40 56 56 6 65 92 76 46 52 28 9 50 33 100 65 38 27 36 41 16 5 0 26 21 17 62 62 70 15 4 10 0 14 54 34 59 13 3 41 48
-9 -9 -9 -9 -9 -9 -9 -9 -9 -9 -9 -9 -9 -9 -9 -9 -9 -9 -9 -9 -9 -9 0 0 0 0 0 0 0 0 0 0 0 0 0 0 0 0 0 0 0 0 0 20 30 0 44 25 11 6 3 48 47 0 14 62 64 35 46 1 0 60 67 2 35 0 0 21 82 74 23 5 44 36 45 36 0 0 0 25 52 24 4 11 73 19 0 1 3 0 0 11 38 46 86 79
-9 -9 -9 -9 -9 -9 -9 -9 -9 -9 -9 -9 -9 -9 -9 -9 -9 -9 -9 -9 -9 0 0 0 0 0 0 0 0 0 0 0 0 0 0 0 0 0 0 0 0 0 0 46 12 6 37 65 43 0 13 67 57 2 44 73 25 11 10 0 15 66 89 5 52 50 0 9 36 38 62 31 37 10 40 2 0 7 19 52 50 16 0 0 20 30 5 35 1 0 0 0 0 4 30 20
0 0 0 0 -9 -9 -9 -9 -9 -9 -9 -9 -9 -9 -9 -9 -9 -9 -9 -9 0 0 0 0 0 0 0 0 0 0 0 0 0 0 0 0 0 0 0 0 0 0 0 0 0 8 7 11 13 0 0 23 67 79 66 50 7 0 41 0 9 78 87 19 13 73 53 48 23 75 58 92 64 88 58 42 8 40 75 52 7 0 30 42 2 0 32 35 3 0 0 0 0 0 0 0
0 0 0 31 15 0 0 0 0 -9 -9 -9 -9 -9 -9 -9 -9 -9 -9 -9 0 0 0 0 0 0 0 0 0 0 0 0 0 0 0 0 0 0 0 0 0 0 0 31 53 23 20 19 27 0 2 0 23 88 86 36 58 22 23 20 6 12 86 35 26 21 40 82 77 97 29 37 37 59 50 14 48 41 0 0 0 0 32 54 38 16 40 52 20 0 0 0 0 0 0 0
0 0 0 3 0 13 38 0 0 0 0 0 0 -9 -9 -9 -9 -9 -9 0 0 0 0 0 0 0 0 0 0 0 0 0 0 0 0 0 0 0 0 0 0 0 13 15 31 6 21 20 8 5 46 3 20 68 71 68 61 71 39 82 34 36 89 41 37 67 23 30 76 27 7 52 0 2 42 28 25 3 2 13 2 11 20 71 19 28 11 64 33 0 0 0 0 0 8 12
4 0 0 0 0 17 8 0 0 0 0 0 0 0 -9 -9 -9 -9 0 0 0 0 0 0 0 0 0 0 0 0 0 0 0 0 0 0 0 0 0 0 0 0 0 0 0 0 3 0 2 15 56 43 0 12 47 3 16 62 45 32 28 41 88 66 33 19 57 56 18 0 21 42 34 42 1 10 44 54 73 100 54 84 35 17 2 3 3 6 74 30 0 0 0 23 44 0
0 0 0 0 0 0 0 0 0 0 0 0 0 0 0 0 0 0 0 0 0 0 0 0 0 0 0 0 0 0 0 0 0 0 0 0 0 0 0 0 0 0 0 0 0 1 43 37 41 32 0 11 0 32 50 48 45 76 90 94 23 56 88 72 50 66 3 37 52 10 40 12 59 30 0 20 81 56 60 25 68 77 35 18 28 1 0 3 57 22 29 0 0 24 52 9
0 0 0 0 0 0 0 0 0 0 0 0 0 0 0 0 0 0 0 0 0 0 0 0 0 0 0 0 0 0 2 2 0 0 0 0 0 0 0 0 0 0 0 0 0 11 74 28 1 0 0 0 1 65 9 0 0 0 0 9 22 35 92 74 48 80 49 10 52 38 8 6 7 1 8 94 59 42 6 0 45 62 46 30 68 13 11 12 0 9 15 43 49 23 21 4
0 0 0 0 0 0 0 0 0 0 0 0 0 0 0 0 0 0 0 0 0 0 0 0 0 0 0 0 0 0 12 10 0 0 0 0 0 0 0 0 0 0 0 0 0 27 25 0 0 0 0 0 7 99 43 0 0 0 0 32 0 2 16 12 13 10 46 55 51 24 0 1 80 75 81 71 65 0 0 2 18 64 28 79 17 67 11 11 18 17 21 40 59 82 19 27
0 0 0 0 0 0 0 0 0 0 25 2 0 0 0 0 0 0 0 0 0 0 0 0 0 0 0 0 0 0 0 0 0 0 0 0 0 0 0 0 3 16 0 0 0 0 0 0 0 0 1 8 20 45 0 0 0 0 6 3 0 0 0 0 0 0 2 68 34 18 1 33 48 100 66 34 35 0 17 0 12 0 34 54 59 85 21 5 0 39 75 50 40 34 66 26
0 0 0 0 0 0 0 0 0 0 3 0 0 0 0 0 0 3 22 0 0 0 0 0 0 0 0 0 0 0 19 30 9 8 0 0 0 0 0 32 94 45 0 0 0 0 0 0 22 66 78 100 80 92 49 45 49 22 24 72 38 32 67 20 0 0 0 78 100 64 8 24 26 51 2 19 12 1 8 42 51 55 30 10 48 75 0 0 0 24 69 5 81 100 97 20
0 0 0 0 0 0 0 0 0 0 0 0 0 0 0 0 0 0 5 0 0 0 0 0 0 0 0 0 0 0 17 49 70 51 0 0 0 0 2 1 35 0 0 0 0 0 11 3 83 93 89 97 45 3 3 41 36 30 26 30 59 64 13 30 55 33 5 46 42 84 16 20 46 4 6 30 57 15 9 70 32 54 55 12 48 50 19 30 10 33 22 8 30 79 78 40
0 0 0 15 6 9 0 0 0 0 0 0 0 0 0 0 0 0 0 0 0 0 0 0 0 0 0 0 0 0 0 24 23 0 0 0 0 0 18 32 0 26 0 0 0 17 14 21 65 63 3 5 1 0 0 0 36 50 17 0 6 7 49 11 15 28 48 21 7 22 33 16 58 66 93 88 84 1 5 24 10 25 64 19 14 38 98 98 98 81 17 6 0 12 2 41
0 0 0 7 20 0 0 0 0 0 0 0 0 0 0 0 0 0 0 0 0 0 0 0 0 0 0 0 0 0 8 62 21 0 6 27 15 6 30 73 12 17 0 2 0 8 0 6 4 0 0 3 4 29 3 10 49 3 30 69 34 0 2 14 0 48 64 57 0 0 41 23 35 54 7 30 45 9 27 15 8 1 0 0 7 54 91 59 95 100 98 21 1 45 3 8
0 0 0 0 0 0 0 0 14 6 0 0 41 29 0 0 45 26 17 8 0 0 0 0 58 0 0 0 0 0 1 2 16 0 48 38 50 33 16 33 61 57 36 60 6 0 0 10 41 0 9 22 67 66 2 1 2 18 8 62 50 23 4 10 32 4 8 15 0 0 35 34 0 0 20 29 77 87 54 27 50 29 35 67 42 1 5 47 65 97 96 4 0 17 17 0
0 0 0 0 0 0 33 0 15 0 0 1 17 0 0 0 37 76 90 91 40 3 0 14 79 29 0 0 0 0 0 0 0 0 19 75 17 22 2 76 88 14 46 64 45 14 0 84 68 18 7 26 38 4 0 9 30 24 34 36 6 0 0 65 100 40 0 0 2 29 41 1 40 0 6 0 64 38 23 31 72 26 100 61 6 4 0 0 0 34 67 27 6 0 6 6
27 0 1 17 57 83 63 0 0 0 0 18 0 0 0 0 4 36 80 91 8 0 0 17 26 0 2 46 18 21 16 0 0 0 2 13 0 16 4 69 68 19 87 71 82 70 15 10 45 96 82 82 23 45 17 2 54 52 8 5 31 33 38 56 50 31 10 32 74 39 41 16 29 0 30 77 26 50 50 11 43 22 13 0 27 47 72 33 9 9 29 40 17 30 49 24
21 9 0 3 78 88 2 26 0 11 43 32 0 0 0 0 24 7 0 22 25 25 0 15 10 0 44 70 14 32 39 9 16 0 1 8 0 0 2 39 37 1 29 10 40 75 64 9 25 42 83 58 10 37 54 24 18 6 14 17 28 100 100 61 32 8 24 75 43 46 20 2 36 0 56 65 16 59 73 18 24 58 0 6 22 14 75 39 67 50 2 20 10 24 71 67
16 0 0 22 74 88 6 41 17 40 34 44 0 0 0 16 99 87 45 11 0 5 0 7 0 31 22 0 8 20 14 21 88 54 59 18 0 8 32 90 59 37 34 16 21 11 27 38 50 6 21 2 1 22 21 14 0 0 22 0 66 54 68 79 45 33 22 36 33 40 12 0 61 45 66 56 49 36 51 40 85 65 28 8 52 22 35 11 51 60 10 0 0 31 81 87
0 0 0 36 45 51 1 0 67 23 0 0 0 86 66 8 51 69 47 49 38 7 1 0 9 52 40 66 67 70 62 74 68 34 15 10 6 51 55 64 34 5 0 30 58 14 18 18 73 40 77 83 20 29 0 0 0 12 53 61 24 56 38 93 77 39 0 0 4 46 42 9 41 57 66 62 42 3 0 28 28 13 17 28 71 3 21 7 43 58 16 0 0 37 73 9
0 0 6 32 74 65 10 22 5 0 39 27 35 67 78 44 16 8 22 90 55 96 94 78 84 100 97 74 80 93 29 46 32 19 56 55 33 35 82 34 0 18 9 29 35 77 52 22 46 25 92 38 21 11 2 18 67 76 31 94 32 63 11 17 25 74 15 0 43 78 42 23 53 51 5 15 13 0 0 1 33 0 16 1 0 33 45 27 53 69 89 29 14 22 59 0
41 32 67 38 70 74 0 10 27 8 28 41 17 97 62 22 24 1 0 0 7 38 68 90 78 93 66 71 64 77 82 51 54 45 29 66 22 26 62 20 12 18 23 36 34 76 42 22 69 70 88 1 8 40 60 28 84 89 45 15 0 12 12 0 3 76 84 24 37 12 0 0 0 1 4 7 4 44 1 40 98 53 0 1 0 20 44 20 4 30 100 89 10 48 0 32
4 0 42 1 30 75 4 55 87 60 25 27 47 67 63 33 42 12 60 57 63 79 63 66 70 58 18 73 14 44 62 10 17 60 77 23 53 76 86 48 30 7 39 65 4 22 57 51 42 56 57 36 23 73 22 65 85 31 1 40 2 0 0 21 7 30 25 51 27 0 0 0 0 5 60 2 6 36 40 10 40 64 5 18 76 51 79 34 5 14 52 71 77 9 0 30
0 0 2 0 0 12 0 24 87 49 31 89 97 36 38 67 24 31 67 62 70 50 16 25 44 46 47 17 15 22 0 19 2 14 64 14 2 8 66 53 16 29 62 69 31 20 82 44 6 8 6 46 42 62 4 43 24 69 23 12 0 0 8 32 50 75 82 68 8 0 0 17 10 28 73 19 53 3 14 1 2 24 58 15 5 31 21 25 61 17 0 21 77 89 3 0
12 0 0 0 36 0 0 32 75 19 92 65 33 9 33 19 45 41 43 15 54 56 25 38 34 32 24 68 28 6 0 0 0 21 94 68 55 26 8 50 87 40 17 28 44 2 32 10 23 6 24 10 1 29 0 26 12 21 6 0 2 57 39 25 40 68 40 39 5 2 0 12 40 11 72 61 36 35 29 25 0 9 51 41 7 24 4 0 6 66 20 11 76 51 44 0
0 0 0 2 46 30 30 47 100 92 100 51 2 11 36 57 64 40 2 0 43 59 67 17 33 58 62 41 72 6 0 0 0 47 45 84 56 26 34 64 39 61 18 15 29 6 50 21 5 10 0 4 19 65 14 2 44 72 52 38 75 64 81 30 46 71 36 0 32 99 27 2 3 37 94 70 2 57 99 24 13 81 54 23 82 70 77 37 0 15 0 14 3 62 99 50
0 0 10 56 64 51 37 67 52 41 1 4 47 16 64 62 68 55 51 40 44 28 47 37 69 75 45 65 96 43 1 0 1 35 56 56 81 36 62 40 5 58 19 37 40 32 60 45 17 56 42 37 54 52 11 1 25 61 38 27 55 98 80 43 29 14 39 3 51 68 2 0 1 57 81 72 1 36 79 6 12 48 13 3 41 26 36 68 41 0 33 14 9 48 78 17
32 36 59 44 40 63 58 90 43 34 16 14 19 26 71 87 98 48 7 40 37 67 52 73 72 89 52 28 74 49 73 18 20 49 73 31 13 0 8 6 30 15 51 72 69 84 57 50 34 64 91 54 19 57 32 44 63 15 0 29 57 44 20 6 0 40 70 0 23 10 0 15 3 8 14 16 0 0 3 0 0 17 69 0 0 0 0 33 54 0 66 25 3 10 62 44
80 64 74 74 71 59 53 28 43 75 48 12 14 92 80 60 55 9 40 60 91 100 41 42 56 47 1 0 0 10 47 59 19 11 23 24 44 78 67 76 56 13 52 50 66 65 86 30 71 64 50 48 33 59 43 42 13 0 0 10 36 31 11 0 21 68 49 32 51 68 9 78 16 6 66 53 68 23 22 12 22 82 46 7 0 10 83 45 46 7 25 13 50 0 13 27
49 40 61 60 25 53 54 55 54 49 80 37 71 87 37 17 3 0 4 0 19 31 23 86 94 99 92 58 26 72 76 31 38 74 64 70 44 83 62 62 10 12 27 17 17 17 14 61 77 29 42 42 53 44 12 30 50 8 0 46 62 27 3 26 68 32 0 20 40 84 50 4 25 13 19 66 100 46 62 69 63 73 36 36 0 0 6 22 10 7 1 0 0 0 19 6
5 13 29 36 9 53 66 50 67 11 56 80 39 19 22 10 0 0 0 0 0 0 0 21 22 32 33 8 13 29 0 54 95 84 64 36 29 32 63 54 52 39 5 0 0 52 9 34 20 31 52 23 35 80 42 38 20 26 73 62 11 18 6 7 14 17 0 0 63 100 41 0 37 99 47 3 17 100 63 9 7 50 71 66 44 1 0 0 0 12 29 16 1 0 0 0
66 46 66 53 15 7 20 48 2 38 74 72 69 16 17 31 0 0 2 10 0 0 0 0 11 23 0 0 0 0 17 75 29 12 66 35 91 62 12 35 32 35 3 20 25 19 14 83 39 28 17 30 97 60 54 81 87 66 55 35 3 54 11 2 20 11 0 8 95 97 10 0 46 88 93 74 14 63 83 1 0 12 5 85 97 65 0 0 0 2 76 72 47 0 0 0
24 8 47 54 58 71 40 14 0 71 65 21 48 0 0 0 0 0 44 44 0 3 31 43 12 32 39 15 5 0 30 60 15 8 41 64 66 24 13 6 5 9 58 66 49 25 45 16 56 37 16 30 79 72 83 31 23 4 0 2 8 0 54 10 28 35 36 50 100 55 0 0 23 65 74 64 12 46 86 17 0 21 21 74 100 92 18 28 0 0 19 93 96 37 9 30
27 10 74 87 64 49 42 1 0 0 0 0 0 6 26 25 0 8 7 9 18 27 82 47 59 82 54 65 70 62 58 98 97 37 53 50 6 13 49 52 44 58 43 33 32 62 69 47 36 28 35 88 95 77 55 2 0 3 11 31 28 66 33 13 54 51 51 43 88 0 0 0 43 98 61 71 21 34 55 6 6 31 24 2 38 64 2 31 17 2 0 14 75 9 24 40
42 67 71 55 31 40 18 13 11 8 18 27 18 45 68 83 46 73 59 80 70 75 50 10 7 48 37 20 39 71 88 76 72 68 58 44 52 38 6 19 5 51 42 44 61 46 62 93 83 43 54 59 16 1 0 0 12 82 98 45 9 57 50 35 42 17 13 58 40 24 0 2 25 79 44 43 45 36 58 1 13 5 0 0 3 41 0 0 39 30 0 0 86 38 30 31
38 69 10 25 72 94 69 82 91 84 97 99 42 29 39 54 91 100 100 93 92 84 90 42 57 54 77 87 36 16 77 39 7 11 18 38 62 46 36 80 2 44 1 0 5 44 52 78 86 79 12 0 0 0 1 15 17 70 52 20 0 0 30 32 35 7 21 49 72 53 37 8 67 91 48 13 16 17 75 51 0 2 0 0 29 0 2 20 11 42 0 0 22 24 6 10
21 33 62 79 45 42 65 81 91 87 72 58 63 14 25 83 97 98 54 61 56 71 72 63 37 53 67 58 20 43 76 20 16 68 33 43 49 30 3 0 0 0 33 52 48 87 60 64 42 14 0 0 0 0 0 39 14 0 0 0 0 0 0 25 66 85 77 20 41 46 73 28 44 71 53 39 4 53 45 90 45 44 17 0 0 43 0 44 70 26 1 0 0 0 0 4
19 89 64 27 70 62 68 60 56 36 41 43 25 90 92 97 56 15 70 77 59 95 65 57 69 61 51 31 25 47 66 85 71 56 54 38 5 0 0 0 0 1 16 40 35 34 50 38 14 0 0 0 6 75 18 69 20 1 22 25 0 0 0 18 42 39 48 59 27 37 30 23 54 6 15 26 35 1 18 26 83 64 0 0 0 7 0 13 42 77 33 0 0 10 4 4
