data/habitatmaps/RS_maps/habitat_Turdus.torquatus_2007.asc
NCOLS 369 
NROWS 228 
XLLCORNER 479000 
YLLCORNER 73000 
CELLSIZE 1000 
NODATA_value -9 
[rows 60 to 119 of 228, columns 192 to 287 of 369]
0 0 0 0 0 0 29 16 0 0 2 0 0 0 0 0 0 0 0 0 61 24 0 0 0 0 0 17 11 28 17 1 0 0 0 0 0 0 38 29 8 0 0 41 29 0 0 0 0 0 0 0 0 0 0 0 1 12 40 43 19 0 4 29 53 69 51 23 23 39 34 70 64 45 43 52 59 50 20 2 0 0 0 10 47 13 0 0 0 0 0 0 0 0 0 0
0 0 0 0 0 2 38 1 0 0 0 0 0 0 0 0 0 0 0 0 38 65 5 0 0 0 0 0 0 3 9 0 0 0 0 0 0 13 61 28 0 0 0 2 0 0 0 0 0 1 8 0 0 8 21 25 37 33 45 27 15 0 4 12 91 74 78 47 27 37 54 59 56 48 56 70 80 78 51 0 0 0 12 28 13 0 0 0 0 0 0 0 0 0 0 0
0 0 0 0 0 0 0 0 0 28 7 0 0 0 0 0 0 0 0 0 16 48 49 0 1 0 0 0 0 0 0 10 28 5 0 0 0 1 8 5 0 0 0 0 0 0 0 0 0 1 14 0 25 42 4 54 26 54 54 41 22 28 15 47 57 46 16 58 23 12 72 63 54 94 74 30 45 36 15 33 64 26 74 35 0 0 0 0 0 0 0 0 0 0 0 0
0 0 4 23 0 0 0 1 0 0 8 0 0 0 0 0 0 0 0 0 0 0 4 1 16 1 0 0 0 0 0 0 37 8 0 0 0 0 0 0 0 0 0 0 0 0 0 0 0 0 9 11 54 33 25 22 2 30 60 60 53 40 35 64 0 18 27 48 39 42 21 43 42 20 19 46 35 11 33 49 33 46 68 32 3 0 0 0 0 0 0 0 0 0 0 8
0 0 0 38 2 0 4 1 5 0 0 0 0 0 27 0 0 0 0 0 0 0 0 0 11 30 0 0 7 12 0 0 0 2 0 0 0 0 0 0 0 0 0 0 0 0 0 0 2 18 20 29 20 16 32 1 0 5 27 28 60 44 1 11 60 39 16 55 54 61 58 41 18 76 92 34 38 41 19 48 37 59 21 0 0 0 0 0 0 0 0 0 0 0 1 74
0 0 0 13 15 0 6 0 0 0 0 0 0 0 58 10 0 0 0 0 0 0 0 0 16 30 12 2 12 13 0 0 0 0 0 0 0 0 0 0 0 0 0 0 0 0 0 0 2 20 4 46 78 47 47 41 2 0 0 0 0 13 37 45 0 9 31 45 26 58 36 32 94 100 100 88 20 64 65 53 48 23 0 0 0 0 0 0 0 0 0 0 0 0 40 26
0 0 0 0 0 0 0 3 2 0 0 0 0 0 15 4 0 0 0 0 0 0 0 0 0 0 5 0 0 0 8 16 0 0 0 0 0 0 0 0 0 0 0 0 0 0 0 0 0 0 59 90 94 61 60 50 1 0 0 0 0 7 30 12 0 4 8 21 7 37 36 86 100 96 89 89 85 46 46 47 0 0 0 0 0 0 0 0 0 0 0 0 0 5 62 0
0 0 7 38 2 0 0 0 0 6 33 0 0 0 0 0 0 0 0 0 0 0 0 0 0 0 0 0 0 0 0 0 0 0 0 0 0 0 3 3 2 0 0 0 0 0 0 0 0 0 4 62 62 44 81 29 1 16 30 0 0 0 0 0 0 59 33 35 59 39 58 84 43 45 91 100 96 52 71 51 2 0 0 0 0 0 0 0 25 3 24 0 0 59 58 6
0 0 23 42 44 0 0 13 20 0 0 0 0 0 0 0 0 0 0 0 0 0 0 0 0 0 0 0 0 0 0 0 0 0 0 0 0 0 0 9 28 25 3 37 0 0 0 0 0 0 0 50 66 78 48 49 2 31 31 2 0 0 0 3 34 48 21 26 68 63 58 25 13 44 82 45 69 32 43 68 27 0 0 0 0 0 0 7 2 0 0 0 0 1 23 0
0 0 0 0 4 0 0 0 0 0 0 0 0 0 0 0 0 0 0 0 0 0 0 0 0 0 0 0 0 0 0 0 0 0 0 0 0 0 0 7 18 1 0 0 0 0 0 0 0 0 0 3 1 8 29 37 44 22 59 32 23 1 0 2 42 28 27 72 20 0 2 34 56 34 69 89 73 74 72 26 0 0 0 0 0 0 0 0 0 0 0 15 0 8 19 0
0 0 0 7 0 0 0 0 1 4 8 2 0 0 0 0 0 0 0 0 0 0 0 0 0 0 0 0 0 0 0 0 0 0 0 0 0 0 0 0 0 0 0 0 0 0 0 0 0 0 0 0 0 41 59 48 48 58 60 61 51 20 6 26 14 20 43 28 31 42 12 0 1 16 50 39 2 27 20 0 0 0 0 0 0 0 0 0 2 20 19 69 22 3 15 0
0 0 17 23 0 0 0 0 6 46 17 7 0 0 0 0 0 0 0 0 0 0 0 0 0 0 0 0 0 0 0 0 0 0 0 0 0 0 0 25 20 0 0 0 0 0 0 0 0 0 0 0 51 6 76 53 44 54 36 50 84 78 26 0 12 31 39 42 1 0 0 13 9 5 8 21 15 10 74 6 0 0 0 0 0 0 0 0 0 28 69 60 28 2 0 9
0 0 22 42 0 0 12 0 0 0 0 0 0 23 0 0 0 0 0 0 0 0 0 0 0 0 0 0 0 0 0 0 0 0 0 0 0 0 0 3 12 0 0 0 0 0 0 0 0 0 0 0 17 50 58 62 49 45 14 32 46 15 1 0 1 0 22 11 0 0 0 9 0 44 93 95 71 37 28 24 0 0 0 0 0 0 0 0 0 18 76 65 13 5 34 55
0 0 13 47 0 0 14 0 0 0 0 0 0 21 0 0 0 0 0 0 0 0 0 0 0 0 0 0 0 0 0 0 0 0 0 0 0 0 0 0 0 0 0 0 0 0 0 0 0 0 0 0 12 60 45 40 7 2 13 48 80 41 54 8 8 0 0 0 0 0 0 18 16 21 28 48 56 12 0 0 0 0 0 0 0 0 0 0 16 65 63 94 24 26 92 56
0 1 13 49 8 0 0 0 0 0 0 0 0 0 0 0 0 0 0 0 0 0 0 0 0 0 0 0 5 15 0 0 0 0 0 0 0 0 0 0 0 0 0 0 0 0 0 0 0 0 0 0 2 30 33 0 10 0 33 49 82 91 48 64 42 0 0 0 0 1 2 31 57 85 98 41 30 9 1 5 0 0 0 0 0 0 0 0 41 100 78 53 26 100 100 91
0 0 13 7 0 0 0 0 0 0 0 0 0 0 0 0 0 0 0 0 0 0 1 0 0 0 0 0 38 31 0 0 0 2 5 5 0 0 0 0 0 0 0 0 0 0 0 0 0 0 0 0 35 48 4 1 42 57 47 39 8 20 46 20 5 0 1 1 12 37 31 52 72 72 80 86 78 86 69 7 0 0 0 0 0 0 0 52 94 100 99 59 71 100 100 100
0 0 0 0 0 0 0 0 0 0 0 0 0 0 0 0 0 0 1 34 41 39 62 70 86 60 32 17 6 1 0 27 20 77 50 2 6 34 0 3 57 37 24 0 6 2 0 0 0 0 0 2 80 25 0 24 56 11 4 52 3 0 0 1 0 19 47 83 81 66 92 91 59 40 35 67 94 46 13 54 2 0 0 0 0 5 32 81 100 100 97 58 100 100 100 92
0 0 0 0 0 0 0 0 0 0 0 0 8 0 0 12 41 43 77 93 85 100 100 100 100 81 46 24 0 4 19 67 98 62 3 65 60 48 1 0 12 42 58 36 21 31 32 0 0 0 0 13 43 0 0 23 54 0 9 9 0 0 6 37 7 36 13 43 14 0 15 76 38 34 46 51 63 62 55 60 3 3 0 0 0 0 13 47 96 73 87 69 100 91 86 80
0 0 0 0 0 0 0 0 0 0 0 0 42 16 36 70 40 47 44 82 88 55 98 66 41 3 0 0 0 0 3 34 98 42 31 89 50 0 0 8 17 19 67 34 22 75 62 18 0 0 0 0 0 0 0 4 25 0 0 0 1 10 41 56 77 1 0 0 0 0 0 1 0 13 62 84 87 88 75 81 24 3 0 0 0 0 0 2 63 87 69 82 65 67 46 97
0 0 0 0 0 16 19 0 0 0 0 0 46 6 0 0 17 0 0 8 36 39 50 28 4 3 11 16 0 0 0 10 59 77 100 41 63 20 0 50 65 48 25 1 9 51 37 0 0 0 0 0 0 0 0 0 0 0 0 1 3 2 0 3 10 0 0 0 0 0 0 0 0 6 64 52 75 67 0 36 40 10 0 0 0 0 0 0 9 59 84 82 37 56 62 94
0 0 0 0 0 8 5 0 0 22 10 8 34 3 0 0 0 0 0 29 30 93 30 0 24 26 16 1 0 0 0 0 24 60 49 38 0 36 0 13 4 17 30 50 40 44 13 13 36 22 0 0 0 0 0 8 12 7 0 0 0 0 0 0 0 0 0 0 0 0 0 0 0 0 6 61 35 62 16 16 26 22 0 0 0 0 0 0 0 48 51 73 71 77 87 95
0 2 38 0 0 0 0 0 0 0 0 14 68 14 0 5 15 5 0 16 12 24 0 4 35 49 17 0 0 0 0 0 37 36 54 15 12 51 27 0 5 53 33 82 19 16 27 32 48 17 0 0 0 2 48 57 13 9 0 0 0 0 0 0 0 0 0 0 2 15 7 0 0 0 34 89 78 56 84 31 44 46 2 0 0 0 0 0 13 80 47 78 76 96 57 95
0 0 16 0 0 0 41 1 0 0 0 0 34 53 0 36 96 48 8 0 38 24 1 51 57 72 18 0 0 0 0 0 67 49 57 64 17 41 35 21 1 18 31 65 38 34 49 42 44 7 0 0 0 2 52 82 14 47 0 20 2 47 55 18 2 52 17 62 75 33 0 0 0 0 6 52 40 6 44 90 71 29 14 0 0 6 0 0 60 100 90 87 69 58 64 61
13 48 12 0 0 0 4 0 0 0 0 0 13 94 41 34 77 48 7 0 72 51 6 73 38 32 8 18 21 16 11 7 47 22 43 74 63 42 60 55 14 8 62 64 5 23 72 63 31 40 34 10 0 0 31 65 24 60 5 54 42 86 36 69 80 53 89 82 22 36 6 0 0 0 0 2 8 20 2 31 85 76 42 0 0 2 4 0 48 63 61 53 49 1 3 73
32 33 0 0 0 0 0 0 0 0 0 0 0 77 96 90 88 75 26 12 31 9 12 87 97 41 39 39 77 62 58 7 5 16 66 40 70 61 71 83 38 6 96 71 66 50 66 55 64 68 56 0 0 24 29 18 8 58 45 32 23 82 13 88 72 50 61 56 36 28 2 2 0 0 0 0 2 80 37 4 74 50 32 7 0 1 0 9 46 75 11 30 40 54 36 60
21 0 3 0 0 0 0 0 0 0 0 0 17 71 63 54 54 7 0 8 4 16 48 45 100 41 32 38 35 41 83 85 11 16 50 21 40 90 35 86 15 27 45 16 50 41 77 78 65 64 3 0 39 59 65 52 24 99 83 13 10 23 74 79 57 5 7 4 44 81 58 40 10 0 0 0 0 10 3 5 28 48 42 0 0 0 0 0 0 0 9 7 2 20 4 6
0 0 38 38 0 0 0 22 35 0 0 0 0 19 77 59 18 17 0 0 0 25 67 96 47 75 23 61 89 65 40 41 94 19 2 31 2 44 68 18 69 36 78 68 62 26 88 35 20 26 38 1 14 81 54 35 44 67 86 95 13 36 77 97 23 9 0 5 45 81 77 80 42 41 5 0 0 0 0 34 23 2 28 0 0 0 2 10 0 0 14 30 32 21 0 54
0 32 49 0 0 0 0 2 71 20 0 0 0 0 61 17 16 0 0 0 4 40 57 94 42 88 27 65 88 90 40 94 62 0 57 50 2 8 45 74 10 58 23 62 45 73 80 57 59 70 35 7 32 68 16 52 16 47 77 57 89 82 57 87 46 0 10 59 78 53 100 51 29 21 61 39 74 7 0 0 0 0 0 0 0 0 2 91 97 30 12 68 81 62 57 12
72 27 8 0 0 0 11 68 59 25 11 0 0 0 55 7 0 0 0 0 17 52 15 64 55 55 70 78 74 98 52 52 23 22 63 39 0 24 18 50 44 79 56 100 17 78 45 22 4 2 7 0 23 31 4 17 44 99 70 33 92 98 74 61 11 0 0 37 51 82 98 15 7 43 44 50 76 58 0 0 0 0 0 0 0 0 2 55 90 22 77 92 97 64 24 89
27 0 0 0 0 0 56 25 8 34 39 0 0 0 9 5 0 0 0 0 0 0 2 24 67 34 57 80 61 46 72 9 42 8 50 0 0 34 19 59 24 87 83 40 2 6 9 12 1 38 55 1 0 0 12 70 89 94 91 29 75 90 79 44 4 4 0 13 44 68 87 1 52 79 70 42 61 19 3 0 0 0 0 0 0 0 0 16 44 29 39 94 83 79 23 28
0 0 0 0 0 12 5 6 7 6 21 28 1 0 0 0 0 0 0 0 0 0 48 97 73 32 65 48 27 30 7 0 9 38 24 0 3 6 18 17 30 18 18 17 10 42 40 0 43 77 70 49 0 0 0 68 59 76 100 50 20 13 5 3 31 67 17 7 55 87 66 0 23 10 10 69 35 18 20 0 0 0 0 0 0 0 0 0 34 78 85 66 6 31 49 82
0 0 0 0 0 0 0 2 6 10 4 12 13 4 1 0 0 0 6 5 0 1 54 97 85 55 85 56 71 71 11 9 8 3 4 6 35 14 0 34 44 16 0 0 0 5 13 53 70 50 75 59 7 0 13 56 38 63 100 70 9 10 2 8 9 14 0 10 50 16 13 10 7 2 15 62 33 44 49 15 0 0 0 1 0 0 0 2 26 12 48 78 6 15 17 8
0 0 0 0 0 0 0 0 7 36 6 0 2 9 14 18 15 19 45 2 0 0 0 45 83 23 10 15 23 81 51 49 14 21 46 44 42 7 20 84 72 10 54 38 50 82 90 69 56 71 71 37 10 0 34 87 32 54 98 100 15 0 4 62 22 37 3 4 14 10 10 4 3 20 52 32 94 54 52 9 20 39 28 44 5 0 0 0 0 14 74 73 60 56 14 22
0 0 0 0 0 0 0 0 0 1 11 0 0 10 80 25 20 62 2 0 0 0 0 0 9 1 9 9 17 49 30 63 35 66 24 44 100 40 57 69 57 14 24 28 81 98 90 53 73 73 48 6 0 0 58 96 94 80 94 87 36 63 67 50 64 37 38 6 9 29 4 6 26 42 21 36 50 46 43 1 37 70 69 65 4 0 0 0 0 2 37 81 88 28 16 8
0 0 0 0 0 0 28 0 20 57 17 0 12 54 20 0 0 9 0 0 0 12 24 0 36 53 17 0 7 17 9 32 15 4 50 95 36 13 46 99 73 0 9 1 5 76 40 21 56 92 32 42 4 4 28 81 84 58 30 22 22 63 60 19 50 53 44 3 15 5 9 54 48 7 45 96 77 45 67 4 6 32 57 78 6 0 17 7 0 0 0 55 63 38 32 0
34 73 60 47 48 40 20 0 0 0 0 0 5 0 0 0 0 0 1 0 0 12 3 7 26 13 0 0 0 0 8 0 27 56 60 11 57 64 86 100 100 24 11 70 42 87 70 67 94 31 4 1 0 25 64 93 96 86 48 0 0 60 43 52 22 38 37 23 52 27 72 69 74 58 46 76 24 67 100 24 12 16 30 12 0 37 73 58 5 0 0 0 47 0 0 0
32 10 13 0 9 11 0 0 0 0 0 0 0 0 0 0 0 0 17 9 26 71 65 63 49 4 0 0 0 26 52 20 15 7 12 26 87 17 76 97 55 26 29 36 75 100 87 88 68 0 0 0 35 64 81 98 50 87 50 8 0 54 45 80 60 63 32 43 30 0 24 74 32 40 92 64 52 95 96 16 5 8 39 46 10 92 4 76 54 6 0 0 0 0 0 0
49 5 0 0 0 0 0 0 0 0 0 0 0 11 16 26 0 0 31 57 19 17 9 23 7 14 11 5 0 0 0 6 70 64 74 92 80 10 58 61 89 100 57 97 100 100 58 24 2 0 0 17 72 50 64 77 43 6 66 67 2 0 0 0 39 15 72 46 11 6 16 48 49 63 94 41 46 100 100 76 10 49 31 2 8 90 34 14 0 0 0 0 1 56 4 23
20 0 0 0 0 0 0 0 0 0 10 38 33 31 17 13 0 0 4 41 0 0 0 21 30 35 8 72 12 7 19 29 26 72 72 91 61 41 19 70 100 100 100 100 100 97 55 57 25 0 0 64 88 62 83 72 41 73 40 69 32 0 0 8 50 84 80 43 19 34 57 87 71 3 36 16 86 100 96 80 56 69 78 24 15 86 66 0 0 0 0 0 19 53 1 45
0 0 0 0 8 5 0 0 0 29 31 32 17 36 31 24 0 0 0 28 15 0 0 0 0 0 32 46 9 8 43 39 12 8 46 50 18 10 80 100 100 100 99 100 100 96 42 50 16 0 20 88 80 53 92 86 18 52 11 42 42 47 59 84 81 76 7 11 20 61 62 98 96 71 63 44 100 98 98 84 80 16 42 0 52 91 44 6 0 0 0 0 60 39 52 43
0 0 0 2 49 22 0 2 14 63 26 75 43 29 20 7 0 0 2 13 2 0 0 4 16 9 2 8 27 21 16 96 72 21 10 27 0 52 100 100 100 91 17 77 100 96 77 16 0 3 66 91 65 54 58 44 7 91 51 94 35 78 55 45 59 11 64 57 57 87 89 50 36 34 40 55 97 62 82 75 38 10 19 7 78 48 63 58 2 2 0 1 74 84 70 52
9 0 7 59 34 0 23 40 55 62 10 53 36 0 2 0 0 0 32 94 78 67 60 91 66 48 55 74 86 13 19 84 99 43 11 1 20 95 62 65 58 74 77 97 55 47 20 0 0 47 96 53 57 61 18 3 3 82 22 65 3 72 24 17 8 41 84 95 95 42 22 45 39 15 22 33 25 58 67 100 82 73 56 66 91 11 34 13 0 1 4 14 92 86 56 59
15 4 29 17 5 5 70 41 23 10 47 54 15 22 5 1 0 0 55 84 53 33 37 59 21 48 100 99 69 13 48 33 53 12 6 6 41 42 26 39 39 50 100 100 99 35 1 0 9 78 63 94 36 20 53 27 26 38 19 68 29 54 59 78 63 17 85 48 62 23 38 68 90 90 77 50 22 66 100 77 58 80 40 82 71 23 95 68 32 0 4 42 90 48 41 48
3 0 0 0 56 37 38 10 75 77 25 14 10 0 13 28 4 0 13 23 79 47 5 25 25 31 36 62 20 0 12 0 0 0 50 42 65 58 29 33 60 97 100 90 40 1 0 22 45 2 20 77 11 72 100 74 0 2 0 2 0 22 66 83 55 46 58 66 90 78 86 97 100 100 83 63 71 76 89 89 47 14 81 100 77 9 75 66 19 0 12 62 63 77 88 45
8 1 1 32 62 40 69 57 49 7 36 36 2 34 8 16 37 0 0 34 92 87 62 35 69 90 31 0 1 3 6 10 13 56 90 19 44 45 100 100 97 75 25 51 58 2 0 46 80 44 55 53 8 74 38 36 0 26 2 1 13 88 96 95 68 99 94 100 100 86 81 100 100 100 100 98 100 98 86 100 75 86 100 100 54 2 66 50 0 0 2 39 80 100 54 74
26 4 55 61 81 36 88 99 9 13 55 30 47 14 28 27 0 0 0 51 61 59 82 9 0 9 48 23 8 6 21 82 74 92 100 15 42 100 100 86 17 0 43 97 73 40 3 28 72 5 27 45 35 19 0 0 12 59 2 53 67 58 76 100 100 100 95 100 89 16 25 99 97 99 100 100 100 87 83 100 62 100 100 100 45 27 95 50 0 0 1 40 88 65 49 73
12 0 37 48 24 12 27 63 12 49 37 55 27 0 8 0 0 0 0 20 79 55 80 46 0 1 6 72 83 79 100 95 74 49 21 1 81 100 54 2 27 84 71 27 22 65 2 38 71 45 40 58 88 99 24 0 37 25 63 90 98 96 92 100 100 97 77 100 54 36 33 48 86 99 100 94 98 100 100 83 82 100 100 87 14 52 95 12 2 43 72 82 100 99 58 68
0 22 20 28 24 0 32 44 31 33 26 78 12 1 45 35 18 4 0 0 10 44 54 0 2 1 0 21 85 84 98 100 100 37 44 55 100 81 22 48 53 46 20 5 43 50 15 40 47 100 78 64 99 71 74 80 71 46 82 94 51 90 100 100 96 30 76 55 87 97 71 24 29 94 99 88 56 100 95 60 100 100 97 44 39 80 71 42 0 69 99 93 97 64 39 91
1 37 0 11 66 38 47 45 0 0 42 38 82 38 83 96 21 17 0 0 0 2 32 7 3 0 0 0 13 1 7 23 42 9 33 85 52 36 35 10 38 93 52 76 35 12 19 38 91 100 90 95 95 56 100 100 39 35 92 64 46 92 100 100 84 81 31 0 57 55 88 58 32 79 46 97 47 86 65 89 100 86 44 60 100 34 9 0 0 48 92 95 79 1 38 33
2 40 58 82 55 61 76 75 46 75 41 44 76 100 100 88 18 62 7 0 0 7 57 42 47 40 46 37 11 0 0 0 0 26 25 38 99 60 47 55 90 58 100 93 85 28 55 100 100 73 92 70 59 84 100 100 90 96 98 94 98 91 66 39 0 6 51 10 18 26 12 35 59 100 24 47 98 67 75 85 47 46 80 86 62 3 0 0 0 48 93 76 17 5 22 0
66 94 39 39 14 13 100 100 100 92 67 72 78 71 90 48 92 86 10 0 4 38 38 9 78 64 88 89 76 11 42 44 43 54 91 97 84 42 77 42 21 55 100 93 58 67 100 100 100 100 100 52 84 100 100 100 100 100 100 88 33 4 0 0 0 2 98 55 36 86 49 69 88 99 34 20 70 92 84 91 75 86 84 75 20 0 0 0 17 86 74 19 58 65 82 55
61 67 38 97 100 100 63 76 98 46 39 11 38 86 61 81 42 39 0 0 26 66 68 12 34 82 59 52 62 24 97 32 46 24 88 100 40 64 43 18 42 99 63 96 62 97 100 100 69 100 100 92 68 90 66 62 84 52 12 50 1 38 76 63 58 50 98 70 42 5 25 29 97 80 85 79 64 90 35 66 76 53 22 2 9 32 50 81 52 61 71 41 63 46 50 60
42 59 45 57 67 33 63 100 64 51 88 66 68 77 13 6 5 17 1 0 40 94 100 74 21 50 100 81 8 62 47 97 98 100 85 62 2 9 11 26 96 45 48 51 76 100 89 91 45 100 100 100 100 78 61 37 9 17 29 31 0 0 6 43 83 98 28 55 67 6 43 79 41 14 72 43 29 18 27 53 4 0 0 23 54 84 98 60 63 51 54 65 84 76 70 92
0 0 0 21 78 55 93 100 95 45 6 10 19 49 26 72 96 84 16 6 22 88 94 77 84 98 100 86 7 92 76 73 100 56 49 55 4 0 3 60 100 91 100 78 70 100 83 99 60 100 100 79 83 86 44 61 81 49 76 72 41 0 41 14 9 68 24 55 63 76 98 96 75 44 62 41 38 8 6 80 44 41 66 95 100 99 81 56 37 72 88 59 47 46 69 94
6 2 0 51 68 94 100 100 84 0 0 11 60 92 100 100 79 54 3 8 3 47 60 100 100 100 100 82 7 52 48 95 62 42 44 3 0 0 29 77 53 66 78 67 82 80 60 89 96 100 99 83 10 8 20 64 79 28 2 34 76 4 20 67 52 27 48 44 97 96 92 89 95 81 86 77 53 17 0 60 92 80 76 71 97 98 41 36 27 82 86 69 72 39 59 75
4 0 0 4 40 62 100 80 18 1 65 91 100 95 72 45 13 1 39 69 39 42 30 92 96 94 96 100 70 61 96 60 72 77 76 23 7 32 97 100 67 12 58 30 74 39 53 89 100 95 68 28 10 32 52 74 32 65 0 24 98 42 88 85 40 5 9 55 78 84 98 93 87 87 83 83 71 37 2 68 87 82 82 49 68 33 44 44 54 38 46 20 61 47 87 72
6 35 55 7 2 1 13 54 5 0 35 96 100 82 40 38 94 72 56 94 100 53 0 34 88 99 92 97 77 66 97 66 54 83 91 49 8 62 100 82 80 98 24 6 56 57 98 100 100 36 62 7 0 4 44 79 0 58 41 71 94 57 73 97 33 2 52 42 56 81 97 73 48 66 54 74 92 54 25 60 35 43 47 49 21 8 31 96 48 31 46 39 2 24 61 53
3 2 10 30 45 8 0 54 84 32 72 98 45 49 88 58 100 100 100 80 86 62 0 41 89 100 100 100 100 96 96 72 70 77 100 36 49 89 91 47 44 100 50 77 53 88 68 82 100 100 80 100 45 8 3 35 31 24 35 82 61 61 67 69 56 74 1 2 8 12 39 58 62 57 43 85 80 68 86 39 58 89 4 47 53 61 14 15 59 35 41 16 16 7 0 28
37 0 27 31 52 64 11 93 96 99 92 26 30 2 23 99 100 97 46 72 65 85 59 28 96 95 100 84 84 58 26 15 10 39 94 82 49 100 50 28 59 100 100 74 89 99 84 95 100 89 69 35 81 30 0 22 20 22 44 43 50 48 40 19 21 26 8 77 71 55 54 52 47 30 71 88 95 64 99 82 71 94 19 51 96 42 0 27 89 53 19 44 2 45 44 5
85 17 13 33 85 79 74 73 72 31 29 32 40 26 82 87 100 99 95 54 50 77 78 32 92 83 46 27 39 47 82 78 30 3 74 74 100 67 34 40 45 100 100 92 99 87 71 80 52 10 46 67 66 15 37 57 25 12 19 44 55 47 23 4 22 3 8 76 47 62 93 84 70 76 100 98 90 100 91 98 48 59 68 83 91 55 19 92 85 96 73 42 6 20 39 34
