data/habitatmaps/RS_maps/habitat_Prunella.modularis_2010.asc
NCOLS 369 
NROWS 228 
XLLCORNER 479000 
YLLCORNER 73000 
CELLSIZE 1000 
NODATA_value -9 
[rows 59 to 117 of 228, columns 192 to 287 of 369]
4 25 92 36 9 27 0 23 51 69 29 0 0 0 0 0 19 89 31 26 17 36 24 34 5 4 25 1 0 19 30 1 0 0 24 53 18 36 59 18 9 39 92 82 100 100 68 81 50 70 40 16 54 18 76 84 47 51 64 10 31 33 36 3 30 16 58 16 14 68 58 46 56 52 32 61 46 57 55 45 8 4 15 49 87 82 93 88 55 34 0 22 16 22 13 0
20 33 29 3 52 9 53 28 37 60 63 3 6 0 0 0 0 26 63 43 74 70 38 5 25 9 0 20 13 34 20 1 1 0 9 14 54 2 42 30 9 5 68 90 92 98 72 87 59 55 42 42 61 28 33 23 20 12 43 54 19 34 5 35 58 68 50 27 23 39 33 79 59 65 73 68 66 69 49 15 6 19 20 40 74 80 94 59 22 19 17 0 0 4 13 11
24 0 29 53 38 3 49 54 37 35 55 28 57 3 0 0 0 6 3 0 46 80 69 2 24 35 0 0 0 4 12 3 49 39 43 12 28 17 70 31 6 15 39 31 74 86 42 59 70 85 82 65 39 28 21 25 36 32 45 27 16 41 42 46 91 79 85 52 34 49 65 74 66 86 89 82 97 83 41 45 0 36 12 21 70 92 78 43 0 67 34 0 0 0 27 9
19 4 68 87 14 4 58 65 33 92 84 36 20 3 0 0 0 0 0 6 33 84 75 21 16 2 7 32 32 0 0 10 28 53 8 1 5 36 26 19 24 38 30 55 53 31 15 16 75 78 71 26 36 41 4 54 25 53 53 37 24 44 21 52 86 82 72 82 76 91 92 74 86 100 92 95 97 93 66 56 49 35 85 27 97 98 23 3 24 55 85 23 0 0 0 0
13 14 5 29 7 0 26 23 34 46 84 36 19 63 27 0 0 0 0 0 18 5 36 62 23 1 0 17 38 1 0 0 33 7 0 0 1 27 21 17 0 11 35 34 41 18 27 55 66 43 15 10 53 32 30 26 36 22 29 53 57 75 44 91 88 76 72 87 94 97 74 81 81 73 55 63 86 94 75 55 29 55 61 65 97 51 0 25 67 57 100 71 0 0 0 50
1 18 0 45 2 1 36 42 47 34 33 57 66 81 78 0 0 0 0 3 6 15 16 12 29 36 0 7 10 14 29 12 6 1 3 8 32 25 46 56 17 2 11 21 33 43 51 45 16 18 22 29 20 16 39 1 28 27 34 38 60 64 35 72 70 63 63 90 93 92 87 80 53 15 8 71 62 54 87 41 37 40 81 100 82 13 1 26 4 68 88 66 2 0 1 96
0 17 3 15 17 0 50 61 12 24 24 67 100 93 99 27 0 0 0 0 0 0 0 5 55 50 20 2 21 15 10 3 20 0 66 21 1 41 83 55 32 61 18 39 10 27 5 24 16 20 4 46 78 48 56 48 3 21 44 18 14 38 49 59 39 55 74 63 78 100 86 63 1 0 0 11 68 36 26 40 17 75 100 75 43 8 7 17 0 0 16 26 41 48 60 46
0 6 9 0 0 0 10 55 20 8 18 50 100 100 94 33 12 0 1 0 0 0 0 0 0 16 44 44 43 3 8 16 0 0 66 21 9 23 48 37 25 34 32 15 19 12 25 0 13 16 83 100 95 62 68 60 16 8 18 28 25 7 31 42 16 8 52 67 83 80 54 7 0 4 10 11 15 64 68 65 97 90 63 3 76 46 25 3 0 24 42 28 55 40 72 10
0 5 15 47 8 31 0 3 3 8 34 8 51 80 100 32 41 23 20 0 0 0 0 0 0 0 25 14 0 0 14 3 0 0 41 94 78 46 22 39 11 0 0 26 16 50 30 18 6 5 91 99 85 95 89 33 37 37 44 19 13 2 0 17 16 61 91 73 86 47 17 13 54 57 14 0 5 53 56 81 84 16 0 0 19 8 25 21 45 62 45 20 29 93 58 61
14 0 37 51 70 9 13 16 24 12 44 28 15 31 99 69 0 30 21 27 0 0 0 0 0 0 0 0 0 19 25 0 0 0 13 5 58 62 11 40 40 38 21 36 46 70 20 20 3 0 28 72 95 92 94 79 82 34 59 15 0 0 20 32 35 86 77 52 41 40 33 42 80 69 19 46 51 72 61 81 62 4 0 0 0 31 38 52 39 5 0 12 26 36 23 7
21 5 1 0 7 25 25 36 0 14 36 0 0 12 74 80 8 17 14 0 0 0 0 0 0 0 0 0 0 0 0 0 0 0 0 0 0 19 92 44 25 23 1 0 0 0 0 0 0 24 9 30 67 71 77 79 95 51 59 38 29 1 1 2 55 63 57 49 74 75 63 67 89 52 49 26 16 56 80 93 9 0 0 0 10 30 19 23 0 0 11 56 54 39 22 7
8 9 0 8 17 15 3 21 29 6 26 12 18 8 0 52 1 9 44 0 0 0 0 9 0 0 0 0 0 0 0 0 0 0 0 0 0 0 5 0 0 6 34 54 39 0 0 0 0 15 19 60 47 85 87 85 88 83 100 84 69 23 7 38 38 42 67 77 69 52 24 26 9 45 50 39 3 31 23 31 3 0 0 0 4 13 0 0 4 38 85 100 100 67 70 72
56 12 20 28 1 2 0 0 59 67 19 11 55 45 26 41 21 3 2 0 0 0 0 30 0 0 0 0 0 0 0 0 0 0 0 0 0 0 0 30 65 57 43 14 0 0 0 0 11 2 33 37 73 96 100 100 98 63 100 71 85 82 28 24 13 82 92 58 11 0 0 15 11 5 8 22 35 16 81 7 0 0 0 6 42 4 0 0 23 100 100 100 100 97 87 41
33 13 26 50 19 2 14 0 2 22 1 0 41 81 7 22 21 42 2 0 0 0 0 0 6 0 5 19 5 7 0 0 3 0 0 0 0 0 0 4 16 0 0 0 0 0 0 0 22 2 53 53 56 86 76 76 81 87 80 77 50 17 1 0 5 49 63 39 3 35 33 11 0 43 93 94 76 46 9 29 0 0 0 38 28 0 0 4 73 100 100 100 100 100 96 100
14 6 19 56 2 0 17 0 0 0 0 0 42 85 13 26 1 6 20 0 0 0 0 7 8 0 0 0 23 30 18 47 15 0 0 0 0 0 0 0 0 0 0 0 0 0 0 39 18 6 29 35 58 96 71 94 97 99 100 100 87 55 93 44 28 66 25 50 81 84 78 26 63 19 19 41 54 10 0 2 1 0 0 27 10 0 0 54 68 100 98 85 100 100 100 100
44 8 16 59 9 0 0 0 0 0 0 0 1 58 13 0 21 0 33 11 3 0 0 0 0 0 0 10 10 42 39 42 9 16 0 0 16 0 0 0 0 0 0 0 0 0 0 62 39 0 0 10 66 96 93 97 89 100 98 100 100 98 96 67 82 71 85 88 82 80 98 79 70 78 97 40 30 8 31 53 0 0 0 12 23 0 12 94 92 74 30 67 99 69 73 80
34 9 16 8 0 0 0 0 0 0 0 0 0 48 0 0 0 0 29 43 4 10 29 49 58 7 5 4 37 70 48 48 42 60 22 26 35 32 26 24 3 18 27 38 14 0 0 2 9 0 0 19 92 88 76 76 50 32 38 84 100 90 87 100 91 73 77 81 77 68 67 61 43 35 99 85 77 86 92 60 64 60 34 0 11 0 20 97 99 65 69 78 99 93 27 60
16 38 19 0 14 1 0 0 0 0 0 30 0 41 6 0 0 0 2 41 62 76 63 70 94 80 60 50 35 22 28 29 56 92 52 61 36 55 69 56 99 75 73 72 70 20 29 3 0 0 0 29 100 88 90 86 40 76 62 88 85 78 100 92 95 83 41 24 9 42 26 26 61 57 93 92 58 62 78 96 67 47 69 0 24 6 56 100 60 95 100 100 79 70 30 99
42 0 22 12 14 0 0 0 0 0 15 31 9 39 15 12 41 43 77 93 85 100 100 100 100 81 46 26 0 5 20 67 99 73 46 65 63 95 78 67 52 86 100 99 95 98 88 73 26 0 0 72 94 97 97 92 84 25 12 13 60 98 74 16 76 67 73 61 84 91 77 47 53 47 57 57 77 37 22 86 71 77 65 30 2 3 17 94 64 79 78 100 71 65 44 67
19 0 10 0 0 0 0 0 0 0 56 40 55 58 47 70 43 47 48 82 88 55 98 66 41 3 2 27 10 0 3 33 98 52 41 95 73 80 53 64 69 46 91 100 84 98 100 100 89 12 2 98 100 95 52 92 57 21 37 37 31 64 59 43 42 95 97 73 40 43 97 98 78 60 15 9 53 28 25 80 95 16 89 47 0 31 10 86 75 99 100 100 100 100 87 21
32 0 9 0 0 21 23 0 0 22 97 62 82 45 2 0 20 1 19 8 36 39 50 28 25 22 45 16 0 0 0 10 59 76 100 81 100 100 57 65 78 89 100 100 100 80 83 100 92 87 28 17 85 42 22 3 10 21 54 73 75 91 100 99 77 26 26 29 30 38 21 55 97 93 36 59 29 49 86 85 74 51 83 10 0 14 4 67 52 68 98 96 100 95 57 56
2 8 5 0 29 10 6 0 4 89 50 15 80 44 0 0 0 0 0 29 30 93 30 0 24 31 20 1 0 0 0 0 24 62 49 86 98 95 20 15 4 40 97 99 92 80 41 43 49 84 40 0 0 0 7 61 37 23 3 0 0 0 13 30 27 0 1 1 0 12 11 0 30 95 82 88 100 43 50 69 58 74 57 65 0 19 10 59 21 57 81 93 92 97 24 65
1 5 70 46 29 0 0 0 15 80 33 17 92 86 10 5 31 15 0 19 14 25 0 4 59 81 20 4 53 25 0 0 48 80 87 79 81 73 68 55 12 63 98 72 85 86 35 38 48 64 67 16 0 37 74 76 33 68 42 32 5 0 0 0 0 0 30 79 43 62 60 13 0 63 97 84 92 48 12 86 77 65 93 92 18 5 23 36 45 85 71 97 99 80 43 53
3 0 21 32 0 0 49 82 6 13 55 8 34 100 48 45 100 99 25 0 44 30 1 63 100 98 22 25 41 0 0 0 80 84 86 90 72 90 83 83 45 55 80 66 23 21 42 42 54 38 76 41 16 39 64 100 98 96 46 67 42 55 66 60 7 66 23 86 85 34 23 43 7 30 94 91 68 85 56 36 32 77 45 14 26 35 22 20 85 98 87 85 99 66 81 100
14 58 14 16 17 0 9 6 0 0 41 46 13 97 90 100 95 65 49 0 80 50 6 83 71 42 11 41 21 16 12 8 47 30 74 81 89 100 100 94 17 8 62 36 96 98 74 48 31 46 95 35 16 74 58 91 74 84 37 95 85 93 77 93 87 60 89 94 56 49 6 0 6 0 33 93 81 96 100 56 83 97 58 0 0 14 47 65 100 99 76 90 95 91 97 100
39 40 4 12 0 0 0 0 0 0 7 63 73 83 100 100 91 80 44 14 38 8 11 87 97 41 39 46 76 65 71 8 5 16 65 68 78 99 100 100 45 6 60 36 39 76 91 68 75 85 100 19 4 88 67 42 67 42 36 81 78 98 100 99 91 69 82 80 79 63 3 41 40 50 3 29 98 71 100 100 97 95 93 9 0 6 27 88 100 100 100 97 94 45 82 100
25 0 4 0 0 0 32 9 0 0 1 23 35 83 80 46 49 24 11 13 37 30 48 45 99 40 37 50 84 57 84 85 11 15 57 54 73 99 100 100 17 47 78 71 57 95 88 85 81 94 98 2 55 99 66 53 68 23 17 69 81 83 100 95 84 74 60 60 83 91 66 46 36 25 48 20 30 86 89 81 81 87 61 0 19 8 59 100 100 100 91 97 99 80 100 94
31 9 44 46 0 0 19 76 96 45 1 0 37 91 46 71 19 36 0 3 27 62 67 96 81 75 22 62 91 100 46 42 93 19 2 33 13 89 100 94 100 48 92 54 40 98 97 90 100 84 55 75 14 88 64 47 28 50 6 6 85 62 93 100 74 96 100 59 46 87 99 77 33 35 55 45 18 19 92 62 69 82 41 6 6 0 93 100 100 100 86 65 68 78 100 46
6 58 59 0 0 0 71 11 77 92 25 0 1 76 91 16 11 52 5 33 12 43 53 94 81 97 32 92 100 100 94 94 59 0 57 82 64 88 56 31 97 90 80 40 55 92 70 43 41 29 66 38 35 76 39 90 65 30 21 60 76 22 69 99 87 100 76 60 83 69 100 46 66 36 77 66 86 69 22 8 57 48 15 19 42 49 21 100 100 100 88 32 18 24 19 88
76 35 10 0 0 8 36 63 43 69 87 15 0 11 89 7 0 8 12 45 72 56 14 64 55 58 71 100 76 100 65 52 20 22 63 73 86 85 100 50 78 55 44 0 83 28 59 77 96 98 96 36 29 73 29 35 33 4 65 31 3 3 58 50 56 100 92 67 64 88 87 72 73 75 81 84 94 87 71 34 0 0 0 11 70 71 80 70 96 77 42 33 13 36 77 26
28 0 0 0 0 46 66 19 10 49 89 47 25 0 57 21 24 2 0 22 33 27 9 59 64 67 95 100 88 83 71 9 42 8 48 92 88 100 85 38 70 45 23 61 97 77 66 59 100 100 89 24 21 39 87 12 4 16 32 59 28 4 30 35 83 96 98 87 73 84 54 97 74 81 74 68 89 74 96 12 0 0 0 0 12 77 88 75 79 68 86 25 51 71 92 100
0 0 0 0 0 66 62 41 48 59 91 87 27 14 20 1 0 0 0 8 5 22 59 64 33 37 100 100 100 97 21 0 10 38 65 100 80 100 82 83 74 76 55 77 71 71 93 54 74 91 83 75 23 1 68 69 76 36 0 37 59 55 79 89 71 32 83 71 77 81 34 98 52 66 61 96 99 97 92 39 13 0 0 0 0 17 18 72 57 99 91 65 77 71 71 97
0 0 0 0 0 34 26 89 63 70 70 91 88 67 61 12 0 25 7 17 0 0 54 75 44 90 100 100 100 72 11 18 69 65 88 91 77 100 100 100 84 73 27 43 47 48 25 66 98 71 88 71 74 37 35 100 95 46 0 28 63 61 93 94 92 66 100 67 28 96 79 59 72 93 85 61 92 93 76 97 30 21 0 20 0 12 25 45 71 68 56 73 79 94 93 81
0 0 0 0 0 7 0 20 51 84 69 70 61 52 61 73 18 54 94 26 0 0 21 74 69 77 90 99 99 81 68 51 50 74 96 56 52 97 100 95 78 82 78 100 86 85 61 45 43 29 34 70 86 28 41 100 100 77 7 0 73 100 98 26 74 47 89 82 52 76 62 82 86 43 94 47 94 67 80 97 65 49 72 82 61 15 6 0 0 21 88 92 87 54 94 83
0 0 0 0 0 0 0 0 12 69 67 58 31 45 78 62 68 85 43 0 0 0 0 40 47 81 85 98 94 100 85 82 37 75 88 56 0 68 81 34 18 81 100 73 24 11 0 0 0 0 54 97 38 20 69 100 100 81 6 8 71 100 58 37 37 47 49 75 87 65 85 87 100 97 75 79 54 22 46 100 100 70 63 77 79 74 1 17 0 3 46 87 89 76 84 21
0 0 0 0 0 0 33 0 26 88 76 48 64 91 94 95 44 39 0 0 0 14 72 82 59 82 30 69 87 100 94 81 81 81 51 7 55 85 68 5 27 100 91 100 95 26 0 0 0 6 69 67 32 15 34 95 100 100 91 77 99 79 33 73 35 25 60 88 85 80 76 93 90 65 59 70 75 46 58 95 81 45 62 84 50 77 60 21 3 4 33 92 69 53 35 29
35 77 64 52 57 48 24 2 25 47 60 8 84 79 58 3 0 0 50 25 0 75 77 57 98 68 12 57 48 92 92 98 80 56 38 72 86 97 31 0 0 76 89 37 58 13 0 0 2 69 96 96 12 33 77 99 86 86 85 74 99 42 80 39 44 71 78 77 48 74 30 77 92 64 69 39 31 13 1 36 50 37 37 85 60 59 83 71 22 4 1 13 80 69 34 35
32 11 19 0 11 13 0 0 0 0 0 0 13 7 0 7 48 6 50 15 66 89 88 70 54 40 31 65 15 29 43 56 93 73 80 82 100 100 41 2 45 74 71 64 25 0 0 10 32 98 99 30 44 90 100 73 69 86 73 13 71 40 80 32 19 38 87 57 70 100 96 84 39 24 28 14 19 2 2 43 80 99 75 69 70 93 19 86 90 35 0 0 38 83 98 79
63 63 3 0 0 0 0 0 0 0 0 0 0 13 20 55 55 1 36 76 100 40 9 31 50 91 68 33 40 53 19 34 97 88 74 93 100 100 53 39 11 0 43 3 0 0 42 77 97 67 76 20 92 74 95 62 43 91 70 59 61 43 91 100 58 84 69 68 84 74 48 46 20 21 6 51 67 1 0 26 89 100 88 55 56 100 53 86 98 20 0 19 30 81 86 71
35 5 0 0 0 0 2 1 1 0 12 54 82 98 100 54 61 0 29 98 93 25 15 31 56 58 98 89 37 43 28 69 100 97 74 100 95 84 88 46 1 0 0 0 0 3 44 45 67 100 17 77 100 76 100 60 28 40 37 72 48 53 79 71 43 44 37 52 41 26 17 5 28 96 39 78 24 0 16 40 27 64 82 81 62 92 79 68 100 61 1 0 21 75 66 90
0 0 0 17 31 44 67 59 50 76 37 38 30 80 94 27 39 0 26 91 100 100 100 92 87 85 99 54 53 54 91 100 82 68 75 100 100 92 21 0 0 0 3 1 0 15 76 73 24 78 24 100 85 66 57 26 74 50 96 99 52 71 57 14 17 56 97 81 55 35 32 7 15 51 41 24 0 7 7 35 52 67 59 87 65 99 100 100 84 21 0 0 59 39 78 64
0 0 9 71 97 96 40 62 78 70 30 84 81 83 69 61 27 0 3 72 74 66 61 55 40 61 29 52 73 80 87 10 32 92 67 100 100 48 0 0 0 9 83 23 0 15 64 17 65 42 78 99 77 59 51 37 82 20 59 24 49 92 58 62 69 96 42 43 34 22 43 77 85 72 64 52 3 44 29 25 67 90 69 91 97 83 91 98 60 48 0 1 73 87 84 72
55 16 32 84 35 31 64 62 81 84 62 72 68 50 82 64 6 0 37 100 100 100 85 93 77 65 39 23 13 87 91 16 0 56 76 94 52 5 38 35 42 26 23 3 46 78 39 76 58 58 99 70 73 29 38 88 90 20 78 37 60 88 75 100 100 73 16 0 15 70 60 75 100 100 96 74 75 53 33 0 18 26 38 88 83 68 80 97 42 6 27 14 91 74 76 69
100 25 61 38 25 61 96 67 58 34 100 100 92 78 100 50 0 0 65 94 80 98 81 27 89 54 0 1 31 92 100 68 55 88 100 46 39 58 79 71 57 50 0 0 0 67 90 70 31 98 88 16 50 64 37 48 74 62 76 62 37 56 92 100 88 83 0 0 26 44 51 41 29 63 90 66 78 34 0 23 44 21 55 100 61 73 99 95 86 4 27 49 100 62 71 72
38 6 89 74 78 100 91 68 26 16 78 84 90 100 100 84 47 0 37 90 74 81 98 81 88 70 64 38 80 100 75 99 100 100 72 93 67 35 71 67 40 3 0 9 55 80 80 35 82 100 80 23 82 28 0 27 100 85 56 46 36 26 72 66 45 54 0 0 4 9 6 1 0 0 23 30 0 19 88 84 79 43 86 74 26 48 73 91 95 33 14 68 69 74 72 73
47 8 60 87 80 87 40 39 51 89 82 89 72 79 68 72 75 0 0 83 98 88 59 47 31 9 69 100 95 88 77 90 87 44 14 100 92 53 0 0 4 23 58 53 76 87 47 55 74 84 58 46 92 28 64 64 88 76 34 22 50 60 25 5 33 1 0 0 0 14 19 0 0 0 0 1 0 2 23 41 75 81 56 1 34 63 65 99 99 26 1 47 83 97 56 87
57 46 89 92 73 82 11 5 79 42 77 57 100 100 89 88 70 0 0 66 61 59 88 28 43 67 43 76 69 77 79 23 27 8 0 92 60 2 0 14 72 67 47 33 35 43 63 34 100 98 87 55 65 78 100 88 72 77 42 31 32 50 27 0 0 0 5 0 11 84 75 5 11 3 0 0 0 13 19 39 61 48 0 0 46 44 93 100 60 6 1 53 95 76 35 65
85 39 78 71 91 88 71 32 88 74 84 88 71 99 77 96 84 0 0 65 96 55 86 67 19 24 80 25 17 23 0 21 57 71 78 99 20 0 46 91 71 38 30 73 71 34 49 79 65 35 47 42 12 0 68 69 71 38 33 11 2 5 8 0 0 3 33 1 47 66 66 69 45 3 0 22 6 1 34 77 81 71 0 6 62 47 99 99 24 48 72 97 95 84 42 25
43 73 71 34 97 100 63 55 68 62 75 94 79 100 75 46 87 25 0 11 82 83 61 46 37 38 47 22 38 13 8 0 2 64 57 45 0 18 78 78 70 49 67 95 70 77 39 69 26 0 9 12 0 0 24 12 23 42 12 0 0 0 0 0 4 71 31 45 29 11 36 75 82 13 4 19 52 21 68 59 94 43 5 64 36 51 100 61 6 79 100 100 71 30 24 4
13 46 53 12 92 95 53 55 100 100 79 70 19 62 7 2 85 80 26 1 4 42 41 45 69 55 14 4 6 38 73 60 49 85 62 14 39 49 62 86 60 7 48 26 60 62 91 28 4 0 0 0 0 0 0 0 65 72 0 0 0 0 0 0 13 20 68 96 65 78 37 40 68 25 58 11 51 81 66 87 31 19 71 53 46 75 95 34 2 52 100 90 69 98 63 68
2 38 77 73 100 60 24 25 54 25 74 58 0 0 0 12 99 99 47 0 0 8 57 82 80 60 66 41 13 1 24 18 77 49 58 47 1 36 36 45 0 0 0 7 15 72 44 0 0 0 0 0 0 0 0 0 11 10 0 0 1 9 36 63 100 94 33 71 70 75 93 66 46 3 65 47 15 79 98 98 81 87 62 86 87 76 12 0 0 58 100 85 93 100 100 100
80 78 79 63 86 86 0 0 0 0 24 24 0 0 10 71 71 72 78 0 4 42 73 50 87 74 80 78 30 46 57 64 84 77 35 2 0 0 0 0 0 0 0 7 42 33 0 0 0 0 0 0 0 0 0 0 0 0 0 12 63 95 100 100 100 91 91 72 79 63 77 64 99 48 96 99 54 84 81 77 63 78 97 55 25 4 0 0 30 100 91 73 90 86 100 96
74 65 52 3 0 2 39 24 0 0 0 0 0 0 39 17 56 90 70 27 26 87 79 39 41 71 56 48 39 69 77 75 52 63 10 0 0 0 0 0 0 1 46 11 42 3 0 0 0 0 0 0 0 25 40 34 16 48 88 50 95 58 24 37 73 99 100 71 49 6 30 29 97 80 100 98 91 100 69 85 91 64 27 2 10 38 52 92 60 91 72 58 75 49 60 62
100 94 53 43 37 74 39 0 0 0 12 11 1 23 81 71 73 76 68 51 39 59 55 39 57 49 0 24 92 48 93 10 10 0 0 0 0 0 0 0 4 63 54 54 24 0 0 0 0 0 0 0 0 47 40 57 93 83 71 68 100 100 92 57 21 79 68 57 68 6 46 79 45 14 76 71 65 64 64 60 3 0 0 23 59 99 100 81 76 64 83 91 100 88 82 97
55 19 25 74 47 71 8 0 5 55 93 90 81 53 76 19 3 6 63 79 23 73 6 23 16 2 0 14 86 96 56 27 0 0 0 0 0 0 0 0 0 8 0 22 30 0 0 0 0 0 0 21 17 14 56 23 69 50 16 12 82 100 56 88 99 76 61 55 67 75 99 96 75 45 53 75 80 49 42 78 44 41 66 95 100 100 84 58 38 86 90 65 48 74 94 100
87 31 47 56 73 24 0 0 16 100 100 87 40 8 0 0 21 46 97 98 14 93 42 0 0 0 0 18 89 96 67 4 0 0 0 0 0 0 0 0 0 0 0 17 6 0 0 0 0 0 1 17 90 96 97 83 93 69 93 71 94 100 100 100 87 50 56 47 97 100 92 84 77 88 85 100 62 19 40 100 94 80 80 77 94 65 67 79 28 82 87 83 72 40 63 100
36 2 14 19 92 32 0 21 83 99 35 9 0 5 28 57 95 100 100 100 52 62 99 51 17 24 15 0 30 39 4 0 0 0 0 0 0 0 0 0 0 0 0 0 0 0 0 0 0 5 26 74 90 100 89 95 78 100 77 78 100 91 97 100 48 6 11 64 91 98 83 93 95 87 100 100 84 44 16 99 97 83 83 38 34 48 66 69 64 43 49 84 69 58 99 84
38 59 58 68 17 70 66 47 95 100 65 4 0 1 64 63 6 29 45 34 68 88 23 73 91 6 34 11 0 0 0 0 0 17 0 0 0 0 0 13 26 0 0 0 0 0 0 0 0 64 33 70 100 85 49 79 44 59 32 63 100 76 81 99 41 2 63 51 67 84 96 90 57 52 96 99 99 62 76 85 34 58 55 25 44 70 48 100 57 28 33 70 83 68 56 54
100 100 37 33 61 72 66 42 45 72 28 0 0 1 17 41 0 0 0 20 15 87 73 42 99 21 0 0 0 0 1 18 36 23 0 0 0 0 11 50 61 0 0 0 0 0 0 0 0 0 20 4 50 100 82 44 52 43 42 80 61 63 90 86 52 79 38 13 18 19 45 69 76 73 51 88 96 89 79 70 96 93 40 33 52 36 58 39 72 43 42 10 81 97 99 71
