data/habitatmaps/RS_maps/habitat_Linaria.cannabina_2010.asc
NCOLS 369 
NROWS 228 
XLLCORNER 479000 
YLLCORNER 73000 
CELLSIZE 1000 
NODATA_value -9 
[rows 122 to 182 of 228, columns 192 to 287 of 369]
19 37 82 94 21 0 7 92 97 97 100 93 90 49 80 100 100 100 100 43 33 18 11 58 95 88 26 24 100 74 0 0 64 94 37 60 82 1 30 95 58 96 94 55 34 21 13 23 28 85 33 2 32 44 59 74 75 83 80 100 100 100 87 47 0 8 51 24 0 37 45 83 100 71 63 0 1 71 85 78 68 9 0 35 23 5 61 100 100 55 2 6 80 56 0 0
99 97 99 67 15 0 13 100 100 100 100 62 82 96 98 84 98 100 95 60 33 2 63 83 51 98 74 72 36 1 0 0 14 31 15 22 1 86 87 89 28 36 4 28 67 64 77 21 32 28 0 20 13 80 35 58 37 99 100 100 100 100 84 79 36 17 39 20 43 86 41 61 100 24 20 7 51 100 86 90 58 3 0 36 1 7 39 99 86 63 31 11 50 91 77 0
58 17 93 88 72 47 53 96 36 67 98 100 92 100 100 100 88 100 51 11 21 43 100 41 12 91 100 98 33 7 0 0 0 1 5 23 52 100 97 34 0 13 73 96 91 47 26 47 55 15 13 9 36 33 3 26 61 100 100 92 94 99 85 85 12 72 22 61 91 93 20 97 76 18 15 50 100 100 63 93 78 13 0 44 8 18 30 96 87 75 25 19 34 100 77 25
72 67 52 95 100 98 91 29 2 0 25 37 81 78 87 92 47 90 5 32 27 87 95 41 8 73 100 100 55 47 40 0 27 56 79 94 99 38 6 0 30 27 44 55 47 3 16 66 24 22 53 98 100 8 69 86 71 100 100 90 90 79 91 55 57 43 43 18 100 95 85 100 71 52 3 54 100 84 39 56 78 28 0 38 23 2 24 65 76 78 48 30 54 30 37 75
58 51 93 93 92 46 33 0 1 0 0 0 57 94 98 50 4 16 0 2 58 100 94 37 9 65 81 87 68 93 72 1 45 100 100 99 71 11 61 33 9 9 75 6 27 1 50 99 78 52 98 100 99 32 93 100 100 100 100 100 100 84 46 38 43 31 0 45 100 100 100 99 67 23 52 97 100 83 57 58 58 36 0 52 49 0 34 40 30 34 32 25 24 2 32 79
1 0 36 50 53 29 3 0 20 1 0 0 22 45 22 71 39 0 0 74 89 100 97 69 7 3 4 54 70 98 97 63 96 100 73 8 22 51 33 0 12 37 80 67 48 6 51 99 76 99 100 100 100 88 100 100 100 100 100 100 100 80 47 70 14 0 0 20 100 100 100 91 67 3 70 100 100 100 100 100 76 32 0 7 29 26 3 18 61 70 22 37 9 32 65 87
59 0 0 0 6 2 0 0 53 73 17 0 0 17 65 85 33 0 20 86 40 76 99 46 0 0 0 83 85 100 100 75 100 68 47 48 51 10 0 84 81 60 83 84 43 2 5 67 23 58 51 78 100 100 100 100 100 96 88 52 52 54 38 20 14 21 0 38 86 100 100 76 70 13 94 62 72 90 92 41 4 0 5 35 0 0 0 4 71 46 14 45 18 38 80 20
64 8 0 0 0 0 0 0 38 98 87 16 0 10 67 90 45 1 47 54 0 57 88 33 0 42 47 58 100 94 99 63 75 74 24 96 43 12 28 32 100 96 100 95 49 54 16 94 84 32 93 100 98 100 100 100 97 64 73 30 14 32 17 9 56 91 14 43 100 100 84 63 43 43 100 63 49 43 7 15 9 0 34 2 45 46 51 28 4 43 61 54 63 0 26 3
48 0 0 0 0 0 0 0 3 65 97 70 34 57 78 96 45 0 78 52 6 15 53 65 21 69 93 88 81 74 64 36 80 30 53 44 30 81 39 36 78 20 70 100 100 60 34 43 100 67 54 69 86 100 78 70 25 69 57 25 0 0 9 20 96 100 79 97 100 100 93 11 82 66 35 99 50 23 45 37 55 7 3 5 26 49 23 0 0 27 17 26 66 61 45 9
14 0 0 0 8 25 0 5 0 32 92 98 98 99 24 24 12 8 75 89 49 52 60 90 100 100 100 99 89 80 19 39 44 2 19 40 72 61 71 60 93 55 69 57 57 93 60 30 97 85 96 100 100 89 52 11 41 77 22 20 63 0 2 39 42 91 100 73 100 87 67 54 100 99 86 73 53 100 100 100 98 38 1 24 73 85 15 26 14 57 32 17 48 58 44 11
0 0 0 0 24 80 55 54 35 38 91 100 94 100 100 44 51 83 100 91 75 97 87 97 100 99 63 65 55 78 62 5 53 27 73 30 59 61 100 87 88 4 0 27 64 95 73 44 99 33 30 87 100 100 92 92 42 12 56 81 89 2 0 5 65 88 45 94 100 57 49 89 80 97 98 14 35 100 100 87 41 99 18 9 36 100 87 95 40 5 21 28 19 0 0 0
0 0 0 0 4 61 96 87 72 89 87 85 65 99 81 85 100 100 100 100 100 99 95 100 100 87 91 92 98 100 100 91 100 99 100 95 60 40 99 100 99 63 70 85 85 82 84 79 98 65 66 100 100 100 100 50 30 43 88 82 85 49 0 34 100 97 39 98 100 66 94 57 45 78 50 47 77 100 100 80 70 94 88 27 3 78 100 98 85 17 11 40 5 0 13 21
0 0 0 0 0 2 49 89 60 53 70 58 33 18 33 98 93 60 97 100 100 94 93 100 100 100 100 97 98 99 100 100 100 100 100 100 41 22 57 76 63 24 7 74 22 3 4 30 99 97 63 93 100 100 66 2 68 98 69 44 89 60 0 65 100 100 89 100 100 100 100 12 2 25 42 100 100 100 57 56 86 100 57 0 4 76 100 100 97 73 11 13 61 29 63 87
0 0 0 0 0 0 51 50 56 28 7 0 1 49 100 100 83 40 100 100 100 93 98 97 94 68 82 55 67 90 68 98 92 86 100 94 55 94 55 16 0 0 0 3 2 0 0 4 96 100 97 100 100 100 55 34 96 37 7 37 88 93 53 54 100 82 90 100 100 100 95 10 37 100 100 100 100 100 82 56 63 70 20 20 96 100 53 93 45 36 19 5 89 46 34 75
0 0 0 0 0 0 18 4 0 0 1 74 88 99 100 91 94 87 79 90 100 100 47 88 93 94 52 94 100 95 61 58 23 82 100 100 45 71 12 0 0 0 8 13 6 6 9 48 100 87 63 100 100 100 94 93 75 1 43 99 100 73 55 44 100 30 53 100 100 100 83 28 42 89 100 100 92 74 15 3 4 95 23 21 100 100 51 67 76 97 38 20 48 59 26 24
0 0 0 0 0 0 0 4 72 56 89 97 100 100 100 84 99 100 80 92 100 99 93 99 100 95 87 55 59 99 93 17 16 89 100 100 92 99 30 0 0 1 82 91 76 56 59 93 88 31 11 83 100 100 100 100 2 41 96 100 100 86 58 52 100 99 80 100 100 100 100 89 31 51 57 43 89 55 81 27 4 56 0 49 100 59 2 80 100 61 21 42 97 44 17 3
0 0 0 0 0 0 19 67 100 100 100 100 100 100 100 100 85 48 0 5 64 100 100 49 99 64 100 68 71 99 42 21 53 100 100 100 100 100 100 57 24 3 90 94 26 3 22 96 97 16 0 21 98 100 100 95 64 100 100 91 56 10 43 100 100 100 100 100 100 100 98 21 0 0 19 88 79 85 93 1 13 21 10 76 95 100 32 100 100 39 14 66 50 39 15 31
0 0 0 0 0 7 32 73 100 100 100 100 99 76 100 100 53 6 1 55 83 100 96 47 71 55 97 44 71 52 19 58 100 100 100 87 100 100 100 100 79 22 88 100 73 58 93 100 100 75 7 1 71 98 49 21 65 100 100 32 16 60 54 94 100 94 63 95 100 70 16 0 0 54 53 100 100 100 93 8 13 10 9 43 73 86 47 96 100 100 94 54 29 64 71 37
6 12 3 0 39 69 99 100 100 100 100 94 28 50 97 71 97 54 7 57 100 100 100 85 18 11 57 18 76 25 88 100 100 100 81 29 71 65 28 96 55 82 100 100 73 69 100 96 73 97 54 5 20 70 5 29 87 100 56 60 99 100 100 100 99 95 90 51 75 66 62 58 5 11 66 78 41 74 89 49 14 2 30 97 100 81 71 100 86 98 100 78 32 1 2 47
39 11 19 4 89 100 100 100 100 100 100 37 64 87 97 24 27 34 0 3 74 96 50 25 33 23 32 2 26 43 100 100 59 80 20 0 64 5 14 100 100 100 86 45 80 100 63 34 92 90 9 78 62 58 68 88 67 61 86 97 71 100 100 100 100 45 0 63 65 76 100 100 52 26 42 29 58 7 13 61 10 0 1 77 91 85 38 44 85 100 100 51 11 70 11 4
63 59 68 78 100 85 99 100 100 100 98 46 90 100 100 87 40 35 9 0 66 62 49 99 74 99 41 59 40 37 79 91 14 98 26 0 26 5 94 100 89 88 28 19 28 55 12 24 100 36 0 76 100 100 95 59 74 100 99 59 22 83 100 95 59 16 62 63 100 91 100 100 83 55 24 8 0 20 0 13 13 17 46 84 73 9 11 56 100 100 100 15 76 100 55 11
100 100 100 88 87 52 81 100 100 100 49 36 68 38 75 28 51 51 84 38 77 100 100 100 60 100 92 85 97 100 99 93 75 100 46 0 39 80 100 68 7 46 28 28 11 55 74 71 100 26 17 95 73 62 100 70 100 50 50 49 97 100 100 56 40 92 100 100 83 76 82 58 61 62 9 15 67 88 53 98 79 5 2 82 100 83 99 96 100 100 96 81 52 100 32 38
100 85 55 47 28 98 100 100 79 100 70 25 17 4 30 62 87 99 73 96 93 77 95 100 100 99 87 38 36 52 99 94 100 97 95 79 92 100 100 88 47 46 22 16 59 86 100 24 52 30 36 100 39 44 77 79 97 26 3 95 74 87 100 93 100 100 100 79 39 27 59 18 34 8 71 83 76 97 89 46 91 26 41 92 74 80 100 100 100 98 100 98 12 52 92 21
100 94 42 0 4 51 77 75 39 51 29 0 5 13 39 100 100 100 88 67 59 17 90 98 74 60 88 100 100 100 62 22 100 75 62 88 100 100 100 48 49 80 84 47 48 52 99 72 21 0 26 100 40 0 70 100 73 8 0 10 0 89 100 100 84 81 100 92 71 88 93 92 95 54 80 33 10 100 79 47 98 19 81 13 0 24 46 96 91 82 97 63 0 43 95 9
57 97 100 60 51 17 0 6 0 5 37 42 27 63 81 76 98 81 68 15 43 36 98 39 5 50 92 100 100 100 100 100 100 87 18 65 90 100 62 15 29 15 20 11 6 84 100 100 75 8 51 100 14 3 83 98 72 3 4 23 49 100 100 100 38 60 71 66 95 46 100 100 100 100 64 0 29 38 21 52 87 4 39 90 60 53 27 100 66 100 70 0 53 99 59 42
57 69 100 84 89 33 0 0 0 1 77 100 100 98 81 70 18 35 49 20 39 36 47 46 33 28 82 81 98 71 45 43 74 72 85 68 52 37 46 46 20 28 12 0 33 7 39 56 100 80 10 41 53 0 5 75 78 8 15 74 84 85 98 100 100 84 97 100 100 100 100 100 100 100 100 65 0 0 0 0 84 30 26 54 98 100 78 52 59 78 13 35 97 97 16 8
63 60 94 100 63 0 26 0 0 24 98 99 64 32 12 3 6 14 14 41 70 30 15 0 22 29 65 24 53 97 98 33 33 66 42 47 72 71 89 88 97 34 0 0 15 19 27 64 100 87 2 9 2 0 0 3 3 0 29 92 68 82 100 100 100 88 49 78 100 89 30 22 37 78 100 24 0 0 0 17 95 100 99 64 4 38 51 100 89 66 4 46 100 100 85 79
100 100 93 67 96 68 7 0 11 67 96 54 27 29 63 47 92 93 93 97 49 15 8 0 0 0 4 5 31 35 88 83 95 91 100 99 79 83 49 94 100 99 49 4 9 1 8 80 94 88 11 0 0 36 64 84 82 69 95 95 91 100 100 100 69 9 72 87 95 71 0 0 2 18 100 26 52 13 59 97 100 99 82 98 30 43 100 69 41 10 69 86 83 89 100 67
42 10 15 0 34 7 0 0 86 54 24 18 59 98 99 75 49 86 79 54 88 50 52 52 30 5 8 0 0 1 3 37 48 29 24 77 89 100 93 95 81 72 100 73 7 0 0 17 47 99 29 0 0 2 1 28 70 92 88 47 5 51 100 100 54 92 94 55 100 66 0 38 85 97 99 62 94 35 64 100 100 56 74 100 55 37 95 86 51 4 0 0 0 61 87 75
90 14 0 0 0 1 4 19 39 70 38 81 98 94 100 67 84 100 98 96 100 100 94 92 87 66 80 36 0 0 10 23 14 26 23 54 13 89 100 100 51 32 43 21 0 0 1 53 62 29 68 32 2 0 0 0 0 6 1 3 73 100 100 100 100 77 20 54 100 54 0 30 49 62 75 47 71 87 49 100 67 0 48 81 77 31 47 94 100 52 33 21 0 48 43 86
97 53 21 18 47 91 98 90 79 99 91 58 26 84 88 76 73 98 66 26 48 89 64 37 31 27 86 63 14 28 32 28 0 9 10 17 54 38 81 98 77 46 5 0 0 0 30 44 4 47 100 85 88 12 0 0 0 7 1 21 89 96 100 98 99 27 0 48 100 34 0 1 45 83 87 75 95 100 89 60 2 5 57 58 89 95 50 43 66 100 100 67 5 12 16 29
100 100 88 95 100 100 100 73 100 61 8 0 9 3 31 72 23 16 54 68 71 25 89 100 71 20 93 85 73 9 12 56 22 0 49 39 56 5 80 86 80 36 3 0 0 0 42 44 0 40 82 72 97 67 68 19 0 43 74 13 2 78 98 63 82 80 7 35 59 17 0 30 64 56 61 90 100 100 14 0 12 56 100 43 100 100 82 100 74 93 100 86 28 13 23 26
92 55 28 74 95 100 100 100 32 1 15 51 47 2 41 88 84 74 22 68 68 36 15 70 100 99 92 55 91 59 10 1 11 23 24 1 34 0 56 88 86 73 13 0 0 0 28 92 20 10 40 32 38 66 92 54 0 65 100 41 54 72 91 17 50 100 66 43 0 0 21 66 92 34 64 99 83 67 55 0 42 87 92 45 100 100 98 78 100 100 100 100 99 100 97 90
18 28 21 2 15 80 100 73 0 0 13 83 98 37 3 13 55 94 83 22 32 73 17 9 54 79 39 67 98 87 19 17 17 38 33 10 4 11 25 82 100 52 1 0 0 0 0 16 73 12 54 43 40 96 51 0 3 94 86 16 66 100 88 0 1 82 65 3 49 30 100 96 86 71 71 58 63 40 34 2 47 95 82 66 100 100 98 61 79 91 95 100 100 100 100 100
37 20 0 22 96 93 100 15 3 47 93 100 99 45 9 94 85 44 42 68 100 91 29 33 47 83 17 68 96 52 18 86 52 39 2 9 0 0 13 32 99 83 9 0 0 0 0 3 40 87 61 65 57 90 63 0 54 100 96 54 78 82 95 22 63 66 72 19 39 95 98 81 10 19 17 34 12 47 98 59 28 95 51 92 95 100 97 59 21 52 99 100 66 99 100 97
100 99 51 63 98 45 89 16 53 97 84 100 97 36 16 97 97 100 40 100 98 32 3 3 43 67 0 0 17 61 54 61 43 71 17 9 0 0 31 4 30 97 17 0 1 7 23 7 14 16 29 32 18 36 64 25 37 100 97 72 64 68 82 28 21 23 28 57 63 13 79 76 88 95 22 22 31 33 75 78 60 100 51 76 68 100 100 100 45 75 100 100 70 39 96 65
92 91 99 100 100 86 91 9 0 20 30 68 84 90 45 100 77 42 73 100 98 43 30 6 61 61 31 8 0 0 0 23 25 87 18 9 1 0 0 16 13 16 59 2 7 6 11 17 25 9 7 0 0 8 41 99 54 100 66 26 46 31 80 48 38 35 31 37 73 77 38 58 67 86 62 23 81 85 66 21 6 72 78 70 26 99 100 100 82 53 100 100 81 4 61 41
41 40 39 99 100 54 62 3 0 0 15 35 16 63 82 31 82 24 25 32 50 51 5 5 63 100 100 91 33 25 77 96 98 47 29 43 8 0 0 28 25 33 43 41 8 14 3 7 1 0 0 1 6 45 64 79 56 94 47 26 72 28 45 36 73 16 36 27 49 100 47 62 98 81 14 29 44 31 52 87 65 48 100 99 7 58 100 100 84 50 100 100 60 4 19 21
29 62 98 100 100 99 67 0 0 12 66 23 7 3 40 33 76 92 15 31 1 5 1 58 56 87 53 70 46 7 94 92 34 1 23 12 31 1 0 1 3 40 0 38 12 14 12 1 3 7 20 43 45 30 87 33 22 86 11 7 81 81 88 35 53 11 26 18 49 83 17 65 99 98 42 28 31 12 14 69 98 35 64 94 27 15 97 100 95 32 99 98 4 22 49 82
28 91 100 100 98 100 58 0 0 88 92 75 8 0 65 100 23 94 64 47 1 0 5 11 64 20 2 53 26 35 6 38 85 62 58 48 27 0 0 0 0 33 0 0 4 1 0 0 0 26 26 81 89 84 84 16 67 63 3 8 38 93 74 42 18 2 21 6 50 82 3 0 56 98 55 49 29 23 78 80 63 7 5 64 7 33 100 100 100 75 43 42 4 54 100 100
26 7 74 100 48 99 63 28 19 84 10 69 19 0 26 90 37 58 71 89 21 0 6 1 0 0 44 56 52 100 89 79 64 83 68 89 35 19 5 0 0 0 1 4 0 0 0 0 3 36 53 44 13 34 66 60 100 67 3 48 38 10 2 36 59 14 23 22 14 87 13 56 54 59 86 20 8 46 72 38 9 0 9 9 0 39 67 62 21 76 68 7 43 32 7 80
84 63 100 90 54 44 99 55 67 37 16 90 23 0 22 82 84 43 58 38 23 0 0 17 37 0 41 77 35 100 78 36 16 48 61 64 50 51 26 2 0 0 0 12 0 6 23 29 0 0 10 17 46 3 8 75 99 47 9 39 97 57 0 62 7 0 23 8 38 65 0 23 83 30 48 23 45 56 73 79 100 17 0 6 27 14 6 19 0 2 2 7 23 40 47 100
100 100 100 95 45 40 98 31 15 63 86 80 37 2 0 35 42 58 64 94 52 6 5 1 58 37 60 48 41 37 53 57 42 18 55 25 80 66 26 30 11 0 0 0 0 0 1 36 9 45 43 8 4 16 65 96 95 21 7 14 59 44 41 62 0 0 4 0 38 89 22 2 7 56 80 40 23 38 32 36 72 45 37 81 96 50 3 60 82 60 92 94 89 88 69 62
66 16 30 18 51 19 68 34 41 66 89 100 41 13 0 4 32 21 77 20 13 10 7 2 68 99 73 57 100 100 85 61 30 8 19 59 17 44 78 53 5 9 19 0 0 0 0 6 58 98 74 91 40 70 67 66 92 26 16 16 36 82 56 52 1 0 11 39 16 39 59 13 54 41 39 31 20 34 30 39 73 81 59 59 39 97 71 65 55 55 38 33 4 16 0 0
61 0 12 79 26 21 68 51 20 94 60 35 22 44 77 22 22 17 25 40 20 3 27 52 77 67 6 35 70 94 46 25 11 0 40 76 52 48 40 81 16 16 10 0 0 0 0 3 7 44 52 66 35 25 8 15 58 24 13 15 65 99 69 11 0 0 0 11 1 2 27 20 77 2 1 0 3 14 45 80 60 50 26 58 30 74 16 23 5 0 0 15 30 35 59 35
94 41 51 91 48 14 42 0 56 13 41 30 58 6 83 61 20 0 6 0 0 3 15 26 71 17 61 66 100 31 0 0 38 23 81 54 64 93 44 16 0 3 0 0 0 0 0 0 0 53 79 51 75 27 13 90 65 19 2 21 73 68 79 37 9 6 0 0 0 50 23 35 96 31 6 0 20 0 2 11 0 2 0 4 38 33 0 8 5 12 28 28 14 2 2 10
77 90 74 9 24 0 74 19 0 47 38 38 49 75 39 81 49 0 0 0 0 1 18 39 72 43 87 39 34 32 29 34 0 34 1 7 26 84 81 1 0 0 35 30 0 0 0 0 0 11 9 1 39 52 17 96 25 0 20 25 71 93 83 33 6 20 0 5 69 36 55 44 44 34 62 13 0 0 28 2 0 0 0 0 0 0 0 0 7 9 3 0 15 3 30 93
51 40 16 0 0 0 43 44 84 85 94 54 45 8 48 79 46 0 0 0 0 7 27 64 4 68 43 83 83 50 49 63 9 15 0 14 48 87 66 83 42 35 78 6 0 0 0 0 0 0 0 8 58 48 6 84 33 11 22 5 56 86 53 3 20 11 0 0 12 27 39 7 60 32 32 2 0 0 19 0 0 0 3 0 0 0 0 0 0 0 3 32 71 35 53 86
81 2 0 25 33 87 84 64 99 42 33 14 0 0 2 70 4 0 0 0 17 42 60 80 23 36 21 28 49 56 46 52 15 26 0 38 80 51 83 58 79 97 40 2 2 0 0 0 0 0 0 1 5 82 23 46 51 26 12 21 67 87 23 1 29 0 0 1 0 37 71 81 90 16 0 0 0 0 32 21 22 2 21 0 0 2 8 39 25 27 49 1 32 88 78 44
8 2 1 71 98 100 100 100 82 54 21 25 6 31 1 2 0 0 0 0 0 3 39 82 45 93 55 23 14 6 43 49 0 34 0 18 88 100 100 38 57 78 72 59 46 0 0 0 0 0 0 3 52 51 54 79 6 0 43 39 81 42 2 24 21 0 0 23 57 100 82 100 30 3 0 0 0 1 26 1 3 0 0 4 58 38 35 37 22 7 2 14 2 2 8 0
23 11 34 60 51 82 75 98 42 40 32 11 1 11 1 0 0 0 0 0 0 0 15 62 5 88 82 83 32 13 0 18 2 14 5 48 96 75 81 63 71 85 78 39 10 4 7 0 0 0 0 31 42 46 100 49 0 12 38 27 64 1 13 24 12 5 26 44 100 74 92 97 58 26 57 10 0 17 0 0 1 6 0 53 41 46 35 3 0 40 58 61 13 0 0 0
13 14 64 31 41 60 53 89 56 9 17 0 0 0 5 29 9 0 0 0 0 0 0 19 9 10 8 83 98 77 27 0 8 7 39 100 58 3 81 10 28 96 22 0 0 0 0 0 0 0 0 5 73 83 73 42 0 29 1 24 52 12 0 0 3 59 68 69 100 73 100 92 57 34 45 28 12 54 0 0 2 79 41 42 28 77 64 69 64 56 1 0 0 16 51 22
4 43 58 62 94 85 95 44 1 22 6 1 0 1 69 84 69 48 1 0 0 0 0 0 0 0 56 71 59 96 91 20 1 11 57 96 66 8 62 2 69 44 50 40 0 0 0 0 0 0 0 0 31 95 73 0 0 1 0 29 45 20 1 0 23 94 58 97 40 100 91 81 36 15 18 0 0 10 10 0 20 69 63 93 77 100 66 47 47 11 3 29 19 94 100 47
11 80 72 74 97 55 8 1 13 7 61 68 43 59 76 94 100 48 0 0 0 0 0 0 0 0 29 13 0 85 100 79 0 0 11 94 46 0 0 43 95 93 77 35 1 10 0 0 0 0 0 0 3 67 70 0 0 0 10 13 9 12 25 0 15 47 69 56 47 80 34 1 35 28 0 29 1 0 47 0 2 28 61 55 51 100 85 46 26 0 14 61 51 99 68 19
0 4 100 100 68 4 21 25 12 37 86 60 38 46 44 85 96 62 38 42 29 1 0 0 0 32 28 8 0 16 61 57 50 0 0 12 27 0 7 5 6 79 70 57 17 0 0 0 0 0 0 0 0 17 58 0 0 4 50 16 3 49 0 0 0 0 17 84 95 49 14 93 18 56 12 54 6 0 6 0 0 0 26 39 56 99 39 23 37 27 48 61 95 77 30 56
5 29 99 100 86 72 52 71 73 82 68 58 82 82 99 100 80 26 78 99 94 83 27 0 0 0 27 77 0 0 4 35 78 43 4 0 0 0 0 5 21 24 51 81 96 14 0 2 7 12 0 0 0 0 0 0 0 25 4 0 7 58 0 14 69 53 2 64 100 10 40 67 33 82 79 13 0 0 0 0 0 0 18 28 32 62 27 58 81 34 15 19 100 62 9 22
28 30 100 100 100 100 59 51 93 96 93 78 56 40 71 70 62 45 36 57 88 61 3 0 0 0 5 19 5 23 35 47 100 97 77 32 31 0 0 9 81 45 27 58 100 62 57 44 10 0 0 0 0 0 0 0 0 0 0 0 8 55 11 0 4 84 86 41 83 28 15 44 96 34 17 39 40 20 0 2 0 0 0 0 20 59 2 47 26 56 2 0 0 86 15 47
12 0 54 68 33 95 24 65 13 52 84 37 0 0 1 1 5 23 24 6 8 11 27 48 19 0 0 0 2 17 11 2 85 100 100 91 77 1 0 32 94 87 96 100 46 69 63 61 7 3 0 0 0 0 0 0 0 0 0 0 0 0 0 0 1 72 14 26 26 84 99 98 91 100 48 96 38 56 25 14 1 -9 0 0 27 65 1 44 63 45 16 76 11 5 16 95
0 44 100 51 14 81 50 100 37 72 67 60 24 16 19 7 3 8 0 0 0 0 56 96 10 0 0 0 0 0 1 50 58 76 77 5 1 0 0 0 27 78 64 93 94 59 90 64 0 0 0 0 0 0 0 0 0 0 0 0 0 0 0 1 18 82 49 33 55 100 55 21 34 63 72 49 21 46 16 0 63 -9 -9 0 0 39 29 2 42 79 68 100 53 27 19 16
1 47 99 35 14 63 61 56 71 72 99 81 72 67 86 83 14 21 3 0 0 0 35 75 19 0 0 0 0 0 0 25 18 80 100 81 10 0 0 0 0 11 15 70 96 93 59 8 0 0 0 0 0 0 0 0 0 0 0 0 0 0 0 43 86 93 33 81 100 89 87 87 30 83 81 53 97 98 59 41 -9 -9 -9 -9 -9 23 34 28 51 61 76 69 70 65 93 61
69 27 29 6 17 13 39 86 92 83 12 0 28 24 70 78 23 3 13 0 2 48 37 5 1 0 0 0 0 0 0 0 0 67 65 44 19 1 0 0 5 29 46 65 64 40 2 0 8 0 0 0 0 0 0 0 0 0 0 0 0 0 0 16 88 68 88 96 72 77 100 86 19 81 56 41 27 22 0 0 -9 -9 -9 -9 -9 -9 0 0 0 7 47 70 17 1 63 60
