data/habitatmaps/RS_maps/habitat_Prunella.modularis_2009.asc
NCOLS 369 
NROWS 228 
XLLCORNER 479000 
YLLCORNER 73000 
CELLSIZE 1000 
NODATA_value -9 
[rows 59 to 117 of 228, columns 192 to 287 of 369]
4 25 92 36 9 27 0 23 51 69 30 0 0 0 0 0 18 89 31 26 17 36 24 34 5 4 25 1 0 18 30 1 0 0 24 53 18 36 59 18 9 39 92 82 100 100 68 81 50 70 40 16 54 18 76 84 47 51 64 10 31 33 36 3 30 17 58 16 14 68 58 46 56 52 32 61 46 57 55 45 8 4 16 61 86 74 90 82 55 34 0 22 16 22 13 0
20 33 29 3 52 9 53 28 38 60 63 3 6 0 0 0 0 26 64 43 74 70 38 5 25 9 0 20 13 34 20 1 2 0 9 14 54 2 42 30 8 5 68 90 92 98 72 88 60 55 42 42 61 28 33 24 20 12 44 54 20 34 5 35 58 68 50 27 23 39 34 77 59 60 66 65 66 69 49 15 6 20 20 44 66 70 90 59 22 19 17 0 0 4 13 11
24 0 29 53 38 3 48 54 37 35 55 28 57 3 0 0 0 9 4 0 46 80 69 2 24 35 0 0 0 4 12 3 49 39 42 12 28 17 70 31 6 15 38 32 74 86 42 59 71 85 82 65 40 28 21 25 36 32 45 27 16 42 42 46 91 78 84 52 34 46 59 68 60 78 83 82 98 87 41 45 0 36 12 21 60 88 76 42 0 67 34 0 0 0 27 9
17 4 68 87 14 4 58 65 32 92 84 36 20 3 0 0 0 0 0 6 34 84 75 21 16 2 10 33 32 0 0 10 28 54 8 1 5 36 26 19 24 38 30 54 53 32 15 16 74 78 72 26 36 42 4 54 26 54 54 38 24 44 22 52 78 73 58 79 76 87 88 68 79 100 88 92 98 94 66 56 48 35 85 27 96 98 23 3 23 55 85 23 0 0 0 0
12 14 5 29 6 0 26 23 34 46 84 36 19 63 27 0 0 0 0 0 18 5 36 62 23 1 0 17 38 1 0 0 34 7 0 0 1 28 21 17 0 11 36 34 41 18 28 56 66 43 15 10 54 32 30 26 36 26 39 55 57 75 44 88 82 64 65 80 92 95 61 72 71 60 42 59 79 90 69 48 29 55 61 61 97 51 0 25 67 56 100 71 0 0 0 50
1 15 0 45 2 2 36 42 47 34 33 57 66 81 78 0 0 0 0 4 6 16 16 12 30 36 0 7 10 14 29 12 6 1 3 8 32 25 46 56 17 4 12 22 34 43 51 45 16 18 22 29 20 16 39 1 28 27 34 38 60 64 35 72 69 62 63 86 90 88 80 70 40 12 8 66 50 45 82 39 37 40 81 100 82 13 1 25 4 68 88 67 2 0 1 96
0 12 2 15 17 0 50 61 12 24 24 67 100 93 99 28 0 0 0 0 0 0 0 5 55 50 20 2 21 15 10 3 20 0 66 21 1 40 83 55 32 61 18 39 10 28 5 24 16 20 4 46 78 48 56 48 3 21 44 18 14 38 49 59 38 55 74 62 78 100 79 56 1 0 0 10 61 35 25 40 17 76 100 75 43 8 6 17 0 0 16 26 41 48 60 46
0 5 6 0 0 0 10 55 20 8 18 50 100 100 94 33 12 0 1 0 0 0 0 0 0 16 44 44 42 3 8 16 0 0 66 21 9 23 48 37 25 34 32 15 19 12 25 0 13 16 83 100 94 62 68 60 16 8 18 28 25 7 31 42 16 8 52 64 74 70 48 8 0 4 10 11 15 61 62 61 97 90 63 3 76 46 24 3 0 24 42 28 58 40 74 10
0 4 14 47 8 31 0 3 3 8 34 8 51 80 100 32 41 24 20 0 0 0 0 0 0 0 25 14 0 0 14 3 0 0 42 94 78 46 22 38 11 0 0 26 16 50 30 18 6 5 91 99 85 94 87 32 37 37 44 20 13 2 0 16 16 61 90 68 79 37 26 14 52 52 12 0 4 52 46 75 84 16 0 0 19 8 25 21 45 62 45 20 30 93 58 61
14 0 35 51 70 9 13 16 24 12 44 28 15 32 99 68 0 30 21 26 0 0 0 0 0 0 0 0 0 19 25 0 0 0 13 5 58 62 11 40 40 38 21 36 46 70 20 20 4 0 28 72 92 88 90 72 79 34 59 15 0 0 20 32 34 80 65 42 34 39 34 42 70 64 18 46 44 70 56 81 62 4 0 0 0 31 38 52 38 4 0 12 26 36 23 7
21 4 0 0 7 25 25 36 0 14 36 0 0 13 74 80 8 17 14 0 0 0 0 0 0 0 0 0 0 0 0 0 0 0 0 0 0 19 92 44 25 23 1 0 0 0 0 0 0 24 9 30 66 62 65 69 92 52 59 38 28 1 0 2 54 54 44 46 61 75 63 67 84 50 50 26 12 56 76 93 9 0 0 0 10 30 19 23 0 0 11 56 54 39 22 7
8 7 0 8 17 18 4 20 29 6 26 12 18 8 0 52 1 9 44 0 0 0 0 9 0 0 0 0 0 0 0 0 0 0 0 0 0 0 5 0 0 6 34 54 40 0 0 0 0 15 20 60 46 77 80 78 82 83 100 78 66 23 7 38 40 38 61 66 64 52 24 26 10 45 50 38 2 31 23 31 3 0 0 0 4 12 0 0 4 38 85 100 100 64 70 72
56 10 20 28 1 2 0 0 60 67 20 11 55 45 26 40 22 3 2 0 0 0 0 30 0 0 0 0 0 0 0 0 0 0 0 0 0 0 0 30 65 57 43 14 0 0 0 0 11 2 33 37 74 96 100 100 98 63 100 68 85 82 28 24 12 78 88 57 11 0 0 15 11 5 8 22 35 16 81 7 0 0 0 6 42 4 0 0 23 100 100 100 100 96 87 41
33 10 26 50 19 2 14 0 2 22 2 0 41 81 7 22 22 42 2 0 0 0 0 0 5 0 5 19 5 7 0 0 3 0 0 0 0 0 0 4 16 0 0 0 0 0 0 0 22 2 53 53 56 86 76 71 72 80 80 78 50 17 1 0 5 49 63 39 3 35 30 11 0 44 93 94 76 46 9 29 0 0 0 38 28 0 0 4 73 100 100 100 100 100 96 100
14 5 18 56 2 0 17 0 0 0 0 0 42 85 13 26 1 6 20 0 0 0 0 5 6 0 0 0 23 30 18 47 15 0 0 0 0 0 0 0 0 0 0 0 0 0 0 39 18 6 29 35 58 96 71 93 96 98 100 100 87 55 93 44 28 66 25 50 80 78 78 26 62 18 19 40 54 11 0 2 1 0 0 27 10 0 0 54 68 100 98 85 100 100 100 100
44 6 16 59 9 0 0 0 0 0 0 0 1 58 13 0 21 0 32 10 3 0 0 0 0 0 0 10 10 42 39 42 9 16 0 0 16 0 0 0 0 0 0 0 0 0 0 62 39 0 0 10 66 96 89 95 88 100 98 100 100 98 96 67 82 70 78 82 72 74 98 78 73 78 97 40 30 8 31 54 0 0 0 12 23 0 12 94 92 80 36 73 99 76 76 82
34 6 16 8 0 0 0 0 0 0 0 0 0 48 0 0 0 0 28 42 4 10 29 49 58 7 5 4 37 70 49 50 42 60 22 26 35 32 26 24 3 18 27 38 14 0 0 2 9 0 0 19 92 86 64 65 46 26 32 78 100 84 80 100 90 60 68 74 80 66 67 57 38 36 100 86 77 86 88 60 64 60 34 0 11 0 20 97 99 70 74 84 100 94 34 70
16 38 17 0 14 1 0 0 0 0 0 30 0 41 6 0 0 0 2 41 62 76 62 70 94 80 60 50 34 22 28 29 56 92 52 62 36 55 69 56 99 75 73 72 70 20 30 3 0 0 0 29 100 82 86 80 37 72 48 83 77 67 100 92 93 78 45 22 12 39 20 20 54 60 90 88 56 64 68 94 67 47 69 0 24 6 56 100 60 95 100 100 84 72 38 100
42 0 21 12 14 0 0 0 0 0 15 31 9 39 15 12 41 43 77 93 85 100 100 100 100 81 46 26 0 5 20 67 99 73 46 65 62 95 80 68 52 86 100 99 95 98 88 72 26 0 0 72 91 96 96 88 84 25 12 13 56 98 70 20 76 60 64 49 82 87 72 40 52 54 58 66 67 36 27 81 70 77 65 30 2 3 17 94 64 79 78 100 78 66 54 68
19 0 8 0 0 0 0 0 0 0 56 40 56 58 48 70 43 47 48 82 88 55 98 66 41 3 2 27 10 0 3 33 98 52 41 95 73 80 53 68 70 46 91 100 84 98 100 100 90 12 2 98 100 96 52 92 57 22 38 37 31 61 50 43 36 96 96 72 40 43 96 98 68 60 23 12 40 22 26 78 93 14 89 47 0 31 10 86 75 99 100 100 100 100 90 22
32 0 7 0 0 21 23 0 0 22 97 62 82 44 2 0 20 1 19 8 36 39 50 28 26 22 45 16 0 0 0 10 59 76 100 76 100 100 56 65 78 89 100 100 100 80 84 100 92 87 28 17 85 42 22 3 10 21 54 73 75 91 100 98 82 26 26 29 30 38 21 55 97 92 36 60 28 44 79 80 66 43 83 10 0 14 4 67 52 67 96 97 100 96 66 58
2 6 4 0 29 10 6 0 4 89 50 15 80 44 0 0 0 0 0 29 30 93 30 0 24 31 20 1 0 0 0 0 24 62 50 78 98 92 20 16 4 40 97 100 94 80 38 40 49 84 42 0 0 0 8 61 37 23 3 0 0 0 13 30 27 0 1 2 0 13 11 0 30 95 86 91 100 42 59 74 60 73 58 66 0 19 10 60 21 55 78 95 94 98 29 66
1 4 70 46 29 0 0 0 15 80 34 17 92 86 10 5 31 15 0 19 14 25 0 4 59 81 20 4 53 25 0 0 46 70 80 68 71 76 75 56 12 62 97 70 87 86 36 38 48 63 67 16 0 38 76 76 33 68 42 32 6 0 0 0 0 0 30 80 43 62 60 13 0 63 98 88 94 56 14 80 68 65 93 92 18 5 23 37 46 84 72 98 100 80 44 54
2 0 21 32 0 0 50 82 6 13 55 8 34 100 48 46 100 99 25 0 44 30 1 63 100 98 22 26 42 0 0 0 77 76 78 86 58 92 88 82 45 52 70 64 23 21 42 42 56 44 75 42 16 39 64 100 98 96 46 67 42 55 66 62 11 65 23 85 84 34 24 45 7 30 94 93 76 88 56 27 27 77 45 14 26 35 22 20 85 98 87 89 99 66 81 100
14 58 14 16 17 0 9 6 0 0 41 46 13 97 90 100 95 65 49 0 80 50 6 83 71 42 11 47 22 16 12 8 47 29 68 86 88 100 100 94 17 8 58 33 96 98 74 48 31 46 96 35 16 74 58 94 80 84 37 93 77 92 78 94 88 59 89 91 48 46 6 0 6 0 33 94 84 96 100 62 83 96 56 0 0 14 47 66 100 99 76 92 96 91 98 100
39 40 4 12 0 0 0 0 0 0 7 63 73 83 100 100 91 81 44 14 38 8 12 87 97 41 39 54 76 65 70 8 5 16 66 76 84 99 100 100 45 6 60 34 38 75 94 75 81 88 100 19 4 88 67 43 76 46 40 76 70 98 100 98 86 68 80 74 68 54 3 41 40 50 4 29 98 70 100 100 96 92 90 8 0 6 28 88 100 100 100 98 95 46 84 100
25 0 4 0 0 0 32 9 0 0 1 22 36 78 76 48 51 32 16 13 38 31 48 45 100 40 43 62 84 63 86 85 11 15 57 54 78 99 100 100 17 42 68 62 56 95 91 84 80 95 98 2 54 100 73 55 72 23 17 76 84 87 100 96 84 75 62 58 74 90 66 46 36 28 50 20 30 86 92 86 79 80 60 0 19 8 59 100 100 100 91 97 99 80 100 94
31 9 44 46 0 0 20 76 96 45 1 0 36 88 42 68 22 38 0 4 28 62 67 96 81 76 22 62 94 100 50 42 93 19 2 33 13 89 100 94 100 48 90 50 38 98 96 89 100 84 58 75 14 86 67 60 39 54 8 6 86 72 95 100 80 94 100 59 46 88 100 77 33 35 52 46 18 19 92 63 72 78 41 6 6 0 93 100 100 100 86 66 68 78 100 46
6 58 59 0 0 0 71 11 77 92 25 0 1 72 87 16 14 52 5 34 12 44 54 95 80 97 34 94 100 100 94 94 60 0 57 76 62 88 56 29 96 86 70 40 55 88 64 43 41 30 66 38 35 76 38 92 72 38 22 58 74 26 77 99 81 100 68 60 86 77 100 48 70 36 74 68 87 69 22 8 56 48 15 19 42 49 20 100 100 100 88 32 18 29 20 88
76 35 10 0 0 8 36 63 41 62 87 15 0 11 89 7 0 12 12 44 72 56 14 64 55 58 70 100 76 100 66 52 21 22 63 65 79 85 100 50 72 51 38 0 83 26 58 77 96 98 96 36 28 73 32 52 40 3 54 43 5 5 66 56 67 100 88 61 70 91 87 76 80 71 72 76 90 87 71 34 0 0 0 11 69 71 80 70 97 80 36 24 10 36 77 21
28 0 0 0 0 46 66 20 15 46 86 47 24 0 57 21 24 2 0 22 33 27 9 59 64 67 95 100 88 83 72 9 42 8 48 88 82 100 85 39 62 34 21 60 98 83 74 68 100 100 89 24 21 39 88 18 6 13 24 63 27 6 34 44 87 96 98 88 80 88 54 98 78 82 78 62 84 74 96 12 0 0 0 0 12 78 88 75 79 70 82 19 38 64 91 100
0 0 0 0 0 66 62 42 50 55 86 87 27 18 20 1 0 0 0 8 5 22 59 64 32 37 100 100 100 97 22 0 10 38 55 100 70 100 82 83 72 78 63 80 78 78 94 54 70 92 83 73 23 1 68 66 73 32 0 40 66 66 84 92 70 32 83 78 80 82 34 98 60 74 70 97 99 98 94 40 14 0 0 0 0 17 18 72 57 99 91 63 66 66 66 96
0 0 0 0 0 34 26 89 63 65 56 86 88 68 61 12 0 25 7 17 0 0 54 76 42 85 100 100 100 72 11 18 69 66 82 90 68 100 100 100 88 79 29 43 47 48 25 66 96 69 88 71 74 37 36 100 95 43 0 29 72 70 94 93 92 72 100 75 38 97 82 69 79 94 88 61 92 95 82 98 30 22 0 20 0 12 25 46 72 68 56 70 68 91 90 71
0 0 0 0 0 7 0 20 51 84 62 56 54 52 61 74 18 54 94 26 0 0 21 74 66 65 86 98 99 81 64 50 51 74 94 56 48 96 100 96 84 84 78 100 86 85 61 45 44 28 32 68 86 28 41 100 100 67 6 0 77 100 98 30 76 52 92 86 64 80 72 86 90 55 92 48 94 75 82 95 66 50 74 83 61 13 6 0 0 22 88 88 81 50 92 78
0 0 0 0 0 0 0 0 12 69 62 57 32 45 78 62 68 85 44 0 0 0 0 40 46 72 78 98 92 100 78 77 37 74 82 56 0 66 82 40 26 83 100 73 22 10 0 0 0 0 54 97 38 20 69 100 100 80 6 10 77 100 58 42 37 52 54 81 88 67 89 90 100 95 74 79 54 32 50 100 100 70 63 77 79 74 1 17 0 3 46 87 89 78 81 21
0 0 0 0 0 0 33 0 26 88 76 48 64 91 95 95 44 39 0 0 0 14 72 82 59 81 28 54 82 100 90 72 72 74 50 6 50 83 64 4 27 100 91 100 95 26 0 0 0 6 69 68 32 15 34 95 100 100 91 78 99 79 36 76 39 30 58 91 85 85 82 94 84 60 59 70 76 49 50 96 86 59 69 84 50 77 61 21 3 4 33 92 69 53 36 28
34 77 64 52 57 48 24 2 26 48 60 8 84 79 58 3 0 0 50 24 0 75 77 57 98 68 12 58 48 90 92 98 78 52 38 64 78 96 25 0 0 76 89 36 58 13 0 0 2 69 96 96 12 32 77 100 88 84 85 74 99 42 72 42 52 74 73 77 48 74 30 74 90 66 74 44 46 20 0 49 62 53 44 85 60 59 83 70 23 3 1 13 80 70 37 36
32 11 18 0 11 13 0 0 0 0 0 0 13 7 0 7 48 6 50 15 66 89 88 70 54 40 31 65 15 29 43 56 91 70 70 73 100 100 36 2 45 74 71 64 25 0 0 10 32 98 99 30 44 90 100 80 72 86 73 13 72 38 72 28 24 40 81 57 70 100 94 84 54 36 29 22 29 3 2 56 85 100 74 69 69 93 16 86 90 34 0 0 38 83 98 79
63 63 3 0 0 0 0 0 0 0 0 0 0 13 20 55 55 1 36 76 100 40 9 31 46 90 68 34 40 52 19 34 96 82 74 92 100 100 50 39 11 0 43 3 0 0 42 77 98 75 76 20 92 80 96 62 48 92 76 59 61 43 91 100 58 84 55 63 86 80 61 60 30 26 6 54 62 1 0 26 90 100 88 55 56 100 50 86 98 20 0 19 30 82 90 72
35 5 0 0 0 0 2 1 1 0 12 54 82 98 100 54 61 0 29 98 93 25 14 31 50 66 98 89 37 43 28 69 100 97 74 100 93 76 86 40 0 0 0 0 0 3 44 45 67 100 17 77 100 82 100 60 38 36 48 65 48 52 79 76 45 35 32 54 54 40 26 8 28 96 48 80 20 0 12 34 32 65 82 81 71 94 79 68 100 62 1 0 21 75 68 92
0 0 0 17 31 44 67 59 50 76 37 38 30 80 94 27 39 0 26 91 100 100 100 92 84 84 99 54 53 54 91 100 86 68 75 100 100 92 21 0 0 0 2 0 0 12 72 73 24 78 24 100 88 74 57 26 77 49 96 98 52 70 57 14 18 46 96 84 63 36 34 6 12 44 40 34 0 5 5 28 41 73 59 87 64 98 100 100 84 22 0 0 60 40 83 73
0 0 9 71 97 96 40 62 78 70 30 85 86 87 76 62 27 0 3 72 74 68 62 56 40 61 32 50 74 80 87 10 32 92 68 100 100 48 0 0 0 9 83 23 0 11 51 17 66 42 78 100 82 64 58 44 86 16 55 20 48 92 58 60 60 94 40 43 37 19 32 68 78 70 62 50 3 42 26 25 65 90 59 88 96 74 86 96 60 48 0 1 74 87 84 79
55 16 32 84 35 30 64 68 86 86 62 79 76 62 86 64 6 0 37 100 100 100 86 94 81 68 40 24 14 87 91 16 0 57 76 94 45 5 38 35 42 26 23 3 46 70 35 76 58 58 99 76 72 36 52 91 92 20 78 37 60 88 76 100 100 68 16 0 11 66 68 82 100 100 96 74 75 49 33 0 18 25 31 88 82 54 70 96 42 6 27 14 92 76 82 77
100 25 61 38 25 61 97 76 67 48 100 100 92 78 100 50 0 0 65 92 70 96 86 32 86 54 0 1 31 92 100 68 52 88 100 46 30 58 78 68 58 50 0 0 0 62 85 70 31 98 88 16 54 70 40 56 74 62 76 62 37 56 92 100 88 83 0 0 30 58 63 48 30 62 90 66 78 34 0 23 43 20 55 100 56 61 98 93 86 4 28 49 100 70 78 79
38 7 90 78 82 100 93 76 26 18 79 84 90 100 100 84 47 0 37 90 62 72 97 79 84 69 64 38 80 100 81 100 100 100 66 89 64 31 71 67 40 3 0 9 48 70 80 35 82 100 80 23 84 28 0 26 100 84 56 46 36 26 72 66 45 54 0 0 6 14 8 2 0 0 24 30 0 19 88 84 79 43 86 74 22 44 68 86 92 34 14 66 67 78 73 80
47 8 60 87 85 90 40 40 51 89 82 89 72 80 68 72 75 0 0 83 97 86 60 48 31 10 69 100 96 91 83 90 87 44 12 100 89 51 0 0 4 22 49 42 69 86 47 55 71 76 54 46 92 28 64 64 82 68 34 22 50 60 24 5 32 1 0 0 0 14 19 0 0 0 0 2 0 2 24 42 76 82 56 1 32 48 64 98 99 28 2 47 83 96 65 90
57 46 89 94 75 82 11 4 79 42 76 57 100 100 90 91 70 0 0 66 61 59 91 33 44 68 43 76 76 83 79 22 26 8 0 91 60 2 0 14 66 52 37 32 40 48 63 34 100 97 82 55 65 79 100 82 58 76 43 31 32 48 27 0 0 0 5 0 11 84 75 4 8 2 0 0 0 13 19 39 60 48 0 0 44 38 93 100 62 6 1 51 96 82 45 70
87 39 84 78 93 88 72 34 88 74 84 88 78 99 83 97 84 0 0 65 96 55 88 68 20 30 80 23 17 22 0 16 46 64 78 99 20 0 46 88 58 36 34 74 74 34 49 79 68 42 51 42 12 0 64 54 64 35 29 10 2 5 8 0 0 3 30 1 46 66 66 63 34 2 0 16 5 1 34 77 82 70 0 8 52 46 99 99 24 48 72 96 95 84 50 32
43 73 72 36 97 100 64 55 68 63 76 96 82 100 82 53 87 25 0 11 82 83 61 46 37 38 48 20 38 12 6 0 2 64 56 45 0 18 70 76 78 56 72 95 70 81 38 72 36 0 13 17 0 0 24 9 24 32 9 0 0 0 0 0 4 70 28 45 24 8 34 76 78 11 3 16 50 22 68 59 94 44 4 61 33 58 100 60 6 79 100 100 68 32 36 6
13 46 54 12 92 95 53 55 100 100 78 70 19 62 10 2 84 80 26 1 4 42 41 45 69 56 20 6 8 38 66 52 45 82 60 13 34 42 60 88 60 7 48 26 61 68 92 40 6 0 0 0 0 0 0 0 64 68 0 0 0 0 0 0 14 20 68 94 58 67 28 40 68 24 56 8 52 81 66 87 32 18 68 53 48 80 96 34 2 52 100 86 57 98 63 68
2 40 77 73 100 60 24 25 54 25 76 58 0 0 0 12 99 99 46 0 0 8 57 82 80 60 66 41 13 1 24 18 67 40 45 39 0 36 38 45 0 0 0 7 15 72 44 0 0 0 0 0 0 0 0 0 10 8 0 0 2 9 35 62 100 94 35 56 61 75 92 66 46 3 69 49 15 79 98 98 81 84 62 86 87 76 12 0 0 58 100 77 89 100 100 100
80 78 79 63 86 86 0 0 0 0 24 24 0 0 10 71 71 72 78 0 4 42 73 50 90 68 80 78 30 46 57 64 84 77 34 2 0 0 0 0 0 0 0 7 42 33 0 0 0 0 0 0 0 0 0 0 0 0 0 12 64 95 100 100 100 94 91 68 68 63 76 64 99 48 96 99 54 84 81 76 58 76 97 54 24 4 0 0 29 100 87 60 85 86 100 96
74 66 52 3 0 2 38 24 0 0 0 0 0 0 39 18 54 90 71 28 26 87 79 40 40 58 51 48 36 64 77 76 55 68 10 0 0 0 0 0 0 0 43 8 40 3 0 0 0 0 0 0 0 20 38 36 16 48 88 50 96 59 24 37 73 99 100 70 47 6 30 29 97 80 100 98 87 100 69 85 91 64 27 2 10 38 52 91 60 91 72 58 76 49 60 62
100 94 54 43 36 72 38 0 0 0 12 11 1 23 79 63 62 72 69 51 40 59 55 39 54 47 0 22 88 41 93 8 8 0 0 0 0 0 0 0 4 60 54 52 24 0 0 0 0 0 0 0 0 38 40 57 92 83 71 68 100 100 92 57 22 80 68 57 68 6 46 79 45 14 76 71 64 64 63 61 4 0 0 23 59 99 100 76 76 64 83 91 100 88 82 97
55 18 25 74 42 61 8 0 5 55 94 90 81 52 72 14 2 10 67 79 24 73 6 23 16 2 0 14 80 95 56 27 0 0 0 0 0 0 0 0 0 8 0 22 30 0 0 0 0 0 0 21 17 14 56 23 69 51 19 18 86 100 57 88 100 76 62 55 66 76 99 96 75 44 53 75 80 49 42 78 44 41 66 95 100 100 86 58 38 84 90 67 48 74 94 100
87 31 47 56 70 18 0 0 16 100 100 88 40 8 0 0 21 46 97 98 14 93 42 0 0 0 0 18 88 94 66 4 0 0 0 0 0 0 0 0 0 0 0 16 6 0 0 0 0 0 1 17 90 96 96 74 90 77 94 71 96 100 100 100 85 50 56 47 97 100 92 84 78 88 85 100 62 20 40 100 94 80 84 82 94 65 72 76 28 82 86 87 72 40 63 100
36 2 14 19 94 36 0 20 82 99 35 9 0 5 28 56 92 100 100 100 52 62 99 51 14 18 11 0 30 39 4 0 0 0 0 0 0 0 0 0 0 0 0 0 0 0 0 0 0 5 22 73 90 100 88 94 82 100 77 79 100 94 98 100 46 6 11 64 91 97 83 94 95 90 100 100 84 44 16 99 95 84 86 48 40 54 72 69 64 43 49 86 76 56 99 88
38 59 58 68 17 70 66 46 95 100 65 4 0 1 63 62 6 29 45 34 66 88 23 73 91 5 26 8 0 0 0 0 0 17 0 0 0 0 0 14 24 0 0 0 0 0 0 0 0 64 30 74 100 84 48 79 44 59 35 66 100 79 86 99 40 2 63 51 67 81 96 89 57 57 97 98 98 62 75 81 34 61 66 36 56 78 61 100 57 30 33 67 80 69 60 54
100 100 36 34 60 72 66 36 35 70 28 0 0 1 13 42 0 0 0 20 15 87 73 44 98 21 0 0 0 0 1 19 34 23 0 0 0 0 10 51 60 0 0 0 0 0 0 0 0 0 20 4 56 100 82 44 52 42 42 81 61 63 85 82 53 78 38 18 26 19 46 69 76 73 52 90 94 84 81 69 96 94 55 48 54 37 68 54 76 42 42 10 78 96 99 72
