data/habitatmaps/RS_maps/habitat_Prunella.collaris_2000.asc
NCOLS 369 
NROWS 228 
XLLCORNER 479000 
YLLCORNER 73000 
CELLSIZE 1000 
NODATA_value -9 
[rows 138 to 206 of 228, columns 192 to 287 of 369]
25 26 0 23 0 80 81 93 24 0 29 75 69 81 57 25 45 77 82 100 56 16 14 51 10 75 32 47 48 8 75 95 98 51 55 100 100 99 97 100 100 100 65 31 98 100 93 23 3 84 100 98 67 46 57 67 87 35 0 0 0 0 0 0 0 3 43 19 0 15 30 100 100 100 80 26 33 15 18 0 0 0 4 17 44 17 95 24 21 14 0 0 0 0 0 3
29 17 40 23 22 32 63 89 0 0 38 72 62 52 33 50 79 66 80 100 79 2 0 53 58 99 38 66 70 89 85 100 31 78 87 100 100 89 40 74 100 100 50 1 90 50 76 28 0 55 93 100 99 62 72 100 100 37 0 0 15 41 0 0 16 38 50 8 0 50 100 100 100 100 86 7 0 2 77 1 0 0 14 62 72 24 53 15 2 20 0 0 0 0 0 0
39 58 80 39 80 83 33 22 0 7 42 27 99 79 48 78 26 90 100 86 2 0 0 34 89 71 96 97 80 100 75 63 63 100 100 100 100 100 100 100 100 76 9 47 46 31 11 14 32 35 80 100 100 100 100 100 51 1 0 0 20 7 0 4 39 47 31 61 34 36 59 87 100 100 100 52 3 47 90 14 13 0 0 0 12 26 46 57 85 45 0 0 0 0 0 0
88 31 100 78 41 0 0 0 0 0 14 86 62 47 12 87 68 71 85 83 54 6 59 91 67 82 100 100 100 96 31 3 27 80 100 100 100 87 78 86 66 27 0 1 0 0 0 4 1 43 100 94 100 100 99 62 1 18 0 8 61 19 3 66 0 61 100 46 60 61 2 16 41 96 63 5 0 0 10 53 11 0 0 28 39 28 89 99 63 3 0 0 9 66 8 0
62 35 49 41 0 14 9 10 0 0 34 100 80 28 0 19 72 75 94 100 85 62 67 5 98 97 100 100 98 100 92 14 0 4 80 100 100 87 6 0 0 0 0 0 0 25 0 30 22 96 100 61 30 51 54 5 38 11 35 68 100 89 47 21 40 83 38 46 0 16 0 38 36 34 3 0 0 0 0 11 0 0 0 0 60 100 92 87 6 0 0 9 54 38 1 0
90 23 0 34 32 74 41 6 0 0 51 64 7 45 38 81 55 9 40 89 41 14 17 8 83 61 13 46 29 39 34 48 56 0 61 71 61 20 0 0 0 0 0 9 1 27 41 82 89 93 80 46 48 45 32 74 58 76 67 77 32 22 69 49 60 8 0 0 0 0 0 0 0 0 0 8 30 36 50 85 18 0 1 31 11 35 64 46 1 0 0 53 91 20 22 0
16 19 64 76 93 12 0 0 83 13 31 82 99 100 88 38 19 10 38 4 11 3 33 14 1 8 6 62 82 62 23 66 74 2 5 21 8 0 21 4 0 0 17 39 32 63 13 96 100 100 98 24 86 100 96 82 78 100 100 60 73 98 23 7 0 0 15 45 8 22 38 3 18 7 44 60 99 63 91 73 74 0 2 76 65 53 52 3 0 3 0 32 100 85 29 0
0 31 99 49 72 76 58 57 84 86 76 100 100 100 46 17 0 0 0 1 64 0 0 0 0 13 42 17 0 0 64 96 83 32 22 14 0 10 0 0 0 19 37 37 28 62 58 43 90 61 92 91 100 100 100 83 73 100 100 79 82 87 1 27 0 0 2 4 65 41 16 36 35 14 44 100 100 56 94 100 55 0 19 100 63 78 84 18 48 43 8 68 100 87 10 0
0 2 0 70 83 81 42 62 6 67 100 100 100 47 13 1 35 1 0 0 36 30 0 4 1 26 39 19 0 0 0 4 28 73 13 35 10 0 0 0 0 38 60 27 3 79 78 30 79 36 95 100 81 82 64 57 76 95 38 48 59 32 52 20 9 28 43 20 63 81 8 4 25 28 73 100 100 89 100 99 17 0 0 64 75 97 100 32 71 14 71 100 95 15 0 0
0 37 34 52 26 72 65 64 25 87 84 35 24 1 0 0 6 0 0 0 5 36 36 37 9 0 0 40 47 45 66 62 69 70 91 75 29 22 72 4 14 8 0 0 0 8 81 81 64 50 86 64 100 35 34 24 37 100 87 76 48 27 39 42 65 35 7 13 30 31 34 6 55 32 15 74 80 57 82 82 4 0 0 15 11 16 67 97 77 72 100 98 31 1 1 0
27 12 68 64 90 100 100 64 91 90 22 43 32 0 0 0 3 5 10 9 4 19 16 1 0 0 0 2 13 40 45 84 100 87 100 100 92 74 88 88 97 34 0 0 0 0 37 60 43 57 92 36 65 39 49 62 95 81 80 8 22 42 64 37 32 38 83 43 32 11 70 84 100 58 27 100 93 37 67 100 26 55 89 18 0 10 24 35 79 100 100 87 39 46 51 61
0 23 37 80 100 100 99 67 82 38 36 43 2 2 16 6 61 83 70 42 18 0 0 0 0 0 0 0 0 32 51 28 36 0 44 33 57 98 94 100 80 22 0 0 4 0 11 84 42 48 74 16 35 81 76 100 87 69 37 49 38 11 48 0 75 97 88 45 84 29 97 94 93 82 24 100 100 100 83 47 33 100 94 19 14 25 56 85 100 100 69 51 49 88 42 84
52 69 91 100 100 100 88 79 9 0 8 2 27 53 64 70 89 83 43 47 29 11 0 0 0 0 0 0 0 0 0 0 0 0 0 0 0 35 30 41 10 0 30 50 7 0 0 33 50 70 100 54 39 98 97 100 73 44 77 95 100 86 75 8 82 17 17 94 12 34 100 62 15 3 0 11 69 100 49 6 18 100 69 14 14 0 5 24 91 100 100 100 100 82 44 100
17 87 79 79 75 75 81 79 2 47 19 35 46 49 31 86 22 7 0 3 60 51 17 37 13 19 40 22 0 0 0 0 0 0 0 0 0 0 45 3 0 0 3 4 0 0 4 64 100 100 100 98 62 17 6 49 43 51 58 92 100 52 50 2 5 77 97 98 41 75 100 70 51 38 44 16 20 88 87 32 78 100 76 8 27 0 0 0 0 60 100 100 100 90 94 97
48 50 100 82 100 71 53 1 37 67 58 49 100 37 36 29 33 54 38 8 42 49 83 100 95 84 43 20 4 0 0 0 0 0 0 0 0 0 14 0 2 34 0 0 0 0 49 100 100 93 68 71 97 48 66 12 40 53 91 100 92 57 78 47 13 99 100 100 72 98 60 94 55 7 0 0 0 0 30 76 100 99 50 1 62 0 4 34 1 5 53 85 100 100 100 100
31 12 95 37 6 0 1 12 27 66 88 61 100 100 100 82 91 100 100 76 32 25 9 22 77 100 73 38 53 1 0 0 0 0 0 0 0 0 38 0 0 0 0 0 0 0 62 100 100 84 9 11 44 86 55 69 84 100 66 100 100 61 72 53 4 69 100 100 100 75 49 63 36 0 0 0 0 0 86 100 93 43 0 26 76 0 0 75 49 49 3 18 94 100 100 100
8 43 79 39 22 67 79 67 84 100 97 100 100 100 100 100 100 100 100 100 59 15 2 0 26 39 74 93 96 25 14 0 0 0 0 3 0 1 45 44 56 5 0 0 0 0 36 54 100 99 84 3 1 24 28 46 100 80 12 100 89 56 68 0 0 54 99 100 84 60 74 31 0 0 0 0 0 0 37 100 97 39 0 45 65 0 2 73 37 58 75 4 8 40 83 80
50 94 93 100 87 32 23 27 42 77 64 86 68 95 100 100 100 100 100 100 100 96 23 0 0 16 88 100 79 14 13 0 0 0 8 31 0 0 10 75 100 63 2 0 0 0 0 0 47 99 77 1 0 20 57 100 97 37 73 100 93 37 20 0 0 44 99 100 91 91 3 1 0 0 0 0 0 0 60 96 84 0 0 55 54 18 3 72 58 40 69 37 55 41 19 100
53 79 85 78 4 0 0 80 85 86 84 12 2 78 100 25 66 46 54 100 20 70 44 0 2 81 100 80 24 0 11 19 6 20 7 27 0 0 0 33 79 68 0 0 0 0 0 8 9 26 9 0 0 7 54 100 90 36 63 87 68 51 34 0 0 31 74 100 68 28 0 0 0 0 0 0 0 0 11 46 72 0 2 44 83 61 5 82 97 90 20 3 66 58 34 84
9 9 53 37 2 0 7 84 100 100 76 42 10 84 100 26 23 9 19 94 24 15 2 0 0 94 100 81 98 55 79 100 76 65 26 27 0 0 0 3 25 45 0 0 0 0 0 19 25 0 0 0 8 76 91 94 80 38 90 76 74 86 72 1 0 0 3 74 82 100 45 2 4 2 0 0 0 0 33 43 52 0 20 44 100 87 48 1 85 84 26 3 66 73 60 60
8 9 0 21 7 0 9 96 79 100 100 99 75 57 95 14 0 0 3 64 17 0 0 0 18 100 97 94 80 100 100 100 100 28 7 14 4 0 0 0 0 2 19 1 0 0 0 0 4 0 0 0 0 16 45 34 92 29 40 53 83 100 58 30 0 0 0 5 32 37 81 42 65 34 0 0 0 0 63 100 99 30 10 52 100 82 48 28 54 95 0 3 82 100 81 95
84 93 2 35 33 0 38 64 79 9 79 59 0 0 9 82 76 7 2 28 25 2 0 5 38 76 10 41 83 100 67 76 29 0 12 70 26 2 0 0 0 0 42 40 0 0 0 0 0 0 0 3 17 73 91 73 90 70 36 32 100 100 85 69 4 0 0 0 24 15 76 38 3 3 0 0 0 0 2 29 74 52 0 3 93 92 70 36 36 92 0 7 86 100 100 100
82 56 64 47 55 1 80 87 2 78 91 54 19 0 54 91 100 91 8 6 0 0 0 28 78 26 0 21 75 99 56 20 1 0 34 34 14 35 0 0 0 0 0 32 2 0 0 0 0 0 33 69 69 26 53 97 100 50 0 21 58 70 62 92 12 26 14 0 46 42 93 42 65 63 7 0 0 0 4 29 48 86 36 6 73 100 75 5 42 99 19 30 100 100 95 65
81 83 21 66 0 30 91 100 81 35 81 83 25 0 3 2 91 100 69 50 0 0 0 0 0 1 0 9 92 100 99 87 61 67 82 59 45 4 0 0 0 0 0 0 0 0 0 0 0 0 7 10 87 100 98 100 84 29 0 13 25 96 88 93 17 5 4 0 56 60 100 100 100 76 16 0 0 21 97 100 99 100 95 36 93 100 47 22 35 64 88 85 100 100 76 40
74 100 37 5 0 26 60 72 100 63 100 96 56 0 0 36 100 100 100 40 0 0 0 0 0 0 7 74 100 49 38 41 58 51 100 95 42 22 14 0 0 0 0 0 0 0 0 0 0 0 0 0 2 34 84 97 43 0 0 53 84 100 100 100 62 14 0 0 15 60 100 100 100 100 42 0 0 0 16 67 100 100 91 91 86 98 89 99 100 79 100 100 100 93 85 69
22 83 84 0 0 0 11 88 94 100 100 87 41 0 0 46 66 99 90 88 28 0 0 10 32 0 1 52 93 55 21 8 1 7 67 100 98 58 78 5 0 0 0 0 0 0 0 0 0 0 2 0 0 0 0 27 26 0 0 40 100 100 100 87 7 0 0 0 26 99 100 100 91 100 78 23 45 27 0 2 46 100 100 99 80 97 100 100 100 100 100 100 100 93 79 62
36 20 21 0 0 0 0 85 100 100 86 72 0 0 0 0 0 25 13 96 51 0 0 0 74 10 41 100 99 97 97 95 49 7 17 98 61 53 78 60 34 0 0 0 0 0 0 0 12 41 27 0 4 33 75 97 33 0 0 5 63 91 91 11 0 0 0 0 26 99 100 100 81 63 72 34 15 7 0 14 45 65 61 23 11 38 97 71 63 94 59 33 23 8 0 23
84 98 63 13 0 0 12 69 100 76 5 17 0 0 0 0 0 0 56 35 0 0 0 5 65 97 100 95 16 1 15 39 0 0 16 82 90 96 57 70 0 28 58 0 0 0 0 0 21 55 74 13 2 44 89 78 43 0 0 2 32 77 69 43 2 0 0 0 7 24 96 100 98 22 0 20 0 0 0 69 84 19 0 2 29 0 6 1 27 53 25 49 10 0 0 0
32 100 100 47 0 0 28 87 100 97 7 0 0 39 44 14 0 0 19 31 0 7 36 61 98 100 100 97 22 0 0 0 0 0 38 73 81 83 85 46 10 49 30 0 0 0 0 0 0 37 85 50 60 95 100 100 64 0 0 3 74 91 58 20 0 0 0 0 0 0 52 100 87 2 0 0 0 0 0 28 1 0 1 42 9 29 0 0 0 0 0 41 0 0 0 0
2 59 50 6 0 0 51 100 100 100 68 36 70 98 57 51 19 0 0 0 0 0 14 16 60 95 81 98 66 11 0 0 0 0 3 10 50 70 87 0 0 8 0 0 0 0 0 0 0 55 41 62 61 89 100 61 0 0 0 0 78 71 79 4 0 0 0 2 7 48 33 100 100 31 29 0 0 0 0 0 0 0 0 0 0 1 0 0 0 0 13 34 0 0 0 11
0 2 0 0 0 0 32 84 100 86 97 91 93 43 93 69 64 0 0 0 0 2 24 79 100 73 36 100 100 85 22 57 7 0 0 0 73 82 24 6 0 0 3 35 0 0 0 0 0 0 0 0 25 81 100 72 2 0 0 0 0 33 12 0 0 0 0 0 52 13 88 100 100 95 84 0 0 0 0 0 0 0 0 0 0 0 0 0 0 0 0 0 14 3 30 99
22 0 0 0 0 0 6 80 55 15 3 13 3 0 18 71 1 0 0 0 0 3 71 100 100 78 6 52 46 88 90 46 9 0 0 35 97 57 45 67 63 69 32 14 0 0 0 0 0 0 0 25 78 100 100 94 32 0 0 0 40 68 50 0 0 0 0 0 0 12 97 100 96 20 0 0 0 0 0 0 0 0 0 0 0 0 0 0 0 0 3 39 66 21 64 89
49 0 0 25 21 28 31 36 0 0 50 43 0 0 0 2 0 0 0 0 0 34 96 60 99 100 21 0 0 6 63 53 0 0 0 53 54 71 67 43 65 67 51 6 6 0 0 0 0 0 0 3 6 62 100 95 22 0 0 32 98 100 33 0 8 0 0 0 0 1 71 70 52 16 0 0 0 0 0 0 0 0 0 0 0 0 11 43 27 28 85 100 100 100 99 97
0 0 0 20 72 58 40 0 5 59 78 3 0 0 0 0 0 0 0 0 0 0 23 8 38 94 76 59 0 0 7 11 0 0 0 57 86 2 22 75 52 64 96 80 51 0 0 0 0 0 0 0 30 77 92 19 5 0 0 18 88 44 6 1 24 0 0 0 2 4 70 43 0 2 0 0 0 0 0 0 0 0 0 4 61 3 43 100 100 100 100 100 100 60 61 59
0 0 0 18 56 94 73 43 74 0 27 0 0 0 0 0 0 0 0 0 0 0 0 0 0 7 20 20 64 20 0 0 0 0 17 86 41 5 77 38 24 51 20 0 0 13 21 0 0 0 0 22 97 94 51 0 0 0 0 0 8 2 0 7 35 0 0 10 29 68 100 62 5 0 0 0 0 0 0 0 0 0 0 8 71 72 93 100 100 100 75 69 100 100 100 100
0 0 26 93 100 91 84 26 11 0 0 0 0 0 8 0 0 0 0 0 0 0 0 0 0 0 6 21 76 88 59 0 0 20 59 97 46 1 58 0 47 94 18 0 0 0 0 0 0 0 0 3 24 20 2 0 0 0 0 0 17 12 0 1 0 20 40 39 31 94 79 32 0 0 30 0 0 0 0 0 0 0 4 38 83 63 86 73 76 83 7 88 100 100 71 93
0 24 77 38 24 43 5 0 0 0 0 0 0 0 50 50 74 40 0 0 0 0 0 0 0 0 33 13 0 73 96 12 0 33 68 76 66 0 0 5 80 100 69 40 0 0 0 0 0 0 0 0 0 18 2 0 0 0 0 0 44 5 0 0 13 60 95 55 100 77 0 0 0 0 24 0 0 0 0 0 0 0 0 26 51 0 14 16 0 22 3 93 81 19 5 91
0 2 35 26 0 0 0 0 0 0 62 83 43 59 54 20 33 0 0 0 0 0 0 0 0 0 0 0 0 36 80 19 0 0 16 66 21 0 0 20 30 56 99 48 4 0 0 0 0 0 0 0 0 17 16 0 0 0 6 0 7 0 0 0 0 0 16 83 100 8 0 0 18 55 4 0 0 0 0 0 0 0 36 9 0 0 32 30 0 0 14 94 85 12 77 99
0 0 21 0 0 1 35 70 23 60 100 100 100 100 98 23 0 21 15 0 0 0 0 0 0 0 0 0 0 0 2 85 5 0 0 27 19 0 0 0 0 17 92 84 21 0 0 0 0 0 0 0 0 0 0 0 0 11 63 0 0 0 0 0 0 0 1 43 88 0 0 10 17 74 0 0 0 0 0 0 0 0 2 0 0 16 23 23 59 44 48 100 51 41 43 72
0 4 88 16 46 55 52 100 100 100 89 84 37 62 43 36 0 0 0 21 49 41 0 0 0 0 0 0 0 0 0 19 50 1 2 0 0 0 0 16 62 69 73 65 11 3 1 7 0 0 0 0 0 0 0 0 0 0 1 0 0 0 0 13 48 0 0 32 63 50 84 45 39 90 65 6 0 0 0 0 0 0 0 0 15 42 27 58 92 100 100 100 48 54 28 0
0 4 48 29 66 70 97 100 100 50 19 25 7 0 33 3 0 0 0 0 0 4 0 0 0 0 0 0 0 0 0 20 32 77 76 3 3 0 0 16 99 100 100 79 43 91 58 68 8 0 0 0 0 0 0 0 0 0 0 0 0 0 0 0 5 77 41 2 44 95 97 97 98 99 100 100 59 27 0 0 0 0 0 0 0 48 2 47 26 66 100 100 100 81 54 83
0 0 0 0 8 50 86 70 100 55 88 52 0 0 3 2 0 0 0 0 0 0 7 32 0 0 0 0 0 0 0 2 12 27 62 5 45 0 0 38 85 100 98 35 76 100 92 46 0 0 0 0 0 0 0 0 0 0 0 0 0 0 0 0 3 84 99 75 93 84 59 23 56 100 100 100 100 87 28 0 0 -9 0 0 0 24 1 0 33 99 84 24 89 100 100 98
0 0 0 0 14 85 51 20 88 69 35 20 10 0 37 16 0 0 0 0 0 0 25 27 14 0 0 0 0 0 0 0 0 62 45 2 0 0 0 0 13 65 60 91 100 89 26 60 0 0 0 0 0 0 0 0 0 0 0 0 0 0 0 3 46 52 83 100 94 75 8 0 3 63 99 39 88 89 10 0 31 -9 -9 0 0 2 0 0 16 47 42 27 71 73 81 100
0 0 0 0 5 0 2 16 55 69 0 0 22 21 12 3 0 0 0 0 0 0 0 64 22 0 0 0 0 0 0 0 16 48 45 46 25 1 0 0 0 12 1 58 68 8 0 1 0 0 0 0 0 0 0 0 0 0 0 0 0 0 0 53 71 100 100 100 51 96 57 75 29 28 36 0 25 33 0 4 -9 -9 -9 -9 -9 0 0 0 0 19 5 53 76 30 7 39
0 0 0 0 17 0 0 28 34 8 0 0 0 0 0 0 0 0 0 0 6 38 0 0 0 0 0 0 0 0 0 0 0 63 33 49 57 3 0 0 0 0 0 16 1 0 0 0 0 0 0 0 0 0 0 0 0 0 0 0 0 0 0 15 26 85 94 44 32 92 37 13 6 0 12 0 0 0 0 0 -9 -9 -9 -9 -9 -9 0 0 0 7 47 82 100 99 49 60
0 0 0 0 71 5 0 0 0 0 0 0 0 0 0 0 0 0 0 0 6 15 0 0 0 22 58 14 0 0 0 0 0 8 18 0 0 0 0 0 0 0 0 1 0 0 0 0 0 0 0 0 0 0 0 0 0 0 0 0 0 0 0 9 64 4 0 0 49 6 18 16 16 0 0 0 0 0 0 0 -9 -9 -9 -9 -9 -9 -9 -9 -9 -9 92 99 100 100 93 31
0 0 0 0 20 57 61 49 10 20 21 0 0 0 0 0 0 0 0 0 0 0 0 0 0 0 16 53 0 0 0 0 0 0 0 0 0 0 0 0 0 0 0 0 0 0 0 0 0 0 0 0 0 0 0 0 0 0 2 44 29 3 7 12 80 68 2 0 1 6 10 0 0 0 0 0 0 0 0 0 -9 -9 -9 -9 -9 -9 -9 -9 -9 -9 -9 -9 -9 -9 -9 20
0 0 0 0 65 52 14 29 5 25 0 0 0 0 0 0 5 4 0 0 13 1 0 0 0 0 0 0 0 0 0 0 0 0 0 0 0 0 0 0 0 0 0 0 0 0 0 0 0 0 0 0 0 0 0 0 0 6 20 55 8 63 84 73 91 26 0 0 0 39 8 0 0 0 0 0 0 0 0 -9 -9 -9 -9 -9 -9 -9 -9 -9 -9 -9 -9 -9 -9 -9 -9 -9
0 0 0 2 74 42 0 0 0 2 0 3 8 0 0 0 31 62 59 58 59 1 0 0 0 0 0 0 0 0 0 0 0 0 0 0 0 0 0 0 0 0 0 0 0 0 0 0 0 0 0 0 0 0 0 0 0 0 0 0 34 82 58 34 4 0 0 0 0 51 0 0 0 0 0 0 0 0 -9 -9 -9 -9 -9 -9 -9 -9 -9 -9 -9 -9 -9 -9 -9 -9 -9 -9
0 0 0 0 0 0 0 0 0 0 0 6 17 0 0 0 8 18 36 30 11 0 0 0 0 0 0 0 0 0 0 0 0 0 0 0 0 0 0 0 0 0 0 0 0 0 0 0 0 0 0 0 0 0 0 0 0 0 0 6 12 53 0 0 0 0 0 0 0 0 0 0 0 0 0 0 0 0 -9 -9 -9 -9 -9 -9 -9 -9 -9 -9 -9 -9 -9 -9 -9 -9 -9 -9
0 0 0 14 19 0 0 0 0 0 0 0 0 0 0 0 0 0 0 0 0 0 0 0 0 0 0 0 0 0 0 0 0 0 0 0 0 0 0 0 0 0 0 0 0 0 0 0 0 0 0 0 0 0 0 0 20 62 12 60 31 0 0 0 5 6 0 0 0 0 0 0 0 0 0 0 0 -9 -9 -9 -9 -9 -9 -9 -9 -9 -9 -9 -9 -9 -9 -9 -9 -9 -9 -9
0 0 0 18 34 0 0 0 0 0 0 0 0 0 0 0 0 0 0 0 0 0 0 0 0 0 0 0 0 0 0 0 0 0 0 0 0 0 0 0 0 0 0 0 0 0 0 4 8 0 0 0 0 38 19 1 25 100 79 46 0 0 0 0 1 17 33 10 0 0 0 0 0 0 0 0 -9 -9 -9 -9 -9 -9 -9 -9 -9 -9 -9 -9 -9 -9 -9 -9 -9 -9 -9 -9
-9 -9 0 0 0 0 0 0 0 0 0 0 0 0 0 0 0 0 2 27 0 0 33 36 27 40 3 0 0 0 0 0 0 0 0 0 0 0 0 0 0 0 0 0 0 0 0 14 11 0 0 0 2 65 89 70 68 95 49 8 0 0 0 0 0 0 0 0 0 0 0 0 0 0 0 0 -9 -9 -9 -9 -9 -9 -9 -9 -9 -9 -9 -9 -9 -9 -9 -9 -9 -9 -9 -9
-9 -9 -9 0 0 0 0 0 0 0 0 0 0 0 0 0 0 0 0 41 70 71 69 60 56 27 3 0 0 0 0 0 0 0 0 0 0 0 0 0 0 1 0 0 0 0 0 0 0 0 0 0 0 0 31 51 64 18 0 4 22 0 0 0 0 0 0 0 0 0 0 0 0 0 0 0 -9 -9 -9 -9 -9 -9 -9 -9 -9 -9 -9 -9 -9 -9 -9 -9 -9 -9 -9 -9
-9 -9 -9 -9 0 0 0 0 0 0 0 0 0 0 0 0 0 0 3 40 48 46 46 36 33 0 0 0 0 0 0 0 0 0 0 0 2 0 0 45 45 29 0 0 0 0 0 0 0 43 12 9 0 16 48 25 0 0 0 0 20 9 0 0 0 0 0 12 0 0 0 0 0 0 0 -9 -9 -9 -9 -9 -9 -9 -9 -9 -9 -9 -9 -9 -9 -9 -9 -9 -9 -9 -9 -9
-9 -9 -9 -9 -9 0 0 0 0 0 0 0 0 0 0 0 4 47 77 34 1 2 33 1 25 0 0 0 0 0 0 0 0 0 0 12 78 29 8 65 49 31 14 13 0 0 0 0 18 46 41 31 0 0 37 0 0 0 0 31 68 10 0 0 0 0 22 41 0 0 0 0 0 0 -9 -9 -9 -9 -9 -9 -9 -9 -9 -9 -9 -9 -9 -9 -9 -9 -9 -9 -9 -9 -9 -9
-9 -9 -9 -9 -9 -9 0 0 0 0 0 0 0 0 0 0 0 0 0 0 0 0 16 45 5 0 0 0 0 0 0 0 0 0 5 12 49 34 20 73 26 46 10 3 0 0 0 0 13 4 17 37 0 0 43 4 0 0 0 20 4 0 0 0 0 0 4 0 0 0 0 0 0 0 -9 -9 -9 -9 -9 -9 -9 -9 -9 -9 -9 -9 -9 -9 -9 -9 -9 -9 -9 -9 -9 -9
-9 -9 -9 -9 -9 -9 -9 0 0 0 0 0 0 0 0 0 0 0 0 25 0 0 27 14 14 0 0 0 0 0 0 0 0 27 15 0 0 0 33 44 17 0 0 0 0 0 0 0 0 0 9 6 0 0 0 0 0 0 0 0 0 0 0 0 0 0 0 0 0 0 0 0 0 -9 -9 -9 -9 -9 -9 -9 -9 -9 -9 -9 -9 -9 -9 -9 -9 -9 -9 -9 -9 -9 -9 -9
-9 -9 -9 -9 -9 -9 -9 0 0 2 2 0 0 0 0 0 0 0 0 2 0 0 11 0 0 0 0 0 0 0 0 0 0 0 0 0 0 0 61 46 19 0 0 0 0 0 0 0 0 0 0 0 0 0 0 1 0 0 0 0 0 0 0 0 0 0 0 0 0 0 0 -9 -9 -9 -9 -9 -9 -9 -9 -9 -9 -9 -9 -9 -9 -9 -9 -9 -9 -9 -9 -9 -9 -9 -9 -9
-9 -9 -9 -9 -9 -9 -9 -9 0 26 9 35 0 0 1 0 0 0 0 0 0 0 0 0 0 0 0 0 0 0 0 0 0 0 0 0 0 0 51 21 22 0 0 0 0 0 0 0 0 0 0 0 0 0 2 26 0 0 0 0 0 0 0 0 0 0 0 0 0 0 -9 -9 -9 -9 -9 -9 -9 -9 -9 -9 -9 -9 -9 -9 -9 -9 -9 -9 -9 -9 -9 -9 -9 -9 -9 -9
-9 -9 -9 -9 -9 -9 -9 -9 -9 3 49 41 74 56 51 52 0 0 0 0 0 0 0 0 0 0 0 0 0 0 0 0 0 0 0 0 0 0 24 13 0 0 0 0 0 0 0 0 0 0 0 0 0 0 29 60 6 0 0 0 0 0 0 0 0 34 8 0 0 -9 -9 -9 -9 -9 -9 -9 -9 -9 -9 -9 -9 -9 -9 -9 -9 -9 -9 -9 -9 -9 -9 -9 -9 -9 -9 -9
-9 -9 -9 -9 -9 -9 -9 -9 -9 21 0 1 7 44 49 17 7 0 0 0 0 0 0 0 0 0 0 0 0 0 0 0 0 0 0 0 0 0 26 0 0 0 0 0 0 0 0 0 0 0 0 0 0 8 33 83 4 0 0 0 0 0 0 0 1 62 18 0 -9 -9 -9 -9 -9 -9 -9 -9 -9 -9 -9 -9 -9 -9 -9 -9 -9 -9 -9 -9 -9 -9 -9 -9 -9 -9 -9 -9
-9 -9 -9 -9 -9 -9 -9 -9 -9 -9 0 0 0 32 79 61 55 0 0 0 0 0 0 0 0 0 0 0 0 0 0 0 0 0 0 0 4 8 3 0 0 0 0 0 0 0 0 0 0 0 0 0 16 77 38 21 0 0 0 0 0 0 0 0 0 0 0 0 -9 -9 -9 -9 -9 -9 -9 -9 -9 -9 -9 -9 -9 -9 -9 -9 -9 -9 -9 -9 -9 -9 -9 -9 -9 -9 -9 -9
-9 -9 -9 -9 -9 -9 -9 -9 -9 -9 -9 0 26 6 7 23 0 0 0 0 0 0 0 0 0 0 0 0 0 0 0 0 0 0 0 0 13 34 6 0 0 0 0 0 0 0 0 0 0 0 0 0 0 12 3 0 28 0 0 0 0 0 0 0 0 0 0 0 -9 -9 -9 -9 -9 -9 -9 -9 -9 -9 -9 -9 -9 -9 -9 -9 -9 -9 -9 -9 -9 -9 -9 -9 -9 -9 -9 -9
-9 -9 -9 -9 -9 -9 -9 -9 -9 -9 -9 -9 -9 11 39 76 0 0 0 0 0 0 0 0 0 0 0 0 0 0 0 0 0 0 0 0 0 14 0 0 0 0 0 0 0 0 0 0 0 0 0 0 0 0 0 0 0 0 0 0 0 0 0 0 0 0 0 -9 -9 -9 -9 -9 -9 -9 -9 -9 -9 -9 -9 -9 -9 -9 -9 -9 -9 -9 -9 -9 -9 -9 -9 -9 -9 -9 -9 -9
-9 -9 -9 -9 -9 -9 -9 -9 -9 -9 -9 -9 -9 -9 8 4 0 0 0 0 0 0 0 0 0 0 0 0 0 0 0 0 0 0 0 0 0 0 0 0 0 0 0 0 0 0 0 0 0 0 0 0 0 0 0 0 0 0 0 0 0 0 0 0 0 0 0 -9 -9 -9 -9 -9 -9 -9 -9 -9 -9 -9 -9 -9 -9 -9 -9 -9 -9 -9 -9 -9 -9 -9 -9 -9 -9 -9 -9 -9
-9 -9 -9 -9 -9 -9 -9 -9 -9 -9 -9 -9 -9 -9 -9 -9 -9 0 0 0 0 0 0 0 0 0 0 0 0 0 0 0 0 0 0 0 0 0 0 0 0 0 0 0 0 0 0 0 0 0 0 0 0 0 0 0 0 0 0 0 0 0 0 0 0 0 -9 -9 -9 -9 -9 -9 -9 -9 -9 -9 -9 -9 -9 -9 -9 -9 -9 -9 -9 -9 -9 -9 -9 -9 -9 -9 -9 -9 -9 -9
-9 -9 -9 -9 -9 -9 -9 -9 -9 -9 -9 -9 -9 -9 -9 -9 -9 -9 -9 0 0 0 0 0 0 0 0 0 0 0 0 0 0 0 0 0 0 0 0 0 0 0 0 0 0 0 0 0 0 0 0 0 0 0 0 0 0 0 0 0 0 0 0 0 0 -9 -9 -9 -9 -9 -9 -9 -9 -9 -9 -9 -9 -9 -9 -9 -9 -9 -9 -9 -9 -9 -9 -9 -9 -9 -9 -9 -9 -9 -9 -9
-9 -9 -9 -9 -9 -9 -9 -9 -9 -9 -9 -9 -9 -9 -9 -9 -9 -9 -9 -9 -9 0 0 0 0 0 0 0 0 0 0 0 0 0 0 0 0 0 0 0 0 0 0 0 0 0 0 0 0 0 0 0 0 0 0 0 0 0 0 0 0 0 0 0 0 -9 -9 -9 -9 -9 -9 -9 -9 -9 -9 -9 -9 -9 -9 -9 -9 -9 -9 -9 -9 -9 -9 -9 -9 -9 -9 -9 -9 -9 -9 -9
