data/habitatmaps/RS_maps/habitat_Fringilla.coelebs_2019.asc
NCOLS 369 
NROWS 228 
XLLCORNER 479000 
YLLCORNER 73000 
CELLSIZE 1000 
NODATA_value -9 
[rows 124 to 185 of 228, columns 0 to 95 of 369]
-9 -9 -9 -9 -9 -9 -9 -9 -9 -9 -9 -9 -9 -9 -9 -9 -9 -9 -9 3 40 100 100 100 93 65 91 21 12 18 0 7 62 77 91 59 60 37 62 92 14 64 51 30 68 30 1 8 71 65 37 3 2 0 0 0 25 20 21 26 0 0 0 9 0 35 30 11 41 1 16 67 26 30 11 63 12 49 46 53 0 15 59 39 21 11 27 13 9 28 17 61 13 10 33 47
-9 -9 -9 -9 -9 -9 -9 -9 -9 -9 -9 -9 -9 -9 -9 -9 -9 -9 2 47 83 100 100 90 40 71 18 0 0 2 49 87 90 95 36 60 61 33 56 91 15 72 59 34 70 82 85 95 99 98 29 58 13 0 0 6 30 27 64 39 0 19 48 8 41 19 49 16 28 39 42 38 20 46 0 25 41 41 3 53 45 7 59 80 6 17 5 28 34 21 38 7 10 27 41 23
-9 -9 -9 -9 -9 -9 -9 -9 -9 -9 -9 -9 -9 -9 -9 -9 -9 44 80 100 100 100 83 19 4 65 16 5 50 78 60 77 89 66 61 55 31 67 87 100 80 56 82 53 85 75 89 42 88 60 27 59 28 0 21 0 0 23 50 57 9 63 12 9 47 19 13 0 28 71 8 0 40 40 24 29 26 56 19 0 32 69 71 29 34 28 0 5 25 18 7 24 58 17 26 56
-9 -9 -9 -9 -9 -9 -9 -9 -9 -9 -9 -9 -9 -9 -9 -9 48 97 100 100 93 49 6 23 30 57 62 88 76 54 91 100 79 52 67 66 80 99 59 71 66 37 77 75 70 12 20 13 56 7 9 16 0 3 88 8 17 60 41 10 24 61 0 5 40 51 21 31 0 10 44 22 1 49 87 44 23 18 44 9 30 49 26 0 21 29 9 5 0 17 17 31 4 43 68 32
-9 -9 -9 -9 -9 -9 -9 -9 -9 -9 -9 -9 -9 -9 -9 39 100 100 98 81 54 47 82 88 8 25 100 68 72 99 100 62 32 53 82 71 100 96 73 97 89 87 60 77 59 14 72 45 9 11 0 0 0 7 21 6 49 59 37 56 38 46 33 31 18 59 34 16 42 4 40 16 22 61 65 36 9 0 2 27 3 1 0 0 13 29 37 32 29 40 35 41 35 7 26 38
-9 -9 -9 -9 -9 -9 -9 -9 -9 -9 -9 -9 -9 13 57 77 98 99 71 75 85 37 54 31 69 91 86 99 91 70 89 70 81 96 65 70 98 100 86 20 19 70 63 88 78 78 97 70 8 8 28 0 0 0 16 92 42 70 34 47 25 0 27 37 41 73 41 16 41 22 21 8 35 21 29 13 31 4 0 9 13 41 0 2 39 4 41 18 32 36 63 61 27 31 24 26
-9 -9 -9 -9 -9 -9 -9 -9 -9 -9 -9 -9 6 66 58 100 100 70 70 34 10 17 29 65 92 94 40 41 69 80 68 76 98 79 67 66 95 67 40 21 32 35 58 61 58 13 12 69 11 43 18 9 0 0 20 65 19 16 36 71 11 8 58 0 11 51 35 11 38 20 66 54 19 14 13 4 33 25 5 33 39 14 3 28 3 0 16 37 42 90 100 61 1 38 25 5
-9 -9 -9 -9 -9 -9 -9 -9 -9 -9 -9 48 84 77 86 98 70 43 0 0 5 46 97 82 73 76 61 68 96 80 97 84 57 71 38 36 71 83 60 47 40 40 45 85 66 35 78 100 73 16 24 2 0 2 7 30 4 40 54 17 9 78 22 13 82 28 0 6 0 11 52 43 38 19 28 1 25 37 2 20 7 15 31 0 6 29 1 15 12 3 34 0 20 15 0 0
-9 -9 -9 -9 -9 -9 -9 -9 -9 -9 69 91 83 88 40 11 39 14 37 60 91 52 96 43 51 76 94 84 100 94 72 42 53 18 30 31 39 78 8 58 72 70 88 10 49 100 100 97 99 70 11 19 4 27 90 50 9 12 50 12 12 51 0 35 62 1 7 19 30 24 64 74 45 64 17 2 21 41 0 0 0 11 10 24 17 29 22 63 67 10 23 34 19 0 0 25
-9 -9 -9 -9 -9 -9 -9 -9 -9 -9 41 44 100 27 2 40 16 36 67 99 84 49 84 67 92 78 100 100 98 79 40 33 26 30 11 58 86 94 58 49 38 92 20 57 93 95 36 23 44 95 23 49 83 84 25 13 5 1 0 45 0 26 1 25 55 21 0 15 59 74 13 26 15 13 34 51 40 17 9 0 2 0 0 29 1 24 38 77 33 24 42 57 47 31 43 19
-9 -9 -9 -9 -9 -9 -9 -9 -9 61 91 85 59 66 27 31 41 98 100 100 97 83 59 87 80 98 100 100 100 50 38 23 24 1 67 95 74 79 79 90 80 55 2 73 59 12 13 20 46 16 9 59 8 71 26 27 7 22 26 48 7 20 35 32 30 24 11 62 44 27 26 27 5 51 13 61 8 27 5 0 27 26 12 2 0 9 36 68 94 33 0 13 21 6 20 0
-9 -9 -9 -9 -9 -9 -9 -9 93 35 23 0 17 47 75 95 100 100 100 100 94 68 88 94 95 100 100 100 100 53 37 7 3 64 44 35 78 80 92 89 57 11 60 76 12 21 1 24 43 26 0 0 36 21 1 18 23 5 29 48 44 39 9 49 22 48 12 65 8 32 19 16 50 6 31 1 37 20 2 0 1 10 3 0 13 19 26 48 56 2 1 57 33 5 25 20
-9 -9 -9 -9 -9 -9 -9 -9 23 27 5 0 0 31 96 100 100 100 99 100 94 54 81 100 100 100 100 86 58 46 7 36 69 99 53 40 45 34 81 96 99 63 72 3 2 42 25 2 15 0 0 0 36 0 0 0 0 0 0 26 49 25 35 23 36 22 36 46 46 55 32 1 38 0 51 22 24 4 52 17 4 0 0 2 13 29 3 0 2 0 17 32 3 25 2 12
-9 -9 -9 -9 -9 -9 -9 -9 21 61 7 0 26 95 100 100 100 100 64 99 65 66 100 100 100 100 100 26 33 5 29 29 30 52 44 40 99 90 100 88 39 35 28 6 13 18 13 45 43 23 16 11 30 0 57 17 20 3 9 30 28 18 0 49 46 64 64 4 34 26 30 33 9 0 1 61 65 42 54 36 22 6 3 33 0 19 30 14 32 7 28 71 63 41 0 16
-9 -9 -9 -9 -9 -9 -9 -9 86 35 12 57 100 100 100 100 90 61 50 96 67 99 100 100 100 100 40 42 59 14 32 6 0 56 76 68 100 100 100 30 3 0 0 30 17 1 17 46 27 61 62 7 12 6 33 46 60 19 42 56 43 24 11 63 95 98 22 1 11 11 2 30 12 32 1 28 16 39 25 7 17 36 29 11 6 12 0 18 17 25 46 85 84 81 9 38
-9 -9 -9 -9 -9 -9 -9 62 53 28 90 100 100 100 100 69 51 36 22 69 96 100 100 100 100 99 45 8 46 53 81 68 71 43 16 38 94 100 92 44 9 24 49 94 36 0 0 8 0 25 59 15 0 0 6 9 1 33 22 32 36 44 60 50 71 72 44 0 13 36 9 79 9 18 12 1 5 4 25 1 0 37 36 2 68 53 24 28 41 13 9 24 69 77 69 39
-9 -9 -9 -9 -9 -9 -9 36 57 71 100 100 100 100 100 93 85 75 9 35 100 100 100 100 77 31 48 62 100 100 76 84 28 0 10 94 74 100 60 7 0 53 31 2 92 52 9 20 5 8 27 60 1 14 6 15 31 11 59 57 23 61 48 77 100 100 14 15 27 44 0 77 16 38 62 10 24 32 69 12 8 13 0 60 96 90 46 81 49 20 12 59 2 11 9 51
-9 -9 -9 -9 -9 -9 -9 41 17 93 100 100 99 72 85 100 87 17 33 98 100 100 100 100 67 46 34 100 66 47 50 22 0 0 20 69 100 100 22 2 52 49 12 8 52 18 6 25 7 23 47 32 0 28 33 32 68 48 22 88 96 93 87 100 100 99 51 53 40 3 0 8 14 10 29 16 16 3 0 0 23 1 4 93 85 72 92 100 81 23 0 19 10 36 47 84
-9 -9 -9 -9 -9 -9 -9 37 87 98 87 92 33 46 92 84 31 17 88 100 100 100 100 80 43 5 61 76 60 0 24 3 0 56 100 100 96 39 8 8 84 47 9 25 5 0 0 33 24 17 47 49 4 74 84 68 62 48 82 85 54 61 92 91 92 78 36 38 44 17 33 0 0 3 18 0 0 0 0 0 0 0 8 58 41 95 100 100 71 20 33 63 53 56 58 73
-9 -9 -9 -9 -9 -9 -9 98 100 100 90 65 50 80 60 31 55 91 100 100 99 100 94 34 1 25 100 84 84 39 62 0 11 94 100 90 28 0 0 10 80 95 95 35 0 4 9 4 4 27 55 19 0 27 63 92 70 18 53 12 57 71 87 49 85 100 100 66 37 62 21 0 31 64 21 27 0 9 8 1 0 48 60 80 52 100 100 100 60 80 63 47 19 66 7 61
-9 -9 -9 -9 -9 -9 -9 99 100 100 100 100 57 51 78 46 79 100 100 100 76 93 96 28 49 53 100 82 49 38 87 87 45 95 100 68 21 0 0 17 6 34 69 38 41 9 13 28 0 2 12 84 64 4 81 83 66 8 15 83 32 81 92 94 83 25 33 37 44 74 73 25 27 20 45 60 52 10 22 0 0 8 55 41 87 100 56 73 47 73 20 65 46 8 9 81
-9 -9 -9 -9 -9 -9 -9 100 100 100 100 98 63 77 37 45 100 100 100 100 100 92 23 82 35 73 98 71 29 81 44 78 100 100 100 28 1 0 28 62 44 55 54 16 4 0 1 15 22 1 32 36 48 74 58 66 99 83 34 74 93 88 100 73 38 34 31 0 0 1 1 24 31 19 3 5 0 26 27 0 0 0 50 38 27 58 72 60 10 0 30 9 72 28 0 59
-9 -9 -9 -9 -9 -9 -9 100 100 99 84 100 100 63 27 95 100 100 100 100 100 79 70 50 85 100 67 11 92 95 100 100 100 100 69 24 61 6 2 96 100 97 69 2 0 0 8 6 5 0 18 7 48 30 12 83 86 90 61 32 60 100 90 30 18 17 16 37 0 5 28 58 54 0 23 76 34 42 59 2 0 3 39 54 59 75 64 33 3 23 13 51 72 21 50 52
-9 -9 -9 -9 -9 -9 100 100 85 57 97 87 100 75 97 100 100 100 100 86 46 74 58 98 100 87 14 55 100 100 100 100 100 85 47 52 4 12 45 99 76 32 29 2 0 4 35 24 1 16 15 14 81 35 87 32 46 43 20 50 75 81 81 70 23 38 8 3 1 0 19 44 0 3 0 36 22 0 15 16 1 4 65 59 57 62 56 9 26 66 84 87 54 25 62 29
-9 -9 -9 -9 -9 70 100 79 65 85 54 96 100 74 100 100 100 100 79 3 44 70 94 99 68 59 16 85 100 100 91 95 95 18 15 25 38 35 93 51 14 0 22 37 0 11 33 39 17 52 63 40 71 53 60 6 14 53 49 11 73 100 100 100 26 33 0 11 38 16 10 4 33 55 38 3 39 25 57 45 65 22 61 95 100 97 67 43 19 71 81 48 49 31 54 42
-9 -9 -9 -9 -9 90 74 59 75 37 100 100 99 61 92 100 100 79 4 17 67 100 92 49 94 61 16 91 100 99 27 44 55 25 47 26 46 50 61 55 11 0 5 10 0 5 9 34 88 58 48 69 72 83 50 0 0 1 61 68 100 100 100 87 68 21 0 34 58 12 0 0 22 54 9 13 10 21 45 41 19 2 79 35 57 54 50 11 0 14 64 18 29 34 16 54
-9 -9 -9 -9 -9 42 85 100 82 91 100 92 74 74 80 99 53 5 1 83 89 100 84 96 63 65 75 100 100 73 29 8 64 41 0 0 37 73 0 11 41 26 21 29 0 35 33 55 27 0 0 9 9 48 3 0 0 0 1 1 6 13 30 56 25 58 37 0 24 53 0 0 36 47 44 24 51 67 3 77 64 84 72 87 47 54 15 0 0 14 54 40 21 22 3 3
-9 -9 -9 -9 -9 100 57 46 98 80 51 91 96 76 78 72 10 0 38 85 80 100 95 56 32 90 88 100 69 2 0 41 71 43 0 0 3 23 8 5 86 14 11 10 29 19 22 4 0 0 0 0 0 0 0 0 0 0 0 0 0 0 0 0 5 29 31 11 46 39 21 18 28 64 67 34 44 41 40 35 70 75 87 87 87 36 13 26 36 42 17 27 66 58 50 0
-9 -9 -9 -9 99 79 34 49 72 75 80 70 69 88 29 71 2 1 68 9 79 67 72 66 83 79 94 70 52 32 16 79 100 44 22 9 30 53 62 0 0 0 30 3 0 66 20 0 0 0 0 0 0 0 0 0 0 0 0 0 0 0 0 0 0 0 33 12 1 34 29 21 15 19 84 58 6 31 38 51 92 64 39 88 39 8 0 0 37 59 22 76 49 41 18 0
-9 -9 -9 -9 49 61 7 29 49 92 76 55 77 85 71 12 0 26 44 34 100 74 97 74 88 76 66 87 31 13 0 36 100 83 65 35 32 3 23 2 0 0 29 11 58 50 4 0 0 0 0 0 0 0 0 0 0 0 0 0 0 0 0 0 0 0 0 0 0 2 33 27 45 42 94 81 34 34 25 49 55 33 73 49 78 0 17 25 30 21 82 35 54 21 64 34
-9 -9 -9 -9 3 60 27 9 80 81 78 62 69 53 54 5 43 22 53 82 51 53 74 64 86 100 100 42 50 46 6 21 96 31 0 25 69 41 40 1 18 31 59 24 7 0 0 0 0 0 0 0 0 0 0 0 0 0 0 0 0 0 0 0 0 0 0 0 0 0 0 0 0 36 71 74 90 68 97 96 52 21 59 56 85 31 0 38 44 58 85 30 70 35 33 77
-9 -9 -9 -9 51 54 94 91 46 91 100 97 84 96 35 36 61 84 34 68 82 81 62 46 39 71 87 22 47 51 2 38 56 22 0 40 50 0 0 0 9 3 0 0 0 0 0 0 0 0 0 0 0 0 0 0 0 0 0 0 0 0 0 0 0 0 0 0 0 0 0 0 0 0 19 53 96 27 67 100 74 81 32 57 99 44 12 56 85 32 60 86 64 44 48 32
-9 -9 -9 -9 65 90 99 51 34 84 90 83 100 75 86 97 51 43 72 78 93 89 100 69 69 100 76 37 72 57 8 8 8 0 0 0 0 0 0 0 0 0 0 0 0 0 0 0 0 0 0 0 0 0 0 0 0 0 0 0 0 0 0 0 0 0 0 0 0 0 0 0 0 0 0 0 83 80 33 92 66 57 31 67 69 20 16 95 97 54 3 30 55 65 64 38
-9 -9 -9 78 74 100 98 71 99 76 100 100 86 64 96 96 21 31 81 81 76 75 100 100 100 98 64 60 92 32 0 14 8 16 0 0 0 0 0 0 0 0 0 0 0 0 0 0 0 0 0 0 0 0 0 0 0 0 0 0 0 0 0 0 0 0 0 0 0 0 0 0 0 0 0 0 8 24 81 87 99 71 85 93 83 8 0 57 96 51 22 0 12 81 55 27
-9 -9 -9 100 100 99 63 61 61 84 91 63 69 94 99 58 16 54 3 54 70 100 100 100 100 54 9 2 5 33 58 32 41 32 0 0 0 0 0 0 0 0 0 0 0 0 0 0 0 0 0 0 0 0 0 0 0 0 0 0 0 0 0 0 0 0 0 0 0 0 0 0 0 0 0 0 0 0 0 9 69 79 100 100 91 2 0 19 56 57 44 7 42 16 10 16
-9 -9 -9 100 82 47 51 48 91 77 46 93 96 81 69 36 5 12 61 100 100 100 100 90 95 28 12 0 11 0 28 70 28 0 0 0 0 0 0 0 0 0 0 0 0 0 0 0 0 0 0 0 0 0 0 0 0 0 0 0 0 0 0 0 0 0 0 0 0 0 0 0 0 0 0 0 0 0 0 0 14 89 100 100 96 70 42 0 9 72 34 27 35 63 0 17
-9 -9 -9 48 75 74 66 55 89 24 88 89 79 88 62 35 24 55 82 100 100 100 64 46 27 26 31 0 20 3 36 65 1 0 0 0 0 0 0 0 0 0 0 0 0 0 0 0 0 0 0 0 0 0 0 0 0 0 0 0 0 0 0 0 0 0 0 0 0 0 0 0 0 0 0 0 0 0 0 0 0 55 100 81 100 100 36 23 26 62 55 59 95 28 16 10
-9 -9 -9 -9 89 47 29 59 52 54 75 44 76 49 54 97 93 100 100 100 100 59 0 21 9 0 26 14 29 70 15 31 0 0 0 0 0 0 0 0 0 0 0 0 0 0 0 0 0 0 3 0 0 0 0 37 67 70 55 62 62 51 25 37 86 85 61 36 11 0 0 0 0 0 0 0 0 0 0 0 0 24 97 94 100 69 19 17 52 66 41 56 71 0 0 2
-9 -9 -9 -9 42 32 39 48 93 93 46 65 5 69 100 100 100 100 100 100 97 22 0 24 1 0 13 90 92 41 7 5 0 0 0 0 0 0 0 0 0 0 0 0 0 0 0 6 54 1 72 33 6 26 44 100 100 91 82 90 84 90 86 89 33 81 69 89 95 45 7 1 1 0 0 0 0 0 0 0 0 41 49 100 78 25 24 36 67 31 19 72 5 0 0 12
-9 -9 -9 -9 35 68 95 24 5 33 79 34 77 97 100 100 100 100 100 78 10 22 0 13 0 27 7 49 44 2 0 0 0 0 0 0 0 0 0 0 0 0 0 0 0 0 0 27 85 19 90 83 75 53 81 69 37 47 61 43 31 36 80 73 71 77 90 98 100 97 97 98 74 23 7 16 21 2 34 40 60 61 52 100 98 87 35 1 2 0 2 2 0 0 0 26
-9 -9 -9 -9 51 66 17 21 67 77 64 85 100 100 100 100 100 100 99 50 2 28 23 34 4 13 30 46 3 0 0 0 0 0 2 12 0 0 0 0 0 0 0 0 0 0 6 85 100 29 79 8 60 65 63 37 60 4 21 22 10 81 46 90 69 65 40 63 67 100 100 100 100 100 57 70 95 22 60 33 32 39 68 100 65 29 0 0 0 1 34 43 16 28 52 0
-9 -9 -9 -9 -9 49 40 97 59 65 88 54 100 100 100 100 100 98 53 4 48 56 12 30 38 0 45 4 0 0 0 0 9 51 66 70 11 0 0 0 0 0 0 0 9 37 53 61 100 39 21 24 78 50 35 7 13 0 31 59 54 27 30 54 65 68 33 18 33 56 75 88 100 95 100 100 64 1 37 3 15 50 100 79 21 45 4 0 0 41 80 27 44 40 54 19
-9 -9 -9 -9 -9 -9 83 92 67 100 35 79 100 100 95 72 36 68 34 59 74 58 20 52 14 28 59 0 0 0 0 7 66 22 37 69 36 26 0 0 0 29 58 66 66 75 75 86 96 100 71 13 32 13 10 7 0 11 4 16 32 34 34 74 72 99 26 16 85 60 86 47 30 0 61 100 98 32 43 27 0 47 92 56 76 65 32 0 24 46 65 52 100 65 22 64
-9 -9 -9 -9 -9 -9 98 72 100 84 47 100 100 62 57 4 30 24 71 96 86 16 46 50 0 0 0 0 0 0 0 47 44 54 23 44 52 29 11 0 21 62 13 4 44 18 70 91 91 72 100 61 23 19 21 45 1 30 60 64 79 75 87 52 84 20 0 3 27 76 5 0 0 0 60 100 100 47 27 4 0 56 96 100 77 80 56 6 31 28 66 74 25 35 60 64
-9 -9 -9 -9 -9 -9 92 80 94 8 49 100 100 33 83 19 0 38 64 4 7 4 43 10 1 8 0 0 0 0 7 73 89 83 73 88 77 44 36 39 55 21 22 41 43 39 82 68 43 52 82 95 93 42 -9 -9 -9 46 42 31 79 93 28 66 87 45 0 0 0 2 0 0 0 21 57 99 100 100 47 2 0 9 53 69 93 96 39 83 34 71 96 36 41 72 66 100
-9 -9 -9 -9 71 94 52 78 15 0 45 95 89 28 70 2 18 5 45 11 34 72 20 28 56 50 0 0 0 16 77 91 39 30 19 32 35 38 59 87 40 11 36 40 44 85 88 15 33 56 68 90 -9 -9 -9 -9 -9 72 64 33 34 73 76 63 28 39 18 23 0 0 0 0 0 10 72 80 66 100 96 27 25 15 30 59 57 77 58 58 81 96 76 53 18 15 3 46
-9 -9 50 47 92 49 70 40 0 1 67 99 34 15 42 74 48 38 18 2 44 39 0 96 100 15 0 0 0 1 50 61 39 18 25 34 17 74 42 66 48 67 100 59 60 20 30 0 18 56 -9 -9 -9 -9 -9 -9 -9 -9 100 83 41 47 71 94 62 53 26 44 19 0 0 4 22 67 81 99 100 100 41 0 0 33 1 24 58 83 88 99 86 72 97 17 0 0 0 0
-9 44 51 95 39 57 79 10 0 59 100 100 64 38 17 30 5 33 41 30 72 28 9 100 52 0 0 0 19 37 5 41 47 75 19 83 100 100 82 74 100 100 87 49 23 0 2 29 52 -9 -9 -9 -9 -9 -9 -9 -9 -9 72 60 91 65 37 76 83 83 86 27 5 68 42 14 6 26 67 61 71 91 66 0 0 26 0 65 62 74 100 51 90 81 50 0 30 0 0 10
50 54 45 71 43 83 41 0 9 97 100 77 5 0 29 10 9 38 28 76 86 56 64 72 0 0 0 0 65 47 67 31 40 50 48 42 45 47 19 89 100 63 24 52 16 -9 -9 -9 -9 -9 -9 -9 -9 -9 -9 -9 -9 -9 96 66 100 86 95 87 73 85 26 0 4 50 97 84 10 28 46 80 99 78 100 51 0 0 0 53 27 59 78 87 70 52 69 70 25 7 58 69
53 64 91 59 89 75 36 6 73 100 75 17 6 0 35 56 8 52 63 100 64 23 48 3 0 0 0 28 14 76 62 93 54 34 3 42 9 25 70 100 75 8 0 3 1 -9 -9 -9 -9 -9 -9 -9 -9 -9 -9 -9 -9 -9 100 68 80 58 84 76 70 42 41 46 46 72 69 74 73 52 1 30 85 100 100 68 7 0 0 1 34 56 77 100 61 73 100 99 46 56 75 34
56 36 64 100 93 100 68 11 96 100 100 75 51 52 31 57 35 46 74 23 80 44 60 61 0 0 0 25 28 1 44 93 100 30 36 17 88 65 37 71 73 51 25 2 34 -9 -9 -9 -9 -9 -9 -9 -9 -9 -9 -9 -9 -9 -9 74 65 63 74 49 50 72 54 69 71 42 60 46 83 75 34 9 32 97 100 83 0 0 0 0 53 7 42 61 27 89 94 78 96 59 17 16
38 44 97 100 100 70 8 89 100 99 62 12 19 2 36 5 0 23 46 1 34 41 89 54 0 0 0 25 0 1 72 74 71 76 50 55 81 8 49 27 28 14 21 34 53 -9 -9 -9 -9 -9 -9 -9 -9 -9 -9 -9 -9 -9 -9 -9 100 93 64 42 64 41 89 91 69 67 44 70 76 56 41 47 33 2 83 99 98 43 14 8 0 1 0 1 38 71 86 100 100 98 68 77
78 100 100 93 43 1 61 100 98 70 9 28 7 44 18 0 3 57 44 34 17 51 51 19 0 0 6 41 12 16 62 56 80 55 53 45 20 30 79 50 42 5 48 91 100 91 -9 -9 -9 -9 -9 -9 -9 -9 -9 -9 -9 -9 -9 -9 100 54 28 68 43 63 31 46 51 39 35 4 80 96 54 62 41 43 97 51 81 100 93 63 9 27 18 0 40 17 48 68 100 72 75 51
59 99 74 50 2 1 89 71 42 49 37 5 19 15 2 0 71 59 44 68 12 80 25 2 0 25 55 34 0 4 31 70 100 66 34 20 44 58 40 39 55 84 94 100 100 65 -9 -9 -9 -9 -9 -9 -9 -9 -9 -9 -9 -9 -9 -9 -9 100 58 81 10 35 49 47 51 13 0 4 56 73 73 86 29 67 42 17 87 100 100 85 27 25 11 25 91 96 100 97 63 79 92 99
83 58 56 97 17 86 99 94 63 33 13 54 100 43 71 34 57 19 43 48 55 100 16 0 0 64 18 3 23 0 1 13 86 59 12 42 68 63 65 91 66 71 58 100 100 66 -9 -9 -9 -9 -9 -9 -9 -9 -9 -9 -9 -9 -9 -9 91 64 65 42 5 58 94 85 76 49 1 0 76 89 79 92 49 1 0 6 71 100 86 90 59 2 16 30 85 69 100 80 52 100 66 93
93 58 84 42 79 100 100 58 82 4 0 16 14 13 30 28 47 36 27 32 32 69 6 0 0 82 74 12 0 0 17 14 81 69 40 65 84 94 100 100 65 96 74 70 57 41 -9 -9 -9 -9 -9 -9 -9 -9 -9 -9 -9 -9 -9 -9 42 78 99 44 2 30 38 40 83 83 63 41 98 53 77 73 70 17 50 4 72 93 55 100 44 74 66 21 36 34 100 76 66 57 33 57
31 77 79 66 100 100 87 54 12 2 27 23 0 0 0 64 85 11 33 84 84 20 0 0 8 96 31 0 1 6 1 39 71 44 56 99 100 100 100 78 32 89 92 72 54 67 -9 -9 -9 -9 -9 -9 -9 -9 -9 -9 -9 -9 -9 -9 81 97 92 25 0 0 0 1 50 79 92 72 77 14 12 92 85 67 67 76 73 74 92 96 96 100 83 12 1 14 100 81 20 0 4 64
46 100 91 100 90 54 48 0 0 9 86 9 20 6 0 32 30 51 86 100 100 21 0 0 58 60 10 20 2 33 11 48 34 70 60 79 87 100 68 87 28 72 56 25 20 32 -9 -9 -9 -9 -9 -9 -9 -9 -9 -9 -9 -9 -9 -9 100 95 80 71 6 9 16 0 21 40 66 79 16 0 58 100 84 47 2 39 43 93 98 88 100 68 36 40 35 53 100 24 0 0 0 0
80 100 100 93 46 1 23 25 14 38 29 0 22 49 50 25 93 76 71 100 82 11 0 17 76 57 30 8 35 42 42 59 65 67 97 58 63 100 100 73 12 38 52 28 33 -9 -9 -9 -9 -9 -9 -9 -9 -9 -9 -9 -9 -9 -9 71 88 93 62 55 19 72 100 92 93 80 7 11 0 0 58 86 5 18 62 74 51 43 95 91 86 87 33 92 62 100 46 27 0 0 0 0
97 100 98 73 20 20 0 64 47 37 34 16 11 26 10 52 38 43 72 74 48 0 7 64 73 79 47 26 61 90 24 43 33 34 53 53 94 100 100 55 36 65 16 27 30 -9 -9 -9 -9 -9 -9 -9 -9 -9 -9 -9 -9 -9 -9 39 80 99 89 98 80 91 69 100 100 87 11 0 0 29 64 21 0 54 66 21 80 77 81 43 64 75 88 41 56 100 89 18 0 0 0 0
100 100 61 52 42 43 25 55 0 13 48 3 26 21 23 45 68 86 76 74 64 91 87 100 100 100 88 93 81 76 32 47 53 41 58 55 90 100 82 63 13 48 82 43 61 -9 -9 -9 -9 -9 -9 -9 -9 -9 -9 -9 -9 -9 -9 16 78 99 68 100 100 90 32 56 68 77 53 11 0 3 9 0 48 57 64 35 88 73 25 14 61 83 97 75 99 100 100 68 0 0 0 0
100 83 66 44 3 41 46 35 29 36 48 13 42 55 17 8 40 88 99 61 59 100 77 97 74 100 100 96 96 100 49 34 68 50 45 34 58 100 60 58 26 73 15 18 38 -9 -9 -9 -9 -9 -9 -9 -9 -9 -9 -9 -9 -9 -9 62 70 66 76 96 100 47 53 51 72 81 14 13 0 0 0 0 11 29 53 80 77 89 7 16 81 22 83 81 88 58 100 72 3 0 0 0
