data/habitatmaps/RS_maps/habitat_Linaria.cannabina_2008.asc
NCOLS 369 
NROWS 228 
XLLCORNER 479000 
YLLCORNER 73000 
CELLSIZE 1000 
NODATA_value -9 
[rows 0 to 60 of 228, columns 96 to 191 of 369]
-9 -9 -9 -9 -9 -9 -9 -9 -9 -9 -9 -9 -9 -9 -9 -9 -9 -9 -9 -9 -9 -9 -9 -9 -9 -9 -9 -9 -9 -9 -9 -9 -9 -9 -9 -9 -9 -9 -9 -9 -9 -9 -9 -9 -9 -9 -9 -9 -9 -9 -9 -9 -9 -9 -9 -9 -9 -9 -9 -9 -9 -9 -9 -9 -9 -9 -9 -9 -9 -9 -9 -9 -9 -9 -9 -9 -9 -9 -9 -9 -9 -9 -9 -9 -9 -9 -9 -9 -9 -9 -9 -9 -9 -9 13 0
-9 -9 -9 -9 -9 -9 -9 -9 -9 -9 -9 -9 -9 -9 -9 -9 -9 -9 -9 -9 -9 -9 -9 -9 -9 -9 -9 -9 -9 -9 -9 -9 -9 -9 -9 -9 -9 -9 -9 -9 -9 -9 -9 -9 -9 -9 -9 -9 -9 -9 -9 -9 -9 -9 -9 -9 -9 -9 -9 -9 -9 -9 -9 -9 -9 -9 -9 -9 -9 -9 -9 -9 -9 -9 -9 -9 -9 -9 -9 -9 -9 -9 -9 -9 -9 -9 -9 -9 -9 -9 -9 -9 -9 3 13 0
-9 -9 -9 -9 -9 -9 -9 -9 -9 -9 -9 -9 -9 -9 -9 -9 -9 -9 -9 -9 -9 -9 -9 -9 -9 -9 -9 -9 -9 -9 -9 -9 -9 -9 -9 -9 -9 -9 -9 -9 -9 -9 -9 -9 -9 -9 -9 -9 -9 -9 -9 -9 -9 -9 -9 -9 -9 -9 -9 -9 -9 -9 -9 -9 -9 -9 -9 -9 -9 -9 -9 -9 -9 -9 -9 -9 -9 -9 -9 -9 -9 -9 -9 -9 -9 -9 -9 -9 -9 -9 -9 -9 -9 22 0 0
-9 -9 -9 -9 -9 -9 -9 -9 -9 -9 -9 -9 -9 -9 -9 -9 -9 -9 -9 -9 -9 -9 -9 -9 -9 -9 -9 -9 -9 -9 -9 -9 -9 -9 -9 -9 -9 -9 -9 -9 -9 -9 -9 -9 -9 -9 -9 -9 -9 -9 -9 -9 -9 -9 -9 -9 -9 -9 -9 -9 -9 -9 -9 -9 -9 -9 -9 -9 -9 -9 -9 -9 -9 -9 -9 -9 -9 -9 -9 -9 -9 -9 -9 -9 -9 -9 -9 -9 -9 -9 -9 -9 54 21 11 16
-9 -9 -9 -9 -9 -9 -9 -9 -9 -9 -9 -9 -9 -9 -9 -9 -9 -9 -9 -9 -9 -9 -9 -9 -9 -9 -9 -9 -9 -9 -9 -9 -9 -9 -9 -9 -9 -9 -9 -9 -9 -9 -9 -9 -9 -9 -9 -9 -9 -9 -9 -9 -9 -9 -9 -9 -9 -9 -9 -9 -9 -9 -9 -9 -9 -9 -9 -9 -9 -9 -9 -9 -9 -9 -9 -9 -9 -9 -9 -9 -9 -9 -9 -9 -9 -9 -9 -9 -9 -9 -9 26 19 9 12 14
-9 -9 -9 -9 -9 -9 -9 -9 -9 -9 -9 -9 -9 -9 -9 -9 -9 -9 -9 -9 -9 -9 -9 -9 -9 -9 -9 -9 -9 -9 -9 -9 -9 -9 -9 -9 -9 -9 -9 -9 -9 -9 -9 -9 -9 -9 -9 -9 -9 -9 -9 -9 -9 -9 -9 -9 -9 -9 -9 -9 -9 -9 -9 -9 -9 -9 -9 -9 -9 -9 -9 -9 -9 -9 -9 -9 -9 -9 -9 -9 -9 -9 -9 -9 -9 -9 -9 -9 -9 -9 -9 20 76 40 12 16
-9 -9 -9 -9 -9 -9 -9 -9 -9 -9 -9 -9 -9 -9 -9 -9 -9 -9 -9 -9 -9 -9 -9 -9 -9 -9 -9 -9 -9 -9 -9 -9 -9 -9 -9 -9 -9 -9 -9 -9 -9 -9 -9 -9 -9 -9 -9 -9 -9 -9 -9 -9 -9 -9 -9 -9 -9 -9 -9 -9 -9 -9 -9 -9 -9 -9 -9 -9 -9 -9 -9 -9 -9 -9 -9 -9 -9 -9 -9 -9 -9 -9 -9 -9 -9 -9 -9 -9 -9 -9 22 3 75 62 25 54
-9 -9 -9 -9 -9 -9 -9 -9 -9 -9 -9 -9 -9 -9 -9 -9 -9 -9 -9 -9 -9 -9 -9 -9 -9 -9 -9 -9 -9 -9 -9 -9 -9 -9 -9 -9 -9 -9 -9 -9 -9 -9 -9 -9 -9 -9 -9 -9 -9 -9 -9 -9 -9 -9 -9 -9 -9 -9 -9 -9 -9 -9 -9 -9 -9 -9 -9 -9 -9 -9 -9 -9 -9 -9 -9 -9 -9 -9 -9 -9 -9 -9 -9 -9 -9 -9 -9 -9 -9 22 12 0 50 49 10 38
-9 -9 -9 -9 -9 -9 -9 -9 -9 -9 -9 -9 -9 -9 -9 -9 -9 -9 -9 -9 -9 -9 -9 -9 -9 -9 -9 -9 -9 -9 -9 -9 -9 -9 -9 -9 -9 -9 -9 -9 -9 -9 -9 -9 -9 -9 -9 -9 -9 -9 -9 -9 -9 -9 -9 -9 -9 -9 -9 -9 -9 -9 -9 -9 -9 -9 -9 -9 -9 -9 -9 -9 -9 -9 -9 -9 -9 -9 -9 -9 -9 -9 -9 -9 -9 -9 -9 -9 0 0 0 0 57 80 8 42
-9 -9 -9 -9 -9 -9 -9 -9 -9 -9 -9 -9 -9 -9 -9 -9 -9 -9 -9 -9 -9 -9 -9 -9 -9 -9 -9 -9 -9 -9 -9 -9 -9 -9 -9 -9 -9 -9 -9 -9 -9 -9 -9 -9 -9 -9 -9 -9 -9 -9 -9 -9 -9 -9 -9 -9 -9 -9 -9 -9 -9 -9 -9 -9 -9 -9 -9 -9 -9 -9 -9 -9 -9 -9 -9 -9 -9 -9 -9 -9 -9 -9 -9 -9 -9 -9 -9 -9 16 0 0 0 15 51 57 86
-9 -9 -9 -9 -9 -9 -9 -9 -9 -9 -9 -9 -9 -9 -9 -9 -9 -9 -9 -9 -9 -9 -9 -9 -9 -9 -9 -9 -9 -9 -9 -9 -9 -9 -9 -9 -9 -9 -9 -9 -9 -9 -9 -9 -9 -9 -9 -9 -9 -9 -9 -9 -9 -9 -9 -9 -9 -9 -9 -9 -9 -9 -9 -9 -9 -9 -9 -9 -9 -9 -9 -9 -9 -9 -9 -9 -9 -9 -9 -9 -9 -9 -9 -9 -9 -9 -9 30 10 2 3 0 0 77 7 12
-9 -9 -9 -9 -9 -9 -9 -9 -9 -9 -9 -9 -9 -9 -9 -9 -9 -9 -9 -9 -9 -9 -9 -9 -9 -9 -9 -9 -9 -9 -9 -9 -9 -9 -9 -9 -9 -9 -9 -9 -9 -9 -9 -9 -9 -9 -9 -9 -9 -9 -9 -9 -9 -9 -9 -9 -9 -9 -9 -9 -9 -9 -9 -9 -9 -9 -9 -9 -9 -9 -9 -9 -9 -9 -9 -9 -9 -9 -9 -9 -9 -9 -9 -9 -9 -9 69 55 8 46 96 74 10 58 15 11
-9 -9 -9 -9 -9 -9 -9 -9 -9 -9 -9 -9 -9 -9 -9 -9 -9 -9 -9 -9 -9 -9 -9 -9 -9 -9 -9 -9 -9 -9 -9 -9 -9 -9 -9 -9 -9 -9 -9 -9 -9 -9 -9 -9 -9 -9 -9 -9 -9 -9 -9 -9 -9 -9 -9 -9 -9 -9 -9 -9 -9 -9 -9 -9 -9 -9 -9 -9 -9 -9 -9 -9 -9 -9 -9 -9 -9 -9 -9 -9 -9 -9 -9 -9 -9 -9 67 21 13 22 50 56 0 14 12 42
-9 -9 -9 -9 -9 -9 -9 -9 -9 -9 -9 -9 -9 -9 -9 -9 -9 -9 -9 -9 -9 -9 -9 -9 -9 -9 -9 -9 -9 -9 -9 -9 -9 -9 -9 -9 -9 -9 -9 -9 -9 -9 -9 -9 -9 -9 -9 -9 -9 -9 -9 -9 -9 -9 -9 -9 -9 -9 -9 -9 -9 -9 -9 -9 -9 -9 -9 -9 -9 -9 -9 -9 -9 -9 -9 -9 -9 -9 -9 -9 -9 -9 -9 -9 -9 -9 40 1 8 2 25 6 7 0 0 33
-9 -9 -9 -9 -9 -9 -9 -9 -9 -9 -9 -9 -9 -9 -9 -9 -9 -9 -9 -9 -9 -9 -9 -9 -9 -9 -9 -9 -9 -9 -9 -9 -9 -9 -9 -9 -9 -9 -9 -9 -9 -9 -9 -9 -9 -9 -9 -9 -9 -9 -9 -9 -9 -9 -9 -9 -9 -9 -9 -9 -9 -9 -9 -9 -9 -9 -9 -9 -9 -9 -9 -9 -9 -9 -9 -9 -9 -9 -9 -9 7 3 1 14 21 23 3 11 53 34 11 28 8 38 23 53
-9 -9 -9 -9 -9 -9 -9 -9 -9 -9 -9 -9 -9 -9 -9 -9 -9 -9 -9 -9 -9 -9 -9 -9 -9 -9 -9 -9 -9 -9 -9 -9 -9 -9 -9 -9 -9 -9 -9 -9 -9 -9 -9 -9 -9 -9 -9 -9 -9 -9 -9 -9 -9 -9 -9 -9 -9 -9 -9 -9 -9 -9 -9 -9 -9 -9 -9 -9 -9 -9 -9 -9 -9 -9 -9 -9 30 0 23 26 11 22 1 2 39 3 0 30 44 75 44 18 23 78 31 20
-9 -9 -9 -9 -9 -9 -9 -9 -9 -9 -9 -9 -9 -9 -9 -9 -9 -9 -9 -9 -9 -9 -9 -9 -9 -9 -9 -9 -9 -9 -9 -9 -9 -9 -9 -9 -9 -9 -9 -9 -9 -9 0 0 0 0 -9 -9 -9 -9 -9 -9 -9 -9 -9 -9 -9 -9 -9 -9 -9 -9 -9 -9 -9 -9 -9 -9 -9 -9 -9 -9 -9 -9 -9 5 32 12 17 4 13 2 0 0 40 18 27 15 14 54 61 24 42 74 2 43
-9 -9 -9 -9 -9 -9 -9 -9 -9 -9 -9 -9 -9 -9 -9 -9 -9 -9 -9 -9 -9 -9 -9 -9 -9 -9 -9 -9 -9 -9 -9 -9 -9 -9 -9 6 1 0 10 16 12 0 0 0 0 31 16 7 5 35 -9 -9 -9 -9 -9 -9 -9 -9 -9 -9 -9 -9 -9 -9 -9 -9 -9 -9 -9 -9 -9 -9 -9 57 65 23 22 12 8 0 7 4 2 27 8 67 92 17 21 11 5 52 48 39 2 57
-9 -9 -9 -9 -9 -9 -9 -9 -9 -9 -9 -9 -9 -9 -9 -9 -9 -9 -9 -9 -9 -9 -9 -9 -9 -9 -9 -9 -9 -9 -9 0 0 3 0 9 0 0 0 0 7 0 0 0 0 0 49 91 19 19 17 -9 0 1 0 0 0 8 16 58 51 74 -9 -9 -9 -9 -9 -9 -9 -9 -9 -9 5 76 74 48 12 24 9 0 0 22 38 60 0 29 35 11 15 24 26 46 60 11 0 5
-9 -9 -9 -9 -9 -9 -9 -9 -9 -9 -9 -9 -9 -9 -9 -9 -9 -9 -9 -9 -9 -9 -9 -9 -9 -9 -9 -9 -9 -9 2 0 0 12 1 1 0 0 0 0 6 0 3 29 5 0 3 67 77 93 61 96 47 5 3 20 37 21 17 1 58 98 75 6 0 0 -9 -9 -9 -9 6 28 0 31 81 32 6 11 20 14 13 41 63 28 19 6 9 17 10 31 27 47 5 1 2 9
-9 -9 -9 -9 -9 -9 -9 -9 -9 -9 -9 -9 -9 -9 -9 -9 -9 -9 -9 -9 -9 -9 -9 -9 -9 -9 -9 -9 16 4 4 0 0 3 2 0 0 0 0 0 0 6 6 43 2 17 20 22 32 46 9 53 41 1 20 56 37 31 26 0 21 33 13 0 8 34 68 -9 -9 63 48 69 63 19 69 8 0 25 48 84 86 57 73 7 45 42 27 6 0 8 52 27 0 0 1 11
-9 -9 -9 -9 -9 -9 -9 -9 -9 -9 -9 -9 -9 -9 -9 -9 -9 -9 -9 -9 -9 -9 -9 -9 -9 -9 -9 13 0 5 7 0 0 6 1 0 0 0 0 3 7 2 1 26 3 0 17 2 7 0 0 38 4 1 17 9 7 16 1 0 32 0 0 0 8 74 78 62 66 39 75 59 89 42 19 0 4 63 59 54 36 32 60 19 25 14 19 1 0 0 50 24 0 12 10 19
-9 -9 -9 -9 -9 -9 -9 -9 -9 -9 -9 -9 -9 -9 -9 -9 -9 -9 -9 -9 -9 -9 -9 -9 -9 0 0 0 16 0 14 0 8 24 1 0 0 0 0 7 5 0 0 1 3 0 13 7 0 0 0 12 1 0 13 14 19 25 14 1 0 0 37 16 13 25 71 57 80 66 11 12 40 19 0 16 24 48 29 62 53 59 18 63 20 15 6 0 0 7 34 8 28 44 19 25
-9 -9 -9 -9 -9 -9 -9 -9 -9 -9 -9 -9 -9 -9 -9 -9 -9 -9 -9 -9 -9 -9 -9 -9 0 0 0 0 17 10 21 3 0 0 12 1 0 0 0 1 0 0 0 3 17 5 11 5 11 4 10 12 0 0 49 60 9 28 18 11 0 0 2 56 22 89 74 34 31 18 2 19 13 4 3 16 18 21 31 78 9 26 4 3 10 4 0 0 3 9 7 0 1 0 19 16
-9 -9 -9 -9 -9 -9 -9 -9 -9 -9 -9 -9 -9 -9 -9 -9 -9 -9 -9 -9 -9 -9 -9 0 0 0 0 0 12 5 1 4 0 1 10 8 8 0 0 1 7 5 2 0 5 12 8 14 12 12 8 18 10 5 14 32 32 28 26 3 0 2 23 55 45 69 90 49 67 0 7 18 14 9 17 66 24 26 49 41 25 0 1 0 9 50 0 0 0 0 0 0 0 25 22 6
-9 -9 -9 -9 -9 -9 -9 -9 -9 -9 -9 -9 -9 -9 -9 -9 -9 -9 -9 -9 -9 -9 0 0 0 0 0 0 0 0 0 0 0 6 22 2 9 2 0 0 6 1 9 3 20 15 11 35 38 38 39 0 5 16 18 1 22 64 23 18 0 0 24 92 65 91 67 26 13 23 48 8 9 12 0 13 39 33 45 65 14 7 8 1 0 0 44 18 3 0 0 0 0 5 4 5
-9 -9 -9 -9 -9 -9 -9 -9 -9 -9 -9 -9 -9 -9 -9 -9 -9 -9 -9 -9 -9 0 0 0 0 0 0 0 0 0 0 0 0 14 39 9 0 0 0 0 3 11 0 0 5 0 0 0 14 52 24 5 0 3 4 15 30 31 41 31 1 0 0 71 28 23 18 63 49 28 25 21 16 19 5 22 20 40 31 15 13 9 0 0 0 0 1 12 0 2 22 33 3 0 0 0
54 4 0 0 -9 -9 -9 -9 -9 -9 -9 -9 -9 -9 -9 -9 -9 -9 -9 -9 0 0 0 0 0 0 0 0 0 0 0 0 0 0 10 13 0 0 0 0 24 7 0 0 0 1 0 36 54 63 20 23 4 6 7 7 4 1 10 57 16 3 0 28 26 5 43 52 74 21 41 3 25 11 1 0 4 16 6 5 7 1 0 0 0 0 0 0 0 1 67 37 50 13 1 0
40 63 0 0 0 0 0 0 0 -9 -9 -9 -9 -9 -9 -9 -9 -9 -9 -9 0 0 0 0 0 0 0 0 0 0 0 0 0 0 0 15 2 0 0 0 0 2 0 0 0 11 0 1 18 43 11 15 0 11 2 6 1 36 29 45 36 55 1 35 74 79 60 18 24 4 8 19 11 14 29 15 14 33 36 3 1 0 0 0 0 0 0 0 0 0 30 34 53 42 7 7
12 23 0 0 0 0 0 0 0 0 0 0 0 -9 -9 -9 -9 -9 -9 0 0 0 0 0 0 0 0 0 0 0 0 0 0 28 0 0 0 0 0 0 0 0 0 2 1 13 22 28 26 36 11 15 14 9 0 1 6 6 3 0 31 1 0 48 45 31 78 57 22 7 12 3 33 47 30 12 8 4 4 0 0 0 0 0 0 0 0 0 0 0 13 11 11 15 35 13
0 9 4 0 0 0 0 0 0 0 0 0 0 0 -9 -9 -9 -9 0 0 0 0 0 0 0 0 0 0 0 1 25 0 0 9 0 0 0 0 0 4 1 0 3 28 28 9 25 33 40 12 2 9 6 15 11 0 0 0 15 14 10 15 9 9 32 74 45 23 83 79 28 13 28 54 11 0 0 2 0 0 0 0 0 0 0 0 0 0 0 0 0 0 19 9 6 15
0 0 29 5 0 0 0 0 0 0 0 0 0 0 0 0 0 4 0 0 0 0 0 0 0 0 50 0 0 0 0 0 0 0 0 0 0 0 16 14 0 0 0 0 8 10 0 11 15 4 15 6 2 3 10 0 0 0 0 4 6 14 9 1 9 28 70 46 46 46 7 12 11 39 30 0 0 0 0 0 0 0 0 0 0 0 0 0 0 0 0 0 13 9 2 22
0 0 7 61 15 0 0 0 0 0 0 0 0 0 0 0 0 8 0 0 0 0 0 0 0 7 10 0 0 0 0 0 0 0 0 0 0 0 0 0 0 0 0 0 0 6 0 9 17 9 11 2 0 0 0 0 0 0 0 0 0 15 0 0 0 3 36 61 19 6 22 2 0 0 0 0 0 0 0 0 0 0 0 0 0 0 0 0 0 0 0 0 0 0 0 0
0 0 0 17 64 0 0 0 0 0 0 0 1 3 18 0 0 31 34 3 6 0 0 13 0 0 0 0 0 0 0 0 0 0 0 0 0 0 0 0 0 0 3 0 0 0 0 13 29 10 2 0 0 0 0 0 0 0 0 0 0 3 0 0 4 49 16 22 28 17 4 0 0 0 0 0 0 0 0 0 0 0 0 0 0 0 0 0 0 0 0 0 0 0 0 0
4 0 0 0 36 0 0 11 0 0 0 9 6 42 8 0 25 20 22 47 46 49 8 31 10 0 0 0 0 0 0 0 0 0 0 0 0 0 0 0 0 0 14 8 3 7 0 0 9 6 0 0 0 0 0 0 0 0 0 0 0 0 0 0 0 2 2 1 0 0 0 0 0 0 0 0 0 0 0 0 0 0 6 9 0 0 0 0 0 0 0 0 0 0 0 0
24 0 0 0 0 0 0 5 8 0 0 22 0 0 0 0 0 0 0 2 9 13 0 1 17 0 0 0 0 0 0 0 0 0 0 0 0 0 0 0 0 0 2 9 7 8 0 0 0 0 0 0 0 0 0 0 0 0 0 0 0 0 0 0 0 0 0 0 0 0 0 0 0 0 0 0 0 0 0 0 0 2 7 5 0 0 0 0 0 0 0 0 0 0 0 0
34 0 0 0 0 0 0 0 4 0 0 0 0 0 0 0 0 0 0 0 0 0 0 0 0 0 0 0 0 0 0 0 0 0 0 0 0 0 0 0 0 0 0 0 0 0 0 0 0 0 0 0 0 0 0 0 0 0 0 0 0 0 0 0 0 0 0 0 0 0 0 0 0 0 0 0 0 0 0 0 0 0 0 0 0 0 0 0 0 0 0 0 0 0 0 0
5 0 0 0 0 0 0 0 0 0 0 0 0 0 0 0 0 0 0 0 0 0 0 0 0 0 0 15 10 0 0 0 0 0 0 0 0 0 0 0 0 0 0 0 0 0 0 0 0 0 0 0 0 0 0 0 0 0 0 0 0 0 0 0 0 0 0 0 0 0 0 0 0 0 0 0 0 0 0 0 0 0 0 0 0 0 0 0 0 0 0 0 0 0 0 0
11 3 9 8 0 0 0 0 0 0 0 0 0 0 0 0 0 0 0 0 0 0 0 0 0 0 1 38 7 0 0 0 0 0 0 0 0 0 0 1 0 17 2 0 0 0 0 0 0 0 0 0 0 0 0 0 0 0 0 0 0 0 0 0 0 0 0 0 0 0 0 0 0 0 0 0 0 0 0 0 0 0 0 0 0 0 0 0 0 0 0 0 0 0 0 0
22 29 0 0 0 0 0 0 5 0 0 0 32 0 0 0 0 0 0 0 0 0 0 0 0 0 7 11 0 0 0 0 0 0 0 0 0 0 0 16 12 0 0 0 0 0 0 0 0 0 0 0 0 0 0 0 0 0 0 0 0 0 0 0 0 0 0 0 0 0 0 0 0 0 0 0 0 0 0 0 0 0 0 0 0 0 0 0 0 0 0 0 0 0 0 0
1 1 0 0 0 0 0 0 20 0 0 14 33 26 0 0 0 0 0 0 0 0 0 0 0 0 0 16 0 0 0 0 0 0 0 0 0 0 0 0 0 0 0 0 0 0 0 0 0 0 0 0 0 0 0 0 0 1 0 0 0 0 0 2 0 0 0 0 0 0 0 0 0 0 0 0 0 0 0 0 0 0 0 0 0 0 0 0 0 0 0 0 0 0 0 0
0 0 0 0 0 0 0 0 11 2 0 0 33 14 0 17 30 1 0 0 0 0 0 0 0 0 6 8 0 0 0 0 0 0 0 0 0 0 0 0 0 0 0 0 0 0 0 0 0 0 0 0 0 0 0 2 0 11 0 0 4 0 0 16 0 0 0 0 0 0 0 0 0 0 0 0 0 0 0 0 0 0 0 0 0 0 0 0 0 0 0 0 0 0 0 0
0 0 0 0 0 0 0 0 0 0 1 33 0 2 22 23 45 22 25 0 0 0 0 0 0 0 0 0 0 0 0 0 0 0 0 0 0 0 0 0 0 0 0 0 0 0 0 0 0 0 0 0 0 0 1 17 27 23 0 1 17 0 0 0 0 0 0 0 0 0 0 0 0 0 0 0 0 0 0 0 0 0 17 0 0 0 1 52 2 0 0 0 0 0 0 0
0 0 0 0 2 0 0 0 0 6 32 31 0 0 2 0 1 13 20 0 0 0 0 0 0 0 0 0 0 0 0 0 0 0 0 0 0 0 0 0 0 0 0 0 0 0 0 0 0 0 0 0 0 9 15 12 14 1 0 12 9 0 25 1 0 0 0 0 0 0 14 0 0 0 0 0 0 0 0 0 0 2 39 0 0 8 6 61 20 5 0 0 0 0 0 0
0 0 0 0 47 3 0 0 0 0 3 43 35 0 26 0 0 3 0 0 0 0 0 0 6 2 0 0 0 14 21 10 0 0 0 2 0 15 9 0 0 0 0 0 0 0 0 0 0 0 0 0 0 1 22 5 0 0 0 0 4 0 1 0 8 0 0 0 0 4 6 0 0 0 0 0 0 0 0 0 0 53 25 0 0 0 0 39 0 33 0 0 0 0 0 0
0 0 0 0 18 0 0 0 0 0 24 37 0 33 0 0 0 22 0 0 0 0 0 0 5 0 0 8 19 8 34 18 0 0 0 32 0 0 8 0 0 0 0 0 0 0 10 3 0 0 0 0 0 0 11 0 0 0 0 0 0 0 1 8 25 8 0 0 0 0 0 0 0 0 0 0 0 0 0 0 0 1 0 0 0 0 0 9 0 2 0 0 0 0 0 0
0 0 0 0 0 0 0 0 0 0 0 1 31 3 24 47 10 0 0 0 0 0 16 7 7 0 3 9 21 6 0 0 0 3 0 9 23 0 0 0 0 0 0 0 0 2 17 24 2 0 0 0 0 0 3 0 0 0 0 0 0 0 10 15 25 5 0 0 0 0 0 0 0 0 0 0 0 0 0 0 0 0 0 0 0 0 0 0 0 0 0 0 0 0 0 0
0 0 0 0 0 0 0 0 0 0 25 13 46 1 29 47 16 9 0 0 1 7 27 10 6 0 0 2 3 0 0 0 0 27 3 0 6 5 0 0 0 0 0 0 1 16 14 14 0 1 0 0 0 0 0 0 0 0 0 0 0 0 0 2 6 0 0 0 0 0 0 0 12 5 0 0 0 0 0 0 0 0 0 0 0 0 0 0 0 0 0 0 0 0 0 0
0 0 0 0 0 0 0 0 1 9 33 1 1 5 21 22 5 0 0 7 10 14 2 0 0 0 0 0 0 0 0 0 0 0 0 3 8 9 4 0 0 0 5 11 1 8 1 0 2 3 0 0 0 0 0 0 0 0 0 0 0 0 0 0 0 0 0 0 0 0 0 0 0 13 0 0 0 0 0 0 0 23 2 0 0 0 0 0 0 0 0 0 0 0 0 0
0 0 0 0 0 0 0 0 8 18 2 0 0 0 12 21 20 23 6 1 2 8 10 13 8 0 0 0 0 0 0 0 0 0 0 0 0 5 7 0 0 4 37 33 3 0 0 0 9 0 0 0 0 0 0 0 0 18 0 0 0 0 1 7 24 29 16 0 0 0 0 0 0 0 0 0 0 0 0 0 0 0 0 0 0 0 0 0 0 0 0 0 0 0 0 0
0 0 0 0 0 0 0 13 0 2 0 0 0 0 0 0 1 3 19 1 0 0 0 0 4 3 0 0 0 3 0 0 0 7 0 0 1 19 9 8 20 20 28 15 0 0 0 0 0 1 5 0 0 0 0 0 24 26 0 1 24 36 19 51 37 12 1 0 0 0 0 0 0 0 0 0 0 0 0 0 0 0 0 0 0 0 0 0 0 0 0 0 0 0 0 0
1 0 0 0 15 29 40 22 48 2 0 0 0 0 3 1 0 0 2 1 0 0 0 0 0 17 40 13 1 16 10 3 22 62 37 16 0 8 8 16 25 13 38 10 0 0 0 0 0 8 16 0 0 0 0 0 50 35 35 67 45 2 0 0 0 0 0 0 0 0 0 0 0 0 0 0 0 0 0 0 0 0 0 0 0 0 0 0 0 0 0 0 0 0 0 0
9 0 14 33 40 33 30 7 54 0 0 0 0 14 10 4 0 0 3 37 34 29 48 21 27 6 18 16 2 2 7 21 27 51 20 6 13 22 14 25 16 49 32 9 8 5 1 12 1 4 8 31 50 0 0 0 16 83 84 56 2 0 0 0 0 0 0 0 0 0 0 0 0 0 29 0 13 5 0 0 0 0 0 0 0 0 0 0 0 0 0 0 0 0 0 0
20 30 22 25 20 35 45 60 36 0 7 23 14 3 0 0 0 0 0 0 0 0 40 47 45 33 53 75 71 31 29 24 32 46 61 64 22 8 18 15 24 43 36 50 32 26 9 46 28 21 48 51 65 38 32 0 0 4 31 20 0 0 0 0 0 0 0 0 0 0 0 0 0 20 33 42 12 0 0 0 0 0 0 13 0 0 0 0 0 0 0 5 0 0 0 0
21 51 26 36 27 31 36 36 34 43 0 21 10 0 0 0 0 0 0 0 0 0 0 0 2 0 3 19 36 7 14 46 15 6 26 30 56 16 21 22 20 14 43 43 54 47 46 33 23 43 41 56 47 57 64 35 21 54 16 0 0 0 0 0 0 0 0 0 0 0 0 0 0 0 0 2 0 0 0 0 29 0 7 5 0 0 18 13 26 29 5 39 7 0 0 0
27 31 39 16 16 11 20 34 11 0 15 0 0 0 0 0 0 0 0 0 0 0 0 0 0 9 7 19 5 3 10 0 4 12 28 64 49 35 36 31 34 45 37 13 14 14 37 33 35 52 46 55 51 15 32 34 33 48 20 0 0 0 0 0 0 0 0 0 0 0 0 0 0 0 0 0 0 0 0 0 15 20 0 27 1 0 0 0 1 36 40 53 28 39 4 0
13 33 4 1 0 37 39 24 51 0 0 0 0 0 1 13 0 0 0 0 0 0 0 0 10 15 14 8 12 10 1 4 65 31 32 42 8 21 43 46 29 33 29 13 27 34 43 15 58 64 40 67 3 30 24 0 0 0 0 0 0 0 0 0 0 0 0 0 0 0 0 0 0 0 0 0 0 0 0 0 0 0 0 0 3 0 0 0 0 0 0 22 4 9 2 0
20 6 0 0 5 20 38 17 0 0 0 0 0 0 13 3 0 0 0 0 0 0 0 0 0 0 0 0 0 7 17 31 54 35 50 23 34 48 25 28 42 56 33 32 38 15 44 69 7 40 60 49 14 0 0 0 0 0 0 0 0 0 0 0 0 0 0 0 0 0 0 0 0 0 0 0 0 29 0 0 0 0 0 0 0 0 0 0 0 0 0 0 0 0 0 0
0 0 0 0 34 26 37 9 0 0 0 0 0 18 1 0 0 0 0 0 0 0 10 32 32 12 46 32 28 37 41 0 0 30 48 50 59 38 38 45 52 30 55 67 68 37 31 53 49 40 55 12 0 0 0 0 0 0 1 21 4 0 0 0 0 25 5 0 0 0 0 0 0 0 14 6 0 32 0 0 0 0 0 0 0 0 2 0 0 0 0 0 0 0 0 0
13 2 6 10 63 14 25 0 0 0 19 9 4 17 2 0 0 0 0 12 17 7 47 55 39 28 62 76 52 16 11 22 28 32 41 54 36 39 62 48 40 21 0 0 0 21 36 8 17 58 39 0 0 0 0 0 0 0 0 7 0 0 0 0 0 0 0 0 0 0 0 0 0 0 2 0 0 0 0 0 0 0 0 0 0 0 46 3 0 0 0 0 0 0 7 0
42 21 60 50 17 3 14 2 3 13 1 1 8 60 61 46 9 0 0 7 4 14 10 45 8 37 23 13 26 42 3 61 43 31 56 54 27 5 1 0 0 0 0 0 1 35 47 12 9 2 0 0 0 0 0 0 0 0 0 3 0 0 0 0 0 0 0 0 0 0 0 0 0 0 0 0 0 0 0 0 0 0 0 0 0 0 4 8 0 0 0 0 0 0 49 0
