data/habitatmaps/RS_maps/habitat_Sitta.europaea_2020.asc
NCOLS 369 
NROWS 228 
XLLCORNER 479000 
YLLCORNER 73000 
CELLSIZE 1000 
NODATA_value -9 
[rows 0 to 62 of 228, columns 96 to 191 of 369]
-9 -9 -9 -9 -9 -9 -9 -9 -9 -9 -9 -9 -9 -9 -9 -9 -9 -9 -9 -9 -9 -9 -9 -9 -9 -9 -9 -9 -9 -9 -9 -9 -9 -9 -9 -9 -9 -9 -9 -9 -9 -9 -9 -9 -9 -9 -9 -9 -9 -9 -9 -9 -9 -9 -9 -9 -9 -9 -9 -9 -9 -9 -9 -9 -9 -9 -9 -9 -9 -9 -9 -9 -9 -9 -9 -9 -9 -9 -9 -9 -9 -9 -9 -9 -9 -9 -9 -9 -9 -9 -9 -9 -9 -9 46 71
-9 -9 -9 -9 -9 -9 -9 -9 -9 -9 -9 -9 -9 -9 -9 -9 -9 -9 -9 -9 -9 -9 -9 -9 -9 -9 -9 -9 -9 -9 -9 -9 -9 -9 -9 -9 -9 -9 -9 -9 -9 -9 -9 -9 -9 -9 -9 -9 -9 -9 -9 -9 -9 -9 -9 -9 -9 -9 -9 -9 -9 -9 -9 -9 -9 -9 -9 -9 -9 -9 -9 -9 -9 -9 -9 -9 -9 -9 -9 -9 -9 -9 -9 -9 -9 -9 -9 -9 -9 -9 -9 -9 -9 56 46 71
-9 -9 -9 -9 -9 -9 -9 -9 -9 -9 -9 -9 -9 -9 -9 -9 -9 -9 -9 -9 -9 -9 -9 -9 -9 -9 -9 -9 -9 -9 -9 -9 -9 -9 -9 -9 -9 -9 -9 -9 -9 -9 -9 -9 -9 -9 -9 -9 -9 -9 -9 -9 -9 -9 -9 -9 -9 -9 -9 -9 -9 -9 -9 -9 -9 -9 -9 -9 -9 -9 -9 -9 -9 -9 -9 -9 -9 -9 -9 -9 -9 -9 -9 -9 -9 -9 -9 -9 -9 -9 -9 -9 -9 25 78 100
-9 -9 -9 -9 -9 -9 -9 -9 -9 -9 -9 -9 -9 -9 -9 -9 -9 -9 -9 -9 -9 -9 -9 -9 -9 -9 -9 -9 -9 -9 -9 -9 -9 -9 -9 -9 -9 -9 -9 -9 -9 -9 -9 -9 -9 -9 -9 -9 -9 -9 -9 -9 -9 -9 -9 -9 -9 -9 -9 -9 -9 -9 -9 -9 -9 -9 -9 -9 -9 -9 -9 -9 -9 -9 -9 -9 -9 -9 -9 -9 -9 -9 -9 -9 -9 -9 -9 -9 -9 -9 -9 -9 10 14 46 48
-9 -9 -9 -9 -9 -9 -9 -9 -9 -9 -9 -9 -9 -9 -9 -9 -9 -9 -9 -9 -9 -9 -9 -9 -9 -9 -9 -9 -9 -9 -9 -9 -9 -9 -9 -9 -9 -9 -9 -9 -9 -9 -9 -9 -9 -9 -9 -9 -9 -9 -9 -9 -9 -9 -9 -9 -9 -9 -9 -9 -9 -9 -9 -9 -9 -9 -9 -9 -9 -9 -9 -9 -9 -9 -9 -9 -9 -9 -9 -9 -9 -9 -9 -9 -9 -9 -9 -9 -9 -9 -9 15 0 0 0 2
-9 -9 -9 -9 -9 -9 -9 -9 -9 -9 -9 -9 -9 -9 -9 -9 -9 -9 -9 -9 -9 -9 -9 -9 -9 -9 -9 -9 -9 -9 -9 -9 -9 -9 -9 -9 -9 -9 -9 -9 -9 -9 -9 -9 -9 -9 -9 -9 -9 -9 -9 -9 -9 -9 -9 -9 -9 -9 -9 -9 -9 -9 -9 -9 -9 -9 -9 -9 -9 -9 -9 -9 -9 -9 -9 -9 -9 -9 -9 -9 -9 -9 -9 -9 -9 -9 -9 -9 -9 -9 -9 60 0 0 61 34
-9 -9 -9 -9 -9 -9 -9 -9 -9 -9 -9 -9 -9 -9 -9 -9 -9 -9 -9 -9 -9 -9 -9 -9 -9 -9 -9 -9 -9 -9 -9 -9 -9 -9 -9 -9 -9 -9 -9 -9 -9 -9 -9 -9 -9 -9 -9 -9 -9 -9 -9 -9 -9 -9 -9 -9 -9 -9 -9 -9 -9 -9 -9 -9 -9 -9 -9 -9 -9 -9 -9 -9 -9 -9 -9 -9 -9 -9 -9 -9 -9 -9 -9 -9 -9 -9 -9 -9 -9 -9 75 97 26 0 4 9
-9 -9 -9 -9 -9 -9 -9 -9 -9 -9 -9 -9 -9 -9 -9 -9 -9 -9 -9 -9 -9 -9 -9 -9 -9 -9 -9 -9 -9 -9 -9 -9 -9 -9 -9 -9 -9 -9 -9 -9 -9 -9 -9 -9 -9 -9 -9 -9 -9 -9 -9 -9 -9 -9 -9 -9 -9 -9 -9 -9 -9 -9 -9 -9 -9 -9 -9 -9 -9 -9 -9 -9 -9 -9 -9 -9 -9 -9 -9 -9 -9 -9 -9 -9 -9 -9 -9 -9 -9 76 94 100 48 4 62 42
-9 -9 -9 -9 -9 -9 -9 -9 -9 -9 -9 -9 -9 -9 -9 -9 -9 -9 -9 -9 -9 -9 -9 -9 -9 -9 -9 -9 -9 -9 -9 -9 -9 -9 -9 -9 -9 -9 -9 -9 -9 -9 -9 -9 -9 -9 -9 -9 -9 -9 -9 -9 -9 -9 -9 -9 -9 -9 -9 -9 -9 -9 -9 -9 -9 -9 -9 -9 -9 -9 -9 -9 -9 -9 -9 -9 -9 -9 -9 -9 -9 -9 -9 -9 -9 -9 -9 -9 100 100 100 100 42 15 73 22
-9 -9 -9 -9 -9 -9 -9 -9 -9 -9 -9 -9 -9 -9 -9 -9 -9 -9 -9 -9 -9 -9 -9 -9 -9 -9 -9 -9 -9 -9 -9 -9 -9 -9 -9 -9 -9 -9 -9 -9 -9 -9 -9 -9 -9 -9 -9 -9 -9 -9 -9 -9 -9 -9 -9 -9 -9 -9 -9 -9 -9 -9 -9 -9 -9 -9 -9 -9 -9 -9 -9 -9 -9 -9 -9 -9 -9 -9 -9 -9 -9 -9 -9 -9 -9 -9 -9 -9 86 100 100 100 84 0 0 6
-9 -9 -9 -9 -9 -9 -9 -9 -9 -9 -9 -9 -9 -9 -9 -9 -9 -9 -9 -9 -9 -9 -9 -9 -9 -9 -9 -9 -9 -9 -9 -9 -9 -9 -9 -9 -9 -9 -9 -9 -9 -9 -9 -9 -9 -9 -9 -9 -9 -9 -9 -9 -9 -9 -9 -9 -9 -9 -9 -9 -9 -9 -9 -9 -9 -9 -9 -9 -9 -9 -9 -9 -9 -9 -9 -9 -9 -9 -9 -9 -9 -9 -9 -9 -9 -9 -9 45 74 91 96 100 100 9 0 2
-9 -9 -9 -9 -9 -9 -9 -9 -9 -9 -9 -9 -9 -9 -9 -9 -9 -9 -9 -9 -9 -9 -9 -9 -9 -9 -9 -9 -9 -9 -9 -9 -9 -9 -9 -9 -9 -9 -9 -9 -9 -9 -9 -9 -9 -9 -9 -9 -9 -9 -9 -9 -9 -9 -9 -9 -9 -9 -9 -9 -9 -9 -9 -9 -9 -9 -9 -9 -9 -9 -9 -9 -9 -9 -9 -9 -9 -9 -9 -9 -9 -9 -9 -9 -9 -9 24 40 76 44 0 31 91 12 0 0
-9 -9 -9 -9 -9 -9 -9 -9 -9 -9 -9 -9 -9 -9 -9 -9 -9 -9 -9 -9 -9 -9 -9 -9 -9 -9 -9 -9 -9 -9 -9 -9 -9 -9 -9 -9 -9 -9 -9 -9 -9 -9 -9 -9 -9 -9 -9 -9 -9 -9 -9 -9 -9 -9 -9 -9 -9 -9 -9 -9 -9 -9 -9 -9 -9 -9 -9 -9 -9 -9 -9 -9 -9 -9 -9 -9 -9 -9 -9 -9 -9 -9 -9 -9 -9 -9 23 77 60 57 7 46 100 24 12 0
-9 -9 -9 -9 -9 -9 -9 -9 -9 -9 -9 -9 -9 -9 -9 -9 -9 -9 -9 -9 -9 -9 -9 -9 -9 -9 -9 -9 -9 -9 -9 -9 -9 -9 -9 -9 -9 -9 -9 -9 -9 -9 -9 -9 -9 -9 -9 -9 -9 -9 -9 -9 -9 -9 -9 -9 -9 -9 -9 -9 -9 -9 -9 -9 -9 -9 -9 -9 -9 -9 -9 -9 -9 -9 -9 -9 -9 -9 -9 -9 -9 -9 -9 -9 -9 -9 49 97 75 95 74 88 79 87 92 23
-9 -9 -9 -9 -9 -9 -9 -9 -9 -9 -9 -9 -9 -9 -9 -9 -9 -9 -9 -9 -9 -9 -9 -9 -9 -9 -9 -9 -9 -9 -9 -9 -9 -9 -9 -9 -9 -9 -9 -9 -9 -9 -9 -9 -9 -9 -9 -9 -9 -9 -9 -9 -9 -9 -9 -9 -9 -9 -9 -9 -9 -9 -9 -9 -9 -9 -9 -9 -9 -9 -9 -9 -9 -9 -9 -9 -9 -9 -9 -9 72 74 98 57 39 72 68 58 44 34 72 7 75 56 56 47
-9 -9 -9 -9 -9 -9 -9 -9 -9 -9 -9 -9 -9 -9 -9 -9 -9 -9 -9 -9 -9 -9 -9 -9 -9 -9 -9 -9 -9 -9 -9 -9 -9 -9 -9 -9 -9 -9 -9 -9 -9 -9 -9 -9 -9 -9 -9 -9 -9 -9 -9 -9 -9 -9 -9 -9 -9 -9 -9 -9 -9 -9 -9 -9 -9 -9 -9 -9 -9 -9 -9 -9 -9 -9 -9 -9 70 90 11 22 25 24 64 93 6 91 77 12 0 0 8 0 37 8 22 77
-9 -9 -9 -9 -9 -9 -9 -9 -9 -9 -9 -9 -9 -9 -9 -9 -9 -9 -9 -9 -9 -9 -9 -9 -9 -9 -9 -9 -9 -9 -9 -9 -9 -9 -9 -9 -9 -9 -9 -9 -9 -9 97 100 100 100 -9 -9 -9 -9 -9 -9 -9 -9 -9 -9 -9 -9 -9 -9 -9 -9 -9 -9 -9 -9 -9 -9 -9 -9 -9 -9 -9 -9 -9 96 67 65 29 70 55 88 91 100 38 58 72 47 0 7 4 0 51 6 25 31
-9 -9 -9 -9 -9 -9 -9 -9 -9 -9 -9 -9 -9 -9 -9 -9 -9 -9 -9 -9 -9 -9 -9 -9 -9 -9 -9 -9 -9 -9 -9 -9 -9 -9 -9 0 0 0 22 75 50 99 100 100 100 68 85 94 92 52 -9 -9 -9 -9 -9 -9 -9 -9 -9 -9 -9 -9 -9 -9 -9 -9 -9 -9 -9 -9 -9 -9 -9 38 36 77 76 26 46 68 71 87 98 73 75 19 0 73 36 61 44 3 20 19 27 19
-9 -9 -9 -9 -9 -9 -9 -9 -9 -9 -9 -9 -9 -9 -9 -9 -9 -9 -9 -9 -9 -9 -9 -9 -9 -9 -9 -9 -9 -9 -9 22 0 0 8 9 0 0 4 84 81 99 100 100 100 100 39 9 87 81 88 -9 100 97 96 85 100 93 80 43 46 0 -9 -9 -9 -9 -9 -9 -9 -9 -9 -9 100 23 15 55 85 18 54 78 100 92 48 26 100 62 29 75 27 11 10 43 1 41 32 22
-9 -9 -9 -9 -9 -9 -9 -9 -9 -9 -9 -9 -9 -9 -9 -9 -9 -9 -9 -9 -9 -9 -9 -9 -9 -9 -9 -9 -9 -9 31 12 0 12 25 74 6 0 28 37 47 63 96 100 100 100 94 36 23 8 37 4 63 93 64 70 57 80 81 99 43 2 21 92 100 100 -9 -9 -9 -9 99 72 100 68 20 67 92 66 24 66 79 22 0 9 54 83 70 22 12 8 22 49 2 37 55 33
-9 -9 -9 -9 -9 -9 -9 -9 -9 -9 -9 -9 -9 -9 -9 -9 -9 -9 -9 -9 -9 -9 -9 -9 -9 -9 -9 -9 100 16 41 50 13 35 0 51 0 0 69 21 12 1 87 100 100 100 95 79 68 53 91 45 57 96 4 29 19 48 73 100 76 63 87 100 100 66 31 -9 -9 38 39 27 22 82 33 97 100 53 8 4 14 26 14 64 10 49 11 0 7 18 31 47 36 48 41 40
-9 -9 -9 -9 -9 -9 -9 -9 -9 -9 -9 -9 -9 -9 -9 -9 -9 -9 -9 -9 -9 -9 -9 -9 -9 -9 -9 72 84 8 64 80 2 48 18 21 0 9 56 15 0 87 95 100 94 84 61 99 92 100 100 58 96 89 4 74 63 46 97 100 67 100 100 100 95 20 1 36 41 56 8 35 0 59 82 99 86 16 9 0 1 13 16 44 0 62 42 72 82 96 29 44 22 23 35 0
-9 -9 -9 -9 -9 -9 -9 -9 -9 -9 -9 -9 -9 -9 -9 -9 -9 -9 -9 -9 -9 -9 -9 -9 -9 4 0 53 99 12 49 55 4 28 20 0 0 16 13 15 30 100 95 52 87 72 0 76 100 100 100 38 96 78 1 38 20 22 29 88 100 100 62 86 84 49 15 33 19 30 90 81 57 80 93 20 22 0 0 0 18 16 5 2 20 30 83 100 98 48 25 56 23 2 0 25
-9 -9 -9 -9 -9 -9 -9 -9 -9 -9 -9 -9 -9 -9 -9 -9 -9 -9 -9 -9 -9 -9 -9 -9 0 12 5 86 100 36 34 67 42 5 0 0 0 0 0 0 17 97 51 11 19 51 6 21 54 43 24 4 21 1 0 0 59 12 8 53 100 100 99 40 74 11 28 65 68 80 95 26 12 89 92 42 10 0 23 14 26 51 51 4 45 47 100 75 31 13 29 54 11 0 0 32
-9 -9 -9 -9 -9 -9 -9 -9 -9 -9 -9 -9 -9 -9 -9 -9 -9 -9 -9 -9 -9 -9 -9 0 0 1 21 7 35 62 2 15 69 41 0 0 0 0 0 0 50 77 3 0 21 53 31 23 31 28 54 41 2 4 20 1 30 61 54 6 91 98 77 39 54 28 12 45 34 100 78 45 47 72 54 19 32 26 25 27 25 75 91 77 53 8 16 31 33 70 68 99 22 10 41 48
-9 -9 -9 -9 -9 -9 -9 -9 -9 -9 -9 -9 -9 -9 -9 -9 -9 -9 -9 -9 -9 -9 19 27 3 0 0 0 14 0 7 31 0 21 8 5 0 0 0 0 0 0 0 26 33 0 56 22 13 10 14 55 55 0 6 66 78 30 50 2 0 80 74 0 32 2 0 68 90 72 27 68 74 64 100 46 0 0 12 27 70 56 39 47 83 92 28 0 49 66 5 9 45 48 93 91
-9 -9 -9 -9 -9 -9 -9 -9 -9 -9 -9 -9 -9 -9 -9 -9 -9 -9 -9 -9 -9 27 58 2 0 0 0 25 55 8 12 60 13 0 0 16 39 1 0 0 0 0 0 41 54 78 100 78 45 0 16 79 59 1 44 71 50 17 37 16 8 72 100 9 65 63 0 13 35 33 67 34 41 27 69 2 0 7 21 65 63 37 4 0 37 55 6 51 37 73 56 15 0 3 39 28
16 23 72 63 -9 -9 -9 -9 -9 -9 -9 -9 -9 -9 -9 -9 -9 -9 -9 -9 8 25 21 10 0 0 14 64 60 16 1 11 13 0 0 22 53 10 0 13 22 0 10 30 77 96 100 63 16 0 0 20 73 76 64 57 5 56 61 1 23 76 100 24 15 77 56 48 21 73 61 98 64 80 87 47 11 42 89 63 9 0 29 42 16 8 31 32 0 0 18 57 42 4 37 20
0 23 45 100 100 100 100 9 6 -9 -9 -9 -9 -9 -9 -9 -9 -9 -9 -9 0 0 0 2 37 31 71 17 0 1 0 0 0 0 0 0 2 35 13 17 48 0 2 56 94 66 100 96 45 0 3 0 23 61 94 76 90 52 26 23 32 13 97 41 0 24 43 81 70 89 33 37 53 60 68 20 57 49 1 0 0 0 32 53 32 16 40 54 21 0 0 68 48 16 80 67
0 3 39 25 60 100 100 69 0 3 74 55 44 -9 -9 -9 -9 -9 -9 3 0 17 12 8 36 8 0 0 0 2 0 0 0 0 0 0 0 15 18 0 2 0 16 37 37 45 74 64 56 8 57 1 23 73 88 85 71 75 33 96 59 62 100 43 46 76 20 43 83 28 10 54 0 1 48 6 26 3 1 13 2 11 20 71 17 25 17 90 52 0 0 0 62 63 21 58
4 0 16 0 59 100 100 76 31 6 0 8 14 16 -9 -9 -9 -9 52 39 0 5 0 6 28 3 4 4 0 15 8 0 0 0 0 0 0 0 0 0 0 0 39 63 44 32 69 67 54 80 93 49 0 12 61 3 16 62 45 29 30 41 100 74 42 38 40 73 4 0 11 32 35 37 43 18 44 54 73 100 54 84 35 16 2 3 17 86 97 35 0 0 50 91 80 55
12 18 22 28 57 100 100 97 61 28 0 31 31 2 0 0 3 0 6 51 15 25 66 3 26 5 11 24 62 50 0 0 0 0 0 0 0 17 43 33 6 15 59 63 57 23 99 78 57 80 11 11 0 33 62 49 45 76 90 96 23 58 100 96 75 73 1 53 54 5 42 13 51 18 0 21 81 56 60 26 69 75 35 18 29 1 0 66 88 98 61 0 7 77 94 12
63 26 0 18 15 74 73 89 88 28 16 33 0 32 0 39 25 0 0 0 6 13 19 12 10 0 0 0 19 21 14 2 0 0 0 0 0 5 30 4 0 98 38 96 79 56 100 84 7 0 0 0 1 63 9 0 0 0 0 9 22 38 100 96 96 93 45 11 83 47 1 7 5 1 8 96 59 40 6 0 43 59 44 30 68 13 11 17 32 53 72 51 49 23 40 6
79 33 5 0 10 30 7 31 99 32 22 0 0 39 5 2 16 15 23 15 0 0 0 37 18 53 19 0 6 12 12 14 0 0 0 0 0 0 0 0 25 17 55 77 88 99 76 10 0 0 0 0 7 99 43 0 0 0 0 32 0 12 32 15 16 13 52 71 81 18 0 1 80 74 79 69 66 0 0 3 31 64 29 79 16 67 11 11 18 42 22 38 60 82 19 27
72 74 38 0 21 7 2 29 95 86 76 23 0 10 34 18 21 41 52 16 0 0 0 3 18 0 11 0 17 46 10 25 0 0 0 0 0 0 0 1 9 16 0 0 12 25 1 0 0 0 1 8 20 45 0 0 0 0 19 14 0 0 0 0 0 0 2 58 31 18 1 33 48 100 66 32 34 0 22 0 23 0 34 54 59 85 21 5 0 39 75 50 39 24 66 26
6 40 70 11 5 16 0 1 28 55 100 44 0 10 23 75 11 24 46 1 0 30 0 0 0 0 38 35 0 27 38 31 5 8 0 0 0 0 0 31 94 45 0 0 0 0 0 0 22 66 78 100 80 94 70 49 58 23 65 93 75 35 66 20 0 0 0 78 100 64 8 24 44 51 2 21 12 1 35 44 61 60 78 61 51 75 0 0 0 24 68 5 79 100 97 22
55 77 95 39 32 16 29 0 0 24 62 2 25 54 35 75 33 2 48 83 77 62 53 23 72 81 68 1 2 17 17 48 70 50 0 0 0 0 2 1 35 0 0 0 0 0 0 2 83 93 89 97 45 6 19 54 66 79 49 39 60 64 27 32 55 33 7 46 42 84 17 19 78 25 6 36 80 60 84 100 100 53 86 13 48 50 19 30 10 33 30 9 30 79 78 45
20 9 76 84 73 22 64 31 2 69 58 13 2 47 21 63 90 31 4 27 56 100 99 86 61 62 0 0 9 26 3 28 26 0 0 0 0 0 18 32 0 36 44 6 0 16 0 0 65 62 3 5 1 0 38 7 36 82 60 0 24 19 48 35 17 28 50 15 7 22 33 18 77 74 93 92 94 33 53 92 80 54 92 19 13 37 98 98 98 81 17 7 0 11 2 42
0 1 73 65 26 18 69 10 53 13 18 0 0 0 2 17 73 15 0 0 0 56 37 49 67 95 53 65 80 85 14 76 25 0 11 32 10 7 23 73 12 24 75 30 52 20 0 41 4 0 0 25 22 35 46 57 49 0 30 69 34 26 4 16 1 47 68 58 0 0 63 67 47 54 7 68 66 57 36 57 48 4 2 0 0 51 91 58 95 100 98 21 1 45 3 15
27 64 76 4 0 0 40 34 14 6 0 0 58 87 17 11 93 26 17 8 0 0 0 50 100 96 64 36 24 16 6 1 21 0 61 41 50 40 16 39 59 100 97 71 23 3 0 61 68 0 70 89 85 66 39 8 12 0 10 62 48 7 5 10 33 4 8 15 0 0 35 36 20 0 20 43 82 90 54 28 58 30 35 67 42 1 6 51 68 98 96 4 0 17 17 0
97 79 70 52 35 93 99 59 33 0 0 44 64 67 99 61 77 89 90 91 40 3 0 15 87 50 0 7 0 0 0 0 0 0 19 77 19 27 3 91 100 59 96 73 54 14 0 91 100 54 76 44 38 4 18 54 42 24 33 36 6 0 0 71 100 40 0 0 2 29 42 1 38 0 6 0 68 39 23 31 72 26 100 61 6 4 0 0 0 39 74 27 6 0 6 5
37 0 10 69 65 100 92 51 0 0 36 100 53 4 47 62 45 54 80 91 8 0 2 68 31 0 2 46 53 36 16 0 0 0 0 0 0 26 5 94 96 55 97 74 87 75 15 12 49 96 82 96 82 45 43 9 54 52 8 6 31 33 67 98 54 32 10 32 74 39 42 16 29 0 30 77 27 50 50 12 43 22 13 0 27 47 72 33 9 10 35 46 17 21 56 42
21 9 0 3 78 100 100 64 0 14 90 67 30 26 0 41 53 19 0 22 25 25 32 42 9 0 53 80 15 41 46 40 25 0 0 0 0 0 2 68 64 7 43 38 43 77 64 10 25 42 83 58 13 51 95 25 18 6 22 67 28 100 100 61 32 22 39 75 43 46 20 2 35 0 57 65 16 59 73 18 30 66 0 6 22 15 75 38 67 50 3 48 84 91 100 99
16 0 0 22 74 98 12 42 19 65 68 67 30 73 55 89 99 87 45 11 0 5 0 16 10 33 26 0 11 22 37 31 93 56 59 18 0 8 43 100 90 38 71 29 27 58 31 37 50 7 21 2 2 30 39 17 0 9 41 10 66 54 68 79 46 55 49 36 33 40 12 29 80 45 60 59 80 88 57 41 86 65 28 8 54 23 35 11 50 67 10 0 7 34 80 87
0 0 0 36 50 54 1 12 88 25 0 3 45 100 74 95 99 97 96 92 62 7 1 67 58 59 47 78 99 83 79 90 100 84 33 10 7 57 81 80 33 81 69 40 73 16 17 19 73 87 92 84 17 29 1 32 0 24 53 61 25 57 38 93 77 39 5 0 4 46 50 24 47 57 69 81 88 45 16 29 28 13 17 28 78 4 21 7 43 100 17 0 0 37 73 9
0 0 6 32 93 65 10 60 44 55 49 55 98 67 100 90 52 66 58 94 100 98 94 88 84 100 100 92 82 88 26 47 48 43 82 59 40 11 76 32 32 63 12 29 35 77 52 25 46 23 92 33 23 48 16 90 68 75 60 94 33 65 11 17 25 74 14 0 43 85 60 41 85 91 25 35 46 8 0 1 33 0 15 1 0 39 44 27 53 71 89 29 5 21 59 0
46 33 67 37 70 74 5 63 37 90 40 55 62 97 85 81 62 59 24 41 36 83 100 98 79 93 85 74 64 75 82 51 52 43 39 69 29 17 70 20 28 63 28 38 31 76 40 22 69 70 88 50 49 57 68 64 99 89 60 69 0 12 15 4 3 85 96 24 40 40 51 21 48 36 28 21 30 44 1 44 98 53 0 1 0 20 44 20 2 29 100 89 10 48 0 32
5 0 42 1 28 82 98 100 87 60 25 27 47 67 62 34 43 12 71 78 98 99 100 70 82 68 20 75 14 42 62 11 18 60 84 64 62 81 86 50 33 8 50 78 5 25 57 51 42 54 59 47 24 75 23 63 85 31 1 55 3 0 19 70 65 66 57 51 39 73 50 75 63 50 60 44 58 61 40 14 70 98 20 18 76 51 79 32 5 37 52 71 78 9 0 30
0 0 2 0 0 18 22 31 89 75 31 89 97 35 39 67 24 35 68 60 71 53 17 39 53 55 60 17 18 28 0 13 0 14 69 70 77 56 74 54 16 35 87 83 71 52 79 44 0 0 6 46 42 62 4 45 24 69 3 14 16 61 82 48 60 75 81 68 90 76 71 41 53 48 75 69 62 3 14 4 36 59 90 40 5 31 21 25 61 18 0 23 77 89 3 0
12 0 0 0 36 0 0 31 77 45 94 65 33 9 47 19 46 45 72 76 89 60 30 45 37 33 88 84 28 6 0 0 0 21 94 69 63 44 45 68 89 46 0 30 73 13 31 11 0 36 26 10 1 26 0 26 12 21 0 0 32 96 47 48 76 69 50 73 56 5 0 12 0 2 64 61 36 34 27 25 0 8 51 41 7 24 4 0 6 66 23 12 75 51 44 0
0 0 0 2 45 34 47 46 99 92 100 51 2 10 50 57 65 85 79 48 72 89 69 19 32 59 96 97 75 6 0 0 0 46 45 84 58 43 73 75 41 61 17 24 56 6 50 21 5 10 0 4 21 76 50 17 74 74 65 39 75 64 81 49 64 78 36 0 32 99 27 0 0 37 94 70 2 57 97 24 13 81 53 23 83 70 77 38 1 15 0 17 2 62 99 50
0 0 11 59 70 56 41 67 51 40 1 4 47 14 64 62 70 82 99 56 57 51 76 37 70 75 45 67 98 43 1 0 1 35 58 59 82 36 62 40 5 58 27 42 40 32 60 45 33 69 44 38 56 53 30 16 26 60 45 27 55 98 80 48 45 39 39 3 51 68 2 0 0 57 85 78 1 38 86 6 12 48 13 3 41 26 36 68 42 0 33 16 11 48 79 17
35 43 68 50 41 62 72 90 43 29 16 15 18 25 68 87 98 52 33 38 33 65 53 73 72 94 62 71 96 67 73 21 21 46 74 50 14 0 8 6 29 15 52 72 69 83 57 50 33 63 91 57 19 76 63 58 79 14 6 43 97 67 22 7 0 45 70 0 30 12 0 15 3 10 17 15 0 0 4 0 0 17 69 0 0 0 0 33 54 0 66 25 3 11 65 44
80 70 72 74 79 65 53 26 42 71 37 10 13 92 88 82 65 32 58 60 91 100 78 51 54 67 12 0 9 22 45 68 59 53 39 27 44 78 64 69 61 36 60 50 68 72 91 27 73 63 52 49 33 61 45 47 13 41 68 70 64 35 11 0 23 73 49 38 54 68 9 78 16 5 66 53 67 23 22 12 22 84 47 26 0 10 83 45 46 7 25 22 50 12 15 26
72 49 73 60 73 48 36 50 52 48 78 37 69 87 35 17 3 0 4 0 18 31 31 90 94 100 95 80 75 93 85 31 38 94 74 70 44 84 65 68 73 73 27 37 23 23 30 62 78 57 60 43 53 42 36 36 72 36 57 52 62 27 3 26 71 43 0 23 40 84 50 5 25 13 19 66 100 46 61 69 100 75 45 44 0 0 36 44 49 49 9 66 14 22 26 7
59 51 42 42 43 83 69 50 68 9 56 79 39 19 22 10 0 0 0 0 0 0 0 21 21 30 33 8 11 32 7 61 95 84 71 32 46 59 63 53 53 40 33 64 59 85 46 50 49 48 55 45 48 80 44 51 67 62 93 68 11 18 15 49 18 21 0 0 65 100 41 0 37 99 46 2 17 100 63 9 26 78 71 100 45 1 0 0 2 63 86 100 48 64 7 0
64 41 65 53 36 48 41 51 2 38 74 72 68 16 17 31 0 0 2 10 0 0 0 0 3 23 0 0 0 0 17 75 37 74 68 56 92 63 29 34 62 51 1 13 23 20 35 83 34 30 20 34 97 67 75 98 100 89 69 44 4 61 19 8 19 13 0 8 95 97 10 0 46 88 91 71 14 63 83 1 0 12 5 85 100 65 0 0 0 2 76 100 53 16 3 0
22 8 48 55 66 72 48 17 0 71 65 20 47 0 0 0 0 0 44 41 0 3 31 50 12 32 39 15 5 0 29 60 45 66 45 77 66 51 73 64 40 16 62 64 55 25 45 30 84 51 14 29 79 100 100 36 28 5 1 3 10 17 60 15 31 37 34 49 100 55 0 0 22 65 74 58 13 47 86 20 0 21 21 74 100 100 20 28 0 0 19 93 95 38 9 35
30 14 79 87 62 42 32 0 0 0 0 0 0 7 26 25 0 8 7 9 31 58 90 68 66 86 54 65 70 60 59 100 100 69 46 44 30 40 54 52 42 69 45 34 32 64 68 46 35 25 34 88 100 85 68 3 0 2 14 68 32 100 69 67 77 55 52 43 88 0 0 0 41 100 58 68 21 36 56 7 6 29 24 0 34 81 2 31 17 2 0 14 75 9 22 41
69 95 74 52 34 36 12 9 9 8 13 25 18 80 70 83 46 73 59 78 85 93 52 12 8 60 38 20 42 84 89 77 72 67 58 46 38 19 26 52 60 78 76 50 61 46 62 87 80 37 58 64 21 1 0 0 12 85 100 64 18 65 59 53 45 17 13 58 40 22 0 2 27 79 44 44 45 37 58 1 12 5 0 0 3 41 0 0 39 30 0 0 86 39 30 31
42 68 10 26 78 94 76 98 97 84 97 99 79 65 42 54 91 100 100 93 96 85 90 44 57 55 77 87 74 58 97 39 57 69 42 43 69 69 63 80 18 44 25 14 7 46 51 88 91 83 12 0 0 0 1 18 19 82 81 40 0 0 30 32 35 7 21 49 72 53 38 8 68 91 47 13 18 21 75 50 0 2 0 0 29 0 3 21 11 41 0 0 22 24 6 4
24 31 61 77 45 42 70 95 89 85 72 79 94 46 68 97 97 98 56 67 66 74 72 53 36 48 66 58 50 70 75 37 34 70 31 43 49 30 2 0 0 0 35 74 72 99 62 100 92 16 0 0 0 0 0 51 16 0 0 0 0 0 0 25 66 85 75 20 40 46 73 28 43 71 53 38 4 51 45 90 45 43 17 0 0 43 0 45 70 26 1 0 0 0 0 4
18 89 70 27 69 62 71 60 55 36 38 42 29 83 92 97 53 12 67 92 89 95 64 59 69 61 51 51 54 71 58 83 72 55 60 64 39 0 0 0 0 1 89 75 82 55 58 54 18 0 0 0 6 75 18 59 16 1 22 25 0 0 0 17 42 38 48 59 27 37 29 23 54 3 15 24 35 1 18 26 83 64 0 0 0 7 0 13 42 77 33 0 0 10 4 4
