data/habitatmaps/RS_maps/habitat_Fringilla.coelebs_2010.asc
NCOLS 369 
NROWS 228 
XLLCORNER 479000 
YLLCORNER 73000 
CELLSIZE 1000 
NODATA_value -9 
[rows 61 to 121 of 228, columns 96 to 191 of 369]
23 32 61 78 45 42 70 95 92 86 72 80 89 49 68 96 97 98 56 67 66 74 72 58 36 51 67 58 51 65 75 37 35 71 32 43 49 33 10 28 4 51 35 85 75 98 62 100 92 35 44 7 26 46 26 48 59 1 60 93 38 26 40 52 67 85 76 20 40 58 73 91 48 71 53 38 80 67 45 90 64 45 35 0 29 43 43 45 70 26 4 69 17 2 4 5
18 89 67 27 69 62 71 60 55 36 39 42 29 86 92 97 55 14 68 92 89 95 64 58 69 61 51 51 54 72 62 84 72 56 60 64 47 9 16 39 1 1 89 75 83 71 100 74 18 4 39 24 50 75 22 62 30 13 91 57 51 5 45 100 75 62 60 59 29 73 39 26 54 16 37 25 50 22 25 27 83 64 41 0 55 94 38 17 42 77 43 63 0 10 23 9
83 77 17 41 28 31 32 88 100 84 78 96 100 46 47 71 47 55 64 43 86 75 59 42 29 18 32 15 68 66 66 81 59 93 76 56 55 68 78 86 92 96 94 93 77 70 48 6 6 36 34 65 80 76 75 82 52 93 98 82 52 49 22 65 93 96 90 71 26 29 30 29 68 29 20 24 79 50 27 36 55 85 48 0 15 48 1 24 31 41 35 10 16 34 56 16
42 14 36 14 3 52 65 50 55 72 35 36 69 62 75 85 85 58 32 83 87 48 25 12 25 56 53 80 75 71 25 53 50 87 78 96 78 82 96 90 97 100 24 28 41 0 0 0 33 55 55 69 57 64 19 38 34 74 100 75 56 97 93 69 74 94 87 24 22 92 81 1 76 79 75 29 43 30 51 5 60 54 33 0 0 52 0 0 41 53 29 8 21 60 36 17
5 20 25 64 81 35 27 9 10 21 39 45 61 54 66 69 76 75 94 34 37 26 35 68 66 55 63 95 69 5 17 46 66 87 81 63 45 63 43 44 52 56 78 75 80 0 18 32 53 80 16 48 40 68 57 81 62 44 100 71 24 84 50 52 62 68 88 36 68 51 57 2 63 86 8 8 13 43 51 0 42 41 71 37 0 15 4 22 32 77 28 26 28 91 85 10
49 47 25 52 67 54 45 44 63 80 89 76 56 59 33 36 50 97 100 82 64 79 90 60 67 71 99 50 39 90 100 100 56 56 77 53 66 94 23 21 8 37 35 0 8 15 9 93 100 36 74 9 12 40 70 95 97 96 78 9 21 87 86 60 33 84 95 69 12 57 38 1 22 57 29 43 21 72 20 14 59 100 98 44 0 27 51 6 0 67 30 7 0 19 69 50
16 37 39 45 63 47 60 86 59 59 36 51 65 39 33 39 69 90 87 68 41 65 79 50 36 93 100 98 84 80 60 79 95 82 20 61 21 58 42 16 70 61 10 54 57 69 76 80 99 33 18 50 96 70 40 88 45 100 100 26 39 62 76 65 10 41 32 34 73 67 59 10 16 7 50 64 49 21 92 62 68 85 75 87 25 20 51 88 35 43 99 16 0 29 17 59
33 33 52 42 59 57 35 34 38 62 73 73 36 58 24 12 31 60 56 42 79 47 76 98 72 84 85 100 85 100 99 98 88 70 39 22 50 51 42 1 52 30 76 81 73 100 59 50 45 35 61 59 6 54 57 100 95 39 34 5 19 20 22 39 31 80 42 74 64 57 27 28 20 47 14 88 59 57 31 95 59 81 59 20 52 0 46 35 19 22 52 31 27 2 24 41
16 43 70 77 70 41 71 24 48 52 11 15 72 60 59 73 49 70 100 100 98 73 64 51 85 95 100 100 92 92 90 54 39 82 67 42 63 66 7 0 18 49 39 36 68 61 37 13 32 77 98 11 34 85 64 67 45 25 37 23 30 34 87 78 13 46 74 78 78 96 22 4 0 56 26 21 9 75 12 27 35 70 27 0 60 16 20 11 18 9 6 35 12 18 31 17
34 22 57 44 29 12 27 23 30 20 49 22 46 89 80 81 80 58 20 47 56 54 62 94 100 100 41 50 38 49 45 61 94 69 89 49 26 28 7 0 35 86 54 34 93 11 9 26 71 64 90 35 56 92 83 31 23 74 44 53 46 85 74 49 62 1 38 69 71 76 15 4 19 5 8 22 4 32 56 42 21 32 0 24 64 32 64 73 0 0 39 77 33 11 27 10
62 54 26 48 93 22 77 23 35 84 100 94 92 28 46 52 41 46 99 79 92 100 81 70 57 19 22 37 38 96 98 68 100 45 20 34 47 32 47 20 33 60 52 56 26 49 46 63 69 43 71 72 64 100 92 4 3 10 10 27 26 50 22 24 47 48 40 86 81 36 3 10 17 7 72 51 26 3 36 17 37 15 5 3 75 32 7 39 50 27 17 58 42 2 10 21
29 33 51 56 54 46 85 76 76 74 23 37 55 92 89 61 50 80 98 94 100 100 16 60 4 38 43 0 22 32 84 90 73 55 44 78 60 21 74 80 84 57 20 44 26 95 71 10 16 80 94 94 69 71 23 0 0 58 18 31 29 35 3 59 7 51 68 11 29 11 11 43 25 1 4 51 16 9 35 0 2 51 59 16 33 15 0 3 30 8 7 44 61 29 14 26
56 28 25 26 92 99 82 75 79 93 82 71 65 86 59 56 97 97 100 70 94 100 84 77 22 31 31 0 0 0 11 53 73 73 34 60 71 6 28 52 100 42 66 57 40 35 46 27 33 47 66 34 75 26 24 51 0 52 55 3 27 0 20 82 79 82 89 38 22 17 0 39 18 33 0 43 18 13 15 0 0 0 22 35 39 26 6 0 0 16 25 19 84 31 0 0
11 20 51 12 39 96 78 63 91 68 63 53 76 86 35 52 53 14 93 80 75 100 28 4 0 24 0 0 9 66 55 76 59 61 30 75 42 34 46 26 25 22 43 39 98 77 10 23 17 23 26 73 83 86 54 18 0 25 7 24 0 6 25 56 66 78 76 100 35 39 41 54 29 59 71 10 0 18 16 0 13 8 20 22 64 21 21 0 19 14 0 9 34 16 0 0
64 49 59 76 65 63 60 71 80 81 55 67 7 37 100 97 89 76 47 91 5 15 16 0 0 19 15 3 20 49 97 56 73 76 74 23 74 31 44 18 55 27 12 51 36 27 18 8 42 57 11 14 58 56 37 38 50 24 54 33 3 13 10 1 28 25 15 42 45 50 12 22 0 36 50 39 31 48 34 0 49 76 8 33 72 0 0 0 41 14 0 31 27 50 10 1
31 58 53 56 73 92 95 33 40 89 65 74 66 85 48 43 61 65 21 3 0 0 0 14 19 47 49 26 85 85 48 80 25 62 64 76 64 43 20 63 71 37 12 66 22 40 59 85 57 49 33 19 39 61 43 17 39 71 50 17 17 9 5 20 28 5 55 0 0 0 1 27 2 7 39 85 29 7 19 22 36 35 7 6 0 0 22 20 6 74 10 0 5 33 29 53
50 63 34 16 26 74 87 95 75 65 81 95 79 82 78 57 58 47 34 0 0 0 0 36 56 66 53 87 91 39 29 35 42 66 81 49 43 33 55 22 80 30 61 14 28 64 82 25 44 74 23 30 29 15 37 7 86 44 30 35 0 31 30 3 75 33 37 4 0 0 7 41 34 16 11 38 20 0 0 21 22 4 8 20 0 26 1 5 11 56 23 3 6 29 12 5
46 23 17 14 39 50 40 30 21 82 100 95 50 25 84 82 31 0 0 0 0 19 45 79 80 70 82 73 54 61 29 45 64 43 92 63 73 44 55 10 22 30 72 56 37 34 19 10 27 2 0 19 41 27 80 84 45 12 22 20 13 4 30 32 10 45 14 8 22 3 53 65 52 0 12 12 4 0 0 21 10 0 8 10 47 0 0 24 20 22 7 61 20 25 0 0
77 28 29 61 54 76 33 86 62 100 100 100 65 72 82 21 3 21 11 23 37 29 42 97 62 20 0 1 32 35 40 45 47 28 59 96 69 38 46 2 9 12 32 63 47 17 38 50 19 31 7 32 68 10 5 15 17 20 15 12 12 17 11 23 30 36 8 19 58 9 19 56 5 0 19 2 8 34 0 0 0 16 27 33 17 25 14 23 38 2 10 16 8 0 0 15
90 51 32 45 90 88 77 88 94 87 57 78 99 70 22 27 26 36 57 97 72 56 22 48 39 54 2 31 76 78 16 12 68 23 18 78 3 11 57 45 52 19 70 20 44 35 55 44 5 32 41 29 26 58 16 20 24 30 24 16 55 74 42 27 37 30 32 16 53 0 21 7 4 1 0 0 7 34 0 0 0 41 15 13 0 0 8 0 13 4 23 50 27 0 35 3
33 65 77 77 57 79 99 86 31 35 86 98 61 18 8 3 39 82 86 53 72 26 35 84 83 30 4 70 93 14 0 34 93 94 5 64 36 65 15 53 62 61 34 33 27 34 13 43 14 57 35 25 20 33 21 71 29 24 8 2 16 38 26 61 31 76 66 18 77 25 38 28 0 0 0 2 0 0 14 0 0 35 22 16 0 36 39 20 3 0 3 37 24 52 44 34
80 45 2 45 52 96 63 10 16 87 74 56 74 47 31 39 44 25 15 28 40 2 14 18 31 56 36 42 22 20 52 52 31 22 15 67 0 17 9 34 22 64 47 33 21 51 64 19 43 49 15 0 23 19 57 44 28 41 13 18 8 22 20 21 19 69 94 41 20 8 2 0 2 30 46 24 5 0 0 23 20 18 26 12 20 4 11 20 48 21 35 7 6 24 12 8
9 21 52 61 78 44 3 5 57 45 98 51 62 100 49 28 24 29 40 10 34 12 28 97 61 22 0 0 22 34 54 45 13 0 27 12 0 14 39 30 30 18 84 25 16 21 48 20 59 33 8 4 85 65 25 26 46 26 11 1 0 3 12 19 10 51 31 43 24 19 0 20 18 19 2 34 19 0 30 31 7 37 24 9 47 17 0 9 28 18 27 38 71 10 36 26
6 56 97 59 27 0 0 61 5 56 64 67 48 76 51 54 90 62 14 90 86 69 73 12 4 0 0 0 51 2 19 5 24 7 0 0 8 36 91 44 71 66 21 35 30 58 27 0 37 18 28 2 8 62 4 0 16 24 25 0 0 9 2 0 13 9 0 19 25 5 0 6 16 12 0 21 47 16 4 36 25 27 51 3 39 10 19 93 62 44 0 32 55 64 43 15
56 67 58 49 14 0 0 16 50 86 64 6 13 4 18 19 51 42 27 24 40 9 5 6 1 30 31 29 29 42 67 29 5 31 57 28 19 65 74 92 83 63 81 75 41 46 58 36 10 2 36 21 24 0 1 0 2 1 6 59 18 3 34 23 12 4 1 0 24 29 18 0 0 27 2 1 35 44 10 10 5 33 25 8 22 0 27 94 49 39 0 55 73 67 53 9
95 55 16 1 0 0 0 32 62 89 57 11 0 0 88 72 62 55 48 93 20 1 4 29 43 64 56 59 44 70 58 39 22 66 35 46 97 35 23 71 93 46 30 35 54 72 31 28 8 9 22 0 0 0 0 0 39 0 14 83 14 18 41 16 24 5 12 0 14 39 30 26 0 2 0 0 15 60 14 30 11 0 28 1 0 7 21 59 100 56 28 49 48 72 66 11
39 0 15 7 0 0 24 56 58 48 17 0 0 41 45 98 51 40 40 94 16 49 37 52 32 47 73 39 82 64 26 37 18 29 74 36 33 41 61 65 46 43 2 12 32 2 6 7 29 44 3 19 46 31 0 0 14 9 32 20 16 3 28 30 11 40 14 0 22 53 62 29 23 40 0 0 64 60 0 0 0 0 31 37 0 4 0 61 44 62 68 53 52 81 36 61
13 0 8 0 0 0 44 52 26 11 22 0 8 53 2 40 70 46 26 14 21 15 15 56 41 25 51 26 29 35 84 79 3 12 72 25 41 28 31 76 73 37 34 48 50 29 25 3 0 0 23 31 81 8 12 20 44 16 64 25 44 8 35 33 1 25 33 30 68 31 31 70 41 62 21 6 28 20 17 38 34 40 0 0 0 0 7 28 49 87 38 83 58 31 41 71
0 0 0 0 3 52 25 7 17 32 0 4 29 61 15 14 0 24 26 48 50 16 63 31 1 40 19 25 12 24 56 14 0 23 65 29 51 21 57 85 84 22 32 73 32 22 22 16 0 24 21 19 50 67 71 68 76 77 78 73 56 2 47 20 5 35 43 47 49 49 71 59 71 29 13 40 38 44 59 61 41 25 16 1 48 6 51 74 90 95 70 26 43 77 100 94
0 0 11 43 79 39 8 37 3 5 0 8 39 53 65 0 0 25 0 21 39 29 20 16 69 59 62 7 42 29 67 13 21 51 28 12 53 17 67 94 55 0 19 18 13 11 6 26 23 4 25 23 37 19 54 78 66 55 81 76 75 29 31 47 32 29 54 38 56 62 29 44 38 28 36 24 54 61 59 35 14 55 40 0 0 14 61 71 52 61 77 21 4 7 39 64
41 55 76 44 53 7 51 32 4 0 4 45 65 53 1 35 3 5 34 65 48 35 30 18 4 35 16 0 34 19 4 23 41 13 58 28 87 73 50 73 42 21 66 19 6 6 28 18 19 19 1 22 34 56 88 73 70 70 62 63 57 46 30 43 62 34 53 38 54 73 37 25 33 18 39 50 48 20 30 9 16 63 19 59 67 43 79 53 89 100 39 85 93 24 1 32
59 64 89 57 0 28 30 0 3 0 4 60 22 18 41 13 11 49 32 75 52 64 77 76 32 14 11 0 10 31 36 21 54 28 55 77 42 49 45 65 54 35 24 3 22 26 13 29 78 60 35 38 54 51 84 80 86 53 59 40 79 28 42 62 79 74 89 83 58 63 30 48 26 15 57 30 2 37 28 0 12 46 25 38 44 80 56 74 61 56 64 72 74 31 0 0
35 36 56 21 33 21 0 0 0 59 34 39 29 1 25 83 94 73 93 71 37 26 64 28 11 61 64 0 26 58 52 23 70 80 24 59 64 40 36 21 33 52 19 28 33 36 13 30 47 11 7 9 61 86 75 89 100 72 57 41 66 76 60 94 86 74 78 60 58 56 39 37 1 0 48 17 66 49 51 21 15 37 57 83 83 99 71 60 69 29 65 74 21 29 0 0
23 11 4 18 38 0 0 0 16 54 10 17 70 58 89 100 70 49 51 40 23 12 63 27 15 27 56 51 65 52 93 77 81 59 44 42 32 32 75 89 27 64 55 80 46 0 42 24 22 17 36 19 36 46 69 74 77 48 66 82 86 86 88 100 97 90 95 72 52 45 64 38 0 7 42 36 61 74 47 45 68 58 98 37 33 95 74 73 89 89 71 33 38 52 0 0
15 0 12 0 1 0 0 6 81 69 4 39 24 24 42 57 75 17 19 56 48 20 19 18 13 88 85 85 85 88 99 100 67 34 30 82 46 32 24 45 20 13 9 58 41 35 53 38 27 51 52 44 71 44 68 73 77 98 80 91 82 74 100 92 80 83 79 86 50 28 82 24 42 38 40 16 43 40 63 96 68 55 86 82 53 91 95 68 100 90 44 46 20 8 0 18
0 23 52 13 0 0 0 29 62 57 18 44 36 9 65 23 17 12 5 21 10 13 22 9 35 33 68 41 62 72 61 36 53 80 94 56 42 64 39 29 62 26 35 15 5 28 10 15 10 56 42 44 53 57 76 78 33 98 78 61 61 33 98 64 100 100 91 84 43 54 75 7 37 3 12 58 67 68 88 72 52 82 72 49 58 89 70 45 88 45 23 73 0 0 25 78
24 55 3 0 0 0 0 0 60 15 25 34 29 64 81 2 21 50 48 38 31 3 43 40 48 79 83 19 75 40 56 76 74 66 81 87 64 12 59 51 52 27 37 30 21 29 58 29 9 25 26 15 57 76 61 49 38 61 83 68 55 38 73 63 92 84 67 88 61 60 40 14 39 19 17 19 53 95 79 100 68 77 34 57 71 75 22 0 58 40 25 55 20 31 55 39
0 0 0 0 0 0 78 46 63 58 36 41 28 65 72 45 38 22 55 48 79 21 39 69 88 100 99 70 96 86 33 48 53 45 44 23 34 53 35 35 38 22 24 18 0 0 25 63 47 27 16 49 50 43 57 57 68 61 63 40 63 46 34 93 93 64 42 60 43 41 24 34 39 96 96 55 22 46 94 93 39 31 14 30 52 0 1 4 75 83 54 88 52 68 60 75
61 2 0 0 0 0 29 4 0 16 18 66 38 19 31 60 47 18 27 43 85 91 100 100 80 79 42 25 33 34 25 13 21 36 12 0 20 31 62 44 48 16 11 0 20 15 65 39 18 1 49 53 46 31 59 48 88 53 57 57 43 66 69 81 57 77 64 54 31 1 2 0 40 60 67 41 68 38 50 48 22 49 88 53 44 20 22 32 97 27 2 3 26 44 19 72
48 80 6 0 0 32 2 11 34 7 23 32 25 18 42 44 39 42 14 26 94 100 89 60 50 42 50 27 97 97 73 53 56 58 37 42 30 39 35 55 42 47 0 8 12 37 44 34 16 40 36 69 22 57 57 61 59 68 65 39 73 59 35 17 30 23 12 23 38 40 18 41 77 32 56 51 63 35 56 91 32 37 70 77 65 61 60 73 26 1 28 67 32 16 10 57
0 55 34 47 14 41 34 36 31 45 38 38 25 75 37 62 15 8 34 42 66 100 58 83 39 58 86 88 62 96 61 49 26 24 26 1 33 42 26 50 14 38 46 41 45 46 46 39 17 16 43 62 36 45 41 25 44 82 41 48 75 70 66 61 33 4 4 30 44 43 38 36 74 41 46 28 31 52 55 69 68 75 60 88 62 96 50 32 31 23 45 11 26 36 49 33
9 45 40 0 0 0 29 38 28 37 35 1 24 36 44 56 2 16 17 7 35 69 73 81 93 100 100 100 52 90 76 62 19 10 21 6 5 0 28 31 20 68 57 28 96 89 78 27 1 39 36 55 41 18 30 51 51 40 46 66 75 55 79 64 5 36 22 4 10 28 65 48 56 25 36 33 23 53 53 61 87 51 77 69 74 58 45 35 46 58 34 7 65 49 19 11
77 13 27 11 1 72 29 7 20 30 46 22 6 13 60 73 42 61 49 31 47 88 97 89 92 96 89 76 97 81 75 47 42 3 71 37 41 8 12 11 13 11 0 21 44 66 45 43 34 35 58 68 38 34 20 76 37 58 62 57 40 69 62 29 10 16 22 35 21 59 73 32 58 0 38 61 52 87 85 75 90 98 81 67 87 41 3 48 55 97 61 69 81 16 9 16
51 24 9 64 63 78 11 61 15 36 12 0 5 53 60 71 98 64 80 32 36 35 50 71 81 42 43 40 21 68 60 23 32 38 29 29 36 48 23 34 11 13 26 21 31 51 48 0 39 80 55 74 54 51 18 52 37 57 65 71 56 55 47 17 4 51 20 76 59 72 60 23 17 30 44 65 37 84 64 74 79 100 94 67 90 43 19 11 18 85 47 51 36 3 13 77
27 12 23 37 53 9 3 14 23 68 5 8 27 83 98 66 41 60 56 1 54 14 62 68 73 40 57 51 0 22 24 4 11 7 31 17 20 2 4 16 43 12 7 6 64 25 47 20 27 29 27 64 49 65 63 57 79 65 48 54 39 47 43 12 42 40 62 56 49 61 41 0 0 7 26 74 63 68 80 89 61 68 83 98 58 50 17 17 17 18 37 75 50 12 7 43
49 37 31 0 0 24 57 59 38 98 70 11 6 43 87 24 3 9 55 16 42 15 31 62 73 60 33 31 13 47 20 22 19 37 0 33 18 6 28 51 45 42 46 58 20 18 23 15 39 28 41 25 56 59 55 52 73 61 32 41 50 19 7 56 54 63 33 48 7 48 54 9 2 4 7 44 40 27 94 90 22 40 38 19 3 19 57 27 74 25 9 69 28 44 80 59
21 21 5 2 48 86 16 13 33 58 34 26 1 42 47 82 62 57 47 6 23 24 31 30 18 4 44 28 83 70 9 49 47 34 23 0 7 65 91 33 2 35 14 43 16 21 45 54 38 64 11 42 56 29 40 34 35 47 82 60 34 37 28 46 68 14 28 54 32 2 26 2 0 8 17 27 55 62 43 54 17 16 2 0 4 41 71 49 0 0 34 40 40 11 39 82
31 22 14 0 12 67 20 43 24 19 7 15 34 18 64 2 3 27 28 58 60 68 14 56 33 72 30 25 53 53 38 55 48 10 16 27 18 34 28 34 7 40 29 48 32 41 24 43 53 48 57 41 74 28 27 52 39 57 65 13 36 60 54 69 82 45 21 38 55 26 58 56 30 46 2 29 78 59 66 45 6 25 26 64 23 8 26 15 8 9 70 36 39 3 38 78
36 16 38 45 0 2 37 13 4 21 18 9 1 11 37 22 17 39 33 14 15 0 17 13 19 3 10 7 31 35 42 50 91 48 76 0 7 11 88 24 18 3 62 62 81 66 55 15 27 47 78 50 15 41 73 62 37 53 54 16 21 26 67 32 36 35 15 35 29 49 84 57 67 27 37 37 24 62 100 74 26 35 30 8 0 36 19 0 32 67 32 9 1 0 54 80
55 50 50 18 0 0 0 3 0 10 2 33 70 30 11 36 1 28 60 53 30 0 0 22 2 0 0 9 44 31 47 6 72 71 21 8 23 50 34 6 42 52 93 81 60 44 39 57 30 32 33 43 11 70 80 53 65 43 43 52 24 57 68 28 50 34 61 74 36 19 52 58 61 78 57 80 10 73 45 20 45 85 13 0 18 50 14 48 84 64 21 31 9 18 79 26
70 37 25 6 0 8 24 8 24 12 49 14 7 3 17 1 8 52 24 35 69 13 10 30 18 0 1 8 84 24 49 3 21 25 2 17 7 33 14 42 91 86 77 59 7 37 42 35 55 41 53 27 33 41 54 71 47 66 39 48 48 90 100 70 65 38 6 35 43 2 56 69 71 42 72 89 97 100 59 23 4 34 0 19 49 60 84 75 83 55 40 73 29 21 87 61
43 36 4 0 16 66 70 10 1 37 21 6 33 33 8 50 89 14 6 16 62 35 46 7 7 41 67 31 25 15 46 30 40 24 16 55 68 54 25 97 44 38 29 14 33 73 68 46 35 46 75 28 64 42 54 45 43 56 57 34 74 74 95 51 28 4 0 6 40 22 58 68 90 23 40 69 78 91 64 33 4 19 19 63 65 85 63 52 36 62 45 46 8 66 92 76
0 15 0 27 28 59 16 0 0 31 43 10 8 14 34 31 61 23 7 62 57 6 8 10 33 17 2 28 23 18 4 21 40 31 46 32 48 94 83 51 54 33 18 14 56 25 64 68 31 37 30 1 73 23 32 45 63 25 21 42 46 54 64 38 0 0 17 6 29 65 27 72 67 28 84 98 27 47 5 57 34 38 74 83 45 79 43 0 67 14 40 21 0 1 13 97
11 6 23 13 0 16 1 0 0 17 28 0 0 0 30 53 32 13 55 52 67 56 19 39 30 50 90 27 32 5 0 8 7 33 17 46 75 28 21 25 34 32 62 84 3 40 80 61 35 52 52 7 17 43 34 6 23 4 64 56 26 62 46 2 0 11 24 38 32 48 61 31 6 46 85 31 56 97 56 50 23 58 100 98 24 2 0 24 73 29 37 9 0 0 7 89
30 52 33 36 25 25 12 7 6 0 49 60 22 0 22 15 53 44 65 9 0 6 54 6 2 26 2 22 5 30 24 1 20 23 26 34 33 17 28 53 77 41 36 44 32 15 46 17 25 9 47 61 70 62 41 43 2 3 20 43 15 27 23 11 0 4 25 24 53 32 54 47 0 20 5 0 34 49 88 81 20 96 100 97 45 40 0 57 81 39 21 0 0 0 26 65
42 32 76 77 50 47 0 5 62 17 33 53 28 14 0 51 15 5 10 1 0 17 51 12 0 0 0 10 54 39 46 19 21 5 28 43 17 30 24 68 31 32 2 0 46 41 54 57 28 17 63 100 77 95 92 94 57 45 8 21 25 8 22 71 3 1 9 35 26 61 71 34 3 49 52 42 0 29 88 63 36 60 94 54 80 67 21 0 23 62 44 3 0 0 0 16
63 27 76 56 79 91 38 30 25 11 8 45 38 0 0 89 65 0 22 1 0 21 26 37 80 48 3 10 15 0 15 1 19 5 31 41 50 73 74 74 63 51 56 36 0 11 12 40 66 92 80 59 49 82 43 35 35 59 70 58 31 17 42 71 37 64 55 79 60 32 30 8 21 0 3 1 0 1 52 57 13 43 70 22 68 77 5 6 53 51 50 0 0 0 0 0
92 76 81 35 76 17 21 6 29 3 3 57 23 0 7 90 49 0 0 0 0 5 36 22 64 100 56 1 0 6 20 3 9 58 9 54 69 62 55 43 12 0 6 12 39 53 58 21 51 54 49 43 20 40 58 50 52 31 41 4 9 25 29 56 54 39 36 1 15 1 0 0 18 0 0 0 0 10 80 41 33 31 66 42 67 18 0 0 54 70 18 0 0 0 0 0
26 91 97 100 45 0 16 4 57 31 17 6 14 13 48 38 20 25 32 34 9 26 47 70 64 56 53 52 32 9 25 19 30 38 23 1 46 91 56 46 23 47 38 44 39 25 59 82 52 55 45 17 30 53 25 30 13 0 2 1 2 7 53 66 82 48 4 2 0 0 0 0 0 0 7 0 4 72 66 37 71 96 68 31 71 0 0 0 33 16 0 0 0 0 0 0
27 50 56 64 75 18 0 2 18 0 1 13 0 15 55 11 13 22 23 0 3 22 9 42 91 59 95 98 46 8 7 0 30 11 12 25 12 86 63 52 75 82 40 36 5 40 23 74 42 50 58 40 26 36 43 32 56 13 33 13 6 61 99 64 58 1 0 0 0 0 3 1 9 44 73 35 4 27 100 69 77 57 4 2 5 0 0 0 0 0 0 0 5 43 11 0
39 44 35 71 73 34 46 12 0 10 21 21 0 14 47 11 8 5 13 45 76 91 97 100 100 94 100 100 20 13 64 0 16 15 6 42 27 83 85 63 81 46 5 3 36 39 51 57 77 70 68 50 9 27 5 5 56 47 70 50 45 36 23 76 46 0 3 33 39 54 85 76 90 44 69 87 66 56 68 86 56 71 51 5 0 0 0 0 0 0 0 0 53 87 6 0
