data/habitatmaps/RS_maps/habitat_Fringilla.coelebs_2010.asc
NCOLS 369 
NROWS 228 
XLLCORNER 479000 
YLLCORNER 73000 
CELLSIZE 1000 
NODATA_value -9 
[rows 0 to 60 of 228, columns 96 to 191 of 369]
-9 -9 -9 -9 -9 -9 -9 -9 -9 -9 -9 -9 -9 -9 -9 -9 -9 -9 -9 -9 -9 -9 -9 -9 -9 -9 -9 -9 -9 -9 -9 -9 -9 -9 -9 -9 -9 -9 -9 -9 -9 -9 -9 -9 -9 -9 -9 -9 -9 -9 -9 -9 -9 -9 -9 -9 -9 -9 -9 -9 -9 -9 -9 -9 -9 -9 -9 -9 -9 -9 -9 -9 -9 -9 -9 -9 -9 -9 -9 -9 -9 -9 -9 -9 -9 -9 -9 -9 -9 -9 -9 -9 -9 -9 45 72
-9 -9 -9 -9 -9 -9 -9 -9 -9 -9 -9 -9 -9 -9 -9 -9 -9 -9 -9 -9 -9 -9 -9 -9 -9 -9 -9 -9 -9 -9 -9 -9 -9 -9 -9 -9 -9 -9 -9 -9 -9 -9 -9 -9 -9 -9 -9 -9 -9 -9 -9 -9 -9 -9 -9 -9 -9 -9 -9 -9 -9 -9 -9 -9 -9 -9 -9 -9 -9 -9 -9 -9 -9 -9 -9 -9 -9 -9 -9 -9 -9 -9 -9 -9 -9 -9 -9 -9 -9 -9 -9 -9 -9 56 45 72
-9 -9 -9 -9 -9 -9 -9 -9 -9 -9 -9 -9 -9 -9 -9 -9 -9 -9 -9 -9 -9 -9 -9 -9 -9 -9 -9 -9 -9 -9 -9 -9 -9 -9 -9 -9 -9 -9 -9 -9 -9 -9 -9 -9 -9 -9 -9 -9 -9 -9 -9 -9 -9 -9 -9 -9 -9 -9 -9 -9 -9 -9 -9 -9 -9 -9 -9 -9 -9 -9 -9 -9 -9 -9 -9 -9 -9 -9 -9 -9 -9 -9 -9 -9 -9 -9 -9 -9 -9 -9 -9 -9 -9 26 79 100
-9 -9 -9 -9 -9 -9 -9 -9 -9 -9 -9 -9 -9 -9 -9 -9 -9 -9 -9 -9 -9 -9 -9 -9 -9 -9 -9 -9 -9 -9 -9 -9 -9 -9 -9 -9 -9 -9 -9 -9 -9 -9 -9 -9 -9 -9 -9 -9 -9 -9 -9 -9 -9 -9 -9 -9 -9 -9 -9 -9 -9 -9 -9 -9 -9 -9 -9 -9 -9 -9 -9 -9 -9 -9 -9 -9 -9 -9 -9 -9 -9 -9 -9 -9 -9 -9 -9 -9 -9 -9 -9 -9 11 14 47 49
-9 -9 -9 -9 -9 -9 -9 -9 -9 -9 -9 -9 -9 -9 -9 -9 -9 -9 -9 -9 -9 -9 -9 -9 -9 -9 -9 -9 -9 -9 -9 -9 -9 -9 -9 -9 -9 -9 -9 -9 -9 -9 -9 -9 -9 -9 -9 -9 -9 -9 -9 -9 -9 -9 -9 -9 -9 -9 -9 -9 -9 -9 -9 -9 -9 -9 -9 -9 -9 -9 -9 -9 -9 -9 -9 -9 -9 -9 -9 -9 -9 -9 -9 -9 -9 -9 -9 -9 -9 -9 -9 38 59 27 0 2
-9 -9 -9 -9 -9 -9 -9 -9 -9 -9 -9 -9 -9 -9 -9 -9 -9 -9 -9 -9 -9 -9 -9 -9 -9 -9 -9 -9 -9 -9 -9 -9 -9 -9 -9 -9 -9 -9 -9 -9 -9 -9 -9 -9 -9 -9 -9 -9 -9 -9 -9 -9 -9 -9 -9 -9 -9 -9 -9 -9 -9 -9 -9 -9 -9 -9 -9 -9 -9 -9 -9 -9 -9 -9 -9 -9 -9 -9 -9 -9 -9 -9 -9 -9 -9 -9 -9 -9 -9 -9 -9 81 25 7 61 39
-9 -9 -9 -9 -9 -9 -9 -9 -9 -9 -9 -9 -9 -9 -9 -9 -9 -9 -9 -9 -9 -9 -9 -9 -9 -9 -9 -9 -9 -9 -9 -9 -9 -9 -9 -9 -9 -9 -9 -9 -9 -9 -9 -9 -9 -9 -9 -9 -9 -9 -9 -9 -9 -9 -9 -9 -9 -9 -9 -9 -9 -9 -9 -9 -9 -9 -9 -9 -9 -9 -9 -9 -9 -9 -9 -9 -9 -9 -9 -9 -9 -9 -9 -9 -9 -9 -9 -9 -9 -9 76 97 25 11 16 9
-9 -9 -9 -9 -9 -9 -9 -9 -9 -9 -9 -9 -9 -9 -9 -9 -9 -9 -9 -9 -9 -9 -9 -9 -9 -9 -9 -9 -9 -9 -9 -9 -9 -9 -9 -9 -9 -9 -9 -9 -9 -9 -9 -9 -9 -9 -9 -9 -9 -9 -9 -9 -9 -9 -9 -9 -9 -9 -9 -9 -9 -9 -9 -9 -9 -9 -9 -9 -9 -9 -9 -9 -9 -9 -9 -9 -9 -9 -9 -9 -9 -9 -9 -9 -9 -9 -9 -9 -9 77 91 100 49 24 63 42
-9 -9 -9 -9 -9 -9 -9 -9 -9 -9 -9 -9 -9 -9 -9 -9 -9 -9 -9 -9 -9 -9 -9 -9 -9 -9 -9 -9 -9 -9 -9 -9 -9 -9 -9 -9 -9 -9 -9 -9 -9 -9 -9 -9 -9 -9 -9 -9 -9 -9 -9 -9 -9 -9 -9 -9 -9 -9 -9 -9 -9 -9 -9 -9 -9 -9 -9 -9 -9 -9 -9 -9 -9 -9 -9 -9 -9 -9 -9 -9 -9 -9 -9 -9 -9 -9 -9 -9 100 100 100 100 42 16 74 23
-9 -9 -9 -9 -9 -9 -9 -9 -9 -9 -9 -9 -9 -9 -9 -9 -9 -9 -9 -9 -9 -9 -9 -9 -9 -9 -9 -9 -9 -9 -9 -9 -9 -9 -9 -9 -9 -9 -9 -9 -9 -9 -9 -9 -9 -9 -9 -9 -9 -9 -9 -9 -9 -9 -9 -9 -9 -9 -9 -9 -9 -9 -9 -9 -9 -9 -9 -9 -9 -9 -9 -9 -9 -9 -9 -9 -9 -9 -9 -9 -9 -9 -9 -9 -9 -9 -9 -9 85 100 100 100 85 1 0 7
-9 -9 -9 -9 -9 -9 -9 -9 -9 -9 -9 -9 -9 -9 -9 -9 -9 -9 -9 -9 -9 -9 -9 -9 -9 -9 -9 -9 -9 -9 -9 -9 -9 -9 -9 -9 -9 -9 -9 -9 -9 -9 -9 -9 -9 -9 -9 -9 -9 -9 -9 -9 -9 -9 -9 -9 -9 -9 -9 -9 -9 -9 -9 -9 -9 -9 -9 -9 -9 -9 -9 -9 -9 -9 -9 -9 -9 -9 -9 -9 -9 -9 -9 -9 -9 -9 -9 54 74 92 96 100 100 9 0 2
-9 -9 -9 -9 -9 -9 -9 -9 -9 -9 -9 -9 -9 -9 -9 -9 -9 -9 -9 -9 -9 -9 -9 -9 -9 -9 -9 -9 -9 -9 -9 -9 -9 -9 -9 -9 -9 -9 -9 -9 -9 -9 -9 -9 -9 -9 -9 -9 -9 -9 -9 -9 -9 -9 -9 -9 -9 -9 -9 -9 -9 -9 -9 -9 -9 -9 -9 -9 -9 -9 -9 -9 -9 -9 -9 -9 -9 -9 -9 -9 -9 -9 -9 -9 -9 -9 25 40 76 45 5 28 91 20 15 2
-9 -9 -9 -9 -9 -9 -9 -9 -9 -9 -9 -9 -9 -9 -9 -9 -9 -9 -9 -9 -9 -9 -9 -9 -9 -9 -9 -9 -9 -9 -9 -9 -9 -9 -9 -9 -9 -9 -9 -9 -9 -9 -9 -9 -9 -9 -9 -9 -9 -9 -9 -9 -9 -9 -9 -9 -9 -9 -9 -9 -9 -9 -9 -9 -9 -9 -9 -9 -9 -9 -9 -9 -9 -9 -9 -9 -9 -9 -9 -9 -9 -9 -9 -9 -9 -9 28 77 64 61 50 45 100 26 13 8
-9 -9 -9 -9 -9 -9 -9 -9 -9 -9 -9 -9 -9 -9 -9 -9 -9 -9 -9 -9 -9 -9 -9 -9 -9 -9 -9 -9 -9 -9 -9 -9 -9 -9 -9 -9 -9 -9 -9 -9 -9 -9 -9 -9 -9 -9 -9 -9 -9 -9 -9 -9 -9 -9 -9 -9 -9 -9 -9 -9 -9 -9 -9 -9 -9 -9 -9 -9 -9 -9 -9 -9 -9 -9 -9 -9 -9 -9 -9 -9 -9 -9 -9 -9 -9 -9 50 97 75 96 75 88 78 87 93 30
-9 -9 -9 -9 -9 -9 -9 -9 -9 -9 -9 -9 -9 -9 -9 -9 -9 -9 -9 -9 -9 -9 -9 -9 -9 -9 -9 -9 -9 -9 -9 -9 -9 -9 -9 -9 -9 -9 -9 -9 -9 -9 -9 -9 -9 -9 -9 -9 -9 -9 -9 -9 -9 -9 -9 -9 -9 -9 -9 -9 -9 -9 -9 -9 -9 -9 -9 -9 -9 -9 -9 -9 -9 -9 -9 -9 -9 -9 -9 -9 67 74 97 62 35 76 67 57 46 35 69 8 74 59 55 47
-9 -9 -9 -9 -9 -9 -9 -9 -9 -9 -9 -9 -9 -9 -9 -9 -9 -9 -9 -9 -9 -9 -9 -9 -9 -9 -9 -9 -9 -9 -9 -9 -9 -9 -9 -9 -9 -9 -9 -9 -9 -9 -9 -9 -9 -9 -9 -9 -9 -9 -9 -9 -9 -9 -9 -9 -9 -9 -9 -9 -9 -9 -9 -9 -9 -9 -9 -9 -9 -9 -9 -9 -9 -9 -9 -9 70 91 8 23 21 24 61 94 14 91 78 14 24 1 49 4 37 8 21 78
-9 -9 -9 -9 -9 -9 -9 -9 -9 -9 -9 -9 -9 -9 -9 -9 -9 -9 -9 -9 -9 -9 -9 -9 -9 -9 -9 -9 -9 -9 -9 -9 -9 -9 -9 -9 -9 -9 -9 -9 -9 -9 100 100 100 100 -9 -9 -9 -9 -9 -9 -9 -9 -9 -9 -9 -9 -9 -9 -9 -9 -9 -9 -9 -9 -9 -9 -9 -9 -9 -9 -9 -9 -9 95 68 66 29 69 55 85 90 100 36 58 73 50 5 13 8 3 53 5 26 35
-9 -9 -9 -9 -9 -9 -9 -9 -9 -9 -9 -9 -9 -9 -9 -9 -9 -9 -9 -9 -9 -9 -9 -9 -9 -9 -9 -9 -9 -9 -9 -9 -9 -9 -9 0 0 17 23 76 50 99 100 100 100 68 85 94 93 59 -9 -9 -9 -9 -9 -9 -9 -9 -9 -9 -9 -9 -9 -9 -9 -9 -9 -9 -9 -9 -9 -9 -9 41 36 77 77 27 46 67 72 86 98 73 74 23 7 73 37 62 43 4 50 21 28 35
-9 -9 -9 -9 -9 -9 -9 -9 -9 -9 -9 -9 -9 -9 -9 -9 -9 -9 -9 -9 -9 -9 -9 -9 -9 -9 -9 -9 -9 -9 -9 27 6 0 8 10 0 0 22 83 78 98 95 100 100 100 46 9 84 79 85 -9 100 97 100 100 100 93 83 42 47 23 -9 -9 -9 -9 -9 -9 -9 -9 -9 -9 97 23 22 54 85 19 50 78 100 84 66 39 100 70 51 74 27 7 11 43 14 42 32 22
-9 -9 -9 -9 -9 -9 -9 -9 -9 -9 -9 -9 -9 -9 -9 -9 -9 -9 -9 -9 -9 -9 -9 -9 -9 -9 -9 -9 -9 -9 43 25 20 13 25 73 10 0 39 36 47 63 95 85 97 100 95 35 23 8 38 4 58 94 92 79 61 80 82 99 42 2 24 93 100 100 -9 -9 -9 -9 96 72 100 69 19 67 92 68 33 66 78 23 0 10 51 83 69 23 7 5 22 50 2 40 55 34
-9 -9 -9 -9 -9 -9 -9 -9 -9 -9 -9 -9 -9 -9 -9 -9 -9 -9 -9 -9 -9 -9 -9 -9 -9 -9 -9 -9 92 33 37 46 14 41 3 50 0 0 69 21 13 7 83 78 99 92 86 78 68 54 91 46 58 96 37 31 26 51 73 100 77 66 87 100 95 66 32 -9 -9 38 50 28 25 82 32 94 100 54 37 15 14 31 21 61 7 49 16 3 4 15 30 48 36 49 40 42
-9 -9 -9 -9 -9 -9 -9 -9 -9 -9 -9 -9 -9 -9 -9 -9 -9 -9 -9 -9 -9 -9 -9 -9 -9 -9 -9 63 84 5 51 69 2 45 22 21 4 8 56 15 29 87 95 83 93 90 66 99 93 100 100 64 97 96 42 74 62 43 98 100 68 100 100 100 94 30 22 37 37 61 26 39 6 59 82 99 89 20 8 0 1 20 23 45 5 61 49 73 82 95 30 44 22 23 56 40
-9 -9 -9 -9 -9 -9 -9 -9 -9 -9 -9 -9 -9 -9 -9 -9 -9 -9 -9 -9 -9 -9 -9 -9 -9 50 20 53 92 74 48 59 39 34 26 0 26 24 15 20 35 100 94 53 87 73 8 79 100 100 100 74 99 93 63 33 20 14 48 98 99 100 62 75 84 69 27 42 20 34 90 84 58 81 93 19 30 16 6 0 18 19 5 2 46 35 83 100 98 48 26 55 28 24 46 26
-9 -9 -9 -9 -9 -9 -9 -9 -9 -9 -9 -9 -9 -9 -9 -9 -9 -9 -9 -9 -9 -9 -9 -9 36 47 18 85 91 83 22 54 34 38 36 0 23 0 24 0 48 97 53 51 34 50 38 89 71 78 59 13 49 66 45 4 62 11 21 57 93 99 99 43 77 11 27 65 69 81 95 43 64 89 92 42 47 1 23 13 23 63 48 4 55 87 100 78 31 13 32 57 66 25 0 24
-9 -9 -9 -9 -9 -9 -9 -9 -9 -9 -9 -9 -9 -9 -9 -9 -9 -9 -9 -9 -9 -9 -9 0 0 1 23 17 32 91 5 55 70 45 15 1 3 0 0 27 57 77 53 90 52 52 36 73 50 56 69 37 44 6 23 1 36 60 55 44 94 98 77 42 54 29 11 48 34 100 77 45 54 71 53 18 19 15 28 29 36 75 93 76 60 39 38 74 83 79 70 99 25 38 44 49
-9 -9 -9 -9 -9 -9 -9 -9 -9 -9 -9 -9 -9 -9 -9 -9 -9 -9 -9 -9 -9 -9 35 27 4 0 4 8 84 14 15 35 46 56 11 6 18 22 16 44 15 56 35 52 64 14 56 25 13 9 10 55 55 21 10 67 75 36 48 12 89 100 76 13 33 1 1 71 89 73 35 76 75 65 93 49 0 9 7 28 67 60 50 93 94 72 27 34 86 85 85 31 52 49 94 91
-9 -9 -9 -9 -9 -9 -9 -9 -9 -9 -9 -9 -9 -9 -9 -9 -9 -9 -9 -9 -9 27 58 2 22 24 22 33 59 8 12 61 31 2 0 29 63 20 5 22 0 45 57 87 54 81 100 79 48 6 16 79 59 1 45 75 44 15 28 17 82 82 100 13 60 71 25 32 50 36 70 45 47 39 66 15 12 19 22 64 60 58 49 42 79 73 6 50 41 72 58 50 41 3 35 27
32 23 72 63 -9 -9 -9 -9 -9 -9 -9 -9 -9 -9 -9 -9 -9 -9 -9 -9 8 25 21 17 8 6 14 64 60 25 3 16 71 5 4 23 46 32 68 18 23 31 73 51 75 97 100 63 17 30 0 33 74 81 65 58 6 55 62 1 40 89 100 25 40 90 58 48 26 76 62 96 65 85 83 55 15 45 90 83 54 2 32 45 31 59 52 37 3 35 29 61 43 3 22 12
24 25 45 100 100 100 100 11 17 -9 -9 -9 -9 -9 -9 -9 -9 -9 -9 -9 24 4 5 24 39 31 71 17 0 76 46 0 35 15 58 56 1 27 59 20 49 47 74 74 100 69 100 97 48 20 3 30 23 77 97 77 90 51 27 23 24 39 98 41 10 23 42 81 75 93 51 43 63 63 82 35 57 69 28 4 2 0 32 53 35 26 40 53 37 1 17 68 48 15 77 68
0 36 42 42 60 100 100 69 18 38 74 56 51 -9 -9 -9 -9 -9 -9 7 14 17 12 8 36 8 3 23 4 33 47 0 0 12 43 54 18 21 45 35 11 69 41 64 64 46 75 68 74 22 56 18 45 76 85 84 71 88 72 97 59 97 100 43 42 72 22 43 81 73 26 53 13 33 48 30 46 80 20 18 67 14 20 74 30 32 17 90 74 37 15 30 67 64 25 58
4 29 30 6 59 100 100 76 46 13 9 70 37 37 -9 -9 -9 -9 52 39 13 29 0 6 31 33 21 17 0 15 8 0 0 9 59 56 51 40 65 74 43 94 62 71 57 32 74 69 57 83 95 63 43 31 55 3 16 69 47 32 68 58 96 73 39 33 49 75 14 3 18 40 39 43 49 36 50 70 96 100 63 84 35 45 22 25 80 88 97 96 60 0 50 91 83 56
12 35 29 28 57 100 100 97 61 28 13 57 32 12 7 0 3 0 6 51 15 25 66 30 37 5 11 30 62 50 17 56 26 66 71 36 29 13 35 33 54 97 88 64 57 23 100 94 81 87 52 24 12 33 57 91 45 76 90 95 54 60 96 95 79 72 27 54 54 33 79 51 72 45 37 56 86 56 60 26 69 76 35 26 43 22 57 92 88 98 62 19 7 77 94 31
63 26 35 38 16 74 72 88 88 28 54 33 24 33 40 55 25 0 0 0 6 13 34 12 10 28 31 30 19 21 45 46 13 25 83 22 34 24 81 50 96 100 63 97 78 55 100 86 24 0 60 82 33 64 11 63 0 0 0 9 55 51 100 100 99 94 52 39 82 74 24 78 57 12 8 95 73 49 27 5 44 60 45 30 69 32 66 59 44 64 73 78 54 24 42 16
79 33 5 25 10 31 30 31 99 32 24 0 0 39 21 42 29 34 26 15 4 0 12 37 18 64 20 3 6 24 58 85 59 37 73 54 9 50 77 27 66 89 89 99 97 99 84 72 1 29 66 39 83 100 53 84 20 0 0 56 54 34 97 86 74 40 51 68 69 52 10 33 85 75 80 70 66 0 3 7 27 64 29 82 46 76 35 11 29 68 26 39 60 82 19 27
72 74 38 19 34 7 7 29 95 86 76 23 0 20 38 71 49 67 52 19 34 14 38 11 20 31 26 9 46 47 16 54 88 99 89 75 28 83 85 70 28 18 5 48 85 42 1 23 2 31 53 99 85 47 0 18 34 12 26 17 27 1 52 49 3 0 49 78 78 59 32 38 48 100 73 34 34 25 22 17 19 0 34 54 63 85 21 5 0 58 75 50 39 29 66 30
6 40 70 13 14 28 0 1 28 55 100 44 14 38 25 75 30 56 46 1 0 30 19 0 0 0 38 37 0 48 61 31 23 73 100 96 53 61 57 90 94 45 0 5 1 30 80 4 22 66 78 100 80 94 70 49 58 85 79 93 76 63 77 84 41 2 10 78 100 64 40 44 44 51 39 21 12 21 32 45 61 61 78 62 51 75 24 1 12 71 68 5 80 100 97 37
55 77 95 39 59 79 37 0 43 24 62 25 26 54 35 75 37 48 55 83 77 62 53 23 72 81 68 1 21 39 23 48 70 58 90 70 95 49 4 74 53 55 0 0 10 41 27 7 83 93 89 97 74 58 19 54 66 79 50 40 60 65 67 32 74 44 61 48 42 84 17 19 78 25 20 36 80 65 84 100 100 66 86 42 48 51 89 36 15 42 29 16 30 79 78 45
20 9 76 84 73 23 65 31 7 69 58 17 2 46 21 63 90 39 30 33 56 100 99 86 61 62 4 37 26 26 27 38 26 14 98 87 82 48 87 87 100 49 44 59 84 39 6 26 79 62 3 5 2 40 38 43 36 83 60 34 27 19 55 35 17 28 60 25 16 22 33 19 77 74 93 92 94 41 70 92 80 76 92 59 13 64 100 98 98 81 17 38 43 12 31 48
8 1 66 60 26 18 69 26 59 13 18 0 29 0 2 17 73 20 16 5 0 56 37 66 67 95 57 58 80 83 18 83 32 92 100 51 22 100 85 78 68 24 75 32 76 44 29 58 4 42 4 25 22 35 46 57 50 1 30 69 34 39 4 16 36 47 68 59 35 0 63 72 47 54 7 68 66 57 36 57 48 27 2 9 9 56 91 58 95 100 98 22 4 45 37 50
75 65 76 4 24 7 40 34 40 6 8 12 68 87 50 41 93 45 25 8 27 31 12 62 100 96 59 29 34 16 38 97 50 36 98 41 80 90 66 51 62 100 97 71 30 73 75 82 68 16 71 89 85 66 39 8 35 28 9 62 51 56 7 10 35 4 8 17 65 52 35 63 40 19 20 43 82 90 61 43 58 30 35 73 79 9 70 61 68 98 96 30 10 62 19 59
97 79 69 64 70 96 99 59 34 0 8 72 66 72 100 80 87 89 90 91 41 30 0 15 87 50 0 14 57 2 0 1 2 92 94 98 100 76 99 100 100 59 96 73 54 34 49 95 100 57 76 44 38 19 31 54 42 24 33 36 6 22 30 70 100 40 3 78 42 54 52 1 39 17 24 13 68 40 27 34 72 56 100 99 41 66 99 60 39 56 74 28 43 34 6 8
37 0 10 70 64 100 92 51 0 7 47 100 57 12 47 62 57 72 80 91 8 21 2 68 31 2 12 52 61 71 49 33 6 22 7 52 76 80 100 100 96 56 97 74 87 75 100 100 78 96 82 96 82 45 43 19 63 52 8 6 31 33 67 87 54 33 18 45 74 39 52 40 29 10 36 79 27 50 50 17 64 93 97 63 79 100 99 53 69 100 67 69 40 30 56 42
21 9 20 40 79 100 100 64 6 54 99 67 30 26 18 48 53 20 4 48 25 25 32 42 11 7 94 80 16 66 96 53 78 41 0 3 23 58 100 74 64 52 43 51 54 78 100 76 77 94 85 59 15 51 95 29 20 10 22 67 28 100 100 61 40 64 47 75 43 46 43 39 35 36 57 65 16 59 79 55 27 75 49 94 69 54 77 38 97 90 69 86 84 91 100 99
16 0 0 39 75 98 12 42 19 68 68 67 30 73 59 89 99 87 46 11 21 5 7 16 10 60 36 5 10 22 57 36 93 56 59 22 78 63 75 100 90 39 71 50 38 58 62 37 72 21 55 26 70 62 54 64 48 68 57 10 66 54 68 79 49 55 49 36 33 40 35 31 80 55 63 59 80 88 57 61 86 65 61 40 59 46 36 11 63 98 100 96 79 41 80 87
0 0 0 36 50 53 30 12 84 25 0 24 45 100 74 95 99 97 96 94 67 9 34 67 57 58 64 87 99 82 79 90 100 84 33 26 84 76 81 80 36 81 72 45 73 37 19 60 75 87 92 84 100 79 32 65 61 30 53 61 54 57 38 93 77 39 28 11 4 46 51 40 48 57 69 81 88 46 21 41 28 13 33 64 85 59 58 16 94 83 100 82 69 42 73 9
0 0 26 76 88 65 27 64 44 55 49 63 100 67 100 90 52 66 58 94 100 98 94 88 84 100 100 92 81 90 51 60 48 43 82 68 64 68 79 43 74 72 45 60 54 77 61 92 53 51 92 37 77 48 37 93 68 79 93 94 33 64 49 17 25 74 15 24 43 85 68 38 85 91 25 36 52 63 27 47 60 21 15 1 0 36 44 27 85 72 100 95 40 30 79 4
46 32 67 37 70 74 18 79 37 83 40 55 62 97 80 65 55 59 24 41 36 83 92 95 78 93 85 74 66 90 88 59 70 44 39 91 68 28 67 20 56 72 28 38 32 80 51 28 69 70 88 50 71 63 75 69 99 89 77 83 21 12 14 4 25 81 91 33 40 41 51 21 48 36 63 30 44 57 38 54 98 85 83 4 0 37 52 60 36 65 100 100 31 56 88 40
5 4 46 1 31 81 98 100 87 60 25 27 47 67 62 34 42 12 70 78 98 95 86 69 79 67 20 77 14 62 76 72 37 60 85 91 81 82 86 49 33 56 49 78 42 51 57 51 50 68 60 47 37 77 24 78 85 39 38 55 3 0 19 70 79 66 57 51 39 73 50 75 63 50 61 44 58 61 60 44 72 100 62 19 76 71 82 39 24 67 68 71 80 77 30 30
34 77 10 0 32 21 24 44 88 76 31 89 97 36 38 67 24 32 68 61 70 52 49 63 52 55 67 78 51 80 29 23 30 14 76 84 77 57 74 54 16 44 82 83 71 60 80 44 18 69 19 46 46 62 10 82 24 69 12 26 16 62 82 48 60 75 81 68 90 77 71 48 58 65 76 69 69 41 33 45 70 67 90 63 5 31 40 79 74 47 91 34 77 96 55 4
15 14 0 0 37 0 14 35 76 46 94 65 33 24 55 46 50 46 72 76 89 60 28 45 37 32 88 87 48 63 9 0 51 21 94 75 87 54 46 68 89 46 8 38 73 30 31 11 32 37 27 10 29 29 28 39 12 21 2 21 39 96 47 48 76 69 50 74 56 10 57 44 50 31 69 61 58 74 37 70 64 32 51 61 73 43 50 67 8 66 63 38 78 51 92 34
51 56 1 55 53 35 48 47 99 92 100 51 2 17 50 57 65 85 81 48 72 88 68 39 56 59 96 97 75 6 16 0 72 72 45 84 59 46 73 75 41 61 20 65 56 6 50 28 49 10 28 4 40 76 55 36 75 74 65 39 75 64 81 49 64 78 41 64 46 99 88 53 55 90 100 78 93 74 98 50 80 81 82 83 83 70 83 64 23 24 54 39 12 62 99 73
22 18 11 59 78 55 40 67 52 41 1 4 47 16 64 62 70 82 99 69 56 51 73 37 70 75 47 76 98 45 42 0 60 38 58 74 82 62 71 40 24 58 26 77 42 32 60 72 82 69 43 38 60 55 33 40 51 64 58 27 55 98 80 48 59 39 47 86 84 100 79 53 89 98 85 79 45 39 90 61 65 58 35 13 41 37 50 68 42 12 60 20 18 57 79 58
35 43 69 50 41 62 67 90 43 33 17 15 18 26 69 87 98 51 42 50 35 66 53 73 72 94 73 80 96 68 73 31 73 47 77 68 52 34 53 14 40 16 52 72 69 83 57 67 50 63 91 57 24 100 63 61 85 14 16 43 97 67 68 27 51 47 71 53 36 58 59 100 100 32 17 60 54 29 16 90 89 30 69 39 33 67 40 33 67 17 66 57 33 30 65 52
80 70 73 74 79 65 53 28 43 73 42 11 14 92 88 82 67 48 79 60 91 100 69 52 55 67 21 16 9 48 48 69 68 53 39 36 49 78 65 72 62 36 60 50 68 72 91 52 72 64 52 49 33 61 45 47 13 41 68 70 64 35 70 38 23 73 62 60 65 96 100 82 93 23 66 54 67 82 33 65 54 83 54 22 70 35 83 45 60 65 26 18 50 28 15 27
72 49 73 63 73 51 44 53 53 48 79 37 70 87 36 17 49 100 49 10 18 32 31 91 94 100 95 80 68 93 85 33 78 94 74 70 44 84 66 68 73 76 31 37 23 26 30 62 78 57 60 43 53 43 36 36 72 42 84 77 79 41 9 36 70 76 94 99 43 99 99 6 43 71 83 68 100 46 61 88 85 74 72 50 51 0 47 39 32 44 41 39 39 51 61 64
59 52 42 77 71 89 69 50 68 10 56 79 39 23 71 36 0 19 57 11 63 52 8 21 21 31 33 8 14 32 41 61 95 84 71 35 49 60 63 53 53 40 36 64 59 85 46 50 49 48 55 45 49 80 44 52 67 57 85 100 83 18 63 74 58 21 11 62 100 100 100 86 51 99 73 88 44 100 63 21 57 65 71 86 62 6 6 15 52 45 59 63 32 42 53 73
65 44 65 53 35 47 41 54 16 38 74 72 68 16 17 31 22 3 30 10 3 2 15 51 21 23 29 3 5 0 17 75 36 71 68 57 92 67 32 34 59 51 8 16 24 46 36 83 38 36 59 34 97 67 75 98 100 92 75 86 42 93 92 72 66 27 67 62 100 97 52 25 52 88 92 80 14 63 83 73 35 51 30 85 99 81 91 53 99 80 84 89 55 92 92 39
23 8 48 55 62 72 46 17 32 71 68 26 47 20 3 21 52 0 53 49 65 3 31 51 12 32 39 20 19 16 45 60 46 66 48 77 66 52 73 64 39 16 61 65 63 80 45 31 89 54 18 29 79 100 100 73 85 80 70 28 65 98 90 57 39 36 51 56 100 69 10 71 48 65 74 61 15 47 86 39 16 21 22 74 100 100 65 31 56 29 39 93 95 74 68 38
31 14 79 87 63 45 40 55 15 12 95 34 7 32 44 25 5 10 18 19 62 61 90 68 66 86 54 65 70 61 59 100 100 69 49 47 31 44 54 52 43 69 45 34 32 63 68 46 51 46 34 88 100 86 74 96 41 30 31 58 74 100 69 67 77 55 52 43 100 93 21 16 78 99 59 69 78 56 56 7 30 40 31 46 36 81 2 33 34 8 60 19 75 47 23 41
69 95 74 53 34 39 24 15 11 10 25 26 25 74 69 83 46 74 62 79 83 93 52 30 8 59 38 28 53 84 89 78 72 67 58 46 45 28 26 52 60 78 76 49 98 79 64 90 81 40 58 89 91 8 4 42 85 84 100 68 98 84 59 53 62 53 37 78 56 78 11 54 60 79 44 47 56 37 58 65 19 30 21 70 3 41 3 7 49 30 7 0 86 45 30 31
40 68 10 27 78 94 76 98 97 84 97 99 78 52 41 54 91 100 100 93 96 85 90 43 57 55 77 87 74 58 97 39 57 69 43 42 70 69 63 80 18 53 33 62 99 65 52 88 91 98 44 2 23 3 45 38 42 82 81 66 88 99 62 33 35 51 76 61 77 53 84 68 70 91 47 48 93 19 75 63 31 46 12 8 33 0 76 25 35 41 0 0 42 56 13 33
