data/habitatmaps/RS_maps/habitat_Turdus.torquatus_2010.asc
NCOLS 369 
NROWS 228 
XLLCORNER 479000 
YLLCORNER 73000 
CELLSIZE 1000 
NODATA_value -9 
[rows 60 to 119 of 228, columns 192 to 287 of 369]
0 0 0 0 0 0 30 9 0 0 9 0 0 0 0 0 0 0 0 0 24 10 0 0 0 0 0 7 4 11 7 0 0 0 0 0 0 0 24 30 9 0 0 34 13 0 0 0 0 0 0 0 0 0 0 0 0 10 37 43 19 0 2 12 56 68 50 12 23 39 33 70 63 40 41 43 38 24 19 1 0 0 0 10 47 5 0 0 0 0 0 0 0 0 0 0
0 0 0 0 0 1 15 0 0 0 0 0 0 0 0 0 0 0 0 0 15 26 2 0 0 0 0 0 0 1 4 0 0 0 0 0 0 5 33 27 0 0 0 6 0 0 0 0 0 0 3 0 0 8 21 25 36 32 45 27 15 0 12 23 91 75 78 33 27 38 54 59 37 19 28 35 60 90 51 0 0 0 12 28 13 0 0 0 0 0 0 0 0 0 0 0
0 0 0 0 0 0 0 0 0 11 12 0 0 0 0 0 0 0 0 0 6 19 20 0 0 0 0 0 0 0 0 10 28 5 0 0 0 0 3 5 0 0 0 0 0 0 0 0 0 0 6 0 25 41 4 52 25 53 53 37 17 11 9 28 57 46 12 23 16 11 58 63 42 78 71 19 46 27 13 26 64 25 62 35 0 0 0 0 0 0 0 0 0 0 0 0
0 0 2 9 0 0 0 3 1 0 25 0 0 0 0 0 0 0 0 0 0 0 2 0 6 0 0 0 0 0 0 0 33 7 0 0 0 0 0 0 0 0 0 0 0 0 0 0 0 0 4 10 53 32 11 9 1 17 29 53 43 17 14 29 0 7 27 46 17 26 18 44 42 20 19 35 14 4 20 46 21 21 68 32 3 0 0 0 0 0 0 0 0 0 0 8
0 0 0 15 1 1 18 3 19 0 0 0 0 0 40 0 0 0 0 0 0 0 0 0 4 12 0 0 3 5 0 0 0 1 0 0 0 0 0 0 0 0 0 0 0 0 0 0 9 16 10 29 20 15 13 0 0 5 27 28 60 29 0 4 45 16 15 47 22 42 60 41 20 77 92 26 24 34 9 41 30 59 21 0 0 0 0 0 0 0 0 0 0 0 1 74
0 0 0 5 6 0 25 0 0 0 0 0 0 0 45 9 0 0 0 0 0 0 0 0 6 12 5 1 5 5 0 0 0 0 0 0 0 0 0 0 0 0 0 0 0 0 0 0 10 20 4 46 78 41 20 16 1 0 0 0 0 13 37 44 0 4 20 37 10 57 34 31 96 100 100 88 18 63 62 53 49 25 0 0 0 0 0 0 0 0 0 0 0 0 40 26
0 0 0 0 0 0 0 12 10 0 0 0 0 0 6 2 0 0 0 0 0 0 0 0 0 0 2 0 0 0 8 16 0 0 0 0 0 0 0 0 1 0 0 0 0 0 0 0 0 0 58 90 95 62 36 21 0 0 0 0 0 7 30 12 0 4 8 9 8 38 41 93 100 96 90 89 85 36 30 34 0 0 0 0 0 0 0 0 0 0 0 0 0 5 57 0
0 0 3 15 1 0 0 0 2 8 34 0 0 0 0 0 0 0 0 0 0 0 0 0 0 0 0 0 0 0 0 0 0 0 0 0 0 0 12 12 7 0 0 0 0 0 0 0 0 0 5 61 50 54 80 25 0 11 12 0 0 0 0 0 0 58 37 42 60 37 83 87 43 39 86 100 95 47 42 22 1 0 0 0 0 0 0 0 27 3 24 0 0 59 58 6
0 0 9 17 18 0 0 5 8 0 0 0 0 0 0 0 0 0 0 0 0 0 0 0 0 0 0 0 0 0 0 0 0 0 0 0 0 0 0 4 11 10 2 36 0 0 0 0 0 0 0 45 56 77 48 48 2 29 15 1 0 0 0 3 35 44 21 26 63 60 60 15 5 31 81 43 49 27 17 27 11 0 0 0 0 0 0 7 2 0 0 0 0 1 23 0
0 0 0 0 2 0 0 0 0 0 0 0 0 0 0 0 0 0 0 0 0 0 0 0 0 0 0 0 0 0 0 0 0 0 0 0 0 0 0 3 7 0 0 0 0 0 0 0 0 0 0 3 1 6 27 33 18 15 59 18 9 0 0 1 17 28 26 55 8 0 1 14 22 32 68 84 61 47 29 10 0 0 0 0 0 0 0 0 0 0 0 15 0 8 19 0
0 0 0 3 0 0 0 0 0 2 8 2 0 0 0 0 0 0 0 0 0 0 0 0 0 0 0 0 0 0 0 0 0 0 0 0 0 0 0 0 0 0 0 0 0 0 0 0 0 0 0 0 0 19 55 22 19 38 60 58 25 10 2 10 7 21 30 17 18 17 5 0 0 33 50 40 1 11 18 0 0 0 0 0 0 0 0 0 2 19 19 69 20 13 15 0
0 0 7 9 0 0 0 0 2 18 16 7 0 0 0 0 0 0 0 0 0 0 0 0 0 0 0 0 0 0 0 0 0 0 0 0 0 0 0 10 8 0 0 0 0 0 0 0 0 0 0 2 51 6 73 39 18 52 29 25 82 65 18 0 13 41 30 49 1 0 0 5 4 5 8 22 27 9 51 2 0 0 0 0 0 0 0 0 0 28 69 56 12 6 0 9
0 0 9 17 0 0 5 0 0 0 0 0 0 9 0 0 0 0 0 0 0 0 0 0 0 0 0 0 0 0 0 0 0 0 0 0 0 0 0 1 5 0 0 0 0 0 0 0 0 0 0 0 9 44 55 48 27 39 12 31 38 8 1 0 3 1 29 8 0 0 0 4 0 43 93 98 75 30 11 10 0 0 0 0 0 0 0 0 0 18 76 65 13 5 34 55
0 0 5 19 0 0 6 0 0 0 0 0 0 8 0 0 0 0 0 0 0 0 0 0 0 0 0 0 0 0 0 0 0 0 0 0 0 0 0 0 0 0 0 0 0 0 0 0 0 0 0 0 5 53 42 44 3 1 5 20 64 27 46 4 9 0 0 0 0 0 0 17 16 37 57 71 58 10 0 0 0 0 0 0 0 0 0 0 16 65 63 94 24 26 92 56
0 0 5 20 3 0 0 0 0 0 0 0 0 0 0 0 0 0 0 0 0 0 0 0 0 0 0 0 5 16 0 0 0 0 0 0 0 0 0 0 0 0 0 0 0 0 0 0 0 0 0 0 1 26 32 0 10 0 29 64 72 81 48 57 26 0 0 0 0 5 1 27 65 84 93 42 30 8 1 5 0 0 0 0 0 0 0 0 41 100 90 55 26 100 100 91
0 0 5 3 0 0 0 0 0 0 0 0 0 0 0 0 0 0 0 0 0 0 1 0 0 0 0 0 37 34 0 0 0 1 2 5 0 0 0 0 0 0 0 0 0 0 0 0 0 0 0 0 19 23 5 1 42 57 48 19 3 20 46 19 2 0 4 3 22 32 33 39 57 68 63 85 78 86 69 7 0 0 0 0 0 0 0 52 94 100 100 66 71 100 100 100
0 0 0 0 0 0 0 0 0 0 0 0 0 0 0 0 0 0 1 34 41 39 63 70 86 61 32 28 23 3 0 27 13 55 48 2 4 20 0 1 23 15 10 0 2 1 0 0 0 0 0 2 79 16 0 24 56 11 2 21 1 0 0 5 0 13 59 76 91 58 74 74 39 45 17 71 92 59 15 68 4 0 0 0 0 4 33 81 100 100 97 58 100 100 100 92
0 0 0 0 0 0 0 0 0 0 0 0 3 0 0 12 41 43 77 93 85 100 100 100 100 81 46 25 0 4 19 67 97 66 3 65 61 49 1 0 5 17 23 25 19 12 13 0 0 0 0 11 44 0 0 23 40 0 4 4 0 0 12 70 17 25 10 24 9 0 15 53 43 53 45 74 32 62 80 50 3 11 0 0 0 0 13 47 96 73 87 69 100 91 86 73
0 0 0 0 0 0 0 0 0 0 0 0 17 6 19 70 33 47 43 82 88 55 98 66 41 3 0 0 0 0 3 33 98 48 36 93 58 0 0 3 7 8 27 18 9 30 25 7 0 0 0 0 0 0 0 15 12 0 0 1 5 12 30 57 58 5 0 0 0 0 0 0 0 29 85 91 47 72 76 74 31 9 0 0 0 0 0 2 63 87 69 82 65 67 46 88
0 0 0 0 0 6 8 0 0 0 0 0 18 2 0 0 7 0 0 8 36 39 50 28 17 11 11 16 0 0 0 10 59 76 100 39 54 18 0 20 26 19 10 0 4 20 15 0 0 0 0 0 0 0 0 0 0 0 0 3 12 6 0 1 23 0 0 0 0 0 0 0 0 6 64 54 73 51 0 34 45 10 0 0 0 0 0 0 9 59 84 84 36 51 62 81
0 0 0 0 0 3 2 0 0 9 4 3 14 1 0 0 0 0 0 29 30 93 30 0 24 10 7 1 0 0 0 0 23 58 44 36 0 36 0 5 2 7 12 35 44 44 11 5 14 9 0 0 0 0 0 3 5 3 0 0 0 0 0 0 0 0 0 0 0 0 0 0 0 0 18 66 18 57 48 44 49 22 0 0 0 0 0 0 0 48 51 74 71 61 87 94
0 1 15 0 0 0 0 0 0 0 0 6 62 15 0 5 25 4 0 6 5 20 0 4 35 21 7 0 0 0 0 0 18 21 31 7 13 67 49 1 2 27 36 70 24 9 11 15 41 15 0 0 0 1 19 23 5 10 0 0 0 0 0 0 0 0 0 0 2 15 5 0 0 0 28 81 38 63 88 14 33 25 1 0 0 0 0 0 13 80 47 78 71 85 57 95
0 0 6 0 0 0 16 0 0 0 0 0 34 61 0 19 83 28 3 0 16 10 1 58 59 29 7 1 1 0 0 0 68 42 57 42 17 48 54 41 0 13 32 64 38 34 49 42 49 18 0 0 0 1 21 33 6 37 1 16 1 28 22 13 1 21 7 64 75 34 0 0 0 0 4 55 64 16 44 64 63 25 6 0 0 23 0 0 60 100 90 87 68 57 64 61
5 19 5 0 0 0 2 0 0 0 0 0 13 84 16 14 53 43 3 0 46 50 6 78 38 15 8 35 23 16 7 8 47 9 20 73 65 41 34 45 7 3 39 61 4 10 46 63 31 24 21 4 0 0 12 34 33 56 4 48 23 78 22 64 45 43 88 82 23 36 6 0 0 0 0 1 19 10 1 47 45 30 17 0 0 9 17 0 48 63 61 53 39 1 5 73
13 13 0 0 0 0 0 0 0 0 0 0 0 60 83 72 77 63 10 5 13 8 11 87 97 41 39 61 76 55 23 5 5 16 65 37 68 64 67 73 16 5 94 66 61 34 26 54 64 68 56 0 1 10 12 14 33 59 44 33 22 82 13 88 73 63 69 61 37 29 1 1 0 0 0 0 2 49 15 2 30 20 13 3 0 4 1 9 46 75 11 30 40 55 41 59
8 0 1 0 0 0 0 0 0 0 0 0 17 70 60 46 49 7 0 3 2 11 48 45 99 40 49 75 35 37 62 85 11 15 50 12 39 95 49 87 8 28 45 16 45 23 61 58 40 64 3 0 40 27 61 62 36 99 83 39 19 26 74 83 65 19 29 18 43 66 33 32 14 0 0 0 0 7 11 19 21 19 17 0 0 0 0 0 0 0 9 7 2 20 2 6
0 0 15 15 0 0 0 9 15 0 0 0 0 22 70 57 13 10 0 0 0 25 67 94 44 72 19 62 96 66 40 42 93 19 2 32 3 46 76 20 69 36 78 58 58 27 87 34 9 20 45 2 14 78 62 74 76 64 94 94 15 65 82 97 40 4 0 5 44 80 78 88 76 72 19 0 0 0 0 38 31 1 11 0 0 0 2 10 0 0 14 35 32 22 0 54
0 13 20 0 0 0 0 1 64 20 0 0 0 0 61 16 6 0 0 0 4 38 53 82 28 62 22 79 95 91 57 94 59 0 57 55 6 12 44 69 10 59 21 60 45 74 78 57 59 71 34 7 24 43 31 63 35 70 79 50 85 93 65 53 18 0 10 59 78 54 100 80 55 64 76 38 76 8 0 0 0 0 0 0 0 0 3 91 97 34 12 68 82 76 73 12
70 17 3 0 0 0 12 68 58 42 19 0 0 0 56 7 0 0 0 0 17 52 14 64 55 45 70 91 75 99 51 52 20 22 63 35 0 19 10 51 45 80 49 100 17 78 41 23 4 2 5 0 9 12 17 59 67 96 35 69 97 99 69 79 44 0 0 37 52 82 92 29 27 52 45 45 61 57 0 0 0 0 0 0 0 0 1 27 79 33 58 67 87 64 23 74
28 0 0 0 0 0 63 22 3 18 43 0 0 0 10 5 0 0 0 0 0 0 6 46 67 54 80 81 74 68 71 9 42 8 48 0 0 42 20 61 19 55 77 39 3 23 34 41 0 15 22 0 0 0 13 88 96 84 68 40 72 96 92 72 17 4 0 15 44 73 77 3 64 87 83 50 45 17 13 0 0 0 0 0 0 0 0 6 19 40 40 77 47 63 24 27
0 0 0 0 0 22 21 24 29 25 48 42 3 0 0 0 0 0 0 0 0 0 55 99 73 35 86 49 28 53 15 0 10 38 26 0 1 7 18 17 26 21 31 42 41 72 35 0 17 31 32 23 0 0 0 67 61 64 100 51 39 45 21 11 29 68 17 29 55 88 66 2 48 34 39 71 30 16 34 0 0 0 0 0 0 0 0 0 19 73 84 64 4 31 49 82
0 0 0 0 0 1 0 7 24 35 8 47 51 17 3 0 0 0 2 2 0 0 52 97 85 64 89 56 71 72 11 14 33 3 4 6 36 13 0 34 31 7 0 0 0 4 5 21 40 48 74 53 7 0 5 36 39 54 100 72 37 39 7 6 8 34 0 33 75 16 21 41 28 7 32 60 26 53 44 7 0 0 0 0 0 0 0 1 10 5 26 77 6 6 7 7
0 0 0 0 0 0 0 0 7 56 25 0 10 35 22 7 6 8 18 1 0 0 0 41 85 28 20 17 45 80 51 50 25 21 46 44 42 3 16 88 88 16 59 49 61 68 60 61 57 71 66 30 10 0 14 47 36 23 93 100 27 0 2 74 26 51 11 18 48 24 38 18 14 57 59 24 94 67 53 4 9 37 17 18 2 0 0 0 0 6 33 68 61 45 6 13
0 0 0 0 0 0 0 0 0 3 29 0 0 8 76 18 8 25 1 0 0 0 0 0 29 3 25 35 53 48 30 63 35 66 24 44 100 32 59 88 82 19 20 28 76 93 90 62 77 88 46 14 2 0 24 84 94 81 98 92 50 63 67 63 62 51 51 25 13 35 15 14 10 17 20 35 49 78 54 0 29 71 87 53 2 0 0 0 0 1 15 62 84 35 16 16
0 0 0 0 0 0 11 0 8 23 7 0 5 22 12 0 0 4 0 0 0 5 10 0 34 53 18 0 10 18 9 32 14 3 48 93 36 13 32 95 73 0 10 5 5 74 54 23 57 93 31 73 15 2 12 38 38 44 64 27 34 63 67 27 54 53 40 12 15 20 25 28 19 3 26 95 82 54 42 5 20 73 83 80 4 0 7 3 0 0 0 43 46 29 28 0
35 60 49 33 19 16 8 0 0 0 0 0 2 0 0 0 0 0 0 0 0 5 2 4 10 5 0 0 0 0 8 0 20 44 60 11 57 50 69 100 100 24 12 82 42 87 71 84 96 31 4 3 1 10 26 71 83 46 24 0 0 60 20 61 23 38 22 23 52 26 70 42 54 50 41 90 70 87 99 64 50 63 58 14 0 37 44 23 2 0 0 0 32 0 0 0
32 8 5 0 4 4 0 0 0 0 0 0 0 0 0 0 0 0 7 4 40 76 79 67 51 14 0 0 0 26 51 21 8 17 23 37 60 7 59 98 55 26 29 36 75 100 95 89 68 0 0 0 14 26 34 91 50 88 28 3 0 49 20 68 61 61 13 43 30 0 24 79 73 76 81 86 81 98 98 57 20 4 20 21 5 90 3 58 47 4 0 0 0 0 0 0
43 6 0 0 0 0 0 0 0 0 0 0 0 4 6 10 0 0 12 23 19 17 9 28 24 54 45 12 0 0 0 2 58 64 73 92 32 4 47 61 89 100 57 97 100 100 58 23 3 0 0 7 29 31 32 75 57 9 81 39 1 0 0 0 36 15 31 32 16 26 55 79 80 79 94 49 33 99 100 74 11 20 12 1 3 83 17 13 0 0 0 0 0 22 2 9
9 0 0 0 0 0 0 0 0 0 4 15 13 12 7 5 0 0 2 16 0 0 0 26 30 37 30 82 27 29 15 41 38 70 68 63 32 18 12 54 99 100 100 100 100 97 56 57 25 0 0 26 51 61 33 53 72 60 74 36 13 0 0 10 57 56 63 48 59 74 83 95 72 4 61 22 76 100 84 60 73 71 86 22 10 82 46 0 0 0 0 0 12 21 0 22
0 0 0 0 3 2 0 0 0 12 16 15 7 14 27 17 0 0 0 11 6 0 0 0 0 0 33 51 37 31 29 76 49 27 18 21 17 10 79 100 100 100 97 99 100 85 32 51 18 0 8 54 90 74 67 79 26 50 11 31 17 19 49 86 83 44 3 19 45 65 68 93 85 49 59 76 100 93 93 65 48 39 47 0 57 85 25 5 0 0 0 0 59 32 21 34
0 0 0 1 23 9 1 10 39 64 26 50 24 13 20 7 0 0 1 5 1 0 0 4 18 9 10 33 38 20 15 98 89 68 23 26 0 52 100 100 100 91 17 77 100 85 39 15 0 1 28 69 82 82 83 63 18 80 41 79 19 32 47 38 31 4 58 57 66 78 57 23 15 28 36 48 97 56 71 75 33 10 14 3 83 44 52 36 1 7 0 1 73 73 29 32
35 1 3 37 32 0 28 46 65 72 11 39 36 1 10 1 0 0 16 75 80 68 52 95 79 57 57 77 87 13 19 84 100 55 45 3 20 95 62 65 58 74 77 97 54 22 8 0 0 21 91 29 40 83 62 12 10 80 22 71 11 29 25 7 3 27 84 96 85 30 41 51 38 6 11 29 25 47 67 100 82 72 51 46 92 11 26 5 0 4 17 14 91 86 25 55
60 17 12 12 5 21 69 39 23 12 51 56 23 22 21 3 0 0 24 71 24 18 41 76 11 46 100 99 69 16 48 32 45 12 22 19 41 42 21 29 43 50 100 100 100 28 0 0 4 55 64 86 41 36 63 52 26 38 19 48 12 26 28 31 32 17 88 51 74 65 75 87 95 58 37 34 22 66 100 77 56 79 29 69 71 25 85 42 13 0 17 21 89 53 40 54
13 0 0 0 54 39 45 32 74 77 38 16 10 0 5 11 2 0 5 9 32 19 2 19 12 30 36 62 20 0 31 1 0 0 30 17 42 58 29 33 60 97 100 90 35 1 0 9 25 1 20 77 18 72 100 73 0 1 0 1 0 9 30 54 55 46 62 68 96 91 94 99 100 100 79 61 71 66 55 57 32 13 61 100 77 22 50 26 8 0 5 34 60 78 92 44
30 4 0 15 42 24 67 61 49 7 19 14 1 14 3 6 15 0 0 14 70 78 53 38 69 91 31 0 5 12 23 10 13 56 86 8 18 43 100 100 96 75 25 35 29 1 0 18 44 18 42 54 8 72 36 36 0 10 1 1 13 59 82 95 67 99 98 100 100 86 81 100 100 100 100 99 100 98 87 100 63 81 100 100 59 2 65 49 0 0 1 16 69 100 82 70
44 16 22 53 88 28 89 95 9 5 22 12 19 6 11 11 0 0 0 20 60 59 82 9 0 9 48 24 31 23 21 77 73 92 100 10 40 98 100 86 17 2 44 97 74 57 3 11 29 2 13 45 35 22 0 0 5 24 1 53 68 51 74 100 100 100 95 100 89 16 25 95 89 97 100 100 100 87 83 100 64 100 100 100 49 40 98 50 0 0 0 27 79 64 80 89
12 0 15 40 17 12 29 68 13 26 24 31 37 1 3 0 0 0 0 8 67 55 80 47 1 3 6 72 83 77 100 79 43 29 22 1 80 100 54 2 29 84 83 27 29 66 2 15 52 65 53 58 88 100 24 0 15 11 50 89 98 95 92 100 100 97 67 99 53 34 34 31 55 97 100 78 94 100 100 83 81 100 100 94 16 72 88 5 1 26 71 47 100 99 83 87
0 9 8 11 10 0 37 45 32 38 26 75 22 0 49 54 31 17 0 0 4 40 34 0 7 5 0 21 84 80 92 100 98 36 43 55 100 81 22 57 75 69 33 5 43 49 6 39 76 100 91 86 100 88 76 81 70 42 82 98 59 94 100 100 96 29 69 55 71 89 64 25 18 87 96 81 48 100 95 59 100 100 95 36 50 82 55 17 0 38 95 73 87 70 76 96
0 15 0 4 43 38 47 45 0 0 42 38 81 38 93 98 36 32 0 0 0 1 13 3 1 0 0 0 6 0 4 23 42 9 33 85 52 36 52 15 40 93 52 74 36 12 8 72 96 100 96 98 97 61 100 100 35 27 97 77 48 95 100 100 87 80 31 0 35 22 63 60 32 75 42 89 49 86 58 89 100 81 31 52 100 34 6 0 0 37 69 81 45 2 37 32
2 26 48 83 56 62 76 75 46 75 46 42 77 100 100 88 19 83 20 0 0 5 56 50 21 33 33 24 4 0 0 0 0 26 18 38 99 62 59 55 91 58 100 93 85 28 56 100 100 89 97 75 83 84 100 100 89 90 99 98 99 91 64 37 0 6 66 10 16 25 7 34 59 100 35 53 98 55 50 71 47 23 55 43 33 3 0 0 0 19 71 63 7 2 9 0
61 94 39 39 14 14 100 100 100 97 70 74 88 88 90 48 92 86 12 0 4 26 23 18 73 61 88 83 68 25 39 42 43 55 89 97 89 77 90 50 26 62 100 93 58 67 100 100 100 100 100 67 94 100 100 100 100 100 100 88 37 5 0 0 0 9 99 55 36 75 32 49 75 96 16 9 63 68 46 68 49 45 35 46 8 0 0 0 7 67 74 16 23 26 33 22
45 65 37 97 100 98 61 76 99 53 48 16 53 94 61 83 41 39 0 0 26 64 63 7 33 42 44 52 59 28 97 36 54 37 90 100 41 65 43 18 47 99 54 89 58 97 100 100 69 100 100 97 87 75 60 66 84 52 12 50 5 42 76 63 59 48 98 71 42 3 12 28 97 80 41 32 33 61 14 26 30 21 9 1 4 13 43 56 21 29 71 31 25 37 20 45
17 51 47 57 63 26 61 100 70 58 88 66 68 77 14 11 5 18 5 0 39 94 100 74 21 47 100 76 3 61 47 90 90 100 94 85 3 9 11 33 96 37 46 46 76 100 96 96 45 100 100 100 100 53 60 37 7 17 29 32 0 0 8 43 83 98 29 55 68 6 30 79 28 9 59 17 12 7 11 24 2 0 0 23 38 39 93 53 33 20 22 26 34 39 35 79
1 0 0 21 64 27 92 100 95 45 7 10 19 47 21 72 96 94 29 24 15 54 94 77 84 98 100 86 7 92 77 73 100 70 68 61 5 0 3 68 100 91 100 78 70 100 93 100 60 100 100 79 83 86 44 62 81 50 84 88 43 0 44 14 9 73 44 54 67 75 96 94 74 44 60 31 15 3 11 78 44 41 66 95 99 97 81 56 32 55 81 51 45 33 61 75
25 9 0 41 56 77 100 100 84 0 0 13 60 92 100 100 79 54 3 33 9 19 59 100 100 100 100 82 7 52 46 96 69 43 45 2 0 0 33 84 58 68 91 70 89 81 68 96 97 100 99 83 10 6 9 48 80 51 7 34 79 4 18 59 43 40 21 33 97 84 70 57 90 59 43 31 21 7 0 56 85 80 86 88 99 99 46 23 22 81 87 70 71 40 59 75
15 0 0 2 42 72 100 79 17 1 65 91 100 95 72 43 5 0 19 65 43 17 13 66 84 76 85 100 70 61 96 68 75 82 83 27 7 32 97 100 77 22 71 43 75 40 55 96 100 95 68 26 10 13 26 68 30 65 0 22 94 46 90 74 41 2 4 27 40 34 92 71 49 47 33 33 28 15 1 36 79 78 69 80 87 52 47 30 22 24 46 26 82 34 54 80
25 49 57 28 9 3 13 52 5 0 35 96 100 92 36 37 94 71 55 87 100 61 0 14 53 97 66 89 78 68 99 70 62 83 92 52 21 71 100 87 74 99 24 6 56 68 99 100 100 36 60 26 0 3 38 79 0 57 32 63 77 55 80 92 18 1 21 17 22 52 96 36 19 46 25 46 82 31 23 32 34 27 51 71 56 30 59 83 21 20 46 30 6 31 55 49
11 9 15 47 72 26 0 32 55 28 72 99 53 59 81 59 100 100 100 80 86 61 0 16 56 100 100 100 100 97 98 79 64 77 100 47 56 96 89 50 39 100 54 79 78 95 87 93 100 100 80 100 71 8 3 35 31 14 20 80 59 55 59 68 52 68 0 1 3 5 18 24 25 23 17 44 55 68 79 31 47 90 8 19 46 65 42 61 38 14 37 15 6 3 1 29
37 0 11 34 59 64 11 73 85 100 93 31 32 7 36 100 100 95 46 72 66 85 42 24 83 95 100 83 85 58 25 11 6 38 94 89 56 100 50 28 50 100 100 90 96 100 94 98 100 89 69 35 91 31 0 9 8 10 18 33 26 19 27 16 9 13 4 48 43 52 37 21 19 14 57 60 92 63 96 63 54 90 21 36 89 43 2 39 89 53 18 44 1 26 28 5
86 21 13 33 90 81 75 83 80 38 40 48 45 31 89 95 100 95 87 54 50 78 51 28 91 83 47 26 38 45 82 68 28 3 74 90 100 67 34 48 52 100 99 87 100 88 71 81 52 10 46 66 65 13 24 44 17 5 10 37 45 37 10 2 9 1 4 76 45 61 93 76 68 72 100 91 60 99 65 92 46 28 43 75 90 55 21 92 85 90 73 42 23 20 37 34
