data/habitatmaps/RS_maps/habitat_Turdus.torquatus_2010.asc
NCOLS 369 
NROWS 228 
XLLCORNER 479000 
YLLCORNER 73000 
CELLSIZE 1000 
NODATA_value -9 
[rows 120 to 179 of 228, columns 192 to 287 of 369]
44 69 89 88 32 41 66 26 25 65 92 96 91 45 92 89 100 98 59 77 58 91 65 51 20 52 38 39 71 65 100 100 87 2 76 88 100 52 44 28 41 98 78 39 65 95 95 74 21 46 76 77 39 1 29 36 26 56 70 53 52 64 89 46 10 16 79 40 51 95 95 100 78 13 81 69 69 98 65 96 49 2 6 58 83 83 36 62 14 13 21 19 46 22 98 97
97 87 88 96 79 39 30 91 89 84 59 93 98 77 79 46 100 95 45 70 81 52 20 61 79 51 53 76 92 85 100 100 92 6 74 78 94 87 79 58 29 59 64 14 36 77 82 27 36 28 16 4 6 22 47 55 93 46 16 8 64 51 34 17 24 35 22 82 67 40 86 71 28 0 5 38 93 85 32 32 68 0 0 82 96 75 84 14 2 26 12 44 65 60 100 85
89 88 55 71 74 13 65 39 43 46 67 72 60 97 82 38 66 93 25 65 39 61 89 100 100 100 100 100 100 100 95 82 91 54 97 96 47 100 100 52 42 36 80 96 57 52 27 3 0 0 16 66 63 56 41 23 4 20 19 43 67 62 56 54 56 32 44 37 87 76 55 42 23 58 28 77 100 68 15 11 19 0 5 37 77 96 64 0 4 45 30 84 33 91 100 100
43 41 52 92 74 35 70 14 42 29 43 70 51 16 41 99 86 57 49 40 9 89 100 100 100 100 46 96 100 100 84 20 97 100 100 81 99 97 27 41 72 81 98 72 14 4 6 20 8 58 100 80 87 20 65 42 67 61 58 55 23 11 16 18 50 33 30 80 76 94 100 69 15 78 59 100 99 22 14 10 27 1 0 13 86 76 21 37 37 25 24 60 85 55 65 100
44 86 11 69 100 97 80 41 82 51 73 41 43 22 17 26 73 82 100 75 46 100 100 100 100 100 71 91 100 100 94 44 18 45 100 100 96 19 51 82 100 87 27 4 1 20 74 47 45 84 87 98 64 67 98 77 39 23 53 10 6 0 0 5 51 28 78 90 83 71 92 17 32 65 77 100 85 2 37 7 9 4 0 3 74 47 78 48 30 0 10 25 94 16 56 100
92 96 87 53 23 15 55 60 78 67 79 77 66 61 23 83 84 100 98 33 73 100 100 100 96 98 76 93 100 94 60 97 94 100 84 49 36 70 94 97 68 46 25 42 29 80 88 62 77 78 86 37 22 97 54 71 66 35 0 10 10 0 0 19 34 32 95 83 4 14 15 27 81 33 98 81 74 0 38 44 22 12 0 0 64 98 76 77 49 16 32 64 58 93 95 95
80 73 62 83 41 76 83 77 43 45 6 96 66 26 50 77 97 99 56 90 100 91 100 100 93 42 19 65 100 44 59 100 97 23 0 48 45 67 31 38 91 91 25 94 65 99 75 48 75 72 55 6 32 85 43 46 55 19 1 1 0 0 0 23 57 61 99 92 87 69 10 29 35 56 100 87 84 21 33 42 40 41 4 3 51 100 66 71 73 66 59 62 88 100 82 53
90 62 93 94 96 70 89 31 87 100 74 90 99 100 100 96 98 62 18 81 100 75 100 100 100 97 96 97 100 27 43 97 63 21 69 97 77 11 31 65 100 63 20 70 56 94 54 70 55 32 89 43 47 27 23 7 0 0 25 6 0 0 4 15 86 78 59 90 38 47 0 18 33 98 72 60 6 0 0 0 3 8 10 60 64 74 97 82 39 30 78 63 100 100 81 49
90 80 48 51 28 27 74 26 99 83 89 54 83 100 89 43 97 45 66 37 100 97 56 100 100 100 100 46 62 56 12 48 29 73 64 46 1 41 100 98 61 50 42 30 57 93 99 80 96 80 97 74 42 39 10 7 38 1 1 0 1 5 9 73 95 90 60 68 72 33 0 24 30 96 95 81 28 6 0 11 59 74 77 64 100 100 100 96 8 41 86 20 82 91 77 100
81 56 26 14 2 10 18 10 92 23 51 97 76 100 86 99 100 64 75 46 100 100 92 100 100 100 99 43 40 43 15 14 28 70 76 4 2 42 72 76 27 46 58 73 75 40 89 31 95 100 94 19 15 38 5 17 5 31 5 3 34 47 24 73 80 36 98 81 52 8 39 37 58 60 27 66 65 55 61 77 91 100 66 98 55 54 49 72 96 57 39 34 37 100 99 97
65 41 47 67 50 30 0 33 44 62 21 88 83 61 51 100 72 62 64 84 97 100 100 98 79 47 13 19 64 26 0 2 68 82 42 0 3 14 30 96 60 100 89 30 82 89 46 59 36 97 81 54 20 62 98 52 75 28 13 58 100 100 37 89 41 18 48 48 2 2 17 92 62 96 76 64 67 77 55 63 45 93 97 95 74 52 77 100 100 73 83 74 33 39 55 81
82 30 36 14 68 79 63 99 78 94 62 60 25 1 76 80 67 50 82 48 90 100 96 45 0 4 0 1 11 20 66 47 63 98 49 28 17 30 53 69 33 99 84 86 100 89 65 71 45 84 17 0 35 46 64 86 28 14 72 91 79 100 33 38 65 28 30 53 18 32 33 79 59 62 81 93 99 54 0 0 2 62 99 76 27 68 95 74 86 41 39 62 26 41 55 70
3 38 29 29 61 73 100 80 93 91 90 41 26 14 20 73 79 66 77 90 67 27 13 0 0 0 12 24 72 77 50 97 86 100 54 83 41 51 46 34 32 97 100 98 91 48 37 61 83 98 92 60 57 14 0 0 34 94 81 72 81 87 36 49 86 80 79 50 45 56 95 92 98 17 51 100 65 3 0 13 59 1 82 91 71 25 32 5 60 84 35 13 77 100 100 100
2 0 1 32 39 99 50 32 2 8 26 9 51 62 58 91 90 72 51 28 32 59 57 0 0 30 45 80 72 27 26 67 55 100 54 37 53 58 49 49 68 94 85 83 80 83 63 63 39 93 78 2 5 20 0 35 92 99 75 69 52 80 76 73 27 15 77 19 33 48 85 86 70 22 53 53 23 0 0 20 30 6 12 73 97 24 0 2 15 83 89 31 93 100 96 93
0 0 0 18 23 66 99 55 45 42 73 82 96 100 100 84 78 61 14 47 63 49 60 20 83 58 49 46 36 10 32 47 7 58 70 20 72 91 72 95 74 92 99 100 97 78 81 83 27 94 61 18 12 15 51 98 77 94 88 77 36 57 82 40 48 28 27 15 60 7 57 100 98 75 58 0 3 7 43 44 14 0 43 100 99 70 56 0 3 42 91 87 39 71 39 65
0 0 0 3 12 35 96 94 95 99 97 100 100 94 62 30 1 7 21 35 13 97 27 13 33 75 42 98 100 33 22 53 47 56 43 66 49 89 100 100 85 27 57 73 100 69 51 97 96 52 48 2 18 58 51 96 88 100 100 98 32 1 17 62 66 76 57 17 84 44 82 100 63 0 0 0 5 37 19 44 35 20 77 93 57 7 86 7 57 99 100 95 8 51 66 38
10 0 0 15 1 25 60 100 100 94 96 82 70 13 20 8 51 59 42 45 3 56 99 47 14 33 36 86 37 4 36 63 97 44 62 37 73 100 96 28 14 22 70 87 100 100 94 81 25 53 44 33 35 5 25 68 76 99 78 28 0 0 1 75 6 72 74 22 30 18 76 100 59 11 0 1 37 45 89 97 46 1 54 77 37 26 79 33 42 94 92 57 0 10 74 79
33 17 0 21 37 34 89 100 80 78 57 23 19 21 35 47 76 48 83 69 43 32 45 23 3 51 59 95 85 9 80 77 93 67 32 95 65 99 92 48 23 83 98 83 100 100 79 18 12 69 96 51 55 2 33 76 99 87 4 0 0 0 25 76 37 2 34 41 70 58 39 86 71 56 73 82 69 78 63 73 45 29 97 56 3 64 100 20 0 41 79 58 1 0 82 97
54 33 5 28 8 83 94 96 23 0 10 48 67 90 41 42 62 77 94 100 56 16 19 51 11 77 51 58 46 30 92 96 99 26 40 100 75 87 97 100 100 100 65 31 98 100 93 23 3 84 100 99 68 44 82 89 87 46 49 63 46 90 57 2 17 18 60 19 2 30 72 100 100 100 81 27 46 16 25 99 63 64 97 60 45 6 92 25 34 89 94 34 2 0 20 70
38 24 67 43 36 59 86 89 0 0 38 87 87 61 13 61 82 89 93 100 79 2 28 53 47 99 47 89 70 88 95 100 26 26 86 100 97 86 40 74 100 100 50 0 87 50 83 31 0 55 98 100 100 87 91 100 100 79 67 89 99 82 49 7 16 38 50 19 64 82 100 100 100 100 90 7 0 2 71 92 87 90 99 70 72 58 54 21 64 67 44 47 67 25 29 58
48 61 93 57 87 83 22 7 2 9 70 38 99 79 37 85 27 90 100 88 2 10 20 35 90 76 96 99 80 99 75 63 28 71 100 100 100 100 100 100 100 76 4 16 57 32 11 16 57 56 91 100 100 100 100 100 53 65 81 79 48 6 35 18 39 47 31 79 47 36 59 88 100 100 100 72 62 69 76 55 91 98 89 35 33 27 46 70 95 45 0 22 68 99 98 30
91 34 100 89 40 4 26 28 37 19 42 86 68 47 39 93 73 68 87 85 54 4 51 89 72 82 100 100 100 96 31 3 9 85 100 100 100 87 82 91 66 29 40 36 20 0 32 47 8 43 100 94 100 100 99 62 1 65 47 19 52 19 45 83 29 62 100 61 68 84 61 39 48 96 100 73 6 72 91 57 93 100 99 60 39 28 89 100 63 3 0 49 98 98 99 96
63 36 58 42 17 60 24 40 18 24 49 100 81 28 21 19 77 75 95 100 85 61 68 25 98 97 100 100 98 100 92 14 2 32 80 100 100 87 38 39 17 12 81 43 64 29 17 72 11 96 100 62 37 64 61 3 53 24 34 69 99 91 78 48 80 87 38 61 9 27 15 44 52 77 79 80 88 89 100 99 96 83 54 16 60 100 97 88 6 0 0 95 89 41 50 89
65 52 2 34 47 73 41 6 21 15 78 64 9 45 38 82 55 9 40 89 41 14 6 13 83 69 30 55 48 54 34 16 19 0 54 71 87 65 32 44 93 49 71 30 80 52 60 92 89 98 93 51 76 52 68 75 40 76 64 76 36 54 68 44 60 8 0 0 37 11 11 42 17 22 91 96 83 82 99 87 80 95 98 43 6 35 67 38 2 21 15 87 94 20 90 62
38 24 64 76 94 12 1 23 83 14 44 82 99 100 96 56 19 10 38 4 11 19 14 14 1 11 10 62 82 62 16 49 25 4 5 21 26 23 38 29 44 36 48 39 36 33 12 99 100 100 99 42 95 100 99 94 72 100 100 60 80 99 16 7 0 0 17 67 58 45 18 85 84 99 72 67 99 88 88 72 91 91 87 81 65 53 52 4 54 68 58 73 100 85 35 79
0 31 99 61 83 82 58 57 91 86 76 100 100 100 73 6 0 0 12 33 62 80 7 0 0 6 14 6 0 0 64 97 53 36 45 24 21 23 0 52 47 8 12 20 66 69 23 60 97 72 97 91 82 55 97 83 73 100 100 88 94 87 0 9 16 19 2 12 51 23 5 47 50 85 45 100 100 85 98 100 74 94 79 100 68 78 84 29 83 56 53 89 100 87 14 91
25 5 0 70 84 91 71 81 34 73 100 100 100 49 24 24 12 7 32 85 69 74 2 17 40 38 44 34 0 0 0 5 15 37 86 47 14 0 47 85 30 15 20 9 57 54 36 15 88 66 98 100 93 80 64 57 76 98 47 55 84 32 36 11 71 49 43 40 63 81 8 4 27 68 73 100 100 96 100 100 41 99 81 67 75 97 100 32 78 15 71 100 95 15 41 58
27 61 15 52 22 74 88 67 36 92 85 28 22 0 0 10 28 25 8 32 20 75 65 67 70 67 11 38 29 65 67 62 58 62 54 64 47 63 53 61 87 74 67 29 0 18 86 59 21 49 100 99 99 52 43 35 40 98 96 77 55 28 45 42 65 36 9 10 11 31 34 6 55 32 15 74 93 82 97 100 39 89 79 51 6 16 67 97 77 71 100 98 31 4 85 92
57 37 23 24 67 100 100 79 95 94 21 16 33 0 26 55 86 89 100 67 25 58 58 54 28 54 18 71 51 20 48 84 100 89 100 98 69 46 70 41 35 79 100 60 1 15 81 44 14 52 97 57 76 46 66 91 98 94 90 14 22 40 64 37 32 35 83 59 11 26 71 84 100 65 28 100 100 45 79 100 26 69 96 68 99 72 74 54 61 95 100 87 39 46 66 81
11 20 34 52 94 100 100 89 94 70 16 41 48 37 40 55 28 60 78 81 69 65 70 96 68 39 11 17 31 72 29 36 41 10 55 66 85 79 88 77 83 51 51 96 8 0 29 44 20 48 94 25 46 94 92 100 87 76 38 49 38 11 48 0 75 97 88 45 68 57 100 100 99 94 35 100 100 100 83 47 33 100 95 21 95 81 56 86 100 100 62 52 49 88 45 95
55 84 97 100 100 100 96 93 69 39 33 56 39 18 35 70 89 94 62 76 56 72 25 52 60 95 90 68 19 75 71 61 52 71 76 24 18 44 30 55 43 28 11 33 2 0 33 59 67 69 100 54 47 100 98 100 73 44 77 100 100 86 77 8 82 17 17 94 18 74 100 87 64 42 0 11 69 100 48 6 18 100 84 18 79 63 10 23 91 100 100 100 100 82 43 100
18 95 93 93 92 92 94 92 47 33 79 32 69 50 34 95 61 22 7 4 59 84 63 78 47 59 57 59 19 49 43 31 41 59 74 39 87 11 48 3 49 56 13 2 0 0 59 65 66 94 100 98 82 52 33 71 79 69 78 100 100 52 48 2 5 77 97 98 42 82 100 75 51 40 66 41 20 88 88 32 78 100 92 19 30 69 53 6 0 60 100 100 100 90 94 97
45 49 100 94 100 90 72 24 28 66 60 51 100 48 53 60 40 54 53 57 52 31 82 100 98 95 81 40 54 59 52 57 21 15 1 0 35 62 32 4 23 23 0 0 0 57 85 79 97 96 61 71 98 53 69 25 45 61 96 100 92 57 79 49 13 99 100 100 77 99 71 100 74 46 39 46 0 19 76 85 100 100 83 8 52 5 63 91 35 5 53 85 100 100 100 100
30 9 95 36 10 25 4 17 36 66 91 64 100 100 100 83 91 100 100 92 25 48 10 50 92 100 89 46 52 79 87 28 53 33 5 1 25 95 20 14 17 0 0 0 0 86 86 100 100 84 21 39 61 87 54 76 91 99 70 100 100 61 74 86 21 69 100 100 100 78 55 86 67 45 39 10 0 36 95 100 98 81 37 17 66 1 52 92 92 62 3 18 94 100 100 100
8 45 93 47 11 47 74 73 85 100 96 100 100 100 100 100 100 100 100 100 66 35 32 38 39 39 75 98 89 47 80 91 89 67 45 5 26 100 44 55 66 5 0 0 4 79 99 59 100 96 85 69 63 46 45 53 100 80 32 100 89 37 48 53 36 56 99 100 85 65 79 66 27 66 36 1 17 45 67 100 99 80 29 30 44 0 53 91 79 86 75 4 8 40 83 93
50 94 99 100 96 78 49 30 69 92 65 88 83 98 100 100 100 100 100 100 100 79 44 79 38 59 96 100 79 29 81 83 70 57 63 31 14 82 75 47 97 89 53 0 5 73 100 84 53 99 77 63 61 31 77 100 97 41 85 100 93 36 42 77 99 62 99 100 91 91 3 4 14 29 29 42 18 58 85 99 95 67 34 50 55 25 41 52 86 80 84 53 67 41 19 100
74 93 100 93 68 37 50 92 89 95 93 13 29 93 100 25 76 64 85 100 25 38 55 64 82 94 100 80 24 48 86 20 39 57 85 38 0 30 83 69 76 86 91 42 2 1 12 80 69 36 39 35 36 4 43 100 86 46 86 96 89 56 39 71 37 64 85 100 68 28 2 19 89 58 66 66 49 55 17 74 91 52 7 74 88 58 46 82 97 90 15 36 87 60 32 84
64 17 75 76 43 0 59 93 100 100 85 35 29 95 100 26 25 8 48 85 30 5 2 59 56 98 100 94 99 56 85 80 80 52 91 91 6 40 21 95 76 39 83 100 63 6 0 24 93 79 65 1 23 76 56 81 76 44 51 70 78 93 73 73 79 77 74 90 77 100 48 26 11 1 64 77 69 67 58 65 84 47 20 78 100 57 80 26 85 84 9 39 88 73 29 60
68 22 11 30 9 37 70 99 86 100 100 82 33 63 95 14 17 47 6 32 26 1 20 63 25 98 97 96 93 100 100 100 100 31 84 87 9 3 0 44 87 84 47 98 77 17 0 3 33 34 41 86 100 97 74 32 79 37 54 81 78 100 84 55 51 65 69 69 43 37 91 47 63 32 38 77 19 15 63 100 100 71 10 79 100 82 57 75 35 95 0 28 94 100 81 95
92 93 2 35 33 31 79 65 86 22 84 52 10 33 10 82 76 62 18 27 22 1 51 88 50 76 19 50 84 100 67 76 30 53 67 29 26 0 1 4 69 67 71 73 75 42 4 0 13 69 100 100 100 82 85 90 83 78 96 91 69 100 95 87 42 79 42 54 59 5 76 79 24 22 81 43 38 69 62 60 74 84 40 66 98 92 79 75 42 92 0 32 95 100 100 100
94 67 81 50 61 66 93 86 10 77 76 49 14 0 54 97 87 55 84 43 37 3 42 69 92 56 61 69 76 99 56 18 72 99 64 77 52 11 25 0 6 47 100 73 64 48 2 0 9 79 100 95 78 78 51 97 100 84 96 100 61 67 61 92 47 79 27 39 60 40 98 70 57 65 63 65 46 87 78 86 74 95 79 69 91 100 75 36 49 91 19 31 100 100 95 65
87 81 74 75 17 41 97 100 86 33 32 46 28 0 3 31 97 83 59 64 73 9 16 51 17 27 78 51 92 100 99 70 57 64 79 73 54 94 89 12 0 5 56 93 86 59 1 0 31 72 81 28 86 83 79 100 84 56 97 96 66 37 73 95 89 85 10 20 56 50 100 100 77 10 44 43 51 99 99 100 100 100 98 79 98 100 48 22 35 64 88 85 100 100 76 40
91 99 79 33 52 65 87 91 100 62 97 63 65 0 0 36 100 87 76 41 55 42 1 14 28 36 77 93 99 46 38 41 55 46 100 59 59 73 81 54 0 0 0 31 71 26 0 0 15 32 27 56 89 100 97 97 51 62 97 69 83 96 100 97 67 89 16 24 86 45 100 100 100 74 14 80 29 57 76 89 100 100 97 97 100 98 89 99 100 88 100 100 100 98 95 69
71 94 95 47 46 61 47 97 94 100 99 41 61 11 0 46 67 99 90 88 73 34 0 64 74 81 76 84 93 22 7 11 8 10 67 91 75 90 100 94 46 26 0 0 3 0 0 0 22 100 91 70 42 97 92 46 47 82 76 68 51 100 100 85 95 67 17 18 70 84 100 100 91 100 82 100 65 70 42 52 65 100 100 98 91 99 100 100 100 100 100 100 100 96 83 62
79 73 62 15 55 62 53 96 100 82 83 66 0 1 0 0 0 27 33 84 65 31 6 90 67 53 43 98 99 96 69 62 60 22 43 96 61 77 100 67 87 58 13 3 0 0 0 0 24 65 93 97 97 95 79 97 48 93 42 75 55 91 91 60 97 45 28 79 70 83 100 100 81 63 96 100 31 48 68 64 56 87 88 73 68 83 99 77 63 94 59 32 34 20 31 61
95 99 91 84 49 81 35 89 97 80 16 22 9 63 31 23 1 51 45 86 20 0 55 100 69 94 57 79 16 1 15 39 5 35 86 82 90 96 66 52 95 81 33 55 9 0 0 15 26 43 90 24 61 51 79 85 78 96 46 76 75 68 68 77 95 27 19 54 73 80 93 100 100 87 64 77 0 20 70 64 70 63 66 68 86 64 75 64 50 67 71 71 88 34 68 31
73 100 100 48 53 59 63 96 100 99 46 47 69 58 48 29 33 18 7 15 26 53 83 73 100 100 100 94 31 4 0 11 5 87 96 86 89 94 71 71 84 43 70 90 1 0 0 23 89 56 74 51 65 94 100 100 79 94 53 86 71 76 51 95 78 12 76 87 89 90 98 100 100 100 94 66 11 0 51 19 0 12 63 48 76 43 79 76 49 42 26 28 8 16 10 53
65 86 83 48 43 66 79 100 100 100 89 79 85 93 35 47 41 19 0 20 52 32 71 24 52 95 81 98 41 48 50 23 20 23 2 17 41 90 96 39 40 65 100 100 32 0 0 1 80 66 80 87 87 96 100 67 51 71 67 79 51 65 54 64 45 19 99 100 100 83 67 90 100 100 100 100 9 0 56 44 0 0 0 23 1 1 14 13 16 0 6 32 86 98 98 93
55 43 49 94 76 100 84 95 100 94 99 97 95 51 97 77 43 10 0 1 11 27 22 72 53 73 37 99 85 94 71 74 29 0 4 24 31 76 47 77 93 85 87 50 35 2 0 3 73 92 81 94 60 87 100 87 93 67 33 75 29 54 14 46 2 37 41 56 79 91 77 70 100 99 76 75 54 25 9 1 2 0 0 0 8 12 31 19 63 86 96 100 90 98 83 74
80 15 12 74 90 100 86 85 60 24 23 66 58 92 80 84 8 0 1 22 38 32 75 96 100 81 22 50 46 88 96 74 11 0 15 55 85 57 50 32 79 99 67 18 58 5 0 0 33 46 76 100 83 99 100 100 93 53 42 95 64 89 89 25 0 39 83 88 76 100 100 100 99 72 63 77 59 66 27 0 30 42 16 16 38 48 91 70 69 95 99 100 59 72 68 75
57 2 87 100 88 59 69 36 0 6 40 74 100 66 81 19 11 0 5 36 71 69 86 86 100 95 41 5 0 9 76 85 18 0 20 27 50 70 34 46 58 67 45 75 73 0 0 0 4 69 99 80 91 87 100 92 59 7 75 85 99 94 32 0 18 86 73 99 100 72 68 95 83 67 28 13 1 0 0 0 0 71 55 94 98 95 100 100 100 96 79 100 90 65 68 98
5 57 99 50 91 86 38 0 8 56 88 68 72 17 22 15 0 0 0 0 0 0 10 43 56 98 92 84 35 4 6 52 25 1 52 61 78 12 46 80 64 69 96 82 68 16 0 0 0 25 50 88 82 92 97 71 79 24 42 73 70 21 2 2 66 100 100 77 51 55 70 82 83 85 56 2 0 0 0 0 6 21 84 100 100 88 100 100 100 100 100 100 100 71 66 67
20 89 66 41 85 98 74 16 75 58 68 59 13 6 50 61 59 20 27 1 0 0 1 18 12 47 25 59 85 39 1 6 7 6 69 100 72 32 90 59 39 75 44 15 1 13 28 0 0 4 79 100 100 98 84 70 88 23 39 73 33 28 2 26 64 99 82 58 72 89 100 52 44 74 36 0 0 0 0 0 1 90 86 54 85 92 100 100 100 100 100 100 100 100 100 100
85 56 61 96 97 91 84 39 48 16 35 41 5 62 67 58 53 30 60 15 21 1 0 0 0 16 58 30 76 57 74 17 16 15 82 97 42 35 88 19 78 98 21 34 33 86 36 0 0 0 32 98 56 72 64 66 100 58 70 76 53 27 0 46 93 92 94 51 60 97 84 74 49 58 48 0 0 0 0 0 0 10 59 60 83 74 87 96 92 100 100 100 100 100 90 98
96 81 86 79 55 49 8 56 96 34 79 26 62 24 35 42 49 64 80 6 13 1 0 0 0 31 42 4 2 72 77 74 30 17 23 53 56 33 45 93 100 100 89 51 46 98 27 0 0 0 0 13 25 56 61 100 69 39 97 71 68 7 21 71 90 79 98 58 96 86 0 19 23 21 20 71 44 2 0 0 0 20 37 39 67 0 46 69 76 97 100 100 94 73 68 97
89 23 65 73 12 45 68 62 36 93 93 68 46 22 27 45 65 5 10 26 10 39 8 0 0 14 9 0 8 39 80 20 35 5 3 47 38 6 42 44 57 71 82 24 82 75 37 3 0 0 0 16 97 79 74 100 28 36 92 84 45 0 23 46 32 17 79 94 100 9 55 99 83 56 96 71 1 0 0 0 0 0 59 54 49 12 62 81 74 100 100 100 95 71 94 100
92 96 74 55 32 97 91 97 89 87 85 100 100 84 98 34 28 55 31 28 49 61 0 0 0 0 0 0 0 0 2 91 58 17 8 9 20 1 39 36 19 79 83 65 90 43 55 59 0 0 0 0 37 91 49 100 67 15 26 0 1 7 76 91 86 78 74 82 88 42 86 19 97 58 92 30 5 16 2 0 0 0 29 61 58 56 93 100 100 100 100 100 84 86 100 99
95 75 93 72 85 83 100 100 93 75 88 90 46 63 50 45 38 25 3 23 58 66 18 14 41 0 0 0 0 0 3 35 68 56 86 83 59 14 35 81 100 91 79 100 8 62 90 98 71 0 0 0 0 11 55 91 94 30 36 11 0 13 27 60 63 66 69 77 63 90 95 79 100 87 77 90 97 22 0 0 0 0 54 71 93 58 93 100 91 100 100 100 72 60 83 39
72 91 83 76 89 90 98 98 77 49 16 22 27 22 14 9 29 31 57 29 0 14 17 77 22 0 0 0 0 0 13 24 33 95 100 92 75 2 42 78 81 97 100 83 24 70 46 53 76 1 0 0 0 13 9 0 5 1 0 0 0 6 47 84 100 80 66 67 81 95 100 99 100 100 100 91 62 75 29 0 0 0 0 30 45 67 16 76 100 100 100 100 100 90 93 100
84 100 82 77 92 85 95 90 100 50 35 46 48 42 37 22 5 4 31 4 25 49 55 48 46 52 4 0 0 0 0 1 4 28 83 50 46 0 10 32 50 53 87 58 79 66 44 74 70 45 17 1 0 0 0 0 0 0 1 5 58 90 75 31 83 99 100 92 98 95 84 73 83 100 100 100 100 62 31 38 55 -9 0 3 0 24 37 42 70 100 95 75 96 100 100 100
