data/habitatmaps/RS_maps/habitat_Prunella.collaris_2010.asc
NCOLS 369 
NROWS 228 
XLLCORNER 479000 
YLLCORNER 73000 
CELLSIZE 1000 
NODATA_value -9 
[rows 138 to 206 of 228, columns 96 to 191 of 369]
0 0 0 0 0 0 0 0 1 56 12 0 0 0 0 0 17 0 0 0 0 0 0 0 0 35 3 0 0 0 3 5 0 0 0 0 21 65 24 23 2 0 0 0 0 0 0 0 4 34 24 58 60 7 3 23 0 0 0 0 0 0 14 19 24 5 0 0 0 0 0 1 55 99 30 30 0 0 27 12 18 8 41 50 98 100 85 78 90 27 66 30 65 83 100 74
0 0 0 0 0 0 0 0 0 0 0 0 0 0 0 0 0 0 0 0 0 0 0 0 44 43 1 0 0 0 0 0 1 12 0 13 49 23 17 33 0 0 0 0 0 0 0 0 26 92 37 23 38 86 55 69 39 4 7 0 0 0 1 44 69 12 0 0 0 0 11 40 99 86 94 44 5 0 7 67 19 43 65 77 87 99 56 56 95 96 75 52 82 100 87 49
0 0 0 0 0 0 0 0 0 0 0 0 0 0 0 0 0 0 0 0 0 0 0 9 30 11 5 1 16 0 0 0 3 2 0 10 27 10 22 0 0 0 0 0 0 0 0 20 49 83 45 9 79 100 84 65 30 44 12 0 0 0 6 41 38 31 3 0 11 57 92 95 77 100 89 55 51 46 24 8 81 32 1 5 34 38 39 50 98 100 100 96 31 80 98 42
0 0 0 0 0 0 0 0 0 0 0 0 35 22 0 0 0 0 0 0 0 0 0 17 0 4 25 34 3 0 0 36 0 0 2 17 11 0 0 0 0 0 0 0 0 0 0 12 11 4 0 71 61 98 99 69 27 50 2 0 0 0 29 31 49 72 45 32 81 99 65 77 66 42 49 79 31 87 31 7 16 86 64 59 57 65 47 61 98 100 100 89 17 68 100 96
0 0 0 0 0 0 8 60 57 4 0 4 37 0 0 0 0 0 0 0 0 0 0 11 27 11 13 5 5 23 39 61 0 0 1 31 0 0 0 0 0 0 0 0 0 14 0 0 0 0 1 5 46 77 81 28 70 65 35 1 17 0 21 32 67 70 92 83 75 45 40 61 42 72 35 60 34 26 76 53 37 25 53 78 100 100 100 98 92 99 87 61 60 8 92 75
2 0 0 13 3 0 29 23 0 0 0 35 1 0 0 11 0 0 0 0 0 0 7 48 20 86 74 9 0 0 18 4 0 0 9 7 3 0 0 0 0 0 0 11 0 58 0 0 47 0 0 15 12 73 88 72 100 17 25 4 20 0 11 14 70 75 56 8 32 0 0 0 8 31 0 15 11 16 64 59 83 13 28 5 27 25 58 91 76 27 3 45 35 39 68 2
43 0 0 5 14 17 2 19 7 1 46 1 0 0 15 9 0 0 0 0 0 0 0 0 23 65 35 3 0 0 9 0 17 44 58 21 12 0 0 0 0 0 0 13 12 50 1 0 0 2 63 100 94 100 100 98 80 28 35 24 6 65 84 86 97 51 18 2 3 0 15 11 0 0 0 0 0 17 16 78 27 36 95 87 75 95 100 90 36 50 95 100 83 61 7 43
0 48 1 15 64 75 11 0 14 55 54 13 0 0 16 4 0 0 0 0 0 0 0 0 0 17 46 6 0 0 0 19 90 93 82 87 6 0 0 0 0 0 0 0 19 13 74 65 0 0 0 20 96 100 90 33 31 23 1 9 39 100 97 44 30 14 45 0 0 0 4 15 0 0 0 6 33 3 10 0 38 39 17 62 70 95 97 36 25 70 95 96 42 1 0 0
0 0 53 67 76 25 0 0 40 23 0 5 31 0 3 0 0 0 0 0 0 0 22 19 50 56 78 69 18 12 1 1 59 51 34 41 2 0 0 0 9 0 0 0 44 6 99 62 26 8 0 0 20 86 34 25 43 14 42 7 0 19 100 90 26 0 0 0 0 0 0 0 0 17 32 0 0 5 63 3 16 25 18 64 88 65 83 51 63 95 100 54 16 0 0 0
0 1 58 33 52 39 13 15 11 0 0 1 6 0 0 0 0 0 0 0 0 18 12 4 60 91 79 33 33 27 14 0 36 39 11 19 0 0 0 45 53 3 0 0 0 6 41 56 0 3 0 22 32 98 90 49 39 51 24 22 15 3 67 100 91 40 1 0 0 13 0 0 0 2 14 0 4 21 36 5 1 32 1 8 35 74 87 95 100 88 50 2 0 0 0 0
0 8 99 77 50 29 29 10 0 0 0 0 0 0 0 0 0 0 0 0 0 17 5 6 49 6 2 0 0 9 50 38 88 16 0 0 0 0 0 16 9 0 0 1 8 72 77 100 86 93 44 46 33 79 88 100 100 100 86 47 8 28 85 44 40 65 10 0 0 44 30 8 0 0 14 0 2 47 68 56 17 18 24 11 91 100 100 94 70 18 0 0 0 0 0 0
0 55 89 5 5 8 13 0 21 3 0 0 0 0 0 0 0 0 5 8 0 0 0 0 0 0 39 77 23 0 63 100 58 2 1 0 0 0 0 12 25 0 0 3 54 100 100 67 51 78 89 74 41 88 86 82 60 80 67 5 38 42 77 3 2 40 4 0 8 0 24 10 1 11 0 1 0 0 9 67 25 18 6 23 17 87 57 5 0 0 0 0 0 0 3 34
29 98 65 0 0 0 0 0 17 4 0 0 0 0 0 0 0 0 55 1 0 0 0 0 0 0 0 9 81 54 73 79 52 31 35 1 0 0 0 15 63 68 32 0 63 37 62 11 79 81 22 47 48 54 88 22 68 94 36 50 73 77 33 36 0 0 0 3 39 54 6 9 62 31 17 16 0 0 64 9 36 44 80 64 87 62 19 14 0 0 0 0 0 0 41 21
75 60 6 0 0 0 0 0 0 0 0 0 0 0 0 0 0 2 43 0 0 0 0 0 0 0 0 3 84 97 24 4 21 0 0 0 0 0 4 49 76 88 24 0 3 18 32 46 95 88 23 17 55 46 12 0 9 68 55 29 49 23 2 5 0 12 0 1 38 16 0 0 52 89 57 23 3 6 86 34 97 90 100 100 65 66 27 26 0 0 0 0 0 11 29 24
29 22 0 0 0 0 0 0 0 0 0 0 0 0 0 0 0 0 0 0 0 0 0 0 0 0 2 43 78 85 36 27 0 0 0 0 0 0 16 68 11 9 0 3 21 90 100 91 82 52 63 63 17 0 0 0 24 20 19 26 22 4 0 10 0 8 0 0 0 0 25 20 12 95 50 12 22 16 88 30 100 100 66 75 81 4 0 0 0 0 0 0 6 19 26 55
1 0 0 0 0 0 0 0 0 0 0 0 0 0 0 0 0 0 0 0 3 0 3 0 0 0 9 29 40 88 81 31 0 0 0 0 11 39 73 83 16 2 0 3 37 100 87 11 35 62 72 6 3 0 0 0 0 8 42 32 7 0 0 26 22 0 0 0 0 4 42 67 7 30 98 66 71 93 87 54 100 100 21 11 0 0 0 0 3 18 4 3 28 98 35 25
0 0 0 0 0 0 0 0 0 0 0 0 0 0 0 0 0 15 19 25 31 29 43 2 0 0 0 18 9 52 58 12 0 0 0 15 91 100 100 48 13 17 15 45 57 100 94 84 74 91 41 40 30 0 0 0 1 43 81 54 72 27 0 31 11 4 0 0 2 2 49 35 59 0 63 94 93 70 28 67 100 100 31 34 0 0 0 0 15 37 18 16 89 55 22 33
0 0 0 0 0 10 45 80 10 0 0 0 0 0 0 0 36 52 82 52 38 73 58 12 0 0 0 0 19 17 2 22 5 9 0 41 99 100 95 8 77 34 16 81 100 100 74 90 44 65 90 38 5 0 13 74 88 87 93 97 69 92 32 21 32 3 1 45 20 6 86 60 95 9 30 100 85 14 19 16 82 46 1 2 0 0 0 0 0 23 85 12 98 86 88 100
0 0 0 8 0 37 54 7 0 0 0 0 0 0 0 0 36 20 47 48 48 75 42 7 0 0 0 0 9 19 58 21 27 75 41 31 43 71 19 36 72 19 65 46 43 51 0 6 61 57 89 29 24 71 91 100 99 40 68 87 25 38 49 44 24 0 21 4 29 12 40 93 96 38 17 100 30 8 51 0 13 3 0 0 0 0 0 0 0 26 69 82 87 73 60 52
0 0 28 67 7 61 63 22 0 0 0 0 0 0 0 0 30 0 55 38 48 41 21 0 0 0 0 0 4 31 36 46 97 44 48 49 78 87 51 70 35 61 99 95 92 41 5 58 77 99 70 49 94 86 89 85 51 0 0 33 51 100 67 29 22 33 29 31 46 17 52 63 100 41 17 93 46 7 19 2 0 0 0 0 0 0 0 59 19 2 78 87 54 23 23 85
0 1 54 74 92 80 50 16 9 0 0 0 0 0 0 0 0 0 12 33 23 57 27 0 0 0 0 0 0 0 29 100 61 3 30 0 51 95 60 55 81 87 100 47 75 87 94 93 92 86 94 99 87 38 0 3 10 41 60 77 47 80 69 42 78 67 26 46 18 4 89 88 57 5 35 98 9 0 2 0 0 0 0 0 0 15 41 60 8 26 85 87 8 14 77 69
0 0 0 9 0 0 19 48 44 14 24 0 0 0 0 0 0 0 0 0 34 63 14 0 0 0 0 0 0 0 45 89 90 71 83 57 100 100 70 91 100 85 100 62 33 73 98 98 89 93 65 33 3 0 3 36 48 84 70 50 65 28 16 18 62 31 77 90 15 47 98 61 21 17 89 82 12 0 0 0 0 0 11 3 0 48 73 87 84 100 100 70 30 91 65 78
0 0 0 0 0 0 3 1 0 0 0 0 0 0 0 0 0 0 0 0 14 28 6 0 0 0 0 5 26 34 100 95 51 38 72 80 82 97 36 84 96 48 85 75 79 60 100 76 79 9 0 0 0 31 10 39 97 93 38 58 24 5 54 54 20 49 30 86 83 95 49 34 7 87 100 7 15 0 0 0 0 0 28 13 0 39 57 98 61 53 87 73 81 75 33 95
0 0 0 0 21 2 15 4 0 0 0 0 0 0 0 0 0 0 4 38 16 6 0 20 61 38 67 90 92 98 99 65 37 65 80 87 94 81 51 74 99 83 97 95 80 78 47 41 0 0 0 0 23 36 72 85 65 23 4 26 44 39 90 43 31 97 89 49 70 26 48 26 43 91 69 7 1 0 0 0 0 0 0 0 1 18 89 100 81 86 62 27 77 70 84 74
0 1 20 7 1 7 49 2 0 0 0 0 0 0 0 0 0 0 0 0 22 66 60 88 70 77 100 100 100 98 99 87 16 37 92 92 56 83 75 100 100 78 70 24 91 89 88 20 8 0 0 5 34 86 83 48 8 0 44 83 70 100 100 69 90 98 54 33 29 63 60 30 29 9 10 0 0 0 0 0 0 6 10 15 48 60 29 29 49 63 94 83 18 16 99 88
41 41 41 49 21 40 11 7 0 0 0 0 0 0 0 0 0 0 9 75 93 31 46 72 93 89 100 85 64 26 13 40 53 91 71 98 100 100 79 41 39 0 49 96 96 98 76 25 14 1 15 62 97 100 68 73 93 31 64 72 95 100 100 100 49 10 0 0 35 41 5 0 0 1 5 0 0 0 0 0 0 19 16 0 22 20 0 7 0 45 79 71 25 37 86 64
33 64 75 33 43 41 28 40 40 7 0 0 0 0 42 67 23 31 90 100 100 100 100 100 100 100 100 99 16 0 0 0 26 98 69 93 100 100 54 0 9 76 97 100 94 100 67 1 4 4 68 100 88 53 92 100 100 99 100 87 100 100 100 99 8 0 0 3 15 0 0 0 0 0 0 0 0 0 1 0 0 0 0 0 0 0 5 15 18 11 60 100 95 89 83 43
0 0 0 0 1 3 37 37 11 1 0 21 0 58 98 93 46 69 100 81 62 100 94 85 100 100 100 100 82 75 100 88 100 100 100 100 100 72 11 0 30 63 89 78 85 100 93 45 17 10 85 100 59 80 97 77 100 100 65 70 100 100 40 26 0 0 0 6 11 0 0 0 0 0 0 0 0 7 16 12 3 0 0 0 0 7 51 73 94 94 75 69 70 84 94 82
0 0 0 0 0 5 22 4 3 10 45 81 56 48 87 94 58 92 85 11 77 100 78 48 99 100 100 100 91 100 100 81 32 55 69 100 81 3 4 0 17 15 84 22 55 100 98 19 37 23 79 100 96 100 79 94 100 100 77 91 97 93 37 0 0 0 0 8 2 0 0 0 0 0 0 9 39 56 72 69 5 0 0 0 0 24 99 100 100 100 81 66 67 76 100 78
0 0 0 0 0 0 6 3 2 10 82 100 100 56 97 88 94 63 58 57 100 100 95 46 20 41 19 45 62 85 55 45 0 6 4 67 73 0 0 0 0 12 6 5 89 98 18 1 22 26 54 100 100 100 80 73 100 100 90 24 38 100 62 0 0 8 1 13 2 0 0 0 0 0 0 61 57 73 5 10 0 0 0 52 60 46 100 100 100 100 34 43 67 79 89 62
0 0 0 0 0 0 51 36 74 22 52 94 47 10 91 55 64 100 98 100 100 100 100 80 6 0 0 9 80 66 0 2 0 0 0 0 22 12 0 0 0 63 56 22 51 45 0 0 21 3 60 94 45 80 31 40 100 58 27 0 49 100 79 9 46 32 10 23 24 11 10 5 0 9 36 100 85 20 0 5 6 1 15 81 100 100 100 100 100 70 11 44 67 72 68 60
0 0 0 0 40 70 87 97 96 49 95 97 26 24 91 99 100 100 100 100 100 100 66 38 4 0 0 1 11 7 0 0 0 0 0 27 23 10 0 0 1 14 33 3 7 1 0 3 14 0 1 43 20 32 0 13 51 0 9 0 24 72 61 24 34 20 9 20 1 0 0 24 1 53 100 88 13 12 55 62 26 50 41 100 100 85 97 61 67 19 27 67 67 67 84 59
0 0 1 1 0 59 92 58 80 86 100 48 50 49 100 100 100 91 90 72 96 60 6 0 0 0 0 0 0 0 0 0 0 3 44 11 0 0 0 0 0 1 9 0 0 0 0 7 17 0 20 23 48 16 16 14 0 0 0 0 0 0 0 8 1 0 0 0 0 0 0 4 55 98 100 97 94 67 100 97 68 100 87 99 90 86 63 11 3 1 49 67 67 78 77 66
1 32 24 55 59 92 52 1 8 85 100 100 92 33 69 44 51 51 87 50 64 0 0 0 0 0 0 0 0 0 0 0 0 0 27 6 0 0 0 1 2 0 0 0 0 0 0 0 0 0 0 8 6 17 9 0 0 0 0 0 0 0 0 0 0 5 0 0 0 0 0 0 17 43 45 97 81 99 73 98 100 100 100 89 90 49 20 0 2 63 75 70 77 73 40 9
4 28 88 100 68 67 52 86 86 100 100 85 34 44 63 7 0 95 99 30 4 0 0 0 0 0 0 0 0 0 0 0 0 0 0 0 0 0 0 0 24 27 33 13 16 0 0 0 0 0 0 0 0 0 0 0 0 0 0 0 0 29 24 27 16 1 0 2 2 0 0 0 0 0 1 54 90 56 47 99 100 79 85 84 79 48 12 7 7 42 58 20 45 42 7 0
24 76 87 99 88 85 95 89 75 50 80 66 93 71 3 0 16 100 93 48 0 0 0 0 0 0 0 0 0 0 0 0 0 0 0 0 0 0 0 0 0 0 1 0 0 0 0 0 0 0 0 0 0 0 0 0 0 0 0 0 0 10 16 6 0 0 0 4 13 5 0 0 0 0 3 34 95 76 77 99 93 92 99 99 73 67 40 18 5 32 5 3 74 13 0 0
31 4 5 8 18 57 95 15 1 2 22 60 11 56 2 0 18 97 35 54 0 0 0 0 0 0 0 0 0 0 0 0 0 0 0 0 3 43 36 3 0 0 0 0 0 0 0 0 0 0 0 0 0 0 0 0 0 0 0 0 0 0 0 14 24 0 16 14 18 26 0 0 0 11 12 41 93 60 43 88 62 68 96 86 59 10 1 0 0 0 0 30 69 7 0 0
0 10 17 0 2 22 50 35 24 13 19 56 86 17 0 0 0 35 33 3 0 0 0 0 0 0 0 0 0 0 0 0 0 0 0 0 7 52 92 2 0 0 0 0 0 0 16 61 8 0 0 0 0 0 0 0 0 0 0 0 0 0 0 4 3 23 65 63 0 0 0 0 5 41 61 98 71 5 0 4 2 72 99 32 0 7 17 5 0 0 0 0 0 0 0 0
17 25 5 34 74 87 61 18 4 0 24 65 30 13 0 1 1 0 0 0 0 0 0 0 0 0 0 0 0 0 0 0 0 0 0 0 7 36 62 0 0 15 10 0 0 0 0 45 100 62 0 0 0 0 0 0 0 0 0 0 0 0 0 0 2 3 70 96 15 0 0 0 0 16 85 100 86 70 32 0 0 26 67 50 41 43 70 100 52 2 0 0 0 0 0 0
19 3 57 100 99 70 13 64 82 43 26 34 0 0 0 8 9 0 0 0 0 0 0 0 0 0 0 0 0 0 0 0 0 0 0 0 0 16 94 30 8 43 61 67 3 0 0 41 100 98 41 0 11 0 0 0 0 0 0 0 0 0 0 0 33 4 96 100 57 30 15 0 24 86 100 96 88 88 58 0 4 6 0 0 3 41 80 100 98 65 12 0 0 0 0 0
12 50 96 73 94 58 51 100 98 22 0 21 10 0 0 3 0 0 0 0 0 0 0 0 0 0 0 0 0 0 0 0 0 0 0 0 1 43 42 69 94 75 93 100 63 2 0 70 100 100 25 10 83 79 15 0 0 0 0 0 0 0 0 0 6 0 21 71 80 15 0 0 7 74 89 71 20 93 56 34 19 1 0 0 0 0 15 57 87 69 18 0 0 0 0 0
71 93 75 100 100 100 99 100 100 64 6 4 0 0 0 0 0 0 0 0 0 0 0 0 0 0 0 0 0 0 0 0 0 0 0 0 0 3 7 71 100 100 100 100 59 5 2 77 100 100 72 83 100 100 58 0 0 6 9 0 0 0 0 39 40 15 1 65 31 0 0 20 73 100 42 21 11 93 75 67 34 1 0 0 0 0 0 14 29 3 0 0 0 0 0 0
100 91 93 100 98 100 100 100 92 86 20 0 0 0 0 0 0 0 0 0 0 0 0 0 0 0 0 0 0 0 0 0 0 0 0 0 0 0 62 82 88 100 100 100 100 70 18 86 100 100 100 100 100 100 54 0 0 18 16 0 0 0 0 36 72 31 38 37 0 3 9 91 100 99 43 14 90 100 97 74 24 0 0 0 0 0 0 0 0 0 0 0 0 0 0 0
100 93 68 29 17 74 76 86 78 71 8 0 0 0 0 0 0 0 0 0 0 0 0 0 0 0 0 0 0 0 0 2 47 3 0 0 0 0 1 1 47 100 100 100 100 59 10 47 100 100 100 100 78 27 1 0 0 8 0 0 0 0 28 92 78 53 64 79 3 22 51 62 100 97 99 94 35 23 89 94 57 5 0 0 0 0 0 0 0 0 0 0 0 0 0 0
100 79 9 19 20 8 5 15 38 9 33 0 0 0 0 0 0 0 0 0 0 0 0 0 0 0 0 0 41 5 10 10 84 34 0 0 0 0 0 0 31 73 100 99 78 22 0 72 100 100 100 95 29 0 0 0 0 0 0 0 0 0 79 100 84 39 90 99 24 31 27 28 31 57 100 84 25 7 19 32 9 0 0 0 0 0 0 0 0 0 0 0 0 0 0 3
71 49 6 0 0 0 0 0 6 28 1 0 0 0 0 0 0 0 0 0 0 0 0 0 0 0 0 2 61 76 60 15 54 4 0 0 0 0 4 14 26 97 100 89 36 12 2 80 100 100 100 100 78 0 0 0 0 0 1 0 0 0 39 100 97 64 81 100 99 93 24 14 0 72 100 88 0 0 0 0 3 5 0 0 0 0 0 0 0 0 0 0 0 0 0 7
28 36 1 0 0 0 8 0 0 4 6 0 0 0 0 0 0 0 0 0 0 0 0 0 0 0 0 0 8 46 28 53 100 95 0 0 0 0 21 61 63 92 96 50 32 9 78 100 100 100 89 57 21 0 0 0 0 2 47 0 0 1 63 100 100 100 99 99 100 55 5 7 0 3 66 72 0 0 0 0 8 3 0 0 0 0 0 0 0 0 0 0 0 0 0 10
92 57 0 0 0 0 27 27 0 0 0 0 0 0 0 0 0 0 0 0 0 0 0 9 2 0 0 0 3 42 22 100 84 97 15 0 0 0 30 100 45 85 87 29 0 25 89 100 100 100 100 59 10 0 0 0 4 58 99 21 0 4 57 100 100 100 81 39 55 57 34 23 4 0 0 5 27 53 56 0 6 0 9 36 32 33 24 9 0 0 0 0 9 0 0 0
100 59 0 0 0 0 0 0 0 0 0 0 0 0 0 0 0 0 0 20 2 0 6 16 5 0 0 15 54 64 63 100 59 23 0 0 0 0 11 36 55 77 99 39 0 25 93 97 74 100 100 26 3 0 0 1 42 99 99 68 0 0 11 73 97 100 96 36 50 59 89 87 27 0 0 0 21 99 10 6 57 84 97 100 100 91 96 30 0 0 0 12 38 0 0 0
61 18 16 7 1 0 0 0 0 0 0 0 0 0 0 0 0 0 1 43 49 0 0 0 0 0 0 1 43 90 100 100 90 32 0 0 0 0 0 7 45 88 100 96 0 41 95 93 78 100 82 0 0 1 6 11 99 100 100 77 16 0 1 78 100 100 82 49 34 57 51 100 39 0 0 2 0 36 0 11 51 42 66 89 81 54 73 53 3 0 0 0 0 0 0 0
6 6 18 19 2 0 0 0 0 0 0 0 0 0 0 0 0 0 42 13 18 0 0 0 3 14 9 16 9 59 99 100 100 70 17 67 44 3 0 15 24 75 100 94 62 79 100 63 62 96 48 0 0 0 44 76 100 100 100 100 96 32 0 20 97 100 90 18 5 79 65 91 20 0 8 63 0 0 26 2 0 5 1 13 17 2 52 13 26 22 0 0 0 -9 -9 0
4 11 10 0 0 0 0 0 0 0 0 0 0 60 9 0 0 2 44 11 16 0 0 0 0 7 5 1 1 32 40 77 17 78 54 66 91 75 19 0 64 100 100 93 66 64 100 97 60 100 50 0 0 15 91 90 99 100 84 83 100 67 0 0 78 100 99 71 68 45 80 25 7 0 47 78 2 31 95 51 83 85 6 0 0 1 45 31 0 0 0 0 0 -9 -9 -9
0 0 0 0 0 0 0 0 0 0 0 0 0 15 0 0 0 21 25 0 0 0 0 9 10 0 3 0 0 12 85 99 73 95 73 15 40 20 4 0 1 84 78 70 60 78 96 67 77 100 57 0 0 26 100 81 65 86 40 38 100 44 1 0 65 100 100 80 70 56 74 71 44 59 77 52 9 92 100 100 92 78 11 0 0 0 9 70 12 0 0 0 0 -9 -9 -9
0 0 0 0 0 0 0 0 0 0 0 0 1 8 0 0 0 21 89 39 4 0 0 64 46 0 0 0 0 28 100 100 72 80 26 1 69 13 0 0 0 77 93 65 27 8 7 22 3 90 46 0 2 69 100 89 0 1 45 59 84 49 0 1 17 87 99 65 33 57 41 96 84 100 100 66 82 86 69 63 26 0 0 0 0 3 38 8 1 0 0 0 0 -9 -9 -9
0 0 0 0 0 0 7 36 19 2 0 32 46 68 17 0 29 98 81 8 60 0 0 66 39 1 0 0 0 42 20 32 70 2 0 6 100 78 20 4 1 83 99 43 18 29 3 0 43 100 64 0 3 76 100 100 42 0 5 16 88 94 5 11 30 87 100 40 4 53 9 47 74 92 51 47 82 47 0 0 0 0 0 0 0 1 1 0 0 0 0 0 -9 -9 -9 -9
0 0 0 0 0 3 40 30 3 46 21 19 74 48 4 0 53 99 100 62 64 0 33 96 92 4 0 0 0 10 0 0 55 60 1 3 94 100 47 35 17 47 92 91 4 5 25 0 89 93 30 36 31 96 83 71 52 0 5 51 89 97 2 0 49 100 100 81 74 61 40 87 87 76 20 54 28 8 0 0 0 0 0 0 0 0 0 0 0 0 0 0 -9 -9 -9 -9
0 0 0 5 48 79 4 0 0 35 30 35 71 13 17 0 9 71 100 96 49 12 3 67 49 1 10 8 0 5 0 0 41 79 24 3 65 99 77 66 22 100 100 70 26 27 15 12 28 63 58 40 12 98 92 33 36 46 18 31 82 3 0 0 53 100 100 100 100 97 60 66 100 37 47 23 56 41 23 11 5 0 0 0 0 0 0 0 0 0 0 0 -9 -9 -9 -9
0 0 0 0 11 17 0 0 0 8 28 79 100 82 64 22 5 77 100 100 62 17 0 74 48 10 84 19 0 0 0 0 33 62 62 34 44 87 4 28 8 68 85 88 47 63 24 41 66 70 1 2 11 100 55 23 0 23 44 68 98 36 11 13 29 51 100 100 100 99 61 24 93 83 72 70 67 34 69 83 23 0 0 0 0 0 0 0 0 0 0 0 -9 -9 -9 -9
13 27 0 0 0 31 0 0 0 7 60 81 100 100 100 81 60 48 100 100 38 65 11 47 100 70 86 39 0 0 0 3 45 94 83 93 63 100 62 21 81 100 85 85 39 71 56 65 97 47 0 4 47 100 78 33 28 84 0 48 70 53 70 88 42 41 100 100 100 100 68 100 50 40 49 11 32 8 45 51 37 0 0 0 5 50 16 0 0 0 0 -9 -9 -9 -9 -9
0 18 0 0 0 0 0 0 0 0 29 23 74 100 61 61 98 85 87 100 76 75 87 94 82 84 69 0 0 0 0 0 10 11 71 93 28 48 100 88 100 77 12 5 43 57 25 63 32 0 0 11 93 100 94 29 48 58 0 28 30 99 100 100 32 19 97 100 95 57 81 77 38 86 79 10 0 1 1 32 81 0 0 0 0 5 15 0 0 0 -9 -9 -9 -9 -9 -9
0 0 0 0 0 0 0 0 0 0 5 11 69 100 70 79 74 98 21 97 81 21 73 76 8 71 100 33 0 0 0 0 0 60 100 61 1 18 100 65 100 98 6 0 21 55 79 63 95 25 0 5 83 100 100 86 22 30 0 7 1 68 100 97 28 56 79 100 100 71 77 93 99 99 69 8 0 0 0 5 5 0 0 34 5 0 0 0 0 0 -9 -9 -9 -9 -9 -9
26 0 0 0 0 0 0 0 0 0 0 31 27 70 90 100 63 29 50 93 9 0 84 99 53 89 100 73 0 36 92 72 17 36 98 98 33 11 86 37 99 100 22 7 33 10 32 92 100 67 5 3 57 91 100 100 62 40 0 0 0 7 62 79 20 77 100 100 100 100 90 90 90 95 48 17 0 0 0 0 0 0 0 27 1 0 0 0 0 -9 -9 -9 -9 -9 -9 -9
43 0 0 0 2 1 0 0 0 0 0 0 66 32 40 100 100 66 50 100 58 0 66 100 59 86 79 58 18 77 100 99 45 28 75 97 46 28 30 49 34 83 6 20 30 3 38 50 99 87 12 54 82 53 88 100 91 25 0 1 0 11 50 97 73 87 100 100 100 100 100 67 46 64 14 0 0 0 0 0 0 0 0 0 0 0 0 0 -9 -9 -9 -9 -9 -9 -9 -9
63 0 0 0 16 19 0 0 0 0 0 0 20 3 41 72 86 71 86 72 35 0 62 100 100 100 71 17 9 82 100 100 86 85 68 98 50 46 39 8 30 7 28 28 30 51 85 75 30 65 19 100 100 91 20 88 94 36 30 28 46 17 16 59 72 79 100 95 100 100 100 88 21 31 19 0 0 0 0 0 0 0 0 0 0 0 0 -9 -9 -9 -9 -9 -9 -9 -9 -9
21 0 0 0 24 52 47 8 1 15 3 0 16 19 21 74 100 91 40 50 56 0 43 100 100 100 39 0 3 98 100 100 98 76 79 98 33 28 6 10 14 17 16 40 45 100 91 94 36 9 26 100 100 100 85 85 91 17 0 2 1 0 26 99 55 75 100 77 75 97 100 98 15 0 0 1 5 12 0 0 0 0 12 16 0 0 -9 -9 -9 -9 -9 -9 -9 -9 -9 -9
0 0 0 0 16 67 46 30 50 65 53 34 6 20 11 31 52 89 60 46 75 77 88 100 100 100 74 1 5 88 100 83 60 84 54 94 23 72 62 11 0 11 43 14 52 91 55 51 13 0 13 99 100 100 100 100 82 11 4 33 0 2 75 93 52 69 100 100 99 99 100 59 0 0 3 67 82 31 6 17 40 25 3 3 0 -9 -9 -9 -9 -9 -9 -9 -9 -9 -9 -9
0 0 0 0 0 85 55 81 69 95 41 26 35 62 88 57 12 55 100 40 17 74 100 80 100 52 17 13 65 100 99 40 27 85 25 54 10 44 13 50 0 54 100 87 83 95 39 18 0 8 36 86 100 100 100 100 44 18 32 9 8 58 53 62 70 78 100 100 100 100 71 2 0 6 22 79 72 25 5 19 3 0 0 -9 -9 -9 -9 -9 -9 -9 -9 -9 -9 -9 -9 -9
12 14 2 0 0 0 62 39 88 100 100 36 45 37 33 97 94 72 69 100 72 56 100 60 100 59 86 87 97 100 86 3 0 9 1 0 0 54 27 57 52 63 77 100 99 100 28 2 0 0 1 35 88 100 70 51 46 41 24 16 35 6 1 63 92 100 100 100 89 100 87 31 45 89 98 79 47 20 1 0 0 0 0 -9 -9 -9 -9 -9 -9 -9 -9 -9 -9 -9 -9 -9
2 3 23 0 0 0 6 68 79 100 75 61 84 58 62 100 55 100 100 82 28 16 64 67 13 45 29 65 97 100 100 95 38 0 0 0 0 7 48 60 98 66 74 96 47 9 11 5 14 0 0 0 82 100 100 100 86 5 5 18 15 14 0 0 0 26 95 100 100 100 99 100 100 100 100 95 80 10 0 0 0 0 0 -9 -9 -9 -9 -9 -9 -9 -9 -9 -9 -9 -9 -9
