data/habitatmaps/RS_maps/habitat_Prunella.modularis_2008.asc
NCOLS 369 
NROWS 228 
XLLCORNER 479000 
YLLCORNER 73000 
CELLSIZE 1000 
NODATA_value -9 
[rows 118 to 176 of 228, columns 96 to 191 of 369]
22 8 2 20 60 2 25 9 20 4 2 19 17 0 7 90 49 0 0 0 0 5 35 22 64 100 56 1 0 0 5 0 9 55 9 25 53 26 50 80 12 0 6 12 40 53 49 18 54 56 50 53 20 42 69 62 97 100 82 30 43 58 56 87 100 100 100 100 100 89 55 46 74 45 62 89 100 100 100 41 1 31 77 77 76 100 100 44 64 75 65 22 6 0 26 11
19 71 42 45 33 0 16 4 29 32 29 10 9 15 50 38 20 25 32 34 9 26 22 67 64 56 53 52 32 9 25 0 0 11 23 0 36 39 28 44 9 45 38 45 39 26 59 82 52 55 47 28 37 63 51 37 94 37 44 9 26 61 83 100 100 100 99 79 29 70 68 30 75 48 88 54 45 74 64 13 40 97 92 98 98 53 33 34 79 55 26 20 85 80 45 12
28 49 28 4 21 18 0 2 18 0 3 13 0 18 55 11 13 22 23 0 3 22 11 45 91 59 95 98 43 4 0 0 10 0 0 0 0 20 6 0 0 60 40 40 11 48 23 75 55 50 70 59 51 59 65 53 57 69 97 79 88 100 100 100 100 100 77 76 78 100 71 27 55 57 95 36 52 63 100 69 77 60 86 100 100 99 25 97 63 39 71 66 100 91 81 55
39 43 50 63 35 34 8 0 0 0 0 21 0 13 47 11 8 5 15 45 77 91 98 100 100 94 100 100 20 5 0 0 16 22 0 0 0 34 3 0 35 46 4 4 43 52 51 71 91 71 95 85 38 50 34 28 82 98 93 100 100 100 100 100 92 79 69 85 69 100 78 74 86 41 74 100 100 93 66 86 57 72 96 100 100 100 92 56 66 94 100 100 100 83 55 24
81 0 5 0 1 22 41 7 5 20 10 20 21 0 29 3 0 42 70 81 99 65 74 81 94 91 85 99 85 67 0 10 17 33 3 21 19 3 0 0 51 64 29 23 62 78 89 44 88 100 100 100 50 22 5 73 100 93 94 100 100 100 100 91 78 100 100 100 97 58 45 72 72 45 61 67 88 88 48 99 64 34 57 59 96 100 100 96 25 41 98 90 40 2 0 0
32 4 12 35 2 1 14 25 46 30 25 56 19 0 17 37 55 91 81 73 78 69 83 83 67 70 88 100 90 53 41 17 0 0 0 0 10 6 0 0 28 80 23 42 66 94 72 62 99 100 100 68 69 48 34 95 98 88 90 100 100 98 52 83 98 100 72 15 8 0 0 7 15 32 25 13 24 42 58 59 87 67 40 2 42 100 100 100 82 53 58 60 42 1 30 61
39 39 16 31 0 0 0 21 10 49 23 4 0 0 31 61 99 72 74 61 51 67 91 100 73 75 87 100 100 99 28 0 0 0 0 33 34 1 0 0 0 26 70 54 42 30 8 19 61 94 60 48 100 84 93 75 87 41 39 85 83 99 74 100 95 35 4 0 0 0 1 0 9 32 67 65 45 49 39 4 6 71 98 39 66 100 100 100 89 64 73 55 32 74 70 46
53 0 0 40 4 0 41 47 36 46 31 4 8 0 33 59 37 21 28 18 23 50 85 55 98 71 57 85 93 98 16 2 0 0 0 4 53 31 0 0 0 0 23 75 37 12 44 29 47 39 49 100 100 100 72 66 18 27 22 63 94 100 100 95 19 0 0 0 11 60 84 64 68 62 76 70 73 83 79 83 22 4 24 84 31 86 74 81 99 100 79 95 100 71 78 72
38 1 18 32 53 52 99 80 54 38 53 90 97 14 23 47 49 52 49 34 44 34 39 34 58 61 28 89 91 90 56 49 22 0 0 0 9 72 36 0 0 0 0 37 18 35 11 18 73 79 99 100 100 99 83 41 11 50 79 100 100 100 89 10 0 0 2 47 94 76 61 38 56 79 85 99 92 25 81 86 72 52 23 63 95 61 87 84 93 88 88 71 94 72 35 43
21 1 71 11 67 100 100 89 70 71 80 90 85 91 85 50 82 82 75 90 92 60 52 43 44 51 50 64 69 45 90 97 92 43 1 0 19 68 62 16 27 0 0 0 0 1 37 61 100 100 100 100 100 74 57 88 87 100 100 97 100 91 13 0 0 11 71 93 100 100 76 84 93 96 79 75 100 97 76 83 82 88 82 51 50 55 56 74 95 76 63 44 47 71 45 0
0 0 0 42 75 91 89 69 59 92 64 61 52 74 48 57 59 77 93 76 47 46 50 33 27 32 86 52 58 74 87 78 99 100 91 47 57 37 0 43 19 0 0 0 0 0 0 19 97 100 89 100 63 45 53 100 100 100 93 35 13 4 0 15 35 90 99 88 99 100 100 94 76 89 14 56 72 100 100 100 80 80 78 68 73 21 84 70 30 17 34 35 2 22 76 42
22 12 43 71 96 67 75 84 69 97 83 68 46 50 23 98 54 78 69 64 45 44 33 78 100 100 91 97 100 93 79 54 60 41 62 94 98 35 0 40 48 33 0 0 1 0 0 0 76 57 43 48 91 61 94 82 100 89 17 0 0 0 16 81 97 99 85 89 91 97 100 70 49 11 49 98 96 97 100 100 68 70 14 25 48 55 93 61 29 0 0 0 0 0 22 30
22 15 45 59 96 44 64 66 61 82 100 74 60 64 46 66 78 85 71 61 49 53 66 88 86 95 78 53 71 56 65 82 94 90 63 32 50 56 18 53 57 41 17 20 1 0 0 0 38 77 70 49 47 68 49 1 6 0 0 0 29 56 94 98 68 52 90 96 97 89 99 81 16 0 70 95 80 57 59 56 78 8 0 2 69 99 100 94 39 49 11 8 0 0 30 16
11 21 72 96 95 40 56 66 92 97 99 45 64 40 43 66 53 60 41 63 32 23 18 90 94 99 100 70 94 83 79 96 53 38 21 10 22 79 94 81 0 22 14 14 25 0 0 0 0 0 0 0 0 0 0 3 56 21 0 40 97 100 96 66 10 21 89 51 49 52 95 61 28 7 97 99 84 77 45 24 20 0 0 35 60 52 93 65 68 64 97 39 0 0 1 0
26 36 61 98 65 70 61 80 88 96 100 76 44 2 53 59 52 58 74 91 100 77 80 100 71 43 65 56 43 60 38 48 33 46 41 64 63 84 83 67 5 0 28 28 27 39 0 0 0 0 0 0 12 0 21 71 74 0 62 95 85 75 69 25 49 16 38 71 24 89 67 74 89 87 90 76 63 28 1 0 0 3 2 75 49 29 33 77 60 93 83 87 2 0 0 0
17 46 66 97 49 44 27 43 41 90 100 88 12 55 68 30 31 37 38 64 93 96 76 66 26 1 0 22 15 4 9 3 15 5 19 5 26 53 85 64 92 65 30 2 50 5 41 27 22 21 0 42 63 59 96 100 87 18 77 59 54 54 42 70 59 74 99 95 73 75 100 99 98 100 38 22 14 0 0 0 0 28 38 89 52 0 0 39 78 41 20 98 64 0 0 0
59 63 78 83 29 56 41 24 74 100 98 85 90 62 33 16 88 100 68 88 69 61 39 7 8 29 43 45 31 51 43 23 35 31 28 25 13 44 99 95 51 68 91 38 0 16 12 32 83 96 42 61 96 100 100 100 100 92 67 100 89 55 73 77 57 65 53 65 100 100 100 81 47 82 44 6 0 0 0 0 0 0 47 61 83 48 2 39 32 42 60 91 35 0 0 0
75 69 60 37 16 32 78 54 59 51 74 99 95 47 21 57 61 81 45 72 77 25 9 30 51 32 57 74 81 89 34 73 70 58 50 17 26 53 76 95 60 18 84 50 9 44 55 53 88 98 92 98 76 91 90 92 100 100 79 93 100 98 97 88 85 90 93 69 74 65 90 52 0 70 19 0 0 0 0 0 0 0 9 11 20 76 31 0 0 1 11 41 3 0 0 0
84 62 52 18 30 52 25 55 71 91 97 58 26 57 85 75 58 88 89 57 24 34 53 98 100 90 67 97 73 47 99 100 56 84 53 20 4 64 39 11 64 68 79 69 23 18 8 82 79 98 85 41 51 92 77 98 95 90 100 93 58 69 77 68 65 30 55 74 30 65 82 28 4 38 7 19 0 0 0 0 0 0 0 0 54 76 41 0 0 0 11 13 6 0 0 0
87 53 42 12 12 49 60 65 97 82 36 58 66 88 100 100 96 98 51 15 38 92 100 100 100 100 90 88 100 100 100 91 77 77 47 16 14 67 10 66 64 41 73 51 6 18 87 98 94 91 92 51 90 100 97 97 59 100 60 60 100 94 57 99 94 81 70 42 13 2 6 21 55 47 2 14 0 0 0 0 0 0 0 7 24 4 1 0 0 5 6 10 5 0 0 0
38 10 33 40 30 82 87 100 97 33 53 73 75 99 86 100 62 55 35 12 74 100 100 100 100 65 97 100 89 95 77 73 42 36 4 18 65 61 78 56 19 84 47 5 0 33 100 100 95 66 82 64 43 93 95 69 100 100 100 93 85 70 93 90 69 80 75 26 23 3 36 72 27 0 0 0 0 0 0 0 0 0 0 0 0 0 0 0 13 74 33 77 11 0 0 0
44 15 69 74 83 58 69 97 99 67 59 65 68 49 73 92 31 53 11 35 84 92 100 100 58 66 100 100 98 46 55 23 58 79 41 83 76 89 91 82 94 54 34 8 29 44 62 91 68 8 65 88 53 14 36 24 61 97 96 100 74 34 93 78 53 89 100 97 75 88 89 56 0 0 0 0 0 0 0 0 0 0 0 0 0 0 0 0 3 5 25 48 19 0 0 0
84 95 90 61 63 79 69 83 65 42 75 95 97 69 84 52 34 5 35 36 56 27 98 87 68 95 98 99 83 76 100 58 40 46 36 95 86 94 84 69 46 36 9 55 87 64 19 73 66 19 57 95 28 0 16 35 72 78 94 100 46 58 45 79 80 80 98 100 90 44 8 0 28 1 0 0 0 0 0 0 0 0 0 0 0 0 0 0 0 0 0 5 67 18 0 0
100 93 92 98 59 69 95 71 81 89 100 100 69 49 81 66 41 13 52 51 48 67 97 76 100 98 87 70 54 55 100 54 64 44 91 92 94 73 40 31 16 8 65 46 72 45 38 89 94 96 100 29 39 2 3 43 83 56 99 100 42 65 79 84 73 48 77 68 6 0 0 10 7 31 0 0 0 0 0 0 0 0 0 0 0 0 0 0 0 0 0 11 25 27 0 0
87 100 93 73 57 85 94 47 45 96 100 96 51 19 94 98 34 32 33 29 49 100 100 94 86 94 60 55 11 80 61 51 86 79 99 85 95 28 49 23 2 25 37 34 64 65 35 87 100 100 99 95 54 20 37 81 42 36 83 100 21 99 90 84 67 60 12 0 0 0 0 4 5 12 0 0 0 0 0 0 0 0 0 0 0 0 0 0 0 0 12 39 36 86 8 25
92 100 73 82 56 97 85 88 100 100 100 54 74 57 100 88 63 59 23 14 26 72 75 76 90 24 15 41 0 23 64 97 100 100 96 97 57 55 55 43 7 34 44 39 94 42 56 86 51 100 100 81 80 18 14 28 0 42 53 82 23 94 71 92 54 7 0 0 0 0 0 0 0 0 0 0 0 0 0 0 0 0 0 0 0 0 0 0 2 61 55 11 17 44 32 98
38 98 54 59 69 83 99 90 97 99 54 68 53 100 75 83 100 85 83 1 17 33 92 100 84 40 49 35 40 64 81 100 85 49 39 78 53 36 52 44 37 16 53 25 89 41 81 73 83 94 39 1 3 0 0 1 7 23 5 21 67 35 16 22 3 0 0 0 0 0 0 0 0 0 0 0 0 0 0 0 0 0 0 0 0 0 0 11 39 13 0 0 17 37 93 57
69 41 79 72 15 25 89 100 90 45 47 88 69 90 69 92 96 99 78 71 0 52 100 100 100 79 68 94 79 67 68 78 10 4 9 7 38 39 97 41 41 77 11 61 22 87 26 35 92 86 84 78 8 0 3 51 66 23 37 26 39 0 0 0 0 0 0 0 0 0 0 0 0 0 0 0 0 0 0 0 0 0 0 0 0 0 0 36 49 30 5 4 58 99 100 100
57 91 53 34 24 75 100 85 60 76 100 97 70 100 87 85 46 71 60 67 37 20 88 90 65 48 22 30 54 69 59 86 24 23 59 37 43 76 71 2 72 97 6 66 53 94 2 37 87 96 98 95 85 15 27 51 26 38 47 79 68 58 0 0 0 0 0 0 0 0 0 0 0 0 0 0 0 0 0 0 0 0 0 0 0 0 0 0 0 0 0 46 84 100 100 100
50 64 36 67 45 58 80 56 72 83 79 99 94 100 90 51 21 58 62 67 92 64 94 71 49 16 34 57 81 85 47 37 24 50 88 69 37 48 30 45 73 99 62 79 99 96 63 44 100 97 100 78 68 2 3 47 61 47 88 89 90 93 33 0 0 0 0 0 0 0 0 0 0 0 0 0 0 0 0 0 0 0 0 0 0 0 0 0 0 12 50 98 100 100 73 49
79 57 1 17 48 69 85 72 43 77 100 100 100 100 63 12 78 80 73 74 90 26 93 85 51 76 45 23 46 87 59 45 19 83 100 44 36 48 60 92 95 93 83 56 93 29 23 0 14 7 57 54 66 20 0 0 0 0 14 53 92 72 9 0 0 0 0 0 0 0 0 0 0 0 0 0 0 0 0 0 0 0 0 0 0 0 0 6 32 82 100 63 81 58 29 97
75 28 11 95 84 71 36 40 70 66 91 100 100 76 34 19 68 74 87 76 58 7 29 58 70 67 61 13 17 81 50 0 42 99 99 82 58 20 42 94 87 100 71 26 70 0 0 29 36 11 1 0 0 0 0 0 0 0 31 92 59 66 0 0 0 0 0 0 0 0 0 0 0 0 0 0 0 0 0 0 0 0 0 0 0 1 43 95 100 100 100 78 13 29 96 83
33 1 35 71 25 36 1 71 49 45 86 100 100 8 1 1 82 94 73 92 57 46 24 50 69 59 51 44 33 65 40 21 48 84 80 49 20 14 72 92 57 32 66 58 37 43 23 44 20 0 0 0 0 0 0 0 0 0 63 46 19 1 0 0 0 0 0 0 0 0 0 0 0 0 0 0 0 0 0 0 0 0 0 0 4 24 81 86 100 97 45 15 51 100 79 76
29 40 41 51 85 45 47 73 50 78 65 77 87 13 29 53 83 96 79 98 99 49 50 24 49 51 71 49 21 3 76 96 84 100 76 9 25 67 96 51 24 12 72 23 55 90 45 6 0 0 0 0 0 0 0 0 0 0 9 1 0 0 0 0 0 0 0 0 0 0 0 0 0 0 0 0 0 0 0 0 0 0 0 0 39 27 63 74 70 31 12 79 100 89 71 56
34 47 18 31 95 49 1 10 18 42 34 8 20 2 59 69 58 72 75 100 90 83 31 67 30 37 83 68 45 15 73 54 62 82 5 12 52 99 84 32 89 83 49 39 78 17 0 0 0 0 0 0 0 0 0 0 0 0 0 0 0 0 0 0 0 0 0 0 0 0 0 0 0 0 0 0 0 0 0 0 0 0 34 25 19 91 97 79 10 38 90 100 94 81 74 44
74 8 0 11 55 5 14 57 65 37 73 46 0 0 59 68 19 54 38 86 84 89 92 93 8 45 60 66 72 14 38 84 46 50 2 34 67 54 25 17 67 81 47 93 74 0 0 0 0 0 0 0 0 0 0 0 0 0 0 0 0 0 0 0 0 0 0 0 0 0 0 0 0 0 0 0 0 0 0 0 0 0 79 89 100 91 46 0 31 85 93 94 59 2 54 60
17 15 52 36 43 89 88 68 59 99 93 83 38 0 47 49 43 78 80 57 69 74 78 97 18 2 35 66 81 63 71 88 67 88 35 73 9 0 0 52 31 66 73 68 35 0 0 0 0 0 0 0 0 0 0 0 0 0 0 0 2 0 0 0 0 0 0 0 0 0 0 0 0 0 0 0 0 30 19 26 0 0 66 65 93 65 6 29 78 70 80 72 6 45 85 77
4 41 30 21 90 90 55 20 90 90 78 39 54 0 0 23 55 37 18 52 62 46 55 78 11 0 51 80 74 80 78 89 97 66 25 59 1 0 9 64 35 76 84 25 0 0 27 10 57 31 1 0 0 0 0 0 0 8 4 0 24 3 0 0 0 0 0 0 0 0 0 0 0 0 0 0 15 86 32 84 18 54 99 98 84 6 48 100 100 77 15 87 2 9 21 0
67 29 44 81 89 63 51 93 100 89 42 37 29 24 31 77 55 80 48 51 52 35 75 83 85 6 23 58 95 74 18 90 77 35 63 74 58 27 57 49 24 81 32 57 60 48 92 87 38 35 1 0 0 0 0 0 0 60 25 13 75 26 0 0 0 0 0 0 0 0 0 0 0 0 0 0 70 88 38 100 87 97 100 79 16 69 99 100 100 73 31 10 12 0 0 0
78 48 62 32 63 36 45 78 97 91 53 57 20 73 77 76 84 100 44 69 66 78 89 100 50 15 35 39 80 84 82 61 6 57 74 53 21 25 35 44 25 47 3 0 4 58 96 30 11 0 0 0 0 14 11 15 49 100 100 67 51 0 0 0 0 0 0 0 0 0 0 0 0 0 0 7 54 88 50 74 83 100 78 29 81 100 100 41 81 98 24 0 0 0 0 16
61 39 46 26 9 20 50 84 62 69 52 76 50 81 81 35 96 77 77 77 86 71 87 100 48 62 33 53 56 100 71 0 39 97 70 100 45 10 44 59 33 23 0 0 0 12 4 0 0 0 0 0 13 61 100 97 90 60 52 20 7 0 0 0 0 0 0 0 0 0 0 12 10 0 0 2 91 100 80 37 22 77 41 83 100 85 58 40 92 76 24 0 0 0 5 61
87 80 30 65 59 97 88 62 56 88 88 98 32 49 88 21 11 73 74 99 83 68 93 87 37 72 90 69 99 100 55 3 3 27 16 44 0 0 30 10 0 0 0 0 0 0 0 0 0 4 32 67 97 92 98 77 45 32 10 0 0 0 0 0 0 0 0 0 0 0 2 39 0 0 0 18 88 100 86 45 70 40 81 94 100 52 27 17 16 0 0 0 0 7 43 42
22 62 65 71 86 79 93 99 100 100 100 69 20 41 79 29 24 31 41 36 93 86 97 100 59 60 100 95 74 66 0 0 0 0 0 0 0 0 51 9 0 0 0 0 0 0 0 24 21 91 74 92 62 54 95 61 3 0 0 0 0 0 0 0 0 0 0 0 0 2 51 65 0 0 0 91 71 92 37 67 47 99 71 87 100 61 43 2 0 0 0 0 1 22 4 3
39 15 87 97 89 94 86 96 94 93 100 52 21 24 88 89 29 44 51 56 89 96 100 82 41 69 43 12 8 2 0 0 0 0 0 0 7 12 10 24 0 0 0 0 0 0 52 61 100 79 69 37 45 55 34 0 0 0 0 0 0 0 0 0 0 0 0 1 26 72 41 0 0 9 31 87 97 78 24 44 88 100 100 100 99 67 7 0 0 0 0 0 0 0 0 0
57 76 90 97 98 86 62 98 100 100 100 53 3 42 91 79 73 85 100 100 78 34 40 12 32 47 1 0 0 0 0 0 0 0 0 16 53 15 24 0 0 22 29 73 5 13 11 80 71 31 39 79 63 14 0 0 0 0 0 0 0 0 0 0 0 2 45 47 66 33 5 58 71 91 80 59 78 14 18 79 72 76 79 69 36 35 72 71 51 37 0 0 0 0 1 17
57 77 73 69 82 62 90 70 94 97 100 58 28 92 100 100 97 100 91 25 7 70 51 28 8 23 0 0 0 0 0 0 0 0 0 0 0 0 13 58 44 100 59 4 1 2 24 75 70 59 83 36 1 0 0 0 0 0 0 0 0 0 0 0 51 90 100 100 47 54 95 100 79 88 81 53 52 65 56 49 85 63 68 99 79 80 100 93 99 55 22 0 0 0 27 61
84 49 25 68 79 79 83 63 55 69 61 1 53 100 63 33 78 69 10 0 0 0 0 0 0 0 0 0 0 0 0 0 0 0 0 0 0 0 10 22 75 26 7 0 0 0 33 98 76 98 45 0 0 0 0 0 0 0 0 1 0 0 0 1 92 100 100 93 70 100 83 79 74 33 64 24 56 70 77 99 100 100 96 90 74 100 90 69 64 87 40 0 7 3 34 25
98 83 77 99 99 99 73 70 39 53 55 64 85 45 3 7 54 31 0 0 0 0 6 15 0 0 0 0 0 0 0 0 0 0 0 0 0 27 48 49 78 53 11 22 21 0 7 52 58 77 17 0 0 0 2 11 0 0 35 30 0 0 60 74 100 100 100 89 78 91 84 79 54 41 50 78 93 85 67 76 95 92 66 66 65 85 25 14 3 6 41 63 61 32 12 37
50 5 8 78 77 65 74 86 95 61 67 24 52 52 13 5 43 0 0 0 0 0 23 51 0 0 0 0 8 0 0 19 68 45 31 0 19 84 35 99 92 84 15 78 44 0 2 81 64 61 24 0 0 0 20 3 0 0 23 9 3 7 63 100 100 94 20 85 96 100 47 49 43 29 40 89 60 51 18 34 97 70 98 100 100 63 0 0 0 0 22 67 67 49 0 25
56 56 16 21 80 67 49 94 98 90 19 0 0 19 3 10 6 0 0 0 0 0 5 20 40 59 81 55 38 15 45 55 100 95 96 34 29 70 67 63 100 94 96 98 20 2 82 99 80 76 46 0 0 0 20 26 0 0 10 76 62 0 38 100 100 76 39 75 92 42 16 37 89 99 100 40 43 44 95 89 100 100 100 49 41 53 0 0 0 0 38 78 67 43 23 57
99 89 57 22 90 78 45 64 26 85 48 4 52 85 5 0 0 0 0 0 0 0 0 27 87 100 100 91 28 37 100 99 95 100 100 100 77 81 58 37 85 63 46 87 54 55 98 100 80 97 40 6 55 20 68 60 0 42 73 100 51 0 21 85 56 60 51 54 33 28 47 77 100 90 64 0 15 80 99 91 87 99 73 14 0 0 0 0 0 26 28 78 67 56 64 68
100 100 95 94 62 34 13 3 5 51 5 3 74 78 9 0 0 0 0 0 0 0 35 61 96 100 100 100 90 92 100 77 87 92 100 87 89 95 79 16 93 77 83 98 97 99 62 82 77 86 99 54 81 68 100 87 51 100 91 100 78 28 39 57 62 85 34 13 5 20 69 80 99 38 0 12 87 81 46 38 52 29 30 0 0 0 5 55 49 74 74 67 67 67 32 49
100 100 99 98 100 40 0 0 0 0 0 52 50 51 0 0 0 9 10 28 4 41 94 100 100 100 92 79 92 90 90 80 98 59 78 94 100 100 100 64 76 85 69 69 65 48 69 92 67 55 62 56 53 78 69 74 90 100 100 100 98 98 100 83 99 43 2 0 17 11 68 96 46 2 0 3 6 33 0 3 32 0 6 0 0 4 57 94 98 100 69 67 67 44 42 53
99 67 64 35 40 8 0 0 0 0 0 0 9 67 32 55 47 49 14 50 36 99 100 95 100 100 76 76 56 31 24 55 78 72 47 53 68 47 38 31 44 55 15 47 45 62 32 25 0 6 17 31 27 37 46 34 7 55 88 72 75 28 29 20 43 36 3 0 4 11 88 100 83 57 55 3 19 0 0 0 0 0 0 0 6 56 90 100 98 43 49 59 44 55 80 95
61 59 12 0 0 0 0 0 0 0 0 17 66 56 37 92 100 5 1 68 96 94 87 73 100 62 25 6 27 45 34 1 4 10 0 17 25 63 80 31 1 39 38 66 48 28 30 49 56 72 66 30 5 0 0 0 0 21 18 46 77 15 15 31 13 9 3 6 1 51 100 96 100 100 99 46 6 0 0 0 0 0 0 0 28 54 92 97 91 59 71 66 77 79 96 100
53 23 13 2 3 0 0 11 24 53 18 33 7 29 97 77 69 1 14 55 86 11 61 69 59 11 23 68 30 95 10 0 0 1 26 80 57 48 100 74 0 0 7 0 3 19 77 98 100 81 29 55 86 73 54 47 40 22 0 6 15 25 28 42 76 100 86 81 73 94 92 85 100 100 97 66 0 0 0 1 13 13 2 2 53 66 79 90 89 84 93 68 42 93 100 69
59 74 95 93 81 43 5 81 99 99 78 39 89 44 98 83 83 3 72 50 69 45 28 60 28 40 19 0 30 51 3 0 0 46 100 100 98 59 65 78 64 32 37 53 66 73 63 97 100 29 8 48 65 45 73 95 100 100 34 68 82 98 100 86 76 100 84 86 81 69 100 98 91 79 77 59 1 36 68 12 41 55 7 28 60 95 100 100 98 100 100 71 45 93 100 38
88 80 61 100 98 78 50 71 58 74 74 43 14 83 100 53 62 77 64 91 74 0 0 29 90 54 3 45 0 11 2 0 0 15 89 100 96 66 17 96 100 99 88 41 62 81 84 39 92 95 54 59 49 22 15 75 70 68 56 82 100 100 100 96 96 77 35 33 100 100 100 100 91 41 27 2 45 98 100 96 98 29 3 81 100 96 92 95 100 100 85 100 100 100 82 80
91 64 92 82 33 13 36 81 96 99 50 37 70 87 100 94 76 100 51 51 32 0 23 24 98 85 25 1 0 0 0 2 58 54 93 100 97 66 36 100 100 84 90 100 100 79 100 55 0 38 100 93 95 97 80 44 100 98 41 66 39 79 96 100 99 97 30 4 87 100 100 100 100 83 13 0 28 53 77 100 87 65 33 64 79 71 30 0 62 99 100 87 53 99 77 43
