data/habitatmaps/RS_maps/habitat_Prunella.modularis_2009.asc
NCOLS 369 
NROWS 228 
XLLCORNER 479000 
YLLCORNER 73000 
CELLSIZE 1000 
NODATA_value -9 
[rows 59 to 117 of 228, columns 96 to 191 of 369]
69 95 74 54 34 39 18 12 10 8 16 26 18 78 70 83 46 73 59 79 75 93 52 12 8 58 38 20 42 84 89 78 72 68 58 46 47 31 26 52 60 78 76 48 61 46 62 91 82 41 58 64 20 1 0 0 12 84 100 64 13 65 59 53 46 17 13 58 40 23 0 2 26 79 44 44 45 36 58 1 12 5 0 0 3 41 46 3 39 30 0 0 86 38 37 31
40 68 10 28 78 94 76 98 97 84 97 99 78 66 43 54 91 100 100 93 94 85 90 42 57 55 77 87 74 58 97 39 57 69 44 42 70 69 64 80 18 44 25 14 6 45 52 88 91 83 12 0 0 0 1 18 20 82 81 40 0 0 30 32 35 7 21 49 72 53 38 8 68 91 48 13 16 18 75 50 0 2 0 0 29 0 6 28 11 42 0 0 22 24 55 8
22 32 62 78 45 42 70 95 92 86 72 80 94 50 68 96 97 98 56 68 66 74 72 60 44 68 67 58 51 63 76 38 36 71 32 43 49 30 2 0 0 0 35 74 72 97 62 100 92 16 0 0 0 0 0 48 16 0 0 0 0 0 0 25 66 85 76 20 40 46 73 28 44 71 53 38 4 52 45 90 45 44 17 0 0 43 0 64 85 26 1 0 0 0 20 4
18 89 66 27 69 62 71 60 56 36 40 42 30 88 92 97 55 14 69 92 89 95 64 68 82 64 51 51 54 72 63 84 72 56 60 64 41 0 0 0 0 1 89 76 83 50 58 54 18 0 0 0 6 75 18 72 24 1 22 25 0 0 0 18 42 38 48 59 27 37 30 23 54 4 15 25 35 1 18 26 83 64 0 0 0 7 0 16 42 77 33 0 0 10 4 4
80 76 18 40 28 32 33 89 100 85 78 96 100 46 47 71 48 55 64 44 85 75 50 40 18 11 32 14 68 66 66 81 59 93 76 56 41 62 78 86 92 96 94 90 74 5 0 0 0 15 32 58 80 78 70 82 51 93 98 82 48 35 0 1 65 96 90 72 15 56 13 0 48 29 20 24 79 50 0 0 55 85 8 0 0 35 0 0 24 41 35 10 16 34 40 0
43 16 9 8 3 54 66 50 56 72 35 36 69 62 75 86 85 40 2 5 7 0 0 4 8 34 53 80 75 72 25 11 34 87 78 96 78 82 96 90 97 100 24 17 2 0 0 0 1 29 55 69 57 64 1 8 14 74 100 71 46 66 0 0 47 94 87 4 11 92 54 0 26 76 75 28 44 28 0 0 41 54 5 0 0 52 0 0 40 53 29 8 0 6 25 0
5 16 22 64 82 38 29 9 10 21 40 45 60 53 66 69 76 68 73 26 24 28 34 68 61 55 62 94 69 5 17 45 66 87 82 63 45 63 43 44 52 56 66 27 0 0 18 33 53 80 16 5 0 52 10 17 35 44 100 46 6 76 31 0 45 74 88 36 68 51 55 0 26 86 8 0 13 43 3 0 0 8 0 0 0 15 4 0 1 77 16 0 0 0 65 3
50 40 18 52 39 54 46 47 64 80 89 76 57 59 33 36 50 97 100 82 64 79 90 60 68 72 98 50 40 90 100 100 56 56 77 54 66 94 24 20 10 24 0 0 0 0 9 94 100 36 74 5 4 10 14 60 97 96 78 9 21 87 67 1 0 47 100 69 12 57 29 0 22 56 8 32 12 72 13 2 0 0 52 10 0 1 37 6 0 67 30 5 0 0 69 16
18 16 39 46 63 47 60 86 60 62 42 51 66 39 34 40 69 90 87 69 42 65 80 54 37 93 100 98 84 80 60 78 95 82 20 0 24 58 41 14 49 6 10 54 57 71 76 75 99 6 17 50 95 23 31 88 45 100 100 26 39 62 67 29 0 23 32 34 73 67 2 0 7 4 46 64 49 22 92 62 9 0 42 87 23 0 48 88 35 43 99 16 0 28 14 29
33 34 55 42 60 56 35 34 38 60 74 73 36 0 7 5 9 12 34 42 80 47 76 97 72 84 86 100 86 100 100 98 88 70 38 8 17 18 5 2 0 0 60 61 64 100 54 12 45 0 21 48 5 0 30 100 95 39 34 5 19 20 22 34 0 0 28 74 64 57 0 0 0 0 14 88 59 58 32 95 48 0 8 20 15 0 28 35 2 11 52 31 27 2 20 30
18 45 70 78 70 41 71 18 0 0 10 0 0 50 59 72 50 68 100 100 98 73 64 51 84 93 100 93 92 66 82 35 35 75 46 33 44 26 8 0 0 10 33 1 52 58 37 0 32 45 24 5 34 51 17 41 45 24 36 0 15 34 87 78 0 16 74 78 78 96 14 0 0 0 26 22 9 76 14 27 23 10 0 0 59 0 4 7 0 0 6 35 12 0 32 17
11 22 58 47 30 12 15 0 0 24 50 24 39 90 84 81 80 58 20 48 56 54 61 94 100 100 39 2 38 15 0 27 79 66 52 44 22 26 0 0 0 32 54 34 93 11 9 24 69 62 39 1 56 92 80 0 23 74 43 1 40 85 74 50 26 1 38 68 72 76 11 0 19 5 2 22 4 32 18 0 11 32 0 24 64 3 0 0 0 0 39 77 33 1 27 10
58 54 28 49 93 22 0 7 54 99 100 94 96 70 58 52 41 46 99 79 92 100 80 70 56 18 16 17 28 44 0 12 30 1 13 4 20 32 0 20 30 39 52 55 8 49 46 31 4 24 0 0 42 100 92 4 3 10 0 21 26 50 22 24 47 19 2 84 81 36 3 10 17 0 0 51 26 3 31 11 27 2 0 3 75 32 0 2 50 27 17 58 42 2 0 14
29 34 52 56 54 46 72 74 76 74 23 37 64 90 90 61 50 80 98 94 96 90 13 1 0 0 0 0 0 0 0 0 0 0 0 31 40 21 2 80 84 47 0 7 11 95 71 10 1 52 19 0 65 71 23 0 0 57 2 31 29 35 3 58 0 1 10 8 6 0 11 44 4 0 0 22 16 8 35 0 0 0 0 15 33 15 0 0 30 8 6 44 61 29 0 0
56 24 12 20 59 84 83 73 79 93 82 72 66 86 60 56 97 98 100 70 26 0 0 0 0 0 0 0 0 0 0 0 0 10 4 18 23 2 0 52 100 42 33 49 2 0 45 27 29 44 56 0 75 26 24 51 0 52 56 3 27 0 20 81 27 32 89 38 22 17 0 39 9 22 0 0 14 13 15 0 0 0 17 35 39 26 6 0 0 0 22 19 84 31 0 0
10 3 0 3 0 78 79 63 66 58 22 53 76 86 35 52 54 14 87 46 0 0 0 0 0 0 0 0 0 0 43 71 59 14 9 45 0 0 0 22 24 4 42 1 2 0 10 23 2 12 20 0 80 86 54 7 0 25 7 24 0 6 26 56 64 0 67 100 35 36 41 54 3 36 71 10 0 1 16 0 13 8 20 22 64 21 21 0 0 0 0 4 34 16 0 0
69 50 60 76 65 62 59 72 78 80 54 68 0 18 100 92 63 44 19 0 0 0 0 0 0 0 0 3 7 35 97 56 74 7 0 4 50 13 5 0 18 6 7 34 17 21 0 8 20 57 6 1 58 56 37 10 12 21 8 33 3 13 10 1 28 0 8 10 3 0 10 22 0 32 36 0 0 9 34 0 49 76 2 7 72 0 0 0 4 14 0 0 27 50 4 1
32 58 54 57 74 92 94 34 40 88 65 74 66 85 49 18 39 27 21 0 0 0 0 0 4 18 0 20 85 84 46 24 6 6 0 10 19 0 19 63 71 2 7 66 22 6 27 85 57 38 20 5 24 62 43 17 39 71 18 14 18 9 5 20 28 0 0 0 0 0 1 26 2 2 14 0 0 0 18 21 33 65 18 6 0 0 22 20 0 14 0 0 5 31 9 53
50 64 34 16 28 72 86 84 70 65 80 94 79 82 78 59 56 12 12 0 0 0 0 4 33 65 53 87 91 25 0 0 42 65 31 0 0 0 55 22 80 30 62 14 28 64 80 25 44 74 23 0 3 16 38 7 86 44 30 35 0 31 30 3 75 28 1 0 0 0 7 41 34 16 11 0 0 0 0 3 6 17 49 20 0 26 1 5 3 0 18 0 6 28 12 5
47 22 18 20 58 74 47 0 11 72 95 74 36 25 84 38 4 0 0 0 0 0 6 79 80 70 82 73 54 61 21 40 64 11 82 15 14 44 55 10 22 9 49 56 37 34 19 10 27 2 0 16 42 27 80 84 46 12 22 20 0 4 30 32 10 45 14 0 0 0 53 65 52 0 12 5 0 0 0 0 0 0 8 0 0 0 0 24 15 0 6 0 13 25 0 0
78 33 30 75 78 78 33 82 52 30 34 3 0 69 26 6 0 21 0 0 11 26 41 97 62 20 0 1 26 26 15 13 44 0 57 96 67 37 46 0 0 0 15 63 47 17 38 50 18 31 0 6 68 10 5 15 17 2 15 12 7 16 11 23 30 33 5 0 0 0 19 56 16 0 19 2 0 0 0 0 0 2 26 32 12 24 14 23 38 0 10 14 8 0 0 15
90 74 100 100 96 88 52 62 91 27 0 19 31 42 0 0 26 36 47 67 58 49 11 48 39 54 0 1 74 52 6 0 16 0 17 78 0 3 57 19 48 11 56 22 44 35 55 44 5 10 28 28 1 1 0 20 24 30 24 16 55 8 13 25 20 21 20 16 51 0 0 0 13 26 44 5 0 0 0 0 0 0 0 12 0 0 0 0 13 4 2 0 27 0 35 3
31 74 84 78 56 79 99 69 10 0 0 44 58 18 0 1 30 65 86 53 72 13 9 84 82 30 4 65 93 14 0 5 30 10 0 64 0 0 14 51 62 61 34 32 27 34 12 43 14 57 35 26 20 26 20 70 29 24 8 2 16 25 26 61 41 91 53 18 77 25 0 0 0 11 11 2 26 21 0 0 0 0 10 17 59 21 4 18 3 0 28 13 15 16 40 34
74 19 2 45 52 96 63 10 0 0 0 4 1 0 0 34 22 0 0 28 25 0 0 12 13 56 36 33 11 20 52 52 18 0 15 68 0 0 0 8 15 64 47 33 21 51 64 19 43 49 15 0 24 16 0 0 9 41 6 0 8 22 20 21 19 32 9 40 20 8 2 0 0 0 0 28 8 11 0 23 20 5 0 10 40 11 11 20 48 21 36 0 1 0 9 6
0 18 52 61 78 44 3 0 0 0 16 39 52 44 10 20 0 2 0 6 1 0 19 97 61 22 0 0 0 29 50 24 13 0 27 12 0 8 33 30 30 14 84 25 16 21 48 20 59 33 8 4 86 65 0 0 9 26 11 1 0 3 12 19 10 50 17 41 24 19 0 20 18 12 0 34 19 0 30 31 7 24 0 9 47 16 0 0 27 18 27 6 69 5 27 26
0 39 97 60 27 0 0 0 1 24 33 60 48 13 49 13 80 62 13 90 86 69 73 12 0 0 0 0 51 2 14 5 24 4 0 0 0 26 91 29 55 21 17 34 30 58 27 0 37 18 28 2 8 62 4 0 13 24 25 0 0 9 2 0 13 9 0 19 25 5 0 6 16 12 0 21 47 16 4 36 25 22 4 0 39 10 0 0 17 40 0 32 54 16 5 1
56 34 48 33 1 0 0 0 25 86 56 0 0 0 12 14 52 42 27 24 40 10 5 6 1 1 6 29 24 42 60 0 4 31 0 0 0 0 53 92 82 61 80 75 41 46 58 36 10 2 36 20 0 0 1 0 0 1 6 59 18 3 34 23 12 5 2 0 24 29 18 0 0 27 2 0 0 0 0 10 5 33 25 8 22 0 24 19 4 0 0 55 50 5 6 24
95 52 3 0 0 0 0 0 24 89 26 0 0 0 26 6 47 55 48 91 20 1 4 29 43 64 56 58 22 69 44 0 0 66 37 0 0 13 20 71 92 46 30 36 54 72 31 28 8 9 22 0 0 0 0 0 0 0 14 83 14 18 41 16 1 4 14 0 14 40 8 1 0 2 0 0 11 36 2 30 11 0 28 1 0 7 21 47 4 0 0 7 44 12 23 25
30 0 12 5 0 0 11 4 55 48 2 0 0 41 9 8 20 24 23 46 13 50 31 40 32 47 73 39 82 64 8 31 7 2 89 3 9 24 61 66 46 43 2 12 32 2 6 7 29 44 3 19 46 31 0 0 0 0 32 20 16 3 27 30 12 40 14 0 22 53 62 24 22 0 0 0 64 60 0 0 0 0 25 18 0 4 0 2 10 0 29 48 0 13 16 0
0 0 6 0 0 0 19 0 0 0 0 0 0 52 2 38 68 9 8 0 21 15 4 30 41 26 51 26 3 35 84 79 2 0 76 2 14 26 14 28 71 37 14 48 50 29 25 3 0 0 26 32 81 8 12 21 44 16 64 25 44 8 35 32 1 25 33 30 68 32 32 70 41 14 0 0 28 20 17 38 34 40 0 0 0 0 7 28 0 20 14 0 0 24 28 34
0 0 0 0 4 52 0 7 0 0 0 0 1 61 15 14 0 12 21 48 50 16 63 31 1 40 19 8 4 19 4 13 0 23 65 28 50 8 0 0 74 10 30 73 32 22 22 16 0 24 21 19 50 67 71 68 76 77 78 73 56 2 47 20 5 36 44 47 50 49 71 59 64 20 14 40 38 44 59 61 41 25 16 1 48 6 41 12 35 42 14 0 0 2 23 63
0 0 4 5 81 39 8 38 4 1 0 0 9 28 65 0 0 25 0 19 0 13 20 16 69 59 62 0 42 11 0 2 4 16 28 12 53 17 26 9 49 0 19 18 13 11 6 26 23 4 25 6 4 16 54 78 66 55 81 76 75 29 31 47 36 33 62 38 56 63 30 44 38 28 36 24 54 61 51 35 14 36 5 0 0 15 62 55 43 36 16 0 0 0 0 0
10 46 76 44 53 7 51 32 6 0 0 0 0 31 1 0 5 8 34 64 13 34 30 18 4 34 16 0 34 17 0 21 14 0 58 28 87 73 44 8 36 20 66 20 6 6 28 18 4 0 1 22 27 56 88 73 70 70 62 64 57 46 30 47 67 65 74 38 54 73 38 25 33 18 39 50 48 20 15 2 15 6 10 59 67 43 55 4 0 0 0 17 28 0 0 0
33 64 89 52 0 0 0 0 5 0 1 52 25 18 14 8 6 49 32 75 52 64 77 76 28 1 0 2 46 0 0 17 50 8 28 77 42 49 45 29 48 34 24 3 22 26 13 14 20 46 35 38 54 51 84 80 86 53 63 64 96 40 42 62 80 74 89 83 58 63 30 48 26 15 58 30 4 37 28 0 12 46 25 38 44 80 52 56 36 0 0 39 52 1 0 0
64 59 32 6 50 5 0 0 0 2 61 43 6 1 25 83 94 73 93 71 26 26 64 28 0 0 0 0 0 0 8 1 56 80 24 59 64 40 36 21 15 26 8 25 32 36 13 0 37 11 11 10 62 86 75 89 100 76 91 80 86 76 60 94 89 74 78 60 58 56 39 38 1 0 48 17 66 49 51 22 9 0 42 83 83 99 80 88 84 29 17 0 0 0 0 0
0 18 4 6 40 0 0 0 13 30 9 17 70 58 89 100 70 21 50 4 23 12 63 27 15 26 29 45 21 10 80 77 81 59 4 41 32 32 75 89 12 0 17 15 14 0 18 16 22 17 36 19 36 47 69 74 77 78 66 83 86 86 88 100 97 92 95 72 52 45 64 38 0 4 42 40 73 74 48 45 68 58 98 37 33 95 74 94 100 89 45 0 34 2 0 0
0 0 0 0 0 0 0 1 81 69 4 39 24 24 35 44 75 18 19 56 48 11 0 0 2 13 28 85 84 88 97 100 67 34 20 81 46 32 24 45 20 1 8 42 30 14 52 38 27 52 52 46 72 44 68 73 77 100 80 91 80 71 100 92 80 83 79 86 50 28 82 24 0 30 40 17 44 40 63 96 70 56 97 100 60 91 95 72 100 100 56 29 5 0 0 6
0 23 0 0 0 0 0 1 62 57 18 44 36 10 64 21 17 12 5 21 0 0 8 9 31 9 2 41 62 72 61 36 52 80 94 56 42 64 39 29 62 26 35 15 5 28 5 12 13 56 42 44 52 58 76 78 33 98 77 62 64 34 98 64 100 100 91 84 44 54 75 7 1 0 12 58 67 68 88 79 74 91 100 100 85 100 100 100 100 86 15 0 0 0 24 78
24 55 3 0 0 0 0 0 60 15 24 34 29 64 81 2 21 50 44 35 15 0 43 34 39 50 28 0 42 3 52 76 74 66 81 87 64 12 59 51 52 27 37 30 21 29 41 18 0 25 30 19 58 76 61 50 38 61 83 68 57 39 73 66 92 84 67 88 61 60 40 13 37 19 16 19 54 95 79 100 94 100 100 100 86 99 69 61 100 41 21 22 20 6 33 39
0 0 0 0 0 0 0 11 62 56 33 43 28 65 72 45 38 22 23 34 50 15 24 26 19 25 69 4 4 0 33 55 74 44 44 23 34 53 34 35 38 22 24 18 0 0 25 43 0 27 19 49 50 43 57 57 68 61 64 40 63 46 34 93 93 64 42 60 44 41 24 0 37 96 96 54 22 46 95 100 100 100 100 100 90 56 50 56 92 83 56 88 52 4 58 85
2 0 0 0 0 0 0 0 0 1 19 66 40 20 31 60 47 18 27 27 18 84 100 100 66 2 10 11 13 0 19 13 21 36 2 0 20 31 62 44 48 16 11 0 20 15 65 31 0 1 50 53 46 32 58 48 88 53 57 57 44 66 69 81 58 77 87 59 30 1 2 0 40 60 68 70 73 38 64 96 100 100 98 88 93 83 97 46 97 28 2 3 19 29 2 1
23 80 6 0 0 0 0 11 34 9 24 30 25 18 44 60 32 12 14 24 84 79 92 56 1 0 0 0 0 13 25 0 11 32 6 42 30 65 35 56 71 63 10 8 12 37 44 33 0 35 36 69 22 58 57 61 59 68 65 39 74 59 35 33 34 44 22 24 8 6 18 41 77 32 72 91 80 39 56 99 100 100 100 98 69 65 100 76 27 1 28 67 32 0 0 0
0 55 29 24 20 30 25 36 27 43 38 14 44 90 38 65 15 8 34 19 0 0 4 0 0 0 0 0 5 91 61 49 15 0 23 1 33 42 6 61 44 75 48 57 58 46 46 39 6 2 4 24 27 46 41 52 60 82 40 48 75 70 66 61 46 9 4 29 0 20 38 36 74 41 58 82 66 62 78 88 100 100 89 94 62 96 50 14 0 18 44 11 37 54 74 64
0 11 8 66 97 13 0 6 13 11 29 5 69 41 48 84 2 0 4 0 0 33 94 0 0 14 32 0 0 36 37 61 19 10 20 6 4 0 16 31 20 68 61 28 96 89 80 25 2 39 28 15 5 7 30 53 51 42 50 66 78 55 79 64 6 36 22 4 0 28 65 48 56 29 74 82 64 78 100 100 96 89 88 84 74 58 35 4 3 58 34 10 97 84 88 100
0 0 27 67 29 72 5 6 20 30 46 22 6 13 98 82 67 79 82 13 6 88 40 0 1 14 19 24 12 0 14 22 11 0 6 30 58 8 7 3 13 11 0 21 44 66 34 1 29 35 58 68 38 3 14 70 31 68 74 70 60 69 62 29 10 16 22 35 21 59 74 33 58 71 57 71 85 96 100 100 100 99 100 100 100 41 3 25 53 96 61 71 100 59 27 26
1 20 6 64 64 79 12 61 15 36 12 0 23 95 98 71 100 64 39 9 36 35 9 28 60 40 17 17 16 35 60 23 28 37 0 3 36 48 5 0 11 13 26 21 31 47 26 0 39 78 55 74 54 51 17 15 26 59 84 76 56 55 32 8 5 51 20 76 59 73 60 24 58 76 72 96 100 100 100 100 100 100 100 100 100 43 19 0 18 85 47 51 80 40 13 77
0 6 0 33 68 54 0 12 6 40 5 8 28 97 99 80 61 60 30 1 54 13 18 44 73 40 29 4 0 22 24 4 11 7 31 0 19 2 0 0 42 12 7 6 61 22 47 20 27 29 28 64 49 65 63 60 78 65 48 62 67 50 10 12 42 40 64 76 50 61 41 16 24 62 86 94 100 100 100 100 100 100 100 98 58 50 14 18 4 1 26 94 100 30 8 43
48 28 0 0 35 30 44 54 28 22 69 11 6 43 87 0 0 6 34 16 39 5 26 61 73 60 23 28 2 0 20 22 8 29 0 5 18 6 28 0 0 27 44 57 0 18 23 15 39 28 41 25 56 59 55 52 73 60 32 58 59 19 5 56 54 81 88 68 7 48 62 28 78 70 92 80 100 100 100 97 100 80 38 31 37 0 0 11 0 18 9 88 100 54 83 59
22 13 0 0 0 74 16 14 2 10 32 26 1 16 8 26 37 30 25 6 20 22 31 30 18 4 44 28 45 0 0 49 8 32 23 0 7 66 91 14 0 0 14 27 16 21 45 54 38 64 11 42 56 30 40 37 35 47 82 64 34 37 28 47 98 100 78 75 32 2 27 68 88 23 90 66 77 69 41 76 83 28 2 19 24 0 10 44 0 0 34 46 80 78 68 82
31 22 14 0 0 42 15 42 0 19 7 14 34 17 22 0 3 26 26 47 8 47 14 56 33 72 30 2 44 0 33 45 48 7 11 27 18 34 17 0 7 40 29 48 34 42 24 43 53 48 56 39 74 28 27 53 40 57 65 24 36 60 54 87 98 79 66 56 35 26 73 100 74 94 52 44 80 80 66 45 6 28 26 64 22 0 7 15 8 9 78 73 82 92 91 78
25 0 2 44 0 2 36 13 4 21 18 8 0 9 36 12 2 38 30 0 15 0 17 13 18 3 10 0 29 23 42 50 72 0 0 0 7 0 0 0 12 3 62 62 82 66 55 15 27 47 78 35 14 41 73 62 37 53 54 16 21 26 70 82 74 70 28 52 28 49 100 100 100 57 61 48 58 98 100 74 26 35 24 8 0 0 0 0 34 84 88 63 80 100 100 80
0 26 41 17 0 0 0 3 0 10 2 0 15 28 7 12 1 28 60 53 30 0 0 22 2 0 0 10 22 31 47 6 60 1 0 9 23 50 0 0 40 52 93 81 60 44 39 57 30 32 33 43 11 70 80 53 65 43 43 52 24 57 69 45 62 83 80 87 46 19 73 100 98 100 100 96 100 96 44 20 45 85 4 0 0 1 14 50 84 82 66 100 64 100 87 30
47 36 25 6 0 0 20 8 24 2 0 8 6 3 0 1 8 52 24 34 69 13 10 31 18 0 1 8 18 19 49 3 21 24 3 18 7 33 14 42 91 86 77 59 7 38 42 35 55 42 53 27 33 42 54 71 47 66 39 34 46 90 100 90 69 59 46 70 53 11 79 100 100 100 100 100 100 100 59 23 4 34 0 6 34 60 86 100 100 69 50 86 90 100 92 61
42 29 4 0 10 0 43 10 1 0 0 6 32 33 8 50 89 14 6 16 62 34 46 8 8 41 67 31 15 15 46 30 40 24 0 21 68 54 22 97 44 38 24 13 33 73 68 46 36 46 75 28 64 42 54 45 42 56 56 10 74 87 98 88 74 30 45 96 48 74 88 100 100 73 86 76 100 100 77 33 0 0 19 63 70 88 98 78 98 78 54 72 100 100 96 76
0 0 0 27 13 0 0 0 0 32 42 10 8 14 34 31 61 23 7 66 58 6 8 10 34 18 2 28 12 0 4 21 2 24 0 5 48 65 17 46 54 34 0 10 56 36 90 68 64 45 30 1 73 24 32 46 63 25 21 42 70 77 82 72 52 5 82 76 31 82 62 98 96 100 100 98 74 74 52 72 8 0 72 90 72 90 71 90 100 14 40 82 74 96 86 97
11 6 22 12 0 16 1 0 0 17 28 0 0 0 30 51 30 5 55 52 67 56 19 39 30 51 90 27 21 0 0 6 0 14 4 46 75 12 3 25 34 32 62 84 3 40 80 62 36 52 52 7 16 43 34 6 23 4 64 56 46 80 74 82 6 56 86 67 32 62 70 57 82 82 92 75 99 98 78 59 23 53 100 99 62 51 60 99 99 38 82 52 42 42 84 89
1 52 3 5 20 25 12 0 0 0 48 34 0 0 0 15 53 0 0 9 0 6 54 6 2 0 2 22 5 26 3 0 20 0 15 32 10 4 1 49 77 41 36 44 32 15 46 17 25 9 47 61 70 72 50 43 2 5 24 44 16 28 28 57 73 32 91 53 70 11 33 79 96 76 72 60 42 56 88 81 20 96 100 100 92 70 81 100 83 57 85 13 0 48 60 65
0 0 0 0 4 2 0 0 3 10 33 40 16 14 0 51 15 0 10 1 0 17 51 12 0 0 0 0 0 28 0 0 21 0 28 20 2 11 16 66 31 32 2 0 46 41 54 64 28 16 63 100 100 98 96 94 57 45 25 23 27 18 24 78 13 30 48 39 64 78 75 17 39 53 65 83 42 95 94 63 36 60 100 93 90 100 61 80 100 64 63 70 5 0 9 62
62 12 0 0 7 36 35 30 15 11 10 46 38 0 0 89 65 0 22 1 0 21 26 37 80 48 3 0 0 0 8 2 19 5 31 40 50 72 74 74 63 51 56 36 0 0 5 43 70 96 94 100 91 100 72 50 35 87 87 80 96 56 49 73 90 96 94 98 83 98 79 14 22 64 79 72 46 92 100 57 13 43 100 84 82 100 100 98 83 64 92 88 66 23 0 60
