data/habitatmaps/RS_maps/habitat_Regulus.regulus_2012.asc
NCOLS 369 
NROWS 228 
XLLCORNER 479000 
YLLCORNER 73000 
CELLSIZE 1000 
NODATA_value -9 
[rows 126 to 188 of 228, columns 192 to 287 of 369]
0 0 0 0 0 0 0 0 0 0 0 0 0 6 2 50 96 83 57 96 44 0 0 0 0 0 0 0 0 0 0 0 0 0 0 1 29 67 28 24 91 88 15 91 58 100 50 1 22 48 2 0 0 68 7 0 0 0 0 0 0 0 0 30 57 67 100 55 0 0 0 1 33 77 47 3 0 15 33 42 39 41 33 7 50 100 66 59 69 66 57 49 40 0 0 0
0 0 0 0 0 0 0 0 0 0 0 0 0 0 0 10 61 62 52 26 0 0 0 0 0 0 0 0 0 0 0 0 0 0 27 92 77 34 12 48 86 56 1 25 55 95 49 1 0 0 0 0 0 12 0 0 0 0 0 0 0 0 11 30 86 100 100 80 0 0 0 9 33 97 31 0 0 0 0 0 8 31 42 70 60 74 97 82 39 31 78 53 71 6 0 0
0 0 0 0 0 0 0 0 0 0 0 0 0 0 0 0 67 45 68 5 0 0 0 0 0 0 0 0 0 0 0 0 0 32 53 46 1 90 100 15 0 0 0 0 49 93 95 23 0 0 0 0 0 0 0 0 0 4 3 0 2 16 9 73 86 79 100 63 14 0 0 24 29 87 6 38 25 0 0 12 62 100 91 63 100 100 100 96 29 54 86 20 82 47 3 65
0 0 0 0 0 0 0 0 0 0 0 0 0 0 0 0 55 61 55 0 0 0 0 0 0 0 0 0 0 6 1 23 26 26 76 4 57 89 73 68 0 0 0 0 46 26 83 5 0 0 0 0 0 0 0 0 3 36 14 3 61 48 53 72 47 9 87 57 0 0 16 37 58 57 0 36 43 34 58 71 87 100 65 98 48 41 48 72 96 57 39 34 37 80 62 81
0 0 0 0 0 0 0 0 0 0 0 0 0 0 0 1 55 64 20 0 0 0 0 0 0 0 0 0 19 26 2 30 18 70 47 55 66 23 30 64 0 0 0 0 0 42 59 48 0 0 0 0 0 0 22 28 75 31 44 61 100 100 73 81 4 0 21 2 0 0 7 89 18 33 57 0 34 72 44 61 51 100 97 93 63 51 76 100 100 73 83 74 33 30 53 82
0 0 0 0 0 0 0 0 0 0 0 0 0 1 78 76 68 44 25 0 0 0 0 0 0 0 0 1 11 20 66 47 56 98 72 42 23 39 16 42 0 0 0 0 0 0 46 69 0 0 0 0 0 2 37 85 13 12 78 80 37 100 51 32 58 9 0 0 0 13 29 45 0 1 14 0 22 0 0 0 3 68 100 67 8 13 85 74 86 41 39 62 26 40 55 70
0 0 0 0 0 0 0 0 0 0 0 0 6 0 0 56 39 13 0 0 0 0 0 0 0 1 37 35 45 22 38 95 47 73 27 70 41 41 0 14 0 0 0 0 0 0 28 56 1 0 0 0 0 0 8 8 58 88 44 21 11 83 40 62 35 0 0 0 0 43 52 11 0 0 0 0 0 0 0 13 59 1 80 88 52 0 13 5 60 84 34 12 77 100 100 100
0 0 0 0 0 0 0 0 0 0 0 0 24 0 0 0 0 0 0 0 0 0 0 0 0 13 9 8 2 0 0 9 0 1 0 5 41 62 1 0 0 0 0 0 0 0 0 16 2 0 0 0 0 0 0 50 78 76 17 0 1 51 98 68 0 0 0 0 0 34 6 0 0 0 0 0 0 0 0 8 18 0 4 73 97 22 0 2 15 82 84 25 93 100 87 79
0 0 0 0 0 0 0 0 0 0 0 0 0 0 0 0 0 30 3 0 0 0 0 0 0 0 0 0 0 0 0 0 0 0 0 0 59 83 21 0 0 0 0 0 0 0 0 0 0 0 0 0 0 0 35 98 32 3 0 0 0 40 100 21 0 0 0 0 0 0 0 0 0 0 0 0 0 0 36 31 11 0 43 100 96 24 0 0 0 1 84 86 39 57 29 13
0 0 0 0 0 0 0 0 0 0 0 0 0 0 0 0 0 0 0 0 0 0 0 0 0 0 0 0 0 0 0 0 0 0 0 6 45 9 0 0 0 0 0 0 0 0 0 0 0 0 0 0 0 0 53 66 4 0 0 0 0 7 45 46 0 0 0 0 0 0 0 0 0 0 0 0 0 0 18 46 33 26 77 61 4 0 0 0 0 0 50 95 8 42 49 2
0 0 0 0 0 0 0 0 0 0 0 0 0 0 0 9 6 0 0 0 0 0 0 0 0 0 0 0 0 0 0 0 0 0 0 0 59 0 0 0 0 0 0 0 0 0 0 0 0 0 0 0 0 0 6 7 0 0 0 0 0 27 22 56 0 0 0 0 0 0 0 0 0 0 0 0 12 32 85 97 59 4 71 50 0 0 0 0 0 2 62 55 0 0 62 61
0 0 0 0 0 0 0 0 0 0 0 0 0 0 0 17 1 0 0 0 0 0 0 0 0 0 0 0 0 0 0 0 0 0 0 0 5 0 0 0 0 0 0 0 0 0 0 0 0 0 0 0 0 0 0 0 0 0 0 0 0 0 25 48 0 0 0 0 0 0 0 0 0 0 0 0 0 2 8 73 77 29 100 52 0 0 0 0 0 39 79 52 0 0 82 97
0 0 0 0 0 0 0 0 0 0 0 0 0 0 0 0 0 0 0 0 0 0 0 0 0 0 0 0 0 0 0 0 0 0 0 0 0 0 0 0 0 0 0 0 0 0 0 0 0 0 0 0 0 0 0 0 0 0 0 9 44 90 57 0 0 0 0 0 0 0 0 0 0 0 0 0 0 0 7 99 63 64 86 8 0 0 0 0 0 61 87 27 2 0 23 80
0 0 0 0 0 0 0 0 0 0 0 0 0 0 0 0 0 0 0 0 0 0 0 0 0 0 0 0 0 0 0 0 0 0 0 0 0 0 0 0 0 0 0 0 0 0 0 0 0 0 0 0 0 0 0 0 0 0 0 68 84 40 46 6 0 0 0 0 0 0 0 0 0 0 0 0 0 0 7 88 92 90 83 0 0 0 0 0 0 0 6 46 72 24 28 72
0 0 0 0 0 0 0 0 0 0 0 0 0 0 0 0 0 0 0 0 0 0 0 0 0 0 0 0 0 0 0 0 0 0 0 0 0 0 0 0 0 0 0 0 0 0 0 4 34 4 0 0 0 0 0 0 0 0 45 40 1 0 0 0 0 0 0 0 0 0 0 0 0 0 0 20 59 28 12 33 92 100 71 3 0 0 0 0 0 0 0 22 68 99 98 30
0 0 0 0 0 0 0 0 0 0 0 0 0 0 0 0 0 0 0 0 0 0 0 0 0 0 0 0 0 0 0 0 0 0 0 0 0 0 0 0 0 0 16 36 24 0 31 47 7 0 0 0 0 0 0 0 0 22 14 0 0 0 0 0 0 0 0 0 0 0 0 0 0 0 37 68 6 76 98 35 90 100 99 23 0 0 0 0 0 0 0 49 89 30 89 96
0 0 0 0 0 0 0 0 0 0 0 0 0 0 0 0 0 0 0 0 0 0 0 0 0 0 0 0 0 0 0 0 0 0 0 0 0 0 0 0 11 12 69 43 64 27 17 65 0 0 0 0 0 0 0 0 0 0 0 0 0 0 0 0 0 0 0 0 0 0 0 0 17 43 76 80 88 86 100 88 87 83 54 16 0 0 0 0 0 0 0 87 24 0 45 89
0 0 0 0 0 0 0 0 0 0 0 0 0 0 0 0 0 0 0 0 0 0 0 0 0 0 0 0 0 0 0 0 0 0 0 0 0 0 0 38 98 54 71 35 79 36 30 9 0 0 0 0 0 0 0 0 0 0 0 0 0 0 0 0 0 0 0 0 17 24 18 41 17 22 91 86 38 12 47 1 21 95 98 19 0 0 0 0 0 0 4 19 0 0 68 62
0 0 0 0 0 0 0 0 0 0 0 0 0 0 0 0 0 0 0 0 11 24 5 0 0 0 0 0 0 0 0 0 0 0 0 0 0 0 0 17 54 51 76 96 3 12 0 0 0 0 0 0 0 0 0 0 0 0 0 0 0 0 0 0 0 0 0 21 64 79 54 82 66 92 29 7 0 0 0 0 0 75 59 3 0 0 0 0 0 0 0 0 0 0 6 79
0 0 0 0 0 0 0 0 0 0 0 0 0 0 0 0 0 0 12 33 49 82 10 0 0 3 0 0 0 0 0 0 0 14 34 11 0 0 0 43 51 7 7 21 37 63 2 0 0 0 0 0 0 0 0 0 0 0 0 0 0 0 0 0 16 19 0 8 37 11 11 8 7 48 0 0 0 0 0 0 1 80 19 0 0 0 0 0 0 0 0 0 0 0 4 91
24 0 0 0 0 0 0 0 0 0 0 0 0 0 0 0 3 19 33 85 60 61 0 12 55 43 9 0 0 0 0 0 0 15 79 35 11 0 34 85 70 50 6 0 88 14 0 0 0 0 0 0 0 0 0 0 0 0 0 0 0 0 0 0 62 40 32 36 0 0 0 0 0 0 0 0 0 0 0 0 13 96 61 2 0 0 0 0 0 0 0 0 0 0 41 58
25 25 0 0 0 0 0 0 0 0 0 0 0 0 16 27 71 22 7 31 15 64 52 59 65 70 11 17 1 0 0 0 0 0 5 28 48 64 69 54 80 71 88 50 0 73 51 0 0 0 0 0 0 0 0 0 0 0 0 0 0 0 0 0 0 16 2 0 0 0 0 0 0 0 0 0 0 0 0 0 16 70 74 46 3 0 0 0 0 0 0 0 0 3 84 94
38 30 0 0 0 0 0 0 0 0 1 2 34 0 39 64 82 78 84 58 3 50 71 76 55 57 22 75 47 4 0 0 0 0 0 0 12 31 11 12 3 66 100 61 0 73 78 0 0 0 0 0 0 0 0 0 0 0 0 0 0 0 0 0 0 0 0 0 0 0 0 0 0 0 0 0 0 0 0 0 0 0 0 36 95 62 49 0 0 0 0 0 0 0 15 21
0 0 0 0 0 0 0 0 0 0 6 35 47 42 14 50 2 0 0 3 45 63 69 96 68 39 20 31 32 61 11 13 5 9 0 0 0 0 0 0 0 1 54 97 5 67 78 20 5 0 0 0 0 0 0 0 0 0 0 0 0 0 0 0 0 0 0 0 0 0 0 0 0 0 0 0 0 0 0 0 0 0 0 2 67 57 0 0 0 0 0 0 0 0 0 0
0 0 0 0 0 0 0 0 2 33 37 61 36 0 0 0 0 0 0 0 6 47 23 35 55 92 86 68 51 93 95 57 48 65 72 23 13 0 0 0 19 28 0 15 14 45 77 46 51 0 0 0 0 0 0 0 0 0 0 0 0 0 0 0 0 0 0 0 0 0 0 0 0 0 0 0 0 0 0 0 0 0 0 0 45 63 5 0 0 0 0 0 0 0 0 0
0 0 0 0 0 0 0 0 50 18 60 16 0 0 0 0 0 0 1 2 0 0 0 0 1 30 15 58 65 76 90 77 84 60 68 44 87 11 0 0 49 57 11 0 26 63 100 52 33 0 0 0 0 0 0 0 0 0 0 0 0 0 0 0 0 0 0 0 0 0 0 0 0 0 0 0 0 0 0 0 0 0 0 0 2 69 53 6 0 0 0 0 0 0 0 0
0 0 0 0 0 0 0 9 4 0 0 0 0 0 0 0 0 0 23 74 57 13 0 0 0 0 0 7 81 57 52 70 64 43 34 66 31 60 19 0 2 11 0 0 45 95 78 0 0 0 0 0 0 0 0 0 0 0 0 0 0 0 0 2 0 0 0 0 0 0 0 0 0 15 20 17 0 0 0 0 0 0 0 0 0 5 50 57 34 0 0 0 0 0 0 0
0 0 0 0 0 0 0 20 0 0 0 0 0 0 0 0 0 0 0 36 9 60 5 0 0 0 0 0 22 87 87 44 76 52 15 42 28 96 20 14 16 0 0 13 57 100 57 0 0 0 21 42 3 0 0 0 0 0 0 0 0 0 0 36 17 0 0 0 0 0 0 0 0 46 44 13 0 0 0 0 0 0 0 0 0 0 18 0 26 7 0 0 0 0 0 0
0 0 0 0 0 0 0 0 0 0 0 0 0 0 0 0 0 0 0 0 25 29 41 27 0 0 0 0 2 34 73 99 84 63 56 57 49 100 44 12 14 17 51 41 55 100 74 8 0 0 2 85 63 41 4 0 0 0 0 0 0 0 0 44 36 0 0 0 0 0 0 0 8 66 36 1 26 33 7 0 0 0 0 0 0 0 0 0 0 0 0 0 0 0 0 0
0 0 0 0 0 0 0 0 0 0 0 0 0 0 0 0 0 9 1 0 0 15 54 79 34 17 0 0 0 13 69 83 75 62 70 88 94 84 75 21 0 54 97 52 59 100 100 88 6 0 0 85 62 3 0 0 0 0 0 0 0 0 5 77 99 18 0 0 0 0 0 0 14 29 29 42 27 57 6 0 0 0 0 0 0 0 0 0 0 0 0 0 0 0 0 0
0 0 0 0 0 0 0 0 0 0 0 0 0 0 0 0 15 61 64 0 0 14 82 65 51 0 0 0 0 56 93 17 54 54 100 100 100 100 87 68 1 18 87 100 88 74 100 100 61 10 30 45 37 2 0 0 0 0 0 0 0 0 0 64 26 34 3 0 0 0 2 19 89 58 66 66 57 50 0 0 0 0 0 0 0 0 0 0 0 0 0 0 0 0 0 0
0 0 0 0 0 0 0 0 0 0 0 0 0 0 0 0 3 0 53 0 3 78 94 97 47 0 0 0 0 2 15 0 0 3 89 100 63 87 53 95 72 0 74 100 98 88 65 99 93 79 65 2 25 74 8 0 0 0 3 19 0 0 0 68 73 75 58 11 0 0 3 24 10 0 76 77 69 67 25 0 0 0 0 0 0 0 0 0 0 0 0 0 0 0 0 0
0 0 0 0 0 0 0 0 0 0 0 5 19 0 0 0 25 71 8 0 3 52 49 82 18 0 0 0 0 0 0 0 0 4 86 96 100 98 100 77 87 81 33 98 76 83 62 74 61 29 40 85 100 96 70 2 0 0 34 72 14 0 1 48 49 64 69 52 16 0 0 0 0 0 42 77 19 15 0 0 0 0 0 0 0 0 0 0 0 0 0 0 0 0 0 0
0 0 0 0 0 0 0 0 0 0 0 37 28 0 0 0 0 69 22 25 7 17 93 95 19 0 0 0 0 0 0 0 3 57 75 80 75 69 100 72 75 66 57 59 75 83 62 39 52 73 100 100 100 61 32 1 0 0 53 77 4 0 0 0 19 77 42 44 53 0 0 0 0 19 86 60 38 75 49 0 0 0 0 0 0 0 0 0 0 0 0 0 0 0 0 0
0 0 0 0 0 0 0 0 0 0 1 47 12 0 0 0 0 7 85 46 57 37 97 30 0 14 63 32 0 0 0 4 77 100 94 99 69 99 93 54 97 60 100 59 61 79 62 4 95 100 87 70 67 77 0 0 0 3 89 100 17 0 0 0 33 69 22 50 54 0 0 0 0 2 58 69 46 88 86 31 0 0 0 0 0 0 0 0 0 0 0 0 0 0 0 0
0 0 0 0 2 0 0 0 0 0 0 23 82 2 0 0 0 5 39 57 99 100 84 83 6 23 85 44 0 0 0 0 9 51 50 56 86 100 100 45 59 66 100 100 85 96 55 16 100 76 68 7 11 6 0 0 0 31 100 94 49 0 0 0 66 93 26 72 54 0 0 0 0 2 45 51 51 77 2 0 0 0 0 0 0 0 0 0 0 0 0 0 0 0 0 0
0 0 0 0 52 1 0 0 0 0 0 9 92 17 0 0 0 0 0 3 80 100 51 39 27 27 40 4 0 0 0 0 0 0 0 13 69 83 100 100 59 71 75 57 99 71 18 96 98 79 57 53 87 66 13 0 0 31 96 54 0 0 0 0 30 85 19 86 86 0 0 0 0 0 7 80 29 54 12 0 0 0 0 0 0 0 0 0 0 0 0 0 0 0 0 0
0 0 0 10 46 56 1 0 0 0 0 0 73 17 0 0 0 0 0 0 62 80 1 64 61 100 56 0 0 0 21 62 43 15 0 0 0 30 100 100 100 69 6 0 24 64 3 37 100 100 92 67 36 97 95 32 1 53 90 53 3 0 0 13 93 100 16 94 56 0 0 0 0 0 22 77 20 43 27 21 0 0 0 0 0 0 0 0 0 0 0 0 0 0 0 0
0 0 0 5 55 58 2 0 0 0 0 0 40 13 13 0 2 25 10 4 41 31 7 98 50 50 31 0 0 0 0 14 66 48 40 0 0 39 100 87 100 100 70 8 16 90 30 42 92 54 59 92 96 92 45 6 5 79 54 72 30 0 0 37 100 98 61 100 56 1 0 0 0 0 15 60 13 41 68 50 8 0 0 0 4 0 0 0 0 0 0 6 11 0 27 38
0 0 11 69 49 80 19 0 0 1 17 0 13 79 98 55 0 46 13 80 15 0 55 100 30 0 0 0 0 0 0 0 72 40 78 0 0 4 20 45 93 90 50 91 52 15 2 91 37 0 0 9 55 35 0 0 0 67 70 71 67 1 0 43 100 95 41 42 79 54 0 0 2 69 57 57 0 20 70 6 0 19 42 59 63 3 23 36 49 52 63 57 86 30 68 31
0 0 0 0 53 59 30 0 0 2 26 70 82 33 18 75 65 19 1 4 39 76 77 52 19 0 0 0 0 0 0 56 57 86 51 0 0 0 25 14 81 40 70 100 100 17 0 83 91 44 0 0 4 0 0 0 0 67 80 79 39 2 29 93 100 51 78 83 98 97 49 0 13 98 95 66 1 0 51 19 6 36 64 38 67 14 74 63 74 43 26 14 6 15 10 53
0 0 0 3 43 66 32 0 0 0 3 38 11 0 0 36 46 43 7 78 100 95 85 77 15 0 0 0 0 62 86 50 53 24 8 59 51 0 0 78 71 54 100 100 100 8 0 75 100 34 4 11 0 0 0 0 26 64 83 76 9 0 24 46 62 22 100 100 100 49 67 0 0 69 89 100 9 0 56 44 0 0 0 23 1 0 14 17 37 0 2 21 86 98 98 90
23 8 26 91 76 100 21 0 0 0 0 0 0 12 0 0 49 55 11 100 100 98 77 81 4 1 20 1 0 5 69 73 92 23 16 0 11 0 8 70 90 77 68 80 70 3 0 55 100 90 92 100 57 0 0 0 73 50 47 72 34 0 3 46 24 59 100 92 20 53 12 0 0 2 2 75 54 25 9 1 2 0 0 0 8 12 31 49 61 86 96 100 85 97 70 1
49 41 29 75 90 100 57 0 0 0 0 45 64 99 42 0 24 5 25 100 100 90 73 9 0 33 84 8 0 0 0 22 80 25 57 0 0 0 21 12 70 83 30 59 57 60 0 43 100 100 100 100 46 0 0 0 66 63 68 92 0 0 46 26 0 80 100 100 82 66 0 0 4 68 68 96 61 66 27 0 30 42 16 4 25 48 93 92 70 98 97 61 23 58 35 12
0 2 87 75 67 13 9 0 0 9 33 64 100 94 93 21 17 0 61 100 83 49 0 0 0 53 81 52 63 55 15 11 26 16 41 29 6 0 0 0 8 0 75 85 100 80 2 9 96 100 100 100 96 8 0 0 42 29 88 69 0 9 78 7 40 100 100 99 100 73 4 1 10 84 42 20 2 0 0 0 0 71 55 94 97 97 89 57 74 72 15 0 0 0 0 0
0 57 99 29 0 0 0 0 10 50 61 81 100 56 20 16 1 52 28 18 23 32 54 0 0 11 64 93 55 34 45 48 38 29 100 100 17 0 0 0 0 0 2 37 68 100 65 2 50 82 100 96 16 0 0 17 94 62 57 42 0 41 40 1 79 100 100 66 49 0 0 0 70 97 84 3 0 0 0 0 6 25 98 96 38 63 57 0 0 0 0 0 0 0 0 0
20 89 66 22 0 0 0 3 75 61 43 93 39 10 80 88 94 56 63 3 0 0 5 0 0 0 0 16 76 86 49 14 10 62 100 56 2 15 28 30 24 5 3 66 80 43 37 24 1 29 82 64 0 0 0 47 100 77 62 64 29 35 0 20 100 93 61 39 0 0 0 3 42 74 43 0 0 0 0 0 1 92 100 46 0 4 7 0 0 2 33 33 0 0 0 0
85 56 35 4 0 0 0 14 41 79 38 41 9 85 97 69 54 40 100 69 32 1 0 0 0 19 59 14 0 32 89 90 47 56 73 0 33 51 26 36 66 0 83 65 61 93 100 55 0 0 32 96 19 0 22 47 100 57 99 72 38 30 0 63 96 21 17 16 0 0 0 8 43 58 48 0 0 0 0 0 0 10 55 22 0 0 0 0 0 25 98 28 0 0 0 0
96 57 4 0 0 1 2 56 96 37 75 85 100 54 23 17 27 53 97 35 75 44 9 0 0 34 35 27 46 0 12 85 100 29 0 0 9 35 17 93 37 0 32 60 100 100 100 65 0 0 0 70 57 4 19 100 99 63 100 67 52 0 17 98 75 0 0 0 0 0 0 19 64 52 20 71 44 2 0 0 0 20 37 7 11 0 34 53 61 89 97 7 0 0 0 0
89 20 0 0 3 46 91 99 60 90 39 40 57 23 0 0 0 33 57 75 72 73 100 41 7 47 50 43 24 0 0 20 100 85 1 0 45 12 44 32 1 0 7 71 100 95 58 85 16 0 0 14 95 33 25 100 58 36 88 84 28 1 67 74 42 36 25 0 0 1 55 99 65 45 96 71 1 0 0 0 0 0 23 45 49 0 18 58 74 100 86 6 0 0 46 0
92 96 0 0 32 96 86 98 93 74 0 0 0 0 0 0 0 29 46 37 57 86 51 47 11 0 0 4 33 36 40 0 48 100 85 6 9 64 78 43 23 0 1 44 90 78 65 78 77 3 0 0 38 85 35 100 89 57 23 22 0 18 99 92 88 100 83 7 0 42 86 7 81 37 88 24 5 9 0 0 0 0 27 61 44 2 68 77 63 73 52 0 0 26 75 10
95 71 1 0 14 28 48 8 6 24 33 0 0 0 0 0 15 28 0 0 0 0 47 49 87 45 0 3 86 100 96 51 0 54 95 100 85 21 54 95 100 97 43 0 2 89 100 100 89 82 43 0 42 61 57 93 95 38 53 16 0 36 63 60 27 57 98 32 0 40 11 33 61 10 20 85 97 22 0 0 0 0 54 71 68 1 66 42 8 0 0 0 0 34 74 39
72 70 0 0 0 0 0 0 0 0 0 1 35 33 10 21 23 25 37 42 11 28 92 93 100 98 44 23 56 66 29 0 0 0 22 65 62 3 48 94 28 12 19 0 0 29 44 68 89 100 92 4 0 21 41 0 7 1 0 0 7 29 79 98 96 18 4 39 8 0 3 0 2 1 0 0 7 68 29 0 0 0 0 30 45 19 3 29 74 34 0 0 0 0 38 44
88 100 46 32 67 4 0 0 0 0 2 43 69 50 44 29 28 26 79 94 82 73 62 48 73 91 97 5 0 0 43 71 15 0 0 0 0 0 59 45 0 0 0 0 0 0 2 20 89 96 100 26 0 0 0 4 15 8 3 6 63 100 81 53 83 16 0 0 0 0 0 0 0 0 0 0 0 13 31 38 45 -9 0 3 0 0 28 42 37 1 0 0 0 0 0 2
100 52 0 49 86 1 0 0 0 0 0 9 55 76 91 100 90 88 100 60 6 39 52 5 46 38 68 54 9 0 28 23 2 0 14 61 54 64 22 15 57 9 0 0 0 0 5 22 49 39 44 50 3 3 42 85 100 100 92 94 34 19 81 100 85 5 0 0 0 0 25 21 5 0 0 0 0 10 84 100 37 -9 -9 0 0 0 0 0 0 0 0 0 0 0 0 0
99 31 0 65 86 37 37 44 0 0 1 16 0 6 0 17 81 53 96 93 24 48 76 25 83 69 100 100 100 36 40 32 22 0 0 16 91 100 31 100 73 41 36 10 0 10 16 74 88 69 41 22 0 23 63 63 85 100 100 100 95 48 15 46 10 0 0 0 0 0 0 9 6 0 0 0 0 2 36 59 -9 -9 -9 -9 -9 0 0 0 0 1 19 31 0 0 0 11
31 58 66 94 83 87 61 14 8 17 88 100 53 56 0 2 40 0 23 92 100 64 63 73 46 94 93 72 31 7 63 52 88 35 28 25 3 16 31 61 79 79 62 39 16 68 66 90 71 37 0 0 11 92 88 47 6 66 100 100 100 100 53 43 2 0 0 0 0 0 0 0 0 0 0 0 0 0 31 63 -9 -9 -9 -9 -9 -9 0 0 42 84 53 18 0 0 0 38
5 7 76 66 14 68 36 0 4 80 100 93 26 25 3 0 5 44 39 44 44 3 0 0 29 19 0 40 51 46 6 46 58 60 78 47 84 47 26 43 30 48 21 68 100 81 85 44 11 0 0 0 37 100 100 100 94 91 100 95 100 100 100 95 16 0 0 0 0 15 13 0 0 0 0 0 0 0 4 30 -9 -9 -9 -9 -9 -9 -9 -9 -9 -9 0 0 0 0 0 36
0 66 73 91 4 0 0 0 9 45 41 85 96 100 91 80 94 100 100 100 100 79 71 91 91 66 0 0 2 56 46 20 59 18 47 35 6 40 62 0 0 0 0 3 13 9 0 16 21 0 0 0 3 15 70 100 100 100 96 15 45 99 96 87 3 0 0 0 0 15 9 9 38 6 0 0 0 0 0 0 -9 -9 -9 -9 -9 -9 -9 -9 -9 -9 -9 -9 -9 -9 -9 54
66 48 54 72 7 0 0 0 20 17 39 79 34 92 91 95 100 95 94 100 86 86 90 100 100 100 22 0 0 0 6 26 36 13 0 0 0 28 2 0 0 0 0 0 0 0 0 0 0 0 0 44 86 100 64 31 75 36 30 9 0 12 19 18 0 1 29 8 0 2 0 0 0 0 0 0 0 0 0 -9 -9 -9 -9 -9 -9 -9 -9 -9 -9 -9 -9 -9 -9 -9 -9 -9
87 64 100 64 0 16 48 0 71 22 10 8 1 73 37 56 45 3 9 26 6 2 51 48 26 67 70 63 53 46 15 0 0 0 0 0 0 0 0 0 0 0 0 0 0 0 0 0 0 0 11 72 52 19 0 4 6 0 0 14 49 0 0 0 0 0 0 0 0 0 0 0 0 0 0 0 0 0 -9 -9 -9 -9 -9 -9 -9 -9 -9 -9 -9 -9 -9 -9 -9 -9 -9 -9
64 97 100 81 4 39 72 48 71 31 46 48 53 12 32 23 0 0 8 82 94 19 40 51 56 99 89 100 100 96 75 0 0 0 0 0 0 0 0 0 0 0 0 0 0 0 0 0 0 21 30 40 89 80 80 72 83 83 34 41 37 2 0 0 0 0 0 0 0 0 0 0 0 0 0 0 0 0 -9 -9 -9 -9 -9 -9 -9 -9 -9 -9 -9 -9 -9 -9 -9 -9 -9 -9
93 100 100 49 32 81 91 76 82 72 73 87 83 91 74 0 0 0 2 41 74 74 53 94 100 99 36 64 79 82 95 28 0 0 0 0 0 0 0 0 6 7 28 2 3 4 34 51 60 73 97 61 99 100 87 19 54 43 66 0 0 0 0 0 0 0 0 1 15 6 0 0 0 0 0 0 0 -9 -9 -9 -9 -9 -9 -9 -9 -9 -9 -9 -9 -9 -9 -9 -9 -9 -9 -9
