data/habitatmaps/RS_maps/habitat_Linaria.cannabina_2010.asc
NCOLS 369 
NROWS 228 
XLLCORNER 479000 
YLLCORNER 73000 
CELLSIZE 1000 
NODATA_value -9 
[rows 61 to 121 of 228, columns 192 to 287 of 369]
0 0 1 10 2 0 0 0 0 0 19 1 0 0 0 0 0 0 0 0 0 13 2 0 0 0 0 0 0 0 0 0 0 0 0 3 35 45 20 69 94 85 61 69 26 14 27 13 28 15 18 35 61 28 26 75 64 68 55 73 84 59 58 54 9 25 22 48 66 62 60 53 59 43 34 18 14 27 60 55 50 64 88 79 91 42 33 22 0 9 0 0 0 0 22 1
0 0 0 0 0 0 0 0 0 0 0 0 0 0 0 0 0 0 0 0 0 0 0 0 0 0 0 0 0 0 0 0 0 0 0 6 33 43 49 78 71 62 70 45 30 67 77 58 25 22 29 74 64 53 26 28 75 44 45 59 76 56 79 48 43 54 78 30 43 26 23 51 43 1 25 68 57 80 45 44 51 65 15 87 70 13 51 13 7 9 17 0 47 0 21 0
0 0 0 0 0 0 0 0 0 0 0 0 1 2 0 0 0 0 0 0 0 0 0 0 0 0 0 0 0 0 0 0 0 0 0 0 15 31 51 67 20 34 63 66 52 81 70 41 34 57 85 90 47 68 68 68 64 61 29 27 43 25 56 22 35 72 57 40 37 35 78 56 58 80 98 82 100 93 54 70 71 45 45 69 14 37 5 7 8 13 12 19 0 0 0 2
0 0 0 0 0 0 0 0 0 0 0 0 0 13 0 0 0 0 0 0 0 0 0 0 0 0 0 0 0 0 0 0 0 0 0 0 13 33 53 44 33 37 53 67 60 46 49 55 84 82 74 71 80 84 61 79 25 73 66 62 40 36 65 28 31 41 37 26 20 24 39 59 98 58 42 87 100 100 100 95 63 74 73 2 0 16 0 6 0 0 0 11 1 0 0 4
0 0 0 0 0 0 0 0 0 0 0 0 0 5 0 0 0 0 0 0 0 0 0 0 0 0 0 0 0 0 0 0 0 0 0 0 0 44 17 45 67 7 39 41 60 50 75 75 84 80 81 54 22 52 44 49 37 42 56 82 86 62 51 41 61 45 26 37 22 0 59 92 87 62 91 98 100 85 85 71 100 78 10 0 0 0 0 0 0 0 3 0 0 0 0 30
0 0 0 0 0 0 0 0 0 0 0 0 0 0 0 0 0 0 0 0 0 0 0 0 0 0 5 3 0 0 0 0 0 0 0 0 0 0 18 48 50 39 45 57 51 50 56 86 85 84 17 0 5 38 32 40 79 84 82 60 74 93 69 58 49 53 34 23 51 61 88 77 59 24 33 87 77 81 87 90 55 18 14 0 0 0 0 0 0 14 50 1 0 0 0 31
0 0 0 0 0 0 0 0 0 0 0 0 0 0 0 0 0 0 0 0 0 0 0 0 0 0 8 3 5 29 3 0 0 0 0 0 0 0 15 41 45 24 52 35 36 29 69 74 94 75 9 1 30 40 19 68 63 63 56 67 71 98 100 83 49 25 58 46 39 96 100 81 100 96 26 46 73 63 85 44 16 81 13 0 0 0 0 0 0 19 1 8 0 0 1 29
0 0 0 0 0 0 0 0 0 0 0 0 0 0 0 0 0 0 0 0 0 0 0 0 0 0 0 0 11 37 27 0 0 0 0 0 0 0 5 10 27 30 18 2 1 3 70 65 67 54 56 28 16 21 52 52 29 66 41 85 100 87 75 57 51 51 79 100 86 100 100 81 83 80 84 99 76 87 62 19 38 38 0 0 0 4 5 0 5 21 7 9 19 1 34 3
0 0 0 0 0 0 0 0 0 0 0 0 0 0 0 0 0 0 0 0 0 0 0 0 0 0 0 0 0 3 0 0 0 0 0 0 0 19 91 43 22 1 0 0 0 0 2 86 98 75 70 55 35 63 73 65 17 49 41 62 71 82 55 98 49 72 93 88 95 91 55 33 31 85 56 74 99 52 20 7 90 16 0 0 0 7 1 0 0 0 0 19 20 23 0 31
0 0 0 0 0 0 0 0 0 0 0 0 0 0 0 0 0 0 0 0 0 0 0 0 0 0 0 0 0 0 0 0 0 0 0 0 0 0 6 0 0 0 0 0 0 0 0 5 23 41 77 39 56 45 40 45 36 17 40 38 39 77 87 62 68 79 91 83 55 48 76 64 86 44 45 61 97 69 77 69 64 0 0 0 0 0 0 4 13 0 0 6 18 7 22 25
0 0 0 0 0 0 0 0 0 0 0 0 0 0 0 0 0 0 0 0 0 0 0 0 0 0 0 0 0 0 0 0 0 0 0 0 0 0 0 0 0 0 0 0 0 0 0 1 3 9 42 63 27 4 3 50 47 44 62 41 15 18 72 76 87 36 24 45 89 100 63 58 48 54 66 78 65 84 19 93 46 0 0 0 0 0 0 0 0 0 0 5 0 3 39 44
0 0 0 0 0 0 0 0 0 0 0 0 0 0 0 0 0 0 0 0 0 0 0 9 15 0 0 0 0 0 0 0 0 0 0 0 0 0 0 0 0 0 0 0 0 0 0 11 37 0 33 47 44 14 24 61 92 74 78 46 50 83 99 100 95 51 37 59 62 74 71 89 100 57 7 6 24 46 80 71 71 0 0 0 0 0 0 0 0 0 23 28 0 23 39 0
0 0 0 0 0 0 0 0 0 0 0 0 0 0 0 0 0 0 0 0 0 0 0 4 5 0 0 0 0 7 16 13 19 2 0 10 6 0 0 0 0 0 0 0 0 0 0 17 34 0 28 65 42 20 30 51 100 100 65 37 13 55 30 56 72 34 78 67 48 64 55 83 84 84 81 59 46 48 87 98 36 0 0 0 0 0 0 0 0 1 39 19 0 0 2 0
0 0 0 0 0 0 0 0 0 0 0 18 9 0 0 0 0 0 0 0 0 0 0 0 0 0 0 0 0 0 11 19 30 23 20 32 22 12 10 0 3 0 0 0 0 0 0 0 0 0 8 87 34 20 58 99 100 100 56 10 9 6 24 33 18 52 61 72 90 99 58 81 65 38 10 60 70 92 69 47 87 13 0 0 0 0 18 6 2 24 64 34 1 31 27 20
0 0 0 0 0 0 0 0 0 0 0 60 88 36 0 0 0 0 0 0 0 5 27 41 4 0 0 0 2 10 16 15 19 13 26 24 22 31 54 47 88 63 56 36 58 13 0 0 0 0 0 65 8 24 94 87 73 100 96 67 67 64 45 26 24 88 100 100 99 100 88 98 100 97 38 15 23 14 24 47 36 40 4 0 0 0 18 3 1 27 24 27 1 7 73 40
0 0 0 0 0 0 0 0 0 0 3 41 100 28 0 0 1 3 1 11 36 24 37 30 6 0 0 0 4 18 24 24 15 3 16 19 64 39 31 44 1 25 27 35 35 79 45 7 0 0 5 51 0 60 52 37 72 41 91 36 69 78 34 39 43 87 62 27 40 65 69 99 100 98 90 29 48 73 59 4 33 53 0 0 0 0 0 0 40 5 0 0 21 30 70 9
0 0 0 0 0 0 0 0 0 0 1 69 91 52 0 0 8 19 5 0 15 0 0 0 0 0 14 6 1 10 29 11 0 9 18 22 37 5 22 29 48 22 30 45 35 2 12 17 0 0 7 27 6 24 8 23 16 57 83 86 64 39 79 95 92 48 82 81 42 27 64 75 99 100 98 69 92 100 89 51 36 23 32 0 0 0 0 6 40 48 30 0 29 44 70 60
0 0 0 0 0 0 0 0 0 0 2 60 45 6 33 13 33 44 52 18 12 45 2 15 0 13 32 24 30 7 16 59 2 16 20 5 27 20 47 22 29 54 20 62 73 2 10 7 0 0 0 0 4 16 48 7 43 64 54 53 71 77 86 76 46 13 9 32 60 57 5 5 65 88 75 43 88 100 99 32 12 89 11 0 0 0 0 8 33 13 8 16 35 33 67 91
0 0 0 0 0 0 0 0 0 0 0 38 18 55 37 6 15 31 67 90 64 61 48 9 11 26 32 26 28 2 0 76 35 12 0 43 0 0 43 35 22 11 3 51 90 40 44 30 0 0 0 0 0 6 15 1 1 3 0 0 5 0 0 5 31 0 0 1 0 0 18 17 0 37 74 54 79 93 100 42 63 80 17 26 0 0 0 0 37 37 16 20 64 53 81 62
0 0 0 0 0 0 0 0 0 1 47 53 20 33 92 74 28 0 3 49 55 2 10 19 25 23 74 28 21 8 0 65 77 42 56 46 5 12 79 55 96 60 3 46 62 56 12 0 0 4 40 0 0 0 0 0 0 13 0 0 0 0 0 0 0 0 0 0 0 1 0 0 0 4 86 40 82 89 100 83 82 30 43 13 0 0 0 0 19 51 49 33 37 41 89 41
0 0 0 0 0 0 0 0 0 19 61 23 5 38 90 95 30 3 0 11 29 23 18 32 38 37 74 13 11 17 0 38 62 78 69 63 58 48 46 41 88 37 2 43 90 75 27 37 39 36 33 14 0 7 9 24 49 19 58 40 18 2 0 0 0 51 55 8 27 35 34 31 0 0 5 25 70 89 100 100 80 35 6 3 0 0 0 0 2 16 53 23 30 35 100 52
0 0 0 0 0 0 0 0 0 49 41 79 35 1 52 55 0 0 5 5 18 23 29 17 39 13 36 24 21 29 4 42 32 49 43 28 83 60 58 0 12 56 62 26 52 48 24 23 46 62 24 0 7 60 36 21 36 4 54 33 58 44 28 9 65 37 38 16 12 66 77 57 23 0 0 10 67 99 100 95 98 23 37 0 0 0 2 16 0 2 23 28 31 18 55 39
0 0 0 0 0 0 0 0 0 4 3 54 74 3 10 0 5 35 13 19 7 16 17 11 43 23 30 57 29 29 14 14 53 74 49 27 35 58 31 12 0 63 53 94 100 75 45 52 69 54 5 0 8 26 43 49 76 39 63 23 59 8 23 1 11 42 9 18 59 40 75 100 58 0 5 7 26 80 98 69 18 6 32 0 0 0 5 33 0 1 63 38 66 92 98 27
0 0 0 0 0 19 7 0 0 0 13 37 27 17 0 0 5 8 18 29 21 30 29 4 1 20 20 68 8 35 27 46 38 83 35 45 32 36 21 10 14 28 41 59 52 57 16 38 23 23 0 13 2 0 33 81 100 84 86 66 82 7 0 11 27 55 41 44 63 70 83 59 60 13 26 34 2 30 52 78 7 10 13 0 0 0 24 0 1 19 82 41 62 100 77 41
0 0 0 0 0 67 42 29 0 0 21 77 65 35 32 14 14 14 19 25 19 22 17 23 0 19 47 75 54 61 16 15 40 55 41 46 35 5 51 5 36 29 59 88 71 55 20 50 67 30 1 28 0 1 43 51 96 69 36 85 98 59 1 22 46 100 100 100 57 30 34 19 62 44 32 0 0 5 20 96 53 31 7 0 0 5 36 1 17 65 99 63 68 100 98 100
31 9 0 0 0 12 54 17 3 5 0 3 51 20 78 22 24 18 33 27 18 12 11 3 51 15 25 14 13 34 60 58 7 73 38 66 87 13 24 86 26 17 17 86 80 75 15 76 91 96 94 11 15 5 41 79 96 86 47 9 98 73 25 3 86 100 100 95 56 20 8 23 66 64 43 42 0 0 0 22 23 21 0 0 0 8 5 55 63 52 100 92 76 84 100 93
0 0 0 0 4 35 25 89 23 3 17 0 76 43 25 0 0 1 16 22 27 34 47 18 72 7 19 0 0 8 32 6 40 66 38 42 21 24 96 100 41 28 80 99 90 35 52 100 100 100 90 46 6 24 61 47 100 100 57 67 39 85 66 48 94 100 90 41 22 46 0 59 67 71 30 24 7 30 22 3 10 19 0 0 0 25 11 0 3 66 92 51 42 60 42 100
7 31 0 0 21 62 64 35 44 60 4 24 37 48 0 0 0 0 1 19 9 23 64 36 45 27 10 0 24 0 49 48 47 58 37 65 43 5 76 99 47 57 73 51 94 94 100 100 97 87 29 34 38 27 77 97 99 100 100 100 100 98 74 71 100 100 100 63 48 18 8 90 100 60 55 47 19 13 29 13 0 0 0 0 11 29 0 0 6 90 63 50 54 85 99 100
37 17 4 0 21 43 18 16 23 51 23 18 26 7 0 1 8 10 7 26 22 24 39 41 36 31 2 18 17 17 29 91 41 91 52 100 77 18 95 100 98 75 47 65 99 100 96 67 16 0 11 65 18 22 14 100 82 92 86 97 100 100 78 93 100 96 100 88 56 27 25 100 62 30 40 64 28 26 4 65 23 0 0 0 0 3 9 6 0 45 48 57 95 63 85 73
0 0 0 13 65 28 32 19 12 40 32 4 24 52 51 36 0 14 31 31 32 26 14 36 67 63 0 51 72 32 76 73 87 62 74 100 75 66 100 100 95 92 65 45 54 43 7 0 7 9 17 27 51 18 18 31 58 83 97 87 97 100 100 100 71 39 83 100 55 27 88 100 100 100 100 29 2 4 55 62 48 25 0 0 0 0 4 11 0 1 9 54 99 89 78 21
0 0 15 56 43 39 18 10 37 34 89 29 13 33 39 85 50 11 1 10 21 26 15 24 62 30 8 44 29 28 82 81 31 35 94 100 60 86 100 66 53 40 77 52 0 0 0 1 15 49 25 54 26 50 56 28 66 89 82 83 100 100 100 100 92 97 100 100 96 88 100 100 100 98 67 21 8 16 49 6 54 47 23 1 0 0 0 2 27 32 44 41 94 95 93 93
0 0 4 9 0 5 0 17 45 19 61 87 67 48 39 27 82 46 6 50 22 0 22 23 38 68 69 82 40 19 49 49 50 26 54 100 96 97 84 17 33 30 22 22 15 0 0 28 43 29 34 83 14 71 57 0 64 99 73 71 100 100 100 100 93 95 100 100 100 100 100 100 100 97 22 53 6 49 61 55 35 43 12 5 0 0 0 0 25 79 12 26 40 97 99 78
0 0 0 0 0 0 0 0 4 31 50 46 69 55 22 38 32 15 51 67 34 46 63 57 57 56 65 49 23 52 70 37 63 28 76 100 30 68 60 60 89 83 16 75 51 27 0 0 0 0 54 51 51 49 13 0 6 36 91 91 64 37 75 100 94 95 89 100 100 100 100 98 69 43 25 21 46 99 93 70 23 30 36 15 21 2 0 0 12 65 24 13 11 82 67 83
0 0 0 0 0 0 0 0 13 12 24 51 36 9 6 0 28 10 29 91 83 77 28 18 41 23 82 88 64 82 91 68 87 97 62 39 64 87 99 17 28 100 67 58 100 38 0 0 0 6 73 34 60 53 31 5 0 0 9 26 13 58 100 96 100 100 87 100 100 100 97 39 31 54 42 30 29 100 89 100 99 82 52 16 50 17 14 12 0 0 0 8 31 55 65 71
25 3 12 7 0 1 0 0 21 29 3 16 7 20 0 0 0 0 0 58 100 25 23 43 2 32 88 43 60 50 97 100 90 63 21 87 43 53 46 4 8 76 98 73 90 13 0 0 32 69 83 24 58 31 15 1 14 14 15 26 6 88 98 69 100 80 96 100 94 86 85 39 19 39 44 71 99 99 67 100 100 100 100 15 40 34 16 25 37 0 0 29 16 72 15 2
68 89 81 88 61 23 0 0 0 0 0 0 0 0 0 9 6 0 8 83 39 11 12 30 46 60 69 35 85 75 60 53 3 33 61 55 40 93 63 48 61 74 90 69 28 6 10 34 100 64 24 59 34 14 3 27 81 26 33 45 29 63 95 94 100 88 87 94 50 33 33 31 88 83 56 100 88 55 47 99 100 94 79 36 30 7 96 14 10 0 0 0 0 8 0 6
37 28 29 3 0 0 1 0 0 0 0 0 0 2 19 15 11 0 36 30 74 83 91 69 64 20 32 67 55 14 80 66 9 36 27 8 68 96 60 39 11 36 92 18 35 96 99 98 55 34 11 67 10 40 26 56 94 98 44 34 35 57 54 71 64 75 88 60 51 59 84 75 98 95 63 100 80 5 37 84 89 79 31 45 44 4 83 14 26 1 0 0 0 6 21 29
1 0 0 2 12 12 25 12 0 0 0 2 8 1 0 15 8 0 36 32 100 100 100 69 70 62 55 11 63 42 68 31 0 3 32 37 73 98 92 46 1 51 45 0 1 32 55 97 34 0 33 23 0 40 49 87 90 74 84 56 39 46 22 39 63 72 43 89 87 100 100 79 63 98 92 96 24 0 37 86 79 40 23 19 2 6 48 32 31 5 0 0 0 25 37 14
0 16 33 28 23 19 23 34 38 14 1 46 68 20 2 24 9 0 17 18 45 91 100 100 100 100 67 46 48 50 42 0 27 33 45 70 83 95 54 1 0 4 3 1 40 100 92 50 76 21 65 0 23 60 76 95 99 94 93 53 40 22 43 88 100 92 100 100 100 94 73 44 80 83 80 71 7 59 10 54 100 94 92 21 35 14 47 1 29 1 0 1 9 61 32 54
3 19 30 10 3 4 63 51 46 32 70 17 51 67 66 21 2 0 13 28 26 39 63 68 78 91 100 83 72 78 56 90 68 8 33 21 34 98 100 73 70 62 94 51 89 100 90 85 35 20 12 1 41 60 66 100 100 100 89 76 51 8 83 100 100 100 72 86 53 52 80 99 100 98 92 79 16 91 42 59 100 100 100 48 4 56 46 17 37 0 17 58 27 13 16 42
14 18 64 16 65 69 36 54 35 22 38 42 64 99 27 23 0 0 0 0 9 4 26 9 37 68 68 59 19 87 90 100 100 81 32 12 65 100 86 83 71 33 26 6 91 91 88 24 14 14 2 43 61 88 100 100 100 100 100 80 40 14 81 93 97 95 36 3 31 95 99 74 62 83 79 91 88 85 81 6 86 100 90 28 22 91 72 15 0 0 2 68 9 13 35 13
11 15 34 62 86 66 22 58 57 62 2 43 77 78 34 26 0 0 11 16 75 84 78 98 100 97 16 4 32 84 52 100 100 100 67 66 80 100 79 71 78 77 27 0 28 86 32 0 22 1 46 85 100 96 53 81 100 100 100 59 63 37 31 12 48 97 0 0 77 91 74 72 75 37 20 56 100 100 99 79 72 79 45 0 59 77 15 40 19 0 1 29 3 45 20 18
62 54 11 35 31 60 65 100 62 79 58 79 62 64 19 16 4 0 7 10 44 83 100 100 98 70 64 38 80 100 94 100 100 100 94 44 76 100 93 84 67 33 0 14 94 67 21 30 13 0 61 100 100 70 1 27 100 99 82 77 52 70 28 41 100 61 0 0 37 54 41 51 44 40 47 88 71 50 12 16 21 37 14 14 81 95 60 62 20 0 0 16 40 33 34 29
52 88 40 16 30 55 93 100 100 96 83 28 28 16 11 13 2 0 0 0 2 16 74 89 77 38 74 100 100 100 100 90 87 63 85 77 74 71 35 3 4 25 75 100 49 15 53 45 42 61 96 100 95 40 64 64 100 89 79 78 46 40 75 100 68 8 0 0 9 29 19 0 0 0 2 22 30 12 76 59 23 3 2 1 72 99 39 3 0 0 0 53 17 3 62 18
43 28 3 36 39 79 56 82 100 85 26 43 0 10 4 6 0 0 0 0 39 41 18 91 100 100 100 100 100 100 85 29 54 80 100 95 68 4 0 14 83 100 90 69 74 69 37 66 13 100 73 100 70 78 100 100 95 71 59 76 100 90 88 87 24 0 59 25 51 100 82 5 16 4 1 11 0 57 98 61 39 50 70 17 85 90 7 0 0 22 6 16 3 12 85 46
15 45 33 49 67 91 89 99 98 54 16 13 76 55 11 2 0 0 1 2 4 45 19 37 84 89 55 92 90 49 21 29 72 98 100 100 44 0 46 98 76 72 87 100 100 67 51 21 48 93 93 92 48 18 96 100 67 67 67 90 49 31 31 6 7 46 90 30 67 80 100 69 66 6 11 85 33 74 66 23 19 1 12 57 96 63 1 0 0 27 17 0 5 15 75 87
57 27 30 66 13 64 100 100 100 100 55 19 99 71 32 66 13 4 23 11 0 17 20 31 63 62 53 85 53 82 85 12 2 65 71 88 0 19 78 55 55 75 95 100 87 32 35 38 94 32 65 60 5 14 86 81 74 63 42 9 0 0 0 0 35 100 76 83 91 79 82 94 82 20 57 25 91 79 32 41 6 31 53 90 88 54 1 0 0 0 0 1 27 100 100 100
87 54 47 88 35 67 100 100 100 84 50 89 84 77 60 64 35 0 9 14 1 14 14 28 31 45 86 96 94 100 98 77 58 91 67 16 69 99 71 99 95 32 72 46 100 53 3 94 39 0 2 5 0 0 14 16 72 73 0 0 0 0 4 33 44 93 100 100 100 100 100 100 100 36 70 38 90 33 34 13 63 83 98 72 39 65 29 0 0 0 0 19 63 100 100 100
98 62 23 27 44 78 60 59 90 68 68 58 1 29 27 83 14 1 15 13 15 35 34 16 20 40 34 59 87 99 76 84 62 92 100 94 80 74 81 61 23 0 3 50 56 23 51 90 15 0 0 0 0 0 6 4 24 10 4 28 62 44 74 100 100 100 95 90 95 78 100 100 95 89 97 75 79 31 18 12 72 84 43 49 36 62 0 0 0 0 0 37 93 98 91 100
20 25 80 89 100 100 1 4 0 11 26 24 0 0 44 57 29 28 7 18 0 1 27 50 13 53 32 9 41 54 43 36 19 31 73 100 11 7 8 0 0 0 13 39 73 69 24 94 71 71 16 0 0 0 51 68 17 12 42 100 100 100 100 100 100 100 10 45 64 10 50 57 8 56 88 92 83 0 16 16 39 7 0 0 0 4 0 0 0 0 26 84 69 71 67 78
26 35 81 19 38 51 68 50 0 0 0 0 0 5 88 100 99 13 8 22 16 6 21 61 61 85 100 76 99 92 26 89 94 100 86 60 0 0 0 0 0 18 61 50 55 24 0 30 59 59 0 0 17 79 95 99 80 96 100 100 100 100 100 100 68 54 2 29 43 56 31 58 3 20 59 68 67 6 31 26 11 0 0 0 20 39 39 1 5 3 20 51 41 59 69 55
0 11 89 76 51 96 68 25 1 14 45 36 25 52 100 100 94 39 32 16 18 41 45 67 83 91 92 84 100 79 60 100 43 13 12 0 0 0 0 0 26 80 78 99 99 12 0 0 30 27 0 19 16 93 100 94 100 100 100 100 100 100 100 100 96 23 70 41 32 8 42 21 29 28 21 43 61 38 4 15 0 0 7 21 27 1 0 31 14 12 8 9 0 12 19 6
45 81 57 75 74 93 68 0 28 89 97 90 81 53 82 78 74 88 37 8 13 27 93 52 69 55 71 77 97 9 67 91 0 0 0 0 0 0 0 0 21 36 17 74 91 37 0 7 52 15 27 87 92 82 94 51 47 99 100 100 75 100 100 98 92 24 39 18 27 5 1 4 22 43 48 25 20 16 0 0 0 0 28 5 0 0 14 17 20 9 10 38 52 20 6 25
13 65 44 44 39 87 22 9 29 100 100 87 40 8 0 11 52 76 32 1 2 0 57 63 65 21 73 80 99 48 72 22 0 0 0 0 0 0 0 0 0 0 1 29 6 1 0 0 10 46 63 57 100 98 94 68 20 80 100 95 27 96 82 39 57 50 43 0 0 0 0 0 10 35 24 0 0 0 0 0 3 20 26 35 8 36 60 65 40 18 13 30 29 51 35 25
51 27 32 34 28 76 55 24 84 99 81 12 0 33 83 97 46 36 0 0 20 26 1 49 91 47 59 21 30 39 12 0 0 10 3 0 0 0 8 21 0 0 0 0 0 0 0 0 39 94 100 100 100 87 75 33 35 35 100 78 0 60 13 11 56 94 77 1 9 0 0 0 9 53 1 0 0 0 0 2 11 22 48 82 79 100 83 59 33 57 54 85 47 49 1 31
62 41 41 30 66 30 54 91 100 100 99 11 0 1 81 100 100 71 55 69 32 12 77 27 9 96 73 17 0 0 0 0 0 38 36 26 0 3 26 31 41 2 0 0 0 0 23 59 78 90 100 100 100 97 62 21 56 41 45 15 0 60 39 1 51 66 25 6 33 10 3 10 43 49 40 17 4 24 5 34 66 57 77 89 100 100 93 17 56 72 67 100 100 93 65 83
84 87 81 70 44 28 44 58 60 95 92 11 0 1 17 60 83 63 82 95 99 13 27 58 1 55 1 3 7 19 15 34 41 80 79 4 0 1 76 91 84 25 0 0 0 0 0 7 35 53 100 96 73 92 97 65 69 57 58 10 32 12 35 27 46 21 33 41 39 80 55 50 72 72 66 12 23 32 21 30 4 1 20 18 54 99 100 100 75 50 55 90 100 100 100 100
70 86 84 100 93 58 38 83 88 75 22 0 0 0 0 6 16 33 93 97 100 67 13 73 1 28 27 62 94 100 87 89 98 96 19 0 0 5 59 100 89 50 20 0 0 41 18 0 35 75 99 88 39 70 100 73 77 75 30 0 16 14 38 30 68 41 47 9 4 20 40 39 81 54 20 3 3 37 4 12 0 0 65 34 6 88 100 82 12 34 35 56 100 96 95 100
38 98 99 67 5 0 61 36 42 9 0 0 0 1 15 7 3 55 89 100 99 52 8 19 0 17 67 100 100 79 19 50 98 97 26 6 37 88 78 100 100 53 2 11 8 62 88 66 77 94 68 85 28 75 59 40 45 34 26 0 22 37 53 18 8 49 47 24 29 33 8 14 32 86 14 0 0 13 35 8 0 0 23 14 9 45 87 67 70 39 26 58 100 93 89 94
90 73 29 0 0 0 21 0 0 7 41 21 0 6 62 49 19 59 100 85 52 9 0 3 18 15 36 61 29 60 46 78 60 100 25 0 60 100 100 100 100 38 25 71 75 94 88 83 76 55 30 15 34 60 44 20 38 40 30 47 40 25 4 52 48 67 19 60 65 70 29 25 22 100 22 20 0 39 47 4 0 0 24 17 22 39 87 55 100 88 77 50 83 99 19 9
15 0 0 3 0 0 0 24 43 69 100 54 4 13 87 93 83 100 98 42 16 19 50 19 45 32 20 24 39 88 77 26 27 100 69 25 55 74 83 98 71 88 59 100 93 61 29 8 5 67 22 28 7 17 31 34 7 26 80 95 52 58 65 67 27 40 78 17 20 62 26 80 72 100 95 19 0 38 68 68 7 0 0 0 4 28 68 92 99 72 11 41 61 90 8 22
