data/habitatmaps/RS_maps/habitat_Turdus.torquatus_2011.asc
NCOLS 369 
NROWS 228 
XLLCORNER 479000 
YLLCORNER 73000 
CELLSIZE 1000 
NODATA_value -9 
[rows 60 to 119 of 228, columns 192 to 287 of 369]
0 0 0 0 0 0 30 7 0 0 11 0 0 0 0 0 0 0 0 0 12 5 0 0 0 0 0 3 2 6 3 0 0 0 0 0 0 0 20 30 9 0 0 32 7 0 0 0 0 0 0 0 0 0 0 0 0 9 36 43 19 0 1 6 57 68 50 9 23 39 32 70 63 39 40 40 31 16 18 0 0 0 0 10 47 2 0 0 0 0 0 0 0 0 0 0
0 0 0 0 0 0 8 0 0 0 0 0 0 0 0 0 0 0 0 0 8 13 1 0 0 0 0 0 0 1 2 0 0 0 0 0 0 2 23 26 0 0 0 8 0 0 0 0 0 0 2 0 0 8 21 25 36 31 45 27 15 0 14 27 91 75 78 29 27 38 54 59 30 10 18 23 54 94 51 0 0 0 12 28 13 0 0 0 0 0 0 0 0 0 0 0
0 0 0 0 0 0 0 0 0 6 14 0 0 0 0 0 0 0 0 0 3 10 10 0 0 0 0 0 0 0 0 10 28 5 0 0 0 0 2 5 0 0 0 0 0 0 0 0 0 0 3 0 25 41 4 52 25 52 53 36 15 6 7 21 57 46 11 12 14 10 54 63 38 73 70 16 46 24 12 24 64 24 58 35 0 0 0 0 0 0 0 0 0 0 0 0
0 0 1 5 0 0 0 4 2 0 30 0 0 0 0 0 0 0 0 0 0 0 1 0 3 0 0 0 0 0 0 0 32 6 0 0 0 0 0 0 0 0 0 0 0 0 0 0 0 0 2 10 53 32 6 4 0 12 19 50 39 10 7 18 0 4 27 46 9 20 17 45 42 20 19 32 7 2 16 45 17 13 68 32 3 0 0 0 0 0 0 0 0 0 0 8
0 0 0 8 0 1 22 4 23 0 0 0 0 0 45 0 0 0 0 0 0 0 0 0 2 6 0 0 1 2 0 0 0 0 0 0 0 0 0 0 0 0 0 0 0 0 0 0 12 16 6 29 20 15 6 0 0 5 27 28 60 24 0 2 40 8 14 45 11 36 60 41 20 77 92 23 19 31 5 38 28 59 21 0 0 0 0 0 0 0 0 0 0 0 1 74
0 0 0 2 3 0 31 0 0 0 0 0 0 0 41 9 0 0 0 0 0 0 0 0 3 6 2 0 2 2 0 0 0 0 0 0 0 0 0 0 0 0 0 0 0 0 0 0 13 20 4 46 78 39 11 8 0 0 0 0 0 13 37 44 0 2 17 34 5 57 34 30 97 100 100 88 18 62 61 53 50 26 0 0 0 0 0 0 0 0 0 0 0 0 40 26
0 0 0 0 0 0 0 15 13 0 0 0 0 0 3 1 0 0 0 0 0 0 0 0 0 0 1 0 0 0 8 16 0 0 0 0 0 0 0 0 1 0 0 0 0 0 0 0 0 0 58 90 95 62 28 12 0 0 0 0 0 7 30 12 0 4 8 5 9 38 43 95 100 96 91 89 85 32 25 29 0 0 0 0 0 0 0 0 0 0 0 0 0 5 56 0
0 0 1 8 0 0 0 0 2 9 34 0 0 0 0 0 0 0 0 0 0 0 0 0 0 0 0 0 0 0 0 0 0 0 0 0 0 0 15 15 9 0 0 0 0 0 0 0 0 0 6 61 46 57 80 23 0 10 6 0 0 0 0 0 0 57 38 44 61 36 92 88 43 37 85 100 95 45 33 13 0 0 0 0 0 0 0 0 27 3 24 0 0 59 58 6
0 0 5 8 9 0 0 2 4 0 0 0 0 0 0 0 0 0 0 0 0 0 0 0 0 0 0 0 0 0 0 0 0 0 0 0 0 0 0 2 6 5 2 36 0 0 0 0 0 0 0 43 53 77 48 47 2 29 9 0 0 0 0 3 35 42 21 26 62 59 61 12 3 26 81 42 43 26 9 14 5 0 0 0 0 0 0 7 2 0 0 0 0 1 23 0
0 0 0 0 1 0 0 0 0 0 0 0 0 0 0 0 0 0 0 0 0 0 0 0 0 0 0 0 0 0 0 0 0 0 0 0 0 0 0 1 4 0 0 0 0 0 0 0 0 0 0 3 1 6 26 32 9 12 59 13 5 0 0 0 8 28 26 50 4 0 1 7 11 32 68 82 57 38 14 5 0 0 0 0 0 0 0 0 0 0 0 15 0 8 19 0
0 0 0 1 0 0 0 0 0 1 8 2 0 0 0 0 0 0 0 0 0 0 0 0 0 0 0 0 0 0 0 0 0 0 0 0 0 0 0 0 0 0 0 0 0 0 0 0 0 0 0 0 0 11 54 14 10 32 60 57 17 6 1 5 5 22 25 14 14 8 2 0 0 39 50 40 0 5 17 0 0 0 0 0 0 0 0 0 2 19 19 69 20 16 15 0
0 0 3 5 0 0 0 0 1 9 16 7 0 0 0 0 0 0 0 0 0 0 0 0 0 0 0 0 0 0 0 0 0 0 0 0 0 0 0 5 4 0 0 0 0 0 0 0 0 0 0 2 51 6 72 34 9 51 26 16 82 61 16 0 13 45 27 52 1 0 0 2 2 5 8 22 31 8 44 1 0 0 0 0 0 0 0 0 0 28 69 54 6 8 0 9
0 0 4 8 0 0 2 0 0 0 0 0 0 5 0 0 0 0 0 0 0 0 0 0 0 0 0 0 0 0 0 0 0 0 0 0 0 0 0 1 2 0 0 0 0 0 0 0 0 0 0 0 7 42 54 44 19 37 12 31 36 6 1 0 4 2 31 7 0 0 0 2 0 43 93 99 76 27 6 5 0 0 0 0 0 0 0 0 0 18 76 65 13 5 34 55
0 0 3 9 0 0 3 0 0 0 0 0 0 4 0 0 0 0 0 0 0 0 0 0 0 0 0 0 0 0 0 0 0 0 0 0 0 0 0 0 0 0 0 0 0 0 0 0 0 0 0 0 2 51 41 45 1 0 3 10 59 23 44 2 10 0 0 0 0 0 0 16 16 42 66 78 58 10 0 0 0 0 0 0 0 0 0 0 16 65 63 94 24 26 92 56
0 0 2 10 2 0 0 0 0 0 0 0 0 0 0 0 0 0 0 0 0 0 0 0 0 0 0 0 5 16 0 0 0 0 0 0 0 0 0 0 0 0 0 0 0 0 0 0 0 0 0 0 0 24 32 0 10 0 28 69 69 78 48 55 20 0 0 0 0 7 1 25 67 83 91 42 30 7 1 5 0 0 0 0 0 0 0 0 41 100 94 56 26 100 100 91
0 0 2 1 0 0 0 0 0 0 0 0 0 0 0 0 0 0 0 0 0 0 1 0 0 0 0 0 36 35 0 0 0 0 1 5 0 0 0 0 0 0 0 0 0 0 0 0 0 0 0 0 13 14 6 1 42 57 48 12 2 20 46 19 1 0 5 3 26 30 34 34 52 66 58 85 78 86 69 7 0 0 0 0 0 0 0 52 94 100 100 69 71 100 100 100
0 0 0 0 0 0 0 0 0 0 0 0 0 0 0 0 0 0 1 34 41 39 63 70 86 62 32 32 29 3 0 27 10 48 48 2 4 16 0 1 11 7 5 0 1 0 0 0 0 0 0 2 79 13 0 24 56 11 1 10 1 0 0 7 0 11 63 74 94 56 68 69 32 46 11 72 92 64 16 72 4 0 0 0 0 4 34 81 100 100 97 58 100 100 100 92
0 0 0 0 0 0 0 0 0 0 0 0 2 0 0 12 41 43 77 93 85 100 100 100 100 81 46 26 0 4 19 67 96 67 3 65 61 49 1 0 2 8 12 22 19 6 6 0 0 0 0 11 44 0 0 23 36 0 2 2 0 0 14 81 21 22 9 18 7 0 15 46 45 59 44 82 21 62 89 46 3 13 0 0 0 0 13 47 96 73 87 69 100 91 86 70
0 0 0 0 0 0 0 0 0 0 0 0 8 3 14 70 30 47 43 82 88 55 98 66 41 3 0 0 0 0 3 32 98 50 38 94 61 0 0 2 4 4 13 12 4 15 12 4 0 0 0 0 0 0 0 18 8 0 0 2 7 13 27 57 52 7 0 0 0 0 0 0 0 34 92 94 33 66 76 71 33 11 0 0 0 0 0 2 63 87 69 82 65 67 46 85
0 0 0 0 0 3 4 0 0 0 0 0 9 1 0 0 3 0 0 8 36 39 50 28 21 13 11 16 0 0 0 10 59 76 100 39 51 18 0 10 13 10 5 0 2 10 7 0 0 0 0 0 0 0 0 0 0 0 0 4 15 8 0 1 27 0 0 0 0 0 0 0 0 6 64 54 72 45 0 34 46 10 0 0 0 0 0 0 9 59 84 85 35 50 62 77
0 0 0 0 0 2 1 0 0 4 2 2 7 1 0 0 0 0 0 29 30 93 30 0 24 5 4 1 0 0 0 0 23 57 42 35 0 36 0 3 1 3 6 30 46 44 11 2 7 4 0 0 0 0 0 2 2 1 0 0 0 0 0 0 0 0 0 0 0 0 0 0 0 0 22 67 13 56 58 54 56 22 0 0 0 0 0 0 0 48 51 74 71 56 87 93
0 0 8 0 0 0 0 0 0 0 0 3 60 16 0 5 28 4 0 3 2 18 0 4 35 12 3 0 0 0 0 0 12 16 24 5 13 72 56 2 1 19 37 66 25 6 5 10 39 15 0 0 0 0 10 11 2 11 0 0 0 0 0 0 0 0 0 0 2 15 5 0 0 0 26 79 25 66 90 9 30 18 0 0 0 0 0 0 13 80 47 78 69 82 57 95
0 0 3 0 0 0 8 0 0 0 0 0 34 64 0 13 78 21 2 0 8 5 1 61 60 14 4 1 2 0 0 0 68 40 57 34 17 51 61 48 0 11 33 64 38 34 49 42 50 21 0 0 0 0 10 16 3 33 2 14 1 21 11 12 0 10 4 64 75 34 0 0 0 0 4 56 72 20 44 56 60 24 3 0 0 28 0 0 60 100 90 87 67 56 64 61
2 10 2 0 0 0 1 0 0 0 0 0 13 80 8 7 45 42 1 0 38 50 6 79 38 10 8 40 23 16 5 8 47 4 12 72 66 41 25 42 4 2 31 60 4 6 37 63 31 19 17 2 0 0 6 23 36 54 4 46 16 76 18 62 34 40 87 82 23 36 6 0 0 0 0 1 22 7 0 52 31 15 8 0 0 12 22 0 48 63 61 53 35 1 6 73
6 7 0 0 0 0 0 0 0 0 0 0 0 55 79 66 73 59 5 2 7 8 11 87 97 41 39 68 76 52 12 4 5 16 65 36 68 65 66 70 8 5 93 64 60 28 13 54 64 68 56 0 1 6 6 13 41 59 44 33 21 82 13 88 73 68 72 62 37 29 0 0 0 0 0 0 2 38 7 1 15 10 6 1 0 5 2 9 46 75 11 30 40 56 42 59
4 0 1 0 0 0 0 0 0 0 0 0 17 69 59 43 47 7 0 2 1 10 48 45 99 40 54 88 35 36 55 85 11 14 50 9 39 96 54 88 5 28 45 16 43 17 55 51 32 64 3 0 41 16 59 65 40 99 83 47 22 27 74 84 67 24 37 22 42 61 25 29 16 0 0 0 0 6 13 24 18 10 8 0 0 0 0 0 0 0 9 7 2 20 2 6
0 0 8 8 0 0 0 4 9 0 0 0 0 23 67 56 11 8 0 0 0 25 67 94 43 71 17 63 98 66 40 42 92 19 2 32 3 47 78 21 69 36 78 54 57 28 86 33 6 18 47 3 14 77 65 87 86 63 97 94 16 74 83 97 45 2 0 5 44 80 79 91 88 82 24 0 0 0 0 40 33 0 6 0 0 0 2 10 0 0 14 37 32 22 0 54
0 6 10 0 0 0 0 0 62 20 0 0 0 0 61 15 3 0 0 0 4 38 51 78 24 53 20 83 98 92 62 94 58 0 57 56 8 13 44 68 10 60 21 60 45 74 78 57 59 71 34 7 21 34 36 67 42 78 79 47 83 96 67 41 9 0 10 59 78 54 100 90 64 79 81 38 77 9 0 0 0 0 0 0 0 0 4 91 97 35 12 68 83 80 78 12
69 13 2 0 0 0 12 68 58 48 21 0 0 0 56 7 0 0 0 0 17 52 13 64 55 41 70 96 76 100 51 52 19 22 63 33 0 17 8 51 45 81 47 100 17 78 40 24 4 2 5 0 5 6 21 73 75 95 23 81 98 100 67 85 55 0 0 37 52 82 90 34 34 55 46 43 56 56 0 0 0 0 0 0 0 0 0 17 75 37 51 59 83 64 22 69
28 0 0 0 0 0 65 21 2 13 45 0 0 0 10 5 0 0 0 0 0 0 8 53 67 60 87 82 79 76 71 9 42 8 47 0 0 45 21 62 17 44 75 39 3 28 43 51 0 8 11 0 0 0 14 94 98 80 61 43 71 98 96 82 22 4 0 15 44 74 73 4 68 89 88 52 40 16 16 0 0 0 0 0 0 0 0 3 10 43 41 72 35 58 24 27
0 0 0 0 0 26 27 30 36 31 57 46 3 0 0 0 0 0 0 0 0 0 57 99 73 36 93 49 28 60 18 0 10 38 26 0 1 8 18 17 24 22 36 50 52 82 34 0 9 15 19 15 0 0 0 67 62 60 100 51 45 56 27 14 29 68 17 37 55 89 66 2 56 42 49 72 29 15 38 0 0 0 0 0 0 0 0 0 14 72 83 64 3 31 49 82
0 0 0 0 0 2 0 9 30 44 10 59 64 21 4 0 0 0 1 1 0 0 51 97 85 67 91 56 71 72 11 16 41 3 4 6 37 12 0 34 27 4 0 0 0 4 2 11 30 47 73 51 7 0 2 29 39 51 100 72 46 49 9 6 8 40 0 40 84 16 23 52 35 9 38 60 23 56 42 4 0 0 0 0 0 0 0 0 5 2 19 76 6 3 4 7
0 0 0 0 0 0 0 0 7 62 32 0 13 43 24 4 3 4 9 0 0 0 0 40 85 29 24 17 53 80 51 51 28 21 46 44 42 1 15 89 93 18 60 52 64 64 50 58 58 71 64 28 10 0 7 34 37 12 91 100 31 0 1 78 27 56 13 22 60 29 48 22 17 70 61 22 94 71 54 3 6 37 13 9 1 0 0 0 0 3 19 66 61 41 3 10
0 0 0 0 0 0 0 0 0 4 35 0 0 7 75 15 4 12 0 0 0 0 0 0 36 3 30 44 65 48 30 63 35 66 24 44 100 29 59 94 90 20 19 28 75 91 90 65 78 93 46 16 2 0 13 80 94 81 99 94 55 63 67 68 62 56 56 32 14 37 18 16 5 8 20 34 48 89 57 0 26 72 93 49 2 0 0 0 0 0 7 56 82 38 16 19
0 0 0 0 0 0 6 0 4 11 4 0 2 11 10 0 0 2 0 0 0 2 5 0 34 53 18 0 11 18 9 32 13 3 47 93 36 13 27 93 73 0 10 7 5 73 59 23 57 93 30 84 18 1 6 24 22 39 75 28 38 63 70 29 55 53 39 15 15 25 30 20 10 1 19 95 84 57 34 5 24 86 91 80 3 0 4 1 0 0 0 39 40 26 26 0
35 55 46 29 10 8 4 0 0 0 0 0 1 0 0 0 0 0 0 0 0 3 1 3 5 3 0 0 0 0 8 0 17 40 60 11 57 46 64 100 100 24 13 86 42 87 72 89 97 31 4 3 2 5 13 64 78 32 16 0 0 60 12 64 23 38 17 23 52 26 69 33 47 48 40 95 85 93 99 78 62 78 68 14 0 37 34 12 1 0 0 0 27 0 0 0
32 8 3 0 2 2 0 0 0 0 0 0 0 0 0 0 0 0 4 2 45 78 83 69 52 17 0 0 0 26 50 22 6 20 26 40 51 4 53 98 55 26 29 36 75 100 97 90 68 0 0 0 7 13 18 89 50 88 20 2 0 48 11 64 61 61 6 43 30 0 24 80 86 88 78 93 90 99 99 70 25 2 14 13 4 90 3 52 44 4 0 0 0 0 0 0
41 6 0 0 0 0 0 0 0 0 0 0 0 2 3 5 0 0 6 11 19 17 9 29 30 67 57 14 0 0 0 1 54 64 73 92 16 2 44 61 89 100 57 97 100 100 58 22 3 0 0 3 14 24 22 75 62 10 86 29 0 0 0 0 35 15 18 28 18 32 68 90 90 84 94 52 29 98 100 74 11 10 6 0 2 80 12 13 0 0 0 0 0 11 1 5
5 0 0 0 0 0 0 0 0 0 2 8 7 6 3 2 0 0 1 8 0 0 0 28 30 37 38 86 32 36 13 45 42 70 66 53 22 10 9 48 99 100 100 100 100 97 57 57 25 0 0 13 39 61 17 47 82 56 86 25 6 0 0 10 60 46 58 49 73 87 91 97 72 5 70 24 73 100 80 54 78 72 89 22 8 80 40 0 0 0 0 0 10 11 0 15
0 0 0 0 2 1 0 0 0 6 11 10 3 7 26 15 0 0 0 6 3 0 0 0 0 0 33 52 47 39 24 88 61 33 9 12 17 10 78 100 100 100 96 99 100 81 29 52 19 0 4 42 94 81 58 77 28 50 11 28 8 9 46 87 84 33 1 22 54 66 70 91 81 41 57 86 100 92 92 59 38 46 48 0 59 83 18 4 0 0 0 0 59 30 10 31
0 0 0 0 14 4 1 13 48 65 26 41 18 7 20 7 0 0 0 3 0 0 0 4 18 9 13 42 41 20 14 99 94 84 27 26 0 52 100 100 100 91 17 77 100 82 27 14 0 1 16 61 88 91 92 69 21 76 38 74 13 16 45 36 21 2 56 57 69 75 46 14 8 26 34 46 97 54 67 75 32 10 12 2 84 43 48 28 0 8 0 1 73 70 16 25
44 2 1 29 31 0 30 48 68 75 11 34 36 1 13 2 0 0 11 68 81 68 50 96 83 60 57 78 87 13 19 84 100 59 56 4 20 95 62 65 58 74 77 97 54 13 4 0 0 12 89 21 35 91 76 15 12 80 22 73 13 14 26 3 2 23 84 96 82 26 48 53 38 3 8 28 25 44 67 100 82 72 49 40 92 11 24 3 0 5 22 14 91 86 15 54
75 21 6 10 5 26 68 38 23 12 52 56 26 22 27 4 0 0 13 67 14 13 43 81 8 45 100 99 69 17 48 32 43 12 28 24 41 42 19 26 45 50 100 100 100 25 0 0 2 47 64 84 42 42 67 61 26 38 19 41 7 16 17 16 22 17 89 52 78 79 88 94 96 48 23 28 22 66 100 77 56 79 26 64 71 25 81 34 6 0 22 14 88 55 40 56
16 0 0 0 54 39 47 40 74 77 43 16 10 0 3 6 1 0 3 5 16 9 1 17 7 30 36 62 20 0 38 1 0 0 23 8 35 58 29 33 60 97 100 90 34 1 0 4 19 0 20 77 20 72 100 73 0 0 0 0 0 4 18 44 55 46 63 68 98 96 97 99 100 100 78 61 71 63 43 46 27 12 55 100 77 27 42 13 4 0 2 24 59 78 93 43
38 5 0 9 35 18 66 63 49 7 14 7 0 7 2 3 7 0 0 7 62 75 50 39 69 91 31 0 7 15 28 10 13 56 85 4 10 43 100 100 95 75 25 30 20 0 0 9 32 9 38 54 8 71 35 36 0 5 0 1 13 49 78 95 67 99 99 100 100 86 81 100 100 100 100 99 100 98 87 100 59 80 100 100 60 2 64 48 0 0 0 8 66 100 91 68
50 20 11 51 91 26 90 94 9 2 11 6 9 3 6 5 0 0 0 10 59 59 82 9 0 9 48 25 39 28 21 76 73 92 100 9 39 98 100 86 17 2 45 97 74 63 3 6 14 1 9 45 35 23 0 0 2 12 1 53 68 48 74 100 100 100 95 100 89 16 25 94 86 97 100 100 100 87 83 100 64 100 100 100 50 45 99 50 0 0 0 23 76 64 90 95
12 0 7 37 15 12 29 70 13 19 19 23 40 2 2 0 0 0 0 4 63 55 80 48 2 3 6 72 83 76 100 74 33 23 22 1 80 100 54 2 29 84 87 27 31 67 2 8 46 72 58 58 88 100 24 0 7 7 45 89 98 94 92 100 100 97 63 98 53 33 34 26 44 96 100 72 92 100 100 83 81 100 100 96 16 78 85 2 0 20 71 36 100 99 92 94
0 4 4 6 5 0 38 46 32 40 26 74 26 0 51 60 36 21 0 0 2 38 27 0 9 7 0 21 84 79 90 100 98 35 43 55 100 81 22 60 82 77 38 5 43 49 3 38 85 100 96 93 100 94 76 82 70 40 82 99 61 95 100 100 96 28 67 55 65 87 61 25 15 84 95 78 46 100 95 58 100 100 94 34 53 82 50 8 0 27 93 67 84 72 88 98
0 7 0 2 36 38 47 45 0 0 42 38 80 38 97 99 41 37 0 0 0 0 6 1 1 0 0 0 3 0 3 23 42 9 33 85 52 36 57 17 41 93 52 73 37 12 4 84 98 100 98 99 98 62 100 100 34 24 98 82 48 96 100 100 88 80 31 0 28 11 54 60 32 74 40 87 49 86 56 89 100 79 26 50 100 34 5 0 0 33 61 76 33 3 36 31
2 22 44 83 56 62 76 75 46 75 47 42 77 100 100 88 20 90 25 0 0 5 56 53 12 30 28 19 2 0 0 0 0 26 15 38 99 63 63 55 92 58 100 93 85 28 56 100 100 95 98 76 91 84 100 100 88 88 100 99 99 91 64 37 0 6 71 10 16 24 6 33 59 100 38 55 98 51 41 66 47 16 46 29 23 3 0 0 0 10 64 58 4 1 4 0
60 94 39 39 14 14 100 100 100 98 71 75 92 94 90 48 92 86 13 0 4 22 18 21 71 60 88 81 65 29 38 41 43 56 88 97 90 88 95 52 28 64 100 93 58 67 100 100 100 100 100 72 97 100 100 100 100 100 100 88 38 6 0 0 0 11 100 55 36 71 27 42 70 95 10 5 60 60 34 60 41 32 19 37 4 0 0 0 4 60 74 15 12 13 16 11
39 64 37 97 100 98 61 76 100 56 51 18 58 97 61 83 40 39 0 0 26 64 61 5 32 29 39 52 58 29 97 38 56 41 91 100 41 66 43 18 48 99 51 86 57 97 100 100 69 100 100 98 94 70 58 67 84 52 12 50 7 44 76 63 59 47 98 71 42 3 8 27 97 80 27 16 23 51 7 13 15 11 4 0 2 6 40 47 10 19 71 28 13 34 10 40
8 49 47 57 62 23 61 100 72 60 88 66 68 77 14 12 5 18 7 0 39 94 100 74 21 46 100 75 2 61 47 88 88 100 97 92 4 9 11 36 96 34 46 44 76 100 98 98 45 100 100 100 100 45 60 37 6 17 29 32 0 0 9 43 83 98 29 55 68 6 25 79 23 8 54 9 6 4 5 15 1 0 0 23 33 24 92 51 23 10 11 13 18 26 23 74
2 0 0 21 60 18 92 100 95 45 7 10 19 47 20 72 96 97 34 30 12 42 94 77 84 98 100 86 7 92 77 73 100 74 74 63 5 0 3 70 100 91 100 78 70 100 97 100 60 100 100 79 83 86 44 62 81 51 86 93 44 0 45 14 9 74 50 53 68 75 95 94 73 44 59 27 8 2 12 78 44 41 66 95 99 97 81 56 31 50 79 49 45 28 58 69
32 12 0 37 52 72 100 100 84 0 0 13 60 92 100 100 79 54 3 42 11 9 58 100 100 100 100 82 7 52 46 96 72 44 45 2 0 0 35 86 60 68 95 71 92 81 71 98 97 100 99 83 10 5 5 42 81 58 9 34 80 4 17 57 40 45 12 30 97 80 62 46 88 52 29 16 11 3 0 54 83 80 90 94 99 100 48 19 20 81 87 70 70 40 59 75
19 0 0 1 42 76 100 79 17 1 65 91 100 95 72 42 2 0 12 63 45 8 7 58 80 70 82 100 70 61 96 70 76 83 86 29 7 32 97 100 80 26 76 48 75 40 55 98 100 95 68 26 10 6 17 66 29 65 0 22 92 48 90 70 41 1 2 17 28 18 90 63 37 33 17 17 14 7 0 26 76 76 64 90 94 59 48 25 12 19 46 28 89 30 43 83
32 54 57 35 12 3 13 52 5 0 35 96 100 95 34 37 94 70 55 85 100 64 0 7 42 96 58 86 79 68 99 72 64 83 92 53 26 74 100 89 72 100 24 6 56 71 100 100 100 36 60 33 0 3 36 79 0 56 29 61 72 54 83 90 13 0 10 8 11 42 95 24 10 39 16 36 78 24 23 23 33 22 52 79 68 38 69 79 12 17 46 27 8 33 53 47
13 11 17 52 81 32 0 24 45 26 72 100 55 62 78 59 100 100 100 80 86 61 0 8 45 100 100 100 100 98 98 81 62 77 100 51 58 98 88 51 38 100 55 79 86 98 94 96 100 100 80 100 79 8 3 35 31 10 15 80 58 53 57 68 50 66 0 0 2 2 11 12 12 11 9 31 46 68 76 28 44 90 9 9 44 67 52 76 31 7 36 14 3 1 2 29
37 0 5 35 62 64 11 66 82 100 94 33 33 8 41 100 100 95 46 72 66 85 36 23 78 95 100 82 85 58 24 9 5 38 94 91 58 100 50 28 47 100 100 95 98 100 97 99 100 89 69 35 94 31 0 4 4 6 9 29 18 10 23 15 5 8 2 39 34 51 32 10 9 8 52 50 91 63 95 56 49 89 21 31 87 43 2 43 89 53 18 44 0 19 23 5
86 22 13 33 92 82 76 86 83 41 44 54 46 32 92 97 100 94 85 54 50 78 42 27 91 83 47 26 38 44 82 64 27 3 74 95 100 67 34 50 55 100 98 86 100 88 71 81 52 10 46 66 64 12 19 39 14 2 7 34 42 34 5 1 4 1 2 76 44 61 93 74 67 71 100 89 50 98 57 90 46 18 34 72 90 55 22 92 85 88 73 42 28 20 37 34
