data/habitatmaps/RS_maps/habitat_Regulus.regulus_2020.asc
NCOLS 369 
NROWS 228 
XLLCORNER 479000 
YLLCORNER 73000 
CELLSIZE 1000 
NODATA_value -9 
[rows 126 to 188 of 228, columns 192 to 287 of 369]
0 0 0 0 0 0 0 0 0 0 0 0 0 5 0 50 96 83 56 96 45 0 0 0 0 0 0 0 0 0 0 0 0 0 0 0 28 67 27 19 91 87 12 90 58 100 50 1 22 53 2 0 0 68 7 0 0 0 0 0 0 0 0 26 57 66 100 55 0 0 0 1 33 77 47 3 0 15 33 42 39 41 33 7 50 100 66 59 69 66 56 45 38 0 0 0
0 0 0 0 0 0 0 0 0 0 0 0 0 0 0 10 61 62 52 26 0 0 0 0 0 0 0 0 0 0 0 0 0 0 27 92 77 35 6 42 86 55 0 22 56 96 49 1 0 0 0 0 0 12 0 0 0 0 0 0 0 0 6 30 86 100 100 80 0 0 0 9 33 97 31 0 0 0 0 0 8 32 42 68 59 74 97 82 39 31 78 50 71 6 0 0
0 0 0 0 0 0 0 0 0 0 0 0 0 0 0 0 67 45 68 5 0 0 0 0 0 0 0 0 0 0 0 0 0 32 53 46 1 90 100 15 0 0 0 0 48 93 95 22 0 0 0 0 0 0 0 0 0 4 3 0 2 16 6 73 86 79 100 63 14 0 0 24 29 87 6 38 24 0 0 12 62 100 91 63 100 100 100 96 29 54 86 20 82 45 0 64
0 0 0 0 0 0 0 0 0 0 0 0 0 0 0 0 55 60 53 0 0 0 0 0 0 0 0 0 0 6 1 23 26 26 76 4 57 89 73 68 0 0 0 0 44 28 83 5 0 0 0 0 0 0 0 0 3 36 14 3 61 46 54 72 49 9 89 57 0 0 16 37 58 57 0 36 40 27 57 69 86 100 65 98 46 39 48 72 96 57 39 34 37 79 60 81
0 0 0 0 0 0 0 0 0 0 0 0 0 0 0 1 55 63 20 0 0 0 0 0 0 0 0 0 19 26 2 30 18 70 47 55 65 24 31 64 0 0 0 0 0 44 64 47 0 0 0 0 0 0 22 27 75 31 44 61 100 100 73 81 4 0 21 2 0 0 7 89 18 33 54 0 29 70 40 60 53 100 97 92 59 51 76 100 100 73 83 74 33 29 52 82
0 0 0 0 0 0 0 0 0 0 0 0 0 1 79 76 68 43 25 0 0 0 0 0 0 0 0 1 11 20 66 47 56 98 69 36 21 39 16 43 0 0 0 0 0 0 51 69 0 0 0 0 0 0 33 85 8 11 78 80 37 100 46 29 58 9 0 0 0 13 28 45 0 1 14 0 22 0 0 0 3 70 100 64 2 12 85 74 86 41 39 59 25 40 55 70
0 0 0 0 0 0 0 0 0 0 0 0 6 0 0 56 39 13 0 0 0 0 0 0 0 1 37 35 45 22 38 95 47 73 27 70 41 42 0 14 0 0 0 0 0 0 31 57 1 0 0 0 0 0 9 9 58 88 44 22 11 81 33 58 35 0 0 0 0 43 52 11 0 0 0 0 0 0 0 13 59 1 79 87 48 0 13 5 60 84 34 11 77 100 100 100
0 0 0 0 0 0 0 0 0 0 0 0 24 0 0 0 0 0 0 0 0 0 0 0 0 13 9 8 2 0 0 9 0 1 0 5 41 63 1 0 0 0 0 0 0 0 0 16 2 0 0 0 0 0 0 52 81 82 19 0 1 51 98 69 0 0 0 0 0 34 6 0 0 0 0 0 0 0 0 4 14 0 1 73 97 22 0 2 15 82 82 20 93 100 87 79
0 0 0 0 0 0 0 0 0 0 0 0 0 0 0 0 0 30 3 0 0 0 0 0 0 0 0 0 0 0 0 0 0 0 0 0 59 85 21 0 0 0 0 0 0 0 0 0 0 0 0 0 0 0 35 98 32 3 0 0 0 40 100 16 0 0 0 0 0 0 0 0 0 0 0 0 0 0 14 27 10 0 43 100 96 24 0 0 0 0 82 86 39 52 26 13
0 0 0 0 0 0 0 0 0 0 0 0 0 0 0 0 0 0 0 0 0 0 0 0 0 0 0 0 0 0 0 0 0 0 0 6 45 10 0 0 0 0 0 0 0 0 0 0 0 0 0 0 0 0 57 66 4 0 0 0 0 7 45 46 0 0 0 0 0 0 0 0 0 0 0 0 0 0 18 47 32 25 76 61 4 0 0 0 0 0 48 95 8 39 43 1
0 0 0 0 0 0 0 0 0 0 0 0 0 0 0 9 6 0 0 0 0 0 0 0 0 0 0 0 0 0 0 0 0 0 0 0 60 0 0 0 0 0 0 0 0 0 0 0 0 0 0 0 0 0 6 7 0 0 0 0 0 27 22 56 0 0 0 0 0 0 0 0 0 0 0 0 13 34 85 97 55 4 69 50 0 0 0 0 0 2 62 54 0 0 58 58
0 0 0 0 0 0 0 0 0 0 0 0 0 0 0 17 1 0 0 0 0 0 0 0 0 0 0 0 0 0 0 0 0 0 0 0 4 0 0 0 0 0 0 0 0 0 0 0 0 0 0 0 0 0 0 0 0 0 0 0 0 0 25 48 0 0 0 0 0 0 0 0 0 0 0 0 0 2 8 73 77 29 100 52 0 0 0 0 0 39 79 50 0 0 82 97
0 0 0 0 0 0 0 0 0 0 0 0 0 0 0 0 0 0 0 0 0 0 0 0 0 0 0 0 0 0 0 0 0 0 0 0 0 0 0 0 0 0 0 0 0 0 0 0 0 0 0 0 0 0 0 0 0 0 0 9 44 90 57 0 0 0 0 0 0 0 0 0 0 0 0 0 0 0 7 99 63 64 86 8 0 0 0 0 0 61 87 25 2 0 23 80
0 0 0 0 0 0 0 0 0 0 0 0 0 0 0 0 0 0 0 0 0 0 0 0 0 0 0 0 0 0 0 0 0 0 0 0 0 0 0 0 0 0 0 0 0 0 0 0 0 0 0 0 0 0 0 0 0 0 0 68 84 40 46 6 0 0 0 0 0 0 0 0 0 0 0 0 0 0 7 87 94 90 83 0 0 0 0 0 0 0 6 46 74 24 28 73
0 0 0 0 0 0 0 0 0 0 0 0 0 0 0 0 0 0 0 0 0 0 0 0 0 0 0 0 0 0 0 0 0 0 0 0 0 0 0 0 0 0 0 0 0 0 0 4 36 4 0 0 0 0 0 0 0 0 45 40 1 0 0 0 0 0 0 0 0 0 0 0 0 0 0 20 59 29 12 27 94 100 71 3 0 0 0 0 0 0 0 22 68 99 98 30
0 0 0 0 0 0 0 0 0 0 0 0 0 0 0 0 0 0 0 0 0 0 0 0 0 0 0 0 0 0 0 0 0 0 0 0 0 0 0 0 0 0 17 36 25 0 31 47 7 0 0 0 0 0 0 0 0 22 14 0 0 0 0 0 0 0 0 0 0 0 0 0 0 0 37 68 6 77 100 34 90 100 99 23 0 0 0 0 0 0 0 49 89 30 89 96
0 0 0 0 0 0 0 0 0 0 0 0 0 0 0 0 0 0 0 0 0 0 0 0 0 0 0 0 0 0 0 0 0 0 0 0 0 0 0 0 11 12 68 43 64 29 17 66 0 0 0 0 0 0 0 0 0 0 0 0 0 0 0 0 0 0 0 0 0 0 0 0 17 43 76 80 88 88 100 88 87 83 54 16 0 0 0 0 0 0 0 88 25 0 45 89
0 0 0 0 0 0 0 0 0 0 0 0 0 0 0 0 0 0 0 0 0 0 0 0 0 0 0 0 0 0 0 0 0 0 0 0 0 0 0 40 100 54 71 36 78 35 31 9 0 0 0 0 0 0 0 0 0 0 0 0 0 0 0 0 0 0 0 0 17 24 18 41 17 22 91 86 40 12 47 1 21 95 98 19 0 0 0 0 0 0 4 19 0 0 68 62
0 0 0 0 0 0 0 0 0 0 0 0 0 0 0 0 0 0 0 0 12 24 5 0 0 0 0 0 0 0 0 0 0 0 0 0 0 0 0 19 57 51 75 100 0 12 0 0 0 0 0 0 0 0 0 0 0 0 0 0 0 0 0 0 0 0 0 21 65 81 58 82 66 92 29 7 0 0 0 0 0 75 59 3 0 0 0 0 0 0 0 0 0 0 6 79
0 0 0 0 0 0 0 0 0 0 0 0 0 0 0 0 0 0 12 33 52 82 10 0 0 3 0 0 0 0 0 0 0 10 33 11 0 0 0 40 51 7 7 18 38 68 2 0 0 0 0 0 0 0 0 0 0 0 0 0 0 0 0 0 16 19 0 8 40 12 12 8 8 49 0 0 0 0 0 0 1 80 19 0 0 0 0 0 0 0 0 0 0 0 4 91
18 0 0 0 0 0 0 0 0 0 0 0 0 0 0 0 3 19 33 85 61 60 0 11 55 43 9 0 0 0 0 0 0 16 78 35 11 0 33 85 70 55 7 0 91 13 0 0 0 0 0 0 0 0 0 0 0 0 0 0 0 0 0 0 62 40 33 37 0 0 0 0 0 0 0 0 0 0 0 0 13 96 61 2 0 0 0 0 0 0 0 0 0 0 41 58
19 23 0 0 0 0 0 0 0 0 0 0 0 0 15 26 70 17 7 31 14 64 52 61 64 69 11 17 1 0 0 0 0 0 6 29 53 67 76 54 80 71 90 52 0 79 55 0 0 0 0 0 0 0 0 0 0 0 0 0 0 0 0 0 0 16 2 0 0 0 0 0 0 0 0 0 0 0 0 0 16 70 74 46 3 0 0 0 0 0 0 0 0 3 84 95
38 26 0 0 0 0 0 0 0 0 1 2 34 0 39 64 80 76 83 58 0 48 71 77 56 57 22 75 47 4 0 0 0 0 0 0 13 34 11 12 3 66 100 61 0 79 80 0 0 0 0 0 0 0 0 0 0 0 0 0 0 0 0 0 0 0 0 0 0 0 0 0 0 0 0 0 0 0 0 0 0 0 0 36 95 62 49 0 0 0 0 0 0 0 15 21
0 0 0 0 0 0 0 0 0 0 7 38 47 38 7 49 0 0 0 3 43 59 66 96 68 39 20 31 32 61 11 12 5 9 0 0 0 0 0 0 0 1 55 97 5 74 84 21 5 0 0 0 0 0 0 0 0 0 0 0 0 0 0 0 0 0 0 0 0 0 0 0 0 0 0 0 0 0 0 0 0 0 0 2 66 57 0 0 0 0 0 0 0 0 0 0
0 0 0 0 0 0 0 0 1 29 37 59 34 0 0 0 0 0 0 0 6 46 15 31 50 91 85 68 51 93 94 55 47 63 71 23 14 0 0 0 19 28 0 15 16 50 80 45 52 0 0 0 0 0 0 0 0 0 0 0 0 0 0 0 0 0 0 0 0 0 0 0 0 0 0 0 0 0 0 0 0 0 0 0 45 63 5 0 0 0 0 0 0 0 0 0
0 0 0 0 0 0 0 0 46 14 59 15 0 0 0 0 0 0 1 2 0 0 0 0 0 29 13 56 65 76 90 77 86 60 66 45 87 11 0 0 49 57 11 0 29 70 100 54 37 0 0 0 0 0 0 0 0 0 0 0 0 0 0 0 0 0 0 0 0 0 0 0 0 0 0 0 0 0 0 0 0 0 0 0 2 69 53 6 0 0 0 0 0 0 0 0
0 0 0 0 0 0 0 9 0 0 0 0 0 0 0 0 0 0 20 74 59 14 0 0 0 0 0 5 82 56 52 70 64 48 38 73 30 59 19 0 0 11 0 0 50 100 81 0 0 0 0 0 0 0 0 0 0 0 0 0 0 0 0 2 0 0 0 0 0 0 0 0 0 17 22 19 0 0 0 0 0 0 0 0 0 5 50 57 34 0 0 0 0 0 0 0
0 0 0 0 0 0 0 18 0 0 0 0 0 0 0 0 0 0 0 37 2 62 3 0 0 0 0 0 24 87 87 44 75 50 15 47 29 96 20 14 16 0 0 14 63 100 59 0 0 0 19 39 2 0 0 0 0 0 0 0 0 0 0 36 17 0 0 0 0 0 0 0 0 47 46 14 0 0 0 0 0 0 0 0 0 0 18 0 26 7 0 0 0 0 0 0
0 0 0 0 0 0 0 0 0 0 0 0 0 0 0 0 0 0 0 0 23 25 39 26 0 0 0 0 2 32 72 99 82 59 52 62 52 100 44 12 14 18 57 46 60 100 75 9 0 0 2 85 63 43 4 0 0 0 0 0 0 0 0 41 36 0 0 0 0 0 0 0 8 66 36 1 29 33 7 0 0 0 0 0 0 0 0 0 0 0 0 0 0 0 0 0
0 0 0 0 0 0 0 0 0 0 0 0 0 0 0 0 0 10 1 0 0 16 56 79 30 17 0 0 0 13 69 83 77 64 71 94 100 83 75 22 0 56 97 57 65 100 100 89 6 0 0 86 66 3 0 0 0 0 0 0 0 0 3 77 99 18 0 0 0 0 0 0 14 29 29 42 28 57 6 0 0 0 0 0 0 0 0 0 0 0 0 0 0 0 0 0
0 0 0 0 0 0 0 0 0 0 0 0 0 0 0 0 15 63 66 0 0 16 86 65 50 0 0 0 0 59 97 18 60 55 100 100 100 100 87 88 1 18 86 100 97 82 100 100 61 10 30 59 49 2 0 0 0 0 0 0 0 0 0 62 22 34 0 0 0 0 2 19 89 58 66 66 57 49 0 0 0 0 0 0 0 0 0 0 0 0 0 0 0 0 0 0
0 0 0 0 0 0 0 0 0 0 0 0 0 0 0 0 3 0 51 0 3 81 94 100 44 0 0 0 0 2 17 0 0 3 91 100 70 91 56 95 73 8 91 100 99 96 71 100 96 79 65 1 25 82 9 0 0 0 3 20 0 0 0 67 71 74 54 9 0 0 3 24 10 0 80 77 69 67 25 0 0 0 0 0 0 0 0 0 0 0 0 0 0 0 0 0
0 0 0 0 0 0 0 0 0 0 0 6 21 0 0 0 26 75 2 0 3 50 45 83 11 0 0 0 0 0 0 0 0 4 87 98 100 100 100 80 87 80 46 98 76 87 69 82 62 27 37 84 100 97 74 2 0 0 34 75 16 0 1 47 45 64 69 47 15 0 0 0 0 0 43 77 19 15 0 0 0 0 0 0 0 0 0 0 0 0 0 0 0 0 0 0
0 0 0 0 0 0 0 0 0 0 0 41 31 0 0 0 0 68 19 22 0 8 92 95 18 0 0 0 0 0 0 0 3 58 76 88 81 77 100 74 75 66 57 69 75 83 67 43 56 73 100 100 100 65 35 1 0 0 53 78 4 0 0 0 18 75 42 41 54 0 0 0 0 19 86 62 38 77 50 0 0 0 0 0 0 0 0 0 0 0 0 0 0 0 0 0
0 0 0 0 0 0 0 0 0 0 1 52 13 0 0 0 0 7 85 43 53 37 97 27 0 14 68 33 0 0 0 3 81 100 98 100 70 100 100 60 100 62 100 96 62 80 68 4 100 100 89 74 71 79 0 0 0 3 89 100 18 0 0 0 32 68 22 50 55 0 0 0 0 2 59 72 46 88 86 31 0 0 0 0 0 0 0 0 0 0 0 0 0 0 0 0
0 0 0 0 2 0 0 0 0 0 0 26 91 0 0 0 0 6 40 58 99 100 89 83 4 17 83 44 0 0 0 0 10 54 54 58 90 100 100 46 66 73 100 100 85 96 61 18 100 77 66 3 11 7 0 0 0 32 100 95 46 0 0 0 64 93 26 73 55 0 0 0 0 2 45 54 49 77 2 0 0 0 0 0 0 0 0 0 0 0 0 0 0 0 0 0
0 0 0 0 52 1 0 0 0 0 0 10 100 18 0 0 0 0 0 3 80 100 49 33 19 19 38 4 0 0 0 0 0 0 0 14 70 84 100 100 66 79 83 60 100 73 20 100 99 84 60 52 87 66 13 0 0 30 96 55 0 0 0 0 29 85 19 93 86 0 0 0 0 0 7 81 25 54 12 0 0 0 0 0 0 0 0 0 0 0 0 0 0 0 0 0
0 0 0 10 46 56 1 0 0 0 0 0 81 19 0 0 0 0 0 0 62 82 1 64 60 100 55 0 0 0 23 69 48 16 0 0 0 30 100 100 100 76 7 0 26 71 3 36 100 100 93 66 33 97 96 34 1 53 92 52 3 0 0 13 93 62 7 96 54 0 0 0 0 0 22 77 18 43 27 21 0 0 0 0 0 0 0 0 0 0 0 0 0 0 0 0
0 0 0 5 55 57 2 0 0 0 0 0 44 14 13 0 2 28 7 4 41 30 7 98 53 46 28 0 0 0 0 16 73 49 40 0 0 41 100 93 100 100 78 9 18 100 32 36 92 54 60 92 96 95 49 7 5 79 54 72 32 0 0 37 100 98 62 100 54 1 0 0 0 0 15 60 13 41 68 50 8 0 0 0 4 0 0 0 0 0 0 6 11 0 26 38
0 0 11 69 49 80 19 0 0 1 19 0 14 81 98 57 0 42 10 82 13 0 55 100 29 0 0 0 0 0 0 0 78 40 79 0 0 4 22 90 100 93 56 97 58 17 2 90 35 0 0 9 53 37 0 0 0 65 70 69 68 1 0 43 100 100 40 38 77 52 0 0 2 72 61 57 0 19 70 6 0 19 42 65 64 3 24 37 50 54 63 58 86 28 68 31
0 0 0 0 53 59 30 0 0 2 21 72 83 30 17 79 70 19 1 4 39 77 78 53 21 0 0 0 0 0 0 59 62 86 50 0 0 0 28 21 81 39 70 100 100 15 0 82 90 45 0 0 4 0 0 0 0 64 80 77 40 2 28 94 100 56 79 82 98 97 49 0 13 98 95 66 0 0 51 19 5 34 63 39 67 14 74 63 76 40 21 14 5 15 10 53
0 0 0 3 43 66 32 0 0 0 0 35 9 0 0 37 46 45 7 78 100 97 85 76 20 0 0 0 0 61 88 53 58 24 9 66 57 0 0 77 68 50 100 100 100 8 0 75 100 35 4 12 0 0 0 0 23 60 81 75 10 0 25 40 62 21 100 100 100 49 67 0 0 69 91 100 4 0 51 44 0 0 0 19 1 0 14 18 39 0 0 31 86 98 98 90
22 8 26 91 76 100 21 0 0 0 0 0 0 13 0 0 52 53 11 100 100 98 77 88 8 1 22 1 0 5 71 77 100 26 17 0 10 0 8 67 89 74 69 84 71 0 0 54 100 90 92 100 56 0 0 0 72 44 45 71 36 0 0 40 21 59 100 91 17 49 12 0 0 2 2 79 54 23 8 1 0 0 0 0 2 8 31 49 57 84 96 100 85 97 70 1
49 41 29 75 90 100 57 0 0 0 0 43 66 99 43 0 24 0 24 100 100 89 78 10 0 37 93 9 0 0 0 23 87 28 58 0 0 0 20 13 74 89 33 60 56 67 0 38 100 100 100 100 49 0 0 0 66 62 68 91 0 0 46 20 0 80 100 100 80 64 0 0 4 69 68 100 62 70 29 0 24 36 7 0 17 44 93 93 70 99 97 61 22 49 23 12
0 2 87 75 67 13 9 0 0 5 42 65 100 93 93 21 16 0 60 100 84 50 0 0 0 59 90 58 70 61 17 12 29 18 39 29 7 0 0 0 9 0 83 89 100 89 2 5 100 100 100 100 96 5 0 0 40 31 88 69 0 10 79 7 41 100 100 99 100 73 4 1 10 84 42 20 2 0 0 0 0 72 52 93 97 98 89 59 74 73 15 0 0 0 0 0
0 57 99 29 0 0 0 0 7 75 74 90 100 60 15 9 0 47 26 18 25 34 52 0 0 12 71 100 61 38 50 51 40 31 100 100 19 0 0 0 0 0 2 41 76 100 72 0 55 85 100 96 10 0 0 16 95 64 57 38 0 41 34 0 82 100 100 62 48 0 0 0 70 97 84 3 0 0 0 0 4 23 98 96 38 63 57 0 0 0 0 0 0 0 0 0
20 88 66 22 0 0 0 3 81 61 43 94 36 4 78 88 93 51 59 3 0 0 5 0 0 0 0 17 84 96 54 15 10 66 100 61 2 14 31 33 27 6 3 71 87 47 38 26 0 31 81 62 0 0 0 46 100 80 62 61 30 36 0 16 100 92 57 33 0 0 0 3 42 74 43 0 0 0 0 0 0 91 100 46 0 4 7 0 0 2 34 33 0 0 0 0
85 56 35 4 0 0 0 15 39 78 33 36 7 84 98 100 59 37 100 69 33 0 0 0 0 20 60 13 0 36 99 100 52 57 78 0 31 53 28 39 72 0 92 69 65 93 100 61 0 0 32 96 19 0 20 43 100 52 99 71 35 32 0 64 96 14 12 11 0 0 0 8 43 58 48 0 0 0 0 0 0 3 55 22 0 0 0 0 0 26 100 30 0 0 0 0
96 57 4 0 0 1 2 56 96 37 74 84 100 49 21 32 27 54 97 37 75 38 6 0 0 35 36 30 50 0 13 87 100 32 0 0 10 37 19 93 39 0 33 63 100 100 100 72 0 0 0 72 56 4 16 100 99 59 100 66 52 0 15 98 74 0 0 0 0 0 0 19 64 52 20 68 41 2 0 0 0 18 37 7 11 0 34 56 65 92 98 7 0 0 0 0
89 20 0 0 3 46 91 99 60 89 39 43 57 21 0 0 0 28 55 77 71 71 100 46 8 48 53 48 24 0 0 21 100 92 1 0 50 13 44 68 1 0 8 79 100 100 60 94 18 0 0 13 95 33 26 100 59 36 87 84 23 1 67 76 39 31 24 0 0 1 55 99 65 47 96 71 1 0 0 0 0 0 22 45 49 0 19 61 75 100 87 6 0 0 51 0
92 96 0 0 32 96 88 100 95 78 0 0 0 0 0 0 0 27 46 36 63 87 57 52 12 0 0 4 37 40 44 0 47 100 94 7 10 71 79 45 26 0 1 49 92 82 68 81 86 3 0 0 38 89 94 100 91 63 25 24 0 18 99 92 88 100 83 7 0 42 86 7 81 38 88 24 5 7 0 0 0 0 22 61 44 2 70 77 66 75 52 0 0 27 77 8
95 71 1 0 14 28 48 9 7 27 37 0 0 0 0 0 13 27 0 0 0 0 64 54 96 50 0 3 94 100 100 57 0 53 98 100 93 23 60 97 100 100 48 0 2 90 100 100 100 100 48 0 47 66 58 94 95 41 59 18 0 36 63 62 26 60 98 31 0 40 11 33 61 10 20 84 97 22 0 0 0 0 54 71 68 0 65 42 8 0 0 0 0 34 74 35
72 70 0 0 0 0 0 0 0 0 0 0 33 29 7 23 19 19 33 47 12 31 100 97 100 100 49 25 61 73 32 0 0 0 22 64 65 3 50 95 31 13 21 0 0 31 44 73 92 100 100 4 0 22 44 0 4 0 0 0 8 31 78 99 96 19 1 32 5 0 3 0 2 1 0 0 3 68 29 0 0 0 0 29 42 19 0 26 74 34 0 0 0 0 38 47
88 100 46 32 67 4 0 0 0 0 2 47 67 48 43 30 28 27 83 100 88 78 65 52 81 100 100 6 0 0 48 79 17 0 0 0 0 0 60 45 0 0 0 0 0 0 2 22 92 100 100 29 0 0 0 4 14 1 2 6 64 100 83 55 81 16 0 0 0 0 0 0 0 0 0 0 0 13 31 38 42 -9 0 3 0 0 24 41 37 1 0 0 0 0 0 2
100 51 0 49 86 1 0 0 0 0 0 7 51 74 95 100 91 90 100 66 7 41 57 6 51 42 76 60 10 0 31 26 2 0 16 68 60 71 24 17 59 9 0 0 0 0 5 24 52 42 49 55 3 2 43 92 100 100 100 100 38 21 85 100 88 5 0 0 0 0 28 23 6 0 0 0 0 10 84 100 37 -9 -9 0 0 0 0 0 0 0 0 0 0 0 0 0
99 24 0 65 86 37 37 44 0 0 1 16 0 5 0 12 79 53 96 96 20 47 83 28 92 75 100 100 100 40 44 36 24 0 0 18 100 100 34 100 78 37 34 8 0 7 13 74 91 70 42 19 0 25 65 63 86 100 100 100 100 53 17 51 11 0 0 0 0 0 0 10 7 0 0 0 0 2 35 60 -9 -9 -9 -9 -9 0 0 0 0 1 19 31 0 0 0 11
32 58 66 94 83 87 61 14 9 19 93 100 54 55 0 0 34 0 25 100 100 68 69 81 51 99 100 80 34 8 67 58 92 47 31 28 3 18 34 68 85 78 60 37 11 73 73 96 73 38 0 0 12 99 98 50 6 66 100 100 100 100 58 47 2 0 0 0 0 0 0 0 0 0 0 0 0 0 31 59 -9 -9 -9 -9 -9 -9 0 0 39 84 53 18 0 0 0 38
6 7 76 66 14 68 36 0 4 81 100 94 26 25 0 0 0 40 38 47 43 3 0 0 32 21 0 44 57 51 4 46 64 67 87 52 84 44 29 48 33 53 23 75 100 90 94 49 11 0 0 0 41 100 100 100 100 94 100 95 100 100 100 98 17 0 0 0 0 17 14 0 0 0 0 0 0 0 4 30 -9 -9 -9 -9 -9 -9 -9 -9 -9 -9 0 0 0 0 0 36
0 66 73 91 4 0 0 0 9 45 41 85 96 100 90 80 94 100 100 100 100 88 79 100 100 73 0 0 2 62 50 21 62 19 52 39 7 44 69 0 0 0 0 3 14 10 0 15 21 0 0 0 3 17 72 100 100 100 96 14 43 100 98 92 3 0 0 0 0 17 7 7 38 6 0 0 0 0 0 0 -9 -9 -9 -9 -9 -9 -9 -9 -9 -9 -9 -9 -9 -9 -9 54
66 48 54 72 7 0 0 0 20 17 39 79 34 92 91 95 100 95 93 100 88 96 100 100 100 100 24 0 0 0 7 29 36 14 0 0 0 31 2 0 0 0 0 0 0 0 0 0 0 0 0 49 96 100 69 34 74 36 28 8 0 12 21 19 0 1 26 0 0 2 0 0 0 0 0 0 0 0 0 -9 -9 -9 -9 -9 -9 -9 -9 -9 -9 -9 -9 -9 -9 -9 -9 -9
92 68 100 64 0 16 45 0 71 22 10 8 1 73 37 56 45 0 6 27 6 2 54 53 29 73 78 70 59 51 17 0 0 0 0 0 0 0 0 0 0 0 0 0 0 0 0 0 0 0 12 80 58 21 0 4 6 0 0 14 48 0 0 0 0 0 0 0 0 0 0 0 0 0 0 0 0 0 -9 -9 -9 -9 -9 -9 -9 -9 -9 -9 -9 -9 -9 -9 -9 -9 -9 -9
69 100 100 81 4 39 72 48 71 31 46 48 53 12 32 23 0 0 9 91 100 21 42 56 60 100 96 100 100 100 83 0 0 0 0 0 0 0 0 0 0 0 0 0 0 0 0 0 0 23 33 44 99 89 84 79 92 89 34 37 35 1 0 0 0 0 0 0 0 0 0 0 0 0 0 0 0 0 -9 -9 -9 -9 -9 -9 -9 -9 -9 -9 -9 -9 -9 -9 -9 -9 -9 -9
95 100 100 49 32 81 91 73 81 72 73 87 83 91 74 0 0 0 2 46 82 82 59 100 100 100 40 71 88 91 100 31 0 0 0 0 0 0 0 0 5 8 31 2 3 4 38 57 67 80 100 64 100 100 96 21 56 45 71 0 0 0 0 0 0 0 0 0 8 0 0 0 0 0 0 0 0 -9 -9 -9 -9 -9 -9 -9 -9 -9 -9 -9 -9 -9 -9 -9 -9 -9 -9 -9
