data/habitatmaps/RS_maps/habitat_Fringilla.coelebs_2009.asc
NCOLS 369 
NROWS 228 
XLLCORNER 479000 
YLLCORNER 73000 
CELLSIZE 1000 
NODATA_value -9 
[rows 122 to 182 of 228, columns 192 to 287 of 369]
0 0 0 0 0 0 0 0 0 0 0 0 0 0 0 0 0 0 0 53 52 82 89 42 0 11 74 76 0 0 0 0 0 0 0 0 0 0 0 0 42 4 6 45 66 79 76 30 41 15 67 82 64 56 41 26 22 17 20 0 0 0 13 53 100 92 50 76 69 31 0 0 0 29 42 100 99 32 22 25 33 40 15 37 77 94 39 0 0 45 66 94 20 0 0 0
0 3 0 0 0 0 0 0 0 0 0 38 18 0 0 0 0 0 4 22 50 98 37 2 0 1 26 28 0 0 0 0 0 0 0 0 0 0 0 11 72 64 96 72 33 36 16 78 70 72 100 80 87 20 66 42 64 1 0 0 0 0 16 21 64 83 61 80 57 14 0 0 0 76 85 93 50 0 15 13 50 30 50 17 99 77 26 0 0 25 58 84 50 0 0 0
42 84 8 0 0 0 0 0 0 0 0 0 8 0 0 0 0 0 49 76 66 57 0 0 0 0 0 0 0 0 0 0 0 0 0 0 0 0 3 66 100 88 28 6 8 42 78 64 59 85 87 91 64 67 97 74 39 0 0 8 6 1 12 15 88 28 78 39 9 0 0 0 24 83 88 50 0 0 37 7 24 41 36 18 83 47 54 2 0 2 76 82 67 0 0 0
27 33 48 5 0 0 0 0 0 0 0 0 0 22 13 8 32 6 93 33 73 12 0 0 0 0 0 0 0 0 0 0 0 0 0 0 0 62 94 100 70 73 57 45 53 96 86 34 78 78 47 2 0 92 31 14 30 0 0 10 9 21 8 45 43 57 57 82 0 0 0 0 28 48 98 46 0 0 38 44 22 49 48 36 64 98 76 35 33 18 50 66 34 0 0 0
0 0 0 0 0 0 0 0 0 0 0 0 0 6 2 50 96 83 61 95 42 0 0 0 0 0 0 0 0 0 0 0 0 0 0 1 29 89 39 67 91 92 30 96 76 99 50 1 22 48 2 0 2 68 7 0 0 0 0 0 0 16 54 62 57 70 100 54 0 0 0 1 32 78 48 3 0 16 34 42 42 64 68 48 51 100 66 60 70 66 60 68 49 0 0 0
0 0 0 0 0 0 0 0 0 0 0 0 0 0 0 10 61 62 52 26 0 0 0 0 0 0 0 0 0 0 0 0 0 0 27 92 78 48 68 100 86 62 30 36 50 94 49 1 0 0 0 0 0 12 0 0 0 0 0 0 0 19 52 30 86 100 100 80 0 0 0 9 33 97 30 0 0 0 0 0 24 68 100 86 66 74 97 82 39 30 78 68 71 6 0 8
0 0 0 0 0 0 0 0 0 0 0 0 0 0 0 0 67 44 64 5 0 0 0 0 0 0 0 0 0 0 0 0 0 32 53 52 48 90 100 16 0 0 4 24 61 93 95 26 0 0 0 0 0 0 0 0 0 4 12 48 48 45 38 73 86 79 100 62 14 0 0 24 31 87 6 38 29 13 8 59 96 100 95 64 100 100 100 96 29 54 86 54 82 55 29 70
0 0 0 0 0 0 0 0 0 0 0 0 0 0 0 0 54 64 52 0 0 0 0 0 0 0 0 0 0 6 1 23 25 26 76 4 57 88 71 68 0 0 0 8 54 19 82 6 0 0 0 0 0 0 0 0 3 36 24 68 86 67 52 73 43 8 86 57 0 0 16 37 57 58 0 37 56 68 94 88 94 100 66 98 59 60 49 72 96 57 39 46 37 86 69 77
0 0 0 0 0 0 0 0 0 0 0 0 0 0 0 1 54 72 20 0 0 0 0 0 0 0 0 0 19 26 37 64 20 70 48 56 72 17 24 62 0 0 0 0 0 32 38 54 0 0 0 0 0 0 22 31 75 31 42 75 100 100 73 80 4 0 21 2 0 0 7 89 18 34 70 2 58 80 61 64 42 89 97 96 79 51 77 100 100 73 83 74 34 32 50 88
0 0 0 0 0 0 0 0 0 0 0 0 0 1 76 76 87 64 25 0 0 0 0 0 0 0 0 1 11 20 81 61 56 98 86 70 30 39 18 38 0 0 0 0 0 0 32 69 5 0 0 0 0 16 54 89 58 22 78 80 38 100 98 62 58 9 0 0 0 13 35 46 0 1 14 0 22 0 0 0 2 59 98 80 37 16 85 74 86 42 39 62 38 42 56 84
0 0 0 0 0 0 0 0 0 0 0 0 6 0 0 56 49 17 0 0 0 0 0 0 0 1 37 35 46 22 38 96 47 73 27 70 41 38 0 12 0 0 0 0 0 0 26 56 0 0 0 0 0 0 8 8 58 88 44 18 11 98 100 95 35 0 0 0 0 43 51 11 0 0 0 0 0 0 0 13 59 1 82 93 70 0 13 5 60 84 36 14 77 100 100 100
0 0 0 0 0 0 0 0 0 0 0 0 24 0 0 0 0 0 0 0 0 0 0 0 0 13 9 8 2 0 0 9 0 1 0 6 40 59 1 0 0 0 0 0 0 0 0 17 2 0 0 0 0 0 0 50 66 48 10 0 1 51 100 66 0 0 0 0 0 34 6 0 0 0 0 0 0 0 0 26 36 10 16 73 97 22 0 2 15 84 92 34 94 100 87 79
0 0 0 0 0 0 0 0 0 0 0 0 0 0 0 0 6 40 3 0 0 0 0 0 0 0 0 0 0 0 0 0 0 0 0 0 58 76 22 0 0 0 0 0 0 0 0 0 0 0 0 0 0 0 34 98 32 2 0 0 0 40 100 42 0 0 0 0 0 0 0 0 0 0 0 0 0 0 46 50 16 0 43 100 96 24 0 0 4 40 92 88 39 78 42 13
0 0 0 0 0 0 0 0 0 0 0 0 0 0 0 0 18 62 0 0 0 0 0 0 0 0 0 0 0 0 0 0 0 0 0 6 45 5 0 0 0 0 0 0 0 0 0 0 0 0 0 0 0 0 40 66 4 0 0 0 0 7 46 46 0 0 0 0 0 0 0 0 0 0 0 0 0 0 18 42 36 32 82 60 4 0 0 0 0 10 58 95 8 56 74 5
0 0 0 0 0 0 0 0 0 0 0 0 0 0 0 9 6 19 32 15 0 0 0 0 0 0 0 0 0 0 0 0 0 0 0 0 54 0 0 0 0 0 0 0 0 0 0 0 0 0 0 0 0 0 6 7 0 0 0 0 0 27 45 56 0 0 0 0 0 0 0 0 0 0 0 0 6 22 85 96 76 6 80 50 0 0 0 0 0 2 62 60 10 24 80 74
0 0 0 0 0 0 0 0 0 0 0 0 0 0 0 16 1 0 0 2 0 0 0 0 0 0 0 0 0 0 0 0 0 0 0 0 9 0 0 0 0 0 0 0 0 0 0 0 0 0 0 0 0 0 0 0 0 0 0 0 0 14 42 48 0 0 0 0 0 0 0 0 0 0 0 0 0 2 8 73 96 45 100 50 0 0 0 0 0 39 79 61 2 27 83 97
0 0 0 0 0 0 0 0 0 0 0 0 0 0 0 0 0 0 0 0 0 0 0 0 0 0 0 0 0 0 0 0 0 0 0 0 0 0 0 0 0 0 0 0 0 0 0 0 0 0 0 0 0 0 0 0 0 0 0 9 44 90 58 0 0 0 0 0 0 0 0 0 0 0 0 0 0 0 8 99 82 78 86 8 0 0 0 0 0 60 86 37 2 18 82 63
0 0 0 0 0 0 0 0 0 0 0 0 0 0 0 0 0 0 0 0 0 0 0 0 0 0 0 0 0 0 0 0 0 0 0 0 0 0 0 0 0 0 0 0 0 0 0 0 0 0 0 0 0 0 0 0 0 0 0 68 84 40 46 6 0 0 0 0 0 0 0 0 0 0 0 0 0 0 7 94 84 90 83 0 0 0 0 0 0 0 6 46 65 33 29 56
0 0 0 0 0 0 0 0 0 0 0 0 0 0 0 0 0 0 0 0 0 0 0 0 0 0 0 0 0 0 0 0 0 0 0 0 0 0 0 0 0 0 0 0 0 0 0 4 23 2 0 0 0 0 0 0 0 0 44 40 1 0 0 0 0 0 0 0 0 0 0 0 0 0 0 20 58 25 11 60 84 98 70 3 0 0 0 0 0 0 0 22 68 99 98 53
0 0 0 0 0 0 0 0 0 0 0 0 0 0 0 0 0 0 0 0 0 0 0 0 0 0 0 0 0 0 0 0 0 0 0 0 0 0 0 0 0 0 12 35 18 0 33 45 8 0 0 0 0 0 0 0 0 22 14 0 0 0 0 0 0 0 0 0 0 0 0 0 0 0 37 68 6 70 81 42 90 100 99 23 0 0 0 0 0 0 0 50 90 30 89 96
0 0 0 0 0 0 0 0 0 0 0 0 0 0 0 0 0 0 0 0 0 0 0 0 0 0 0 0 0 0 0 0 0 0 0 0 0 0 0 0 10 12 73 44 64 17 17 60 0 0 0 0 0 0 0 0 0 0 0 0 0 0 0 0 0 0 0 0 0 0 0 0 17 43 76 80 88 76 100 87 87 83 54 16 0 0 0 0 0 0 0 84 18 0 45 90
0 0 0 0 0 0 0 0 0 0 0 0 0 0 0 0 0 0 0 0 0 0 0 0 0 0 0 0 0 0 0 0 0 0 0 0 0 0 0 30 90 54 72 58 86 40 24 9 0 0 0 0 0 0 0 0 0 0 0 0 0 0 0 0 0 0 0 0 17 24 18 43 39 38 91 84 30 12 47 1 21 95 98 18 0 0 0 0 0 0 4 17 0 0 68 62
0 0 0 0 0 0 0 0 0 0 0 0 0 0 0 0 0 0 0 0 6 23 5 0 0 0 0 0 0 0 0 0 0 5 0 0 0 0 0 10 52 56 79 78 28 10 0 0 0 0 0 0 0 0 0 0 0 0 0 0 0 0 0 0 0 0 0 21 60 70 35 82 66 92 28 7 0 0 0 0 0 74 58 2 0 0 0 0 0 0 0 0 0 0 6 79
0 0 0 0 0 0 0 0 0 0 0 0 0 0 0 0 0 0 12 32 36 84 10 0 0 2 0 0 0 0 0 0 0 31 40 12 0 0 0 57 51 16 15 51 48 40 1 0 0 0 0 0 0 0 0 0 0 0 0 0 0 0 0 0 16 19 0 8 26 8 6 8 4 44 0 0 0 0 0 0 3 81 19 0 0 0 0 0 0 0 0 0 0 0 4 91
52 5 0 0 0 0 0 0 0 0 0 0 0 0 0 0 2 19 32 85 55 66 3 18 57 42 8 0 0 0 0 0 0 12 83 36 10 0 40 85 71 79 70 83 92 18 0 0 0 0 0 0 0 0 0 0 0 0 0 0 0 0 0 0 62 40 28 32 0 0 0 0 0 0 0 0 0 0 0 0 13 96 61 2 0 0 0 0 0 0 0 0 0 0 41 58
52 34 0 0 0 0 0 0 0 0 0 0 0 4 21 31 74 43 21 63 62 64 54 52 68 73 22 20 1 0 0 0 0 0 2 26 48 63 47 54 80 72 88 100 67 92 35 0 0 0 0 0 0 0 0 0 0 0 0 0 0 0 0 0 0 16 2 0 0 0 0 0 0 0 0 0 0 0 0 0 16 70 74 46 2 0 0 0 0 0 0 0 0 3 84 91
36 46 8 0 0 0 0 0 0 0 0 1 37 40 52 65 90 86 87 59 38 61 70 94 62 57 41 76 47 2 0 0 0 0 0 0 10 28 12 12 3 66 100 100 85 82 70 0 0 0 0 0 0 0 0 0 0 0 0 0 0 0 0 0 0 0 0 0 0 0 0 0 0 0 0 0 0 0 0 0 0 0 0 36 97 62 50 0 0 0 0 0 0 0 15 20
0 0 7 0 0 0 0 0 0 0 3 22 49 58 48 54 11 0 0 3 53 66 72 100 85 63 34 29 32 62 12 19 5 9 0 0 0 0 0 0 0 1 50 96 92 100 92 17 6 0 0 0 0 0 0 0 0 0 0 0 0 0 0 0 0 0 0 0 0 0 0 0 0 0 0 0 0 0 0 0 0 0 0 2 72 56 0 0 0 0 0 0 0 0 0 0
0 0 0 0 0 0 0 0 7 51 38 72 43 4 1 0 0 0 0 0 8 52 60 54 78 96 92 72 64 94 98 66 54 74 78 23 10 0 0 0 19 28 0 27 72 100 100 79 52 0 0 0 0 0 0 0 0 0 0 0 0 0 0 0 0 0 0 0 0 0 0 0 0 0 0 0 0 0 0 0 0 0 0 0 45 63 5 0 0 0 0 0 0 0 0 0
0 0 0 0 0 0 0 0 66 36 63 21 0 0 0 0 0 0 3 2 0 0 7 0 19 36 23 68 93 100 90 77 86 80 79 46 87 11 0 0 49 68 57 73 44 100 98 44 16 0 0 0 0 0 0 0 0 0 0 0 0 0 0 0 0 0 0 0 0 0 0 0 0 0 0 0 0 0 0 0 0 0 0 0 2 69 53 6 0 0 0 0 0 0 0 0
0 0 0 0 0 0 0 9 30 2 0 0 0 0 0 0 0 4 36 74 50 10 0 0 0 0 0 14 88 67 52 72 100 93 75 76 54 64 18 3 33 48 91 39 46 95 64 0 0 0 0 0 0 0 0 0 0 0 0 0 0 0 0 2 0 0 0 0 0 0 0 0 0 8 10 8 0 0 0 0 0 0 0 0 0 5 50 57 34 0 0 0 0 0 0 0
0 0 0 0 0 0 0 30 0 0 0 0 0 0 0 0 0 0 0 30 38 52 14 0 0 0 0 0 29 93 88 44 80 90 52 65 52 95 20 14 22 65 95 41 57 100 47 0 0 0 10 21 2 0 0 0 0 0 0 0 0 0 3 36 18 0 0 0 0 0 0 0 0 43 36 8 0 0 0 0 0 0 0 0 0 0 18 0 26 7 0 0 0 0 0 0
0 0 0 0 0 0 0 0 0 0 0 0 0 0 0 0 0 0 0 0 33 46 48 32 0 0 0 0 2 44 77 100 92 82 80 98 74 100 44 12 14 28 68 64 86 100 68 4 0 0 1 59 61 31 2 0 0 0 0 0 0 0 14 88 50 0 0 0 0 0 0 0 8 66 36 1 13 33 8 0 0 0 0 0 0 0 0 0 0 0 0 0 0 0 0 0
0 0 0 0 0 0 0 0 0 0 0 0 0 0 0 0 0 5 0 0 0 10 45 79 52 17 0 0 0 14 67 83 88 62 66 84 97 92 75 17 0 46 96 64 93 100 100 82 6 0 0 43 59 2 0 0 0 0 0 0 0 0 16 77 100 18 0 0 0 0 0 0 14 29 29 42 37 60 6 0 0 0 0 0 0 0 0 0 0 0 0 0 0 0 0 0
0 0 0 0 0 0 0 0 0 0 0 0 0 0 0 0 15 53 55 0 0 7 66 66 54 0 0 0 0 44 77 12 42 64 96 84 93 100 88 68 1 16 94 100 97 100 100 96 60 10 30 30 46 10 0 0 0 0 0 0 0 0 8 74 43 34 14 0 0 0 2 19 89 58 66 66 88 54 0 0 0 0 0 0 0 0 0 0 0 0 0 0 0 0 0 0
0 0 0 0 0 0 0 0 0 0 0 0 0 0 0 0 3 0 64 0 2 63 93 96 62 0 0 0 0 1 8 0 0 3 80 86 76 94 76 96 69 5 87 100 98 94 65 90 80 79 71 68 81 54 4 0 0 0 3 33 20 4 2 74 82 78 78 18 4 0 3 24 10 0 58 77 69 67 25 0 0 0 0 0 0 0 0 0 0 0 0 0 0 0 0 0
0 0 0 0 0 0 0 0 0 0 0 3 15 0 0 0 22 52 36 0 2 59 68 82 50 0 0 0 0 0 0 0 0 3 80 89 98 98 100 87 87 85 45 98 77 83 85 87 63 87 94 100 100 90 53 1 0 0 34 75 13 0 1 54 68 65 69 69 22 0 0 0 0 0 36 77 19 15 0 0 0 0 0 0 0 0 0 0 0 0 0 0 0 0 0 0
0 0 0 0 0 0 0 0 0 0 0 50 84 30 14 0 0 77 76 69 56 61 96 95 23 0 0 0 0 0 0 0 2 52 69 45 64 69 100 72 76 67 58 60 75 83 75 70 98 100 100 98 92 42 20 0 0 0 53 72 2 0 0 0 25 88 42 60 50 0 0 0 0 19 86 71 56 66 45 0 0 0 0 0 0 0 0 0 0 0 0 0 0 0 0 0
0 0 0 0 0 0 0 0 0 0 2 69 90 95 41 0 0 8 85 70 100 96 99 44 0 13 39 30 0 0 0 10 60 99 69 82 69 99 92 54 97 60 100 64 64 80 62 41 95 90 77 50 49 66 0 0 0 2 89 90 14 0 0 0 37 85 30 48 49 0 0 0 0 2 58 72 69 88 86 31 0 0 0 0 0 0 0 0 0 0 0 0 0 0 0 0
0 0 0 0 2 0 0 0 0 0 0 20 88 100 40 0 0 2 35 51 99 100 84 88 32 79 98 43 0 0 0 0 6 30 33 48 67 100 100 44 59 67 100 100 86 96 96 37 100 72 76 25 12 3 0 0 0 25 96 90 68 2 0 2 74 98 42 88 48 0 0 0 0 2 45 51 71 77 2 0 0 0 0 0 0 0 0 0 0 0 0 0 0 0 0 0
0 0 0 0 52 1 0 0 0 0 0 7 72 100 72 11 0 0 0 5 79 100 78 96 100 100 56 4 0 0 0 0 0 0 0 9 63 80 93 100 53 83 99 97 100 100 94 99 96 57 42 57 87 66 13 0 0 34 98 50 8 0 0 0 34 86 54 67 86 0 0 0 0 0 7 80 92 54 12 0 0 0 0 0 0 0 0 0 0 0 0 0 0 0 0 0
0 0 0 10 46 56 1 0 0 0 0 2 72 100 84 27 18 0 5 1 62 100 88 67 64 100 60 0 0 0 22 64 84 49 0 0 0 31 61 98 100 97 90 85 100 96 48 62 100 100 89 82 54 97 91 22 1 53 82 56 2 0 0 13 93 100 64 88 65 0 0 0 0 0 22 77 55 44 27 21 0 0 0 0 0 0 0 0 0 0 0 0 0 0 0 0
0 0 0 5 55 61 2 0 0 0 0 0 61 96 100 74 68 50 48 4 48 96 84 98 38 70 45 0 0 0 0 9 50 50 39 0 0 32 61 62 83 100 92 24 90 100 99 73 90 56 56 92 96 80 29 3 5 79 68 74 23 0 0 38 100 99 77 100 65 1 0 0 0 0 15 60 77 62 68 50 8 0 0 0 4 0 0 0 0 0 0 6 11 18 34 38
0 0 11 69 49 82 19 0 0 0 8 0 55 81 100 96 73 84 28 74 88 92 80 98 32 2 0 0 0 0 0 0 67 76 74 0 0 2 10 34 96 86 71 91 60 56 100 96 44 3 0 9 62 27 0 0 3 78 72 78 63 0 0 43 99 96 55 71 86 65 2 0 2 53 55 69 80 66 70 6 0 19 41 32 60 3 23 34 44 41 62 62 94 86 100 100
0 0 0 0 53 59 30 0 0 2 46 62 76 47 25 80 79 88 76 55 70 96 70 46 10 0 0 0 19 8 60 76 84 100 55 0 0 0 12 12 80 76 85 100 100 54 58 94 94 40 0 2 6 0 0 0 1 80 80 88 32 1 32 86 100 74 82 92 99 98 48 0 13 98 99 100 98 86 55 20 40 50 74 40 67 16 84 69 95 85 66 58 70 65 41 65
0 0 0 3 43 66 32 0 0 0 18 51 20 0 4 41 80 100 96 100 100 98 86 72 20 0 0 0 0 66 100 100 62 78 20 36 28 0 0 84 100 96 100 100 100 100 38 75 100 28 2 6 0 1 0 0 40 82 92 80 7 0 20 71 94 92 100 100 100 50 67 0 0 69 89 100 85 100 98 89 98 94 99 96 62 66 90 78 67 62 52 64 86 98 98 90
23 8 26 91 76 100 21 0 0 0 0 0 0 6 0 0 46 100 100 100 100 99 84 51 2 0 10 0 0 5 61 62 100 66 99 89 62 12 8 96 100 100 64 65 100 100 69 66 100 88 90 99 63 10 0 2 76 99 62 76 26 0 24 76 88 66 100 96 36 70 12 0 0 2 2 87 100 100 72 73 61 71 56 58 65 60 68 77 91 93 98 100 86 97 70 1
49 60 63 75 90 100 57 0 0 22 9 47 50 89 38 0 54 100 100 100 100 95 58 5 0 16 43 4 0 0 0 20 90 85 100 66 10 0 31 8 52 56 18 92 100 100 57 93 100 100 100 88 34 0 0 2 67 90 77 96 6 0 48 98 58 82 100 100 91 77 2 0 4 68 68 98 100 100 78 99 100 100 97 100 98 81 96 92 68 94 97 61 28 68 36 12
19 86 90 75 67 13 9 0 2 27 52 78 100 100 98 28 96 100 100 100 84 56 2 0 0 26 75 63 39 38 10 12 85 74 100 53 3 0 0 0 4 0 52 97 97 100 82 85 100 100 100 98 95 23 0 2 52 74 88 68 1 5 74 99 56 100 100 100 100 58 2 1 10 84 100 100 100 100 64 70 78 98 79 100 100 94 89 57 75 66 15 0 0 0 0 0
92 82 99 29 0 0 0 0 22 34 42 72 92 65 99 98 100 100 76 100 100 98 64 18 54 6 36 68 79 92 56 45 100 68 100 72 8 0 0 0 0 0 1 20 48 100 96 92 100 100 100 98 43 12 0 23 94 100 57 61 0 58 97 64 69 100 100 83 40 0 0 0 70 97 100 100 100 62 6 73 97 100 100 96 38 62 57 0 0 0 0 0 0 0 0 0
77 89 66 22 0 0 0 2 48 60 44 87 98 86 99 100 100 100 96 42 98 100 84 40 94 12 18 14 55 84 100 74 96 70 93 34 4 27 14 30 28 2 2 56 86 94 90 79 74 100 100 71 2 0 0 53 100 91 62 77 35 99 80 64 82 96 80 64 0 0 0 3 42 74 43 90 100 50 4 80 99 94 100 46 0 4 7 0 0 1 29 32 0 0 0 0
85 56 35 4 0 0 0 9 46 84 82 100 100 100 94 72 91 100 100 69 60 80 100 82 90 90 92 18 0 19 65 100 71 78 54 0 45 97 16 90 67 0 76 100 100 100 100 55 42 100 100 95 19 0 29 64 100 78 100 78 52 88 84 96 98 50 38 38 0 0 0 8 43 66 55 72 88 31 2 57 98 21 55 22 0 0 0 0 0 20 96 20 0 0 0 0
96 57 4 0 0 1 3 56 96 36 86 100 100 99 33 16 30 50 100 100 100 93 75 98 100 100 42 30 36 4 8 78 99 68 40 3 34 92 38 98 28 0 32 60 100 100 100 65 60 76 100 100 74 6 30 100 100 100 100 72 56 83 80 100 78 10 0 2 0 0 9 19 64 85 82 100 100 80 28 65 80 31 37 7 11 0 34 53 49 78 97 7 0 0 0 0
89 20 0 0 3 45 92 99 60 95 38 28 57 41 10 0 0 58 100 100 100 100 100 69 100 100 67 86 100 15 0 17 100 97 89 5 54 100 100 56 5 4 4 62 98 86 100 100 63 58 100 100 97 33 32 100 90 100 91 87 90 84 73 100 88 62 32 0 0 20 66 99 65 74 100 71 99 100 24 1 52 72 39 45 49 0 14 52 74 100 86 6 0 0 25 0
100 96 0 0 32 96 76 64 85 57 0 0 0 0 0 0 6 41 68 68 78 99 100 99 72 72 74 88 100 84 36 0 51 100 100 84 70 100 90 92 94 20 0 24 79 100 100 100 100 36 78 100 100 82 46 100 96 94 46 84 96 50 100 100 100 100 83 8 0 51 86 7 82 48 88 46 94 100 62 2 0 79 74 61 44 1 58 77 63 73 52 0 0 22 66 18
95 71 1 0 14 28 48 4 3 12 16 0 0 0 0 0 22 76 26 2 10 26 80 100 100 56 71 22 100 100 96 51 0 59 96 100 95 80 100 92 69 64 42 0 2 84 100 96 94 91 70 78 99 100 100 100 100 75 96 100 93 44 100 86 34 42 98 38 0 40 11 33 61 10 20 88 100 100 100 38 0 32 64 72 68 38 73 42 8 0 0 0 0 37 86 78
72 70 0 0 0 0 0 0 0 0 10 32 46 64 35 32 45 66 69 44 12 44 98 100 100 98 82 81 96 83 69 54 0 4 23 70 70 96 100 89 14 6 10 0 0 19 43 50 90 100 97 40 68 100 100 100 100 100 100 100 92 44 89 100 96 15 19 68 21 0 3 0 2 1 0 0 24 73 100 98 64 24 0 52 80 41 98 53 74 34 0 0 0 0 38 44
88 100 46 32 67 4 0 0 0 0 10 59 100 75 98 99 96 83 75 94 92 91 78 54 84 100 100 63 98 87 92 98 15 0 0 12 26 91 100 66 8 0 0 0 0 0 2 20 94 98 100 65 53 99 100 97 54 34 31 86 100 100 100 100 98 14 0 12 3 0 0 2 9 0 0 0 0 13 75 86 95 -9 3 16 46 31 99 56 37 1 0 0 0 0 0 2
100 58 0 49 86 1 0 0 0 0 0 16 72 86 75 89 98 94 100 100 100 100 40 3 87 100 100 78 63 99 99 62 44 24 24 96 100 82 86 94 58 17 37 7 0 0 5 36 100 100 100 93 51 70 62 86 99 100 93 99 100 100 100 98 75 16 0 0 0 0 47 80 66 37 4 51 9 10 84 100 37 -9 -9 14 69 61 71 98 58 12 0 0 0 0 0 0
99 64 2 65 86 37 37 44 0 0 1 16 0 10 4 18 88 84 98 100 100 100 60 26 80 84 100 100 100 88 98 81 82 20 0 18 86 100 54 100 88 74 88 32 6 5 38 92 100 100 100 100 80 99 100 100 100 100 100 100 100 100 100 53 6 0 0 0 0 0 20 14 70 17 19 47 3 2 41 59 -9 -9 -9 -9 -9 58 72 73 49 20 19 31 0 0 0 11
31 73 71 94 83 87 61 14 8 17 88 100 72 78 45 32 83 98 90 100 97 45 60 96 99 98 100 100 100 96 98 100 100 32 32 48 72 90 64 100 93 68 50 32 46 56 97 100 74 100 100 83 58 100 100 100 100 100 100 100 100 100 100 84 8 0 0 3 28 0 0 14 81 19 44 59 73 78 100 100 -9 -9 -9 -9 -9 -9 100 100 100 93 53 18 0 0 0 40
