data/habitatmaps/RS_maps/habitat_Turdus.torquatus_2009.asc
NCOLS 369 
NROWS 228 
XLLCORNER 479000 
YLLCORNER 73000 
CELLSIZE 1000 
NODATA_value -9 
[rows 120 to 179 of 228, columns 96 to 191 of 369]
0 0 0 0 0 0 0 0 0 0 0 13 0 6 0 9 10 22 23 0 2 21 6 31 47 18 61 39 10 0 0 0 0 0 0 0 0 16 3 0 0 30 20 9 2 32 18 66 34 50 58 40 26 23 22 18 56 58 26 26 20 68 94 29 46 1 30 34 26 0 28 70 34 38 4 64 48 37 0 1 59 50 24 4 5 1 75 4 11 38 28 1 0 52 34 4
0 0 0 0 0 0 0 0 0 0 0 21 0 0 0 11 8 5 16 45 76 91 93 91 54 68 94 78 12 0 0 0 0 0 0 0 0 17 2 0 18 24 2 2 31 39 51 56 60 70 68 51 12 18 27 58 64 62 73 44 42 36 20 36 58 20 30 15 31 0 17 38 17 18 0 0 0 0 0 19 36 30 48 5 0 0 8 42 27 0 0 0 12 100 63 79
0 0 0 0 0 0 0 0 0 0 5 20 21 0 0 0 0 42 76 82 76 48 40 45 20 55 72 98 62 0 0 5 8 15 0 0 10 1 0 0 8 23 18 15 62 77 89 44 80 88 44 25 79 84 92 32 58 60 75 24 32 26 7 18 37 0 0 0 3 0 0 0 13 16 0 0 0 0 0 21 5 0 16 50 54 9 0 4 75 60 2 10 66 100 100 94
0 2 2 0 0 0 0 0 0 0 12 57 19 0 0 36 50 91 57 86 77 53 71 74 26 49 69 78 66 23 6 8 0 0 0 0 5 0 0 0 4 47 13 42 58 56 72 62 81 35 38 44 34 54 67 38 90 88 80 23 2 4 53 26 3 0 0 0 0 0 0 0 15 0 0 0 0 0 0 0 0 0 0 0 42 66 0 0 18 47 42 38 58 98 68 37
0 20 2 12 0 0 0 0 0 0 12 4 0 0 15 59 91 58 59 22 3 26 86 95 58 60 77 61 86 85 12 0 0 0 0 0 0 0 0 0 0 4 20 46 29 0 2 6 32 36 40 50 12 32 6 63 88 38 40 60 7 0 27 0 0 0 0 0 0 0 0 0 0 0 35 35 38 21 0 0 0 0 0 0 53 66 8 0 11 36 22 44 65 24 4 18
0 0 0 20 2 0 0 2 35 0 0 4 8 0 22 56 36 5 21 8 0 5 34 32 95 57 53 74 88 80 8 1 0 0 0 0 0 0 0 0 0 0 15 38 8 0 0 0 15 81 50 8 39 1 24 66 18 1 14 38 50 17 0 0 0 0 0 0 11 46 45 54 54 50 70 60 72 68 36 12 8 2 0 0 1 86 22 0 7 18 43 5 19 42 94 86
0 0 9 16 26 35 24 51 57 1 18 90 97 14 12 22 24 4 19 17 44 34 34 28 4 31 12 36 44 39 15 2 0 0 0 0 0 17 0 0 0 0 0 16 0 0 0 2 60 80 54 45 10 46 75 38 0 2 66 66 25 1 0 0 0 0 1 18 76 60 32 32 56 74 16 8 34 16 48 51 31 16 5 0 0 21 39 7 29 30 11 34 24 64 78 60
0 0 36 6 34 90 90 84 55 29 60 88 90 96 48 32 68 58 52 78 88 40 28 14 20 22 12 46 50 74 17 35 42 14 0 0 0 4 16 0 0 0 0 0 0 0 0 0 76 48 76 26 50 64 51 28 2 52 58 5 0 0 0 0 0 5 38 72 50 58 61 17 34 34 26 26 0 4 36 39 47 52 26 2 10 10 7 11 2 40 65 54 74 69 55 100
0 0 0 1 56 90 87 52 32 68 21 22 28 52 13 47 38 46 46 55 20 18 44 52 58 48 4 38 43 26 20 44 25 58 39 10 3 0 0 0 0 0 0 0 0 0 0 3 19 90 58 59 48 44 10 0 52 44 0 0 0 0 0 15 29 55 88 82 90 98 43 6 26 16 86 42 21 0 0 11 66 72 50 75 50 20 47 88 76 84 66 64 98 99 35 58
0 0 0 12 93 23 62 40 34 68 43 40 10 24 22 98 30 42 44 42 18 10 19 13 0 0 14 15 30 36 28 40 40 85 73 53 81 20 0 0 0 0 0 0 0 0 0 0 56 44 25 30 15 59 60 9 27 0 0 0 0 0 14 81 96 86 59 17 14 85 37 30 52 90 51 3 3 0 2 43 66 75 87 81 50 38 18 50 71 100 100 98 94 100 84 60
0 0 0 8 94 15 48 31 34 57 62 58 22 52 45 30 46 65 48 36 18 14 17 18 22 7 17 10 41 77 34 14 6 10 30 34 22 0 8 18 7 0 0 0 0 0 0 0 2 7 15 10 0 4 20 0 0 0 0 0 0 30 71 97 64 71 14 6 5 29 1 19 84 100 30 8 26 17 28 52 97 98 100 56 0 32 34 38 92 52 89 92 91 100 78 53
0 6 28 72 92 23 40 48 86 94 76 18 47 35 22 30 30 32 10 36 68 68 82 14 9 13 9 44 58 27 4 1 18 14 1 0 0 24 63 26 0 0 0 0 0 0 0 0 0 0 0 0 0 0 0 3 2 0 0 8 36 88 80 70 92 73 12 51 52 53 7 38 72 92 3 2 30 53 88 100 100 100 99 11 38 64 49 24 49 46 9 61 100 77 92 52
21 21 46 23 30 64 42 74 88 82 28 32 38 2 51 65 28 36 54 22 2 26 32 12 0 7 28 21 15 16 18 0 0 0 0 0 0 4 50 37 2 0 0 0 0 0 0 0 0 0 0 0 0 0 21 61 10 0 54 94 86 82 53 80 53 84 60 30 74 10 34 29 17 12 14 36 8 52 100 70 90 97 96 30 69 78 76 51 18 24 62 25 98 44 10 12
10 46 66 75 22 30 26 41 39 65 17 48 7 52 57 1 64 58 60 37 29 42 36 22 0 0 0 2 0 2 5 0 15 2 10 2 7 50 34 47 56 11 0 0 0 0 0 0 0 0 0 0 8 24 94 50 14 0 30 57 40 16 10 58 46 24 1 5 28 29 0 1 3 0 57 56 66 94 84 21 77 72 68 81 72 100 100 66 36 0 20 47 36 92 17 2
30 52 78 69 25 35 38 24 70 38 8 48 58 43 4 52 10 0 32 1 35 35 20 2 7 16 24 30 29 36 43 23 29 16 15 25 13 42 85 88 94 73 16 0 0 0 0 16 29 48 40 59 79 96 66 14 56 0 0 62 48 16 58 27 22 10 4 35 37 15 6 8 0 0 11 84 76 21 14 0 60 98 58 72 26 49 98 61 66 86 60 10 65 98 76 24
36 54 53 23 8 20 74 31 54 43 24 14 35 18 62 38 39 28 56 32 6 0 5 7 26 17 52 50 67 76 44 78 62 53 50 17 26 45 64 44 40 76 63 0 0 0 8 48 80 79 77 100 49 51 39 53 72 19 3 11 24 18 64 14 30 14 60 51 65 41 47 52 0 0 74 73 56 19 0 0 44 61 74 92 84 30 76 100 100 100 100 56 96 100 94 11
26 36 24 6 20 41 9 22 54 0 8 42 37 29 18 26 42 21 0 6 0 6 51 40 23 52 48 88 92 84 42 56 34 75 53 20 4 60 66 92 34 0 11 0 0 18 8 70 42 77 78 91 52 21 26 57 14 29 60 26 16 47 50 61 58 16 50 58 30 61 82 28 1 24 88 81 40 2 0 0 25 88 62 92 50 30 68 92 68 99 100 91 91 100 92 19
26 2 1 0 5 18 20 21 14 18 64 42 12 18 0 0 6 45 43 12 38 72 62 28 14 48 23 32 24 16 0 60 44 66 47 16 14 54 92 31 30 0 0 0 4 16 80 75 94 68 88 54 11 81 31 3 42 0 46 39 68 98 68 49 54 63 62 41 13 2 6 16 55 100 76 38 44 0 16 0 2 33 91 94 76 97 96 58 94 96 99 100 96 86 100 91
0 0 11 20 2 23 11 0 2 56 12 0 0 0 4 2 41 29 28 9 64 35 14 14 22 82 3 0 0 0 2 30 8 36 4 16 58 52 23 20 7 4 0 0 0 33 87 39 57 71 50 47 58 12 10 27 0 7 97 74 49 70 50 14 20 76 72 26 23 2 25 68 92 98 28 27 0 0 27 12 14 6 38 46 98 100 84 74 88 26 69 72 63 83 100 72
1 2 14 65 26 28 4 0 0 0 0 24 13 0 38 44 26 44 8 16 48 20 22 21 43 38 10 22 24 13 49 3 4 50 18 21 50 17 16 44 47 14 25 8 28 6 60 48 26 92 36 17 42 86 60 72 41 44 88 46 14 20 93 40 59 100 100 97 38 44 98 100 100 82 92 42 5 0 7 61 19 40 58 73 86 99 52 52 95 96 75 52 82 100 81 44
48 52 32 32 44 30 43 42 15 7 47 60 64 53 59 40 25 4 19 22 26 12 30 22 31 8 14 2 37 26 77 30 3 2 25 23 20 8 44 34 23 29 7 50 72 5 13 73 42 82 44 7 76 100 84 65 29 33 12 28 6 28 38 40 29 84 88 66 32 70 97 93 66 100 88 54 50 46 20 8 80 32 0 4 32 36 37 48 98 100 100 96 32 81 97 34
50 27 46 51 34 12 69 16 44 65 59 59 68 58 63 58 6 12 48 47 48 50 32 20 0 3 20 33 11 54 62 44 5 12 16 12 8 0 20 16 8 8 58 18 56 10 19 79 30 7 0 71 61 98 98 63 22 47 6 38 13 58 71 24 38 69 36 32 76 98 65 80 55 34 48 78 30 86 31 6 16 86 63 53 53 57 47 59 97 100 100 89 17 68 100 94
13 32 36 41 35 15 24 57 69 70 60 58 67 12 45 58 8 32 32 16 49 57 30 27 20 15 36 24 9 46 48 55 0 0 2 23 0 0 3 1 0 16 14 0 51 70 28 65 61 62 28 25 50 78 72 24 64 64 28 68 28 92 50 24 50 55 88 86 70 40 38 60 43 78 34 58 30 22 74 51 34 24 52 77 100 100 100 98 88 99 88 60 60 8 92 75
86 16 20 35 26 34 64 17 0 4 15 48 31 40 50 34 30 11 11 8 26 60 34 38 15 81 98 40 0 11 28 4 0 0 6 5 2 27 6 0 0 22 41 8 24 76 46 72 76 70 59 50 16 78 87 72 100 22 21 32 36 76 72 77 66 72 54 8 32 0 0 0 7 31 0 15 10 12 61 56 82 12 28 4 26 24 56 90 76 27 3 45 36 39 68 2
45 2 24 4 16 80 68 32 30 31 47 10 27 65 51 42 24 18 62 1 0 0 0 0 20 66 99 10 17 31 18 0 16 48 60 20 30 16 0 22 13 8 21 20 12 60 55 38 19 2 64 100 96 100 100 98 80 27 37 29 64 92 84 88 96 50 17 2 3 0 12 8 0 0 0 0 0 13 14 78 27 32 92 82 72 93 100 90 36 50 95 100 83 62 7 43
2 48 28 61 68 75 18 27 28 95 54 18 34 61 38 7 12 5 48 51 0 22 12 2 5 19 58 72 67 30 30 29 90 94 86 90 6 1 10 6 18 39 0 6 28 13 74 78 38 63 33 20 94 100 89 34 24 17 34 14 69 100 96 44 30 14 45 0 0 0 3 12 0 0 0 6 32 3 8 0 32 34 14 58 68 92 97 36 24 70 95 96 42 1 21 7
11 2 61 66 76 51 16 55 52 24 15 38 76 59 16 16 14 18 31 36 32 13 52 80 82 54 78 71 33 22 30 21 60 61 38 41 2 0 0 0 14 22 0 46 77 6 98 62 20 28 46 16 18 86 34 19 42 19 83 66 32 24 100 90 26 0 0 0 0 0 0 0 0 17 32 0 0 5 63 2 12 22 16 58 86 64 82 52 63 95 100 54 16 0 29 76
34 29 61 33 54 48 22 14 11 14 34 28 10 24 1 13 12 36 18 2 63 57 50 41 78 88 74 28 25 20 30 5 38 44 12 22 17 15 10 36 40 13 33 21 44 18 39 56 0 3 0 22 32 98 90 49 48 97 74 56 22 5 67 100 91 40 1 0 0 13 0 0 0 2 14 0 4 18 36 5 1 32 1 6 30 68 80 92 100 88 50 2 2 12 33 32
61 13 99 80 51 30 22 8 7 56 78 42 22 32 16 2 39 38 20 16 74 18 20 8 50 34 26 10 8 7 41 30 84 17 25 27 18 25 42 40 8 12 59 23 42 79 77 100 86 93 44 46 33 79 82 100 100 100 86 47 10 74 84 44 40 65 10 0 0 44 29 8 0 0 14 0 2 44 64 54 13 15 18 10 89 100 100 94 69 18 0 11 20 8 9 77
50 55 89 16 21 46 26 28 72 50 74 39 18 36 34 19 32 23 74 27 56 6 10 17 18 49 68 82 32 13 56 100 58 7 32 66 48 18 27 15 19 0 40 20 94 100 100 69 58 82 90 74 40 88 78 82 60 80 70 20 53 42 76 3 2 40 4 0 8 0 23 10 1 11 0 1 0 0 8 66 24 16 5 17 12 87 57 5 0 0 0 12 11 29 74 30
42 99 65 16 14 33 1 71 49 26 62 54 20 4 0 0 50 16 50 0 19 38 16 30 68 49 0 8 73 44 66 79 52 32 54 47 20 13 12 12 53 68 63 58 98 66 74 11 78 78 22 46 48 53 88 22 67 94 37 52 70 76 33 34 0 0 0 2 38 53 6 8 62 31 17 16 0 0 63 9 36 40 72 57 86 69 19 14 0 0 0 5 42 45 46 22
72 60 6 52 86 46 47 48 12 42 52 41 31 11 0 1 2 4 34 0 32 48 50 24 49 46 38 4 82 97 24 4 24 7 32 10 24 56 6 49 76 88 80 23 54 84 53 50 95 86 23 17 55 46 12 0 9 65 54 24 48 23 2 5 0 9 0 0 36 16 0 0 50 89 57 24 3 5 84 34 97 86 100 100 63 70 32 39 17 0 12 78 94 44 54 34
29 22 0 32 96 49 1 5 8 21 17 4 18 2 14 3 36 55 67 15 48 51 20 66 30 35 48 48 66 85 32 40 38 64 4 12 30 38 16 68 11 14 32 41 88 89 100 90 80 52 63 63 17 0 0 0 22 20 18 26 22 4 0 10 0 6 0 0 0 0 24 20 11 94 50 11 22 15 86 29 100 100 66 75 81 11 12 38 5 38 84 84 54 19 26 56
1 0 0 11 55 5 14 57 60 37 73 46 0 0 32 45 18 38 26 28 7 29 24 46 2 44 54 24 34 87 72 54 31 50 2 34 68 57 74 83 16 9 20 86 62 100 86 11 35 62 71 6 2 0 0 0 0 8 42 32 6 0 0 26 22 0 0 0 0 4 41 62 7 28 98 59 66 94 86 54 100 100 21 11 1 54 34 0 28 74 62 8 34 98 40 32
0 0 35 32 43 88 60 54 44 97 78 72 20 0 32 48 40 41 44 40 31 28 32 22 0 2 20 52 12 44 44 26 30 64 34 75 96 100 100 48 14 42 74 66 61 100 90 84 74 90 40 38 24 0 0 0 1 39 78 50 68 25 0 30 11 4 0 0 2 2 50 34 56 0 61 91 90 69 28 68 100 100 32 36 58 62 6 29 86 58 26 22 91 55 18 28
4 41 30 21 90 94 68 86 37 40 40 34 12 0 0 10 54 52 82 50 38 64 68 76 10 0 37 70 46 14 2 52 50 18 23 80 99 100 93 8 70 70 70 78 100 100 97 90 44 56 86 36 4 0 11 72 82 89 94 97 72 92 31 20 32 3 1 46 20 4 84 59 95 8 30 100 85 14 20 16 82 46 4 62 30 4 46 98 75 25 85 12 98 86 84 100
52 28 43 69 89 93 52 7 40 46 31 31 2 24 31 76 54 20 50 48 48 70 74 65 42 3 10 17 14 14 44 22 46 70 80 32 42 71 18 28 65 88 78 44 56 68 70 42 65 61 90 25 21 68 88 100 98 40 72 87 25 36 48 43 24 0 20 3 29 9 36 92 94 36 16 100 30 10 61 0 13 3 26 19 6 66 92 31 31 34 69 81 87 73 60 51
62 8 40 79 62 73 59 25 45 48 38 38 20 70 75 76 42 5 56 34 41 33 57 42 18 8 18 17 10 24 27 42 96 44 37 48 78 80 39 63 34 59 98 94 92 86 46 92 98 100 64 42 92 86 89 85 54 18 2 33 50 100 63 28 22 30 28 28 46 16 48 60 100 40 15 93 46 12 50 5 29 56 43 24 79 60 35 59 19 2 77 87 53 20 19 80
44 38 100 92 99 80 50 30 43 40 28 42 47 72 77 35 65 4 17 28 18 46 23 32 28 56 18 26 21 22 29 100 61 3 30 0 53 92 58 53 78 81 100 46 70 87 94 89 88 79 91 99 87 48 12 23 34 49 55 75 48 76 64 39 78 64 25 46 18 4 86 88 55 4 34 98 9 38 72 15 22 77 40 80 75 36 42 60 8 25 80 86 7 14 76 54
77 72 30 73 47 62 16 43 44 31 39 68 20 44 82 21 6 0 0 0 26 48 15 35 33 46 68 58 90 50 46 85 87 70 82 56 100 100 70 90 100 77 100 62 33 73 98 97 83 92 66 33 16 56 24 46 74 76 67 50 64 24 16 17 60 28 76 90 15 46 98 61 20 16 88 82 14 86 86 45 70 39 93 61 4 48 73 85 84 100 100 70 30 89 54 68
14 28 37 50 33 24 24 1 0 0 0 22 16 41 56 26 0 0 12 6 10 21 32 67 50 44 24 43 82 68 100 94 44 36 68 76 74 96 36 84 95 45 78 72 79 60 100 76 79 9 0 0 0 64 87 96 98 92 38 58 24 5 54 52 16 49 28 85 78 93 49 34 7 86 100 8 50 82 36 67 47 72 70 14 0 39 57 98 61 52 87 73 81 70 32 94
18 8 42 36 24 16 64 4 13 8 42 50 20 14 0 19 5 8 7 44 14 9 38 32 93 91 70 96 96 99 99 63 36 62 78 86 91 84 52 74 99 82 96 92 79 71 48 40 14 2 0 0 56 84 100 84 64 20 3 27 44 39 90 43 32 98 89 49 69 26 48 25 42 91 69 55 84 78 24 44 88 76 8 0 1 26 91 100 81 86 62 26 77 70 84 74
52 32 54 32 2 58 62 15 48 20 78 40 0 0 0 8 20 36 4 0 22 66 60 88 69 65 100 100 100 98 99 87 15 29 90 88 51 84 74 100 100 78 78 26 93 88 88 20 55 30 39 86 100 99 82 46 6 0 43 81 66 100 100 70 90 98 54 43 32 64 63 60 42 9 18 59 78 14 16 79 71 59 54 23 56 63 28 29 49 63 91 80 16 16 98 84
74 35 34 40 20 63 10 51 74 8 32 18 14 28 0 0 10 22 9 75 93 30 48 72 92 83 100 84 62 24 10 38 51 88 69 98 100 100 88 100 61 53 60 96 96 98 76 28 52 59 100 100 100 100 66 72 92 30 58 58 92 100 100 100 49 10 0 0 44 95 76 8 0 37 82 53 52 63 53 49 70 56 24 0 22 20 0 7 0 45 78 65 24 37 79 48
24 58 75 32 32 31 22 64 38 36 40 1 14 4 40 67 34 31 90 100 100 100 100 100 100 100 100 98 15 0 0 0 25 97 69 93 100 100 58 22 82 97 95 100 90 100 67 4 46 94 100 100 86 52 92 100 100 99 100 81 100 100 100 99 8 0 0 5 72 60 4 41 70 33 63 24 54 68 79 99 76 46 42 20 12 26 37 40 32 12 60 100 92 84 74 36
9 2 0 2 1 2 32 33 23 48 56 85 74 75 98 93 46 69 100 80 61 100 94 85 100 100 100 100 81 74 100 88 100 100 100 100 100 72 16 49 90 55 89 78 82 100 93 49 64 83 100 100 58 79 98 83 100 100 65 70 100 100 40 26 0 9 45 10 50 20 38 69 42 14 38 78 92 75 81 92 70 90 66 62 59 72 63 80 96 94 67 53 54 76 91 72
12 1 4 26 14 4 23 20 82 56 84 100 73 51 87 94 58 90 82 8 75 100 78 48 100 100 100 100 92 100 100 81 32 55 69 100 85 6 32 91 29 16 84 22 56 100 98 28 94 84 100 100 96 100 80 96 100 100 77 91 97 93 37 0 0 10 20 61 97 97 12 20 18 24 38 84 95 76 77 91 90 66 94 52 46 44 100 100 100 100 84 50 50 64 100 72
42 51 14 6 0 12 50 48 82 65 82 100 100 56 96 88 94 60 56 56 100 100 95 42 21 48 19 45 62 85 55 45 26 10 4 66 76 24 66 61 68 10 5 4 84 98 18 36 100 100 88 100 100 100 80 86 100 100 90 32 38 100 62 0 0 12 34 81 92 36 0 32 84 72 96 62 57 64 5 10 40 98 66 52 60 46 100 100 100 100 66 68 50 68 83 48
78 64 56 19 66 34 61 44 76 20 52 95 48 10 89 49 62 100 97 100 100 100 100 82 47 54 7 24 76 66 4 6 57 77 25 0 32 92 59 36 84 60 55 20 48 45 22 66 96 83 90 100 76 88 32 71 100 59 78 24 54 100 79 12 45 36 21 66 44 16 50 70 72 98 81 100 85 20 0 7 70 76 76 84 100 100 100 100 100 82 46 67 50 58 52 46
12 50 95 46 65 70 87 97 96 49 95 97 26 23 91 99 100 100 100 100 100 100 70 66 73 82 58 10 12 24 45 30 66 92 78 68 34 77 79 14 92 64 70 32 64 28 53 48 87 71 78 98 89 34 87 98 94 4 53 39 28 78 61 34 44 58 14 30 1 18 69 93 98 86 100 88 13 16 54 62 48 68 58 100 100 85 96 53 59 16 54 50 50 50 76 86
28 58 98 69 10 60 89 56 80 84 100 48 50 49 100 100 100 91 90 72 96 60 6 34 75 100 58 7 39 70 88 80 70 46 72 64 92 96 84 62 64 78 66 48 58 43 34 33 52 20 45 50 75 62 70 72 66 59 66 59 77 56 34 22 74 36 1 0 18 10 68 98 87 100 100 97 94 67 100 97 68 100 90 99 86 85 53 8 28 56 73 50 50 67 68 68
36 55 40 63 60 92 49 1 6 82 100 100 92 33 68 44 52 52 86 50 64 0 29 48 82 100 63 59 56 30 24 55 54 63 40 16 54 24 26 26 40 55 14 34 19 50 2 0 0 0 0 16 7 37 40 22 4 20 53 60 75 26 28 0 14 5 0 0 4 13 88 76 17 43 45 97 81 99 72 98 100 100 100 91 88 46 46 29 56 86 63 56 70 59 30 60
51 45 88 100 67 64 52 84 82 100 100 84 34 44 96 9 1 98 99 36 12 17 66 72 88 62 25 6 28 30 0 1 4 10 0 0 10 38 66 30 24 32 30 10 12 0 29 49 46 50 16 0 4 0 0 0 0 11 17 23 47 35 24 27 16 10 3 8 4 51 100 89 8 0 1 54 90 54 46 99 100 77 84 88 76 76 48 28 65 78 44 61 66 32 20 23
30 80 87 98 88 85 95 89 81 48 81 66 93 72 68 54 45 100 90 80 68 10 60 68 59 10 22 68 28 62 0 0 0 0 17 44 30 48 100 74 0 0 0 0 3 7 76 98 83 66 14 20 68 73 54 47 40 20 0 3 7 10 40 40 76 100 86 85 95 86 56 7 0 0 3 34 92 74 77 99 90 88 98 98 60 50 30 48 4 34 17 67 75 35 54 9
43 46 14 8 18 57 95 24 60 52 25 60 11 56 40 70 72 100 60 92 69 44 28 58 28 40 18 0 12 14 0 0 0 21 89 86 100 98 98 73 64 21 18 53 42 48 62 97 100 28 7 24 40 40 73 95 100 89 17 58 39 81 99 66 100 100 100 100 100 56 57 77 42 20 20 41 92 55 38 88 62 56 94 79 50 11 30 84 71 9 23 85 62 42 46 28
79 80 50 0 2 22 50 32 45 68 58 56 86 17 6 29 62 92 70 76 72 0 0 29 90 56 2 45 0 0 0 0 0 8 52 80 93 100 100 76 81 86 79 41 8 72 98 97 56 73 34 59 44 8 15 75 70 45 32 68 84 100 94 47 98 100 67 70 65 93 89 44 24 57 74 98 63 4 0 64 44 94 98 26 0 6 18 86 94 18 0 0 40 77 32 80
36 30 6 26 70 87 62 24 70 62 58 64 30 17 47 82 76 91 46 49 22 0 0 7 96 52 12 0 0 0 0 2 58 36 86 85 39 56 100 98 84 58 84 100 100 47 96 83 100 62 46 61 93 97 80 38 100 98 25 34 39 78 96 28 8 100 100 96 14 76 98 97 6 16 86 100 79 58 44 60 57 52 67 43 31 36 70 100 53 60 66 5 0 33 28 6
32 24 55 100 98 70 12 70 88 54 36 40 2 27 21 73 68 33 9 0 14 0 0 22 36 12 0 0 0 5 6 57 75 76 42 12 28 50 94 40 32 45 82 92 60 100 96 100 100 98 50 72 91 97 96 70 90 96 41 41 36 47 100 43 40 100 100 100 58 50 20 86 32 86 100 94 88 88 54 77 37 6 15 27 2 37 80 100 97 58 72 4 0 0 0 59
58 50 94 72 94 58 46 100 98 22 6 40 36 10 0 15 84 0 0 8 10 0 0 0 0 0 0 24 50 74 90 87 22 60 83 34 70 49 42 69 94 82 94 100 67 91 76 94 100 100 32 41 86 82 40 20 37 92 62 64 4 34 68 22 50 80 25 71 80 14 0 7 7 74 88 71 20 92 51 30 16 4 34 93 76 38 15 50 83 64 43 76 23 0 0 75
85 92 74 100 100 100 99 100 100 55 5 20 86 90 25 38 9 0 0 0 0 0 0 4 40 70 76 58 58 92 72 78 96 100 97 64 45 47 23 71 100 100 100 100 59 66 90 90 100 100 72 84 100 100 58 25 16 35 35 66 56 52 90 54 40 74 1 65 31 0 0 20 73 100 39 20 10 92 64 50 30 63 96 47 6 44 56 48 22 46 74 41 23 0 0 9
