data/habitatmaps/RS_maps/habitat_Regulus.regulus_2010.asc
NCOLS 369 
NROWS 228 
XLLCORNER 479000 
YLLCORNER 73000 
CELLSIZE 1000 
NODATA_value -9 
[rows 0 to 62 of 228, columns 192 to 287 of 369]
95 96 72 84 93 87 97 36 26 24 11 23 10 3 6 40 20 39 9 89 37 36 7 9 0 9 2 20 0 0 2 56 42 32 -9 -9 -9 -9 -9 -9 -9 -9 -9 -9 -9 -9 -9 -9 -9 -9 -9 -9 -9 -9 -9 -9 -9 -9 -9 -9 -9 -9 -9 -9 -9 -9 -9 -9 -9 -9 -9 -9 -9 -9 -9 -9 -9 -9 -9 -9 -9 -9 -9 -9 -9 -9 -9 -9 -9 -9 -9 -9 -9 -9 -9 -9
95 96 72 14 23 38 69 17 5 15 7 3 0 3 29 38 0 0 48 91 54 27 4 0 0 0 0 13 0 0 6 66 6 41 1 1 3 -9 -9 -9 -9 -9 -9 -9 -9 -9 -9 -9 -9 -9 -9 -9 -9 -9 -9 -9 -9 -9 -9 -9 -9 -9 -9 -9 -9 -9 -9 -9 -9 -9 -9 -9 -9 -9 -9 -9 -9 -9 -9 -9 -9 -9 -9 -9 -9 -9 -9 -9 -9 -9 -9 -9 -9 -9 -9 -9
94 84 2 5 0 0 5 26 12 44 12 13 27 88 82 29 16 0 74 42 5 9 24 0 8 6 2 39 0 0 8 12 4 27 44 3 0 1 -9 -9 -9 -9 -9 -9 -9 -9 -9 -9 -9 -9 -9 -9 -9 -9 -9 -9 -9 -9 -9 -9 -9 -9 -9 -9 -9 -9 -9 -9 -9 -9 -9 -9 -9 -9 -9 -9 -9 -9 -9 -9 -9 -9 -9 -9 -9 -9 -9 -9 -9 -9 -9 -9 -9 -9 -9 -9
50 20 13 27 9 34 12 42 22 36 9 0 10 76 62 64 41 11 50 2 0 0 3 32 6 52 9 1 0 0 0 0 0 1 19 11 0 0 8 0 -9 -9 -9 -9 -9 -9 -9 -9 -9 -9 -9 -9 -9 -9 -9 -9 -9 -9 -9 -9 -9 -9 -9 -9 -9 -9 -9 -9 -9 -9 -9 -9 -9 -9 -9 -9 -9 -9 -9 -9 -9 -9 -9 -9 -9 -9 -9 -9 -9 -9 -9 -9 -9 -9 -9 -9
0 0 0 7 21 12 89 33 2 44 0 0 12 42 22 12 18 14 11 7 4 0 9 63 1 11 41 44 0 0 0 0 0 0 0 9 1 0 2 0 35 -9 -9 -9 -9 -9 -9 -9 -9 -9 -9 -9 -9 -9 -9 -9 -9 -9 -9 -9 -9 -9 -9 -9 -9 -9 -9 -9 -9 -9 -9 -9 -9 -9 -9 -9 -9 -9 -9 -9 -9 -9 -9 -9 -9 -9 -9 -9 -9 -9 -9 -9 -9 -9 -9 -9
3 1 0 23 3 3 25 18 40 16 0 11 82 79 38 1 7 7 13 22 18 43 31 33 27 6 16 6 0 0 0 0 12 0 0 21 0 32 22 15 0 17 -9 -9 -9 -9 -9 -9 -9 -9 -9 -9 -9 -9 -9 -9 -9 -9 -9 -9 -9 -9 -9 -9 -9 -9 -9 -9 -9 -9 -9 -9 -9 -9 -9 -9 -9 -9 -9 -9 -9 -9 -9 -9 -9 -9 -9 -9 -9 -9 -9 -9 -9 -9 -9 -9
46 19 0 28 47 37 32 19 17 5 17 0 52 66 55 48 18 0 0 4 62 28 11 1 8 4 30 38 2 0 0 0 10 0 0 16 0 11 59 14 0 19 8 -9 16 56 54 31 26 20 0 0 0 0 2 -9 -9 -9 -9 -9 -9 -9 -9 -9 -9 -9 -9 -9 -9 -9 -9 -9 -9 -9 -9 -9 -9 -9 -9 -9 -9 -9 -9 -9 -9 -9 -9 -9 -9 -9 -9 -9 -9 -9 -9 -9
29 21 8 54 45 49 0 18 31 46 47 4 22 29 74 95 67 39 1 0 27 24 0 0 0 3 51 51 31 0 0 14 0 0 0 0 19 15 39 4 1 16 21 11 23 39 23 14 50 49 18 0 0 0 0 6 0 0 0 -9 -9 -9 -9 -9 -9 -9 -9 -9 -9 -9 -9 -9 -9 -9 -9 -9 -9 -9 -9 -9 -9 -9 -9 -9 -9 -9 -9 -9 -9 -9 -9 -9 -9 -9 -9 -9
12 18 16 27 16 9 9 39 29 89 69 3 32 91 87 49 45 54 37 6 0 0 0 0 0 0 7 9 0 0 0 0 0 0 0 34 82 68 48 27 65 34 59 41 27 4 12 15 11 25 54 22 2 0 0 0 0 0 0 0 4 6 1 0 21 26 1 0 -9 -9 -9 -9 -9 -9 -9 -9 -9 -9 -9 -9 -9 -9 -9 -9 -9 -9 -9 -9 -9 -9 -9 -9 -9 -9 -9 -9
13 15 36 4 5 3 19 89 39 36 10 0 51 80 58 65 43 63 24 33 51 31 1 0 0 0 0 0 0 0 0 49 0 0 0 19 63 58 63 39 29 22 9 21 74 5 1 37 13 4 14 5 7 12 1 0 0 0 0 0 14 19 21 23 37 66 20 0 0 0 15 17 -9 -9 -9 -9 -9 -9 -9 -9 -9 -9 -9 -9 -9 -9 -9 -9 -9 -9 -9 -9 -9 -9 -9 -9
18 82 38 35 5 36 24 39 0 5 3 15 72 100 83 78 16 76 60 52 49 15 21 7 0 0 0 0 0 0 4 6 0 3 0 0 4 6 44 9 0 0 0 16 50 50 13 8 9 6 0 22 27 29 54 3 0 0 0 0 9 29 21 27 27 28 26 7 0 0 0 9 56 52 -9 -9 -9 -9 -9 -9 -9 -9 -9 -9 -9 -9 -9 -9 -9 -9 -9 -9 -9 -9 -9 -9
1 13 22 21 10 8 4 0 0 4 16 50 83 97 67 67 62 29 50 8 27 3 1 1 0 0 0 12 16 15 4 26 13 9 0 5 52 67 2 0 0 0 0 0 0 8 0 67 27 8 8 13 30 32 44 11 0 0 0 0 0 7 5 0 1 0 13 20 0 0 0 7 55 52 29 50 -9 -9 -9 -9 -9 -9 -9 -9 -9 -9 -9 -9 -9 -9 -9 -9 -9 -9 -9 -9
4 4 8 0 18 14 6 0 0 22 11 5 15 4 2 31 56 37 42 41 8 34 60 51 7 0 1 38 35 17 30 58 43 1 0 8 42 8 0 0 0 0 0 0 0 0 0 21 42 51 29 5 20 15 1 1 12 0 0 0 0 0 0 0 0 5 7 11 0 0 0 0 1 2 0 30 35 99 -9 -9 -9 -9 -9 -9 -9 -9 -9 -9 -9 -9 -9 -9 -9 -9 -9 -9
0 22 8 5 17 69 27 0 48 69 64 4 18 23 16 14 92 59 66 41 41 64 77 64 60 29 17 19 0 0 2 20 19 0 0 0 6 0 0 0 0 0 0 0 0 0 0 3 35 70 27 2 49 29 15 25 31 4 0 0 0 0 0 4 36 28 26 3 14 1 0 2 0 0 0 0 13 34 2 0 -9 -9 -9 -9 -9 -9 -9 -9 -9 -9 -9 -9 -9 -9 -9 -9
12 0 6 13 23 90 8 0 2 26 40 27 9 13 94 35 54 91 72 79 19 79 95 60 60 94 7 0 0 0 18 15 0 9 0 0 0 0 0 0 35 22 0 0 0 0 0 0 0 0 0 12 59 48 57 51 71 44 2 0 0 0 0 2 88 28 12 19 20 55 43 18 50 27 0 0 0 2 0 0 0 7 -9 -9 -9 -9 -9 -9 -9 -9 -9 -9 -9 -9 -9 -9
32 4 21 89 72 20 0 0 0 0 3 22 6 4 30 23 13 52 67 7 19 79 27 35 28 65 49 0 0 0 8 25 0 27 34 27 45 62 37 31 6 3 2 30 16 0 0 0 0 0 0 0 4 15 46 39 57 31 4 1 0 0 0 0 20 17 5 2 67 36 25 0 13 9 7 6 0 42 20 18 42 25 5 31 -9 -9 -9 -9 -9 -9 -9 -9 -9 -9 -9 -9
24 12 30 46 27 0 0 0 0 0 0 0 0 0 6 18 29 3 6 16 59 98 13 3 0 28 77 34 31 49 37 0 1 84 83 42 46 59 46 77 67 55 34 55 4 0 0 0 0 0 0 0 0 2 47 29 9 9 73 52 0 0 0 0 0 3 0 0 3 47 46 5 8 12 46 18 0 20 32 32 17 3 0 0 8 8 -9 -9 -9 -9 -9 -9 -9 -9 -9 -9
49 31 99 13 0 0 0 0 0 0 0 0 0 0 0 32 85 8 0 0 1 36 6 3 0 0 5 13 20 9 39 28 10 67 83 51 37 31 15 78 37 78 88 53 11 0 0 0 0 0 0 0 0 0 0 0 0 15 89 90 1 0 0 0 0 0 0 0 0 48 52 45 18 72 50 6 0 3 31 6 3 0 0 3 9 32 2 -9 -9 -9 -9 -9 -9 -9 -9 -9
12 35 100 8 0 0 0 0 0 0 17 21 1 16 65 71 68 0 20 14 0 0 53 68 41 0 0 0 0 6 64 49 0 47 97 84 81 37 17 17 23 66 39 39 0 0 0 0 0 0 0 0 0 0 0 0 0 0 51 54 2 0 0 0 0 0 0 0 0 0 0 3 7 17 33 8 0 3 6 0 0 0 0 2 9 6 0 0 0 -9 -9 -9 -9 -9 -9 -9
38 63 71 0 0 0 41 67 44 62 51 67 77 99 97 51 12 0 51 96 72 47 31 51 34 28 0 0 0 21 56 6 0 6 58 99 58 30 81 3 18 52 35 8 0 0 2 3 13 7 0 0 0 0 0 0 0 0 0 0 1 1 0 0 0 0 0 0 0 0 0 0 0 0 0 0 0 0 5 0 0 0 0 0 40 53 0 0 0 0 -9 -9 -9 -9 -9 -9
72 45 5 0 0 0 13 57 31 70 100 92 74 99 42 1 3 0 17 59 80 90 25 16 77 25 0 0 54 93 64 10 0 0 2 21 0 0 6 2 20 3 0 0 0 24 55 48 73 53 9 14 6 0 0 0 0 0 0 0 4 17 0 0 0 0 0 0 0 0 0 0 0 0 0 0 0 0 9 0 0 0 0 1 96 48 0 31 5 0 0 -9 -9 -9 -9 -9
17 7 0 0 0 1 6 26 90 100 67 88 29 44 12 0 0 0 0 51 91 97 6 0 33 32 6 0 1 8 45 37 0 0 0 0 0 0 0 0 0 2 31 28 21 81 58 33 63 84 21 62 34 3 0 0 0 0 0 0 0 0 0 0 0 0 0 0 0 0 0 0 0 0 0 0 0 0 0 0 0 0 0 7 100 30 0 48 40 78 65 70 -9 -9 -9 -9
52 23 0 3 6 40 76 46 28 57 73 88 30 0 0 0 0 1 8 0 21 40 23 0 57 40 51 62 0 0 80 69 40 44 10 8 0 0 0 1 33 58 65 42 14 40 48 58 58 65 74 76 54 89 63 11 3 0 0 0 0 0 0 0 0 0 0 0 0 0 0 0 0 0 0 0 0 0 0 0 0 0 0 0 55 51 2 54 60 89 100 89 72 22 -9 -9
6 0 0 64 9 32 26 32 10 19 43 48 23 7 20 9 0 4 11 6 5 55 36 42 62 83 98 59 0 0 74 100 100 96 44 34 49 66 38 67 96 28 0 4 31 5 20 12 12 7 14 21 57 80 100 49 52 29 16 8 0 0 0 0 0 0 0 0 0 0 0 0 0 0 0 0 0 0 0 0 0 0 0 0 1 16 23 90 99 39 49 10 13 26 41 -9
15 7 44 15 8 13 37 6 0 61 57 24 40 1 0 9 4 46 10 4 4 1 0 0 28 39 51 30 0 0 34 69 85 43 90 61 20 37 12 22 37 36 40 15 19 23 0 46 16 10 17 0 0 42 99 94 82 86 22 59 17 37 1 10 0 0 0 0 0 0 0 0 0 0 0 0 0 0 0 0 0 0 0 0 0 0 49 100 84 17 3 31 25 3 2 1
39 10 0 0 0 0 0 0 0 7 72 44 70 60 20 1 25 72 99 12 0 2 5 9 36 10 1 37 28 12 0 0 0 0 3 23 66 89 88 94 1 0 11 49 2 5 15 49 23 32 7 0 0 37 49 17 7 66 53 62 4 27 65 2 0 0 0 0 0 0 0 0 0 0 0 0 0 0 0 0 0 0 0 0 0 0 47 46 8 0 9 75 21 33 26 16
0 0 0 0 19 2 0 8 3 62 39 6 10 52 24 22 57 93 91 28 2 29 44 68 81 19 0 60 81 25 14 12 2 0 0 0 6 27 29 29 22 35 15 53 52 23 28 33 8 12 9 0 12 3 50 4 0 0 0 0 37 1 22 22 0 0 0 0 0 0 0 0 0 0 0 0 0 0 0 0 0 0 0 0 0 0 0 0 0 5 0 0 8 4 6 3
0 0 0 0 21 22 35 72 33 5 0 0 0 18 23 21 25 98 100 66 9 63 27 31 71 8 16 38 24 12 44 68 25 28 0 25 14 7 4 1 19 59 5 18 6 12 4 0 20 37 6 18 40 29 39 13 19 0 24 0 32 51 0 72 40 0 58 9 0 0 0 0 0 0 0 0 0 0 0 0 0 0 0 0 0 0 0 0 3 6 2 0 0 7 19 2
0 0 0 0 9 41 32 69 11 0 13 1 19 69 6 22 51 94 95 22 50 21 3 27 20 52 59 47 13 8 25 21 1 18 16 4 16 22 0 69 59 16 2 8 11 11 4 0 0 0 0 0 0 9 28 18 17 5 21 0 2 34 29 40 24 0 74 66 71 54 0 0 0 0 0 0 0 0 0 0 0 0 0 0 0 0 0 0 5 1 7 0 0 0 18 33
0 0 0 29 9 7 11 2 32 37 63 39 67 51 0 6 32 74 69 58 72 40 0 14 72 46 3 7 15 15 1 20 0 0 2 28 31 13 9 36 9 14 8 4 3 1 10 12 2 0 13 10 0 29 43 48 68 80 30 6 64 14 9 0 0 0 20 28 77 100 33 1 0 0 0 0 0 0 0 0 0 0 0 0 0 0 0 0 0 0 0 0 0 0 0 0
0 1 53 72 13 0 4 26 43 40 2 5 24 7 0 0 0 4 16 48 35 10 0 1 41 15 26 0 29 71 0 0 0 2 2 29 24 11 10 0 0 0 0 24 41 65 37 56 56 34 35 34 1 0 20 12 13 14 2 0 10 6 0 12 14 0 9 0 1 19 0 29 30 12 0 0 0 0 0 0 0 0 0 0 0 0 0 0 0 0 0 0 0 0 0 0
0 23 37 77 0 23 32 52 51 73 39 0 13 2 32 11 3 52 0 0 23 42 0 44 54 5 56 60 3 20 0 0 10 8 12 0 0 20 18 0 0 38 44 98 100 99 47 37 3 11 14 7 40 1 0 0 0 25 0 0 0 7 0 11 19 0 0 0 0 0 0 19 17 1 0 0 0 0 0 0 0 0 0 0 0 0 0 0 0 0 0 0 0 0 0 0
35 61 4 3 12 72 53 5 23 12 7 28 51 3 85 83 30 0 20 17 65 84 15 45 84 14 0 41 20 14 23 54 37 8 25 0 10 15 0 0 27 30 18 54 60 55 62 43 10 0 28 33 5 29 17 0 10 0 0 0 0 26 6 0 0 0 0 0 0 0 18 10 2 0 0 0 0 0 0 0 0 0 0 0 0 0 0 0 0 0 0 0 0 0 0 0
62 62 12 18 35 48 46 2 91 33 16 11 46 14 39 49 56 4 9 10 59 2 14 51 17 20 21 10 4 0 40 10 32 0 0 0 0 48 27 25 3 27 37 2 0 0 14 1 24 0 0 11 21 0 0 2 61 43 2 0 0 0 0 0 1 57 24 0 0 0 26 8 1 0 0 0 0 0 0 0 0 0 0 0 0 0 0 0 0 0 0 0 0 0 0 0
44 91 74 66 100 78 10 2 13 27 80 73 27 62 12 42 87 73 16 51 71 41 11 4 0 5 16 55 94 48 9 0 0 15 15 13 29 7 89 69 65 53 36 22 43 57 26 27 0 14 23 0 0 23 2 0 8 22 46 29 7 0 0 0 15 67 0 16 9 0 25 8 0 0 0 0 0 0 0 0 0 0 0 0 0 0 0 0 0 0 0 0 0 0 0 0
38 68 65 92 59 83 14 7 51 83 61 86 19 54 13 5 12 46 87 41 44 35 19 0 0 0 0 35 35 1 0 5 18 38 7 39 20 3 31 1 69 32 0 40 69 46 8 0 0 16 19 2 16 0 76 37 6 0 5 50 37 0 4 5 16 14 0 52 70 0 0 0 0 0 0 0 0 0 0 0 0 0 0 0 0 0 0 0 0 0 0 0 0 0 0 0
53 95 74 24 1 39 2 0 56 20 46 39 0 17 43 28 55 10 20 11 17 1 68 5 19 45 30 4 9 5 0 36 15 17 10 55 2 18 3 57 36 0 0 0 2 0 0 0 0 0 16 29 15 5 28 25 32 13 17 24 43 3 10 1 43 17 0 17 1 0 0 0 0 0 0 0 0 0 0 0 0 0 0 0 0 0 0 0 0 0 0 0 0 0 0 0
98 64 98 52 58 17 19 0 58 0 0 0 0 3 59 23 11 36 27 0 2 20 22 6 90 12 52 64 5 1 5 5 73 42 57 57 66 66 42 34 15 40 5 0 5 27 42 45 1 15 51 68 47 33 34 4 28 0 61 26 18 18 13 3 4 0 0 0 0 0 0 0 0 3 14 0 0 0 0 0 0 0 0 0 0 0 0 0 0 0 0 0 0 0 0 0
71 87 93 77 50 11 0 0 8 0 8 11 0 9 47 35 0 56 78 45 40 86 1 0 9 3 39 62 0 0 27 34 32 42 47 13 24 10 9 43 23 8 2 0 0 35 50 14 17 43 33 26 22 46 32 5 26 24 39 27 3 7 7 1 0 8 18 41 27 20 38 7 0 0 6 27 20 20 0 0 0 0 0 0 0 0 0 0 0 0 0 0 0 0 0 0
3 8 15 49 0 0 0 0 0 0 27 26 0 21 41 27 0 46 50 52 75 36 11 15 0 0 0 0 2 39 30 0 0 37 76 68 0 19 12 6 44 2 0 18 0 22 18 0 2 36 7 11 49 10 6 32 0 7 3 0 0 2 5 1 45 37 25 6 20 1 34 9 0 0 0 5 3 3 10 7 0 0 0 0 0 0 0 0 0 0 0 0 0 0 0 0
0 0 0 0 17 0 0 18 27 0 0 28 0 52 60 9 11 4 41 54 14 61 63 29 2 11 14 2 1 73 98 30 33 44 67 76 18 15 47 0 2 37 0 8 11 17 0 23 4 31 21 0 26 19 33 25 33 30 23 0 5 20 13 1 59 3 24 0 0 0 2 40 51 16 0 0 9 34 30 5 21 0 0 0 0 0 0 0 0 0 0 0 0 0 0 0
29 25 58 43 12 0 0 0 0 5 0 0 0 0 52 28 89 56 66 33 19 47 95 37 26 97 100 58 0 8 87 50 17 8 30 19 37 48 2 9 0 61 16 31 0 3 0 11 1 32 9 11 30 20 13 21 8 0 0 3 0 37 10 15 29 0 3 0 13 48 23 13 12 40 2 0 8 45 0 1 19 1 3 1 6 0 14 57 5 0 0 0 4 0 0 0
56 47 87 66 43 50 21 0 8 15 8 33 0 39 56 19 31 35 64 46 2 6 6 72 58 100 100 97 65 11 32 52 64 39 33 57 61 73 82 96 63 18 40 13 17 12 0 10 3 0 0 32 54 5 0 0 0 23 26 87 20 9 0 39 12 0 3 16 44 65 99 84 45 7 16 2 22 21 0 37 38 17 36 28 49 65 42 50 0 0 2 22 16 0 0 0
16 22 56 83 10 48 60 49 1 28 3 41 1 0 0 24 49 17 17 5 29 15 65 69 55 90 100 88 42 7 53 69 51 56 56 80 82 45 30 43 46 36 0 0 0 0 7 40 14 0 4 26 38 38 26 16 26 25 29 19 1 21 20 16 42 16 18 31 18 0 37 37 59 37 38 76 56 13 36 73 15 61 81 54 42 18 42 19 26 10 20 33 56 35 52 8
1 14 25 32 0 2 4 41 87 59 0 0 0 0 0 0 0 13 15 41 23 48 36 3 53 87 91 57 68 32 43 56 21 85 32 87 57 91 24 95 34 18 76 25 0 7 76 4 52 0 1 20 0 8 10 0 5 14 2 15 40 29 44 13 4 2 0 5 39 3 49 52 14 42 73 15 36 0 44 37 42 16 14 31 17 4 8 26 31 63 60 32 36 29 1 0
0 0 0 0 0 0 0 0 36 83 41 0 21 0 9 35 49 3 6 51 6 34 21 32 63 14 39 53 57 80 38 24 26 49 24 56 58 66 15 61 71 46 48 33 0 14 31 38 50 50 15 22 0 16 30 48 0 4 40 68 5 5 15 1 0 6 0 14 39 54 58 15 23 47 42 0 1 13 17 54 39 20 36 41 65 43 14 36 59 41 53 44 21 10 0 0
42 53 31 1 46 3 2 41 0 0 3 0 43 0 25 95 100 47 0 38 63 22 37 46 45 12 22 80 38 21 57 58 61 48 21 68 54 59 68 75 27 61 53 39 13 26 46 88 86 34 56 41 1 0 7 30 0 0 36 16 7 0 39 3 0 20 5 43 35 36 2 21 54 40 3 2 20 14 42 16 51 44 9 39 33 52 35 14 26 23 11 62 23 1 0 0
38 63 76 67 56 51 57 25 2 1 18 21 0 0 0 42 49 10 0 29 54 2 32 8 66 26 43 53 16 0 16 83 16 21 36 66 93 59 87 63 41 25 34 26 70 50 52 15 16 40 11 2 56 0 26 14 1 0 0 32 54 29 3 6 0 0 0 26 28 36 1 41 13 1 22 11 9 43 45 1 28 50 41 10 10 19 40 35 44 54 33 47 52 13 0 0
3 31 62 39 8 44 54 60 69 9 42 0 0 0 0 0 0 0 0 24 91 88 18 21 27 20 47 46 38 25 56 43 0 83 40 39 62 50 83 79 57 55 52 74 54 6 46 36 6 14 0 0 19 32 60 56 39 35 11 2 0 24 42 11 0 7 19 31 1 1 25 13 21 49 62 55 59 53 84 17 13 37 19 9 34 44 46 64 67 54 41 34 26 7 0 0
0 29 1 0 0 0 18 5 25 29 45 0 0 0 0 0 6 12 4 0 5 90 27 17 23 15 24 8 25 97 22 24 43 37 36 38 78 62 78 74 66 46 58 91 83 43 21 45 19 7 24 14 20 33 39 23 22 55 50 35 29 14 40 13 62 27 2 63 30 26 38 53 52 17 20 36 50 27 18 10 34 39 17 38 83 33 75 78 68 19 0 0 0 0 0 0
0 0 35 26 0 0 0 0 0 9 38 3 8 77 25 0 0 0 0 0 20 63 37 68 52 4 28 29 28 45 48 77 51 28 46 29 61 80 74 67 60 54 49 48 76 53 9 5 14 20 47 22 24 30 44 34 66 45 70 64 12 3 30 55 33 39 1 0 0 22 36 40 31 29 29 27 0 27 38 39 47 36 61 77 51 34 17 23 0 0 0 0 0 0 0 0
4 0 4 0 76 61 5 0 0 0 0 0 7 74 80 43 10 0 0 0 0 0 2 0 50 33 1 0 26 0 44 26 71 18 45 39 60 62 52 57 53 67 75 88 96 26 17 44 19 19 42 13 4 43 69 39 16 39 28 78 6 7 18 37 61 35 4 2 2 22 22 25 20 55 15 41 0 21 37 38 48 69 59 69 87 32 31 0 0 0 0 0 0 0 0 0
36 86 8 13 89 100 72 1 0 0 0 0 0 7 45 41 65 28 0 0 0 0 0 0 20 24 55 0 0 0 7 2 76 75 48 10 61 86 62 79 96 95 58 65 41 28 17 27 6 13 28 4 10 23 24 41 47 20 58 70 43 7 24 39 44 19 33 34 50 34 50 3 0 30 14 51 32 21 15 45 60 58 33 57 65 20 19 0 0 0 0 0 0 0 0 0
29 94 28 10 8 29 77 25 0 0 0 0 0 3 30 77 91 95 39 0 0 0 0 7 74 31 28 57 23 0 26 50 22 25 5 45 29 22 37 66 97 80 64 57 43 5 31 39 4 14 26 2 12 24 51 38 41 48 37 55 32 13 66 56 43 3 21 36 35 58 8 42 25 25 27 23 26 26 42 18 2 0 21 22 47 39 1 0 0 0 0 0 0 0 0 0
26 80 32 4 33 11 59 97 17 0 0 0 0 0 30 30 40 45 20 33 2 0 0 0 8 46 58 39 47 0 15 43 5 10 65 75 45 56 83 55 41 61 65 97 88 89 53 34 45 18 1 0 11 40 17 21 12 59 42 30 44 65 72 42 25 19 39 0 26 10 0 11 5 5 28 26 12 34 16 4 2 30 66 97 100 98 10 0 0 0 0 0 0 0 0 1
5 4 47 51 25 44 18 46 67 17 0 0 0 0 0 0 25 44 6 15 39 0 7 45 0 0 0 0 0 0 0 26 32 46 68 53 40 73 77 77 70 53 58 70 100 81 51 76 68 42 31 1 6 44 16 18 37 38 44 60 89 68 42 44 29 23 19 15 33 13 22 60 64 43 50 35 18 16 0 2 45 81 82 91 74 32 6 0 0 0 0 0 14 0 0 10
4 44 60 6 2 20 29 33 2 62 39 0 0 0 0 5 41 3 13 23 7 43 0 0 5 0 0 1 1 1 0 0 0 7 20 11 16 51 48 85 65 49 48 68 70 100 60 59 92 55 14 21 6 13 8 34 62 28 17 57 97 69 20 25 13 4 24 35 12 26 30 47 39 7 0 3 7 0 0 3 18 13 7 60 85 99 40 12 0 0 0 0 0 23 0 6
0 28 26 53 3 38 32 0 31 13 22 0 0 0 0 16 99 68 1 33 63 8 6 0 0 0 0 1 70 47 4 0 0 13 50 52 3 13 26 50 46 44 72 98 82 91 73 85 61 40 42 16 41 20 37 30 33 27 36 65 78 32 29 17 2 25 47 60 34 15 16 12 3 5 15 21 40 39 2 0 0 5 46 46 59 100 99 79 52 29 0 0 0 0 0 28
0 19 40 56 3 31 13 11 56 47 4 0 0 0 0 7 36 26 34 0 25 22 47 13 0 0 1 31 24 8 1 0 0 3 20 38 26 17 53 28 29 30 57 98 100 76 95 64 36 60 57 39 53 18 31 55 38 41 24 25 24 3 0 2 34 51 36 19 0 13 40 53 10 47 58 30 19 21 53 8 6 23 29 13 63 83 59 51 33 0 0 5 4 0 0 2
4 25 92 36 8 27 0 23 51 46 29 0 0 0 0 0 19 86 31 26 17 36 24 34 5 4 25 1 0 19 30 1 0 0 24 53 18 36 59 18 9 39 92 82 100 100 68 81 50 70 40 16 54 18 76 84 47 51 64 10 31 33 36 3 30 16 58 16 14 68 58 46 56 52 32 61 46 57 55 45 8 4 12 25 71 41 77 37 18 11 0 22 3 0 0 0
20 33 29 3 41 9 53 28 34 55 63 3 6 0 0 0 0 18 47 41 74 70 38 5 25 9 0 20 13 34 20 1 1 0 9 14 54 2 42 30 9 5 68 90 92 98 72 87 59 55 42 42 61 28 33 23 20 12 43 54 19 34 5 35 58 68 50 27 23 39 33 70 58 47 44 55 66 69 49 5 4 19 20 32 44 15 62 20 7 0 0 0 0 0 0 0
24 0 28 43 36 1 31 54 29 12 55 28 57 3 0 0 0 6 3 0 46 80 69 2 24 35 0 0 0 4 12 3 49 39 43 12 28 17 70 31 6 15 39 31 69 50 40 59 70 85 82 65 39 28 21 25 36 32 45 27 16 41 42 46 91 75 78 52 34 38 40 47 41 57 66 82 86 73 39 3 0 36 12 21 9 35 23 14 0 35 2 0 0 0 0 0
6 4 68 87 14 0 36 65 33 77 84 36 20 3 0 0 0 0 0 2 23 84 75 21 16 2 7 32 32 0 0 10 28 53 8 1 5 36 26 19 24 38 30 55 49 2 15 16 75 78 71 26 36 41 4 54 25 53 53 37 24 44 21 52 57 46 22 70 57 74 77 49 57 99 75 32 43 20 24 40 49 35 85 13 30 68 8 3 24 26 52 19 0 0 0 0
