data/habitatmaps/RS_maps/habitat_Linaria.cannabina_2011.asc
NCOLS 369 
NROWS 228 
XLLCORNER 479000 
YLLCORNER 73000 
CELLSIZE 1000 
NODATA_value -9 
[rows 122 to 182 of 228, columns 192 to 287 of 369]
21 41 86 94 24 0 8 95 99 99 100 93 92 58 85 100 100 100 100 45 41 18 11 58 98 88 26 24 100 82 0 0 72 96 39 64 83 1 30 95 58 96 94 55 34 21 11 12 20 85 33 2 32 44 59 74 71 83 80 100 100 100 87 47 0 8 51 24 0 37 45 82 100 71 69 0 1 74 93 81 70 9 0 35 23 5 61 100 100 55 1 5 80 56 0 0
99 97 99 77 18 0 16 100 100 100 100 62 82 98 99 92 99 100 94 69 42 2 63 89 61 99 74 72 36 1 0 0 17 38 18 22 1 86 87 89 28 36 4 28 67 64 79 22 34 28 0 20 13 80 35 58 37 99 100 100 100 100 84 79 36 17 39 20 43 86 40 65 100 25 25 7 51 100 87 94 68 3 0 36 1 4 36 99 93 69 28 5 50 91 77 0
58 17 94 94 79 55 59 98 41 69 99 100 92 100 100 100 88 100 52 14 22 42 100 44 15 96 100 99 39 9 0 0 0 2 6 28 56 100 97 34 0 13 73 98 92 50 30 59 68 15 13 9 36 33 3 26 61 100 100 92 94 98 81 85 12 72 22 61 91 93 22 98 76 18 19 50 100 100 63 93 79 15 0 44 5 9 29 96 94 86 31 21 36 100 78 30
71 66 52 95 100 99 96 32 2 0 28 37 81 78 87 92 45 90 5 30 27 87 97 46 9 81 100 100 65 54 42 0 30 61 84 97 99 38 6 0 31 27 45 55 47 3 19 66 27 22 53 98 100 8 69 86 71 100 100 90 89 79 91 55 57 43 43 18 100 95 88 100 70 53 4 54 100 80 34 56 79 29 0 38 20 2 23 66 85 82 48 30 60 30 39 79
66 54 96 97 95 50 36 0 1 0 0 0 57 94 98 50 4 16 0 1 57 100 97 42 9 65 81 92 84 96 72 1 52 100 100 99 71 11 61 33 9 10 80 8 30 0 50 99 78 52 98 100 100 32 93 100 100 100 100 100 100 84 46 38 43 32 0 45 100 100 100 99 67 23 52 97 100 83 54 58 59 36 0 53 50 0 34 41 31 34 33 32 21 1 33 81
2 0 45 58 66 37 3 0 24 1 0 0 22 45 22 71 39 0 0 74 94 100 98 78 8 3 4 63 85 99 97 66 98 100 73 8 22 50 33 0 12 39 89 71 47 5 51 99 75 99 100 100 100 88 100 100 100 100 100 100 100 79 47 70 14 0 0 20 100 100 100 91 67 3 69 100 100 100 100 100 76 32 0 7 30 26 3 18 61 69 22 42 5 29 65 89
70 0 0 0 8 2 0 0 60 81 21 0 0 21 72 85 33 0 18 86 50 77 100 53 0 0 0 90 92 100 100 75 100 68 47 47 50 10 0 84 81 60 84 92 47 1 5 68 23 58 51 78 100 100 100 100 100 96 88 52 52 54 32 19 14 21 0 37 86 100 100 76 70 13 94 62 74 94 92 41 4 0 5 35 0 0 0 4 71 46 14 45 18 38 88 22
76 10 0 0 0 0 0 0 42 99 92 20 0 11 69 91 45 0 46 54 0 60 93 41 0 48 51 59 100 94 99 63 74 74 24 96 43 11 28 32 100 96 100 97 51 46 15 95 84 32 92 100 98 100 100 100 97 64 69 29 14 31 8 4 54 91 13 43 100 100 84 63 42 43 100 64 53 53 9 19 11 0 35 2 48 53 52 28 4 43 61 54 63 0 29 1
50 0 0 0 0 0 0 0 4 70 99 79 40 62 84 96 45 0 79 61 7 15 56 80 21 68 94 88 81 74 64 35 80 30 53 45 32 79 28 35 78 22 73 100 100 56 22 44 100 67 54 69 86 100 78 71 25 69 57 25 0 0 4 19 96 100 79 97 100 100 93 11 82 67 39 99 58 25 50 38 52 4 3 6 32 49 24 0 0 27 17 26 66 61 44 6
16 0 0 0 9 27 0 7 0 35 94 99 99 99 23 24 12 8 75 89 49 52 60 95 100 100 100 99 89 80 18 39 44 2 23 49 75 61 68 58 93 61 72 57 58 94 54 30 98 90 95 100 100 93 57 11 40 76 22 20 63 0 2 39 42 91 100 73 100 87 69 55 100 99 86 73 53 100 100 100 98 35 0 29 82 86 15 26 14 57 24 12 41 58 44 6
0 0 0 0 30 88 64 62 42 45 96 100 94 100 100 44 51 83 100 96 76 96 83 96 100 99 63 65 55 78 62 5 53 27 73 30 59 60 100 86 88 4 0 32 68 98 73 44 99 33 27 90 100 100 92 92 42 12 56 80 89 2 0 5 65 88 45 94 100 57 48 89 90 99 98 14 36 100 100 87 41 99 19 10 42 100 87 95 40 3 10 14 18 0 0 0
0 0 0 0 5 69 97 87 73 91 83 81 62 99 84 91 100 100 100 100 100 100 98 100 100 87 91 92 98 100 100 91 100 99 100 95 59 39 99 100 99 62 70 85 86 85 90 81 98 66 66 100 100 100 100 50 26 34 86 82 85 49 0 33 100 97 39 98 100 66 94 57 48 78 50 47 76 100 100 86 76 97 92 27 3 78 100 98 85 18 13 36 5 0 13 21
0 0 0 0 0 2 50 94 60 54 71 61 37 22 36 98 93 60 97 100 100 97 96 100 100 100 100 98 99 100 100 100 100 100 100 100 41 19 57 76 63 24 7 74 22 3 5 31 99 97 61 92 100 100 65 2 68 98 69 44 89 60 0 72 100 100 89 100 100 100 100 12 2 25 41 100 100 100 61 63 87 100 57 0 4 76 100 100 99 86 13 14 61 36 67 87
0 0 0 0 0 0 59 60 66 33 8 0 2 53 100 100 83 42 100 100 100 96 98 99 94 66 82 60 76 90 68 99 93 86 100 94 55 92 55 16 0 0 0 3 2 0 0 4 96 100 98 100 100 100 51 34 96 37 8 38 88 93 53 54 100 82 90 100 100 100 95 10 37 100 100 100 100 100 82 55 63 72 21 19 96 100 53 93 46 44 21 5 89 50 42 70
0 0 0 0 0 0 22 5 0 0 2 81 91 100 100 91 94 94 90 95 100 100 46 88 93 94 52 97 100 95 61 63 26 84 100 100 43 71 12 0 0 0 8 13 6 6 9 48 100 89 62 100 100 100 94 93 75 1 43 99 100 73 56 44 100 31 53 100 100 100 83 28 42 89 100 100 90 71 15 3 4 95 26 21 100 100 50 67 77 98 38 16 40 61 32 27
0 0 0 0 0 0 0 5 76 60 93 98 100 100 100 84 99 100 80 92 100 99 93 99 100 98 87 65 67 99 95 22 20 91 100 100 94 99 30 0 0 1 82 92 80 59 64 95 90 34 12 87 100 100 100 100 2 41 96 100 100 87 58 52 100 99 80 100 100 100 100 89 31 51 56 43 90 55 81 27 4 56 0 49 100 59 1 80 100 61 21 45 98 37 17 3
0 0 0 0 0 0 23 76 100 100 100 100 100 100 100 100 85 48 0 5 64 100 100 49 100 72 100 65 70 100 45 24 54 100 100 100 100 100 100 57 24 3 90 97 32 3 24 98 97 16 0 24 99 100 100 95 65 100 100 91 56 10 43 100 100 100 100 100 100 100 98 19 0 0 19 92 82 85 93 1 8 20 10 77 93 100 32 100 100 39 13 70 37 28 13 26
0 0 0 0 0 8 39 80 100 100 100 100 99 76 100 100 55 8 1 55 83 100 95 47 78 69 98 39 71 57 22 58 100 100 100 84 100 100 100 100 87 24 88 100 79 58 93 100 100 75 7 1 71 98 49 21 65 100 100 32 16 60 54 94 100 94 63 95 100 70 18 0 0 54 52 100 100 100 93 10 11 10 10 44 66 86 47 96 100 100 94 54 26 64 72 30
8 15 3 0 46 74 100 100 100 100 100 93 28 50 96 65 98 60 7 57 100 100 100 90 22 14 58 16 76 31 88 100 100 100 82 27 71 65 29 96 58 85 100 100 73 69 100 96 70 97 54 5 20 70 3 29 87 100 56 60 99 100 100 100 99 97 90 53 78 66 62 59 6 11 66 78 41 73 88 58 11 1 30 97 100 81 71 100 93 99 100 78 32 1 2 47
44 13 24 4 91 100 100 100 100 100 100 36 64 88 96 18 25 34 0 3 74 96 52 29 33 23 33 1 28 44 100 100 59 84 25 0 64 6 14 100 100 100 85 39 78 100 64 34 92 90 9 81 66 60 69 88 67 61 86 99 73 100 100 100 100 46 0 64 64 74 100 100 51 29 43 29 58 5 8 63 10 0 1 77 91 85 38 46 88 100 100 51 11 70 11 4
65 61 73 82 100 85 99 100 100 100 98 46 92 100 100 84 30 30 7 0 66 62 53 100 74 99 41 63 40 37 79 91 14 99 28 0 32 6 94 100 89 88 30 10 25 51 12 23 100 36 0 76 100 100 94 59 74 100 99 66 28 88 100 94 59 16 62 64 100 92 100 100 83 55 24 8 0 17 0 12 13 17 46 84 73 10 11 60 100 100 100 14 74 100 55 11
100 100 100 93 92 54 81 100 100 100 48 36 66 31 68 23 48 50 85 41 77 100 100 100 60 100 92 85 97 100 99 93 75 100 48 0 39 80 100 65 5 46 28 24 12 57 72 71 100 25 18 96 74 63 100 70 100 49 51 52 98 100 100 58 40 92 100 100 83 76 82 58 60 62 9 14 65 88 53 99 79 5 2 81 100 83 99 98 100 100 96 81 52 100 32 38
100 86 59 52 34 99 100 100 78 100 70 21 9 2 16 53 84 99 73 96 91 76 95 100 100 99 87 38 36 52 99 94 100 98 95 79 92 100 100 86 47 48 23 10 67 86 100 24 60 34 36 100 42 39 78 78 97 26 3 95 74 87 100 93 100 100 100 79 37 24 52 18 34 8 71 83 76 97 89 48 91 25 41 92 74 80 100 100 100 98 100 98 12 52 92 21
100 95 49 0 4 59 77 75 37 55 31 0 3 6 27 100 100 100 88 67 55 17 90 98 74 60 88 100 100 100 62 22 100 80 64 88 100 100 100 52 49 76 83 44 44 44 98 72 24 0 26 100 41 0 70 100 73 8 0 10 0 89 100 100 84 81 100 92 67 87 91 92 94 53 80 36 10 100 79 47 98 20 81 12 0 24 47 96 88 78 97 63 0 43 95 9
67 98 100 62 51 19 0 6 0 5 38 42 27 58 76 70 98 81 68 15 42 38 99 41 5 50 92 100 100 100 100 100 100 86 20 65 89 100 64 15 30 8 10 6 4 85 100 100 71 5 52 100 14 3 83 98 73 3 5 29 56 100 100 100 38 60 70 65 95 46 100 100 100 100 64 0 29 38 21 52 87 4 39 90 60 53 31 100 66 100 70 0 53 99 59 42
66 72 100 88 89 35 0 0 0 1 79 100 100 99 82 72 17 35 48 20 41 36 47 43 34 29 85 82 98 71 46 44 85 82 88 68 52 36 38 46 20 29 12 0 33 5 34 56 100 80 10 46 51 0 5 73 74 6 19 86 92 85 98 100 100 84 96 100 100 100 100 100 100 100 100 68 0 0 0 0 84 30 26 54 97 100 81 55 59 78 13 35 97 97 16 7
63 65 97 100 67 0 26 0 0 26 98 98 65 33 14 3 6 16 15 42 80 32 14 0 21 29 72 24 53 97 98 34 35 66 45 47 72 70 89 88 97 34 0 0 16 19 24 64 100 87 2 11 2 0 0 1 2 0 30 94 68 82 100 100 100 88 48 76 100 89 30 22 37 78 100 23 0 0 0 17 95 100 98 64 4 38 51 100 86 66 4 46 100 100 85 79
100 100 96 67 98 72 7 0 11 69 95 49 27 32 74 49 95 96 96 97 51 10 4 0 0 0 4 4 31 36 89 85 95 91 100 100 80 83 49 94 100 99 47 3 10 1 7 77 95 93 13 0 0 42 68 92 84 75 95 95 91 100 100 100 69 9 71 83 95 71 0 0 2 18 100 26 52 13 59 97 100 99 79 98 31 43 100 61 37 10 69 86 83 89 100 59
42 10 15 0 34 7 0 0 87 60 25 21 62 99 100 75 56 93 82 54 88 52 65 59 38 7 10 0 0 1 4 40 50 32 26 77 88 100 93 95 81 72 100 72 7 0 0 13 45 99 36 0 0 2 1 34 78 96 88 47 5 51 100 100 54 92 95 55 100 66 0 38 85 97 99 62 94 35 64 100 100 56 74 100 55 37 95 82 46 4 0 0 0 61 87 70
92 17 0 0 0 1 4 19 45 76 39 82 98 97 100 67 84 100 98 96 100 100 97 92 93 68 82 39 0 0 10 23 14 32 27 55 13 89 100 100 51 31 43 21 0 0 1 51 56 31 79 39 2 0 0 0 0 8 1 3 73 100 100 100 100 82 25 57 100 54 0 30 49 62 75 47 71 87 48 100 67 0 48 81 77 31 47 94 100 52 28 21 0 48 43 84
98 54 21 18 47 91 98 90 87 100 91 58 28 89 91 76 74 99 70 26 45 88 64 38 31 27 86 66 16 35 40 28 0 12 13 18 61 39 81 99 88 41 5 0 0 0 26 47 4 47 100 91 89 13 0 0 0 8 1 20 89 96 100 98 100 31 0 53 100 38 0 1 45 80 83 72 95 100 89 60 2 6 59 58 89 95 50 43 66 100 100 67 5 12 18 28
100 100 88 95 100 100 100 76 100 61 8 0 11 3 32 72 23 16 54 66 81 23 92 100 71 20 93 85 76 11 12 56 23 0 51 42 64 4 80 86 82 38 3 0 0 0 43 51 0 41 78 65 97 71 70 19 0 43 82 9 2 78 99 63 82 84 9 34 63 19 0 30 64 55 58 89 100 100 14 0 14 56 100 43 100 100 82 100 74 93 100 87 31 13 23 26
92 54 28 74 95 100 100 100 32 1 18 55 56 2 41 88 84 74 22 68 70 42 18 72 100 99 92 55 91 62 12 1 13 29 30 0 43 0 56 88 86 75 14 0 0 0 27 92 20 10 39 24 38 62 92 54 0 65 100 45 59 72 96 21 50 100 70 48 0 0 20 65 92 34 64 99 78 67 56 0 51 94 92 45 100 100 98 78 100 100 100 100 99 100 97 90
18 28 21 2 15 80 100 73 0 0 14 88 99 37 3 13 55 92 83 23 32 71 11 6 60 79 42 72 98 87 19 17 21 38 31 5 5 13 25 80 100 49 0 0 0 0 0 14 73 12 59 29 39 95 50 0 3 94 86 16 70 100 91 0 1 82 65 3 50 30 100 96 86 71 71 58 63 40 34 2 55 94 82 66 100 100 97 60 79 91 95 100 100 100 100 100
37 20 0 22 96 93 100 15 3 49 93 100 100 51 9 94 85 42 39 68 100 88 23 33 48 83 20 68 96 48 12 84 49 43 1 4 0 0 13 32 99 83 11 0 0 0 0 1 40 87 61 60 60 90 63 0 54 100 96 54 78 82 97 26 68 66 83 22 40 95 98 81 10 14 12 34 12 49 98 59 28 94 51 92 94 100 96 50 21 52 98 100 66 100 100 98
100 99 51 63 98 45 89 16 58 98 84 100 97 37 16 97 97 100 44 100 98 27 1 2 48 67 0 0 17 62 61 69 47 71 14 4 0 0 39 5 29 98 22 0 0 8 29 4 10 18 29 32 18 26 62 25 37 100 97 76 71 69 82 30 24 24 35 60 69 13 79 76 88 95 13 21 31 33 75 78 63 100 51 76 68 100 100 100 45 75 100 100 70 39 96 66
92 91 99 100 100 86 91 11 0 25 30 68 82 92 45 100 76 35 82 100 97 46 34 3 71 61 31 8 0 0 0 23 25 87 16 6 1 0 0 20 13 18 63 2 4 3 13 22 30 11 7 0 0 6 36 98 54 100 66 27 50 33 80 50 45 36 31 42 78 80 40 58 67 86 60 23 81 85 66 21 7 72 78 70 26 99 100 100 82 53 100 100 81 4 59 40
41 40 39 99 100 54 62 3 0 0 15 32 15 57 79 31 82 26 26 32 57 64 6 5 65 100 100 91 33 25 77 96 98 45 27 32 4 0 0 28 25 34 43 41 4 13 2 8 2 0 0 0 3 42 66 79 58 94 47 24 75 30 46 36 75 20 30 28 48 100 47 62 98 81 14 29 44 28 50 87 65 48 100 99 7 52 100 100 84 50 100 100 60 4 19 21
29 62 98 100 100 99 67 0 0 15 66 16 3 2 39 32 76 93 15 32 1 7 2 63 56 86 45 69 46 7 94 94 28 0 14 6 31 1 0 1 3 40 0 40 7 13 6 1 2 4 16 36 39 27 88 36 23 85 11 4 82 86 88 35 54 8 13 9 48 89 18 65 99 98 42 28 31 12 14 69 98 35 64 94 27 9 96 100 98 32 99 98 4 20 49 82
28 91 100 100 98 100 58 0 0 88 92 74 4 0 69 100 22 92 62 45 1 0 2 10 60 18 2 52 26 35 6 38 84 55 54 46 20 0 0 0 0 34 0 0 2 0 0 0 0 25 29 87 89 89 85 16 68 61 2 7 44 94 74 43 21 1 10 3 48 88 3 0 56 98 55 49 29 23 78 80 63 7 5 64 7 26 100 100 100 75 43 42 4 54 100 100
26 7 74 100 48 99 63 28 22 86 10 68 10 0 24 93 38 58 71 90 20 0 3 0 0 0 44 56 52 100 89 79 65 89 72 88 33 18 2 0 0 0 2 5 0 0 0 0 2 28 48 46 13 34 66 62 100 68 3 47 42 11 2 36 60 14 11 11 14 93 15 56 54 59 86 20 8 46 72 38 9 0 9 9 0 38 66 62 21 79 68 7 45 32 7 80
84 63 100 90 54 44 99 55 68 42 17 90 18 0 28 91 90 43 60 36 22 0 0 13 38 0 43 77 35 100 78 35 17 52 67 64 50 52 13 1 0 0 0 15 0 8 28 37 0 0 9 15 46 3 6 72 99 47 4 39 97 57 0 62 7 0 12 4 41 74 0 23 83 30 48 23 45 56 73 79 100 17 0 6 27 13 3 19 0 2 2 7 24 40 47 100
100 100 100 95 45 41 98 31 19 67 86 80 35 1 0 43 52 67 77 95 52 8 2 0 54 43 64 48 41 37 53 56 36 9 58 31 80 64 13 22 6 0 0 0 0 0 2 45 8 45 42 8 4 12 60 95 95 21 5 11 59 44 41 62 0 0 2 0 41 92 26 2 7 56 80 40 23 38 32 36 72 45 37 81 96 50 3 59 82 60 92 94 89 94 71 62
66 16 30 18 51 19 68 34 49 66 86 100 37 6 0 4 37 27 82 16 16 12 3 1 69 100 73 57 100 100 85 61 27 4 20 70 17 44 78 50 6 5 10 0 0 0 0 8 60 99 74 91 43 67 71 66 93 30 20 16 34 82 56 50 0 0 13 48 19 42 64 15 54 36 34 31 20 34 30 39 73 81 58 50 38 97 71 64 53 52 37 28 3 18 0 0
61 0 12 79 26 21 68 51 20 94 67 33 20 52 80 24 24 21 26 41 25 1 25 50 78 68 6 35 77 97 53 25 6 0 44 81 52 48 36 83 18 8 5 0 0 0 0 4 8 48 54 66 36 26 9 17 58 28 17 18 63 98 70 9 0 0 0 14 2 2 33 24 77 2 0 0 4 14 45 80 60 50 25 57 32 79 16 21 5 0 0 8 30 35 59 36
94 41 51 91 48 14 42 0 56 13 48 38 61 8 85 62 20 0 8 0 0 4 15 25 76 17 61 66 100 33 0 0 38 23 83 44 55 93 44 16 0 1 0 0 0 0 0 0 0 57 79 50 76 28 16 92 69 24 2 23 72 68 77 46 11 8 0 0 0 50 28 41 96 31 6 0 25 0 2 11 0 2 0 4 38 33 0 4 5 15 30 22 14 2 2 10
77 90 74 9 24 0 74 19 0 47 38 39 49 73 39 81 43 0 0 0 0 2 21 29 72 43 83 38 36 32 26 30 0 34 0 4 14 80 81 2 0 0 34 25 0 0 0 0 0 11 8 0 41 55 20 97 25 0 16 26 68 93 90 41 8 25 0 7 75 41 56 46 44 34 62 13 0 0 29 2 0 0 0 0 0 0 0 0 8 12 3 0 15 3 30 96
51 40 16 0 0 0 43 44 84 93 97 54 41 4 45 79 45 0 0 0 0 8 23 62 4 62 30 81 84 50 49 63 9 15 0 13 45 87 67 86 36 26 74 4 0 0 0 0 0 0 0 4 56 49 6 85 34 12 21 7 58 86 53 3 25 14 0 0 15 30 40 7 60 32 32 2 0 0 20 0 0 0 3 0 0 0 0 0 0 0 3 32 73 38 51 85
81 2 0 25 33 87 84 64 99 38 25 7 0 0 2 69 3 0 0 0 17 44 61 80 22 27 17 18 38 50 45 53 15 27 0 30 79 52 92 57 77 97 32 1 1 0 0 0 0 0 0 0 4 87 23 46 55 26 12 26 74 85 20 1 35 0 0 1 0 32 70 81 90 16 0 0 0 0 32 20 22 2 21 0 0 1 8 39 26 27 49 1 35 89 77 39
8 2 1 71 98 100 100 100 86 47 14 22 3 26 1 2 0 0 0 0 0 3 41 83 45 91 45 13 7 3 43 42 0 35 0 9 85 100 100 38 57 78 71 54 39 0 0 0 0 0 0 3 61 57 55 81 6 0 43 49 90 42 1 30 20 0 0 28 54 100 82 100 30 3 0 0 0 0 24 1 3 0 0 4 58 37 35 37 22 7 2 14 2 3 10 0
23 11 34 60 51 82 75 98 32 40 32 9 1 7 1 0 0 0 0 0 0 0 15 63 5 88 82 81 28 11 0 9 1 10 2 46 97 78 77 63 69 84 78 35 5 2 4 0 0 0 0 34 43 46 100 51 0 15 38 32 64 0 17 28 6 6 32 52 100 74 92 97 58 26 57 10 0 17 0 0 1 6 0 53 41 46 35 3 0 39 56 61 13 0 0 0
13 14 64 31 41 60 53 88 58 8 17 0 0 0 4 30 8 0 0 0 0 0 0 20 9 9 8 85 99 72 19 0 4 4 33 100 61 4 78 10 24 96 19 0 0 0 0 0 0 0 0 4 73 83 76 47 0 36 1 26 57 12 0 0 3 69 74 77 100 72 100 92 57 34 45 28 12 53 0 0 2 79 41 42 28 77 64 69 64 54 1 0 0 20 56 25
4 43 58 62 94 85 96 44 0 11 4 1 0 2 70 83 68 46 1 0 0 0 0 0 0 0 54 72 53 96 89 17 0 6 54 95 66 8 62 1 66 44 50 40 0 0 0 0 0 0 0 0 37 96 77 0 0 1 0 31 45 24 0 0 24 97 57 97 40 100 91 81 36 15 18 0 0 6 10 0 20 69 63 93 77 100 66 47 43 11 3 29 19 97 100 52
11 80 72 74 97 54 9 1 7 8 61 64 43 59 76 94 100 54 0 0 0 0 0 0 0 0 24 11 0 85 100 78 0 0 12 93 46 0 0 41 96 95 76 32 1 5 0 0 0 0 0 0 3 67 72 0 0 0 11 13 8 8 24 0 19 56 71 56 47 80 34 1 35 31 0 29 1 0 47 0 2 28 61 55 51 100 84 44 26 0 14 61 52 99 61 22
0 4 100 100 68 4 17 13 10 32 86 60 37 50 44 85 98 66 44 52 36 2 0 0 0 37 30 4 0 16 58 57 51 0 0 8 24 0 3 2 6 78 71 50 14 0 0 0 0 0 0 0 0 16 61 0 0 2 47 16 1 49 0 0 0 0 17 84 95 49 14 93 18 59 12 54 6 0 4 0 0 0 26 39 56 98 35 23 37 27 48 61 95 75 28 69
5 29 99 100 86 72 52 69 72 78 62 59 82 82 99 100 83 29 81 100 97 92 33 0 0 0 26 76 0 0 4 35 78 44 4 0 0 0 0 3 10 14 43 80 96 12 0 1 9 15 0 0 0 0 0 0 0 25 4 0 7 60 0 15 71 48 2 66 100 10 40 67 33 82 79 14 0 0 0 0 0 0 18 28 32 62 27 58 81 34 15 19 100 61 5 22
28 30 100 100 100 100 59 51 93 96 96 88 58 43 77 71 70 57 42 57 89 67 4 0 0 0 3 19 6 28 39 48 100 99 78 33 32 0 0 8 76 46 24 58 100 58 56 38 10 0 0 0 0 0 0 0 0 0 0 0 8 54 11 0 4 83 91 51 87 28 15 44 96 34 17 39 45 20 0 2 0 0 0 0 20 59 2 47 26 56 2 0 0 86 15 47
12 0 54 68 33 95 24 65 13 52 84 34 0 0 0 0 7 28 22 6 8 14 33 50 21 0 0 0 2 22 14 2 85 100 100 95 80 2 0 30 97 87 96 100 46 69 63 61 9 3 0 0 0 0 0 0 0 0 0 0 0 0 0 0 0 72 13 32 27 84 99 98 91 100 48 96 38 56 25 14 1 -9 0 0 27 66 1 44 63 45 16 76 11 5 16 95
0 46 100 51 14 81 50 100 37 72 66 57 29 20 13 4 4 10 0 0 0 0 52 96 8 0 0 0 0 0 2 62 60 76 78 5 1 0 0 0 30 80 65 93 94 59 90 64 0 0 0 0 0 0 0 0 0 0 0 0 0 0 0 0 11 80 49 33 55 100 57 22 34 63 72 49 21 46 16 0 63 -9 -9 0 0 41 29 2 42 79 68 100 53 27 19 16
1 58 100 35 14 63 61 56 71 72 99 81 70 67 87 83 17 26 3 0 0 0 29 75 18 0 0 0 0 0 0 32 18 80 100 80 6 0 0 0 0 10 18 72 98 92 56 7 0 0 0 0 0 0 0 0 0 0 0 0 0 0 0 39 85 93 33 81 100 89 93 89 30 83 81 53 97 98 59 41 -9 -9 -9 -9 -9 28 40 29 51 61 76 69 70 65 93 61
69 27 29 6 17 13 39 86 92 83 12 0 28 26 84 88 28 4 17 0 1 41 35 6 2 0 0 0 0 0 0 0 0 66 61 36 10 0 0 0 2 25 42 63 74 36 1 0 4 0 0 0 0 0 0 0 0 0 0 0 0 0 0 17 88 68 88 96 72 77 100 86 19 81 56 41 27 22 0 0 -9 -9 -9 -9 -9 -9 0 0 0 7 47 70 17 1 63 60
