data/habitatmaps/RS_maps/habitat_Regulus.regulus_2020.asc
NCOLS 369 
NROWS 228 
XLLCORNER 479000 
YLLCORNER 73000 
CELLSIZE 1000 
NODATA_value -9 
[rows 63 to 125 of 228, columns 96 to 191 of 369]
90 77 16 41 28 31 29 87 100 83 78 96 100 47 47 72 47 55 46 3 38 75 50 40 18 11 26 4 68 66 66 81 34 45 35 7 24 43 62 88 96 52 54 0 0 0 0 0 0 15 31 58 80 73 66 83 51 93 98 82 48 35 0 1 65 96 90 71 15 29 13 0 48 29 21 24 79 50 0 0 55 85 8 0 0 35 0 0 24 41 35 10 16 34 40 0
41 8 9 9 0 48 61 50 55 69 35 34 69 62 75 85 85 40 2 0 0 0 0 4 8 33 53 39 38 19 21 11 34 86 66 27 16 51 58 95 100 67 8 0 0 0 0 0 1 29 56 69 57 63 1 8 13 74 100 71 46 66 0 0 47 94 87 4 11 92 54 0 26 76 75 30 42 27 0 0 41 51 5 0 0 52 0 0 40 53 29 8 0 6 25 0
6 16 22 64 18 26 20 9 9 20 36 44 61 48 50 61 76 70 73 37 23 18 33 68 75 55 68 87 0 2 17 43 66 86 61 40 14 62 31 44 48 1 0 0 0 0 18 28 53 80 16 5 0 51 9 17 35 44 100 46 6 76 31 0 46 76 88 36 68 51 55 0 26 87 8 0 13 43 3 0 0 8 0 0 0 15 4 0 1 77 14 0 0 0 65 3
48 41 8 18 0 51 41 36 60 80 89 77 55 41 3 27 48 97 100 82 64 79 90 60 66 69 99 40 4 2 24 24 39 43 44 1 47 94 23 21 5 0 0 0 0 0 9 84 100 36 73 3 4 9 14 60 97 96 78 9 21 87 67 1 0 48 100 69 12 57 29 0 22 56 7 31 12 72 4 2 0 0 53 10 0 1 41 7 0 67 30 5 0 0 69 16
12 0 28 44 63 47 60 86 58 50 14 0 50 39 0 4 38 93 87 67 37 45 70 14 15 76 100 96 35 0 12 45 87 82 20 0 13 58 32 0 0 0 10 54 57 56 76 88 99 6 16 50 95 23 31 88 45 100 100 26 39 62 67 29 0 23 32 33 73 67 2 0 7 2 46 64 49 21 92 59 9 0 42 87 24 0 49 89 35 43 99 16 0 29 14 29
33 32 44 42 59 61 35 34 38 63 66 57 36 0 7 5 9 12 27 42 78 38 73 63 62 83 59 50 51 80 83 95 88 69 37 8 12 19 0 0 0 1 60 56 63 100 53 12 45 0 21 48 5 0 30 100 95 39 34 5 19 20 23 30 0 0 28 75 64 57 0 0 0 0 14 88 59 57 30 95 48 0 8 20 15 0 28 36 2 11 52 31 27 2 20 29
0 0 21 28 39 40 71 18 0 0 10 0 0 49 58 76 51 68 98 95 26 37 45 0 80 46 71 75 92 67 82 35 35 75 46 32 44 0 0 0 0 12 33 1 52 58 37 0 32 45 24 5 34 51 17 41 45 28 36 0 15 34 87 78 0 16 74 78 78 96 14 0 0 0 26 21 9 75 7 27 23 10 0 0 60 0 4 7 0 0 6 35 12 0 31 0
0 22 52 37 29 12 15 0 0 2 45 15 29 89 77 81 80 58 20 46 56 53 63 94 100 77 32 1 38 15 0 15 79 66 52 44 22 0 0 0 0 33 54 34 93 11 1 1 69 62 39 1 56 92 79 0 23 74 43 1 40 85 74 49 26 1 38 69 70 76 11 0 19 5 2 22 4 33 18 0 11 32 0 24 64 3 0 0 0 0 39 77 33 1 27 9
58 53 22 44 93 22 0 0 22 73 100 91 89 0 44 51 0 26 99 79 92 100 82 70 57 17 7 0 11 44 0 11 34 1 14 9 21 32 0 20 30 39 52 55 8 48 46 31 4 24 0 0 42 100 92 4 3 10 0 22 26 50 22 24 47 19 2 84 81 36 3 0 17 0 0 51 26 3 31 11 27 2 0 3 75 32 0 2 50 27 18 58 42 2 0 14
29 29 49 56 54 43 79 80 75 75 24 39 48 96 89 59 53 77 93 93 96 90 12 0 0 0 0 0 0 0 0 0 0 0 0 33 40 21 2 80 84 48 0 7 11 95 68 10 1 52 19 0 65 71 23 0 0 57 2 31 29 35 3 59 0 1 10 7 4 0 0 5 1 0 0 22 16 9 35 0 0 0 0 15 33 15 0 0 30 8 8 44 61 29 0 0
59 25 10 20 59 72 62 40 11 79 51 72 65 83 36 19 48 60 88 70 25 0 0 0 0 0 0 0 0 0 0 0 0 0 0 17 23 2 0 52 100 42 33 49 2 0 5 27 29 44 56 0 75 26 24 51 0 52 55 3 27 0 20 81 27 32 89 38 22 17 0 5 9 22 0 0 14 13 15 0 0 0 17 35 39 26 6 0 0 0 23 19 84 31 0 0
0 0 0 2 0 77 22 63 1 20 3 20 76 83 0 0 37 13 87 48 0 0 0 0 0 0 0 0 0 0 17 54 59 14 9 45 0 0 0 22 24 4 42 1 3 0 0 23 2 12 20 0 80 86 54 7 0 25 7 24 0 6 25 56 64 0 67 100 35 36 41 54 3 36 71 10 0 1 16 0 13 8 20 22 64 21 21 0 0 0 0 4 34 16 0 0
52 45 55 76 65 64 66 71 82 84 40 51 0 17 79 6 68 43 19 0 0 0 0 0 0 0 0 3 7 35 97 56 73 7 0 5 50 24 10 0 18 6 7 34 17 21 0 8 20 57 6 1 58 55 37 9 14 21 8 33 3 13 10 1 28 0 8 10 3 0 10 22 0 31 36 0 0 9 34 0 49 76 2 7 72 0 0 0 4 14 0 0 27 50 4 1
30 58 50 55 72 93 97 24 14 94 38 45 28 52 49 16 39 27 21 0 0 0 0 0 0 19 0 20 85 84 46 24 6 0 0 10 19 0 19 63 71 2 7 66 22 6 27 85 57 38 20 5 24 60 43 17 39 71 19 14 17 9 5 20 28 0 0 0 0 0 1 27 2 2 0 0 0 0 18 21 33 35 7 6 0 0 22 20 0 15 0 0 5 31 9 53
49 60 33 16 21 77 91 57 13 37 35 36 75 89 77 50 52 12 12 0 0 0 0 4 35 67 53 87 91 25 0 0 28 21 32 0 0 0 55 22 80 30 61 14 28 64 80 25 45 74 23 0 1 13 35 7 86 44 30 35 0 31 30 3 75 28 1 0 0 0 7 41 34 16 0 0 0 0 0 3 6 4 8 20 0 26 1 5 3 0 19 0 6 29 12 5
45 23 17 0 14 49 40 0 11 14 89 80 36 25 84 37 4 0 0 0 0 0 6 79 80 70 82 73 54 61 21 40 32 11 82 15 16 44 54 10 22 9 49 56 37 34 19 10 27 2 0 14 41 27 80 84 45 12 22 20 0 4 30 34 10 45 14 0 0 0 53 65 52 0 12 5 0 0 0 0 0 0 8 0 0 0 0 24 15 0 6 0 13 25 0 0
77 15 25 51 38 57 33 82 48 19 30 3 0 69 26 6 0 20 0 0 11 26 40 97 62 20 0 1 26 26 15 13 0 0 57 96 76 39 46 0 0 0 15 62 46 17 38 50 19 31 0 6 69 10 5 15 17 2 15 12 7 15 11 25 33 33 5 0 0 0 19 56 0 0 19 2 0 0 0 0 0 2 26 34 12 24 14 23 38 0 10 14 8 0 0 15
88 50 30 0 12 59 50 18 0 0 0 23 31 41 0 0 26 37 47 67 59 49 11 48 39 54 0 1 74 52 6 0 0 0 17 78 0 3 57 19 47 11 56 16 43 35 55 45 5 10 28 28 1 1 0 20 24 30 24 16 55 9 13 25 21 21 19 16 51 0 0 0 0 0 0 0 0 0 0 0 0 0 0 14 0 0 0 0 13 4 2 0 27 0 35 3
32 44 16 35 58 78 64 43 0 0 0 46 58 18 0 1 33 69 86 53 72 13 9 84 82 30 4 65 93 14 0 5 0 0 0 61 0 0 14 51 58 47 27 33 2 2 13 43 14 57 35 25 20 26 20 71 29 23 9 2 16 25 26 61 31 76 53 18 77 25 0 0 0 0 0 2 0 0 0 0 0 0 10 16 0 12 4 18 3 0 0 0 15 16 40 34
60 1 2 46 46 88 43 10 0 0 0 4 1 0 0 38 22 0 0 29 25 0 0 12 13 54 36 33 11 20 52 25 0 0 15 66 0 0 0 8 15 58 46 33 20 49 64 19 43 49 15 0 22 14 0 0 9 41 6 0 8 22 20 21 19 32 9 40 20 8 2 0 0 0 0 31 9 0 0 23 20 5 0 10 20 4 11 20 48 21 35 0 1 0 0 0
0 21 49 39 53 7 3 0 0 0 15 39 53 44 10 20 0 2 0 6 1 0 19 77 29 0 0 0 0 29 50 1 0 0 27 12 0 8 33 30 30 14 84 25 16 21 48 20 59 33 9 4 84 64 0 0 9 26 11 1 0 3 12 19 10 50 17 41 24 19 0 20 18 12 0 37 20 0 33 31 7 24 0 9 47 0 0 0 27 18 27 7 77 0 26 26
0 31 79 50 0 0 0 0 1 24 33 60 48 13 49 13 80 62 13 90 86 69 67 0 0 0 0 0 51 2 14 5 0 0 0 0 0 26 91 29 54 21 18 11 16 58 27 0 37 18 31 3 8 62 4 0 16 24 25 0 0 9 2 0 13 9 0 19 25 5 0 6 16 12 0 21 47 16 4 36 25 22 4 0 39 3 0 0 17 40 0 36 57 16 5 1
56 31 17 31 1 0 0 0 25 86 56 0 0 0 12 15 45 42 27 24 40 9 5 6 1 1 0 10 24 42 60 0 4 31 0 0 0 0 51 90 62 45 42 59 42 43 58 36 10 2 36 14 0 0 1 0 0 1 6 61 18 3 34 23 12 0 0 0 24 29 18 0 0 27 2 0 0 0 0 10 5 33 25 8 22 0 24 19 4 0 0 58 49 5 0 6
67 1 0 0 0 0 0 0 24 89 26 0 0 0 25 0 47 55 48 91 20 1 4 29 43 64 35 42 22 69 44 0 0 66 37 0 0 0 0 47 74 45 13 35 54 72 31 28 8 9 22 0 0 0 0 0 0 0 15 85 14 18 41 16 1 4 4 0 13 38 8 1 0 2 0 0 11 37 2 30 11 0 28 1 0 7 21 47 4 0 0 13 44 12 23 0
0 0 26 11 0 0 11 4 55 48 3 0 0 0 9 8 20 24 23 46 13 49 31 39 32 47 73 39 82 64 8 31 7 2 89 3 0 0 40 65 46 43 2 12 32 2 7 7 29 44 3 19 46 31 0 0 0 0 33 20 16 3 29 30 11 40 14 0 23 53 62 24 22 0 0 0 64 60 0 0 0 0 25 18 0 4 0 3 14 0 29 49 0 13 16 0
0 0 13 0 0 0 19 0 0 0 0 0 0 16 2 38 68 9 8 0 21 15 4 30 41 25 51 26 3 35 84 79 2 0 76 2 14 15 13 28 71 37 12 48 50 29 26 3 0 0 18 26 81 8 12 17 44 16 64 26 44 8 35 33 1 25 33 30 68 31 31 70 41 14 0 0 28 20 17 38 34 40 0 0 0 0 7 28 1 21 14 0 0 24 28 34
0 0 0 0 0 49 0 7 0 0 0 0 0 18 15 14 0 12 21 48 50 16 63 31 1 40 19 8 4 19 4 13 0 23 65 29 50 8 0 0 42 9 30 73 32 22 22 16 0 24 21 19 50 67 71 68 76 77 78 73 56 2 47 20 5 32 40 47 49 49 70 59 64 20 13 40 35 0 28 62 41 25 16 1 48 6 41 11 35 43 14 0 0 2 23 63
0 0 4 5 75 39 8 37 0 0 0 0 0 0 65 0 0 25 0 19 0 13 20 16 69 59 62 0 42 11 0 2 4 16 28 11 50 17 26 0 0 0 19 18 13 11 6 26 23 4 25 6 4 15 54 78 66 55 81 76 75 29 31 47 25 26 49 38 56 61 29 43 38 28 36 24 54 45 0 1 14 35 5 0 0 11 57 55 43 36 16 0 0 0 0 0
15 54 76 30 22 7 51 32 0 0 0 0 0 31 1 0 0 0 34 64 13 34 30 18 4 0 14 0 34 17 0 21 16 0 58 24 43 73 44 0 30 21 66 15 6 6 28 18 3 0 1 22 27 56 88 73 70 70 62 63 57 46 30 34 47 13 40 37 54 73 37 25 34 18 39 50 48 20 15 2 0 6 10 59 67 43 55 4 0 0 0 17 28 0 0 0
33 64 90 31 0 0 0 0 0 0 1 52 15 17 1 0 6 49 32 75 52 64 77 76 26 0 0 2 49 0 0 17 50 8 28 77 42 49 45 28 11 35 24 3 22 26 13 14 20 46 36 39 54 51 88 80 86 52 56 24 69 20 42 59 74 74 89 83 58 63 28 48 29 16 57 30 0 36 28 0 1 46 25 38 44 80 52 54 36 0 0 39 52 1 0 0
35 36 32 0 0 0 0 0 0 0 23 39 3 1 19 81 94 73 93 71 26 26 64 28 0 0 0 0 0 0 9 1 56 80 24 59 64 39 36 21 1 22 8 25 32 36 13 0 37 11 0 4 61 86 77 89 100 69 34 16 52 75 60 94 78 71 78 60 58 56 39 37 1 0 48 17 66 46 51 21 1 0 42 83 83 99 66 49 65 28 17 0 0 0 0 0
0 11 4 0 0 0 0 0 13 30 9 17 70 58 89 100 70 21 50 4 23 12 63 27 15 26 29 45 21 10 80 77 81 59 4 41 32 32 75 89 12 0 8 0 14 0 18 16 22 17 36 19 36 43 69 74 77 28 66 82 86 86 85 100 96 83 95 72 52 45 64 38 0 4 42 40 77 74 47 45 68 58 98 37 33 95 74 60 81 89 45 0 34 2 0 0
0 0 0 0 0 0 0 1 81 69 4 39 24 24 35 44 75 17 19 56 48 11 0 0 2 13 28 85 85 88 97 100 67 34 18 81 46 32 24 45 20 1 0 42 31 13 52 38 27 51 52 39 67 43 68 73 77 97 80 91 86 82 100 89 80 83 79 86 50 28 82 24 0 30 40 17 43 40 63 96 68 55 82 71 53 91 95 60 100 83 35 29 5 0 0 6
0 23 0 0 0 0 0 1 62 44 0 21 34 9 53 5 8 12 5 21 0 0 8 9 31 0 0 41 62 72 61 36 54 80 94 56 42 64 39 29 62 26 35 15 5 28 5 11 3 56 42 44 57 54 76 77 33 98 79 60 50 33 98 61 100 100 91 84 39 54 75 7 1 0 12 58 67 68 88 72 52 82 72 49 57 89 70 45 87 18 0 0 0 0 25 78
24 55 3 0 0 0 0 0 60 15 0 34 29 55 50 1 21 50 44 35 15 0 43 34 39 0 0 0 42 3 52 76 74 60 81 87 64 12 59 51 52 27 37 30 21 29 41 18 0 25 15 4 56 76 61 49 38 61 83 68 51 37 73 55 92 84 67 88 61 60 40 13 37 19 17 19 53 95 79 100 68 76 18 53 71 75 22 0 58 40 21 21 20 2 26 39
0 0 0 0 0 0 0 11 62 55 13 11 0 35 33 29 38 22 23 34 50 1 0 25 19 0 0 0 0 0 33 48 54 22 44 23 34 53 35 34 38 22 24 18 0 0 25 43 0 27 7 48 50 43 57 57 68 61 63 39 63 46 34 93 93 64 42 60 43 41 24 0 37 96 96 55 22 46 94 92 31 15 0 17 52 0 0 4 74 83 50 88 52 0 5 17
2 0 0 0 0 0 0 0 0 0 0 0 21 12 31 60 47 18 27 27 8 38 100 100 61 0 0 0 0 0 19 13 21 17 2 0 20 31 62 44 48 16 11 0 20 15 65 31 0 1 49 53 46 31 59 48 88 53 57 57 42 66 69 81 56 77 48 51 30 1 2 0 39 61 67 41 68 38 51 21 0 24 81 44 32 0 1 32 97 27 2 3 19 29 0 0
24 80 6 0 0 0 0 11 34 0 23 22 1 14 3 0 4 11 14 24 85 77 81 51 1 0 0 0 0 12 25 0 11 20 6 42 30 39 35 55 42 47 0 8 12 37 44 33 0 35 36 69 22 56 57 60 59 68 65 39 73 59 35 8 27 10 5 23 8 6 18 41 77 32 56 51 63 35 56 90 29 1 59 77 62 58 33 72 23 1 29 67 32 0 0 0
0 55 29 0 14 29 25 37 27 45 38 14 11 73 0 8 0 8 33 19 0 0 0 0 0 0 0 0 5 91 61 35 0 0 23 1 33 42 6 50 14 41 47 59 59 46 46 39 0 2 4 24 27 45 41 25 43 82 41 48 75 70 66 61 26 1 4 29 0 19 37 36 74 41 46 28 31 56 51 69 65 63 60 88 62 96 50 13 0 18 45 11 41 60 82 54
0 11 8 0 0 0 0 7 6 1 4 0 14 0 45 55 2 0 0 0 0 27 48 0 0 0 0 0 0 36 37 61 15 0 20 6 5 0 16 31 20 68 62 28 96 89 73 25 0 39 28 15 5 7 30 51 51 39 45 66 74 55 79 64 5 36 22 4 0 28 65 48 56 25 37 33 23 53 53 61 87 51 77 69 74 58 35 4 3 58 34 11 100 73 32 14
0 0 27 11 1 72 5 6 10 0 0 0 0 13 77 76 47 50 28 0 6 88 37 0 0 13 16 27 12 0 14 22 11 0 6 21 27 8 7 3 13 11 0 21 43 65 30 2 29 35 58 68 38 3 14 70 31 50 49 46 27 69 62 28 10 16 22 35 21 59 72 31 58 0 38 61 52 87 85 75 90 98 81 84 99 40 3 25 54 100 61 72 90 16 9 16
0 0 0 64 63 79 11 61 9 0 0 0 5 71 77 71 98 64 31 9 36 35 9 27 37 33 0 27 16 35 60 23 28 37 0 0 25 48 5 0 11 13 26 21 31 46 24 0 39 84 55 74 54 51 17 14 26 52 50 59 55 55 31 0 0 51 20 77 59 69 60 20 17 13 45 66 37 75 64 74 79 100 94 66 83 43 19 0 18 85 47 51 27 3 13 77
0 3 0 33 52 6 0 12 6 16 0 8 28 100 99 58 41 60 30 1 54 13 18 44 57 2 0 0 0 22 24 4 11 7 31 0 19 2 0 0 42 12 8 6 63 29 47 20 27 29 26 64 49 65 63 52 78 65 49 41 12 46 9 11 42 40 62 55 49 61 41 0 0 0 26 74 58 65 80 89 61 68 83 98 58 50 15 17 4 1 26 75 49 12 6 43
49 28 0 0 0 7 44 54 37 6 55 11 6 43 31 0 0 6 34 16 39 5 26 61 73 60 23 8 0 0 20 22 8 29 0 5 18 6 28 0 0 27 43 57 0 18 23 15 39 27 41 25 56 59 55 51 73 61 32 30 43 19 5 56 54 63 29 48 6 48 54 9 0 4 7 44 35 27 94 90 16 37 38 19 3 0 0 5 0 18 9 65 21 41 80 59
21 13 0 0 0 78 16 10 6 9 1 6 1 16 0 38 37 32 27 6 20 22 31 30 18 4 44 28 44 0 0 48 8 32 23 0 7 65 91 14 0 0 14 27 16 21 45 53 38 64 11 42 56 29 40 27 35 47 82 60 34 37 28 46 51 13 25 54 32 2 26 1 0 5 17 8 48 62 48 55 19 20 2 0 4 0 10 44 0 0 34 37 28 11 39 83
31 22 14 0 0 42 16 46 1 19 7 17 34 17 23 0 3 28 30 47 10 48 14 56 33 72 30 2 11 0 33 45 48 7 11 27 18 34 17 0 7 40 29 47 29 41 24 43 53 48 60 39 74 28 26 51 39 57 65 13 36 60 54 87 83 45 4 30 35 27 65 56 30 19 0 18 78 58 66 45 6 28 29 71 26 0 7 15 8 9 69 29 39 0 34 82
25 0 2 42 0 2 39 13 4 21 18 8 0 9 37 13 2 39 31 0 15 0 17 13 19 3 10 0 0 0 22 16 64 0 0 0 7 0 0 0 12 3 62 62 78 66 55 15 27 47 78 35 14 41 73 62 37 53 54 16 21 26 68 27 28 32 11 26 23 49 84 57 66 24 32 34 19 39 100 74 26 35 26 9 0 0 0 0 33 83 16 0 0 0 55 86
0 27 41 17 0 0 0 0 0 10 2 0 15 28 7 14 0 28 60 53 30 0 0 22 2 0 0 0 0 0 29 0 39 1 0 4 23 50 0 0 40 52 93 81 60 44 39 57 30 32 33 43 11 70 80 53 64 43 43 52 24 56 68 22 47 11 61 74 36 19 52 58 65 74 22 65 0 70 32 6 45 85 4 0 0 1 14 48 84 57 0 6 8 18 85 22
47 36 25 6 0 0 0 0 0 0 0 10 10 3 0 1 8 52 24 36 69 13 10 26 18 0 1 4 0 0 41 3 21 24 0 12 7 33 14 42 91 86 77 59 7 37 42 35 55 41 53 27 33 41 54 71 47 66 39 34 46 90 100 63 65 38 6 33 42 2 56 69 71 37 53 81 83 88 36 0 4 34 0 6 34 60 84 75 83 48 32 70 29 21 89 63
43 31 4 0 10 0 43 0 0 0 0 7 25 24 8 50 89 14 6 16 62 35 45 3 7 44 67 19 0 0 0 29 40 24 0 21 68 54 22 97 44 38 24 13 33 73 68 46 35 46 75 28 64 42 54 46 43 56 56 8 74 74 95 35 28 4 0 0 37 22 57 68 90 16 25 65 59 51 25 7 0 0 19 63 65 85 63 53 37 23 45 43 3 65 92 80
0 0 0 27 13 0 0 0 0 31 43 10 0 0 34 31 61 23 7 53 56 6 8 10 33 14 2 22 8 0 0 0 2 24 0 5 48 66 17 46 54 33 0 10 56 25 64 68 31 36 29 1 73 23 33 45 63 25 21 42 45 54 64 38 0 0 0 0 29 65 27 57 67 21 81 98 27 46 4 50 5 0 72 80 45 79 42 0 67 3 40 21 0 1 13 100
11 7 20 0 0 16 1 0 0 17 25 0 0 0 30 57 31 5 55 52 67 56 19 39 31 49 90 27 21 0 0 0 0 15 4 46 75 13 3 25 34 32 61 84 3 40 80 61 34 52 52 7 17 44 34 6 23 4 64 56 25 62 45 2 0 0 0 31 32 48 61 27 6 47 85 31 56 97 56 50 25 53 100 98 24 2 0 24 77 15 37 9 0 0 8 92
1 52 3 5 0 0 12 0 0 0 49 34 0 0 0 16 53 0 1 10 0 6 55 6 2 0 2 22 5 27 3 0 0 0 13 31 10 4 1 49 77 41 36 44 32 15 46 17 25 9 47 61 70 62 41 44 2 0 12 39 14 27 16 11 0 0 0 16 53 1 10 48 0 20 5 0 34 49 85 39 21 96 100 97 45 37 0 57 86 10 21 0 0 0 26 65
0 0 0 0 0 0 0 0 3 10 33 40 16 14 0 51 15 0 10 1 0 17 51 12 0 0 0 0 0 31 0 0 15 0 27 20 2 11 16 66 31 32 2 0 46 41 54 66 28 20 63 100 77 99 92 94 56 44 3 18 24 8 18 71 3 1 1 35 25 61 52 0 1 49 52 42 0 29 88 5 0 60 94 55 80 67 20 0 22 58 44 3 0 0 0 16
62 12 0 0 7 36 37 30 16 11 4 41 38 0 0 89 65 0 22 1 0 21 26 37 80 48 3 0 0 0 0 0 19 5 31 42 54 73 74 74 63 51 56 36 0 0 5 44 71 99 74 62 49 82 43 35 35 59 71 58 31 17 35 70 36 57 55 79 60 32 19 0 21 0 3 1 0 1 52 11 0 43 73 30 67 77 5 6 54 51 47 0 0 0 0 0
24 26 2 23 59 2 26 9 22 3 2 19 17 0 7 90 49 0 0 0 0 5 36 22 64 100 56 1 0 0 3 0 9 55 9 25 55 26 44 43 12 0 6 12 39 53 49 19 55 54 49 40 20 39 57 50 48 31 40 4 9 25 33 61 55 39 36 1 15 1 0 0 17 0 0 0 0 10 64 1 0 31 63 43 67 19 0 0 54 75 18 0 0 0 0 0
22 74 40 45 33 0 16 4 30 31 2 0 0 11 47 38 20 25 32 34 9 27 21 60 64 56 53 52 32 8 25 0 0 11 23 0 36 39 27 28 9 45 38 44 39 25 59 82 52 55 45 17 30 50 17 30 13 0 0 0 0 3 53 66 82 48 4 2 0 0 0 0 0 0 6 0 4 59 19 13 40 96 67 27 71 0 0 0 33 16 0 0 0 0 0 0
26 51 27 1 21 18 0 2 18 0 0 13 0 12 55 11 13 22 23 0 3 22 5 34 91 59 95 98 51 13 0 0 11 0 0 0 0 20 6 0 0 60 40 31 5 40 23 74 47 51 61 41 26 36 42 32 59 0 0 2 0 42 98 64 58 1 0 0 0 0 4 1 9 46 61 34 4 27 100 69 77 57 3 0 5 0 0 0 0 0 0 0 5 36 4 0
39 14 10 62 35 34 8 0 0 0 0 21 0 14 47 11 8 5 12 44 76 91 97 100 100 94 100 100 20 18 0 0 18 24 0 0 0 35 3 0 35 47 5 3 36 39 51 58 77 70 68 49 9 27 5 0 44 16 63 42 28 36 23 76 46 0 3 34 39 39 85 78 67 41 47 17 52 53 69 86 56 71 31 4 0 0 0 0 0 0 0 0 53 92 6 0
81 0 2 0 1 22 41 7 5 20 10 21 21 0 17 0 0 40 37 74 73 48 57 71 91 86 65 98 85 67 0 10 18 33 3 21 19 4 0 0 51 65 29 23 62 75 89 45 100 88 44 26 18 16 0 0 27 38 75 9 0 0 57 74 4 12 69 28 51 0 0 42 50 45 60 26 32 24 46 99 66 28 58 50 55 9 0 0 0 0 0 0 6 6 0 0
31 4 10 31 2 1 14 25 47 31 25 61 19 0 9 34 42 91 23 39 67 53 74 75 50 59 53 73 90 53 41 17 0 0 0 0 11 7 0 0 28 81 23 42 66 55 72 62 81 35 34 15 0 0 0 14 84 88 81 21 0 0 12 7 40 28 0 0 5 0 0 7 15 32 25 13 7 9 55 59 87 66 39 2 41 62 0 0 0 0 10 22 0 0 0 0
39 39 2 24 0 0 0 21 10 50 24 4 0 0 31 57 82 58 54 33 16 30 86 97 60 61 73 49 100 99 28 0 0 0 0 32 35 1 0 0 0 26 70 54 42 3 15 13 32 33 1 0 0 0 0 68 89 41 47 48 0 0 0 26 14 0 0 0 0 0 1 0 9 32 67 65 44 43 39 4 6 73 98 35 65 65 6 0 0 3 46 4 0 0 0 9
53 0 0 40 4 0 46 46 36 48 27 3 8 0 33 59 36 10 27 13 24 28 34 33 95 57 48 74 90 98 16 2 0 0 0 4 60 37 0 0 0 0 23 75 37 0 48 21 14 34 0 0 0 0 16 64 18 27 24 53 50 17 0 7 0 0 0 0 11 60 84 62 67 62 57 64 71 83 78 83 21 4 24 69 2 85 22 3 46 80 62 92 91 49 91 53
