data/habitatmaps/RS_maps/habitat_Prunella.collaris_2010.asc
NCOLS 369 
NROWS 228 
XLLCORNER 479000 
YLLCORNER 73000 
CELLSIZE 1000 
NODATA_value -9 
[rows 138 to 206 of 228, columns 192 to 287 of 369]
54 33 5 28 8 83 94 96 23 0 10 48 67 90 41 42 62 77 94 100 56 16 19 51 11 77 51 58 46 30 92 96 99 26 40 100 75 87 97 100 100 100 65 31 98 100 93 23 3 84 100 99 68 44 82 89 87 46 49 54 2 0 0 2 17 18 60 19 2 30 72 100 100 100 81 27 46 16 18 0 0 0 11 52 45 6 92 25 34 29 8 0 0 0 0 1
38 24 67 43 36 59 86 89 0 0 38 87 87 61 13 61 82 89 93 100 79 2 28 53 47 99 47 89 70 88 95 100 26 26 86 100 97 86 40 74 100 100 50 0 87 50 83 31 0 55 98 100 100 87 91 100 100 79 67 21 15 42 3 1 16 38 50 19 64 82 100 100 100 100 90 7 0 2 64 0 0 0 16 70 72 58 54 21 64 67 38 1 0 0 0 0
48 61 93 57 87 83 22 7 2 9 70 38 99 79 37 85 27 90 100 88 2 10 20 35 90 76 96 99 80 99 75 63 28 71 100 100 100 100 100 100 100 76 4 16 57 32 11 12 31 54 91 100 100 100 100 100 53 65 37 39 47 6 35 18 39 47 31 79 47 36 59 88 100 100 100 52 3 43 65 5 4 0 19 32 33 27 46 70 95 45 0 0 0 0 0 0
91 34 100 89 40 4 26 28 37 19 42 86 68 47 39 93 73 68 87 85 54 4 51 89 72 82 100 100 100 96 31 3 9 85 100 100 100 87 82 91 66 29 26 0 0 0 0 1 0 43 100 94 100 100 99 62 1 43 33 19 52 19 45 83 29 62 100 61 68 84 61 39 48 96 63 5 0 0 5 17 4 0 0 37 39 28 89 100 63 3 0 0 9 68 10 0
63 36 58 42 17 60 24 40 18 24 49 100 81 28 21 19 77 75 95 100 85 61 68 25 98 97 100 100 98 100 92 14 2 32 80 100 100 87 38 39 6 0 9 0 0 8 0 10 11 96 100 62 37 64 61 3 53 24 34 69 99 91 78 48 80 87 38 61 9 27 15 44 35 34 3 0 0 9 0 12 9 0 0 0 60 100 97 88 6 0 0 10 69 41 5 0
65 52 2 34 47 73 41 6 21 15 78 64 9 45 38 82 55 9 40 89 41 14 6 13 83 69 30 55 48 54 34 16 19 0 54 71 87 65 32 11 0 0 0 3 0 14 34 83 89 98 93 51 76 52 68 75 40 76 64 76 36 54 68 44 60 8 0 0 21 3 0 0 0 0 0 11 50 71 52 86 59 0 0 25 6 35 67 38 2 21 11 70 94 20 22 0
38 24 64 76 94 12 1 23 83 14 44 82 99 100 96 56 19 10 38 4 4 1 11 14 1 11 10 62 82 62 16 49 25 1 5 21 26 23 38 17 0 0 6 13 32 23 12 99 100 100 99 42 95 100 99 94 72 100 100 60 80 99 16 7 0 0 17 46 3 7 13 3 18 7 43 60 99 88 88 72 91 17 28 79 65 53 52 4 54 68 58 73 100 85 29 0
0 31 99 61 83 82 58 57 91 86 76 100 100 100 73 6 0 0 0 0 21 0 0 0 0 4 14 6 0 0 64 97 52 11 7 12 21 23 0 0 0 6 12 20 32 21 22 60 97 72 97 91 82 55 97 83 73 100 100 88 94 87 0 9 0 0 2 4 22 16 5 39 44 39 45 100 100 85 98 100 72 13 60 100 68 78 84 29 83 56 53 89 100 87 10 0
0 5 0 70 84 91 71 81 34 73 100 100 100 49 24 24 12 0 0 0 12 10 0 1 0 9 38 34 0 0 0 5 15 24 4 12 3 0 9 0 0 13 20 9 1 38 36 15 88 66 98 100 93 80 64 57 76 98 47 55 84 32 36 11 9 9 14 7 63 81 8 4 27 68 73 100 100 96 100 100 28 3 20 65 75 97 100 32 78 15 71 100 95 15 0 0
1 35 15 52 22 74 88 67 36 92 85 28 22 0 0 0 2 0 0 0 2 12 12 12 3 0 0 21 28 65 67 62 58 62 50 40 12 7 24 7 7 3 0 0 0 3 48 59 21 49 100 99 99 52 43 35 40 98 96 77 55 28 45 42 65 20 7 10 11 31 34 6 55 32 15 74 93 82 97 100 23 19 5 5 4 16 67 97 77 71 100 98 31 1 1 0
32 7 23 24 67 100 100 79 95 94 21 14 11 0 0 0 1 6 14 8 1 6 5 0 0 0 0 1 4 17 48 84 100 89 100 98 61 25 59 29 32 13 0 0 0 0 12 44 14 52 97 57 76 46 66 91 98 94 90 14 22 40 64 37 32 35 83 59 11 26 71 84 100 65 28 100 100 45 79 100 26 69 96 32 3 10 25 54 61 95 100 87 39 46 51 60
11 20 34 52 94 100 100 89 94 70 12 14 1 1 5 3 20 60 78 78 19 0 0 0 0 0 0 0 0 11 17 19 36 1 55 66 85 79 88 77 83 50 0 0 1 0 4 28 14 48 94 25 46 94 92 100 87 76 38 49 38 11 48 0 75 97 88 45 68 57 100 100 99 94 35 100 100 100 83 47 33 100 95 19 25 24 56 86 100 100 62 52 49 88 45 95
55 84 97 100 100 100 96 93 68 17 3 1 9 18 35 70 89 94 62 76 51 38 4 18 0 0 0 0 0 0 0 0 0 0 0 1 7 44 30 55 24 0 11 19 2 0 0 11 18 69 100 54 47 100 98 100 73 44 77 100 100 86 77 8 82 17 17 94 18 74 100 87 64 42 0 11 69 100 48 6 18 100 84 18 34 0 5 23 91 100 100 100 100 82 43 100
18 95 93 93 92 92 94 92 14 18 19 21 69 50 34 95 61 22 7 3 59 84 63 78 46 33 37 8 0 0 0 0 0 0 0 0 0 0 48 3 0 0 2 2 0 0 1 21 44 94 100 98 82 52 33 71 79 69 78 100 100 52 48 2 5 77 97 98 42 82 100 75 51 40 66 41 20 88 88 32 78 100 92 19 28 0 0 0 0 60 100 100 100 90 94 97
45 49 100 94 100 90 72 18 25 66 60 51 100 48 53 60 40 54 38 8 14 22 82 100 98 95 81 35 1 0 0 0 0 0 0 0 0 0 14 2 1 11 0 0 0 0 18 79 97 96 61 71 98 53 69 25 45 61 96 100 92 57 79 47 13 99 100 100 77 99 71 100 74 36 26 35 0 19 76 85 100 100 83 8 52 0 13 34 1 5 53 85 100 100 100 100
30 9 95 36 10 25 4 4 36 66 91 64 100 100 100 83 91 100 100 68 19 8 6 50 92 100 89 46 38 0 0 0 0 0 0 0 0 0 0 0 0 0 0 0 0 0 36 100 100 84 7 11 58 87 54 76 91 99 70 100 100 61 72 50 4 69 100 100 100 78 55 86 67 1 0 0 0 36 95 100 98 81 37 17 66 1 34 92 66 55 3 18 94 100 100 100
8 45 93 47 11 47 74 73 85 100 96 100 100 100 100 100 100 100 100 100 49 16 1 18 39 39 75 98 87 24 14 0 0 0 0 1 0 0 0 43 52 3 0 0 0 0 29 54 100 96 84 2 1 11 42 53 100 80 32 100 89 37 39 0 0 56 99 100 85 65 79 66 19 0 0 0 0 12 60 100 99 80 29 30 44 0 53 91 79 86 75 4 8 40 83 93
50 94 99 100 96 78 49 30 69 92 65 88 83 98 100 100 100 94 99 100 100 69 8 0 3 47 96 100 79 15 13 0 0 0 3 10 0 0 0 28 97 44 1 0 0 0 0 0 47 99 77 6 1 29 77 100 97 41 85 100 93 36 30 0 0 44 99 100 91 91 3 4 0 0 0 0 0 1 79 99 95 67 34 50 55 25 41 52 86 80 84 53 67 41 19 100
74 93 100 93 68 37 50 92 89 95 93 13 29 93 100 25 66 23 42 100 25 37 15 0 29 94 100 80 24 0 4 6 2 7 2 9 0 0 0 1 75 69 0 0 0 0 0 3 9 26 9 0 0 2 43 100 86 46 86 96 89 56 34 0 0 30 74 100 68 28 0 0 0 0 0 0 0 2 17 74 91 52 7 74 88 58 46 82 97 90 15 36 87 60 32 84
64 17 75 76 43 0 59 93 100 100 85 35 29 95 100 26 23 8 12 85 30 5 1 0 15 98 100 94 99 55 75 80 80 49 9 9 0 0 0 0 6 36 0 0 0 0 0 6 8 0 0 0 3 25 51 81 76 44 48 42 64 91 72 1 0 0 3 74 74 100 45 2 1 1 0 0 0 0 33 65 84 47 20 78 100 57 80 26 85 84 9 39 88 73 29 60
68 22 11 30 9 37 70 99 86 100 100 82 33 63 95 14 0 0 1 32 26 1 0 0 13 98 97 96 93 100 100 100 100 28 2 5 1 0 0 0 0 0 6 0 0 0 0 0 1 0 0 0 0 5 15 31 79 37 20 7 64 100 83 17 0 0 0 5 23 37 91 47 63 32 0 0 0 0 63 100 100 71 10 79 100 82 57 75 35 95 0 28 94 100 81 95
92 93 2 35 33 31 79 65 86 22 84 46 10 33 10 82 76 6 1 11 22 1 0 5 37 76 19 50 84 100 67 76 28 0 4 23 8 0 0 0 0 0 14 13 0 0 0 0 0 0 0 1 6 34 61 90 83 78 43 17 67 100 95 87 29 0 0 0 8 5 76 79 24 3 0 0 0 0 19 60 74 84 40 66 98 92 79 75 42 92 0 32 95 100 100 100
94 67 81 50 61 66 93 86 10 77 75 18 6 0 54 97 87 50 3 2 0 0 0 31 92 47 19 38 76 99 56 10 6 0 17 11 0 0 0 0 0 0 0 11 1 0 0 0 0 0 20 38 23 9 51 97 100 81 7 7 47 67 61 92 11 9 5 0 15 40 98 70 57 63 7 0 0 0 11 55 74 95 79 69 91 100 75 36 49 91 19 31 100 100 95 65
87 81 74 75 15 41 97 100 86 33 32 30 8 0 3 31 97 79 23 19 0 0 0 0 13 12 2 8 92 100 99 70 50 26 40 22 15 0 0 0 0 0 0 0 0 0 0 0 0 0 7 9 75 79 79 100 84 29 0 4 4 35 73 93 17 2 1 0 19 50 100 100 77 8 0 0 0 22 98 100 100 100 98 79 98 100 48 22 35 64 88 85 100 100 76 40
91 99 79 33 0 64 87 91 100 62 97 57 19 0 0 36 100 87 76 39 0 0 0 0 0 0 32 89 99 46 38 41 55 46 100 57 14 18 5 0 0 0 0 0 0 0 0 0 0 0 0 0 2 34 84 97 51 29 0 18 78 96 100 97 35 5 0 0 5 45 100 100 100 74 7 0 0 3 64 89 100 100 97 97 100 98 89 99 100 88 100 100 100 98 95 69
71 94 95 37 0 5 46 97 94 100 99 41 14 0 0 46 67 99 90 88 30 0 0 3 11 0 30 84 93 22 7 3 0 7 67 91 75 59 26 2 0 0 0 0 0 0 0 0 0 0 1 0 0 0 0 21 46 29 0 13 49 100 100 72 2 0 0 0 9 84 100 100 91 100 60 23 45 27 15 31 65 100 100 98 91 99 100 100 100 100 100 100 100 96 83 62
79 73 62 10 0 1 51 96 100 82 83 66 0 0 0 0 0 25 13 81 25 0 0 0 25 6 23 98 99 96 69 53 18 2 8 96 61 43 26 1 0 0 0 0 0 0 0 0 0 10 36 5 1 11 45 93 43 14 0 2 30 91 91 23 0 0 0 0 9 82 100 100 81 63 81 40 18 7 0 14 48 87 88 73 64 83 99 77 63 94 59 26 23 8 0 23
95 99 80 15 0 0 16 89 97 79 4 22 0 0 0 0 0 0 21 12 0 0 0 2 38 93 57 79 16 1 15 39 0 0 13 82 90 93 52 14 0 0 0 0 0 0 0 0 0 41 90 15 1 21 79 85 76 22 0 1 11 67 68 34 1 0 0 0 2 19 91 100 98 28 19 20 0 0 0 58 70 44 25 27 25 61 52 29 10 26 8 16 3 0 0 0
73 100 100 48 0 0 33 96 100 98 29 0 0 17 31 5 0 0 6 12 0 2 12 28 87 100 100 94 19 0 0 0 0 0 42 86 89 94 54 65 16 0 0 0 0 0 0 0 0 14 74 50 60 94 100 100 79 20 0 1 36 75 19 7 0 0 0 0 0 0 51 100 87 2 0 0 0 0 0 0 0 0 0 14 9 29 5 13 0 0 0 14 0 0 0 0
65 86 83 45 0 0 47 100 100 100 87 53 77 93 35 20 6 0 0 0 0 0 5 11 52 95 81 98 41 6 0 0 0 0 2 17 41 90 96 11 0 0 0 0 0 0 0 0 0 36 78 80 87 96 100 66 16 1 0 0 44 65 32 1 0 0 0 0 0 47 18 90 100 31 11 0 0 0 0 0 0 0 0 0 0 1 0 0 0 0 4 11 0 0 0 4
32 35 23 3 0 0 63 95 100 94 99 97 95 43 97 77 21 0 0 0 0 0 3 34 52 73 37 99 85 91 27 16 0 0 1 7 26 76 45 2 0 0 22 25 0 0 0 0 0 5 5 0 18 87 100 85 18 0 0 0 0 54 10 0 0 0 0 0 48 26 68 70 100 97 74 0 0 0 0 0 0 0 0 0 0 0 0 0 0 0 0 0 5 1 13 73
31 0 1 0 0 0 29 85 60 24 17 20 3 0 41 84 3 0 0 0 0 0 25 94 100 71 20 50 46 88 96 66 1 0 0 34 84 57 40 22 21 34 57 6 0 0 0 0 0 0 0 8 45 99 100 98 26 0 0 0 60 89 46 0 0 0 0 0 0 27 99 100 96 26 17 0 0 0 0 0 0 0 0 0 0 0 0 0 0 0 2 39 33 7 33 63
57 0 0 25 21 46 60 36 0 0 17 14 0 0 0 3 0 0 0 0 5 30 85 86 100 65 16 4 0 9 76 77 0 0 0 18 50 70 34 46 52 67 20 2 2 0 0 0 0 0 0 1 5 82 100 91 10 0 0 21 99 94 23 0 3 0 0 0 0 8 65 94 74 11 0 0 0 0 0 0 0 0 0 0 0 0 11 43 25 28 64 100 90 65 68 98
5 0 0 21 91 86 38 0 2 22 47 1 0 0 0 0 0 0 0 0 0 0 10 41 44 91 49 22 0 0 6 20 0 0 0 19 76 12 46 80 64 69 95 59 27 0 0 0 0 0 0 3 66 92 97 50 2 0 0 19 69 21 2 0 8 0 0 0 8 55 70 82 13 1 0 0 0 0 0 0 0 0 0 4 62 26 43 100 100 100 100 100 100 71 66 67
0 0 0 19 85 98 74 14 25 0 25 0 0 0 0 0 0 0 0 0 0 0 1 18 3 47 25 45 35 7 0 0 0 0 5 58 69 24 74 59 30 72 44 15 0 4 7 0 0 0 0 31 99 98 84 19 0 0 0 0 5 1 0 2 12 5 26 5 72 89 100 49 2 0 0 0 0 0 0 0 0 0 0 8 85 88 93 100 100 99 70 68 100 100 100 100
0 0 26 92 97 91 84 28 4 0 0 0 0 0 3 0 0 0 0 0 0 0 0 0 0 0 3 14 76 36 26 0 0 7 28 97 27 1 69 7 28 98 17 0 0 0 0 0 0 0 0 3 38 72 37 7 0 0 0 0 6 4 0 0 3 59 69 22 60 97 84 66 9 0 0 0 0 0 0 0 0 0 4 38 83 74 87 96 92 78 4 77 100 100 90 98
0 24 82 79 55 48 5 0 0 18 8 1 0 0 17 29 31 17 0 0 0 0 0 0 0 0 11 4 0 71 71 5 0 11 23 53 55 5 41 2 69 100 62 13 0 0 0 0 0 0 0 0 0 51 34 0 0 0 0 0 15 2 0 0 18 79 98 57 96 86 0 0 0 0 0 0 0 0 0 0 0 0 0 32 56 0 12 16 23 15 3 93 94 73 68 97
0 3 65 73 9 0 0 0 0 0 59 68 43 22 27 45 65 2 0 0 0 0 0 0 0 0 0 0 0 36 80 19 0 0 3 47 38 0 0 7 57 71 82 16 1 0 0 0 0 0 0 0 2 46 44 0 0 0 2 0 2 0 0 0 0 0 51 94 100 8 0 0 18 6 0 0 0 0 0 0 0 0 36 9 0 12 47 27 0 0 14 94 95 71 62 100
0 0 74 55 0 1 21 25 8 24 85 100 100 84 98 34 28 36 15 5 29 1 0 0 0 0 0 0 0 0 2 91 36 0 0 9 20 0 0 0 3 79 83 37 7 0 0 0 0 0 0 0 0 8 7 0 0 4 21 0 0 0 0 0 0 0 12 76 88 0 0 12 15 14 4 6 0 0 0 0 0 0 2 0 14 55 32 23 37 27 48 100 84 63 31 83
0 4 92 72 71 55 52 95 89 59 66 90 46 63 50 45 28 6 2 23 58 66 4 0 0 0 0 0 0 0 3 35 68 31 4 0 0 0 0 5 21 25 51 100 7 1 0 0 0 0 0 0 0 0 0 0 0 0 0 0 0 0 0 4 31 24 1 56 63 50 84 46 39 77 57 3 0 0 0 0 0 0 0 0 25 57 27 58 83 100 100 100 72 26 9 0
0 21 83 76 89 90 98 98 77 49 16 21 4 0 14 9 29 14 10 29 0 5 0 0 0 0 0 0 0 0 13 24 33 92 77 24 23 0 0 9 62 89 87 83 24 48 3 0 0 0 0 0 0 0 0 0 0 0 0 0 0 0 0 0 4 64 64 41 76 95 97 99 98 99 100 91 44 7 0 0 0 0 0 0 0 48 2 47 26 66 100 100 100 90 55 56
0 0 36 45 25 81 95 90 100 50 33 17 0 0 1 1 5 0 14 4 0 0 2 11 0 0 0 0 0 0 0 1 4 28 83 50 46 0 0 32 50 53 87 58 79 66 42 58 0 0 0 0 0 0 0 0 0 0 0 0 0 0 0 0 1 84 100 92 98 95 84 73 83 100 100 100 100 49 0 0 0 -9 0 0 0 24 1 0 33 99 95 75 96 100 100 98
0 23 47 22 14 93 76 21 88 84 47 31 10 1 13 5 0 0 0 0 0 0 21 19 5 0 0 0 0 0 0 0 0 21 30 1 0 0 0 0 5 49 41 34 99 96 86 44 0 0 0 0 0 0 0 0 0 0 0 0 0 0 0 1 18 69 94 100 94 98 43 4 10 63 96 33 88 89 10 0 31 -9 -9 0 0 2 0 0 16 74 81 76 90 91 94 100
1 1 0 0 5 16 2 16 55 84 4 3 28 25 12 1 0 0 0 0 0 0 10 21 7 0 0 0 0 0 0 0 5 35 47 37 9 0 0 0 0 6 1 19 55 63 36 5 0 0 0 0 0 0 0 0 0 0 0 0 0 0 0 18 68 100 100 80 49 97 60 75 29 28 36 0 62 50 0 4 -9 -9 -9 -9 -9 0 0 15 34 60 56 60 93 66 14 31
42 0 0 4 17 0 0 28 34 8 0 0 0 0 0 0 0 0 0 0 2 19 13 0 0 0 0 0 0 0 0 0 0 22 14 16 19 1 0 0 0 0 0 5 0 18 0 0 0 0 0 0 0 0 0 0 0 0 0 0 0 0 0 5 12 64 94 27 29 100 37 13 6 0 12 0 4 0 0 0 -9 -9 -9 -9 -9 -9 0 0 0 5 31 61 100 99 46 51
20 1 0 23 81 22 0 0 0 0 0 1 0 0 0 0 0 0 0 0 2 5 0 0 0 7 19 5 0 0 0 0 0 3 6 0 0 0 0 0 0 0 0 0 0 0 0 0 0 0 0 0 0 0 0 0 0 0 0 3 0 0 0 3 21 0 0 0 65 40 18 16 16 0 0 0 0 0 0 12 -9 -9 -9 -9 -9 -9 -9 -9 -9 -9 77 97 100 100 93 30
12 0 0 6 59 85 62 51 10 20 46 2 0 0 0 0 0 0 0 0 0 0 0 0 0 0 5 18 0 0 0 0 0 0 0 0 0 0 0 0 0 0 0 0 0 0 0 0 0 0 0 0 0 0 0 0 0 0 1 38 15 1 2 4 49 73 34 0 9 40 9 0 0 0 0 0 0 0 0 0 -9 -9 -9 -9 -9 -9 -9 -9 -9 -9 -9 -9 -9 -9 -9 1
0 0 0 0 65 81 47 60 6 29 41 0 0 0 0 0 2 1 0 0 4 0 0 0 0 0 0 0 0 0 0 0 0 0 0 0 0 0 0 0 0 0 0 0 0 0 0 0 0 0 0 0 0 0 0 0 0 2 9 54 60 34 53 51 80 59 7 0 0 33 8 0 0 0 0 0 0 0 0 -9 -9 -9 -9 -9 -9 -9 -9 -9 -9 -9 -9 -9 -9 -9 -9 -9
0 0 0 2 74 53 0 0 0 31 15 31 37 3 10 13 20 53 48 19 20 0 0 0 0 0 0 0 0 0 0 0 0 0 0 0 0 0 0 0 0 0 0 0 0 0 0 0 0 0 0 0 0 0 0 0 0 0 1 23 45 85 63 57 10 1 0 0 0 26 0 0 0 0 0 0 0 0 -9 -9 -9 -9 -9 -9 -9 -9 -9 -9 -9 -9 -9 -9 -9 -9 -9 -9
0 0 0 0 0 0 0 0 0 0 8 3 22 35 11 1 4 18 28 10 4 0 0 0 0 0 0 0 0 0 0 0 0 0 0 0 0 0 0 0 0 0 0 0 0 0 0 0 0 0 0 0 0 0 0 0 0 0 0 32 39 58 0 0 0 0 0 0 0 0 0 0 0 0 0 0 0 0 -9 -9 -9 -9 -9 -9 -9 -9 -9 -9 -9 -9 -9 -9 -9 -9 -9 -9
0 0 0 14 26 11 0 0 0 0 0 0 0 5 3 0 0 0 0 0 0 0 0 0 0 0 0 0 0 0 0 0 0 0 0 0 0 0 0 0 0 0 0 0 0 0 0 0 0 0 0 0 0 0 0 0 22 57 8 66 32 0 0 0 0 0 0 0 0 0 0 0 0 0 0 0 0 -9 -9 -9 -9 -9 -9 -9 -9 -9 -9 -9 -9 -9 -9 -9 -9 -9 -9 -9
0 0 0 18 47 6 0 0 0 0 0 0 0 0 0 0 0 0 0 0 0 0 0 0 0 0 0 0 0 0 0 0 0 0 0 0 0 0 0 0 0 0 0 0 0 0 0 0 0 0 0 0 0 13 6 0 16 95 60 29 0 0 0 0 0 0 0 0 0 0 0 0 0 0 0 0 -9 -9 -9 -9 -9 -9 -9 -9 -9 -9 -9 -9 -9 -9 -9 -9 -9 -9 -9 -9
-9 -9 0 0 0 0 0 0 0 0 0 0 0 0 0 0 0 0 1 9 0 0 11 12 9 13 1 0 0 0 0 0 0 0 0 0 0 0 0 0 0 0 0 0 0 0 0 0 0 0 0 0 15 23 67 49 49 95 50 41 32 7 7 0 0 0 0 0 0 0 0 0 0 0 0 0 -9 -9 -9 -9 -9 -9 -9 -9 -9 -9 -9 -9 -9 -9 -9 -9 -9 -9 -9 -9
-9 -9 -9 0 0 0 0 0 0 0 0 0 0 0 0 0 0 0 0 18 23 24 23 20 19 9 1 0 0 0 0 0 0 0 0 0 0 0 0 0 0 0 0 0 0 0 0 0 0 0 0 0 14 6 10 51 67 17 44 40 42 17 2 1 5 3 0 0 0 0 0 0 0 0 0 0 -9 -9 -9 -9 -9 -9 -9 -9 -9 -9 -9 -9 -9 -9 -9 -9 -9 -9 -9 -9
-9 -9 -9 -9 0 0 0 0 0 0 0 0 0 0 0 0 0 8 22 53 55 21 15 12 11 0 0 0 0 0 0 0 0 0 0 0 1 0 0 15 15 10 0 0 0 0 0 0 0 14 4 3 0 5 22 23 9 10 0 0 4 7 18 28 25 45 3 9 0 0 0 0 0 0 0 -9 -9 -9 -9 -9 -9 -9 -9 -9 -9 -9 -9 -9 -9 -9 -9 -9 -9 -9 -9 -9
-9 -9 -9 -9 -9 0 0 0 0 0 0 0 0 0 0 0 5 70 79 34 2 2 33 1 9 0 0 0 0 0 0 0 0 0 0 4 26 10 3 22 16 10 5 4 0 0 0 0 6 15 14 10 0 0 12 9 18 0 0 59 64 0 0 3 29 84 50 54 0 0 0 0 0 0 -9 -9 -9 -9 -9 -9 -9 -9 -9 -9 -9 -9 -9 -9 -9 -9 -9 -9 -9 -9 -9 -9
-9 -9 -9 -9 -9 -9 14 13 0 0 0 0 0 8 4 0 0 0 0 3 17 0 16 29 5 0 0 0 0 0 0 0 0 0 2 4 16 11 7 24 9 15 3 1 0 0 0 0 4 1 6 12 0 0 17 3 0 0 0 16 4 0 0 27 37 45 66 3 0 0 0 0 0 0 -9 -9 -9 -9 -9 -9 -9 -9 -9 -9 -9 -9 -9 -9 -9 -9 -9 -9 -9 -9 -9 -9
-9 -9 -9 -9 -9 -9 -9 32 0 0 0 0 0 7 0 0 0 0 0 10 11 0 9 5 5 0 0 0 0 0 0 0 0 8 18 2 0 0 11 15 6 0 0 0 0 0 0 0 0 0 3 2 0 0 6 1 0 0 0 0 0 0 0 2 24 0 0 0 0 0 0 0 0 -9 -9 -9 -9 -9 -9 -9 -9 -9 -9 -9 -9 -9 -9 -9 -9 -9 -9 -9 -9 -9 -9 -9
-9 -9 -9 -9 -9 -9 -9 3 0 11 23 1 0 0 0 0 0 13 0 6 3 0 4 0 0 0 0 0 0 0 0 0 0 0 0 0 0 0 20 15 6 0 0 0 0 0 0 0 0 0 0 0 0 0 0 0 0 0 0 0 0 0 0 0 0 0 0 0 0 0 0 -9 -9 -9 -9 -9 -9 -9 -9 -9 -9 -9 -9 -9 -9 -9 -9 -9 -9 -9 -9 -9 -9 -9 -9 -9
-9 -9 -9 -9 -9 -9 -9 -9 5 47 32 36 0 0 1 0 0 10 0 31 23 0 0 0 0 0 0 0 0 0 0 1 7 0 0 0 0 0 17 7 7 0 0 0 0 0 0 0 0 0 0 0 0 0 1 9 0 0 0 0 0 0 0 0 0 0 0 0 0 0 -9 -9 -9 -9 -9 -9 -9 -9 -9 -9 -9 -9 -9 -9 -9 -9 -9 -9 -9 -9 -9 -9 -9 -9 -9 -9
-9 -9 -9 -9 -9 -9 -9 -9 -9 10 68 78 74 56 51 52 0 0 0 0 0 0 0 0 0 0 0 0 0 0 0 41 11 0 0 0 0 0 8 4 0 0 0 0 0 0 0 0 0 0 0 0 0 0 10 40 28 13 9 21 7 0 0 0 0 30 8 0 0 -9 -9 -9 -9 -9 -9 -9 -9 -9 -9 -9 -9 -9 -9 -9 -9 -9 -9 -9 -9 -9 -9 -9 -9 -9 -9 -9
-9 -9 -9 -9 -9 -9 -9 -9 -9 61 61 14 7 44 49 17 7 0 0 0 0 0 0 0 0 0 0 0 0 0 0 0 0 0 0 0 0 0 9 0 0 0 0 0 0 0 0 0 0 0 0 0 0 8 29 63 8 2 6 1 7 0 0 0 0 8 5 0 -9 -9 -9 -9 -9 -9 -9 -9 -9 -9 -9 -9 -9 -9 -9 -9 -9 -9 -9 -9 -9 -9 -9 -9 -9 -9 -9 -9
-9 -9 -9 -9 -9 -9 -9 -9 -9 -9 61 0 23 62 79 61 55 0 0 0 0 0 0 0 0 0 0 0 0 0 0 0 0 0 0 0 1 3 1 0 0 0 0 0 0 0 0 0 0 0 0 0 0 13 1 8 0 0 0 0 0 0 0 0 0 0 0 0 -9 -9 -9 -9 -9 -9 -9 -9 -9 -9 -9 -9 -9 -9 -9 -9 -9 -9 -9 -9 -9 -9 -9 -9 -9 -9 -9 -9
-9 -9 -9 -9 -9 -9 -9 -9 -9 -9 -9 0 52 15 7 23 0 0 0 0 0 0 0 0 0 0 0 0 0 0 0 0 0 0 0 0 4 33 2 0 0 0 0 0 0 0 0 0 0 0 0 0 0 0 0 0 28 0 0 0 0 0 0 0 0 0 0 0 -9 -9 -9 -9 -9 -9 -9 -9 -9 -9 -9 -9 -9 -9 -9 -9 -9 -9 -9 -9 -9 -9 -9 -9 -9 -9 -9 -9
-9 -9 -9 -9 -9 -9 -9 -9 -9 -9 -9 -9 -9 32 39 76 0 0 0 0 0 0 0 0 0 0 0 0 0 0 0 0 0 0 0 0 0 5 0 0 0 0 0 0 0 0 0 0 0 0 0 0 0 0 0 0 0 0 0 0 0 0 0 0 0 0 0 -9 -9 -9 -9 -9 -9 -9 -9 -9 -9 -9 -9 -9 -9 -9 -9 -9 -9 -9 -9 -9 -9 -9 -9 -9 -9 -9 -9 -9
-9 -9 -9 -9 -9 -9 -9 -9 -9 -9 -9 -9 -9 -9 56 7 0 0 0 0 0 0 0 0 0 0 0 0 0 0 0 0 0 0 0 0 0 0 0 0 0 0 0 0 0 0 0 0 0 0 0 0 0 0 0 0 0 0 0 0 0 0 0 0 0 0 0 -9 -9 -9 -9 -9 -9 -9 -9 -9 -9 -9 -9 -9 -9 -9 -9 -9 -9 -9 -9 -9 -9 -9 -9 -9 -9 -9 -9 -9
-9 -9 -9 -9 -9 -9 -9 -9 -9 -9 -9 -9 -9 -9 -9 -9 -9 0 0 0 0 0 0 0 0 0 0 0 0 0 0 0 0 0 0 0 0 0 0 0 0 0 0 0 0 0 0 0 0 0 0 0 0 0 0 0 0 0 0 0 0 0 0 0 0 0 -9 -9 -9 -9 -9 -9 -9 -9 -9 -9 -9 -9 -9 -9 -9 -9 -9 -9 -9 -9 -9 -9 -9 -9 -9 -9 -9 -9 -9 -9
-9 -9 -9 -9 -9 -9 -9 -9 -9 -9 -9 -9 -9 -9 -9 -9 -9 -9 -9 0 0 0 0 0 0 0 0 0 0 0 0 0 0 0 0 0 0 0 0 0 0 0 0 0 0 0 0 0 0 0 0 0 0 0 0 0 0 0 0 0 0 0 0 0 0 -9 -9 -9 -9 -9 -9 -9 -9 -9 -9 -9 -9 -9 -9 -9 -9 -9 -9 -9 -9 -9 -9 -9 -9 -9 -9 -9 -9 -9 -9 -9
-9 -9 -9 -9 -9 -9 -9 -9 -9 -9 -9 -9 -9 -9 -9 -9 -9 -9 -9 -9 -9 0 0 0 0 0 0 0 0 0 0 0 0 0 0 0 0 0 0 0 0 0 0 0 0 0 0 0 0 0 0 0 0 0 0 0 0 0 0 0 0 0 0 0 0 -9 -9 -9 -9 -9 -9 -9 -9 -9 -9 -9 -9 -9 -9 -9 -9 -9 -9 -9 -9 -9 -9 -9 -9 -9 -9 -9 -9 -9 -9 -9
