data/habitatmaps/RS_maps/habitat_Regulus.regulus_2020.asc
NCOLS 369 
NROWS 228 
XLLCORNER 479000 
YLLCORNER 73000 
CELLSIZE 1000 
NODATA_value -9 
[rows 63 to 125 of 228, columns 0 to 95 of 369]
-9 -9 -9 -9 -9 -9 -9 -9 -9 -9 -9 -9 -9 -9 -9 -9 -9 -9 -9 -9 -9 -9 -9 -9 -9 -9 -9 -9 -9 -9 -9 -9 -9 -9 -9 -9 -9 -9 -9 -9 -9 -9 -9 -9 -9 -9 -9 -9 -9 -9 -9 -9 -9 -9 -9 -9 -9 -9 -9 -9 -9 -9 -9 -9 -9 -9 -9 -9 -9 0 0 0 0 1 45 35 32 44 6 44 36 54 65 53 54 79 57 68 84 22 25 11 0 9 28 13
-9 -9 -9 -9 -9 -9 -9 -9 -9 -9 -9 -9 -9 -9 -9 -9 -9 -9 -9 -9 -9 -9 -9 -9 -9 -9 -9 -9 -9 -9 -9 -9 -9 -9 -9 -9 -9 -9 -9 -9 -9 -9 -9 -9 -9 -9 -9 -9 -9 -9 -9 -9 -9 -9 -9 -9 -9 -9 -9 -9 -9 -9 -9 -9 -9 -9 -9 -9 -9 0 0 0 0 23 30 36 26 2 22 77 26 33 82 61 55 58 71 73 59 27 25 10 7 86 82 35
-9 -9 -9 -9 -9 -9 -9 -9 -9 -9 -9 -9 -9 -9 -9 -9 -9 -9 -9 -9 -9 -9 -9 -9 -9 -9 -9 -9 -9 -9 -9 -9 -9 -9 -9 -9 -9 -9 -9 -9 -9 -9 -9 -9 -9 -9 -9 -9 -9 -9 -9 -9 -9 -9 -9 -9 -9 -9 -9 -9 -9 -9 -9 -9 -9 -9 -9 -9 -9 0 0 8 33 23 41 64 39 0 0 5 26 51 50 30 23 0 21 80 33 15 31 45 18 34 28 36
-9 -9 -9 -9 -9 -9 -9 -9 -9 -9 -9 -9 -9 -9 -9 -9 -9 -9 -9 -9 -9 -9 -9 -9 -9 -9 -9 -9 -9 -9 -9 -9 -9 -9 -9 -9 -9 -9 -9 -9 -9 -9 -9 -9 -9 -9 -9 -9 -9 -9 -9 -9 -9 -9 -9 -9 -9 -9 -9 -9 -9 -9 -9 -9 -9 -9 -9 -9 16 48 30 27 70 82 52 34 2 0 0 0 45 48 33 1 34 47 41 7 0 0 16 25 5 12 30 45
-9 -9 -9 -9 -9 -9 -9 -9 -9 -9 -9 -9 -9 -9 -9 -9 -9 -9 -9 -9 -9 -9 -9 -9 -9 -9 -9 -9 -9 -9 -9 -9 -9 -9 -9 -9 -9 -9 -9 -9 -9 -9 -9 -9 -9 -9 -9 -9 -9 -9 -9 -9 -9 -9 -9 -9 -9 -9 -9 -9 -9 -9 -9 -9 -9 -9 -9 81 58 6 35 32 12 60 30 18 1 0 0 6 73 10 29 57 53 79 15 0 24 49 4 11 62 0 32 33
-9 -9 -9 -9 -9 -9 -9 -9 -9 -9 -9 -9 -9 -9 -9 -9 -9 -9 -9 -9 -9 -9 -9 -9 -9 -9 -9 -9 -9 -9 -9 -9 -9 -9 -9 -9 -9 -9 -9 -9 -9 -9 -9 -9 -9 -9 -9 -9 -9 -9 -9 -9 -9 -9 -9 -9 -9 -9 -9 -9 -9 -9 -9 -9 -9 -9 39 16 11 43 63 11 15 5 4 28 0 0 0 41 92 14 35 26 92 80 43 21 37 3 0 11 72 18 40 61
-9 -9 -9 -9 -9 -9 -9 -9 -9 -9 -9 -9 -9 -9 -9 -9 -9 -9 -9 -9 -9 -9 -9 -9 -9 -9 -9 -9 -9 -9 -9 -9 -9 -9 -9 -9 -9 -9 -9 -9 -9 -9 -9 -9 -9 -9 -9 -9 -9 -9 -9 -9 -9 -9 -9 -9 -9 -9 -9 -9 -9 -9 -9 -9 -9 -9 23 27 55 97 53 9 12 30 42 14 1 6 40 56 72 52 49 87 69 13 18 0 15 38 1 97 47 1 52 29
-9 -9 -9 -9 -9 -9 -9 -9 -9 -9 -9 -9 -9 -9 -9 -9 -9 -9 -9 -9 -9 -9 -9 -9 -9 -9 -9 -9 -9 -9 -9 -9 -9 -9 -9 -9 -9 -9 -9 -9 -9 -9 -9 -9 -9 -9 -9 -9 -9 -9 -9 -9 -9 -9 -9 -9 -9 -9 -9 -9 -9 -9 -9 -9 67 78 60 77 60 12 56 38 14 10 0 45 7 27 36 29 74 49 91 68 4 0 25 17 8 0 19 40 0 3 27 20
-9 -9 -9 -9 -9 -9 -9 -9 -9 -9 -9 -9 -9 -9 -9 -9 -9 -9 -9 -9 -9 -9 -9 -9 -9 -9 -9 -9 -9 -9 -9 -9 -9 -9 -9 -9 -9 -9 -9 -9 -9 -9 -9 -9 -9 -9 -9 -9 -9 -9 -9 -9 -9 -9 -9 -9 -9 -9 -9 -9 -9 -9 -9 66 89 75 44 24 54 51 19 19 0 0 0 0 25 2 1 31 19 81 20 8 2 37 42 44 0 1 41 38 6 32 19 28
-9 -9 -9 -9 -9 -9 -9 -9 -9 -9 -9 -9 -9 -9 -9 -9 -9 -9 -9 -9 -9 -9 -9 -9 -9 -9 -9 -9 -9 -9 -9 -9 -9 -9 -9 -9 -9 -9 -9 -9 -9 -9 -9 -9 -9 -9 -9 -9 -9 -9 -9 -9 -9 -9 -9 -9 -9 -9 -9 -9 -9 94 67 69 73 43 36 53 60 33 39 65 8 0 0 0 39 40 9 16 80 4 53 25 8 5 5 0 0 0 0 12 42 26 18 22
-9 -9 -9 -9 -9 -9 -9 -9 -9 -9 -9 -9 -9 -9 -9 -9 -9 -9 -9 -9 -9 -9 -9 -9 -9 -9 -9 -9 -9 -9 -9 -9 -9 -9 -9 -9 -9 -9 -9 -9 -9 -9 -9 -9 -9 -9 -9 -9 -9 -9 -9 -9 -9 -9 -9 -9 -9 -9 -9 -9 43 19 52 58 30 3 32 43 1 39 26 85 0 38 58 53 49 38 28 91 46 0 0 0 7 43 52 87 56 0 0 10 16 38 0 40
-9 -9 -9 -9 -9 -9 -9 -9 -9 -9 -9 -9 -9 -9 -9 -9 -9 -9 -9 -9 -9 -9 -9 -9 -9 -9 -9 -9 -9 -9 -9 -9 -9 -9 -9 -9 -9 -9 -9 -9 -9 -9 -9 -9 -9 -9 -9 -9 -9 -9 -9 -9 -9 -9 -9 -9 -9 -9 -9 46 44 14 40 41 5 0 7 0 76 35 27 46 0 24 18 52 53 39 75 31 4 0 16 21 13 88 46 48 13 0 6 59 68 36 25 2
-9 -9 -9 -9 -9 -9 -9 -9 -9 -9 -9 -9 -9 -9 -9 -9 -9 -9 -9 -9 -9 -9 -9 -9 -9 -9 -9 -9 -9 -9 -9 -9 -9 -9 -9 -9 -9 -9 -9 -9 -9 -9 -9 -9 -9 -9 -9 -9 -9 -9 -9 -9 -9 -9 -9 -9 -9 -9 70 75 60 13 0 14 71 38 69 67 47 22 32 26 22 11 38 43 25 50 65 5 0 0 0 0 0 35 47 39 0 21 50 63 26 0 3 30
-9 -9 -9 -9 -9 -9 -9 -9 -9 -9 -9 -9 -9 -9 -9 -9 -9 -9 -9 -9 -9 -9 -9 -9 -9 -9 -9 -9 -9 -9 -9 -9 -9 -9 -9 -9 -9 -9 -9 -9 -9 -9 -9 -9 -9 -9 -9 -9 -9 -9 -9 -9 -9 -9 -9 -9 -9 70 13 15 4 2 19 66 100 68 9 2 6 27 50 13 34 25 39 63 87 71 41 0 0 0 0 19 19 52 25 23 64 88 22 0 7 43 85 65
-9 -9 -9 -9 -9 -9 -9 -9 -9 -9 -9 -9 -9 -9 -9 -9 -9 -9 -9 -9 -9 -9 -9 -9 -9 -9 -9 -9 -9 -9 -9 -9 -9 -9 -9 -9 -9 -9 -9 -9 -9 -9 -9 -9 -9 -9 -9 -9 -9 -9 -9 -9 -9 -9 -9 -9 14 87 20 0 19 58 51 12 49 26 1 0 63 98 65 51 51 25 18 76 42 100 65 4 0 0 28 41 39 18 3 55 30 28 44 68 75 47 35 43
-9 -9 -9 -9 -9 -9 -9 -9 -9 -9 -9 -9 -9 -9 -9 -9 -9 -9 -9 -9 -9 -9 -9 -9 -9 -9 -9 -9 -9 -9 -9 -9 -9 -9 -9 -9 -9 -9 -9 -9 -9 -9 -9 -9 -9 -9 -9 -9 -9 -9 -9 -9 -9 -9 -9 -9 23 77 25 9 44 69 15 54 24 0 0 0 59 50 13 38 32 5 13 55 56 39 88 26 0 23 22 0 0 0 0 0 11 54 66 36 13 23 51 32
-9 -9 -9 -9 -9 -9 -9 -9 -9 -9 -9 -9 -9 -9 -9 -9 -9 -9 -9 -9 -9 -9 -9 -9 -9 -9 -9 -9 -9 -9 -9 -9 -9 -9 -9 -9 -9 -9 -9 -9 -9 -9 -9 -9 -9 -9 -9 -9 -9 -9 -9 -9 -9 -9 -9 5 30 45 19 33 33 32 34 41 7 0 2 22 14 22 29 5 0 38 46 81 16 11 66 0 0 0 0 0 0 17 63 60 71 100 46 0 26 29 65 99
-9 -9 -9 -9 -9 -9 -9 -9 -9 -9 -9 -9 -9 -9 -9 -9 -9 -9 -9 -9 -9 -9 -9 -9 -9 -9 -9 -9 -9 -9 -9 -9 -9 -9 -9 -9 -9 -9 -9 -9 -9 -9 -9 -9 -9 -9 -9 -9 -9 -9 -9 -9 -9 -9 21 73 39 40 42 48 41 89 27 0 66 37 35 51 39 60 28 10 33 58 60 6 4 28 67 0 0 0 0 10 42 68 39 16 49 57 55 9 20 89 100 91
-9 -9 -9 -9 -9 -9 -9 -9 -9 -9 -9 -9 -9 -9 -9 -9 -9 -9 -9 -9 -9 -9 -9 -9 -9 -9 -9 -9 -9 -9 -9 -9 -9 -9 -9 -9 -9 -9 -9 -9 -9 -9 -9 -9 -9 -9 -9 -9 -9 -9 -9 -9 -9 -9 67 63 19 6 35 0 61 36 3 11 38 20 20 24 34 62 68 92 99 62 9 0 38 31 23 0 0 5 35 32 16 24 66 46 10 0 4 46 94 99 76 67
-9 -9 -9 -9 -9 -9 -9 -9 -9 -9 -9 -9 -9 -9 -9 -9 -9 -9 -9 -9 -9 -9 -9 -9 -9 -9 -9 -9 -9 -9 -9 -9 -9 -9 -9 -9 -9 -9 -9 -9 -9 -9 -9 -9 -9 -9 -9 -9 -9 -9 -9 -9 -9 33 0 0 18 77 29 9 44 11 7 37 27 12 20 53 88 66 68 45 58 5 0 0 0 0 0 2 0 38 48 18 9 16 28 50 54 36 93 98 56 16 44 65
-9 -9 -9 -9 -9 -9 -9 -9 -9 -9 -9 -9 -9 -9 -9 -9 -9 -9 -9 -9 -9 -9 -9 -9 -9 -9 -9 -9 -9 -9 -9 -9 -9 -9 -9 -9 -9 -9 -9 -9 -9 -9 -9 -9 -9 -9 -9 -9 -9 -9 -9 -9 89 21 67 51 25 31 15 1 11 0 7 32 54 50 11 89 62 48 30 12 41 16 0 0 0 5 16 41 11 11 20 8 38 60 82 95 80 98 53 19 0 0 0 2
-9 -9 -9 -9 -9 -9 -9 -9 -9 -9 -9 -9 -9 -9 -9 -9 -9 -9 -9 -9 -9 -9 -9 -9 -9 -9 -9 -9 -9 -9 -9 -9 -9 -9 -9 -9 -9 -9 -9 -9 -9 -9 -9 -9 -9 -9 -9 -9 -9 -9 -9 49 1 52 28 3 29 41 34 0 0 24 74 45 22 4 38 87 62 32 51 46 21 1 0 0 6 32 14 31 44 35 72 45 23 7 43 37 60 41 0 0 0 0 0 0
-9 -9 -9 -9 -9 -9 -9 -9 -9 -9 -9 -9 -9 -9 -9 -9 -9 -9 -9 -9 -9 -9 -9 -9 -9 -9 -9 -9 -9 -9 -9 -9 -9 -9 -9 -9 -9 -9 -9 -9 -9 -9 -9 -9 -9 -9 -9 -9 55 74 33 62 62 71 25 43 7 1 38 22 0 33 57 50 42 47 72 71 72 69 36 35 25 0 1 31 0 21 51 42 49 67 63 21 48 51 74 43 45 56 23 34 18 0 0 10
-9 -9 -9 -9 -9 -9 -9 -9 -9 -9 -9 -9 -9 -9 -9 -9 -9 -9 -9 -9 -9 -9 -9 -9 -9 -9 -9 -9 -9 -9 -9 -9 -9 -9 -9 -9 -9 -9 -9 -9 -9 -9 -9 -9 0 11 0 59 65 55 65 69 56 35 9 54 1 4 66 13 13 46 30 45 26 55 81 27 16 0 55 21 0 1 3 0 0 36 83 28 2 49 47 55 80 82 52 81 63 74 47 84 3 12 40 88
-9 -9 -9 -9 -9 -9 -9 -9 -9 -9 -9 -9 -9 -9 -9 -9 -9 -9 -9 -9 -9 -9 -9 -9 -9 -9 -9 -9 -9 -9 -9 -9 -9 -9 -9 -9 -9 -9 -9 -9 -9 -9 -9 49 16 55 38 57 40 95 80 72 42 1 17 42 18 39 27 0 24 38 28 4 0 28 57 12 47 26 34 0 0 23 4 6 25 52 37 43 59 73 47 21 6 3 47 100 86 17 70 51 63 65 89 62
-9 -9 -9 -9 -9 -9 -9 -9 -9 -9 -9 -9 -9 -9 -9 -9 -9 -9 -9 -9 -9 -9 -9 -9 -9 -9 -9 -9 -9 -9 -9 -9 -9 -9 -9 -9 -9 -9 -9 -9 -9 11 11 26 59 62 54 8 31 53 46 79 45 1 36 9 27 12 0 3 67 43 15 4 25 57 39 52 26 7 6 18 4 16 50 32 70 33 5 39 85 0 0 0 0 2 65 81 56 41 95 27 1 3 17 0
-9 -9 -9 -9 -9 -9 -9 -9 -9 -9 -9 -9 -9 -9 -9 -9 -9 -9 -9 -9 -9 -9 -9 -9 -9 -9 -9 -9 -9 -9 -9 -9 -9 -9 -9 -9 -9 -9 -9 -9 0 0 4 35 81 35 0 0 29 0 18 61 25 20 27 43 69 0 0 37 75 58 48 80 53 49 70 15 0 29 53 50 2 51 39 52 15 29 57 59 13 0 0 0 1 55 47 64 66 34 38 0 0 0 0 0
-9 -9 -9 -9 -9 -9 -9 -9 -9 -9 -9 -9 -9 -9 -9 -9 -9 -9 -9 -9 -9 -9 -9 -9 -9 -9 -9 -9 -9 -9 -9 -9 -9 -9 -9 -9 -9 -9 -9 13 14 43 79 71 34 17 67 50 0 0 35 46 4 31 34 57 5 0 5 49 69 94 55 36 46 46 34 7 7 0 35 39 53 17 52 47 4 72 5 0 0 0 0 7 68 87 65 2 29 25 0 0 0 3 15 0
-9 -9 -9 -9 -9 -9 -9 -9 -9 -9 -9 -9 -9 -9 -9 -9 -9 -9 -9 -9 -9 -9 -9 -9 -9 -9 -9 -9 -9 -9 -9 -9 -9 -9 -9 -9 -9 -9 70 67 80 18 46 20 39 20 38 1 0 0 4 21 33 76 66 0 3 52 80 20 32 61 52 68 68 52 34 22 25 35 21 76 13 17 93 5 47 71 14 0 0 0 13 85 74 64 2 0 0 0 0 0 0 72 38 0
-9 -9 -9 -9 -9 -9 -9 -9 -9 -9 -9 -9 -9 -9 -9 -9 -9 -9 -9 -9 -9 -9 -9 -9 -9 -9 -9 -9 -9 -9 -9 -9 -9 -9 -9 -9 -9 67 39 32 50 35 49 31 11 0 3 38 10 48 40 56 67 59 6 4 58 80 32 41 46 60 42 16 43 54 42 19 34 46 53 10 3 45 9 31 66 40 0 0 0 28 91 81 59 8 20 0 0 0 18 12 39 38 0 0
-9 -9 -9 -9 -9 -9 -9 -9 -9 -9 -9 -9 -9 -9 -9 -9 -9 -9 -9 -9 -9 -9 -9 -9 -9 -9 -9 -9 -9 -9 -9 -9 -9 -9 -9 -9 19 79 5 0 0 21 19 14 40 71 46 50 35 73 25 85 28 36 51 41 48 43 59 47 45 8 11 34 56 24 4 57 4 42 26 10 56 9 46 100 35 1 16 11 20 100 100 100 46 0 0 0 0 0 0 0 0 0 0 28
-9 -9 -9 -9 -9 -9 -9 -9 -9 -9 -9 -9 -9 -9 -9 -9 -9 -9 -9 -9 -9 -9 -9 -9 -9 -9 -9 -9 -9 -9 -9 -9 -9 -9 -9 48 58 51 0 0 0 0 45 59 93 31 8 5 36 9 28 63 22 57 69 75 57 88 94 54 17 0 0 3 29 91 86 78 40 5 10 63 21 25 94 45 0 0 8 9 49 77 100 91 30 0 0 16 18 9 65 13 0 0 0 0
-9 -9 -9 -9 -9 -9 -9 -9 -9 -9 -9 -9 -9 -9 -9 -9 -9 -9 -9 -9 -9 -9 -9 -9 -9 -9 -9 -9 -9 -9 -9 -9 -9 -9 -9 79 86 0 0 0 0 52 65 31 59 6 1 0 10 55 87 65 53 34 46 88 84 65 57 52 18 0 46 91 83 66 15 26 0 6 55 18 50 73 46 58 11 22 67 93 95 21 15 3 0 0 0 0 3 0 23 55 0 0 0 0
-9 -9 -9 -9 -9 -9 -9 -9 -9 -9 -9 -9 -9 -9 -9 -9 -9 -9 -9 -9 -9 -9 -9 -9 -9 -9 -9 -9 -9 -9 -9 -9 -9 -9 100 87 36 0 0 10 50 51 34 61 24 13 28 55 29 10 63 82 67 53 35 84 77 43 31 2 17 28 16 71 33 12 0 0 4 43 17 32 100 80 60 51 7 10 35 42 73 21 0 0 0 0 0 0 0 0 0 41 1 0 8 6
-9 -9 -9 -9 -9 -9 -9 -9 -9 -9 -9 -9 -9 -9 -9 -9 -9 -9 -9 -9 -9 -9 -9 -9 -9 -9 -9 -9 -9 -9 -9 -9 -9 60 97 23 3 0 6 20 34 9 51 32 0 6 91 88 35 40 61 65 60 59 39 16 2 12 20 34 30 48 59 51 4 0 0 0 19 0 0 28 52 43 87 43 41 0 0 0 0 0 0 0 0 0 0 0 0 0 0 20 0 0 47 14
-9 -9 -9 -9 -9 -9 -9 -9 -9 -9 -9 -9 -9 -9 -9 -9 -9 -9 -9 -9 -9 -9 -9 -9 -9 -9 -9 -9 -9 -9 -9 -9 -9 89 25 0 0 27 24 55 20 0 11 0 18 30 68 92 79 80 62 64 40 0 0 4 41 45 35 33 51 82 63 31 29 0 0 0 31 39 55 45 20 46 100 65 39 0 6 0 0 0 0 0 0 0 0 0 0 0 30 35 0 0 11 1
-9 -9 -9 -9 -9 -9 -9 -9 -9 -9 -9 -9 -9 -9 -9 -9 -9 -9 -9 -9 -9 -9 -9 -9 -9 -9 -9 -9 -9 -9 -9 -9 -9 7 0 2 72 15 0 24 0 0 4 46 80 30 46 52 56 76 94 69 7 34 47 69 92 27 70 39 59 30 2 1 38 55 46 41 79 24 0 25 52 75 45 3 0 31 3 0 0 0 0 0 0 0 0 0 0 10 11 0 15 41 30 0
-9 -9 -9 -9 -9 -9 -9 -9 -9 -9 -9 -9 -9 -9 -9 -9 -9 -9 -9 -9 -9 -9 -9 -9 -9 -9 -9 -9 -9 -9 -9 -9 -9 33 8 79 51 24 0 0 0 8 77 54 42 4 73 58 90 100 94 9 2 81 37 85 59 30 71 55 49 25 42 67 53 40 39 55 11 10 84 100 100 58 12 0 0 22 0 0 0 0 0 0 0 0 0 0 0 0 0 0 7 0 0 0
-9 -9 -9 -9 -9 -9 -9 -9 -9 -9 -9 -9 -9 -9 -9 -9 -9 -9 -9 -9 -9 -9 -9 -9 -9 -9 -9 -9 -9 -9 -9 -9 23 16 85 41 0 0 0 3 27 92 22 16 0 33 68 49 91 81 9 26 74 99 91 71 39 15 45 63 37 58 0 14 28 95 99 100 98 94 100 100 100 41 0 0 0 16 0 0 0 0 0 0 0 0 14 0 0 7 0 0 0 0 0 0
-9 -9 -9 -9 -9 -9 -9 -9 -9 -9 -9 -9 -9 -9 -9 -9 -9 -9 -9 -9 -9 -9 -9 -9 -9 -9 -9 -9 -9 -9 -9 -9 61 96 63 4 0 0 1 68 97 81 27 8 35 62 18 72 42 39 74 65 69 44 25 8 34 50 62 75 52 10 0 40 64 86 73 29 86 74 100 100 77 5 0 0 27 7 0 0 0 0 0 0 0 23 46 65 57 48 6 0 0 0 0 0
-9 -9 -9 -9 -9 -9 -9 -9 -9 -9 -9 -9 -9 -9 -9 -9 -9 -9 -9 -9 -9 -9 -9 -9 -9 -9 -9 -9 -9 -9 -9 -9 39 55 1 0 0 0 54 100 70 60 54 91 96 65 43 89 85 100 92 87 80 13 20 10 62 66 0 2 6 54 56 89 39 51 2 16 63 100 100 98 21 0 0 0 0 0 0 0 0 0 0 0 13 5 24 58 20 0 0 0 0 0 0 0
-9 -9 -9 -9 -9 -9 -9 -9 -9 -9 -9 -9 -9 -9 -9 -9 -9 -9 -9 -9 -9 -9 -9 -9 -9 -9 -9 -9 -9 -9 -9 -9 0 0 0 0 0 0 42 98 65 70 74 100 92 58 43 93 67 26 1 12 11 32 60 50 30 0 2 51 57 6 46 52 38 37 33 92 87 43 53 22 0 0 0 0 0 0 0 0 0 0 0 14 0 0 0 0 12 0 0 0 0 0 0 0
-9 -9 -9 -9 -9 -9 -9 -9 -9 -9 -9 -9 -9 -9 -9 -9 -9 -9 -9 -9 -9 -9 -9 -9 -9 -9 -9 -9 -9 -9 -9 -9 0 0 0 0 0 0 0 8 70 55 58 88 69 50 54 13 0 0 0 0 61 72 50 14 0 4 72 58 27 41 66 5 15 0 72 42 3 0 0 0 0 0 0 0 0 0 0 0 0 0 32 6 0 0 0 0 0 0 0 0 0 0 0 0
-9 -9 -9 -9 -9 -9 -9 -9 -9 -9 -9 -9 -9 -9 -9 -9 -9 -9 -9 -9 -9 -9 -9 -9 -9 -9 -9 -9 -9 -9 -9 -9 -9 0 0 0 0 7 9 13 56 28 6 31 36 5 0 18 49 57 52 59 64 0 0 27 45 88 98 22 26 61 23 25 52 63 30 0 0 0 0 0 0 0 0 0 0 0 0 0 0 2 8 0 0 0 0 0 0 0 0 0 28 24 3 24
-9 -9 -9 -9 -9 -9 -9 -9 -9 -9 -9 -9 -9 -9 -9 -9 -9 -9 -9 -9 -9 -9 -9 -9 -9 -9 -9 -9 -9 -9 -9 -9 -9 0 0 1 31 78 68 65 38 1 10 47 15 32 61 21 10 0 0 0 13 50 69 80 78 100 59 57 33 65 51 28 69 47 3 0 0 0 0 0 0 0 0 0 0 0 0 2 31 58 16 0 0 0 0 0 0 0 0 1 13 8 74 28
-9 -9 -9 -9 -9 -9 -9 -9 -9 -9 -9 -9 -9 -9 -9 -9 -9 -9 -9 -9 -9 -9 -9 -9 -9 -9 -9 -9 -9 -9 -9 -9 -9 60 18 54 55 49 82 40 46 0 2 25 51 37 71 82 21 37 49 54 52 57 48 37 92 96 62 10 22 42 40 60 100 99 5 0 0 0 0 0 0 0 0 0 0 0 19 33 2 10 2 17 0 0 0 0 0 0 0 0 0 3 76 16
-9 -9 -9 -9 -9 -9 -9 -9 -9 -9 -9 -9 -9 -9 -9 -9 -9 -9 -9 -9 -9 -9 -9 -9 -9 -9 -9 -9 -9 -9 -9 -9 -9 100 99 89 66 81 75 27 2 4 40 73 50 14 65 40 62 33 69 98 69 29 26 77 100 77 89 61 53 75 49 29 77 71 24 0 0 0 0 0 0 0 0 0 0 7 29 10 23 18 0 0 0 0 0 0 0 0 6 24 36 51 60 10
-9 -9 -9 -9 -9 -9 -9 -9 -9 -9 -9 -9 -9 -9 -9 -9 -9 -9 -9 -9 -9 -9 -9 -9 -9 -9 -9 -9 -9 -9 -9 -9 -9 100 78 48 58 47 59 38 46 74 80 63 67 54 43 29 6 47 100 85 48 22 21 44 17 97 70 21 67 35 87 56 30 6 37 16 0 0 0 0 0 0 0 0 8 39 1 64 0 0 0 0 0 0 0 0 0 2 54 12 45 10 5 0
-9 -9 -9 -9 -9 -9 -9 -9 -9 -9 -9 -9 -9 -9 -9 -9 -9 -9 -9 -9 -9 -9 -9 -9 -9 -9 -9 -9 -9 -9 -9 -9 -9 39 0 7 2 68 80 65 65 33 49 68 59 23 22 23 43 69 100 91 38 22 59 27 46 48 31 24 19 32 18 54 9 0 0 0 0 0 0 0 0 0 0 2 23 0 0 26 1 0 0 0 0 0 0 0 13 23 31 20 0 16 0 31
-9 -9 -9 -9 -9 -9 -9 -9 -9 -9 -9 -9 -9 -9 -9 -9 -9 -9 -9 -9 -9 -9 -9 -9 -9 -9 -9 -9 -9 -9 -9 -9 3 9 79 79 46 27 93 57 0 0 1 9 65 85 28 57 62 97 89 49 51 86 25 57 85 56 0 0 0 0 0 0 0 0 0 0 0 0 0 0 0 0 0 2 0 0 0 0 0 0 0 0 0 0 0 0 32 56 17 42 12 11 32 61
-9 -9 -9 -9 -9 -9 -9 -9 -9 -9 -9 -9 -9 -9 -9 -9 -9 -9 -9 -9 -9 -9 -9 -9 -9 -9 -9 -9 -9 -9 -9 -9 0 69 36 33 15 20 91 52 1 0 0 1 47 71 47 25 82 68 48 58 90 22 57 69 11 0 0 0 0 0 0 11 14 0 0 0 0 0 0 0 0 0 0 0 0 0 0 0 0 0 0 0 0 0 0 3 53 59 30 5 10 28 56 1
-9 -9 -9 -9 -9 -9 -9 -9 -9 -9 -9 -9 -9 -9 -9 -9 -9 -9 -9 -9 -9 -9 -9 -9 -9 -9 -9 -9 -9 -9 -9 -9 12 34 81 0 0 26 47 100 83 30 37 36 66 58 20 0 22 51 73 93 77 12 0 3 27 58 28 3 0 0 0 27 10 0 0 0 0 0 0 0 0 0 0 0 0 0 0 0 0 0 0 0 0 0 0 0 5 57 20 3 11 31 56 0
-9 -9 -9 -9 -9 -9 -9 -9 -9 -9 -9 -9 -9 -9 -9 -9 -9 -9 -9 -9 -9 -9 -9 -9 -9 -9 -9 -9 -9 -9 -9 18 52 87 21 1 33 66 89 97 72 41 16 60 56 4 0 0 44 8 18 51 62 20 49 8 2 33 8 15 0 0 21 8 0 0 0 0 0 0 0 0 12 0 0 16 50 0 0 0 18 5 0 0 0 0 0 0 39 93 20 0 44 51 34 6
-9 -9 -9 -9 -9 -9 -9 -9 -9 -9 -9 -9 -9 -9 -9 -9 -9 -9 -9 -9 -9 -9 -9 -9 -9 -9 -9 -9 -9 67 1 22 48 29 0 25 78 97 67 50 62 47 61 55 89 30 33 50 62 18 33 78 65 0 37 49 22 32 0 0 0 0 0 0 0 0 2 0 0 0 0 19 34 46 18 11 30 33 0 0 27 7 8 3 0 0 0 37 81 28 7 28 61 12 21 6
-9 -9 -9 -9 -9 -9 -9 -9 -9 -9 -9 -9 -9 -9 -9 -9 -9 -9 -9 -9 -9 -9 -9 -9 -9 -9 -9 -9 81 37 80 9 6 0 23 62 84 53 49 12 58 31 59 93 90 76 99 18 93 95 90 69 42 0 42 58 42 1 0 22 2 0 0 0 12 65 73 9 0 0 0 9 9 17 6 0 0 19 3 37 26 0 75 27 0 0 27 67 81 2 13 63 25 14 49 7
-9 -9 -9 -9 -9 -9 -9 -9 -9 -9 -9 -9 -9 -9 -9 -9 -9 -9 -9 -9 -9 -9 -9 -9 -9 -9 85 93 84 100 100 79 9 19 93 87 54 0 0 7 87 96 99 70 98 100 97 65 42 82 78 74 16 10 7 0 0 0 0 3 21 0 11 30 76 73 33 10 0 0 20 23 0 0 0 0 10 96 31 25 3 1 47 12 26 33 29 39 53 0 0 7 1 27 35 21
-9 -9 -9 -9 -9 -9 -9 -9 -9 -9 -9 -9 -9 -9 -9 -9 -9 -9 -9 -9 -9 -9 -9 -9 -9 98 100 94 96 51 93 36 0 18 68 54 4 0 2 39 84 93 89 84 100 100 90 24 63 61 0 7 41 38 19 0 0 0 0 0 0 21 16 44 37 35 20 64 44 2 14 0 0 0 0 1 61 64 42 22 1 17 19 36 79 31 0 0 0 0 0 20 0 5 8 1
-9 -9 -9 -9 -9 -9 -9 -9 -9 -9 -9 -9 -9 -9 -9 -9 -9 -9 -9 -9 -9 -9 -9 100 100 84 94 73 34 5 12 0 13 23 55 60 11 0 0 38 59 28 10 48 58 99 33 24 36 35 5 1 3 46 1 0 0 0 0 0 0 0 0 18 8 46 71 8 31 61 23 8 0 25 2 14 34 0 3 0 14 13 0 0 4 0 0 0 0 0 0 3 9 23 75 20
-9 -9 -9 -9 -9 -9 -9 -9 -9 -9 -9 -9 -9 -9 -9 -9 -9 -9 -9 -9 -9 -9 59 84 96 84 47 29 4 37 48 60 45 81 48 0 0 23 35 70 14 51 63 71 75 42 40 31 81 85 0 0 1 19 0 0 0 0 0 0 0 0 0 2 45 45 37 0 12 1 26 28 24 9 0 0 0 27 40 0 0 0 0 0 0 43 39 0 0 24 48 47 8 41 33 4
-9 -9 -9 -9 -9 -9 -9 -9 -9 -9 -9 -9 -9 -9 -9 -9 -9 -9 -9 -9 -9 25 15 95 100 75 1 16 70 72 55 68 37 0 4 15 64 92 67 59 20 95 70 33 10 54 34 39 48 39 2 0 27 16 0 0 0 0 0 0 0 21 11 25 7 4 0 0 0 0 28 7 2 0 0 0 0 50 29 0 0 0 0 3 24 70 91 9 0 5 1 17 38 9 14 57
-9 -9 -9 -9 -9 -9 -9 -9 -9 -9 -9 -9 -9 -9 -9 -9 -9 -9 -9 -9 10 66 66 96 88 12 90 84 35 20 0 0 3 27 14 89 93 46 62 61 41 70 74 24 65 79 55 14 0 20 16 0 1 0 0 0 0 0 0 0 0 20 44 40 21 2 0 0 0 0 5 28 0 0 0 10 11 24 0 16 0 0 2 51 25 18 42 1 0 0 3 72 88 6 8 41
-9 -9 -9 -9 -9 -9 -9 -9 -9 -9 -9 -9 -9 -9 -9 -9 -9 -9 -9 2 15 79 100 100 93 60 91 21 8 0 0 7 62 77 91 59 60 37 62 92 14 63 50 29 67 14 0 0 11 65 35 0 0 0 0 0 0 0 21 0 0 0 0 8 0 34 30 11 41 1 16 67 26 30 0 37 13 33 15 53 0 2 59 39 0 7 27 2 0 0 17 61 13 10 13 42
-9 -9 -9 -9 -9 -9 -9 -9 -9 -9 -9 -9 -9 -9 -9 -9 -9 -9 2 22 80 100 100 90 40 71 9 0 0 2 49 87 90 95 36 60 61 33 57 90 0 67 16 0 43 38 61 8 36 86 9 0 0 0 0 0 0 13 64 0 0 19 48 8 41 19 49 16 28 39 42 38 20 46 0 25 45 25 0 53 45 7 59 78 0 17 5 28 34 21 39 7 0 12 40 23
