data/habitatmaps/RS_maps/habitat_Pyrrhula.pyrrhula_2010.asc
NCOLS 369 
NROWS 228 
XLLCORNER 479000 
YLLCORNER 73000 
CELLSIZE 1000 
NODATA_value -9 
[rows 126 to 188 of 228, columns 96 to 191 of 369]
38 1 18 32 53 52 99 80 60 35 52 89 97 14 18 46 48 52 49 34 44 33 34 27 13 31 10 30 40 57 55 49 21 0 0 0 9 72 36 0 0 0 0 37 18 35 12 11 59 67 54 34 7 33 73 41 11 50 79 66 39 67 87 10 0 0 2 36 83 65 56 30 55 64 0 9 34 16 56 79 72 52 23 63 95 62 83 75 89 88 81 71 88 61 9 0
21 1 71 11 66 100 100 84 55 56 72 83 74 86 82 44 73 74 72 90 88 40 28 15 27 10 8 14 22 41 37 92 92 42 1 0 19 68 62 16 30 0 0 0 0 1 37 61 100 100 76 21 42 62 57 88 87 98 89 82 79 60 6 0 0 10 59 80 47 48 57 12 27 29 0 0 0 0 0 11 63 86 79 51 50 55 54 73 95 76 63 48 49 49 0 0
0 0 0 41 74 92 88 52 33 87 45 41 27 49 41 47 38 55 50 53 20 18 42 0 0 0 0 0 2 0 1 12 23 90 91 47 57 37 0 43 19 0 0 0 0 0 0 20 97 99 55 58 62 44 52 100 100 85 92 35 4 1 0 15 35 85 90 63 91 99 43 0 0 0 0 0 0 0 0 14 65 71 70 69 73 21 85 80 30 14 0 0 0 21 11 0
22 13 43 71 93 25 64 76 52 96 59 37 6 19 22 98 30 43 47 40 17 6 2 0 0 5 2 21 60 47 28 2 1 35 51 92 98 35 0 40 48 33 0 0 1 0 0 0 76 62 30 47 91 61 94 82 100 89 16 0 0 0 16 81 96 84 36 0 0 79 37 0 0 0 0 0 0 0 4 77 69 45 2 0 47 55 94 60 0 0 0 0 0 0 0 0
22 15 44 60 95 15 49 51 40 57 56 58 17 49 45 24 66 74 49 35 8 10 1 0 12 34 22 17 71 36 0 0 0 0 0 10 50 56 18 52 53 41 17 20 1 0 0 0 38 77 70 49 48 68 49 1 6 0 0 0 29 54 94 94 20 16 0 0 0 12 0 0 0 0 0 0 2 21 48 56 79 6 0 0 69 99 100 94 33 1 0 0 0 0 0 0
11 21 72 96 92 10 36 49 88 93 68 18 47 35 19 24 30 43 12 2 0 0 0 0 7 77 100 66 58 6 2 2 0 0 0 5 22 73 84 81 0 23 14 14 24 0 0 0 0 0 0 0 0 0 0 3 56 21 0 40 97 100 91 26 0 0 0 0 0 0 0 0 0 0 0 0 26 76 45 24 20 0 0 17 45 17 79 65 68 50 11 0 0 0 0 0
26 36 58 23 30 64 42 74 88 82 30 37 38 2 50 53 27 36 58 34 3 2 15 36 37 43 65 53 23 15 36 32 23 30 32 61 63 74 67 63 5 0 28 28 27 39 0 0 0 0 0 0 12 0 21 71 74 0 62 95 82 55 12 0 0 0 0 0 0 0 0 0 0 0 0 2 13 13 1 0 0 0 1 62 26 0 5 70 56 85 50 12 0 0 0 0
17 47 65 75 21 44 26 41 37 65 15 56 11 50 47 1 0 2 1 1 57 50 50 64 21 1 0 22 15 2 8 2 15 5 19 5 26 53 80 56 92 65 30 2 50 5 41 29 22 21 0 41 63 59 96 100 87 18 78 58 4 0 6 16 0 0 0 4 0 0 0 0 0 0 9 0 0 0 0 0 0 0 6 84 15 0 0 9 47 18 19 47 0 0 0 0
51 55 79 83 29 55 41 25 70 37 4 44 65 41 3 0 0 0 0 1 40 50 41 8 7 31 43 38 29 38 43 23 35 31 28 25 13 41 98 88 50 74 96 38 0 16 12 32 83 96 42 61 79 97 93 100 100 92 67 100 44 16 60 22 22 17 15 36 37 15 4 8 0 14 7 0 0 0 0 0 0 0 0 23 0 0 0 0 8 60 59 7 0 0 0 0
72 64 61 37 16 32 78 52 54 17 8 24 37 17 0 0 0 0 0 18 31 23 10 29 26 21 51 61 67 77 25 67 61 53 50 17 26 45 58 50 7 3 82 50 4 44 55 53 81 93 77 98 24 39 68 73 86 100 79 93 87 91 84 83 80 85 90 50 65 41 40 52 0 59 23 0 0 0 0 0 0 0 0 0 0 0 0 0 0 1 11 10 0 0 0 0
84 62 53 19 32 54 18 35 54 0 9 1 0 0 0 0 0 6 5 16 21 31 51 43 22 50 47 93 68 29 41 56 34 76 53 20 4 45 4 0 5 4 36 69 23 18 7 71 66 86 69 29 0 28 29 57 7 39 95 92 59 69 77 68 65 29 56 73 29 61 82 28 4 38 0 0 0 0 0 0 0 0 0 0 0 0 0 0 0 0 22 14 0 0 0 0
88 54 43 12 10 36 40 25 16 0 0 0 4 15 13 0 0 35 49 8 38 71 56 18 10 47 8 13 26 16 0 47 74 77 47 16 13 12 0 0 28 39 64 52 5 15 77 67 94 66 75 0 1 81 31 0 0 0 46 60 100 94 22 47 54 63 62 42 13 2 7 11 50 47 0 0 0 0 0 0 0 0 0 0 0 0 0 0 0 0 6 10 0 0 0 0
38 11 33 41 29 72 54 34 0 0 2 37 45 66 44 7 28 28 28 6 65 27 9 9 23 46 0 0 0 0 0 27 39 37 4 13 42 0 0 5 17 84 49 6 0 33 87 40 53 37 28 0 0 5 6 0 0 7 97 93 85 71 39 0 2 70 72 26 23 1 21 62 35 0 0 0 0 0 0 0 0 0 0 0 0 0 0 0 0 0 3 45 0 0 0 0
44 16 69 74 83 58 57 50 36 25 31 55 49 17 37 40 25 42 12 32 61 13 14 14 0 0 6 15 16 9 49 3 11 38 16 13 13 0 7 34 93 54 34 8 28 42 59 48 2 0 0 0 0 0 0 0 2 38 83 100 74 34 92 6 1 88 100 97 31 29 86 59 1 0 0 0 0 0 0 0 0 0 0 0 0 0 0 0 0 0 0 0 0 0 0 0
67 66 70 60 58 68 53 73 47 9 52 71 74 53 78 39 23 4 14 32 45 8 20 7 0 0 7 0 14 24 77 30 0 0 25 15 0 0 54 69 46 38 7 50 85 59 19 55 1 0 0 0 0 0 0 0 0 0 11 70 44 58 39 9 0 59 86 66 15 9 4 0 0 0 0 0 0 0 0 0 0 0 0 0 0 0 0 0 0 0 0 0 0 0 0 0
55 29 56 67 39 54 81 16 46 83 59 59 33 35 71 56 6 12 47 51 49 44 30 0 0 0 0 1 5 54 60 11 7 17 19 0 0 0 39 31 16 8 58 18 62 18 34 77 20 5 0 0 0 0 0 0 0 0 5 38 42 65 50 0 0 7 2 0 0 0 0 0 0 0 0 0 0 0 0 0 0 0 0 0 0 0 0 0 0 0 0 0 0 0 0 0
50 31 51 48 35 77 17 1 13 63 57 54 38 16 44 60 8 32 32 31 49 46 20 12 0 9 35 29 5 22 6 0 8 19 2 0 0 19 47 23 2 25 18 2 51 56 36 83 75 70 27 20 4 0 0 0 0 0 2 73 20 92 35 0 0 0 0 0 0 0 0 0 0 0 0 0 0 0 0 0 0 0 0 0 0 0 0 0 0 0 0 0 0 0 0 0
84 20 41 27 21 49 40 0 0 4 10 12 56 40 50 27 26 9 7 14 25 55 20 1 0 0 26 44 0 7 6 0 0 7 0 0 0 57 55 43 7 34 43 8 24 18 49 77 28 70 61 36 0 0 0 0 0 0 3 53 23 76 60 66 7 0 0 0 0 0 0 0 0 0 0 0 0 0 0 0 0 0 0 0 0 0 0 0 0 0 0 0 0 0 0 0
18 38 25 1 1 58 66 17 25 30 2 12 35 60 31 33 24 13 67 1 0 0 0 0 0 4 64 7 34 21 3 0 0 0 0 0 39 37 52 30 37 16 49 8 0 6 64 59 25 12 2 0 0 0 0 0 0 0 2 21 67 25 0 6 0 0 0 0 0 0 0 0 0 0 0 0 0 0 0 0 0 0 0 0 0 0 0 0 0 0 0 0 0 0 0 0
52 1 43 49 3 0 7 27 16 40 1 3 23 51 15 1 8 5 48 66 0 29 17 3 6 0 19 56 66 54 34 10 0 0 0 0 0 31 54 35 31 77 0 40 8 0 0 27 75 63 36 0 0 0 0 0 0 0 37 27 27 0 0 0 0 0 0 0 0 0 0 0 0 0 0 0 0 0 0 0 0 0 0 0 0 0 0 0 0 0 0 0 0 0 37 12
14 1 10 0 0 25 16 55 12 0 10 22 38 59 7 11 9 18 30 44 32 15 46 59 37 0 0 2 19 14 28 20 0 0 0 0 37 73 40 0 7 53 5 51 33 0 0 0 2 22 45 17 0 0 0 0 0 5 42 79 68 32 0 0 0 0 0 0 0 0 0 0 0 0 0 0 0 0 0 0 0 0 0 0 0 0 0 0 0 0 0 0 0 1 56 88
35 24 0 0 0 7 6 2 0 12 24 18 3 16 1 9 9 52 18 2 66 44 55 41 22 0 1 0 0 0 28 5 0 0 0 4 34 48 29 1 0 16 59 50 44 13 0 0 0 0 0 0 0 0 0 0 9 46 55 43 60 34 0 0 0 0 0 0 0 0 0 0 0 0 0 0 0 0 0 0 0 0 0 0 0 0 0 0 0 0 0 0 3 25 68 38
69 3 0 0 0 0 0 1 7 55 72 42 22 22 11 2 39 38 20 14 69 5 21 3 1 20 19 7 9 0 7 0 0 0 25 27 35 47 39 22 1 12 70 26 35 7 0 0 0 0 0 0 0 0 0 0 0 0 0 0 25 44 0 0 0 0 0 0 0 0 0 0 0 0 0 0 0 0 0 0 0 0 0 0 0 0 0 0 0 0 1 13 33 16 15 93
59 0 0 23 31 45 17 28 50 46 74 39 14 26 34 19 27 23 68 21 54 6 14 23 18 48 29 5 10 13 0 0 0 4 27 65 57 20 26 6 0 0 40 17 42 0 0 0 0 0 0 0 0 0 0 0 0 0 3 34 24 3 0 0 0 0 0 0 0 0 0 0 0 0 0 0 0 0 0 0 0 0 0 0 0 0 0 0 0 0 18 34 11 29 84 14
13 1 0 28 25 36 1 71 36 24 58 50 13 3 0 0 45 20 9 0 32 35 24 50 68 46 0 0 0 0 0 0 0 6 23 44 20 12 12 0 0 0 31 59 35 28 8 0 0 0 0 0 0 0 0 0 0 0 1 6 0 0 0 0 0 0 0 0 0 0 0 0 0 0 0 0 0 0 0 0 0 0 0 0 0 0 0 1 3 31 15 8 42 46 17 0
0 0 4 54 86 46 47 43 8 34 51 33 21 11 0 1 2 2 2 0 39 47 50 24 49 45 31 1 0 0 0 0 4 5 21 10 25 56 1 0 0 0 50 23 51 60 12 0 0 0 0 0 0 0 0 0 0 0 0 0 0 0 0 0 0 0 0 0 0 0 0 0 0 0 0 0 0 0 0 0 0 0 0 0 0 0 0 57 45 11 11 78 100 58 48 0
0 31 18 34 97 49 1 3 12 43 33 3 18 1 10 2 36 55 67 15 46 41 17 66 30 35 45 15 0 0 0 13 31 59 3 13 31 39 0 0 0 1 26 38 67 2 0 0 0 0 0 0 0 0 0 0 0 0 0 0 0 0 0 0 0 0 0 0 0 0 0 0 0 0 0 0 0 0 0 0 0 0 0 0 0 4 25 75 10 38 90 90 48 0 0 0
71 8 0 11 55 5 14 57 65 37 73 45 0 0 42 45 18 38 26 28 3 29 15 57 9 44 47 2 0 0 0 20 26 50 2 34 55 22 0 0 0 4 14 84 29 0 0 0 0 0 0 0 0 0 0 0 0 0 0 0 0 0 0 0 0 0 0 0 0 0 0 0 0 0 0 0 0 0 0 0 0 0 0 0 1 55 38 0 25 73 87 6 0 0 0 0
17 16 52 37 43 88 55 49 39 97 78 82 39 0 37 48 40 25 25 12 0 0 0 65 18 2 36 45 3 0 0 11 28 64 33 64 5 0 0 0 1 19 61 25 0 0 0 0 0 0 0 0 0 0 0 0 0 0 0 0 0 0 0 0 0 0 0 0 0 0 0 0 0 0 0 0 0 0 0 0 0 0 0 1 58 62 6 29 78 40 15 0 0 0 0 0
4 41 29 21 90 82 17 4 19 40 40 39 55 0 0 10 20 0 0 0 0 0 17 73 9 0 51 72 27 0 1 29 45 12 21 42 0 0 0 0 0 36 63 7 0 0 23 0 0 0 0 0 0 0 0 0 0 0 0 0 0 0 0 0 0 0 0 0 0 0 0 0 0 0 0 0 0 0 0 0 0 0 5 64 29 3 46 100 76 2 0 0 0 0 0 0
47 30 42 61 89 58 0 0 38 46 31 37 29 24 31 76 20 0 0 0 0 0 40 55 28 2 25 25 10 0 0 7 21 2 43 3 0 0 0 0 0 72 34 48 57 49 70 33 5 0 0 0 0 0 0 0 0 0 0 0 0 0 0 0 0 0 0 0 0 0 0 0 0 0 0 0 0 0 9 0 0 0 53 37 8 70 93 50 34 8 0 0 0 0 0 0
75 48 38 8 55 17 0 2 45 44 35 45 21 69 74 75 19 5 0 0 0 1 42 28 12 5 32 36 15 0 0 0 0 0 0 0 0 0 0 2 4 7 0 0 4 51 41 33 19 0 0 0 0 0 0 0 2 12 2 0 0 0 0 0 0 0 0 0 0 0 0 0 0 0 0 0 0 3 39 5 29 54 49 24 81 93 40 0 0 0 0 0 0 0 0 0
39 36 46 14 7 0 0 9 27 35 28 53 50 71 77 35 67 5 0 0 0 3 3 33 22 55 18 53 44 26 0 0 0 0 0 0 0 0 0 3 4 0 0 0 0 1 0 0 0 0 0 0 0 7 8 13 16 6 1 0 0 0 0 0 0 0 0 0 0 0 0 0 0 0 0 0 0 38 68 15 22 77 40 83 93 43 0 0 0 0 0 0 0 0 0 0
74 69 30 64 47 62 1 0 0 14 21 91 30 43 82 21 6 1 0 0 0 0 3 31 31 43 68 61 98 46 1 0 0 0 0 0 0 0 0 0 0 0 0 0 0 0 0 0 0 0 0 0 9 50 21 14 28 0 0 0 0 0 0 0 0 0 0 0 0 0 0 0 0 0 0 0 2 86 86 45 70 40 82 77 16 0 0 0 0 0 0 0 0 0 0 0
12 41 59 54 47 38 22 0 3 24 26 47 17 41 57 26 25 0 8 4 0 0 20 67 51 41 24 38 50 23 0 0 0 0 0 0 0 0 0 0 0 0 0 0 0 0 0 0 0 0 3 16 28 33 77 55 1 0 0 0 0 0 0 0 0 0 0 0 0 0 0 0 0 0 0 0 28 83 36 67 47 89 53 3 0 0 0 0 0 0 0 0 0 0 0 0
12 10 44 41 19 54 50 0 51 33 45 50 20 12 0 25 7 11 1 3 0 3 36 11 32 56 8 7 3 1 0 0 0 0 0 0 0 0 0 0 0 0 0 0 0 0 0 0 14 8 49 27 36 43 28 0 0 0 0 0 0 0 0 0 0 0 0 0 0 0 0 0 0 0 0 45 82 78 24 45 88 82 11 0 0 0 0 0 0 0 0 0 0 0 0 0
51 30 43 32 0 47 18 10 54 20 73 49 0 0 0 11 27 48 5 0 0 0 0 0 0 0 0 0 0 0 0 0 0 0 0 0 0 0 0 0 0 0 8 0 0 0 0 0 43 30 39 81 66 13 0 0 0 0 0 0 0 0 0 0 0 0 0 0 0 0 5 21 9 0 3 59 78 14 14 79 72 70 41 0 0 0 0 0 0 0 0 0 0 0 0 0
33 3 0 0 0 24 0 45 71 6 34 37 19 37 0 0 13 29 0 0 0 0 0 0 0 0 0 0 0 0 0 0 0 0 0 0 0 0 5 58 22 53 15 0 0 0 0 3 26 58 85 38 3 0 0 0 0 0 0 0 0 0 0 0 0 0 0 0 0 52 67 5 0 36 74 53 51 61 50 49 85 36 0 0 0 0 0 0 0 0 0 0 0 0 0 0
0 0 0 0 0 0 0 32 7 21 41 1 19 5 0 0 15 0 0 0 0 0 0 0 0 0 0 0 0 0 0 0 0 0 0 0 0 0 0 22 72 22 0 0 0 0 0 3 54 96 32 0 0 0 0 0 0 0 0 0 0 0 0 0 0 0 0 3 50 58 4 41 70 33 63 23 53 66 78 99 83 49 42 32 23 51 59 33 9 0 0 0 0 0 0 0
18 5 0 3 0 0 0 0 7 48 56 64 77 23 0 0 0 0 0 0 0 0 0 0 0 0 0 0 0 0 0 0 0 0 0 0 0 0 0 49 63 0 0 0 0 0 0 2 39 73 15 0 0 0 0 0 0 0 0 0 0 0 0 0 0 9 45 16 33 20 37 69 45 25 36 78 92 79 58 77 58 89 66 64 65 78 0 0 0 0 0 0 0 0 0 0
49 5 8 61 29 0 8 18 78 47 45 19 17 3 0 0 0 0 0 0 0 0 0 0 0 0 0 0 0 0 0 0 0 0 0 0 3 2 27 91 16 0 0 0 0 0 0 6 56 60 21 0 0 0 0 0 0 0 0 0 0 0 0 0 0 14 20 56 94 97 12 20 20 28 37 75 56 26 0 20 81 65 98 68 81 22 0 0 0 0 4 1 0 0 0 0
59 51 15 17 51 65 43 40 77 48 0 0 0 0 0 0 0 0 0 0 0 0 0 0 1 7 0 0 0 0 0 0 27 4 0 0 3 18 66 61 66 1 0 0 0 0 0 29 78 74 29 0 0 0 0 9 0 0 0 5 0 0 0 0 0 5 35 62 90 36 0 32 84 72 96 2 0 0 0 1 43 98 71 0 0 0 0 0 0 0 24 35 0 0 0 0
94 66 56 21 74 30 8 6 1 1 0 0 0 0 0 0 0 0 0 0 0 0 0 4 55 64 5 10 0 1 2 3 57 77 22 0 10 80 60 35 85 9 0 2 0 0 17 56 74 74 26 5 24 5 0 22 0 1 47 17 3 0 0 0 0 17 30 31 8 0 40 65 71 88 45 0 0 0 11 50 77 74 55 0 0 0 0 0 0 16 35 34 0 0 0 0
29 57 95 94 34 2 0 0 0 0 0 0 0 0 0 0 0 0 0 0 0 0 3 18 60 94 49 6 1 11 34 22 65 92 71 42 19 71 79 11 89 46 43 23 52 21 50 32 73 68 72 55 65 2 87 84 43 3 41 35 4 4 0 0 8 47 23 0 0 18 69 69 97 28 0 0 0 0 12 3 10 7 3 0 0 0 0 0 0 2 33 0 0 0 0 31
19 49 97 95 40 0 0 0 0 0 0 0 0 0 0 0 0 0 0 0 0 0 0 23 73 100 56 5 29 64 88 80 61 39 38 51 95 95 79 60 53 70 59 48 55 41 23 17 33 20 25 23 44 70 44 49 57 51 67 47 71 54 28 30 71 33 2 0 18 10 68 95 33 2 0 0 0 0 0 0 0 0 0 0 0 0 0 0 26 56 33 0 0 0 0 11
31 18 10 3 0 0 0 0 0 0 0 0 0 0 0 0 0 1 0 0 0 0 20 33 77 100 63 59 55 30 24 55 45 60 20 9 49 16 22 18 32 55 12 32 16 46 1 0 0 0 0 6 3 16 24 18 3 14 48 56 75 25 28 13 18 11 2 0 4 15 88 77 0 0 0 0 0 0 0 0 0 0 0 0 0 0 31 29 54 26 0 0 3 0 0 58
46 16 0 0 0 0 0 0 0 0 0 0 0 0 33 2 1 2 0 3 8 17 66 72 84 62 25 6 28 43 34 1 4 11 0 20 13 29 61 29 0 12 5 1 0 0 30 49 55 72 67 29 5 0 0 0 0 8 17 15 37 8 5 31 9 9 3 3 1 51 100 89 9 0 0 0 0 0 0 0 0 0 0 0 0 29 38 23 57 41 2 46 32 0 15 74
0 3 0 0 0 0 0 0 6 0 0 0 0 1 55 54 29 0 0 34 68 10 60 66 59 10 22 68 27 94 8 0 0 0 25 80 53 47 100 74 0 0 0 0 3 19 76 98 100 80 28 58 86 73 54 47 40 18 0 2 5 15 28 34 76 100 86 78 81 77 47 8 64 15 0 0 0 0 0 0 0 0 0 0 0 0 0 35 70 38 15 65 9 25 82 35
16 36 6 0 0 0 0 8 60 50 3 0 0 0 28 67 58 3 24 39 69 43 28 57 28 40 18 0 30 51 3 0 0 14 86 81 97 54 62 67 64 30 37 53 67 71 62 97 100 28 7 48 66 46 73 95 100 85 11 55 44 98 100 52 76 100 84 86 82 26 57 77 74 42 6 0 0 0 0 0 2 0 0 0 0 3 30 84 92 24 23 56 0 37 100 38
79 65 24 0 0 0 0 0 12 48 41 0 0 0 4 23 62 54 27 66 72 0 0 29 89 59 2 45 0 11 2 0 0 6 41 73 83 48 8 66 75 86 77 41 61 81 82 36 38 73 34 59 49 22 15 75 70 37 23 63 79 100 96 61 95 77 2 6 65 93 100 73 60 14 14 0 0 0 0 60 42 23 0 0 0 0 6 81 94 59 45 8 40 88 82 80
23 0 0 0 0 0 0 5 65 69 32 0 0 3 35 77 74 88 43 50 30 0 19 21 95 40 8 0 0 0 0 2 58 33 85 85 32 23 38 97 78 42 71 99 100 79 95 32 0 0 35 54 93 97 79 37 100 98 19 23 39 78 96 31 36 97 30 0 0 76 98 100 68 1 0 0 0 0 17 60 57 26 0 0 0 0 0 0 8 59 80 89 48 76 77 43
36 22 0 0 0 0 0 9 7 40 63 14 1 18 22 62 48 33 9 1 28 0 1 21 31 8 0 0 0 5 5 51 70 70 39 15 38 51 1 8 17 2 21 25 57 100 95 59 0 0 7 65 80 97 96 69 87 94 30 33 36 47 100 43 38 96 4 0 1 20 5 93 33 0 0 0 0 0 0 77 34 3 27 27 0 0 0 0 0 0 65 92 71 42 57 91
70 13 0 0 0 0 0 0 1 65 75 47 20 11 6 21 83 0 0 16 20 0 0 0 0 0 0 24 50 75 90 87 22 60 83 50 69 11 0 0 0 0 0 0 4 87 68 21 0 0 4 21 2 3 25 17 25 91 53 54 3 34 68 22 47 81 4 0 0 0 4 67 2 0 0 0 0 0 0 5 2 48 56 93 90 49 0 0 0 4 25 92 90 28 63 84
14 0 0 0 0 0 0 0 0 28 76 77 86 91 28 39 9 0 0 0 0 0 0 4 40 70 83 56 56 92 72 78 95 100 97 100 50 45 13 0 0 0 0 0 0 61 85 9 0 0 0 0 0 0 0 50 20 25 15 57 54 52 90 15 0 59 0 0 0 0 0 13 6 0 0 0 0 0 0 0 0 62 96 95 43 95 56 38 1 44 74 44 68 60 77 82
0 0 0 0 0 0 0 0 0 14 75 97 57 10 0 9 21 0 0 0 0 0 0 62 62 35 99 100 85 82 96 93 81 64 51 100 94 94 14 0 0 0 0 0 0 14 71 6 0 0 0 0 0 0 0 44 17 0 10 58 80 100 94 18 0 50 3 0 0 0 0 0 0 0 0 0 0 0 0 0 7 44 7 50 81 80 83 95 77 44 92 64 59 35 72 100
0 0 0 0 1 7 7 3 2 29 92 65 0 0 0 4 25 14 0 0 2 16 44 66 23 70 74 81 85 93 87 92 12 49 100 100 99 59 8 2 0 0 0 0 0 24 83 6 0 0 0 0 0 0 10 7 1 34 52 20 78 85 40 0 0 34 0 0 0 0 0 0 0 0 0 0 0 0 0 0 0 1 20 14 72 61 65 62 100 84 100 58 18 28 81 100
0 0 0 1 39 90 76 64 62 91 45 18 0 0 0 2 0 0 16 52 65 28 35 74 53 82 96 75 20 37 66 72 0 27 66 93 64 24 38 35 0 0 0 0 0 38 71 1 0 0 0 0 1 17 18 2 60 78 98 72 81 82 1 0 0 0 0 0 0 0 0 0 18 9 0 0 27 71 30 7 5 64 59 73 57 53 92 56 80 75 100 100 91 31 100 95
0 0 21 65 69 71 85 80 58 55 12 0 0 0 0 0 1 20 72 52 12 12 9 58 47 61 100 28 0 0 23 20 0 3 47 98 52 98 94 61 0 0 0 0 8 61 75 0 0 0 0 0 8 59 40 68 66 81 67 48 53 54 46 0 0 0 0 0 0 0 0 2 84 21 0 0 43 37 56 39 59 64 69 86 63 58 38 22 15 93 100 100 93 35 100 86
0 0 27 85 32 45 78 96 3 0 0 0 0 0 16 25 43 63 80 60 89 28 27 65 52 48 96 82 2 0 0 0 0 0 18 62 41 78 74 0 0 0 0 0 28 56 21 0 0 0 0 2 7 30 70 48 33 98 30 46 30 69 37 0 0 0 0 0 0 0 0 39 26 31 11 0 20 71 88 56 80 93 100 100 100 100 100 99 75 65 79 71 94 45 70 61
0 2 15 54 48 27 19 28 3 0 0 3 19 86 80 39 21 21 30 82 92 7 97 52 42 63 92 59 0 0 0 0 0 0 10 64 14 45 57 0 0 0 0 0 15 42 0 0 0 0 0 7 69 36 43 41 85 21 0 53 52 57 43 0 0 0 0 0 0 0 3 48 50 16 33 18 69 47 44 100 87 98 91 64 26 50 76 87 100 76 55 53 56 44 19 69
0 6 20 73 97 21 0 0 0 0 19 36 52 51 3 29 52 0 85 20 15 8 27 33 22 46 94 13 0 0 0 0 0 0 13 34 25 27 68 1 0 0 0 0 30 34 0 0 0 0 0 34 84 24 43 83 37 0 0 9 65 54 43 0 0 0 0 0 0 0 0 2 40 57 49 59 30 0 90 86 41 12 3 0 0 0 0 16 45 89 81 38 36 55 64 79
0 37 37 77 54 2 0 0 0 30 68 68 25 10 47 17 70 81 79 11 17 12 56 41 32 5 59 35 0 0 0 0 0 0 25 46 96 62 48 31 0 0 0 0 15 7 0 0 0 0 0 69 36 90 67 83 1 0 0 6 62 36 27 4 0 0 0 0 0 0 0 0 0 5 87 59 33 44 71 28 0 37 7 0 0 21 0 6 16 44 48 29 52 60 75 85
47 81 13 17 0 0 0 0 51 38 92 95 80 63 71 19 84 100 4 0 44 16 69 82 34 8 61 75 0 0 0 0 0 0 24 18 46 95 65 28 0 0 0 0 0 0 0 0 0 0 4 58 54 58 32 15 0 0 0 0 4 43 85 38 0 0 0 0 0 0 0 0 0 55 92 18 33 82 68 33 7 73 59 5 63 97 11 75 40 78 90 52 30 -9 -9 51
