data/habitatmaps/RS_maps/habitat_Regulus.regulus_2009.asc
NCOLS 369 
NROWS 228 
XLLCORNER 479000 
YLLCORNER 73000 
CELLSIZE 1000 
NODATA_value -9 
[rows 63 to 125 of 228, columns 192 to 287 of 369]
6 6 5 29 6 0 26 23 34 46 84 36 19 63 27 0 0 0 0 0 9 5 36 62 23 1 0 17 38 1 0 0 34 7 0 0 1 28 21 17 0 11 36 34 41 18 28 56 66 43 15 10 54 32 30 26 36 26 39 55 57 75 44 78 65 28 43 60 63 67 22 44 42 20 1 14 0 7 42 30 29 55 55 31 31 8 0 25 61 30 86 38 0 0 0 50
0 2 0 45 2 2 36 42 47 34 33 57 66 81 78 0 0 0 0 2 3 16 16 12 30 36 0 7 10 14 29 12 6 1 3 8 32 25 46 56 17 4 12 22 34 43 51 45 16 18 22 29 20 16 39 1 28 27 34 38 60 64 35 72 69 59 63 74 80 76 61 41 0 0 0 0 0 0 0 6 37 26 15 54 42 12 1 22 4 48 76 48 1 0 1 96
0 0 0 15 17 0 50 61 12 24 24 67 100 93 99 28 0 0 0 0 0 0 0 5 55 50 20 2 21 15 10 3 20 0 66 21 1 40 83 55 32 61 18 39 10 28 5 24 16 20 4 46 78 48 56 48 3 21 44 15 0 38 49 59 38 55 74 62 78 100 46 8 0 0 0 0 0 0 0 29 0 0 7 0 13 8 6 6 0 0 16 26 22 29 60 46
0 0 0 0 0 0 10 55 20 8 18 50 100 100 94 33 12 0 1 0 0 0 0 0 0 16 36 40 42 3 8 16 0 0 66 10 5 16 48 37 25 34 32 15 19 12 25 0 13 16 83 100 94 62 68 60 16 8 18 24 0 7 31 42 16 8 52 58 49 40 12 0 0 0 0 0 0 0 0 2 12 0 0 0 76 46 14 0 0 24 42 28 20 31 74 10
0 0 6 47 8 31 0 3 3 8 34 5 38 80 100 32 41 24 20 0 0 0 0 0 0 0 12 9 0 0 14 3 0 0 36 47 42 28 22 38 11 0 0 26 16 50 30 18 6 5 91 99 70 55 81 32 37 37 44 20 0 0 0 16 16 58 36 40 60 4 0 0 0 0 0 0 0 0 0 44 82 13 0 0 19 4 7 21 45 62 45 4 25 93 58 34
14 0 33 51 70 9 13 16 24 12 44 28 8 21 72 64 0 30 21 26 0 0 0 0 0 0 0 0 0 10 16 0 0 0 6 4 58 62 6 36 40 38 21 36 46 70 20 20 4 0 28 72 84 78 48 48 71 34 59 15 0 0 20 32 34 49 21 0 14 0 0 19 17 0 0 0 0 0 30 81 62 4 0 0 0 11 34 42 25 4 0 12 26 11 23 0
10 4 0 0 7 25 25 36 0 14 36 0 0 8 38 77 8 8 11 0 0 0 0 0 0 0 0 0 0 0 0 0 0 0 0 0 0 0 4 30 25 23 1 0 0 0 0 0 0 12 6 26 64 36 28 36 84 52 59 38 28 1 0 2 52 28 8 17 8 14 46 67 68 14 44 26 0 48 64 50 2 0 0 0 5 12 10 12 0 0 11 56 54 39 22 7
6 7 0 8 17 18 4 20 29 6 26 12 18 8 0 52 1 5 22 0 0 0 0 9 0 0 0 0 0 0 0 0 0 0 0 0 0 0 0 0 0 6 34 54 40 0 0 0 0 8 14 50 44 54 60 56 64 83 60 62 60 23 7 38 36 21 13 21 46 52 24 26 10 45 50 38 2 31 23 27 0 0 0 0 1 1 0 0 4 38 63 94 82 52 58 72
56 10 20 28 1 2 0 0 60 67 20 11 55 45 26 40 22 3 1 0 0 0 0 30 0 0 0 0 0 0 0 0 0 0 0 0 0 0 0 30 65 57 43 14 0 0 0 0 6 1 24 34 74 96 98 52 53 56 38 59 85 82 28 24 12 60 74 55 11 0 0 15 11 5 8 22 35 16 81 7 0 0 0 6 18 0 0 0 23 100 96 95 92 84 61 24
33 10 26 50 19 2 14 0 2 22 2 0 41 81 7 22 22 42 2 0 0 0 0 0 0 0 5 19 5 7 0 0 3 0 0 0 0 0 0 4 16 0 0 0 0 0 0 0 12 1 26 29 54 86 76 39 6 21 15 45 50 17 1 0 5 10 50 22 2 17 19 11 0 44 93 94 76 46 9 29 0 0 0 38 12 0 0 4 73 100 77 72 86 76 61 74
14 5 18 56 2 0 17 0 0 0 0 0 42 85 13 26 1 6 20 0 0 0 0 0 0 0 0 0 23 30 18 47 15 0 0 0 0 0 0 0 0 0 0 0 0 0 0 20 9 3 14 22 58 80 70 49 0 0 19 62 86 45 70 44 20 42 20 24 39 27 34 18 16 16 19 40 54 11 0 2 1 0 0 27 0 0 0 54 68 99 61 81 75 92 98 65
44 6 16 59 9 0 0 0 0 0 0 0 1 58 13 0 21 0 32 10 3 0 0 0 0 0 0 10 10 42 39 42 9 16 0 0 16 0 0 0 0 0 0 0 0 0 0 30 20 0 0 10 66 80 42 1 0 0 43 90 93 94 76 67 66 39 30 21 8 1 31 18 35 62 92 40 30 8 31 54 0 0 0 12 11 0 12 94 92 80 24 70 99 76 76 72
34 6 16 8 0 0 0 0 0 0 0 0 0 48 0 0 0 0 28 42 4 10 29 49 58 7 5 4 37 70 49 50 42 60 22 26 35 32 18 12 2 9 22 38 14 0 0 2 5 0 0 19 92 76 6 12 27 0 6 40 49 44 53 60 68 9 0 0 0 0 2 0 0 5 68 86 77 86 76 54 64 60 34 0 11 0 20 97 99 70 74 76 100 94 34 70
16 38 17 0 14 1 0 0 0 0 0 30 0 41 6 0 0 0 2 41 62 76 62 70 94 80 60 50 34 22 28 29 56 92 52 62 36 55 35 32 87 62 72 65 65 20 30 3 0 0 0 17 99 36 24 55 26 44 9 65 36 17 49 46 43 0 0 0 0 0 0 0 0 2 14 70 52 27 41 94 67 47 69 0 24 6 56 100 60 95 100 100 84 72 38 92
42 0 21 12 14 0 0 0 0 0 15 31 9 39 15 12 41 43 77 93 85 100 100 100 100 81 46 26 0 5 20 67 99 73 46 65 62 72 42 36 38 78 70 56 65 98 88 72 26 0 0 44 91 54 46 70 67 12 11 12 28 46 16 4 3 28 9 4 28 62 31 15 0 0 3 32 9 0 12 54 64 77 65 30 2 3 17 88 60 52 70 100 78 58 40 44
19 0 8 0 0 0 0 0 0 0 56 40 56 58 48 70 43 47 48 82 88 55 98 66 41 3 2 27 10 0 3 33 98 52 41 95 68 40 28 64 70 46 80 38 27 98 90 94 84 7 1 52 72 40 24 84 30 12 35 37 10 22 0 3 3 76 72 34 20 22 68 95 35 16 0 0 0 0 2 69 88 10 79 46 0 31 0 45 67 87 92 84 65 67 36 14
32 0 7 0 0 21 23 0 0 22 97 62 82 44 2 0 20 1 19 8 36 39 50 28 26 22 45 16 0 0 0 10 59 76 100 58 89 58 28 65 78 88 77 31 10 60 48 48 74 40 12 8 42 8 12 2 5 10 27 47 46 55 61 67 58 16 13 14 15 19 11 55 97 67 1 13 2 0 0 58 38 20 58 7 0 14 0 7 50 62 84 80 36 50 28 44
2 6 4 0 29 10 6 0 4 89 50 15 80 44 0 0 0 0 0 29 30 93 30 0 24 31 20 1 0 0 0 0 24 58 46 54 95 77 10 16 4 40 97 54 38 44 26 32 46 34 18 0 0 0 8 61 37 23 3 0 0 0 6 15 26 0 1 2 0 13 11 0 30 92 16 60 24 0 0 14 18 70 52 65 0 19 10 0 10 48 51 68 65 64 16 60
1 4 70 46 29 0 0 0 15 80 34 17 92 50 10 5 31 15 0 19 14 25 0 4 35 60 20 4 53 25 0 0 40 27 38 36 42 52 38 35 12 62 97 56 10 19 30 26 48 56 64 16 0 38 76 76 33 68 42 32 6 0 0 0 0 0 30 80 43 62 60 13 0 63 95 80 46 17 0 0 20 64 93 72 8 5 23 16 40 80 47 77 72 69 0 49
0 0 21 32 0 0 50 73 3 13 52 6 34 99 48 46 100 99 25 0 44 30 1 56 60 86 22 24 40 0 0 0 68 51 57 72 17 40 42 72 34 44 38 58 13 13 42 42 56 44 75 42 16 39 64 84 68 96 46 67 42 55 66 62 11 62 23 84 83 34 24 45 7 30 94 92 34 1 0 0 2 77 45 12 23 35 22 5 78 98 77 76 68 53 45 61
14 58 14 16 17 0 9 6 0 0 34 35 13 97 90 100 95 65 49 0 80 50 6 76 38 38 11 30 20 16 12 8 47 26 51 73 64 42 69 82 17 8 47 0 0 25 55 48 31 46 96 34 16 74 57 58 26 61 20 76 44 92 78 94 84 58 89 82 22 36 6 0 6 0 33 94 78 20 2 17 82 84 28 0 0 14 26 8 96 99 37 64 38 0 2 73
39 40 4 12 0 0 0 0 0 0 7 63 73 83 100 100 91 81 44 14 38 8 12 87 97 41 39 32 76 65 70 8 5 16 66 56 69 63 78 89 45 6 60 2 0 28 83 54 64 77 86 10 4 88 67 19 0 16 8 39 19 94 100 89 72 45 59 56 36 28 3 41 40 50 4 29 98 70 48 18 90 65 27 4 0 6 4 54 99 81 18 60 39 0 23 60
25 0 4 0 0 0 16 5 0 0 1 9 28 65 61 48 51 32 16 13 38 31 48 45 100 40 26 25 35 40 86 85 11 15 57 54 65 94 44 92 17 28 41 4 2 42 80 54 36 70 62 1 54 99 59 49 4 22 0 11 4 44 99 78 54 0 0 0 43 74 66 46 36 28 50 20 30 86 83 4 18 29 26 0 0 0 52 89 63 35 1 37 32 0 2 0
0 0 44 46 0 0 20 61 70 23 1 0 17 52 24 58 22 38 0 4 28 62 67 94 45 74 22 61 87 66 40 42 93 19 2 33 13 86 74 14 72 42 78 14 0 25 84 23 13 6 4 40 14 86 59 21 4 18 0 0 0 26 75 97 14 0 0 5 44 80 88 77 33 35 52 46 18 19 92 58 7 10 20 0 0 0 62 33 37 48 0 0 0 0 0 0
6 58 59 0 0 0 71 11 76 71 12 0 0 29 76 16 14 52 3 24 12 44 54 86 33 94 34 94 100 92 68 94 60 0 57 58 42 67 4 0 34 66 21 0 0 62 43 0 0 0 5 8 35 76 38 52 0 0 0 10 60 15 39 63 8 0 10 59 78 54 100 41 33 29 69 57 87 69 22 8 56 8 1 19 17 22 20 96 97 32 0 0 0 0 0 0
76 35 10 0 0 8 36 63 36 38 58 8 0 8 89 7 0 12 8 23 72 56 14 64 55 58 70 100 76 100 52 52 21 22 63 36 55 85 24 1 44 42 2 0 0 5 0 0 2 7 36 9 28 73 23 3 0 0 0 0 0 3 37 29 0 0 0 37 52 82 81 1 0 40 45 52 81 87 71 34 0 0 0 11 58 69 80 70 94 10 0 0 0 0 0 0
28 0 0 0 0 46 66 20 15 24 74 46 24 0 57 20 12 2 0 12 32 27 9 59 64 67 95 82 83 83 72 9 42 8 48 0 18 72 5 0 1 0 0 0 0 0 2 29 44 69 82 21 11 39 86 0 0 0 0 0 0 0 22 7 0 0 0 12 44 71 34 0 38 70 62 37 72 74 96 12 0 0 0 0 8 40 78 75 79 52 38 2 0 37 14 27
0 0 0 0 0 66 62 42 50 40 69 87 27 18 20 1 0 0 0 4 5 22 59 64 32 37 100 49 28 68 22 0 10 38 25 0 16 33 0 0 0 7 35 55 46 57 84 33 54 92 83 71 23 1 66 66 34 0 0 0 0 0 0 0 0 0 0 0 45 73 0 0 0 0 0 70 86 96 45 38 14 0 0 0 0 16 9 68 57 96 87 32 0 11 18 78
0 0 0 0 0 34 26 89 63 52 11 72 87 68 61 12 0 25 7 15 0 0 54 76 36 70 92 56 71 72 11 18 59 59 6 0 38 14 0 34 48 60 24 43 47 48 25 64 84 51 63 35 60 19 22 72 34 0 0 0 0 0 0 0 0 0 0 0 5 13 0 0 0 4 29 54 80 81 51 94 30 22 0 20 0 12 25 46 72 68 56 59 6 0 0 8
0 0 0 0 0 7 0 20 51 82 39 13 33 52 61 74 18 54 78 14 0 0 21 74 61 32 34 18 60 81 51 50 44 62 46 0 0 0 18 83 67 70 78 78 71 85 61 17 0 0 0 0 0 11 20 100 34 0 0 0 0 0 0 0 0 0 0 0 0 0 0 0 0 5 66 26 94 50 39 45 66 50 74 83 61 13 6 0 0 22 88 74 60 0 0 23
0 0 0 0 0 0 0 0 12 69 50 54 30 45 78 56 66 60 22 0 0 0 0 40 43 44 35 50 76 48 30 63 36 69 24 0 0 0 40 22 0 17 84 7 0 4 0 0 0 0 0 16 2 0 38 98 94 64 6 2 36 63 25 0 0 0 0 0 0 0 0 2 31 50 26 54 48 0 0 30 77 70 63 77 66 55 1 17 0 3 45 87 89 18 33 12
0 0 0 0 0 0 28 0 26 81 70 32 35 78 65 34 25 20 0 0 0 14 72 82 59 77 18 12 36 18 9 32 13 0 0 0 0 1 0 0 0 0 33 42 0 0 0 0 0 0 0 64 22 2 28 72 67 76 84 73 82 42 0 0 0 0 0 0 0 0 3 57 48 8 52 68 68 0 0 0 1 18 48 78 26 58 61 21 3 0 16 75 69 47 36 26
34 77 64 52 49 38 12 1 14 24 30 4 52 64 24 0 0 0 24 12 0 75 77 16 38 42 6 57 40 50 3 0 0 2 19 2 57 50 0 0 0 0 2 26 0 0 0 0 0 0 6 23 2 32 77 100 78 44 66 74 94 12 0 0 0 20 0 0 5 10 12 54 79 60 54 29 1 0 0 0 0 0 0 82 36 54 83 70 23 0 0 6 78 38 34 36
32 11 18 0 6 6 0 0 0 0 0 0 8 7 0 7 48 6 25 13 61 89 88 70 54 32 10 32 3 16 21 48 90 54 40 45 69 10 0 0 0 0 0 0 0 0 0 0 0 20 0 0 44 84 97 80 22 74 58 13 70 36 6 0 0 12 0 0 32 50 56 70 14 0 26 0 0 0 0 0 0 7 26 62 37 91 4 86 88 34 0 0 38 78 98 79
46 30 2 0 0 0 0 0 0 0 0 0 0 13 20 55 55 1 21 68 26 17 9 31 36 80 68 16 0 5 0 34 91 64 74 92 48 6 0 0 0 0 0 0 0 0 0 3 45 53 1 20 89 59 74 43 0 0 56 51 40 38 56 34 36 25 0 12 30 30 12 28 0 0 0 0 0 0 0 0 0 30 74 31 46 97 23 50 70 19 0 19 30 79 55 70
12 0 0 0 0 0 2 1 1 0 12 54 80 96 92 49 61 0 15 68 0 0 0 31 30 38 45 89 37 43 20 69 100 97 70 72 34 2 0 0 0 0 0 0 0 0 0 2 66 84 8 77 100 61 63 20 0 0 11 18 28 26 63 59 40 7 0 0 7 0 0 0 0 0 0 0 0 0 0 0 0 36 74 60 53 90 59 50 50 49 1 0 21 70 54 86
0 0 0 17 31 44 67 59 50 62 36 38 26 62 63 26 39 0 14 82 55 9 0 0 0 0 33 54 52 51 66 100 74 68 58 40 17 5 0 0 0 0 0 0 0 0 8 50 22 47 24 100 77 42 32 8 0 0 7 46 38 59 56 12 0 0 0 0 0 0 0 0 0 0 0 0 0 0 0 0 0 5 6 56 60 88 65 82 42 17 0 0 60 40 68 46
0 0 8 71 97 96 35 43 42 66 30 83 49 33 34 57 27 0 2 72 64 59 38 18 20 9 0 17 16 3 44 10 32 92 68 79 66 2 0 0 0 0 0 0 0 0 11 14 34 21 78 99 59 37 32 0 0 0 8 18 27 84 17 0 0 0 0 0 0 0 0 0 0 0 0 0 0 0 0 0 0 0 0 56 88 46 58 58 29 28 0 1 74 87 84 58
45 9 18 72 35 30 64 44 62 78 62 58 36 1 73 48 6 0 37 100 86 82 62 90 62 30 0 0 0 0 10 0 0 20 68 88 22 0 0 0 0 0 0 0 0 13 15 71 34 57 98 57 37 12 0 0 0 0 0 12 18 71 2 10 5 0 0 0 0 0 2 30 38 18 21 9 0 0 0 0 0 0 10 76 78 9 31 46 21 6 27 14 92 69 65 57
89 25 30 23 14 34 78 42 18 6 98 56 12 0 66 50 0 0 65 82 19 20 26 2 0 0 0 0 0 7 48 0 0 0 33 32 0 0 0 0 0 0 0 0 0 2 60 46 31 98 54 14 0 0 0 0 0 0 0 42 34 52 62 90 54 0 0 0 0 9 26 28 24 62 80 33 0 0 0 0 24 20 55 100 41 22 88 56 70 4 28 49 96 42 49 52
38 5 58 50 69 40 36 0 0 0 24 7 21 26 66 74 47 0 37 90 46 13 0 0 0 0 0 0 0 0 6 0 0 0 4 49 28 0 0 0 0 0 0 0 0 0 0 27 82 100 38 0 0 0 0 0 0 1 20 24 18 26 72 58 0 0 0 0 0 0 0 0 0 0 7 1 0 18 68 66 78 43 86 74 11 5 44 47 82 34 14 62 55 67 64 44
47 4 31 83 70 45 7 0 0 0 18 57 42 52 12 20 67 0 0 83 97 82 26 10 0 0 0 0 0 0 0 0 0 0 0 23 31 0 0 0 0 0 0 0 50 45 34 55 57 39 4 0 0 0 0 0 0 16 17 11 25 60 24 0 0 0 0 0 0 0 0 0 0 0 0 0 0 0 10 42 76 82 56 1 0 1 62 97 99 28 2 47 83 96 38 71
51 24 50 64 61 21 0 0 0 15 69 38 80 68 58 62 14 0 0 66 61 59 82 9 0 0 0 0 0 0 0 0 0 0 0 6 0 0 0 0 0 0 10 31 26 30 63 34 87 0 26 0 0 0 0 0 7 38 23 12 0 2 4 0 0 0 0 0 0 0 0 0 0 0 0 0 0 0 2 39 60 48 0 0 0 13 93 100 62 6 1 51 92 64 14 54
45 20 36 47 33 0 0 0 2 46 84 79 24 16 56 84 71 0 0 54 90 55 81 63 17 11 45 0 0 0 0 0 0 0 0 0 0 0 0 0 23 28 13 0 0 33 49 79 52 0 2 0 0 0 0 0 21 12 8 0 0 0 0 0 0 0 0 0 0 0 0 0 0 0 0 0 0 1 34 77 82 70 0 0 0 39 99 99 24 48 72 96 95 84 25 13
6 53 61 27 87 36 0 0 0 0 45 80 1 28 58 34 87 25 0 6 46 64 61 46 24 36 46 15 38 0 0 0 0 0 0 0 0 0 14 45 46 18 0 0 13 68 38 62 5 0 0 0 0 0 0 0 0 0 0 0 0 0 0 0 0 0 0 0 0 0 0 0 0 0 0 0 0 22 68 59 94 44 0 0 0 50 99 60 3 79 100 99 68 0 0 0
6 28 54 12 67 33 0 0 0 16 50 8 0 8 0 0 64 80 26 1 2 24 41 45 58 40 20 6 8 0 0 0 0 0 0 0 0 0 29 1 0 0 0 0 0 47 92 5 0 0 0 0 0 0 0 0 0 0 0 0 0 0 0 0 0 0 0 0 0 0 0 0 0 0 0 0 0 67 66 87 32 0 2 14 48 46 53 20 1 52 100 71 13 0 0 0
2 40 77 73 56 22 0 0 0 3 26 0 0 0 0 12 86 99 38 0 0 8 57 82 80 60 66 41 12 0 12 16 38 8 0 0 0 0 0 0 0 0 0 0 2 72 44 0 0 0 0 0 0 0 0 0 0 0 0 0 0 0 0 0 0 0 5 10 4 0 0 0 5 3 0 0 13 50 82 88 28 15 27 49 60 12 6 0 0 58 100 54 3 3 14 0
80 75 18 2 0 0 0 0 0 0 0 0 0 0 0 43 71 72 61 0 4 42 73 50 90 47 68 68 12 14 45 62 81 69 27 0 0 0 0 0 0 0 0 0 0 5 0 0 0 0 0 0 0 0 0 0 0 0 0 0 0 0 0 0 0 0 90 55 36 61 28 44 92 45 17 12 20 84 78 75 38 72 97 54 24 0 0 0 29 100 74 17 40 41 49 33
74 66 2 0 0 0 0 0 0 0 0 0 0 0 0 0 1 87 71 28 26 87 79 40 40 16 0 0 0 4 74 11 6 0 0 0 0 0 0 0 0 0 0 0 0 0 0 0 0 0 0 0 0 0 0 0 0 0 0 0 0 0 0 0 32 48 98 70 42 6 30 29 97 80 56 48 44 96 69 76 80 64 27 2 10 38 52 90 60 91 72 52 64 43 38 50
100 86 11 0 0 0 0 0 0 0 0 0 0 0 0 0 6 61 69 51 40 59 55 33 17 0 0 0 0 21 40 0 0 0 0 0 0 0 0 0 0 0 0 0 0 0 0 0 0 0 0 0 0 0 0 0 0 0 0 0 0 0 0 0 5 78 30 55 68 6 46 79 45 14 63 46 44 63 60 39 2 0 0 23 59 99 100 62 72 64 83 91 100 88 82 94
55 18 8 20 26 0 0 0 0 0 0 0 0 0 0 0 0 10 67 79 24 73 0 0 0 0 0 0 3 91 33 0 0 0 0 0 0 0 0 0 0 0 0 0 0 0 0 0 0 0 0 0 0 0 0 17 52 1 0 0 29 0 0 2 8 76 62 55 66 76 99 96 75 44 50 75 80 49 42 78 44 41 66 95 100 100 81 56 38 84 90 62 48 74 91 82
87 30 41 56 58 1 0 0 0 0 0 0 0 0 0 0 0 1 57 96 14 93 42 0 0 0 0 0 0 52 13 0 0 0 0 0 0 0 0 0 0 0 0 0 0 0 0 0 0 0 0 0 0 2 9 30 80 20 0 5 74 4 18 63 46 50 56 47 97 100 92 84 72 71 78 100 62 20 40 100 94 80 74 65 92 64 41 42 28 82 86 69 71 40 59 75
36 2 7 12 66 6 0 0 0 0 0 0 0 0 0 2 49 36 77 96 52 62 99 51 3 0 0 0 0 0 0 0 0 0 0 0 0 0 0 0 0 0 0 0 0 0 0 0 0 0 0 0 0 19 34 65 46 65 0 23 100 40 88 89 42 6 11 64 91 97 83 94 89 60 99 100 84 44 16 98 90 80 59 18 20 0 24 48 64 43 46 16 54 51 98 69
38 59 58 68 17 47 44 6 0 0 0 0 0 0 0 0 0 29 45 32 66 88 23 73 91 4 0 0 0 0 0 0 0 0 0 0 0 0 0 0 0 0 0 0 0 0 0 0 0 0 0 0 0 4 40 79 22 59 35 66 100 44 64 99 40 2 63 51 67 81 96 89 57 56 61 83 96 62 75 67 34 32 22 6 0 0 11 88 48 30 33 0 0 7 34 8
16 13 19 30 56 67 58 23 5 0 0 0 0 0 0 0 0 0 0 0 1 87 73 44 98 21 0 0 0 0 0 0 0 0 0 0 0 0 0 0 0 0 0 0 0 0 0 0 0 0 0 4 27 8 3 35 31 42 41 81 61 60 66 69 53 78 21 18 26 19 46 54 40 40 38 90 80 68 81 69 96 94 25 30 40 1 0 0 36 30 42 10 0 0 0 0
0 0 0 0 0 10 52 10 8 0 0 0 0 0 0 0 0 0 0 0 0 33 87 28 99 34 0 0 0 0 10 12 4 0 0 0 0 0 0 0 0 0 0 0 0 0 0 0 0 0 0 12 61 30 0 27 24 21 61 74 58 36 53 30 28 30 12 58 70 80 60 61 28 50 80 97 96 64 97 88 100 98 34 58 94 12 0 18 88 53 18 44 0 0 0 0
0 0 0 0 0 0 0 0 0 0 0 0 0 0 0 0 0 0 0 0 1 48 86 33 93 83 32 0 0 22 81 53 2 0 0 0 0 0 0 0 0 0 0 0 0 0 0 0 0 6 32 16 65 15 41 60 33 24 45 47 50 40 20 13 36 12 12 76 46 62 92 78 68 14 75 99 100 87 74 94 72 72 68 86 91 55 0 2 30 63 73 42 0 0 0 0
0 0 0 0 0 0 0 0 0 0 0 0 0 0 0 0 0 0 0 15 48 91 94 56 44 85 63 39 71 40 54 9 0 0 0 0 0 0 0 0 0 0 0 0 0 0 7 17 24 45 70 78 48 7 56 80 60 60 70 53 52 64 89 46 24 16 79 42 36 30 27 58 72 0 56 80 100 62 62 96 61 56 12 60 78 61 13 0 0 16 26 19 17 0 0 0
0 0 0 0 0 0 0 0 0 0 0 0 0 0 0 0 0 0 2 58 84 81 50 81 55 66 80 76 61 11 0 0 0 0 0 0 0 0 0 0 29 0 0 0 7 39 71 86 79 32 44 8 30 42 65 66 93 46 15 5 48 42 34 21 36 53 24 83 80 10 0 0 4 0 6 84 100 66 48 34 73 69 1 82 96 72 32 0 0 26 12 44 39 0 0 0
0 0 0 0 0 0 0 0 0 0 0 0 0 0 0 0 0 0 0 53 52 82 89 42 0 11 74 76 0 0 0 0 0 0 0 0 0 0 0 0 42 4 6 45 66 79 76 12 6 6 42 74 64 56 41 24 4 1 10 0 0 0 13 53 95 91 50 60 69 31 0 0 0 29 42 100 99 32 22 25 33 40 10 37 77 94 39 0 0 45 30 84 20 0 0 0
0 3 0 0 0 0 0 0 0 0 0 38 18 0 0 0 0 0 4 22 32 96 37 2 0 1 26 28 0 0 0 0 0 0 0 0 0 0 0 11 72 64 96 72 31 13 7 56 58 69 100 80 87 20 66 42 64 1 0 0 0 0 16 21 64 80 30 80 57 14 0 0 0 76 85 93 50 0 15 13 50 30 28 17 99 77 26 0 0 25 24 60 50 0 0 0
42 84 8 0 0 0 0 0 0 0 0 0 8 0 0 0 0 0 49 76 56 57 0 0 0 0 0 0 0 0 0 0 0 0 0 0 0 0 3 66 100 88 28 6 2 36 78 64 59 85 87 91 64 67 97 74 39 0 0 8 6 0 0 15 88 28 78 39 9 0 0 0 24 83 88 50 0 0 37 7 24 10 36 8 83 47 54 2 0 0 24 28 67 0 0 0
27 33 48 5 0 0 0 0 0 0 0 0 0 22 13 8 32 6 93 33 73 12 0 0 0 0 0 0 0 0 0 0 0 0 0 0 0 62 94 98 68 56 57 45 29 94 86 34 78 78 47 2 0 92 31 14 30 0 0 10 9 0 2 44 43 57 57 82 0 0 0 0 28 48 98 46 0 0 38 44 22 14 38 2 64 98 76 35 33 18 46 64 34 0 0 0
