data/habitatmaps/RS_maps/habitat_Sitta.europaea_2007.asc
NCOLS 369 
NROWS 228 
XLLCORNER 479000 
YLLCORNER 73000 
CELLSIZE 1000 
NODATA_value -9 
[rows 62 to 123 of 228, columns 192 to 287 of 369]
13 4 68 87 14 4 58 65 32 92 84 36 20 3 0 0 0 0 0 6 34 84 75 21 16 4 17 34 32 0 0 10 28 54 8 1 5 36 26 19 24 37 30 54 54 35 15 18 74 79 72 28 37 42 4 55 26 54 54 41 24 45 22 53 57 46 18 70 57 74 77 49 58 99 75 33 43 31 55 56 48 35 85 13 30 87 23 3 22 54 81 23 0 0 0 0
12 12 5 29 6 0 26 23 34 46 84 36 19 63 27 0 0 0 0 0 18 5 38 61 23 1 0 17 37 1 0 0 37 8 0 0 1 28 21 17 0 12 36 34 42 19 29 57 67 43 15 11 54 33 30 26 35 35 60 60 57 75 45 77 64 29 43 60 63 70 22 43 42 20 1 14 0 7 46 30 29 55 55 31 86 50 0 25 66 50 97 66 0 0 0 50
1 8 0 45 2 2 36 42 47 34 33 57 66 81 78 0 0 0 0 4 6 17 15 13 30 36 0 7 10 14 29 12 6 2 3 8 34 25 46 56 17 6 16 23 34 43 51 45 17 18 23 29 20 16 39 1 28 27 34 38 60 64 35 72 69 58 63 74 80 77 61 41 0 0 0 0 0 0 0 6 37 26 28 99 82 13 1 24 4 68 88 66 2 0 1 96
0 4 1 15 18 0 50 61 11 24 25 67 100 93 99 28 0 0 0 0 0 0 0 5 55 51 20 2 21 15 10 3 20 0 68 21 1 40 83 55 33 61 18 39 10 28 5 24 16 20 4 46 78 49 56 49 3 21 44 18 14 38 49 59 38 55 74 62 78 100 54 9 0 0 0 0 0 0 0 29 0 22 90 75 43 8 6 17 0 0 16 26 41 48 60 46
0 2 2 0 0 0 10 55 20 8 18 49 100 100 94 33 12 0 1 0 0 0 0 0 0 16 32 36 42 3 8 16 0 0 68 21 9 23 48 37 25 34 32 15 19 12 25 1 13 16 83 100 94 61 68 60 17 8 18 28 25 7 31 42 16 8 52 58 49 40 14 0 0 0 0 0 0 0 0 3 46 82 63 3 76 46 24 4 0 24 42 28 62 40 76 10
0 1 10 47 8 31 0 3 3 6 33 8 51 81 100 32 41 24 20 0 0 0 0 0 0 0 4 6 0 0 14 3 0 0 42 94 78 45 22 38 11 0 0 24 16 50 30 18 6 5 91 99 69 46 81 31 37 37 42 20 13 2 0 16 16 59 33 35 59 6 0 0 0 0 0 0 0 0 0 54 84 16 0 0 19 8 25 21 45 62 45 20 30 93 58 61
14 0 30 51 71 9 13 16 24 12 45 28 15 32 99 68 0 30 20 26 0 0 0 0 0 0 0 0 0 19 25 0 0 0 13 5 58 62 6 36 40 38 21 37 46 70 20 20 4 0 28 72 84 78 48 49 71 35 59 15 0 0 19 32 34 49 21 0 14 0 0 19 16 0 0 0 0 0 31 81 61 4 0 0 0 31 38 52 38 4 0 12 26 36 23 7
21 1 0 0 7 25 25 35 0 14 36 0 0 14 76 80 8 17 14 0 0 0 0 0 0 0 0 0 0 0 0 0 0 0 0 0 0 0 4 30 25 23 1 0 0 0 0 0 0 24 9 30 64 36 29 37 84 52 59 37 28 1 0 2 52 28 8 29 13 23 48 66 68 14 45 26 0 49 68 93 8 0 0 0 10 30 19 23 0 0 11 56 54 39 22 7
8 2 0 8 17 23 7 20 29 5 26 12 18 8 0 53 1 9 45 0 0 0 0 9 0 0 0 0 0 0 0 0 0 0 0 0 0 0 0 0 0 6 34 54 40 0 0 0 0 15 20 60 45 54 60 56 64 83 60 62 60 23 7 39 42 20 22 28 46 51 24 25 10 45 50 38 2 32 24 30 3 0 0 0 4 12 0 0 4 40 85 94 82 58 71 72
56 7 20 28 1 2 1 0 60 67 23 11 55 45 25 40 24 3 2 0 0 0 0 30 0 0 0 0 0 0 0 0 0 0 0 0 0 0 0 30 65 57 43 13 1 0 0 0 11 2 34 37 74 95 99 56 53 55 38 59 85 82 28 24 12 64 76 55 11 0 0 15 11 5 8 22 35 16 81 7 0 0 0 6 42 4 0 0 23 100 100 95 99 92 61 41
33 4 26 50 19 2 14 0 2 22 2 0 41 81 7 22 22 43 2 0 0 0 0 0 2 0 5 19 5 7 0 0 3 0 0 0 0 0 0 4 16 0 0 0 0 0 0 0 24 2 53 54 55 86 78 39 2 12 17 38 49 17 1 0 5 49 63 39 0 6 6 11 0 44 93 94 76 45 9 29 0 0 0 38 28 0 0 4 73 100 77 72 100 77 61 100
14 2 17 56 2 0 17 0 0 0 0 0 42 85 13 25 1 6 19 0 0 0 0 2 2 0 0 0 23 30 20 47 15 0 0 0 0 0 0 0 0 0 0 0 0 0 0 39 18 6 29 34 57 80 71 49 0 0 21 59 86 45 70 43 29 66 19 8 13 9 11 18 16 16 19 40 56 12 0 2 0 0 0 27 10 0 0 54 68 99 61 81 100 100 98 100
45 3 15 59 9 0 0 0 0 0 0 0 1 58 13 0 21 0 32 10 3 0 0 0 0 0 0 10 10 43 39 42 9 16 0 0 16 0 0 0 0 0 0 0 0 0 0 61 39 0 0 10 66 80 42 1 0 0 41 90 98 94 76 67 82 20 14 7 2 0 10 18 35 63 95 41 30 9 31 54 0 0 0 12 23 0 12 94 94 91 29 80 100 92 83 84
34 2 15 8 0 0 0 0 0 0 0 0 0 48 0 0 0 0 28 42 4 10 29 49 58 7 5 4 38 70 50 53 42 60 22 28 35 32 26 24 3 18 28 38 14 0 0 3 10 0 0 19 91 77 6 13 27 0 9 52 82 61 48 34 54 3 0 0 0 0 0 0 0 8 79 86 77 86 78 58 64 60 34 0 11 0 20 97 99 82 83 83 100 98 47 90
16 37 12 0 14 1 0 0 0 0 0 30 0 41 6 0 0 0 2 41 62 76 62 70 94 80 60 50 34 22 28 29 56 92 52 63 36 55 69 57 99 75 73 65 65 20 30 3 0 0 0 29 99 32 48 63 28 59 9 66 45 6 16 15 14 0 0 0 0 0 0 0 0 4 21 67 50 27 40 89 67 47 69 0 24 7 55 100 60 95 100 100 92 76 53 92
42 0 19 12 14 0 0 0 0 0 15 31 9 39 15 12 41 43 77 93 85 100 100 100 100 81 46 25 0 5 20 67 99 73 46 65 62 95 82 70 52 79 70 56 65 98 88 72 26 0 0 72 85 80 92 77 84 25 11 12 15 15 5 1 1 28 9 7 53 73 31 15 0 1 5 36 10 0 12 62 64 77 65 30 2 3 17 94 60 52 70 100 93 60 59 50
19 0 2 0 0 0 0 0 0 0 56 41 56 57 48 70 43 47 49 82 88 55 98 66 41 3 2 27 10 0 3 34 98 52 41 95 73 80 53 75 71 46 80 39 27 98 90 95 90 14 2 98 96 85 51 91 57 22 38 37 9 20 1 3 6 97 91 68 40 43 95 95 35 24 0 0 0 0 2 70 88 8 89 47 0 31 10 86 67 87 92 84 65 67 43 22
32 0 2 0 0 21 23 0 0 22 97 62 82 44 2 0 20 1 19 8 36 39 50 28 26 22 45 16 0 0 0 10 59 77 100 59 100 100 56 65 78 89 97 46 11 61 52 68 91 87 28 17 85 42 23 3 10 21 54 73 75 91 100 95 88 26 26 29 30 38 21 55 97 78 2 13 2 0 0 57 38 22 83 10 0 14 4 67 52 63 84 81 37 55 48 57
2 2 1 0 29 10 6 0 4 89 50 15 79 44 0 0 0 0 0 29 30 93 30 0 24 31 20 1 0 0 0 0 24 60 49 56 95 86 19 16 5 40 97 55 39 44 18 32 49 84 44 0 0 0 10 61 37 23 3 0 0 0 13 30 27 0 1 2 0 14 11 0 31 94 18 59 35 0 0 10 18 70 58 66 0 19 10 60 21 48 51 71 69 75 25 63
1 4 70 46 29 0 0 0 15 80 34 17 92 50 10 5 31 15 0 19 14 25 0 4 35 59 20 4 53 25 0 0 42 36 54 36 42 52 54 55 12 62 96 52 10 19 31 34 48 62 67 16 0 39 79 76 32 69 42 32 6 0 0 0 0 0 30 81 43 62 60 13 0 63 95 88 76 28 0 0 20 64 93 92 17 6 23 40 46 80 47 78 76 76 1 52
1 0 21 32 0 0 50 82 6 13 55 8 34 99 49 46 100 99 25 0 45 29 1 51 57 86 22 23 40 0 0 0 67 51 57 71 17 39 42 82 45 44 39 59 13 13 42 42 58 55 74 42 16 39 65 95 75 95 44 66 42 55 66 65 18 63 23 83 83 33 26 49 7 29 94 96 35 2 0 0 2 77 46 14 26 35 22 20 85 98 77 83 69 54 45 61
15 58 14 16 17 0 9 6 0 0 41 46 13 97 90 100 95 65 49 0 80 51 6 73 38 38 11 29 20 16 12 7 47 26 51 74 63 42 69 82 17 9 47 0 0 25 55 48 31 46 96 35 16 74 58 71 31 61 37 84 51 92 78 97 90 56 89 82 22 36 6 0 6 0 33 94 84 20 2 11 82 91 51 0 0 14 47 67 100 99 37 70 48 0 2 73
39 40 4 12 0 0 0 0 0 0 7 63 73 83 100 100 91 82 45 14 37 9 12 87 97 41 39 32 77 65 70 8 5 16 66 58 70 61 74 87 45 6 60 2 0 29 80 55 64 77 100 19 5 89 67 19 0 16 14 48 22 94 100 89 72 45 58 55 36 28 3 41 40 49 4 29 98 68 48 9 89 84 80 8 0 6 28 88 99 81 18 61 40 0 23 60
25 0 4 0 0 0 33 10 0 0 1 19 36 66 63 54 55 49 28 13 42 33 48 45 100 41 26 25 35 41 89 85 11 16 57 55 65 90 35 88 17 27 41 4 2 42 82 60 44 70 98 2 51 99 64 49 4 22 0 11 6 49 98 78 54 0 0 0 44 82 66 47 35 36 53 21 30 86 88 6 32 60 56 0 19 8 59 99 83 35 1 36 32 0 4 0
0 0 45 45 0 0 20 76 97 46 2 0 35 80 29 59 26 43 0 7 28 63 67 96 47 75 24 61 87 65 40 41 94 19 2 33 13 85 68 12 74 48 78 14 0 25 80 21 20 10 6 73 14 84 59 22 4 28 0 0 1 26 75 97 14 0 0 5 45 81 81 77 33 34 48 49 18 19 92 56 64 66 41 6 6 0 93 45 37 48 0 0 0 0 0 0
6 58 59 0 0 0 72 11 77 92 25 0 1 57 76 17 21 53 6 34 12 45 57 94 42 96 39 97 100 92 68 94 62 0 57 58 57 64 4 0 58 71 22 0 0 54 32 0 0 0 10 38 35 77 37 49 0 0 0 10 59 15 49 87 14 0 10 59 78 53 100 41 33 29 67 67 90 70 22 7 56 48 15 19 42 36 19 100 97 30 0 0 0 0 0 0
76 35 10 0 0 8 35 63 36 40 87 15 0 11 89 7 1 20 14 43 72 56 15 64 55 58 70 100 76 100 52 52 23 22 63 39 55 85 26 1 52 39 2 0 0 2 0 0 3 14 71 36 28 73 23 3 0 0 0 0 0 5 58 29 0 0 0 37 51 82 85 1 0 40 44 52 81 87 71 34 0 0 0 11 69 71 80 70 94 10 0 0 0 0 0 0
27 0 0 0 0 48 65 23 25 34 75 47 20 0 57 19 4 4 0 23 33 27 9 59 64 67 95 82 83 83 72 9 42 8 50 0 23 82 5 0 1 0 0 0 0 0 4 33 84 100 89 24 20 39 86 0 0 0 0 0 0 0 22 7 0 0 0 12 44 68 41 0 38 72 64 38 72 74 96 12 0 0 0 0 13 78 88 74 79 53 43 2 0 37 13 27
0 0 0 0 0 65 63 43 55 41 71 87 27 26 21 1 0 0 0 8 5 22 59 66 30 37 100 49 28 68 22 0 10 38 24 0 25 34 0 0 0 6 35 55 46 57 91 53 63 92 83 66 23 1 68 58 25 0 0 0 0 0 0 0 0 0 0 0 46 72 0 0 0 0 0 70 98 96 45 40 15 0 0 0 0 17 18 71 57 99 91 33 0 11 9 75
0 0 0 0 0 34 26 89 64 51 11 72 87 68 61 14 0 25 7 17 0 1 55 77 34 71 91 56 71 71 11 18 69 66 6 0 36 14 0 34 48 60 24 43 47 48 25 64 81 51 63 34 74 38 36 73 33 0 0 0 0 0 0 0 0 0 0 0 8 15 0 0 0 6 33 56 92 74 51 95 31 26 0 20 0 12 25 48 74 68 56 59 6 0 0 8
0 0 0 0 0 7 0 20 51 82 40 13 33 52 61 74 19 55 93 26 0 0 21 74 60 31 38 18 60 82 51 50 54 74 46 0 0 0 20 83 67 70 79 78 71 85 61 17 0 0 0 1 86 28 41 100 32 0 0 0 0 0 0 0 0 0 0 0 0 0 0 0 0 8 84 48 94 49 38 45 66 50 79 85 61 10 7 0 0 22 88 75 60 0 0 24
0 0 0 0 0 0 0 0 12 68 50 54 32 46 76 61 67 85 44 0 0 0 0 40 42 44 35 49 76 49 30 63 37 72 24 0 0 0 40 22 0 17 84 7 0 4 0 0 0 0 0 51 37 20 69 100 94 64 6 2 35 63 25 0 0 0 0 0 0 0 0 3 31 58 71 79 55 0 0 30 77 70 63 76 79 73 1 17 0 3 46 87 89 17 33 20
0 0 0 0 0 0 33 0 26 88 77 48 64 91 96 95 44 39 0 0 0 15 72 82 60 77 18 12 37 17 9 32 13 0 0 0 0 1 0 0 0 0 33 42 0 0 0 0 0 0 0 66 33 15 34 95 100 100 91 71 71 42 0 0 0 0 0 0 0 0 3 62 68 45 57 70 71 0 0 0 1 18 48 82 50 77 62 21 3 2 33 92 69 51 36 27
34 77 64 52 57 48 24 2 26 48 60 8 84 79 58 3 0 0 48 24 0 75 77 57 98 68 13 58 41 50 3 0 0 2 19 4 57 56 0 0 0 0 2 25 0 0 0 0 0 0 17 77 12 31 77 100 90 81 86 74 94 13 0 0 0 20 0 0 2 3 5 62 81 60 50 29 1 0 0 0 0 0 0 85 60 59 83 70 25 1 1 13 79 60 42 37
32 11 17 0 11 13 0 0 0 0 0 0 13 7 0 7 48 6 50 15 61 89 88 70 55 40 31 65 15 25 39 49 88 61 40 46 87 17 0 0 0 0 0 0 0 0 0 0 0 38 76 30 42 79 97 93 29 73 58 14 73 34 9 0 0 12 0 0 11 17 35 72 17 0 27 0 0 0 0 0 0 8 34 64 69 93 4 86 89 34 0 0 38 81 98 80
63 63 3 0 0 0 0 0 0 0 0 0 0 13 19 55 55 1 37 68 26 17 9 31 37 80 68 34 40 52 19 35 91 64 74 92 80 9 0 0 0 0 0 0 0 0 0 5 46 91 77 20 88 58 75 42 0 0 55 58 62 43 75 46 34 25 0 4 10 10 6 34 0 0 0 0 0 0 0 0 0 50 83 55 57 99 34 86 92 20 0 20 31 79 80 72
32 5 0 0 0 0 2 1 1 0 12 54 82 98 100 54 61 0 28 68 0 0 0 32 30 38 45 89 37 43 25 69 100 97 72 91 50 2 0 0 0 0 0 0 0 0 0 2 67 100 17 77 100 62 88 33 0 0 11 29 47 52 79 64 45 7 0 0 2 0 0 0 0 0 0 0 0 0 0 0 0 36 69 81 89 96 72 68 92 62 2 0 21 75 62 86
0 0 0 17 31 44 67 59 50 54 36 38 30 80 94 27 39 0 26 82 55 9 0 0 0 0 33 54 50 54 83 100 74 68 65 59 17 5 0 0 0 0 0 0 0 0 8 49 22 78 24 100 77 44 49 13 0 0 7 44 51 70 57 13 0 0 0 0 0 0 0 0 0 0 0 0 0 0 0 0 0 2 4 78 61 94 88 100 81 22 0 0 60 40 68 46
0 0 9 71 97 96 32 30 18 64 29 83 49 34 36 56 27 0 3 74 74 65 38 34 20 9 0 17 16 5 45 10 33 94 68 79 66 2 0 0 0 0 0 0 0 0 12 15 67 43 78 99 59 30 29 0 0 0 3 13 48 92 17 0 0 0 0 0 0 0 0 0 0 0 0 0 0 0 0 0 0 0 0 74 92 48 68 90 58 47 0 1 74 87 83 59
40 16 33 84 35 30 64 40 55 78 63 58 36 1 73 64 6 0 37 100 91 96 76 90 62 31 0 0 0 0 10 0 1 23 68 88 22 0 0 0 0 0 0 0 0 22 20 76 58 58 98 56 33 12 0 0 0 0 0 20 60 87 2 17 8 0 0 0 0 0 3 39 39 18 21 9 0 0 0 0 0 0 9 82 77 9 38 90 42 6 28 14 92 69 66 59
88 25 60 37 14 34 78 42 18 6 98 54 7 0 66 50 0 0 65 77 9 27 33 3 0 0 0 0 0 5 48 0 0 0 33 33 0 0 0 0 0 0 0 0 0 4 70 70 30 98 54 13 0 0 0 0 0 0 0 44 37 56 62 92 59 0 0 0 0 9 26 28 23 62 80 33 0 0 0 0 23 20 55 100 40 22 94 80 81 4 28 49 92 39 44 48
38 8 89 65 69 41 36 0 0 0 24 10 34 49 89 84 47 0 37 89 28 4 0 0 0 0 0 0 0 0 6 0 0 0 4 49 39 0 0 0 0 0 0 0 0 33 79 35 83 100 38 0 0 0 0 0 0 2 34 40 36 26 72 58 0 0 0 0 0 0 0 0 0 0 8 1 0 19 88 84 79 44 88 74 11 5 50 64 84 37 15 61 53 68 64 45
47 8 59 82 70 45 7 0 0 0 28 82 71 80 68 72 75 0 0 83 95 76 25 10 0 0 0 0 0 0 0 0 0 0 0 23 43 0 0 0 0 0 0 0 49 85 48 55 55 39 5 0 0 0 0 0 0 27 31 22 50 60 22 0 0 0 0 0 0 0 0 0 0 0 0 0 0 0 10 42 78 86 56 1 0 2 63 97 100 33 2 47 83 92 37 74
57 47 89 64 61 21 0 0 0 15 76 57 100 90 87 82 70 0 0 66 61 59 82 9 0 0 0 0 0 0 0 0 0 0 0 6 0 0 0 0 0 0 10 31 26 30 63 34 87 0 26 0 0 0 0 0 12 64 45 24 0 2 4 0 0 0 0 0 0 0 0 0 0 0 0 0 0 0 2 39 60 47 0 0 0 20 94 100 65 6 1 46 91 65 14 55
92 39 67 51 33 0 0 0 2 46 84 87 24 46 66 95 84 0 0 65 96 55 81 63 18 11 45 0 0 0 0 0 0 0 0 0 0 0 0 0 22 27 13 1 0 33 49 79 52 0 2 0 0 0 0 0 35 24 20 0 0 0 0 0 0 0 0 0 0 0 0 0 0 0 0 0 0 1 34 77 82 69 0 0 0 44 99 99 25 49 72 95 95 84 25 14
43 72 72 41 88 36 0 0 0 0 45 80 1 28 58 34 86 25 0 11 82 83 61 46 37 38 48 15 39 0 0 0 0 0 0 0 0 0 14 45 46 18 0 0 13 67 38 62 5 0 0 0 0 0 0 0 0 0 0 0 0 0 0 0 0 0 0 0 0 0 0 0 0 0 0 0 0 22 68 60 94 44 0 0 1 68 100 60 6 79 100 99 62 0 0 0
13 47 54 13 72 33 0 0 0 16 49 8 0 8 0 0 64 81 27 1 4 41 41 45 69 57 34 9 13 1 0 0 0 0 0 0 0 0 29 1 0 0 0 0 0 47 92 5 0 0 0 0 0 0 0 0 0 0 0 0 0 0 0 0 0 0 0 0 0 0 0 0 0 0 0 0 0 67 67 87 32 0 4 15 53 78 88 34 2 52 100 71 12 0 0 0
2 42 77 73 55 21 0 0 0 3 26 0 0 0 0 12 86 99 46 0 0 8 57 84 82 59 66 41 13 1 25 16 38 8 0 0 0 0 0 0 0 0 0 0 2 72 45 0 0 0 0 0 0 0 0 0 0 0 0 0 0 0 0 0 0 0 5 10 4 0 0 0 5 3 0 0 13 50 83 88 28 25 43 74 59 21 12 0 0 58 100 54 5 5 22 0
80 75 18 2 0 0 0 0 0 0 0 0 0 0 0 43 71 72 78 1 4 42 73 50 97 47 68 68 30 46 57 64 81 69 26 0 0 0 0 0 0 0 0 0 0 5 0 0 0 0 0 0 0 0 0 0 0 0 0 0 0 0 0 0 0 0 90 55 36 61 28 44 92 47 29 19 24 84 79 74 32 71 97 51 24 0 0 0 28 100 74 19 60 66 82 55
75 66 2 0 0 0 0 0 0 0 0 0 0 0 0 0 1 87 74 32 26 87 79 40 40 16 0 0 0 8 74 11 6 0 0 0 0 0 0 0 0 0 0 0 0 0 0 0 0 0 0 0 0 0 0 0 0 0 0 0 0 0 0 0 31 50 98 70 42 6 29 29 97 80 85 79 64 98 69 82 88 64 27 2 11 38 52 90 62 91 72 57 72 47 53 60
100 81 11 0 0 0 0 0 0 0 0 0 0 0 0 0 6 62 71 51 40 59 55 33 17 0 0 0 0 21 40 0 0 0 0 0 0 0 0 0 0 0 0 0 0 0 0 0 0 0 0 0 0 0 0 0 0 0 0 0 0 0 0 0 7 78 31 55 67 6 47 79 45 15 72 63 56 64 61 59 4 0 0 23 59 99 100 62 72 63 83 91 100 88 82 96
55 18 8 20 27 0 0 0 0 0 0 0 0 0 0 0 0 16 76 79 24 73 0 0 0 0 0 0 3 91 33 0 0 0 0 0 0 0 0 0 0 0 0 0 0 0 0 0 0 0 0 0 0 0 0 17 52 2 0 0 36 0 0 2 9 76 62 55 63 76 99 96 75 44 52 75 80 49 43 80 44 41 66 95 100 100 81 56 39 79 90 62 48 75 94 94
87 31 48 56 62 1 0 0 0 0 0 0 0 0 0 0 0 2 68 98 14 93 42 0 0 0 0 0 0 52 13 0 0 0 0 0 0 0 0 0 0 0 0 0 0 0 0 0 0 0 0 0 0 4 15 24 79 20 0 5 74 4 20 68 52 51 57 48 97 100 94 83 76 82 83 100 64 20 40 100 94 80 73 65 91 63 42 61 29 82 86 69 72 40 59 75
36 2 14 19 84 6 0 0 0 0 0 0 0 0 0 1 45 62 100 100 52 62 99 51 3 0 0 0 0 0 0 0 0 0 0 0 0 0 0 0 0 0 0 0 0 0 0 0 0 0 0 0 0 32 51 66 65 65 0 24 100 40 88 89 40 6 11 64 91 95 83 94 94 87 100 100 85 44 17 98 90 82 72 18 20 0 37 62 64 43 46 17 54 51 98 69
37 59 57 68 17 70 48 10 0 0 0 0 0 0 0 0 0 28 45 32 64 88 23 73 90 2 0 0 0 0 0 0 0 0 0 0 0 0 0 0 0 0 0 0 0 0 0 0 0 0 0 0 0 4 44 79 44 59 41 71 100 54 69 99 39 2 63 51 67 74 95 86 57 68 63 83 96 62 73 68 35 43 37 9 0 0 18 96 54 33 33 0 0 7 34 8
17 13 19 30 54 72 64 25 11 1 0 0 0 0 0 0 0 0 0 0 1 87 73 47 97 21 0 0 0 0 0 0 0 0 0 0 0 0 0 0 0 0 0 0 0 0 0 0 0 0 0 4 27 8 3 35 31 42 41 82 62 63 69 69 56 77 40 29 40 20 46 64 63 62 48 96 85 68 86 69 96 97 35 51 45 1 0 0 56 38 42 12 0 0 0 0
0 0 0 0 0 10 52 3 3 0 0 0 0 0 0 0 0 0 0 0 0 33 87 28 99 35 0 0 0 0 11 15 6 0 0 0 0 0 0 0 0 0 0 0 0 0 0 0 0 0 0 12 61 30 0 27 24 26 71 91 60 54 60 39 29 31 20 77 82 80 60 62 47 57 80 97 96 64 99 88 100 99 34 59 94 12 0 18 87 53 19 44 0 0 0 0
0 0 0 0 0 0 0 0 0 0 0 0 0 0 0 0 0 0 0 0 1 48 87 33 93 83 32 0 0 22 81 60 4 0 0 0 0 0 0 0 0 0 0 0 0 0 0 0 0 6 32 16 66 15 41 61 45 44 68 48 56 56 48 24 45 20 20 76 47 62 92 78 70 12 75 98 100 88 91 98 72 71 74 86 91 55 0 1 29 67 73 42 0 0 0 0
0 0 0 0 0 0 0 0 0 0 0 0 0 0 0 0 0 0 0 15 48 91 94 56 45 85 62 39 70 38 53 9 0 0 0 0 0 0 0 0 0 0 0 0 0 0 7 17 24 45 70 80 59 12 56 80 62 60 70 53 53 64 96 48 29 16 79 44 39 30 27 58 72 0 56 80 100 62 79 96 61 56 15 66 78 61 13 0 0 26 38 19 17 0 0 0
0 0 0 0 0 0 0 0 0 0 0 0 0 0 0 0 0 0 2 57 84 81 50 81 56 64 80 74 62 11 0 0 0 0 0 0 0 0 0 0 29 0 0 0 7 39 71 82 92 33 72 14 54 62 68 66 93 46 18 5 49 42 35 33 73 60 26 83 82 10 0 0 4 0 10 90 100 73 80 40 73 69 1 82 96 70 31 0 0 26 13 44 39 0 0 0
0 0 0 0 0 0 0 0 0 0 0 0 0 0 0 0 0 0 0 53 52 82 89 41 0 10 74 76 0 0 0 0 0 0 0 0 0 0 0 0 42 4 6 45 66 79 78 12 11 12 67 81 64 56 41 24 4 2 20 0 0 0 13 53 100 92 50 76 69 31 0 0 0 29 53 100 99 38 37 31 36 41 11 37 77 93 39 0 0 45 30 86 20 0 0 0
0 3 0 0 0 0 0 0 0 0 0 38 18 0 0 0 0 0 1 21 51 98 37 2 0 1 26 28 0 0 0 0 0 0 0 0 0 0 0 11 72 64 96 73 31 13 8 57 62 69 100 79 87 19 66 42 64 1 0 0 0 0 16 21 64 83 61 80 57 14 0 0 0 77 95 93 50 0 17 20 72 32 27 17 99 80 40 1 0 25 26 59 49 0 0 0
