data/habitatmaps/RS_maps/habitat_Prunella.collaris_2007.asc
NCOLS 369 
NROWS 228 
XLLCORNER 479000 
YLLCORNER 73000 
CELLSIZE 1000 
NODATA_value -9 
[rows 138 to 206 of 228, columns 96 to 191 of 369]
0 0 0 0 0 0 0 0 3 56 12 0 0 0 0 0 4 0 0 0 0 0 0 0 0 34 3 0 0 0 1 1 0 0 0 0 5 26 22 6 0 0 0 0 0 0 0 0 6 34 16 25 56 7 7 35 0 0 0 0 0 0 3 5 6 4 0 0 0 0 0 3 74 97 24 20 0 0 27 12 4 2 31 39 100 100 80 68 85 26 67 20 57 83 100 66
0 0 0 0 0 0 0 0 0 0 0 0 0 0 0 0 0 0 0 0 0 0 0 0 40 30 0 0 0 0 0 0 0 3 0 3 12 6 4 8 0 0 0 0 0 0 0 0 22 92 33 6 51 86 68 80 39 2 2 0 0 0 0 11 37 10 0 0 0 0 11 46 100 75 89 36 5 0 7 48 18 34 42 65 82 99 44 43 95 95 75 52 80 99 69 36
0 0 0 0 0 0 0 0 0 0 0 0 0 0 0 0 0 0 0 0 0 0 0 14 32 3 1 1 17 0 0 0 1 0 0 2 7 2 6 0 0 0 0 0 0 0 0 17 26 81 41 4 68 100 84 65 26 11 3 0 0 0 2 10 10 15 1 0 10 56 92 88 42 99 86 54 48 46 10 8 80 32 0 4 27 32 34 43 96 100 100 95 32 82 95 20
0 0 0 0 0 0 0 0 0 0 0 0 27 22 0 0 0 0 0 0 0 0 0 27 0 1 6 27 3 0 0 37 0 0 0 4 3 0 0 0 0 0 0 0 0 0 0 10 3 4 0 71 61 98 97 50 11 40 0 0 0 0 7 8 17 41 13 32 64 98 65 88 32 20 48 74 28 86 31 2 16 86 60 42 44 42 46 56 95 100 100 90 17 67 100 91
0 0 0 0 0 0 2 49 54 4 0 4 36 0 0 0 0 0 0 0 0 0 0 3 7 3 15 1 1 6 39 44 0 0 0 8 0 0 0 0 0 0 0 0 0 14 0 0 0 0 1 5 46 82 53 14 53 64 9 0 17 0 5 8 17 25 80 90 58 32 32 59 44 90 32 55 22 13 69 47 26 24 52 76 99 100 100 96 80 98 88 58 59 9 92 75
2 0 0 3 1 0 7 6 0 0 0 35 1 0 0 3 0 0 0 0 0 0 2 12 5 72 90 22 0 0 19 3 0 0 2 2 1 0 0 0 0 0 0 3 0 58 0 0 49 0 0 21 23 86 84 72 100 33 8 6 20 0 10 4 33 64 50 7 32 0 0 0 6 31 0 15 7 5 56 51 80 11 27 3 22 21 51 90 76 27 3 45 37 40 68 2
43 0 0 1 14 17 0 5 2 1 44 0 0 0 29 2 0 0 0 0 0 0 0 0 13 58 59 8 0 0 23 0 15 55 62 16 3 0 0 0 0 0 0 3 11 63 0 0 1 2 61 99 98 100 100 99 80 26 39 24 6 65 84 74 94 48 15 2 3 0 4 3 0 0 0 0 0 4 11 78 27 25 87 74 68 90 100 89 35 50 95 100 83 63 7 43
0 48 0 6 65 75 11 0 7 54 52 12 0 1 39 10 0 0 0 0 0 0 0 0 0 23 24 6 0 0 0 17 90 98 96 97 6 0 0 0 0 0 0 0 17 13 74 65 0 0 0 19 91 100 88 38 8 6 0 9 56 100 92 43 31 14 45 0 0 0 1 4 0 0 0 6 32 3 2 0 18 23 7 52 63 87 97 36 24 70 95 96 42 1 0 0
0 0 37 65 76 25 0 0 40 24 0 2 30 0 8 0 0 0 0 0 0 0 6 5 28 51 77 68 4 3 2 1 61 80 44 41 2 0 0 0 2 0 0 0 44 7 98 63 6 2 0 0 12 85 34 6 38 14 42 7 0 33 100 88 26 0 0 0 0 0 0 0 0 17 32 0 0 5 63 1 5 14 11 44 83 61 80 52 63 95 100 54 16 0 0 0
0 3 67 33 56 44 23 6 11 0 0 1 6 0 0 0 0 0 0 0 0 4 3 2 47 81 57 20 8 7 19 0 40 55 12 19 0 0 0 11 13 1 0 0 0 3 36 55 0 3 0 22 32 98 90 49 39 51 7 6 8 8 68 100 91 40 1 0 0 13 0 0 0 1 14 0 3 13 36 5 1 30 1 4 22 58 67 88 100 88 50 2 0 0 0 0
0 13 100 87 54 33 8 2 0 0 0 0 0 0 0 0 0 0 0 0 0 4 1 6 49 4 0 0 0 2 23 16 78 18 0 0 0 0 0 4 2 0 0 0 2 70 77 100 86 93 42 46 32 78 70 99 100 100 85 47 8 27 83 42 40 65 10 0 0 44 27 8 0 0 14 0 1 38 57 48 4 8 6 7 85 100 100 94 68 18 0 0 0 0 0 0
0 55 89 5 5 7 3 0 5 1 0 0 0 0 0 0 0 0 1 2 0 0 0 0 0 0 38 77 18 0 43 100 58 0 0 0 0 0 0 3 6 0 0 1 17 100 100 72 71 92 90 74 36 87 64 80 60 80 69 10 42 31 76 2 2 40 4 0 7 0 21 9 1 11 0 2 0 0 7 63 20 10 2 6 4 86 57 5 0 0 0 0 0 0 1 8
28 98 65 0 0 0 0 0 4 1 0 0 0 0 0 0 0 0 14 0 0 0 0 0 0 0 0 4 57 25 54 79 52 8 9 0 0 0 0 4 34 68 34 0 59 36 61 11 78 70 23 43 48 52 87 22 66 93 37 45 63 76 33 31 0 0 0 2 37 50 4 5 60 30 17 16 0 0 61 9 35 31 55 42 83 82 19 14 0 0 0 0 0 0 11 25
67 60 6 0 0 0 0 0 0 0 0 0 0 0 0 0 0 0 11 0 0 0 0 0 0 0 0 1 76 97 25 4 13 0 0 0 0 0 4 49 76 88 29 0 6 7 45 56 94 83 22 17 55 46 12 0 9 59 50 14 44 23 2 5 0 3 0 0 32 15 0 0 47 89 57 25 3 2 79 34 97 76 99 99 60 76 43 26 0 0 0 0 0 11 29 54
29 22 0 0 0 0 0 0 0 0 0 0 0 0 0 0 0 0 0 0 0 0 0 0 0 0 0 11 44 85 23 7 0 0 0 0 0 0 16 68 11 21 0 1 5 80 100 87 78 50 63 63 17 0 0 0 20 19 18 26 22 4 0 10 0 2 0 0 0 0 24 19 9 93 48 8 22 12 81 27 100 99 66 75 81 11 0 0 0 0 0 0 6 19 26 56
1 0 0 0 0 0 0 0 0 0 0 0 0 0 0 0 0 0 0 0 3 0 1 0 0 0 2 7 23 84 52 8 0 0 0 0 15 28 77 83 16 6 0 1 21 100 82 11 35 62 69 6 1 0 0 0 0 7 42 31 4 0 0 25 22 0 0 0 0 5 38 51 5 24 97 46 55 95 85 52 100 100 21 11 0 0 0 0 1 4 9 8 48 99 52 48
0 0 0 0 0 0 0 0 0 0 0 0 0 0 0 0 0 15 19 23 31 24 11 4 0 0 0 4 8 30 14 3 0 0 0 7 90 100 100 48 12 16 6 26 68 100 84 84 74 90 37 35 14 0 0 0 0 32 74 44 59 20 0 28 10 4 0 0 2 1 50 30 49 0 59 85 83 68 30 68 100 100 36 35 0 0 0 0 15 27 21 33 96 55 12 18
0 0 0 0 0 10 45 80 10 0 0 0 0 0 0 0 30 51 82 46 38 44 38 12 0 0 0 0 17 9 0 6 1 2 0 30 98 100 89 6 55 19 16 73 100 100 73 89 43 40 80 32 1 0 8 66 72 93 98 96 80 91 28 19 32 3 1 46 20 2 79 56 94 6 28 100 85 13 21 16 82 46 1 2 0 0 0 0 0 23 85 14 98 84 74 100
0 0 0 8 0 34 46 7 0 0 0 0 0 0 0 0 30 20 54 50 48 59 16 2 0 0 0 0 2 5 14 5 22 55 28 24 42 71 14 10 52 10 69 41 39 52 0 15 63 68 90 17 14 64 82 100 97 40 78 87 25 34 47 41 24 0 17 2 29 3 29 88 90 33 12 100 30 15 67 0 13 3 0 0 0 0 0 0 0 27 69 80 87 72 58 50
0 0 27 68 7 44 50 22 0 0 0 0 0 0 0 0 10 0 56 27 28 12 5 0 0 0 0 0 1 8 10 36 92 42 14 47 79 68 14 42 15 33 97 93 87 42 4 73 94 100 50 29 86 86 89 85 51 0 0 33 47 100 56 26 22 25 27 20 46 13 38 54 100 38 12 93 46 14 48 4 0 0 0 0 0 0 0 59 19 2 76 87 51 16 11 69
0 1 54 73 91 80 50 16 9 0 0 0 0 0 0 0 0 1 29 19 10 14 7 0 0 0 0 0 0 0 29 100 61 3 30 0 58 88 54 35 52 68 100 46 60 85 92 82 79 65 85 98 87 40 0 3 10 40 42 70 50 68 56 34 79 58 24 44 18 5 82 88 52 4 33 98 9 0 6 0 0 0 0 0 0 15 42 60 8 23 72 83 6 14 73 23
0 0 0 8 0 0 8 34 45 10 6 0 0 0 0 0 0 0 0 0 8 16 3 0 0 0 0 0 0 0 45 77 80 68 82 56 100 100 70 90 99 62 100 64 33 73 98 95 72 89 69 33 4 0 1 16 58 60 60 51 63 15 15 14 58 23 73 89 14 45 98 61 18 16 88 82 12 0 0 0 0 0 13 8 0 47 73 80 84 100 100 71 30 86 33 46
0 0 0 0 0 0 1 0 0 0 0 0 0 0 0 0 0 0 0 0 3 7 2 0 0 0 0 5 26 34 100 90 28 34 62 69 56 92 38 84 94 38 63 65 79 60 100 76 79 9 0 0 0 8 2 39 97 92 36 58 24 5 55 48 9 49 26 83 66 90 49 34 5 83 100 10 37 0 0 0 0 0 29 13 0 39 57 97 60 52 87 73 80 58 30 93
0 0 0 0 5 4 14 4 0 0 0 0 0 0 0 0 0 0 8 40 8 3 0 16 58 28 53 87 92 98 99 60 33 55 76 85 85 91 52 74 98 82 95 88 76 56 49 37 0 0 0 0 8 46 63 83 64 13 2 28 45 39 90 43 32 98 89 49 69 24 46 23 39 91 69 17 3 0 0 0 0 0 0 0 2 41 96 100 80 85 60 24 77 70 84 74
0 0 5 2 2 17 33 2 0 0 0 0 0 0 0 0 0 0 0 0 22 66 60 88 68 42 99 100 100 97 98 87 14 12 84 80 42 85 73 100 100 78 72 28 98 85 89 19 19 0 0 7 38 87 78 41 4 0 42 78 56 100 100 71 90 98 56 63 36 68 55 29 29 9 25 0 0 0 0 0 0 14 26 38 73 68 28 29 49 63 86 72 10 16 98 75
41 13 19 23 17 38 9 2 0 0 0 0 0 0 0 0 0 0 9 75 93 30 51 72 92 72 100 83 57 18 5 34 47 81 64 96 100 100 91 42 38 0 37 96 94 97 76 26 36 2 18 64 99 100 62 71 91 27 45 31 87 100 100 100 49 10 0 0 61 48 5 0 0 2 13 0 0 0 0 0 0 47 40 1 21 20 0 7 1 46 78 54 21 37 66 18
8 45 75 32 11 10 12 17 12 17 0 0 0 0 34 67 21 30 90 100 100 100 100 100 100 100 100 97 12 0 0 0 23 96 69 92 100 100 68 0 8 73 92 100 84 100 67 2 11 1 49 100 84 52 91 100 100 98 100 69 100 100 100 99 8 0 0 8 37 0 0 0 0 0 0 0 0 0 2 0 0 0 0 0 0 0 13 38 44 15 60 100 88 72 58 24
0 0 0 0 0 1 23 24 24 2 0 20 0 54 97 93 46 69 100 78 59 100 94 85 100 100 100 100 79 70 100 88 100 100 100 100 100 73 25 0 19 40 90 78 75 100 93 49 42 4 81 100 57 76 99 94 100 100 65 70 100 100 40 26 0 0 0 14 28 0 0 0 0 0 0 0 0 18 41 30 6 0 0 0 0 18 88 93 98 94 52 22 24 60 85 54
0 0 0 0 0 1 6 1 7 9 28 74 45 49 87 95 57 87 75 4 70 100 77 50 100 100 100 100 92 100 100 81 32 55 69 100 81 3 9 0 4 16 85 22 56 100 98 19 36 25 74 100 95 100 80 98 100 100 77 91 97 93 37 0 0 0 0 19 5 0 0 0 0 0 0 12 40 45 87 64 1 0 0 0 0 44 100 100 100 100 76 16 17 39 100 59
0 0 0 0 0 0 6 3 2 10 81 100 100 56 96 88 94 56 51 54 100 100 95 36 23 41 19 45 62 85 55 46 0 5 3 65 71 0 0 0 0 3 3 1 76 98 18 1 20 24 54 100 100 100 80 74 100 100 90 24 38 100 62 0 0 21 2 32 4 0 0 0 0 0 0 60 57 47 4 12 0 0 0 51 59 47 100 100 100 100 59 11 17 47 72 19
0 0 0 0 0 0 47 36 74 11 52 97 48 10 85 38 59 100 95 100 100 100 100 69 5 0 0 9 67 62 0 1 0 0 0 0 23 11 0 0 0 24 53 8 44 45 0 0 20 3 60 94 45 80 32 40 100 58 27 0 49 100 79 18 43 45 26 57 59 27 11 5 0 11 36 100 85 20 1 12 16 2 34 88 100 100 100 100 100 68 25 11 17 30 20 18
0 0 0 0 37 64 87 97 94 49 95 97 26 22 91 98 100 100 100 100 100 100 65 40 4 0 0 0 9 8 0 0 0 0 0 7 6 2 0 0 0 3 8 1 2 1 0 3 14 0 1 44 18 32 0 13 48 0 9 0 21 72 61 53 39 13 22 49 2 0 0 19 1 67 100 88 13 22 54 63 58 82 84 100 100 85 93 38 43 6 7 17 17 17 60 47
0 0 2 2 0 61 83 54 78 80 100 48 50 49 100 100 100 91 90 72 96 58 5 0 0 0 0 0 0 0 0 0 0 1 11 3 0 0 0 0 0 0 2 0 0 0 0 7 17 0 20 24 44 17 39 32 0 0 0 0 0 0 0 20 2 0 0 0 0 0 0 5 54 98 100 97 94 67 100 97 68 100 97 99 77 83 32 3 1 0 22 17 17 45 48 37
1 34 43 70 60 92 43 0 3 78 100 100 91 33 68 45 55 50 86 50 64 1 0 0 0 0 0 0 0 0 0 0 0 0 7 2 0 0 0 1 2 0 0 0 0 0 0 0 0 0 0 8 8 42 22 0 0 0 0 0 0 0 0 0 0 5 0 0 0 0 0 0 17 43 45 97 81 98 68 98 100 100 100 94 84 41 5 0 2 53 38 26 46 32 11 2
9 30 88 99 65 57 50 81 75 100 100 83 34 44 63 7 0 95 99 32 4 0 0 0 0 0 0 0 0 0 0 0 0 0 0 0 0 0 0 0 23 7 8 3 4 0 0 0 0 0 0 0 0 0 0 0 0 0 0 0 0 32 23 27 16 1 0 5 6 0 0 0 0 0 1 54 89 49 45 99 100 73 82 96 68 44 5 2 9 41 15 5 11 10 2 0
43 78 87 98 87 85 95 89 76 46 82 68 93 71 3 0 16 99 82 44 0 0 0 0 0 0 0 0 0 0 0 0 0 0 0 0 0 0 0 0 0 0 0 0 0 0 0 0 0 0 0 0 0 0 0 0 0 0 0 0 0 10 16 6 0 0 0 9 29 6 0 0 0 0 3 34 88 70 77 99 83 81 98 98 33 18 12 4 4 8 1 1 49 4 0 0
18 4 5 7 19 57 95 22 1 0 22 61 11 56 2 0 16 96 24 49 0 0 0 0 0 0 0 0 0 0 0 0 0 0 0 0 1 37 34 7 0 0 0 0 0 0 0 0 0 0 0 0 0 0 0 0 0 0 0 0 0 0 0 14 24 0 16 14 20 34 0 0 1 27 28 41 88 46 27 88 57 34 91 65 30 2 0 0 0 0 0 28 49 6 0 0
0 25 42 0 2 22 50 27 51 32 18 58 86 17 0 0 0 16 34 3 0 0 0 0 0 0 0 0 0 0 0 0 0 0 0 0 2 25 79 4 0 0 0 0 0 0 17 61 8 0 0 0 0 0 0 0 0 0 0 0 0 0 0 4 4 23 65 70 0 0 0 0 12 67 79 98 48 1 0 4 2 70 97 12 0 2 4 5 0 0 0 0 0 0 0 0
6 42 9 11 64 87 66 20 4 1 50 62 30 13 0 2 3 0 1 0 0 0 0 0 0 0 0 0 0 0 0 0 0 0 0 0 2 34 64 0 0 16 10 0 0 0 0 45 100 62 0 0 0 0 0 0 0 0 0 0 0 0 0 0 0 3 70 96 13 0 0 0 0 17 87 100 65 35 18 0 0 26 67 29 10 21 70 100 32 0 0 0 0 0 0 0
5 1 51 100 97 70 11 54 82 42 28 32 0 0 0 19 22 0 0 0 0 0 0 0 0 0 0 0 0 0 0 0 0 0 0 0 0 6 90 30 8 43 65 68 3 0 0 42 100 98 43 0 10 0 0 0 0 0 0 0 0 0 0 0 8 4 96 100 57 30 14 0 24 86 100 89 88 88 48 0 1 6 0 0 1 29 80 100 95 42 12 0 0 0 0 0
12 24 91 71 93 58 37 100 98 22 0 21 10 0 0 8 0 0 0 0 0 0 0 0 0 0 0 0 0 0 0 0 0 0 0 0 0 11 42 69 94 94 97 100 63 2 0 71 100 100 26 13 83 79 15 0 0 0 0 0 0 0 0 0 4 0 21 71 80 14 0 0 7 74 84 71 19 92 41 8 9 1 0 0 0 0 15 35 74 41 18 0 0 0 0 0
71 88 73 100 100 100 99 100 100 38 2 4 0 0 0 0 0 0 0 0 0 0 0 0 0 0 0 0 0 0 0 0 0 0 0 0 0 1 5 71 100 100 100 100 59 4 0 77 100 100 71 84 100 100 58 0 0 16 23 0 0 0 0 39 40 15 1 65 31 0 0 20 73 100 33 18 7 91 44 17 23 1 0 0 0 0 0 3 7 1 0 0 0 0 0 0
100 91 93 100 98 100 100 100 92 84 10 0 0 0 0 0 0 0 0 0 0 0 0 0 0 0 0 0 0 0 0 0 0 0 0 0 0 0 62 81 87 100 100 100 100 47 4 86 100 100 100 100 100 100 54 0 0 46 39 0 0 0 0 36 73 31 38 37 0 7 22 91 100 99 35 6 86 100 92 35 6 0 0 0 0 0 0 0 0 0 0 0 0 0 0 0
100 92 66 27 21 87 78 96 79 69 8 0 0 0 0 0 0 0 0 0 0 0 0 0 0 0 0 0 0 0 0 0 12 1 0 0 0 0 1 1 46 100 100 100 100 42 4 46 100 100 100 100 77 27 1 0 0 20 0 0 0 0 28 92 80 54 65 79 4 54 70 66 100 97 98 90 40 32 89 85 14 1 0 0 0 0 0 0 0 0 0 0 0 0 0 0
100 79 4 12 50 16 11 38 55 9 33 0 0 0 0 0 0 0 0 0 0 0 0 0 0 0 0 0 41 3 10 4 70 11 0 0 0 0 0 0 31 73 100 97 74 6 0 72 100 100 100 95 25 0 0 0 0 0 0 0 0 0 79 100 84 39 90 99 24 41 68 68 41 57 100 83 48 18 36 24 2 0 0 0 0 0 0 0 0 0 0 0 0 0 0 1
71 34 2 0 0 0 0 0 6 28 1 0 0 0 0 0 0 0 0 0 0 0 0 0 0 0 0 2 61 66 57 14 54 4 0 0 0 0 1 10 26 97 100 90 34 3 2 80 100 100 100 100 68 0 0 0 0 0 2 0 0 0 39 100 97 64 81 100 99 93 28 35 0 72 100 88 0 0 0 0 1 1 0 0 0 0 0 0 0 0 0 0 0 0 0 2
29 22 0 0 0 0 8 0 0 4 4 0 0 0 0 0 0 0 0 0 0 0 0 0 0 0 0 0 8 44 23 52 100 95 0 0 0 0 11 62 63 92 98 49 33 19 81 100 100 100 89 53 8 0 0 0 0 2 47 0 0 1 63 100 100 100 99 99 100 55 12 17 0 3 66 72 0 0 0 0 2 1 0 0 0 0 0 0 0 0 0 0 0 0 0 2
92 44 0 0 0 0 25 23 0 0 0 0 0 0 0 0 0 0 0 0 0 0 0 23 4 0 0 0 2 41 22 100 83 97 15 0 0 0 19 100 45 86 87 29 0 24 89 100 100 100 100 54 2 0 0 0 10 74 98 9 0 4 57 100 100 100 80 37 53 57 48 45 9 0 0 5 27 55 58 0 15 0 9 36 32 33 24 2 0 0 0 0 2 0 0 0
100 59 0 0 0 0 0 0 0 0 0 0 0 0 0 0 0 0 0 6 0 0 16 41 13 0 0 15 54 64 63 100 60 23 0 0 0 0 3 34 53 77 99 39 0 25 93 97 76 100 100 27 1 0 0 2 71 100 98 66 0 0 11 73 97 100 95 29 46 59 89 97 40 0 0 0 21 99 8 15 82 82 97 100 100 78 91 25 0 0 0 5 25 0 0 0
69 20 4 2 2 0 0 0 0 0 0 0 0 0 0 0 0 0 0 26 42 0 0 0 0 0 0 0 43 90 100 100 90 32 0 0 0 0 0 8 45 88 100 96 0 54 99 89 80 100 82 0 0 2 16 10 98 100 100 81 16 0 1 78 100 100 72 48 34 57 50 100 39 0 0 2 0 36 0 24 57 21 64 75 53 16 32 39 1 0 0 0 0 0 0 0
14 16 46 47 6 0 0 0 0 0 0 0 0 0 0 0 0 0 10 7 17 0 0 0 8 36 22 4 2 59 99 100 100 69 6 64 30 1 0 10 23 75 100 93 64 94 100 61 61 92 48 0 0 0 58 83 100 100 100 100 96 36 0 20 97 100 86 19 13 78 69 91 20 0 8 63 0 1 28 3 0 5 1 3 4 0 13 3 26 22 0 0 0 -9 -9 0
10 28 24 0 0 0 0 0 0 0 0 0 0 60 9 0 0 0 44 3 4 0 0 0 0 17 13 0 0 32 40 77 17 76 20 66 78 47 17 0 63 100 100 92 47 91 100 97 60 100 50 0 0 15 91 84 99 100 84 84 100 84 0 0 78 100 100 70 61 46 84 32 18 0 47 78 2 47 96 52 83 74 6 0 0 0 11 24 0 0 0 0 0 -9 -9 -9
0 0 0 0 0 0 0 0 0 0 0 0 0 15 0 0 0 21 25 0 0 0 0 9 10 0 8 0 0 20 85 99 73 95 44 13 40 19 1 0 1 84 77 68 46 70 95 59 70 99 57 0 0 27 100 80 64 72 40 38 100 46 2 0 57 100 100 80 68 49 66 60 68 54 77 52 9 92 100 100 92 76 11 0 0 0 2 36 3 0 0 0 0 -9 -9 -9
0 0 0 0 0 0 0 0 0 0 0 0 0 2 0 0 0 21 89 39 4 0 0 59 46 0 0 0 0 33 100 100 73 79 21 0 68 13 0 0 0 76 92 57 25 7 5 22 3 90 46 0 4 89 100 85 0 0 48 58 81 50 0 2 17 86 98 64 31 56 40 89 59 100 100 64 82 66 52 37 24 0 0 0 0 1 10 2 0 0 0 0 0 -9 -9 -9
0 0 0 0 0 0 9 27 5 0 0 10 17 52 16 0 31 98 81 7 60 0 0 66 39 1 0 0 0 42 20 32 71 3 0 6 100 78 20 4 1 82 98 39 19 28 3 0 43 100 64 0 8 80 100 100 41 0 5 16 88 94 5 27 43 87 100 32 4 53 9 43 74 91 51 48 82 22 0 0 0 0 0 0 0 0 0 0 0 0 0 0 -9 -9 -9 -9
0 0 0 0 0 3 38 14 1 20 16 18 76 48 2 0 53 99 100 63 45 0 33 96 92 4 0 0 0 26 0 0 55 63 1 3 94 100 47 38 17 36 80 91 4 11 23 0 88 94 29 40 34 98 80 70 53 0 6 41 84 97 2 0 56 100 100 80 75 63 41 87 87 76 19 53 29 3 0 0 0 0 0 0 0 0 0 0 0 0 0 0 -9 -9 -9 -9
0 0 0 5 48 79 4 0 0 9 11 35 71 9 4 0 9 70 100 94 28 11 3 67 49 1 10 8 0 13 0 0 36 83 24 3 69 100 77 68 21 100 100 69 26 34 7 12 28 56 58 40 12 98 89 32 36 46 18 31 80 3 0 0 67 100 100 100 100 97 59 65 100 37 46 21 40 23 23 4 1 0 0 0 0 0 0 0 0 0 0 0 -9 -9 -9 -9
0 0 0 0 11 17 0 0 0 2 14 79 100 81 56 22 5 76 100 100 52 16 0 73 48 10 85 19 0 0 0 0 32 61 62 38 52 87 4 45 10 55 62 86 42 62 24 41 64 70 1 3 12 100 50 24 0 23 44 63 96 36 17 26 49 77 100 100 100 98 60 24 86 64 38 25 17 33 55 64 6 0 0 0 0 0 0 0 0 0 0 0 -9 -9 -9 -9
13 27 0 0 0 31 0 0 0 2 38 81 100 100 100 81 61 47 100 100 38 55 11 48 100 72 86 39 0 0 0 1 27 94 83 93 56 100 62 23 89 99 69 83 26 71 56 62 97 47 0 3 48 100 76 25 24 84 0 31 66 53 70 96 68 42 99 100 100 100 70 100 34 30 36 3 9 8 37 25 28 0 0 0 1 12 4 0 0 0 0 -9 -9 -9 -9 -9
0 18 0 0 0 0 0 0 0 0 16 20 74 100 54 61 97 85 70 100 76 75 87 94 79 86 69 0 0 0 0 0 9 11 72 92 23 46 100 71 100 74 10 3 42 57 21 51 30 0 0 12 92 100 91 25 41 58 0 14 22 97 100 100 45 25 99 100 93 52 82 77 34 86 79 10 0 1 1 32 81 0 0 0 0 1 4 0 0 0 -9 -9 -9 -9 -9 -9
0 0 0 0 0 0 0 0 0 0 1 4 70 100 70 77 73 95 20 96 70 19 73 76 8 72 100 34 0 0 0 0 0 63 100 59 0 14 100 61 100 98 6 0 21 55 69 51 94 26 0 5 83 100 100 81 17 34 0 2 0 49 100 97 30 59 86 100 100 68 76 93 99 98 58 8 0 0 0 5 5 0 0 34 5 0 0 0 0 0 -9 -9 -9 -9 -9 -9
28 0 0 0 0 0 0 0 0 0 0 13 25 70 89 99 61 27 49 93 9 0 84 98 52 86 100 73 0 35 92 74 42 36 98 96 30 11 85 30 99 100 20 7 32 10 12 80 100 70 6 4 58 91 100 100 54 39 0 0 0 7 63 78 36 94 100 100 100 100 90 89 76 88 26 17 0 0 0 0 0 0 0 27 1 0 0 0 0 -9 -9 -9 -9 -9 -9 -9
55 0 0 0 6 2 0 0 0 0 0 0 65 32 40 100 100 63 49 100 57 0 74 100 58 84 79 58 16 77 100 99 61 30 67 96 43 26 30 48 34 72 3 20 30 2 32 45 99 87 12 56 81 49 88 100 91 20 0 1 0 9 44 96 87 97 100 100 100 100 100 67 36 30 3 0 0 0 0 0 0 0 0 0 0 0 0 0 -9 -9 -9 -9 -9 -9 -9 -9
63 0 0 0 39 48 0 0 0 0 0 0 32 8 43 72 86 66 84 63 35 0 71 100 100 100 71 17 9 84 100 100 86 85 60 96 42 46 39 6 30 5 26 28 24 47 85 74 32 78 19 100 100 91 17 88 92 32 28 28 46 16 14 55 72 79 100 93 100 100 100 88 21 8 5 0 0 0 0 0 0 0 0 0 0 0 0 -9 -9 -9 -9 -9 -9 -9 -9 -9
21 0 0 0 59 88 72 20 0 4 1 0 41 48 22 74 100 90 40 52 58 0 43 100 100 100 39 0 4 98 100 100 98 72 71 96 23 28 6 10 14 17 16 38 37 100 91 94 38 22 40 100 100 100 84 85 85 16 0 1 0 0 22 98 56 75 100 77 69 92 100 96 15 0 0 0 5 3 0 0 0 0 3 4 0 0 -9 -9 -9 -9 -9 -9 -9 -9 -9 -9
0 0 0 0 39 92 86 46 12 16 13 8 4 40 11 32 52 89 60 46 74 72 88 100 100 100 74 1 5 88 100 79 60 84 49 87 12 72 61 11 0 7 40 13 44 86 55 51 15 0 33 100 100 100 100 100 75 7 4 32 0 2 73 89 54 69 100 100 98 98 100 31 0 0 1 44 74 8 2 4 10 6 1 1 0 -9 -9 -9 -9 -9 -9 -9 -9 -9 -9 -9
0 0 0 0 0 85 89 95 58 90 34 9 10 58 88 58 12 55 100 39 14 70 100 76 100 51 7 13 65 100 99 40 26 81 17 49 7 45 13 50 0 53 100 87 83 95 39 45 0 8 44 86 100 100 100 100 37 17 28 9 7 58 53 58 70 79 100 100 100 100 71 2 0 5 6 50 32 6 1 5 1 0 0 -9 -9 -9 -9 -9 -9 -9 -9 -9 -9 -9 -9 -9
12 3 0 0 0 0 64 85 97 100 100 35 23 32 29 97 96 73 69 99 72 56 100 59 100 56 82 87 97 100 86 3 0 9 0 0 0 54 25 55 46 63 77 100 99 100 27 5 0 0 1 41 96 100 66 47 46 40 23 15 32 5 1 63 91 100 100 100 73 100 87 28 26 80 96 48 18 5 0 0 0 0 0 -9 -9 -9 -9 -9 -9 -9 -9 -9 -9 -9 -9 -9
2 1 21 0 0 0 7 91 95 100 75 61 64 32 61 100 54 100 100 76 26 16 58 62 12 45 28 61 97 100 100 95 38 0 0 0 0 7 48 60 96 46 72 96 50 17 15 4 14 0 0 0 82 100 100 100 76 4 3 18 16 21 0 0 0 19 88 100 100 99 97 100 100 100 100 88 60 2 0 0 0 0 0 -9 -9 -9 -9 -9 -9 -9 -9 -9 -9 -9 -9 -9
