data/habitatmaps/RS_maps/habitat_Prunella.modularis_2004.asc
NCOLS 369 
NROWS 228 
XLLCORNER 479000 
YLLCORNER 73000 
CELLSIZE 1000 
NODATA_value -9 
[rows 116 to 173 of 228, columns 0 to 95 of 369]
-9 -9 -9 -9 -9 -9 -9 -9 -9 -9 -9 -9 -9 -9 -9 -9 -9 -9 -9 -9 -9 -9 -9 -9 -9 -9 -9 -9 -9 86 9 26 48 29 0 25 78 97 67 50 73 56 75 87 90 39 33 49 60 18 33 81 99 90 38 39 22 29 0 0 0 0 0 0 0 0 2 0 2 0 2 30 35 46 17 11 30 33 0 0 24 21 8 1 3 56 22 39 81 28 7 28 61 12 18 6
-9 -9 -9 -9 -9 -9 -9 -9 -9 -9 -9 -9 -9 -9 -9 -9 -9 -9 -9 -9 -9 -9 -9 -9 -9 -9 -9 -9 100 82 97 9 6 0 23 97 98 53 49 12 86 98 100 100 91 71 99 19 92 95 90 70 99 17 42 47 53 14 5 22 2 0 0 0 12 65 73 20 24 41 50 49 9 17 28 34 0 19 3 37 26 0 77 25 61 1 27 68 81 2 13 63 70 38 83 8
-9 -9 -9 -9 -9 -9 -9 -9 -9 -9 -9 -9 -9 -9 -9 -9 -9 -9 -9 -9 -9 -9 -9 -9 -9 -9 100 100 100 100 100 79 9 19 92 89 54 0 1 7 90 100 100 100 100 100 96 65 47 79 98 76 34 10 7 0 8 8 0 3 21 0 11 30 76 73 32 8 1 31 37 23 15 0 39 9 10 96 31 25 3 1 45 21 52 33 28 42 53 0 0 7 1 25 35 21
-9 -9 -9 -9 -9 -9 -9 -9 -9 -9 -9 -9 -9 -9 -9 -9 -9 -9 -9 -9 -9 -9 -9 -9 -9 100 100 100 100 50 93 36 0 20 66 53 4 0 2 36 84 100 97 95 100 100 78 21 65 90 58 6 44 38 17 11 33 17 0 0 0 22 16 44 37 35 20 64 65 5 14 7 3 19 21 1 61 64 41 22 1 17 19 32 73 30 16 24 3 28 15 20 0 3 8 1
-9 -9 -9 -9 -9 -9 -9 -9 -9 -9 -9 -9 -9 -9 -9 -9 -9 -9 -9 -9 -9 -9 -9 99 100 100 100 99 37 5 12 0 13 23 55 60 11 0 0 38 59 29 45 58 83 100 41 30 94 80 6 1 3 46 1 7 26 0 0 0 0 0 0 18 8 49 71 20 33 62 21 8 0 31 3 46 38 0 4 0 10 9 0 0 4 0 2 0 18 13 12 3 16 21 75 20
-9 -9 -9 -9 -9 -9 -9 -9 -9 -9 -9 -9 -9 -9 -9 -9 -9 -9 -9 -9 -9 -9 86 84 100 100 100 60 4 37 48 60 61 82 48 0 0 23 55 75 18 51 94 100 92 63 55 46 100 85 0 0 1 19 0 0 0 0 0 0 8 1 0 3 47 52 68 31 19 12 27 28 24 9 0 67 6 30 40 0 0 25 0 0 0 41 40 0 0 23 49 47 6 41 34 4
-9 -9 -9 -9 -9 -9 -9 -9 -9 -9 -9 -9 -9 -9 -9 -9 -9 -9 -9 -9 -9 89 64 100 100 100 29 16 69 98 77 68 42 5 4 15 61 96 100 100 72 98 93 65 47 71 61 95 55 35 2 0 27 16 0 0 0 0 3 17 29 22 11 25 11 48 27 0 38 2 27 7 2 0 14 28 18 64 29 0 33 25 12 3 23 68 91 9 0 5 1 19 42 9 15 57
-9 -9 -9 -9 -9 -9 -9 -9 -9 -9 -9 -9 -9 -9 -9 -9 -9 -9 -9 -9 78 100 98 100 100 79 90 95 35 28 15 0 3 27 14 89 100 100 100 75 42 78 81 61 73 84 56 13 11 17 16 0 1 0 0 3 17 12 22 5 34 21 45 39 25 33 0 12 30 0 5 28 0 7 55 27 37 33 0 17 50 45 2 52 25 18 42 1 0 0 3 72 88 6 5 38
-9 -9 -9 -9 -9 -9 -9 -9 -9 -9 -9 -9 -9 -9 -9 -9 -9 -9 -9 34 80 100 100 100 93 65 92 44 9 0 0 7 62 77 97 100 100 100 100 92 14 67 51 33 70 30 2 6 73 64 35 0 0 0 0 1 29 20 21 28 2 0 0 16 7 41 30 14 41 1 16 67 26 33 11 63 12 27 15 49 0 15 59 42 0 7 27 2 0 0 17 61 13 8 13 42
-9 -9 -9 -9 -9 -9 -9 -9 -9 -9 -9 -9 -9 -9 -9 -9 -9 -9 2 47 83 100 100 90 40 84 9 0 0 2 51 95 89 100 100 100 100 100 100 93 11 66 27 11 70 87 66 94 99 81 10 0 0 0 0 5 5 23 64 39 0 19 50 12 41 19 52 17 51 42 42 38 20 46 0 25 42 27 0 54 46 7 59 78 0 17 7 29 35 21 33 7 0 10 46 23
-9 -9 -9 -9 -9 -9 -9 -9 -9 -9 -9 -9 -9 -9 -9 -9 -9 46 80 100 100 100 83 19 21 86 0 5 50 91 100 100 100 100 100 100 100 100 100 87 25 22 83 58 91 74 84 43 88 60 27 1 0 0 0 0 0 23 50 39 0 63 18 16 46 19 18 1 32 73 8 0 40 41 24 31 28 44 20 1 32 69 71 0 0 0 15 6 25 15 0 24 0 2 9 12
-9 -9 -9 -9 -9 -9 -9 -9 -9 -9 -9 -9 -9 -9 -9 -9 67 100 100 100 93 47 4 23 82 35 62 96 100 100 100 100 100 100 100 100 100 99 49 18 31 40 76 79 80 17 19 13 57 8 9 0 0 0 0 0 0 54 41 8 24 62 4 6 41 51 21 32 0 10 44 22 1 47 86 28 22 18 44 9 71 51 21 0 21 18 6 0 0 3 0 2 0 43 67 26
-9 -9 -9 -9 -9 -9 -9 -9 -9 -9 -9 -9 -9 -9 -9 39 100 100 98 81 54 47 82 97 41 22 100 100 100 100 100 100 100 100 100 87 100 95 75 98 90 93 75 79 63 19 73 43 9 11 0 0 0 0 5 6 35 58 36 56 36 47 4 20 17 56 35 15 0 4 66 15 22 58 19 0 7 0 2 27 13 0 0 0 9 6 36 0 6 22 32 22 35 7 23 28
-9 -9 -9 -9 -9 -9 -9 -9 -9 -9 -9 -9 -9 13 63 100 100 100 71 75 94 97 64 31 69 91 100 100 100 100 100 100 100 97 81 95 99 100 88 23 20 70 70 88 78 43 69 39 8 8 0 0 0 0 3 92 42 73 69 47 0 0 27 29 0 47 37 5 41 28 28 3 35 21 29 0 20 4 0 0 0 0 0 2 38 0 41 18 31 31 76 83 27 27 22 0
-9 -9 -9 -9 -9 -9 -9 -9 -9 -9 -9 -9 12 78 77 100 100 100 89 34 3 20 29 65 97 100 100 100 100 100 100 91 99 88 76 74 96 79 46 19 31 35 58 61 58 13 17 68 11 43 17 5 0 0 1 70 19 16 36 71 0 8 58 0 7 51 31 18 80 24 66 53 19 18 13 4 33 25 5 1 0 0 3 28 5 0 16 37 58 97 100 61 0 0 1 1
-9 -9 -9 -9 -9 -9 -9 -9 -9 -9 -9 52 84 100 100 98 79 65 10 0 4 37 97 100 100 100 100 100 100 100 98 89 71 79 26 14 78 88 77 47 39 43 49 85 71 37 79 100 73 16 24 0 0 0 7 31 3 40 54 16 9 78 4 0 81 28 0 27 47 15 52 24 11 19 28 0 23 37 1 20 0 0 25 0 7 29 3 14 44 30 19 0 0 0 0 0
-9 -9 -9 -9 -9 -9 -9 -9 -9 -9 69 91 83 88 52 9 0 9 37 60 91 52 96 100 100 100 100 100 100 96 82 61 67 20 14 4 38 79 10 56 76 73 88 10 50 100 100 97 99 38 1 0 4 28 90 49 0 0 50 7 14 50 0 35 31 2 0 7 30 24 61 0 29 64 17 2 20 41 0 0 0 0 10 24 17 29 50 63 70 10 21 4 15 0 2 0
-9 -9 -9 -9 -9 -9 -9 -9 -9 -9 41 44 100 27 2 23 12 36 67 99 84 49 90 100 100 100 100 100 99 85 60 46 20 21 6 36 86 94 59 53 80 92 21 57 93 96 41 24 43 28 13 48 83 84 25 12 0 0 0 0 1 24 1 20 49 21 0 14 55 74 13 17 15 13 34 49 40 0 0 0 2 0 0 29 1 24 56 77 33 24 41 18 3 25 30 4
-9 -9 -9 -9 -9 -9 -9 -9 -9 61 91 85 47 54 27 31 41 98 100 100 97 83 59 89 100 100 100 100 100 67 51 23 8 3 65 99 75 79 80 90 80 32 0 73 59 12 13 20 46 3 0 24 7 71 0 17 7 23 0 0 0 22 38 34 30 24 10 61 44 27 26 29 5 51 14 61 8 10 0 0 27 0 9 2 0 9 36 68 94 33 3 3 0 1 20 0
-9 -9 -9 -9 -9 -9 -9 -9 93 35 23 0 7 39 75 95 100 100 100 100 94 68 88 94 100 100 100 100 100 58 36 7 7 72 100 100 88 93 97 90 57 2 60 76 12 21 1 23 41 26 8 0 37 23 0 17 0 0 0 11 35 0 7 49 26 47 19 65 8 32 19 16 50 0 7 1 37 20 2 0 1 0 0 0 0 0 0 48 56 2 20 0 0 5 25 19
-9 -9 -9 -9 -9 -9 -9 -9 23 18 0 0 0 31 96 100 100 100 99 100 94 54 81 100 94 100 100 86 58 31 1 10 63 100 100 100 88 79 94 99 99 63 72 0 0 42 25 3 15 0 1 0 36 0 0 0 0 0 0 26 49 25 0 17 19 26 9 49 45 53 28 0 38 0 6 21 24 4 51 18 4 0 0 4 7 25 0 0 2 0 0 0 3 23 2 12
-9 -9 -9 -9 -9 -9 -9 -9 35 77 7 0 26 95 100 100 100 100 64 99 65 66 100 100 97 100 100 27 6 0 9 45 74 100 100 100 99 100 100 88 39 16 0 0 0 16 2 45 43 0 16 24 1 0 58 18 20 0 0 28 16 0 0 48 40 64 64 4 34 15 16 5 9 0 0 25 65 42 54 36 22 6 3 33 0 0 0 0 0 0 0 0 16 14 0 4
-9 -9 -9 -9 -9 -9 -9 -9 97 35 12 57 100 100 100 100 90 61 50 96 67 99 100 100 100 100 41 0 0 14 45 82 100 100 81 91 100 100 100 30 3 0 0 30 17 0 0 46 15 15 18 3 0 5 27 33 60 10 28 56 36 18 11 62 96 98 23 1 11 11 0 24 12 32 1 22 16 39 26 7 17 36 29 11 6 7 0 0 0 0 0 0 58 81 7 23
-9 -9 -9 -9 -9 -9 -9 52 53 28 90 100 100 100 100 69 51 36 14 41 96 100 100 100 100 99 27 1 40 57 87 70 89 43 35 93 98 100 79 4 9 24 48 94 35 0 0 0 0 5 21 0 0 0 0 0 0 0 19 11 36 32 1 33 71 72 43 1 13 0 9 79 9 6 12 1 0 2 25 1 2 33 35 2 67 54 24 28 42 16 0 7 34 70 17 32
-9 -9 -9 -9 -9 -9 -9 36 57 71 100 100 100 100 100 93 85 75 9 35 100 100 100 100 85 44 4 63 100 100 77 86 50 32 83 100 91 100 60 0 0 53 31 2 92 43 0 1 0 8 28 9 0 0 0 17 0 0 7 17 23 62 51 80 100 100 14 15 27 0 0 77 16 20 62 11 6 30 57 12 21 6 0 61 96 90 46 81 45 20 9 12 2 2 1 49
-9 -9 -9 -9 -9 -9 -9 1 17 93 100 100 99 72 85 100 87 17 33 98 100 100 100 100 78 49 30 99 31 37 50 53 93 65 67 69 100 93 15 3 52 49 0 0 52 10 6 25 3 0 44 18 0 0 31 5 12 35 14 12 96 93 87 100 100 99 51 35 40 0 0 27 14 0 13 15 16 7 0 0 0 0 3 93 98 100 92 100 79 57 27 9 0 2 47 100
-9 -9 -9 -9 -9 -9 -9 29 87 98 87 92 33 46 92 84 31 17 88 100 100 100 100 100 50 7 75 76 58 25 28 66 81 83 100 100 96 28 0 24 96 48 0 0 0 0 0 8 23 14 41 1 4 73 84 59 28 48 38 61 54 63 92 91 92 78 30 26 23 14 0 5 0 0 18 0 0 0 0 0 0 0 6 59 43 100 100 100 71 40 56 41 34 49 58 75
-9 -9 -9 -9 -9 -9 -9 98 100 100 85 28 46 80 60 19 55 91 100 100 99 100 96 57 40 54 100 84 84 40 75 99 80 94 100 87 29 0 0 10 86 95 95 35 0 3 0 0 4 3 44 21 0 3 62 27 0 12 3 3 56 57 74 35 85 100 100 57 31 38 1 0 0 4 20 27 4 15 8 1 0 0 50 80 52 100 100 100 61 47 62 47 16 19 7 61
-9 -9 -9 -9 -9 -9 -9 99 100 100 100 93 18 51 78 40 68 100 100 100 76 93 97 52 66 69 99 73 51 57 87 100 100 100 100 75 7 0 0 0 0 34 69 36 20 8 14 0 0 0 3 78 65 0 11 15 17 0 0 0 24 53 11 17 33 25 32 37 14 70 75 10 28 20 43 60 46 11 23 0 0 13 55 41 87 100 100 100 64 61 20 66 47 8 9 81
-9 -9 -9 -9 -9 -9 -9 100 100 100 100 71 26 77 37 45 100 100 100 100 100 84 23 88 54 78 100 84 71 87 55 92 100 100 100 34 0 0 31 60 45 55 54 0 0 0 1 12 0 0 7 40 43 0 0 0 0 0 0 0 13 14 6 52 11 11 31 0 0 2 22 39 33 20 3 5 1 6 23 6 0 0 52 36 28 92 100 100 100 55 30 14 76 29 0 59
-9 -9 -9 -9 -9 -9 -9 100 100 99 71 73 55 57 27 95 100 100 100 100 97 21 54 69 90 100 82 48 91 95 100 100 100 100 100 40 0 2 2 96 100 97 71 5 0 0 8 6 0 0 3 0 28 5 0 0 0 0 0 0 0 1 48 37 18 15 0 0 0 0 2 56 54 0 23 31 25 22 60 2 0 3 39 55 62 80 77 98 74 28 12 48 71 19 15 52
-9 -9 -9 -9 -9 -9 100 100 85 57 97 87 55 58 97 100 100 100 100 86 22 60 72 99 100 91 87 83 100 100 100 100 100 86 47 52 2 12 47 99 67 33 28 26 1 5 20 24 0 0 14 14 3 10 0 0 0 0 0 0 0 0 74 47 28 64 0 0 1 0 16 45 0 3 0 32 12 2 3 0 0 7 65 55 58 63 57 48 24 65 84 67 38 25 56 29
-9 -9 -9 -9 -9 75 100 79 65 85 54 96 58 71 100 100 100 100 79 3 41 81 96 99 79 79 89 85 100 100 69 69 94 18 3 25 35 35 76 51 14 1 0 1 0 0 0 27 2 0 0 0 26 1 0 0 0 0 0 0 0 0 34 10 0 34 0 11 37 16 10 4 33 55 1 0 0 0 10 0 0 41 62 55 67 100 75 42 21 83 81 38 29 31 53 41
-9 -9 -9 -9 -9 95 74 59 75 37 100 100 92 52 92 100 100 79 4 25 79 100 95 66 96 75 89 91 100 99 18 34 39 23 11 14 47 50 57 54 11 0 5 8 0 0 0 1 0 0 0 0 21 0 0 0 0 0 0 0 0 0 3 0 0 14 0 34 58 12 0 0 21 64 11 0 0 22 47 23 11 6 75 28 53 100 55 25 12 20 64 10 20 34 19 54
-9 -9 -9 -9 -9 42 85 100 82 91 100 92 58 72 80 99 53 5 1 85 100 100 89 97 75 77 82 100 100 73 4 8 65 36 0 0 37 73 0 12 35 0 2 29 0 0 1 0 0 0 0 0 0 0 0 0 0 0 0 0 0 0 0 0 12 3 0 0 23 53 0 0 34 49 53 7 6 67 6 75 64 82 72 85 48 56 38 81 18 13 56 37 19 25 75 14
-9 -9 -9 -9 -9 100 57 46 98 80 51 91 78 69 67 12 8 0 38 100 100 100 97 72 55 91 88 100 69 2 0 42 72 43 0 0 3 23 8 3 12 0 0 10 29 14 22 4 0 0 0 0 0 0 0 0 0 0 0 0 0 0 0 0 0 0 0 3 46 13 21 16 28 64 70 32 28 47 39 47 73 75 87 85 87 37 45 65 36 37 17 33 86 58 50 77
-9 -9 -9 -9 99 79 34 49 72 75 80 70 69 88 23 20 1 1 74 100 100 78 82 77 83 79 92 70 2 0 16 79 100 44 19 8 29 32 25 0 0 0 0 0 0 0 0 0 0 0 0 0 0 0 0 0 0 0 0 0 0 0 0 0 0 0 0 0 2 15 12 18 15 18 81 34 0 25 40 51 93 76 77 88 35 37 88 14 37 56 22 83 59 43 72 83
-9 -9 -9 -9 49 61 7 29 49 92 76 55 77 84 75 11 2 42 65 87 100 83 98 74 88 73 63 69 5 11 0 36 100 83 59 1 5 2 0 0 0 0 1 0 0 0 0 0 0 0 0 0 0 0 0 0 0 0 0 0 0 0 0 0 0 0 0 0 0 1 0 0 46 15 5 0 27 29 6 46 56 50 76 46 98 100 86 28 31 21 82 38 54 66 93 30
-9 -9 -9 -9 1 11 25 9 80 100 89 62 72 36 98 50 20 54 71 88 67 66 82 67 86 100 97 31 28 46 6 21 96 26 0 0 0 0 0 0 18 32 37 0 0 0 0 0 0 0 0 0 0 0 0 0 0 0 0 0 0 0 0 0 0 0 0 0 0 0 0 0 0 0 0 4 12 0 0 24 54 28 55 60 93 100 37 30 44 66 85 28 71 14 30 75
-9 -9 -9 -9 51 54 94 91 46 91 100 97 100 99 71 95 88 91 57 76 91 84 68 46 39 69 20 2 47 51 2 37 27 0 0 0 0 0 0 0 9 3 0 0 0 0 0 0 0 0 0 0 0 0 0 0 0 0 0 0 0 0 0 0 0 0 0 0 0 0 0 0 0 0 0 0 0 0 0 11 66 77 33 61 99 86 20 43 88 97 100 100 64 44 52 7
-9 -9 -9 -9 64 90 99 51 33 84 90 83 100 100 90 100 95 62 80 84 72 75 50 44 69 100 42 11 72 5 11 3 0 0 0 0 0 0 0 0 0 0 0 0 0 0 0 0 0 0 0 0 0 0 0 0 0 0 0 0 0 0 0 0 0 0 0 0 0 0 0 0 0 0 0 0 0 0 0 0 38 58 32 68 100 32 33 100 100 97 70 100 93 66 62 37
-9 -9 -9 78 74 100 98 71 99 82 100 100 100 100 100 100 87 71 87 89 85 84 100 100 100 82 39 23 75 12 0 10 13 0 0 0 0 0 0 0 0 0 0 0 0 0 0 0 0 0 0 0 0 0 0 0 0 0 0 0 0 0 0 0 0 0 0 0 0 0 0 0 0 0 0 0 0 0 0 0 32 71 85 100 100 58 63 95 100 100 85 100 77 81 55 28
-9 -9 -9 100 100 99 63 65 100 100 91 95 100 100 100 96 82 73 39 73 97 100 100 100 100 16 0 9 5 0 0 5 39 2 0 0 0 0 0 0 0 0 0 0 0 0 0 0 0 0 0 0 0 0 0 0 0 0 0 0 0 0 0 0 0 0 0 0 0 0 0 0 0 0 0 0 0 0 0 0 1 47 91 86 98 50 100 97 79 95 100 99 96 30 10 27
-9 -9 -9 100 82 47 58 74 98 77 47 100 100 100 100 88 43 66 81 100 100 100 100 89 87 24 12 3 12 3 1 8 3 0 0 0 0 0 0 0 0 0 0 0 0 0 0 0 0 0 0 0 0 0 0 0 0 0 0 0 0 0 0 0 0 0 0 0 0 0 0 0 0 0 0 0 0 0 0 0 0 19 75 96 100 98 100 77 67 77 40 50 80 98 61 22
-9 -9 -9 48 75 83 92 66 89 24 88 100 100 93 100 100 85 94 100 100 100 100 50 21 5 0 0 0 0 0 20 51 8 0 0 0 0 0 0 0 0 0 0 0 0 0 0 0 0 0 0 0 0 0 0 0 0 0 0 0 0 0 0 0 0 0 0 0 0 0 0 0 0 0 0 0 0 0 0 0 0 15 100 100 100 100 100 100 100 63 95 91 100 100 75 18
-9 -9 -9 -9 96 71 29 31 52 54 94 100 77 38 100 100 100 100 100 100 100 54 0 0 0 0 0 0 0 0 9 18 0 0 0 0 0 0 0 0 0 0 0 0 0 0 0 0 0 0 0 0 0 0 0 0 0 0 0 0 0 0 0 37 86 85 61 36 5 0 0 0 0 0 0 0 0 0 0 0 0 14 94 100 100 100 100 100 100 96 100 58 100 91 16 28
-9 -9 -9 -9 46 32 39 42 95 100 100 67 5 64 100 100 100 100 100 100 94 20 0 0 0 0 0 0 0 0 6 3 0 0 0 0 0 0 0 0 0 0 0 0 0 0 0 6 54 2 0 0 0 0 0 3 13 35 17 52 82 80 85 82 10 78 53 89 89 39 8 0 0 0 0 0 0 0 0 0 0 0 43 100 100 100 100 100 98 82 100 73 14 6 0 12
-9 -9 -9 -9 40 68 100 100 100 100 95 34 72 97 100 100 100 100 100 78 10 0 0 0 0 0 0 9 0 0 0 0 0 0 0 0 0 0 0 0 0 0 0 0 0 0 0 6 23 3 18 3 0 0 0 41 37 40 47 43 31 36 80 44 63 79 87 98 100 97 98 70 39 20 4 2 26 51 49 40 50 0 53 100 100 100 79 62 12 32 63 30 36 20 3 38
-9 -9 -9 -9 48 98 100 100 100 77 64 85 100 100 100 100 100 100 99 26 0 0 0 0 0 1 12 0 0 0 0 0 0 0 0 0 0 0 0 0 0 0 0 0 0 0 0 0 3 13 0 0 28 34 28 32 60 0 0 0 6 81 46 92 100 100 100 100 100 100 100 100 100 100 60 46 2 30 61 6 9 0 65 100 100 63 49 50 24 68 30 79 21 28 64 69
-9 -9 -9 -9 -9 100 100 100 59 65 88 33 97 100 100 100 100 100 53 0 0 2 1 20 38 0 29 0 0 0 0 0 0 16 42 18 0 0 0 0 0 0 0 0 0 0 0 0 30 39 1 24 34 31 15 7 13 0 31 59 30 19 0 54 94 100 100 100 100 100 82 87 100 96 100 100 58 0 39 3 0 42 98 100 100 91 99 14 68 69 81 28 44 40 70 60
-9 -9 -9 -9 -9 -9 100 92 66 100 98 96 100 67 92 72 75 97 34 52 2 22 11 55 14 0 0 0 0 0 0 0 0 0 8 69 15 0 0 0 0 0 0 0 0 0 0 0 66 83 71 11 18 0 0 7 0 0 4 16 3 1 3 61 99 100 97 93 100 100 94 62 70 27 61 100 98 8 51 27 0 41 92 100 87 66 66 91 84 43 52 35 100 65 22 64
-9 -9 -9 -9 -9 -9 100 70 96 100 82 100 100 49 8 3 0 20 71 46 0 0 9 42 0 0 0 0 0 0 0 9 23 54 23 44 49 0 0 0 0 0 0 1 41 8 11 59 47 42 93 39 0 19 0 40 1 3 60 78 98 95 100 100 100 69 22 46 62 85 45 34 22 60 78 100 100 50 28 4 0 13 96 100 72 80 98 88 6 25 65 74 28 35 61 56
-9 -9 -9 -9 -9 -9 92 80 100 95 82 100 100 33 12 6 0 75 69 0 13 5 0 1 0 0 0 0 0 0 1 63 89 83 73 88 77 5 0 0 0 0 0 32 43 33 42 22 36 15 36 95 92 41 -9 -9 -9 46 30 11 80 100 100 100 100 100 38 69 100 100 78 55 22 58 75 99 100 100 24 2 0 7 53 48 93 95 48 8 42 99 95 38 41 95 100 100
-9 -9 -9 -9 71 94 52 100 100 91 81 100 89 1 0 27 0 5 0 3 44 64 0 0 0 0 0 0 0 16 10 68 39 39 13 30 35 0 0 0 0 7 3 32 5 44 43 3 40 41 45 90 -9 -9 -9 -9 -9 100 64 33 34 75 84 100 100 100 85 43 99 98 28 37 83 63 100 85 69 74 6 20 25 15 30 59 54 76 60 70 100 99 85 94 33 94 85 81
-9 -9 67 49 92 48 83 100 100 100 100 99 34 0 0 7 3 19 12 2 42 40 0 0 0 0 0 0 0 1 12 60 40 45 4 0 14 30 35 56 45 66 85 41 59 13 0 0 18 56 -9 -9 -9 -9 -9 -9 -9 -9 100 99 41 28 54 100 100 100 70 70 62 78 33 40 74 87 89 99 100 98 20 0 0 33 0 0 19 83 88 99 100 100 100 66 15 54 51 70
-9 44 51 95 36 62 100 100 100 100 100 78 0 0 0 0 5 16 0 0 54 32 0 0 0 0 0 0 1 0 5 45 1 0 4 53 89 100 53 70 100 100 87 47 23 0 0 2 52 -9 -9 -9 -9 -9 -9 -9 -9 -9 100 100 91 65 37 76 100 100 100 100 81 99 100 62 51 41 69 95 98 66 68 5 0 25 0 0 18 75 100 51 90 95 100 70 31 22 9 74
56 57 45 71 25 100 100 100 100 100 100 72 0 0 0 0 0 0 28 75 85 57 7 0 0 0 0 0 21 47 67 6 20 0 24 14 45 47 16 89 100 63 20 0 0 -9 -9 -9 -9 -9 -9 -9 -9 -9 -9 -9 -9 -9 100 100 100 82 95 100 100 100 95 52 30 86 100 84 97 86 74 98 100 86 83 1 0 1 0 0 20 59 78 87 70 43 34 26 56 37 70 71
79 89 91 92 92 100 100 100 100 100 73 16 6 0 23 0 0 24 62 100 69 25 0 0 0 0 0 0 9 71 63 93 54 0 1 37 9 25 70 100 75 8 0 0 0 -9 -9 -9 -9 -9 -9 -9 -9 -9 -9 -9 -9 -9 100 100 80 35 90 100 100 100 47 43 70 61 49 74 100 100 88 93 100 100 100 56 5 0 0 0 23 9 26 100 59 43 48 45 82 64 75 40
