data/habitatmaps/RS_maps/habitat_Turdus.torquatus_2010.asc
NCOLS 369 
NROWS 228 
XLLCORNER 479000 
YLLCORNER 73000 
CELLSIZE 1000 
NODATA_value -9 
[rows 120 to 179 of 228, columns 96 to 191 of 369]
0 0 0 0 0 0 0 0 0 0 0 13 0 8 0 8 9 22 23 0 2 21 6 33 55 25 63 51 14 0 0 0 0 0 0 0 0 14 4 0 0 40 27 12 3 29 17 64 34 50 58 40 26 19 15 12 50 60 21 26 19 61 91 22 44 1 36 44 31 0 28 67 23 38 4 64 48 37 0 1 61 53 31 2 5 1 75 5 7 34 28 1 0 53 37 4
0 0 0 0 0 0 0 0 0 0 0 21 0 0 0 11 8 5 16 45 76 91 93 93 58 72 94 74 14 0 0 0 0 0 0 0 0 11 1 0 13 26 2 2 33 39 51 56 54 70 68 50 12 13 20 53 59 52 71 44 38 36 20 31 62 20 29 15 31 0 12 42 16 16 0 0 0 0 0 21 41 33 43 5 0 0 8 41 27 0 0 0 12 100 75 85
0 0 0 0 0 0 0 0 0 0 7 21 21 0 0 0 0 41 74 82 77 48 32 47 27 59 70 98 62 0 0 3 5 10 0 0 6 1 0 0 5 15 14 18 62 76 89 45 79 88 44 25 76 78 90 30 50 54 75 21 21 17 5 22 48 0 0 0 3 0 0 0 13 10 0 0 0 0 0 21 7 0 15 50 54 9 0 4 75 60 2 10 66 100 100 96
0 3 2 0 0 0 0 0 0 0 17 58 19 0 0 35 47 91 52 91 80 53 70 75 28 50 65 70 59 20 4 6 0 0 0 0 3 0 0 0 3 41 11 42 55 56 72 62 81 35 37 40 32 55 67 34 89 88 81 23 1 3 58 35 4 0 0 0 0 0 0 0 15 0 0 0 0 0 0 0 0 0 0 0 41 65 0 0 18 47 41 36 58 98 65 35
0 26 2 8 0 0 0 0 0 0 16 4 0 0 15 58 89 58 58 25 3 26 86 96 58 60 76 48 81 82 9 0 0 0 0 0 0 0 0 0 0 5 21 44 29 0 2 6 32 36 36 49 8 37 6 65 88 38 42 57 6 0 28 0 0 0 0 0 0 0 1 0 0 0 46 45 40 20 0 0 0 0 0 0 53 66 7 0 11 37 17 44 62 21 4 18
0 0 0 13 1 0 0 3 35 0 0 4 8 0 22 57 36 5 23 10 0 5 34 32 95 57 52 71 88 74 5 1 0 0 0 0 0 0 0 0 0 0 17 40 10 0 0 0 15 80 50 5 26 1 24 67 18 1 15 34 50 17 0 0 0 0 0 0 11 51 58 57 60 58 75 65 72 69 38 16 10 3 0 0 1 85 22 0 5 12 36 5 13 36 94 90
0 0 6 11 18 37 25 54 60 1 18 89 97 14 13 29 32 5 25 23 44 33 34 27 5 31 10 30 47 44 20 3 0 0 0 0 0 21 0 0 0 0 0 21 0 0 0 2 60 80 53 34 7 33 73 38 0 1 66 66 25 1 0 0 0 0 1 24 78 60 39 30 58 78 18 9 34 19 63 65 41 21 7 0 0 21 38 5 19 20 7 33 20 60 81 62
0 0 24 4 44 93 94 84 55 26 58 88 90 97 55 33 69 63 54 82 88 40 28 15 27 26 8 40 60 80 20 43 39 11 0 0 0 4 17 0 0 0 0 0 0 0 0 0 75 42 76 21 42 62 49 22 2 52 63 6 0 0 0 0 0 7 45 75 47 48 57 12 34 36 30 27 0 5 47 44 53 50 30 3 13 9 5 7 2 31 56 52 65 66 55 100
0 0 0 1 60 92 88 52 30 61 26 29 27 49 16 47 38 44 46 53 20 18 49 59 64 60 5 38 43 26 27 55 26 64 43 11 4 0 0 0 0 0 0 0 0 0 0 3 19 90 55 58 47 44 10 0 52 40 0 0 0 0 0 15 31 65 89 88 93 99 43 7 27 22 86 40 14 0 0 11 65 72 59 78 59 20 34 87 75 84 67 64 98 99 35 58
0 0 0 14 93 25 62 29 35 76 45 37 6 19 21 98 30 43 47 40 17 8 25 16 0 0 19 13 20 30 19 33 40 86 66 57 86 21 0 0 0 0 0 0 0 0 0 0 56 47 21 28 15 59 59 9 25 0 0 0 0 0 15 81 96 86 67 23 18 85 37 30 54 90 51 4 3 0 2 51 67 75 88 87 51 39 20 45 71 100 100 99 96 100 89 56
0 0 0 9 94 15 49 25 31 57 55 58 17 49 45 24 53 67 49 35 14 10 16 25 29 9 23 10 31 72 33 9 7 11 27 26 22 0 10 25 9 0 0 0 0 0 0 0 3 7 10 6 0 4 16 0 0 0 0 0 0 32 79 98 76 78 19 9 7 34 1 19 84 100 30 11 35 23 35 54 97 98 100 57 0 43 46 34 92 51 89 92 94 100 85 59
0 7 29 73 92 24 41 48 86 93 68 18 47 35 19 24 31 29 11 48 69 72 81 17 12 17 10 41 53 26 4 1 18 14 1 0 0 25 69 32 0 0 0 0 0 0 0 0 0 0 0 0 0 0 0 3 1 0 0 8 37 92 86 80 94 67 13 53 52 59 9 37 73 91 3 2 39 64 88 100 100 100 99 11 35 76 65 26 44 50 11 61 100 79 93 53
21 25 50 23 30 64 42 74 88 82 30 32 37 2 50 68 27 36 55 30 1 25 26 8 0 6 27 18 10 10 12 0 0 0 0 0 0 5 56 36 3 0 0 0 0 0 0 0 0 0 0 0 0 0 21 61 7 0 54 95 91 88 64 84 55 85 57 30 71 9 35 32 23 12 18 48 11 53 100 71 92 97 96 20 70 86 84 63 25 33 70 25 98 44 12 15
12 47 65 75 21 25 26 41 37 65 15 46 5 50 47 1 64 58 60 38 19 30 26 14 0 0 0 1 0 1 3 0 15 3 13 3 7 50 35 44 63 12 0 0 0 0 0 0 0 0 0 0 8 26 95 50 9 0 32 57 41 21 11 71 56 22 1 5 29 34 0 1 4 0 58 57 64 94 84 21 79 72 68 79 81 100 100 68 42 0 19 47 36 92 18 3
41 55 79 69 25 28 36 25 70 37 5 46 47 41 3 52 8 0 32 1 30 30 13 1 7 21 29 27 29 38 43 23 31 21 19 25 13 41 89 86 93 71 18 0 0 0 0 11 31 41 39 59 79 96 66 13 55 0 0 64 43 11 58 22 22 8 5 36 37 15 4 8 0 0 11 83 76 21 13 0 67 98 63 81 34 46 98 61 60 86 59 9 65 99 82 25
48 57 50 23 5 17 72 25 54 34 20 17 41 20 63 38 39 36 57 35 4 0 3 7 26 18 51 47 67 77 44 78 61 53 50 17 26 46 67 46 40 76 66 0 0 0 7 47 80 77 77 100 51 56 32 53 72 22 4 12 21 12 60 10 24 12 63 50 65 41 40 52 0 0 74 74 59 23 0 0 50 65 78 95 87 37 84 100 100 100 100 42 94 100 96 14
28 33 16 4 18 38 6 19 54 0 10 43 38 39 21 26 42 21 0 7 0 5 51 43 22 50 47 86 92 85 42 56 34 75 53 20 4 65 73 94 35 0 11 0 0 18 7 66 37 79 78 94 55 19 24 57 17 35 65 26 14 47 49 63 56 12 50 52 29 61 82 28 1 24 89 81 43 2 0 0 28 91 66 95 53 35 78 92 79 99 100 88 88 100 95 22
25 2 1 0 3 17 26 22 16 18 64 42 13 25 0 0 7 35 44 8 38 71 56 18 10 47 28 38 26 16 0 64 43 66 47 16 14 67 94 31 39 0 0 0 4 15 77 67 94 66 92 60 11 81 31 3 42 0 46 35 67 98 71 50 54 63 62 41 13 2 7 11 52 100 76 38 47 0 16 0 2 33 94 94 77 98 98 61 95 97 99 100 97 86 100 93
0 0 15 27 2 31 15 0 1 56 12 0 0 0 2 2 45 28 28 6 61 27 9 9 23 81 3 0 0 0 3 31 8 37 4 13 63 65 24 25 6 2 0 0 0 33 87 40 57 71 51 58 60 12 9 23 0 7 97 74 54 71 53 19 26 76 72 26 23 1 21 64 90 99 30 30 0 0 27 12 18 8 41 50 98 100 85 78 90 27 69 75 65 83 100 74
1 3 15 63 27 28 4 0 0 0 0 26 15 0 31 40 25 42 8 11 38 13 14 14 44 43 7 15 16 9 49 3 4 50 16 26 62 23 20 46 31 9 25 8 28 5 59 48 27 92 37 23 38 86 55 69 41 42 90 47 19 25 93 50 70 100 100 97 31 29 97 99 100 86 94 44 5 0 7 67 19 43 65 77 87 99 56 56 95 96 75 52 82 100 87 49
55 54 28 26 49 30 40 42 15 7 52 58 65 53 53 39 23 4 14 22 25 8 20 17 30 11 12 1 30 24 77 30 4 2 25 25 27 10 40 23 15 27 7 50 70 5 13 75 50 83 45 9 79 100 84 65 30 44 16 30 8 38 42 50 38 90 89 66 26 66 96 95 77 100 89 55 51 46 24 8 81 32 1 5 34 38 39 50 98 100 100 96 31 80 98 42
51 26 42 46 34 8 65 16 43 59 59 59 68 57 59 56 6 12 47 46 48 44 30 17 0 4 26 35 8 54 60 46 7 17 21 17 11 0 13 10 5 8 58 18 57 10 16 76 30 6 0 71 61 98 99 69 27 50 7 36 14 60 78 31 49 79 47 32 81 99 65 77 66 42 49 79 31 87 31 7 16 86 64 59 57 65 47 61 98 100 100 89 17 68 100 96
17 31 32 42 35 15 25 61 70 67 57 58 64 11 44 60 8 32 32 13 49 46 20 24 27 20 43 26 10 44 45 61 0 0 3 31 0 0 2 1 0 14 12 0 51 70 26 59 55 59 28 25 50 77 81 28 70 65 37 70 29 92 56 32 67 70 92 83 75 45 40 61 42 72 35 60 34 26 76 53 37 25 53 78 100 100 100 98 92 99 87 61 60 8 92 75
86 13 14 40 24 24 69 23 0 4 10 45 21 38 50 38 26 9 7 6 25 55 26 49 20 86 99 44 0 7 25 4 0 0 9 7 3 36 9 0 0 18 40 11 24 76 41 70 76 70 61 51 12 73 88 72 100 17 27 41 36 76 71 80 77 75 56 8 32 0 0 0 8 31 0 15 11 16 64 59 83 13 28 5 27 25 58 91 76 27 3 45 35 39 68 2
45 2 24 6 15 75 68 36 32 31 48 7 18 60 46 42 24 13 57 1 0 0 0 0 23 68 99 10 11 21 12 0 17 44 58 21 40 21 0 24 13 5 14 20 12 56 55 37 19 2 65 100 94 100 100 98 80 28 36 31 64 90 84 92 97 51 18 2 3 0 15 11 0 0 0 0 0 17 16 78 27 36 95 87 75 95 100 90 36 50 95 100 83 61 7 43
3 48 28 64 67 75 18 27 30 95 55 16 23 51 31 5 8 5 48 47 0 29 17 3 6 17 66 62 66 23 21 29 90 93 82 87 6 1 13 4 15 39 0 6 26 13 74 82 47 63 33 20 96 100 90 33 31 23 35 14 64 100 97 44 30 14 45 0 0 0 4 15 0 0 0 6 33 3 10 0 38 39 17 62 70 95 97 36 25 70 95 96 42 1 26 9
7 1 62 67 76 50 16 55 52 23 10 27 69 59 10 11 9 12 26 34 32 15 68 79 87 56 78 71 37 22 26 21 59 51 34 41 2 0 0 0 16 22 0 45 77 6 99 62 27 30 45 17 20 86 34 25 43 19 83 73 37 19 100 90 26 0 0 0 0 0 0 0 0 17 32 0 0 5 63 3 16 25 18 64 88 65 83 51 63 95 100 54 16 1 38 78
33 25 58 33 52 46 19 17 11 12 24 19 9 16 1 9 9 30 18 2 66 62 67 45 82 91 80 33 33 27 28 5 36 39 12 21 12 10 6 46 53 14 28 15 44 19 41 56 0 3 0 22 32 98 90 49 48 97 79 63 27 3 67 100 91 40 1 0 0 13 0 0 0 2 14 0 4 21 36 5 1 32 1 8 35 74 87 95 100 88 50 2 2 16 44 33
59 11 99 77 50 29 29 11 7 55 72 42 22 22 11 2 39 38 20 14 69 22 26 9 50 26 21 7 9 9 50 38 88 16 25 24 12 17 36 38 10 12 54 22 43 79 77 100 86 93 44 46 33 79 88 100 100 100 86 47 10 71 85 44 40 65 10 0 0 44 30 8 0 0 14 0 2 47 68 56 17 18 24 11 91 100 100 94 70 18 0 11 24 11 9 82
47 55 89 12 15 45 30 28 72 50 74 39 14 26 34 19 27 23 72 29 54 6 13 23 18 48 68 82 33 13 63 100 58 6 28 63 43 17 26 18 25 0 40 20 96 100 100 67 51 78 89 74 41 88 86 82 60 80 70 23 54 45 77 3 2 40 4 0 8 0 24 10 1 11 0 1 0 0 9 67 25 18 6 23 17 87 57 5 0 0 0 12 11 29 77 39
42 99 65 12 10 32 1 71 53 28 58 50 13 3 0 0 45 20 64 1 14 31 14 24 68 46 0 9 81 54 73 79 52 37 58 46 20 12 12 15 63 68 63 59 98 64 70 11 79 81 22 47 48 54 88 22 68 94 37 54 73 77 33 36 0 0 0 3 39 54 6 9 62 31 17 16 0 0 64 9 36 44 80 64 87 62 19 14 0 0 0 5 42 45 57 21
75 60 6 54 86 46 47 43 8 31 49 33 21 11 0 1 2 4 45 0 29 47 50 23 49 45 31 4 84 97 24 4 25 5 21 10 25 56 5 49 76 88 74 23 54 78 43 46 95 88 23 17 55 46 12 0 9 68 55 29 49 23 2 5 0 12 0 1 38 16 0 0 52 89 57 23 3 6 86 34 97 90 100 100 65 66 27 43 23 0 11 78 96 54 62 24
29 22 0 34 97 49 1 3 6 14 11 3 18 1 10 2 36 55 67 15 46 41 17 66 30 35 47 58 78 85 36 40 31 59 3 13 31 39 16 68 11 10 26 41 88 92 100 91 82 52 63 63 17 0 0 0 24 20 19 26 22 4 0 10 0 8 0 0 0 0 25 20 12 95 50 12 22 16 88 30 100 100 66 75 81 9 16 50 7 38 86 86 54 19 26 55
1 0 0 11 55 5 14 57 59 37 73 45 0 0 23 45 18 38 26 28 6 29 18 45 2 44 56 31 40 88 81 51 26 50 2 34 66 61 73 83 16 6 14 87 66 100 87 11 35 62 72 6 3 0 0 0 0 8 42 32 7 0 0 26 22 0 0 0 0 4 42 67 7 30 98 66 71 93 87 54 100 100 21 11 1 55 36 0 26 81 70 7 28 98 35 25
0 0 35 33 43 88 55 49 39 97 78 75 27 0 30 48 40 40 44 37 31 29 43 24 0 2 15 51 12 52 58 23 28 64 33 79 96 100 100 48 13 36 76 70 57 100 94 84 74 91 41 40 30 0 0 0 1 43 81 54 72 27 0 31 11 4 0 0 2 2 49 35 59 0 63 94 93 70 28 67 100 100 31 36 58 62 6 29 88 66 28 16 89 55 22 33
4 41 29 21 90 92 62 84 29 40 40 35 16 0 0 10 56 52 82 52 38 73 75 75 8 0 32 69 46 17 3 51 50 21 21 84 99 100 95 8 77 70 70 81 100 100 97 90 44 65 90 38 5 0 13 74 88 87 93 97 69 92 32 21 32 3 1 45 20 6 86 60 95 9 30 100 85 14 19 16 82 46 4 64 29 3 45 98 75 25 85 12 98 86 88 100
47 29 42 69 89 95 54 7 38 46 31 30 2 24 31 76 56 20 47 48 48 75 83 61 28 2 7 16 15 19 58 28 48 77 84 34 43 71 19 36 72 91 78 46 62 69 70 39 65 57 89 29 24 71 91 100 99 40 68 87 25 38 49 44 24 0 21 4 29 12 40 93 96 38 17 100 30 8 57 0 13 3 35 25 7 67 92 37 32 34 69 82 87 73 60 52
56 7 40 75 62 79 63 24 45 44 35 34 20 69 74 75 49 5 55 38 48 43 63 28 12 5 12 12 9 31 36 46 97 44 48 49 78 87 51 72 39 68 99 95 95 88 46 91 97 99 70 49 94 86 89 85 53 12 2 33 51 100 67 29 22 33 29 31 46 17 52 63 100 41 17 93 46 10 46 5 29 54 46 24 80 71 37 59 19 2 78 87 54 23 23 85
38 37 100 89 99 80 50 25 36 35 28 38 47 71 77 35 67 5 12 33 23 60 30 33 22 55 15 17 14 20 29 100 61 3 30 0 51 95 60 58 85 87 100 47 75 88 95 93 92 86 94 99 87 45 8 16 26 47 61 77 47 80 69 42 78 67 26 46 18 4 89 88 57 5 35 98 9 38 70 15 22 77 40 81 80 43 41 60 8 26 85 87 8 14 77 69
74 69 30 73 47 62 20 48 44 29 45 65 15 43 82 21 6 0 0 0 34 63 17 31 31 43 68 57 88 46 46 89 90 71 83 57 100 100 70 91 100 85 100 62 33 73 98 98 89 93 65 33 12 50 24 50 76 84 70 50 65 28 16 18 62 31 77 90 15 47 98 61 21 17 89 82 14 86 86 45 70 39 93 67 6 48 73 87 84 100 100 70 30 91 65 78
12 29 43 48 33 24 25 1 0 0 0 20 14 41 57 26 0 0 8 4 14 28 26 67 51 41 24 43 76 57 100 95 51 38 72 80 82 97 36 84 96 48 85 75 79 60 100 76 79 9 0 0 0 64 87 94 98 93 38 58 24 5 54 54 20 49 30 86 83 95 49 34 7 87 100 7 42 83 36 67 47 77 74 15 0 39 57 98 61 53 87 73 81 75 33 95
12 8 43 26 28 15 65 4 9 8 38 50 20 12 0 25 6 11 5 41 16 9 36 31 93 94 74 97 95 99 99 65 37 65 80 87 94 81 51 74 99 83 97 95 80 78 47 41 14 2 0 0 57 79 100 85 65 23 4 26 44 39 90 43 31 97 89 49 70 26 48 26 43 91 69 52 83 78 24 45 88 78 9 0 1 18 89 100 81 86 62 27 77 70 84 74
51 32 58 33 1 54 67 12 34 20 73 42 0 0 0 11 27 48 5 0 22 66 60 88 70 77 100 100 100 98 99 87 16 37 92 92 56 83 75 100 100 78 78 24 91 89 88 20 51 30 39 86 100 99 83 48 8 0 44 83 70 100 100 69 90 98 54 33 29 63 65 52 38 9 13 59 78 14 14 79 71 63 51 15 48 60 29 29 49 63 94 83 18 16 99 88
74 44 41 49 21 64 11 53 71 6 31 21 19 37 0 0 13 29 9 75 93 31 46 72 93 89 100 85 64 26 13 40 53 91 71 98 100 100 84 99 61 53 64 96 96 98 76 27 37 59 100 100 100 100 68 73 93 31 64 72 95 100 100 100 49 10 0 0 35 93 72 5 0 37 79 53 51 61 50 49 75 49 16 0 22 20 0 7 0 45 79 71 25 37 86 64
33 64 75 33 43 41 28 72 47 28 38 1 19 5 42 67 38 31 90 100 100 100 100 100 100 100 100 99 16 0 0 0 26 98 69 93 100 100 54 22 81 98 97 100 94 100 67 4 40 93 100 100 88 53 92 100 100 99 100 87 100 100 100 99 8 0 0 3 65 58 4 41 70 33 63 23 53 65 79 99 77 47 42 24 16 35 44 37 24 11 60 100 95 89 83 43
6 2 0 1 1 3 37 37 18 49 56 85 77 81 98 93 46 69 100 81 62 100 94 85 100 100 100 100 82 75 100 88 100 100 100 100 100 72 11 49 93 63 89 78 85 100 93 47 56 83 100 100 59 80 97 77 100 100 65 70 100 100 40 26 0 9 45 8 44 20 37 69 41 10 36 78 92 77 75 89 61 89 66 62 61 74 51 73 94 94 75 69 70 84 94 82
8 1 3 17 9 5 30 22 80 57 90 100 73 51 87 94 58 92 85 11 77 100 78 48 99 100 100 100 91 100 100 81 32 55 69 100 84 5 31 91 33 16 84 22 55 100 98 25 93 83 100 100 96 100 79 94 100 100 77 91 97 93 37 0 0 14 20 57 96 97 12 20 18 23 37 84 95 80 72 89 87 65 96 56 57 40 99 100 100 100 85 67 67 76 100 78
44 51 13 4 0 12 49 43 79 58 82 100 100 56 97 88 94 63 58 57 100 100 95 46 20 48 19 45 62 85 55 45 27 10 4 67 75 18 66 61 66 13 6 5 89 98 18 30 100 100 83 100 100 100 80 82 100 100 90 29 38 100 62 0 0 8 34 75 92 36 0 32 84 72 96 63 57 73 5 10 41 98 67 52 60 46 100 100 100 100 58 78 67 79 89 62
83 64 56 18 66 28 59 42 75 23 52 94 47 10 91 55 64 100 98 100 100 100 100 84 34 49 5 19 80 67 2 5 57 77 22 0 33 92 60 35 85 72 56 24 51 45 17 56 95 77 86 99 69 85 31 62 100 59 74 17 52 100 79 9 46 32 15 54 32 11 50 70 71 97 81 100 85 20 0 5 67 74 70 81 100 100 100 100 100 86 47 78 67 72 68 60
10 50 95 41 64 72 87 97 96 49 95 97 26 24 91 99 100 100 100 100 100 100 68 56 64 76 49 7 12 18 34 22 65 92 71 68 41 81 79 11 90 60 77 27 59 22 50 35 87 68 73 98 85 34 87 97 94 3 50 35 28 76 61 24 42 61 10 20 1 18 69 93 98 81 100 88 13 12 55 62 37 57 45 100 100 85 97 61 67 21 60 67 67 67 84 90
18 49 98 69 6 59 92 58 80 86 100 48 50 49 100 100 100 91 90 72 96 60 6 23 73 100 56 5 29 64 88 80 61 42 82 62 95 95 79 60 53 70 68 48 55 41 23 24 50 20 45 46 75 61 59 63 57 51 67 47 71 54 28 16 71 33 1 0 18 10 68 99 88 100 100 97 94 67 100 97 68 100 87 99 90 86 63 11 29 57 82 67 67 78 77 77
32 50 33 58 59 92 52 1 8 85 100 100 92 33 69 44 51 52 87 50 64 0 20 33 77 100 63 59 55 30 24 55 45 60 47 15 49 16 22 19 34 55 12 32 16 46 1 0 0 0 0 14 6 29 33 18 3 14 48 56 75 25 28 0 12 5 0 0 4 15 88 77 17 43 45 97 81 99 73 98 100 100 100 89 90 49 51 29 56 89 75 70 80 73 40 62
49 44 88 100 68 67 52 86 86 100 100 85 34 44 96 9 1 97 99 34 12 17 66 72 84 62 25 6 28 28 0 1 4 11 0 0 6 29 61 29 24 39 38 14 16 0 29 49 46 50 16 1 4 0 0 0 0 8 17 15 37 34 24 27 16 10 3 5 3 51 100 89 9 0 1 54 90 56 47 99 100 79 85 84 79 77 50 30 64 79 59 66 77 42 22 23
24 79 87 99 88 85 95 89 81 50 80 66 93 72 58 54 35 100 93 81 68 10 60 66 59 10 22 68 27 60 0 0 0 0 13 34 20 47 100 74 0 0 1 0 3 8 76 98 83 65 13 23 68 73 54 47 40 18 0 2 5 10 40 40 76 100 86 81 94 82 47 5 0 0 3 34 95 76 77 99 93 92 99 99 73 67 40 53 5 42 18 68 83 38 54 9
47 40 11 8 18 57 95 22 61 52 25 60 11 56 30 66 62 100 59 93 69 43 28 57 28 40 18 0 16 19 0 0 0 14 85 81 100 97 98 70 64 21 18 53 42 47 62 97 100 28 7 24 40 41 73 95 100 85 11 55 30 81 99 66 100 100 100 100 100 51 57 77 42 17 16 41 93 60 43 88 64 68 96 86 59 13 31 84 71 9 23 86 69 42 46 28
79 75 41 0 2 22 50 35 36 61 60 56 86 17 4 23 62 89 60 69 72 0 0 29 89 59 2 45 0 0 0 0 0 6 41 73 91 100 100 68 75 85 76 41 8 72 97 97 46 73 34 59 44 9 15 75 70 37 23 63 79 100 94 47 98 100 67 69 65 93 89 44 22 51 70 98 71 5 0 64 44 95 99 32 0 7 23 86 94 18 0 0 40 77 32 80
40 25 5 34 74 87 61 23 69 62 50 65 30 16 35 77 75 88 43 48 18 0 0 5 95 40 8 0 0 0 0 2 58 33 85 85 39 58 100 97 78 57 81 99 100 47 95 77 100 62 35 54 93 97 79 37 100 98 19 23 39 78 96 28 9 100 100 96 15 76 98 97 6 16 85 100 86 70 49 60 57 52 67 50 41 43 70 100 60 61 66 5 0 33 28 6
31 25 57 100 99 70 13 73 89 59 38 43 1 18 20 69 57 33 9 0 10 0 0 21 31 8 0 0 0 5 5 51 70 70 39 15 38 66 95 38 25 45 81 92 60 100 95 100 100 98 48 65 90 97 96 69 87 94 30 33 36 47 100 43 49 100 100 100 58 50 20 86 32 86 100 96 88 88 58 77 38 6 15 27 3 41 80 100 98 65 72 4 0 0 0 59
50 57 96 73 94 58 51 100 98 22 7 46 30 7 0 13 83 0 0 5 6 0 0 0 0 0 0 24 50 75 90 87 22 60 83 29 70 54 42 69 94 75 93 100 67 89 68 91 100 100 29 31 85 82 40 15 25 91 53 54 3 34 68 22 51 81 25 71 80 15 0 7 7 74 89 71 20 93 56 39 19 4 34 93 76 38 15 57 87 73 43 76 23 0 0 75
85 93 75 100 100 100 99 100 100 64 6 18 86 90 25 37 9 0 0 0 0 0 0 4 40 70 74 55 56 92 72 78 95 100 97 56 45 47 20 71 100 100 100 100 59 66 87 86 100 100 72 83 100 100 58 33 15 32 24 57 54 52 90 54 40 74 1 65 31 0 0 20 73 100 42 21 11 93 75 67 34 63 96 47 6 44 56 52 30 47 74 41 23 0 0 9
