data/habitatmaps/RS_maps/habitat_Prunella.collaris_2009.asc
NCOLS 369 
NROWS 228 
XLLCORNER 479000 
YLLCORNER 73000 
CELLSIZE 1000 
NODATA_value -9 
[rows 138 to 206 of 228, columns 96 to 191 of 369]
0 0 0 0 0 0 0 0 2 56 12 0 0 0 0 0 13 0 0 0 0 0 0 0 0 35 3 0 0 0 2 4 0 0 0 0 16 52 23 17 2 0 0 0 0 0 0 0 4 34 21 47 58 7 4 27 0 0 0 0 0 0 10 14 18 5 0 0 0 0 0 2 62 98 28 27 0 0 27 12 14 6 38 46 98 100 84 74 88 26 66 26 63 83 100 72
0 0 0 0 0 0 0 0 0 0 0 0 0 0 0 0 0 0 0 0 0 0 0 0 43 38 0 0 0 0 0 0 1 9 0 10 36 17 13 25 0 0 0 0 0 0 0 0 24 92 36 17 42 86 60 72 39 4 6 0 0 0 1 33 58 12 0 0 0 0 11 42 100 82 92 42 5 0 7 61 19 40 58 73 86 99 52 52 95 96 75 52 82 100 81 44
0 0 0 0 0 0 0 0 0 0 0 0 0 0 0 0 0 0 0 0 0 0 0 11 31 8 4 1 16 0 0 0 2 2 0 8 20 8 16 0 0 0 0 0 0 0 0 19 42 82 44 7 76 100 84 65 29 33 9 0 0 0 5 31 29 26 2 0 10 56 92 93 66 100 88 54 50 46 20 8 80 32 0 4 32 36 37 48 98 100 100 96 32 81 97 34
0 0 0 0 0 0 0 0 0 0 0 0 32 22 0 0 0 0 0 0 0 0 0 20 0 3 19 32 3 0 0 36 0 0 2 12 8 0 0 0 0 0 0 0 0 0 0 12 8 4 0 71 61 98 98 63 22 47 2 0 0 0 22 24 38 62 34 32 76 98 65 80 55 34 48 78 30 86 31 6 16 86 63 53 53 57 47 59 97 100 100 89 17 68 100 94
0 0 0 0 0 0 6 56 56 4 0 4 36 0 0 0 0 0 0 0 0 0 0 8 20 8 14 4 4 17 39 55 0 0 1 23 0 0 0 0 0 0 0 0 0 14 0 0 0 0 1 5 46 78 72 24 64 64 26 0 17 0 16 24 50 55 88 86 70 40 38 60 43 78 34 58 30 22 74 51 34 24 52 77 100 100 100 98 88 99 88 60 60 8 92 75
2 0 0 10 2 0 22 17 0 0 0 35 1 0 0 8 0 0 0 0 0 0 5 36 15 81 80 13 0 0 18 4 0 0 6 5 2 0 0 0 0 0 0 8 0 58 0 0 48 0 0 17 16 78 87 72 100 22 20 4 20 0 11 11 58 72 54 8 32 0 0 0 7 31 0 15 10 12 61 56 82 12 28 4 26 24 56 90 76 27 3 45 36 39 68 2
43 0 0 4 14 17 2 14 5 1 45 0 0 0 20 7 0 0 0 0 0 0 0 0 20 62 43 5 0 0 14 0 16 48 60 20 9 0 0 0 0 0 0 10 12 54 1 0 0 2 62 100 96 100 100 98 80 27 36 24 6 65 84 82 96 50 17 2 3 0 12 8 0 0 0 0 0 13 14 78 27 32 92 82 72 93 100 90 36 50 95 100 83 62 7 43
0 48 0 12 64 75 11 0 12 55 54 12 0 0 24 6 0 0 0 0 0 0 0 0 0 19 39 6 0 0 0 18 90 94 86 90 6 0 0 0 0 0 0 0 18 13 74 65 0 0 0 20 94 100 89 34 24 17 0 9 44 100 96 44 30 14 45 0 0 0 3 12 0 0 0 6 32 3 8 0 32 34 14 58 68 92 97 36 24 70 95 96 42 1 0 0
0 0 48 66 76 25 0 0 40 24 0 4 30 0 5 0 0 0 0 0 0 0 16 14 42 54 78 68 14 9 1 1 60 61 38 41 2 0 0 0 7 0 0 0 44 6 98 62 20 6 0 0 18 86 34 19 42 14 42 7 0 24 100 90 26 0 0 0 0 0 0 0 0 17 32 0 0 5 63 2 12 22 16 58 86 64 82 52 63 95 100 54 16 0 0 0
0 2 61 33 54 41 16 12 11 0 0 1 6 0 0 0 0 0 0 0 0 14 9 4 56 88 72 28 25 20 16 0 38 44 12 19 0 0 0 34 40 2 0 0 0 5 39 56 0 3 0 22 32 98 90 49 39 51 18 16 12 5 67 100 91 40 1 0 0 13 0 0 0 2 14 0 4 18 36 5 1 32 1 6 30 68 80 92 100 88 50 2 0 0 0 0
0 10 99 80 51 30 22 8 0 0 0 0 0 0 0 0 0 0 0 0 0 12 4 6 49 6 2 0 0 7 41 30 84 17 0 0 0 0 0 12 7 0 0 0 6 72 77 100 86 93 44 46 33 79 82 100 100 100 86 47 8 28 84 44 40 65 10 0 0 44 29 8 0 0 14 0 2 44 64 54 13 15 18 10 89 100 100 94 69 18 0 0 0 0 0 0
0 55 89 5 5 8 10 0 16 2 0 0 0 0 0 0 0 0 4 6 0 0 0 0 0 0 38 77 22 0 56 100 58 2 1 0 0 0 0 9 19 0 0 2 42 100 100 69 58 82 90 74 40 88 78 82 60 80 68 6 40 38 76 3 2 40 4 0 8 0 23 10 1 11 0 1 0 0 8 66 24 16 5 17 12 87 57 5 0 0 0 0 0 0 2 26
28 98 65 0 0 0 0 0 13 3 0 0 0 0 0 0 0 0 41 0 0 0 0 0 0 0 0 8 73 44 66 79 52 24 26 1 0 0 0 12 53 68 32 0 62 36 62 11 78 78 22 46 48 53 88 22 67 94 36 48 70 76 33 34 0 0 0 2 38 53 6 8 62 31 17 16 0 0 63 9 36 40 72 57 86 69 19 14 0 0 0 0 0 0 31 22
72 60 6 0 0 0 0 0 0 0 0 0 0 0 0 0 0 2 32 0 0 0 0 0 0 0 0 2 82 97 24 4 18 0 0 0 0 0 4 49 76 88 26 0 4 14 36 50 95 86 23 17 55 46 12 0 9 65 54 24 48 23 2 5 0 9 0 0 36 16 0 0 50 89 57 24 3 5 84 34 97 86 100 100 63 70 32 26 0 0 0 0 0 11 29 34
29 22 0 0 0 0 0 0 0 0 0 0 0 0 0 0 0 0 0 0 0 0 0 0 0 0 2 32 66 85 32 20 0 0 0 0 0 0 16 68 11 13 0 2 16 86 100 90 80 52 63 63 17 0 0 0 22 20 18 26 22 4 0 10 0 6 0 0 0 0 24 20 11 94 50 11 22 15 86 29 100 100 66 75 81 6 0 0 0 0 0 0 6 19 26 56
1 0 0 0 0 0 0 0 0 0 0 0 0 0 0 0 0 0 0 0 3 0 2 0 0 0 7 22 34 87 72 24 0 0 0 0 12 36 74 83 16 4 0 2 32 100 86 11 35 62 71 6 2 0 0 0 0 8 42 32 6 0 0 26 22 0 0 0 0 4 41 62 7 28 98 59 66 94 86 54 100 100 21 11 0 0 0 0 2 14 6 5 34 98 40 32
0 0 0 0 0 0 0 0 0 0 0 0 0 0 0 0 0 15 19 24 31 28 32 2 0 0 0 14 9 44 44 9 0 0 0 12 91 100 100 48 12 16 12 38 61 100 90 84 74 90 40 38 24 0 0 0 1 39 78 50 68 25 0 30 11 4 0 0 2 2 50 34 56 0 61 91 90 69 28 68 100 100 32 34 0 0 0 0 15 34 19 22 91 55 18 28
0 0 0 0 0 10 45 80 10 0 0 0 0 0 0 0 34 52 82 50 38 64 52 12 0 0 0 0 18 14 2 16 4 6 0 38 99 100 93 8 70 29 16 78 100 100 74 90 44 56 86 36 4 0 11 72 82 89 94 97 72 92 31 20 32 3 1 46 20 4 84 59 95 8 30 100 85 14 20 16 82 46 1 2 0 0 0 0 0 23 85 12 98 86 84 100
0 0 0 8 0 36 52 7 0 0 0 0 0 0 0 0 34 20 50 48 48 70 34 5 0 0 0 0 7 14 44 16 25 68 37 28 42 71 18 28 65 16 66 44 42 52 0 9 62 61 90 25 21 68 88 100 98 40 72 87 25 36 48 43 24 0 20 3 29 9 36 92 94 36 16 100 30 10 57 0 13 3 0 0 0 0 0 0 0 26 69 81 87 73 60 51
0 0 28 68 7 56 59 22 0 0 0 0 0 0 0 0 23 0 56 34 41 32 16 0 0 0 0 0 3 24 27 42 96 44 37 48 78 80 39 60 28 52 98 94 90 42 4 63 83 100 64 42 92 86 89 85 51 0 0 33 50 100 63 28 22 30 28 28 46 16 48 60 100 40 15 93 46 10 29 2 0 0 0 0 0 0 0 59 19 2 77 87 53 20 19 80
0 1 54 74 92 80 50 16 9 0 0 0 0 0 0 0 0 0 17 28 18 43 20 0 0 0 0 0 0 0 29 100 61 3 30 0 53 92 58 48 72 81 100 46 70 86 94 89 88 79 91 99 87 38 0 3 10 40 54 75 48 76 64 39 78 64 25 46 18 4 86 88 55 4 34 98 9 0 4 0 0 0 0 0 0 15 42 60 8 25 80 86 7 14 76 54
0 0 0 8 0 0 15 43 44 13 18 0 0 0 0 0 0 0 0 0 26 48 10 0 0 0 0 0 0 0 45 85 87 70 82 56 100 100 70 90 100 77 100 62 33 73 98 97 83 92 66 33 3 0 2 30 52 76 67 50 64 24 16 17 60 28 76 90 15 46 98 61 20 16 88 82 12 0 0 0 0 0 12 5 0 48 73 85 84 100 100 70 30 89 54 68
0 0 0 0 0 0 2 1 0 0 0 0 0 0 0 0 0 0 0 0 10 21 5 0 0 0 0 5 26 34 100 94 44 36 68 76 74 96 36 84 95 45 78 72 79 60 100 76 79 9 0 0 0 23 8 39 97 92 38 58 24 5 54 52 16 49 28 85 78 93 49 34 7 86 100 8 22 0 0 0 0 0 28 13 0 39 57 98 61 52 87 73 81 70 32 94
0 0 0 0 16 2 14 4 0 0 0 0 0 0 0 0 0 0 6 38 14 5 0 19 60 34 62 89 92 98 99 63 36 62 78 86 91 84 52 74 99 82 96 92 79 71 48 40 0 0 0 0 18 40 69 84 64 20 3 27 44 39 90 43 32 98 89 49 69 26 48 25 42 91 69 10 2 0 0 0 0 0 0 0 1 26 91 100 81 86 62 26 77 70 84 74
0 1 15 5 2 10 44 2 0 0 0 0 0 0 0 0 0 0 0 0 22 66 60 88 69 65 100 100 100 98 99 87 15 29 90 88 51 84 74 100 100 78 70 26 93 88 88 20 12 0 0 6 36 86 82 46 6 0 43 81 66 100 100 70 90 98 54 43 32 64 58 30 29 9 15 0 0 0 0 0 0 8 16 23 56 63 28 29 49 63 91 80 16 16 98 84
41 32 34 40 20 39 10 6 0 0 0 0 0 0 0 0 0 0 9 75 93 30 48 72 92 83 100 84 62 24 10 38 51 88 69 98 100 100 83 42 39 0 45 96 96 98 76 25 22 1 16 63 98 100 66 72 92 30 58 58 92 100 100 100 49 10 0 0 44 44 5 0 0 1 8 0 0 0 0 0 0 28 24 0 22 20 0 7 0 45 78 65 24 37 79 48
24 58 75 32 32 31 22 32 31 10 0 0 0 0 40 67 22 31 90 100 100 100 100 100 100 100 100 98 15 0 0 0 25 97 69 93 100 100 58 0 8 75 95 100 90 100 67 2 6 3 62 100 86 52 92 100 100 99 100 81 100 100 100 99 8 0 0 5 22 0 0 0 0 0 0 0 0 0 2 0 0 0 0 0 0 0 8 23 27 12 60 100 92 84 74 36
0 0 0 0 1 2 32 33 16 2 0 21 0 56 98 93 46 69 100 80 61 100 94 85 100 100 100 100 81 74 100 88 100 100 100 100 100 72 16 0 26 55 89 78 82 100 93 46 25 8 84 100 58 79 98 83 100 100 65 70 100 100 40 26 0 0 0 8 16 0 0 0 0 0 0 0 0 11 24 18 4 0 0 0 0 11 63 80 96 94 67 53 54 76 91 72
0 0 0 0 0 4 16 3 4 10 39 78 52 48 87 94 58 90 82 8 75 100 78 48 100 100 100 100 92 100 100 81 32 55 69 100 81 3 6 0 12 16 84 22 56 100 98 19 36 24 78 100 96 100 80 96 100 100 77 91 97 93 37 0 0 0 0 12 3 0 0 0 0 0 0 10 40 52 77 68 4 0 0 0 0 30 100 100 100 100 80 49 50 64 100 72
0 0 0 0 0 0 6 3 2 10 82 100 100 56 96 88 94 60 56 56 100 100 95 42 21 41 19 45 62 85 55 45 0 6 4 66 72 0 0 0 0 9 5 4 84 98 18 1 21 25 54 100 100 100 80 74 100 100 90 24 38 100 62 0 0 12 1 19 2 0 0 0 0 0 0 60 57 64 5 10 0 0 0 52 60 46 100 100 100 100 42 32 50 68 83 48
0 0 0 0 0 0 50 36 74 18 52 95 48 10 89 49 62 100 97 100 100 100 100 76 6 0 0 9 76 64 0 2 0 0 0 0 22 12 0 0 0 50 55 18 48 45 0 0 20 3 60 94 45 80 32 40 100 58 27 0 49 100 79 12 45 36 16 34 36 16 10 5 0 10 36 100 85 20 0 7 10 1 21 84 100 100 100 100 100 70 16 33 50 58 52 46
0 0 0 0 39 68 87 97 96 49 95 97 26 23 91 99 100 100 100 100 100 100 66 38 4 0 0 0 10 8 0 0 0 0 0 20 17 8 0 0 0 10 25 2 5 1 0 3 14 0 1 44 20 32 0 13 50 0 9 0 23 72 61 34 36 18 14 30 1 0 0 22 1 58 100 88 13 16 54 62 37 60 56 100 100 85 96 53 59 14 20 50 50 50 76 55
0 0 1 2 0 60 89 56 80 84 100 48 50 49 100 100 100 91 90 72 96 60 6 0 0 0 0 0 0 0 0 0 0 2 33 8 0 0 0 0 0 0 6 0 0 0 0 7 17 0 20 24 47 16 24 20 0 0 0 0 0 0 0 12 1 0 0 0 0 0 0 4 54 98 100 97 94 67 100 97 68 100 90 99 86 85 53 8 2 0 40 50 50 67 68 56
1 32 30 60 60 92 49 1 6 82 100 100 92 33 68 44 52 51 86 50 64 0 0 0 0 0 0 0 0 0 0 0 0 0 20 5 0 0 0 1 2 0 0 0 0 0 0 0 0 0 0 8 7 25 14 0 0 0 0 0 0 0 0 0 0 5 0 0 0 0 0 0 17 43 45 97 81 99 72 98 100 100 100 91 88 46 15 0 2 60 63 56 66 59 30 7
6 29 88 100 67 64 52 84 82 100 100 84 34 44 63 7 0 95 99 31 4 0 0 0 0 0 0 0 0 0 0 0 0 0 0 0 0 0 0 0 24 20 24 10 12 0 0 0 0 0 0 0 0 0 0 0 0 0 0 0 0 30 24 27 16 1 0 3 4 0 0 0 0 0 1 54 90 54 46 99 100 77 84 88 76 47 10 5 8 42 44 15 34 32 6 0
30 76 87 98 88 85 95 89 76 48 81 66 93 71 3 0 16 100 90 46 0 0 0 0 0 0 0 0 0 0 0 0 0 0 0 0 0 0 0 0 0 0 0 0 0 0 0 0 0 0 0 0 0 0 0 0 0 0 0 0 0 10 16 6 0 0 0 6 18 6 0 0 0 0 3 34 92 74 77 99 90 88 98 98 60 50 30 14 4 24 4 2 66 10 0 0
27 4 5 8 18 57 95 17 1 2 22 60 11 56 2 0 18 97 32 52 0 0 0 0 0 0 0 0 0 0 0 0 0 0 0 0 2 41 35 4 0 0 0 0 0 0 0 0 0 0 0 0 0 0 0 0 0 0 0 0 0 0 0 14 24 0 16 14 18 28 0 0 0 16 18 41 92 55 38 88 60 56 94 79 50 8 0 0 0 0 0 29 62 7 0 0
0 15 25 0 2 22 50 32 33 20 18 56 86 17 0 0 0 29 34 3 0 0 0 0 0 0 0 0 0 0 0 0 0 0 0 0 6 43 88 3 0 0 0 0 0 0 16 61 8 0 0 0 0 0 0 0 0 0 0 0 0 0 0 4 4 23 65 65 0 0 0 0 7 50 67 98 63 4 0 4 2 72 98 26 0 6 12 5 0 0 0 0 0 0 0 0
13 30 6 26 70 87 62 18 4 0 32 64 30 13 0 1 2 0 0 0 0 0 0 0 0 0 0 0 0 0 0 0 0 0 0 0 5 35 63 0 0 16 10 0 0 0 0 45 100 62 0 0 0 0 0 0 0 0 0 0 0 0 0 0 2 3 70 96 14 0 0 0 0 16 86 100 79 58 27 0 0 26 67 43 31 36 70 100 45 2 0 0 0 0 0 0
14 2 55 100 98 70 12 60 82 42 26 34 0 0 0 12 13 0 0 0 0 0 0 0 0 0 0 0 0 0 0 0 0 0 0 0 0 12 92 30 8 43 62 68 3 0 0 42 100 98 42 0 10 0 0 0 0 0 0 0 0 0 0 0 24 4 96 100 57 30 14 0 24 86 100 94 88 88 54 0 3 6 0 0 2 37 80 100 97 58 12 0 0 0 0 0
12 42 94 72 94 58 46 100 98 22 0 21 10 0 0 5 0 0 0 0 0 0 0 0 0 0 0 0 0 0 0 0 0 0 0 0 1 32 42 69 94 82 94 100 63 2 0 70 100 100 26 11 83 79 15 0 0 0 0 0 0 0 0 0 6 0 21 71 80 14 0 0 7 74 88 71 20 92 51 26 16 1 0 0 0 0 15 50 83 60 18 0 0 0 0 0
71 92 74 100 100 100 99 100 100 55 5 4 0 0 0 0 0 0 0 0 0 0 0 0 0 0 0 0 0 0 0 0 0 0 0 0 0 2 7 71 100 100 100 100 59 5 2 77 100 100 72 84 100 100 58 0 0 10 14 0 0 0 0 39 40 15 1 65 31 0 0 20 73 100 39 20 10 92 64 50 30 1 0 0 0 0 0 10 22 2 0 0 0 0 0 0
100 91 93 100 98 100 100 100 92 86 16 0 0 0 0 0 0 0 0 0 0 0 0 0 0 0 0 0 0 0 0 0 0 0 0 0 0 0 62 82 88 100 100 100 100 62 14 86 100 100 100 100 100 100 54 0 0 28 24 0 0 0 0 36 72 31 38 37 0 4 14 91 100 99 40 12 89 100 95 61 18 0 0 0 0 0 0 0 0 0 0 0 0 0 0 0
100 92 68 28 18 78 76 90 78 70 8 0 0 0 0 0 0 0 0 0 0 0 0 0 0 0 0 0 0 0 0 2 36 2 0 0 0 0 1 1 47 100 100 100 100 53 8 46 100 100 100 100 78 27 1 0 0 12 0 0 0 0 28 92 79 53 64 79 4 32 57 64 100 97 99 93 36 26 89 91 43 4 0 0 0 0 0 0 0 0 0 0 0 0 0 0
100 79 8 16 30 10 7 23 44 9 33 0 0 0 0 0 0 0 0 0 0 0 0 0 0 0 0 0 41 4 10 8 80 26 0 0 0 0 0 0 31 73 100 98 76 16 0 72 100 100 100 95 28 0 0 0 0 0 0 0 0 0 79 100 84 39 90 99 24 34 40 42 34 57 100 84 32 11 25 30 6 0 0 0 0 0 0 0 0 0 0 0 0 0 0 2
71 44 5 0 0 0 0 0 6 28 1 0 0 0 0 0 0 0 0 0 0 0 0 0 0 0 0 2 61 72 59 15 54 4 0 0 0 0 3 12 26 97 100 90 35 9 2 80 100 100 100 100 74 0 0 0 0 0 2 0 0 0 39 100 97 64 81 100 99 93 26 21 0 72 100 88 0 0 0 0 2 4 0 0 0 0 0 0 0 0 0 0 0 0 0 6
28 32 0 0 0 0 8 0 0 4 5 0 0 0 0 0 0 0 0 0 0 0 0 0 0 0 0 0 8 45 26 53 100 95 0 0 0 0 18 62 63 92 96 50 32 12 79 100 100 100 89 56 17 0 0 0 0 2 47 0 0 1 63 100 100 100 99 99 100 55 7 10 0 3 66 72 0 0 0 0 6 2 0 0 0 0 0 0 0 0 0 0 0 0 0 8
92 53 0 0 0 0 26 26 0 0 0 0 0 0 0 0 0 0 0 0 0 0 0 14 2 0 0 0 2 42 22 100 84 97 15 0 0 0 26 100 45 86 87 29 0 25 89 100 100 100 100 58 8 0 0 0 6 64 99 17 0 4 57 100 100 100 80 38 54 57 38 30 6 0 0 5 27 54 56 0 9 0 9 36 32 33 24 6 0 0 0 0 7 0 0 0
100 59 0 0 0 0 0 0 0 0 0 0 0 0 0 0 0 0 0 16 2 0 10 24 8 0 0 15 54 64 63 100 60 23 0 0 0 0 8 35 54 77 99 39 0 25 93 97 75 100 100 26 2 0 0 2 52 100 99 67 0 0 11 73 97 100 96 34 48 59 89 90 31 0 0 0 21 99 10 9 65 83 97 100 100 86 94 28 0 0 0 10 34 0 0 0
64 18 12 6 2 0 0 0 0 0 0 0 0 0 0 0 0 0 1 38 47 0 0 0 0 0 0 1 43 90 100 100 90 32 0 0 0 0 0 7 45 88 100 96 0 45 96 92 78 100 82 0 0 1 10 11 99 100 100 78 16 0 1 78 100 100 79 49 34 57 50 100 39 0 0 2 0 36 0 16 53 35 65 84 72 41 60 48 2 0 0 0 0 0 0 0
8 10 28 28 4 0 0 0 0 0 0 0 0 0 0 0 0 0 32 11 18 0 0 0 5 22 14 12 7 59 99 100 100 70 14 66 40 2 0 14 24 75 100 94 62 84 100 62 62 94 48 0 0 0 48 78 100 100 100 100 96 34 0 20 97 100 88 18 8 78 66 91 20 0 8 63 0 0 26 2 0 5 1 10 12 2 39 10 26 22 0 0 0 -9 -9 0
6 17 14 0 0 0 0 0 0 0 0 0 0 60 9 0 0 2 44 8 12 0 0 0 0 10 8 0 1 32 40 77 17 78 42 66 87 66 18 0 64 100 100 92 60 73 100 97 60 100 50 0 0 15 91 88 99 100 84 84 100 72 0 0 78 100 99 71 66 46 82 27 11 0 47 78 2 36 96 52 83 81 6 0 0 0 34 28 0 0 0 0 0 -9 -9 -9
0 0 0 0 0 0 0 0 0 0 0 0 0 15 0 0 0 21 25 0 0 0 0 9 10 0 5 0 0 14 85 99 73 95 64 14 40 20 3 0 1 84 78 70 55 76 96 64 74 100 57 0 0 26 100 80 64 81 40 38 100 45 1 0 63 100 100 80 69 54 71 68 52 57 77 52 9 92 100 100 92 78 11 0 0 0 7 58 9 0 0 0 0 -9 -9 -9
0 0 0 0 0 0 0 0 0 0 0 0 1 6 0 0 0 21 89 39 4 0 0 62 46 0 0 0 0 30 100 100 72 80 24 1 68 13 0 0 0 76 92 63 26 8 7 22 3 90 46 0 2 76 100 88 0 1 46 58 83 50 0 1 17 86 98 65 32 56 40 94 76 100 100 66 82 80 64 54 26 0 0 0 0 2 28 6 0 0 0 0 0 -9 -9 -9
0 0 0 0 0 0 8 33 14 2 0 24 36 62 17 0 30 98 81 8 60 0 0 66 39 1 0 0 0 42 20 32 70 2 0 6 100 78 20 4 1 83 99 42 18 28 3 0 43 100 64 0 5 78 100 100 42 0 5 16 88 94 5 16 34 87 100 37 4 53 9 46 74 92 51 48 82 38 0 0 0 0 0 0 0 0 0 0 0 0 0 0 -9 -9 -9 -9
0 0 0 0 0 3 40 24 2 38 20 18 74 48 3 0 53 99 100 62 58 0 33 96 92 4 0 0 0 16 0 0 55 61 1 3 94 100 47 36 17 43 88 91 4 7 24 0 88 94 30 38 32 96 82 71 52 0 6 48 88 97 2 0 51 100 100 80 74 62 40 87 87 76 20 54 28 6 0 0 0 0 0 0 0 0 0 0 0 0 0 0 -9 -9 -9 -9
0 0 0 5 48 79 4 0 0 26 23 35 71 12 13 0 9 70 100 95 42 12 3 67 49 1 10 8 0 8 0 0 40 80 24 3 66 100 77 66 22 100 100 70 26 29 12 12 28 61 58 40 12 98 91 32 36 46 18 31 82 3 0 0 58 100 100 100 100 97 60 66 100 37 47 22 50 35 23 8 4 0 0 0 0 0 0 0 0 0 0 0 -9 -9 -9 -9
0 0 0 0 11 17 0 0 0 6 23 79 100 82 61 22 5 77 100 100 58 16 0 74 48 10 84 19 0 0 0 0 32 62 62 36 47 87 4 34 8 64 78 87 46 62 24 41 66 70 1 2 12 100 53 24 0 23 44 66 98 36 13 18 36 60 100 100 100 99 60 24 91 76 61 55 50 34 64 76 17 0 0 0 0 0 0 0 0 0 0 0 -9 -9 -9 -9
13 27 0 0 0 31 0 0 0 6 52 81 100 100 100 81 60 48 100 100 38 62 11 48 100 71 86 39 0 0 0 2 39 94 83 93 60 100 62 22 84 100 80 84 34 71 56 64 97 47 0 4 47 100 78 30 27 84 0 42 68 53 70 90 50 42 100 100 100 100 68 100 45 36 45 8 24 8 42 42 34 0 0 0 4 38 12 0 0 0 0 -9 -9 -9 -9 -9
0 18 0 0 0 0 0 0 0 0 24 22 74 100 58 61 98 85 82 100 76 75 87 94 81 85 69 0 0 0 0 0 10 11 71 93 26 48 100 82 100 76 12 4 43 57 24 59 31 0 0 12 92 100 93 28 46 58 0 24 27 98 100 100 36 21 98 100 94 55 81 77 36 86 79 10 0 1 1 32 81 0 0 0 0 4 12 0 0 0 -9 -9 -9 -9 -9 -9
0 0 0 0 0 0 0 0 0 0 4 9 69 100 70 78 74 97 20 96 78 20 73 76 8 72 100 34 0 0 0 0 0 61 100 60 0 16 100 64 100 98 6 0 21 55 76 59 94 26 0 5 83 100 100 84 20 31 0 6 1 62 100 97 28 57 82 100 100 70 77 93 99 99 66 8 0 0 0 5 5 0 0 34 5 0 0 0 0 0 -9 -9 -9 -9 -9 -9
26 0 0 0 0 0 0 0 0 0 0 25 26 70 90 100 62 28 50 93 9 0 84 98 53 88 100 73 0 36 92 72 25 36 98 98 32 11 86 34 99 100 22 7 32 10 26 88 100 68 6 3 58 91 100 100 60 40 0 0 0 7 62 78 25 82 100 100 100 100 90 90 86 92 40 17 0 0 0 0 0 0 0 27 1 0 0 0 0 -9 -9 -9 -9 -9 -9 -9
47 0 0 0 4 1 0 0 0 0 0 0 66 32 40 100 100 65 50 100 58 0 68 100 59 86 79 58 17 77 100 99 50 28 72 96 45 28 30 48 34 79 5 20 30 3 36 48 99 87 12 55 82 52 88 100 91 24 0 1 0 10 48 96 78 90 100 100 100 100 100 67 43 52 10 0 0 0 0 0 0 0 0 0 0 0 0 0 -9 -9 -9 -9 -9 -9 -9 -9
63 0 0 0 24 29 0 0 0 0 0 0 24 5 42 72 86 69 85 69 35 0 65 100 100 100 71 17 9 83 100 100 86 85 66 97 48 46 39 8 30 7 28 28 28 50 85 74 30 70 19 100 100 91 19 88 94 35 30 28 46 17 16 58 72 79 100 94 100 100 100 88 21 23 14 0 0 0 0 0 0 0 0 0 0 0 0 -9 -9 -9 -9 -9 -9 -9 -9 -9
21 0 0 0 36 64 56 12 1 11 2 0 24 29 21 74 100 90 40 50 57 0 43 100 100 100 39 0 4 98 100 100 98 74 76 98 30 28 6 10 14 17 16 39 42 100 91 94 36 14 30 100 100 100 84 85 89 17 0 2 1 0 24 98 56 75 100 77 73 96 100 97 15 0 0 0 5 9 0 0 0 0 9 12 0 0 -9 -9 -9 -9 -9 -9 -9 -9 -9 -9
0 0 0 0 24 76 60 36 38 48 40 26 6 27 11 31 52 89 60 46 75 75 88 100 100 100 74 1 5 88 100 82 60 84 52 92 20 72 62 11 0 10 42 14 50 90 55 51 14 0 20 99 100 100 100 100 80 10 4 32 0 2 74 92 53 69 100 100 99 98 100 50 0 0 2 60 80 24 5 13 30 19 2 2 0 -9 -9 -9 -9 -9 -9 -9 -9 -9 -9 -9
0 0 0 0 0 85 66 86 65 93 39 20 27 61 88 57 12 55 100 40 16 73 100 78 100 52 14 13 65 100 99 40 26 84 22 52 9 44 13 50 0 54 100 87 83 95 39 27 0 8 38 86 100 100 100 100 42 18 30 9 8 58 53 60 70 78 100 100 100 100 71 2 0 6 16 70 58 19 4 14 2 0 0 -9 -9 -9 -9 -9 -9 -9 -9 -9 -9 -9 -9 -9
12 10 2 0 0 0 62 54 91 100 100 36 38 36 32 97 94 72 69 100 72 56 100 60 100 58 84 87 97 100 86 3 0 9 0 0 0 54 26 56 50 63 77 100 99 100 28 3 0 0 1 37 90 100 69 50 46 40 24 16 34 6 1 63 92 100 100 100 84 100 87 30 38 86 98 68 38 15 0 0 0 0 0 -9 -9 -9 -9 -9 -9 -9 -9 -9 -9 -9 -9 -9
2 2 22 0 0 0 6 76 84 100 75 61 78 50 62 100 54 100 100 80 27 16 62 65 12 45 28 64 97 100 100 95 38 0 0 0 0 7 48 60 98 60 73 96 48 12 12 5 14 0 0 0 82 100 100 100 82 5 4 18 16 16 0 0 0 24 92 100 100 100 98 100 100 100 100 92 73 8 0 0 0 0 0 -9 -9 -9 -9 -9 -9 -9 -9 -9 -9 -9 -9 -9
