data/habitatmaps/RS_maps/habitat_Pyrrhula.pyrrhula_2004.asc
NCOLS 369 
NROWS 228 
XLLCORNER 479000 
YLLCORNER 73000 
CELLSIZE 1000 
NODATA_value -9 
[rows 62 to 123 of 228, columns 0 to 95 of 369]
-9 -9 -9 -9 -9 -9 -9 -9 -9 -9 -9 -9 -9 -9 -9 -9 -9 -9 -9 -9 -9 -9 -9 -9 -9 -9 -9 -9 -9 -9 -9 -9 -9 -9 -9 -9 -9 -9 -9 -9 -9 -9 -9 -9 -9 -9 -9 -9 -9 -9 -9 -9 -9 -9 -9 -9 -9 -9 -9 -9 -9 -9 -9 -9 -9 -9 -9 -9 27 46 21 24 37 22 36 18 37 58 48 3 53 46 39 76 71 90 97 89 97 79 73 72 78 54 3 10
-9 -9 -9 -9 -9 -9 -9 -9 -9 -9 -9 -9 -9 -9 -9 -9 -9 -9 -9 -9 -9 -9 -9 -9 -9 -9 -9 -9 -9 -9 -9 -9 -9 -9 -9 -9 -9 -9 -9 -9 -9 -9 -9 -9 -9 -9 -9 -9 -9 -9 -9 -9 -9 -9 -9 -9 -9 -9 -9 -9 -9 -9 -9 -9 -9 -9 -9 -9 -9 51 77 99 81 67 76 36 34 44 9 44 34 44 65 99 89 81 66 63 81 34 24 11 10 11 29 13
-9 -9 -9 -9 -9 -9 -9 -9 -9 -9 -9 -9 -9 -9 -9 -9 -9 -9 -9 -9 -9 -9 -9 -9 -9 -9 -9 -9 -9 -9 -9 -9 -9 -9 -9 -9 -9 -9 -9 -9 -9 -9 -9 -9 -9 -9 -9 -9 -9 -9 -9 -9 -9 -9 -9 -9 -9 -9 -9 -9 -9 -9 -9 -9 -9 -9 -9 -9 -9 61 72 61 23 52 43 30 25 2 17 75 25 33 82 61 57 62 67 68 55 27 28 11 11 69 70 39
-9 -9 -9 -9 -9 -9 -9 -9 -9 -9 -9 -9 -9 -9 -9 -9 -9 -9 -9 -9 -9 -9 -9 -9 -9 -9 -9 -9 -9 -9 -9 -9 -9 -9 -9 -9 -9 -9 -9 -9 -9 -9 -9 -9 -9 -9 -9 -9 -9 -9 -9 -9 -9 -9 -9 -9 -9 -9 -9 -9 -9 -9 -9 -9 -9 -9 -9 -9 -9 53 62 16 33 21 32 59 39 0 0 5 25 47 63 77 79 42 22 61 39 20 35 46 29 53 37 23
-9 -9 -9 -9 -9 -9 -9 -9 -9 -9 -9 -9 -9 -9 -9 -9 -9 -9 -9 -9 -9 -9 -9 -9 -9 -9 -9 -9 -9 -9 -9 -9 -9 -9 -9 -9 -9 -9 -9 -9 -9 -9 -9 -9 -9 -9 -9 -9 -9 -9 -9 -9 -9 -9 -9 -9 -9 -9 -9 -9 -9 -9 -9 -9 -9 -9 -9 -9 36 61 58 27 71 75 52 34 15 3 0 0 45 48 57 23 51 64 40 6 0 3 21 27 7 26 29 36
-9 -9 -9 -9 -9 -9 -9 -9 -9 -9 -9 -9 -9 -9 -9 -9 -9 -9 -9 -9 -9 -9 -9 -9 -9 -9 -9 -9 -9 -9 -9 -9 -9 -9 -9 -9 -9 -9 -9 -9 -9 -9 -9 -9 -9 -9 -9 -9 -9 -9 -9 -9 -9 -9 -9 -9 -9 -9 -9 -9 -9 -9 -9 -9 -9 -9 -9 80 58 6 35 32 13 60 30 18 13 0 0 6 73 10 31 76 54 75 15 0 26 70 33 19 65 22 34 33
-9 -9 -9 -9 -9 -9 -9 -9 -9 -9 -9 -9 -9 -9 -9 -9 -9 -9 -9 -9 -9 -9 -9 -9 -9 -9 -9 -9 -9 -9 -9 -9 -9 -9 -9 -9 -9 -9 -9 -9 -9 -9 -9 -9 -9 -9 -9 -9 -9 -9 -9 -9 -9 -9 -9 -9 -9 -9 -9 -9 -9 -9 -9 -9 -9 -9 45 16 11 39 63 11 15 5 4 28 0 0 0 41 92 14 35 94 100 81 46 21 40 18 37 43 66 31 43 69
-9 -9 -9 -9 -9 -9 -9 -9 -9 -9 -9 -9 -9 -9 -9 -9 -9 -9 -9 -9 -9 -9 -9 -9 -9 -9 -9 -9 -9 -9 -9 -9 -9 -9 -9 -9 -9 -9 -9 -9 -9 -9 -9 -9 -9 -9 -9 -9 -9 -9 -9 -9 -9 -9 -9 -9 -9 -9 -9 -9 -9 -9 -9 -9 -9 -9 80 57 64 34 52 9 12 30 4 11 1 6 40 56 72 64 88 99 68 20 26 32 21 39 35 100 47 2 43 39
-9 -9 -9 -9 -9 -9 -9 -9 -9 -9 -9 -9 -9 -9 -9 -9 -9 -9 -9 -9 -9 -9 -9 -9 -9 -9 -9 -9 -9 -9 -9 -9 -9 -9 -9 -9 -9 -9 -9 -9 -9 -9 -9 -9 -9 -9 -9 -9 -9 -9 -9 -9 -9 -9 -9 -9 -9 -9 -9 -9 -9 -9 -9 -9 66 79 97 84 50 11 55 38 14 14 7 48 7 27 36 29 74 98 94 66 4 0 28 47 30 7 19 40 0 3 30 36
-9 -9 -9 -9 -9 -9 -9 -9 -9 -9 -9 -9 -9 -9 -9 -9 -9 -9 -9 -9 -9 -9 -9 -9 -9 -9 -9 -9 -9 -9 -9 -9 -9 -9 -9 -9 -9 -9 -9 -9 -9 -9 -9 -9 -9 -9 -9 -9 -9 -9 -9 -9 -9 -9 -9 -9 -9 -9 -9 -9 -9 -9 -9 64 89 95 49 24 54 51 19 19 0 19 0 0 25 2 11 69 58 81 28 12 3 30 49 44 9 1 35 41 6 31 17 28
-9 -9 -9 -9 -9 -9 -9 -9 -9 -9 -9 -9 -9 -9 -9 -9 -9 -9 -9 -9 -9 -9 -9 -9 -9 -9 -9 -9 -9 -9 -9 -9 -9 -9 -9 -9 -9 -9 -9 -9 -9 -9 -9 -9 -9 -9 -9 -9 -9 -9 -9 -9 -9 -9 -9 -9 -9 -9 -9 -9 -9 94 65 55 73 44 36 53 60 29 39 58 8 0 0 0 16 46 63 77 100 9 35 37 24 13 8 29 31 2 16 15 41 57 54 22
-9 -9 -9 -9 -9 -9 -9 -9 -9 -9 -9 -9 -9 -9 -9 -9 -9 -9 -9 -9 -9 -9 -9 -9 -9 -9 -9 -9 -9 -9 -9 -9 -9 -9 -9 -9 -9 -9 -9 -9 -9 -9 -9 -9 -9 -9 -9 -9 -9 -9 -9 -9 -9 -9 -9 -9 -9 -9 -9 -9 43 19 52 58 30 3 32 43 1 38 26 82 0 4 56 42 16 71 100 96 48 1 11 30 36 41 51 100 58 21 22 18 36 43 61 76
-9 -9 -9 -9 -9 -9 -9 -9 -9 -9 -9 -9 -9 -9 -9 -9 -9 -9 -9 -9 -9 -9 -9 -9 -9 -9 -9 -9 -9 -9 -9 -9 -9 -9 -9 -9 -9 -9 -9 -9 -9 -9 -9 -9 -9 -9 -9 -9 -9 -9 -9 -9 -9 -9 -9 -9 -9 -9 -9 46 44 14 40 41 5 0 6 0 58 16 27 45 0 0 32 22 32 71 88 27 4 16 25 26 14 86 45 54 19 25 37 70 68 36 30 3
-9 -9 -9 -9 -9 -9 -9 -9 -9 -9 -9 -9 -9 -9 -9 -9 -9 -9 -9 -9 -9 -9 -9 -9 -9 -9 -9 -9 -9 -9 -9 -9 -9 -9 -9 -9 -9 -9 -9 -9 -9 -9 -9 -9 -9 -9 -9 -9 -9 -9 -9 -9 -9 -9 -9 -9 -9 -9 64 75 60 13 0 14 72 38 67 24 26 22 32 25 22 11 38 63 89 97 69 5 0 17 1 0 12 38 50 39 0 36 66 67 26 0 0 31
-9 -9 -9 -9 -9 -9 -9 -9 -9 -9 -9 -9 -9 -9 -9 -9 -9 -9 -9 -9 -9 -9 -9 -9 -9 -9 -9 -9 -9 -9 -9 -9 -9 -9 -9 -9 -9 -9 -9 -9 -9 -9 -9 -9 -9 -9 -9 -9 -9 -9 -9 -9 -9 -9 -9 -9 -9 82 10 15 4 2 19 60 62 62 9 0 0 4 50 13 33 25 39 80 98 85 46 1 1 34 0 18 32 49 25 64 81 93 45 5 7 35 81 65
-9 -9 -9 -9 -9 -9 -9 -9 -9 -9 -9 -9 -9 -9 -9 -9 -9 -9 -9 -9 -9 -9 -9 -9 -9 -9 -9 -9 -9 -9 -9 -9 -9 -9 -9 -9 -9 -9 -9 -9 -9 -9 -9 -9 -9 -9 -9 -9 -9 -9 -9 -9 -9 -9 -9 -9 14 87 20 0 19 50 69 12 40 28 1 0 1 62 41 51 51 25 18 74 47 95 67 6 39 23 28 29 30 17 13 81 43 32 47 68 74 46 36 43
-9 -9 -9 -9 -9 -9 -9 -9 -9 -9 -9 -9 -9 -9 -9 -9 -9 -9 -9 -9 -9 -9 -9 -9 -9 -9 -9 -9 -9 -9 -9 -9 -9 -9 -9 -9 -9 -9 -9 -9 -9 -9 -9 -9 -9 -9 -9 -9 -9 -9 -9 -9 -9 -9 -9 -9 23 77 33 44 44 49 15 54 24 0 0 0 54 50 13 38 32 5 26 93 72 48 87 18 37 24 14 17 7 38 44 2 11 54 66 58 33 36 73 31
-9 -9 -9 -9 -9 -9 -9 -9 -9 -9 -9 -9 -9 -9 -9 -9 -9 -9 -9 -9 -9 -9 -9 -9 -9 -9 -9 -9 -9 -9 -9 -9 -9 -9 -9 -9 -9 -9 -9 -9 -9 -9 -9 -9 -9 -9 -9 -9 -9 -9 -9 -9 -9 -9 -9 5 30 45 21 37 33 32 32 41 7 0 2 22 14 22 29 5 0 57 100 88 16 12 74 2 5 0 26 44 46 36 63 61 70 100 56 7 26 39 65 95
-9 -9 -9 -9 -9 -9 -9 -9 -9 -9 -9 -9 -9 -9 -9 -9 -9 -9 -9 -9 -9 -9 -9 -9 -9 -9 -9 -9 -9 -9 -9 -9 -9 -9 -9 -9 -9 -9 -9 -9 -9 -9 -9 -9 -9 -9 -9 -9 -9 -9 -9 -9 -9 -9 21 73 39 40 42 48 41 87 29 0 66 30 34 51 39 57 28 10 63 97 58 6 5 31 71 0 8 21 35 10 42 69 39 15 49 60 55 9 20 89 100 91
-9 -9 -9 -9 -9 -9 -9 -9 -9 -9 -9 -9 -9 -9 -9 -9 -9 -9 -9 -9 -9 -9 -9 -9 -9 -9 -9 -9 -9 -9 -9 -9 -9 -9 -9 -9 -9 -9 -9 -9 -9 -9 -9 -9 -9 -9 -9 -9 -9 -9 -9 -9 -9 -9 67 63 19 6 24 0 55 36 4 11 38 20 20 24 34 62 68 91 96 61 16 2 43 36 23 1 24 12 38 32 16 26 65 45 61 30 4 45 94 92 61 67
-9 -9 -9 -9 -9 -9 -9 -9 -9 -9 -9 -9 -9 -9 -9 -9 -9 -9 -9 -9 -9 -9 -9 -9 -9 -9 -9 -9 -9 -9 -9 -9 -9 -9 -9 -9 -9 -9 -9 -9 -9 -9 -9 -9 -9 -9 -9 -9 -9 -9 -9 -9 -9 33 0 0 18 61 29 9 44 21 27 37 26 12 20 53 91 67 68 46 58 22 0 7 13 8 0 11 31 38 46 18 9 16 30 52 66 35 93 98 56 16 53 74
-9 -9 -9 -9 -9 -9 -9 -9 -9 -9 -9 -9 -9 -9 -9 -9 -9 -9 -9 -9 -9 -9 -9 -9 -9 -9 -9 -9 -9 -9 -9 -9 -9 -9 -9 -9 -9 -9 -9 -9 -9 -9 -9 -9 -9 -9 -9 -9 -9 -9 -9 -9 89 21 67 51 25 34 15 1 11 0 6 31 43 43 11 86 58 54 33 17 46 20 0 14 12 4 16 33 15 12 22 11 38 60 82 99 80 98 54 19 0 0 0 2
-9 -9 -9 -9 -9 -9 -9 -9 -9 -9 -9 -9 -9 -9 -9 -9 -9 -9 -9 -9 -9 -9 -9 -9 -9 -9 -9 -9 -9 -9 -9 -9 -9 -9 -9 -9 -9 -9 -9 -9 -9 -9 -9 -9 -9 -9 -9 -9 -9 -9 -9 36 1 52 28 20 29 41 34 0 0 24 73 44 16 4 38 86 67 39 55 48 23 1 0 0 6 32 17 33 24 35 72 46 23 8 43 50 60 42 0 0 0 0 0 0
-9 -9 -9 -9 -9 -9 -9 -9 -9 -9 -9 -9 -9 -9 -9 -9 -9 -9 -9 -9 -9 -9 -9 -9 -9 -9 -9 -9 -9 -9 -9 -9 -9 -9 -9 -9 -9 -9 -9 -9 -9 -9 -9 -9 -9 -9 -9 -9 55 74 33 62 60 61 25 47 14 1 38 22 0 33 57 50 42 47 72 72 72 69 40 41 26 3 1 20 0 20 39 34 60 73 64 21 48 51 74 41 43 56 23 33 18 0 0 10
-9 -9 -9 -9 -9 -9 -9 -9 -9 -9 -9 -9 -9 -9 -9 -9 -9 -9 -9 -9 -9 -9 -9 -9 -9 -9 -9 -9 -9 -9 -9 -9 -9 -9 -9 -9 -9 -9 -9 -9 -9 -9 -9 -9 0 27 6 58 65 55 65 69 56 33 9 54 1 4 66 13 13 47 36 45 26 56 73 29 15 7 54 30 2 1 3 0 0 36 62 24 21 53 47 57 83 82 52 81 61 74 47 84 3 13 41 84
-9 -9 -9 -9 -9 -9 -9 -9 -9 -9 -9 -9 -9 -9 -9 -9 -9 -9 -9 -9 -9 -9 -9 -9 -9 -9 -9 -9 -9 -9 -9 -9 -9 -9 -9 -9 -9 -9 -9 -9 -9 -9 -9 48 15 55 38 57 40 95 77 72 42 1 17 42 18 39 27 0 24 55 41 4 0 27 44 10 33 25 34 4 0 23 3 6 24 47 38 51 65 73 47 21 6 3 47 100 86 17 71 52 63 99 87 84
-9 -9 -9 -9 -9 -9 -9 -9 -9 -9 -9 -9 -9 -9 -9 -9 -9 -9 -9 -9 -9 -9 -9 -9 -9 -9 -9 -9 -9 -9 -9 -9 -9 -9 -9 -9 -9 -9 -9 -9 -9 11 11 26 59 62 54 8 31 53 37 78 45 1 36 9 27 12 0 3 66 43 15 4 25 56 29 41 29 8 6 22 4 15 43 32 71 27 15 38 85 0 0 0 0 2 65 82 55 41 95 27 1 38 21 0
-9 -9 -9 -9 -9 -9 -9 -9 -9 -9 -9 -9 -9 -9 -9 -9 -9 -9 -9 -9 -9 -9 -9 -9 -9 -9 -9 -9 -9 -9 -9 -9 -9 -9 -9 -9 -9 -9 -9 -9 0 0 4 35 64 26 0 0 29 0 18 57 25 20 27 43 69 0 0 37 75 62 48 80 53 49 65 20 1 35 54 51 2 50 39 56 21 35 58 59 13 0 0 0 1 55 50 91 75 62 39 0 0 0 0 0
-9 -9 -9 -9 -9 -9 -9 -9 -9 -9 -9 -9 -9 -9 -9 -9 -9 -9 -9 -9 -9 -9 -9 -9 -9 -9 -9 -9 -9 -9 -9 -9 -9 -9 -9 -9 -9 -9 -9 13 14 43 76 70 33 16 64 47 0 0 35 46 4 47 40 57 5 0 5 50 69 84 55 36 46 47 35 10 5 4 41 34 56 17 52 61 33 74 5 0 0 0 0 7 68 87 86 68 45 34 0 0 0 3 25 0
-9 -9 -9 -9 -9 -9 -9 -9 -9 -9 -9 -9 -9 -9 -9 -9 -9 -9 -9 -9 -9 -9 -9 -9 -9 -9 -9 -9 -9 -9 -9 -9 -9 -9 -9 -9 -9 -9 44 67 80 18 46 20 39 20 35 1 0 0 4 21 40 76 66 0 3 52 80 20 32 60 52 69 69 53 38 22 30 40 27 75 13 17 94 28 63 71 14 0 0 0 13 85 78 84 96 37 63 0 0 0 26 87 38 0
-9 -9 -9 -9 -9 -9 -9 -9 -9 -9 -9 -9 -9 -9 -9 -9 -9 -9 -9 -9 -9 -9 -9 -9 -9 -9 -9 -9 -9 -9 -9 -9 -9 -9 -9 -9 -9 67 44 39 49 27 49 31 11 0 3 38 10 48 40 61 83 59 6 4 58 80 32 41 45 55 45 20 43 58 45 24 36 46 58 10 3 54 18 48 79 40 0 0 0 29 91 81 78 100 49 60 14 0 18 27 82 39 15 0
-9 -9 -9 -9 -9 -9 -9 -9 -9 -9 -9 -9 -9 -9 -9 -9 -9 -9 -9 -9 -9 -9 -9 -9 -9 -9 -9 -9 -9 -9 -9 -9 -9 -9 -9 -9 33 79 14 49 14 21 19 14 40 68 34 50 35 73 25 85 28 36 51 41 48 43 59 47 41 8 14 39 59 25 7 54 4 46 26 9 53 19 49 100 36 1 15 10 23 100 100 100 95 51 1 4 0 0 0 28 71 61 40 28
-9 -9 -9 -9 -9 -9 -9 -9 -9 -9 -9 -9 -9 -9 -9 -9 -9 -9 -9 -9 -9 -9 -9 -9 -9 -9 -9 -9 -9 -9 -9 -9 -9 -9 -9 43 70 64 27 6 0 0 45 59 77 15 2 5 35 9 28 63 22 57 69 75 57 88 94 54 19 14 17 4 32 91 86 77 43 5 10 62 21 23 94 45 0 0 8 9 49 75 100 91 30 0 0 16 26 0 66 13 0 2 1 0
-9 -9 -9 -9 -9 -9 -9 -9 -9 -9 -9 -9 -9 -9 -9 -9 -9 -9 -9 -9 -9 -9 -9 -9 -9 -9 -9 -9 -9 -9 -9 -9 -9 -9 -9 67 69 19 0 0 0 52 65 31 58 3 1 0 10 52 87 65 53 34 46 88 84 65 57 50 18 0 46 91 80 61 24 26 0 5 52 17 38 67 52 58 11 22 67 93 95 21 15 3 0 0 0 0 3 0 23 59 0 0 0 0
-9 -9 -9 -9 -9 -9 -9 -9 -9 -9 -9 -9 -9 -9 -9 -9 -9 -9 -9 -9 -9 -9 -9 -9 -9 -9 -9 -9 -9 -9 -9 -9 -9 -9 61 87 35 0 0 10 50 51 34 61 24 13 28 55 29 0 55 82 67 53 35 84 78 43 30 3 20 28 32 82 35 10 1 0 4 32 5 45 100 80 60 51 33 76 84 94 85 21 0 0 0 0 0 0 0 0 0 41 1 0 8 6
-9 -9 -9 -9 -9 -9 -9 -9 -9 -9 -9 -9 -9 -9 -9 -9 -9 -9 -9 -9 -9 -9 -9 -9 -9 -9 -9 -9 -9 -9 -9 -9 -9 60 93 23 3 0 6 20 34 9 51 32 0 6 91 67 32 47 61 65 60 60 35 16 3 13 27 44 34 53 58 52 7 30 51 0 15 0 16 31 96 43 87 44 41 8 12 0 0 0 0 0 0 0 0 0 0 0 0 20 0 0 47 14
-9 -9 -9 -9 -9 -9 -9 -9 -9 -9 -9 -9 -9 -9 -9 -9 -9 -9 -9 -9 -9 -9 -9 -9 -9 -9 -9 -9 -9 -9 -9 -9 -9 90 25 0 0 20 24 55 20 0 11 0 18 30 68 65 72 77 62 64 47 0 0 7 40 47 32 37 48 81 63 37 33 60 8 0 31 42 86 97 70 46 100 71 40 0 0 0 0 0 0 0 0 0 0 0 0 0 31 35 0 0 11 4
-9 -9 -9 -9 -9 -9 -9 -9 -9 -9 -9 -9 -9 -9 -9 -9 -9 -9 -9 -9 -9 -9 -9 -9 -9 -9 -9 -9 -9 -9 -9 -9 -9 7 0 2 72 15 0 24 0 0 4 46 80 30 46 52 53 76 94 65 23 34 52 65 91 34 72 47 64 29 3 1 38 59 46 44 98 88 90 100 100 82 51 12 1 0 0 0 0 0 0 0 0 0 0 0 0 9 11 0 15 40 39 45
-9 -9 -9 -9 -9 -9 -9 -9 -9 -9 -9 -9 -9 -9 -9 -9 -9 -9 -9 -9 -9 -9 -9 -9 -9 -9 -9 -9 -9 -9 -9 -9 -9 33 8 78 51 24 0 0 0 8 77 54 42 4 73 62 93 100 93 20 3 81 35 84 62 33 71 56 48 25 63 74 53 38 35 83 100 85 92 100 100 60 14 0 0 2 0 0 0 0 0 0 0 0 0 8 22 0 2 22 7 24 28 8
-9 -9 -9 -9 -9 -9 -9 -9 -9 -9 -9 -9 -9 -9 -9 -9 -9 -9 -9 -9 -9 -9 -9 -9 -9 -9 -9 -9 -9 -9 -9 -9 24 16 85 41 0 0 0 3 18 92 22 16 0 33 71 56 95 88 12 26 70 99 94 77 43 12 45 59 37 59 2 14 28 69 98 94 99 96 100 100 100 41 0 0 0 17 0 0 0 0 0 0 0 0 11 38 1 9 1 1 0 0 0 0
-9 -9 -9 -9 -9 -9 -9 -9 -9 -9 -9 -9 -9 -9 -9 -9 -9 -9 -9 -9 -9 -9 -9 -9 -9 -9 -9 -9 -9 -9 -9 -9 61 96 63 4 0 0 1 63 97 81 27 8 35 61 22 79 42 47 77 73 69 46 23 10 36 49 61 72 52 9 0 40 65 75 64 28 77 80 100 100 78 5 0 0 27 7 0 0 0 0 0 0 0 22 50 65 57 58 19 17 0 0 0 0
-9 -9 -9 -9 -9 -9 -9 -9 -9 -9 -9 -9 -9 -9 -9 -9 -9 -9 -9 -9 -9 -9 -9 -9 -9 -9 -9 -9 -9 -9 -9 -9 36 55 1 0 0 0 25 22 66 60 57 91 95 69 48 89 86 100 93 74 82 21 20 9 54 64 0 2 6 54 58 89 41 54 3 16 56 100 100 98 29 0 0 0 0 0 0 0 0 0 0 0 13 6 56 61 20 0 4 1 0 0 0 0
-9 -9 -9 -9 -9 -9 -9 -9 -9 -9 -9 -9 -9 -9 -9 -9 -9 -9 -9 -9 -9 -9 -9 -9 -9 -9 -9 -9 -9 -9 -9 -9 0 0 0 0 0 0 22 55 61 70 74 100 80 53 46 94 67 29 4 10 11 64 60 53 20 0 2 51 57 6 47 55 32 39 31 92 87 43 54 58 43 0 0 0 0 0 0 0 0 0 0 14 25 11 1 23 12 6 0 0 0 0 0 0
-9 -9 -9 -9 -9 -9 -9 -9 -9 -9 -9 -9 -9 -9 -9 -9 -9 -9 -9 -9 -9 -9 -9 -9 -9 -9 -9 -9 -9 -9 -9 -9 0 0 0 0 0 0 0 8 70 55 58 88 69 48 55 13 0 0 0 0 49 69 76 14 0 4 72 58 27 41 66 38 21 33 91 42 66 52 0 1 1 0 0 0 0 0 0 0 0 0 32 6 0 6 5 3 0 17 34 0 2 0 0 0
-9 -9 -9 -9 -9 -9 -9 -9 -9 -9 -9 -9 -9 -9 -9 -9 -9 -9 -9 -9 -9 -9 -9 -9 -9 -9 -9 -9 -9 -9 -9 -9 -9 0 0 0 0 7 9 13 56 40 35 28 36 3 2 25 53 58 57 65 64 67 19 28 45 88 98 21 26 61 42 64 66 83 30 0 37 6 0 0 0 0 0 0 0 0 0 0 0 2 2 0 0 13 8 0 0 0 9 23 36 17 3 24
-9 -9 -9 -9 -9 -9 -9 -9 -9 -9 -9 -9 -9 -9 -9 -9 -9 -9 -9 -9 -9 -9 -9 -9 -9 -9 -9 -9 -9 -9 -9 -9 -9 0 0 1 31 78 68 65 38 30 10 47 15 32 55 26 15 13 13 17 86 50 69 81 79 100 100 66 34 65 54 29 69 47 5 0 0 0 0 0 0 0 0 0 0 0 0 2 30 57 16 0 0 0 0 0 0 0 0 1 13 24 77 29
-9 -9 -9 -9 -9 -9 -9 -9 -9 -9 -9 -9 -9 -9 -9 -9 -9 -9 -9 -9 -9 -9 -9 -9 -9 -9 -9 -9 -9 -9 -9 -9 -9 60 18 54 55 49 82 40 46 0 2 25 51 37 68 63 46 48 40 86 61 69 51 39 92 100 100 57 23 46 37 58 100 98 22 46 11 0 0 0 0 0 0 0 0 0 12 26 2 18 12 17 0 0 0 0 0 0 0 0 0 5 73 17
-9 -9 -9 -9 -9 -9 -9 -9 -9 -9 -9 -9 -9 -9 -9 -9 -9 -9 -9 -9 -9 -9 -9 -9 -9 -9 -9 -9 -9 -9 -9 -9 -9 100 99 89 66 81 75 27 2 4 40 73 50 14 65 41 57 32 49 99 78 30 29 78 100 78 89 72 71 80 89 100 100 100 68 51 0 0 0 0 0 0 0 0 0 7 29 10 23 30 0 0 0 0 0 0 0 0 6 24 42 51 52 7
-9 -9 -9 -9 -9 -9 -9 -9 -9 -9 -9 -9 -9 -9 -9 -9 -9 -9 -9 -9 -9 -9 -9 -9 -9 -9 -9 -9 -9 -9 -9 -9 -9 100 78 48 58 47 51 38 46 74 81 63 67 55 47 29 8 51 100 96 45 26 21 43 17 97 71 80 80 35 97 100 95 90 97 78 5 0 0 0 0 0 0 0 8 39 1 64 0 0 0 0 0 0 0 0 0 2 54 15 55 13 5 0
-9 -9 -9 -9 -9 -9 -9 -9 -9 -9 -9 -9 -9 -9 -9 -9 -9 -9 -9 -9 -9 -9 -9 -9 -9 -9 -9 -9 -9 -9 -9 -9 -9 39 0 7 3 50 59 63 65 33 49 67 58 26 23 27 46 69 100 91 39 26 53 27 47 50 63 36 21 47 82 96 9 0 4 4 0 0 0 0 0 0 0 2 22 0 0 26 1 0 0 0 0 0 0 12 29 23 31 20 0 18 0 31
-9 -9 -9 -9 -9 -9 -9 -9 -9 -9 -9 -9 -9 -9 -9 -9 -9 -9 -9 -9 -9 -9 -9 -9 -9 -9 -9 -9 -9 -9 -9 -9 3 9 79 79 46 25 54 56 0 0 1 9 58 81 36 58 53 97 86 49 51 84 33 59 85 56 0 38 80 37 20 3 0 0 0 0 0 0 0 0 0 0 0 2 0 0 0 15 0 0 0 0 0 0 0 12 33 55 17 33 12 11 31 61
-9 -9 -9 -9 -9 -9 -9 -9 -9 -9 -9 -9 -9 -9 -9 -9 -9 -9 -9 -9 -9 -9 -9 -9 -9 -9 -9 -9 -9 -9 -9 -9 0 69 36 33 15 21 91 52 1 0 0 1 47 71 43 30 79 62 41 58 89 23 72 69 11 0 0 16 19 0 0 10 13 0 0 0 0 0 0 0 8 25 3 0 0 0 16 31 0 0 0 0 0 0 20 33 53 59 26 3 9 27 64 20
-9 -9 -9 -9 -9 -9 -9 -9 -9 -9 -9 -9 -9 -9 -9 -9 -9 -9 -9 -9 -9 -9 -9 -9 -9 -9 -9 -9 -9 -9 -9 -9 12 34 81 0 0 26 47 100 82 33 37 40 67 59 20 0 21 47 68 95 77 12 68 31 27 58 28 3 0 0 0 24 9 0 0 0 0 0 0 15 32 35 6 0 0 0 0 0 0 0 0 0 0 0 0 0 5 56 20 3 11 31 56 0
-9 -9 -9 -9 -9 -9 -9 -9 -9 -9 -9 -9 -9 -9 -9 -9 -9 -9 -9 -9 -9 -9 -9 -9 -9 -9 -9 -9 -9 -9 -9 18 52 87 21 1 33 66 89 97 72 44 16 60 56 5 0 0 31 7 14 51 59 28 75 8 2 33 8 11 0 1 17 6 0 0 0 0 0 0 0 0 48 0 4 52 52 0 0 0 17 5 0 0 0 2 4 0 39 93 20 0 44 51 34 6
-9 -9 -9 -9 -9 -9 -9 -9 -9 -9 -9 -9 -9 -9 -9 -9 -9 -9 -9 -9 -9 -9 -9 -9 -9 -9 -9 -9 -9 67 1 22 48 29 0 25 78 97 67 50 61 51 62 55 90 39 33 49 60 18 33 81 99 90 38 39 22 29 0 0 0 0 0 0 0 0 2 0 2 0 2 30 35 46 17 11 30 33 0 0 24 21 8 1 3 56 22 39 81 28 7 28 61 12 18 6
-9 -9 -9 -9 -9 -9 -9 -9 -9 -9 -9 -9 -9 -9 -9 -9 -9 -9 -9 -9 -9 -9 -9 -9 -9 -9 -9 -9 81 37 80 9 6 0 23 62 84 53 49 12 58 31 59 73 90 71 99 19 92 95 90 70 99 17 42 47 53 14 5 22 2 0 0 0 12 65 73 20 24 41 50 49 9 17 28 34 0 19 3 37 26 0 77 25 61 1 27 68 81 2 13 63 25 0 34 7
-9 -9 -9 -9 -9 -9 -9 -9 -9 -9 -9 -9 -9 -9 -9 -9 -9 -9 -9 -9 -9 -9 -9 -9 -9 -9 85 93 71 64 100 79 9 19 86 87 54 0 1 7 87 95 99 82 99 100 96 65 47 79 98 76 34 10 7 0 8 8 0 3 21 0 11 30 76 73 32 8 1 31 37 23 15 0 39 9 10 96 31 25 3 1 45 21 44 33 28 42 53 0 0 7 1 9 34 21
-9 -9 -9 -9 -9 -9 -9 -9 -9 -9 -9 -9 -9 -9 -9 -9 -9 -9 -9 -9 -9 -9 -9 -9 -9 98 100 94 94 43 93 36 0 20 47 47 4 0 2 36 80 30 76 84 100 100 78 21 65 90 58 6 44 38 17 11 33 17 0 0 0 22 16 44 37 35 20 64 65 5 14 7 3 19 21 1 61 64 41 22 1 17 19 32 15 18 16 24 3 28 15 20 0 3 8 1
-9 -9 -9 -9 -9 -9 -9 -9 -9 -9 -9 -9 -9 -9 -9 -9 -9 -9 -9 -9 -9 -9 -9 71 100 84 94 88 34 5 12 0 13 23 55 60 11 0 0 38 59 23 10 51 58 99 41 30 94 80 6 1 3 46 1 7 26 0 0 0 0 0 0 18 8 49 71 20 33 62 21 8 0 31 3 46 38 0 4 0 10 9 0 0 0 0 2 0 18 13 12 3 16 21 75 20
-9 -9 -9 -9 -9 -9 -9 -9 -9 -9 -9 -9 -9 -9 -9 -9 -9 -9 -9 -9 -9 -9 86 84 96 84 92 60 4 37 48 60 45 81 48 0 0 23 35 73 18 51 63 72 79 50 52 41 100 85 0 0 1 19 0 0 0 0 0 0 8 1 0 3 47 52 68 31 19 12 27 28 24 9 0 67 6 30 40 0 0 25 0 0 0 41 40 0 0 23 49 47 6 41 34 4
-9 -9 -9 -9 -9 -9 -9 -9 -9 -9 -9 -9 -9 -9 -9 -9 -9 -9 -9 -9 -9 89 64 84 64 84 29 16 69 72 55 68 37 0 4 15 33 56 67 99 72 95 71 46 18 58 44 93 55 35 2 0 27 16 0 0 0 0 3 17 29 22 11 25 11 48 27 0 38 2 27 7 2 0 14 28 18 64 29 0 33 25 12 3 23 68 91 9 0 5 1 19 42 9 15 57
-9 -9 -9 -9 -9 -9 -9 -9 -9 -9 -9 -9 -9 -9 -9 -9 -9 -9 -9 -9 55 100 98 100 100 79 90 84 35 20 0 0 3 27 14 89 93 46 61 75 42 67 73 52 64 78 56 13 11 17 16 0 1 0 0 3 17 12 22 5 34 21 45 39 25 33 0 12 30 0 5 28 0 7 55 27 37 33 0 17 50 45 2 52 25 18 42 1 0 0 3 72 88 6 5 38
