data/habitatmaps/RS_maps/habitat_Linaria.cannabina_2009.asc
NCOLS 369 
NROWS 228 
XLLCORNER 479000 
YLLCORNER 73000 
CELLSIZE 1000 
NODATA_value -9 
[rows 122 to 182 of 228, columns 96 to 191 of 369]
2 2 0 30 49 39 18 0 23 17 42 40 32 48 33 48 50 30 38 22 24 52 41 29 9 14 28 2 15 33 26 12 41 35 23 1 0 0 0 0 0 24 21 34 19 10 10 56 10 12 56 75 71 64 57 64 33 40 25 57 54 64 34 26 96 88 20 0 3 17 25 27 0 26 26 5 3 16 50 1 36 68 42 48 46 91 100 98 80 100 100 100 92 64 28 7
32 24 23 30 30 30 43 20 26 34 42 24 39 50 36 40 28 5 50 43 32 47 26 26 50 43 31 12 10 47 35 16 49 40 14 0 0 0 0 0 0 4 38 29 17 42 28 38 19 65 61 85 86 94 83 42 9 12 20 76 54 86 89 93 60 16 14 16 0 0 0 0 50 2 0 0 0 0 0 0 9 33 58 86 58 22 92 100 91 100 96 90 44 31 82 77
25 26 42 34 39 38 32 46 58 25 59 92 82 41 26 41 8 42 42 78 91 72 14 5 40 38 23 23 0 1 66 44 40 4 37 2 0 0 0 0 0 0 13 23 58 97 90 87 68 68 98 78 74 92 72 34 12 59 59 39 69 94 100 66 11 32 0 0 0 0 0 0 4 2 0 0 0 4 0 0 0 0 1 55 34 30 89 100 88 69 72 86 67 64 63 70
23 42 42 30 62 84 54 54 62 45 30 88 76 56 48 41 63 90 72 87 89 84 66 68 5 43 47 20 10 2 84 98 72 23 3 8 0 0 0 0 0 0 0 11 60 91 56 78 82 68 76 72 61 94 55 34 82 51 78 47 50 83 66 9 20 0 0 0 0 2 0 21 12 0 38 31 28 17 21 4 0 0 0 6 30 12 78 96 30 17 38 8 8 40 20 47
30 66 55 37 45 48 1 20 43 64 34 10 3 66 61 54 52 48 51 66 56 66 66 72 84 68 88 64 60 43 44 51 77 69 10 4 38 13 0 0 0 0 0 2 11 25 53 86 42 37 44 55 90 54 25 59 89 32 21 34 60 34 2 29 0 0 0 16 14 32 43 68 38 22 100 90 66 84 44 19 27 24 30 32 5 38 17 24 11 12 16 29 12 40 78 68
42 97 29 88 34 0 0 16 45 44 28 16 22 12 11 56 27 26 28 10 12 60 72 86 74 90 88 80 78 59 63 8 8 58 97 74 42 21 8 0 0 0 0 0 0 0 0 30 0 0 24 74 50 36 43 12 13 2 11 18 16 23 5 0 0 8 18 20 50 42 39 82 66 71 88 75 100 100 100 85 36 14 22 49 50 41 45 26 5 24 37 54 52 52 72 22
51 100 86 58 26 10 13 48 66 13 55 59 72 48 59 53 62 44 50 45 80 82 61 100 100 100 100 100 98 100 99 88 77 10 9 53 43 62 86 14 23 2 0 0 0 0 0 0 0 0 42 40 19 56 48 0 0 14 8 33 14 2 0 0 34 11 10 37 12 2 57 94 79 100 14 64 100 100 100 84 34 29 30 32 27 63 16 25 70 84 80 72 89 79 88 90
40 58 43 29 7 77 36 24 48 4 37 60 90 76 78 2 69 58 56 58 82 92 98 100 100 93 97 80 40 54 72 98 99 66 49 8 2 58 54 0 26 4 0 0 0 0 0 0 0 40 67 30 5 39 6 0 0 0 6 0 0 0 6 3 4 16 64 100 100 20 63 70 52 12 49 100 100 100 96 18 32 50 70 100 52 45 6 43 95 63 46 12 34 76 96 64
22 64 56 40 5 85 52 50 60 43 36 42 78 48 54 70 34 26 52 64 88 86 98 100 82 58 62 54 15 63 100 100 100 100 100 90 50 22 57 33 0 0 0 0 0 0 0 0 0 0 0 1 4 7 0 0 0 0 0 8 28 19 6 6 76 84 100 100 100 86 100 81 16 0 70 100 98 79 52 44 11 10 19 96 31 1 0 6 63 98 83 38 24 38 84 26
58 79 28 4 8 88 63 51 12 6 24 82 53 51 61 70 70 58 88 98 100 100 100 100 91 20 0 19 37 91 98 98 86 76 58 58 76 27 10 0 6 1 25 9 32 23 1 0 0 0 0 0 0 0 0 0 0 6 7 16 3 0 8 67 78 100 95 55 50 62 99 62 30 8 97 100 69 24 52 46 35 6 28 71 58 83 23 35 32 50 89 87 18 16 22 21
52 64 42 77 70 36 58 26 12 18 72 63 59 62 45 46 72 64 42 66 97 97 80 58 56 58 35 46 72 81 64 68 62 64 58 28 32 27 16 14 69 56 45 30 39 61 70 22 3 0 0 0 0 0 0 0 7 22 0 4 18 44 88 84 72 31 41 75 36 91 70 84 100 88 100 96 79 58 34 0 14 27 82 30 74 88 96 38 42 14 50 88 24 2 0 0
42 46 34 25 78 56 74 59 61 35 83 44 56 36 9 93 100 98 99 99 42 43 46 36 72 86 88 74 85 98 92 98 83 51 81 40 71 47 22 44 8 35 62 94 34 84 32 52 31 5 0 8 29 14 0 0 6 41 12 42 96 100 94 78 85 76 99 95 74 82 100 100 100 100 86 96 37 8 0 0 6 78 94 16 84 16 75 90 55 82 80 53 78 8 0 0
34 42 22 17 71 44 59 76 30 62 94 54 29 52 88 100 100 100 100 99 57 50 60 78 86 70 57 62 71 63 57 77 65 69 72 59 38 12 2 11 48 29 6 62 50 78 88 68 16 0 0 25 21 3 10 0 0 8 17 0 51 80 40 74 78 83 86 65 63 85 94 92 100 78 68 15 0 0 0 0 0 33 100 76 100 84 28 69 88 49 41 92 48 0 0 0
26 38 40 63 84 68 22 49 46 83 92 74 69 84 100 100 100 100 100 82 70 76 90 68 74 68 34 38 33 24 70 30 38 47 46 20 0 20 42 50 61 91 18 50 88 56 45 47 19 6 12 2 76 62 33 27 14 0 21 7 10 8 12 16 20 15 10 49 32 46 53 48 100 32 40 2 0 0 0 0 0 3 20 69 90 100 80 6 28 86 89 90 74 12 0 0
14 38 48 82 69 47 82 66 46 100 92 99 100 100 100 100 100 91 95 84 76 68 49 60 77 44 31 6 19 46 59 44 66 24 5 0 4 30 96 100 95 96 64 31 68 82 92 22 26 15 20 71 100 72 71 43 93 60 4 8 42 31 23 32 35 70 44 26 55 22 18 58 88 44 70 52 0 0 0 0 0 0 0 14 81 100 78 0 5 68 84 90 70 36 3 0
12 26 24 25 75 64 60 75 86 100 100 100 97 86 87 100 100 56 52 60 58 28 38 72 86 52 92 87 76 84 100 53 26 23 22 14 32 83 100 98 72 61 36 44 62 84 20 24 3 19 25 100 99 19 69 97 60 100 54 40 0 6 78 53 46 37 38 58 83 30 42 25 37 5 33 33 8 0 0 0 0 0 21 65 84 80 20 0 25 87 94 90 82 66 52 0
62 39 41 22 40 28 46 62 100 100 98 63 57 34 54 90 72 71 70 79 33 65 86 86 78 53 100 100 84 92 100 72 61 54 48 46 45 100 100 79 44 16 49 46 72 67 13 61 48 63 68 100 100 95 94 86 100 93 3 7 9 24 61 100 98 30 28 74 77 96 74 12 10 17 5 6 0 0 0 0 0 0 12 19 29 12 0 0 44 94 94 55 64 54 42 0
39 64 31 26 14 40 43 49 64 70 68 47 52 82 58 55 72 40 81 68 34 76 78 79 100 100 91 78 72 80 51 97 89 49 51 84 87 100 93 64 6 25 35 70 66 57 40 52 95 56 86 100 100 21 51 80 98 60 17 0 26 0 6 94 99 12 0 3 62 56 7 18 76 7 9 0 0 0 0 12 9 8 16 0 0 0 0 0 7 20 90 96 98 40 2 0
34 34 30 40 42 32 47 26 53 90 53 30 25 47 22 48 50 79 71 70 37 51 70 89 100 100 89 100 79 74 23 70 100 54 10 85 100 100 46 31 54 40 93 50 15 41 81 46 82 48 100 98 44 0 52 96 100 100 85 24 8 38 60 90 100 41 14 34 68 30 6 27 51 63 58 2 0 0 0 8 56 16 0 0 0 0 0 0 0 2 22 76 96 81 11 0
45 71 44 33 61 46 19 84 54 17 41 41 64 64 27 17 56 86 52 49 38 34 66 100 100 100 100 99 92 46 38 92 88 80 78 100 100 91 42 54 14 36 42 82 22 82 66 22 76 95 100 46 60 2 17 97 97 82 95 60 23 31 50 100 100 93 96 68 6 0 4 46 26 52 8 8 0 0 0 0 16 34 0 0 0 0 0 0 2 14 19 54 42 94 27 6
49 68 50 54 65 23 82 99 87 34 40 46 62 84 55 39 92 68 68 70 51 43 70 82 100 93 70 68 94 71 91 100 88 86 98 100 98 55 35 24 30 42 82 68 16 44 64 17 24 30 72 75 87 78 72 100 76 68 98 27 80 8 65 100 100 90 18 0 0 0 8 29 17 42 0 0 0 0 0 0 0 0 20 51 42 56 62 36 18 14 31 73 95 95 54 80
16 79 60 75 77 40 58 100 100 96 85 84 44 58 50 74 70 89 89 70 54 40 71 98 100 100 80 60 100 89 90 100 100 95 100 100 100 35 30 46 72 52 56 64 74 82 39 23 72 30 41 66 100 52 64 28 4 96 97 46 77 20 20 33 72 11 0 0 0 0 0 0 0 0 0 0 0 0 0 0 0 0 0 0 6 8 4 34 46 82 58 48 53 83 92 100
82 62 75 99 98 37 34 83 75 70 98 86 60 35 69 64 76 82 26 44 100 100 100 100 100 96 44 94 66 69 96 100 86 99 98 100 63 63 48 73 63 68 49 70 100 94 26 41 72 82 74 70 42 2 2 16 62 100 98 46 28 8 16 26 5 0 0 0 0 0 0 0 0 0 0 0 0 0 0 0 0 0 0 0 0 0 8 41 66 63 94 52 82 100 100 100
48 99 58 50 52 71 93 73 84 60 99 95 66 39 85 99 88 95 52 28 68 76 88 98 95 100 80 34 33 47 60 89 73 24 40 76 100 69 42 68 70 23 75 53 70 98 72 54 25 36 62 86 18 0 18 88 100 100 63 74 40 17 0 0 0 0 0 0 0 0 0 0 0 0 0 0 0 0 0 0 0 0 0 0 2 20 50 61 66 59 30 34 86 100 62 88
82 98 86 94 78 73 84 45 88 100 85 66 55 41 90 84 86 77 66 56 68 76 64 34 38 54 60 76 80 84 70 80 100 77 64 98 64 26 67 100 93 46 84 44 67 94 14 64 98 78 54 84 92 24 66 100 100 95 58 21 32 64 50 0 0 0 0 0 0 0 0 0 0 0 0 0 0 0 0 0 0 0 0 0 8 26 19 14 16 20 16 78 97 99 44 10
64 73 86 92 94 93 94 98 100 86 66 73 96 76 99 87 88 47 82 98 37 56 59 61 35 34 57 81 100 100 76 95 97 98 99 96 66 52 70 98 100 84 41 52 56 86 70 45 100 98 100 93 78 28 10 51 86 52 44 56 34 61 52 3 0 0 0 0 0 0 0 0 0 0 0 0 0 0 0 0 0 0 0 0 0 0 0 0 14 59 91 100 97 74 28 33
31 97 81 86 95 100 100 99 93 44 22 58 78 68 84 98 61 55 80 84 22 95 84 92 76 68 76 90 92 100 93 96 70 100 75 70 64 48 55 72 99 88 29 74 64 44 23 0 20 28 56 85 74 22 0 0 36 34 36 91 68 52 50 8 0 0 0 0 0 0 0 0 0 0 0 0 0 0 0 0 0 0 0 0 8 44 58 44 66 100 99 58 56 84 82 6
41 93 77 78 69 55 83 72 44 52 26 61 82 64 66 81 44 42 18 78 21 89 89 82 82 51 70 95 90 87 72 13 50 94 70 32 17 38 52 94 100 100 60 52 48 47 46 73 72 34 2 25 8 16 0 0 0 0 70 63 74 84 14 0 0 0 0 0 0 0 0 0 0 0 0 0 0 0 0 0 0 0 0 0 0 15 75 100 100 100 74 55 89 45 14 82
87 46 68 72 76 64 99 29 64 77 38 46 80 84 88 65 24 75 92 98 41 26 43 50 32 51 100 100 85 88 56 21 72 91 72 48 50 16 60 100 76 40 70 42 42 66 56 56 70 3 0 0 0 0 0 0 0 0 69 88 80 46 14 0 0 0 0 0 0 0 0 0 0 0 0 0 0 0 0 1 1 0 0 1 23 57 96 99 96 54 76 48 40 54 83 86
86 90 94 48 14 54 53 52 88 56 46 59 65 44 50 49 72 93 98 100 60 44 24 47 51 54 62 98 26 15 76 96 90 93 48 42 40 28 94 51 66 95 45 30 46 29 52 41 40 0 0 0 0 0 0 0 0 0 10 6 6 12 0 0 0 0 0 0 0 0 0 0 0 4 0 0 0 0 5 12 20 0 1 10 74 62 99 43 50 84 82 18 0 45 52 100
100 69 82 68 4 51 87 44 75 58 59 39 62 96 40 50 64 45 33 85 52 49 68 22 70 65 53 84 66 50 100 80 62 32 18 10 66 62 84 32 89 98 54 14 26 32 0 4 12 0 0 0 0 0 0 0 0 0 0 0 0 0 0 0 0 0 0 0 0 0 0 0 0 27 0 0 0 0 10 10 29 15 72 46 92 96 75 25 47 62 10 10 52 100 100 100
29 67 55 84 45 95 86 43 35 56 1 29 78 91 39 52 82 62 74 72 96 71 78 40 92 56 52 98 83 88 100 70 69 50 98 52 45 70 32 17 83 94 78 16 54 0 0 0 0 0 6 0 0 0 0 0 0 0 0 0 0 0 0 0 0 0 0 0 0 0 0 0 0 17 18 0 0 39 20 28 20 28 98 100 99 39 55 100 36 24 13 94 100 83 98 100
62 46 29 56 57 12 40 46 56 3 22 14 52 6 40 52 60 74 76 84 100 100 100 36 80 86 64 53 97 100 100 84 70 36 66 37 79 34 0 52 82 74 36 62 46 19 1 0 4 46 9 0 0 0 0 0 0 0 0 0 5 0 0 0 0 0 0 0 0 0 0 0 0 0 28 10 22 68 24 53 32 78 100 99 42 36 61 51 22 60 85 88 49 84 96 87
96 59 70 79 10 16 62 76 73 60 58 30 35 44 68 90 80 100 64 100 100 100 83 27 57 24 48 28 73 100 99 64 54 88 77 45 11 0 20 96 97 49 24 54 24 19 30 22 73 83 56 16 0 0 0 0 0 28 20 23 59 30 1 0 0 0 0 0 0 0 2 0 0 0 12 20 84 99 36 98 100 100 95 37 70 96 50 0 24 98 100 100 60 36 36 47
48 70 57 39 11 43 90 100 60 54 43 32 66 76 69 24 80 100 66 100 100 100 60 40 53 68 76 76 90 100 100 94 62 52 42 90 60 29 92 99 60 22 34 32 39 36 30 66 96 90 29 6 0 0 0 40 10 89 70 92 94 45 4 0 0 0 0 0 0 0 6 6 0 4 0 59 100 100 74 100 100 100 46 62 92 30 8 50 66 92 82 13 12 9 18 6
24 52 62 88 44 64 83 96 55 52 46 52 80 30 25 24 80 95 88 100 100 98 59 58 82 92 66 64 85 100 99 74 28 96 100 94 24 50 99 66 93 69 4 12 32 8 58 69 72 25 0 0 10 76 30 73 80 82 98 100 75 30 0 0 0 0 0 0 0 0 0 8 62 14 0 30 100 97 44 74 62 44 52 76 19 7 60 100 100 100 54 0 0 0 0 48
56 64 54 82 74 84 92 84 66 60 72 42 50 28 23 65 35 96 100 100 100 97 97 67 72 42 61 47 56 74 92 21 92 100 100 100 47 42 68 82 76 36 0 0 0 14 43 32 6 0 6 24 42 88 88 80 76 92 91 42 20 2 0 0 0 0 0 0 0 0 0 28 10 0 12 20 99 62 14 39 10 16 60 17 6 56 100 97 100 96 53 0 0 0 8 92
22 28 70 36 53 38 99 100 100 82 79 10 31 9 18 79 94 99 99 100 100 100 95 65 67 54 28 40 2 50 92 31 5 27 29 44 0 0 52 65 2 0 0 0 0 2 20 3 15 46 90 100 84 44 78 84 78 64 15 0 0 0 0 0 0 0 10 0 0 0 7 68 0 3 32 93 96 14 12 32 3 60 18 24 80 100 56 42 42 62 17 0 0 10 64 63
50 53 40 46 53 62 78 100 97 76 74 53 57 0 44 74 76 92 48 59 100 100 72 32 50 56 76 62 44 59 16 0 0 0 0 0 0 0 60 55 0 0 0 0 0 2 12 76 94 100 70 80 70 59 20 6 22 0 0 0 0 0 0 0 0 0 4 20 2 10 81 70 0 53 8 100 72 18 52 33 53 10 48 97 100 100 86 6 0 0 0 0 2 33 10 48
80 89 55 53 80 46 50 100 52 67 50 50 30 7 100 81 48 88 72 90 100 96 61 86 67 44 88 56 61 45 6 0 0 0 0 0 16 29 12 36 0 0 11 13 6 0 75 75 86 82 30 54 60 55 36 0 0 0 0 0 0 0 0 0 0 0 0 4 64 95 67 7 19 73 51 55 18 12 18 42 12 18 89 100 100 98 42 17 7 4 0 0 0 0 0 0
48 69 52 64 100 53 82 87 37 80 22 50 56 44 91 92 79 64 96 100 94 87 94 100 98 90 49 11 39 2 2 0 0 0 0 24 78 63 63 16 44 78 90 96 30 24 54 97 49 35 28 20 34 38 0 0 0 0 0 0 0 10 4 0 4 30 68 87 76 51 6 28 82 100 97 41 22 84 57 14 28 30 61 100 69 46 76 99 91 92 23 0 0 0 34 63
67 97 98 98 100 76 100 28 20 92 63 58 80 68 100 100 90 78 96 46 30 81 76 58 24 70 38 0 0 0 0 0 0 0 0 0 10 2 66 41 78 47 84 20 1 11 62 97 68 22 8 40 10 0 0 0 0 0 0 0 0 26 22 0 80 100 100 100 82 8 24 92 79 54 26 44 45 18 38 51 15 64 100 100 78 80 100 100 100 99 62 0 0 0 40 91
100 77 61 89 100 100 100 56 93 74 55 99 86 96 97 64 78 82 25 12 32 3 0 28 72 46 0 0 0 0 0 0 0 0 0 0 0 10 78 26 27 76 76 8 10 15 77 98 46 3 38 2 0 0 8 20 0 5 20 8 49 41 14 30 97 100 100 96 49 40 78 38 19 67 37 26 40 7 22 1 15 51 58 69 78 50 41 68 91 100 76 42 21 5 63 55
82 95 100 97 100 100 100 100 93 53 44 36 26 74 14 10 90 46 0 0 0 0 26 84 26 0 14 17 0 0 2 2 19 47 4 16 38 71 100 9 36 80 15 23 59 2 24 84 60 25 60 0 0 0 38 85 22 24 92 48 8 40 93 100 100 91 55 78 67 71 50 31 54 69 33 14 8 21 44 27 33 10 34 36 35 22 92 78 38 18 81 100 100 69 18 97
50 95 92 41 72 100 93 84 22 53 46 64 79 97 52 30 98 4 0 0 0 9 66 78 28 1 34 34 19 0 2 66 90 52 38 10 46 91 46 8 84 91 71 95 78 10 33 90 42 40 60 0 12 0 45 65 28 67 100 71 12 40 94 100 100 90 64 41 6 3 82 69 74 22 24 20 24 67 44 42 10 34 2 32 18 78 30 0 8 45 70 99 100 73 0 38
42 49 52 24 32 35 56 55 20 45 66 26 52 49 4 12 24 0 0 0 8 4 6 51 61 92 90 56 70 42 48 97 74 94 99 59 24 70 28 39 32 99 100 100 96 34 100 66 21 25 51 4 68 38 84 66 6 52 100 92 84 48 100 100 100 96 46 38 8 42 73 15 10 28 4 50 59 90 100 97 58 2 29 56 69 76 26 22 31 22 48 65 100 64 34 85
6 33 32 44 16 63 86 62 38 91 48 5 66 85 5 0 0 6 2 1 23 25 11 41 28 35 93 76 90 97 96 96 43 23 75 100 76 14 29 1 2 90 100 98 100 100 78 34 24 20 50 66 68 88 100 59 50 87 48 76 84 30 100 100 100 88 74 68 84 87 30 34 28 5 19 21 24 100 90 50 23 26 46 76 17 0 0 0 2 46 18 66 100 84 97 100
61 40 5 6 67 74 32 5 4 51 5 3 74 88 14 0 16 48 2 8 10 12 48 37 28 5 42 91 99 84 55 65 34 4 22 52 84 30 21 0 1 22 55 70 41 74 48 56 20 18 23 46 30 98 13 16 56 96 56 61 94 58 100 100 92 56 50 69 44 31 17 29 3 44 2 21 87 100 88 97 90 83 97 44 0 0 8 69 64 81 55 100 100 100 100 69
72 42 2 5 60 42 0 0 0 0 0 58 100 58 21 2 7 78 15 86 6 53 96 66 25 0 30 62 48 19 2 10 30 37 60 44 8 4 16 2 0 1 40 52 42 57 66 74 49 46 62 70 52 26 54 48 24 40 34 41 22 43 66 72 26 8 28 17 14 54 32 6 68 66 1 100 100 100 92 75 89 30 68 42 0 6 78 100 74 44 67 100 100 100 100 89
64 78 84 80 65 30 0 0 0 0 0 34 99 100 44 56 86 48 28 100 98 100 71 48 18 0 10 13 0 1 0 0 24 9 41 44 14 23 12 2 37 30 50 66 81 50 32 26 0 8 22 40 38 57 36 12 3 35 35 25 12 29 30 25 25 32 2 8 80 49 12 24 100 87 65 100 94 76 17 21 78 6 6 7 6 62 69 71 46 74 100 100 97 100 100 42
54 77 17 3 0 0 0 0 0 0 10 56 84 100 55 91 99 23 36 95 92 78 21 2 12 0 0 0 0 0 0 0 0 0 0 0 5 25 14 0 31 75 93 71 56 47 0 0 0 0 0 0 0 0 0 0 0 10 1 27 30 35 30 27 22 1 0 18 68 43 0 7 92 100 100 100 35 0 0 2 17 0 0 0 36 68 62 77 43 59 98 30 68 100 85 26
100 70 13 2 3 0 0 11 28 68 86 94 57 99 34 45 55 32 78 66 24 6 0 0 0 0 0 0 0 0 0 0 0 0 0 0 3 0 0 10 46 18 6 0 0 0 24 2 0 18 18 0 0 0 5 0 0 1 0 2 8 24 23 12 0 0 0 16 21 19 36 75 38 84 100 100 25 2 26 15 20 20 3 3 80 100 100 63 20 62 81 5 91 75 18 65
74 58 86 92 82 43 13 86 40 50 92 72 100 100 62 20 30 19 66 60 3 0 0 0 0 0 0 0 0 0 0 0 0 26 10 14 2 24 10 10 5 2 0 11 28 28 38 3 0 30 22 21 0 15 27 5 0 11 16 10 28 0 0 41 12 0 16 14 18 73 43 20 14 58 94 100 25 46 93 74 78 80 14 42 80 97 70 16 5 76 77 43 100 63 0 62
16 34 65 100 100 99 92 92 85 52 60 66 24 100 94 71 34 19 62 22 2 6 5 3 0 0 2 0 0 0 0 0 0 7 38 20 12 32 19 24 19 12 20 59 38 19 5 14 50 24 24 0 0 7 54 25 30 55 24 14 16 0 3 28 2 6 64 94 35 7 0 27 40 85 77 58 60 100 100 40 58 65 46 94 100 100 94 19 6 41 35 88 60 12 18 20
76 78 95 98 84 23 38 92 34 28 67 100 98 96 53 18 24 9 7 0 0 34 20 28 1 34 14 0 0 0 0 0 4 39 8 15 66 46 0 2 16 58 26 0 0 21 4 56 14 73 54 28 2 0 0 7 0 2 75 50 30 22 4 67 49 2 13 42 88 24 2 0 32 84 24 13 42 77 70 40 30 65 96 80 100 100 88 76 84 41 20 0 6 23 1 44
64 78 82 33 2 44 90 89 62 43 34 86 98 66 48 12 32 0 0 0 0 11 27 0 15 11 0 0 0 0 0 0 8 21 57 88 72 59 11 63 76 98 62 34 42 0 4 24 0 24 78 28 20 3 4 29 10 4 59 28 30 32 0 56 51 2 14 17 74 62 88 7 66 42 0 13 0 0 55 23 54 67 73 73 100 100 84 56 53 84 35 8 0 8 31 9
24 78 52 0 3 90 72 34 36 24 18 52 48 8 0 5 0 0 0 0 0 0 0 0 0 0 0 0 0 0 1 3 19 39 17 50 28 75 89 88 34 66 9 19 78 11 24 40 17 10 91 67 56 58 74 77 63 6 26 28 57 61 32 78 52 20 85 84 54 92 96 33 98 36 0 0 0 0 37 95 98 52 44 4 7 51 100 93 65 86 75 8 0 49 37 16
39 11 2 0 34 34 1 14 78 44 18 18 0 0 0 0 0 0 0 0 0 0 0 0 0 0 0 10 8 0 28 22 4 0 3 0 48 40 84 63 5 0 0 20 90 39 12 61 0 18 98 79 1 24 82 50 77 68 54 26 44 48 10 85 100 41 100 100 100 100 100 85 74 15 0 0 0 3 63 100 100 38 4 0 0 5 44 62 99 56 26 56 32 34 23 18
20 0 2 22 2 0 5 9 20 10 20 2 0 0 0 0 0 0 0 0 0 0 0 0 0 0 0 0 15 18 3 6 17 36 48 0 6 5 86 62 47 10 6 27 15 78 28 78 1 4 50 59 1 4 79 56 70 74 47 26 20 0 6 80 99 50 95 98 100 100 100 34 0 0 0 0 8 37 12 78 93 56 93 50 6 12 17 3 23 56 1 6 38 47 18 0
14 46 62 93 89 38 50 58 83 62 8 12 0 0 0 0 0 0 0 0 0 0 4 0 0 0 16 19 11 5 10 8 88 50 0 0 0 27 88 97 100 36 2 12 28 71 17 82 22 0 2 13 44 92 86 90 99 56 17 40 18 15 60 36 54 66 84 74 100 100 100 47 14 29 0 0 94 100 34 44 100 99 80 86 28 39 35 7 0 8 0 0 32 46 19 0
0 70 98 98 68 11 20 38 26 8 42 4 0 0 0 0 0 0 0 0 0 0 22 3 44 18 4 24 75 56 34 28 100 70 33 7 0 14 52 65 100 88 22 44 53 58 29 64 8 0 5 47 90 80 73 97 40 22 1 18 19 18 62 8 43 100 84 68 94 98 100 99 83 70 0 68 77 29 70 93 95 36 36 27 43 45 0 11 0 12 0 0 0 12 0 5
