data/habitatmaps/RS_maps/habitat_Linaria.cannabina_2009.asc
NCOLS 369 
NROWS 228 
XLLCORNER 479000 
YLLCORNER 73000 
CELLSIZE 1000 
NODATA_value -9 
[rows 0 to 60 of 228, columns 96 to 191 of 369]
-9 -9 -9 -9 -9 -9 -9 -9 -9 -9 -9 -9 -9 -9 -9 -9 -9 -9 -9 -9 -9 -9 -9 -9 -9 -9 -9 -9 -9 -9 -9 -9 -9 -9 -9 -9 -9 -9 -9 -9 -9 -9 -9 -9 -9 -9 -9 -9 -9 -9 -9 -9 -9 -9 -9 -9 -9 -9 -9 -9 -9 -9 -9 -9 -9 -9 -9 -9 -9 -9 -9 -9 -9 -9 -9 -9 -9 -9 -9 -9 -9 -9 -9 -9 -9 -9 -9 -9 -9 -9 -9 -9 -9 -9 20 0
-9 -9 -9 -9 -9 -9 -9 -9 -9 -9 -9 -9 -9 -9 -9 -9 -9 -9 -9 -9 -9 -9 -9 -9 -9 -9 -9 -9 -9 -9 -9 -9 -9 -9 -9 -9 -9 -9 -9 -9 -9 -9 -9 -9 -9 -9 -9 -9 -9 -9 -9 -9 -9 -9 -9 -9 -9 -9 -9 -9 -9 -9 -9 -9 -9 -9 -9 -9 -9 -9 -9 -9 -9 -9 -9 -9 -9 -9 -9 -9 -9 -9 -9 -9 -9 -9 -9 -9 -9 -9 -9 -9 -9 5 20 0
-9 -9 -9 -9 -9 -9 -9 -9 -9 -9 -9 -9 -9 -9 -9 -9 -9 -9 -9 -9 -9 -9 -9 -9 -9 -9 -9 -9 -9 -9 -9 -9 -9 -9 -9 -9 -9 -9 -9 -9 -9 -9 -9 -9 -9 -9 -9 -9 -9 -9 -9 -9 -9 -9 -9 -9 -9 -9 -9 -9 -9 -9 -9 -9 -9 -9 -9 -9 -9 -9 -9 -9 -9 -9 -9 -9 -9 -9 -9 -9 -9 -9 -9 -9 -9 -9 -9 -9 -9 -9 -9 -9 -9 32 0 0
-9 -9 -9 -9 -9 -9 -9 -9 -9 -9 -9 -9 -9 -9 -9 -9 -9 -9 -9 -9 -9 -9 -9 -9 -9 -9 -9 -9 -9 -9 -9 -9 -9 -9 -9 -9 -9 -9 -9 -9 -9 -9 -9 -9 -9 -9 -9 -9 -9 -9 -9 -9 -9 -9 -9 -9 -9 -9 -9 -9 -9 -9 -9 -9 -9 -9 -9 -9 -9 -9 -9 -9 -9 -9 -9 -9 -9 -9 -9 -9 -9 -9 -9 -9 -9 -9 -9 -9 -9 -9 -9 -9 54 22 17 24
-9 -9 -9 -9 -9 -9 -9 -9 -9 -9 -9 -9 -9 -9 -9 -9 -9 -9 -9 -9 -9 -9 -9 -9 -9 -9 -9 -9 -9 -9 -9 -9 -9 -9 -9 -9 -9 -9 -9 -9 -9 -9 -9 -9 -9 -9 -9 -9 -9 -9 -9 -9 -9 -9 -9 -9 -9 -9 -9 -9 -9 -9 -9 -9 -9 -9 -9 -9 -9 -9 -9 -9 -9 -9 -9 -9 -9 -9 -9 -9 -9 -9 -9 -9 -9 -9 -9 -9 -9 -9 -9 25 19 14 18 20
-9 -9 -9 -9 -9 -9 -9 -9 -9 -9 -9 -9 -9 -9 -9 -9 -9 -9 -9 -9 -9 -9 -9 -9 -9 -9 -9 -9 -9 -9 -9 -9 -9 -9 -9 -9 -9 -9 -9 -9 -9 -9 -9 -9 -9 -9 -9 -9 -9 -9 -9 -9 -9 -9 -9 -9 -9 -9 -9 -9 -9 -9 -9 -9 -9 -9 -9 -9 -9 -9 -9 -9 -9 -9 -9 -9 -9 -9 -9 -9 -9 -9 -9 -9 -9 -9 -9 -9 -9 -9 -9 20 76 46 16 17
-9 -9 -9 -9 -9 -9 -9 -9 -9 -9 -9 -9 -9 -9 -9 -9 -9 -9 -9 -9 -9 -9 -9 -9 -9 -9 -9 -9 -9 -9 -9 -9 -9 -9 -9 -9 -9 -9 -9 -9 -9 -9 -9 -9 -9 -9 -9 -9 -9 -9 -9 -9 -9 -9 -9 -9 -9 -9 -9 -9 -9 -9 -9 -9 -9 -9 -9 -9 -9 -9 -9 -9 -9 -9 -9 -9 -9 -9 -9 -9 -9 -9 -9 -9 -9 -9 -9 -9 -9 -9 23 3 75 66 32 54
-9 -9 -9 -9 -9 -9 -9 -9 -9 -9 -9 -9 -9 -9 -9 -9 -9 -9 -9 -9 -9 -9 -9 -9 -9 -9 -9 -9 -9 -9 -9 -9 -9 -9 -9 -9 -9 -9 -9 -9 -9 -9 -9 -9 -9 -9 -9 -9 -9 -9 -9 -9 -9 -9 -9 -9 -9 -9 -9 -9 -9 -9 -9 -9 -9 -9 -9 -9 -9 -9 -9 -9 -9 -9 -9 -9 -9 -9 -9 -9 -9 -9 -9 -9 -9 -9 -9 -9 -9 22 10 0 50 54 15 41
-9 -9 -9 -9 -9 -9 -9 -9 -9 -9 -9 -9 -9 -9 -9 -9 -9 -9 -9 -9 -9 -9 -9 -9 -9 -9 -9 -9 -9 -9 -9 -9 -9 -9 -9 -9 -9 -9 -9 -9 -9 -9 -9 -9 -9 -9 -9 -9 -9 -9 -9 -9 -9 -9 -9 -9 -9 -9 -9 -9 -9 -9 -9 -9 -9 -9 -9 -9 -9 -9 -9 -9 -9 -9 -9 -9 -9 -9 -9 -9 -9 -9 -9 -9 -9 -9 -9 -9 0 0 0 0 58 80 8 43
-9 -9 -9 -9 -9 -9 -9 -9 -9 -9 -9 -9 -9 -9 -9 -9 -9 -9 -9 -9 -9 -9 -9 -9 -9 -9 -9 -9 -9 -9 -9 -9 -9 -9 -9 -9 -9 -9 -9 -9 -9 -9 -9 -9 -9 -9 -9 -9 -9 -9 -9 -9 -9 -9 -9 -9 -9 -9 -9 -9 -9 -9 -9 -9 -9 -9 -9 -9 -9 -9 -9 -9 -9 -9 -9 -9 -9 -9 -9 -9 -9 -9 -9 -9 -9 -9 -9 -9 16 0 0 0 15 54 52 85
-9 -9 -9 -9 -9 -9 -9 -9 -9 -9 -9 -9 -9 -9 -9 -9 -9 -9 -9 -9 -9 -9 -9 -9 -9 -9 -9 -9 -9 -9 -9 -9 -9 -9 -9 -9 -9 -9 -9 -9 -9 -9 -9 -9 -9 -9 -9 -9 -9 -9 -9 -9 -9 -9 -9 -9 -9 -9 -9 -9 -9 -9 -9 -9 -9 -9 -9 -9 -9 -9 -9 -9 -9 -9 -9 -9 -9 -9 -9 -9 -9 -9 -9 -9 -9 -9 -9 36 14 2 4 0 0 78 8 9
-9 -9 -9 -9 -9 -9 -9 -9 -9 -9 -9 -9 -9 -9 -9 -9 -9 -9 -9 -9 -9 -9 -9 -9 -9 -9 -9 -9 -9 -9 -9 -9 -9 -9 -9 -9 -9 -9 -9 -9 -9 -9 -9 -9 -9 -9 -9 -9 -9 -9 -9 -9 -9 -9 -9 -9 -9 -9 -9 -9 -9 -9 -9 -9 -9 -9 -9 -9 -9 -9 -9 -9 -9 -9 -9 -9 -9 -9 -9 -9 -9 -9 -9 -9 -9 -9 71 56 8 48 96 73 10 58 23 16
-9 -9 -9 -9 -9 -9 -9 -9 -9 -9 -9 -9 -9 -9 -9 -9 -9 -9 -9 -9 -9 -9 -9 -9 -9 -9 -9 -9 -9 -9 -9 -9 -9 -9 -9 -9 -9 -9 -9 -9 -9 -9 -9 -9 -9 -9 -9 -9 -9 -9 -9 -9 -9 -9 -9 -9 -9 -9 -9 -9 -9 -9 -9 -9 -9 -9 -9 -9 -9 -9 -9 -9 -9 -9 -9 -9 -9 -9 -9 -9 -9 -9 -9 -9 -9 -9 70 22 20 26 50 56 0 18 16 46
-9 -9 -9 -9 -9 -9 -9 -9 -9 -9 -9 -9 -9 -9 -9 -9 -9 -9 -9 -9 -9 -9 -9 -9 -9 -9 -9 -9 -9 -9 -9 -9 -9 -9 -9 -9 -9 -9 -9 -9 -9 -9 -9 -9 -9 -9 -9 -9 -9 -9 -9 -9 -9 -9 -9 -9 -9 -9 -9 -9 -9 -9 -9 -9 -9 -9 -9 -9 -9 -9 -9 -9 -9 -9 -9 -9 -9 -9 -9 -9 -9 -9 -9 -9 -9 -9 40 2 12 2 25 8 10 0 0 34
-9 -9 -9 -9 -9 -9 -9 -9 -9 -9 -9 -9 -9 -9 -9 -9 -9 -9 -9 -9 -9 -9 -9 -9 -9 -9 -9 -9 -9 -9 -9 -9 -9 -9 -9 -9 -9 -9 -9 -9 -9 -9 -9 -9 -9 -9 -9 -9 -9 -9 -9 -9 -9 -9 -9 -9 -9 -9 -9 -9 -9 -9 -9 -9 -9 -9 -9 -9 -9 -9 -9 -9 -9 -9 -9 -9 -9 -9 -9 -9 10 5 1 21 31 24 4 12 54 42 16 42 12 40 28 53
-9 -9 -9 -9 -9 -9 -9 -9 -9 -9 -9 -9 -9 -9 -9 -9 -9 -9 -9 -9 -9 -9 -9 -9 -9 -9 -9 -9 -9 -9 -9 -9 -9 -9 -9 -9 -9 -9 -9 -9 -9 -9 -9 -9 -9 -9 -9 -9 -9 -9 -9 -9 -9 -9 -9 -9 -9 -9 -9 -9 -9 -9 -9 -9 -9 -9 -9 -9 -9 -9 -9 -9 -9 -9 -9 -9 30 0 35 39 17 32 2 4 52 5 0 33 50 76 45 25 33 72 34 21
-9 -9 -9 -9 -9 -9 -9 -9 -9 -9 -9 -9 -9 -9 -9 -9 -9 -9 -9 -9 -9 -9 -9 -9 -9 -9 -9 -9 -9 -9 -9 -9 -9 -9 -9 -9 -9 -9 -9 -9 -9 -9 0 0 0 0 -9 -9 -9 -9 -9 -9 -9 -9 -9 -9 -9 -9 -9 -9 -9 -9 -9 -9 -9 -9 -9 -9 -9 -9 -9 -9 -9 -9 -9 5 32 17 25 6 20 4 0 0 45 24 27 21 21 63 68 28 42 74 2 50
-9 -9 -9 -9 -9 -9 -9 -9 -9 -9 -9 -9 -9 -9 -9 -9 -9 -9 -9 -9 -9 -9 -9 -9 -9 -9 -9 -9 -9 -9 -9 -9 -9 -9 -9 8 1 0 14 15 18 0 0 0 0 32 16 6 6 38 -9 -9 -9 -9 -9 -9 -9 -9 -9 -9 -9 -9 -9 -9 -9 -9 -9 -9 -9 -9 -9 -9 -9 58 64 23 22 17 12 0 11 6 2 27 12 69 92 20 32 17 8 55 49 39 2 60
-9 -9 -9 -9 -9 -9 -9 -9 -9 -9 -9 -9 -9 -9 -9 -9 -9 -9 -9 -9 -9 -9 -9 -9 -9 -9 -9 -9 -9 -9 -9 0 0 5 0 14 0 0 0 0 10 0 0 0 0 0 52 91 18 20 16 -9 0 2 0 0 0 8 16 58 52 76 -9 -9 -9 -9 -9 -9 -9 -9 -9 -9 4 76 76 47 13 36 13 0 0 19 36 60 0 29 38 14 23 36 40 49 66 11 0 6
-9 -9 -9 -9 -9 -9 -9 -9 -9 -9 -9 -9 -9 -9 -9 -9 -9 -9 -9 -9 -9 -9 -9 -9 -9 -9 -9 -9 -9 -9 3 0 0 18 2 1 0 0 0 0 10 0 2 22 4 0 4 66 77 92 62 96 44 6 4 20 38 20 18 1 58 98 76 6 0 0 -9 -9 -9 -9 5 28 0 31 81 32 6 16 30 19 12 41 64 29 24 8 14 26 16 46 40 48 7 2 2 14
-9 -9 -9 -9 -9 -9 -9 -9 -9 -9 -9 -9 -9 -9 -9 -9 -9 -9 -9 -9 -9 -9 -9 -9 -9 -9 -9 -9 12 3 3 0 0 5 3 0 0 0 0 0 0 9 5 32 2 12 17 22 32 46 9 54 42 2 30 59 48 36 26 0 22 34 13 0 6 34 68 -9 -9 62 49 68 61 18 68 7 0 30 46 84 86 60 75 9 52 44 41 9 0 12 54 27 0 0 2 17
-9 -9 -9 -9 -9 -9 -9 -9 -9 -9 -9 -9 -9 -9 -9 -9 -9 -9 -9 -9 -9 -9 -9 -9 -9 -9 -9 10 0 4 6 0 0 9 1 0 0 0 0 5 11 3 1 20 2 0 18 2 7 0 0 37 4 1 26 13 10 24 2 0 32 0 0 0 7 72 78 62 64 39 74 60 92 42 18 0 6 68 58 54 40 39 64 26 34 18 28 2 0 0 50 24 0 16 10 28
-9 -9 -9 -9 -9 -9 -9 -9 -9 -9 -9 -9 -9 -9 -9 -9 -9 -9 -9 -9 -9 -9 -9 -9 -9 0 0 0 12 0 10 0 6 18 0 0 0 0 0 11 7 0 0 1 4 0 19 11 0 0 0 15 1 0 14 20 28 38 20 2 0 0 38 16 14 28 72 58 80 66 10 14 40 19 0 24 36 53 33 64 54 63 26 69 26 23 8 0 0 10 32 6 29 48 28 38
-9 -9 -9 -9 -9 -9 -9 -9 -9 -9 -9 -9 -9 -9 -9 -9 -9 -9 -9 -9 -9 -9 -9 -9 0 0 0 0 13 10 16 2 0 0 18 2 0 0 0 1 0 0 0 5 25 7 17 8 16 6 15 18 0 0 48 65 14 42 27 17 0 0 2 56 22 89 74 34 31 18 2 29 20 6 4 24 28 31 36 74 10 26 4 5 14 6 0 0 4 14 6 0 0 0 29 23
-9 -9 -9 -9 -9 -9 -9 -9 -9 -9 -9 -9 -9 -9 -9 -9 -9 -9 -9 -9 -9 -9 -9 0 0 0 0 0 12 5 1 3 0 2 16 12 12 0 0 1 10 8 3 0 7 18 12 11 10 9 12 28 16 8 10 39 41 28 23 5 0 2 23 56 46 70 90 50 66 0 11 28 22 14 24 70 36 38 52 40 24 0 0 0 9 49 0 0 0 0 0 0 0 28 26 6
-9 -9 -9 -9 -9 -9 -9 -9 -9 -9 -9 -9 -9 -9 -9 -9 -9 -9 -9 -9 -9 -9 0 0 0 0 0 0 0 0 0 0 0 6 34 4 13 2 0 0 9 1 14 4 15 22 16 36 34 36 42 0 7 24 28 1 20 64 28 15 0 0 24 90 66 91 69 28 12 24 51 12 13 18 0 16 48 43 52 66 18 11 12 1 0 0 44 14 2 0 0 0 0 8 4 5
-9 -9 -9 -9 -9 -9 -9 -9 -9 -9 -9 -9 -9 -9 -9 -9 -9 -9 -9 -9 -9 0 0 0 0 0 0 0 0 0 0 0 0 14 46 14 0 0 0 0 3 16 0 0 4 0 0 0 20 52 27 8 0 5 6 18 31 41 39 24 2 0 0 74 29 21 18 64 50 38 26 30 24 28 8 33 21 44 32 14 19 14 0 0 0 0 1 9 0 2 22 34 3 0 0 0
54 4 0 0 -9 -9 -9 -9 -9 -9 -9 -9 -9 -9 -9 -9 -9 -9 -9 -9 0 0 0 0 0 0 0 0 0 0 0 0 0 0 10 14 0 0 0 0 26 10 0 0 0 2 0 36 61 56 26 35 6 8 11 11 6 2 12 48 20 4 0 40 34 6 42 52 74 22 40 3 28 13 1 0 6 24 7 7 11 2 0 0 0 0 0 0 0 0 69 38 48 14 2 0
40 63 0 0 0 0 0 0 0 -9 -9 -9 -9 -9 -9 -9 -9 -9 -9 -9 0 0 0 0 0 0 0 0 0 0 0 0 0 0 0 15 2 0 0 0 0 2 0 0 0 16 0 2 26 50 17 22 0 16 2 10 2 30 34 52 38 56 2 41 80 78 59 18 24 6 8 28 16 20 24 22 20 32 40 4 1 0 0 0 0 0 0 0 0 0 34 33 52 46 8 10
12 23 0 0 0 0 0 0 0 0 0 0 0 -9 -9 -9 -9 -9 -9 0 0 0 0 0 0 0 0 0 0 0 0 0 0 28 0 0 0 0 0 0 0 0 0 2 0 19 23 30 24 46 16 23 22 13 0 1 10 5 5 0 32 2 0 50 48 29 78 57 20 8 16 5 46 52 31 18 12 6 6 0 0 0 0 0 0 0 0 0 0 0 14 12 14 14 30 20
0 13 6 0 0 0 0 0 0 0 0 0 0 0 -9 -9 -9 -9 0 0 0 0 0 0 0 0 0 0 0 1 25 0 0 9 0 0 0 0 0 6 1 0 4 28 32 14 26 32 42 14 3 14 8 23 8 0 0 0 15 14 11 22 6 13 38 70 48 24 84 84 41 19 36 54 11 0 0 3 0 0 0 0 0 0 0 0 0 0 0 0 0 0 20 9 10 23
0 0 28 5 0 0 0 0 0 0 0 0 0 0 0 0 0 4 0 0 0 0 0 0 0 0 50 0 0 0 0 0 0 0 0 0 0 0 24 20 0 0 0 0 12 16 0 8 15 4 23 10 4 5 8 0 0 0 0 4 10 20 6 2 13 28 70 46 46 51 10 18 17 40 33 0 0 0 0 0 0 0 0 0 0 0 0 0 0 0 0 0 10 7 3 34
0 0 7 59 15 0 0 0 0 0 0 0 0 0 0 0 0 8 0 0 0 0 0 0 0 7 10 0 0 0 0 0 0 0 0 0 0 0 0 0 0 0 0 0 0 8 0 6 12 14 16 2 0 0 0 0 0 0 0 0 0 23 0 0 0 4 40 61 18 8 33 2 0 0 0 0 0 0 0 0 0 0 0 0 0 0 0 0 0 0 0 0 0 0 0 0
0 0 0 17 64 0 0 0 0 0 0 0 1 3 18 0 0 31 34 4 10 0 0 13 0 0 0 0 0 0 0 0 0 0 0 0 0 0 0 0 0 0 5 0 0 0 0 10 26 12 4 0 0 0 0 0 0 0 0 0 0 5 0 0 4 52 24 23 26 26 6 0 0 0 0 0 0 0 0 0 0 0 0 0 0 0 0 0 0 0 0 0 0 0 0 0
3 0 0 0 36 0 0 11 0 0 0 9 6 42 8 0 25 20 22 47 50 49 8 31 10 0 0 0 0 0 0 0 0 0 0 0 0 0 0 0 0 0 21 12 5 10 0 0 10 8 0 0 0 0 0 0 0 0 0 0 0 0 0 0 0 2 2 2 0 0 0 0 0 0 0 0 0 0 0 0 0 0 8 13 0 0 0 0 0 0 0 0 0 0 0 0
18 0 0 0 0 0 0 5 8 0 0 22 0 0 0 0 0 0 0 2 9 13 0 1 17 0 0 0 0 0 0 0 0 0 0 0 0 0 0 0 0 0 3 14 11 12 0 0 0 0 0 0 0 0 0 0 0 0 0 0 0 0 0 0 0 0 0 0 0 0 0 0 0 0 0 0 0 0 0 0 0 2 11 8 0 0 0 0 0 0 0 0 0 0 0 0
34 0 0 0 0 0 0 0 4 0 0 0 0 0 0 0 0 0 0 0 0 0 0 0 0 0 0 0 0 0 0 0 0 0 0 0 0 0 0 0 0 0 0 0 0 0 0 0 0 0 0 0 0 0 0 0 0 0 0 0 0 0 0 0 0 0 0 0 0 0 0 0 0 0 0 0 0 0 0 0 0 0 0 0 0 0 0 0 0 0 0 0 0 0 0 0
5 0 0 0 0 0 0 0 0 0 0 0 0 0 0 0 0 0 0 0 0 0 0 0 0 0 0 15 10 0 0 0 0 0 0 0 0 0 0 0 0 0 0 0 0 0 0 0 0 0 0 0 0 0 0 0 0 0 0 0 0 0 0 0 0 0 0 0 0 0 0 0 0 0 0 0 0 0 0 0 0 0 0 0 0 0 0 0 0 0 0 0 0 0 0 0
10 3 7 6 0 0 0 0 0 0 0 0 0 0 0 0 0 0 0 0 0 0 0 0 0 0 0 35 7 0 0 0 0 0 0 0 0 0 0 2 0 26 4 0 0 0 0 0 0 0 0 0 0 0 0 0 0 0 0 0 0 0 0 0 0 0 0 0 0 0 0 0 0 0 0 0 0 0 0 0 0 0 0 0 0 0 0 0 0 0 0 0 0 0 0 0
22 29 0 0 0 0 0 0 5 0 0 0 32 0 0 0 0 0 0 0 0 0 0 0 0 0 6 8 0 0 0 0 0 0 0 0 0 0 0 24 18 0 0 0 0 0 0 0 0 0 0 0 0 0 0 0 0 0 0 0 0 0 0 0 0 0 0 0 0 0 0 0 0 0 0 0 0 0 0 0 0 0 0 0 0 0 0 0 0 0 0 0 0 0 0 0
1 1 0 0 0 0 0 0 20 0 0 14 33 26 0 0 0 0 0 0 0 0 0 0 0 0 0 16 0 0 0 0 0 0 0 0 0 0 0 0 0 0 0 0 0 0 0 0 0 0 0 0 0 0 0 0 0 2 0 0 0 0 0 2 0 0 0 0 0 0 0 0 0 0 0 0 0 0 0 0 0 0 0 0 0 0 0 0 0 0 0 0 0 0 0 0
0 0 0 0 0 0 0 0 11 2 0 0 33 14 0 17 30 1 0 0 0 0 0 0 0 0 6 8 0 0 0 0 0 0 0 0 0 0 0 0 0 0 0 0 0 0 0 0 0 0 0 0 0 0 0 2 0 16 0 0 6 0 0 12 0 0 0 0 0 0 0 0 0 0 0 0 0 0 0 0 0 0 0 0 0 0 0 0 0 0 0 0 0 0 0 0
0 0 0 0 0 0 0 0 0 0 1 33 0 2 22 23 45 22 25 0 0 0 0 0 0 0 0 0 0 0 0 0 0 0 0 0 0 0 0 0 0 0 0 0 0 0 0 0 0 0 0 0 0 0 1 25 40 34 0 2 26 0 0 0 0 0 0 0 0 0 0 0 0 0 0 0 0 0 0 0 0 0 17 0 0 0 0 52 2 0 0 0 0 0 0 0
0 0 0 0 2 0 0 0 0 6 32 31 0 0 2 0 1 13 20 0 0 0 0 0 0 0 0 0 0 0 0 0 0 0 0 0 0 0 0 0 0 0 0 0 0 0 0 0 0 0 0 0 0 14 23 17 22 2 0 18 14 0 25 1 0 0 0 0 0 0 20 0 0 0 0 0 0 0 0 0 0 2 39 0 0 12 8 61 20 4 0 0 0 0 0 0
0 0 0 0 46 2 0 0 0 0 3 43 35 0 26 0 0 3 0 0 0 0 0 0 9 2 0 0 0 14 21 10 0 0 0 2 0 14 9 0 0 0 0 0 0 0 0 0 0 0 0 0 0 1 34 7 0 0 0 0 6 0 1 0 12 0 0 0 0 6 8 0 0 0 0 0 0 0 0 0 0 53 25 0 0 0 0 40 0 25 0 0 0 0 0 0
0 0 0 0 14 0 0 0 0 0 24 37 0 33 0 0 0 22 0 0 0 0 0 0 8 0 0 8 19 9 34 18 0 0 0 32 0 0 8 0 0 0 0 0 0 0 15 4 0 0 0 0 0 0 16 0 0 0 0 0 0 0 2 12 38 12 0 0 0 0 0 0 0 0 0 0 0 0 0 0 0 1 0 0 0 0 0 8 0 2 0 0 0 0 0 0
0 0 0 0 0 0 0 0 0 0 0 1 31 3 22 41 8 0 0 0 0 0 12 6 11 0 4 13 16 5 0 0 0 3 0 9 22 0 0 0 0 0 0 0 0 2 25 36 4 0 0 0 0 0 5 0 0 0 0 0 0 0 14 22 38 8 0 0 0 0 0 0 0 0 0 0 0 0 0 0 0 0 0 0 0 0 0 0 0 0 0 0 0 0 0 0
0 0 0 0 0 0 0 0 0 0 25 14 47 2 32 52 22 13 0 0 1 6 20 15 9 0 0 3 2 0 0 0 0 27 3 0 10 8 0 0 0 0 0 0 1 24 21 21 0 1 0 0 0 0 0 0 0 0 0 0 0 0 0 2 10 0 0 0 0 0 0 0 12 5 0 0 0 0 0 0 0 0 0 0 0 0 0 0 0 0 0 0 0 0 0 0
0 0 0 0 0 0 0 0 1 12 34 1 1 8 31 24 7 0 0 10 15 18 2 0 0 0 0 0 0 0 0 0 0 0 0 5 12 14 6 0 0 0 7 8 2 12 2 0 3 5 0 0 0 0 0 0 0 0 0 0 0 0 0 0 0 0 0 0 0 0 0 0 0 13 0 0 0 0 0 0 0 23 2 0 0 0 0 0 0 0 0 0 0 0 0 0
0 0 0 0 0 0 0 0 12 27 3 0 0 0 14 21 15 17 5 1 4 12 15 20 12 0 0 0 0 0 0 0 0 0 0 0 0 8 11 0 0 6 32 25 3 0 0 0 14 0 0 0 0 0 0 0 0 18 0 0 0 0 1 8 24 29 16 0 0 0 0 0 0 0 0 0 0 0 0 0 0 0 0 0 0 0 0 0 0 0 0 0 0 0 0 0
0 0 0 0 0 0 0 10 0 3 0 0 0 0 0 0 0 3 19 1 0 0 0 0 6 4 0 0 0 5 0 0 0 8 0 0 1 28 14 12 30 20 21 12 0 0 0 0 0 2 8 0 0 0 0 0 24 26 0 1 24 36 19 51 36 12 1 0 0 0 0 0 0 0 0 0 0 0 0 0 0 0 0 0 0 0 0 0 0 0 0 0 0 0 0 0
2 0 0 0 12 22 30 16 48 2 0 0 0 0 4 1 0 0 2 1 0 0 0 0 0 17 36 10 1 24 16 4 22 62 37 16 0 12 12 24 37 15 28 8 0 0 0 0 0 12 24 0 0 0 0 0 50 36 34 67 45 2 0 0 0 0 0 0 0 0 0 0 0 0 0 0 0 0 0 0 0 0 0 0 0 0 0 0 0 0 0 0 0 0 0 0
14 0 10 25 30 32 23 5 54 0 0 0 0 22 15 6 0 0 3 37 34 29 48 21 27 6 14 14 2 4 10 32 27 52 20 6 20 33 22 37 18 36 24 12 12 8 1 12 1 4 8 26 38 0 0 0 13 84 84 56 2 0 0 0 0 0 0 0 0 0 0 0 0 0 29 0 13 5 0 0 0 0 0 0 0 0 0 0 0 0 0 0 0 0 0 0
20 30 20 24 20 35 44 54 30 0 11 34 20 4 0 0 0 0 0 0 0 0 36 48 45 33 40 70 60 24 22 22 32 46 61 64 29 12 18 12 18 32 34 50 32 25 9 47 28 21 48 51 64 38 32 0 0 4 32 20 0 0 0 0 0 0 0 0 0 0 0 0 0 20 33 42 12 0 0 0 0 0 0 10 0 0 0 0 0 0 0 4 0 0 0 0
18 50 26 36 26 23 32 32 32 44 0 32 16 0 0 0 0 0 0 0 0 0 0 0 3 0 2 19 32 7 14 36 11 6 26 30 56 16 16 17 16 10 33 34 42 36 34 30 22 43 40 56 47 57 64 36 22 53 16 0 0 0 0 0 0 0 0 0 0 0 0 0 0 0 0 2 0 0 0 0 22 0 6 4 0 0 14 10 20 22 4 30 5 0 0 0
20 24 30 12 16 11 15 27 11 0 15 0 0 0 0 0 0 0 0 0 0 0 0 0 0 14 10 28 8 5 14 0 3 10 28 64 50 33 36 23 28 38 28 17 20 14 28 25 28 52 46 55 51 16 38 38 33 46 18 0 0 0 0 0 0 0 0 0 0 0 0 0 0 0 0 0 0 0 0 0 12 15 0 20 0 0 0 0 1 27 30 40 21 29 3 0
19 36 3 0 0 29 30 20 51 0 0 0 0 0 1 20 0 0 0 0 0 0 0 0 15 23 22 12 18 15 1 6 64 30 32 42 8 18 32 37 22 24 22 20 39 35 32 14 60 64 40 66 3 31 24 0 0 0 0 0 0 0 0 0 0 0 0 0 0 0 0 0 0 0 0 0 0 0 0 0 0 0 0 0 2 0 0 0 0 0 0 16 3 7 2 0
16 6 0 0 5 16 28 12 0 0 0 0 0 0 20 5 0 0 0 0 0 0 0 0 0 0 0 0 0 7 18 33 54 34 51 23 34 48 24 24 32 42 32 32 38 13 39 69 9 40 50 38 10 0 0 0 0 0 0 0 0 0 0 0 0 0 0 0 0 0 0 0 0 0 0 0 0 29 0 0 0 0 0 0 0 0 0 0 0 0 0 0 0 0 0 0
0 0 0 0 34 22 28 7 0 0 0 0 0 27 2 0 0 0 0 0 0 0 10 32 32 12 46 32 28 38 41 0 0 30 50 51 54 32 35 43 50 30 55 66 68 37 32 54 49 34 50 12 0 0 0 0 0 0 0 17 6 0 0 0 0 26 6 0 0 0 0 0 0 0 21 10 0 32 0 0 0 0 0 0 0 0 2 0 0 0 0 0 0 0 0 0
10 2 5 8 63 10 18 0 0 0 28 14 6 18 2 0 0 0 0 12 17 7 48 51 39 28 62 74 50 16 11 22 28 32 42 53 30 30 56 48 40 22 0 0 0 21 36 9 18 59 38 0 0 0 0 0 0 0 0 11 0 0 0 0 0 0 0 0 0 0 0 0 0 0 4 0 0 0 0 0 0 0 0 0 0 0 46 3 0 0 0 0 0 0 7 0
32 16 45 40 16 3 14 2 3 13 2 1 11 54 60 46 9 0 0 7 4 14 10 44 8 37 23 13 26 42 3 61 43 31 56 52 26 4 0 0 0 0 0 0 1 35 48 12 9 2 0 0 0 0 0 0 0 0 0 4 0 0 0 0 0 0 0 0 0 0 0 0 0 0 0 0 0 0 0 0 0 0 0 0 0 0 4 8 0 0 0 0 0 0 49 0
