data/habitatmaps/RS_maps/habitat_Regulus.regulus_2012.asc
NCOLS 369 
NROWS 228 
XLLCORNER 479000 
YLLCORNER 73000 
CELLSIZE 1000 
NODATA_value -9 
[rows 0 to 62 of 228, columns 96 to 191 of 369]
-9 -9 -9 -9 -9 -9 -9 -9 -9 -9 -9 -9 -9 -9 -9 -9 -9 -9 -9 -9 -9 -9 -9 -9 -9 -9 -9 -9 -9 -9 -9 -9 -9 -9 -9 -9 -9 -9 -9 -9 -9 -9 -9 -9 -9 -9 -9 -9 -9 -9 -9 -9 -9 -9 -9 -9 -9 -9 -9 -9 -9 -9 -9 -9 -9 -9 -9 -9 -9 -9 -9 -9 -9 -9 -9 -9 -9 -9 -9 -9 -9 -9 -9 -9 -9 -9 -9 -9 -9 -9 -9 -9 -9 -9 42 69
-9 -9 -9 -9 -9 -9 -9 -9 -9 -9 -9 -9 -9 -9 -9 -9 -9 -9 -9 -9 -9 -9 -9 -9 -9 -9 -9 -9 -9 -9 -9 -9 -9 -9 -9 -9 -9 -9 -9 -9 -9 -9 -9 -9 -9 -9 -9 -9 -9 -9 -9 -9 -9 -9 -9 -9 -9 -9 -9 -9 -9 -9 -9 -9 -9 -9 -9 -9 -9 -9 -9 -9 -9 -9 -9 -9 -9 -9 -9 -9 -9 -9 -9 -9 -9 -9 -9 -9 -9 -9 -9 -9 -9 46 42 69
-9 -9 -9 -9 -9 -9 -9 -9 -9 -9 -9 -9 -9 -9 -9 -9 -9 -9 -9 -9 -9 -9 -9 -9 -9 -9 -9 -9 -9 -9 -9 -9 -9 -9 -9 -9 -9 -9 -9 -9 -9 -9 -9 -9 -9 -9 -9 -9 -9 -9 -9 -9 -9 -9 -9 -9 -9 -9 -9 -9 -9 -9 -9 -9 -9 -9 -9 -9 -9 -9 -9 -9 -9 -9 -9 -9 -9 -9 -9 -9 -9 -9 -9 -9 -9 -9 -9 -9 -9 -9 -9 -9 -9 25 61 82
-9 -9 -9 -9 -9 -9 -9 -9 -9 -9 -9 -9 -9 -9 -9 -9 -9 -9 -9 -9 -9 -9 -9 -9 -9 -9 -9 -9 -9 -9 -9 -9 -9 -9 -9 -9 -9 -9 -9 -9 -9 -9 -9 -9 -9 -9 -9 -9 -9 -9 -9 -9 -9 -9 -9 -9 -9 -9 -9 -9 -9 -9 -9 -9 -9 -9 -9 -9 -9 -9 -9 -9 -9 -9 -9 -9 -9 -9 -9 -9 -9 -9 -9 -9 -9 -9 -9 -9 -9 -9 -9 -9 10 14 46 48
-9 -9 -9 -9 -9 -9 -9 -9 -9 -9 -9 -9 -9 -9 -9 -9 -9 -9 -9 -9 -9 -9 -9 -9 -9 -9 -9 -9 -9 -9 -9 -9 -9 -9 -9 -9 -9 -9 -9 -9 -9 -9 -9 -9 -9 -9 -9 -9 -9 -9 -9 -9 -9 -9 -9 -9 -9 -9 -9 -9 -9 -9 -9 -9 -9 -9 -9 -9 -9 -9 -9 -9 -9 -9 -9 -9 -9 -9 -9 -9 -9 -9 -9 -9 -9 -9 -9 -9 -9 -9 -9 15 0 0 0 2
-9 -9 -9 -9 -9 -9 -9 -9 -9 -9 -9 -9 -9 -9 -9 -9 -9 -9 -9 -9 -9 -9 -9 -9 -9 -9 -9 -9 -9 -9 -9 -9 -9 -9 -9 -9 -9 -9 -9 -9 -9 -9 -9 -9 -9 -9 -9 -9 -9 -9 -9 -9 -9 -9 -9 -9 -9 -9 -9 -9 -9 -9 -9 -9 -9 -9 -9 -9 -9 -9 -9 -9 -9 -9 -9 -9 -9 -9 -9 -9 -9 -9 -9 -9 -9 -9 -9 -9 -9 -9 -9 60 0 0 61 35
-9 -9 -9 -9 -9 -9 -9 -9 -9 -9 -9 -9 -9 -9 -9 -9 -9 -9 -9 -9 -9 -9 -9 -9 -9 -9 -9 -9 -9 -9 -9 -9 -9 -9 -9 -9 -9 -9 -9 -9 -9 -9 -9 -9 -9 -9 -9 -9 -9 -9 -9 -9 -9 -9 -9 -9 -9 -9 -9 -9 -9 -9 -9 -9 -9 -9 -9 -9 -9 -9 -9 -9 -9 -9 -9 -9 -9 -9 -9 -9 -9 -9 -9 -9 -9 -9 -9 -9 -9 -9 75 97 26 0 7 9
-9 -9 -9 -9 -9 -9 -9 -9 -9 -9 -9 -9 -9 -9 -9 -9 -9 -9 -9 -9 -9 -9 -9 -9 -9 -9 -9 -9 -9 -9 -9 -9 -9 -9 -9 -9 -9 -9 -9 -9 -9 -9 -9 -9 -9 -9 -9 -9 -9 -9 -9 -9 -9 -9 -9 -9 -9 -9 -9 -9 -9 -9 -9 -9 -9 -9 -9 -9 -9 -9 -9 -9 -9 -9 -9 -9 -9 -9 -9 -9 -9 -9 -9 -9 -9 -9 -9 -9 -9 76 93 100 48 4 58 33
-9 -9 -9 -9 -9 -9 -9 -9 -9 -9 -9 -9 -9 -9 -9 -9 -9 -9 -9 -9 -9 -9 -9 -9 -9 -9 -9 -9 -9 -9 -9 -9 -9 -9 -9 -9 -9 -9 -9 -9 -9 -9 -9 -9 -9 -9 -9 -9 -9 -9 -9 -9 -9 -9 -9 -9 -9 -9 -9 -9 -9 -9 -9 -9 -9 -9 -9 -9 -9 -9 -9 -9 -9 -9 -9 -9 -9 -9 -9 -9 -9 -9 -9 -9 -9 -9 -9 -9 100 100 100 100 42 15 73 22
-9 -9 -9 -9 -9 -9 -9 -9 -9 -9 -9 -9 -9 -9 -9 -9 -9 -9 -9 -9 -9 -9 -9 -9 -9 -9 -9 -9 -9 -9 -9 -9 -9 -9 -9 -9 -9 -9 -9 -9 -9 -9 -9 -9 -9 -9 -9 -9 -9 -9 -9 -9 -9 -9 -9 -9 -9 -9 -9 -9 -9 -9 -9 -9 -9 -9 -9 -9 -9 -9 -9 -9 -9 -9 -9 -9 -9 -9 -9 -9 -9 -9 -9 -9 -9 -9 -9 -9 86 100 100 100 84 0 0 0
-9 -9 -9 -9 -9 -9 -9 -9 -9 -9 -9 -9 -9 -9 -9 -9 -9 -9 -9 -9 -9 -9 -9 -9 -9 -9 -9 -9 -9 -9 -9 -9 -9 -9 -9 -9 -9 -9 -9 -9 -9 -9 -9 -9 -9 -9 -9 -9 -9 -9 -9 -9 -9 -9 -9 -9 -9 -9 -9 -9 -9 -9 -9 -9 -9 -9 -9 -9 -9 -9 -9 -9 -9 -9 -9 -9 -9 -9 -9 -9 -9 -9 -9 -9 -9 -9 -9 47 74 91 96 100 100 9 0 0
-9 -9 -9 -9 -9 -9 -9 -9 -9 -9 -9 -9 -9 -9 -9 -9 -9 -9 -9 -9 -9 -9 -9 -9 -9 -9 -9 -9 -9 -9 -9 -9 -9 -9 -9 -9 -9 -9 -9 -9 -9 -9 -9 -9 -9 -9 -9 -9 -9 -9 -9 -9 -9 -9 -9 -9 -9 -9 -9 -9 -9 -9 -9 -9 -9 -9 -9 -9 -9 -9 -9 -9 -9 -9 -9 -9 -9 -9 -9 -9 -9 -9 -9 -9 -9 -9 24 40 76 37 0 30 91 12 0 0
-9 -9 -9 -9 -9 -9 -9 -9 -9 -9 -9 -9 -9 -9 -9 -9 -9 -9 -9 -9 -9 -9 -9 -9 -9 -9 -9 -9 -9 -9 -9 -9 -9 -9 -9 -9 -9 -9 -9 -9 -9 -9 -9 -9 -9 -9 -9 -9 -9 -9 -9 -9 -9 -9 -9 -9 -9 -9 -9 -9 -9 -9 -9 -9 -9 -9 -9 -9 -9 -9 -9 -9 -9 -9 -9 -9 -9 -9 -9 -9 -9 -9 -9 -9 -9 -9 24 77 54 28 7 46 100 24 12 0
-9 -9 -9 -9 -9 -9 -9 -9 -9 -9 -9 -9 -9 -9 -9 -9 -9 -9 -9 -9 -9 -9 -9 -9 -9 -9 -9 -9 -9 -9 -9 -9 -9 -9 -9 -9 -9 -9 -9 -9 -9 -9 -9 -9 -9 -9 -9 -9 -9 -9 -9 -9 -9 -9 -9 -9 -9 -9 -9 -9 -9 -9 -9 -9 -9 -9 -9 -9 -9 -9 -9 -9 -9 -9 -9 -9 -9 -9 -9 -9 -9 -9 -9 -9 -9 -9 49 97 75 92 74 88 79 66 92 25
-9 -9 -9 -9 -9 -9 -9 -9 -9 -9 -9 -9 -9 -9 -9 -9 -9 -9 -9 -9 -9 -9 -9 -9 -9 -9 -9 -9 -9 -9 -9 -9 -9 -9 -9 -9 -9 -9 -9 -9 -9 -9 -9 -9 -9 -9 -9 -9 -9 -9 -9 -9 -9 -9 -9 -9 -9 -9 -9 -9 -9 -9 -9 -9 -9 -9 -9 -9 -9 -9 -9 -9 -9 -9 -9 -9 -9 -9 -9 -9 71 74 77 39 38 75 68 58 44 34 71 7 75 37 32 15
-9 -9 -9 -9 -9 -9 -9 -9 -9 -9 -9 -9 -9 -9 -9 -9 -9 -9 -9 -9 -9 -9 -9 -9 -9 -9 -9 -9 -9 -9 -9 -9 -9 -9 -9 -9 -9 -9 -9 -9 -9 -9 -9 -9 -9 -9 -9 -9 -9 -9 -9 -9 -9 -9 -9 -9 -9 -9 -9 -9 -9 -9 -9 -9 -9 -9 -9 -9 -9 -9 -9 -9 -9 -9 -9 -9 62 90 10 22 24 24 61 60 6 91 77 12 0 0 8 0 37 8 0 0
-9 -9 -9 -9 -9 -9 -9 -9 -9 -9 -9 -9 -9 -9 -9 -9 -9 -9 -9 -9 -9 -9 -9 -9 -9 -9 -9 -9 -9 -9 -9 -9 -9 -9 -9 -9 -9 -9 -9 -9 -9 -9 10 23 34 26 -9 -9 -9 -9 -9 -9 -9 -9 -9 -9 -9 -9 -9 -9 -9 -9 -9 -9 -9 -9 -9 -9 -9 -9 -9 -9 -9 -9 -9 76 62 65 29 70 55 76 76 100 40 58 72 48 0 8 4 0 34 6 13 0
-9 -9 -9 -9 -9 -9 -9 -9 -9 -9 -9 -9 -9 -9 -9 -9 -9 -9 -9 -9 -9 -9 -9 -9 -9 -9 -9 -9 -9 -9 -9 -9 -9 -9 -9 0 0 0 0 0 0 6 10 10 5 8 1 53 5 40 -9 -9 -9 -9 -9 -9 -9 -9 -9 -9 -9 -9 -9 -9 -9 -9 -9 -9 -9 -9 -9 -9 -9 39 36 77 76 26 46 68 71 85 82 73 65 13 0 73 36 61 44 3 0 19 27 14
-9 -9 -9 -9 -9 -9 -9 -9 -9 -9 -9 -9 -9 -9 -9 -9 -9 -9 -9 -9 -9 -9 -9 -9 -9 -9 -9 -9 -9 -9 -9 0 0 0 0 0 0 0 0 0 0 0 0 0 32 0 0 3 0 20 33 -9 79 28 32 38 15 41 81 41 46 0 -9 -9 -9 -9 -9 -9 -9 -9 -9 -9 100 23 17 55 85 18 53 78 100 90 46 26 87 8 3 66 26 2 10 29 0 41 32 18
-9 -9 -9 -9 -9 -9 -9 -9 -9 -9 -9 -9 -9 -9 -9 -9 -9 -9 -9 -9 -9 -9 -9 -9 -9 -9 -9 -9 -9 -9 0 0 0 0 0 0 0 0 0 0 0 0 0 0 40 30 8 15 17 0 0 3 47 30 27 9 6 61 73 29 40 2 22 92 100 100 -9 -9 -9 -9 98 72 100 68 20 67 92 66 24 66 79 22 0 9 53 48 51 22 0 0 21 13 0 38 43 0
-9 -9 -9 -9 -9 -9 -9 -9 -9 -9 -9 -9 -9 -9 -9 -9 -9 -9 -9 -9 -9 -9 -9 -9 -9 -9 -9 -9 0 0 0 0 0 0 0 0 0 0 0 0 0 0 0 0 0 25 21 1 0 0 0 0 17 0 0 0 0 0 31 64 45 35 78 100 99 66 31 -9 -9 38 27 5 22 82 33 96 100 53 8 4 14 27 16 63 9 15 11 0 0 0 0 2 21 35 23 2
-9 -9 -9 -9 -9 -9 -9 -9 -9 -9 -9 -9 -9 -9 -9 -9 -9 -9 -9 -9 -9 -9 -9 -9 -9 -9 -9 0 0 0 0 0 0 0 0 0 0 0 0 0 0 0 6 8 15 11 42 38 0 6 12 0 29 0 0 0 24 45 81 13 14 69 100 100 95 20 1 36 40 56 4 2 0 29 81 99 87 16 9 0 1 15 18 44 0 0 17 70 54 5 0 37 1 0 0 0
-9 -9 -9 -9 -9 -9 -9 -9 -9 -9 -9 -9 -9 -9 -9 -9 -9 -9 -9 -9 -9 -9 -9 -9 -9 0 0 0 0 0 0 0 0 0 0 0 0 0 0 0 0 3 37 24 41 21 0 62 29 1 43 5 26 0 0 0 20 20 9 51 72 29 57 83 84 50 15 33 19 30 90 81 34 51 93 20 23 0 0 0 0 0 0 2 15 6 0 26 7 0 5 56 15 0 0 4
-9 -9 -9 -9 -9 -9 -9 -9 -9 -9 -9 -9 -9 -9 -9 -9 -9 -9 -9 -9 -9 -9 -9 -9 0 0 0 22 0 0 0 4 5 0 0 0 0 0 0 0 0 0 0 0 16 29 5 24 11 0 0 2 3 0 0 0 60 12 8 9 51 67 63 41 75 11 28 65 68 80 86 10 12 74 92 42 10 0 0 0 0 0 0 0 0 26 21 0 0 2 7 0 0 0 0 30
-9 -9 -9 -9 -9 -9 -9 -9 -9 -9 -9 -9 -9 -9 -9 -9 -9 -9 -9 -9 -9 -9 -9 0 0 0 0 3 0 0 0 0 11 16 0 0 0 0 0 0 0 0 0 0 0 0 0 0 0 0 1 5 0 4 19 0 33 62 54 4 15 60 70 40 34 5 12 46 34 100 67 31 2 18 44 19 29 0 0 0 0 27 9 65 16 0 0 0 0 22 1 54 4 0 1 39
-9 -9 -9 -9 -9 -9 -9 -9 -9 -9 -9 -9 -9 -9 -9 -9 -9 -9 -9 -9 -9 -9 0 0 0 0 0 0 0 0 0 0 0 0 0 0 0 0 0 0 0 0 0 0 0 0 0 0 0 0 0 21 10 0 7 32 48 37 50 2 0 15 29 0 32 2 0 1 75 72 24 15 47 34 48 47 0 0 0 0 1 2 0 0 27 0 0 0 0 0 0 0 1 16 44 21
-9 -9 -9 -9 -9 -9 -9 -9 -9 -9 -9 -9 -9 -9 -9 -9 -9 -9 -9 -9 -9 0 0 0 0 0 0 0 0 0 0 0 0 0 0 0 0 0 0 0 0 0 0 0 0 0 0 20 0 0 0 10 49 1 30 39 7 17 13 0 9 58 36 0 55 42 0 2 30 34 40 13 38 8 7 1 0 0 0 0 13 26 0 0 0 0 0 0 0 0 0 0 0 2 27 2
0 0 0 0 -9 -9 -9 -9 -9 -9 -9 -9 -9 -9 -9 -9 -9 -9 -9 -9 0 0 0 0 0 0 0 0 0 0 0 0 0 0 0 0 0 0 0 0 0 0 0 0 0 0 0 17 0 0 0 0 21 34 58 12 0 0 0 0 6 36 22 0 0 53 56 48 21 51 65 87 66 76 40 0 0 0 0 0 0 0 29 42 2 0 32 30 3 0 0 0 0 0 0 0
0 0 0 31 15 0 0 0 0 -9 -9 -9 -9 -9 -9 -9 -9 -9 -9 -9 0 0 0 0 0 0 0 0 0 0 0 0 0 0 0 0 0 0 0 0 0 0 0 0 0 0 0 0 0 0 0 0 17 28 37 0 37 25 0 0 24 10 17 0 0 24 43 81 73 90 33 37 15 26 39 0 0 0 0 0 0 0 32 53 32 16 40 54 21 0 0 0 0 0 0 0
0 0 0 3 0 13 38 0 0 0 0 0 0 -9 -9 -9 -9 -9 -9 0 0 0 0 0 0 0 0 0 0 0 0 0 0 0 0 0 0 0 0 0 0 0 0 0 0 0 0 0 0 0 0 0 0 5 28 0 27 64 0 0 12 2 35 38 42 76 21 43 85 28 10 54 0 1 8 0 0 0 2 13 2 11 20 71 17 25 10 66 52 0 0 0 0 0 5 0
4 0 0 0 0 17 8 0 0 0 0 0 0 0 -9 -9 -9 -9 0 0 0 0 0 0 0 0 0 0 0 0 0 0 0 0 0 0 0 0 0 0 0 0 0 0 0 0 0 0 0 0 0 0 0 12 60 3 16 62 45 18 0 41 93 44 42 43 44 74 11 0 12 33 15 30 0 0 44 54 73 100 54 84 35 16 2 3 5 4 94 35 0 0 0 23 36 0
0 0 0 0 0 0 0 0 0 0 0 0 0 0 0 0 0 0 0 0 0 0 0 0 0 0 0 0 0 0 0 0 0 0 0 0 0 0 0 0 0 0 0 0 0 0 0 0 0 0 0 0 0 32 62 48 45 76 90 96 23 58 90 49 32 46 1 53 54 6 42 13 12 18 0 20 81 56 60 26 69 75 35 18 29 1 0 0 61 98 61 0 0 12 39 0
0 0 0 0 0 0 0 0 0 0 0 0 0 0 0 0 0 0 0 0 0 0 0 0 0 0 0 0 0 0 2 2 0 0 0 0 0 0 0 0 0 0 0 0 0 0 0 0 0 0 0 0 1 63 9 0 0 0 0 9 22 38 100 71 29 73 39 3 83 46 2 7 4 1 8 95 59 40 6 0 43 59 44 30 68 13 11 12 0 53 72 51 49 23 21 4
0 0 0 0 0 0 0 0 0 0 0 0 0 0 0 0 0 0 0 0 0 0 0 0 0 0 0 0 0 0 12 10 0 0 0 0 0 0 0 0 0 0 0 0 0 0 0 0 0 0 0 0 7 99 43 0 0 0 0 32 0 12 31 2 0 3 36 31 81 19 0 1 80 75 80 69 66 0 0 0 6 64 29 79 16 67 11 11 18 42 23 38 60 82 19 27
0 0 0 0 0 0 0 0 0 0 25 2 0 0 0 0 0 0 0 0 0 0 0 0 0 0 0 0 0 0 0 0 0 0 0 0 0 0 0 1 3 16 0 0 0 0 0 0 0 0 1 8 20 45 0 0 0 0 19 14 0 0 0 0 0 0 2 58 31 18 1 33 48 100 66 32 34 0 0 0 0 0 34 54 59 85 21 5 0 39 75 50 39 25 66 26
0 0 0 0 0 0 0 0 0 0 3 0 0 0 0 0 0 3 22 0 0 0 0 0 0 0 0 0 0 0 21 30 6 8 0 0 0 0 0 31 94 45 0 0 0 0 0 0 22 66 78 100 80 94 70 47 51 21 65 93 75 35 66 20 0 0 0 78 100 64 8 24 23 51 2 12 9 0 0 36 34 52 78 61 51 75 0 0 0 24 68 5 79 100 97 11
0 0 0 0 0 0 0 0 0 0 0 0 0 0 0 0 0 0 5 0 0 0 0 0 0 0 0 0 0 0 17 47 70 51 0 0 0 0 2 1 35 0 0 0 0 0 0 2 83 93 89 97 45 6 19 18 14 23 49 39 60 64 13 30 55 33 7 46 42 84 17 19 33 6 6 0 0 26 32 91 49 61 86 13 48 50 19 30 10 33 0 0 30 79 78 12
0 0 0 15 6 9 0 0 0 0 0 0 0 0 0 0 0 0 0 0 0 0 0 0 0 0 0 0 0 0 0 1 10 0 0 0 0 0 18 32 0 0 0 0 0 16 0 2 65 62 3 5 1 0 0 1 36 82 60 0 6 7 48 11 15 28 37 6 7 22 33 14 38 62 93 69 42 1 16 54 55 50 92 20 13 35 98 98 98 81 15 3 0 11 2 35
0 0 0 7 20 0 0 0 0 0 0 0 0 0 0 0 0 0 0 0 0 0 0 0 0 0 0 0 0 0 0 0 0 0 0 0 11 0 24 73 12 18 0 0 0 8 0 29 4 0 0 19 22 29 19 57 49 0 30 69 34 0 0 14 0 47 42 52 0 0 35 16 35 54 7 27 45 6 5 54 48 4 2 0 0 16 89 58 95 100 98 21 1 45 3 7
0 0 0 0 0 0 0 0 14 6 0 0 41 29 0 0 45 26 17 8 0 0 0 0 58 0 0 0 0 0 0 0 0 0 1 23 50 0 0 3 54 75 34 0 0 0 0 0 50 0 52 14 80 66 10 8 13 0 10 62 48 3 0 10 33 4 8 15 0 0 35 34 0 0 20 41 82 87 54 28 58 30 35 67 42 0 0 20 48 90 96 4 0 17 17 0
0 0 0 0 0 0 33 0 15 0 0 1 17 0 0 0 37 76 90 91 40 3 0 14 47 12 0 0 0 0 0 0 0 0 16 75 19 0 0 0 55 14 49 41 0 0 0 83 100 54 39 17 38 4 0 54 42 24 33 36 6 0 0 48 100 40 0 0 2 29 42 1 38 0 6 0 43 24 23 31 72 26 100 61 6 4 0 0 0 6 34 27 6 0 6 5
27 0 4 62 57 83 63 0 0 0 0 18 0 0 0 0 4 36 80 91 8 0 0 0 0 0 0 45 18 10 13 0 0 0 0 1 0 0 0 10 91 41 97 58 58 46 13 12 49 96 82 96 16 42 43 9 54 52 8 0 31 33 59 18 27 27 10 32 74 39 42 16 29 0 30 77 27 50 50 12 43 22 13 0 27 47 72 33 9 5 1 11 16 22 56 42
21 9 0 3 78 88 2 26 0 11 43 32 0 0 0 0 24 7 0 22 25 25 0 10 12 0 0 23 6 0 0 0 12 0 0 0 0 0 0 6 26 1 3 0 23 77 64 10 25 42 83 58 1 51 93 19 18 6 0 0 28 100 100 61 32 0 24 75 43 46 20 2 35 0 57 65 16 59 73 18 29 65 0 6 22 15 75 38 67 50 0 0 0 18 76 77
16 0 0 22 74 88 6 41 17 40 34 44 0 0 0 16 99 87 45 11 0 5 0 7 0 20 1 0 0 22 37 31 93 56 59 18 0 7 29 50 40 38 39 16 27 58 31 37 50 7 21 2 2 30 38 0 0 0 0 0 66 54 68 79 38 2 22 36 33 40 12 0 70 45 61 59 60 41 52 41 86 65 28 8 54 23 35 11 50 66 10 0 0 29 80 87
0 0 0 36 54 54 1 0 67 23 0 0 0 86 66 8 51 69 47 49 38 7 1 2 21 21 38 78 99 82 79 90 71 31 15 10 0 8 52 76 33 5 0 32 73 16 17 19 73 87 92 84 17 29 0 0 0 12 53 61 25 57 38 93 77 38 0 0 4 46 42 2 31 57 51 48 59 16 0 29 28 13 17 28 77 4 21 7 43 100 17 0 0 37 73 9
0 0 6 32 93 65 10 22 5 0 39 27 35 67 78 44 16 8 22 90 55 96 94 78 84 97 100 92 81 88 27 46 38 20 56 39 0 0 77 32 0 0 0 29 35 77 52 25 46 23 92 33 21 48 10 38 68 75 30 94 33 65 11 17 25 74 14 0 43 80 54 10 53 68 2 2 20 2 0 1 33 0 15 1 0 38 44 27 53 71 89 29 6 21 59 0
15 32 67 37 70 74 0 10 27 8 28 41 17 97 62 22 24 1 0 0 7 38 88 98 78 93 85 74 65 75 82 51 52 43 22 43 0 19 70 20 13 0 0 26 31 76 40 22 69 70 88 1 0 45 68 28 86 89 9 9 0 12 15 0 3 84 95 24 20 0 3 0 0 4 4 7 4 44 1 24 98 53 0 1 0 20 44 20 2 29 100 89 10 48 0 32
0 0 42 1 29 75 4 55 87 60 25 27 47 67 62 34 42 12 60 57 63 87 97 66 52 25 10 64 7 21 62 11 18 60 49 0 2 43 84 50 33 0 0 0 0 22 57 51 42 54 59 8 13 57 7 43 85 31 0 0 0 0 0 24 13 28 25 50 24 0 0 0 0 5 59 0 4 36 40 2 24 71 20 18 76 51 79 32 5 37 52 71 78 9 0 30
0 0 2 0 0 12 0 24 88 44 31 89 97 36 38 67 24 33 68 61 70 53 18 4 0 0 21 17 0 0 0 14 0 14 40 0 0 0 52 49 12 0 0 0 16 28 79 44 1 0 6 46 42 62 3 26 24 69 5 0 0 0 20 25 50 75 81 65 0 0 0 0 0 25 73 41 53 3 14 0 13 42 90 40 5 31 21 25 61 18 0 23 77 89 3 0
12 0 0 0 37 0 0 32 77 46 94 65 33 9 33 19 45 36 38 15 54 38 13 1 17 32 8 45 28 6 0 0 0 21 94 56 13 0 0 17 77 7 0 0 25 13 31 11 0 36 26 10 1 26 0 13 12 21 0 0 6 68 22 13 46 66 48 39 5 2 0 0 0 3 65 61 36 34 27 25 0 8 51 41 7 24 4 0 6 66 12 4 75 51 44 0
0 0 0 0 46 35 48 47 99 92 100 51 2 11 35 57 62 24 2 0 43 59 66 9 12 59 25 3 59 6 0 0 0 46 45 84 27 18 2 40 33 60 18 0 0 6 50 21 5 10 0 4 21 65 16 10 74 74 65 39 75 64 80 17 49 71 36 0 32 99 27 0 0 37 94 70 2 57 97 24 13 81 53 23 83 70 77 38 1 15 0 0 2 62 99 50
0 0 2 39 48 55 40 67 52 41 1 4 47 16 64 62 68 52 52 41 46 27 44 37 69 75 44 60 86 43 1 0 1 35 58 59 82 36 62 40 5 58 0 15 40 32 60 45 17 56 44 36 51 50 11 4 26 60 45 27 55 98 78 22 22 15 39 3 51 68 2 0 0 45 56 41 1 26 46 3 12 48 13 3 41 26 36 68 42 0 33 3 0 48 79 17
31 3 0 14 40 62 73 90 43 32 17 15 18 26 68 87 98 50 9 38 34 65 53 73 72 89 62 42 80 48 73 8 16 46 65 19 13 0 8 6 29 2 52 72 69 83 57 50 33 63 91 40 12 55 24 46 77 14 0 29 57 43 7 0 0 16 70 0 0 0 0 15 3 0 4 15 0 0 0 0 0 17 69 0 0 0 0 33 54 0 66 25 3 8 41 44
80 32 71 74 71 59 53 28 43 72 38 11 14 92 77 57 55 11 44 60 91 100 63 40 54 45 4 0 0 0 26 5 15 8 10 24 44 78 60 70 54 13 33 50 57 72 91 27 73 64 41 42 33 48 36 42 13 0 0 9 34 31 11 0 9 43 49 0 35 68 9 78 16 5 66 53 67 23 22 12 22 82 46 24 0 10 83 45 46 7 25 13 50 0 0 26
34 3 0 41 38 49 38 51 52 48 78 37 69 87 35 17 3 0 4 0 18 31 23 84 94 100 95 31 38 44 60 31 38 74 62 70 44 79 30 58 3 0 17 0 0 4 30 62 78 24 0 32 53 42 7 28 72 11 0 43 62 27 3 25 65 42 0 23 40 84 50 5 25 13 19 66 100 46 61 69 100 74 44 43 0 0 6 22 30 44 4 0 0 0 0 3
5 13 24 8 9 63 66 45 58 9 56 79 39 19 22 10 0 0 0 0 0 0 0 21 21 30 33 8 8 28 0 53 95 84 63 31 8 31 63 53 53 39 9 0 0 63 46 38 29 48 44 17 35 80 24 41 53 54 66 34 11 18 14 44 2 0 0 0 65 100 41 0 37 99 46 2 17 100 63 9 24 75 71 100 45 1 0 0 0 57 79 61 1 0 0 0
64 43 65 53 13 7 21 0 0 38 74 72 68 16 17 31 0 0 2 10 0 0 0 0 4 23 0 0 0 0 17 75 29 18 66 37 92 64 30 34 36 35 3 14 23 20 35 83 34 30 16 31 97 52 56 95 21 12 0 4 4 60 18 7 8 0 0 8 95 97 10 0 46 88 91 71 14 63 83 1 0 12 5 85 100 65 0 0 0 2 76 100 52 0 0 0
22 8 48 55 65 72 26 0 0 71 65 20 47 0 0 0 0 0 44 41 0 3 31 45 12 32 39 15 5 0 29 60 12 16 41 64 66 49 37 26 23 9 46 63 22 25 45 6 23 17 9 29 79 48 48 7 0 0 0 0 0 0 51 2 12 37 34 49 100 55 0 0 22 65 74 59 13 47 84 0 0 21 21 74 100 100 19 28 0 0 19 93 95 38 9 6
27 10 61 87 62 43 35 0 0 0 0 0 0 7 26 25 0 8 7 9 25 26 65 32 57 64 54 65 70 60 51 85 81 20 47 40 5 10 49 52 42 58 30 34 32 64 68 46 35 25 34 88 78 34 0 0 0 2 0 0 6 24 0 0 3 28 51 43 88 0 0 0 41 100 58 68 21 36 49 0 6 29 24 0 34 81 2 31 17 2 0 14 75 9 22 34
39 46 67 52 15 38 15 0 7 8 14 25 18 80 70 83 46 73 59 78 83 75 47 5 0 3 30 20 42 84 84 62 72 67 58 39 40 21 9 45 5 49 4 44 61 46 62 88 80 38 41 36 2 0 0 0 12 85 89 21 10 20 4 20 24 17 13 58 40 22 0 2 27 79 44 44 45 37 58 1 12 5 0 0 3 41 0 0 39 30 0 0 86 39 30 31
42 68 10 7 45 94 31 0 61 84 97 99 48 60 42 54 91 100 100 93 93 78 90 44 57 52 77 87 74 58 97 39 9 39 18 25 14 38 33 80 3 43 0 0 7 45 51 83 77 57 11 0 0 0 0 0 0 25 15 1 0 0 30 32 35 7 21 49 72 53 38 8 68 91 47 13 17 20 75 50 0 2 0 0 29 0 3 21 11 41 0 0 22 24 6 4
24 32 61 77 45 42 34 13 71 85 69 28 74 6 21 85 97 98 47 25 4 52 72 55 36 49 67 58 51 69 75 20 14 70 31 42 49 30 2 0 0 0 32 50 38 48 52 45 0 0 0 0 0 0 0 15 0 0 0 0 0 0 0 25 66 85 75 20 40 46 73 28 43 71 53 38 4 51 45 90 45 43 17 0 0 43 0 45 70 26 1 0 0 0 0 4
18 89 69 27 69 62 52 60 55 36 38 42 24 84 92 97 54 14 64 69 40 95 64 59 69 61 51 7 5 52 59 83 72 48 22 37 5 0 0 0 0 1 7 0 0 6 16 39 0 0 0 0 6 75 18 57 16 1 22 25 0 0 0 17 42 38 48 59 27 37 29 23 54 3 15 24 35 1 18 26 83 64 0 0 0 7 0 13 42 77 33 0 0 10 4 4
