data/habitatmaps/RS_maps/habitat_Turdus.torquatus_2019.asc
NCOLS 369 
NROWS 228 
XLLCORNER 479000 
YLLCORNER 73000 
CELLSIZE 1000 
NODATA_value -9 
[rows 120 to 179 of 228, columns 96 to 191 of 369]
0 0 0 0 0 0 0 0 0 0 0 13 0 13 0 7 8 22 23 0 3 22 6 37 74 39 66 80 22 0 0 0 0 0 0 0 0 10 6 0 0 63 42 19 5 22 14 58 35 51 60 41 26 9 0 0 37 64 10 26 15 45 86 6 39 1 52 67 43 0 26 60 0 37 4 64 48 37 0 2 67 62 46 0 5 1 74 6 0 25 28 1 0 53 44 5
0 0 0 0 0 0 0 0 0 0 0 21 0 0 0 11 8 5 16 44 76 91 94 98 68 82 94 66 21 0 0 0 0 0 0 0 0 0 0 0 1 33 3 3 37 39 51 56 41 70 68 49 12 2 6 41 48 28 66 44 31 36 20 19 71 19 28 14 31 0 0 49 13 10 0 0 0 0 0 26 55 39 31 4 0 0 7 38 27 0 0 0 12 100 100 99
0 0 0 0 0 0 0 0 0 0 11 21 21 0 0 0 0 40 69 82 76 48 16 51 42 69 65 98 61 0 0 0 0 0 0 0 0 0 0 0 0 0 5 24 62 75 89 45 77 88 44 26 69 65 84 25 31 40 75 15 0 0 0 30 74 0 0 0 3 0 0 0 13 0 0 0 0 0 0 20 11 0 15 50 55 9 0 4 75 60 2 10 66 100 100 100
0 4 3 0 0 0 0 0 0 0 26 60 19 0 0 34 42 91 39 100 87 53 68 75 34 52 55 52 40 13 0 0 0 0 0 0 0 0 0 0 0 27 7 42 48 55 72 62 81 35 35 31 30 60 67 24 84 88 81 23 0 3 70 55 6 0 0 0 0 0 0 0 15 0 0 0 0 0 0 0 0 0 0 0 41 65 0 0 18 47 40 31 58 97 60 29
0 41 3 0 0 0 0 0 0 0 25 4 0 0 15 57 83 58 57 33 3 26 86 97 58 60 74 18 69 74 2 0 0 0 0 0 0 0 0 0 0 7 21 39 30 0 2 6 32 37 29 44 0 50 6 69 89 38 47 49 5 0 29 0 0 0 0 0 0 0 1 0 0 0 71 68 45 19 0 0 0 0 0 0 53 66 7 0 11 37 5 42 55 15 4 18
0 0 0 0 0 0 0 4 36 0 0 3 8 0 22 59 36 6 28 14 0 5 34 33 95 57 49 63 87 60 0 2 0 0 0 0 0 0 0 0 0 0 21 45 16 0 0 0 15 78 49 0 0 0 24 67 18 1 15 22 50 17 0 0 0 0 0 0 11 62 88 63 74 77 88 74 71 72 43 25 16 4 0 0 2 85 22 0 0 0 19 5 0 23 94 100
0 0 0 0 0 42 27 61 68 1 18 89 97 14 14 46 51 8 40 36 44 33 34 27 6 31 5 16 56 55 31 5 0 0 0 0 0 31 0 0 0 0 0 34 0 0 0 2 61 81 52 8 0 4 67 36 0 1 66 67 25 1 0 0 0 0 2 38 84 60 55 25 63 86 23 11 34 25 99 97 65 33 11 0 0 22 37 0 0 0 0 28 8 51 88 69
0 0 0 0 66 100 100 84 55 19 56 89 91 97 69 35 74 75 61 91 88 40 28 15 43 35 0 24 86 95 27 61 32 2 0 0 0 4 17 0 0 0 0 0 0 0 0 0 75 30 75 12 24 55 44 7 2 52 75 10 0 0 0 0 0 11 61 81 40 22 49 0 34 40 40 28 0 8 75 56 68 47 40 4 21 8 0 0 0 10 34 46 46 60 55 100
0 0 0 0 70 98 91 51 25 46 37 43 27 42 22 47 38 38 45 47 20 18 60 74 76 87 7 38 42 26 42 83 27 77 52 14 6 0 0 0 0 0 0 0 0 0 0 3 19 90 48 53 47 43 8 0 51 31 0 0 0 0 0 15 36 88 90 100 99 100 43 7 31 35 86 34 0 0 0 11 65 71 80 86 79 21 5 84 73 85 67 62 97 99 34 58
0 0 0 16 92 29 61 1 37 96 49 28 0 5 20 98 30 43 55 36 17 2 38 22 0 0 30 9 0 15 0 17 40 88 50 67 99 22 0 0 0 0 0 0 0 0 0 0 56 53 12 22 14 59 57 9 19 0 0 0 0 0 16 81 97 87 85 36 28 86 37 30 58 91 51 6 3 0 3 69 69 75 89 100 53 44 24 34 71 100 100 100 100 100 100 47
0 0 0 10 95 14 50 11 25 56 35 48 3 40 45 10 69 71 51 32 5 0 15 39 45 15 36 12 9 61 31 0 7 11 19 8 22 0 16 39 15 0 0 0 0 0 0 0 3 7 0 0 0 4 7 0 0 0 0 0 0 35 97 100 100 95 31 14 11 43 2 19 84 100 31 17 56 36 49 56 97 98 100 57 0 69 73 26 91 51 89 92 100 100 100 85
0 12 29 75 92 25 43 48 85 92 48 15 47 35 11 10 32 23 12 75 72 79 81 25 19 27 11 36 41 24 4 0 15 13 0 0 0 30 84 47 0 0 0 0 0 0 0 0 0 0 0 0 0 0 0 3 0 0 0 8 42 100 100 100 99 53 16 58 54 72 14 35 73 89 3 3 62 89 88 100 100 100 99 11 28 100 100 32 33 58 17 61 100 91 96 84
21 33 59 19 28 64 42 74 88 82 34 30 34 3 47 75 27 36 58 46 0 23 11 0 0 4 24 11 0 0 0 0 0 0 0 0 0 7 71 35 5 0 0 0 0 0 0 0 0 0 0 0 0 0 20 61 0 0 55 95 100 100 90 96 60 85 52 31 65 7 38 39 36 11 26 76 16 55 100 81 99 97 96 0 73 100 100 91 39 52 90 25 98 44 16 24
18 47 65 75 19 14 25 41 33 65 11 41 1 45 25 1 64 58 60 39 0 1 0 0 0 0 0 0 0 0 0 0 15 5 20 5 7 50 38 36 82 15 0 0 0 0 0 0 0 0 0 0 8 30 96 51 0 0 34 58 46 33 14 99 80 18 0 6 31 43 0 2 6 0 63 62 60 94 84 21 96 72 68 74 100 100 100 72 56 0 18 46 35 93 21 5
63 63 79 69 26 12 34 25 68 37 0 40 24 36 0 52 3 0 32 1 17 17 0 1 7 34 41 20 28 43 42 23 36 33 29 25 13 39 99 80 93 67 20 0 0 0 0 0 36 26 39 59 79 97 67 13 54 0 0 66 32 0 58 11 22 3 7 37 38 15 0 7 0 0 11 81 76 21 13 0 82 100 74 100 53 39 98 61 45 87 58 3 64 100 96 26
75 64 44 24 0 8 68 11 54 13 8 22 55 22 65 38 39 55 58 42 0 0 0 7 26 21 49 38 66 79 44 78 61 53 49 17 27 47 72 52 40 76 71 0 0 0 7 45 82 72 77 100 55 66 16 53 73 30 6 13 14 0 51 1 10 6 70 49 66 40 23 52 0 0 74 75 65 32 0 0 64 73 88 100 96 52 100 100 100 100 100 12 90 100 100 22
34 24 0 0 12 31 0 12 54 0 15 43 39 61 29 26 43 21 0 12 0 3 51 49 21 48 44 82 92 88 42 55 34 75 53 20 4 77 89 100 38 0 12 0 0 19 7 57 25 85 79 100 62 13 22 57 23 49 77 28 8 47 48 69 51 3 48 39 29 61 82 28 1 24 94 81 50 2 0 0 37 97 74 100 61 47 100 94 100 100 100 81 81 100 100 29
20 3 0 0 0 14 41 25 20 18 64 42 15 39 0 0 12 14 46 0 39 69 43 0 1 47 39 52 31 16 0 73 42 66 47 16 15 100 98 31 58 0 0 0 3 13 71 49 94 61 100 72 12 81 30 3 43 0 46 26 64 99 78 51 54 62 62 40 13 2 7 0 46 100 77 39 54 0 16 0 3 33 100 96 79 100 100 67 97 98 99 100 100 86 100 97
0 0 23 43 2 49 23 0 0 56 12 0 0 0 0 1 55 27 28 0 54 8 0 0 25 82 3 0 0 0 1 31 8 37 3 8 75 95 25 37 3 0 0 0 0 34 87 43 56 71 56 84 62 12 6 14 0 7 97 74 66 72 61 31 40 76 72 26 23 0 12 52 84 100 35 38 0 0 27 12 28 13 49 59 98 100 100 100 94 28 69 83 73 83 100 87
2 4 19 58 29 28 4 0 0 0 0 31 20 0 15 28 25 35 6 0 14 0 0 0 47 54 0 0 0 0 49 3 4 50 11 36 90 36 27 51 0 0 25 8 28 5 59 48 29 92 40 37 29 86 44 60 41 40 94 47 31 36 94 75 95 100 100 97 12 0 95 99 100 94 98 50 5 0 7 82 29 50 89 86 94 99 65 65 95 96 75 54 86 100 100 60
69 60 20 10 60 28 34 42 15 8 64 51 68 53 39 38 19 4 1 21 24 0 0 4 29 17 6 1 14 18 77 31 5 1 24 31 43 16 32 0 0 23 7 50 65 5 12 80 69 84 48 13 87 100 84 65 33 70 23 34 13 60 50 73 60 100 91 66 13 56 94 100 100 100 91 56 54 47 36 8 81 32 3 6 40 43 43 65 99 100 100 96 32 79 100 58
53 25 34 33 34 0 56 16 42 45 59 59 67 56 52 49 8 12 45 43 49 31 24 10 0 6 40 40 2 54 54 51 8 24 31 26 18 0 0 0 0 7 58 17 57 10 10 68 30 4 0 71 61 98 100 84 40 58 8 32 16 66 95 50 74 100 71 31 95 100 65 69 94 65 50 83 33 88 31 12 16 86 67 72 67 83 48 68 100 100 100 88 17 69 100 100
25 31 23 43 35 15 27 70 72 59 52 58 58 8 42 65 8 32 32 6 49 21 0 16 43 32 59 32 12 40 38 74 0 0 4 49 0 0 0 0 0 7 10 0 51 70 20 45 42 52 28 25 50 72 100 40 83 66 57 75 32 92 68 51 100 100 100 94 89 54 47 62 41 60 37 64 43 36 81 60 53 25 53 79 100 100 100 100 100 100 87 63 60 8 92 75
86 6 0 53 20 0 81 37 0 3 0 36 0 31 50 46 18 4 0 2 25 46 8 76 32 97 100 54 0 0 17 4 0 0 13 11 5 57 14 0 0 9 38 17 24 76 28 65 75 70 67 51 4 64 91 72 100 5 41 61 36 76 71 87 100 84 61 16 32 0 0 0 17 31 0 15 22 24 71 65 85 14 28 6 31 27 79 94 76 27 3 45 33 38 68 2
45 1 24 8 14 62 69 48 36 31 49 0 0 47 35 41 24 0 45 1 0 0 0 0 31 74 98 10 0 0 0 0 18 35 56 24 63 33 0 30 13 0 0 20 12 47 55 35 19 2 67 100 90 100 100 97 80 29 34 36 64 85 84 100 99 53 20 2 3 13 27 17 5 15 0 0 0 27 21 78 27 44 100 96 80 99 100 90 37 50 95 100 83 60 7 45
5 48 29 70 67 75 18 27 36 96 57 14 0 28 12 0 0 5 47 39 0 46 26 4 9 12 82 40 65 7 0 29 90 88 72 79 6 2 20 0 9 39 0 6 24 13 74 92 67 63 33 21 100 100 91 28 50 37 38 13 52 100 100 46 30 14 45 0 0 0 6 31 40 11 0 6 33 3 16 0 53 51 24 70 75 100 97 36 26 70 95 96 42 1 38 13
0 0 65 69 76 49 16 55 52 23 0 4 53 59 0 0 0 0 14 28 31 21 100 76 100 60 79 70 47 23 17 21 58 29 26 41 2 0 0 0 22 22 0 42 79 5 99 62 43 35 45 17 26 86 34 40 46 19 84 88 49 8 100 91 26 0 0 0 0 0 0 0 0 17 32 0 0 5 63 5 25 34 30 80 92 69 92 50 63 95 100 54 16 1 59 83
31 16 51 33 50 42 11 23 11 7 0 0 6 0 0 0 1 15 19 1 73 75 100 55 91 98 95 42 53 42 24 5 32 27 11 19 0 0 0 70 84 15 17 1 45 21 45 57 0 3 0 22 32 98 90 49 48 97 91 78 39 0 66 100 91 40 1 0 0 14 0 0 0 2 14 0 4 27 36 5 1 34 17 17 44 86 100 100 100 88 50 2 3 24 70 33
53 6 98 69 47 26 44 17 7 52 59 37 21 0 0 0 39 39 20 9 60 31 41 10 49 5 9 2 9 15 71 54 96 15 24 16 0 0 20 32 15 12 43 20 46 79 77 100 86 93 45 46 34 80 100 100 100 100 87 47 8 65 87 46 40 65 10 0 0 46 41 8 0 0 14 0 2 54 77 63 27 26 38 13 96 100 100 94 71 18 0 12 32 15 8 93
40 55 89 4 3 40 38 28 72 49 72 39 5 4 34 19 17 23 67 35 48 5 19 37 18 45 67 82 37 12 79 100 58 3 21 56 34 15 25 25 40 0 39 21 100 100 100 63 35 66 90 81 46 89 100 83 60 80 70 30 57 50 77 4 2 40 4 0 8 0 27 10 1 12 0 0 0 0 10 69 30 24 9 36 33 88 57 5 0 0 0 12 11 29 84 61
42 99 65 3 2 30 1 71 62 32 48 42 0 0 0 0 36 29 97 1 2 16 7 9 68 39 0 12 100 76 88 79 52 49 67 43 20 9 13 24 85 68 63 59 98 62 62 11 79 90 22 50 48 55 88 22 69 95 37 61 81 78 33 41 0 0 0 3 41 57 8 11 64 33 17 16 0 0 66 9 37 53 99 81 90 47 19 15 0 0 0 5 42 46 82 19
81 60 6 56 87 46 47 31 0 4 40 15 0 11 0 0 2 5 71 0 21 45 51 23 49 43 16 4 90 97 23 4 27 0 0 10 26 55 5 49 76 88 59 23 54 65 20 39 96 92 24 17 55 46 12 0 9 75 58 41 54 23 2 5 0 19 0 1 43 17 0 0 56 89 57 22 3 10 91 34 97 100 100 100 69 59 15 55 37 0 11 78 100 78 82 1
29 22 0 39 100 49 1 0 0 0 0 0 17 1 0 0 36 55 67 14 42 19 8 66 31 34 45 81 100 85 46 40 14 47 2 13 34 41 16 68 11 0 13 41 88 100 100 93 84 54 63 63 17 0 0 0 26 21 19 26 22 4 0 10 0 13 0 0 0 0 25 21 14 96 51 15 22 18 93 32 100 100 66 75 81 3 25 79 11 37 91 91 54 19 26 54
1 0 0 11 55 5 14 57 56 37 73 45 0 0 2 44 18 37 23 27 3 30 4 43 3 44 61 47 53 91 100 46 14 50 2 35 64 70 70 83 16 0 1 89 74 100 91 11 35 62 74 6 5 0 0 0 0 9 42 32 9 0 0 27 22 0 0 11 5 4 46 79 9 35 100 81 83 91 88 55 100 100 21 11 1 55 38 0 22 96 90 6 12 97 21 6
0 0 35 34 43 88 42 37 27 97 78 83 42 0 25 48 40 39 45 31 31 32 69 26 0 2 3 50 13 68 92 17 24 64 32 87 97 100 100 48 13 20 78 78 49 100 100 84 74 91 43 44 42 0 0 0 2 51 86 62 82 33 0 33 12 4 1 35 2 3 49 40 68 0 65 100 100 71 26 67 100 100 26 36 58 62 6 29 94 85 32 3 83 55 29 45
4 41 29 21 90 87 46 79 9 39 40 40 24 0 0 10 61 53 82 57 38 95 90 74 6 0 20 68 48 24 3 49 49 26 17 93 100 100 100 9 93 70 70 87 100 100 97 91 44 85 98 43 7 0 17 80 100 82 88 98 61 92 35 22 32 3 1 44 20 8 92 64 96 11 31 100 85 15 30 16 82 46 6 68 26 3 45 100 76 25 85 11 98 88 98 100
35 29 41 69 88 99 61 7 34 46 31 28 2 25 31 77 61 20 42 47 48 88 100 53 0 0 0 14 19 31 92 41 52 92 94 40 44 71 24 57 87 98 78 51 76 72 70 32 66 49 97 42 32 77 98 100 100 40 61 87 25 41 50 46 24 0 24 5 29 19 48 98 100 42 20 100 30 2 49 0 13 3 56 39 8 70 93 52 34 34 69 83 87 74 61 62
43 6 40 65 61 92 73 22 45 36 29 26 20 67 73 75 63 6 55 47 63 65 77 0 0 0 0 0 6 50 56 54 100 45 75 50 78 100 80 92 51 90 100 100 100 93 46 90 95 99 85 65 100 86 89 85 51 0 0 33 54 100 75 31 22 39 31 39 46 19 62 70 100 43 21 93 46 5 38 5 28 49 53 24 81 97 42 59 19 2 79 87 56 43 32 97
25 35 100 82 99 80 50 14 20 23 28 28 47 71 77 35 71 3 0 43 34 94 45 35 8 54 8 0 0 18 29 100 61 3 30 0 45 100 65 70 100 100 100 51 87 89 96 100 100 100 100 100 87 38 0 1 7 41 74 83 45 89 80 48 78 74 27 48 18 4 94 88 61 6 36 98 9 38 68 15 22 77 40 82 92 59 41 60 8 28 96 90 9 14 80 100
66 63 30 73 47 62 28 59 43 23 60 60 3 40 82 20 5 0 0 0 54 100 22 22 26 35 68 56 82 37 45 98 98 73 83 57 100 100 70 91 100 100 100 61 33 73 98 100 100 96 63 33 0 35 25 62 82 100 78 50 66 37 16 21 65 38 87 90 24 58 98 61 23 17 90 82 14 86 86 45 70 40 93 82 8 49 73 93 84 100 100 71 30 96 90 100
6 31 58 45 33 24 26 2 0 0 0 15 9 40 57 27 0 0 0 0 22 44 13 65 52 34 24 42 63 32 100 100 68 78 96 88 100 100 35 84 97 56 100 83 91 60 100 76 79 9 0 0 0 64 87 90 97 96 40 58 24 5 53 59 28 49 34 88 97 99 49 34 9 90 100 5 26 83 33 67 47 91 84 16 0 39 57 99 62 54 87 75 83 88 35 96
0 8 43 3 38 13 65 4 0 8 28 49 20 5 0 38 8 15 1 36 23 8 30 28 93 100 84 99 92 98 99 70 39 73 82 89 100 74 51 74 100 84 98 100 100 96 45 44 14 2 0 0 58 67 100 87 66 43 7 25 53 40 92 43 39 100 89 49 70 28 49 28 45 91 69 44 82 78 23 47 89 83 11 0 0 0 83 100 84 97 73 30 77 70 84 74
48 32 66 35 0 47 79 4 1 20 64 47 0 0 0 14 38 72 8 0 22 66 60 88 71 100 100 100 100 99 100 87 17 57 98 100 66 82 76 100 100 78 77 22 85 92 88 21 40 30 39 86 100 98 86 53 10 0 46 87 82 100 100 69 90 98 52 10 23 58 91 42 28 9 1 59 78 15 9 79 72 70 43 0 28 53 29 29 49 63 100 92 24 16 99 98
74 66 58 69 23 65 13 57 66 4 29 28 29 53 0 0 17 44 9 75 93 31 41 72 93 100 100 86 69 33 19 45 58 99 77 100 100 100 75 99 62 53 72 96 98 99 76 26 4 58 100 100 100 100 73 76 96 34 78 100 100 100 100 100 49 10 0 0 15 89 65 0 0 36 73 52 50 57 43 49 87 33 0 0 22 20 0 7 0 44 79 84 28 37 100 99
52 78 75 33 68 65 41 91 69 8 34 1 28 6 47 66 46 32 90 100 100 100 100 100 100 100 100 100 19 0 0 3 28 99 69 94 100 100 42 22 81 100 100 100 100 100 67 5 25 88 100 100 93 81 95 100 100 100 100 100 100 100 100 99 8 0 0 0 48 54 3 41 70 33 63 23 50 60 79 99 79 49 40 34 25 56 61 32 8 8 60 100 100 100 100 57
0 0 0 0 2 4 48 47 8 50 56 85 85 93 98 93 46 69 100 84 64 100 94 85 100 100 100 100 94 78 100 92 100 100 100 100 100 72 0 49 100 81 88 78 93 100 93 42 35 83 100 100 61 84 96 64 100 100 65 70 100 100 40 26 0 9 45 1 29 19 37 70 38 0 30 78 91 100 80 100 38 87 66 64 66 79 22 57 92 94 93 100 100 100 100 100
0 0 0 0 0 8 44 28 78 57 100 100 73 51 87 94 58 97 92 16 83 100 78 46 99 100 100 100 90 100 100 81 32 55 69 100 81 3 26 91 42 15 84 22 55 100 98 19 88 81 100 100 96 100 79 90 100 100 77 91 97 93 37 0 0 21 20 48 94 97 12 20 17 18 35 84 95 92 60 85 80 63 99 68 84 28 99 100 100 100 90 100 100 100 100 93
46 51 11 0 0 12 49 30 73 43 82 100 100 56 97 88 94 68 85 59 100 100 95 53 18 48 19 45 62 85 55 44 29 10 5 68 75 5 66 61 62 19 8 7 98 98 18 18 100 100 74 100 100 100 80 72 100 100 90 23 38 100 62 0 0 0 33 60 90 36 0 32 84 72 96 63 57 94 6 9 41 98 72 52 60 46 100 100 100 100 40 100 100 100 100 95
95 65 56 16 66 14 52 35 74 31 52 92 46 10 96 68 68 100 100 100 100 100 100 89 3 37 0 7 90 69 0 2 57 77 16 0 33 92 61 33 86 100 58 33 57 45 5 34 92 64 78 99 50 79 31 41 100 59 65 2 48 100 79 2 48 22 3 27 4 0 50 70 71 95 81 100 85 20 0 0 60 72 57 75 100 100 100 100 100 96 47 100 100 100 100 93
8 49 95 29 63 77 87 97 97 49 95 97 26 25 91 100 100 100 100 100 100 100 66 34 43 62 27 0 13 5 7 3 64 92 54 67 56 88 80 6 86 50 92 13 46 10 44 6 87 62 61 99 77 34 87 95 96 1 44 26 26 71 61 1 38 69 0 0 0 19 69 93 98 70 100 88 13 4 55 61 11 31 12 100 100 85 100 79 86 32 76 100 100 100 100 99
0 29 97 69 0 57 99 62 82 91 100 48 50 49 100 100 100 91 90 72 96 61 7 0 69 100 49 0 5 50 87 80 40 34 100 57 100 93 66 56 40 57 72 47 50 37 0 4 44 20 44 36 75 61 36 41 38 32 70 20 56 49 15 0 64 27 1 0 18 10 68 100 89 100 100 97 94 67 100 97 68 100 80 99 100 88 87 18 31 57 100 100 100 100 100 100
22 37 17 46 59 92 65 2 13 91 100 100 92 33 69 44 48 52 87 50 64 0 0 0 65 100 63 60 55 29 24 54 26 53 61 12 38 0 13 4 23 55 10 28 10 39 0 0 0 0 0 8 4 9 14 9 0 1 35 45 74 24 27 0 7 5 0 0 4 20 88 78 17 43 45 97 81 100 84 100 100 100 100 85 95 56 63 29 56 97 100 100 100 100 62 68
45 43 88 100 70 74 57 90 94 100 100 86 34 44 95 9 0 95 99 28 12 17 66 71 75 62 25 6 28 26 0 1 4 11 0 0 0 9 49 28 24 53 54 17 22 0 29 49 45 49 16 1 4 0 0 0 0 1 16 0 14 32 24 27 16 10 3 0 1 50 100 88 12 0 1 54 91 62 49 99 100 100 96 75 88 80 56 34 63 79 92 78 100 66 27 23
9 78 87 99 89 85 95 89 80 52 79 64 93 71 34 52 13 100 100 84 68 10 60 62 59 10 22 68 25 55 0 0 0 0 5 11 0 45 100 74 0 0 0 0 3 10 76 98 83 65 11 31 68 74 54 47 40 15 0 0 0 10 39 39 76 100 86 73 92 72 28 0 0 0 3 34 100 81 77 99 100 100 100 100 100 100 62 65 6 61 21 70 100 45 54 9
57 26 4 8 18 57 95 18 61 52 25 60 11 56 4 57 40 100 57 96 69 42 27 55 29 40 17 0 25 28 0 0 0 0 77 70 100 96 97 62 64 21 18 53 42 46 62 97 100 28 7 24 40 41 73 95 100 77 0 48 16 81 99 66 100 100 100 100 100 42 57 77 41 8 6 41 97 72 55 88 69 95 100 100 82 19 33 86 71 9 23 87 84 43 46 28
78 63 20 0 2 22 49 38 15 45 64 55 86 17 0 8 62 83 38 55 71 0 0 28 89 64 2 45 0 0 0 0 0 0 15 58 85 97 100 49 60 82 70 41 8 71 96 97 25 72 35 59 44 10 15 75 69 19 2 82 85 100 94 44 97 100 67 66 65 93 90 43 16 36 62 98 89 7 0 64 44 99 100 47 0 12 33 86 94 18 0 0 40 77 32 80
48 11 3 52 82 87 56 18 68 63 30 67 30 13 6 68 73 81 38 47 10 0 0 1 93 14 0 0 0 0 0 2 58 24 83 84 27 45 100 96 65 55 74 99 100 47 93 64 100 62 9 39 93 97 78 36 100 98 6 0 39 78 96 27 5 100 100 96 16 76 98 97 6 16 84 100 100 98 61 60 57 52 69 66 65 60 70 100 75 62 66 5 0 33 28 6
28 27 62 100 100 70 14 80 89 70 43 49 0 0 18 60 31 33 9 0 0 0 0 19 19 0 0 0 0 6 5 38 57 56 30 17 55 98 98 33 10 45 79 92 60 100 93 100 100 98 45 51 89 97 96 64 79 92 3 15 36 47 100 43 64 100 100 100 59 51 20 88 32 86 100 100 88 88 65 77 40 6 15 27 5 50 80 100 100 84 72 4 0 0 0 59
31 74 100 74 94 58 62 100 98 22 12 60 16 0 0 9 83 0 0 0 0 0 0 0 0 0 0 24 48 75 90 87 22 58 82 13 68 65 42 69 94 61 91 100 67 84 49 86 100 100 24 8 83 82 38 4 0 88 33 33 0 34 68 22 53 81 25 71 80 15 0 7 7 74 92 73 20 93 68 59 27 4 34 93 76 38 15 73 97 94 43 76 23 0 0 75
85 96 77 100 100 100 99 100 100 84 9 13 86 90 25 37 9 0 0 0 0 0 0 3 40 70 69 47 50 92 72 78 92 100 97 38 45 48 14 71 100 100 100 100 59 66 81 78 100 100 73 82 100 100 58 53 15 24 0 36 49 52 90 54 40 74 1 65 31 0 0 20 73 100 51 23 14 95 100 100 43 63 96 47 6 44 56 60 46 49 74 41 23 0 0 9
