data/habitatmaps/RS_maps/habitat_Fringilla.coelebs_2009.asc
NCOLS 369 
NROWS 228 
XLLCORNER 479000 
YLLCORNER 73000 
CELLSIZE 1000 
NODATA_value -9 
[rows 61 to 121 of 228, columns 96 to 191 of 369]
22 32 62 78 45 42 70 95 92 86 72 80 86 50 68 96 97 98 56 68 66 74 72 60 36 52 67 58 51 63 76 38 36 71 32 43 49 33 10 28 4 51 35 84 75 97 62 100 92 36 46 8 26 46 26 47 58 1 60 93 38 26 40 52 67 85 76 20 40 58 73 91 48 71 53 38 80 68 45 90 64 46 35 0 29 43 44 44 70 26 4 67 17 2 4 5
18 89 66 27 69 62 71 60 56 36 40 42 30 88 92 97 55 14 69 92 89 95 64 58 69 61 51 51 54 72 63 84 72 56 60 64 48 9 16 39 1 1 89 76 83 66 100 74 18 4 40 24 50 75 22 64 28 12 90 57 52 5 45 100 75 62 60 59 29 72 40 26 54 17 37 25 50 22 25 27 83 64 40 0 55 94 38 18 42 77 43 63 0 10 23 9
80 76 18 40 28 32 33 89 100 85 78 96 100 46 47 71 48 55 64 44 86 75 60 42 29 18 32 14 68 66 66 81 59 93 76 56 55 68 78 86 92 96 94 90 76 70 48 6 7 36 34 64 80 78 75 82 52 93 98 82 52 49 23 66 93 96 90 72 26 29 30 30 68 29 20 24 79 50 26 38 55 85 48 0 14 48 1 24 32 41 35 10 16 34 56 16
43 16 36 14 3 54 66 50 56 72 35 36 69 62 75 86 85 58 32 84 87 48 25 12 24 56 53 80 75 72 25 54 50 87 78 96 78 82 96 90 97 100 24 28 43 0 0 0 33 55 55 69 57 64 19 38 34 74 100 76 56 97 93 69 74 94 87 24 22 92 81 1 76 80 75 28 44 30 51 5 60 54 33 0 0 52 0 0 41 53 29 8 21 62 36 13
5 20 24 64 82 38 29 9 10 21 40 45 60 53 66 69 76 73 92 36 38 28 35 68 61 55 62 94 69 5 17 46 66 87 82 63 45 63 43 44 52 56 78 75 80 0 18 33 53 80 16 48 40 68 58 81 62 44 100 72 24 84 50 52 60 65 88 36 68 51 57 2 63 86 8 8 13 43 52 0 42 41 71 38 0 15 4 22 32 77 28 26 28 91 84 8
50 46 24 52 67 54 46 47 64 80 89 76 57 59 33 36 50 97 100 82 64 79 90 60 68 72 98 50 40 90 100 100 56 56 77 54 66 94 24 20 10 40 35 0 8 15 9 94 100 36 74 10 12 40 70 95 97 96 78 9 21 87 86 60 35 82 93 69 12 57 38 1 22 57 29 44 21 72 22 14 60 100 98 44 0 27 51 6 0 67 30 7 0 19 69 50
18 42 42 46 63 47 60 86 60 62 42 51 66 39 34 40 69 90 87 69 42 65 80 54 37 93 100 98 84 80 60 78 95 82 20 61 24 58 44 20 71 62 10 54 57 71 76 76 99 34 18 50 96 74 38 88 45 100 100 26 39 62 76 65 14 42 32 34 73 67 60 10 15 8 50 64 49 22 92 62 68 85 76 87 25 20 51 88 35 43 99 16 0 28 17 59
33 34 55 42 60 56 35 34 38 62 74 73 36 58 24 12 31 60 56 42 80 47 76 97 72 84 86 100 86 100 100 98 88 70 40 22 51 51 44 2 52 30 74 84 73 100 60 50 45 36 61 59 6 54 58 100 95 39 34 5 19 20 22 40 31 80 42 74 64 57 27 28 20 47 14 88 59 58 32 95 59 81 59 20 54 0 46 35 19 22 52 31 27 2 24 42
18 45 70 78 70 41 71 24 48 52 10 15 72 60 59 72 50 69 100 100 98 73 64 51 84 93 100 100 92 92 90 54 39 82 67 42 63 66 8 0 18 48 39 36 66 60 37 13 32 77 98 12 34 85 64 67 45 24 37 23 30 34 87 78 13 46 74 78 78 96 22 4 0 56 26 22 9 76 14 27 35 70 27 0 60 17 18 11 18 10 6 35 12 18 32 17
36 22 58 47 30 12 27 23 30 24 50 24 46 90 81 81 80 58 20 48 56 54 61 94 100 100 41 50 38 49 45 64 94 69 89 50 26 28 7 0 34 86 54 34 93 11 9 26 71 64 90 36 56 92 84 31 23 74 44 53 46 85 74 50 62 1 38 68 72 76 15 4 19 5 6 22 4 32 56 42 21 32 0 24 64 32 63 73 0 0 39 77 33 11 27 10
62 54 28 49 93 22 77 24 40 88 100 94 93 38 48 52 41 46 99 79 92 100 80 70 56 20 22 37 38 96 98 68 100 45 20 30 47 32 47 20 33 60 52 56 26 49 46 63 68 42 71 72 64 100 92 4 3 10 10 26 26 50 22 24 47 48 40 86 81 36 3 10 17 6 72 51 26 3 36 17 37 15 5 3 75 32 8 38 50 27 17 58 42 2 10 21
29 34 52 56 54 46 83 74 76 74 23 37 57 90 90 61 50 80 98 94 100 100 17 60 4 38 43 0 24 32 84 90 73 55 44 78 60 21 73 80 84 57 20 44 26 95 71 10 16 80 96 94 69 71 23 0 0 58 18 31 29 35 3 58 7 51 68 11 30 11 11 44 26 2 4 50 16 8 35 0 2 51 58 16 33 15 0 2 30 8 6 44 61 29 14 26
56 28 26 26 92 99 83 73 79 93 82 72 66 86 60 56 97 98 100 70 94 100 84 77 22 31 30 0 0 0 11 53 76 78 35 60 72 6 28 52 100 42 65 57 40 34 46 27 33 47 66 34 75 26 24 51 0 52 56 3 27 0 20 82 78 82 89 38 22 17 0 39 18 33 0 43 18 13 15 0 0 0 20 35 39 26 6 0 0 16 26 19 84 31 0 0
14 20 51 12 40 96 79 63 91 70 63 53 76 86 35 52 54 14 93 80 76 100 28 4 0 24 0 0 9 66 54 74 59 61 30 75 42 34 46 26 25 22 43 39 98 77 10 23 17 23 26 73 83 86 54 18 0 25 7 24 0 6 26 56 66 78 76 100 35 38 41 54 28 59 71 10 0 18 16 0 13 8 20 22 64 21 21 0 19 14 0 9 34 16 0 0
69 50 60 76 65 62 59 72 80 81 56 68 7 38 100 97 89 76 46 91 5 15 16 0 0 17 12 3 20 49 97 56 74 76 74 22 74 28 42 18 55 27 12 51 36 27 18 8 42 57 11 14 58 56 37 38 50 24 54 33 3 13 10 1 28 25 14 42 46 50 12 22 0 36 52 39 30 48 34 0 49 76 8 33 72 0 0 0 41 14 0 30 27 50 10 1
32 58 54 57 74 92 94 34 40 88 65 74 66 85 49 43 61 64 21 3 0 0 0 14 20 47 49 26 85 85 48 80 25 62 64 76 64 43 20 63 71 37 12 66 22 40 59 85 57 49 33 19 39 62 43 17 39 71 50 17 18 9 5 20 28 5 55 0 0 0 1 26 2 7 39 86 29 7 19 22 36 35 7 6 0 0 22 20 7 74 10 0 5 33 29 53
50 64 34 16 28 72 86 96 75 65 80 94 79 82 78 59 59 46 34 0 0 0 0 36 56 65 53 87 91 39 29 35 42 66 82 49 43 33 55 22 80 30 62 14 28 64 82 25 44 74 23 31 30 16 38 7 86 44 30 35 0 31 30 3 75 33 37 4 0 0 7 41 34 16 11 38 20 0 0 20 22 4 8 20 0 26 1 6 14 56 22 3 6 28 12 5
47 22 18 20 48 50 40 30 21 82 100 93 52 25 84 82 31 0 0 0 0 19 45 79 80 70 82 73 54 61 29 45 64 42 92 62 72 44 55 10 22 30 72 56 37 34 19 10 27 2 0 20 42 27 80 84 46 12 22 20 10 4 30 32 10 45 14 8 22 3 53 65 52 0 12 11 4 0 0 20 10 0 8 10 47 0 0 24 20 22 8 62 20 25 0 0
78 33 30 66 54 76 33 86 62 100 100 100 66 72 82 21 3 21 11 23 37 29 42 97 62 20 0 1 32 35 40 45 47 28 59 96 67 37 46 2 9 12 32 63 47 17 38 50 18 31 7 32 68 10 5 15 17 16 15 12 10 17 11 23 30 36 7 18 58 9 19 56 8 0 19 2 8 34 0 0 0 16 27 32 16 25 14 23 38 2 10 16 8 0 0 15
90 50 33 45 90 88 78 88 94 87 57 78 98 67 22 27 26 36 56 97 72 56 22 48 39 54 2 32 76 74 16 12 68 23 18 78 4 11 57 45 52 19 70 22 44 35 55 44 5 32 41 29 24 58 16 20 24 30 24 16 55 74 42 26 36 30 30 16 53 0 21 7 6 1 0 0 7 34 0 0 0 41 16 12 0 0 8 0 13 4 22 50 27 0 35 3
31 65 78 78 56 79 99 86 31 34 86 98 61 18 8 3 38 81 86 53 72 26 35 84 82 30 4 70 93 14 0 34 93 94 5 64 36 65 15 53 62 61 34 32 27 34 12 43 14 57 35 26 20 33 20 70 29 24 8 2 16 38 26 61 31 76 64 18 77 25 38 27 0 0 0 2 0 0 14 0 0 35 22 16 0 36 38 20 3 0 3 38 24 52 44 34
80 44 2 45 52 96 63 10 20 88 75 58 74 47 32 40 43 24 15 28 40 2 14 18 26 56 36 40 20 20 52 52 31 22 15 68 0 17 9 34 22 64 47 33 21 51 64 19 43 49 15 0 24 20 57 44 28 41 14 18 8 22 20 21 19 69 94 41 20 8 2 0 2 29 46 20 4 0 0 23 20 18 26 12 20 4 11 20 48 21 35 7 6 24 9 6
9 20 52 61 78 44 3 5 58 45 98 51 62 100 54 28 24 28 40 10 34 12 28 97 61 22 0 0 22 34 54 45 13 0 27 12 0 14 39 30 30 18 84 25 16 21 48 20 59 33 8 4 86 65 25 26 46 26 11 1 0 3 12 19 10 51 31 43 24 19 0 20 18 19 2 34 19 0 30 31 7 38 24 9 47 16 0 9 28 18 27 38 71 9 35 26
6 56 97 60 27 0 0 60 5 56 64 67 48 76 51 54 90 62 14 90 86 69 73 12 4 0 0 0 51 2 19 5 24 7 0 0 8 36 91 44 71 66 21 34 30 58 27 0 37 18 28 2 8 62 4 0 16 24 25 0 0 9 2 0 13 9 0 19 25 5 0 6 16 12 0 21 47 16 4 36 25 27 50 3 39 10 19 93 63 44 0 32 55 64 42 15
56 67 60 51 14 0 0 17 50 86 64 6 13 4 18 18 52 42 27 24 40 10 5 6 1 30 32 29 29 42 67 29 5 31 57 28 19 66 74 92 82 63 80 75 41 46 58 36 10 2 36 22 24 0 1 0 2 1 6 59 18 3 34 23 12 6 2 0 24 29 18 0 0 27 2 1 35 44 10 10 5 33 25 8 22 0 27 94 49 39 0 55 72 68 54 8
95 55 16 1 0 0 0 32 62 89 57 11 0 0 88 76 62 55 48 93 20 1 4 29 43 64 56 58 44 70 58 39 22 66 34 46 97 35 23 71 92 46 30 36 54 72 31 28 8 9 22 0 0 0 0 0 39 0 14 83 14 18 41 16 24 6 14 0 14 40 30 26 0 2 0 0 15 60 14 30 11 0 28 1 0 7 21 59 100 57 28 47 48 74 67 11
41 0 12 5 0 0 24 56 58 48 17 0 0 41 45 98 50 40 40 94 16 50 37 52 32 47 73 39 82 64 26 37 18 28 65 34 32 41 61 66 46 43 2 12 32 2 6 7 29 44 3 19 46 31 0 0 14 9 32 20 16 3 27 30 12 40 14 0 22 53 62 29 23 40 0 0 64 60 0 0 0 0 31 37 0 4 0 60 48 62 68 53 52 80 36 61
13 0 6 0 0 0 45 52 26 11 22 0 8 52 2 40 70 46 26 14 21 15 15 56 41 26 51 26 29 35 84 79 3 12 70 25 42 28 32 76 73 37 34 48 50 29 25 3 0 0 26 32 81 8 12 21 44 16 64 25 44 8 35 32 1 25 33 30 68 32 32 70 41 62 21 6 28 20 17 38 34 40 0 0 0 0 7 28 51 87 38 83 55 31 41 71
0 0 0 0 4 52 25 7 17 32 0 4 29 61 15 14 0 24 26 48 50 16 63 31 1 40 19 25 12 24 56 14 0 23 65 28 51 21 58 85 84 22 32 73 32 22 22 16 0 24 21 19 50 67 71 68 76 77 78 73 56 2 47 20 5 36 44 47 50 49 71 59 71 28 14 40 38 44 59 61 41 25 16 1 48 6 51 74 90 95 70 26 43 77 100 94
0 0 11 43 81 39 8 38 4 5 0 8 40 57 65 0 0 25 0 21 40 29 20 16 69 59 62 7 42 29 67 18 20 50 28 12 53 17 67 94 58 0 19 18 13 11 6 26 23 4 25 23 37 20 54 78 66 55 81 76 75 29 31 47 34 30 56 38 56 63 30 44 38 28 36 24 54 61 59 35 14 55 40 0 0 15 62 71 52 61 77 21 4 7 39 64
40 55 76 44 53 7 51 32 6 0 4 46 66 53 1 35 5 8 34 65 48 35 30 18 4 34 16 0 34 19 4 24 40 13 58 28 87 73 50 73 44 20 66 20 6 6 28 18 19 20 1 22 34 56 88 73 70 70 62 64 57 46 30 47 67 41 58 38 54 73 38 25 33 18 39 50 48 20 30 9 16 63 18 59 67 43 79 52 89 100 39 85 92 24 1 32
59 64 89 57 0 28 30 0 5 0 4 60 25 18 40 13 11 49 32 75 52 64 77 76 33 14 11 0 10 31 36 21 54 28 55 77 42 49 45 66 54 34 24 3 22 26 13 29 78 60 35 38 54 51 84 80 86 53 60 46 83 31 42 62 80 74 89 83 58 63 30 48 26 15 58 30 4 37 28 0 12 46 25 38 44 80 56 74 60 56 64 72 74 31 0 0
35 36 56 20 25 20 0 0 0 60 34 39 30 1 25 83 94 73 93 71 37 26 64 28 11 61 64 0 26 58 50 24 69 80 24 59 64 40 36 21 33 50 19 28 32 36 13 30 47 11 11 10 62 86 75 89 100 73 66 51 72 76 60 94 89 74 78 60 58 56 39 38 1 0 48 17 66 49 51 22 15 37 57 83 83 99 74 64 70 29 64 74 22 29 0 0
24 10 4 17 32 0 0 0 18 55 10 17 70 58 89 100 70 49 52 40 23 12 63 27 15 27 56 51 65 45 90 77 81 59 44 42 32 32 75 89 27 64 55 78 46 0 42 24 22 17 36 19 36 47 69 74 77 56 66 82 86 86 88 100 97 92 95 72 52 45 64 38 0 7 42 35 54 74 48 45 68 58 98 37 33 95 74 78 92 89 70 33 38 52 0 0
15 0 12 0 1 0 0 6 81 69 4 39 24 24 40 54 75 18 19 56 48 20 19 18 13 88 85 85 84 88 98 100 67 34 30 82 46 32 24 45 20 14 9 56 39 36 53 38 27 52 52 46 72 44 68 73 77 98 80 91 80 71 100 92 80 83 79 86 50 28 82 24 42 38 40 15 43 40 63 96 68 55 87 86 53 91 95 70 100 92 48 46 20 8 0 18
0 23 52 13 0 0 0 29 62 57 18 44 36 10 64 22 17 12 5 21 10 14 22 9 35 33 68 41 62 72 61 36 52 80 94 56 42 64 39 29 62 26 35 15 5 28 10 16 13 56 42 44 52 58 76 78 33 98 77 62 64 34 98 64 100 100 91 84 44 54 75 7 37 3 12 58 67 68 88 72 52 82 72 49 58 90 70 45 89 56 26 73 0 0 24 78
24 55 3 0 0 0 0 0 60 15 24 34 29 64 81 2 21 50 48 38 31 3 43 40 48 79 83 19 75 40 56 76 74 66 81 87 64 12 59 51 52 27 37 30 21 29 58 28 9 25 30 19 58 76 61 50 38 61 83 68 57 39 73 66 92 84 67 88 61 60 40 14 39 19 16 19 54 95 79 100 68 78 40 59 71 75 22 0 58 40 25 55 20 31 50 39
0 0 0 0 0 0 78 46 63 58 35 43 28 65 72 45 38 22 55 48 79 21 39 68 88 100 100 72 96 86 33 48 52 44 44 23 34 53 34 35 38 22 24 18 0 0 25 64 47 27 19 49 50 43 57 57 68 61 64 40 63 46 34 93 93 64 42 60 44 41 24 34 39 96 96 54 22 46 94 94 42 38 21 35 52 0 2 4 75 83 56 88 52 68 59 69
60 2 0 0 0 0 29 4 0 12 19 66 40 20 31 60 47 18 27 43 85 91 100 100 85 80 42 29 29 34 25 13 21 36 12 0 20 31 62 44 48 16 11 0 20 15 65 39 18 1 50 53 46 32 58 48 88 53 57 57 44 66 69 81 58 77 70 56 31 1 2 0 40 60 68 41 68 38 50 58 32 59 90 56 48 30 30 32 97 28 2 3 26 44 18 72
48 80 6 0 0 32 2 11 34 9 24 32 25 18 42 48 39 42 14 26 94 100 92 62 51 42 50 27 97 97 73 53 56 58 38 42 30 39 35 55 42 47 0 8 12 37 44 34 16 40 36 69 22 58 57 61 59 68 65 39 74 59 35 20 31 28 14 24 42 42 18 41 77 32 56 52 63 35 56 92 34 50 74 77 66 62 70 74 27 1 28 67 32 12 8 57
0 55 34 47 14 41 34 36 31 44 38 38 26 73 37 62 15 8 34 42 66 100 60 83 39 58 86 86 62 96 61 49 26 24 26 1 33 42 26 50 14 36 45 40 45 46 46 39 18 16 43 62 36 46 41 25 44 82 40 48 75 70 66 61 35 6 4 30 44 44 38 36 74 41 46 28 32 51 56 69 68 80 60 88 62 96 50 32 31 23 44 11 20 27 37 24
9 45 39 0 0 0 28 38 28 37 35 1 24 36 44 56 2 16 18 7 36 70 80 81 93 100 100 100 52 90 76 62 19 10 22 6 4 0 28 31 20 68 56 28 96 89 80 27 2 39 36 55 41 18 30 51 51 40 47 66 76 55 79 64 6 36 22 4 10 28 65 48 56 25 36 32 23 52 53 60 87 52 77 68 74 58 46 35 46 58 34 6 48 40 14 10
77 13 27 11 1 72 28 6 20 30 46 22 6 13 54 72 40 64 58 33 48 88 98 89 92 96 88 76 97 80 75 47 42 4 71 38 41 8 12 12 13 11 0 21 44 66 46 42 32 35 58 68 38 34 20 76 37 60 68 61 44 69 62 29 10 16 22 35 21 59 74 33 58 0 38 61 52 87 84 75 90 98 81 61 82 41 3 48 55 96 61 68 78 16 9 16
51 24 9 64 63 77 12 61 15 36 12 0 5 48 54 71 98 64 80 32 36 35 50 72 81 42 43 37 21 68 60 23 32 38 29 30 36 48 23 34 11 13 26 21 31 52 48 0 39 78 55 74 54 51 18 52 40 58 71 76 56 55 48 20 5 51 20 76 59 73 60 24 16 37 44 65 37 87 64 74 79 100 94 67 92 43 19 11 18 85 47 51 40 3 13 77
27 12 24 38 54 9 3 14 24 62 5 8 27 76 97 66 41 60 56 1 54 14 62 68 73 40 58 51 0 22 24 4 11 7 31 17 20 2 4 16 43 12 7 6 63 22 47 20 27 29 28 64 49 65 63 60 79 65 48 59 48 48 44 12 42 40 62 56 49 61 41 0 0 11 26 74 64 70 80 89 61 68 83 98 58 50 17 18 18 18 37 75 51 12 8 43
48 37 32 0 0 24 58 59 36 98 70 11 6 43 87 24 3 9 55 16 42 12 30 62 73 60 33 31 13 47 20 22 19 37 0 33 18 6 28 52 45 42 46 58 20 18 23 15 39 28 41 25 56 59 55 52 73 60 32 46 52 19 7 56 54 63 34 48 7 48 54 9 3 4 7 44 42 27 94 90 22 40 38 19 3 19 58 29 74 25 9 71 30 44 80 59
22 21 5 2 48 84 16 14 32 58 34 26 1 42 48 82 60 57 46 6 23 24 31 30 18 4 44 28 84 70 8 49 47 34 23 0 7 66 91 33 2 36 14 43 16 21 45 54 38 64 11 42 56 30 40 37 35 47 82 60 34 37 28 46 74 14 29 54 32 2 26 2 0 9 17 34 57 62 41 53 12 14 2 0 4 41 70 49 0 0 34 42 45 12 40 82
31 22 14 0 12 66 20 42 24 19 7 14 34 18 64 2 3 26 27 57 60 68 14 56 33 72 30 24 53 52 37 53 48 10 16 27 18 34 28 34 7 40 29 48 34 42 24 43 53 48 56 40 74 28 27 53 40 57 65 13 36 60 54 60 81 46 28 41 55 26 55 56 30 56 4 32 78 60 66 45 6 23 26 64 22 8 25 15 8 9 71 38 39 5 39 78
36 15 38 46 0 2 36 13 4 21 18 8 1 11 36 22 18 38 32 14 15 0 17 13 18 3 10 6 31 35 42 50 91 48 76 0 7 11 88 24 18 3 62 62 82 66 55 15 27 47 78 46 15 41 73 62 37 53 54 16 21 26 67 32 39 36 17 39 29 49 84 57 68 28 40 38 26 70 100 74 26 35 28 8 0 36 19 0 32 61 38 13 2 0 54 80
55 50 50 18 0 0 0 3 0 10 2 34 70 30 10 36 1 28 60 53 30 0 0 22 2 0 0 10 44 31 47 6 70 70 22 9 23 50 34 6 42 52 93 81 60 44 39 57 30 32 33 43 11 70 80 53 65 43 43 52 24 57 68 29 51 42 61 74 36 19 52 58 60 80 68 82 10 73 44 20 45 85 11 0 18 50 14 48 84 67 32 41 10 18 79 30
70 38 25 6 0 8 24 8 24 12 49 13 6 3 17 1 8 52 24 34 69 13 10 31 18 0 1 8 80 24 49 3 21 25 3 18 7 33 14 42 91 86 77 59 7 38 42 35 55 42 53 27 33 42 54 71 47 66 39 48 48 90 100 73 65 38 6 36 43 2 56 69 70 44 79 92 97 100 59 23 4 34 0 18 49 60 84 76 82 57 44 74 29 20 87 61
42 34 4 0 16 66 70 10 1 37 21 6 32 33 8 50 89 14 6 16 62 34 46 8 8 41 67 31 25 15 46 30 40 24 16 55 68 54 24 97 44 38 29 14 33 73 68 46 36 46 75 28 64 42 54 45 42 56 57 35 74 74 95 57 28 4 0 6 40 22 58 68 90 26 45 70 78 91 66 33 4 18 19 63 66 85 63 52 36 62 45 47 10 66 92 76
0 12 0 27 28 59 16 0 0 32 42 10 8 14 34 31 61 23 7 66 58 6 8 10 34 18 2 28 23 18 4 21 40 31 46 32 48 91 86 51 54 34 18 14 56 25 64 68 31 37 30 1 73 24 32 46 63 25 21 42 47 54 64 38 0 0 26 8 29 65 28 78 67 30 85 98 27 48 5 60 34 38 74 84 45 79 43 0 66 14 40 21 0 1 13 97
11 6 22 12 0 16 1 0 0 17 28 0 0 0 30 51 32 13 55 52 67 56 19 39 30 51 90 27 32 5 0 8 7 33 16 46 75 28 21 25 34 32 62 84 3 40 80 62 36 52 52 7 16 43 34 6 23 4 64 56 26 62 46 2 0 16 36 41 32 48 61 32 6 46 85 31 56 97 56 50 23 58 100 98 24 2 0 24 73 29 38 8 0 0 7 89
30 52 33 36 29 25 12 7 6 0 48 60 24 0 22 15 53 44 64 9 0 6 54 6 2 26 2 22 5 30 24 0 20 23 26 34 33 17 28 53 77 41 36 44 32 15 46 17 25 9 47 61 70 62 41 43 2 5 24 44 16 28 25 12 0 6 38 27 53 34 54 46 0 20 5 0 34 49 88 81 20 96 100 97 45 40 0 56 81 39 21 0 0 0 26 65
42 32 76 77 50 47 0 5 62 17 33 54 28 14 0 51 15 5 10 1 0 17 51 12 0 0 0 10 54 39 46 19 21 5 28 42 17 30 24 68 31 32 2 0 46 41 54 54 28 16 63 100 77 95 92 94 57 45 10 22 25 8 23 70 3 2 12 35 26 60 77 40 4 48 52 42 0 29 88 63 36 60 94 54 80 67 22 0 24 64 44 3 0 0 0 16
64 27 76 56 79 91 38 30 24 11 10 46 38 0 0 89 65 0 22 1 0 21 26 37 80 48 3 10 15 0 18 2 19 5 31 40 50 73 74 74 63 51 56 36 0 8 10 38 64 90 82 58 49 82 43 36 35 60 70 58 30 17 44 72 38 66 55 79 60 32 34 12 21 0 3 1 0 1 52 57 13 43 70 18 68 77 5 6 53 51 50 0 0 0 0 0
92 74 76 34 76 17 20 4 28 4 3 58 23 0 7 90 49 0 0 0 0 5 36 22 64 100 56 1 0 6 20 3 9 58 9 54 69 62 55 43 12 0 6 12 40 53 56 20 50 54 50 44 20 41 58 50 53 31 41 4 9 25 27 54 54 39 36 1 15 1 0 0 18 0 0 0 0 10 80 41 33 31 67 42 67 18 0 0 54 68 18 0 0 0 0 0
25 90 97 100 45 0 16 4 56 32 23 8 16 14 49 38 20 25 32 34 9 26 47 71 64 56 53 52 32 9 25 19 30 38 23 1 46 91 56 46 23 47 38 44 39 26 59 82 52 55 45 18 30 54 28 30 14 0 4 1 2 8 54 66 82 48 4 2 0 0 0 0 0 0 8 0 4 72 65 38 71 96 68 32 70 0 0 0 34 16 0 0 0 0 0 0
28 50 56 65 75 18 0 2 18 0 2 13 0 16 55 11 13 22 23 0 3 22 10 44 91 59 95 98 44 6 7 0 30 11 12 25 12 86 64 52 75 82 40 38 5 40 23 74 40 50 58 40 26 36 43 32 55 20 48 18 8 68 99 64 58 1 0 0 0 0 2 1 9 44 78 35 4 28 100 69 77 57 4 4 5 0 0 0 0 0 0 0 5 46 14 0
39 44 38 72 73 34 46 12 0 10 21 21 0 14 47 11 8 5 14 45 76 91 97 100 100 94 100 100 20 10 64 0 16 11 7 42 27 82 85 64 81 46 4 4 36 39 51 57 77 70 68 51 9 27 5 7 60 58 72 53 52 36 23 76 46 0 3 33 39 54 80 74 87 44 70 90 70 58 67 86 56 71 58 5 0 0 0 0 0 0 0 0 53 84 6 0
