data/habitatmaps/RS_maps/habitat_Turdus.torquatus_2008.asc
NCOLS 369 
NROWS 228 
XLLCORNER 479000 
YLLCORNER 73000 
CELLSIZE 1000 
NODATA_value -9 
[rows 120 to 179 of 228, columns 96 to 191 of 369]
0 0 0 0 0 0 0 0 0 0 0 13 0 4 0 10 11 22 23 0 1 21 6 29 38 12 60 27 7 0 0 0 0 0 0 0 0 17 2 0 0 20 13 6 2 34 20 69 34 50 57 40 26 27 29 25 61 57 30 26 21 75 96 36 48 1 23 24 22 0 29 74 45 39 4 64 48 37 0 1 57 46 18 5 5 1 75 3 15 42 29 1 0 52 30 4
0 0 0 0 0 0 0 0 0 0 0 21 0 0 0 11 8 5 16 45 77 91 93 89 50 64 94 81 9 0 0 0 0 0 0 0 0 23 2 0 22 21 2 1 29 39 51 56 66 71 68 52 12 22 33 63 68 72 75 44 45 36 20 40 53 21 31 15 31 0 22 35 18 21 0 0 0 0 0 17 30 27 53 5 0 0 8 44 27 0 0 0 11 99 51 73
0 0 0 0 0 0 0 0 0 0 3 20 21 0 0 0 0 42 79 81 76 48 47 43 14 51 73 98 62 0 0 7 11 20 0 0 13 1 0 0 11 31 21 12 62 78 89 44 80 88 43 25 82 89 95 34 65 67 75 26 43 35 9 15 26 0 0 0 3 0 0 0 13 21 0 0 0 0 0 21 3 0 16 50 54 9 0 4 75 59 2 10 66 100 100 91
0 1 1 0 0 0 0 0 0 0 8 56 19 0 0 37 52 91 62 81 74 53 72 74 24 48 73 85 74 26 8 11 0 0 0 0 7 0 0 0 5 53 15 42 60 56 72 62 81 35 40 47 35 52 67 42 92 88 80 23 2 4 48 17 2 0 0 0 0 0 0 0 15 0 0 0 0 0 0 0 0 0 0 0 42 66 0 0 18 47 42 40 58 99 70 39
0 13 1 17 0 0 0 0 0 0 8 4 0 0 15 60 94 58 60 19 3 26 86 94 58 60 78 74 90 88 16 0 0 0 0 0 0 0 0 0 0 3 20 49 29 0 2 6 32 36 43 52 15 26 6 61 87 38 39 63 8 1 26 0 0 0 0 0 0 0 0 0 0 0 24 26 36 22 0 0 0 0 0 0 53 66 8 0 11 36 27 45 68 27 4 18
0 0 0 27 3 0 0 1 35 0 0 4 8 0 22 55 36 5 19 6 0 5 34 31 95 57 54 77 89 86 11 1 0 0 0 0 0 0 0 0 0 0 13 35 5 0 0 0 15 82 51 11 52 1 24 66 18 1 14 43 49 17 0 0 0 0 0 0 11 42 33 52 47 42 64 56 73 67 34 8 5 1 0 0 1 86 22 0 9 24 50 5 25 47 93 81
0 0 12 22 35 33 24 48 54 1 19 90 97 14 11 15 16 3 13 11 43 34 34 28 3 31 15 43 40 34 10 2 0 0 0 0 0 13 0 0 0 0 0 11 0 0 0 2 59 79 54 56 13 59 77 39 0 2 67 65 25 1 0 0 0 0 1 12 74 60 25 34 53 70 15 6 34 14 33 37 21 10 3 0 0 21 40 9 39 39 15 36 29 69 74 57
0 1 47 7 24 86 87 84 55 32 61 87 90 96 42 32 66 53 49 74 87 40 28 14 14 18 17 53 39 68 14 27 46 18 0 0 0 4 16 0 0 0 0 0 0 0 0 1 76 53 76 30 58 67 53 34 2 53 54 3 0 0 0 0 0 3 30 69 53 69 65 23 34 33 21 25 0 3 24 34 41 53 22 2 7 11 9 15 3 49 74 56 82 72 55 100
0 0 0 1 52 87 86 52 34 74 16 16 28 55 11 47 38 49 47 57 20 19 40 45 53 37 2 38 43 26 14 32 24 52 35 8 2 0 0 0 0 0 0 0 0 0 0 3 19 89 60 61 48 45 11 0 53 47 0 0 0 0 0 15 28 45 87 75 87 98 43 6 24 11 86 44 28 0 0 11 66 72 41 72 42 19 60 89 78 83 66 65 98 99 35 58
0 0 0 11 93 21 62 52 34 59 41 44 13 30 22 98 31 42 40 43 18 12 13 11 0 0 9 17 39 42 38 46 41 84 80 49 76 20 0 0 0 0 0 0 0 0 0 0 55 42 29 32 15 59 62 9 29 1 0 0 0 0 14 81 96 85 51 11 9 85 37 30 51 89 51 2 3 0 1 35 65 75 86 75 49 36 17 55 71 100 100 98 93 100 78 65
0 0 0 7 94 15 47 37 36 57 69 59 28 56 45 37 38 63 48 38 22 19 17 12 14 5 11 9 51 82 35 18 6 10 34 41 21 0 5 12 5 0 0 0 0 0 0 0 2 7 20 13 0 4 25 0 0 0 0 0 0 29 63 96 52 64 10 4 3 25 1 19 84 100 30 5 18 11 22 51 97 98 100 56 0 22 23 42 93 52 89 92 88 100 70 46
0 4 28 70 92 22 40 49 87 94 84 17 47 35 25 37 29 35 10 24 67 65 82 10 6 9 8 46 62 28 3 1 18 13 1 0 0 22 57 20 0 0 0 0 0 0 0 0 0 0 0 0 0 0 0 3 2 0 0 7 34 83 73 61 90 79 11 49 51 48 5 39 72 93 3 1 20 42 88 100 100 100 99 11 40 53 33 21 54 42 7 61 100 75 91 51
21 17 43 23 30 64 42 74 88 82 26 33 40 2 52 62 28 37 53 15 2 27 38 17 0 8 30 24 20 21 24 0 0 0 0 0 0 3 44 38 2 0 0 0 0 0 0 0 0 0 0 0 0 0 21 61 13 0 54 94 82 75 42 75 51 84 62 29 76 11 33 26 11 13 10 24 6 52 100 69 88 97 97 39 68 71 69 39 12 16 53 25 98 44 8 8
7 46 66 75 22 35 26 41 41 65 19 51 9 55 67 1 64 58 60 36 39 54 47 29 0 0 0 3 0 2 7 0 15 2 6 2 7 50 32 50 48 10 0 0 0 0 0 0 0 1 0 0 7 23 94 50 18 0 29 57 38 10 9 46 36 25 1 5 27 25 0 1 2 0 56 54 67 94 84 21 75 72 68 83 64 100 100 65 30 0 20 47 36 92 16 2
20 48 78 69 25 42 39 24 71 38 11 50 68 45 5 52 12 0 32 1 40 40 26 2 7 11 19 33 29 35 43 23 27 12 11 25 13 43 81 90 94 75 15 0 0 0 0 21 27 55 40 59 79 96 65 14 56 0 0 61 53 22 59 32 22 11 3 34 37 15 8 9 0 0 11 86 75 21 14 0 53 97 53 63 17 52 98 61 72 86 60 10 65 98 69 24
24 51 55 23 11 24 75 37 55 52 29 12 29 17 61 39 39 19 55 28 7 1 6 7 26 16 52 54 67 75 44 78 62 53 50 17 26 44 62 42 40 77 61 1 0 0 8 48 79 81 77 100 47 47 46 53 71 16 2 10 28 25 67 19 36 17 58 52 65 41 54 52 0 0 74 72 54 15 0 0 38 57 69 89 80 24 69 100 100 100 100 69 97 100 92 8
24 40 31 8 23 44 12 26 53 1 7 42 36 19 15 25 42 21 0 4 0 8 51 37 24 53 49 89 92 82 42 57 34 75 53 20 4 54 60 89 32 0 11 0 0 18 8 74 47 75 78 88 49 23 27 57 12 23 54 25 18 47 50 59 61 21 51 63 30 61 82 28 1 24 86 81 37 2 0 0 21 85 59 90 46 24 59 91 58 99 100 94 94 100 90 16
28 2 1 0 7 19 14 20 13 18 64 42 11 12 0 0 4 54 42 15 38 74 68 37 17 48 18 25 22 16 0 56 44 66 47 16 14 40 90 31 22 0 0 0 5 18 83 83 94 69 83 49 11 81 31 3 41 0 46 43 69 98 64 48 54 63 62 41 13 2 6 21 58 100 76 37 41 0 16 0 1 33 88 93 76 96 95 55 94 95 99 100 95 86 100 89
0 0 7 14 1 15 7 0 3 56 12 0 0 0 5 3 37 30 29 12 67 43 18 19 22 83 3 0 0 0 2 29 8 36 4 18 53 39 22 15 8 5 0 0 0 33 87 38 57 71 48 36 57 12 11 31 0 7 97 74 44 70 46 10 14 75 72 26 23 2 28 73 95 97 26 24 0 0 27 12 9 4 35 43 99 100 82 71 87 26 70 68 60 83 100 69
1 1 12 67 26 28 4 0 0 0 0 22 11 1 45 49 26 47 9 21 59 27 29 28 42 34 12 29 33 17 49 3 4 50 20 17 37 11 13 43 63 19 25 8 29 6 60 48 26 92 35 12 47 86 64 76 41 45 87 46 10 16 93 29 48 100 100 97 46 59 98 100 100 78 90 39 5 0 7 55 19 37 50 69 84 99 48 47 95 95 75 52 81 99 75 40
42 50 36 39 39 31 46 42 15 7 42 63 62 53 65 40 27 5 24 23 26 16 39 27 32 5 17 2 44 29 77 29 2 1 25 20 14 5 47 46 31 31 7 50 75 5 13 71 35 81 43 5 72 100 84 65 28 22 9 26 4 19 34 31 20 79 88 66 37 74 98 91 54 99 87 54 49 46 15 8 80 32 0 4 30 34 35 46 97 100 100 95 32 82 96 27
49 28 49 56 34 16 73 16 45 71 59 59 69 58 66 61 5 13 50 48 47 56 35 24 0 2 13 31 13 55 64 42 3 8 10 8 6 0 27 21 11 8 57 18 56 10 22 82 30 8 0 71 61 98 97 57 17 44 6 39 12 56 64 16 27 59 25 32 70 98 65 84 44 27 48 76 29 86 31 4 16 86 62 48 49 49 47 57 96 100 100 89 17 68 100 93
9 32 41 40 35 15 24 54 68 73 62 59 70 14 46 55 7 31 33 20 49 68 39 30 14 10 29 21 8 48 51 49 0 0 2 15 0 0 4 1 0 19 15 0 51 70 30 71 67 65 28 25 50 80 63 19 58 64 19 65 27 92 45 16 33 40 84 88 64 36 35 59 44 84 33 56 26 18 71 49 30 24 52 76 99 100 100 97 84 99 88 59 59 9 92 75
85 18 27 30 27 45 59 12 0 4 20 52 40 43 51 31 33 13 15 10 26 64 42 27 10 76 97 35 0 15 31 3 0 0 4 3 2 18 4 0 0 26 42 6 24 76 51 74 76 70 57 50 20 82 86 72 100 28 15 23 36 77 72 74 54 68 52 8 32 0 0 0 6 31 0 15 8 8 59 53 81 11 27 3 24 22 54 90 76 27 3 45 36 39 68 2
45 2 25 3 16 85 67 27 28 31 46 13 36 70 56 43 24 23 67 1 0 0 0 0 16 64 99 11 23 41 25 0 15 51 61 18 20 10 0 20 13 11 28 19 11 64 55 38 19 2 62 99 97 100 100 98 80 26 38 28 64 95 84 84 95 49 16 2 3 0 8 5 0 0 0 0 0 9 13 78 27 28 89 78 70 91 100 89 36 50 95 100 83 63 7 43
2 48 28 59 68 75 18 27 26 95 54 19 45 71 46 9 16 5 48 55 0 15 8 1 4 21 51 81 68 37 38 29 90 96 91 93 6 1 6 8 22 39 0 7 29 13 74 74 29 63 33 20 92 100 88 36 16 12 32 14 74 100 94 44 31 14 45 0 0 0 2 8 0 0 0 6 32 3 5 0 25 28 10 55 65 89 97 36 24 70 95 96 42 1 15 5
15 2 60 66 76 52 16 55 52 24 20 48 82 59 21 21 18 25 35 39 33 11 36 81 76 52 78 71 29 21 33 21 61 71 41 41 2 0 0 0 12 22 1 47 77 6 98 63 14 26 46 16 15 85 34 13 40 19 83 60 26 29 100 89 26 0 0 0 0 0 0 0 0 17 32 0 0 5 63 2 9 18 14 51 84 63 81 52 63 95 100 54 16 0 20 74
34 33 64 33 55 49 26 11 11 16 45 37 12 32 1 17 16 42 18 2 60 52 33 37 73 84 67 24 17 13 32 5 39 50 12 22 23 20 13 25 27 12 38 27 43 16 37 56 0 3 0 22 32 98 90 49 49 97 69 50 18 7 67 100 91 40 1 0 0 13 0 0 0 1 14 0 3 15 36 5 1 31 1 5 26 63 73 90 100 88 50 2 1 8 22 32
64 14 99 83 52 31 15 6 7 58 83 43 22 43 20 3 39 38 20 19 78 13 13 7 51 43 31 12 8 5 32 23 81 17 25 30 24 33 49 43 6 12 64 24 40 79 77 100 86 93 43 46 33 79 76 99 100 100 86 47 11 76 84 43 40 65 10 0 0 44 28 8 0 0 14 0 1 41 61 51 9 12 12 8 87 100 100 94 68 18 0 11 15 5 9 72
53 55 89 20 26 48 23 28 71 50 74 39 22 46 34 19 36 23 77 25 58 7 7 12 19 50 68 82 30 13 50 100 58 8 35 69 52 18 28 12 13 0 41 20 93 100 100 71 64 87 90 74 38 88 71 81 60 80 70 18 52 40 76 3 2 40 4 0 7 0 22 9 1 11 0 1 0 0 7 64 22 13 4 11 8 87 57 5 0 0 0 12 11 29 71 20
41 99 65 20 17 34 1 71 45 24 65 57 27 5 0 0 54 12 35 0 25 45 19 37 69 52 0 6 65 34 60 79 52 28 51 48 20 14 12 8 43 68 63 58 98 67 77 11 78 74 23 45 48 52 87 22 66 94 37 49 67 76 33 33 0 0 0 2 38 52 5 6 61 31 17 16 0 0 62 9 36 35 63 50 85 76 19 14 0 0 0 5 42 45 36 24
69 60 6 51 85 45 47 53 17 53 56 49 41 11 0 1 3 3 23 0 35 49 50 24 49 48 44 4 79 97 24 4 23 9 42 9 23 56 6 49 76 89 86 23 54 89 64 53 95 84 23 17 55 46 12 0 9 62 52 19 46 23 2 5 0 6 0 0 34 16 0 0 48 89 57 25 3 3 81 34 97 81 99 99 61 73 37 35 12 0 12 79 91 33 46 44
29 22 0 31 95 49 1 7 11 28 23 5 18 2 19 4 37 55 67 15 50 61 24 65 30 35 50 39 55 85 28 39 45 70 4 12 29 37 16 68 11 19 38 41 88 86 100 88 79 51 63 63 17 0 0 0 21 19 18 26 22 4 0 10 0 4 0 0 0 0 24 19 10 93 49 10 22 13 83 28 100 99 66 75 81 13 8 25 3 38 83 81 54 19 26 56
1 0 0 11 55 5 14 57 61 37 73 46 0 0 41 45 19 39 27 29 8 29 30 48 1 45 52 16 28 86 62 56 36 50 2 34 69 54 75 83 16 12 25 86 58 100 84 11 35 62 70 6 2 0 0 0 0 8 42 31 5 0 0 26 22 0 0 0 0 5 39 56 6 26 98 52 60 94 85 53 100 100 21 11 1 54 33 0 29 68 54 8 41 98 46 40
0 0 35 32 43 89 65 58 50 97 77 68 13 0 35 49 39 42 43 42 31 26 22 21 0 2 25 52 12 37 29 28 31 64 35 71 96 100 100 48 14 49 73 62 65 100 87 84 74 90 38 36 19 0 0 0 1 35 76 47 64 23 0 29 11 4 0 0 2 2 50 32 52 0 60 88 87 68 29 68 100 100 34 35 58 62 6 29 83 50 25 28 94 55 15 23
4 41 30 21 90 96 75 87 45 40 40 32 9 0 0 9 52 52 82 48 38 54 62 76 11 0 42 71 45 12 2 54 51 16 25 75 99 100 91 7 62 71 70 75 100 100 97 90 43 48 83 34 2 0 9 69 77 91 96 97 76 91 30 19 32 3 1 46 20 3 82 58 95 7 29 100 85 14 21 16 82 46 3 60 31 4 46 97 75 25 85 13 98 85 79 100
57 28 44 69 89 91 49 7 41 47 31 33 2 24 31 75 52 20 52 49 48 65 65 69 56 4 14 18 12 10 29 16 44 63 75 29 42 71 16 19 58 85 78 43 50 67 70 46 65 65 90 21 18 66 85 100 97 40 75 87 25 35 47 42 24 0 19 2 29 6 32 90 92 34 14 100 30 12 65 0 13 3 18 13 6 64 91 25 30 35 69 80 87 73 59 50
67 8 40 83 62 67 55 26 45 52 41 41 20 72 76 76 36 5 56 31 34 23 51 57 24 11 25 23 11 16 18 39 94 43 26 47 79 74 27 54 30 50 97 94 90 84 45 93 98 100 57 36 89 86 89 85 56 24 3 33 49 100 59 27 22 27 28 24 46 14 43 57 100 39 13 93 46 15 54 5 29 58 40 25 78 50 33 59 19 2 76 87 52 18 15 74
50 38 100 94 99 80 50 35 50 45 28 47 47 72 77 35 63 4 23 23 14 32 16 32 35 56 22 35 28 23 29 100 61 3 30 0 55 90 56 48 70 75 100 46 65 86 93 85 83 72 88 99 87 50 16 30 41 51 49 73 49 72 60 36 79 61 24 45 18 5 84 88 53 4 33 98 9 38 73 15 22 77 41 79 70 29 42 60 8 24 76 85 6 14 75 39
80 75 30 73 47 62 12 38 45 33 33 70 25 46 82 21 6 0 0 0 17 32 14 39 35 49 68 59 92 53 46 81 84 69 82 56 100 100 70 90 99 69 100 63 33 73 98 96 77 91 68 33 21 62 24 41 71 68 64 51 63 19 15 16 59 26 74 89 15 46 98 61 19 16 88 82 14 86 86 45 70 39 93 55 3 48 73 83 84 100 100 71 30 87 43 57
17 27 31 51 33 24 23 1 0 0 0 24 18 41 56 26 0 0 16 9 7 15 38 68 50 47 23 43 88 79 100 92 36 35 65 72 65 94 37 84 94 42 71 69 79 60 100 76 79 9 0 0 1 64 87 97 99 92 37 58 24 5 54 50 12 49 27 84 72 91 49 34 6 85 100 9 57 82 37 67 47 66 65 14 0 39 57 98 61 52 87 73 81 64 31 93
25 9 42 47 20 16 64 5 17 8 47 50 21 17 0 13 3 6 9 46 11 9 41 34 93 88 66 96 97 99 99 62 34 59 77 86 88 88 52 74 99 82 95 90 78 64 48 39 14 2 0 0 55 88 100 84 64 16 2 28 44 39 90 43 32 98 89 49 69 25 47 24 40 91 69 58 85 78 24 44 88 73 8 0 1 33 93 100 81 86 61 25 77 70 84 74
54 31 50 31 2 61 56 18 63 20 82 37 0 0 0 5 13 24 3 0 22 66 60 88 68 53 99 100 100 98 99 87 14 21 87 84 47 85 73 100 100 78 79 27 95 87 89 20 60 30 39 86 100 99 80 43 5 0 42 79 61 100 100 71 90 98 55 53 34 66 62 68 47 9 23 59 78 14 18 79 71 56 58 31 64 65 28 29 49 63 89 76 13 16 98 80
74 26 27 31 18 62 10 49 76 9 32 14 10 18 0 0 6 14 9 75 93 30 49 72 92 77 100 83 59 21 7 36 49 85 67 97 100 100 92 100 61 53 56 96 95 98 76 29 66 59 100 100 100 100 64 72 91 29 51 45 89 100 100 100 49 10 0 0 53 97 79 11 0 37 85 53 52 65 56 49 65 64 32 1 21 20 0 7 1 45 78 59 23 37 72 33
16 51 75 32 21 21 17 56 29 45 42 1 10 3 37 67 29 31 90 100 100 100 100 100 100 100 100 97 14 0 0 0 24 96 69 93 100 100 63 22 82 96 93 100 87 100 67 3 52 96 100 100 85 52 91 100 100 99 100 75 100 100 100 99 8 0 0 7 80 62 5 41 70 33 63 24 56 70 79 99 74 44 43 16 8 18 30 42 39 13 60 100 90 78 66 30
12 3 0 2 1 1 27 29 27 48 55 85 70 69 97 93 46 69 100 79 60 100 94 85 100 100 100 100 80 72 100 88 100 100 100 100 100 73 21 49 86 47 89 78 79 100 93 51 73 83 100 100 57 78 98 89 100 100 65 70 100 100 40 26 0 9 45 13 55 20 38 69 43 18 41 78 93 73 87 94 80 90 65 61 58 71 75 86 97 94 59 37 39 68 88 63
15 1 5 35 18 3 17 17 83 56 79 100 73 51 87 95 57 89 78 6 73 100 77 49 100 100 100 100 92 100 100 81 32 55 69 100 86 6 34 91 25 16 85 22 56 100 98 31 96 86 100 100 95 100 80 97 100 100 77 91 97 93 37 0 0 7 19 64 98 97 12 20 19 26 40 84 95 73 82 93 92 68 93 47 34 49 100 100 100 100 82 34 33 51 100 66
41 51 15 7 0 12 50 54 84 72 81 100 100 56 96 88 94 58 54 55 100 100 95 39 22 48 19 45 62 85 55 45 26 9 4 66 76 29 67 61 70 7 4 2 80 98 18 41 100 100 92 100 100 100 80 91 100 100 90 34 38 100 62 0 0 17 34 87 93 36 0 32 84 72 96 62 57 56 5 11 40 98 64 51 59 47 100 100 100 100 73 57 33 57 77 33
72 64 57 20 66 41 64 47 77 16 52 96 48 10 87 43 60 100 96 100 100 100 100 81 60 58 9 30 72 64 5 7 57 77 28 1 32 91 58 37 83 47 54 16 46 45 28 76 97 89 93 100 84 90 32 80 100 59 83 31 55 100 79 15 44 40 26 77 55 21 51 70 72 98 81 100 85 20 1 9 74 77 81 86 100 100 100 100 100 77 46 56 33 44 36 32
13 51 95 51 66 68 87 97 95 49 95 97 26 22 91 99 100 100 100 100 100 100 71 75 82 88 67 12 11 30 56 37 67 92 85 68 26 73 79 16 93 68 63 38 69 33 55 60 87 74 83 98 93 35 87 98 93 4 56 43 29 80 61 43 45 54 19 39 1 18 69 93 98 91 100 88 13 19 54 62 58 78 72 100 100 85 95 45 51 12 47 33 33 33 68 82
37 67 99 70 13 60 86 55 79 82 100 48 50 49 100 100 100 91 90 72 96 59 6 44 77 100 61 9 49 77 89 80 80 50 63 66 89 97 89 63 76 85 65 49 60 45 44 42 55 20 45 53 75 62 80 81 74 68 65 71 83 58 39 29 78 38 1 0 17 11 68 97 86 100 100 97 94 67 100 97 68 100 94 99 81 84 43 6 28 56 64 33 33 56 58 58
41 60 48 68 60 92 46 1 5 80 100 100 91 33 68 45 53 52 86 50 64 1 38 62 86 100 63 59 56 30 24 55 62 66 34 17 59 32 30 32 46 55 15 36 22 53 2 0 0 0 0 18 7 45 48 26 5 26 58 64 75 27 28 0 16 5 0 0 4 11 88 75 17 43 45 97 81 99 70 98 100 100 100 93 86 44 41 29 56 83 51 41 59 45 20 58
53 46 88 99 66 60 51 82 78 100 100 83 34 44 97 9 1 98 99 38 11 17 66 72 92 62 25 6 27 31 0 1 4 10 0 0 13 47 70 31 23 25 21 7 8 0 29 49 47 51 16 0 4 0 0 0 0 15 17 31 57 36 23 27 16 10 3 10 6 51 100 89 7 0 1 54 90 52 46 99 100 75 83 92 72 75 46 26 66 78 30 56 55 21 19 23
36 80 87 98 88 85 95 89 81 47 82 67 93 72 79 55 55 100 86 79 69 10 61 69 59 11 23 68 30 64 0 0 0 1 21 54 39 48 100 74 0 0 0 0 3 6 77 98 83 66 14 16 67 73 54 47 40 21 0 4 9 10 40 41 76 100 86 89 96 91 64 9 0 0 3 34 90 72 77 99 87 84 98 98 47 34 21 44 4 26 16 67 67 32 54 9
39 51 18 7 19 57 95 26 60 51 25 61 11 56 51 75 81 100 61 90 69 45 28 60 28 40 19 0 8 10 0 0 0 28 93 91 100 98 99 76 64 21 18 53 42 49 63 97 100 29 7 24 40 40 73 95 100 93 23 62 48 81 99 66 100 100 100 100 100 60 57 77 42 24 25 41 90 51 32 88 61 45 93 72 40 8 30 84 71 9 23 84 55 42 46 28
79 86 59 1 2 22 50 29 54 74 57 57 86 17 9 35 62 95 79 82 73 0 0 29 90 54 2 45 0 0 0 0 0 10 64 87 95 100 100 84 87 88 82 41 8 72 99 97 65 73 33 59 44 8 15 75 70 53 41 73 90 100 94 47 99 100 67 72 65 93 89 44 26 63 78 98 55 2 0 64 44 94 97 19 0 4 14 86 94 18 0 0 40 77 32 80
32 36 8 18 67 87 64 26 71 62 67 63 30 18 59 86 77 94 48 50 26 0 0 9 98 63 16 1 0 0 0 2 58 40 87 85 39 55 100 99 89 58 87 100 100 47 98 89 100 63 57 68 93 97 80 39 100 98 31 45 39 79 96 28 8 100 100 96 13 75 98 97 6 17 87 100 72 47 40 60 57 52 67 36 21 29 70 100 46 60 66 5 0 33 28 6
33 24 53 100 97 70 11 66 88 50 33 37 2 36 22 77 78 33 9 1 19 0 0 23 41 15 0 0 0 5 6 63 80 81 44 9 19 35 92 43 39 45 84 92 61 100 98 100 100 98 51 78 92 97 96 72 93 97 52 49 36 47 100 43 32 100 100 100 58 50 19 86 32 86 100 91 88 88 51 77 36 6 15 27 2 33 80 100 96 50 72 4 0 0 0 59
67 43 93 71 93 58 41 100 98 22 4 35 41 14 0 17 84 0 0 11 13 0 0 0 0 0 0 24 51 74 90 87 22 60 83 39 70 44 42 69 94 88 96 100 67 93 84 96 100 100 34 51 86 82 41 25 49 93 71 73 5 34 68 22 50 80 25 71 80 14 0 7 7 74 86 71 19 92 46 22 13 4 34 93 76 38 15 42 79 54 43 76 23 0 0 75
85 90 74 100 100 100 99 100 100 46 4 21 86 90 25 38 9 0 0 0 0 0 0 4 41 70 79 62 61 92 72 78 97 100 97 72 45 47 25 71 100 100 100 100 59 66 92 93 100 100 72 84 100 100 58 17 16 38 46 74 57 52 90 54 40 74 1 65 31 0 0 20 73 100 36 19 8 92 54 33 27 63 96 47 6 44 56 45 15 46 74 41 23 0 0 9
