data/habitatmaps/RS_maps/habitat_Linaria.cannabina_2020.asc
NCOLS 369 
NROWS 228 
XLLCORNER 479000 
YLLCORNER 73000 
CELLSIZE 1000 
NODATA_value -9 
[rows 122 to 182 of 228, columns 96 to 191 of 369]
6 3 1 68 100 87 41 0 50 39 93 88 71 100 40 0 0 0 63 26 27 52 43 29 9 14 35 2 15 33 26 27 91 74 50 2 0 0 0 0 0 24 0 0 0 0 10 55 0 12 56 74 82 82 66 100 73 62 25 91 100 100 43 26 96 88 19 0 3 17 25 27 0 25 30 5 7 21 44 1 34 72 41 47 45 91 100 100 100 100 100 100 92 61 29 16
70 53 51 67 67 67 96 44 56 77 82 44 87 100 75 14 7 0 77 61 33 47 26 25 50 41 47 27 10 47 35 34 100 88 31 0 0 0 0 0 0 2 0 0 0 42 28 38 19 65 66 85 100 99 100 86 16 12 19 79 100 100 88 93 60 16 14 15 0 0 0 0 47 2 0 0 0 0 0 0 9 34 54 72 59 38 100 100 100 100 90 78 44 37 99 100
56 57 94 77 87 81 59 50 58 51 75 92 92 54 55 43 18 42 46 67 84 70 14 3 40 39 27 51 0 1 66 51 65 8 82 6 0 0 0 0 0 0 0 0 58 97 85 87 68 67 99 100 100 100 100 32 11 59 53 52 100 100 100 66 11 33 0 0 0 0 0 0 3 2 0 0 0 5 0 0 0 0 0 50 35 35 94 100 88 69 54 85 71 100 100 91
51 92 94 67 100 96 54 54 61 36 31 89 76 56 54 41 64 90 73 87 76 72 66 67 5 43 52 26 10 2 84 98 100 50 7 18 0 0 0 0 0 0 0 0 64 100 52 79 86 66 100 100 100 100 84 36 82 52 76 47 50 83 66 9 19 0 0 0 0 2 0 21 12 0 43 36 29 17 22 4 0 0 0 6 30 12 78 97 30 17 38 8 9 51 9 47
67 92 75 76 47 48 1 20 31 69 34 11 3 66 66 54 52 48 51 66 56 67 66 73 96 69 95 86 60 43 45 51 79 86 12 9 83 29 0 0 0 0 0 2 11 23 53 100 40 22 49 95 100 100 35 59 89 33 21 33 61 33 2 29 0 0 0 16 13 42 48 75 38 22 100 92 66 84 44 28 27 24 30 33 5 37 17 25 11 12 28 28 11 39 94 91
82 99 29 89 34 0 0 16 45 44 28 21 35 22 11 56 27 26 29 10 12 60 72 85 70 90 100 100 78 59 63 8 8 58 99 100 90 34 8 0 0 0 0 0 0 0 0 30 0 0 25 90 78 46 43 12 13 2 11 18 36 51 11 0 0 1 18 20 61 81 52 100 66 71 88 74 100 100 100 100 41 14 22 49 50 37 47 27 5 24 37 45 48 50 100 45
100 100 86 59 27 1 8 48 70 14 56 59 73 59 59 53 62 45 50 54 80 82 51 100 100 100 100 100 98 100 99 88 77 10 9 53 43 65 95 31 50 6 0 0 0 0 0 0 0 1 53 47 21 57 48 0 0 16 8 33 21 4 0 0 28 6 10 37 4 0 57 93 79 99 14 65 100 100 100 90 35 32 33 31 27 43 15 7 69 86 100 100 100 79 90 100
73 51 32 29 8 71 36 24 48 4 50 74 100 97 78 2 70 57 44 64 83 100 98 100 100 100 100 79 40 52 71 98 99 61 49 8 2 51 43 0 58 9 0 0 0 0 0 0 0 31 79 30 5 39 6 0 0 0 6 0 0 0 6 3 4 16 64 100 100 25 63 70 52 12 49 100 100 100 97 38 31 55 76 100 53 45 6 31 100 100 90 28 65 100 100 84
44 76 56 40 5 86 50 48 60 44 68 52 99 62 54 92 34 26 48 69 100 100 100 100 100 87 46 12 0 68 100 100 100 100 100 89 50 0 34 33 0 0 0 0 0 0 0 0 0 0 0 1 4 7 0 0 0 0 0 8 28 21 6 6 81 84 100 100 100 91 100 81 16 0 69 100 98 79 53 44 11 20 19 97 31 1 0 7 69 99 100 70 54 86 98 31
92 79 28 4 8 98 65 51 12 8 54 85 53 51 73 92 70 54 88 98 100 100 100 100 97 31 0 4 46 100 100 100 73 50 10 24 75 29 11 0 6 1 25 9 32 23 1 0 0 0 0 0 0 0 0 0 0 12 14 16 3 0 12 77 100 100 95 55 50 60 99 67 32 12 97 100 87 24 56 51 51 13 29 83 46 82 14 35 32 50 89 97 40 34 39 41
43 64 42 85 74 36 58 26 12 18 66 62 64 60 45 50 73 64 42 66 97 100 100 80 82 54 35 50 89 96 64 34 19 26 37 23 31 26 15 9 71 56 45 32 39 61 70 22 3 0 0 0 0 0 0 0 14 41 0 4 18 49 88 100 78 48 48 79 56 96 71 88 100 89 100 100 100 69 50 0 31 37 85 35 74 100 94 9 51 15 50 88 40 6 0 0
0 36 35 26 82 56 74 59 67 35 89 43 56 35 3 86 100 98 99 99 43 70 63 37 66 70 72 70 85 99 93 97 83 50 81 39 71 47 12 44 8 35 62 94 34 84 32 47 31 5 0 7 29 14 0 0 11 41 11 42 96 100 94 77 85 82 100 94 73 80 100 100 100 100 100 100 46 17 0 0 14 99 93 11 85 26 100 86 46 83 82 53 96 18 0 0
0 21 21 17 70 45 59 75 33 63 100 60 50 52 83 100 100 100 100 99 67 51 58 58 76 68 56 63 72 57 58 77 65 69 72 67 61 15 2 15 49 17 0 62 50 78 88 69 16 0 0 25 21 3 0 0 0 8 17 0 68 96 40 91 78 83 84 63 62 85 100 93 100 100 91 19 0 0 0 0 0 60 100 75 100 95 54 100 88 16 42 94 64 0 0 0
14 30 39 62 85 68 22 47 46 84 89 80 47 82 100 100 100 100 100 82 66 77 90 66 74 53 21 39 34 20 88 40 39 47 47 35 0 15 42 50 61 90 17 50 92 56 45 46 18 0 0 2 75 61 31 27 14 0 21 7 21 14 24 20 23 15 9 51 34 63 80 48 100 48 41 3 0 0 0 0 0 7 20 69 90 100 93 13 53 97 89 90 100 26 0 0
16 38 47 81 65 43 82 62 46 100 88 99 100 100 100 100 100 100 95 83 72 72 49 50 79 42 10 5 29 75 60 45 66 24 5 0 0 27 97 100 95 96 62 31 57 81 93 28 6 0 9 71 100 72 71 43 93 61 5 8 41 31 23 32 35 71 44 27 75 43 19 64 89 62 92 69 0 0 0 0 0 0 0 24 82 100 99 0 10 76 63 77 87 80 7 0
12 25 24 25 75 64 60 75 80 100 100 100 93 80 87 100 100 89 48 37 53 32 59 100 100 53 94 87 69 84 100 56 26 23 43 21 58 81 100 100 71 61 36 44 61 88 30 52 0 9 25 100 99 19 71 97 60 100 54 40 0 6 78 53 46 38 38 58 88 47 59 39 37 10 71 55 18 0 0 0 0 1 41 91 100 100 42 0 25 100 91 89 96 90 70 0
61 41 41 22 34 28 46 75 100 100 98 63 51 34 63 100 72 73 68 75 40 94 100 100 74 52 100 100 68 87 100 78 61 63 97 92 58 100 100 95 83 16 47 50 72 66 13 56 46 63 75 100 100 95 94 86 100 93 3 7 9 22 61 100 98 30 28 74 77 97 89 16 23 38 11 13 0 0 0 0 0 1 24 39 64 22 0 0 44 100 98 55 73 87 64 0
60 85 31 26 11 38 42 51 61 90 74 40 51 83 78 73 68 33 71 68 52 96 100 100 100 100 100 100 100 90 51 97 90 65 84 84 87 100 93 69 7 26 35 70 66 61 41 52 100 84 100 100 100 25 79 100 98 67 18 0 26 0 6 95 99 13 0 3 90 100 10 21 91 11 15 0 0 0 0 11 0 17 34 0 0 0 0 0 7 36 95 100 100 57 3 0
33 34 30 39 42 32 47 27 53 92 35 28 29 47 20 33 27 59 78 63 0 21 100 100 100 100 100 100 100 83 20 66 100 53 2 85 100 99 45 31 54 46 93 50 14 41 82 42 83 63 100 98 44 0 59 91 100 100 98 45 12 39 59 92 100 41 14 34 89 46 10 30 25 76 81 4 0 0 0 9 37 0 0 0 0 0 0 0 1 6 43 100 100 100 20 0
45 70 45 33 61 46 19 84 54 17 41 41 76 66 26 0 6 84 56 49 20 34 73 100 100 100 100 100 100 46 47 84 79 68 63 100 100 80 20 54 14 37 42 83 30 82 69 24 82 96 100 55 60 2 10 93 100 100 95 69 23 31 50 100 100 93 97 71 7 0 9 71 30 63 14 18 0 0 0 0 18 29 0 0 0 0 0 0 3 30 42 61 43 95 44 13
52 70 48 47 65 23 86 99 87 46 48 46 62 84 59 27 92 68 68 65 51 82 100 100 100 84 52 79 95 98 100 100 75 77 98 100 94 20 7 3 30 42 83 88 13 44 64 17 28 30 72 75 87 74 74 100 100 100 98 27 80 8 65 100 100 90 18 0 0 0 17 45 20 40 0 0 0 0 0 0 0 0 22 57 53 72 80 42 35 20 31 73 95 95 83 95
16 83 59 68 86 82 67 100 100 97 100 96 47 67 50 72 83 96 100 62 54 56 100 100 100 100 59 44 100 100 100 100 100 91 100 100 100 20 12 40 71 56 57 100 76 82 40 24 71 30 32 59 100 62 78 28 8 98 97 41 77 17 9 34 75 11 0 0 0 0 0 0 0 0 0 0 0 0 0 0 0 0 0 0 6 14 4 49 52 82 58 58 53 83 100 100
82 62 75 99 98 57 34 83 75 70 98 92 77 55 69 75 76 100 35 48 100 100 100 100 100 96 16 89 66 100 100 100 86 100 100 100 57 62 48 61 63 48 38 99 100 94 25 44 84 100 74 74 68 4 4 16 69 100 98 45 28 15 16 27 5 0 0 0 0 0 0 0 0 0 0 0 0 0 0 0 0 0 0 0 0 0 17 58 77 63 95 91 100 100 100 100
49 99 56 52 51 71 93 73 84 60 99 100 100 76 85 99 100 95 53 22 68 46 72 96 90 100 81 69 35 45 81 91 72 43 71 100 100 69 55 56 66 23 44 4 97 97 54 63 26 39 68 93 25 0 24 89 100 100 63 73 48 17 0 0 0 0 0 0 0 0 0 0 0 0 0 0 0 0 0 0 0 0 0 0 3 27 54 61 71 69 58 44 100 100 64 88
95 100 100 94 78 75 84 45 88 100 100 100 81 41 100 100 100 94 79 56 69 54 26 57 43 58 64 78 81 90 80 80 100 100 78 99 62 27 41 100 93 48 71 36 67 95 22 75 98 78 55 83 93 30 66 100 100 95 58 21 32 80 50 0 0 0 0 0 0 0 0 0 0 0 0 0 0 0 0 0 0 0 0 0 9 30 19 28 34 46 23 91 100 99 44 20
68 85 100 100 100 93 96 100 100 93 100 100 100 100 100 100 100 49 81 99 26 53 9 46 35 27 48 77 100 100 63 95 100 100 100 97 67 52 71 100 100 84 41 42 55 86 74 45 100 100 100 93 78 39 10 51 86 55 46 57 56 81 63 7 0 0 0 0 0 0 0 0 0 0 0 0 0 0 0 0 0 0 0 0 0 0 0 0 24 80 100 100 97 76 33 43
31 97 100 100 100 100 100 99 93 49 43 66 79 100 100 100 61 45 80 91 31 95 64 90 77 100 96 98 91 100 88 100 100 100 76 80 65 56 77 95 100 88 31 74 66 47 23 0 28 53 55 100 83 24 0 0 40 63 59 100 91 65 94 17 0 0 0 0 0 0 0 0 0 0 0 0 0 0 0 0 0 0 0 0 18 71 78 59 80 100 100 88 67 84 94 10
41 93 88 77 69 55 82 72 63 57 28 62 97 99 66 81 29 0 17 74 1 85 78 61 82 56 72 95 90 88 83 29 54 100 82 42 10 83 77 94 100 100 61 59 86 46 46 73 67 33 3 56 19 36 0 0 0 0 68 74 80 100 31 0 0 0 0 0 0 0 0 0 0 0 0 0 0 0 0 0 0 0 0 0 0 31 100 100 100 100 100 95 89 45 23 95
87 47 68 72 75 64 99 29 65 75 53 59 100 89 79 22 7 49 90 94 12 8 28 50 32 62 100 100 85 89 60 21 100 100 90 54 87 36 60 100 76 40 68 41 52 70 69 56 88 7 0 0 0 0 0 0 0 0 69 95 96 86 31 0 0 0 0 0 0 0 0 0 0 0 0 0 0 0 0 2 2 0 0 2 46 73 98 99 100 100 100 54 40 54 83 88
100 91 94 43 13 54 53 70 100 94 58 87 100 49 8 0 41 87 97 100 62 37 0 47 51 58 86 100 26 15 77 96 100 100 87 51 82 46 95 51 72 100 61 30 42 64 83 61 58 0 0 0 0 0 0 0 0 0 12 12 13 26 0 0 0 0 0 0 0 0 0 0 0 8 0 0 0 0 7 14 46 0 2 21 95 74 100 42 67 100 83 19 0 34 49 100
100 69 82 61 0 51 87 50 82 57 60 46 65 95 2 0 64 45 33 86 58 84 67 7 69 66 59 88 66 50 100 100 89 51 19 19 66 58 84 32 89 100 75 17 44 47 1 9 26 0 0 0 0 0 0 0 0 0 0 0 0 0 0 0 0 0 0 0 0 0 0 0 0 60 0 0 0 0 11 14 64 24 78 73 94 96 76 25 47 63 10 8 49 100 100 100
29 67 55 84 45 95 86 43 34 56 1 22 77 91 37 51 82 63 77 73 100 70 100 51 91 56 53 98 83 89 100 100 87 50 98 51 45 79 43 17 82 100 99 16 60 0 0 0 0 0 13 0 0 0 0 0 0 0 0 0 0 0 0 0 0 0 0 0 0 0 0 0 0 38 41 0 0 63 31 61 46 44 100 100 99 45 60 100 47 35 13 94 100 100 100 100
62 45 28 54 57 12 60 64 74 3 22 9 48 7 41 52 60 76 74 96 100 100 100 35 78 83 64 60 97 100 100 100 76 36 68 33 79 38 0 52 61 100 45 84 67 39 2 0 8 62 18 0 0 0 0 0 0 0 0 0 5 0 0 0 0 0 0 0 0 0 0 0 0 0 61 23 22 67 34 86 50 92 100 98 42 36 62 51 22 61 85 96 71 100 100 87
96 59 71 79 10 23 100 100 100 61 57 0 22 48 69 90 80 100 64 100 100 100 83 27 61 23 50 28 73 100 100 88 60 88 83 60 23 0 27 96 97 68 51 72 46 39 62 37 84 100 95 34 0 0 0 0 0 56 35 44 80 43 2 0 0 0 0 0 0 0 6 0 0 0 26 43 84 98 49 100 100 100 95 35 75 97 52 0 24 98 100 100 61 36 43 47
66 70 59 39 12 41 100 100 66 54 11 0 60 75 69 23 80 100 65 100 100 100 60 60 100 72 72 72 90 100 100 92 67 54 53 96 62 29 97 99 60 22 42 65 46 54 30 67 92 100 61 12 0 0 0 89 19 95 79 95 100 57 8 0 0 0 0 0 0 0 14 14 0 4 0 71 100 100 95 100 100 100 47 63 92 30 7 50 66 92 89 13 12 0 14 6
26 52 63 100 46 87 100 100 55 65 36 53 79 34 27 25 82 94 88 100 100 99 57 100 100 100 71 64 84 100 99 80 34 96 100 100 24 66 100 69 100 69 4 26 37 8 60 56 65 45 0 0 21 100 36 99 84 100 100 100 95 68 0 0 0 0 0 0 0 0 0 13 64 15 0 30 100 97 22 49 52 51 47 76 19 7 59 100 100 100 69 0 0 0 0 51
76 67 54 93 97 100 100 100 92 78 72 59 50 29 23 65 29 100 100 100 100 97 97 64 94 41 48 46 55 73 99 30 94 100 100 100 56 76 94 89 98 36 0 0 0 17 79 54 12 0 12 39 62 97 100 100 100 100 92 43 37 3 0 0 0 0 0 0 0 0 0 28 10 0 12 20 99 62 0 0 0 16 60 18 11 58 100 97 100 100 77 0 0 0 8 93
34 38 70 36 53 38 99 100 100 95 78 9 27 4 18 80 95 100 100 100 100 100 100 80 74 66 23 39 1 65 100 48 7 27 35 43 0 0 74 71 6 0 0 0 0 6 43 7 26 60 93 100 100 67 80 91 57 64 15 0 0 0 0 0 0 0 21 1 0 0 7 68 0 3 32 93 96 14 11 25 3 60 15 19 95 100 56 54 42 78 38 0 0 10 64 65
60 72 45 46 53 62 78 100 96 75 74 53 55 0 43 73 74 87 18 25 100 100 99 36 48 67 76 63 65 100 34 0 0 0 0 0 0 0 70 67 0 0 0 0 0 4 18 100 100 100 70 95 76 87 30 12 23 0 0 0 0 0 0 0 0 0 9 43 3 10 81 80 0 53 8 100 72 18 56 33 53 11 44 97 100 100 98 11 0 0 0 0 2 33 10 53
100 93 57 76 84 46 50 100 42 67 67 51 25 0 100 62 44 77 44 90 100 100 71 97 71 47 93 79 98 72 12 0 0 0 0 0 22 36 13 49 0 0 24 19 12 0 85 75 86 69 25 63 76 60 47 0 0 0 0 0 0 0 0 0 0 0 0 5 68 95 83 21 41 73 51 55 19 12 20 38 11 18 89 100 100 98 47 17 7 6 0 0 0 0 0 0
53 70 68 77 100 53 82 99 71 80 38 55 64 39 99 89 63 28 92 100 100 100 100 100 100 99 75 22 51 4 4 0 0 0 0 24 82 71 67 33 61 79 92 100 37 34 60 97 43 0 1 16 29 38 0 0 0 0 0 0 0 21 9 0 4 30 68 87 76 63 7 92 100 100 97 41 22 82 57 10 28 31 55 100 69 46 75 99 91 93 32 0 0 0 35 65
67 97 98 98 100 76 100 29 28 97 73 76 71 49 100 100 84 55 100 71 45 83 82 71 36 75 23 0 0 0 0 0 0 0 0 0 23 3 73 42 78 47 87 26 2 21 62 98 90 0 0 35 10 0 0 0 0 0 0 0 0 57 48 0 80 100 100 100 82 10 36 100 79 54 26 49 50 19 38 51 15 65 100 100 78 80 100 100 100 99 61 0 0 0 40 91
100 83 62 89 100 100 100 56 93 92 67 99 74 97 98 84 80 80 43 28 33 3 0 36 78 33 0 0 0 0 0 0 0 0 0 0 0 16 100 26 29 78 91 17 22 15 77 96 45 7 60 2 0 0 17 37 1 11 40 8 49 43 23 30 97 100 100 100 50 46 80 38 19 67 37 38 41 7 21 1 22 51 61 67 76 46 41 67 91 100 76 43 22 5 63 55
82 95 100 97 100 100 100 100 93 49 44 37 13 70 18 13 90 64 0 0 0 0 38 81 31 0 0 0 0 0 3 4 26 54 5 24 64 86 100 9 37 82 22 24 75 3 24 88 62 32 65 0 0 0 51 100 45 46 100 49 8 50 97 100 100 91 55 100 71 73 50 30 55 64 27 20 9 0 16 0 65 14 34 36 35 22 96 88 42 24 81 100 100 70 18 97
51 95 92 32 71 100 91 78 22 53 60 90 91 96 64 25 99 8 0 0 0 9 71 78 28 2 0 0 34 0 6 72 95 59 48 15 66 100 79 8 84 96 95 96 83 10 33 100 49 41 67 1 21 0 69 100 62 71 100 71 16 66 100 100 100 78 63 53 6 3 75 70 81 48 52 24 48 67 45 36 21 38 1 35 20 81 42 1 8 45 70 99 100 73 0 38
38 49 57 19 54 35 57 75 30 69 100 48 65 49 5 15 45 0 0 0 18 5 6 51 60 92 84 55 81 57 47 97 70 97 100 55 25 98 35 39 38 100 100 100 97 34 100 84 23 27 67 4 68 38 99 100 7 52 100 100 84 48 100 100 100 91 45 38 4 14 42 15 14 28 4 49 76 100 100 96 56 2 29 55 69 80 46 49 31 22 44 65 100 65 34 85
7 35 39 50 29 87 100 80 58 91 48 9 69 85 5 0 0 14 3 2 51 56 24 63 56 39 100 94 90 98 100 100 43 23 85 100 86 21 25 0 0 94 100 100 100 100 96 69 30 41 63 66 97 98 100 93 50 87 61 100 89 30 100 100 100 72 49 68 74 85 30 34 29 5 19 21 24 100 89 50 22 29 42 76 17 0 0 0 2 32 1 66 100 84 97 100
99 54 5 6 65 78 54 7 3 51 5 3 74 99 19 0 34 72 4 14 23 28 73 75 61 10 76 100 100 100 97 87 36 0 49 75 83 29 20 0 1 56 61 94 67 92 57 100 28 41 41 44 47 98 13 19 57 100 65 76 100 79 100 100 92 46 0 31 7 27 0 35 3 62 3 21 87 100 88 97 90 83 96 53 0 0 8 69 64 81 55 100 100 100 100 69
100 74 3 5 61 46 0 0 0 0 0 58 100 68 47 3 16 78 21 92 7 68 98 100 31 0 25 31 71 41 3 0 63 34 67 57 0 8 36 8 41 43 45 56 50 63 100 100 59 85 80 88 63 31 63 60 54 70 29 84 46 52 87 63 37 17 0 0 6 55 32 2 66 76 2 100 100 100 92 75 83 31 96 44 0 6 78 100 74 44 67 100 100 100 100 89
81 94 94 100 89 57 0 0 0 0 0 61 100 100 54 56 90 48 44 100 98 100 100 99 36 0 0 0 1 2 0 0 54 20 41 52 30 51 27 13 51 34 58 78 95 65 41 31 0 19 42 78 72 66 48 26 7 56 55 23 14 64 66 31 30 26 0 8 74 42 12 22 100 87 65 100 95 76 17 19 88 8 12 11 6 62 69 71 46 74 100 100 97 100 100 42
54 86 23 7 0 0 0 0 0 0 19 87 91 100 60 91 100 32 47 100 92 77 21 3 27 0 0 0 0 0 0 0 0 0 0 0 11 56 32 1 40 84 98 71 56 51 0 0 0 0 0 0 0 0 0 0 0 21 2 50 67 37 40 27 16 1 0 23 63 44 0 8 87 100 100 100 35 0 0 2 30 0 0 0 36 68 62 77 43 59 98 30 68 100 85 26
100 74 13 1 3 0 0 11 39 85 91 100 58 100 73 47 83 58 89 66 15 0 0 0 0 0 0 0 0 0 0 0 0 1 0 0 7 0 0 23 100 41 0 0 0 0 27 2 0 19 18 0 0 0 5 0 0 2 0 6 17 40 32 13 0 0 0 23 5 35 66 84 29 85 100 100 25 2 26 15 20 20 3 3 80 100 100 58 8 62 81 5 91 74 17 65
65 80 97 92 82 43 3 80 39 51 98 94 100 100 100 24 58 34 87 61 0 0 0 0 0 0 0 0 0 0 0 0 0 59 23 31 6 52 22 22 11 6 0 11 27 33 39 3 0 0 12 21 0 15 27 5 0 24 37 21 54 0 0 50 27 0 16 14 17 78 43 17 0 58 94 100 25 46 94 74 78 80 14 42 80 97 67 12 1 76 77 43 100 63 0 62
12 35 80 100 100 99 94 87 82 53 55 73 24 100 100 94 28 30 96 44 3 12 11 3 0 0 3 0 0 0 0 0 0 16 83 44 28 73 42 53 42 17 31 65 43 22 7 14 84 23 0 0 0 7 53 25 31 83 52 0 16 0 7 63 6 6 64 91 35 7 0 27 39 85 88 58 60 100 100 40 58 65 46 94 100 100 93 19 6 41 55 100 60 12 18 20
77 100 100 100 86 23 44 99 36 39 72 100 98 100 98 34 28 20 14 0 0 74 44 29 2 74 30 0 0 0 0 0 0 49 19 17 87 62 0 4 37 62 38 1 0 23 8 77 13 73 94 39 0 0 0 7 0 2 96 100 68 22 4 73 100 3 29 42 86 24 2 0 32 86 26 14 42 78 70 40 30 65 96 80 100 100 100 100 94 41 20 0 7 23 1 44
64 78 97 65 3 48 90 91 68 72 42 86 100 99 52 26 72 0 0 0 0 24 60 1 33 24 0 0 0 0 0 0 17 41 73 88 45 23 12 71 100 98 61 35 43 0 8 23 0 22 80 51 23 3 4 36 22 9 100 61 67 27 0 57 85 4 30 18 73 73 97 5 66 42 0 13 0 0 55 23 54 67 73 73 100 100 100 100 100 100 35 8 0 13 38 10
31 85 65 0 5 96 72 57 53 39 41 53 47 18 0 10 1 0 0 0 0 0 0 0 0 0 0 0 1 0 1 3 17 42 19 56 32 98 89 88 34 66 9 19 78 18 53 47 17 11 98 100 60 60 78 98 100 13 59 61 100 61 32 78 55 19 97 95 54 98 96 33 98 40 0 0 0 0 37 95 100 51 44 4 7 51 100 100 100 98 75 8 0 54 37 16
68 13 6 0 44 34 1 27 84 83 40 35 0 0 0 0 0 0 0 0 0 0 0 0 0 0 0 22 17 0 28 22 9 0 3 0 48 41 96 63 5 0 0 30 100 40 23 73 0 19 98 79 1 24 82 50 87 77 85 59 51 48 10 85 100 41 100 100 100 100 100 85 74 21 0 0 0 3 63 100 100 38 4 0 0 5 44 62 99 56 26 55 32 41 23 18
44 0 3 37 2 0 10 20 34 13 37 4 0 0 0 0 0 0 0 0 0 0 0 0 0 0 0 0 15 19 7 8 26 38 56 0 6 7 86 62 49 10 12 60 25 78 32 79 1 4 50 59 1 4 79 56 74 85 47 59 20 0 6 80 99 50 97 100 100 100 100 34 0 0 0 0 9 37 12 78 93 56 94 54 5 12 17 3 23 56 1 8 36 69 31 0
31 78 95 95 88 45 100 100 100 64 8 27 0 0 0 0 0 0 0 0 0 0 8 0 0 0 16 19 23 11 22 8 88 55 0 0 0 58 100 100 100 36 3 27 32 81 17 82 22 0 2 13 45 92 100 100 99 63 39 89 23 15 60 46 56 66 100 100 100 100 100 47 14 29 0 0 99 100 34 45 100 99 80 86 28 39 35 7 0 0 0 1 11 25 21 0
1 72 100 100 44 4 31 29 0 7 52 9 0 0 0 0 0 0 0 0 0 0 33 7 45 18 4 29 95 83 35 28 100 82 38 7 0 8 68 65 100 87 35 53 55 74 30 63 8 0 5 47 92 91 100 99 41 23 2 31 19 18 67 7 43 100 100 100 100 100 100 99 81 70 0 72 61 29 70 93 95 36 57 27 43 45 0 0 0 0 0 0 0 9 0 5
