data/habitatmaps/RS_maps/habitat_Certhia.familiaris_2019.asc
NCOLS 369 
NROWS 228 
XLLCORNER 479000 
YLLCORNER 73000 
CELLSIZE 1000 
NODATA_value -9 
[rows 63 to 125 of 228, columns 192 to 287 of 369]
14 15 5 29 7 0 26 23 34 46 84 36 19 63 27 0 0 0 0 0 18 5 35 62 23 1 0 17 38 1 0 0 31 6 0 0 1 27 21 17 0 10 35 34 40 17 26 54 66 43 15 10 53 32 30 26 36 12 6 47 57 75 44 78 66 28 43 60 63 61 22 45 42 20 1 14 0 7 46 30 29 55 55 31 86 50 0 26 63 31 74 40 0 0 0 50
1 26 0 45 2 1 36 42 47 34 33 57 66 81 78 0 0 0 0 3 6 14 16 12 28 36 0 7 10 14 29 12 6 0 3 8 31 25 46 56 17 0 8 20 32 43 51 45 16 18 22 29 20 16 39 1 28 27 34 38 60 64 35 72 69 60 63 74 80 76 61 41 0 0 0 0 0 0 0 5 37 26 27 98 82 13 1 28 4 30 66 48 0 0 1 96
0 26 5 15 15 0 50 61 12 24 24 67 100 93 99 26 0 0 0 0 0 0 0 5 55 50 20 2 21 15 10 3 20 0 65 21 1 41 83 55 32 61 18 39 10 27 5 24 16 20 4 46 78 47 56 48 3 21 44 18 14 38 49 59 38 55 74 63 78 100 32 7 0 0 0 0 0 0 0 29 0 22 90 75 43 8 8 18 0 0 16 26 41 48 60 46
0 10 14 0 0 0 10 55 20 8 18 50 100 100 94 33 12 0 1 0 0 0 0 0 0 16 45 44 43 3 8 16 0 0 65 21 9 23 48 37 25 34 32 15 19 12 25 0 13 16 83 100 95 62 68 60 15 8 18 28 25 7 31 42 16 8 52 58 49 39 10 0 0 0 0 0 0 0 0 3 44 82 63 3 76 46 26 2 0 24 42 28 50 40 68 10
0 8 20 47 8 31 0 3 3 9 34 8 51 79 100 32 41 23 20 0 0 0 0 0 0 0 26 15 0 0 14 3 0 0 40 94 78 47 22 39 11 0 0 27 16 50 30 18 6 5 91 99 70 69 81 33 37 37 45 19 13 2 0 17 16 57 36 46 60 1 0 0 0 0 0 0 0 0 0 54 84 16 0 0 19 8 26 22 45 62 45 20 29 93 58 61
14 0 43 51 69 9 13 16 24 12 44 28 15 30 99 69 0 30 22 27 0 0 0 0 0 0 0 0 0 19 25 0 0 0 13 5 58 62 6 36 40 38 21 36 46 70 20 20 3 0 28 72 84 79 46 48 71 33 59 15 0 0 20 32 35 48 20 0 14 0 0 19 18 0 0 0 0 0 44 81 62 4 0 0 0 32 38 53 39 6 0 12 26 36 23 7
21 7 1 0 7 25 25 36 0 14 36 0 0 11 73 80 8 17 14 0 0 0 0 0 0 0 0 0 0 0 0 0 0 0 0 0 0 0 4 30 25 23 1 0 0 0 0 0 0 24 9 30 66 37 25 34 83 51 59 38 29 1 1 2 51 28 7 0 0 0 43 68 70 15 44 26 0 48 89 93 10 0 0 0 10 31 19 23 0 0 11 56 54 39 22 7
8 15 0 8 17 9 0 21 30 7 26 12 18 8 0 51 1 9 44 0 0 0 0 9 0 0 0 0 0 0 0 0 0 0 0 0 0 0 0 0 0 6 34 54 39 0 0 0 0 15 19 60 44 55 60 55 64 83 60 62 61 23 7 37 25 22 0 9 45 52 24 26 9 45 50 39 3 30 22 32 3 0 0 0 4 13 0 0 4 37 85 94 82 74 70 72
56 17 20 28 1 2 0 0 59 67 16 11 55 45 26 41 19 3 2 0 0 0 0 30 0 0 0 0 0 0 0 0 0 0 0 0 0 0 0 30 65 57 43 14 0 0 0 0 11 2 32 37 73 96 96 45 51 57 38 59 85 82 28 24 13 64 76 55 11 0 0 15 11 5 8 22 35 16 81 7 0 0 0 6 42 4 0 0 23 100 100 95 100 100 61 41
33 20 26 50 19 2 14 0 2 22 1 0 41 81 7 22 21 42 2 0 0 0 0 0 10 0 5 19 5 7 0 0 3 0 0 0 0 0 0 4 16 0 0 0 0 0 0 0 20 2 53 52 56 86 74 39 10 35 26 65 50 17 1 0 5 49 63 39 3 35 39 11 0 43 93 94 76 47 9 29 0 0 0 38 28 0 0 4 73 100 77 72 100 77 61 100
14 10 20 56 2 0 17 0 0 0 0 0 42 85 13 26 1 6 21 0 0 0 0 11 13 0 0 0 23 30 17 47 15 0 0 0 0 0 0 0 0 0 0 0 0 0 0 39 18 6 29 36 59 80 70 49 0 0 43 66 87 45 70 44 28 66 24 49 78 54 67 15 16 16 19 41 53 9 0 2 2 0 0 27 11 0 0 48 69 100 61 81 100 100 98 100
44 13 17 59 9 0 0 0 0 0 0 0 1 58 13 0 21 0 34 12 3 0 0 0 0 0 0 10 10 42 39 42 9 16 0 0 16 0 0 0 0 0 0 0 0 0 0 63 39 0 0 10 66 80 42 1 0 0 43 89 85 94 76 67 82 67 56 41 13 0 61 18 35 61 85 39 30 7 31 53 0 0 0 12 24 0 12 94 91 64 18 54 98 50 65 78
34 14 16 8 0 0 0 0 0 0 0 0 0 48 0 0 0 0 29 43 4 10 29 49 58 7 5 4 36 70 47 43 42 60 22 25 35 32 26 24 3 18 26 38 14 0 0 6 17 0 0 19 93 76 6 13 27 0 0 18 0 17 60 100 91 18 0 0 0 0 3 0 0 0 49 85 77 86 74 48 64 60 34 0 11 0 20 97 99 57 62 67 99 88 12 37
16 39 25 0 14 1 0 0 0 0 0 32 0 41 6 0 0 0 2 41 62 76 63 70 94 80 60 50 35 22 28 29 56 92 52 59 36 55 69 56 99 75 73 65 65 20 29 3 0 0 0 29 100 47 48 63 28 59 9 63 19 33 99 92 86 0 0 0 0 0 0 0 0 0 1 73 54 27 42 100 67 47 69 0 24 6 57 100 60 100 100 100 72 65 13 91
42 0 24 12 14 0 0 0 0 0 15 31 9 39 15 12 41 43 77 93 85 100 100 100 100 81 46 26 0 5 20 67 99 73 46 65 63 95 76 65 52 78 70 55 65 98 88 73 26 0 0 72 100 74 92 77 84 25 11 12 47 92 31 8 6 26 9 7 53 73 31 15 0 0 0 28 7 0 10 40 64 77 65 30 2 3 17 94 61 55 71 100 58 56 9 32
19 0 16 0 0 0 0 0 0 0 56 40 55 58 47 70 43 47 48 82 88 55 98 66 41 3 2 27 10 0 3 32 98 52 41 95 73 80 53 55 68 46 80 37 27 98 90 91 89 11 2 98 96 83 52 92 57 20 37 37 11 24 1 3 3 80 91 68 40 43 95 95 35 3 0 0 0 0 0 67 88 13 89 47 0 31 10 86 68 88 92 84 66 67 26 0
32 0 15 0 0 21 23 0 0 22 97 62 82 45 2 0 20 1 19 8 36 39 50 28 25 22 45 16 0 0 0 10 59 76 100 56 100 100 57 65 78 89 97 51 9 60 43 71 92 87 28 17 85 42 22 3 10 21 54 73 75 91 100 95 55 26 26 29 30 38 21 55 97 48 0 13 2 0 0 59 36 19 83 10 0 14 4 67 52 63 84 83 36 42 0 23
2 13 7 0 29 10 6 0 4 89 50 15 80 44 0 0 0 0 0 29 30 93 30 0 24 31 20 1 0 0 0 0 23 56 39 52 95 90 20 15 4 40 97 54 37 44 34 50 49 84 38 0 0 0 5 61 37 23 3 0 0 0 13 30 27 0 1 0 0 11 11 0 30 89 12 61 5 0 0 23 18 70 57 64 0 19 10 59 22 48 52 65 61 51 2 56
1 6 70 46 29 0 0 0 15 80 33 17 92 50 10 5 31 15 0 19 14 25 0 4 35 63 20 4 53 25 0 0 36 11 14 37 42 52 54 55 12 63 99 61 10 19 28 12 48 65 67 16 0 35 69 76 34 68 42 32 5 0 0 0 0 0 30 78 43 62 60 13 0 63 95 66 0 0 0 0 20 65 93 92 18 4 23 33 45 80 48 76 66 59 0 45
5 0 21 32 0 0 49 82 6 13 55 8 34 99 48 45 100 99 25 0 44 30 1 64 64 86 22 25 41 0 0 0 68 51 57 72 17 41 42 83 45 44 38 58 13 13 42 42 52 25 77 41 16 39 63 67 56 97 47 68 42 55 66 56 0 62 23 85 83 34 21 38 7 30 94 85 32 0 0 0 2 77 44 14 26 35 22 19 85 98 77 64 69 52 47 61
14 58 14 16 17 0 9 6 0 0 41 46 13 97 90 100 95 65 49 0 80 50 6 82 38 38 11 30 20 16 12 8 47 26 51 72 67 42 69 82 17 8 47 0 0 25 55 48 31 46 95 35 16 74 56 35 19 61 37 72 34 92 77 88 76 59 89 82 23 36 6 0 6 0 33 93 66 20 2 27 82 91 51 0 0 14 48 62 100 99 37 57 25 0 2 73
39 40 4 12 0 0 0 0 0 0 7 63 73 83 100 100 91 79 44 14 39 8 11 87 97 41 39 32 76 65 71 8 5 16 65 53 67 66 84 92 45 6 59 2 0 27 87 54 64 77 100 19 4 88 67 19 0 16 14 23 15 92 100 89 73 45 60 56 37 29 3 41 40 50 3 29 98 71 48 32 90 85 80 9 0 6 28 88 99 82 19 59 37 0 23 59
25 0 4 0 0 0 32 8 0 0 1 26 35 64 58 39 44 4 0 13 34 28 48 45 99 39 26 25 35 37 80 85 11 14 57 54 65 98 61 100 17 28 41 4 2 42 79 43 23 70 98 2 57 99 51 49 4 22 0 11 0 36 100 78 54 0 0 0 42 61 66 45 37 17 43 20 30 86 74 3 44 60 56 0 20 8 59 99 83 36 1 39 31 0 1 0
0 0 44 46 0 0 19 76 96 44 0 0 38 80 17 55 13 31 0 0 27 61 67 93 42 72 20 61 87 66 40 42 92 19 2 33 13 89 82 16 74 48 78 13 0 25 88 26 1 0 6 74 14 90 59 20 4 4 0 0 0 27 75 97 14 0 0 5 44 80 100 77 33 36 60 43 18 19 92 59 64 69 41 6 6 0 93 45 38 48 0 0 0 0 0 0
6 58 59 0 0 0 70 11 77 92 25 0 1 57 75 15 4 51 4 33 12 42 50 73 17 91 26 87 100 92 68 94 57 0 57 58 58 71 4 0 59 72 19 0 0 74 61 0 0 0 10 38 35 76 41 56 0 0 0 10 62 15 22 24 0 0 10 59 78 54 100 41 33 29 72 39 83 68 22 9 57 48 15 19 42 36 22 100 97 36 0 0 0 0 0 0
76 35 10 0 0 8 36 63 35 40 87 15 0 11 89 7 0 0 10 46 72 56 13 64 55 58 71 100 76 100 51 52 18 22 63 32 57 85 23 1 54 45 2 0 0 10 0 0 3 13 71 36 29 73 23 3 0 0 0 0 0 0 1 29 0 0 0 37 52 82 74 1 0 40 46 54 81 87 71 34 0 0 0 11 70 71 80 70 94 10 0 0 0 0 0 0
28 0 0 0 0 45 67 16 0 6 72 47 28 0 57 21 25 0 0 21 33 27 9 59 64 67 95 82 83 83 71 9 42 8 46 0 23 82 5 0 1 0 0 0 0 0 4 33 84 100 89 24 22 39 86 0 0 0 0 0 0 0 22 7 0 0 0 12 44 77 23 0 38 69 56 35 72 74 96 12 0 0 0 0 12 77 90 76 79 57 47 2 0 37 17 27
0 0 0 0 0 66 61 39 42 37 66 87 27 5 19 1 0 0 0 8 5 22 59 62 35 37 100 49 28 68 21 0 10 38 27 0 25 34 0 0 0 8 35 55 46 57 91 54 82 91 83 79 23 1 68 78 47 0 0 0 0 0 0 0 0 0 0 0 44 74 0 0 0 0 0 70 98 96 45 37 12 0 0 0 0 17 18 72 57 99 91 32 0 11 32 82
0 0 0 0 0 34 26 89 62 52 11 71 87 67 61 10 0 25 7 17 0 0 53 74 40 70 92 56 71 72 11 18 69 65 6 0 42 14 0 34 47 60 23 43 47 48 25 65 87 51 63 36 74 36 35 72 34 0 0 0 0 0 0 0 0 0 0 0 1 10 0 0 0 0 23 56 92 91 51 94 30 16 0 20 0 12 25 43 69 68 56 59 6 0 0 7
0 0 0 0 0 7 0 20 51 80 38 13 33 52 61 73 18 54 94 26 0 0 21 74 63 33 26 18 60 80 51 51 47 74 46 0 0 0 14 83 67 70 78 78 71 85 61 17 0 0 0 1 86 28 41 100 38 0 0 0 0 0 0 0 0 0 0 0 0 0 0 0 0 0 73 47 94 52 40 45 65 49 66 80 61 19 5 0 0 21 88 74 60 0 0 21
0 0 0 0 0 0 0 0 12 70 50 54 30 44 79 62 69 85 43 0 0 0 0 40 44 44 35 53 77 48 30 63 37 72 24 0 0 0 40 22 0 17 84 7 0 4 0 0 0 0 0 46 38 20 69 100 94 64 6 4 36 63 25 0 0 0 0 0 0 0 0 1 31 57 77 79 53 0 0 30 77 70 63 78 79 74 1 17 0 3 46 87 89 18 33 15
0 0 0 0 0 0 33 0 26 88 75 48 64 91 94 95 44 39 0 0 0 14 72 82 58 77 18 12 36 18 9 32 13 0 0 0 0 1 0 0 0 0 33 42 0 0 0 0 0 0 0 66 32 15 34 95 100 100 91 76 100 42 0 0 0 0 0 0 0 0 3 61 69 47 59 70 71 0 0 0 1 18 48 85 50 77 59 21 3 6 33 92 69 40 35 30
35 77 64 52 57 48 24 2 24 47 60 8 84 79 58 3 0 0 51 25 0 75 77 57 98 68 11 56 40 50 3 0 0 1 19 1 57 40 0 0 0 0 2 28 0 0 0 0 0 0 17 75 12 35 77 99 82 91 84 74 94 12 0 0 0 20 0 0 9 21 22 61 81 60 61 29 1 0 0 0 0 0 0 85 60 59 83 71 20 6 1 13 77 0 23 34
32 11 20 0 11 13 0 0 0 0 0 0 13 7 0 7 48 6 50 15 61 89 88 70 54 40 31 65 15 25 41 45 96 43 39 44 39 0 0 0 0 0 0 0 0 0 0 0 0 34 76 30 45 91 97 58 11 74 58 12 70 39 3 0 0 12 0 0 64 100 89 67 7 0 26 0 0 0 0 0 0 4 12 64 70 93 4 86 90 35 0 0 38 72 98 78
63 63 3 0 0 0 0 0 0 0 0 0 0 13 21 55 55 1 36 67 26 17 9 31 36 80 68 33 40 53 19 33 91 64 72 92 0 0 0 0 0 0 0 0 0 0 0 0 44 46 75 20 91 61 74 45 0 0 56 58 60 43 24 16 38 25 0 25 60 61 22 18 0 0 0 0 0 0 0 0 0 0 58 55 56 94 4 86 57 17 0 18 30 79 79 71
35 5 0 0 0 0 1 1 1 0 12 54 82 98 100 54 61 0 30 68 0 0 0 30 30 38 45 89 37 43 11 69 100 97 64 41 10 2 0 0 0 0 0 0 0 0 0 2 66 100 17 77 100 59 22 0 0 0 11 56 49 54 77 59 31 7 0 0 14 0 0 0 0 0 0 0 0 0 0 0 0 34 84 81 41 78 37 68 50 51 0 0 21 75 64 86
0 0 0 17 31 44 67 59 50 78 37 38 30 80 94 27 39 0 26 82 55 9 0 0 0 0 33 54 53 47 39 100 73 67 47 8 17 5 0 0 0 0 0 0 0 0 8 51 26 78 24 100 77 36 4 0 0 0 7 49 51 71 57 12 0 0 0 0 0 0 0 0 0 0 0 0 0 0 0 0 0 10 12 80 68 80 26 99 63 20 0 0 59 38 68 46
0 0 9 71 97 96 41 64 82 70 30 83 49 32 33 58 27 0 3 70 74 59 37 31 23 9 0 17 16 0 44 10 32 90 67 79 66 2 0 0 0 0 0 0 0 0 9 15 64 42 78 99 59 48 39 0 0 0 18 33 49 92 17 0 0 0 0 0 0 0 0 0 0 0 0 0 0 0 0 0 0 0 0 36 99 42 42 77 61 48 0 1 73 87 84 58
54 16 32 84 35 31 64 51 72 78 62 58 36 1 73 64 6 0 37 100 91 96 73 91 63 29 0 0 0 0 10 0 0 16 68 88 22 0 0 0 0 0 0 0 0 0 6 76 58 58 98 58 44 12 0 0 0 0 0 20 60 86 2 0 0 0 0 0 0 0 0 17 38 17 21 9 0 0 0 0 0 0 10 65 78 9 20 80 42 6 26 14 91 69 64 54
90 25 62 39 14 34 78 42 17 6 98 59 22 0 66 50 0 0 65 89 37 7 14 2 0 0 0 0 0 10 48 0 0 0 33 31 0 0 0 0 0 0 0 0 0 1 67 70 32 98 54 16 0 0 0 0 0 0 0 39 37 56 62 86 47 0 0 0 0 9 26 28 27 63 80 33 0 0 0 0 26 21 55 100 42 23 78 45 55 4 26 49 100 48 58 59
38 4 89 64 69 40 35 0 0 0 24 1 23 27 74 84 47 0 37 90 78 27 0 0 0 0 0 0 0 0 6 0 0 0 4 49 8 0 0 0 0 0 0 0 0 33 79 35 81 100 39 0 0 0 0 0 0 0 5 9 36 26 72 59 0 0 0 0 0 0 0 0 0 0 6 1 0 19 88 84 79 42 85 74 11 5 33 18 78 30 14 62 58 66 65 43
47 8 60 85 70 45 7 0 0 0 0 64 72 79 68 72 75 0 0 83 100 91 27 10 0 0 0 0 0 0 0 0 0 0 0 23 11 0 0 0 0 0 0 0 52 85 46 55 60 39 4 0 0 0 0 0 0 0 13 22 50 60 27 0 0 0 0 0 0 0 0 0 0 0 0 0 0 0 10 41 73 78 56 1 0 0 60 97 98 20 1 47 83 100 38 65
57 46 89 64 61 21 0 0 0 15 73 57 100 90 87 82 70 0 0 66 61 59 82 9 0 0 0 0 0 0 0 0 0 0 0 5 0 0 0 0 0 0 10 31 26 31 63 34 87 0 27 0 0 0 0 0 0 1 39 24 0 2 4 0 0 0 0 0 0 0 0 0 0 0 0 0 0 0 2 39 62 48 0 0 0 2 92 100 56 6 1 59 93 64 15 54
79 39 67 51 33 0 0 0 2 46 84 87 24 44 66 94 84 0 0 65 96 55 81 63 15 11 45 0 0 0 0 0 0 0 0 0 0 0 0 0 25 28 13 0 0 33 49 79 52 0 2 0 0 0 0 0 0 19 43 0 0 0 0 0 0 0 0 0 0 0 0 0 0 0 0 0 0 1 34 77 81 72 0 0 0 31 99 99 24 47 72 98 95 84 25 12
43 74 69 28 86 36 0 0 0 0 45 81 1 29 59 34 88 25 0 11 82 83 61 46 37 38 47 15 38 0 0 0 0 0 0 0 0 0 14 45 45 18 0 0 13 68 40 62 5 0 0 0 0 0 0 0 0 0 0 0 0 0 0 0 0 0 0 0 0 0 0 0 0 0 0 0 0 21 68 58 94 43 0 0 0 18 98 61 6 79 100 99 78 0 0 0
13 45 53 11 59 33 0 0 0 16 50 8 0 9 0 0 65 80 26 1 4 42 41 45 69 53 0 0 0 0 0 0 0 0 0 0 0 0 29 1 0 0 0 0 0 47 91 5 0 0 0 0 0 0 0 0 0 0 0 0 0 0 0 0 0 0 0 0 0 0 0 0 0 0 0 0 0 67 66 87 31 0 0 11 41 0 48 34 2 52 100 71 14 0 0 0
2 34 77 73 57 22 0 0 0 3 26 0 0 0 0 12 86 99 47 0 0 8 57 80 79 60 66 41 13 1 23 16 38 8 0 0 0 0 0 0 0 0 0 0 2 72 44 0 0 0 0 0 0 0 0 0 0 0 0 0 0 0 0 0 0 0 5 10 4 0 0 0 5 3 0 0 13 50 82 88 28 0 0 7 60 11 12 0 0 58 100 53 0 0 0 0
80 75 18 2 0 0 0 0 0 0 0 0 0 0 0 43 71 72 78 0 4 42 73 50 80 47 68 69 30 46 57 64 81 69 28 0 0 0 0 0 0 0 0 0 0 5 0 0 0 0 0 0 0 0 0 0 0 0 0 0 0 0 0 0 0 0 90 55 36 61 28 43 92 42 0 0 11 84 77 77 50 75 97 58 25 0 0 0 31 100 73 9 6 0 0 0
73 65 2 0 0 0 0 0 0 0 0 0 0 0 0 0 1 87 67 24 26 87 79 40 39 14 0 0 0 7 74 11 6 0 0 0 0 0 0 0 0 0 0 0 0 0 0 0 0 0 0 0 0 0 0 0 0 0 0 0 0 0 0 0 32 44 98 71 42 6 31 29 97 80 7 0 10 90 69 67 74 64 27 2 14 38 52 92 58 91 72 42 50 36 14 33
100 95 11 0 0 0 0 0 0 0 0 0 0 0 0 0 6 60 66 51 39 59 55 33 17 0 0 0 0 21 40 0 0 0 0 0 0 0 0 0 0 0 0 0 0 0 0 0 0 0 0 0 0 0 0 0 0 0 0 0 0 0 0 0 2 76 27 55 68 6 45 79 45 14 49 17 25 61 59 35 2 0 0 23 59 99 100 62 70 63 83 91 100 88 81 92
55 19 8 20 25 0 0 0 0 0 0 0 0 0 0 0 0 0 53 79 23 73 0 0 0 0 0 0 3 91 33 0 0 0 0 0 0 0 0 0 0 0 0 0 0 0 0 0 0 0 0 0 0 0 0 17 52 0 0 0 17 0 0 2 8 76 61 55 69 74 99 96 75 45 48 75 80 49 42 77 44 41 66 95 100 100 81 56 37 92 90 62 48 74 87 61
87 31 46 56 61 1 0 0 0 0 0 0 0 0 0 0 0 2 68 98 14 93 42 0 0 0 0 0 0 52 13 0 0 0 0 0 0 0 0 0 0 0 0 0 0 0 0 0 0 0 0 0 0 0 0 38 81 20 0 5 73 4 16 55 36 49 55 46 97 100 91 84 66 52 70 100 61 19 40 100 94 80 74 65 93 64 39 12 28 82 87 70 70 40 59 75
36 2 14 19 63 4 0 0 0 0 0 0 0 0 0 5 61 65 100 100 52 62 99 51 3 0 0 0 0 0 0 0 0 0 0 0 0 0 0 0 0 0 0 0 0 0 0 0 0 0 0 0 0 0 5 67 65 65 0 21 100 40 87 89 46 6 11 64 91 100 83 93 81 17 98 100 84 44 16 98 89 74 37 18 22 0 2 25 64 43 46 13 53 51 99 69
38 59 58 68 17 70 44 8 0 0 0 0 0 0 0 0 0 30 45 31 72 88 23 73 92 5 0 0 0 0 0 0 0 0 0 0 0 0 0 0 0 0 0 0 0 0 0 0 0 0 0 0 0 3 33 79 44 59 25 57 100 30 55 99 42 2 63 51 67 91 97 93 57 38 58 83 96 62 78 65 33 15 0 0 0 0 0 74 37 24 33 0 0 7 35 8
16 13 19 30 58 72 50 56 63 8 0 0 0 0 0 0 0 0 0 0 1 87 73 38 100 21 0 0 0 0 0 0 0 0 0 0 0 0 0 0 0 0 0 0 0 0 0 0 0 0 0 4 27 8 3 35 31 43 42 79 60 63 63 69 49 81 36 0 0 18 45 38 1 2 24 81 70 68 73 70 96 90 8 0 33 1 0 0 2 18 42 9 0 0 0 0
0 0 0 0 0 10 52 22 17 0 0 0 0 0 0 0 0 0 0 0 0 33 87 26 99 34 0 0 0 0 9 8 0 0 0 0 0 0 0 0 0 0 0 0 0 0 0 0 0 0 0 12 61 30 0 27 23 25 70 63 55 41 62 35 32 27 12 26 52 79 60 60 0 38 80 97 97 63 94 88 100 96 32 58 94 12 0 18 89 53 18 44 0 0 0 0
0 0 0 0 0 0 0 0 0 0 0 0 0 0 0 0 0 0 0 0 1 48 85 33 93 83 33 0 0 21 81 42 0 0 0 0 0 0 0 0 0 0 0 0 0 0 0 0 0 6 32 15 64 15 41 60 45 44 68 47 48 56 46 16 45 20 12 76 43 61 92 78 66 16 75 100 100 86 45 87 74 73 60 85 91 55 0 4 30 56 73 42 0 0 0 0
0 0 0 0 0 0 0 0 0 0 0 0 0 0 0 0 0 0 0 15 48 91 95 56 43 85 65 39 72 41 55 9 0 0 0 0 0 0 0 0 0 0 0 0 0 0 7 17 24 45 70 78 59 13 56 80 62 60 70 53 52 64 97 48 28 16 79 38 33 30 27 57 72 0 56 80 100 60 32 96 61 56 9 52 78 61 13 0 0 1 7 19 17 0 0 0
0 0 0 0 0 0 0 0 0 0 0 0 0 0 0 0 0 0 2 58 84 81 50 81 54 70 80 77 60 11 0 0 0 0 0 0 0 0 0 0 29 0 0 0 7 39 71 91 92 33 72 13 53 62 68 66 93 46 18 5 48 42 35 33 73 60 20 83 74 10 0 0 4 0 0 74 100 54 0 25 73 69 1 82 96 73 32 0 0 26 11 44 39 0 0 0
0 0 0 0 0 0 0 0 0 0 0 0 0 0 0 0 0 0 0 53 51 82 89 42 0 12 74 76 0 0 0 0 0 0 0 0 0 0 0 0 42 4 6 45 66 79 75 12 11 12 67 82 63 56 41 22 4 2 20 0 0 0 13 53 100 92 49 76 69 31 0 0 0 29 24 100 99 22 0 15 29 40 9 37 77 96 40 0 0 45 30 82 20 0 0 0
0 3 0 0 0 0 0 0 0 0 0 38 18 0 0 0 0 0 7 22 50 98 37 2 0 1 26 28 0 0 0 0 0 0 0 0 0 0 0 11 72 64 96 72 31 13 4 55 51 69 100 80 87 20 65 42 63 1 0 0 0 0 16 21 62 82 61 80 57 14 0 0 0 75 68 93 49 0 12 2 16 27 28 17 99 73 0 0 0 23 21 60 50 0 0 0
42 83 5 0 0 0 0 0 0 0 0 0 8 0 0 0 0 0 48 76 66 58 0 0 0 0 0 0 0 0 0 0 0 0 0 0 0 0 3 66 100 87 27 0 0 43 63 25 13 85 87 91 64 67 97 74 39 0 0 8 6 0 0 15 88 28 78 39 9 0 0 0 24 81 76 50 0 0 37 7 20 3 35 8 82 45 40 2 0 0 14 25 63 0 0 0
30 34 48 5 0 0 0 0 0 0 0 0 0 22 12 8 32 6 92 32 72 13 0 0 0 0 0 0 0 0 0 0 0 0 0 0 0 62 94 100 69 73 54 45 54 97 78 34 69 79 47 2 0 92 31 14 29 0 0 10 12 0 5 45 43 57 55 82 0 0 0 0 31 47 96 46 0 0 38 44 21 10 37 1 63 98 77 34 3 10 46 64 0 0 0 0
