data/habitatmaps/RS_maps/habitat_Lophophanes.cristatus_2006.asc
NCOLS 369 
NROWS 228 
XLLCORNER 479000 
YLLCORNER 73000 
CELLSIZE 1000 
NODATA_value -9 
[rows 0 to 61 of 228, columns 96 to 191 of 369]
-9 -9 -9 -9 -9 -9 -9 -9 -9 -9 -9 -9 -9 -9 -9 -9 -9 -9 -9 -9 -9 -9 -9 -9 -9 -9 -9 -9 -9 -9 -9 -9 -9 -9 -9 -9 -9 -9 -9 -9 -9 -9 -9 -9 -9 -9 -9 -9 -9 -9 -9 -9 -9 -9 -9 -9 -9 -9 -9 -9 -9 -9 -9 -9 -9 -9 -9 -9 -9 -9 -9 -9 -9 -9 -9 -9 -9 -9 -9 -9 -9 -9 -9 -9 -9 -9 -9 -9 -9 -9 -9 -9 -9 -9 44 75
-9 -9 -9 -9 -9 -9 -9 -9 -9 -9 -9 -9 -9 -9 -9 -9 -9 -9 -9 -9 -9 -9 -9 -9 -9 -9 -9 -9 -9 -9 -9 -9 -9 -9 -9 -9 -9 -9 -9 -9 -9 -9 -9 -9 -9 -9 -9 -9 -9 -9 -9 -9 -9 -9 -9 -9 -9 -9 -9 -9 -9 -9 -9 -9 -9 -9 -9 -9 -9 -9 -9 -9 -9 -9 -9 -9 -9 -9 -9 -9 -9 -9 -9 -9 -9 -9 -9 -9 -9 -9 -9 -9 -9 57 44 75
-9 -9 -9 -9 -9 -9 -9 -9 -9 -9 -9 -9 -9 -9 -9 -9 -9 -9 -9 -9 -9 -9 -9 -9 -9 -9 -9 -9 -9 -9 -9 -9 -9 -9 -9 -9 -9 -9 -9 -9 -9 -9 -9 -9 -9 -9 -9 -9 -9 -9 -9 -9 -9 -9 -9 -9 -9 -9 -9 -9 -9 -9 -9 -9 -9 -9 -9 -9 -9 -9 -9 -9 -9 -9 -9 -9 -9 -9 -9 -9 -9 -9 -9 -9 -9 -9 -9 -9 -9 -9 -9 -9 -9 29 81 100
-9 -9 -9 -9 -9 -9 -9 -9 -9 -9 -9 -9 -9 -9 -9 -9 -9 -9 -9 -9 -9 -9 -9 -9 -9 -9 -9 -9 -9 -9 -9 -9 -9 -9 -9 -9 -9 -9 -9 -9 -9 -9 -9 -9 -9 -9 -9 -9 -9 -9 -9 -9 -9 -9 -9 -9 -9 -9 -9 -9 -9 -9 -9 -9 -9 -9 -9 -9 -9 -9 -9 -9 -9 -9 -9 -9 -9 -9 -9 -9 -9 -9 -9 -9 -9 -9 -9 -9 -9 -9 -9 -9 12 15 48 51
-9 -9 -9 -9 -9 -9 -9 -9 -9 -9 -9 -9 -9 -9 -9 -9 -9 -9 -9 -9 -9 -9 -9 -9 -9 -9 -9 -9 -9 -9 -9 -9 -9 -9 -9 -9 -9 -9 -9 -9 -9 -9 -9 -9 -9 -9 -9 -9 -9 -9 -9 -9 -9 -9 -9 -9 -9 -9 -9 -9 -9 -9 -9 -9 -9 -9 -9 -9 -9 -9 -9 -9 -9 -9 -9 -9 -9 -9 -9 -9 -9 -9 -9 -9 -9 -9 -9 -9 -9 -9 -9 15 0 0 0 2
-9 -9 -9 -9 -9 -9 -9 -9 -9 -9 -9 -9 -9 -9 -9 -9 -9 -9 -9 -9 -9 -9 -9 -9 -9 -9 -9 -9 -9 -9 -9 -9 -9 -9 -9 -9 -9 -9 -9 -9 -9 -9 -9 -9 -9 -9 -9 -9 -9 -9 -9 -9 -9 -9 -9 -9 -9 -9 -9 -9 -9 -9 -9 -9 -9 -9 -9 -9 -9 -9 -9 -9 -9 -9 -9 -9 -9 -9 -9 -9 -9 -9 -9 -9 -9 -9 -9 -9 -9 -9 -9 58 0 0 60 47
-9 -9 -9 -9 -9 -9 -9 -9 -9 -9 -9 -9 -9 -9 -9 -9 -9 -9 -9 -9 -9 -9 -9 -9 -9 -9 -9 -9 -9 -9 -9 -9 -9 -9 -9 -9 -9 -9 -9 -9 -9 -9 -9 -9 -9 -9 -9 -9 -9 -9 -9 -9 -9 -9 -9 -9 -9 -9 -9 -9 -9 -9 -9 -9 -9 -9 -9 -9 -9 -9 -9 -9 -9 -9 -9 -9 -9 -9 -9 -9 -9 -9 -9 -9 -9 -9 -9 -9 -9 -9 79 97 24 0 33 10
-9 -9 -9 -9 -9 -9 -9 -9 -9 -9 -9 -9 -9 -9 -9 -9 -9 -9 -9 -9 -9 -9 -9 -9 -9 -9 -9 -9 -9 -9 -9 -9 -9 -9 -9 -9 -9 -9 -9 -9 -9 -9 -9 -9 -9 -9 -9 -9 -9 -9 -9 -9 -9 -9 -9 -9 -9 -9 -9 -9 -9 -9 -9 -9 -9 -9 -9 -9 -9 -9 -9 -9 -9 -9 -9 -9 -9 -9 -9 -9 -9 -9 -9 -9 -9 -9 -9 -9 -9 79 86 100 49 5 65 41
-9 -9 -9 -9 -9 -9 -9 -9 -9 -9 -9 -9 -9 -9 -9 -9 -9 -9 -9 -9 -9 -9 -9 -9 -9 -9 -9 -9 -9 -9 -9 -9 -9 -9 -9 -9 -9 -9 -9 -9 -9 -9 -9 -9 -9 -9 -9 -9 -9 -9 -9 -9 -9 -9 -9 -9 -9 -9 -9 -9 -9 -9 -9 -9 -9 -9 -9 -9 -9 -9 -9 -9 -9 -9 -9 -9 -9 -9 -9 -9 -9 -9 -9 -9 -9 -9 -9 -9 100 100 100 100 43 17 76 24
-9 -9 -9 -9 -9 -9 -9 -9 -9 -9 -9 -9 -9 -9 -9 -9 -9 -9 -9 -9 -9 -9 -9 -9 -9 -9 -9 -9 -9 -9 -9 -9 -9 -9 -9 -9 -9 -9 -9 -9 -9 -9 -9 -9 -9 -9 -9 -9 -9 -9 -9 -9 -9 -9 -9 -9 -9 -9 -9 -9 -9 -9 -9 -9 -9 -9 -9 -9 -9 -9 -9 -9 -9 -9 -9 -9 -9 -9 -9 -9 -9 -9 -9 -9 -9 -9 -9 -9 83 100 100 100 86 2 0 10
-9 -9 -9 -9 -9 -9 -9 -9 -9 -9 -9 -9 -9 -9 -9 -9 -9 -9 -9 -9 -9 -9 -9 -9 -9 -9 -9 -9 -9 -9 -9 -9 -9 -9 -9 -9 -9 -9 -9 -9 -9 -9 -9 -9 -9 -9 -9 -9 -9 -9 -9 -9 -9 -9 -9 -9 -9 -9 -9 -9 -9 -9 -9 -9 -9 -9 -9 -9 -9 -9 -9 -9 -9 -9 -9 -9 -9 -9 -9 -9 -9 -9 -9 -9 -9 -9 -9 69 74 93 97 100 100 10 0 3
-9 -9 -9 -9 -9 -9 -9 -9 -9 -9 -9 -9 -9 -9 -9 -9 -9 -9 -9 -9 -9 -9 -9 -9 -9 -9 -9 -9 -9 -9 -9 -9 -9 -9 -9 -9 -9 -9 -9 -9 -9 -9 -9 -9 -9 -9 -9 -9 -9 -9 -9 -9 -9 -9 -9 -9 -9 -9 -9 -9 -9 -9 -9 -9 -9 -9 -9 -9 -9 -9 -9 -9 -9 -9 -9 -9 -9 -9 -9 -9 -9 -9 -9 -9 -9 -9 28 40 76 48 1 24 90 10 0 7
-9 -9 -9 -9 -9 -9 -9 -9 -9 -9 -9 -9 -9 -9 -9 -9 -9 -9 -9 -9 -9 -9 -9 -9 -9 -9 -9 -9 -9 -9 -9 -9 -9 -9 -9 -9 -9 -9 -9 -9 -9 -9 -9 -9 -9 -9 -9 -9 -9 -9 -9 -9 -9 -9 -9 -9 -9 -9 -9 -9 -9 -9 -9 -9 -9 -9 -9 -9 -9 -9 -9 -9 -9 -9 -9 -9 -9 -9 -9 -9 -9 -9 -9 -9 -9 -9 37 78 69 65 11 43 100 22 13 23
-9 -9 -9 -9 -9 -9 -9 -9 -9 -9 -9 -9 -9 -9 -9 -9 -9 -9 -9 -9 -9 -9 -9 -9 -9 -9 -9 -9 -9 -9 -9 -9 -9 -9 -9 -9 -9 -9 -9 -9 -9 -9 -9 -9 -9 -9 -9 -9 -9 -9 -9 -9 -9 -9 -9 -9 -9 -9 -9 -9 -9 -9 -9 -9 -9 -9 -9 -9 -9 -9 -9 -9 -9 -9 -9 -9 -9 -9 -9 -9 -9 -9 -9 -9 -9 -9 52 97 76 98 76 89 76 88 94 40
-9 -9 -9 -9 -9 -9 -9 -9 -9 -9 -9 -9 -9 -9 -9 -9 -9 -9 -9 -9 -9 -9 -9 -9 -9 -9 -9 -9 -9 -9 -9 -9 -9 -9 -9 -9 -9 -9 -9 -9 -9 -9 -9 -9 -9 -9 -9 -9 -9 -9 -9 -9 -9 -9 -9 -9 -9 -9 -9 -9 -9 -9 -9 -9 -9 -9 -9 -9 -9 -9 -9 -9 -9 -9 -9 -9 -9 -9 -9 -9 60 74 94 69 29 78 66 55 43 36 66 9 71 64 54 47
-9 -9 -9 -9 -9 -9 -9 -9 -9 -9 -9 -9 -9 -9 -9 -9 -9 -9 -9 -9 -9 -9 -9 -9 -9 -9 -9 -9 -9 -9 -9 -9 -9 -9 -9 -9 -9 -9 -9 -9 -9 -9 -9 -9 -9 -9 -9 -9 -9 -9 -9 -9 -9 -9 -9 -9 -9 -9 -9 -9 -9 -9 -9 -9 -9 -9 -9 -9 -9 -9 -9 -9 -9 -9 -9 -9 70 93 4 25 16 25 57 95 25 92 79 14 0 0 6 0 38 9 20 81
-9 -9 -9 -9 -9 -9 -9 -9 -9 -9 -9 -9 -9 -9 -9 -9 -9 -9 -9 -9 -9 -9 -9 -9 -9 -9 -9 -9 -9 -9 -9 -9 -9 -9 -9 -9 -9 -9 -9 -9 -9 -9 90 100 100 100 -9 -9 -9 -9 -9 -9 -9 -9 -9 -9 -9 -9 -9 -9 -9 -9 -9 -9 -9 -9 -9 -9 -9 -9 -9 -9 -9 -9 -9 94 69 67 30 66 55 82 88 100 27 59 74 55 0 15 6 8 54 3 27 40
-9 -9 -9 -9 -9 -9 -9 -9 -9 -9 -9 -9 -9 -9 -9 -9 -9 -9 -9 -9 -9 -9 -9 -9 -9 -9 -9 -9 -9 -9 -9 -9 -9 -9 -9 0 0 0 25 77 47 99 100 100 100 69 84 93 96 68 -9 -9 -9 -9 -9 -9 -9 -9 -9 -9 -9 -9 -9 -9 -9 -9 -9 -9 -9 -9 -9 -9 -9 45 35 77 79 30 46 65 75 84 98 73 72 17 0 74 39 63 41 6 18 18 31 21
-9 -9 -9 -9 -9 -9 -9 -9 -9 -9 -9 -9 -9 -9 -9 -9 -9 -9 -9 -9 -9 -9 -9 -9 -9 -9 -9 -9 -9 -9 -9 29 0 0 9 13 0 0 10 81 73 97 86 100 100 100 56 9 79 82 82 -9 100 97 82 95 100 92 86 41 50 0 -9 -9 -9 -9 -9 -9 -9 -9 -9 -9 92 24 31 51 85 22 43 78 99 72 26 28 100 58 29 73 28 2 14 44 31 43 33 23
-9 -9 -9 -9 -9 -9 -9 -9 -9 -9 -9 -9 -9 -9 -9 -9 -9 -9 -9 -9 -9 -9 -9 -9 -9 -9 -9 -9 -9 -9 33 12 0 14 24 71 17 0 30 35 47 62 94 56 92 100 98 32 23 7 40 4 49 96 63 69 66 79 84 99 41 2 27 95 100 100 -9 -9 -9 -9 92 72 100 70 18 68 93 70 22 66 77 24 0 11 48 83 68 24 0 0 22 51 2 45 56 36
-9 -9 -9 -9 -9 -9 -9 -9 -9 -9 -9 -9 -9 -9 -9 -9 -9 -9 -9 -9 -9 -9 -9 -9 -9 -9 -9 -9 76 14 30 10 16 43 0 48 0 0 68 20 15 2 78 35 97 75 73 77 68 55 91 48 60 96 4 31 36 56 74 100 80 69 87 100 88 66 33 -9 -9 37 48 30 24 81 30 90 100 51 11 3 14 40 32 56 3 50 25 9 0 10 29 49 36 50 39 43
-9 -9 -9 -9 -9 -9 -9 -9 -9 -9 -9 -9 -9 -9 -9 -9 -9 -9 -9 -9 -9 -9 -9 -9 -9 -9 -9 50 84 0 25 52 1 38 21 20 0 7 56 15 1 87 94 56 90 80 37 98 94 100 100 57 96 92 2 75 60 38 99 100 69 100 100 100 91 20 0 32 31 58 6 44 0 58 81 98 93 18 5 0 1 30 32 46 0 58 59 75 83 94 31 45 21 23 27 2
-9 -9 -9 -9 -9 -9 -9 -9 -9 -9 -9 -9 -9 -9 -9 -9 -9 -9 -9 -9 -9 -9 -9 -9 -9 4 0 53 72 12 20 15 0 18 12 0 0 37 12 29 32 100 91 55 88 76 8 82 100 100 100 39 100 76 3 24 20 2 31 94 97 100 63 60 85 55 18 37 21 32 89 88 57 82 94 18 31 0 0 0 18 7 4 3 24 38 82 100 99 48 28 54 21 0 0 27
-9 -9 -9 -9 -9 -9 -9 -9 -9 -9 -9 -9 -9 -9 -9 -9 -9 -9 -9 -9 -9 -9 -9 -9 0 12 5 83 74 36 0 34 9 4 0 0 0 1 0 0 19 98 55 10 19 47 8 49 66 49 27 4 22 1 0 0 65 9 12 53 78 96 98 46 80 11 25 66 70 83 95 32 12 88 93 41 6 0 24 12 19 51 43 4 47 55 99 82 28 13 37 60 14 0 0 11
-9 -9 -9 -9 -9 -9 -9 -9 -9 -9 -9 -9 -9 -9 -9 -9 -9 -9 -9 -9 -9 -9 -9 0 0 1 21 7 28 62 0 8 69 40 0 0 0 0 0 0 56 43 5 0 19 51 33 29 29 19 37 31 5 3 14 2 42 55 57 6 84 98 77 47 55 32 9 53 33 100 75 45 45 70 50 16 0 0 31 25 21 76 91 73 46 7 13 30 17 61 70 99 15 4 49 50
-9 -9 -9 -9 -9 -9 -9 -9 -9 -9 -9 -9 -9 -9 -9 -9 -9 -9 -9 -9 -9 -9 19 27 3 0 0 0 14 0 7 31 0 21 16 8 0 0 0 0 0 0 0 24 40 1 57 30 13 7 4 54 54 0 16 68 67 35 45 1 0 69 75 2 36 0 2 76 86 75 25 67 77 68 80 52 0 0 0 30 62 35 45 57 82 43 26 1 51 56 3 13 45 52 95 91
-9 -9 -9 -9 -9 -9 -9 -9 -9 -9 -9 -9 -9 -9 -9 -9 -9 -9 -9 -9 -9 27 58 2 0 0 0 25 55 8 12 60 13 0 0 16 28 1 0 0 0 0 0 55 55 85 100 82 52 0 15 78 59 2 47 80 29 10 10 0 16 68 100 6 51 52 0 19 37 39 67 36 38 30 63 2 0 8 23 63 57 40 2 0 28 62 7 48 46 69 52 7 0 4 30 24
16 23 72 63 -9 -9 -9 -9 -9 -9 -9 -9 -9 -9 -9 -9 -9 -9 -9 -9 8 25 21 10 0 0 14 64 60 16 1 11 13 0 0 20 36 9 0 13 24 0 11 14 60 100 100 64 18 0 0 28 76 88 68 59 8 54 64 0 9 86 100 23 15 77 52 48 23 80 56 93 64 91 66 50 10 48 90 63 8 0 30 42 14 15 32 36 3 0 25 66 33 2 0 0
0 23 45 100 100 100 100 9 6 -9 -9 -9 -9 -9 -9 -9 -9 -9 -9 -9 0 0 0 2 37 31 71 17 0 1 0 0 0 0 0 0 0 8 4 19 45 0 4 57 92 73 100 98 48 0 2 0 24 100 100 78 89 50 28 24 3 12 100 42 31 20 39 82 78 99 28 37 41 66 52 17 58 49 1 0 0 0 32 54 39 16 40 52 20 0 17 65 47 14 74 71
0 3 39 25 60 100 100 69 0 3 74 55 44 -9 -9 -9 -9 -9 -9 3 0 17 12 8 36 8 0 0 0 2 0 0 0 0 0 0 0 12 6 0 2 0 17 35 37 47 76 75 54 8 55 4 24 81 80 81 71 72 47 98 38 43 100 42 36 65 23 43 74 27 6 52 0 2 49 34 30 16 12 13 2 11 20 71 19 28 18 90 52 0 0 0 62 67 32 58
4 0 16 0 59 100 100 76 31 6 0 8 14 16 -9 -9 -9 -9 52 39 0 5 0 6 28 3 4 4 0 15 8 0 0 0 0 0 0 0 0 0 0 0 38 72 51 33 76 66 63 92 96 63 0 12 44 3 16 62 45 35 33 41 87 70 31 14 60 78 20 0 23 44 38 44 40 12 44 62 73 100 54 84 35 17 2 3 16 86 97 35 0 0 51 91 86 58
12 18 22 28 57 100 100 97 61 28 0 31 31 2 0 0 3 0 6 51 15 25 66 3 26 5 11 24 62 50 0 0 0 0 0 0 0 7 20 34 8 17 61 64 58 24 100 76 63 89 22 13 0 32 47 48 45 76 90 94 23 55 87 94 85 70 3 55 54 11 40 12 69 33 0 20 81 56 60 25 68 77 35 18 28 1 0 66 88 98 61 0 7 77 94 13
63 26 0 18 15 74 70 86 88 28 16 33 0 32 0 39 25 0 0 0 6 13 19 12 10 0 0 0 19 21 14 2 0 0 0 0 0 6 33 4 0 98 30 96 77 54 100 87 9 1 0 0 1 65 9 0 0 0 0 9 22 38 99 98 100 97 51 12 80 36 9 6 8 1 8 94 59 42 6 0 45 62 46 30 68 13 11 17 32 53 74 54 49 25 47 7
79 33 5 0 10 30 5 31 99 32 22 0 0 39 5 2 16 15 23 15 0 0 0 37 18 64 19 0 6 12 12 14 0 0 0 0 0 0 0 0 27 20 65 86 96 98 64 7 0 0 0 0 7 99 43 0 0 0 0 32 0 8 20 14 16 12 48 60 45 25 0 1 80 75 81 71 65 0 0 2 21 64 28 79 17 67 11 11 18 42 32 40 59 82 19 27
72 74 38 0 21 7 2 29 95 86 76 23 0 10 34 18 21 41 52 16 0 0 0 3 18 2 11 0 17 46 10 25 0 0 0 0 0 0 0 0 13 16 0 0 12 28 0 0 0 0 1 8 20 45 0 0 0 0 19 14 0 0 0 0 0 0 2 70 34 18 1 33 48 100 66 34 35 0 21 0 14 0 34 54 59 85 21 5 0 39 75 50 40 36 66 26
6 40 70 11 5 10 0 1 28 55 100 44 0 10 23 75 11 24 46 1 0 30 0 0 0 0 38 37 0 27 36 31 10 8 0 0 0 0 0 32 94 45 0 0 0 0 0 0 22 66 78 100 80 94 70 49 58 24 66 93 75 34 67 20 0 0 0 78 100 64 8 24 44 51 2 21 12 1 27 46 61 59 78 63 52 75 0 0 0 24 69 5 81 100 97 22
55 77 95 39 32 16 29 0 0 24 62 3 25 54 35 75 33 2 48 83 77 62 53 23 72 81 68 1 2 17 17 49 70 51 0 0 0 0 2 1 35 0 0 0 0 0 13 3 83 93 89 97 45 6 19 55 66 79 49 41 60 64 27 32 55 33 5 46 42 84 16 20 78 25 6 36 80 60 84 100 100 71 86 13 48 50 19 30 10 33 26 9 30 79 78 46
20 9 76 84 73 22 64 31 2 69 58 13 2 46 21 63 90 31 4 27 56 100 99 86 61 62 0 0 9 26 3 28 26 0 0 0 0 0 18 32 0 36 44 6 0 17 17 25 65 63 3 5 1 0 37 11 36 85 60 0 24 19 49 35 17 28 50 24 7 22 33 20 77 74 93 92 94 33 55 92 79 54 92 28 14 38 98 98 98 81 17 7 0 12 2 42
0 1 57 52 26 18 69 10 53 13 18 0 0 0 2 17 73 15 0 0 0 56 37 49 67 95 52 43 80 80 15 75 25 0 7 32 16 7 31 73 12 24 74 28 52 20 0 41 4 0 0 25 22 35 46 57 53 4 30 69 34 26 3 16 1 48 68 58 0 0 63 67 47 54 7 67 66 56 36 57 48 4 2 0 8 61 91 59 95 100 98 21 1 45 3 16
27 64 76 4 0 0 40 34 14 6 0 0 58 87 17 11 93 26 17 8 0 0 0 50 100 96 52 18 24 16 6 2 19 0 58 41 50 40 19 39 62 100 96 72 23 7 0 63 67 0 72 89 85 66 39 8 19 22 8 62 51 27 5 10 32 4 8 15 0 0 35 36 18 0 20 43 82 89 54 28 58 29 35 67 42 1 6 52 68 98 96 4 0 17 17 0
97 79 70 52 35 93 99 59 33 0 0 44 64 67 99 61 77 89 90 91 40 3 0 15 87 50 0 7 0 0 0 0 0 0 20 75 17 26 3 91 100 59 96 73 55 40 0 91 100 54 75 45 38 4 18 54 41 24 34 36 6 0 0 68 100 40 0 0 2 29 41 1 40 0 6 0 68 41 23 31 72 26 100 61 6 4 0 0 0 39 74 27 6 0 6 6
37 0 10 71 64 100 92 51 0 0 36 100 53 4 47 62 45 54 80 91 8 0 2 68 31 0 2 46 53 36 16 0 0 0 2 15 0 19 5 94 96 57 96 74 87 75 15 12 49 96 82 96 81 45 43 9 54 52 8 6 31 33 67 71 54 32 10 32 74 39 41 16 29 0 30 77 26 50 50 11 43 22 13 0 27 47 72 33 9 10 35 46 17 31 57 42
21 9 0 3 78 100 100 64 0 14 90 67 30 26 0 41 53 19 0 22 25 25 32 42 9 0 53 80 16 38 47 41 25 0 1 9 0 0 2 68 64 8 43 38 43 77 64 9 25 42 83 58 13 51 95 25 18 6 22 67 28 100 100 61 32 22 39 75 43 46 20 2 36 0 56 65 16 59 73 18 23 56 0 6 22 14 75 39 67 50 3 48 84 91 100 99
16 0 0 22 74 98 12 42 17 65 68 67 30 73 55 89 99 87 45 11 0 5 0 16 10 33 26 0 9 21 37 31 93 55 59 18 0 8 43 100 90 41 71 30 29 58 32 38 50 7 21 2 1 30 39 17 0 8 40 10 66 54 68 79 46 55 49 36 33 40 12 29 80 45 67 60 80 88 57 40 85 65 28 8 51 22 35 11 51 59 10 0 7 35 81 87
0 0 0 36 43 50 1 12 84 25 0 3 45 100 74 95 99 97 96 92 62 7 1 67 57 58 46 78 99 82 79 90 100 84 33 10 7 60 81 80 35 81 69 36 73 16 18 18 73 87 92 83 21 29 1 32 0 25 53 61 24 56 38 93 77 39 5 0 4 46 50 14 49 57 69 81 87 45 16 28 28 13 17 28 70 3 21 7 43 50 16 0 0 37 73 9
0 0 6 32 70 65 10 60 44 55 49 55 98 67 100 90 52 66 58 94 100 98 94 88 84 100 100 92 81 94 29 46 48 42 82 58 40 42 83 35 32 63 12 29 35 77 52 22 46 26 92 40 24 48 16 90 68 76 60 94 32 63 11 17 25 74 15 0 43 85 61 35 85 91 25 38 47 8 0 1 33 0 16 1 0 32 45 27 53 69 89 29 16 22 59 0
46 32 67 38 70 74 5 63 37 73 40 55 62 97 72 41 46 59 24 41 36 83 76 88 78 93 85 74 64 77 82 51 55 45 40 71 27 27 61 20 27 63 28 38 34 76 42 22 69 70 88 50 59 57 68 64 99 89 59 69 0 12 12 4 3 74 82 24 40 43 51 21 47 36 28 21 30 44 1 43 98 53 0 1 0 20 44 20 4 30 100 89 10 48 0 32
5 0 42 1 30 81 98 100 87 60 25 27 47 67 63 33 42 12 70 78 98 88 56 66 74 64 20 75 15 48 62 10 17 60 84 68 63 83 87 47 29 9 47 78 5 25 57 51 42 56 57 47 25 76 25 69 85 31 1 56 2 0 19 70 65 66 57 51 39 73 50 75 63 50 60 44 58 61 40 11 70 98 20 18 76 51 79 34 5 36 52 71 77 9 0 30
0 0 2 0 0 18 22 30 87 76 31 89 97 36 38 67 24 31 67 62 70 49 16 29 53 56 60 17 18 26 0 20 3 14 69 70 77 58 74 54 17 35 74 83 71 53 82 44 7 10 6 46 42 62 4 46 24 69 27 14 16 63 82 48 60 75 82 68 90 80 71 41 52 51 75 70 62 3 14 5 36 59 90 39 5 31 21 25 61 17 0 21 77 89 3 0
12 0 0 0 36 0 0 32 75 46 94 65 33 9 47 19 45 48 72 75 89 60 27 45 37 32 88 84 28 6 0 0 0 21 94 70 63 46 47 68 89 46 21 50 74 13 32 10 29 36 28 10 1 30 0 29 12 21 7 0 32 96 47 48 76 69 50 77 55 6 0 14 48 13 74 61 36 35 29 25 0 9 51 41 7 24 4 0 6 66 22 12 76 51 44 0
0 0 0 2 46 35 48 47 100 92 100 51 2 12 51 57 65 85 81 48 72 88 69 18 37 58 97 97 75 6 0 0 0 47 45 84 62 50 73 74 40 61 24 44 56 6 50 21 5 10 0 4 19 76 50 17 77 74 66 38 75 64 81 49 63 78 36 0 32 99 27 3 4 37 94 70 2 57 99 24 13 81 54 23 82 70 77 37 0 15 0 17 3 62 99 50
0 0 11 59 67 56 40 67 52 41 1 4 47 16 64 62 70 82 98 58 55 52 69 37 69 75 45 67 98 43 1 0 1 35 56 56 81 36 62 40 5 58 23 42 40 32 60 45 33 69 42 37 55 56 37 20 25 61 44 27 55 98 80 48 45 39 39 3 51 68 2 0 1 59 86 78 1 38 86 6 12 48 13 3 41 26 36 68 41 0 33 16 11 48 78 17
35 43 71 50 40 63 55 90 43 35 16 14 19 26 71 87 98 49 32 41 38 67 52 73 72 94 62 72 96 69 73 20 21 50 75 51 14 0 8 6 30 18 51 72 69 84 57 50 34 64 91 57 20 76 63 56 60 15 6 44 97 67 22 7 0 45 70 0 28 12 0 15 3 9 16 16 0 0 4 0 0 17 69 0 0 0 0 33 54 0 66 25 3 11 66 44
80 70 74 74 79 65 53 28 43 76 50 12 14 92 88 82 65 30 52 60 91 100 51 54 56 67 12 0 9 25 51 70 59 54 39 27 44 78 68 77 64 36 60 50 68 72 91 31 71 64 52 49 33 61 45 47 13 42 69 71 65 35 11 0 23 73 49 39 54 68 9 78 16 6 66 53 68 23 22 12 22 82 46 4 0 10 83 45 46 7 25 13 50 12 15 27
73 48 73 64 73 54 57 56 54 49 80 37 71 87 37 17 3 0 4 0 19 31 31 92 94 100 95 80 55 93 86 31 38 94 74 70 44 84 68 68 73 79 36 38 23 29 31 61 77 57 59 44 53 44 36 37 73 32 59 55 62 27 3 26 69 30 0 19 40 84 50 4 25 13 19 66 100 46 62 69 56 73 35 35 0 0 6 22 6 0 0 0 3 22 23 7
60 53 41 42 42 83 70 51 69 11 56 80 39 19 22 10 0 0 0 0 0 0 0 21 22 33 33 8 17 32 7 62 95 84 72 38 53 62 63 54 52 40 39 63 59 85 45 50 49 48 54 45 50 80 45 55 67 48 74 68 11 18 5 0 17 21 0 0 63 100 41 0 37 99 47 3 17 100 63 9 4 45 71 59 44 1 0 0 0 3 19 7 1 0 0 0
67 46 66 53 32 46 41 57 2 38 74 72 69 16 17 31 0 0 2 10 0 0 0 0 12 23 0 0 0 0 17 75 34 67 68 59 92 74 35 35 56 51 18 21 25 20 37 83 45 30 21 33 97 67 75 98 100 79 66 41 3 53 9 1 22 13 0 8 95 97 10 0 46 88 93 74 14 63 83 1 0 12 5 85 96 65 0 0 0 2 76 67 46 0 0 0
24 8 47 54 56 71 43 17 0 71 65 21 48 0 0 0 0 0 44 44 0 3 31 48 12 32 39 15 5 0 30 60 47 65 52 77 66 53 72 64 37 16 60 66 54 25 45 32 97 58 17 30 79 100 100 36 28 5 0 2 10 20 60 15 31 35 36 50 100 55 0 0 23 65 74 65 12 46 86 20 0 21 21 74 100 100 18 28 0 0 19 93 96 37 9 35
31 15 79 87 65 50 43 1 0 0 0 0 0 6 26 25 0 8 7 9 24 64 90 68 66 86 54 65 70 63 59 100 100 70 54 52 33 49 55 52 44 70 45 33 32 62 69 47 36 28 35 88 99 86 66 3 0 3 13 37 32 100 69 67 77 56 51 43 88 0 0 0 43 98 62 71 21 34 56 7 6 31 24 2 39 81 2 31 17 2 0 14 75 9 25 41
70 95 74 56 34 40 19 15 12 8 19 27 18 61 68 83 46 73 59 80 67 93 53 11 8 57 38 20 42 84 89 79 72 68 59 45 54 41 25 52 60 79 76 47 61 46 62 94 84 44 57 64 19 1 0 0 12 82 100 64 9 65 59 53 47 17 13 58 40 24 0 2 25 79 44 43 45 36 58 1 13 5 0 0 3 41 0 0 39 30 0 0 86 38 30 31
37 69 10 29 77 94 77 98 97 84 97 99 75 27 38 54 91 100 100 93 92 85 90 41 57 55 77 87 74 58 97 39 57 69 45 41 72 70 64 80 18 44 25 14 5 44 52 88 91 83 12 0 0 0 1 18 20 82 81 40 0 0 30 32 35 7 21 49 72 53 37 8 67 91 48 13 16 16 75 51 0 2 0 0 29 0 2 20 11 42 0 0 22 24 6 11
20 33 62 79 45 42 71 95 95 87 72 81 78 52 68 94 97 98 56 68 66 75 72 65 37 54 67 58 51 57 76 38 37 72 33 43 49 30 3 0 0 0 35 73 72 95 62 100 92 17 0 0 0 0 0 44 17 0 0 0 0 0 0 25 66 85 77 20 41 46 73 28 44 71 53 39 4 53 45 90 45 44 17 0 0 43 0 44 70 26 1 0 0 0 0 4
