data/habitatmaps/RS_maps/habitat_Regulus.regulus_2007.asc
NCOLS 369 
NROWS 228 
XLLCORNER 479000 
YLLCORNER 73000 
CELLSIZE 1000 
NODATA_value -9 
[rows 126 to 188 of 228, columns 192 to 287 of 369]
0 0 0 0 0 0 0 0 0 0 0 0 0 6 2 49 96 83 64 94 40 0 0 0 0 0 0 0 0 0 0 0 0 0 0 1 29 67 35 60 91 96 41 98 75 98 50 1 23 48 2 0 2 68 7 0 0 0 0 0 0 0 44 58 57 72 100 54 0 0 0 1 32 78 50 3 0 16 34 42 41 41 33 9 52 100 65 61 71 67 61 81 55 0 0 0
0 0 0 0 0 0 0 0 0 0 0 0 0 0 0 10 61 63 53 26 0 0 0 0 0 0 0 0 0 0 0 0 0 0 27 92 77 26 59 91 86 66 48 44 47 93 49 1 0 0 0 0 0 12 0 0 0 0 0 0 0 8 44 30 86 100 100 81 0 0 0 9 33 97 29 0 0 0 0 0 8 26 45 82 71 74 97 82 39 28 78 77 71 6 0 13
0 0 0 0 0 0 0 0 0 0 0 0 0 0 0 0 67 44 60 5 0 0 0 0 0 0 0 0 0 0 0 0 0 32 53 46 1 90 100 16 0 0 6 39 69 93 95 29 0 0 0 0 0 0 0 0 0 4 3 0 3 19 34 73 86 79 100 61 14 0 0 24 32 87 6 38 32 16 1 10 62 99 94 65 100 100 100 96 29 54 86 20 82 60 46 72
0 0 0 0 0 0 0 0 0 0 0 0 0 0 0 0 54 65 49 0 0 0 0 0 0 0 0 0 0 6 1 23 24 27 76 4 57 87 70 68 0 0 0 13 59 14 81 7 0 0 0 0 0 0 0 0 3 36 14 4 61 64 50 74 40 8 85 57 0 0 16 37 56 58 0 38 64 86 66 86 98 100 67 97 66 73 50 73 95 57 39 34 37 91 74 74
0 0 0 0 0 0 0 0 0 0 0 0 0 0 0 1 54 71 20 0 0 0 0 0 0 0 0 0 19 26 2 30 18 70 48 57 76 13 21 62 0 0 0 0 0 25 24 58 0 0 0 0 0 0 22 33 75 31 41 61 100 100 73 79 4 0 21 2 0 0 7 89 18 35 78 3 73 85 72 66 35 82 97 99 90 51 78 100 100 73 83 74 33 34 47 79
0 0 0 0 0 0 0 0 0 0 0 0 0 1 74 77 65 52 25 0 0 0 0 0 0 0 0 1 11 20 66 48 57 98 95 88 35 39 18 34 0 0 0 0 0 0 22 70 8 0 0 0 0 25 65 88 50 18 77 80 38 100 90 57 58 9 0 0 0 13 39 47 0 1 14 0 22 1 0 0 0 53 98 89 56 18 85 74 86 42 39 62 25 42 56 70
0 0 0 0 0 0 0 0 0 0 0 0 6 0 0 56 39 13 0 0 0 0 0 0 0 1 37 35 46 22 38 96 47 73 27 70 41 37 0 12 0 0 0 0 0 0 25 57 0 0 0 0 0 0 1 1 58 89 44 16 11 96 90 90 35 0 0 0 0 43 50 11 0 0 0 0 0 0 0 13 59 1 84 96 82 1 13 5 61 84 36 15 77 100 100 100
0 0 0 0 0 0 0 0 0 0 0 0 24 0 0 0 0 0 0 0 0 0 0 0 0 13 9 8 2 0 0 9 0 1 0 6 39 57 1 0 0 0 0 0 0 0 0 18 2 0 0 0 0 0 0 37 57 28 4 0 1 51 100 64 0 0 0 0 0 34 6 0 0 0 0 0 0 0 1 37 49 16 24 73 97 22 0 2 15 84 97 41 94 100 87 79
0 0 0 0 0 0 0 0 0 0 0 0 0 0 0 0 0 30 3 0 0 0 0 0 0 0 0 0 0 0 0 0 0 0 0 0 58 71 22 0 0 0 0 0 0 0 0 0 0 0 0 0 0 0 33 98 32 0 0 0 0 40 100 55 0 0 0 0 0 0 0 0 0 0 0 0 0 0 53 63 19 0 43 100 96 24 0 0 7 66 97 88 39 91 50 13
0 0 0 0 0 0 0 0 0 0 0 0 0 0 0 0 0 9 0 0 0 0 0 0 0 0 0 0 0 0 0 0 0 0 0 6 45 2 0 0 0 0 0 0 0 0 0 0 0 0 0 0 0 0 32 66 4 0 0 0 0 7 42 47 0 0 0 0 0 0 0 0 0 0 0 0 0 0 18 40 37 35 85 59 4 0 0 0 1 17 64 95 8 65 92 7
0 0 0 0 0 0 0 0 0 0 0 0 0 0 0 9 6 32 52 25 0 0 0 0 0 0 0 0 0 0 0 0 0 0 0 0 50 0 0 0 0 0 0 0 0 0 0 0 0 0 0 0 0 0 6 7 0 0 0 0 0 27 21 56 0 0 0 0 0 0 0 0 0 0 0 0 2 16 85 96 87 7 85 49 0 0 0 0 0 2 62 63 17 38 93 84
0 0 0 0 0 0 0 0 0 0 0 0 0 0 0 14 1 0 0 3 0 0 0 0 0 0 0 0 0 0 0 0 0 0 0 0 12 0 0 0 0 0 0 0 0 0 0 0 0 0 0 0 0 0 0 0 0 0 0 0 0 0 25 48 0 0 0 0 0 0 0 0 0 0 0 0 0 2 8 73 78 30 100 49 0 0 0 0 0 39 79 67 3 0 82 97
0 0 0 0 0 0 0 0 0 0 0 0 0 0 0 0 0 0 0 0 0 0 0 0 0 0 0 0 0 0 0 0 0 0 0 0 0 0 0 0 0 0 0 0 0 0 0 0 0 0 0 0 0 0 0 0 0 0 0 9 44 90 58 0 0 0 0 0 0 0 0 0 0 0 0 0 0 0 8 99 64 64 86 8 0 0 0 0 0 60 85 44 1 0 16 52
0 0 0 0 0 0 0 0 0 0 0 0 0 0 0 0 0 0 0 0 0 0 0 0 0 0 0 0 0 0 0 0 0 0 0 0 0 0 0 0 0 0 0 0 0 0 0 0 0 0 0 0 0 0 0 0 0 0 0 68 84 40 46 6 0 0 0 0 0 0 0 0 0 0 0 0 0 0 7 97 79 90 83 0 0 0 0 0 0 0 6 47 60 26 30 36
0 0 0 0 0 0 0 0 0 0 0 0 0 0 0 0 0 0 0 0 0 0 0 0 0 0 0 0 0 0 0 0 0 0 0 0 0 0 0 0 0 0 0 0 0 0 0 4 16 1 0 0 0 0 0 0 0 0 42 40 1 0 0 0 0 0 0 0 0 0 0 0 0 0 0 20 58 23 10 77 78 96 68 3 0 0 0 0 0 0 0 22 68 99 98 31
0 0 0 0 0 0 0 0 0 0 0 0 0 0 0 0 0 0 0 0 0 0 0 0 0 0 0 0 0 0 0 0 0 0 0 0 0 0 0 0 0 0 10 34 14 0 34 44 10 0 0 0 0 0 0 0 0 22 14 0 0 0 0 0 0 0 0 0 0 0 0 0 0 0 37 68 6 67 70 46 89 100 99 23 0 0 0 0 0 0 0 50 90 30 89 96
0 0 0 0 0 0 0 0 0 0 0 0 0 0 0 0 0 0 0 0 0 0 0 0 0 0 0 0 0 0 0 0 0 0 0 0 0 0 0 0 10 13 76 44 63 10 17 57 0 0 0 0 0 0 0 0 0 0 0 0 0 0 0 0 0 0 0 0 0 0 0 0 17 43 77 81 88 70 100 86 87 83 55 16 0 0 0 0 0 0 0 82 15 0 45 90
0 0 0 0 0 0 0 0 0 0 0 0 0 0 0 0 0 0 0 0 0 0 0 0 0 0 0 0 0 0 0 0 0 0 0 0 0 0 0 24 85 54 71 28 88 43 19 9 0 0 0 0 0 0 0 0 0 0 0 0 0 0 0 0 0 0 0 0 17 24 18 44 17 22 91 84 25 11 47 1 21 95 97 17 0 0 0 0 0 0 4 16 0 0 68 62
0 0 0 0 0 0 0 0 0 0 0 0 0 0 0 0 0 0 0 0 2 22 5 0 0 0 0 0 0 0 0 0 0 8 0 0 0 0 0 4 51 59 81 67 44 10 0 0 0 0 0 0 0 0 0 0 0 0 0 0 0 0 0 0 0 0 0 21 57 63 22 82 66 92 28 7 0 0 0 0 0 73 58 0 0 0 0 0 0 0 0 0 0 0 6 79
0 0 0 0 0 0 0 0 0 0 0 0 0 0 0 0 0 1 12 32 28 85 10 0 0 1 0 0 0 0 0 0 1 42 44 14 0 0 0 66 51 4 10 40 31 26 0 0 0 0 0 0 0 0 0 0 0 0 0 0 0 0 0 0 16 19 0 8 18 5 2 8 3 42 0 0 0 0 0 0 4 82 19 0 0 0 0 0 0 0 0 0 0 0 4 91
71 8 0 0 0 0 0 0 0 0 0 0 0 0 0 0 0 19 31 85 52 68 5 21 58 40 6 0 0 0 0 0 0 9 86 36 9 0 44 85 72 15 1 0 68 20 0 0 0 0 0 0 0 0 0 0 0 0 0 0 0 0 0 0 62 40 24 30 0 0 0 0 0 0 0 0 0 0 0 0 13 96 61 2 0 0 0 0 0 0 0 0 0 0 41 58
70 39 1 0 0 0 0 0 0 0 0 0 0 1 24 34 76 58 10 33 23 64 55 47 71 75 11 16 1 0 0 0 0 0 1 19 14 44 15 53 80 73 75 33 0 25 24 0 0 0 0 0 0 0 0 0 0 0 0 0 0 0 0 0 0 16 2 0 0 0 0 0 0 0 0 0 0 0 0 0 16 70 74 45 1 0 0 0 0 0 0 0 0 3 84 89
35 56 14 0 0 0 0 0 0 0 0 0 32 11 38 66 94 92 89 60 54 63 69 69 51 57 21 78 47 1 0 0 0 0 0 0 2 5 12 12 3 66 100 58 2 27 66 0 0 0 0 0 0 0 0 0 0 0 0 0 0 0 0 0 0 0 0 0 0 0 0 0 0 0 0 0 0 0 0 0 0 0 0 36 98 62 50 0 0 0 0 0 0 0 15 20
0 1 12 0 0 0 0 0 0 0 1 13 50 69 70 57 17 0 0 3 58 67 75 96 68 39 21 28 31 63 13 23 5 9 0 0 0 0 0 0 0 1 47 94 8 11 32 9 7 0 0 0 0 0 0 0 0 0 0 0 0 0 0 0 0 0 0 0 0 0 0 0 0 0 0 0 0 0 0 0 0 0 0 2 75 56 0 0 0 0 0 0 0 0 0 0
0 0 0 0 0 0 0 0 10 63 39 79 48 6 2 0 0 0 0 0 9 54 85 67 92 99 96 70 51 94 99 71 59 79 81 23 9 0 0 0 19 28 0 13 2 8 53 52 47 0 0 0 0 0 0 0 0 0 0 0 0 0 0 0 0 0 0 0 0 0 0 0 0 0 0 0 0 0 0 0 0 0 0 0 45 63 5 0 0 0 0 0 0 0 0 0
0 0 0 0 0 0 0 0 77 47 65 24 0 0 0 0 0 0 4 2 0 1 12 1 31 39 28 74 65 76 90 77 70 58 82 38 87 11 0 0 49 55 11 0 4 10 82 39 6 0 0 0 0 0 0 0 0 0 0 0 0 0 0 0 0 0 0 0 0 0 0 0 0 0 0 0 0 0 0 0 0 0 0 0 2 69 53 6 0 0 0 0 0 0 0 0
0 0 0 0 0 0 0 9 47 2 0 0 0 0 0 0 0 6 46 75 45 9 0 0 0 0 0 20 77 62 53 70 64 8 6 11 40 66 18 5 54 14 0 0 8 58 56 0 0 0 0 0 0 0 0 0 0 0 0 0 0 0 0 2 0 0 0 0 0 0 0 0 0 2 3 3 0 0 0 0 0 0 0 0 0 5 49 57 34 0 0 0 0 0 0 0
0 0 0 0 0 0 0 38 0 0 0 0 0 0 0 0 0 0 0 26 58 47 19 0 0 0 0 0 4 84 90 45 82 69 16 7 20 94 19 14 18 0 0 2 10 92 40 0 0 0 3 7 2 0 0 0 0 0 0 0 0 0 5 35 18 0 0 0 0 0 0 0 0 41 32 5 0 0 0 0 0 0 0 0 0 0 18 0 26 7 0 0 0 0 0 0
0 0 0 0 0 0 0 0 0 0 0 0 0 0 0 0 0 0 0 0 38 56 54 35 0 0 0 0 3 52 80 100 97 94 83 20 30 99 43 12 14 4 8 7 19 99 64 1 0 0 0 42 60 24 1 0 0 0 0 0 0 0 22 67 35 0 0 0 0 0 0 0 8 66 36 1 4 33 9 0 0 0 0 0 0 0 0 0 0 0 0 0 0 0 0 0
0 0 0 0 0 0 0 0 0 0 0 0 0 0 0 0 0 2 0 0 0 6 39 79 64 17 0 0 0 14 66 83 63 50 63 45 19 92 75 14 0 39 94 15 12 80 100 79 6 0 0 15 57 0 0 0 0 0 0 0 0 0 23 77 100 18 0 0 0 0 0 0 14 29 29 42 27 57 6 0 0 0 0 0 0 0 0 0 0 0 0 0 0 0 0 0
0 0 0 0 0 0 0 0 0 0 0 0 0 0 0 0 15 48 49 0 0 2 55 66 57 0 0 0 0 37 66 10 12 47 94 50 17 46 87 67 1 15 98 65 18 15 77 83 58 9 30 20 35 0 0 0 0 0 0 0 0 0 13 82 54 34 22 0 0 0 2 19 89 58 66 66 57 57 0 0 0 0 0 0 0 0 0 0 0 0 0 0 0 0 0 0
0 0 0 0 0 0 0 0 0 0 0 0 0 0 0 0 3 0 70 0 0 53 92 72 73 0 0 0 0 0 2 0 0 3 73 72 14 54 29 94 67 8 96 100 87 27 18 30 72 79 65 0 12 16 1 0 0 0 3 42 34 6 3 78 89 79 90 24 6 0 3 24 10 0 47 77 69 67 25 0 0 0 0 0 0 0 0 0 0 0 0 0 0 0 0 0
0 0 0 0 0 0 0 0 0 0 0 1 3 0 0 0 20 39 55 0 1 64 82 77 71 0 0 0 0 0 0 0 0 2 76 84 28 23 17 52 87 88 53 98 78 50 12 16 54 42 43 88 100 86 42 0 0 0 34 77 12 0 1 58 81 66 69 80 27 0 0 0 0 0 32 77 19 15 0 0 0 0 0 0 0 0 0 0 0 0 0 0 0 0 0 0
0 0 0 0 0 0 0 0 0 0 0 6 5 0 4 0 0 79 48 48 64 84 99 95 26 0 0 0 0 0 0 0 0 48 65 22 33 13 17 56 73 68 58 60 75 81 25 6 19 63 100 98 86 28 13 0 0 0 53 70 1 0 0 0 29 94 42 70 49 0 0 0 0 19 86 60 38 61 42 0 0 0 0 0 0 0 0 0 0 0 0 0 0 0 0 0
0 0 0 0 0 0 0 0 0 0 0 8 2 41 34 0 0 9 85 65 90 39 100 54 0 12 23 28 0 0 0 13 50 98 52 72 70 55 39 11 20 46 100 66 67 70 14 1 23 82 70 38 37 59 0 0 0 1 89 82 11 0 0 0 40 73 23 47 46 0 0 0 0 2 58 69 46 88 86 31 0 0 0 0 0 0 0 0 0 0 0 0 0 0 0 0
0 0 0 0 2 0 0 0 0 0 0 4 14 32 43 0 0 1 32 47 99 41 46 86 18 66 98 42 0 0 0 0 4 17 22 44 54 98 96 37 10 14 79 95 88 94 11 4 86 70 82 37 12 1 0 0 0 21 92 88 81 3 0 4 80 95 26 65 43 0 0 0 0 2 43 30 64 77 2 0 0 0 0 0 0 0 0 0 0 0 0 0 0 0 0 0
0 0 0 0 52 1 0 0 0 0 0 2 15 10 55 14 0 0 0 6 78 96 68 87 88 88 53 4 0 0 0 0 0 0 0 6 60 79 88 71 10 12 17 33 93 58 3 26 92 42 31 60 87 66 13 0 0 35 99 48 13 0 0 0 37 86 16 31 85 0 0 0 0 0 7 80 58 54 12 0 0 0 0 0 0 0 0 0 0 0 0 0 0 0 0 0
0 0 0 10 46 56 1 0 0 0 0 0 12 3 67 21 0 0 0 0 62 64 4 64 67 100 63 0 0 0 3 10 7 11 0 0 0 32 35 81 55 16 1 0 12 12 6 43 100 100 87 74 51 97 88 14 1 53 74 57 0 0 0 13 93 100 26 78 71 0 0 0 0 0 22 77 36 44 27 21 0 0 0 0 0 0 0 0 0 0 0 0 0 0 0 0
0 0 0 5 55 64 2 0 0 0 0 0 7 2 14 0 0 5 34 2 39 37 7 98 30 83 54 0 0 0 0 2 11 37 38 0 0 26 35 45 72 58 12 1 3 15 17 87 90 57 54 92 96 71 18 1 5 79 55 74 18 0 0 38 100 98 56 100 71 1 0 0 0 0 15 60 13 41 68 50 8 0 0 0 4 0 0 0 0 0 0 6 11 30 38 38
0 0 11 69 49 83 19 0 0 0 3 0 2 61 96 42 2 74 39 63 28 0 55 96 34 2 0 0 0 0 0 1 24 37 72 0 0 1 4 28 99 68 8 44 9 3 2 98 50 5 0 9 67 22 0 0 5 84 70 83 60 0 0 43 98 58 52 71 91 72 3 0 2 43 29 57 22 31 70 6 0 19 40 13 59 3 23 34 40 34 61 50 84 41 68 31
0 0 0 0 53 59 30 0 0 3 60 57 71 56 29 46 29 17 0 5 39 70 66 41 3 0 0 0 32 9 0 36 19 88 58 0 0 0 4 12 80 49 70 81 20 30 2 87 95 38 0 2 6 0 0 0 2 90 80 94 28 0 35 82 94 12 73 94 100 100 48 0 13 98 93 67 34 41 54 19 7 48 71 27 67 14 74 63 60 66 63 16 11 18 10 53
0 0 0 3 43 66 32 0 0 0 27 60 27 1 0 25 46 27 4 78 82 78 86 69 23 0 0 0 0 69 72 30 15 21 1 10 8 0 0 83 95 86 100 100 62 5 23 75 100 25 1 2 0 2 0 1 49 93 97 83 5 0 17 88 65 32 97 100 99 52 67 0 0 69 89 100 46 61 91 44 0 26 30 50 4 2 14 8 21 15 23 21 86 98 98 89
23 8 26 91 76 100 21 0 0 0 0 0 0 2 0 0 26 70 13 100 100 97 89 31 1 0 3 0 0 5 56 49 35 4 11 42 16 0 8 90 98 96 60 53 61 27 21 66 100 87 90 98 68 16 0 3 77 92 64 80 22 0 39 91 50 62 100 99 47 81 12 0 0 2 2 75 74 79 19 1 22 43 18 19 52 45 34 51 90 98 99 100 86 97 70 1
49 41 29 75 90 100 57 0 0 37 15 48 41 82 34 0 21 42 33 100 100 98 47 2 0 6 14 1 0 0 0 14 31 4 48 54 1 0 29 6 41 38 8 46 63 10 0 77 46 75 98 79 26 0 0 4 68 67 69 99 11 0 49 70 25 80 100 100 97 84 2 0 4 68 68 66 64 70 26 3 73 90 84 84 86 76 96 92 68 91 97 61 32 76 36 11
0 2 87 75 67 13 9 0 3 39 36 58 100 98 96 24 21 21 67 100 83 42 2 0 0 9 14 9 10 9 2 4 7 3 56 26 1 0 0 0 1 0 12 58 57 13 0 38 16 82 100 98 94 33 0 2 59 12 88 68 2 2 69 9 35 100 100 100 100 49 2 1 10 84 42 19 0 0 0 20 17 74 75 99 100 92 89 57 76 62 15 0 0 0 0 0
0 57 99 29 0 0 0 0 29 23 28 67 86 28 61 71 31 86 46 51 13 18 67 7 30 2 11 16 9 6 8 26 22 26 63 48 3 0 0 0 0 0 0 7 11 17 11 38 12 74 100 99 61 19 0 27 88 44 57 74 1 40 85 14 59 100 100 94 34 0 0 0 70 97 84 3 0 0 1 56 54 46 98 96 38 61 57 0 0 0 0 0 0 0 0 0
20 89 66 22 0 0 0 0 30 58 44 83 71 51 96 90 98 91 90 6 0 6 7 0 22 0 0 9 13 14 8 9 8 59 72 20 5 23 5 5 4 1 0 28 28 10 30 6 5 16 90 76 2 0 0 57 94 52 62 86 25 26 24 50 71 99 94 82 0 0 0 3 42 74 43 0 0 0 3 59 42 94 100 46 0 4 7 0 0 0 26 31 0 0 0 0
85 56 35 4 0 0 0 6 48 84 75 79 24 91 93 74 82 63 100 67 24 27 0 0 0 12 50 21 0 5 15 37 47 64 36 0 45 39 8 16 24 0 17 33 28 90 37 9 0 0 32 94 16 0 34 75 100 93 100 83 61 13 1 55 99 70 51 53 0 0 0 8 43 58 48 4 5 0 0 2 39 10 55 22 0 0 0 0 0 18 94 15 0 0 0 0
96 57 4 0 0 1 4 56 97 35 83 92 98 92 36 15 24 46 95 17 75 87 29 0 0 26 26 4 14 3 3 68 74 32 0 0 2 19 4 90 23 0 21 37 51 99 40 11 0 0 0 58 63 5 38 100 100 92 100 76 55 13 33 100 81 16 0 2 0 0 0 19 64 52 20 94 67 2 0 0 29 26 37 7 11 0 34 53 41 72 97 7 0 0 0 0
89 20 0 0 3 44 93 99 60 98 38 21 57 38 8 0 1 69 72 62 77 91 38 7 1 43 30 7 25 8 0 13 72 29 0 0 8 4 42 44 0 0 1 13 92 46 46 14 3 0 0 19 95 33 38 100 48 36 93 83 64 1 68 58 61 75 36 0 0 1 55 99 65 57 96 71 1 0 0 0 20 58 33 45 49 0 11 48 74 100 86 6 0 0 11 1
92 96 0 0 32 96 68 41 80 46 0 0 0 0 0 0 4 47 60 46 14 73 8 8 2 0 0 1 6 6 7 0 53 67 14 1 2 12 72 26 4 0 0 7 72 47 40 59 13 0 0 0 36 81 53 100 75 12 10 4 2 18 96 89 87 98 83 10 0 42 86 7 83 55 88 24 5 27 4 0 0 6 61 61 44 0 51 77 63 73 52 0 0 19 60 24
95 71 1 0 14 28 48 1 1 4 6 0 0 0 0 0 27 36 3 0 0 0 8 12 20 8 0 1 24 33 16 8 0 62 75 60 24 3 9 82 48 19 7 0 2 82 99 94 69 14 7 0 7 20 52 87 93 18 9 3 0 36 47 48 38 33 99 41 0 40 11 33 61 10 20 90 97 22 0 0 0 0 54 72 68 1 66 42 8 0 0 0 0 34 72 67
72 70 0 0 0 0 0 0 0 0 17 51 51 66 35 3 56 68 65 7 2 5 22 60 23 16 7 8 18 15 5 0 0 7 24 72 36 0 34 86 6 2 3 0 0 12 42 30 66 17 15 1 0 12 22 2 31 31 28 3 1 16 83 94 95 13 29 88 30 0 3 0 2 1 0 0 35 68 29 0 0 15 0 41 65 19 48 33 74 34 0 0 0 0 38 44
88 100 46 32 67 4 0 0 0 0 2 16 86 62 55 19 31 22 52 16 34 32 39 20 12 15 16 1 0 0 7 12 2 0 0 0 0 0 53 43 0 0 0 0 0 0 1 8 67 23 17 4 0 0 0 1 21 5 9 6 58 93 67 39 95 14 1 21 5 0 0 0 0 0 0 0 0 13 31 38 71 -9 2 3 13 6 64 54 37 1 0 0 0 0 0 2
100 61 0 49 86 1 0 0 0 0 0 21 83 94 64 78 84 72 41 13 1 23 14 1 8 6 11 9 2 0 5 4 0 0 2 10 9 11 8 2 10 2 0 0 0 0 5 8 23 18 7 15 1 10 37 34 30 17 15 16 6 6 51 97 59 8 0 0 0 0 35 45 14 0 3 42 8 10 84 100 37 -9 -9 12 10 52 59 82 48 10 0 0 0 0 0 0
99 87 2 65 86 37 37 44 0 0 1 16 0 12 6 18 93 56 97 69 54 56 26 4 14 27 18 17 17 6 12 5 4 0 0 3 15 17 5 17 16 36 53 22 9 2 7 76 64 66 67 86 3 11 51 60 77 68 19 17 25 8 2 12 4 0 0 0 0 1 33 18 6 0 16 39 2 2 36 59 -9 -9 -9 -9 -9 54 76 60 26 1 19 31 0 0 0 11
22 58 66 94 83 87 61 14 1 4 47 51 49 57 51 52 87 8 11 22 89 31 19 12 8 54 22 12 5 1 30 9 55 26 5 4 0 3 5 10 19 50 30 7 53 11 11 48 53 30 26 28 2 23 15 21 5 68 71 59 76 24 12 14 0 0 0 0 0 0 0 0 0 0 14 49 13 38 31 94 -9 -9 -9 -9 -9 -9 48 31 64 84 53 18 0 0 0 38
1 7 76 66 14 68 36 0 2 73 100 85 25 25 58 36 72 74 46 20 54 0 0 0 5 3 0 7 8 8 24 75 60 24 13 8 14 8 4 7 5 8 3 11 17 14 14 7 2 0 0 0 6 69 42 63 16 68 100 95 100 62 63 75 12 0 17 3 0 2 6 38 19 0 42 73 2 41 4 30 -9 -9 -9 -9 -9 -9 -9 -9 -9 -9 0 0 0 0 0 36
0 66 73 91 4 0 0 0 9 45 41 85 96 100 98 80 97 100 100 58 52 13 12 15 15 11 0 0 0 12 18 42 86 23 8 6 1 7 10 0 0 0 0 0 2 2 0 24 19 0 0 0 0 2 53 82 66 92 98 21 58 95 79 52 3 0 54 74 6 2 27 23 40 5 50 22 1 6 0 0 -9 -9 -9 -9 -9 -9 -9 -9 -9 -9 -9 -9 -9 -9 -9 54
64 48 54 72 7 0 8 1 20 17 39 79 34 92 91 95 96 96 99 93 68 14 15 17 17 17 4 3 16 6 1 4 34 8 0 0 0 5 0 0 0 0 0 0 0 28 14 19 6 0 0 7 14 17 25 12 85 39 44 14 0 14 6 10 0 0 61 85 30 0 17 43 0 0 49 30 0 0 0 -9 -9 -9 -9 -9 -9 -9 -9 -9 -9 -9 -9 -9 -9 -9 -9 -9
50 37 74 61 0 16 68 10 71 22 10 8 1 73 37 56 47 31 32 21 4 0 30 8 4 19 13 13 9 8 2 0 0 0 0 0 0 0 11 1 0 0 0 0 0 0 0 0 0 0 2 12 9 3 0 1 9 0 0 12 59 0 0 0 11 0 35 58 23 13 7 17 8 55 56 1 0 0 -9 -9 -9 -9 -9 -9 -9 -9 -9 -9 -9 -9 -9 -9 -9 -9 -9 -9
27 70 86 81 4 39 72 51 72 31 46 48 53 12 32 23 0 0 1 14 16 3 22 17 24 42 35 40 17 16 12 0 0 0 0 0 0 0 22 13 1 1 0 0 0 0 0 0 0 3 5 7 15 13 52 21 14 39 31 55 70 10 12 0 44 53 59 79 65 35 70 74 18 8 5 7 0 0 -9 -9 -9 -9 -9 -9 -9 -9 -9 -9 -9 -9 -9 -9 -9 -9 -9 -9
76 66 91 49 32 81 91 96 90 72 73 87 83 91 74 0 0 0 0 7 12 12 10 16 17 16 6 11 13 14 16 5 0 0 0 0 0 0 2 0 12 1 5 0 0 1 6 8 11 34 49 48 58 60 18 3 36 34 27 0 0 0 13 28 31 71 54 49 65 82 2 20 17 0 0 0 0 -9 -9 -9 -9 -9 -9 -9 -9 -9 -9 -9 -9 -9 -9 -9 -9 -9 -9 -9
