data/habitatmaps/RS_maps/habitat_Regulus.regulus_2008.asc
NCOLS 369 
NROWS 228 
XLLCORNER 479000 
YLLCORNER 73000 
CELLSIZE 1000 
NODATA_value -9 
[rows 63 to 125 of 228, columns 96 to 191 of 369]
77 76 18 40 27 32 34 90 100 86 79 96 100 45 47 71 48 55 40 2 14 56 50 40 19 11 27 4 69 66 67 81 34 64 35 7 17 36 65 72 67 60 70 7 0 0 0 0 0 15 33 57 80 79 71 83 51 93 98 83 49 35 0 1 65 96 90 72 15 29 13 0 48 29 19 24 79 50 0 1 55 85 8 0 0 35 0 0 25 41 35 10 16 34 40 0
44 18 9 8 3 55 68 51 56 73 35 36 70 63 75 86 85 41 3 0 0 0 0 5 7 34 53 68 57 6 21 11 34 86 69 49 13 63 70 59 36 62 11 0 0 0 0 0 1 29 55 69 57 65 1 8 14 74 100 71 46 66 0 0 47 94 87 3 11 92 54 0 26 77 75 27 44 28 0 0 41 55 5 0 0 52 0 0 40 53 29 8 0 6 25 0
5 16 23 64 66 39 31 9 10 21 40 45 60 50 60 67 77 67 73 26 26 31 34 69 56 55 59 48 20 2 17 44 66 87 67 48 16 63 43 44 47 7 0 0 0 0 18 34 53 80 15 5 0 53 10 17 35 44 100 46 6 76 31 0 39 62 87 36 68 51 55 0 26 86 8 0 13 43 3 0 0 8 0 0 0 15 4 0 1 77 16 0 0 0 65 3
50 40 14 41 26 53 48 50 66 80 89 76 58 43 19 33 50 87 100 82 64 79 90 60 67 66 98 34 11 40 63 77 52 43 44 1 48 94 24 20 11 8 0 0 0 0 9 94 100 36 74 6 4 10 14 60 97 96 78 9 21 87 67 1 0 42 91 69 12 57 29 0 22 56 8 32 12 72 16 2 0 0 52 10 0 0 12 2 0 67 30 5 0 0 69 16
20 22 42 46 63 47 59 86 61 66 47 35 61 39 24 29 60 75 87 70 44 45 73 33 12 74 100 97 59 15 32 41 87 82 20 0 28 57 43 18 35 7 10 54 57 73 76 71 99 6 17 51 95 23 31 88 45 100 100 26 39 62 67 29 0 23 32 34 73 67 3 0 7 4 46 64 49 22 92 63 9 0 43 87 23 0 45 81 35 43 99 16 0 28 14 29
33 34 58 43 60 55 35 34 38 39 69 68 37 0 7 5 9 12 34 43 80 39 76 85 69 83 69 59 57 78 84 95 88 71 38 8 18 18 6 2 0 0 60 62 64 100 54 12 45 0 21 48 5 0 31 100 95 39 34 5 19 20 22 34 0 0 28 74 63 57 0 0 0 0 14 88 59 58 33 95 48 0 8 20 15 0 28 35 2 11 52 31 27 2 19 30
4 5 46 48 59 41 71 18 0 0 9 0 0 51 59 71 50 67 100 89 53 62 58 35 82 64 65 75 92 66 82 35 35 75 46 33 44 17 6 0 0 10 33 1 51 58 37 0 32 45 24 5 34 51 17 41 45 24 36 0 15 34 87 78 0 16 74 77 78 96 14 0 0 0 26 22 9 76 16 27 23 10 0 0 59 0 4 7 0 0 6 35 12 0 32 12
7 22 58 50 30 13 15 0 0 19 52 27 39 90 82 81 79 57 21 48 56 54 60 94 100 90 33 2 39 15 0 30 79 66 52 45 21 18 0 0 0 32 54 34 93 11 1 1 69 62 39 1 56 92 80 0 23 74 43 1 40 85 74 50 26 1 38 68 72 76 11 0 19 5 2 22 5 32 18 0 11 32 0 25 64 3 0 0 0 0 39 77 33 1 27 10
58 55 30 50 93 22 0 5 44 91 100 95 94 49 26 15 0 26 99 79 92 100 79 70 56 18 7 0 11 44 0 12 29 1 13 3 20 32 0 20 30 39 52 55 8 49 46 31 4 24 0 0 42 100 92 4 3 10 0 21 26 51 22 25 47 19 2 84 81 36 3 7 17 0 0 51 26 3 31 11 27 2 0 3 75 32 0 2 50 27 17 58 42 2 0 14
29 28 50 57 54 47 70 72 76 71 15 25 59 88 75 53 20 69 86 94 96 90 13 1 0 0 0 0 0 0 0 0 0 0 0 30 39 21 2 80 84 47 0 7 11 95 70 10 1 52 19 0 65 71 23 0 0 57 2 31 29 35 3 58 0 1 10 9 6 0 7 32 3 0 0 22 16 8 35 0 0 0 0 15 33 15 0 0 30 8 2 44 61 29 0 0
39 17 12 20 59 80 77 20 3 29 34 66 66 82 39 18 23 61 89 70 26 0 0 0 0 0 0 0 0 0 0 0 0 14 5 18 23 2 0 52 100 42 33 49 2 0 33 27 29 44 56 0 75 26 24 51 0 52 56 3 27 0 20 81 27 32 89 38 22 17 0 29 9 22 0 0 14 13 15 0 0 0 17 35 39 26 6 0 0 0 7 19 84 31 0 0
13 4 0 3 1 77 49 20 0 7 9 43 76 82 24 15 18 14 87 45 0 0 0 0 0 0 0 0 0 0 35 66 59 14 9 45 0 0 0 22 24 4 42 1 2 0 7 23 2 12 20 0 80 86 54 7 0 25 7 24 0 6 26 56 64 0 67 100 35 35 41 54 3 36 71 10 0 1 16 0 13 8 20 22 64 21 21 0 0 0 0 4 34 16 0 0
74 51 61 76 65 59 40 52 48 54 49 63 0 18 62 15 29 42 19 0 0 0 0 0 0 0 0 3 7 35 97 57 74 7 0 4 50 10 3 0 18 6 7 34 17 21 0 8 20 57 6 1 58 57 37 10 12 21 8 33 3 13 10 1 28 0 8 10 3 0 10 22 0 32 36 0 0 9 34 0 49 76 2 7 72 0 0 0 4 14 0 0 27 50 4 1
33 58 54 58 74 92 92 29 38 83 54 51 55 74 34 17 39 27 21 0 0 0 0 0 4 18 0 20 85 84 46 24 6 3 0 10 19 0 19 63 71 2 7 66 22 6 27 85 57 38 20 5 24 62 43 17 39 71 18 14 18 9 5 20 28 0 0 0 0 0 1 26 2 2 0 0 0 0 18 21 33 35 7 6 0 0 22 20 0 14 0 0 5 31 9 53
51 65 35 17 30 71 77 29 8 32 47 61 78 40 78 61 57 12 11 0 0 0 0 4 32 64 53 87 91 25 0 0 38 52 31 0 0 0 55 22 80 30 62 15 28 64 81 25 43 74 23 0 4 16 38 7 86 44 30 35 0 31 29 3 75 28 1 0 0 0 7 41 34 16 0 0 0 0 0 3 6 4 8 20 0 26 1 5 3 0 18 0 6 28 12 5
48 22 18 27 58 50 40 0 11 55 93 71 36 25 84 38 4 0 0 0 0 0 6 79 80 70 83 73 54 61 21 40 54 11 82 15 13 44 55 10 22 9 49 56 37 34 19 10 27 2 0 17 42 27 80 83 46 12 22 20 0 4 31 28 10 45 14 0 0 0 53 65 52 0 12 5 0 0 0 0 0 0 8 0 0 0 0 23 15 0 6 0 13 25 0 0
78 38 15 40 44 70 33 82 51 27 36 3 0 69 26 6 0 21 0 0 11 26 41 97 62 20 0 1 26 26 15 13 29 0 57 96 65 36 46 0 0 0 15 63 47 17 38 50 18 31 0 6 68 10 5 15 17 2 15 11 7 16 11 13 10 33 5 0 0 0 19 55 11 0 19 2 0 0 0 0 0 2 26 31 11 24 14 23 38 0 10 14 8 0 0 15
91 50 12 27 39 79 53 47 57 18 0 18 31 42 0 0 26 35 47 67 58 49 11 48 39 54 0 1 74 53 6 0 9 0 17 78 1 3 57 19 48 11 56 23 43 35 55 44 5 11 28 29 1 1 0 20 24 30 24 16 55 8 13 25 20 21 21 16 51 0 0 0 9 1 0 0 0 0 0 0 0 0 0 12 0 0 0 0 13 4 2 0 27 0 35 3
29 48 20 40 44 79 86 51 1 0 0 44 58 18 0 1 29 64 86 53 72 13 9 84 82 31 4 65 93 14 0 5 20 7 0 65 0 0 14 51 60 57 32 32 3 24 12 43 14 57 35 26 20 26 20 70 29 24 8 2 16 25 26 61 31 76 53 18 77 25 0 0 0 0 0 1 0 0 0 0 0 0 10 16 0 12 4 18 3 0 0 0 15 16 40 35
61 2 2 45 44 85 47 10 0 0 0 4 1 0 0 33 22 0 0 28 25 0 0 12 13 55 36 33 11 20 52 44 12 0 15 69 0 0 0 8 15 62 47 33 21 50 64 19 43 49 15 0 24 16 0 0 9 41 7 0 8 22 20 21 19 32 9 40 20 8 2 0 0 0 0 11 3 0 0 23 20 5 0 10 20 4 11 20 48 21 35 0 1 0 0 0
0 17 50 54 54 29 3 0 0 0 16 39 52 45 10 20 0 2 0 6 1 0 19 91 51 15 0 0 0 29 50 17 9 0 27 12 0 8 33 30 30 14 84 25 16 21 48 20 59 33 8 4 86 65 0 0 9 26 11 1 0 3 11 19 11 50 17 41 24 19 0 20 18 12 0 35 19 0 30 31 7 25 0 9 47 16 0 0 27 18 27 5 69 0 26 26
0 27 57 16 0 0 0 0 1 24 33 60 49 13 49 13 80 62 13 90 86 69 71 8 0 0 0 0 51 2 14 5 16 3 0 0 0 26 91 29 55 21 17 26 26 58 27 0 37 18 27 1 7 62 4 0 12 24 25 0 0 9 2 0 13 9 0 19 25 5 0 6 16 12 0 21 47 16 5 36 25 22 4 0 39 10 0 0 17 40 0 32 55 16 5 1
56 29 25 11 0 0 0 0 25 86 56 0 0 0 12 14 54 42 27 24 40 10 5 6 1 1 5 23 24 42 60 0 4 31 0 0 0 0 52 91 75 56 69 70 41 45 58 36 10 2 36 21 0 0 1 0 0 1 6 59 18 3 34 23 12 6 2 0 24 29 18 0 0 27 2 0 0 0 0 10 5 33 25 8 22 0 24 19 4 0 0 55 50 5 0 7
74 1 0 0 0 0 0 0 24 89 27 0 0 0 26 9 47 55 48 91 20 1 4 29 43 64 50 53 22 69 44 0 0 65 34 0 0 9 13 64 87 45 25 36 54 72 31 28 8 9 22 0 0 0 0 0 0 0 14 83 14 18 41 16 1 5 17 0 14 40 7 1 0 2 0 0 11 36 2 30 11 0 29 1 0 7 21 47 4 0 0 5 44 12 23 0
3 0 8 3 0 0 11 4 55 48 2 0 0 28 9 8 19 24 23 46 13 50 31 41 32 47 73 39 82 64 8 31 7 1 52 3 6 16 55 66 46 43 2 12 32 2 6 7 29 44 3 19 46 31 0 0 0 0 32 20 16 3 26 30 12 41 14 0 22 53 62 24 22 0 0 0 64 60 0 0 0 0 25 18 0 4 0 2 9 0 29 48 0 13 15 0
0 0 4 0 0 1 19 0 0 0 0 0 0 41 2 38 68 9 8 0 21 15 4 30 41 26 51 26 3 35 84 79 2 0 69 2 14 23 14 28 71 37 14 48 50 29 25 3 0 0 28 34 81 8 12 22 44 16 64 25 44 8 35 32 1 25 33 31 68 32 32 70 41 14 0 0 28 21 17 38 34 40 0 0 0 0 7 28 0 20 14 0 0 24 28 34
0 0 0 0 6 53 0 7 0 0 0 0 1 48 15 14 0 12 21 48 50 16 63 31 1 40 19 8 4 19 4 13 0 23 65 28 50 8 0 0 64 10 30 73 33 22 22 16 0 24 21 19 50 67 71 68 76 77 78 73 56 2 47 20 5 37 45 47 50 49 71 59 64 20 14 40 37 29 50 61 41 25 17 1 48 6 41 12 35 42 14 0 0 2 23 63
0 0 4 5 83 39 9 38 5 1 0 0 6 19 65 0 0 25 0 19 0 13 20 16 69 59 63 0 42 11 0 2 4 16 28 12 52 17 26 6 33 0 19 18 13 11 5 26 23 4 25 6 4 16 54 78 66 55 81 76 75 29 31 47 37 32 59 39 56 64 30 44 38 28 36 24 54 56 35 25 14 36 5 0 0 16 64 55 43 36 16 0 0 0 0 0
9 44 75 40 44 7 51 32 9 0 0 0 0 31 1 0 6 11 35 64 13 34 30 18 4 23 15 0 33 17 0 21 14 0 57 27 74 73 44 6 34 20 66 21 6 6 27 18 4 0 1 22 27 56 88 73 70 70 62 64 57 46 31 51 72 49 64 38 54 73 38 25 26 17 39 50 48 20 15 2 0 6 11 59 67 43 55 4 0 0 0 17 28 0 0 0
33 64 89 45 0 0 0 0 7 0 1 52 28 18 9 5 6 49 32 75 52 64 77 76 29 1 0 0 10 0 0 17 50 8 28 77 42 49 45 29 36 34 24 3 23 26 13 14 20 46 35 38 55 51 83 80 86 53 61 53 87 34 41 63 82 75 89 83 58 63 30 49 9 5 58 30 5 37 28 0 1 45 25 38 44 81 52 54 36 0 0 39 52 1 0 0
35 36 31 0 0 0 0 0 0 3 22 39 6 1 23 82 93 73 93 71 26 26 64 28 0 0 0 0 0 0 8 1 56 80 24 59 64 40 35 21 11 22 8 25 31 36 13 0 37 11 15 12 62 86 75 89 100 74 74 61 78 76 61 94 92 75 79 60 58 56 39 38 0 0 49 17 66 49 51 22 1 0 42 83 83 99 76 68 71 29 17 0 0 0 0 0
0 10 3 0 0 0 0 0 13 30 9 17 70 58 89 100 70 21 50 4 23 12 63 27 15 26 29 45 21 10 79 77 81 59 4 41 32 32 75 89 12 0 14 10 14 0 18 15 22 17 36 19 37 48 69 74 77 63 66 83 86 86 89 100 97 94 95 72 51 45 63 38 0 4 42 34 48 74 48 45 68 58 98 37 33 95 74 84 94 89 45 0 34 2 0 0
0 0 0 0 0 0 0 1 81 69 4 39 24 24 35 44 75 18 19 56 48 11 0 0 2 13 28 85 84 88 97 100 67 34 20 81 46 32 24 45 20 1 5 41 29 14 52 38 27 52 53 47 73 45 69 73 77 99 80 91 79 68 100 93 80 83 79 86 50 28 82 24 0 31 40 14 43 40 63 96 68 55 88 91 53 91 95 73 100 95 50 29 5 0 0 6
0 23 0 0 0 0 0 1 63 53 12 37 35 10 60 16 14 12 5 21 0 0 8 9 31 6 1 41 62 72 61 36 52 80 94 56 42 64 39 29 62 26 35 15 5 28 5 13 16 56 42 45 51 59 77 78 33 98 76 62 68 34 98 65 100 100 91 84 45 55 75 7 1 0 12 58 67 68 88 72 52 82 71 49 58 90 71 45 90 66 10 0 0 0 24 78
24 55 3 0 0 0 0 0 60 15 16 34 29 62 72 2 21 50 44 35 15 0 43 34 39 33 18 0 42 3 52 76 74 64 81 87 64 11 59 51 52 27 37 30 21 29 41 18 0 25 35 23 58 76 61 50 38 61 83 69 59 40 73 68 92 84 67 88 61 60 39 13 37 19 16 19 54 95 79 100 68 78 47 61 71 75 22 0 58 41 21 22 21 5 31 39
0 0 0 0 0 0 0 11 62 56 27 38 20 56 60 40 38 22 23 34 50 11 17 27 19 17 46 3 3 0 33 48 52 37 44 23 34 53 34 35 38 22 24 18 0 0 25 43 0 27 22 49 50 43 57 57 68 61 64 40 63 46 34 93 93 65 41 60 44 41 23 0 37 96 96 54 22 47 94 95 45 44 28 40 52 1 2 4 75 83 58 88 52 3 41 38
2 0 0 0 0 0 0 0 0 1 15 46 36 18 31 60 47 18 27 27 15 70 100 100 67 1 7 7 9 0 19 13 21 30 1 0 20 31 61 43 48 16 11 0 20 15 65 31 0 1 50 53 46 32 58 47 88 53 57 57 44 66 69 81 59 77 75 57 30 1 2 0 40 60 68 41 68 38 50 67 41 69 92 59 52 39 37 32 97 28 2 3 19 29 1 1
23 79 6 0 0 0 0 11 34 11 24 28 18 17 32 41 24 12 14 24 83 78 94 58 1 0 0 0 0 13 25 0 11 29 6 42 30 39 35 55 42 47 0 8 12 37 44 33 0 35 36 69 23 58 57 61 59 68 65 39 74 59 35 23 32 34 17 24 9 6 18 41 77 32 55 52 63 35 56 93 35 63 79 77 67 63 80 75 28 1 28 67 32 0 0 0
0 55 29 0 15 30 25 36 27 42 38 14 24 69 26 48 10 8 34 19 0 0 5 0 0 0 0 0 5 91 61 35 0 0 23 1 33 42 6 50 14 35 44 40 45 46 46 39 7 2 4 24 27 46 41 25 44 83 40 49 75 70 66 61 37 7 4 29 0 20 39 36 74 41 46 28 32 50 57 70 69 85 60 88 62 96 50 15 0 18 44 11 14 18 25 16
0 11 8 0 0 0 0 6 11 7 21 1 23 25 43 56 2 0 3 0 0 31 80 0 0 9 21 0 0 36 37 61 15 0 20 6 4 0 16 31 19 68 54 28 96 89 83 25 3 39 28 15 5 7 30 51 51 40 48 66 77 55 79 64 6 36 22 4 1 28 65 47 56 25 36 32 23 52 53 60 87 52 77 68 74 58 35 4 3 59 33 5 32 31 10 9
0 0 27 11 1 72 5 5 17 19 31 15 4 13 48 70 37 68 66 9 6 88 39 0 1 14 16 23 12 0 14 22 11 0 6 22 34 8 7 3 13 11 0 21 44 66 34 1 29 35 58 68 38 3 14 71 31 63 73 64 49 69 62 29 10 17 22 35 21 59 74 34 58 1 37 61 52 87 84 75 90 98 81 55 78 41 3 25 53 94 61 68 75 17 9 16
0 0 0 64 63 76 12 61 13 24 8 0 5 43 48 71 99 64 39 9 36 35 9 28 55 37 0 14 16 35 60 23 28 37 0 2 32 48 5 0 11 13 26 21 31 47 26 0 39 76 55 74 54 51 17 15 26 60 77 80 57 55 32 10 6 51 20 76 59 74 59 25 16 44 43 65 37 90 63 74 79 100 94 67 95 43 19 0 19 85 47 51 44 3 13 77
0 3 0 33 55 5 0 12 7 31 3 8 27 69 96 64 41 59 30 1 54 13 18 44 68 20 0 3 0 22 24 4 11 7 31 0 19 2 0 0 42 13 7 6 60 20 47 20 27 29 28 64 49 65 63 62 78 65 48 64 58 49 10 12 41 40 62 56 49 61 41 0 0 15 26 74 66 71 80 89 61 68 83 98 58 50 14 18 4 1 26 75 52 12 9 43
48 28 0 0 0 7 44 53 26 16 65 11 6 43 70 0 0 6 34 16 39 5 26 61 73 60 23 22 1 0 20 22 8 29 0 5 18 6 28 0 0 27 44 57 0 18 23 15 39 28 41 25 55 59 55 52 73 60 32 50 54 19 5 56 53 63 36 48 7 48 54 9 4 3 7 44 44 27 94 90 22 40 38 19 3 0 0 13 0 18 9 73 32 45 80 58
22 13 0 0 0 74 16 14 2 10 24 20 1 16 5 23 37 30 24 6 20 22 31 30 19 4 44 28 45 0 0 49 8 32 23 0 7 66 91 14 0 0 14 27 15 21 45 54 38 64 11 42 56 30 41 40 35 47 82 60 34 37 27 47 81 14 30 54 33 2 26 2 0 10 17 41 59 61 39 52 8 12 2 0 1 0 9 45 0 0 34 43 50 12 40 78
31 22 14 0 0 41 15 41 0 19 7 14 34 17 21 0 3 25 25 47 8 47 15 55 33 72 30 2 34 0 33 45 48 7 11 27 18 34 17 0 7 40 29 48 35 42 24 43 53 48 55 39 74 28 27 54 40 57 65 13 36 60 53 50 80 46 34 44 35 25 52 56 30 66 5 36 77 60 67 45 6 21 9 21 8 0 7 15 8 9 72 40 39 6 40 55
25 0 2 44 0 1 36 13 4 21 18 8 0 9 36 12 3 38 29 0 15 0 17 13 18 3 10 0 19 16 36 40 71 0 0 0 7 0 0 0 11 3 62 63 82 66 55 15 27 47 78 35 14 41 73 62 37 53 54 16 21 26 67 33 42 38 19 43 23 49 84 57 68 29 42 39 28 79 100 74 26 35 11 3 0 0 0 0 31 55 45 17 2 1 50 45
0 26 41 17 0 0 0 2 0 10 2 0 15 28 7 12 1 28 60 53 31 0 0 22 2 0 0 7 15 21 42 4 52 1 0 10 23 50 0 0 39 52 93 81 60 44 39 57 30 32 33 43 11 70 80 53 65 43 43 52 24 57 68 31 52 50 61 74 36 19 52 59 58 82 78 84 11 73 40 16 45 85 4 0 0 1 14 49 84 70 42 51 11 18 48 11
47 37 25 6 0 0 13 5 15 1 0 7 4 3 0 1 8 52 24 34 69 13 11 32 18 0 1 7 13 5 42 3 21 25 4 19 7 33 14 42 91 86 77 59 7 38 42 35 55 42 53 27 33 42 54 71 47 66 39 35 45 90 100 76 65 38 6 36 43 2 56 69 70 47 86 94 93 96 52 15 4 34 0 6 34 60 84 76 82 59 47 75 29 20 74 52
42 28 4 0 10 0 43 6 1 0 0 6 30 30 8 50 89 14 6 16 62 34 47 10 6 25 67 27 10 0 0 29 40 24 0 21 68 54 22 97 44 38 24 13 33 73 68 46 36 46 75 27 63 43 53 45 42 56 56 11 74 74 95 63 28 4 0 6 41 22 59 68 90 29 50 71 72 79 59 26 0 0 19 63 66 85 63 52 35 27 45 48 13 66 91 62
0 0 0 27 13 0 0 0 0 32 42 10 5 9 34 31 61 23 7 69 59 5 8 10 34 19 2 28 11 0 0 0 2 24 0 5 48 65 17 46 54 34 0 10 56 25 64 69 31 37 30 1 73 24 31 46 63 25 21 42 48 54 64 39 0 0 34 11 29 65 28 83 67 33 86 97 27 48 5 63 9 0 72 85 45 79 43 0 51 2 40 21 0 1 13 75
11 6 19 0 0 16 1 0 0 17 29 0 0 0 30 49 29 5 55 52 67 56 19 39 30 52 90 27 21 0 0 1 0 13 4 46 75 12 3 25 34 32 62 84 3 40 80 62 36 52 52 7 16 43 35 5 23 4 64 57 26 62 46 2 0 21 48 44 32 49 61 34 6 46 85 31 56 97 56 48 12 53 100 98 24 3 0 25 48 23 38 8 0 0 2 72
1 52 3 5 18 0 12 0 0 0 48 33 0 0 0 15 53 0 0 9 0 6 54 6 2 0 2 22 5 17 1 0 13 0 15 32 10 4 1 49 77 41 36 44 32 15 46 17 25 9 47 61 70 61 41 43 2 7 27 46 17 28 27 12 0 8 51 30 53 13 33 46 0 19 5 0 34 49 85 34 13 96 100 97 45 41 0 56 52 30 21 0 0 0 26 64
0 0 0 0 1 0 0 0 3 10 33 41 16 14 0 51 15 0 10 1 0 17 51 12 0 0 0 0 0 9 0 0 19 0 28 20 2 11 16 66 31 33 2 0 46 41 54 50 28 15 63 100 77 95 92 95 57 45 13 22 25 8 24 70 3 2 16 35 26 60 81 23 2 48 52 42 0 29 88 9 0 61 94 54 81 67 23 0 24 55 44 3 0 0 0 15
62 12 0 0 7 36 31 29 15 11 12 47 38 0 0 89 65 0 22 1 0 21 26 37 80 48 3 0 0 0 0 0 19 5 31 40 50 72 74 74 63 51 56 36 0 0 5 37 62 88 85 56 49 82 43 36 35 60 69 58 30 17 46 73 38 69 55 79 60 31 37 16 21 1 3 1 0 1 52 21 0 43 69 15 69 77 5 6 53 51 51 0 0 0 0 0
22 8 2 20 60 2 18 3 20 4 2 19 17 0 7 90 49 0 0 0 0 5 35 22 64 100 56 1 0 0 3 0 9 55 9 25 53 26 44 43 12 0 6 12 40 53 49 18 48 54 50 46 20 42 58 50 54 31 41 4 9 25 25 53 54 39 35 1 15 1 0 0 18 0 0 0 0 11 71 8 0 31 68 42 67 17 0 0 54 66 17 0 0 0 0 0
19 71 42 45 33 0 16 4 29 32 29 10 9 15 50 38 20 25 32 34 9 26 22 67 64 56 53 52 32 9 25 0 0 11 23 0 36 39 27 28 9 45 38 45 39 26 59 82 52 55 45 18 30 56 31 31 14 0 5 1 3 10 54 66 82 48 4 2 0 0 0 0 0 0 9 0 4 66 48 13 40 97 68 34 70 0 0 0 34 16 0 0 0 0 0 0
28 49 28 4 21 18 0 2 18 0 3 13 0 18 55 11 13 22 23 0 3 22 11 45 91 59 95 98 43 4 0 0 3 0 0 0 0 20 6 0 0 60 40 40 5 40 23 74 37 50 57 40 26 36 43 33 54 26 63 22 9 75 99 64 58 1 0 0 0 0 1 1 9 43 82 35 5 28 100 69 77 57 4 5 5 0 0 0 0 0 0 0 5 49 17 0
39 33 36 63 35 34 8 0 0 0 0 21 0 13 47 11 8 5 15 45 77 91 97 100 100 94 100 100 20 5 0 0 5 7 0 0 0 34 3 0 35 46 4 4 36 39 51 57 77 71 68 52 9 27 5 9 65 70 74 56 59 36 23 76 46 0 3 33 39 50 71 73 75 41 66 75 72 59 66 86 57 71 66 5 0 0 0 0 0 0 0 0 53 82 6 0
81 0 5 0 1 22 41 7 5 20 10 20 21 0 29 3 0 42 69 79 76 48 60 71 91 86 73 98 85 67 0 10 17 31 3 21 19 3 0 0 51 64 29 23 62 78 89 44 88 88 43 25 32 16 0 48 78 67 75 52 61 45 68 74 4 12 70 55 83 39 30 63 65 45 61 55 73 54 38 99 64 34 57 50 54 9 0 0 0 0 0 0 6 2 0 0
32 4 11 34 2 1 14 25 46 30 25 56 19 0 17 37 52 91 58 62 68 53 74 74 50 56 73 92 90 53 41 17 0 0 0 0 10 6 0 0 28 80 23 42 66 56 72 62 81 35 40 15 18 0 19 70 93 88 80 25 61 18 11 7 40 35 5 1 7 0 0 7 15 32 25 13 19 8 47 59 87 67 40 2 42 82 10 0 0 0 3 7 0 0 6 16
39 39 12 29 0 0 0 21 10 49 23 4 0 0 31 60 94 58 59 18 7 27 86 94 60 62 78 85 100 99 28 0 0 0 0 33 34 1 0 0 0 26 70 54 42 3 8 13 32 32 2 29 35 10 36 65 87 41 39 65 40 9 0 29 29 0 0 0 0 0 1 0 9 32 67 65 45 49 39 4 6 71 98 39 66 71 12 0 0 3 22 2 3 46 48 35
53 0 0 40 4 0 41 47 36 46 31 4 8 0 33 59 37 10 28 13 7 12 34 31 95 57 54 81 90 98 16 2 0 0 0 4 53 31 0 0 0 0 23 75 37 0 44 22 18 32 31 37 52 8 52 66 18 27 22 53 49 17 13 19 0 0 0 0 11 60 84 64 68 62 63 70 73 83 79 83 22 4 24 69 1 86 22 2 24 80 62 92 92 64 78 53
