data/habitatmaps/RS_maps/habitat_Regulus.regulus_2003.asc
NCOLS 369 
NROWS 228 
XLLCORNER 479000 
YLLCORNER 73000 
CELLSIZE 1000 
NODATA_value -9 
[rows 0 to 62 of 228, columns 192 to 287 of 369]
100 100 72 73 78 81 98 35 51 67 11 49 30 10 18 52 21 40 5 72 38 34 7 9 0 23 2 22 0 0 2 57 67 57 -9 -9 -9 -9 -9 -9 -9 -9 -9 -9 -9 -9 -9 -9 -9 -9 -9 -9 -9 -9 -9 -9 -9 -9 -9 -9 -9 -9 -9 -9 -9 -9 -9 -9 -9 -9 -9 -9 -9 -9 -9 -9 -9 -9 -9 -9 -9 -9 -9 -9 -9 -9 -9 -9 -9 -9 -9 -9 -9 -9 -9 -9
100 100 72 9 22 42 70 15 16 44 21 0 0 10 45 38 0 0 48 86 58 28 11 0 0 0 0 39 0 0 6 85 19 75 2 2 10 -9 -9 -9 -9 -9 -9 -9 -9 -9 -9 -9 -9 -9 -9 -9 -9 -9 -9 -9 -9 -9 -9 -9 -9 -9 -9 -9 -9 -9 -9 -9 -9 -9 -9 -9 -9 -9 -9 -9 -9 -9 -9 -9 -9 -9 -9 -9 -9 -9 -9 -9 -9 -9 -9 -9 -9 -9 -9 -9
100 84 3 0 0 0 5 28 36 69 37 40 28 95 91 30 13 0 73 47 4 20 15 0 24 16 5 59 0 0 17 18 11 73 46 5 0 3 -9 -9 -9 -9 -9 -9 -9 -9 -9 -9 -9 -9 -9 -9 -9 -9 -9 -9 -9 -9 -9 -9 -9 -9 -9 -9 -9 -9 -9 -9 -9 -9 -9 -9 -9 -9 -9 -9 -9 -9 -9 -9 -9 -9 -9 -9 -9 -9 -9 -9 -9 -9 -9 -9 -9 -9 -9 -9
49 21 0 28 8 30 13 45 31 76 27 0 13 86 63 66 44 11 51 5 0 0 1 28 15 77 21 1 0 0 0 0 0 3 48 32 0 0 13 0 -9 -9 -9 -9 -9 -9 -9 -9 -9 -9 -9 -9 -9 -9 -9 -9 -9 -9 -9 -9 -9 -9 -9 -9 -9 -9 -9 -9 -9 -9 -9 -9 -9 -9 -9 -9 -9 -9 -9 -9 -9 -9 -9 -9 -9 -9 -9 -9 -9 -9 -9 -9 -9 -9 -9 -9
0 0 0 7 33 13 89 44 3 57 0 0 16 73 24 17 17 14 11 21 13 0 11 60 0 26 58 72 1 0 0 0 0 0 0 26 2 0 3 0 34 -9 -9 -9 -9 -9 -9 -9 -9 -9 -9 -9 -9 -9 -9 -9 -9 -9 -9 -9 -9 -9 -9 -9 -9 -9 -9 -9 -9 -9 -9 -9 -9 -9 -9 -9 -9 -9 -9 -9 -9 -9 -9 -9 -9 -9 -9 -9 -9 -9 -9 -9 -9 -9 -9 -9
8 0 0 24 4 10 44 51 49 27 0 14 86 82 41 3 7 7 9 65 53 44 34 32 30 19 44 18 0 0 0 0 36 0 0 20 0 29 23 14 0 38 -9 -9 -9 -9 -9 -9 -9 -9 -9 -9 -9 -9 -9 -9 -9 -9 -9 -9 -9 -9 -9 -9 -9 -9 -9 -9 -9 -9 -9 -9 -9 -9 -9 -9 -9 -9 -9 -9 -9 -9 -9 -9 -9 -9 -9 -9 -9 -9 -9 -9 -9 -9 -9 -9
43 8 0 53 72 48 34 54 35 14 23 0 66 58 35 22 9 0 0 8 70 43 26 4 24 12 46 60 3 0 0 0 31 0 0 17 0 15 62 35 0 56 23 -9 35 100 99 92 76 59 0 0 0 0 7 -9 -9 -9 -9 -9 -9 -9 -9 -9 -9 -9 -9 -9 -9 -9 -9 -9 -9 -9 -9 -9 -9 -9 -9 -9 -9 -9 -9 -9 -9 -9 -9 -9 -9 -9 -9 -9 -9 -9 -9 -9
46 25 18 58 65 54 0 23 38 55 48 3 26 36 55 90 45 46 2 0 34 60 1 0 0 8 90 84 31 0 1 42 0 0 0 0 30 43 63 11 4 49 56 24 36 78 70 43 91 100 51 1 0 0 0 19 0 0 0 -9 -9 -9 -9 -9 -9 -9 -9 -9 -9 -9 -9 -9 -9 -9 -9 -9 -9 -9 -9 -9 -9 -9 -9 -9 -9 -9 -9 -9 -9 -9 -9 -9 -9 -9 -9 -9
32 37 45 30 48 27 25 44 37 91 70 2 22 94 90 48 30 45 32 3 0 0 0 0 0 0 17 22 0 0 0 0 0 0 0 21 99 81 66 66 70 45 60 45 40 12 36 26 22 59 100 56 6 0 0 0 0 0 0 0 12 19 3 0 32 62 3 0 -9 -9 -9 -9 -9 -9 -9 -9 -9 -9 -9 -9 -9 -9 -9 -9 -9 -9 -9 -9 -9 -9 -9 -9 -9 -9 -9 -9
39 18 35 12 16 10 28 94 40 36 13 0 51 80 58 65 38 74 27 39 49 24 0 0 0 0 0 0 0 0 0 45 0 0 0 32 77 67 86 60 52 24 10 38 87 14 4 62 31 11 21 9 21 35 4 0 0 0 0 0 43 56 71 64 65 99 55 0 0 0 33 41 -9 -9 -9 -9 -9 -9 -9 -9 -9 -9 -9 -9 -9 -9 -9 -9 -9 -9 -9 -9 -9 -9 -9 -9
18 88 43 34 15 55 46 40 0 16 6 10 72 100 83 78 16 80 78 52 49 3 18 21 0 0 0 0 0 0 3 7 0 9 0 0 12 19 75 12 0 0 0 17 63 61 20 24 26 18 1 65 80 87 88 8 0 0 0 0 26 86 71 77 43 69 79 22 0 0 0 12 57 44 -9 -9 -9 -9 -9 -9 -9 -9 -9 -9 -9 -9 -9 -9 -9 -9 -9 -9 -9 -9 -9 -9
4 21 0 5 29 25 10 0 0 11 46 61 86 100 92 82 63 63 71 22 26 10 4 2 0 0 0 1 6 10 8 46 27 28 0 16 74 88 6 0 0 0 0 0 0 8 0 87 62 10 7 40 65 58 70 31 0 0 0 0 0 20 26 0 4 0 38 60 0 0 0 7 79 81 34 80 -9 -9 -9 -9 -9 -9 -9 -9 -9 -9 -9 -9 -9 -9 -9 -9 -9 -9 -9 -9
13 0 0 0 53 16 6 0 0 0 25 14 45 13 6 57 89 75 75 74 12 71 73 51 7 0 0 40 48 36 35 93 74 2 0 13 62 2 0 0 0 0 0 0 0 0 0 48 95 83 30 16 37 43 4 4 36 0 0 0 0 0 0 0 0 14 21 33 0 0 0 0 3 6 1 43 68 100 -9 -9 -9 -9 -9 -9 -9 -9 -9 -9 -9 -9 -9 -9 -9 -9 -9 -9
0 23 14 15 51 72 27 0 47 20 33 0 56 69 19 8 89 65 82 54 43 64 77 63 52 30 17 20 0 0 6 42 56 0 0 0 7 0 0 0 0 0 0 0 0 0 0 8 48 69 28 0 53 66 16 64 94 12 0 0 0 0 0 13 75 84 77 9 42 2 0 3 0 0 0 0 26 36 5 0 -9 -9 -9 -9 -9 -9 -9 -9 -9 -9 -9 -9 -9 -9 -9 -9
37 0 19 29 42 90 8 0 0 23 25 48 27 38 99 38 53 91 75 80 19 79 95 60 54 94 10 0 0 0 18 17 0 27 1 0 0 0 0 0 56 31 0 0 0 0 0 0 0 0 0 3 56 95 99 100 100 78 6 0 0 0 0 2 76 31 37 56 21 52 48 20 48 46 0 0 0 3 0 0 0 20 -9 -9 -9 -9 -9 -9 -9 -9 -9 -9 -9 -9 -9 -9
52 5 13 98 72 20 0 0 0 0 8 65 17 12 91 69 39 76 69 7 18 79 27 34 28 74 63 0 0 0 8 25 0 27 32 38 62 62 37 30 5 3 0 28 11 0 0 0 0 0 0 0 3 32 92 100 96 93 9 2 0 0 0 0 17 46 14 6 64 35 52 0 21 26 8 6 0 43 49 49 61 29 5 34 -9 -9 -9 -9 -9 -9 -9 -9 -9 -9 -9 -9
38 10 30 46 27 0 0 0 0 0 0 0 0 0 17 41 50 9 6 16 60 98 28 4 0 42 96 64 61 59 40 0 1 83 84 44 49 73 53 99 100 74 37 56 3 0 0 0 0 0 0 0 0 6 66 49 26 20 74 61 0 0 0 0 0 10 0 0 3 47 63 15 12 32 47 18 0 24 51 38 33 3 0 0 24 16 -9 -9 -9 -9 -9 -9 -9 -9 -9 -9
52 27 99 13 0 0 0 0 0 0 0 0 0 0 0 32 85 8 0 0 1 38 12 5 0 0 14 40 60 27 65 32 10 56 64 62 48 44 13 99 64 97 89 53 10 0 0 0 0 0 0 0 0 0 0 0 0 10 98 90 2 0 0 0 0 0 0 0 0 48 65 74 20 72 50 6 0 4 47 6 3 0 0 8 26 57 1 -9 -9 -9 -9 -9 -9 -9 -9 -9
21 42 100 8 0 0 0 0 0 0 0 0 0 16 59 71 68 0 20 14 0 0 45 62 49 0 0 0 0 14 100 50 0 58 100 100 99 46 20 48 64 99 54 38 0 0 0 0 0 0 0 0 0 0 0 0 0 0 48 71 2 0 0 0 0 0 0 0 0 0 0 7 9 18 32 23 0 9 18 0 0 0 0 8 28 17 0 0 0 -9 -9 -9 -9 -9 -9 -9
55 72 75 0 0 0 41 67 47 63 60 67 68 99 97 50 22 0 39 88 72 47 31 52 22 14 0 0 1 64 85 6 0 20 75 99 56 48 86 5 25 63 40 6 0 0 5 3 13 7 0 0 0 0 0 0 0 0 0 0 4 4 0 0 0 0 0 0 0 0 0 0 0 0 0 0 0 0 14 0 0 0 0 0 43 54 0 0 0 0 -9 -9 -9 -9 -9 -9
79 56 8 0 0 0 13 59 34 95 100 93 79 85 42 1 5 0 17 58 80 70 25 16 77 23 0 0 54 86 64 10 11 0 2 21 0 0 17 5 16 3 0 0 0 25 65 60 74 54 9 14 6 0 0 0 0 0 0 0 13 50 1 0 0 0 0 0 0 0 0 0 0 0 0 0 0 0 26 1 0 0 0 2 97 48 0 54 14 0 0 -9 -9 -9 -9 -9
31 7 0 0 0 2 6 39 95 100 60 80 34 36 6 0 0 0 0 52 89 93 7 0 34 31 6 0 1 8 45 32 0 0 0 0 0 0 0 0 0 2 31 29 22 82 49 13 28 80 21 62 34 3 0 0 0 0 0 0 0 0 0 0 0 0 0 0 0 0 0 0 0 0 0 0 0 0 0 0 0 0 0 8 100 30 0 75 56 81 62 73 -9 -9 -9 -9
55 18 0 10 19 42 80 55 35 80 74 100 37 0 0 0 0 1 16 0 21 40 22 0 57 40 51 63 0 0 80 69 39 44 10 8 0 0 0 1 29 36 64 42 14 40 48 57 59 66 74 76 54 89 64 12 3 0 0 0 0 0 0 0 0 0 0 0 0 0 0 0 0 0 0 0 0 0 0 0 0 0 0 0 54 46 0 55 76 97 100 100 90 33 -9 -9
9 0 0 80 27 55 36 43 29 47 90 85 34 8 61 28 0 6 30 18 5 55 36 42 62 83 98 58 0 0 77 100 100 96 44 34 49 66 39 67 96 28 0 4 31 5 20 11 36 7 11 21 60 80 100 49 52 30 16 8 0 0 0 0 0 0 0 0 0 0 0 0 0 0 0 0 0 0 0 0 0 0 0 0 0 16 17 91 96 47 54 15 30 27 45 -9
44 7 56 16 23 17 59 17 0 52 68 61 52 0 0 13 4 46 30 11 12 3 0 0 28 39 51 30 0 0 34 70 85 43 90 61 20 37 12 22 37 36 40 13 19 22 0 55 23 10 10 0 0 42 99 94 82 86 23 59 17 37 1 27 0 0 0 0 0 0 0 0 0 0 0 0 0 0 0 0 0 0 0 0 0 0 49 100 81 18 7 35 31 1 1 1
69 29 0 0 0 0 0 0 0 10 40 30 92 74 16 2 33 72 100 11 0 6 14 10 36 10 1 37 28 12 0 0 0 0 3 23 66 89 88 94 2 0 11 49 3 15 30 50 23 32 7 0 0 36 49 17 7 66 53 62 4 27 65 7 0 0 0 0 0 0 0 0 0 0 0 0 0 0 0 0 0 0 0 0 0 0 46 45 7 0 15 78 20 30 28 15
0 0 0 0 33 2 0 0 0 65 18 6 10 51 28 47 90 91 92 27 7 41 45 68 81 18 0 65 81 25 13 12 2 0 0 0 6 27 29 29 22 39 16 52 40 24 69 52 8 12 9 0 11 3 50 4 0 0 0 0 36 1 22 22 0 0 0 1 0 0 0 0 0 0 0 0 0 0 0 0 0 0 0 0 0 0 0 0 0 14 0 0 9 4 8 4
0 0 0 0 21 19 50 44 25 10 0 0 0 20 39 48 46 98 100 74 21 69 29 31 71 13 16 38 24 12 45 68 25 0 0 25 14 7 3 1 19 59 6 18 3 12 4 0 20 37 6 19 41 29 39 13 19 0 24 0 33 51 0 72 40 0 58 9 0 0 0 0 0 0 0 0 0 0 0 0 0 0 0 0 0 0 0 0 9 17 7 0 0 8 27 5
0 0 0 0 26 62 32 69 11 0 14 1 19 69 5 23 51 95 100 37 53 21 4 23 20 53 57 52 12 8 27 21 1 18 16 4 16 23 0 69 77 21 7 24 32 32 11 0 0 0 0 0 0 9 29 18 17 5 21 0 2 34 29 39 24 0 74 66 71 54 0 0 0 0 0 0 0 0 0 0 0 0 0 0 0 0 0 0 16 2 22 0 0 0 19 42
0 0 0 48 8 11 10 5 44 36 63 39 68 50 5 6 32 74 69 58 73 39 0 14 72 46 3 21 27 32 3 20 0 0 2 28 28 0 19 50 20 41 23 11 8 5 30 35 5 0 10 10 0 40 51 48 68 80 30 6 64 14 9 0 0 0 31 28 77 100 33 2 0 0 0 0 0 0 0 0 0 0 0 0 0 0 0 0 0 0 0 0 0 0 0 0
0 2 60 95 18 0 11 52 60 40 2 5 24 7 0 0 0 4 16 48 35 9 0 1 41 15 26 0 29 71 0 0 0 2 2 21 17 22 31 0 0 0 0 24 41 65 37 56 56 34 35 34 1 0 36 30 24 14 2 0 10 6 0 12 14 0 27 0 1 19 0 87 91 35 0 0 0 0 0 0 0 0 0 0 0 0 0 0 0 0 0 0 0 0 0 0
0 18 51 100 0 16 24 53 54 73 39 1 39 6 33 11 3 52 0 0 23 41 0 51 55 5 56 60 4 20 0 0 10 8 12 0 1 23 20 0 0 39 35 98 100 99 48 37 3 11 18 18 39 1 0 0 0 25 0 0 0 7 0 11 19 0 1 0 0 0 0 58 50 2 0 0 0 0 0 0 0 0 0 0 0 0 0 0 0 0 0 0 0 0 0 0
25 60 2 10 12 71 53 5 23 12 7 29 56 5 85 82 30 0 20 17 69 85 15 54 86 14 0 41 20 14 23 54 37 8 25 0 11 14 0 0 27 31 18 54 60 54 62 43 10 0 27 36 5 29 17 0 10 0 0 0 0 26 6 0 0 0 0 0 0 0 19 22 5 0 0 0 0 0 0 0 0 0 0 0 0 0 0 0 0 0 0 0 0 0 0 0
60 62 12 18 35 49 46 3 92 31 17 11 47 14 39 72 59 5 9 10 59 2 15 50 17 25 21 10 4 0 41 10 31 0 0 0 0 49 27 25 3 27 37 2 0 0 14 1 24 0 0 11 21 0 0 2 52 25 0 0 0 0 0 0 1 57 24 0 0 0 26 8 3 0 0 0 0 0 0 0 0 0 0 0 0 0 0 0 0 0 0 0 0 0 0 0
45 91 74 66 100 78 10 3 14 27 79 73 60 63 16 86 92 73 16 51 71 41 11 4 0 5 16 55 94 49 9 0 0 15 15 13 29 7 88 69 65 53 36 22 43 56 26 27 0 14 24 0 0 23 2 0 8 22 44 29 7 0 0 0 15 67 0 16 9 0 25 8 0 0 0 0 0 0 0 0 0 0 0 0 0 0 0 0 0 0 0 0 0 0 0 0
40 68 65 92 59 83 13 7 51 83 52 86 30 56 13 12 36 87 94 41 44 34 19 0 0 0 0 35 35 1 0 5 18 38 7 39 20 3 32 1 69 32 0 43 88 80 26 0 0 16 27 6 17 0 76 37 3 0 5 50 37 0 13 6 17 14 0 51 70 0 0 0 0 0 0 0 0 0 0 0 0 0 0 0 0 0 0 0 0 0 0 0 0 0 0 0
58 95 74 25 1 39 2 0 56 20 46 39 0 17 44 29 54 13 57 31 20 1 68 5 19 46 28 4 6 4 0 36 15 18 10 55 2 19 3 57 34 0 0 0 7 1 0 0 0 0 17 33 15 5 28 24 27 0 17 24 43 3 31 1 43 17 0 16 1 0 0 0 0 0 0 0 0 0 0 0 0 0 0 0 0 0 0 0 0 0 0 0 0 0 0 0
98 74 100 52 58 17 19 0 58 0 0 0 0 3 59 23 22 56 27 0 6 27 22 6 90 13 46 56 5 2 5 5 73 42 58 57 66 66 42 33 16 40 5 0 5 27 42 44 1 15 51 68 46 34 34 4 28 0 61 25 18 20 36 17 12 0 0 0 0 0 0 0 0 3 14 0 0 0 0 0 0 0 0 0 0 0 0 0 0 0 0 0 0 0 0 0
78 100 100 77 50 11 0 0 8 0 8 11 0 6 27 35 0 57 71 45 40 86 1 0 9 3 39 62 0 0 27 34 32 42 47 12 24 10 9 42 23 8 2 0 0 35 51 15 17 43 34 26 19 47 32 5 27 24 38 26 6 20 38 8 0 8 19 40 27 20 37 7 0 0 6 27 19 20 0 0 0 0 0 0 0 0 0 0 0 0 0 0 0 0 0 0
10 23 41 69 0 0 0 0 0 0 27 17 0 14 35 26 0 47 51 52 75 36 32 44 0 0 0 0 2 39 30 0 0 37 76 68 0 17 12 7 44 2 0 18 0 22 18 0 2 36 7 9 49 9 6 32 0 7 3 0 0 5 16 8 45 37 20 5 20 1 35 10 0 0 0 5 3 3 10 7 0 0 0 0 0 0 0 0 0 0 0 0 0 0 0 0
0 0 0 0 17 0 0 18 27 0 0 25 0 52 60 26 11 4 41 54 14 61 63 88 6 11 14 2 1 73 98 33 33 43 67 76 21 15 48 0 2 37 0 8 11 17 0 23 4 31 21 1 26 19 33 25 33 31 23 0 2 8 38 1 60 3 29 0 0 0 2 43 53 18 0 0 8 33 30 5 21 0 0 0 0 0 0 0 0 0 0 0 0 0 0 0
0 10 61 43 12 0 0 0 0 5 0 0 0 0 53 29 89 56 66 34 19 47 95 40 26 97 100 57 0 8 87 50 17 8 30 19 38 49 2 9 0 61 16 31 0 3 0 11 1 32 10 11 30 21 13 21 8 0 0 3 0 36 26 15 27 0 8 0 14 48 23 13 12 42 2 0 8 47 0 1 19 1 3 1 7 0 15 58 5 0 0 0 0 0 0 0
54 42 83 66 43 50 21 0 8 15 7 36 0 40 56 19 32 36 64 46 2 6 6 72 52 100 100 97 65 14 32 52 64 39 33 57 60 74 82 88 62 18 40 13 17 12 0 10 3 0 0 37 55 5 0 0 0 22 26 87 20 9 0 38 12 0 3 17 44 65 99 84 47 7 15 2 22 21 0 37 38 17 36 28 49 65 41 48 0 0 2 26 11 0 0 0
17 22 57 83 11 48 60 49 1 29 3 46 2 0 0 24 49 21 17 6 29 15 64 69 51 90 100 88 39 7 53 69 51 56 56 80 82 45 31 42 46 37 0 0 0 0 7 40 14 0 13 46 37 39 26 16 22 24 28 19 1 21 20 16 42 16 18 31 18 0 37 42 59 38 39 78 56 13 36 73 16 62 81 55 45 22 43 20 26 11 20 33 56 34 52 6
1 13 25 32 0 2 4 41 87 59 0 0 0 0 0 0 1 38 41 41 23 48 36 2 53 87 91 57 68 33 43 55 21 85 33 87 57 91 24 95 34 18 76 25 0 6 76 4 52 0 4 20 0 8 10 0 4 14 1 14 40 29 44 13 4 2 0 5 39 3 49 56 14 42 73 14 31 0 44 37 42 16 14 31 18 4 8 27 32 63 60 32 28 29 3 0
0 0 0 0 0 0 0 0 37 83 41 0 21 0 8 28 48 3 7 51 6 34 21 32 63 14 38 53 56 80 43 23 26 49 23 56 59 66 15 62 71 46 48 33 0 15 31 38 50 50 15 23 0 16 30 48 0 4 40 69 5 5 15 1 0 6 0 14 39 54 59 18 32 49 45 0 1 13 16 54 40 22 35 41 64 42 14 36 60 43 52 44 22 29 0 0
42 53 31 1 46 3 2 42 0 0 3 0 43 0 25 95 100 47 0 38 63 22 37 46 45 12 21 80 38 24 57 58 61 48 27 68 54 60 67 75 27 61 53 39 13 26 47 88 85 34 56 42 1 0 7 30 0 0 37 19 12 0 39 3 0 20 5 43 35 36 2 29 53 40 7 2 20 14 41 16 52 43 9 40 34 51 34 14 25 23 12 62 23 1 0 0
37 63 79 83 61 51 57 25 2 1 18 21 0 0 0 42 49 13 0 29 54 2 31 8 66 26 44 53 15 0 16 84 15 21 35 67 93 59 87 63 41 25 34 26 70 50 52 15 16 40 11 2 55 0 26 14 1 0 0 32 54 29 3 6 0 0 0 27 28 35 1 42 13 1 41 11 10 43 45 1 29 51 42 10 10 18 40 36 44 53 38 49 52 13 0 0
3 31 62 52 8 44 54 60 70 9 39 0 0 0 0 0 0 0 0 24 91 88 19 20 26 20 47 46 38 25 56 41 0 83 39 39 62 49 83 79 57 56 52 75 54 5 46 36 5 14 0 0 19 50 89 69 40 37 11 2 0 24 42 11 0 7 19 31 1 1 25 13 21 49 61 55 60 53 84 17 13 37 18 10 34 45 45 64 67 57 63 67 26 7 0 0
0 29 0 0 0 0 18 5 25 29 44 0 0 0 0 0 19 37 13 0 5 90 27 17 23 15 24 8 25 97 22 25 42 37 37 38 78 62 76 74 71 67 58 91 85 50 21 46 19 7 24 13 20 36 57 34 38 56 50 35 29 14 44 13 61 33 4 62 30 26 38 53 52 17 20 36 52 21 17 10 34 41 17 38 85 34 75 79 68 18 0 1 0 0 0 0
0 0 35 26 0 0 0 0 0 9 38 3 13 79 25 0 0 0 0 0 19 62 36 68 52 6 28 29 28 44 48 77 54 29 46 27 61 79 80 67 81 77 55 48 100 57 9 5 14 20 47 22 23 30 45 34 66 45 70 64 12 4 30 55 33 40 2 0 0 23 36 40 31 29 29 27 0 16 29 39 47 36 64 79 51 35 17 24 0 0 0 0 0 0 0 0
4 0 4 0 76 61 5 0 0 0 0 0 22 98 93 44 10 0 0 0 0 0 2 0 50 29 0 0 26 0 44 26 71 18 45 39 59 61 52 57 55 88 84 88 96 26 17 44 19 19 42 13 8 45 69 39 16 39 28 78 7 7 17 33 61 36 4 2 2 22 22 25 20 55 15 41 0 21 37 38 47 68 61 69 87 35 31 0 0 0 0 0 0 0 0 0
36 78 8 13 89 100 72 1 0 0 0 0 0 20 58 42 65 28 0 0 0 0 0 0 20 16 52 0 0 0 8 2 76 75 48 10 61 86 62 80 96 95 64 78 41 27 18 27 6 13 29 4 9 12 22 43 47 20 58 70 43 7 24 40 45 24 33 34 50 34 50 3 0 30 14 51 32 21 18 45 60 58 33 57 66 20 19 0 0 0 0 0 0 0 0 0
29 86 28 10 8 30 77 26 0 0 0 0 0 9 78 86 96 95 39 0 0 0 0 7 74 31 26 45 23 0 27 49 22 25 5 45 28 22 38 66 97 80 75 70 43 5 31 22 2 14 26 2 12 22 49 39 41 50 38 55 32 13 66 58 44 4 21 36 35 58 8 43 25 26 28 23 26 28 42 18 2 0 21 22 47 40 1 0 0 0 0 0 0 0 0 0
26 80 32 4 0 8 59 97 17 0 0 0 0 0 67 49 41 36 20 33 2 0 0 0 8 46 58 39 47 0 15 43 5 10 72 78 44 56 83 53 41 76 90 96 88 89 54 34 44 19 1 0 10 40 17 21 12 60 42 30 44 65 72 42 25 19 39 0 26 11 0 11 5 5 27 26 12 34 16 4 2 30 66 97 100 98 11 0 0 0 0 0 0 0 0 1
14 0 16 52 35 54 48 77 67 17 0 0 0 0 0 0 0 0 0 15 39 0 6 45 0 0 0 0 0 0 0 26 26 46 75 53 39 73 98 99 70 74 79 70 100 81 51 76 68 42 31 1 6 44 15 18 37 38 44 60 89 68 42 45 29 23 19 15 32 12 22 60 64 43 51 32 16 16 0 2 45 82 82 86 70 42 13 0 0 0 0 0 14 0 0 10
13 25 31 3 5 42 35 33 31 64 36 0 0 0 0 5 32 2 0 0 7 43 0 0 5 0 0 1 1 1 0 0 2 10 25 12 16 51 48 86 65 48 48 68 70 100 63 62 92 55 14 21 6 13 8 35 62 28 17 57 97 69 20 25 12 4 23 35 12 26 30 47 39 7 0 3 7 0 0 3 18 12 7 60 83 98 43 13 0 0 0 0 0 22 0 1
0 28 26 53 3 38 33 0 38 50 24 0 0 0 0 17 99 68 1 33 62 8 5 0 0 0 0 1 70 48 4 0 0 13 50 52 4 13 26 51 46 45 72 98 82 91 80 85 62 40 42 16 40 20 38 38 44 27 36 65 78 32 25 18 2 25 48 60 33 15 16 12 3 5 15 22 40 42 1 0 0 5 46 45 59 100 99 79 52 29 0 0 0 0 0 28
1 19 40 57 3 31 13 11 56 43 4 0 0 0 0 7 35 29 34 0 24 22 47 13 0 0 1 33 23 8 3 0 0 3 21 41 28 17 53 28 29 31 57 98 100 76 95 64 38 60 57 40 53 17 31 58 41 41 23 25 24 3 0 2 34 51 37 19 0 13 40 53 10 46 58 30 19 22 53 8 6 23 29 13 63 83 59 55 52 0 0 5 4 0 0 2
4 25 92 36 6 27 0 23 51 69 30 0 0 0 0 0 16 80 30 26 17 36 24 33 5 3 24 1 0 18 30 1 0 0 24 53 19 36 59 18 9 39 92 82 100 100 68 81 50 70 40 16 54 18 76 84 47 51 63 10 31 33 36 3 31 18 58 16 14 68 58 46 56 52 32 61 46 57 55 45 8 4 12 25 71 47 79 64 54 32 2 22 3 0 0 0
19 33 29 3 18 9 53 28 38 61 63 3 6 0 0 0 0 1 20 36 74 70 38 5 25 9 0 20 13 34 20 1 2 0 9 14 55 2 43 29 8 5 69 91 92 98 72 88 60 57 46 43 61 29 33 24 21 13 44 54 20 33 5 35 58 70 45 27 23 39 34 70 59 47 44 55 66 69 49 5 4 20 20 31 44 41 81 59 22 0 2 0 0 0 0 0
24 0 27 23 33 3 48 54 36 35 55 28 57 3 0 0 0 18 7 0 46 80 69 2 24 35 1 0 0 4 11 3 49 39 42 12 28 17 70 31 6 15 38 32 69 65 43 60 73 85 82 65 40 28 21 25 37 33 45 27 17 42 39 44 91 74 78 52 35 37 40 48 41 57 66 82 86 74 40 9 0 36 12 21 12 77 68 42 0 35 2 0 0 0 0 0
11 4 68 87 14 0 36 65 31 92 84 36 20 3 0 0 0 0 0 6 32 84 75 21 16 5 20 35 32 0 0 10 28 54 8 1 5 36 26 19 24 37 30 53 49 6 15 19 74 79 72 28 37 42 4 55 26 55 54 42 24 44 18 53 57 46 17 70 57 74 77 49 58 99 75 33 43 35 55 51 48 35 85 13 30 85 23 2 16 19 62 11 0 0 0 0
