data/habitatmaps/RS_maps/habitat_Turdus.torquatus_2020.asc
NCOLS 369 
NROWS 228 
XLLCORNER 479000 
YLLCORNER 73000 
CELLSIZE 1000 
NODATA_value -9 
[rows 120 to 179 of 228, columns 192 to 287 of 369]
45 69 89 96 36 47 74 37 32 76 95 100 97 59 92 89 100 98 59 78 58 91 46 48 3 31 22 39 72 52 100 100 87 2 77 93 100 52 44 29 39 98 63 7 62 95 92 77 25 45 68 75 36 1 12 7 2 53 70 53 52 64 90 46 0 16 79 37 51 100 100 100 78 13 81 62 49 97 41 96 49 1 3 51 83 83 36 62 14 1 5 19 65 23 97 96
100 100 100 100 87 40 37 98 89 85 59 93 99 85 82 46 100 95 45 71 78 32 0 40 74 34 36 75 92 85 100 100 92 6 98 81 94 87 79 58 27 59 57 13 33 73 77 18 51 32 15 3 5 22 38 48 93 46 19 11 73 58 34 6 0 18 19 82 86 48 90 66 28 0 0 2 88 76 0 24 68 0 0 82 96 75 84 15 2 26 11 44 82 79 100 76
100 80 47 76 85 20 70 39 43 46 67 80 63 98 82 38 66 93 25 65 30 48 89 100 100 100 100 100 100 100 100 85 91 51 97 96 47 100 100 52 42 41 100 96 48 33 0 0 0 0 16 66 63 56 41 22 4 33 31 71 100 100 85 54 27 0 40 32 94 76 55 41 23 58 8 61 100 69 0 0 7 0 5 37 77 96 66 0 7 45 30 81 41 95 100 100
35 42 61 100 77 42 81 23 47 29 43 78 72 17 41 100 87 57 49 40 5 85 100 100 100 100 46 96 100 100 85 28 100 100 100 81 99 97 27 41 69 93 99 72 2 0 3 19 1 58 100 80 87 20 65 42 70 100 97 91 39 18 16 17 37 0 30 80 69 93 100 69 15 66 31 100 100 27 11 1 0 0 0 10 77 72 2 60 57 21 21 60 85 55 45 100
44 86 8 69 100 100 91 60 87 51 73 41 43 21 17 26 68 82 100 75 44 100 100 100 100 100 71 91 100 100 100 57 18 45 100 100 96 19 60 82 100 87 27 0 0 12 62 15 9 84 87 98 64 67 98 80 39 39 89 11 6 0 0 0 26 27 78 100 100 100 93 8 21 52 61 100 88 3 37 7 0 0 0 0 66 42 66 65 44 0 16 25 90 16 56 100
100 99 91 82 36 15 60 83 86 74 89 82 66 61 22 84 89 100 97 30 70 100 100 100 93 97 76 93 100 94 55 98 94 100 84 49 36 70 94 96 65 29 2 39 29 72 85 81 70 80 86 37 37 100 70 100 90 59 0 10 13 0 0 2 29 16 95 83 7 21 8 14 80 17 97 81 74 0 38 44 21 9 0 0 62 98 77 100 41 8 51 64 30 93 95 95
84 76 70 96 49 83 84 91 46 45 24 99 66 25 45 77 97 99 49 86 100 91 100 100 90 38 19 65 100 44 59 100 97 23 0 48 45 67 27 19 91 87 12 90 58 100 92 79 100 90 55 6 51 96 67 77 92 32 1 1 0 0 0 18 57 53 98 92 94 100 17 29 35 41 100 87 84 21 33 42 39 41 4 2 50 100 66 78 74 66 56 45 80 100 81 53
100 78 96 100 99 86 100 54 100 100 100 100 100 100 100 96 98 62 0 69 100 75 100 100 100 97 96 97 100 27 43 97 63 21 69 97 77 2 6 42 100 58 0 70 60 96 57 99 64 44 89 43 66 36 36 12 0 0 25 6 0 0 0 6 86 63 31 83 53 78 0 18 33 98 72 60 6 0 0 0 0 0 0 43 59 74 97 82 39 31 78 50 100 100 81 49
90 81 72 76 35 32 79 35 100 83 100 70 87 100 89 43 97 45 61 34 100 97 56 100 100 100 100 46 62 56 31 48 29 73 64 46 1 9 100 98 62 57 55 18 48 93 100 83 96 80 97 74 46 51 10 11 63 0 0 0 0 0 9 73 100 97 33 71 92 56 0 24 29 100 100 85 24 0 0 12 58 58 65 63 100 100 100 96 9 45 86 20 82 91 77 100
73 73 27 14 2 10 18 17 100 23 52 97 86 100 86 99 100 60 75 44 100 100 92 100 100 100 99 43 40 43 24 14 28 70 76 4 0 11 73 76 42 54 70 60 63 41 94 35 95 100 94 19 15 37 9 28 6 28 0 3 17 47 9 72 100 41 98 94 76 13 55 37 58 61 35 59 61 27 57 69 86 100 65 98 46 39 48 72 96 57 39 34 37 100 100 100
52 69 58 70 54 35 0 36 67 62 20 85 76 58 51 100 53 55 64 84 97 100 100 98 79 40 13 19 64 26 0 2 68 82 42 0 0 19 38 99 72 100 89 41 100 100 65 44 31 97 81 54 19 58 100 57 75 27 0 57 100 100 15 98 65 19 48 48 2 3 24 88 66 96 71 100 48 70 40 60 53 100 97 92 59 52 76 100 100 73 83 74 33 39 56 82
90 37 37 19 77 68 74 98 85 94 63 61 0 1 79 80 66 42 85 67 90 100 96 45 0 0 0 1 11 20 66 47 63 98 49 28 14 42 77 78 40 100 84 87 100 97 68 69 32 84 17 0 34 42 60 85 8 10 68 99 100 100 25 33 64 32 31 53 30 45 28 95 80 100 100 100 99 54 0 0 3 70 100 64 2 100 100 74 86 41 39 59 25 40 55 70
6 46 29 30 53 66 100 80 93 91 100 50 3 0 0 61 94 58 100 95 67 27 13 0 0 0 0 17 72 85 39 94 86 100 67 92 41 64 59 46 32 97 100 100 91 48 28 61 100 100 92 63 66 17 0 0 18 97 100 100 100 84 35 32 89 100 87 51 74 65 98 100 100 17 55 100 64 3 0 13 59 1 79 87 59 41 44 5 60 84 34 11 77 100 100 100
3 0 1 32 43 100 50 35 2 8 18 2 34 37 30 84 100 100 51 5 27 59 56 0 0 22 38 85 100 42 0 59 60 100 81 38 56 65 49 34 68 94 100 100 80 83 60 61 36 89 78 0 5 20 0 35 95 100 100 100 72 100 80 78 35 12 74 19 56 53 100 100 73 22 53 54 26 0 0 4 14 0 1 73 97 25 0 2 15 82 82 20 93 100 100 100
0 0 0 18 27 75 99 79 65 53 60 70 93 100 100 73 78 73 0 32 63 49 60 20 83 41 36 54 36 6 0 59 7 58 70 20 72 87 72 95 74 92 100 100 97 81 82 90 15 94 60 7 0 15 52 98 100 100 100 80 36 69 75 16 51 37 27 23 100 12 64 100 98 74 61 0 3 7 14 27 10 0 43 100 100 99 68 0 0 17 86 86 39 52 28 72
0 0 0 4 13 58 100 100 100 100 100 100 100 94 58 0 0 12 21 35 13 97 27 13 20 74 39 100 100 24 23 58 47 56 43 66 49 82 100 100 97 30 58 100 100 70 87 100 96 49 51 3 30 83 62 100 100 100 100 98 32 1 1 61 91 100 62 29 99 61 100 100 63 0 0 0 5 37 19 47 32 28 77 100 92 11 86 7 57 99 100 95 8 39 43 35
15 0 0 15 1 48 100 100 100 100 100 82 70 8 0 0 48 82 70 58 3 57 99 47 5 33 53 97 37 0 45 62 96 37 49 37 60 100 100 49 19 23 73 100 100 100 94 81 25 46 51 54 58 9 2 68 100 99 78 28 0 0 0 79 7 72 74 22 31 22 100 100 59 11 0 2 53 53 89 97 29 2 71 79 44 26 79 33 42 94 92 54 0 0 58 67
52 28 0 34 44 34 94 100 75 74 50 6 0 5 31 48 85 55 83 70 43 33 45 22 3 51 75 100 94 14 99 80 100 47 5 95 48 99 100 55 23 83 100 100 100 100 79 18 5 61 96 50 44 0 30 89 100 87 4 0 0 0 25 95 61 2 39 49 94 59 66 100 71 56 73 83 82 99 62 73 45 29 100 71 6 63 100 20 0 41 79 50 0 0 82 97
77 37 9 31 27 84 100 97 22 0 0 31 66 95 30 53 73 77 100 100 56 16 22 51 12 78 64 65 45 45 100 96 99 9 29 100 58 79 97 100 100 100 65 31 98 100 93 23 3 84 100 99 68 43 99 100 87 53 81 99 47 90 57 3 28 29 71 19 3 39 100 100 100 100 81 28 55 16 25 99 63 64 100 83 46 0 89 26 43 100 100 25 2 0 23 80
43 29 84 56 45 78 100 89 0 0 38 98 100 66 0 68 83 100 100 100 79 2 47 53 40 99 52 100 70 87 100 100 22 0 85 100 94 83 40 74 100 100 50 0 84 50 87 34 0 55 100 100 100 100 100 100 100 100 100 100 99 82 52 8 16 38 50 26 100 100 100 100 100 100 93 7 0 2 62 87 94 90 100 75 72 81 55 25 100 99 69 47 74 24 28 73
55 62 100 85 94 83 15 0 3 10 89 46 99 79 29 90 27 90 100 89 2 17 33 36 91 79 96 100 80 99 75 63 4 52 100 100 100 100 100 100 100 76 1 0 65 33 11 15 66 71 99 100 100 100 100 100 54 100 100 100 65 5 58 27 39 47 31 91 56 36 59 88 100 100 100 72 62 69 60 26 92 100 100 56 46 27 46 78 100 45 0 22 68 99 98 30
94 35 100 97 40 7 43 47 61 31 61 86 72 47 56 97 77 67 100 100 54 3 46 88 75 82 100 100 100 96 31 3 0 88 100 100 100 100 100 94 66 30 60 36 25 0 31 47 7 43 100 94 100 100 99 62 1 81 70 26 45 19 73 94 49 62 100 70 73 99 100 54 52 96 100 73 6 77 100 28 89 100 99 65 39 28 89 100 63 3 0 49 98 99 100 96
71 38 65 43 29 91 35 60 30 40 60 100 81 28 34 19 81 75 95 100 85 61 69 38 98 97 100 100 98 100 92 14 3 51 80 100 100 100 59 64 21 12 84 43 64 26 17 63 3 96 100 62 41 73 66 2 64 33 34 69 99 92 99 65 100 90 38 70 14 34 24 48 52 77 79 80 88 100 100 100 100 83 54 16 60 100 100 88 6 0 0 98 100 44 53 89
49 71 3 34 56 72 41 6 36 24 97 64 10 45 38 82 55 9 40 89 41 14 0 17 83 74 42 60 60 63 34 0 0 0 49 100 100 94 53 59 100 56 71 27 79 40 61 92 89 100 100 55 95 56 92 76 28 76 61 76 39 75 68 40 60 8 0 0 50 2 6 41 17 22 91 99 100 100 100 87 100 95 98 40 3 35 68 33 3 34 22 100 95 20 90 62
45 28 64 76 94 12 2 39 83 14 53 82 99 100 100 58 19 10 38 4 11 26 2 14 1 12 13 62 82 62 11 38 0 0 5 21 38 39 50 44 57 56 29 22 35 9 12 100 100 100 99 54 100 100 100 100 68 100 100 60 85 99 12 7 0 0 18 67 54 21 0 85 84 99 72 67 99 100 87 72 100 100 100 84 65 53 52 4 90 100 97 100 100 85 35 79
0 31 99 69 91 83 58 57 96 86 76 100 100 100 90 0 0 0 12 33 45 83 11 0 0 2 0 0 0 0 64 97 32 7 30 21 34 31 0 40 44 0 0 9 73 61 0 71 100 81 100 91 70 24 94 83 73 100 100 95 100 87 0 0 16 19 2 12 32 8 0 48 58 100 45 100 100 100 100 100 83 100 100 100 100 78 84 37 100 65 82 100 100 87 14 91
24 8 0 70 84 98 99 93 53 77 100 100 100 50 31 40 0 0 33 85 57 57 0 10 60 46 48 43 0 0 0 5 6 8 77 31 10 0 48 85 22 0 0 0 50 23 8 6 93 95 100 100 95 79 64 57 76 99 52 80 100 32 25 4 71 37 28 35 63 81 8 4 28 95 73 100 100 100 100 100 49 100 94 67 75 97 100 32 83 15 71 100 95 15 41 58
24 58 2 52 19 75 100 68 43 96 85 23 21 0 0 0 0 0 7 31 13 59 48 56 63 71 11 26 17 78 68 62 51 57 29 45 49 64 37 54 78 70 63 29 0 14 77 44 0 48 100 100 100 58 50 42 41 97 100 77 59 28 49 42 65 27 9 9 0 31 34 6 55 32 15 74 100 91 100 100 52 100 82 44 2 16 67 97 77 71 100 98 31 4 85 95
74 30 0 0 52 100 100 88 98 97 21 0 34 0 25 50 77 82 100 65 0 39 40 43 13 51 15 64 46 7 51 84 100 90 100 97 53 27 50 2 0 64 100 61 0 14 69 33 0 49 100 100 100 73 92 100 100 100 97 18 22 39 64 37 32 34 83 70 0 35 71 84 100 68 28 100 100 61 86 100 26 78 100 77 99 72 74 66 49 92 100 87 39 46 66 81
18 17 33 33 90 100 100 100 100 91 3 33 47 44 5 50 0 44 83 100 62 59 66 96 68 39 4 10 31 57 5 25 41 10 63 89 100 66 84 61 86 70 55 97 4 0 26 12 0 48 100 52 76 100 100 100 87 80 38 49 38 11 48 0 75 97 88 45 57 76 100 100 100 100 42 100 100 100 83 47 33 100 94 20 98 81 56 86 100 100 58 52 49 88 48 100
58 95 100 100 100 100 100 100 100 66 38 63 35 0 15 70 89 100 74 96 72 100 30 65 53 91 85 67 0 62 51 52 47 63 71 25 25 51 30 64 52 28 0 10 0 0 24 42 48 68 100 73 53 100 98 100 73 44 77 100 100 86 78 8 82 17 17 94 22 100 100 100 96 67 0 11 69 100 48 6 18 100 92 21 92 63 10 22 91 100 100 100 100 82 43 100
18 100 100 100 100 100 100 100 78 17 79 29 84 51 37 100 88 33 12 5 59 100 94 100 70 74 48 55 24 30 11 0 24 60 66 40 87 11 49 3 49 57 11 0 0 0 43 42 43 90 100 98 91 57 39 78 85 70 82 100 100 52 47 2 5 77 97 98 43 86 100 78 51 40 70 50 20 88 89 32 78 100 100 26 39 69 53 6 0 60 100 100 100 90 94 97
42 48 100 100 100 100 85 40 21 65 61 52 100 55 65 81 45 54 64 90 59 19 82 100 100 100 100 53 85 56 52 49 0 24 2 0 30 59 35 3 0 7 0 0 0 61 74 66 96 97 57 71 99 54 70 33 47 66 99 100 92 57 80 49 13 99 100 100 81 100 73 100 86 73 66 77 0 32 100 90 100 100 100 13 79 5 70 91 35 5 53 85 100 100 100 100
30 8 95 36 13 41 7 21 43 66 92 67 100 100 100 83 91 100 100 100 20 64 10 69 100 100 100 51 52 90 87 17 33 6 0 1 29 96 16 14 16 0 0 0 0 83 77 100 100 84 29 58 70 87 54 80 95 98 73 100 100 61 71 85 21 69 100 100 100 81 67 100 87 49 46 14 0 60 100 100 100 100 61 26 79 1 75 100 100 66 3 18 94 100 100 100
8 46 100 52 4 34 71 77 86 100 96 100 100 100 100 100 100 100 100 100 70 48 44 59 48 39 76 100 84 62 89 86 82 46 17 0 26 100 39 62 63 5 0 0 1 83 100 63 100 95 86 92 64 46 56 57 100 80 45 100 89 25 16 41 36 57 99 100 86 68 82 90 39 66 36 1 29 53 82 100 100 100 49 45 48 0 88 100 100 100 75 4 8 40 83 100
50 94 100 100 100 100 65 33 100 100 65 89 94 100 100 100 100 100 100 100 100 68 57 79 39 87 100 100 79 29 82 83 77 64 59 7 21 75 74 45 94 82 52 0 6 74 100 89 53 99 77 100 69 38 90 100 97 44 93 100 93 35 39 77 99 62 99 100 91 91 3 5 14 29 29 42 30 59 97 100 100 100 57 67 70 29 66 39 100 100 93 64 75 41 19 100
89 100 100 100 100 61 83 100 100 100 100 14 46 100 100 25 83 76 100 100 28 17 59 65 97 100 100 80 24 59 95 16 59 50 76 18 0 26 80 86 83 89 86 31 1 1 11 76 70 36 39 63 51 1 35 100 83 53 100 100 100 60 32 62 22 64 74 100 68 28 2 19 89 58 66 66 60 52 27 95 100 87 11 100 92 55 73 82 97 90 11 57 100 61 31 84
100 27 92 100 71 0 98 100 100 100 90 31 42 100 100 26 26 7 67 78 34 0 0 54 75 100 100 100 100 57 89 67 83 41 88 88 7 35 18 95 80 58 91 100 48 0 0 19 93 79 65 1 24 73 33 73 73 48 23 59 81 98 72 68 71 74 57 83 61 100 48 26 10 0 80 77 69 67 58 80 100 79 20 100 100 37 100 43 85 84 0 63 100 73 9 60
100 31 18 35 10 62 100 100 91 100 100 70 5 67 95 14 28 79 9 11 31 1 16 79 29 97 97 97 100 100 100 100 100 32 87 80 4 0 0 47 87 80 44 98 76 4 0 4 52 27 37 84 100 96 69 31 70 42 42 69 74 100 100 59 48 64 69 48 31 37 92 48 62 31 43 77 19 15 62 100 100 99 10 100 100 82 62 100 22 95 0 45 100 100 81 95
100 93 2 35 33 52 100 81 91 37 87 47 17 54 10 82 76 79 23 27 19 0 59 100 58 76 26 55 84 100 67 76 31 58 62 0 12 0 1 4 66 66 52 64 75 25 0 0 16 73 100 100 100 73 76 100 78 83 100 84 49 100 100 99 66 76 42 41 51 0 76 100 37 22 88 66 38 77 81 80 74 100 67 100 100 92 86 100 46 92 0 49 100 100 100 100
100 74 93 51 65 100 100 86 22 77 65 46 11 0 54 100 78 30 85 47 61 6 51 58 100 76 100 82 76 99 56 6 91 100 44 62 48 7 24 0 7 50 100 92 62 35 0 0 9 79 100 91 63 77 50 97 100 100 100 100 57 64 61 92 43 66 20 34 40 39 100 93 64 65 66 72 46 88 100 100 91 100 100 100 100 100 75 56 54 86 19 31 100 100 95 65
95 83 100 82 26 49 100 100 90 32 0 21 31 0 3 50 100 71 32 59 100 14 7 55 29 44 91 51 92 100 99 59 52 48 64 56 29 94 85 0 0 6 57 93 85 35 0 0 38 75 73 12 78 72 67 100 84 61 100 93 43 0 64 92 81 74 0 0 33 43 100 100 80 2 44 54 51 100 100 100 100 100 100 100 100 100 48 22 35 64 88 85 100 100 76 40
100 100 100 52 52 90 100 100 100 61 94 40 72 0 0 36 100 79 60 42 88 70 0 14 27 24 86 100 98 45 38 41 52 43 100 31 31 56 69 46 0 0 0 34 56 6 0 0 18 32 28 52 89 100 97 97 56 79 96 49 72 93 100 94 46 81 16 39 77 36 100 100 100 71 10 81 29 60 100 100 100 100 100 100 100 98 89 99 100 95 100 100 100 100 100 69
100 100 100 71 46 65 71 100 94 100 99 10 74 19 0 46 67 99 90 88 100 41 0 64 57 69 84 100 93 0 0 14 13 6 67 84 60 90 100 100 46 39 0 0 0 0 0 0 17 100 92 66 33 97 96 51 60 100 79 48 18 100 100 74 92 37 7 6 50 75 100 100 91 100 80 100 65 70 52 71 77 100 100 100 100 100 100 100 100 100 100 100 100 97 86 62
100 100 89 22 55 59 85 100 100 70 80 62 0 2 0 0 0 27 20 75 49 26 7 100 44 21 4 97 99 95 50 41 68 9 35 95 61 77 100 80 97 65 22 6 0 0 0 0 36 66 100 100 96 91 74 97 55 100 33 71 39 91 91 68 94 10 11 67 50 72 100 100 81 63 100 100 31 48 68 64 71 100 100 100 100 100 100 82 63 94 59 27 34 4 26 61
100 100 100 85 49 80 37 100 94 83 23 26 14 76 50 38 0 31 8 79 13 0 55 100 49 90 29 68 16 1 15 39 0 35 86 82 90 96 80 100 100 90 48 92 16 0 0 24 38 52 100 25 53 42 72 89 98 100 30 69 64 61 68 70 92 11 0 38 54 67 88 100 100 100 92 77 0 20 70 63 72 80 83 100 100 100 100 86 50 64 60 52 85 28 68 31
100 100 100 49 53 59 67 100 100 100 73 78 86 33 41 40 53 19 0 1 43 84 75 61 100 100 100 93 12 0 0 0 1 86 95 95 94 100 85 93 81 32 67 100 0 0 0 35 92 44 67 50 64 94 100 100 88 94 36 77 51 67 22 92 69 17 79 82 82 99 100 100 100 100 95 66 1 0 51 16 0 12 64 35 76 43 83 84 45 43 26 9 5 15 10 53
100 100 100 73 43 66 90 100 100 100 100 100 94 90 20 34 48 32 0 33 87 37 83 20 39 95 81 98 25 72 83 32 28 24 2 11 34 100 100 8 0 46 100 100 17 0 0 2 100 58 100 100 100 100 100 70 50 52 46 75 31 61 26 40 32 10 100 100 100 100 82 83 100 100 100 100 9 0 56 44 0 0 0 23 1 1 14 18 17 0 1 27 86 98 98 89
76 64 65 97 76 100 100 100 100 99 100 100 96 56 100 82 28 17 0 0 18 45 30 68 22 73 33 99 76 100 100 69 32 0 0 0 0 72 58 62 89 74 100 34 22 2 0 2 74 97 76 100 76 91 100 94 100 44 10 71 36 67 11 31 0 37 45 47 64 84 68 50 100 100 80 79 54 25 9 1 2 0 0 0 8 12 31 18 52 86 96 100 83 97 71 57
86 15 12 74 90 100 100 100 63 29 24 67 69 99 100 93 12 0 0 5 57 41 78 93 100 84 15 49 46 88 100 85 1 0 0 26 76 57 33 5 67 100 88 5 54 8 0 0 32 30 61 100 72 98 100 100 88 42 23 91 72 100 90 25 0 20 71 80 60 100 100 100 100 100 97 100 62 70 29 0 30 42 16 0 21 48 91 71 70 99 99 100 32 53 61 69
62 2 87 100 88 72 100 36 0 10 40 61 100 45 76 26 19 0 0 11 65 67 77 100 100 92 54 8 0 10 84 100 29 0 0 0 47 70 11 49 53 67 41 87 85 0 0 0 7 62 98 67 100 100 100 88 42 7 67 76 99 90 32 0 22 83 56 99 100 86 65 100 100 100 42 20 2 0 0 0 0 73 55 94 97 98 100 100 100 100 64 100 83 41 48 98
9 57 99 50 100 100 42 0 11 75 100 81 65 17 19 16 0 0 0 0 0 0 1 63 44 100 100 100 58 7 6 79 42 2 63 38 73 19 62 84 72 72 96 83 80 27 0 0 0 20 37 80 100 100 100 86 71 13 31 57 57 5 0 1 58 100 100 62 60 82 70 95 91 99 84 3 0 0 0 0 7 22 84 100 100 100 100 100 100 100 100 100 100 78 70 100
20 88 66 42 100 100 74 0 75 59 67 44 0 10 46 72 72 29 46 2 0 0 1 30 3 74 28 79 100 52 2 10 11 1 79 100 89 33 98 74 50 91 60 26 2 10 25 0 0 0 70 100 100 100 100 77 85 7 23 61 33 32 0 1 40 98 100 35 96 100 100 44 41 74 43 0 0 0 0 0 1 89 86 54 89 100 100 100 100 100 100 100 100 100 100 100
85 56 61 97 100 91 84 44 37 15 35 41 5 65 72 100 63 29 76 24 36 1 0 0 0 20 59 21 76 37 83 14 0 4 78 97 9 34 100 23 87 100 20 38 40 83 52 0 0 0 32 99 67 100 81 55 100 38 50 71 33 31 0 41 92 100 100 22 77 97 85 78 50 58 45 0 0 0 0 0 0 3 59 60 83 75 87 100 100 100 100 100 100 100 100 100
96 81 89 100 85 52 7 56 96 39 90 41 82 23 19 47 32 57 69 10 21 1 0 0 0 35 33 0 0 69 64 72 11 0 0 38 48 45 73 93 100 100 89 36 50 99 40 0 0 0 0 12 26 77 72 100 65 40 96 66 47 0 10 51 91 92 99 58 93 87 0 19 23 21 17 71 44 2 0 0 0 19 37 43 70 0 46 78 100 100 100 100 100 100 100 100
89 23 85 100 18 46 51 38 20 88 92 59 49 0 10 61 86 8 0 22 14 47 13 0 0 0 0 0 0 35 80 21 58 8 0 34 49 9 45 67 76 82 71 7 73 100 61 6 0 0 0 13 98 98 88 100 19 36 87 84 22 0 0 39 39 14 98 100 100 9 55 99 83 40 96 71 1 0 0 0 0 0 59 54 49 20 78 88 75 100 100 100 100 100 100 100
92 96 100 92 32 97 86 96 82 78 74 100 100 73 98 41 47 78 42 32 78 94 0 0 0 0 0 0 0 0 2 95 94 28 13 0 21 0 50 45 31 83 72 53 90 44 68 82 0 0 0 0 37 100 100 100 63 15 0 0 0 0 63 92 85 65 71 100 88 42 86 19 96 30 88 24 5 7 0 0 0 0 29 61 67 87 100 100 100 100 100 100 100 100 100 99
95 75 96 100 100 83 100 100 88 58 88 94 51 64 54 52 63 41 3 24 65 82 30 21 65 0 0 0 0 0 4 46 80 72 95 100 91 23 59 100 100 100 80 100 4 47 84 100 87 20 0 0 0 11 58 94 95 41 59 18 0 0 13 60 46 100 100 100 63 90 95 79 100 78 63 84 97 22 0 0 0 0 54 71 100 64 92 100 100 100 100 100 88 41 71 39
72 100 100 100 100 100 99 97 62 49 15 19 40 37 2 13 48 50 50 48 0 21 22 93 31 0 0 0 0 0 21 27 33 100 100 100 100 3 50 79 69 96 100 83 12 52 40 66 86 2 0 0 0 14 2 0 8 1 0 0 0 1 22 79 100 75 83 100 100 95 100 100 100 100 100 86 43 73 29 0 0 0 0 30 45 67 1 74 100 100 100 100 100 95 93 100
84 100 100 100 100 100 100 100 100 46 0 42 76 53 44 27 8 7 51 7 42 81 64 48 77 87 7 0 0 0 0 0 0 28 98 81 46 0 10 28 26 22 78 37 68 62 39 84 95 70 28 1 0 0 0 0 0 0 1 6 59 89 83 28 72 100 100 100 100 100 100 100 95 100 100 100 100 58 28 38 42 -9 0 3 0 24 27 42 70 100 100 100 100 100 100 100
