data/habitatmaps/RS_maps/habitat_Prunella.collaris_2008.asc
NCOLS 369 
NROWS 228 
XLLCORNER 479000 
YLLCORNER 73000 
CELLSIZE 1000 
NODATA_value -9 
[rows 138 to 206 of 228, columns 96 to 191 of 369]
0 0 0 0 0 0 0 0 3 56 12 0 0 0 0 0 9 0 0 0 0 0 0 0 0 35 3 0 0 0 2 2 0 0 0 0 10 39 22 12 1 0 0 0 0 0 0 0 5 34 18 36 57 7 5 31 0 0 0 0 0 0 7 10 12 5 0 0 0 0 0 3 68 97 26 24 0 0 27 12 9 4 35 43 99 100 82 71 87 26 67 23 60 83 100 69
0 0 0 0 0 0 0 0 0 0 0 0 0 0 0 0 0 0 0 0 0 0 0 0 42 34 0 0 0 0 0 0 1 6 0 7 24 11 9 17 0 0 0 0 0 0 0 0 23 92 35 12 47 86 64 76 39 3 4 0 0 0 1 22 47 11 0 0 0 0 11 44 100 78 90 39 5 0 7 55 19 37 50 69 84 99 48 47 95 95 75 52 81 99 75 40
0 0 0 0 0 0 0 0 0 0 0 0 0 0 0 0 0 0 0 0 0 0 0 13 32 5 2 1 16 0 0 0 2 1 0 5 14 5 11 0 0 0 0 0 0 0 0 18 34 81 43 5 72 100 84 65 28 22 6 0 0 0 3 21 20 20 2 0 10 56 92 91 54 99 87 54 49 46 15 8 80 32 0 4 30 34 35 46 97 100 100 95 32 82 96 27
0 0 0 0 0 0 0 0 0 0 0 0 30 22 0 0 0 0 0 0 0 0 0 24 0 2 13 30 3 0 0 36 0 0 1 8 6 0 0 0 0 0 0 0 0 0 0 11 6 4 0 71 61 98 97 57 17 44 1 0 0 0 14 16 27 52 23 32 70 98 65 84 44 27 48 76 29 86 31 4 16 86 62 48 49 49 47 57 96 100 100 89 17 68 100 93
0 0 0 0 0 0 4 53 55 4 0 4 36 0 0 0 0 0 0 0 0 0 0 6 14 5 14 3 2 11 39 49 0 0 1 15 0 0 0 0 0 0 0 0 0 14 0 0 0 0 1 5 46 80 63 19 58 64 17 0 17 0 10 16 33 40 84 88 64 36 35 59 44 84 33 56 26 18 71 49 30 24 52 76 99 100 100 97 84 99 88 59 59 9 92 75
2 0 0 7 2 0 15 12 0 0 0 35 1 0 0 6 0 0 0 0 0 0 3 24 10 76 85 17 0 0 19 3 0 0 4 3 2 0 0 0 0 0 0 5 0 58 0 0 49 0 0 19 20 82 86 72 100 28 14 5 20 0 11 8 46 68 52 8 32 0 0 0 6 31 0 15 8 8 59 53 81 11 27 3 24 22 54 90 76 27 3 45 36 39 68 2
43 0 0 2 14 17 1 10 3 1 44 0 0 0 25 5 0 0 0 0 0 0 0 0 16 60 51 6 0 0 19 0 15 51 61 18 6 0 0 0 0 0 0 7 11 59 1 0 1 2 61 99 97 100 100 98 80 26 37 24 6 65 84 78 95 49 16 2 3 0 8 5 0 0 0 0 0 9 13 78 27 28 89 78 70 91 100 89 36 50 95 100 83 63 7 43
0 48 0 9 65 75 11 0 10 55 53 12 0 1 31 8 0 0 0 0 0 0 0 0 0 21 32 6 0 0 0 17 90 96 91 93 6 0 0 0 0 0 0 0 17 13 74 65 0 0 0 20 92 100 88 36 16 12 0 9 50 100 94 44 31 14 45 0 0 0 2 8 0 0 0 6 32 3 5 0 25 28 10 55 65 89 97 36 24 70 95 96 42 1 0 0
0 0 42 66 76 25 0 0 40 24 0 3 30 0 7 0 0 0 0 0 0 0 11 10 35 52 78 68 9 6 1 1 61 71 41 41 2 0 0 0 5 0 0 0 44 6 98 63 13 4 0 0 15 85 34 13 40 14 42 7 0 29 100 89 26 0 0 0 0 0 0 0 0 17 32 0 0 5 63 2 9 18 14 51 84 63 81 52 63 95 100 54 16 0 0 0
0 3 64 33 55 42 20 9 11 0 0 1 6 0 0 0 0 0 0 0 0 9 6 3 51 84 64 24 17 13 18 0 39 50 12 19 0 0 0 22 27 1 0 0 0 4 37 56 0 3 0 22 32 98 90 49 39 51 12 11 10 7 67 100 91 40 1 0 0 13 0 0 0 1 14 0 3 15 36 5 1 31 1 5 26 63 73 90 100 88 50 2 0 0 0 0
0 11 99 83 52 31 15 5 0 0 0 0 0 0 0 0 0 0 0 0 0 8 2 6 49 5 1 0 0 5 32 23 81 17 0 0 0 0 0 8 5 0 0 0 4 71 77 100 86 93 43 46 33 79 76 99 100 100 86 47 8 28 84 43 40 65 10 0 0 44 28 8 0 0 14 0 1 41 61 51 9 12 12 8 87 100 100 94 68 18 0 0 0 0 0 0
0 55 89 5 5 7 6 0 11 2 0 0 0 0 0 0 0 0 2 4 0 0 0 0 0 0 38 77 20 0 50 100 58 1 1 0 0 0 0 6 13 0 0 2 30 100 100 71 64 87 90 74 38 88 71 81 60 80 69 8 41 34 76 3 2 40 4 0 7 0 22 9 1 11 0 1 0 0 7 64 22 13 4 11 8 87 57 5 0 0 0 0 0 0 1 17
28 98 65 0 0 0 0 0 9 2 0 0 0 0 0 0 0 0 27 0 0 0 0 0 0 0 0 6 65 34 60 79 52 16 18 1 0 0 0 8 43 68 33 0 61 36 61 11 78 74 23 45 48 52 87 22 66 94 37 47 67 76 33 33 0 0 0 2 38 52 5 6 61 31 17 16 0 0 62 9 36 35 63 50 85 76 19 14 0 0 0 0 0 0 21 24
69 60 6 0 0 0 0 0 0 0 0 0 0 0 0 0 0 1 21 0 0 0 0 0 0 0 0 1 79 97 24 4 16 0 0 0 0 0 4 49 76 88 27 0 5 10 40 53 95 84 23 17 55 46 12 0 9 62 52 19 46 23 2 5 0 6 0 0 34 16 0 0 48 89 57 25 3 3 81 34 97 81 99 99 61 73 37 26 0 0 0 0 0 11 29 44
29 22 0 0 0 0 0 0 0 0 0 0 0 0 0 0 0 0 0 0 0 0 0 0 0 0 1 22 55 85 27 13 0 0 0 0 0 0 16 68 11 17 0 2 10 83 100 88 79 51 63 63 17 0 0 0 21 19 18 26 22 4 0 10 0 4 0 0 0 0 24 19 10 93 49 10 22 13 83 28 100 99 66 75 81 9 0 0 0 0 0 0 6 19 26 56
1 0 0 0 0 0 0 0 0 0 0 0 0 0 0 0 0 0 0 0 3 0 1 0 0 0 5 14 28 86 62 16 0 0 0 0 14 32 75 83 16 5 0 2 26 100 84 11 35 62 70 6 2 0 0 0 0 8 42 31 5 0 0 26 22 0 0 0 0 5 39 56 6 26 98 52 60 94 85 53 100 100 21 11 0 0 0 0 1 9 7 6 41 98 46 40
0 0 0 0 0 0 0 0 0 0 0 0 0 0 0 0 0 15 19 23 31 26 22 3 0 0 0 9 9 37 29 6 0 0 0 9 91 100 100 48 12 16 9 32 65 100 87 84 74 90 38 36 19 0 0 0 1 35 76 47 64 23 0 29 11 4 0 0 2 2 50 32 52 0 60 88 87 68 29 68 100 100 34 35 0 0 0 0 15 30 20 28 94 55 15 23
0 0 0 0 0 10 45 80 10 0 0 0 0 0 0 0 32 52 82 48 38 54 45 12 0 0 0 0 18 12 1 11 3 4 0 34 99 100 91 7 62 24 16 75 100 100 73 90 43 48 83 34 2 0 9 69 77 91 96 97 76 91 30 19 32 3 1 46 20 3 82 58 95 7 29 100 85 14 21 16 82 46 1 2 0 0 0 0 0 23 85 13 98 85 79 100
0 0 0 8 0 35 49 7 0 0 0 0 0 0 0 0 32 20 52 49 48 65 25 3 0 0 0 0 5 10 29 10 23 61 33 26 42 71 16 19 58 13 68 43 40 52 0 12 62 65 90 21 18 66 85 100 97 40 75 87 25 35 47 42 24 0 19 2 29 6 32 90 92 34 14 100 30 12 62 0 13 3 0 0 0 0 0 0 0 27 69 80 87 73 59 50
0 0 28 68 7 50 55 22 0 0 0 0 0 0 0 0 16 0 56 31 34 22 11 0 0 0 0 0 2 16 18 39 94 43 26 47 79 74 27 51 22 43 97 94 89 42 4 68 89 100 57 36 89 86 89 85 51 0 0 33 49 100 59 27 22 27 28 24 46 14 43 57 100 39 13 93 46 12 39 3 0 0 0 0 0 0 0 59 19 2 76 87 52 18 15 74
0 1 54 74 91 80 50 16 9 0 0 0 0 0 0 0 0 1 23 23 14 29 13 0 0 0 0 0 0 0 29 100 61 3 30 0 55 90 56 41 62 75 100 46 65 85 93 85 83 72 88 99 87 39 0 3 10 40 48 73 49 72 60 36 79 61 24 45 18 5 84 88 53 4 33 98 9 0 5 0 0 0 0 0 0 15 42 60 8 24 76 85 6 14 75 39
0 0 0 8 0 0 11 38 44 12 12 0 0 0 0 0 0 0 0 0 17 32 7 0 0 0 0 0 0 0 45 81 84 69 82 56 100 100 70 90 99 69 100 63 33 73 98 96 77 91 68 33 3 0 2 23 55 68 64 51 63 19 15 16 59 26 74 89 15 46 98 61 19 16 88 82 12 0 0 0 0 0 12 6 0 48 73 83 84 100 100 71 30 87 43 57
0 0 0 0 0 0 1 1 0 0 0 0 0 0 0 0 0 0 0 0 7 14 3 0 0 0 0 5 26 34 100 92 36 35 65 72 65 94 37 84 94 42 71 69 79 60 100 76 79 9 0 0 0 15 5 39 97 92 37 58 24 5 54 50 12 49 27 84 72 91 49 34 6 85 100 9 29 0 0 0 0 0 29 13 0 39 57 98 61 52 87 73 81 64 31 93
0 0 0 0 11 3 14 4 0 0 0 0 0 0 0 0 0 0 7 39 11 4 0 18 59 31 57 88 92 98 99 62 34 59 77 86 88 88 52 74 99 82 95 90 78 64 48 39 0 0 0 0 13 43 66 84 64 16 2 28 44 39 90 43 32 98 89 49 69 25 47 24 40 91 69 13 3 0 0 0 0 0 0 0 1 33 93 100 81 86 61 25 77 70 84 74
0 1 10 3 2 14 38 2 0 0 0 0 0 0 0 0 0 0 0 0 22 66 60 88 68 53 99 100 100 98 99 87 14 21 87 84 47 85 73 100 100 78 71 27 95 87 89 20 15 0 0 7 37 86 80 43 5 0 42 79 61 100 100 71 90 98 55 53 34 66 57 30 29 9 20 0 0 0 0 0 0 11 21 31 64 65 28 29 49 63 89 76 13 16 98 80
41 23 27 31 18 38 10 4 0 0 0 0 0 0 0 0 0 0 9 75 93 30 49 72 92 77 100 83 59 21 7 36 49 85 67 97 100 100 87 42 39 0 41 96 95 98 76 25 29 1 17 64 99 100 64 72 91 29 51 45 89 100 100 100 49 10 0 0 53 46 5 0 0 1 11 0 0 0 0 0 0 37 32 1 21 20 0 7 1 45 78 59 23 37 72 33
16 51 75 32 21 21 17 25 22 13 0 0 0 0 37 67 22 31 90 100 100 100 100 100 100 100 100 97 14 0 0 0 24 96 69 93 100 100 63 0 8 74 93 100 87 100 67 2 9 2 55 100 85 52 91 100 100 99 100 75 100 100 100 99 8 0 0 7 30 0 0 0 0 0 0 0 0 0 2 0 0 0 0 0 0 0 10 31 36 13 60 100 90 78 66 30
0 0 0 0 1 1 27 29 20 2 0 21 0 55 97 93 46 69 100 79 60 100 94 85 100 100 100 100 80 72 100 88 100 100 100 100 100 73 21 0 22 47 89 78 79 100 93 48 33 6 83 100 57 78 98 89 100 100 65 70 100 100 40 26 0 0 0 11 22 0 0 0 0 0 0 0 0 15 33 24 5 0 0 0 0 15 75 86 97 94 59 37 39 68 88 63
0 0 0 0 0 3 11 2 5 9 33 76 48 48 87 95 57 89 78 6 73 100 77 49 100 100 100 100 92 100 100 81 32 55 69 100 81 3 7 0 8 16 85 22 56 100 98 19 36 25 76 100 95 100 80 97 100 100 77 91 97 93 37 0 0 0 0 15 4 0 0 0 0 0 0 11 40 49 82 66 3 0 0 0 0 37 100 100 100 100 78 33 33 51 100 66
0 0 0 0 0 0 6 3 2 10 81 100 100 56 96 88 94 58 54 55 100 100 95 39 22 41 19 45 62 85 55 45 0 5 4 66 71 0 0 0 0 6 4 2 80 98 18 1 20 24 54 100 100 100 80 74 100 100 90 24 38 100 62 0 0 17 1 25 3 0 0 0 0 0 0 60 57 56 5 11 0 0 0 51 59 47 100 100 100 100 50 22 33 57 77 33
0 0 0 0 0 0 48 36 74 15 52 96 48 10 87 43 60 100 96 100 100 100 100 73 6 0 0 9 72 63 0 1 0 0 0 0 23 11 0 0 0 37 54 13 46 45 0 0 20 3 60 94 45 80 32 40 100 58 27 0 49 100 79 15 44 40 21 46 47 21 11 5 0 10 36 100 85 20 1 9 13 1 27 86 100 100 100 100 100 69 21 22 33 44 36 32
0 0 0 0 38 66 87 97 95 49 95 97 26 22 91 99 100 100 100 100 100 100 65 39 4 0 0 0 10 8 0 0 0 0 0 13 11 5 0 0 0 7 17 2 3 1 0 3 14 0 1 44 19 32 0 13 49 0 9 0 22 72 61 43 38 15 18 39 1 0 0 20 1 62 100 88 13 19 54 62 48 71 70 100 100 85 95 45 51 10 14 33 33 33 68 51
0 0 1 2 0 60 86 55 79 82 100 48 50 49 100 100 100 91 90 72 96 59 6 0 0 0 0 0 0 0 0 0 0 2 22 6 0 0 0 0 0 0 4 0 0 0 0 7 17 0 20 24 46 17 31 26 0 0 0 0 0 0 0 16 1 0 0 0 0 0 0 4 54 98 100 97 94 67 100 97 68 100 94 99 81 84 43 6 2 0 31 33 33 56 58 47
1 33 36 65 60 92 46 1 5 80 100 100 91 33 68 45 53 51 86 50 64 1 0 0 0 0 0 0 0 0 0 0 0 0 14 3 0 0 0 1 2 0 0 0 0 0 0 0 0 0 0 8 7 33 18 0 0 0 0 0 0 0 0 0 0 5 0 0 0 0 0 0 17 43 45 97 81 99 70 98 100 100 100 93 86 44 10 0 2 57 51 41 56 45 20 5
7 30 88 99 66 60 51 82 78 100 100 83 34 44 63 7 0 95 99 32 4 0 0 0 0 0 0 0 0 0 0 0 0 0 0 0 0 0 0 0 23 14 16 6 8 0 0 0 0 0 0 0 0 0 0 0 0 0 0 0 0 31 23 27 16 1 0 4 5 0 0 0 0 0 1 54 90 52 46 99 100 75 83 92 72 46 8 3 9 41 29 10 23 21 4 0
36 77 87 98 88 85 95 89 76 47 82 67 93 71 3 0 16 99 86 45 0 0 0 0 0 0 0 0 0 0 0 0 0 0 0 0 0 0 0 0 0 0 0 0 0 0 0 0 0 0 0 0 0 0 0 0 0 0 0 0 0 10 16 6 0 0 0 7 23 6 0 0 0 0 3 34 90 72 77 99 87 84 98 98 47 34 21 9 4 16 3 2 58 7 0 0
23 4 5 7 19 57 95 19 1 1 22 61 11 56 2 0 17 97 28 50 0 0 0 0 0 0 0 0 0 0 0 0 0 0 0 0 2 39 34 5 0 0 0 0 0 0 0 0 0 0 0 0 0 0 0 0 0 0 0 0 0 0 0 14 24 0 16 14 19 31 0 0 1 21 23 41 90 51 32 88 59 45 93 72 40 5 0 0 0 0 0 28 55 7 0 0
0 20 33 0 2 22 50 29 42 26 18 57 86 17 0 0 0 23 34 3 0 0 0 0 0 0 0 0 0 0 0 0 0 0 0 0 4 34 83 4 0 0 0 0 0 0 16 61 8 0 0 0 0 0 0 0 0 0 0 0 0 0 0 4 4 23 65 67 0 0 0 0 9 59 73 98 55 2 0 4 2 71 97 19 0 4 8 5 0 0 0 0 0 0 0 0
9 36 8 18 67 87 64 19 4 1 41 63 30 13 0 1 3 0 1 0 0 0 0 0 0 0 0 0 0 0 0 0 0 0 0 0 3 34 64 0 0 16 10 0 0 0 0 45 100 62 0 0 0 0 0 0 0 0 0 0 0 0 0 0 1 3 70 96 13 0 0 0 0 17 87 100 72 47 23 0 0 26 67 36 21 29 70 100 38 1 0 0 0 0 0 0
9 2 53 100 97 70 11 57 82 42 27 33 0 0 0 15 17 0 0 0 0 0 0 0 0 0 0 0 0 0 0 0 0 0 0 0 0 9 91 30 8 43 63 68 3 0 0 42 100 98 43 0 10 0 0 0 0 0 0 0 0 0 0 0 16 4 96 100 57 30 14 0 24 86 100 91 88 88 51 0 2 6 0 0 2 33 80 100 96 50 12 0 0 0 0 0
12 33 93 71 93 58 41 100 98 22 0 21 10 0 0 6 0 0 0 0 0 0 0 0 0 0 0 0 0 0 0 0 0 0 0 0 1 21 42 69 94 88 96 100 63 2 0 71 100 100 26 12 83 79 15 0 0 0 0 0 0 0 0 0 5 0 21 71 80 14 0 0 7 74 86 71 19 92 46 17 13 1 0 0 0 0 15 42 79 50 18 0 0 0 0 0
71 90 74 100 100 100 99 100 100 46 3 4 0 0 0 0 0 0 0 0 0 0 0 0 0 0 0 0 0 0 0 0 0 0 0 0 0 1 6 71 100 100 100 100 59 5 1 77 100 100 72 84 100 100 58 0 0 13 19 0 0 0 0 39 40 15 1 65 31 0 0 20 73 100 36 19 8 92 54 33 27 1 0 0 0 0 0 7 14 2 0 0 0 0 0 0
100 91 93 100 98 100 100 100 92 85 13 0 0 0 0 0 0 0 0 0 0 0 0 0 0 0 0 0 0 0 0 0 0 0 0 0 0 0 62 81 88 100 100 100 100 55 9 86 100 100 100 100 100 100 54 0 0 37 31 0 0 0 0 36 73 31 38 37 0 5 18 91 100 99 38 9 88 100 93 48 12 0 0 0 0 0 0 0 0 0 0 0 0 0 0 0
100 92 67 27 19 83 77 93 78 69 8 0 0 0 0 0 0 0 0 0 0 0 0 0 0 0 0 0 0 0 0 1 24 2 0 0 0 0 1 1 47 100 100 100 100 48 6 46 100 100 100 100 78 27 1 0 0 16 0 0 0 0 28 92 80 53 65 79 4 43 63 65 100 97 99 92 38 29 89 88 29 2 0 0 0 0 0 0 0 0 0 0 0 0 0 0
100 79 6 14 40 13 9 30 49 9 33 0 0 0 0 0 0 0 0 0 0 0 0 0 0 0 0 0 41 4 10 6 75 19 0 0 0 0 0 0 31 73 100 97 75 11 0 72 100 100 100 95 27 0 0 0 0 0 0 0 0 0 79 100 84 39 90 99 24 38 54 55 38 57 100 83 40 15 31 27 4 0 0 0 0 0 0 0 0 0 0 0 0 0 0 2
71 39 3 0 0 0 0 0 6 28 1 0 0 0 0 0 0 0 0 0 0 0 0 0 0 0 0 2 61 69 58 15 54 4 0 0 0 0 2 11 26 97 100 90 34 6 2 80 100 100 100 100 71 0 0 0 0 0 2 0 0 0 39 100 97 64 81 100 99 93 27 28 0 72 100 88 0 0 0 0 2 2 0 0 0 0 0 0 0 0 0 0 0 0 0 4
28 27 0 0 0 0 8 0 0 4 4 0 0 0 0 0 0 0 0 0 0 0 0 0 0 0 0 0 8 44 24 53 100 95 0 0 0 0 15 62 63 92 97 49 33 15 80 100 100 100 89 54 13 0 0 0 0 2 47 0 0 1 63 100 100 100 99 99 100 55 9 13 0 3 66 72 0 0 0 0 4 1 0 0 0 0 0 0 0 0 0 0 0 0 0 5
92 49 0 0 0 0 25 24 0 0 0 0 0 0 0 0 0 0 0 0 0 0 0 19 3 0 0 0 2 42 22 100 83 97 15 0 0 0 22 100 45 86 87 29 0 25 89 100 100 100 100 56 5 0 0 0 8 69 99 13 0 4 57 100 100 100 80 38 53 57 43 38 7 0 0 5 27 55 57 0 12 0 9 36 32 33 24 4 0 0 0 0 5 0 0 0
100 59 0 0 0 0 0 0 0 0 0 0 0 0 0 0 0 0 0 11 1 0 13 33 11 0 0 15 54 64 63 100 60 23 0 0 0 0 5 34 54 77 99 39 0 25 93 97 76 100 100 27 1 0 0 2 61 100 99 67 0 0 11 73 97 100 95 32 47 59 89 93 35 0 0 0 21 99 9 12 73 82 97 100 100 82 93 27 0 0 0 8 29 0 0 0
67 19 8 4 2 0 0 0 0 0 0 0 0 0 0 0 0 0 1 32 45 0 0 0 0 0 0 1 43 90 100 100 90 32 0 0 0 0 0 7 45 88 100 96 0 49 97 90 79 100 82 0 0 1 13 11 99 100 100 79 16 0 1 78 100 100 76 49 34 57 50 100 39 0 0 2 0 36 0 20 55 28 64 79 63 28 46 44 2 0 0 0 0 0 0 0
11 13 37 37 5 0 0 0 0 0 0 0 0 0 0 0 0 0 21 9 18 0 0 0 6 29 18 8 5 59 99 100 100 70 10 65 35 2 0 12 23 75 100 94 63 89 100 62 61 93 48 0 0 0 53 80 100 100 100 100 96 35 0 20 97 100 87 19 11 78 67 91 20 0 8 63 0 1 27 2 0 5 1 7 8 1 26 6 26 22 0 0 0 -9 -9 0
8 23 19 0 0 0 0 0 0 0 0 0 0 60 9 0 0 1 44 5 8 0 0 0 0 14 10 0 1 32 40 77 17 77 31 66 83 57 18 0 63 100 100 92 53 82 100 97 60 100 50 0 0 15 91 86 99 100 84 84 100 78 0 0 78 100 99 71 64 46 83 29 15 0 47 78 2 42 96 52 83 77 6 0 0 0 23 26 0 0 0 0 0 -9 -9 -9
0 0 0 0 0 0 0 0 0 0 0 0 0 15 0 0 0 21 25 0 0 0 0 9 10 0 7 0 0 17 85 99 73 95 54 13 40 19 2 0 1 84 77 69 51 73 96 61 72 99 57 0 0 26 100 80 64 76 40 38 100 46 1 0 60 100 100 80 68 51 68 64 60 55 77 52 9 92 100 100 92 77 11 0 0 0 5 47 6 0 0 0 0 -9 -9 -9
0 0 0 0 0 0 0 0 0 0 0 0 1 4 0 0 0 21 89 39 4 0 0 60 46 0 0 0 0 32 100 100 72 79 22 1 68 13 0 0 0 76 92 60 25 7 6 22 3 90 46 0 3 82 100 87 0 1 47 58 82 50 0 1 17 86 98 65 31 56 40 91 67 100 100 65 82 73 58 46 25 0 0 0 0 1 19 4 0 0 0 0 0 -9 -9 -9
0 0 0 0 0 0 8 30 9 1 0 17 27 57 16 0 31 98 81 7 60 0 0 66 39 1 0 0 0 42 20 32 70 3 0 6 100 78 20 4 1 83 99 41 19 28 3 0 43 100 64 0 6 79 100 100 41 0 5 16 88 94 5 21 38 87 100 34 4 53 9 45 74 91 51 48 82 30 0 0 0 0 0 0 0 0 0 0 0 0 0 0 -9 -9 -9 -9
0 0 0 0 0 3 39 19 2 29 18 18 75 48 2 0 53 99 100 63 52 0 33 96 92 4 0 0 0 21 0 0 55 62 1 3 94 100 47 37 17 39 84 91 4 9 23 0 88 94 29 39 33 97 81 71 53 0 6 44 86 97 2 0 53 100 100 80 75 62 40 87 87 76 20 53 29 5 0 0 0 0 0 0 0 0 0 0 0 0 0 0 -9 -9 -9 -9
0 0 0 5 48 79 4 0 0 17 17 35 71 11 9 0 9 70 100 94 35 11 3 67 49 1 10 8 0 11 0 0 38 82 24 3 68 100 77 67 21 100 100 70 26 31 9 12 28 59 58 40 12 98 90 32 36 46 18 31 81 3 0 0 63 100 100 100 100 97 59 65 100 37 47 22 45 29 23 6 3 0 0 0 0 0 0 0 0 0 0 0 -9 -9 -9 -9
0 0 0 0 11 17 0 0 0 4 18 79 100 81 58 22 5 77 100 100 55 16 0 74 48 10 85 19 0 0 0 0 32 61 62 37 50 87 4 39 9 60 70 86 44 62 24 41 65 70 1 2 12 100 51 24 0 23 44 65 97 36 15 22 43 68 100 100 100 99 60 24 89 70 50 40 33 33 60 70 11 0 0 0 0 0 0 0 0 0 0 0 -9 -9 -9 -9
13 27 0 0 0 31 0 0 0 4 45 81 100 100 100 81 61 47 100 100 38 58 11 48 100 72 86 39 0 0 0 2 33 94 83 93 58 100 62 22 87 99 74 83 30 71 56 63 97 47 0 4 47 100 77 27 26 84 0 37 67 53 70 93 59 42 99 100 100 100 69 100 40 33 41 5 16 8 40 33 31 0 0 0 2 25 8 0 0 0 0 -9 -9 -9 -9 -9
0 18 0 0 0 0 0 0 0 0 20 21 74 100 56 61 97 85 76 100 76 75 87 94 80 86 69 0 0 0 0 0 9 11 71 93 24 47 100 76 100 75 11 4 43 57 22 55 30 0 0 12 92 100 92 27 44 58 0 19 25 97 100 100 40 23 99 100 94 53 81 77 35 86 79 10 0 1 1 32 81 0 0 0 0 2 8 0 0 0 -9 -9 -9 -9 -9 -9
0 0 0 0 0 0 0 0 0 0 3 7 70 100 70 78 74 96 20 96 74 20 73 76 8 72 100 34 0 0 0 0 0 62 100 59 0 15 100 62 100 98 6 0 21 55 73 55 94 26 0 5 83 100 100 83 19 32 0 4 1 55 100 97 29 58 84 100 100 69 77 93 99 99 62 8 0 0 0 5 5 0 0 34 5 0 0 0 0 0 -9 -9 -9 -9 -9 -9
27 0 0 0 0 0 0 0 0 0 0 19 25 70 89 99 62 27 50 93 9 0 84 98 53 87 100 73 0 35 92 73 33 36 98 97 31 11 85 32 99 100 21 7 32 10 19 84 100 69 6 3 58 91 100 100 57 39 0 0 0 7 62 78 30 88 100 100 100 100 90 89 81 90 33 17 0 0 0 0 0 0 0 27 1 0 0 0 0 -9 -9 -9 -9 -9 -9 -9
51 0 0 0 5 1 0 0 0 0 0 0 65 32 40 100 100 64 50 100 57 0 71 100 59 85 79 58 16 77 100 99 56 29 70 96 44 27 30 48 34 75 4 20 30 3 34 47 99 87 12 56 81 50 88 100 91 22 0 1 0 10 46 96 82 93 100 100 100 100 100 67 40 41 7 0 0 0 0 0 0 0 0 0 0 0 0 0 -9 -9 -9 -9 -9 -9 -9 -9
63 0 0 0 31 39 0 0 0 0 0 0 28 6 43 72 86 67 84 66 35 0 68 100 100 100 71 17 9 84 100 100 86 85 63 96 45 46 39 7 30 6 27 28 26 48 85 74 31 74 19 100 100 91 18 88 93 34 29 28 46 17 15 57 72 79 100 94 100 100 100 88 21 15 9 0 0 0 0 0 0 0 0 0 0 0 0 -9 -9 -9 -9 -9 -9 -9 -9 -9
21 0 0 0 47 76 64 16 1 7 1 0 33 39 21 74 100 90 40 51 58 0 43 100 100 100 39 0 4 98 100 100 98 73 74 97 26 28 6 10 14 17 16 38 39 100 91 94 37 18 35 100 100 100 84 85 87 17 0 1 1 0 23 98 56 75 100 77 71 94 100 96 15 0 0 0 5 6 0 0 0 0 6 8 0 0 -9 -9 -9 -9 -9 -9 -9 -9 -9 -9
0 0 0 0 31 84 73 41 25 32 26 17 5 34 11 31 52 89 60 46 75 73 88 100 100 100 74 1 5 88 100 80 60 84 51 90 16 72 62 11 0 8 41 13 47 88 55 51 15 0 27 99 100 100 100 100 78 8 4 32 0 2 73 90 54 69 100 100 99 98 100 41 0 0 2 52 77 16 3 9 20 13 1 1 0 -9 -9 -9 -9 -9 -9 -9 -9 -9 -9 -9
0 0 0 0 0 85 77 91 61 91 37 15 19 60 88 57 12 55 100 39 15 72 100 77 100 52 11 13 65 100 99 40 26 83 19 50 8 44 13 50 0 54 100 87 83 95 39 36 0 8 41 86 100 100 100 100 39 18 29 9 8 58 53 59 70 78 100 100 100 100 71 2 0 5 11 60 45 13 2 10 2 0 0 -9 -9 -9 -9 -9 -9 -9 -9 -9 -9 -9 -9 -9
12 7 1 0 0 0 63 69 94 100 100 35 31 34 31 97 95 73 69 99 72 56 100 59 100 57 83 87 97 100 86 3 0 9 0 0 0 54 26 56 48 63 77 100 99 100 28 4 0 0 1 39 93 100 68 49 46 40 23 16 33 6 1 63 91 100 100 100 79 100 87 29 32 83 97 58 28 10 0 0 0 0 0 -9 -9 -9 -9 -9 -9 -9 -9 -9 -9 -9 -9 -9
2 1 22 0 0 0 7 83 90 100 75 61 71 41 61 100 54 100 100 78 26 16 60 63 12 45 28 63 97 100 100 95 38 0 0 0 0 7 48 60 97 53 72 96 49 14 14 5 14 0 0 0 82 100 100 100 79 5 3 18 16 18 0 0 0 22 90 100 100 99 97 100 100 100 100 90 66 5 0 0 0 0 0 -9 -9 -9 -9 -9 -9 -9 -9 -9 -9 -9 -9 -9
