data/habitatmaps/RS_maps/habitat_Linaria.cannabina_2013.asc
NCOLS 369 
NROWS 228 
XLLCORNER 479000 
YLLCORNER 73000 
CELLSIZE 1000 
NODATA_value -9 
[rows 122 to 182 of 228, columns 96 to 191 of 369]
5 3 1 61 99 78 37 0 45 35 84 79 64 97 39 0 0 2 58 25 24 52 43 29 9 14 34 2 15 33 26 24 82 67 45 2 0 0 0 0 0 24 2 0 0 0 10 55 1 12 56 74 80 79 64 100 66 58 25 84 100 94 41 26 96 88 19 0 3 17 25 27 0 25 29 5 6 20 45 1 34 71 41 47 45 91 100 100 100 100 100 100 92 62 29 14
63 48 46 60 60 60 86 40 51 69 75 40 78 97 68 19 11 0 72 58 32 47 26 25 50 41 44 24 10 47 35 31 98 79 28 0 0 0 0 0 0 2 0 0 0 42 28 38 19 65 65 85 100 98 97 78 15 12 19 77 100 100 88 93 60 16 14 15 0 0 0 0 48 2 0 0 0 0 0 0 9 34 55 75 59 35 100 100 100 100 91 80 44 36 96 100
50 51 85 69 78 73 54 49 58 46 72 92 90 52 50 43 16 42 45 69 85 70 14 3 40 39 26 46 0 1 66 50 60 7 74 5 0 0 0 0 0 0 0 0 58 97 86 87 68 67 99 100 100 100 95 32 11 59 54 50 95 100 100 66 11 33 0 0 0 0 0 0 3 2 0 0 0 5 0 0 0 0 0 51 35 34 93 100 88 69 57 85 70 99 96 87
46 83 85 60 96 94 54 54 61 38 31 89 76 56 53 41 64 90 73 87 78 74 66 67 5 43 51 25 10 2 84 98 100 45 6 16 0 0 0 0 0 0 0 1 63 100 53 79 85 66 100 100 100 100 76 33 82 52 76 47 50 83 66 9 19 0 0 0 0 2 0 21 12 0 42 35 29 17 22 4 0 0 0 6 30 12 78 97 30 17 38 8 9 49 11 47
60 87 71 69 47 48 1 20 33 68 34 11 3 66 65 54 52 48 51 66 56 67 66 73 94 69 94 82 60 43 45 51 79 83 12 8 75 26 0 0 0 0 0 2 11 23 53 97 40 25 48 88 100 92 32 59 89 33 21 33 61 33 2 29 0 0 0 16 13 40 47 74 38 22 100 92 66 84 44 26 27 24 30 33 5 37 17 25 11 12 26 28 11 39 91 87
75 99 29 89 34 0 0 16 45 44 28 20 33 20 11 56 27 26 29 10 12 60 72 85 71 90 100 100 78 59 63 8 8 58 99 100 81 32 8 0 0 0 0 0 0 0 0 30 0 0 25 87 73 44 43 12 13 2 11 18 32 46 10 0 0 2 18 20 59 74 50 100 66 71 88 74 100 100 100 97 40 14 21 49 50 38 47 27 5 24 37 47 49 50 100 41
95 100 86 59 27 3 9 48 69 14 56 59 73 57 59 53 62 45 50 52 80 82 53 100 100 100 100 100 98 100 99 88 77 10 9 53 43 64 93 28 45 5 0 0 0 0 0 0 0 1 51 46 21 57 48 0 0 16 8 33 20 4 0 0 29 7 10 37 5 0 57 93 79 99 14 65 100 100 100 89 35 29 30 31 27 47 15 10 69 86 100 100 100 79 90 99
67 56 41 29 8 72 36 24 48 4 48 71 100 93 78 2 70 57 46 63 83 100 98 100 100 100 100 79 40 52 71 98 99 62 49 8 2 52 45 0 52 8 0 0 0 0 0 0 0 33 77 30 5 39 6 0 0 0 6 0 0 0 6 3 4 16 64 100 100 24 63 70 52 12 49 100 100 100 97 34 31 54 75 100 53 45 6 33 100 100 82 25 59 100 100 80
40 74 56 40 5 86 50 48 60 44 60 45 95 59 54 88 34 26 49 68 100 100 100 100 100 82 49 20 0 67 100 100 100 100 100 89 50 0 38 33 0 0 0 0 0 0 0 0 0 0 0 1 4 7 0 0 0 0 0 8 28 21 6 6 80 84 100 100 100 90 100 81 16 0 69 100 98 79 53 44 11 18 19 97 31 1 0 7 68 99 100 64 49 77 95 28
86 79 28 4 8 96 65 51 12 8 47 82 53 51 71 88 70 55 88 98 100 100 100 100 96 29 0 7 44 99 98 95 71 51 16 30 75 28 10 0 6 1 25 9 32 23 1 0 0 0 0 0 0 0 0 0 0 12 14 16 3 0 11 75 100 100 95 55 50 60 99 66 32 11 97 100 84 24 55 50 48 12 29 83 48 82 16 35 32 50 89 95 36 31 36 37
45 64 42 77 70 36 58 26 12 18 67 62 63 60 45 49 73 64 42 66 97 100 97 76 77 55 35 49 86 93 64 36 24 29 39 24 31 25 14 10 71 56 45 32 39 61 70 22 3 0 0 0 0 0 0 0 14 41 0 4 18 48 88 100 77 45 47 78 52 95 71 87 100 89 100 100 99 67 47 0 28 35 85 38 74 98 94 14 49 15 50 88 37 5 0 0
1 38 35 24 79 56 74 59 66 35 88 43 56 35 4 87 100 98 99 99 43 65 60 37 67 73 75 71 85 99 93 97 83 50 81 40 71 47 14 44 8 35 62 94 34 84 32 48 31 5 0 7 29 14 0 0 11 41 11 42 96 100 94 77 85 81 100 94 73 80 100 100 100 100 100 99 44 15 0 0 13 95 94 16 85 24 98 87 48 83 82 53 93 16 0 0
0 23 21 17 70 45 59 75 32 63 100 59 46 52 84 100 100 100 100 99 65 51 58 62 78 68 56 63 72 58 58 77 65 69 72 67 64 19 2 14 49 19 0 62 50 78 88 69 16 0 0 25 21 3 1 0 0 8 17 0 65 93 40 88 78 83 84 63 62 85 100 93 100 100 89 18 0 0 0 0 0 55 100 77 100 93 49 99 88 22 42 94 61 0 0 0
15 30 39 62 85 68 22 47 46 84 90 79 51 82 100 100 100 100 100 82 67 77 90 66 74 56 23 39 34 21 85 38 39 47 47 40 1 19 42 50 61 90 17 50 91 56 45 46 18 0 0 2 75 61 31 27 14 0 21 7 19 13 22 19 22 15 9 51 34 60 75 48 100 46 41 3 0 0 0 0 0 6 20 69 90 100 91 12 48 95 89 90 99 23 0 0
16 38 47 81 66 44 82 63 46 100 89 99 100 100 100 100 100 100 95 83 73 71 49 52 79 42 14 5 30 71 60 45 66 24 9 0 7 30 97 100 95 96 62 31 59 81 93 27 10 0 11 71 100 72 71 43 93 61 5 8 41 31 23 32 35 71 44 27 71 39 18 63 89 62 88 66 0 0 0 0 0 0 0 22 82 100 95 0 9 75 67 79 84 72 6 0
12 25 24 25 75 64 60 75 81 100 100 100 94 81 87 100 100 83 49 41 54 31 55 100 98 53 92 87 70 84 100 53 26 23 44 27 61 82 100 100 71 61 36 44 61 87 28 47 0 11 25 100 99 19 69 97 60 100 54 40 0 6 78 53 46 38 38 58 87 44 54 36 37 9 64 51 16 0 0 0 0 1 37 86 100 100 38 0 25 98 92 89 93 86 67 0
61 41 41 22 35 28 46 73 100 100 98 63 52 34 61 99 72 73 68 76 39 89 100 100 75 56 100 100 68 85 100 73 61 63 97 91 58 100 100 95 83 16 47 49 72 66 13 57 46 63 74 100 100 95 94 86 100 93 3 7 9 22 61 100 98 30 28 74 77 97 86 15 21 34 10 12 0 0 0 0 0 1 22 35 58 20 0 0 44 100 97 55 71 81 60 0
56 81 31 26 12 38 42 51 62 86 73 41 51 83 74 70 69 34 73 68 49 92 100 100 100 100 100 100 94 87 51 97 90 62 83 85 87 100 93 68 7 26 35 70 66 60 41 52 99 79 98 100 100 24 74 100 98 66 18 0 26 0 6 95 99 13 0 3 85 100 9 20 88 10 14 0 0 0 0 10 0 15 31 0 0 0 0 0 7 33 94 100 100 54 3 0
33 34 30 39 42 32 47 27 53 92 38 28 28 47 20 36 31 63 77 64 1 26 98 100 100 100 100 100 100 81 23 69 100 54 9 85 100 99 45 31 54 46 93 50 14 41 82 43 83 60 100 98 44 0 58 92 100 100 96 41 11 39 59 92 100 41 14 34 85 43 9 27 30 74 77 4 0 0 0 8 33 0 0 0 0 0 0 0 1 5 39 100 100 97 18 0
45 71 44 33 61 46 19 84 54 17 41 41 74 66 26 1 15 84 55 49 23 34 72 100 100 100 100 100 100 46 45 84 77 67 64 100 100 82 24 54 14 38 42 83 31 82 68 24 81 96 100 53 60 2 11 94 100 100 95 67 23 31 50 100 100 93 96 68 7 0 8 66 29 61 13 16 0 0 0 0 16 26 0 0 0 0 0 0 3 27 38 60 43 95 41 12
51 69 48 48 65 23 85 99 87 44 47 46 62 84 58 29 92 68 68 66 51 75 100 100 100 86 55 77 95 93 100 100 75 72 97 100 95 26 12 7 30 42 83 89 17 44 64 17 27 30 72 75 87 75 74 100 100 100 98 27 80 8 65 100 100 90 18 0 0 0 15 42 18 36 0 0 0 0 0 0 0 0 20 51 49 68 74 38 32 19 31 73 95 95 78 92
16 82 59 69 84 74 65 100 100 97 100 94 46 65 50 72 81 95 100 63 54 53 99 100 100 100 63 47 100 100 100 100 100 90 100 100 100 23 15 41 71 55 57 100 76 82 40 24 71 30 34 60 100 60 75 28 7 98 97 42 77 18 11 34 74 11 0 0 0 0 0 0 0 0 0 0 0 0 0 0 0 0 0 0 6 13 4 45 51 82 58 56 53 83 100 100
82 62 75 99 98 53 34 83 75 70 98 91 74 51 69 73 76 98 33 47 100 100 100 100 100 96 21 90 66 100 100 100 86 100 100 100 58 62 48 63 63 52 40 97 100 94 25 42 81 100 74 73 63 4 4 16 68 100 98 45 28 14 16 27 5 0 0 0 0 0 0 0 0 0 0 0 0 0 0 0 0 0 0 0 0 0 15 55 75 63 95 84 100 100 100 100
49 99 56 52 51 71 93 73 84 60 99 100 100 69 85 99 100 95 53 23 68 51 75 96 91 100 81 63 35 45 77 91 72 40 65 99 100 69 53 59 68 23 50 13 96 97 57 61 25 37 67 92 24 0 23 89 100 100 63 73 47 17 0 0 0 0 0 0 0 0 0 0 0 0 0 0 0 0 0 0 0 0 0 0 3 26 53 61 70 67 53 42 100 100 64 88
93 100 98 94 78 75 84 45 88 100 100 100 76 41 100 100 100 91 77 56 69 58 33 53 42 57 63 78 81 89 78 80 100 96 75 99 62 27 46 100 93 48 73 37 67 95 21 73 98 78 55 83 93 29 66 100 100 95 58 21 32 77 50 0 0 0 0 0 0 0 0 0 0 0 0 0 0 0 0 0 0 0 0 0 9 29 19 25 31 41 22 89 100 99 44 18
67 83 100 100 100 93 94 98 100 92 98 100 100 100 100 100 98 49 81 99 28 54 18 49 35 28 50 78 100 100 65 95 100 100 100 97 67 52 71 100 100 84 41 44 55 86 73 45 100 100 100 93 78 37 10 51 86 54 46 57 52 77 61 6 0 0 0 0 0 0 0 0 0 0 0 0 0 0 0 0 0 0 0 0 0 0 0 0 22 76 99 100 97 76 32 41
31 97 100 100 100 100 100 99 93 48 39 60 79 100 98 100 61 47 80 90 29 95 68 90 77 96 92 97 91 100 89 100 100 100 76 78 65 55 73 91 100 88 31 74 66 46 23 0 27 48 55 100 81 24 0 0 39 58 55 100 87 63 86 15 0 0 0 0 0 0 0 0 0 0 0 0 0 0 0 0 0 0 0 0 16 66 74 56 77 100 100 88 67 84 92 9
41 93 86 77 69 55 82 72 60 56 27 61 94 93 66 81 32 7 17 75 5 86 80 65 82 54 71 95 90 88 81 26 53 100 80 40 11 75 72 94 100 100 61 58 79 46 46 73 68 33 3 50 17 32 0 0 0 0 68 72 79 100 28 0 0 0 0 0 0 0 0 0 0 0 0 0 0 0 0 0 0 0 0 0 0 28 100 100 100 100 100 88 89 45 21 93
87 47 68 72 75 64 99 29 65 75 50 56 100 88 81 30 10 54 90 95 17 11 31 50 32 60 100 100 85 89 59 21 95 100 87 53 80 32 60 100 76 40 68 41 50 69 67 56 85 6 0 0 0 0 0 0 0 0 69 94 93 79 28 0 0 0 0 0 0 0 0 0 0 0 0 0 0 0 0 2 2 0 0 2 42 70 98 99 100 100 99 53 40 54 83 88
100 91 94 44 13 54 53 67 100 87 56 82 95 48 16 0 47 88 97 100 62 38 0 47 51 57 82 100 26 15 77 96 100 100 80 49 74 43 95 51 71 100 58 30 43 58 77 57 55 0 0 0 0 0 0 0 0 0 12 11 12 23 0 0 0 0 0 0 0 0 0 0 0 7 0 0 0 0 7 14 41 0 2 19 91 72 100 42 64 100 83 19 0 36 50 100
100 69 82 62 0 51 87 49 81 57 60 45 64 95 9 6 64 45 33 86 57 78 67 10 69 66 58 87 66 50 100 100 84 48 19 17 66 59 84 32 89 100 71 16 41 44 1 8 23 0 0 0 0 0 0 0 0 0 0 0 0 0 0 0 0 0 0 0 0 0 0 0 0 54 0 0 0 0 11 13 58 22 77 68 94 96 76 25 47 63 10 10 52 100 100 100
29 67 55 84 45 95 86 43 34 56 1 23 77 91 37 51 82 63 76 73 100 70 98 49 91 56 53 98 83 89 100 100 84 50 98 51 45 77 41 17 82 100 95 16 59 0 0 0 0 0 12 0 0 0 0 0 0 0 0 0 0 0 0 0 0 0 0 0 0 0 0 0 0 34 37 0 0 59 29 55 41 41 100 100 99 45 60 100 45 33 13 94 100 100 100 100
62 45 28 54 57 12 56 61 71 3 22 10 49 7 41 52 60 76 74 94 100 100 100 35 78 84 64 59 97 100 100 100 75 36 68 34 79 37 0 52 65 95 43 80 63 35 2 0 7 59 16 0 0 0 0 0 0 0 0 0 5 0 0 0 0 0 0 0 0 0 0 0 0 0 55 21 22 67 32 80 47 89 100 98 42 36 62 51 22 61 85 95 67 100 100 87
96 59 71 79 10 22 97 100 98 61 57 0 24 47 69 90 80 100 64 100 100 100 83 27 60 23 50 28 73 100 100 84 59 88 82 57 21 0 26 96 97 65 46 69 42 35 56 34 82 100 88 31 0 0 0 0 0 51 32 40 76 41 2 0 0 0 0 0 0 0 5 0 0 0 23 39 84 98 46 100 100 100 95 35 74 97 52 0 24 98 100 100 61 36 42 47
63 70 59 39 12 41 100 100 65 54 17 0 61 75 69 23 80 100 65 100 100 100 60 56 95 71 73 73 90 100 100 92 66 54 51 95 62 29 96 99 60 22 41 59 45 51 30 67 93 98 55 11 0 0 0 80 17 94 77 94 99 54 7 0 0 0 0 0 0 0 13 13 0 4 0 69 100 100 91 100 100 100 47 63 92 30 7 50 66 92 88 13 12 0 15 6
26 52 63 100 46 83 100 100 55 63 38 53 79 33 27 25 82 94 88 100 100 99 57 100 100 100 70 64 84 100 99 79 33 96 100 99 24 63 100 68 99 69 4 23 36 8 60 58 66 41 0 0 19 96 35 94 83 100 100 100 91 61 0 0 0 0 0 0 0 0 0 12 64 15 0 30 100 97 26 54 54 50 48 76 19 7 59 100 100 100 66 0 0 0 0 48
72 66 54 92 93 100 100 100 87 75 72 56 50 29 23 65 30 94 100 100 100 97 97 65 90 41 50 46 55 73 98 28 94 100 100 100 54 70 89 88 94 36 0 0 0 16 72 50 11 0 11 36 58 95 99 100 100 100 92 43 34 3 0 0 0 0 0 0 0 0 0 28 10 0 12 20 99 62 0 0 0 16 60 18 10 58 100 97 100 100 73 0 0 0 8 92
32 36 70 36 53 38 99 100 100 93 78 9 31 9 18 80 95 99 98 100 100 100 100 77 73 64 24 39 1 62 100 45 7 27 34 43 0 0 70 70 5 0 0 0 0 5 39 6 24 57 92 100 100 63 80 90 61 64 15 0 0 0 0 0 0 0 19 1 0 0 7 68 0 3 32 93 96 14 11 26 3 60 16 20 92 100 56 52 42 75 34 0 0 10 64 63
58 69 44 46 53 62 78 100 96 76 74 53 57 0 42 73 74 85 21 31 100 100 94 35 48 65 76 63 61 95 31 0 0 0 0 0 0 0 68 65 0 0 0 0 0 4 17 98 100 100 70 92 75 82 28 11 23 0 0 0 0 0 0 0 0 0 8 39 3 10 81 74 0 53 8 100 72 17 53 33 53 11 45 97 100 100 96 10 0 0 0 0 2 33 10 48
99 92 57 72 83 46 50 100 44 67 64 51 30 7 100 62 42 75 48 90 100 100 69 95 70 46 92 75 91 67 11 0 0 0 0 0 21 35 13 47 0 0 22 18 11 0 83 75 86 71 26 61 73 59 45 0 0 0 0 0 0 0 0 0 0 0 0 5 67 95 69 9 22 73 51 55 18 12 19 39 11 18 89 100 100 98 46 17 7 6 0 0 0 0 0 0
52 70 65 75 100 53 82 97 65 80 35 54 67 40 91 84 59 28 92 100 100 100 100 100 100 95 70 20 49 4 4 0 0 0 0 24 81 70 66 30 58 79 92 100 36 32 59 97 44 1 6 17 30 38 0 0 0 0 0 0 0 19 8 0 4 30 68 87 76 53 6 59 96 100 97 41 22 82 57 11 28 31 56 100 69 46 75 99 91 93 30 0 0 0 34 63
67 97 98 98 100 76 100 29 27 96 71 73 71 45 100 100 81 57 100 66 42 83 81 69 34 74 26 0 0 0 0 0 0 0 0 0 21 3 72 42 78 47 86 25 2 19 62 98 86 2 0 36 10 0 0 0 0 0 0 0 0 51 43 0 80 100 100 100 82 10 34 100 79 54 26 48 49 19 38 51 15 65 100 100 78 80 100 100 100 99 61 0 0 0 40 91
100 82 62 89 100 100 100 56 93 89 65 99 71 92 97 79 78 80 40 25 33 3 0 35 77 35 0 0 0 0 0 0 0 0 0 0 0 15 100 26 29 78 88 15 20 15 77 96 45 6 56 2 0 0 15 34 1 10 36 8 49 43 21 30 97 100 100 100 49 45 80 38 19 67 37 36 41 7 21 1 21 51 60 67 76 47 41 67 91 100 76 42 21 5 63 55
82 95 100 97 100 100 100 100 93 50 44 37 15 67 17 12 90 61 0 0 0 0 36 82 30 0 0 0 0 0 3 4 25 53 5 23 59 83 100 9 37 82 21 24 72 3 24 87 62 31 64 0 0 0 49 98 41 42 100 49 8 48 96 100 100 91 55 98 67 71 50 30 55 65 28 19 9 17 35 14 59 13 34 36 35 22 95 86 41 23 81 100 100 69 18 97
51 95 92 34 71 100 91 79 22 53 56 85 90 96 62 26 99 7 0 0 0 9 70 78 28 2 0 0 31 0 5 71 94 58 46 14 62 100 73 8 84 95 91 96 82 10 33 98 48 41 66 1 19 0 65 100 56 70 100 71 15 61 100 100 100 80 63 51 6 3 76 70 80 43 47 23 44 69 45 37 19 37 1 34 20 80 40 1 8 45 70 99 100 73 0 38
39 49 56 20 50 35 57 71 28 65 97 44 63 49 5 14 41 0 0 0 16 5 6 51 60 92 85 55 79 54 47 97 71 96 100 56 25 93 34 39 37 100 100 100 97 34 100 81 23 27 64 4 68 38 96 94 7 52 100 100 84 48 100 100 100 92 45 38 5 19 48 15 13 28 4 49 73 100 100 96 56 2 29 55 69 79 42 44 31 22 45 65 100 64 34 85
7 35 38 49 27 83 100 77 54 91 48 8 68 85 5 0 0 13 3 2 46 50 22 59 51 38 100 91 90 98 100 100 43 23 83 100 84 20 27 1 2 93 100 100 100 100 93 63 29 37 61 66 92 96 100 87 50 87 62 96 88 30 100 100 100 75 54 68 76 85 30 34 29 5 19 21 24 100 89 50 22 28 43 76 17 0 0 0 2 34 4 66 100 84 97 100
92 51 5 6 65 77 50 7 3 51 5 3 74 97 18 0 31 68 4 13 21 25 68 68 55 9 70 100 100 100 89 83 36 0 44 71 77 27 20 0 1 26 60 90 62 89 55 93 27 37 38 44 44 98 13 18 57 99 65 73 100 75 100 100 92 48 1 38 14 28 3 34 3 59 3 21 87 100 88 97 90 83 96 51 0 0 8 69 64 81 55 100 100 100 100 69
100 68 3 5 61 45 0 0 0 0 0 58 100 66 42 3 14 78 20 91 7 65 98 99 30 0 26 37 67 37 3 0 57 31 66 58 0 7 32 4 6 7 42 53 49 62 99 100 57 78 75 84 61 30 61 58 49 65 30 76 42 50 83 65 35 15 0 0 7 55 32 3 66 74 2 100 100 100 92 75 84 31 91 44 0 6 78 100 74 44 67 100 100 100 100 89
78 91 92 97 85 52 0 0 0 0 0 56 100 100 52 56 89 48 41 100 98 100 98 90 33 0 0 0 1 2 0 0 49 18 41 51 27 46 24 4 38 31 52 71 89 60 37 28 0 17 38 71 66 64 46 23 6 52 51 23 13 58 59 30 28 24 0 8 75 43 12 22 100 87 65 100 95 76 17 19 86 8 11 10 6 62 69 71 46 74 100 100 97 100 100 42
54 84 22 6 0 0 0 0 0 0 17 81 90 100 59 91 100 30 45 100 92 77 21 3 24 0 0 0 0 0 0 0 0 0 0 0 10 50 29 1 38 80 93 71 56 47 0 0 0 0 0 0 0 0 0 0 0 19 2 45 60 37 38 27 16 1 0 22 64 44 0 8 88 100 100 100 35 0 0 2 28 0 0 0 36 68 62 77 43 59 98 30 68 100 85 26
100 73 13 1 3 0 0 11 37 82 90 100 58 100 66 47 78 53 87 66 17 1 0 0 0 0 0 0 0 0 0 0 0 1 0 0 6 0 0 21 91 37 1 0 0 0 24 2 0 19 18 0 0 0 5 0 0 2 0 5 15 37 30 13 0 0 0 22 8 32 61 82 31 85 100 100 25 2 26 15 20 20 3 3 80 100 100 62 10 62 81 5 91 75 18 65
65 76 95 92 82 43 5 81 39 51 97 90 100 100 94 23 53 31 83 61 0 0 0 0 0 0 0 0 0 0 0 0 0 53 21 28 5 47 20 20 10 5 0 11 27 30 38 3 0 0 14 21 0 15 27 5 0 22 33 19 56 0 0 48 24 0 16 14 17 77 43 18 2 58 94 100 25 46 93 74 78 80 14 42 80 97 70 16 2 76 77 43 100 63 0 62
13 35 77 100 100 99 92 83 82 53 56 72 24 100 100 90 29 28 90 40 3 11 10 3 0 0 3 0 0 0 0 0 0 14 75 40 25 64 38 48 38 15 28 59 39 20 7 14 78 23 0 0 0 7 53 25 31 78 47 23 28 0 6 57 5 6 64 92 35 7 0 27 39 85 86 58 60 100 100 40 58 65 46 94 100 100 94 19 6 41 51 100 60 12 18 20
77 100 100 100 86 23 43 98 36 37 71 100 98 100 90 31 27 18 13 0 0 67 40 29 2 67 27 0 0 0 0 0 0 44 17 15 72 44 0 4 33 58 35 1 0 21 7 73 13 73 87 37 0 0 0 7 0 2 92 100 61 22 4 72 93 3 26 42 86 24 2 0 32 86 26 14 42 77 70 40 30 65 96 80 100 100 100 100 92 41 20 0 7 23 1 44
64 78 94 59 3 47 90 91 67 67 41 86 100 93 51 23 65 0 0 0 0 22 54 1 30 22 0 0 0 0 0 0 15 37 66 79 43 21 11 70 96 98 61 35 43 0 7 23 0 22 80 47 22 3 4 35 20 8 93 55 60 28 0 57 84 4 27 18 73 71 95 7 66 42 0 13 0 0 55 23 54 67 73 73 100 100 100 100 100 100 35 8 0 12 34 9
30 84 63 0 5 95 72 53 50 36 37 53 47 16 0 9 1 0 0 0 0 0 0 0 0 0 0 0 1 0 1 3 17 39 17 50 29 92 89 88 34 66 9 19 78 17 48 46 17 11 97 94 59 60 77 94 98 12 53 55 92 61 32 78 55 19 95 93 54 97 96 33 98 39 0 0 0 0 37 95 98 52 44 4 7 51 100 100 100 96 75 8 0 53 37 16
63 13 5 0 42 34 1 25 83 76 36 32 0 0 0 0 0 0 0 0 0 0 0 0 0 0 0 20 15 0 28 22 8 0 3 0 48 41 94 63 5 0 0 28 100 40 21 71 0 19 98 79 1 24 82 50 85 75 79 53 50 48 10 85 100 41 100 100 100 100 100 85 74 20 0 0 0 3 63 100 100 38 4 0 0 5 44 62 99 56 26 56 32 40 23 18
40 0 3 34 2 0 9 18 31 12 34 4 0 0 0 0 0 0 0 0 0 0 0 0 0 0 0 0 15 19 6 8 24 36 50 0 6 7 86 62 49 10 11 54 23 78 31 79 1 4 50 59 1 4 79 56 73 83 47 53 20 0 6 80 99 50 97 100 100 100 100 34 0 0 0 0 9 37 12 78 93 56 93 50 6 12 17 3 23 56 1 8 36 65 28 0
28 72 89 95 88 44 98 94 97 64 8 24 0 0 0 0 0 0 0 0 0 0 7 0 0 0 16 19 21 10 20 8 88 54 0 0 0 52 100 100 100 36 3 24 31 79 17 82 22 0 2 13 45 92 100 100 99 62 35 80 22 15 60 44 56 66 100 100 100 100 100 47 14 29 0 0 98 100 34 44 100 99 80 86 28 39 35 7 0 0 0 1 15 29 19 0
1 72 100 100 48 5 29 31 1 7 50 8 0 0 0 0 0 0 0 0 0 0 31 6 45 18 4 28 91 78 35 28 100 80 37 7 0 9 65 65 100 87 33 51 55 71 30 63 8 0 5 47 92 89 100 99 40 22 2 28 19 18 66 7 43 100 100 100 100 100 100 99 81 70 0 71 64 29 70 93 95 36 53 27 43 45 0 0 0 0 0 0 0 9 0 5
