data/habitatmaps/RS_maps/habitat_Linaria.cannabina_2013.asc
NCOLS 369 
NROWS 228 
XLLCORNER 479000 
YLLCORNER 73000 
CELLSIZE 1000 
NODATA_value -9 
[rows 61 to 121 of 228, columns 192 to 287 of 369]
0 0 0 0 0 0 0 0 0 0 29 2 0 0 0 0 0 0 0 0 0 20 3 0 0 0 0 0 0 0 0 0 0 0 0 4 53 67 30 69 94 85 61 69 26 15 12 0 28 15 18 35 61 28 26 75 64 69 55 73 84 59 56 53 9 25 22 48 67 62 60 55 59 43 34 18 14 27 60 55 50 64 88 79 93 52 33 21 0 9 0 0 0 0 22 0
0 0 0 0 0 0 0 0 0 0 0 0 0 0 0 0 0 0 0 0 0 0 0 0 0 0 0 0 0 0 0 0 0 0 0 9 50 64 74 81 71 62 70 44 22 68 73 47 25 22 29 75 65 53 16 29 75 44 45 60 76 57 79 48 43 54 76 30 43 26 23 51 43 1 25 68 57 87 45 44 51 65 15 87 70 13 51 13 7 12 26 0 51 0 21 0
0 0 0 0 0 0 0 0 0 0 0 0 1 3 0 0 0 0 0 0 0 0 0 0 0 0 0 0 0 0 0 0 0 0 0 0 23 46 77 68 20 49 65 66 49 82 74 41 34 57 85 90 47 68 68 68 64 61 28 22 43 25 56 22 34 72 57 40 37 38 78 55 58 80 98 82 100 93 54 70 71 45 45 69 14 37 5 7 9 20 19 29 0 0 0 2
0 0 0 0 0 0 0 0 0 0 0 0 0 19 0 0 0 0 0 0 0 0 0 0 0 0 0 0 0 0 0 0 0 0 0 0 19 39 54 44 34 56 80 80 68 57 49 55 84 82 73 71 80 84 61 80 25 73 66 62 40 36 65 28 31 40 37 26 20 24 39 59 98 58 42 87 100 100 100 95 63 74 73 2 0 16 0 5 0 6 3 16 2 0 0 4
0 0 0 0 0 0 0 0 0 0 0 0 0 7 0 0 0 0 0 0 0 0 0 0 0 0 0 0 0 0 0 0 0 0 0 0 0 44 17 45 67 10 59 61 90 73 95 75 84 80 73 54 22 53 44 52 37 42 56 82 86 62 51 41 61 45 26 37 22 0 67 93 87 63 100 100 100 78 77 71 100 78 10 0 0 0 0 0 0 0 3 0 0 0 0 30
0 0 0 0 0 0 0 0 0 0 0 0 0 0 0 0 0 0 0 0 0 0 0 0 0 0 0 0 0 0 0 0 0 0 0 0 0 0 23 63 75 59 68 85 77 75 75 80 84 84 17 0 5 38 32 40 81 84 82 60 74 93 69 58 49 53 29 13 51 61 90 77 54 10 31 90 71 76 87 86 56 18 14 0 0 0 0 0 0 14 50 1 0 0 0 31
0 0 0 0 0 0 0 0 0 0 0 0 0 0 0 0 0 0 0 0 0 0 0 0 0 0 0 0 7 44 4 0 0 0 0 0 0 0 23 61 68 36 78 53 54 43 70 74 94 75 9 1 29 30 19 67 63 63 55 67 71 98 100 83 49 25 55 36 38 98 100 81 100 96 18 32 72 62 77 43 16 81 13 0 0 0 0 0 0 27 1 12 0 0 1 29
0 0 0 0 0 0 0 0 0 0 0 0 0 0 0 0 0 0 0 0 0 0 0 0 0 0 0 0 16 56 41 0 0 0 0 0 0 0 5 13 40 45 27 3 1 3 70 65 67 58 56 28 16 21 52 52 29 67 41 85 100 88 74 57 51 51 79 100 86 100 100 81 82 79 80 99 68 80 57 19 38 38 0 0 0 0 0 0 7 32 11 11 28 2 34 5
0 0 0 0 0 0 0 0 0 0 0 0 0 0 0 0 0 0 0 0 0 0 0 0 0 0 0 0 0 4 0 0 0 0 0 0 0 19 92 57 33 1 0 0 0 0 2 86 98 75 70 55 34 63 75 66 17 49 41 62 71 81 55 98 49 72 93 100 100 100 57 32 30 85 56 74 99 52 12 7 89 16 0 0 0 0 0 0 0 0 0 19 30 34 0 34
0 0 0 0 0 0 0 0 0 0 0 0 0 0 0 0 0 0 0 0 0 0 0 0 0 0 0 0 0 0 0 0 0 0 0 0 0 0 6 0 0 0 0 0 0 0 0 5 11 42 77 39 56 45 40 45 36 17 40 38 39 77 87 63 74 78 100 90 55 48 76 64 88 44 45 61 97 70 78 68 64 0 0 0 0 0 0 6 20 0 0 6 18 2 22 25
0 0 0 0 0 0 0 0 0 0 0 0 0 0 0 0 0 0 0 0 0 0 0 0 0 0 0 0 0 0 0 0 0 0 0 0 0 0 0 0 0 0 0 0 0 0 0 2 2 8 43 63 27 4 4 54 47 43 62 41 15 18 72 76 87 36 24 45 89 100 63 58 49 54 66 78 65 84 19 93 45 0 0 0 0 0 0 0 0 0 0 5 0 0 39 44
0 0 0 0 0 0 0 0 0 0 0 0 0 0 0 0 0 0 0 0 0 0 0 14 22 0 0 0 0 0 0 0 0 0 0 0 0 0 0 0 0 0 0 0 0 0 0 17 56 0 33 48 44 14 26 61 88 65 74 35 50 83 99 100 95 51 37 60 63 64 58 89 100 57 7 6 24 42 74 71 71 0 0 0 0 0 0 0 0 0 23 28 0 23 39 0
0 0 0 0 0 0 0 0 0 0 0 0 0 0 0 0 0 0 0 0 0 0 0 6 7 0 0 0 0 0 0 0 0 0 0 0 0 0 0 0 0 0 0 0 0 0 0 25 51 0 17 64 41 20 30 51 100 100 55 34 13 55 30 56 72 34 76 51 22 46 33 84 84 84 81 59 47 29 81 98 36 0 0 0 0 0 0 0 0 1 39 19 0 0 2 0
0 0 0 0 0 0 0 0 0 0 0 18 0 0 0 0 0 0 0 0 0 0 0 0 0 0 0 0 0 0 0 0 0 0 0 0 0 0 0 0 3 0 0 0 0 0 0 0 0 0 3 86 34 20 58 99 100 100 54 10 14 6 24 33 18 33 44 58 85 98 38 82 65 39 14 61 70 93 69 47 88 13 0 0 0 0 18 6 3 34 62 44 2 47 34 22
0 0 0 0 0 0 0 0 0 0 0 60 83 36 0 0 0 0 0 0 0 5 27 41 4 0 0 0 0 0 0 0 0 0 0 0 0 17 51 49 88 63 57 36 58 13 0 0 0 0 0 64 7 24 94 87 73 100 100 80 100 80 40 0 9 82 100 100 100 100 97 100 100 100 49 15 23 14 26 51 36 40 4 0 0 0 18 3 1 34 30 33 1 11 86 60
0 0 0 0 0 0 0 0 0 0 3 39 100 28 0 0 0 0 0 11 36 24 37 30 6 0 0 0 0 0 0 0 0 0 0 10 64 36 31 44 1 25 27 35 35 79 45 6 0 0 5 51 0 54 52 37 72 41 91 37 79 67 1 8 14 91 65 33 49 72 100 100 100 100 98 27 46 73 58 0 33 53 0 0 0 0 0 0 40 5 0 0 30 34 85 9
0 0 0 0 0 0 0 0 0 0 1 69 91 52 0 0 0 0 0 0 15 0 0 0 0 0 0 0 0 0 4 0 0 0 0 15 37 5 24 29 48 22 30 45 35 2 12 17 0 0 6 27 0 26 8 23 16 57 86 86 51 8 68 92 90 56 83 81 42 27 69 85 100 100 100 72 93 100 90 59 36 23 32 0 0 0 0 6 40 48 30 0 43 46 89 67
0 0 0 0 0 0 0 0 0 0 2 60 45 6 31 5 24 40 52 18 12 45 2 15 0 0 0 0 0 0 16 59 2 0 0 5 27 20 47 23 29 54 20 63 73 2 10 9 0 0 0 0 4 17 48 7 43 65 55 53 70 75 79 74 53 19 9 32 60 57 5 5 65 96 86 44 89 100 100 33 12 87 11 0 0 0 0 8 33 13 8 16 35 33 74 100
0 0 0 0 0 0 0 0 0 0 0 38 18 55 37 0 13 31 66 90 64 61 47 8 0 0 20 13 0 0 0 76 32 7 0 44 0 0 43 35 22 11 3 49 91 40 47 29 0 0 0 0 0 8 15 1 1 3 0 0 5 0 0 5 43 0 0 1 0 0 18 17 0 50 81 54 98 100 100 41 64 81 17 24 0 0 0 0 37 37 16 20 65 59 100 75
0 0 0 0 0 0 0 0 0 1 50 57 20 33 92 74 28 0 3 46 48 0 0 0 0 0 71 29 0 0 0 58 77 44 60 48 5 10 79 55 96 60 3 46 63 56 12 0 0 4 43 0 0 0 0 0 0 13 0 0 0 0 0 0 0 0 0 0 0 0 0 0 0 6 88 39 93 100 100 78 82 30 43 14 0 0 0 0 19 51 49 35 41 52 98 44
0 0 0 0 0 0 0 0 0 19 67 34 8 38 90 95 30 3 0 0 0 0 0 0 24 35 74 5 0 0 0 36 64 87 84 63 58 48 46 41 88 37 1 40 90 72 6 25 32 35 33 14 0 7 9 24 48 19 58 40 17 2 0 0 0 51 55 8 28 34 34 31 0 0 5 33 100 100 100 100 80 35 6 3 0 0 0 0 2 16 53 24 34 42 100 55
0 0 0 0 0 0 0 0 0 46 41 85 50 1 52 55 0 0 0 0 0 0 0 0 36 12 17 1 2 0 0 42 32 49 43 28 83 59 58 0 12 56 62 18 35 29 7 5 48 73 23 0 7 60 37 31 43 3 53 32 58 44 28 11 70 37 38 15 9 66 79 61 23 0 0 14 68 100 100 92 98 23 38 0 0 0 2 16 0 2 23 35 31 18 55 39
0 0 0 0 0 0 0 0 0 3 3 54 70 3 10 0 5 35 1 0 0 0 0 2 33 4 0 50 4 1 2 14 53 74 49 28 33 58 31 12 0 63 53 94 100 75 45 52 69 54 5 0 8 26 44 63 80 39 63 27 65 8 23 1 12 41 9 18 50 40 75 100 58 0 5 7 33 80 98 57 18 9 35 0 0 0 5 35 0 1 63 43 75 92 98 27
0 0 0 0 0 28 10 0 0 0 13 37 27 17 0 0 3 3 0 0 0 0 0 0 0 0 0 68 0 35 26 46 38 83 35 47 33 34 17 8 14 28 41 44 42 50 13 34 17 23 0 0 0 0 33 81 100 84 86 75 85 8 0 11 27 55 40 44 63 70 83 59 60 13 26 34 2 29 52 69 10 15 19 0 0 0 24 0 1 19 82 42 63 100 77 41
0 0 0 0 0 100 63 43 0 0 21 74 65 36 30 0 0 0 0 0 0 0 0 7 0 0 34 75 49 63 19 15 46 73 43 46 35 2 41 0 36 29 59 84 58 53 21 56 74 30 0 0 0 1 48 51 96 69 36 85 100 64 0 22 46 100 100 100 58 38 34 2 61 36 29 0 0 5 25 97 57 40 7 0 0 5 37 1 17 65 99 62 68 100 99 100
31 9 0 0 0 17 81 24 4 6 0 3 50 20 82 21 0 0 0 0 0 0 0 3 51 10 0 2 13 34 60 58 8 81 57 66 87 11 19 84 26 17 17 86 97 75 12 74 98 100 94 3 0 5 41 80 96 95 47 6 97 73 25 3 86 100 100 95 56 20 1 23 66 63 37 42 0 0 0 11 16 21 0 0 0 8 5 55 63 52 100 88 68 80 100 93
0 0 0 0 6 52 30 89 23 0 0 0 76 43 25 0 0 0 0 0 0 32 50 26 81 9 0 0 0 8 32 6 43 71 43 42 10 17 96 100 41 28 81 100 100 27 41 100 100 100 90 44 7 24 59 44 100 100 57 66 38 85 76 72 100 100 90 41 22 46 0 59 67 71 28 22 6 31 22 3 10 19 0 0 0 25 16 0 3 64 88 32 32 61 42 100
11 47 0 0 32 92 64 34 34 60 0 0 25 48 0 0 0 0 0 0 0 12 53 36 45 19 0 0 24 0 49 48 49 58 37 68 42 0 77 99 46 55 69 50 94 91 100 100 97 87 29 35 38 27 77 97 100 100 100 100 100 100 95 71 100 100 100 63 48 18 12 90 100 60 54 46 19 13 29 13 0 0 0 0 11 29 0 0 6 90 55 49 55 100 99 100
55 26 6 0 32 55 14 4 0 46 23 0 0 2 0 0 0 0 0 0 0 0 13 41 36 30 0 18 17 17 29 91 41 91 54 100 77 18 95 100 99 87 48 65 100 100 96 67 16 0 11 65 18 22 14 100 100 100 100 98 100 100 78 93 100 96 100 88 56 24 32 100 62 31 43 65 28 26 4 66 23 0 0 0 0 3 9 6 0 43 45 64 100 63 83 73
0 0 0 19 97 34 30 0 0 31 34 0 0 50 54 50 0 0 0 0 0 0 0 38 65 63 0 51 72 32 76 73 87 62 73 100 75 66 100 100 100 92 65 45 54 43 7 0 0 9 17 22 51 18 18 23 54 100 100 81 96 100 100 100 72 42 83 100 56 26 88 100 100 100 100 29 2 4 55 63 50 25 0 0 0 0 4 11 0 1 9 56 100 89 69 18
0 0 22 84 64 59 18 9 37 27 89 29 13 33 39 87 50 11 0 0 0 0 0 25 60 30 8 44 29 28 82 81 31 35 94 100 58 86 100 66 53 40 77 52 0 0 0 1 13 49 25 53 26 49 56 28 66 100 100 100 100 100 100 100 92 100 100 100 99 90 100 100 100 100 71 21 8 10 49 6 47 36 0 0 0 0 0 3 29 32 44 41 94 100 100 93
0 0 6 14 0 7 0 17 44 20 62 87 67 48 39 27 82 46 6 50 22 0 6 21 37 67 73 82 40 20 49 49 53 26 54 100 95 100 86 17 33 30 22 22 15 0 0 28 42 29 37 87 14 71 57 0 62 100 100 100 100 100 100 100 100 100 100 100 100 100 100 100 100 100 26 53 6 48 60 55 35 39 9 0 0 0 0 0 25 79 12 26 40 100 100 79
0 0 0 0 0 0 0 0 4 30 50 46 70 56 21 38 31 15 52 67 35 46 63 57 56 56 65 47 23 52 70 37 63 28 76 100 26 74 60 63 97 83 16 66 27 11 0 0 0 0 55 54 51 50 13 0 6 36 94 96 64 37 75 100 100 100 100 100 100 100 100 99 69 43 23 21 47 100 100 70 23 30 36 11 21 2 0 0 12 65 24 13 11 82 67 85
0 0 0 0 0 0 0 0 13 12 25 50 36 9 7 0 26 10 29 91 83 78 28 18 42 23 82 88 64 82 91 68 87 97 62 38 64 87 99 15 28 100 67 58 100 28 0 0 0 6 73 34 62 54 31 5 0 0 9 24 2 58 100 94 100 100 100 100 100 100 97 39 31 53 41 30 29 100 100 100 99 82 52 15 50 17 16 12 0 0 0 8 31 59 65 70
25 3 12 7 0 1 0 0 22 29 3 16 7 20 0 0 0 0 0 58 100 25 23 43 2 32 89 44 60 50 97 100 90 63 21 88 43 59 42 4 8 76 98 72 90 13 0 0 32 69 83 25 59 31 15 1 17 10 16 26 6 88 99 74 100 80 100 100 91 79 78 39 19 38 40 71 99 98 67 100 100 100 100 15 40 34 16 25 39 0 0 29 17 93 17 2
68 89 80 88 61 23 0 0 0 0 0 0 0 0 0 0 0 0 8 83 39 11 12 30 46 60 69 35 85 75 59 55 3 33 61 56 58 100 57 48 61 74 99 69 28 6 10 29 100 66 24 59 33 10 3 40 88 26 32 46 30 61 97 100 100 88 100 100 36 0 11 33 92 78 53 100 82 48 46 98 100 96 87 36 30 7 96 14 10 0 0 0 0 11 0 6
37 28 29 3 0 0 0 0 0 0 0 0 0 0 0 0 0 0 36 30 74 83 91 69 64 20 32 67 55 14 81 67 9 36 28 8 100 100 60 39 11 36 98 19 35 96 99 100 56 51 12 67 9 39 26 55 100 100 44 34 35 57 73 82 62 75 96 55 31 39 78 81 100 95 64 100 84 2 35 83 89 98 40 45 44 6 94 14 39 2 0 0 0 6 21 29
0 0 0 0 0 0 0 0 0 0 0 2 8 0 0 0 0 0 35 32 100 100 100 70 70 62 55 11 63 42 74 31 0 3 35 56 88 98 93 57 1 51 52 0 1 32 54 97 34 0 34 23 0 41 74 100 100 100 89 46 38 45 23 41 68 93 48 88 82 100 100 90 73 98 89 100 30 0 38 86 79 41 17 19 2 9 61 32 47 8 0 0 0 25 36 14
0 0 0 0 0 0 18 30 38 5 1 46 68 20 0 0 0 0 17 18 45 91 100 100 100 100 67 46 47 53 58 0 27 33 52 89 83 95 52 0 0 4 5 1 41 100 92 49 74 21 65 0 23 63 93 100 100 100 93 51 40 22 43 88 100 92 100 100 100 93 76 45 92 100 100 73 7 59 10 54 100 91 89 20 32 19 70 1 36 1 0 1 9 62 32 54
0 0 0 0 3 4 60 38 22 30 70 17 51 68 67 10 0 0 13 30 26 41 63 69 77 91 100 83 78 80 56 90 68 10 33 21 34 98 100 73 83 88 100 63 100 100 91 85 36 10 10 1 41 53 62 100 100 100 83 68 51 8 83 100 100 100 82 84 51 56 87 100 100 100 100 90 20 91 45 59 100 100 100 62 1 58 56 22 36 0 26 58 27 13 16 42
2 7 63 16 65 69 36 50 29 22 38 42 64 99 27 18 0 0 0 0 9 4 27 9 37 71 79 59 19 87 90 100 100 84 32 12 78 100 100 100 86 36 27 3 91 100 93 24 0 0 2 42 57 88 100 100 100 100 100 80 40 14 81 99 100 100 44 1 30 95 100 82 62 83 79 91 95 87 95 7 86 100 90 34 22 91 79 19 0 0 2 80 9 13 35 0
10 11 33 61 86 66 22 58 46 46 2 41 71 78 34 26 0 0 11 12 65 92 85 98 100 100 24 1 31 82 52 100 100 100 67 69 100 100 83 77 86 90 40 0 28 87 33 0 0 0 46 84 100 100 55 81 100 100 100 61 63 37 31 14 52 100 0 0 87 91 74 72 73 37 20 56 100 100 99 79 71 79 45 0 58 77 21 53 29 0 1 44 0 41 0 0
62 55 11 35 31 60 65 100 62 74 53 81 66 72 25 16 4 0 7 10 25 74 100 100 99 70 64 38 80 100 94 100 100 100 95 51 90 100 100 92 80 48 0 12 93 67 21 30 12 0 61 100 100 91 2 27 100 100 93 89 46 68 28 41 100 62 0 0 37 54 33 49 41 35 49 89 71 53 12 16 21 37 15 14 88 95 66 79 22 0 0 19 42 34 33 16
52 88 40 15 30 55 93 100 100 94 91 35 28 14 0 6 2 0 0 0 0 10 73 90 100 40 74 100 100 100 100 90 87 69 95 77 86 74 52 5 5 25 75 100 48 15 54 45 40 61 96 100 97 47 66 64 100 100 86 78 44 40 73 100 68 11 0 0 9 29 19 0 0 0 3 32 41 16 87 59 25 4 2 2 85 100 40 3 0 0 0 53 17 0 62 15
43 27 3 36 39 79 55 81 100 85 27 43 0 10 0 0 0 0 0 0 39 41 18 91 100 100 100 100 100 100 88 31 60 87 100 95 62 3 0 14 83 100 90 69 74 69 37 66 13 100 73 100 72 76 100 100 100 95 61 76 100 90 84 81 24 0 60 32 51 100 82 7 17 4 1 11 0 78 98 61 38 51 70 19 100 97 8 0 0 33 9 15 0 0 85 46
20 45 33 49 67 91 89 99 98 54 16 13 76 56 0 0 0 0 0 0 4 45 19 37 85 89 55 100 100 63 27 31 77 100 100 100 44 0 46 98 75 72 87 100 100 67 51 21 48 90 93 92 66 20 97 100 85 70 58 90 49 29 20 0 7 46 99 41 66 82 100 80 66 5 12 85 44 89 66 23 19 0 13 78 100 68 1 0 0 41 25 0 5 15 75 88
57 26 31 71 14 64 100 100 100 100 55 19 99 71 27 66 12 0 0 0 0 17 10 20 63 62 53 85 62 95 87 12 3 65 76 88 0 19 78 55 55 82 100 100 87 32 24 38 94 28 69 73 7 8 95 86 73 66 42 9 0 0 0 0 39 100 100 100 92 81 83 94 89 25 60 29 100 79 32 42 6 46 74 100 100 79 2 0 0 0 0 1 23 100 100 100
87 55 47 89 40 67 100 100 100 84 50 89 84 86 64 64 35 0 0 0 0 14 11 23 31 47 99 100 99 100 98 77 58 91 67 16 79 99 71 99 99 44 84 49 100 53 0 95 53 0 1 8 0 0 19 23 78 79 0 0 0 0 6 42 57 100 100 100 100 100 100 100 100 39 67 57 98 33 34 13 69 100 100 89 58 98 44 0 0 0 0 29 86 100 100 100
98 65 23 27 43 78 60 59 90 68 68 59 1 32 27 83 14 1 0 0 0 35 34 18 21 40 34 59 87 99 77 84 62 92 100 100 80 78 81 58 24 0 3 50 56 26 56 93 20 0 0 0 0 0 9 6 32 14 4 28 62 44 76 100 100 100 95 90 95 78 100 100 95 90 100 80 84 31 18 12 72 96 59 74 40 67 0 0 0 0 0 46 100 100 100 100
20 25 82 98 100 100 1 4 0 11 26 24 0 0 50 57 29 28 0 0 0 1 27 50 19 53 32 9 38 54 43 36 19 31 72 100 15 10 11 0 0 0 10 39 86 90 30 94 71 81 17 0 0 0 47 83 25 12 42 100 100 100 100 100 100 100 10 45 64 10 52 57 8 58 100 100 88 0 23 23 51 11 0 0 0 4 0 0 0 0 26 86 89 96 100 100
27 35 91 27 46 52 68 50 0 0 0 0 0 7 97 100 99 13 0 0 0 6 21 61 61 86 100 88 100 92 26 89 94 100 82 60 0 0 0 0 0 19 63 56 61 35 0 30 59 66 0 0 24 79 95 99 80 96 100 100 100 100 100 100 68 56 2 29 43 56 31 58 3 20 88 100 87 9 31 32 16 0 0 0 20 39 39 1 0 0 16 57 49 63 84 65
0 6 89 87 54 99 68 24 1 18 46 36 24 52 100 100 94 40 34 0 0 41 45 67 83 100 100 100 100 79 60 100 37 10 10 0 0 0 0 0 27 81 87 100 100 15 0 0 30 29 0 28 24 97 100 94 100 100 100 100 100 100 100 100 98 24 71 41 32 8 43 21 29 19 31 60 73 39 6 22 0 0 7 21 27 1 0 28 8 0 4 9 0 12 19 8
45 81 39 73 75 93 68 0 40 87 95 90 81 54 85 78 74 94 46 2 0 27 96 52 69 72 100 100 97 9 67 91 0 0 0 0 0 0 0 0 23 50 25 93 92 40 0 7 58 17 29 94 98 94 100 51 47 100 100 100 82 100 100 98 92 24 39 18 22 0 1 4 22 43 52 25 20 16 0 0 0 0 28 5 0 0 12 3 0 2 10 38 52 20 9 37
13 65 40 44 39 92 25 10 36 100 100 86 40 8 0 12 54 76 32 0 0 0 57 61 65 31 79 86 100 48 83 31 0 0 0 0 0 0 0 0 0 0 2 37 6 1 0 0 12 45 63 49 100 100 100 63 19 80 100 95 27 96 84 44 63 51 44 0 0 0 0 0 13 46 29 0 0 0 0 0 3 20 26 35 7 36 61 83 38 18 13 30 30 51 35 25
51 27 32 36 36 78 54 24 85 99 81 12 0 33 83 95 40 35 0 0 20 26 1 49 97 55 67 32 30 39 16 0 0 15 5 0 0 0 12 32 0 0 0 0 0 0 0 0 41 93 100 100 100 100 92 33 35 35 100 79 0 60 13 11 54 94 77 1 9 0 0 0 14 79 2 0 0 0 0 2 11 25 61 82 78 100 96 73 32 57 54 87 47 49 1 31
62 41 41 29 66 30 56 92 100 100 99 11 0 1 84 100 100 70 55 69 29 12 77 27 8 95 73 17 0 0 0 0 0 48 53 39 0 4 38 36 52 3 0 0 0 0 25 69 68 85 100 100 100 97 66 21 56 41 40 10 0 69 44 1 50 66 25 9 33 10 3 7 43 60 42 17 4 24 4 35 67 59 87 89 100 100 100 25 62 75 67 100 100 93 65 83
84 87 81 70 42 28 49 46 40 92 97 13 0 2 24 61 92 73 95 100 99 13 27 61 0 56 1 4 10 23 22 40 45 94 92 4 0 1 88 92 93 27 0 0 0 0 0 9 38 61 100 96 73 92 97 65 69 57 58 7 29 0 37 27 49 19 50 62 49 80 55 60 95 94 75 18 29 32 26 30 4 1 0 7 54 99 100 100 95 55 55 91 100 100 100 100
70 86 84 100 96 58 38 79 84 84 27 0 0 0 0 9 24 42 95 100 100 67 13 74 1 30 32 67 98 100 91 92 100 99 26 0 0 6 59 100 89 50 20 0 0 41 18 0 40 78 99 88 39 70 100 73 77 75 30 0 6 0 37 30 67 61 60 13 0 20 40 40 100 61 20 3 3 37 6 12 0 0 65 30 6 88 100 82 11 34 35 56 100 100 100 100
38 98 99 67 8 0 62 49 56 13 0 0 0 2 22 10 4 62 100 100 99 52 8 19 0 17 67 100 100 79 19 57 100 97 26 9 52 88 78 100 100 53 3 16 12 62 88 66 77 94 68 85 29 75 59 40 45 34 26 0 31 40 54 12 11 73 60 24 18 30 8 15 34 84 14 0 0 14 52 12 0 0 23 14 9 45 89 77 70 43 25 58 100 100 100 96
91 72 34 0 0 0 31 0 0 10 47 28 0 9 72 62 28 64 100 85 52 9 0 3 18 15 35 61 28 59 46 78 60 100 25 0 73 100 100 100 100 38 33 85 82 94 88 83 76 55 30 13 34 61 44 20 38 40 30 47 37 20 4 52 58 84 21 62 67 70 37 27 22 100 22 20 0 40 65 4 0 0 24 11 22 39 87 55 100 97 89 48 83 99 22 9
15 0 0 3 0 0 0 36 64 86 100 57 6 20 95 98 92 100 98 42 16 19 50 19 46 30 20 23 40 89 77 26 35 100 69 25 71 74 83 98 71 88 59 100 93 61 29 3 3 67 19 0 1 17 31 34 7 26 80 95 52 58 65 67 27 40 80 17 22 62 26 81 72 100 99 25 0 45 100 74 7 0 0 0 4 27 68 89 98 72 12 41 61 90 8 22
