data/habitatmaps/RS_maps/habitat_Prunella.modularis_2011.asc
NCOLS 369 
NROWS 228 
XLLCORNER 479000 
YLLCORNER 73000 
CELLSIZE 1000 
NODATA_value -9 
[rows 118 to 176 of 228, columns 192 to 287 of 369]
63 86 79 65 39 36 88 34 18 0 0 0 0 0 0 0 0 5 54 28 34 33 87 26 99 39 0 18 15 42 85 100 96 62 6 0 0 0 50 72 53 0 0 0 0 0 0 0 0 11 31 77 64 34 3 27 23 25 70 70 56 44 62 36 31 28 14 39 60 79 60 62 56 65 80 97 99 94 100 88 100 97 32 60 96 69 98 75 89 53 18 44 36 81 77 95
14 78 87 67 0 0 24 0 0 0 0 0 0 0 0 0 0 6 15 46 51 48 85 33 93 100 77 40 39 73 99 82 74 97 26 0 0 33 66 50 45 0 2 13 0 12 29 19 48 96 84 16 64 15 41 60 45 44 68 47 50 55 46 18 45 20 14 76 44 61 92 78 84 27 75 100 100 88 100 100 74 73 64 85 91 100 78 11 45 71 73 42 17 80 63 66
55 31 11 0 0 0 0 0 0 0 6 1 0 0 8 11 0 2 41 38 90 92 95 56 43 85 64 39 76 53 54 9 13 98 17 0 0 48 56 70 59 2 28 73 36 5 7 36 100 66 95 78 59 13 56 80 62 60 70 53 52 64 96 48 28 16 79 50 83 33 30 57 94 87 67 80 100 63 88 96 61 56 10 56 78 62 77 38 86 78 44 19 39 77 2 3
0 0 0 0 0 0 0 0 0 7 41 7 0 0 19 54 0 5 57 87 100 81 50 81 54 69 80 76 65 26 0 0 8 94 1 0 6 13 21 42 100 41 38 86 67 53 71 89 93 36 78 13 53 62 68 66 93 46 27 24 48 79 46 33 73 60 21 93 95 65 12 31 76 63 14 93 100 77 96 43 73 69 1 82 96 72 48 86 98 80 13 44 68 33 0 18
0 15 48 27 0 0 0 61 57 54 33 25 39 2 18 62 34 7 75 75 51 82 89 42 0 12 74 76 0 0 0 0 9 47 3 4 53 0 0 48 100 66 18 49 74 79 76 12 11 12 67 82 63 56 41 22 4 2 73 30 3 6 16 53 100 92 49 76 69 55 45 58 77 46 58 100 99 39 44 33 34 41 9 37 77 97 75 100 95 65 30 83 84 8 0 0
60 62 45 4 0 0 0 82 56 71 55 47 59 84 59 0 14 43 57 27 50 98 37 2 0 1 80 32 0 0 0 0 0 0 0 19 1 3 73 70 100 78 96 72 31 13 5 56 65 69 100 80 90 32 65 74 81 10 14 27 57 30 25 21 64 83 61 80 80 20 0 31 85 82 100 93 49 0 16 22 82 31 28 17 99 75 40 54 46 59 28 60 65 45 43 0
54 97 96 31 0 0 15 52 14 48 27 27 9 29 73 74 29 18 48 76 84 58 0 0 0 0 29 9 0 0 0 0 0 0 0 0 4 81 49 84 100 87 27 2 0 40 92 100 100 100 100 93 100 95 99 92 90 68 33 84 21 0 0 15 88 28 78 45 18 15 7 87 96 86 100 50 0 0 37 7 27 15 35 8 83 47 45 46 39 60 46 32 72 84 44 0
33 37 59 41 72 85 43 22 0 0 2 17 34 45 26 15 46 6 92 64 100 13 0 0 5 2 24 7 0 6 42 0 0 0 16 51 64 92 100 100 69 73 55 45 53 97 94 65 98 100 61 65 72 93 71 28 51 54 88 16 11 0 5 45 43 57 57 99 95 83 87 78 39 50 99 65 0 0 38 44 21 17 37 1 64 98 77 48 66 39 46 64 66 7 5 5
18 26 35 12 56 19 16 0 0 0 0 0 34 80 52 60 96 83 58 96 43 9 0 0 8 60 81 35 0 56 41 0 3 77 100 53 84 67 36 67 91 97 46 100 87 100 68 42 34 71 47 94 62 79 55 42 31 74 24 0 0 0 53 62 57 68 100 63 10 17 88 69 42 77 48 16 0 15 33 42 39 41 33 7 50 100 66 62 72 66 62 87 58 0 19 47
0 0 0 0 2 0 0 0 0 0 0 0 0 0 0 14 63 62 52 28 0 25 0 0 0 3 4 3 0 73 57 3 37 79 58 92 77 32 67 100 86 97 92 58 73 97 94 20 42 63 11 57 46 82 72 91 100 79 3 0 0 21 53 30 86 100 100 81 56 42 100 73 33 97 59 0 0 0 0 0 24 30 43 72 62 74 97 82 39 30 78 80 71 6 19 54
10 0 0 0 0 0 0 0 0 17 0 0 0 0 11 57 70 45 72 65 0 3 44 0 0 0 0 54 38 44 84 52 71 39 53 46 1 90 100 17 39 48 54 82 72 94 96 43 4 20 3 26 56 56 90 92 32 33 12 48 48 46 38 73 88 87 100 94 34 58 100 70 30 89 8 39 27 23 8 59 96 100 92 63 100 100 100 96 29 54 86 20 82 59 35 66
22 0 0 0 0 0 0 0 0 77 48 0 0 0 14 1 55 62 78 54 0 0 8 0 0 0 1 57 51 63 52 51 92 56 76 4 57 89 72 92 68 51 37 35 78 52 89 73 5 0 6 81 85 63 93 79 93 46 14 65 86 67 54 72 56 71 88 71 39 90 69 54 63 97 70 73 74 100 100 100 100 100 65 99 100 83 48 72 96 57 39 34 37 82 64 80
38 0 0 0 0 0 0 0 0 38 80 13 19 40 49 1 55 65 56 16 3 0 0 2 21 56 87 81 25 45 16 30 18 70 47 57 78 23 40 65 36 0 11 66 10 44 73 91 66 3 19 46 80 39 23 75 90 31 62 79 100 100 73 84 54 81 73 54 98 86 19 96 54 38 87 23 82 100 100 100 100 100 97 100 100 51 76 100 100 73 83 74 33 31 52 81
2 0 0 0 8 24 0 0 0 6 38 40 85 100 100 96 75 46 42 45 10 0 4 55 100 98 97 32 11 20 66 47 56 98 100 97 37 39 39 66 65 0 16 13 0 8 71 98 62 16 83 100 65 62 80 90 60 24 83 86 48 100 98 68 77 79 69 47 78 56 31 59 33 25 24 3 23 46 100 99 58 71 100 100 100 33 88 97 88 41 39 62 26 40 55 70
0 0 0 0 28 27 0 20 7 9 6 56 88 93 90 88 44 46 11 8 33 70 70 96 100 100 93 43 45 27 92 98 61 73 68 83 76 40 49 75 68 3 0 1 9 52 95 96 9 1 8 39 39 85 74 8 58 90 53 34 21 98 100 96 40 10 18 50 44 46 52 15 1 83 48 0 36 97 69 30 61 1 85 98 92 69 77 80 64 84 34 12 77 100 100 100
0 0 0 0 0 0 50 54 71 84 61 74 66 48 52 12 5 15 49 78 70 41 43 100 90 35 15 10 20 68 85 45 43 1 36 68 41 78 52 56 32 6 8 9 20 17 38 54 64 9 22 99 95 65 9 50 75 67 27 18 42 63 100 89 70 86 24 81 50 44 14 7 29 78 47 47 76 92 2 43 67 19 28 73 100 98 100 100 91 85 100 39 93 100 89 82
0 0 0 0 0 0 1 30 7 8 24 22 5 0 0 20 5 36 32 28 37 51 40 80 8 48 56 51 64 92 82 48 93 42 30 80 59 88 49 5 26 8 1 0 0 0 0 14 77 6 39 86 92 39 35 98 43 6 6 22 64 78 100 93 51 68 73 82 16 6 41 0 2 25 41 100 89 32 57 71 21 0 43 100 97 43 39 100 87 61 98 89 39 98 98 46
0 0 0 0 0 0 1 0 2 0 0 0 0 6 40 68 2 2 0 46 87 3 73 87 72 25 41 1 0 61 46 45 53 44 57 28 45 21 0 0 0 0 0 0 0 0 0 0 4 49 51 98 76 32 94 68 10 0 0 2 68 59 44 84 24 13 41 78 6 2 9 0 37 100 100 75 74 17 18 45 34 34 86 64 34 91 14 93 43 4 53 95 8 62 100 66
0 0 0 0 0 0 0 0 0 0 0 18 30 89 84 22 6 32 23 13 96 44 1 53 89 67 10 10 63 93 22 37 4 58 42 1 82 0 0 0 0 0 1 1 0 0 6 19 75 50 54 59 57 93 91 39 12 1 22 72 97 56 22 59 93 28 26 78 30 0 10 0 41 89 100 90 16 32 85 97 65 6 88 71 61 74 21 67 58 8 70 57 4 28 99 91
0 0 0 0 0 0 0 0 22 24 45 83 74 32 8 20 21 49 17 31 57 67 55 78 97 49 22 3 12 88 10 0 0 40 73 3 46 1 0 0 0 0 1 9 0 0 21 82 90 34 4 49 49 99 68 19 0 13 96 100 37 17 25 61 54 98 64 56 21 16 10 7 29 44 27 18 26 16 20 73 77 29 100 86 96 36 0 80 100 98 100 79 3 0 82 100
0 0 0 0 0 0 0 3 78 99 72 33 2 5 63 54 34 23 0 0 44 84 80 49 88 22 44 40 54 64 2 0 1 81 57 0 32 16 3 0 0 0 35 69 2 0 7 77 97 16 0 1 32 56 11 6 13 52 39 27 45 90 59 82 79 78 36 81 98 67 10 0 0 0 19 72 50 84 65 99 63 64 88 40 54 97 9 74 62 68 90 99 23 0 22 94
0 0 0 0 0 0 2 9 100 50 4 8 6 37 92 37 18 0 0 0 21 98 65 47 55 1 51 6 30 13 0 0 76 87 13 0 4 15 60 26 0 0 50 100 14 50 16 68 100 45 1 0 0 6 5 0 0 10 17 73 84 58 96 41 84 62 50 79 20 10 0 0 0 0 9 93 100 98 40 100 89 90 84 28 28 34 45 78 20 21 52 97 73 24 28 65
0 0 0 0 0 17 80 96 97 79 23 59 1 21 66 13 73 10 0 11 98 88 75 64 4 0 4 0 20 1 25 37 81 36 0 0 0 0 0 0 0 24 97 89 40 67 89 88 70 42 6 0 0 0 0 0 46 19 54 52 47 95 57 20 61 53 69 16 49 64 41 12 0 0 0 48 95 58 42 98 96 99 76 60 62 73 54 27 2 55 99 32 68 99 98 30
0 0 0 4 60 95 68 65 54 77 51 14 30 53 55 6 25 32 0 0 46 96 51 12 0 0 0 0 0 4 69 97 54 2 0 0 0 0 1 8 34 70 68 69 100 100 96 79 100 57 0 6 0 0 1 38 66 34 58 79 51 81 44 5 63 38 0 36 30 11 24 56 51 4 37 68 6 76 97 91 98 100 99 61 61 72 11 0 37 97 60 49 89 32 90 96
29 50 39 57 78 28 72 53 78 70 47 0 19 72 74 81 21 25 5 0 15 39 31 70 2 3 0 0 2 0 8 77 12 61 20 0 0 0 54 52 84 94 87 43 87 71 29 81 92 4 0 38 62 32 31 57 17 72 66 31 1 8 14 46 10 12 62 36 89 71 78 35 39 45 76 80 88 88 100 88 89 83 55 99 40 0 1 12 94 86 12 87 28 58 94 90
41 41 98 66 50 28 59 94 73 82 15 36 65 25 62 18 45 45 55 11 59 86 97 85 17 29 65 43 48 43 66 85 66 100 48 0 6 24 60 86 98 54 71 33 92 84 67 17 11 0 1 47 17 47 23 3 64 24 37 24 63 38 32 58 40 92 100 100 68 89 69 64 17 22 91 89 45 21 48 14 31 95 98 71 90 63 33 64 97 41 7 23 6 80 78 62
60 74 36 24 6 88 98 71 17 86 52 18 1 0 2 44 81 89 62 96 98 100 94 86 99 88 82 38 18 38 86 55 88 100 95 79 69 71 57 80 100 100 97 94 68 87 88 1 0 0 1 54 2 0 1 3 30 0 0 40 18 1 85 93 100 100 78 40 63 77 48 82 66 92 57 40 1 6 12 28 4 79 66 21 35 44 48 96 32 16 14 10 0 15 71 95
100 69 1 0 4 18 42 43 1 14 24 0 0 0 21 97 100 100 100 100 89 100 100 98 74 60 81 97 100 100 36 3 55 95 96 88 74 74 100 100 51 80 94 81 65 90 87 36 1 0 0 9 0 0 0 17 27 0 0 0 0 13 100 71 94 78 9 8 89 91 97 61 53 50 55 0 0 7 1 0 24 83 29 0 0 22 16 68 9 40 36 5 0 13 90 99
100 94 100 30 16 4 0 0 0 0 0 0 0 50 74 70 94 88 81 86 79 94 100 54 61 87 62 63 100 100 100 95 89 88 98 94 98 100 88 100 75 82 67 26 90 73 74 88 9 0 0 0 0 0 36 43 24 0 0 0 6 68 59 26 66 69 80 46 37 19 92 96 73 16 27 0 0 2 0 0 69 97 66 35 25 3 0 68 20 85 29 0 5 85 98 58
100 66 90 48 79 25 0 0 0 0 15 74 78 100 100 100 88 29 8 31 27 94 94 94 80 91 100 83 76 30 32 38 44 40 60 69 94 96 88 92 97 81 90 100 59 87 61 46 89 52 0 0 0 0 5 63 60 2 0 23 44 58 23 10 25 83 93 90 94 69 66 94 45 68 79 26 0 0 0 0 72 75 78 98 98 83 33 3 23 29 0 2 67 65 99 100
68 96 89 86 38 0 0 0 0 5 80 93 82 52 61 67 90 91 85 58 64 82 82 75 54 57 60 92 91 88 51 16 0 10 0 2 47 87 49 85 84 93 100 100 84 81 94 60 93 49 0 0 0 0 0 1 1 0 8 80 46 43 36 63 68 65 17 37 95 71 29 16 0 34 72 0 0 0 0 0 74 28 2 64 97 90 73 38 44 6 0 13 61 44 15 40
87 81 66 55 8 0 0 0 2 22 93 46 53 77 96 98 90 46 20 13 79 69 70 96 68 39 20 30 33 92 92 82 63 97 42 25 8 26 14 29 16 43 100 100 91 67 98 86 93 52 0 0 0 2 4 0 13 21 62 46 61 89 52 100 25 3 12 55 36 36 0 0 0 3 63 0 0 0 17 53 67 0 6 82 73 76 44 14 0 0 39 48 51 9 53 3
42 8 0 0 0 0 0 0 18 77 48 85 96 91 73 30 11 3 34 16 44 56 95 78 100 100 98 68 51 94 100 81 74 75 100 88 87 53 70 42 72 100 95 91 75 53 100 94 90 32 0 0 0 0 0 0 27 56 23 0 0 14 22 92 18 83 83 6 80 16 0 6 24 49 99 51 25 0 52 94 82 0 13 81 61 69 70 77 9 0 0 0 0 18 57 0
82 1 0 0 0 0 0 4 83 90 81 82 26 49 65 2 29 74 92 97 41 8 26 11 45 64 64 96 65 76 90 77 84 96 97 49 99 100 52 97 100 95 94 90 42 63 99 89 70 8 0 2 0 0 0 0 0 0 0 0 0 48 52 98 95 23 3 2 57 17 0 24 49 60 34 3 51 12 11 68 22 0 4 60 47 98 53 46 97 40 0 0 0 10 6 3
56 52 0 0 0 5 23 77 78 35 40 48 0 50 42 8 33 46 62 92 93 84 18 0 1 3 10 36 99 74 52 70 64 57 71 73 79 100 85 98 99 93 96 39 45 95 89 26 3 4 40 29 0 0 0 0 0 0 0 0 8 43 20 53 87 1 0 0 21 0 0 0 22 56 68 43 95 76 12 13 0 0 9 48 24 100 75 57 46 72 47 15 0 0 0 0
70 91 5 64 89 69 95 98 61 34 0 0 0 0 0 0 0 0 0 34 85 76 94 43 4 0 7 37 66 100 90 44 77 55 35 93 96 100 100 100 90 95 98 39 57 100 71 0 0 16 94 89 38 13 46 19 0 2 29 0 0 39 28 49 96 31 0 0 0 0 0 5 26 88 74 100 100 55 2 0 1 10 54 21 27 88 26 4 30 12 70 82 6 0 0 0
92 54 4 51 91 58 27 26 14 0 0 0 0 0 0 0 0 0 0 0 54 61 61 78 57 61 24 1 15 76 86 99 100 98 86 57 100 100 100 54 44 87 79 42 55 100 72 46 0 4 16 99 99 92 54 46 0 20 63 0 11 67 69 69 86 44 1 0 0 0 20 25 77 100 76 100 100 85 35 0 0 10 55 8 53 88 14 4 10 7 0 50 88 60 17 3
8 0 0 0 2 11 45 69 0 0 0 4 13 1 0 0 0 8 1 0 0 37 58 84 96 45 2 0 21 84 87 100 100 100 99 83 99 100 85 72 4 61 97 54 59 100 100 100 53 1 23 93 92 66 18 0 3 58 12 0 7 65 67 77 100 56 1 0 9 9 97 96 100 100 58 100 90 95 17 0 3 17 40 8 38 57 46 53 7 10 13 7 8 19 67 0
6 3 0 4 16 47 38 4 0 0 4 86 65 4 0 75 34 82 61 0 74 72 85 65 65 3 0 20 76 100 98 97 99 97 99 95 98 100 88 99 21 30 100 100 88 74 100 99 91 74 91 100 98 93 60 0 15 52 8 2 5 42 66 93 100 70 26 0 32 72 100 100 99 72 70 89 69 98 79 18 5 35 42 10 10 43 44 18 3 10 87 56 8 40 52 16
23 79 18 15 46 45 15 3 0 0 13 66 66 3 0 74 77 93 89 18 68 98 94 97 81 1 0 0 0 45 26 25 19 55 96 96 64 87 100 100 92 57 100 100 98 88 65 96 92 85 77 100 99 87 59 22 25 54 62 58 28 6 28 99 99 97 97 26 30 0 55 98 98 95 82 80 100 100 67 30 8 41 31 11 0 50 12 67 15 16 96 52 6 27 78 40
17 74 86 68 91 39 15 1 0 0 0 23 78 36 5 86 100 100 100 76 72 99 88 82 89 2 3 3 0 0 0 0 0 72 99 97 99 98 100 97 87 100 97 100 76 83 63 100 64 87 93 100 100 97 92 70 25 61 84 96 37 0 10 87 96 70 69 97 80 63 9 53 38 68 51 77 97 100 37 0 0 18 68 11 0 18 41 13 70 5 100 65 3 0 19 5
4 7 37 64 67 15 10 0 0 0 0 57 88 59 90 18 24 94 83 93 79 100 100 95 63 24 78 48 16 0 33 24 72 100 98 85 72 69 100 72 75 66 93 93 75 83 63 49 98 100 100 100 97 76 46 6 19 20 56 87 42 0 2 8 65 100 47 76 96 98 24 10 71 97 100 60 66 75 76 33 26 8 50 18 1 8 18 16 56 8 100 61 2 0 0 0
3 31 12 50 38 16 3 0 0 4 29 91 97 100 46 2 17 61 92 69 99 100 100 69 4 48 77 57 24 1 44 92 92 100 92 94 100 100 93 54 97 60 100 95 64 79 62 4 95 100 84 70 88 96 50 3 0 11 91 96 56 34 39 8 89 96 45 58 92 60 1 21 40 37 93 96 52 88 88 38 20 2 11 16 4 0 25 57 49 11 81 69 0 0 5 35
10 18 13 22 82 56 2 0 0 68 80 83 96 100 97 62 2 26 88 89 100 100 84 100 83 86 98 93 8 0 1 34 53 86 71 87 93 100 100 45 59 66 100 100 86 96 97 16 100 100 93 91 28 26 25 0 16 71 100 98 98 80 30 7 83 99 40 74 91 52 0 0 20 92 100 100 72 77 2 0 0 0 1 11 1 0 52 78 65 36 12 15 0 0 24 60
4 0 11 60 93 26 7 5 0 39 4 53 91 100 100 64 0 16 30 61 100 100 75 94 100 100 62 8 2 54 62 59 46 55 0 52 93 83 98 100 57 71 100 100 100 100 94 96 98 100 100 100 98 66 16 3 47 63 100 91 24 5 0 4 72 98 58 86 98 58 0 0 0 26 93 100 92 55 24 6 0 0 2 2 0 2 11 1 0 9 0 0 0 0 0 31
14 3 3 54 52 93 45 1 6 0 1 70 93 100 100 54 33 1 10 12 69 100 80 73 95 100 63 8 7 87 96 99 100 87 33 12 30 40 87 99 100 69 39 94 100 100 62 82 100 100 100 100 100 100 100 80 49 63 91 86 64 0 0 32 99 100 100 100 95 19 0 0 0 0 40 77 55 63 82 62 31 0 0 1 4 0 0 0 0 0 0 0 0 3 15 38
11 13 28 88 62 98 37 2 0 0 17 36 100 100 100 100 100 75 87 23 82 100 84 98 88 95 82 2 1 5 38 58 89 60 95 4 39 60 87 98 100 100 70 24 74 97 32 96 100 88 61 94 99 94 62 8 54 82 57 82 79 9 9 74 100 98 82 100 95 22 0 0 0 0 17 60 82 93 100 86 45 7 6 14 20 8 0 21 37 6 41 76 77 92 100 77
3 0 15 84 55 85 84 6 0 20 96 76 100 100 100 100 100 100 87 93 99 99 80 99 69 8 53 25 84 99 85 61 100 80 88 18 10 7 45 85 100 100 100 91 52 15 2 100 100 53 6 84 100 85 24 14 15 72 70 89 95 36 32 69 100 95 58 100 99 83 10 0 2 70 77 80 100 100 100 42 28 50 69 66 69 24 36 63 91 80 96 92 98 100 100 100
10 0 0 51 78 70 65 2 0 2 66 100 100 88 72 98 100 100 97 92 95 98 94 80 16 0 0 6 82 100 100 100 99 100 57 10 9 3 43 27 83 100 100 100 100 51 1 88 100 91 28 50 40 6 0 0 18 75 81 100 74 29 90 97 100 71 79 100 100 100 49 0 13 98 100 100 100 90 100 100 100 100 100 93 91 71 93 74 99 85 62 72 70 65 41 64
16 7 8 46 77 66 48 0 0 0 8 42 21 8 70 88 97 100 76 99 100 100 98 94 53 5 19 2 65 95 100 100 62 92 98 86 61 5 2 87 100 100 100 100 100 100 28 75 100 69 13 16 6 2 0 32 80 92 88 100 64 36 79 99 100 91 100 100 100 53 85 13 0 69 89 100 100 81 100 100 97 93 98 100 100 98 90 86 74 70 69 51 86 98 98 98
60 57 71 96 76 100 29 3 0 4 0 2 4 57 2 21 89 100 66 100 100 100 98 78 60 27 65 1 18 8 71 91 100 66 100 96 86 26 50 99 100 100 73 78 100 100 43 62 100 94 93 100 83 12 0 11 78 98 63 100 100 41 90 100 86 62 100 100 52 70 37 38 0 2 24 100 100 100 94 70 38 52 31 55 65 60 68 77 96 100 100 100 98 100 92 34
67 100 78 75 90 100 64 8 39 74 80 79 97 100 53 12 96 100 74 100 100 100 84 8 0 31 85 50 54 12 2 29 91 85 100 67 19 43 62 89 90 74 36 96 100 100 47 80 100 100 100 96 63 2 0 1 76 98 77 100 35 5 55 100 47 80 100 100 100 70 0 0 4 71 78 100 100 100 49 8 82 100 100 100 98 81 96 92 69 97 98 61 76 96 75 44
41 88 90 75 79 49 28 64 100 53 79 93 100 100 100 97 100 100 71 100 97 72 18 8 0 44 86 95 100 91 21 17 85 73 100 90 51 30 75 53 51 33 87 99 99 100 74 53 96 100 100 100 96 13 0 10 90 91 88 82 1 8 80 90 43 100 100 100 100 90 36 4 18 87 100 100 100 97 20 35 100 100 100 100 100 97 89 57 74 70 42 0 13 44 39 2
93 82 100 79 4 7 60 100 99 83 61 100 100 78 99 100 100 97 48 100 100 100 94 50 54 10 57 88 100 100 94 78 100 65 100 90 26 86 48 18 33 30 6 47 79 100 90 47 78 100 100 97 25 4 1 43 99 99 57 81 35 85 99 58 75 100 100 100 90 32 30 14 84 98 100 100 100 44 1 68 100 100 100 96 38 69 57 0 0 0 0 0 0 0 0 0
77 92 100 80 7 1 26 93 86 100 76 100 100 97 99 100 100 100 96 45 97 100 99 78 96 43 74 48 73 97 100 100 96 69 98 49 24 72 27 35 69 23 50 81 100 98 96 31 48 100 100 66 0 1 8 77 100 96 62 100 95 100 79 65 94 94 68 97 17 5 0 54 99 100 100 100 79 9 4 80 100 100 100 92 14 8 7 0 0 2 32 33 0 0 0 0
85 70 73 7 2 9 16 72 98 84 83 100 100 100 99 100 100 100 100 69 45 79 97 100 100 100 99 89 24 77 83 100 71 84 80 3 78 99 29 92 76 1 83 100 100 100 100 55 29 99 100 97 58 15 54 91 100 100 100 100 97 98 69 94 97 31 24 83 32 3 16 34 91 100 100 100 100 28 0 34 100 100 96 62 17 26 13 2 4 24 97 25 0 0 5 1
100 76 17 10 33 51 95 100 96 37 86 99 100 100 92 77 80 88 100 100 100 91 60 91 100 100 94 98 100 30 36 96 100 79 89 52 47 93 48 99 34 0 39 93 100 100 100 65 61 54 100 100 100 40 58 100 100 100 100 100 93 99 62 100 81 16 2 42 5 14 100 100 100 100 100 100 100 87 0 19 97 100 100 66 43 100 88 81 72 87 97 7 3 14 16 2
100 97 27 16 88 100 100 100 60 100 42 36 57 88 79 49 27 98 100 100 100 100 100 56 76 100 100 100 100 64 20 81 100 97 98 58 58 100 100 96 37 25 22 92 99 100 100 100 39 57 92 100 98 47 49 100 82 100 99 98 94 71 68 100 100 100 41 3 0 92 100 100 82 97 100 100 100 100 4 0 47 100 64 91 100 85 48 73 100 100 86 6 2 15 42 0
100 100 13 31 100 99 82 87 96 85 19 0 0 20 2 64 65 61 85 94 64 98 100 99 50 98 100 100 100 100 98 8 56 100 100 96 79 100 100 100 96 22 22 75 96 100 100 100 79 25 31 100 100 90 92 100 94 98 90 73 85 48 100 100 100 100 86 15 12 100 100 88 85 93 98 97 100 100 40 0 0 58 98 100 82 34 68 77 63 73 52 0 8 32 72 14
