data/habitatmaps/RS_maps/habitat_Fringilla.coelebs_2019.asc
NCOLS 369 
NROWS 228 
XLLCORNER 479000 
YLLCORNER 73000 
CELLSIZE 1000 
NODATA_value -9 
[rows 62 to 123 of 228, columns 192 to 287 of 369]
24 56 68 87 14 48 60 65 34 92 84 43 87 64 90 3 5 87 55 6 33 84 75 48 36 24 0 31 32 0 0 10 28 53 8 1 45 36 26 19 29 38 30 56 52 29 15 14 75 78 71 25 35 47 84 71 25 52 53 35 24 43 21 52 57 46 24 70 57 74 77 49 57 99 75 32 43 12 55 56 49 35 85 13 30 87 34 7 61 46 58 30 9 15 0 76
14 19 10 29 40 75 88 25 34 46 84 65 83 96 100 43 0 23 99 11 19 5 35 62 23 27 0 17 49 36 14 0 31 6 28 25 30 54 23 32 80 51 35 34 40 17 26 54 66 43 15 10 53 32 32 32 36 12 6 47 57 75 44 78 66 28 43 60 63 61 22 45 42 20 1 14 0 7 46 30 29 55 55 31 86 58 18 26 73 31 74 40 18 26 31 80
1 47 67 45 2 44 44 47 87 34 33 57 66 81 97 71 0 0 32 44 73 33 27 29 28 47 52 7 30 38 30 12 6 31 7 48 60 60 46 56 52 42 20 20 32 43 51 45 16 18 27 29 20 16 39 20 75 27 34 38 60 64 35 72 69 60 63 74 80 76 61 41 0 0 0 0 0 0 0 5 37 26 27 98 91 52 1 28 19 41 78 69 64 63 56 96
0 28 7 45 25 0 50 61 30 24 24 67 100 93 99 76 42 0 0 5 38 75 82 84 62 62 59 2 21 15 10 3 20 65 65 87 80 56 83 55 32 68 41 39 10 27 5 25 16 20 28 46 78 47 56 48 63 58 44 18 14 38 49 59 38 55 74 63 78 100 32 7 0 0 0 0 0 0 0 29 0 22 90 75 66 19 8 18 0 17 95 100 100 100 87 70
27 28 42 76 27 0 19 55 20 8 18 60 100 100 94 39 100 74 21 0 0 0 23 73 89 25 45 44 43 34 40 59 50 0 65 59 61 38 61 37 25 41 32 15 23 25 25 21 16 16 83 100 95 62 68 60 19 16 18 40 26 7 31 42 16 8 52 58 49 39 10 0 0 0 0 0 0 0 0 3 44 82 79 18 76 63 33 40 0 33 50 99 99 83 100 69
4 8 20 48 8 35 84 18 22 21 34 51 59 79 100 32 57 89 35 34 35 1 0 2 50 60 78 14 34 50 94 5 9 6 40 94 78 47 36 39 32 64 22 38 46 57 30 26 6 25 91 99 70 69 81 33 37 37 45 33 29 2 0 17 16 57 36 46 60 1 0 0 0 0 0 0 0 0 0 54 84 19 20 0 35 28 59 63 57 74 89 83 69 98 99 69
14 0 43 51 69 9 13 16 25 19 44 32 50 30 99 69 0 34 42 27 54 39 0 0 0 20 77 68 51 43 27 0 24 87 32 95 74 62 6 36 48 55 27 42 68 83 30 35 33 41 44 72 84 79 46 48 71 33 59 15 0 12 26 32 35 48 20 0 14 0 0 19 18 0 0 0 0 0 44 81 62 35 1 0 3 35 55 62 90 34 16 86 72 43 26 61
27 9 1 32 12 25 50 36 0 14 36 0 11 32 73 80 8 17 20 0 10 81 27 0 0 0 0 13 13 7 0 0 0 56 79 67 0 0 4 30 25 29 34 47 7 51 80 14 2 25 30 45 66 37 25 34 83 51 59 38 29 19 45 2 51 28 7 0 0 0 43 68 70 15 44 26 0 48 89 93 10 4 0 0 26 59 60 60 96 5 62 81 70 41 70 65
25 22 0 8 17 9 34 23 30 7 26 12 18 18 23 55 1 29 44 0 0 10 90 46 0 0 0 0 0 0 0 0 0 26 79 0 0 0 0 0 0 6 34 54 39 0 3 22 43 58 23 61 44 55 60 55 64 83 60 62 61 23 13 37 25 22 0 9 45 52 24 36 12 56 55 39 3 30 22 32 34 28 0 0 41 37 65 29 37 68 100 94 82 99 78 75
56 17 20 28 1 2 2 0 59 67 20 22 55 57 58 56 19 19 2 0 0 0 4 58 62 1 0 4 0 0 0 7 16 0 6 0 0 0 20 30 65 57 72 38 0 0 0 15 24 26 51 37 73 96 96 45 51 57 38 59 85 82 28 24 13 64 76 55 11 0 37 42 51 46 34 22 35 16 81 7 45 19 0 6 42 4 4 2 73 100 100 95 100 100 61 56
33 20 26 50 40 10 14 31 43 22 66 67 66 81 40 55 22 42 2 0 0 0 0 60 77 52 36 63 70 47 58 33 7 0 0 13 49 7 52 28 16 0 27 5 0 0 0 46 20 2 53 52 56 86 74 39 10 35 26 65 50 17 1 0 5 49 63 40 37 36 43 11 0 43 93 94 76 47 9 29 18 1 0 38 28 0 0 4 94 100 77 72 100 77 61 100
37 19 20 64 30 29 30 5 64 6 64 71 69 85 18 26 1 6 21 8 35 0 35 28 38 97 75 26 26 64 51 53 14 0 29 69 50 5 7 51 0 0 0 0 0 0 19 44 18 6 29 36 59 80 70 49 0 0 43 66 87 45 70 44 28 66 24 49 78 54 67 15 16 16 19 41 53 9 0 2 64 64 13 27 11 0 0 48 100 100 61 81 100 100 98 100
55 53 17 59 21 69 92 19 50 43 37 38 5 58 13 9 35 0 34 12 3 0 4 0 21 29 3 25 22 42 39 42 9 30 39 3 32 57 29 81 24 19 20 18 2 0 2 63 39 0 0 10 66 80 42 1 0 0 43 89 85 94 76 67 82 67 56 41 13 0 61 18 35 61 85 39 30 7 31 53 12 58 63 31 24 24 45 94 98 64 18 54 98 50 65 78
34 15 16 52 17 69 1 0 4 46 39 40 0 52 0 6 31 3 29 43 4 10 29 49 69 50 7 4 36 70 47 43 42 60 22 25 35 40 40 51 12 37 43 64 23 72 34 6 17 0 0 19 93 76 6 13 27 0 0 18 0 17 60 100 91 18 0 0 0 0 3 0 0 0 49 85 77 86 74 48 64 60 96 80 27 46 77 97 99 57 62 67 99 88 12 37
16 49 25 49 20 15 0 0 0 0 62 63 0 64 6 0 0 0 2 41 62 76 63 70 94 88 60 50 35 22 28 29 56 92 52 59 36 55 69 56 99 75 73 65 65 21 40 3 0 1 39 47 100 47 48 63 28 59 9 63 19 33 99 92 86 0 0 0 0 0 0 0 0 0 1 73 54 27 42 100 67 47 92 63 26 22 76 100 60 100 100 100 72 65 13 91
44 29 24 12 16 0 0 0 0 4 89 31 9 39 15 12 41 43 77 93 85 100 100 100 100 81 46 26 0 5 20 67 99 73 46 65 63 95 76 65 52 78 70 55 65 98 88 73 64 16 33 73 100 74 92 77 84 43 14 14 49 92 31 8 6 26 9 7 53 73 31 15 0 0 0 28 7 0 10 40 64 77 65 86 12 15 97 94 61 55 71 100 58 56 9 32
23 7 16 0 18 12 0 0 0 31 64 40 55 58 47 70 43 47 48 82 88 55 98 66 41 3 2 27 12 0 3 32 98 52 41 95 73 80 53 55 68 46 80 37 27 98 90 91 99 23 7 98 96 83 52 93 57 35 45 47 29 24 1 3 3 80 91 68 40 43 95 95 35 3 0 0 0 0 0 67 88 13 89 65 0 31 57 92 68 88 92 84 66 67 26 0
47 5 15 30 49 36 23 0 0 36 97 62 82 45 63 80 55 63 34 10 36 39 50 28 25 22 45 52 20 0 0 10 59 76 100 56 100 100 57 65 78 89 97 51 9 60 43 71 92 87 29 62 89 67 60 32 10 21 54 73 75 91 100 95 55 26 26 29 30 39 65 81 97 48 0 13 2 0 0 59 36 19 83 28 18 14 16 100 63 63 84 83 36 42 0 23
2 19 10 53 48 20 6 0 4 89 50 15 80 44 6 26 6 16 21 32 30 93 30 0 24 31 21 60 37 20 0 23 23 56 39 52 95 90 21 45 4 40 97 54 37 44 34 50 49 84 56 66 4 10 13 61 45 23 3 0 0 0 13 30 27 0 16 12 0 14 17 38 56 89 12 61 5 0 0 23 18 70 57 86 54 19 26 100 83 49 52 65 61 51 2 56
3 68 74 46 43 0 0 0 15 80 33 17 92 50 10 5 31 15 0 19 14 25 0 4 35 63 26 49 63 44 0 5 36 11 14 37 42 52 54 59 12 63 99 61 10 19 28 12 48 65 67 64 0 35 69 76 52 81 42 33 27 19 3 7 0 38 44 92 65 66 60 13 0 85 95 66 0 0 0 0 20 65 93 92 31 4 55 68 98 84 48 76 66 59 0 45
39 27 21 32 12 0 49 82 6 28 59 8 34 99 48 45 100 99 25 0 44 30 11 64 64 86 27 30 41 12 25 0 68 51 57 72 17 41 42 83 45 44 38 58 13 13 42 42 52 25 77 50 24 39 63 67 56 97 47 68 42 56 68 80 3 63 62 85 91 34 21 38 20 67 100 85 32 0 0 0 2 77 55 27 26 35 50 60 100 98 77 64 71 82 47 61
41 58 14 16 17 0 26 7 0 11 94 46 13 97 90 100 95 65 49 0 80 52 50 82 38 38 11 30 20 16 12 8 47 26 51 72 67 42 69 82 17 8 47 0 0 25 55 48 31 46 95 88 71 74 56 35 19 61 37 72 34 92 77 88 76 59 91 82 52 60 25 0 36 69 33 93 66 20 2 27 82 91 52 15 37 19 48 62 100 99 37 57 25 8 2 73
39 40 4 12 0 46 40 0 0 0 35 63 73 83 100 100 91 79 44 14 39 8 15 87 97 41 39 32 76 65 71 8 5 16 65 53 67 66 84 92 45 6 59 2 0 27 87 54 64 77 100 62 75 100 67 19 0 16 14 23 15 92 100 89 73 45 60 56 37 30 17 41 40 54 3 29 98 71 48 32 90 85 81 50 9 6 28 88 99 82 19 59 37 0 23 59
29 54 5 1 33 0 35 8 0 0 1 26 35 64 58 39 44 4 9 30 34 28 48 45 99 39 26 25 35 37 80 85 11 14 57 54 65 98 61 100 17 28 41 4 2 42 79 43 23 70 98 2 62 99 51 49 4 22 0 11 0 36 100 78 54 0 0 0 42 61 66 45 37 17 43 20 30 86 74 3 44 60 64 77 20 22 59 99 83 36 1 39 31 0 1 0
0 4 57 46 20 78 19 76 96 44 0 0 45 80 17 55 13 31 0 10 45 61 67 93 42 72 20 61 87 66 40 42 92 19 2 33 13 89 82 16 74 48 78 13 0 25 88 26 1 0 6 74 43 90 59 20 4 4 0 0 0 27 75 97 14 0 0 5 44 80 100 77 33 36 60 43 18 20 93 59 64 69 41 10 36 57 95 45 38 48 0 0 0 0 0 0
48 63 59 2 17 43 70 11 77 92 25 24 23 57 75 15 4 51 4 33 19 59 50 73 17 91 26 87 100 92 68 94 56 6 57 58 58 71 4 0 59 72 19 0 0 74 61 0 0 0 10 49 93 76 41 56 0 0 0 10 62 15 22 24 0 0 10 59 78 54 100 41 33 29 72 39 83 68 61 89 67 78 14 19 43 62 26 100 97 36 0 0 0 0 0 0
77 51 29 6 0 8 36 63 35 40 87 28 39 52 98 7 18 0 12 46 72 56 13 64 55 58 71 100 76 100 51 52 51 40 63 32 57 85 23 1 54 45 2 0 0 10 0 0 3 13 71 65 62 73 23 3 0 0 0 0 0 0 1 29 0 0 0 37 52 82 74 1 0 40 46 54 81 87 71 87 81 94 12 11 70 71 80 70 94 10 0 0 0 0 0 0
45 63 5 0 29 45 67 16 0 6 72 47 31 83 100 21 36 17 65 21 33 27 9 59 64 67 95 82 83 83 71 9 59 9 46 0 23 82 5 0 1 0 0 0 0 0 4 33 84 100 89 35 82 78 86 0 0 0 0 0 0 0 22 7 0 0 0 12 44 77 23 0 38 69 56 35 72 74 96 34 27 17 2 0 12 77 90 76 79 57 47 2 0 37 17 27
79 7 0 0 0 66 61 39 42 37 66 87 27 19 37 4 3 1 4 8 5 22 59 62 35 37 100 49 28 68 24 27 13 38 27 0 25 34 0 0 0 8 35 55 46 57 91 54 82 91 83 79 49 82 82 78 47 0 0 0 0 0 0 0 0 0 0 0 44 74 0 0 0 0 0 70 98 96 45 37 50 35 50 0 0 17 27 80 57 99 91 32 0 11 32 82
5 0 0 15 36 41 76 89 62 52 11 71 87 67 61 13 22 25 7 58 30 22 53 74 40 70 92 56 71 72 18 19 69 65 6 0 42 14 0 34 47 60 23 43 47 48 25 65 87 51 63 36 74 51 44 72 34 0 0 0 0 0 0 0 0 0 0 0 1 10 0 0 0 0 23 56 92 91 51 94 30 18 15 20 0 12 30 50 69 68 56 59 6 0 0 7
0 0 10 28 19 28 4 23 55 80 38 13 33 52 61 73 18 54 94 32 73 91 46 74 63 33 26 18 60 80 51 51 47 74 46 0 0 0 14 83 67 70 78 78 71 85 61 17 0 0 0 1 86 29 43 100 38 0 0 0 0 0 0 0 0 0 0 0 0 0 0 0 0 0 73 47 94 52 40 45 65 49 66 80 61 81 57 5 27 21 88 74 60 0 0 21
0 0 0 0 0 0 0 0 53 70 50 54 30 44 79 62 69 85 47 1 52 54 37 43 44 44 35 53 77 48 30 63 37 72 24 0 0 0 40 22 0 17 84 7 0 4 0 0 0 0 0 46 49 50 87 100 94 64 6 4 36 63 25 0 0 0 0 0 0 0 0 1 31 57 77 79 53 0 0 30 77 70 63 78 79 98 47 27 56 3 68 87 89 18 33 15
0 0 0 0 0 0 33 0 38 88 75 50 64 91 94 95 63 91 71 9 17 22 72 82 58 77 18 12 36 18 9 32 13 0 0 0 0 1 0 0 0 0 33 42 0 0 0 0 0 0 0 66 38 32 64 95 100 100 91 76 100 42 0 0 0 0 0 0 0 0 3 61 69 47 59 70 71 0 0 0 1 18 48 85 50 83 76 21 3 6 38 92 69 40 35 30
48 77 64 52 57 48 24 2 24 47 60 53 91 79 58 3 12 62 98 43 0 75 77 57 98 68 11 56 40 50 3 0 0 1 19 1 57 40 0 0 0 0 2 28 0 0 0 0 0 0 17 75 41 67 78 99 82 91 84 74 94 12 0 0 0 20 0 0 9 21 22 61 81 60 61 29 1 0 0 0 0 0 0 85 60 66 84 71 20 6 3 62 77 0 23 36
32 11 20 12 11 13 0 0 0 0 0 0 13 7 0 7 48 6 64 17 61 89 88 70 54 40 31 65 15 25 41 45 96 43 39 44 39 0 0 0 0 0 0 0 0 0 0 0 0 34 76 41 67 91 97 58 11 74 68 54 70 39 3 0 0 12 0 0 64 100 89 67 7 0 26 0 0 0 0 0 0 4 12 64 70 93 4 86 90 39 0 31 38 72 98 94
63 69 43 55 0 0 10 3 0 0 0 0 0 13 21 55 55 1 43 70 26 17 9 31 36 80 68 33 45 86 19 33 91 64 72 92 0 0 0 0 0 0 0 0 0 0 0 0 44 46 88 33 91 61 74 45 0 0 56 66 65 43 24 16 38 25 0 25 60 61 22 18 0 0 0 0 0 0 0 0 0 0 58 55 56 94 4 86 59 82 46 22 30 79 79 71
35 5 0 78 19 0 25 52 20 3 15 54 82 98 100 54 61 0 30 68 0 0 0 30 30 38 45 89 37 58 25 69 100 97 64 41 10 2 0 0 0 0 0 0 0 0 0 2 66 100 66 77 100 59 22 0 0 0 11 56 62 55 77 59 31 7 0 0 14 0 0 0 0 0 0 0 0 0 0 0 0 34 84 81 41 78 37 68 50 64 25 13 21 75 64 86
22 10 0 17 31 44 67 59 62 96 99 54 32 80 94 27 39 0 26 82 55 9 0 0 0 0 33 54 53 47 39 100 73 67 47 8 17 5 0 0 0 0 0 0 0 0 8 51 26 79 35 100 77 36 4 0 0 0 7 49 60 78 57 12 0 0 0 0 0 0 0 0 0 0 0 0 0 0 0 0 0 10 12 80 68 80 26 99 63 20 10 59 59 38 68 46
28 25 9 71 97 96 41 64 82 70 30 83 49 32 33 58 27 0 3 70 74 59 37 31 23 9 0 17 16 0 44 10 32 90 67 79 66 2 0 0 0 0 0 0 0 0 9 15 64 57 88 99 59 48 39 0 0 0 18 33 49 92 17 0 0 0 0 0 0 0 0 0 0 0 0 0 0 0 0 0 0 0 0 36 99 42 42 77 61 48 14 41 73 87 84 58
55 17 33 84 35 31 64 51 72 78 62 58 36 1 73 64 6 0 37 100 91 96 73 91 63 29 0 0 0 0 10 0 0 16 68 88 22 0 0 0 0 0 0 0 0 0 6 76 77 73 98 58 44 12 0 0 0 0 0 20 60 86 2 0 0 0 0 0 0 0 0 17 38 17 21 9 0 0 0 0 0 0 10 65 78 9 20 80 91 8 67 20 91 69 64 54
90 57 67 39 14 34 78 42 17 6 98 59 22 0 66 50 0 0 65 89 37 7 14 2 0 0 0 0 0 10 48 0 0 0 33 31 0 0 0 0 0 0 0 0 0 1 67 100 39 98 54 16 0 0 0 0 0 0 0 39 37 56 62 86 47 0 0 0 0 9 26 28 27 63 80 33 0 0 0 0 26 21 55 100 42 23 78 45 66 5 26 49 100 48 58 59
38 45 89 64 69 40 35 0 0 0 24 1 23 27 74 84 47 0 37 90 78 27 0 0 0 0 0 0 0 0 6 0 0 0 4 49 8 0 0 0 0 0 0 0 0 33 79 67 81 100 39 0 0 0 0 0 0 0 5 9 55 32 72 59 0 0 0 0 0 0 0 0 0 0 6 1 0 19 88 84 79 63 85 74 11 5 33 18 78 30 17 62 58 66 65 43
48 12 60 85 70 45 7 0 0 0 0 64 72 79 68 72 75 0 6 99 100 91 27 10 0 0 0 0 0 0 0 0 0 0 0 23 11 0 0 0 0 0 0 0 52 85 46 55 60 39 4 0 0 0 0 0 0 0 13 22 56 60 27 0 0 0 0 0 0 0 0 0 0 0 0 0 0 0 10 41 75 96 56 1 0 0 60 97 98 22 51 47 83 100 38 65
57 73 97 64 61 21 0 0 0 15 73 57 100 90 87 82 70 0 1 94 61 59 82 9 0 0 0 0 0 0 0 0 0 0 0 5 0 0 0 0 0 0 10 31 26 31 63 34 87 0 27 0 0 0 0 0 0 1 39 24 0 2 4 0 0 0 0 0 0 0 0 0 0 0 0 0 0 0 2 39 62 48 0 0 0 2 92 100 56 6 37 59 93 64 15 54
79 55 67 51 33 0 0 0 2 46 84 87 24 44 66 94 84 0 11 93 96 55 81 63 15 11 45 0 0 0 0 0 0 0 0 0 0 0 0 0 25 28 13 0 0 33 49 79 52 0 2 0 0 0 0 0 0 19 43 0 0 0 0 0 0 0 0 0 0 0 0 0 0 0 0 0 0 1 34 77 81 72 0 0 0 31 99 100 24 47 72 98 95 84 25 12
43 74 69 28 86 36 0 0 0 0 45 81 1 29 59 34 88 59 9 63 100 83 61 46 37 38 47 15 38 0 0 0 0 0 0 0 0 0 14 45 45 18 0 0 13 68 40 62 5 0 0 0 0 0 0 0 0 0 0 0 0 0 0 0 0 0 0 0 0 0 0 0 0 0 0 0 0 21 68 58 94 43 0 0 0 18 98 79 39 79 100 99 78 0 0 0
13 45 53 11 59 33 0 0 0 16 50 8 0 9 0 0 65 96 62 57 98 86 81 57 69 53 0 0 0 0 0 0 0 0 0 0 0 0 29 1 0 0 0 0 0 47 91 5 0 0 0 0 0 0 0 0 0 0 0 0 0 0 0 0 0 0 0 0 0 0 0 0 0 0 0 0 0 67 66 87 31 0 0 11 41 0 53 41 84 61 100 71 14 0 0 0
2 34 77 73 57 22 0 0 0 3 26 0 0 0 0 12 86 99 47 41 43 65 66 82 79 60 66 41 13 1 23 16 38 8 0 0 0 0 0 0 0 0 0 0 2 72 44 0 0 0 0 0 0 0 0 0 0 0 0 0 0 0 0 0 0 0 5 10 4 0 0 0 5 3 0 0 13 50 82 88 28 0 0 7 60 11 41 94 96 100 100 53 0 0 0 0
80 75 18 2 0 0 0 0 0 0 0 0 0 0 0 43 71 72 78 39 68 99 73 50 80 47 68 69 30 46 57 64 81 69 28 0 0 0 0 0 0 0 0 0 0 5 0 0 0 0 0 0 0 0 0 0 0 0 0 0 0 0 0 0 0 0 90 55 36 61 28 43 92 42 0 0 11 84 77 77 50 75 97 70 49 0 21 74 67 100 73 9 6 0 0 0
73 65 2 0 0 0 0 0 0 0 0 0 0 0 0 0 1 87 67 24 26 94 79 40 39 14 0 0 0 7 74 11 6 0 0 0 0 0 0 0 0 0 0 0 0 0 0 0 0 0 0 0 0 0 0 0 0 0 0 0 0 0 0 0 32 44 98 71 57 44 69 42 97 80 7 0 10 90 69 67 74 79 48 31 42 38 56 99 82 97 85 42 50 36 14 33
100 95 11 0 0 0 0 0 0 0 0 0 0 0 0 0 6 60 66 51 39 59 55 33 17 0 0 0 0 21 40 0 0 0 0 0 0 0 0 0 0 0 0 0 0 0 0 0 0 0 0 0 0 0 0 0 0 0 0 0 0 0 0 0 2 76 27 59 68 92 57 79 46 45 56 37 25 61 94 40 12 63 61 26 59 99 100 62 70 63 97 91 100 88 81 92
55 19 8 20 25 0 0 0 0 0 0 0 0 0 0 0 0 0 53 79 24 73 0 0 0 0 0 0 3 91 33 0 0 0 0 0 0 0 0 0 0 0 0 0 0 0 0 0 0 0 0 0 0 0 0 17 52 0 0 0 17 0 0 2 8 76 61 82 78 100 99 96 75 45 47 75 80 49 46 77 44 41 66 95 100 100 81 56 37 92 90 62 48 80 91 61
87 35 46 56 61 1 0 0 0 0 0 0 0 0 0 0 0 2 68 98 93 100 42 0 0 0 0 0 0 52 13 0 0 0 0 0 0 0 0 0 0 0 0 0 0 0 0 0 0 0 0 0 0 0 0 38 81 20 0 5 73 4 16 55 36 49 56 100 100 100 91 84 66 52 70 100 61 42 72 100 94 80 74 65 93 64 39 14 55 82 87 70 70 49 65 75
49 73 68 64 63 4 0 0 0 0 0 0 0 0 0 5 61 65 100 100 80 74 99 51 3 0 0 0 0 0 0 0 0 0 0 0 0 0 0 0 0 0 0 0 0 0 0 0 0 0 0 0 0 0 5 67 65 65 0 21 100 40 87 89 46 6 23 99 91 100 83 93 81 17 98 100 84 60 26 98 89 74 37 18 22 0 2 25 68 43 46 13 53 51 99 69
38 59 59 71 34 70 44 8 0 0 0 0 0 0 0 0 0 30 45 31 72 88 23 73 92 5 0 0 0 0 0 0 0 0 0 0 0 0 0 0 0 0 0 0 0 0 0 0 0 0 0 0 0 3 33 79 44 59 25 57 100 30 55 99 50 34 75 92 67 91 97 93 57 38 58 83 96 76 91 65 33 15 0 0 0 0 0 74 37 24 33 0 0 7 35 8
16 13 19 30 58 72 50 56 63 8 0 0 0 0 0 0 0 0 0 0 1 87 73 38 100 21 0 0 0 0 0 0 0 0 0 0 0 0 0 0 0 0 0 0 0 0 0 0 0 0 0 4 27 8 3 35 31 43 42 79 60 63 63 73 51 81 50 38 51 20 45 38 1 2 24 81 70 68 73 70 96 90 8 0 33 1 0 0 2 44 45 9 0 0 0 0
0 0 0 0 0 10 52 22 17 0 0 0 0 0 0 0 0 0 0 0 0 33 87 26 99 34 0 0 0 0 9 8 0 0 0 0 0 0 0 0 0 0 0 0 0 0 0 0 0 0 0 12 61 30 0 27 23 25 70 67 57 41 63 64 33 39 41 87 87 80 60 60 0 38 80 97 97 63 94 88 100 96 32 58 94 12 0 18 89 66 65 44 0 0 0 0
0 0 0 0 0 0 0 0 0 0 0 0 0 0 0 0 0 0 0 0 1 48 92 79 93 83 33 0 0 21 81 42 0 0 0 0 0 0 0 0 0 0 0 0 0 0 0 0 0 6 32 15 71 25 41 60 55 66 68 75 57 55 46 62 90 27 41 76 43 61 92 78 66 16 75 100 100 86 45 87 100 100 60 85 91 55 0 4 30 56 75 42 0 0 0 0
0 0 0 0 0 0 0 0 0 0 0 0 0 0 0 0 0 0 0 15 48 91 100 90 43 85 65 39 72 41 55 9 0 0 0 0 0 0 0 0 0 0 0 0 0 0 7 17 24 45 70 78 66 39 56 80 62 60 70 53 64 81 97 48 42 16 79 38 33 30 27 57 72 0 56 80 100 60 32 96 87 56 9 52 78 61 13 0 0 1 9 52 17 0 0 0
0 0 0 0 0 0 0 0 0 0 0 0 0 0 0 0 0 0 2 58 84 81 50 81 54 70 80 77 60 11 0 0 0 0 0 0 0 0 0 0 29 0 0 0 7 39 71 91 92 33 72 13 71 83 69 66 93 74 20 5 48 42 35 33 73 60 20 83 74 10 0 0 4 0 0 74 100 54 0 25 73 69 25 82 96 73 32 0 0 28 88 59 39 0 0 0
0 0 0 0 0 0 0 0 0 0 0 0 0 0 0 0 0 0 0 53 51 82 89 42 0 12 74 76 0 0 0 0 0 0 0 0 0 0 0 0 42 4 6 45 66 79 75 30 41 15 67 82 63 56 41 26 33 17 20 0 0 0 13 53 100 92 49 76 69 31 0 0 0 29 24 100 99 22 0 15 29 40 14 37 77 96 40 0 0 45 70 95 20 0 0 0
0 3 0 0 0 0 0 0 0 0 0 38 18 0 0 0 0 0 7 22 50 98 37 2 0 1 26 28 0 0 0 0 0 0 0 0 0 0 0 11 72 64 96 72 33 36 3 76 63 72 100 80 87 20 65 42 63 1 0 0 0 0 16 21 62 82 61 80 57 14 0 0 0 75 68 93 49 0 12 2 16 27 50 17 99 73 0 0 0 23 70 100 50 0 0 0
