data/habitatmaps/RS_maps/habitat_Linaria.cannabina_2008.asc
NCOLS 369 
NROWS 228 
XLLCORNER 479000 
YLLCORNER 73000 
CELLSIZE 1000 
NODATA_value -9 
[rows 61 to 121 of 228, columns 192 to 287 of 369]
0 0 1 20 3 0 0 0 0 0 10 1 0 0 0 0 0 0 0 0 0 7 1 0 0 0 0 0 0 0 0 0 0 0 0 1 18 22 11 69 94 85 62 68 27 14 42 27 27 15 18 35 60 28 26 75 63 68 55 73 83 58 59 55 9 26 22 48 66 63 59 51 59 43 34 18 14 26 60 55 50 64 88 79 90 33 32 22 0 9 0 0 0 0 22 2
0 0 0 0 0 0 0 0 0 0 0 0 0 0 0 0 0 0 0 0 0 0 0 0 0 0 0 0 0 0 0 0 0 0 0 3 17 21 25 76 71 62 70 46 38 65 81 70 26 21 28 73 64 52 35 28 74 45 46 59 76 56 78 47 43 54 81 30 43 26 23 51 42 1 25 67 57 72 45 44 52 65 15 87 70 13 51 13 7 6 9 0 42 0 21 0
0 0 0 0 0 0 0 0 0 0 0 0 0 1 0 0 0 0 0 0 0 0 0 0 0 0 0 0 0 0 0 0 0 0 0 0 8 15 26 67 20 20 62 66 55 80 67 42 33 57 85 89 46 67 68 68 65 61 29 33 43 25 55 23 35 71 57 40 37 31 78 56 58 80 98 82 100 93 54 70 71 45 45 69 14 37 5 7 6 6 6 10 0 0 0 2
0 0 0 0 0 0 0 0 0 0 0 0 0 6 0 0 0 0 0 0 0 0 0 0 0 0 0 0 0 0 0 0 0 0 0 0 6 26 51 44 32 19 27 55 51 36 48 55 83 82 76 71 80 84 61 78 25 73 66 62 40 36 65 28 31 41 37 26 20 23 39 59 98 58 42 87 100 100 100 94 63 74 72 1 0 16 0 8 0 0 0 5 1 0 0 4
0 0 0 0 0 0 0 0 0 0 0 0 0 2 0 0 0 0 0 0 0 0 0 0 0 0 0 0 0 0 0 0 0 0 0 0 0 45 17 45 66 4 20 20 30 28 54 74 84 80 88 54 22 52 44 47 36 42 56 82 86 62 51 41 62 45 26 38 22 0 50 92 86 60 81 97 100 93 92 71 100 78 10 0 0 0 0 0 0 0 3 0 0 0 0 30
0 0 0 0 0 0 0 0 0 0 0 0 0 0 0 0 0 0 0 0 0 0 0 0 0 0 11 6 0 0 0 0 0 0 0 0 0 0 14 32 26 20 23 28 26 25 37 93 86 84 17 0 6 39 32 40 78 83 82 60 74 93 69 58 49 53 39 32 51 60 87 77 64 37 35 83 83 87 86 93 55 18 14 0 0 0 0 0 0 14 50 1 0 0 0 31
0 0 0 0 0 0 0 0 0 0 0 0 0 0 0 0 0 0 0 0 0 0 0 0 0 0 17 7 2 15 1 0 0 0 0 0 0 0 8 20 23 12 26 18 18 14 68 74 94 75 9 1 30 49 19 69 63 63 57 67 71 98 100 84 49 24 62 57 40 95 100 81 100 97 33 60 74 64 92 45 16 81 13 0 0 0 0 0 0 10 1 4 0 0 1 29
0 0 0 0 0 0 0 0 0 0 0 0 0 0 0 0 0 0 0 0 0 0 0 0 0 0 0 0 5 19 14 0 0 0 0 0 0 0 5 7 13 15 9 1 0 3 70 65 67 51 56 28 16 22 52 51 29 66 41 85 100 86 75 57 52 51 79 100 86 100 100 81 83 81 87 100 84 93 66 19 39 37 0 0 0 7 9 0 2 11 4 8 9 1 34 2
0 0 0 0 0 0 0 0 0 0 0 0 0 0 0 0 0 0 0 0 0 0 0 0 0 0 0 0 0 1 0 0 0 0 0 0 0 19 89 28 11 0 0 0 0 0 2 86 98 75 70 55 36 64 72 63 16 48 41 63 72 82 54 98 48 72 92 77 89 81 53 33 32 86 55 74 100 51 28 7 90 16 0 0 0 14 2 0 0 0 0 19 10 11 0 29
0 0 0 0 0 0 0 0 0 0 0 0 0 0 0 0 0 0 0 0 0 0 0 0 0 0 0 0 0 0 0 0 0 0 0 0 0 0 5 0 0 0 0 0 0 0 0 5 35 39 76 39 55 46 40 44 36 17 40 38 40 77 87 62 61 79 83 75 54 49 76 63 84 44 45 62 98 69 77 69 64 0 0 0 0 0 0 2 7 0 0 6 18 13 21 25
0 0 0 0 0 0 0 0 0 0 0 0 0 0 0 0 0 0 0 0 0 0 0 0 0 0 0 0 0 0 0 0 0 0 0 0 0 0 0 0 0 0 0 0 0 0 0 1 4 10 42 63 26 5 1 46 47 44 62 41 15 18 72 76 88 36 24 45 89 100 62 58 47 54 66 78 65 84 19 93 48 0 0 0 0 0 0 0 0 0 0 5 1 6 39 44
0 0 0 0 0 0 0 0 0 0 0 0 0 0 0 0 0 0 0 0 0 0 0 5 7 0 0 0 0 0 0 0 0 0 0 0 0 0 0 0 0 0 0 0 0 0 0 6 19 0 33 47 45 14 23 61 96 84 81 57 51 83 99 100 95 51 37 58 62 84 83 89 100 56 7 6 24 51 85 71 70 0 0 0 0 0 0 0 0 0 23 28 0 23 39 0
0 0 0 0 0 0 0 0 0 0 0 0 0 0 0 0 0 0 0 0 0 0 0 2 2 0 0 0 0 13 33 26 39 3 0 20 11 0 0 0 0 0 0 0 0 0 0 8 17 0 40 65 42 20 29 51 100 100 74 39 14 55 30 57 71 34 80 84 74 82 78 82 84 84 81 60 45 68 94 98 36 0 0 0 0 0 0 0 0 1 39 19 0 0 2 0
0 0 0 0 0 0 0 0 0 0 0 18 17 0 0 0 0 0 0 0 0 0 0 0 0 0 0 0 0 0 22 39 61 47 39 65 43 24 21 0 3 0 0 0 0 0 0 0 0 0 14 89 34 20 58 99 100 100 58 10 5 6 24 33 18 70 78 86 95 99 78 80 65 38 7 60 70 92 69 46 87 13 0 0 0 0 18 6 1 13 67 25 1 16 21 17
0 0 0 0 0 0 0 0 0 0 0 61 93 36 0 0 0 0 0 0 0 5 27 41 4 0 0 0 5 20 33 30 39 27 52 48 43 46 57 44 88 63 56 36 58 13 0 0 0 0 0 65 9 23 94 87 73 100 93 54 34 47 49 53 39 94 100 100 99 100 79 95 100 94 26 14 23 14 23 44 36 40 5 0 0 0 18 3 1 20 18 20 0 4 59 20
0 0 0 0 0 0 0 0 0 0 3 42 100 28 0 0 1 7 2 11 36 24 38 30 6 0 0 0 9 36 48 47 29 5 32 27 64 42 31 43 1 25 27 35 35 79 44 8 0 0 5 52 1 65 52 37 72 41 91 34 60 88 67 69 71 83 60 21 31 57 38 98 100 97 83 32 49 73 59 9 33 53 0 0 0 0 0 0 40 5 0 0 12 26 55 8
0 0 0 0 0 0 0 0 0 0 1 69 91 52 0 0 17 38 9 0 15 0 0 0 0 0 28 12 1 19 55 22 1 18 36 28 38 5 19 29 48 21 30 44 35 2 12 17 0 0 7 27 12 21 8 23 16 57 81 85 76 69 89 97 94 39 80 81 42 27 59 64 99 99 96 66 90 100 88 42 36 23 32 0 0 0 0 6 40 48 30 0 14 41 50 53
0 0 0 0 0 0 0 0 0 0 2 59 44 6 36 20 43 49 51 18 12 45 2 15 0 27 65 49 60 14 16 58 2 32 39 5 27 20 47 22 29 54 20 62 73 2 10 6 0 0 0 0 4 16 49 7 43 63 53 52 73 79 92 77 39 6 9 32 60 57 5 5 65 79 64 41 87 100 98 30 12 91 11 0 0 0 0 8 33 13 8 16 35 33 61 82
0 0 0 0 0 0 0 0 0 0 0 38 18 56 37 12 16 31 68 90 64 61 48 9 21 51 43 39 55 5 0 76 38 18 0 41 0 0 44 35 22 11 3 53 90 39 42 31 1 0 0 0 0 3 15 1 1 3 0 0 5 0 0 5 18 0 0 1 0 0 18 17 0 23 66 53 60 87 100 42 62 79 17 27 0 0 0 0 37 37 16 19 64 48 62 50
0 0 0 0 0 0 0 0 0 1 45 50 21 33 92 74 28 0 3 53 63 5 19 38 49 46 76 28 41 15 0 73 76 41 53 45 5 13 80 54 95 60 3 45 62 56 12 0 0 4 37 0 0 0 0 0 0 13 0 0 0 0 0 0 0 0 0 0 0 2 0 0 0 2 83 40 70 79 100 88 82 30 42 12 0 0 0 0 19 51 49 30 33 31 79 39
0 0 0 0 0 0 0 0 0 19 56 11 3 38 90 95 30 3 0 23 57 47 36 64 51 40 74 20 23 34 0 40 59 68 54 64 58 48 46 41 88 38 4 46 90 78 47 50 45 37 33 14 0 7 9 24 49 18 58 40 18 3 0 0 0 51 54 8 27 36 34 31 0 0 5 16 39 77 100 100 80 36 6 3 0 0 0 0 2 16 53 23 26 27 99 50
0 0 0 0 0 0 0 0 0 52 41 72 20 1 51 54 0 0 11 9 37 46 58 34 41 13 55 47 41 59 7 42 33 49 43 29 83 60 58 0 12 56 61 33 70 68 41 40 43 50 26 0 7 60 36 10 28 4 55 33 58 44 28 6 59 36 38 16 14 67 75 53 23 0 0 6 65 99 100 97 98 23 37 0 0 0 2 16 0 2 23 20 31 17 55 39
0 0 0 0 0 0 0 0 0 4 3 54 78 3 10 0 5 35 26 38 13 31 33 20 52 43 59 64 55 56 27 15 53 74 49 27 36 58 31 12 0 62 53 94 99 75 45 52 69 54 4 0 8 26 43 36 71 39 63 18 52 8 22 1 9 43 9 18 69 41 75 100 58 0 5 6 19 80 98 80 18 3 28 0 0 0 5 32 0 1 63 33 57 92 98 27
0 0 0 0 0 9 3 0 0 0 13 37 27 17 0 0 7 12 37 57 42 61 59 9 2 39 41 68 15 35 28 46 38 83 34 43 30 38 24 12 14 28 40 74 62 64 18 41 30 23 0 25 4 0 33 81 100 84 86 56 80 6 0 11 28 55 41 45 64 71 83 59 60 14 25 34 2 31 52 86 5 5 6 0 0 0 24 0 1 19 82 39 60 100 77 40
0 0 0 0 0 33 21 14 0 0 21 79 64 35 34 29 29 29 37 49 38 44 35 39 0 39 61 75 60 60 13 15 34 36 39 45 35 8 60 10 36 30 59 92 85 56 19 43 59 30 1 55 0 1 39 51 96 69 36 85 95 53 1 22 46 100 100 100 57 22 34 36 64 53 36 0 0 5 14 95 48 23 7 0 0 5 36 1 17 65 99 63 68 100 97 100
31 9 0 0 0 6 27 11 1 4 0 3 52 20 73 22 47 37 67 55 37 25 22 4 52 19 50 27 13 35 60 59 7 64 19 66 87 14 29 87 26 17 17 86 63 75 18 78 83 92 94 19 29 5 41 79 96 77 47 12 98 74 25 3 86 100 100 95 55 19 16 23 67 65 48 42 0 0 0 33 29 21 0 0 0 8 5 55 63 52 100 96 85 87 100 93
0 0 0 0 2 17 21 89 23 5 33 0 76 43 24 0 1 1 32 44 54 36 45 10 62 5 39 1 0 8 32 6 37 61 34 42 32 30 96 100 42 29 78 99 80 42 62 100 100 100 90 49 4 23 62 49 100 100 57 67 41 85 56 25 89 100 90 41 22 47 0 59 67 71 32 26 8 30 22 3 11 19 0 0 0 25 5 0 3 69 96 70 52 60 42 100
4 16 0 0 11 31 65 36 54 60 9 48 49 48 0 0 0 0 1 38 19 33 74 36 45 34 20 0 24 0 48 48 45 58 37 63 44 10 75 99 47 60 78 53 94 97 100 100 97 86 29 34 37 27 77 97 98 100 100 100 100 96 52 71 100 100 100 63 49 18 4 90 100 60 55 48 19 13 29 13 0 0 0 0 12 29 0 0 6 90 71 50 52 71 99 100
18 9 2 0 11 30 22 29 46 56 24 35 53 12 0 1 16 21 15 51 45 49 65 41 36 32 3 18 17 17 28 91 41 91 51 100 77 18 95 100 98 62 45 66 99 100 96 67 16 0 11 65 19 22 14 100 63 83 72 96 100 100 78 93 100 96 100 88 56 31 19 100 62 29 37 62 28 26 4 64 23 0 0 0 0 3 9 6 0 46 50 49 91 63 86 73
0 0 0 6 32 21 35 37 25 49 30 9 49 54 49 22 0 28 61 61 63 52 27 35 69 63 0 51 72 32 75 73 88 62 76 100 75 66 100 100 91 93 65 45 54 43 7 1 15 8 17 31 51 18 18 38 62 67 94 94 99 100 100 100 69 36 83 100 55 27 88 100 100 100 100 29 2 4 55 61 46 25 0 0 0 0 4 11 0 1 9 53 99 89 86 23
0 0 7 28 21 20 18 10 36 42 89 28 13 32 39 84 50 11 1 21 43 51 30 23 65 29 9 44 29 29 82 81 31 34 94 100 63 86 100 66 52 40 76 52 0 0 0 2 18 49 25 54 26 52 56 27 67 77 63 67 100 100 100 100 91 95 100 100 94 86 100 100 100 95 64 21 8 23 49 5 62 59 45 1 0 0 0 1 24 32 44 41 94 89 86 92
0 0 2 5 0 2 0 17 45 18 61 87 67 48 39 26 81 45 7 51 23 1 38 24 40 69 64 82 40 19 49 50 48 26 54 100 97 95 81 17 33 30 21 22 15 0 0 28 44 29 31 78 14 70 57 0 67 99 46 43 99 100 100 100 86 91 100 100 100 100 100 100 100 94 18 52 6 51 61 55 34 46 16 9 0 0 0 0 25 78 12 25 40 93 97 76
0 0 0 0 0 0 0 0 4 31 50 46 68 55 23 39 32 15 51 68 33 46 63 57 57 56 65 50 24 51 70 37 63 28 76 100 35 63 60 57 81 83 16 84 76 43 0 0 0 0 53 49 52 47 13 0 6 36 88 86 65 37 75 100 87 91 78 100 100 100 100 98 69 42 28 21 46 97 86 70 23 30 37 20 21 2 0 0 12 65 24 13 11 83 67 81
0 0 0 0 0 0 0 0 14 12 24 51 36 9 4 0 29 11 28 92 82 76 28 18 41 23 82 88 63 83 91 68 87 97 62 39 64 87 99 20 28 100 67 58 100 47 0 0 0 6 73 34 59 52 31 5 0 0 9 28 23 58 100 97 100 100 75 100 100 100 97 38 32 54 42 30 29 100 77 100 99 82 52 17 50 17 13 12 0 0 0 8 31 51 64 73
26 3 12 7 0 1 0 0 20 28 3 16 7 20 0 0 0 0 0 59 100 25 23 43 2 32 88 43 59 50 97 100 90 63 21 86 43 47 50 4 8 76 98 75 90 13 0 0 32 69 83 24 56 31 15 0 11 17 15 26 6 87 96 64 100 80 93 100 97 93 91 38 19 39 48 71 99 99 68 100 100 100 100 15 40 34 16 26 35 0 0 29 16 50 14 2
68 89 83 88 61 23 0 0 0 0 0 0 0 0 1 17 12 0 8 83 39 11 12 30 45 60 69 35 85 75 60 52 4 33 60 55 22 86 69 49 61 74 80 69 28 6 10 39 100 63 24 59 34 19 3 13 75 27 34 45 27 65 92 87 100 88 75 88 64 67 54 29 85 88 60 100 94 63 49 99 100 93 70 36 31 7 96 14 11 0 0 0 0 4 0 6
37 28 29 4 0 0 1 0 0 0 0 0 0 3 37 30 22 0 37 29 74 83 91 69 63 20 32 66 55 15 80 66 9 36 26 8 36 93 60 39 11 36 86 16 35 96 99 96 55 18 11 67 12 42 25 58 88 97 45 35 35 57 34 60 65 75 79 65 71 80 91 69 97 95 62 100 75 9 40 85 90 60 21 45 43 2 71 14 13 1 0 0 0 6 20 28
3 0 1 5 24 23 49 25 1 0 0 2 8 1 0 31 17 0 36 32 100 100 100 69 70 62 55 11 63 42 62 31 0 3 29 19 58 98 90 35 0 51 38 0 1 32 56 97 33 0 32 23 0 38 25 73 81 49 78 66 39 47 22 37 57 51 39 91 91 100 100 69 52 97 95 92 17 0 37 86 79 38 28 19 2 3 34 32 16 3 0 0 0 25 38 14
0 31 67 55 46 37 28 37 38 23 2 46 68 20 4 49 17 0 17 18 45 91 100 100 100 100 67 46 49 48 25 0 26 32 38 50 83 95 55 1 0 4 2 0 40 100 92 50 77 21 65 0 23 57 60 90 98 87 93 55 40 23 43 87 100 91 100 100 100 96 70 44 68 67 59 68 7 59 9 54 100 97 95 21 37 9 23 0 23 1 0 1 9 60 32 54
7 37 61 19 3 4 67 63 70 35 71 17 51 67 65 33 3 0 13 27 26 36 62 67 79 91 100 83 67 75 55 90 67 7 32 21 34 98 100 74 58 35 89 39 79 100 88 85 33 30 13 1 41 66 69 100 100 100 94 83 52 8 83 100 100 100 61 88 55 47 74 97 99 96 85 67 13 91 40 59 100 100 100 33 6 53 37 12 37 0 9 58 26 13 17 41
27 30 66 16 65 70 36 58 42 22 37 42 64 99 27 27 0 0 0 0 9 4 24 10 38 65 57 59 20 87 90 100 99 79 32 12 52 100 73 65 57 29 24 9 91 83 82 24 28 28 2 43 65 88 100 100 100 100 100 80 40 13 81 86 94 89 28 5 33 95 97 65 61 82 79 91 82 83 67 4 86 100 91 21 23 91 66 12 0 0 1 57 8 14 34 27
11 20 34 63 86 66 22 58 67 78 2 45 82 78 34 26 0 0 11 21 86 77 71 97 100 93 8 6 33 86 52 100 100 100 67 63 61 100 76 64 70 63 13 0 28 85 30 0 43 1 46 87 100 91 52 81 100 100 100 57 63 37 31 9 43 93 0 0 66 91 74 72 76 38 20 56 100 100 99 79 74 80 45 0 59 78 9 27 10 0 0 15 6 50 39 36
62 54 11 35 31 59 64 100 61 84 62 76 58 55 14 16 4 0 7 11 63 91 100 100 98 70 64 38 80 100 94 100 100 100 93 38 61 100 85 75 53 18 0 17 94 67 21 29 15 0 62 100 100 49 1 26 100 99 72 66 58 72 28 42 100 60 0 0 36 55 50 53 46 45 46 86 70 47 12 16 21 37 13 13 75 95 53 45 17 0 0 13 38 33 35 42
52 88 41 18 30 55 93 100 100 98 74 22 29 18 21 21 2 0 0 0 4 21 74 89 54 37 74 100 100 100 100 90 87 57 74 77 63 67 19 2 4 25 75 100 51 15 53 45 44 61 95 100 94 32 63 64 100 79 73 78 48 40 77 100 68 5 0 0 9 29 19 0 0 0 1 12 18 8 64 58 21 2 3 1 60 99 37 3 0 0 0 53 17 6 63 21
43 28 3 36 39 79 57 83 100 85 25 43 0 10 9 12 0 0 0 0 39 41 18 91 100 100 100 100 100 100 82 28 49 72 100 94 75 4 0 14 83 100 90 69 74 70 37 66 13 100 74 100 67 80 100 100 91 48 56 76 100 90 92 93 24 0 58 19 51 100 82 2 16 4 1 11 0 36 97 61 40 48 69 14 71 84 7 0 0 11 3 16 6 23 86 45
11 45 33 49 67 91 89 98 98 54 16 13 76 55 23 3 0 0 1 5 4 45 19 37 83 89 55 84 80 35 16 28 67 97 100 100 44 0 46 98 78 73 87 99 100 67 51 21 48 97 93 92 30 17 95 100 49 63 75 90 49 33 43 12 8 46 80 20 69 79 100 57 65 7 10 85 21 58 66 23 18 1 12 36 91 59 1 0 0 14 8 0 5 16 75 87
57 27 28 62 13 64 100 100 100 100 55 20 99 72 37 66 13 7 46 23 0 17 29 43 63 62 52 85 45 69 84 12 1 65 66 88 0 19 78 55 54 69 90 100 87 33 49 38 93 37 61 48 2 21 77 77 74 60 42 9 0 0 0 0 31 99 53 65 89 76 82 94 74 16 55 22 83 78 32 41 6 17 31 80 77 28 1 0 0 0 0 0 31 100 100 100
87 54 46 88 31 67 100 100 100 84 51 89 84 69 57 64 36 0 17 27 1 14 16 33 31 44 73 93 90 99 98 77 58 91 67 15 60 99 71 99 91 19 60 44 100 53 5 94 25 0 2 3 0 0 10 9 66 68 0 0 0 0 2 24 30 87 100 100 100 100 100 100 100 33 72 19 82 33 33 13 58 67 97 54 19 33 15 0 0 0 0 10 41 100 100 100
98 59 23 27 44 79 60 59 90 68 68 57 1 25 27 83 14 1 29 25 31 35 34 15 19 41 34 59 87 99 76 84 62 92 100 87 80 69 80 63 21 0 3 50 56 20 46 86 9 0 0 0 0 0 3 2 17 6 4 28 62 44 73 100 100 100 95 90 95 77 100 100 95 88 93 69 75 31 17 12 72 72 27 25 32 58 0 0 0 0 0 28 86 96 82 100
20 25 77 81 100 100 1 4 0 11 26 23 0 0 38 57 29 28 15 37 1 1 27 50 6 53 32 9 45 54 43 36 19 31 73 100 6 3 6 0 0 0 17 39 61 49 19 94 71 62 15 0 0 0 56 54 8 12 42 100 100 100 100 100 100 100 10 45 64 10 48 56 8 54 77 85 78 0 10 8 28 4 0 0 0 4 0 0 0 0 26 82 50 47 35 56
26 34 72 11 29 50 68 50 0 0 0 0 0 2 79 100 99 13 17 45 33 6 21 60 60 84 99 64 98 92 26 89 94 100 89 60 0 0 0 0 0 18 59 43 50 14 0 30 59 51 0 0 9 78 95 99 80 96 100 100 100 100 100 100 69 51 2 30 43 56 31 58 3 20 29 37 46 3 31 21 5 0 0 0 19 39 39 1 11 5 24 46 32 55 55 45
0 17 89 64 48 93 68 25 0 10 43 37 27 51 99 100 94 39 30 33 36 41 45 67 83 82 84 68 100 79 60 100 48 17 13 0 0 0 0 0 26 80 69 99 97 8 0 0 30 24 0 9 9 89 99 94 100 100 100 100 100 100 100 100 94 22 70 41 33 8 42 21 30 38 12 26 50 36 2 7 0 0 7 21 27 1 0 35 21 25 13 9 0 12 18 5
45 82 74 78 74 93 68 0 17 91 98 90 81 51 79 79 74 81 29 15 26 27 89 51 69 37 43 55 97 9 67 90 0 0 0 0 0 0 0 0 20 23 8 56 90 35 0 7 46 14 25 79 86 70 87 50 47 99 100 100 67 100 100 98 91 24 38 19 33 10 1 4 22 44 43 25 20 16 0 0 0 0 28 5 0 0 17 30 41 16 10 38 52 19 4 12
13 65 48 44 38 81 18 7 23 100 100 89 40 8 0 11 51 76 32 1 5 0 57 64 64 11 66 74 98 48 62 12 0 0 0 0 0 0 0 0 0 0 1 21 6 1 0 0 7 46 63 65 100 97 88 73 20 80 100 95 26 96 81 35 51 50 43 0 0 0 0 0 6 23 20 0 0 0 0 0 3 20 27 35 8 37 58 46 43 18 14 31 29 51 35 25
51 28 32 32 20 75 55 23 83 99 82 12 0 33 83 98 52 38 0 0 20 26 1 49 86 39 52 11 30 39 8 0 0 5 2 0 0 0 4 11 0 0 0 0 0 0 0 0 38 96 100 100 100 75 57 34 35 35 100 76 0 60 12 11 59 94 76 0 9 0 0 0 5 26 1 0 0 0 0 2 10 19 34 82 80 100 69 45 33 57 54 84 46 49 2 31
63 41 42 30 66 30 53 91 100 100 99 11 0 1 79 99 100 71 55 68 35 12 77 27 9 97 73 17 0 0 0 0 0 27 18 13 0 1 15 25 29 1 0 0 0 0 20 48 89 95 100 100 100 96 58 21 56 41 51 21 0 51 34 1 53 66 24 4 33 10 3 12 43 38 38 17 4 24 6 32 66 54 66 89 100 100 85 8 49 68 67 100 100 93 66 83
83 87 81 70 45 28 39 69 79 97 86 8 0 1 9 60 73 52 70 91 99 13 27 54 3 53 1 1 3 16 8 27 36 67 65 4 0 0 64 89 75 24 0 0 0 0 0 4 32 45 100 96 73 92 97 65 69 58 59 14 35 25 32 27 44 22 17 21 28 80 54 41 48 49 57 7 18 32 17 31 4 2 40 28 53 99 100 100 54 44 55 89 100 100 100 100
70 86 84 99 89 58 38 88 93 66 17 0 0 0 0 3 8 23 91 93 100 67 13 72 1 25 23 56 89 99 82 87 95 94 13 0 0 4 59 100 89 50 20 0 0 41 18 0 29 71 99 88 39 70 100 73 76 74 29 0 27 29 38 31 70 21 33 4 9 20 40 39 63 46 20 3 4 36 2 12 0 0 65 37 6 88 100 82 12 34 36 56 100 91 91 100
38 98 99 67 3 0 59 23 28 4 0 0 0 1 7 3 1 48 79 100 99 52 8 19 0 17 68 100 100 78 19 44 97 97 26 3 22 88 78 100 100 53 2 5 5 62 88 66 77 94 68 84 28 75 59 39 45 34 26 0 14 33 52 24 5 24 33 24 41 35 7 14 31 87 14 0 0 13 17 4 0 0 23 14 9 45 84 56 71 35 26 58 100 87 77 93
90 74 23 0 0 0 11 0 0 5 34 14 0 3 51 36 10 54 100 85 52 9 0 3 18 15 37 61 29 61 47 78 61 99 24 0 46 100 100 100 100 38 17 57 69 93 88 83 76 55 30 18 34 60 44 20 38 40 30 47 44 31 4 52 39 49 17 57 62 70 22 24 22 100 23 20 0 38 30 4 0 0 24 24 22 39 87 55 100 79 66 52 83 99 15 8
15 0 0 3 0 0 0 13 21 53 100 52 3 7 80 89 75 99 98 43 16 19 50 19 45 35 20 25 39 86 77 26 18 100 70 24 39 73 83 98 71 88 58 100 93 61 29 14 6 67 25 57 13 18 31 34 7 26 80 95 51 58 65 67 27 40 75 17 17 62 27 78 72 100 92 13 0 30 36 63 7 0 0 0 4 29 69 95 99 72 11 41 61 90 8 22
