data/habitatmaps/RS_maps/habitat_Certhia.familiaris_2019.asc
NCOLS 369 
NROWS 228 
XLLCORNER 479000 
YLLCORNER 73000 
CELLSIZE 1000 
NODATA_value -9 
[rows 126 to 188 of 228, columns 192 to 287 of 369]
0 0 0 0 0 0 0 0 0 0 0 0 0 5 0 50 96 83 57 96 44 0 0 0 0 0 0 0 0 0 0 0 0 0 0 1 28 67 36 67 91 88 13 90 67 100 50 1 22 50 2 0 0 68 7 0 0 0 0 0 0 0 52 62 57 67 100 55 0 0 0 1 33 77 47 3 0 15 33 42 39 41 33 7 50 100 66 59 69 66 57 47 39 0 0 0
0 0 0 0 0 0 0 0 0 0 0 0 0 0 0 10 61 62 52 26 0 0 0 0 0 0 0 0 0 0 0 0 0 0 27 92 77 34 67 100 86 55 0 24 56 95 49 1 0 0 0 0 0 12 0 0 0 0 0 0 0 22 54 30 86 100 100 80 0 0 0 9 33 97 31 0 0 0 0 0 24 31 42 69 59 74 97 82 39 31 78 51 71 6 0 0
0 0 0 0 0 0 0 0 0 0 0 0 0 0 0 0 67 45 68 5 0 0 0 0 0 0 0 0 0 0 0 0 0 32 53 46 1 90 100 16 0 0 0 0 48 93 95 23 0 0 0 0 0 0 0 0 0 4 12 48 48 47 38 73 86 79 100 63 14 0 0 24 29 87 6 38 25 2 7 59 96 100 91 63 100 100 100 96 29 54 86 20 82 46 0 64
0 0 0 0 0 0 0 0 0 0 0 0 0 0 0 0 55 61 54 0 0 0 0 0 0 0 0 0 0 6 1 23 26 26 76 4 57 89 73 68 0 0 0 0 45 27 83 5 0 0 0 0 0 0 0 0 3 36 14 65 86 67 56 72 48 9 88 57 0 0 16 37 58 57 0 36 42 32 88 76 86 100 65 98 47 40 48 72 96 57 39 34 37 79 61 81
0 0 0 0 0 0 0 0 0 0 0 0 0 0 0 1 55 64 20 0 0 0 0 0 0 0 0 0 19 26 2 30 18 70 47 55 65 24 31 64 0 0 0 0 0 43 61 47 0 0 0 0 0 0 22 28 75 31 44 75 100 100 73 81 4 0 21 2 0 0 7 89 18 33 56 0 31 71 42 61 52 100 97 93 61 51 76 100 100 73 83 74 33 30 52 82
0 0 0 0 0 0 0 0 0 0 0 0 0 1 78 76 68 44 25 0 0 0 0 0 0 0 0 1 11 20 66 47 56 98 70 39 22 39 16 42 0 0 0 0 0 0 49 69 0 0 0 0 0 0 35 89 60 25 78 80 37 100 98 61 58 9 0 0 0 13 28 45 0 1 14 0 22 0 0 0 3 69 100 66 5 13 85 74 86 41 39 61 25 40 55 70
0 0 0 0 0 0 0 0 0 0 0 0 6 0 0 56 39 13 0 0 0 0 0 0 0 1 37 35 45 22 38 95 47 73 27 70 41 41 0 14 0 0 0 0 0 0 30 57 1 0 0 0 0 0 8 8 58 88 44 21 11 98 100 95 35 0 0 0 0 43 52 11 0 0 0 0 0 0 0 13 59 1 80 87 50 0 13 5 60 84 34 12 77 100 100 100
0 0 0 0 0 0 0 0 0 0 0 0 24 0 0 0 0 0 0 0 0 0 0 0 0 13 9 8 2 0 0 9 0 1 0 5 41 62 1 0 0 0 0 0 0 0 0 16 2 0 0 0 0 0 0 50 79 79 18 0 1 51 100 68 0 0 0 0 0 34 6 0 0 0 0 0 0 0 0 6 16 0 3 73 97 22 0 2 15 82 83 23 93 100 87 79
0 0 0 0 0 0 0 0 0 0 0 0 0 0 0 0 0 30 3 0 0 0 0 0 0 0 0 0 0 0 0 0 0 0 0 0 59 84 21 0 0 0 0 0 0 0 0 0 0 0 0 0 0 0 35 98 32 3 0 0 0 40 100 19 0 0 0 0 0 0 0 0 0 0 0 0 0 0 16 29 10 0 43 100 96 24 0 0 0 0 83 86 39 55 28 13
0 0 0 0 0 0 0 0 0 0 0 0 0 0 0 0 0 0 0 0 0 0 0 0 0 0 0 0 0 0 0 0 0 0 0 6 45 10 0 0 0 0 0 0 0 0 0 0 0 0 0 0 0 0 55 66 4 0 0 0 0 7 45 46 0 0 0 0 0 0 0 0 0 0 0 0 0 0 18 46 33 25 76 61 4 0 0 0 0 0 49 95 8 40 46 2
0 0 0 0 0 0 0 0 0 0 0 0 0 0 0 9 6 0 0 0 0 0 0 0 0 0 0 0 0 0 0 0 0 0 0 0 60 0 0 0 0 0 0 0 0 0 0 0 0 0 0 0 0 0 6 7 0 0 0 0 0 27 22 56 0 0 0 0 0 0 0 0 0 0 0 0 13 33 85 97 57 4 70 50 0 0 0 0 0 2 62 54 0 0 60 60
0 0 0 0 0 0 0 0 0 0 0 0 0 0 0 17 1 0 0 0 0 0 0 0 0 0 0 0 0 0 0 0 0 0 0 0 5 0 0 0 0 0 0 0 0 0 0 0 0 0 0 0 0 0 0 0 0 0 0 0 0 0 25 48 0 0 0 0 0 0 0 0 0 0 0 0 0 2 8 73 77 29 100 52 0 0 0 0 0 39 79 51 0 0 82 97
0 0 0 0 0 0 0 0 0 0 0 0 0 0 0 0 0 0 0 0 0 0 0 0 0 0 0 0 0 0 0 0 0 0 0 0 0 0 0 0 0 0 0 0 0 0 0 0 0 0 0 0 0 0 0 0 0 0 0 9 44 90 57 0 0 0 0 0 0 0 0 0 0 0 0 0 0 0 7 99 63 64 86 8 0 0 0 0 0 61 87 26 2 0 23 80
0 0 0 0 0 0 0 0 0 0 0 0 0 0 0 0 0 0 0 0 0 0 0 0 0 0 0 0 0 0 0 0 0 0 0 0 0 0 0 0 0 0 0 0 0 0 0 0 0 0 0 0 0 0 0 0 0 0 0 68 84 40 46 6 0 0 0 0 0 0 0 0 0 0 0 0 0 0 7 87 93 90 83 0 0 0 0 0 0 0 6 46 73 24 28 72
0 0 0 0 0 0 0 0 0 0 0 0 0 0 0 0 0 0 0 0 0 0 0 0 0 0 0 0 0 0 0 0 0 0 0 0 0 0 0 0 0 0 0 0 0 0 0 4 35 4 0 0 0 0 0 0 0 0 45 40 1 0 0 0 0 0 0 0 0 0 0 0 0 0 0 20 59 28 12 30 93 100 71 3 0 0 0 0 0 0 0 22 68 99 98 30
0 0 0 0 0 0 0 0 0 0 0 0 0 0 0 0 0 0 0 0 0 0 0 0 0 0 0 0 0 0 0 0 0 0 0 0 0 0 0 0 0 0 16 36 25 0 31 47 7 0 0 0 0 0 0 0 0 22 14 0 0 0 0 0 0 0 0 0 0 0 0 0 0 0 37 68 6 77 100 34 90 100 99 23 0 0 0 0 0 0 0 49 89 30 89 96
0 0 0 0 0 0 0 0 0 0 0 0 0 0 0 0 0 0 0 0 0 0 0 0 0 0 0 0 0 0 0 0 0 0 0 0 0 0 0 0 11 12 69 43 64 28 17 66 0 0 0 0 0 0 0 0 0 0 0 0 0 0 0 0 0 0 0 0 0 0 0 0 17 43 76 80 88 87 100 88 87 83 54 16 0 0 0 0 0 0 0 87 25 0 45 89
0 0 0 0 0 0 0 0 0 0 0 0 0 0 0 0 0 0 0 0 0 0 0 0 0 0 0 0 0 0 0 0 0 0 0 0 0 0 0 39 99 54 71 35 78 36 31 9 0 0 0 0 0 0 0 0 0 0 0 0 0 0 0 0 0 0 0 0 17 24 18 41 17 22 91 86 39 12 47 1 21 95 98 19 0 0 0 0 0 0 4 19 0 0 68 62
0 0 0 0 0 0 0 0 0 0 0 0 0 0 0 0 0 0 0 0 12 24 5 0 0 0 0 0 0 0 0 0 0 0 0 0 0 0 0 18 56 51 76 98 0 12 0 0 0 0 0 0 0 0 0 0 0 0 0 0 0 0 0 0 0 0 0 21 64 80 56 82 66 92 29 7 0 0 0 0 0 75 59 3 0 0 0 0 0 0 0 0 0 0 6 79
0 0 0 0 0 0 0 0 0 0 0 0 0 0 0 0 0 0 12 33 50 82 10 0 0 3 0 0 0 0 0 0 0 12 33 11 0 0 0 41 51 28 18 57 60 66 2 0 0 0 0 0 0 0 0 0 0 0 0 0 0 0 0 0 16 19 0 8 38 11 12 8 7 48 0 0 0 0 0 0 1 80 19 0 0 0 0 0 0 0 0 0 0 0 4 91
21 0 0 0 0 0 0 0 0 0 0 0 0 0 0 0 3 19 33 85 61 60 0 11 55 43 9 0 0 0 0 0 0 15 79 35 11 0 33 85 70 90 82 32 88 14 0 0 0 0 0 0 0 0 0 0 0 0 0 0 0 0 0 0 62 40 32 36 0 0 0 0 0 0 0 0 0 0 0 0 13 96 61 2 0 0 0 0 0 0 0 0 0 0 41 58
22 24 0 0 0 0 0 0 0 0 0 0 0 0 15 27 71 20 7 31 14 64 52 60 65 70 9 17 1 0 0 0 0 0 5 28 48 64 71 54 80 71 88 100 59 88 53 0 0 0 0 0 0 0 0 0 0 0 0 0 0 0 0 0 0 16 2 0 0 0 0 0 0 0 0 0 0 0 0 0 16 70 74 46 3 0 0 0 0 0 0 0 0 3 84 94
38 28 0 0 0 0 0 0 0 0 1 2 34 18 44 64 81 77 84 58 0 49 71 76 55 57 20 75 47 4 0 0 0 0 0 0 12 31 11 12 3 66 100 100 84 80 79 0 0 0 0 0 0 0 0 0 0 0 0 0 0 0 0 0 0 0 0 0 0 0 0 0 0 0 0 0 0 0 0 0 0 0 0 36 95 62 49 0 0 0 0 0 0 0 15 21
0 0 0 0 0 0 0 0 0 0 6 36 47 40 10 50 1 0 0 3 44 61 67 96 68 39 20 31 32 61 11 12 5 9 0 0 0 0 0 0 0 1 54 98 87 67 94 27 5 0 0 0 0 0 0 0 0 0 0 0 0 0 0 0 0 0 0 0 0 0 0 0 0 0 0 0 0 0 0 0 0 0 0 2 66 57 0 0 0 0 0 0 0 0 0 0
0 0 0 0 0 0 0 0 1 31 37 60 35 0 0 0 0 0 0 0 6 46 19 33 52 92 85 68 51 93 95 56 47 64 71 23 13 0 0 0 19 28 0 28 68 53 100 92 58 0 0 0 0 0 0 0 0 0 0 0 0 0 0 0 0 0 0 0 0 0 0 0 0 0 0 0 0 0 0 0 0 0 0 0 45 63 5 0 0 0 0 0 0 0 0 0
0 0 0 0 0 0 0 0 48 16 60 15 0 0 0 0 0 0 1 2 0 0 0 0 0 29 14 57 65 76 90 77 84 58 67 44 87 11 0 0 49 69 57 73 41 63 100 53 35 0 0 0 0 0 0 0 0 0 0 0 0 0 0 0 0 0 0 0 0 0 0 0 0 0 0 0 0 0 0 0 0 0 0 0 2 69 53 6 0 0 0 0 0 0 0 0
0 0 0 0 0 0 0 9 1 0 0 0 0 0 0 0 0 0 22 74 58 13 0 0 0 0 0 6 80 56 52 70 64 42 47 67 28 60 19 0 0 67 91 39 45 95 80 0 0 0 0 0 0 0 0 0 0 0 0 0 0 0 0 2 0 0 0 0 0 0 0 0 0 16 21 18 0 0 0 0 0 0 0 0 0 5 50 57 34 0 0 0 0 0 0 0
0 0 0 0 0 0 0 19 0 0 0 0 0 0 0 0 0 0 0 37 6 61 4 0 0 0 0 0 21 86 87 44 76 51 24 53 25 96 20 14 15 61 95 39 57 100 58 0 0 0 20 40 3 0 0 0 0 0 0 0 0 0 0 36 17 0 0 0 0 0 0 0 0 46 45 14 0 0 0 0 0 0 0 0 0 0 18 0 26 7 0 0 0 0 0 0
0 0 0 0 0 0 0 0 0 0 0 0 0 0 0 0 0 0 0 0 24 27 40 26 0 0 0 0 2 33 73 99 83 61 54 57 46 100 44 12 14 24 67 42 55 100 75 8 0 0 2 85 63 42 4 0 0 0 0 0 0 0 0 42 36 0 0 0 0 0 0 0 8 66 36 1 27 33 7 0 0 0 0 0 0 0 0 0 0 0 0 0 0 0 0 0
0 0 0 0 0 0 0 0 0 0 0 0 0 0 0 0 0 10 1 0 0 16 55 79 32 17 0 0 0 13 69 83 74 62 70 90 94 83 75 21 0 55 97 52 59 100 100 89 6 0 0 86 66 3 0 0 0 0 0 0 0 0 4 77 99 18 0 0 0 0 0 0 14 29 29 42 27 57 6 0 0 0 0 0 0 0 0 0 0 0 0 0 0 0 0 0
0 0 0 0 0 0 0 0 0 0 0 0 0 0 0 0 15 62 65 0 0 15 84 65 51 0 0 0 0 57 95 16 55 53 100 100 100 100 87 87 1 18 86 100 88 74 100 100 61 10 30 58 49 10 0 0 0 0 0 0 0 0 0 63 24 34 2 0 0 0 2 19 89 58 66 66 57 50 0 0 0 0 0 0 0 0 0 0 0 0 0 0 0 0 0 0
0 0 0 0 0 0 0 0 0 0 0 0 0 0 0 0 3 0 52 0 3 80 94 97 45 0 0 0 0 2 16 0 0 3 90 100 63 87 50 95 72 8 92 100 98 88 65 100 94 79 71 69 83 87 8 0 0 0 3 20 0 0 0 67 72 75 56 10 0 0 3 24 10 0 78 77 69 67 25 0 0 0 0 0 0 0 0 0 0 0 0 0 0 0 0 0
0 0 0 0 0 0 0 0 0 0 0 5 19 0 0 0 25 73 5 0 3 51 47 82 14 0 0 0 0 0 0 0 0 4 87 97 100 98 100 76 87 81 46 98 76 83 62 73 65 87 93 100 100 97 72 2 0 0 34 73 15 0 1 47 47 64 69 50 15 0 0 0 0 0 43 77 19 15 0 0 0 0 0 0 0 0 0 0 0 0 0 0 0 0 0 0
0 0 0 0 0 0 0 0 0 0 0 61 85 51 24 0 0 73 73 67 35 20 93 95 19 0 0 0 0 0 0 0 3 58 76 84 76 69 100 72 75 66 57 68 75 83 62 38 98 100 100 100 100 63 33 1 0 0 53 78 4 0 0 0 18 76 40 41 53 0 0 0 0 19 86 61 38 76 49 0 0 0 0 0 0 0 0 0 0 0 0 0 0 0 0 0
0 0 0 0 0 0 0 0 0 0 1 95 100 100 41 0 0 7 85 67 99 92 98 28 0 14 66 32 0 0 0 3 79 100 96 100 70 100 93 54 97 60 100 94 63 79 62 4 96 100 88 72 69 78 0 0 0 3 89 100 17 0 0 0 33 97 34 47 55 0 0 0 0 2 58 70 46 88 86 31 0 0 0 0 0 0 0 0 0 0 0 0 0 0 0 0
0 0 0 0 2 0 0 0 0 0 0 23 100 100 26 0 0 5 39 58 99 100 84 91 45 83 97 44 0 0 0 0 9 53 52 57 88 100 100 45 59 66 100 100 85 96 97 16 100 76 67 5 11 6 0 0 0 32 100 94 48 0 0 0 65 100 28 71 55 0 0 0 0 2 45 51 71 77 2 0 0 0 0 0 0 0 0 0 0 0 0 0 0 0 0 0
0 0 0 0 52 1 0 0 0 0 0 9 100 100 79 4 0 0 0 3 80 100 74 94 100 100 56 4 0 0 0 0 0 0 0 13 70 83 100 100 60 71 98 94 100 100 94 96 98 81 59 53 87 66 13 0 0 31 96 54 0 0 0 0 30 86 51 86 86 0 0 0 0 0 7 80 92 54 12 0 0 0 0 0 0 0 0 0 0 0 0 0 0 0 0 0
0 0 0 10 46 56 1 0 0 0 0 0 89 100 65 0 0 0 0 0 62 100 75 64 61 100 56 0 0 0 21 66 82 33 0 0 0 30 100 100 100 69 39 75 100 90 25 34 100 100 92 87 54 97 95 33 1 53 91 53 3 0 0 13 93 64 84 100 55 0 0 0 0 0 22 77 55 44 27 21 0 0 0 0 0 0 0 0 0 0 0 0 0 0 0 0
0 0 0 5 55 58 2 0 0 0 0 0 68 100 100 45 34 22 6 4 48 90 83 98 51 48 29 0 0 0 0 15 68 54 40 0 0 40 100 90 100 100 70 24 74 97 30 39 92 54 59 92 96 93 47 6 5 79 54 72 31 0 0 37 100 98 86 100 55 1 0 0 0 0 15 60 78 62 68 50 8 0 0 0 4 0 0 0 0 0 0 6 11 0 26 38
0 0 11 69 49 80 19 0 0 1 18 0 68 100 100 96 56 66 11 89 80 84 80 100 30 0 0 0 0 0 0 0 77 76 78 0 0 4 21 86 100 100 100 91 52 15 2 90 36 0 0 9 54 36 0 0 0 66 70 70 67 1 0 43 100 95 40 39 78 53 0 0 2 71 74 69 80 66 70 6 0 19 42 62 64 3 23 36 50 53 63 78 100 79 100 100
0 0 0 0 53 59 30 0 0 2 24 71 83 31 17 74 74 74 72 57 68 99 78 53 20 0 0 0 0 0 39 75 100 100 51 0 0 0 26 20 81 100 100 100 100 50 1 83 91 44 0 0 4 0 0 0 0 66 80 78 40 2 29 94 100 69 78 82 98 97 49 0 13 98 100 100 95 76 55 20 40 50 75 46 67 16 84 69 95 85 59 80 70 66 41 64
0 0 0 3 43 66 32 0 0 0 1 37 10 0 0 36 80 100 66 99 100 95 85 77 21 0 0 0 0 61 100 100 62 77 14 68 56 0 0 84 100 100 100 100 100 100 28 75 100 35 4 12 0 0 0 0 24 62 82 76 9 0 24 43 86 91 100 100 100 49 67 0 0 69 90 100 68 81 98 89 97 91 98 96 62 66 90 85 70 51 46 68 86 98 98 90
23 8 26 91 76 100 21 0 0 0 0 0 0 12 0 0 64 100 65 100 100 98 77 84 7 1 21 1 0 5 70 75 100 66 100 100 100 25 8 98 100 100 68 82 100 100 43 61 100 90 92 100 56 0 0 0 74 98 55 72 35 0 1 48 86 62 100 92 18 51 12 0 0 2 2 88 100 100 67 68 38 52 31 55 65 60 68 77 85 85 96 100 85 97 70 1
49 60 63 75 90 100 57 0 0 0 0 44 65 99 42 0 55 100 69 100 100 90 75 10 0 34 84 8 0 0 0 22 92 85 100 67 21 0 31 12 72 86 31 99 100 100 47 79 100 100 100 100 47 0 0 0 66 88 77 92 0 0 46 96 47 80 100 100 81 65 0 0 4 68 68 98 100 100 49 8 82 100 97 100 98 81 96 92 70 98 97 61 22 50 23 12
19 86 90 75 67 13 9 0 0 7 78 100 100 100 98 32 98 100 70 100 82 48 0 0 0 56 88 92 78 57 16 11 85 72 100 82 6 0 0 0 8 0 79 100 100 100 73 53 96 100 100 100 96 6 0 0 41 74 88 69 0 10 83 90 44 100 100 99 100 72 4 1 10 84 100 100 100 97 20 24 78 98 79 100 100 97 89 58 74 73 15 0 0 0 0 0
92 82 99 29 0 0 0 0 9 72 72 88 100 79 99 98 100 97 47 100 100 96 55 17 53 12 67 100 100 100 57 65 100 64 100 100 18 0 0 0 0 0 2 39 70 100 90 47 78 100 100 96 13 0 0 16 94 100 57 40 0 59 100 58 80 100 100 64 46 0 0 0 70 97 100 100 100 43 1 67 97 100 100 96 38 63 57 0 0 0 0 0 0 0 0 0
77 89 66 22 0 0 0 3 78 61 43 94 100 98 99 100 100 100 96 48 97 100 85 36 95 12 18 21 78 93 100 100 96 69 100 58 2 19 30 30 34 5 3 70 100 100 100 31 48 100 100 63 0 0 0 46 100 82 62 63 35 100 79 66 100 93 59 36 0 0 0 3 42 74 43 90 79 9 4 80 99 94 100 46 0 4 7 0 0 2 34 33 0 0 0 0
85 56 35 4 0 0 0 15 40 84 83 100 100 100 97 100 100 100 100 69 45 78 97 79 91 91 92 13 0 33 92 100 71 88 76 0 35 96 27 90 83 0 84 100 100 100 100 55 28 99 100 96 19 0 21 45 100 55 99 71 36 88 69 94 96 18 15 14 0 0 0 8 43 66 55 72 88 28 0 34 98 17 55 22 0 0 0 0 0 26 99 29 0 0 0 0
96 57 4 0 0 1 2 56 96 37 86 99 100 98 27 31 34 57 99 100 100 90 60 91 100 100 49 27 55 4 12 86 100 85 51 6 34 92 38 100 38 0 32 60 100 100 100 65 61 54 100 100 55 4 18 100 100 99 100 66 55 71 62 100 75 0 0 0 0 0 10 19 64 85 83 100 100 88 0 19 77 30 37 7 11 0 34 54 63 91 98 7 0 0 0 0
89 20 0 0 3 46 91 99 60 89 39 41 57 41 10 0 0 38 100 100 100 100 100 53 75 100 81 92 100 15 0 20 100 97 88 8 54 100 100 98 4 0 7 72 100 100 100 100 39 57 92 100 97 33 26 100 78 100 88 87 88 71 68 100 77 33 24 0 0 21 67 99 65 68 100 71 99 100 4 0 45 72 39 45 49 0 19 60 75 100 86 6 0 0 48 0
100 96 0 0 32 96 87 100 94 76 0 0 0 0 0 0 0 30 48 34 55 98 100 99 48 56 67 100 100 84 45 0 48 100 100 97 80 100 100 100 95 24 1 46 91 100 100 100 79 25 31 100 100 88 92 100 93 100 57 60 85 48 100 100 100 100 83 7 0 52 86 7 81 38 88 47 95 100 40 0 0 58 74 61 44 2 69 77 64 74 52 0 0 26 76 9
95 71 1 0 14 28 48 8 6 25 35 0 0 0 0 0 14 67 14 0 0 0 72 100 100 52 75 20 100 100 96 51 0 53 95 100 89 57 100 100 100 100 66 0 2 90 100 100 100 100 63 2 85 100 100 100 100 75 96 85 63 37 100 85 26 55 98 31 0 40 11 33 61 10 20 85 100 100 89 6 0 22 64 72 68 38 73 42 8 0 0 0 0 40 100 78
72 70 0 0 0 0 0 0 0 0 0 0 38 53 15 26 21 28 51 42 11 26 95 100 100 98 65 55 93 64 56 52 0 0 22 64 67 92 100 95 30 13 20 0 0 30 44 70 89 100 97 35 68 100 100 100 100 100 98 81 55 29 89 100 96 18 2 36 7 0 3 0 2 1 0 0 5 73 100 98 53 23 0 52 80 41 98 53 74 34 0 0 0 0 38 46
88 100 46 32 67 4 0 0 0 0 11 71 100 77 100 100 92 64 79 94 92 83 60 47 76 100 97 30 89 73 82 98 15 0 0 0 15 83 100 72 0 0 0 0 0 0 2 20 88 96 100 36 53 99 79 69 56 5 13 8 64 100 100 100 100 16 0 0 0 0 0 2 8 0 0 0 0 13 76 86 96 -9 3 16 44 28 99 56 37 1 0 0 0 0 0 2
100 52 0 49 86 1 0 0 0 0 0 8 53 75 93 100 95 87 100 100 100 100 54 5 96 100 100 55 43 71 90 21 38 24 22 94 99 74 78 87 65 18 34 7 0 0 5 36 100 100 100 92 41 16 44 85 100 100 92 95 100 100 100 100 98 23 0 0 0 0 40 78 66 37 4 51 9 10 84 100 37 -9 -9 14 10 48 71 98 58 12 0 0 0 0 0 0
99 27 0 65 86 37 37 44 0 0 1 16 0 6 0 14 80 67 96 100 100 100 79 25 83 67 100 100 100 56 73 60 81 20 0 21 99 100 40 100 100 90 77 25 0 8 45 93 100 100 100 99 7 23 100 100 100 100 100 100 100 100 100 66 10 0 0 0 0 0 0 8 72 17 19 47 3 2 40 60 -9 -9 -9 -9 -9 28 52 70 49 20 19 31 0 0 0 11
31 73 71 94 83 87 61 14 8 17 88 100 72 71 0 0 64 95 79 100 100 67 68 93 98 97 100 100 100 78 92 100 100 46 43 75 100 81 60 100 100 78 60 36 13 68 100 100 71 100 88 32 11 92 100 100 100 100 100 100 100 100 100 83 7 0 0 3 29 0 0 15 83 19 45 59 73 78 100 100 -9 -9 -9 -9 -9 -9 100 100 100 93 53 18 0 0 0 40
37 99 99 66 14 68 36 0 4 80 100 98 75 94 88 42 43 85 100 100 100 86 50 71 65 100 96 82 100 66 68 100 100 65 79 96 100 68 35 100 100 100 100 99 100 80 86 100 100 93 41 0 38 100 100 100 100 100 100 95 100 100 100 95 16 0 21 50 34 15 25 33 39 97 100 96 90 62 73 82 -9 -9 -9 -9 -9 -9 -9 -9 -9 -9 0 0 0 0 0 34
82 100 73 91 4 0 0 0 9 45 41 97 99 100 100 100 100 100 100 100 100 100 100 100 100 100 83 56 88 63 86 100 99 39 95 100 100 93 86 76 97 100 100 100 74 84 54 83 71 3 1 0 40 100 100 100 100 100 96 15 44 99 96 87 3 0 65 100 43 15 68 25 62 76 81 68 81 79 76 100 -9 -9 -9 -9 -9 -9 -9 -9 -9 -9 -9 -9 -9 -9 -9 53
100 51 76 72 7 0 0 0 20 17 39 79 34 92 91 95 100 95 94 100 86 99 100 100 100 100 100 89 43 0 21 100 70 100 94 61 62 56 52 76 5 29 19 38 67 68 72 56 19 3 0 44 87 100 100 100 85 41 29 9 0 11 19 18 0 1 76 100 36 2 74 74 96 78 100 71 83 65 21 -9 -9 -9 -9 -9 -9 -9 -9 -9 -9 -9 -9 -9 -9 -9 -9 -9
92 64 100 64 0 16 47 17 84 22 10 8 1 73 37 56 51 1 7 25 9 88 75 100 100 74 69 74 53 45 14 50 94 43 5 2 16 19 10 1 0 0 0 1 7 0 10 1 0 0 11 73 96 100 100 100 100 87 75 52 49 0 0 0 13 0 43 71 41 26 79 70 52 73 96 52 56 0 -9 -9 -9 -9 -9 -9 -9 -9 -9 -9 -9 -9 -9 -9 -9 -9 -9 -9
64 97 100 81 4 39 72 78 71 31 46 48 53 12 34 98 98 80 54 84 94 93 100 100 84 99 100 100 100 96 75 0 11 6 0 0 0 0 26 16 0 0 0 42 6 0 0 0 0 21 59 100 100 100 100 100 100 100 100 53 45 2 0 0 53 64 71 95 100 93 84 89 48 73 52 8 0 0 -9 -9 -9 -9 -9 -9 -9 -9 -9 -9 -9 -9 -9 -9 -9 -9 -9 -9
93 100 100 49 32 81 91 75 82 72 73 87 83 91 93 70 76 62 86 100 99 84 100 100 100 100 100 100 100 81 95 28 0 0 0 0 0 0 3 0 24 24 28 2 3 4 34 51 60 73 100 100 100 100 100 100 77 43 84 10 0 31 23 8 21 47 32 46 99 100 83 41 21 0 0 0 0 -9 -9 -9 -9 -9 -9 -9 -9 -9 -9 -9 -9 -9 -9 -9 -9 -9 -9 -9
