data/habitatmaps/RS_maps/habitat_Turdus.torquatus_2008.asc
NCOLS 369 
NROWS 228 
XLLCORNER 479000 
YLLCORNER 73000 
CELLSIZE 1000 
NODATA_value -9 
[rows 120 to 179 of 228, columns 192 to 287 of 369]
44 69 89 81 28 41 60 18 19 56 89 94 88 41 92 89 100 98 59 76 58 91 80 54 32 69 50 39 71 74 100 100 86 2 75 84 100 52 44 23 41 98 89 64 67 94 98 71 19 47 83 79 40 2 43 58 43 58 70 53 53 64 89 46 19 16 79 43 52 89 90 100 78 13 80 75 85 99 82 96 49 3 9 63 83 83 36 62 13 22 32 19 31 22 99 99
94 74 75 91 75 37 26 86 89 82 59 93 97 72 78 46 100 95 45 70 82 66 35 77 82 64 67 76 92 85 100 100 92 6 73 75 94 87 79 58 29 59 69 16 38 80 87 34 25 24 16 5 6 22 55 61 93 46 14 7 56 47 35 25 49 47 25 83 52 34 84 74 28 0 8 66 96 93 64 37 68 0 0 82 96 75 84 13 2 26 12 44 52 45 100 93
79 93 60 68 69 8 60 39 43 46 67 65 57 96 82 38 66 93 24 65 45 72 89 100 100 100 100 100 100 100 91 79 90 55 97 96 47 100 100 51 42 33 62 96 65 65 53 5 0 0 16 65 64 56 41 24 4 10 9 21 33 31 35 53 78 62 47 42 83 76 55 43 24 58 43 88 100 66 29 23 28 1 5 37 77 96 64 0 2 45 30 85 26 88 100 100
49 40 44 84 71 31 63 8 39 29 43 65 34 14 41 98 84 57 49 40 12 93 100 100 100 100 46 96 100 100 84 15 96 100 100 81 99 97 27 41 72 73 97 73 22 9 7 20 13 58 100 79 87 19 66 42 66 31 29 27 12 5 16 20 57 56 31 80 81 96 100 69 15 86 79 100 97 18 16 16 55 3 0 15 92 78 35 20 19 25 25 59 84 55 79 100
45 86 14 69 100 94 72 26 79 51 73 41 43 23 17 26 76 82 100 75 46 100 100 100 100 100 72 91 100 100 94 43 18 45 100 100 96 19 43 82 100 88 28 7 2 25 83 70 73 84 87 98 64 67 97 76 39 12 27 9 6 0 0 10 69 28 78 81 69 41 92 23 40 75 88 100 84 1 37 7 18 7 0 6 78 47 86 35 15 0 5 25 96 16 56 100
85 94 85 30 14 15 51 44 72 61 73 74 66 61 23 83 80 100 98 33 73 100 100 100 98 99 76 93 100 94 65 96 93 100 84 49 36 70 94 99 69 60 43 43 29 87 91 48 82 78 86 36 11 95 43 43 48 18 0 10 8 0 0 31 39 45 95 82 2 10 21 36 81 44 99 81 74 1 38 44 22 15 0 0 64 98 76 56 54 18 17 64 79 93 95 95
77 71 55 73 36 71 83 73 42 45 5 94 66 26 50 76 97 99 60 92 100 91 100 100 95 45 19 66 100 44 60 100 97 23 0 48 45 67 33 53 91 94 36 97 71 99 63 24 51 61 55 6 17 76 25 23 28 10 1 1 0 0 0 27 57 67 99 92 83 43 5 29 34 67 100 87 84 22 34 42 40 41 4 3 51 100 65 66 72 67 60 74 94 100 82 53
80 49 90 87 94 59 79 16 74 100 63 79 99 100 100 96 98 63 36 91 100 75 100 100 100 97 96 97 100 27 43 97 63 21 69 97 77 18 49 83 100 67 39 71 52 94 51 48 47 24 89 43 34 19 14 4 0 0 25 6 0 0 7 23 86 89 79 94 28 23 0 18 33 98 72 60 6 0 0 0 5 17 19 72 69 74 97 82 39 29 78 72 100 100 81 49
90 78 40 43 23 24 72 18 97 83 89 45 79 100 89 43 97 44 69 40 100 97 56 100 100 100 100 46 62 56 12 48 29 73 64 46 1 66 100 99 59 45 31 40 65 93 97 78 96 80 97 74 40 30 10 3 19 3 2 0 2 11 9 73 91 84 80 67 58 17 0 24 32 92 90 79 30 13 1 11 61 87 86 64 100 100 100 96 8 39 86 20 82 91 77 100
88 54 26 13 1 10 18 5 85 23 51 97 74 100 86 99 100 66 73 46 100 100 92 100 100 100 99 43 40 43 15 14 28 71 76 4 5 64 70 76 16 41 50 82 85 40 85 29 96 100 94 19 15 38 3 9 4 34 9 4 48 48 36 73 59 32 99 71 33 4 28 37 57 59 20 72 69 76 65 83 96 100 66 97 63 66 49 73 95 57 39 34 37 100 98 95
76 39 40 65 48 25 0 31 33 61 22 89 89 64 51 100 86 67 64 85 97 100 100 98 79 51 13 19 65 26 0 2 68 82 43 0 7 9 25 94 51 100 89 23 67 78 33 69 40 97 81 54 21 66 96 47 75 30 27 60 100 100 53 82 22 18 48 49 2 1 12 94 59 95 79 36 80 83 67 65 38 85 97 98 84 51 77 100 100 73 83 74 33 39 52 79
81 26 36 10 67 86 54 99 72 94 60 59 43 1 75 81 67 55 79 34 90 100 96 45 0 7 0 1 11 20 66 48 64 98 49 28 19 22 36 61 27 98 84 86 100 82 63 74 55 85 17 0 37 50 68 88 42 16 74 86 59 100 40 43 67 26 30 54 9 23 37 66 42 32 62 87 99 55 0 0 1 56 98 84 47 44 90 74 86 42 39 62 25 41 56 70
2 32 29 28 66 79 100 80 93 91 81 34 44 27 41 81 69 73 54 85 67 27 14 0 0 1 25 30 73 71 59 98 85 100 44 77 41 40 37 25 32 97 100 95 91 48 47 63 66 95 92 58 51 12 0 0 46 91 63 43 61 89 36 61 85 60 72 49 22 50 93 84 96 17 48 100 66 3 0 13 59 1 83 95 79 13 22 5 61 84 36 14 77 100 100 100
1 0 1 32 36 98 50 31 2 8 31 15 65 81 79 95 79 48 50 40 35 59 59 0 0 35 51 75 51 16 49 73 50 100 34 36 52 54 49 60 68 94 70 65 80 83 65 65 40 95 78 3 6 20 0 35 91 99 51 44 36 66 72 69 20 17 78 19 17 43 72 71 67 22 53 51 22 0 1 31 43 13 20 73 97 23 0 2 15 84 95 38 94 100 91 86
0 0 0 18 21 60 99 37 31 34 84 91 98 100 100 92 78 52 26 59 63 49 60 20 83 71 59 39 36 13 59 38 7 58 69 20 71 94 73 95 74 92 97 100 97 76 81 78 37 95 63 26 21 16 51 98 55 87 75 75 36 49 87 57 45 22 27 8 30 4 51 100 98 77 57 1 3 7 49 56 18 0 43 100 97 49 48 0 5 60 96 88 39 84 46 59
0 0 0 2 11 29 92 89 90 99 93 100 100 94 64 57 2 4 21 35 13 97 27 13 42 77 43 95 100 41 21 48 47 56 43 66 49 95 100 100 80 25 55 65 100 67 50 97 96 55 47 1 9 38 43 93 76 100 100 98 32 1 29 62 48 56 52 9 73 32 64 100 63 0 0 0 5 37 19 41 36 13 77 86 30 5 86 7 58 100 100 95 8 61 83 40
5 0 0 15 1 17 52 100 100 87 92 83 71 18 40 17 53 43 22 35 3 55 99 47 22 32 22 78 37 7 28 65 98 49 73 37 83 100 94 24 14 20 67 83 100 100 94 81 25 58 39 16 17 3 43 67 51 99 78 28 0 0 2 72 6 73 74 22 28 14 56 99 59 10 0 1 24 38 89 96 59 1 37 76 31 26 79 33 42 94 92 60 0 20 87 88
26 8 0 11 32 34 86 100 85 80 63 37 37 32 38 46 69 44 83 67 43 32 45 24 3 51 46 89 77 5 66 75 86 82 51 95 78 100 88 49 23 83 95 69 100 100 79 18 18 75 96 53 63 3 36 66 99 87 4 0 0 0 25 62 18 1 30 35 53 57 20 73 70 56 73 80 58 61 63 73 46 30 93 42 2 66 100 19 0 41 79 64 3 0 82 97
40 29 3 25 4 81 87 94 23 0 19 62 68 85 49 33 53 77 88 100 56 16 16 51 11 76 42 52 47 19 83 95 98 38 47 100 87 93 97 100 100 100 65 31 98 100 93 23 3 84 100 98 67 45 70 78 87 40 24 36 45 90 58 1 8 11 51 19 1 22 51 100 100 100 80 27 40 15 26 99 64 64 93 42 45 11 93 25 28 82 90 40 1 0 18 59
33 21 53 33 29 46 74 89 0 0 38 80 75 56 23 55 80 77 87 100 79 2 14 53 53 99 42 77 70 88 90 100 28 52 86 100 98 87 40 74 100 100 50 1 88 50 79 30 0 55 95 100 99 75 81 100 100 58 33 79 99 81 48 7 16 38 50 13 32 66 100 100 100 100 88 7 0 2 77 96 81 90 98 66 72 41 54 18 33 44 25 47 63 25 29 43
44 59 87 48 83 83 28 15 1 8 56 33 99 79 42 82 26 90 100 87 2 5 10 35 90 73 96 98 80 100 75 63 45 86 100 100 100 100 100 100 100 76 7 31 52 32 11 17 51 46 86 100 100 100 100 100 52 33 61 59 34 6 17 11 39 47 31 70 41 36 59 87 100 100 100 72 61 69 88 78 89 97 79 19 22 26 46 63 90 45 0 22 68 99 98 31
90 32 100 84 41 2 13 14 18 9 28 86 65 47 25 90 71 70 86 84 54 5 55 90 69 82 100 100 100 96 31 3 18 82 100 100 100 87 80 88 66 28 24 35 16 0 34 47 10 43 100 94 100 100 99 62 1 52 31 13 56 19 24 74 15 61 100 53 64 72 32 27 44 96 100 73 6 69 83 78 97 100 99 55 39 28 89 99 63 3 0 50 99 97 98 96
63 35 54 42 9 37 17 25 9 12 42 100 80 28 10 19 75 75 94 100 85 62 68 15 98 97 100 100 98 100 92 14 1 18 80 100 100 87 22 19 13 13 79 44 63 30 17 78 16 96 100 61 33 58 58 4 46 18 35 68 100 90 63 34 60 85 38 53 4 21 7 41 53 77 80 81 88 78 100 98 91 83 55 16 60 100 95 87 6 0 0 92 78 40 48 90
78 37 1 34 39 73 41 6 11 7 65 64 8 45 38 82 55 9 40 89 41 14 11 11 83 65 22 50 38 46 34 32 37 0 57 71 74 42 16 32 87 43 71 33 82 62 59 91 89 95 86 49 62 48 50 75 49 76 65 77 34 38 69 46 60 8 0 0 27 17 14 44 17 22 91 93 67 65 98 86 59 95 98 46 9 35 65 42 2 10 9 78 92 20 90 62
35 22 64 76 93 12 1 12 83 13 38 82 99 100 93 56 19 10 38 4 11 13 24 14 1 9 8 62 82 62 19 58 49 7 5 21 17 12 30 17 33 20 62 51 37 52 13 97 100 100 98 33 91 100 97 88 75 100 100 60 77 98 20 7 0 0 16 66 61 64 36 85 84 99 72 67 99 75 90 73 83 82 73 78 65 53 52 3 27 35 29 52 100 85 35 79
0 31 99 55 78 81 58 57 88 86 76 100 100 100 59 11 0 1 12 33 75 78 3 0 0 10 28 11 0 0 64 96 68 58 57 26 10 16 0 62 49 15 25 29 62 74 41 51 93 67 95 91 91 77 98 83 73 100 100 84 88 87 1 18 16 19 2 12 65 34 11 45 43 70 44 100 100 71 96 100 67 88 59 100 65 78 84 24 65 50 30 79 100 87 14 91
25 4 0 70 83 86 63 76 20 70 100 100 100 48 18 13 23 13 31 85 77 87 4 22 25 32 41 26 0 0 0 4 21 59 93 59 16 0 47 85 35 31 40 18 62 77 57 23 83 51 97 100 92 81 64 57 76 96 42 52 72 32 44 15 71 59 55 45 63 81 8 4 26 48 73 100 100 93 100 99 36 97 71 66 75 97 100 32 75 14 71 100 95 15 41 58
30 63 25 52 24 73 76 65 30 90 84 31 23 1 0 20 55 45 10 32 25 88 79 74 76 65 11 47 39 55 67 62 64 66 72 78 45 63 64 67 93 78 69 30 0 20 93 70 43 49 100 98 99 49 39 29 38 99 91 76 51 27 42 42 65 44 9 12 20 31 34 6 55 32 15 74 87 77 97 100 30 79 76 55 9 16 67 97 77 72 100 98 31 4 85 90
45 41 45 44 79 100 100 71 93 92 22 29 33 0 28 59 93 95 100 68 46 71 72 61 39 55 19 75 56 30 47 84 100 88 100 99 80 60 85 71 68 89 100 59 2 17 91 52 29 55 95 47 68 43 58 82 97 87 85 11 22 41 64 37 32 37 83 51 21 18 70 84 100 62 27 100 100 42 75 100 26 62 93 61 99 72 74 44 70 98 100 87 39 46 66 81
5 21 36 66 97 100 99 78 88 54 26 46 48 33 67 60 55 71 74 63 73 66 70 96 68 39 16 22 31 84 46 45 41 9 50 50 71 88 91 88 82 37 49 94 10 0 32 67 34 48 92 22 40 87 84 100 87 72 37 49 38 11 48 0 75 97 88 45 76 43 100 100 99 88 29 100 100 100 83 47 33 100 96 21 93 81 56 85 100 100 66 51 49 88 44 89
54 77 94 100 100 100 92 86 39 20 28 51 41 35 51 70 89 89 52 62 45 46 21 42 65 97 94 69 35 84 85 67 57 76 79 24 13 40 30 48 36 28 21 51 5 0 41 73 82 69 100 54 43 99 97 100 73 44 77 100 100 86 76 8 82 17 17 94 15 54 100 75 39 22 0 11 69 100 49 6 18 100 78 16 69 63 10 23 91 100 100 100 100 82 44 100
17 91 86 86 83 83 87 86 25 44 79 33 57 50 33 91 42 15 4 4 60 67 40 58 30 49 63 62 16 62 66 54 54 59 79 38 87 11 46 3 49 56 14 4 0 0 70 83 83 97 100 98 75 50 30 67 77 69 75 100 100 52 49 2 5 77 97 98 42 78 100 72 51 40 64 36 20 88 88 32 78 100 84 13 22 69 53 6 0 60 100 100 100 90 94 97
46 49 100 88 100 81 63 13 32 66 59 50 100 42 45 45 37 54 46 33 47 40 83 100 97 89 62 30 31 61 53 64 43 8 1 0 38 65 30 5 45 36 0 0 0 53 92 90 99 94 65 71 98 52 67 18 43 57 93 100 92 57 79 49 13 99 100 100 75 99 71 99 64 27 20 23 0 10 53 80 100 99 66 4 28 5 58 91 35 5 53 85 100 100 100 100
31 11 95 37 8 12 3 15 32 66 89 63 100 100 100 82 91 100 100 84 28 37 9 36 85 100 81 42 53 72 87 37 68 52 11 0 21 95 19 14 18 0 0 0 0 89 93 100 100 84 15 25 53 86 55 72 87 99 68 100 100 61 76 87 22 69 100 100 100 76 52 76 51 43 34 6 0 18 91 100 95 62 18 9 53 0 35 83 83 59 3 18 94 100 100 100
8 44 86 43 17 57 77 70 85 100 97 100 100 100 100 100 100 100 100 100 62 25 22 22 33 39 75 95 92 36 73 96 95 84 67 11 26 99 43 49 68 6 0 0 6 76 99 57 100 98 85 53 61 45 36 49 100 80 22 100 89 47 71 63 35 55 99 100 85 62 76 49 17 66 36 1 9 39 57 100 98 59 15 15 37 0 28 82 58 72 75 4 8 40 83 87
50 94 98 100 91 55 36 29 60 85 64 87 76 97 100 100 100 100 100 100 100 88 33 79 37 37 92 100 79 28 79 83 66 53 67 49 9 88 75 44 98 94 55 0 3 73 100 81 53 99 77 32 59 25 67 100 97 39 79 100 93 36 45 77 100 62 99 100 91 91 3 2 14 29 29 42 9 56 75 99 89 33 17 33 43 21 22 62 72 60 76 45 61 41 19 100
62 87 100 85 36 18 25 86 87 91 89 13 15 85 100 25 71 55 69 100 22 54 52 64 71 87 100 80 24 41 79 24 24 61 93 52 0 32 85 68 70 84 96 50 3 0 14 84 68 35 39 25 36 5 48 100 88 41 75 91 79 54 45 78 49 65 92 100 68 28 2 19 89 58 66 66 41 56 10 57 81 26 5 53 86 59 25 82 97 90 17 19 76 59 33 84
36 9 62 56 23 0 30 87 100 100 80 39 20 89 100 26 24 8 33 89 27 10 3 62 41 96 100 87 99 56 82 90 78 60 94 92 5 43 22 94 71 29 91 100 74 10 0 28 92 79 65 1 20 79 74 88 78 41 72 78 76 90 75 77 86 78 87 95 88 100 48 26 13 1 53 77 69 67 58 54 68 24 20 57 100 72 64 14 85 84 17 21 77 73 45 60
38 16 5 25 8 19 39 97 83 100 100 90 54 60 95 14 8 24 5 48 21 0 23 50 22 99 97 95 87 100 100 100 100 31 83 91 13 5 0 43 87 86 62 99 77 26 0 1 18 39 43 88 100 99 77 33 85 33 64 91 80 100 71 53 53 65 69 84 52 37 91 47 64 33 33 76 19 15 63 100 99 51 10 58 100 82 52 52 44 95 0 16 88 100 81 95
85 93 2 35 33 16 59 65 83 16 81 55 5 16 9 82 76 49 13 28 23 1 45 77 44 76 15 45 83 100 67 76 30 50 71 54 37 0 0 4 70 67 86 86 75 55 7 0 12 65 100 100 100 88 93 82 86 74 92 95 85 100 90 78 25 82 42 65 66 10 76 59 13 22 75 27 38 64 47 44 74 68 20 34 95 92 75 55 39 92 0 20 91 100 100 100
88 61 73 48 58 34 87 86 6 78 83 52 17 0 54 94 93 75 84 39 18 2 35 78 85 41 31 58 75 99 56 26 59 99 79 89 54 11 27 0 6 45 100 86 67 58 3 0 9 79 100 97 89 80 52 97 100 67 93 100 65 68 62 92 50 90 32 42 75 41 95 53 49 65 61 61 46 85 55 73 61 91 57 37 82 100 75 20 46 95 19 30 100 100 95 65
80 79 47 71 9 36 94 100 84 34 57 64 27 0 3 16 94 91 80 67 49 4 22 47 9 14 68 51 92 100 99 79 60 75 89 87 72 94 92 23 0 5 55 94 87 76 1 0 25 71 86 41 93 92 89 100 84 52 94 98 83 68 81 96 94 92 20 38 72 55 100 100 72 10 44 34 51 99 98 100 99 100 97 57 95 100 47 22 35 64 88 85 100 100 76 40
83 98 57 19 52 46 73 81 100 62 98 79 61 0 0 36 100 94 88 41 29 21 3 15 28 45 70 85 99 48 38 41 56 49 100 79 79 87 91 59 0 0 0 30 81 40 0 0 13 31 27 58 89 100 97 97 47 49 99 85 92 98 100 98 84 94 15 12 93 53 100 100 100 74 14 80 29 56 52 78 100 100 94 94 100 98 89 99 100 84 100 100 100 95 90 69
43 89 89 28 46 59 30 95 94 100 100 64 51 6 0 46 66 99 90 88 54 30 0 63 87 91 71 68 93 38 14 10 5 14 67 95 87 90 100 88 46 15 0 0 7 1 0 0 19 100 89 73 48 97 90 42 37 68 73 83 75 100 100 92 98 84 23 28 85 92 100 100 91 100 82 100 65 70 34 37 55 100 100 96 82 98 100 100 100 100 100 100 100 94 81 62
57 47 41 10 55 63 29 91 100 91 84 69 0 1 0 0 0 26 42 90 78 34 5 82 83 76 71 99 99 96 83 79 55 32 49 97 61 77 100 51 76 54 7 2 0 0 0 0 14 62 87 94 99 97 84 97 43 86 48 77 66 91 91 55 98 72 42 88 85 92 100 100 81 63 91 100 31 48 68 64 44 73 75 46 36 67 98 74 63 94 59 35 34 32 36 61
89 99 83 83 49 83 33 77 98 78 10 20 4 54 18 11 2 65 72 90 26 0 55 100 85 97 79 87 16 1 15 40 9 36 87 82 90 96 53 43 98 73 16 28 5 0 0 7 16 34 81 23 66 57 84 81 64 92 58 82 83 72 69 81 98 39 37 65 86 90 96 100 100 73 44 77 0 20 70 64 67 50 53 36 72 33 52 49 50 69 78 84 91 39 68 31
52 100 100 48 53 59 61 91 100 98 27 24 57 76 52 22 17 16 13 25 13 30 90 82 100 100 100 96 46 7 0 21 8 88 96 80 85 89 57 58 87 47 70 82 3 0 0 15 86 65 80 52 66 95 100 100 73 94 67 93 85 84 72 98 86 8 74 92 95 84 97 100 100 100 94 67 20 1 51 19 0 12 63 57 76 43 77 69 52 40 26 41 10 17 10 53
33 73 67 28 43 66 69 100 100 100 79 57 77 96 46 56 35 10 0 10 26 29 63 29 64 95 81 98 54 29 25 16 13 21 3 22 47 80 91 61 70 78 100 100 43 0 0 1 65 72 61 75 74 93 100 64 53 85 84 81 67 68 74 81 56 27 97 100 100 71 57 95 100 100 100 100 9 0 56 44 0 0 0 23 1 1 14 10 16 0 11 44 86 98 98 97
39 26 38 93 76 100 68 89 100 90 98 94 94 47 95 73 53 5 0 2 5 14 16 76 77 73 41 100 93 90 46 78 27 0 8 49 61 79 40 89 97 92 75 63 46 2 0 3 71 88 85 89 48 84 100 81 86 83 50 78 24 43 15 56 3 37 38 59 89 95 83 85 100 98 71 75 54 25 9 1 2 0 0 0 8 12 31 19 72 86 95 100 95 99 91 87
77 15 11 74 90 100 71 72 57 19 21 64 48 86 66 78 4 0 3 34 22 24 73 98 100 80 31 51 46 88 93 67 18 0 31 78 91 57 63 52 89 99 51 27 60 2 0 0 34 58 87 100 92 99 100 99 96 60 55 97 59 79 87 25 0 52 91 94 88 100 100 100 97 43 31 57 58 66 26 0 30 42 16 28 51 48 91 70 68 93 100 100 80 86 84 87
53 2 87 100 88 50 43 36 0 3 46 84 100 83 85 13 6 0 11 54 78 71 92 73 99 98 31 2 0 7 69 70 11 0 39 52 52 71 50 45 61 67 48 67 63 0 0 0 2 74 99 90 81 75 100 95 71 8 82 93 100 97 33 0 16 87 87 100 100 58 70 89 66 34 14 7 1 0 0 0 0 71 55 94 99 93 100 100 99 92 89 100 95 82 84 97
3 57 99 49 82 71 33 0 7 57 83 64 78 18 23 14 0 0 0 0 1 0 16 29 65 96 84 71 17 2 7 31 13 1 45 78 82 7 34 78 58 66 96 82 60 8 0 0 0 28 59 94 63 85 95 59 86 32 49 86 79 32 4 2 73 100 100 89 42 30 70 74 76 72 28 1 0 0 0 0 6 21 84 100 99 76 100 100 100 100 100 100 100 65 64 63
20 89 66 41 71 96 73 30 74 57 69 70 26 4 53 53 49 12 14 1 0 0 0 9 20 27 22 43 75 30 1 3 3 9 60 99 60 31 83 49 31 63 32 8 1 14 29 0 0 7 85 100 100 96 67 64 91 35 50 81 32 26 4 44 82 99 65 76 51 79 100 59 45 74 30 0 0 0 0 0 1 90 86 54 83 84 100 100 100 100 100 100 100 100 100 100
85 56 61 96 93 91 84 34 54 17 35 42 5 60 62 48 52 30 48 7 11 0 0 0 0 14 57 38 76 73 66 22 31 24 84 97 68 37 75 15 70 96 21 30 27 87 24 0 0 0 32 98 47 46 51 73 100 72 85 81 68 24 1 50 95 84 88 74 46 97 84 74 49 58 48 0 0 0 0 0 0 10 59 60 83 74 86 93 84 99 100 100 100 100 81 95
96 81 83 59 30 46 8 56 97 29 70 16 46 24 48 49 61 70 87 3 6 0 0 0 0 28 50 9 5 75 87 75 49 35 45 65 61 25 23 94 100 100 88 61 44 96 18 0 0 0 0 13 24 39 52 100 71 37 99 74 84 13 28 85 88 70 96 58 98 86 0 19 23 21 20 71 44 2 0 0 0 20 37 36 64 0 45 62 56 93 100 100 87 46 37 94
89 22 50 49 8 45 80 81 48 96 95 76 45 40 41 32 49 3 21 30 8 34 4 0 0 28 17 0 17 42 80 20 17 2 7 56 29 4 41 55 44 64 91 36 88 56 18 2 0 0 0 17 96 64 65 100 34 36 96 83 61 1 45 50 28 19 66 89 100 9 55 99 83 67 96 71 1 0 0 0 0 0 59 54 49 6 51 77 74 100 100 100 90 41 87 100
92 96 47 28 32 97 96 99 95 93 92 100 100 92 98 28 14 38 23 25 27 37 0 0 0 0 0 0 0 0 2 88 32 8 4 18 20 1 32 29 9 82 91 75 89 42 45 43 0 0 0 0 36 86 53 100 69 14 48 0 2 12 86 89 86 88 77 64 88 42 86 19 98 79 96 36 5 24 3 0 0 0 29 61 51 32 86 100 100 100 100 100 67 73 100 99
95 75 91 44 73 83 100 100 96 87 89 87 41 63 46 41 19 12 4 22 54 53 9 9 24 0 0 0 0 0 1 27 59 43 80 67 36 7 18 66 100 81 80 100 10 72 95 95 68 0 0 0 0 12 53 88 94 22 18 5 0 24 35 59 75 40 37 55 63 90 95 79 100 93 88 95 97 22 0 0 0 0 54 71 88 52 93 100 82 100 100 100 60 74 91 39
72 83 65 53 77 80 98 99 89 50 18 23 17 11 24 6 14 17 63 14 0 9 12 65 15 0 0 0 0 0 6 22 32 90 100 85 54 1 35 77 91 99 100 83 34 84 46 37 69 1 0 0 0 11 13 0 2 0 0 0 0 10 65 89 100 85 54 35 63 95 100 98 100 100 100 96 76 75 29 0 0 0 0 30 45 67 26 76 100 99 100 100 100 85 92 100
84 100 64 55 83 69 91 80 100 52 61 49 26 33 31 17 2 3 16 2 13 24 47 47 23 26 2 0 0 0 0 1 8 27 73 28 45 0 11 35 67 77 93 79 90 66 43 66 51 27 8 0 0 0 0 0 0 0 0 5 58 91 70 34 92 98 99 83 95 90 68 48 76 100 100 100 100 62 31 38 65 -9 0 3 0 24 46 43 70 100 89 49 93 100 100 100
