data/habitatmaps/RS_maps/habitat_Turdus.torquatus_2008.asc
NCOLS 369 
NROWS 228 
XLLCORNER 479000 
YLLCORNER 73000 
CELLSIZE 1000 
NODATA_value -9 
[rows 60 to 119 of 228, columns 0 to 95 of 369]
-9 -9 -9 -9 -9 -9 -9 -9 -9 -9 -9 -9 -9 -9 -9 -9 -9 -9 -9 -9 -9 -9 -9 -9 -9 -9 -9 -9 -9 -9 -9 -9 -9 -9 -9 -9 -9 -9 -9 -9 -9 -9 -9 -9 -9 -9 -9 -9 -9 -9 -9 -9 -9 -9 -9 -9 -9 -9 -9 -9 -9 -9 -9 -9 -9 -9 -9 0 0 0 0 0 0 0 0 0 0 0 0 0 0 0 27 7 21 19 16 0 2 0 0 0 0 0 0 0
-9 -9 -9 -9 -9 -9 -9 -9 -9 -9 -9 -9 -9 -9 -9 -9 -9 -9 -9 -9 -9 -9 -9 -9 -9 -9 -9 -9 -9 -9 -9 -9 -9 -9 -9 -9 -9 -9 -9 -9 -9 -9 -9 -9 -9 -9 -9 -9 -9 -9 -9 -9 -9 -9 -9 -9 -9 -9 -9 -9 -9 -9 -9 -9 -9 -9 -9 0 0 0 0 0 0 0 0 0 0 0 0 0 0 5 18 4 23 1 21 3 1 0 0 2 0 0 0 0
-9 -9 -9 -9 -9 -9 -9 -9 -9 -9 -9 -9 -9 -9 -9 -9 -9 -9 -9 -9 -9 -9 -9 -9 -9 -9 -9 -9 -9 -9 -9 -9 -9 -9 -9 -9 -9 -9 -9 -9 -9 -9 -9 -9 -9 -9 -9 -9 -9 -9 -9 -9 -9 -9 -9 -9 -9 -9 -9 -9 -9 -9 -9 -9 -9 -9 -9 -9 0 0 0 0 0 0 1 0 0 0 0 0 5 16 30 0 0 0 12 14 8 3 16 10 0 0 0 0
-9 -9 -9 -9 -9 -9 -9 -9 -9 -9 -9 -9 -9 -9 -9 -9 -9 -9 -9 -9 -9 -9 -9 -9 -9 -9 -9 -9 -9 -9 -9 -9 -9 -9 -9 -9 -9 -9 -9 -9 -9 -9 -9 -9 -9 -9 -9 -9 -9 -9 -9 -9 -9 -9 -9 -9 -9 -9 -9 -9 -9 -9 -9 -9 -9 -9 -9 -9 -9 0 0 0 0 0 37 0 3 0 6 42 22 11 1 0 0 0 1 6 25 7 1 0 0 8 28 4
-9 -9 -9 -9 -9 -9 -9 -9 -9 -9 -9 -9 -9 -9 -9 -9 -9 -9 -9 -9 -9 -9 -9 -9 -9 -9 -9 -9 -9 -9 -9 -9 -9 -9 -9 -9 -9 -9 -9 -9 -9 -9 -9 -9 -9 -9 -9 -9 -9 -9 -9 -9 -9 -9 -9 -9 -9 -9 -9 -9 -9 -9 -9 -9 -9 -9 -9 -9 -9 0 0 0 0 10 30 30 21 0 21 76 0 0 28 17 0 0 0 28 45 0 0 0 9 74 71 14
-9 -9 -9 -9 -9 -9 -9 -9 -9 -9 -9 -9 -9 -9 -9 -9 -9 -9 -9 -9 -9 -9 -9 -9 -9 -9 -9 -9 -9 -9 -9 -9 -9 -9 -9 -9 -9 -9 -9 -9 -9 -9 -9 -9 -9 -9 -9 -9 -9 -9 -9 -9 -9 -9 -9 -9 -9 -9 -9 -9 -9 -9 -9 -9 -9 -9 -9 -9 -9 0 0 2 4 6 39 63 39 0 0 5 0 17 32 21 0 0 13 75 37 0 21 35 7 24 10 0
-9 -9 -9 -9 -9 -9 -9 -9 -9 -9 -9 -9 -9 -9 -9 -9 -9 -9 -9 -9 -9 -9 -9 -9 -9 -9 -9 -9 -9 -9 -9 -9 -9 -9 -9 -9 -9 -9 -9 -9 -9 -9 -9 -9 -9 -9 -9 -9 -9 -9 -9 -9 -9 -9 -9 -9 -9 -9 -9 -9 -9 -9 -9 -9 -9 -9 -9 -9 16 48 30 24 70 80 52 34 11 2 0 0 1 46 1 0 0 0 22 6 0 1 19 24 4 9 2 13
-9 -9 -9 -9 -9 -9 -9 -9 -9 -9 -9 -9 -9 -9 -9 -9 -9 -9 -9 -9 -9 -9 -9 -9 -9 -9 -9 -9 -9 -9 -9 -9 -9 -9 -9 -9 -9 -9 -9 -9 -9 -9 -9 -9 -9 -9 -9 -9 -9 -9 -9 -9 -9 -9 -9 -9 -9 -9 -9 -9 -9 -9 -9 -9 -9 -9 -9 81 58 6 35 32 12 59 30 18 9 0 0 6 63 10 0 0 0 0 0 0 16 58 24 17 64 2 21 24
-9 -9 -9 -9 -9 -9 -9 -9 -9 -9 -9 -9 -9 -9 -9 -9 -9 -9 -9 -9 -9 -9 -9 -9 -9 -9 -9 -9 -9 -9 -9 -9 -9 -9 -9 -9 -9 -9 -9 -9 -9 -9 -9 -9 -9 -9 -9 -9 -9 -9 -9 -9 -9 -9 -9 -9 -9 -9 -9 -9 -9 -9 -9 -9 -9 -9 3 4 11 39 63 7 0 0 4 28 0 0 0 41 92 3 0 0 0 0 0 0 0 1 0 29 68 27 36 65
-9 -9 -9 -9 -9 -9 -9 -9 -9 -9 -9 -9 -9 -9 -9 -9 -9 -9 -9 -9 -9 -9 -9 -9 -9 -9 -9 -9 -9 -9 -9 -9 -9 -9 -9 -9 -9 -9 -9 -9 -9 -9 -9 -9 -9 -9 -9 -9 -9 -9 -9 -9 -9 -9 -9 -9 -9 -9 -9 -9 -9 -9 -9 -9 -9 -9 23 27 53 37 53 9 2 30 15 12 1 6 40 56 72 27 11 9 0 0 0 0 0 0 4 82 47 2 35 19
-9 -9 -9 -9 -9 -9 -9 -9 -9 -9 -9 -9 -9 -9 -9 -9 -9 -9 -9 -9 -9 -9 -9 -9 -9 -9 -9 -9 -9 -9 -9 -9 -9 -9 -9 -9 -9 -9 -9 -9 -9 -9 -9 -9 -9 -9 -9 -9 -9 -9 -9 -9 -9 -9 -9 -9 -9 -9 -9 -9 -9 -9 -9 -9 35 78 60 77 50 11 56 1 0 13 5 47 7 27 36 29 74 0 33 14 0 0 0 0 0 0 19 40 0 0 3 0
-9 -9 -9 -9 -9 -9 -9 -9 -9 -9 -9 -9 -9 -9 -9 -9 -9 -9 -9 -9 -9 -9 -9 -9 -9 -9 -9 -9 -9 -9 -9 -9 -9 -9 -9 -9 -9 -9 -9 -9 -9 -9 -9 -9 -9 -9 -9 -9 -9 -9 -9 -9 -9 -9 -9 -9 -9 -9 -9 -9 -9 -9 -9 62 89 75 44 18 3 1 19 19 0 13 0 0 25 2 1 31 14 3 10 3 0 0 0 0 0 1 37 40 0 0 0 0
-9 -9 -9 -9 -9 -9 -9 -9 -9 -9 -9 -9 -9 -9 -9 -9 -9 -9 -9 -9 -9 -9 -9 -9 -9 -9 -9 -9 -9 -9 -9 -9 -9 -9 -9 -9 -9 -9 -9 -9 -9 -9 -9 -9 -9 -9 -9 -9 -9 -9 -9 -9 -9 -9 -9 -9 -9 -9 -9 -9 -9 70 66 60 73 43 24 0 0 0 39 63 8 0 0 0 23 40 9 3 0 0 16 8 0 0 0 2 1 0 0 0 0 0 0 0
-9 -9 -9 -9 -9 -9 -9 -9 -9 -9 -9 -9 -9 -9 -9 -9 -9 -9 -9 -9 -9 -9 -9 -9 -9 -9 -9 -9 -9 -9 -9 -9 -9 -9 -9 -9 -9 -9 -9 -9 -9 -9 -9 -9 -9 -9 -9 -9 -9 -9 -9 -9 -9 -9 -9 -9 -9 -9 -9 -9 0 1 40 58 30 3 0 0 1 39 26 84 0 14 57 45 15 0 0 0 0 0 1 0 0 16 51 85 34 0 0 0 0 0 0 0
-9 -9 -9 -9 -9 -9 -9 -9 -9 -9 -9 -9 -9 -9 -9 -9 -9 -9 -9 -9 -9 -9 -9 -9 -9 -9 -9 -9 -9 -9 -9 -9 -9 -9 -9 -9 -9 -9 -9 -9 -9 -9 -9 -9 -9 -9 -9 -9 -9 -9 -9 -9 -9 -9 -9 -9 -9 -9 -9 0 0 5 40 41 5 0 2 0 58 10 0 45 0 7 28 31 13 0 0 0 0 0 0 0 3 81 41 29 5 0 0 0 0 0 0 0
-9 -9 -9 -9 -9 -9 -9 -9 -9 -9 -9 -9 -9 -9 -9 -9 -9 -9 -9 -9 -9 -9 -9 -9 -9 -9 -9 -9 -9 -9 -9 -9 -9 -9 -9 -9 -9 -9 -9 -9 -9 -9 -9 -9 -9 -9 -9 -9 -9 -9 -9 -9 -9 -9 -9 -9 -9 -9 46 6 22 13 0 14 71 38 68 37 32 8 20 25 22 11 24 22 4 0 0 0 0 0 0 0 0 37 14 0 0 0 0 0 0 0 0 0
-9 -9 -9 -9 -9 -9 -9 -9 -9 -9 -9 -9 -9 -9 -9 -9 -9 -9 -9 -9 -9 -9 -9 -9 -9 -9 -9 -9 -9 -9 -9 -9 -9 -9 -9 -9 -9 -9 -9 -9 -9 -9 -9 -9 -9 -9 -9 -9 -9 -9 -9 -9 -9 -9 -9 -9 -9 25 11 14 4 2 19 62 74 64 9 1 2 11 50 13 33 25 0 0 0 0 0 0 0 0 0 0 0 0 0 0 0 0 0 0 0 0 0 0
-9 -9 -9 -9 -9 -9 -9 -9 -9 -9 -9 -9 -9 -9 -9 -9 -9 -9 -9 -9 -9 -9 -9 -9 -9 -9 -9 -9 -9 -9 -9 -9 -9 -9 -9 -9 -9 -9 -9 -9 -9 -9 -9 -9 -9 -9 -9 -9 -9 -9 -9 -9 -9 -9 -9 -9 0 0 0 0 19 52 64 12 43 27 1 0 20 73 48 5 51 25 3 0 18 11 0 0 0 0 0 0 0 0 0 0 0 0 0 0 0 0 6 5
-9 -9 -9 -9 -9 -9 -9 -9 -9 -9 -9 -9 -9 -9 -9 -9 -9 -9 -9 -9 -9 -9 -9 -9 -9 -9 -9 -9 -9 -9 -9 -9 -9 -9 -9 -9 -9 -9 -9 -9 -9 -9 -9 -9 -9 -9 -9 -9 -9 -9 -9 -9 -9 -9 -9 -9 0 0 0 9 45 55 15 54 24 0 0 0 55 50 13 36 32 3 0 8 35 0 0 0 0 15 0 0 0 0 0 0 0 1 0 0 1 29 41 10
-9 -9 -9 -9 -9 -9 -9 -9 -9 -9 -9 -9 -9 -9 -9 -9 -9 -9 -9 -9 -9 -9 -9 -9 -9 -9 -9 -9 -9 -9 -9 -9 -9 -9 -9 -9 -9 -9 -9 -9 -9 -9 -9 -9 -9 -9 -9 -9 -9 -9 -9 -9 -9 -9 -9 5 30 37 19 33 33 32 33 41 7 0 2 22 14 22 29 5 0 0 14 27 5 0 0 0 5 0 0 0 0 0 0 0 0 20 34 3 26 36 47 37
-9 -9 -9 -9 -9 -9 -9 -9 -9 -9 -9 -9 -9 -9 -9 -9 -9 -9 -9 -9 -9 -9 -9 -9 -9 -9 -9 -9 -9 -9 -9 -9 -9 -9 -9 -9 -9 -9 -9 -9 -9 -9 -9 -9 -9 -9 -9 -9 -9 -9 -9 -9 -9 -9 21 73 39 40 42 48 41 88 28 0 66 35 35 51 39 59 28 0 3 18 20 2 0 0 0 0 5 0 0 0 0 0 0 0 9 39 20 3 0 17 16 4
-9 -9 -9 -9 -9 -9 -9 -9 -9 -9 -9 -9 -9 -9 -9 -9 -9 -9 -9 -9 -9 -9 -9 -9 -9 -9 -9 -9 -9 -9 -9 -9 -9 -9 -9 -9 -9 -9 -9 -9 -9 -9 -9 -9 -9 -9 -9 -9 -9 -9 -9 -9 -9 -9 67 63 19 6 27 0 57 36 2 11 38 20 20 24 34 42 3 16 27 21 3 0 0 0 0 0 0 0 0 0 0 0 0 0 46 20 0 0 0 10 20 22
-9 -9 -9 -9 -9 -9 -9 -9 -9 -9 -9 -9 -9 -9 -9 -9 -9 -9 -9 -9 -9 -9 -9 -9 -9 -9 -9 -9 -9 -9 -9 -9 -9 -9 -9 -9 -9 -9 -9 -9 -9 -9 -9 -9 -9 -9 -9 -9 -9 -9 -9 -9 -9 33 0 0 18 66 29 9 44 11 7 37 27 12 17 0 13 16 22 15 19 2 0 0 0 0 0 0 0 4 0 0 0 0 0 7 30 1 0 0 0 0 0 6
-9 -9 -9 -9 -9 -9 -9 -9 -9 -9 -9 -9 -9 -9 -9 -9 -9 -9 -9 -9 -9 -9 -9 -9 -9 -9 -9 -9 -9 -9 -9 -9 -9 -9 -9 -9 -9 -9 -9 -9 -9 -9 -9 -9 -9 -9 -9 -9 -9 -9 -9 -9 89 21 67 51 25 35 15 1 11 0 7 32 46 47 0 13 19 16 10 4 15 5 0 0 0 0 0 0 4 2 0 0 0 0 2 24 14 0 0 0 0 0 0 0
-9 -9 -9 -9 -9 -9 -9 -9 -9 -9 -9 -9 -9 -9 -9 -9 -9 -9 -9 -9 -9 -9 -9 -9 -9 -9 -9 -9 -9 -9 -9 -9 -9 -9 -9 -9 -9 -9 -9 -9 -9 -9 -9 -9 -9 -9 -9 -9 -9 -9 -9 40 1 52 28 3 29 41 34 0 0 24 74 45 15 0 33 30 38 21 22 40 22 0 0 0 0 0 2 10 14 3 0 0 2 1 14 10 0 0 0 0 0 0 0 0
-9 -9 -9 -9 -9 -9 -9 -9 -9 -9 -9 -9 -9 -9 -9 -9 -9 -9 -9 -9 -9 -9 -9 -9 -9 -9 -9 -9 -9 -9 -9 -9 -9 -9 -9 -9 -9 -9 -9 -9 -9 -9 -9 -9 -9 -9 -9 -9 55 74 33 61 61 75 36 43 7 1 38 22 0 33 57 50 42 14 28 24 43 58 21 16 24 0 1 28 0 0 14 14 17 2 0 0 0 9 11 14 5 17 0 18 12 0 0 0
-9 -9 -9 -9 -9 -9 -9 -9 -9 -9 -9 -9 -9 -9 -9 -9 -9 -9 -9 -9 -9 -9 -9 -9 -9 -9 -9 -9 -9 -9 -9 -9 -9 -9 -9 -9 -9 -9 -9 -9 -9 -9 -9 -9 0 11 0 59 65 55 65 69 56 34 15 54 1 4 66 13 13 46 30 45 19 14 76 10 5 1 18 8 0 0 1 0 0 2 27 9 1 17 17 27 41 7 7 25 27 57 30 65 0 0 0 11
-9 -9 -9 -9 -9 -9 -9 -9 -9 -9 -9 -9 -9 -9 -9 -9 -9 -9 -9 -9 -9 -9 -9 -9 -9 -9 -9 -9 -9 -9 -9 -9 -9 -9 -9 -9 -9 -9 -9 -9 -9 -9 -9 49 16 55 38 57 16 70 78 72 42 1 17 42 18 31 10 0 24 38 28 4 0 8 29 4 15 9 11 0 0 8 1 0 8 15 12 15 19 11 9 2 0 0 16 37 80 17 31 15 0 0 0 0
-9 -9 -9 -9 -9 -9 -9 -9 -9 -9 -9 -9 -9 -9 -9 -9 -9 -9 -9 -9 -9 -9 -9 -9 -9 -9 -9 -9 -9 -9 -9 -9 -9 -9 -9 -9 -9 -9 -9 -9 -9 11 11 26 59 62 54 8 0 7 40 79 45 1 36 9 27 2 0 3 67 43 15 4 23 19 12 16 9 3 2 6 1 5 5 2 23 11 8 5 18 0 0 0 0 1 22 15 24 0 0 0 0 0 0 0
-9 -9 -9 -9 -9 -9 -9 -9 -9 -9 -9 -9 -9 -9 -9 -9 -9 -9 -9 -9 -9 -9 -9 -9 -9 -9 -9 -9 -9 -9 -9 -9 -9 -9 -9 -9 -9 -9 -9 -9 0 0 4 35 79 34 0 0 0 0 18 60 25 20 27 43 69 0 0 37 75 59 48 80 53 48 34 5 0 30 24 17 1 5 1 17 5 6 19 0 0 0 0 0 0 9 18 13 4 0 0 0 0 0 0 0
-9 -9 -9 -9 -9 -9 -9 -9 -9 -9 -9 -9 -9 -9 -9 -9 -9 -9 -9 -9 -9 -9 -9 -9 -9 -9 -9 -9 -9 -9 -9 -9 -9 -9 -9 -9 -9 -9 -9 13 14 43 78 71 34 17 66 49 0 0 35 46 4 13 3 40 5 0 5 49 69 87 55 29 34 26 3 3 2 0 12 29 10 0 17 16 0 0 0 0 0 0 0 2 23 20 33 0 0 0 0 0 0 0 0 0
-9 -9 -9 -9 -9 -9 -9 -9 -9 -9 -9 -9 -9 -9 -9 -9 -9 -9 -9 -9 -9 -9 -9 -9 -9 -9 -9 -9 -9 -9 -9 -9 -9 -9 -9 -9 -9 -9 52 66 80 18 46 20 39 20 37 1 0 0 1 21 31 66 40 0 1 52 80 20 32 57 22 14 39 37 26 8 9 12 17 62 5 6 31 3 21 0 0 0 0 0 0 4 22 5 0 0 0 0 0 0 0 0 0 0
-9 -9 -9 -9 -9 -9 -9 -9 -9 -9 -9 -9 -9 -9 -9 -9 -9 -9 -9 -9 -9 -9 -9 -9 -9 -9 -9 -9 -9 -9 -9 -9 -9 -9 -9 -9 -9 67 42 37 49 29 49 31 11 0 3 38 10 28 33 56 57 9 0 4 11 49 28 41 19 6 14 6 43 54 43 19 28 7 4 0 1 15 3 30 20 0 0 0 0 0 0 8 3 0 0 0 0 0 0 0 0 0 0 0
-9 -9 -9 -9 -9 -9 -9 -9 -9 -9 -9 -9 -9 -9 -9 -9 -9 -9 -9 -9 -9 -9 -9 -9 -9 -9 -9 -9 -9 -9 -9 -9 -9 -9 -9 -9 29 79 5 0 0 21 19 14 40 69 39 50 7 44 25 85 20 0 51 34 3 43 59 25 0 2 4 36 57 24 4 39 3 0 0 3 19 3 43 65 17 0 0 0 0 0 0 0 0 0 0 0 0 0 0 0 0 0 0 0
-9 -9 -9 -9 -9 -9 -9 -9 -9 -9 -9 -9 -9 -9 -9 -9 -9 -9 -9 -9 -9 -9 -9 -9 -9 -9 -9 -9 -9 -9 -9 -9 -9 -9 -9 45 61 51 0 0 0 0 45 59 82 20 4 5 0 0 28 63 10 21 38 20 48 88 94 54 16 0 0 3 30 91 79 39 11 0 1 19 7 23 94 45 0 0 0 0 0 0 0 0 0 0 0 0 0 0 0 0 0 0 0 0
-9 -9 -9 -9 -9 -9 -9 -9 -9 -9 -9 -9 -9 -9 -9 -9 -9 -9 -9 -9 -9 -9 -9 -9 -9 -9 -9 -9 -9 -9 -9 -9 -9 -9 -9 71 69 0 0 0 0 52 65 31 58 4 1 0 10 53 87 63 17 32 44 67 84 65 57 49 7 0 46 91 82 24 4 1 0 0 15 6 11 69 50 41 7 0 0 0 0 0 0 0 0 0 0 0 0 0 0 0 0 0 0 0
-9 -9 -9 -9 -9 -9 -9 -9 -9 -9 -9 -9 -9 -9 -9 -9 -9 -9 -9 -9 -9 -9 -9 -9 -9 -9 -9 -9 -9 -9 -9 -9 -9 -9 72 87 36 0 0 10 50 51 34 61 24 13 28 55 29 3 57 17 24 53 31 57 77 43 31 3 18 8 18 65 17 0 0 0 1 14 5 0 39 62 28 30 5 0 0 0 0 0 0 0 0 0 0 0 0 0 0 0 0 0 0 0
-9 -9 -9 -9 -9 -9 -9 -9 -9 -9 -9 -9 -9 -9 -9 -9 -9 -9 -9 -9 -9 -9 -9 -9 -9 -9 -9 -9 -9 -9 -9 -9 -9 60 93 23 3 0 0 4 25 9 51 32 0 6 91 67 32 45 40 54 60 47 28 11 1 4 7 39 31 43 33 33 5 0 0 0 6 0 0 0 5 0 3 22 24 0 0 0 0 0 0 0 0 0 0 0 0 0 0 0 0 0 0 0
-9 -9 -9 -9 -9 -9 -9 -9 -9 -9 -9 -9 -9 -9 -9 -9 -9 -9 -9 -9 -9 -9 -9 -9 -9 -9 -9 -9 -9 -9 -9 -9 -9 90 25 0 0 25 0 22 20 0 11 0 18 30 68 67 70 52 51 60 32 0 0 4 16 15 24 33 50 76 41 10 10 0 0 0 10 0 0 0 0 0 8 9 0 0 0 0 0 0 0 0 0 0 0 0 0 0 0 0 0 0 0 0
-9 -9 -9 -9 -9 -9 -9 -9 -9 -9 -9 -9 -9 -9 -9 -9 -9 -9 -9 -9 -9 -9 -9 -9 -9 -9 -9 -9 -9 -9 -9 -9 -9 7 0 2 37 15 0 0 0 0 4 46 80 30 46 49 30 41 70 38 2 31 46 50 66 10 66 17 19 18 1 0 0 0 0 0 0 0 0 0 0 0 0 0 0 0 0 0 0 0 0 0 0 0 0 0 0 0 0 0 0 0 0 0
-9 -9 -9 -9 -9 -9 -9 -9 -9 -9 -9 -9 -9 -9 -9 -9 -9 -9 -9 -9 -9 -9 -9 -9 -9 -9 -9 -9 -9 -9 -9 -9 -9 33 6 67 17 24 0 0 0 8 77 54 42 4 71 30 74 91 83 5 3 40 18 68 47 8 27 0 0 0 27 32 0 0 0 0 0 0 11 37 2 0 0 0 0 0 0 0 0 0 0 0 0 0 0 0 0 0 0 0 0 0 0 0
-9 -9 -9 -9 -9 -9 -9 -9 -9 -9 -9 -9 -9 -9 -9 -9 -9 -9 -9 -9 -9 -9 -9 -9 -9 -9 -9 -9 -9 -9 -9 -9 23 4 12 13 0 0 0 3 21 92 22 16 0 30 23 25 63 14 5 26 48 57 25 33 21 0 0 0 0 0 0 0 0 9 12 7 28 41 38 38 0 0 0 0 0 0 0 0 0 0 0 0 0 0 0 0 0 0 0 0 0 0 0 0
-9 -9 -9 -9 -9 -9 -9 -9 -9 -9 -9 -9 -9 -9 -9 -9 -9 -9 -9 -9 -9 -9 -9 -9 -9 -9 -9 -9 -9 -9 -9 -9 17 72 3 0 0 0 1 64 97 81 27 8 34 41 4 73 12 12 68 53 9 7 0 1 0 1 0 0 0 0 0 40 36 46 23 9 34 13 37 21 0 0 0 0 0 0 0 0 0 0 0 0 0 0 0 13 7 12 2 0 0 0 0 0
-9 -9 -9 -9 -9 -9 -9 -9 -9 -9 -9 -9 -9 -9 -9 -9 -9 -9 -9 -9 -9 -9 -9 -9 -9 -9 -9 -9 -9 -9 -9 -9 13 32 0 0 0 0 28 39 67 60 49 63 71 26 38 86 62 87 77 24 17 0 0 0 31 21 0 0 6 54 33 50 19 14 0 4 0 12 21 0 0 0 0 0 0 0 0 0 0 0 0 0 0 0 0 1 0 0 0 0 0 0 0 0
-9 -9 -9 -9 -9 -9 -9 -9 -9 -9 -9 -9 -9 -9 -9 -9 -9 -9 -9 -9 -9 -9 -9 -9 -9 -9 -9 -9 -9 -9 -9 -9 0 0 0 0 0 0 22 55 61 70 50 99 54 13 39 56 35 2 0 0 0 0 0 0 0 0 1 39 54 6 1 0 0 0 3 47 16 0 0 0 0 0 0 0 0 0 0 0 0 0 0 0 0 0 0 0 0 0 0 0 0 0 0 0
-9 -9 -9 -9 -9 -9 -9 -9 -9 -9 -9 -9 -9 -9 -9 -9 -9 -9 -9 -9 -9 -9 -9 -9 -9 -9 -9 -9 -9 -9 -9 -9 0 0 0 0 0 0 0 8 70 55 58 37 67 11 8 1 0 0 0 0 4 9 7 0 0 2 35 40 10 13 12 0 0 0 26 16 2 0 0 0 0 0 0 0 0 0 0 0 0 0 0 0 0 0 0 0 0 0 0 0 0 0 0 0
-9 -9 -9 -9 -9 -9 -9 -9 -9 -9 -9 -9 -9 -9 -9 -9 -9 -9 -9 -9 -9 -9 -9 -9 -9 -9 -9 -9 -9 -9 -9 -9 -9 0 0 0 0 7 5 13 56 28 0 8 36 0 0 7 23 36 18 20 16 2 0 5 4 59 54 11 0 5 0 0 0 0 0 0 0 0 0 0 0 0 0 0 0 0 0 0 0 0 0 0 0 0 0 0 0 0 0 0 0 0 0 0
-9 -9 -9 -9 -9 -9 -9 -9 -9 -9 -9 -9 -9 -9 -9 -9 -9 -9 -9 -9 -9 -9 -9 -9 -9 -9 -9 -9 -9 -9 -9 -9 -9 0 0 1 31 77 47 65 23 1 0 30 15 32 33 5 1 0 0 0 0 17 50 46 50 57 43 23 7 0 0 0 0 0 0 0 0 0 0 0 0 0 0 0 0 0 0 0 0 0 0 0 0 0 0 0 0 0 0 0 0 0 0 0
-9 -9 -9 -9 -9 -9 -9 -9 -9 -9 -9 -9 -9 -9 -9 -9 -9 -9 -9 -9 -9 -9 -9 -9 -9 -9 -9 -9 -9 -9 -9 -9 -9 59 18 54 55 49 48 11 0 0 0 25 51 37 67 25 36 6 0 0 11 37 27 18 45 55 29 5 0 0 0 0 0 0 0 0 0 0 0 0 0 0 0 0 0 0 0 0 0 0 0 0 0 0 0 0 0 0 0 0 0 0 0 0
-9 -9 -9 -9 -9 -9 -9 -9 -9 -9 -9 -9 -9 -9 -9 -9 -9 -9 -9 -9 -9 -9 -9 -9 -9 -9 -9 -9 -9 -9 -9 -9 -9 67 99 89 66 77 33 0 2 4 40 73 50 14 65 40 40 18 3 50 23 29 18 26 46 44 38 1 0 0 0 0 0 0 0 0 0 0 0 0 0 0 0 0 0 0 0 0 0 0 0 0 0 0 0 0 0 0 0 0 0 0 0 0
-9 -9 -9 -9 -9 -9 -9 -9 -9 -9 -9 -9 -9 -9 -9 -9 -9 -9 -9 -9 -9 -9 -9 -9 -9 -9 -9 -9 -9 -9 -9 -9 -9 78 78 48 58 18 46 38 46 74 80 63 67 54 44 29 7 30 42 57 28 20 7 12 2 12 1 0 0 0 0 0 0 0 0 0 0 0 0 0 0 0 0 0 0 0 0 0 0 0 0 0 0 0 0 0 0 0 0 0 0 0 0 0
-9 -9 -9 -9 -9 -9 -9 -9 -9 -9 -9 -9 -9 -9 -9 -9 -9 -9 -9 -9 -9 -9 -9 -9 -9 -9 -9 -9 -9 -9 -9 -9 -9 39 0 7 0 48 65 64 65 33 49 68 59 24 22 24 44 41 38 22 30 20 19 0 1 2 0 0 0 0 0 0 0 0 0 0 0 0 0 0 0 0 0 0 0 0 0 0 0 0 0 0 0 0 0 0 0 0 0 0 0 0 0 0
-9 -9 -9 -9 -9 -9 -9 -9 -9 -9 -9 -9 -9 -9 -9 -9 -9 -9 -9 -9 -9 -9 -9 -9 -9 -9 -9 -9 -9 -9 -9 -9 3 9 79 79 3 6 31 42 0 0 1 9 63 43 11 57 6 26 28 30 18 44 0 0 6 17 0 0 0 0 0 0 0 0 0 0 0 0 0 0 0 0 0 0 0 0 0 0 0 0 0 0 0 0 0 0 0 0 0 0 0 0 19 0
-9 -9 -9 -9 -9 -9 -9 -9 -9 -9 -9 -9 -9 -9 -9 -9 -9 -9 -9 -9 -9 -9 -9 -9 -9 -9 -9 -9 -9 -9 -9 -9 0 69 36 33 15 7 36 51 1 0 0 1 32 0 0 0 0 12 1 4 45 22 0 0 0 0 0 0 0 0 0 0 0 0 0 0 0 0 0 0 0 0 0 0 0 0 0 0 0 0 0 0 0 0 0 0 0 0 0 0 0 3 33 11
-9 -9 -9 -9 -9 -9 -9 -9 -9 -9 -9 -9 -9 -9 -9 -9 -9 -9 -9 -9 -9 -9 -9 -9 -9 -9 -9 -9 -9 -9 -9 -9 12 34 81 0 0 26 47 100 83 31 37 37 66 30 0 0 21 16 0 0 0 0 0 0 0 0 0 0 0 0 0 0 0 0 0 0 0 0 0 0 0 0 0 0 0 0 0 0 0 0 0 0 0 0 0 0 0 0 0 0 0 0 5 0
-9 -9 -9 -9 -9 -9 -9 -9 -9 -9 -9 -9 -9 -9 -9 -9 -9 -9 -9 -9 -9 -9 -9 -9 -9 -9 -9 -9 -9 -9 -9 18 52 87 21 1 33 66 89 97 72 42 16 60 56 4 0 0 10 0 0 0 0 0 0 0 0 0 0 0 0 0 0 0 0 0 0 0 0 0 0 0 0 0 0 0 0 0 0 0 0 0 0 0 0 0 0 0 0 0 0 0 0 0 5 2
-9 -9 -9 -9 -9 -9 -9 -9 -9 -9 -9 -9 -9 -9 -9 -9 -9 -9 -9 -9 -9 -9 -9 -9 -9 -9 -9 -9 -9 67 1 22 48 29 0 25 78 97 67 50 62 48 61 55 89 34 9 0 0 1 11 23 3 0 0 0 0 0 0 0 0 0 0 0 0 0 0 0 0 0 0 0 1 31 0 0 0 0 0 0 0 0 0 0 0 0 0 0 0 0 0 0 0 0 7 2
-9 -9 -9 -9 -9 -9 -9 -9 -9 -9 -9 -9 -9 -9 -9 -9 -9 -9 -9 -9 -9 -9 -9 -9 -9 -9 -9 -9 53 37 80 9 6 0 23 62 84 53 49 12 58 31 59 88 90 18 36 1 33 40 14 16 1 0 0 0 0 0 0 0 0 0 0 0 0 0 0 0 0 0 0 0 3 11 0 0 0 0 0 0 0 0 0 0 0 0 0 25 27 0 0 0 0 0 0 0
-9 -9 -9 -9 -9 -9 -9 -9 -9 -9 -9 -9 -9 -9 -9 -9 -9 -9 -9 -9 -9 -9 -9 -9 -9 -9 85 91 59 64 100 79 9 19 86 87 54 0 0 0 87 95 99 73 98 88 61 35 25 0 0 0 0 0 0 0 0 0 0 0 0 0 0 0 0 0 0 0 0 0 0 0 0 0 0 0 0 0 0 0 0 0 0 0 0 0 0 16 12 0 0 7 1 0 0 0
-9 -9 -9 -9 -9 -9 -9 -9 -9 -9 -9 -9 -9 -9 -9 -9 -9 -9 -9 -9 -9 -9 -9 -9 -9 98 100 94 94 43 93 36 0 19 47 47 4 0 0 0 81 49 79 58 52 38 4 3 11 2 0 0 0 0 0 0 0 0 0 0 0 0 0 0 0 0 0 0 0 0 0 0 0 0 0 1 21 0 0 0 0 0 0 0 0 0 0 0 0 0 0 20 0 0 0 0
