data/habitatmaps/RS_maps/habitat_Prunella.modularis_2020.asc
NCOLS 369 
NROWS 228 
XLLCORNER 479000 
YLLCORNER 73000 
CELLSIZE 1000 
NODATA_value -9 
[rows 116 to 173 of 228, columns 0 to 95 of 369]
-9 -9 -9 -9 -9 -9 -9 -9 -9 -9 -9 -9 -9 -9 -9 -9 -9 -9 -9 -9 -9 -9 -9 -9 -9 -9 -9 -9 -9 86 9 26 48 29 0 25 78 97 67 50 73 52 74 87 89 30 33 50 60 18 33 93 99 92 37 49 22 29 0 0 0 0 0 0 0 0 2 0 2 0 2 30 34 46 18 11 30 33 0 0 27 7 8 3 3 56 22 37 81 28 7 28 61 12 21 6
-9 -9 -9 -9 -9 -9 -9 -9 -9 -9 -9 -9 -9 -9 -9 -9 -9 -9 -9 -9 -9 -9 -9 -9 -9 -9 -9 -9 100 82 97 9 6 0 23 97 98 53 49 12 86 98 100 100 91 76 99 18 93 95 100 100 99 19 42 58 42 1 0 22 2 0 0 0 12 65 73 20 24 40 50 49 9 17 26 31 0 19 3 37 26 0 75 32 60 0 27 67 81 2 13 63 70 45 83 8
-9 -9 -9 -9 -9 -9 -9 -9 -9 -9 -9 -9 -9 -9 -9 -9 -9 -9 -9 -9 -9 -9 -9 -9 -9 -9 100 100 100 100 100 79 9 19 92 89 54 0 0 7 90 100 100 100 100 100 97 65 42 82 98 75 34 10 7 0 8 9 0 3 21 0 11 30 76 73 33 10 2 31 37 23 15 0 35 7 10 96 31 25 3 1 47 21 52 33 29 42 53 0 0 7 1 25 35 21
-9 -9 -9 -9 -9 -9 -9 -9 -9 -9 -9 -9 -9 -9 -9 -9 -9 -9 -9 -9 -9 -9 -9 -9 -9 100 100 100 100 50 93 36 0 18 66 53 4 0 2 39 84 86 100 100 100 100 90 24 63 91 58 7 41 38 19 11 42 17 0 0 0 21 16 44 37 35 20 64 64 3 14 7 3 21 0 1 61 64 42 22 1 16 19 36 73 30 16 23 4 36 18 20 0 5 8 1
-9 -9 -9 -9 -9 -9 -9 -9 -9 -9 -9 -9 -9 -9 -9 -9 -9 -9 -9 -9 -9 -9 -9 99 100 100 100 99 37 5 12 0 13 23 55 60 11 0 0 38 59 25 68 59 84 100 33 26 86 84 6 1 3 46 1 7 26 0 0 0 0 0 0 18 8 46 71 20 33 61 23 8 0 35 3 46 38 0 3 0 13 12 0 0 4 0 2 0 19 13 12 3 9 23 75 20
-9 -9 -9 -9 -9 -9 -9 -9 -9 -9 -9 -9 -9 -9 -9 -9 -9 -9 -9 -9 -9 -9 86 84 100 100 100 60 4 37 48 60 61 82 48 0 0 23 55 75 18 51 94 100 87 38 39 38 100 85 0 0 1 19 0 0 0 0 0 0 11 1 0 2 45 52 69 31 17 12 26 28 24 9 0 67 8 30 40 0 0 25 0 0 0 43 39 0 0 24 48 47 8 41 33 4
-9 -9 -9 -9 -9 -9 -9 -9 -9 -9 -9 -9 -9 -9 -9 -9 -9 -9 -9 -9 -9 89 64 100 100 100 29 16 70 98 77 68 42 5 4 15 61 96 100 100 72 98 88 27 0 50 34 92 57 39 2 0 27 16 0 0 0 0 3 17 30 21 11 25 7 38 25 0 37 1 28 7 2 0 16 28 18 62 29 0 36 23 11 3 24 70 91 9 0 5 1 17 38 9 14 57
-9 -9 -9 -9 -9 -9 -9 -9 -9 -9 -9 -9 -9 -9 -9 -9 -9 -9 -9 -9 78 100 98 100 100 79 90 95 35 28 15 0 3 27 14 89 100 100 100 75 42 67 72 21 62 77 55 14 12 20 16 0 1 0 0 0 1 15 21 5 31 20 44 40 21 2 0 17 30 0 5 28 0 0 59 27 37 33 0 17 50 45 2 51 25 18 42 1 0 0 3 72 88 6 8 41
-9 -9 -9 -9 -9 -9 -9 -9 -9 -9 -9 -9 -9 -9 -9 -9 -9 -9 -9 34 80 100 100 100 93 65 91 44 8 0 0 7 62 77 97 100 100 100 100 92 14 63 50 29 67 30 0 8 70 65 35 0 0 0 0 0 25 20 21 26 0 0 0 8 0 34 30 11 41 1 16 67 26 30 11 63 12 31 15 53 0 15 59 39 0 7 27 2 0 0 17 61 13 10 13 42
-9 -9 -9 -9 -9 -9 -9 -9 -9 -9 -9 -9 -9 -9 -9 -9 -9 -9 2 47 83 100 100 90 40 70 9 0 0 2 51 95 90 100 100 100 100 100 100 90 10 67 23 17 70 82 87 95 99 87 9 0 0 0 0 6 7 24 64 39 0 19 48 8 41 19 49 16 51 42 42 38 20 46 0 25 41 25 0 53 45 7 59 78 0 17 5 28 34 21 39 7 0 12 40 23
-9 -9 -9 -9 -9 -9 -9 -9 -9 -9 -9 -9 -9 -9 -9 -9 -9 46 80 100 100 100 83 19 21 71 0 5 50 91 100 100 100 100 100 100 100 100 100 87 23 26 81 53 84 76 89 42 88 60 27 1 0 0 0 0 0 23 50 39 0 63 11 8 47 19 12 0 32 73 8 0 40 40 24 29 26 44 19 0 32 69 71 0 0 30 0 5 25 15 0 24 1 2 9 12
-9 -9 -9 -9 -9 -9 -9 -9 -9 -9 -9 -9 -9 -9 -9 -9 67 100 100 100 93 50 7 23 82 35 62 96 100 100 100 100 100 100 100 100 100 99 49 15 30 36 77 73 68 12 20 13 56 7 9 0 0 0 0 0 0 54 41 8 24 61 0 5 40 51 21 31 0 10 44 22 1 49 85 28 23 18 44 9 71 51 21 0 21 28 9 0 0 5 0 2 0 43 68 27
-9 -9 -9 -9 -9 -9 -9 -9 -9 -9 -9 -9 -9 -9 -9 39 100 100 98 81 54 47 82 97 41 21 100 100 100 100 100 100 100 100 92 68 100 96 72 97 89 86 57 76 59 13 72 44 9 11 0 0 0 0 5 6 35 58 36 56 36 46 0 32 17 59 34 16 0 2 66 16 22 61 19 0 7 0 2 27 13 0 0 0 13 6 37 0 6 23 32 22 35 7 26 34
-9 -9 -9 -9 -9 -9 -9 -9 -9 -9 -9 -9 -9 13 63 100 100 100 71 75 84 30 53 31 69 91 100 100 100 100 100 100 100 96 61 68 98 100 85 19 19 70 62 88 78 43 71 39 8 8 0 0 0 0 3 92 42 73 70 47 0 0 27 29 0 47 36 5 41 21 25 9 35 21 29 0 23 4 0 0 0 0 0 2 39 0 41 18 32 30 75 83 27 31 24 0
-9 -9 -9 -9 -9 -9 -9 -9 -9 -9 -9 -9 12 78 77 100 100 100 89 34 3 7 29 65 97 100 100 100 100 100 100 86 98 78 64 63 95 63 39 22 32 35 58 61 58 13 11 69 11 43 17 9 0 0 1 64 19 16 36 71 0 8 58 0 7 51 35 18 80 23 66 54 19 14 13 4 33 25 5 1 0 0 3 28 3 0 16 37 59 97 100 61 0 0 1 1
-9 -9 -9 -9 -9 -9 -9 -9 -9 -9 -9 52 84 100 100 98 79 65 10 0 4 37 97 100 100 100 100 100 100 100 97 82 52 68 27 11 66 81 59 47 40 40 45 85 65 35 78 100 73 16 24 0 0 0 7 30 4 40 54 17 9 78 4 0 80 28 0 27 47 15 52 24 11 19 28 1 25 37 2 20 0 0 25 0 6 29 1 15 44 30 20 0 0 0 0 0
-9 -9 -9 -9 -9 -9 -9 -9 -9 -9 69 91 83 88 52 9 0 9 37 60 91 52 96 100 100 100 100 100 100 93 69 36 48 18 23 7 33 78 7 58 72 71 88 10 49 100 100 97 99 38 1 0 4 27 90 50 0 0 50 7 12 50 0 35 31 1 0 7 30 24 61 0 29 64 17 2 21 41 0 0 0 0 10 24 17 29 20 63 67 10 21 4 15 0 0 0
-9 -9 -9 -9 -9 -9 -9 -9 -9 -9 41 44 100 27 2 23 12 36 67 99 84 49 90 100 100 100 100 100 98 76 33 24 15 31 9 35 86 94 58 49 38 92 20 57 93 95 35 23 36 24 5 49 83 84 25 13 0 0 0 0 0 25 1 26 48 21 0 15 59 74 13 17 15 13 34 51 40 0 0 0 2 0 0 29 1 24 37 77 33 24 41 18 3 25 29 4
-9 -9 -9 -9 -9 -9 -9 -9 -9 61 91 85 47 54 27 31 41 98 100 100 97 83 59 89 100 100 100 100 100 44 34 21 11 0 47 93 74 79 79 90 80 31 0 73 59 12 13 20 46 3 0 24 8 71 0 23 7 22 0 0 0 20 35 32 30 24 11 62 44 27 26 27 5 51 13 61 8 10 0 0 27 0 9 2 0 9 36 68 94 33 0 0 0 1 20 0
-9 -9 -9 -9 -9 -9 -9 -9 93 35 23 0 7 39 75 95 100 100 100 100 94 68 88 94 100 100 100 100 100 51 37 7 2 61 38 28 91 100 100 91 57 2 60 76 12 21 1 24 43 26 0 0 36 21 0 18 0 0 0 11 35 0 7 49 22 48 12 65 8 32 19 16 50 0 7 1 37 20 2 0 1 0 0 0 0 0 0 48 56 2 0 0 0 5 25 20
-9 -9 -9 -9 -9 -9 -9 -9 23 18 0 0 0 31 96 100 100 100 99 100 94 54 81 100 100 100 100 86 58 27 1 5 58 99 48 46 84 100 100 100 99 63 72 0 0 42 25 2 15 0 0 0 36 0 0 0 0 0 0 26 49 25 0 17 16 21 9 46 46 53 28 0 38 0 6 21 24 4 52 17 4 0 0 2 7 25 0 0 2 0 0 0 3 23 2 12
-9 -9 -9 -9 -9 -9 -9 -9 35 39 7 0 26 95 100 100 100 100 64 99 65 66 100 100 100 100 100 26 6 0 0 32 75 84 40 100 100 100 100 88 39 16 0 0 0 18 2 45 43 0 16 11 0 0 57 17 20 0 0 30 14 0 0 49 40 64 64 4 34 15 15 5 9 0 0 25 65 42 54 36 22 6 3 33 0 0 0 0 0 0 0 0 16 14 0 4
-9 -9 -9 -9 -9 -9 -9 -9 97 35 12 57 100 100 100 100 90 61 50 96 67 99 100 100 100 100 40 0 0 0 37 81 100 99 100 100 100 100 100 30 3 0 0 30 17 1 0 46 15 15 18 3 0 6 29 32 60 10 24 56 40 18 11 63 95 98 22 1 11 11 0 24 12 32 1 24 16 39 25 7 17 36 29 11 6 7 0 0 0 0 0 0 58 81 7 23
-9 -9 -9 -9 -9 -9 -9 52 53 28 90 100 100 100 100 69 51 36 14 40 96 100 100 100 100 99 22 1 35 52 87 100 100 100 100 100 100 100 79 4 9 24 49 94 36 0 0 0 0 5 21 0 0 0 0 0 0 0 19 10 36 32 0 33 71 72 44 0 13 0 9 79 9 6 12 1 0 2 25 1 0 38 36 2 68 53 24 28 41 13 0 7 34 70 17 33
-9 -9 -9 -9 -9 -9 -9 36 57 71 100 100 100 100 100 93 85 75 9 35 100 100 100 100 74 27 3 59 100 100 100 100 100 100 100 100 100 100 60 0 0 53 31 2 92 43 0 1 0 8 27 9 0 0 0 15 0 0 9 17 23 61 48 77 100 100 14 15 27 0 0 77 16 21 62 10 6 30 69 12 0 6 0 60 96 90 46 81 49 20 0 13 2 2 1 49
-9 -9 -9 -9 -9 -9 -9 1 17 93 100 100 99 72 85 100 87 17 33 98 100 100 100 100 63 42 14 100 100 100 100 100 100 100 100 100 100 93 15 2 52 49 0 0 52 10 6 25 3 0 47 18 0 0 31 5 11 35 14 12 96 93 87 100 100 99 50 34 40 0 0 7 14 0 13 16 16 3 0 0 0 0 4 93 98 100 92 100 81 21 0 12 0 1 47 100
-9 -9 -9 -9 -9 -9 -9 29 87 98 87 92 33 46 92 84 31 17 88 100 100 100 100 100 45 0 99 100 100 100 100 100 100 100 100 100 96 28 0 7 84 47 1 0 0 0 0 8 24 16 47 0 4 74 84 59 28 48 36 80 54 61 92 91 92 78 30 26 29 14 0 0 0 0 18 0 0 0 0 0 0 0 8 58 43 100 100 100 71 19 33 63 34 53 58 100
-9 -9 -9 -9 -9 -9 -9 98 100 100 85 28 46 80 60 19 55 91 100 100 99 100 93 29 0 40 100 100 97 100 100 100 100 100 100 90 28 0 0 10 79 95 95 35 0 4 0 0 4 0 37 19 0 3 63 28 0 12 3 6 56 57 75 35 85 100 100 60 31 38 1 0 0 4 20 27 0 8 8 1 0 0 59 100 100 100 100 100 60 47 100 95 17 19 7 78
-9 -9 -9 -9 -9 -9 -9 99 100 100 100 93 18 51 78 40 68 100 100 100 76 93 96 34 72 76 100 100 100 73 98 100 100 100 100 66 21 0 0 0 0 34 69 36 23 9 13 0 0 0 3 68 64 0 25 15 21 0 0 0 31 57 11 17 32 25 33 37 14 74 75 2 27 20 44 60 52 10 22 0 0 7 93 100 100 100 79 87 100 93 100 100 48 8 9 98
-9 -9 -9 -9 -9 -9 -9 100 100 100 100 71 26 77 37 45 100 100 100 100 100 84 5 87 100 100 100 100 100 100 100 100 100 100 100 27 0 0 28 58 44 55 54 0 0 0 1 15 0 0 4 36 46 0 26 0 0 0 0 0 19 18 6 51 10 11 31 0 0 2 21 23 31 19 3 5 0 6 22 0 0 0 69 100 100 100 100 54 81 100 100 100 100 29 0 59
-9 -9 -9 -9 -9 -9 -9 100 100 99 68 73 55 57 27 95 100 100 100 100 97 21 61 100 100 100 100 100 100 100 100 100 100 100 100 41 0 2 2 96 100 97 69 2 0 0 8 6 0 0 0 0 36 8 0 0 0 0 0 0 0 1 48 29 16 15 0 0 0 0 2 58 54 0 23 31 25 21 59 2 0 3 90 56 100 100 93 88 100 100 100 100 84 19 15 52
-9 -9 -9 -9 -9 -9 100 100 85 57 97 87 55 58 97 100 100 100 100 86 22 64 90 100 100 100 100 100 100 100 100 100 100 85 47 52 2 12 45 99 77 32 29 0 0 4 22 23 0 0 0 0 3 10 0 0 0 0 0 0 0 0 74 47 26 66 0 0 1 0 19 44 0 3 0 32 12 0 3 0 0 4 82 55 75 100 100 100 100 100 100 88 39 25 56 32
-9 -9 -9 -9 -9 75 100 79 65 85 54 96 57 71 100 100 100 100 79 3 51 100 100 100 100 100 100 100 100 100 69 72 94 18 3 25 38 35 94 51 14 0 0 0 0 0 0 29 1 0 0 0 18 1 0 0 0 0 0 0 0 0 45 10 0 33 0 11 38 16 10 4 33 55 1 0 0 0 11 0 0 21 61 61 66 97 94 100 100 94 81 38 29 31 54 51
-9 -9 -9 -9 -9 95 74 59 75 37 100 100 92 52 92 100 100 79 4 31 100 100 100 100 100 100 100 100 100 99 18 44 39 23 11 13 46 50 61 55 11 0 5 10 0 0 0 1 0 0 0 0 21 0 0 0 0 0 0 0 0 0 6 0 0 0 0 34 58 12 0 0 22 54 9 0 0 21 45 16 8 2 81 100 96 72 100 87 31 19 64 10 22 67 100 100
-9 -9 -9 -9 -9 42 85 100 82 91 100 92 58 72 80 99 53 5 1 82 100 100 100 100 100 100 100 100 100 73 4 8 64 42 0 0 37 73 0 11 36 0 2 29 0 0 1 0 0 0 0 0 0 0 0 0 0 0 0 0 0 0 0 0 0 0 0 0 24 53 0 0 36 47 43 7 6 67 3 77 64 84 100 100 100 100 100 82 20 14 54 40 21 100 100 100
-9 -9 -9 -9 -9 100 57 46 98 80 51 91 78 69 67 12 0 0 38 100 100 100 100 100 100 100 100 100 69 2 0 41 71 43 0 0 3 23 8 5 11 0 0 9 29 14 22 4 0 0 0 0 0 0 0 0 0 0 0 0 0 0 0 0 0 0 0 3 46 12 19 18 28 64 67 33 28 40 40 35 79 100 100 100 100 100 100 74 48 43 17 27 97 100 100 61
-9 -9 -9 -9 99 79 34 49 72 75 80 70 69 88 23 14 0 1 79 81 81 100 100 100 100 100 94 70 1 0 16 79 100 44 22 8 29 32 18 0 0 0 0 0 0 0 0 0 0 0 0 0 0 0 0 0 0 0 0 0 0 0 0 0 0 0 0 0 2 19 12 21 15 18 81 34 0 32 38 51 96 92 100 100 100 100 100 100 100 59 22 83 100 100 60 87
-9 -9 -9 -9 49 61 7 29 49 92 76 55 77 85 75 11 0 32 77 50 100 100 100 74 88 100 63 69 5 11 0 36 100 83 66 13 6 1 0 0 0 0 1 0 0 0 0 0 0 0 0 0 0 0 0 0 0 0 0 0 0 0 0 0 0 0 0 0 0 1 0 0 46 14 5 0 30 30 6 45 55 45 100 100 100 100 100 88 31 21 82 35 97 85 65 100
-9 -9 -9 -9 1 11 25 9 80 100 89 62 72 36 98 50 0 48 50 80 100 100 98 64 86 100 97 30 31 46 6 21 96 26 0 0 0 0 0 0 18 31 37 0 0 0 0 0 0 0 0 0 0 0 0 0 0 0 0 0 0 0 0 0 0 0 0 0 0 0 0 0 0 0 0 5 20 0 0 24 52 40 100 100 100 100 100 61 44 57 85 30 79 14 29 78
-9 -9 -9 -9 51 54 94 91 46 91 100 97 100 99 70 95 95 82 27 67 100 100 83 46 39 67 20 2 47 51 2 37 27 0 0 0 0 0 0 0 9 3 0 0 0 0 0 0 0 0 0 0 0 0 0 0 0 0 0 0 0 0 0 0 0 0 0 0 0 0 0 0 0 0 0 0 0 0 0 11 65 88 100 100 100 100 100 67 85 46 96 90 64 44 48 4
-9 -9 -9 -9 65 90 99 51 34 84 90 83 100 100 90 100 92 40 69 75 77 87 56 45 69 100 42 11 70 5 8 3 0 0 0 0 0 0 0 0 0 0 0 0 0 0 0 0 0 0 0 0 0 0 0 0 0 0 0 0 0 0 0 0 0 0 0 0 0 0 0 0 0 0 0 0 0 0 0 0 40 99 100 100 100 100 60 100 97 85 70 38 69 77 76 39
-9 -9 -9 78 74 100 98 71 99 82 100 100 100 100 100 100 78 61 100 100 100 100 100 100 100 82 38 25 93 13 0 14 8 0 0 0 0 0 0 0 0 0 0 0 0 0 0 0 0 0 0 0 0 0 0 0 0 0 0 0 0 0 0 0 0 0 0 0 0 0 0 0 0 0 0 0 0 0 0 0 33 71 100 100 100 79 71 100 100 100 79 79 100 100 95 28
-9 -9 -9 100 100 99 63 65 100 100 91 95 100 100 100 93 84 100 100 100 100 100 100 100 100 12 0 0 5 0 0 6 34 0 0 0 0 0 0 0 0 0 0 0 0 0 0 0 0 0 0 0 0 0 0 0 0 0 0 0 0 0 0 0 0 0 0 0 0 0 0 0 0 0 0 0 0 0 0 0 1 47 91 86 98 50 100 97 79 95 100 99 96 100 88 27
-9 -9 -9 100 82 47 58 74 98 77 47 100 100 100 100 90 100 100 100 100 100 100 100 90 96 14 0 0 0 0 1 8 0 0 0 0 0 0 0 0 0 0 0 0 0 0 0 0 0 0 0 0 0 0 0 0 0 0 0 0 0 0 0 0 0 0 0 0 0 0 0 0 0 0 0 0 0 0 0 0 0 20 75 96 100 98 100 60 60 77 40 50 80 100 71 25
-9 -9 -9 48 75 83 92 66 89 24 88 100 100 93 100 100 100 100 100 100 100 100 46 19 9 0 0 0 0 0 38 65 0 0 0 0 0 0 0 0 0 0 0 0 0 0 0 0 0 0 0 0 0 0 0 0 0 0 0 0 0 0 0 0 0 0 0 0 0 0 0 0 0 0 0 0 0 0 0 0 0 13 100 79 100 100 100 100 100 93 95 100 100 100 76 14
-9 -9 -9 -9 96 71 29 30 52 54 94 100 77 49 100 100 100 100 100 100 100 60 0 0 0 0 0 0 0 0 16 33 0 0 0 0 0 0 0 0 0 0 0 0 0 0 0 0 0 0 0 0 0 0 0 0 0 0 0 0 0 0 0 37 86 85 61 36 1 0 0 0 0 0 0 0 0 0 0 0 0 6 92 93 100 71 96 100 100 100 100 100 100 100 58 28
-9 -9 -9 -9 46 32 39 42 95 100 100 67 5 70 100 100 100 100 100 100 98 23 0 0 0 0 0 0 0 0 8 6 0 0 0 0 0 0 0 0 0 0 0 0 0 0 0 6 54 1 0 0 0 0 0 3 13 35 17 52 82 80 85 82 10 78 53 89 85 35 7 0 0 0 0 0 0 0 0 0 0 0 45 100 90 92 100 94 97 82 100 74 34 100 37 12
-9 -9 -9 -9 40 68 100 100 100 100 95 34 78 97 100 100 100 100 100 78 10 0 0 0 0 0 0 1 0 0 0 0 0 0 0 0 0 0 0 0 0 0 0 0 0 0 0 6 23 3 18 2 0 0 0 41 37 40 47 43 31 36 80 44 63 79 87 98 100 97 96 70 36 23 5 2 13 30 33 40 50 0 52 100 98 89 79 49 12 22 100 31 66 79 13 34
-9 -9 -9 -9 48 98 100 100 100 77 64 85 100 100 100 100 100 100 99 26 0 0 0 0 0 0 4 0 0 0 0 0 0 0 0 0 0 0 0 0 0 0 0 0 0 0 0 0 3 13 0 0 28 34 28 32 60 0 0 0 6 81 46 92 100 100 100 100 100 100 100 100 100 100 100 60 2 21 60 6 9 1 68 100 61 24 55 80 25 78 100 96 18 28 51 15
-9 -9 -9 -9 -9 100 100 100 59 65 88 33 97 100 100 100 100 100 53 0 0 2 1 21 38 0 28 0 0 0 0 0 0 16 42 18 0 0 0 0 0 0 0 0 0 0 0 0 30 39 1 24 33 31 15 7 13 0 31 59 30 19 0 54 94 100 100 100 100 100 82 88 100 97 100 100 58 0 37 3 0 44 100 77 80 59 99 16 70 100 100 37 44 40 56 76
-9 -9 -9 -9 -9 -9 100 92 67 100 98 96 100 67 92 72 75 97 34 52 2 22 16 51 14 0 0 0 0 0 0 0 0 0 8 69 15 0 0 0 0 0 0 0 0 0 0 0 63 100 71 11 18 0 0 7 0 0 4 16 3 1 3 61 99 100 96 93 100 99 97 46 97 27 64 100 98 8 42 27 0 41 92 51 87 65 66 91 84 46 52 43 100 65 22 64
-9 -9 -9 -9 -9 -9 100 72 100 100 82 100 100 49 8 3 0 20 71 46 0 0 12 51 0 0 0 0 0 0 0 8 23 54 23 44 49 0 0 0 0 0 0 1 41 14 11 59 47 43 93 39 0 19 0 40 1 3 60 78 98 95 100 100 100 69 22 46 62 100 74 45 26 61 91 100 100 47 27 4 0 13 96 100 73 80 98 88 6 29 66 74 25 35 60 65
-9 -9 -9 -9 -9 -9 92 80 100 95 82 100 100 33 12 0 0 75 69 0 1 4 0 2 0 0 0 0 0 0 1 63 89 83 73 88 77 5 0 0 0 0 0 32 43 33 42 22 36 15 36 95 92 41 -9 -9 -9 46 30 11 80 100 100 100 100 100 38 69 100 100 96 36 0 33 60 99 100 100 24 2 0 7 53 48 93 96 49 10 42 99 96 36 43 95 100 100
-9 -9 -9 -9 71 94 52 100 100 91 81 100 89 1 0 0 0 5 0 3 32 63 0 0 0 0 0 0 0 16 10 71 39 29 10 30 35 0 0 0 0 7 4 32 5 44 43 3 32 41 45 90 -9 -9 -9 -9 -9 100 64 33 34 75 84 100 100 100 98 100 100 98 37 31 53 39 100 76 66 74 6 20 25 15 30 59 54 77 58 71 100 96 73 100 100 100 100 100
-9 -9 67 49 92 48 83 100 100 100 100 99 34 0 0 0 3 19 12 2 45 39 0 0 0 0 0 0 0 1 12 61 39 42 3 0 14 30 35 56 45 66 92 41 59 13 0 0 18 56 -9 -9 -9 -9 -9 -9 -9 -9 100 99 41 28 54 100 100 100 100 100 90 84 33 29 74 100 100 100 100 97 21 0 0 33 0 0 19 83 88 99 84 69 100 100 100 100 100 100
-9 44 51 95 36 62 100 100 100 100 100 78 0 0 0 0 5 16 0 1 56 27 0 0 0 0 0 0 1 0 5 41 0 0 4 53 89 100 53 70 100 100 87 47 23 0 0 2 52 -9 -9 -9 -9 -9 -9 -9 -9 -9 100 100 91 65 37 76 100 100 100 100 81 99 100 62 67 53 96 95 78 62 59 0 0 26 0 0 18 74 100 51 90 81 100 87 90 88 69 82
56 57 45 71 25 100 100 100 100 100 100 72 0 0 0 0 0 0 28 76 86 56 6 0 0 0 0 0 24 47 67 6 20 0 24 14 45 47 16 89 100 63 19 0 0 -9 -9 -9 -9 -9 -9 -9 -9 -9 -9 -9 -9 -9 100 100 100 82 95 100 100 100 95 52 30 86 100 84 97 98 100 100 96 76 84 0 0 1 0 0 20 59 78 87 70 31 34 26 25 6 58 81
79 89 91 92 92 100 100 100 100 100 73 16 6 0 23 0 0 24 63 100 64 23 0 0 0 0 0 0 8 72 62 93 54 0 1 37 9 25 70 100 75 8 0 0 0 -9 -9 -9 -9 -9 -9 -9 -9 -9 -9 -9 -9 -9 100 100 80 35 90 100 100 100 47 43 70 61 49 74 100 100 100 100 100 100 100 60 8 0 0 0 15 8 26 100 61 47 48 43 46 93 100 100
