data/habitatmaps/RS_maps/habitat_Fringilla.coelebs_2010.asc
NCOLS 369 
NROWS 228 
XLLCORNER 479000 
YLLCORNER 73000 
CELLSIZE 1000 
NODATA_value -9 
[rows 61 to 121 of 228, columns 192 to 287 of 369]
24 19 30 44 36 80 50 54 37 35 61 91 72 100 29 0 51 48 5 0 46 80 69 68 43 45 23 0 35 74 13 11 49 39 53 57 47 33 70 31 6 15 39 31 74 86 42 59 70 85 82 65 39 72 74 25 36 32 45 27 16 41 42 46 91 75 78 52 34 38 40 47 41 57 66 82 86 73 40 45 0 36 12 21 9 58 67 77 37 67 37 48 1 0 30 61
19 56 68 87 14 48 60 65 33 92 84 43 87 64 90 3 5 87 55 6 33 84 75 50 36 24 7 32 32 0 0 10 28 53 8 1 44 36 26 19 29 38 30 55 53 31 15 16 75 78 71 26 36 47 74 72 25 53 53 37 24 44 21 52 57 46 22 70 57 74 77 49 57 99 75 32 43 20 55 56 49 35 85 13 30 87 34 7 59 49 68 34 10 15 6 84
13 18 10 29 40 75 88 25 34 46 84 65 83 96 100 43 0 23 99 11 19 5 36 62 23 27 0 17 49 36 14 0 33 7 24 25 22 53 23 32 80 52 35 34 41 18 27 55 66 43 15 10 53 32 32 32 36 22 29 53 57 75 44 78 65 28 43 60 63 65 22 44 42 20 1 14 0 7 46 30 29 55 55 31 86 58 18 25 74 45 88 52 18 29 36 82
1 39 67 45 2 45 44 47 87 34 33 57 66 81 97 71 0 0 32 44 74 37 27 29 29 47 52 7 30 38 30 12 6 26 7 48 61 60 46 56 52 44 23 21 33 43 51 45 16 18 26 29 20 16 39 21 75 27 34 38 60 64 35 72 69 59 63 74 80 76 61 41 0 0 0 0 0 0 0 5 37 26 27 98 91 52 1 26 18 79 100 75 65 66 58 96
0 19 5 45 27 0 50 61 30 24 24 67 100 93 99 77 42 0 0 5 38 75 83 84 62 62 59 2 21 15 10 3 20 65 66 87 80 56 83 55 32 68 41 39 10 27 5 25 16 20 19 46 78 48 56 51 63 58 44 18 14 38 49 59 39 55 74 63 78 100 41 8 0 0 0 0 0 0 0 29 0 22 90 75 66 19 7 17 0 17 95 100 100 100 86 70
27 24 37 76 27 0 19 55 20 8 18 60 100 100 94 39 100 74 20 0 0 0 23 73 89 25 39 41 43 30 40 59 50 0 66 61 61 38 61 37 25 41 32 15 23 24 25 14 15 16 83 100 95 62 68 60 21 16 18 40 26 7 31 42 16 8 52 58 49 39 12 0 0 0 0 0 0 0 0 3 45 82 79 19 76 63 32 39 0 33 50 99 99 83 100 69
4 5 15 48 8 34 83 18 22 20 34 51 59 80 100 32 57 89 33 34 35 1 0 2 50 60 69 15 34 50 94 5 9 6 41 94 78 46 36 39 32 64 22 37 46 57 30 26 6 25 91 99 70 60 81 32 37 37 44 33 29 2 0 17 16 58 37 42 60 4 0 0 0 0 0 0 0 0 0 54 84 19 20 0 35 28 55 62 57 73 89 83 69 98 99 69
14 0 37 51 70 9 13 16 25 19 44 32 50 31 99 69 0 34 41 27 54 39 0 0 0 20 77 69 51 43 39 5 24 87 32 95 74 62 6 36 48 55 27 44 69 84 30 35 33 46 44 72 84 79 48 48 71 34 59 15 0 13 25 32 35 49 21 0 14 0 0 19 17 0 0 0 0 0 38 81 62 35 1 0 3 35 55 62 89 33 15 86 72 44 33 73
26 7 1 32 12 25 51 36 0 14 36 0 11 33 74 80 8 17 20 0 10 81 27 0 0 0 0 13 13 7 4 1 0 56 79 66 0 0 4 30 25 29 34 46 8 51 80 14 2 25 30 45 65 37 27 35 83 51 59 38 29 18 45 2 51 28 7 12 5 9 45 67 69 15 44 26 0 48 80 93 9 4 0 0 24 57 58 59 93 5 58 81 70 41 79 66
25 16 0 8 17 15 34 22 29 6 26 12 18 14 15 54 1 29 44 0 0 10 90 46 0 0 0 0 0 0 0 0 0 26 80 0 0 0 0 0 0 6 34 54 39 0 3 21 43 59 23 61 44 55 60 55 64 83 60 62 61 23 13 38 32 21 9 17 45 52 24 36 14 56 55 39 3 31 23 31 34 28 0 0 41 37 65 30 37 66 95 94 82 92 78 75
56 12 20 28 1 2 2 0 59 67 23 20 55 52 47 51 21 18 2 0 0 0 4 58 62 1 0 4 0 0 0 7 16 0 6 0 0 0 20 30 65 57 70 38 0 0 0 15 24 25 52 37 73 96 97 50 53 56 38 59 85 82 28 24 13 64 76 55 11 0 37 42 52 46 34 22 35 16 81 7 44 19 0 6 42 4 4 2 72 100 100 95 100 97 61 56
33 13 26 50 40 10 14 31 43 22 65 61 66 81 40 51 22 42 2 0 0 0 0 59 72 52 36 63 70 47 58 35 12 0 0 13 49 6 51 28 16 0 27 5 0 0 0 48 22 2 53 53 56 86 76 39 8 26 22 54 50 17 1 0 5 49 63 41 38 26 29 11 0 43 93 94 76 46 9 29 18 1 0 38 28 0 0 4 94 100 77 72 100 77 61 100
37 15 19 64 30 28 30 5 64 6 64 70 69 85 18 26 1 6 20 8 35 0 35 24 33 97 75 26 26 63 51 53 24 18 29 69 51 7 7 52 0 0 0 0 0 0 18 44 18 6 29 35 58 80 70 49 0 0 35 63 87 45 70 44 28 66 22 33 52 36 45 17 16 16 19 41 54 10 0 2 64 64 12 27 10 0 0 54 100 99 61 81 100 100 98 100
55 48 16 59 21 68 92 19 50 42 36 39 5 58 13 9 35 0 33 11 3 0 4 0 20 29 3 25 22 42 39 42 9 30 40 3 32 56 30 82 26 18 20 18 2 0 2 62 39 0 0 10 66 80 42 1 0 0 44 90 91 94 76 67 82 48 39 28 10 1 41 18 35 62 90 40 30 8 31 53 13 58 63 31 24 26 45 94 98 74 22 66 99 69 73 80
34 9 16 52 17 69 1 0 3 46 39 40 0 52 0 6 31 2 29 43 4 10 29 49 69 50 7 4 37 70 48 48 42 60 22 26 35 40 40 53 12 37 44 64 22 72 34 2 9 0 0 19 92 76 6 13 27 0 4 33 33 36 55 74 76 12 0 0 0 0 2 0 0 3 62 85 77 86 76 53 64 60 96 79 35 59 79 97 99 65 69 73 99 93 27 60
16 48 19 49 20 15 0 0 0 0 62 59 0 64 6 0 0 0 2 41 62 76 63 70 94 88 60 50 35 22 28 29 56 92 52 61 36 55 69 56 99 75 73 65 65 21 40 3 0 1 39 47 100 40 48 63 28 59 9 64 31 22 66 61 57 0 0 0 0 0 0 0 0 2 10 71 52 27 41 96 67 47 92 63 26 22 74 100 60 95 100 100 79 70 30 91
44 28 22 12 16 0 0 0 0 3 88 31 9 39 15 12 41 43 77 93 85 100 100 100 100 81 46 26 0 5 20 67 99 73 46 65 63 95 78 67 52 78 70 55 65 98 88 73 62 16 31 73 94 76 92 77 84 43 17 14 36 61 21 5 4 27 9 7 53 73 31 15 0 0 2 31 8 0 11 49 64 77 65 82 12 15 97 94 60 52 70 100 71 56 30 40
23 7 10 0 18 12 0 0 0 31 64 40 55 58 47 70 43 47 48 82 88 55 98 66 41 3 2 27 11 0 3 33 98 52 41 95 73 80 53 64 69 46 80 38 27 98 90 93 99 23 7 98 96 84 52 93 57 36 46 47 29 23 1 3 4 87 91 68 40 43 95 95 35 12 0 0 0 0 1 68 88 11 89 65 0 31 65 92 67 87 92 84 65 67 33 9
47 5 9 29 48 36 23 0 0 36 97 62 82 45 63 80 54 63 33 10 36 39 50 28 25 22 45 50 16 0 0 10 59 76 100 57 100 100 57 65 78 89 97 49 10 60 47 70 92 87 29 62 88 66 60 32 10 21 54 73 75 91 100 95 69 26 26 29 30 39 65 81 97 61 1 13 2 0 0 58 37 20 83 26 18 14 20 100 63 63 84 80 36 47 19 38
2 14 8 53 48 20 6 0 4 89 50 15 80 44 6 26 6 16 25 36 30 93 30 0 24 31 21 54 37 22 0 15 23 58 44 54 95 88 21 45 4 40 97 54 38 44 29 43 49 84 60 65 3 6 12 61 45 23 3 0 0 0 13 30 27 0 16 12 0 14 17 38 56 91 14 60 18 0 0 17 18 70 57 87 54 19 27 100 81 49 51 67 63 59 11 59
2 62 74 49 43 0 0 0 15 80 33 17 92 50 10 5 31 15 0 19 14 25 0 4 35 61 26 54 63 44 0 3 38 22 31 37 42 52 54 59 12 63 98 57 10 19 29 21 48 64 67 64 0 37 74 76 51 81 42 33 26 19 3 7 0 38 44 92 66 65 60 13 0 85 95 75 30 11 0 0 20 65 93 92 31 5 55 72 98 84 47 77 70 65 0 48
40 27 21 32 12 0 49 82 6 24 59 8 34 99 48 45 100 99 25 0 44 30 11 58 61 86 27 30 41 12 25 0 68 51 57 72 17 40 42 83 45 44 38 58 13 13 42 42 54 38 76 51 24 39 64 79 64 96 46 67 42 56 68 84 11 63 62 84 88 34 23 43 18 67 100 90 33 1 0 0 2 77 56 27 26 35 50 60 100 98 77 72 69 82 45 61
39 58 14 16 17 0 26 7 0 10 94 46 13 97 90 100 95 65 49 0 80 52 50 78 38 38 11 30 20 16 12 8 47 26 51 73 65 42 69 82 17 8 47 0 0 25 55 48 31 46 95 89 71 74 57 51 24 61 37 77 41 92 77 92 82 58 91 82 41 60 25 0 36 69 33 93 74 20 2 20 82 91 52 15 37 18 47 65 100 99 37 62 34 8 2 73
39 40 4 12 0 42 31 0 0 0 35 63 73 83 100 100 91 80 44 14 38 8 14 87 97 41 39 32 76 65 71 8 5 16 65 55 68 64 79 90 45 6 59 2 0 28 84 54 64 77 100 62 77 100 67 19 0 16 14 34 18 93 100 89 73 45 59 56 37 30 17 41 40 54 3 29 98 70 48 22 90 85 81 50 10 6 27 88 99 81 18 59 38 0 23 59
29 54 5 1 33 0 34 9 0 0 1 23 35 65 60 46 49 24 22 29 37 30 48 45 99 40 26 25 35 39 84 85 11 15 57 54 65 95 49 95 17 28 41 4 2 42 80 50 32 70 98 2 69 99 57 49 4 22 0 11 2 41 99 78 54 0 0 0 43 70 66 46 36 25 48 20 30 86 80 4 39 60 64 82 20 23 59 99 83 35 1 37 32 0 2 0
0 5 57 46 20 70 19 76 96 45 1 0 44 80 22 57 19 36 0 13 45 62 67 94 44 73 22 61 87 66 40 42 93 19 2 33 13 87 76 14 74 48 78 14 0 25 85 24 9 4 6 74 42 92 59 21 4 14 0 0 0 27 75 97 14 0 0 5 44 80 92 77 33 35 55 45 18 20 93 58 64 68 41 10 43 64 95 45 37 48 0 0 0 0 0 0
48 63 59 2 17 43 71 11 77 92 25 24 23 57 75 16 11 52 5 33 19 60 53 82 28 93 32 92 100 92 68 94 60 7 57 58 58 68 4 0 59 72 20 0 0 65 48 0 0 0 10 49 94 76 39 53 0 0 0 10 61 15 34 52 6 0 10 59 78 54 100 41 33 29 70 51 86 69 60 88 67 79 21 19 43 62 24 100 97 34 0 0 0 0 0 0
77 51 29 6 0 8 36 63 35 40 87 28 39 52 98 7 17 8 14 45 72 56 14 64 55 58 71 100 76 100 51 52 53 40 63 35 56 85 24 1 53 43 2 0 0 6 0 0 3 13 71 66 62 73 23 3 0 0 0 0 0 2 26 29 0 0 0 37 52 82 79 1 0 40 45 53 81 87 71 87 82 89 7 11 70 71 80 70 94 10 0 0 0 0 0 0
45 63 5 0 29 46 66 19 10 18 73 47 27 83 100 20 27 19 66 22 33 27 9 59 64 67 95 82 83 83 71 9 59 9 48 0 23 82 5 0 1 0 0 0 0 0 4 33 84 100 89 35 82 78 86 0 0 0 0 0 0 0 22 7 0 0 0 12 44 73 31 0 38 70 60 36 72 74 96 35 28 16 2 0 12 77 88 75 79 55 45 2 0 37 15 27
79 7 0 0 0 66 62 41 48 39 68 87 27 28 36 4 3 1 4 8 5 22 59 64 33 37 100 49 28 68 24 27 13 38 26 0 25 34 0 0 0 7 35 55 46 57 91 54 74 91 83 73 49 82 82 69 38 0 0 0 0 0 0 0 0 0 0 0 45 73 0 0 0 0 0 70 98 96 45 38 52 35 50 0 0 17 27 80 57 99 91 32 0 11 22 79
5 0 0 15 35 41 76 89 63 52 11 71 87 67 61 15 22 25 7 58 32 22 54 75 38 70 92 56 71 72 18 19 69 65 6 0 40 14 0 34 47 60 23 43 47 48 25 65 85 51 63 35 74 50 44 72 34 0 0 0 0 0 0 0 0 0 0 0 4 12 0 0 0 2 28 56 92 84 51 94 30 23 15 20 0 12 30 51 71 68 56 59 6 0 0 7
0 0 10 28 19 28 4 23 54 81 39 13 33 52 61 73 18 54 94 32 74 94 46 74 62 32 31 18 60 81 51 51 50 74 46 0 0 0 16 83 67 70 78 78 71 85 61 17 0 0 0 1 86 29 43 100 36 0 0 0 0 0 0 0 0 0 0 0 0 0 0 0 0 3 78 47 94 51 39 45 65 49 72 82 61 77 53 5 27 21 88 74 60 0 0 22
0 0 0 0 0 0 0 0 53 69 50 54 31 45 78 62 68 85 48 5 52 54 37 43 43 44 35 51 77 48 30 63 37 72 24 0 0 0 40 22 0 17 84 7 0 4 0 0 0 0 0 48 49 51 87 100 94 64 6 3 36 63 25 0 0 0 0 0 0 0 0 2 31 57 75 79 54 0 0 30 77 70 63 77 79 98 47 27 56 3 68 87 89 18 33 17
0 0 0 0 0 0 33 0 38 88 76 49 64 91 94 95 61 90 70 8 17 23 72 82 59 77 18 12 36 18 9 32 13 0 0 0 0 1 0 0 0 0 33 42 0 0 0 0 0 0 0 66 40 33 64 95 100 100 91 74 87 42 0 0 0 0 0 0 0 0 3 61 69 46 58 70 71 0 0 0 1 18 48 84 50 83 78 21 3 4 38 92 69 45 35 29
48 77 64 52 57 48 24 2 25 47 60 53 91 79 58 3 12 62 93 39 0 75 77 57 98 68 12 57 40 50 3 0 0 1 19 2 57 47 0 0 0 0 2 27 0 0 0 0 0 0 17 76 42 67 78 99 86 86 85 74 94 12 0 0 0 20 0 0 6 14 15 61 81 60 56 29 1 0 0 0 0 0 0 85 60 66 84 71 22 4 3 62 78 26 31 37
32 11 19 12 11 13 0 0 0 0 0 0 13 7 0 7 48 6 64 17 61 89 88 70 54 40 31 65 15 25 40 47 92 51 39 45 60 7 0 0 0 0 0 0 0 0 0 0 0 36 76 41 66 86 97 73 19 74 67 55 71 37 5 0 0 12 0 0 43 67 67 69 12 0 26 0 0 0 0 0 0 6 21 64 70 93 4 86 90 39 0 31 38 76 98 94
63 69 43 55 0 0 10 3 0 0 0 0 0 13 20 55 55 1 43 70 26 17 9 31 36 80 68 33 45 86 20 34 91 64 73 92 32 4 0 0 0 0 0 0 0 0 0 2 45 66 89 33 90 60 74 44 0 0 56 66 65 43 46 29 36 25 0 17 40 41 16 25 0 0 0 0 0 0 0 0 0 21 69 55 56 96 17 86 74 82 46 25 30 79 79 71
34 5 0 78 19 0 26 51 20 3 14 54 82 98 100 54 61 0 29 68 0 0 0 31 30 38 45 89 37 58 32 69 100 97 68 63 27 2 0 0 0 0 0 0 0 0 0 2 66 100 67 77 100 60 51 13 0 0 11 44 61 54 78 61 37 7 0 0 9 0 0 0 0 0 0 0 0 0 0 0 0 35 77 81 62 86 52 68 69 68 26 13 21 75 63 86
22 10 0 17 31 44 67 59 62 86 99 54 32 80 94 27 39 0 26 82 55 9 0 0 0 0 33 54 52 50 58 100 73 67 55 30 17 5 0 0 0 0 0 0 0 0 8 50 24 79 35 100 77 40 24 5 0 0 7 47 60 78 57 12 0 0 0 0 0 0 0 0 0 0 0 0 0 0 0 0 0 6 8 79 65 86 53 99 71 21 10 59 59 39 68 46
28 25 9 71 97 96 37 49 54 68 30 83 49 33 34 57 27 0 3 72 74 61 37 32 22 9 0 17 16 2 44 10 32 92 67 79 66 2 0 0 0 0 0 0 0 0 10 15 65 58 87 99 59 40 34 0 0 0 11 24 49 92 17 0 0 0 0 0 0 0 0 0 0 0 0 0 0 0 0 0 0 0 0 52 96 44 54 83 60 48 14 41 73 87 84 58
49 17 33 84 35 31 64 46 65 78 62 58 36 1 73 64 6 0 37 100 91 96 74 91 63 30 0 0 0 0 10 0 0 19 68 88 22 0 0 0 0 0 0 0 0 9 12 76 70 67 98 57 39 12 0 0 0 0 0 20 60 86 2 7 3 0 0 0 0 0 1 26 38 17 21 9 0 0 0 0 0 0 10 72 78 9 28 85 91 8 74 20 91 69 65 56
89 57 66 38 14 34 78 42 17 6 98 57 15 0 66 50 0 0 65 84 25 16 22 2 0 0 0 0 0 8 48 0 0 0 33 32 0 0 0 0 0 0 0 0 0 2 68 100 38 98 54 15 0 0 0 0 0 0 0 41 37 56 62 88 52 0 0 0 0 9 26 28 25 63 80 33 0 0 0 0 25 21 55 100 41 23 85 60 78 5 29 49 97 44 52 54
38 46 89 65 69 40 35 0 0 0 24 5 28 36 81 84 47 0 37 90 56 17 0 0 0 0 0 0 0 0 6 0 0 0 4 49 22 0 0 0 0 0 0 0 0 33 79 68 82 100 39 0 0 0 0 0 0 1 18 23 48 30 72 59 0 0 0 0 0 0 0 0 0 0 7 1 0 19 88 84 79 63 86 74 11 5 40 38 80 33 17 62 56 67 65 44
48 12 60 84 70 45 7 0 0 0 12 72 72 79 68 72 75 0 6 99 98 84 26 10 0 0 0 0 0 0 0 0 0 0 0 23 25 0 0 0 0 0 0 0 51 85 47 55 58 39 4 0 0 0 0 0 0 11 21 22 54 60 25 0 0 0 0 0 0 0 0 0 0 0 0 0 0 0 10 41 77 97 56 1 0 1 61 97 99 27 51 47 83 97 38 69
57 72 97 64 61 21 0 0 0 15 74 57 100 90 87 82 70 0 1 94 61 59 82 9 0 0 0 0 0 0 0 0 0 0 0 5 0 0 0 0 0 0 10 31 26 31 63 34 87 0 27 0 0 0 0 0 5 29 41 24 0 2 4 0 0 0 0 0 0 0 0 0 0 0 0 0 0 0 2 39 61 48 0 0 0 10 93 100 60 6 37 53 92 64 15 54
85 55 67 51 33 0 0 0 2 46 84 87 24 45 66 94 84 0 11 93 96 55 81 63 16 11 45 0 0 0 0 0 0 0 0 0 0 0 0 0 24 28 13 0 0 33 49 79 52 0 2 0 0 0 0 0 14 21 33 0 0 0 0 0 0 0 0 0 0 0 0 0 0 0 0 0 0 1 34 77 81 71 0 0 0 37 99 100 24 48 72 97 95 84 25 13
43 73 70 34 87 36 0 0 0 0 45 81 1 29 59 34 87 59 9 63 100 83 61 46 37 38 47 15 38 0 0 0 0 0 0 0 0 0 14 45 45 18 0 0 13 68 39 62 5 0 0 0 0 0 0 0 0 0 0 0 0 0 0 0 0 0 0 0 0 0 0 0 0 0 0 0 0 21 68 59 94 43 0 0 0 40 99 79 39 79 100 99 71 0 0 0
13 46 53 12 65 33 0 0 0 16 50 8 0 9 0 0 65 96 62 58 98 86 81 59 69 55 14 4 6 0 0 0 0 0 0 0 0 0 29 1 0 0 0 0 0 47 91 5 0 0 0 0 0 0 0 0 0 0 0 0 0 0 0 0 0 0 0 0 0 0 0 0 0 0 0 0 0 67 66 87 31 0 2 13 46 32 70 41 84 61 100 71 13 0 0 0
2 38 77 73 56 22 0 0 0 3 26 0 0 0 0 12 86 99 47 43 44 65 66 84 80 60 66 41 13 1 24 16 38 8 0 0 0 0 0 0 0 0 0 0 2 72 44 0 0 0 0 0 0 0 0 0 0 0 0 0 0 0 0 0 0 0 5 10 4 0 0 0 5 3 0 0 13 50 82 88 28 10 19 36 60 16 40 95 96 100 100 54 2 2 9 0
80 75 18 2 0 0 0 0 0 0 0 0 0 0 0 43 71 72 78 40 68 99 73 50 87 47 68 69 30 46 57 64 81 69 27 0 0 0 0 0 0 0 0 0 0 5 0 0 0 0 0 0 0 0 0 0 0 0 0 0 0 0 0 0 0 0 90 55 36 61 28 43 92 44 12 8 17 84 78 76 42 73 97 67 48 0 21 74 67 100 74 16 31 29 33 22
74 65 2 0 0 0 0 0 0 0 0 0 0 0 0 0 1 87 70 27 26 94 79 39 39 15 0 0 0 8 74 11 6 0 0 0 0 0 0 0 0 0 0 0 0 0 0 0 0 0 0 0 0 0 0 0 0 0 0 0 0 0 0 0 32 46 98 71 57 44 69 42 97 80 41 32 33 94 69 74 80 79 48 30 37 38 56 99 83 95 80 49 59 41 31 45
100 89 11 0 0 0 0 0 0 0 0 0 0 0 0 0 6 61 68 51 39 59 55 33 17 0 0 0 0 21 40 0 0 0 0 0 0 0 0 0 0 0 0 0 0 0 0 0 0 0 0 0 0 0 0 0 0 0 0 0 0 0 0 0 4 77 30 59 68 92 58 79 46 34 68 57 39 62 96 51 13 63 61 25 59 99 100 62 71 64 92 91 100 88 81 94
55 19 8 20 26 0 0 0 0 0 0 0 0 0 0 0 0 6 63 79 24 73 0 0 0 0 0 0 3 91 33 0 0 0 0 0 0 0 0 0 0 0 0 0 0 0 0 0 0 0 0 0 0 0 0 17 52 1 0 0 25 0 0 2 8 76 61 82 73 95 99 96 75 45 52 75 80 49 47 78 44 41 66 95 100 100 81 56 38 86 90 62 48 80 94 75
87 35 47 56 61 1 0 0 0 0 0 0 0 0 0 0 0 2 68 98 93 100 42 0 0 0 0 0 0 52 13 0 0 0 0 0 0 0 0 0 0 0 0 0 0 0 0 0 0 0 0 0 0 2 6 32 80 20 0 5 73 4 18 61 43 50 57 100 100 100 92 84 71 65 76 100 62 42 72 100 94 80 74 65 92 64 40 35 55 82 87 70 71 49 65 75
49 73 68 66 72 5 0 0 0 0 0 0 0 0 0 3 54 64 100 100 80 74 99 51 3 0 0 0 0 0 0 0 0 0 0 0 0 0 0 0 0 0 0 0 0 0 0 0 0 0 0 0 0 13 25 67 65 65 0 22 100 40 87 89 44 6 23 99 91 98 83 93 87 47 99 100 84 60 26 98 89 78 52 18 21 0 17 41 67 43 46 15 53 51 99 69
38 59 59 70 34 70 46 9 0 0 0 0 0 0 0 0 0 29 45 31 68 88 23 73 91 4 0 0 0 0 0 0 0 0 0 0 0 0 0 0 0 0 0 0 0 0 0 0 0 0 0 0 0 3 38 79 44 59 32 63 100 40 61 99 49 34 75 85 67 84 96 90 57 51 60 83 96 76 89 66 34 27 15 4 0 0 7 83 44 28 33 0 0 7 35 8
16 13 19 30 56 72 56 42 40 5 0 0 0 0 0 0 0 0 0 0 1 87 73 42 99 21 0 0 0 0 0 0 0 0 0 0 0 0 0 0 0 0 0 0 0 0 0 0 0 0 0 4 27 8 3 35 31 43 42 80 61 63 65 73 54 79 51 38 50 20 45 50 28 28 34 88 77 68 79 70 96 93 20 20 38 1 0 0 25 50 45 10 0 0 0 0
0 0 0 0 0 10 52 14 11 0 0 0 0 0 0 0 0 0 0 0 0 33 87 27 99 34 0 0 0 0 10 11 2 0 0 0 0 0 0 0 0 0 0 0 0 0 0 0 0 0 0 12 61 30 0 27 23 25 70 79 59 47 62 66 32 41 34 87 87 80 60 61 19 46 80 97 97 63 96 88 100 97 33 58 94 12 0 18 88 66 65 44 0 0 0 0
0 0 0 0 0 0 0 0 0 0 0 0 0 0 0 0 0 0 0 0 1 48 92 79 93 83 33 0 0 21 81 50 2 0 0 0 0 0 0 0 0 0 0 0 0 0 0 0 0 6 32 15 72 25 41 60 55 66 68 75 71 60 46 65 86 25 34 76 45 61 92 78 68 14 75 99 100 87 65 92 90 90 66 85 91 55 0 3 30 61 74 42 0 0 0 0
0 0 0 0 0 0 0 0 0 0 0 0 0 0 0 0 0 0 0 15 48 91 100 90 44 85 64 39 71 40 54 9 0 0 0 0 0 0 0 0 0 0 0 0 0 0 7 17 24 45 70 79 66 40 56 80 62 60 70 53 60 75 96 48 42 16 79 40 35 30 27 57 72 0 56 80 100 61 53 96 78 56 11 58 78 61 13 0 0 12 23 50 17 0 0 0
0 0 0 0 0 0 0 0 0 0 0 0 0 0 0 0 0 0 2 58 84 81 50 81 55 68 80 76 61 11 0 0 0 0 0 0 0 0 0 0 29 0 0 0 7 39 71 87 92 33 72 13 71 83 69 66 93 74 20 5 48 42 35 33 73 60 22 83 78 10 0 0 4 0 5 81 100 62 32 32 73 69 25 82 96 72 32 0 0 28 89 59 39 0 0 0
