data/habitatmaps/RS_maps/habitat_Prunella.collaris_2019.asc
NCOLS 369 
NROWS 228 
XLLCORNER 479000 
YLLCORNER 73000 
CELLSIZE 1000 
NODATA_value -9 
[rows 136 to 203 of 228, columns 192 to 287 of 369]
15 0 0 15 1 46 100 100 100 100 100 82 70 8 0 0 49 79 66 57 3 57 99 47 6 33 51 95 37 0 44 62 96 38 50 37 2 100 100 48 18 23 72 100 100 100 94 81 25 47 50 52 55 8 0 61 100 99 78 28 0 0 0 30 7 72 74 22 31 22 100 100 59 11 0 2 38 19 4 0 0 0 0 29 43 26 79 33 42 92 30 0 0 0 0 9
51 26 0 33 43 34 94 100 75 75 51 8 0 7 32 49 84 54 83 70 43 33 45 22 3 51 73 100 93 14 96 79 100 50 9 95 45 99 100 54 23 83 100 100 100 100 79 18 6 62 96 50 46 0 31 88 100 87 4 0 0 0 0 44 58 2 39 48 91 59 62 100 71 56 73 83 81 95 54 0 0 0 0 18 5 63 100 20 0 2 0 0 0 0 0 0
75 37 8 30 25 84 100 97 22 0 0 33 66 95 32 51 71 77 100 100 56 16 21 51 12 78 63 64 45 43 100 96 99 11 31 100 60 80 97 100 100 100 65 31 98 100 93 23 3 84 100 99 68 43 97 100 87 52 77 86 3 0 0 3 26 27 69 19 3 38 96 100 100 100 81 28 54 16 18 0 0 0 15 72 46 0 90 26 42 37 13 0 0 0 0 0
43 29 82 55 44 75 99 89 0 0 38 96 100 66 1 67 83 100 100 100 79 2 44 53 41 99 52 100 70 87 100 100 23 0 85 100 95 84 40 74 100 100 50 0 85 50 87 33 0 55 100 100 100 100 100 100 100 100 100 34 15 42 5 2 16 38 50 25 100 100 100 100 100 100 92 7 0 2 56 0 0 0 17 75 72 78 55 24 100 95 60 1 0 0 0 0
54 62 100 82 94 83 16 0 3 10 86 45 99 79 30 90 27 90 100 89 2 16 32 36 91 78 96 100 80 99 75 63 7 55 100 100 100 100 100 100 100 76 2 0 64 33 11 11 30 65 98 100 100 100 100 100 54 100 58 61 62 5 55 26 39 47 31 90 55 36 59 88 100 100 100 52 3 41 50 0 0 0 31 51 45 27 46 77 100 45 0 0 0 0 0 0
93 35 100 96 40 6 41 44 58 30 58 86 72 47 54 96 76 67 100 100 54 3 46 88 74 82 100 100 100 96 31 3 0 87 100 100 100 100 100 93 66 30 41 0 0 0 0 0 0 43 100 94 100 100 99 62 1 57 53 25 46 19 70 92 46 62 100 69 73 97 96 52 52 96 63 5 0 0 2 0 0 0 0 42 39 28 89 100 63 3 0 0 9 69 11 0
70 38 64 43 27 87 33 58 28 38 58 100 81 28 33 19 80 75 95 100 85 61 69 37 98 97 100 100 98 100 92 14 3 48 80 100 100 100 57 61 10 0 15 0 0 0 0 0 4 96 100 62 41 72 66 2 62 32 34 69 99 92 97 63 100 89 38 69 14 33 23 48 35 34 3 0 0 15 0 12 14 0 0 0 60 100 100 88 6 0 0 10 77 43 7 0
51 68 3 34 55 72 41 6 34 23 94 64 10 45 38 82 55 9 40 89 41 14 0 16 83 74 40 60 59 62 34 0 0 0 49 100 100 91 51 18 0 0 0 0 0 6 30 83 89 100 100 54 92 56 89 76 30 76 62 76 38 73 68 41 60 8 0 0 33 4 0 0 0 0 0 12 62 91 53 86 82 0 0 22 4 35 68 33 3 33 17 79 95 20 22 0
43 27 64 76 94 12 2 37 83 14 52 82 99 100 100 57 19 10 38 4 0 0 0 14 1 12 12 62 82 62 11 40 0 0 5 21 36 37 48 24 0 0 0 0 32 0 12 100 100 100 99 52 100 100 100 100 68 100 100 60 85 99 12 7 0 0 18 46 0 0 0 3 18 7 43 60 99 100 87 72 100 26 43 80 65 53 52 4 86 100 92 96 100 85 29 0
0 31 99 68 90 82 58 57 96 86 76 100 100 100 88 0 0 0 0 0 0 0 0 0 0 0 0 0 0 0 64 97 34 0 0 11 33 30 0 0 0 0 0 11 34 0 1 69 100 80 100 91 72 28 95 83 73 100 100 94 100 87 0 0 0 0 2 4 0 1 0 40 50 54 45 100 100 100 100 100 81 21 84 100 100 78 84 36 100 64 79 100 100 87 10 0
0 7 0 70 84 97 96 92 50 76 100 100 100 50 30 38 0 0 0 0 0 0 0 0 0 0 38 42 0 0 0 5 7 0 0 0 0 0 15 0 0 0 0 0 0 14 12 7 93 92 100 100 95 79 64 57 76 99 52 79 99 32 27 5 9 0 0 0 63 81 8 4 28 91 73 100 100 100 100 100 35 4 32 65 75 97 100 32 83 15 71 100 95 15 0 0
0 34 3 52 20 75 100 68 42 95 85 23 21 0 0 0 0 0 0 0 0 0 0 0 0 0 0 10 17 77 68 62 52 57 27 19 0 0 0 0 0 0 0 0 0 0 28 46 0 48 100 100 100 57 49 41 41 97 100 77 59 28 48 42 65 12 7 9 0 31 34 6 55 32 15 74 100 90 99 100 35 30 7 0 0 16 67 97 77 71 100 98 31 1 1 0
32 1 0 1 54 100 100 87 97 96 20 0 0 0 0 0 0 6 16 8 0 0 0 0 0 0 0 0 0 4 50 84 100 90 100 97 42 0 42 0 0 0 0 0 0 0 0 35 0 50 100 100 100 72 90 100 100 100 96 18 22 39 64 37 32 34 83 68 0 34 71 84 100 68 28 100 100 60 85 100 26 77 100 40 4 10 25 65 50 93 100 87 39 46 51 60
17 18 33 36 90 100 100 100 100 89 0 0 0 0 0 1 0 46 83 99 19 0 0 0 0 0 0 0 0 0 0 14 36 1 62 86 100 67 84 63 85 66 0 0 0 0 0 0 0 48 100 50 74 100 100 100 87 80 38 49 38 11 48 0 75 97 88 45 59 73 100 100 100 100 41 100 100 100 83 47 33 100 94 18 31 24 56 86 100 100 58 52 49 88 47 100
57 93 100 100 100 100 100 100 100 27 0 0 0 0 18 70 89 100 73 93 64 53 6 28 0 0 0 0 0 0 0 0 0 0 0 2 11 50 30 63 32 0 0 0 0 0 0 0 0 68 100 72 53 100 98 100 73 44 77 100 100 86 78 8 82 17 17 94 21 97 100 100 92 64 0 11 69 100 48 6 18 100 91 20 46 0 5 22 91 100 100 100 100 82 43 100
18 100 100 100 100 100 100 100 21 1 19 13 82 51 36 100 84 31 11 3 59 100 90 100 66 41 35 0 0 0 0 0 0 0 0 0 0 0 49 3 0 0 0 0 0 0 0 0 11 90 100 98 89 55 38 76 83 69 81 100 100 52 47 2 5 77 97 98 43 86 100 77 51 40 68 49 20 88 89 32 78 100 100 25 37 0 0 0 0 60 100 100 100 90 94 97
43 48 100 100 100 100 84 28 18 65 61 52 100 54 63 79 45 54 38 8 0 7 82 100 100 100 100 44 0 0 0 0 0 0 0 0 0 0 16 3 0 0 0 0 0 0 0 67 96 97 57 71 99 53 70 32 46 66 98 100 92 57 80 47 13 99 100 100 80 100 73 100 85 53 41 55 0 31 100 90 100 100 100 13 78 0 19 34 1 5 53 85 100 100 100 100
30 8 95 36 12 39 6 0 42 66 92 66 100 100 100 83 91 100 100 63 11 0 5 66 100 100 98 51 29 0 0 0 0 0 0 0 0 0 0 0 0 0 0 0 0 0 20 100 100 84 6 11 66 87 54 80 95 98 72 100 100 61 72 49 4 69 100 100 100 80 66 98 85 2 0 0 0 57 100 100 100 100 58 26 79 1 54 100 75 58 3 18 94 100 100 100
8 46 100 52 5 35 72 76 86 100 96 100 100 100 100 100 100 100 100 100 43 16 0 28 47 39 76 100 82 24 14 0 0 0 0 0 0 0 0 49 50 2 0 0 0 0 25 54 100 95 84 1 1 4 50 57 100 80 44 100 89 26 22 0 0 57 99 100 86 67 81 87 30 0 0 0 0 19 73 100 100 100 46 45 49 0 83 100 100 100 75 4 8 40 83 100
50 94 100 100 100 100 63 32 100 100 65 89 92 100 100 100 100 90 99 100 100 54 0 0 5 66 100 100 79 16 13 0 0 0 0 0 0 0 0 25 95 32 0 0 0 0 0 0 47 99 77 8 2 34 89 100 97 43 92 100 93 35 36 0 0 44 99 100 91 91 3 5 0 0 0 0 0 2 90 100 100 100 54 67 69 29 63 40 100 100 92 62 74 41 19 100
87 100 100 100 100 58 79 99 100 100 99 14 44 100 100 25 66 10 35 100 27 17 0 0 44 100 100 80 24 0 0 0 0 0 0 0 0 0 0 0 82 70 0 0 0 0 0 0 9 26 9 0 0 0 36 100 84 52 100 100 100 59 34 0 0 30 74 100 68 28 0 0 0 0 0 0 0 3 26 92 100 82 10 98 91 56 69 82 97 90 12 55 99 61 31 84
96 26 90 98 67 0 94 100 100 100 90 31 41 100 100 26 23 7 8 79 34 0 0 0 24 100 100 100 100 55 73 68 82 40 0 0 0 0 0 0 8 50 0 0 0 0 0 0 0 0 0 0 0 0 28 74 74 48 24 41 80 98 72 1 0 0 3 74 64 100 45 2 0 0 0 0 0 0 33 78 100 75 20 100 100 39 99 41 85 84 0 60 100 73 11 60
100 30 17 35 10 59 100 100 91 100 100 72 8 66 95 14 0 0 0 13 31 1 0 0 10 97 97 97 100 100 100 100 100 28 0 0 0 0 0 0 0 0 0 0 0 0 0 0 0 0 0 0 0 0 0 29 71 42 9 0 60 100 98 9 0 0 0 1 17 37 92 47 62 31 0 0 0 0 63 100 100 95 10 100 100 82 62 100 23 95 0 43 100 100 81 95
100 93 2 35 33 50 100 80 91 35 86 39 16 52 10 82 76 6 0 1 20 0 0 5 37 76 25 55 84 100 67 76 28 0 0 0 0 0 0 0 0 0 0 0 0 0 0 0 0 0 0 0 0 11 44 99 78 83 47 8 47 100 100 98 43 0 0 0 0 0 76 100 36 3 0 0 0 0 28 78 74 100 63 100 100 92 85 97 46 92 0 47 100 100 100 100
100 73 91 51 64 100 100 86 21 77 66 0 0 0 54 100 79 26 0 0 0 0 0 32 100 59 30 48 76 99 56 4 9 0 0 0 0 0 0 0 0 0 0 0 0 0 0 0 0 0 12 19 0 0 50 97 100 100 12 0 40 65 61 92 11 0 0 0 0 39 100 91 64 63 7 0 0 0 15 70 89 100 100 100 100 100 75 54 54 86 19 31 100 100 95 65
95 83 100 81 23 48 100 100 89 32 4 0 0 0 3 47 100 67 0 0 0 0 0 0 21 18 3 7 92 100 99 61 43 0 14 1 0 0 0 0 0 0 0 0 0 0 0 0 0 0 7 9 68 67 68 100 84 29 0 0 0 0 65 93 17 0 0 0 0 44 100 100 81 4 0 0 0 23 98 100 100 100 100 100 100 100 48 22 35 64 88 85 100 100 76 40
100 100 100 49 0 86 100 100 100 61 95 34 0 0 0 36 100 80 62 39 0 0 0 0 0 0 46 97 98 45 38 41 53 44 100 35 0 16 0 0 0 0 0 0 0 0 0 0 0 0 0 0 2 34 84 97 56 46 0 0 74 94 100 95 19 0 0 0 0 37 100 100 100 73 5 0 0 5 92 100 100 100 100 100 100 98 89 99 100 94 100 100 100 100 100 69
100 100 100 58 0 8 67 100 94 100 99 14 0 0 0 46 67 99 90 88 31 0 0 0 0 0 46 100 93 2 0 0 0 7 67 85 62 60 0 0 0 0 0 0 0 0 0 0 0 0 0 0 0 0 0 18 58 46 0 0 19 100 100 63 0 0 0 0 0 76 100 100 91 100 59 23 45 27 23 47 76 100 100 100 100 100 100 100 100 100 100 100 100 97 85 62
100 100 85 16 0 2 79 100 100 72 81 62 0 0 0 0 0 25 13 72 10 0 0 0 0 4 12 97 99 95 53 28 0 0 2 95 61 37 0 0 0 0 0 0 0 0 0 0 0 14 42 7 0 0 28 91 49 22 0 0 10 91 91 30 0 0 0 0 0 73 100 100 81 63 86 40 18 7 0 14 62 100 100 100 100 100 100 82 63 94 59 21 23 8 0 23
100 100 90 16 0 0 17 100 95 81 4 25 0 0 0 0 0 0 1 0 0 0 0 0 22 91 32 70 16 1 15 39 0 0 11 82 90 92 58 13 0 0 0 0 0 0 0 0 0 53 99 16 0 7 73 89 96 35 0 0 0 61 68 28 0 0 0 0 0 16 89 100 98 32 30 20 0 0 0 57 72 59 39 43 37 96 79 46 0 11 0 0 0 0 0 0
96 100 100 49 0 0 36 100 100 98 42 0 0 4 24 0 0 0 0 0 0 0 0 9 80 100 100 93 17 0 0 0 0 0 44 94 94 100 59 82 20 0 0 0 0 0 0 0 0 1 68 50 60 94 100 100 87 32 0 0 14 66 0 0 0 0 0 0 0 0 51 100 87 2 0 0 0 0 0 0 0 0 0 0 9 29 8 20 0 0 0 0 0 0 0 0
100 100 100 67 0 0 57 100 100 100 99 63 82 91 22 1 0 0 0 0 0 0 0 0 40 95 81 98 27 4 0 0 0 0 2 11 35 100 100 17 0 0 0 0 0 0 0 0 0 24 99 90 100 100 100 69 25 1 0 0 24 62 5 0 0 0 0 0 0 47 10 84 100 31 10 0 0 0 0 0 0 0 0 0 0 1 0 0 0 0 0 0 0 0 0 0
51 54 37 5 0 0 82 100 100 99 100 100 96 43 99 82 0 0 0 0 0 0 0 7 24 73 33 99 77 94 30 0 0 0 0 0 0 72 57 0 0 0 34 19 0 0 0 0 0 7 8 0 14 91 100 93 27 0 0 0 0 66 9 0 0 0 0 0 48 34 56 52 100 98 78 0 0 0 0 0 0 0 0 0 0 0 0 0 0 0 0 0 0 0 3 58
36 0 1 0 0 0 45 100 62 29 25 24 3 0 55 92 4 0 0 0 0 0 4 90 100 66 10 49 46 88 99 78 0 0 0 33 77 57 37 0 0 14 72 1 0 0 0 0 0 0 0 0 26 98 100 100 22 0 0 0 72 100 44 0 0 0 0 0 0 35 100 100 96 33 27 0 0 0 0 0 0 0 0 0 0 0 0 0 0 0 2 39 13 5 40 58
62 0 0 25 21 58 88 36 0 0 0 0 0 0 0 3 0 0 0 0 0 27 78 100 100 44 13 6 0 10 83 91 0 0 0 0 48 70 14 48 45 67 2 0 0 0 0 0 0 0 0 0 4 94 100 89 3 0 0 14 99 90 17 0 0 0 0 0 0 13 62 100 92 16 0 0 0 0 0 0 0 0 0 0 0 0 11 43 26 28 51 100 84 44 50 98
8 0 0 21 100 100 42 0 0 1 28 0 0 0 0 0 0 0 0 0 0 0 2 61 48 89 34 0 0 0 6 25 0 0 0 0 70 18 60 83 71 71 94 46 13 0 0 0 0 0 0 4 87 100 100 68 0 0 0 19 58 7 0 0 0 0 0 0 12 85 70 93 20 2 0 0 0 0 0 0 0 0 0 4 62 39 43 100 100 100 100 100 100 77 69 100
0 0 0 20 100 100 74 0 0 0 24 0 0 0 0 0 0 0 0 0 0 0 1 28 5 70 27 60 18 0 0 0 0 0 0 42 85 35 72 72 34 84 58 24 0 0 0 0 0 0 0 37 100 100 100 30 0 0 0 0 4 0 0 0 0 7 41 2 98 100 100 42 0 0 0 0 0 0 0 0 0 0 0 8 88 97 93 100 100 98 67 67 100 100 100 100
0 0 26 93 100 91 84 29 0 0 0 0 0 0 0 0 0 0 0 0 0 0 0 0 0 0 0 8 76 6 6 0 0 0 9 97 15 1 75 11 17 100 17 0 0 0 0 0 0 0 0 3 46 100 58 12 0 0 0 0 0 0 0 0 4 82 85 12 77 97 84 68 10 0 0 0 0 0 0 0 0 0 4 38 83 75 87 100 100 75 2 71 100 100 100 100
0 24 84 100 82 50 5 0 0 28 13 1 0 0 0 16 5 4 0 0 0 0 0 0 0 0 0 0 0 70 56 1 0 0 0 40 49 8 65 0 62 100 58 0 0 0 0 0 0 0 0 0 0 71 53 0 0 0 0 0 0 0 0 0 20 91 99 58 94 86 0 0 0 0 0 0 0 0 0 0 0 0 0 35 58 0 12 22 36 10 3 93 100 100 100 100
0 3 82 100 15 0 0 0 0 0 57 59 43 0 12 59 84 3 0 0 0 0 0 0 0 0 0 0 0 36 80 19 0 0 0 35 47 0 0 0 72 80 73 0 0 0 0 0 0 0 0 0 3 62 60 0 0 0 0 0 0 0 0 0 0 0 71 100 100 8 0 0 18 0 0 0 0 0 0 0 0 0 36 9 0 19 57 27 0 0 14 94 100 100 53 100
0 0 100 88 0 1 13 0 0 3 76 100 100 75 98 40 44 44 15 7 45 2 0 0 0 0 0 0 0 0 2 94 55 0 0 0 21 0 0 0 5 79 73 9 0 0 0 0 0 0 0 0 0 13 11 0 0 0 0 0 0 0 0 0 0 0 18 96 88 0 0 12 15 0 0 0 0 0 0 0 0 0 2 0 22 81 32 23 36 26 48 100 100 76 24 90
0 4 94 100 86 55 52 92 82 35 53 94 51 64 54 51 44 10 3 24 64 80 6 0 0 0 0 0 0 0 4 44 78 48 5 0 0 0 0 0 0 0 34 100 5 0 0 0 0 0 0 0 0 0 0 0 0 0 0 0 0 0 0 0 22 38 2 70 63 50 84 46 39 69 44 0 0 0 0 0 0 0 0 0 31 63 27 58 92 100 100 100 86 10 0 0
0 31 100 100 100 100 99 97 64 49 15 19 2 0 3 12 45 22 16 45 0 6 0 0 0 0 0 0 0 0 20 26 33 100 78 37 35 0 0 5 41 83 80 83 13 24 0 0 0 0 0 0 0 0 0 0 0 0 0 0 0 0 0 0 4 57 77 64 95 95 97 100 98 99 100 86 41 6 0 0 0 0 0 0 0 48 2 47 26 66 100 100 100 95 55 54
0 0 57 72 34 99 100 100 100 47 1 0 0 0 0 0 7 0 22 6 0 0 0 0 0 0 0 0 0 0 0 0 0 28 96 77 46 0 0 28 29 26 79 37 69 64 39 62 0 0 0 0 0 0 0 0 0 0 0 0 0 0 0 0 0 84 100 100 100 100 100 100 93 100 100 100 100 47 0 0 0 -9 0 0 0 24 1 0 33 99 100 100 100 100 100 98
0 37 74 35 14 98 90 21 88 93 53 38 10 1 0 0 0 0 0 0 0 0 21 14 0 0 0 0 0 0 0 0 0 0 21 0 0 0 0 0 1 62 30 0 98 100 99 64 0 0 0 0 0 0 0 0 0 0 0 0 0 0 0 0 2 79 100 100 94 100 57 6 10 63 96 33 88 89 10 0 31 -9 -9 0 0 2 0 0 16 90 100 100 100 100 100 100
1 2 0 0 5 25 2 16 55 93 6 4 32 27 12 0 0 0 0 0 0 0 16 0 0 0 0 0 0 0 0 0 0 28 48 32 1 0 0 0 0 9 1 0 47 95 57 7 0 0 0 0 0 0 0 0 0 0 0 0 0 0 0 0 67 100 100 79 49 97 61 75 29 28 36 0 83 60 0 4 -9 -9 -9 -9 -9 0 0 24 54 83 85 70 100 84 18 31
66 0 0 6 17 0 0 28 34 8 0 0 0 0 0 0 0 0 0 0 0 8 21 0 0 0 0 0 0 0 0 0 0 0 2 0 0 0 0 0 0 0 0 0 0 28 0 0 0 0 0 0 0 0 0 0 0 0 0 0 0 0 0 0 4 63 94 26 29 100 37 13 6 0 12 0 6 0 0 0 -9 -9 -9 -9 -9 -9 0 0 0 7 47 82 100 99 46 50
32 1 0 36 87 32 0 0 0 0 0 2 0 0 0 0 0 0 0 0 0 0 0 0 0 0 0 0 0 0 0 0 0 0 0 0 0 0 0 0 0 0 0 0 0 0 0 0 0 0 0 0 0 0 0 0 0 0 0 5 0 0 0 0 0 0 0 0 66 42 18 16 16 0 0 0 0 0 0 19 -9 -9 -9 -9 -9 -9 -9 -9 -9 -9 100 99 100 100 93 30
19 0 0 10 82 100 62 52 10 20 61 3 0 0 0 0 0 0 0 0 0 0 0 0 0 0 0 0 0 0 0 0 0 0 0 0 0 0 0 0 0 0 0 0 0 0 0 0 0 0 0 0 0 0 0 0 0 0 0 34 7 0 0 0 31 73 36 0 9 42 9 0 0 0 0 0 0 0 0 0 -9 -9 -9 -9 -9 -9 -9 -9 -9 -9 -9 -9 -9 -9 -9 0
0 0 0 0 65 97 67 79 6 31 64 0 0 0 0 0 0 0 0 0 0 0 0 0 0 0 0 0 0 0 0 0 0 0 0 0 0 0 0 0 0 0 0 0 0 0 0 0 0 0 0 0 0 0 0 0 0 0 3 54 90 17 34 38 73 61 7 0 0 32 8 0 0 0 0 0 0 0 0 -9 -9 -9 -9 -9 -9 -9 -9 -9 -9 -9 -9 -9 -9 -9 -9 -9
0 0 0 2 74 59 0 0 0 48 22 39 54 5 16 20 16 48 42 0 0 0 0 0 0 0 0 0 0 0 0 0 0 0 0 0 0 0 0 0 0 0 0 0 0 0 0 0 0 0 0 0 0 0 0 0 0 0 1 36 51 86 63 70 10 1 0 0 0 25 0 0 0 0 0 0 0 0 -9 -9 -9 -9 -9 -9 -9 -9 -9 -9 -9 -9 -9 -9 -9 -9 -9 -9
0 0 0 0 0 0 0 0 0 0 0 0 25 55 18 2 2 18 23 0 0 0 0 0 0 0 0 0 0 0 0 0 0 0 0 0 0 0 0 0 0 0 0 0 0 0 0 0 0 0 0 0 0 0 0 0 0 0 0 47 55 60 0 0 0 0 0 0 0 0 0 0 0 0 0 0 0 0 -9 -9 -9 -9 -9 -9 -9 -9 -9 -9 -9 -9 -9 -9 -9 -9 -9 -9
0 0 0 14 31 17 0 0 0 0 0 0 0 8 5 0 0 0 0 0 0 0 0 0 0 0 0 0 0 0 0 0 0 0 0 0 0 0 0 0 0 0 0 0 0 0 0 0 0 0 0 0 0 0 0 0 23 57 6 71 32 0 0 0 0 0 0 0 0 0 0 0 0 0 0 0 0 -9 -9 -9 -9 -9 -9 -9 -9 -9 -9 -9 -9 -9 -9 -9 -9 -9 -9 -9
0 0 0 18 55 10 0 0 0 0 0 0 0 0 0 0 0 0 0 0 0 0 0 0 0 0 0 0 0 0 0 0 0 0 0 0 0 0 0 0 0 0 0 0 0 0 0 0 0 0 0 0 0 0 0 0 11 93 48 20 0 0 0 0 0 0 0 0 0 0 0 0 0 0 0 0 -9 -9 -9 -9 -9 -9 -9 -9 -9 -9 -9 -9 -9 -9 -9 -9 -9 -9 -9 -9
-9 -9 0 0 0 0 0 0 0 0 0 0 0 0 0 0 0 0 1 0 0 0 0 0 0 0 0 0 0 0 0 0 0 0 0 0 0 0 0 0 0 0 0 0 0 0 0 0 0 0 0 0 23 0 54 37 37 95 51 38 7 0 0 0 0 0 0 0 0 0 0 0 0 0 0 0 -9 -9 -9 -9 -9 -9 -9 -9 -9 -9 -9 -9 -9 -9 -9 -9 -9 -9 -9 -9
-9 -9 -9 0 0 0 0 0 0 0 0 0 0 0 0 0 0 0 0 2 0 0 0 0 0 0 0 0 0 0 0 0 0 0 0 0 0 0 0 0 0 0 0 0 0 0 0 0 0 0 0 0 22 10 0 51 69 17 70 54 33 0 0 0 0 3 0 0 0 0 0 0 0 0 0 0 -9 -9 -9 -9 -9 -9 -9 -9 -9 -9 -9 -9 -9 -9 -9 -9 -9 -9 -9 -9
-9 -9 -9 -9 0 0 0 0 0 0 0 0 0 0 0 0 0 13 33 60 58 6 0 0 0 0 0 0 0 0 0 0 0 0 0 0 0 0 0 0 0 0 0 0 0 0 0 0 0 0 0 0 0 0 7 20 0 0 0 0 2 0 0 0 0 48 3 9 0 0 0 0 0 0 0 -9 -9 -9 -9 -9 -9 -9 -9 -9 -9 -9 -9 -9 -9 -9 -9 -9 -9 -9 -9 -9
-9 -9 -9 -9 -9 0 0 0 0 0 0 0 0 0 0 0 5 83 80 34 2 2 33 1 0 0 0 0 0 0 0 0 0 0 0 0 0 0 0 0 0 0 0 0 0 0 0 0 0 0 0 0 0 0 0 0 0 0 0 61 64 0 0 2 30 89 52 55 0 0 0 0 0 0 -9 -9 -9 -9 -9 -9 -9 -9 -9 -9 -9 -9 -9 -9 -9 -9 -9 -9 -9 -9 -9 -9
-9 -9 -9 -9 -9 -9 22 20 0 0 0 0 0 13 6 0 0 0 0 5 27 0 16 20 5 0 0 0 0 0 0 0 0 0 0 0 0 0 0 0 0 0 0 0 0 0 0 0 0 0 0 0 0 0 0 0 0 0 0 16 4 0 0 43 45 48 69 3 0 0 0 0 0 0 -9 -9 -9 -9 -9 -9 -9 -9 -9 -9 -9 -9 -9 -9 -9 -9 -9 -9 -9 -9 -9 -9
-9 -9 -9 -9 -9 -9 -9 51 0 0 0 0 0 12 0 0 0 0 0 2 18 0 0 0 0 0 0 0 0 0 0 0 0 1 0 0 0 0 0 0 0 0 0 0 0 0 0 0 0 0 0 0 0 0 0 0 0 0 0 0 0 0 0 2 25 0 0 0 0 0 0 0 0 -9 -9 -9 -9 -9 -9 -9 -9 -9 -9 -9 -9 -9 -9 -9 -9 -9 -9 -9 -9 -9 -9 -9
-9 -9 -9 -9 -9 -9 -9 5 0 16 35 1 0 0 0 0 0 20 0 8 5 0 0 0 0 0 0 0 0 0 0 0 0 0 0 0 0 0 0 0 0 0 0 0 0 0 0 0 0 0 0 0 0 0 0 0 0 0 0 0 0 0 0 0 0 0 0 0 0 0 0 -9 -9 -9 -9 -9 -9 -9 -9 -9 -9 -9 -9 -9 -9 -9 -9 -9 -9 -9 -9 -9 -9 -9 -9 -9
-9 -9 -9 -9 -9 -9 -9 -9 8 59 45 36 0 0 1 0 0 16 0 49 37 0 0 0 0 0 0 0 0 0 0 1 11 0 0 0 0 0 0 0 0 0 0 0 0 0 0 0 0 0 0 0 0 0 0 0 0 0 0 0 0 0 0 0 0 0 0 0 0 0 -9 -9 -9 -9 -9 -9 -9 -9 -9 -9 -9 -9 -9 -9 -9 -9 -9 -9 -9 -9 -9 -9 -9 -9 -9 -9
-9 -9 -9 -9 -9 -9 -9 -9 -9 14 80 99 74 56 51 52 0 0 0 0 0 0 0 0 0 0 0 0 0 0 0 65 17 0 0 0 0 0 0 0 0 0 0 0 0 0 0 0 0 0 0 0 0 0 0 33 41 20 15 33 11 0 0 0 0 30 8 0 0 -9 -9 -9 -9 -9 -9 -9 -9 -9 -9 -9 -9 -9 -9 -9 -9 -9 -9 -9 -9 -9 -9 -9 -9 -9 -9 -9
-9 -9 -9 -9 -9 -9 -9 -9 -9 84 97 22 7 44 49 17 7 0 0 0 0 0 0 0 0 0 0 0 0 0 0 0 0 0 0 0 0 0 0 0 0 0 0 0 0 0 0 0 0 0 0 0 0 8 29 62 10 3 10 1 11 0 0 0 0 5 4 0 -9 -9 -9 -9 -9 -9 -9 -9 -9 -9 -9 -9 -9 -9 -9 -9 -9 -9 -9 -9 -9 -9 -9 -9 -9 -9 -9 -9
-9 -9 -9 -9 -9 -9 -9 -9 -9 -9 97 0 24 64 79 61 55 0 0 0 0 0 0 0 0 0 0 0 0 0 0 0 0 0 0 0 0 1 0 0 0 0 0 0 0 0 0 0 0 0 0 0 0 9 0 7 0 0 0 0 0 0 0 0 0 0 0 0 -9 -9 -9 -9 -9 -9 -9 -9 -9 -9 -9 -9 -9 -9 -9 -9 -9 -9 -9 -9 -9 -9 -9 -9 -9 -9 -9 -9
-9 -9 -9 -9 -9 -9 -9 -9 -9 -9 -9 0 53 16 7 23 0 0 0 0 0 0 0 0 0 0 0 0 0 0 0 0 0 0 0 0 0 32 0 0 0 0 0 0 0 0 0 0 0 0 0 0 0 0 0 0 28 0 0 0 0 0 0 0 0 0 0 0 -9 -9 -9 -9 -9 -9 -9 -9 -9 -9 -9 -9 -9 -9 -9 -9 -9 -9 -9 -9 -9 -9 -9 -9 -9 -9 -9 -9
-9 -9 -9 -9 -9 -9 -9 -9 -9 -9 -9 -9 -9 45 39 76 0 0 0 0 0 0 0 0 0 0 0 0 0 0 0 0 0 0 0 0 0 0 0 0 0 0 0 0 0 0 0 0 0 0 0 0 0 0 0 0 0 0 0 0 0 0 0 0 0 0 0 -9 -9 -9 -9 -9 -9 -9 -9 -9 -9 -9 -9 -9 -9 -9 -9 -9 -9 -9 -9 -9 -9 -9 -9 -9 -9 -9 -9 -9
-9 -9 -9 -9 -9 -9 -9 -9 -9 -9 -9 -9 -9 -9 84 8 0 0 0 0 0 0 0 0 0 0 0 0 0 0 0 0 0 0 0 0 0 0 0 0 0 0 0 0 0 0 0 0 0 0 0 0 0 0 0 0 0 0 0 0 0 0 0 0 0 0 0 -9 -9 -9 -9 -9 -9 -9 -9 -9 -9 -9 -9 -9 -9 -9 -9 -9 -9 -9 -9 -9 -9 -9 -9 -9 -9 -9 -9 -9
