data/habitatmaps/RS_maps/habitat_Prunella.modularis_2019.asc
NCOLS 369 
NROWS 228 
XLLCORNER 479000 
YLLCORNER 73000 
CELLSIZE 1000 
NODATA_value -9 
[rows 0 to 57 of 228, columns 192 to 287 of 369]
100 100 72 91 100 91 96 43 52 83 95 96 73 71 28 51 20 38 11 97 36 37 7 9 0 28 2 19 0 0 2 60 75 54 -9 -9 -9 -9 -9 -9 -9 -9 -9 -9 -9 -9 -9 -9 -9 -9 -9 -9 -9 -9 -9 -9 -9 -9 -9 -9 -9 -9 -9 -9 -9 -9 -9 -9 -9 -9 -9 -9 -9 -9 -9 -9 -9 -9 -9 -9 -9 -9 -9 -9 -9 -9 -9 -9 -9 -9 -9 -9 -9 -9 -9 -9
100 100 72 17 23 36 69 22 31 45 18 4 0 5 43 38 0 0 48 94 52 29 13 0 1 36 18 40 0 32 26 86 23 83 3 1 10 -9 -9 -9 -9 -9 -9 -9 -9 -9 -9 -9 -9 -9 -9 -9 -9 -9 -9 -9 -9 -9 -9 -9 -9 -9 -9 -9 -9 -9 -9 -9 -9 -9 -9 -9 -9 -9 -9 -9 -9 -9 -9 -9 -9 -9 -9 -9 -9 -9 -9 -9 -9 -9 -9 -9 -9 -9 -9 -9
100 84 2 7 0 0 5 25 40 76 88 55 28 92 91 28 17 0 74 40 5 41 60 0 25 52 8 59 0 2 34 23 12 66 45 6 0 7 -9 -9 -9 -9 -9 -9 -9 -9 -9 -9 -9 -9 -9 -9 -9 -9 -9 -9 -9 -9 -9 -9 -9 -9 -9 -9 -9 -9 -9 -9 -9 -9 -9 -9 -9 -9 -9 -9 -9 -9 -9 -9 -9 -9 -9 -9 -9 -9 -9 -9 -9 -9 -9 -9 -9 -9 -9 -9
51 20 20 26 9 36 11 40 27 73 30 16 21 87 61 63 40 11 50 0 0 0 5 34 15 74 17 1 0 28 0 0 0 4 52 36 0 0 3 0 -9 -9 -9 -9 -9 -9 -9 -9 -9 -9 -9 -9 -9 -9 -9 -9 -9 -9 -9 -9 -9 -9 -9 -9 -9 -9 -9 -9 -9 -9 -9 -9 -9 -9 -9 -9 -9 -9 -9 -9 -9 -9 -9 -9 -9 -9 -9 -9 -9 -9 -9 -9 -9 -9 -9 -9
0 0 0 7 14 12 91 42 2 64 0 0 15 70 24 9 19 14 11 0 5 0 8 65 2 22 63 70 0 0 0 0 0 0 0 29 7 0 0 0 36 -9 -9 -9 -9 -9 -9 -9 -9 -9 -9 -9 -9 -9 -9 -9 -9 -9 -9 -9 -9 -9 -9 -9 -9 -9 -9 -9 -9 -9 -9 -9 -9 -9 -9 -9 -9 -9 -9 -9 -9 -9 -9 -9 -9 -9 -9 -9 -9 -9 -9 -9 -9 -9 -9 -9
1 1 0 31 3 0 46 62 71 27 0 10 88 92 37 0 7 7 17 61 50 47 38 34 25 36 66 15 0 0 0 0 38 0 0 21 0 33 22 16 0 37 -9 -9 -9 -9 -9 -9 -9 -9 -9 -9 -9 -9 -9 -9 -9 -9 -9 -9 -9 -9 -9 -9 -9 -9 -9 -9 -9 -9 -9 -9 -9 -9 -9 -9 -9 -9 -9 -9 -9 -9 -9 -9 -9 -9 -9 -9 -9 -9 -9 -9 -9 -9 -9 -9
47 25 0 56 73 63 34 88 51 12 17 0 95 100 66 62 22 0 0 7 72 24 23 0 0 7 41 64 2 0 0 1 33 0 0 16 0 15 64 35 0 57 23 -9 34 100 95 88 75 68 6 0 0 2 12 -9 -9 -9 -9 -9 -9 -9 -9 -9 -9 -9 -9 -9 -9 -9 -9 -9 -9 -9 -9 -9 -9 -9 -9 -9 -9 -9 -9 -9 -9 -9 -9 -9 -9 -9 -9 -9 -9 -9 -9 -9
51 25 19 53 65 89 0 32 53 55 47 5 72 100 100 98 78 50 1 0 32 65 5 0 0 10 70 88 32 0 3 45 0 0 59 5 41 45 75 10 21 49 57 34 37 72 64 34 86 100 72 1 0 0 0 22 17 0 0 -9 -9 -9 -9 -9 -9 -9 -9 -9 -9 -9 -9 -9 -9 -9 -9 -9 -9 -9 -9 -9 -9 -9 -9 -9 -9 -9 -9 -9 -9 -9 -9 -9 -9 -9 -9 -9
32 43 40 31 44 33 26 54 37 88 69 3 36 97 90 49 52 77 76 27 0 0 0 0 3 0 17 16 0 0 0 0 0 0 37 96 97 83 45 62 63 62 61 57 34 9 25 35 12 62 100 56 5 0 0 0 11 0 0 20 17 17 6 27 36 62 0 0 -9 -9 -9 -9 -9 -9 -9 -9 -9 -9 -9 -9 -9 -9 -9 -9 -9 -9 -9 -9 -9 -9 -9 -9 -9 -9 -9 -9
30 67 37 14 16 37 61 89 39 36 10 0 51 80 58 65 46 84 100 79 51 35 21 7 72 27 0 0 0 0 0 51 7 1 0 31 75 65 93 83 64 23 9 37 86 12 9 60 50 49 63 29 23 35 5 0 0 0 0 0 54 63 69 64 40 98 53 0 0 0 38 38 -9 -9 -9 -9 -9 -9 -9 -9 -9 -9 -9 -9 -9 -9 -9 -9 -9 -9 -9 -9 -9 -9 -9 -9
20 91 48 94 13 79 54 38 0 16 8 25 72 100 83 78 16 81 95 52 49 21 45 24 3 0 0 0 0 0 4 8 52 16 0 0 0 23 83 18 6 0 0 16 63 80 22 13 31 63 61 69 76 70 87 8 0 0 0 0 13 88 69 81 48 74 57 16 0 0 0 8 56 57 -9 -9 -9 -9 -9 -9 -9 -9 -9 -9 -9 -9 -9 -9 -9 -9 -9 -9 -9 -9 -9 -9
1 40 100 81 46 38 8 0 0 13 63 100 88 100 98 83 62 63 71 23 27 9 68 2 0 0 0 19 26 49 10 58 22 29 0 20 70 90 30 6 0 0 0 0 0 8 0 88 60 61 73 66 62 56 64 32 0 0 0 0 0 19 36 0 12 0 39 62 0 0 0 7 77 67 30 78 -9 -9 -9 -9 -9 -9 -9 -9 -9 -9 -9 -9 -9 -9 -9 -9 -9 -9 -9 -9
0 6 46 23 48 16 6 0 0 55 88 100 82 75 88 65 89 75 76 74 12 71 73 51 8 0 1 44 79 64 43 95 70 8 0 12 61 12 1 33 4 20 0 0 0 0 0 53 95 60 37 21 38 42 5 7 37 0 0 0 0 0 0 0 0 12 18 31 0 0 0 0 2 5 0 39 69 99 -9 -9 -9 -9 -9 -9 -9 -9 -9 -9 -9 -9 -9 -9 -9 -9 -9 -9
0 22 11 81 54 72 27 0 49 93 100 88 75 95 47 23 97 64 82 51 40 64 77 64 65 28 17 19 0 0 5 47 74 0 0 0 6 0 0 10 0 0 0 0 0 0 0 9 35 72 27 1 57 67 20 71 96 13 0 0 0 0 0 25 77 84 78 11 44 4 0 2 0 0 0 0 29 35 0 0 -9 -9 -9 -9 -9 -9 -9 -9 -9 -9 -9 -9 -9 -9 -9 -9
33 14 84 33 52 90 8 0 3 27 66 100 99 92 100 80 80 91 72 79 19 79 95 60 64 94 6 0 0 0 18 15 0 0 0 0 0 0 0 0 60 36 0 0 0 0 0 0 0 0 0 18 71 97 99 100 100 79 6 0 0 0 0 2 95 42 34 61 23 57 54 17 51 46 0 0 0 2 0 0 0 20 -9 -9 -9 -9 -9 -9 -9 -9 -9 -9 -9 -9 -9 -9
54 5 47 96 72 20 0 0 0 0 33 100 99 34 97 75 39 75 66 7 19 79 27 35 28 66 62 0 0 0 8 25 0 27 35 37 65 63 38 34 6 3 3 31 19 0 0 0 0 0 0 0 4 37 94 100 98 93 10 0 0 0 0 0 32 57 18 6 69 39 57 0 22 29 7 6 0 42 32 48 64 26 5 29 -9 -9 -9 -9 -9 -9 -9 -9 -9 -9 -9 -9
72 78 49 46 27 0 0 0 0 0 9 40 48 47 82 45 51 9 6 16 59 98 31 8 0 40 96 64 60 59 39 0 1 84 83 43 50 76 57 100 88 75 32 54 4 0 0 0 0 0 0 0 0 7 71 53 30 36 77 46 0 0 0 0 0 20 5 0 3 47 64 17 10 35 46 18 0 18 55 34 28 3 0 0 24 14 -9 -9 -9 -9 -9 -9 -9 -9 -9 -9
78 42 99 13 0 0 0 0 0 0 0 0 0 0 14 49 85 8 0 0 1 36 9 8 0 0 17 38 74 50 80 31 10 72 96 66 43 45 16 99 65 97 91 53 11 0 0 0 0 0 0 0 0 0 2 4 0 18 83 90 0 0 0 0 0 0 0 0 0 48 66 76 17 72 50 7 0 3 43 6 3 0 0 4 34 54 2 -9 -9 -9 -9 -9 -9 -9 -9 -9
13 32 100 8 0 0 0 0 0 0 32 32 1 16 68 71 68 0 20 14 0 0 53 73 56 0 0 0 0 14 98 54 0 58 100 100 96 40 16 45 66 99 58 40 0 0 0 0 0 0 0 0 0 0 0 0 0 0 52 72 5 0 0 0 0 0 0 0 0 0 0 7 6 16 44 29 0 8 5 0 0 0 0 9 38 19 0 0 0 -9 -9 -9 -9 -9 -9 -9
58 67 74 0 0 0 41 67 43 67 82 100 82 99 97 51 32 1 57 100 72 47 31 51 66 35 0 0 1 66 85 6 0 18 75 99 60 49 82 2 21 64 59 9 0 0 0 3 13 7 0 0 0 0 0 0 0 0 0 0 4 10 0 0 0 0 0 0 0 0 0 0 0 0 0 1 0 0 0 0 0 0 0 0 39 52 0 0 0 0 -9 -9 -9 -9 -9 -9
86 61 6 0 0 0 13 68 99 100 100 100 100 100 39 3 11 0 17 59 80 100 25 16 81 26 0 0 54 94 68 10 0 0 2 21 0 0 0 0 22 16 8 0 0 24 49 41 72 53 9 14 6 0 0 0 0 0 0 0 11 43 0 0 0 0 0 0 0 0 0 0 0 0 0 0 0 0 25 2 0 0 0 1 96 48 0 57 16 0 0 -9 -9 -9 -9 -9
9 7 0 0 0 1 6 40 99 100 100 100 95 93 12 0 2 7 0 50 92 99 6 0 33 32 6 0 1 8 45 38 0 0 0 0 0 0 0 0 0 2 31 27 21 81 62 43 81 86 21 62 34 3 0 0 0 0 0 0 0 0 0 0 0 0 0 0 0 0 0 0 0 0 0 0 0 0 0 0 0 0 0 7 100 30 0 73 58 79 67 69 -9 -9 -9 -9
62 26 0 6 22 39 73 55 77 84 100 100 41 7 0 7 17 71 22 0 21 40 24 0 57 40 51 62 0 0 80 69 40 44 10 8 0 0 0 1 35 69 66 42 14 40 48 59 59 64 74 76 54 89 63 11 3 0 0 0 0 0 0 0 0 0 0 0 0 0 0 0 0 0 0 0 0 0 0 0 0 0 0 0 56 53 3 54 87 75 100 100 92 16 -9 -9
5 0 0 79 24 90 87 38 32 45 91 89 34 14 63 25 36 63 33 18 5 55 36 42 62 83 98 59 0 0 73 100 100 96 44 34 49 66 37 67 96 28 0 4 31 5 20 12 36 7 15 21 55 80 100 49 52 29 16 8 0 0 0 0 0 0 0 0 0 0 0 0 0 0 0 0 0 0 0 0 0 0 0 0 1 16 26 90 100 76 62 35 31 25 39 -9
36 7 54 25 88 50 63 18 0 71 73 63 51 1 0 15 12 45 30 11 12 3 3 24 28 39 51 30 0 0 34 69 85 43 90 61 20 37 12 22 37 36 40 16 19 23 0 55 23 10 22 0 0 42 99 94 82 86 21 59 17 37 1 27 0 0 0 0 0 0 0 0 0 0 0 0 0 0 0 0 0 0 0 0 0 21 49 100 85 20 15 29 22 4 2 1
68 31 0 49 69 63 34 20 0 7 95 52 91 68 22 2 48 72 99 12 0 6 14 9 36 10 1 37 28 12 0 0 0 0 4 64 67 89 88 94 0 0 11 49 3 15 30 50 23 32 7 0 0 36 49 17 7 66 53 62 4 27 65 8 0 0 0 0 0 0 0 0 0 0 0 0 0 0 0 0 0 0 0 0 0 19 47 47 9 13 6 73 21 35 25 16
0 0 3 89 66 9 3 13 5 62 49 6 10 52 22 50 94 93 91 29 7 41 43 68 81 19 0 58 81 25 15 12 2 0 0 0 6 27 29 29 22 33 15 53 53 24 69 52 8 12 9 0 13 3 50 4 0 0 0 0 37 1 22 22 0 0 0 0 0 0 0 0 0 0 0 0 0 0 0 0 0 0 0 0 0 0 0 0 0 21 4 0 7 4 5 2
19 38 66 50 39 23 29 92 43 3 0 0 0 18 14 43 50 98 100 74 19 65 26 31 71 5 16 38 24 12 43 68 25 42 0 25 14 7 5 1 19 59 4 18 6 12 4 0 20 37 6 17 40 29 39 13 19 0 24 0 32 51 0 72 40 0 58 9 0 0 0 0 0 0 0 0 0 0 0 0 0 0 0 0 0 0 0 0 8 14 9 0 0 7 14 1
83 77 32 50 28 65 32 69 26 7 12 1 19 69 6 24 51 94 100 37 48 21 3 29 20 51 60 52 13 8 24 21 1 18 16 4 16 22 0 69 78 21 16 45 42 34 11 0 0 0 0 0 0 9 28 18 17 5 21 0 2 34 29 41 24 0 74 66 71 54 0 0 0 0 0 0 0 0 0 0 0 0 0 0 0 0 0 0 14 1 21 0 0 0 17 28
18 3 0 31 10 9 11 6 30 37 63 39 66 51 0 6 32 74 69 58 71 40 0 14 72 46 3 22 27 32 3 20 0 0 2 28 32 28 30 50 20 53 27 9 8 4 30 36 5 0 14 10 0 40 51 48 68 80 30 6 64 14 9 0 0 0 31 28 77 100 33 2 0 0 0 0 0 0 0 0 0 0 0 0 0 0 0 0 0 0 0 0 0 0 0 0
35 20 60 92 19 0 0 40 55 40 2 5 24 7 0 0 0 4 16 48 35 10 0 1 41 15 26 0 29 71 0 0 0 2 2 34 35 29 31 0 0 0 0 24 41 65 37 56 56 34 35 33 1 0 36 30 24 14 2 0 10 6 0 12 14 0 27 0 1 19 0 87 91 35 0 0 0 0 0 0 0 0 0 0 0 0 0 0 0 0 0 0 0 0 0 0
0 31 52 97 0 23 31 51 49 73 39 1 39 8 47 11 3 52 0 0 23 42 0 40 54 5 56 60 3 20 0 0 10 8 12 0 0 19 17 0 0 38 49 98 100 99 46 37 3 11 11 0 40 1 0 0 0 25 0 0 0 7 0 11 19 0 1 0 0 0 0 58 50 2 0 0 0 0 0 0 0 0 0 0 0 0 0 0 0 0 0 0 0 0 0 0
35 61 4 7 12 72 53 5 23 12 7 63 60 36 92 83 30 0 20 17 65 83 15 39 83 14 0 41 20 14 23 54 37 8 25 0 10 15 0 0 27 29 18 54 60 55 62 43 10 0 28 32 5 29 17 0 10 0 0 0 0 26 6 0 0 0 0 0 0 0 18 3 0 0 0 0 0 0 0 0 0 0 0 0 0 0 0 0 0 0 0 0 0 0 0 0
62 62 12 18 35 48 46 1 90 34 16 28 75 24 39 93 62 3 9 10 59 2 14 51 17 18 21 10 4 0 40 10 32 0 0 0 0 47 27 25 3 27 37 2 0 0 14 1 24 0 0 11 21 0 0 2 67 54 3 0 0 0 0 0 1 57 24 0 0 0 26 8 0 0 0 0 0 0 0 0 0 0 0 0 0 0 0 0 0 0 0 0 0 0 0 0
44 91 74 66 100 78 10 2 13 27 81 73 59 63 14 99 100 73 16 51 71 41 11 4 0 5 16 55 94 48 9 0 0 15 15 13 29 7 89 69 65 53 36 22 43 57 26 27 0 14 23 0 0 23 2 0 8 22 47 29 7 0 0 0 15 67 0 16 9 0 25 8 0 0 0 0 0 0 0 0 0 0 0 0 0 0 0 0 0 0 0 0 0 0 0 0
40 68 65 92 59 83 14 7 51 83 66 86 30 55 13 12 44 87 94 41 44 35 19 0 0 0 0 35 35 1 0 5 18 38 7 39 20 3 31 1 69 32 0 43 88 80 25 0 0 16 14 0 16 0 76 37 7 0 5 50 37 0 13 5 16 14 0 52 70 0 0 0 0 0 0 0 0 0 0 0 0 0 0 0 0 0 0 0 0 0 0 0 0 0 0 0
59 95 74 23 1 39 2 0 56 20 46 39 0 17 43 28 55 11 57 36 15 1 68 5 19 45 31 4 14 8 0 36 15 17 10 55 2 18 3 57 36 0 0 0 7 1 0 0 0 0 15 27 15 5 28 26 34 19 17 24 43 3 31 1 43 15 0 17 1 0 0 0 0 0 0 0 0 0 0 0 0 0 0 0 0 0 0 0 0 0 0 0 0 0 0 0
98 74 99 52 58 17 19 0 58 0 0 0 0 3 59 23 30 97 27 0 0 15 22 6 90 20 100 69 6 2 5 5 73 42 57 57 66 66 42 34 15 40 5 0 5 27 42 45 1 15 51 68 48 32 34 4 28 0 61 27 18 18 47 25 12 0 0 0 0 0 0 0 0 3 14 0 0 0 0 0 0 0 0 0 0 0 0 0 0 0 0 0 0 0 0 0
99 100 100 77 50 11 0 0 8 0 52 13 0 49 64 35 0 83 82 45 40 86 1 0 9 3 39 62 0 0 27 34 32 42 47 13 24 10 9 43 23 8 2 0 0 35 50 14 17 43 33 26 24 45 32 5 25 24 39 27 2 20 60 11 0 8 18 41 27 20 38 7 0 0 6 27 21 20 0 0 0 0 0 0 0 0 0 0 0 31 0 0 0 0 0 0
14 23 41 69 0 0 0 0 0 0 40 54 16 58 87 27 0 46 50 52 75 36 32 44 0 0 0 0 2 39 30 0 0 37 76 68 0 20 12 6 44 2 0 18 0 22 18 0 2 36 7 12 49 10 6 32 0 7 3 0 0 5 17 11 45 37 28 7 20 1 34 9 0 0 0 5 3 3 10 7 0 0 0 0 0 0 0 0 0 30 20 0 0 0 0 0
0 0 0 0 17 0 0 18 27 0 0 30 0 52 60 0 11 4 41 54 14 61 63 88 6 11 14 2 1 73 98 29 33 44 67 76 16 15 47 0 2 37 0 8 11 17 0 23 4 31 21 0 26 19 33 25 33 30 23 0 5 21 38 30 58 3 22 0 0 0 2 39 50 15 0 0 9 35 30 5 21 0 0 0 0 0 0 0 0 0 0 0 1 0 0 0
44 33 56 43 12 0 0 0 0 5 0 0 0 0 52 27 89 56 66 33 19 47 95 42 28 97 100 58 0 8 87 50 17 8 30 19 37 48 2 9 0 61 16 31 0 3 0 11 1 32 9 11 30 20 13 21 8 0 0 3 0 37 28 26 30 0 0 0 13 48 23 13 12 39 2 0 8 44 0 1 19 1 3 1 6 0 14 57 5 0 0 0 34 1 0 0
87 81 95 66 43 50 21 0 8 15 8 32 0 39 56 19 31 35 64 46 2 6 6 72 62 100 100 97 65 9 32 52 64 39 33 57 61 73 82 100 63 18 40 13 17 12 0 10 3 0 0 37 55 5 0 0 0 23 26 87 20 9 0 39 12 0 3 16 44 65 99 84 44 7 17 2 22 21 0 37 38 17 36 28 49 65 42 50 0 0 2 22 24 13 0 0
15 22 56 83 9 48 60 49 1 28 3 38 0 0 0 24 49 21 18 5 29 15 65 69 57 90 100 88 43 7 53 69 51 56 56 80 82 45 30 44 46 35 0 0 0 0 7 40 14 0 15 43 41 38 26 16 28 25 30 19 1 21 20 16 42 16 18 31 18 0 37 35 59 37 37 75 56 13 36 73 15 61 81 54 40 16 41 19 26 10 20 33 56 35 61 7
1 14 25 32 0 2 4 41 87 59 0 0 0 0 0 0 1 37 42 41 23 48 36 3 53 87 91 57 68 32 43 56 21 85 31 87 57 91 24 95 34 18 76 25 0 7 76 4 52 0 3 20 0 8 10 0 5 14 2 15 40 29 44 13 4 2 0 5 39 3 49 50 4 42 73 15 39 0 44 37 42 16 14 31 17 4 8 26 30 63 60 32 41 31 3 0
0 0 0 0 0 0 0 0 36 83 41 0 21 0 9 40 50 3 7 51 6 34 21 32 63 14 39 53 58 80 36 24 26 49 24 56 58 66 15 61 71 46 48 33 0 14 31 38 50 50 15 22 0 16 30 48 0 4 40 67 5 5 15 1 0 6 0 14 39 54 58 14 16 46 41 0 1 13 17 54 38 19 36 41 65 43 14 36 59 40 53 44 21 28 0 0
42 53 31 1 46 3 2 41 0 0 3 0 43 0 25 95 100 47 0 38 63 22 37 46 45 12 22 80 38 19 57 58 61 48 18 68 54 59 68 75 27 61 53 39 13 26 45 88 86 34 56 40 1 0 7 30 0 0 36 14 4 0 39 3 0 20 5 43 35 36 2 16 54 40 1 2 20 14 42 16 50 44 9 39 32 53 36 14 26 23 10 62 23 1 0 0
38 63 79 85 61 51 57 25 2 1 18 21 0 0 0 42 49 8 0 29 54 2 33 8 66 26 43 53 16 0 16 83 16 21 36 66 93 59 87 63 41 25 34 26 70 50 52 15 16 40 11 2 56 0 26 14 1 0 0 32 54 29 3 6 0 0 0 25 28 36 1 41 13 1 11 11 9 43 45 1 28 49 40 10 10 19 40 35 44 54 31 46 52 13 0 0
3 31 62 52 8 44 54 60 69 9 43 0 0 0 0 0 0 0 0 24 91 88 17 21 27 20 47 46 38 25 56 44 0 83 40 39 62 50 83 79 57 54 52 74 54 6 46 36 6 14 0 0 19 50 89 69 40 37 11 2 0 24 42 11 0 7 19 31 1 1 25 13 21 49 63 55 58 53 84 17 13 37 19 9 34 44 47 64 67 55 63 67 26 7 0 0
0 29 1 0 0 0 18 5 25 29 45 0 0 0 0 0 19 37 13 0 5 90 27 17 23 15 24 8 25 97 22 24 44 37 35 38 78 62 78 74 63 34 58 91 82 38 21 45 19 7 24 14 20 36 56 33 38 56 50 35 29 14 39 13 62 24 1 63 30 26 38 53 52 17 20 36 49 27 18 10 34 38 17 38 82 32 75 78 68 19 0 1 0 0 0 0
0 0 35 26 0 0 0 0 0 9 38 3 13 79 25 0 0 0 0 0 20 63 38 68 52 3 28 29 28 45 48 77 50 27 46 30 61 80 63 67 47 41 46 48 62 51 9 5 14 20 47 22 25 30 44 34 66 45 70 64 12 3 30 55 33 39 0 0 0 22 36 40 31 29 29 27 0 27 38 39 47 36 59 76 51 34 17 23 0 0 0 0 0 0 0 0
4 0 4 0 76 61 5 0 0 0 0 0 24 98 78 43 10 0 0 0 0 0 2 0 50 35 2 0 26 0 44 26 71 18 45 39 60 62 52 57 52 55 69 88 96 26 17 44 19 19 42 13 2 39 69 39 16 39 28 78 6 7 18 37 61 35 4 2 2 22 22 25 20 55 15 41 0 21 37 38 48 69 58 69 87 31 31 0 0 0 0 0 0 0 0 0
36 86 8 13 89 100 72 1 0 0 0 0 0 19 58 42 65 28 0 0 0 0 7 43 24 28 57 0 0 0 7 2 76 75 48 10 61 86 62 79 96 95 56 58 41 28 17 27 6 13 28 4 11 23 24 40 47 20 58 70 43 7 24 39 43 16 33 34 50 34 50 3 0 30 14 51 32 21 14 45 60 58 33 57 65 20 19 0 0 0 0 0 0 0 0 0
29 94 28 10 8 29 77 25 0 0 0 0 0 9 78 86 96 95 39 0 0 0 0 23 74 31 28 57 23 0 26 50 22 25 5 45 29 22 36 66 97 80 63 56 43 5 31 39 4 14 26 2 12 23 51 37 41 48 37 55 32 13 66 55 43 2 21 36 35 58 8 42 25 25 26 23 26 25 42 18 2 0 21 22 47 38 1 0 0 0 0 0 0 0 0 0
26 80 32 4 49 17 59 97 17 0 0 0 0 0 67 49 48 50 20 33 2 0 0 0 8 46 58 39 47 0 15 43 5 10 61 73 45 56 83 56 41 57 51 97 88 89 52 34 44 18 1 0 11 40 17 21 12 59 42 30 44 65 72 42 25 19 39 0 26 10 0 11 5 5 28 26 12 34 16 4 2 30 66 97 100 98 9 0 0 0 0 0 0 0 9 43
13 6 62 51 34 60 49 100 67 17 0 0 0 0 8 38 57 66 9 15 39 0 7 45 5 21 33 50 26 0 0 26 34 46 90 53 40 73 64 64 70 41 46 70 100 81 51 76 68 42 31 1 6 44 17 18 37 38 44 60 89 68 42 44 29 23 19 15 33 13 22 60 64 43 50 35 18 16 0 2 45 81 82 100 86 26 1 0 0 0 0 0 15 0 0 11
13 54 74 6 5 42 35 33 61 100 46 0 0 0 0 5 56 5 21 36 7 43 0 0 5 0 0 15 93 9 0 0 4 35 24 12 16 51 48 85 65 49 48 68 70 100 60 58 92 55 14 21 6 13 6 34 62 28 17 57 97 69 20 25 13 4 24 35 12 26 30 47 39 7 0 3 7 0 0 3 18 13 7 60 90 100 39 12 0 0 0 0 6 78 37 10
0 28 26 53 3 38 32 0 45 100 50 0 0 0 0 16 99 68 1 33 63 8 6 0 0 0 0 1 75 47 4 0 0 13 50 51 1 13 26 50 46 43 72 98 82 91 72 85 60 40 42 16 41 20 37 36 44 27 36 65 78 32 31 17 2 25 47 60 34 15 16 12 3 5 15 21 40 36 2 0 0 5 46 45 57 100 99 79 52 29 0 0 0 28 24 85
