data/habitatmaps/RS_maps/habitat_Linaria.cannabina_2011.asc
NCOLS 369 
NROWS 228 
XLLCORNER 479000 
YLLCORNER 73000 
CELLSIZE 1000 
NODATA_value -9 
[rows 122 to 182 of 228, columns 96 to 191 of 369]
4 2 1 51 82 65 31 0 38 29 70 66 53 81 37 16 17 11 51 24 24 52 42 29 9 14 32 2 15 33 26 20 68 56 38 2 0 0 0 0 0 24 8 11 6 4 10 55 4 12 56 74 77 74 62 88 55 52 25 75 85 84 39 26 96 88 19 0 3 17 25 27 0 25 28 5 5 19 47 1 34 70 41 48 45 91 100 99 93 100 100 100 92 63 29 12
52 40 38 50 50 50 72 33 43 57 64 35 65 81 57 26 16 2 65 53 32 47 26 25 50 42 40 20 10 47 35 26 82 66 23 0 0 0 0 0 0 3 13 10 6 42 28 38 19 65 64 85 96 97 92 66 13 12 19 76 85 96 88 93 60 16 14 15 0 0 0 0 49 2 0 0 0 0 0 0 9 34 56 79 59 31 98 100 97 100 92 83 44 34 91 92
42 42 71 57 65 61 47 48 58 39 68 92 87 48 42 42 14 42 44 72 87 71 14 4 40 39 25 38 0 1 66 48 53 6 62 4 0 0 0 0 0 0 4 8 58 97 88 87 68 67 99 93 91 98 87 33 12 59 56 46 86 98 100 66 11 33 0 0 0 0 0 0 4 2 0 0 0 4 0 0 0 0 0 52 35 33 92 100 88 69 62 86 69 88 85 82
38 69 71 50 85 91 54 54 61 40 30 89 76 56 51 41 64 90 73 87 82 78 66 68 5 43 50 24 10 2 84 98 90 38 5 13 0 0 0 0 0 0 0 4 62 97 54 79 84 66 92 91 87 98 69 33 82 52 76 47 50 83 66 9 19 0 0 0 0 2 0 21 12 0 41 34 28 17 22 4 0 0 0 6 30 12 78 97 30 17 38 8 9 46 14 47
50 80 66 58 46 48 1 20 36 66 34 11 3 66 64 54 52 48 51 66 56 67 66 73 90 69 92 76 60 43 45 51 78 78 12 7 62 22 0 0 0 0 0 2 11 24 53 93 40 29 47 77 97 79 30 59 89 32 21 34 61 33 2 29 0 0 0 16 13 38 46 72 38 22 100 92 66 84 44 24 27 24 30 33 5 38 17 25 11 12 22 28 12 39 87 81
64 98 29 89 34 0 0 16 45 44 28 18 29 17 11 56 27 26 28 10 12 60 72 85 72 90 96 93 78 59 63 8 8 58 98 91 68 28 8 0 0 0 0 0 0 0 0 30 0 0 25 83 65 41 43 12 13 2 11 18 27 38 8 0 0 4 18 20 56 63 46 94 66 71 88 74 100 100 100 93 38 14 21 49 50 39 46 27 5 24 37 49 50 50 91 35
80 100 86 59 27 5 10 48 68 14 56 59 73 54 59 53 62 45 50 50 80 82 56 100 100 100 100 100 98 100 99 88 77 10 9 53 43 63 90 23 38 4 0 0 0 0 0 0 0 1 48 44 20 56 48 0 0 16 8 33 18 3 0 0 31 8 10 37 7 0 57 93 79 99 14 65 100 100 100 87 35 29 30 31 27 52 15 15 69 85 93 90 96 79 90 96
58 57 43 29 8 74 36 24 48 4 44 67 97 87 78 2 70 57 50 62 83 97 98 100 100 98 99 79 40 52 72 98 99 64 49 8 2 54 48 0 43 7 0 0 0 0 0 0 0 36 74 30 5 39 6 0 0 0 6 0 0 0 6 3 4 16 64 100 100 23 63 70 52 12 49 100 100 100 96 28 31 53 73 100 53 45 6 36 98 88 70 21 51 92 99 75
34 71 56 40 5 86 51 48 60 44 52 43 89 55 54 82 34 26 50 66 96 95 100 100 94 74 53 32 5 66 100 100 100 100 100 90 50 7 44 33 0 0 0 0 0 0 0 0 0 0 0 1 4 7 0 0 0 0 0 8 28 20 6 6 79 84 100 100 100 89 100 81 16 0 69 100 98 79 53 44 11 15 19 97 31 1 0 7 66 98 94 56 41 64 92 27
76 79 28 4 8 93 64 51 12 8 39 82 53 51 68 82 70 56 88 98 100 100 100 100 94 26 0 11 42 96 98 96 76 59 30 39 76 28 10 0 6 1 25 9 32 23 1 0 0 0 0 0 0 0 0 0 0 10 12 16 3 0 10 72 93 100 95 55 50 61 99 65 31 10 97 100 79 24 54 49 44 10 28 79 51 82 18 35 32 50 89 92 30 26 31 32
47 64 42 77 70 36 58 26 12 18 69 62 62 61 45 48 73 64 42 66 97 99 91 70 70 56 35 48 81 89 64 47 37 41 45 25 31 26 15 11 70 56 45 32 39 61 70 22 3 0 0 0 0 0 0 0 12 34 0 4 18 47 88 95 75 40 45 77 46 94 71 86 100 88 100 99 92 64 42 0 23 32 84 35 74 95 94 22 47 15 50 88 33 4 0 0
15 41 35 24 79 56 74 59 64 35 86 43 56 35 6 89 100 98 99 99 43 58 55 36 69 77 79 72 85 98 92 98 83 50 81 40 71 47 17 44 8 35 62 94 34 84 32 49 31 5 0 7 29 14 0 0 9 41 11 42 96 100 94 77 85 80 100 94 73 80 100 100 100 100 95 98 42 13 0 0 11 89 94 16 84 21 90 88 50 82 82 53 88 13 0 0
11 29 21 17 70 45 59 75 31 63 98 57 40 52 85 100 100 100 100 99 62 51 59 67 80 69 56 63 72 60 58 77 65 69 72 64 56 16 2 13 49 22 2 62 50 78 88 69 16 0 0 25 21 3 4 0 0 8 17 0 60 89 40 83 78 83 85 64 62 85 98 92 100 93 82 17 0 0 0 0 0 48 100 77 100 90 42 89 88 31 42 94 57 0 0 0
19 33 39 62 85 68 22 48 46 84 91 77 57 83 100 100 100 100 100 82 68 77 90 67 74 60 27 39 34 22 80 35 39 47 46 33 1 20 42 50 61 90 17 50 90 56 45 46 18 2 4 2 75 61 32 27 14 0 21 7 16 11 19 18 21 15 9 50 33 55 68 48 100 41 41 3 0 0 0 0 0 5 20 69 90 100 87 10 41 92 89 90 91 19 0 0
15 38 47 81 67 45 82 64 46 100 90 99 100 100 100 100 100 97 95 83 74 70 49 55 78 42 20 6 26 63 60 45 66 24 8 0 6 30 96 100 95 96 63 31 62 81 93 26 16 5 14 71 100 72 71 43 93 61 5 8 41 31 23 32 35 71 44 27 66 34 18 62 89 56 82 61 0 0 0 0 0 0 0 19 82 100 89 0 8 73 72 82 79 60 5 0
12 25 24 25 75 64 60 75 82 100 100 100 95 83 87 100 100 74 50 47 56 30 49 91 94 53 92 87 72 84 100 53 26 23 37 22 51 82 100 100 72 61 36 44 61 86 25 40 1 14 25 100 99 19 69 97 60 100 54 40 0 6 78 53 46 38 38 58 86 39 50 32 37 8 54 45 13 0 0 0 0 1 32 79 95 93 32 0 25 94 93 89 89 80 62 0
61 40 41 22 37 28 46 70 100 100 98 63 54 34 59 96 72 72 68 77 37 81 96 95 76 55 100 100 73 88 100 73 61 60 81 76 54 100 100 90 70 16 48 48 72 66 13 58 46 63 72 100 100 95 94 86 100 93 3 7 9 22 61 100 98 30 28 74 77 96 82 14 17 28 8 10 0 0 0 0 0 1 19 30 48 17 0 0 44 98 96 55 69 72 54 0
50 75 31 26 13 39 42 50 63 80 71 43 51 83 68 65 70 36 76 68 44 87 93 93 100 100 97 93 87 85 51 97 90 58 72 84 87 100 93 67 6 26 35 70 66 59 41 52 98 71 94 100 100 23 66 93 98 64 18 0 26 0 6 94 99 12 0 3 77 85 8 20 84 9 12 0 0 0 0 10 3 13 26 0 0 0 0 0 7 29 92 99 100 49 2 0
33 34 30 39 42 32 47 27 53 92 43 28 27 47 20 40 37 68 75 66 13 34 88 96 100 100 96 100 93 78 23 69 100 54 9 85 100 99 45 31 54 44 93 50 14 41 82 44 83 56 100 98 44 0 56 93 100 100 92 35 10 39 60 92 100 41 14 34 80 39 8 27 37 70 71 3 0 0 0 8 41 5 0 0 0 0 0 0 1 4 33 92 98 92 16 0
45 71 44 33 61 46 19 84 54 17 41 41 71 66 26 6 29 84 54 49 28 34 70 100 100 100 100 100 98 46 43 87 81 71 69 100 100 85 30 54 14 37 42 82 28 82 67 24 79 96 100 50 60 2 13 95 99 94 95 65 23 31 50 100 100 93 96 68 7 0 7 59 28 58 11 13 0 0 0 0 16 29 0 0 0 0 0 0 2 22 32 58 43 95 36 10
50 69 48 50 65 23 84 99 87 41 45 46 62 84 57 32 92 68 68 67 51 64 90 94 100 88 60 74 95 86 97 100 79 77 98 100 96 36 20 13 30 42 83 82 16 44 64 17 26 30 72 75 87 76 73 100 92 90 98 27 80 8 65 100 100 90 18 0 0 0 13 38 18 38 0 0 0 0 0 0 0 0 20 51 46 64 70 37 28 17 31 73 95 95 70 88
16 81 59 71 82 63 63 100 100 97 95 91 45 63 50 73 78 93 96 65 54 49 90 99 100 100 68 51 100 96 97 100 100 92 100 100 100 27 20 43 71 54 57 88 75 82 40 24 71 30 36 62 100 57 71 28 6 98 97 43 77 19 14 34 73 11 0 0 0 0 0 0 0 0 0 0 0 0 0 0 0 0 0 0 6 11 4 41 49 82 58 53 53 83 98 100
82 62 75 99 98 48 34 83 75 70 98 89 69 46 69 70 76 93 30 46 100 100 100 100 100 96 29 91 66 90 98 100 86 100 99 100 60 62 48 66 63 57 43 88 100 94 26 42 78 94 74 72 56 3 3 16 66 100 98 45 28 12 16 26 5 0 0 0 0 0 0 0 0 0 0 0 0 0 0 0 0 0 0 0 0 0 13 50 72 63 95 73 94 100 100 100
49 99 57 52 51 71 93 73 84 60 99 98 89 59 85 99 96 95 53 25 68 59 79 97 92 100 81 54 34 46 72 90 72 35 57 91 100 69 49 62 69 23 58 26 87 97 62 59 25 37 66 90 22 0 21 89 100 100 63 73 45 17 0 0 0 0 0 0 0 0 0 0 0 0 0 0 0 0 0 0 0 0 0 0 2 24 52 61 69 64 46 39 95 100 64 88
89 100 94 94 78 74 84 45 88 100 95 89 69 41 96 95 96 86 73 56 68 64 43 47 41 56 62 77 81 88 75 80 100 90 71 99 63 27 53 100 93 47 76 39 67 95 19 70 98 78 55 83 93 27 66 100 100 95 58 21 32 73 50 0 0 0 0 0 0 0 0 0 0 0 0 0 0 0 0 0 0 0 0 0 9 28 19 21 26 34 20 85 99 99 44 15
66 80 95 97 98 93 94 98 100 90 87 91 98 92 100 96 94 48 81 99 31 55 32 53 35 30 52 79 100 100 68 95 99 99 100 97 67 52 71 99 100 84 41 47 56 86 72 45 100 100 100 93 78 34 10 51 86 53 45 57 46 72 58 5 0 0 0 0 0 0 0 0 0 0 0 0 0 0 0 0 0 0 0 0 0 0 0 0 19 70 96 100 97 76 31 38
31 97 94 95 98 100 100 99 93 46 34 59 79 89 94 99 61 50 80 88 26 95 73 91 76 87 86 95 91 100 90 98 90 100 76 76 65 53 67 84 100 88 30 74 66 45 23 0 25 41 56 95 78 23 0 0 38 50 49 97 81 59 74 13 0 0 0 0 0 0 0 0 0 0 0 0 0 0 0 0 0 0 0 0 13 58 68 52 73 100 100 78 64 84 88 8
41 93 83 77 69 55 82 72 55 55 27 61 90 83 66 81 36 19 17 76 10 87 83 71 82 53 71 95 90 88 78 22 52 98 76 38 13 62 65 94 100 100 60 56 68 46 46 73 69 33 2 42 14 27 0 0 0 0 68 69 78 95 23 0 0 0 0 0 0 0 0 0 0 0 0 0 0 0 0 0 0 0 0 0 0 24 92 100 100 100 91 77 89 45 19 89
87 47 68 72 75 64 99 29 65 76 46 53 93 87 83 42 15 61 91 96 25 16 35 50 32 57 100 100 85 89 58 21 87 97 82 51 70 27 60 100 76 40 68 41 47 68 64 56 80 5 0 0 0 0 0 0 0 0 69 92 89 68 23 0 0 0 0 0 0 0 0 0 0 0 0 0 0 0 0 2 2 0 0 2 36 66 97 99 98 85 92 51 40 54 83 87
96 91 94 45 14 54 53 62 96 76 53 74 85 47 28 16 55 90 97 100 61 40 8 47 51 56 76 99 26 15 77 96 96 98 70 47 63 38 95 51 70 98 54 30 44 48 68 52 50 0 0 0 0 0 0 0 0 0 12 9 10 19 0 0 0 0 0 0 0 0 0 0 0 6 0 0 0 0 6 14 34 0 2 16 86 69 100 42 60 95 83 19 0 39 51 100
100 69 82 64 1 51 87 47 79 57 60 43 63 96 19 21 64 45 33 86 55 68 67 14 69 66 56 86 66 50 100 94 77 43 18 14 66 60 84 32 89 100 65 15 36 40 1 7 19 0 0 0 0 0 0 0 0 0 0 0 0 0 0 0 0 0 0 0 0 0 0 0 0 45 0 0 0 0 10 12 48 20 75 61 93 96 76 25 47 63 10 10 52 100 100 100
29 67 55 84 45 95 86 43 34 56 1 25 77 91 38 52 82 62 75 72 99 70 91 46 91 56 53 98 83 89 100 90 79 50 98 51 45 74 38 17 82 98 90 16 57 0 0 0 0 0 10 0 0 0 0 0 0 0 0 0 0 0 0 0 0 0 0 0 0 0 0 0 0 28 31 0 0 52 26 46 34 37 100 100 99 43 58 100 42 30 13 94 100 94 99 100
62 45 28 54 57 12 51 56 66 3 22 11 50 7 40 52 60 75 74 91 100 100 100 35 79 85 64 57 97 100 100 94 74 36 67 35 79 36 0 52 70 88 41 74 57 30 2 0 6 55 14 0 0 0 0 0 0 0 0 0 5 0 0 0 0 0 0 0 0 0 0 0 0 0 46 17 22 67 30 71 42 85 100 98 42 36 62 51 22 61 85 93 61 94 98 87
96 59 71 79 10 20 86 92 90 61 58 10 28 46 68 90 80 100 64 100 100 100 83 27 59 24 50 28 73 100 100 77 57 88 80 53 18 0 24 96 97 60 39 64 36 30 47 30 79 94 77 26 0 0 0 0 0 43 28 34 70 38 2 0 0 0 0 0 0 0 4 0 0 0 19 32 84 98 43 100 100 100 95 36 73 97 51 0 24 98 100 100 61 36 40 47
58 70 58 39 12 42 97 100 63 54 26 10 63 75 69 24 80 100 65 100 100 100 60 51 81 70 74 74 90 100 100 92 65 54 48 93 62 29 95 99 60 22 39 50 43 46 30 67 94 95 46 9 0 0 0 67 14 92 74 93 97 51 6 0 0 0 0 0 0 0 11 11 0 4 0 66 100 100 85 100 100 100 47 63 92 30 7 50 66 92 86 13 12 3 16 6
25 52 63 96 45 76 94 98 55 59 41 53 79 32 26 25 82 94 88 100 100 99 58 86 94 97 69 64 84 100 99 77 31 96 100 97 24 59 100 67 97 69 4 19 35 8 59 62 68 36 0 0 16 90 33 87 82 94 99 100 86 51 0 0 0 0 0 0 0 0 0 11 63 15 0 30 100 97 32 61 57 48 49 76 19 7 60 100 100 100 62 0 0 0 0 48
67 65 54 89 86 94 97 94 80 70 72 52 50 29 23 65 32 95 100 100 100 97 97 66 84 41 54 46 56 73 96 26 93 100 100 100 52 61 82 86 88 36 0 0 0 15 62 44 9 0 9 32 53 93 95 93 92 97 92 42 30 2 0 0 0 0 0 0 0 0 0 28 10 0 12 20 99 62 5 13 3 16 60 18 9 58 100 97 100 99 66 0 0 0 8 92
29 33 70 36 53 38 99 100 100 89 78 9 31 9 18 80 95 99 98 100 100 100 98 73 71 61 25 39 1 58 98 40 6 27 32 43 0 0 64 68 4 0 0 0 0 4 32 5 21 53 91 100 95 57 80 88 67 64 15 0 0 0 0 0 0 0 16 1 0 0 7 68 0 3 32 93 96 14 12 28 3 60 17 22 88 100 56 48 42 70 28 0 0 10 64 63
56 64 42 46 53 62 78 100 96 76 74 53 57 0 42 73 74 88 30 40 100 100 87 34 48 62 76 63 55 83 26 0 0 0 0 0 0 0 65 62 0 0 0 0 0 3 15 91 98 100 70 88 73 74 26 10 22 0 0 0 0 0 0 0 0 0 7 32 2 10 81 72 0 53 8 100 72 17 53 33 53 11 46 97 100 100 92 9 0 0 0 0 2 33 10 48
93 91 56 66 82 46 50 100 47 67 60 50 30 7 100 68 44 79 56 90 100 99 66 92 69 45 90 69 81 60 9 0 0 0 0 0 19 33 13 43 0 0 18 16 9 0 80 75 86 75 28 58 69 58 42 0 0 0 0 0 0 0 0 0 0 0 0 5 66 95 67 7 19 73 51 55 18 12 19 40 11 18 89 100 100 98 45 17 7 5 0 0 0 0 0 0
50 70 61 71 100 53 82 94 56 80 31 53 64 41 91 87 66 40 93 100 98 96 98 100 99 93 63 17 46 3 3 0 0 0 0 24 80 68 65 26 53 79 92 99 34 29 57 97 46 12 13 18 32 38 0 0 0 0 0 0 0 16 7 0 4 30 68 87 76 51 6 45 90 100 97 41 22 82 57 12 28 31 58 100 69 46 75 99 91 93 28 0 0 0 34 63
67 97 98 98 100 76 100 29 25 95 68 68 74 53 100 100 84 64 98 59 38 82 79 65 30 73 30 0 0 0 0 0 0 0 0 0 17 3 70 42 78 47 85 23 2 16 62 98 80 9 3 37 10 0 0 0 0 0 0 0 0 43 36 0 80 100 100 100 82 10 31 97 79 54 26 47 48 18 38 51 15 65 100 100 78 80 100 100 100 99 61 0 0 0 40 91
100 80 62 89 100 100 100 56 93 84 62 99 76 93 97 74 78 80 35 21 32 3 0 33 76 39 0 0 0 0 0 0 0 0 0 0 0 13 93 26 28 77 84 13 17 15 77 97 46 5 50 2 0 0 13 30 1 8 31 8 49 42 19 30 97 100 100 99 49 43 80 38 19 67 37 33 40 7 21 1 19 51 59 68 77 48 41 67 91 100 76 42 21 5 63 55
82 95 100 97 100 100 100 100 93 51 44 37 19 70 16 11 90 56 0 0 0 0 33 83 29 0 5 6 0 0 2 3 23 51 4 21 52 79 100 9 37 81 19 24 68 2 24 86 62 29 63 0 0 0 45 94 35 36 97 49 8 45 95 100 100 91 55 91 67 71 50 30 55 66 30 17 9 20 40 20 50 12 34 36 35 22 94 83 40 21 81 100 100 69 18 97
51 95 92 36 71 100 92 80 22 53 52 78 86 96 59 27 98 6 0 0 0 9 68 78 28 2 11 11 27 0 4 69 93 56 44 13 56 97 64 8 84 94 84 96 80 10 33 95 46 40 64 1 16 0 58 88 47 69 100 71 14 54 98 100 100 83 63 48 6 3 78 70 78 36 39 22 38 69 45 39 16 36 1 33 20 79 37 1 8 45 70 99 100 73 0 38
40 49 54 22 44 35 57 66 25 58 87 38 59 49 5 13 35 0 0 0 13 5 6 51 60 92 87 55 76 50 47 97 72 95 100 57 25 85 32 39 35 100 100 100 97 34 100 76 22 26 60 4 68 38 92 85 7 52 100 98 84 48 100 100 100 93 46 38 6 26 56 15 12 28 4 49 68 97 100 96 57 2 29 55 69 78 37 37 31 22 46 65 100 64 34 85
6 34 36 48 24 76 96 72 49 91 48 7 67 85 5 0 0 11 2 2 38 42 18 53 44 37 98 86 90 98 99 98 43 23 80 100 81 18 28 1 2 92 100 99 100 100 88 53 28 31 58 66 84 94 100 78 50 87 58 89 86 30 100 100 100 79 61 68 79 86 30 34 29 5 19 21 24 100 89 50 22 27 44 76 17 0 0 0 2 38 9 66 100 84 97 100
82 47 5 6 66 76 44 6 4 51 5 3 74 94 17 0 26 61 3 12 17 21 61 58 46 8 61 97 100 94 78 77 35 1 37 65 79 28 20 0 1 21 58 83 55 84 52 80 25 31 33 44 40 98 13 17 57 98 62 69 98 69 100 100 92 51 17 48 24 29 8 32 3 54 2 21 87 100 88 97 90 83 96 49 0 0 8 69 64 81 55 100 100 100 100 69
91 59 3 5 61 44 0 0 0 0 0 58 100 64 35 2 12 78 18 90 6 61 98 88 28 0 27 45 61 31 2 3 48 33 64 54 3 6 27 2 0 1 41 52 47 60 88 91 54 67 71 79 58 29 59 55 41 57 31 64 35 48 78 67 32 13 9 6 9 55 32 4 66 71 2 100 100 100 92 75 86 31 83 43 0 6 78 100 74 44 67 100 100 100 100 89
74 86 89 91 78 45 0 0 0 0 0 48 100 100 49 56 88 48 37 100 98 100 89 76 28 0 3 4 1 2 0 0 41 15 41 49 22 38 20 2 37 31 51 69 86 57 35 27 0 14 33 61 56 62 43 19 5 46 46 24 13 48 49 28 27 27 0 8 77 45 12 23 100 87 65 100 95 76 17 20 83 8 9 9 6 62 69 71 46 74 100 100 97 100 100 42
54 82 20 5 0 0 0 0 0 0 15 72 88 100 58 91 100 28 42 98 92 78 21 2 20 0 0 0 0 0 0 0 0 0 0 0 8 42 24 1 36 78 93 71 56 47 0 0 0 0 0 0 0 0 0 0 0 16 2 39 50 36 36 27 18 1 0 21 65 44 0 8 89 100 100 100 35 0 0 2 24 0 0 0 36 68 62 77 43 59 98 30 68 100 85 26
100 72 13 1 3 0 0 11 34 78 89 98 58 100 56 46 70 46 84 66 19 3 0 0 0 0 0 0 0 0 0 0 0 1 0 0 5 0 0 17 76 31 2 0 0 0 24 2 0 18 18 0 0 0 5 0 0 2 0 4 13 32 28 12 0 0 0 20 12 28 53 80 33 85 100 100 25 2 26 15 20 20 3 3 80 100 100 62 13 62 81 5 91 75 18 65
68 70 92 92 82 43 8 82 39 51 95 84 100 100 83 22 45 27 77 61 1 0 0 0 0 0 0 0 0 0 0 0 0 44 17 23 4 39 17 17 8 4 0 11 27 29 38 3 0 10 17 21 0 15 27 5 0 18 28 16 48 0 0 46 20 0 16 14 18 76 43 19 6 58 94 100 25 46 93 74 78 80 14 42 80 97 70 16 3 76 77 43 100 63 0 62
14 35 73 100 100 99 92 86 83 53 57 70 24 100 98 84 30 25 81 34 2 9 8 3 0 0 2 0 0 0 0 0 0 12 62 33 21 52 32 40 32 14 25 59 39 20 6 14 69 24 8 0 0 7 54 25 31 70 39 23 26 0 5 48 4 6 64 93 35 7 0 27 39 85 83 58 60 100 100 40 58 65 46 94 100 100 94 19 6 41 46 96 60 12 18 20
77 93 98 100 85 23 41 96 35 34 70 100 98 99 78 27 26 15 11 0 0 56 33 29 2 56 22 0 0 0 0 0 1 42 14 15 69 43 0 3 28 58 32 1 0 21 6 67 13 73 76 34 0 0 0 7 0 2 86 83 51 22 4 70 78 2 22 42 87 24 2 0 32 86 25 14 42 77 70 40 30 65 96 80 100 100 96 92 89 41 20 0 6 23 1 44
64 78 90 50 3 46 90 90 65 59 39 86 100 84 50 19 54 0 0 0 0 18 45 1 25 18 0 0 0 0 0 0 13 32 63 82 52 34 11 68 89 98 61 35 43 0 6 23 0 22 80 41 21 3 4 33 17 7 82 46 50 29 0 57 73 3 22 18 73 68 93 7 66 42 0 13 0 0 55 23 54 67 73 73 100 100 94 85 84 95 35 8 0 11 33 9
28 82 59 0 4 93 72 47 46 32 31 53 47 14 0 8 1 0 0 0 0 0 0 0 0 0 0 0 1 0 1 3 18 39 17 50 29 86 89 88 34 66 9 19 78 15 40 44 17 10 95 85 58 59 76 88 86 10 44 46 80 61 32 78 54 19 92 90 54 95 96 33 98 38 0 0 0 0 37 95 98 52 44 4 7 51 100 98 88 93 75 8 0 52 37 16
55 12 4 0 39 34 1 22 82 65 30 27 0 0 0 0 0 0 0 0 0 0 0 0 0 0 0 17 13 0 28 22 7 0 3 0 48 41 91 63 5 0 0 26 96 40 18 68 0 19 98 79 1 24 82 50 82 72 70 44 48 48 10 85 100 41 100 100 100 100 100 85 74 18 0 0 0 3 63 100 100 38 4 0 0 5 44 62 99 56 26 56 32 38 23 18
33 0 2 30 2 0 8 15 27 11 30 3 0 0 0 0 0 0 0 0 0 0 0 0 0 0 0 0 15 19 5 7 22 36 49 0 6 6 86 62 48 10 9 45 20 78 30 79 1 4 50 59 1 4 79 56 72 80 47 44 20 0 6 80 99 50 96 99 100 100 100 34 0 0 0 0 9 37 12 78 93 56 93 50 6 12 17 3 23 56 1 8 37 59 24 0
23 64 80 94 88 42 82 82 92 63 8 20 0 0 0 0 0 0 0 0 0 0 6 0 0 0 16 19 18 8 17 8 88 53 0 0 0 44 96 99 100 36 2 20 30 76 17 82 22 0 2 13 45 92 95 97 99 60 29 67 20 15 60 42 56 66 95 91 100 100 100 47 14 29 0 0 96 100 34 44 100 99 80 86 28 39 35 7 0 3 0 1 21 35 19 0
1 72 100 99 54 7 26 33 9 7 47 7 0 0 0 0 0 0 0 0 0 0 28 5 45 18 4 27 86 71 34 28 100 76 36 7 0 11 61 65 100 87 29 48 54 67 30 63 8 0 5 47 91 86 91 98 40 22 2 25 19 18 64 7 43 100 95 89 98 99 100 99 82 70 0 70 68 29 70 93 95 36 47 27 43 45 0 4 0 4 0 0 0 10 0 5
