data/habitatmaps/RS_maps/habitat_Fringilla.coelebs_2011.asc
NCOLS 369 
NROWS 228 
XLLCORNER 479000 
YLLCORNER 73000 
CELLSIZE 1000 
NODATA_value -9 
[rows 61 to 121 of 228, columns 96 to 191 of 369]
23 32 61 77 45 42 70 95 91 85 72 79 91 48 68 96 97 98 56 67 66 74 72 57 36 50 67 58 51 67 75 37 34 70 31 43 49 33 10 28 4 51 35 85 75 98 62 100 92 35 42 7 26 46 26 49 60 1 61 93 38 26 40 52 67 85 75 20 40 58 73 91 48 71 53 38 80 66 45 90 64 45 35 0 29 43 42 45 70 26 4 70 17 2 4 5
18 89 68 27 69 62 71 60 55 36 39 42 29 85 92 97 54 14 68 92 89 95 64 59 69 61 51 51 54 72 60 83 72 56 60 64 47 9 16 39 1 1 89 75 82 76 100 74 18 4 39 24 50 75 22 59 32 13 91 57 51 5 45 100 75 62 61 59 29 73 39 26 54 16 37 24 50 22 25 27 83 64 42 0 55 95 38 17 42 77 43 63 0 10 23 9
85 77 16 41 28 31 31 88 100 84 78 96 100 46 47 72 47 55 64 43 86 75 58 42 28 18 32 15 68 66 66 81 59 93 76 56 55 68 78 86 92 96 94 96 77 71 48 6 5 36 34 65 80 75 74 82 52 93 98 82 52 48 21 65 93 96 90 71 26 29 30 28 68 29 20 24 79 50 27 35 55 85 48 0 15 48 1 24 31 41 35 10 16 34 56 16
42 12 36 14 2 50 64 50 55 71 35 35 69 62 75 85 85 59 32 83 87 48 25 12 25 56 53 80 74 71 25 52 50 87 77 96 78 82 96 90 97 100 24 28 38 0 0 0 33 55 56 69 57 64 19 38 34 74 100 74 57 97 93 69 74 94 87 24 22 92 81 1 76 79 75 29 42 30 50 5 60 53 33 0 0 52 0 0 41 53 29 8 21 58 37 20
6 20 25 64 80 32 24 9 9 20 38 44 61 54 66 69 76 78 96 33 35 23 34 68 70 55 65 95 69 5 17 46 66 86 81 63 45 63 43 44 52 56 79 75 80 0 18 30 53 80 16 48 40 68 57 81 62 44 100 70 24 84 50 52 63 71 88 36 68 51 57 2 63 87 8 8 13 43 51 0 42 41 71 36 0 15 4 23 32 77 28 26 28 91 85 12
48 47 25 52 67 54 43 41 62 80 89 77 56 59 34 36 49 96 100 82 64 79 90 60 67 71 99 50 39 90 100 100 56 55 77 52 66 94 23 21 7 34 35 0 8 15 9 92 100 36 73 9 12 40 70 95 97 96 78 9 21 87 86 60 32 85 98 69 12 57 38 1 22 57 28 43 21 72 17 14 58 100 98 44 0 27 51 6 0 67 30 7 0 19 69 50
15 32 36 44 63 47 60 86 59 56 30 50 65 39 33 39 69 90 87 68 40 65 78 46 35 93 100 98 84 80 59 80 95 82 20 61 18 58 40 12 69 60 10 54 57 67 76 83 99 32 17 50 95 66 41 88 45 100 100 26 39 62 76 65 5 40 32 33 73 67 59 10 16 6 50 64 49 21 92 61 68 85 75 87 25 20 51 88 35 43 99 16 0 29 17 59
33 32 49 42 59 59 35 34 38 62 73 73 36 58 23 12 31 60 56 42 79 47 75 98 72 84 84 100 83 100 99 98 88 69 39 22 48 52 40 0 52 30 78 78 73 100 59 50 45 35 61 59 5 54 57 100 95 39 34 5 19 20 23 38 30 80 42 75 64 57 27 28 20 47 14 88 59 57 31 95 59 81 59 20 50 0 46 36 19 22 52 31 27 2 24 41
13 42 70 76 70 40 71 24 47 52 11 15 72 60 59 74 48 72 100 100 98 73 64 51 86 98 100 100 92 92 90 54 39 82 67 41 63 67 6 0 18 50 39 36 70 62 37 13 32 77 99 11 34 85 64 67 45 26 37 23 30 34 87 78 13 46 74 78 78 96 22 4 0 56 26 21 9 75 10 27 35 70 27 0 60 14 21 11 18 9 6 35 12 18 31 17
32 22 56 42 29 12 27 23 30 17 48 20 45 89 79 81 80 58 20 47 56 54 62 94 100 100 41 49 38 49 45 57 94 69 89 49 26 28 8 0 35 86 54 34 93 11 9 26 71 64 90 35 56 92 83 31 23 74 44 53 46 85 74 49 62 1 38 69 70 76 15 4 19 5 9 22 4 33 56 43 21 32 0 24 64 32 66 73 0 0 39 77 33 11 27 10
62 54 25 46 93 22 77 23 30 80 100 93 91 17 44 52 41 45 99 79 92 100 81 70 57 19 21 37 38 96 98 68 100 45 20 37 47 32 47 20 33 60 52 56 26 48 46 63 69 45 71 71 64 100 92 4 3 10 10 28 26 50 22 24 47 48 40 86 81 36 3 10 17 8 73 51 26 3 37 17 37 15 5 3 75 32 6 40 50 27 17 58 42 2 10 21
29 31 50 56 54 45 88 77 75 74 23 37 52 94 88 61 50 80 98 93 100 100 16 60 4 38 43 0 21 32 84 90 73 55 43 78 60 21 74 80 84 58 20 43 26 95 71 10 16 79 93 94 69 71 23 0 0 58 18 31 29 35 3 59 7 51 68 10 28 11 11 43 24 0 4 52 16 9 35 0 2 51 60 16 33 15 0 4 30 8 7 44 61 29 13 26
56 28 24 26 92 99 80 76 79 93 82 71 65 86 58 56 97 97 100 70 94 100 84 78 22 31 31 0 0 0 11 53 70 68 33 60 70 6 28 52 100 42 67 56 40 36 46 27 33 47 66 34 75 26 24 51 0 52 55 3 27 0 20 82 79 82 89 38 22 17 0 39 19 33 0 44 18 13 15 0 0 0 23 35 39 26 6 0 0 16 25 19 84 31 0 0
8 19 51 12 39 97 78 62 91 67 62 53 76 86 34 52 53 13 93 80 75 100 28 3 0 24 0 0 9 67 56 77 59 61 30 75 42 34 46 26 25 22 43 39 98 76 10 23 17 23 26 73 83 86 54 18 0 25 7 24 0 6 25 56 66 77 75 100 35 39 41 54 31 60 71 10 0 18 16 0 13 8 20 22 64 21 21 0 19 14 0 9 34 16 0 0
60 47 57 76 65 64 62 70 80 80 55 67 7 37 100 97 89 75 47 91 5 15 16 0 0 20 18 3 20 49 97 56 73 76 74 23 74 34 46 18 55 27 12 51 36 27 18 8 42 57 11 14 58 56 37 38 50 24 54 33 3 13 10 1 28 25 15 42 44 50 12 22 0 36 49 39 32 48 34 0 49 76 8 34 72 0 0 0 41 14 0 31 27 50 10 1
31 58 52 56 73 93 96 32 39 90 65 74 66 85 48 43 61 65 21 3 0 0 0 14 18 47 50 27 85 85 48 80 25 63 64 77 64 43 20 63 71 37 12 66 22 40 59 85 57 49 33 19 39 61 43 17 39 71 50 17 17 9 5 20 28 5 56 0 0 0 1 27 2 7 39 85 29 7 19 22 36 35 7 6 0 0 22 20 6 74 10 0 5 33 29 53
50 62 34 16 24 76 89 95 74 65 81 97 79 82 77 54 57 47 34 0 0 0 0 36 56 66 53 87 91 39 29 34 42 65 79 49 42 33 55 22 80 30 61 14 28 64 82 25 45 74 23 29 28 14 36 7 86 44 30 35 0 31 30 3 75 33 37 4 0 0 7 41 34 16 11 38 21 0 0 22 22 4 8 20 0 26 1 5 8 56 23 3 6 29 12 5
46 23 17 7 30 49 40 30 21 82 100 98 49 25 84 82 31 0 0 0 0 19 45 79 80 70 82 73 54 61 29 45 64 44 92 63 75 44 54 10 22 30 72 56 37 34 19 10 27 2 0 17 41 27 80 84 45 12 22 20 17 4 30 33 10 45 14 8 22 3 53 65 52 0 12 12 5 0 0 22 10 0 8 10 46 0 0 24 20 22 7 61 20 25 0 0
77 23 28 55 54 76 33 86 62 100 100 100 63 72 81 21 3 20 11 23 37 29 41 97 62 20 0 1 32 35 40 45 47 28 59 96 72 38 46 2 9 12 32 62 46 17 38 50 19 31 7 32 68 10 5 15 17 24 15 12 13 16 11 23 30 37 8 20 58 9 19 56 3 0 19 2 8 34 0 0 0 16 27 33 17 25 14 23 38 2 10 15 8 0 0 15
90 51 32 45 90 88 77 88 94 87 57 78 100 73 22 27 26 36 57 98 72 56 22 48 39 54 2 31 77 81 16 12 68 23 17 78 3 11 57 45 51 19 70 18 44 35 55 45 5 32 41 29 27 58 16 20 24 30 24 16 55 74 42 28 37 30 34 16 53 0 21 7 2 0 0 0 6 34 0 0 0 41 15 14 0 0 8 0 13 4 23 49 27 0 35 3
35 64 77 77 57 78 99 86 31 36 86 98 61 18 8 3 40 83 86 53 72 26 35 84 83 30 4 70 93 14 0 34 93 94 5 63 36 65 15 53 62 61 34 33 27 34 13 43 14 57 35 25 20 33 21 71 29 23 9 2 16 37 26 61 31 76 68 18 77 25 38 28 0 0 0 3 0 0 14 0 0 35 22 16 0 36 40 20 3 0 3 37 24 52 44 34
80 45 2 46 52 96 63 10 12 86 74 55 74 47 30 38 44 25 15 29 40 2 14 18 36 57 36 44 25 20 52 52 31 22 15 67 0 17 9 34 22 64 47 33 20 51 64 19 43 49 15 0 22 19 57 43 28 41 13 18 8 22 20 21 19 69 94 41 20 8 2 0 2 30 46 28 7 0 0 23 20 18 26 12 20 4 11 20 48 21 35 7 6 25 15 10
9 22 52 61 78 44 3 6 56 45 99 51 62 100 45 28 25 30 40 11 34 12 29 97 61 22 0 0 22 34 54 45 13 0 27 12 0 14 39 30 30 18 84 25 16 21 48 20 59 33 9 4 84 64 25 26 46 26 11 1 0 3 12 19 10 52 32 43 24 19 0 20 18 19 2 34 19 0 30 31 7 37 24 9 47 17 0 9 28 18 27 38 71 11 36 26
6 56 97 59 27 0 0 61 5 56 63 67 48 76 51 54 90 62 14 90 86 69 73 12 4 0 0 0 51 2 19 5 25 7 0 0 8 36 91 44 71 66 22 35 30 58 27 0 37 18 29 2 8 62 4 0 15 24 25 0 0 9 2 0 13 9 0 19 25 5 0 6 16 12 0 21 47 16 4 36 25 27 51 3 39 10 18 93 61 45 0 32 55 64 43 15
56 68 55 48 14 0 0 16 50 86 64 6 13 4 19 19 49 42 27 24 40 9 5 6 1 30 31 29 29 42 67 29 5 31 57 28 19 64 74 92 83 63 81 75 42 46 58 36 10 2 36 20 25 0 1 0 2 1 6 59 18 3 34 23 12 2 0 0 24 29 18 0 0 27 2 1 34 44 10 10 5 33 25 8 22 0 27 94 49 39 0 55 73 67 53 9
95 55 16 1 0 0 0 32 62 89 56 11 0 0 89 69 62 55 48 93 20 1 4 29 43 64 56 59 44 70 58 39 22 66 36 46 97 34 23 71 93 47 30 35 54 72 31 28 8 9 22 0 0 0 0 0 39 0 14 83 14 18 41 16 24 5 9 0 13 38 30 27 0 2 0 0 16 60 15 30 11 0 28 1 0 7 21 59 100 55 28 50 48 70 66 11
38 0 19 8 0 0 24 56 58 48 18 0 0 40 45 98 53 40 40 94 16 49 37 52 32 47 73 39 82 64 26 37 18 30 84 37 33 41 61 65 46 43 2 12 32 2 7 7 29 44 3 19 46 31 0 0 14 9 32 20 16 3 28 30 11 40 14 0 23 53 62 29 23 40 0 0 64 60 0 0 0 0 31 37 0 4 0 61 40 62 68 54 52 81 36 61
13 0 10 0 0 0 42 52 26 11 22 0 8 53 2 40 70 46 26 14 21 15 15 56 41 25 51 26 29 35 84 79 3 12 74 25 40 27 31 76 73 37 34 48 50 29 26 3 0 0 21 29 81 8 12 19 44 16 64 26 44 8 35 33 1 25 33 30 68 31 31 70 41 62 21 6 28 20 17 38 34 40 0 0 0 0 7 28 48 87 38 83 60 31 41 71
0 0 0 0 2 51 26 7 17 32 0 4 29 61 15 14 0 24 26 48 50 16 63 31 1 40 19 26 12 24 56 14 0 23 65 29 51 21 57 85 84 21 32 73 32 22 22 16 0 24 21 19 50 67 71 68 76 77 78 73 56 2 47 20 5 34 42 47 49 49 70 59 71 29 13 40 38 44 59 61 41 25 16 1 48 6 51 74 90 95 70 26 43 77 100 94
0 0 11 43 78 39 8 37 1 4 0 8 38 48 65 0 0 25 0 21 39 28 20 16 69 59 62 7 42 29 68 8 21 52 28 12 53 17 68 95 53 0 19 18 13 11 6 26 23 4 25 23 37 19 54 78 66 55 81 76 75 29 31 47 30 28 52 38 56 62 29 43 38 28 36 24 54 61 59 35 14 55 40 0 0 13 59 71 52 61 77 21 4 7 39 64
41 55 76 44 53 7 51 32 2 0 4 45 63 53 1 35 2 3 34 65 48 35 30 18 4 35 16 0 34 19 4 22 41 13 58 28 87 73 50 73 40 21 66 17 6 6 28 18 18 19 1 22 34 56 88 73 70 70 62 63 57 46 30 40 56 26 48 37 54 73 37 25 33 18 39 50 48 20 31 9 17 62 19 59 67 43 79 53 90 100 39 85 94 24 1 32
59 64 90 58 0 28 30 0 2 0 4 60 20 17 41 13 11 49 32 75 52 64 77 76 32 13 11 0 10 31 36 21 54 28 55 77 42 49 45 65 54 35 24 3 22 26 13 29 78 60 36 39 54 51 84 80 86 53 58 34 74 25 42 61 77 74 89 83 58 63 29 48 26 14 57 30 1 36 28 0 12 46 25 38 44 80 56 74 61 56 64 72 74 31 0 0
35 36 56 22 42 22 0 0 0 59 35 39 28 1 25 83 94 73 93 71 37 26 64 28 11 61 64 0 26 58 54 23 70 80 24 59 64 39 36 21 33 55 19 28 33 36 13 30 48 11 4 7 61 86 75 89 100 71 48 32 61 75 60 94 83 73 78 60 58 56 39 37 1 0 48 17 66 49 51 21 15 37 57 83 83 99 69 56 67 29 65 74 21 29 0 0
23 11 4 19 45 0 0 0 14 52 10 17 70 58 89 100 70 49 51 40 23 12 63 27 15 27 56 51 65 58 96 77 81 59 44 42 32 32 75 89 27 64 55 82 46 0 42 24 22 17 36 19 36 45 69 74 77 40 66 82 86 86 87 100 96 87 95 72 52 45 64 38 0 7 42 38 67 74 47 45 68 58 98 37 33 95 74 68 86 89 72 33 38 52 0 0
15 0 12 0 1 0 0 6 81 69 4 39 24 24 44 60 75 17 19 56 48 20 19 18 13 88 85 85 85 88 100 100 67 34 30 82 46 32 24 45 20 13 9 60 43 35 53 38 27 51 52 42 69 44 68 73 77 98 80 91 84 77 100 91 80 83 79 86 50 28 82 24 43 38 40 16 43 40 63 96 68 55 84 78 53 91 95 65 100 88 41 47 20 8 0 18
0 23 52 13 0 0 0 29 62 57 18 44 36 9 66 24 17 12 5 21 10 13 22 9 35 33 68 41 62 72 61 36 54 80 94 56 42 64 39 29 62 26 35 15 5 28 10 14 8 56 42 44 55 56 76 77 33 98 78 61 57 33 98 63 100 100 91 84 41 54 75 7 37 3 12 58 67 68 88 72 52 82 72 49 57 89 70 45 88 35 20 73 0 0 25 78
24 55 3 0 0 0 0 0 60 15 25 34 29 64 81 2 21 50 48 38 31 3 43 40 48 79 83 19 75 40 56 76 74 66 81 87 64 12 59 51 52 27 37 30 21 29 58 30 9 25 22 11 56 76 61 49 38 61 83 68 54 38 73 60 92 84 67 88 61 60 40 14 39 19 17 19 53 95 79 100 68 76 28 56 71 75 22 0 58 40 25 55 20 31 60 39
0 0 0 0 0 0 77 46 63 58 36 38 28 65 72 45 38 22 55 48 79 21 39 70 88 100 99 68 96 86 33 48 54 45 44 23 34 53 35 34 38 22 24 18 0 0 25 62 47 27 12 48 50 43 57 57 68 61 63 39 63 46 34 93 93 64 42 60 43 41 24 34 39 96 96 55 22 46 94 93 36 25 8 25 52 0 0 4 74 83 53 88 52 68 60 82
61 2 0 0 0 0 29 4 0 20 16 65 37 19 31 60 47 18 27 43 85 91 100 100 75 78 42 21 38 34 25 13 21 36 11 0 20 31 62 44 48 16 11 0 20 15 65 40 18 1 49 53 46 31 59 48 88 53 57 57 42 66 69 81 57 77 58 53 30 1 2 0 39 61 67 41 68 38 51 38 13 40 85 49 39 10 14 32 97 27 2 3 26 44 19 72
48 80 6 0 0 31 2 11 34 4 23 32 25 18 42 40 38 42 14 26 94 100 86 58 50 42 50 28 97 97 73 53 56 57 37 42 30 39 35 55 42 47 0 8 12 37 44 34 17 40 36 69 22 56 57 60 59 68 65 39 73 59 35 13 29 18 10 23 35 39 18 41 77 32 56 51 63 35 56 91 31 23 66 77 64 60 50 73 25 1 29 67 32 20 12 57
0 55 33 47 14 40 34 37 31 45 38 38 24 77 36 61 15 8 34 42 66 100 57 83 39 58 86 90 62 96 61 49 26 24 26 1 33 42 26 50 14 39 46 42 45 46 46 39 16 16 44 62 36 45 41 25 43 82 41 48 75 70 66 61 30 3 4 30 44 43 38 36 74 41 46 28 31 54 53 69 67 71 60 88 62 96 50 32 31 23 45 11 31 45 62 41
9 44 40 0 0 0 29 38 28 38 35 1 23 36 45 55 2 16 17 7 35 68 66 81 93 100 100 100 52 90 76 62 19 10 20 6 5 0 28 31 20 68 59 28 96 89 76 27 1 39 36 55 40 18 30 51 51 39 46 66 75 55 79 64 5 36 22 4 10 28 65 48 56 25 37 33 23 53 53 61 87 51 77 69 74 58 45 35 46 58 34 9 81 58 24 12
77 13 27 11 1 72 30 7 20 30 46 22 6 13 67 74 44 57 41 29 47 88 96 88 92 96 90 76 97 82 75 47 42 3 70 36 40 8 12 11 13 11 0 21 43 65 44 43 35 35 58 68 38 34 20 76 37 55 57 53 35 69 62 28 10 16 22 35 21 59 73 32 58 0 38 61 52 87 85 75 90 98 81 74 92 40 3 48 56 98 61 70 85 16 9 16
52 24 9 64 63 78 11 61 15 36 12 0 5 57 67 71 98 64 80 32 36 35 51 70 81 42 43 42 21 68 60 23 32 38 29 29 36 48 23 34 11 13 26 21 31 50 48 0 39 81 55 74 54 51 19 51 35 55 60 66 56 55 47 14 2 51 20 77 59 71 60 22 17 24 45 66 37 80 64 74 79 100 94 66 88 43 19 11 18 85 47 51 33 3 13 77
27 12 23 37 53 8 3 14 23 74 5 8 28 90 98 66 41 60 55 1 54 14 62 68 73 40 56 51 0 22 24 4 11 7 31 17 20 2 4 16 43 12 8 6 64 27 47 20 27 29 26 64 49 65 63 55 78 65 49 49 29 47 43 11 42 40 62 55 49 61 41 0 0 4 26 74 61 67 80 89 61 68 83 98 58 50 17 17 17 18 37 75 50 12 7 43
49 37 31 0 0 24 56 59 41 99 70 11 6 43 87 24 3 9 55 16 43 18 32 62 73 60 33 31 13 48 20 22 19 37 0 33 18 6 28 51 45 42 46 58 20 18 23 15 39 27 41 25 56 59 55 51 73 61 32 37 47 19 7 56 54 63 32 48 6 48 54 9 1 4 7 44 38 27 94 90 22 40 38 19 3 19 57 26 74 25 9 68 25 43 80 59
21 21 5 2 49 88 16 12 33 58 34 26 1 42 47 82 63 57 47 6 23 24 31 30 18 4 44 28 82 70 10 48 47 34 23 0 7 65 91 33 2 35 14 43 16 21 45 53 38 64 11 42 56 29 40 32 35 47 82 60 34 37 28 46 62 13 27 54 32 2 26 1 0 7 17 20 52 62 45 55 21 19 2 0 4 41 73 49 0 0 34 39 36 11 39 82
31 22 14 0 12 67 20 44 24 19 7 15 34 19 64 2 3 27 29 59 59 68 14 56 33 72 30 26 53 53 40 58 48 10 16 27 18 34 28 34 7 40 29 47 31 41 24 43 53 48 58 41 74 28 26 52 39 57 65 13 36 60 54 78 83 45 14 35 54 26 60 56 30 36 1 25 78 58 66 45 6 26 26 64 23 9 27 15 8 9 70 33 39 2 36 78
36 16 38 44 0 2 38 13 4 21 18 9 1 11 37 23 17 39 34 14 15 0 17 13 19 3 10 7 32 35 42 50 91 48 76 0 7 11 87 24 18 3 62 62 80 66 55 15 27 47 78 53 16 41 73 62 37 53 54 16 21 26 68 32 33 34 14 32 29 49 84 57 66 26 35 36 22 54 100 74 26 35 32 8 0 36 19 0 32 73 26 4 0 0 54 80
55 50 50 18 0 0 0 3 0 10 2 33 70 30 11 37 0 28 60 53 30 0 0 22 2 0 0 9 45 31 47 6 73 72 21 6 23 50 34 6 42 52 93 81 60 44 39 57 30 32 33 43 11 70 80 53 64 43 43 52 24 56 68 26 49 25 61 74 36 19 52 58 62 77 46 78 10 73 45 20 45 85 16 0 18 50 14 48 84 62 10 22 9 18 80 23
70 37 25 6 0 8 24 8 25 12 48 15 8 3 16 1 8 52 24 36 69 13 10 28 18 0 1 8 88 24 49 3 21 25 1 16 7 33 14 42 91 86 77 59 7 37 42 35 55 41 53 27 33 41 54 71 47 66 39 48 48 90 100 68 65 38 6 34 43 2 56 69 71 40 65 86 97 100 59 23 4 34 0 19 49 60 84 75 83 52 37 72 29 21 87 61
43 39 4 0 16 66 70 11 1 37 21 7 33 33 8 50 89 14 6 16 62 35 46 6 7 41 67 31 26 15 46 30 40 24 16 55 68 54 26 97 44 38 29 14 33 73 68 46 35 46 75 28 64 42 54 46 43 56 57 34 74 74 95 45 28 4 0 6 39 22 58 68 90 21 34 67 78 91 62 32 4 19 19 63 65 85 63 53 36 61 45 45 6 65 92 76
0 19 0 27 28 59 16 0 0 31 43 10 8 14 34 31 61 23 7 58 57 6 8 10 32 15 2 27 23 18 4 21 39 31 45 32 48 97 80 51 54 33 18 14 56 25 64 68 31 36 29 1 73 23 32 45 63 25 21 42 46 54 64 38 0 0 8 3 29 65 27 66 67 26 83 98 27 46 4 55 33 38 74 82 45 79 42 0 67 14 40 21 0 1 13 97
11 7 24 14 0 16 1 0 0 17 27 0 0 0 30 54 32 13 55 52 67 56 19 39 30 50 90 27 32 5 0 8 7 34 17 46 75 27 21 25 34 32 61 84 3 40 80 61 34 52 52 7 17 44 34 6 23 4 64 56 25 62 45 2 0 5 12 36 32 48 61 30 6 47 85 31 56 97 56 50 23 58 100 98 24 2 0 24 73 29 37 9 0 0 7 89
30 52 33 37 21 25 12 7 6 0 49 60 21 0 22 16 53 44 65 10 0 6 55 6 2 26 2 22 5 30 24 1 20 23 26 34 33 17 28 53 77 41 36 44 32 15 46 17 25 9 47 61 70 62 41 44 2 2 17 42 15 27 20 11 0 2 13 21 53 30 55 48 0 20 5 0 34 49 88 81 20 96 100 97 45 39 0 57 81 39 21 0 0 0 26 65
42 33 76 77 50 47 0 5 62 18 33 53 28 14 0 51 15 5 10 1 0 17 51 12 0 0 0 10 54 39 46 19 21 5 28 43 17 30 24 68 31 32 2 0 46 41 54 60 28 18 63 100 77 95 92 94 56 44 6 20 24 8 20 71 3 1 6 35 25 61 64 28 2 49 52 42 0 29 88 63 36 60 94 55 80 67 21 0 22 60 44 3 0 0 0 16
63 28 76 56 79 91 39 30 26 11 7 43 38 0 0 89 65 0 22 1 0 21 26 37 80 48 3 10 15 0 12 1 19 5 31 41 50 73 74 74 63 51 56 36 0 14 14 42 68 95 78 60 49 82 43 35 35 59 71 58 31 17 39 71 37 62 55 79 60 32 26 4 21 0 3 1 0 1 52 57 13 43 71 25 68 77 5 6 54 51 49 0 0 0 0 0
92 77 86 35 76 17 23 7 30 3 3 57 23 0 7 90 49 0 0 0 0 5 36 22 64 100 56 1 0 6 20 3 9 58 9 54 69 62 55 43 12 0 6 12 39 53 61 22 52 54 49 42 20 40 57 50 50 31 40 4 9 25 30 58 55 39 36 1 15 1 0 0 17 0 0 0 0 10 80 41 33 31 65 43 67 18 0 0 54 72 18 0 0 0 0 0
26 91 97 100 45 0 16 4 57 31 10 4 11 12 48 38 20 25 32 34 9 27 46 68 64 56 53 52 32 9 25 19 30 38 23 1 46 91 56 46 23 47 38 44 39 25 59 82 52 55 45 17 30 52 22 30 13 0 1 0 1 6 53 66 82 48 4 2 0 0 0 0 0 0 7 0 4 73 68 37 71 96 67 30 71 0 0 0 33 16 0 0 0 0 0 0
26 50 56 64 75 18 0 2 18 0 1 13 0 14 55 11 13 22 23 0 3 22 7 40 91 59 95 98 48 10 7 0 30 11 12 24 12 86 63 52 75 82 40 34 5 40 23 74 44 51 59 41 26 36 42 32 57 7 19 9 5 54 98 64 58 1 0 0 0 0 3 1 9 44 68 34 4 27 100 69 77 57 3 1 5 0 0 0 0 0 0 0 5 41 9 0
39 44 31 71 73 34 46 12 0 10 21 21 0 14 47 11 8 5 13 44 76 91 97 100 100 94 100 100 20 15 64 0 16 18 5 41 26 83 85 63 81 47 5 3 36 39 51 58 77 70 68 50 9 27 5 2 52 36 67 47 39 36 23 76 46 0 3 34 39 54 90 77 92 44 68 83 62 55 68 86 56 71 44 4 0 0 0 0 0 0 0 0 53 89 6 0
