data/habitatmaps/RS_maps/habitat_Fringilla.coelebs_2008.asc
NCOLS 369 
NROWS 228 
XLLCORNER 479000 
YLLCORNER 73000 
CELLSIZE 1000 
NODATA_value -9 
[rows 61 to 121 of 228, columns 192 to 287 of 369]
24 18 30 34 35 80 49 54 37 35 61 91 72 100 29 0 52 56 7 0 46 80 69 68 43 45 24 0 35 74 12 11 49 39 52 57 47 33 70 31 6 15 38 32 73 86 43 59 72 85 82 65 40 72 74 25 37 32 45 27 17 42 41 45 91 74 78 52 34 37 41 49 41 57 66 82 86 74 40 45 0 36 12 21 10 67 68 77 39 67 37 50 1 0 32 61
15 56 68 87 14 47 60 65 32 92 84 43 87 64 90 3 5 87 55 6 34 84 75 52 36 25 13 34 32 0 0 10 28 54 8 1 44 36 26 19 29 37 30 54 53 34 15 17 74 79 72 27 36 48 65 72 26 54 54 40 24 44 22 53 57 46 19 70 57 74 77 49 58 99 75 33 43 28 55 56 48 35 85 13 30 87 34 7 59 52 76 37 12 15 12 92
12 17 10 29 39 75 88 25 34 46 84 65 83 96 100 43 0 23 99 11 19 5 37 61 23 27 0 17 48 36 14 0 36 7 20 26 14 51 23 32 80 52 36 34 41 18 29 57 67 43 15 11 54 33 32 32 35 30 50 57 57 75 45 77 65 29 43 60 63 69 22 44 42 20 1 14 0 7 46 30 29 55 55 31 86 58 18 25 76 48 94 61 18 32 41 84
1 33 67 45 2 45 44 47 87 34 33 57 66 81 97 71 0 0 32 44 74 41 26 30 30 47 52 7 30 38 30 12 6 22 7 48 62 60 46 56 52 47 26 23 34 43 51 45 17 18 24 29 20 16 39 22 75 27 34 38 60 64 35 72 69 59 63 74 80 77 61 41 0 0 0 0 0 0 0 6 37 26 28 99 91 52 1 24 18 79 100 81 65 70 59 96
0 10 4 45 27 0 50 61 29 24 25 67 100 93 99 78 42 0 0 5 38 75 83 84 62 63 59 2 21 15 10 3 20 65 67 87 80 55 83 55 33 68 41 39 10 28 5 24 16 20 12 46 78 48 56 53 64 58 44 18 14 38 49 59 38 55 74 62 78 100 50 8 0 0 0 0 0 0 0 29 0 22 90 75 66 19 6 17 0 17 95 100 100 100 84 70
27 21 32 76 27 0 19 55 20 8 18 59 100 100 94 39 100 74 20 0 0 0 23 73 89 25 34 38 42 26 40 59 50 0 67 62 61 38 61 37 25 41 32 15 23 22 25 7 14 16 83 100 94 61 68 60 22 17 18 40 26 7 31 42 16 8 52 58 49 40 13 0 0 0 0 0 0 0 0 3 45 82 79 19 76 63 31 39 0 33 50 99 99 83 100 69
3 3 12 48 8 34 83 18 22 18 33 51 59 80 100 32 57 89 30 33 35 1 0 2 50 60 60 17 34 50 94 5 9 6 42 94 78 46 36 38 32 64 22 36 46 57 30 26 6 25 91 99 70 51 81 31 37 37 43 33 29 2 0 16 16 58 34 37 60 5 0 0 0 0 0 0 0 0 0 54 84 19 20 0 35 28 51 62 57 73 88 83 69 98 99 69
14 0 33 51 70 9 13 16 25 19 45 32 50 32 99 68 0 34 41 26 54 39 0 0 0 20 78 70 51 44 50 9 24 87 32 95 74 62 6 36 48 55 27 47 69 85 30 35 33 49 44 72 84 78 48 49 71 34 59 15 0 14 25 32 34 49 21 0 14 0 0 19 17 0 0 0 0 0 34 81 61 36 1 0 3 35 55 62 88 32 15 86 72 44 38 84
26 4 0 32 12 25 53 35 0 14 36 0 11 35 75 80 8 17 20 0 10 81 28 0 0 0 0 13 13 8 9 2 0 56 79 64 0 0 4 30 25 29 34 45 8 52 80 14 2 25 30 45 64 36 28 37 84 52 59 37 28 18 46 2 52 28 8 23 11 19 47 67 68 14 45 26 0 49 72 93 9 4 0 0 23 55 58 59 90 5 55 81 70 41 86 66
25 12 0 8 17 21 35 21 29 6 26 12 18 11 7 54 1 29 45 0 0 10 90 46 0 0 0 0 0 0 0 0 0 26 82 0 0 0 0 0 0 6 34 54 40 0 3 21 43 61 24 61 45 54 60 56 64 83 60 62 60 23 13 38 39 21 17 25 46 51 24 37 16 56 55 38 2 31 23 31 34 29 0 0 41 36 65 30 36 65 90 94 82 86 79 75
56 9 20 28 1 2 1 0 60 67 25 17 55 49 38 48 23 18 2 0 0 0 4 58 62 1 0 4 0 0 0 7 16 0 6 0 0 0 19 30 65 57 69 37 1 0 0 15 24 23 52 37 74 95 99 54 53 56 38 59 85 82 28 24 12 64 76 55 11 0 38 42 53 46 34 22 35 16 81 7 42 19 0 6 42 4 4 2 70 100 100 95 99 94 61 56
33 7 26 50 40 10 14 31 43 22 63 55 66 81 41 47 22 43 2 0 0 0 0 59 68 52 36 63 70 47 59 38 17 0 0 13 49 6 51 28 16 0 26 5 0 0 1 50 23 2 53 53 55 86 77 39 4 16 19 43 49 17 1 0 5 49 63 42 38 16 17 11 0 44 93 94 76 46 9 29 19 1 0 38 28 0 0 4 94 100 77 72 100 77 61 100
37 12 17 64 30 27 30 5 64 7 64 69 69 85 18 25 1 6 20 8 35 0 35 21 29 97 75 26 26 61 51 54 33 34 29 70 51 9 7 53 0 0 0 0 0 0 18 44 18 6 29 35 58 80 71 49 0 0 26 61 86 45 70 43 29 66 20 16 26 18 22 18 16 16 19 40 55 12 0 2 64 65 11 27 10 0 0 54 100 99 61 81 100 100 98 100
56 45 16 59 21 68 92 19 49 40 36 41 5 58 13 9 35 0 32 10 3 0 4 0 19 28 3 25 22 43 39 42 9 30 40 3 32 56 31 84 28 18 20 18 2 0 2 61 39 0 0 10 66 80 42 1 0 0 42 90 95 94 76 67 82 30 22 14 5 1 21 18 35 62 93 40 30 8 31 54 13 58 62 31 26 27 45 94 99 86 27 75 99 84 79 83
34 5 15 52 16 69 1 0 2 46 39 39 0 52 0 6 31 1 28 42 4 10 29 49 69 51 7 4 37 70 50 51 42 60 22 27 35 40 40 56 12 37 44 64 21 72 34 3 9 0 0 19 91 77 6 13 27 0 7 46 66 53 51 47 61 6 0 0 0 0 1 0 0 6 74 86 77 86 77 56 64 60 95 78 43 71 80 97 99 76 78 80 100 96 41 80
16 46 15 49 19 15 0 0 0 0 62 58 0 64 6 0 0 0 2 41 62 76 62 70 94 88 60 50 34 22 28 29 56 92 52 62 36 55 69 57 99 75 73 65 65 21 41 3 0 1 39 46 99 35 48 63 28 59 9 66 40 12 33 31 29 0 0 0 0 0 0 0 0 3 17 68 51 27 41 91 67 47 92 64 26 23 74 100 60 95 100 100 88 74 45 92
44 28 20 12 16 0 0 0 0 3 87 31 9 39 15 12 41 43 77 93 85 100 100 100 100 81 46 25 0 5 20 67 99 73 46 65 62 95 81 69 52 79 70 56 65 98 88 72 60 16 30 73 88 79 92 77 84 43 19 15 24 31 11 3 2 28 9 7 53 73 31 15 0 1 4 34 10 0 12 58 64 77 65 79 12 15 97 94 60 52 70 100 86 59 50 47
23 7 5 0 18 12 0 0 0 32 64 41 56 57 48 70 43 47 49 82 88 55 98 66 41 3 2 27 11 0 3 33 98 52 41 95 73 80 53 71 70 46 80 38 27 98 90 94 99 23 7 98 96 84 51 93 57 37 47 48 27 21 1 3 5 94 91 68 40 43 95 95 35 20 0 0 0 0 2 70 88 9 89 64 0 31 71 92 67 87 92 84 65 67 39 18
47 5 5 28 47 36 23 0 0 36 97 62 82 44 63 80 53 63 32 10 36 39 50 28 26 22 45 47 13 0 0 10 59 77 100 59 100 100 56 65 78 89 97 47 10 61 50 69 91 87 28 62 87 64 59 32 10 21 54 73 75 91 100 95 82 26 26 29 30 39 65 81 97 73 1 13 2 0 0 58 38 21 83 24 18 14 23 100 63 63 84 81 36 52 38 50
2 9 5 54 48 20 6 0 4 89 50 15 79 44 6 26 6 16 29 39 30 93 30 0 24 31 21 50 37 25 0 7 24 59 47 55 95 87 20 46 5 40 97 55 38 44 22 36 49 84 63 65 1 3 12 61 45 23 3 0 0 0 13 30 27 0 16 12 0 15 17 38 57 93 17 60 30 0 0 12 18 70 58 88 54 19 27 100 81 49 51 70 67 69 21 61
2 56 74 51 43 0 0 0 15 80 34 17 92 50 10 5 31 15 0 19 14 25 0 4 35 60 26 57 63 44 0 2 41 32 46 36 42 52 54 59 12 62 96 54 10 19 31 30 48 63 67 64 0 38 77 76 51 82 42 32 25 18 3 7 0 38 45 92 66 64 60 13 0 85 95 84 61 23 0 0 20 64 93 92 30 5 55 74 98 84 47 77 74 73 1 50
42 27 21 32 12 0 50 82 6 21 59 8 34 99 49 46 100 99 25 0 45 29 11 54 59 86 26 30 40 12 25 0 67 51 57 71 17 40 42 82 45 44 39 59 13 13 42 42 57 50 74 51 24 39 64 90 72 96 45 67 42 56 68 88 19 64 62 84 86 33 25 47 17 68 100 94 35 1 0 0 2 77 56 28 26 35 50 60 100 98 77 80 69 83 45 61
38 58 14 16 17 0 26 7 0 10 94 46 13 97 90 100 95 65 49 0 80 53 50 74 38 38 11 29 20 16 12 7 47 26 51 73 64 42 69 82 17 9 47 0 0 25 55 48 31 46 96 91 71 74 57 64 29 61 37 82 48 92 78 96 87 57 91 82 31 59 25 0 36 68 33 94 81 20 2 14 82 91 52 15 37 17 47 66 100 99 37 67 43 8 2 73
39 40 4 12 0 39 22 0 0 0 35 63 73 83 100 100 91 82 45 14 38 9 13 87 97 41 39 32 77 65 70 8 5 16 66 57 70 62 76 88 45 6 60 2 0 28 82 55 64 77 100 62 78 100 67 19 0 16 14 44 20 94 100 89 72 45 59 55 36 29 17 41 40 53 4 29 98 69 48 14 89 84 81 50 12 6 28 88 99 81 18 61 40 0 23 60
29 54 5 1 33 0 34 9 0 0 1 21 36 65 62 51 53 40 33 27 40 32 48 45 100 41 26 25 35 40 87 85 11 15 57 55 65 92 40 90 17 27 41 4 2 42 81 57 40 70 98 2 75 99 61 49 4 22 0 11 5 47 99 78 54 0 0 0 43 78 66 46 36 32 51 21 30 86 86 5 34 60 64 85 22 24 59 99 83 35 1 37 32 0 3 0
0 5 58 45 20 72 20 76 97 45 1 0 43 80 27 58 24 41 0 15 45 62 67 95 46 75 23 61 87 65 40 41 93 19 2 33 13 86 71 13 74 48 78 14 0 25 82 22 17 8 6 73 40 93 59 21 4 23 0 0 1 26 75 97 14 0 0 5 45 81 84 77 33 35 50 48 18 20 93 57 64 67 41 9 49 70 95 45 37 48 0 0 0 0 0 0
48 63 59 2 17 43 71 11 77 92 25 24 23 57 76 16 18 52 5 34 19 61 55 90 38 95 37 95 100 92 68 94 63 7 57 58 57 66 4 0 58 71 22 0 0 58 38 0 0 0 10 49 96 77 38 51 0 0 0 10 59 15 44 75 11 0 10 59 78 53 100 41 33 29 68 62 88 69 58 88 68 80 26 19 42 61 23 100 97 31 0 0 0 0 0 0
77 51 29 6 0 8 35 63 36 40 87 28 39 52 98 7 16 16 15 43 72 56 14 64 55 58 70 100 76 100 52 52 55 40 63 37 56 85 25 1 53 40 2 0 0 3 0 0 3 14 71 66 63 73 23 3 0 0 0 0 0 4 48 29 0 0 0 37 51 82 83 1 0 40 45 52 81 87 71 87 82 84 4 11 69 71 80 70 94 10 0 0 0 0 0 0
44 62 5 0 29 47 66 21 20 29 75 47 24 83 100 20 19 20 67 22 33 27 9 59 64 67 95 82 83 83 72 9 59 9 49 0 23 82 5 0 1 0 0 0 0 0 4 33 84 100 89 35 81 78 86 0 0 0 0 0 0 0 22 7 0 0 0 12 44 69 37 0 38 71 63 38 72 74 96 36 28 16 2 0 13 78 88 75 79 54 44 2 0 37 14 27
79 7 0 0 0 65 62 42 52 40 70 87 27 36 36 4 3 1 4 8 5 22 59 65 31 37 100 49 28 68 25 27 12 38 24 0 25 34 0 0 0 7 35 55 46 57 91 53 66 92 83 69 49 82 82 62 29 0 0 0 0 0 0 0 0 0 0 0 45 73 0 0 0 0 0 70 98 96 45 39 54 35 50 0 0 17 28 79 57 99 91 33 0 11 14 77
5 0 0 16 33 41 76 89 63 51 11 72 87 68 61 16 22 25 7 57 34 23 54 77 35 71 91 56 71 71 18 19 69 66 6 0 37 14 0 34 48 60 24 43 47 48 25 64 82 51 63 35 74 48 44 73 33 0 0 0 0 0 0 0 0 0 0 0 6 14 0 0 0 5 31 56 92 77 51 95 31 26 14 20 0 12 31 52 73 68 56 59 6 0 0 8
0 0 10 28 19 28 4 23 54 82 39 13 33 52 61 74 19 55 93 32 75 96 46 74 60 31 36 18 60 81 51 50 52 74 46 0 0 0 19 83 67 70 79 78 71 85 61 17 0 0 0 1 86 30 43 100 33 0 0 0 0 0 0 0 0 0 0 0 0 0 0 0 0 6 82 48 94 49 39 45 66 50 76 84 61 73 49 5 27 22 88 75 60 0 0 24
0 0 0 0 0 0 0 0 53 69 50 54 32 45 77 61 68 85 49 9 52 54 37 43 43 44 35 50 76 49 30 63 37 72 24 0 0 0 40 22 0 17 84 7 0 4 0 0 0 0 0 50 48 53 87 100 94 64 6 2 35 63 25 0 0 0 0 0 0 0 0 2 31 58 72 79 54 0 0 30 77 70 63 77 79 97 47 26 56 3 68 87 89 17 33 19
0 0 0 0 0 0 33 0 38 88 76 49 64 91 96 95 60 89 68 7 18 24 72 82 59 77 18 12 37 17 9 32 13 0 0 0 0 1 0 0 0 0 33 42 0 0 0 0 0 0 0 66 41 34 64 95 100 100 91 72 77 42 0 0 0 0 0 0 0 0 3 62 68 46 58 70 71 0 0 0 1 18 48 83 50 83 79 21 3 3 38 92 69 49 36 27
47 77 64 52 57 48 24 2 26 48 60 53 91 79 58 3 12 62 90 35 0 75 77 57 98 68 12 57 41 50 3 0 0 2 19 3 57 53 0 0 0 0 2 25 0 0 0 0 0 0 17 76 44 67 78 100 89 83 85 74 94 13 0 0 0 20 0 0 3 7 9 62 81 60 52 29 1 0 0 0 0 0 0 85 60 66 84 70 24 2 3 62 78 49 38 39
32 11 17 12 11 13 0 0 0 0 0 0 13 7 0 7 48 6 64 17 61 89 88 70 55 40 31 65 15 25 40 48 89 57 40 45 78 14 0 0 0 0 0 0 0 0 0 0 0 37 76 41 66 81 97 87 25 73 66 55 73 35 8 0 0 12 0 0 21 33 46 71 15 0 27 0 0 0 0 0 0 7 30 64 69 93 4 86 89 39 0 31 38 80 98 94
63 69 43 54 0 0 10 3 0 0 0 0 0 13 20 55 55 1 42 71 26 17 9 31 37 80 68 34 45 85 20 34 91 64 74 92 64 7 0 0 0 0 0 0 0 0 0 4 45 82 89 33 88 58 75 42 0 0 55 65 65 43 66 40 35 25 0 8 20 20 9 31 0 0 0 0 0 0 0 0 0 40 79 55 57 98 29 86 87 83 46 28 31 79 80 72
32 5 0 78 18 0 26 50 20 3 14 54 82 98 100 54 61 0 29 68 0 0 0 31 30 38 45 89 37 58 38 69 100 97 71 81 42 2 0 0 0 0 0 0 0 0 0 2 67 100 68 77 100 62 75 27 0 0 11 34 61 53 78 63 43 7 0 0 5 0 0 0 0 0 0 0 0 0 0 0 0 36 72 81 80 93 66 68 84 72 27 13 21 75 62 86
22 10 0 17 31 44 67 59 62 77 98 54 32 80 94 27 39 0 26 82 55 9 0 0 0 0 33 54 51 52 75 100 74 68 62 50 17 5 0 0 0 0 0 0 0 0 8 50 23 79 35 100 77 43 40 10 0 0 7 45 60 77 57 13 0 0 0 0 0 0 0 0 0 0 0 0 0 0 0 0 0 3 5 79 63 91 77 100 77 22 10 59 60 40 68 46
28 25 9 71 97 96 33 37 30 65 29 83 49 33 35 57 27 0 3 73 74 64 38 33 21 9 0 17 16 4 45 10 33 93 68 79 66 2 0 0 0 0 0 0 0 0 12 15 67 59 86 99 59 34 31 0 0 0 6 17 48 92 17 0 0 0 0 0 0 0 0 0 0 0 0 0 0 0 0 0 0 0 0 67 94 47 63 88 59 47 14 41 74 87 83 59
43 17 33 84 35 30 64 42 58 78 63 58 36 1 73 64 6 0 37 100 91 96 76 90 62 30 0 0 0 0 10 0 1 21 68 88 22 0 0 0 0 0 0 0 0 17 18 76 64 63 98 57 35 12 0 0 0 0 0 20 60 87 2 14 6 0 0 0 0 0 3 35 39 18 21 9 0 0 0 0 0 0 9 79 77 9 34 88 90 7 79 20 92 69 65 58
89 56 66 37 14 34 78 42 18 6 98 55 10 0 66 50 0 0 65 79 14 23 29 3 0 0 0 0 0 6 48 0 0 0 33 32 0 0 0 0 0 0 0 0 0 3 70 100 36 98 54 13 0 0 0 0 0 0 0 43 37 56 62 91 57 0 0 0 0 9 26 28 24 62 80 33 0 0 0 0 23 20 55 100 41 22 91 73 87 5 31 49 94 41 46 50
38 46 89 65 69 41 36 0 0 0 24 9 32 45 86 84 47 0 37 89 37 9 0 0 0 0 0 0 0 0 6 0 0 0 4 49 33 0 0 0 0 0 0 0 0 33 79 70 83 100 38 0 0 0 0 0 0 1 28 34 42 28 72 58 0 0 0 0 0 0 0 0 0 0 7 1 0 19 88 84 79 63 87 74 11 5 47 55 83 35 18 61 54 67 64 44
48 12 59 82 70 45 7 0 0 0 23 78 71 80 68 72 75 0 6 99 96 79 26 10 0 0 0 0 0 0 0 0 0 0 0 23 37 0 0 0 0 0 0 0 49 85 47 55 56 39 5 0 0 0 0 0 0 21 27 22 52 60 23 0 0 0 0 0 0 0 0 0 0 0 0 0 0 0 10 42 79 98 56 1 0 1 63 97 99 32 51 47 83 94 37 73
57 72 97 64 61 21 0 0 0 15 75 57 100 90 87 82 70 0 1 94 61 59 82 9 0 0 0 0 0 0 0 0 0 0 0 6 0 0 0 0 0 0 10 31 26 30 63 34 87 0 26 0 0 0 0 0 9 52 44 24 0 2 4 0 0 0 0 0 0 0 0 0 0 0 0 0 0 0 2 39 60 47 0 0 0 16 93 100 64 6 37 49 92 65 14 55
89 55 67 51 33 0 0 0 2 46 84 87 24 45 66 95 84 0 12 93 96 55 81 63 17 11 45 0 0 0 0 0 0 0 0 0 0 0 0 0 22 27 13 1 0 33 49 79 52 0 2 0 0 0 0 0 28 23 25 0 0 0 0 0 0 0 0 0 0 0 0 0 0 0 0 0 0 1 34 77 82 70 0 0 0 41 99 100 25 48 72 95 95 84 25 13
43 73 72 38 87 36 0 0 0 0 45 80 1 28 58 34 87 59 9 64 100 83 61 46 37 38 48 15 39 0 0 0 0 0 0 0 0 0 14 45 46 18 0 0 13 67 38 62 5 0 0 0 0 0 0 0 0 0 0 0 0 0 0 0 0 0 0 0 0 0 0 0 0 0 0 0 0 22 68 59 94 44 0 0 1 59 99 79 39 79 100 99 65 0 0 0
13 46 54 12 69 33 0 0 0 16 49 8 0 8 0 0 64 96 63 58 98 86 81 60 69 56 27 7 10 1 0 0 0 0 0 0 0 0 29 1 0 0 0 0 0 47 92 5 0 0 0 0 0 0 0 0 0 0 0 0 0 0 0 0 0 0 0 0 0 0 0 0 0 0 0 0 0 67 67 87 32 0 3 14 51 63 84 42 84 61 100 71 13 0 0 0
2 41 77 73 56 21 0 0 0 3 26 0 0 0 0 12 86 99 46 44 45 65 66 85 81 59 66 41 13 1 24 16 38 8 0 0 0 0 0 0 0 0 0 0 2 72 45 0 0 0 0 0 0 0 0 0 0 0 0 0 0 0 0 0 0 0 5 10 4 0 0 0 5 3 0 0 13 50 83 88 28 20 35 62 59 19 40 95 96 100 100 54 4 4 18 0
80 75 18 2 0 0 0 0 0 0 0 0 0 0 0 43 71 72 78 40 68 99 73 50 94 47 68 68 30 46 57 64 81 69 27 0 0 0 0 0 0 0 0 0 0 5 0 0 0 0 0 0 0 0 0 0 0 0 0 0 0 0 0 0 0 0 90 55 36 61 28 44 92 46 23 15 22 84 78 74 35 72 97 65 47 0 21 74 68 100 74 18 50 53 65 44
74 66 2 0 0 0 0 0 0 0 0 0 0 0 0 0 1 87 72 30 26 94 79 40 40 16 0 0 0 8 74 11 6 0 0 0 0 0 0 0 0 0 0 0 0 0 0 0 0 0 0 0 0 0 0 0 0 0 0 0 0 0 0 0 31 49 98 70 57 44 69 42 97 80 71 63 54 97 69 79 86 79 47 29 36 38 56 99 83 94 76 54 68 45 45 55
100 83 11 0 0 0 0 0 0 0 0 0 0 0 0 0 6 61 70 51 40 59 55 33 17 0 0 0 0 21 40 0 0 0 0 0 0 0 0 0 0 0 0 0 0 0 0 0 0 0 0 0 0 0 0 0 0 0 0 0 0 0 0 0 6 78 30 59 67 92 58 79 45 24 77 74 50 64 97 59 14 63 60 24 59 99 100 62 72 63 87 91 100 88 82 95
55 18 8 20 26 0 0 0 0 0 0 0 0 0 0 0 0 13 71 79 25 73 0 0 0 0 0 0 3 91 33 0 0 0 0 0 0 0 0 0 0 0 0 0 0 0 0 0 0 0 0 0 0 0 0 17 52 1 0 0 33 0 0 2 9 76 62 81 67 90 99 96 75 44 57 75 80 49 48 79 44 41 66 95 100 100 81 56 38 82 90 62 48 81 96 88
87 35 47 56 62 1 0 0 0 0 0 0 0 0 0 0 0 2 68 98 93 100 42 0 0 0 0 0 0 52 13 0 0 0 0 0 0 0 0 0 0 0 0 0 0 0 0 0 0 0 0 0 0 3 12 27 80 20 0 5 74 4 19 65 49 50 57 100 100 100 93 83 74 77 80 100 63 43 72 100 94 80 73 65 92 63 42 54 55 82 86 69 71 49 65 75
49 72 68 68 80 6 0 0 0 0 0 0 0 0 0 2 48 62 100 100 80 74 99 51 3 0 0 0 0 0 0 0 0 0 0 0 0 0 0 0 0 0 0 0 0 0 0 0 0 0 0 0 0 25 43 66 65 65 0 24 100 40 88 89 41 6 24 100 91 96 83 94 91 74 99 100 85 60 27 98 90 81 66 18 20 0 31 55 67 43 46 16 54 51 98 69
37 59 58 70 34 70 47 9 0 0 0 0 0 0 0 0 0 29 45 32 65 88 23 73 91 3 0 0 0 0 0 0 0 0 0 0 0 0 0 0 0 0 0 0 0 0 0 0 0 0 0 0 0 4 42 79 44 59 38 69 100 49 66 99 47 34 75 79 67 77 96 88 57 62 62 83 96 76 87 68 34 38 29 7 0 0 15 92 51 32 33 0 0 7 34 8
17 13 19 30 55 72 61 31 21 3 0 0 0 0 0 0 0 0 0 0 1 87 73 46 97 21 0 0 0 0 0 0 0 0 0 0 0 0 0 0 0 0 0 0 0 0 0 0 0 0 0 4 27 8 3 35 31 42 41 82 61 63 68 73 56 78 53 38 50 20 46 59 52 51 43 93 82 68 83 69 96 95 30 41 43 1 0 0 46 56 45 11 0 0 0 0
0 0 0 0 0 10 52 7 5 0 0 0 0 0 0 0 0 0 0 0 0 33 87 28 99 35 0 0 0 0 10 13 5 0 0 0 0 0 0 0 0 0 0 0 0 0 0 0 0 0 0 12 61 30 0 27 24 26 71 90 61 52 62 67 30 42 28 87 87 80 60 61 37 54 80 97 96 64 98 88 100 99 34 59 94 12 0 18 88 66 64 44 0 0 0 0
0 0 0 0 0 0 0 0 0 0 0 0 0 0 0 0 0 0 0 0 1 48 92 79 93 83 32 0 0 22 81 56 3 0 0 0 0 0 0 0 0 0 0 0 0 0 0 0 0 6 32 16 72 25 41 61 55 66 68 75 83 65 48 67 82 22 28 76 46 62 92 78 69 13 75 99 100 87 83 96 81 81 71 86 91 55 0 1 29 65 74 42 0 0 0 0
0 0 0 0 0 0 0 0 0 0 0 0 0 0 0 0 0 0 0 15 48 91 100 90 44 85 63 39 71 39 53 9 0 0 0 0 0 0 0 0 0 0 0 0 0 0 7 17 24 45 70 79 66 40 56 80 62 60 70 53 56 69 96 48 42 16 79 43 38 30 27 58 72 0 56 80 100 62 70 96 69 56 14 63 78 61 13 0 0 21 34 48 17 0 0 0
0 0 0 0 0 0 0 0 0 0 0 0 0 0 0 0 0 0 2 57 84 81 50 81 55 65 80 75 61 11 0 0 0 0 0 0 0 0 0 0 29 0 0 0 7 39 71 84 92 33 72 14 72 82 69 66 93 74 20 5 49 42 35 33 73 60 25 83 81 10 0 0 4 0 8 87 100 70 64 37 73 69 25 82 96 71 31 0 0 28 89 59 39 0 0 0
