data/habitatmaps/RS_maps/habitat_Prunella.modularis_2015.asc
NCOLS 369 
NROWS 228 
XLLCORNER 479000 
YLLCORNER 73000 
CELLSIZE 1000 
NODATA_value -9 
[rows 118 to 176 of 228, columns 192 to 287 of 369]
63 86 84 64 36 36 88 41 22 0 0 0 0 0 0 0 0 6 54 28 34 33 87 26 99 39 0 18 15 42 85 100 96 62 6 0 0 0 50 72 56 0 0 0 0 0 0 0 0 11 31 77 64 34 3 27 23 25 70 65 55 42 62 35 32 27 12 29 54 79 60 62 56 66 80 97 100 100 100 88 100 96 32 58 96 69 97 71 89 53 18 44 37 87 82 95
14 77 87 67 0 0 24 0 0 0 0 0 0 0 0 0 0 7 18 46 51 48 85 33 93 100 77 40 39 73 99 82 74 97 26 0 0 33 66 47 43 0 2 16 0 12 29 19 48 96 86 16 64 15 41 60 45 44 68 47 49 55 45 17 45 20 12 76 43 61 92 78 84 28 75 100 100 88 100 100 74 73 61 85 91 100 77 12 45 71 73 42 11 80 64 66
55 31 11 0 0 0 0 0 0 0 6 1 0 0 8 11 0 2 41 37 90 92 95 56 43 85 65 39 76 53 54 9 13 98 17 0 0 48 56 67 59 2 33 85 37 5 7 36 100 68 100 78 59 13 56 80 62 60 70 53 52 64 96 48 28 16 79 49 82 30 28 57 94 87 67 80 100 63 88 96 61 56 9 53 78 62 77 38 86 78 44 19 32 77 3 4
0 0 0 0 0 0 0 0 0 7 41 7 0 0 19 54 0 5 57 87 100 81 50 81 54 70 80 77 65 26 0 0 8 94 1 0 6 13 21 42 100 41 41 87 67 53 71 90 93 37 79 13 53 62 68 66 93 46 29 28 48 86 48 33 73 60 20 93 94 64 11 33 76 63 14 93 100 77 96 43 73 69 1 82 96 73 48 85 98 80 13 44 61 26 0 22
0 18 51 25 0 0 0 61 57 54 33 22 38 2 18 62 34 7 75 75 51 82 89 42 0 12 74 76 0 0 0 0 9 48 3 4 53 0 0 48 100 64 9 49 74 79 75 12 11 12 67 82 63 56 41 22 4 2 84 36 0 7 16 53 100 92 49 76 69 55 45 59 77 46 58 100 99 39 44 33 33 41 9 37 77 98 75 100 94 65 30 82 81 6 0 0
63 61 41 0 0 0 0 79 54 71 55 44 51 83 59 0 13 43 58 27 50 98 37 2 0 1 80 32 0 0 0 0 0 0 0 19 1 3 73 70 100 74 96 72 31 13 4 56 65 69 100 80 90 34 65 80 84 10 13 18 51 30 27 21 64 83 61 80 82 21 0 31 85 82 100 93 49 0 16 22 82 31 28 17 99 74 32 45 44 65 28 60 65 45 50 0
54 97 96 31 0 0 12 45 14 49 27 27 9 29 73 74 31 18 48 76 84 58 0 0 0 0 29 9 0 0 0 0 0 0 0 0 4 81 45 84 100 87 27 0 0 42 92 100 100 100 100 93 100 100 99 95 100 65 20 84 21 0 0 15 88 28 78 41 11 0 7 90 100 86 100 50 0 0 37 7 27 15 35 8 83 47 41 39 38 72 48 32 72 84 44 0
30 36 58 30 67 85 41 23 0 0 2 17 34 45 26 15 44 6 92 63 100 13 0 0 6 3 24 7 0 6 44 0 0 0 16 51 64 92 100 100 69 73 54 45 53 97 93 58 98 100 61 65 67 92 65 14 45 47 88 16 12 0 5 45 43 57 57 99 94 81 90 83 42 50 99 65 0 0 38 44 21 17 37 1 64 98 77 37 60 42 46 64 66 7 5 5
17 25 32 7 53 19 16 0 0 0 0 0 34 80 52 60 96 83 57 96 44 9 0 0 9 61 81 35 0 56 41 0 3 77 100 53 84 67 36 67 91 97 46 100 87 100 62 30 22 66 47 94 54 75 46 31 17 69 22 0 0 0 53 62 57 67 100 63 8 4 85 72 44 77 47 16 0 15 33 42 39 41 33 7 50 100 66 59 71 66 62 87 58 0 19 47
0 0 0 0 2 0 0 0 0 0 0 0 0 0 0 14 63 62 52 28 0 25 0 0 0 3 4 3 0 73 57 3 37 79 58 92 77 34 67 100 86 97 92 55 79 97 93 9 38 59 11 57 39 78 67 89 100 75 0 0 0 22 54 30 86 100 100 81 51 30 100 74 33 97 59 0 0 0 0 0 24 31 42 70 60 74 97 82 39 31 78 80 71 6 19 51
10 0 0 0 0 0 0 0 0 17 0 0 0 0 11 57 70 45 72 65 0 3 44 0 0 0 0 54 38 44 80 52 71 39 53 46 1 90 100 17 38 45 48 79 72 93 95 41 4 20 3 26 55 52 90 90 18 28 12 48 48 47 38 73 86 84 100 93 27 50 100 78 29 87 6 38 26 23 8 59 96 100 91 63 100 100 100 96 29 54 86 20 82 56 26 65
25 0 0 0 0 0 0 0 0 77 48 0 0 0 14 1 55 61 78 54 0 0 8 0 0 0 1 57 51 63 58 51 92 56 76 4 57 89 73 92 62 48 33 37 80 48 87 71 5 0 6 81 85 63 92 75 92 46 14 65 86 67 55 72 47 69 88 66 30 88 65 57 65 96 67 75 71 100 100 100 100 100 65 99 100 83 48 72 96 57 39 34 37 80 62 81
45 0 0 0 0 0 0 0 0 38 80 14 22 41 49 1 55 64 56 16 3 0 0 2 21 58 87 81 25 47 19 30 18 70 47 57 78 23 30 64 31 0 11 62 2 42 68 93 68 3 19 46 81 41 22 72 90 31 63 79 100 100 73 81 45 81 73 54 98 86 17 97 53 37 85 8 81 100 100 100 100 100 97 100 100 51 76 100 100 73 83 74 33 30 53 82
2 0 0 0 10 29 0 0 0 6 37 39 94 100 100 96 75 45 41 38 10 0 4 55 100 100 100 33 11 20 66 47 56 98 100 97 37 39 27 64 62 0 16 13 0 5 74 99 65 16 83 100 66 59 76 90 60 25 83 83 37 100 98 61 74 78 69 47 73 51 29 52 25 10 14 0 23 46 100 99 58 68 100 100 100 20 85 100 88 41 39 62 26 40 55 70
0 0 0 0 34 32 0 20 7 9 2 52 97 100 100 92 39 49 0 6 33 70 67 95 100 100 93 43 45 24 96 99 61 73 63 80 77 41 44 71 68 3 0 0 9 52 100 96 1 0 8 38 36 84 74 8 58 88 44 21 11 98 100 95 38 0 15 49 33 43 52 11 0 83 46 0 36 97 69 30 61 1 85 98 90 63 72 86 64 84 34 12 77 100 100 100
0 0 0 0 0 0 50 53 71 84 60 73 70 57 63 14 0 3 49 87 72 41 44 100 90 36 16 8 9 62 96 48 41 1 26 67 41 81 52 62 32 6 0 0 20 17 39 55 65 10 22 100 95 66 9 50 78 76 17 5 34 56 100 90 67 87 25 81 42 42 7 0 28 78 47 46 75 92 2 43 69 19 28 73 100 97 100 100 91 85 100 38 93 100 87 79
0 0 0 0 0 0 1 26 0 4 28 27 6 0 0 24 5 31 38 34 37 51 40 80 8 55 61 48 64 93 95 44 93 42 30 80 59 92 49 5 26 8 0 0 0 0 0 12 82 6 40 90 98 46 35 98 32 3 0 21 64 74 100 94 50 65 73 79 1 5 38 0 2 26 40 100 89 32 57 71 21 0 43 100 96 32 35 100 87 57 97 89 39 98 98 43
0 0 0 0 0 0 0 0 0 0 0 0 0 6 41 81 3 0 0 46 87 3 73 87 77 26 42 0 0 65 45 43 53 44 57 28 45 25 0 0 0 0 0 0 0 0 0 0 4 50 50 97 73 23 95 66 4 0 0 2 68 59 45 84 15 3 39 74 0 0 0 0 37 100 100 75 74 17 18 46 33 34 86 61 21 90 14 93 43 1 50 95 8 61 100 66
0 0 0 0 0 0 0 0 0 0 0 18 30 91 94 25 6 24 13 8 96 43 1 53 93 67 3 6 63 95 18 38 4 61 48 1 89 0 0 0 0 0 0 0 0 0 6 19 75 52 51 51 48 92 100 39 0 1 22 72 97 56 22 56 93 28 26 78 29 0 0 0 41 89 100 90 12 32 85 97 59 6 88 71 58 74 21 67 58 8 70 55 0 25 99 91
0 0 0 0 0 0 0 0 24 25 48 90 83 38 9 17 17 47 17 30 57 67 55 78 97 49 16 0 8 86 3 0 0 48 88 4 53 1 0 0 0 0 0 2 0 0 21 82 93 37 4 50 53 100 69 14 0 13 96 100 37 17 25 54 45 98 62 53 12 15 0 0 29 44 27 17 21 8 20 73 77 29 100 83 95 37 0 80 100 98 100 79 3 0 82 100
0 0 0 0 0 0 0 3 78 100 80 40 2 3 67 50 30 23 0 0 44 84 79 49 88 22 39 37 55 59 0 0 1 87 68 0 38 19 3 0 0 0 35 69 2 0 7 77 97 16 0 1 32 57 5 0 13 49 27 19 45 90 59 82 75 74 32 81 97 63 0 0 0 0 19 72 47 84 65 99 63 64 86 31 54 100 10 74 59 64 88 100 27 0 23 100
0 0 0 0 0 0 2 11 100 56 4 4 0 35 97 34 17 0 0 0 21 98 58 47 58 1 49 0 30 13 0 0 77 100 15 0 5 16 60 26 0 0 50 100 15 50 14 67 100 45 0 0 0 0 0 0 0 0 0 68 84 58 95 41 84 62 50 76 4 2 0 0 0 0 8 93 100 98 43 100 92 90 83 26 28 25 45 76 5 9 43 97 76 24 28 72
0 0 0 0 0 17 83 100 97 84 16 56 1 21 69 11 73 10 0 11 98 85 70 64 4 0 4 0 20 1 25 37 90 43 0 0 0 0 0 0 0 24 98 100 37 67 89 89 70 37 3 0 0 0 0 0 46 3 45 42 40 95 48 16 61 53 69 12 46 64 41 12 0 0 0 48 95 59 48 100 100 100 71 52 57 73 54 24 0 55 99 32 68 99 98 30
0 0 0 5 60 94 61 58 45 72 44 14 29 53 48 4 24 33 0 0 46 97 53 12 0 0 0 0 0 4 69 97 59 1 0 0 0 0 0 7 34 70 61 70 100 100 96 80 100 57 0 6 0 0 1 38 66 28 50 76 53 81 34 0 56 38 0 32 28 5 9 50 49 4 37 68 6 76 98 100 100 100 99 59 61 72 11 0 37 97 69 49 89 31 89 96
29 50 37 57 74 17 68 45 73 64 43 0 19 72 69 81 20 25 5 0 15 39 31 65 2 3 0 0 2 0 8 77 11 54 20 0 0 0 46 42 83 94 85 43 87 75 29 86 95 4 0 38 60 29 28 57 13 69 66 31 1 8 6 39 0 11 62 32 87 68 78 34 39 45 76 80 88 86 100 88 87 83 55 100 40 0 0 12 94 90 14 87 24 57 93 90
47 34 97 66 46 28 59 94 68 78 8 36 65 25 62 18 45 45 55 11 59 86 100 84 17 27 61 41 43 39 66 93 75 100 50 0 0 13 52 83 98 54 71 35 92 87 69 17 11 0 1 46 10 45 14 0 69 24 38 24 62 30 32 59 40 92 100 100 69 96 77 68 17 22 91 88 40 12 47 14 21 95 98 78 96 65 32 66 97 36 4 19 5 80 78 62
58 73 36 24 6 88 98 65 17 86 49 18 1 0 1 44 81 89 62 96 100 100 100 86 99 87 81 38 18 38 88 59 100 100 95 79 65 65 53 77 100 100 100 100 68 97 88 0 0 0 1 49 0 0 0 0 31 0 0 40 16 1 87 93 100 100 78 40 64 80 54 82 66 92 57 40 1 0 13 28 0 75 59 20 35 47 48 96 19 0 0 0 0 15 71 95
100 69 1 0 4 18 42 43 1 14 24 0 0 0 14 100 100 100 100 100 100 100 100 98 74 63 88 100 100 100 36 3 63 100 100 89 69 71 100 100 51 83 100 86 64 100 96 32 0 0 0 9 0 0 0 17 27 0 0 0 0 13 100 71 93 78 9 8 100 97 100 60 51 48 55 0 0 0 0 0 20 80 19 0 0 22 16 65 0 37 25 0 0 13 90 99
100 93 100 30 16 4 0 0 0 0 0 0 0 50 71 64 100 95 85 86 85 99 100 55 61 91 62 59 100 100 100 95 92 100 100 100 100 100 86 100 70 88 78 31 91 83 85 92 8 0 0 0 0 0 36 43 24 0 0 0 3 68 61 15 62 74 87 49 37 19 92 96 72 12 27 0 0 0 0 0 66 96 61 35 25 3 0 68 18 85 29 0 5 85 98 58
100 66 95 48 80 25 0 0 0 0 15 76 79 100 100 100 87 22 7 31 27 100 100 100 81 91 100 88 81 25 32 38 47 42 70 78 100 100 100 100 100 79 88 100 59 88 69 52 100 52 0 0 0 0 5 60 59 3 0 23 42 58 16 0 23 87 93 91 99 69 66 94 45 68 85 26 0 0 0 0 67 70 77 100 100 84 33 3 23 29 0 2 67 65 99 100
68 98 100 96 44 0 0 0 0 4 80 100 87 51 61 67 89 90 84 58 64 85 85 76 55 57 60 92 93 94 50 16 0 10 0 3 55 99 56 100 100 98 100 100 84 80 100 64 100 50 0 0 0 0 0 0 0 0 5 78 46 43 36 63 68 66 17 33 100 67 29 16 0 33 72 0 0 0 0 0 74 24 0 61 96 90 75 37 48 7 0 13 61 44 15 40
84 82 67 62 9 0 0 0 0 14 99 53 53 77 99 99 100 52 18 4 79 69 69 96 68 39 20 31 33 97 100 85 64 96 39 17 1 31 15 35 15 36 100 100 91 67 100 100 100 52 0 0 0 0 0 0 13 21 62 46 61 89 52 100 25 3 12 55 40 29 0 0 0 0 60 0 0 0 17 53 67 0 6 82 70 76 44 14 0 0 41 48 51 9 52 0
43 8 0 0 0 0 0 0 3 73 50 85 100 100 80 30 11 0 29 9 38 49 94 73 100 100 98 68 51 94 100 82 77 70 100 88 85 51 70 38 69 100 100 100 75 53 100 100 98 32 0 0 0 0 0 0 27 56 23 0 0 14 22 92 18 83 83 6 79 6 0 0 12 39 99 51 25 0 52 94 82 0 10 80 56 69 70 77 9 0 0 0 0 18 57 0
82 1 0 0 0 0 0 1 80 97 81 86 20 49 64 0 19 70 90 97 41 0 14 1 37 60 65 100 65 76 90 77 84 95 98 49 99 100 51 97 100 100 100 94 41 63 100 100 84 9 0 2 0 0 0 0 0 0 0 0 0 48 53 98 95 23 3 2 57 15 0 23 49 60 33 0 51 12 11 68 22 0 0 57 43 98 53 46 97 40 0 0 0 10 6 3
57 52 0 0 0 0 18 73 81 35 39 48 0 47 38 0 31 46 62 92 100 91 18 0 0 0 0 32 100 74 52 70 64 57 65 71 79 100 84 97 100 100 96 39 45 95 97 31 4 3 42 29 0 0 0 0 0 0 0 0 8 43 20 53 87 1 0 0 20 0 0 0 17 49 61 34 95 71 1 11 0 0 1 46 12 100 73 57 46 72 47 15 0 0 0 0
70 92 5 64 88 63 94 100 59 34 0 0 0 0 0 0 0 0 0 36 88 80 95 36 0 0 3 35 70 100 90 44 76 52 34 96 100 100 100 100 100 100 98 39 57 100 78 0 0 16 94 89 35 13 46 19 0 2 28 0 0 39 28 50 96 31 0 0 0 0 0 0 18 88 74 100 100 46 0 0 0 0 45 17 21 88 18 0 26 10 70 82 6 0 0 0
92 54 0 49 94 63 28 24 14 0 0 0 0 0 0 0 0 0 0 0 56 61 61 73 54 61 24 0 17 76 86 99 100 98 85 57 100 100 100 51 50 98 81 42 55 100 74 46 0 5 16 99 99 95 51 44 0 20 58 0 11 72 76 69 86 43 1 0 0 0 19 16 72 100 76 100 100 82 29 0 0 0 48 0 50 88 1 0 0 0 0 50 88 60 17 0
8 0 0 0 0 0 39 68 0 0 0 3 9 0 0 0 0 9 1 0 0 44 59 81 95 37 0 0 21 84 87 100 100 100 100 88 100 100 85 72 5 66 97 52 59 100 100 100 53 1 23 92 98 67 13 0 3 57 9 0 7 65 65 77 100 56 1 0 9 9 97 95 100 100 58 100 90 95 12 0 0 0 31 0 32 55 37 58 0 0 9 3 5 19 67 0
0 0 0 0 0 38 25 2 0 0 2 86 58 0 0 75 34 88 64 0 73 80 92 65 58 0 0 20 76 100 100 100 100 100 100 100 100 100 88 99 18 30 100 100 88 74 100 100 91 74 91 100 100 100 63 0 16 49 2 0 0 41 66 93 100 70 26 0 32 72 100 100 99 66 66 89 69 97 75 10 0 22 41 0 9 44 34 18 3 10 88 48 3 39 53 16
9 75 12 5 36 45 0 0 0 0 11 68 61 0 0 74 77 93 91 20 67 100 94 97 77 0 0 0 0 45 27 30 18 59 100 100 63 87 100 100 91 50 100 100 98 88 65 99 96 85 77 100 100 100 69 25 26 53 73 57 20 3 28 99 99 97 97 26 35 0 55 98 99 94 79 80 100 100 67 24 0 29 31 0 0 58 4 61 15 16 100 43 1 27 86 40
2 71 83 66 90 30 0 0 0 0 0 27 88 34 5 86 100 100 100 84 70 99 88 82 90 3 3 3 0 0 0 0 0 72 100 100 100 98 100 97 87 100 100 100 76 83 63 100 65 87 93 100 100 100 100 71 28 59 89 100 39 0 4 90 98 71 69 99 82 63 9 53 38 69 51 77 97 100 37 0 0 8 68 1 0 18 39 1 75 5 100 59 0 0 19 5
0 7 37 64 67 7 0 0 0 0 0 60 85 51 90 18 24 94 83 97 80 100 100 95 63 24 76 46 16 0 33 24 72 100 100 100 75 69 100 72 75 66 100 100 75 83 62 49 98 100 100 100 100 86 54 2 21 18 54 91 50 0 0 4 59 100 42 71 100 100 24 0 66 97 100 60 66 78 73 25 26 0 40 2 0 8 16 6 55 8 100 55 0 0 0 0
0 28 8 49 36 0 0 0 0 4 33 100 100 100 46 0 20 71 93 68 99 100 100 68 1 43 72 53 24 1 44 95 91 100 100 100 100 100 93 54 97 60 100 100 63 79 62 4 95 100 87 78 100 100 50 3 0 3 89 100 59 35 39 8 89 100 37 50 100 61 0 12 36 37 93 96 52 88 86 32 13 0 0 0 0 0 25 49 47 13 81 69 0 0 5 35
6 17 0 20 78 53 0 0 0 68 92 96 100 100 97 55 0 31 100 97 100 100 84 100 80 83 97 93 8 0 1 38 56 99 82 96 100 100 100 45 59 66 100 100 85 96 97 16 100 100 93 91 31 31 30 0 16 71 100 100 100 95 34 7 83 100 31 72 100 55 0 0 18 92 100 100 72 77 2 0 0 0 0 0 0 0 52 78 65 36 12 15 0 0 24 60
0 0 0 53 93 17 0 0 0 39 5 63 100 100 100 64 0 19 36 61 100 100 74 94 100 100 56 4 2 55 62 59 47 56 0 62 100 84 100 100 59 71 100 100 100 100 94 96 98 100 100 100 98 66 16 3 45 56 100 100 25 6 0 5 79 100 53 86 100 62 0 0 0 26 93 100 92 54 12 0 0 0 0 0 0 2 11 1 0 7 0 0 0 0 0 31
0 0 0 45 52 92 36 0 6 0 1 82 100 100 100 54 33 1 10 12 69 100 76 74 100 100 56 0 7 95 100 100 100 86 33 14 36 40 100 100 100 69 39 94 100 100 61 81 100 100 100 100 100 100 100 82 44 56 90 91 77 0 0 36 100 83 92 100 99 23 0 0 0 0 40 77 55 63 78 55 26 0 0 0 0 0 0 0 0 0 0 0 0 3 15 38
0 0 18 85 62 98 25 0 0 0 18 37 100 100 100 100 100 75 87 27 88 100 83 98 100 96 86 3 1 5 45 68 97 54 97 5 39 62 100 98 100 100 70 24 74 97 32 96 100 85 59 93 100 100 70 9 52 79 54 80 87 9 9 71 100 98 86 100 99 26 0 0 0 0 15 60 82 93 100 86 39 0 0 0 4 0 0 19 37 6 41 78 77 92 100 77
0 0 11 84 55 85 83 0 0 19 96 75 100 100 100 100 100 100 96 99 100 99 80 100 76 9 64 29 84 99 85 61 100 76 89 18 10 8 42 84 100 100 100 91 52 15 2 100 100 47 2 84 100 91 26 12 7 67 70 87 100 38 32 71 100 95 57 100 100 84 11 0 2 69 72 80 100 100 100 42 27 43 63 59 63 9 25 56 99 87 100 100 100 100 100 100
0 0 0 51 78 70 64 0 0 2 60 100 100 94 75 100 100 100 100 100 100 99 100 88 19 0 0 7 83 100 100 100 99 100 56 7 7 0 40 20 81 100 100 100 100 50 1 88 100 97 31 50 40 6 0 0 14 70 81 100 83 33 100 100 100 70 78 100 100 100 49 0 13 98 100 100 100 90 100 100 100 100 100 100 91 71 92 69 100 85 60 78 70 65 41 64
0 0 0 36 77 66 43 0 0 0 3 38 19 9 76 96 100 100 76 99 100 100 100 100 59 5 19 2 71 96 100 100 62 92 98 89 64 0 0 84 100 100 100 100 100 100 28 75 100 74 4 11 0 0 0 31 76 91 86 100 73 38 91 100 100 91 100 100 100 53 89 15 0 69 89 100 100 81 100 100 97 93 98 100 100 98 90 84 74 70 71 62 86 98 98 100
52 49 65 95 76 100 21 0 0 2 0 0 4 57 1 19 100 100 65 100 100 100 100 89 72 27 67 1 22 6 70 99 100 66 100 100 98 27 45 100 100 100 68 80 100 100 43 61 100 93 92 100 85 10 0 8 74 98 62 100 100 36 91 100 86 62 100 100 52 67 42 45 0 2 22 100 100 100 94 70 38 52 31 55 65 60 68 77 96 100 100 100 100 100 96 40
65 100 78 75 90 100 57 1 38 72 76 77 97 100 47 9 96 100 70 100 100 100 92 9 0 33 90 51 54 12 1 24 92 85 100 67 22 43 63 100 100 83 30 98 100 100 47 79 100 100 100 100 71 2 0 0 77 100 77 100 30 0 56 100 47 80 100 100 100 66 0 0 4 68 74 100 100 100 49 8 82 100 100 100 98 81 96 92 70 98 98 61 84 97 71 45
39 88 90 75 79 44 15 64 100 44 85 100 100 100 100 97 100 100 70 100 100 73 21 1 0 53 87 94 100 90 18 11 85 72 100 99 52 30 83 52 54 33 95 100 100 100 73 53 96 100 100 100 96 8 0 11 96 94 88 85 1 9 82 90 44 100 100 100 100 88 38 1 10 84 100 100 100 97 20 35 100 100 100 100 100 97 89 57 74 72 47 0 15 53 47 2
92 82 100 79 0 0 58 100 100 91 69 100 100 78 99 100 100 97 47 100 100 100 97 42 53 11 64 97 100 100 94 76 100 64 100 100 29 83 42 17 30 29 6 52 85 100 90 47 78 100 100 96 16 0 0 35 100 100 57 81 40 91 100 58 79 100 100 100 89 19 30 10 81 98 100 100 100 43 1 68 100 100 100 96 38 63 57 0 0 0 0 0 0 0 0 0
77 92 100 80 0 0 26 100 98 100 76 100 100 97 99 100 100 100 96 47 97 100 99 73 95 33 73 42 80 100 100 100 96 69 100 56 17 67 28 30 67 18 44 77 100 100 100 31 48 100 100 64 0 0 0 72 100 100 62 100 96 100 79 66 100 93 61 98 6 0 0 57 100 100 100 100 79 9 4 80 100 100 100 92 13 4 7 0 0 2 33 33 0 0 0 0
85 70 73 7 0 9 16 71 100 84 83 100 100 100 100 100 100 100 100 69 45 78 97 100 100 100 100 91 24 90 91 100 71 87 88 3 83 99 26 90 81 0 83 100 100 100 100 55 28 99 100 97 55 2 45 89 100 100 100 100 100 100 69 94 96 21 17 87 25 3 16 34 91 100 100 100 100 28 0 34 100 100 96 62 17 26 13 0 0 25 98 28 0 0 0 0
100 76 16 0 21 50 95 100 96 37 86 99 100 100 100 82 91 94 100 100 100 90 60 91 100 100 100 100 100 30 42 98 100 84 100 58 50 92 38 100 37 0 41 100 100 100 100 65 61 54 100 100 100 32 50 100 100 100 100 100 100 100 62 100 80 11 1 42 6 14 100 100 100 100 100 100 100 87 0 19 97 100 100 65 42 100 88 78 66 89 97 7 0 0 0 0
100 97 20 4 86 100 100 100 60 100 43 40 57 97 86 43 19 97 100 100 100 100 100 54 75 100 100 100 100 64 20 81 100 97 100 63 54 100 100 99 30 21 26 100 100 100 100 100 39 57 92 100 97 40 42 100 79 100 100 100 95 71 68 100 100 100 32 0 0 92 100 100 82 100 100 100 100 100 4 0 47 100 64 91 100 82 44 73 100 100 86 6 0 0 46 0
100 100 0 17 100 99 86 98 100 94 23 0 0 24 2 61 58 57 85 93 57 98 100 99 48 100 100 100 100 100 98 6 48 100 100 100 79 100 100 100 95 24 26 87 100 100 100 100 79 25 31 100 100 88 90 100 93 100 100 76 85 48 100 100 100 100 83 7 12 100 100 88 85 100 100 100 100 100 40 0 0 58 98 100 79 22 68 77 63 73 52 0 0 26 75 11
