data/habitatmaps/RS_maps/habitat_Linaria.cannabina_2013.asc
NCOLS 369 
NROWS 228 
XLLCORNER 479000 
YLLCORNER 73000 
CELLSIZE 1000 
NODATA_value -9 
[rows 122 to 182 of 228, columns 192 to 287 of 369]
24 45 90 94 27 0 10 99 100 100 100 93 93 67 89 100 100 100 100 47 49 18 11 58 100 88 26 24 100 90 0 0 79 97 40 68 83 1 30 95 58 96 94 55 34 21 9 0 12 85 33 1 32 44 59 74 68 83 80 100 100 100 87 47 0 8 51 24 0 37 45 81 100 71 74 0 1 77 100 84 71 9 0 35 23 4 61 100 100 55 0 5 80 56 0 0
100 97 100 87 22 0 19 100 100 100 100 62 82 100 100 100 100 100 93 78 50 2 63 94 71 99 74 72 36 1 0 0 21 46 20 22 1 86 87 89 28 36 4 28 67 64 80 22 36 28 0 20 13 80 35 58 37 99 100 100 100 100 84 79 36 17 39 20 43 86 40 68 100 25 30 7 51 100 88 97 79 4 0 36 1 1 33 99 100 75 26 0 50 91 77 0
58 17 95 100 86 63 65 100 47 71 100 100 92 100 100 100 88 100 52 17 23 42 100 47 18 100 100 100 44 11 0 0 0 2 7 33 59 100 97 34 0 13 73 100 94 53 35 71 82 15 13 9 36 33 3 26 61 100 100 92 94 98 77 85 12 72 22 61 91 93 25 100 76 19 23 50 100 100 63 93 80 17 0 44 3 0 28 96 100 98 36 22 37 100 78 34
70 66 52 95 100 100 100 35 3 0 31 37 81 78 87 92 43 90 5 29 27 87 100 52 9 90 100 100 75 62 44 0 33 67 89 100 99 38 6 0 31 27 46 55 47 3 21 66 30 22 53 98 100 8 69 86 71 100 100 90 88 79 91 55 57 43 43 18 100 95 90 100 69 53 4 54 100 76 28 56 79 30 0 38 17 2 23 66 94 87 48 30 66 30 40 84
74 58 99 100 98 54 38 0 1 0 0 0 57 94 98 50 4 16 0 1 56 100 100 47 9 65 81 96 100 100 72 1 58 100 100 99 71 11 61 33 9 12 85 9 33 0 50 99 78 52 98 100 100 32 93 100 100 100 100 100 100 84 46 38 43 33 0 45 100 100 100 99 67 23 53 97 100 83 52 58 59 36 0 53 50 0 34 41 31 34 34 38 18 0 33 84
2 0 54 66 78 44 4 0 28 1 0 0 22 45 22 71 39 0 0 74 100 100 100 87 10 3 4 71 100 100 97 68 100 100 73 8 22 48 33 0 12 41 99 75 45 5 51 99 74 99 100 100 100 88 100 100 100 100 100 100 100 78 46 70 14 0 0 20 100 100 100 91 67 3 69 100 100 100 100 100 76 32 0 7 30 26 3 18 61 69 22 47 0 26 65 92
81 0 0 0 9 3 0 0 68 89 25 0 0 25 78 85 33 0 17 86 59 78 100 59 0 0 0 96 100 100 97 75 100 68 47 47 50 10 0 84 81 60 85 100 51 0 5 69 23 58 52 78 100 100 100 100 100 96 88 52 52 53 26 17 14 21 0 37 86 100 100 76 71 13 94 62 75 97 93 41 4 0 5 35 0 0 0 4 71 46 14 44 18 39 97 23
88 12 0 0 0 0 0 0 46 100 97 24 0 12 71 91 45 0 45 54 0 64 98 49 0 54 55 59 100 94 98 63 74 74 24 96 43 11 27 32 100 97 100 100 54 37 14 95 84 32 91 100 98 100 100 100 97 64 66 28 14 31 0 0 53 91 13 43 100 100 84 63 42 43 100 64 57 64 11 23 13 0 35 2 52 59 52 28 4 43 61 54 63 0 31 0
53 0 0 0 0 0 0 0 5 75 100 88 46 68 90 97 45 0 80 70 8 15 59 95 21 66 94 88 81 74 65 34 80 30 53 45 34 77 18 34 78 24 76 100 100 53 10 45 100 67 54 69 86 100 78 72 25 69 56 25 0 0 0 19 96 100 79 97 100 100 93 11 82 67 43 100 66 28 56 39 49 0 3 7 37 49 24 0 0 27 17 26 66 61 43 3
19 0 0 0 10 29 0 8 0 38 96 100 100 99 22 24 11 8 75 89 49 52 60 100 100 100 100 99 89 80 18 39 44 2 28 58 77 61 66 56 93 67 75 57 59 95 48 30 100 95 94 100 100 98 63 11 40 75 22 20 63 0 2 39 42 91 100 73 100 87 71 55 100 99 86 73 53 100 100 100 97 32 0 33 92 87 15 26 14 57 17 7 34 58 44 1
0 0 0 0 36 97 73 69 49 52 100 100 94 100 100 44 51 83 100 100 77 96 80 95 100 99 63 65 55 78 62 5 53 27 73 30 59 59 100 86 88 4 0 37 72 100 72 44 99 33 24 92 100 100 92 92 42 12 56 79 89 2 0 5 65 88 45 94 100 57 48 89 100 100 98 14 36 100 100 87 41 99 20 12 48 100 87 95 40 0 0 0 17 0 0 0
0 0 0 0 6 78 98 87 73 92 80 77 60 100 88 97 100 100 100 100 100 100 100 100 100 87 91 92 98 100 100 91 100 99 100 95 59 38 99 100 99 60 70 86 86 87 96 84 98 66 65 100 100 100 100 50 22 24 83 82 85 49 0 32 100 97 39 98 100 66 94 57 50 78 50 46 75 100 100 92 82 100 96 27 3 78 100 98 85 18 16 32 5 0 13 21
0 0 0 0 0 3 51 98 60 54 72 64 41 26 38 99 93 60 97 100 100 100 100 100 100 100 100 100 100 100 100 100 100 100 100 100 41 17 57 76 63 24 7 74 22 3 6 32 99 97 59 90 100 100 65 2 68 97 69 44 89 60 0 79 100 100 89 100 100 100 100 12 2 26 40 100 100 100 67 69 89 100 57 0 4 76 100 100 100 99 16 14 61 43 71 87
0 0 0 0 0 0 66 69 75 37 9 0 2 56 100 100 81 44 100 100 100 100 98 100 94 65 82 65 86 91 68 100 93 87 100 94 55 91 55 16 0 0 0 3 2 0 0 4 96 100 100 100 100 100 47 34 96 37 8 39 88 93 52 54 100 82 90 100 100 100 95 10 37 100 100 100 100 100 82 54 63 74 23 19 96 100 53 93 47 53 24 5 88 54 51 66
0 0 0 0 0 0 29 6 0 0 2 89 94 100 100 87 92 100 100 100 100 100 44 88 93 94 52 100 100 95 61 67 30 86 100 100 41 71 12 0 0 0 8 13 6 6 9 48 100 91 61 100 100 100 94 93 75 1 43 99 100 73 56 44 100 31 53 100 100 100 83 29 42 89 100 100 88 68 15 3 3 96 29 21 100 100 50 67 78 98 38 12 32 62 38 30
0 0 0 0 0 0 0 6 81 64 97 100 100 100 100 83 99 100 80 93 100 100 94 99 100 100 87 75 74 99 97 26 23 93 100 100 95 100 31 0 0 1 82 93 85 62 69 98 93 37 14 91 100 100 100 100 2 41 96 100 100 88 58 52 100 99 80 100 100 100 100 89 31 50 56 43 90 55 81 27 4 57 0 48 100 59 0 80 100 61 21 48 98 30 17 3
0 0 0 0 0 0 28 85 100 100 100 100 100 100 100 100 85 48 0 5 64 100 100 49 100 81 100 62 68 100 49 27 55 100 100 100 100 100 100 57 24 3 90 100 38 3 25 100 97 16 0 26 100 100 100 95 65 100 100 91 56 10 43 100 100 100 100 100 100 100 97 17 0 0 19 95 85 85 93 1 3 19 10 77 92 100 32 100 100 39 13 73 25 17 11 20
0 0 0 0 0 10 46 87 100 100 100 100 99 76 100 100 56 9 1 55 83 100 94 47 85 82 98 34 71 61 24 58 100 100 100 81 100 100 100 100 94 27 88 100 85 59 93 100 100 75 7 1 71 98 50 21 65 100 100 32 16 60 54 94 100 94 63 95 100 70 19 0 0 54 51 100 100 100 93 12 8 10 12 45 59 86 47 96 100 100 94 54 23 63 72 23
9 18 4 0 52 79 100 100 100 100 100 93 28 50 95 59 98 65 7 57 100 100 100 95 26 17 60 14 76 36 88 100 100 100 84 25 71 65 30 95 61 88 100 100 73 69 100 96 66 96 54 5 20 70 0 29 87 100 55 60 99 100 100 100 100 100 90 54 80 66 62 59 6 11 66 78 41 72 88 67 8 0 29 97 100 81 71 100 100 100 100 78 32 1 2 47
50 16 29 5 92 100 100 100 100 100 100 36 64 88 95 12 24 35 0 3 74 97 54 33 33 23 34 0 29 44 100 100 59 88 30 0 64 7 14 100 100 100 84 34 76 100 65 33 93 90 9 84 70 61 70 88 67 61 86 100 75 100 100 100 100 48 0 64 64 72 100 100 49 32 44 29 58 3 2 65 10 0 1 77 91 85 38 48 91 100 100 51 11 70 11 4
67 63 77 87 100 85 99 100 100 100 98 46 93 100 100 81 20 25 5 0 66 62 57 100 74 99 41 68 41 37 79 91 14 99 29 0 38 7 94 100 89 88 31 1 23 48 12 21 100 36 0 76 100 100 93 59 74 100 99 73 33 92 100 94 59 16 62 64 100 93 100 100 83 55 24 8 0 14 0 12 13 17 46 84 73 10 11 63 100 100 100 13 72 100 55 11
100 100 100 99 97 56 81 100 100 100 48 36 65 25 62 18 45 50 86 44 77 100 100 100 60 100 92 85 97 100 99 93 75 100 50 0 39 80 100 62 2 46 28 19 13 58 70 71 100 25 19 97 74 63 100 70 100 49 52 54 100 100 100 59 40 92 100 100 83 76 82 59 60 62 9 14 62 88 53 99 79 5 2 81 100 83 99 100 100 100 96 80 52 100 32 38
100 87 64 58 39 100 100 100 76 100 70 18 1 0 1 44 81 99 73 96 89 76 95 100 100 99 87 38 36 52 99 94 100 100 95 79 92 100 100 83 46 49 24 4 75 85 100 24 68 38 37 100 45 34 78 78 97 26 3 95 74 87 100 93 100 100 100 79 36 21 46 18 34 8 71 83 76 97 89 50 91 25 41 92 74 80 100 100 100 97 100 98 12 52 92 21
100 96 56 0 4 66 77 75 35 60 32 0 0 0 14 100 100 100 88 67 51 18 90 98 74 60 88 100 100 100 62 22 100 86 66 89 100 100 100 57 49 73 82 42 39 37 98 72 27 0 26 100 41 0 70 100 73 8 0 10 0 89 100 100 84 81 100 92 63 86 89 92 93 52 80 38 10 100 79 47 99 20 81 12 0 24 48 96 86 73 97 63 0 43 95 9
76 100 100 65 51 21 0 6 0 5 38 42 27 52 71 64 97 81 67 15 40 39 100 43 6 49 91 100 100 100 100 100 100 85 21 65 89 100 66 15 30 2 0 0 3 86 100 100 67 2 52 100 14 3 83 98 73 3 6 35 62 100 100 100 38 60 68 64 95 46 100 100 100 100 64 0 29 38 21 52 87 4 39 90 60 53 35 100 66 100 70 0 53 99 59 42
75 75 100 92 89 37 0 0 0 1 80 100 100 100 84 73 16 35 46 20 43 36 48 41 35 30 89 83 98 72 47 45 96 93 92 67 52 36 31 46 20 29 12 0 33 4 29 56 100 80 10 52 49 0 5 70 69 3 23 99 100 86 98 100 100 84 96 100 100 100 100 100 100 100 100 71 0 0 0 0 84 30 26 54 97 100 85 58 59 78 13 35 97 97 16 6
62 70 100 100 70 0 26 0 0 28 98 98 66 33 16 3 7 18 16 42 90 35 14 0 21 29 78 25 53 96 98 36 37 66 47 47 71 69 89 88 97 34 0 0 16 20 22 64 100 87 2 13 2 0 0 0 0 0 30 95 68 82 100 100 100 88 48 75 100 89 30 22 37 78 100 23 0 0 0 17 95 100 98 64 5 38 51 100 84 66 4 46 100 100 85 79
100 100 98 67 100 75 7 0 11 70 94 44 28 35 85 50 98 100 100 97 53 6 0 0 0 0 4 4 31 36 89 87 95 91 100 100 80 83 49 94 100 99 46 2 11 1 6 74 95 98 16 0 0 48 73 100 86 81 95 95 91 100 100 100 69 9 71 80 95 71 0 0 2 18 100 26 52 13 59 97 100 99 75 98 33 43 100 53 33 10 69 86 83 89 100 51
43 11 15 0 34 7 0 0 89 66 25 25 64 100 100 75 63 100 85 54 89 53 77 65 45 8 12 0 0 1 5 43 52 35 28 77 87 100 93 95 81 72 100 72 7 0 0 9 43 100 43 0 0 3 1 39 86 100 89 47 5 51 100 100 54 92 96 55 100 66 0 38 85 97 99 62 94 35 64 100 100 56 74 100 55 37 95 79 42 4 0 0 0 61 87 65
94 20 0 0 0 1 4 19 50 82 40 84 98 100 100 67 84 100 99 96 100 100 99 92 99 70 85 42 0 0 10 23 14 39 30 55 13 89 100 100 51 31 43 21 0 0 0 48 51 33 90 46 2 0 0 0 0 9 1 3 73 100 100 100 100 87 29 60 100 54 0 30 49 62 75 47 71 87 48 100 67 0 48 81 77 31 47 94 100 52 23 21 0 48 43 83
99 54 21 18 47 91 98 90 96 100 91 58 31 94 93 76 75 100 75 26 43 87 64 38 31 27 86 68 19 42 48 28 0 14 15 18 69 40 81 100 98 35 5 0 0 0 22 50 4 47 100 96 89 13 0 0 0 10 1 20 89 96 100 98 100 35 0 58 100 41 0 1 45 78 80 69 95 100 89 60 2 7 61 58 89 95 50 43 66 100 100 67 5 12 19 27
100 100 88 95 100 100 100 80 100 61 8 0 13 4 32 72 23 16 54 64 91 20 95 100 71 20 93 85 78 13 13 56 24 0 54 46 72 4 80 86 84 39 3 0 0 0 43 58 0 42 75 58 97 75 72 19 0 43 91 5 2 78 100 63 83 88 11 33 67 20 0 30 64 54 56 87 100 100 14 0 15 56 100 43 100 100 82 100 74 93 100 88 35 13 23 26
92 54 28 74 95 100 100 100 31 1 22 58 66 3 41 88 84 74 22 68 73 47 20 73 100 99 92 55 91 66 13 1 16 35 36 0 51 0 56 88 86 76 14 0 0 0 26 92 20 11 39 15 37 59 91 54 0 65 100 48 63 72 100 25 50 100 74 54 0 0 19 64 92 34 64 99 74 67 56 0 61 100 92 45 100 100 98 78 100 100 100 100 99 100 97 90
18 28 21 2 15 79 100 73 0 0 15 92 100 37 3 13 55 91 83 23 33 69 5 3 66 79 44 77 99 87 18 17 25 38 30 0 6 16 25 79 100 46 0 0 0 0 0 12 73 12 64 15 37 94 48 0 3 94 86 16 75 100 95 0 1 82 66 4 52 30 100 95 86 71 71 58 63 40 34 2 63 93 82 66 100 100 97 58 79 91 95 100 100 100 100 100
37 20 0 22 96 93 100 15 4 50 93 100 100 57 9 94 85 39 36 68 100 86 18 33 49 83 24 68 96 44 7 83 46 46 0 0 0 0 13 29 99 82 13 0 0 0 0 0 39 87 61 53 60 90 63 0 54 100 96 54 78 82 100 29 74 66 94 26 41 95 98 81 10 8 8 34 12 50 98 59 28 93 51 92 94 100 95 41 21 52 98 100 66 100 100 100
100 99 51 63 98 45 89 16 64 99 84 100 98 38 16 97 97 100 47 100 97 22 0 2 53 67 0 0 17 63 68 77 52 71 11 0 0 0 47 5 28 99 23 0 0 10 35 1 7 21 29 31 17 16 61 25 37 100 97 81 78 70 83 32 27 25 42 64 74 13 79 76 89 94 4 21 31 33 75 78 66 100 51 76 68 100 100 100 45 75 100 100 70 39 96 66
92 91 99 100 100 86 91 12 0 30 31 67 81 94 45 100 75 29 92 100 97 48 39 0 82 61 31 8 0 0 0 23 25 87 14 4 0 0 0 23 13 19 65 2 0 0 16 26 35 13 7 0 0 4 30 98 54 100 66 28 53 34 80 52 51 36 31 48 83 84 42 58 67 87 58 23 81 85 66 21 8 73 78 70 26 99 100 100 82 53 100 100 81 4 58 38
41 40 39 99 100 54 62 3 0 0 15 29 15 51 76 31 82 27 27 33 63 76 7 5 66 100 100 91 33 25 77 96 97 43 25 20 0 0 0 28 25 34 43 40 0 12 0 10 2 0 0 0 0 39 68 79 59 94 47 23 78 31 46 37 77 23 25 28 47 100 47 62 98 81 14 29 44 25 49 87 65 48 100 99 7 45 100 100 83 50 100 100 60 4 19 21
29 62 98 100 100 99 67 0 0 17 66 8 0 0 38 32 75 93 15 33 1 8 2 68 56 86 37 68 46 7 94 96 23 0 6 1 31 1 0 1 3 40 0 35 2 12 0 0 0 0 13 30 33 23 89 40 25 85 11 0 83 92 88 35 56 4 0 0 46 95 20 65 99 98 42 28 31 12 14 69 98 35 64 94 27 2 95 100 100 32 99 98 4 18 49 82
28 91 100 100 98 100 58 0 0 89 92 73 0 0 73 100 21 91 61 43 1 0 0 9 56 17 3 52 26 35 6 38 83 48 50 44 14 0 0 0 0 34 0 0 0 0 0 0 0 24 32 93 89 94 86 17 69 59 0 6 51 95 74 44 24 0 0 0 46 95 4 0 56 98 55 49 29 23 78 80 63 7 5 64 7 20 100 100 100 75 43 42 4 54 100 100
26 7 74 100 48 99 63 28 24 88 10 67 1 0 22 95 38 58 71 90 20 0 0 0 0 0 44 56 52 100 89 79 65 95 76 87 31 17 0 0 0 0 2 6 0 0 0 0 0 21 43 47 13 34 67 65 100 69 4 46 45 11 2 37 62 14 0 0 14 100 18 56 54 59 86 20 8 46 72 38 9 0 9 9 0 36 66 63 21 81 68 7 47 32 7 80
84 63 100 90 54 44 99 55 69 47 17 91 13 0 33 100 95 43 62 34 22 0 0 10 39 0 44 77 35 100 79 34 18 57 72 65 50 52 0 0 0 0 0 19 0 9 34 44 0 0 8 13 46 3 5 68 99 47 0 38 97 57 0 62 7 0 0 0 44 83 0 23 83 30 48 23 45 56 73 79 100 17 0 6 27 12 0 19 0 3 2 7 25 40 47 100
100 100 100 95 45 42 98 31 23 72 86 80 33 0 0 52 63 75 90 96 52 9 0 0 50 50 69 48 41 37 53 54 31 0 60 36 80 61 0 13 0 0 0 2 1 0 2 54 8 46 41 8 4 8 55 94 95 21 3 8 59 44 41 62 0 0 1 0 44 96 29 2 7 56 80 40 23 38 32 36 72 45 37 81 96 50 3 59 82 60 92 94 89 100 73 62
66 16 30 18 51 20 68 34 58 66 83 100 33 0 0 4 42 32 87 12 19 14 0 0 70 100 73 57 100 100 85 61 24 0 22 80 17 43 79 40 6 0 0 0 0 0 0 9 63 100 74 91 45 65 76 66 94 33 23 16 33 82 55 49 0 0 16 58 21 46 68 18 54 31 28 31 20 34 30 39 73 81 58 41 37 97 71 64 51 48 37 24 1 20 0 0
61 0 12 79 26 21 68 51 21 94 74 30 18 61 82 25 25 25 28 42 30 0 23 48 80 68 6 35 83 100 59 25 1 0 49 85 52 48 32 85 19 0 0 0 0 0 0 5 9 53 57 67 36 26 9 19 59 33 20 21 61 98 71 7 0 0 0 17 2 3 40 28 77 2 0 0 5 14 45 80 60 50 25 55 33 84 16 19 5 0 0 1 30 35 59 36
94 41 51 91 48 14 42 0 57 13 55 45 65 9 86 64 20 0 9 0 0 5 15 23 79 17 61 66 100 34 0 0 38 23 85 34 47 93 44 16 0 0 0 0 0 0 0 0 0 62 78 48 77 28 19 95 74 28 3 24 71 68 76 54 13 9 0 0 0 51 33 47 96 31 6 0 30 0 2 11 0 2 0 4 38 33 0 0 4 18 32 19 14 2 2 10
77 90 74 9 24 0 74 19 0 47 38 39 49 71 39 81 38 0 0 0 0 2 23 19 71 43 80 38 37 32 23 27 0 34 0 0 2 76 81 2 0 0 32 20 0 0 0 0 0 10 8 0 43 58 22 99 26 0 13 28 66 93 97 49 9 30 0 8 80 47 56 47 44 34 62 13 0 0 29 2 0 0 0 0 0 0 0 0 10 14 4 0 15 3 30 99
51 40 16 0 0 0 43 44 84 100 100 55 36 1 43 79 45 0 0 0 0 10 19 61 4 57 16 80 85 51 49 63 8 15 0 13 42 87 69 88 30 17 70 2 0 0 0 0 0 0 0 0 54 49 6 86 34 12 21 8 60 86 54 4 30 17 0 0 18 34 40 7 60 32 32 2 0 0 20 0 0 0 3 0 0 0 0 0 0 0 3 32 75 42 46 82
81 2 0 25 33 87 84 64 100 35 16 0 0 0 2 68 2 0 0 0 17 47 62 80 22 18 13 9 26 45 44 53 15 28 0 21 78 52 100 57 75 97 24 0 0 0 0 0 0 0 0 0 4 92 23 47 58 26 12 31 81 84 18 1 40 0 0 1 0 27 70 81 90 16 0 0 0 0 32 19 22 2 21 0 0 0 8 39 26 27 49 1 37 90 77 32
8 2 1 71 98 100 100 100 90 38 7 18 0 22 1 2 0 0 0 0 0 4 44 83 45 89 36 3 0 0 43 36 0 36 0 0 83 100 100 38 57 78 71 48 32 0 0 0 0 0 0 4 70 63 55 83 6 0 43 58 100 41 0 36 19 0 0 34 51 100 82 100 30 3 0 0 0 0 23 1 3 0 0 4 58 37 35 37 22 7 2 14 2 3 12 0
23 11 34 60 51 82 75 97 23 39 33 7 0 3 1 0 0 0 0 0 0 0 15 64 5 88 82 80 24 8 0 0 0 7 0 44 98 80 72 63 67 83 77 31 0 0 0 0 0 0 0 36 44 46 100 53 0 18 38 36 65 0 20 32 0 7 39 61 100 74 92 97 58 26 57 10 0 17 0 0 1 6 0 53 41 46 35 3 0 39 55 61 13 0 0 0
13 14 64 31 41 60 53 86 59 6 17 0 0 0 3 26 7 0 0 0 0 0 0 21 9 9 8 86 100 68 11 0 0 0 26 100 64 4 74 10 19 96 17 0 0 0 0 0 0 0 0 4 73 83 78 53 0 43 1 28 62 12 0 0 4 79 81 84 100 70 100 92 57 34 45 28 12 53 0 0 2 79 41 42 28 77 64 69 64 53 0 0 0 24 62 29
4 43 58 62 94 85 96 44 0 0 2 1 0 2 72 81 66 44 1 0 0 0 0 0 0 0 52 73 47 96 88 15 0 0 50 94 66 8 62 0 63 44 50 40 0 0 0 0 0 0 0 0 43 96 81 0 0 1 0 33 45 28 0 0 25 100 56 97 40 100 91 81 36 15 18 0 0 2 10 0 20 69 63 93 77 100 66 47 39 10 3 29 19 100 100 56
11 80 72 74 97 54 9 1 0 10 61 60 43 59 76 93 100 60 0 0 0 0 0 0 0 0 20 9 0 85 100 77 0 0 12 92 46 0 0 33 96 96 76 29 0 0 0 0 0 0 0 0 3 67 75 0 0 0 12 13 7 4 22 0 22 64 73 56 47 80 34 1 35 33 0 29 1 0 47 0 2 28 61 55 51 100 82 42 26 0 14 61 53 99 54 26
0 4 100 100 68 4 14 2 7 26 86 60 36 53 44 85 100 69 50 63 43 2 0 0 0 42 32 0 0 16 56 57 52 0 0 4 21 0 0 0 5 76 73 43 10 0 0 0 0 0 0 0 0 15 56 0 0 0 44 16 0 48 0 0 0 0 17 85 95 49 14 93 19 63 12 54 6 0 2 0 0 0 26 39 56 98 32 23 37 27 48 61 95 74 25 83
5 29 99 100 86 72 52 68 71 74 57 60 82 82 99 100 85 32 85 100 100 100 38 0 0 0 24 76 0 0 4 35 78 46 5 0 0 0 0 0 0 3 36 78 96 11 0 0 9 15 0 0 0 0 0 0 0 25 4 0 7 62 0 15 73 43 2 68 100 10 40 67 33 82 79 15 0 0 0 0 0 0 18 28 32 62 27 58 81 34 15 19 100 60 0 22
28 30 100 100 100 100 59 51 93 96 100 98 61 46 83 73 77 68 47 58 89 72 5 0 0 0 2 19 7 34 43 48 100 100 78 35 33 0 0 6 72 46 22 59 100 55 56 32 11 0 0 0 0 0 0 0 0 0 0 0 8 53 11 0 4 82 96 61 92 28 15 44 96 34 17 39 51 20 0 2 0 0 0 0 20 59 2 47 26 56 2 0 0 86 15 47
12 0 54 68 33 95 24 65 13 53 83 30 0 0 0 0 8 34 21 6 8 16 38 52 23 0 0 0 3 26 17 2 85 100 100 99 84 2 0 29 99 87 96 100 46 69 63 61 11 4 0 0 0 0 0 0 0 0 0 0 0 0 0 0 0 71 13 38 29 84 99 98 91 100 48 96 38 56 25 14 1 -9 0 0 27 67 1 44 63 45 16 76 11 5 16 95
0 48 100 51 14 81 50 100 37 72 66 54 35 23 8 0 5 12 0 0 0 0 48 95 5 0 0 0 0 0 2 75 61 76 78 6 1 0 0 0 34 81 66 93 94 59 90 64 0 0 0 0 0 0 0 0 0 0 0 0 0 0 0 0 4 78 49 33 55 100 59 22 34 63 72 49 21 46 16 0 63 -9 -9 0 0 43 29 2 42 79 68 100 53 27 19 16
1 69 100 35 14 63 61 56 71 72 99 80 69 67 88 83 19 31 4 0 0 0 23 75 17 0 0 0 0 0 0 38 19 80 100 79 2 0 0 0 0 10 22 74 100 90 54 7 0 0 0 0 0 0 0 0 0 0 0 0 0 0 0 35 84 93 33 81 100 89 100 91 30 83 81 53 97 98 59 41 -9 -9 -9 -9 -9 34 46 30 51 61 76 69 70 65 93 61
69 27 29 6 17 13 39 86 92 83 12 0 28 28 99 98 34 5 20 0 0 35 33 7 2 0 0 0 0 0 0 0 0 63 58 28 0 0 0 0 0 21 38 61 84 32 0 0 0 0 0 0 0 0 0 0 0 0 0 0 0 0 0 17 88 68 88 96 72 77 100 86 19 81 56 41 27 22 0 0 -9 -9 -9 -9 -9 -9 0 0 0 7 47 70 17 1 63 60
