data/habitatmaps/RS_maps/habitat_Linaria.cannabina_2019.asc
NCOLS 369 
NROWS 228 
XLLCORNER 479000 
YLLCORNER 73000 
CELLSIZE 1000 
NODATA_value -9 
[rows 61 to 121 of 228, columns 192 to 287 of 369]
0 0 0 0 0 0 0 0 0 0 31 2 0 0 0 0 0 0 0 0 0 21 3 0 0 0 0 0 0 0 0 0 0 0 0 4 56 71 32 69 94 85 61 69 26 15 10 0 28 15 18 35 61 28 26 75 64 69 55 73 84 59 56 53 9 25 22 48 67 62 60 55 59 43 34 18 14 27 60 55 47 64 88 79 93 54 33 21 0 9 0 0 0 0 22 0
0 0 0 0 0 0 0 0 0 0 0 0 0 0 0 0 0 0 0 0 0 0 0 0 0 0 0 0 0 0 0 0 0 0 0 10 53 68 78 81 71 62 70 44 21 68 72 45 25 22 29 75 65 53 16 29 75 44 45 60 76 57 79 48 43 54 76 30 43 26 23 51 43 1 25 68 57 88 45 44 51 65 15 87 70 13 51 13 7 12 27 0 52 0 21 0
0 0 0 0 0 0 0 0 0 0 0 0 1 3 0 0 0 0 0 0 0 0 0 0 0 0 0 0 0 0 0 0 0 0 0 0 24 49 81 68 20 51 65 66 48 84 75 41 34 57 85 90 47 68 68 68 64 61 28 21 43 25 56 22 34 72 57 40 37 39 78 55 58 80 98 82 100 93 54 70 71 45 45 69 14 37 5 7 9 30 26 31 0 0 0 2
0 0 0 0 0 0 0 0 0 0 0 0 0 20 0 0 0 0 0 0 0 0 0 0 0 0 0 0 0 0 0 0 0 0 0 0 20 40 54 44 34 59 84 82 69 59 49 55 84 82 73 71 80 84 61 80 25 73 66 62 40 36 65 28 31 40 37 26 20 24 39 59 98 58 42 87 100 100 100 95 63 74 73 2 0 16 0 5 0 38 22 17 2 0 0 4
0 0 0 0 0 0 0 0 0 0 0 0 0 7 0 0 0 0 0 0 0 0 0 0 0 0 0 0 0 0 0 0 0 0 0 0 0 44 17 45 67 10 62 64 95 77 98 75 84 80 72 54 22 53 44 52 37 42 56 82 86 62 51 41 62 45 26 37 22 0 68 93 87 63 100 100 100 77 76 71 100 78 10 0 0 0 0 0 0 0 3 0 0 0 0 30
0 0 0 0 0 0 0 0 0 0 0 0 0 0 0 0 0 0 0 0 0 0 0 0 0 0 0 0 0 0 0 0 0 0 0 0 0 0 24 66 79 62 72 90 81 79 78 79 84 84 17 0 5 38 32 40 81 84 82 60 74 93 69 58 47 51 28 11 51 61 90 77 53 8 31 91 70 75 87 85 56 18 14 0 0 0 0 0 0 13 50 1 0 0 0 31
0 0 0 0 0 0 0 0 0 0 0 0 0 0 0 0 0 0 0 0 0 0 0 0 0 0 0 0 7 46 4 0 0 0 0 0 0 0 24 64 72 38 82 56 57 45 70 74 94 75 9 1 30 31 19 67 63 63 55 67 71 98 100 83 47 24 57 36 39 99 100 81 100 96 17 30 72 62 76 43 16 81 13 0 0 0 0 0 0 26 1 13 0 0 1 29
0 0 0 0 0 0 0 0 0 0 0 0 0 0 0 0 0 0 0 0 0 0 0 0 0 0 0 0 17 59 43 0 0 0 0 0 0 0 5 14 42 48 28 3 1 3 70 65 67 59 56 28 16 21 54 52 29 67 41 85 100 88 74 56 50 52 80 100 86 100 100 81 82 79 79 99 67 79 56 19 38 38 0 0 0 0 0 0 6 32 12 11 30 2 34 5
0 0 0 0 0 0 0 0 0 0 0 0 0 0 0 0 0 0 0 0 0 0 0 0 0 0 0 0 0 4 0 0 0 0 0 0 0 19 92 59 35 1 0 0 0 0 2 86 98 75 70 55 34 63 75 66 17 49 41 62 71 81 55 98 49 72 93 100 100 100 57 32 30 85 56 74 99 52 11 7 89 16 0 0 0 0 0 0 0 0 0 19 32 36 0 34
0 0 0 0 0 0 0 0 0 0 0 0 0 0 0 0 0 0 0 0 0 0 0 0 0 0 0 0 0 0 0 0 0 0 0 0 0 0 6 0 0 0 0 0 0 0 0 5 9 42 77 39 56 45 40 45 36 17 40 38 39 77 87 63 75 78 100 91 55 48 76 64 88 44 45 61 97 70 78 68 64 0 0 0 0 0 0 5 21 0 0 6 18 1 22 25
0 0 0 0 0 0 0 0 0 0 0 0 0 0 0 0 0 0 0 0 0 0 0 0 0 0 0 0 0 0 0 0 0 0 0 0 0 0 0 0 0 0 0 0 0 0 0 2 2 8 43 63 27 4 4 55 49 43 62 41 15 18 72 76 87 36 24 45 89 100 63 58 49 54 66 78 65 84 19 93 45 0 0 0 0 0 0 0 0 0 0 5 0 0 39 44
0 0 0 0 0 0 0 0 0 0 0 0 0 0 0 0 0 0 0 0 0 0 0 15 23 0 0 0 0 0 0 0 0 0 0 0 0 0 0 0 0 0 0 0 0 0 0 18 59 0 33 48 44 14 26 61 90 65 74 35 50 83 99 100 95 51 37 60 63 64 57 89 100 57 7 6 24 41 73 71 71 0 0 0 0 0 0 0 0 0 23 28 0 23 39 0
0 0 0 0 0 0 0 0 0 0 0 0 0 0 0 0 0 0 0 0 0 0 0 6 7 0 0 0 0 0 0 0 0 0 0 0 0 0 0 0 0 0 0 0 0 0 0 26 54 0 15 64 41 20 30 51 100 100 57 34 13 55 30 56 72 34 76 51 22 46 33 85 84 84 81 59 47 26 80 98 36 0 0 0 0 0 0 0 0 0 39 19 0 0 2 0
0 0 0 0 0 0 0 0 0 0 0 18 0 0 0 0 0 0 0 0 0 0 0 0 0 0 0 0 0 0 0 0 0 0 0 0 0 0 0 0 3 0 0 0 0 0 0 0 0 0 2 86 34 20 58 99 100 100 57 11 15 6 24 33 18 33 44 59 87 100 39 83 65 39 15 61 70 93 69 47 88 13 0 0 0 0 17 6 2 33 61 46 2 50 35 22
0 0 0 0 0 0 0 0 0 0 0 60 82 36 0 0 0 0 0 0 0 5 27 41 4 0 0 0 0 0 0 0 0 0 0 0 0 15 50 49 88 63 57 36 58 13 0 0 0 0 0 64 7 24 94 87 73 100 100 82 100 83 40 0 9 82 100 100 100 100 99 100 100 100 51 15 23 14 26 52 36 40 4 0 0 0 18 3 1 31 27 33 0 12 88 63
0 0 0 0 0 0 0 0 0 0 3 37 100 28 0 0 0 0 0 11 36 24 37 30 6 0 0 0 0 0 0 0 0 0 0 9 64 36 31 44 1 25 27 35 35 79 45 6 0 0 5 51 0 53 52 37 72 41 91 37 81 67 1 8 14 92 65 34 50 73 100 100 100 100 99 27 46 73 58 0 33 53 0 0 0 0 0 0 40 0 0 0 28 35 88 9
0 0 0 0 0 0 0 0 0 0 1 69 91 52 0 0 0 0 0 0 15 0 0 0 0 0 0 0 0 0 0 0 0 0 0 14 37 5 24 29 48 22 30 45 35 2 12 17 0 0 6 27 0 26 8 23 16 57 86 86 51 8 69 92 90 57 83 81 42 27 70 87 100 100 100 73 93 100 90 60 36 23 32 0 0 0 0 6 39 45 29 0 42 44 91 68
0 0 0 0 0 0 0 0 0 0 2 60 45 6 31 4 22 39 52 18 12 45 2 15 0 0 0 0 0 0 16 59 2 0 0 5 27 20 47 23 29 54 20 63 73 2 10 9 0 0 0 0 4 17 48 7 43 65 55 53 71 76 78 74 54 20 9 32 60 57 5 5 65 97 88 44 89 100 100 33 12 87 11 0 0 0 0 8 32 12 8 16 34 33 74 100
0 0 0 0 0 0 0 0 0 0 0 38 18 55 37 0 13 31 66 90 64 61 47 8 0 0 18 11 0 0 0 76 32 6 0 44 0 0 43 35 22 11 3 49 91 40 47 29 0 0 0 0 0 8 15 1 1 3 0 0 5 0 0 5 45 0 0 1 0 0 18 17 0 52 82 54 100 100 100 41 64 81 17 24 0 0 0 0 37 37 16 17 64 58 100 77
0 0 0 0 0 0 0 0 0 1 50 58 20 33 92 74 28 0 3 45 47 0 0 0 0 0 71 29 0 0 0 57 77 44 61 48 5 10 79 55 96 60 3 46 63 56 12 0 0 3 44 0 0 0 0 0 0 13 0 0 0 0 0 0 0 0 0 0 0 0 0 0 0 6 88 39 95 100 100 77 82 30 43 14 0 0 0 0 17 51 48 35 39 49 100 44
0 0 0 0 0 0 0 0 0 19 68 36 8 38 90 95 30 3 0 0 0 0 0 0 22 35 74 4 0 0 0 36 64 89 86 63 58 48 46 41 88 37 1 40 90 72 3 23 31 35 33 14 0 7 9 24 48 19 58 40 17 2 0 0 0 51 55 8 28 34 34 31 0 0 5 34 100 100 100 100 80 35 6 3 0 0 0 0 2 16 52 24 34 42 100 55
0 0 0 0 0 0 0 0 0 46 41 86 52 1 52 55 0 0 0 0 0 0 0 0 36 12 14 0 0 0 0 42 32 49 43 28 83 59 58 0 12 56 62 17 32 26 4 2 48 75 23 0 7 60 37 33 44 3 53 32 58 44 28 11 71 37 38 15 9 66 79 62 23 0 0 15 68 100 100 92 98 23 38 0 0 0 2 15 0 2 23 36 29 18 54 39
0 0 0 0 0 0 0 0 0 3 3 54 69 3 10 0 5 35 0 0 0 0 0 0 31 1 0 49 0 0 0 14 53 74 49 28 33 58 31 12 0 63 53 94 100 75 45 52 69 54 5 0 8 26 44 65 81 39 63 28 66 8 23 1 12 41 9 18 48 40 75 100 58 0 5 7 34 80 98 55 18 9 35 0 0 0 4 36 0 1 63 43 75 92 98 27
0 0 0 0 0 30 11 0 0 0 13 37 27 17 0 0 3 2 0 0 0 0 0 0 0 0 0 68 0 35 26 46 38 83 35 47 33 34 16 8 14 28 41 42 40 49 13 33 16 23 0 0 0 0 33 81 100 84 86 77 85 8 0 11 27 55 40 44 63 70 83 59 60 13 26 34 2 29 52 68 10 15 19 0 0 0 23 0 1 18 81 41 63 100 78 41
0 0 0 0 0 100 66 45 0 0 21 74 65 36 30 0 0 0 0 0 0 0 0 4 0 0 32 75 48 63 20 15 47 76 43 46 35 2 39 0 36 29 59 83 56 53 21 57 75 30 0 0 0 1 49 51 96 69 36 85 100 64 0 22 46 100 100 100 58 39 34 0 61 35 28 0 0 5 26 97 56 40 7 0 0 5 37 1 17 64 99 61 69 100 99 100
32 10 0 0 0 10 86 25 4 6 0 3 50 20 83 21 0 0 0 0 0 0 0 3 51 9 0 0 13 34 60 58 8 82 60 66 87 11 18 84 26 17 17 87 100 75 12 74 99 100 94 2 0 5 41 80 96 96 47 6 97 73 25 3 86 100 100 95 56 20 0 23 66 63 36 42 0 0 0 9 15 21 0 0 0 8 5 55 62 52 100 88 68 80 100 94
0 0 0 0 6 55 31 89 23 0 0 0 76 43 25 0 0 0 0 0 0 32 50 27 83 9 0 0 0 8 32 6 44 72 44 42 8 16 96 100 41 28 81 100 100 26 39 100 100 100 90 44 7 24 59 44 100 100 57 66 38 85 78 76 100 100 90 41 22 46 0 59 67 71 28 22 6 31 22 3 10 19 0 0 0 25 17 0 3 64 87 30 32 63 43 100
12 50 0 0 34 97 64 34 32 60 0 0 23 48 0 0 0 0 0 0 0 10 51 36 45 18 0 0 24 0 49 48 49 58 37 68 42 0 77 99 46 55 68 50 94 90 100 100 97 87 29 35 38 27 77 97 100 100 100 100 100 100 99 71 100 100 100 63 48 18 13 90 100 60 54 46 19 13 29 13 0 0 0 0 11 29 0 0 6 90 54 50 55 100 100 100
58 27 6 0 34 57 13 2 0 45 23 0 0 1 0 0 0 0 0 0 0 0 9 41 36 30 0 18 17 17 29 91 41 91 54 100 77 18 95 100 99 89 48 65 100 100 96 67 16 0 11 65 18 22 14 100 100 100 100 98 100 100 78 93 100 96 100 88 56 23 33 100 62 31 44 65 28 26 4 66 23 0 0 0 0 3 7 6 0 43 45 65 100 63 83 73
0 0 0 20 100 35 30 0 0 30 34 0 0 50 54 52 0 0 0 0 0 0 0 38 65 63 0 51 72 32 76 73 87 62 73 100 75 66 100 100 100 92 65 45 54 43 7 0 0 9 17 21 51 18 18 22 53 100 100 80 96 100 100 100 72 42 83 100 56 26 88 100 100 100 100 29 2 4 55 63 50 25 0 0 0 0 4 11 0 1 9 56 100 89 68 18
0 0 23 89 68 62 18 9 37 26 89 29 13 33 39 87 50 11 0 0 0 0 0 25 60 30 8 44 29 28 82 81 31 35 94 100 58 86 100 66 53 40 77 52 0 0 0 1 13 49 25 53 26 49 56 28 66 100 100 100 100 100 100 100 92 100 100 100 99 90 100 100 100 100 72 21 8 9 49 6 46 34 0 0 0 0 0 3 29 32 44 41 94 100 100 93
0 0 6 15 0 7 0 17 44 20 62 87 67 48 39 27 82 46 6 50 22 0 3 21 37 67 74 82 40 20 49 49 53 26 54 100 95 100 86 17 33 30 22 22 15 0 0 28 42 29 38 88 14 71 57 0 62 100 100 100 100 100 100 100 100 100 100 100 100 100 100 100 100 100 27 53 6 48 60 55 35 38 8 0 0 0 0 0 25 79 12 26 40 100 100 79
0 0 0 0 0 0 0 0 4 30 50 46 70 56 21 38 31 15 52 67 35 46 63 57 56 56 65 47 23 52 70 37 63 28 76 100 25 75 60 64 98 83 16 64 23 8 0 0 0 0 55 54 51 50 13 0 6 36 94 97 64 37 75 100 100 100 100 100 100 100 100 99 69 43 23 21 47 100 100 70 23 30 36 10 21 2 0 0 12 65 24 13 11 82 67 85
0 0 0 0 0 0 0 0 13 12 25 50 36 9 6 0 26 9 29 91 83 78 28 18 42 23 82 88 64 82 91 68 87 97 62 38 64 87 99 15 28 100 67 58 100 26 0 0 0 6 73 34 62 54 31 5 0 0 9 24 0 58 100 94 100 100 100 100 100 100 97 39 31 53 41 30 29 100 100 100 99 82 52 15 50 17 16 12 0 0 0 8 31 60 65 70
25 3 12 7 0 1 0 0 22 29 3 16 7 20 0 0 0 0 0 58 100 25 23 43 2 32 89 44 60 50 97 100 90 63 21 88 43 60 41 4 8 76 98 72 90 13 0 0 32 69 83 25 59 31 15 1 18 9 16 26 6 88 99 75 100 80 100 100 91 79 78 39 19 38 39 71 99 98 67 100 100 100 100 15 40 34 16 25 39 0 0 29 17 97 17 2
68 89 80 88 61 23 0 0 0 0 0 0 0 0 0 0 0 0 8 83 39 11 12 30 46 60 69 35 85 75 59 55 3 33 61 56 61 100 56 48 61 74 100 69 28 6 10 28 100 66 24 59 33 9 3 42 89 26 32 46 30 61 97 100 100 88 100 100 37 0 11 33 93 77 52 100 81 47 46 98 100 96 88 36 30 7 96 14 10 0 0 0 0 12 0 6
37 28 29 3 0 0 0 0 0 0 0 0 0 0 0 0 0 0 36 30 74 83 91 69 64 20 32 67 55 14 81 67 9 36 28 8 100 100 60 39 11 36 99 19 35 96 99 100 56 54 12 67 9 39 26 55 100 100 44 34 35 57 76 84 62 75 97 56 31 39 78 82 100 95 64 100 85 1 35 83 89 100 42 45 44 6 96 14 41 2 0 0 0 6 21 29
0 0 0 0 0 0 0 0 0 0 0 2 8 0 0 0 0 0 35 32 100 100 100 70 70 62 55 11 63 42 75 31 0 3 35 59 90 98 93 59 1 51 53 0 1 32 54 97 34 0 34 23 0 41 78 100 100 100 90 44 38 45 23 41 69 96 49 88 82 100 100 92 75 98 88 100 31 0 38 86 79 41 16 19 2 10 63 32 50 8 0 0 0 25 36 14
0 0 0 0 0 0 17 29 38 4 1 46 68 20 0 0 0 0 17 18 45 91 100 100 100 100 67 46 47 53 61 0 27 33 53 92 83 95 52 0 0 4 5 1 41 100 92 49 74 21 65 0 23 64 96 100 100 100 93 51 40 22 43 88 100 92 100 100 100 93 76 45 94 100 100 73 7 59 10 54 100 90 88 20 32 20 74 1 37 1 0 1 9 62 32 54
0 0 0 0 3 4 59 36 18 30 70 17 51 68 67 8 0 0 13 30 26 41 63 69 77 91 100 83 79 80 56 90 68 10 33 21 34 98 100 73 85 92 100 65 100 100 91 85 36 8 10 1 41 52 61 100 100 100 82 67 51 8 83 100 100 100 84 84 51 57 88 100 100 100 100 92 21 91 45 59 100 100 100 64 1 58 58 23 36 0 27 58 27 13 16 42
0 5 63 16 65 69 36 49 28 22 38 42 64 99 27 17 0 0 0 0 9 4 27 9 37 72 81 59 19 87 90 100 100 84 32 12 80 100 100 100 88 37 27 2 91 100 94 24 0 0 2 42 56 88 100 100 100 100 100 80 40 14 81 100 100 100 45 1 30 95 100 83 62 83 79 91 96 87 97 7 86 100 90 35 22 91 80 20 0 0 2 82 9 13 35 0
10 10 33 61 86 66 22 58 44 43 2 41 70 78 34 26 0 0 11 11 63 93 86 98 100 100 25 1 31 82 52 100 100 100 67 69 100 100 84 78 87 92 42 0 28 87 33 0 0 0 46 84 100 100 55 81 100 100 100 61 63 37 31 14 53 100 0 0 89 91 74 72 73 37 20 56 100 100 99 79 71 79 45 0 58 77 22 55 31 0 1 46 0 41 0 0
62 55 11 36 31 60 65 100 62 73 52 81 67 73 26 16 4 0 7 10 22 73 100 100 99 70 64 38 80 100 94 100 100 100 95 52 92 100 100 93 82 50 0 12 93 67 21 30 12 0 61 100 100 94 2 27 100 100 95 91 45 68 28 41 100 62 0 0 37 54 32 49 41 34 49 89 71 54 12 16 21 37 15 14 89 95 67 82 22 0 0 20 43 34 33 14
52 88 40 15 30 55 93 100 100 94 92 36 28 14 0 5 2 0 0 0 0 9 73 90 100 40 74 100 100 100 100 90 87 70 97 77 88 75 55 5 5 25 75 100 48 15 54 45 40 61 96 100 97 48 66 64 100 100 87 78 44 40 73 100 68 12 0 0 9 29 19 0 0 0 3 34 43 17 89 59 25 4 2 2 87 100 40 3 0 0 0 53 17 0 62 15
43 27 3 36 39 79 55 81 100 85 27 43 0 10 0 0 0 0 0 0 39 41 18 91 100 100 100 100 100 100 88 31 61 88 100 95 61 3 0 14 83 100 90 69 74 69 37 66 13 100 73 100 72 76 100 100 100 99 61 76 100 90 83 80 24 0 60 33 51 100 82 7 17 4 1 11 0 82 98 61 38 51 70 19 100 98 8 0 0 35 10 15 0 0 85 46
21 45 33 49 67 91 89 99 98 54 16 13 76 56 0 0 0 0 0 0 4 45 19 37 85 89 55 100 100 65 28 31 78 100 100 100 44 0 46 98 75 72 87 100 100 67 51 21 48 89 93 92 69 20 97 100 88 71 57 90 49 29 18 0 7 46 100 43 66 82 100 82 66 5 12 85 46 92 66 23 19 0 13 82 100 69 1 0 0 43 26 0 5 15 75 88
57 26 31 72 14 64 100 100 100 100 55 19 99 71 26 66 12 0 0 0 0 17 8 18 63 62 53 85 63 97 87 12 3 65 77 88 0 19 78 55 55 83 100 100 87 32 36 38 94 27 70 75 7 7 96 87 73 66 42 9 0 0 0 0 40 100 100 100 92 81 83 94 90 26 60 30 100 79 32 42 6 48 78 100 100 83 2 0 0 0 0 1 22 100 100 100
87 55 47 89 41 67 100 100 100 84 50 89 84 87 65 64 35 0 0 0 0 14 11 22 31 47 100 100 100 100 98 77 58 91 67 16 81 99 71 99 100 46 86 49 100 53 0 95 55 0 1 8 0 0 20 24 79 80 0 0 0 0 6 43 59 100 100 100 100 100 100 100 100 40 67 60 99 33 34 13 70 100 100 92 61 100 46 0 0 0 0 31 90 100 100 100
98 65 23 27 43 78 60 59 90 68 68 59 1 33 27 83 14 1 0 0 0 35 34 18 21 40 34 59 87 99 77 84 62 92 100 100 80 79 81 58 24 0 3 50 56 26 57 94 21 0 0 0 0 0 10 6 33 15 4 28 62 44 76 100 100 100 95 90 95 78 100 100 95 90 100 81 85 31 18 12 72 98 62 78 41 68 0 0 0 0 0 49 100 100 100 100
20 25 82 99 100 100 1 4 0 11 26 24 0 0 51 57 29 28 0 0 0 1 27 50 20 53 32 9 37 54 43 36 19 31 72 100 16 11 11 0 0 0 9 39 88 94 31 94 71 83 17 0 0 0 46 85 26 12 42 100 100 100 100 100 100 100 10 45 64 10 52 57 8 58 100 100 89 0 24 24 53 12 0 0 0 4 0 0 0 0 27 91 94 100 100 100
27 35 93 28 47 52 68 50 0 0 0 0 0 7 98 100 99 13 0 0 0 6 21 60 61 86 100 90 100 93 26 89 94 100 81 60 0 0 0 0 0 19 63 57 62 37 0 30 59 67 0 0 25 79 95 99 80 96 100 100 100 100 100 100 68 56 2 29 43 56 31 58 3 20 93 100 90 10 31 33 17 0 0 0 19 39 39 1 0 0 15 58 50 64 86 67
0 5 89 89 54 99 68 24 1 19 46 36 24 52 100 100 94 40 34 0 0 41 45 67 83 100 100 100 100 79 60 100 36 9 10 0 0 0 0 0 27 81 88 100 100 16 0 0 30 29 0 30 25 98 100 94 100 100 100 100 100 100 100 100 98 24 73 41 32 8 43 21 29 17 33 63 75 39 6 23 0 0 7 21 27 1 0 27 7 0 3 9 0 12 19 8
45 81 36 73 75 93 68 0 42 87 95 90 81 54 86 78 74 95 47 1 0 27 97 52 69 75 100 100 97 9 67 91 0 0 0 0 0 0 0 0 23 52 26 96 92 40 0 7 59 17 29 95 99 96 100 51 47 100 100 100 83 100 100 98 92 24 39 18 22 0 1 4 22 43 53 25 20 16 0 0 0 0 28 5 0 0 12 1 0 1 10 38 52 20 9 39
13 65 39 44 39 93 26 10 37 100 100 86 40 8 0 12 54 76 32 0 0 0 57 61 65 33 80 87 100 48 85 33 0 0 0 0 0 0 0 0 0 0 2 39 6 1 0 0 12 45 63 48 100 100 100 62 19 80 100 95 27 96 84 45 64 51 44 0 0 0 0 0 14 48 30 0 0 0 0 0 3 20 26 35 7 36 61 86 38 18 13 30 30 51 35 25
51 27 32 36 37 78 54 24 85 99 81 12 0 33 83 95 39 35 0 0 20 26 1 49 98 56 68 34 30 39 17 0 0 16 5 0 0 0 13 34 0 0 0 0 0 0 0 0 41 93 100 100 100 100 95 33 35 35 100 79 0 60 13 11 54 94 77 1 9 0 0 0 15 83 2 0 0 0 0 2 11 26 63 82 78 100 98 75 32 57 54 87 47 49 1 31
62 41 41 29 66 30 56 92 100 100 99 11 0 1 84 100 100 70 55 69 28 12 77 27 8 95 73 17 0 0 0 0 0 50 56 41 0 4 40 37 54 3 0 0 0 0 25 71 66 84 100 100 100 97 67 21 56 41 39 9 0 70 45 1 50 66 25 9 33 10 3 7 43 62 42 17 4 24 4 35 67 59 89 89 100 100 100 26 63 76 67 100 100 93 65 83
84 87 81 70 42 28 50 44 37 92 98 13 0 2 25 61 94 75 97 100 99 13 27 62 0 56 1 4 11 24 23 41 46 96 95 4 0 1 90 92 93 28 0 0 0 0 0 9 38 62 100 96 73 92 97 65 69 57 58 6 28 0 37 27 49 19 53 65 51 80 55 62 99 98 76 19 30 32 27 30 4 1 0 5 54 99 100 100 98 56 55 91 100 100 100 100
70 86 84 100 97 58 38 78 83 85 28 0 0 0 0 10 25 44 95 100 100 67 13 74 1 30 33 68 99 100 92 92 100 99 27 0 0 6 59 100 89 52 20 0 0 41 18 0 41 79 99 88 39 70 100 73 77 75 30 0 4 0 37 30 67 64 62 14 0 20 40 40 100 62 20 3 3 37 6 12 0 0 65 29 6 88 100 82 11 34 35 56 100 100 100 100
38 98 99 67 8 0 62 51 58 14 0 0 0 2 23 11 4 63 100 100 99 52 8 19 0 17 67 100 100 79 19 58 100 97 26 10 54 88 78 100 100 53 3 17 13 62 88 66 77 94 68 85 29 75 59 40 45 34 26 0 32 40 53 11 12 77 62 24 16 30 8 15 34 84 14 0 0 14 55 13 0 0 23 14 9 45 89 79 70 44 25 58 100 100 100 96
91 72 35 0 0 0 33 0 0 10 48 29 0 10 74 64 30 65 100 85 52 9 0 3 18 15 35 61 28 59 45 78 60 100 26 0 75 100 100 100 100 38 34 87 83 94 88 83 76 55 30 13 34 61 44 20 38 40 30 47 36 19 3 52 60 87 21 62 67 70 38 27 22 100 22 20 0 40 68 4 0 0 24 10 22 39 87 55 100 98 91 48 83 99 23 9
15 0 0 3 0 0 0 38 68 89 100 57 6 21 96 99 93 100 98 42 16 19 50 19 46 30 20 23 40 89 77 26 36 100 73 26 74 74 83 98 71 88 59 100 93 61 29 2 3 67 18 0 0 17 31 34 7 26 80 95 52 58 65 67 27 40 80 17 22 62 26 81 72 100 100 26 0 46 100 75 7 0 0 0 4 27 68 88 98 72 12 41 61 90 8 22
