data/habitatmaps/RS_maps/habitat_Fringilla.coelebs_2020.asc
NCOLS 369 
NROWS 228 
XLLCORNER 479000 
YLLCORNER 73000 
CELLSIZE 1000 
NODATA_value -9 
[rows 62 to 123 of 228, columns 0 to 95 of 369]
-9 -9 -9 -9 -9 -9 -9 -9 -9 -9 -9 -9 -9 -9 -9 -9 -9 -9 -9 -9 -9 -9 -9 -9 -9 -9 -9 -9 -9 -9 -9 -9 -9 -9 -9 -9 -9 -9 -9 -9 -9 -9 -9 -9 -9 -9 -9 -9 -9 -9 -9 -9 -9 -9 -9 -9 -9 -9 -9 -9 -9 -9 -9 -9 -9 -9 -9 -9 27 47 21 24 37 22 36 35 40 58 48 22 53 46 39 77 71 91 96 92 100 84 74 72 78 35 0 7
-9 -9 -9 -9 -9 -9 -9 -9 -9 -9 -9 -9 -9 -9 -9 -9 -9 -9 -9 -9 -9 -9 -9 -9 -9 -9 -9 -9 -9 -9 -9 -9 -9 -9 -9 -9 -9 -9 -9 -9 -9 -9 -9 -9 -9 -9 -9 -9 -9 -9 -9 -9 -9 -9 -9 -9 -9 -9 -9 -9 -9 -9 -9 -9 -9 -9 -9 -9 -9 54 78 99 81 67 76 36 32 44 6 44 41 68 65 100 81 76 55 68 83 22 25 44 2 9 28 13
-9 -9 -9 -9 -9 -9 -9 -9 -9 -9 -9 -9 -9 -9 -9 -9 -9 -9 -9 -9 -9 -9 -9 -9 -9 -9 -9 -9 -9 -9 -9 -9 -9 -9 -9 -9 -9 -9 -9 -9 -9 -9 -9 -9 -9 -9 -9 -9 -9 -9 -9 -9 -9 -9 -9 -9 -9 -9 -9 -9 -9 -9 -9 -9 -9 -9 -9 -9 -9 61 72 61 27 52 43 38 52 15 44 77 26 41 82 61 56 62 69 72 58 27 25 34 9 86 82 35
-9 -9 -9 -9 -9 -9 -9 -9 -9 -9 -9 -9 -9 -9 -9 -9 -9 -9 -9 -9 -9 -9 -9 -9 -9 -9 -9 -9 -9 -9 -9 -9 -9 -9 -9 -9 -9 -9 -9 -9 -9 -9 -9 -9 -9 -9 -9 -9 -9 -9 -9 -9 -9 -9 -9 -9 -9 -9 -9 -9 -9 -9 -9 -9 -9 -9 -9 -9 -9 53 62 16 37 51 41 64 43 0 1 5 26 51 63 78 86 34 21 80 33 15 31 45 18 34 28 36
-9 -9 -9 -9 -9 -9 -9 -9 -9 -9 -9 -9 -9 -9 -9 -9 -9 -9 -9 -9 -9 -9 -9 -9 -9 -9 -9 -9 -9 -9 -9 -9 -9 -9 -9 -9 -9 -9 -9 -9 -9 -9 -9 -9 -9 -9 -9 -9 -9 -9 -9 -9 -9 -9 -9 -9 -9 -9 -9 -9 -9 -9 -9 -9 -9 -9 -9 -9 36 61 58 27 70 82 52 36 2 0 0 0 45 48 57 39 44 62 42 66 7 0 16 25 5 12 30 45
-9 -9 -9 -9 -9 -9 -9 -9 -9 -9 -9 -9 -9 -9 -9 -9 -9 -9 -9 -9 -9 -9 -9 -9 -9 -9 -9 -9 -9 -9 -9 -9 -9 -9 -9 -9 -9 -9 -9 -9 -9 -9 -9 -9 -9 -9 -9 -9 -9 -9 -9 -9 -9 -9 -9 -9 -9 -9 -9 -9 -9 -9 -9 -9 -9 -9 -9 81 58 6 35 36 64 100 53 35 1 0 0 6 73 10 31 76 55 79 14 27 35 49 4 11 62 0 32 33
-9 -9 -9 -9 -9 -9 -9 -9 -9 -9 -9 -9 -9 -9 -9 -9 -9 -9 -9 -9 -9 -9 -9 -9 -9 -9 -9 -9 -9 -9 -9 -9 -9 -9 -9 -9 -9 -9 -9 -9 -9 -9 -9 -9 -9 -9 -9 -9 -9 -9 -9 -9 -9 -9 -9 -9 -9 -9 -9 -9 -9 -9 -9 -9 -9 -9 44 16 11 43 63 43 41 62 10 28 0 0 52 61 92 32 38 94 100 80 41 21 37 3 0 11 72 18 40 61
-9 -9 -9 -9 -9 -9 -9 -9 -9 -9 -9 -9 -9 -9 -9 -9 -9 -9 -9 -9 -9 -9 -9 -9 -9 -9 -9 -9 -9 -9 -9 -9 -9 -9 -9 -9 -9 -9 -9 -9 -9 -9 -9 -9 -9 -9 -9 -9 -9 -9 -9 -9 -9 -9 -9 -9 -9 -9 -9 -9 -9 -9 -9 -9 -9 -9 80 57 66 97 53 12 12 30 42 14 1 6 61 56 73 64 88 99 85 13 41 0 15 38 1 97 47 1 52 29
-9 -9 -9 -9 -9 -9 -9 -9 -9 -9 -9 -9 -9 -9 -9 -9 -9 -9 -9 -9 -9 -9 -9 -9 -9 -9 -9 -9 -9 -9 -9 -9 -9 -9 -9 -9 -9 -9 -9 -9 -9 -9 -9 -9 -9 -9 -9 -9 -9 -9 -9 -9 -9 -9 -9 -9 -9 -9 -9 -9 -9 -9 -9 -9 67 79 97 84 60 12 64 38 15 10 0 45 7 27 36 29 77 98 94 77 54 9 31 22 7 0 19 40 0 12 70 75
-9 -9 -9 -9 -9 -9 -9 -9 -9 -9 -9 -9 -9 -9 -9 -9 -9 -9 -9 -9 -9 -9 -9 -9 -9 -9 -9 -9 -9 -9 -9 -9 -9 -9 -9 -9 -9 -9 -9 -9 -9 -9 -9 -9 -9 -9 -9 -9 -9 -9 -9 -9 -9 -9 -9 -9 -9 -9 -9 -9 -9 -9 -9 70 89 95 49 24 54 64 62 21 37 45 32 3 25 2 11 69 58 81 20 8 2 37 42 68 13 1 41 38 6 32 46 50
-9 -9 -9 -9 -9 -9 -9 -9 -9 -9 -9 -9 -9 -9 -9 -9 -9 -9 -9 -9 -9 -9 -9 -9 -9 -9 -9 -9 -9 -9 -9 -9 -9 -9 -9 -9 -9 -9 -9 -9 -9 -9 -9 -9 -9 -9 -9 -9 -9 -9 -9 -9 -9 -9 -9 -9 -9 -9 -9 -9 -9 94 67 69 73 44 36 53 61 33 39 65 10 12 49 2 39 46 63 77 100 4 53 25 8 5 10 26 15 0 0 12 42 26 18 22
-9 -9 -9 -9 -9 -9 -9 -9 -9 -9 -9 -9 -9 -9 -9 -9 -9 -9 -9 -9 -9 -9 -9 -9 -9 -9 -9 -9 -9 -9 -9 -9 -9 -9 -9 -9 -9 -9 -9 -9 -9 -9 -9 -9 -9 -9 -9 -9 -9 -9 -9 -9 -9 -9 -9 -9 -9 -9 -9 -9 73 19 52 58 31 34 32 50 27 39 26 85 0 38 58 53 49 71 100 97 46 0 0 0 7 43 52 87 56 0 0 10 16 37 50 76
-9 -9 -9 -9 -9 -9 -9 -9 -9 -9 -9 -9 -9 -9 -9 -9 -9 -9 -9 -9 -9 -9 -9 -9 -9 -9 -9 -9 -9 -9 -9 -9 -9 -9 -9 -9 -9 -9 -9 -9 -9 -9 -9 -9 -9 -9 -9 -9 -9 -9 -9 -9 -9 -9 -9 -9 -9 -9 -9 46 48 25 40 41 5 0 44 2 80 35 27 46 0 24 18 52 53 71 89 31 4 0 16 21 13 88 46 48 13 0 6 59 68 36 32 41
-9 -9 -9 -9 -9 -9 -9 -9 -9 -9 -9 -9 -9 -9 -9 -9 -9 -9 -9 -9 -9 -9 -9 -9 -9 -9 -9 -9 -9 -9 -9 -9 -9 -9 -9 -9 -9 -9 -9 -9 -9 -9 -9 -9 -9 -9 -9 -9 -9 -9 -9 -9 -9 -9 -9 -9 -9 -9 70 75 60 13 0 14 71 38 79 73 47 22 32 26 22 11 38 63 89 91 65 5 5 0 0 0 0 35 47 39 0 21 50 66 67 25 3 30
-9 -9 -9 -9 -9 -9 -9 -9 -9 -9 -9 -9 -9 -9 -9 -9 -9 -9 -9 -9 -9 -9 -9 -9 -9 -9 -9 -9 -9 -9 -9 -9 -9 -9 -9 -9 -9 -9 -9 -9 -9 -9 -9 -9 -9 -9 -9 -9 -9 -9 -9 -9 -9 -9 -9 -9 -9 83 13 15 4 2 19 66 100 68 12 5 7 27 50 13 34 25 39 80 100 67 40 0 29 0 0 19 19 52 25 23 64 88 23 29 19 43 85 65
-9 -9 -9 -9 -9 -9 -9 -9 -9 -9 -9 -9 -9 -9 -9 -9 -9 -9 -9 -9 -9 -9 -9 -9 -9 -9 -9 -9 -9 -9 -9 -9 -9 -9 -9 -9 -9 -9 -9 -9 -9 -9 -9 -9 -9 -9 -9 -9 -9 -9 -9 -9 -9 -9 -9 -9 14 87 20 0 19 58 51 12 49 29 62 52 63 98 65 51 51 25 18 75 50 96 65 4 0 0 28 41 39 18 12 94 67 32 44 68 75 47 35 43
-9 -9 -9 -9 -9 -9 -9 -9 -9 -9 -9 -9 -9 -9 -9 -9 -9 -9 -9 -9 -9 -9 -9 -9 -9 -9 -9 -9 -9 -9 -9 -9 -9 -9 -9 -9 -9 -9 -9 -9 -9 -9 -9 -9 -9 -9 -9 -9 -9 -9 -9 -9 -9 -9 -9 -9 23 77 33 44 44 69 15 54 24 14 15 14 59 50 13 38 32 5 26 93 68 39 88 26 0 23 22 0 6 38 91 65 35 55 66 36 13 23 51 32
-9 -9 -9 -9 -9 -9 -9 -9 -9 -9 -9 -9 -9 -9 -9 -9 -9 -9 -9 -9 -9 -9 -9 -9 -9 -9 -9 -9 -9 -9 -9 -9 -9 -9 -9 -9 -9 -9 -9 -9 -9 -9 -9 -9 -9 -9 -9 -9 -9 -9 -9 -9 -9 -9 -9 5 30 45 21 37 33 32 34 41 7 0 2 22 14 22 29 5 0 57 100 88 16 11 66 0 0 0 24 37 72 42 71 60 71 100 46 0 26 29 65 99
-9 -9 -9 -9 -9 -9 -9 -9 -9 -9 -9 -9 -9 -9 -9 -9 -9 -9 -9 -9 -9 -9 -9 -9 -9 -9 -9 -9 -9 -9 -9 -9 -9 -9 -9 -9 -9 -9 -9 -9 -9 -9 -9 -9 -9 -9 -9 -9 -9 -9 -9 -9 -9 -9 21 73 39 40 42 48 41 89 27 0 66 37 35 51 39 60 28 10 63 98 60 6 4 28 67 0 0 25 34 10 49 68 39 16 49 57 55 9 20 89 100 91
-9 -9 -9 -9 -9 -9 -9 -9 -9 -9 -9 -9 -9 -9 -9 -9 -9 -9 -9 -9 -9 -9 -9 -9 -9 -9 -9 -9 -9 -9 -9 -9 -9 -9 -9 -9 -9 -9 -9 -9 -9 -9 -9 -9 -9 -9 -9 -9 -9 -9 -9 -9 -9 -9 67 63 19 6 36 29 61 36 6 11 38 20 20 24 34 62 68 92 99 62 9 0 38 31 23 0 0 30 35 32 16 24 66 46 10 0 4 46 94 99 76 67
-9 -9 -9 -9 -9 -9 -9 -9 -9 -9 -9 -9 -9 -9 -9 -9 -9 -9 -9 -9 -9 -9 -9 -9 -9 -9 -9 -9 -9 -9 -9 -9 -9 -9 -9 -9 -9 -9 -9 -9 -9 -9 -9 -9 -9 -9 -9 -9 -9 -9 -9 -9 -9 56 10 0 18 77 29 11 44 21 27 37 27 12 20 53 88 66 68 45 58 5 5 3 0 0 0 11 33 38 48 18 9 16 28 50 54 36 93 98 56 40 44 67
-9 -9 -9 -9 -9 -9 -9 -9 -9 -9 -9 -9 -9 -9 -9 -9 -9 -9 -9 -9 -9 -9 -9 -9 -9 -9 -9 -9 -9 -9 -9 -9 -9 -9 -9 -9 -9 -9 -9 -9 -9 -9 -9 -9 -9 -9 -9 -9 -9 -9 -9 -9 89 21 67 51 25 31 15 1 12 25 22 53 54 50 11 89 62 48 30 12 41 55 85 44 0 5 16 47 15 11 20 8 38 60 82 95 80 98 53 19 0 18 0 11
-9 -9 -9 -9 -9 -9 -9 -9 -9 -9 -9 -9 -9 -9 -9 -9 -9 -9 -9 -9 -9 -9 -9 -9 -9 -9 -9 -9 -9 -9 -9 -9 -9 -9 -9 -9 -9 -9 -9 -9 -9 -9 -9 -9 -9 -9 -9 -9 -9 -9 -9 49 1 52 28 20 29 41 34 1 0 35 74 45 22 4 38 87 62 32 51 46 67 65 77 20 6 32 14 31 44 35 72 45 23 7 43 37 60 41 0 0 0 0 0 0
-9 -9 -9 -9 -9 -9 -9 -9 -9 -9 -9 -9 -9 -9 -9 -9 -9 -9 -9 -9 -9 -9 -9 -9 -9 -9 -9 -9 -9 -9 -9 -9 -9 -9 -9 -9 -9 -9 -9 -9 -9 -9 -9 -9 -9 -9 -9 -9 55 74 33 62 62 71 25 47 14 1 38 45 55 34 57 50 42 47 72 71 72 69 36 35 25 54 70 77 37 21 51 42 49 67 63 21 48 51 74 43 45 56 23 34 18 5 0 10
-9 -9 -9 -9 -9 -9 -9 -9 -9 -9 -9 -9 -9 -9 -9 -9 -9 -9 -9 -9 -9 -9 -9 -9 -9 -9 -9 -9 -9 -9 -9 -9 -9 -9 -9 -9 -9 -9 -9 -9 -9 -9 -9 -9 0 27 6 59 65 55 65 69 56 35 9 54 1 4 67 45 30 50 40 54 31 55 81 27 16 0 55 19 0 0 15 0 0 36 83 28 2 49 47 55 80 100 56 81 63 74 47 84 19 41 40 88
-9 -9 -9 -9 -9 -9 -9 -9 -9 -9 -9 -9 -9 -9 -9 -9 -9 -9 -9 -9 -9 -9 -9 -9 -9 -9 -9 -9 -9 -9 -9 -9 -9 -9 -9 -9 -9 -9 -9 -9 -9 -9 -9 49 16 55 38 57 40 95 80 72 42 20 18 42 18 41 62 13 24 67 76 52 6 69 63 12 47 26 34 0 0 23 4 6 25 52 37 43 59 100 73 24 45 27 48 100 86 17 70 51 63 99 89 89
-9 -9 -9 -9 -9 -9 -9 -9 -9 -9 -9 -9 -9 -9 -9 -9 -9 -9 -9 -9 -9 -9 -9 -9 -9 -9 -9 -9 -9 -9 -9 -9 -9 -9 -9 -9 -9 -9 -9 -9 -9 11 11 26 59 62 54 8 31 53 46 79 45 21 39 19 58 97 78 19 67 43 74 61 54 79 41 53 45 75 32 18 4 16 50 32 70 33 5 39 88 29 6 0 1 2 65 81 56 41 95 27 6 63 67 53
-9 -9 -9 -9 -9 -9 -9 -9 -9 -9 -9 -9 -9 -9 -9 -9 -9 -9 -9 -9 -9 -9 -9 -9 -9 -9 -9 -9 -9 -9 -9 -9 -9 -9 -9 -9 -9 -9 -9 -9 34 27 4 35 81 35 0 0 31 11 18 61 25 20 27 43 90 23 27 46 75 58 60 80 53 49 69 28 70 97 52 50 2 51 41 52 15 29 60 97 74 0 0 0 39 55 47 91 75 81 66 12 43 45 1 0
-9 -9 -9 -9 -9 -9 -9 -9 -9 -9 -9 -9 -9 -9 -9 -9 -9 -9 -9 -9 -9 -9 -9 -9 -9 -9 -9 -9 -9 -9 -9 -9 -9 -9 -9 -9 -9 -9 -9 13 14 43 79 71 34 17 67 58 55 36 36 46 4 47 39 71 14 30 45 57 69 94 55 36 46 46 34 12 18 16 35 39 53 29 56 47 4 73 41 7 6 0 0 7 74 87 84 68 55 71 16 0 0 3 24 38
-9 -9 -9 -9 -9 -9 -9 -9 -9 -9 -9 -9 -9 -9 -9 -9 -9 -9 -9 -9 -9 -9 -9 -9 -9 -9 -9 -9 -9 -9 -9 -9 -9 -9 -9 -9 -9 -9 70 67 80 18 46 20 39 20 38 1 0 0 16 28 40 76 67 50 5 79 82 20 32 61 52 68 68 52 34 22 25 35 21 76 32 17 93 5 47 74 15 1 30 0 13 85 74 86 96 37 74 44 0 0 26 87 40 30
-9 -9 -9 -9 -9 -9 -9 -9 -9 -9 -9 -9 -9 -9 -9 -9 -9 -9 -9 -9 -9 -9 -9 -9 -9 -9 -9 -9 -9 -9 -9 -9 -9 -9 -9 -9 -9 67 39 32 52 35 49 31 37 0 3 45 31 49 45 63 83 61 47 22 58 80 32 41 46 60 42 16 43 54 42 19 34 46 53 10 3 45 9 31 66 40 0 15 0 28 91 81 75 100 49 61 14 0 24 60 83 74 20 4
-9 -9 -9 -9 -9 -9 -9 -9 -9 -9 -9 -9 -9 -9 -9 -9 -9 -9 -9 -9 -9 -9 -9 -9 -9 -9 -9 -9 -9 -9 -9 -9 -9 -9 -9 -9 19 79 14 59 24 21 19 14 45 73 46 50 35 73 25 85 28 36 56 41 48 43 59 47 45 8 11 34 56 24 4 57 4 42 26 10 56 9 46 100 47 1 16 20 20 100 100 100 100 96 48 41 0 0 14 57 92 67 40 28
-9 -9 -9 -9 -9 -9 -9 -9 -9 -9 -9 -9 -9 -9 -9 -9 -9 -9 -9 -9 -9 -9 -9 -9 -9 -9 -9 -9 -9 -9 -9 -9 -9 -9 -9 48 58 64 27 6 0 0 45 59 93 31 33 15 36 9 28 63 22 58 69 75 57 88 94 54 17 0 0 3 29 91 86 78 40 5 10 63 21 25 94 46 43 18 8 9 49 100 100 100 95 52 10 45 65 44 64 13 6 2 1 51
-9 -9 -9 -9 -9 -9 -9 -9 -9 -9 -9 -9 -9 -9 -9 -9 -9 -9 -9 -9 -9 -9 -9 -9 -9 -9 -9 -9 -9 -9 -9 -9 -9 -9 -9 79 86 19 0 0 0 52 65 31 59 6 11 22 17 55 87 65 53 55 46 88 84 65 57 52 18 0 46 91 83 66 28 62 0 6 55 18 50 73 46 58 13 30 67 93 100 96 89 55 14 0 0 0 3 0 23 55 0 0 0 73
-9 -9 -9 -9 -9 -9 -9 -9 -9 -9 -9 -9 -9 -9 -9 -9 -9 -9 -9 -9 -9 -9 -9 -9 -9 -9 -9 -9 -9 -9 -9 -9 -9 -9 100 87 36 0 0 10 50 51 34 61 24 13 56 64 29 10 63 82 82 53 35 84 77 42 31 2 17 24 15 71 33 12 2 0 4 43 18 45 100 80 60 67 44 76 84 100 100 96 2 0 0 0 0 0 0 0 0 41 1 0 8 6
-9 -9 -9 -9 -9 -9 -9 -9 -9 -9 -9 -9 -9 -9 -9 -9 -9 -9 -9 -9 -9 -9 -9 -9 -9 -9 -9 -9 -9 -9 -9 -9 -9 65 97 23 3 0 6 20 34 9 51 34 1 6 91 88 35 40 61 65 60 59 39 16 2 10 20 34 30 48 59 51 4 0 0 0 19 0 19 35 96 43 92 61 42 76 86 86 99 47 0 0 0 0 0 0 0 0 0 20 0 0 47 14
-9 -9 -9 -9 -9 -9 -9 -9 -9 -9 -9 -9 -9 -9 -9 -9 -9 -9 -9 -9 -9 -9 -9 -9 -9 -9 -9 -9 -9 -9 -9 -9 -9 89 25 0 0 27 24 55 20 0 11 31 20 30 68 92 79 80 62 64 40 0 0 4 41 45 35 33 51 82 63 31 29 0 0 0 31 42 86 97 70 74 100 71 44 30 44 31 14 0 0 0 0 0 0 0 0 0 30 35 0 0 11 1
-9 -9 -9 -9 -9 -9 -9 -9 -9 -9 -9 -9 -9 -9 -9 -9 -9 -9 -9 -9 -9 -9 -9 -9 -9 -9 -9 -9 -9 -9 -9 -9 -9 7 0 2 72 15 0 24 0 0 4 71 80 30 46 52 56 76 94 69 7 34 47 69 92 27 70 38 59 30 2 1 38 55 46 44 98 86 90 100 100 91 59 77 76 91 3 0 0 0 0 0 0 0 0 0 0 46 11 0 15 41 39 46
-9 -9 -9 -9 -9 -9 -9 -9 -9 -9 -9 -9 -9 -9 -9 -9 -9 -9 -9 -9 -9 -9 -9 -9 -9 -9 -9 -9 -9 -9 -9 -9 -9 33 8 79 51 24 0 0 24 8 77 54 42 4 73 58 90 100 94 9 2 81 37 85 59 30 69 55 49 25 42 67 53 43 69 100 100 85 89 100 100 65 42 39 30 47 0 0 0 0 0 0 0 0 0 8 44 40 0 0 19 27 38 41
-9 -9 -9 -9 -9 -9 -9 -9 -9 -9 -9 -9 -9 -9 -9 -9 -9 -9 -9 -9 -9 -9 -9 -9 -9 -9 -9 -9 -9 -9 -9 -9 23 16 85 65 1 0 0 5 50 92 22 16 0 33 68 49 91 81 9 26 74 99 91 71 39 15 45 63 37 58 23 19 28 95 99 100 100 94 100 100 100 41 65 72 76 18 0 0 0 0 0 0 0 0 14 38 1 27 1 6 25 37 11 0
-9 -9 -9 -9 -9 -9 -9 -9 -9 -9 -9 -9 -9 -9 -9 -9 -9 -9 -9 -9 -9 -9 -9 -9 -9 -9 -9 -9 -9 -9 -9 -9 61 96 72 12 1 27 16 68 97 81 27 8 35 62 18 72 42 39 74 65 69 44 25 8 34 50 62 90 79 10 13 40 64 86 73 29 86 74 100 100 77 19 10 42 42 7 0 0 0 0 0 0 0 23 46 65 57 48 11 2 7 0 0 0
-9 -9 -9 -9 -9 -9 -9 -9 -9 -9 -9 -9 -9 -9 -9 -9 -9 -9 -9 -9 -9 -9 -9 -9 -9 -9 -9 -9 -9 -9 -9 -9 39 55 49 0 0 46 72 100 70 60 54 91 96 65 43 89 85 100 92 87 80 21 20 10 62 67 22 83 20 54 56 89 39 51 2 16 63 100 100 98 59 68 3 0 0 0 0 0 0 0 0 9 31 28 34 58 20 23 47 0 0 0 0 13
-9 -9 -9 -9 -9 -9 -9 -9 -9 -9 -9 -9 -9 -9 -9 -9 -9 -9 -9 -9 -9 -9 -9 -9 -9 -9 -9 -9 -9 -9 -9 -9 14 0 26 29 2 73 98 98 65 72 100 100 92 58 43 93 67 26 11 22 11 88 76 50 50 24 5 54 57 6 46 52 38 37 33 92 87 43 54 59 59 18 2 0 0 0 0 0 0 0 0 50 20 1 0 1 47 41 0 0 0 0 2 41
-9 -9 -9 -9 -9 -9 -9 -9 -9 -9 -9 -9 -9 -9 -9 -9 -9 -9 -9 -9 -9 -9 -9 -9 -9 -9 -9 -9 -9 -9 -9 -9 0 0 0 0 0 58 89 34 70 57 60 88 69 50 54 19 9 3 10 0 61 72 90 89 25 29 75 58 27 41 69 51 21 27 91 42 62 52 0 30 4 0 0 0 0 0 0 0 0 0 32 9 12 11 28 0 0 17 34 0 14 34 7 30
-9 -9 -9 -9 -9 -9 -9 -9 -9 -9 -9 -9 -9 -9 -9 -9 -9 -9 -9 -9 -9 -9 -9 -9 -9 -9 -9 -9 -9 -9 -9 -9 -9 0 0 0 11 57 79 30 56 40 35 31 36 25 10 50 56 57 52 59 64 68 21 57 46 88 98 22 26 61 43 66 67 83 30 0 36 6 58 7 0 0 0 0 0 0 0 0 0 2 46 0 0 18 22 0 0 0 9 23 45 26 3 26
-9 -9 -9 -9 -9 -9 -9 -9 -9 -9 -9 -9 -9 -9 -9 -9 -9 -9 -9 -9 -9 -9 -9 -9 -9 -9 -9 -9 -9 -9 -9 -9 -9 0 0 18 46 78 68 65 38 30 10 47 17 38 61 21 10 0 0 18 86 77 69 80 78 100 59 57 33 65 51 28 69 47 5 0 0 44 35 0 0 0 0 0 0 0 0 14 31 58 20 5 0 57 20 0 0 0 0 1 13 8 74 28
-9 -9 -9 -9 -9 -9 -9 -9 -9 -9 -9 -9 -9 -9 -9 -9 -9 -9 -9 -9 -9 -9 -9 -9 -9 -9 -9 -9 -9 -9 -9 -9 -9 60 41 71 55 49 82 66 46 0 2 25 51 37 71 82 21 37 59 100 91 57 48 37 92 96 62 10 22 42 38 60 100 99 22 47 20 19 0 0 0 0 0 0 0 0 19 59 29 18 12 37 28 15 7 0 0 17 51 5 25 8 76 16
-9 -9 -9 -9 -9 -9 -9 -9 -9 -9 -9 -9 -9 -9 -9 -9 -9 -9 -9 -9 -9 -9 -9 -9 -9 -9 -9 -9 -9 -9 -9 -9 -9 100 99 89 66 81 75 66 19 4 40 73 50 14 65 40 62 32 65 97 69 29 26 77 100 77 89 63 53 80 87 31 74 100 68 52 15 0 0 0 0 0 0 0 0 7 45 10 23 35 4 0 0 0 0 20 28 9 27 43 36 51 60 24
-9 -9 -9 -9 -9 -9 -9 -9 -9 -9 -9 -9 -9 -9 -9 -9 -9 -9 -9 -9 -9 -9 -9 -9 -9 -9 -9 -9 -9 -9 -9 -9 -9 100 78 48 59 47 61 47 46 74 80 63 67 54 43 40 31 45 100 85 48 22 21 44 17 97 71 80 80 35 97 100 95 90 97 74 4 0 0 0 0 0 0 0 8 39 15 64 0 39 0 0 0 0 0 24 72 13 55 12 45 10 5 0
-9 -9 -9 -9 -9 -9 -9 -9 -9 -9 -9 -9 -9 -9 -9 -9 -9 -9 -9 -9 -9 -9 -9 -9 -9 -9 -9 -9 -9 -9 -9 -9 -9 39 0 10 32 68 80 74 76 80 49 68 59 23 22 23 43 68 100 91 38 22 59 27 46 50 88 40 19 47 82 96 9 25 3 3 0 0 0 0 0 0 0 2 28 1 9 26 28 0 0 0 0 9 44 16 35 52 37 23 30 16 0 31
-9 -9 -9 -9 -9 -9 -9 -9 -9 -9 -9 -9 -9 -9 -9 -9 -9 -9 -9 -9 -9 -9 -9 -9 -9 -9 -9 -9 -9 -9 -9 -9 30 9 79 79 46 27 93 57 29 6 1 9 65 85 28 57 62 97 87 49 51 86 34 57 94 75 20 40 80 38 22 4 0 10 0 0 0 0 0 0 0 0 28 96 24 0 17 15 0 0 0 0 0 4 4 35 33 56 17 46 20 11 32 61
-9 -9 -9 -9 -9 -9 -9 -9 -9 -9 -9 -9 -9 -9 -9 -9 -9 -9 -9 -9 -9 -9 -9 -9 -9 -9 -9 -9 -9 -9 -9 -9 4 69 60 35 42 36 91 52 6 35 17 1 47 71 47 25 82 68 48 58 90 22 72 69 12 3 6 16 41 18 13 45 13 0 0 0 0 0 0 0 8 36 21 72 8 0 17 31 0 0 0 29 38 0 22 37 53 59 30 15 17 28 70 20
-9 -9 -9 -9 -9 -9 -9 -9 -9 -9 -9 -9 -9 -9 -9 -9 -9 -9 -9 -9 -9 -9 -9 -9 -9 -9 -9 -9 -9 -9 -9 -9 12 53 88 25 0 26 47 100 83 30 41 36 66 58 20 0 22 63 73 93 94 49 68 31 27 58 28 27 0 7 9 30 10 0 0 0 0 0 0 4 45 67 30 17 0 2 23 0 0 0 63 52 20 0 0 11 23 57 20 33 28 31 57 9
-9 -9 -9 -9 -9 -9 -9 -9 -9 -9 -9 -9 -9 -9 -9 -9 -9 -9 -9 -9 -9 -9 -9 -9 -9 -9 -9 -9 -9 -9 -9 31 52 87 56 6 61 66 89 97 76 50 16 60 56 4 17 14 43 74 70 50 62 31 75 8 2 33 25 16 1 28 19 7 0 0 0 0 0 0 0 37 90 13 4 52 50 0 0 0 18 5 52 59 5 10 45 30 39 93 24 10 44 51 36 61
-9 -9 -9 -9 -9 -9 -9 -9 -9 -9 -9 -9 -9 -9 -9 -9 -9 -9 -9 -9 -9 -9 -9 -9 -9 -9 -9 -9 -9 67 11 22 48 29 10 31 78 97 67 50 75 52 61 55 89 30 33 50 60 31 34 81 99 92 37 49 22 29 12 1 44 12 0 0 0 0 2 0 2 0 2 53 40 46 18 11 30 52 12 52 29 7 11 6 3 56 22 51 81 28 15 31 61 12 26 43
-9 -9 -9 -9 -9 -9 -9 -9 -9 -9 -9 -9 -9 -9 -9 -9 -9 -9 -9 -9 -9 -9 -9 -9 -9 -9 -9 -9 81 37 80 9 6 3 65 65 84 53 49 18 58 31 59 93 90 76 99 18 93 95 90 69 99 19 42 58 42 7 50 65 3 0 0 0 12 65 73 36 75 47 50 49 9 17 26 31 10 29 25 44 26 10 75 32 60 8 27 67 81 20 26 63 25 14 49 18
-9 -9 -9 -9 -9 -9 -9 -9 -9 -9 -9 -9 -9 -9 -9 -9 -9 -9 -9 -9 -9 -9 -9 -9 -9 -9 85 93 84 100 100 79 9 33 93 87 54 0 0 30 88 96 99 70 98 100 97 65 42 82 100 96 34 10 7 0 8 9 21 44 43 0 11 30 76 73 33 13 36 40 37 23 17 15 35 7 42 96 31 25 5 35 47 21 53 51 29 42 53 0 0 7 5 41 35 25
-9 -9 -9 -9 -9 -9 -9 -9 -9 -9 -9 -9 -9 -9 -9 -9 -9 -9 -9 -9 -9 -9 -9 -9 -9 98 100 94 96 51 93 36 33 54 68 54 12 15 8 65 96 93 89 84 100 100 90 24 63 91 62 31 41 38 19 11 52 44 29 89 38 52 63 46 37 35 20 64 64 3 14 7 6 27 9 21 61 64 71 25 1 19 19 36 79 31 16 23 27 11 0 20 28 38 43 50
-9 -9 -9 -9 -9 -9 -9 -9 -9 -9 -9 -9 -9 -9 -9 -9 -9 -9 -9 -9 -9 -9 -9 100 100 84 94 88 34 5 12 0 46 23 55 60 16 47 55 69 98 28 10 48 58 99 33 26 86 84 6 1 3 46 21 7 26 5 1 25 89 76 12 18 8 46 71 8 31 61 41 16 0 35 5 49 38 0 20 0 13 12 0 0 8 21 6 24 0 0 24 3 9 44 83 20
-9 -9 -9 -9 -9 -9 -9 -9 -9 -9 -9 -9 -9 -9 -9 -9 -9 -9 -9 -9 -9 -9 86 84 96 84 92 60 4 37 48 60 45 81 48 0 0 38 35 73 46 69 63 71 75 42 40 40 100 85 0 3 5 19 4 0 0 0 0 0 11 19 19 2 45 45 37 0 28 12 26 28 24 12 2 67 8 30 62 3 0 25 0 0 0 44 39 9 15 24 48 48 50 50 44 13
-9 -9 -9 -9 -9 -9 -9 -9 -9 -9 -9 -9 -9 -9 -9 -9 -9 -9 -9 -9 -9 89 64 100 100 84 29 16 70 72 55 68 37 13 5 15 64 92 67 99 72 95 70 33 10 54 40 93 57 39 2 23 28 16 0 0 0 1 3 17 30 21 20 25 43 5 0 0 57 1 28 7 2 26 16 28 18 62 72 53 42 23 38 16 24 70 91 27 10 9 43 17 38 22 45 68
-9 -9 -9 -9 -9 -9 -9 -9 -9 -9 -9 -9 -9 -9 -9 -9 -9 -9 -9 -9 55 100 98 100 100 79 90 84 35 24 0 0 5 71 19 89 93 46 62 75 42 70 74 24 65 79 55 14 12 20 22 15 1 0 0 0 1 42 21 5 31 20 44 40 21 2 0 17 30 0 5 28 17 14 76 51 37 49 0 21 58 45 7 56 29 19 42 34 0 5 16 72 88 6 17 47
