data/habitatmaps/RS_maps/habitat_Linaria.cannabina_2009.asc
NCOLS 369 
NROWS 228 
XLLCORNER 479000 
YLLCORNER 73000 
CELLSIZE 1000 
NODATA_value -9 
[rows 61 to 121 of 228, columns 192 to 287 of 369]
0 0 1 15 2 0 0 0 0 0 14 1 0 0 0 0 0 0 0 0 0 10 2 0 0 0 0 0 0 0 0 0 0 0 0 2 26 34 16 69 94 85 62 68 26 14 34 20 28 15 18 35 60 28 26 75 64 68 55 73 84 58 58 54 9 26 22 48 66 62 60 52 59 43 34 18 14 26 60 55 50 64 88 79 90 38 32 22 0 9 0 0 0 0 22 2
0 0 0 0 0 0 0 0 0 0 0 0 0 0 0 0 0 0 0 0 0 0 0 0 0 0 0 0 0 0 0 0 0 0 0 5 25 32 37 77 71 62 70 46 34 66 79 64 26 22 28 74 64 52 31 28 74 44 46 59 76 56 78 48 43 54 80 30 43 26 23 51 42 1 25 68 57 76 45 44 52 65 15 87 70 13 51 13 7 8 13 0 44 0 21 0
0 0 0 0 0 0 0 0 0 0 0 0 0 2 0 0 0 0 0 0 0 0 0 0 0 0 0 0 0 0 0 0 0 0 0 0 12 23 38 67 20 27 62 66 54 80 68 42 34 57 85 90 46 68 68 68 64 61 29 30 43 25 56 22 35 72 57 40 37 33 78 56 58 80 98 82 100 93 54 70 71 45 45 69 14 37 5 7 7 10 9 14 0 0 0 2
0 0 0 0 0 0 0 0 0 0 0 0 0 10 0 0 0 0 0 0 0 0 0 0 0 0 0 0 0 0 0 0 0 0 0 0 10 30 52 44 32 28 40 61 56 41 48 55 84 82 75 71 80 84 61 78 25 73 66 62 40 36 65 28 31 41 37 26 20 24 39 59 98 58 42 87 100 100 100 94 63 74 72 2 0 16 0 7 0 0 0 8 1 0 0 4
0 0 0 0 0 0 0 0 0 0 0 0 0 4 0 0 0 0 0 0 0 0 0 0 0 0 0 0 0 0 0 0 0 0 0 0 0 44 17 45 66 6 30 30 45 39 64 74 84 80 84 54 22 52 44 48 36 42 56 82 86 62 51 41 62 45 26 38 22 0 54 92 86 61 86 98 100 89 88 71 100 78 10 0 0 0 0 0 0 0 3 0 0 0 0 30
0 0 0 0 0 0 0 0 0 0 0 0 0 0 0 0 0 0 0 0 0 0 0 0 0 0 8 5 0 0 0 0 0 0 0 0 0 0 16 40 38 30 34 42 38 38 46 90 86 84 17 0 6 38 32 40 78 84 82 60 74 93 69 58 49 53 36 27 51 60 88 77 61 30 34 85 80 84 86 92 55 18 14 0 0 0 0 0 0 14 50 1 0 0 0 31
0 0 0 0 0 0 0 0 0 0 0 0 0 0 0 0 0 0 0 0 0 0 0 0 0 0 12 5 4 22 2 0 0 0 0 0 0 0 12 30 34 18 39 26 27 22 68 74 94 75 9 1 30 44 19 68 63 63 56 67 71 98 100 84 49 24 60 52 40 96 100 81 100 96 30 53 74 63 88 44 16 81 13 0 0 0 0 0 0 14 1 6 0 0 1 29
0 0 0 0 0 0 0 0 0 0 0 0 0 0 0 0 0 0 0 0 0 0 0 0 0 0 0 0 8 28 20 0 0 0 0 0 0 0 5 8 20 23 14 2 0 3 70 65 67 52 56 28 16 22 52 52 29 66 41 85 100 86 75 57 52 51 79 100 86 100 100 81 83 80 86 100 80 90 64 19 38 38 0 0 0 6 7 0 4 16 6 8 14 1 34 2
0 0 0 0 0 0 0 0 0 0 0 0 0 0 0 0 0 0 0 0 0 0 0 0 0 0 0 0 0 2 0 0 0 0 0 0 0 19 90 36 16 0 0 0 0 0 2 86 98 75 70 55 36 64 72 64 16 48 41 62 72 82 54 98 48 72 92 82 92 86 54 33 32 86 56 74 100 52 24 7 90 16 0 0 0 10 2 0 0 0 0 19 15 17 0 30
0 0 0 0 0 0 0 0 0 0 0 0 0 0 0 0 0 0 0 0 0 0 0 0 0 0 0 0 0 0 0 0 0 0 0 0 0 0 6 0 0 0 0 0 0 0 0 5 29 40 76 39 56 46 40 44 36 17 40 38 40 77 87 62 64 79 87 79 54 48 76 64 85 44 45 62 98 69 77 69 64 0 0 0 0 0 0 3 10 0 0 6 18 10 22 25
0 0 0 0 0 0 0 0 0 0 0 0 0 0 0 0 0 0 0 0 0 0 0 0 0 0 0 0 0 0 0 0 0 0 0 0 0 0 0 0 0 0 0 0 0 0 0 1 4 10 42 63 26 4 2 48 47 44 62 41 15 18 72 76 88 36 24 45 89 100 62 58 48 54 66 78 65 84 19 93 47 0 0 0 0 0 0 0 0 0 0 5 0 5 39 44
0 0 0 0 0 0 0 0 0 0 0 0 0 0 0 0 0 0 0 0 0 0 0 7 11 0 0 0 0 0 0 0 0 0 0 0 0 0 0 0 0 0 0 0 0 0 0 8 28 0 33 47 44 14 24 61 94 79 80 52 50 83 99 100 95 51 37 58 62 79 77 89 100 56 7 6 24 48 82 71 70 0 0 0 0 0 0 0 0 0 23 28 0 23 39 0
0 0 0 0 0 0 0 0 0 0 0 0 0 0 0 0 0 0 0 0 0 0 0 3 4 0 0 0 0 10 24 20 29 2 0 15 8 0 0 0 0 0 0 0 0 0 0 12 26 0 34 65 42 20 30 51 100 100 70 38 14 55 30 56 72 34 79 76 61 73 66 82 84 84 81 60 46 58 90 98 36 0 0 0 0 0 0 0 0 1 39 19 0 0 2 0
0 0 0 0 0 0 0 0 0 0 0 18 13 0 0 0 0 0 0 0 0 0 0 0 0 0 0 0 0 0 16 29 46 35 30 48 32 18 16 0 3 0 0 0 0 0 0 0 0 0 11 88 34 20 58 99 100 100 57 10 7 6 24 33 18 61 70 79 92 99 68 80 65 38 8 60 70 92 69 46 87 13 0 0 0 0 18 6 2 18 66 30 1 24 24 18
0 0 0 0 0 0 0 0 0 0 0 60 90 36 0 0 0 0 0 0 0 5 27 41 4 0 0 0 4 15 24 23 29 20 39 36 32 38 56 46 88 63 56 36 58 13 0 0 0 0 0 65 8 24 94 87 73 100 94 60 50 56 47 40 32 91 100 100 99 100 84 96 100 96 32 14 23 14 24 46 36 40 4 0 0 0 18 3 1 24 21 24 0 6 66 30
0 0 0 0 0 0 0 0 0 0 3 42 100 28 0 0 1 5 2 11 36 24 38 30 6 0 0 0 6 27 36 36 22 4 24 23 64 41 31 44 1 25 27 35 35 79 44 8 0 0 5 52 0 63 52 37 72 41 91 35 64 83 50 54 57 85 61 24 36 61 54 98 100 98 86 30 48 73 59 6 33 53 0 0 0 0 0 0 40 5 0 0 16 28 62 8
0 0 0 0 0 0 0 0 0 0 1 69 91 52 0 0 12 28 7 0 15 0 0 0 0 0 21 9 1 14 42 16 0 14 27 25 38 5 20 29 48 22 30 44 35 2 12 17 0 0 7 27 9 22 8 23 16 57 82 86 70 54 84 96 93 44 81 81 42 27 61 70 99 100 97 68 91 100 88 46 36 23 32 0 0 0 0 6 40 48 30 0 22 42 60 56
0 0 0 0 0 0 0 0 0 0 2 60 44 6 34 16 38 46 52 18 12 45 2 15 0 20 48 36 45 10 16 58 2 24 30 5 27 20 47 22 29 54 20 62 73 2 10 7 0 0 0 0 4 16 48 7 43 63 54 52 72 78 89 76 42 10 9 32 60 57 5 5 65 84 70 42 88 100 98 31 12 90 11 0 0 0 0 8 33 13 8 16 35 33 64 86
0 0 0 0 0 0 0 0 0 0 0 38 18 56 37 9 16 31 68 90 64 61 48 9 16 38 38 32 42 4 0 76 36 15 0 42 0 0 44 35 22 11 3 52 90 40 43 30 0 0 0 0 0 4 15 1 1 3 0 0 5 0 0 5 24 0 0 1 0 0 18 17 0 30 70 54 70 90 100 42 62 80 17 26 0 0 0 0 37 37 16 20 64 50 72 56
0 0 0 0 0 0 0 0 0 1 46 52 20 33 92 74 28 0 3 51 59 4 14 28 37 34 75 28 31 12 0 69 76 42 54 46 5 12 80 54 96 60 3 46 62 56 12 0 0 4 38 0 0 0 0 0 0 13 0 0 0 0 0 0 0 0 0 0 0 2 0 0 0 3 84 40 76 84 100 86 82 30 42 12 0 0 0 0 19 51 49 31 35 36 84 40
0 0 0 0 0 0 0 0 0 19 58 17 4 38 90 95 30 3 0 17 43 35 27 48 44 38 74 16 17 26 0 39 60 73 61 64 58 48 46 41 88 38 3 44 90 76 37 44 42 36 33 14 0 7 9 24 49 18 58 40 18 2 0 0 0 51 54 8 27 36 34 31 0 0 5 20 54 83 100 100 80 36 6 3 0 0 0 0 2 16 53 23 28 31 100 51
0 0 0 0 0 0 0 0 0 50 41 76 28 1 52 54 0 0 8 7 28 34 44 26 40 13 46 35 31 44 6 42 32 49 43 28 83 60 58 0 12 56 62 30 61 58 32 32 44 56 25 0 7 60 36 16 32 4 54 33 58 44 28 8 62 36 38 16 13 66 76 55 23 0 0 8 66 99 100 96 98 23 37 0 0 0 2 16 0 2 23 24 31 18 55 39
0 0 0 0 0 0 0 0 0 4 3 54 76 3 10 0 5 35 20 28 10 24 25 16 48 33 44 61 42 42 20 14 53 74 49 27 36 58 31 12 0 62 53 94 100 75 45 52 69 54 4 0 8 26 43 42 74 39 63 20 55 8 22 1 10 42 9 18 64 40 75 100 58 0 5 6 22 80 98 74 18 5 30 0 0 0 5 32 0 1 63 36 62 92 98 27
0 0 0 0 0 14 5 0 0 0 13 37 27 17 0 0 6 10 28 43 32 46 44 6 2 30 30 68 12 35 28 46 38 83 34 44 31 37 22 11 14 28 40 66 57 61 17 40 27 23 0 19 3 0 33 81 100 84 86 61 81 6 0 11 28 55 41 44 64 70 83 59 60 14 26 34 2 30 52 82 6 8 10 0 0 0 24 0 1 19 82 40 61 100 77 40
0 0 0 0 0 50 32 22 0 0 21 78 64 35 33 22 22 22 28 37 28 33 26 31 0 29 54 75 57 60 14 15 37 46 40 46 35 6 55 8 36 30 59 90 78 56 20 46 63 30 1 42 0 1 41 51 96 69 36 85 96 56 1 22 46 100 100 100 57 26 34 28 63 48 34 0 0 5 17 96 50 27 7 0 0 5 36 1 17 65 99 63 68 100 98 100
31 9 0 0 0 9 40 14 2 4 0 3 52 20 76 22 36 28 50 41 28 18 16 4 52 17 38 20 13 34 60 58 7 68 28 66 87 14 26 86 26 17 17 86 72 75 16 77 87 94 94 15 22 5 41 79 96 82 47 10 98 74 25 3 86 100 100 95 56 20 12 23 66 64 46 42 0 0 0 28 26 21 0 0 0 8 5 55 63 52 100 94 80 86 100 93
0 0 0 0 3 26 23 89 23 4 25 0 76 43 24 0 0 1 24 33 40 35 46 14 67 6 29 0 0 8 32 6 38 64 36 42 26 27 96 100 42 28 79 99 85 38 57 100 100 100 90 48 5 24 62 48 100 100 57 67 40 85 61 37 92 100 90 41 22 46 0 59 67 71 31 25 8 30 22 3 10 19 0 0 0 25 8 0 3 68 94 60 47 60 42 100
6 24 0 0 16 46 64 36 49 60 6 36 43 48 0 0 0 0 1 28 14 28 69 36 45 30 15 0 24 0 48 48 46 58 37 64 44 8 76 99 47 58 76 52 94 96 100 100 97 86 29 34 38 27 77 97 98 100 100 100 100 97 63 71 100 100 100 63 48 18 6 90 100 60 55 48 19 13 29 13 0 0 0 0 12 29 0 0 6 90 67 50 53 78 99 100
28 13 3 0 16 36 20 22 34 54 24 26 40 10 0 1 12 16 11 38 34 36 52 41 36 32 2 18 17 17 28 91 41 91 52 100 77 18 95 100 98 68 46 66 99 100 96 67 16 0 11 65 18 22 14 100 72 88 79 96 100 100 78 93 100 96 100 88 56 29 22 100 62 30 38 63 28 26 4 64 23 0 0 0 0 3 9 6 0 46 49 53 93 63 86 73
0 0 0 10 48 24 34 28 18 44 31 6 36 53 50 29 0 21 46 46 48 39 20 36 68 63 0 51 72 32 76 73 88 62 75 100 75 66 100 100 93 92 65 45 54 43 7 0 11 8 17 29 51 18 18 34 60 75 96 90 98 100 100 100 70 38 83 100 55 27 88 100 100 100 100 29 2 4 55 62 47 25 0 0 0 0 4 11 0 1 9 54 99 89 82 22
0 0 11 42 32 30 18 10 36 38 89 28 13 32 39 84 50 11 1 16 32 38 23 24 64 30 8 44 29 28 82 81 31 34 94 100 61 86 100 66 52 40 76 52 0 0 0 2 16 49 25 54 26 51 56 28 66 83 72 75 100 100 100 100 92 96 100 100 95 87 100 100 100 96 66 21 8 20 49 6 58 53 34 1 0 0 0 2 26 32 44 41 94 92 90 92
0 0 3 7 0 4 0 17 45 18 61 87 67 48 39 26 82 46 6 50 22 0 30 24 39 68 66 82 40 19 49 50 49 26 54 100 96 96 82 17 33 30 22 22 15 0 0 28 44 29 32 80 14 70 57 0 66 99 60 57 100 100 100 100 90 93 100 100 100 100 100 100 100 96 20 52 6 50 61 55 34 44 14 7 0 0 0 0 25 78 12 26 40 95 98 77
0 0 0 0 0 0 0 0 4 31 50 46 68 55 22 38 32 15 51 68 34 46 63 57 57 56 65 50 24 52 70 37 63 28 76 100 32 66 60 58 85 83 16 80 64 35 0 0 0 0 54 50 52 48 13 0 6 36 90 88 64 37 75 100 90 93 84 100 100 100 100 98 69 42 26 21 46 98 90 70 23 30 36 18 21 2 0 0 12 65 24 13 11 82 67 82
0 0 0 0 0 0 0 0 14 12 24 51 36 9 5 0 28 10 28 92 82 76 28 18 41 23 82 88 64 82 91 68 87 97 62 39 64 87 99 18 28 100 67 58 100 42 0 0 0 6 73 34 60 52 31 5 0 0 9 27 18 58 100 96 100 100 81 100 100 100 97 38 32 54 42 30 29 100 83 100 99 82 52 17 50 17 14 12 0 0 0 8 31 53 64 72
26 3 12 7 0 1 0 0 20 28 3 16 7 20 0 0 0 0 0 58 100 25 23 43 2 32 88 43 60 50 97 100 90 63 21 86 43 50 48 4 8 76 98 74 90 13 0 0 32 69 83 24 57 31 15 0 12 15 15 26 6 88 97 66 100 80 94 100 96 90 88 38 19 39 46 71 99 99 68 100 100 100 100 15 40 34 16 26 36 0 0 29 16 61 14 2
68 89 82 88 61 23 0 0 0 0 0 0 0 0 0 13 9 0 8 83 39 11 12 30 46 60 69 35 85 75 60 52 4 33 60 55 31 90 66 48 61 74 85 69 28 6 10 36 100 64 24 59 34 16 3 20 78 26 34 45 28 64 94 90 100 88 81 91 57 50 44 30 86 86 58 100 91 59 48 99 100 94 74 36 30 7 96 14 10 0 0 0 0 6 0 6
37 28 29 4 0 0 1 0 0 0 0 0 0 2 28 23 16 0 36 30 74 83 91 69 64 20 32 66 55 14 80 66 9 36 26 8 52 94 60 39 11 36 89 17 35 96 99 97 55 26 11 67 11 41 26 57 91 98 44 34 35 57 44 66 64 75 84 62 61 70 88 72 98 95 62 100 78 7 38 84 90 70 26 45 44 3 77 14 20 1 0 0 0 6 20 28
2 0 0 4 18 17 37 18 0 0 0 2 8 1 0 23 12 0 36 32 100 100 100 69 70 62 55 11 63 42 65 31 0 3 30 28 66 98 91 40 0 51 42 0 1 32 56 97 34 0 32 23 0 39 37 80 86 62 81 61 39 46 22 38 60 62 41 90 89 100 100 74 58 98 94 94 20 0 37 86 79 39 26 19 2 5 41 32 24 4 0 0 0 25 38 14
0 24 50 42 34 28 26 36 38 18 2 46 68 20 3 36 13 0 17 18 45 91 100 100 100 100 67 46 48 49 34 0 26 32 42 60 83 95 54 1 0 4 2 0 40 100 92 50 76 21 65 0 23 58 68 92 98 90 93 54 40 22 43 88 100 92 100 100 100 95 72 44 74 75 70 70 7 59 10 54 100 96 94 21 36 12 35 0 26 1 0 1 9 60 32 54
5 28 46 14 3 4 65 57 58 34 70 17 51 67 66 27 2 0 13 28 26 38 62 68 78 91 100 83 70 76 56 90 68 8 32 21 34 98 100 74 64 48 92 45 84 100 89 85 34 25 12 1 41 63 68 100 100 100 92 80 52 8 83 100 100 100 66 87 54 50 77 98 100 97 88 73 14 91 41 59 100 100 100 40 5 54 42 14 37 0 13 58 26 13 16 42
20 24 65 16 65 69 36 56 38 22 38 42 64 99 27 25 0 0 0 0 9 4 25 10 38 66 62 59 20 87 90 100 100 80 32 12 58 100 80 74 64 31 25 8 91 87 85 24 21 21 2 43 63 88 100 100 100 100 100 80 40 14 81 90 96 92 32 4 32 95 98 70 62 82 79 91 85 84 74 5 86 100 90 24 22 91 69 14 0 0 2 62 8 14 34 20
11 18 34 62 86 66 22 58 62 70 2 44 80 78 34 26 0 0 11 18 80 80 74 98 100 95 12 5 32 85 52 100 100 100 67 64 70 100 78 68 74 70 20 0 28 86 31 0 32 1 46 86 100 94 52 81 100 100 100 58 63 37 31 10 46 95 0 0 72 91 74 72 76 38 20 56 100 100 99 79 73 80 45 0 59 78 12 34 14 0 0 22 5 48 30 27
62 54 11 35 31 60 64 100 62 82 60 78 60 60 16 16 4 0 7 10 54 87 100 100 98 70 64 38 80 100 94 100 100 100 94 41 68 100 89 80 60 26 0 16 94 67 21 30 14 0 62 100 100 60 1 26 100 99 77 72 55 71 28 42 100 60 0 0 36 54 46 52 45 42 46 87 70 48 12 16 21 37 14 14 78 95 56 54 18 0 0 14 39 33 34 36
52 88 40 17 30 55 93 100 100 97 78 25 28 17 16 17 2 0 0 0 3 18 74 89 66 38 74 100 100 100 100 90 87 60 80 77 68 69 27 2 4 25 75 100 50 15 53 45 43 61 96 100 94 36 64 64 100 84 76 78 47 40 76 100 68 6 0 0 9 29 19 0 0 0 2 17 24 10 70 58 22 2 2 1 66 99 38 3 0 0 0 53 17 5 62 20
43 28 3 36 39 79 56 82 100 85 26 43 0 10 6 9 0 0 0 0 39 41 18 91 100 100 100 100 100 100 84 28 52 76 100 94 72 4 0 14 83 100 90 69 74 69 37 66 13 100 74 100 68 79 100 100 93 60 58 76 100 90 90 90 24 0 58 22 51 100 82 4 16 4 1 11 0 46 98 61 40 49 69 16 78 87 7 0 0 16 5 16 5 17 86 46
13 45 33 49 67 91 89 98 98 54 16 13 76 55 17 2 0 0 1 4 4 45 19 37 84 89 55 88 85 42 18 28 70 98 100 100 44 0 46 98 77 72 87 100 100 67 51 21 48 95 93 92 39 18 96 100 58 65 71 90 49 32 37 9 8 46 85 25 68 80 100 63 66 6 10 85 27 66 66 23 18 1 12 46 94 61 1 0 0 20 12 0 5 16 75 87
57 27 29 64 13 64 100 100 100 100 55 20 99 72 34 66 13 6 34 17 0 17 24 37 63 62 52 85 49 76 84 12 2 65 68 88 0 19 78 55 54 72 92 100 87 32 42 38 94 34 63 54 4 18 82 79 74 62 42 9 0 0 0 0 33 100 64 74 90 78 82 94 78 18 56 24 87 78 32 41 6 24 42 85 82 41 1 0 0 0 0 0 29 100 100 100
87 54 46 88 33 67 100 100 100 84 50 89 84 73 58 64 36 0 13 20 1 14 15 30 31 44 80 94 92 100 98 77 58 91 67 16 64 99 71 99 93 26 66 45 100 53 4 94 32 0 2 4 0 0 12 12 69 70 0 0 0 0 3 28 37 90 100 100 100 100 100 100 100 34 71 28 86 33 34 13 60 75 98 63 29 49 22 0 0 0 0 14 52 100 100 100
98 60 23 27 44 78 60 59 90 68 68 58 1 27 27 83 14 1 22 19 23 35 34 16 20 40 34 59 87 99 76 84 62 92 100 90 80 72 80 62 22 0 3 50 56 22 48 88 12 0 0 0 0 0 5 3 20 8 4 28 62 44 74 100 100 100 95 90 95 78 100 100 95 88 95 72 77 31 18 12 72 78 35 37 34 60 0 0 0 0 0 32 90 97 86 100
20 25 78 85 100 100 1 4 0 11 26 24 0 0 41 57 29 28 11 28 0 1 27 50 10 53 32 9 43 54 43 36 19 31 73 100 8 5 7 0 0 0 15 39 67 59 22 94 71 66 16 0 0 0 54 61 12 12 42 100 100 100 100 100 100 100 10 45 64 10 49 56 8 55 82 88 80 0 13 12 34 6 0 0 0 4 0 0 0 0 26 83 60 59 51 67
26 34 76 15 34 50 68 50 0 0 0 0 0 4 84 100 99 13 12 34 24 6 21 60 60 84 100 70 98 92 26 89 94 100 88 60 0 0 0 0 0 18 60 46 52 19 0 30 59 55 0 0 13 78 95 99 80 96 100 100 100 100 100 100 68 52 2 30 43 56 31 58 3 20 44 52 56 5 31 24 8 0 0 0 20 39 39 1 8 4 22 48 36 57 62 50
0 14 89 70 50 94 68 25 0 12 44 36 26 52 100 100 94 39 31 24 27 41 45 67 83 86 88 76 100 79 60 100 46 15 12 0 0 0 0 0 26 80 74 99 98 10 0 0 30 26 0 14 12 91 100 94 100 100 100 100 100 100 100 100 95 22 70 41 32 8 42 21 30 33 16 35 56 37 3 11 0 0 7 21 27 1 0 33 18 18 10 9 0 12 18 6
45 82 66 76 74 93 68 0 22 90 98 90 81 52 80 78 74 84 33 11 20 27 91 52 69 46 57 66 97 9 67 90 0 0 0 0 0 0 0 0 20 30 12 65 90 36 0 7 49 14 26 83 89 76 90 50 47 99 100 100 71 100 100 98 92 24 38 18 30 8 1 4 22 44 46 25 20 16 0 0 0 0 28 5 0 0 16 24 30 12 10 38 52 20 5 18
13 65 46 44 38 84 20 8 26 100 100 88 40 8 0 11 52 76 32 1 4 0 57 64 64 16 70 77 98 48 67 17 0 0 0 0 0 0 0 0 0 0 1 25 6 1 0 0 8 46 63 61 100 98 91 70 20 80 100 95 26 96 82 37 54 50 43 0 0 0 0 0 8 29 22 0 0 0 0 0 3 20 26 35 8 36 59 56 42 18 14 30 29 51 35 25
51 28 32 33 24 76 55 24 84 99 82 12 0 33 83 98 49 37 0 0 20 26 1 49 88 43 56 16 30 39 10 0 0 8 2 0 0 0 6 16 0 0 0 0 0 0 0 0 38 95 100 100 100 81 66 34 35 35 100 77 0 60 12 11 58 94 76 0 9 0 0 0 7 40 1 0 0 0 0 2 10 20 41 82 80 100 76 52 33 57 54 84 46 49 2 31
62 41 42 30 66 30 54 91 100 100 99 11 0 1 80 100 100 71 55 68 34 12 77 27 9 96 73 17 0 0 0 0 0 32 27 20 0 2 20 28 35 2 0 0 0 0 22 53 84 92 100 100 100 96 60 21 56 41 48 18 0 55 36 1 52 66 24 5 33 10 3 11 43 44 39 17 4 24 6 33 66 56 72 89 100 100 89 12 52 70 67 100 100 93 66 83
84 87 81 70 44 28 42 64 70 96 89 10 0 1 13 60 78 58 76 93 99 13 27 56 2 54 1 2 5 18 12 30 38 74 72 4 0 0 70 90 80 24 0 0 0 0 0 6 34 49 100 96 73 92 97 65 69 58 58 12 34 18 34 27 45 22 25 31 34 80 54 46 60 60 62 10 20 32 19 30 4 2 30 23 54 99 100 100 64 47 55 90 100 100 100 100
70 86 84 100 91 58 38 86 90 70 20 0 0 0 0 5 12 28 92 95 100 67 13 72 1 26 25 59 92 100 84 88 96 95 16 0 0 4 59 100 89 50 20 0 0 41 18 0 32 73 99 88 39 70 100 73 76 74 30 0 22 22 38 30 69 31 40 6 6 20 40 39 72 50 20 3 4 36 3 12 0 0 65 36 6 88 100 82 12 34 36 56 100 94 93 100
38 98 99 67 4 0 60 30 35 6 0 0 0 1 11 5 2 52 84 100 99 52 8 19 0 17 68 100 100 78 19 47 98 97 26 5 30 88 78 100 100 53 2 8 6 62 88 66 77 94 68 84 28 75 59 40 45 34 26 0 18 35 52 21 6 36 40 24 35 34 8 14 32 86 14 0 0 13 26 6 0 0 23 14 9 45 86 62 70 37 26 58 100 90 83 94
90 74 26 0 0 0 16 0 0 6 38 18 0 5 57 42 14 56 100 85 52 9 0 3 18 15 36 61 29 60 46 78 60 100 24 0 53 100 100 100 100 38 21 64 72 94 88 83 76 55 30 16 34 60 44 20 38 40 30 47 42 28 4 52 44 58 18 58 64 70 26 24 22 100 22 20 0 38 38 4 0 0 24 20 22 39 87 55 100 84 72 51 83 99 17 8
15 0 0 3 0 0 0 19 32 61 100 53 4 10 84 91 79 100 98 42 16 19 50 19 45 34 20 24 39 87 77 26 22 100 69 24 47 74 83 98 71 88 58 100 93 61 29 11 6 67 24 42 10 18 31 34 7 26 80 95 52 58 65 67 27 40 76 17 18 62 26 79 72 100 94 16 0 34 52 66 7 0 0 0 4 28 68 94 99 72 11 41 61 90 8 22
