data/habitatmaps/RS_maps/habitat_Fringilla.coelebs_2005.asc
NCOLS 369 
NROWS 228 
XLLCORNER 479000 
YLLCORNER 73000 
CELLSIZE 1000 
NODATA_value -9 
[rows 0 to 60 of 228, columns 192 to 287 of 369]
100 100 72 73 78 81 98 35 51 88 100 86 58 69 26 52 26 40 5 72 38 34 7 9 0 26 2 22 36 71 4 57 67 57 -9 -9 -9 -9 -9 -9 -9 -9 -9 -9 -9 -9 -9 -9 -9 -9 -9 -9 -9 -9 -9 -9 -9 -9 -9 -9 -9 -9 -9 -9 -9 -9 -9 -9 -9 -9 -9 -9 -9 -9 -9 -9 -9 -9 -9 -9 -9 -9 -9 -9 -9 -9 -9 -9 -9 -9 -9 -9 -9 -9 -9 -9
100 100 72 10 56 42 70 15 16 44 69 79 11 27 45 38 23 0 48 86 58 28 11 18 2 34 15 39 27 38 21 85 19 75 5 24 15 -9 -9 -9 -9 -9 -9 -9 -9 -9 -9 -9 -9 -9 -9 -9 -9 -9 -9 -9 -9 -9 -9 -9 -9 -9 -9 -9 -9 -9 -9 -9 -9 -9 -9 -9 -9 -9 -9 -9 -9 -9 -9 -9 -9 -9 -9 -9 -9 -9 -9 -9 -9 -9 -9 -9 -9 -9 -9 -9
100 84 3 0 0 0 5 28 36 69 88 68 52 100 91 30 13 0 73 47 4 35 60 24 24 49 10 59 1 21 33 18 11 73 46 47 20 3 -9 -9 -9 -9 -9 -9 -9 -9 -9 -9 -9 -9 -9 -9 -9 -9 -9 -9 -9 -9 -9 -9 -9 -9 -9 -9 -9 -9 -9 -9 -9 -9 -9 -9 -9 -9 -9 -9 -9 -9 -9 -9 -9 -9 -9 -9 -9 -9 -9 -9 -9 -9 -9 -9 -9 -9 -9 -9
64 25 0 28 8 30 13 45 31 76 33 8 13 86 63 66 44 11 51 5 24 5 4 28 15 77 21 18 40 5 6 49 0 3 48 53 25 0 21 0 -9 -9 -9 -9 -9 -9 -9 -9 -9 -9 -9 -9 -9 -9 -9 -9 -9 -9 -9 -9 -9 -9 -9 -9 -9 -9 -9 -9 -9 -9 -9 -9 -9 -9 -9 -9 -9 -9 -9 -9 -9 -9 -9 -9 -9 -9 -9 -9 -9 -9 -9 -9 -9 -9 -9 -9
8 0 0 7 33 13 89 44 6 63 5 8 16 73 24 17 17 14 11 21 36 1 11 60 0 26 58 72 1 0 0 21 37 20 8 26 6 0 5 0 38 -9 -9 -9 -9 -9 -9 -9 -9 -9 -9 -9 -9 -9 -9 -9 -9 -9 -9 -9 -9 -9 -9 -9 -9 -9 -9 -9 -9 -9 -9 -9 -9 -9 -9 -9 -9 -9 -9 -9 -9 -9 -9 -9 -9 -9 -9 -9 -9 -9 -9 -9 -9 -9 -9 -9
8 0 0 24 4 10 44 65 72 27 20 23 94 92 41 3 7 7 9 65 53 44 34 32 30 19 44 18 0 0 0 14 36 4 0 20 24 29 23 23 85 60 -9 -9 -9 -9 -9 -9 -9 -9 -9 -9 -9 -9 -9 -9 -9 -9 -9 -9 -9 -9 -9 -9 -9 -9 -9 -9 -9 -9 -9 -9 -9 -9 -9 -9 -9 -9 -9 -9 -9 -9 -9 -9 -9 -9 -9 -9 -9 -9 -9 -9 -9 -9 -9 -9
43 8 0 53 72 62 34 95 46 14 23 0 97 100 74 60 22 0 0 8 70 43 32 4 24 29 46 60 29 0 3 0 31 7 17 17 19 20 62 41 5 56 23 -9 59 100 99 92 76 74 0 0 1 24 7 -9 -9 -9 -9 -9 -9 -9 -9 -9 -9 -9 -9 -9 -9 -9 -9 -9 -9 -9 -9 -9 -9 -9 -9 -9 -9 -9 -9 -9 -9 -9 -9 -9 -9 -9 -9 -9 -9 -9 -9 -9
46 25 18 58 65 92 0 27 40 55 48 3 73 100 100 98 78 47 2 0 32 64 21 0 0 18 90 84 31 0 27 42 0 0 29 19 40 46 63 11 4 49 56 36 45 78 70 43 91 100 51 1 0 0 0 36 0 0 0 -9 -9 -9 -9 -9 -9 -9 -9 -9 -9 -9 -9 -9 -9 -9 -9 -9 -9 -9 -9 -9 -9 -9 -9 -9 -9 -9 -9 -9 -9 -9 -9 -9 -9 -9 -9 -9
32 37 45 30 48 57 32 44 37 91 69 2 36 97 90 48 52 66 80 30 0 1 0 0 4 0 17 22 0 0 0 0 0 69 99 100 99 81 66 62 70 45 60 45 43 37 36 31 44 59 100 56 6 0 0 0 26 60 50 23 20 19 3 0 32 62 3 35 -9 -9 -9 -9 -9 -9 -9 -9 -9 -9 -9 -9 -9 -9 -9 -9 -9 -9 -9 -9 -9 -9 -9 -9 -9 -9 -9 -9
39 63 35 13 16 39 54 94 40 36 25 29 51 80 58 65 45 84 100 72 52 35 21 8 72 24 1 0 1 16 8 45 5 90 75 38 77 67 87 60 52 24 10 38 87 16 25 62 49 49 61 29 21 35 4 0 8 22 74 90 43 56 65 64 65 99 55 19 14 33 33 41 -9 -9 -9 -9 -9 -9 -9 -9 -9 -9 -9 -9 -9 -9 -9 -9 -9 -9 -9 -9 -9 -9 -9 -9
18 88 49 96 15 76 49 40 0 16 8 25 72 100 83 78 52 80 96 52 49 24 45 21 3 0 8 19 1 53 44 7 58 36 37 36 12 19 83 19 40 38 12 40 79 61 20 24 26 43 60 71 80 87 88 8 0 0 3 47 63 91 65 76 43 69 79 22 0 0 13 28 57 44 -9 -9 -9 -9 -9 -9 -9 -9 -9 -9 -9 -9 -9 -9 -9 -9 -9 -9 -9 -9 -9 -9
4 40 100 80 83 52 32 63 0 13 63 100 88 100 98 82 65 63 71 22 26 31 73 58 32 5 0 1 6 21 14 46 51 28 76 59 73 89 26 7 30 7 37 100 88 34 34 87 62 53 74 62 65 58 70 31 0 2 0 0 15 30 18 6 34 54 40 60 0 0 0 14 79 81 36 80 -9 -9 -9 -9 -9 -9 -9 -9 -9 -9 -9 -9 -9 -9 -9 -9 -9 -9 -9 -9
15 5 44 36 80 16 17 5 0 55 88 100 82 77 88 65 89 75 75 74 31 71 74 70 35 39 17 40 81 99 44 93 74 37 47 16 59 14 44 0 0 0 2 55 80 6 19 48 95 83 39 21 37 43 37 4 36 31 8 0 0 0 0 22 49 15 21 33 0 3 8 36 46 6 13 58 68 100 -9 -9 -9 -9 -9 -9 -9 -9 -9 -9 -9 -9 -9 -9 -9 -9 -9 -9
32 23 14 61 51 72 27 0 52 92 100 88 75 95 66 41 97 65 82 54 62 64 77 63 52 43 26 20 40 77 18 44 76 40 74 70 13 1 5 0 12 16 0 0 4 28 0 8 48 69 28 0 53 66 40 66 94 12 0 0 0 0 0 73 78 84 77 9 42 6 31 3 8 0 43 84 47 43 26 0 -9 -9 -9 -9 -9 -9 -9 -9 -9 -9 -9 -9 -9 -9 -9 -9
37 11 84 35 42 90 8 0 3 24 71 100 98 92 100 80 80 97 75 90 91 89 95 60 55 94 10 11 5 28 18 16 4 27 9 5 3 27 22 0 56 38 20 2 0 0 0 0 0 12 51 45 56 95 99 100 100 78 11 4 0 0 0 22 93 42 59 56 21 52 48 20 48 46 19 32 4 32 6 0 0 20 -9 -9 -9 -9 -9 -9 -9 -9 -9 -9 -9 -9 -9 -9
52 5 35 98 72 20 3 0 0 20 50 100 99 34 97 75 39 99 70 85 55 82 27 35 28 72 63 22 0 0 8 25 0 27 33 38 62 62 37 30 5 3 23 30 11 0 0 0 0 0 2 45 4 32 92 100 96 93 47 22 0 0 0 0 36 74 42 6 64 35 52 0 21 26 8 6 0 43 49 49 61 29 5 34 -9 -9 -9 -9 -9 -9 -9 -9 -9 -9 -9 -9
67 70 44 46 28 8 30 6 46 0 9 49 80 53 90 45 67 100 77 69 71 98 30 7 22 62 96 64 60 59 40 45 44 83 83 44 49 73 53 99 100 74 43 56 4 3 0 0 0 0 29 0 0 6 66 49 26 20 74 61 0 0 0 0 0 24 83 28 3 47 63 15 12 32 47 33 13 38 51 38 33 3 37 6 24 16 -9 -9 -9 -9 -9 -9 -9 -9 -9 -9
67 34 99 13 26 74 2 1 21 0 0 3 15 45 70 79 97 100 59 94 36 37 41 19 0 2 20 91 87 54 81 31 10 56 58 62 48 44 13 99 64 97 89 53 10 36 0 0 0 0 10 0 0 0 9 51 31 20 98 99 30 0 0 0 0 0 3 3 0 48 65 74 20 72 50 8 28 18 47 6 18 32 41 10 26 57 8 -9 -9 -9 -9 -9 -9 -9 -9 -9
70 41 100 8 0 3 0 29 63 0 32 33 1 16 59 71 100 88 66 92 39 9 60 72 56 11 43 56 8 14 100 52 0 71 100 100 99 46 20 48 64 99 54 40 43 0 0 0 0 0 0 0 0 0 0 4 18 90 93 92 26 34 0 0 0 0 0 0 6 42 8 7 9 18 41 23 0 26 35 7 5 20 33 23 28 44 10 33 5 -9 -9 -9 -9 -9 -9 -9
56 72 74 0 0 32 42 67 48 67 82 100 82 99 97 78 80 43 51 88 87 49 31 52 22 14 2 34 6 64 85 6 2 41 75 99 55 48 86 5 25 63 47 30 2 0 6 35 39 37 18 5 20 0 0 0 0 10 38 83 89 43 0 0 0 0 0 0 0 0 16 2 13 63 44 0 39 78 53 33 41 86 43 37 53 59 3 38 10 25 -9 -9 -9 -9 -9 -9
79 55 6 34 0 37 28 68 99 100 100 100 100 100 47 21 39 11 76 64 80 70 25 18 77 23 31 24 59 94 69 10 6 4 46 63 14 33 17 7 51 5 0 11 69 40 65 60 74 55 40 64 49 0 0 9 4 12 61 40 67 82 6 0 0 0 0 0 0 0 0 4 32 5 0 0 0 0 37 48 60 59 96 96 100 48 0 55 61 34 67 -9 -9 -9 -9 -9
31 7 23 13 0 1 15 60 100 100 100 100 99 83 19 15 26 52 0 53 90 93 12 52 34 31 22 7 43 11 45 36 0 15 38 53 10 12 5 9 9 4 31 54 44 82 63 50 81 87 35 62 34 3 1 81 40 1 63 33 0 0 0 0 0 0 0 0 0 0 0 0 0 0 0 0 0 0 0 0 24 54 48 81 100 30 0 75 56 81 69 73 -9 -9 -9 -9
55 18 81 10 19 42 97 55 77 84 100 100 39 89 34 9 12 67 22 30 27 40 30 13 57 40 51 63 0 0 80 69 39 61 16 16 60 0 0 35 40 70 66 42 14 40 48 59 59 66 74 76 54 89 64 41 25 43 100 66 5 0 0 0 0 0 0 0 0 0 0 0 0 0 0 0 0 0 0 0 0 0 0 5 54 46 10 55 76 97 100 100 90 53 -9 -9
9 0 16 80 27 88 89 45 29 47 90 85 35 17 61 57 59 61 32 18 5 55 40 42 62 83 98 58 0 1 83 100 100 96 44 34 49 66 39 72 96 28 0 4 31 5 20 11 36 7 11 21 60 80 100 49 52 51 81 95 59 56 0 51 22 0 0 0 0 0 0 0 0 0 0 0 0 0 0 0 0 0 0 0 0 51 40 91 96 47 54 15 30 27 45 -9
44 7 56 18 88 56 61 17 0 45 63 61 52 30 20 35 38 48 30 45 21 4 28 25 28 39 51 30 23 19 89 71 85 56 90 61 20 37 12 22 37 36 40 13 19 22 0 55 23 10 10 0 0 42 99 94 82 86 23 59 20 57 40 35 24 22 3 0 0 0 0 0 0 0 0 0 0 0 0 0 0 0 0 0 0 8 80 100 81 19 7 35 31 1 1 1
69 30 27 54 69 61 33 23 21 7 30 30 100 80 48 5 32 72 100 11 52 6 14 10 36 10 1 37 28 17 5 14 0 5 4 63 67 89 88 94 2 0 11 49 3 15 30 50 23 32 7 0 0 39 49 37 20 66 53 62 50 32 65 22 11 63 6 4 2 0 0 0 0 0 0 0 0 0 0 0 0 0 0 0 0 0 71 45 27 5 15 78 20 30 28 15
16 23 37 92 66 6 6 0 0 63 18 40 54 63 27 47 90 92 92 27 7 41 45 68 81 23 8 65 81 25 13 12 2 0 0 0 24 59 29 35 37 39 16 53 48 24 71 57 8 12 9 0 11 3 50 4 2 0 20 26 36 9 22 22 15 1 23 1 69 8 0 0 0 0 0 0 0 0 0 0 0 0 0 0 0 0 32 7 4 14 0 0 9 4 8 4
21 40 74 51 34 19 50 36 40 60 4 12 36 19 39 48 46 98 100 74 21 69 29 41 71 21 47 38 25 38 45 68 25 42 0 25 14 9 3 13 27 59 17 31 5 12 55 41 30 54 6 19 42 29 39 13 19 0 24 2 33 53 24 72 42 24 58 9 1 0 37 12 0 0 0 0 0 0 0 0 0 0 0 0 0 0 1 64 61 17 18 58 38 8 27 5
86 83 31 51 26 64 32 70 62 20 14 1 20 70 5 24 51 95 100 37 53 25 56 65 20 53 57 52 12 8 42 21 1 18 16 4 16 24 16 69 77 21 19 59 40 32 26 3 13 21 0 34 20 9 29 18 17 5 21 0 2 34 29 39 24 0 74 66 71 54 11 29 40 1 0 0 0 0 0 0 0 0 0 0 0 0 0 2 18 2 23 35 14 8 31 42
28 7 0 48 8 11 11 5 44 36 63 39 68 50 2 6 32 74 69 58 73 39 54 28 72 46 3 21 27 32 18 20 0 9 18 28 38 41 28 50 20 41 49 11 10 4 30 35 5 0 10 58 20 57 51 48 68 80 31 23 64 14 9 0 0 0 31 29 78 100 63 6 19 5 14 0 0 0 0 0 0 0 0 0 0 0 0 0 0 0 0 0 34 8 62 38
34 16 60 95 18 16 11 51 60 55 61 32 24 14 31 0 6 24 17 48 35 17 1 1 41 15 26 9 40 71 0 0 0 2 4 22 17 22 31 0 0 16 59 25 60 77 37 56 56 34 35 38 4 0 61 32 24 14 11 70 19 6 0 24 14 0 27 10 29 25 0 87 91 59 100 40 0 0 0 0 0 0 0 0 0 0 0 0 0 0 0 0 18 0 0 26
0 24 52 100 47 26 32 53 54 75 78 14 39 43 49 11 41 66 18 4 44 55 6 51 55 5 56 61 13 20 0 0 10 42 24 17 11 52 64 27 30 39 37 99 100 99 48 37 3 11 36 31 39 1 61 71 23 26 28 1 0 7 16 15 20 0 22 7 8 32 4 72 61 35 79 19 0 0 0 0 0 0 0 0 0 0 0 0 0 0 0 0 0 0 0 0
35 61 9 34 35 71 53 5 57 53 7 63 60 36 92 82 30 0 20 17 66 85 64 65 86 14 0 41 20 14 23 54 37 18 25 0 29 82 100 99 82 31 18 54 60 54 62 43 10 0 27 36 26 39 50 25 10 1 5 0 0 26 6 74 28 1 7 42 57 84 43 23 5 16 32 41 0 0 0 0 0 0 0 0 0 0 0 0 0 0 0 0 0 0 0 0
62 64 29 21 47 49 46 3 93 58 17 28 75 24 39 93 62 12 23 10 59 2 15 50 17 25 21 10 4 0 41 30 31 6 40 18 15 66 100 85 44 27 37 30 19 0 14 1 24 0 0 11 21 0 0 2 52 46 55 0 13 0 16 4 5 58 24 25 47 68 41 8 3 0 10 65 0 0 0 0 0 0 0 0 0 0 0 0 0 0 0 0 0 0 0 0
50 91 74 67 100 78 15 14 14 27 79 73 60 63 16 99 100 74 27 51 71 41 11 20 47 26 29 55 94 49 24 7 0 15 17 59 29 34 88 69 69 53 36 27 43 56 26 31 8 14 24 0 0 23 2 0 8 22 44 29 63 11 25 0 15 67 0 16 9 1 25 8 27 5 27 3 6 3 0 0 0 0 0 0 0 0 0 0 0 0 0 0 0 0 0 0
46 68 65 92 59 91 51 7 51 83 52 86 38 56 63 50 44 87 94 41 44 34 22 0 0 3 83 68 35 1 38 20 18 38 7 39 20 3 34 25 79 34 12 56 88 80 25 1 26 26 27 19 53 0 76 52 13 0 5 50 71 24 14 6 17 30 18 51 70 0 10 12 0 0 25 6 5 36 10 2 0 0 0 0 0 0 0 0 0 0 0 0 0 0 0 0
58 95 74 25 35 40 24 0 56 27 68 77 86 19 65 82 54 18 82 31 30 74 76 5 54 65 70 4 2 14 44 39 15 18 10 55 2 24 25 58 40 78 5 22 7 3 15 0 7 34 17 33 15 5 28 24 34 19 17 24 43 83 59 1 43 28 6 16 1 0 0 19 2 0 0 0 0 8 91 56 0 0 0 0 0 0 0 0 0 0 0 0 0 0 0 0
98 74 99 52 58 17 44 15 58 0 20 89 67 3 59 69 24 56 28 60 46 36 55 40 93 90 46 56 82 24 55 27 73 42 58 57 66 66 42 34 16 50 5 0 5 33 59 44 23 48 51 68 46 34 34 4 28 0 61 25 18 20 39 25 19 37 0 0 0 0 0 0 0 3 14 0 16 61 63 19 12 0 0 0 0 0 0 0 0 0 0 0 0 0 0 0
99 100 100 77 50 15 23 12 26 36 40 13 55 36 27 71 40 57 71 73 40 88 66 94 98 99 99 100 75 29 28 38 32 42 47 14 68 12 38 53 23 12 41 47 13 35 51 15 43 45 34 26 19 47 32 5 27 24 38 26 6 20 58 11 51 44 19 40 27 20 37 7 18 16 6 27 43 20 1 36 10 34 0 0 0 0 0 0 10 2 0 0 0 0 0 0
29 53 71 70 13 38 18 2 53 18 27 17 63 50 35 39 51 47 51 52 75 36 34 76 39 64 80 79 13 57 82 58 30 37 76 68 68 24 54 81 44 2 24 51 27 32 22 0 39 36 7 9 49 9 32 33 0 7 3 0 0 5 16 11 86 51 21 5 20 1 35 10 2 0 0 16 41 27 10 17 39 50 8 0 0 0 0 2 39 17 0 0 0 0 0 1
13 18 36 0 35 33 0 25 85 17 0 25 20 82 60 42 22 27 44 54 14 61 63 91 83 72 100 88 52 100 98 35 33 43 67 76 31 21 56 65 2 37 0 8 12 37 83 29 17 49 21 1 26 19 33 25 33 31 55 4 5 17 38 30 60 57 31 0 0 0 2 45 53 18 0 0 17 35 30 5 31 49 73 4 32 46 50 62 7 7 32 0 1 0 6 14
48 34 61 43 24 87 7 43 42 37 46 2 2 56 54 32 90 57 66 34 19 47 95 73 66 100 100 73 87 77 87 50 17 8 30 19 38 49 22 32 40 63 16 31 0 32 75 14 30 92 50 33 30 25 61 57 8 22 18 3 31 46 28 26 27 0 8 22 52 48 23 27 23 42 2 20 14 60 50 1 19 51 80 75 79 29 19 80 35 58 91 58 29 49 94 84
87 85 94 66 43 61 21 12 28 87 40 37 0 40 68 34 49 36 64 46 2 23 41 80 95 100 100 97 73 32 32 52 64 39 33 57 60 74 82 88 70 26 40 41 58 49 67 25 29 98 100 75 69 35 49 13 0 22 26 87 24 29 10 38 12 0 3 22 44 65 99 84 47 7 36 87 75 23 23 63 38 17 36 34 51 65 63 63 23 81 95 96 44 71 62 41
26 55 64 83 52 48 60 49 14 37 4 46 2 0 32 62 49 21 31 37 29 15 64 69 79 90 100 89 67 26 59 69 51 56 56 80 82 45 31 42 46 57 8 36 4 40 50 48 25 56 79 52 37 41 28 40 37 34 28 19 1 31 36 16 42 16 18 31 18 0 37 42 67 41 39 86 99 23 63 79 51 62 81 55 53 37 49 42 70 37 25 72 67 79 78 50
62 14 25 56 28 19 54 51 87 59 36 62 0 0 48 78 5 43 45 67 35 48 43 42 60 87 91 57 69 81 82 55 21 85 49 87 57 91 24 95 58 55 80 27 4 33 76 30 64 43 63 24 0 8 36 34 36 55 39 25 40 29 44 13 4 53 35 35 39 3 49 56 64 51 87 76 100 68 55 40 42 43 50 31 33 13 75 47 32 63 60 36 79 75 84 67
9 11 0 7 33 0 31 47 37 83 67 36 21 3 93 93 50 42 93 88 42 48 21 54 82 14 38 53 56 80 62 52 31 64 77 85 59 66 15 62 71 46 48 40 1 15 31 38 50 50 23 34 35 16 36 62 68 68 40 69 6 28 16 1 1 18 6 31 39 54 67 18 74 52 89 100 100 88 28 54 40 22 35 41 64 42 38 50 60 43 52 44 33 50 37 44
67 75 39 11 75 22 62 44 0 0 3 4 44 45 75 95 100 47 22 62 63 45 79 66 54 12 21 80 55 26 59 73 76 62 51 78 54 60 67 75 27 61 56 79 52 26 47 88 85 34 56 42 4 0 7 78 78 23 37 19 12 17 39 3 17 29 13 43 35 36 74 65 86 98 50 67 44 14 41 38 57 43 43 66 34 51 34 29 74 29 12 65 94 44 43 22
59 67 79 89 64 62 97 33 41 54 31 82 90 65 83 45 57 79 35 68 54 37 90 82 67 26 44 53 48 33 17 84 15 21 76 81 93 59 87 63 41 25 34 37 71 50 52 15 16 42 16 6 72 29 26 30 62 7 0 34 59 29 3 6 54 83 69 59 28 52 17 65 85 93 86 82 34 43 45 47 59 61 42 10 10 18 40 37 47 53 38 49 53 64 93 38
16 87 95 65 74 83 67 100 87 100 78 34 57 15 39 84 70 73 69 39 91 88 55 84 28 26 47 46 38 31 56 41 0 83 47 43 62 49 83 79 57 56 52 75 54 5 46 36 5 71 21 78 22 50 89 69 41 37 13 77 93 44 42 11 22 51 29 32 9 39 65 96 48 73 78 55 60 53 84 50 66 92 18 10 34 45 45 64 67 57 72 96 99 62 96 34
22 34 42 22 53 71 96 100 100 46 66 73 55 95 100 66 82 74 38 69 9 90 58 35 38 76 30 23 25 97 47 31 42 37 37 38 78 62 78 74 71 67 58 91 85 50 23 46 19 29 33 45 20 36 57 34 38 56 50 35 48 26 44 24 61 33 32 71 52 46 38 61 55 49 29 44 60 29 18 10 36 44 17 38 85 34 75 79 68 45 88 47 33 14 15 49
100 59 55 26 48 37 16 51 100 91 100 88 68 100 69 92 45 80 49 1 19 62 43 68 52 24 38 39 28 65 48 77 54 29 46 60 61 80 91 67 81 77 55 48 100 57 37 5 14 20 47 22 23 30 45 34 66 45 70 64 12 4 30 55 33 48 45 70 66 28 36 40 31 46 65 96 42 27 38 39 47 36 64 79 51 35 17 39 37 65 14 0 0 0 0 58
78 75 66 52 93 62 84 77 11 8 53 77 92 100 93 56 25 83 75 26 25 46 91 46 51 30 5 38 47 57 44 26 71 18 45 68 68 62 52 57 55 88 84 88 96 26 17 44 19 19 42 35 13 55 69 39 16 39 28 78 7 7 18 36 61 46 56 68 18 22 22 25 24 55 15 46 1 21 39 38 47 68 61 69 87 35 51 91 38 0 0 0 0 0 0 4
92 91 53 98 94 100 100 81 58 64 11 24 81 99 66 68 97 30 0 25 97 51 30 7 34 43 60 47 26 7 8 2 76 75 48 20 73 86 62 80 96 95 63 77 41 27 18 27 6 13 29 8 20 48 23 43 47 20 58 70 46 42 31 40 45 24 35 58 50 34 50 3 25 30 14 51 36 44 59 45 60 73 34 57 66 20 31 42 56 0 0 0 10 0 0 18
43 92 56 47 35 80 77 90 95 41 6 0 28 98 86 86 100 95 70 46 13 9 34 26 74 31 28 53 23 33 63 50 22 26 5 45 56 75 38 66 97 80 68 61 43 5 31 40 4 21 29 15 16 25 51 39 41 48 38 55 52 63 66 58 46 6 21 40 73 58 8 43 26 26 28 23 26 28 42 25 52 22 21 22 47 40 42 0 0 0 0 1 66 5 36 99
30 80 32 8 16 68 85 100 100 59 53 0 41 96 100 100 76 79 69 58 2 7 71 28 18 65 90 54 47 54 100 67 26 58 72 78 44 56 83 53 41 72 90 96 88 89 54 34 46 48 10 46 46 40 40 21 41 60 42 30 44 65 72 42 31 40 43 32 41 11 0 11 5 5 27 26 12 34 16 4 15 30 66 97 100 98 27 0 0 0 0 0 31 63 53 57
24 0 16 52 90 54 56 62 100 91 66 32 21 52 88 61 35 9 56 57 39 0 7 58 68 73 10 4 0 0 27 32 36 60 75 53 39 73 98 99 70 95 79 70 100 81 51 76 68 42 31 5 31 44 21 24 51 38 44 60 89 68 42 45 29 23 19 15 32 12 22 60 64 43 51 35 17 16 0 2 45 82 82 77 57 66 36 0 0 0 13 15 65 59 100 99
44 25 31 5 5 48 37 75 46 41 34 87 33 0 57 100 76 64 0 7 34 43 5 0 73 92 83 51 1 12 3 0 8 8 26 68 62 51 48 86 65 62 56 68 70 100 62 62 92 55 14 21 6 28 10 35 62 46 17 57 97 69 20 25 18 7 23 35 12 28 30 47 39 10 2 3 7 35 55 14 18 12 7 60 78 97 52 22 0 0 2 60 38 99 37 80
16 61 48 53 17 67 32 52 58 17 41 67 70 0 24 100 100 85 68 43 63 16 59 3 4 28 49 30 70 55 16 0 19 40 64 53 25 13 26 51 46 67 72 98 82 91 75 85 62 40 42 16 40 44 43 38 46 54 36 65 78 32 25 18 41 25 48 60 33 33 16 12 3 34 16 22 40 68 79 34 9 5 46 45 59 100 99 79 52 32 74 32 45 41 44 92
24 43 40 57 17 31 13 67 57 29 58 39 80 19 0 89 73 100 100 56 60 89 47 13 0 21 1 33 23 29 28 67 76 86 24 45 33 17 53 28 29 35 57 98 100 76 95 64 37 60 57 40 53 62 47 58 41 41 23 25 24 3 0 9 34 51 37 19 38 22 40 53 10 46 58 30 19 22 60 17 15 23 29 13 63 83 59 55 76 47 37 5 42 7 31 79
39 25 92 39 6 27 22 60 51 69 78 88 71 60 0 58 97 89 30 26 21 63 24 33 5 3 26 1 15 36 38 92 67 10 24 53 19 36 59 18 9 39 92 82 100 100 68 81 50 70 40 16 54 47 76 84 47 51 63 10 31 33 36 3 31 18 58 24 43 68 58 46 56 52 32 61 46 57 55 46 42 4 12 25 71 47 79 64 54 46 12 28 17 33 13 12
33 59 33 57 18 10 54 35 38 61 83 100 62 88 0 21 87 38 20 36 74 70 41 19 25 25 62 20 21 51 53 65 24 0 23 94 66 2 43 29 8 5 69 91 92 98 72 88 60 56 44 43 61 84 66 24 21 13 44 54 20 33 5 35 58 70 49 27 30 39 34 70 59 47 44 55 66 69 49 15 18 20 20 31 44 41 81 72 29 20 45 60 0 4 13 13
