data/habitatmaps/RS_maps/habitat_Prunella.modularis_2020.asc
NCOLS 369 
NROWS 228 
XLLCORNER 479000 
YLLCORNER 73000 
CELLSIZE 1000 
NODATA_value -9 
[rows 116 to 173 of 228, columns 192 to 287 of 369]
38 59 58 68 17 70 66 48 95 100 65 4 0 1 68 63 6 30 45 34 72 88 23 73 92 9 57 19 0 0 0 0 0 17 0 0 0 0 0 8 31 0 0 0 0 0 0 0 0 64 44 58 100 85 49 79 44 59 24 56 100 69 68 99 42 2 63 51 67 92 97 94 57 37 93 100 100 62 79 96 33 49 26 0 12 50 13 100 57 24 33 78 94 64 47 54
100 100 41 32 62 72 66 58 72 76 28 0 0 2 26 41 0 0 0 20 15 87 73 38 100 21 0 0 0 0 1 17 41 23 0 0 0 0 14 47 65 0 0 0 0 0 0 0 0 0 20 4 35 100 82 43 52 43 42 79 60 63 100 97 48 82 35 0 0 18 45 69 76 73 51 80 100 100 72 70 96 89 0 0 44 32 33 0 64 43 42 9 89 100 98 71
63 86 88 63 34 36 88 46 24 0 0 0 0 0 0 0 0 6 54 28 34 33 87 26 99 39 0 18 15 42 85 100 96 62 6 0 0 0 50 72 58 0 0 0 0 0 0 0 0 11 31 77 64 34 3 27 23 25 70 62 54 40 62 34 32 26 11 23 50 79 60 62 56 67 80 97 100 100 100 88 100 96 32 57 96 69 97 68 89 53 18 44 37 91 85 95
14 76 87 67 0 0 24 0 0 0 0 0 0 0 0 0 0 8 20 46 51 48 85 33 93 100 77 40 39 73 99 82 74 97 26 0 0 33 66 47 43 0 2 18 0 12 29 19 48 96 87 16 64 15 41 60 45 44 68 47 48 56 46 16 45 20 11 76 42 61 92 78 84 29 75 100 100 88 100 100 74 73 59 85 91 100 76 12 45 71 73 42 7 80 64 66
55 31 11 0 0 0 0 0 0 0 6 1 0 0 8 11 0 2 41 37 90 92 95 56 43 85 65 39 76 53 55 10 13 98 17 0 0 48 56 71 61 2 37 93 38 5 7 36 100 70 100 78 59 13 56 80 62 60 70 53 52 64 97 48 28 16 79 48 81 28 27 57 94 87 67 80 100 63 88 96 61 56 8 51 78 62 77 38 86 78 44 19 27 77 3 4
0 0 0 0 0 0 0 0 0 7 41 7 0 0 19 54 0 5 57 87 100 81 50 81 54 71 80 77 65 26 0 0 8 94 1 0 6 13 21 42 100 41 43 87 67 53 71 91 93 37 80 13 53 62 68 66 93 46 30 31 48 91 49 33 73 60 19 93 93 63 10 34 76 63 14 93 100 77 96 43 73 69 1 82 96 73 48 85 98 80 13 44 57 21 0 24
0 20 53 24 0 0 0 61 57 54 33 20 37 2 18 62 34 7 75 75 51 82 89 42 0 12 74 76 0 0 0 0 9 49 3 4 53 0 0 48 100 63 3 49 74 79 75 12 11 12 67 82 63 56 41 22 4 2 91 40 0 7 16 53 100 92 49 76 69 55 45 59 77 46 58 100 99 39 44 33 33 41 9 37 77 99 76 100 93 65 30 81 79 5 0 0
65 61 39 0 0 0 0 77 53 71 55 42 46 83 59 0 13 43 59 27 50 98 37 2 0 1 80 32 0 0 0 0 0 0 0 19 1 3 73 70 100 71 96 72 31 13 3 56 65 69 100 80 90 36 65 84 86 10 12 12 47 30 28 21 61 82 61 80 84 21 0 31 85 82 100 93 49 0 16 22 82 31 28 17 99 73 27 39 38 65 27 60 65 45 55 0
54 97 96 31 0 0 10 40 14 50 27 27 9 29 73 74 32 18 48 76 84 58 0 0 0 0 29 9 0 0 0 0 0 0 0 0 4 81 43 84 100 87 27 0 0 43 92 100 100 100 100 93 100 100 99 97 100 63 11 84 21 0 0 15 88 28 78 38 6 0 7 92 100 86 100 50 0 0 37 7 27 15 35 8 81 42 38 34 31 72 49 32 72 84 44 0
28 36 57 23 64 85 40 24 0 0 2 17 34 45 26 15 43 6 92 62 100 13 0 0 7 3 24 7 0 6 45 0 0 0 16 51 64 92 100 100 69 73 53 45 56 97 92 53 98 100 61 65 63 91 61 4 41 42 88 16 13 0 5 45 43 57 53 99 93 79 92 86 44 50 99 65 0 0 38 44 21 17 37 1 62 98 77 30 56 40 46 64 66 7 5 5
16 24 30 4 51 19 16 0 0 0 0 0 34 80 52 61 96 83 56 96 45 9 0 0 10 62 81 35 0 56 41 0 3 77 100 52 83 67 36 67 91 97 46 100 90 100 58 22 14 63 47 94 49 72 40 23 8 66 21 0 0 0 50 62 57 66 100 63 6 0 83 74 45 77 47 16 0 15 33 42 39 41 33 7 50 100 66 57 70 66 62 87 58 0 19 47
0 0 0 0 2 0 0 0 0 0 0 0 0 0 0 14 63 62 52 28 0 25 0 0 0 3 4 3 0 73 57 3 37 79 58 92 77 35 67 100 86 97 92 53 83 98 92 2 36 56 11 57 34 76 64 88 100 72 0 0 0 23 54 30 86 100 100 81 47 22 100 74 33 97 59 0 0 0 0 0 24 32 42 68 59 74 97 82 39 31 78 80 71 6 19 49
10 0 0 0 0 0 0 0 0 17 0 0 0 0 11 57 70 45 72 65 0 3 44 0 0 0 0 54 38 44 72 52 71 39 53 46 1 90 100 17 38 43 44 77 73 92 95 40 4 20 3 26 54 49 90 89 9 25 12 48 48 47 38 73 84 82 100 93 22 44 100 83 29 86 4 37 25 23 8 59 96 100 91 63 100 100 100 96 29 54 86 20 82 54 20 64
27 0 0 0 0 0 0 0 0 77 48 0 0 0 14 1 55 60 78 54 0 0 8 0 0 0 1 57 51 63 61 51 92 56 76 4 57 89 73 92 58 46 30 39 81 45 86 70 5 0 6 81 85 63 91 72 91 46 14 65 86 67 57 72 41 68 90 63 24 87 62 59 66 96 65 77 69 100 100 100 100 100 65 99 100 83 48 72 96 57 39 34 37 79 60 81
50 0 0 0 0 0 0 0 0 38 80 15 24 42 49 1 55 63 56 16 3 0 0 2 21 60 87 81 25 48 21 30 18 70 47 57 78 23 23 63 28 0 11 59 0 41 65 94 69 3 19 46 81 42 21 70 90 31 63 79 100 100 73 79 39 81 73 54 98 86 16 98 52 37 83 0 80 100 100 100 100 100 97 100 100 51 76 100 100 73 83 74 33 29 52 82
2 0 0 0 11 32 0 0 0 6 37 39 100 100 100 96 75 44 40 33 10 0 4 55 100 100 100 34 11 20 66 47 56 98 100 97 37 39 19 62 60 0 16 13 0 3 76 100 67 16 83 100 66 57 73 90 60 26 83 81 30 100 98 57 72 77 69 47 70 48 28 48 20 0 8 0 23 46 100 99 58 66 100 100 100 11 83 100 88 41 39 59 25 40 55 70
0 0 0 0 38 36 0 20 7 9 0 50 100 100 100 95 35 51 0 5 33 70 65 94 100 100 93 43 45 22 99 99 61 73 60 78 77 42 41 68 68 3 0 0 9 52 100 96 0 0 8 37 34 83 74 8 58 87 38 12 5 98 100 95 36 0 13 49 26 41 52 8 0 83 45 0 36 97 69 30 61 1 85 98 89 59 69 90 64 84 34 11 77 100 100 100
0 0 0 0 0 0 50 52 71 84 60 72 73 63 70 16 0 0 49 95 73 41 44 100 90 36 17 7 2 58 100 50 40 1 19 67 41 83 52 66 32 6 0 0 20 17 40 55 66 11 22 100 95 66 9 50 80 82 10 0 29 51 100 91 65 88 26 81 36 41 3 0 27 78 47 46 75 94 2 43 71 19 28 73 100 97 100 100 94 85 100 35 93 100 86 77
0 0 0 0 0 0 1 23 0 1 30 30 7 0 0 27 5 28 42 38 37 51 40 80 8 59 64 46 64 94 100 41 93 42 30 80 59 95 49 5 26 8 0 0 0 0 0 10 85 6 40 93 100 51 35 98 24 1 0 20 64 71 100 95 49 63 73 77 0 4 36 0 2 26 39 100 91 36 57 71 21 0 43 100 96 25 32 100 87 55 97 89 39 98 98 41
0 0 0 0 0 0 0 0 0 0 0 0 0 6 42 90 3 0 0 46 87 3 73 87 80 26 43 0 0 67 45 42 53 44 57 28 45 28 0 0 0 0 0 0 0 0 0 0 4 51 49 97 71 17 95 65 0 0 0 2 68 59 45 84 9 0 38 71 0 0 0 0 37 100 100 75 74 17 18 47 32 34 86 59 12 89 14 93 43 0 48 95 8 60 100 66
0 0 0 0 0 0 0 0 0 0 0 18 30 92 100 27 6 18 6 5 96 43 1 53 95 67 0 3 63 96 16 38 4 63 52 1 94 0 0 0 0 0 0 0 0 0 6 19 75 54 49 46 42 91 100 39 0 1 22 72 97 56 22 54 93 28 26 78 29 0 0 0 41 89 100 90 9 32 85 97 55 6 88 71 56 74 21 67 58 8 70 54 0 23 99 91
0 0 0 0 0 0 0 0 25 26 50 94 89 42 10 15 15 45 17 30 57 67 55 78 97 49 12 0 6 85 0 0 0 53 98 4 57 1 0 0 0 0 0 0 0 0 21 82 95 39 4 50 56 100 70 11 0 13 96 100 37 17 25 49 39 98 61 51 6 15 0 0 29 44 27 17 18 3 20 73 77 29 100 81 94 37 0 80 100 98 100 79 3 0 82 100
0 0 0 0 0 0 0 3 78 100 85 44 2 2 70 47 27 23 0 0 44 84 78 49 88 22 36 35 55 55 0 0 1 91 76 0 42 21 3 0 0 0 35 69 2 0 7 77 97 16 0 1 32 57 1 0 13 47 19 14 45 90 59 82 72 71 29 81 97 61 0 0 0 0 19 72 45 84 65 99 63 64 85 25 54 100 11 74 57 62 87 100 30 0 23 100
0 0 0 0 0 0 2 12 100 60 4 1 0 34 100 32 17 0 0 0 21 98 53 47 60 1 48 0 30 13 0 0 78 100 17 0 6 17 60 26 0 0 50 100 16 50 13 66 100 45 0 0 0 0 0 0 0 0 0 64 84 58 94 41 84 62 50 74 0 0 0 0 0 0 7 93 100 98 45 100 94 90 83 25 28 19 45 75 0 1 37 97 78 24 28 73
0 0 0 0 0 17 85 100 97 87 11 54 1 21 71 10 73 10 0 11 98 83 67 64 4 0 4 0 20 1 25 37 96 48 0 0 0 0 0 0 0 24 99 100 35 67 89 89 70 34 1 0 0 0 0 0 46 0 39 36 36 95 42 14 61 53 69 9 44 64 41 12 0 0 0 48 95 60 52 100 100 100 68 47 54 73 54 22 0 55 99 32 68 99 98 30
0 0 0 5 60 93 57 53 39 69 39 14 28 53 44 3 23 33 0 0 46 97 54 12 0 0 0 0 0 4 69 97 62 0 0 0 0 0 0 6 34 70 57 71 100 100 96 80 100 57 0 6 0 0 1 38 66 24 44 74 55 81 27 0 51 38 0 30 27 1 0 46 48 4 37 68 6 76 99 100 100 100 99 58 61 72 11 0 37 97 75 49 89 31 89 96
29 50 35 57 71 9 65 40 70 60 40 0 19 72 66 81 19 25 5 0 15 39 31 62 2 3 0 0 2 0 8 77 11 49 20 0 0 0 41 36 82 94 83 43 87 78 29 89 97 4 0 38 59 27 26 57 10 67 66 31 1 8 1 35 0 10 62 30 86 66 78 32 39 45 76 80 88 84 100 88 86 83 55 100 40 0 0 12 94 93 16 87 22 56 92 90
51 29 97 66 44 28 59 94 64 76 3 36 65 25 62 18 45 45 55 11 59 86 100 83 17 26 58 40 40 37 66 98 81 100 51 0 0 6 47 81 98 54 71 36 92 89 70 17 11 0 1 45 5 44 8 0 72 24 39 24 61 25 32 60 40 92 100 100 70 100 82 70 17 22 91 88 37 6 47 14 14 95 98 83 100 67 32 67 97 31 2 16 5 80 78 62
55 72 36 24 6 88 98 61 17 86 47 18 1 0 0 42 81 89 62 96 100 100 100 86 99 87 80 38 18 38 89 62 100 100 95 79 62 61 50 75 100 100 100 100 68 100 88 0 0 0 1 46 0 0 0 0 32 0 0 40 15 1 88 93 100 100 78 40 65 82 58 82 66 92 57 40 1 0 13 28 0 72 55 20 35 49 48 96 10 0 0 0 0 15 71 95
100 69 1 0 4 18 42 43 1 14 24 0 0 0 10 100 100 100 100 100 100 100 100 98 74 65 93 100 100 100 36 3 68 100 100 89 66 69 100 100 51 85 100 89 63 100 100 29 0 0 0 9 0 0 0 17 27 0 0 0 0 13 100 71 92 78 9 8 100 100 100 60 49 47 55 0 0 0 0 0 17 78 12 0 0 22 16 63 0 35 18 0 0 13 90 99
100 92 100 30 16 4 0 0 0 0 0 0 0 50 69 60 100 100 88 86 89 100 100 55 61 94 62 57 100 100 100 95 94 100 100 100 100 100 84 100 70 93 86 34 91 90 92 94 7 0 0 0 0 0 36 43 24 0 0 0 1 68 62 8 59 77 92 51 37 19 92 96 72 10 27 0 0 0 0 0 64 96 58 35 25 3 0 68 17 85 29 0 5 85 98 58
100 66 98 48 81 25 0 0 0 0 15 77 79 100 100 100 86 17 7 31 27 100 100 100 82 91 100 91 84 22 32 38 49 43 77 84 100 100 100 100 100 80 88 100 59 89 75 56 100 52 0 0 0 0 5 58 59 3 0 23 41 58 11 0 22 89 93 91 100 69 66 94 45 68 89 26 0 0 0 0 64 67 76 100 100 84 33 3 23 29 0 2 67 69 99 100
67 99 100 100 48 0 0 0 0 3 80 100 91 50 61 67 88 89 83 58 63 87 87 77 56 57 60 92 95 98 49 16 0 10 0 3 60 100 61 100 100 100 100 100 84 80 100 67 100 51 0 0 0 0 0 0 0 0 3 77 46 43 36 63 68 66 17 30 100 65 29 16 0 32 72 0 0 0 0 0 74 22 0 59 96 90 77 36 51 8 0 13 61 44 15 40
82 83 67 67 10 0 0 0 0 9 100 58 53 77 100 100 100 56 17 0 79 66 66 96 68 39 20 31 33 100 100 87 64 96 37 11 0 34 16 39 14 31 100 100 91 67 100 100 100 52 0 0 0 0 0 0 13 21 62 46 61 89 52 100 25 3 12 55 43 24 0 0 0 0 58 0 0 0 17 53 67 0 6 82 68 76 44 14 0 0 42 48 51 9 51 0
43 8 0 0 0 0 0 0 0 70 51 85 100 100 85 30 11 0 26 4 34 45 93 70 100 100 98 68 51 94 100 83 79 67 100 87 83 49 70 36 67 100 100 100 75 53 100 100 100 32 0 0 0 0 0 0 27 56 23 0 0 14 22 92 18 83 83 6 78 0 0 0 4 33 100 52 25 0 52 94 82 0 8 79 53 69 70 77 9 0 0 0 0 18 57 0
82 1 0 0 0 0 0 0 78 100 81 88 16 49 63 0 12 67 89 97 41 0 6 0 31 58 66 100 65 76 90 77 84 95 99 48 99 100 51 97 100 100 100 96 40 63 100 100 93 10 0 2 0 0 0 0 0 0 0 0 0 48 53 98 95 23 3 2 57 14 0 22 49 60 30 0 51 12 11 68 22 0 0 55 42 98 53 46 97 40 0 0 0 10 6 3
58 52 0 0 0 0 15 70 83 35 39 48 0 45 35 0 30 46 62 92 100 95 18 0 0 0 0 29 100 74 52 70 64 57 61 69 79 100 84 97 100 100 96 39 45 95 100 34 4 3 43 29 0 0 0 0 0 0 0 0 8 43 20 53 87 1 0 0 19 0 0 0 14 44 57 28 95 68 0 10 0 0 0 45 10 100 71 57 46 72 47 15 0 0 0 0
70 92 5 64 87 59 93 100 57 34 0 0 0 0 0 0 0 0 0 37 90 83 95 31 0 0 0 34 73 100 90 44 75 50 34 98 100 100 100 100 100 100 98 39 57 100 82 0 0 16 94 89 33 13 46 19 0 2 27 0 0 39 28 50 96 31 0 0 0 0 0 0 13 88 74 100 100 40 0 0 0 0 39 17 21 88 12 0 23 9 70 82 6 0 0 0
92 54 0 48 96 66 29 23 14 0 0 0 0 0 0 0 0 0 0 0 58 61 61 70 52 61 24 0 18 76 86 99 100 98 85 57 100 100 100 50 54 100 82 42 55 100 75 46 0 5 16 99 99 97 49 43 0 20 55 0 11 75 81 69 86 43 1 0 0 0 18 10 69 100 76 100 100 80 25 0 0 0 43 0 52 88 0 0 0 0 0 50 88 60 17 0
8 0 0 0 0 0 35 67 0 0 0 3 6 0 0 0 0 10 1 0 0 48 59 79 94 32 0 0 21 84 87 100 100 100 100 92 100 100 86 77 6 69 97 51 59 100 100 100 53 1 23 91 100 68 10 0 3 56 7 0 7 65 63 77 100 56 1 0 9 9 97 95 100 100 58 100 90 95 9 0 0 0 25 0 30 54 31 61 0 0 7 0 3 19 67 0
0 0 0 0 0 32 17 1 0 0 0 86 54 0 0 75 34 92 66 0 72 86 97 65 54 0 0 20 76 100 100 100 100 100 100 100 100 100 88 100 18 30 100 100 88 74 100 100 91 74 91 100 100 100 65 0 17 47 0 0 0 40 66 93 100 70 26 0 32 72 100 100 99 62 63 89 69 97 73 5 0 13 40 0 8 45 27 18 3 10 89 43 0 39 53 16
0 73 8 0 29 45 0 0 0 0 10 69 58 0 0 74 77 93 92 22 66 100 94 97 74 0 0 0 0 45 28 33 17 62 100 100 63 87 100 100 93 49 100 100 98 88 65 100 99 85 78 100 100 100 76 27 27 52 80 61 19 2 28 99 99 97 97 26 37 0 55 98 99 94 77 80 100 100 67 20 0 21 31 0 0 63 0 57 15 16 100 37 0 27 91 40
0 69 81 65 90 24 0 0 0 0 0 30 95 33 5 86 100 100 100 89 69 99 88 82 91 3 3 3 0 0 0 0 0 72 100 100 100 98 100 97 87 100 100 100 76 83 63 100 65 87 93 100 100 100 100 72 30 58 92 100 41 0 0 92 99 72 69 99 84 63 8 52 38 69 51 77 97 100 37 0 0 1 68 0 0 18 38 0 78 5 100 55 0 0 19 5
0 7 37 64 67 2 0 0 0 0 0 62 83 46 90 18 24 94 83 100 81 100 100 95 63 24 74 45 16 0 33 24 72 100 100 100 78 69 100 72 75 66 100 100 75 83 61 49 98 100 100 100 100 93 59 0 22 17 53 94 56 0 0 1 55 100 38 68 100 100 24 0 63 97 100 62 66 80 71 20 26 0 33 0 0 8 14 0 54 8 100 51 0 0 0 0
0 26 5 49 35 0 0 0 0 4 36 100 100 100 46 0 22 78 94 68 99 100 100 68 0 40 69 50 24 1 44 97 90 100 100 100 100 100 93 54 97 60 100 100 62 79 62 4 95 100 89 83 100 100 50 3 0 0 88 100 61 36 39 8 89 100 32 44 100 61 0 7 36 37 93 100 52 88 85 28 9 0 0 0 0 0 25 44 46 14 81 69 0 0 5 35
5 17 0 18 76 51 0 0 0 68 100 100 100 100 97 50 0 34 100 100 100 100 84 100 78 81 97 93 8 0 1 41 58 100 89 100 100 100 100 45 59 66 100 100 85 96 97 16 100 100 93 91 33 34 33 0 16 71 100 100 100 100 36 7 83 100 25 71 100 57 0 0 20 100 100 100 72 77 2 0 0 0 0 0 0 0 52 78 65 36 12 15 0 0 24 60
0 0 0 48 93 11 0 0 0 39 6 70 100 100 100 64 0 21 40 61 100 100 73 94 100 100 52 2 2 55 62 59 48 57 0 68 100 85 100 100 60 71 100 100 100 100 94 96 98 100 100 100 98 66 16 3 44 51 100 100 26 7 0 6 84 100 50 86 100 64 0 0 0 29 97 100 92 53 4 0 0 0 0 0 0 2 11 1 0 5 0 0 0 0 0 31
0 0 0 39 52 91 30 0 6 0 1 90 100 100 100 54 33 1 10 12 69 100 73 74 100 100 51 0 7 100 100 100 100 85 33 16 40 40 100 100 100 69 39 94 100 100 60 80 100 100 100 100 100 100 100 83 41 51 89 94 86 0 0 39 100 62 84 100 100 25 0 0 0 0 42 77 55 63 76 50 23 0 0 0 0 0 0 0 0 0 0 0 0 3 15 38
0 0 11 83 62 98 17 0 0 0 18 38 100 100 100 100 100 75 87 30 92 100 83 98 100 97 89 3 1 5 50 75 100 50 99 5 39 64 100 100 100 100 70 24 74 97 32 96 100 88 57 92 100 100 75 10 50 77 52 78 93 9 9 69 100 98 88 100 100 29 0 0 0 0 14 60 84 93 100 86 37 0 0 0 0 0 0 18 37 6 41 79 77 92 100 77
0 0 8 84 55 85 82 0 0 18 96 74 100 100 100 100 100 100 100 100 100 99 80 100 81 10 71 32 84 99 85 61 100 73 90 18 10 8 42 90 100 100 100 91 52 15 2 100 100 47 0 84 100 95 28 11 1 63 70 86 100 40 32 73 100 95 57 100 100 85 12 0 2 68 69 80 100 100 100 43 28 39 59 55 62 0 17 51 100 91 100 100 100 100 100 100
0 0 0 51 78 70 63 0 0 2 56 100 100 98 77 100 100 100 100 100 100 100 100 93 21 0 0 7 84 100 100 100 99 100 55 5 6 0 43 16 80 100 100 100 100 49 1 88 100 100 33 50 40 6 0 0 12 67 81 100 89 36 100 100 100 69 77 100 100 100 49 0 13 98 100 100 100 90 100 100 100 100 100 100 91 71 91 67 100 85 59 82 70 66 41 64
0 0 0 30 77 66 42 0 0 0 0 35 18 10 80 100 100 100 76 99 100 100 100 100 61 5 19 2 75 97 100 100 62 92 98 89 66 0 0 82 100 100 100 100 100 100 28 75 100 77 0 8 0 0 0 30 73 90 84 100 79 39 99 100 100 91 100 100 100 53 91 17 0 69 91 100 100 81 100 100 97 93 98 100 100 98 90 86 75 70 73 71 86 98 98 100
47 44 61 94 76 100 16 0 0 1 0 0 4 57 0 18 100 100 64 100 100 100 100 97 80 27 67 1 24 5 69 100 100 66 100 100 100 28 42 100 100 100 65 82 100 100 43 60 100 92 91 100 86 9 0 6 71 98 61 100 100 33 91 100 86 62 100 100 52 65 45 50 0 2 23 100 100 100 94 70 38 52 31 55 65 60 68 77 96 100 100 100 100 100 99 44
64 100 78 75 90 100 53 0 37 71 74 76 97 100 43 7 96 100 67 100 100 100 99 10 0 34 90 51 54 12 0 21 93 85 100 67 24 43 64 100 100 89 26 99 100 100 47 78 100 100 100 100 76 2 0 0 78 100 77 100 27 0 57 100 47 80 100 100 100 64 0 0 4 67 71 100 100 100 49 8 82 100 100 100 98 81 96 92 70 98 98 61 90 96 62 43
38 88 90 75 79 41 9 64 100 38 89 100 100 100 100 97 100 100 69 100 100 74 23 0 0 59 88 93 100 90 16 7 85 71 100 100 53 30 89 51 56 33 100 100 100 100 72 53 96 100 100 100 96 5 0 12 100 96 88 87 1 10 84 90 45 100 100 100 100 87 39 0 6 84 100 100 100 97 20 35 100 100 100 100 100 97 89 57 74 72 51 0 17 59 52 2
91 82 100 79 0 0 58 100 100 97 74 100 100 78 99 100 100 97 47 100 100 100 99 36 52 12 68 100 100 100 94 75 100 63 100 100 31 81 38 16 28 28 6 56 89 100 90 47 78 100 100 96 10 0 0 30 100 100 57 81 43 95 100 58 82 100 100 100 88 10 30 5 79 98 100 100 100 43 1 68 100 100 100 96 38 59 57 0 0 0 0 0 0 0 0 0
77 91 100 80 0 0 26 100 100 100 76 100 100 97 99 100 100 100 96 48 97 100 99 70 94 26 72 38 85 100 100 100 96 69 100 61 12 64 29 26 66 15 40 74 100 100 100 31 48 100 100 62 0 0 0 69 100 100 62 100 96 100 79 67 100 92 57 99 0 0 0 59 100 100 100 100 79 10 4 80 100 100 100 92 11 1 7 0 0 2 34 33 0 0 0 0
85 70 73 7 0 9 16 71 100 84 83 100 100 100 100 100 100 100 100 69 45 77 97 100 100 100 100 92 24 99 97 100 71 88 93 3 86 99 24 89 84 0 83 100 100 100 100 55 27 99 100 97 53 0 39 88 100 100 100 100 100 100 69 94 96 14 12 90 20 3 15 30 90 100 100 100 100 28 0 34 100 100 96 62 17 25 13 0 0 26 100 30 0 0 0 0
