data/habitatmaps/RS_maps/habitat_Turdus.torquatus_2009.asc
NCOLS 369 
NROWS 228 
XLLCORNER 479000 
YLLCORNER 73000 
CELLSIZE 1000 
NODATA_value -9 
[rows 60 to 119 of 228, columns 192 to 287 of 369]
0 0 0 0 0 0 30 12 0 0 6 0 0 0 0 0 0 0 0 0 36 14 0 0 0 0 0 10 6 17 10 0 0 0 0 0 0 0 29 30 8 0 0 36 18 0 0 0 0 0 0 0 0 0 0 0 0 10 38 43 19 0 2 17 55 68 50 16 23 39 33 70 64 42 42 46 45 32 19 1 0 0 0 10 47 8 0 0 0 0 0 0 0 0 0 0
0 0 0 0 0 2 23 0 0 0 0 0 0 0 0 0 0 0 0 0 23 39 3 0 0 0 0 0 0 2 6 0 0 0 0 0 0 8 42 27 0 0 0 5 0 0 0 0 0 0 5 0 0 8 21 25 36 32 45 27 15 0 9 20 91 74 78 38 27 38 54 59 43 28 38 46 66 86 51 0 0 0 12 28 13 0 0 0 0 0 0 0 0 0 0 0
0 0 0 0 0 0 0 0 0 17 10 0 0 0 0 0 0 0 0 0 10 28 30 0 0 0 0 0 0 0 0 10 28 5 0 0 0 0 5 5 0 0 0 0 0 0 0 0 0 0 8 0 25 42 4 53 26 54 54 38 18 17 11 34 57 46 14 35 18 11 63 63 46 84 72 22 46 30 14 28 64 25 66 35 0 0 0 0 0 0 0 0 0 0 0 0
0 0 2 14 0 0 0 2 1 0 19 0 0 0 0 0 0 0 0 0 0 0 2 0 10 0 0 0 0 0 0 0 34 7 0 0 0 0 0 0 0 0 0 0 0 0 0 0 0 0 6 10 54 32 16 13 1 21 39 55 46 25 21 41 0 11 27 47 24 31 19 44 42 20 19 39 21 6 24 47 25 30 68 32 3 0 0 0 0 0 0 0 0 0 0 8
0 0 0 23 1 0 14 2 14 0 0 0 0 0 36 0 0 0 0 0 0 0 0 0 6 18 0 0 4 7 0 0 0 1 0 0 0 0 0 0 0 0 0 0 0 0 0 0 7 17 13 29 20 16 20 0 0 5 27 28 60 34 0 6 50 24 16 50 32 48 59 41 19 76 92 28 28 36 12 43 32 59 21 0 0 0 0 0 0 0 0 0 0 0 1 74
0 0 0 8 9 0 18 0 0 0 0 0 0 0 50 10 0 0 0 0 0 0 0 0 10 18 7 1 7 8 0 0 0 0 0 0 0 0 0 0 0 0 0 0 0 0 0 0 8 20 4 46 78 43 29 24 2 0 0 0 0 13 37 44 0 6 24 40 16 58 35 31 96 100 100 88 18 63 63 53 49 24 0 0 0 0 0 0 0 0 0 0 0 0 40 26
0 0 0 0 0 0 0 9 8 0 0 0 0 0 9 2 0 0 0 0 0 0 0 0 0 0 3 0 0 0 8 16 0 0 0 0 0 0 0 0 0 0 0 0 0 0 0 0 0 0 58 90 94 62 44 31 0 0 0 0 0 7 30 12 0 4 8 13 8 38 40 90 100 96 90 89 85 40 36 38 0 0 0 0 0 0 0 0 0 0 0 0 0 5 58 0
0 0 4 23 2 0 0 0 2 8 34 0 0 0 0 0 0 0 0 0 0 0 0 0 0 0 0 0 0 0 0 0 0 0 0 0 0 0 9 9 6 0 0 0 0 0 0 0 0 0 4 62 54 50 80 26 0 13 18 0 0 0 0 0 0 58 36 40 60 38 74 86 43 41 88 100 96 48 52 32 2 0 0 0 0 0 0 0 26 3 24 0 0 59 58 6
0 0 14 26 26 0 0 8 12 0 0 0 0 0 0 0 0 0 0 0 0 0 0 0 0 0 0 0 0 0 0 0 0 0 0 0 0 0 0 6 17 15 2 36 0 0 0 0 0 0 0 46 59 78 48 48 2 30 20 2 0 0 0 3 34 45 21 26 65 61 60 18 8 35 82 44 56 28 26 40 16 0 0 0 0 0 0 7 2 0 0 0 0 1 23 0
0 0 0 0 2 0 0 0 0 0 0 0 0 0 0 0 0 0 0 0 0 0 0 0 0 0 0 0 0 0 0 0 0 0 0 0 0 0 0 4 11 0 0 0 0 0 0 0 0 0 0 3 1 6 28 34 26 18 59 22 14 0 0 1 26 28 26 61 12 0 2 20 34 33 68 86 65 56 43 16 0 0 0 0 0 0 0 0 0 0 0 15 0 8 19 0
0 0 0 4 0 0 0 0 0 2 8 2 0 0 0 0 0 0 0 0 0 0 0 0 0 0 0 0 0 0 0 0 0 0 0 0 0 0 0 0 0 0 0 0 0 0 0 0 0 0 0 0 0 26 56 30 29 44 60 59 34 13 4 16 10 21 34 21 22 25 7 0 0 28 50 40 1 16 18 0 0 0 0 0 0 0 0 0 2 20 19 69 21 10 15 0
0 0 10 14 0 0 0 0 4 28 16 7 0 0 0 0 0 0 0 0 0 0 0 0 0 0 0 0 0 0 0 0 0 0 0 0 0 0 0 15 12 0 0 0 0 0 0 0 0 0 0 2 51 6 74 44 26 52 31 34 83 70 20 0 12 38 33 47 1 0 0 8 6 5 8 22 23 9 58 4 0 0 0 0 0 0 0 0 0 28 69 57 18 5 0 9
0 0 13 25 0 0 7 0 0 0 0 0 0 14 0 0 0 0 0 0 0 0 0 0 0 0 0 0 0 0 0 0 0 0 0 0 0 0 0 2 7 0 0 0 0 0 0 0 0 0 0 0 12 46 56 53 34 41 13 32 41 10 1 0 2 1 26 9 0 0 0 6 0 44 93 97 74 32 16 14 0 0 0 0 0 0 0 0 0 18 76 65 13 5 34 55
0 0 8 28 0 0 8 0 0 0 0 0 0 12 0 0 0 0 0 0 0 0 0 0 0 0 0 0 0 0 0 0 0 0 0 0 0 0 0 0 0 0 0 0 0 0 0 0 0 0 0 0 7 56 43 42 4 2 8 29 70 32 48 6 9 0 0 0 0 0 0 18 16 32 48 63 58 11 0 0 0 0 0 0 0 0 0 0 16 65 63 94 24 26 92 56
0 0 8 30 5 0 0 0 0 0 0 0 0 0 0 0 0 0 0 0 0 0 0 0 0 0 0 0 5 16 0 0 0 0 0 0 0 0 0 0 0 0 0 0 0 0 0 0 0 0 0 0 2 28 32 0 10 0 30 59 76 84 48 60 31 0 0 0 0 4 2 28 62 84 94 42 30 8 1 5 0 0 0 0 0 0 0 0 41 100 86 54 26 100 100 91
0 0 8 4 0 0 0 0 0 0 0 0 0 0 0 0 0 0 0 0 0 0 1 0 0 0 0 0 37 33 0 0 0 2 3 5 0 0 0 0 0 0 0 0 0 0 0 0 0 0 0 0 24 31 4 1 42 57 48 26 5 20 46 20 3 0 3 2 18 34 32 43 62 69 68 86 78 86 69 7 0 0 0 0 0 0 0 52 94 100 100 64 71 100 100 100
0 0 0 0 0 0 0 0 0 0 0 0 0 0 0 0 0 0 1 34 41 39 62 70 86 61 32 25 17 2 0 27 16 62 48 2 5 25 0 2 34 22 14 0 4 1 0 0 0 0 0 2 80 19 0 24 56 11 2 32 2 0 0 4 0 15 55 78 88 61 80 80 46 43 23 70 93 55 14 63 3 0 0 0 0 4 33 81 100 100 97 58 100 100 100 92
0 0 0 0 0 0 0 0 0 0 0 0 5 0 0 12 41 43 77 93 85 100 100 100 100 81 46 25 0 4 19 67 98 64 3 65 60 48 1 0 7 25 35 28 20 18 19 0 0 0 0 12 44 0 0 23 45 0 6 6 0 0 10 59 14 29 11 30 10 0 15 60 42 46 45 66 42 62 72 54 3 8 0 0 0 0 13 47 96 73 87 69 100 91 86 75
0 0 0 0 0 0 0 0 0 0 0 0 25 10 24 70 36 47 44 82 88 55 98 66 41 3 0 0 0 0 3 33 98 46 34 92 56 0 0 5 10 12 40 23 14 45 38 11 0 0 0 0 0 0 0 12 16 0 0 1 4 12 34 56 64 4 0 0 0 0 0 0 0 24 77 88 60 78 76 76 28 7 0 0 0 0 0 2 63 87 69 82 65 67 46 91
0 0 0 0 0 10 12 0 0 0 0 0 28 4 0 0 10 0 0 8 36 39 50 28 12 8 11 16 0 0 0 10 59 76 100 40 57 18 0 30 39 28 15 0 6 30 22 0 0 0 0 0 0 0 0 0 0 0 0 2 9 5 0 2 18 0 0 0 0 0 0 0 0 6 64 53 74 56 0 34 44 10 0 0 0 0 0 0 9 59 84 84 36 53 62 86
0 0 0 0 0 5 3 0 0 14 6 5 20 2 0 0 0 0 0 29 30 93 30 0 24 16 10 1 0 0 0 0 24 58 46 36 0 36 0 8 2 10 18 40 43 44 12 8 22 14 0 0 0 0 0 5 7 4 0 0 0 0 0 0 0 0 0 0 0 0 0 0 0 0 14 64 24 58 37 35 41 22 0 0 0 0 0 0 0 48 51 74 71 66 87 94
0 2 23 0 0 0 0 0 0 0 0 8 64 14 0 5 22 4 0 10 7 21 0 4 35 30 10 0 0 0 0 0 24 26 38 10 12 62 42 1 3 36 35 74 22 12 16 21 44 16 0 0 0 1 28 34 8 10 0 0 0 0 0 0 0 0 0 0 2 15 6 0 0 0 30 84 52 60 86 20 37 32 1 0 0 0 0 0 13 80 47 78 72 89 57 95
0 0 10 0 0 0 24 0 0 0 0 0 34 58 0 24 87 34 5 0 23 14 1 56 58 43 11 0 1 0 0 0 68 44 57 49 17 46 48 34 0 14 32 64 38 34 49 42 48 14 0 0 0 1 31 49 8 40 1 17 2 34 33 14 2 32 10 63 75 34 0 0 0 0 5 54 56 12 44 73 66 26 8 0 0 17 0 0 60 100 90 87 68 57 64 61
8 29 7 0 0 0 2 0 0 0 0 0 13 87 24 20 61 44 4 0 54 50 6 76 38 21 8 29 22 16 8 8 47 13 28 73 64 42 42 48 10 5 46 62 4 14 54 63 31 30 26 6 0 0 18 44 30 57 4 50 30 81 26 66 57 46 88 82 22 36 6 0 0 0 0 2 16 14 1 42 58 46 26 0 0 7 13 0 48 63 61 53 42 1 4 73
20 20 0 0 0 0 0 0 0 0 0 0 0 66 88 78 80 67 16 7 19 8 12 87 97 41 39 54 76 57 35 6 5 16 66 38 69 63 68 76 23 6 94 68 62 40 40 54 64 68 56 0 0 15 17 16 24 58 44 32 22 82 13 88 72 59 66 60 36 28 2 2 0 0 0 0 2 59 22 2 44 30 20 4 0 3 1 9 46 75 11 30 40 54 40 60
12 0 2 0 0 0 0 0 0 0 0 0 17 70 61 48 50 7 0 5 2 13 48 45 100 40 43 62 35 38 69 85 11 15 50 15 40 94 44 86 10 28 45 16 46 29 66 64 48 64 3 0 40 37 62 58 32 99 83 30 16 25 74 82 62 14 22 14 43 71 42 34 12 0 0 0 0 8 8 14 23 29 26 0 0 0 0 0 0 0 9 7 2 20 2 6
0 0 23 23 0 0 0 13 22 0 0 0 0 21 72 58 14 12 0 0 0 25 67 94 45 73 20 62 94 66 40 42 93 19 2 32 2 46 74 20 69 36 78 61 60 26 87 34 13 22 42 2 14 79 60 61 65 65 92 94 14 55 80 97 34 6 0 5 44 80 78 86 65 62 14 0 0 0 0 37 28 2 16 0 0 0 2 10 0 0 14 34 32 22 0 54
0 19 30 0 0 0 0 1 66 20 0 0 0 0 61 16 10 0 0 0 4 39 54 86 33 70 24 74 93 90 52 94 60 0 57 53 5 10 44 71 10 59 22 60 45 74 78 57 59 70 34 7 26 52 26 60 28 62 78 52 86 90 62 64 28 0 10 59 78 54 100 70 46 50 71 38 76 8 0 0 0 0 0 0 0 0 2 91 97 32 12 68 82 71 68 12
70 20 5 0 0 0 12 68 58 36 16 0 0 0 56 7 0 0 0 0 17 52 14 64 55 48 70 86 75 99 52 52 21 22 63 36 0 20 13 50 44 80 52 100 17 78 42 23 4 2 6 0 14 18 12 45 60 97 46 57 96 98 70 73 33 0 0 37 52 82 94 24 20 49 45 46 66 58 0 0 0 0 0 0 0 0 1 36 82 30 64 76 90 64 23 79
28 0 0 0 0 0 60 23 5 24 42 0 0 0 10 5 0 0 0 0 0 0 5 38 67 47 72 81 70 61 72 9 42 8 48 0 0 40 20 60 20 66 79 40 2 17 26 32 0 23 33 0 0 0 12 82 94 87 76 36 73 94 88 62 13 4 0 14 44 71 80 2 60 84 79 47 50 18 10 0 0 0 0 0 0 0 0 10 28 36 40 83 59 68 24 28
0 0 0 0 0 19 16 18 22 18 39 38 2 0 0 0 0 0 0 0 0 0 52 98 73 34 79 48 28 46 12 0 10 38 25 0 2 6 18 17 28 20 27 34 31 62 36 0 26 46 44 32 0 0 0 68 60 68 100 50 32 34 16 8 30 68 17 22 55 88 66 2 40 26 30 70 32 16 29 0 0 0 0 0 0 0 0 0 24 75 84 64 4 31 49 82
0 0 0 0 0 1 0 6 18 26 7 36 38 12 2 0 0 0 4 3 0 0 52 97 85 61 88 56 71 72 11 13 24 3 4 6 36 13 0 34 36 10 0 0 0 4 8 32 50 48 74 55 7 0 8 42 38 57 100 71 28 30 6 7 8 28 0 25 67 16 18 31 21 6 26 60 28 50 46 10 0 0 0 0 0 0 0 2 16 7 34 78 6 9 10 8
0 0 0 0 0 0 0 0 7 49 19 0 8 26 20 11 9 12 27 1 0 0 0 42 84 26 17 16 38 80 51 50 21 21 46 44 42 4 18 86 82 14 57 45 58 73 70 64 56 71 68 32 10 0 20 60 34 33 94 100 23 0 2 70 24 46 8 14 37 20 28 14 10 45 56 26 94 62 53 6 12 38 20 26 3 0 0 0 0 8 46 70 60 48 8 16
0 0 0 0 0 0 0 0 0 2 23 0 0 8 78 20 12 38 2 0 0 0 0 0 22 2 19 26 41 48 30 63 35 66 24 44 100 34 58 82 74 17 22 28 78 94 90 59 76 83 46 12 2 0 35 88 94 80 96 90 46 63 67 59 62 46 46 19 12 33 11 11 16 26 20 35 50 68 50 0 32 71 81 57 2 0 0 0 0 2 22 68 85 32 16 14
0 0 0 0 0 0 16 0 12 34 10 0 7 32 15 0 0 6 0 0 0 7 14 0 34 53 18 0 9 18 9 32 14 4 48 94 36 13 36 96 73 0 10 4 5 74 50 22 56 92 31 63 11 2 18 52 54 48 52 25 30 63 64 24 52 53 42 9 15 15 19 36 29 4 32 96 80 51 50 4 15 59 74 80 4 0 10 4 0 0 0 47 51 32 30 0
34 64 53 38 28 24 12 0 0 0 0 0 3 0 0 0 0 0 0 0 0 8 2 5 16 8 0 0 0 0 8 0 22 48 60 11 57 54 75 100 100 24 12 78 42 87 71 78 96 31 4 2 1 15 38 78 87 60 32 0 0 60 28 58 22 38 27 23 52 26 70 51 60 53 43 86 54 80 100 51 38 47 48 13 0 37 54 35 3 0 0 0 37 0 0 0
32 9 8 0 6 6 0 0 0 0 0 0 0 0 0 0 0 0 10 6 36 74 74 66 50 10 0 0 0 26 51 20 10 14 19 34 69 10 64 98 55 26 29 36 75 100 92 88 68 0 0 0 21 38 50 94 50 88 36 5 0 51 28 72 60 62 19 43 30 0 24 78 60 64 84 78 71 97 98 43 15 5 27 30 7 90 4 64 49 4 0 0 0 0 0 0
45 6 0 0 0 0 0 0 0 0 0 0 0 6 10 16 0 0 18 34 19 17 9 26 19 40 34 10 0 0 0 4 62 64 74 92 48 6 50 61 89 100 57 97 100 100 58 23 2 0 0 10 44 38 43 76 52 8 76 48 1 0 0 0 37 15 45 37 14 20 42 68 70 74 94 46 38 99 100 74 10 30 18 1 5 85 23 14 0 0 0 0 0 34 2 14
12 0 0 0 0 0 0 0 0 0 6 23 20 18 10 8 0 0 2 24 0 0 0 24 30 36 23 78 22 22 16 37 34 71 70 72 42 26 14 60 100 100 100 100 100 97 56 57 25 0 0 38 64 62 50 60 62 64 63 47 19 0 0 9 55 65 68 46 46 60 74 92 72 4 52 20 80 100 88 66 68 70 84 23 12 84 53 0 0 0 0 0 14 32 0 30
0 0 0 0 5 3 0 0 0 17 21 21 10 22 28 20 0 0 0 17 9 0 0 0 0 0 32 49 28 24 34 64 36 20 28 31 18 10 79 100 100 100 98 100 100 88 36 51 18 0 12 66 87 67 75 82 23 51 11 35 26 28 52 86 82 54 4 16 37 64 66 94 88 56 60 66 100 95 95 72 59 32 46 0 56 87 32 6 0 0 0 0 60 34 31 37
0 0 0 1 32 13 0 8 31 64 26 58 30 18 20 7 0 0 1 8 1 0 0 4 18 9 8 25 34 20 16 98 84 52 18 26 0 52 100 100 100 91 17 77 100 89 52 16 0 2 40 76 76 72 74 56 14 84 44 84 24 47 50 40 40 6 60 57 63 81 68 32 22 30 38 50 97 58 74 75 35 10 15 4 82 46 56 43 1 5 0 1 74 76 42 38
26 1 4 44 32 0 26 44 62 68 10 44 36 0 8 1 0 0 22 81 80 68 54 94 74 54 56 76 86 13 19 84 100 51 34 2 20 95 62 65 58 74 77 97 54 30 12 0 0 30 92 37 46 76 48 9 8 80 22 69 8 44 25 10 5 32 84 96 88 34 34 49 38 9 14 30 25 51 67 100 82 72 52 53 92 11 28 8 0 3 13 14 92 86 36 56
45 12 17 14 5 16 69 40 23 12 50 55 20 22 16 2 0 0 34 76 34 23 40 70 14 46 100 99 69 15 48 32 48 12 16 14 41 42 22 32 42 50 100 100 100 30 0 0 6 62 64 88 39 30 60 44 26 38 19 54 18 35 38 46 42 17 87 50 70 51 63 80 94 68 50 40 22 66 100 77 57 80 32 74 71 24 88 51 19 0 13 28 90 52 40 52
10 0 0 0 54 38 42 24 74 77 34 16 10 0 8 17 2 0 8 14 48 28 3 21 16 30 36 62 20 0 25 0 0 0 36 26 50 58 29 33 60 97 100 90 37 1 0 14 32 2 20 77 16 72 100 74 0 1 0 1 0 13 42 64 55 46 60 68 94 86 92 98 100 100 80 62 71 70 66 68 37 13 68 100 77 18 58 40 12 0 7 43 61 78 90 44
23 3 0 20 48 29 67 60 49 7 25 22 2 20 5 10 22 0 0 20 78 81 56 37 69 90 31 0 4 9 17 10 13 56 88 12 27 44 100 100 96 75 25 40 38 1 0 28 56 26 46 54 8 72 36 36 0 16 1 1 13 68 86 95 68 99 96 100 100 86 81 100 100 100 100 98 100 98 86 100 67 82 100 100 58 2 66 50 0 0 1 24 72 100 72 72
38 12 33 56 86 30 89 96 9 8 33 18 28 8 17 16 0 0 0 30 60 59 82 9 0 9 48 24 24 17 21 78 74 92 100 12 40 98 100 86 17 2 44 97 74 51 3 17 44 3 18 45 35 21 0 0 7 36 2 53 68 53 75 100 100 100 95 100 89 16 25 96 92 98 100 100 100 87 83 100 63 100 100 100 48 36 97 50 0 0 0 32 82 64 70 84
12 0 22 42 20 12 28 66 12 34 28 39 34 1 5 0 0 0 0 12 71 55 80 46 1 2 6 72 83 78 100 84 53 36 22 1 80 100 54 2 28 84 79 27 26 66 2 23 58 58 49 58 88 100 24 0 22 16 54 90 98 95 92 100 100 97 70 99 54 34 34 37 66 98 100 84 96 100 100 83 82 100 100 92 15 66 90 7 2 32 72 59 100 99 75 81
0 13 12 16 14 0 36 45 32 36 26 76 19 0 48 48 27 12 0 0 6 41 40 0 6 4 0 21 84 82 94 100 98 36 44 55 100 81 22 54 68 62 28 5 43 50 9 39 66 100 86 78 100 82 76 81 70 44 82 96 56 92 100 100 96 30 72 55 76 92 66 24 22 89 97 84 50 100 95 59 100 100 96 38 46 82 60 26 0 48 96 80 90 68 64 94
0 22 0 6 51 38 47 45 0 0 42 38 81 38 90 98 31 27 0 0 0 2 20 4 2 0 0 0 8 0 5 23 42 9 33 85 52 36 46 14 40 93 52 74 36 12 12 60 94 100 94 97 96 59 100 100 36 30 95 73 47 94 100 100 86 80 31 0 42 33 72 60 32 76 44 92 48 86 60 89 100 82 35 55 100 34 7 0 0 40 76 86 56 2 37 32
2 30 51 82 56 62 76 75 46 75 44 42 76 100 100 88 19 76 16 0 0 6 56 48 30 35 37 28 6 0 0 0 0 26 20 38 99 62 55 55 90 58 100 93 85 28 56 100 100 84 95 74 75 84 100 100 90 92 99 96 98 91 65 38 0 6 61 10 17 25 8 34 59 100 31 51 98 59 58 76 47 31 64 58 43 3 0 0 0 29 78 68 10 3 14 0
62 94 39 39 14 14 100 100 100 96 69 74 84 82 90 48 92 86 12 0 4 30 28 15 74 62 88 85 70 20 40 42 43 55 90 97 88 66 86 48 24 60 100 93 58 67 100 100 100 100 100 62 90 100 100 100 100 100 100 88 36 5 0 0 0 6 99 55 36 78 38 56 80 97 22 12 66 76 59 76 58 59 52 56 12 0 0 0 10 73 74 17 35 39 49 33
50 66 38 97 100 98 62 76 98 50 45 14 48 92 61 82 41 39 0 0 26 65 64 8 34 56 49 52 60 26 97 34 51 32 90 100 40 64 43 18 46 99 57 91 60 97 100 100 69 100 100 95 80 80 62 64 84 52 12 50 4 41 76 63 58 48 98 70 42 4 16 28 97 80 56 48 44 70 21 40 46 32 14 1 6 19 45 64 32 40 71 34 38 40 30 50
25 54 46 57 64 28 62 100 68 56 88 66 68 77 14 9 5 18 4 0 40 94 100 74 21 48 100 78 5 62 47 92 92 100 91 78 2 9 11 30 96 40 46 48 76 100 94 94 45 100 100 100 100 62 60 37 8 17 29 32 0 0 8 43 83 98 28 55 68 6 34 79 32 10 63 26 17 11 16 34 2 0 0 23 44 54 95 56 43 30 32 39 50 51 46 84
1 0 0 21 69 36 92 100 95 45 6 10 19 48 22 72 96 90 25 18 17 66 94 77 84 98 100 86 7 92 76 73 100 66 62 59 4 0 3 65 100 91 100 78 70 100 90 100 60 100 100 79 83 86 44 62 81 50 81 82 42 0 43 14 9 71 37 54 66 76 96 94 74 44 60 34 23 5 9 78 44 41 66 95 100 98 81 56 34 60 84 54 46 37 64 82
19 7 0 44 60 83 100 100 84 0 0 12 60 92 100 100 79 54 3 25 7 28 59 100 100 100 100 82 7 52 47 96 66 42 44 2 0 0 32 82 56 67 86 69 87 80 66 94 96 100 99 83 10 7 12 53 80 43 6 34 78 4 18 62 46 36 30 37 97 88 78 68 92 66 58 46 32 10 0 58 88 80 83 82 98 98 44 28 24 82 86 69 71 40 59 75
12 0 0 2 42 68 100 80 18 1 65 91 100 95 72 44 8 0 26 66 42 25 19 74 88 82 89 100 70 61 96 65 74 80 80 26 7 32 97 100 74 18 66 38 74 40 54 94 100 95 68 27 10 19 34 70 30 65 0 23 96 44 90 78 40 3 6 36 53 50 94 78 62 60 50 50 42 22 2 46 82 80 74 70 81 46 46 34 32 28 46 24 75 38 65 78
19 44 56 21 7 2 13 53 5 0 35 96 100 88 37 38 94 71 56 90 100 58 0 20 65 98 74 92 78 68 98 68 60 83 92 51 16 68 100 86 76 98 24 6 56 64 98 100 100 36 60 20 0 4 40 79 0 58 35 66 83 56 78 94 23 1 32 26 34 62 96 48 28 52 35 55 86 39 24 41 34 32 50 64 44 23 50 88 30 24 46 33 5 28 57 50
8 6 14 41 63 20 0 39 64 30 72 99 50 56 84 58 100 100 100 80 86 62 0 24 67 100 100 100 100 96 98 76 66 77 100 44 54 94 90 49 41 100 52 78 70 93 81 89 100 100 80 100 62 8 3 35 31 18 25 81 60 57 62 68 53 70 0 2 5 7 25 35 38 34 26 58 63 68 81 34 51 90 6 28 48 64 32 46 45 21 38 16 10 4 1 28
37 0 16 33 56 64 11 80 89 100 93 29 32 6 32 100 100 96 46 72 66 85 47 26 87 95 100 83 84 58 25 12 8 38 94 86 54 100 50 28 53 100 100 84 94 100 90 97 100 89 69 35 88 30 0 14 12 14 26 36 34 28 32 17 13 18 5 58 52 53 43 31 28 19 62 69 93 64 97 69 60 92 20 41 92 42 2 35 89 53 18 44 2 32 34 5
86 20 13 33 88 80 74 80 78 36 36 42 43 29 87 92 100 96 90 54 50 78 60 30 92 83 46 26 38 46 82 71 28 3 74 84 100 67 34 46 50 100 99 89 100 88 71 80 52 10 46 66 65 14 28 48 20 7 13 40 48 40 14 2 13 2 5 76 46 62 93 79 68 74 100 94 70 99 74 94 46 38 51 78 90 55 20 92 85 92 73 42 17 20 38 34
