data/habitatmaps/RS_maps/habitat_Prunella.collaris_2020.asc
NCOLS 369 
NROWS 228 
XLLCORNER 479000 
YLLCORNER 73000 
CELLSIZE 1000 
NODATA_value -9 
[rows 136 to 203 of 228, columns 96 to 191 of 369]
0 0 0 0 0 0 0 0 0 0 3 42 39 64 30 26 43 23 0 12 0 0 0 0 0 0 4 1 21 60 2 0 0 0 0 0 0 33 89 100 39 0 0 0 0 0 0 0 0 0 11 73 63 0 0 0 17 34 0 0 0 7 3 0 0 0 0 0 0 0 0 0 0 1 94 81 51 2 0 0 39 98 75 100 62 48 100 95 100 100 63 57 80 100 100 30
0 0 0 0 0 0 0 0 0 18 64 42 16 41 0 0 12 0 0 0 0 0 0 0 0 0 33 41 0 0 0 26 0 0 0 0 2 91 98 31 60 0 0 0 0 0 0 0 0 0 28 73 11 0 0 3 43 0 0 0 0 5 57 4 0 0 0 0 0 0 0 0 1 52 77 39 55 0 16 0 3 33 100 97 80 100 100 68 98 98 90 89 100 86 100 97
0 0 0 0 0 0 0 0 0 56 12 0 0 0 0 0 29 0 0 0 0 0 0 0 0 36 3 0 0 0 4 7 0 0 0 0 34 100 25 39 3 0 0 0 0 0 0 0 1 34 31 87 63 7 0 12 0 0 0 0 0 0 23 32 40 6 0 0 0 0 0 0 38 100 35 39 0 0 27 12 30 13 50 61 99 100 100 100 94 28 66 39 75 83 100 89
0 0 0 0 0 0 0 0 0 0 0 0 0 0 0 0 0 0 0 0 0 0 0 0 48 55 1 0 0 0 0 0 2 20 0 22 81 38 29 56 0 0 0 0 0 0 0 0 29 92 41 39 27 86 43 58 39 7 12 0 0 0 2 73 97 13 0 0 0 0 11 35 99 95 98 51 5 0 7 84 29 51 92 88 96 99 67 67 95 96 75 56 89 100 100 61
0 0 0 0 0 0 0 0 0 0 0 0 0 0 0 0 0 0 0 0 0 0 0 5 29 18 8 1 15 0 0 0 6 3 0 17 46 17 37 0 0 0 0 0 0 0 0 23 70 84 49 13 88 100 84 65 34 73 20 0 0 0 10 69 63 44 6 0 11 57 92 100 100 100 92 56 54 47 37 8 81 32 3 6 41 43 43 67 100 100 100 97 32 79 100 61
0 0 0 0 0 0 0 0 0 0 0 0 43 22 0 0 0 0 0 0 0 0 0 9 0 7 42 41 3 0 0 35 0 0 3 28 19 0 0 0 0 0 0 0 0 0 0 13 19 4 0 71 61 98 100 86 42 59 3 0 0 0 48 52 77 100 72 29 97 100 65 68 99 68 50 84 34 88 31 12 16 86 68 74 69 85 48 68 100 100 100 88 17 69 100 100
0 0 0 0 0 0 13 71 60 4 0 4 37 0 0 0 0 0 0 0 0 0 0 19 46 18 12 9 8 38 39 76 0 0 2 51 0 0 0 0 0 0 0 0 0 14 0 0 0 0 1 5 46 72 100 41 85 66 58 1 17 0 34 53 100 100 100 94 91 56 48 62 41 58 38 64 45 38 81 61 54 25 53 79 100 100 100 100 100 100 87 64 60 8 92 75
2 0 0 22 6 0 49 39 0 0 0 35 1 0 0 19 0 0 0 0 0 0 11 80 33 98 59 0 0 0 18 4 0 0 14 11 6 0 0 0 0 0 0 18 0 58 0 0 46 0 0 10 3 62 92 72 100 4 40 3 20 0 12 23 100 86 61 17 32 0 0 0 17 31 0 15 23 25 72 66 86 14 28 6 31 28 82 95 76 27 3 45 32 38 68 2
43 0 0 8 14 17 3 32 11 1 47 1 0 0 3 16 0 0 0 0 0 0 0 0 32 70 14 0 0 0 0 0 18 33 55 25 20 0 0 0 0 0 0 22 12 39 2 0 0 2 64 100 90 100 100 97 80 29 31 24 6 65 84 97 100 54 21 2 3 13 29 18 6 16 0 0 0 29 21 78 27 45 100 98 80 99 100 90 37 50 95 100 83 60 7 46
0 48 1 23 64 75 11 0 21 56 57 14 0 0 0 0 0 0 0 0 0 0 0 0 0 12 66 6 0 0 0 20 90 88 70 78 6 0 0 0 0 0 0 0 22 13 74 65 0 0 0 21 100 100 91 28 52 39 1 9 24 100 100 46 30 14 45 0 0 0 7 32 42 11 0 6 33 3 17 0 55 52 25 71 75 100 97 36 26 70 95 96 42 1 0 0
0 0 66 70 76 25 0 0 40 23 0 8 31 0 0 0 0 0 0 0 0 0 37 32 69 60 79 70 30 20 0 1 58 26 25 41 2 0 0 0 16 0 0 0 49 5 99 62 43 13 0 0 27 86 34 42 47 14 42 7 0 7 100 91 26 0 0 0 0 0 0 0 0 17 32 0 0 5 63 6 27 36 31 83 92 70 92 50 63 95 100 54 16 0 0 0
0 0 50 33 49 35 5 23 11 0 0 1 6 0 0 0 0 0 0 0 0 30 20 5 71 99 98 44 56 44 10 0 32 26 11 19 0 0 0 74 89 4 0 0 0 9 45 57 0 3 0 22 32 98 90 49 39 51 39 37 22 0 66 100 91 40 1 0 0 14 0 0 0 2 14 0 4 28 36 5 1 35 18 18 46 87 100 100 100 88 50 2 0 0 0 0
0 3 98 68 46 25 48 17 0 0 0 0 0 0 0 0 0 0 0 0 0 28 8 6 49 7 3 0 0 16 74 57 97 15 0 0 0 0 0 27 16 0 0 1 13 75 77 100 86 93 45 46 34 80 100 100 100 100 87 47 8 29 88 47 40 65 10 0 0 49 43 8 0 0 14 0 2 55 79 64 29 27 40 14 96 100 100 94 71 18 0 0 0 0 0 0
0 55 89 5 5 8 21 0 36 6 0 0 0 0 0 0 0 0 8 13 0 0 0 0 0 0 39 77 27 0 82 100 58 3 2 0 0 0 0 20 42 0 0 6 87 100 100 63 32 65 90 82 46 89 100 83 60 80 66 0 35 51 77 4 2 40 4 0 8 0 27 10 1 12 0 0 0 0 10 70 30 25 10 38 34 88 57 5 0 0 0 0 0 0 4 57
29 98 65 0 0 0 0 0 29 7 0 0 0 0 0 0 0 0 91 1 0 0 0 0 0 0 0 13 100 79 90 79 52 52 59 2 0 0 0 26 88 68 31 0 67 37 63 11 79 92 22 51 48 55 88 22 69 95 36 55 82 78 33 41 0 0 0 3 42 58 9 12 65 33 17 16 0 0 67 9 37 55 100 84 91 45 20 16 0 0 0 0 0 0 68 18
82 60 6 0 0 0 0 0 0 0 0 0 0 0 0 0 0 3 71 0 0 0 0 0 0 0 0 4 91 97 23 4 29 0 0 0 0 0 4 49 76 88 19 0 0 27 20 38 96 92 24 17 55 46 12 0 9 76 59 42 54 23 2 5 0 20 0 1 43 17 0 0 56 89 57 22 3 10 91 34 97 100 100 100 69 58 14 29 0 0 0 0 0 11 29 0
29 22 0 0 0 0 0 0 0 0 0 0 0 0 0 0 0 0 0 0 0 0 0 0 0 0 3 72 100 85 48 44 0 0 0 0 0 0 16 68 11 0 0 6 34 99 100 94 85 55 63 63 17 0 0 0 27 21 19 26 22 4 0 10 0 13 0 0 0 0 25 21 15 96 51 16 22 19 93 33 100 100 66 75 81 0 0 0 0 0 0 0 3 19 26 54
1 0 0 0 0 0 0 0 0 0 0 0 0 0 0 0 0 0 0 0 3 0 4 0 0 0 16 48 55 92 100 52 0 0 0 0 8 50 69 83 16 0 0 6 50 100 91 11 35 62 75 6 6 0 0 0 0 9 42 32 10 0 0 27 22 0 0 11 6 4 46 80 10 35 100 83 84 90 88 55 100 100 21 11 0 0 0 0 4 30 0 0 9 97 19 4
0 0 0 0 0 0 0 0 0 0 0 0 0 0 0 0 0 15 19 26 31 33 72 0 0 0 0 30 10 71 97 20 0 0 0 22 92 100 100 48 13 17 23 61 48 100 100 84 74 91 44 44 43 0 0 0 2 52 86 63 84 34 0 34 12 4 1 37 2 3 49 41 69 0 66 100 100 71 25 67 100 100 26 34 0 0 0 0 15 45 15 1 82 55 30 46
0 0 0 0 0 10 45 80 10 0 0 0 0 0 0 0 41 53 82 57 38 98 75 12 0 0 0 0 22 25 3 37 9 14 0 52 100 100 100 9 96 47 16 88 100 100 74 91 44 88 99 43 8 0 17 81 100 82 88 98 60 92 36 22 32 3 1 44 20 9 93 64 97 12 31 100 85 15 30 16 82 46 1 2 0 0 0 0 0 23 85 11 98 89 100 100
0 0 0 8 0 40 62 7 0 0 0 0 0 0 0 0 41 20 42 47 48 90 66 11 0 0 0 0 16 32 97 34 31 92 53 38 44 71 24 60 89 27 62 51 46 51 0 0 58 48 98 43 33 78 99 100 100 40 60 87 25 41 50 47 24 0 25 5 29 20 49 98 100 42 21 100 30 1 38 0 13 3 0 0 0 0 0 0 0 26 69 83 87 74 61 63
0 0 29 66 7 77 75 22 0 0 0 0 0 0 0 0 47 0 55 49 65 68 36 0 0 0 0 0 7 52 59 55 100 45 79 50 78 100 84 95 54 86 100 100 97 41 6 45 62 99 87 68 100 86 89 85 51 0 0 33 55 100 76 32 22 40 32 40 46 20 64 71 100 44 21 93 46 2 0 0 0 0 0 0 0 0 0 59 19 2 79 87 57 44 34 98
0 1 54 75 92 80 50 16 9 0 0 0 0 0 0 0 0 0 0 45 35 96 44 0 0 0 0 0 0 0 29 100 61 3 30 0 44 100 65 72 100 100 100 52 88 88 97 100 100 100 100 100 87 37 0 3 10 42 76 84 44 91 81 49 78 75 27 49 18 4 94 88 61 6 36 98 9 0 0 0 0 0 0 0 0 15 41 60 8 29 97 91 9 14 81 100
0 0 0 9 0 0 28 60 43 18 40 0 0 0 0 0 0 0 0 0 57 100 23 0 0 0 0 0 0 0 45 100 99 74 83 57 100 100 70 91 100 100 100 61 33 73 98 100 100 97 62 33 2 0 6 55 40 100 79 50 66 39 16 22 66 39 88 90 24 58 98 61 24 17 90 82 12 0 0 0 0 0 8 0 0 49 73 94 84 100 100 72 30 98 94 100
0 0 0 0 0 0 4 2 0 0 0 0 0 0 0 0 0 0 0 0 23 47 10 0 0 0 0 5 26 34 100 100 71 81 98 89 100 100 35 84 97 57 100 84 91 61 100 76 79 9 0 0 0 51 17 39 98 98 41 58 24 5 53 59 29 49 34 89 99 99 49 34 10 91 100 4 0 0 0 0 0 0 28 13 0 39 57 100 63 55 87 76 85 90 36 97
0 0 0 0 36 0 15 4 0 0 0 0 0 0 0 0 0 0 1 37 24 9 0 24 64 47 79 93 92 98 99 70 40 74 83 90 100 73 51 74 100 84 98 100 100 100 44 45 0 0 0 0 36 27 80 88 66 45 8 25 54 40 95 43 39 100 89 49 70 29 49 29 46 91 69 0 0 0 0 0 0 0 0 0 0 0 82 100 86 99 74 30 77 71 85 74
0 2 33 11 0 0 62 2 0 0 0 0 0 0 0 0 0 0 0 0 22 66 60 88 71 100 100 100 100 99 100 87 17 60 99 100 68 82 76 100 100 78 69 21 84 93 88 21 0 0 0 4 30 85 87 53 11 0 47 87 83 100 100 70 91 98 51 6 22 58 87 41 29 9 0 0 0 0 0 0 0 0 0 0 25 52 29 29 49 63 100 94 26 17 99 100
41 66 61 72 24 41 14 12 0 0 0 0 0 0 0 0 0 0 9 75 93 31 41 72 93 100 100 86 69 34 20 45 58 100 78 100 100 100 68 41 40 0 60 96 99 99 76 24 0 0 12 61 96 100 74 78 97 35 81 100 100 100 100 100 49 10 0 0 12 34 5 0 0 0 0 0 0 0 0 0 0 0 0 0 22 20 0 7 0 44 79 86 29 37 100 100
54 80 75 33 71 69 43 61 65 0 0 0 0 0 49 67 24 32 90 100 100 100 100 100 100 100 100 100 20 0 0 3 29 99 69 94 100 100 41 0 10 79 100 100 100 100 67 1 0 7 84 100 95 84 97 100 100 100 100 100 100 100 100 99 8 0 0 0 0 0 0 0 0 0 0 0 0 0 0 0 0 0 0 0 0 0 0 0 0 7 60 100 100 100 100 59
0 0 0 0 2 4 49 49 0 0 0 22 0 61 98 93 46 69 100 85 65 100 94 85 100 100 100 100 95 79 100 92 100 100 100 100 100 72 0 0 39 83 88 78 94 100 93 42 0 15 89 100 62 86 96 62 100 100 65 70 100 100 40 26 0 0 0 0 0 0 0 0 0 0 0 0 0 0 0 0 0 0 0 0 0 0 18 54 92 94 95 100 100 100 100 100
0 0 0 0 0 9 37 7 0 10 58 86 64 47 87 94 58 98 94 16 84 100 78 45 99 100 100 100 90 100 100 81 32 55 69 100 81 3 0 0 28 15 84 22 55 100 98 19 37 22 84 100 97 100 79 90 100 100 77 91 97 93 37 0 0 0 0 0 0 0 0 0 0 0 0 6 39 65 59 74 9 0 0 0 0 5 99 100 100 100 86 100 100 100 100 95
0 0 0 0 0 0 6 3 2 10 82 100 100 56 97 88 94 69 87 60 100 100 95 54 17 41 19 45 62 85 55 44 0 6 5 68 74 0 0 0 0 20 9 8 100 98 18 1 23 27 54 100 100 100 80 73 100 100 90 24 38 100 62 0 0 0 0 0 0 0 0 0 0 0 0 61 57 97 6 9 0 0 0 52 60 46 100 100 100 100 11 72 100 100 100 99
0 0 0 0 0 0 54 36 74 33 52 91 46 10 96 71 70 100 100 100 100 100 100 91 7 0 0 9 92 70 0 2 0 0 0 0 21 12 0 0 0 98 59 35 58 45 0 0 21 3 60 94 45 80 31 40 100 58 27 0 49 100 79 1 49 20 0 0 0 0 10 5 0 6 36 100 85 20 0 0 0 0 0 74 100 100 100 100 100 71 0 73 100 100 100 97
0 0 0 0 43 75 87 97 97 49 95 97 26 25 91 100 100 100 100 100 100 100 66 37 4 0 0 1 14 7 0 0 0 0 0 37 29 14 0 0 1 23 56 6 11 1 0 3 14 0 1 43 23 32 0 13 54 0 9 0 27 72 61 0 30 25 0 0 0 0 0 28 1 41 100 88 13 3 55 61 0 21 4 100 100 85 100 81 88 31 46 100 100 100 100 70
0 0 0 0 0 56 100 62 83 91 100 48 50 49 100 100 100 91 90 72 96 61 7 0 0 0 0 0 0 0 0 0 0 5 67 12 0 0 0 0 0 1 14 0 0 0 0 6 14 0 20 20 52 16 0 0 0 0 0 0 0 0 0 0 0 0 0 0 0 0 0 3 55 98 100 97 94 67 100 97 68 100 79 99 100 89 91 19 6 1 73 100 100 100 100 93
1 29 7 42 59 92 67 2 13 92 100 100 92 33 69 44 47 52 87 50 64 0 0 0 0 0 0 0 0 0 0 0 0 0 41 6 0 0 0 1 2 0 0 0 0 0 0 0 0 0 0 8 3 0 0 0 0 0 0 0 0 0 0 0 0 5 0 0 0 0 0 0 17 43 45 97 81 100 85 100 100 100 100 85 95 57 33 0 2 72 100 100 100 100 65 16
0 27 88 100 71 75 58 90 95 100 100 86 34 44 63 7 0 95 99 29 4 0 0 0 0 0 0 0 0 0 0 0 0 0 0 0 0 0 0 0 24 41 49 13 20 0 0 0 0 0 0 0 0 0 0 0 0 0 0 0 0 26 24 27 16 1 0 0 0 0 0 0 0 0 1 54 91 63 49 99 100 100 97 74 90 52 19 11 6 42 95 33 76 70 12 0
7 75 87 99 89 85 95 89 74 53 79 63 93 71 3 0 16 100 100 51 0 0 0 0 0 0 0 0 0 0 0 0 0 0 0 0 0 0 0 0 0 0 0 0 0 0 0 0 0 0 0 0 0 0 0 0 0 0 0 0 0 10 16 6 0 0 0 0 0 5 0 0 0 0 3 34 100 82 77 99 100 100 100 100 100 100 65 30 6 53 9 6 97 21 0 0
43 4 5 8 18 57 95 8 1 3 22 60 11 56 2 0 21 98 46 58 0 0 0 0 0 0 0 0 0 0 0 0 0 0 0 0 6 48 37 0 0 0 0 0 0 0 0 0 0 0 0 0 0 0 0 0 0 0 0 0 0 0 0 14 24 0 16 14 17 18 0 0 0 0 0 41 97 73 56 88 67 99 100 100 86 17 1 0 0 0 0 31 86 8 0 0
0 0 0 0 2 22 50 42 0 0 19 55 86 17 0 0 0 52 33 3 0 0 0 0 0 0 0 0 0 0 0 0 0 0 0 0 12 76 100 1 0 0 0 0 0 0 15 61 8 0 0 0 0 0 0 0 0 0 0 0 0 0 0 4 2 23 65 56 0 0 0 0 0 18 45 98 91 8 0 4 2 79 100 49 0 12 28 5 0 0 0 0 0 0 0 0
26 9 2 54 83 87 56 17 4 0 1 68 30 13 0 0 0 0 0 0 0 0 0 0 0 0 0 0 0 0 0 0 0 0 0 0 11 37 61 0 0 11 9 0 0 0 0 45 100 62 0 0 0 0 0 0 0 0 0 0 0 0 0 0 3 3 70 96 16 0 0 0 0 16 84 100 100 100 45 0 0 27 71 69 69 63 70 100 69 3 0 0 0 0 0 0
31 6 62 100 100 70 14 72 82 44 25 35 0 0 0 0 0 0 0 0 0 0 0 0 0 0 0 0 0 0 0 0 0 0 0 0 0 24 98 30 8 43 57 67 3 0 0 40 100 98 40 0 11 0 0 0 0 0 0 0 0 0 0 0 49 4 96 100 57 30 15 0 24 86 100 100 88 87 66 0 7 6 0 0 6 52 80 100 100 86 12 0 0 0 0 0
12 74 100 74 94 58 63 100 98 22 0 21 10 0 0 0 0 0 0 0 0 0 0 0 0 0 0 0 0 0 0 0 0 0 0 0 2 71 42 69 94 59 90 100 63 2 0 70 100 100 25 7 83 79 15 0 0 0 0 0 0 0 0 0 8 0 21 71 80 15 0 0 7 74 93 75 21 93 69 57 28 1 0 0 0 0 15 76 99 93 18 0 0 0 0 0
71 97 78 100 100 100 99 100 100 87 10 4 0 0 0 0 0 0 0 0 0 0 0 0 0 0 0 0 0 0 0 0 0 0 0 0 0 4 10 71 100 100 100 100 59 6 3 77 100 100 73 82 100 100 58 0 0 0 0 0 0 0 0 39 40 15 1 65 31 0 0 20 73 100 52 24 14 96 100 100 45 1 0 0 0 0 0 23 48 6 0 0 0 0 0 0
100 91 93 100 98 100 100 100 92 89 28 0 0 0 0 0 0 0 0 0 0 0 0 0 0 0 0 0 0 0 0 0 0 0 0 0 0 0 62 82 89 100 100 100 100 91 30 86 100 100 100 100 100 100 54 0 0 0 0 0 0 0 0 36 72 31 38 37 0 0 0 91 100 100 55 22 96 100 100 100 40 0 0 0 0 0 0 0 0 0 0 0 0 0 0 0
100 93 69 30 13 63 75 77 77 72 8 0 0 0 0 0 0 0 0 0 0 0 0 0 0 0 0 0 0 0 0 3 79 6 0 0 0 0 1 1 48 100 100 100 100 74 15 47 100 100 100 100 79 27 1 0 0 0 0 0 0 0 28 92 77 52 64 79 3 0 34 58 100 97 100 98 31 15 89 100 96 8 0 0 0 0 0 0 0 0 0 0 0 0 0 0
100 79 13 24 0 0 0 0 22 9 33 0 0 0 0 0 0 0 0 0 0 0 0 0 0 0 0 0 41 8 10 15 96 55 0 0 0 0 0 0 31 73 100 100 81 35 0 72 100 100 100 95 33 0 0 0 0 0 0 0 0 0 79 100 84 39 90 99 24 23 0 0 23 57 100 84 4 0 4 40 14 0 0 0 0 0 0 0 0 0 0 0 0 0 0 6
71 62 10 0 0 0 0 0 6 28 1 0 0 0 0 0 0 0 0 0 0 0 0 0 0 0 0 2 61 84 63 16 54 4 0 0 0 0 7 17 26 97 100 88 37 20 2 80 100 100 100 100 87 0 0 0 0 0 1 0 0 0 39 100 97 64 81 100 99 93 21 0 0 72 100 88 0 0 0 0 6 8 0 0 0 0 0 0 0 0 0 0 0 0 0 12
27 49 1 0 0 0 8 0 0 4 7 0 0 0 0 0 0 0 0 0 0 0 0 0 0 0 0 0 8 47 32 54 100 95 0 0 0 0 30 61 63 92 95 50 32 0 75 100 100 100 89 60 33 0 0 0 0 2 47 0 0 1 63 100 100 100 100 100 100 55 0 0 0 3 66 72 0 0 0 0 13 4 0 0 0 0 0 0 0 0 0 0 0 0 0 17
92 69 0 0 0 0 28 30 0 0 0 0 0 0 0 0 0 0 0 0 0 0 0 0 0 0 0 0 3 43 22 100 84 97 15 0 0 0 39 100 45 85 87 29 0 27 89 100 100 100 100 64 17 0 0 0 0 43 100 32 0 4 57 100 100 100 84 42 56 57 21 4 0 0 0 5 27 52 56 0 0 0 9 36 32 33 24 14 0 0 0 0 16 0 0 0
100 59 0 0 0 0 0 0 0 0 0 0 0 0 0 0 0 0 0 33 3 0 0 0 0 0 0 15 54 64 63 100 59 23 0 0 0 0 18 37 58 77 99 39 0 25 93 100 87 100 100 26 4 0 0 0 15 99 100 71 0 0 11 73 97 100 96 43 53 59 89 78 15 0 0 0 21 99 13 0 34 85 97 100 100 100 100 35 0 0 0 19 49 0 0 0
54 17 27 12 0 0 0 0 0 0 0 0 0 0 0 0 0 0 2 59 56 0 0 0 0 0 0 2 43 90 100 100 90 32 0 0 0 0 0 6 45 88 100 96 0 29 91 99 91 100 82 0 0 0 0 12 100 100 100 73 16 0 1 78 100 100 91 50 34 57 52 100 39 0 0 2 0 36 0 0 46 61 67 98 100 87 100 66 6 0 0 0 0 0 0 0
0 0 0 0 0 0 0 0 0 0 0 0 0 0 0 0 0 0 70 18 19 0 0 0 0 0 0 27 16 59 99 100 100 71 28 70 57 6 0 20 24 75 100 95 59 66 100 66 64 99 48 0 0 0 31 69 100 100 100 100 96 29 0 20 97 100 93 18 0 80 67 91 20 0 8 63 0 0 25 0 0 5 1 20 28 3 87 21 26 22 0 0 0 -9 -9 0
0 0 0 0 0 0 0 0 0 0 0 0 0 60 9 0 0 3 44 18 27 0 0 0 0 0 0 1 2 32 40 77 17 79 83 66 100 100 22 0 64 100 100 94 83 40 100 97 60 100 50 0 0 15 91 100 100 100 86 88 100 51 0 0 78 100 98 72 75 45 77 18 0 0 47 78 2 18 95 49 83 94 6 0 0 1 76 38 0 0 0 0 0 -9 -9 -9
0 0 0 0 0 0 0 0 0 0 0 0 0 15 0 0 0 21 25 0 0 0 0 9 10 0 0 0 0 5 85 99 73 95 100 16 40 21 7 0 1 84 78 71 79 85 97 74 82 100 57 0 0 25 100 88 66 98 41 47 100 43 0 0 73 100 100 80 71 61 81 82 23 63 77 52 9 92 100 100 92 81 11 0 0 0 16 100 20 0 0 0 0 -9 -9 -9
0 0 0 0 0 0 0 0 0 0 0 0 2 13 0 0 0 21 89 39 4 0 0 68 46 0 0 0 0 24 100 100 71 80 30 2 69 13 0 0 0 77 94 73 28 8 10 22 3 92 46 0 0 50 100 93 0 2 43 60 87 49 0 0 17 87 100 66 34 57 46 100 100 100 100 69 82 100 85 87 29 0 0 0 0 4 63 13 1 0 0 0 0 -9 -9 -9
0 0 0 0 0 0 6 44 31 3 0 52 73 81 18 0 28 98 81 8 60 0 0 66 39 1 0 0 0 42 20 32 69 2 0 6 100 78 20 4 1 84 100 47 18 29 3 0 43 100 64 0 0 72 100 100 42 0 5 16 88 94 5 0 18 87 100 47 4 53 11 63 88 92 51 47 82 68 0 0 0 0 0 0 0 1 1 0 0 0 0 0 -9 -9 -9 -9
0 0 0 0 0 3 41 45 6 70 25 19 73 48 5 0 53 99 100 62 81 0 33 96 92 4 0 0 0 0 0 0 55 57 1 3 94 100 47 41 17 56 100 91 4 0 26 0 89 93 30 32 28 95 86 72 52 0 4 59 93 97 2 0 43 100 100 81 88 93 55 87 89 76 21 54 28 13 0 0 0 0 0 0 0 0 0 0 0 0 0 0 -9 -9 -9 -9
0 0 0 5 48 79 4 0 0 58 46 35 71 17 29 0 9 71 100 97 68 12 3 67 49 1 10 8 0 0 0 0 45 76 24 3 62 99 77 63 22 100 100 72 26 20 22 12 28 70 58 40 12 98 95 33 36 46 18 41 83 3 0 0 44 100 100 100 100 100 65 66 100 37 48 24 71 57 23 16 9 0 0 0 0 0 0 0 0 0 0 0 -9 -9 -9 -9
0 0 0 0 11 17 0 0 0 13 40 79 100 82 71 22 5 78 100 100 70 17 0 75 48 10 84 19 0 0 0 0 33 62 62 31 37 87 4 12 5 80 100 89 52 63 24 41 67 70 1 1 11 100 59 23 0 23 44 73 100 36 6 1 12 27 100 100 100 100 64 24 100 100 100 100 100 34 82 100 38 0 0 0 0 0 0 0 0 0 0 0 -9 -9 -9 -9
13 27 0 0 0 31 0 0 0 12 80 81 100 100 100 81 60 48 100 100 38 73 11 46 100 69 86 39 0 0 0 6 61 94 83 93 68 100 62 18 74 100 98 86 59 71 56 68 97 47 0 5 46 100 79 40 32 84 0 64 74 53 70 81 19 40 100 100 100 100 100 100 65 49 61 18 52 8 52 74 45 0 0 0 8 83 27 0 0 0 0 -9 -9 -9 -9 -9
0 18 0 0 0 0 0 0 0 0 41 26 74 100 66 61 98 85 100 100 76 75 87 99 87 83 69 0 0 0 0 0 10 11 70 94 32 49 100 100 100 80 15 8 44 57 28 74 33 0 0 7 92 100 97 33 55 58 0 40 37 100 100 100 20 14 96 100 98 64 91 77 41 86 79 10 0 1 1 32 85 0 0 0 0 8 26 0 0 0 -9 -9 -9 -9 -9 -9
0 0 0 0 0 0 0 0 0 0 9 18 69 100 70 83 76 100 22 97 90 24 73 78 24 71 100 33 0 0 0 0 0 57 100 62 1 22 100 74 100 98 6 0 21 55 88 74 95 25 0 0 80 100 100 91 27 26 0 12 2 84 100 97 25 53 74 100 100 74 78 93 99 100 78 8 0 0 0 5 5 0 0 34 5 0 0 0 0 0 -9 -9 -9 -9 -9 -9
25 0 0 0 0 0 0 0 0 0 0 47 28 70 90 100 66 41 51 93 9 0 84 99 54 92 100 73 0 36 92 68 0 36 98 100 36 11 86 42 99 100 23 7 33 10 51 100 100 64 5 2 56 91 100 100 69 40 0 0 0 7 67 79 5 61 100 100 100 100 90 90 100 100 68 17 0 0 0 0 0 0 0 27 1 0 0 0 0 -9 -9 -9 -9 -9 -9 -9
32 0 0 0 0 0 0 0 0 0 0 0 66 32 40 100 100 71 51 100 58 0 59 100 64 92 79 58 19 77 100 99 32 27 82 100 60 29 30 50 34 92 9 20 30 4 43 60 99 86 12 50 82 56 88 100 91 29 0 1 0 14 55 97 60 78 100 100 100 100 100 67 55 93 23 0 0 0 0 0 0 0 0 0 0 0 0 0 -9 -9 -9 -9 -9 -9 -9 -9
63 0 0 0 0 0 0 0 0 0 0 0 9 0 40 72 86 75 88 80 35 0 54 100 100 100 71 17 9 81 100 100 86 85 75 100 61 46 39 9 30 10 31 28 35 55 85 76 29 52 19 100 100 91 23 88 95 40 31 28 46 18 17 63 72 79 100 98 100 100 100 88 21 51 31 0 0 0 0 0 0 0 0 0 0 0 0 -9 -9 -9 -9 -9 -9 -9 -9 -9
21 0 0 0 0 20 24 0 2 24 4 0 0 0 20 74 100 92 40 51 60 0 43 100 100 100 39 0 2 98 100 100 98 69 86 100 41 28 6 10 14 17 16 41 52 100 91 94 33 0 14 100 100 100 85 85 96 19 0 21 4 30 29 100 55 75 100 78 81 100 100 99 15 0 0 1 5 20 0 0 0 0 20 27 0 0 -9 -9 -9 -9 -9 -9 -9 -9 -9 -9
0 0 0 0 0 46 10 17 83 100 88 57 7 3 11 30 52 89 60 46 76 81 88 100 100 100 74 1 5 88 100 86 60 84 59 100 34 72 63 11 0 14 46 14 60 96 55 51 12 0 0 98 100 100 100 100 89 14 4 33 0 8 80 96 51 69 100 100 100 100 100 84 0 0 6 87 90 52 10 29 67 42 4 4 0 -9 -9 -9 -9 -9 -9 -9 -9 -9 -9 -9
