data/habitatmaps/RS_maps/habitat_Prunella.modularis_2010.asc
NCOLS 369 
NROWS 228 
XLLCORNER 479000 
YLLCORNER 73000 
CELLSIZE 1000 
NODATA_value -9 
[rows 118 to 176 of 228, columns 192 to 287 of 369]
63 86 73 66 41 36 88 27 15 0 0 0 0 0 0 0 0 5 54 28 34 33 87 27 99 39 0 17 15 42 85 100 96 62 6 0 0 0 50 72 50 0 0 0 0 0 0 0 0 11 31 77 64 34 3 27 23 25 70 75 57 47 61 37 31 29 15 48 65 79 60 62 56 64 80 97 99 88 100 88 100 97 33 62 96 69 98 79 88 53 18 44 36 74 72 95
14 79 87 67 0 0 24 0 0 0 0 0 0 0 0 0 0 5 13 46 51 48 86 33 93 100 77 40 39 73 99 82 74 97 26 0 0 33 66 52 48 0 1 11 0 12 29 19 48 95 82 16 65 15 41 60 45 44 68 47 52 55 46 20 45 20 15 76 45 61 92 78 84 26 75 99 100 88 100 100 73 72 66 85 91 100 79 11 45 71 73 42 22 80 63 66
55 31 11 0 0 0 0 0 0 0 6 1 0 0 8 11 0 2 41 38 90 92 95 56 44 85 64 39 76 53 54 9 13 98 17 0 0 48 56 72 59 2 22 61 35 5 7 36 100 63 90 79 59 13 56 80 62 60 70 53 52 64 96 48 28 16 79 51 84 35 32 57 94 87 67 80 100 63 88 96 61 56 11 58 78 62 77 38 86 78 44 19 46 78 2 3
0 0 0 0 0 0 0 0 0 7 41 7 0 0 19 54 0 5 57 87 100 81 50 81 55 68 80 76 66 26 0 0 8 94 1 0 6 13 21 42 100 41 36 86 67 53 71 87 93 36 77 13 53 62 68 66 93 46 25 20 48 71 44 33 73 60 22 93 96 67 14 29 76 63 14 93 100 77 96 43 73 69 1 82 96 72 48 86 98 80 13 44 74 40 0 15
0 12 45 29 0 0 0 61 57 54 33 28 40 3 18 62 34 7 75 75 51 82 89 42 0 11 74 76 0 0 0 0 9 46 3 4 53 0 0 48 100 68 26 49 74 79 76 12 11 12 67 82 63 56 41 23 4 2 63 24 6 6 15 53 100 92 49 76 69 55 45 58 77 46 58 100 99 40 44 33 34 41 10 37 77 97 75 100 96 65 30 84 87 9 0 0
57 62 48 8 0 0 0 86 58 71 55 50 67 84 59 1 14 43 56 27 50 98 37 2 0 1 80 32 0 0 0 0 0 0 0 19 1 3 73 70 100 83 97 72 31 13 6 56 65 69 100 80 89 29 65 67 77 11 16 36 62 30 23 21 64 83 61 80 77 20 0 31 85 82 100 93 49 0 17 22 82 32 28 17 99 77 48 63 48 53 28 60 65 45 35 0
54 97 96 31 0 0 17 59 14 47 27 27 9 29 73 74 27 18 49 76 84 57 0 0 0 0 29 9 0 0 0 0 0 0 0 0 4 81 52 84 100 87 27 4 1 38 92 100 100 100 100 93 100 90 99 90 80 72 47 85 21 0 0 15 88 28 78 49 26 29 8 83 92 86 100 50 0 0 37 7 27 15 35 8 83 47 50 53 40 48 43 32 72 84 44 0
36 37 61 52 77 85 45 21 0 0 2 17 34 45 26 16 48 6 93 65 100 13 0 0 4 2 24 7 0 6 40 0 0 0 16 51 64 92 100 100 70 73 56 45 53 97 95 72 99 100 61 65 78 95 77 43 57 61 88 16 10 0 5 45 43 57 57 99 96 86 85 73 36 50 99 65 0 0 38 44 22 17 37 1 64 98 76 58 72 36 46 64 66 7 5 5
20 27 38 17 59 18 15 0 0 0 0 0 34 80 52 60 96 83 60 96 42 9 0 0 7 58 81 35 0 56 41 0 3 77 100 53 84 67 36 67 91 97 46 100 86 99 75 53 47 76 47 94 69 83 64 54 45 79 25 0 0 0 53 62 57 69 100 63 13 31 90 66 40 77 48 16 0 15 33 42 40 41 33 8 51 100 66 65 73 66 62 87 58 0 18 47
0 0 0 0 2 0 0 0 0 0 0 0 0 0 0 14 63 62 52 27 0 25 0 0 0 3 4 3 0 73 57 3 37 79 58 92 77 31 67 100 86 97 92 62 68 96 95 31 45 68 11 57 53 85 77 93 100 83 5 0 0 20 53 30 86 100 100 81 62 53 100 73 33 97 58 0 0 0 0 0 24 29 43 75 64 74 97 82 39 30 78 81 71 6 19 56
10 0 0 0 0 0 0 0 0 17 0 0 0 0 11 57 70 45 72 64 0 3 44 0 0 0 0 54 38 44 80 52 71 39 53 46 1 90 100 17 39 50 61 85 72 95 96 45 4 20 3 26 58 61 90 93 45 38 12 48 48 46 38 73 91 89 100 94 42 67 99 62 30 91 11 41 28 23 9 59 96 100 92 64 100 100 100 96 29 54 86 20 82 61 43 68
19 0 0 0 0 0 0 0 0 77 49 0 0 0 14 1 55 63 78 54 0 0 8 0 0 0 1 57 51 63 43 50 92 56 76 4 57 88 72 92 73 54 42 33 76 56 91 74 5 0 6 81 85 62 95 83 95 47 14 65 86 67 53 73 65 73 87 76 48 92 74 50 62 97 73 70 76 100 100 100 100 100 66 98 100 82 49 72 96 57 39 34 37 84 67 78
30 0 0 0 0 0 0 0 0 38 79 12 17 39 49 1 55 67 56 16 3 0 0 2 21 53 87 81 25 44 13 30 18 70 47 57 78 23 50 66 40 0 11 70 18 46 78 89 64 3 19 46 80 38 24 78 90 31 62 79 100 100 73 87 63 82 73 54 98 85 21 94 56 38 90 37 83 100 100 100 100 100 97 100 100 51 77 100 100 73 83 74 33 32 51 81
1 0 0 0 7 19 0 0 0 6 38 40 75 100 100 96 75 48 43 52 10 0 4 55 100 96 93 31 11 20 66 47 56 98 100 97 37 39 50 69 67 1 16 14 0 11 68 97 58 16 83 100 65 65 84 90 59 23 83 89 58 100 99 74 79 81 70 47 82 60 33 66 41 39 33 7 23 46 100 99 58 73 100 100 100 47 90 95 87 41 39 62 26 41 55 70
0 0 0 0 23 21 0 20 7 9 10 59 80 86 80 83 50 43 23 10 33 71 73 97 100 100 93 43 45 30 88 98 61 73 73 87 76 39 54 79 68 3 0 2 9 52 89 95 18 2 8 40 43 86 74 8 58 91 63 47 30 98 100 96 43 20 21 50 55 50 53 19 2 83 49 0 35 97 69 30 61 1 85 98 93 75 81 75 64 84 35 13 77 100 100 100
0 0 0 0 0 0 50 55 71 84 61 75 62 38 42 9 10 28 49 72 68 41 43 100 90 35 14 12 30 73 74 42 45 1 46 68 40 76 52 51 32 6 15 17 20 17 37 54 63 7 22 98 95 65 9 50 72 58 37 31 49 71 100 88 73 85 23 81 59 46 20 14 30 78 47 47 77 92 2 43 64 19 28 73 100 98 100 100 91 85 100 40 93 100 91 86
0 0 0 0 0 0 1 35 15 12 21 18 4 0 0 16 5 40 27 23 37 51 40 80 8 42 51 54 64 90 68 53 93 42 30 80 59 84 49 5 26 8 1 0 0 0 0 17 73 6 39 82 87 32 35 98 55 8 12 23 64 83 100 92 52 72 73 85 31 7 43 0 2 25 42 100 89 32 57 70 21 0 43 100 97 54 44 100 88 64 98 89 39 98 99 48
0 0 0 0 0 0 2 0 5 1 0 0 0 6 38 54 2 4 0 46 87 3 73 87 67 25 40 2 0 58 46 47 53 44 57 28 45 17 0 0 0 0 0 0 0 0 0 0 4 48 52 98 78 40 94 70 16 0 0 2 68 59 44 84 34 24 43 83 11 3 18 0 37 100 100 75 74 17 18 44 35 35 86 67 47 93 14 93 43 7 56 95 8 64 100 66
0 0 0 0 0 0 0 0 0 0 0 18 30 87 74 20 6 41 34 18 96 44 1 53 86 67 16 14 63 91 25 37 3 56 36 1 75 0 0 0 0 0 2 3 0 0 6 19 75 47 56 67 65 95 81 39 24 1 22 72 97 56 22 61 94 28 26 78 30 1 21 0 41 89 100 91 20 32 85 97 70 7 88 71 63 74 21 67 58 8 70 58 7 32 99 91
0 0 0 0 0 0 0 0 20 22 43 77 64 27 6 22 24 52 17 31 57 68 55 77 97 49 28 5 15 90 17 0 0 33 59 3 40 1 0 0 0 0 2 17 0 0 21 82 88 31 4 49 45 98 67 24 1 13 96 100 37 17 25 68 63 98 66 59 30 16 20 14 29 44 27 18 31 24 19 73 77 29 100 89 97 36 0 80 100 98 100 79 3 0 82 100
0 0 0 0 0 0 0 3 77 98 64 27 1 7 59 58 38 23 0 0 44 84 81 49 89 23 49 42 54 70 4 0 1 74 45 0 25 13 3 0 0 0 35 69 2 0 7 77 97 16 0 1 32 56 18 11 13 54 51 34 45 90 59 83 83 82 40 81 98 70 21 0 0 0 19 73 54 84 65 99 63 64 89 48 55 94 8 75 66 71 92 98 18 0 20 88
0 0 0 0 0 0 1 7 100 45 4 12 13 39 87 39 18 0 0 0 21 98 72 47 53 1 53 11 30 12 0 0 74 73 10 0 3 14 60 26 0 0 50 100 13 50 17 69 100 45 2 0 0 13 9 0 0 21 33 79 84 58 97 42 84 62 50 81 36 18 0 0 0 0 10 93 100 98 36 100 87 90 84 30 28 42 46 79 36 33 62 97 70 25 29 58
0 0 0 0 0 17 78 93 98 74 30 62 1 21 63 15 73 10 0 11 98 90 80 65 3 0 4 1 20 1 25 37 72 29 0 0 0 0 0 0 0 24 96 79 43 68 89 88 69 46 9 0 0 0 0 0 47 35 63 61 53 94 65 23 61 53 69 21 53 64 41 12 0 0 0 48 95 57 35 95 92 98 81 68 67 73 54 30 5 55 99 32 68 99 98 30
0 0 0 4 59 96 74 72 63 81 58 14 32 53 61 7 27 32 0 0 46 96 49 11 0 0 0 0 0 4 69 97 50 3 0 0 0 0 1 9 34 71 74 67 100 100 96 79 100 57 0 6 0 0 1 38 66 40 67 81 48 81 55 9 71 38 0 39 32 16 39 61 52 4 37 68 6 76 95 83 96 100 99 63 61 72 11 0 37 97 52 49 89 32 90 96
30 49 42 58 83 40 76 60 82 76 51 0 19 72 79 81 23 25 5 0 15 39 32 75 2 3 0 0 2 0 8 77 12 68 20 0 0 0 62 61 86 94 90 43 87 67 29 76 89 4 0 38 63 36 33 57 21 76 66 31 1 9 22 52 20 13 62 39 91 73 78 36 39 45 76 80 88 91 100 88 91 83 55 98 40 0 3 12 94 81 9 87 31 59 95 90
35 48 98 66 53 27 59 94 79 85 22 36 66 25 62 18 45 45 55 11 59 86 94 87 17 31 70 45 52 46 66 77 56 100 46 0 13 35 68 89 98 54 71 32 91 80 66 17 11 0 1 49 24 48 32 6 60 24 36 24 64 46 32 56 40 92 100 100 67 82 61 61 17 22 91 89 50 29 48 14 41 95 98 64 84 60 33 62 98 46 9 27 6 80 78 62
62 76 36 24 6 88 99 77 17 86 56 18 1 0 4 44 81 89 62 96 96 99 89 86 99 88 83 38 18 38 84 51 75 99 95 79 74 77 62 83 100 100 94 87 68 77 88 1 0 0 1 58 5 0 1 6 28 0 0 40 20 1 84 93 100 100 79 40 61 73 41 82 66 92 57 40 1 12 12 28 9 83 72 21 35 42 48 96 46 32 29 20 0 15 71 95
100 69 1 0 4 18 42 43 1 14 24 0 0 0 27 94 100 100 100 100 79 100 100 98 74 58 74 94 100 100 36 3 48 89 93 88 79 77 100 100 51 77 88 76 66 79 78 40 3 0 0 9 0 0 0 17 27 0 0 0 0 13 100 72 95 78 9 8 78 84 95 61 56 52 55 0 0 15 2 0 28 87 40 0 0 22 16 71 17 44 47 11 0 13 90 99
100 95 100 30 16 4 0 0 0 0 0 0 0 51 76 76 88 81 77 86 73 89 100 54 61 83 62 66 100 100 100 95 85 76 96 88 97 100 91 100 80 75 55 22 90 62 64 85 11 0 0 0 0 0 36 43 24 0 0 0 8 68 57 37 71 65 73 42 37 19 92 96 73 19 27 0 0 4 0 0 72 97 71 35 25 3 0 68 22 85 29 0 5 85 98 58
99 65 85 48 78 25 0 0 0 0 15 72 78 100 100 100 89 36 8 32 26 88 88 88 78 91 100 79 72 35 33 38 42 38 50 60 88 93 75 84 93 83 92 100 59 85 52 41 79 51 0 0 0 0 5 65 60 2 0 23 45 57 30 19 27 80 93 90 89 69 66 94 45 68 73 26 0 0 0 0 77 79 79 95 96 83 33 3 23 29 0 2 67 66 99 100
68 93 77 76 33 0 0 0 0 6 79 86 76 54 62 67 92 92 86 59 64 79 80 73 53 57 60 91 89 83 52 16 0 11 0 2 39 75 41 71 68 87 100 100 85 81 88 56 86 48 0 0 0 0 0 3 2 0 10 81 46 42 36 63 68 65 17 41 89 74 29 16 0 35 72 0 0 0 0 0 74 31 4 68 97 90 70 39 39 5 0 13 61 44 15 40
89 80 66 48 6 0 0 0 4 30 87 39 52 77 94 97 80 40 22 22 79 69 71 96 68 39 20 30 32 86 83 79 63 97 45 34 15 21 12 23 17 50 100 100 91 67 96 72 86 52 0 0 0 4 8 0 13 21 62 46 61 89 52 100 25 3 12 55 32 43 0 0 1 6 65 0 0 0 17 53 67 0 5 81 75 76 44 14 0 0 38 48 51 9 54 5
42 7 0 0 0 0 0 0 32 82 47 84 91 82 65 30 11 6 38 24 49 62 96 82 100 100 98 69 51 94 100 79 72 80 100 89 88 56 70 45 76 100 89 81 76 53 100 89 82 31 0 0 0 0 0 0 27 56 23 0 0 14 23 92 18 83 83 6 82 26 0 13 36 58 99 51 25 0 52 94 82 0 16 82 66 69 70 76 9 0 0 0 0 18 57 0
82 1 0 0 0 0 0 7 86 82 81 79 31 50 66 5 39 78 93 97 41 16 37 22 54 67 63 92 65 76 90 77 84 96 95 48 99 100 52 97 100 89 89 87 43 63 99 79 56 6 0 2 0 0 0 0 0 0 0 0 0 48 52 98 95 23 3 2 58 18 0 25 49 60 34 6 51 12 12 68 22 0 8 62 51 98 53 46 97 40 0 0 0 10 6 3
55 51 0 0 0 10 28 82 75 34 40 49 0 52 47 16 35 46 62 92 86 78 18 0 2 5 19 40 99 74 52 70 64 57 77 76 78 100 86 98 98 87 96 39 45 95 82 21 3 4 39 29 0 0 0 0 0 0 0 0 8 43 21 53 87 1 0 0 23 1 0 0 26 64 74 51 95 81 24 15 0 0 17 50 37 100 78 57 46 72 47 15 0 0 0 0
70 91 5 64 90 75 96 96 64 34 0 0 0 0 0 0 0 0 0 32 81 72 94 50 8 0 11 39 62 100 90 44 78 59 35 89 92 99 100 100 80 90 97 40 57 100 64 0 0 16 93 89 42 13 46 19 0 1 30 0 0 39 28 49 96 31 0 0 0 0 0 10 33 89 74 100 100 64 5 0 2 19 63 26 34 88 35 8 34 13 70 82 6 0 0 0
92 55 7 53 89 53 26 27 15 0 0 0 0 0 0 0 0 0 0 0 51 61 60 82 61 61 25 2 13 76 86 99 100 99 86 56 100 100 100 57 38 76 77 43 55 100 71 46 0 4 16 98 99 89 58 47 0 20 68 0 11 63 61 70 86 44 1 0 0 0 21 34 81 100 76 100 100 88 40 0 1 20 63 15 56 88 27 9 21 14 0 50 88 60 17 7
8 0 1 0 4 22 51 70 0 0 0 4 17 2 0 0 0 6 1 0 0 31 58 87 97 53 4 0 21 85 87 100 100 100 97 77 97 100 85 72 3 56 96 55 59 100 100 100 53 1 23 94 87 65 23 0 3 59 15 0 7 64 70 77 100 56 1 0 9 9 97 96 100 100 58 100 90 96 21 1 5 33 48 16 45 58 56 48 14 20 16 11 11 19 67 0
11 7 0 7 32 56 50 6 0 0 7 87 71 7 0 75 34 77 58 0 75 63 78 66 71 6 0 20 76 100 96 94 98 93 98 90 95 100 88 99 25 31 100 100 88 74 100 97 91 74 91 100 96 85 57 0 14 54 14 4 11 44 66 93 100 70 26 0 32 72 100 100 99 77 75 89 69 98 83 26 9 48 44 21 12 42 54 18 3 10 85 64 13 40 52 16
36 83 25 24 57 45 30 5 0 0 15 65 71 5 0 74 77 92 88 15 70 95 93 97 85 2 0 0 0 45 25 20 20 51 91 91 64 88 100 100 94 64 100 100 98 88 65 93 88 85 77 100 97 75 49 19 24 56 52 58 36 9 28 99 99 97 97 26 26 0 55 98 98 95 86 81 100 100 67 35 16 53 31 22 0 43 20 74 15 16 91 61 12 27 71 40
32 78 88 70 91 49 30 1 0 0 0 18 67 37 5 86 100 100 99 68 74 99 88 82 87 2 3 3 0 0 0 0 0 72 98 94 99 98 100 97 87 100 94 100 77 83 63 100 64 87 93 100 100 95 85 69 21 63 80 93 36 0 17 83 94 69 69 95 77 63 9 53 37 68 51 77 97 100 37 0 0 29 68 21 0 18 43 25 65 5 100 72 6 0 19 5
8 7 37 64 67 23 21 1 0 0 0 54 90 67 90 18 24 94 82 88 78 99 100 95 63 24 81 50 16 0 33 24 72 100 95 70 68 69 100 72 75 67 86 87 75 83 65 49 98 100 100 99 94 66 39 10 17 22 57 83 33 0 5 13 71 100 53 80 92 95 24 21 76 97 100 60 66 72 79 40 26 16 60 34 2 8 21 25 58 8 100 68 5 0 0 0
6 33 17 50 39 33 7 0 0 4 25 82 94 100 46 3 13 50 90 69 99 100 100 69 8 53 81 62 24 1 44 90 94 100 83 89 100 100 93 54 97 60 100 89 65 80 62 4 95 100 80 62 77 91 49 3 0 19 93 93 53 33 39 8 89 91 53 67 85 60 2 30 43 37 93 96 52 88 89 45 26 5 21 31 9 0 25 64 51 9 81 69 0 0 5 35
13 19 26 25 85 59 3 0 0 67 68 70 92 100 97 69 3 21 77 81 100 100 84 100 87 88 98 92 8 0 1 30 50 74 60 78 85 100 100 45 59 67 100 100 86 96 97 16 100 100 93 91 25 21 21 0 16 71 100 96 96 65 27 7 83 98 49 75 81 50 0 0 23 92 100 100 72 78 2 0 0 0 2 21 2 0 52 78 65 36 12 15 0 0 24 60
9 1 21 67 93 36 13 9 0 38 3 43 81 100 100 64 0 13 24 61 100 100 77 95 100 100 68 11 1 54 62 59 45 54 0 43 86 82 95 100 55 70 100 100 100 100 94 96 99 100 100 100 98 66 16 3 49 71 100 82 22 4 0 3 65 95 63 86 95 55 0 0 0 26 93 100 92 56 36 11 0 0 3 3 0 2 11 1 0 12 0 0 0 0 0 31
28 6 5 63 52 95 54 3 6 0 1 59 86 100 100 54 33 1 10 12 70 100 84 73 89 100 70 16 7 78 93 97 100 88 33 9 25 41 74 98 100 69 39 94 100 100 62 83 100 100 99 100 100 100 100 79 54 71 93 81 51 0 0 28 98 100 99 100 91 16 0 0 0 0 40 77 55 63 85 69 35 0 0 2 9 1 0 0 0 0 0 0 0 3 15 38
21 27 38 90 62 99 49 4 0 0 17 34 100 100 100 100 100 75 87 19 75 100 84 98 75 94 77 2 1 4 31 47 82 67 92 4 39 57 74 99 100 100 70 24 74 98 32 96 100 90 64 95 99 89 55 7 57 86 59 85 70 9 9 77 100 98 79 100 91 18 0 0 0 0 19 60 82 93 100 86 52 13 12 27 36 17 1 23 37 6 41 74 77 92 100 77
5 1 20 85 55 85 84 11 0 21 96 78 100 100 100 100 100 100 79 86 98 99 80 98 62 7 43 21 84 99 85 61 100 84 87 18 10 7 48 86 100 100 100 91 52 16 2 100 100 59 10 85 99 79 21 15 24 78 71 91 89 33 32 66 99 95 58 100 98 81 9 0 2 72 81 80 100 100 100 42 30 56 75 73 75 39 48 70 84 74 92 84 97 100 100 100
20 0 0 52 78 70 67 4 0 2 71 100 100 83 69 95 100 100 94 84 90 97 88 72 13 0 0 6 81 100 100 100 99 100 58 14 11 6 46 35 84 100 100 100 100 52 2 88 100 86 26 50 40 6 0 0 21 80 81 99 64 25 81 93 100 73 81 100 100 100 49 0 13 98 100 100 100 90 100 100 100 100 100 86 91 71 95 79 98 85 64 65 70 65 41 65
31 14 17 55 77 66 53 0 0 0 13 47 23 7 65 80 94 100 76 99 100 100 95 89 48 5 19 2 59 94 100 100 62 92 98 83 59 10 4 89 100 100 100 100 100 100 28 75 100 64 22 20 13 4 0 34 84 94 91 100 56 35 68 99 100 91 100 100 100 53 82 10 0 69 89 100 100 81 100 100 97 93 98 100 100 98 90 88 74 71 67 45 86 98 98 96
68 65 77 97 76 100 37 5 0 6 1 3 5 57 3 23 79 100 67 100 100 100 97 66 48 27 63 1 15 9 73 84 100 66 99 93 74 24 55 98 100 100 78 75 100 100 43 63 100 95 95 100 82 13 0 15 82 99 64 100 100 46 90 100 86 62 100 100 52 74 32 30 0 3 26 100 100 100 95 70 39 52 31 55 65 60 68 77 96 100 100 100 95 99 87 27
69 100 78 75 90 100 71 15 40 76 83 80 97 100 59 16 97 100 78 100 100 100 75 6 0 29 80 50 54 12 4 34 91 85 100 66 16 43 60 78 79 66 43 94 100 100 47 82 100 100 100 92 55 1 0 2 74 97 77 100 40 11 54 100 47 80 100 100 100 73 1 0 4 74 83 100 100 100 49 8 82 100 100 100 98 81 96 92 69 95 98 61 67 93 67 37
43 88 90 75 79 54 40 64 100 63 73 86 100 100 100 97 100 100 72 100 95 70 15 14 0 35 84 96 100 91 24 23 85 74 100 82 50 30 66 54 48 33 80 98 98 100 75 53 96 100 100 99 95 18 0 9 85 87 88 79 1 6 77 90 41 100 100 100 100 92 35 6 26 89 100 100 100 97 20 35 100 100 100 100 100 97 89 57 75 68 36 0 10 35 31 1
95 82 100 79 9 14 62 100 98 74 53 99 100 78 99 100 100 97 48 100 100 100 90 59 56 9 51 78 100 100 94 80 100 66 100 81 24 88 54 20 36 31 5 41 73 100 90 47 78 100 100 97 34 8 3 50 98 99 57 81 31 79 98 58 71 100 100 100 92 45 30 18 87 99 100 100 100 44 1 68 100 100 100 96 38 74 57 0 0 0 0 0 0 0 0 0
77 92 100 81 15 2 26 86 74 100 75 100 100 97 99 100 100 100 96 44 97 100 99 82 97 53 75 55 65 93 100 100 96 70 95 42 31 76 26 41 70 28 56 85 100 96 93 31 47 100 100 69 1 2 16 81 100 91 62 100 95 99 79 64 88 95 74 95 28 11 0 51 98 100 100 100 79 9 4 80 100 100 100 92 15 12 7 0 0 1 30 32 0 0 0 0
85 70 73 8 3 9 16 72 96 84 83 100 100 100 97 100 100 100 100 69 46 80 97 100 100 100 97 86 24 64 74 100 71 81 72 3 73 99 31 93 72 2 83 100 100 100 100 55 30 99 100 97 62 28 63 93 100 100 100 100 94 96 69 94 97 41 31 78 40 3 16 34 91 100 100 100 100 28 0 34 100 100 96 62 17 26 13 4 8 22 96 23 0 0 10 2
100 76 18 21 45 52 95 100 96 36 86 99 100 100 83 71 69 83 100 100 100 92 60 91 100 100 89 96 100 29 29 95 100 73 77 47 45 95 59 98 31 0 38 87 100 100 100 65 60 54 100 100 100 49 66 100 100 100 100 100 85 98 61 100 82 21 2 43 4 14 100 100 100 100 100 100 100 87 0 19 97 100 100 68 44 100 88 84 77 85 97 7 6 27 32 3
100 97 35 27 91 100 100 100 60 100 41 32 57 78 73 55 35 98 100 100 100 100 100 59 76 100 100 100 100 64 20 81 100 97 97 53 62 100 100 93 43 29 18 84 99 100 100 100 39 57 92 100 98 54 56 100 86 100 98 96 93 71 68 100 100 100 49 6 0 92 100 100 82 94 100 100 100 100 4 0 47 100 64 91 100 88 53 73 100 100 86 6 5 29 38 0
100 100 26 45 100 99 79 75 92 76 15 0 0 16 2 66 72 64 85 95 71 99 100 99 51 96 99 100 100 100 98 9 64 100 100 91 80 100 100 100 97 21 17 63 93 100 100 100 79 25 31 100 100 92 93 100 95 96 79 71 85 48 100 100 100 100 88 24 12 100 100 88 85 86 96 94 100 100 41 0 0 58 98 100 86 45 68 77 63 73 52 0 16 37 69 17
