data/habitatmaps/RS_maps/habitat_Turdus.torquatus_2001.asc
NCOLS 369 
NROWS 228 
XLLCORNER 479000 
YLLCORNER 73000 
CELLSIZE 1000 
NODATA_value -9 
[rows 120 to 179 of 228, columns 192 to 287 of 369]
43 69 89 75 25 41 54 10 14 48 87 93 85 37 92 89 100 98 59 75 58 91 94 56 45 85 62 39 70 84 100 100 86 2 74 80 100 52 44 62 53 98 100 88 69 94 100 69 16 48 89 82 42 2 56 80 61 60 70 53 53 64 85 46 29 16 79 47 52 84 86 100 78 13 80 80 100 100 100 96 49 4 11 68 83 83 36 62 13 31 44 19 17 21 100 100
91 61 63 87 70 36 21 81 89 81 59 93 96 66 76 46 100 95 45 69 84 81 50 93 86 77 80 77 92 85 100 100 92 6 72 73 94 87 79 60 46 59 74 17 40 77 90 41 14 23 17 6 7 22 62 66 93 46 12 5 49 42 35 33 73 60 27 83 38 28 81 78 28 0 12 93 100 100 96 43 68 0 0 82 96 75 84 12 2 26 13 44 39 31 100 100
68 99 66 64 64 4 56 39 43 46 67 59 55 95 82 38 66 93 24 65 52 82 89 100 100 100 100 100 100 100 86 77 90 57 97 96 47 100 100 51 42 29 45 96 72 79 78 8 0 0 16 65 64 56 41 25 4 0 0 0 0 0 13 53 100 92 50 46 78 76 55 44 24 58 58 100 100 65 44 34 37 1 5 37 77 96 52 0 0 45 30 87 20 85 100 100
55 39 37 76 69 26 55 1 35 29 43 59 18 13 41 97 83 57 49 40 15 96 100 100 100 100 46 96 100 100 83 9 94 100 100 81 99 97 27 41 93 65 96 73 31 13 9 21 18 58 100 79 87 19 66 42 64 1 0 0 0 0 16 21 88 88 31 80 86 97 100 69 15 95 100 100 96 14 18 23 82 4 0 17 99 81 49 3 36 56 32 59 84 55 94 100
45 86 16 69 100 91 64 12 75 51 73 41 43 24 17 26 80 82 100 75 61 100 100 100 100 100 72 91 100 100 94 43 18 45 100 100 96 19 36 82 100 88 28 11 3 31 92 94 100 84 87 98 64 67 97 74 39 0 0 8 6 0 0 15 88 30 77 72 54 12 91 30 48 85 100 100 82 0 37 7 27 11 0 9 95 82 95 22 46 59 4 25 99 16 56 100
77 92 82 8 4 15 47 27 66 56 68 70 66 61 30 82 76 100 99 63 96 100 100 100 100 100 76 93 100 94 69 95 93 100 84 49 36 70 94 100 71 73 60 45 29 93 93 34 87 65 86 36 0 92 31 14 30 0 0 10 6 0 0 44 43 57 95 82 0 5 26 46 82 56 100 81 74 1 38 44 23 17 0 0 76 98 75 36 62 49 3 64 100 93 95 95
74 69 49 63 30 66 82 68 40 45 4 92 66 37 88 78 97 99 65 97 100 91 100 100 97 48 19 66 100 44 60 100 97 23 0 48 45 65 36 67 91 97 46 100 64 87 50 1 26 14 55 6 3 68 7 0 0 0 1 1 0 0 0 31 57 73 100 92 78 16 0 29 34 78 100 87 84 22 34 42 41 41 4 4 52 100 65 61 71 67 62 87 100 100 83 53
70 37 88 81 92 47 70 2 61 100 51 69 98 100 100 96 98 63 53 100 100 75 100 100 100 97 96 97 100 27 43 97 63 21 69 97 77 25 68 100 100 71 58 71 49 90 49 26 40 15 89 43 20 12 4 0 0 0 25 6 0 0 11 30 86 100 100 99 17 0 0 18 33 98 72 60 6 0 0 0 8 25 27 85 73 74 97 82 39 28 78 82 100 100 81 49
90 77 31 35 18 20 71 11 96 83 89 36 76 100 89 43 97 44 83 45 100 97 56 100 100 100 100 46 62 56 12 48 29 73 64 46 1 90 100 99 58 40 21 47 64 93 96 76 96 80 97 74 37 21 10 0 0 4 3 0 3 16 9 73 86 79 100 65 43 0 0 24 33 88 85 76 33 19 1 10 62 99 95 65 100 100 100 96 7 36 86 20 82 91 77 100
94 52 26 13 1 10 18 0 77 23 50 97 72 100 86 99 100 69 92 63 100 100 92 100 100 100 99 43 40 43 15 14 28 71 76 4 7 87 69 76 5 35 41 90 94 37 81 26 96 100 94 19 15 39 0 1 3 36 14 4 61 48 40 74 28 28 99 61 15 0 16 37 57 58 14 77 72 97 68 89 100 100 67 97 70 63 50 73 95 57 39 34 37 100 100 99
86 37 34 63 45 21 0 29 21 61 23 91 94 66 51 100 100 72 64 85 97 100 100 98 79 56 13 19 65 26 0 2 68 82 43 0 10 5 19 92 42 100 89 15 51 68 19 80 44 97 81 54 22 69 94 43 75 31 40 61 100 100 68 75 4 17 48 49 2 0 7 97 56 95 83 8 94 88 78 67 32 78 97 100 95 51 78 100 100 73 83 74 33 39 65 80
79 21 35 6 66 94 46 100 67 94 59 58 62 1 73 81 68 61 77 20 90 100 96 45 0 11 0 1 11 20 66 48 64 98 49 28 21 13 18 54 22 97 84 85 100 76 48 73 65 85 17 0 38 53 71 88 57 19 77 80 38 100 46 47 68 23 29 54 0 13 41 54 26 3 43 80 99 55 0 0 0 50 97 93 66 19 85 74 86 42 39 82 36 42 56 71
0 26 29 27 72 84 100 80 93 91 73 27 61 41 61 90 58 79 31 81 67 27 14 0 0 1 37 35 73 65 67 100 85 100 34 70 40 30 27 16 32 97 100 93 91 48 36 53 49 93 92 56 44 10 0 0 58 89 44 15 42 91 37 74 83 40 66 48 0 43 91 76 94 17 45 100 67 3 0 13 59 1 85 98 88 1 13 5 61 84 37 20 77 100 100 100
0 0 1 32 33 97 50 29 2 8 37 20 78 100 100 100 69 23 50 52 39 59 60 0 0 41 56 71 30 5 71 79 46 100 14 35 50 49 49 71 68 94 55 48 80 83 67 62 42 98 78 5 6 20 0 35 89 98 26 18 21 51 69 65 14 19 80 19 0 39 59 57 65 22 53 50 20 0 1 43 55 19 28 73 97 22 0 2 15 85 100 65 94 100 87 79
0 0 0 18 18 53 99 19 16 26 94 100 100 100 100 100 78 43 37 70 63 49 60 20 83 84 69 33 36 16 86 29 7 58 69 20 71 97 73 95 74 92 96 100 97 74 80 73 46 95 64 34 31 16 50 98 32 81 63 73 36 40 92 75 43 15 27 2 0 0 46 100 98 78 55 1 3 7 56 69 21 0 43 100 96 27 39 0 8 79 100 89 39 98 54 54
0 0 0 1 10 22 88 84 85 98 90 100 100 94 67 84 3 0 21 35 13 97 27 13 52 78 45 93 100 48 20 44 47 56 43 66 49 100 100 100 75 23 54 58 100 66 49 97 96 57 45 0 0 19 25 86 64 100 100 98 32 1 41 63 29 35 48 0 62 19 46 100 63 0 0 0 5 37 19 39 38 7 77 79 4 2 86 7 58 100 100 95 8 70 100 42
1 0 0 15 1 10 43 100 100 81 88 83 71 22 60 25 55 26 1 25 3 54 99 47 29 32 9 70 37 11 21 66 99 54 83 37 93 100 91 19 13 19 65 78 100 100 94 81 25 63 34 0 0 0 48 67 27 99 78 28 0 0 3 69 5 73 74 22 27 11 35 99 59 10 0 0 12 32 89 96 72 0 63 77 26 26 79 33 42 94 92 62 0 30 99 97
18 0 0 1 27 34 82 100 89 83 68 50 56 44 41 45 62 39 83 66 43 31 45 25 3 51 34 84 70 1 52 73 79 97 71 95 91 100 84 49 23 83 93 54 100 100 79 18 23 81 96 54 71 5 38 56 98 87 4 0 0 0 25 48 0 1 26 29 35 56 0 59 70 56 73 79 48 45 64 73 46 30 98 45 0 67 100 19 0 41 79 70 4 0 82 97
25 26 0 23 0 80 81 93 24 0 29 75 69 81 57 25 45 77 82 100 56 16 14 51 10 75 32 47 48 8 75 95 98 51 55 100 100 99 97 100 100 100 65 31 98 100 93 23 3 84 100 98 67 46 57 67 87 35 0 9 44 90 58 0 0 3 43 19 0 15 30 100 100 100 80 26 33 15 26 99 64 64 90 25 44 17 95 24 21 74 85 47 1 0 22 77
29 17 40 23 22 32 63 89 0 0 38 72 62 52 33 50 79 66 80 100 79 2 0 53 58 99 38 66 70 89 85 100 31 78 87 100 100 89 40 74 100 100 50 1 90 50 76 28 0 55 93 100 99 62 72 100 100 37 0 68 99 81 46 6 16 38 50 8 0 50 100 100 100 100 86 7 0 2 84 100 76 90 97 62 72 24 53 15 2 20 6 47 58 26 31 60
39 58 80 39 80 83 33 22 0 7 42 27 99 79 48 78 26 90 100 86 2 0 0 34 89 71 96 97 80 100 75 63 63 100 100 100 100 100 100 100 100 76 9 47 46 31 11 18 44 35 80 100 100 100 100 100 51 1 42 40 21 7 0 4 39 47 31 61 34 36 59 87 100 100 100 72 61 69 100 100 88 95 68 3 12 26 46 57 85 45 0 22 68 99 98 31
88 31 100 78 41 0 0 0 0 0 14 86 62 47 12 87 68 71 85 83 54 6 59 91 67 82 100 100 100 96 31 3 27 80 100 100 100 87 78 86 66 27 9 35 12 0 35 47 11 43 100 94 100 100 99 62 1 40 14 8 61 19 3 66 0 61 100 46 60 61 2 16 41 96 100 73 6 65 74 100 100 100 99 51 39 28 89 99 63 3 0 50 99 96 97 96
62 35 49 41 0 14 9 10 0 0 34 100 80 28 0 19 72 75 94 100 85 62 67 5 98 97 100 100 98 100 92 14 0 4 80 100 100 87 6 0 10 13 77 44 63 32 17 85 22 96 100 61 30 51 54 5 38 11 35 68 100 89 47 21 40 83 38 46 0 16 0 38 53 77 80 81 88 67 100 97 87 83 55 16 60 100 92 87 6 0 0 90 67 38 46 90
90 23 0 34 32 74 41 6 0 0 51 64 7 45 38 81 55 9 40 89 41 14 17 8 83 61 13 46 29 39 34 48 56 0 61 71 61 20 0 21 82 38 71 35 83 71 58 91 89 93 80 46 48 45 32 74 58 76 67 77 32 22 69 49 60 8 0 0 17 24 18 45 17 22 91 91 52 47 97 86 39 95 98 48 11 35 64 46 1 0 4 68 91 20 90 62
18 19 64 76 93 12 0 0 83 13 31 82 99 100 88 41 19 10 38 4 11 8 33 14 1 8 6 62 82 62 23 66 74 11 5 21 8 0 21 6 23 5 76 64 38 70 13 96 100 100 98 24 86 100 96 82 78 100 100 60 73 98 23 7 0 0 15 66 64 82 54 85 84 99 72 67 99 63 91 73 74 73 60 76 65 53 52 3 0 3 0 32 100 85 35 79
0 31 99 49 72 77 58 57 84 86 76 100 100 100 46 17 0 1 15 36 88 76 0 0 0 13 42 17 0 0 64 96 84 80 68 28 0 10 0 71 51 23 37 37 57 80 58 43 90 61 92 91 100 100 100 83 73 100 100 79 82 87 1 27 16 19 2 12 79 45 16 44 37 55 44 100 100 56 94 100 60 82 38 100 63 78 84 18 48 43 8 68 100 87 14 91
26 2 0 70 83 81 44 63 6 67 100 100 100 47 13 1 35 18 30 85 86 100 6 27 10 26 39 19 0 0 0 4 28 81 100 71 19 0 46 85 41 46 60 27 67 100 78 30 79 36 95 100 83 82 64 57 76 95 38 48 59 32 52 20 71 68 66 49 63 81 8 4 25 28 73 100 100 89 100 99 30 96 61 66 75 97 100 32 71 14 71 100 95 15 41 58
32 65 35 52 26 72 65 64 25 87 84 35 24 1 0 30 83 65 11 35 31 100 92 82 81 63 11 56 48 45 66 62 69 70 91 92 37 62 76 60 95 81 72 30 0 23 100 81 64 50 88 70 100 37 34 24 37 100 87 76 48 27 39 42 65 51 9 13 30 31 34 6 55 32 15 74 80 59 84 85 20 70 74 60 12 16 67 97 77 72 100 98 31 4 85 88
32 46 68 64 90 100 100 64 91 90 22 43 32 0 29 63 100 100 100 71 76 85 86 69 50 57 21 80 59 40 45 84 100 87 100 100 92 74 100 100 100 100 100 58 3 18 100 60 43 57 92 36 64 39 49 64 95 81 80 8 22 42 64 37 32 38 83 43 32 11 70 84 100 58 27 100 94 38 68 100 26 55 89 54 99 72 74 35 79 100 100 87 39 46 66 81
0 23 37 80 100 100 99 67 82 38 36 52 49 28 93 64 81 83 70 45 80 94 91 96 68 39 21 27 31 95 64 53 41 9 44 33 57 98 94 100 80 23 46 93 13 0 34 91 49 48 76 17 35 81 76 100 87 69 37 49 38 11 48 0 75 97 88 45 84 29 98 95 94 82 24 100 100 100 83 47 33 100 94 21 91 81 56 85 100 100 69 51 49 88 42 84
52 69 91 100 100 100 88 79 9 0 24 46 44 53 66 70 89 83 43 47 33 20 17 32 70 100 98 70 51 94 100 74 61 82 83 23 8 35 30 41 29 28 30 64 7 0 48 84 96 70 100 54 39 98 97 100 73 44 77 96 100 86 75 8 82 17 17 94 12 34 100 62 15 3 0 11 69 100 49 6 18 100 69 14 60 63 10 24 91 100 100 100 100 82 44 100
17 87 79 79 75 75 81 79 2 56 79 35 46 49 31 86 22 7 0 3 60 51 17 37 13 38 70 64 12 76 90 77 67 58 85 37 87 11 45 3 49 55 14 4 0 0 82 100 100 100 100 98 63 22 10 51 48 54 60 93 100 52 50 2 5 77 97 98 41 75 100 70 51 38 47 18 20 88 87 32 78 100 76 8 26 69 53 6 0 60 100 100 100 90 94 97
48 50 100 82 100 71 53 1 37 67 58 49 100 37 36 29 33 54 38 8 42 49 83 100 95 84 43 20 8 63 53 70 64 1 0 0 42 67 31 6 66 48 0 0 0 50 100 100 100 93 68 71 97 49 66 12 40 53 91 100 92 57 78 49 13 99 100 100 72 98 62 95 55 7 0 0 0 0 30 76 100 99 50 1 52 5 53 91 35 5 53 85 100 100 100 100
31 12 95 37 6 0 1 12 27 66 88 61 100 100 100 82 91 100 100 76 32 25 9 22 77 100 73 38 53 64 87 45 83 72 16 0 18 94 51 14 19 0 0 0 0 91 100 100 100 84 9 11 46 86 55 69 84 100 66 100 100 61 78 88 22 69 100 100 100 75 49 64 36 40 29 3 0 0 86 100 93 43 0 22 70 0 18 75 75 56 3 18 94 100 100 100
8 43 79 39 22 67 79 67 84 100 97 100 100 100 100 100 100 100 100 100 59 15 14 6 26 39 74 93 96 25 66 100 100 100 88 16 26 100 80 54 70 9 0 0 8 73 98 54 100 99 84 36 60 45 28 46 100 80 12 100 89 56 95 72 35 54 99 100 84 60 74 31 8 66 36 1 0 33 46 100 97 39 0 38 59 0 2 73 37 58 75 4 8 40 83 80
50 94 94 100 87 32 23 27 44 77 64 86 68 95 100 100 100 100 100 100 100 96 23 79 36 16 88 100 79 28 78 83 61 48 70 67 4 93 83 80 100 99 56 0 2 72 100 77 53 99 77 2 56 20 57 100 97 37 73 100 93 37 47 77 100 62 99 100 91 91 3 1 14 29 29 42 0 55 66 96 84 0 0 49 50 18 3 72 58 40 69 37 55 41 19 100
53 79 88 78 4 0 0 80 85 86 84 12 2 78 100 25 66 46 54 100 20 70 49 63 60 81 100 80 24 33 72 27 9 66 100 67 0 35 87 95 77 82 100 58 4 0 15 87 67 35 39 15 35 7 54 100 90 36 63 87 68 51 50 85 60 65 100 100 68 28 2 19 89 58 66 66 33 58 10 45 72 0 2 42 83 61 5 82 97 90 20 3 66 58 34 84
9 8 52 37 2 0 6 83 100 100 76 42 10 84 100 26 23 9 19 94 24 15 5 66 27 94 100 81 98 55 79 100 76 68 96 94 4 47 24 96 87 49 100 100 85 15 0 32 92 79 62 7 30 82 91 94 80 38 93 86 74 86 76 81 92 80 100 100 100 100 48 26 14 2 41 77 69 69 60 43 52 0 20 42 100 87 48 1 85 84 26 3 66 73 60 60
8 9 0 21 7 0 9 96 79 100 100 99 75 57 95 14 0 0 3 64 17 0 26 38 19 100 97 94 80 100 100 100 100 30 81 96 17 8 0 41 87 91 76 99 78 36 0 0 4 45 61 96 100 100 81 34 92 29 74 100 83 100 58 50 55 66 69 100 61 37 83 43 65 34 29 76 19 16 71 100 99 30 10 50 100 82 48 28 54 95 0 3 82 100 81 95
83 93 2 35 33 0 38 64 79 9 79 59 0 0 9 82 76 36 9 28 25 2 39 65 38 76 10 41 83 100 67 76 29 46 75 80 49 2 0 4 72 68 100 100 75 68 11 0 10 69 100 100 100 95 100 73 90 70 89 100 100 100 85 69 7 84 42 75 72 15 76 38 3 22 69 10 38 58 33 29 74 52 0 3 93 92 70 36 36 92 0 7 86 100 100 100
82 56 64 47 55 1 80 87 2 78 91 54 19 0 54 91 100 94 83 36 0 0 28 86 78 26 1 48 75 99 56 35 45 98 94 100 68 40 28 0 5 43 100 100 70 68 5 0 9 79 100 100 100 81 53 97 100 51 89 100 68 70 62 92 53 100 37 46 90 42 93 41 61 65 55 42 46 84 33 60 48 86 36 6 73 100 75 5 42 99 19 30 100 100 95 65
80 82 21 66 2 30 91 100 81 35 81 83 25 0 3 2 91 100 100 71 24 0 29 44 0 1 58 51 92 100 99 87 64 87 100 100 92 97 95 35 0 4 54 94 88 94 2 0 20 69 92 53 99 100 98 100 84 48 91 100 100 100 88 98 100 100 30 55 89 60 100 100 94 67 55 21 51 98 97 100 99 100 95 36 93 100 47 22 35 64 88 85 100 100 76 40
74 100 37 5 52 27 60 72 100 63 100 96 56 0 0 36 100 100 100 40 4 0 4 15 29 54 63 78 100 49 38 41 58 51 100 100 100 100 100 65 0 0 0 28 92 55 0 5 16 31 26 61 89 100 97 97 43 36 100 100 100 100 100 100 100 100 15 1 100 60 100 100 100 96 43 73 27 54 28 67 100 100 91 91 88 98 89 99 100 79 100 100 100 93 85 69
21 83 84 10 46 56 12 89 94 100 100 87 41 0 0 46 66 99 90 88 34 25 0 62 100 100 65 52 93 55 21 8 1 17 67 100 98 90 100 82 46 5 0 0 10 1 0 10 72 100 89 78 61 100 87 38 27 53 71 98 100 100 100 100 100 100 34 37 100 99 100 100 91 100 97 100 65 68 24 23 46 100 100 98 79 97 100 100 100 100 100 100 100 93 79 62
36 20 21 5 55 65 2 85 100 100 86 72 0 0 0 0 0 26 52 97 90 38 4 74 100 100 100 100 99 97 97 95 49 42 55 98 61 77 100 86 94 49 0 0 0 0 0 0 12 92 80 92 100 100 88 97 38 79 55 80 78 91 91 49 100 97 53 97 100 100 100 100 81 63 87 95 28 48 68 64 49 64 61 22 10 40 97 71 63 94 59 39 34 44 40 61
84 98 74 82 49 84 31 68 100 76 5 17 0 44 4 0 3 80 100 95 31 0 55 100 100 100 100 95 16 1 15 40 14 36 87 82 90 96 55 84 100 87 48 0 0 0 0 0 22 55 74 22 72 64 89 78 49 88 70 87 91 77 69 86 100 51 52 77 100 100 100 100 100 60 23 77 0 20 70 73 81 38 40 4 79 4 23 28 48 71 86 98 93 44 68 31
32 100 100 47 53 59 58 87 100 97 7 1 44 95 57 14 2 15 19 33 0 7 94 91 98 100 100 97 60 11 0 32 11 89 97 73 81 83 78 55 90 92 95 73 4 0 0 6 84 74 85 53 67 95 100 100 66 94 80 100 100 91 94 100 93 4 72 96 100 77 95 100 100 100 93 65 5 0 51 42 1 12 62 67 76 43 71 63 56 39 26 55 12 18 10 53
2 59 50 9 43 66 79 100 100 100 68 36 70 98 57 66 30 0 0 0 0 25 54 19 63 95 81 98 66 11 0 9 7 20 3 13 50 70 87 84 100 99 100 100 54 0 0 0 50 78 41 62 61 89 100 62 54 99 100 84 82 71 95 99 66 34 96 100 100 58 46 100 100 100 99 93 6 0 56 44 0 0 0 23 1 1 11 6 18 0 15 55 86 98 98 100
29 10 24 88 76 100 53 84 100 86 97 91 93 47 93 69 64 0 0 3 0 2 22 79 100 73 38 100 100 85 22 83 30 0 10 55 90 82 32 100 100 100 62 75 56 2 0 4 70 84 89 83 36 81 100 76 80 100 67 81 19 33 17 67 5 37 37 94 100 100 90 100 100 97 81 44 54 25 9 1 2 0 0 0 8 12 31 20 80 86 95 100 100 100 100 100
70 15 11 74 90 100 62 76 55 15 20 71 45 92 51 71 1 0 4 47 28 17 76 100 100 78 12 52 46 88 90 59 29 0 46 100 98 57 76 72 98 98 35 38 63 0 0 0 35 70 98 100 100 100 100 99 100 68 69 100 53 68 86 25 0 66 100 100 100 100 100 100 99 72 57 56 56 37 8 0 30 42 16 40 64 48 91 62 67 90 100 100 100 100 100 100
49 2 87 100 88 41 36 36 0 0 53 94 100 99 89 8 0 0 16 72 67 71 99 60 99 100 21 0 0 6 63 55 3 0 59 78 54 71 67 43 65 67 51 58 54 0 0 0 0 79 100 100 72 62 100 98 84 8 88 100 100 100 33 0 13 89 100 100 100 68 72 73 60 84 35 16 0 0 0 0 0 59 55 94 100 91 100 85 97 88 100 100 100 100 99 97
0 57 99 49 72 58 38 0 5 59 79 59 81 18 25 13 0 0 0 0 0 0 23 14 74 94 76 59 0 0 7 11 0 0 37 95 86 2 22 75 52 64 96 80 51 0 0 0 0 32 69 100 45 77 92 48 92 40 57 98 89 44 6 3 79 100 100 100 56 63 70 47 70 92 70 2 0 0 0 0 2 14 84 100 99 64 100 100 100 100 100 100 100 60 61 59
22 93 66 40 56 94 73 43 74 56 70 81 29 1 56 45 39 5 0 0 0 0 0 0 27 7 20 28 64 20 0 0 0 13 54 99 47 30 77 38 24 51 20 0 0 16 31 0 0 11 92 100 100 94 51 59 93 47 62 90 32 23 6 63 100 100 47 93 71 82 100 65 47 74 40 0 0 0 0 0 2 95 86 54 73 76 100 100 100 100 98 98 100 100 100 100
85 56 61 97 98 91 84 30 72 18 35 42 5 58 58 37 51 31 36 0 0 0 0 0 0 11 56 45 76 88 59 6 8 32 87 97 93 38 63 12 63 94 22 27 22 89 12 0 0 0 32 97 39 20 38 81 100 87 100 85 83 21 1 54 96 76 82 96 49 94 80 46 42 58 73 0 0 0 0 0 2 64 59 60 83 65 86 76 76 99 86 100 100 100 71 93
96 81 81 38 21 44 9 56 97 25 62 5 31 25 60 56 74 75 95 0 0 0 0 0 0 25 57 13 7 77 97 78 11 36 68 76 67 16 2 94 100 100 88 72 41 95 8 0 0 0 0 14 23 23 44 100 74 36 100 78 100 20 36 100 87 60 95 58 100 78 0 19 23 21 40 71 44 2 0 0 0 28 37 33 62 11 48 48 30 82 92 100 81 19 5 91
89 22 35 26 5 44 93 99 60 100 96 83 43 59 54 20 33 1 31 33 5 28 0 0 0 42 26 0 25 45 80 19 0 0 15 66 21 2 39 66 30 56 99 49 95 36 0 0 0 0 0 19 95 51 56 100 41 36 100 83 78 1 68 55 23 21 52 83 100 9 55 99 83 85 99 71 1 0 0 0 0 0 59 54 49 0 38 63 66 91 96 100 85 12 81 100
92 96 21 0 34 97 100 100 100 100 100 100 100 100 98 23 0 21 15 21 5 12 0 0 0 0 0 0 0 0 2 85 5 0 0 27 19 2 24 22 0 28 93 84 89 41 35 26 0 0 0 0 36 80 57 100 72 14 70 0 3 18 97 88 87 98 79 46 88 42 86 19 99 100 90 27 5 31 5 0 0 0 29 60 43 15 72 98 97 100 100 100 51 59 100 99
95 75 89 16 60 83 100 100 100 100 89 84 37 62 43 36 0 0 4 21 49 41 0 4 6 0 0 0 0 0 0 19 50 31 73 52 12 0 0 52 100 72 74 71 13 83 100 99 65 0 0 0 0 12 51 86 93 14 1 0 0 36 57 59 88 13 6 32 63 90 95 79 100 100 88 98 97 22 0 0 0 0 54 69 83 54 99 100 96 100 100 100 48 88 100 39
71 74 48 29 66 70 97 100 100 50 19 25 7 0 33 3 0 3 68 0 0 4 8 53 8 0 0 0 0 0 0 20 32 85 100 77 34 0 29 76 100 100 100 80 43 100 91 79 68 0 0 0 0 10 18 0 0 0 0 0 0 14 84 93 100 89 41 2 44 95 100 97 100 100 100 100 98 92 29 0 0 0 0 30 45 67 42 92 100 100 100 100 100 81 92 100
81 100 46 32 75 54 86 70 100 55 88 52 5 25 26 13 0 1 1 0 0 0 41 47 0 0 0 0 0 0 0 2 12 27 62 5 45 0 11 38 85 100 98 46 80 94 85 53 32 8 0 0 0 0 0 0 0 0 0 4 57 92 64 36 100 97 99 75 93 84 58 23 58 100 100 100 100 94 54 38 75 -9 0 3 0 24 50 43 70 100 84 24 89 100 100 100
