data/habitatmaps/RS_maps/habitat_Prunella.modularis_2008.asc
NCOLS 369 
NROWS 228 
XLLCORNER 479000 
YLLCORNER 73000 
CELLSIZE 1000 
NODATA_value -9 
[rows 59 to 117 of 228, columns 192 to 287 of 369]
4 25 92 36 9 27 0 23 51 69 30 0 0 0 0 0 17 89 31 26 17 36 24 33 5 3 25 1 0 18 30 1 0 0 24 53 19 36 59 18 9 39 92 82 100 100 68 81 50 70 40 16 54 18 76 84 47 51 63 10 31 33 36 3 31 17 58 16 14 68 58 46 56 52 32 61 46 57 55 45 8 4 18 73 84 65 86 76 55 33 0 22 16 22 13 0
19 33 29 3 52 9 53 28 38 61 63 3 6 0 0 0 0 27 64 43 74 70 38 5 25 9 0 20 13 34 20 1 2 0 9 14 55 2 43 29 8 5 69 91 92 98 72 88 60 55 43 43 61 28 33 24 21 12 44 54 20 33 5 35 58 69 51 27 23 39 34 75 59 56 59 62 66 69 49 15 6 20 20 49 59 61 87 59 22 19 17 0 0 4 13 11
24 0 29 53 38 3 48 54 37 35 55 28 57 3 0 0 0 12 5 0 46 80 69 2 24 35 1 0 0 4 11 3 49 39 42 12 28 17 70 31 6 15 38 32 73 86 43 59 72 85 82 65 40 28 21 25 37 32 45 27 17 42 41 45 91 76 82 52 34 43 53 63 54 71 77 82 98 91 41 45 0 36 12 21 51 85 73 42 0 67 34 0 0 0 27 9
15 4 68 87 14 4 58 65 32 92 84 36 20 3 0 0 0 0 0 6 34 84 75 21 16 3 13 34 32 0 0 10 28 54 8 1 5 36 26 19 24 37 30 54 53 34 15 17 74 79 72 27 36 42 4 54 26 54 54 40 24 44 22 53 71 64 45 76 76 83 85 61 72 99 83 90 98 94 66 56 48 35 85 27 95 98 23 3 22 55 85 23 0 0 0 0
12 13 5 29 6 0 26 23 34 46 84 36 19 63 27 0 0 0 0 0 18 5 37 61 23 1 0 17 37 1 0 0 36 7 0 0 1 28 21 17 0 11 36 34 41 18 29 57 67 43 15 11 54 33 30 26 35 30 50 57 57 75 45 84 76 53 58 73 89 93 48 62 61 47 28 54 72 87 63 42 29 55 61 57 97 51 0 25 67 55 100 71 0 0 0 50
1 12 0 45 2 2 36 42 47 34 33 57 66 81 78 0 0 0 0 4 6 17 15 13 30 36 0 7 10 14 29 12 6 1 3 8 33 25 46 56 17 5 14 23 34 43 51 45 17 18 23 29 20 16 39 1 28 27 34 38 60 64 35 72 69 61 63 82 87 85 74 61 26 8 7 61 37 36 77 37 37 40 81 100 82 13 1 24 4 68 88 68 2 0 1 96
0 8 2 15 17 0 50 61 11 24 25 67 100 93 99 28 0 0 0 0 0 0 0 5 55 51 20 2 21 15 10 3 20 0 67 21 1 40 83 55 33 61 18 39 10 28 5 24 16 20 4 46 78 48 56 49 3 21 44 18 14 38 49 59 38 55 74 62 78 100 72 48 1 0 0 10 54 34 24 40 17 76 100 75 43 8 6 17 0 0 16 26 41 48 60 46
0 3 4 0 0 0 10 55 20 8 18 49 100 100 94 33 12 0 1 0 0 0 0 0 0 16 45 44 42 3 8 16 0 0 67 21 9 23 48 37 25 34 32 15 19 12 25 1 13 16 83 100 94 62 68 60 16 8 18 28 25 7 31 42 16 8 52 62 66 60 42 10 0 4 10 11 15 57 57 57 97 90 63 3 76 46 24 3 0 24 42 28 60 40 75 10
0 3 12 47 8 31 0 3 3 7 33 8 51 80 100 32 41 24 20 0 0 0 0 0 0 0 25 14 0 0 14 3 0 0 42 94 78 46 22 38 11 0 0 25 16 50 30 18 6 5 91 99 85 93 85 31 37 37 43 20 13 2 0 16 16 61 90 64 72 27 34 15 51 48 10 0 4 50 36 69 84 16 0 0 19 8 25 21 45 62 45 20 30 93 58 61
14 0 33 51 70 9 13 16 24 12 45 28 15 32 99 68 0 30 21 26 0 0 0 0 0 0 0 0 0 19 25 0 0 0 13 5 58 62 11 40 40 38 21 37 46 70 20 20 4 0 28 72 89 85 87 64 76 34 59 15 0 0 19 32 34 74 53 31 27 38 34 42 59 59 18 45 37 69 52 81 61 4 0 0 0 31 38 52 38 4 0 12 26 36 23 7
21 2 0 0 7 25 25 35 0 14 36 0 0 14 75 80 8 17 14 0 0 0 0 0 0 0 0 0 0 0 0 0 0 0 0 0 0 19 92 44 25 23 1 0 0 0 0 0 0 24 9 30 65 53 53 59 89 52 59 37 28 1 0 2 54 45 32 42 48 75 63 67 78 47 50 26 8 55 72 93 9 0 0 0 10 30 19 23 0 0 11 56 54 39 22 7
8 5 0 8 17 21 5 20 29 6 26 12 18 8 0 52 1 9 45 0 0 0 0 9 0 0 0 0 0 0 0 0 0 0 0 0 0 0 5 0 0 6 34 54 40 0 0 0 0 15 20 60 46 69 73 71 76 83 100 73 64 23 7 38 41 34 55 55 58 51 24 25 10 45 50 38 2 31 23 31 3 0 0 0 4 12 0 0 4 39 85 100 100 61 71 72
56 9 20 28 1 2 1 0 60 67 21 11 55 45 25 40 23 3 2 0 0 0 0 30 0 0 0 0 0 0 0 0 0 0 0 0 0 0 0 30 65 57 43 13 1 0 0 0 11 2 33 37 74 95 100 100 98 63 100 66 85 82 28 24 12 74 84 56 11 0 0 15 11 5 8 22 35 16 81 7 0 0 0 6 42 4 0 0 23 100 100 100 99 94 87 41
33 7 26 50 19 2 14 0 2 22 2 0 41 81 7 22 22 43 2 0 0 0 0 0 3 0 5 19 5 7 0 0 3 0 0 0 0 0 0 4 16 0 0 0 0 0 0 0 23 2 53 53 55 86 77 66 63 73 80 78 50 17 1 0 5 49 63 39 3 35 27 11 0 44 93 94 76 46 9 29 0 0 0 38 28 0 0 4 73 100 100 100 100 100 96 100
14 3 17 56 2 0 17 0 0 0 0 0 42 85 13 25 1 6 20 0 0 0 0 3 4 0 0 0 23 30 19 47 15 0 0 0 0 0 0 0 0 0 0 0 0 0 0 39 18 6 29 35 58 96 71 92 95 98 100 100 87 55 93 43 29 66 25 49 80 73 77 27 61 18 19 40 55 12 0 2 1 0 0 27 10 0 0 54 68 100 98 85 100 100 100 100
45 5 16 59 9 0 0 0 0 0 0 0 1 58 13 0 21 0 32 10 3 0 0 0 0 0 0 10 10 43 39 42 9 16 0 0 16 0 0 0 0 0 0 0 0 0 0 61 39 0 0 10 66 96 85 93 87 99 98 100 100 98 96 67 82 68 70 75 63 68 97 77 76 78 97 40 30 8 31 54 0 0 0 12 23 0 12 94 93 86 43 79 99 84 79 83
34 4 15 8 0 0 0 0 0 0 0 0 0 48 0 0 0 0 28 42 4 10 29 49 58 7 5 4 37 70 50 51 42 60 22 27 35 32 26 24 3 18 27 38 14 0 0 3 9 0 0 19 91 83 51 54 43 21 25 72 99 79 73 100 90 46 59 66 83 65 68 53 33 36 100 86 77 86 85 60 64 60 34 0 11 0 20 97 99 76 79 89 100 96 41 80
16 37 15 0 14 1 0 0 0 0 0 30 0 41 6 0 0 0 2 41 62 76 62 70 94 80 60 50 34 22 28 29 56 92 52 62 36 55 69 57 99 75 73 72 70 20 30 3 0 0 0 29 99 75 81 75 34 68 35 78 69 56 99 92 91 74 49 19 16 36 14 14 48 62 88 85 54 67 59 91 67 47 69 0 24 7 56 100 60 95 100 100 88 74 45 100
42 0 20 12 14 0 0 0 0 0 15 31 9 39 15 12 41 43 77 93 85 100 100 100 100 81 46 25 0 5 20 67 99 73 46 65 62 95 81 69 52 86 100 99 95 98 88 72 26 0 0 72 88 95 95 85 84 25 11 13 53 97 65 23 75 53 54 37 81 83 68 32 52 60 59 75 57 36 32 76 68 77 65 30 2 3 17 94 64 79 78 100 86 68 64 70
19 0 5 0 0 0 0 0 0 0 56 41 56 57 48 70 43 47 49 82 88 55 98 66 41 3 2 27 10 0 3 33 98 52 41 95 73 80 53 71 70 46 91 100 84 98 100 100 90 13 2 98 100 96 51 91 57 22 38 37 31 58 41 43 29 97 94 71 40 43 96 97 57 60 31 14 27 17 26 76 91 11 89 47 0 31 10 86 75 99 100 100 100 100 93 24
32 0 5 0 0 21 23 0 0 22 97 62 82 44 2 0 20 1 19 8 36 39 50 28 26 22 45 16 0 0 0 10 59 77 100 71 100 100 56 65 78 89 100 100 100 80 84 100 92 87 28 17 85 42 23 3 10 21 54 73 75 91 100 97 86 26 26 29 30 38 21 55 97 91 36 61 28 39 72 74 59 36 83 10 0 14 4 67 52 66 95 98 100 98 76 61
2 4 2 0 29 10 6 0 4 89 50 15 79 44 0 0 0 0 0 29 30 93 30 0 24 31 20 1 0 0 0 0 24 61 50 71 97 90 20 16 5 40 97 100 96 80 34 36 49 84 43 0 0 0 9 61 37 23 3 0 0 0 13 30 27 0 1 2 0 14 11 0 31 95 90 94 100 40 68 80 63 72 58 66 0 19 10 60 21 53 75 97 96 98 34 67
1 4 70 46 29 0 0 0 15 80 34 17 92 86 10 5 31 15 0 19 14 25 0 4 59 81 20 4 53 25 0 0 45 61 74 57 61 79 82 56 12 62 96 68 89 86 37 38 48 63 67 16 0 38 77 76 33 69 42 32 6 0 0 0 0 0 30 81 43 62 60 13 0 63 98 92 96 65 15 74 60 65 93 92 17 5 23 38 46 83 72 99 100 80 44 55
2 0 21 32 0 0 50 82 6 13 55 8 34 100 49 46 100 99 25 0 45 29 1 63 100 98 22 26 42 0 0 0 74 67 71 81 45 93 92 82 45 50 59 63 23 21 42 42 57 50 74 42 16 39 65 100 98 96 45 67 42 55 66 64 15 64 23 84 84 33 25 47 7 29 94 95 84 92 56 18 22 77 45 14 26 35 22 20 85 98 87 93 99 67 81 100
15 58 14 16 17 0 9 6 0 0 41 46 13 97 90 100 95 65 49 0 80 51 6 83 71 42 11 53 23 16 12 7 47 28 63 91 86 100 100 94 17 9 55 30 95 98 74 48 31 47 96 35 16 74 58 96 87 84 37 91 69 92 78 96 90 58 89 88 39 42 6 0 6 0 33 94 88 96 100 69 83 94 54 0 0 14 47 66 100 99 76 95 98 91 98 100
39 40 4 12 0 0 0 0 0 0 7 63 73 83 100 100 91 82 45 14 38 9 12 87 97 41 39 61 77 65 70 8 5 16 66 83 89 99 100 100 45 6 60 33 36 74 96 82 87 92 100 19 5 89 67 44 84 49 43 71 62 99 100 97 81 66 79 67 57 46 3 41 40 49 4 29 98 70 100 100 94 89 86 8 0 6 28 88 100 100 100 99 96 46 85 100
25 0 4 0 0 0 33 9 0 0 1 21 36 74 72 51 53 40 22 13 40 32 48 45 100 41 49 75 84 70 87 85 11 15 57 55 82 99 100 100 17 37 59 53 54 95 94 82 78 96 98 2 52 100 80 57 76 23 17 82 88 91 100 98 83 76 65 57 65 89 66 46 36 32 51 21 30 86 95 90 77 73 58 0 19 8 59 100 100 100 91 97 99 80 100 94
31 9 45 45 0 0 20 76 97 45 1 0 36 85 38 65 24 41 0 5 28 62 67 96 81 76 23 62 96 100 53 41 93 19 2 33 13 89 100 94 100 48 89 45 36 99 94 88 100 84 60 75 14 85 70 73 50 57 11 5 87 81 97 100 86 93 100 59 47 88 100 77 33 35 50 48 18 19 92 64 75 74 41 6 6 0 93 100 100 100 86 68 68 78 100 46
6 58 59 0 0 0 71 11 77 92 25 0 1 67 83 16 18 52 5 34 12 44 55 96 80 97 37 95 100 100 94 94 61 0 57 70 60 88 55 27 95 81 60 39 55 84 59 43 41 30 65 38 35 77 38 95 78 45 23 56 72 29 85 99 75 100 61 59 88 85 100 51 73 35 72 69 88 69 22 8 56 48 15 19 42 49 19 100 100 100 88 32 18 34 22 88
76 35 10 0 0 8 35 63 39 54 87 15 0 11 89 7 1 16 13 43 72 56 14 64 55 58 70 100 76 100 66 52 22 22 63 57 72 85 100 51 65 47 32 0 83 25 56 77 96 98 96 36 28 73 36 68 48 2 42 55 6 6 75 62 78 100 85 55 76 94 87 81 86 67 63 67 87 87 71 34 0 0 0 11 69 71 80 70 98 84 30 16 7 36 77 16
27 0 0 0 0 47 66 21 20 44 82 47 22 0 57 21 24 3 0 22 33 27 9 59 64 67 95 100 88 83 72 9 42 8 49 83 76 100 85 40 54 24 19 60 98 89 82 78 100 100 89 24 21 39 88 24 9 10 16 67 26 8 39 54 91 96 97 88 86 92 54 98 82 84 83 57 80 74 96 12 0 0 0 0 13 78 88 75 79 72 79 13 26 58 90 99
0 0 0 0 0 65 62 42 52 51 81 87 27 22 20 1 0 0 0 8 5 22 59 65 31 37 100 100 100 97 22 0 10 38 45 100 60 100 82 83 71 80 71 84 85 86 96 53 66 92 83 71 23 1 68 62 70 28 0 43 72 76 89 94 69 33 83 85 84 83 34 99 69 82 80 98 99 99 96 40 14 0 0 0 0 17 18 71 57 99 91 62 55 61 61 95
0 0 0 0 0 34 26 89 63 60 41 81 88 68 61 13 0 25 7 17 0 1 54 77 39 80 100 100 100 71 11 18 69 66 77 89 59 100 100 100 92 85 31 43 47 48 25 65 95 67 88 71 74 37 36 100 95 40 0 30 82 80 96 92 91 79 100 83 48 98 85 79 86 96 90 61 92 97 88 98 31 24 0 20 0 12 25 47 73 68 56 66 57 88 86 61
0 0 0 0 0 7 0 20 51 83 55 42 47 52 61 74 19 55 93 26 0 0 21 74 64 53 81 98 99 81 59 50 52 74 91 55 45 95 100 98 89 86 79 100 86 85 61 45 44 28 31 65 86 28 41 100 100 57 4 0 81 100 97 34 77 57 95 91 75 85 81 91 93 67 91 48 94 83 83 93 66 50 76 84 61 11 6 0 0 22 88 83 75 45 89 73
0 0 0 0 0 0 0 0 12 69 58 56 32 45 77 61 68 85 44 0 0 0 0 40 45 63 71 97 89 100 71 72 37 73 77 55 0 63 83 47 35 85 100 73 20 8 0 0 0 0 53 97 37 20 69 100 100 80 7 11 83 100 58 46 37 57 58 87 90 69 93 94 100 93 72 79 54 43 54 99 100 70 63 77 79 73 1 17 0 3 46 87 89 81 78 21
0 0 0 0 0 0 33 0 26 88 76 48 64 91 96 95 44 39 0 0 0 15 72 82 59 80 26 40 78 100 87 62 63 66 49 5 46 81 59 3 27 100 91 100 95 25 0 0 0 6 69 68 33 15 34 95 100 100 91 79 99 79 38 79 43 36 57 94 85 90 88 96 79 55 59 70 78 52 41 96 91 73 76 83 50 77 62 21 3 3 33 92 69 53 36 27
34 77 64 52 57 48 24 2 26 48 60 8 84 79 58 3 0 0 49 24 0 75 77 57 98 68 12 58 47 89 92 97 76 48 37 55 71 94 19 0 0 76 89 35 58 13 0 0 2 69 96 96 12 32 77 100 89 83 85 74 99 42 65 45 61 76 68 77 48 73 30 70 87 68 78 48 62 27 0 62 75 69 51 85 60 59 83 70 24 2 1 13 80 70 40 37
32 11 17 0 11 13 0 0 0 0 0 0 13 7 0 7 48 6 50 15 66 89 88 70 55 40 31 65 15 29 43 57 89 68 60 64 100 100 30 3 45 74 71 64 25 0 0 10 32 99 99 30 43 89 100 87 75 86 73 13 73 37 64 24 29 43 75 57 70 100 93 83 69 48 30 29 39 4 3 70 90 100 74 69 69 93 12 86 89 34 0 0 38 83 98 79
63 63 3 0 0 0 0 0 0 0 0 0 0 13 20 55 55 1 37 77 100 40 9 31 43 89 69 34 40 52 19 34 94 76 74 92 100 99 46 39 11 0 43 3 0 0 42 77 98 83 76 20 93 87 97 62 52 93 82 59 61 43 91 100 59 84 41 58 87 87 74 73 41 32 6 56 58 1 0 25 90 100 88 55 57 100 47 86 98 20 0 19 31 83 93 72
35 5 0 0 0 0 2 1 1 0 12 54 82 98 100 54 61 0 29 98 93 25 13 31 43 73 99 89 37 43 28 69 100 97 74 100 91 69 84 35 0 0 0 0 0 3 44 45 67 100 17 77 100 88 100 61 49 31 59 58 48 52 79 82 47 26 26 56 67 53 35 11 29 96 56 82 17 0 8 27 38 66 81 81 80 96 79 68 100 63 1 0 21 75 69 95
0 0 0 17 31 44 67 59 50 76 37 38 30 80 94 27 39 0 26 91 100 100 99 92 82 83 99 54 53 54 91 100 91 68 75 100 99 92 21 0 0 0 2 0 0 8 69 73 23 78 24 100 92 83 57 26 80 48 96 98 52 70 57 15 18 35 95 86 71 38 36 4 8 37 39 45 0 3 3 22 30 79 59 87 63 97 100 100 84 22 0 0 60 40 88 82
0 0 9 71 97 96 40 62 78 70 30 86 91 91 84 64 27 0 3 73 74 69 62 56 39 61 34 49 75 79 87 10 33 93 68 100 100 48 0 0 0 9 83 23 0 7 38 16 67 43 78 100 88 70 65 50 90 13 52 17 48 92 59 57 51 91 38 43 40 16 22 59 71 68 61 47 3 40 22 25 63 89 49 86 94 66 82 95 59 47 0 1 74 87 83 86
55 16 33 84 35 30 64 74 90 89 63 86 84 75 91 64 6 0 37 100 100 100 87 95 85 72 41 25 14 87 91 16 1 58 76 94 39 5 38 35 42 26 23 3 45 62 31 76 58 58 99 83 70 43 67 94 95 19 78 37 60 89 77 100 100 64 16 0 8 62 75 88 100 100 96 74 75 45 33 0 18 24 24 87 80 39 61 95 42 6 27 14 92 78 88 85
100 25 61 37 25 61 98 84 76 62 100 100 92 78 100 50 0 0 65 89 61 95 90 38 82 53 0 1 31 92 100 67 49 88 100 45 20 58 76 64 59 50 0 0 1 57 80 70 31 98 88 16 58 75 43 64 74 62 75 62 37 56 92 100 88 83 0 0 34 72 75 54 31 62 90 66 78 34 0 23 42 20 55 100 50 49 98 91 86 4 28 49 100 77 86 86
38 7 90 83 85 100 95 83 25 20 80 85 90 100 100 84 47 0 37 89 49 63 96 77 80 69 64 38 80 100 87 100 100 100 59 85 62 27 71 67 40 3 0 9 42 61 80 35 83 100 80 23 87 28 0 26 100 82 55 46 36 26 72 65 45 54 0 0 8 18 11 3 0 0 24 29 0 19 88 84 79 43 87 74 19 39 63 81 90 35 15 65 65 83 74 86
47 8 59 87 90 93 39 41 51 89 82 89 71 80 68 72 75 0 0 83 96 85 60 49 31 10 69 100 97 94 89 90 87 44 11 100 86 49 0 0 4 20 40 30 62 86 47 55 68 69 49 47 92 27 63 64 77 61 34 22 50 60 23 5 32 1 0 0 0 14 19 0 0 0 0 2 0 2 24 42 77 84 56 1 29 33 64 98 99 30 2 47 83 94 74 93
57 47 89 96 77 83 11 2 79 42 76 57 100 100 90 94 70 0 0 66 61 59 94 38 45 68 43 76 84 89 79 20 26 8 0 90 59 1 0 14 60 37 28 32 45 54 63 34 100 96 77 55 65 80 100 75 43 76 44 31 33 46 27 0 0 0 5 0 11 84 75 2 6 1 0 0 0 13 19 39 60 47 0 0 42 33 93 100 64 6 1 49 98 88 55 76
89 39 89 85 95 88 73 35 89 74 84 88 86 99 89 98 84 0 0 65 96 55 91 70 22 35 80 21 17 22 0 10 36 57 79 99 19 0 46 85 46 33 38 74 76 34 49 79 70 48 55 42 12 1 61 38 56 32 25 10 2 5 8 0 0 3 27 1 46 65 67 57 24 2 0 11 3 1 34 77 82 70 0 11 41 46 99 99 25 48 72 95 95 85 58 39
43 73 72 38 97 100 66 55 69 65 76 97 85 100 88 59 87 25 0 11 82 83 61 46 37 38 48 19 39 10 4 0 1 64 56 45 0 17 63 75 85 64 76 95 70 85 38 75 47 0 17 23 0 0 25 6 24 23 6 0 0 0 0 0 4 70 26 45 19 5 32 76 74 9 2 14 47 22 68 59 94 44 4 59 30 65 100 60 6 79 100 99 65 34 49 7
13 46 54 12 93 95 53 55 100 100 78 70 19 62 13 3 84 81 27 1 4 41 41 45 69 56 27 7 10 39 58 43 41 78 58 12 29 34 58 89 61 7 48 25 62 75 92 51 7 0 0 0 0 0 0 0 62 64 0 0 0 0 0 0 15 19 67 93 50 56 20 41 68 22 55 5 53 81 67 87 32 16 64 53 51 84 96 34 2 52 100 81 45 98 63 68
2 41 77 73 100 60 24 25 54 25 78 57 0 0 0 12 99 99 46 0 0 8 57 83 81 59 66 41 13 1 25 17 57 32 32 31 0 37 39 45 0 0 0 7 15 72 45 0 0 0 0 0 0 0 0 0 10 6 0 0 2 9 34 61 100 94 37 41 52 75 90 66 46 3 73 51 15 79 99 98 81 81 62 86 87 76 12 0 0 58 100 69 85 100 100 100
80 78 79 63 86 87 0 0 0 0 25 23 0 0 10 71 71 72 78 1 4 42 73 50 94 61 80 77 30 46 57 64 84 77 32 1 0 0 0 0 0 0 0 7 42 33 0 0 0 0 0 0 0 0 0 0 0 0 0 12 66 95 100 100 100 96 91 64 57 63 75 65 99 48 95 99 54 84 81 75 54 74 97 53 24 4 0 0 28 100 83 47 80 87 100 96
74 66 51 3 0 1 37 24 0 0 0 0 0 0 39 19 53 89 72 30 26 87 79 40 40 45 46 48 34 59 77 78 58 72 11 0 0 0 0 0 0 0 40 6 39 3 0 0 0 0 0 0 0 15 36 37 16 48 88 50 97 60 24 37 73 99 100 70 45 6 30 29 97 80 100 97 83 100 69 85 91 64 27 2 11 38 52 90 61 91 72 59 76 49 60 63
100 94 55 43 34 70 37 0 0 0 12 11 1 23 77 55 50 69 70 51 40 59 55 39 51 45 0 20 84 34 93 5 5 0 0 0 0 0 0 0 4 58 53 51 24 0 0 0 0 0 0 0 0 30 39 57 92 83 71 69 100 100 93 57 23 80 68 57 67 6 46 79 45 15 76 71 64 65 62 62 4 0 0 23 59 99 100 71 75 63 83 91 100 88 82 97
55 18 25 74 38 51 7 0 5 55 94 90 81 51 69 9 1 13 71 79 24 73 6 23 16 2 0 14 75 94 57 27 0 0 0 0 0 0 0 0 0 8 0 22 30 0 0 0 0 0 0 21 17 14 56 23 69 52 22 23 91 100 58 88 100 76 62 55 64 76 99 96 75 44 53 75 80 49 43 79 44 41 66 95 100 100 87 57 38 82 90 69 48 75 95 100
87 31 47 56 67 12 0 0 16 100 100 89 40 8 0 0 21 46 97 98 14 93 42 0 0 0 0 18 86 92 65 3 0 0 0 0 0 0 0 0 0 0 0 15 6 0 0 0 0 0 1 17 90 96 96 65 87 85 96 71 97 100 100 100 83 50 56 47 97 100 93 83 78 88 85 100 63 20 40 100 94 80 87 88 94 65 76 74 29 82 86 91 73 40 63 100
36 2 14 19 95 39 0 20 82 99 35 9 0 5 28 56 90 100 100 100 52 62 99 51 10 12 7 0 30 39 4 0 0 0 0 0 0 0 0 0 0 0 0 0 0 0 0 0 0 5 19 72 90 100 88 92 86 100 77 80 100 96 99 100 45 6 11 64 91 96 83 94 95 93 100 100 85 44 17 99 93 84 88 59 45 60 78 69 64 43 49 89 82 55 99 92
37 59 57 68 17 70 66 45 95 100 65 4 0 1 62 62 6 29 45 35 65 88 23 73 91 4 17 6 0 0 0 0 0 17 0 0 0 0 0 16 22 0 0 0 0 0 0 0 0 64 26 79 100 84 48 79 44 59 38 69 100 82 90 99 39 2 63 51 67 77 96 88 57 62 98 97 97 62 74 77 34 64 77 47 67 85 74 100 57 32 33 64 76 70 64 54
100 100 35 35 59 72 66 31 26 69 28 0 0 1 9 42 0 0 0 20 15 87 73 46 97 21 0 0 0 0 1 20 32 23 0 0 0 0 10 52 58 0 0 0 0 0 0 0 0 0 20 4 62 100 81 45 52 42 41 82 61 63 80 77 54 78 39 23 33 19 46 69 75 73 52 93 92 79 83 69 96 96 70 64 57 38 77 70 79 42 42 11 74 95 99 72
