data/habitatmaps/RS_maps/habitat_Prunella.modularis_2007.asc
NCOLS 369 
NROWS 228 
XLLCORNER 479000 
YLLCORNER 73000 
CELLSIZE 1000 
NODATA_value -9 
[rows 118 to 176 of 228, columns 0 to 95 of 369]
-9 -9 -9 -9 -9 -9 -9 -9 -9 -9 -9 -9 -9 -9 -9 -9 -9 -9 -9 -9 -9 -9 -9 -9 -9 -9 100 100 100 100 100 79 9 19 92 89 54 0 0 7 90 100 100 100 100 100 97 65 45 82 98 75 34 10 7 0 8 8 0 3 21 0 11 30 76 73 32 8 1 31 37 23 15 0 38 9 10 96 31 25 3 1 45 21 52 33 28 42 53 0 0 7 1 25 35 21
-9 -9 -9 -9 -9 -9 -9 -9 -9 -9 -9 -9 -9 -9 -9 -9 -9 -9 -9 -9 -9 -9 -9 -9 -9 100 100 100 100 50 93 36 0 20 66 53 4 0 2 38 84 98 100 100 100 100 87 23 66 90 58 6 44 38 17 11 34 17 0 0 0 22 16 44 37 35 20 64 65 5 14 7 3 19 18 1 61 64 41 22 1 17 19 33 73 30 16 24 3 27 13 20 0 3 8 1
-9 -9 -9 -9 -9 -9 -9 -9 -9 -9 -9 -9 -9 -9 -9 -9 -9 -9 -9 -9 -9 -9 -9 99 100 100 100 99 37 5 12 0 13 23 55 60 11 0 0 38 59 28 62 59 84 100 35 27 96 83 6 1 3 46 1 7 27 0 0 0 0 0 0 18 8 48 71 20 33 62 21 8 0 32 3 46 38 0 4 0 10 10 0 0 4 0 2 0 18 13 12 3 11 20 75 20
-9 -9 -9 -9 -9 -9 -9 -9 -9 -9 -9 -9 -9 -9 -9 -9 -9 -9 -9 -9 -9 -9 86 84 100 100 100 60 4 37 48 60 61 82 48 0 0 23 55 75 18 51 94 100 88 45 49 40 100 86 0 0 1 19 0 0 0 0 0 0 8 1 0 3 47 52 68 31 20 12 27 28 24 9 0 67 6 30 40 0 0 25 0 0 0 41 40 0 0 23 49 47 6 41 34 4
-9 -9 -9 -9 -9 -9 -9 -9 -9 -9 -9 -9 -9 -9 -9 -9 -9 -9 -9 -9 -9 89 64 100 100 100 29 16 70 98 77 68 42 5 4 15 61 96 100 100 72 98 89 46 18 56 41 93 57 38 2 0 27 16 0 0 0 0 3 17 29 23 11 25 10 46 27 0 38 2 27 7 2 0 14 28 18 64 29 0 34 25 12 3 23 68 91 9 0 5 1 19 41 9 15 57
-9 -9 -9 -9 -9 -9 -9 -9 -9 -9 -9 -9 -9 -9 -9 -9 -9 -9 -9 -9 78 100 98 100 100 79 90 95 35 28 15 0 3 27 14 89 100 100 100 75 42 68 75 47 66 79 55 14 12 19 16 0 1 0 0 2 15 12 22 5 34 21 45 39 24 28 0 14 30 0 5 28 0 6 56 27 37 33 0 17 50 45 2 52 25 18 42 1 0 0 3 72 88 6 6 38
-9 -9 -9 -9 -9 -9 -9 -9 -9 -9 -9 -9 -9 -9 -9 -9 -9 -9 -9 34 80 100 100 100 93 65 91 44 8 0 0 7 62 77 97 100 100 100 100 92 14 64 51 30 68 29 0 7 70 64 35 0 0 0 0 1 28 20 21 28 2 0 0 15 6 40 30 14 41 1 16 67 26 32 11 63 12 28 15 50 0 15 59 41 0 7 27 2 0 0 17 61 13 8 13 42
-9 -9 -9 -9 -9 -9 -9 -9 -9 -9 -9 -9 -9 -9 -9 -9 -9 -9 2 47 83 100 100 90 40 82 9 0 0 2 51 95 90 100 100 100 100 100 100 91 10 67 25 10 70 84 71 95 99 82 10 0 0 0 0 5 5 23 64 39 0 19 50 13 41 19 52 17 51 42 42 38 20 46 0 25 42 27 0 54 46 7 59 78 0 17 7 29 35 21 34 7 0 10 46 23
-9 -9 -9 -9 -9 -9 -9 -9 -9 -9 -9 -9 -9 -9 -9 -9 -9 46 80 100 100 100 83 19 21 83 0 5 50 91 100 100 100 100 100 100 100 100 100 87 25 24 82 53 87 76 89 45 88 60 27 1 0 0 0 0 0 23 50 39 0 63 17 15 46 19 17 1 32 73 8 0 40 41 24 31 28 44 20 1 32 69 71 0 0 4 13 6 25 15 0 24 0 2 9 12
-9 -9 -9 -9 -9 -9 -9 -9 -9 -9 -9 -9 -9 -9 -9 -9 67 100 100 100 93 49 6 23 82 35 62 96 100 100 100 100 100 100 100 100 100 99 47 16 30 37 77 74 71 17 19 13 57 8 9 0 0 0 0 0 0 54 41 8 24 62 3 6 41 51 21 32 0 10 44 22 1 47 86 28 22 18 44 9 71 51 21 0 21 20 6 0 0 3 0 2 0 43 67 26
-9 -9 -9 -9 -9 -9 -9 -9 -9 -9 -9 -9 -9 -9 -9 39 100 100 98 81 54 47 82 97 41 21 100 100 100 100 100 100 100 100 99 78 100 96 73 97 89 90 62 77 62 18 73 43 9 11 0 0 0 0 5 6 35 58 36 56 36 47 5 25 17 56 35 15 0 4 66 15 22 58 19 0 7 0 2 27 13 0 0 0 10 6 36 0 6 22 32 22 35 7 24 29
-9 -9 -9 -9 -9 -9 -9 -9 -9 -9 -9 -9 -9 13 63 100 100 100 71 75 92 87 62 31 69 91 100 100 100 100 100 100 100 96 71 92 98 100 86 21 21 70 64 88 78 43 69 39 8 8 0 0 0 0 3 92 42 73 69 47 0 0 27 29 0 47 37 5 41 27 28 4 35 21 29 0 20 4 0 0 0 0 0 2 38 0 41 18 31 31 76 83 27 28 22 0
-9 -9 -9 -9 -9 -9 -9 -9 -9 -9 -9 -9 12 78 77 100 100 100 89 34 3 18 29 65 97 100 100 100 100 100 100 87 98 82 66 66 95 68 41 22 32 35 58 61 58 13 16 68 11 43 17 6 0 0 1 69 19 16 36 71 0 8 58 0 7 51 32 18 80 24 66 53 19 19 13 4 33 25 5 1 0 0 3 28 5 0 16 37 58 97 100 61 0 0 1 1
-9 -9 -9 -9 -9 -9 -9 -9 -9 -9 -9 52 84 100 100 98 79 65 10 0 4 37 97 100 100 100 100 100 100 100 97 84 57 70 27 12 68 82 69 47 40 42 48 85 70 37 79 100 73 16 24 0 0 0 7 31 3 40 54 16 9 78 4 0 81 28 0 27 47 15 52 24 11 19 28 0 23 37 1 20 0 0 25 0 7 29 3 14 44 30 19 0 0 0 0 0
-9 -9 -9 -9 -9 -9 -9 -9 -9 -9 69 91 83 88 52 9 0 9 37 60 91 52 96 100 100 100 100 100 100 94 73 42 53 20 21 6 33 78 8 56 77 76 88 10 50 100 100 97 99 38 1 0 4 28 90 49 0 0 50 7 14 50 0 35 31 2 0 7 30 24 61 0 29 64 17 2 20 41 0 0 0 0 10 24 17 29 46 63 69 10 21 4 15 0 2 0
-9 -9 -9 -9 -9 -9 -9 -9 -9 -9 41 44 100 27 2 23 12 36 67 99 84 49 90 100 100 100 100 100 98 78 40 28 18 31 8 35 86 94 59 54 90 92 21 57 93 96 40 24 42 27 12 48 83 84 25 12 0 0 0 0 1 24 1 21 49 21 0 14 56 74 13 17 15 13 34 49 40 0 0 0 2 0 0 29 1 24 53 77 33 24 41 18 3 25 30 4
-9 -9 -9 -9 -9 -9 -9 -9 -9 61 91 85 47 54 27 31 41 98 100 100 97 83 59 89 100 100 100 100 100 50 39 23 10 1 61 98 75 79 80 90 80 32 0 73 59 12 13 20 46 3 0 24 7 71 0 18 7 23 0 0 0 22 38 34 30 24 10 61 44 27 26 29 5 51 14 61 8 10 0 0 27 0 9 2 0 9 36 68 94 33 2 2 0 1 20 0
-9 -9 -9 -9 -9 -9 -9 -9 93 35 23 0 7 39 75 95 100 100 100 100 94 68 88 94 100 100 100 100 100 53 38 7 3 64 91 89 92 100 100 91 57 2 60 76 12 21 1 23 41 26 0 0 36 22 0 17 0 0 0 11 35 0 7 49 27 47 21 65 8 32 19 16 50 0 7 1 37 20 2 0 1 0 0 0 0 0 0 48 56 2 17 0 0 5 25 20
-9 -9 -9 -9 -9 -9 -9 -9 23 18 0 0 0 31 96 100 100 100 99 100 94 54 81 100 100 100 100 86 58 28 1 6 59 100 92 92 97 100 100 100 99 63 72 0 0 42 25 2 15 0 0 0 36 0 0 0 0 0 0 26 49 25 0 17 19 26 9 48 45 53 28 0 38 0 6 21 24 4 51 18 4 0 0 4 7 25 0 0 2 0 0 0 3 23 2 12
-9 -9 -9 -9 -9 -9 -9 -9 35 71 7 0 26 95 100 100 100 100 64 99 65 66 100 100 100 100 100 28 6 0 3 40 74 98 91 100 100 100 100 88 39 16 0 0 0 16 2 45 43 0 16 28 2 0 59 18 20 0 0 28 16 0 0 48 40 64 64 4 34 15 16 5 9 0 0 25 65 42 54 36 22 6 3 33 0 0 0 0 0 0 0 0 16 14 0 4
-9 -9 -9 -9 -9 -9 -9 -9 97 35 12 57 100 100 100 100 90 61 50 96 67 99 100 100 100 100 42 0 0 3 40 82 100 100 84 92 100 100 100 30 3 0 0 30 17 0 0 46 15 15 18 3 0 5 27 33 60 10 27 56 37 18 11 62 96 98 23 1 11 11 0 24 12 32 1 22 16 39 26 7 17 36 29 11 6 7 0 0 0 0 0 0 58 81 7 23
-9 -9 -9 -9 -9 -9 -9 52 53 28 90 100 100 100 100 69 51 36 14 40 96 100 100 100 100 99 24 1 37 55 87 75 91 52 46 94 100 100 79 4 9 24 48 94 35 0 0 0 0 5 21 0 0 0 0 0 0 0 19 11 36 32 1 33 71 72 43 1 13 0 9 79 9 6 12 1 0 2 25 1 2 34 35 2 67 54 24 28 42 16 0 7 34 70 17 32
-9 -9 -9 -9 -9 -9 -9 36 57 71 100 100 100 100 100 93 85 75 9 35 100 100 100 100 78 32 2 60 100 100 81 88 58 43 86 100 100 100 60 0 0 53 31 2 92 43 0 1 0 8 28 9 0 0 0 17 0 0 7 17 23 62 50 80 100 100 14 15 27 0 0 77 16 20 62 11 6 30 59 12 17 6 0 61 96 90 46 81 46 20 8 12 2 2 1 49
-9 -9 -9 -9 -9 -9 -9 1 17 93 100 100 99 72 85 100 87 17 33 98 100 100 100 100 67 44 19 98 28 44 58 61 94 71 72 74 100 93 15 3 52 49 0 0 52 10 6 25 3 0 44 18 0 0 31 5 12 35 14 12 96 93 87 100 100 99 51 35 40 0 0 24 14 0 13 15 16 6 0 0 0 0 3 93 98 100 92 100 79 52 22 10 0 2 47 100
-9 -9 -9 -9 -9 -9 -9 29 87 98 87 92 33 46 92 84 31 17 88 100 100 100 100 100 46 0 75 80 65 38 40 72 84 86 100 100 96 28 0 22 94 48 0 0 0 0 0 8 23 14 43 1 4 73 84 59 28 48 38 64 54 63 92 91 92 78 30 26 24 14 0 4 0 0 18 0 0 0 0 0 0 0 6 59 43 100 100 100 71 37 52 44 34 50 58 79
-9 -9 -9 -9 -9 -9 -9 98 100 100 85 28 46 80 60 19 55 91 100 100 99 100 94 36 14 34 100 87 86 49 79 99 83 95 100 86 29 0 0 10 85 95 95 35 0 3 0 0 4 2 42 21 0 3 62 27 0 12 3 4 56 57 74 35 85 100 100 58 31 38 1 0 0 4 20 27 3 14 8 1 0 0 51 83 60 100 100 100 61 47 68 54 16 19 7 64
-9 -9 -9 -9 -9 -9 -9 99 100 100 100 93 18 51 78 40 68 100 100 100 76 93 96 30 53 58 99 84 58 59 89 100 100 100 100 67 4 0 0 0 0 34 69 36 20 8 14 0 0 0 3 75 65 0 13 15 18 0 0 0 25 54 11 17 33 25 32 37 14 71 75 9 28 20 43 60 47 11 23 0 0 12 61 51 89 100 97 98 70 66 33 72 47 8 9 84
-9 -9 -9 -9 -9 -9 -9 100 100 100 100 71 26 77 37 45 100 100 100 100 100 84 16 83 42 72 100 87 76 89 62 93 100 100 100 34 0 0 30 60 45 55 54 0 0 0 1 12 0 0 6 39 44 0 4 0 0 0 0 0 14 15 6 52 11 11 31 0 0 2 23 37 33 20 3 5 1 6 23 5 0 0 54 46 39 91 100 93 97 62 42 28 80 29 0 59
-9 -9 -9 -9 -9 -9 -9 100 100 99 69 73 55 57 27 95 100 100 100 100 97 21 51 62 88 100 78 42 92 96 100 100 100 100 100 40 0 2 2 96 100 97 71 4 0 0 8 6 0 0 2 0 29 6 0 0 0 0 0 0 0 1 48 36 18 15 0 0 0 0 2 56 54 0 23 31 25 22 60 2 0 3 47 55 68 83 79 96 78 40 27 57 73 19 15 52
-9 -9 -9 -9 -9 -9 100 100 85 57 97 87 55 58 97 100 100 100 100 86 22 58 64 98 100 89 83 82 100 100 100 100 100 86 47 52 2 12 47 99 68 33 28 22 1 5 20 24 0 0 12 12 3 10 0 0 0 0 0 0 0 0 74 47 28 64 0 0 1 0 16 45 0 3 0 32 12 2 3 0 0 6 67 55 60 69 64 57 37 71 87 70 38 25 56 30
-9 -9 -9 -9 -9 75 100 79 65 85 54 96 57 71 100 100 100 100 79 3 37 77 95 99 73 74 87 88 100 100 69 69 94 18 3 25 35 35 79 51 14 1 0 1 0 0 0 27 2 0 0 0 25 1 0 0 0 0 0 0 0 0 42 10 0 34 0 11 37 16 10 4 33 55 1 0 0 0 10 0 0 38 62 56 67 100 78 52 34 85 81 38 29 31 53 42
-9 -9 -9 -9 -9 95 74 59 75 37 100 100 92 52 92 100 100 79 4 21 73 100 93 58 95 68 87 92 100 99 18 36 39 23 11 14 47 50 58 54 11 0 5 8 0 0 0 1 0 0 0 0 21 0 0 0 0 0 0 0 0 0 5 0 0 12 0 34 58 12 0 0 21 62 11 0 0 22 47 22 10 5 76 39 60 96 62 34 15 20 64 10 20 39 32 62
-9 -9 -9 -9 -9 42 85 100 82 91 100 92 58 72 80 99 53 5 1 83 100 100 87 97 69 72 85 100 100 73 4 8 65 37 0 0 37 73 0 12 35 0 2 29 0 0 1 0 0 0 0 0 0 0 0 0 0 0 0 0 0 0 0 0 10 2 0 0 23 53 0 0 34 49 52 7 6 67 6 75 64 82 77 88 57 63 48 81 18 13 56 38 19 38 79 28
-9 -9 -9 -9 -9 100 57 46 98 80 51 91 78 69 67 12 0 0 38 100 100 100 96 65 45 92 90 100 69 2 0 42 72 43 0 0 3 23 8 3 12 0 0 10 29 14 22 4 0 0 0 0 0 0 0 0 0 0 0 0 0 0 0 0 0 0 0 3 46 13 21 16 28 64 69 32 28 46 39 45 74 79 89 88 89 48 54 66 38 38 17 32 88 65 58 75
-9 -9 -9 -9 99 79 34 49 72 75 80 70 69 88 23 20 0 1 76 97 97 72 78 72 86 82 92 70 2 0 16 79 100 44 20 8 29 32 24 0 0 0 0 0 0 0 0 0 0 0 0 0 0 0 0 0 0 0 0 0 0 0 0 0 0 0 0 0 2 18 12 19 15 18 81 34 0 26 40 51 94 78 81 90 46 48 90 28 47 56 22 83 66 52 70 84
-9 -9 -9 -9 49 61 7 29 49 92 76 55 77 85 75 11 0 32 55 76 100 79 98 74 88 78 63 69 5 11 0 36 100 83 60 3 5 2 0 0 0 0 1 0 0 0 0 0 0 0 0 0 0 0 0 0 0 0 0 0 0 0 0 0 0 0 0 0 0 1 0 0 46 15 5 0 28 29 6 46 56 49 79 55 98 100 88 37 31 21 82 38 60 69 89 42
-9 -9 -9 -9 1 11 25 9 80 100 89 62 72 36 98 50 1 35 56 82 59 58 78 66 86 100 97 31 28 46 6 21 96 26 0 0 0 0 0 0 18 32 37 0 0 0 0 0 0 0 0 0 0 0 0 0 0 0 0 0 0 0 0 0 0 0 0 0 0 0 0 0 0 0 0 4 13 0 0 24 54 30 62 67 94 100 48 35 44 64 85 28 72 14 30 76
-9 -9 -9 -9 51 54 94 91 46 91 100 97 100 99 70 95 93 86 36 70 89 80 66 46 39 69 20 2 47 51 2 37 27 0 0 0 0 0 0 0 9 3 0 0 0 0 0 0 0 0 0 0 0 0 0 0 0 0 0 0 0 0 0 0 0 0 0 0 0 0 0 0 0 0 0 0 0 0 0 11 66 79 44 68 99 88 33 47 88 89 99 98 64 44 51 6
-9 -9 -9 -9 65 90 99 51 34 84 90 83 100 100 90 100 93 44 70 77 76 80 51 44 69 100 42 11 72 5 10 3 0 0 0 0 0 0 0 0 0 0 0 0 0 0 0 0 0 0 0 0 0 0 0 0 0 0 0 0 0 0 0 0 0 0 0 0 0 0 0 0 0 0 0 0 0 0 0 0 38 64 43 73 100 43 37 100 100 95 70 91 89 68 64 37
-9 -9 -9 78 74 100 98 71 99 82 100 100 100 100 100 100 80 58 84 86 82 80 100 100 100 82 39 23 78 12 0 11 9 0 0 0 0 0 0 0 0 0 0 0 0 0 0 0 0 0 0 0 0 0 0 0 0 0 0 0 0 0 0 0 0 0 0 0 0 0 0 0 0 0 0 0 0 0 0 0 32 71 88 100 100 61 64 96 100 100 84 97 81 84 61 28
-9 -9 -9 100 100 99 63 65 100 100 91 95 100 100 100 94 75 67 23 66 97 100 100 100 100 15 0 8 5 0 0 6 35 0 0 0 0 0 0 0 0 0 0 0 0 0 0 0 0 0 0 0 0 0 0 0 0 0 0 0 0 0 0 0 0 0 0 0 0 0 0 0 0 0 0 0 0 0 0 0 1 47 91 86 98 50 100 97 79 95 100 99 96 42 22 27
-9 -9 -9 100 82 47 58 74 98 77 47 100 100 100 100 84 28 58 76 100 100 100 100 90 94 22 10 2 10 2 1 8 0 0 0 0 0 0 0 0 0 0 0 0 0 0 0 0 0 0 0 0 0 0 0 0 0 0 0 0 0 0 0 0 0 0 0 0 0 0 0 0 0 0 0 0 0 0 0 0 0 19 75 96 100 98 100 74 66 77 40 50 80 98 62 22
-9 -9 -9 48 75 83 92 66 89 24 88 100 100 93 100 100 82 93 100 100 100 100 49 23 8 0 0 0 0 0 31 47 2 0 0 0 0 0 0 0 0 0 0 0 0 0 0 0 0 0 0 0 0 0 0 0 0 0 0 0 0 0 0 0 0 0 0 0 0 0 0 0 0 0 0 0 0 0 0 0 0 15 100 97 100 100 100 100 100 68 95 92 100 100 75 17
-9 -9 -9 -9 96 71 29 30 52 54 94 100 77 40 100 100 100 100 100 100 100 59 0 0 0 0 0 0 0 0 13 25 0 0 0 0 0 0 0 0 0 0 0 0 0 0 0 0 0 0 0 0 0 0 0 0 0 0 0 0 0 0 0 37 86 85 61 36 2 0 0 0 0 0 0 0 0 0 0 0 0 13 94 99 100 96 99 100 100 97 100 65 100 92 22 28
-9 -9 -9 -9 46 32 39 42 95 100 100 67 5 65 100 100 100 100 100 100 97 22 0 0 0 0 0 0 0 0 9 5 0 0 0 0 0 0 0 0 0 0 0 0 0 0 0 6 54 1 0 0 0 0 0 3 13 35 17 52 82 80 85 82 10 78 53 89 86 36 8 0 0 0 0 0 0 0 0 0 0 0 43 100 98 99 100 99 98 82 100 73 17 20 6 12
-9 -9 -9 -9 40 68 100 100 100 100 95 34 73 97 100 100 100 100 100 78 10 0 0 0 0 0 0 11 0 0 0 0 0 0 0 0 0 0 0 0 0 0 0 0 0 0 0 6 23 3 18 2 0 0 0 41 37 40 47 43 31 36 80 44 63 79 87 98 100 97 98 70 37 19 1 0 22 48 47 40 50 0 53 100 100 98 79 60 12 30 69 31 41 29 4 37
-9 -9 -9 -9 48 98 100 100 100 77 64 85 100 100 100 100 100 100 99 26 0 0 0 0 0 2 14 0 0 0 0 0 0 0 0 0 0 0 0 0 0 0 0 0 0 0 0 0 3 13 0 0 28 34 28 32 60 0 0 0 6 81 46 92 100 100 100 100 100 100 100 100 100 100 50 38 2 29 61 6 9 0 65 100 94 57 50 54 24 70 42 82 20 28 62 61
-9 -9 -9 -9 -9 100 100 100 59 65 88 33 97 100 100 100 100 100 53 0 0 2 1 21 37 0 28 0 0 0 0 0 0 16 42 18 0 0 0 0 0 0 0 0 0 0 0 0 30 39 1 24 33 31 15 7 13 0 31 59 30 19 0 54 94 100 100 100 100 100 82 88 100 97 100 100 59 0 39 3 0 42 98 96 97 86 99 14 68 74 84 29 44 40 68 67
-9 -9 -9 -9 -9 -9 100 92 66 100 98 96 100 67 92 72 75 97 34 52 2 22 14 54 14 0 0 0 0 0 0 0 0 0 8 69 15 0 0 0 0 0 0 0 0 0 0 0 64 86 71 11 18 0 0 7 0 0 4 16 3 1 3 61 99 100 96 93 100 100 96 50 90 27 63 100 98 8 50 27 0 41 92 93 87 66 66 91 84 44 52 36 100 65 22 64
-9 -9 -9 -9 -9 -9 100 70 97 100 82 100 100 49 8 3 0 20 71 46 0 0 11 47 0 0 0 0 0 0 0 8 23 54 23 44 49 0 0 0 0 0 0 1 41 8 11 59 47 42 93 39 0 19 0 40 1 3 60 78 98 95 100 100 100 69 22 46 62 100 67 42 25 61 88 100 100 50 28 4 0 13 96 100 72 80 98 88 6 28 66 74 28 35 61 57
-9 -9 -9 -9 -9 -9 92 80 100 95 82 100 100 33 12 5 0 75 69 0 4 4 0 2 0 0 0 0 0 0 1 63 89 83 73 88 77 5 0 0 0 0 0 32 43 33 42 22 36 15 36 95 92 41 -9 -9 -9 46 30 11 80 100 100 100 100 100 38 69 100 100 86 45 5 39 64 99 100 100 24 2 0 7 53 48 93 95 48 8 42 99 96 38 41 95 100 100
-9 -9 -9 -9 71 94 52 100 100 91 81 100 89 1 0 22 0 5 0 3 36 63 0 0 0 0 0 0 0 16 10 70 39 38 12 30 35 0 0 0 0 7 4 32 5 44 43 3 39 41 45 90 -9 -9 -9 -9 -9 100 64 33 34 75 84 100 100 100 87 52 99 98 35 37 72 44 100 78 67 74 6 20 25 15 30 59 54 76 60 70 100 98 77 95 44 95 88 84
-9 -9 67 49 92 48 83 100 100 100 100 99 34 0 0 6 3 19 12 2 43 39 0 0 0 0 0 0 0 1 12 61 39 45 4 0 14 30 35 56 45 66 90 41 59 13 0 0 18 56 -9 -9 -9 -9 -9 -9 -9 -9 100 99 41 28 54 100 100 100 75 75 66 79 33 32 74 99 100 100 100 97 21 0 0 33 0 0 19 83 88 99 98 95 100 72 29 67 59 75
-9 44 51 95 36 62 100 100 100 100 100 78 0 0 0 0 5 16 0 0 55 30 0 0 0 0 0 0 1 0 5 42 0 0 4 53 89 100 53 70 100 100 87 47 23 0 0 2 52 -9 -9 -9 -9 -9 -9 -9 -9 -9 100 100 91 65 37 76 100 100 100 100 81 99 100 62 63 51 89 99 94 63 67 6 0 25 0 0 18 75 100 51 90 93 100 72 40 32 18 75
56 57 45 71 25 100 100 100 100 100 100 72 0 0 0 0 0 0 29 76 85 56 6 0 0 0 0 0 23 47 67 6 20 0 24 14 45 47 16 89 100 63 19 0 0 -9 -9 -9 -9 -9 -9 -9 -9 -9 -9 -9 -9 -9 100 100 100 82 95 100 100 100 95 52 30 86 100 84 97 95 100 100 99 79 84 1 0 1 0 0 20 59 78 87 70 42 34 26 62 38 68 73
79 89 91 92 92 100 100 100 100 100 73 16 6 0 23 0 0 24 63 100 66 24 0 0 0 0 0 0 8 72 62 93 54 0 1 37 9 25 70 100 75 8 0 0 0 -9 -9 -9 -9 -9 -9 -9 -9 -9 -9 -9 -9 -9 100 100 80 35 90 100 100 100 47 43 70 61 49 74 100 100 100 99 100 100 100 59 8 0 0 0 22 9 26 100 59 44 48 45 91 70 79 50
100 100 100 100 100 100 100 100 100 100 95 10 1 6 14 35 0 6 74 23 80 28 1 0 0 0 0 0 0 0 8 93 100 27 0 14 88 65 37 71 70 51 0 0 4 -9 -9 -9 -9 -9 -9 -9 -9 -9 -9 -9 -9 -9 -9 94 72 63 90 59 48 100 88 48 78 54 53 11 69 79 97 65 76 97 100 77 0 0 0 0 53 6 33 60 25 89 93 41 62 62 28 63
100 100 100 100 100 100 100 100 100 99 36 0 0 10 52 3 0 1 34 0 29 27 39 0 0 0 0 0 0 0 0 45 71 74 15 44 81 12 0 23 4 0 0 11 45 -9 -9 -9 -9 -9 -9 -9 -9 -9 -9 -9 -9 -9 -9 -9 100 100 100 54 64 44 58 91 100 100 100 100 76 37 32 73 82 78 93 100 100 25 0 0 0 1 0 1 26 72 86 86 58 37 39 80
100 100 100 93 98 99 98 80 98 46 2 28 7 0 30 8 0 0 0 0 4 18 5 0 0 0 0 0 0 0 0 31 80 55 53 45 8 0 0 0 0 2 36 91 100 97 -9 -9 -9 -9 -9 -9 -9 -9 -9 -9 -9 -9 -9 -9 100 100 100 100 100 95 31 56 77 82 89 100 100 96 37 56 95 100 96 91 100 86 32 5 6 26 18 2 42 17 47 27 82 72 83 100
