data/habitatmaps/RS_maps/habitat_Linaria.cannabina_2007.asc
NCOLS 369 
NROWS 228 
XLLCORNER 479000 
YLLCORNER 73000 
CELLSIZE 1000 
NODATA_value -9 
[rows 62 to 123 of 228, columns 192 to 287 of 369]
0 0 0 0 0 0 0 0 0 0 0 0 0 0 0 0 0 0 0 0 0 0 0 0 0 0 0 0 0 0 0 0 0 0 0 2 8 11 12 74 71 62 70 46 42 65 83 75 26 21 28 73 63 52 40 27 74 45 46 58 76 55 78 47 43 54 82 30 43 26 23 51 42 1 25 67 57 69 45 44 52 65 15 87 70 13 51 13 7 4 4 0 40 0 21 0
0 0 0 0 0 0 0 0 0 0 0 0 0 0 0 0 0 0 0 0 0 0 0 0 0 0 0 0 0 0 0 0 0 0 0 0 4 8 13 66 20 12 61 66 56 80 65 42 33 57 85 89 46 67 68 68 65 61 30 35 43 25 55 23 36 71 57 40 37 30 78 57 58 80 98 82 100 93 54 70 71 45 45 69 14 37 5 7 6 3 3 5 0 0 0 2
0 0 0 0 0 0 0 0 0 0 0 0 0 3 0 0 0 0 0 0 0 0 0 0 0 0 0 0 0 0 0 0 0 0 0 0 3 23 51 44 32 9 13 48 47 30 48 55 83 82 76 71 80 84 61 78 25 73 66 62 40 36 65 28 31 42 37 26 20 23 39 59 98 58 42 87 100 100 100 94 63 74 72 1 0 16 0 8 0 0 0 3 0 0 0 4
0 0 0 0 0 0 0 0 0 0 0 0 0 1 0 0 0 0 0 0 0 0 0 0 0 0 0 0 0 0 0 0 0 0 0 0 0 45 17 45 66 2 10 10 15 16 44 74 84 80 92 54 22 51 44 45 36 42 56 82 86 62 51 41 62 45 26 38 22 0 46 91 86 60 77 96 100 96 96 71 100 78 10 0 0 0 0 0 0 0 3 0 0 0 0 30
0 0 0 0 0 0 0 0 0 0 0 0 0 0 0 0 0 0 0 0 0 0 0 0 0 0 13 8 0 0 0 0 0 0 0 0 0 0 11 25 13 10 11 14 13 12 28 96 86 84 17 0 6 39 32 40 77 83 82 60 74 93 69 58 49 53 42 37 51 60 86 77 66 44 36 82 86 89 86 95 54 18 14 0 0 0 0 0 0 14 50 1 0 0 0 31
0 0 0 0 0 0 0 0 0 0 0 0 0 0 0 0 0 0 0 0 0 0 0 0 0 0 21 8 1 7 1 0 0 0 0 0 0 0 4 10 11 6 13 9 9 7 68 74 94 75 9 1 31 54 19 69 63 63 58 67 71 98 100 84 49 24 63 62 40 94 100 81 100 97 37 67 74 64 96 46 16 81 13 0 0 0 0 0 0 6 1 2 0 0 1 29
0 0 0 0 0 0 0 0 0 0 0 0 0 0 0 0 0 0 0 0 0 0 0 0 0 0 0 0 3 9 7 0 0 0 0 0 0 0 5 6 7 8 4 0 0 3 70 65 67 49 56 28 16 22 52 51 29 65 41 85 100 86 76 57 52 51 79 100 86 100 100 81 84 82 89 100 88 97 69 19 39 37 0 0 0 9 12 0 1 5 2 7 5 0 34 1
0 0 0 0 0 0 0 0 0 0 0 0 0 0 0 0 0 0 0 0 0 0 0 0 0 0 0 0 0 1 0 0 0 0 0 0 0 19 89 21 6 0 0 0 0 0 2 86 98 75 70 55 36 64 71 63 16 48 41 63 72 83 54 98 48 72 92 71 87 77 52 34 32 86 55 74 100 51 32 7 91 16 0 0 0 17 2 0 0 0 0 19 5 6 0 27
0 0 0 0 0 0 0 0 0 0 0 0 0 0 0 0 0 0 0 0 0 0 0 0 0 0 0 0 0 0 0 0 0 0 0 0 0 0 5 0 0 0 0 0 0 0 0 5 41 39 76 39 55 46 40 44 36 17 40 38 40 77 87 61 58 80 78 72 54 49 76 63 83 44 45 62 98 68 76 70 64 0 0 0 0 0 0 1 3 0 0 6 18 15 21 25
0 0 0 0 0 0 0 0 0 0 0 0 0 0 0 0 0 0 0 0 0 0 0 0 0 0 0 0 0 0 0 0 0 0 0 0 0 0 0 0 0 0 0 0 0 0 0 0 4 10 41 63 26 5 1 44 47 45 62 41 15 18 72 76 88 36 24 45 89 100 62 58 46 54 66 78 65 84 19 93 48 0 0 0 0 0 0 0 0 0 0 5 1 8 39 44
0 0 0 0 0 0 0 0 0 0 0 0 0 0 0 0 0 0 0 0 0 0 0 2 4 0 0 0 0 0 0 0 0 0 0 0 0 0 0 0 0 0 0 0 0 0 0 3 9 0 33 46 45 14 22 61 98 88 83 62 51 83 99 100 95 51 37 58 61 89 90 89 100 56 7 6 24 53 88 71 70 0 0 0 0 0 0 0 0 0 23 28 0 23 39 0
0 0 0 0 0 0 0 0 0 0 0 0 0 0 0 0 0 0 0 0 0 0 0 1 1 0 0 0 0 17 41 32 48 4 0 25 14 0 0 0 0 0 0 0 0 0 0 4 8 0 45 66 43 20 29 51 100 100 79 41 14 55 30 57 71 34 81 92 87 91 89 82 84 84 81 60 44 77 97 98 36 0 0 0 0 0 0 0 0 1 39 19 0 0 2 0
0 0 0 0 0 0 0 0 0 0 0 18 22 0 0 0 0 0 0 0 0 0 0 0 0 0 0 0 0 0 28 48 76 58 49 81 54 30 26 0 3 0 0 0 0 0 0 0 0 0 16 89 34 20 58 99 100 100 59 10 2 6 24 33 18 80 86 93 98 100 88 80 65 37 5 59 70 91 69 46 86 13 0 0 0 0 18 6 0 8 68 20 0 8 17 16
0 0 0 0 0 0 0 0 0 0 0 61 96 36 0 0 0 0 0 0 0 5 27 41 4 0 0 0 6 25 41 38 48 33 65 60 54 53 59 43 88 63 55 36 58 13 0 0 0 0 0 66 10 23 94 87 73 100 91 48 18 39 52 66 46 97 100 100 98 100 74 94 100 92 21 14 23 14 22 42 36 40 5 0 0 0 18 3 1 16 15 17 0 2 53 10
0 0 0 0 0 0 0 0 0 0 3 43 100 28 0 0 2 8 2 11 36 24 38 30 6 0 0 0 11 45 60 59 37 7 40 32 64 44 31 43 1 25 27 35 35 79 44 9 0 0 5 52 1 68 52 37 72 41 91 34 55 94 84 85 86 81 58 18 26 54 22 98 100 96 79 33 50 73 60 11 33 53 0 0 0 0 0 0 40 5 0 0 8 24 48 8
0 0 0 0 0 0 0 0 0 0 1 69 91 52 0 0 21 48 12 0 15 0 0 0 0 0 35 15 2 24 67 28 1 22 45 32 38 5 18 29 48 21 30 44 35 2 12 17 0 0 8 27 15 20 8 23 16 57 79 85 83 85 95 99 95 35 80 81 42 27 56 59 98 99 95 64 90 100 88 38 36 23 32 0 0 0 0 6 40 48 30 0 7 40 41 50
0 0 0 0 0 0 0 0 0 0 2 59 44 6 37 24 47 51 51 18 12 45 2 15 0 33 81 61 75 17 16 58 2 40 49 5 27 20 47 21 29 54 20 61 73 2 10 5 0 0 0 0 4 15 49 7 43 62 52 52 73 80 96 78 36 3 9 32 60 57 5 5 65 75 58 41 86 100 98 30 12 92 11 0 0 0 0 8 33 13 8 16 35 33 57 78
0 0 0 0 0 0 0 0 0 0 0 38 18 56 37 15 17 31 68 90 64 61 49 10 27 64 49 46 69 6 0 76 40 20 0 41 0 0 44 35 22 11 3 54 89 39 40 32 1 0 0 0 0 2 15 1 1 3 0 0 5 0 0 5 12 0 0 1 0 0 18 17 0 17 63 53 50 83 100 43 62 78 17 28 0 0 0 0 37 37 16 19 63 45 52 43
0 0 0 0 0 0 0 0 0 1 43 48 21 33 92 74 28 0 3 54 66 6 24 48 62 57 78 27 52 19 0 76 76 40 51 44 5 14 80 54 95 60 3 45 61 56 12 0 0 4 36 0 0 0 0 0 0 13 0 0 0 0 0 0 0 0 0 0 0 2 0 0 0 1 82 41 65 73 100 90 82 30 42 12 0 0 0 0 19 51 49 29 31 25 75 37
0 0 0 0 0 0 0 0 0 19 53 6 1 38 90 95 30 3 0 28 72 58 45 80 58 41 74 24 28 42 0 41 58 64 46 64 58 48 46 41 88 38 4 48 90 80 58 56 49 38 33 14 0 7 9 24 50 18 58 40 19 3 0 0 0 51 54 8 26 36 34 31 0 0 5 12 24 72 100 100 80 36 6 3 0 0 0 0 2 16 53 22 24 24 99 48
0 0 0 0 0 0 0 0 0 54 41 69 12 1 51 54 0 0 13 12 46 57 72 42 43 14 64 58 50 73 9 42 33 49 43 29 83 61 58 0 12 56 61 37 78 77 50 49 42 45 26 0 7 60 35 5 25 5 56 34 58 44 28 5 57 36 38 17 16 67 74 51 23 0 0 4 65 98 100 99 98 23 36 0 0 0 2 16 0 2 23 17 31 17 55 39
0 0 0 0 0 0 0 0 0 5 3 54 80 3 10 0 5 35 32 48 17 39 42 24 57 52 74 68 67 70 33 15 53 74 49 26 37 58 31 12 0 62 53 94 99 75 45 52 69 54 4 0 8 26 42 29 69 39 63 16 49 8 22 1 9 44 9 18 73 41 75 100 58 0 5 6 16 80 98 86 18 2 27 0 0 0 5 31 0 1 63 30 52 92 98 27
0 0 0 0 0 5 2 0 0 0 13 37 27 17 0 0 8 15 46 72 52 76 73 11 2 49 51 68 19 35 28 46 38 83 34 42 30 39 26 13 14 28 40 82 67 68 20 43 33 23 0 32 5 0 33 81 100 84 86 52 78 6 0 11 28 55 42 45 64 71 83 59 60 14 25 34 2 32 52 91 3 2 3 0 0 0 24 0 1 19 82 39 60 100 77 40
0 0 0 0 0 17 10 7 0 0 21 81 64 34 35 36 36 36 47 62 48 55 43 47 0 48 67 75 62 59 12 15 31 27 38 45 35 10 65 13 36 30 59 94 91 57 19 40 56 30 2 69 0 1 36 51 96 69 36 85 94 51 2 22 46 100 100 100 56 18 34 44 64 57 37 0 0 5 12 94 46 18 7 0 0 5 35 1 17 65 99 64 68 100 96 100
31 9 0 0 0 3 14 7 1 4 0 3 52 20 71 23 59 46 83 68 46 31 28 4 52 22 62 33 13 35 60 59 6 60 10 66 87 15 32 88 26 17 17 86 54 75 19 79 80 90 94 23 37 5 41 78 96 72 47 14 99 74 25 3 86 100 100 95 55 19 19 23 67 66 51 42 0 0 0 38 33 21 0 0 0 8 5 55 63 52 100 98 89 89 100 93
0 0 0 0 1 9 18 89 23 7 42 0 76 43 24 0 1 2 40 55 68 37 43 6 58 4 48 1 0 8 32 6 36 58 31 42 38 34 96 100 42 29 78 98 75 46 68 100 100 100 90 50 4 23 63 51 100 100 57 68 41 85 51 13 86 100 90 41 22 47 0 59 67 71 33 27 9 29 22 3 11 19 0 0 0 25 3 0 3 70 98 80 57 59 42 100
2 8 0 0 5 16 65 36 59 60 11 60 55 48 0 0 0 0 2 48 23 39 80 36 45 38 25 0 24 0 48 48 44 58 37 61 45 13 74 99 48 61 80 53 94 98 100 100 97 86 29 33 37 27 77 97 98 100 100 100 100 95 42 71 100 100 100 63 49 18 2 90 100 60 56 48 19 13 29 13 0 0 0 0 12 29 0 0 6 90 75 51 52 63 99 100
9 4 1 0 5 24 24 35 57 58 24 44 66 14 0 2 20 26 18 64 56 61 78 41 36 32 4 18 17 17 28 91 41 91 50 100 77 18 95 100 97 56 45 66 98 100 96 67 16 0 11 65 19 22 14 100 54 79 65 96 100 100 78 93 100 96 100 88 56 32 15 100 62 28 36 62 28 26 4 64 23 0 0 0 0 3 9 6 0 47 52 46 88 63 87 73
0 0 0 3 16 18 36 47 31 54 29 11 61 55 47 15 0 35 77 77 79 65 34 34 70 63 0 51 72 32 75 73 88 62 76 100 75 66 100 100 88 93 65 45 54 43 7 1 18 8 17 34 51 18 18 42 64 58 92 97 99 100 100 100 69 34 83 100 54 28 88 100 100 100 100 29 2 4 55 61 45 25 0 0 0 0 4 11 0 1 9 52 98 89 91 25
0 0 4 14 11 10 18 11 36 45 89 28 13 32 39 83 50 11 2 26 53 64 38 22 66 29 9 44 29 29 82 81 31 34 94 100 64 86 100 66 52 40 76 52 0 0 0 2 19 49 25 55 26 52 56 27 67 72 54 58 100 100 100 100 91 93 100 100 92 85 100 100 100 94 62 21 8 26 49 5 65 64 57 2 0 0 0 0 23 32 44 41 94 87 82 92
0 0 1 2 0 1 0 17 46 18 60 87 67 48 39 26 81 45 7 51 23 1 46 25 40 69 62 82 40 18 49 50 46 26 54 100 98 93 80 17 33 30 21 22 15 0 0 28 45 29 30 76 14 70 57 0 68 98 32 28 99 100 100 100 82 88 100 100 100 100 100 100 100 92 16 52 6 51 62 55 34 48 17 12 0 0 0 0 25 78 12 25 40 92 97 76
0 0 0 0 0 0 0 0 4 32 50 46 68 54 24 39 33 15 50 68 32 46 63 57 58 56 65 51 24 51 70 37 63 28 76 100 37 60 60 56 77 83 16 88 88 51 0 0 0 0 52 47 52 47 13 0 6 36 86 84 65 37 75 100 84 88 72 100 100 100 100 97 69 42 29 21 45 97 82 70 23 30 37 22 21 2 0 0 12 65 24 13 11 83 67 80
0 0 0 0 0 0 0 0 14 12 23 52 36 9 4 0 30 11 28 92 82 76 28 18 40 23 82 88 63 83 91 68 87 97 62 40 64 87 99 21 28 100 67 58 100 52 0 0 0 6 73 34 58 52 31 5 0 0 9 29 29 58 100 98 100 100 68 100 100 100 97 38 32 55 43 30 29 100 72 100 99 82 52 18 50 17 12 12 0 0 0 8 31 49 64 73
26 3 12 7 0 1 0 0 20 28 3 16 7 20 0 0 0 0 0 59 100 25 23 43 2 32 87 42 59 50 97 100 90 63 21 86 43 44 52 4 8 76 98 75 90 13 0 0 32 69 83 23 56 31 15 0 10 19 14 26 6 87 96 62 100 80 91 100 98 96 95 38 19 40 50 71 99 100 68 100 100 100 100 15 40 34 16 26 34 0 0 29 15 40 13 2
68 89 83 88 61 23 0 0 0 0 0 0 0 0 1 22 15 0 8 83 39 11 12 30 45 60 69 35 85 75 61 51 4 33 60 54 13 82 72 49 61 74 76 69 28 6 10 42 100 62 24 59 35 21 3 7 71 27 34 44 27 66 91 84 100 88 68 85 71 83 65 28 83 90 61 100 97 66 49 100 100 92 66 36 31 7 96 14 11 0 0 0 0 3 0 6
37 28 29 4 0 0 2 0 0 0 0 0 0 4 47 38 28 0 37 29 74 83 91 69 63 20 32 66 55 15 79 65 9 36 26 8 20 91 60 39 11 36 83 16 35 96 99 95 54 9 10 67 12 42 25 58 85 96 45 35 35 57 25 54 66 75 75 67 81 90 94 66 96 95 62 100 73 10 41 86 90 50 17 45 43 1 66 14 6 0 0 0 0 6 20 28
3 0 1 6 30 29 62 31 1 0 0 2 8 2 0 38 21 0 37 32 100 100 100 68 70 62 55 11 63 42 59 31 0 3 28 9 50 98 90 30 0 51 34 0 1 32 56 97 33 0 32 23 0 38 12 67 76 36 76 71 40 48 21 36 55 40 36 91 94 100 100 63 47 97 96 90 14 0 36 86 79 38 31 19 2 2 28 32 8 1 0 0 0 25 38 14
0 39 83 69 57 47 30 39 38 28 2 46 68 20 5 61 22 0 17 18 45 91 100 100 100 100 67 46 50 46 17 0 26 32 34 41 83 95 56 2 0 4 1 0 39 100 92 51 78 21 65 0 23 56 51 88 98 84 93 56 40 23 43 87 100 91 100 100 100 96 68 43 62 58 49 67 7 59 9 54 100 98 96 22 39 6 12 0 19 1 0 1 9 60 32 54
8 47 76 24 3 4 68 70 82 36 71 17 51 66 64 38 4 0 13 26 26 35 62 66 80 91 100 83 64 74 55 90 67 6 32 21 34 98 100 74 51 22 86 33 73 100 88 85 33 35 14 1 41 70 71 100 100 100 97 87 52 8 83 100 100 100 56 89 56 45 70 97 99 95 81 62 11 91 38 59 100 100 100 26 8 52 32 10 38 0 4 58 26 13 17 41
33 35 66 16 65 70 36 60 45 22 37 42 64 99 27 30 0 0 0 0 9 4 24 10 38 64 52 59 20 87 90 100 99 77 32 12 46 100 66 57 49 28 24 10 91 78 80 24 35 35 2 44 67 88 100 100 100 100 100 80 40 13 81 83 92 87 24 6 33 95 97 61 61 82 79 91 78 82 60 4 86 100 91 18 23 91 62 10 0 0 1 51 8 14 34 33
12 22 35 64 86 66 22 58 73 86 2 46 85 78 34 26 0 0 11 23 91 73 68 97 100 92 4 8 34 87 52 100 100 100 67 62 51 100 74 61 66 57 7 0 28 84 30 0 54 2 46 87 100 89 51 81 100 100 100 56 63 37 31 8 41 92 0 0 61 91 74 72 77 38 20 56 100 100 99 79 74 80 45 0 60 78 6 20 5 0 0 7 8 52 49 45
62 53 11 35 31 59 64 100 61 86 65 75 56 51 11 16 4 0 7 11 72 96 100 100 97 70 64 38 80 100 94 100 100 100 92 34 54 100 82 71 47 10 0 18 95 67 21 29 15 0 62 100 100 38 0 26 100 98 66 60 61 73 28 42 100 60 0 0 36 55 54 54 48 48 45 86 70 46 12 16 21 37 12 13 71 95 50 36 16 0 0 12 37 32 36 48
52 88 41 18 30 55 93 100 100 99 70 18 29 19 27 24 2 0 0 0 5 24 75 88 42 36 74 100 100 100 100 90 87 54 69 77 57 66 10 1 3 25 75 100 51 15 52 45 45 61 95 100 93 29 62 64 100 73 69 78 49 40 78 100 68 4 0 0 9 29 19 0 0 0 0 7 13 6 59 58 20 2 3 0 53 98 37 3 0 0 0 53 17 8 63 22
43 29 3 36 39 79 58 83 100 85 24 43 0 10 11 15 0 0 0 0 39 41 18 91 100 100 100 100 100 100 80 27 46 69 100 94 78 5 0 14 83 100 90 69 74 70 37 66 13 100 74 100 66 81 100 100 88 36 55 76 100 90 94 96 24 0 58 15 51 100 82 1 15 4 1 11 0 26 97 61 40 48 69 13 63 80 6 0 0 6 2 17 8 29 86 45
8 45 33 49 67 91 89 98 98 54 16 13 76 54 28 4 0 0 2 6 4 45 19 37 82 89 55 80 75 28 13 27 64 96 100 100 44 0 46 98 78 73 87 99 100 67 51 21 48 98 93 92 21 16 94 100 40 62 80 90 49 34 48 15 8 46 76 14 69 78 100 52 65 8 10 85 16 51 66 23 18 2 11 26 89 56 1 0 0 7 4 0 5 16 75 86
57 28 28 59 12 64 100 100 100 100 55 20 99 72 39 66 14 9 57 28 0 17 34 48 63 62 52 85 40 62 83 12 0 65 64 88 0 19 78 55 54 65 88 100 87 33 56 38 93 39 59 41 1 24 72 74 75 58 42 9 0 0 0 0 29 99 41 57 89 75 81 94 71 13 53 20 78 78 32 40 6 9 21 75 71 16 0 0 0 0 0 0 33 100 100 100
87 53 46 87 28 67 100 100 100 84 51 89 84 64 55 64 36 0 22 34 2 14 18 36 31 43 66 91 87 99 98 77 58 91 67 15 55 99 71 99 89 13 54 42 100 53 7 93 18 0 3 1 0 0 7 6 63 65 0 0 0 0 1 20 24 83 100 100 100 100 100 100 100 32 74 10 78 33 33 13 55 58 96 46 10 16 7 0 0 0 0 5 29 100 100 100
98 58 23 27 45 79 60 59 90 68 68 56 1 24 27 83 14 1 37 32 38 35 34 14 19 41 34 59 87 99 75 84 62 92 100 84 80 67 80 65 21 0 3 50 56 18 44 85 7 0 0 0 0 0 2 1 13 4 4 28 62 44 72 100 100 100 95 90 95 77 100 100 95 88 92 67 72 31 17 12 72 66 19 12 30 55 0 0 0 0 0 24 82 95 78 100
20 25 76 76 100 100 1 4 0 11 26 23 0 0 35 57 29 28 18 46 1 1 27 50 3 53 32 9 46 54 43 36 19 31 74 100 4 2 4 0 0 0 18 39 54 38 16 94 71 57 14 0 0 0 58 46 4 12 42 100 100 100 100 100 100 100 10 45 64 10 47 56 8 53 71 81 76 0 6 5 22 2 0 0 0 4 0 0 0 0 26 81 40 34 18 45
25 34 67 7 25 50 68 50 0 0 0 0 0 1 74 100 99 13 21 56 41 6 21 60 60 84 99 58 98 92 26 89 94 100 91 60 0 0 0 0 0 17 58 40 47 8 0 30 59 48 0 0 6 78 95 99 80 96 100 100 100 100 100 100 69 50 2 30 43 56 31 58 3 20 15 21 36 2 31 18 3 0 0 0 19 39 39 1 13 7 26 43 28 53 47 40
0 19 89 59 47 92 68 26 0 8 43 37 27 51 99 100 94 38 29 41 45 41 45 67 83 78 80 60 100 79 60 100 51 18 14 0 0 0 0 0 25 79 64 98 97 7 0 0 30 23 0 5 5 87 99 94 100 100 100 100 100 100 100 100 93 21 69 41 33 8 41 21 30 42 7 18 44 36 1 4 0 0 7 21 27 1 0 36 24 31 15 9 0 12 18 4
45 82 83 79 73 93 68 0 11 92 99 90 81 51 78 79 74 78 24 18 32 27 88 51 69 29 28 43 97 9 67 90 0 0 0 0 0 0 0 0 19 16 4 46 90 33 0 7 43 13 24 76 83 64 84 50 47 98 100 100 64 100 100 98 91 24 38 19 35 13 1 4 22 44 41 25 20 16 0 0 0 0 28 5 0 0 18 37 51 20 10 38 52 19 2 6
13 65 50 44 38 79 17 7 19 100 100 89 40 8 0 10 50 76 32 2 6 0 57 65 64 6 63 71 98 48 56 8 0 0 0 0 0 0 0 0 0 0 0 17 6 1 0 0 6 47 63 69 100 96 85 76 21 80 100 95 26 96 80 32 48 49 42 0 0 0 0 0 5 18 17 0 0 0 0 0 3 20 27 35 9 37 58 37 44 18 14 31 28 51 35 25
51 28 32 31 16 74 56 23 82 99 82 12 0 33 83 99 55 38 0 0 20 26 1 49 83 35 48 5 30 39 6 0 0 2 1 0 0 0 2 5 0 0 0 0 0 0 0 0 37 96 100 100 100 68 49 34 35 35 100 76 0 60 12 11 60 94 76 0 9 0 0 0 2 13 0 0 0 0 0 2 10 18 28 82 80 100 63 38 34 57 54 83 46 49 2 31
63 41 42 31 66 30 52 90 100 100 99 11 0 1 77 99 100 72 55 68 36 12 77 27 10 98 73 17 0 0 0 0 0 22 10 6 0 1 9 23 24 0 0 0 0 0 19 43 94 98 100 100 100 96 56 21 56 41 53 23 0 46 32 1 53 66 24 2 33 10 3 14 43 32 37 17 4 24 6 32 65 53 61 89 100 100 82 4 46 67 67 100 100 93 66 83
83 87 81 70 46 28 36 75 89 99 84 7 0 0 6 59 69 47 63 88 99 13 27 53 3 53 1 1 2 14 4 24 34 60 59 4 0 0 58 89 70 23 0 0 0 0 0 3 30 41 100 96 73 92 97 65 69 58 59 15 36 31 31 27 42 23 8 10 23 80 54 36 37 38 52 4 15 32 14 31 4 2 50 34 53 99 100 100 44 42 55 88 100 100 100 100
70 86 84 99 88 58 38 90 95 62 14 0 0 0 0 2 4 19 90 92 100 67 13 72 1 24 20 54 87 99 80 85 94 92 9 0 0 4 59 100 89 50 20 0 0 41 18 0 27 70 99 88 39 70 100 73 76 74 29 0 32 36 39 31 70 11 27 2 11 20 40 38 53 43 20 3 4 36 1 12 0 0 65 39 6 88 100 82 13 34 36 56 100 89 88 100
38 98 99 67 1 0 59 16 21 2 0 0 0 0 4 2 1 44 73 100 99 52 8 19 0 17 68 100 100 78 19 40 96 97 26 2 14 88 78 100 100 53 1 3 3 62 88 66 77 94 68 84 27 75 59 39 45 34 26 0 9 32 52 27 4 12 27 24 46 37 7 13 30 88 14 0 0 12 9 2 0 0 23 14 9 45 83 51 71 33 27 58 100 83 72 92
89 74 21 0 0 0 6 0 0 3 31 10 0 2 46 30 6 52 100 85 52 9 0 3 18 15 38 61 30 62 47 78 61 99 24 0 40 100 100 100 100 38 13 50 65 93 88 83 76 55 30 19 34 59 44 20 38 40 30 47 45 33 4 52 34 41 16 56 61 70 18 23 22 100 23 20 0 38 21 4 0 0 24 27 22 39 87 55 100 74 60 53 83 99 14 8
15 0 0 3 0 0 0 7 11 44 100 50 2 3 76 86 70 99 98 43 16 19 50 19 44 36 20 26 38 86 77 26 14 100 70 24 31 73 83 98 71 88 58 100 93 61 29 16 7 67 26 71 16 18 31 34 7 26 80 95 51 58 65 67 27 40 74 17 16 62 27 78 72 100 90 10 0 27 20 60 7 0 0 0 4 30 69 96 100 72 10 41 61 90 8 22
11 26 70 94 11 0 2 81 93 93 100 93 86 21 67 100 100 100 100 36 8 18 11 58 88 88 26 24 100 51 0 0 42 90 33 48 81 1 30 95 58 96 94 55 34 21 20 58 51 85 33 4 31 44 59 75 85 83 80 100 100 100 87 47 0 8 50 24 0 37 46 87 100 71 47 0 1 62 63 69 64 8 0 35 23 7 61 100 100 55 6 7 80 56 0 0
97 97 97 37 4 0 3 99 100 100 100 62 82 89 94 61 94 100 99 33 8 2 63 67 22 97 74 72 36 1 0 0 3 8 8 22 1 86 87 89 28 36 4 27 67 64 73 20 26 28 0 21 13 81 34 58 36 99 100 100 100 100 84 79 36 17 39 20 43 86 42 51 100 23 5 7 50 100 83 80 26 1 0 36 1 16 49 99 64 44 38 27 51 91 77 0
