data/habitatmaps/RS_maps/habitat_Prunella.modularis_2009.asc
NCOLS 369 
NROWS 228 
XLLCORNER 479000 
YLLCORNER 73000 
CELLSIZE 1000 
NODATA_value -9 
[rows 0 to 58 of 228, columns 96 to 191 of 369]
-9 -9 -9 -9 -9 -9 -9 -9 -9 -9 -9 -9 -9 -9 -9 -9 -9 -9 -9 -9 -9 -9 -9 -9 -9 -9 -9 -9 -9 -9 -9 -9 -9 -9 -9 -9 -9 -9 -9 -9 -9 -9 -9 -9 -9 -9 -9 -9 -9 -9 -9 -9 -9 -9 -9 -9 -9 -9 -9 -9 -9 -9 -9 -9 -9 -9 -9 -9 -9 -9 -9 -9 -9 -9 -9 -9 -9 -9 -9 -9 -9 -9 -9 -9 -9 -9 -9 -9 -9 -9 -9 -9 -9 -9 45 73
-9 -9 -9 -9 -9 -9 -9 -9 -9 -9 -9 -9 -9 -9 -9 -9 -9 -9 -9 -9 -9 -9 -9 -9 -9 -9 -9 -9 -9 -9 -9 -9 -9 -9 -9 -9 -9 -9 -9 -9 -9 -9 -9 -9 -9 -9 -9 -9 -9 -9 -9 -9 -9 -9 -9 -9 -9 -9 -9 -9 -9 -9 -9 -9 -9 -9 -9 -9 -9 -9 -9 -9 -9 -9 -9 -9 -9 -9 -9 -9 -9 -9 -9 -9 -9 -9 -9 -9 -9 -9 -9 -9 -9 56 45 73
-9 -9 -9 -9 -9 -9 -9 -9 -9 -9 -9 -9 -9 -9 -9 -9 -9 -9 -9 -9 -9 -9 -9 -9 -9 -9 -9 -9 -9 -9 -9 -9 -9 -9 -9 -9 -9 -9 -9 -9 -9 -9 -9 -9 -9 -9 -9 -9 -9 -9 -9 -9 -9 -9 -9 -9 -9 -9 -9 -9 -9 -9 -9 -9 -9 -9 -9 -9 -9 -9 -9 -9 -9 -9 -9 -9 -9 -9 -9 -9 -9 -9 -9 -9 -9 -9 -9 -9 -9 -9 -9 -9 -9 27 80 100
-9 -9 -9 -9 -9 -9 -9 -9 -9 -9 -9 -9 -9 -9 -9 -9 -9 -9 -9 -9 -9 -9 -9 -9 -9 -9 -9 -9 -9 -9 -9 -9 -9 -9 -9 -9 -9 -9 -9 -9 -9 -9 -9 -9 -9 -9 -9 -9 -9 -9 -9 -9 -9 -9 -9 -9 -9 -9 -9 -9 -9 -9 -9 -9 -9 -9 -9 -9 -9 -9 -9 -9 -9 -9 -9 -9 -9 -9 -9 -9 -9 -9 -9 -9 -9 -9 -9 -9 -9 -9 -9 -9 11 14 47 50
-9 -9 -9 -9 -9 -9 -9 -9 -9 -9 -9 -9 -9 -9 -9 -9 -9 -9 -9 -9 -9 -9 -9 -9 -9 -9 -9 -9 -9 -9 -9 -9 -9 -9 -9 -9 -9 -9 -9 -9 -9 -9 -9 -9 -9 -9 -9 -9 -9 -9 -9 -9 -9 -9 -9 -9 -9 -9 -9 -9 -9 -9 -9 -9 -9 -9 -9 -9 -9 -9 -9 -9 -9 -9 -9 -9 -9 -9 -9 -9 -9 -9 -9 -9 -9 -9 -9 -9 -9 -9 -9 15 0 0 0 2
-9 -9 -9 -9 -9 -9 -9 -9 -9 -9 -9 -9 -9 -9 -9 -9 -9 -9 -9 -9 -9 -9 -9 -9 -9 -9 -9 -9 -9 -9 -9 -9 -9 -9 -9 -9 -9 -9 -9 -9 -9 -9 -9 -9 -9 -9 -9 -9 -9 -9 -9 -9 -9 -9 -9 -9 -9 -9 -9 -9 -9 -9 -9 -9 -9 -9 -9 -9 -9 -9 -9 -9 -9 -9 -9 -9 -9 -9 -9 -9 -9 -9 -9 -9 -9 -9 -9 -9 -9 -9 -9 59 0 0 60 41
-9 -9 -9 -9 -9 -9 -9 -9 -9 -9 -9 -9 -9 -9 -9 -9 -9 -9 -9 -9 -9 -9 -9 -9 -9 -9 -9 -9 -9 -9 -9 -9 -9 -9 -9 -9 -9 -9 -9 -9 -9 -9 -9 -9 -9 -9 -9 -9 -9 -9 -9 -9 -9 -9 -9 -9 -9 -9 -9 -9 -9 -9 -9 -9 -9 -9 -9 -9 -9 -9 -9 -9 -9 -9 -9 -9 -9 -9 -9 -9 -9 -9 -9 -9 -9 -9 -9 -9 -9 -9 77 97 25 0 20 10
-9 -9 -9 -9 -9 -9 -9 -9 -9 -9 -9 -9 -9 -9 -9 -9 -9 -9 -9 -9 -9 -9 -9 -9 -9 -9 -9 -9 -9 -9 -9 -9 -9 -9 -9 -9 -9 -9 -9 -9 -9 -9 -9 -9 -9 -9 -9 -9 -9 -9 -9 -9 -9 -9 -9 -9 -9 -9 -9 -9 -9 -9 -9 -9 -9 -9 -9 -9 -9 -9 -9 -9 -9 -9 -9 -9 -9 -9 -9 -9 -9 -9 -9 -9 -9 -9 -9 -9 -9 78 90 100 48 4 63 42
-9 -9 -9 -9 -9 -9 -9 -9 -9 -9 -9 -9 -9 -9 -9 -9 -9 -9 -9 -9 -9 -9 -9 -9 -9 -9 -9 -9 -9 -9 -9 -9 -9 -9 -9 -9 -9 -9 -9 -9 -9 -9 -9 -9 -9 -9 -9 -9 -9 -9 -9 -9 -9 -9 -9 -9 -9 -9 -9 -9 -9 -9 -9 -9 -9 -9 -9 -9 -9 -9 -9 -9 -9 -9 -9 -9 -9 -9 -9 -9 -9 -9 -9 -9 -9 -9 -9 -9 100 100 100 100 42 16 74 23
-9 -9 -9 -9 -9 -9 -9 -9 -9 -9 -9 -9 -9 -9 -9 -9 -9 -9 -9 -9 -9 -9 -9 -9 -9 -9 -9 -9 -9 -9 -9 -9 -9 -9 -9 -9 -9 -9 -9 -9 -9 -9 -9 -9 -9 -9 -9 -9 -9 -9 -9 -9 -9 -9 -9 -9 -9 -9 -9 -9 -9 -9 -9 -9 -9 -9 -9 -9 -9 -9 -9 -9 -9 -9 -9 -9 -9 -9 -9 -9 -9 -9 -9 -9 -9 -9 -9 -9 84 100 100 100 85 1 0 8
-9 -9 -9 -9 -9 -9 -9 -9 -9 -9 -9 -9 -9 -9 -9 -9 -9 -9 -9 -9 -9 -9 -9 -9 -9 -9 -9 -9 -9 -9 -9 -9 -9 -9 -9 -9 -9 -9 -9 -9 -9 -9 -9 -9 -9 -9 -9 -9 -9 -9 -9 -9 -9 -9 -9 -9 -9 -9 -9 -9 -9 -9 -9 -9 -9 -9 -9 -9 -9 -9 -9 -9 -9 -9 -9 -9 -9 -9 -9 -9 -9 -9 -9 -9 -9 -9 -9 58 74 92 96 100 100 10 0 2
-9 -9 -9 -9 -9 -9 -9 -9 -9 -9 -9 -9 -9 -9 -9 -9 -9 -9 -9 -9 -9 -9 -9 -9 -9 -9 -9 -9 -9 -9 -9 -9 -9 -9 -9 -9 -9 -9 -9 -9 -9 -9 -9 -9 -9 -9 -9 -9 -9 -9 -9 -9 -9 -9 -9 -9 -9 -9 -9 -9 -9 -9 -9 -9 -9 -9 -9 -9 -9 -9 -9 -9 -9 -9 -9 -9 -9 -9 -9 -9 -9 -9 -9 -9 -9 -9 26 40 76 46 0 27 90 11 0 4
-9 -9 -9 -9 -9 -9 -9 -9 -9 -9 -9 -9 -9 -9 -9 -9 -9 -9 -9 -9 -9 -9 -9 -9 -9 -9 -9 -9 -9 -9 -9 -9 -9 -9 -9 -9 -9 -9 -9 -9 -9 -9 -9 -9 -9 -9 -9 -9 -9 -9 -9 -9 -9 -9 -9 -9 -9 -9 -9 -9 -9 -9 -9 -9 -9 -9 -9 -9 -9 -9 -9 -9 -9 -9 -9 -9 -9 -9 -9 -9 -9 -9 -9 -9 -9 -9 34 78 65 61 9 44 100 23 12 12
-9 -9 -9 -9 -9 -9 -9 -9 -9 -9 -9 -9 -9 -9 -9 -9 -9 -9 -9 -9 -9 -9 -9 -9 -9 -9 -9 -9 -9 -9 -9 -9 -9 -9 -9 -9 -9 -9 -9 -9 -9 -9 -9 -9 -9 -9 -9 -9 -9 -9 -9 -9 -9 -9 -9 -9 -9 -9 -9 -9 -9 -9 -9 -9 -9 -9 -9 -9 -9 -9 -9 -9 -9 -9 -9 -9 -9 -9 -9 -9 -9 -9 -9 -9 -9 -9 56 97 76 96 75 88 78 88 93 32
-9 -9 -9 -9 -9 -9 -9 -9 -9 -9 -9 -9 -9 -9 -9 -9 -9 -9 -9 -9 -9 -9 -9 -9 -9 -9 -9 -9 -9 -9 -9 -9 -9 -9 -9 -9 -9 -9 -9 -9 -9 -9 -9 -9 -9 -9 -9 -9 -9 -9 -9 -9 -9 -9 -9 -9 -9 -9 -9 -9 -9 -9 -9 -9 -9 -9 -9 -9 -9 -9 -9 -9 -9 -9 -9 -9 -9 -9 -9 -9 66 74 96 63 34 100 70 56 44 35 68 8 73 60 55 47
-9 -9 -9 -9 -9 -9 -9 -9 -9 -9 -9 -9 -9 -9 -9 -9 -9 -9 -9 -9 -9 -9 -9 -9 -9 -9 -9 -9 -9 -9 -9 -9 -9 -9 -9 -9 -9 -9 -9 -9 -9 -9 -9 -9 -9 -9 -9 -9 -9 -9 -9 -9 -9 -9 -9 -9 -9 -9 -9 -9 -9 -9 -9 -9 -9 -9 -9 -9 -9 -9 -9 -9 -9 -9 -9 -9 70 92 7 24 20 24 60 94 40 92 78 13 0 0 7 0 38 8 21 79
-9 -9 -9 -9 -9 -9 -9 -9 -9 -9 -9 -9 -9 -9 -9 -9 -9 -9 -9 -9 -9 -9 -9 -9 -9 -9 -9 -9 -9 -9 -9 -9 -9 -9 -9 -9 -9 -9 -9 -9 -9 -9 93 100 100 100 -9 -9 -9 -9 -9 -9 -9 -9 -9 -9 -9 -9 -9 -9 -9 -9 -9 -9 -9 -9 -9 -9 -9 -9 -9 -9 -9 -9 -9 95 68 66 30 68 55 84 90 100 57 58 73 52 0 12 5 4 52 4 26 36
-9 -9 -9 -9 -9 -9 -9 -9 -9 -9 -9 -9 -9 -9 -9 -9 -9 -9 -9 -9 -9 -9 -9 -9 -9 -9 -9 -9 -9 -9 -9 -9 -9 -9 -9 0 0 0 24 76 48 99 100 100 100 68 84 94 94 61 -9 -9 -9 -9 -9 -9 -9 -9 -9 -9 -9 -9 -9 -9 -9 -9 -9 -9 -9 -9 -9 -9 -9 42 36 77 78 28 46 66 73 86 98 73 74 18 0 74 38 62 42 4 19 18 29 20
-9 -9 -9 -9 -9 -9 -9 -9 -9 -9 -9 -9 -9 -9 -9 -9 -9 -9 -9 -9 -9 -9 -9 -9 -9 -9 -9 -9 -9 -9 -9 26 0 0 8 11 0 0 8 82 76 98 93 100 100 100 48 9 82 80 84 -9 100 97 88 90 100 92 84 42 48 0 -9 -9 -9 -9 -9 -9 -9 -9 -9 -9 96 24 24 53 85 20 48 78 100 81 36 27 100 60 29 74 28 6 12 44 18 42 32 22
-9 -9 -9 -9 -9 -9 -9 -9 -9 -9 -9 -9 -9 -9 -9 -9 -9 -9 -9 -9 -9 -9 -9 -9 -9 -9 -9 -9 -9 -9 35 12 0 13 24 72 12 0 29 36 47 62 98 100 100 100 96 34 23 8 38 4 56 94 64 69 62 80 82 99 42 2 24 94 100 100 -9 -9 -9 -9 95 72 100 69 19 68 92 68 23 66 78 23 0 10 50 83 69 23 6 4 22 50 2 42 56 34
-9 -9 -9 -9 -9 -9 -9 -9 -9 -9 -9 -9 -9 -9 -9 -9 -9 -9 -9 -9 -9 -9 -9 -9 -9 -9 -9 -9 100 18 38 24 14 40 0 50 0 0 68 20 14 2 86 100 100 100 93 78 68 54 91 46 58 96 4 30 28 52 74 100 78 66 87 100 94 66 32 -9 -9 38 44 28 23 82 32 93 100 52 10 4 14 34 24 60 6 50 18 5 3 14 30 48 36 49 40 42
-9 -9 -9 -9 -9 -9 -9 -9 -9 -9 -9 -9 -9 -9 -9 -9 -9 -9 -9 -9 -9 -9 -9 -9 -9 -9 -9 70 84 7 50 64 2 42 20 20 0 8 56 15 0 87 96 96 94 82 56 98 93 100 100 58 96 90 3 74 62 42 98 100 68 100 100 100 93 20 0 34 36 57 7 40 0 58 82 98 90 17 7 0 1 23 25 45 0 60 52 74 82 95 30 44 22 23 30 1
-9 -9 -9 -9 -9 -9 -9 -9 -9 -9 -9 -9 -9 -9 -9 -9 -9 -9 -9 -9 -9 -9 -9 -9 -9 4 0 53 96 12 44 33 2 22 16 0 0 28 12 22 31 100 93 54 88 74 4 80 100 100 100 38 98 77 2 30 20 11 30 92 98 100 62 72 84 52 17 35 20 31 90 85 57 81 94 19 27 0 0 0 18 11 4 2 22 34 82 100 98 48 26 55 22 1 0 26
-9 -9 -9 -9 -9 -9 -9 -9 -9 -9 -9 -9 -9 -9 -9 -9 -9 -9 -9 -9 -9 -9 -9 -9 0 12 5 84 100 46 31 52 24 4 0 0 0 0 0 0 18 98 53 10 19 49 7 36 60 46 26 4 22 1 0 0 62 10 10 53 89 98 98 44 78 11 26 66 69 82 95 30 12 88 92 42 8 0 24 13 22 51 46 4 46 52 100 79 30 13 34 58 12 0 0 20
-9 -9 -9 -9 -9 -9 -9 -9 -9 -9 -9 -9 -9 -9 -9 -9 -9 -9 -9 -9 -9 -9 -9 0 0 1 21 7 43 67 2 14 69 40 0 0 0 0 0 0 54 58 4 0 20 52 32 26 30 23 44 36 4 4 16 2 58 72 56 6 87 98 77 44 54 30 10 50 34 100 76 45 46 71 52 18 14 12 28 26 23 76 91 75 49 8 14 30 24 65 69 99 18 7 46 49
-9 -9 -9 -9 -9 -9 -9 -9 -9 -9 -9 -9 -9 -9 -9 -9 -9 -9 -9 -9 -9 -9 19 27 3 0 0 0 14 0 7 31 0 21 12 6 0 0 0 0 0 0 0 25 37 0 56 26 13 8 8 54 54 0 14 68 90 100 48 2 0 74 74 1 34 1 1 72 88 74 26 68 76 66 90 50 0 0 6 28 66 44 42 52 82 65 27 0 50 60 4 11 45 50 94 91
-9 -9 -9 -9 -9 -9 -9 -9 -9 -9 -9 -9 -9 -9 -9 -9 -9 -9 -9 -9 -9 27 58 2 0 0 0 25 55 8 12 60 13 0 0 16 33 1 0 0 0 0 0 48 54 82 100 80 49 0 16 78 59 2 46 90 54 19 36 7 12 70 100 8 58 57 0 16 36 36 67 35 40 28 66 2 0 8 22 64 60 38 3 0 34 62 6 50 42 71 54 10 0 4 34 26
16 23 72 63 -9 -9 -9 -9 -9 -9 -9 -9 -9 -9 -9 -9 -9 -9 -9 -9 8 25 21 10 0 0 14 64 60 16 1 11 13 0 0 21 44 9 0 13 23 0 10 21 68 98 100 64 17 0 0 24 74 88 66 58 6 55 62 0 16 82 100 24 15 77 54 48 22 80 100 98 92 98 76 48 10 47 90 63 8 0 30 42 15 12 32 36 3 0 22 62 37 3 16 9
0 23 45 100 100 100 100 9 6 -9 -9 -9 -9 -9 -9 -9 -9 -9 -9 -9 0 0 0 2 37 31 71 17 0 1 0 0 0 0 0 0 1 20 8 18 46 0 3 56 93 70 100 97 46 0 2 0 24 99 100 77 90 51 27 24 16 12 98 42 16 22 41 82 96 100 38 42 46 64 59 18 60 73 1 0 0 0 32 54 36 16 40 53 20 0 8 66 48 15 76 69
0 3 39 25 60 100 100 69 0 3 74 55 44 -9 -9 -9 -9 -9 -9 3 0 17 12 8 36 8 0 0 0 2 0 0 0 28 0 0 0 14 12 0 2 0 16 36 37 46 75 70 55 8 56 4 24 80 84 83 71 74 40 97 48 52 100 42 42 74 22 44 99 28 8 53 0 2 48 22 28 10 7 13 2 11 20 71 18 26 18 90 52 0 0 0 62 65 27 58
4 0 16 0 59 100 100 76 31 6 0 8 14 16 -9 -9 -9 -9 52 39 0 5 0 6 28 3 4 4 0 15 8 0 0 9 0 0 0 0 0 0 0 0 38 68 48 32 73 66 58 86 95 63 0 12 60 3 16 62 60 46 32 41 94 72 54 92 80 84 74 0 18 38 36 41 42 14 44 58 73 100 54 84 35 16 2 3 16 86 97 35 0 0 50 91 84 56
12 18 22 28 57 100 100 97 61 28 0 31 31 2 0 0 3 0 6 51 15 25 66 3 26 5 11 24 62 50 0 0 0 0 0 0 0 12 30 34 7 17 60 64 58 24 100 77 60 85 17 12 0 32 62 48 45 76 90 99 23 56 94 95 82 74 2 54 54 8 41 12 72 34 0 20 81 56 60 26 68 76 35 18 28 1 0 66 88 98 61 0 7 77 94 12
63 26 0 18 15 74 72 88 88 28 16 33 0 32 0 39 25 0 0 0 6 13 19 12 10 0 0 0 19 21 14 2 0 0 0 0 0 6 32 4 0 98 34 96 78 55 100 86 8 0 0 0 1 64 9 0 0 0 0 9 22 38 100 97 98 95 48 12 82 41 6 6 6 1 8 94 59 41 6 0 44 60 45 30 68 13 11 17 32 53 73 52 49 24 44 6
79 33 5 0 10 30 6 31 99 32 22 0 0 39 5 2 16 15 23 15 0 0 0 37 18 64 19 0 6 12 12 14 0 0 0 0 0 0 0 0 26 18 60 82 92 98 70 8 0 0 0 0 7 99 43 0 0 0 0 32 0 10 26 14 16 12 50 74 80 22 0 1 80 75 80 70 66 0 0 2 26 64 28 79 16 67 11 11 18 42 28 39 60 82 19 27
72 74 38 0 21 7 2 29 95 86 76 23 0 10 34 18 21 41 52 16 0 0 0 3 18 2 11 0 17 46 10 25 0 0 0 0 0 0 0 0 11 16 0 0 12 26 0 0 0 0 1 8 20 45 0 0 0 0 19 14 0 0 0 0 0 0 2 64 32 18 1 33 48 100 66 33 34 0 22 0 18 0 34 54 59 85 21 5 0 39 75 50 40 31 66 26
6 40 70 11 5 12 0 1 28 55 100 44 0 10 23 75 11 24 46 1 0 30 0 0 0 0 38 37 0 27 37 31 8 8 0 0 0 0 0 32 94 45 0 0 0 0 0 0 22 66 78 100 80 94 70 49 58 24 66 93 75 34 66 20 0 0 0 78 100 64 8 24 44 51 2 21 12 1 30 45 61 60 78 62 52 75 0 0 0 24 68 5 80 100 97 22
55 77 95 39 32 16 29 0 0 24 62 2 25 54 35 75 33 2 48 83 77 62 53 23 72 81 68 1 2 17 17 48 70 51 0 0 0 0 2 1 35 0 0 0 0 0 6 2 83 93 89 97 45 6 19 54 66 79 49 40 60 64 27 32 55 33 6 46 42 84 16 20 78 25 6 36 80 60 84 100 100 68 86 13 48 50 19 30 10 33 28 9 30 79 78 46
20 9 76 84 73 22 64 31 2 69 58 13 2 46 21 63 90 31 4 27 56 100 99 86 61 62 0 0 9 26 3 28 26 0 0 0 0 0 18 32 0 36 44 6 0 16 8 14 65 62 3 5 1 0 38 9 36 84 60 0 24 19 48 35 17 28 50 20 7 22 33 19 77 74 93 92 94 33 54 92 80 54 92 24 14 38 98 98 98 81 17 7 0 12 2 42
0 1 71 64 26 18 69 10 53 13 18 0 0 0 2 17 73 15 0 0 0 56 37 49 67 95 53 63 80 82 15 75 25 0 9 33 14 7 28 73 12 24 74 29 52 20 0 41 4 0 0 25 22 35 46 57 51 2 30 69 34 26 4 16 1 48 68 58 0 0 63 67 47 54 7 68 66 56 36 57 48 4 2 0 4 56 91 58 95 100 98 21 1 45 3 16
27 64 76 4 0 0 40 34 14 6 0 0 58 87 17 11 93 26 17 8 0 0 0 50 100 96 63 34 24 16 6 2 19 0 59 41 50 40 18 39 60 100 96 72 23 5 0 62 68 0 71 89 85 66 39 8 16 11 9 62 50 18 5 10 32 4 8 15 0 0 35 36 19 0 20 43 82 90 54 28 58 30 35 67 42 1 6 52 68 98 96 4 0 17 17 0
97 79 69 52 35 93 99 59 33 0 0 44 64 67 99 61 77 89 90 91 40 3 0 15 87 50 0 7 0 0 0 0 0 0 20 75 18 26 3 91 100 59 96 73 54 28 0 91 100 54 76 44 38 4 18 54 42 24 34 36 6 0 0 71 100 40 0 0 2 29 42 1 39 0 6 0 68 40 23 31 72 26 100 61 6 4 0 0 0 39 74 27 6 0 6 6
37 0 10 70 64 100 92 51 0 0 36 100 53 4 47 62 45 54 80 91 8 0 2 68 31 0 2 46 53 36 16 0 0 0 1 8 0 22 5 94 96 56 96 74 87 75 15 12 49 96 82 96 82 45 43 9 54 52 8 6 31 33 67 95 54 32 10 32 74 39 42 16 29 0 30 77 26 50 50 12 43 22 13 0 27 47 72 33 9 10 35 46 17 26 56 42
21 9 0 3 78 100 100 64 0 14 90 67 30 26 0 41 53 19 0 22 25 25 32 42 10 0 53 80 16 40 47 41 25 0 0 5 0 0 2 68 64 8 43 38 43 77 64 10 25 42 83 58 13 51 95 25 18 6 22 67 28 100 100 61 32 22 39 75 43 46 20 2 36 0 56 65 16 59 73 18 26 60 17 6 22 14 76 91 69 50 3 48 84 91 100 99
16 0 0 22 76 98 12 42 17 65 68 67 30 73 56 89 99 87 45 11 0 5 0 16 10 33 26 0 10 22 37 31 93 56 59 18 0 8 43 100 90 40 71 30 28 58 32 38 50 7 21 2 2 30 39 17 0 8 40 10 66 54 93 80 46 55 49 36 33 40 12 29 80 45 64 60 80 88 57 40 86 67 67 8 52 22 35 72 71 66 10 0 7 34 80 87
0 0 0 36 94 54 1 12 84 25 0 3 45 100 87 95 99 97 96 92 62 7 1 67 57 58 46 78 99 82 79 90 100 84 33 10 7 58 81 80 34 81 69 38 73 16 18 18 73 87 92 84 19 29 1 32 0 24 53 61 24 56 39 93 77 39 5 0 4 46 50 18 48 57 69 81 88 45 16 28 28 66 42 28 74 4 21 47 43 100 16 0 0 37 73 9
0 0 6 32 96 65 10 60 44 55 49 55 98 67 100 90 52 66 58 94 100 98 94 88 84 100 100 92 81 91 28 46 48 42 82 58 40 28 80 34 32 63 12 29 35 77 52 24 46 24 92 37 24 48 16 90 68 76 60 94 32 64 11 17 25 74 14 0 43 85 60 38 85 91 25 36 46 8 0 1 33 1 16 1 0 35 44 36 53 72 89 29 11 22 59 0
46 32 67 38 70 74 5 63 37 80 40 55 62 97 84 77 60 59 24 41 36 83 88 93 78 93 85 74 64 76 82 51 54 47 40 70 28 23 66 20 28 63 28 38 32 76 41 22 69 70 88 50 54 57 68 64 99 89 60 69 0 12 14 4 3 79 88 24 40 42 51 21 48 36 28 21 30 44 1 44 98 53 0 1 0 20 44 20 3 30 100 89 10 48 0 32
5 0 42 1 30 81 98 100 87 60 25 27 47 67 62 34 42 12 70 78 98 93 76 68 78 66 20 75 14 45 62 10 18 87 87 66 62 82 86 48 31 8 48 78 5 25 57 51 42 56 58 47 24 76 24 66 85 31 1 56 2 0 19 70 65 66 57 51 39 73 50 75 63 50 60 44 58 61 40 12 70 98 20 18 76 51 79 33 5 36 52 71 78 9 0 30
0 0 2 0 0 18 22 30 88 76 31 89 97 36 38 67 24 32 68 62 70 51 17 34 52 56 60 17 18 27 0 17 2 14 69 70 77 57 74 54 16 35 80 83 71 52 80 44 7 10 6 46 42 62 4 46 24 69 16 14 16 62 82 48 60 75 82 68 90 78 71 41 52 50 75 69 62 3 14 4 36 82 92 40 5 31 21 25 61 18 0 22 77 89 3 0
12 0 0 0 36 0 0 32 76 46 94 65 33 9 47 19 45 46 72 76 89 60 28 45 37 32 88 84 28 6 0 0 0 21 94 69 63 45 46 68 89 46 11 41 74 13 32 10 28 36 27 10 1 28 0 28 12 21 4 0 32 96 47 48 76 69 50 75 56 6 0 13 26 8 70 61 36 34 28 25 0 8 51 41 7 24 4 0 6 66 22 12 76 51 44 0
0 0 0 2 46 35 48 47 100 92 100 51 2 12 50 57 65 85 81 48 72 88 68 18 36 58 96 97 75 6 0 0 0 46 45 84 60 47 73 74 40 61 21 35 56 6 50 21 5 10 0 4 20 76 50 17 76 74 66 38 75 64 81 49 64 78 36 0 32 99 27 2 2 37 94 70 2 57 98 24 13 81 54 23 82 70 77 38 0 15 0 17 2 62 99 50
0 0 11 59 68 56 40 67 52 41 1 4 47 16 64 62 70 82 98 58 56 52 72 37 69 75 45 67 98 43 1 0 1 35 57 58 82 36 62 40 5 58 25 42 40 32 60 45 33 69 43 38 56 55 34 18 26 60 44 27 55 98 80 48 45 39 39 3 51 68 2 0 0 58 86 78 1 38 86 6 12 48 13 3 41 26 36 68 42 0 33 16 11 48 78 17
35 43 70 50 40 62 64 90 43 34 16 14 18 26 70 87 98 50 33 40 36 66 52 73 72 94 62 72 96 68 73 20 21 48 74 50 14 0 8 6 30 17 52 72 69 84 57 50 34 64 91 57 20 76 63 57 68 14 6 44 97 67 22 7 0 45 70 0 29 12 0 15 3 10 46 16 13 5 4 0 0 17 69 0 0 0 0 33 54 0 66 25 3 11 66 44
80 70 73 74 79 65 53 28 43 74 44 12 14 92 88 82 65 31 55 60 91 100 64 52 55 67 12 0 9 24 48 69 59 54 39 27 44 78 66 74 62 36 60 50 68 72 91 29 72 64 52 49 33 61 45 47 13 42 68 70 64 35 11 0 23 73 49 38 54 68 9 78 16 26 99 95 79 23 22 12 22 82 46 24 0 10 83 45 46 7 25 21 50 12 15 26
72 48 73 86 75 52 48 54 53 48 79 37 70 87 36 17 3 0 4 0 18 31 31 91 94 100 95 80 65 93 86 31 38 94 74 70 44 84 66 68 73 76 32 38 23 26 30 62 78 57 60 44 53 43 36 36 72 34 58 54 62 27 3 26 70 36 0 21 40 84 50 4 25 13 19 68 100 46 62 69 100 74 45 43 0 0 33 42 45 44 8 59 13 22 24 7
60 52 42 43 44 83 69 50 68 10 56 80 39 19 22 10 0 0 0 0 0 0 0 21 22 32 33 8 14 32 7 62 95 84 72 36 50 60 63 54 52 40 36 64 59 85 46 50 49 48 54 45 49 80 44 53 67 54 82 68 11 18 10 22 18 21 0 0 64 100 41 0 37 99 46 2 17 100 63 9 26 75 71 100 45 1 0 0 2 57 79 88 43 58 6 0
66 44 66 53 34 47 41 54 2 38 74 72 68 16 17 31 0 0 2 10 0 0 0 0 8 23 0 0 0 0 17 75 36 70 68 58 92 69 32 34 58 51 11 18 24 20 36 83 40 30 20 34 97 67 75 98 100 84 68 42 4 56 14 4 20 13 0 8 95 97 10 0 46 88 92 72 14 63 83 1 0 12 5 85 100 65 0 0 0 2 76 100 52 14 3 0
23 8 48 54 60 72 46 17 0 71 65 20 48 0 0 0 0 0 44 42 0 3 31 49 12 32 39 15 5 0 30 60 46 66 49 77 66 52 72 64 38 16 61 65 54 25 45 31 91 55 16 30 79 100 100 36 28 5 0 2 10 18 60 15 31 36 35 50 100 55 0 0 22 65 74 62 12 76 86 20 0 21 21 74 100 100 18 28 0 0 19 93 96 38 9 35
31 14 79 87 63 46 39 0 0 0 0 0 0 6 26 25 0 8 7 9 27 62 90 68 66 86 54 65 70 62 59 100 100 69 50 48 32 45 54 52 43 69 45 34 32 63 68 46 36 26 34 88 100 86 67 3 0 2 14 65 32 100 69 67 77 81 57 43 88 0 0 0 42 99 60 70 21 66 56 7 6 30 24 1 36 81 4 31 17 2 0 14 75 9 24 41
