data/habitatmaps/RS_maps/habitat_Turdus.torquatus_2019.asc
NCOLS 369 
NROWS 228 
XLLCORNER 479000 
YLLCORNER 73000 
CELLSIZE 1000 
NODATA_value -9 
[rows 60 to 119 of 228, columns 192 to 287 of 369]
0 0 0 0 0 0 30 4 0 0 14 0 0 0 0 0 0 0 0 0 0 0 0 0 0 0 0 0 0 0 0 0 0 0 0 0 0 0 13 30 9 0 0 29 0 0 0 0 0 0 0 0 0 0 0 0 0 8 35 43 19 0 0 0 58 67 51 4 23 39 32 70 63 36 39 36 22 4 18 0 0 0 0 10 47 0 0 0 0 0 0 0 0 0 0 0
0 0 0 0 0 0 0 0 0 0 0 0 0 0 0 0 0 0 0 0 0 0 0 0 0 0 0 0 0 0 0 0 0 0 0 0 0 0 11 26 0 0 0 10 0 0 0 0 0 0 0 0 0 8 21 25 36 31 45 27 15 0 18 32 91 75 78 22 27 38 54 59 22 0 6 7 45 99 51 0 0 0 12 28 13 0 0 0 0 0 0 0 0 0 0 0
0 0 0 0 0 0 0 0 0 0 17 0 0 0 0 0 0 0 0 0 0 0 0 0 0 0 0 0 0 0 0 10 28 5 0 0 0 0 0 5 0 0 0 0 0 0 0 0 0 0 0 0 25 41 4 51 25 52 53 35 12 0 5 13 57 46 10 0 11 10 47 63 33 66 69 11 46 20 11 21 64 24 52 35 0 0 0 0 0 0 0 0 0 0 0 0
0 0 0 0 0 0 0 5 2 0 38 0 0 0 0 0 0 0 0 0 0 0 0 0 0 0 0 0 0 0 0 0 31 6 0 0 0 0 0 0 0 0 0 0 0 0 0 0 0 0 0 10 53 32 0 0 0 7 6 47 35 0 0 2 0 0 27 45 0 13 16 45 42 20 19 27 0 0 11 44 12 2 68 32 3 0 0 0 0 0 0 0 0 0 0 8
0 0 0 0 0 1 28 5 30 0 0 0 0 0 50 0 0 0 0 0 0 0 0 0 0 0 0 0 0 0 0 0 0 0 0 0 0 0 0 0 0 0 0 0 0 0 0 0 15 15 2 29 20 15 0 0 0 5 27 28 60 17 0 0 33 0 14 41 0 28 61 41 21 77 92 19 12 28 1 35 25 59 21 0 0 0 0 0 0 0 0 0 0 0 1 74
0 0 0 0 0 0 39 0 0 0 0 0 0 0 36 9 0 0 0 0 0 0 0 0 0 0 0 0 0 0 0 0 0 0 0 0 0 0 0 0 0 0 0 0 0 0 0 0 16 20 4 46 78 36 0 0 0 0 0 0 0 13 37 44 0 0 12 30 0 57 33 30 98 100 100 88 17 62 60 53 51 28 0 0 0 0 0 0 0 0 0 0 0 0 40 26
0 0 0 0 0 0 0 19 16 0 0 0 0 0 0 0 0 0 0 0 0 0 0 0 0 0 0 0 0 0 8 16 0 0 0 0 0 0 0 0 1 0 0 0 0 0 0 0 0 0 58 90 95 62 17 0 0 0 0 0 0 7 30 12 0 4 8 0 9 39 46 99 100 96 91 89 85 28 18 24 0 0 0 0 0 0 0 0 0 0 0 0 0 5 54 0
0 0 0 0 0 0 0 0 3 9 34 0 0 0 0 0 0 0 0 0 0 0 0 0 0 0 0 0 0 0 0 0 0 0 0 0 0 0 19 19 12 0 0 0 0 0 0 0 0 0 6 60 40 58 80 22 0 7 0 0 0 0 0 0 0 57 39 47 60 35 100 89 43 34 82 100 95 42 20 0 0 0 0 0 0 0 0 0 30 3 24 0 0 59 58 6
0 0 0 0 0 0 0 0 0 0 0 0 0 0 0 0 0 0 0 0 0 0 0 0 0 0 0 0 0 0 0 0 0 0 0 0 0 0 0 0 0 0 2 36 0 0 0 0 0 0 0 40 49 77 46 47 2 28 2 0 0 0 0 3 35 41 21 26 59 58 62 8 0 21 81 41 34 24 0 0 0 0 0 0 0 0 0 7 2 0 0 0 0 1 23 0
0 0 0 0 0 0 0 0 0 0 0 0 0 0 0 0 0 0 0 0 0 0 0 0 0 0 0 0 0 0 0 0 0 0 0 0 0 0 0 0 0 0 0 0 0 0 0 0 0 0 0 3 1 5 25 31 0 9 59 6 0 0 0 0 0 28 26 42 0 0 1 0 0 31 68 80 52 26 0 0 0 0 0 0 0 0 0 0 0 0 0 15 0 8 19 0
0 0 0 0 0 0 0 0 0 0 8 2 0 0 0 0 0 0 0 0 0 0 0 0 0 0 0 0 0 0 0 0 0 0 0 0 0 0 0 0 0 0 0 0 0 0 0 0 0 0 0 0 0 2 53 2 0 23 60 56 5 2 0 0 2 22 20 9 9 0 0 0 0 47 50 40 0 0 16 0 0 0 0 0 0 0 0 0 2 19 20 69 19 20 15 0
0 0 0 0 0 0 0 0 0 0 16 7 0 0 0 0 0 0 0 0 0 0 0 0 0 0 0 0 0 0 0 0 0 0 0 0 0 0 0 0 0 0 0 0 0 0 0 0 0 0 0 3 51 6 71 27 0 49 23 5 81 56 12 0 13 49 23 55 1 0 0 0 0 5 8 22 36 8 34 0 0 0 0 0 0 0 0 0 0 30 69 53 0 10 0 9
0 0 0 0 0 0 0 0 0 0 0 0 0 0 0 0 0 0 0 0 0 0 0 0 0 0 0 0 0 0 0 0 0 0 0 0 0 0 0 0 0 0 0 0 0 0 0 0 0 0 0 0 3 39 53 39 10 35 11 31 32 3 1 0 5 2 34 6 0 0 0 0 0 43 93 100 77 24 0 0 0 0 0 0 0 0 0 0 0 18 77 65 13 5 34 55
0 0 0 0 0 0 0 0 0 0 0 0 0 0 0 0 0 0 0 0 0 0 0 0 0 0 0 0 0 0 0 0 0 0 0 0 0 0 0 0 0 0 0 0 0 0 0 0 0 0 0 0 0 48 40 47 0 0 0 0 52 17 40 0 10 0 0 0 0 0 0 15 16 49 79 89 59 9 0 0 0 0 0 0 0 0 0 0 17 66 63 94 24 26 92 56
0 0 0 0 0 0 0 0 0 0 0 0 0 0 0 0 0 0 0 0 0 0 0 0 0 0 0 0 5 16 0 0 0 0 0 0 0 0 0 0 0 0 0 0 0 0 0 0 0 0 0 0 0 22 32 0 10 0 27 76 65 74 48 52 13 0 0 0 0 6 0 23 71 83 88 42 30 7 1 5 0 0 0 0 0 0 0 0 42 100 99 57 26 100 100 91
0 0 0 0 0 0 0 0 0 0 0 0 0 0 0 0 0 0 0 0 0 0 1 0 0 0 0 0 36 36 0 0 0 0 0 5 0 0 0 0 0 0 0 0 0 0 0 0 0 0 0 0 6 3 5 0 42 57 48 4 0 20 45 13 0 0 6 2 26 25 35 29 45 65 50 85 78 86 69 7 0 0 0 0 0 0 0 55 95 100 100 73 71 100 100 100
0 0 0 0 0 0 0 0 0 0 0 0 0 0 0 0 0 0 1 34 41 39 63 70 86 62 32 37 37 4 0 27 7 39 47 2 3 9 0 0 0 0 0 0 0 0 0 0 0 0 0 2 79 9 0 24 56 11 0 0 0 0 0 3 0 8 68 71 98 52 60 61 23 49 3 73 91 69 17 79 5 0 0 0 0 4 36 84 100 100 100 61 100 100 100 92
0 0 0 0 0 0 0 0 0 0 0 0 0 0 0 12 41 43 77 93 85 100 100 100 100 81 46 26 0 4 19 67 96 68 3 65 61 49 1 0 0 0 0 17 18 0 0 0 0 0 0 10 44 0 0 23 29 0 0 0 0 0 14 95 25 17 8 10 4 0 15 36 48 67 44 93 8 62 100 42 3 17 0 0 0 0 14 48 96 73 90 72 100 91 86 67
0 0 0 0 0 0 0 0 0 0 0 0 0 0 6 70 27 47 43 82 88 55 98 66 41 3 0 0 0 0 3 32 98 53 41 95 65 0 0 0 0 0 0 5 0 0 0 0 0 0 0 0 0 0 0 23 3 0 0 2 7 12 22 57 45 8 0 0 0 0 0 0 0 41 100 97 16 59 76 68 36 14 0 0 0 0 0 2 64 88 72 84 66 67 46 81
0 0 0 0 0 0 0 0 0 0 0 0 0 0 0 0 0 0 0 8 36 39 50 28 26 17 11 16 0 0 0 10 59 76 100 38 47 17 0 0 0 0 0 0 0 0 0 0 0 0 0 0 0 0 0 0 0 0 0 5 19 10 0 0 32 0 0 0 0 0 0 0 0 6 64 55 71 38 0 33 48 10 0 0 0 0 0 0 10 62 89 89 36 49 63 72
0 0 0 0 0 0 0 0 0 0 0 0 0 0 0 0 0 0 0 29 30 93 30 0 24 0 0 1 0 0 0 0 23 56 39 34 0 36 0 0 0 0 0 23 47 44 10 0 0 0 0 0 0 0 0 0 0 0 0 0 0 0 0 0 0 0 0 0 0 0 0 0 0 0 27 70 5 54 73 66 67 22 0 0 0 0 0 0 0 50 54 78 73 50 87 93
0 0 0 0 0 0 0 0 0 0 0 0 57 16 0 5 32 4 0 0 0 17 0 4 35 0 0 0 0 0 0 0 4 9 14 1 13 80 65 2 0 7 38 61 28 3 0 2 35 14 0 0 0 0 0 0 0 11 0 0 0 0 0 0 0 0 0 0 2 15 4 0 0 0 23 75 8 69 92 1 25 9 0 0 0 0 0 0 14 81 48 82 69 79 57 95
0 0 0 0 0 0 0 0 0 0 0 0 34 68 0 5 73 12 0 0 0 0 1 64 61 0 0 1 2 0 0 0 68 37 57 25 17 54 69 57 0 8 33 64 38 34 49 42 52 26 0 0 0 0 0 0 0 29 2 13 1 13 0 10 0 0 0 65 75 34 0 0 0 0 3 57 83 24 44 44 56 23 0 0 0 36 0 0 63 100 90 91 71 58 65 61
0 0 0 0 0 0 0 0 0 0 0 0 13 76 0 0 34 40 0 0 26 50 6 82 38 2 8 48 24 16 4 8 47 0 1 72 67 41 13 38 1 0 20 59 4 1 25 63 31 12 12 0 0 0 0 10 40 53 4 43 8 72 12 59 18 36 87 82 23 36 6 0 0 0 0 1 27 3 0 57 13 0 0 0 0 15 27 0 49 64 61 54 32 1 6 73
0 0 0 0 0 0 0 0 0 0 0 0 0 47 74 58 69 54 0 0 0 8 11 87 97 41 39 77 76 49 0 3 5 16 65 35 67 66 65 66 0 5 92 61 58 21 0 54 64 68 56 0 1 0 0 12 52 59 44 33 21 82 13 88 73 74 76 64 37 29 0 0 0 0 0 0 2 24 0 0 0 0 0 0 0 6 2 9 46 76 11 29 40 54 43 59
0 0 0 0 0 0 0 0 0 0 0 0 17 69 58 39 44 7 0 0 0 7 48 45 99 39 62 100 35 35 46 85 11 14 50 5 39 98 61 88 2 28 45 16 41 9 48 42 21 64 3 0 41 1 58 69 45 99 83 59 26 29 74 85 71 31 46 28 42 54 14 25 18 0 0 0 0 5 17 31 15 0 0 0 0 0 0 0 0 0 8 6 0 20 1 6
0 0 0 0 0 0 0 0 0 0 0 0 0 24 64 55 8 5 0 0 0 25 67 93 42 70 16 63 100 66 40 42 92 19 2 33 3 48 82 22 69 36 78 49 56 28 86 33 1 15 50 3 14 76 69 100 100 62 100 94 17 87 86 97 53 0 0 5 44 80 79 95 100 95 31 0 0 0 0 41 37 0 0 0 0 0 2 9 0 0 13 38 31 21 0 54
0 0 0 0 0 0 0 0 59 20 0 0 0 0 61 15 0 0 0 0 4 37 50 73 17 41 17 90 100 92 70 94 57 0 57 59 10 14 44 65 10 60 20 59 45 74 77 57 59 71 34 7 17 23 43 72 50 89 80 44 82 100 71 26 0 0 10 59 78 54 100 100 76 98 88 38 78 9 0 0 0 0 0 0 0 0 4 94 98 36 11 67 82 85 84 12
69 9 0 0 0 0 12 68 58 56 25 0 0 0 56 7 0 0 0 0 17 52 13 64 55 37 70 100 76 100 51 52 18 22 63 32 0 14 4 51 45 81 44 100 17 78 39 24 4 2 4 0 0 0 26 92 86 94 7 97 100 100 64 93 70 0 0 37 52 82 87 41 43 59 46 41 49 56 0 0 0 0 0 0 0 0 0 5 70 42 43 48 79 64 22 62
28 0 0 0 0 0 68 20 0 6 46 0 0 0 10 5 0 0 0 0 0 0 10 62 67 69 98 82 84 85 71 9 42 8 46 0 0 49 21 63 14 29 72 39 3 36 54 64 0 0 0 0 0 0 14 100 100 76 50 48 70 100 100 94 27 4 0 16 44 77 69 5 73 93 93 56 33 15 20 0 0 0 0 0 0 0 0 0 0 48 41 64 19 51 24 27
0 0 0 0 0 30 34 38 45 39 69 53 4 0 0 0 0 0 0 0 0 0 60 100 73 37 100 49 28 70 22 0 10 38 27 0 0 8 18 17 22 23 41 61 65 95 32 0 0 0 2 3 0 0 0 67 63 55 100 51 53 71 34 18 28 68 17 46 55 89 66 3 67 53 62 73 26 14 45 0 0 0 0 0 0 0 0 0 7 69 83 63 2 31 49 82
0 0 0 0 0 2 0 12 38 55 11 75 81 26 5 0 0 0 0 0 0 0 50 97 85 71 92 56 71 72 11 19 52 3 4 6 37 12 0 34 22 0 0 0 0 4 0 0 17 46 73 48 7 0 0 20 39 47 100 73 58 62 12 5 8 49 0 51 95 16 27 65 44 12 46 59 20 60 39 0 0 0 0 0 0 0 0 0 0 0 10 76 6 0 0 7
0 0 0 0 0 0 0 0 7 71 40 0 16 55 28 0 0 0 0 0 0 0 0 39 86 32 28 18 62 81 51 51 33 21 46 44 42 0 14 90 100 21 63 57 69 57 37 54 58 71 62 25 10 0 0 17 38 0 88 100 36 0 0 83 28 63 17 28 75 36 60 28 22 86 64 18 94 76 54 0 1 36 8 0 0 0 0 0 0 0 0 63 61 36 0 6
0 0 0 0 0 0 0 0 0 5 43 0 0 6 74 12 0 0 0 0 0 0 0 0 45 4 37 56 81 48 30 63 35 66 24 44 100 25 60 100 100 23 18 28 72 88 90 69 97 100 45 20 3 0 0 75 94 81 100 97 62 63 67 74 61 63 62 40 15 40 23 20 0 0 19 34 48 100 62 0 22 72 100 44 1 0 0 0 0 0 0 48 81 41 16 23
0 0 0 0 0 0 0 0 0 0 0 0 0 0 7 0 0 0 0 0 0 0 0 0 33 53 18 0 12 18 9 32 13 3 46 92 36 13 20 92 73 0 10 8 5 72 66 24 59 93 30 97 23 0 0 5 2 32 90 31 43 63 73 33 56 53 38 19 15 32 37 8 0 0 11 95 87 61 23 3 26 100 100 81 2 0 0 0 0 0 0 34 32 22 24 0
35 50 41 22 0 0 0 0 0 0 0 0 0 0 0 0 0 0 0 0 0 0 1 2 0 0 0 0 0 0 8 0 14 35 60 11 57 40 56 100 100 24 13 91 42 87 100 97 98 31 4 4 2 0 0 55 73 14 5 0 0 60 1 68 23 38 10 23 52 25 68 21 38 44 37 100 100 100 99 90 74 94 78 15 0 37 21 0 0 0 0 0 20 0 0 0
32 7 0 0 0 0 0 0 0 0 0 0 0 0 0 0 0 0 0 0 52 80 90 70 53 21 0 0 0 26 50 22 3 24 31 45 39 0 45 98 55 26 29 36 75 100 100 90 68 0 0 0 0 0 0 86 50 88 10 0 0 45 0 59 61 60 0 43 27 0 20 83 100 100 73 100 100 100 100 88 31 0 6 2 1 89 3 44 41 3 0 0 0 0 0 0
38 6 0 0 0 0 0 0 0 0 0 0 0 0 0 0 0 0 0 0 19 17 9 32 38 84 72 17 0 0 0 0 49 64 72 92 0 0 39 61 89 100 57 97 100 100 58 22 3 0 0 0 0 16 7 74 69 11 93 17 0 0 0 0 34 15 0 20 17 38 84 100 100 91 94 56 24 98 100 73 11 0 0 0 0 77 4 13 0 0 0 0 0 0 0 0
0 0 0 0 0 0 0 0 0 0 0 0 0 0 0 0 0 0 0 0 0 0 0 31 30 38 47 90 39 45 12 50 47 69 64 41 9 0 6 41 99 100 100 100 100 97 57 57 25 0 0 0 23 60 0 39 95 51 100 10 0 0 0 11 63 34 50 52 90 100 100 100 72 5 81 27 69 100 75 45 86 72 93 21 5 78 31 0 0 0 0 0 7 0 0 4
0 0 0 0 0 0 0 0 0 0 4 2 0 0 25 12 0 0 0 0 0 0 0 0 0 0 33 55 59 50 17 100 77 41 0 0 17 10 78 100 100 100 95 99 100 76 25 52 20 0 0 27 98 90 47 74 32 49 11 23 0 0 42 88 85 18 0 26 65 67 73 88 76 32 56 100 100 89 89 51 23 56 43 0 61 80 10 4 0 0 0 0 59 27 0 27
0 0 0 0 2 0 1 16 59 65 26 30 10 0 20 7 0 0 0 0 0 0 0 4 19 9 16 53 46 20 14 100 100 100 32 26 0 52 100 100 100 91 17 77 100 77 10 14 0 0 0 52 96 100 100 77 26 71 34 67 6 0 41 33 9 0 53 57 73 71 31 2 0 23 32 43 97 51 62 75 29 10 9 1 86 42 43 19 0 11 0 1 73 65 0 16
56 2 0 20 30 0 33 51 72 79 11 27 36 1 16 2 0 0 4 60 82 68 46 97 88 64 58 79 87 13 19 84 100 64 71 5 20 95 62 65 58 74 77 97 54 2 0 0 0 0 86 10 27 100 96 19 15 79 22 76 17 0 26 0 0 17 84 100 78 21 56 56 38 0 3 26 25 39 67 100 82 72 46 31 92 11 20 0 0 6 27 14 91 86 2 53
95 26 0 7 5 33 68 37 23 13 53 57 30 22 34 5 0 0 0 62 1 6 44 89 4 44 100 99 69 18 48 32 39 12 35 30 41 42 16 22 46 50 100 100 100 22 0 0 0 36 64 80 45 49 71 72 26 38 19 33 0 4 4 0 9 17 90 80 83 98 100 100 98 34 6 21 22 66 100 77 55 79 21 59 71 26 77 22 0 0 27 5 87 57 40 59
20 0 0 0 53 40 49 50 74 77 48 17 10 0 0 0 0 0 0 0 0 0 0 14 2 30 36 62 20 0 46 1 0 0 14 0 24 58 29 33 60 97 100 90 31 1 0 0 10 0 20 77 23 72 100 73 0 0 0 0 0 0 2 31 55 46 64 79 100 100 100 100 100 100 77 60 71 59 28 31 20 12 46 100 77 32 31 0 0 0 0 12 57 78 94 43
48 6 0 1 26 11 65 64 49 7 6 0 0 0 0 0 0 0 0 0 52 71 46 40 69 91 31 0 8 19 36 10 13 56 84 0 0 42 100 100 95 75 25 23 7 0 0 0 16 0 33 54 8 70 34 36 0 0 0 1 13 36 72 95 67 99 100 100 100 86 81 100 100 100 100 99 100 98 87 100 54 78 100 100 62 2 64 48 0 0 0 0 61 100 100 66
58 25 0 47 94 22 90 93 9 0 0 0 0 0 0 0 0 0 0 0 59 59 82 9 0 9 48 25 50 36 21 74 72 92 100 6 38 97 100 86 17 3 45 97 75 71 3 0 0 0 2 45 35 24 0 0 0 0 1 53 68 45 73 100 100 100 95 100 89 16 25 93 82 96 100 100 100 87 83 100 65 100 100 100 51 50 96 47 0 0 0 18 72 64 100 100
12 0 0 33 12 12 30 73 13 8 14 12 44 2 0 0 0 0 0 0 58 55 80 48 2 4 6 72 83 75 100 67 20 14 22 1 80 100 54 2 30 84 92 27 34 67 2 0 38 81 63 58 88 100 24 0 0 0 40 89 98 94 92 100 100 97 59 98 53 32 34 18 30 95 100 65 90 100 100 83 81 100 100 99 17 87 82 0 0 12 71 20 100 99 100 100
0 0 0 0 0 0 40 46 32 43 26 73 30 0 52 68 41 26 0 0 0 37 18 0 12 8 0 21 84 78 87 100 97 35 43 55 100 81 22 64 91 88 43 5 43 49 0 38 98 100 100 100 100 100 77 82 70 38 82 100 65 96 100 100 96 28 64 55 58 83 58 25 10 81 94 75 42 100 95 58 100 100 93 30 58 83 43 0 0 14 92 58 80 75 100 100
0 0 0 0 25 38 47 45 0 0 42 38 80 38 100 100 48 44 0 0 0 0 0 0 0 0 0 0 0 0 2 23 42 9 33 85 52 36 65 20 42 93 52 72 37 12 0 99 100 100 100 100 99 65 100 100 33 20 100 87 49 97 100 100 89 80 31 0 19 0 43 61 32 73 38 83 50 86 53 89 100 76 21 46 100 34 4 0 0 28 50 69 18 3 36 31
2 16 40 83 56 62 76 75 46 75 50 41 77 100 100 88 20 99 30 0 0 4 56 57 0 27 23 14 0 0 0 0 0 26 12 38 99 64 68 55 92 58 100 93 85 28 56 100 100 69 90 78 100 90 100 100 88 85 100 100 99 91 63 36 0 6 78 10 15 24 4 33 59 100 43 58 98 46 30 59 47 5 35 10 10 3 0 0 0 0 55 51 0 0 0 0
58 94 39 39 14 14 100 100 100 100 72 76 96 100 90 48 92 86 14 0 4 17 11 25 69 59 88 78 61 36 37 40 43 56 87 97 100 100 100 73 31 67 100 93 58 67 100 100 100 100 100 79 100 100 100 100 100 100 100 88 39 6 0 0 0 14 100 55 36 66 19 33 64 94 2 0 57 49 17 49 29 13 0 24 0 0 0 0 0 52 73 9 0 0 0 0
32 63 37 97 100 97 60 76 100 59 55 21 65 100 61 84 40 39 0 0 26 63 58 2 32 12 32 52 57 30 97 40 60 46 92 100 57 87 55 20 50 99 47 83 56 97 100 100 69 100 100 100 100 63 55 68 84 52 12 50 8 45 76 63 59 46 98 71 42 2 3 27 97 80 7 0 10 38 0 0 0 0 0 0 0 0 37 36 0 4 71 24 0 30 0 33
0 45 48 57 61 20 60 100 75 63 88 66 68 77 14 15 5 18 8 0 39 94 100 74 21 45 100 72 0 60 47 85 84 100 100 100 4 9 11 39 96 30 45 41 76 100 100 100 45 100 100 100 100 33 60 37 5 17 29 33 0 0 9 43 83 98 27 55 68 6 20 79 17 6 49 0 0 0 0 1 0 0 0 23 26 4 89 48 10 0 0 0 0 10 7 68
2 0 0 21 53 6 92 100 95 45 7 10 19 46 18 72 96 100 39 38 9 27 94 77 84 98 100 86 7 92 77 73 100 87 89 66 5 0 3 74 100 91 100 78 70 100 100 100 60 100 100 79 83 86 44 62 81 51 90 100 45 0 46 14 9 77 59 53 69 74 94 93 73 44 58 23 0 0 15 77 44 41 66 95 99 96 81 56 28 42 76 45 44 23 54 61
40 15 0 33 47 64 100 100 84 0 0 14 60 92 100 100 79 54 3 53 14 0 58 100 100 100 100 82 7 52 45 96 75 44 70 8 0 0 36 89 100 83 100 72 95 81 80 100 97 100 99 83 10 4 0 35 81 69 12 34 81 4 16 53 36 50 0 25 97 75 52 31 85 42 10 0 0 0 0 52 80 80 94 100 100 100 51 14 17 81 87 70 70 40 59 75
24 0 0 0 43 80 100 79 17 1 65 91 100 95 72 41 0 0 4 62 46 0 0 46 75 62 77 100 70 61 96 74 78 86 95 30 7 32 97 100 100 30 82 64 75 40 56 100 100 95 68 25 10 0 5 63 28 65 0 21 90 50 91 65 42 0 0 5 11 0 87 54 20 16 0 0 0 0 0 12 72 74 59 100 100 67 49 19 0 12 46 31 98 25 28 87
40 61 58 44 15 4 13 51 5 0 35 96 100 100 33 37 94 70 55 82 100 68 0 0 26 95 46 82 80 69 100 84 68 83 92 54 49 82 100 92 69 100 24 6 63 76 100 100 100 36 59 41 0 3 33 79 0 56 25 57 82 53 86 87 6 0 0 0 0 30 95 8 0 30 3 24 74 13 22 11 33 15 54 88 84 48 81 74 0 12 46 23 10 36 50 46
17 14 20 60 93 40 0 15 32 24 72 100 61 67 75 59 100 100 100 80 86 61 0 0 30 100 100 100 100 98 99 84 59 77 100 68 61 100 87 52 36 100 56 80 97 100 100 100 100 100 80 100 91 8 3 35 31 6 8 79 57 50 53 68 49 63 0 0 0 0 2 0 0 0 0 12 35 68 73 24 39 90 10 0 41 68 64 96 22 0 35 14 0 0 2 29
37 0 0 36 65 64 11 57 77 100 94 43 43 10 46 100 100 94 46 72 66 85 28 22 73 95 100 82 85 58 24 8 4 38 94 94 61 100 50 28 43 100 100 100 100 100 100 100 100 89 69 35 98 31 0 0 0 1 0 25 7 0 18 14 0 2 1 26 22 50 24 0 0 1 45 38 90 63 94 48 41 88 22 24 84 43 3 48 89 53 18 44 0 11 16 5
86 23 13 33 97 96 76 90 87 44 58 67 49 35 95 100 100 93 81 54 50 78 30 26 90 83 47 26 38 43 82 60 26 3 74 100 100 67 34 53 57 100 98 83 100 88 71 81 52 10 46 67 64 12 14 34 10 0 3 31 38 30 0 0 0 0 1 76 43 61 93 70 66 70 100 86 37 98 45 87 45 5 23 68 90 55 23 92 85 85 73 42 36 20 36 34
