data/habitatmaps/RS_maps/habitat_Regulus.regulus_2011.asc
NCOLS 369 
NROWS 228 
XLLCORNER 479000 
YLLCORNER 73000 
CELLSIZE 1000 
NODATA_value -9 
[rows 126 to 188 of 228, columns 192 to 287 of 369]
0 0 0 0 0 0 0 0 0 0 0 0 0 6 2 50 96 83 58 96 43 0 0 0 0 0 0 0 0 0 0 0 0 0 0 1 29 67 29 31 91 90 20 92 61 100 50 1 22 48 2 0 0 68 7 0 0 0 0 0 0 0 9 36 57 68 100 55 0 0 0 1 33 77 48 3 0 15 33 42 39 41 33 7 50 100 66 59 69 66 58 55 43 0 0 0
0 0 0 0 0 0 0 0 0 0 0 0 0 0 0 10 61 62 52 26 0 0 0 0 0 0 0 0 0 0 0 0 0 0 27 92 77 32 21 57 86 58 10 29 53 95 49 1 0 0 0 0 0 12 0 0 0 0 0 0 0 2 18 30 86 100 100 80 0 0 0 9 33 97 31 0 0 0 0 0 8 30 43 72 62 74 97 82 39 30 78 58 71 6 0 3
0 0 0 0 0 0 0 0 0 0 0 0 0 0 0 0 67 45 66 5 0 0 0 0 0 0 0 0 0 0 0 0 0 32 53 46 1 90 100 15 0 0 1 8 53 93 95 24 0 0 0 0 0 0 0 0 0 4 3 0 2 17 14 73 86 79 100 63 14 0 0 24 30 87 6 38 26 3 0 12 62 100 92 63 100 100 100 96 29 54 86 20 82 50 12 66
0 0 0 0 0 0 0 0 0 0 0 0 0 0 0 0 55 62 54 0 0 0 0 0 0 0 0 0 0 6 1 23 26 26 76 4 57 89 72 68 0 0 0 3 49 24 83 5 0 0 0 0 0 0 0 0 3 36 14 3 61 51 52 72 46 9 87 57 0 0 16 37 58 57 0 36 47 44 60 74 89 100 65 98 52 47 48 72 96 57 39 34 37 82 64 80
0 0 0 0 0 0 0 0 0 0 0 0 0 0 0 1 55 65 20 0 0 0 0 0 0 0 0 0 19 26 2 30 18 70 47 55 68 21 28 64 0 0 0 0 0 39 52 50 0 0 0 0 0 0 22 29 75 31 43 61 100 100 73 81 4 0 21 2 0 0 7 89 18 33 61 1 42 75 50 62 48 96 97 94 68 51 76 100 100 73 83 74 33 31 52 81
0 0 0 0 0 0 0 0 0 0 0 0 0 1 77 76 67 46 25 0 0 0 0 0 0 0 0 1 11 20 66 47 56 98 77 51 25 39 16 40 0 0 0 0 0 0 41 69 2 0 0 0 0 7 43 86 20 13 78 80 37 100 59 37 58 9 0 0 0 13 31 45 0 1 14 0 22 0 0 0 2 65 100 71 18 14 85 74 86 41 39 62 26 40 55 70
0 0 0 0 0 0 0 0 0 0 0 0 6 0 0 56 39 13 0 0 0 0 0 0 0 1 37 35 45 22 38 95 47 73 27 70 41 40 0 14 0 0 0 0 0 0 27 56 1 0 0 0 0 0 7 7 58 88 44 20 11 86 50 68 35 0 0 0 0 43 52 11 0 0 0 0 0 0 0 13 59 1 81 90 58 0 13 5 60 84 34 12 77 100 100 100
0 0 0 0 0 0 0 0 0 0 0 0 24 0 0 0 0 0 0 0 0 0 0 0 0 13 9 8 2 0 0 9 0 1 0 5 41 61 1 0 0 0 0 0 0 0 0 16 2 0 0 0 0 0 0 48 74 66 14 0 1 51 98 67 0 0 0 0 0 34 6 0 0 0 0 0 0 0 0 14 24 3 8 73 97 22 0 2 15 82 87 28 93 100 87 79
0 0 0 0 0 0 0 0 0 0 0 0 0 0 0 0 0 30 3 0 0 0 0 0 0 0 0 0 0 0 0 0 0 0 0 0 59 81 21 0 0 0 0 0 0 0 0 0 0 0 0 0 0 0 35 98 32 2 0 0 0 40 100 28 0 0 0 0 0 0 0 0 0 0 0 0 0 0 39 37 13 0 43 100 96 24 0 0 1 14 87 86 39 64 33 13
0 0 0 0 0 0 0 0 0 0 0 0 0 0 0 0 0 2 0 0 0 0 0 0 0 0 0 0 0 0 0 0 0 0 0 6 45 8 0 0 0 0 0 0 0 0 0 0 0 0 0 0 0 0 49 66 4 0 0 0 0 7 44 46 0 0 0 0 0 0 0 0 0 0 0 0 0 0 18 45 34 28 79 61 4 0 0 0 0 3 53 95 8 47 58 3
0 0 0 0 0 0 0 0 0 0 0 0 0 0 0 9 6 6 10 5 0 0 0 0 0 0 0 0 0 0 0 0 0 0 0 0 57 0 0 0 0 0 0 0 0 0 0 0 0 0 0 0 0 0 6 7 0 0 0 0 0 27 22 56 0 0 0 0 0 0 0 0 0 0 0 0 10 29 85 97 65 5 74 50 0 0 0 0 0 2 62 57 4 8 68 66
0 0 0 0 0 0 0 0 0 0 0 0 0 0 0 16 1 0 0 1 0 0 0 0 0 0 0 0 0 0 0 0 0 0 0 0 6 0 0 0 0 0 0 0 0 0 0 0 0 0 0 0 0 0 0 0 0 0 0 0 0 0 25 48 0 0 0 0 0 0 0 0 0 0 0 0 0 2 8 73 77 29 100 51 0 0 0 0 0 39 79 55 1 0 82 97
0 0 0 0 0 0 0 0 0 0 0 0 0 0 0 0 0 0 0 0 0 0 0 0 0 0 0 0 0 0 0 0 0 0 0 0 0 0 0 0 0 0 0 0 0 0 0 0 0 0 0 0 0 0 0 0 0 0 0 9 44 90 57 0 0 0 0 0 0 0 0 0 0 0 0 0 0 0 7 99 63 64 86 8 0 0 0 0 0 61 87 30 2 0 22 74
0 0 0 0 0 0 0 0 0 0 0 0 0 0 0 0 0 0 0 0 0 0 0 0 0 0 0 0 0 0 0 0 0 0 0 0 0 0 0 0 0 0 0 0 0 0 0 0 0 0 0 0 0 0 0 0 0 0 0 68 84 40 46 6 0 0 0 0 0 0 0 0 0 0 0 0 0 0 7 90 89 90 83 0 0 0 0 0 0 0 6 46 70 24 28 65
0 0 0 0 0 0 0 0 0 0 0 0 0 0 0 0 0 0 0 0 0 0 0 0 0 0 0 0 0 0 0 0 0 0 0 0 0 0 0 0 0 0 0 0 0 0 0 4 30 3 0 0 0 0 0 0 0 0 45 40 1 0 0 0 0 0 0 0 0 0 0 0 0 0 0 20 59 27 12 42 89 99 71 3 0 0 0 0 0 0 0 22 68 99 98 30
0 0 0 0 0 0 0 0 0 0 0 0 0 0 0 0 0 0 0 0 0 0 0 0 0 0 0 0 0 0 0 0 0 0 0 0 0 0 0 0 0 0 15 36 22 0 32 46 8 0 0 0 0 0 0 0 0 22 14 0 0 0 0 0 0 0 0 0 0 0 0 0 0 0 37 68 6 74 92 37 90 100 99 23 0 0 0 0 0 0 0 49 89 30 89 96
0 0 0 0 0 0 0 0 0 0 0 0 0 0 0 0 0 0 0 0 0 0 0 0 0 0 0 0 0 0 0 0 0 0 0 0 0 0 0 0 11 12 70 43 64 24 17 63 0 0 0 0 0 0 0 0 0 0 0 0 0 0 0 0 0 0 0 0 0 0 0 0 17 43 76 80 88 83 100 88 87 83 54 16 0 0 0 0 0 0 0 86 22 0 45 89
0 0 0 0 0 0 0 0 0 0 0 0 0 0 0 0 0 0 0 0 0 0 0 0 0 0 0 0 0 0 0 0 0 0 0 0 0 0 0 35 95 54 71 33 81 37 28 9 0 0 0 0 0 0 0 0 0 0 0 0 0 0 0 0 0 0 0 0 17 24 18 42 17 22 91 86 35 12 47 1 21 95 98 19 0 0 0 0 0 0 4 18 0 0 68 62
0 0 0 0 0 0 0 0 0 0 0 0 0 0 0 0 0 0 0 0 9 24 5 0 0 0 0 0 0 0 0 0 0 2 0 0 0 0 0 14 53 52 77 90 11 12 0 0 0 0 0 0 0 0 0 0 0 0 0 0 0 0 0 0 0 0 0 21 63 76 48 82 66 92 29 7 0 0 0 0 0 75 59 2 0 0 0 0 0 0 0 0 0 0 6 79
0 0 0 0 0 0 0 0 0 0 0 0 0 0 0 0 0 0 12 33 45 83 10 0 0 3 0 0 0 0 0 0 0 20 36 12 0 0 0 48 51 6 8 25 36 56 2 0 0 0 0 0 0 0 0 0 0 0 0 0 0 0 0 0 16 19 0 8 33 10 9 8 6 47 0 0 0 0 0 0 2 80 19 0 0 0 0 0 0 0 0 0 0 0 4 91
33 2 0 0 0 0 0 0 0 0 0 0 0 0 0 0 2 19 32 85 58 62 1 14 56 42 9 0 0 0 0 0 0 14 80 35 11 0 36 85 70 43 5 0 84 15 0 0 0 0 0 0 0 0 0 0 0 0 0 0 0 0 0 0 62 40 30 35 0 0 0 0 0 0 0 0 0 0 0 0 13 96 61 2 0 0 0 0 0 0 0 0 0 0 41 58
34 28 0 0 0 0 0 0 0 0 0 0 0 0 18 28 72 29 8 31 17 64 53 57 66 71 11 17 1 0 0 0 0 0 4 26 41 60 58 54 80 71 85 47 0 63 46 0 0 0 0 0 0 0 0 0 0 0 0 0 0 0 0 0 0 16 2 0 0 0 0 0 0 0 0 0 0 0 0 0 16 70 74 46 3 0 0 0 0 0 0 0 0 3 84 93
37 35 3 0 0 0 0 0 0 0 1 2 34 2 39 64 84 81 85 58 13 53 71 75 54 57 22 76 47 3 0 0 0 0 0 0 10 26 11 12 3 66 100 60 0 64 76 0 0 0 0 0 0 0 0 0 0 0 0 0 0 0 0 0 0 0 0 0 0 0 0 0 0 0 0 0 0 0 0 0 0 0 0 36 96 62 49 0 0 0 0 0 0 0 15 21
0 0 2 0 0 0 0 0 0 0 5 31 48 47 25 51 5 0 0 3 48 64 70 96 68 39 20 30 32 61 11 15 5 9 0 0 0 0 0 0 0 1 53 96 6 56 69 18 5 0 0 0 0 0 0 0 0 0 0 0 0 0 0 0 0 0 0 0 0 0 0 0 0 0 0 0 0 0 0 0 0 0 0 2 69 57 0 0 0 0 0 0 0 0 0 0
0 0 0 0 0 0 0 0 4 39 37 65 38 1 0 0 0 0 0 0 7 48 35 41 62 93 88 68 51 93 96 60 50 68 74 23 12 0 0 0 19 28 0 15 12 38 72 47 50 0 0 0 0 0 0 0 0 0 0 0 0 0 0 0 0 0 0 0 0 0 0 0 0 0 0 0 0 0 0 0 0 0 0 0 45 63 5 0 0 0 0 0 0 0 0 0
0 0 0 0 0 0 0 0 55 24 61 18 0 0 0 0 0 0 2 2 0 0 2 0 7 32 18 61 65 76 90 77 81 60 71 43 87 11 0 0 49 57 11 0 22 52 96 49 28 0 0 0 0 0 0 0 0 0 0 0 0 0 0 0 0 0 0 0 0 0 0 0 0 0 0 0 0 0 0 0 0 0 0 0 2 69 53 6 0 0 0 0 0 0 0 0
0 0 0 0 0 0 0 9 13 0 0 0 0 0 0 0 0 1 28 74 55 12 0 0 0 0 0 10 80 58 52 70 64 36 28 55 33 61 19 1 12 12 0 0 38 88 74 0 0 0 0 0 0 0 0 0 0 0 0 0 0 0 0 2 0 0 0 0 0 0 0 0 0 13 17 14 0 0 0 0 0 0 0 0 0 5 50 57 34 0 0 0 0 0 0 0
0 0 0 0 0 0 0 24 0 0 0 0 0 0 0 0 0 0 0 34 19 57 8 0 0 0 0 0 18 86 88 44 77 55 15 35 26 96 20 14 16 0 0 11 48 98 54 0 0 0 17 35 3 0 0 0 0 0 0 0 0 0 1 36 17 0 0 0 0 0 0 0 0 45 42 11 0 0 0 0 0 0 0 0 0 0 18 0 26 7 0 0 0 0 0 0
0 0 0 0 0 0 0 0 0 0 0 0 0 0 0 0 0 0 0 0 28 34 44 28 0 0 0 0 2 38 74 99 87 69 61 50 45 100 44 12 14 14 42 34 48 100 72 7 0 0 2 76 62 38 3 0 0 0 0 0 0 0 4 49 36 0 0 0 0 0 0 0 8 66 36 1 22 33 7 0 0 0 0 0 0 0 0 0 0 0 0 0 0 0 0 0
0 0 0 0 0 0 0 0 0 0 0 0 0 0 0 0 0 8 1 0 0 13 51 79 40 17 0 0 0 13 68 83 73 60 69 79 79 85 75 20 0 51 96 45 50 96 100 86 6 0 0 71 61 2 0 0 0 0 0 0 0 0 9 77 99 18 0 0 0 0 0 0 14 29 29 42 27 57 6 0 0 0 0 0 0 0 0 0 0 0 0 0 0 0 0 0
0 0 0 0 0 0 0 0 0 0 0 0 0 0 0 0 15 58 61 0 0 12 77 65 52 0 0 0 0 52 88 16 46 53 99 90 83 89 87 68 1 17 89 93 74 62 95 97 60 10 30 40 37 2 0 0 0 0 0 0 0 0 3 68 32 34 7 0 0 0 2 19 89 58 66 66 57 51 0 0 0 0 0 0 0 0 0 0 0 0 0 0 0 0 0 0
0 0 0 0 0 0 0 0 0 0 0 0 0 0 0 0 3 0 56 0 2 73 94 92 52 0 0 0 0 2 13 0 0 3 86 94 53 80 48 95 71 2 78 100 96 76 56 85 89 79 65 2 22 62 7 0 0 0 3 24 7 1 1 70 76 76 64 14 1 0 3 24 10 0 70 77 69 67 25 0 0 0 0 0 0 0 0 0 0 0 0 0 0 0 0 0
0 0 0 0 0 0 0 0 0 0 0 4 16 0 0 0 24 65 17 0 3 54 56 81 29 0 0 0 0 0 0 0 0 4 84 94 86 83 83 72 87 82 37 98 76 76 52 62 60 32 41 86 100 94 64 2 0 0 34 73 14 0 1 50 55 64 69 58 18 0 0 0 0 0 40 77 19 15 0 0 0 0 0 0 0 0 0 0 0 0 0 0 0 0 0 0
0 0 0 0 0 0 0 0 0 0 0 31 23 0 1 0 0 71 27 30 18 30 94 95 20 0 0 0 0 0 0 0 2 55 73 68 67 58 83 69 74 66 57 59 75 83 55 32 45 71 100 100 97 54 28 1 0 0 53 76 3 0 0 0 21 80 42 49 52 0 0 0 0 19 86 60 38 72 48 0 0 0 0 0 0 0 0 0 0 0 0 0 0 0 0 0
0 0 0 0 0 0 0 0 0 0 1 39 10 8 7 0 0 7 85 50 64 37 98 35 0 14 55 31 0 0 0 6 72 100 86 93 69 90 82 45 82 57 100 60 62 77 52 3 81 96 84 63 61 73 0 0 0 3 89 96 16 0 0 0 34 70 22 49 52 0 0 0 0 2 58 69 46 88 86 31 0 0 0 0 0 0 0 0 0 0 0 0 0 0 0 0
0 0 0 0 2 0 0 0 0 0 0 19 68 8 9 0 0 4 38 55 99 88 76 84 8 32 88 44 0 0 0 0 8 44 44 54 80 100 99 43 49 56 96 99 86 96 46 14 97 75 71 13 11 5 0 0 0 29 98 93 55 1 0 1 69 93 26 71 52 0 0 0 0 2 45 47 54 77 2 0 0 0 0 0 0 0 0 0 0 0 0 0 0 0 0 0
0 0 0 0 52 1 0 0 0 0 0 8 77 16 11 3 0 0 0 4 80 99 54 49 39 39 43 4 0 0 0 0 0 0 0 12 67 82 98 94 49 59 63 52 98 68 15 82 97 72 52 54 87 66 13 0 0 32 97 53 3 0 0 0 31 85 18 75 86 0 0 0 0 0 7 80 35 54 12 0 0 0 0 0 0 0 0 0 0 0 0 0 0 0 0 0
0 0 0 10 46 56 1 0 0 0 0 0 61 14 13 4 0 0 0 0 62 77 2 64 62 100 57 0 0 0 17 52 36 14 0 0 0 30 87 96 91 58 5 0 22 54 4 38 100 100 91 68 39 97 94 28 1 53 87 54 2 0 0 13 93 100 18 91 59 0 0 0 0 0 22 77 23 43 27 21 0 0 0 0 0 0 0 0 0 0 0 0 0 0 0 0
0 0 0 5 55 59 2 0 0 0 0 0 33 11 13 0 2 21 15 4 41 32 7 98 46 57 36 0 0 0 0 12 55 46 40 0 0 36 87 78 94 92 58 7 13 75 27 51 92 55 58 92 96 88 40 5 5 79 54 73 28 0 0 37 100 98 60 100 59 1 0 0 0 0 15 60 13 41 68 50 8 0 0 0 4 0 0 0 0 0 0 6 11 6 29 38
0 0 11 69 49 81 19 0 0 1 14 0 11 75 98 52 0 52 18 77 18 0 55 99 31 0 0 0 0 0 0 0 62 39 77 0 0 3 17 42 94 86 42 82 43 13 2 92 40 1 0 9 58 32 0 0 1 70 70 73 66 1 0 43 100 88 43 48 81 58 1 0 2 64 51 57 4 22 70 6 0 19 42 50 62 3 23 36 47 48 63 56 86 32 68 31
0 0 0 0 53 59 30 0 0 2 33 67 80 38 20 69 58 19 1 4 39 75 75 50 16 0 0 0 6 2 0 52 49 86 52 0 0 0 21 14 81 42 70 96 84 20 0 84 92 43 0 0 4 0 0 0 0 72 80 82 37 2 30 91 99 43 77 85 98 98 49 0 13 98 95 66 8 8 52 19 6 38 65 36 67 14 74 63 71 48 33 14 7 16 10 53
0 0 0 3 43 66 32 0 0 0 8 42 14 0 0 34 46 40 6 78 96 92 85 75 17 0 0 0 0 63 83 46 45 23 7 49 42 0 0 79 76 60 100 100 92 7 5 75 100 32 3 9 0 0 0 0 31 70 86 77 8 0 23 54 63 24 99 100 100 50 67 0 0 69 89 100 16 12 63 44 0 5 6 28 2 0 14 15 34 3 6 21 86 98 98 90
23 8 26 91 76 100 21 0 0 0 0 0 0 10 0 0 44 58 11 100 100 98 79 71 3 1 17 1 0 5 66 68 81 19 15 8 12 0 8 74 92 81 66 75 68 8 4 57 100 89 92 100 59 3 0 1 74 58 50 74 32 0 10 55 29 60 100 93 25 59 12 0 0 2 2 75 58 36 11 1 6 9 4 4 17 19 32 49 67 88 97 100 85 97 70 1
49 41 29 75 90 100 57 0 0 7 3 46 59 96 40 0 24 12 27 100 100 92 68 8 0 28 70 7 0 0 0 20 70 21 55 11 0 0 23 11 64 74 26 56 58 50 0 50 89 95 100 96 42 0 0 1 66 64 68 93 2 0 47 35 5 80 100 100 85 70 0 0 4 68 68 90 62 67 27 1 39 52 30 20 37 54 94 92 69 97 97 61 25 62 35 12
0 2 87 75 67 13 9 0 1 15 34 63 100 95 94 22 18 4 62 100 83 48 0 0 0 44 68 43 52 46 13 10 22 13 44 28 5 0 0 0 7 0 62 80 91 67 2 15 80 96 100 100 96 13 0 0 45 26 88 69 0 8 76 7 39 100 100 99 100 68 4 1 10 84 42 20 2 0 0 4 3 72 59 95 98 96 89 57 74 70 15 0 0 0 0 0
0 57 99 29 0 0 0 0 14 45 54 78 97 50 28 27 7 59 32 25 21 29 57 1 6 9 53 78 46 28 38 44 35 28 93 90 14 0 0 0 0 0 2 31 57 83 54 9 42 80 100 97 25 4 0 19 93 58 57 48 0 41 49 4 75 100 100 72 46 0 0 0 70 97 84 3 0 0 0 11 16 29 98 96 38 63 57 0 0 0 0 0 0 0 0 0
20 89 66 22 0 0 0 2 66 60 43 91 45 18 83 88 95 63 68 4 0 1 5 0 4 0 0 15 63 72 41 13 10 61 94 49 3 17 23 25 20 4 2 58 70 36 36 20 2 26 84 66 0 0 0 49 99 72 62 68 28 33 5 26 94 94 68 48 0 0 0 3 42 74 43 0 0 0 1 12 9 92 100 46 0 4 7 0 0 2 32 33 0 0 0 0
85 56 35 4 0 0 0 12 42 80 45 49 12 86 96 70 60 45 100 69 30 6 0 0 0 18 57 15 0 27 74 79 47 58 66 0 35 49 22 32 58 0 70 59 54 92 87 46 0 0 32 96 18 0 24 53 100 64 99 74 43 26 0 61 97 31 24 23 0 0 0 8 43 58 48 1 1 0 0 0 8 10 55 22 0 0 0 0 0 24 97 25 0 0 0 0
96 57 4 0 0 1 2 56 96 37 77 86 100 62 26 17 26 52 97 31 75 53 13 0 0 32 33 22 40 1 10 82 95 30 0 0 8 32 14 92 34 0 30 55 90 100 88 54 0 0 0 68 58 4 23 100 99 69 100 69 53 2 20 98 76 3 0 0 0 0 0 19 64 52 20 76 49 2 0 0 6 21 37 7 11 0 34 53 57 86 97 7 0 0 0 0
89 20 0 0 3 46 91 99 60 92 39 36 57 26 2 0 0 40 60 72 73 77 88 34 6 46 46 36 24 2 0 19 94 74 1 0 38 10 44 34 1 0 6 59 98 85 56 71 13 0 0 15 95 33 28 100 56 36 89 84 35 1 67 71 46 44 27 0 0 1 55 99 65 47 96 71 1 0 0 0 4 12 25 45 49 0 17 56 74 100 86 6 0 0 39 0
92 96 0 0 32 96 82 87 90 68 0 0 0 0 0 0 1 33 49 39 48 83 42 39 9 0 0 3 28 30 33 0 49 93 71 5 8 54 77 40 19 0 1 37 86 72 60 74 64 2 0 0 38 84 39 100 86 48 20 18 0 18 98 91 88 100 83 8 0 42 86 7 82 41 88 24 5 13 1 0 0 1 34 61 44 2 65 77 63 73 52 0 0 25 72 13
95 71 1 0 14 28 48 7 5 20 28 0 0 0 0 0 17 30 1 0 0 0 39 42 74 38 0 3 74 87 80 42 0 56 91 92 73 17 45 92 90 81 36 0 2 88 100 99 85 68 36 0 35 53 56 92 95 34 44 13 0 36 60 58 29 52 98 34 0 40 11 33 61 10 20 86 97 22 0 0 0 0 54 71 68 1 66 42 8 0 0 0 0 34 74 45
72 70 0 0 0 0 0 0 0 0 4 11 38 40 15 17 30 34 43 35 9 23 78 86 85 82 37 20 48 56 24 0 0 1 22 66 57 2 45 92 24 10 16 0 0 26 44 60 84 83 77 3 0 19 37 0 12 7 6 1 6 26 80 97 96 17 9 49 12 0 3 0 2 1 0 0 13 68 29 0 0 3 0 32 49 19 12 30 74 34 0 0 0 0 38 44
88 100 46 32 67 4 0 0 0 0 2 38 72 52 46 27 29 25 74 78 72 65 57 42 61 76 81 4 0 0 36 59 13 0 0 0 0 0 58 45 0 0 0 0 0 0 2 18 85 81 83 22 0 0 0 3 16 7 4 6 62 99 78 50 85 16 0 4 1 0 0 0 0 0 0 0 0 13 31 38 50 -9 0 3 2 1 35 44 37 1 0 0 0 0 0 2
100 54 0 49 86 1 0 0 0 0 0 11 61 80 86 96 89 85 88 51 5 36 44 4 38 32 57 45 8 0 23 19 2 0 12 51 45 53 19 13 48 8 0 0 0 0 5 19 44 35 37 43 3 4 41 75 86 83 77 78 28 16 75 99 80 6 0 0 0 0 27 26 7 0 1 8 2 10 84 100 37 -9 -9 2 2 10 12 16 10 2 0 0 0 0 0 0
99 42 0 65 86 37 37 44 0 0 1 16 0 7 1 17 83 54 96 88 30 50 66 21 69 61 84 83 83 30 34 27 18 0 0 13 76 83 26 83 62 40 39 12 2 8 14 74 83 68 46 35 1 21 61 62 83 94 84 83 81 40 13 39 9 0 0 0 0 0 7 11 6 0 3 8 0 2 36 59 -9 -9 -9 -9 -9 11 15 12 5 1 19 31 0 0 0 11
29 58 66 94 83 87 61 14 7 14 80 90 52 56 10 12 49 2 21 78 98 57 54 61 38 86 79 60 26 6 56 43 81 33 23 21 2 13 26 51 67 73 56 33 23 57 55 82 67 36 5 6 9 78 73 42 6 66 94 92 95 85 45 37 2 0 0 0 0 0 0 0 0 0 3 10 2 8 31 69 -9 -9 -9 -9 -9 -9 10 6 46 84 53 18 0 0 0 38
4 7 76 66 14 68 36 0 4 78 100 91 26 25 14 7 18 50 40 39 46 2 0 0 24 16 0 33 42 38 10 52 58 53 65 39 70 39 22 36 25 40 17 57 83 68 71 37 9 0 0 0 31 94 88 93 78 86 100 95 100 92 93 91 15 0 4 1 0 13 12 8 4 0 8 15 0 8 4 30 -9 -9 -9 -9 -9 -9 -9 -9 -9 -9 0 0 0 0 0 36
0 66 73 91 4 0 0 0 9 45 41 85 96 100 92 80 95 100 100 92 90 66 59 76 76 55 0 0 2 47 40 24 64 19 39 29 5 33 52 0 0 0 0 2 11 8 0 18 21 0 0 0 2 13 67 96 93 98 96 16 48 98 93 80 3 0 11 15 1 13 13 12 38 6 10 4 0 1 0 0 -9 -9 -9 -9 -9 -9 -9 -9 -9 -9 -9 -9 -9 -9 -9 54
66 48 54 72 7 0 2 0 20 17 39 79 34 92 91 95 99 95 95 99 82 72 75 83 83 83 18 1 3 1 5 22 36 12 0 0 0 23 2 0 0 0 0 0 0 6 3 4 1 0 0 37 72 83 56 27 77 37 33 10 0 12 16 16 0 1 35 23 6 2 4 9 0 0 10 6 0 0 0 -9 -9 -9 -9 -9 -9 -9 -9 -9 -9 -9 -9 -9 -9 -9 -9 -9
80 59 95 63 0 16 52 2 71 22 10 8 1 73 37 56 45 9 14 25 6 2 47 40 22 57 59 53 44 38 13 0 0 0 0 0 0 0 2 0 0 0 0 0 0 0 0 0 0 0 9 60 43 16 0 3 7 0 0 14 51 0 0 0 2 0 7 12 5 2 1 3 2 11 11 0 0 0 -9 -9 -9 -9 -9 -9 -9 -9 -9 -9 -9 -9 -9 -9 -9 -9 -9 -9
57 92 97 81 4 39 72 49 71 31 46 48 53 12 32 23 0 0 7 68 78 16 36 44 50 88 78 88 83 80 62 0 0 0 0 0 0 0 4 3 0 0 0 0 0 0 0 0 0 17 25 33 74 67 74 62 69 74 33 44 44 4 2 0 9 11 12 16 13 7 14 15 4 2 1 1 0 0 -9 -9 -9 -9 -9 -9 -9 -9 -9 -9 -9 -9 -9 -9 -9 -9 -9 -9
90 93 98 49 32 81 91 80 84 72 73 87 83 91 74 0 0 0 2 34 62 62 44 78 83 82 30 53 66 68 79 23 0 0 0 0 0 0 0 0 7 6 23 2 2 3 28 42 50 65 87 58 91 92 73 16 50 41 58 0 0 0 3 6 6 14 11 11 25 21 0 4 3 0 0 0 0 -9 -9 -9 -9 -9 -9 -9 -9 -9 -9 -9 -9 -9 -9 -9 -9 -9 -9 -9
