data/habitatmaps/RS_maps/habitat_Fringilla.coelebs_2008.asc
NCOLS 369 
NROWS 228 
XLLCORNER 479000 
YLLCORNER 73000 
CELLSIZE 1000 
NODATA_value -9 
[rows 61 to 121 of 228, columns 96 to 191 of 369]
21 33 62 78 45 42 71 95 93 86 72 80 83 50 68 95 97 98 56 68 66 75 72 62 37 52 67 58 51 61 76 38 36 71 32 43 49 33 11 28 4 51 35 84 75 96 62 100 92 36 49 8 26 46 26 46 58 1 60 93 38 26 40 52 67 85 76 20 41 58 73 91 49 71 53 39 80 70 45 90 64 46 35 0 29 43 44 44 70 26 4 65 17 2 4 5
19 89 65 27 70 62 71 60 56 36 41 43 30 89 92 97 55 15 70 92 89 95 65 58 69 61 51 51 54 73 64 84 71 57 60 64 49 9 16 39 1 1 89 76 83 62 100 74 18 4 40 24 50 75 22 66 25 11 89 57 52 5 45 100 75 63 60 59 29 71 40 26 54 17 37 25 50 22 25 27 83 64 40 0 55 93 37 18 42 77 43 63 0 10 23 9
77 76 18 40 27 32 34 90 100 86 79 96 100 45 47 71 48 55 65 44 86 75 61 41 29 18 32 14 69 66 67 81 59 93 76 56 55 68 78 86 92 96 93 88 76 69 49 7 8 37 35 64 80 79 75 83 52 93 98 83 53 49 24 66 93 96 90 72 26 29 30 32 68 29 19 24 79 50 25 39 55 85 49 0 14 47 1 24 32 41 35 10 16 34 56 16
44 19 36 13 3 55 68 51 56 73 35 36 70 63 75 86 85 58 33 84 87 48 25 13 24 57 53 80 75 72 25 54 50 87 78 96 79 83 96 90 97 99 24 27 45 0 0 0 33 55 55 69 57 65 19 37 34 74 100 78 55 97 93 70 74 94 87 23 22 92 81 1 76 80 75 27 44 31 51 5 61 55 33 0 0 52 0 0 41 53 29 8 21 65 35 9
5 20 24 64 84 40 31 9 10 21 40 45 60 52 67 69 77 71 91 37 40 31 35 69 56 55 60 94 69 5 17 46 66 87 82 63 45 63 43 44 52 57 78 75 80 0 18 34 53 80 15 48 40 69 58 81 62 44 100 74 25 84 50 52 59 62 87 36 68 51 57 2 63 86 8 8 13 43 53 0 41 41 71 39 0 15 4 21 33 77 29 26 28 91 84 7
50 46 24 51 67 54 48 50 66 80 89 76 58 59 33 36 50 97 100 82 64 79 90 60 68 72 98 50 40 90 100 100 57 56 77 54 67 94 24 20 11 42 35 0 8 15 9 94 100 37 74 11 12 41 70 95 97 96 78 9 21 87 86 60 37 81 91 69 12 57 37 1 22 57 29 44 21 72 24 14 60 100 97 44 0 27 51 6 0 67 31 7 0 19 69 50
20 46 46 46 63 47 59 86 61 66 49 51 66 39 35 40 69 91 87 70 44 65 80 59 38 93 100 98 84 80 61 77 95 82 20 61 28 57 47 23 72 63 10 54 57 73 76 72 99 36 18 51 96 78 37 88 45 100 100 26 39 62 75 65 18 43 32 34 73 67 60 10 14 8 50 64 49 22 92 63 68 85 76 87 25 20 51 88 35 43 99 16 0 28 17 59
33 34 58 43 60 55 35 34 38 63 74 73 37 57 24 12 31 60 56 43 80 47 76 96 72 83 87 100 88 100 100 98 88 71 40 22 52 51 45 2 51 29 71 86 73 100 60 50 45 36 61 59 6 54 58 100 95 39 34 5 19 20 22 40 31 80 42 74 63 57 27 28 20 47 14 88 59 58 33 95 59 81 59 20 57 0 46 35 19 22 52 31 27 2 23 42
21 47 71 78 70 41 71 24 48 52 10 15 72 61 59 71 50 68 100 100 98 73 64 51 84 91 100 100 92 92 90 54 39 82 67 42 63 65 8 0 18 48 39 35 63 60 37 13 32 77 98 12 34 85 65 67 45 24 37 23 30 34 87 78 13 46 74 77 78 96 22 4 0 56 26 22 9 76 16 27 35 70 27 0 61 18 17 11 18 10 6 35 12 18 32 17
37 22 58 50 30 13 27 23 30 28 52 27 46 90 82 81 79 57 21 48 56 54 60 94 100 100 41 50 39 49 45 67 94 69 89 50 25 28 7 0 33 85 54 34 93 11 9 26 71 64 90 37 56 92 84 31 23 74 44 53 46 85 74 50 62 1 38 68 72 76 15 4 19 5 5 22 5 32 56 42 21 32 0 25 64 32 62 73 0 0 39 77 33 11 27 10
62 55 30 50 93 22 77 25 44 91 100 95 94 49 51 51 41 46 99 79 92 100 79 70 56 20 22 37 38 96 98 69 100 45 21 27 47 32 47 20 33 60 52 56 25 49 46 63 68 41 71 73 64 100 92 4 3 10 9 25 26 51 22 25 47 48 40 86 81 36 3 10 17 5 72 51 26 3 36 17 37 15 5 3 75 32 9 36 50 27 17 58 42 2 10 21
29 36 53 57 54 47 81 72 76 74 23 37 59 88 90 61 49 80 98 94 100 100 17 59 4 38 43 0 26 32 84 90 73 55 45 79 59 21 72 80 84 57 20 44 26 95 71 10 16 81 97 94 69 71 23 0 0 58 18 31 29 35 3 58 7 51 68 11 30 11 11 44 26 2 4 50 16 8 35 0 2 51 57 15 33 15 0 2 30 8 6 44 61 29 14 27
56 28 26 25 92 99 84 71 79 93 83 72 66 86 61 56 97 98 100 70 95 100 84 77 22 31 29 0 0 0 11 53 78 83 36 61 74 6 28 52 100 42 64 57 40 33 46 27 33 47 66 35 75 26 24 51 0 52 56 3 27 0 20 82 78 83 89 38 22 17 0 39 18 33 0 43 18 13 15 0 0 0 19 35 39 26 6 0 0 15 26 19 84 31 0 0
18 21 51 13 40 95 80 64 91 71 64 53 76 86 35 53 54 14 93 80 76 100 28 4 0 24 0 0 9 66 52 73 59 61 30 75 42 34 46 26 25 22 43 39 98 77 10 23 17 23 26 73 83 86 54 18 0 25 7 24 0 6 26 56 66 78 76 100 35 38 41 54 27 59 71 10 0 17 16 0 13 8 20 22 64 21 21 0 19 14 0 9 34 16 0 0
74 51 61 76 65 62 58 74 80 81 56 68 7 38 100 97 89 76 46 91 5 15 15 0 0 15 10 3 20 49 97 57 74 76 75 22 74 25 41 18 55 27 12 51 36 27 18 8 42 57 11 14 58 57 37 39 50 24 54 33 3 13 10 1 28 25 13 42 48 50 12 22 0 36 54 39 30 49 34 0 49 76 8 33 72 0 0 0 41 14 0 30 27 50 10 1
33 58 54 58 74 92 92 34 40 86 65 75 67 85 50 43 61 64 21 3 0 0 0 14 20 47 49 26 85 85 48 81 25 62 65 76 64 43 20 63 71 37 12 66 22 40 59 85 57 49 33 19 39 62 43 17 39 71 49 17 18 9 5 20 28 5 55 0 0 0 1 26 2 7 39 86 29 7 19 22 36 35 7 6 0 0 22 20 8 74 10 0 5 33 29 53
51 65 35 17 30 71 84 96 75 65 80 92 79 82 78 61 60 46 33 0 0 0 0 36 55 64 53 87 91 39 29 35 42 67 84 49 43 33 55 22 80 30 62 15 28 64 83 25 43 74 23 33 30 16 38 7 86 44 30 35 0 31 29 3 75 33 37 4 0 0 7 41 34 16 11 39 19 0 0 20 22 4 8 20 0 26 1 6 18 56 22 3 6 28 12 5
48 22 18 27 58 50 40 30 21 82 100 91 53 25 84 83 31 0 0 0 0 19 45 79 80 70 83 73 54 61 29 45 64 42 92 61 70 44 55 10 22 30 72 56 37 34 19 10 27 2 0 22 42 27 80 83 46 12 22 20 7 4 31 32 10 45 14 8 22 3 53 65 52 0 12 10 3 0 0 20 10 0 8 10 47 0 0 23 20 22 9 63 20 25 0 0
78 38 32 72 55 76 33 86 62 100 100 100 67 72 82 21 3 21 11 23 37 29 42 97 62 20 0 1 32 35 40 45 47 28 59 96 65 36 46 2 9 12 32 63 47 17 38 50 18 31 7 32 68 10 5 15 17 11 15 11 9 17 11 23 31 35 6 18 58 9 19 55 11 0 19 2 8 34 0 0 0 16 27 31 16 25 14 23 38 2 10 16 8 0 0 15
91 50 34 45 91 89 79 88 94 87 57 78 98 64 22 27 26 35 55 97 71 56 21 48 39 54 2 32 76 71 16 12 68 23 18 78 4 11 57 45 52 19 70 23 44 35 55 44 5 33 41 29 23 58 16 20 24 30 24 16 55 73 41 26 36 30 27 16 53 0 21 7 9 1 0 0 7 35 0 0 0 41 16 12 0 0 8 0 13 4 22 50 27 0 35 3
29 65 78 78 56 79 99 86 31 34 86 98 61 18 8 3 38 80 86 53 72 26 35 84 82 31 4 70 93 14 0 34 93 94 5 65 36 65 15 53 61 61 34 32 27 34 12 43 14 57 35 26 20 33 20 70 29 24 8 2 16 38 26 61 31 76 63 18 77 25 38 26 0 0 0 2 0 0 14 0 0 35 22 16 0 36 38 20 3 0 3 38 23 52 44 35
81 44 2 45 51 96 63 10 23 88 76 59 75 47 32 40 42 24 15 28 40 2 14 18 22 56 36 37 17 20 52 52 31 22 15 69 0 17 9 35 22 64 47 33 21 51 64 19 43 49 15 0 24 20 57 45 28 41 14 18 8 22 20 21 19 69 94 41 20 8 2 0 2 28 45 15 3 0 0 23 20 19 26 12 20 4 11 20 48 21 35 7 6 24 6 4
9 20 51 61 78 44 3 5 60 45 98 51 61 100 59 29 24 28 40 9 34 11 28 97 61 22 0 0 22 34 54 45 13 0 27 12 0 14 39 30 30 18 84 25 16 21 48 20 59 33 8 4 86 65 25 26 47 26 11 1 0 3 11 19 11 51 31 43 24 19 0 20 18 19 2 35 19 0 30 31 7 38 23 9 47 16 0 9 28 18 27 38 71 8 34 26
5 55 97 60 27 0 0 60 5 55 65 67 49 76 51 53 90 62 14 90 86 69 73 12 4 0 0 0 51 2 19 5 24 7 0 0 8 36 91 45 71 66 21 33 30 58 27 0 37 18 27 1 7 62 4 0 16 24 25 0 0 9 2 0 13 9 0 19 25 5 0 6 16 12 0 21 47 16 5 36 25 27 50 3 39 10 19 93 64 44 0 32 55 64 42 15
56 67 62 53 14 0 0 17 50 86 64 6 13 4 18 18 54 42 27 24 40 10 5 6 1 30 32 29 29 42 67 29 5 31 57 29 19 68 74 92 82 63 80 75 41 46 58 36 10 2 36 24 24 0 1 0 2 1 6 59 18 3 34 23 12 7 2 0 24 29 18 0 0 27 2 1 35 44 10 10 5 33 25 8 22 0 27 94 49 39 0 55 72 68 55 8
95 55 16 1 0 0 0 32 62 89 57 11 0 0 87 79 62 55 48 93 20 1 4 29 43 64 56 58 44 70 58 39 22 65 34 45 97 35 23 71 92 46 30 36 54 72 31 28 8 9 22 0 0 0 0 0 39 0 14 83 14 18 41 16 24 6 17 0 14 40 29 26 0 2 0 0 15 59 14 30 11 0 29 1 0 7 21 59 100 58 29 45 48 75 68 11
42 0 8 3 0 0 24 57 58 48 16 0 0 41 45 98 49 39 40 94 16 50 37 52 32 47 73 39 82 64 26 37 18 28 56 32 32 41 61 66 46 43 2 12 32 2 6 7 29 44 3 19 46 31 0 0 14 9 32 20 16 3 26 30 12 41 14 0 22 53 62 29 23 40 0 0 64 60 0 0 0 0 31 37 0 4 0 60 51 62 68 53 52 80 36 61
13 0 4 0 0 1 46 52 26 11 22 0 8 52 2 40 70 46 26 14 21 15 15 55 41 26 51 26 29 35 84 79 3 12 69 25 42 28 32 76 73 37 35 48 50 29 25 3 0 0 28 34 81 8 12 22 44 16 64 25 44 8 35 32 1 25 33 31 68 32 32 70 41 62 21 6 28 21 17 38 34 40 0 0 0 0 7 28 53 87 39 83 52 31 41 71
0 0 0 0 6 53 25 7 17 32 0 4 29 61 15 14 0 24 26 48 50 16 63 31 1 40 19 25 12 24 56 14 0 23 65 28 51 21 58 85 84 22 32 73 33 22 22 16 0 24 21 19 50 67 71 68 76 77 78 73 56 2 47 20 5 37 45 47 50 49 71 59 71 28 14 40 38 44 59 61 41 25 17 1 48 6 51 75 91 95 70 26 43 77 100 94
0 0 11 43 83 39 9 38 5 5 0 8 40 61 65 0 0 25 0 21 40 29 20 16 69 59 63 7 42 29 67 22 20 50 28 12 53 17 67 94 61 0 19 18 13 11 5 26 23 4 25 23 37 20 54 78 66 55 81 76 75 29 31 47 37 32 59 39 56 64 30 44 38 28 36 24 54 61 59 35 14 55 41 0 0 16 64 71 52 61 77 21 4 7 39 65
40 55 75 44 53 7 51 32 9 0 4 46 67 53 1 35 6 11 35 65 47 35 30 18 4 34 16 0 33 19 4 26 40 13 57 28 87 73 51 73 45 20 66 21 6 6 27 18 19 20 1 22 34 56 88 73 70 70 62 64 57 46 31 51 72 49 64 38 54 73 38 25 33 18 39 50 48 20 30 9 16 63 18 59 67 43 79 52 89 100 39 85 92 23 1 32
59 64 89 57 0 28 30 0 7 0 4 60 28 18 40 13 11 49 32 75 52 64 77 76 34 14 11 0 10 31 36 21 54 28 55 77 42 49 45 66 53 34 24 3 23 26 13 29 78 60 35 38 55 51 83 80 86 53 61 53 87 34 41 63 82 75 89 83 58 63 30 49 26 15 58 30 5 37 28 0 12 47 25 38 44 81 56 74 60 56 64 71 74 31 0 0
35 36 55 20 17 20 0 0 0 61 34 39 30 1 25 83 93 73 93 71 37 26 64 28 11 61 64 0 26 58 47 25 69 80 24 59 64 40 35 21 33 48 19 28 32 36 13 29 47 11 15 12 62 86 75 89 100 74 74 61 78 76 61 94 92 75 79 60 58 56 39 38 1 0 49 17 66 49 51 22 15 37 57 83 83 99 76 68 71 29 64 73 22 29 0 0
24 10 3 16 25 0 0 0 19 56 10 17 70 58 89 100 70 49 52 40 23 12 63 27 15 27 56 51 65 39 86 77 81 59 44 42 32 32 75 89 27 65 55 76 46 0 41 23 22 17 36 19 37 48 69 74 77 63 66 83 86 86 89 100 97 94 95 72 51 45 63 38 0 7 42 34 48 74 48 45 68 58 98 37 33 95 74 84 94 89 68 33 38 52 0 0
15 0 12 0 1 0 0 5 81 69 4 39 24 24 39 50 75 18 19 56 48 20 19 19 13 88 85 85 84 88 98 100 67 34 31 82 46 32 24 45 20 14 9 54 37 36 53 38 27 52 53 47 73 45 69 73 77 99 80 91 79 68 100 93 80 83 79 86 50 28 82 24 42 39 40 14 43 40 63 96 68 55 88 91 53 91 95 73 100 95 51 46 20 8 0 18
0 23 52 13 0 0 0 29 63 57 18 44 36 10 64 22 17 12 5 21 10 14 22 9 35 33 68 41 62 72 61 36 52 80 94 56 42 64 39 29 62 26 35 15 5 28 10 16 16 56 42 45 51 59 77 78 33 98 76 62 68 34 98 65 100 100 91 84 45 55 75 7 37 3 12 58 67 68 88 72 52 82 71 49 58 90 71 45 90 66 28 73 0 0 24 78
24 55 3 0 0 0 0 0 60 15 24 34 29 65 81 2 21 50 49 38 31 3 43 40 48 79 83 19 75 39 56 76 74 66 81 87 64 11 59 51 52 27 37 30 21 29 58 28 9 25 35 23 58 76 61 50 38 61 83 69 59 40 73 68 92 84 67 88 61 60 39 14 39 19 16 19 54 95 79 100 68 78 47 61 71 75 22 0 58 41 25 55 21 31 44 39
0 0 0 0 0 0 79 46 63 57 34 45 28 65 72 45 38 22 55 48 79 21 39 66 88 100 100 75 96 86 33 48 52 44 44 23 34 53 34 35 38 22 24 18 0 0 25 64 47 27 22 49 50 43 57 57 68 61 64 40 63 46 34 93 93 65 41 60 44 41 23 33 39 96 96 54 22 47 94 95 45 44 28 40 52 1 2 4 75 83 58 88 52 68 58 63
60 2 0 0 0 0 29 4 0 9 20 67 41 20 31 60 47 18 27 43 85 91 100 100 90 80 42 34 25 34 25 13 21 35 12 0 20 31 61 43 48 16 11 0 20 15 65 39 18 1 50 53 46 32 58 47 88 53 57 57 44 66 69 81 59 77 75 57 31 1 2 0 40 60 68 41 68 38 50 67 41 69 92 59 52 39 37 32 97 28 2 3 26 44 18 72
48 79 6 0 0 32 2 11 34 11 24 33 25 18 43 52 39 43 14 26 93 100 94 63 52 43 50 27 97 97 73 53 56 58 39 42 30 39 35 55 42 47 0 8 12 37 44 33 16 40 36 69 23 58 57 61 59 68 65 39 74 59 35 23 32 34 17 24 46 44 18 41 77 32 55 52 63 35 56 93 35 63 79 77 67 63 80 75 28 1 28 67 32 8 7 57
0 55 35 47 15 41 34 36 31 43 38 38 27 71 37 63 15 8 35 42 66 100 61 83 39 58 86 83 62 96 61 49 26 24 26 1 33 42 25 50 14 35 44 40 45 46 46 39 20 16 43 62 37 46 41 25 44 83 40 49 75 70 66 61 37 7 4 30 45 45 39 36 74 41 46 28 32 50 57 70 69 85 60 88 62 96 50 33 31 23 44 11 14 18 25 16
9 45 38 0 0 0 28 37 28 37 35 1 25 36 43 56 2 15 19 7 36 72 86 81 93 100 100 100 52 90 76 62 19 10 22 6 4 0 28 31 19 68 54 28 96 89 83 27 3 39 36 55 41 18 30 51 51 40 48 66 77 55 79 64 6 36 22 4 11 28 65 47 56 25 36 32 23 52 53 60 87 52 77 68 74 58 46 35 45 59 33 5 32 31 10 9
77 13 27 11 1 72 28 6 20 29 47 22 6 13 48 70 37 68 66 35 49 88 98 89 92 96 87 75 97 78 75 47 42 4 71 40 41 8 12 13 13 11 0 21 44 66 48 42 31 35 58 68 38 33 19 76 37 63 73 64 49 69 62 29 10 17 22 35 21 59 74 34 58 1 37 61 52 87 84 75 90 98 81 55 78 41 3 48 55 94 61 68 75 17 9 16
51 25 9 64 63 76 12 61 15 36 12 0 5 43 48 71 99 64 81 32 36 35 49 74 81 42 43 34 21 68 60 23 32 38 29 30 35 48 23 33 11 13 26 21 31 52 49 0 39 76 55 74 54 51 18 52 43 60 77 80 57 55 48 22 6 51 20 76 59 74 59 25 16 44 43 65 37 90 63 74 79 100 94 67 95 43 19 11 19 85 47 51 44 3 13 77
27 12 24 38 55 9 3 14 24 57 5 8 27 69 96 66 41 59 57 1 54 14 62 68 73 40 60 51 0 22 24 4 11 7 31 17 20 2 4 16 43 13 7 6 62 20 47 20 27 29 28 64 49 65 63 62 79 65 48 64 58 49 44 12 41 40 62 56 49 61 41 0 0 15 26 74 66 71 80 89 61 68 83 98 58 50 17 18 18 17 37 75 52 12 9 43
48 37 32 0 0 24 58 59 34 97 70 11 6 43 87 24 3 9 55 16 41 10 28 62 73 60 33 31 13 47 20 22 19 37 0 33 18 6 28 52 45 43 47 58 21 18 23 15 39 28 41 25 55 59 55 52 73 60 32 50 54 19 7 56 53 63 36 48 7 48 54 9 4 3 7 44 44 27 94 90 22 40 38 19 3 19 58 31 75 25 9 73 32 45 80 59
22 21 5 2 48 81 16 14 31 59 34 26 1 42 48 82 59 57 45 6 23 24 31 30 19 4 44 28 85 70 7 49 47 34 23 0 7 66 91 33 2 36 14 43 15 21 45 54 38 64 11 42 56 30 41 40 35 47 82 60 34 37 27 47 81 14 30 54 33 2 26 2 0 10 17 41 59 61 39 52 8 12 2 0 4 41 68 49 0 0 34 43 50 12 40 82
31 22 14 0 12 66 19 41 23 19 7 14 34 18 64 2 3 25 26 56 60 67 15 55 33 72 30 24 53 52 36 50 48 10 16 27 18 34 28 34 7 40 29 48 35 42 24 43 53 48 55 40 74 28 27 54 40 57 65 13 36 60 53 50 80 46 34 44 55 25 52 56 30 66 5 36 77 60 67 45 6 21 26 65 22 7 24 15 8 9 72 40 39 6 40 78
37 14 37 46 0 1 36 13 4 21 18 8 1 11 36 22 18 38 32 14 15 0 17 13 18 3 10 6 31 35 42 50 91 48 76 0 7 11 89 24 17 3 62 63 82 66 55 15 27 47 78 42 15 41 73 62 37 53 54 16 21 26 67 33 42 38 19 43 29 49 84 57 68 29 42 39 28 79 100 74 26 35 27 8 0 36 19 0 31 55 45 17 2 1 54 81
55 49 50 18 0 0 0 3 0 10 2 34 70 30 10 36 1 28 60 53 31 0 0 22 2 0 0 10 44 31 47 6 69 68 22 10 23 50 34 6 42 52 93 81 60 44 39 57 30 32 33 43 11 70 80 53 65 43 43 52 24 57 68 31 52 50 61 74 36 19 52 59 58 82 78 84 11 73 44 20 45 85 9 0 19 50 14 49 84 70 42 51 11 18 79 33
70 38 25 6 0 8 24 8 24 12 49 12 4 3 17 1 8 52 24 34 69 13 11 32 18 0 1 8 77 24 49 3 21 25 4 20 7 33 14 42 91 86 77 59 7 38 42 35 55 42 53 27 33 42 54 71 47 66 39 49 47 90 100 76 65 38 6 36 43 2 56 69 70 47 86 94 97 100 59 23 4 34 0 18 49 60 84 76 82 59 47 75 29 20 87 61
42 32 4 0 16 66 70 10 1 37 21 6 32 33 8 50 89 14 6 16 62 34 47 10 8 41 67 31 25 15 46 30 40 24 16 55 68 54 24 97 44 38 29 14 33 73 68 46 36 46 75 27 63 43 53 45 42 56 57 36 74 74 95 63 28 4 0 6 41 22 59 68 90 29 50 71 78 91 69 33 4 17 19 63 66 85 63 52 35 62 45 48 13 66 93 75
0 8 0 27 28 59 16 0 0 32 42 10 8 14 34 31 61 23 7 69 59 5 8 10 34 19 2 29 23 18 4 21 40 31 47 32 48 88 88 51 54 34 18 14 56 25 64 69 31 37 30 1 73 24 31 46 63 25 21 42 48 54 64 39 0 0 34 11 29 65 28 83 67 33 86 97 27 48 5 63 35 38 74 85 45 79 43 0 66 14 40 21 0 1 13 97
11 6 22 10 0 16 1 0 0 17 29 0 0 0 30 49 31 13 55 52 67 56 19 39 30 52 90 27 32 5 0 8 7 33 16 46 75 28 21 25 34 32 62 84 3 40 80 62 36 52 52 7 16 43 35 5 23 4 64 57 26 62 46 2 0 21 48 44 32 49 61 34 6 46 85 31 56 97 56 50 23 58 100 98 24 3 0 25 73 29 38 8 0 0 7 89
30 52 33 35 34 25 12 7 6 0 48 61 25 0 21 15 53 44 64 9 0 6 54 6 2 26 2 22 5 30 24 0 20 23 25 34 33 17 28 53 77 41 36 44 32 15 46 17 25 9 47 61 70 61 41 43 2 7 27 46 17 28 27 12 0 8 51 30 53 37 54 46 0 19 5 0 34 49 88 81 20 96 100 97 45 41 0 56 81 39 21 0 0 0 26 65
42 32 76 77 50 47 0 5 61 17 33 54 27 14 0 51 15 5 10 1 0 17 51 12 0 0 0 10 54 39 46 19 21 5 28 41 17 30 24 68 31 33 2 0 46 41 54 50 28 15 63 100 77 95 92 95 57 45 13 22 25 8 24 70 3 2 16 35 26 60 83 45 4 48 52 42 0 29 88 63 36 61 94 54 81 67 23 0 24 66 44 3 0 0 0 15
64 27 76 56 79 91 37 29 24 11 12 47 38 0 0 89 65 0 22 1 0 21 26 37 80 48 3 10 15 0 20 3 19 5 31 40 50 73 74 74 63 51 56 36 0 6 9 37 62 88 85 56 49 82 43 36 35 60 69 58 30 17 46 73 38 69 55 79 60 31 37 16 21 1 3 1 0 1 52 57 13 43 69 15 69 77 5 6 53 51 51 0 0 0 0 0
92 73 70 34 75 17 18 3 28 4 3 58 23 0 7 90 49 0 0 0 0 5 35 22 64 100 56 1 0 6 21 3 9 58 9 54 69 62 55 43 12 0 6 12 40 53 54 20 48 54 50 46 20 42 58 50 54 31 41 4 9 25 25 53 54 39 35 1 15 1 0 0 18 0 0 0 0 11 81 41 33 31 68 42 67 17 0 0 54 66 17 0 0 0 0 0
24 89 97 100 45 0 16 4 56 32 29 11 18 15 50 38 20 25 32 34 9 26 47 72 64 56 53 52 32 9 25 19 30 38 23 1 46 91 56 46 23 47 38 45 39 26 59 82 52 55 45 18 30 56 31 31 14 0 5 1 3 10 54 66 82 48 4 2 0 0 0 0 0 0 9 0 4 71 64 39 71 97 68 34 70 0 0 0 34 16 0 0 0 0 0 0
28 49 56 66 75 18 0 2 18 0 3 13 0 18 55 11 13 22 23 0 3 22 11 47 91 59 95 98 43 4 7 0 30 11 12 25 12 86 64 52 75 82 40 40 5 40 23 74 37 50 57 40 26 36 43 33 54 26 63 22 9 75 99 64 58 1 0 0 0 0 1 1 9 43 82 35 5 28 100 69 77 57 4 5 5 0 0 0 0 0 0 0 5 49 17 0
39 43 41 72 73 34 46 12 0 10 21 21 0 13 47 11 8 5 15 45 77 91 97 100 100 94 100 100 20 7 64 0 15 7 7 42 27 82 85 64 81 46 4 4 36 39 51 57 77 71 68 52 9 27 5 9 65 70 74 56 59 36 23 76 46 0 3 33 39 55 75 73 84 44 72 93 73 59 66 86 57 71 66 5 0 0 0 0 0 0 0 0 53 82 6 0
