data/habitatmaps/RS_maps/habitat_Prunella.modularis_2008.asc
NCOLS 369 
NROWS 228 
XLLCORNER 479000 
YLLCORNER 73000 
CELLSIZE 1000 
NODATA_value -9 
[rows 0 to 58 of 228, columns 192 to 287 of 369]
100 100 72 79 85 84 97 38 51 86 98 89 63 70 27 52 21 39 10 96 37 35 7 9 0 27 2 21 0 0 2 58 70 56 -9 -9 -9 -9 -9 -9 -9 -9 -9 -9 -9 -9 -9 -9 -9 -9 -9 -9 -9 -9 -9 -9 -9 -9 -9 -9 -9 -9 -9 -9 -9 -9 -9 -9 -9 -9 -9 -9 -9 -9 -9 -9 -9 -9 -9 -9 -9 -9 -9 -9 -9 -9 -9 -9 -9 -9 -9 -9 -9 -9 -9 -9
100 100 72 12 22 40 70 17 21 44 21 1 0 8 44 38 0 0 48 94 56 28 12 0 2 35 16 39 0 32 23 85 20 78 2 2 10 -9 -9 -9 -9 -9 -9 -9 -9 -9 -9 -9 -9 -9 -9 -9 -9 -9 -9 -9 -9 -9 -9 -9 -9 -9 -9 -9 -9 -9 -9 -9 -9 -9 -9 -9 -9 -9 -9 -9 -9 -9 -9 -9 -9 -9 -9 -9 -9 -9 -9 -9 -9 -9 -9 -9 -9 -9 -9 -9
100 84 3 2 0 0 5 27 37 71 88 56 28 94 91 29 14 0 73 45 4 37 60 0 24 50 9 59 0 3 33 20 11 71 46 5 0 4 -9 -9 -9 -9 -9 -9 -9 -9 -9 -9 -9 -9 -9 -9 -9 -9 -9 -9 -9 -9 -9 -9 -9 -9 -9 -9 -9 -9 -9 -9 -9 -9 -9 -9 -9 -9 -9 -9 -9 -9 -9 -9 -9 -9 -9 -9 -9 -9 -9 -9 -9 -9 -9 -9 -9 -9 -9 -9
50 21 6 27 8 32 12 43 30 75 32 11 16 86 62 65 43 11 51 3 0 0 4 30 15 76 20 1 0 9 0 0 0 3 49 33 0 0 18 0 -9 -9 -9 -9 -9 -9 -9 -9 -9 -9 -9 -9 -9 -9 -9 -9 -9 -9 -9 -9 -9 -9 -9 -9 -9 -9 -9 -9 -9 -9 -9 -9 -9 -9 -9 -9 -9 -9 -9 -9 -9 -9 -9 -9 -9 -9 -9 -9 -9 -9 -9 -9 -9 -9 -9 -9
0 0 0 7 27 13 90 43 5 63 0 0 16 72 24 14 18 14 11 14 10 0 10 62 1 25 60 71 1 0 0 0 0 0 0 27 4 0 4 0 35 -9 -9 -9 -9 -9 -9 -9 -9 -9 -9 -9 -9 -9 -9 -9 -9 -9 -9 -9 -9 -9 -9 -9 -9 -9 -9 -9 -9 -9 -9 -9 -9 -9 -9 -9 -9 -9 -9 -9 -9 -9 -9 -9 -9 -9 -9 -9 -9 -9 -9 -9 -9 -9 -9 -9
6 0 0 26 4 8 46 64 72 27 0 13 92 92 40 2 7 7 12 64 52 45 35 33 28 24 51 17 0 0 0 0 37 0 0 20 0 30 23 15 0 38 -9 -9 -9 -9 -9 -9 -9 -9 -9 -9 -9 -9 -9 -9 -9 -9 -9 -9 -9 -9 -9 -9 -9 -9 -9 -9 -9 -9 -9 -9 -9 -9 -9 -9 -9 -9 -9 -9 -9 -9 -9 -9 -9 -9 -9 -9 -9 -9 -9 -9 -9 -9 -9 -9
44 13 0 54 72 62 34 93 48 13 21 0 96 100 72 62 22 0 0 8 71 37 25 3 16 10 44 61 3 0 0 0 32 0 0 17 0 15 63 35 0 56 23 -9 35 100 98 91 76 62 2 0 0 1 9 -9 -9 -9 -9 -9 -9 -9 -9 -9 -9 -9 -9 -9 -9 -9 -9 -9 -9 -9 -9 -9 -9 -9 -9 -9 -9 -9 -9 -9 -9 -9 -9 -9 -9 -9 -9 -9 -9 -9 -9 -9
48 25 18 56 65 79 0 29 44 55 48 4 73 100 100 98 78 48 2 0 32 63 2 0 0 9 84 85 31 0 2 43 0 0 36 5 33 44 67 11 9 49 56 27 36 76 68 40 89 100 58 1 0 0 0 20 5 0 0 -9 -9 -9 -9 -9 -9 -9 -9 -9 -9 -9 -9 -9 -9 -9 -9 -9 -9 -9 -9 -9 -9 -9 -9 -9 -9 -9 -9 -9 -9 -9 -9 -9 -9 -9 -9 -9
32 39 43 30 47 33 29 47 37 90 68 2 36 97 90 48 52 69 79 29 0 0 0 0 4 0 17 20 0 0 0 0 0 0 36 93 98 82 60 61 70 50 60 49 38 11 33 29 19 60 100 56 6 0 0 0 3 0 0 6 14 18 4 9 33 62 2 0 -9 -9 -9 -9 -9 -9 -9 -9 -9 -9 -9 -9 -9 -9 -9 -9 -9 -9 -9 -9 -9 -9 -9 -9 -9 -9 -9 -9
36 64 36 13 16 38 56 92 40 36 10 0 51 80 58 65 45 83 100 74 52 35 21 8 72 25 0 0 0 0 0 47 4 2 2 32 76 66 89 67 56 24 10 38 87 13 6 61 49 49 62 29 22 35 4 0 0 0 0 0 46 58 77 64 57 99 54 0 0 0 35 40 -9 -9 -9 -9 -9 -9 -9 -9 -9 -9 -9 -9 -9 -9 -9 -9 -9 -9 -9 -9 -9 -9 -9 -9
19 89 49 95 14 77 51 39 0 16 8 25 72 100 83 78 16 80 95 52 49 20 45 22 3 0 0 0 0 0 3 7 51 11 0 0 8 20 83 19 2 0 0 17 63 67 21 21 35 63 60 70 79 82 88 8 0 0 0 0 22 87 77 79 45 71 72 20 0 0 0 11 57 48 -9 -9 -9 -9 -9 -9 -9 -9 -9 -9 -9 -9 -9 -9 -9 -9 -9 -9 -9 -9 -9 -9
3 40 100 65 37 28 8 0 0 13 63 100 88 100 98 82 63 63 71 22 26 10 67 2 0 0 0 7 23 46 11 50 25 28 0 17 72 89 27 6 0 0 0 0 0 8 0 87 61 56 74 63 64 57 68 31 0 0 0 0 0 20 37 0 7 0 38 61 0 0 0 7 78 77 33 79 -9 -9 -9 -9 -9 -9 -9 -9 -9 -9 -9 -9 -9 -9 -9 -9 -9 -9 -9 -9
9 5 45 21 51 16 6 0 0 55 88 100 82 76 88 65 89 75 75 74 12 71 73 51 7 0 0 41 77 69 42 94 73 4 0 13 59 5 0 10 1 6 0 0 0 0 0 50 95 76 38 21 37 43 4 5 36 0 0 0 0 0 0 0 0 13 20 32 0 0 0 0 3 6 1 42 68 100 -9 -9 -9 -9 -9 -9 -9 -9 -9 -9 -9 -9 -9 -9 -9 -9 -9 -9
0 23 13 67 52 72 27 0 51 92 100 88 75 95 47 28 97 65 82 53 42 64 77 63 55 29 17 20 0 0 6 45 75 0 0 0 7 0 0 3 0 0 0 0 0 0 0 8 46 70 28 1 59 66 17 66 95 12 0 0 0 0 0 17 76 84 77 10 43 3 0 3 0 0 0 0 27 36 3 0 -9 -9 -9 -9 -9 -9 -9 -9 -9 -9 -9 -9 -9 -9 -9 -9
36 12 84 34 45 90 8 0 3 25 66 100 98 92 100 80 80 91 74 80 19 79 95 60 58 94 9 0 0 0 18 15 3 18 1 0 0 0 0 0 57 33 0 0 0 0 0 0 0 0 0 8 61 96 99 100 100 78 6 0 0 0 0 2 82 34 36 58 22 54 50 19 49 46 0 0 0 3 0 0 0 13 -9 -9 -9 -9 -9 -9 -9 -9 -9 -9 -9 -9 -9 -9
53 5 39 97 72 20 0 0 0 0 33 100 99 34 97 75 39 76 68 7 19 79 27 35 28 67 63 0 0 0 8 25 0 27 34 38 63 62 37 31 5 3 1 29 14 0 0 0 0 0 0 0 3 34 93 100 97 93 9 1 0 0 0 0 22 49 15 6 66 36 54 0 21 27 8 6 0 43 44 49 62 28 5 32 -9 -9 -9 -9 -9 -9 -9 -9 -9 -9 -9 -9
69 73 46 46 27 0 0 0 0 0 9 41 48 47 83 45 50 9 6 16 59 98 31 8 0 41 96 64 60 59 39 0 1 83 83 43 49 74 54 99 96 74 36 56 3 0 0 0 0 0 0 0 0 6 68 50 46 59 75 56 0 0 0 0 0 13 2 0 3 47 63 16 11 33 47 18 0 22 52 37 31 3 0 0 24 15 -9 -9 -9 -9 -9 -9 -9 -9 -9 -9
64 37 99 13 0 0 0 0 0 0 0 0 0 0 14 49 85 8 0 0 1 36 12 9 0 0 15 39 76 53 81 31 10 67 96 64 46 44 14 99 64 97 90 53 10 0 0 0 0 0 0 0 0 0 1 1 0 13 93 90 1 0 0 0 0 0 0 0 0 48 65 75 19 72 50 6 0 4 46 6 3 0 0 7 29 56 1 -9 -9 -9 -9 -9 -9 -9 -9 -9
18 38 100 8 0 0 0 0 0 0 32 33 1 16 62 71 68 0 20 14 0 0 53 73 56 0 0 0 0 14 99 53 0 58 100 100 98 44 19 47 65 99 55 39 0 0 0 0 0 0 0 0 0 0 0 0 0 0 49 71 3 0 0 0 0 0 0 0 0 0 0 7 8 17 36 25 0 6 12 0 0 0 0 8 31 18 0 0 0 -9 -9 -9 -9 -9 -9 -9
56 70 74 0 0 0 41 67 46 67 82 100 82 99 97 50 25 0 57 100 72 47 31 52 66 35 0 0 1 65 85 6 0 18 75 99 57 48 85 4 24 63 46 7 0 0 3 3 13 7 0 0 0 0 0 0 0 0 0 0 4 6 0 0 0 0 0 0 0 0 0 0 0 0 0 0 0 0 9 0 0 0 0 0 42 53 0 0 0 0 -9 -9 -9 -9 -9 -9
81 56 6 0 0 0 13 68 99 100 100 100 100 100 44 2 10 0 17 58 80 100 25 16 81 26 0 0 54 94 69 10 0 0 2 21 0 0 11 3 18 7 3 0 0 25 60 54 73 54 9 14 6 0 0 0 0 0 0 0 12 48 1 0 0 0 0 0 0 0 0 0 0 0 0 0 0 0 26 1 0 0 0 2 97 48 0 55 15 0 0 -9 -9 -9 -9 -9
24 7 0 0 0 1 6 40 99 100 100 100 98 79 13 0 1 4 0 51 92 99 7 0 34 31 6 0 1 8 45 37 0 0 0 0 0 0 0 0 0 2 31 28 22 82 63 48 81 87 21 62 34 3 0 0 0 0 0 0 0 0 0 0 0 0 0 0 0 0 0 0 0 0 0 0 0 0 0 0 0 0 0 8 100 30 0 74 57 80 64 72 -9 -9 -9 -9
57 21 0 9 20 41 89 55 77 84 100 100 38 6 0 2 7 68 23 0 21 40 23 0 57 40 51 63 0 0 80 69 39 44 10 8 0 0 0 1 35 70 66 42 14 40 48 59 59 65 74 76 54 89 64 12 3 0 0 0 0 0 0 0 0 0 0 0 0 0 0 0 0 0 0 0 0 0 0 0 0 0 0 0 55 48 1 55 79 94 100 100 91 28 -9 -9
8 0 0 80 26 89 88 43 30 46 90 86 34 10 62 27 35 62 32 18 5 55 36 42 62 83 98 58 0 0 76 100 100 96 44 34 49 66 38 67 96 28 0 4 31 5 20 11 36 7 12 21 58 80 100 49 52 30 16 8 0 0 0 0 0 0 0 0 0 0 0 0 0 0 0 0 0 0 0 0 0 0 0 0 0 16 20 91 98 82 57 21 30 26 43 -9
41 7 55 20 88 54 62 17 0 69 74 62 52 0 0 14 13 47 30 11 12 3 3 24 28 39 51 30 0 0 34 70 85 43 90 61 20 37 12 22 37 36 40 14 19 22 0 55 23 10 14 0 0 42 99 94 82 86 22 59 17 37 1 27 0 0 0 0 0 0 0 0 0 0 0 0 0 0 0 0 0 0 0 0 0 7 49 100 82 19 10 33 28 2 1 1
69 30 0 50 69 62 33 17 0 8 96 52 91 72 18 2 37 72 100 11 0 6 14 10 36 10 1 37 28 12 0 0 0 0 4 63 67 89 88 94 1 0 11 49 3 15 30 50 23 32 7 0 0 39 49 17 7 66 53 62 4 27 65 7 0 0 0 0 0 0 0 0 0 0 0 0 0 0 0 0 0 0 0 0 0 6 46 46 8 4 12 76 20 32 27 15
0 0 4 91 66 7 5 12 5 62 49 6 10 51 25 48 91 93 92 28 7 41 44 68 81 18 0 63 81 25 14 12 2 0 0 0 6 27 29 29 22 37 16 53 52 24 69 52 8 12 9 0 12 3 50 4 0 0 0 0 36 1 22 22 0 0 0 1 0 0 0 0 0 0 0 0 0 0 0 0 0 0 0 0 0 0 0 0 0 16 1 0 8 4 7 3
20 39 71 51 36 20 43 97 44 8 0 0 0 19 31 46 47 98 100 74 20 68 28 31 71 10 16 38 24 12 44 68 25 42 0 25 14 7 4 1 19 59 5 18 6 12 4 0 20 37 6 18 41 29 39 13 19 0 24 0 33 51 0 72 40 0 58 9 0 0 0 0 0 0 0 0 0 0 0 0 0 0 0 0 0 0 0 0 9 16 8 0 0 8 23 4
85 81 31 51 27 64 32 69 26 7 13 1 19 70 5 24 51 95 100 37 51 21 4 25 20 52 58 52 12 8 26 21 1 18 16 4 16 23 0 69 77 21 10 31 35 33 11 0 0 0 0 0 0 9 29 18 17 5 21 0 2 34 29 40 24 0 74 66 71 54 0 0 0 0 0 0 0 0 0 0 0 0 0 0 0 0 0 0 15 2 22 0 0 0 18 38
25 6 0 43 9 10 11 5 41 36 63 39 67 50 0 6 32 74 69 58 72 39 0 14 72 46 3 21 27 32 3 20 0 0 2 28 29 9 27 50 20 45 24 10 8 4 30 35 5 0 11 10 0 40 51 48 68 80 30 6 64 14 9 0 0 0 31 28 77 100 33 2 0 0 0 0 0 0 0 0 0 0 0 0 0 0 0 0 0 0 0 0 0 0 0 0
34 17 60 94 18 0 7 48 58 40 2 5 24 7 0 0 0 4 16 48 35 9 0 1 41 15 26 0 29 71 0 0 0 2 2 25 23 24 31 0 0 0 0 24 41 65 37 56 56 34 35 35 1 0 36 30 24 14 2 0 10 6 0 12 14 0 27 0 1 19 0 87 91 35 0 0 0 0 0 0 0 0 0 0 0 0 0 0 0 0 0 0 0 0 0 0
0 27 52 99 0 23 32 52 52 73 39 1 39 8 48 11 3 52 0 0 23 42 0 48 55 5 56 60 4 20 0 0 10 8 12 0 1 22 19 0 0 39 39 98 100 99 47 37 3 11 17 12 39 1 0 0 0 25 0 0 0 7 0 11 19 0 1 0 0 0 0 58 50 2 0 0 0 0 0 0 0 0 0 0 0 0 0 0 0 0 0 0 0 0 0 0
35 61 4 9 12 71 53 5 23 12 7 63 60 36 92 82 30 0 20 17 65 84 15 49 85 14 0 41 20 14 23 54 37 8 25 0 11 14 0 0 27 30 18 54 60 54 62 43 10 0 27 35 5 29 17 0 10 0 0 0 0 26 6 0 0 0 0 0 0 0 19 16 3 0 0 0 0 0 0 0 0 0 0 0 0 0 0 0 0 0 0 0 0 0 0 0
62 62 12 18 35 49 46 2 91 32 17 28 75 24 39 93 62 4 9 10 59 2 15 50 17 23 21 10 4 0 41 10 31 0 0 0 0 48 27 25 3 27 37 2 0 0 14 1 24 0 0 11 21 0 0 2 57 34 1 0 0 0 0 0 1 57 24 0 0 0 26 8 2 0 0 0 0 0 0 0 0 0 0 0 0 0 0 0 0 0 0 0 0 0 0 0
45 91 74 66 100 78 10 3 14 27 80 73 60 63 15 99 100 73 16 51 71 41 11 4 0 5 16 55 94 49 9 0 0 15 15 13 29 7 88 69 65 53 36 22 43 56 26 27 0 14 24 0 0 23 2 0 8 22 45 29 7 0 0 0 15 67 0 16 9 0 25 8 0 0 0 0 0 0 0 0 0 0 0 0 0 0 0 0 0 0 0 0 0 0 0 0
40 68 65 92 59 83 13 7 51 83 56 86 30 56 13 12 44 87 94 41 44 34 19 0 0 0 0 35 35 1 0 5 18 38 7 39 20 3 32 1 69 32 0 43 88 80 25 0 0 16 23 4 17 0 76 37 6 0 5 50 37 0 13 6 17 14 0 51 70 0 0 0 0 0 0 0 0 0 0 0 0 0 0 0 0 0 0 0 0 0 0 0 0 0 0 0
58 95 74 24 1 39 2 0 56 20 46 39 0 17 44 29 54 12 57 33 18 1 68 5 19 47 31 4 5 3 0 36 15 18 10 55 2 19 3 57 36 0 0 0 7 1 0 0 0 0 16 31 15 5 28 25 34 19 17 24 43 3 31 1 43 18 0 16 1 0 0 0 0 0 0 0 0 0 0 0 0 0 0 0 0 0 0 0 0 0 0 0 0 0 0 0
98 74 99 52 58 17 19 0 58 0 0 0 0 3 59 23 30 97 27 0 4 23 22 6 90 22 100 69 3 1 5 5 73 42 58 57 66 66 42 34 16 40 5 0 5 27 42 44 1 15 51 68 47 33 34 4 28 0 61 26 18 19 42 25 12 0 0 0 0 0 0 0 0 3 14 0 0 0 0 0 0 0 0 0 0 0 0 0 0 0 0 0 0 0 0 0
99 100 100 77 50 11 0 0 8 0 52 13 0 49 64 35 0 83 82 45 40 86 1 0 9 3 39 62 0 0 27 34 32 42 47 12 24 10 9 42 23 8 2 0 0 35 51 15 17 43 34 26 21 46 32 5 26 24 38 26 5 20 59 11 0 8 19 40 27 20 37 7 0 0 6 27 20 20 0 0 0 0 0 0 0 0 0 0 0 10 0 0 0 0 0 0
14 23 41 69 0 0 0 0 0 0 40 55 17 58 87 26 0 47 51 52 75 36 32 44 0 0 0 0 2 39 30 0 0 37 76 68 0 18 12 7 44 2 0 18 0 22 18 0 2 36 7 10 49 9 6 32 0 7 3 0 0 5 16 11 45 37 23 6 20 1 35 10 0 0 0 5 3 3 10 7 0 0 0 0 0 0 0 0 0 9 6 0 0 0 0 0
0 0 0 0 17 0 0 18 27 0 0 28 0 52 60 17 11 4 41 54 14 61 63 88 6 11 14 2 1 73 98 32 33 43 67 76 19 15 48 0 2 37 0 8 11 17 0 23 4 31 21 1 26 19 33 25 33 31 23 0 5 18 39 30 59 3 27 0 0 0 2 42 52 17 0 0 8 34 30 5 21 0 0 0 0 0 0 0 0 0 0 0 1 0 0 0
47 34 59 43 12 0 0 0 0 5 0 0 0 0 53 28 89 56 66 34 19 47 95 41 27 97 100 57 0 8 87 50 17 8 30 19 38 49 2 9 0 61 16 31 0 3 0 11 1 32 10 11 30 21 13 21 8 0 0 3 0 37 29 26 28 0 5 0 14 48 23 13 12 41 2 0 8 46 0 1 19 1 3 1 7 0 15 58 5 0 0 0 27 0 0 0
87 82 94 66 43 50 21 0 8 15 7 35 0 40 56 19 32 36 64 46 2 6 6 72 55 100 100 97 65 12 32 52 64 39 33 57 60 74 82 92 62 18 40 13 17 12 0 10 3 0 0 37 55 5 0 0 0 22 26 87 20 9 0 38 12 0 3 17 44 65 99 84 46 7 16 2 22 21 0 37 38 17 36 28 49 65 41 50 0 0 2 22 22 4 0 0
16 22 57 83 10 48 60 49 1 29 3 43 1 0 0 24 49 21 17 6 29 15 64 69 53 90 100 88 40 7 53 69 51 56 56 80 82 45 31 43 46 36 0 0 0 0 7 40 14 0 14 45 38 39 26 16 24 24 29 19 1 21 20 16 42 16 18 31 18 0 37 40 59 38 38 77 56 13 36 73 16 62 81 55 43 20 42 20 26 11 20 33 56 35 55 8
1 13 25 32 0 2 4 41 87 59 0 0 0 0 0 0 1 38 41 41 23 48 36 2 53 87 91 57 68 33 43 55 21 85 32 87 57 91 24 95 34 18 76 25 0 6 76 4 52 0 4 19 0 8 10 0 4 14 1 14 40 29 44 13 4 2 0 5 39 3 49 54 14 42 73 14 34 0 44 37 42 16 14 31 18 4 8 27 31 63 60 32 32 30 3 0
0 0 0 0 0 0 0 0 37 83 41 0 21 0 8 32 49 3 7 51 6 34 21 32 63 14 38 53 57 80 41 23 26 49 23 56 59 66 15 62 71 46 48 33 0 15 31 38 50 50 15 23 0 16 30 48 0 4 40 68 5 5 15 1 0 6 0 14 39 54 59 17 28 48 44 0 1 13 16 54 39 21 35 41 64 42 14 36 60 42 52 44 22 29 0 0
42 53 31 1 46 3 2 42 0 0 3 0 43 0 25 95 100 47 0 38 63 22 37 46 45 12 21 80 38 22 57 58 61 48 24 68 54 60 67 75 27 61 53 39 13 26 46 88 85 34 56 41 1 0 7 30 0 0 37 17 9 0 39 3 0 20 5 43 35 36 2 25 53 40 5 2 20 14 41 16 51 43 9 40 33 52 35 14 25 23 11 62 23 1 0 0
37 63 79 84 61 51 57 25 2 1 18 21 0 0 0 42 49 11 0 29 54 2 32 8 66 26 44 53 15 0 16 84 15 21 35 67 93 59 87 63 41 25 34 26 70 50 52 15 16 40 11 2 55 0 26 14 1 0 0 32 54 29 3 6 0 0 0 26 28 35 1 42 13 1 32 11 10 43 45 1 29 50 41 10 10 18 40 36 44 53 36 48 52 13 0 0
3 31 62 52 8 44 54 60 70 9 40 0 0 0 0 0 0 0 0 24 91 88 18 20 26 20 47 46 38 25 56 42 0 83 39 39 62 49 83 79 57 55 52 75 54 5 46 36 5 14 0 0 19 50 89 69 40 37 11 2 0 24 42 11 0 7 19 31 1 1 25 13 21 49 62 55 59 53 84 17 13 37 18 10 34 45 46 64 67 56 63 67 26 7 0 0
0 29 0 0 0 0 18 5 25 29 44 0 0 0 0 0 19 37 13 0 5 90 27 17 23 15 24 8 25 97 22 25 43 37 36 38 78 62 78 74 68 57 58 91 84 46 21 46 19 7 24 13 20 36 57 34 38 56 50 35 29 14 42 13 61 30 3 62 30 26 38 53 52 17 20 36 51 27 18 10 34 40 17 38 84 33 75 79 68 18 0 1 0 0 0 0
0 0 35 26 0 0 0 0 0 9 38 3 13 79 25 0 0 0 0 0 19 62 37 68 52 5 28 29 28 44 48 77 53 28 46 28 61 80 86 67 70 66 52 48 88 55 9 5 14 20 47 22 24 30 45 34 66 45 70 64 12 4 30 55 33 40 1 0 0 23 36 40 31 29 29 27 0 27 38 39 47 36 62 78 51 35 17 24 0 0 0 0 0 0 0 0
4 0 4 0 76 61 5 0 0 0 0 0 23 98 88 44 10 0 0 0 0 0 2 0 50 36 2 0 26 0 44 26 71 18 45 39 59 62 52 57 54 78 79 88 96 26 17 44 19 19 42 13 6 48 69 39 16 39 28 78 7 7 18 37 61 36 4 2 2 22 22 25 20 55 15 41 0 21 37 38 47 68 60 69 87 34 31 0 0 0 0 0 0 0 0 0
37 86 8 13 89 100 72 1 0 0 0 0 0 20 58 42 65 28 0 0 0 0 7 43 24 28 57 0 0 0 8 2 76 75 48 10 61 86 62 80 96 95 61 70 41 27 18 27 6 13 29 4 10 23 23 42 47 20 58 70 43 7 24 40 44 21 33 34 50 34 50 3 0 30 14 51 32 21 17 45 60 58 33 57 66 20 19 0 0 0 0 0 0 0 0 0
30 94 28 10 8 30 77 26 0 0 0 0 0 9 78 86 96 95 39 0 0 0 0 23 74 31 28 57 23 0 27 49 22 25 5 45 28 22 37 66 97 80 64 57 43 5 31 40 4 14 26 2 12 24 51 38 41 48 38 55 32 13 66 57 44 3 21 36 35 58 8 43 25 26 27 23 26 27 42 18 2 0 21 22 47 39 1 0 0 0 0 0 0 0 0 0
26 80 32 4 49 17 59 97 17 0 0 0 0 0 67 49 48 50 20 33 2 0 0 0 8 46 58 39 47 0 15 43 5 10 69 76 44 56 83 54 41 65 78 96 88 89 53 34 45 19 1 0 11 40 17 21 12 60 42 30 44 65 72 42 25 19 39 0 26 11 0 11 5 5 27 26 12 34 16 4 2 30 66 97 100 98 10 0 0 0 0 0 0 0 9 44
14 6 62 52 35 60 46 69 67 17 0 0 0 0 8 38 57 66 4 15 39 0 6 45 5 21 33 50 26 0 0 26 34 46 91 53 39 73 87 88 70 64 69 70 100 81 51 76 68 42 31 1 6 44 16 18 37 38 44 60 89 68 42 45 29 23 19 15 32 12 22 60 64 43 51 36 18 16 0 2 45 82 82 100 87 37 9 0 0 0 0 0 15 0 0 11
13 54 74 6 5 42 34 33 22 77 47 0 0 0 0 5 56 5 9 11 7 43 0 0 5 0 0 15 93 9 0 0 4 36 25 12 16 51 48 86 65 48 48 68 70 100 61 61 92 55 14 21 6 13 9 35 62 28 17 57 97 69 20 25 12 4 23 35 12 26 30 47 39 7 0 3 7 0 0 3 18 12 7 60 90 100 42 13 0 0 0 0 6 78 19 18
0 28 26 53 3 38 32 0 36 55 49 0 0 0 0 17 99 68 1 33 62 8 6 0 0 0 0 1 75 48 4 0 0 13 50 52 5 13 26 51 46 44 72 98 82 91 73 85 61 40 42 16 40 20 38 37 44 27 36 65 78 32 27 18 2 25 48 60 33 15 16 12 3 5 15 22 40 41 2 0 0 5 51 63 80 100 99 79 52 29 0 0 0 14 15 87
1 19 40 57 3 31 13 11 56 61 7 0 0 0 0 7 35 27 34 0 25 22 47 13 0 0 1 32 24 8 2 0 0 3 21 43 31 17 53 28 29 30 57 98 100 76 95 64 36 60 57 40 53 17 31 58 41 41 23 25 24 3 0 2 34 51 37 19 0 13 40 53 10 46 58 30 19 22 53 8 6 23 54 71 88 89 73 70 52 0 0 5 4 0 16 14
