data/habitatmaps/RS_maps/habitat_Regulus.regulus_2007.asc
NCOLS 369 
NROWS 228 
XLLCORNER 479000 
YLLCORNER 73000 
CELLSIZE 1000 
NODATA_value -9 
[rows 63 to 125 of 228, columns 192 to 287 of 369]
9 10 5 29 6 0 26 23 34 46 84 36 19 63 27 0 0 0 0 0 15 5 38 61 23 1 0 17 37 1 0 0 37 8 0 0 1 28 21 17 0 12 36 34 42 19 29 57 67 43 15 11 54 33 30 26 35 35 60 60 57 75 45 77 64 29 43 60 63 70 22 43 42 20 1 14 0 7 45 30 29 55 55 31 39 13 0 25 60 24 89 36 0 0 0 50
1 4 0 45 2 2 36 42 47 34 33 57 66 81 78 0 0 0 0 3 5 17 15 13 30 36 0 7 10 14 29 12 6 2 3 8 34 25 46 56 17 6 16 23 34 43 51 45 17 18 23 29 20 16 39 1 28 27 34 38 60 64 35 72 69 58 63 74 80 77 61 41 0 0 0 0 0 0 0 6 37 26 7 50 46 12 1 22 4 34 68 47 2 0 1 96
0 0 0 15 18 0 50 61 11 24 25 67 100 93 99 28 0 0 0 0 0 0 0 5 55 51 20 2 21 15 10 3 20 0 68 21 1 40 83 55 33 61 18 39 10 28 5 24 16 20 4 46 78 49 56 49 3 21 44 15 0 38 49 59 38 55 74 62 78 100 54 9 0 0 0 0 0 0 0 29 0 0 2 0 13 8 6 5 0 0 16 26 22 29 60 46
0 0 0 0 0 0 10 55 20 8 18 49 100 100 94 33 12 0 1 0 0 0 0 0 0 16 32 36 42 3 8 16 0 0 68 17 8 21 48 37 25 34 32 15 19 12 25 1 13 16 83 100 94 61 68 60 17 8 18 24 0 7 31 42 16 8 52 58 49 40 14 0 0 0 0 0 0 0 0 2 18 0 0 0 76 46 14 0 0 24 42 28 20 31 76 10
0 0 7 47 8 31 0 3 3 6 33 7 46 81 100 32 41 24 20 0 0 0 0 0 0 0 4 6 0 0 14 3 0 0 40 78 66 39 22 38 11 0 0 24 16 50 30 18 6 5 91 99 69 46 81 31 37 37 42 20 0 0 0 16 16 59 33 35 59 6 0 0 0 0 0 0 0 0 0 51 83 13 0 0 19 7 8 21 45 62 45 4 25 93 58 34
14 0 30 51 71 9 13 16 24 12 45 28 13 29 90 66 0 30 20 26 0 0 0 0 0 0 0 0 0 16 22 0 0 0 11 4 58 62 6 36 40 38 21 37 46 70 20 20 4 0 28 72 84 78 48 49 71 35 59 15 0 0 19 32 34 49 21 0 14 0 0 19 16 0 0 0 0 0 29 81 61 4 0 0 0 18 35 48 34 4 0 12 26 11 23 0
17 1 0 0 7 25 25 35 0 14 36 0 0 13 63 79 8 3 9 0 0 0 0 0 0 0 0 0 0 0 0 0 0 0 0 0 0 0 4 30 25 23 1 0 0 0 0 0 0 20 8 29 64 36 29 37 84 52 59 37 28 1 0 2 52 28 8 29 13 23 48 66 68 14 45 26 0 49 64 42 1 0 0 0 8 19 16 19 0 0 11 56 54 39 22 7
7 2 0 8 17 23 7 20 29 5 26 12 18 8 0 53 1 2 7 0 0 0 0 9 0 0 0 0 0 0 0 0 0 0 0 0 0 0 0 0 0 6 34 54 40 0 0 0 0 13 18 57 45 54 60 56 64 83 60 62 60 23 7 39 42 20 22 28 46 51 24 25 10 45 50 38 2 32 24 27 0 0 0 0 2 2 0 0 4 40 63 94 82 46 58 72
56 7 20 28 1 2 1 0 60 67 23 11 55 45 25 40 24 3 0 0 0 0 0 30 0 0 0 0 0 0 0 0 0 0 0 0 0 0 0 30 65 57 43 13 1 0 0 0 9 2 30 36 74 95 99 56 53 55 38 59 85 82 28 24 12 62 75 55 11 0 0 15 11 5 8 22 35 16 81 7 0 0 0 6 18 0 0 0 23 100 96 95 91 80 61 24
33 4 26 50 19 2 14 0 2 22 2 0 41 81 7 22 22 43 2 0 0 0 0 0 0 0 5 19 5 7 0 0 3 0 0 0 0 0 0 4 16 0 0 0 0 0 0 0 21 2 44 46 55 86 78 39 2 12 15 36 49 17 1 0 5 15 54 34 0 6 6 11 0 44 93 94 76 45 9 29 0 0 0 38 12 0 0 4 73 100 77 72 86 76 61 74
14 2 17 56 2 0 17 0 0 0 0 0 42 85 13 25 1 6 19 0 0 0 0 0 0 0 0 0 23 30 20 47 15 0 0 0 0 0 0 0 0 0 0 0 0 0 0 32 15 5 24 30 57 80 71 49 0 0 17 59 86 45 70 43 26 58 19 8 13 9 11 18 16 16 19 40 56 12 0 2 0 0 0 27 0 0 0 54 68 99 61 81 75 92 98 65
45 3 15 59 9 0 0 0 0 0 0 0 1 58 13 0 21 0 32 10 3 0 0 0 0 0 0 10 10 43 39 42 9 16 0 0 16 0 0 0 0 0 0 0 0 0 0 50 32 0 0 10 66 80 42 1 0 0 41 90 98 94 76 67 77 20 14 7 2 0 10 18 35 63 95 41 30 9 31 54 0 0 0 12 11 0 12 94 94 91 29 80 100 92 83 75
34 2 15 8 0 0 0 0 0 0 0 0 0 48 0 0 0 0 28 42 4 10 29 49 58 7 5 4 38 70 50 53 42 60 22 28 35 32 24 20 2 15 26 38 14 0 0 2 8 0 0 19 91 77 6 13 27 0 9 52 82 61 48 34 54 3 0 0 0 0 0 0 0 8 79 86 77 86 78 58 64 60 34 0 11 0 20 97 99 82 83 83 100 98 47 90
16 37 12 0 14 1 0 0 0 0 0 30 0 41 6 0 0 0 2 41 62 76 62 70 94 80 60 50 34 22 28 29 56 92 52 63 36 55 58 49 95 71 73 65 65 20 30 3 0 0 0 25 99 31 40 60 27 54 9 66 45 6 16 15 14 0 0 0 0 0 0 0 0 4 21 67 50 27 40 89 67 47 69 0 24 7 55 100 60 95 100 100 92 76 53 92
42 0 19 12 14 0 0 0 0 0 15 31 9 39 15 12 41 43 77 93 85 100 100 100 100 81 46 25 0 5 20 67 99 73 46 65 62 87 69 59 48 79 70 56 65 98 88 72 26 0 0 63 85 72 77 74 78 21 11 12 15 15 5 1 1 28 9 6 45 69 31 15 0 1 5 36 10 0 12 62 64 77 65 30 2 3 17 88 60 52 70 100 93 60 59 50
19 0 2 0 0 0 0 0 0 0 56 41 56 57 48 70 43 47 49 82 88 55 98 66 41 3 2 27 10 0 3 34 98 52 41 95 72 67 45 74 71 46 80 39 27 98 90 95 88 12 2 82 88 65 39 88 48 19 37 37 9 20 1 3 5 92 85 57 33 36 86 95 35 24 0 0 0 0 2 70 88 8 86 46 0 31 0 45 67 87 92 84 65 67 43 22
32 0 2 0 0 21 23 0 0 22 97 62 82 44 2 0 20 1 19 8 36 39 50 28 26 22 45 16 0 0 0 10 59 77 100 59 96 86 47 65 78 89 90 40 11 61 51 62 85 64 21 14 71 14 19 3 8 17 45 64 66 79 87 86 82 23 22 24 25 32 18 55 97 78 2 13 2 0 0 57 38 22 74 9 0 14 0 7 52 63 84 81 37 55 48 57
2 2 1 0 29 10 6 0 4 89 50 15 79 44 0 0 0 0 0 29 30 93 30 0 24 31 20 1 0 0 0 0 24 60 49 56 95 82 16 16 5 40 97 55 39 44 18 30 48 43 29 0 0 0 10 61 37 23 3 0 0 0 11 25 26 0 1 2 0 14 11 0 31 94 18 59 35 0 0 10 18 70 56 66 0 19 10 0 17 48 51 71 69 75 25 63
1 4 70 46 29 0 0 0 15 80 34 17 92 50 10 5 31 15 0 19 14 25 0 4 35 59 20 4 53 25 0 0 42 36 54 36 42 52 49 48 12 62 96 52 10 19 31 34 48 60 66 16 0 39 79 76 32 69 42 32 6 0 0 0 0 0 30 81 43 62 60 13 0 63 95 88 76 28 0 0 20 64 93 86 14 6 23 17 41 80 47 78 76 76 1 52
0 0 21 32 0 0 50 79 5 13 54 7 34 99 49 46 100 99 25 0 45 29 1 51 57 86 22 23 40 0 0 0 67 51 57 71 17 39 42 78 41 44 39 59 13 13 42 42 58 55 74 42 16 39 65 95 75 95 44 66 42 55 66 65 18 63 23 83 83 33 26 49 7 29 94 96 35 2 0 0 2 77 46 13 25 35 22 5 78 98 77 83 69 54 45 61
15 58 14 16 17 0 9 6 0 0 39 42 13 97 90 100 95 65 49 0 80 51 6 73 38 38 11 29 20 16 12 7 47 26 51 74 63 42 69 82 17 9 47 0 0 25 55 48 31 46 96 35 16 74 58 71 31 61 32 82 51 92 78 97 90 56 89 82 22 36 6 0 6 0 33 94 84 20 2 11 82 89 43 0 0 14 26 8 96 99 37 70 48 0 2 73
39 40 4 12 0 0 0 0 0 0 7 63 73 83 100 100 91 82 45 14 37 9 12 87 97 41 39 32 77 65 70 8 5 16 66 58 70 61 74 87 45 6 60 2 0 29 80 55 64 77 95 16 5 89 67 19 0 16 12 48 22 94 100 89 72 45 58 55 36 28 3 41 40 49 4 29 98 68 48 9 89 78 44 7 0 6 5 54 99 81 18 61 40 0 23 60
25 0 4 0 0 0 28 8 0 0 1 15 33 66 63 54 55 49 28 13 42 33 48 45 100 41 26 25 35 41 89 85 11 16 57 55 65 90 35 88 17 27 41 4 2 42 82 60 44 70 86 2 51 99 64 49 4 22 0 11 6 49 98 78 54 0 0 0 44 82 66 47 35 36 53 21 30 86 88 6 26 48 42 0 0 0 52 89 63 35 1 36 32 0 4 0
0 0 45 45 0 0 20 71 88 38 2 0 29 71 29 59 26 43 0 7 28 63 67 96 47 75 24 61 87 65 40 41 94 19 2 33 13 85 68 12 73 46 78 14 0 25 80 21 20 10 5 62 14 84 59 22 4 28 0 0 1 26 75 97 14 0 0 5 45 81 81 77 33 34 48 49 18 19 92 56 8 17 32 0 0 0 83 41 37 48 0 0 0 0 0 0
6 58 59 0 0 0 72 11 76 85 21 0 1 48 76 17 21 53 5 31 12 45 57 94 42 96 39 97 100 92 68 94 62 0 57 58 52 64 4 0 50 69 22 0 0 54 32 0 0 0 8 14 35 77 37 49 0 0 0 10 59 15 49 87 14 0 10 59 78 53 100 41 33 29 67 67 90 70 22 7 56 9 2 19 17 22 19 98 97 30 0 0 0 0 0 0
76 35 10 0 0 8 35 63 36 40 78 13 0 10 89 7 1 20 13 36 72 56 15 64 55 58 70 100 76 100 52 52 23 22 63 39 55 85 26 1 49 39 2 0 0 2 0 0 2 12 59 15 28 73 23 3 0 0 0 0 0 5 58 29 0 0 0 37 51 82 85 1 0 40 44 52 81 87 71 34 0 0 0 11 53 68 80 70 94 10 0 0 0 0 0 0
27 0 0 0 0 48 65 23 25 34 75 47 20 0 57 19 4 4 0 19 33 27 9 59 64 67 95 82 83 83 72 9 42 8 50 0 21 79 5 0 1 0 0 0 0 0 3 32 71 90 87 20 4 39 86 0 0 0 0 0 0 0 22 7 0 0 0 12 44 68 41 0 38 72 64 38 72 74 96 12 0 0 0 0 6 14 72 74 79 52 40 2 0 37 13 27
0 0 0 0 0 65 63 43 55 41 71 87 27 26 21 1 0 0 0 7 5 22 59 66 30 37 100 49 28 68 22 0 10 38 24 0 22 34 0 0 0 6 35 55 46 57 88 46 58 92 83 66 23 1 68 58 25 0 0 0 0 0 0 0 0 0 0 0 46 72 0 0 0 0 0 70 94 96 45 40 15 0 0 0 0 16 3 66 57 98 90 33 0 11 9 75
0 0 0 0 0 34 26 89 64 51 11 72 87 68 61 14 0 25 7 16 0 1 55 77 34 71 91 56 71 71 11 18 66 64 6 0 36 14 0 34 48 60 24 43 47 48 25 64 81 51 63 34 62 32 31 72 33 0 0 0 0 0 0 0 0 0 0 0 8 15 0 0 0 6 33 55 88 74 51 95 31 26 0 20 0 12 25 48 74 68 56 59 6 0 0 8
0 0 0 0 0 7 0 20 51 82 40 13 33 52 61 74 19 55 88 22 0 0 21 74 60 31 38 18 60 82 51 50 51 70 46 0 0 0 20 83 67 70 79 78 71 85 61 17 0 0 0 0 1 18 34 100 32 0 0 0 0 0 0 0 0 0 0 0 0 0 0 0 0 8 70 32 94 49 38 45 66 50 79 85 61 10 7 0 0 22 88 75 60 0 0 24
0 0 0 0 0 0 0 0 12 68 50 54 32 46 76 51 67 77 37 0 0 0 0 40 42 44 35 49 76 49 30 63 37 71 24 0 0 0 40 22 0 17 84 7 0 4 0 0 0 0 0 15 1 0 59 99 94 64 6 2 35 63 25 0 0 0 0 0 0 0 0 3 31 51 20 65 53 0 0 30 77 70 63 76 75 67 1 17 0 3 46 87 89 17 33 18
0 0 0 0 0 0 31 0 26 86 67 26 54 77 66 30 36 32 0 0 0 15 72 82 60 77 18 12 37 17 9 32 13 0 0 0 0 1 0 0 0 0 33 42 0 0 0 0 0 0 0 65 22 4 32 88 89 92 89 71 71 42 0 0 0 0 0 0 0 0 3 60 55 8 51 69 70 0 0 0 1 18 48 81 42 70 62 21 3 1 28 86 69 51 36 26
34 77 64 52 54 45 20 2 22 40 50 6 73 62 23 0 0 0 40 20 0 75 77 11 40 49 11 58 41 50 3 0 0 2 19 4 57 56 0 0 0 0 2 25 0 0 0 0 0 0 11 36 2 31 77 100 87 67 79 74 94 13 0 0 0 20 0 0 2 3 5 60 80 60 50 29 1 0 0 0 0 0 0 84 52 57 83 70 25 0 1 11 79 60 42 37
32 11 17 0 9 11 0 0 0 0 0 0 12 7 0 7 48 6 42 14 61 89 88 70 53 32 17 32 3 12 18 49 88 61 40 46 87 17 0 0 0 0 0 0 0 0 0 0 0 21 0 0 42 79 97 93 29 73 58 14 73 34 9 0 0 12 0 0 11 17 35 72 17 0 27 0 0 0 0 0 0 8 34 64 58 92 4 86 88 34 0 0 38 81 98 80
49 32 2 0 0 0 0 0 0 0 0 0 0 13 19 55 55 1 32 68 26 17 9 31 37 80 68 17 0 2 0 35 91 64 74 92 80 9 0 0 0 0 0 0 0 0 0 5 46 70 2 20 88 58 75 42 0 0 55 56 55 41 75 46 34 25 0 4 10 10 6 34 0 0 0 0 0 0 0 0 0 50 83 47 53 99 34 74 89 20 0 20 31 79 72 71
20 0 0 0 0 0 2 1 1 0 12 54 81 97 97 52 61 0 24 68 0 0 0 32 30 38 45 89 37 43 25 69 100 97 72 91 50 2 0 0 0 0 0 0 0 0 0 2 67 74 3 77 100 62 88 33 0 0 11 22 41 42 74 63 45 7 0 0 2 0 0 0 0 0 0 0 0 0 0 0 0 36 69 74 83 96 72 62 83 59 2 0 21 73 58 86
0 0 0 17 31 44 67 59 50 54 36 38 29 74 84 27 39 0 22 82 55 9 0 0 0 0 33 54 50 54 83 100 74 68 65 59 17 5 0 0 0 0 0 0 0 0 8 49 21 28 24 100 77 44 49 13 0 0 7 44 47 66 57 13 0 0 0 0 0 0 0 0 0 0 0 0 0 0 0 0 0 2 4 71 60 94 88 94 70 21 0 0 60 40 68 46
0 0 9 71 97 96 32 30 18 64 29 83 49 34 36 56 27 0 3 74 71 64 38 8 17 9 0 17 16 5 45 10 33 94 68 79 66 2 0 0 0 0 0 0 0 0 12 15 57 23 78 99 59 30 29 0 0 0 3 12 39 89 17 0 0 0 0 0 0 0 0 0 0 0 0 0 0 0 0 0 0 0 0 73 90 48 68 81 48 41 0 1 74 87 83 59
40 14 28 80 35 30 64 40 55 78 63 58 36 1 73 58 6 0 37 100 90 91 72 90 62 31 0 0 0 0 10 0 1 23 68 88 22 0 0 0 0 0 0 0 0 22 20 74 50 58 98 56 33 12 0 0 0 0 0 12 20 82 2 17 8 0 0 0 0 0 3 39 39 18 21 9 0 0 0 0 0 0 9 82 77 9 38 77 35 6 28 14 92 69 66 59
88 25 50 32 14 34 78 42 18 6 98 54 7 0 66 50 0 0 65 77 9 27 33 3 0 0 0 0 0 5 48 0 0 0 33 33 0 0 0 0 0 0 0 0 0 4 60 46 30 98 54 13 0 0 0 0 0 0 0 44 35 54 62 92 59 0 0 0 0 9 26 28 23 62 80 33 0 0 0 0 23 20 55 100 40 22 94 76 81 4 28 49 92 39 44 48
38 8 78 60 69 41 36 0 0 0 24 10 31 44 84 74 47 0 37 89 28 4 0 0 0 0 0 0 0 0 6 0 0 0 4 49 39 0 0 0 0 0 0 0 0 0 0 27 83 100 38 0 0 0 0 0 0 2 32 39 30 26 72 58 0 0 0 0 0 0 0 0 0 0 8 1 0 18 82 78 78 44 88 74 11 5 50 64 84 37 15 61 53 68 64 45
47 1 50 82 70 45 7 0 0 0 28 76 61 67 11 26 72 0 0 83 95 76 25 10 0 0 0 0 0 0 0 0 0 0 0 23 43 0 0 0 0 0 0 0 49 45 35 55 55 39 5 0 0 0 0 0 0 27 28 18 42 60 22 0 0 0 0 0 0 0 0 0 0 0 0 0 0 0 10 42 78 86 56 1 0 2 63 97 100 33 2 47 83 92 37 74
47 8 76 64 61 21 0 0 0 15 74 50 93 68 71 71 23 0 0 66 61 59 82 9 0 0 0 0 0 0 0 0 0 0 0 6 0 0 0 0 0 0 10 31 26 30 63 34 87 0 26 0 0 0 0 0 12 63 38 20 0 2 4 0 0 0 0 0 0 0 0 0 0 0 0 0 0 0 2 39 60 47 0 0 0 20 94 100 65 6 1 46 91 65 14 55
37 20 57 50 33 0 0 0 2 46 84 84 24 20 63 84 75 0 0 61 94 55 81 63 18 11 45 0 0 0 0 0 0 0 0 0 0 0 0 0 22 27 13 1 0 33 49 79 52 0 2 0 0 0 0 0 35 21 13 0 0 0 0 0 0 0 0 0 0 0 0 0 0 0 0 0 0 1 34 77 82 69 0 0 0 44 99 99 25 49 72 95 95 84 25 14
5 66 69 38 88 36 0 0 0 0 45 80 1 28 58 34 86 25 0 9 70 77 61 46 33 37 47 15 39 0 0 0 0 0 0 0 0 0 14 45 46 18 0 0 13 67 38 62 5 0 0 0 0 0 0 0 0 0 0 0 0 0 0 0 0 0 0 0 0 0 0 0 0 0 0 0 0 22 68 60 94 44 0 0 1 68 100 60 5 79 100 99 62 0 0 0
3 41 54 13 72 33 0 0 0 16 49 8 0 8 0 0 64 81 27 1 3 35 41 45 65 52 33 9 13 1 0 0 0 0 0 0 0 0 29 1 0 0 0 0 0 47 92 5 0 0 0 0 0 0 0 0 0 0 0 0 0 0 0 0 0 0 0 0 0 0 0 0 0 0 0 0 0 67 67 87 32 0 4 15 53 78 82 29 2 52 100 71 12 0 0 0
2 42 77 73 55 21 0 0 0 3 26 0 0 0 0 12 86 99 31 0 0 8 57 84 82 59 66 41 13 1 21 16 38 8 0 0 0 0 0 0 0 0 0 0 2 72 45 0 0 0 0 0 0 0 0 0 0 0 0 0 0 0 0 0 0 0 5 10 4 0 0 0 5 3 0 0 13 50 83 88 28 25 43 74 59 19 10 0 0 58 100 54 5 5 22 0
80 75 18 2 0 0 0 0 0 0 0 0 0 0 0 43 71 72 50 1 4 42 73 50 97 47 68 68 16 5 52 63 81 69 26 0 0 0 0 0 0 0 0 0 0 5 0 0 0 0 0 0 0 0 0 0 0 0 0 0 0 0 0 0 0 0 90 55 36 61 28 44 92 47 29 19 24 84 79 74 32 71 97 51 24 0 0 0 28 100 74 19 60 66 82 55
75 66 2 0 0 0 0 0 0 0 0 0 0 0 0 0 1 87 74 32 26 87 79 40 40 16 0 0 0 1 74 11 6 0 0 0 0 0 0 0 0 0 0 0 0 0 0 0 0 0 0 0 0 0 0 0 0 0 0 0 0 0 0 0 31 50 98 70 42 6 29 29 97 80 85 79 64 98 69 82 88 64 27 2 11 38 52 90 62 91 72 57 72 47 53 60
100 81 11 0 0 0 0 0 0 0 0 0 0 0 0 0 6 62 71 51 40 59 55 33 17 0 0 0 0 21 40 0 0 0 0 0 0 0 0 0 0 0 0 0 0 0 0 0 0 0 0 0 0 0 0 0 0 0 0 0 0 0 0 0 7 78 31 55 67 6 47 79 45 15 72 63 56 64 60 55 4 0 0 23 59 99 100 62 72 63 83 91 100 88 82 96
55 18 8 20 27 0 0 0 0 0 0 0 0 0 0 0 0 16 76 79 24 73 0 0 0 0 0 0 3 91 33 0 0 0 0 0 0 0 0 0 0 0 0 0 0 0 0 0 0 0 0 0 0 0 0 17 52 2 0 0 36 0 0 2 9 76 62 55 63 76 99 96 75 44 52 75 80 49 43 80 44 41 66 95 100 100 81 56 39 79 90 62 48 75 94 94
87 30 46 56 61 1 0 0 0 0 0 0 0 0 0 0 0 2 64 97 14 93 42 0 0 0 0 0 0 52 13 0 0 0 0 0 0 0 0 0 0 0 0 0 0 0 0 0 0 0 0 0 0 4 15 24 79 20 0 5 74 4 20 68 52 51 57 48 97 100 94 83 76 82 83 100 64 20 40 100 94 80 73 65 91 63 42 61 29 82 86 69 72 40 59 75
36 2 12 17 81 6 0 0 0 0 0 0 0 0 0 1 44 52 92 99 52 62 99 51 3 0 0 0 0 0 0 0 0 0 0 0 0 0 0 0 0 0 0 0 0 0 0 0 0 0 0 0 0 32 51 66 59 65 0 24 100 40 88 89 40 6 11 64 91 95 83 94 94 87 100 100 85 44 17 98 90 82 72 18 20 0 37 62 64 43 46 17 54 51 98 69
37 59 57 68 17 62 47 9 0 0 0 0 0 0 0 0 0 28 45 32 64 88 23 73 90 2 0 0 0 0 0 0 0 0 0 0 0 0 0 0 0 0 0 0 0 0 0 0 0 0 0 0 0 4 44 79 37 59 41 71 100 54 69 99 39 2 63 51 67 74 95 86 57 68 63 83 96 62 73 68 35 43 37 9 0 0 18 96 54 33 33 0 0 7 34 8
17 13 19 30 54 70 63 20 2 0 0 0 0 0 0 0 0 0 0 0 1 87 73 47 97 21 0 0 0 0 0 0 0 0 0 0 0 0 0 0 0 0 0 0 0 0 0 0 0 0 0 4 27 8 3 35 31 42 41 82 62 62 69 69 56 77 34 29 40 20 46 64 63 62 48 96 85 68 86 69 96 97 35 51 45 1 0 0 56 38 42 12 0 0 0 0
0 0 0 0 0 10 52 3 2 0 0 0 0 0 0 0 0 0 0 0 0 33 87 28 99 35 0 0 0 0 11 15 6 0 0 0 0 0 0 0 0 0 0 0 0 0 0 0 0 0 0 12 61 30 0 27 24 24 68 89 60 50 58 37 28 31 18 77 82 80 60 62 47 57 80 97 96 64 99 88 100 99 34 59 94 12 0 18 87 53 19 44 0 0 0 0
0 0 0 0 0 0 0 0 0 0 0 0 0 0 0 0 0 0 0 0 1 48 87 33 93 83 32 0 0 22 81 60 4 0 0 0 0 0 0 0 0 0 0 0 0 0 0 0 0 6 32 16 66 15 41 61 41 37 60 48 55 47 30 22 42 17 18 76 47 62 92 78 70 12 75 98 100 88 91 98 72 71 74 86 91 55 0 1 29 67 73 42 0 0 0 0
0 0 0 0 0 0 0 0 0 0 0 0 0 0 0 0 0 0 0 15 48 91 94 56 45 85 62 39 70 38 53 9 0 0 0 0 0 0 0 0 0 0 0 0 0 0 7 17 24 45 70 79 55 10 56 80 62 60 70 53 53 64 89 46 28 16 79 44 39 30 27 58 72 0 56 80 100 62 79 96 61 56 15 66 78 61 13 0 0 26 38 19 17 0 0 0
0 0 0 0 0 0 0 0 0 0 0 0 0 0 0 0 0 0 2 57 84 81 50 81 56 64 80 74 62 11 0 0 0 0 0 0 0 0 0 0 29 0 0 0 7 39 71 82 88 33 63 12 46 55 67 66 93 46 13 5 49 42 35 29 61 58 26 83 82 10 0 0 4 0 10 90 100 73 80 40 73 69 1 82 96 70 31 0 0 26 13 44 39 0 0 0
0 0 0 0 0 0 0 0 0 0 0 0 0 0 0 0 0 0 0 53 52 82 89 41 0 10 74 76 0 0 0 0 0 0 0 0 0 0 0 0 42 4 6 45 66 79 78 12 9 10 58 78 64 56 41 24 4 0 3 0 0 0 13 53 98 92 50 61 69 31 0 0 0 29 53 100 99 38 37 31 36 41 11 37 77 93 39 0 0 45 30 86 20 0 0 0
0 3 0 0 0 0 0 0 0 0 0 38 18 0 0 0 0 0 1 21 45 97 37 2 0 1 26 28 0 0 0 0 0 0 0 0 0 0 0 11 72 64 96 73 31 13 8 57 62 69 100 79 87 19 66 42 64 1 0 0 0 0 16 21 64 80 31 80 57 14 0 0 0 77 95 93 50 0 17 20 72 32 27 17 99 80 40 1 0 25 26 59 49 0 0 0
43 84 11 0 0 0 0 0 0 0 0 0 8 0 0 0 0 0 50 76 63 56 0 0 0 0 0 0 0 0 0 0 0 0 0 0 0 0 3 66 100 88 28 9 2 33 88 88 86 85 87 91 64 67 97 74 39 0 0 8 6 0 0 15 88 29 78 39 9 0 0 0 24 84 96 50 0 0 37 7 26 13 36 9 83 47 63 3 0 0 31 31 70 0 0 0
25 32 48 5 0 0 0 0 0 0 0 0 0 22 13 8 32 7 94 32 73 12 0 0 0 0 0 0 0 0 0 0 0 0 0 0 0 62 94 99 70 67 59 45 29 93 91 34 84 78 47 2 0 92 31 14 30 0 0 10 7 0 4 45 43 57 57 82 0 0 0 0 25 49 98 46 0 1 38 44 23 16 38 2 64 98 75 36 51 22 47 64 56 0 0 0
