data/habitatmaps/RS_maps/habitat_Linaria.cannabina_2010.asc
NCOLS 369 
NROWS 228 
XLLCORNER 479000 
YLLCORNER 73000 
CELLSIZE 1000 
NODATA_value -9 
[rows 122 to 182 of 228, columns 96 to 191 of 369]
3 2 1 41 66 52 25 0 30 23 56 53 43 65 35 32 33 20 44 23 24 52 42 29 9 14 30 2 15 33 26 16 55 46 30 1 0 0 0 0 0 24 15 23 13 7 10 55 7 12 56 75 74 69 59 76 44 46 25 66 69 74 36 26 96 88 20 0 3 17 25 27 0 25 27 5 4 17 49 1 35 69 42 48 46 91 100 99 87 100 100 100 92 64 28 9
42 32 31 40 40 40 57 27 35 46 53 29 52 65 46 33 22 3 57 48 32 47 26 25 50 42 35 16 10 47 35 21 65 53 19 0 0 0 0 0 0 3 26 19 11 42 28 38 19 65 63 85 91 96 88 54 11 12 19 76 70 91 89 93 60 16 14 15 0 0 0 0 50 2 0 0 0 0 0 0 9 33 57 83 59 27 95 100 94 100 94 87 44 32 86 85
33 34 57 46 52 50 39 47 58 32 63 92 84 45 34 42 11 42 43 75 89 71 14 4 40 39 24 31 0 1 66 46 46 5 49 3 0 0 0 0 0 0 9 15 58 97 89 87 68 68 98 86 82 95 79 33 12 59 58 43 78 96 100 66 11 32 0 0 0 0 0 0 4 2 0 0 0 4 0 0 0 0 1 54 35 32 90 100 88 69 67 86 68 76 74 76
31 55 57 40 74 88 54 54 61 43 30 88 76 56 50 41 63 90 73 87 85 81 66 68 5 43 48 22 10 2 84 98 81 30 4 11 0 0 0 0 0 0 0 8 61 94 55 78 83 67 84 81 74 96 62 33 82 51 77 47 50 83 66 9 20 0 0 0 0 2 0 21 12 0 39 32 28 17 21 4 0 0 0 6 30 12 78 96 30 17 38 8 9 43 17 47
40 73 60 48 46 48 1 20 40 65 34 11 3 66 63 54 52 48 51 66 56 67 66 73 87 69 90 70 60 43 45 51 78 74 11 5 50 17 0 0 0 0 0 2 11 24 53 89 41 33 46 66 93 67 27 59 89 32 21 34 61 33 2 29 0 0 0 16 13 35 44 70 38 22 100 91 66 84 44 21 27 24 30 33 5 38 17 25 11 12 19 29 12 39 83 74
53 98 29 89 34 0 0 16 45 44 28 17 26 14 11 56 27 26 28 10 12 60 72 85 73 90 92 86 78 59 63 8 8 58 98 82 55 25 8 0 0 0 0 0 0 0 0 30 0 0 24 79 58 38 43 12 13 2 11 18 21 31 7 0 0 6 18 20 53 52 43 88 66 71 88 75 100 100 100 89 37 14 21 49 50 40 46 27 5 24 37 52 51 51 82 29
66 100 86 59 26 8 12 48 67 13 55 59 73 51 59 53 62 45 50 47 80 82 58 100 100 100 100 100 98 100 99 88 77 10 9 53 43 62 88 19 30 3 0 0 0 0 0 0 0 1 45 42 20 56 48 0 0 15 8 33 16 3 0 0 33 10 10 37 9 1 57 93 79 99 14 65 100 100 100 86 35 29 30 31 27 58 15 20 70 85 87 81 93 79 89 93
49 57 43 29 7 75 36 24 48 4 41 63 94 81 78 2 70 57 53 60 83 94 98 100 100 95 98 79 40 53 72 98 99 65 49 8 2 56 51 0 35 5 0 0 0 0 0 0 0 38 70 30 5 39 6 0 0 0 6 0 0 0 6 3 4 16 64 100 100 21 63 70 52 12 49 100 100 100 96 23 31 51 72 100 53 45 6 40 97 75 58 17 42 84 97 69
28 68 56 40 5 85 51 49 60 43 44 42 83 51 54 76 34 26 51 65 92 90 99 100 88 66 57 43 10 64 100 100 100 100 100 90 50 15 51 33 0 0 0 0 0 0 0 0 0 0 0 1 4 7 0 0 0 0 0 8 28 20 6 6 77 84 100 100 100 88 100 81 16 0 70 100 98 79 52 44 11 13 19 97 31 1 0 6 65 98 89 47 33 51 88 27
67 79 28 4 8 90 64 51 12 7 32 82 53 51 64 76 70 57 88 98 100 100 100 100 93 23 0 15 39 94 98 97 81 67 44 48 76 27 10 0 6 1 25 9 32 23 1 0 0 0 0 0 0 0 0 0 0 8 9 16 3 0 9 70 86 100 95 55 50 61 99 64 31 9 97 100 74 24 53 47 39 8 28 75 55 83 21 35 32 50 89 90 24 21 26 26
50 64 42 77 70 36 58 26 12 18 70 63 60 61 45 47 73 64 42 66 97 98 85 64 63 57 35 47 77 85 64 57 49 53 51 27 32 26 16 13 70 56 45 31 39 61 70 22 3 0 0 0 0 0 0 0 9 28 0 4 18 45 88 90 73 36 43 76 41 92 71 85 100 88 100 98 86 61 38 0 19 30 83 32 74 92 95 30 44 15 50 88 28 3 0 0
28 43 35 25 79 56 74 59 63 35 85 44 56 36 7 91 100 98 99 99 43 50 50 36 70 82 83 73 85 98 92 98 83 51 81 40 71 47 20 44 8 35 62 94 34 84 32 51 31 5 0 7 29 14 0 0 7 41 11 42 96 100 94 77 85 78 99 95 74 81 100 100 100 100 91 97 39 10 0 0 9 83 94 16 84 18 83 89 53 82 81 53 83 11 0 0
23 35 21 17 71 45 59 75 30 63 96 56 35 52 87 100 100 100 100 99 60 50 59 73 83 69 57 62 71 62 57 77 65 69 72 62 47 14 2 12 49 26 4 62 50 78 88 68 16 0 0 25 21 3 7 0 0 8 17 0 56 84 40 78 78 83 85 64 63 85 96 92 100 86 75 16 0 0 0 0 0 40 100 77 100 87 35 79 88 40 41 93 52 0 0 0
23 36 39 63 84 68 22 48 46 83 92 76 63 83 100 100 100 100 100 82 69 77 90 67 74 64 30 39 33 23 75 33 39 47 46 27 1 20 42 50 61 91 18 50 89 56 45 47 19 4 8 2 76 61 32 27 14 0 21 7 13 9 16 17 20 15 10 50 33 51 60 48 100 37 40 2 0 0 0 0 0 4 20 69 90 100 84 8 34 89 89 90 82 15 0 0
14 38 47 81 68 46 82 65 46 100 91 99 100 100 100 100 100 94 95 83 75 69 49 57 78 43 25 6 23 54 59 44 66 24 6 0 5 30 96 100 95 96 64 31 65 82 93 24 21 10 17 71 100 72 71 43 93 61 5 8 41 31 23 32 35 71 44 27 60 28 18 60 88 50 76 57 0 0 0 0 0 0 0 16 81 100 83 0 6 71 78 86 75 48 4 0
12 26 24 25 75 64 60 75 84 100 100 100 96 85 87 100 100 65 51 53 57 29 44 82 90 53 92 87 74 84 100 53 26 23 29 18 41 83 100 99 72 61 36 44 62 85 23 32 2 16 25 100 99 19 69 97 60 100 54 40 0 6 78 53 46 37 38 58 84 34 46 28 37 6 43 39 11 0 0 0 0 1 26 72 90 87 26 0 25 91 94 90 85 73 57 0
62 40 41 22 38 28 46 66 100 100 98 63 55 34 56 93 72 72 69 78 35 73 91 91 77 54 100 100 79 90 100 73 61 57 65 61 49 100 100 84 57 16 48 47 72 67 13 60 47 63 70 100 100 95 94 86 100 93 3 7 9 23 61 100 98 30 28 74 77 96 78 13 14 23 7 8 0 0 0 0 0 1 15 24 39 14 0 0 44 96 95 55 66 63 48 0
45 69 31 26 14 39 43 50 64 75 69 45 51 83 63 60 71 38 78 68 39 81 86 86 100 100 94 85 80 83 51 97 89 53 62 84 87 100 93 66 6 25 35 70 66 58 41 52 96 63 90 100 100 22 59 87 98 62 17 0 26 0 6 94 99 12 0 3 69 71 7 19 80 8 11 0 0 0 0 11 6 10 21 0 0 0 0 0 7 24 91 98 99 45 2 0
33 34 30 40 42 32 47 27 53 91 48 29 26 47 21 44 44 74 73 68 25 43 79 93 100 100 93 100 86 76 23 70 100 54 10 85 100 99 45 31 54 42 93 50 15 41 81 45 83 52 100 98 44 0 54 95 100 100 89 30 9 38 60 91 100 41 14 34 74 34 7 27 44 67 65 3 0 0 0 8 49 11 0 0 0 0 0 0 1 3 28 84 97 86 13 0
45 71 44 33 61 46 19 84 54 17 41 41 67 65 27 12 42 85 53 49 33 34 68 100 100 100 100 99 95 46 40 89 85 75 73 100 100 88 36 54 14 37 42 82 25 82 66 23 77 95 100 48 60 2 15 96 98 88 95 62 23 31 50 100 100 93 96 68 7 0 5 52 27 55 9 11 0 0 0 0 16 31 0 0 0 0 0 0 2 18 25 56 42 95 32 8
50 69 49 52 65 23 83 99 87 37 43 46 62 84 56 36 92 68 68 69 51 54 80 88 100 91 65 71 95 78 94 100 83 81 98 100 97 45 27 18 30 42 82 75 16 44 64 17 25 30 72 75 87 77 73 100 84 79 98 27 80 8 65 100 100 90 18 0 0 0 10 33 17 40 0 0 0 0 0 0 0 0 20 51 44 60 66 36 23 15 31 73 95 95 62 84
16 80 59 73 79 51 60 100 100 96 90 88 44 60 50 73 74 91 93 67 54 45 80 99 100 100 74 56 100 93 94 100 100 93 100 100 100 31 25 45 72 53 57 76 75 82 39 23 72 30 39 64 100 54 67 28 5 97 97 44 77 20 17 33 72 11 0 0 0 0 0 0 0 0 0 0 0 0 0 0 0 0 0 0 6 9 4 38 48 82 58 51 53 83 95 100
82 62 75 99 98 42 34 83 75 70 98 88 65 40 69 67 76 87 28 45 100 100 100 100 100 96 36 93 66 79 97 100 86 99 99 100 61 63 48 70 63 63 46 79 100 94 26 41 75 88 74 71 49 3 3 16 64 100 98 46 28 10 16 26 5 0 0 0 0 0 0 0 0 0 0 0 0 0 0 0 0 0 0 0 0 0 10 46 69 63 95 63 88 100 100 100
48 99 57 51 52 71 93 73 84 60 99 97 77 49 85 99 92 95 52 26 68 67 83 97 94 100 81 44 34 46 66 90 73 30 48 83 100 69 46 65 69 23 67 40 79 98 67 56 25 37 64 88 20 0 20 88 100 100 63 73 43 17 0 0 0 0 0 0 0 0 0 0 0 0 0 0 0 0 0 0 0 0 0 0 2 22 51 61 68 62 38 36 91 100 63 88
86 99 90 94 78 74 84 45 88 100 90 78 62 41 93 89 91 82 70 56 68 70 54 41 40 55 61 77 81 86 72 80 100 83 67 98 63 27 60 100 93 47 80 41 67 94 17 67 98 78 55 83 92 26 66 100 100 95 58 21 32 68 50 0 0 0 0 0 0 0 0 0 0 0 0 0 0 0 0 0 0 0 0 0 8 27 19 17 21 27 18 82 98 99 44 12
65 76 90 94 96 93 94 98 100 88 76 82 97 84 99 91 91 48 82 98 34 56 45 57 35 32 55 80 100 100 72 95 98 98 99 96 66 52 71 99 100 84 41 50 56 86 71 45 100 99 100 93 78 31 10 51 86 52 45 57 40 66 55 4 0 0 0 0 0 0 0 0 0 0 0 0 0 0 0 0 0 0 0 0 0 0 0 0 17 65 94 100 97 75 30 36
31 97 87 90 97 100 100 99 93 45 28 58 78 78 89 98 61 52 80 86 24 95 79 91 76 77 81 93 91 100 92 97 80 100 75 73 65 51 61 78 99 88 30 74 65 44 23 0 23 34 56 90 76 23 0 0 37 42 43 94 75 56 62 10 0 0 0 0 0 0 0 0 0 0 0 0 0 0 0 0 0 0 0 0 11 51 63 48 69 100 99 68 60 84 85 7
41 93 80 77 69 55 83 72 50 54 26 61 86 74 66 81 40 30 18 77 16 88 86 77 82 52 71 95 90 87 75 17 51 96 73 35 15 50 58 94 100 100 60 54 58 47 46 73 71 33 2 33 11 21 0 0 0 0 69 66 76 90 19 0 0 0 0 0 0 0 0 0 0 0 0 0 0 0 0 0 0 0 0 0 0 19 83 100 100 100 82 66 89 45 16 86
87 47 68 72 75 64 99 29 64 76 42 50 87 85 86 53 19 68 91 97 33 21 39 50 32 54 100 100 85 89 57 21 79 94 77 50 60 21 60 100 76 40 69 41 45 67 60 56 75 4 0 0 0 0 0 0 0 0 69 90 84 57 19 0 0 0 0 0 0 0 0 0 0 0 0 0 0 0 0 1 1 0 0 1 29 61 97 99 97 69 84 50 40 54 83 87
91 90 94 46 14 54 53 57 92 66 49 67 75 45 39 33 64 91 98 100 61 42 16 47 51 55 69 99 26 15 76 96 93 95 59 44 51 33 95 51 68 97 49 30 45 39 60 46 45 0 0 0 0 0 0 0 0 0 11 8 8 15 0 0 0 0 0 0 0 0 0 0 0 5 0 0 0 0 6 13 27 0 1 13 80 65 99 43 55 89 83 19 0 42 52 100
100 69 82 66 3 51 87 46 77 57 59 41 62 96 30 35 64 45 33 85 54 59 67 18 70 65 55 85 66 50 100 87 69 38 18 12 66 61 84 32 89 99 60 14 31 36 1 5 15 0 0 0 0 0 0 0 0 0 0 0 0 0 0 0 0 0 0 0 0 0 0 0 0 36 0 0 0 0 10 11 39 17 74 54 93 96 75 25 47 62 10 10 52 100 100 100
29 67 55 84 45 95 86 43 35 56 1 27 77 91 38 52 82 62 74 72 97 71 85 43 91 56 53 98 83 89 100 80 74 50 98 52 45 72 35 17 83 96 84 16 56 0 0 0 0 0 8 0 0 0 0 0 0 0 0 0 0 0 0 0 0 0 0 0 0 0 0 0 0 23 25 0 0 46 23 37 27 33 99 100 99 41 57 100 39 27 13 94 100 89 98 100
62 45 29 55 57 12 45 51 61 3 22 13 51 6 40 52 60 75 75 88 100 100 100 35 79 86 64 55 97 100 100 89 72 36 67 36 79 35 0 52 76 81 38 68 51 24 1 0 5 51 11 0 0 0 0 0 0 0 0 0 5 0 0 0 0 0 0 0 0 0 0 0 0 0 37 14 22 67 27 62 37 81 100 99 42 36 61 51 22 60 85 91 55 89 97 87
96 59 71 79 10 18 74 84 81 60 58 20 31 45 68 90 80 100 64 100 100 100 83 27 58 24 49 28 73 100 99 71 55 88 79 49 15 0 22 96 97 55 31 59 30 24 38 26 76 89 66 21 0 0 0 0 0 36 24 29 65 34 1 0 0 0 0 0 0 0 3 0 0 0 15 26 84 99 40 99 100 100 95 36 71 97 51 0 24 98 100 100 61 36 38 47
53 70 58 39 11 42 93 100 62 54 34 21 64 76 69 24 80 100 65 100 100 100 60 45 67 69 75 75 90 100 100 93 64 53 45 91 61 29 93 99 60 22 37 41 41 41 30 67 95 93 38 7 0 0 0 53 12 91 72 92 96 48 5 0 0 0 0 0 0 0 9 9 0 4 0 62 100 100 79 100 100 100 47 63 92 30 7 50 66 92 84 13 12 6 17 6
25 52 62 92 44 70 89 97 55 56 43 53 79 31 26 25 81 95 88 100 100 99 58 72 88 95 68 64 85 100 99 75 29 96 100 96 24 55 99 66 95 69 4 15 33 8 59 65 70 30 0 0 13 83 32 80 81 88 98 100 80 41 0 0 0 0 0 0 0 0 0 10 63 14 0 30 100 97 38 68 59 46 51 76 19 7 60 100 100 100 58 0 0 0 0 48
61 64 54 86 80 89 95 89 73 65 72 47 50 29 23 65 33 95 100 100 100 97 97 67 78 42 57 47 56 74 94 23 93 100 100 100 49 52 75 84 82 36 0 0 0 14 52 38 7 0 7 28 47 90 92 87 84 94 91 42 25 2 0 0 0 0 0 0 0 0 0 28 10 0 12 20 99 62 9 26 7 16 60 17 7 57 100 97 100 98 60 0 0 0 8 92
26 31 70 36 53 38 99 100 100 86 79 9 31 9 18 79 94 99 99 100 100 100 97 69 69 57 27 39 2 54 95 35 6 27 31 43 0 0 58 67 3 0 0 0 0 3 26 4 18 49 90 100 90 50 79 86 72 64 15 0 0 0 0 0 0 0 13 1 0 0 7 68 0 3 32 93 96 14 12 30 3 60 18 23 84 100 56 45 42 66 23 0 0 10 64 63
53 59 41 46 53 62 78 100 97 76 74 53 57 0 43 74 75 90 39 50 100 100 80 33 49 59 76 62 50 71 21 0 0 0 0 0 0 0 63 59 0 0 0 0 0 3 13 84 96 100 70 84 72 67 23 8 22 0 0 0 0 0 0 0 0 0 5 26 2 10 81 71 0 53 8 100 72 17 53 33 53 11 47 97 100 100 89 8 0 0 0 0 2 33 10 48
87 90 56 59 81 46 50 100 49 67 55 50 30 7 100 75 46 83 64 90 100 97 64 89 68 44 89 62 71 52 7 0 0 0 0 0 18 31 13 40 0 0 15 14 7 0 78 75 86 78 29 56 64 56 39 0 0 0 0 0 0 0 0 0 0 0 0 5 65 95 67 7 19 73 51 55 18 12 19 41 12 18 89 100 100 98 44 17 7 5 0 0 0 0 0 0
49 70 57 68 100 53 82 90 46 80 27 51 60 43 91 89 72 52 95 100 96 91 96 100 99 91 56 14 42 3 3 0 0 0 0 24 79 66 64 21 49 78 91 97 32 26 55 97 47 24 20 19 33 38 0 0 0 0 0 0 0 13 5 0 4 30 68 87 76 51 6 37 86 100 97 41 22 83 57 13 28 30 59 100 69 46 75 99 91 93 25 0 0 0 34 63
67 97 98 98 100 76 100 29 23 94 66 63 77 61 100 100 87 71 97 52 34 82 77 62 27 71 34 0 0 0 0 0 0 0 0 0 14 3 68 41 78 47 84 22 1 14 62 97 74 15 5 39 10 0 0 0 0 0 0 0 0 34 29 0 80 100 100 100 82 9 28 95 79 54 26 45 46 18 38 51 15 64 100 100 78 80 100 100 100 99 61 0 0 0 40 91
100 79 61 89 100 100 100 56 93 79 59 99 81 95 97 69 78 81 30 17 32 3 0 31 74 42 0 0 0 0 0 0 0 0 0 0 0 12 85 26 28 77 80 10 13 15 77 97 46 4 44 2 0 0 10 25 1 7 25 8 49 42 16 30 97 100 100 97 49 42 79 38 19 67 37 29 40 7 22 1 17 51 58 68 77 49 41 67 91 100 76 42 21 5 63 55
82 95 100 97 100 100 100 100 93 52 44 36 23 72 15 10 90 51 0 0 0 0 29 84 28 0 10 11 0 0 2 3 21 49 4 19 45 75 100 9 37 81 17 23 63 2 24 85 61 27 61 0 0 0 42 89 29 30 95 49 8 42 94 100 100 91 55 84 67 71 50 31 55 68 31 16 8 21 42 23 42 11 34 36 35 22 93 81 39 19 81 100 100 69 18 97
51 95 92 39 71 100 92 82 22 53 49 71 83 97 56 29 98 5 0 0 0 9 67 78 28 1 23 22 23 0 3 68 92 54 41 11 51 94 55 8 84 92 78 95 79 10 33 93 44 40 62 1 14 0 52 77 38 68 100 71 13 47 96 100 100 86 63 44 6 3 80 70 76 29 31 21 31 68 45 40 13 35 2 32 19 78 34 1 8 45 70 99 100 73 0 38
41 49 53 23 38 35 57 60 22 52 77 32 56 49 4 12 29 0 0 0 11 5 6 51 61 92 88 55 73 46 47 97 73 94 99 58 25 78 30 39 34 99 100 100 97 34 100 71 22 26 55 4 68 38 88 76 7 52 100 95 84 48 100 100 100 95 46 38 7 34 65 15 11 28 4 49 64 94 100 97 57 2 29 55 69 77 31 29 31 22 47 65 100 64 34 85
6 34 34 46 20 70 91 67 43 91 48 6 66 85 5 0 0 9 2 1 31 33 15 47 36 36 95 81 90 97 98 97 43 23 78 100 79 16 28 1 2 91 100 98 100 100 83 44 26 26 54 66 76 91 100 68 50 87 53 83 85 30 100 100 100 83 68 68 81 86 30 34 29 5 19 21 24 100 89 50 23 26 45 76 17 0 0 0 2 42 14 66 100 84 97 100
71 43 5 6 66 75 38 6 4 51 5 3 74 91 15 0 21 55 3 10 14 17 54 47 37 6 51 94 99 89 66 71 35 3 29 58 81 29 21 0 1 22 57 77 48 79 50 68 23 25 28 45 35 98 13 16 57 97 59 65 96 63 100 100 92 53 34 59 34 30 12 31 3 49 2 21 87 100 88 97 90 83 97 46 0 0 8 69 64 81 55 100 100 100 100 69
81 51 3 5 60 43 0 0 0 0 0 58 100 61 28 2 9 78 17 88 6 57 97 77 27 0 28 54 55 25 2 7 39 35 62 49 5 5 21 2 0 1 41 52 45 59 77 83 52 56 66 75 55 27 56 51 33 49 33 53 29 45 72 70 29 10 19 11 11 55 32 5 67 68 1 100 100 100 92 75 87 31 76 43 0 6 78 100 74 44 67 100 100 100 100 89
69 82 87 86 72 37 0 0 0 0 0 41 99 100 47 56 87 48 33 100 98 100 80 62 23 0 6 9 1 1 0 0 33 12 41 47 18 31 16 2 37 31 50 68 84 54 34 27 0 11 28 50 47 59 40 15 4 41 40 24 12 39 39 27 26 30 1 8 78 47 12 23 100 87 65 100 94 76 17 20 80 7 7 8 6 62 69 71 46 74 100 100 97 100 100 42
54 79 19 4 0 0 0 0 0 0 12 64 86 100 56 91 99 25 39 97 92 78 21 2 16 0 0 0 0 0 0 0 0 0 0 0 7 33 19 1 33 77 93 71 56 47 0 0 0 0 0 0 0 0 0 0 0 13 1 33 40 36 33 27 20 1 0 19 67 43 0 7 91 100 100 100 35 0 0 2 21 0 0 0 36 68 62 77 43 59 98 30 68 100 85 26
100 71 13 1 3 0 0 11 31 73 87 96 57 99 45 46 63 39 81 66 22 5 0 0 0 0 0 0 0 0 0 0 0 1 0 0 4 0 0 14 61 25 4 0 0 0 24 2 0 18 18 0 0 0 5 0 0 1 0 3 10 28 25 12 0 0 0 18 17 23 45 77 36 85 100 100 25 2 26 15 20 20 3 3 80 100 100 63 17 62 81 5 91 75 18 65
71 64 89 92 82 43 10 84 39 50 93 78 100 100 72 21 38 23 71 61 2 0 0 0 0 0 0 0 0 0 0 0 0 35 14 19 3 31 13 13 7 3 0 11 27 29 38 3 0 20 20 21 0 15 27 5 0 15 22 13 38 0 0 43 16 0 16 14 18 74 43 20 10 58 94 100 25 46 93 74 78 80 14 42 80 97 70 16 4 76 77 43 100 63 0 62
15 34 69 100 100 99 92 89 84 52 59 68 24 100 96 77 32 22 71 28 2 7 7 3 0 0 2 0 0 0 0 0 0 9 50 27 17 42 25 32 25 13 23 59 39 19 6 14 60 24 16 0 0 7 54 25 30 63 31 19 21 0 4 38 3 6 64 94 35 7 0 27 40 85 80 58 60 100 100 40 58 65 46 94 100 100 94 19 6 41 40 92 60 12 18 20
76 86 97 99 85 23 39 94 35 31 68 100 98 97 65 23 25 12 9 0 0 45 27 29 1 45 18 0 0 0 0 0 2 41 11 15 68 44 0 3 22 58 29 1 0 21 5 62 13 73 65 31 1 0 0 7 0 2 81 67 41 22 4 69 64 2 17 42 87 24 2 0 32 85 25 13 42 77 70 40 30 65 96 80 100 100 92 84 87 41 20 0 6 23 1 44
64 78 86 42 3 45 90 90 63 51 37 86 99 75 49 15 43 0 0 0 0 15 36 1 20 15 0 0 0 0 0 0 10 26 60 85 62 46 11 66 83 98 61 35 43 0 5 24 0 23 79 35 20 3 4 31 13 6 70 37 40 31 0 57 62 3 18 17 74 65 90 7 66 42 0 13 0 0 55 23 54 67 73 73 100 100 89 71 69 90 35 8 0 9 32 9
26 80 56 0 4 92 72 40 41 28 25 53 47 11 0 6 1 0 0 0 0 0 0 0 0 0 0 0 1 0 1 3 18 39 17 50 28 81 89 88 34 66 9 19 78 13 32 42 17 10 93 76 57 59 75 83 75 8 35 37 69 61 32 78 53 19 88 87 54 93 96 33 98 37 0 0 0 0 37 95 98 52 44 4 7 51 100 95 77 90 75 8 0 50 37 16
47 12 3 0 37 34 1 18 80 55 24 23 0 0 0 0 0 0 0 0 0 0 0 0 0 0 0 13 10 0 28 22 5 0 3 0 48 40 87 63 5 0 0 23 93 39 15 64 0 19 98 79 1 24 82 50 80 70 62 35 46 48 10 85 100 41 100 100 100 100 100 85 74 17 0 0 0 3 63 100 100 38 4 0 0 5 44 62 99 56 26 56 32 36 23 18
27 0 2 26 2 0 6 12 23 10 25 3 0 0 0 0 0 0 0 0 0 0 0 0 0 0 0 0 15 18 4 7 19 36 49 0 6 6 86 62 48 10 7 36 18 78 29 78 1 4 50 59 1 4 79 56 71 77 47 35 20 0 6 80 99 50 96 98 100 100 100 34 0 0 0 0 9 37 12 78 93 56 93 50 6 12 17 3 23 56 1 7 37 53 21 0
19 55 71 94 89 40 66 70 88 63 8 16 0 0 0 0 0 0 0 0 0 0 5 0 0 0 16 19 15 7 13 8 88 51 0 0 0 35 92 98 100 36 2 16 29 74 17 82 22 0 2 13 45 92 90 93 99 58 23 53 19 15 60 39 55 66 89 83 100 100 100 47 14 29 0 0 95 100 34 44 100 99 80 86 28 39 35 7 0 5 0 1 27 41 19 0
1 71 99 99 61 9 23 36 17 8 44 5 0 0 0 0 0 0 0 0 0 0 25 4 44 18 4 25 80 63 34 28 100 73 34 7 0 13 57 65 100 87 26 46 54 62 29 63 8 0 5 47 91 83 82 98 40 22 1 21 19 18 63 7 43 100 90 79 96 98 100 99 82 70 0 69 73 29 70 93 95 36 41 27 43 45 0 7 0 8 0 0 0 11 0 5
