data/habitatmaps/RS_maps/habitat_Fringilla.coelebs_2020.asc
NCOLS 369 
NROWS 228 
XLLCORNER 479000 
YLLCORNER 73000 
CELLSIZE 1000 
NODATA_value -9 
[rows 124 to 185 of 228, columns 0 to 95 of 369]
-9 -9 -9 -9 -9 -9 -9 -9 -9 -9 -9 -9 -9 -9 -9 -9 -9 -9 -9 3 40 100 100 100 93 65 91 21 12 19 0 7 62 77 91 59 60 37 62 92 14 63 51 29 67 30 0 8 70 65 37 3 2 0 0 0 25 20 21 26 0 0 0 8 0 34 30 11 41 1 16 67 26 30 11 63 12 49 47 53 0 15 59 39 21 11 27 13 9 28 17 61 13 10 33 47
-9 -9 -9 -9 -9 -9 -9 -9 -9 -9 -9 -9 -9 -9 -9 -9 -9 -9 2 47 83 100 100 90 40 71 18 0 0 2 49 87 90 95 36 60 61 33 57 91 15 72 60 34 70 82 87 95 99 99 30 58 13 0 0 6 30 27 64 39 0 19 48 8 41 19 49 16 28 39 42 38 20 46 0 25 41 41 3 53 45 7 59 80 6 17 5 28 34 21 39 7 10 27 40 23
-9 -9 -9 -9 -9 -9 -9 -9 -9 -9 -9 -9 -9 -9 -9 -9 -9 44 80 100 100 100 83 19 4 65 16 5 50 78 60 77 89 66 61 55 31 67 87 100 81 58 82 53 84 76 89 42 88 60 27 59 28 0 21 0 0 23 50 57 9 63 11 8 47 19 12 0 28 71 8 0 40 40 24 29 26 56 19 0 33 71 72 29 34 30 0 5 25 18 8 24 58 17 27 56
-9 -9 -9 -9 -9 -9 -9 -9 -9 -9 -9 -9 -9 -9 -9 -9 48 97 100 100 93 50 7 23 30 58 62 88 76 54 91 100 79 52 67 66 80 99 58 71 66 36 78 74 68 12 20 13 56 7 9 17 0 3 88 8 18 61 41 10 24 61 0 5 40 51 21 31 0 10 44 22 1 49 87 44 23 18 44 9 30 51 27 0 21 29 9 5 0 17 18 31 4 43 68 32
-9 -9 -9 -9 -9 -9 -9 -9 -9 -9 -9 -9 -9 -9 -9 39 100 100 98 81 54 47 82 88 8 25 100 68 72 99 100 62 32 53 81 70 100 96 72 97 89 87 59 77 59 13 72 45 9 11 0 0 0 8 21 6 49 61 39 56 38 46 33 32 18 59 34 16 42 4 38 16 22 61 65 37 9 0 2 27 3 1 0 0 13 30 37 32 29 41 35 42 35 7 26 38
-9 -9 -9 -9 -9 -9 -9 -9 -9 -9 -9 -9 -9 13 57 77 98 99 71 75 85 38 54 31 69 91 86 99 91 70 89 70 81 96 64 69 98 100 85 19 19 70 62 88 78 78 97 70 8 8 28 0 0 0 16 92 42 70 33 47 26 0 27 37 42 73 41 16 41 21 20 9 35 21 29 13 31 4 0 9 13 41 0 2 39 4 41 18 32 37 63 60 27 31 24 28
-9 -9 -9 -9 -9 -9 -9 -9 -9 -9 -9 -9 6 66 58 100 100 70 70 34 10 17 29 65 92 94 40 41 69 80 68 76 98 78 67 66 95 67 39 22 32 35 58 61 58 13 11 69 11 43 18 9 0 0 20 64 19 16 36 71 11 8 58 0 11 51 35 10 36 20 66 54 19 14 13 4 33 25 5 33 39 14 3 28 3 0 16 37 41 89 100 61 1 40 27 5
-9 -9 -9 -9 -9 -9 -9 -9 -9 -9 -9 48 84 77 86 98 70 43 0 0 5 46 97 82 73 76 60 68 96 80 97 84 57 71 38 37 70 83 59 47 40 40 45 85 65 35 78 100 73 16 24 2 0 2 7 30 4 40 54 17 9 78 22 13 82 28 0 4 0 11 52 43 38 19 28 1 25 37 2 20 7 15 31 0 6 29 1 15 11 1 34 0 20 16 0 0
-9 -9 -9 -9 -9 -9 -9 -9 -9 -9 69 91 83 88 40 11 39 14 37 60 91 52 96 43 51 76 94 84 100 95 72 42 53 18 31 32 39 78 7 58 72 71 88 10 49 100 100 97 99 70 12 20 4 27 90 50 9 12 50 12 12 51 0 35 63 1 7 19 30 24 64 74 45 64 17 2 21 41 0 0 0 11 10 24 17 29 20 63 67 10 23 34 19 0 0 27
-9 -9 -9 -9 -9 -9 -9 -9 -9 -9 41 44 100 27 2 40 16 36 67 99 84 49 84 67 92 78 100 100 98 79 39 34 27 31 11 58 86 94 58 49 38 92 20 57 93 95 35 23 44 95 23 49 83 84 25 13 5 1 0 45 0 27 1 26 56 21 0 15 59 74 13 26 15 13 34 51 40 17 9 0 2 0 0 29 1 24 37 77 33 24 42 57 47 31 43 19
-9 -9 -9 -9 -9 -9 -9 -9 -9 61 91 85 59 66 27 31 41 98 100 100 97 83 59 87 80 98 100 100 100 49 38 23 25 1 69 95 74 79 79 90 80 55 2 73 59 12 13 20 46 16 9 59 8 71 26 28 7 22 27 48 7 20 35 32 30 24 11 62 44 27 26 27 5 51 13 61 8 27 5 0 27 26 12 2 0 9 36 68 94 33 0 13 21 6 20 0
-9 -9 -9 -9 -9 -9 -9 -9 93 35 23 0 17 47 75 95 100 100 100 100 94 68 88 94 95 100 100 100 100 54 37 7 3 64 44 35 78 80 92 89 57 11 60 76 12 21 1 24 43 26 0 0 36 21 1 18 23 5 29 48 44 40 9 49 22 48 12 65 8 32 19 16 50 6 31 1 37 20 2 0 1 10 3 0 13 19 26 48 56 2 0 57 33 5 25 20
-9 -9 -9 -9 -9 -9 -9 -9 23 27 5 0 0 31 96 100 100 100 99 100 94 54 81 100 100 100 100 86 58 47 7 37 69 99 53 40 46 34 81 96 99 63 72 3 2 42 25 2 15 0 0 0 36 0 0 0 0 0 0 26 49 25 35 23 36 22 38 46 46 55 32 1 38 0 51 22 24 4 52 17 4 0 0 2 13 29 3 0 2 0 18 32 3 25 2 12
-9 -9 -9 -9 -9 -9 -9 -9 22 63 7 0 26 95 100 100 100 100 64 99 65 66 100 100 100 100 100 26 34 5 29 28 27 50 44 38 100 90 100 88 39 35 28 6 13 18 13 45 43 24 16 11 30 0 57 17 20 3 9 30 28 18 0 49 46 64 64 4 34 26 30 34 9 0 1 62 65 42 54 36 22 6 3 33 0 20 30 14 32 7 29 71 64 41 0 16
-9 -9 -9 -9 -9 -9 -9 -9 86 36 12 57 100 100 100 100 90 61 50 96 67 99 100 100 100 100 40 43 59 14 31 2 0 53 76 69 100 100 100 30 3 0 0 30 17 1 17 46 27 61 61 7 12 6 33 46 60 19 42 56 43 24 11 63 95 98 22 1 11 11 2 30 12 32 1 29 16 39 25 7 17 36 29 11 6 12 0 18 17 25 46 85 84 81 9 38
-9 -9 -9 -9 -9 -9 -9 62 53 28 90 100 100 100 100 69 51 36 23 71 96 100 100 100 100 99 45 8 47 53 80 68 70 43 16 38 94 100 92 44 9 24 49 94 36 0 0 9 0 25 58 15 0 0 6 9 1 33 22 32 36 44 60 50 71 72 44 0 13 36 9 79 9 18 12 1 5 4 25 1 0 38 36 2 68 53 24 28 41 13 9 25 69 77 69 39
-9 -9 -9 -9 -9 -9 -9 36 57 71 100 100 100 100 100 93 85 75 9 35 100 100 100 100 78 31 49 63 100 100 76 84 27 0 10 94 74 100 60 7 0 53 31 2 92 52 9 21 6 8 27 60 1 14 6 15 31 11 59 57 23 61 48 76 100 100 14 15 27 44 0 77 16 39 62 10 24 32 69 12 8 14 0 60 96 90 46 81 49 20 11 59 2 11 9 51
-9 -9 -9 -9 -9 -9 -9 41 17 93 100 100 99 72 85 100 87 17 33 98 100 100 100 100 67 47 34 100 66 47 50 21 0 0 19 69 100 100 23 2 52 49 12 8 52 18 6 25 7 23 47 32 0 28 33 32 69 48 22 88 96 93 87 100 100 99 51 53 40 3 0 7 14 10 29 16 16 3 0 0 24 1 4 93 85 72 92 100 81 21 0 19 10 36 47 84
-9 -9 -9 -9 -9 -9 -9 37 87 98 87 92 33 46 92 84 31 17 88 100 100 100 100 81 44 5 61 76 60 0 24 0 0 54 100 100 96 39 9 7 84 47 9 25 5 0 0 33 24 17 48 49 4 74 84 68 62 48 82 86 54 61 92 91 92 78 36 38 45 17 33 0 0 3 18 0 0 0 0 0 0 0 8 58 41 95 100 100 71 19 32 63 53 57 58 73
-9 -9 -9 -9 -9 -9 -9 98 100 100 90 65 50 80 60 31 55 91 100 100 99 100 94 34 1 25 100 84 84 39 62 0 8 94 100 90 28 0 0 10 79 95 95 35 0 4 10 4 4 29 54 19 0 27 63 94 70 18 53 12 57 71 87 50 85 100 100 66 37 62 21 0 31 64 21 27 0 8 8 1 0 48 61 80 52 100 100 100 60 81 63 47 19 67 7 61
-9 -9 -9 -9 -9 -9 -9 99 100 100 100 100 58 51 78 46 79 100 100 100 76 93 96 28 49 53 100 84 49 38 87 87 42 94 100 66 21 0 0 17 6 34 69 38 41 9 13 30 0 2 12 83 64 4 81 83 66 8 15 83 33 81 92 94 84 25 33 37 44 74 72 24 27 20 45 60 53 10 22 0 0 7 55 41 87 100 56 74 47 73 20 65 46 8 9 81
-9 -9 -9 -9 -9 -9 -9 100 100 100 100 98 63 77 37 45 100 100 100 100 100 92 23 82 35 74 98 72 29 81 44 78 100 100 100 27 1 0 28 62 44 55 54 16 4 0 1 15 23 1 32 36 48 74 58 66 99 83 35 75 94 88 100 73 38 34 31 0 0 1 0 23 31 19 3 5 0 26 27 0 0 0 50 38 27 58 74 61 10 0 30 8 72 27 0 59
-9 -9 -9 -9 -9 -9 -9 100 100 99 84 100 100 63 27 95 100 100 100 100 100 79 70 50 85 100 67 11 92 95 100 100 100 100 68 23 61 6 2 96 100 97 69 2 0 0 8 6 6 0 18 7 49 30 12 83 86 90 62 32 60 100 90 29 18 17 16 37 0 5 29 58 54 0 23 76 35 42 59 2 0 3 39 54 59 75 65 34 3 23 13 51 72 20 49 52
-9 -9 -9 -9 -9 -9 100 100 85 57 97 87 100 75 97 100 100 100 100 86 46 74 58 98 100 87 11 54 100 100 100 100 100 85 47 52 4 12 45 99 77 32 29 0 0 4 35 24 1 16 15 13 81 34 87 31 46 43 21 51 74 81 81 70 22 36 8 3 1 0 19 44 0 3 0 36 22 0 15 16 1 4 65 59 57 62 56 9 26 66 84 88 54 25 62 29
-9 -9 -9 -9 -9 70 100 79 65 85 54 96 100 74 100 100 100 100 79 3 44 70 94 99 67 60 12 85 100 100 91 95 95 18 15 25 38 35 94 51 14 0 22 36 0 11 33 39 17 52 62 39 71 53 60 6 14 53 49 11 73 100 100 100 26 33 0 11 38 16 10 4 33 55 38 3 40 25 57 45 65 21 61 95 100 97 67 43 19 71 81 48 48 31 54 42
-9 -9 -9 -9 -9 90 74 59 75 37 100 100 99 61 92 100 100 79 4 16 67 100 92 48 94 61 12 91 100 99 27 44 55 25 47 26 46 50 61 55 11 0 5 10 0 5 9 34 88 58 48 69 72 83 50 0 0 1 61 68 100 100 100 87 68 21 0 34 58 12 0 0 22 54 9 14 10 21 45 42 18 2 79 35 57 54 50 11 0 14 64 18 29 34 16 54
-9 -9 -9 -9 -9 42 85 100 82 91 100 92 74 74 80 99 53 5 1 82 89 100 84 96 63 66 74 100 100 73 29 8 64 42 0 0 37 73 0 11 41 26 21 29 0 35 33 55 27 0 0 9 9 48 3 0 0 0 1 1 6 13 30 56 25 59 37 0 24 53 0 0 36 47 43 24 51 67 3 77 64 84 72 87 47 54 15 0 0 14 54 40 21 22 3 3
-9 -9 -9 -9 -9 100 57 46 98 80 51 91 96 76 78 73 8 0 38 85 80 100 95 56 32 90 88 100 69 2 0 41 71 43 0 0 3 23 8 5 86 13 11 10 29 19 22 4 0 0 0 0 0 0 0 0 0 0 0 0 0 0 0 0 5 28 31 11 46 39 21 18 28 64 67 34 44 40 40 35 70 75 87 87 87 36 13 26 36 43 17 26 65 58 51 0
-9 -9 -9 -9 99 79 34 49 72 75 80 70 69 88 29 71 2 1 68 8 79 68 72 66 83 79 95 70 52 32 16 79 100 44 22 9 30 53 62 0 0 0 30 3 0 66 21 0 0 0 0 0 0 0 0 0 0 0 0 0 0 0 0 0 0 0 32 11 0 33 29 21 15 19 84 58 6 32 38 51 92 64 39 88 39 8 0 0 37 59 22 76 49 41 18 0
-9 -9 -9 -9 49 61 7 29 49 92 76 55 77 85 71 12 0 24 44 31 100 74 97 74 88 78 69 88 31 13 0 36 100 83 66 37 33 3 23 2 0 0 29 10 58 50 4 0 0 0 0 0 0 0 0 0 0 0 0 0 0 0 0 0 0 0 0 0 0 0 30 25 43 42 94 81 34 34 25 49 55 32 73 49 78 0 17 25 30 21 82 35 54 18 64 34
-9 -9 -9 -9 3 61 27 9 80 81 78 62 69 54 54 5 43 21 52 82 51 53 74 64 86 100 100 42 50 46 6 21 96 31 0 25 70 41 40 1 18 31 59 24 7 0 0 0 0 0 0 0 0 0 0 0 0 0 0 0 0 0 0 0 0 0 0 0 0 0 0 0 0 34 70 74 91 68 97 96 52 20 59 56 85 31 0 39 44 57 85 30 70 35 33 77
-9 -9 -9 -9 51 54 94 91 46 91 100 97 84 96 35 36 60 84 34 68 81 81 62 46 39 71 87 23 47 51 2 38 56 22 0 41 50 0 0 0 9 3 0 0 0 0 0 0 0 0 0 0 0 0 0 0 0 0 0 0 0 0 0 0 0 0 0 0 0 0 0 0 0 0 18 50 96 27 67 100 74 81 32 57 99 44 12 56 85 32 59 86 64 44 48 34
-9 -9 -9 -9 65 90 99 51 34 84 90 83 100 75 87 97 51 42 72 78 92 89 100 69 69 100 76 37 72 57 8 8 8 0 0 0 0 0 0 0 0 0 0 0 0 0 0 0 0 0 0 0 0 0 0 0 0 0 0 0 0 0 0 0 0 0 0 0 0 0 0 0 0 0 0 0 83 80 34 93 66 57 31 67 69 20 16 95 97 56 2 30 54 65 64 38
-9 -9 -9 78 74 100 98 71 99 76 100 100 86 64 96 96 19 30 81 81 75 73 100 100 100 98 64 60 93 32 0 14 8 17 0 0 0 0 0 0 0 0 0 0 0 0 0 0 0 0 0 0 0 0 0 0 0 0 0 0 0 0 0 0 0 0 0 0 0 0 0 0 0 0 0 0 8 24 80 87 99 71 85 93 83 8 0 56 96 51 22 0 12 81 55 27
-9 -9 -9 100 100 99 63 61 61 84 91 63 69 94 99 57 12 53 3 54 69 100 100 100 100 54 9 2 5 33 58 32 40 34 0 0 0 0 0 0 0 0 0 0 0 0 0 0 0 0 0 0 0 0 0 0 0 0 0 0 0 0 0 0 0 0 0 0 0 0 0 0 0 0 0 0 0 0 0 8 69 79 100 100 91 2 0 19 56 57 44 7 42 15 10 16
-9 -9 -9 100 82 47 51 48 91 77 46 93 96 81 69 34 5 10 61 100 100 100 100 90 96 28 12 0 11 0 28 70 28 0 0 0 0 0 0 0 0 0 0 0 0 0 0 0 0 0 0 0 0 0 0 0 0 0 0 0 0 0 0 0 0 0 0 0 0 0 0 0 0 0 0 0 0 0 0 0 14 89 100 100 96 70 42 0 9 72 34 27 35 63 0 16
-9 -9 -9 48 75 74 66 55 89 24 88 89 79 88 62 35 24 52 81 100 100 100 65 46 27 27 31 0 20 2 38 65 0 0 0 0 0 0 0 0 0 0 0 0 0 0 0 0 0 0 0 0 0 0 0 0 0 0 0 0 0 0 0 0 0 0 0 0 0 0 0 0 0 0 0 0 0 0 0 0 0 55 100 81 100 100 35 23 26 62 55 59 95 27 14 9
-9 -9 -9 -9 89 47 29 59 52 54 75 44 76 49 54 97 93 100 100 100 100 60 0 22 9 0 28 14 27 70 16 33 0 0 0 0 0 0 0 0 0 0 0 0 0 0 0 0 0 0 3 0 0 0 0 37 68 70 55 62 62 51 25 37 86 85 61 36 11 0 0 0 0 0 0 0 0 0 0 0 0 24 97 94 100 67 18 17 52 66 41 56 71 0 0 0
-9 -9 -9 -9 42 32 39 48 93 93 46 65 5 70 100 100 100 100 100 100 98 23 0 26 1 0 13 92 93 41 8 6 0 0 0 0 0 0 0 0 0 0 0 0 0 0 0 6 54 1 72 33 6 26 44 100 100 91 82 90 84 90 86 89 33 81 69 89 95 45 7 1 1 0 0 0 0 0 0 0 0 41 49 100 78 25 23 36 67 31 19 72 5 0 0 12
-9 -9 -9 -9 35 68 95 24 5 33 79 34 78 97 100 100 100 100 100 78 10 23 0 13 0 29 7 50 45 2 0 0 0 0 0 0 0 0 0 0 0 0 0 0 0 0 0 27 87 19 90 83 75 53 81 70 37 47 61 43 31 36 80 73 71 78 90 98 100 97 97 98 74 23 6 16 18 0 33 40 60 62 52 100 98 87 36 1 2 0 1 1 0 0 0 26
-9 -9 -9 -9 51 66 17 21 67 77 64 85 100 100 100 100 100 100 99 50 2 28 23 33 4 13 30 47 3 0 0 0 0 0 2 12 0 0 0 0 0 0 0 0 0 0 6 85 100 29 79 8 60 65 64 37 60 4 21 22 10 81 46 90 69 65 40 63 67 100 100 100 100 100 54 69 96 21 60 33 32 40 68 100 65 29 0 0 0 1 34 41 15 28 52 0
-9 -9 -9 -9 -9 50 40 97 59 65 88 54 100 100 100 100 100 98 53 4 48 57 12 30 38 0 45 4 0 0 0 0 9 51 66 71 11 0 0 0 0 0 0 0 9 37 53 61 100 39 21 24 78 51 35 7 13 0 31 59 54 27 30 54 65 68 33 18 33 56 75 88 100 95 100 100 65 1 37 3 15 50 100 79 18 45 4 0 0 41 80 27 44 40 53 19
-9 -9 -9 -9 -9 -9 83 92 67 100 35 79 100 100 95 72 36 68 34 59 74 58 21 51 14 27 59 0 0 0 0 6 67 22 38 69 37 26 0 0 0 29 58 66 66 75 76 86 97 100 71 13 32 13 11 7 0 11 4 16 33 34 34 74 72 99 26 17 86 59 86 45 31 0 61 100 98 32 42 27 0 47 92 56 76 65 32 0 21 46 65 52 100 65 22 64
-9 -9 -9 -9 -9 -9 98 72 100 84 47 100 100 62 58 4 30 24 71 96 87 16 47 51 0 0 0 0 0 0 0 47 44 54 23 44 52 29 11 0 21 62 14 4 44 19 70 91 91 72 100 61 23 19 21 45 1 30 60 64 79 75 87 52 84 20 0 3 27 79 5 0 0 0 60 100 100 47 27 4 0 57 96 100 77 80 55 3 30 29 66 74 25 35 60 65
-9 -9 -9 -9 -9 -9 92 80 94 8 49 100 100 33 83 18 0 38 64 4 6 4 43 11 1 6 0 0 0 0 7 74 89 83 73 88 77 44 36 40 56 22 22 41 43 39 82 69 43 52 83 95 94 43 -9 -9 -9 46 42 31 79 93 28 66 87 45 0 0 0 2 0 0 0 20 56 99 100 100 48 2 0 9 53 69 93 96 39 83 32 69 96 36 41 71 64 100
-9 -9 -9 -9 71 94 52 78 15 0 45 95 89 28 70 1 18 5 46 11 32 73 20 28 57 51 0 0 0 16 78 92 39 29 19 32 35 38 59 87 40 11 37 40 44 86 88 15 32 56 68 90 -9 -9 -9 -9 -9 72 64 33 34 73 76 63 28 39 18 23 0 0 0 0 0 10 72 81 66 100 96 27 25 15 30 59 57 77 58 58 80 96 76 53 17 13 0 45
-9 -9 50 47 92 49 70 40 0 1 67 99 34 15 43 75 49 38 19 2 45 39 0 97 100 15 0 0 0 1 51 61 39 18 25 33 17 74 42 66 48 67 100 60 60 21 30 0 18 56 -9 -9 -9 -9 -9 -9 -9 -9 100 83 41 47 71 94 62 53 26 44 19 0 0 4 23 68 81 99 100 100 41 0 0 33 1 24 58 83 88 99 86 72 97 17 0 0 0 0
-9 44 51 95 39 57 79 10 0 59 100 100 64 38 17 30 5 33 41 31 73 27 9 100 53 0 0 0 19 37 5 41 48 75 20 83 100 100 82 74 100 100 87 49 23 0 2 29 52 -9 -9 -9 -9 -9 -9 -9 -9 -9 72 60 91 65 37 76 84 83 86 27 5 68 42 14 6 27 69 61 71 91 66 0 0 26 0 65 62 74 100 51 90 81 49 0 30 0 0 7
50 54 45 71 43 83 41 0 9 97 100 77 5 0 29 10 9 39 28 76 86 56 64 72 0 0 0 0 66 47 67 31 40 51 48 42 45 47 19 89 100 63 24 53 16 -9 -9 -9 -9 -9 -9 -9 -9 -9 -9 -9 -9 -9 96 66 100 86 95 87 73 85 26 0 4 50 97 85 10 29 48 79 100 79 100 52 0 0 0 53 27 59 78 87 70 52 68 69 25 6 58 69
53 64 91 59 89 75 36 6 73 100 75 17 6 0 35 56 8 52 63 100 64 21 47 2 0 0 0 28 14 76 62 93 54 34 3 42 9 25 70 100 75 8 0 3 1 -9 -9 -9 -9 -9 -9 -9 -9 -9 -9 -9 -9 -9 100 68 80 58 84 76 70 42 41 46 46 72 69 74 73 52 1 29 85 100 100 68 8 0 0 1 34 57 77 100 61 73 100 99 46 56 75 33
56 36 64 100 93 100 68 11 96 100 100 75 51 53 30 58 35 46 74 23 81 45 60 60 0 0 0 25 28 1 44 93 100 30 36 17 88 65 37 71 73 51 25 2 34 -9 -9 -9 -9 -9 -9 -9 -9 -9 -9 -9 -9 -9 -9 74 65 63 74 49 52 72 54 69 71 42 60 46 83 75 33 8 31 97 100 83 0 0 0 0 53 7 42 61 27 89 94 79 97 57 16 16
38 44 97 100 100 70 8 89 100 99 62 12 19 2 35 5 0 23 46 1 35 43 91 54 0 0 0 25 0 1 73 75 71 76 51 55 81 7 49 27 28 14 21 34 53 -9 -9 -9 -9 -9 -9 -9 -9 -9 -9 -9 -9 -9 -9 -9 100 93 64 42 64 41 89 91 69 67 44 70 76 56 41 47 33 1 83 99 98 43 15 8 0 1 0 1 38 71 86 100 100 98 68 77
78 100 100 93 43 1 61 100 98 70 9 28 7 44 17 0 3 57 44 35 17 50 52 20 0 0 6 40 12 16 63 56 80 55 53 45 20 30 79 50 42 5 48 91 100 91 -9 -9 -9 -9 -9 -9 -9 -9 -9 -9 -9 -9 -9 -9 100 54 28 68 43 63 31 46 51 39 35 4 80 96 54 62 41 43 97 51 80 100 93 63 9 27 18 0 40 17 48 68 100 72 74 51
59 99 74 50 2 1 89 71 42 48 37 5 19 15 2 0 71 60 45 68 12 80 25 2 0 24 54 33 0 4 31 70 100 66 34 20 44 58 40 39 55 84 94 100 100 65 -9 -9 -9 -9 -9 -9 -9 -9 -9 -9 -9 -9 -9 -9 -9 100 60 80 10 35 49 47 51 13 0 4 56 73 74 86 28 66 42 17 87 100 100 85 27 25 11 25 91 96 100 97 63 79 92 99
83 58 56 97 17 86 99 94 64 34 13 55 100 43 71 35 57 19 43 48 58 100 16 0 0 63 18 3 22 0 1 13 86 59 12 42 68 63 65 91 66 71 57 100 100 66 -9 -9 -9 -9 -9 -9 -9 -9 -9 -9 -9 -9 -9 -9 91 64 65 42 5 58 94 85 76 49 1 0 77 91 79 92 48 1 0 5 71 100 86 90 59 2 16 29 85 69 100 81 51 100 66 93
93 58 84 42 79 100 100 58 83 4 0 16 15 13 30 29 48 37 27 32 33 68 6 0 0 82 75 12 0 0 17 14 81 69 40 65 84 94 100 100 64 96 73 70 57 41 -9 -9 -9 -9 -9 -9 -9 -9 -9 -9 -9 -9 -9 -9 42 78 99 44 2 30 38 40 83 83 63 41 99 53 77 74 70 17 49 4 73 93 52 100 44 74 65 21 36 34 100 76 65 57 32 56
31 77 79 66 100 100 87 54 12 2 27 23 0 0 0 66 85 11 33 84 85 20 0 0 8 96 31 0 1 7 1 40 72 44 56 99 100 100 100 78 32 89 91 72 54 67 -9 -9 -9 -9 -9 -9 -9 -9 -9 -9 -9 -9 -9 -9 81 97 92 25 0 0 0 1 50 79 92 72 77 14 12 92 85 68 67 76 73 73 92 96 96 100 83 12 1 14 100 81 20 0 3 64
46 100 91 100 90 54 48 0 0 10 86 9 20 6 0 33 30 51 86 100 100 19 0 0 58 60 10 21 2 34 11 49 34 71 60 79 87 100 67 87 27 72 56 25 20 32 -9 -9 -9 -9 -9 -9 -9 -9 -9 -9 -9 -9 -9 -9 100 95 80 70 6 9 16 0 21 40 66 79 16 0 59 100 84 48 2 41 42 92 98 88 100 67 36 40 35 53 100 24 0 0 0 0
80 100 100 93 46 1 24 26 14 40 29 0 22 49 50 26 93 77 72 100 84 11 0 18 76 57 30 9 37 42 43 60 65 67 97 58 63 100 100 73 12 38 52 28 33 -9 -9 -9 -9 -9 -9 -9 -9 -9 -9 -9 -9 -9 -9 71 88 93 61 55 19 72 100 92 93 80 7 11 0 0 58 87 6 19 65 76 50 41 95 91 86 87 33 92 62 100 46 27 0 0 0 0
97 100 98 73 20 20 0 64 47 37 34 16 10 26 10 53 39 44 72 76 50 0 7 66 73 80 49 27 61 90 24 42 33 34 53 53 94 100 100 55 36 65 16 27 30 -9 -9 -9 -9 -9 -9 -9 -9 -9 -9 -9 -9 -9 -9 39 80 99 88 98 80 91 69 100 100 87 11 0 0 29 64 20 0 55 68 18 80 77 81 43 64 75 88 42 56 100 89 18 0 0 0 0
100 100 61 52 42 43 25 55 0 12 48 3 26 20 23 44 69 88 78 75 68 95 87 100 100 100 88 93 81 77 32 47 54 41 59 55 90 100 82 63 13 48 82 43 61 -9 -9 -9 -9 -9 -9 -9 -9 -9 -9 -9 -9 -9 -9 16 78 99 68 100 100 90 32 56 68 77 55 11 0 3 9 0 50 60 64 35 88 73 26 14 61 83 97 75 99 100 100 69 0 0 0 0
100 83 66 45 3 41 46 36 29 36 50 13 42 54 17 9 40 89 99 62 62 100 77 97 74 100 100 96 96 100 50 35 68 50 46 34 58 100 60 58 26 73 15 18 38 -9 -9 -9 -9 -9 -9 -9 -9 -9 -9 -9 -9 -9 -9 62 70 66 76 96 100 47 53 51 71 82 14 13 0 0 0 0 11 29 53 80 77 89 6 16 81 22 84 81 88 58 100 72 3 0 0 0
