data/habitatmaps/RS_maps/habitat_Sitta.europaea_2007.asc
NCOLS 369 
NROWS 228 
XLLCORNER 479000 
YLLCORNER 73000 
CELLSIZE 1000 
NODATA_value -9 
[rows 62 to 123 of 228, columns 96 to 191 of 369]
19 89 64 27 70 62 71 60 56 36 41 43 30 90 92 97 56 15 70 92 89 95 65 57 69 61 51 51 54 73 66 85 71 58 60 64 42 0 0 0 0 1 89 76 84 47 57 54 18 0 0 0 6 75 18 69 20 1 22 25 0 0 0 18 42 39 48 59 27 37 30 23 54 6 15 26 35 1 18 26 83 64 0 0 0 7 0 13 42 77 33 0 0 10 4 4
75 76 18 40 27 32 35 90 100 86 79 96 100 44 47 70 48 55 65 44 85 75 50 40 19 11 32 14 69 66 67 81 59 93 76 56 41 62 78 86 92 96 93 86 72 5 0 0 0 15 34 57 80 80 72 83 51 93 98 83 49 35 0 1 65 96 90 72 15 29 13 0 48 29 19 24 79 50 0 1 55 85 8 0 0 35 0 0 25 41 35 10 16 34 40 0
44 20 9 8 4 56 70 51 56 74 35 37 70 63 75 86 85 41 3 5 7 0 0 5 7 34 53 80 76 72 25 11 34 87 79 96 79 83 96 90 97 99 24 16 2 0 0 0 1 29 54 69 57 66 1 8 15 74 100 71 46 66 0 0 47 94 87 3 11 92 54 0 26 77 75 27 45 28 0 0 41 56 5 0 0 52 0 0 40 53 29 8 0 6 25 0
4 16 23 64 86 43 34 9 11 22 41 46 60 52 67 69 77 67 73 26 27 34 35 69 52 55 58 94 69 5 17 45 66 88 82 63 45 63 43 44 52 57 65 29 0 0 18 36 53 80 15 5 0 54 10 17 35 44 100 46 6 76 31 0 38 59 86 36 68 51 55 0 26 85 8 0 13 43 3 0 0 8 0 0 0 15 4 0 1 77 16 0 0 0 65 3
50 40 17 51 39 54 50 53 67 80 89 75 58 59 32 36 51 98 100 82 64 79 90 60 68 72 98 50 40 90 100 100 57 57 77 55 67 94 24 20 12 28 0 0 0 0 9 94 100 36 75 6 4 10 14 60 97 96 78 9 21 87 67 1 0 41 88 69 12 57 29 0 22 56 9 32 12 72 18 2 0 0 52 10 0 1 37 6 0 67 30 5 0 0 69 16
21 27 45 46 63 47 59 86 61 70 55 52 66 39 35 40 69 91 87 70 46 65 80 63 39 93 100 98 84 80 62 76 95 82 20 0 31 57 46 22 51 9 10 54 57 75 76 68 99 6 18 51 95 23 31 88 45 100 100 26 39 62 67 29 0 23 32 35 73 67 3 0 7 4 46 64 49 22 92 64 9 0 43 87 23 0 48 88 35 43 99 16 0 28 14 29
33 34 61 43 60 53 35 34 38 61 74 73 37 0 7 5 9 12 34 43 80 47 77 96 72 83 88 100 90 100 100 98 88 72 38 8 20 17 8 2 0 0 60 64 65 100 54 12 45 0 21 48 5 0 31 100 95 39 34 5 19 20 21 35 0 0 28 73 63 57 0 0 0 0 14 88 59 58 33 95 48 0 8 20 15 0 28 34 2 11 52 31 27 2 19 30
24 48 71 79 70 42 71 18 0 0 9 0 0 52 59 70 50 65 100 100 98 73 64 51 84 88 100 93 92 65 82 35 35 75 46 34 44 26 9 0 0 10 33 1 51 58 37 0 32 45 24 5 34 51 17 41 45 23 36 0 15 34 87 78 0 16 74 77 78 96 14 0 0 0 26 22 9 76 18 27 23 10 0 0 58 0 4 7 0 0 6 35 12 0 32 17
15 22 59 52 30 13 15 0 0 22 53 30 40 90 83 81 79 57 21 48 56 54 60 94 100 100 39 3 39 15 0 34 79 66 52 45 21 26 0 0 0 32 54 34 93 11 9 24 69 62 39 1 56 92 80 0 23 74 43 1 40 85 74 50 26 1 38 68 72 76 11 0 19 5 2 22 5 31 18 0 11 32 0 25 64 3 0 0 0 0 39 77 33 1 27 10
58 55 31 52 93 22 0 6 49 95 100 96 95 59 54 50 41 47 99 79 92 100 79 70 56 18 17 17 28 44 0 12 28 1 12 1 20 32 0 20 30 39 52 55 8 50 46 31 4 24 0 0 42 100 92 4 3 10 0 20 26 51 22 25 47 19 2 84 81 36 3 10 17 0 0 51 26 3 31 11 27 2 0 3 75 32 0 2 50 27 17 58 42 2 0 14
29 38 54 57 54 48 67 71 77 74 23 37 62 86 91 61 48 80 98 95 96 90 14 2 0 0 0 0 0 0 0 0 0 0 0 30 39 21 2 80 84 46 0 7 11 95 71 10 1 52 19 0 65 71 23 0 0 57 2 31 29 35 3 58 0 1 10 10 6 0 11 44 4 0 0 22 16 8 35 0 0 0 0 15 33 15 0 0 30 8 6 44 61 29 0 0
56 24 12 20 59 84 86 70 79 93 83 72 66 86 62 56 97 98 100 70 27 0 0 0 0 0 0 0 0 0 0 0 0 17 6 18 23 2 0 52 100 42 33 49 2 0 45 27 29 44 56 0 75 26 24 51 0 52 56 3 27 0 20 81 27 32 89 38 22 17 0 39 9 22 0 0 14 13 15 0 0 0 17 35 39 26 6 0 0 0 22 19 84 31 0 0
16 5 0 4 1 77 80 64 66 58 22 53 76 86 36 54 54 15 87 45 0 0 0 0 0 0 0 0 0 0 43 71 59 14 9 45 0 0 0 22 24 4 42 1 1 0 10 23 2 12 20 0 80 86 54 7 0 25 7 24 0 6 26 56 64 0 67 100 35 35 41 54 3 36 71 10 0 1 16 0 13 8 20 22 64 21 21 0 0 0 0 4 34 16 0 0
78 53 63 76 65 61 56 75 78 79 54 68 0 18 100 92 63 45 19 0 0 0 0 0 0 0 0 3 7 35 97 57 74 7 0 4 50 7 2 0 18 6 7 34 17 21 0 8 20 57 6 1 58 58 37 10 12 21 8 33 3 13 10 1 28 0 8 10 3 0 10 22 0 32 36 0 0 9 34 0 49 76 2 7 72 0 0 0 4 14 0 0 27 50 4 1
33 58 55 58 74 91 91 35 41 84 65 75 67 85 50 18 39 27 21 0 0 0 0 0 5 18 0 20 85 84 46 24 6 5 0 10 19 0 19 63 71 2 7 66 22 6 27 85 57 38 20 5 24 62 43 17 39 71 18 14 18 9 5 20 28 0 0 0 0 0 1 26 2 2 14 0 0 0 18 21 33 35 7 6 0 0 22 20 0 14 0 0 5 31 9 53
52 66 36 17 32 70 82 85 71 65 80 90 79 82 79 64 58 12 11 0 0 0 0 4 32 64 53 87 91 25 0 0 42 65 30 0 0 0 55 22 80 30 62 15 28 64 81 25 42 74 23 0 4 17 39 7 86 44 30 35 0 31 29 3 75 28 1 0 0 0 7 41 34 16 11 0 0 0 0 3 6 4 8 20 0 26 1 5 3 0 18 0 6 28 12 5
48 22 18 34 68 51 40 0 11 72 95 69 36 25 84 38 4 0 0 0 0 0 6 79 80 70 83 73 54 61 21 40 64 11 82 15 13 44 56 10 22 9 49 56 37 34 19 10 27 2 0 18 42 27 80 83 46 12 22 20 0 4 31 31 10 45 14 0 0 0 53 65 52 0 12 5 0 0 0 0 0 0 8 0 0 0 0 23 15 0 6 0 13 25 0 0
78 43 33 78 56 76 33 82 52 30 37 3 0 69 26 6 0 22 0 0 11 26 42 97 62 20 0 1 26 26 15 13 44 0 57 96 62 36 46 0 0 0 15 64 48 17 38 50 18 31 0 6 68 10 5 15 17 2 15 11 7 17 11 23 31 33 5 0 0 0 19 55 13 0 19 2 0 0 0 0 0 2 26 31 11 24 14 23 38 0 10 14 8 0 0 15
92 50 34 45 91 89 53 62 91 27 0 17 31 42 0 0 26 34 47 67 58 49 11 48 39 54 0 1 74 53 6 0 14 0 17 78 1 3 57 19 49 11 56 24 44 35 55 43 5 11 28 29 1 1 0 20 24 30 24 16 55 8 13 25 20 21 22 16 51 0 0 0 11 2 0 0 0 0 0 0 0 0 0 12 0 0 0 0 13 4 2 0 27 0 35 3
27 66 78 78 56 80 99 69 10 0 0 44 58 18 0 1 28 63 86 53 72 13 9 84 82 31 4 65 93 14 0 5 30 10 0 66 0 0 14 51 61 61 34 32 27 34 12 43 14 57 35 26 20 26 20 70 29 25 7 2 16 25 26 61 31 76 53 18 77 25 0 0 0 0 0 0 0 0 0 0 0 0 10 16 0 12 4 18 3 0 0 0 15 16 40 35
75 19 2 44 51 96 63 10 0 0 0 4 1 0 0 32 22 0 0 27 25 0 0 12 13 55 36 33 11 20 52 52 18 0 15 69 0 0 0 8 15 64 47 33 22 51 64 19 43 49 15 0 24 16 0 0 9 41 7 0 8 22 20 21 19 32 9 40 20 8 2 0 0 0 0 7 1 0 0 23 20 5 0 10 20 4 11 20 48 21 35 0 1 0 3 2
0 16 51 61 78 44 3 0 0 0 16 39 52 45 10 20 0 2 0 6 1 0 19 97 61 22 0 0 0 29 50 24 13 0 27 12 0 8 33 30 30 14 84 25 16 21 48 20 59 33 7 4 86 66 0 0 9 26 11 1 0 3 11 19 11 50 17 41 24 19 0 20 18 12 0 35 19 0 30 31 7 25 0 9 47 16 0 0 27 18 27 5 69 2 26 26
0 38 97 60 27 0 0 0 1 24 33 60 49 13 49 13 80 62 13 90 86 69 73 12 0 0 0 0 51 2 14 5 23 4 0 0 0 26 91 29 56 21 16 33 30 58 27 0 37 18 26 0 7 62 4 0 12 24 25 0 0 9 2 0 13 9 0 19 25 5 0 6 16 12 0 21 47 16 5 36 25 22 4 0 39 10 0 0 17 40 0 32 55 16 5 1
56 33 48 33 1 0 0 0 25 86 56 0 0 0 12 13 56 42 27 24 40 10 5 6 1 1 7 29 24 42 60 0 4 31 0 0 0 0 53 92 81 61 80 75 40 46 58 36 10 2 36 22 0 0 1 0 0 1 6 59 18 3 34 23 12 8 2 0 24 29 18 0 0 27 2 0 0 0 0 10 5 33 25 8 22 0 24 19 4 0 0 55 50 5 0 7
95 52 3 0 0 0 0 0 24 89 27 0 0 0 26 11 47 55 48 91 20 1 4 29 43 64 56 58 22 69 44 0 0 65 33 0 0 13 20 71 92 45 30 36 54 72 31 28 8 9 22 0 0 0 0 0 0 0 14 83 14 18 41 16 1 5 20 0 15 40 7 1 0 2 0 0 11 36 2 30 11 0 29 1 0 7 21 47 4 0 0 4 44 12 23 0
30 0 4 2 0 0 11 4 55 48 2 0 0 42 9 8 19 24 23 46 13 50 31 41 32 47 73 39 82 64 8 31 7 1 43 3 9 24 61 66 46 43 2 12 32 2 5 7 29 44 3 19 46 31 0 0 0 0 32 20 16 3 26 30 12 41 14 0 21 53 62 24 22 0 0 0 64 60 0 0 0 0 25 18 0 4 0 2 8 0 29 47 0 13 15 0
0 0 2 0 0 1 19 0 0 0 0 0 0 52 2 38 68 9 8 0 21 15 4 30 41 26 51 26 3 35 84 79 2 0 67 2 14 26 15 28 71 37 15 48 50 29 24 3 0 0 30 36 81 8 12 23 44 16 64 24 44 8 35 32 1 25 33 31 68 32 32 70 41 14 0 0 28 21 17 38 34 40 0 0 0 0 7 28 0 20 14 0 0 24 28 34
0 0 0 0 7 54 0 7 0 0 0 0 1 61 15 14 0 12 21 48 50 16 63 31 1 40 19 8 4 19 4 13 0 23 65 28 50 8 0 0 74 11 30 73 33 22 22 16 0 24 21 19 50 67 71 68 76 77 78 73 56 2 47 20 5 38 46 47 50 49 72 59 64 20 14 40 38 44 59 61 41 25 17 1 48 6 41 12 35 42 14 0 0 2 23 63
0 0 4 5 84 39 9 38 7 2 0 0 9 28 65 0 0 25 0 19 0 13 20 16 69 59 63 0 42 11 0 2 4 16 28 12 53 17 26 9 49 0 19 18 13 11 5 26 23 4 25 6 4 16 54 78 66 55 81 76 75 29 31 47 39 33 61 39 56 64 30 45 38 28 36 24 54 61 51 35 14 36 5 0 0 17 66 55 43 36 16 0 0 0 0 0
8 42 75 44 53 7 51 32 11 0 0 0 0 31 1 0 8 13 35 64 13 34 30 18 4 34 16 0 33 17 0 21 14 0 57 28 87 73 44 9 36 20 66 23 6 6 27 18 5 0 1 22 27 56 88 73 70 70 62 64 57 46 31 54 78 57 69 39 54 73 38 25 33 18 39 50 48 20 15 2 15 6 11 59 67 43 55 4 0 0 0 17 28 0 0 0
33 64 88 51 0 0 0 0 8 0 1 52 30 19 12 8 6 49 32 75 52 64 77 76 29 2 0 0 10 0 0 17 50 8 28 77 42 49 45 30 47 34 24 3 23 26 13 14 20 46 34 37 55 51 83 80 86 53 62 59 92 37 41 64 84 75 89 83 58 63 31 49 26 16 58 30 6 38 28 0 12 45 25 38 44 81 52 54 36 0 0 39 52 1 0 0
35 36 31 1 8 1 0 0 0 3 21 39 7 1 25 83 93 73 93 71 26 26 64 28 0 0 0 0 0 0 7 1 56 80 24 59 64 41 35 21 15 24 8 25 31 36 13 0 37 11 18 14 62 86 75 89 100 75 82 70 83 77 61 94 95 76 79 60 58 56 39 38 1 0 49 17 66 49 51 22 9 0 42 83 83 99 78 72 73 29 17 0 0 0 0 0
0 10 3 1 7 0 0 0 13 30 9 17 70 58 89 100 70 21 50 4 23 12 63 27 15 26 29 45 21 10 79 77 81 59 4 41 32 32 75 89 12 0 17 15 14 0 18 15 22 17 36 19 37 49 69 74 77 70 66 83 86 86 90 100 98 97 95 72 51 45 63 38 0 4 42 32 42 74 48 45 68 58 98 37 33 95 74 89 97 89 45 0 34 2 0 0
0 0 0 0 0 0 0 1 81 69 4 39 24 24 35 44 75 18 19 56 48 11 0 0 2 13 28 85 84 88 97 100 67 34 20 81 46 32 24 45 20 1 8 41 28 14 52 38 27 52 53 49 75 46 69 73 77 100 80 91 78 65 100 94 80 83 79 86 50 28 82 24 0 31 40 14 43 40 63 96 68 55 90 95 53 91 95 76 100 98 53 29 5 0 0 6
0 23 0 0 0 0 0 1 63 57 18 44 36 10 63 21 17 12 5 21 0 0 8 9 31 9 2 41 62 72 61 36 52 80 94 56 42 64 39 29 62 26 35 15 5 28 5 14 18 56 42 45 49 60 77 79 33 98 76 62 72 34 98 66 100 100 91 84 47 55 75 7 1 0 12 58 67 68 88 72 52 82 71 49 59 90 71 45 90 76 13 0 0 0 24 78
24 55 3 0 0 0 0 0 60 15 24 34 29 65 81 2 21 50 44 35 15 0 43 34 39 50 27 0 42 3 52 76 74 66 81 87 64 11 59 51 52 27 37 30 21 29 41 18 0 25 39 27 58 76 61 50 38 61 83 69 60 40 73 71 92 84 67 88 61 60 39 13 37 19 16 19 54 95 79 100 68 78 53 62 71 75 22 0 58 41 21 23 21 6 33 39
0 0 0 0 0 0 0 11 62 56 33 48 28 65 72 45 38 22 23 34 50 15 24 28 19 25 69 4 4 0 33 48 52 44 44 23 34 53 34 36 38 22 24 18 0 0 25 43 0 27 26 50 50 43 57 57 68 61 64 41 63 46 34 93 93 65 41 60 44 41 23 0 37 96 96 54 22 47 94 95 48 50 34 45 52 1 2 4 76 83 59 88 52 4 57 53
2 0 0 0 0 0 0 0 0 2 22 68 42 20 31 60 47 18 27 27 18 84 100 100 68 2 10 11 13 0 19 13 21 35 1 0 20 31 61 43 48 16 11 0 20 15 65 31 0 1 50 53 46 32 58 47 88 53 57 57 45 66 69 81 59 77 81 58 30 1 2 0 41 59 68 41 68 38 49 77 50 78 95 63 57 49 45 32 97 28 2 3 19 29 1 1
22 79 6 0 0 0 0 11 34 14 24 31 25 18 44 56 32 12 14 24 82 79 97 60 1 0 0 0 0 14 25 0 11 33 6 42 30 39 35 55 42 47 0 8 12 37 44 33 0 35 36 69 23 58 57 62 59 68 65 39 74 59 35 27 33 39 20 24 9 6 18 41 77 32 55 52 63 35 56 93 36 77 83 77 68 64 90 75 29 1 27 67 32 0 0 0
0 55 29 0 16 31 25 35 27 42 38 14 28 69 38 64 15 8 34 19 0 0 6 0 0 0 0 0 5 91 61 49 15 0 23 1 33 42 6 50 14 34 44 39 45 46 46 39 9 2 4 24 27 46 41 25 45 83 40 49 75 70 66 61 40 8 4 29 0 20 40 36 74 41 46 28 32 48 59 70 70 89 60 88 62 96 50 16 0 18 44 11 9 9 12 8
0 11 8 0 0 0 0 6 13 10 29 1 26 36 42 57 2 0 3 0 0 32 87 0 0 14 31 0 0 36 37 61 19 10 20 6 4 0 16 31 19 68 52 28 96 89 85 25 3 39 28 15 5 7 30 51 51 41 48 66 77 55 79 64 6 36 22 4 1 28 65 47 56 25 35 32 23 52 53 60 87 52 77 68 74 58 35 4 3 59 33 3 16 22 5 8
0 0 27 11 1 72 5 5 20 29 47 22 6 13 41 69 35 72 74 11 6 88 40 0 2 14 17 22 12 0 14 22 11 0 6 22 38 8 7 3 13 11 0 21 45 67 35 0 29 35 58 68 38 3 14 71 31 66 78 68 54 69 62 30 10 17 22 35 21 59 74 34 58 1 37 61 52 87 84 75 90 98 81 48 73 42 3 25 52 92 61 67 71 17 9 16
1 21 6 64 63 76 12 61 15 36 12 0 5 39 41 71 99 64 40 9 36 35 9 28 62 41 17 12 16 35 60 23 28 37 0 3 35 48 5 0 11 13 26 21 31 48 26 0 39 75 55 74 54 51 17 16 26 62 82 84 58 55 32 13 8 51 20 75 59 75 59 26 16 50 42 64 37 94 63 74 79 100 94 68 98 43 19 0 19 85 47 51 47 3 13 77
0 6 0 33 55 5 0 12 7 38 5 8 26 62 96 66 41 59 30 1 54 13 18 44 73 40 29 4 0 22 24 4 11 7 31 0 19 2 0 0 42 13 6 6 60 18 47 20 27 29 28 64 49 65 63 64 78 65 47 69 68 49 10 13 41 40 62 57 49 61 41 0 0 18 26 74 68 72 80 89 61 68 83 98 58 50 14 18 4 1 26 75 52 12 9 43
48 28 0 0 0 7 44 53 23 21 69 11 6 43 87 0 0 6 34 16 39 5 26 61 73 60 23 28 2 0 20 22 8 29 0 5 18 6 28 0 0 27 44 57 0 18 23 15 39 29 41 25 55 59 55 53 73 60 32 54 57 19 5 56 53 63 38 48 8 48 54 9 5 3 7 44 46 27 94 90 22 40 38 19 3 0 0 14 0 18 9 74 35 46 80 59
22 13 0 0 0 73 16 15 1 10 33 26 1 16 8 19 37 30 24 6 20 22 31 30 19 4 44 28 45 0 0 50 8 32 23 0 7 66 91 14 0 0 14 27 15 21 45 55 38 64 11 42 56 30 41 42 35 47 82 60 34 37 27 47 88 15 31 54 33 2 26 3 0 11 17 48 62 61 37 51 4 9 2 0 4 0 9 45 0 0 34 44 54 12 40 82
31 22 14 0 0 41 14 40 0 19 7 14 34 17 20 0 3 25 24 47 8 46 15 55 33 72 30 2 44 0 33 45 48 7 11 27 18 34 17 0 7 40 29 49 36 42 24 43 53 48 54 39 74 28 28 54 40 57 65 13 36 60 53 41 79 46 40 47 35 24 50 56 30 76 6 40 77 60 67 45 6 20 26 65 22 0 7 15 8 9 72 43 39 8 42 78
25 0 2 45 0 1 35 13 4 21 18 8 0 9 36 11 3 38 28 0 15 0 17 13 18 3 10 0 28 23 42 50 73 0 0 0 7 0 0 0 11 3 62 63 83 66 55 15 27 47 78 35 14 41 73 62 37 53 54 16 21 26 66 33 45 39 20 46 23 49 84 57 68 30 44 40 30 88 100 74 26 35 24 8 0 0 0 0 31 49 51 22 2 1 54 81
0 26 41 17 0 0 0 3 0 10 2 0 15 28 7 12 2 28 60 53 31 0 0 22 2 0 0 10 22 31 47 6 59 1 0 12 23 50 0 0 39 52 93 81 60 44 39 57 30 32 33 43 11 70 80 53 66 43 43 52 24 58 68 33 53 59 61 74 36 19 52 59 56 83 89 86 12 73 44 20 45 85 4 0 0 1 14 49 84 72 52 60 11 18 78 36
47 37 25 6 0 0 20 8 23 2 0 7 3 3 0 1 8 52 24 34 69 13 11 34 18 0 1 8 20 19 49 3 21 25 5 20 7 33 14 42 91 86 77 59 7 38 42 35 55 42 53 27 33 42 54 71 47 66 39 35 45 90 100 78 65 38 6 36 43 2 56 69 70 49 93 97 97 100 59 23 4 34 0 6 34 60 84 76 82 62 50 76 29 20 87 61
42 28 4 0 10 0 43 9 1 0 0 5 32 33 8 50 89 14 6 16 62 34 48 12 8 41 67 31 15 15 46 30 40 24 0 21 68 54 22 97 44 38 24 13 33 73 68 46 36 46 75 27 63 43 53 44 42 56 56 11 74 74 95 69 28 4 0 6 42 22 60 68 90 31 56 73 78 91 72 34 0 0 19 63 66 85 63 51 34 63 45 49 15 67 93 74
0 0 0 27 13 0 0 0 0 32 42 10 8 14 34 31 61 23 7 72 59 5 8 10 34 21 2 30 12 0 4 21 2 24 0 5 48 64 17 46 54 34 0 10 56 25 64 69 31 38 31 1 73 24 31 46 63 25 21 42 48 54 64 39 0 0 42 14 29 65 28 88 67 36 87 97 27 48 6 65 10 0 72 86 45 79 44 0 66 14 40 21 0 1 13 97
11 5 20 9 0 16 1 0 0 17 30 0 0 0 30 48 28 5 55 52 67 56 19 39 30 52 90 27 21 0 0 6 0 13 4 46 75 12 3 25 34 32 63 84 3 40 80 62 36 52 52 7 16 42 35 5 23 4 64 57 27 62 47 2 0 27 60 46 32 49 61 36 6 45 85 31 56 97 56 50 23 53 100 98 24 3 0 25 73 29 38 8 0 0 7 89
1 52 3 5 30 25 12 0 0 0 48 33 0 0 0 14 53 0 0 8 0 6 53 6 2 0 2 22 5 26 3 0 20 0 15 32 10 4 1 49 77 41 36 44 32 15 46 17 25 9 47 61 70 61 41 42 2 8 30 48 17 28 30 12 0 10 63 33 53 16 32 46 0 19 5 0 34 49 88 81 20 96 100 97 45 42 0 56 81 39 21 0 0 0 26 65
0 0 0 0 5 2 0 0 3 10 33 41 16 14 0 51 15 0 10 1 0 17 51 12 0 0 0 0 0 28 0 0 21 0 28 20 2 11 16 66 31 33 2 0 46 41 54 46 28 14 63 100 77 95 92 95 58 46 15 23 26 8 26 70 3 2 19 35 27 60 88 29 3 48 52 42 0 29 88 63 36 61 94 53 81 67 23 0 24 68 44 3 0 0 0 15
62 12 0 0 7 36 30 29 14 11 13 49 38 0 0 89 65 0 22 1 0 21 26 37 80 48 3 0 0 0 14 3 19 5 31 40 50 72 74 74 63 51 56 36 0 0 5 36 60 85 88 55 49 82 43 36 35 60 68 58 30 17 49 73 38 72 55 79 60 31 41 20 21 1 3 1 0 1 52 57 13 43 68 12 69 77 5 6 52 51 52 0 0 0 0 0
21 4 2 20 60 2 16 2 20 4 2 19 17 0 7 90 49 0 0 0 0 5 35 22 64 100 56 1 0 0 6 0 9 55 9 25 53 26 44 43 12 0 6 12 40 53 49 18 47 54 50 47 20 42 59 50 56 31 42 4 9 25 24 51 53 39 35 1 15 1 0 0 19 0 0 0 0 11 81 41 1 31 69 41 67 16 0 0 54 64 17 0 0 0 0 0
19 71 42 45 33 0 16 4 29 32 36 13 12 16 50 38 20 25 32 34 9 25 22 68 64 56 53 52 32 9 25 0 0 11 23 0 36 39 27 28 9 45 38 45 39 26 59 82 52 55 45 18 30 57 34 31 14 0 6 2 4 12 54 66 82 48 4 2 0 0 0 0 0 0 9 0 4 70 62 13 40 97 69 36 70 0 0 0 34 16 0 0 0 0 0 0
28 48 28 4 21 18 0 2 18 0 3 13 0 19 55 11 13 22 23 0 3 22 13 47 91 59 95 98 41 2 0 0 10 0 0 0 0 20 6 0 0 60 40 42 5 40 23 74 35 49 56 39 26 36 44 33 53 32 77 26 10 82 100 64 58 1 0 0 0 0 1 1 9 43 86 36 5 28 100 69 77 57 5 6 5 0 0 0 0 0 0 0 5 51 19 0
39 43 45 63 35 34 8 0 0 0 0 21 0 13 47 11 8 5 15 46 77 91 97 100 100 94 100 100 20 3 0 0 15 4 0 0 0 34 3 0 35 45 4 4 36 39 51 56 77 71 68 52 9 27 5 12 70 82 77 59 65 36 23 76 46 0 3 32 39 55 70 72 82 41 73 97 76 60 66 86 57 71 74 6 0 0 0 0 0 0 0 0 53 80 6 0
81 0 5 0 1 22 41 7 5 20 10 20 21 0 32 3 0 42 76 80 76 48 60 71 91 86 75 98 85 67 0 10 16 31 3 21 19 2 0 0 51 64 29 23 62 78 89 44 85 88 43 24 35 16 0 60 89 73 75 61 77 55 71 74 4 12 79 100 97 58 45 72 72 45 61 67 88 87 46 99 64 35 57 50 53 9 0 0 0 0 0 0 6 1 0 0
32 4 12 35 2 1 14 25 46 30 25 55 19 0 18 37 54 91 66 67 68 53 74 74 50 56 78 96 90 53 41 17 0 0 0 0 10 6 0 0 28 80 23 42 66 57 72 62 81 35 41 15 22 0 23 82 95 88 80 26 76 22 10 7 40 84 72 15 8 0 0 7 15 32 25 13 24 42 58 59 87 68 40 2 42 86 13 0 0 0 2 3 0 0 8 20
