data/habitatmaps/RS_maps/habitat_Turdus.torquatus_2014.asc
NCOLS 369 
NROWS 228 
XLLCORNER 479000 
YLLCORNER 73000 
CELLSIZE 1000 
NODATA_value -9 
[rows 120 to 179 of 228, columns 192 to 287 of 369]
45 69 89 94 35 43 72 34 30 73 94 98 95 52 92 89 100 98 59 78 58 91 51 49 7 36 26 39 72 55 100 100 87 2 77 92 100 52 44 33 41 98 67 15 63 95 93 76 24 45 70 76 37 1 16 14 8 54 70 53 52 64 89 46 0 16 79 38 51 100 99 100 78 13 81 64 54 97 47 96 49 1 4 53 83 83 36 62 14 4 9 19 60 23 97 96
100 100 100 100 84 40 35 96 89 85 59 93 99 83 81 46 100 95 45 71 79 37 5 45 75 38 40 75 92 85 100 100 92 6 82 80 94 87 79 58 29 59 59 13 34 73 78 20 47 31 15 3 5 22 40 50 93 46 18 10 71 56 34 9 0 22 20 82 81 46 89 67 28 0 1 11 89 78 0 26 68 0 0 82 96 75 84 15 2 26 11 44 78 74 100 78
100 82 49 75 80 17 69 39 43 46 67 78 62 98 82 38 66 93 25 65 32 51 89 100 100 100 100 100 100 100 100 84 91 52 97 96 47 100 100 52 42 40 97 96 50 38 2 0 0 0 16 66 63 56 41 22 4 30 28 64 100 93 78 54 34 2 41 33 92 76 55 41 23 58 13 65 100 69 0 0 10 0 5 37 77 96 64 0 6 45 30 82 39 94 100 100
37 42 59 100 76 40 78 21 46 29 43 76 67 17 41 100 87 57 49 40 6 86 100 100 100 100 46 96 100 100 85 26 99 100 100 81 99 97 27 41 72 90 99 72 5 0 4 19 3 58 100 80 87 20 65 42 69 91 87 82 35 16 16 17 43 9 30 80 71 93 100 69 15 69 38 100 100 26 12 3 0 0 0 11 79 73 7 54 56 25 22 60 85 55 50 100
44 86 9 69 100 100 88 55 86 51 73 41 43 21 17 26 69 82 100 75 46 100 100 100 100 100 71 91 100 100 96 48 18 45 100 100 96 19 58 82 100 87 27 0 0 14 65 23 18 84 87 98 64 67 98 79 39 35 80 11 6 0 0 0 32 27 78 98 98 100 93 10 24 55 65 100 87 3 37 7 0 0 0 0 69 47 69 61 45 0 15 25 91 16 56 100
100 98 90 75 33 15 59 77 84 72 85 81 66 61 23 84 88 100 97 34 73 100 100 100 94 97 76 93 100 94 56 98 94 100 84 49 36 70 94 96 66 33 8 40 29 74 86 76 72 78 86 37 33 100 66 100 84 53 0 10 12 0 0 6 30 20 95 83 6 19 10 17 80 21 97 81 74 0 38 44 21 10 0 0 64 98 77 97 43 13 46 64 37 93 95 95
83 75 68 93 47 81 84 84 45 45 12 98 66 26 50 77 97 99 51 87 100 91 100 100 91 39 19 65 100 44 59 100 97 23 0 48 45 67 28 24 91 88 15 91 58 100 88 71 100 82 55 6 46 93 61 69 83 29 1 1 0 0 0 19 57 55 98 92 92 96 15 29 35 45 100 87 84 21 33 42 39 41 4 2 50 100 66 76 74 66 57 49 82 100 81 53
100 74 95 100 98 82 99 46 100 100 90 100 100 100 100 96 98 62 1 72 100 75 100 100 100 97 96 97 100 27 43 97 63 21 69 97 77 4 12 48 100 59 1 70 59 95 56 92 62 41 89 43 61 34 33 11 0 0 25 6 0 0 0 8 86 67 38 85 49 70 0 18 33 98 72 60 6 0 0 0 0 0 2 47 60 74 97 82 39 31 78 53 100 100 81 49
90 81 61 63 33 31 76 33 100 83 93 64 86 100 89 43 97 45 63 35 100 97 56 100 100 100 100 46 62 56 18 48 29 73 64 46 1 17 100 98 62 55 52 21 49 93 100 82 96 80 97 74 45 48 10 10 57 0 0 0 0 0 9 73 100 95 40 70 87 50 0 24 29 100 100 84 25 0 0 12 58 62 68 63 100 100 100 96 9 44 86 20 82 91 77 100
75 62 26 14 2 10 18 15 100 23 52 97 80 100 86 99 100 61 77 46 100 100 92 100 100 100 99 43 40 43 18 14 28 70 76 4 0 19 73 76 38 52 67 63 66 41 93 34 95 100 94 19 15 37 8 25 6 29 0 3 21 47 12 72 100 40 98 91 70 12 51 37 58 61 33 61 62 34 58 71 87 100 65 98 48 41 48 72 96 57 39 34 37 100 100 100
55 51 54 69 53 34 0 35 58 62 20 86 78 59 51 100 58 57 64 84 97 100 100 98 79 42 13 19 64 26 0 2 68 82 42 0 0 18 36 98 69 100 89 38 98 99 60 48 32 97 81 54 19 59 100 56 75 27 0 57 100 100 20 96 59 19 48 48 2 3 22 89 65 96 72 92 53 72 44 61 51 100 97 93 63 52 76 100 100 73 83 74 33 39 57 82
86 35 37 18 71 71 71 98 83 94 63 61 6 1 78 80 66 44 84 62 90 100 96 45 0 0 0 1 11 20 66 47 63 98 49 28 15 39 71 76 38 100 84 87 100 95 66 69 35 84 17 0 34 43 61 85 13 11 69 97 100 100 27 34 64 31 31 53 27 42 29 91 75 91 100 100 99 54 0 0 3 68 100 67 8 93 100 74 86 41 39 62 26 40 55 70
5 44 29 30 55 68 100 80 93 91 98 48 9 0 0 64 90 60 100 94 67 27 13 0 0 0 0 19 72 83 42 95 86 100 64 90 41 61 56 43 32 97 100 100 91 48 28 60 100 100 92 62 64 16 0 0 22 96 100 100 100 85 35 36 88 100 85 51 67 63 97 100 100 17 54 100 64 3 0 13 59 1 80 88 62 37 41 5 60 84 34 12 77 100 100 100
3 0 1 32 42 100 50 34 2 8 20 4 38 43 37 86 100 97 51 14 28 59 56 0 0 24 40 84 93 38 4 61 59 100 74 38 55 63 49 38 68 94 100 100 80 83 61 61 37 90 78 0 5 20 0 35 94 100 100 95 67 95 79 77 33 13 75 19 50 52 98 100 72 22 53 54 25 0 0 8 18 0 4 73 97 25 0 2 15 82 84 25 93 100 100 100
0 0 0 18 26 73 99 73 60 50 63 73 94 100 100 76 78 70 3 36 63 49 60 20 83 45 39 52 36 7 5 56 7 58 70 20 72 88 72 95 74 92 100 100 97 80 82 88 18 94 60 10 2 15 52 98 100 100 100 79 36 66 77 22 50 35 27 21 90 11 62 100 98 74 60 0 3 7 30 31 11 0 43 100 100 92 65 0 0 23 87 86 39 57 31 70
0 0 0 4 13 46 100 99 100 100 100 100 100 94 59 3 0 11 21 35 13 97 27 13 23 74 40 100 100 26 23 57 47 56 43 66 49 84 100 100 92 29 58 87 100 70 62 98 96 50 50 3 27 77 58 100 100 100 100 98 32 1 5 61 85 97 61 26 95 57 100 100 63 0 0 0 5 37 19 46 33 26 77 100 83 10 86 7 57 99 100 95 8 42 49 36
14 0 0 15 1 36 79 100 100 100 100 82 70 9 0 0 49 76 63 55 3 57 99 47 7 33 49 94 37 0 43 62 96 39 52 37 63 100 99 37 16 23 72 95 100 100 94 81 25 48 49 49 52 8 6 68 100 99 78 28 0 0 0 78 7 72 74 22 31 21 97 100 59 11 0 2 49 51 89 97 33 2 71 79 42 26 79 33 42 94 92 55 0 0 62 70
44 25 0 31 42 34 93 100 76 75 52 10 0 9 32 48 83 53 83 70 43 33 45 22 3 51 71 100 92 13 94 79 100 52 12 95 52 99 97 50 23 83 100 98 100 100 79 18 7 63 96 50 47 0 31 86 100 87 4 0 0 0 25 90 55 2 38 47 88 59 59 100 71 56 73 83 79 94 62 73 45 29 100 69 5 63 100 20 0 41 79 52 0 0 82 97
70 36 8 30 16 84 100 97 22 0 0 35 66 94 33 50 70 77 100 100 56 16 21 51 12 78 61 63 45 41 100 96 99 13 32 100 62 81 97 100 100 100 65 31 98 100 93 23 3 84 100 99 68 43 95 100 87 51 73 90 47 90 57 3 25 26 68 19 3 37 93 100 100 100 81 28 53 16 25 99 63 64 100 77 46 0 90 26 41 97 99 27 2 0 23 80
42 28 80 53 43 73 97 89 0 0 38 95 100 65 3 66 83 100 100 100 79 2 42 53 42 99 51 100 70 87 100 100 23 0 85 100 95 84 40 74 100 100 50 0 85 50 86 33 0 55 100 100 100 100 100 100 100 100 100 100 99 82 51 8 16 38 50 24 96 98 100 100 100 100 92 7 0 2 64 88 92 90 100 74 72 75 55 24 95 91 63 47 72 24 28 72
53 62 100 71 91 83 17 0 3 10 84 44 99 79 31 89 27 90 100 89 2 15 30 36 91 78 96 100 80 99 75 63 10 57 100 100 100 100 100 100 100 76 2 0 63 33 11 15 64 67 97 100 100 100 100 100 54 97 100 98 61 5 52 25 39 47 31 88 54 36 59 88 100 100 100 72 62 69 64 33 92 100 100 51 43 27 46 76 100 45 0 22 68 99 98 30
93 35 100 95 40 6 39 42 55 28 56 86 71 47 52 96 76 67 92 91 54 3 47 88 74 82 100 100 100 96 31 3 0 87 100 100 100 91 89 93 66 30 55 36 24 0 31 47 7 43 100 94 100 100 99 62 1 77 64 24 47 19 66 91 44 62 100 68 72 95 91 50 51 96 100 73 6 76 100 35 90 100 99 64 39 28 89 100 63 3 0 49 98 99 100 96
66 37 63 43 26 83 32 55 27 36 57 100 81 28 31 19 80 75 95 100 85 61 69 35 98 97 100 100 98 100 92 14 3 46 80 100 100 91 54 58 20 12 83 43 64 27 17 65 5 96 100 62 40 71 65 2 61 31 34 69 99 92 94 61 100 89 38 68 13 32 22 47 52 77 79 80 88 100 100 100 100 83 54 16 60 100 100 88 6 0 0 97 100 43 52 89
53 66 3 34 54 72 41 6 32 22 92 64 10 45 38 82 55 9 40 89 41 14 0 16 83 73 39 59 57 61 34 0 0 0 50 81 100 87 48 55 98 54 71 28 79 43 61 92 89 100 99 54 90 55 86 76 31 76 62 76 38 70 68 41 60 8 0 0 47 4 7 41 17 22 91 98 98 100 100 87 100 95 98 41 4 35 68 34 3 31 20 97 95 20 90 62
42 27 64 76 94 12 2 35 83 14 51 82 99 100 99 56 19 10 38 4 11 24 5 14 1 12 12 62 82 62 12 41 0 0 5 21 35 35 47 40 54 51 34 26 35 15 12 100 100 100 99 51 100 100 100 100 69 100 100 60 84 99 13 7 0 0 18 67 55 27 0 85 84 99 72 67 99 100 87 72 100 100 100 83 65 53 52 4 81 100 87 93 100 85 35 79
0 31 99 67 89 82 58 57 95 86 76 100 100 100 86 0 0 0 12 33 49 82 10 0 0 3 0 0 0 0 64 97 37 14 34 22 31 29 0 43 45 0 0 12 71 63 6 68 100 78 100 91 73 32 95 83 73 100 100 93 100 87 0 0 16 19 2 12 37 12 0 48 56 100 45 100 100 100 100 100 81 100 100 100 80 78 84 35 100 63 75 100 100 87 14 91
24 7 0 70 84 96 84 88 48 76 100 100 100 50 29 36 0 0 33 85 60 61 0 12 55 44 47 41 0 0 0 5 8 15 79 35 11 0 48 85 24 0 0 0 52 31 15 8 92 84 100 100 94 79 64 57 76 99 51 65 97 32 28 6 71 40 32 36 63 81 8 4 28 88 73 100 100 100 100 100 47 100 91 67 75 97 100 32 82 15 71 100 95 15 41 58
25 59 5 52 20 75 99 68 41 95 85 24 21 0 0 0 0 5 7 31 15 63 52 59 65 70 11 29 20 75 68 62 53 58 35 50 48 64 41 54 80 71 64 29 0 15 79 48 0 48 100 100 100 56 48 40 41 97 100 77 58 28 48 42 65 29 9 9 1 31 34 6 55 32 15 74 100 88 98 100 49 98 81 46 3 16 67 97 77 71 100 98 31 4 85 94
70 32 0 4 56 100 100 86 97 96 21 2 34 0 25 51 79 84 100 66 3 44 45 46 17 52 16 66 47 10 50 84 100 90 100 97 57 32 55 12 3 68 100 61 0 14 72 36 0 50 99 78 90 57 79 100 100 100 95 17 22 39 64 37 32 34 83 67 0 33 71 84 100 67 28 100 100 51 83 100 26 76 100 75 99 72 74 63 52 93 100 87 39 46 66 81
16 18 33 38 91 100 100 100 100 86 6 35 47 42 14 51 2 48 82 99 64 63 69 96 68 39 6 12 31 61 11 28 41 10 61 83 99 69 85 65 85 65 54 97 5 0 27 20 5 48 98 34 58 100 100 100 87 79 38 49 38 11 48 0 75 97 88 45 60 71 100 100 100 100 40 100 100 100 83 47 33 100 94 20 97 81 56 86 100 100 59 52 49 88 47 100
57 92 100 100 100 100 100 100 99 59 37 61 36 0 20 70 89 100 71 91 68 98 29 62 55 92 86 67 3 65 56 54 48 65 72 25 23 49 30 62 50 28 0 15 0 0 26 46 53 68 100 60 51 100 98 100 73 44 77 100 100 86 78 8 82 17 17 94 21 94 100 100 88 61 0 11 69 100 48 6 18 100 90 20 89 63 10 22 91 100 100 100 100 82 43 100
18 99 100 100 100 100 100 99 70 21 79 30 80 51 36 100 81 30 11 5 59 100 86 99 64 70 50 56 23 35 19 8 28 60 68 40 87 11 49 3 49 57 11 0 0 0 47 48 49 91 100 98 88 53 36 75 81 68 80 100 100 52 47 2 5 77 97 98 43 85 100 77 51 40 67 47 20 88 89 32 78 100 100 24 38 69 53 6 0 60 100 100 100 90 94 97
43 48 100 100 100 100 82 36 23 65 61 52 100 53 62 76 44 54 61 82 57 22 82 100 100 100 100 50 77 57 52 51 0 22 2 0 31 60 35 3 2 11 0 0 0 60 77 69 96 97 58 71 99 53 70 31 46 65 98 100 92 57 80 49 13 99 100 100 80 100 72 100 83 66 59 69 0 29 99 89 100 100 99 12 77 5 68 91 35 5 53 85 100 100 100 100
30 8 95 36 12 37 6 20 41 66 92 66 100 100 100 83 91 100 100 100 21 60 10 64 100 100 97 50 52 87 87 20 38 13 0 1 28 96 20 14 16 0 0 0 0 84 79 100 100 84 27 53 68 87 54 79 94 98 72 100 100 61 72 85 21 69 100 100 100 79 60 96 82 48 44 13 0 54 100 100 100 100 55 26 79 1 69 100 100 65 3 18 94 100 100 100
8 46 100 51 6 37 72 76 86 100 96 100 100 100 100 100 100 100 100 100 69 45 41 54 46 39 76 100 85 58 87 87 84 51 24 0 26 100 44 61 64 5 0 0 2 82 100 62 100 95 86 86 64 46 53 56 100 80 42 100 89 28 24 44 36 57 99 100 86 67 81 84 36 66 36 1 26 51 78 100 100 100 44 45 50 0 79 100 100 100 75 4 8 40 83 100
50 94 100 100 100 100 61 32 85 100 65 89 91 100 100 100 100 100 100 100 100 71 54 79 39 80 100 100 79 29 82 83 75 62 60 13 19 77 75 49 95 84 52 0 6 74 100 88 53 99 77 93 65 36 87 100 97 43 91 100 93 35 40 77 99 62 99 100 91 91 3 5 14 29 29 42 27 59 94 100 100 100 51 66 68 28 60 42 100 100 91 61 73 41 19 100
85 100 100 100 100 55 75 98 94 100 98 14 42 100 100 25 81 73 100 100 27 22 58 65 93 100 100 80 24 56 93 17 54 52 78 23 0 27 81 75 83 88 87 34 1 1 11 77 70 36 39 49 41 2 37 100 84 51 98 100 100 59 34 64 26 64 77 100 68 28 2 19 89 58 66 66 57 53 25 90 100 78 10 95 91 56 66 82 97 90 12 52 97 61 31 84
91 25 88 95 64 0 89 99 100 100 89 32 39 100 100 26 26 7 62 80 33 0 0 55 70 100 100 100 100 57 88 70 82 44 89 89 7 36 19 95 81 53 80 100 52 1 0 20 93 79 65 2 25 74 39 75 74 47 30 62 80 97 72 69 73 75 61 85 65 100 48 26 10 0 76 77 69 67 58 76 100 71 20 100 100 42 96 39 85 84 0 57 99 73 14 60
98 29 16 34 10 56 100 100 90 100 100 73 12 66 95 14 25 71 8 16 30 1 17 75 28 97 97 97 100 100 100 100 100 32 86 82 5 0 0 46 87 81 38 98 76 7 0 4 47 29 40 85 100 96 70 31 72 41 45 72 75 100 97 58 49 64 69 53 34 37 91 47 62 31 42 77 19 15 63 100 100 92 10 99 100 82 61 99 25 95 0 41 100 100 81 95
100 93 2 35 33 47 100 70 90 31 86 48 15 49 10 82 76 75 22 27 20 0 57 100 56 76 24 54 84 100 67 76 31 57 63 3 16 0 1 4 67 66 57 62 75 29 0 0 15 73 100 100 100 75 78 99 79 82 99 86 54 100 100 96 60 77 42 44 53 0 76 100 34 22 86 60 38 75 76 75 74 100 60 98 100 92 84 94 45 92 0 45 100 100 100 100
100 72 90 51 64 99 100 86 16 77 68 47 12 0 54 100 80 36 85 46 55 5 49 61 99 71 91 79 76 99 56 9 86 100 49 66 50 11 24 0 7 49 100 70 62 38 0 0 9 79 100 92 67 77 50 97 100 100 100 100 58 65 61 92 44 69 22 35 45 39 100 88 64 65 65 69 46 88 100 99 87 100 100 100 100 100 75 51 53 87 19 31 100 100 95 65
94 83 100 80 24 47 100 100 89 32 8 27 30 0 3 45 100 74 39 60 98 13 9 54 26 40 88 51 92 100 99 62 53 52 68 60 35 94 86 0 0 6 57 93 85 41 0 0 36 74 75 16 80 75 70 100 84 60 100 94 49 5 66 93 83 77 0 3 39 45 100 100 82 10 45 51 51 100 100 100 100 100 100 100 100 100 48 22 35 64 88 85 100 100 76 40
100 100 100 47 52 84 100 100 100 61 95 46 70 0 0 36 100 81 64 42 80 63 0 14 27 27 84 100 98 45 38 41 53 44 100 38 38 60 72 48 0 0 0 33 60 11 0 0 18 32 28 53 89 100 97 97 55 75 96 54 75 94 100 95 51 83 16 35 79 38 100 100 100 74 14 80 29 59 100 100 100 100 100 100 100 98 89 99 100 93 100 100 100 100 100 69
99 100 100 65 46 64 65 100 94 100 99 18 71 17 0 46 67 99 90 88 93 39 0 64 61 72 82 100 93 5 0 13 12 7 67 86 64 90 100 100 46 36 0 0 0 0 0 0 24 100 92 67 36 97 95 50 57 97 78 53 26 100 100 77 93 48 11 9 55 77 100 100 91 100 82 100 65 70 49 66 74 100 100 100 100 100 100 100 100 100 100 100 100 97 85 62
100 100 82 20 55 60 77 100 100 73 81 63 0 2 0 0 0 27 23 77 53 27 7 98 50 29 14 97 99 95 55 46 66 12 37 95 61 77 100 82 97 63 20 5 0 0 0 0 34 69 100 99 96 92 75 97 53 100 35 72 43 91 91 66 95 19 15 70 55 75 100 100 81 63 100 100 31 48 68 64 69 100 100 100 100 100 100 81 63 94 59 28 34 8 27 61
100 100 100 85 49 80 36 100 95 82 21 25 13 73 45 34 0 36 17 81 15 0 55 100 54 91 36 71 16 1 15 39 0 35 86 82 90 96 78 74 95 90 49 83 14 0 0 22 37 53 98 25 55 44 74 88 93 100 34 71 67 63 68 72 93 15 2 42 59 70 89 100 100 100 85 77 0 20 70 64 73 76 79 100 100 94 98 80 50 65 63 57 86 30 68 31
93 100 100 49 53 59 66 100 100 100 66 70 82 39 43 37 48 19 1 4 39 76 77 64 100 100 100 93 17 0 0 0 2 86 95 93 93 100 85 85 82 39 70 99 0 0 0 32 91 47 69 50 64 94 100 100 86 94 40 79 56 69 29 93 71 16 78 83 84 97 100 100 100 100 95 66 1 0 51 19 0 12 64 38 76 43 82 82 46 43 26 14 6 15 10 53
96 100 100 67 43 66 89 100 100 100 100 100 92 91 24 37 46 29 0 30 78 36 80 20 41 95 81 98 29 66 75 30 26 24 2 11 36 100 100 16 10 51 100 100 21 0 0 2 95 60 100 100 100 100 100 69 50 57 51 76 36 62 33 46 35 12 100 100 100 96 78 85 100 100 100 100 9 0 56 44 0 0 0 23 1 1 14 17 17 0 2 24 86 98 98 90
71 59 61 96 76 100 100 100 100 98 100 100 96 55 99 81 32 15 0 0 16 41 29 69 30 73 33 99 78 99 95 70 32 0 0 0 2 73 55 66 90 77 100 38 25 2 0 2 74 96 77 100 72 90 100 92 99 50 16 72 34 64 12 35 0 37 44 52 68 86 70 55 100 100 80 75 54 25 9 1 2 0 0 0 8 12 31 18 55 86 96 100 85 97 74 61
84 15 12 74 90 100 100 99 62 28 24 68 67 99 95 91 11 0 0 9 55 39 78 94 100 83 14 49 46 88 99 82 4 0 0 33 78 57 37 12 70 100 83 8 55 7 0 0 32 34 65 100 75 98 100 100 89 45 28 92 70 100 90 25 0 25 74 82 64 100 100 100 100 100 94 96 61 66 27 0 30 42 16 4 25 48 91 70 70 98 99 100 39 58 56 65
61 2 87 100 88 69 94 36 0 9 36 64 100 50 77 24 17 0 0 17 65 67 79 99 100 93 51 7 0 10 82 100 26 0 0 1 48 70 17 48 54 67 42 84 82 0 0 0 6 64 98 70 100 100 100 89 46 7 69 78 99 91 32 0 21 84 60 99 100 85 66 100 100 100 42 20 2 0 0 0 0 71 55 94 97 97 100 100 100 100 68 100 85 47 53 98
8 57 99 50 100 100 42 0 10 60 95 75 67 17 20 16 0 0 0 0 0 0 3 58 47 100 100 96 52 6 6 72 38 2 60 44 74 17 58 83 70 71 96 83 77 24 0 0 0 21 40 82 100 100 100 82 73 16 34 61 60 9 0 1 60 100 100 66 60 81 70 90 89 99 84 3 0 0 0 0 6 21 84 100 100 100 100 100 100 100 100 100 100 76 69 81
20 89 66 42 100 100 74 3 75 59 67 48 1 9 47 69 69 27 41 2 0 0 1 27 5 67 27 74 96 49 2 9 10 2 77 100 85 33 96 70 47 87 56 23 2 11 26 0 0 0 72 100 100 100 100 75 86 11 27 64 33 31 0 7 46 98 100 41 94 100 100 46 42 74 43 0 0 0 0 0 1 90 86 54 87 100 100 100 100 100 100 100 100 100 100 100
85 56 61 97 100 91 84 43 41 15 35 41 5 64 71 79 57 29 72 22 32 1 0 0 0 19 59 23 76 42 81 13 0 7 79 97 17 34 100 22 85 100 20 37 38 84 48 0 0 0 32 99 64 98 77 58 100 43 55 72 38 30 0 42 92 100 100 29 75 97 84 74 49 58 48 0 0 0 0 0 0 10 59 60 83 74 87 100 100 100 100 100 100 100 100 100
96 81 88 100 79 51 7 56 96 38 87 37 77 23 23 39 36 59 72 9 19 1 0 0 0 34 35 0 0 70 67 73 10 0 0 42 50 42 66 93 100 100 89 40 49 99 37 0 0 0 0 12 26 72 69 100 66 40 96 67 52 0 13 56 91 89 99 58 94 86 0 19 23 21 20 71 44 2 0 0 0 20 37 42 69 0 46 75 95 100 100 100 100 100 100 100
89 23 80 96 17 46 55 44 24 89 92 61 48 3 14 57 81 7 0 23 13 45 12 0 0 0 0 0 0 36 80 21 52 7 0 37 46 8 44 44 71 79 74 11 75 95 55 5 0 0 0 14 98 93 84 100 21 36 88 84 28 0 0 41 37 15 93 100 100 9 55 99 83 45 96 71 1 0 0 0 0 0 59 54 49 18 74 85 74 100 100 100 100 100 100 100
92 96 100 83 32 97 87 96 84 80 77 100 100 76 98 39 42 72 39 31 71 86 0 0 0 0 0 0 0 0 2 94 85 25 12 0 21 0 47 43 28 76 74 56 90 44 65 76 0 0 0 0 37 98 63 100 64 15 4 0 0 1 66 92 85 68 72 100 88 42 86 19 96 37 88 24 5 9 0 0 0 0 29 61 65 80 100 100 100 100 100 100 100 100 100 99
95 75 95 100 98 83 100 100 89 62 88 93 50 64 53 50 57 37 3 24 63 78 27 19 59 0 0 0 0 0 4 43 77 68 93 98 83 21 53 95 100 100 79 100 5 51 86 100 78 6 0 0 0 11 57 93 95 38 53 16 0 1 18 60 50 93 100 100 63 90 95 79 100 80 65 85 97 22 0 0 0 0 54 71 98 63 93 100 100 100 100 100 84 46 74 39
72 100 100 100 100 100 99 97 66 49 15 20 37 33 5 12 43 45 52 43 0 19 21 89 29 0 0 0 0 0 19 26 33 100 100 100 95 3 48 79 72 96 100 83 15 57 46 68 84 2 0 0 0 14 4 0 7 1 0 0 0 2 28 80 100 76 79 100 100 95 100 100 100 100 100 87 49 75 29 0 0 0 0 30 45 67 5 76 100 100 100 100 100 94 93 100
84 100 100 100 100 100 100 100 100 47 8 43 69 50 42 26 7 6 46 6 38 73 62 48 69 78 6 0 0 0 0 0 0 28 94 73 46 0 10 29 32 30 80 37 69 66 44 81 89 64 25 1 0 0 0 0 0 0 1 6 59 89 81 29 75 100 100 100 100 100 100 98 91 100 100 100 100 62 31 38 45 -9 0 3 0 24 29 42 70 100 100 100 100 100 100 100
