data/habitatmaps/RS_maps/habitat_Sitta.europaea_2011.asc
NCOLS 369 
NROWS 228 
XLLCORNER 479000 
YLLCORNER 73000 
CELLSIZE 1000 
NODATA_value -9 
[rows 126 to 188 of 228, columns 96 to 191 of 369]
38 1 18 31 53 52 99 80 64 34 52 89 97 14 16 46 48 52 49 34 44 33 34 27 10 31 8 24 40 57 55 49 21 0 0 0 9 72 35 0 0 0 0 37 18 35 12 7 60 71 53 23 3 21 70 41 11 50 79 66 39 67 87 10 0 0 2 36 83 63 54 28 55 64 0 8 34 16 56 76 72 52 23 63 95 62 83 75 89 88 78 72 88 61 9 0
21 1 71 11 66 100 100 84 55 56 72 82 71 83 80 44 73 74 72 90 88 40 28 15 28 10 4 7 22 41 37 92 92 42 1 0 19 68 61 16 32 0 0 0 0 1 37 60 100 100 75 17 35 59 57 88 87 98 89 82 73 53 5 0 0 10 59 80 44 37 54 6 27 29 0 0 0 0 0 7 62 86 79 51 50 54 54 73 95 76 63 51 50 50 0 0
0 0 0 41 73 95 90 52 32 86 44 41 27 46 41 47 38 55 50 50 20 18 44 0 0 0 0 0 2 0 1 12 23 90 91 47 57 36 0 43 19 0 0 0 0 0 0 20 97 99 52 56 62 44 52 100 100 84 92 35 2 1 0 15 35 85 90 63 93 100 43 0 0 0 0 0 0 0 0 13 65 71 70 69 73 21 85 85 31 14 0 0 0 21 10 0
22 13 43 71 92 26 64 76 52 96 56 33 3 13 22 98 30 43 50 38 17 3 2 0 0 2 1 21 60 48 28 2 1 36 51 92 98 35 0 40 48 33 0 0 1 0 0 0 76 64 26 47 91 61 94 82 100 89 16 0 0 0 16 81 96 84 36 0 0 77 37 0 0 0 0 0 0 0 4 72 69 45 2 0 47 55 94 64 0 0 0 0 0 0 0 0
22 15 44 60 95 14 49 52 40 56 48 57 11 45 45 18 66 74 50 34 4 5 0 0 6 26 21 18 71 34 0 0 0 0 0 10 50 56 18 52 50 41 17 20 1 0 0 0 38 77 70 49 48 68 49 1 6 0 0 0 29 54 94 94 20 16 0 0 0 11 0 0 0 0 0 0 2 21 47 56 80 6 0 0 69 99 100 93 32 1 0 0 0 0 0 0
11 21 72 96 92 7 35 49 88 92 61 18 47 35 15 18 30 44 12 2 0 0 0 0 6 74 100 66 55 4 2 2 0 0 0 2 22 72 84 80 0 23 14 14 24 0 0 0 0 0 0 0 0 0 0 3 56 21 0 40 97 100 90 25 0 0 0 0 0 0 0 0 0 0 0 0 21 76 45 24 19 0 0 17 49 18 82 65 68 50 11 0 0 0 0 0
26 36 58 23 30 64 42 74 88 82 31 38 36 3 48 52 27 36 58 34 3 1 9 30 30 44 65 52 19 11 36 40 28 38 34 60 63 74 67 64 5 0 28 28 27 39 0 0 0 0 0 0 12 0 20 71 74 0 62 95 82 53 12 0 0 0 0 0 0 0 0 0 0 0 0 1 6 13 1 0 0 0 1 62 26 0 6 78 53 85 50 12 0 0 0 0
17 47 65 76 21 44 26 41 36 65 14 57 11 48 38 1 0 2 1 1 57 42 45 64 20 1 0 22 15 2 8 2 15 5 19 5 26 53 83 56 92 65 30 2 50 5 41 31 22 21 0 41 63 59 96 100 87 18 78 58 4 0 6 16 0 0 0 4 0 0 0 0 0 0 5 0 0 0 0 0 0 0 6 84 15 0 0 11 50 18 19 47 0 0 0 0
56 59 79 83 30 55 41 25 69 37 2 43 60 39 1 0 0 0 0 1 38 49 41 9 7 31 44 37 28 40 42 23 35 31 28 25 13 40 98 87 50 78 98 38 0 16 12 31 83 96 42 61 79 97 96 100 100 92 67 100 39 11 60 17 22 17 15 36 38 15 2 8 0 7 4 0 0 0 0 0 0 0 0 23 0 0 0 0 10 69 58 6 0 0 0 0
74 67 61 38 15 32 78 52 54 16 9 23 43 17 0 0 0 0 0 18 32 23 10 29 26 21 50 60 66 78 20 65 61 53 49 17 27 46 58 50 7 4 83 50 2 44 55 54 82 94 77 98 25 39 68 73 86 100 79 93 84 89 81 82 79 85 91 50 66 40 32 52 0 56 29 0 0 0 0 0 0 0 0 0 0 0 0 0 0 2 11 10 0 0 0 0
84 62 53 19 33 55 18 36 54 0 10 1 0 0 0 0 0 3 5 16 21 30 51 45 22 49 46 94 69 29 40 56 34 76 53 20 4 45 4 0 5 4 37 69 23 19 7 68 68 90 68 29 0 28 29 57 7 39 95 92 59 69 77 68 65 29 56 73 29 61 82 28 4 38 0 0 0 0 0 0 0 0 0 0 0 0 0 0 0 0 28 17 0 0 0 0
88 54 43 12 10 36 40 25 18 0 0 0 5 17 13 0 0 26 50 4 39 70 51 9 6 47 8 13 28 16 0 47 74 77 47 16 13 13 0 0 28 39 64 52 4 14 75 60 94 64 75 0 1 81 31 0 0 0 46 60 100 94 22 47 54 62 62 42 13 2 7 5 48 48 0 0 0 0 0 0 0 0 0 0 0 0 0 0 0 0 7 11 0 0 0 0
39 11 33 41 29 72 54 30 0 0 2 37 46 66 41 4 28 28 28 3 63 19 4 5 24 45 0 0 0 0 0 27 39 37 3 11 42 0 0 5 17 84 49 6 0 34 87 42 54 37 27 0 0 5 6 0 0 7 97 93 85 72 39 0 2 70 72 26 23 0 17 58 39 0 0 0 0 0 0 0 0 0 0 0 0 0 0 0 0 0 3 45 0 0 0 0
44 16 69 74 83 58 58 50 37 20 29 57 49 17 32 35 25 39 12 32 56 7 7 7 0 0 3 7 8 4 49 3 10 36 14 14 13 0 7 33 93 54 34 8 28 41 59 48 1 0 0 0 0 0 0 0 2 36 82 100 74 34 92 6 1 88 100 97 23 15 85 61 1 0 0 0 0 0 0 0 0 0 0 0 0 0 0 0 0 0 0 0 0 0 0 0
67 66 70 61 58 68 53 73 47 8 57 72 73 53 79 38 22 4 8 34 50 4 10 4 0 0 4 0 7 22 77 30 0 0 24 15 0 0 54 69 46 39 7 50 86 59 18 56 1 0 0 0 0 0 0 0 0 0 8 65 42 57 40 8 0 59 86 66 10 4 3 0 0 0 0 0 0 0 0 0 0 0 0 0 0 0 0 0 0 0 0 0 0 0 0 0
55 29 56 67 39 54 81 16 46 83 59 59 29 34 70 53 7 12 46 51 49 39 28 0 0 0 0 0 2 54 57 13 8 21 23 0 0 0 39 31 16 7 58 17 62 18 33 76 18 4 0 0 0 0 0 0 0 0 5 35 42 65 50 0 0 7 2 0 0 0 0 0 0 0 0 0 0 0 0 0 0 0 0 0 0 0 0 0 0 0 0 0 0 0 0 0
50 31 52 50 35 77 16 1 13 59 55 54 38 16 43 62 8 32 32 33 49 36 10 6 0 12 40 26 5 14 3 0 10 23 2 0 0 20 49 23 2 25 17 1 51 56 36 83 74 70 27 20 4 0 0 0 0 0 2 73 20 92 35 0 0 0 0 0 0 0 0 0 0 0 0 0 0 0 0 0 0 0 0 0 0 0 0 0 0 0 0 0 0 0 0 0
84 19 41 29 18 37 37 0 0 3 5 9 55 37 50 27 22 7 4 15 25 51 10 1 0 0 32 49 0 4 3 0 0 8 0 0 0 58 55 43 7 34 43 4 24 18 46 76 29 70 64 38 0 0 0 0 0 0 3 54 23 76 60 65 6 0 0 0 0 0 0 0 0 0 0 0 0 0 0 0 0 0 0 0 0 0 0 0 0 0 0 0 0 0 0 0
18 38 25 1 0 52 66 17 25 30 2 11 31 54 31 30 24 7 64 1 0 0 0 0 0 4 71 9 34 10 2 0 0 0 0 0 40 38 52 34 37 16 51 6 0 6 62 58 22 6 2 0 0 0 0 0 0 0 2 21 67 23 0 6 0 0 0 0 0 0 0 0 0 0 0 0 0 0 0 0 0 0 0 0 0 0 0 0 0 0 0 0 0 0 0 0
51 1 43 48 3 0 7 27 16 40 1 2 11 41 15 1 4 5 47 67 0 37 21 3 8 0 19 46 66 54 28 10 0 0 0 0 0 31 51 38 31 77 0 48 6 0 0 26 75 63 34 0 0 0 0 0 0 0 37 27 26 0 0 0 0 0 0 0 0 0 0 0 0 0 0 0 0 0 0 0 0 0 0 0 0 0 0 0 0 0 0 0 0 0 37 12
11 0 6 0 0 25 16 55 12 0 5 11 31 59 4 5 4 14 27 44 32 18 56 53 36 0 0 1 19 12 25 20 0 0 0 0 37 73 47 0 7 53 5 52 33 0 0 0 2 22 45 17 0 0 0 0 0 5 42 79 68 27 0 0 0 0 0 0 0 0 0 0 0 0 0 0 0 0 0 0 0 0 0 0 0 0 0 0 0 0 0 0 0 1 56 85
34 20 0 0 0 7 6 2 0 10 13 9 2 8 0 4 6 52 19 1 69 45 68 45 22 0 1 0 0 0 31 5 0 0 0 3 33 48 29 1 0 16 59 53 45 13 0 0 0 0 0 0 0 0 0 0 9 46 55 43 54 28 0 0 0 0 0 0 0 0 0 0 0 0 0 0 0 0 0 0 0 0 0 0 0 0 0 0 0 0 0 0 3 24 67 36
69 3 0 0 0 0 0 1 7 54 66 41 21 11 6 1 39 39 20 12 65 5 27 3 0 10 14 5 9 0 9 0 0 0 24 24 35 46 33 16 0 12 70 26 34 6 0 0 0 0 0 0 0 0 0 0 0 0 0 0 19 40 0 0 0 0 0 0 0 0 0 0 0 0 0 0 0 0 0 0 0 0 0 0 0 0 0 0 0 0 0 13 33 16 12 92
59 0 0 23 31 45 18 28 45 45 73 39 10 17 34 19 23 23 64 22 51 6 17 29 18 47 29 5 10 12 0 0 0 2 24 63 56 20 26 6 0 0 40 16 31 0 0 0 0 0 0 0 0 0 0 0 0 0 3 31 22 2 0 0 0 0 0 0 0 0 0 0 0 0 0 0 0 0 0 0 0 0 0 0 0 0 0 0 0 0 9 23 11 29 81 11
13 1 0 28 25 36 1 71 35 24 54 47 7 1 0 0 41 24 10 0 32 29 23 50 68 43 0 0 0 0 0 0 0 3 18 43 20 10 13 0 0 0 32 59 33 26 4 0 0 0 0 0 0 0 0 0 0 0 1 6 0 0 0 0 0 0 0 0 0 0 0 0 0 0 0 0 0 0 0 0 0 0 0 0 0 0 0 1 2 15 8 7 42 46 17 0
0 0 4 55 86 46 47 38 4 24 47 26 11 11 0 0 2 2 3 0 39 46 51 24 49 44 24 1 0 0 0 0 2 2 10 10 25 55 1 0 0 0 46 23 52 51 6 0 0 0 0 0 0 0 0 0 0 0 0 0 0 0 0 0 0 0 0 0 0 0 0 0 0 0 0 0 0 0 0 0 0 0 0 0 0 0 0 58 40 5 11 78 100 61 49 0
0 31 18 36 99 49 1 2 10 43 33 1 17 1 5 1 36 55 67 14 45 32 13 66 31 34 44 14 0 0 0 6 23 54 2 13 33 40 0 0 0 0 21 37 62 2 0 0 0 0 0 0 0 0 0 0 0 0 0 0 0 0 0 0 0 0 0 0 0 0 0 0 0 0 0 0 0 0 0 0 0 0 0 0 0 4 24 75 10 37 90 90 48 0 0 0
71 8 0 11 55 5 14 57 66 37 73 45 0 0 37 44 18 38 25 28 1 30 9 54 9 44 47 2 0 0 0 10 21 50 2 35 55 22 0 0 0 2 8 84 28 0 0 0 0 0 0 0 0 0 0 0 0 0 0 0 0 0 0 0 0 0 0 0 0 0 0 0 0 0 0 0 0 0 0 0 0 0 0 0 1 55 38 0 22 70 87 6 0 0 0 0
17 16 52 38 43 88 49 44 34 97 78 82 40 0 37 48 40 25 26 9 0 0 0 65 18 2 36 43 3 0 0 6 26 64 33 65 5 0 0 0 0 12 59 22 0 0 0 0 0 0 0 0 0 0 0 0 0 0 0 0 0 0 0 0 0 0 0 0 0 0 0 0 0 0 0 0 0 0 0 0 0 0 0 2 58 62 6 29 78 39 15 0 0 0 0 0
4 41 29 21 90 80 10 2 10 39 40 39 56 0 0 10 20 0 0 0 0 0 17 73 8 0 50 72 27 0 0 23 43 12 20 43 0 0 0 0 0 31 59 4 0 0 23 0 0 0 0 0 0 0 0 0 0 0 0 0 0 0 0 0 0 0 0 0 0 0 0 0 0 0 0 0 0 0 0 0 0 0 5 64 27 3 46 100 76 2 0 0 0 0 0 0
42 30 42 61 88 58 0 0 36 46 31 37 29 25 31 76 20 0 0 0 0 0 40 49 14 1 26 26 10 0 0 8 21 2 43 3 0 0 0 0 0 72 35 44 56 49 70 33 6 0 0 0 0 0 0 0 0 0 0 0 0 0 0 0 0 0 0 0 0 0 0 0 0 0 0 0 0 0 9 0 0 0 53 37 8 70 93 50 34 8 0 0 0 0 0 0
75 48 37 4 54 17 0 1 45 41 33 44 21 68 74 75 19 6 0 0 0 1 42 14 6 3 31 36 16 0 0 0 0 0 0 0 0 0 0 1 2 7 0 0 4 51 40 38 24 0 0 0 0 0 0 0 1 6 1 0 0 0 0 0 0 0 0 0 0 0 0 0 0 0 0 0 0 3 39 5 28 52 51 24 81 93 40 0 0 0 0 0 0 0 0 0
34 35 46 11 7 0 0 5 20 30 28 48 50 71 77 35 68 5 0 0 0 3 3 34 16 54 16 54 45 27 0 0 0 0 0 0 0 0 0 2 2 0 0 0 0 1 0 0 0 0 0 0 0 4 5 7 8 3 0 0 0 0 0 0 0 0 0 0 0 0 0 0 0 0 0 0 0 38 68 15 22 77 40 82 91 42 0 0 0 0 0 0 0 0 0 0
70 67 30 64 47 62 1 0 0 11 22 91 28 42 82 20 5 1 0 0 0 0 2 27 29 39 68 61 99 42 0 0 0 0 0 0 0 0 0 0 0 0 0 0 0 0 0 0 0 0 0 0 4 43 20 12 33 0 0 0 0 0 0 0 0 0 0 0 0 0 0 0 0 0 0 0 2 86 86 45 70 40 83 78 12 0 0 0 0 0 0 0 0 0 0 0
10 36 58 54 47 38 22 0 4 24 26 47 16 40 58 27 25 0 4 2 0 0 13 66 52 38 24 37 45 13 0 0 0 0 0 0 0 0 0 0 0 0 0 0 0 0 0 0 0 0 3 11 27 26 75 54 0 0 0 0 0 0 0 0 0 0 0 0 0 0 0 0 0 0 0 0 28 83 35 67 47 89 54 3 0 0 0 0 0 0 0 0 0 0 0 0
6 9 44 34 18 54 50 0 53 33 40 50 20 9 0 32 8 14 0 2 0 1 34 8 31 55 7 7 1 0 0 0 0 0 0 0 0 0 0 0 0 0 0 0 0 0 0 0 14 8 47 24 31 41 25 0 0 0 0 0 0 0 0 0 0 0 0 0 0 0 0 0 0 0 0 45 82 78 23 46 89 82 11 0 0 0 0 0 0 0 0 0 0 0 0 0
50 30 39 29 0 47 18 6 44 20 69 47 0 0 0 13 33 60 7 0 0 0 0 0 0 0 0 0 0 0 0 0 0 0 0 0 0 0 0 0 0 0 8 0 0 0 0 0 43 30 39 81 67 13 0 0 0 0 0 0 0 0 0 0 0 0 0 0 0 0 5 13 4 0 3 59 78 15 12 79 72 69 42 0 0 0 0 0 0 0 0 0 0 0 0 0
33 3 0 0 0 24 0 45 69 5 32 32 24 46 0 0 16 36 0 0 0 0 0 0 0 0 0 0 0 0 0 0 0 0 0 0 0 0 5 58 22 53 14 0 0 0 0 2 19 58 86 38 3 0 0 0 0 0 0 0 0 0 0 0 0 0 0 0 0 53 64 3 0 36 74 52 50 60 47 49 85 35 0 0 0 0 0 0 0 0 0 0 0 0 0 0
0 0 0 0 0 0 0 32 7 16 38 1 24 7 0 0 18 0 0 0 0 0 0 0 0 0 0 0 0 0 0 0 0 0 0 0 0 0 0 22 72 22 0 0 0 0 0 3 54 95 26 0 0 0 0 0 0 0 0 0 0 0 0 0 0 0 0 1 50 57 4 41 70 33 63 23 52 63 78 99 81 49 41 32 23 52 59 33 9 0 0 0 0 0 0 0
18 5 0 3 0 0 0 0 7 49 56 63 81 28 0 0 0 0 0 0 0 0 0 0 0 0 0 0 0 0 0 0 0 0 0 0 0 0 0 49 63 0 0 0 0 0 0 1 38 71 13 0 0 0 0 0 0 0 0 0 0 0 0 0 0 9 45 9 33 20 37 70 45 24 34 78 92 80 60 80 49 88 66 64 65 78 0 0 0 0 0 0 0 0 0 0
49 5 8 64 29 0 8 19 78 47 44 17 14 4 0 0 0 0 0 0 0 0 0 0 0 0 0 0 0 0 0 0 0 0 0 0 1 1 27 91 16 0 0 0 0 0 0 4 54 60 19 0 0 0 0 0 0 0 0 0 0 0 0 0 0 17 20 52 94 97 12 20 20 28 36 76 56 26 0 16 77 64 99 67 80 21 0 0 0 0 4 1 0 0 0 0
60 51 14 18 45 65 43 34 75 42 0 0 0 0 0 0 0 0 0 0 0 0 0 0 2 7 0 0 0 0 0 0 28 4 0 0 2 12 66 61 65 0 0 0 0 0 0 24 78 74 25 0 0 0 0 4 0 0 0 2 0 0 0 0 0 7 36 62 90 36 0 32 84 72 96 2 0 0 0 2 43 98 71 0 0 0 0 0 0 0 25 35 0 0 0 0
94 66 56 21 70 24 4 3 1 0 0 0 0 0 0 0 0 0 0 0 0 0 0 2 49 63 2 5 0 0 1 2 57 77 20 0 11 80 60 34 85 8 0 1 0 0 12 47 73 69 22 5 16 2 0 13 0 1 42 11 2 0 0 0 0 21 37 31 8 0 40 65 71 88 45 0 0 0 11 50 78 73 56 0 0 0 0 0 0 20 40 34 0 0 0 0
18 53 95 94 34 2 0 0 0 0 0 0 0 0 0 0 0 0 0 0 0 0 1 9 51 92 39 3 0 6 22 14 65 92 63 35 21 72 80 9 88 38 42 17 45 16 48 20 73 66 67 56 60 2 87 83 43 2 38 31 2 2 0 0 8 49 28 0 0 19 69 68 97 28 0 0 0 0 12 3 10 7 4 0 0 0 0 0 0 2 33 0 0 0 0 31
9 41 97 95 39 0 0 0 0 0 0 0 0 0 0 0 0 0 0 0 0 0 0 12 72 100 53 3 18 58 88 80 52 34 36 46 97 94 73 58 41 62 59 48 53 40 12 9 31 20 25 19 42 70 41 45 49 43 69 36 64 52 22 32 68 30 2 0 18 10 68 96 34 2 0 0 0 0 0 0 0 0 0 0 0 0 0 0 26 56 33 0 0 0 0 11
26 14 9 3 0 0 0 0 0 0 0 0 0 0 0 0 0 0 0 0 0 0 11 19 72 100 63 60 55 29 24 54 37 57 20 7 45 9 18 12 25 55 11 31 14 43 0 0 0 0 0 3 2 16 20 14 1 9 42 51 74 25 27 17 17 14 2 0 4 17 88 77 0 0 0 0 0 0 0 0 0 0 0 0 0 0 31 29 54 26 0 0 3 0 0 58
46 16 0 0 0 0 0 0 0 0 0 0 0 0 32 2 0 1 0 2 8 17 66 71 80 62 25 6 28 42 34 1 4 11 0 21 8 21 56 29 0 12 5 1 0 0 30 49 54 72 67 28 5 0 0 0 0 5 16 8 27 7 2 31 11 9 3 2 1 50 100 88 11 0 0 0 0 0 0 0 0 0 0 0 0 29 38 23 57 41 2 46 32 0 15 74
0 3 0 0 0 0 0 0 6 0 0 0 0 0 44 54 22 0 0 34 68 10 60 64 59 10 22 68 26 94 8 0 0 0 24 79 52 46 100 74 0 0 0 0 3 19 76 98 100 80 27 59 86 74 54 47 40 16 0 1 2 12 27 34 76 100 86 76 86 72 39 5 67 15 0 0 0 0 0 0 0 0 0 0 0 0 0 35 70 38 15 65 9 25 82 35
16 30 3 0 0 0 0 8 60 49 3 0 0 0 17 63 52 2 19 39 69 43 27 56 29 40 18 0 30 51 3 0 0 7 82 77 96 52 61 65 64 29 37 53 67 71 62 97 100 28 7 48 66 46 73 95 100 82 6 52 34 98 100 52 76 100 84 86 82 24 57 77 73 42 6 0 0 0 0 0 2 0 0 0 0 3 30 84 92 24 23 56 0 37 100 38
78 65 24 0 0 0 0 0 12 47 43 0 0 0 2 16 62 45 17 60 72 0 0 28 89 61 2 45 0 11 2 0 0 3 30 67 79 39 4 58 68 84 75 41 61 80 81 36 29 72 34 59 49 22 15 75 69 30 14 59 74 100 95 52 95 77 2 7 65 93 100 73 61 14 14 0 0 0 0 60 42 23 0 0 0 0 6 81 94 59 39 4 40 88 82 80
23 0 0 0 0 0 0 3 65 66 30 0 0 1 22 73 73 85 41 50 30 0 17 19 94 29 4 0 0 0 0 2 58 30 84 85 31 24 38 97 72 42 68 99 100 79 94 27 0 0 24 48 93 97 78 37 100 98 14 11 39 78 96 30 22 97 30 0 0 76 98 100 68 0 0 0 0 0 17 60 57 26 0 0 0 0 0 0 8 59 80 90 48 76 77 43
36 22 0 0 0 0 0 9 7 36 61 14 0 9 20 62 41 33 9 1 27 0 0 20 26 4 0 0 0 6 5 46 64 64 36 18 48 63 1 6 11 2 21 25 57 100 94 60 0 0 6 59 79 97 96 67 83 93 18 26 36 47 100 43 27 96 4 0 2 21 5 93 33 0 0 0 0 0 0 77 34 3 27 27 0 0 0 0 0 0 65 92 71 42 56 91
70 13 0 0 0 0 0 0 0 62 69 46 14 6 3 16 83 0 0 16 21 0 0 0 0 0 0 24 49 75 90 87 22 60 83 50 68 6 0 0 0 0 0 0 4 85 60 19 0 0 2 12 1 3 24 12 14 89 45 45 1 34 68 22 46 81 4 0 0 0 4 67 2 0 0 0 0 0 0 5 2 48 56 93 90 49 0 0 0 4 25 92 90 28 63 84
14 0 0 0 0 0 0 0 0 18 70 73 86 90 26 38 9 0 0 0 0 0 0 3 40 70 83 53 54 92 72 78 93 100 97 100 50 44 9 0 0 0 0 0 0 60 82 6 0 0 0 0 0 0 0 50 18 25 8 48 52 52 90 15 0 59 0 0 0 0 0 13 6 0 0 0 0 0 0 0 0 62 96 95 43 95 56 38 1 44 74 44 68 60 77 82
0 0 0 0 0 0 0 0 0 13 70 97 57 10 0 9 21 0 0 0 0 0 0 62 62 35 99 100 85 81 95 93 78 64 51 100 94 94 14 0 0 0 0 0 0 14 70 6 0 0 0 0 0 0 0 44 18 0 10 52 80 100 94 18 0 50 3 0 0 0 0 0 0 0 0 0 0 0 0 0 7 44 7 50 81 80 83 95 77 44 92 64 60 35 72 100
0 0 0 0 2 6 4 4 2 29 92 61 0 0 0 4 25 16 0 0 2 16 42 66 23 70 71 81 82 92 83 92 12 47 100 100 99 50 4 1 0 0 0 0 0 21 83 6 0 0 0 0 0 0 5 3 1 34 52 20 78 85 40 0 0 34 0 0 0 0 0 0 0 0 0 0 0 0 0 0 0 1 20 14 72 61 65 62 100 84 100 58 19 28 81 100
0 0 0 0 46 93 74 67 68 91 42 16 0 0 0 2 0 0 16 52 65 27 31 74 52 82 96 73 14 29 65 72 0 24 64 93 62 22 33 35 0 0 0 0 0 34 70 1 0 0 0 0 1 14 9 2 60 78 98 72 81 82 1 0 0 0 0 0 0 0 0 0 18 9 0 0 32 71 30 7 5 64 53 73 57 53 91 52 78 75 100 100 92 29 100 95
0 0 21 65 66 71 85 80 58 53 6 0 0 0 0 0 1 20 72 50 10 12 4 48 42 61 100 27 0 0 23 20 0 1 43 98 52 98 94 61 0 0 0 0 9 62 75 0 0 0 0 0 5 52 28 67 66 81 67 45 53 54 46 0 0 0 0 0 0 0 0 1 84 20 0 0 43 37 56 40 59 63 67 86 63 58 38 22 16 93 100 100 93 32 100 86
0 0 26 86 32 48 79 96 3 0 0 0 0 0 16 25 43 58 80 59 89 28 24 57 52 47 95 82 2 0 0 0 0 0 12 55 39 74 73 0 0 0 0 0 29 59 22 0 0 0 0 1 3 15 64 48 33 98 29 44 30 69 37 0 0 0 0 0 0 0 0 35 24 16 6 0 20 71 88 56 80 94 100 100 100 100 100 99 75 65 79 71 94 43 70 61
0 1 9 54 50 33 23 27 3 0 0 3 19 86 80 39 20 21 30 82 92 7 98 50 42 62 90 59 0 0 0 0 0 0 5 60 12 42 54 0 0 0 0 0 15 38 0 0 0 0 0 5 69 23 42 41 86 21 0 53 51 58 43 0 0 0 0 0 0 0 3 48 50 8 17 9 68 47 45 100 88 98 91 64 26 50 76 87 100 76 55 53 56 44 19 69
0 3 10 66 99 25 0 0 0 0 19 36 52 51 3 28 52 0 84 16 15 9 30 28 16 46 93 13 0 0 0 0 0 0 10 34 19 24 62 1 0 0 0 0 30 30 0 0 0 0 0 34 82 20 43 83 42 0 0 9 66 53 43 0 0 0 0 0 0 0 0 2 43 55 45 58 17 0 89 87 48 12 3 0 0 0 0 16 45 89 81 38 36 55 63 79
0 36 35 80 60 2 0 0 0 30 68 68 25 11 48 17 71 81 74 6 16 12 61 37 27 4 58 35 0 0 0 0 0 0 12 46 95 58 40 28 0 0 0 0 15 6 0 0 0 0 0 66 26 89 66 82 0 0 0 3 59 37 27 4 0 0 0 0 0 0 0 0 0 5 87 55 17 39 64 17 0 37 7 0 0 21 0 6 16 44 48 29 52 61 75 85
47 81 13 18 0 0 0 0 51 38 92 95 80 62 68 13 84 100 2 0 45 18 62 80 23 4 61 75 0 0 0 0 0 0 12 13 46 95 58 28 0 0 0 0 0 0 0 0 0 0 2 50 47 48 31 15 0 0 0 0 4 44 85 38 0 0 0 0 0 0 0 0 0 49 92 13 17 77 67 19 7 73 59 5 63 97 11 75 40 78 90 52 30 -9 -9 51
