data/habitatmaps/RS_maps/habitat_Sitta.europaea_2011.asc
NCOLS 369 
NROWS 228 
XLLCORNER 479000 
YLLCORNER 73000 
CELLSIZE 1000 
NODATA_value -9 
[rows 0 to 62 of 228, columns 96 to 191 of 369]
-9 -9 -9 -9 -9 -9 -9 -9 -9 -9 -9 -9 -9 -9 -9 -9 -9 -9 -9 -9 -9 -9 -9 -9 -9 -9 -9 -9 -9 -9 -9 -9 -9 -9 -9 -9 -9 -9 -9 -9 -9 -9 -9 -9 -9 -9 -9 -9 -9 -9 -9 -9 -9 -9 -9 -9 -9 -9 -9 -9 -9 -9 -9 -9 -9 -9 -9 -9 -9 -9 -9 -9 -9 -9 -9 -9 -9 -9 -9 -9 -9 -9 -9 -9 -9 -9 -9 -9 -9 -9 -9 -9 -9 -9 46 72
-9 -9 -9 -9 -9 -9 -9 -9 -9 -9 -9 -9 -9 -9 -9 -9 -9 -9 -9 -9 -9 -9 -9 -9 -9 -9 -9 -9 -9 -9 -9 -9 -9 -9 -9 -9 -9 -9 -9 -9 -9 -9 -9 -9 -9 -9 -9 -9 -9 -9 -9 -9 -9 -9 -9 -9 -9 -9 -9 -9 -9 -9 -9 -9 -9 -9 -9 -9 -9 -9 -9 -9 -9 -9 -9 -9 -9 -9 -9 -9 -9 -9 -9 -9 -9 -9 -9 -9 -9 -9 -9 -9 -9 56 46 72
-9 -9 -9 -9 -9 -9 -9 -9 -9 -9 -9 -9 -9 -9 -9 -9 -9 -9 -9 -9 -9 -9 -9 -9 -9 -9 -9 -9 -9 -9 -9 -9 -9 -9 -9 -9 -9 -9 -9 -9 -9 -9 -9 -9 -9 -9 -9 -9 -9 -9 -9 -9 -9 -9 -9 -9 -9 -9 -9 -9 -9 -9 -9 -9 -9 -9 -9 -9 -9 -9 -9 -9 -9 -9 -9 -9 -9 -9 -9 -9 -9 -9 -9 -9 -9 -9 -9 -9 -9 -9 -9 -9 -9 26 78 100
-9 -9 -9 -9 -9 -9 -9 -9 -9 -9 -9 -9 -9 -9 -9 -9 -9 -9 -9 -9 -9 -9 -9 -9 -9 -9 -9 -9 -9 -9 -9 -9 -9 -9 -9 -9 -9 -9 -9 -9 -9 -9 -9 -9 -9 -9 -9 -9 -9 -9 -9 -9 -9 -9 -9 -9 -9 -9 -9 -9 -9 -9 -9 -9 -9 -9 -9 -9 -9 -9 -9 -9 -9 -9 -9 -9 -9 -9 -9 -9 -9 -9 -9 -9 -9 -9 -9 -9 -9 -9 -9 -9 10 14 46 48
-9 -9 -9 -9 -9 -9 -9 -9 -9 -9 -9 -9 -9 -9 -9 -9 -9 -9 -9 -9 -9 -9 -9 -9 -9 -9 -9 -9 -9 -9 -9 -9 -9 -9 -9 -9 -9 -9 -9 -9 -9 -9 -9 -9 -9 -9 -9 -9 -9 -9 -9 -9 -9 -9 -9 -9 -9 -9 -9 -9 -9 -9 -9 -9 -9 -9 -9 -9 -9 -9 -9 -9 -9 -9 -9 -9 -9 -9 -9 -9 -9 -9 -9 -9 -9 -9 -9 -9 -9 -9 -9 15 0 0 0 2
-9 -9 -9 -9 -9 -9 -9 -9 -9 -9 -9 -9 -9 -9 -9 -9 -9 -9 -9 -9 -9 -9 -9 -9 -9 -9 -9 -9 -9 -9 -9 -9 -9 -9 -9 -9 -9 -9 -9 -9 -9 -9 -9 -9 -9 -9 -9 -9 -9 -9 -9 -9 -9 -9 -9 -9 -9 -9 -9 -9 -9 -9 -9 -9 -9 -9 -9 -9 -9 -9 -9 -9 -9 -9 -9 -9 -9 -9 -9 -9 -9 -9 -9 -9 -9 -9 -9 -9 -9 -9 -9 60 0 0 61 37
-9 -9 -9 -9 -9 -9 -9 -9 -9 -9 -9 -9 -9 -9 -9 -9 -9 -9 -9 -9 -9 -9 -9 -9 -9 -9 -9 -9 -9 -9 -9 -9 -9 -9 -9 -9 -9 -9 -9 -9 -9 -9 -9 -9 -9 -9 -9 -9 -9 -9 -9 -9 -9 -9 -9 -9 -9 -9 -9 -9 -9 -9 -9 -9 -9 -9 -9 -9 -9 -9 -9 -9 -9 -9 -9 -9 -9 -9 -9 -9 -9 -9 -9 -9 -9 -9 -9 -9 -9 -9 76 97 26 0 11 9
-9 -9 -9 -9 -9 -9 -9 -9 -9 -9 -9 -9 -9 -9 -9 -9 -9 -9 -9 -9 -9 -9 -9 -9 -9 -9 -9 -9 -9 -9 -9 -9 -9 -9 -9 -9 -9 -9 -9 -9 -9 -9 -9 -9 -9 -9 -9 -9 -9 -9 -9 -9 -9 -9 -9 -9 -9 -9 -9 -9 -9 -9 -9 -9 -9 -9 -9 -9 -9 -9 -9 -9 -9 -9 -9 -9 -9 -9 -9 -9 -9 -9 -9 -9 -9 -9 -9 -9 -9 76 92 100 48 4 62 42
-9 -9 -9 -9 -9 -9 -9 -9 -9 -9 -9 -9 -9 -9 -9 -9 -9 -9 -9 -9 -9 -9 -9 -9 -9 -9 -9 -9 -9 -9 -9 -9 -9 -9 -9 -9 -9 -9 -9 -9 -9 -9 -9 -9 -9 -9 -9 -9 -9 -9 -9 -9 -9 -9 -9 -9 -9 -9 -9 -9 -9 -9 -9 -9 -9 -9 -9 -9 -9 -9 -9 -9 -9 -9 -9 -9 -9 -9 -9 -9 -9 -9 -9 -9 -9 -9 -9 -9 100 100 100 100 42 15 74 22
-9 -9 -9 -9 -9 -9 -9 -9 -9 -9 -9 -9 -9 -9 -9 -9 -9 -9 -9 -9 -9 -9 -9 -9 -9 -9 -9 -9 -9 -9 -9 -9 -9 -9 -9 -9 -9 -9 -9 -9 -9 -9 -9 -9 -9 -9 -9 -9 -9 -9 -9 -9 -9 -9 -9 -9 -9 -9 -9 -9 -9 -9 -9 -9 -9 -9 -9 -9 -9 -9 -9 -9 -9 -9 -9 -9 -9 -9 -9 -9 -9 -9 -9 -9 -9 -9 -9 -9 86 100 100 100 84 0 0 7
-9 -9 -9 -9 -9 -9 -9 -9 -9 -9 -9 -9 -9 -9 -9 -9 -9 -9 -9 -9 -9 -9 -9 -9 -9 -9 -9 -9 -9 -9 -9 -9 -9 -9 -9 -9 -9 -9 -9 -9 -9 -9 -9 -9 -9 -9 -9 -9 -9 -9 -9 -9 -9 -9 -9 -9 -9 -9 -9 -9 -9 -9 -9 -9 -9 -9 -9 -9 -9 -9 -9 -9 -9 -9 -9 -9 -9 -9 -9 -9 -9 -9 -9 -9 -9 -9 -9 51 74 91 96 100 100 9 0 2
-9 -9 -9 -9 -9 -9 -9 -9 -9 -9 -9 -9 -9 -9 -9 -9 -9 -9 -9 -9 -9 -9 -9 -9 -9 -9 -9 -9 -9 -9 -9 -9 -9 -9 -9 -9 -9 -9 -9 -9 -9 -9 -9 -9 -9 -9 -9 -9 -9 -9 -9 -9 -9 -9 -9 -9 -9 -9 -9 -9 -9 -9 -9 -9 -9 -9 -9 -9 -9 -9 -9 -9 -9 -9 -9 -9 -9 -9 -9 -9 -9 -9 -9 -9 -9 -9 25 40 76 45 0 29 91 12 0 1
-9 -9 -9 -9 -9 -9 -9 -9 -9 -9 -9 -9 -9 -9 -9 -9 -9 -9 -9 -9 -9 -9 -9 -9 -9 -9 -9 -9 -9 -9 -9 -9 -9 -9 -9 -9 -9 -9 -9 -9 -9 -9 -9 -9 -9 -9 -9 -9 -9 -9 -9 -9 -9 -9 -9 -9 -9 -9 -9 -9 -9 -9 -9 -9 -9 -9 -9 -9 -9 -9 -9 -9 -9 -9 -9 -9 -9 -9 -9 -9 -9 -9 -9 -9 -9 -9 26 77 62 59 8 46 100 24 12 4
-9 -9 -9 -9 -9 -9 -9 -9 -9 -9 -9 -9 -9 -9 -9 -9 -9 -9 -9 -9 -9 -9 -9 -9 -9 -9 -9 -9 -9 -9 -9 -9 -9 -9 -9 -9 -9 -9 -9 -9 -9 -9 -9 -9 -9 -9 -9 -9 -9 -9 -9 -9 -9 -9 -9 -9 -9 -9 -9 -9 -9 -9 -9 -9 -9 -9 -9 -9 -9 -9 -9 -9 -9 -9 -9 -9 -9 -9 -9 -9 -9 -9 -9 -9 -9 -9 50 97 75 96 74 88 78 87 92 28
-9 -9 -9 -9 -9 -9 -9 -9 -9 -9 -9 -9 -9 -9 -9 -9 -9 -9 -9 -9 -9 -9 -9 -9 -9 -9 -9 -9 -9 -9 -9 -9 -9 -9 -9 -9 -9 -9 -9 -9 -9 -9 -9 -9 -9 -9 -9 -9 -9 -9 -9 -9 -9 -9 -9 -9 -9 -9 -9 -9 -9 -9 -9 -9 -9 -9 -9 -9 -9 -9 -9 -9 -9 -9 -9 -9 -9 -9 -9 -9 69 74 97 60 36 76 68 58 44 34 70 7 74 58 56 47
-9 -9 -9 -9 -9 -9 -9 -9 -9 -9 -9 -9 -9 -9 -9 -9 -9 -9 -9 -9 -9 -9 -9 -9 -9 -9 -9 -9 -9 -9 -9 -9 -9 -9 -9 -9 -9 -9 -9 -9 -9 -9 -9 -9 -9 -9 -9 -9 -9 -9 -9 -9 -9 -9 -9 -9 -9 -9 -9 -9 -9 -9 -9 -9 -9 -9 -9 -9 -9 -9 -9 -9 -9 -9 -9 -9 70 91 9 22 23 24 62 93 12 91 77 12 0 0 8 0 37 8 22 78
-9 -9 -9 -9 -9 -9 -9 -9 -9 -9 -9 -9 -9 -9 -9 -9 -9 -9 -9 -9 -9 -9 -9 -9 -9 -9 -9 -9 -9 -9 -9 -9 -9 -9 -9 -9 -9 -9 -9 -9 -9 -9 95 100 100 100 -9 -9 -9 -9 -9 -9 -9 -9 -9 -9 -9 -9 -9 -9 -9 -9 -9 -9 -9 -9 -9 -9 -9 -9 -9 -9 -9 -9 -9 96 67 65 29 69 55 86 90 100 38 58 72 49 0 9 4 1 52 6 25 33
-9 -9 -9 -9 -9 -9 -9 -9 -9 -9 -9 -9 -9 -9 -9 -9 -9 -9 -9 -9 -9 -9 -9 -9 -9 -9 -9 -9 -9 -9 -9 -9 -9 -9 -9 0 0 0 22 75 50 99 100 100 100 68 85 94 93 56 -9 -9 -9 -9 -9 -9 -9 -9 -9 -9 -9 -9 -9 -9 -9 -9 -9 -9 -9 -9 -9 -9 -9 40 36 77 76 27 46 68 72 86 98 73 74 19 0 73 37 61 44 4 20 19 28 19
-9 -9 -9 -9 -9 -9 -9 -9 -9 -9 -9 -9 -9 -9 -9 -9 -9 -9 -9 -9 -9 -9 -9 -9 -9 -9 -9 -9 -9 -9 -9 24 0 0 8 10 0 0 6 83 79 99 98 100 100 100 44 9 85 79 85 -9 100 97 93 88 100 93 82 43 47 0 -9 -9 -9 -9 -9 -9 -9 -9 -9 -9 99 23 19 54 85 19 51 78 100 87 43 26 100 61 29 75 27 9 11 43 8 41 32 22
-9 -9 -9 -9 -9 -9 -9 -9 -9 -9 -9 -9 -9 -9 -9 -9 -9 -9 -9 -9 -9 -9 -9 -9 -9 -9 -9 -9 -9 -9 31 12 0 12 25 74 9 0 28 37 47 63 96 93 99 100 95 35 23 8 38 4 60 94 64 70 59 80 82 99 43 2 23 92 100 100 -9 -9 -9 -9 97 72 100 68 20 67 92 67 24 66 79 22 0 9 52 83 70 22 9 6 22 49 2 39 55 34
-9 -9 -9 -9 -9 -9 -9 -9 -9 -9 -9 -9 -9 -9 -9 -9 -9 -9 -9 -9 -9 -9 -9 -9 -9 -9 -9 -9 96 16 38 33 14 37 0 50 0 0 69 21 12 1 85 89 100 96 90 79 68 53 91 46 58 96 4 29 24 50 73 100 77 65 87 100 97 66 31 -9 -9 38 41 28 22 82 32 95 100 53 8 4 14 29 19 62 8 49 14 2 5 16 31 47 36 48 41 40
-9 -9 -9 -9 -9 -9 -9 -9 -9 -9 -9 -9 -9 -9 -9 -9 -9 -9 -9 -9 -9 -9 -9 -9 -9 -9 -9 67 84 6 58 73 2 46 19 21 0 9 56 15 0 87 95 90 93 83 55 99 92 100 100 58 96 90 4 74 62 44 97 100 67 100 100 100 94 20 1 35 38 56 8 37 0 59 82 99 88 16 8 0 1 18 20 44 0 61 46 73 82 96 29 44 22 23 33 0
-9 -9 -9 -9 -9 -9 -9 -9 -9 -9 -9 -9 -9 -9 -9 -9 -9 -9 -9 -9 -9 -9 -9 -9 -9 4 0 53 92 12 42 45 3 26 18 0 0 21 13 18 30 100 94 52 87 73 1 78 100 100 100 38 97 78 1 35 20 17 29 90 100 100 62 79 84 51 16 34 19 30 90 83 57 80 93 20 24 0 0 0 18 14 5 2 21 32 83 100 98 48 26 56 23 2 0 25
-9 -9 -9 -9 -9 -9 -9 -9 -9 -9 -9 -9 -9 -9 -9 -9 -9 -9 -9 -9 -9 -9 -9 -9 0 12 5 86 96 36 26 59 34 5 0 0 0 0 0 0 17 97 52 11 19 50 6 28 57 45 24 4 21 1 0 0 61 12 9 53 96 99 99 42 76 11 28 65 68 80 95 28 12 89 92 42 9 0 23 14 24 51 49 4 45 49 100 77 30 13 31 56 12 0 0 27
-9 -9 -9 -9 -9 -9 -9 -9 -9 -9 -9 -9 -9 -9 -9 -9 -9 -9 -9 -9 -9 -9 -9 0 0 1 21 7 33 62 2 13 69 41 0 0 0 0 0 0 52 69 3 0 21 53 31 25 31 26 50 38 2 4 18 1 34 61 54 6 89 98 77 41 54 29 12 47 34 100 78 45 47 72 53 18 24 19 27 27 24 75 91 76 51 8 16 31 29 68 68 99 20 8 43 48
-9 -9 -9 -9 -9 -9 -9 -9 -9 -9 -9 -9 -9 -9 -9 -9 -9 -9 -9 -9 -9 -9 19 27 3 0 0 0 14 0 7 31 0 21 10 6 0 0 0 0 0 0 0 26 35 0 56 24 13 10 12 55 55 0 8 66 77 37 49 2 0 77 74 0 33 2 0 70 89 73 27 68 74 65 96 48 0 0 9 28 68 51 41 50 83 80 28 0 49 63 5 10 45 49 93 91
-9 -9 -9 -9 -9 -9 -9 -9 -9 -9 -9 -9 -9 -9 -9 -9 -9 -9 -9 -9 -9 27 58 2 0 0 0 25 55 8 12 60 13 0 0 16 36 1 0 0 0 0 0 44 54 80 100 79 47 0 16 79 59 1 44 74 47 16 32 12 10 71 100 9 62 60 0 15 35 35 67 34 40 28 67 2 0 7 21 65 61 38 4 0 39 63 6 50 39 72 55 13 0 3 37 27
16 23 72 63 -9 -9 -9 -9 -9 -9 -9 -9 -9 -9 -9 -9 -9 -9 -9 -9 8 25 21 10 0 0 14 64 60 16 1 11 13 0 0 22 48 9 0 13 22 0 10 26 72 97 100 63 16 0 0 22 74 79 65 57 6 56 62 1 20 78 100 24 15 77 55 48 21 75 63 97 66 84 82 48 11 44 89 63 9 0 29 42 16 10 32 37 3 0 20 59 40 4 28 15
0 23 45 100 100 100 100 9 6 -9 -9 -9 -9 -9 -9 -9 -9 -9 -9 -9 0 0 0 2 37 31 71 17 0 1 0 0 0 0 0 0 2 28 11 17 48 0 2 56 94 68 100 96 46 0 3 0 23 71 96 76 90 52 26 23 25 13 98 41 5 23 42 81 74 92 32 37 50 62 64 20 57 52 1 0 0 0 32 53 33 16 40 54 21 0 3 68 48 16 78 68
0 3 39 25 60 100 100 69 0 3 74 55 44 -9 -9 -9 -9 -9 -9 3 0 17 12 8 36 8 0 0 0 2 0 0 0 0 0 0 0 15 15 0 2 0 16 37 37 45 74 67 56 8 57 3 23 75 86 84 71 74 36 96 54 57 100 43 44 74 21 43 83 28 9 54 0 1 48 13 27 6 4 13 2 11 20 71 17 26 17 90 52 0 0 0 62 64 24 58
4 0 16 0 59 100 100 76 31 6 0 8 14 16 -9 -9 -9 -9 52 39 0 5 0 6 28 3 4 4 0 15 8 0 0 0 0 0 0 0 0 0 0 0 38 65 46 32 71 67 56 81 94 63 0 12 57 3 16 62 45 31 31 41 98 73 41 38 47 75 12 0 14 35 35 39 42 16 44 55 73 100 54 84 35 16 2 3 17 86 97 35 0 0 50 91 82 56
12 18 22 28 57 100 100 97 61 28 0 31 31 2 0 0 3 0 6 51 15 25 66 3 26 5 11 24 62 50 0 0 0 0 0 0 0 14 38 33 6 17 60 64 57 23 99 78 59 82 14 10 0 32 60 48 45 76 90 96 23 58 98 96 78 72 1 53 54 7 42 13 56 22 0 20 81 56 60 26 69 75 35 18 29 1 0 66 88 98 61 0 7 77 94 12
63 26 0 18 15 74 72 88 88 28 16 33 0 32 0 39 25 0 0 0 6 13 19 12 10 0 0 0 19 21 14 2 0 0 0 0 0 6 32 4 0 98 36 96 79 56 100 84 7 0 0 0 1 63 9 0 0 0 0 9 22 38 100 96 97 94 47 11 82 44 3 7 6 1 8 95 59 40 6 0 43 60 44 30 68 13 11 17 32 53 72 52 49 23 41 6
79 33 5 0 10 30 7 31 99 32 22 0 0 39 5 2 16 15 23 15 0 0 0 37 18 64 19 0 6 12 12 14 0 0 0 0 0 0 0 0 25 18 58 79 90 99 73 10 0 0 0 0 7 99 43 0 0 0 0 32 0 11 29 15 16 13 51 70 75 20 0 1 80 75 80 69 66 0 0 3 29 64 29 79 16 67 11 11 18 42 24 38 60 82 19 27
72 74 38 0 21 7 2 29 95 86 76 23 0 10 34 18 21 41 52 16 0 0 0 3 18 2 11 0 17 46 10 25 0 0 0 0 0 0 0 1 10 16 0 0 12 26 1 0 0 0 1 8 20 45 0 0 0 0 19 14 0 0 0 0 0 0 2 60 32 18 1 33 48 100 66 32 34 0 22 0 21 0 34 54 59 85 21 5 0 39 75 50 39 27 66 26
6 40 70 11 5 14 0 1 28 55 100 44 0 10 23 75 11 24 46 1 0 30 0 0 0 0 38 37 0 27 38 31 7 8 0 0 0 0 0 31 94 45 0 0 0 0 0 0 22 66 78 100 80 94 70 49 58 23 65 93 75 35 66 20 0 0 0 78 100 64 8 24 44 51 2 21 12 1 33 44 61 62 78 61 51 75 0 0 0 24 68 5 79 100 97 22
55 77 95 39 32 16 29 0 0 24 62 2 25 54 35 75 33 2 48 83 77 62 53 23 72 81 68 1 2 17 17 48 70 51 0 0 0 0 2 1 35 0 0 0 0 0 2 2 83 93 89 97 45 6 19 54 66 79 49 39 60 64 27 32 55 33 7 46 42 84 17 19 78 25 6 36 80 60 84 100 100 65 86 13 48 50 19 30 10 33 29 9 30 79 78 45
20 9 76 84 73 22 64 31 2 69 58 13 2 46 21 63 90 31 4 27 56 100 99 86 61 62 0 0 9 26 3 28 26 0 0 0 0 0 18 32 0 36 44 6 0 16 3 6 65 62 3 5 1 0 38 8 36 82 60 0 24 19 48 35 17 28 50 17 7 22 33 18 77 74 93 92 94 33 53 92 80 54 92 21 13 37 98 98 98 81 17 7 0 11 2 42
0 1 69 62 26 18 69 10 53 13 18 0 0 0 2 17 73 15 0 0 0 56 37 49 67 95 53 60 80 83 15 75 25 0 10 34 12 7 25 73 12 24 75 30 52 20 0 41 4 0 0 25 22 35 46 57 50 1 30 69 34 26 4 16 1 47 68 58 0 0 63 67 47 54 7 68 66 57 36 57 48 4 2 0 1 54 91 58 95 100 98 21 1 45 3 15
27 64 76 4 0 0 40 34 14 6 0 0 58 87 17 11 93 26 17 8 0 0 0 50 100 96 61 31 24 16 6 2 19 0 60 41 50 40 16 39 60 100 97 71 23 4 0 61 68 0 70 89 85 66 39 8 14 4 10 62 48 12 5 10 33 4 8 15 0 0 35 36 20 0 20 43 82 90 54 28 58 30 35 67 42 1 6 51 68 98 96 4 0 17 17 0
97 79 69 52 35 93 99 59 33 0 0 44 64 67 99 61 77 89 90 91 40 3 0 15 87 50 0 7 0 0 0 0 0 0 19 75 19 27 3 91 100 59 96 73 54 21 0 91 100 54 76 44 38 4 18 54 42 24 33 36 6 0 0 71 100 40 0 0 2 29 42 1 38 0 6 0 68 39 23 31 72 26 100 61 6 4 0 0 0 39 74 27 6 0 6 5
37 0 10 69 64 100 92 51 0 0 36 100 53 4 47 62 45 54 80 91 8 0 2 68 31 0 2 46 53 36 16 0 0 0 0 3 0 24 5 94 96 55 97 74 87 75 15 12 49 96 82 96 82 45 43 9 54 52 8 6 31 33 67 91 54 32 10 32 74 39 42 16 29 0 30 77 27 50 50 12 43 22 13 0 27 47 72 33 9 10 35 46 17 24 56 42
21 9 0 3 78 100 100 64 0 14 90 67 30 26 0 41 53 19 0 22 25 25 32 42 12 0 53 80 16 40 47 41 25 0 0 2 0 0 2 68 64 7 43 38 43 77 64 10 25 42 83 58 13 51 95 25 18 6 22 67 28 100 100 61 32 22 39 75 43 46 20 2 35 0 57 65 16 59 73 18 28 63 0 6 22 15 75 38 67 50 3 48 84 91 100 99
16 0 0 22 74 98 12 42 17 65 68 67 30 73 55 89 99 87 45 11 0 5 0 16 10 33 26 0 11 22 37 31 93 56 59 18 0 8 43 100 90 38 71 29 27 58 31 37 50 7 21 2 2 30 39 17 0 9 41 10 66 54 68 79 46 55 49 36 33 40 12 29 80 45 62 59 80 88 57 41 86 65 28 8 54 23 35 11 50 65 10 0 7 34 80 87
0 0 0 36 52 53 1 12 84 25 0 3 45 100 74 95 99 97 96 92 62 7 1 67 57 58 46 78 99 82 79 90 100 84 33 10 7 58 81 80 33 81 69 39 73 16 17 19 73 87 92 84 18 29 1 32 0 24 53 61 25 57 38 93 77 39 5 0 4 46 50 22 47 57 69 81 88 45 16 29 28 13 17 28 76 4 21 7 43 92 17 0 0 37 73 9
0 0 6 32 89 65 10 60 44 55 49 55 98 67 100 90 52 66 58 94 100 98 94 88 84 100 100 92 81 89 27 46 48 43 82 59 40 19 78 32 32 63 12 29 35 77 52 24 46 24 92 35 23 48 16 90 68 75 60 94 33 65 11 17 25 74 14 0 43 85 60 39 85 91 25 35 46 8 0 1 33 0 15 1 0 37 44 27 53 71 89 29 8 21 59 0
46 32 67 37 70 74 5 63 37 86 40 55 62 97 82 71 58 59 24 41 36 83 96 96 78 93 85 74 65 75 82 51 52 43 39 69 29 20 68 20 28 63 28 38 32 76 40 22 69 70 88 50 52 57 68 64 99 89 60 69 0 12 15 4 3 82 93 24 40 40 51 21 48 36 28 21 30 44 1 44 98 53 0 1 0 20 44 20 2 29 100 89 10 48 0 32
5 0 42 1 29 81 98 100 87 60 25 27 47 67 62 34 42 12 70 78 98 96 90 69 81 67 20 75 14 43 62 11 18 60 84 65 62 81 86 50 32 8 50 78 5 25 57 51 42 54 59 47 24 75 23 65 85 31 1 55 3 0 19 70 65 66 57 51 39 73 50 75 63 50 60 44 58 61 40 14 70 98 20 18 76 51 79 32 5 37 52 71 78 9 0 30
0 0 2 0 0 18 22 30 89 76 31 89 97 36 38 67 24 33 68 61 70 52 18 37 52 55 60 17 18 28 0 15 0 14 69 70 77 56 74 54 16 35 84 83 71 52 80 44 2 2 6 46 42 62 4 45 24 69 9 14 16 61 82 48 60 75 81 68 90 77 71 41 53 48 75 69 62 3 14 4 36 59 90 40 5 31 21 25 61 18 0 23 77 89 3 0
12 0 0 0 37 0 0 32 77 46 94 65 33 9 47 19 45 46 72 76 89 60 29 45 37 32 88 84 28 6 0 0 0 21 94 69 63 44 45 68 89 46 4 35 73 13 31 11 5 36 26 10 1 27 0 26 12 21 1 0 32 96 47 48 76 69 50 74 56 5 0 12 11 5 66 61 36 34 27 25 0 8 51 41 7 24 4 0 6 66 23 12 75 51 44 0
0 0 0 2 46 35 48 47 99 92 100 51 2 12 50 57 65 85 81 48 72 88 68 19 34 59 96 97 75 6 0 0 0 46 45 84 59 45 73 75 41 61 19 29 56 6 50 21 5 10 0 4 21 76 50 17 74 74 65 39 75 64 81 49 64 78 36 0 32 99 27 0 1 37 94 70 2 57 97 24 13 81 53 23 83 70 77 38 1 15 0 17 2 62 99 50
0 0 11 59 69 55 40 67 52 41 1 4 47 16 64 62 70 82 99 58 57 51 74 37 69 75 45 67 98 43 1 0 1 35 58 58 82 36 62 40 5 58 26 42 40 32 60 45 33 69 44 38 57 54 32 17 26 60 45 27 55 98 80 48 45 39 39 3 51 68 2 0 0 57 85 78 1 38 86 6 12 48 13 3 41 26 36 68 42 0 33 16 11 48 79 17
35 43 68 50 41 62 70 90 43 32 17 15 18 26 68 87 98 52 34 39 35 65 53 73 72 94 62 71 96 67 73 21 21 47 74 50 14 0 8 6 29 16 52 72 69 83 57 50 33 63 91 57 19 76 63 58 74 14 6 43 97 67 22 7 0 45 70 0 30 12 0 15 3 10 17 15 0 0 4 0 0 17 69 0 0 0 0 33 54 0 66 25 3 11 65 44
80 70 72 74 79 65 53 28 43 73 40 11 14 92 88 82 65 32 57 60 91 100 74 52 54 67 12 0 9 22 47 68 59 53 39 27 44 78 65 71 62 36 60 50 68 72 91 28 73 64 52 49 33 61 45 47 13 41 68 70 64 35 11 0 23 73 49 38 54 68 9 78 16 5 66 53 67 23 22 12 22 82 46 21 0 10 83 45 46 7 25 20 50 12 15 26
72 49 73 63 73 50 41 52 52 48 78 37 69 87 35 17 3 0 4 0 18 31 31 90 94 100 95 80 72 93 85 31 38 94 74 70 44 84 65 68 73 75 29 37 23 25 30 62 78 57 60 43 53 42 36 36 72 35 57 52 62 27 3 26 71 40 0 22 40 84 50 5 25 13 19 66 100 46 61 69 93 74 42 42 0 0 28 39 39 37 7 49 11 22 26 7
59 52 42 42 43 83 69 50 68 9 56 79 39 19 22 10 0 0 0 0 0 0 0 21 21 31 33 8 13 32 7 61 95 84 71 34 48 60 63 53 53 40 35 64 59 85 46 50 49 48 55 45 48 80 44 52 67 59 88 68 11 18 12 37 18 21 0 0 65 100 41 0 37 99 46 2 17 100 63 9 21 70 71 93 45 1 0 0 2 48 69 77 36 48 5 0
64 44 65 53 35 48 41 53 2 38 74 72 68 16 17 31 0 0 2 10 0 0 0 0 5 23 0 0 0 0 17 75 36 72 68 56 92 66 31 34 60 51 6 15 23 20 35 83 37 30 20 34 97 67 75 98 100 86 68 44 4 59 17 6 20 13 0 8 95 97 10 0 46 88 91 72 14 63 83 1 0 12 5 85 99 65 0 0 0 2 76 94 51 12 2 0
22 8 48 55 63 72 47 17 0 71 65 20 47 0 0 0 0 0 44 42 0 3 31 50 12 32 39 15 5 0 29 60 45 66 47 77 66 51 73 64 40 16 62 64 55 25 45 30 87 53 14 29 79 100 100 36 28 5 1 3 10 18 60 15 31 37 34 49 100 55 0 0 22 65 74 60 13 47 86 20 0 21 21 74 100 100 19 28 0 0 19 93 95 38 9 35
31 14 79 87 62 44 36 0 0 0 0 0 0 7 26 25 0 8 7 9 29 60 90 68 66 86 54 65 70 61 59 100 100 69 48 46 31 42 54 52 42 69 45 34 32 64 68 46 35 26 34 88 100 85 68 3 0 2 14 60 32 100 69 67 77 55 52 43 88 0 0 0 41 100 59 68 21 36 56 7 6 29 24 0 35 81 2 31 17 2 0 14 75 9 22 41
69 95 74 53 34 38 16 11 10 8 15 25 18 77 70 83 46 73 59 78 80 93 52 12 8 60 38 20 42 84 89 77 72 67 58 46 42 24 26 52 60 78 76 50 61 46 62 89 81 39 58 64 21 1 0 0 12 84 100 64 16 65 59 53 45 17 13 58 40 22 0 2 27 79 44 44 45 37 58 1 12 5 0 0 3 41 0 0 39 30 0 0 86 39 30 31
41 68 10 26 78 94 76 98 97 84 97 99 78 59 41 54 91 100 100 93 95 85 90 44 57 55 77 87 74 58 97 39 57 69 42 43 69 69 63 80 18 44 25 14 7 46 51 88 91 83 12 0 0 0 1 18 19 82 81 40 0 0 30 32 35 7 21 49 72 53 38 8 68 91 47 13 17 19 75 50 0 2 0 0 29 0 3 21 11 41 0 0 22 24 6 5
23 32 61 77 45 42 70 95 91 85 72 79 91 48 68 96 97 98 56 67 66 74 72 57 36 50 67 58 51 67 75 37 34 70 31 43 49 30 2 0 0 0 35 74 72 98 62 100 92 16 0 0 0 0 0 49 16 0 0 0 0 0 0 25 66 85 75 20 40 46 73 28 43 71 53 38 4 51 45 90 45 43 17 0 0 43 0 45 70 26 1 0 0 0 0 4
18 89 68 27 69 62 71 60 55 36 39 42 29 85 92 97 54 14 68 92 89 95 64 59 69 61 51 51 54 72 60 83 72 56 60 64 40 0 0 0 0 1 89 75 82 52 58 54 18 0 0 0 6 75 18 59 17 1 22 25 0 0 0 17 42 38 48 59 27 37 29 23 54 4 15 24 35 1 18 26 83 64 0 0 0 7 0 13 42 77 33 0 0 10 4 4
