data/habitatmaps/RS_maps/habitat_Prunella.modularis_2000.asc
NCOLS 369 
NROWS 228 
XLLCORNER 479000 
YLLCORNER 73000 
CELLSIZE 1000 
NODATA_value -9 
[rows 116 to 173 of 228, columns 96 to 191 of 369]
0 0 0 0 5 2 0 0 3 10 33 41 16 14 0 51 15 0 10 1 0 17 48 8 0 0 0 0 0 28 0 0 21 0 28 20 2 11 16 66 31 33 2 0 46 41 54 64 28 13 63 100 100 100 100 95 58 46 45 25 26 8 27 74 6 11 23 35 27 60 94 35 43 57 78 93 42 95 94 63 36 61 100 86 81 100 100 100 100 70 63 50 0 0 6 44
62 12 0 0 7 36 34 31 14 11 15 50 38 0 0 89 65 0 22 1 0 21 25 36 80 48 3 0 0 0 17 4 19 5 31 39 50 72 74 74 63 51 56 36 0 0 5 43 70 94 96 100 91 100 43 36 35 87 98 60 91 17 51 75 91 92 88 96 66 95 100 28 22 55 46 72 46 92 100 57 13 43 100 92 92 100 100 100 83 51 85 82 53 10 0 60
21 0 2 19 60 2 25 9 19 4 2 19 17 0 7 90 49 0 0 0 0 5 35 22 64 100 56 1 0 0 6 0 9 55 9 25 53 26 50 80 12 0 6 12 40 53 49 18 54 57 50 58 20 43 59 50 97 100 80 4 29 51 53 81 100 100 100 100 100 90 57 44 75 6 25 89 100 100 100 41 1 31 77 78 77 100 100 44 55 64 57 4 4 0 25 5
18 70 57 45 33 0 16 4 29 32 26 9 0 11 47 38 20 25 32 34 9 25 22 79 64 56 53 52 32 9 25 0 0 11 23 0 36 39 28 44 9 45 38 45 39 26 59 82 52 55 45 18 30 65 54 34 94 46 63 13 31 64 81 100 100 100 100 88 35 79 68 30 49 36 88 54 45 72 61 13 40 97 100 98 98 53 33 32 85 63 9 19 85 80 44 12
29 48 28 5 21 18 0 2 18 0 4 13 0 12 55 11 13 22 23 0 3 22 14 54 91 59 95 98 39 0 0 0 10 0 0 0 0 20 6 0 0 60 40 44 11 48 23 75 59 49 55 39 26 39 47 33 52 84 100 79 88 100 100 100 100 100 91 96 88 100 69 20 34 37 94 36 52 63 100 69 77 61 100 100 100 99 24 98 56 31 71 66 100 97 93 55
39 43 48 63 35 34 8 0 0 0 0 21 0 13 47 11 8 5 16 46 77 91 97 100 100 94 100 100 20 0 0 0 16 22 0 0 0 34 3 0 35 45 4 4 43 52 51 71 91 71 95 78 9 27 5 14 74 100 100 100 100 100 100 100 100 78 68 84 69 100 68 71 79 41 74 100 100 93 65 86 57 73 99 100 100 100 91 53 66 94 100 100 100 79 80 36
81 0 6 0 1 22 41 7 5 20 10 20 21 0 34 4 0 43 83 83 99 48 61 71 91 86 77 98 85 67 0 10 16 33 3 21 19 2 0 0 51 64 29 23 62 79 89 44 82 100 100 100 50 16 0 72 100 100 100 100 100 100 100 100 100 100 100 100 95 55 45 72 72 45 61 67 90 88 46 99 63 36 57 59 96 100 100 96 25 41 98 90 40 0 0 0
32 4 12 35 2 1 14 25 46 30 25 54 19 0 20 38 56 91 85 88 79 55 74 74 50 55 82 100 90 53 41 17 0 0 0 0 10 6 0 0 28 80 23 42 66 95 72 62 99 100 100 60 69 52 34 94 97 88 90 100 100 98 62 100 100 100 72 15 5 0 0 7 15 32 25 13 24 42 58 59 87 68 40 2 42 100 100 100 82 53 57 57 42 0 26 56
39 39 16 31 0 0 0 21 10 49 23 4 0 0 31 61 99 58 63 59 69 79 86 100 60 62 80 100 100 99 28 0 0 0 0 34 34 1 0 0 0 26 70 54 42 30 5 13 42 93 54 44 100 100 99 66 86 41 35 77 75 99 75 100 95 35 4 0 0 0 1 0 9 32 67 65 45 52 39 4 6 70 98 41 66 100 100 100 89 64 63 53 26 69 70 46
53 0 0 40 4 0 39 47 36 45 33 5 8 0 33 58 38 10 28 20 24 62 86 55 100 57 57 84 90 98 16 2 0 0 0 4 50 28 0 0 0 0 23 75 37 12 42 23 20 31 48 100 100 100 100 90 18 27 21 53 91 100 100 95 18 0 0 0 11 60 84 65 68 62 79 73 74 83 80 83 22 4 24 84 31 86 63 71 98 100 79 95 100 70 73 82
38 1 18 33 53 52 99 80 47 41 53 90 97 14 27 47 48 52 49 34 44 34 35 28 66 50 19 83 94 96 56 49 22 0 0 0 9 72 37 0 0 0 0 37 18 35 11 26 62 73 99 100 100 99 94 41 11 50 79 100 100 100 89 10 0 0 2 52 96 76 61 38 56 79 89 100 92 28 94 92 72 52 23 63 95 60 83 76 89 88 95 70 97 77 41 49
21 1 71 11 67 100 100 84 55 57 72 89 89 97 88 44 73 74 75 90 88 41 28 14 22 38 25 59 83 45 92 100 92 43 1 0 19 68 63 16 23 0 0 0 0 1 37 62 100 100 100 100 100 74 57 88 87 100 100 97 100 91 13 0 0 12 77 100 100 100 76 84 93 99 88 76 100 100 100 100 76 90 90 51 50 56 57 74 95 76 63 39 45 70 45 0
0 0 0 41 74 86 83 53 38 88 46 41 28 61 41 47 38 66 89 64 20 18 31 35 28 40 83 47 58 74 100 100 100 100 91 47 57 38 0 43 19 0 0 0 0 0 0 19 97 100 100 100 63 46 53 100 100 100 93 35 13 4 0 15 35 92 100 100 100 100 100 94 79 100 14 51 58 100 100 100 70 99 93 68 73 21 84 60 29 18 34 33 1 22 76 42
22 12 43 71 94 50 63 76 53 96 74 52 19 42 23 98 31 67 54 46 18 17 16 78 100 100 100 100 100 90 69 41 59 37 51 91 98 35 0 40 48 33 0 0 1 0 0 0 76 52 43 48 91 61 94 82 100 89 17 0 0 0 16 81 97 100 100 100 100 100 100 70 52 12 49 100 96 95 100 100 68 70 15 38 48 56 93 54 29 0 0 0 0 0 33 27
22 15 45 59 95 16 46 49 41 73 100 61 40 64 45 49 67 78 56 42 26 29 56 100 100 100 100 66 71 50 63 73 94 90 57 16 50 56 18 53 62 41 17 20 1 0 0 0 38 77 70 49 47 68 49 1 6 0 0 0 29 57 94 100 92 67 100 100 100 100 100 81 16 0 71 100 96 49 59 56 77 8 0 0 69 99 100 95 40 49 11 8 0 0 39 0
11 21 72 96 92 21 38 49 88 95 99 17 47 35 32 49 30 40 11 79 34 24 18 97 100 98 100 69 71 82 81 96 53 39 27 15 22 80 94 82 0 22 14 14 25 0 0 0 0 0 0 0 0 0 0 3 56 21 0 40 97 100 100 86 14 9 92 55 51 63 99 59 28 5 97 100 97 76 45 24 21 0 0 18 54 69 98 65 68 65 98 39 0 0 1 0
26 36 61 98 65 64 42 74 88 96 100 64 43 1 55 56 28 37 61 91 100 77 77 100 70 39 65 56 43 60 38 47 33 47 43 67 63 83 85 68 5 0 28 28 27 39 0 0 0 0 0 0 12 0 22 71 74 0 62 95 87 87 90 35 53 16 34 72 19 87 70 80 100 86 100 100 52 13 1 0 0 3 0 35 57 43 47 72 65 97 96 87 2 0 0 0
17 46 66 97 49 44 27 41 44 90 100 87 12 59 86 1 28 34 37 65 89 94 69 66 23 1 0 22 15 4 10 3 15 5 19 5 26 53 84 59 92 65 30 2 50 5 41 24 22 21 0 42 63 59 96 100 87 18 77 59 57 47 17 94 77 70 97 99 75 83 100 100 100 100 91 58 1 0 0 0 0 28 32 42 70 0 0 38 40 20 21 81 38 0 0 0
59 63 78 83 28 56 41 24 75 100 97 84 90 49 8 0 84 100 68 82 54 51 38 6 7 28 42 39 33 48 44 23 35 31 28 25 13 45 98 92 51 61 87 38 0 16 12 33 83 96 42 61 96 100 82 100 100 92 67 100 84 33 59 66 35 47 13 51 100 100 100 79 47 82 21 0 0 0 0 0 0 0 56 61 99 42 2 38 0 24 60 28 16 0 0 0
74 68 60 36 17 32 78 49 55 27 61 99 94 22 14 55 61 97 46 78 66 24 9 30 26 20 55 62 71 85 44 78 87 67 51 17 25 47 71 100 60 24 85 50 13 44 55 52 82 100 100 98 79 100 65 77 100 100 79 93 100 98 97 86 83 90 89 53 64 74 100 52 0 68 0 0 0 0 0 0 0 0 14 16 42 100 46 0 0 0 11 15 0 0 0 0
84 62 52 18 28 50 18 32 57 87 97 58 8 64 92 75 59 93 88 61 24 36 54 84 25 55 73 97 71 50 100 100 100 100 53 20 4 74 50 17 71 100 100 69 23 17 8 82 79 100 93 47 57 72 31 94 100 100 100 93 58 69 77 68 65 30 55 74 30 67 82 28 4 38 7 19 0 0 0 0 0 0 0 0 61 86 60 0 0 0 0 0 0 0 0 0
87 53 42 12 10 37 40 47 95 82 36 58 57 100 100 100 100 97 45 22 37 92 100 85 28 82 100 100 100 100 100 74 82 77 47 16 15 94 13 69 87 51 77 51 7 20 88 98 94 100 100 61 91 100 100 97 60 100 82 60 100 95 63 100 93 75 62 42 13 2 6 32 59 46 2 15 0 0 0 0 0 0 0 9 26 6 1 0 0 6 4 9 8 0 0 0
37 10 33 40 29 73 81 100 96 28 35 60 63 98 79 100 56 32 29 18 73 100 100 99 82 66 97 100 100 100 69 70 42 36 5 22 75 87 79 100 70 84 46 5 0 32 100 100 93 66 87 86 45 93 92 61 100 100 100 93 85 69 100 100 72 73 72 26 23 3 36 79 19 0 0 0 0 0 0 0 0 0 0 0 0 0 0 0 16 75 33 84 32 0 0 0
44 15 69 74 83 58 56 96 98 50 38 47 52 24 60 88 26 53 11 36 85 100 100 100 61 75 100 100 100 47 51 0 39 82 24 8 71 100 100 99 94 54 34 8 29 46 62 99 79 8 68 100 45 14 27 16 61 99 100 100 74 34 94 100 74 90 100 97 92 88 89 52 0 0 0 0 0 0 0 0 0 0 0 0 0 0 0 0 3 5 25 87 73 0 0 0
84 96 100 61 58 68 53 74 47 13 62 93 96 53 77 41 41 5 35 36 62 29 98 84 67 100 100 99 82 76 77 9 13 43 28 25 89 99 95 69 46 41 7 50 84 59 20 81 82 20 60 98 35 0 16 35 75 100 100 100 49 59 48 100 99 90 100 100 90 44 8 0 53 15 0 0 0 0 0 0 0 0 0 0 0 0 0 0 0 0 0 13 79 17 0 0
100 100 100 99 39 54 93 18 46 83 100 100 76 55 81 73 52 14 52 51 47 67 97 70 100 100 100 75 54 55 100 48 55 44 28 50 100 68 40 31 16 9 57 20 87 18 37 90 100 96 100 29 39 2 4 56 94 63 100 100 42 65 93 100 94 69 90 42 6 0 0 0 23 31 0 0 0 0 0 0 0 0 0 0 0 0 0 0 0 0 0 10 24 28 0 0
80 100 89 60 35 77 97 29 22 96 100 96 50 20 94 100 7 31 33 26 49 100 100 100 100 99 59 58 13 91 61 62 86 76 15 83 95 19 42 23 2 25 19 54 97 59 35 87 100 100 99 95 54 16 56 91 53 37 100 100 21 99 100 100 100 90 18 0 0 0 0 0 0 0 0 0 0 0 0 0 0 0 0 0 0 0 0 0 0 0 12 41 36 86 8 25
89 100 59 83 36 96 100 100 100 100 100 49 67 54 100 90 44 52 22 13 26 72 78 100 100 33 4 27 0 23 64 97 100 58 12 84 40 53 55 43 7 34 44 75 95 42 62 81 50 100 100 77 73 10 17 28 0 17 48 76 23 94 72 99 79 11 0 0 0 0 0 0 0 0 0 0 0 0 0 0 0 0 0 0 0 0 0 0 2 61 55 11 15 43 32 98
29 97 31 42 61 83 100 100 100 99 57 55 54 100 66 82 100 78 77 1 14 33 92 100 91 44 33 2 34 64 72 100 86 28 1 77 43 35 52 47 37 16 53 57 89 33 80 60 94 98 40 1 0 0 0 0 0 0 1 21 67 35 16 30 5 0 0 0 0 0 0 0 0 0 0 0 0 0 0 0 0 0 0 0 0 0 0 11 40 13 0 0 17 36 95 86
53 35 61 51 4 25 89 100 95 46 49 89 89 90 53 88 94 96 67 62 0 52 100 100 100 75 83 94 69 51 56 77 10 0 0 0 13 31 97 41 45 77 17 63 72 90 26 35 88 82 100 81 11 0 0 41 73 17 37 26 28 0 0 0 0 0 0 0 0 0 0 0 0 0 0 0 0 0 0 0 0 0 0 0 0 0 0 36 50 30 5 4 58 99 100 100
36 87 48 0 24 75 100 77 60 76 100 99 70 100 81 77 29 58 45 69 40 20 99 100 79 51 23 30 44 63 39 49 13 0 52 37 36 74 71 2 77 97 6 55 96 93 2 37 100 100 100 100 90 15 8 45 12 14 42 79 68 49 0 0 0 0 0 0 0 0 0 0 0 0 0 0 0 0 0 0 0 0 0 0 0 0 0 0 0 0 0 46 84 100 100 100
39 49 30 67 43 55 74 44 64 75 68 99 94 100 85 29 23 59 83 100 100 73 100 59 57 22 48 41 63 97 26 5 3 40 88 69 38 48 30 66 100 100 62 70 99 98 66 45 100 97 100 78 68 2 0 45 61 46 99 100 95 90 32 0 0 0 0 0 0 0 0 0 0 0 0 0 0 0 0 0 0 0 0 0 0 0 0 0 0 12 50 98 99 84 73 49
69 38 0 10 24 63 99 65 14 66 100 100 100 100 64 10 97 100 100 100 95 34 95 80 51 77 46 16 8 20 63 43 26 82 100 43 36 50 63 100 100 90 75 56 97 31 23 0 14 7 58 54 66 20 0 0 0 0 15 53 92 73 9 0 0 0 0 0 0 0 0 0 0 0 0 0 0 0 0 0 0 0 0 0 0 0 0 6 33 82 100 100 47 16 29 97
63 19 11 71 52 70 42 30 71 51 87 100 100 76 34 19 93 100 100 88 63 8 29 40 32 66 40 5 20 23 51 0 42 100 100 83 60 20 44 100 100 100 56 24 95 0 0 26 22 0 0 0 0 0 0 0 0 0 30 88 57 73 0 0 0 0 0 0 0 0 0 0 0 0 0 0 0 0 0 0 0 0 0 0 0 1 43 95 100 100 100 78 11 29 97 100
14 1 34 36 24 36 1 71 37 21 79 100 100 8 2 1 100 100 100 86 45 58 25 50 69 58 0 0 27 83 53 21 48 100 98 51 20 17 71 100 76 32 65 59 40 34 24 44 20 0 0 0 0 0 0 0 0 0 63 46 19 1 0 0 0 0 0 0 0 0 0 0 0 0 0 0 0 0 0 0 0 0 0 0 4 11 89 100 100 97 45 15 51 100 99 74
33 40 35 49 84 45 47 63 25 76 64 72 87 13 43 80 100 100 100 100 100 51 49 24 49 52 57 8 19 3 75 96 90 100 76 9 22 69 96 51 24 12 68 23 47 97 35 0 0 0 0 0 0 0 0 0 0 0 9 1 0 0 0 0 0 0 0 0 0 0 0 0 0 0 0 0 0 0 0 0 0 0 0 0 42 21 65 100 70 32 12 79 96 89 71 36
15 47 18 27 92 49 1 10 17 42 34 8 19 2 89 100 56 72 78 100 85 80 32 65 29 39 100 85 67 15 82 67 62 82 5 12 32 99 84 32 89 75 49 41 88 24 0 0 0 0 0 0 0 0 0 0 0 0 0 0 0 0 0 0 0 0 0 0 0 0 0 0 0 0 0 0 0 0 0 0 0 0 34 25 19 87 96 79 10 39 90 83 67 81 74 43
71 8 0 11 55 5 14 57 64 37 73 46 0 0 63 82 19 43 40 84 77 83 90 90 8 45 67 92 83 17 57 100 46 50 2 33 55 55 22 17 59 72 49 95 84 0 0 0 0 0 0 0 0 0 0 0 0 0 0 0 0 0 0 0 0 0 0 0 0 0 0 0 0 0 0 0 0 0 0 0 0 0 79 89 100 87 40 0 37 94 89 91 45 1 42 44
16 15 52 35 43 89 88 68 60 99 100 83 37 0 39 49 39 78 80 37 69 77 100 95 18 2 35 71 76 77 100 94 67 88 36 76 10 0 0 52 21 58 79 80 28 0 0 0 0 0 0 0 0 0 0 0 0 0 0 0 0 0 0 0 0 0 0 0 0 0 0 0 0 0 0 0 0 29 14 26 0 0 62 65 93 65 6 29 78 76 78 61 1 45 91 87
4 41 30 21 90 90 55 20 90 100 97 39 52 0 0 9 54 38 18 26 62 65 68 78 13 0 52 72 71 81 68 100 100 70 28 66 2 0 13 51 48 86 84 30 0 0 27 11 57 37 0 0 0 0 0 0 0 3 0 0 17 2 0 0 0 0 0 0 0 0 0 0 0 0 0 0 15 84 23 84 18 54 99 98 84 6 49 100 100 77 15 86 2 9 30 0
67 29 45 81 90 65 57 93 100 100 48 37 29 23 31 74 54 80 44 46 52 46 93 86 84 6 21 41 100 75 21 100 80 48 72 79 59 26 47 51 29 84 30 61 62 48 100 82 36 28 0 0 0 0 0 0 0 60 19 13 74 20 0 0 0 0 0 0 0 0 0 0 0 0 0 0 70 83 28 100 87 97 100 76 16 69 99 100 100 73 31 10 12 0 0 0
78 48 63 19 53 41 54 78 97 93 46 48 20 74 77 76 97 100 44 77 79 98 100 100 38 16 37 41 98 100 99 68 9 58 97 54 21 37 40 60 12 61 4 0 4 58 97 22 0 0 0 0 0 14 11 15 49 100 100 67 54 0 0 0 0 0 0 0 0 0 0 0 0 0 0 7 54 84 42 82 84 100 78 29 81 100 100 41 81 98 25 0 0 0 0 24
61 39 46 21 9 20 50 84 58 55 28 71 50 72 77 35 96 76 65 86 95 100 100 100 49 62 43 52 56 100 71 0 39 97 70 100 40 15 48 72 50 34 0 0 0 12 6 0 0 0 0 0 13 60 100 97 90 61 64 27 7 0 0 0 0 0 0 0 0 0 0 12 10 0 0 2 91 100 86 48 22 77 41 84 100 85 58 40 92 78 33 0 0 0 6 80
87 80 30 65 59 99 96 71 55 80 63 90 35 49 82 22 11 68 62 99 100 100 100 88 39 59 92 69 98 100 55 3 3 27 16 44 0 0 30 10 0 0 0 0 0 0 0 0 0 4 30 67 94 85 100 91 39 48 15 0 0 0 0 0 0 0 0 0 0 0 2 39 0 0 0 18 88 100 86 45 70 40 79 91 100 53 27 22 16 0 0 0 0 10 64 41
22 62 65 71 86 99 100 100 100 100 78 67 22 42 69 29 23 37 51 38 100 100 100 100 58 58 100 95 74 66 0 0 0 0 0 0 0 0 50 9 0 0 0 0 0 0 0 24 21 91 74 88 42 64 100 61 3 0 0 0 0 0 0 0 0 0 0 0 0 2 51 65 0 0 0 89 56 100 68 67 47 99 71 87 100 61 43 3 0 0 0 0 2 32 6 3
37 15 87 97 100 95 86 96 100 100 100 52 21 30 82 89 29 46 54 57 95 98 100 85 43 76 52 14 8 2 0 0 0 0 0 0 11 6 8 24 0 0 0 0 0 0 50 64 100 79 68 37 53 48 40 0 0 0 0 0 0 0 0 0 0 0 0 0 26 72 41 0 0 9 31 80 96 82 31 42 87 100 100 100 98 51 2 0 0 0 0 0 0 0 0 0
57 77 100 100 97 80 72 98 100 100 100 54 4 48 91 76 73 85 100 100 78 34 40 12 33 42 0 0 0 0 0 0 0 0 0 24 62 14 24 0 0 22 28 71 0 15 11 81 63 31 39 78 60 13 0 0 0 0 0 0 0 0 0 0 0 2 43 27 61 29 5 58 71 91 70 59 78 13 22 79 72 71 69 54 19 29 72 71 51 37 0 0 0 0 1 26
57 96 88 86 84 63 92 74 94 96 100 58 27 92 100 100 97 100 91 25 7 70 47 28 8 34 0 0 0 0 0 0 0 0 0 0 0 0 5 58 36 100 67 4 0 3 24 74 56 58 81 35 0 0 0 0 0 0 0 0 0 0 0 0 51 90 100 100 30 49 95 100 79 87 76 54 53 68 62 49 85 44 52 99 79 80 100 93 99 54 22 0 0 0 40 91
100 61 25 68 100 100 94 79 62 53 61 1 53 100 68 33 79 70 10 0 0 0 0 0 0 0 0 0 0 0 0 0 0 0 0 0 0 0 0 22 75 28 10 0 0 0 33 98 71 100 57 0 0 0 0 0 0 0 0 1 0 0 0 1 92 100 100 90 56 100 83 79 74 33 63 24 59 75 76 99 100 100 94 86 74 100 85 54 47 84 40 9 15 4 51 37
65 61 74 99 100 100 82 78 9 44 55 65 69 45 3 7 54 31 0 0 0 0 6 15 0 0 0 0 0 0 0 0 0 0 0 0 0 27 39 49 85 68 10 22 28 0 7 50 41 81 20 0 0 0 0 0 0 0 35 30 0 0 60 74 100 100 100 83 67 91 82 68 46 27 46 78 94 78 51 64 93 92 65 65 65 78 0 0 1 6 56 100 93 43 18 55
50 5 8 73 71 56 78 82 92 47 58 28 48 51 13 5 43 0 0 0 0 0 23 49 0 0 0 0 7 0 0 19 68 45 31 0 19 84 31 99 100 84 15 78 44 0 2 81 64 62 28 0 0 0 20 0 0 0 23 9 3 7 63 100 100 94 20 77 94 100 27 28 20 30 42 87 60 58 8 38 100 70 97 100 100 49 0 0 0 0 26 100 100 73 0 38
54 58 17 11 75 65 44 92 98 90 19 0 0 19 3 9 6 0 0 0 0 0 5 26 38 59 81 55 38 15 45 54 100 95 97 35 30 69 67 63 100 100 98 100 28 2 82 99 81 77 46 0 0 0 20 26 0 0 10 76 62 0 38 100 100 68 38 62 90 36 0 32 88 99 100 40 43 62 96 88 100 100 100 49 41 53 0 0 0 0 21 100 100 53 34 85
100 100 58 22 88 78 47 64 26 93 48 2 51 85 5 0 0 0 0 0 0 0 0 35 88 100 100 91 37 40 100 99 100 100 100 99 73 81 57 39 84 89 48 97 59 55 98 100 80 97 40 6 55 20 68 60 0 42 73 100 51 0 21 79 58 51 42 31 8 0 40 69 100 88 64 0 15 80 99 86 81 98 60 9 0 0 0 0 0 27 19 100 100 83 96 96
100 100 95 94 64 38 13 3 6 51 5 3 74 79 9 0 0 0 0 0 0 0 35 60 96 100 100 100 92 92 100 87 98 92 100 34 19 76 78 20 97 100 100 100 100 99 62 82 73 79 99 53 83 68 100 87 53 100 91 100 80 28 39 37 59 89 34 0 0 17 69 83 99 29 0 12 87 74 46 37 31 7 2 0 0 0 8 70 65 83 88 100 100 100 48 57
100 100 98 97 100 38 0 0 0 0 0 52 50 51 0 0 0 9 10 28 4 42 95 100 100 100 100 100 100 90 90 80 98 57 45 36 84 99 100 66 100 100 75 70 64 48 66 52 42 33 53 46 55 75 53 62 90 100 100 100 98 98 100 75 98 43 2 0 17 11 68 95 46 2 0 3 6 33 0 3 32 0 0 0 0 6 78 100 100 100 87 100 100 66 62 73
99 65 51 25 40 8 0 0 0 0 0 0 9 67 32 55 44 50 14 50 36 99 100 95 100 100 82 84 56 31 24 56 78 72 20 18 68 47 38 44 57 55 17 39 27 59 3 0 0 0 7 15 9 16 37 34 8 55 88 79 81 28 29 20 43 36 3 0 4 7 88 100 83 57 55 3 19 0 0 0 0 0 0 0 6 62 100 100 98 50 74 89 64 82 99 100
45 42 12 0 0 0 0 0 0 0 0 18 66 56 37 90 96 5 1 67 96 94 87 73 100 62 25 6 27 47 34 1 4 10 0 15 31 64 80 32 0 11 5 1 0 0 30 49 57 72 66 31 5 0 0 0 0 21 19 59 77 15 16 31 13 9 3 9 1 52 100 96 100 100 99 46 6 0 0 0 0 0 0 0 36 57 97 100 90 59 99 76 100 100 100 100
35 22 13 2 3 0 0 11 23 55 17 31 7 29 97 65 59 1 21 57 86 11 61 72 59 11 23 68 32 95 11 0 0 1 28 81 57 50 100 74 0 0 0 0 3 19 77 98 100 82 31 53 86 72 54 47 40 24 0 6 15 25 29 43 76 100 86 85 64 94 92 85 100 100 97 66 0 0 0 1 20 20 3 3 80 98 98 100 97 100 96 70 59 99 100 69
