data/habitatmaps/RS_maps/habitat_Linaria.cannabina_2020.asc
NCOLS 369 
NROWS 228 
XLLCORNER 479000 
YLLCORNER 73000 
CELLSIZE 1000 
NODATA_value -9 
[rows 61 to 121 of 228, columns 192 to 287 of 369]
0 0 0 0 0 0 0 0 0 0 32 2 0 0 0 0 0 0 0 0 0 22 3 0 0 0 0 0 0 0 0 0 0 0 0 4 59 74 33 69 94 85 61 69 26 15 7 0 28 15 18 35 61 28 26 75 64 69 55 73 84 59 55 53 9 25 22 48 67 62 60 55 59 43 34 18 14 27 60 55 44 64 88 79 94 55 33 21 0 9 0 0 0 0 22 0
0 0 0 0 0 0 0 0 0 0 0 0 0 0 0 0 0 0 0 0 0 0 0 0 0 0 0 0 0 0 0 0 0 0 0 10 56 71 82 82 71 62 70 44 19 68 72 43 25 22 29 75 65 53 15 29 75 44 45 60 76 57 78 48 43 54 75 30 43 26 23 51 43 1 25 68 57 89 45 44 51 65 15 87 70 13 51 13 7 13 29 0 52 0 21 0
0 0 0 0 0 0 0 0 0 0 0 0 1 3 0 0 0 0 0 0 0 0 0 0 0 0 0 0 0 0 0 0 0 0 0 0 26 51 86 68 20 54 66 66 48 86 75 41 34 57 85 90 47 68 68 68 64 61 28 20 43 25 56 22 34 72 57 40 37 39 78 55 58 80 98 82 100 93 54 70 71 45 45 69 14 37 5 7 9 31 28 32 0 0 0 2
0 0 0 0 0 0 0 0 0 0 0 0 0 21 0 0 0 0 0 0 0 0 0 0 0 0 0 0 0 0 0 0 0 0 0 0 21 41 54 44 34 62 89 84 71 61 49 55 84 82 73 71 80 84 61 80 25 73 66 62 40 36 65 28 31 40 37 26 20 24 39 59 98 58 42 87 100 100 100 95 63 74 73 2 0 16 0 4 0 40 23 18 2 0 0 4
0 0 0 0 0 0 0 0 0 0 0 0 0 8 0 0 0 0 0 0 0 0 0 0 0 0 0 0 0 0 0 0 0 0 0 0 0 44 17 45 67 11 66 68 100 81 100 75 84 80 70 54 22 53 44 53 37 42 56 82 86 62 51 41 62 45 26 37 22 0 70 93 87 63 100 100 100 76 74 71 100 78 10 0 0 0 0 0 0 0 3 0 0 0 0 30
0 0 0 0 0 0 0 0 0 0 0 0 0 0 0 0 0 0 0 0 0 0 0 0 0 0 0 0 0 0 0 0 0 0 0 0 0 0 25 68 83 66 76 94 86 83 81 78 84 84 17 0 5 38 32 40 82 84 82 60 74 93 69 58 45 49 26 10 51 61 91 77 52 5 30 91 69 74 87 85 56 18 14 0 0 0 0 0 0 12 50 1 0 0 0 31
0 0 0 0 0 0 0 0 0 0 0 0 0 0 0 0 0 0 0 0 0 0 0 0 0 0 0 0 8 49 4 0 0 0 0 0 0 0 26 68 76 40 87 59 60 48 70 74 94 75 9 1 30 32 19 67 63 63 55 67 71 98 100 83 45 24 60 35 40 100 100 81 100 96 15 27 72 62 74 43 16 81 13 0 0 0 0 0 0 26 1 13 0 0 1 29
0 0 0 0 0 0 0 0 0 0 0 0 0 0 0 0 0 0 0 0 0 0 0 0 0 0 0 0 18 62 46 0 0 0 0 0 0 0 5 14 44 50 30 3 1 3 70 65 67 59 56 28 16 21 56 52 29 67 41 85 100 88 74 56 49 52 80 100 86 100 100 81 82 79 79 99 65 78 55 19 38 38 0 0 0 0 0 0 6 33 12 12 31 2 34 6
0 0 0 0 0 0 0 0 0 0 0 0 0 0 0 0 0 0 0 0 0 0 0 0 0 0 0 0 0 4 0 0 0 0 0 0 0 19 92 62 37 1 0 0 0 0 2 86 98 75 70 55 34 63 75 66 17 49 41 62 71 81 55 98 49 72 93 100 100 100 58 32 30 85 56 74 99 52 9 7 89 16 0 0 0 0 0 0 0 0 0 19 33 38 0 35
0 0 0 0 0 0 0 0 0 0 0 0 0 0 0 0 0 0 0 0 0 0 0 0 0 0 0 0 0 0 0 0 0 0 0 0 0 0 6 0 0 0 0 0 0 0 0 5 7 42 77 39 56 45 40 45 36 17 40 38 39 77 87 63 76 78 100 92 55 48 76 64 89 44 45 61 97 70 78 68 64 0 0 0 0 0 0 3 22 0 0 6 18 0 22 25
0 0 0 0 0 0 0 0 0 0 0 0 0 0 0 0 0 0 0 0 0 0 0 0 0 0 0 0 0 0 0 0 0 0 0 0 0 0 0 0 0 0 0 0 0 0 0 2 2 8 43 63 27 4 4 56 52 43 62 41 15 18 72 76 87 36 24 45 89 100 63 58 49 54 66 78 65 84 19 93 45 0 0 0 0 0 0 0 0 0 0 5 0 0 39 44
0 0 0 0 0 0 0 0 0 0 0 0 0 0 0 0 0 0 0 0 0 0 0 16 24 0 0 0 0 0 0 0 0 0 0 0 0 0 0 0 0 0 0 0 0 0 0 19 62 0 33 48 44 14 27 62 92 65 74 35 50 83 99 100 95 51 37 60 63 64 56 89 100 57 7 6 24 41 72 71 71 0 0 0 0 0 0 0 0 0 22 28 0 23 39 0
0 0 0 0 0 0 0 0 0 0 0 0 0 0 0 0 0 0 0 0 0 0 0 7 8 0 0 0 0 0 0 0 0 0 0 0 0 0 0 0 0 0 0 0 0 0 0 28 57 0 13 64 41 20 30 51 100 100 59 34 13 55 30 56 72 34 76 51 22 47 34 85 84 84 81 59 47 23 79 98 36 0 0 0 0 0 0 0 0 0 39 19 0 0 2 0
0 0 0 0 0 0 0 0 0 0 0 18 0 0 0 0 0 0 0 0 0 0 0 0 0 0 0 0 0 0 0 0 0 0 0 0 0 0 0 0 3 0 0 0 0 0 0 0 0 0 1 86 34 20 58 99 100 100 60 11 16 6 24 33 18 33 44 60 88 100 40 83 65 39 15 61 70 93 69 47 88 13 0 0 0 0 17 6 2 33 60 47 2 52 36 23
0 0 0 0 0 0 0 0 0 0 0 60 81 36 0 0 0 0 0 0 0 5 27 41 4 0 0 0 0 0 0 0 0 0 0 0 0 12 50 50 88 63 57 36 58 13 0 0 0 0 0 64 7 24 94 87 73 100 100 84 100 85 40 0 9 82 100 100 100 100 100 100 100 100 53 15 23 14 27 52 36 40 4 0 0 0 18 3 0 28 24 33 0 12 90 67
0 0 0 0 0 0 0 0 0 0 3 35 100 28 0 0 0 0 0 11 36 24 37 30 6 0 0 0 0 0 0 0 0 0 0 7 64 35 31 44 1 25 27 35 35 79 45 6 0 0 5 51 0 52 52 37 72 41 91 37 83 67 1 8 14 92 66 35 52 74 100 100 100 100 100 26 45 73 58 0 33 53 0 0 0 0 0 0 39 0 0 0 27 35 90 9
0 0 0 0 0 0 0 0 0 0 1 69 91 52 0 0 0 0 0 0 15 0 0 0 0 0 0 0 0 0 0 0 0 0 0 13 37 5 25 29 48 22 30 45 35 2 12 17 0 0 6 27 0 27 8 23 16 57 87 86 51 8 71 92 90 59 83 81 42 27 71 88 100 100 100 73 93 100 90 62 36 23 32 0 0 0 0 7 38 43 29 0 41 43 93 69
0 0 0 0 0 0 0 0 0 0 2 60 45 6 30 2 21 39 52 18 12 45 2 15 0 0 0 0 0 0 16 59 2 0 0 5 27 20 47 23 29 54 20 63 73 2 10 10 0 0 0 0 4 17 48 7 43 65 55 53 72 78 77 73 55 20 9 32 60 57 5 5 65 99 90 44 89 100 100 33 12 86 11 0 0 0 0 8 32 11 8 16 33 32 75 100
0 0 0 0 0 0 0 0 0 0 0 38 18 55 37 0 12 31 66 90 64 61 47 8 0 0 16 9 0 0 0 76 31 5 0 44 0 0 43 35 22 11 3 48 91 40 48 29 0 0 0 0 0 9 15 1 1 3 0 0 5 0 0 5 46 0 0 1 0 0 18 17 0 54 83 54 100 100 100 41 64 81 17 23 0 0 0 0 36 36 15 14 63 58 100 79
0 0 0 0 0 0 0 0 0 1 51 58 20 33 92 74 28 0 3 45 46 0 0 0 0 0 70 29 0 0 0 56 77 45 61 49 5 9 79 55 96 60 3 46 63 56 12 0 0 3 44 0 0 0 0 0 0 13 0 0 0 0 0 0 0 0 0 0 0 0 0 0 0 7 89 39 97 100 100 76 82 30 43 14 0 0 0 0 15 50 47 35 37 47 100 45
0 0 0 0 0 0 0 0 0 19 69 38 9 38 90 95 30 3 0 0 0 0 0 0 19 34 74 2 0 0 0 35 65 90 89 63 58 48 46 41 88 37 1 39 90 71 0 21 30 35 33 14 0 7 9 24 48 19 58 40 17 2 0 0 0 51 55 8 28 34 34 31 0 0 5 36 100 100 100 100 80 35 6 3 0 0 0 0 1 15 51 24 35 41 100 55
0 0 0 0 0 0 0 0 0 45 41 87 55 1 52 55 0 0 0 0 0 0 0 0 35 12 11 0 0 0 0 42 32 49 43 28 83 59 58 0 12 56 62 15 29 23 1 0 49 77 24 0 7 60 37 34 45 3 53 32 58 44 28 12 72 37 38 15 8 66 80 62 23 0 0 15 68 100 100 91 98 23 38 0 0 0 2 14 0 2 23 37 27 17 53 38
0 0 0 0 0 0 0 0 0 3 3 54 69 3 10 0 5 35 0 0 0 0 0 0 30 0 0 48 0 0 0 14 53 74 49 28 32 58 31 12 0 63 53 94 100 75 45 52 69 54 5 0 8 26 44 68 81 39 63 28 67 8 23 1 12 41 9 18 47 40 75 100 58 0 5 7 35 80 98 53 18 9 35 0 0 0 4 38 0 1 62 43 74 92 98 27
0 0 0 0 0 31 11 0 0 0 13 37 27 17 0 0 2 1 0 0 0 0 0 0 0 0 0 68 0 35 26 46 38 83 35 48 33 33 16 7 14 28 41 39 39 48 12 33 15 23 0 0 0 0 33 81 100 84 86 78 86 8 0 11 27 55 40 44 63 70 83 59 60 13 26 34 2 29 52 66 10 15 19 0 0 0 21 0 1 17 81 41 64 100 78 41
0 0 0 0 0 100 70 48 0 0 21 73 65 36 29 0 0 0 0 0 0 0 0 2 0 0 30 75 47 64 20 15 48 79 44 46 35 1 38 0 36 29 59 83 54 52 21 58 76 30 0 0 0 1 50 51 96 69 36 85 100 64 0 22 46 100 100 100 58 41 34 0 61 33 28 0 0 5 27 97 56 40 7 0 0 5 37 1 16 64 99 60 69 100 99 100
33 10 0 0 0 10 90 26 4 6 0 3 50 20 83 21 0 0 0 0 0 0 0 3 51 8 0 0 13 34 60 58 8 84 63 66 87 10 17 83 26 17 18 88 100 75 11 73 100 100 94 0 0 5 41 80 96 98 47 5 97 73 25 3 86 100 100 95 56 20 0 23 66 63 35 42 0 0 0 7 14 21 0 0 0 8 5 55 62 51 100 88 68 79 100 94
0 0 0 0 7 58 32 89 23 0 0 0 76 43 25 0 0 0 0 0 0 31 51 29 84 10 0 0 0 8 32 6 44 73 45 42 6 15 96 100 41 28 82 100 100 24 37 100 100 100 90 43 7 24 58 43 100 100 57 66 38 85 79 80 100 100 90 41 22 46 0 59 67 71 27 21 6 31 22 3 10 19 0 0 0 25 18 0 3 63 87 29 33 65 43 100
12 52 0 0 36 100 64 34 31 60 0 0 21 48 0 0 0 0 0 0 0 8 49 36 45 16 0 0 24 0 49 48 50 58 37 69 42 0 77 99 46 54 68 50 94 90 100 100 97 87 29 35 38 27 77 97 100 100 100 100 100 100 100 71 100 100 100 63 48 18 13 90 100 60 54 46 19 13 29 13 0 0 0 0 12 29 0 0 6 90 54 51 55 100 100 100
61 29 7 0 36 59 13 0 0 44 23 0 0 0 0 0 0 0 0 0 0 0 4 41 36 30 0 18 17 17 29 91 41 91 55 100 77 18 95 100 99 91 48 65 100 100 96 67 16 0 11 65 18 22 14 100 100 100 100 98 100 100 78 93 100 96 100 88 56 23 34 100 62 31 44 65 28 26 4 66 23 0 0 0 0 3 6 6 0 42 44 66 100 63 82 73
0 0 0 21 100 36 29 0 0 28 35 0 0 49 55 55 0 0 0 0 0 0 0 39 64 63 0 51 72 32 76 73 87 62 73 100 75 66 100 100 100 92 65 45 54 43 7 0 0 9 17 20 51 18 18 20 53 100 100 79 96 100 100 100 72 43 83 100 56 26 88 100 100 100 100 29 2 4 55 63 51 25 0 0 0 0 4 11 0 1 9 57 100 89 66 17
0 0 24 93 71 66 18 9 38 25 89 29 13 33 39 88 50 11 0 0 0 0 0 25 59 30 8 44 29 28 82 81 31 35 94 100 57 86 100 66 53 40 77 52 0 0 0 1 13 49 25 53 26 49 56 28 66 100 100 100 100 100 100 100 92 100 100 100 100 91 100 100 100 100 72 21 8 8 49 6 45 32 0 0 0 0 0 3 30 32 44 41 94 100 100 93
0 0 7 16 0 8 0 17 44 20 62 87 67 48 39 27 82 46 6 50 22 0 1 20 37 67 74 82 40 20 49 49 54 26 54 100 95 100 87 17 33 30 22 22 15 0 0 28 42 29 38 88 14 71 57 0 61 100 100 100 100 100 100 100 100 100 100 100 100 100 100 100 100 100 27 53 6 48 60 55 35 38 8 0 0 0 0 0 25 79 12 26 40 100 100 79
0 0 0 0 0 0 0 0 4 30 50 46 70 56 20 38 31 15 52 67 35 46 63 57 56 56 65 46 23 52 70 37 63 28 76 100 25 76 60 64 100 83 16 63 19 6 0 0 0 0 55 55 51 50 13 0 6 36 95 98 64 37 75 100 100 100 100 100 100 100 100 99 69 43 22 21 47 100 100 70 23 30 36 10 21 2 0 0 12 65 24 13 11 82 67 86
0 0 0 0 0 0 0 0 13 12 25 50 36 8 5 0 25 8 29 91 83 78 28 18 42 23 82 88 64 82 91 68 87 97 62 38 64 87 99 14 28 100 67 58 100 25 0 0 0 6 73 34 63 54 31 5 0 0 9 23 0 58 100 93 100 100 100 100 100 100 97 39 31 53 41 30 29 100 100 100 99 82 52 15 50 17 17 12 0 0 0 8 31 60 65 70
25 3 12 7 0 1 0 0 22 30 3 16 7 20 0 0 0 0 0 58 100 25 23 43 2 32 89 44 60 50 97 100 90 63 21 88 43 61 41 4 8 76 98 72 90 13 0 0 32 69 83 25 59 31 15 1 18 9 16 26 6 88 99 76 100 80 100 100 91 79 78 39 19 38 39 71 99 98 67 100 100 100 100 15 40 34 16 25 40 0 0 29 17 100 18 2
68 89 80 88 61 23 0 0 0 0 0 0 0 0 0 0 0 0 8 83 39 11 12 30 46 60 69 35 85 75 59 56 3 33 61 56 64 100 55 48 61 74 100 69 28 6 10 27 100 67 24 59 33 9 3 44 90 26 32 46 30 60 98 100 100 88 100 100 38 0 11 33 93 76 52 100 80 46 46 98 100 97 90 36 30 7 96 14 10 0 0 0 0 12 0 6
37 28 29 3 0 0 0 0 0 0 0 0 0 0 0 0 0 0 36 30 74 83 91 69 64 20 32 67 55 14 81 67 9 36 28 8 100 100 60 39 11 36 100 19 35 96 99 100 56 57 12 67 9 39 26 55 100 100 44 34 35 57 79 86 61 75 99 56 31 39 78 83 100 95 64 100 85 1 34 83 89 100 43 45 44 7 98 14 43 2 0 0 0 6 21 29
0 0 0 0 0 0 0 0 0 0 0 2 8 0 0 0 0 0 35 32 100 100 100 70 70 62 55 11 63 42 76 31 0 3 36 62 93 98 93 61 1 51 54 0 1 32 54 97 34 0 34 23 0 41 82 100 100 100 91 43 38 45 23 42 70 100 50 88 82 100 100 94 76 98 88 100 32 0 38 86 79 41 15 19 2 10 65 32 52 9 0 0 0 25 36 14
0 0 0 0 0 0 16 29 38 2 1 46 68 20 0 0 0 0 17 18 45 91 100 100 100 100 67 46 47 54 63 0 27 33 54 95 83 95 51 0 0 4 6 1 41 100 92 49 73 21 65 0 23 64 99 100 100 100 93 50 40 22 43 88 100 92 100 100 100 93 77 45 96 100 100 74 7 59 10 54 100 90 88 20 31 21 78 1 38 1 0 1 9 62 32 54
0 0 0 0 3 4 59 34 14 29 70 17 51 68 67 6 0 0 13 31 26 42 63 69 77 91 100 83 80 81 56 90 68 11 33 21 34 98 100 73 87 97 100 67 100 100 91 85 36 7 9 1 41 51 61 100 100 100 81 65 51 8 83 100 100 100 85 83 50 57 89 100 100 100 100 94 21 91 46 59 100 100 100 67 0 59 59 24 36 0 29 58 27 13 16 42
0 3 63 16 65 69 36 49 27 22 38 42 64 99 27 16 0 0 0 0 9 4 27 9 37 72 83 59 19 87 90 100 100 85 32 12 82 100 100 100 91 37 27 2 91 100 95 24 0 0 2 42 56 88 100 100 100 100 100 80 40 14 81 100 100 100 47 0 30 95 100 85 62 83 79 91 97 88 100 7 86 100 90 36 22 91 81 20 0 0 2 84 9 13 35 0
10 10 33 61 86 66 22 58 42 41 2 40 69 78 34 26 0 0 11 11 62 95 87 98 100 100 27 0 31 81 52 100 100 100 67 70 100 100 84 79 89 94 44 0 28 87 33 0 0 0 46 84 100 100 56 81 100 100 100 62 63 37 31 15 53 100 0 0 90 91 74 72 72 37 20 56 100 100 99 79 71 79 45 0 58 77 23 57 32 0 1 49 0 41 0 0
62 55 11 36 31 60 66 100 62 72 51 82 67 75 27 16 4 0 7 10 19 71 100 100 99 70 64 38 80 100 94 100 100 100 95 53 95 100 100 95 84 53 0 11 93 67 21 30 12 0 61 100 100 98 2 27 100 100 97 93 44 67 28 41 100 62 0 0 37 54 30 48 40 33 50 89 71 54 12 16 21 37 15 14 90 95 68 85 23 0 0 20 44 34 33 12
52 88 40 15 30 55 93 100 100 93 94 37 28 13 0 4 2 0 0 0 0 8 73 90 100 41 74 100 100 100 100 90 87 71 98 77 90 75 58 6 5 25 75 100 48 15 54 45 39 61 96 100 98 49 67 64 100 100 88 78 43 40 72 100 68 12 0 0 9 29 19 0 0 0 3 35 45 17 91 59 26 4 2 2 89 100 40 3 0 0 0 53 17 0 62 14
43 27 3 36 39 79 55 81 100 85 27 43 0 10 0 0 0 0 0 0 39 41 18 91 100 100 100 100 100 100 89 32 62 89 100 95 60 3 0 14 83 100 90 69 74 69 37 66 13 100 73 100 73 75 100 100 100 100 62 76 100 90 83 79 24 0 60 34 51 100 82 8 17 4 1 11 0 85 98 61 38 51 70 20 100 99 8 0 0 37 10 15 0 0 85 46
22 45 33 49 67 91 89 99 98 54 16 13 76 56 0 0 0 0 0 0 4 45 19 37 85 89 55 100 100 68 29 32 79 100 100 100 44 0 46 98 75 72 87 100 100 67 51 21 48 89 93 92 72 21 97 100 91 71 55 90 49 28 16 0 7 46 100 45 66 83 100 84 66 5 12 85 48 94 66 23 19 0 13 85 100 70 1 0 0 46 28 0 5 15 75 88
57 26 31 73 14 64 100 100 100 100 55 19 99 71 25 66 12 0 0 0 0 17 7 16 63 62 53 85 65 99 88 12 3 65 78 88 0 19 78 55 55 84 100 100 87 32 34 38 94 27 70 77 8 6 98 88 73 67 42 9 0 0 0 0 40 100 100 100 92 82 83 94 91 27 61 30 100 79 32 42 6 51 81 100 100 87 2 0 0 0 0 1 22 100 100 100
87 55 47 89 42 67 100 100 100 84 50 89 84 89 65 64 35 0 0 0 0 14 10 21 31 48 100 100 100 100 98 77 58 91 67 16 82 99 71 99 100 48 88 50 100 53 0 95 58 0 1 9 0 0 21 25 80 81 0 0 0 0 7 45 61 100 100 100 100 100 100 100 100 40 66 63 100 33 34 13 71 100 100 95 64 100 49 0 0 0 0 32 94 100 100 100
98 66 23 27 43 78 60 59 90 68 68 59 1 33 27 83 14 1 0 0 0 35 34 19 21 40 34 59 87 99 77 84 62 92 100 100 80 79 81 57 24 0 3 50 56 27 58 94 22 0 0 0 0 0 10 7 35 15 4 28 62 44 77 100 100 100 95 90 95 78 100 100 95 90 100 82 86 31 18 12 72 100 64 82 41 69 0 0 0 0 0 51 100 100 100 100
20 25 83 100 100 100 1 4 0 11 26 24 0 0 52 57 29 28 0 0 0 1 27 50 21 53 32 9 37 54 43 36 19 31 72 100 16 11 12 0 0 0 9 39 90 98 32 94 71 84 17 0 0 0 46 88 28 12 42 100 100 100 100 100 100 100 10 45 64 10 53 57 8 59 100 100 90 0 25 25 55 12 0 0 0 4 0 0 0 0 29 96 99 100 100 100
27 35 94 30 49 52 68 50 0 0 0 0 0 8 100 100 99 13 0 0 0 6 21 60 61 86 100 92 100 95 26 89 94 100 81 60 0 0 0 0 0 19 64 58 63 39 0 30 59 68 0 0 26 79 95 99 80 96 100 100 100 100 100 100 68 57 2 29 43 56 31 58 3 20 98 100 94 10 31 34 18 0 0 0 19 39 39 1 0 0 15 59 52 64 89 68
0 4 89 91 55 100 68 24 1 19 46 36 24 52 100 100 94 40 35 0 0 41 45 67 83 100 100 100 100 79 60 100 35 9 9 0 0 0 0 0 27 81 90 100 100 16 0 0 30 30 0 31 27 98 100 94 100 100 100 100 100 100 100 100 99 24 75 41 32 8 43 21 29 16 34 66 77 39 7 24 0 0 7 21 27 1 0 27 6 0 3 9 0 12 19 9
45 81 33 72 75 93 68 0 44 86 94 90 81 54 86 78 74 96 49 0 0 27 97 52 69 78 100 100 97 9 67 91 0 0 0 0 0 0 0 0 24 55 28 99 92 41 0 7 60 18 30 96 100 98 100 51 47 100 100 100 84 100 100 98 92 24 39 18 22 0 1 4 22 44 53 25 20 16 0 0 0 0 28 5 0 0 11 0 0 0 10 38 52 20 10 41
13 65 39 44 39 94 26 10 38 100 100 86 40 8 0 12 55 76 32 0 0 0 57 60 65 34 81 88 100 48 87 34 0 0 0 0 0 0 0 0 0 0 2 40 6 1 0 0 13 45 63 46 100 100 100 61 19 80 100 95 27 96 85 46 65 51 44 0 0 0 0 0 14 50 31 0 0 0 0 0 3 20 26 35 7 36 61 89 37 18 13 30 30 51 35 25
51 27 32 37 39 79 54 24 85 99 81 12 0 33 83 94 38 35 0 0 20 26 1 49 99 58 70 36 30 39 17 0 0 17 6 0 0 0 13 36 0 0 0 0 0 0 0 0 42 93 100 100 100 100 98 33 35 35 100 79 0 60 13 11 53 94 77 1 9 0 0 0 16 88 2 0 0 0 0 2 11 26 65 82 78 100 100 78 32 57 54 88 47 49 1 31
62 41 41 29 66 30 57 92 100 100 99 11 0 1 85 100 100 70 55 69 28 12 77 27 8 95 73 17 0 0 0 0 0 51 59 43 0 4 42 38 56 3 0 0 0 0 26 72 65 83 100 100 100 97 67 21 56 41 38 8 0 72 46 1 50 66 25 10 33 10 3 6 43 64 43 17 4 24 4 35 67 60 90 89 100 100 100 28 64 76 67 100 100 93 65 83
84 87 81 70 41 28 51 42 33 91 99 14 0 2 26 61 95 76 99 100 99 13 27 62 0 56 1 4 11 24 24 42 46 99 97 4 0 1 92 92 93 30 0 0 0 0 0 10 39 64 100 96 73 92 97 65 69 57 58 6 28 0 38 27 50 18 56 69 52 80 55 63 100 100 78 20 31 32 28 30 4 1 0 3 54 99 100 100 100 57 55 91 100 100 100 100
70 86 84 100 97 58 38 78 83 87 29 0 0 0 0 10 27 45 96 100 100 67 13 74 1 31 34 69 99 100 92 93 100 100 28 0 0 6 59 100 89 53 20 0 0 41 18 0 42 79 99 88 39 70 100 73 77 75 30 0 3 0 37 30 67 68 64 14 0 20 40 40 100 63 20 3 3 37 7 12 0 0 65 29 6 88 100 82 11 34 35 56 100 100 100 100
38 98 99 67 9 0 62 53 61 14 0 0 0 2 24 11 4 64 100 100 99 52 8 19 0 17 67 100 100 79 19 59 100 97 26 10 57 88 78 100 100 53 3 18 13 62 88 66 77 94 68 85 29 75 59 40 45 34 26 0 34 39 53 10 12 81 64 24 14 29 8 15 35 83 14 0 0 14 58 13 0 0 23 14 9 45 90 80 70 44 25 58 100 100 100 97
91 72 36 0 0 0 34 0 0 11 49 30 0 10 75 66 31 66 100 85 52 9 0 3 18 15 35 61 28 59 45 77 60 100 26 0 77 100 100 100 100 38 36 90 84 94 88 83 76 55 30 12 34 61 44 20 38 40 30 47 36 18 3 52 61 90 22 63 68 70 40 28 22 100 22 20 0 40 71 4 0 0 24 9 22 39 87 55 100 100 93 47 83 99 23 9
15 0 0 3 0 0 0 40 71 92 100 58 7 22 98 100 95 100 98 42 16 19 50 19 46 29 20 23 40 89 77 26 38 100 77 28 76 74 83 98 71 88 59 100 93 61 29 1 2 67 18 0 0 17 31 34 7 26 80 95 52 58 65 67 27 40 81 17 23 62 26 81 72 100 100 27 0 47 100 76 7 0 0 0 4 27 68 88 98 72 12 41 61 90 8 22
