data/habitatmaps/RS_maps/habitat_Prunella.modularis_2007.asc
NCOLS 369 
NROWS 228 
XLLCORNER 479000 
YLLCORNER 73000 
CELLSIZE 1000 
NODATA_value -9 
[rows 0 to 58 of 228, columns 96 to 191 of 369]
-9 -9 -9 -9 -9 -9 -9 -9 -9 -9 -9 -9 -9 -9 -9 -9 -9 -9 -9 -9 -9 -9 -9 -9 -9 -9 -9 -9 -9 -9 -9 -9 -9 -9 -9 -9 -9 -9 -9 -9 -9 -9 -9 -9 -9 -9 -9 -9 -9 -9 -9 -9 -9 -9 -9 -9 -9 -9 -9 -9 -9 -9 -9 -9 -9 -9 -9 -9 -9 -9 -9 -9 -9 -9 -9 -9 -9 -9 -9 -9 -9 -9 -9 -9 -9 -9 -9 -9 -9 -9 -9 -9 -9 -9 44 74
-9 -9 -9 -9 -9 -9 -9 -9 -9 -9 -9 -9 -9 -9 -9 -9 -9 -9 -9 -9 -9 -9 -9 -9 -9 -9 -9 -9 -9 -9 -9 -9 -9 -9 -9 -9 -9 -9 -9 -9 -9 -9 -9 -9 -9 -9 -9 -9 -9 -9 -9 -9 -9 -9 -9 -9 -9 -9 -9 -9 -9 -9 -9 -9 -9 -9 -9 -9 -9 -9 -9 -9 -9 -9 -9 -9 -9 -9 -9 -9 -9 -9 -9 -9 -9 -9 -9 -9 -9 -9 -9 -9 -9 57 44 74
-9 -9 -9 -9 -9 -9 -9 -9 -9 -9 -9 -9 -9 -9 -9 -9 -9 -9 -9 -9 -9 -9 -9 -9 -9 -9 -9 -9 -9 -9 -9 -9 -9 -9 -9 -9 -9 -9 -9 -9 -9 -9 -9 -9 -9 -9 -9 -9 -9 -9 -9 -9 -9 -9 -9 -9 -9 -9 -9 -9 -9 -9 -9 -9 -9 -9 -9 -9 -9 -9 -9 -9 -9 -9 -9 -9 -9 -9 -9 -9 -9 -9 -9 -9 -9 -9 -9 -9 -9 -9 -9 -9 -9 28 80 100
-9 -9 -9 -9 -9 -9 -9 -9 -9 -9 -9 -9 -9 -9 -9 -9 -9 -9 -9 -9 -9 -9 -9 -9 -9 -9 -9 -9 -9 -9 -9 -9 -9 -9 -9 -9 -9 -9 -9 -9 -9 -9 -9 -9 -9 -9 -9 -9 -9 -9 -9 -9 -9 -9 -9 -9 -9 -9 -9 -9 -9 -9 -9 -9 -9 -9 -9 -9 -9 -9 -9 -9 -9 -9 -9 -9 -9 -9 -9 -9 -9 -9 -9 -9 -9 -9 -9 -9 -9 -9 -9 -9 12 15 48 50
-9 -9 -9 -9 -9 -9 -9 -9 -9 -9 -9 -9 -9 -9 -9 -9 -9 -9 -9 -9 -9 -9 -9 -9 -9 -9 -9 -9 -9 -9 -9 -9 -9 -9 -9 -9 -9 -9 -9 -9 -9 -9 -9 -9 -9 -9 -9 -9 -9 -9 -9 -9 -9 -9 -9 -9 -9 -9 -9 -9 -9 -9 -9 -9 -9 -9 -9 -9 -9 -9 -9 -9 -9 -9 -9 -9 -9 -9 -9 -9 -9 -9 -9 -9 -9 -9 -9 -9 -9 -9 -9 15 0 0 0 2
-9 -9 -9 -9 -9 -9 -9 -9 -9 -9 -9 -9 -9 -9 -9 -9 -9 -9 -9 -9 -9 -9 -9 -9 -9 -9 -9 -9 -9 -9 -9 -9 -9 -9 -9 -9 -9 -9 -9 -9 -9 -9 -9 -9 -9 -9 -9 -9 -9 -9 -9 -9 -9 -9 -9 -9 -9 -9 -9 -9 -9 -9 -9 -9 -9 -9 -9 -9 -9 -9 -9 -9 -9 -9 -9 -9 -9 -9 -9 -9 -9 -9 -9 -9 -9 -9 -9 -9 -9 -9 -9 58 0 0 60 45
-9 -9 -9 -9 -9 -9 -9 -9 -9 -9 -9 -9 -9 -9 -9 -9 -9 -9 -9 -9 -9 -9 -9 -9 -9 -9 -9 -9 -9 -9 -9 -9 -9 -9 -9 -9 -9 -9 -9 -9 -9 -9 -9 -9 -9 -9 -9 -9 -9 -9 -9 -9 -9 -9 -9 -9 -9 -9 -9 -9 -9 -9 -9 -9 -9 -9 -9 -9 -9 -9 -9 -9 -9 -9 -9 -9 -9 -9 -9 -9 -9 -9 -9 -9 -9 -9 -9 -9 -9 -9 78 97 24 0 29 10
-9 -9 -9 -9 -9 -9 -9 -9 -9 -9 -9 -9 -9 -9 -9 -9 -9 -9 -9 -9 -9 -9 -9 -9 -9 -9 -9 -9 -9 -9 -9 -9 -9 -9 -9 -9 -9 -9 -9 -9 -9 -9 -9 -9 -9 -9 -9 -9 -9 -9 -9 -9 -9 -9 -9 -9 -9 -9 -9 -9 -9 -9 -9 -9 -9 -9 -9 -9 -9 -9 -9 -9 -9 -9 -9 -9 -9 -9 -9 -9 -9 -9 -9 -9 -9 -9 -9 -9 -9 78 87 100 49 5 64 41
-9 -9 -9 -9 -9 -9 -9 -9 -9 -9 -9 -9 -9 -9 -9 -9 -9 -9 -9 -9 -9 -9 -9 -9 -9 -9 -9 -9 -9 -9 -9 -9 -9 -9 -9 -9 -9 -9 -9 -9 -9 -9 -9 -9 -9 -9 -9 -9 -9 -9 -9 -9 -9 -9 -9 -9 -9 -9 -9 -9 -9 -9 -9 -9 -9 -9 -9 -9 -9 -9 -9 -9 -9 -9 -9 -9 -9 -9 -9 -9 -9 -9 -9 -9 -9 -9 -9 -9 100 100 100 100 43 17 76 24
-9 -9 -9 -9 -9 -9 -9 -9 -9 -9 -9 -9 -9 -9 -9 -9 -9 -9 -9 -9 -9 -9 -9 -9 -9 -9 -9 -9 -9 -9 -9 -9 -9 -9 -9 -9 -9 -9 -9 -9 -9 -9 -9 -9 -9 -9 -9 -9 -9 -9 -9 -9 -9 -9 -9 -9 -9 -9 -9 -9 -9 -9 -9 -9 -9 -9 -9 -9 -9 -9 -9 -9 -9 -9 -9 -9 -9 -9 -9 -9 -9 -9 -9 -9 -9 -9 -9 -9 84 100 100 100 86 2 0 9
-9 -9 -9 -9 -9 -9 -9 -9 -9 -9 -9 -9 -9 -9 -9 -9 -9 -9 -9 -9 -9 -9 -9 -9 -9 -9 -9 -9 -9 -9 -9 -9 -9 -9 -9 -9 -9 -9 -9 -9 -9 -9 -9 -9 -9 -9 -9 -9 -9 -9 -9 -9 -9 -9 -9 -9 -9 -9 -9 -9 -9 -9 -9 -9 -9 -9 -9 -9 -9 -9 -9 -9 -9 -9 -9 -9 -9 -9 -9 -9 -9 -9 -9 -9 -9 -9 -9 65 74 93 97 100 100 10 0 3
-9 -9 -9 -9 -9 -9 -9 -9 -9 -9 -9 -9 -9 -9 -9 -9 -9 -9 -9 -9 -9 -9 -9 -9 -9 -9 -9 -9 -9 -9 -9 -9 -9 -9 -9 -9 -9 -9 -9 -9 -9 -9 -9 -9 -9 -9 -9 -9 -9 -9 -9 -9 -9 -9 -9 -9 -9 -9 -9 -9 -9 -9 -9 -9 -9 -9 -9 -9 -9 -9 -9 -9 -9 -9 -9 -9 -9 -9 -9 -9 -9 -9 -9 -9 -9 -9 27 40 76 47 1 25 90 10 0 6
-9 -9 -9 -9 -9 -9 -9 -9 -9 -9 -9 -9 -9 -9 -9 -9 -9 -9 -9 -9 -9 -9 -9 -9 -9 -9 -9 -9 -9 -9 -9 -9 -9 -9 -9 -9 -9 -9 -9 -9 -9 -9 -9 -9 -9 -9 -9 -9 -9 -9 -9 -9 -9 -9 -9 -9 -9 -9 -9 -9 -9 -9 -9 -9 -9 -9 -9 -9 -9 -9 -9 -9 -9 -9 -9 -9 -9 -9 -9 -9 -9 -9 -9 -9 -9 -9 36 78 68 64 10 44 100 22 13 19
-9 -9 -9 -9 -9 -9 -9 -9 -9 -9 -9 -9 -9 -9 -9 -9 -9 -9 -9 -9 -9 -9 -9 -9 -9 -9 -9 -9 -9 -9 -9 -9 -9 -9 -9 -9 -9 -9 -9 -9 -9 -9 -9 -9 -9 -9 -9 -9 -9 -9 -9 -9 -9 -9 -9 -9 -9 -9 -9 -9 -9 -9 -9 -9 -9 -9 -9 -9 -9 -9 -9 -9 -9 -9 -9 -9 -9 -9 -9 -9 -9 -9 -9 -9 -9 -9 54 97 76 98 76 89 76 88 94 38
-9 -9 -9 -9 -9 -9 -9 -9 -9 -9 -9 -9 -9 -9 -9 -9 -9 -9 -9 -9 -9 -9 -9 -9 -9 -9 -9 -9 -9 -9 -9 -9 -9 -9 -9 -9 -9 -9 -9 -9 -9 -9 -9 -9 -9 -9 -9 -9 -9 -9 -9 -9 -9 -9 -9 -9 -9 -9 -9 -9 -9 -9 -9 -9 -9 -9 -9 -9 -9 -9 -9 -9 -9 -9 -9 -9 -9 -9 -9 -9 62 74 95 67 30 100 69 56 43 36 67 9 72 63 54 47
-9 -9 -9 -9 -9 -9 -9 -9 -9 -9 -9 -9 -9 -9 -9 -9 -9 -9 -9 -9 -9 -9 -9 -9 -9 -9 -9 -9 -9 -9 -9 -9 -9 -9 -9 -9 -9 -9 -9 -9 -9 -9 -9 -9 -9 -9 -9 -9 -9 -9 -9 -9 -9 -9 -9 -9 -9 -9 -9 -9 -9 -9 -9 -9 -9 -9 -9 -9 -9 -9 -9 -9 -9 -9 -9 -9 70 92 5 24 17 25 58 95 38 92 79 14 0 0 6 0 38 9 20 80
-9 -9 -9 -9 -9 -9 -9 -9 -9 -9 -9 -9 -9 -9 -9 -9 -9 -9 -9 -9 -9 -9 -9 -9 -9 -9 -9 -9 -9 -9 -9 -9 -9 -9 -9 -9 -9 -9 -9 -9 -9 -9 91 100 100 100 -9 -9 -9 -9 -9 -9 -9 -9 -9 -9 -9 -9 -9 -9 -9 -9 -9 -9 -9 -9 -9 -9 -9 -9 -9 -9 -9 -9 -9 94 69 67 30 67 55 83 88 100 57 59 74 54 0 14 6 7 54 4 27 39
-9 -9 -9 -9 -9 -9 -9 -9 -9 -9 -9 -9 -9 -9 -9 -9 -9 -9 -9 -9 -9 -9 -9 -9 -9 -9 -9 -9 -9 -9 -9 -9 -9 -9 -9 0 0 0 24 77 48 99 100 100 100 69 84 93 95 66 -9 -9 -9 -9 -9 -9 -9 -9 -9 -9 -9 -9 -9 -9 -9 -9 -9 -9 -9 -9 -9 -9 -9 44 35 77 78 29 46 65 74 84 98 73 73 17 0 74 38 63 42 6 18 18 30 21
-9 -9 -9 -9 -9 -9 -9 -9 -9 -9 -9 -9 -9 -9 -9 -9 -9 -9 -9 -9 -9 -9 -9 -9 -9 -9 -9 -9 -9 -9 -9 28 0 0 9 12 0 0 9 82 74 97 88 100 100 100 54 9 80 81 83 -9 100 97 84 94 100 92 85 41 49 0 -9 -9 -9 -9 -9 -9 -9 -9 -9 -9 93 24 29 52 85 21 45 78 99 75 29 28 100 59 29 73 28 3 13 44 26 43 33 23
-9 -9 -9 -9 -9 -9 -9 -9 -9 -9 -9 -9 -9 -9 -9 -9 -9 -9 -9 -9 -9 -9 -9 -9 -9 -9 -9 -9 -9 -9 34 12 0 14 24 72 15 0 30 35 47 62 98 100 100 100 97 33 23 7 40 4 51 96 63 69 65 79 83 99 41 2 26 94 100 100 -9 -9 -9 -9 93 72 100 70 18 68 93 69 22 66 77 24 0 11 49 83 68 24 2 1 22 51 2 44 56 36
-9 -9 -9 -9 -9 -9 -9 -9 -9 -9 -9 -9 -9 -9 -9 -9 -9 -9 -9 -9 -9 -9 -9 -9 -9 -9 -9 -9 100 19 37 15 16 42 0 48 0 0 68 20 15 2 87 100 100 100 93 77 68 55 91 48 60 96 4 31 34 55 74 100 79 68 87 100 90 66 33 -9 -9 37 47 30 24 81 31 91 100 51 10 3 14 38 29 57 4 50 23 8 1 11 29 49 36 50 39 42
-9 -9 -9 -9 -9 -9 -9 -9 -9 -9 -9 -9 -9 -9 -9 -9 -9 -9 -9 -9 -9 -9 -9 -9 -9 -9 -9 70 84 7 41 56 1 40 20 20 0 7 56 15 1 87 96 95 94 81 55 98 94 100 100 57 96 92 2 75 61 39 99 100 69 100 100 100 92 20 0 33 32 58 6 43 0 58 81 98 92 18 6 0 1 28 30 46 0 59 56 74 83 94 31 45 21 23 28 2
-9 -9 -9 -9 -9 -9 -9 -9 -9 -9 -9 -9 -9 -9 -9 -9 -9 -9 -9 -9 -9 -9 -9 -9 -9 4 0 53 96 12 42 21 1 20 13 0 0 34 12 27 32 100 92 54 88 75 7 81 100 100 100 39 99 76 3 26 20 5 31 93 98 100 63 64 85 54 18 36 21 32 89 87 57 82 94 18 30 0 0 0 18 8 4 3 23 37 82 100 99 48 28 54 21 0 0 27
-9 -9 -9 -9 -9 -9 -9 -9 -9 -9 -9 -9 -9 -9 -9 -9 -9 -9 -9 -9 -9 -9 -9 -9 0 12 5 84 100 46 31 43 14 4 0 0 0 1 0 0 19 98 54 10 19 48 8 45 64 48 26 4 22 1 0 0 64 10 11 53 82 97 98 45 79 11 26 66 70 82 95 31 12 88 93 41 7 0 24 12 20 51 44 4 47 54 99 81 28 13 36 59 14 0 0 14
-9 -9 -9 -9 -9 -9 -9 -9 -9 -9 -9 -9 -9 -9 -9 -9 -9 -9 -9 -9 -9 -9 -9 0 0 1 21 7 40 67 2 14 69 40 0 0 0 0 0 0 55 48 5 0 19 51 33 28 29 20 40 32 4 3 15 2 57 71 56 6 85 98 77 46 55 31 10 52 33 100 76 45 45 70 51 16 5 4 30 25 22 76 91 74 47 7 14 30 19 62 70 99 16 5 48 50
-9 -9 -9 -9 -9 -9 -9 -9 -9 -9 -9 -9 -9 -9 -9 -9 -9 -9 -9 -9 -9 -9 19 27 3 0 0 0 14 0 7 31 0 21 15 8 0 0 0 0 0 0 0 24 39 1 57 29 13 8 6 54 54 0 16 68 91 100 48 1 0 71 75 2 35 0 2 75 87 74 25 67 76 67 83 51 0 0 2 30 63 38 44 56 82 50 26 1 51 58 3 12 45 51 95 91
-9 -9 -9 -9 -9 -9 -9 -9 -9 -9 -9 -9 -9 -9 -9 -9 -9 -9 -9 -9 -9 27 58 2 0 0 0 25 55 8 12 60 13 0 0 16 30 1 0 0 0 0 0 53 55 84 100 81 51 0 15 78 59 2 47 90 57 20 35 2 15 69 100 6 53 54 0 18 37 38 67 36 38 30 64 2 0 8 23 63 58 40 2 0 30 62 7 48 45 70 53 8 0 4 31 25
16 23 72 63 -9 -9 -9 -9 -9 -9 -9 -9 -9 -9 -9 -9 -9 -9 -9 -9 8 25 21 10 0 0 14 64 60 16 1 11 13 0 0 20 39 9 0 13 24 0 11 16 63 99 100 64 18 0 0 27 76 88 67 59 8 54 64 0 11 84 100 23 15 77 53 48 23 80 100 97 87 99 69 50 10 48 90 63 8 0 30 42 14 14 32 36 3 0 24 65 34 2 6 3
0 23 45 100 100 100 100 9 6 -9 -9 -9 -9 -9 -9 -9 -9 -9 -9 -9 0 0 0 2 37 31 71 17 0 1 0 0 0 0 0 0 0 12 5 19 46 0 4 57 92 72 100 98 48 0 2 0 24 100 100 78 89 50 28 24 7 12 100 42 26 21 40 82 96 100 37 40 43 65 54 18 60 75 1 0 0 0 32 54 38 16 40 52 20 0 14 65 47 14 75 70
0 3 39 25 60 100 100 69 0 3 74 55 44 -9 -9 -9 -9 -9 -9 3 0 17 12 8 36 8 0 0 0 2 0 0 0 28 0 0 0 12 8 0 2 0 17 35 37 47 76 73 54 8 55 4 24 81 81 82 71 73 45 98 41 46 100 42 38 73 23 44 100 27 7 52 0 2 49 30 29 14 10 13 2 11 20 71 19 28 18 90 52 0 0 0 62 66 30 58
4 0 16 0 59 100 100 76 31 6 0 8 14 16 -9 -9 -9 -9 52 39 0 5 0 6 28 3 4 4 0 15 8 0 0 9 0 0 0 0 0 0 0 0 38 71 50 33 75 66 62 90 96 63 0 12 60 3 16 62 60 48 32 41 89 71 52 89 80 85 74 0 21 42 38 43 40 13 44 61 73 100 54 84 35 17 2 3 16 86 97 35 0 0 51 91 85 58
12 18 22 28 57 100 100 97 61 28 0 31 31 2 0 0 3 0 6 51 15 25 66 3 26 5 11 24 62 50 0 0 0 0 0 0 0 8 24 34 8 17 61 64 58 24 100 76 62 88 20 12 0 32 62 48 45 76 90 99 23 56 89 94 85 76 3 55 54 10 40 12 70 33 0 20 81 56 60 25 68 77 35 18 28 1 0 66 88 98 61 0 7 77 94 13
63 26 0 18 15 74 70 86 88 28 16 33 0 32 0 39 25 0 0 0 6 13 19 12 10 0 0 0 19 21 14 2 0 0 0 0 0 6 33 4 0 98 31 96 77 54 100 86 9 1 0 0 1 65 9 0 0 0 0 9 22 38 99 98 99 96 50 14 82 38 8 6 8 1 8 94 59 42 6 0 45 62 46 30 68 13 11 17 32 53 74 54 49 25 46 7
79 33 5 0 10 30 5 31 99 32 22 0 0 39 5 2 16 15 23 15 0 0 0 37 18 64 19 0 6 12 12 14 0 0 0 0 0 0 0 0 27 20 63 85 95 98 66 8 0 0 0 0 7 99 43 0 0 0 0 32 0 9 22 14 16 12 49 76 78 24 0 1 80 75 81 71 65 0 0 2 22 64 28 79 17 67 11 11 18 42 30 40 59 82 19 27
72 74 38 0 21 7 2 29 95 86 76 23 0 10 34 18 21 41 52 16 0 0 0 3 18 2 11 0 17 46 10 25 0 0 0 0 0 0 0 0 12 16 0 0 12 28 0 0 0 0 1 8 20 45 0 0 0 0 19 14 0 0 0 0 0 0 2 68 34 18 1 33 48 100 66 34 35 0 21 0 15 0 34 54 59 85 21 5 0 39 75 50 40 34 66 26
6 40 70 11 5 11 0 1 28 55 100 44 0 10 23 75 11 24 46 1 0 30 0 0 0 0 38 37 0 27 36 31 9 8 0 0 0 0 0 32 94 45 0 0 0 0 0 0 22 66 78 100 80 94 70 49 58 24 66 93 75 34 67 20 0 0 0 78 100 64 8 24 44 51 2 21 12 1 28 46 61 60 78 63 52 75 0 0 0 24 69 5 81 100 97 22
55 77 95 39 32 16 29 0 0 24 62 3 25 54 35 75 33 2 48 83 77 62 53 23 72 81 68 1 2 17 17 49 70 51 0 0 0 0 2 1 35 0 0 0 0 0 11 3 83 93 89 97 45 6 19 55 66 79 49 41 60 64 27 32 55 33 5 46 42 84 16 20 78 25 6 36 80 60 84 100 100 70 86 13 48 50 19 30 10 33 27 9 30 79 78 46
20 9 76 84 73 22 64 31 2 69 58 13 2 46 21 63 90 31 4 27 56 100 99 86 61 62 0 0 9 26 3 28 26 0 0 0 0 0 18 32 0 36 44 6 0 17 14 21 65 63 3 5 1 0 37 10 36 84 60 0 24 19 49 35 17 28 50 23 7 22 33 20 77 74 93 92 94 33 55 92 79 54 92 27 14 38 98 98 98 81 17 7 0 12 2 42
0 1 71 64 26 18 69 10 53 13 18 0 0 0 2 17 73 15 0 0 0 56 37 49 67 95 53 63 80 81 15 75 25 0 8 32 15 7 30 73 12 24 74 28 52 20 0 41 4 0 0 25 22 35 46 57 52 3 30 69 34 26 3 16 1 48 68 58 0 0 63 67 47 54 7 67 66 56 36 57 48 4 2 0 7 60 91 59 95 100 98 21 1 45 3 16
27 64 76 4 0 0 40 34 14 6 0 0 58 87 17 11 93 26 17 8 0 0 0 50 100 96 63 34 24 16 6 2 19 0 58 41 50 40 18 39 62 100 96 72 23 6 0 63 67 0 72 89 85 66 39 8 18 18 8 62 50 24 5 10 32 4 8 15 0 0 35 36 18 0 20 43 82 89 54 28 58 29 35 67 42 1 6 52 68 98 96 4 0 17 17 0
97 79 70 52 35 93 99 59 33 0 0 44 64 67 99 61 77 89 90 91 40 3 0 15 87 50 0 7 0 0 0 0 0 0 20 75 17 26 3 91 100 59 96 73 55 36 0 91 100 54 75 45 38 4 18 54 41 24 34 36 6 0 0 71 100 40 0 0 2 29 41 1 40 0 6 0 68 41 23 31 72 26 100 61 6 4 0 0 0 39 74 27 6 0 6 6
37 0 10 71 64 100 92 51 0 0 36 100 53 4 47 62 45 54 80 91 8 0 2 68 31 0 2 46 53 36 16 0 0 0 2 13 0 20 5 94 96 57 96 74 87 75 15 12 49 96 82 96 81 45 43 9 54 52 8 6 31 33 67 95 54 32 10 32 74 39 41 16 29 0 30 77 26 50 50 11 43 22 13 0 27 47 72 33 9 10 35 46 17 30 57 42
21 9 0 3 78 100 100 64 0 14 90 67 30 26 0 41 53 19 0 22 25 25 32 42 10 0 53 80 16 38 47 41 25 0 1 8 0 0 2 68 64 8 43 38 43 77 64 9 25 42 83 58 13 51 95 25 18 6 22 67 28 100 100 61 32 22 39 75 43 46 20 2 36 0 56 65 16 59 73 18 24 58 17 6 22 14 76 91 69 50 3 48 84 91 100 99
16 0 0 22 76 98 12 42 17 65 68 67 30 73 57 89 99 87 45 11 0 5 0 16 10 33 26 0 9 21 37 31 93 55 59 18 0 8 43 100 90 40 71 30 29 58 32 38 50 7 21 2 1 30 39 17 0 8 40 10 66 54 93 80 46 55 49 36 33 40 12 29 80 45 66 60 80 88 57 40 85 67 67 8 52 22 35 72 71 66 10 0 7 35 81 87
0 0 0 36 94 54 1 12 84 25 0 3 45 100 96 95 99 97 96 92 62 7 1 67 57 58 46 78 99 82 79 90 100 84 33 10 7 60 81 80 35 81 69 37 73 16 18 18 73 87 92 83 20 29 1 32 0 25 53 61 24 56 39 93 77 39 5 0 4 46 50 16 49 57 69 81 87 45 16 28 28 66 42 28 71 3 21 45 43 100 16 0 0 37 73 9
0 0 6 32 96 65 10 60 44 55 49 55 98 67 100 90 52 66 58 94 100 98 94 88 84 100 100 92 81 93 29 46 48 42 82 58 40 37 82 34 32 63 12 29 35 77 52 22 46 26 92 39 24 48 16 90 68 76 60 94 32 63 11 17 25 74 15 0 43 85 61 36 85 91 25 38 47 8 0 1 33 1 16 1 0 33 45 36 53 72 89 29 14 22 59 0
46 32 67 38 70 74 5 63 37 76 40 55 62 97 84 77 60 59 24 41 36 83 80 90 78 93 85 74 64 77 82 51 54 48 40 71 27 26 62 20 27 63 28 38 34 76 42 22 69 70 88 50 58 57 68 64 99 89 59 69 0 12 12 4 3 76 84 24 40 42 51 21 47 36 28 21 30 44 1 43 98 53 0 1 0 20 44 20 4 30 100 89 10 48 0 32
5 0 42 1 30 81 98 100 87 60 25 27 47 67 63 33 42 12 70 78 98 90 63 67 75 65 20 75 15 47 62 10 17 87 87 67 63 83 87 48 30 9 48 78 5 25 57 51 42 56 57 47 25 76 25 68 85 31 1 56 2 0 19 70 65 66 57 51 39 73 50 75 63 50 60 44 58 61 40 12 70 98 20 18 76 51 79 34 5 36 52 71 77 9 0 30
0 0 2 0 0 18 22 30 87 76 31 89 97 36 38 67 24 31 67 62 70 50 16 31 53 56 60 17 18 26 0 19 2 14 69 70 77 58 74 54 17 35 76 83 71 53 82 44 7 10 6 46 42 62 4 46 24 69 23 14 16 63 82 48 60 75 82 68 90 79 71 41 52 50 75 70 62 3 14 5 36 82 92 39 5 31 21 25 61 17 0 21 77 89 3 0
12 0 0 0 36 0 0 32 75 46 94 65 33 9 47 19 45 48 72 75 89 60 27 45 37 32 88 84 28 6 0 0 0 21 94 70 63 46 47 68 89 46 18 47 74 13 32 10 29 36 28 10 1 29 0 28 12 21 6 0 32 96 47 48 76 69 50 76 55 6 0 14 41 11 72 61 36 35 29 25 0 9 51 41 7 24 4 0 6 66 22 12 76 51 44 0
0 0 0 2 46 35 48 47 100 92 100 51 2 12 51 57 65 85 81 48 72 88 69 18 36 58 97 97 75 6 0 0 0 47 45 84 61 49 73 74 40 61 23 41 56 6 50 21 5 10 0 4 19 76 50 17 76 74 66 38 75 64 81 49 63 78 36 0 32 99 27 2 3 37 94 70 2 57 99 24 13 81 54 23 82 70 77 37 0 15 0 17 3 62 99 50
0 0 11 59 67 56 40 67 52 41 1 4 47 16 64 62 70 82 98 58 55 52 70 37 69 75 45 67 98 43 1 0 1 35 56 56 81 36 62 40 5 58 24 42 40 32 60 45 33 69 42 37 55 56 36 19 25 61 44 27 55 98 80 48 45 39 39 3 51 68 2 0 1 59 86 78 1 38 86 6 12 48 13 3 41 26 36 68 41 0 33 16 11 48 78 17
35 43 71 50 40 63 58 90 43 34 16 14 19 26 71 87 98 50 32 41 37 67 52 73 72 94 62 72 96 69 73 20 21 49 75 51 14 0 8 6 30 18 51 72 69 84 57 50 34 64 91 57 20 76 63 56 63 15 6 44 97 67 22 7 0 45 70 0 28 12 0 15 3 9 45 16 13 5 4 0 0 17 69 0 0 0 0 33 54 0 66 25 3 11 66 44
80 70 74 74 79 65 53 28 43 75 48 12 14 92 88 82 65 30 53 60 91 100 56 54 56 67 12 0 9 24 50 70 59 54 39 27 44 78 67 76 64 36 60 50 68 72 91 30 71 64 52 49 33 61 45 47 13 42 69 71 65 35 11 0 23 73 49 39 54 68 9 78 16 26 99 95 80 23 22 12 22 82 46 24 0 10 83 45 46 7 25 21 50 12 15 27
73 48 73 86 75 53 54 55 54 49 80 37 71 87 37 17 3 0 4 0 19 31 31 92 94 100 95 80 58 93 86 31 38 94 74 70 44 84 68 68 73 78 35 38 23 28 31 61 77 57 59 44 53 44 36 37 73 33 59 54 62 27 3 26 69 32 0 20 40 84 50 4 25 13 19 68 100 46 62 69 100 73 46 43 0 0 33 42 45 44 8 59 13 22 24 7
60 53 41 43 43 83 70 51 69 11 56 80 39 19 22 10 0 0 0 0 0 0 0 21 22 32 33 8 16 32 7 62 95 84 72 37 52 62 63 54 52 40 38 63 59 85 45 50 49 48 54 45 50 80 45 54 67 50 77 68 11 18 6 7 17 21 0 0 63 100 41 0 37 99 47 3 17 100 63 9 26 75 71 100 45 1 0 0 2 57 79 87 43 58 6 0
66 46 66 53 33 46 41 56 2 38 74 72 69 16 17 31 0 0 2 10 0 0 0 0 11 23 0 0 0 0 17 75 34 68 68 58 92 72 34 35 57 51 16 20 25 20 37 83 43 30 21 33 97 67 75 98 100 80 66 42 3 54 11 2 22 13 0 8 95 97 10 0 46 88 93 74 14 63 83 1 0 12 5 85 100 65 0 0 0 2 76 100 52 14 3 0
24 8 47 54 58 71 44 17 0 71 65 21 48 0 0 0 0 0 44 44 0 3 31 48 12 32 39 15 5 0 30 60 47 65 51 77 66 53 72 64 38 16 60 66 54 25 45 32 95 57 16 30 79 100 100 36 28 5 0 2 10 20 60 15 31 35 36 50 100 55 0 0 23 65 74 64 12 75 86 20 0 21 21 74 100 100 18 28 0 0 19 93 96 37 9 35
31 15 79 87 64 49 42 1 0 0 0 0 0 6 26 25 0 8 7 9 25 63 90 68 66 86 54 65 70 62 59 100 100 70 53 51 32 48 55 52 44 70 45 33 32 62 69 47 36 28 35 88 99 86 66 3 0 3 14 65 32 100 69 67 77 81 56 43 88 0 0 0 43 98 61 71 21 67 56 7 6 31 24 2 38 81 4 31 17 2 0 14 75 9 24 41
