data/habitatmaps/RS_maps/habitat_Pyrrhula.pyrrhula_2010.asc
NCOLS 369 
NROWS 228 
XLLCORNER 479000 
YLLCORNER 73000 
CELLSIZE 1000 
NODATA_value -9 
[rows 63 to 125 of 228, columns 96 to 191 of 369]
83 77 17 41 28 31 32 88 100 84 78 96 100 46 47 71 47 55 64 43 85 75 50 40 18 11 32 15 68 66 66 81 59 93 76 56 41 62 78 86 92 96 94 93 75 5 0 0 0 15 32 58 80 76 69 82 51 93 98 82 48 35 0 1 65 96 90 71 15 29 13 0 48 29 20 24 79 50 0 0 55 85 8 0 0 35 0 0 24 41 35 10 16 34 40 0
42 13 9 9 3 52 65 50 55 72 35 36 69 62 75 85 85 40 2 5 7 0 0 4 8 33 53 80 75 71 25 11 34 87 78 96 78 82 96 90 97 100 24 17 2 0 0 0 1 29 55 69 57 64 1 8 14 74 100 71 46 66 0 0 47 94 87 4 11 92 54 0 26 76 75 29 43 27 0 0 41 54 5 0 0 52 0 0 40 53 29 8 0 6 25 0
5 16 22 64 81 35 27 9 10 21 39 45 61 54 66 69 76 69 73 26 22 26 34 68 66 55 63 95 69 5 17 45 66 87 81 63 45 63 43 44 52 56 66 26 0 0 18 32 53 80 16 5 0 52 9 17 35 44 100 46 6 76 31 0 42 68 88 36 68 51 55 0 26 86 8 0 13 43 3 0 0 8 0 0 0 15 4 0 1 77 15 0 0 0 65 3
49 41 18 52 39 54 45 44 63 80 89 76 56 59 33 36 50 97 100 82 64 79 90 60 67 71 99 50 39 90 100 100 56 56 77 53 66 94 23 21 8 21 0 0 0 0 9 93 100 36 74 4 4 9 14 60 97 96 78 9 21 87 67 1 0 45 95 69 12 57 29 0 22 56 8 31 12 72 11 2 0 0 53 10 0 1 37 6 0 67 30 5 0 0 69 16
16 11 36 45 63 47 60 86 59 59 36 51 65 39 33 39 69 90 87 68 41 65 79 50 36 93 100 98 84 80 60 79 95 82 20 0 21 58 39 11 48 4 10 54 57 69 76 79 99 6 17 50 95 23 31 88 45 100 100 26 39 62 67 29 0 23 32 34 73 67 2 0 7 3 46 64 49 21 92 62 9 0 42 87 23 0 48 88 35 43 99 16 0 29 14 29
33 33 52 42 59 57 35 34 38 60 73 73 36 0 7 5 9 13 34 42 79 47 76 98 72 84 85 100 85 100 99 98 88 70 37 8 16 18 3 1 0 1 60 60 64 100 53 12 45 0 21 48 5 0 30 100 95 39 34 5 19 20 22 33 0 0 28 74 64 57 0 0 0 0 14 88 59 57 31 95 48 0 8 20 15 0 28 35 2 11 52 31 27 2 20 29
16 43 70 77 70 41 71 18 0 0 10 0 0 50 59 73 49 69 100 100 98 73 64 51 85 95 100 93 92 66 82 35 35 75 46 33 44 27 7 0 0 11 33 1 52 58 37 0 32 45 24 5 34 51 17 41 45 25 36 0 15 34 87 78 0 16 74 78 78 96 14 0 0 0 26 21 9 75 12 27 23 10 0 0 59 0 4 7 0 0 6 35 12 0 31 17
9 22 57 44 29 12 15 0 0 11 49 22 39 89 80 81 80 58 20 47 56 54 62 94 100 100 39 2 38 15 0 24 79 66 52 44 22 26 0 0 0 33 54 34 93 11 9 24 69 62 39 1 56 92 79 0 23 74 43 1 40 85 74 49 26 1 38 69 71 76 11 0 19 5 2 22 4 32 18 0 11 32 0 24 64 3 0 0 0 0 39 77 33 1 27 10
58 54 26 48 93 22 0 2 35 84 100 94 92 28 46 52 41 46 99 79 92 100 81 70 57 17 16 17 28 44 0 11 31 1 13 5 21 32 0 20 30 39 52 55 8 49 46 31 4 24 0 0 42 100 92 4 3 10 0 21 26 50 22 24 47 19 2 84 81 36 3 10 17 0 0 51 26 3 31 11 27 2 0 3 75 32 0 2 50 27 17 58 42 2 0 14
29 33 51 56 54 46 74 76 76 74 23 37 55 92 89 61 50 80 98 94 96 90 13 1 0 0 0 0 0 0 0 0 0 0 0 32 40 21 2 80 84 47 0 7 11 95 71 10 1 52 19 0 65 71 23 0 0 57 2 31 29 35 3 59 0 1 10 8 5 0 11 43 4 0 0 22 16 9 35 0 0 0 0 15 33 15 0 0 30 8 7 44 61 29 0 0
56 24 11 21 59 84 82 75 79 93 82 71 65 86 59 56 97 97 100 70 26 0 0 0 0 0 0 0 0 0 0 0 0 7 3 17 23 2 0 52 100 42 33 49 2 0 45 27 29 44 56 0 75 26 24 51 0 52 55 3 27 0 20 81 27 32 89 38 22 17 0 39 9 22 0 0 14 13 15 0 0 0 17 35 39 26 6 0 0 0 21 19 84 31 0 0
6 2 0 3 0 79 78 63 66 58 22 53 76 86 35 52 53 14 87 47 0 0 0 0 0 0 0 0 0 0 43 71 59 14 9 45 0 0 0 22 24 4 42 1 2 0 10 23 2 12 20 0 80 86 54 7 0 25 7 24 0 6 25 56 64 0 67 100 35 36 41 54 3 36 71 10 0 1 16 0 13 8 20 22 64 21 21 0 0 0 0 4 34 16 0 0
64 49 59 76 65 63 60 71 78 80 55 67 0 17 100 92 63 44 19 0 0 0 0 0 0 0 0 3 7 35 97 56 73 7 0 5 50 16 6 0 18 6 7 34 17 21 0 8 20 57 6 1 58 56 37 9 13 21 8 33 3 13 10 1 28 0 8 10 3 0 10 22 0 31 36 0 0 9 34 0 49 76 2 7 72 0 0 0 4 14 0 0 27 50 4 1
31 58 53 56 73 92 95 33 40 89 65 74 66 85 48 18 39 27 21 0 0 0 0 0 3 19 0 20 85 84 46 24 6 6 0 10 19 0 19 63 71 2 7 66 22 6 27 85 57 38 20 5 24 61 43 17 39 71 19 14 17 9 5 20 28 0 0 0 0 0 1 27 2 2 14 0 0 0 18 21 33 35 7 6 0 0 22 20 0 15 0 0 5 31 9 53
50 63 34 16 26 74 87 84 70 65 81 95 79 82 78 57 55 12 12 0 0 0 0 4 34 66 53 87 91 25 0 0 42 65 31 0 0 0 55 22 80 30 61 14 28 64 80 25 44 74 23 0 2 15 37 7 86 44 30 35 0 31 30 3 75 28 1 0 0 0 7 41 34 16 11 0 0 0 0 3 6 4 8 20 0 26 1 5 3 0 19 0 6 29 12 5
46 23 17 14 39 50 40 0 11 72 95 76 36 25 84 37 4 0 0 0 0 0 6 79 80 70 82 73 54 61 21 40 64 11 82 15 15 44 55 10 22 9 49 56 37 34 19 10 27 2 0 16 41 27 80 84 45 12 22 20 0 4 30 32 10 45 14 0 0 0 53 65 52 0 12 5 0 0 0 0 0 0 8 0 0 0 0 24 15 0 6 0 13 25 0 0
77 28 29 61 54 76 33 82 51 30 33 3 0 69 26 6 0 21 0 0 11 26 41 97 62 20 0 1 26 26 15 13 44 0 57 96 69 38 46 0 0 0 15 63 47 17 38 50 19 31 0 6 68 10 5 15 17 2 15 12 7 16 11 23 30 33 5 0 0 0 19 56 5 0 19 2 0 0 0 0 0 2 26 33 12 24 14 23 38 0 10 14 8 0 0 15
90 51 32 45 90 88 51 62 91 27 0 20 31 41 0 0 26 36 47 67 59 49 11 48 39 54 0 1 74 52 6 0 16 0 17 78 0 3 57 19 48 11 56 20 44 35 55 44 5 10 28 28 1 1 0 20 24 30 24 16 55 9 13 25 21 21 20 16 51 0 0 0 4 1 0 0 0 0 0 0 0 0 0 13 0 0 0 0 13 4 2 0 27 0 35 3
33 65 77 77 57 79 99 69 10 0 0 45 58 18 0 1 30 66 86 53 72 13 9 84 82 30 4 65 93 14 0 5 30 10 0 64 0 0 14 51 62 61 34 33 27 34 13 43 14 57 35 25 20 26 20 71 29 24 8 2 16 25 26 61 31 76 53 18 77 25 0 0 0 0 0 1 0 0 0 0 0 0 10 16 0 12 4 18 3 0 0 0 15 16 40 34
74 19 2 45 52 96 63 10 0 0 0 4 1 0 0 35 22 0 0 28 25 0 0 12 13 56 36 33 11 20 52 52 18 0 15 67 0 0 0 8 15 64 47 33 21 51 64 19 43 49 15 0 23 15 0 0 9 41 6 0 8 22 20 21 19 32 9 40 20 8 2 0 0 0 0 20 5 0 0 23 20 5 0 10 20 4 11 20 48 21 35 0 1 0 12 8
0 18 52 61 78 44 3 0 0 0 15 39 53 44 10 20 0 2 0 6 1 0 19 97 61 22 0 0 0 29 50 24 13 0 27 12 0 8 33 30 30 14 84 25 16 21 48 20 59 33 8 4 85 65 0 0 9 26 11 1 0 3 12 19 10 50 17 41 24 19 0 20 18 12 0 34 19 0 30 31 7 24 0 9 47 17 0 0 27 18 27 6 69 7 27 26
0 39 97 59 27 0 0 0 1 24 33 60 48 13 49 13 80 62 13 90 86 69 73 12 0 0 0 0 51 2 14 5 24 4 0 0 0 26 91 29 55 21 17 35 30 58 27 0 37 18 28 2 8 62 4 0 14 24 25 0 0 9 2 0 13 9 0 19 25 5 0 6 16 12 0 21 47 16 4 36 25 22 4 0 39 10 0 0 17 40 0 32 54 16 5 1
56 34 47 33 1 0 0 0 25 86 56 0 0 0 12 14 51 42 27 24 40 9 5 6 1 1 6 29 24 42 60 0 4 31 0 0 0 0 53 92 82 61 81 75 41 46 58 36 10 2 36 18 0 0 1 0 0 1 6 59 18 3 34 23 12 3 1 0 24 29 18 0 0 27 2 0 0 0 0 10 5 33 25 8 22 0 24 19 4 0 0 55 49 5 0 7
95 52 3 0 0 0 0 0 24 89 26 0 0 0 26 4 47 55 48 91 20 1 4 29 43 64 56 59 22 69 44 0 0 66 35 0 0 13 20 71 93 46 30 35 54 72 31 28 8 9 22 0 0 0 0 0 0 0 14 83 14 18 41 16 1 4 12 0 14 39 8 1 0 2 0 0 11 37 2 30 11 0 28 1 0 7 21 47 4 0 0 9 44 12 23 0
30 0 15 7 0 0 11 4 55 48 3 0 0 41 9 8 20 24 23 46 13 49 31 40 32 47 73 39 82 64 8 31 7 2 71 3 9 24 61 65 46 43 2 12 32 2 6 7 29 44 3 19 46 31 0 0 0 0 32 20 16 3 28 30 11 40 14 0 22 53 62 24 22 0 0 0 64 60 0 0 0 0 25 18 0 4 0 3 11 0 29 48 0 13 16 0
0 0 8 0 0 0 19 0 0 0 0 0 0 53 2 38 68 9 8 0 21 15 4 30 41 25 51 26 3 35 84 79 2 0 72 2 14 25 14 28 71 37 13 48 50 29 25 3 0 0 23 31 81 8 12 20 44 16 64 25 44 8 35 33 1 25 33 30 68 31 31 70 41 14 0 0 28 20 17 38 34 40 0 0 0 0 7 28 1 21 14 0 0 24 28 34
0 0 0 0 3 52 0 7 0 0 0 0 1 61 15 14 0 12 21 48 50 16 63 31 1 40 19 8 4 19 4 13 0 23 65 29 50 8 0 0 74 10 30 73 32 22 22 16 0 24 21 19 50 67 71 68 76 77 78 73 56 2 47 20 5 35 43 47 49 49 71 59 64 20 13 40 38 44 59 61 41 25 16 1 48 6 41 11 35 43 14 0 0 2 23 63
0 0 4 5 79 39 8 37 3 1 0 0 9 28 65 0 0 25 0 19 0 13 20 16 69 59 62 0 42 11 0 2 4 16 28 12 53 17 26 9 49 0 19 18 13 11 6 26 23 4 25 6 4 15 54 78 66 55 81 76 75 29 31 47 32 29 54 38 56 62 29 44 38 28 36 24 54 61 51 35 14 35 5 0 0 14 61 55 43 36 16 0 0 0 0 0
12 49 76 44 53 7 51 32 4 0 0 0 0 31 1 0 3 5 34 64 13 34 30 18 4 35 16 0 34 17 0 21 15 0 58 28 87 73 44 7 36 21 66 19 6 6 28 18 4 0 1 22 27 56 88 73 70 70 62 63 57 46 30 43 62 34 53 38 54 73 37 25 33 18 39 50 48 20 15 2 15 6 10 59 67 43 55 4 0 0 0 17 28 0 0 0
33 64 89 52 0 0 0 0 3 0 1 52 22 18 14 8 6 49 32 75 52 64 77 76 27 1 0 0 10 0 0 17 50 8 28 77 42 49 45 29 48 35 24 3 22 26 13 14 20 46 35 38 54 51 84 80 86 53 59 40 79 28 42 62 79 74 89 83 58 63 30 48 26 15 57 30 2 37 28 0 12 46 25 38 44 80 52 54 36 0 0 39 52 1 0 0
35 36 32 4 33 3 0 0 0 1 22 39 5 1 25 83 94 73 93 71 26 26 64 28 0 0 0 0 0 0 8 1 56 80 24 59 64 40 36 21 15 28 8 25 32 36 13 0 37 11 7 9 61 86 75 89 100 72 57 41 66 76 60 94 86 74 78 60 58 56 39 37 1 0 48 17 66 49 51 21 9 0 42 83 83 99 71 60 69 29 17 0 0 0 0 0
0 11 4 4 27 0 0 0 13 30 9 17 70 58 89 100 70 21 50 4 23 12 63 27 15 26 29 45 21 10 80 77 81 59 4 41 32 32 75 89 12 1 17 15 14 0 18 16 22 17 36 19 36 46 69 74 77 48 66 82 86 86 88 100 97 90 95 72 52 45 64 38 0 4 42 36 61 74 47 45 68 58 98 37 33 95 74 73 89 89 45 0 34 2 0 0
0 0 0 0 0 0 0 1 81 69 4 39 24 24 35 44 75 17 19 56 48 11 0 0 2 13 28 85 85 88 97 100 67 34 19 81 46 32 24 45 20 1 8 42 30 13 52 38 27 51 52 44 71 44 68 73 77 98 80 91 82 74 100 92 80 83 79 86 50 28 82 24 0 30 40 16 43 40 63 96 68 55 86 82 53 91 95 68 100 90 43 29 5 0 0 6
0 23 0 0 0 0 0 1 62 57 18 44 36 9 64 21 17 12 5 21 0 0 8 9 31 9 2 41 62 72 61 36 53 80 94 56 42 64 39 29 62 26 35 15 5 28 5 12 10 56 42 44 53 57 76 78 33 98 78 61 61 33 98 64 100 100 91 84 43 54 75 7 1 0 12 58 67 68 88 72 52 82 72 49 58 89 70 45 88 45 5 0 0 0 25 78
24 55 3 0 0 0 0 0 60 15 25 34 29 64 81 2 21 50 44 35 15 0 43 34 39 50 28 0 42 3 52 76 74 66 81 87 64 12 59 51 52 27 37 30 21 29 41 18 0 25 26 15 57 76 61 49 38 61 83 68 55 38 73 63 92 84 67 88 61 60 40 13 37 19 17 19 53 95 79 100 68 77 34 57 71 75 22 0 58 40 21 22 20 6 33 39
0 0 0 0 0 0 0 11 62 55 33 41 28 65 72 45 38 22 23 34 50 15 24 26 19 25 69 4 4 0 33 48 53 45 44 23 34 53 35 35 38 22 24 18 0 0 25 43 0 27 16 49 50 43 57 57 68 61 63 40 63 46 34 93 93 64 42 60 43 41 24 0 37 96 96 55 22 46 94 93 39 31 14 30 52 0 1 4 75 83 54 88 52 4 59 72
2 0 0 0 0 0 0 0 0 1 18 66 38 19 31 60 47 18 27 27 18 84 100 100 64 2 10 11 13 0 19 13 21 36 2 0 20 31 62 44 48 16 11 0 20 15 65 31 0 1 49 53 46 31 59 48 88 53 57 57 43 66 69 81 57 77 64 54 30 1 2 0 40 60 67 41 68 38 50 48 22 49 88 53 44 20 22 32 97 27 2 3 19 29 2 1
23 80 6 0 0 0 0 11 34 7 23 30 25 18 42 44 31 11 14 24 84 79 89 55 1 0 0 0 0 13 25 0 11 32 6 42 30 39 35 55 42 47 0 8 12 37 44 33 0 35 36 69 22 57 57 61 59 68 65 39 73 59 35 17 30 23 12 23 8 6 18 41 77 32 56 51 63 35 56 91 32 37 70 77 65 61 60 73 26 1 28 67 32 0 0 0
0 55 29 0 14 30 25 36 27 44 38 14 25 75 37 62 15 8 33 19 0 0 2 0 0 0 0 0 5 91 61 49 15 0 23 1 33 42 6 50 14 38 46 41 45 46 46 39 4 2 4 24 27 45 41 25 44 82 41 48 75 70 66 61 33 4 4 29 0 19 38 36 74 41 46 28 31 52 55 69 68 75 60 88 62 96 50 14 0 18 45 11 26 36 49 33
0 11 8 0 0 0 0 7 13 11 29 1 24 36 44 56 2 0 1 0 0 30 67 0 0 14 32 0 0 36 37 61 19 10 20 6 5 0 16 31 20 68 57 28 96 89 78 25 1 39 28 15 5 7 30 51 51 40 46 66 75 55 79 64 5 36 22 4 0 28 65 48 56 25 36 33 23 53 53 61 87 51 77 69 74 58 35 4 3 58 34 7 65 49 19 11
0 0 27 11 1 72 5 6 20 30 46 22 6 13 60 73 42 61 49 4 6 88 38 0 1 14 20 24 12 0 14 22 11 0 6 21 39 8 7 3 13 11 0 21 44 66 33 1 29 35 58 68 38 3 14 70 31 58 62 57 40 69 62 29 10 16 22 35 21 59 73 32 58 0 38 61 52 87 85 75 90 98 81 67 87 41 3 25 53 97 61 69 81 16 9 16
1 20 6 64 63 78 11 61 15 36 12 0 5 53 60 71 98 64 35 9 36 35 9 27 59 40 17 20 16 35 60 23 28 37 0 3 36 48 5 0 11 13 26 21 31 47 25 0 39 80 55 74 54 51 17 15 26 57 65 71 56 55 31 5 4 51 20 76 59 72 60 23 17 30 44 65 37 84 64 74 79 100 94 67 90 43 19 0 18 85 47 51 36 3 13 77
0 6 0 33 53 6 0 12 6 42 5 8 27 83 98 66 41 60 30 1 54 13 18 44 73 40 29 4 0 22 24 4 11 7 31 0 19 2 0 0 42 12 7 6 62 24 47 20 27 29 27 64 49 65 63 57 78 65 48 54 39 47 9 12 42 40 62 56 49 61 41 0 0 7 26 74 63 68 80 89 61 68 83 98 58 50 15 17 4 1 26 75 50 12 7 43
49 28 0 0 0 7 44 54 30 22 69 11 6 43 87 0 0 6 34 16 39 5 26 61 73 60 23 28 2 0 20 22 8 29 0 5 18 6 28 0 0 27 43 57 0 18 23 15 39 28 41 25 56 59 55 52 73 61 32 41 50 19 5 56 54 63 33 48 7 48 54 9 2 4 7 44 40 27 94 90 22 40 38 19 3 0 0 9 0 18 9 69 28 44 80 59
21 13 0 0 0 75 16 13 3 9 31 26 1 16 8 29 37 31 26 6 20 22 31 30 18 4 44 28 45 0 0 49 8 32 23 0 7 65 91 14 0 0 14 27 16 21 45 54 38 64 11 42 56 29 40 34 35 47 82 60 34 37 28 46 68 14 28 54 32 2 26 2 0 8 17 27 55 62 43 54 17 16 2 0 4 0 10 44 0 0 34 40 40 11 39 82
31 22 14 0 0 42 15 43 1 19 7 15 34 17 22 0 3 27 27 47 9 47 14 56 33 72 30 2 44 0 33 45 48 7 11 27 18 34 17 0 7 40 29 48 32 41 24 43 53 48 57 39 74 28 27 52 39 57 65 13 36 60 54 69 82 45 21 38 35 26 58 56 30 46 2 29 78 59 66 45 6 25 26 64 23 0 7 15 8 9 70 36 39 3 38 78
25 0 2 43 0 2 37 13 4 21 18 8 0 9 37 12 2 39 30 0 15 0 17 13 19 3 10 0 29 23 42 50 71 0 0 0 7 0 0 0 12 3 62 62 81 66 55 15 27 47 78 35 14 41 73 62 37 53 54 16 21 26 67 32 36 35 15 35 23 49 84 57 67 27 37 37 24 62 100 74 26 35 24 8 0 0 0 0 32 67 32 9 1 0 54 80
0 27 41 17 0 0 0 3 0 10 2 0 15 28 7 13 1 28 60 53 30 0 0 22 2 0 0 9 22 31 47 6 61 1 0 8 23 50 0 0 40 52 93 81 60 44 39 57 30 32 33 43 11 70 80 53 65 43 43 52 24 57 68 28 50 34 61 74 36 19 52 58 61 78 57 80 10 73 45 20 45 85 4 0 0 1 14 48 84 64 21 31 9 18 79 26
47 36 25 6 0 0 20 8 24 2 0 9 7 3 0 1 8 52 24 35 69 13 10 30 18 0 1 8 18 19 49 3 21 24 2 16 7 33 14 42 91 86 77 59 7 37 42 35 55 41 53 27 33 41 54 71 47 66 39 34 46 90 100 70 65 38 6 35 43 2 56 69 71 42 72 89 97 100 59 23 4 34 0 6 34 60 84 75 83 55 40 73 29 21 87 61
43 30 4 0 10 0 43 10 1 0 0 6 33 33 8 50 89 14 6 16 62 35 46 7 7 41 67 31 15 15 46 30 40 24 0 21 68 54 22 97 44 38 24 13 33 73 68 46 35 46 75 28 64 42 54 45 43 56 56 9 74 74 95 51 28 4 0 6 40 22 58 68 90 23 40 69 78 91 64 33 0 0 19 63 65 85 63 52 36 62 45 46 8 66 92 76
0 0 0 27 13 0 0 0 0 31 43 10 8 14 34 31 61 23 7 62 57 6 8 10 33 17 2 28 12 0 4 21 2 24 0 5 48 65 17 46 54 33 0 10 56 25 64 68 31 37 30 1 73 23 32 45 63 25 21 42 46 54 64 38 0 0 17 6 29 65 27 72 67 28 84 98 27 47 5 57 8 0 72 83 45 79 43 0 67 14 40 21 0 1 13 97
11 6 22 13 0 16 1 0 0 17 28 0 0 0 30 53 30 5 55 52 67 56 19 39 30 50 90 27 21 0 0 6 0 14 4 46 75 13 3 25 34 32 62 84 3 40 80 61 35 52 52 7 17 43 34 6 23 4 64 56 26 62 46 2 0 11 24 38 32 48 61 31 6 46 85 31 56 97 56 50 23 53 100 98 24 2 0 24 73 29 37 9 0 0 7 89
1 52 3 5 16 25 12 0 0 0 49 34 0 0 0 15 53 0 1 9 0 6 54 6 2 0 2 22 5 26 3 0 20 0 15 31 10 4 1 49 77 41 36 44 32 15 46 17 25 9 47 61 70 62 41 43 2 3 20 43 15 27 23 11 0 4 25 24 53 8 33 47 0 20 5 0 34 49 88 81 20 96 100 97 45 40 0 57 81 39 21 0 0 0 26 65
0 0 0 0 4 2 0 0 3 10 33 40 16 14 0 51 15 0 10 1 0 17 51 12 0 0 0 0 0 28 0 0 21 0 27 20 2 11 16 66 31 32 2 0 46 41 54 57 28 17 63 100 77 95 92 94 57 45 8 21 25 8 22 71 3 1 9 35 26 61 69 12 2 49 52 42 0 29 88 63 36 60 94 54 80 67 21 0 23 62 44 3 0 0 0 16
62 12 0 0 7 36 34 30 15 11 8 45 38 0 0 89 65 0 22 1 0 21 26 37 80 48 3 0 0 0 6 1 19 5 31 41 50 72 74 74 63 51 56 36 0 0 5 40 66 92 80 59 49 82 43 35 35 59 70 58 31 17 42 71 37 64 55 79 60 32 30 8 21 0 3 1 0 1 52 57 13 43 70 22 68 77 5 6 53 51 50 0 0 0 0 0
23 15 2 22 59 2 21 6 21 3 2 19 17 0 7 90 49 0 0 0 0 5 36 22 64 100 56 1 0 0 4 0 9 55 9 25 53 26 44 43 12 0 6 12 39 53 49 19 51 54 49 43 20 40 58 50 52 31 41 4 9 25 29 56 54 39 36 1 15 1 0 0 18 0 0 0 0 10 80 40 1 31 66 42 67 18 0 0 54 70 18 0 0 0 0 0
21 73 42 45 33 0 16 4 30 31 17 5 5 13 48 38 20 25 32 34 9 26 21 64 64 56 53 52 32 8 25 0 0 11 23 0 36 39 27 28 9 45 38 44 39 25 59 82 52 55 45 17 30 53 25 30 13 0 2 1 2 7 53 66 82 48 4 2 0 0 0 0 0 0 7 0 4 72 66 13 40 96 68 31 71 0 0 0 33 16 0 0 0 0 0 0
27 50 27 2 21 18 0 2 18 0 1 13 0 15 55 11 13 22 23 0 3 22 9 40 91 59 95 98 46 8 0 0 10 0 0 0 0 20 6 0 0 60 40 36 5 40 23 74 42 50 58 40 26 36 43 32 56 13 33 13 6 61 99 64 58 1 0 0 0 0 3 1 9 44 73 35 4 27 100 69 77 57 4 2 5 0 0 0 0 0 0 0 5 43 11 0
39 44 35 62 35 34 8 0 0 0 0 21 0 14 47 11 8 5 13 45 76 91 97 100 100 94 100 100 20 11 0 0 16 15 0 0 0 35 3 0 35 46 5 3 36 39 51 57 77 70 68 50 9 27 5 5 56 47 70 50 45 36 23 76 46 0 3 33 39 54 85 76 90 41 69 87 66 56 68 86 56 71 51 5 0 0 0 0 0 0 0 0 53 87 6 0
81 0 3 0 1 22 41 7 5 20 10 21 21 0 24 1 0 41 56 77 76 48 58 71 91 86 70 98 85 67 0 10 17 32 3 21 19 3 0 0 51 65 29 23 62 76 89 45 93 88 44 25 26 16 0 24 56 54 75 34 31 26 64 74 4 12 80 100 97 58 45 72 72 45 61 67 83 83 51 99 65 31 58 50 54 9 0 0 0 0 0 0 6 3 0 0
31 4 12 35 2 1 14 25 47 31 25 58 19 0 13 35 47 91 43 52 68 53 74 75 50 58 65 84 90 53 41 17 0 0 0 0 11 7 0 0 28 81 23 42 66 56 72 62 81 35 37 15 9 0 9 46 89 88 81 24 30 9 11 7 40 84 72 16 8 0 0 7 15 32 25 13 24 43 58 59 87 67 39 2 41 73 5 0 0 0 6 13 0 0 3 8
39 39 15 31 0 0 0 21 10 50 24 4 0 0 31 58 89 58 57 25 11 29 86 96 60 61 76 69 100 99 28 0 0 0 0 33 35 1 0 0 0 26 70 54 42 3 11 13 32 32 2 14 18 5 21 67 88 41 42 57 22 4 0 34 89 34 4 0 0 0 1 0 9 32 67 65 44 47 39 4 6 72 98 38 65 68 10 0 12 31 33 3 2 23 26 24
53 0 0 40 4 0 43 46 36 47 30 4 8 0 33 59 37 10 27 13 15 19 34 32 95 57 52 78 90 98 16 2 0 0 0 4 56 33 0 0 0 0 23 75 37 0 45 22 17 33 16 19 26 4 38 67 18 27 23 53 50 17 34 91 19 0 0 0 11 60 84 63 67 62 61 68 72 83 79 83 21 4 24 84 32 85 22 4 70 83 62 92 91 57 83 53
