data/habitatmaps/RS_maps/habitat_Prunella.collaris_2009.asc
NCOLS 369 
NROWS 228 
XLLCORNER 479000 
YLLCORNER 73000 
CELLSIZE 1000 
NODATA_value -9 
[rows 138 to 206 of 228, columns 192 to 287 of 369]
47 31 4 26 6 82 90 95 23 0 14 55 68 88 45 38 58 77 91 100 56 16 18 51 11 76 46 55 46 24 88 96 98 32 44 100 81 90 97 100 100 100 65 31 98 100 93 23 3 84 100 98 68 44 76 84 87 43 36 40 2 0 0 2 12 14 56 19 2 26 62 100 100 100 80 27 43 16 18 0 0 0 9 43 45 8 92 25 31 25 6 0 0 0 0 2
36 22 60 38 32 52 80 89 0 0 38 84 81 58 18 58 81 83 90 100 79 2 21 53 50 99 44 83 70 88 92 100 27 39 86 100 98 86 40 74 100 100 50 0 88 50 81 30 0 55 96 100 100 81 86 100 100 68 50 16 15 42 2 1 16 38 50 16 48 74 100 100 100 100 89 7 0 2 67 0 0 0 16 68 72 50 54 20 48 56 28 0 0 0 0 0
46 60 90 52 85 83 25 11 2 8 63 36 99 79 40 84 26 90 100 88 2 8 15 35 90 74 96 98 80 100 75 63 36 78 100 100 100 100 100 100 100 76 6 24 54 32 11 12 31 49 88 100 100 100 100 100 52 49 28 29 40 6 26 14 39 47 31 74 44 36 59 88 100 100 100 52 3 44 71 7 6 0 14 24 28 26 46 66 92 45 0 0 0 0 0 0
90 33 100 86 40 3 20 21 28 14 35 86 66 47 32 92 72 69 86 84 54 4 53 90 70 82 100 100 100 96 31 3 14 84 100 100 100 87 81 90 66 28 20 0 0 0 0 2 0 43 100 94 100 100 99 62 1 36 25 16 54 19 34 78 22 62 100 57 66 78 46 33 46 96 63 5 0 0 6 26 6 0 0 34 39 28 89 100 63 3 0 0 9 68 10 0
63 36 56 42 13 48 20 32 14 18 46 100 80 28 16 19 76 75 94 100 85 62 68 20 98 97 100 100 98 100 92 14 2 25 80 100 100 87 30 29 5 0 7 0 0 12 0 15 14 96 100 62 35 61 59 4 50 21 34 68 100 90 70 41 70 86 38 57 6 24 11 42 36 34 3 0 0 7 0 12 6 0 0 0 60 100 96 88 6 0 0 10 65 40 4 0
72 44 2 34 43 73 41 6 16 11 72 64 8 45 38 82 55 9 40 89 41 14 8 12 83 67 26 52 43 50 34 24 28 0 56 71 80 54 24 8 0 0 0 5 0 17 36 82 89 96 90 50 69 50 59 75 44 76 64 76 35 46 68 45 60 8 0 0 16 2 0 0 0 0 0 10 45 62 52 86 48 0 0 26 8 35 66 40 2 16 8 66 93 20 22 0
36 23 64 76 94 12 1 17 83 14 41 82 99 100 94 56 19 10 38 4 6 2 16 14 1 10 9 62 82 62 18 54 37 1 5 21 21 17 34 14 0 0 8 20 32 33 12 98 100 100 98 38 93 100 98 91 74 100 100 60 78 98 18 7 0 0 17 46 4 11 19 3 18 7 44 60 99 82 89 72 87 12 22 78 65 53 52 4 40 52 44 62 100 85 29 0
0 31 99 58 80 82 58 57 90 86 76 100 100 100 66 8 0 0 0 0 32 0 0 0 0 6 21 8 0 0 64 96 60 16 11 12 16 20 0 0 0 10 18 24 31 31 31 56 95 70 96 91 86 66 98 83 73 100 100 86 91 87 0 14 0 0 2 4 32 22 8 38 42 33 44 100 100 78 97 100 68 10 50 100 66 78 84 26 74 53 42 84 100 87 10 0
0 4 0 70 84 88 67 78 27 72 100 100 100 48 21 19 17 0 0 0 18 15 0 2 0 14 38 30 0 0 0 4 18 36 6 17 5 0 7 0 0 19 30 14 2 48 46 19 86 58 98 100 92 80 64 57 76 97 44 54 78 32 40 13 9 14 22 10 63 81 8 4 26 58 73 100 100 94 100 100 26 2 15 64 75 97 100 32 76 14 71 100 95 15 0 0
1 36 20 52 23 74 82 66 33 91 84 29 22 0 0 0 3 0 0 0 2 18 18 18 5 0 0 26 33 60 67 62 61 64 60 48 18 11 36 10 10 4 0 0 0 4 56 64 32 49 100 98 99 50 41 32 39 98 94 76 53 28 44 42 65 24 7 11 16 31 34 6 55 32 15 74 90 80 97 100 18 14 4 8 6 16 67 97 77 72 100 98 31 1 1 0
32 9 34 34 73 100 100 75 94 93 21 22 16 0 0 0 2 6 13 8 2 10 8 0 0 0 0 1 6 23 48 84 100 88 100 98 68 38 66 44 48 18 0 0 0 0 18 48 22 54 96 52 72 44 62 86 98 90 88 12 22 40 64 37 32 36 83 55 16 22 70 84 100 64 28 100 100 44 77 100 26 66 94 28 2 10 24 49 66 96 100 87 39 46 51 60
8 20 35 59 96 100 100 84 91 62 18 22 1 1 8 4 30 66 76 69 18 0 0 0 0 0 0 0 0 16 26 22 36 0 52 58 78 84 90 82 82 43 0 0 2 0 6 42 21 48 93 24 43 90 88 100 87 74 38 49 38 11 48 0 75 97 88 45 72 50 100 100 99 91 32 100 100 100 83 47 33 100 96 19 22 24 56 86 100 100 64 52 49 88 44 92
54 80 96 100 100 100 94 90 53 13 4 1 14 26 42 70 89 92 57 69 46 31 3 14 0 0 0 0 0 0 0 0 0 0 0 1 5 42 30 52 20 0 16 28 4 0 0 16 26 69 100 54 45 100 98 100 73 44 77 100 100 86 76 8 82 17 17 94 16 64 100 81 52 32 0 11 69 100 48 6 18 100 81 17 29 0 5 23 91 100 100 100 100 82 44 100
18 93 90 90 88 88 90 89 11 25 19 24 63 50 34 93 52 18 5 3 60 76 52 68 38 30 38 12 0 0 0 0 0 0 0 0 0 0 47 3 0 0 2 3 0 0 2 32 58 96 100 98 78 51 32 69 78 69 76 100 100 52 48 2 5 77 97 98 42 80 100 74 51 40 65 38 20 88 88 32 78 100 88 16 24 0 0 0 0 60 100 100 100 90 94 97
46 49 100 91 100 86 68 14 28 66 60 50 100 45 49 52 38 54 38 8 21 29 82 100 98 92 72 32 2 0 0 0 0 0 0 0 0 0 12 2 1 17 0 0 0 0 26 84 98 95 63 71 98 52 68 22 44 59 94 100 92 57 79 47 13 99 100 100 76 99 71 100 69 29 20 26 0 14 64 82 100 100 74 6 40 0 11 34 1 5 53 85 100 100 100 100
30 10 95 36 9 18 4 6 34 66 90 64 100 100 100 82 91 100 100 70 22 12 7 43 88 100 85 44 42 0 0 0 0 0 0 0 0 0 0 0 0 0 0 0 0 0 42 100 100 84 8 11 54 86 54 74 89 99 69 100 100 61 72 51 4 69 100 100 100 77 54 81 59 1 0 0 0 27 93 100 96 72 28 13 60 0 26 88 62 54 3 18 94 100 100 100
8 44 90 45 14 52 76 72 85 100 96 100 100 100 100 100 100 100 100 100 52 16 1 14 36 39 75 96 90 24 14 0 0 0 0 2 0 0 0 40 53 4 0 0 0 0 31 54 100 97 84 2 1 14 38 51 100 80 27 100 89 42 46 0 0 56 99 100 85 64 78 57 14 0 0 0 0 9 54 100 98 70 22 23 40 0 40 86 68 79 75 4 8 40 83 90
50 94 98 100 94 66 42 30 64 88 64 88 80 98 100 100 100 96 100 100 100 76 12 0 2 40 94 100 79 15 13 0 0 0 4 16 0 0 0 28 98 48 1 0 0 0 0 0 47 99 77 4 1 26 72 100 97 40 82 100 93 36 27 0 0 44 99 100 91 91 3 3 0 0 0 0 0 1 74 99 92 50 26 42 49 23 32 57 79 70 80 49 64 41 19 100
68 90 100 89 52 28 38 89 88 93 91 13 22 89 100 25 66 29 45 100 24 45 22 0 22 90 100 80 24 0 6 10 3 10 4 14 0 0 0 1 72 69 0 0 0 0 0 4 9 26 9 0 0 4 46 100 87 44 80 94 84 55 34 0 0 30 74 100 68 28 0 0 0 0 0 0 0 2 14 66 86 39 6 64 87 58 36 82 97 90 16 28 82 60 32 84
50 13 68 66 33 0 44 90 100 100 82 37 24 92 100 26 23 8 14 87 28 8 1 0 12 97 100 90 99 55 76 85 79 53 13 14 0 0 0 0 5 29 0 0 0 0 0 10 12 0 0 0 4 38 61 84 77 42 59 41 56 88 72 1 0 0 3 74 79 100 45 2 2 1 0 0 0 0 33 60 76 36 20 68 100 64 72 20 85 84 13 30 82 73 37 60
53 19 8 28 8 28 54 98 84 100 100 86 44 62 95 14 0 0 2 40 24 0 0 0 14 98 97 96 90 100 100 100 100 28 4 7 2 0 0 0 0 0 10 0 0 0 0 0 2 0 0 0 0 8 23 32 82 35 25 11 66 100 77 20 0 0 0 8 25 37 91 47 63 32 0 0 0 0 63 100 100 61 10 68 100 82 54 63 40 95 0 22 91 100 81 95
88 93 2 35 33 24 69 65 84 19 82 50 8 24 10 82 76 6 1 15 22 1 0 5 38 76 17 48 84 100 67 76 28 0 6 35 12 0 0 0 0 0 21 20 0 0 0 0 0 0 0 2 8 44 68 86 84 76 41 20 75 100 92 82 22 0 0 0 12 8 76 69 18 3 0 0 0 0 14 52 74 76 30 50 96 92 77 65 41 92 0 26 93 100 100 100
91 64 77 49 60 50 90 86 8 78 79 27 10 0 54 96 90 60 4 3 0 0 0 30 88 42 14 34 76 99 56 12 5 0 25 17 0 0 0 0 0 0 0 16 1 0 0 0 0 0 23 45 34 13 52 97 100 74 6 10 50 67 62 92 12 13 7 0 23 40 96 62 53 63 7 0 0 0 9 48 68 93 68 53 86 100 75 28 48 93 19 30 100 100 95 65
84 80 60 73 11 38 96 100 85 34 44 44 12 0 3 24 96 84 34 26 0 0 0 0 10 9 2 8 92 100 99 74 52 39 51 32 22 0 0 0 0 0 0 0 0 0 0 0 0 0 7 10 78 84 84 100 84 29 0 6 6 50 77 93 17 2 2 0 28 53 100 100 74 8 0 0 0 22 98 100 100 100 98 68 96 100 48 22 35 64 88 85 100 100 76 40
87 98 68 26 0 54 80 86 100 62 98 66 28 0 0 36 100 90 82 40 0 0 0 0 0 0 26 85 99 47 38 41 56 48 100 66 21 19 7 0 0 0 0 0 0 0 0 0 0 0 0 0 2 34 84 97 49 22 0 26 80 97 100 98 42 7 0 0 8 49 100 100 100 74 7 0 0 2 52 84 100 100 96 96 100 98 89 99 100 86 100 100 100 96 92 69
57 92 92 28 0 4 38 96 94 100 100 52 20 0 0 46 66 99 90 88 30 0 0 5 16 0 22 76 93 30 10 4 0 7 67 93 81 59 39 2 0 0 0 0 0 0 0 0 0 0 1 0 0 0 0 22 41 22 0 20 62 100 100 76 4 0 0 0 14 88 100 100 91 100 60 23 45 27 11 24 60 100 100 97 86 98 100 100 100 100 100 100 100 95 82 62
68 60 52 8 0 1 39 94 100 86 84 68 0 0 0 0 0 25 13 84 32 0 0 0 37 7 28 98 99 96 76 64 26 4 10 96 61 46 39 1 0 0 0 0 0 0 0 0 0 8 34 4 2 16 52 94 40 10 0 2 38 91 91 20 0 0 0 0 14 86 100 100 81 63 78 40 18 7 0 14 42 80 82 60 48 75 98 76 63 94 59 28 23 8 0 23
92 99 76 14 0 0 15 83 98 78 4 21 0 0 0 0 0 0 30 18 0 0 0 2 44 94 68 83 16 1 15 39 0 0 14 82 90 94 49 13 0 0 0 0 0 0 0 0 0 36 86 14 1 26 82 83 68 16 0 1 16 70 68 36 1 0 0 0 4 20 92 100 98 26 14 20 0 0 0 58 68 38 18 20 18 46 40 22 14 33 12 24 5 0 0 0
62 100 100 48 0 0 32 94 100 98 24 0 0 22 34 7 0 0 10 17 0 4 18 36 90 100 100 95 20 0 0 0 0 0 41 83 87 92 52 58 14 0 0 0 0 0 0 0 0 20 77 50 60 94 100 100 75 15 0 2 46 79 29 10 0 0 0 0 0 0 52 100 87 2 0 0 0 0 0 0 0 0 0 21 9 29 4 10 0 0 0 20 0 0 0 0
49 80 75 35 0 0 42 100 100 100 82 49 76 94 40 28 10 0 0 0 0 0 7 16 58 95 81 98 48 8 0 0 0 0 2 20 44 85 94 8 0 0 0 0 0 0 0 0 0 40 68 76 80 94 100 65 12 0 0 0 52 66 44 2 0 0 0 0 0 48 22 92 100 31 11 0 0 0 0 0 0 0 0 0 0 1 0 0 0 0 6 17 0 0 0 6
24 26 17 2 0 0 55 92 100 92 98 96 94 43 96 75 32 0 0 0 0 0 5 45 64 73 39 100 89 90 26 24 0 0 1 11 38 78 40 3 0 0 18 27 0 0 0 0 0 4 4 0 20 86 100 82 14 0 0 0 0 48 10 0 0 0 0 0 48 23 73 78 100 96 72 0 0 0 0 0 0 0 0 0 0 0 0 0 0 0 0 0 7 2 17 80
29 0 0 0 0 0 22 78 58 22 14 18 3 0 36 81 2 0 0 0 0 0 33 96 100 72 24 50 46 88 94 61 2 0 0 34 88 57 41 34 32 43 51 8 0 0 0 0 0 0 0 12 54 99 100 97 28 0 0 0 55 84 47 0 0 0 0 0 0 23 98 100 96 24 13 0 0 0 0 0 0 0 0 0 0 0 0 0 0 0 2 39 41 10 40 70
55 0 0 25 21 42 47 36 0 0 25 22 0 0 0 2 0 0 0 0 8 32 88 80 100 74 17 3 0 8 72 71 0 0 0 27 51 70 42 46 55 67 28 3 3 0 0 0 0 0 0 2 5 77 100 92 13 0 0 24 98 96 26 0 4 0 0 0 0 6 66 91 66 8 0 0 0 0 0 0 0 0 0 0 0 0 11 43 24 28 69 100 92 74 76 98
4 0 0 20 86 78 36 0 2 32 54 2 0 0 0 0 0 0 0 0 0 0 13 33 42 92 56 31 0 0 6 18 0 0 0 28 78 10 40 79 61 68 95 64 33 0 0 0 0 0 0 2 57 88 96 42 2 0 0 18 74 26 3 0 12 0 0 0 6 42 70 78 10 1 0 0 0 0 0 0 0 0 0 4 62 20 43 100 100 100 100 100 100 68 65 65
0 0 0 19 78 97 74 22 37 0 26 0 0 0 0 0 0 0 0 0 0 0 0 14 2 37 24 39 42 10 0 0 0 0 7 65 62 19 74 54 28 66 38 12 0 6 10 0 0 0 0 29 98 97 76 14 0 0 0 0 6 1 0 4 17 4 20 6 62 84 100 52 2 0 0 0 0 0 0 0 0 0 0 8 84 84 93 100 100 99 71 68 100 100 100 100
0 0 26 92 95 91 84 28 6 0 0 0 0 0 4 0 0 0 0 0 0 0 0 0 0 0 4 16 76 49 34 0 0 10 36 97 32 1 66 5 33 97 18 0 0 0 0 0 0 0 0 3 34 59 28 6 0 0 0 0 8 6 0 0 2 50 62 26 53 97 84 66 9 0 0 0 0 0 0 0 0 0 4 38 83 74 86 94 88 79 4 80 100 100 86 96
0 24 80 69 42 46 5 0 0 14 6 0 0 0 25 34 42 23 0 0 0 0 0 0 0 0 16 6 0 72 77 7 0 16 34 59 58 4 31 2 72 100 64 20 0 0 0 0 0 0 0 0 0 43 26 0 0 0 0 0 22 2 0 0 16 74 97 56 97 86 0 0 0 0 0 0 0 0 0 0 0 0 0 30 54 0 12 12 17 16 3 93 90 60 52 96
0 2 58 61 7 0 0 0 0 0 60 72 43 31 34 38 57 2 0 0 0 0 0 0 0 0 0 0 0 36 80 19 0 0 5 52 34 0 0 10 50 68 86 24 2 0 0 0 0 0 0 0 2 38 37 0 0 0 3 0 4 0 0 0 0 0 42 92 100 8 0 0 18 10 0 0 0 0 0 0 0 0 36 9 0 9 43 27 0 0 14 94 92 56 66 100
0 0 60 42 0 1 24 36 12 33 88 100 100 88 98 31 21 32 15 4 22 1 0 0 0 0 0 0 0 0 2 90 28 0 0 14 20 0 0 0 2 80 87 48 10 0 0 0 0 0 0 0 0 6 5 0 0 6 32 0 0 0 0 0 0 0 9 68 88 0 0 12 15 20 6 9 0 0 0 0 0 0 2 0 10 43 32 23 37 27 48 100 76 58 34 80
0 4 91 58 65 55 52 96 92 69 72 88 44 63 48 43 21 5 2 22 56 60 3 0 0 0 0 0 0 0 2 31 64 24 4 0 0 0 0 8 31 36 58 100 8 2 0 0 0 0 0 0 0 0 0 0 0 0 0 0 0 0 0 6 36 18 1 50 63 50 84 46 39 80 62 5 0 0 0 0 0 0 0 0 23 54 27 58 78 100 100 100 66 33 14 0
0 17 74 64 83 85 98 98 83 50 17 22 4 0 19 8 22 10 8 22 0 5 0 0 0 0 0 0 0 0 10 23 32 88 77 19 18 0 0 11 72 92 90 83 29 58 3 0 0 0 0 0 0 0 0 0 0 0 0 0 0 0 0 0 4 68 58 32 68 95 97 98 98 99 100 94 45 7 0 0 0 0 0 0 0 48 2 47 26 66 100 100 100 88 54 56
0 0 27 34 20 73 93 85 100 51 47 26 0 0 2 1 4 0 10 3 0 0 3 16 0 0 0 0 0 0 0 1 6 28 78 39 46 0 0 34 58 65 90 68 84 66 42 57 0 0 0 0 0 0 0 0 0 0 0 0 0 0 0 0 2 84 100 88 96 92 76 60 80 100 100 100 100 49 0 0 0 -9 0 0 0 24 1 0 33 99 92 62 94 100 100 98
0 17 35 16 14 91 70 20 88 80 44 28 10 0 19 8 0 0 0 0 0 0 22 21 7 0 0 0 0 0 0 0 0 31 34 1 0 0 0 0 6 43 45 49 99 94 82 34 0 0 0 0 0 0 0 0 0 0 0 0 0 0 0 2 25 65 92 100 94 96 38 3 10 63 96 33 88 89 10 0 31 -9 -9 0 0 2 0 0 16 68 71 64 86 86 90 100
0 1 0 0 5 12 2 16 55 80 3 2 26 24 12 2 0 0 0 0 0 0 8 32 11 0 0 0 0 0 0 0 8 38 46 40 13 0 0 0 0 5 0 29 58 49 27 4 0 0 0 0 0 0 0 0 0 0 0 0 0 0 0 27 69 100 100 80 49 96 59 75 29 28 36 0 52 46 0 4 -9 -9 -9 -9 -9 0 0 12 26 50 43 55 90 58 12 31
32 0 0 3 17 0 0 28 34 8 0 0 0 0 0 0 0 0 0 0 3 24 10 0 0 0 0 0 0 0 0 0 0 32 18 24 28 2 0 0 0 0 0 8 0 14 0 0 0 0 0 0 0 0 0 0 0 0 0 0 0 0 0 8 16 64 94 27 29 100 37 13 6 0 12 0 3 0 0 0 -9 -9 -9 -9 -9 -9 0 0 0 4 24 50 100 99 46 51
15 0 0 17 78 18 0 0 0 0 0 1 0 0 0 0 0 0 0 0 3 8 0 0 0 11 29 7 0 0 0 0 0 4 9 0 0 0 0 0 0 0 0 0 0 0 0 0 0 0 0 0 0 0 0 0 0 0 0 2 0 0 0 5 32 0 0 0 65 40 18 16 16 0 0 0 0 0 0 9 -9 -9 -9 -9 -9 -9 -9 -9 -9 -9 65 96 100 100 93 30
9 0 0 5 50 78 62 50 10 20 40 2 0 0 0 0 0 0 0 0 0 0 0 0 0 0 8 26 0 0 0 0 0 0 0 0 0 0 0 0 0 0 0 0 0 0 0 0 0 0 0 0 0 0 0 0 0 0 1 40 18 2 4 6 56 73 34 0 9 40 10 0 0 0 0 0 0 0 0 0 -9 -9 -9 -9 -9 -9 -9 -9 -9 -9 -9 -9 -9 -9 -9 1
0 0 0 0 65 74 39 52 6 28 30 0 0 0 0 0 2 2 0 0 6 0 0 0 0 0 0 0 0 0 0 0 0 0 0 0 0 0 0 0 0 0 0 0 0 0 0 0 0 0 0 0 0 0 0 0 0 3 12 54 47 41 60 56 84 59 7 0 0 33 8 0 0 0 0 0 0 0 0 -9 -9 -9 -9 -9 -9 -9 -9 -9 -9 -9 -9 -9 -9 -9 -9 -9
0 0 0 2 74 50 0 0 0 24 12 28 30 2 8 10 22 56 51 29 30 0 0 0 0 0 0 0 0 0 0 0 0 0 0 0 0 0 0 0 0 0 0 0 0 0 0 0 0 0 0 0 0 0 0 0 0 0 0 17 42 84 63 52 10 1 0 0 0 26 0 0 0 0 0 0 0 0 -9 -9 -9 -9 -9 -9 -9 -9 -9 -9 -9 -9 -9 -9 -9 -9 -9 -9
0 0 0 0 0 0 0 0 0 0 12 5 21 26 8 1 5 18 30 15 6 0 0 0 0 0 0 0 0 0 0 0 0 0 0 0 0 0 0 0 0 0 0 0 0 0 0 0 0 0 0 0 0 0 0 0 0 0 0 26 32 57 0 0 0 0 0 0 0 0 0 0 0 0 0 0 0 0 -9 -9 -9 -9 -9 -9 -9 -9 -9 -9 -9 -9 -9 -9 -9 -9 -9 -9
0 0 0 14 24 8 0 0 0 0 0 0 0 4 2 0 0 0 0 0 0 0 0 0 0 0 0 0 0 0 0 0 0 0 0 0 0 0 0 0 0 0 0 0 0 0 0 0 0 0 0 0 0 0 0 0 21 58 9 64 32 0 0 0 0 0 0 0 0 0 0 0 0 0 0 0 0 -9 -9 -9 -9 -9 -9 -9 -9 -9 -9 -9 -9 -9 -9 -9 -9 -9 -9 -9
0 0 0 18 44 5 0 0 0 0 0 0 0 0 0 0 0 0 0 0 0 0 0 0 0 0 0 0 0 0 0 0 0 0 0 0 0 0 0 0 0 0 0 0 0 0 0 0 0 0 0 0 0 19 10 0 18 96 64 34 0 0 0 0 0 0 0 0 0 0 0 0 0 0 0 0 -9 -9 -9 -9 -9 -9 -9 -9 -9 -9 -9 -9 -9 -9 -9 -9 -9 -9 -9 -9
-9 -9 0 0 0 0 0 0 0 0 0 0 0 0 0 0 0 0 2 14 0 0 16 18 14 20 2 0 0 0 0 0 0 0 0 0 0 0 0 0 0 0 0 0 0 0 0 0 0 0 0 0 12 33 72 54 54 95 50 44 45 10 10 0 0 0 0 0 0 0 0 0 0 0 0 0 -9 -9 -9 -9 -9 -9 -9 -9 -9 -9 -9 -9 -9 -9 -9 -9 -9 -9 -9 -9
-9 -9 -9 0 0 0 0 0 0 0 0 0 0 0 0 0 0 0 0 25 35 36 34 30 28 14 2 0 0 0 0 0 0 0 0 0 0 0 0 0 0 0 0 0 0 0 0 0 0 0 0 0 10 5 16 51 66 17 33 34 47 26 4 1 8 3 0 0 0 0 0 0 0 0 0 0 -9 -9 -9 -9 -9 -9 -9 -9 -9 -9 -9 -9 -9 -9 -9 -9 -9 -9 -9 -9
-9 -9 -9 -9 0 0 0 0 0 0 0 0 0 0 0 0 0 6 17 50 54 27 23 18 16 0 0 0 0 0 0 0 0 0 0 0 1 0 0 23 23 14 0 0 0 0 0 0 0 22 6 5 0 8 28 24 14 14 0 0 4 10 27 42 38 45 3 9 0 0 0 0 0 0 0 -9 -9 -9 -9 -9 -9 -9 -9 -9 -9 -9 -9 -9 -9 -9 -9 -9 -9 -9 -9 -9
-9 -9 -9 -9 -9 0 0 0 0 0 0 0 0 0 0 0 4 64 78 34 2 2 33 1 13 0 0 0 0 0 0 0 0 0 0 6 39 14 4 32 24 16 7 6 0 0 0 0 9 23 20 16 0 0 18 13 26 0 0 59 64 0 0 4 30 84 50 54 0 0 0 0 0 0 -9 -9 -9 -9 -9 -9 -9 -9 -9 -9 -9 -9 -9 -9 -9 -9 -9 -9 -9 -9 -9 -9
-9 -9 -9 -9 -9 -9 10 10 0 0 0 0 0 6 3 0 0 0 0 2 13 0 16 33 5 0 0 0 0 0 0 0 0 0 2 6 24 17 10 36 13 23 5 2 0 0 0 0 6 2 8 18 0 0 26 5 0 0 0 16 4 0 0 20 34 45 66 3 0 0 0 0 0 0 -9 -9 -9 -9 -9 -9 -9 -9 -9 -9 -9 -9 -9 -9 -9 -9 -9 -9 -9 -9 -9 -9
-9 -9 -9 -9 -9 -9 -9 24 0 0 0 0 0 6 0 0 0 0 0 14 8 0 14 7 7 0 0 0 0 0 0 0 0 10 26 2 0 0 16 22 8 0 0 0 0 0 0 0 0 0 5 3 0 0 10 2 0 0 0 0 0 0 0 2 24 0 0 0 0 0 0 0 0 -9 -9 -9 -9 -9 -9 -9 -9 -9 -9 -9 -9 -9 -9 -9 -9 -9 -9 -9 -9 -9 -9 -9
-9 -9 -9 -9 -9 -9 -9 2 0 8 18 0 0 0 0 0 0 10 0 5 2 0 6 0 0 0 0 0 0 0 0 0 0 0 0 0 0 0 30 23 10 0 0 0 0 0 0 0 0 0 0 0 0 0 0 0 0 0 0 0 0 0 0 0 0 0 0 0 0 0 0 -9 -9 -9 -9 -9 -9 -9 -9 -9 -9 -9 -9 -9 -9 -9 -9 -9 -9 -9 -9 -9 -9 -9 -9 -9
-9 -9 -9 -9 -9 -9 -9 -9 4 42 26 36 0 0 1 0 0 8 0 23 17 0 0 0 0 0 0 0 0 0 0 0 5 0 0 0 0 0 26 10 11 0 0 0 0 0 0 0 0 0 0 0 0 0 1 14 0 0 0 0 0 0 0 0 0 0 0 0 0 0 -9 -9 -9 -9 -9 -9 -9 -9 -9 -9 -9 -9 -9 -9 -9 -9 -9 -9 -9 -9 -9 -9 -9 -9 -9 -9
-9 -9 -9 -9 -9 -9 -9 -9 -9 8 64 68 74 56 51 52 0 0 0 0 0 0 0 0 0 0 0 0 0 0 0 31 8 0 0 0 0 0 12 6 0 0 0 0 0 0 0 0 0 0 0 0 0 0 15 42 22 10 7 16 5 0 0 0 0 30 8 0 0 -9 -9 -9 -9 -9 -9 -9 -9 -9 -9 -9 -9 -9 -9 -9 -9 -9 -9 -9 -9 -9 -9 -9 -9 -9 -9 -9
-9 -9 -9 -9 -9 -9 -9 -9 -9 51 46 11 7 44 49 17 7 0 0 0 0 0 0 0 0 0 0 0 0 0 0 0 0 0 0 0 0 0 13 0 0 0 0 0 0 0 0 0 0 0 0 0 0 8 29 63 7 2 5 0 5 0 0 0 0 8 5 0 -9 -9 -9 -9 -9 -9 -9 -9 -9 -9 -9 -9 -9 -9 -9 -9 -9 -9 -9 -9 -9 -9 -9 -9 -9 -9 -9 -9
-9 -9 -9 -9 -9 -9 -9 -9 -9 -9 46 0 23 62 79 61 55 0 0 0 0 0 0 0 0 0 0 0 0 0 0 0 0 0 0 0 2 4 2 0 0 0 0 0 0 0 0 0 0 0 0 0 0 13 1 8 0 0 0 0 0 0 0 0 0 0 0 0 -9 -9 -9 -9 -9 -9 -9 -9 -9 -9 -9 -9 -9 -9 -9 -9 -9 -9 -9 -9 -9 -9 -9 -9 -9 -9 -9 -9
-9 -9 -9 -9 -9 -9 -9 -9 -9 -9 -9 0 52 15 7 23 0 0 0 0 0 0 0 0 0 0 0 0 0 0 0 0 0 0 0 0 6 33 3 0 0 0 0 0 0 0 0 0 0 0 0 0 0 0 0 0 28 0 0 0 0 0 0 0 0 0 0 0 -9 -9 -9 -9 -9 -9 -9 -9 -9 -9 -9 -9 -9 -9 -9 -9 -9 -9 -9 -9 -9 -9 -9 -9 -9 -9 -9 -9
-9 -9 -9 -9 -9 -9 -9 -9 -9 -9 -9 -9 -9 27 39 76 0 0 0 0 0 0 0 0 0 0 0 0 0 0 0 0 0 0 0 0 0 7 0 0 0 0 0 0 0 0 0 0 0 0 0 0 0 0 0 0 0 0 0 0 0 0 0 0 0 0 0 -9 -9 -9 -9 -9 -9 -9 -9 -9 -9 -9 -9 -9 -9 -9 -9 -9 -9 -9 -9 -9 -9 -9 -9 -9 -9 -9 -9 -9
-9 -9 -9 -9 -9 -9 -9 -9 -9 -9 -9 -9 -9 -9 44 6 0 0 0 0 0 0 0 0 0 0 0 0 0 0 0 0 0 0 0 0 0 0 0 0 0 0 0 0 0 0 0 0 0 0 0 0 0 0 0 0 0 0 0 0 0 0 0 0 0 0 0 -9 -9 -9 -9 -9 -9 -9 -9 -9 -9 -9 -9 -9 -9 -9 -9 -9 -9 -9 -9 -9 -9 -9 -9 -9 -9 -9 -9 -9
-9 -9 -9 -9 -9 -9 -9 -9 -9 -9 -9 -9 -9 -9 -9 -9 -9 0 0 0 0 0 0 0 0 0 0 0 0 0 0 0 0 0 0 0 0 0 0 0 0 0 0 0 0 0 0 0 0 0 0 0 0 0 0 0 0 0 0 0 0 0 0 0 0 0 -9 -9 -9 -9 -9 -9 -9 -9 -9 -9 -9 -9 -9 -9 -9 -9 -9 -9 -9 -9 -9 -9 -9 -9 -9 -9 -9 -9 -9 -9
-9 -9 -9 -9 -9 -9 -9 -9 -9 -9 -9 -9 -9 -9 -9 -9 -9 -9 -9 0 0 0 0 0 0 0 0 0 0 0 0 0 0 0 0 0 0 0 0 0 0 0 0 0 0 0 0 0 0 0 0 0 0 0 0 0 0 0 0 0 0 0 0 0 0 -9 -9 -9 -9 -9 -9 -9 -9 -9 -9 -9 -9 -9 -9 -9 -9 -9 -9 -9 -9 -9 -9 -9 -9 -9 -9 -9 -9 -9 -9 -9
-9 -9 -9 -9 -9 -9 -9 -9 -9 -9 -9 -9 -9 -9 -9 -9 -9 -9 -9 -9 -9 0 0 0 0 0 0 0 0 0 0 0 0 0 0 0 0 0 0 0 0 0 0 0 0 0 0 0 0 0 0 0 0 0 0 0 0 0 0 0 0 0 0 0 0 -9 -9 -9 -9 -9 -9 -9 -9 -9 -9 -9 -9 -9 -9 -9 -9 -9 -9 -9 -9 -9 -9 -9 -9 -9 -9 -9 -9 -9 -9 -9
