data/habitatmaps/RS_maps/habitat_Regulus.regulus_2010.asc
NCOLS 369 
NROWS 228 
XLLCORNER 479000 
YLLCORNER 73000 
CELLSIZE 1000 
NODATA_value -9 
[rows 63 to 125 of 228, columns 192 to 287 of 369]
4 4 5 29 7 0 26 23 34 46 84 36 19 63 27 0 0 0 0 0 6 5 36 62 23 1 0 17 38 1 0 0 33 7 0 0 1 27 21 17 0 11 35 34 41 18 27 55 66 43 15 10 53 32 30 26 36 22 29 53 57 75 44 78 65 28 43 60 63 65 22 44 42 20 1 14 0 7 41 30 29 55 55 31 27 5 0 25 62 34 85 40 0 0 0 50
0 2 0 45 2 1 36 42 47 34 33 57 66 81 78 0 0 0 0 1 2 15 16 12 29 36 0 7 10 14 29 12 6 1 3 8 32 25 46 56 17 2 11 21 33 43 51 45 16 18 22 29 20 16 39 1 28 27 34 38 60 64 35 72 69 59 63 74 80 76 61 41 0 0 0 0 0 0 0 5 37 26 19 56 39 12 1 22 4 54 80 48 1 0 1 96
0 0 0 15 17 0 50 61 12 24 24 67 100 93 99 27 0 0 0 0 0 0 0 5 55 50 20 2 21 15 10 3 20 0 66 21 1 41 83 55 32 61 18 39 10 27 5 24 16 20 4 46 78 48 56 48 3 21 44 15 0 38 49 59 39 55 74 63 78 100 41 8 0 0 0 0 0 0 0 29 0 0 9 0 13 8 7 6 0 0 16 26 22 29 60 46
0 0 0 0 0 0 10 55 20 8 18 50 100 100 94 33 12 0 1 0 0 0 0 0 0 16 39 41 43 3 8 16 0 0 66 7 3 14 48 37 25 34 32 15 19 12 25 0 13 16 83 100 95 62 68 60 16 8 18 24 0 7 31 42 16 8 52 58 49 39 12 0 0 0 0 0 0 0 0 1 9 0 0 0 76 46 15 0 0 24 42 28 20 31 72 10
0 0 5 47 8 31 0 3 3 8 34 4 33 80 100 32 41 23 20 0 0 0 0 0 0 0 17 11 0 0 14 3 0 0 33 31 29 22 22 39 11 0 0 26 16 50 30 18 6 5 91 99 70 60 81 32 37 37 44 19 0 0 0 17 16 58 37 42 60 4 0 0 0 0 0 0 0 0 0 41 82 13 0 0 19 3 6 21 45 62 45 4 25 93 58 34
14 0 35 51 70 9 13 16 24 12 44 28 5 17 62 62 0 30 21 27 0 0 0 0 0 0 0 0 0 6 14 0 0 0 4 3 58 62 6 36 40 38 21 36 46 70 20 20 3 0 28 72 84 79 48 48 71 34 59 15 0 0 20 32 35 49 21 0 14 0 0 19 17 0 0 0 0 0 30 81 62 4 0 0 0 7 34 38 21 5 0 12 26 11 23 0
7 5 1 0 7 25 25 36 0 14 36 0 0 5 25 76 8 11 12 0 0 0 0 0 0 0 0 0 0 0 0 0 0 0 0 0 0 0 4 30 25 23 1 0 0 0 0 0 0 8 4 24 65 37 27 35 83 51 59 38 29 1 1 2 51 28 7 12 5 9 45 67 69 15 44 26 0 48 64 55 3 0 0 0 3 8 6 8 0 0 11 56 54 39 22 7
5 9 0 8 17 15 3 21 29 6 26 12 18 8 0 52 1 6 29 0 0 0 0 9 0 0 0 0 0 0 0 0 0 0 0 0 0 0 0 0 0 6 34 54 39 0 0 0 0 5 11 46 44 55 60 55 64 83 60 62 61 23 7 38 32 21 9 17 45 52 24 26 9 45 50 39 3 31 23 27 0 0 0 0 1 1 0 0 4 38 63 94 82 55 57 72
56 12 20 28 1 2 0 0 59 67 19 11 55 45 26 41 21 3 1 0 0 0 0 30 0 0 0 0 0 0 0 0 0 0 0 0 0 0 0 30 65 57 43 14 0 0 0 0 4 1 20 33 73 96 97 50 53 56 38 59 85 82 28 24 13 58 73 55 11 0 0 15 11 5 8 22 35 16 81 7 0 0 0 6 18 0 0 0 23 100 96 95 92 85 61 24
33 13 26 50 19 2 14 0 2 22 1 0 41 81 7 22 21 42 2 0 0 0 0 0 0 0 5 19 5 7 0 0 3 0 0 0 0 0 0 4 16 0 0 0 0 0 0 0 8 1 18 21 54 86 76 39 8 26 15 49 50 17 1 0 5 7 48 17 2 23 25 11 0 43 93 94 76 46 9 29 0 0 0 38 12 0 0 4 73 100 77 72 86 76 61 74
14 6 19 56 2 0 17 0 0 0 0 0 42 85 13 26 1 6 20 0 0 0 0 0 0 0 0 0 23 30 18 47 15 0 0 0 0 0 0 0 0 0 0 0 0 0 0 13 6 2 10 17 58 80 70 49 0 0 20 63 87 45 70 44 16 33 21 33 52 36 45 17 16 16 19 41 54 10 0 2 1 0 0 27 0 0 0 54 68 99 61 81 75 92 98 65
44 8 16 59 9 0 0 0 0 0 0 0 1 58 13 0 21 0 33 11 3 0 0 0 0 0 0 10 10 42 39 42 9 16 0 0 16 0 0 0 0 0 0 0 0 0 0 20 13 0 0 10 66 80 42 1 0 0 44 90 91 94 76 67 61 48 39 28 10 1 41 18 35 62 90 40 30 8 31 53 0 0 0 12 11 0 12 94 92 74 22 66 99 69 73 71
34 9 16 8 0 0 0 0 0 0 0 0 0 48 0 0 0 0 29 43 4 10 29 49 58 7 5 4 37 70 48 48 42 60 22 26 35 32 16 8 1 6 19 38 14 0 0 1 3 0 0 19 92 76 6 12 27 0 4 33 33 36 55 74 76 12 0 0 0 0 2 0 0 3 62 85 77 86 76 53 64 60 34 0 11 0 20 97 99 65 69 73 99 93 27 60
16 38 19 0 14 1 0 0 0 0 0 30 0 41 6 0 0 0 2 41 62 76 63 70 94 80 60 50 35 22 28 29 56 92 52 61 36 55 24 24 83 58 72 65 65 20 29 3 0 0 0 13 99 38 16 52 25 38 9 64 31 22 66 61 57 0 0 0 0 0 0 0 0 2 10 71 52 27 41 96 67 47 69 0 24 6 56 100 60 95 100 100 79 70 30 91
42 0 22 12 14 0 0 0 0 0 15 31 9 39 15 12 41 43 77 93 85 100 100 100 100 81 46 26 0 5 20 67 99 73 46 65 61 64 28 24 34 78 70 55 65 98 88 73 26 0 0 34 94 46 31 67 61 8 11 12 34 61 21 5 4 27 9 2 20 58 31 15 0 0 2 31 8 0 11 49 64 77 65 30 2 3 17 88 60 52 70 100 71 56 30 40
19 0 10 0 0 0 0 0 0 0 56 40 55 58 47 70 43 47 48 82 88 55 98 66 41 3 2 27 10 0 3 33 98 52 41 95 67 27 20 60 69 46 80 38 27 98 90 93 83 5 1 36 63 27 16 81 22 8 34 37 11 22 0 3 2 69 66 23 13 15 58 95 35 12 0 0 0 0 1 68 88 11 76 45 0 31 0 45 67 87 92 84 65 67 33 9
32 0 9 0 0 21 23 0 0 22 97 62 82 45 2 0 20 1 19 8 36 39 50 28 25 22 45 16 0 0 0 10 59 76 100 57 85 45 19 65 78 88 70 26 10 60 46 42 68 27 8 6 28 6 8 2 3 7 18 38 37 43 48 58 47 13 9 10 10 13 8 55 97 61 1 13 2 0 0 58 37 20 49 6 0 14 0 7 50 62 84 80 36 47 19 38
2 8 5 0 29 10 6 0 4 89 50 15 80 44 0 0 0 0 0 29 30 93 30 0 24 31 20 1 0 0 0 0 23 58 44 54 95 74 6 15 4 40 97 54 38 44 29 34 45 29 13 0 0 0 7 61 37 23 3 0 0 0 4 10 25 0 1 1 0 12 11 0 30 91 14 60 18 0 0 17 18 70 51 64 0 19 10 0 7 48 51 67 63 59 11 59
1 5 70 46 29 0 0 0 15 80 33 17 92 50 10 5 31 15 0 19 14 25 0 4 35 61 20 4 53 25 0 0 38 22 31 37 42 52 33 28 12 63 98 57 10 19 29 21 48 54 64 16 0 37 74 76 33 68 42 32 5 0 0 0 0 0 30 79 43 62 60 13 0 63 95 75 30 11 0 0 20 65 93 66 6 5 23 16 40 80 47 77 70 65 0 48
0 0 21 32 0 0 49 70 2 13 50 5 34 99 48 45 100 99 25 0 44 30 1 58 61 86 22 24 41 0 0 0 68 51 57 72 17 40 42 68 30 44 38 58 13 13 42 42 54 38 76 41 16 39 64 79 64 96 46 67 42 55 66 60 7 62 23 84 83 34 23 43 7 30 94 90 33 1 0 0 2 77 45 11 22 35 22 5 78 98 77 72 68 53 45 61
14 58 14 16 17 0 9 6 0 0 32 31 13 97 90 100 95 65 49 0 80 50 6 78 38 38 11 30 20 16 12 8 47 26 51 73 65 42 69 82 17 8 47 0 0 25 55 48 31 46 95 34 16 74 57 51 24 61 15 72 41 92 77 92 82 58 89 82 23 36 6 0 6 0 33 93 74 20 2 20 82 82 20 0 0 14 26 8 96 99 37 62 34 0 2 73
39 40 4 12 0 0 0 0 0 0 7 63 73 83 100 100 91 80 44 14 38 8 11 87 97 41 39 32 76 65 71 8 5 16 65 55 68 64 79 90 45 6 59 2 0 28 84 54 64 77 81 6 4 88 67 19 0 16 6 34 18 93 100 89 73 45 59 56 37 29 3 41 40 50 3 29 98 70 48 22 90 59 18 3 0 6 4 54 99 81 18 59 38 0 23 59
25 0 4 0 0 0 11 3 0 0 1 6 25 65 60 46 49 24 11 13 37 30 48 45 99 40 26 25 35 39 84 85 11 15 57 54 65 95 49 95 17 28 41 4 2 42 80 50 32 70 51 1 55 99 57 49 4 22 0 11 2 41 99 78 54 0 0 0 43 70 66 46 36 25 48 20 30 86 80 4 13 19 17 0 0 0 52 89 63 35 1 37 32 0 2 0
0 0 44 46 0 0 19 56 61 15 1 0 12 43 22 57 19 36 0 3 27 62 67 94 44 73 22 61 87 66 40 42 93 19 2 33 13 87 76 14 71 40 78 14 0 25 85 24 9 4 3 30 14 88 59 21 4 14 0 0 0 27 75 97 14 0 0 5 44 80 92 77 33 35 55 45 18 19 92 58 6 7 15 0 0 0 52 29 37 48 0 0 0 0 0 0
6 58 59 0 0 0 71 11 75 64 8 0 0 20 75 16 11 52 2 21 12 43 53 82 28 93 32 92 100 92 68 94 59 0 57 58 38 68 4 0 26 64 20 0 0 65 48 0 0 0 3 6 35 76 39 53 0 0 0 10 61 15 34 52 6 0 10 59 78 54 100 41 33 29 70 51 86 69 22 8 57 7 1 19 17 22 20 94 97 34 0 0 0 0 0 0
76 35 10 0 0 8 36 63 35 38 49 5 0 7 89 7 0 8 5 17 72 56 14 64 55 58 71 100 76 100 51 52 20 22 63 35 55 85 24 1 41 43 2 0 0 6 0 0 1 5 24 6 29 73 23 3 0 0 0 0 0 2 26 29 0 0 0 37 52 82 79 1 0 40 45 53 81 87 71 34 0 0 0 11 60 70 80 70 94 10 0 0 0 0 0 0
28 0 0 0 0 46 66 19 10 18 73 46 25 0 57 20 16 2 0 8 32 27 9 59 64 67 95 82 83 83 71 9 42 8 48 0 16 69 5 0 1 0 0 0 0 0 1 28 31 59 80 22 15 39 86 0 0 0 0 0 0 0 22 7 0 0 0 12 44 73 31 0 38 70 60 36 72 74 96 12 0 0 0 0 10 52 82 75 79 51 36 2 0 37 15 27
0 0 0 0 0 66 62 41 48 39 68 87 27 14 20 1 0 0 0 3 5 22 59 64 33 37 100 49 28 68 21 0 10 38 26 0 14 33 0 0 0 7 35 55 46 57 81 26 53 91 83 73 23 1 66 69 38 0 0 0 0 0 0 0 0 0 0 0 45 73 0 0 0 0 0 70 83 96 45 38 13 0 0 0 0 17 12 70 57 95 86 32 0 11 22 79
0 0 0 0 0 34 26 89 63 52 11 71 87 67 61 12 0 25 7 14 0 0 54 75 38 70 92 56 71 72 11 18 56 57 6 0 40 14 0 34 47 60 23 43 47 48 25 65 85 51 63 35 60 13 17 71 34 0 0 0 0 0 0 0 0 0 0 0 4 12 0 0 0 2 28 53 77 84 51 94 30 21 0 20 0 12 25 45 71 68 56 59 6 0 0 7
0 0 0 0 0 7 0 20 51 81 39 13 33 52 61 73 18 54 72 10 0 0 21 74 62 32 31 18 60 81 51 51 40 59 46 0 0 0 16 83 67 70 78 78 71 85 61 17 0 0 0 0 0 7 14 100 36 0 0 0 0 0 0 0 0 0 0 0 0 0 0 0 0 3 64 24 94 51 39 45 65 49 72 82 61 15 6 0 0 21 88 74 60 0 0 22
0 0 0 0 0 0 0 0 12 69 50 54 29 45 78 58 66 52 15 0 0 0 0 40 43 44 35 51 77 48 30 63 36 68 24 0 0 0 40 22 0 17 84 7 0 4 0 0 0 0 0 16 2 0 28 97 94 64 6 3 36 63 25 0 0 0 0 0 0 0 0 2 31 50 28 48 46 0 0 30 77 70 63 77 62 49 1 17 0 3 45 87 89 18 33 9
0 0 0 0 0 0 26 0 25 79 71 34 25 79 65 35 19 13 0 0 0 14 72 82 59 77 18 12 36 18 9 32 13 0 0 0 0 1 0 0 0 0 33 42 0 0 0 0 0 0 0 63 22 2 27 65 56 67 82 74 87 42 0 0 0 0 0 0 0 0 3 55 45 8 52 68 67 0 0 0 1 18 48 77 19 51 60 21 3 0 11 69 69 45 35 27
35 77 64 52 46 35 8 1 9 16 20 3 42 64 25 0 0 0 16 8 0 75 77 19 38 39 4 57 40 50 3 0 0 1 19 2 57 47 0 0 0 0 2 27 0 0 0 0 0 0 4 17 2 33 77 99 73 32 59 74 94 12 0 0 0 20 0 0 6 14 15 52 78 60 56 29 1 0 0 0 0 0 0 80 29 52 83 71 22 0 0 4 78 26 31 35
32 11 19 0 4 4 0 0 0 0 0 0 7 7 0 7 48 6 17 12 61 89 88 70 54 31 7 32 3 19 23 47 92 51 39 45 60 7 0 0 0 0 0 0 0 0 0 0 0 19 0 0 44 86 97 73 19 74 58 13 69 37 5 0 0 12 0 0 43 67 67 69 12 0 26 0 0 0 0 0 0 6 21 62 26 90 4 85 87 35 0 0 38 76 98 79
44 30 1 0 0 0 0 0 0 0 0 0 0 13 20 55 55 1 16 67 26 17 9 31 36 80 68 16 0 6 0 34 91 64 73 92 32 4 0 0 0 0 0 0 0 0 0 2 45 45 1 20 90 60 74 44 0 0 56 49 33 36 46 29 36 25 0 17 40 41 16 25 0 0 0 0 0 0 0 0 0 21 69 23 42 96 17 37 61 18 0 19 30 79 47 69
9 1 0 0 0 0 2 1 1 0 12 54 79 95 89 47 61 0 11 68 0 0 0 31 30 38 45 89 37 43 17 69 100 97 68 63 27 2 0 0 0 0 0 0 0 0 0 2 66 88 11 77 100 60 51 13 0 0 11 15 22 17 58 57 37 7 0 0 9 0 0 0 0 0 0 0 0 0 0 0 0 35 77 54 38 86 52 44 33 44 1 0 21 68 51 86
0 0 0 17 31 44 67 59 50 67 37 38 24 55 53 26 39 0 9 82 55 9 0 0 0 0 33 54 52 50 58 100 73 67 55 30 17 5 0 0 0 0 0 0 0 0 8 50 22 57 24 100 77 40 24 5 0 0 7 47 34 56 56 12 0 0 0 0 0 0 0 0 0 0 0 0 0 0 0 0 0 6 8 49 60 86 53 77 28 15 0 0 59 39 68 46
0 0 8 71 97 96 37 49 54 68 30 83 49 33 34 57 27 0 2 70 61 57 37 22 21 9 0 17 16 2 44 10 32 92 67 79 66 2 0 0 0 0 0 0 0 0 10 14 23 20 78 99 59 40 34 0 0 0 11 20 20 81 17 0 0 0 0 0 0 0 0 0 0 0 0 0 0 0 0 0 0 0 0 48 88 44 54 46 19 22 0 1 73 87 84 58
48 7 14 67 35 31 64 46 65 78 62 58 36 1 73 42 6 0 37 100 85 77 57 91 63 30 0 0 0 0 10 0 0 19 68 88 22 0 0 0 0 0 0 0 0 9 12 69 26 57 98 57 39 12 0 0 0 0 0 12 18 66 2 7 3 0 0 0 0 0 1 26 38 17 21 9 0 0 0 0 0 0 10 72 78 9 28 31 14 6 27 14 91 69 65 56
89 25 20 18 14 34 78 42 17 6 98 57 15 0 66 50 0 0 65 84 25 16 22 2 0 0 0 0 0 8 48 0 0 0 33 32 0 0 0 0 0 0 0 0 0 2 59 46 31 98 54 15 0 0 0 0 0 0 0 41 34 50 62 88 52 0 0 0 0 9 26 28 25 63 80 33 0 0 0 0 25 21 55 100 41 23 84 45 65 4 27 49 97 44 52 54
38 3 47 46 69 40 35 0 0 0 24 5 16 18 58 73 47 0 37 90 56 17 0 0 0 0 0 0 0 0 6 0 0 0 4 49 22 0 0 0 0 0 0 0 0 0 0 27 82 100 39 0 0 0 0 0 0 1 13 17 12 26 72 59 0 0 0 0 0 0 0 0 0 0 7 1 0 17 62 61 77 43 86 74 11 5 40 38 80 33 14 62 56 67 65 44
47 5 22 84 70 45 7 0 0 0 12 48 32 45 12 18 65 0 0 83 98 84 26 10 0 0 0 0 0 0 0 0 0 0 0 23 25 0 0 0 0 0 0 0 51 45 34 55 58 39 4 0 0 0 0 0 0 11 11 7 17 59 25 0 0 0 0 0 0 0 0 0 0 0 0 0 0 0 10 41 75 81 56 1 0 1 61 97 99 26 1 47 83 97 38 69
53 31 37 64 61 21 0 0 0 15 67 31 73 68 51 58 9 0 0 66 61 59 82 9 0 0 0 0 0 0 0 0 0 0 0 5 0 0 0 0 0 0 10 31 26 31 63 34 87 0 27 0 0 0 0 0 5 25 15 8 0 2 4 0 0 0 0 0 0 0 0 0 0 0 0 0 0 0 2 39 61 48 0 0 0 10 93 100 60 6 1 53 92 64 15 54
49 19 26 46 33 0 0 0 2 46 84 76 24 13 53 85 69 0 0 50 87 55 81 63 16 11 45 0 0 0 0 0 0 0 0 0 0 0 0 0 24 28 13 0 0 33 49 79 52 0 2 0 0 0 0 0 14 8 5 0 0 0 0 0 0 0 0 0 0 0 0 0 0 0 0 0 0 1 34 77 81 71 0 0 0 37 99 99 24 48 72 97 95 84 25 13
7 46 57 22 87 36 0 0 0 0 45 81 1 27 59 34 87 25 0 4 33 58 61 46 20 35 45 15 38 0 0 0 0 0 0 0 0 0 14 45 45 18 0 0 13 68 39 62 5 0 0 0 0 0 0 0 0 0 0 0 0 0 0 0 0 0 0 0 0 0 0 0 0 0 0 0 0 21 68 59 94 43 0 0 0 40 99 61 2 79 100 99 71 0 0 0
8 22 53 12 65 33 0 0 0 16 50 8 0 9 0 0 65 80 26 1 1 18 41 45 55 34 13 4 6 0 0 0 0 0 0 0 0 0 29 1 0 0 0 0 0 47 91 5 0 0 0 0 0 0 0 0 0 0 0 0 0 0 0 0 0 0 0 0 0 0 0 0 0 0 0 0 0 67 66 87 31 0 2 13 46 31 39 15 1 52 100 71 13 0 0 0
2 38 77 73 56 22 0 0 0 3 26 0 0 0 0 12 86 99 41 0 0 8 57 82 80 60 66 41 12 0 8 16 38 8 0 0 0 0 0 0 0 0 0 0 2 72 44 0 0 0 0 0 0 0 0 0 0 0 0 0 0 0 0 0 0 0 5 10 4 0 0 0 5 3 0 0 13 50 82 88 28 10 19 36 60 8 4 0 0 58 100 54 2 2 9 0
80 75 18 2 0 0 0 0 0 0 0 0 0 0 0 43 71 72 67 0 4 42 73 50 87 47 68 69 11 19 41 61 81 69 27 0 0 0 0 0 0 0 0 0 0 5 0 0 0 0 0 0 0 0 0 0 0 0 0 0 0 0 0 0 0 0 90 55 36 61 28 43 92 44 12 8 17 84 78 76 42 73 97 55 25 0 0 0 30 100 74 16 31 29 33 22
74 65 2 0 0 0 0 0 0 0 0 0 0 0 0 0 1 87 70 27 26 87 79 39 39 15 0 0 0 5 74 11 6 0 0 0 0 0 0 0 0 0 0 0 0 0 0 0 0 0 0 0 0 0 0 0 0 0 0 0 0 0 0 0 32 46 98 71 42 6 30 29 97 80 41 32 33 94 69 73 77 64 27 2 10 38 52 91 60 91 72 49 59 41 31 45
100 89 11 0 0 0 0 0 0 0 0 0 0 0 0 0 6 61 68 51 39 59 55 33 17 0 0 0 0 21 40 0 0 0 0 0 0 0 0 0 0 0 0 0 0 0 0 0 0 0 0 0 0 0 0 0 0 0 0 0 0 0 0 0 4 77 30 55 68 6 46 79 45 14 59 37 39 62 59 31 2 0 0 23 59 99 100 62 71 64 83 91 100 88 81 94
55 19 8 20 26 0 0 0 0 0 0 0 0 0 0 0 0 6 63 79 23 73 0 0 0 0 0 0 3 91 33 0 0 0 0 0 0 0 0 0 0 0 0 0 0 0 0 0 0 0 0 0 0 0 0 17 52 1 0 0 25 0 0 2 8 76 61 55 67 75 99 96 75 45 50 75 80 49 42 78 44 41 66 95 100 100 81 56 38 86 90 62 48 74 90 75
87 29 39 56 57 1 0 0 0 0 0 0 0 0 0 0 0 1 53 95 14 93 42 0 0 0 0 0 0 52 13 0 0 0 0 0 0 0 0 0 0 0 0 0 0 0 0 0 0 0 0 0 0 2 6 32 80 20 0 5 73 4 18 61 43 50 56 47 97 100 92 84 71 65 76 100 62 19 40 100 94 80 74 65 92 64 40 33 28 82 87 70 71 40 59 75
36 2 5 10 59 5 0 0 0 0 0 0 0 0 0 3 51 27 69 95 52 62 99 51 3 0 0 0 0 0 0 0 0 0 0 0 0 0 0 0 0 0 0 0 0 0 0 0 0 0 0 0 0 13 25 65 40 65 0 22 100 40 87 89 44 6 11 64 91 98 83 93 87 47 99 100 84 44 16 98 89 78 52 18 21 0 17 41 64 43 46 15 53 51 99 69
38 59 58 68 17 39 42 5 0 0 0 0 0 0 0 0 0 29 45 31 68 88 23 73 91 4 0 0 0 0 0 0 0 0 0 0 0 0 0 0 0 0 0 0 0 0 0 0 0 0 0 0 0 3 38 79 15 59 32 63 100 40 61 99 41 2 63 51 67 84 96 90 57 51 60 83 96 62 76 66 34 27 15 4 0 0 7 83 44 28 33 0 0 7 35 8
16 13 19 30 56 65 55 24 6 0 0 0 0 0 0 0 0 0 0 0 1 87 73 42 99 21 0 0 0 0 0 0 0 0 0 0 0 0 0 0 0 0 0 0 0 0 0 0 0 0 0 4 27 8 3 35 31 41 41 80 61 60 65 69 52 79 14 13 18 19 45 50 28 28 34 88 77 68 79 70 96 93 20 20 38 1 0 0 25 27 42 10 0 0 0 0
0 0 0 0 0 10 52 14 10 0 0 0 0 0 0 0 0 0 0 0 0 33 87 27 99 34 0 0 0 0 10 11 2 0 0 0 0 0 0 0 0 0 0 0 0 0 0 0 0 0 0 12 61 30 0 27 23 19 58 67 57 29 51 27 29 29 8 48 65 79 60 61 19 46 80 97 97 63 96 88 100 97 33 58 94 12 0 18 88 53 18 44 0 0 0 0
0 0 0 0 0 0 0 0 0 0 0 0 0 0 0 0 0 0 0 0 1 48 86 33 93 83 33 0 0 21 81 50 2 0 0 0 0 0 0 0 0 0 0 0 0 0 0 0 0 6 32 15 65 15 41 60 29 17 37 47 47 37 15 9 32 9 8 76 45 61 92 78 68 14 75 99 100 87 65 92 73 72 66 85 91 55 0 3 30 61 73 42 0 0 0 0
0 0 0 0 0 0 0 0 0 0 0 0 0 0 0 0 0 0 0 15 48 91 95 56 44 85 64 39 71 40 54 9 0 0 0 0 0 0 0 0 0 0 0 0 0 0 7 17 24 45 70 77 44 5 56 80 60 60 70 53 52 64 89 46 23 16 79 40 35 30 27 57 72 0 56 80 100 61 53 96 61 56 11 58 78 61 13 0 0 12 21 19 17 0 0 0
0 0 0 0 0 0 0 0 0 0 0 0 0 0 0 0 0 0 2 58 84 81 50 81 55 68 80 76 61 11 0 0 0 0 0 0 0 0 0 0 29 0 0 0 7 39 71 87 75 32 34 7 21 35 64 66 93 46 16 5 48 42 34 17 24 51 22 83 78 10 0 0 4 0 5 81 100 62 32 32 73 69 1 82 96 72 32 0 0 26 12 44 39 0 0 0
0 0 0 0 0 0 0 0 0 0 0 0 0 0 0 0 0 0 0 53 51 82 89 42 0 11 74 76 0 0 0 0 0 0 0 0 0 0 0 0 42 4 6 45 66 79 76 12 4 4 33 71 63 56 41 23 4 1 13 0 0 0 13 53 93 91 49 60 69 31 0 0 0 29 37 100 99 29 15 22 32 40 10 37 77 95 39 0 0 45 30 84 20 0 0 0
0 3 0 0 0 0 0 0 0 0 0 38 18 0 0 0 0 0 5 22 26 95 37 2 0 1 26 28 0 0 0 0 0 0 0 0 0 0 0 11 72 64 96 72 31 13 6 56 56 69 100 80 87 20 65 42 63 1 0 0 0 0 16 21 64 80 30 80 57 14 0 0 0 76 80 93 49 0 14 10 40 29 28 17 99 76 18 0 0 25 24 60 50 0 0 0
42 83 7 0 0 0 0 0 0 0 0 0 8 0 0 0 0 0 49 75 53 57 0 0 0 0 0 0 0 0 0 0 0 0 0 0 0 0 3 66 100 87 27 4 1 38 74 53 45 85 87 91 64 67 97 74 39 0 0 8 6 0 0 15 88 28 78 39 9 0 0 0 24 82 85 50 0 0 37 7 22 8 35 8 83 47 50 2 0 0 21 27 66 0 0 0
28 33 48 5 0 0 0 0 0 0 0 0 0 22 13 8 32 6 93 33 73 13 0 0 0 0 0 0 0 0 0 0 0 0 0 0 0 62 94 97 68 50 56 45 29 94 84 34 76 78 47 2 0 92 31 14 29 0 0 10 10 0 2 44 43 57 57 82 0 0 0 0 29 48 97 46 0 0 38 44 22 12 37 1 64 98 76 35 24 17 46 64 24 0 0 0
