data/habitatmaps/RS_maps/habitat_Turdus.torquatus_2014.asc
NCOLS 369 
NROWS 228 
XLLCORNER 479000 
YLLCORNER 73000 
CELLSIZE 1000 
NODATA_value -9 
[rows 60 to 119 of 228, columns 192 to 287 of 369]
0 0 0 0 0 0 30 5 0 0 13 0 0 0 0 0 0 0 0 0 0 0 0 0 0 0 0 0 0 0 0 0 0 0 0 0 0 0 15 30 9 0 0 30 2 0 0 0 0 0 0 0 0 0 0 0 0 8 35 43 19 0 0 0 58 67 50 5 23 39 32 70 63 37 39 37 24 7 18 0 0 0 0 10 47 0 0 0 0 0 0 0 0 0 0 0
0 0 0 0 0 0 0 0 0 0 0 0 0 0 0 0 0 0 0 0 0 0 0 0 0 0 0 0 0 0 0 0 0 0 0 0 0 0 14 26 0 0 0 9 0 0 0 0 0 0 0 0 0 8 21 25 36 31 45 27 15 0 17 31 91 75 78 24 27 38 54 59 24 0 9 11 47 98 51 0 0 0 12 28 13 0 0 0 0 0 0 0 0 0 0 0
0 0 0 0 0 0 0 0 0 0 16 0 0 0 0 0 0 0 0 0 0 0 0 0 0 0 0 0 0 0 0 10 28 5 0 0 0 0 0 5 0 0 0 0 0 0 0 0 0 0 0 0 25 41 4 51 25 52 53 35 13 0 5 15 57 46 10 0 12 10 49 63 34 68 69 12 46 21 11 22 64 24 54 35 0 0 0 0 0 0 0 0 0 0 0 0
0 0 0 0 0 0 0 5 2 0 36 0 0 0 0 0 0 0 0 0 0 0 0 0 0 0 0 0 0 0 0 0 31 6 0 0 0 0 0 0 0 0 0 0 0 0 0 0 0 0 0 10 53 32 1 0 0 8 9 48 36 2 0 6 0 0 27 45 2 15 16 45 42 20 19 28 0 0 12 44 13 5 68 32 3 0 0 0 0 0 0 0 0 0 0 8
0 0 0 0 0 1 27 5 28 0 0 0 0 0 49 0 0 0 0 0 0 0 0 0 0 0 0 0 0 0 0 0 0 0 0 0 0 0 0 0 0 0 0 0 0 0 0 0 14 15 3 29 20 15 0 0 0 5 27 28 60 19 0 0 35 0 14 42 0 30 61 41 21 77 92 20 14 29 2 36 26 59 21 0 0 0 0 0 0 0 0 0 0 0 1 74
0 0 0 0 0 0 37 0 0 0 0 0 0 0 37 9 0 0 0 0 0 0 0 0 0 0 0 0 0 0 0 0 0 0 0 0 0 0 0 0 0 0 0 0 0 0 0 0 15 20 4 46 78 37 2 0 0 0 0 0 0 13 37 44 0 0 13 31 0 57 33 30 98 100 100 88 17 62 60 53 50 27 0 0 0 0 0 0 0 0 0 0 0 0 40 26
0 0 0 0 0 0 0 18 15 0 0 0 0 0 0 0 0 0 0 0 0 0 0 0 0 0 0 0 0 0 8 16 0 0 0 0 0 0 0 0 1 0 0 0 0 0 0 0 0 0 58 90 95 62 20 2 0 0 0 0 0 7 30 12 0 4 8 1 9 39 45 97 100 96 91 89 85 29 20 25 0 0 0 0 0 0 0 0 0 0 0 0 0 5 54 0
0 0 0 0 0 0 0 0 3 9 34 0 0 0 0 0 0 0 0 0 0 0 0 0 0 0 0 0 0 0 0 0 0 0 0 0 0 0 18 18 11 0 0 0 0 0 0 0 0 0 6 60 42 60 80 22 0 8 0 0 0 0 0 0 0 57 39 46 61 35 100 89 43 35 83 100 95 43 23 3 0 0 0 0 0 0 0 0 28 3 24 0 0 59 58 6
0 0 0 0 0 0 0 0 0 0 0 0 0 0 0 0 0 0 0 0 0 0 0 0 0 0 0 0 0 0 0 0 0 0 0 0 0 0 0 0 0 0 2 36 0 0 0 0 0 0 0 41 50 77 48 47 2 28 4 0 0 0 0 3 35 41 21 26 60 58 62 9 0 22 81 41 36 24 0 0 0 0 0 0 0 0 0 7 2 0 0 0 0 1 23 0
0 0 0 0 0 0 0 0 0 0 0 0 0 0 0 0 0 0 0 0 0 0 0 0 0 0 0 0 0 0 0 0 0 0 0 0 0 0 0 0 0 0 0 0 0 0 0 0 0 0 0 3 1 5 25 31 0 10 59 8 0 0 0 0 0 28 26 44 0 0 1 0 0 31 68 81 53 29 0 0 0 0 0 0 0 0 0 0 0 0 0 15 0 8 19 0
0 0 0 0 0 0 0 0 0 0 8 2 0 0 0 0 0 0 0 0 0 0 0 0 0 0 0 0 0 0 0 0 0 0 0 0 0 0 0 0 0 0 0 0 0 0 0 0 0 0 0 0 0 4 53 5 0 25 60 56 8 3 0 0 3 22 21 10 10 0 0 0 0 45 50 40 0 0 16 0 0 0 0 0 0 0 0 0 2 18 19 69 19 19 15 0
0 0 0 0 0 0 0 0 0 0 16 7 0 0 0 0 0 0 0 0 0 0 0 0 0 0 0 0 0 0 0 0 0 0 0 0 0 0 0 0 0 0 0 0 0 0 0 0 0 0 0 3 51 6 71 29 0 50 24 8 81 57 13 0 13 48 24 54 1 0 0 0 0 5 8 22 35 8 36 0 0 0 0 0 0 0 0 0 0 28 69 53 1 9 0 9
0 0 0 0 0 0 0 0 0 0 0 0 0 0 0 0 0 0 0 0 0 0 0 0 0 0 0 0 0 0 0 0 0 0 0 0 0 0 0 0 0 0 0 0 0 0 0 0 0 0 0 0 4 40 53 39 12 35 11 31 33 4 1 0 5 2 33 6 0 0 0 0 0 43 93 100 77 25 0 0 0 0 0 0 0 0 0 0 0 18 76 65 13 5 34 55
0 0 0 0 0 0 0 0 0 0 0 0 0 0 0 0 0 0 0 0 0 0 0 0 0 0 0 0 0 0 0 0 0 0 0 0 0 0 0 0 0 0 0 0 0 0 0 0 0 0 0 0 0 49 40 46 0 0 0 1 54 18 41 1 10 0 0 0 0 0 0 16 16 47 76 86 59 9 0 0 0 0 0 0 0 0 0 0 16 65 63 94 24 26 92 56
0 0 0 0 0 0 0 0 0 0 0 0 0 0 0 0 0 0 0 0 0 0 0 0 0 0 0 0 5 16 0 0 0 0 0 0 0 0 0 0 0 0 0 0 0 0 0 0 0 0 0 0 0 23 32 0 10 0 27 74 66 75 48 53 15 0 0 0 0 8 1 24 70 83 89 42 30 7 1 5 0 0 0 0 0 0 0 0 41 100 98 57 26 100 100 91
0 0 0 0 0 0 0 0 0 0 0 0 0 0 0 0 0 0 0 0 0 0 1 0 0 0 0 0 36 36 0 0 0 0 0 5 0 0 0 0 0 0 0 0 0 0 0 0 0 0 0 0 8 6 6 1 42 57 48 6 0 20 46 18 0 0 6 4 29 28 35 30 47 65 52 85 78 86 69 7 0 0 0 0 0 0 0 52 94 100 100 71 71 100 100 100
0 0 0 0 0 0 0 0 0 0 0 0 0 0 0 0 0 0 1 34 41 39 63 70 86 62 32 36 35 4 0 27 8 41 47 2 3 11 0 0 0 0 0 0 0 0 0 0 0 0 0 2 79 10 0 24 56 11 0 0 0 0 0 8 0 9 67 72 97 53 62 63 25 48 5 73 91 68 17 77 5 0 0 0 0 4 34 81 100 100 97 58 100 100 100 92
0 0 0 0 0 0 0 0 0 0 0 0 0 0 0 12 41 43 77 93 85 100 100 100 100 81 46 26 0 4 19 67 96 68 3 65 61 49 1 0 0 0 0 18 18 0 0 0 0 0 0 10 44 0 0 23 31 0 0 0 0 0 16 92 24 18 8 12 5 0 15 38 47 65 44 90 11 62 97 43 3 16 0 0 0 0 13 47 96 73 87 69 100 91 86 68
0 0 0 0 0 0 0 0 0 0 0 0 0 0 8 70 28 47 43 82 88 55 98 66 41 3 0 0 0 0 3 32 98 52 40 95 64 0 0 0 0 0 0 7 0 0 0 0 0 0 0 0 0 0 0 22 4 0 0 2 8 14 23 57 46 8 0 0 0 0 0 0 0 39 100 96 20 61 76 69 35 13 0 0 0 0 0 2 63 87 69 82 65 67 46 82
0 0 0 0 0 0 0 0 0 0 0 0 0 0 0 0 0 0 0 8 36 39 50 28 25 16 11 16 0 0 0 10 59 76 100 38 48 17 0 0 0 0 0 0 0 0 0 0 0 0 0 0 0 0 0 0 0 0 0 5 18 9 0 0 31 0 0 0 0 0 0 0 0 6 64 55 71 40 0 33 48 10 0 0 0 0 0 0 9 59 84 86 35 48 62 73
0 0 0 0 0 0 0 0 0 0 0 0 0 0 0 0 0 0 0 29 30 93 30 0 24 0 1 1 0 0 0 0 23 56 40 34 0 36 0 0 0 0 0 25 47 44 10 0 0 0 0 0 0 0 0 0 0 0 0 0 0 0 0 0 0 0 0 0 0 0 0 0 0 0 26 69 7 54 69 63 64 22 0 0 0 0 0 0 0 48 51 75 71 51 87 93
0 0 0 0 0 0 0 0 0 0 0 0 58 16 0 5 31 4 0 0 0 17 0 4 35 3 0 0 0 0 0 0 6 11 16 2 13 78 63 2 0 10 38 62 27 4 0 4 36 14 0 0 0 0 0 0 0 11 0 0 0 0 0 0 0 0 0 0 2 15 4 0 0 0 24 76 12 68 91 3 26 11 0 0 0 0 0 0 13 80 47 78 67 78 57 95
0 0 0 0 0 0 0 0 0 0 0 0 34 67 0 7 74 14 0 0 1 0 1 63 61 0 0 1 2 0 0 0 68 38 57 27 17 53 67 55 0 9 33 64 38 34 49 42 52 25 0 0 0 0 0 0 0 30 2 13 1 15 0 10 0 0 0 65 75 34 0 0 0 0 3 57 80 23 44 47 57 23 0 0 0 34 0 0 60 100 90 87 67 56 64 61
0 0 0 0 0 0 0 0 0 0 0 0 13 77 0 0 37 40 0 0 29 50 6 81 38 4 8 46 24 16 4 8 47 0 4 72 67 41 16 39 2 0 23 59 4 2 28 63 31 14 13 0 0 0 0 13 39 53 4 44 10 73 13 60 22 37 87 82 23 36 6 0 0 0 0 1 26 4 0 57 18 0 0 0 0 14 26 0 48 63 61 53 32 1 7 73
0 0 0 0 0 0 0 0 0 0 0 0 0 49 75 60 70 55 0 0 1 8 11 87 97 41 39 75 76 50 0 3 5 16 65 35 67 66 65 67 1 5 92 62 58 23 0 54 64 68 56 0 1 1 0 12 49 59 44 33 21 82 13 88 73 72 75 64 37 29 0 0 0 0 0 0 2 28 0 0 0 0 0 0 0 6 2 9 46 75 11 30 40 56 44 59
0 0 0 0 0 0 0 0 0 0 0 0 17 69 58 40 45 7 0 0 0 8 48 45 99 39 60 100 35 35 48 85 11 14 50 6 39 98 59 88 3 28 45 16 42 11 50 44 24 64 3 0 41 5 58 68 44 99 83 56 25 28 74 85 70 29 44 27 42 56 17 26 17 0 0 0 0 5 16 29 16 0 0 0 0 0 0 0 0 0 9 7 2 20 1 6
0 0 0 0 0 0 0 0 2 0 0 0 0 24 65 55 9 6 0 0 0 25 67 93 42 70 16 63 100 66 40 42 92 19 2 33 3 48 81 22 69 36 78 51 56 28 86 33 2 16 49 3 14 76 68 100 97 62 100 94 17 84 85 97 51 0 0 5 44 80 79 94 99 92 29 0 0 0 0 41 36 0 0 0 0 0 2 10 0 0 14 39 32 22 0 54
0 0 0 0 0 0 0 0 60 20 0 0 0 0 61 15 0 0 0 0 4 37 50 74 19 44 18 88 100 92 68 94 57 0 57 58 9 14 44 66 10 60 20 59 45 74 77 57 59 71 34 7 18 26 41 71 48 86 80 45 82 100 70 30 0 0 10 59 78 54 100 100 73 93 86 38 78 9 0 0 0 0 0 0 0 0 4 91 97 36 12 68 83 85 83 12
69 10 0 0 0 0 12 68 58 54 24 0 0 0 56 7 0 0 0 0 17 52 13 64 55 38 70 100 76 100 51 52 18 22 63 32 0 15 5 51 45 81 45 100 17 78 39 24 4 2 4 0 0 0 25 87 83 94 11 93 100 100 65 91 66 0 0 37 52 82 88 39 41 58 46 42 51 56 0 0 0 0 0 0 0 0 0 8 71 41 45 51 80 64 22 64
28 0 0 0 0 0 67 20 0 8 46 0 0 0 10 5 0 0 0 0 0 0 9 60 67 67 95 82 83 83 71 9 42 8 46 0 0 48 21 63 15 33 73 39 3 34 51 61 0 0 0 0 0 0 14 100 100 77 53 47 70 100 100 91 26 4 0 16 44 76 70 5 72 92 92 55 35 15 19 0 0 0 0 0 0 0 0 0 2 47 41 66 23 53 24 27
0 0 0 0 0 29 32 36 43 37 66 51 4 0 0 0 0 0 0 0 0 0 59 100 73 37 100 49 28 68 21 0 10 38 27 0 0 8 18 17 23 23 40 58 62 92 32 0 0 0 6 6 0 0 0 67 63 56 100 51 51 67 32 17 28 68 17 44 55 89 66 3 64 50 59 73 27 14 43 0 0 0 0 0 0 0 0 0 9 70 83 63 2 31 49 82
0 0 0 0 0 2 0 11 36 52 11 71 77 25 5 0 0 0 0 0 0 0 50 97 85 70 92 56 71 72 11 18 49 3 4 6 37 12 0 34 23 1 0 0 0 4 0 0 20 46 73 49 7 0 0 22 39 48 100 73 55 59 11 5 8 47 0 48 92 16 26 62 42 11 44 59 21 59 40 1 0 0 0 0 0 0 0 0 0 0 12 76 6 0 0 7
0 0 0 0 0 0 0 0 7 69 38 0 15 52 27 0 0 0 0 0 0 0 0 39 86 31 27 18 60 80 51 51 32 21 46 44 42 0 14 90 98 20 62 56 68 59 40 55 58 71 63 26 10 0 0 21 38 2 89 100 35 0 0 82 28 61 16 27 71 34 57 27 21 82 63 19 94 75 54 1 2 36 9 0 0 0 0 0 0 0 5 64 61 37 0 7
0 0 0 0 0 0 0 0 0 5 41 0 0 6 74 13 0 0 0 0 0 0 0 0 43 4 35 53 77 48 30 63 35 66 24 44 100 26 60 100 98 22 18 28 73 89 90 68 85 98 45 19 3 0 2 76 94 81 100 96 60 63 67 72 61 61 60 38 15 39 22 19 0 0 20 34 48 100 61 0 23 72 99 45 1 0 0 0 0 0 0 50 81 40 16 22
0 0 0 0 0 0 0 0 0 0 0 0 0 0 7 0 0 0 0 0 0 0 0 0 33 53 18 0 12 18 9 32 13 3 46 92 36 13 22 92 73 0 10 8 5 72 64 24 58 93 30 94 22 0 1 10 7 34 86 30 42 63 72 32 56 53 38 18 15 30 35 11 0 0 13 95 86 60 26 5 29 100 100 81 2 0 0 0 0 0 0 35 34 23 25 0
35 51 42 24 0 0 0 0 0 0 0 0 0 0 0 0 0 0 0 0 0 1 1 2 0 0 0 0 0 0 8 0 15 36 60 11 57 41 58 100 100 24 13 90 42 87 81 95 98 31 4 4 2 0 0 57 74 19 8 0 0 60 4 67 23 38 12 23 52 26 69 24 40 45 38 100 100 100 99 91 75 94 77 15 0 37 24 0 0 0 0 0 22 0 0 0
32 7 0 0 0 0 0 0 0 0 0 0 0 0 0 0 0 0 0 0 50 79 88 70 53 20 0 0 0 26 50 22 4 23 30 44 42 0 47 98 55 26 29 36 75 100 100 90 68 0 0 0 0 0 2 87 50 88 13 0 0 46 3 60 61 60 0 43 30 0 24 82 100 100 74 100 100 100 100 84 30 1 8 5 2 89 3 46 42 3 0 0 0 0 0 0
39 6 0 0 0 0 0 0 0 0 0 0 0 0 0 0 0 0 0 0 19 17 9 31 36 80 68 16 0 0 0 0 50 64 72 92 0 0 40 61 89 100 57 97 100 100 58 22 3 0 0 0 0 18 11 74 67 11 91 20 0 0 0 0 34 15 4 23 20 39 81 100 100 89 94 55 25 98 100 73 11 0 0 0 0 78 6 13 0 0 0 0 0 0 0 0
1 0 0 0 0 0 0 0 0 0 0 0 0 0 0 0 0 0 0 0 0 0 0 30 30 38 45 89 37 43 12 49 46 69 65 44 12 2 7 43 99 100 100 100 100 97 57 57 25 0 0 0 27 60 0 41 92 52 97 14 0 0 0 11 62 37 52 51 86 100 100 100 72 5 78 26 70 100 76 47 84 72 92 21 6 79 33 0 0 0 0 0 8 0 0 7
0 0 0 0 0 0 0 0 0 0 6 4 0 0 25 13 0 0 0 0 0 0 0 0 0 0 33 54 56 47 19 100 73 39 0 2 17 10 78 100 100 100 95 99 100 77 26 52 20 0 0 31 97 88 50 75 31 49 11 24 0 0 43 88 85 22 0 25 62 67 72 89 77 34 56 97 100 90 90 53 27 54 48 0 60 81 12 4 0 0 0 0 59 28 0 28
0 0 0 0 5 0 1 15 56 65 26 33 12 2 20 7 0 0 0 0 0 0 0 4 19 9 15 50 45 20 14 100 100 100 31 26 0 52 100 100 100 91 17 77 100 78 14 14 0 0 3 54 94 100 100 75 25 72 35 69 8 1 42 34 12 0 54 57 72 72 35 5 1 24 33 44 97 52 63 75 30 10 10 1 86 42 44 21 0 10 0 1 73 66 2 18
53 2 0 22 30 0 32 50 71 78 11 29 36 1 15 2 0 0 6 62 82 68 47 97 87 63 58 79 87 13 19 84 100 63 67 5 20 95 62 65 58 74 77 97 54 5 0 0 0 3 87 13 29 98 91 18 14 79 22 75 16 0 26 0 0 18 84 97 79 22 54 55 38 0 4 26 25 40 67 100 82 72 47 33 92 11 21 0 0 6 26 14 91 86 5 53
90 25 0 8 5 31 68 37 23 13 53 57 29 22 32 5 0 0 3 63 4 8 44 87 5 44 100 99 69 18 48 32 40 12 33 28 41 42 17 23 46 50 100 100 100 23 0 0 0 39 64 81 44 47 70 69 26 38 19 35 1 7 7 0 12 17 90 61 82 93 100 100 98 37 10 23 22 66 100 77 55 79 22 60 71 26 78 25 0 0 26 7 88 57 40 58
19 0 0 0 53 40 49 47 74 77 47 17 10 0 0 0 0 0 0 0 0 0 0 15 3 30 36 62 20 0 44 1 0 0 16 0 27 58 29 33 60 97 100 90 32 1 0 0 12 0 20 77 22 72 100 73 0 0 0 0 0 0 6 34 55 46 64 72 100 100 100 100 100 100 77 60 71 60 32 35 22 12 48 100 77 31 34 0 0 0 0 15 58 78 94 43
45 6 0 3 28 13 65 64 49 7 8 0 0 0 0 0 0 0 0 0 55 72 47 40 69 91 31 0 8 18 34 10 13 56 84 0 1 42 100 100 95 75 25 25 10 0 0 0 20 0 34 54 8 70 34 36 0 0 0 1 13 39 73 95 67 99 100 100 100 86 81 100 100 100 100 99 100 98 87 100 55 78 100 100 62 2 64 48 0 0 0 0 62 100 100 67
56 24 0 48 93 23 90 93 9 0 0 0 0 0 0 0 0 0 0 0 59 59 82 9 0 9 48 25 47 34 21 74 72 92 100 7 38 97 100 86 17 3 45 97 75 69 3 0 0 0 4 45 35 24 0 0 0 0 1 53 68 46 73 100 100 100 95 100 89 16 25 93 83 96 100 100 100 87 83 100 65 100 100 100 51 49 99 49 0 0 0 19 73 64 100 100
12 0 0 34 13 12 30 72 13 11 15 15 43 2 0 0 0 0 0 0 59 55 80 48 2 4 6 72 83 75 100 69 23 16 22 1 80 100 54 2 30 84 91 27 33 67 2 0 40 79 62 58 88 100 24 0 0 2 41 89 98 94 92 100 100 97 60 98 53 32 34 20 34 95 100 67 91 100 100 83 81 100 100 98 17 85 83 0 0 14 71 24 100 99 100 100
0 0 0 0 0 0 40 46 32 42 26 73 29 0 52 66 40 25 0 0 0 37 20 0 11 8 0 21 84 78 88 100 97 35 43 55 100 81 22 63 89 85 42 5 43 49 0 38 95 100 100 100 100 100 77 82 70 39 82 100 64 96 100 100 96 28 65 55 60 84 59 25 11 82 94 76 43 100 95 58 100 100 93 31 57 83 45 0 0 17 92 60 81 74 100 100
0 0 0 0 28 38 47 45 0 0 42 38 80 38 100 100 46 42 0 0 0 0 0 0 0 0 0 0 1 0 2 23 42 9 33 85 52 36 63 19 42 93 52 72 37 12 0 95 100 100 100 100 99 64 100 100 33 21 100 86 49 97 100 100 89 80 31 0 21 0 46 61 32 73 39 84 50 86 54 89 100 77 22 47 100 34 4 0 0 29 53 71 22 3 36 31
2 17 41 83 56 62 76 75 46 75 49 41 77 100 100 88 20 97 29 0 0 4 56 56 3 28 24 15 0 0 0 0 0 26 13 38 99 64 67 55 92 58 100 93 85 28 56 100 100 90 97 78 99 86 100 100 88 86 100 100 99 91 63 36 0 6 76 10 15 24 4 33 59 100 42 57 98 47 33 61 47 8 38 15 13 3 0 0 0 0 57 54 0 0 0 0
58 94 39 39 14 14 100 100 100 100 72 76 95 100 90 48 92 86 14 0 4 18 13 24 70 59 88 79 62 34 37 40 43 56 87 97 95 100 99 60 30 66 100 93 58 67 100 100 100 100 100 77 100 100 100 100 100 100 100 88 39 6 0 0 0 13 100 55 36 67 21 35 66 94 4 1 58 52 21 52 32 18 3 27 0 0 0 0 0 54 74 14 0 0 0 0
34 63 37 97 100 97 60 76 100 58 54 20 63 100 61 84 40 39 0 0 26 63 59 3 32 16 34 52 57 30 97 39 59 45 92 100 46 73 47 19 50 99 48 84 56 97 100 100 69 100 100 100 100 65 56 68 84 52 12 50 8 45 76 63 59 46 98 71 42 2 4 27 97 80 12 0 13 41 0 0 0 0 0 0 0 0 38 39 0 8 71 25 0 31 0 35
0 46 48 57 61 21 60 100 74 62 88 66 68 77 14 14 5 18 8 0 39 94 100 74 21 45 100 73 0 60 47 86 85 100 100 100 4 9 11 38 96 31 45 42 76 100 100 100 45 100 100 100 100 36 60 37 5 17 29 33 0 0 9 43 83 98 29 55 68 6 21 79 19 6 50 0 0 0 0 5 0 0 0 23 28 9 90 49 13 0 0 0 1 14 11 70
2 0 0 21 55 9 92 100 95 45 7 10 19 46 18 72 96 100 38 36 10 31 94 77 84 98 100 86 7 92 77 73 100 81 82 65 5 0 3 73 100 91 100 78 70 100 100 100 60 100 100 79 83 86 44 62 81 51 89 98 45 0 46 14 9 76 57 53 69 75 94 93 73 44 58 24 0 0 14 77 44 41 66 95 99 96 81 56 29 44 77 46 44 24 55 63
38 14 0 34 48 66 100 100 84 0 0 14 60 92 100 100 79 54 3 50 13 0 58 100 100 100 100 82 7 52 45 96 74 44 53 4 0 0 36 88 75 73 99 72 94 81 76 100 97 100 99 83 10 4 1 37 81 66 11 34 81 4 16 54 37 49 3 26 97 76 55 35 86 45 15 1 0 0 0 53 81 80 93 100 100 100 50 15 18 81 87 70 70 40 59 75
23 0 0 0 43 79 100 79 17 1 65 91 100 95 72 41 0 0 6 62 46 0 1 49 76 64 78 100 70 61 96 73 77 85 90 30 7 32 97 100 89 29 80 55 75 40 56 100 100 95 68 25 10 0 8 64 28 65 0 21 91 49 91 66 42 0 0 8 15 1 88 56 24 20 0 0 0 0 0 15 73 75 60 100 100 65 49 21 1 14 46 30 96 26 32 86
38 59 58 42 14 4 13 51 5 0 35 96 100 99 33 37 94 70 55 83 100 67 0 0 30 95 49 83 79 69 100 76 67 83 92 54 36 78 100 91 70 100 24 6 58 75 100 100 100 36 59 39 0 3 34 79 0 56 26 58 72 53 85 88 8 0 0 0 0 33 95 12 0 32 6 27 75 16 22 14 33 17 54 86 80 45 78 75 3 13 46 24 9 35 51 46
16 13 19 58 90 38 0 17 35 25 72 100 59 66 76 59 100 100 100 80 86 61 0 0 34 100 100 100 100 98 99 83 60 77 100 59 60 100 87 52 36 100 56 80 94 100 100 100 100 100 80 100 88 8 3 35 31 7 10 79 57 51 54 68 49 64 0 0 0 0 4 1 0 0 0 17 38 68 74 25 40 90 10 0 42 68 61 91 24 0 35 14 0 0 2 29
37 0 0 36 64 64 11 59 78 100 94 37 37 10 45 100 100 94 46 72 66 85 30 22 74 95 100 82 85 58 24 8 4 38 94 93 60 100 50 28 44 100 100 100 100 100 100 100 100 89 69 35 97 31 0 0 0 2 0 26 10 0 19 14 1 4 1 29 25 50 26 0 0 3 47 41 90 63 94 50 43 88 22 26 85 43 3 47 89 53 18 44 0 13 18 5
86 23 13 33 95 87 76 89 86 43 51 61 48 34 94 100 100 93 82 54 50 78 33 26 90 83 47 26 38 43 82 61 26 3 74 100 100 67 34 53 57 100 98 84 100 88 71 81 52 10 46 66 64 12 15 35 11 0 4 32 39 31 1 0 0 0 1 76 43 61 93 71 66 70 100 87 40 98 48 88 45 8 26 69 90 55 23 92 85 86 73 42 34 20 36 34
