data/habitatmaps/RS_maps/habitat_Linaria.cannabina_2019.asc
NCOLS 369 
NROWS 228 
XLLCORNER 479000 
YLLCORNER 73000 
CELLSIZE 1000 
NODATA_value -9 
[rows 122 to 182 of 228, columns 96 to 191 of 369]
5 3 1 64 100 82 39 0 48 37 89 83 68 100 40 0 0 0 60 25 25 52 43 29 9 14 35 2 15 33 26 25 87 71 48 2 0 0 0 0 0 24 0 0 0 0 10 55 0 12 56 74 81 81 65 100 70 60 25 88 100 97 42 26 96 88 19 0 3 17 25 27 0 25 29 5 6 20 45 1 34 71 41 47 45 91 100 100 100 100 100 100 92 62 29 15
66 51 49 63 63 63 91 42 54 73 79 42 82 100 72 17 9 0 75 60 32 47 26 25 50 41 45 25 10 47 35 33 100 83 30 0 0 0 0 0 0 2 0 0 0 42 28 38 19 65 65 85 100 98 99 82 16 12 19 78 100 100 88 93 60 16 14 15 0 0 0 0 48 2 0 0 0 0 0 0 9 34 55 74 59 36 100 100 100 100 90 79 44 37 98 100
53 54 90 73 82 77 56 49 58 48 73 92 91 53 53 43 17 42 45 68 84 70 14 3 40 39 26 49 0 1 66 51 62 7 78 5 0 0 0 0 0 0 0 0 58 97 86 87 68 67 99 100 100 100 98 32 11 59 53 51 98 100 100 66 11 33 0 0 0 0 0 0 3 2 0 0 0 5 0 0 0 0 0 51 35 34 93 100 88 69 55 85 70 100 100 89
49 88 90 63 100 95 54 54 61 37 31 89 76 56 54 41 64 90 73 87 77 73 66 67 5 43 51 26 10 2 84 98 100 48 6 17 0 0 0 0 0 0 0 0 63 100 53 79 85 66 100 100 100 100 80 34 82 52 76 47 50 83 66 9 19 0 0 0 0 2 0 21 12 0 42 35 29 17 22 4 0 0 0 6 30 12 78 97 30 17 38 8 9 50 10 47
63 89 73 72 47 48 1 20 32 68 34 11 3 66 65 54 52 48 51 66 56 67 66 73 95 69 95 84 60 43 45 51 79 85 12 8 79 27 0 0 0 0 0 2 11 23 53 98 40 24 48 92 100 96 33 59 89 33 21 33 61 33 2 29 0 0 0 16 13 41 47 75 38 22 100 92 66 84 44 27 27 24 30 33 5 37 17 25 11 12 27 28 11 39 92 89
79 99 29 89 34 0 0 16 45 44 28 20 34 21 11 56 27 26 29 10 12 60 72 85 71 90 100 100 78 59 63 8 8 58 99 100 85 33 8 0 0 0 0 0 0 0 0 30 0 0 25 88 76 45 43 12 13 2 11 18 34 49 11 0 0 1 18 20 60 78 51 100 66 71 88 74 100 100 100 98 40 14 22 49 50 38 47 27 5 24 37 46 49 50 100 43
100 100 86 59 27 2 9 48 69 14 56 59 73 58 59 53 62 45 50 53 80 82 52 100 100 100 100 100 98 100 99 88 77 10 9 53 43 64 94 30 48 5 0 0 0 0 0 0 0 1 52 47 21 57 48 0 0 16 8 33 21 4 0 0 28 6 10 37 4 0 57 93 79 99 14 65 100 100 100 90 35 31 31 31 27 45 15 8 69 86 100 100 100 79 90 100
70 52 32 29 8 71 36 24 48 4 49 72 100 95 78 2 70 57 45 64 83 100 98 100 100 100 100 79 40 52 71 98 99 62 49 8 2 51 44 0 55 8 0 0 0 0 0 0 0 32 78 30 5 39 6 0 0 0 6 0 0 0 6 3 4 16 64 100 100 24 63 70 52 12 49 100 100 100 97 36 31 54 76 100 53 45 6 32 100 100 86 26 62 100 100 82
42 75 56 40 5 86 50 48 60 44 65 52 97 60 54 90 34 26 49 68 100 100 100 100 100 85 48 16 0 67 100 100 100 100 100 89 50 0 36 33 0 0 0 0 0 0 0 0 0 0 0 1 4 7 0 0 0 0 0 8 28 21 6 6 80 84 100 100 100 90 100 81 16 0 69 100 98 79 53 44 11 19 19 97 31 1 0 7 69 99 100 67 52 81 96 29
89 79 28 4 8 97 65 51 12 8 52 85 53 51 72 90 70 55 88 98 100 100 100 100 97 30 0 6 45 100 99 98 72 50 13 27 75 28 11 0 6 1 25 9 32 23 1 0 0 0 0 0 0 0 0 0 0 12 14 16 3 0 11 76 100 100 95 55 50 60 99 66 32 11 97 100 86 24 55 50 49 13 29 83 47 82 15 35 32 50 89 96 38 33 38 39
44 64 42 81 72 36 58 26 12 18 66 62 63 60 45 49 73 64 42 66 97 100 99 78 79 55 35 49 88 94 64 35 22 28 38 24 31 25 14 10 71 56 45 32 39 61 70 22 3 0 0 0 0 0 0 0 14 41 0 4 18 48 88 100 78 47 48 78 54 95 71 87 100 89 100 100 100 68 48 0 30 36 85 36 74 99 94 11 50 15 50 88 38 5 0 0
0 37 35 25 81 56 74 59 67 35 89 43 56 35 3 86 100 98 99 99 43 67 62 37 66 72 74 71 85 99 93 97 83 50 81 39 71 47 13 44 8 35 62 94 34 84 32 48 31 5 0 7 29 14 0 0 11 41 11 42 96 100 94 77 85 82 100 94 73 80 100 100 100 100 100 99 45 16 0 0 14 97 94 14 85 25 100 87 47 83 82 53 95 17 0 0
0 22 21 17 70 45 59 75 32 63 100 60 48 52 84 100 100 100 100 99 66 51 58 60 77 68 56 63 72 57 58 77 65 69 72 67 63 17 2 14 49 18 0 62 50 78 88 69 16 0 0 25 21 3 0 0 0 8 17 0 66 94 40 90 78 83 84 63 62 85 100 93 100 100 90 18 0 0 0 0 0 57 100 76 100 94 51 100 88 19 42 94 62 0 0 0
14 30 39 62 85 68 22 47 46 84 90 80 49 82 100 100 100 100 100 82 67 77 90 66 74 55 22 39 34 21 87 39 39 47 47 38 0 17 42 50 61 90 17 50 91 56 45 46 18 0 0 2 75 61 31 27 14 0 21 7 20 14 23 19 22 15 9 51 34 62 77 48 100 47 41 3 0 0 0 0 0 6 20 69 90 100 92 13 50 96 89 90 100 24 0 0
16 38 47 81 66 44 82 63 46 100 89 99 100 100 100 100 100 100 95 83 73 71 49 51 79 42 12 5 30 73 60 45 66 24 7 0 2 29 97 100 95 96 62 31 58 81 93 28 8 0 10 71 100 72 71 43 93 61 5 8 41 31 23 32 35 71 44 27 73 41 18 64 89 62 90 68 0 0 0 0 0 0 0 23 82 100 97 0 10 76 65 78 86 76 6 0
12 25 24 25 75 64 60 75 80 100 100 100 94 80 87 100 100 86 49 39 54 31 57 100 99 53 93 87 69 84 100 54 26 23 44 24 60 82 100 100 71 61 36 44 61 87 29 50 0 10 25 100 99 19 70 97 60 100 54 40 0 6 78 53 46 38 38 58 87 46 57 37 37 10 67 53 17 0 0 0 0 1 39 88 100 100 40 0 25 99 92 89 94 88 69 0
61 41 41 22 34 28 46 74 100 100 98 63 51 34 62 100 72 73 68 76 40 92 100 100 75 54 100 100 68 86 100 76 61 63 97 92 58 100 100 95 83 16 47 49 72 66 13 57 46 63 75 100 100 95 94 86 100 93 3 7 9 22 61 100 98 30 28 74 77 97 87 15 22 36 11 13 0 0 0 0 0 1 23 37 61 21 0 0 44 100 97 55 72 84 62 0
58 83 31 26 12 38 42 51 62 88 74 40 51 83 76 72 69 33 72 68 51 94 100 100 100 100 100 100 97 88 51 97 90 63 83 85 87 100 93 68 7 26 35 70 66 60 41 52 99 82 99 100 100 24 77 100 98 67 18 0 26 0 6 95 99 13 0 3 88 100 10 20 89 10 15 0 0 0 0 11 0 16 33 0 0 0 0 0 7 34 94 100 100 56 3 0
33 34 30 39 42 32 47 27 53 92 36 28 28 47 20 35 29 61 78 63 0 23 100 100 100 100 100 100 100 82 22 67 100 53 6 85 100 99 45 31 54 46 93 50 14 41 82 43 83 61 100 98 44 0 59 92 100 100 97 43 11 39 59 92 100 41 14 34 87 44 10 28 28 75 79 4 0 0 0 8 35 0 0 0 0 0 0 0 1 5 41 100 100 99 19 0
45 71 44 33 61 46 19 84 54 17 41 41 75 66 26 0 10 84 55 49 21 34 73 100 100 100 100 100 100 46 46 84 78 68 64 100 100 81 22 54 14 38 42 83 31 82 68 24 82 96 100 54 60 2 10 94 100 100 95 68 23 31 50 100 100 93 96 69 7 0 8 68 29 62 14 17 0 0 0 0 17 27 0 0 0 0 0 0 3 28 40 61 43 95 43 13
51 70 48 47 65 23 85 99 87 45 48 46 62 84 58 28 92 68 68 66 51 79 100 100 100 85 53 78 95 95 100 100 75 75 98 100 95 23 9 5 30 42 83 89 15 44 64 17 27 30 72 75 87 75 74 100 100 100 98 27 80 8 65 100 100 90 18 0 0 0 16 43 19 38 0 0 0 0 0 0 0 0 21 54 51 70 77 40 34 20 31 73 95 95 81 93
16 82 59 68 85 78 66 100 100 97 100 95 46 66 50 72 82 96 100 62 54 54 100 100 100 100 61 46 100 100 100 100 100 90 100 100 100 22 13 40 71 55 57 100 76 82 40 24 71 30 33 59 100 61 76 28 7 98 97 42 77 18 10 34 74 11 0 0 0 0 0 0 0 0 0 0 0 0 0 0 0 0 0 0 6 14 4 47 52 82 58 57 53 83 100 100
82 62 75 99 98 55 34 83 75 70 98 92 76 53 69 74 76 100 34 47 100 100 100 100 100 96 18 90 66 100 100 100 86 100 100 100 57 62 48 62 63 50 39 98 100 94 25 43 82 100 74 73 65 4 4 16 69 100 98 45 28 15 16 27 5 0 0 0 0 0 0 0 0 0 0 0 0 0 0 0 0 0 0 0 0 0 16 57 76 63 95 88 100 100 100 100
49 99 56 52 51 71 93 73 84 60 99 100 100 72 85 99 100 95 53 22 68 48 74 96 91 100 81 66 35 45 79 91 72 42 68 100 100 69 54 57 67 23 47 9 97 97 55 62 26 38 68 93 25 0 24 89 100 100 63 73 48 17 0 0 0 0 0 0 0 0 0 0 0 0 0 0 0 0 0 0 0 0 0 0 3 27 53 61 70 68 56 43 100 100 64 88
94 100 99 94 78 75 84 45 88 100 100 100 78 41 100 100 100 93 78 56 69 56 30 55 42 57 63 78 81 90 79 80 100 98 76 99 62 27 44 100 93 48 72 36 67 95 22 74 98 78 55 83 93 30 66 100 100 95 58 21 32 78 50 0 0 0 0 0 0 0 0 0 0 0 0 0 0 0 0 0 0 0 0 0 9 29 19 26 33 43 23 90 100 99 44 19
67 84 100 100 100 93 95 99 100 93 100 100 100 100 100 100 99 49 81 99 27 54 13 48 35 27 49 78 100 100 64 95 100 100 100 97 67 52 71 100 100 84 41 43 55 86 73 45 100 100 100 93 78 38 10 51 86 54 46 57 54 79 62 6 0 0 0 0 0 0 0 0 0 0 0 0 0 0 0 0 0 0 0 0 0 0 0 0 23 78 100 100 97 76 32 42
31 97 100 100 100 100 100 99 93 48 41 63 79 100 100 100 61 46 80 91 30 95 66 90 77 99 94 98 91 100 89 100 100 100 76 79 65 56 75 93 100 88 31 74 66 46 23 0 28 50 55 100 82 24 0 0 39 61 57 100 89 64 90 16 0 0 0 0 0 0 0 0 0 0 0 0 0 0 0 0 0 0 0 0 17 68 76 57 78 100 100 88 67 84 93 9
41 93 87 77 69 55 82 72 62 56 28 61 95 96 66 81 31 3 17 75 3 86 79 63 82 55 72 95 90 88 82 27 53 100 81 41 10 79 74 94 100 100 61 59 82 46 46 73 68 33 3 53 18 34 0 0 0 0 68 73 80 100 30 0 0 0 0 0 0 0 0 0 0 0 0 0 0 0 0 0 0 0 0 0 0 29 100 100 100 100 100 92 89 45 22 94
87 47 68 72 75 64 99 29 65 75 52 58 100 88 80 26 8 52 90 95 15 9 30 50 32 61 100 100 85 89 59 21 98 100 89 54 83 34 60 100 76 40 68 41 51 69 68 56 87 6 0 0 0 0 0 0 0 0 69 95 94 83 30 0 0 0 0 0 0 0 0 0 0 0 0 0 0 0 0 2 2 0 0 2 44 71 98 99 100 100 100 54 40 54 83 88
100 91 94 44 13 54 53 69 100 90 57 85 98 48 12 0 44 87 97 100 62 37 0 47 51 57 84 100 26 15 77 96 100 100 84 50 78 45 95 51 72 100 59 30 43 61 80 59 57 0 0 0 0 0 0 0 0 0 12 12 13 24 0 0 0 0 0 0 0 0 0 0 0 7 0 0 0 0 7 14 43 0 2 20 93 73 100 42 66 100 83 19 0 35 50 100
100 69 82 61 0 51 87 50 82 57 60 46 64 95 6 1 64 45 33 86 58 81 67 9 69 66 59 87 66 50 100 100 86 50 19 18 66 59 84 32 89 100 73 16 43 45 1 8 24 0 0 0 0 0 0 0 0 0 0 0 0 0 0 0 0 0 0 0 0 0 0 0 0 57 0 0 0 0 11 13 61 23 78 70 94 96 76 25 47 63 10 9 50 100 100 100
29 67 55 84 45 95 86 43 34 56 1 22 77 91 37 51 82 63 77 73 100 70 100 50 91 56 53 98 83 89 100 100 86 50 98 51 45 78 42 17 82 100 97 16 60 0 0 0 0 0 13 0 0 0 0 0 0 0 0 0 0 0 0 0 0 0 0 0 0 0 0 0 0 36 39 0 0 61 30 58 43 42 100 100 99 45 60 100 46 34 13 94 100 100 100 100
62 45 28 54 57 12 58 63 73 3 22 10 49 7 41 52 60 76 74 95 100 100 100 35 78 84 64 60 97 100 100 100 76 36 68 34 79 37 0 52 63 97 44 82 65 37 2 0 7 61 17 0 0 0 0 0 0 0 0 0 5 0 0 0 0 0 0 0 0 0 0 0 0 0 58 22 22 67 33 83 49 90 100 98 42 36 62 51 22 61 85 96 69 100 100 87
96 59 71 79 10 23 100 100 100 61 57 0 23 47 69 90 80 100 64 100 100 100 83 27 60 23 50 28 73 100 100 86 60 88 83 58 22 0 27 96 97 67 48 71 44 37 59 35 83 100 92 33 0 0 0 0 0 54 33 42 78 42 2 0 0 0 0 0 0 0 5 0 0 0 24 41 84 98 47 100 100 100 95 35 74 97 52 0 24 98 100 100 61 36 43 47
65 70 59 39 12 41 100 100 65 54 14 0 60 75 69 23 80 100 65 100 100 100 60 58 100 71 73 73 90 100 100 92 66 54 52 96 62 29 96 99 60 22 42 62 46 53 30 67 93 99 58 12 0 0 0 84 18 95 78 94 100 55 7 0 0 0 0 0 0 0 14 14 0 4 0 70 100 100 93 100 100 100 47 63 92 30 7 50 66 92 89 13 12 0 15 6
26 52 63 100 46 85 100 100 55 64 37 53 79 33 27 25 82 94 88 100 100 99 57 100 100 100 70 64 84 100 99 80 34 96 100 100 24 64 100 68 100 69 4 24 37 8 60 57 65 43 0 0 20 98 36 96 83 100 100 100 93 64 0 0 0 0 0 0 0 0 0 12 64 15 0 30 100 97 24 52 53 51 48 76 19 7 59 100 100 100 67 0 0 0 0 49
74 66 54 93 95 100 100 100 89 77 72 58 50 29 23 65 29 97 100 100 100 97 97 65 92 41 49 46 55 73 99 29 94 100 100 100 55 73 91 89 96 36 0 0 0 16 75 52 12 0 12 37 60 96 100 100 100 100 92 43 36 3 0 0 0 0 0 0 0 0 0 28 10 0 12 20 99 62 0 0 0 16 60 18 10 58 100 97 100 100 75 0 0 0 8 93
33 37 70 36 53 38 99 100 100 94 78 9 29 7 18 80 95 100 100 100 100 100 100 78 74 65 24 39 1 63 100 47 7 27 35 43 0 0 72 71 5 0 0 0 0 5 41 6 25 58 92 100 100 65 80 91 59 64 15 0 0 0 0 0 0 0 20 1 0 0 7 68 0 3 32 93 96 14 11 25 3 60 16 20 93 100 56 53 42 76 36 0 0 10 64 64
59 71 44 46 53 62 78 100 96 76 74 53 56 0 43 73 74 86 19 28 100 100 96 35 48 66 76 63 63 99 33 0 0 0 0 0 0 0 69 66 0 0 0 0 0 4 18 100 100 100 70 93 76 85 29 12 23 0 0 0 0 0 0 0 0 0 8 41 3 10 81 80 0 53 8 100 72 17 55 33 53 11 45 97 100 100 97 10 0 0 0 0 2 33 10 50
100 92 57 74 83 46 50 100 43 67 66 51 27 4 100 62 43 76 46 90 100 100 70 96 70 46 92 77 94 69 12 0 0 0 0 0 22 36 13 48 0 0 23 19 12 0 84 75 86 70 26 62 74 59 46 0 0 0 0 0 0 0 0 0 0 0 0 5 67 95 82 21 40 73 51 55 18 12 19 39 11 18 89 100 100 98 46 17 7 6 0 0 0 0 0 0
52 70 66 76 100 53 82 98 68 80 36 54 65 39 95 86 61 28 92 100 100 100 100 100 100 97 72 21 50 4 4 0 0 0 0 24 81 71 66 32 60 79 92 100 37 33 60 97 43 0 4 17 30 38 0 0 0 0 0 0 0 20 8 0 4 30 68 87 76 63 7 88 100 100 97 41 22 82 57 11 28 31 55 100 69 46 75 99 91 93 31 0 0 0 35 64
67 97 98 98 100 76 100 29 28 96 72 75 71 47 100 100 83 56 100 68 43 83 82 70 35 74 25 0 0 0 0 0 0 0 0 0 22 3 73 42 78 47 86 26 2 20 62 98 88 0 0 36 10 0 0 0 0 0 0 0 0 54 45 0 80 100 100 100 82 10 35 100 79 54 26 48 49 19 38 51 15 65 100 100 78 80 100 100 100 99 61 0 0 0 40 91
100 83 62 89 100 100 100 56 93 91 66 99 72 94 98 82 79 80 42 26 33 3 0 36 78 34 0 0 0 0 0 0 0 0 0 0 0 16 100 26 29 78 89 16 21 15 77 96 45 6 58 2 0 0 16 36 1 11 38 8 49 43 22 30 97 100 100 100 49 46 80 38 19 67 37 37 41 7 21 1 22 51 60 67 76 47 41 67 91 100 76 42 21 5 63 55
82 95 100 97 100 100 100 100 93 50 44 37 14 68 17 12 90 63 0 0 0 0 37 82 30 0 0 0 0 0 3 4 26 54 5 24 61 84 100 9 37 82 22 24 73 3 24 87 62 32 64 0 0 0 50 99 43 44 100 49 8 49 96 100 100 91 55 100 69 72 50 30 55 65 27 20 9 0 17 0 62 13 34 36 35 22 95 87 41 24 81 100 100 69 18 97
51 95 92 33 71 100 91 78 22 53 58 87 91 96 63 26 99 7 0 0 0 9 70 78 28 2 0 0 32 0 5 72 94 59 47 14 64 100 76 8 84 95 93 96 82 10 33 99 49 41 67 1 20 0 67 100 59 70 100 71 15 63 100 100 100 79 63 52 6 3 75 70 81 45 50 23 46 67 45 36 20 37 1 34 20 80 41 1 8 45 70 99 100 73 0 38
39 49 56 20 52 35 57 73 29 67 100 46 64 49 5 14 43 0 0 0 17 5 6 51 60 92 84 55 80 55 47 97 71 96 100 56 25 96 35 39 38 100 100 100 97 34 100 83 23 27 65 4 68 38 97 97 7 52 100 100 84 48 100 100 100 92 45 38 5 16 45 15 13 28 4 49 75 100 100 96 56 2 29 55 69 79 44 46 31 22 45 65 100 65 34 85
7 35 39 50 28 85 100 79 56 91 48 8 68 85 5 0 0 14 3 2 49 53 23 61 54 38 100 93 90 98 100 100 43 23 84 100 85 21 26 0 1 93 100 100 100 100 95 66 30 39 62 66 95 97 100 90 50 87 62 98 88 30 100 100 100 74 52 68 75 85 30 34 29 5 19 21 24 100 89 50 22 28 43 76 17 0 0 0 2 33 2 66 100 84 97 100
95 52 5 6 65 77 52 7 3 51 5 3 74 98 19 0 33 70 4 14 22 26 70 71 58 10 73 100 100 100 93 85 36 0 46 73 80 28 20 0 1 55 61 92 64 91 56 97 28 39 40 44 46 98 13 18 57 99 65 74 100 77 100 100 92 47 0 35 11 28 1 35 3 61 3 21 87 100 88 97 90 83 96 52 0 0 8 69 64 81 55 100 100 100 100 69
100 71 3 5 61 45 0 0 0 0 0 58 100 67 44 3 15 78 21 92 7 66 98 100 31 0 26 34 69 39 3 0 60 32 67 58 0 7 34 7 39 41 44 55 50 63 100 100 58 82 78 86 62 30 62 59 52 68 30 80 44 51 85 64 36 16 0 0 6 55 32 3 66 75 2 100 100 100 92 75 83 31 94 44 0 6 78 100 74 44 67 100 100 100 100 89
80 92 93 99 87 54 0 0 0 0 0 58 100 100 53 56 89 48 42 100 98 100 100 95 35 0 0 0 1 2 0 0 52 19 41 52 28 49 25 13 48 33 55 74 92 63 39 30 0 18 40 75 69 65 47 24 6 54 53 23 13 61 62 31 29 25 0 8 74 42 12 22 100 87 65 100 95 76 17 19 87 8 12 10 6 62 69 71 46 74 100 100 97 100 100 42
54 85 23 6 0 0 0 0 0 0 18 84 91 100 59 91 100 31 46 100 92 77 21 3 25 0 0 0 0 0 0 0 0 0 0 0 11 53 31 1 39 82 95 71 56 49 0 0 0 0 0 0 0 0 0 0 0 20 2 48 63 37 39 27 16 1 0 22 64 44 0 8 88 100 100 100 35 0 0 2 29 0 0 0 36 68 62 77 43 59 98 30 68 100 85 26
100 73 13 1 3 0 0 11 38 84 91 100 58 100 70 47 81 55 88 66 16 0 0 0 0 0 0 0 0 0 0 0 0 1 0 0 6 0 0 22 96 39 0 0 0 0 25 2 0 19 18 0 0 0 5 0 0 2 0 5 16 38 31 13 0 0 0 23 7 33 64 83 30 85 100 100 25 2 26 15 20 20 3 3 80 100 100 60 9 62 81 5 91 75 18 65
65 78 96 92 82 43 4 80 39 51 98 92 100 100 98 23 56 32 85 61 0 0 0 0 0 0 0 0 0 0 0 0 0 56 22 30 5 50 21 21 11 5 0 11 27 32 38 3 0 0 13 21 0 15 27 5 0 23 35 20 52 0 0 49 25 0 16 14 17 77 43 18 1 58 94 100 25 46 93 74 78 80 14 42 80 97 68 14 2 76 77 43 100 63 0 62
13 35 78 100 100 99 93 85 82 53 56 73 24 100 100 92 28 29 93 42 3 12 11 3 0 0 3 0 0 0 0 0 0 15 79 42 26 70 40 51 40 16 30 62 41 21 7 14 81 23 0 0 0 7 53 25 31 81 50 0 15 0 6 60 5 6 64 92 35 7 0 27 39 85 87 58 60 100 100 40 58 65 46 94 100 100 94 19 6 41 53 100 60 12 18 20
77 100 100 100 86 23 44 99 36 38 71 100 98 100 94 32 27 19 14 0 0 71 42 29 2 71 28 0 0 0 0 0 0 46 18 16 83 59 0 4 35 60 36 1 0 22 7 75 13 73 91 38 0 0 0 7 0 2 94 100 64 22 4 73 98 3 27 42 86 24 2 0 32 86 26 14 42 77 70 40 30 65 96 80 100 100 100 100 93 41 20 0 7 23 1 44
64 78 95 62 3 47 90 91 68 70 42 86 100 96 51 24 69 0 0 0 0 23 57 1 32 23 0 0 0 0 0 0 16 39 70 83 44 22 12 71 98 98 61 35 43 0 7 23 0 22 80 49 22 3 4 36 21 8 97 58 63 28 0 57 85 4 28 18 73 72 96 6 66 42 0 13 0 0 55 23 54 67 73 73 100 100 100 100 100 100 35 8 0 13 36 10
31 85 64 0 5 96 72 55 52 37 39 53 47 17 0 10 1 0 0 0 0 0 0 0 0 0 0 0 1 0 1 3 17 41 18 53 31 95 89 88 34 66 9 19 78 18 51 47 17 11 98 97 59 60 77 96 100 13 56 58 96 61 32 78 55 19 96 94 54 98 96 33 98 39 0 0 0 0 37 95 100 52 44 4 7 51 100 100 100 97 75 8 0 54 37 16
66 13 5 0 43 34 1 26 84 80 38 34 0 0 0 0 0 0 0 0 0 0 0 0 0 0 0 21 16 0 28 22 8 0 3 0 48 41 95 63 5 0 0 29 100 40 22 72 0 19 98 79 1 24 82 50 86 76 82 56 51 48 10 85 100 41 100 100 100 100 100 85 74 21 0 0 0 3 63 100 100 38 4 0 0 5 44 62 99 56 26 56 32 41 23 18
42 0 3 35 2 0 10 19 32 12 36 4 0 0 0 0 0 0 0 0 0 0 0 0 0 0 0 0 15 19 6 8 25 37 53 0 6 7 86 62 49 10 12 57 24 78 31 79 1 4 50 59 1 4 79 56 73 84 47 56 20 0 6 80 99 50 97 100 100 100 100 34 0 0 0 0 9 37 12 78 93 56 94 52 5 12 17 3 23 56 1 8 36 67 29 0
30 75 92 95 88 45 100 98 99 64 8 25 0 0 0 0 0 0 0 0 0 0 7 0 0 0 16 19 22 11 21 8 88 54 0 0 0 55 100 100 100 36 3 25 31 80 17 82 22 0 2 13 45 92 100 100 99 63 37 84 22 15 60 45 56 66 100 100 100 100 100 47 14 29 0 0 98 100 34 45 100 99 80 86 28 39 35 7 0 0 0 1 13 27 20 0
1 72 100 100 46 4 30 30 0 7 51 8 0 0 0 0 0 0 0 0 0 0 32 6 45 18 4 28 93 80 35 28 100 81 37 7 0 8 66 65 100 87 34 52 55 73 30 63 8 0 5 47 92 90 100 99 40 22 2 29 19 18 66 7 43 100 100 100 100 100 100 99 81 70 0 71 63 29 70 93 95 36 55 27 43 45 0 0 0 0 0 0 0 9 0 5
