data/habitatmaps/RS_maps/habitat_Lophophanes.cristatus_2008.asc
NCOLS 369 
NROWS 228 
XLLCORNER 479000 
YLLCORNER 73000 
CELLSIZE 1000 
NODATA_value -9 
[rows 126 to 188 of 228, columns 0 to 95 of 369]
-9 -9 -9 -9 -9 -9 -9 -9 -9 -9 -9 -9 -9 -9 -9 -9 -9 38 80 100 100 100 83 19 4 63 0 5 50 78 60 77 89 66 61 55 31 67 86 87 24 24 82 53 87 76 89 44 88 60 27 1 0 0 0 0 0 23 50 39 0 63 16 14 46 19 16 1 28 71 8 0 40 41 24 30 27 44 20 1 27 53 68 0 0 9 10 6 25 15 0 24 0 2 9 12
-9 -9 -9 -9 -9 -9 -9 -9 -9 -9 -9 -9 -9 -9 -9 -9 48 97 100 100 93 49 6 23 30 0 62 88 76 54 91 100 79 52 67 66 80 99 48 16 30 37 77 74 71 16 19 13 57 8 9 0 0 0 0 0 0 54 40 8 24 62 3 6 41 51 21 32 0 10 44 22 1 48 86 28 22 18 44 9 40 21 15 0 21 21 7 0 0 4 0 2 0 43 67 26
-9 -9 -9 -9 -9 -9 -9 -9 -9 -9 -9 -9 -9 -9 -9 39 100 100 98 81 54 47 82 88 8 15 100 68 72 99 100 62 32 53 87 77 100 96 73 97 89 89 62 77 62 17 73 43 9 11 0 0 0 0 5 6 35 43 19 56 36 47 4 26 17 57 35 15 0 0 41 15 22 59 19 0 7 0 2 27 3 0 0 0 10 6 36 0 6 22 32 22 35 7 24 30
-9 -9 -9 -9 -9 -9 -9 -9 -9 -9 -9 -9 -9 13 57 77 98 99 71 75 83 33 54 31 69 91 86 99 91 70 89 70 82 96 70 92 98 100 86 21 20 70 64 88 78 43 70 39 8 8 0 0 0 0 3 92 42 70 38 47 0 0 27 29 0 47 37 5 41 22 21 5 35 21 29 0 21 4 0 0 0 0 0 2 38 0 41 18 31 31 72 76 27 28 23 0
-9 -9 -9 -9 -9 -9 -9 -9 -9 -9 -9 -9 6 66 58 100 100 70 70 34 3 8 29 65 92 94 40 41 69 80 68 76 98 81 66 66 95 68 41 22 32 35 58 61 58 13 15 68 11 43 17 6 0 0 1 68 19 16 36 71 0 8 58 0 7 51 32 2 41 21 66 53 19 18 13 4 33 25 5 1 0 0 3 28 4 0 16 37 53 95 100 61 0 0 1 1
-9 -9 -9 -9 -9 -9 -9 -9 -9 -9 -9 48 84 77 86 98 70 43 0 0 4 37 97 82 73 76 64 68 96 80 97 84 57 70 27 12 68 82 69 47 40 42 48 85 69 36 79 100 73 16 24 0 0 0 7 31 3 40 54 16 9 78 4 0 81 28 0 0 0 11 52 24 11 19 28 0 24 37 1 20 0 0 25 0 7 29 2 14 34 21 19 0 0 0 0 0
-9 -9 -9 -9 -9 -9 -9 -9 -9 -9 69 91 83 88 40 9 0 9 37 60 91 52 96 43 51 77 95 84 100 94 73 42 53 19 21 6 33 78 8 57 72 67 88 10 50 100 100 97 99 38 1 0 4 28 90 49 0 0 50 7 13 41 0 35 31 2 0 7 30 24 61 0 29 64 17 2 20 41 0 0 0 0 10 24 17 29 41 63 69 10 21 4 15 0 1 0
-9 -9 -9 -9 -9 -9 -9 -9 -9 -9 41 44 100 27 2 23 12 36 67 99 84 49 84 67 92 78 100 100 98 78 40 29 17 31 8 35 86 94 59 50 40 92 21 57 93 96 39 24 41 27 11 48 83 84 25 12 0 0 0 0 1 16 1 22 49 21 0 14 56 74 13 17 15 13 34 50 40 0 0 0 2 0 0 29 1 24 50 77 33 24 41 18 3 25 30 4
-9 -9 -9 -9 -9 -9 -9 -9 -9 61 91 85 47 54 27 31 41 98 100 100 97 83 59 87 80 98 100 100 100 50 39 22 10 1 53 94 75 79 80 90 80 32 0 73 59 12 13 20 46 3 0 24 7 71 0 19 7 23 0 0 0 21 37 33 30 24 10 61 44 27 26 28 5 51 14 61 8 10 0 0 27 0 9 2 0 9 36 68 94 33 2 2 0 1 20 0
-9 -9 -9 -9 -9 -9 -9 -9 93 35 23 0 7 39 75 95 100 100 100 100 94 68 88 94 95 100 100 100 100 53 38 7 3 64 45 36 78 80 92 89 57 2 60 76 12 21 1 23 42 26 0 0 36 22 0 17 0 0 0 11 35 0 7 49 26 47 19 65 8 32 19 16 50 0 7 1 37 20 2 0 1 0 0 0 0 0 0 48 56 2 13 0 0 5 25 20
-9 -9 -9 -9 -9 -9 -9 -9 23 18 0 0 0 31 96 100 100 100 99 100 94 54 81 100 100 100 100 86 58 28 1 6 59 99 52 39 41 35 82 96 99 63 72 0 0 42 25 2 15 0 0 0 36 0 0 0 0 0 0 26 49 25 0 17 19 25 9 48 45 53 28 0 38 0 6 21 24 4 51 18 4 0 0 3 7 25 0 0 2 0 0 0 3 23 2 12
-9 -9 -9 -9 -9 -9 -9 -9 15 28 7 0 26 95 100 100 100 100 64 99 65 66 100 100 100 100 100 27 6 0 3 37 60 76 46 63 83 97 100 88 39 16 0 0 0 17 2 45 43 0 16 24 1 0 60 18 20 0 0 29 15 0 0 48 40 64 64 4 34 15 16 5 9 0 0 25 65 42 54 36 22 6 3 33 0 0 0 0 0 0 0 0 16 14 0 4
-9 -9 -9 -9 -9 -9 -9 -9 86 30 12 57 100 100 100 100 90 61 50 96 67 99 100 100 100 100 42 0 0 3 37 58 68 85 77 65 94 100 100 30 3 0 0 30 17 0 0 46 15 15 18 3 0 5 28 33 60 10 27 56 37 18 11 62 96 98 23 1 11 11 0 24 12 32 1 23 16 39 26 7 17 36 29 11 6 7 0 0 0 0 0 0 58 81 7 23
-9 -9 -9 -9 -9 -9 -9 48 53 28 90 100 100 100 100 69 51 36 14 40 96 100 100 100 100 99 24 1 37 54 85 69 83 43 17 38 94 100 79 4 9 24 48 94 35 0 0 0 0 5 21 0 0 0 0 0 0 0 19 11 36 32 1 33 71 72 43 1 13 0 9 79 9 6 12 1 0 2 25 1 1 35 35 2 67 54 24 28 42 15 0 7 34 70 17 32
-9 -9 -9 -9 -9 -9 -9 36 57 71 100 100 100 100 100 93 85 75 9 35 100 100 100 100 78 32 2 60 100 100 77 85 43 13 10 94 74 100 60 0 0 53 31 2 92 43 0 1 0 8 28 9 0 0 0 16 0 0 8 17 23 62 50 79 100 100 14 15 27 0 0 77 16 20 62 11 6 30 61 12 14 6 0 61 96 90 46 81 46 20 6 12 2 2 1 48
-9 -9 -9 -9 -9 -9 -9 1 17 93 100 100 99 72 85 100 87 17 33 98 100 100 100 100 67 44 19 99 31 38 50 43 62 43 24 69 100 93 15 3 52 49 0 0 52 10 6 25 3 0 45 18 0 0 31 5 12 35 14 12 96 93 87 100 100 99 51 35 40 0 0 21 14 0 13 15 16 6 0 0 0 0 3 93 85 73 92 100 80 46 18 10 0 2 47 84
-9 -9 -9 -9 -9 -9 -9 29 87 98 87 92 33 46 92 84 31 17 88 100 100 100 100 77 43 0 67 76 59 17 27 46 54 74 100 100 96 28 0 19 92 48 0 0 0 0 0 8 23 15 43 1 4 73 84 59 28 48 37 67 54 62 92 91 92 78 30 26 25 14 0 3 0 0 18 0 0 0 0 0 0 0 7 59 41 97 100 100 71 34 49 42 34 50 58 74
-9 -9 -9 -9 -9 -9 -9 98 100 100 85 28 46 80 60 19 55 91 100 100 99 100 94 34 12 30 100 84 84 40 71 66 58 94 100 87 29 0 0 10 84 95 95 35 0 3 0 0 4 2 41 20 0 3 62 27 0 12 3 4 56 57 74 35 85 100 100 58 31 38 1 0 0 4 20 27 3 13 8 1 0 0 53 80 52 100 100 100 61 47 62 47 16 19 7 61
-9 -9 -9 -9 -9 -9 -9 99 100 100 100 93 18 51 78 40 68 100 100 100 76 93 96 28 49 54 99 81 49 46 87 96 83 98 100 69 8 0 0 0 0 34 69 36 21 8 14 0 0 0 3 74 65 0 15 15 18 0 0 0 26 54 11 17 33 25 32 37 14 71 70 8 28 20 43 60 48 11 23 0 0 11 55 41 87 100 56 57 47 62 20 66 47 8 9 81
-9 -9 -9 -9 -9 -9 -9 100 100 100 100 71 26 77 37 45 100 100 100 100 100 84 14 82 32 69 99 79 29 82 52 88 100 100 100 34 0 0 30 59 45 55 54 0 0 0 1 13 0 0 6 39 44 0 8 0 0 0 0 0 15 15 6 52 11 11 31 0 0 0 1 34 32 20 3 5 1 6 23 4 0 0 51 37 27 61 54 44 3 0 30 9 57 29 0 59
-9 -9 -9 -9 -9 -9 -9 100 100 99 69 73 55 57 27 95 100 100 100 100 97 21 49 53 85 100 71 24 91 95 100 100 100 100 74 24 0 2 2 96 100 97 70 4 0 0 8 6 0 0 2 0 30 6 0 0 0 0 0 0 0 1 48 35 17 14 0 0 0 0 2 57 54 0 23 31 25 22 60 2 0 3 39 55 61 72 52 21 1 21 12 49 71 19 15 52
-9 -9 -9 -9 -9 -9 100 100 85 57 97 87 55 58 97 100 100 100 100 86 22 57 58 98 100 87 59 71 100 100 100 100 100 86 47 52 2 12 46 99 70 33 28 18 1 5 21 24 0 0 9 9 3 10 0 0 0 0 0 0 0 0 74 47 24 38 0 0 1 0 17 45 0 3 0 32 12 1 3 0 0 6 65 55 58 63 56 9 24 65 84 73 38 25 56 29
-9 -9 -9 -9 -9 70 100 79 65 85 54 96 57 71 100 100 100 100 79 3 34 71 94 99 68 65 62 85 100 100 69 70 94 18 3 25 36 35 81 51 14 1 0 1 0 0 0 28 2 0 0 0 24 1 0 0 0 0 0 0 0 0 42 10 0 34 0 11 37 16 10 4 33 55 1 0 0 0 10 0 0 35 62 55 67 97 67 42 18 72 81 38 29 31 53 41
-9 -9 -9 -9 -9 90 74 59 75 37 100 100 92 52 92 100 100 79 4 19 68 100 92 49 94 61 62 91 100 99 18 37 39 23 11 14 47 50 58 54 11 0 5 9 0 0 0 1 0 0 0 0 21 0 0 0 0 0 0 0 0 0 5 0 0 9 0 34 58 12 0 0 21 61 10 0 0 22 46 21 10 5 75 28 48 54 51 8 0 16 64 10 21 34 16 54
-9 -9 -9 -9 -9 42 85 100 82 91 100 92 58 72 80 99 53 5 1 83 89 100 84 96 63 66 80 100 100 73 4 8 65 38 0 0 37 73 0 12 35 0 2 29 0 0 1 0 0 0 0 0 0 0 0 0 0 0 0 0 0 0 0 0 8 2 0 0 23 53 0 0 35 48 50 7 6 67 5 76 64 83 72 86 48 55 15 0 0 13 55 38 20 22 2 3
-9 -9 -9 -9 -9 100 57 46 98 80 51 91 78 69 67 12 0 0 38 82 75 100 95 57 33 90 88 100 69 2 0 42 72 43 0 0 3 23 8 4 12 0 0 10 29 14 22 4 0 0 0 0 0 0 0 0 0 0 0 0 0 0 0 0 0 0 0 3 46 13 20 17 28 64 69 32 28 45 39 43 72 75 87 86 87 37 14 25 36 39 17 30 69 58 38 0
-9 -9 -9 -9 99 79 34 49 72 75 80 70 69 88 23 20 0 1 67 15 63 67 72 66 83 79 82 70 2 0 16 79 100 44 20 8 29 32 23 0 0 0 0 0 0 0 0 0 0 0 0 0 0 0 0 0 0 0 0 0 0 0 0 0 0 0 0 0 2 18 12 19 15 18 81 34 0 27 39 51 93 65 40 88 36 8 0 0 37 57 22 76 51 42 20 0
-9 -9 -9 -9 49 61 7 29 49 92 76 55 77 85 71 10 0 30 45 36 96 75 97 74 88 58 27 69 5 11 0 36 100 83 61 5 5 2 0 0 0 0 1 0 0 0 0 0 0 0 0 0 0 0 0 0 0 0 0 0 0 0 0 0 0 0 0 0 0 1 0 0 46 15 5 0 28 29 6 46 56 45 73 47 80 0 20 25 31 21 82 37 54 52 67 31
-9 -9 -9 -9 1 11 25 9 80 81 78 62 55 33 54 0 0 28 55 82 51 50 74 66 86 97 89 31 29 46 6 21 96 26 0 0 0 0 0 0 18 32 37 0 0 0 0 0 0 0 0 0 0 0 0 0 0 0 0 0 0 0 0 0 0 0 0 0 0 0 0 0 0 0 0 4 14 0 0 24 53 26 56 59 85 31 0 33 44 61 85 29 71 14 30 76
-9 -9 -9 -9 51 54 94 91 46 91 100 97 84 95 5 31 56 85 35 70 85 77 62 46 39 68 20 2 47 51 2 37 27 0 0 0 0 0 0 0 9 3 0 0 0 0 0 0 0 0 0 0 0 0 0 0 0 0 0 0 0 0 0 0 0 0 0 0 0 0 0 0 0 0 0 0 0 0 0 11 66 78 33 60 99 44 12 47 86 31 73 86 64 44 51 6
-9 -9 -9 -9 65 90 99 51 34 84 90 83 100 75 76 97 51 41 71 77 75 78 52 44 69 100 42 11 71 5 10 3 0 0 0 0 0 0 0 0 0 0 0 0 0 0 0 0 0 0 0 0 0 0 0 0 0 0 0 0 0 0 0 0 0 0 0 0 0 0 0 0 0 0 0 0 0 0 0 0 38 58 32 68 69 20 17 95 97 35 7 30 56 66 63 37
-9 -9 -9 78 74 100 98 71 99 76 100 100 86 64 96 96 33 49 81 82 78 76 100 100 100 82 39 24 80 12 0 11 9 0 0 0 0 0 0 0 0 0 0 0 0 0 0 0 0 0 0 0 0 0 0 0 0 0 0 0 0 0 0 0 0 0 0 0 0 0 0 0 0 0 0 0 0 0 0 0 32 71 85 93 74 8 7 68 96 50 22 0 14 81 55 28
-9 -9 -9 100 100 99 63 61 61 84 91 63 69 94 99 59 54 58 6 57 88 100 100 100 100 15 0 6 5 0 0 6 35 0 0 0 0 0 0 0 0 0 0 0 0 0 0 0 0 0 0 0 0 0 0 0 0 0 0 0 0 0 0 0 0 0 0 0 0 0 0 0 0 0 0 0 0 0 0 0 1 47 91 86 91 2 0 18 56 57 46 7 42 20 10 24
-9 -9 -9 100 82 47 51 48 91 77 46 93 96 81 69 58 11 37 68 100 100 100 100 90 94 21 8 2 8 2 1 8 0 0 0 0 0 0 0 0 0 0 0 0 0 0 0 0 0 0 0 0 0 0 0 0 0 0 0 0 0 0 0 0 0 0 0 0 0 0 0 0 0 0 0 0 0 0 0 0 0 19 75 96 96 70 43 1 9 72 34 26 35 64 1 15
-9 -9 -9 48 75 74 66 54 89 24 88 89 79 88 62 35 24 80 94 100 100 100 48 22 8 0 0 0 0 0 31 50 2 0 0 0 0 0 0 0 0 0 0 0 0 0 0 0 0 0 0 0 0 0 0 0 0 0 0 0 0 0 0 0 0 0 0 0 0 0 0 0 0 0 0 0 0 0 0 0 0 14 100 81 100 100 48 23 28 61 57 59 95 40 42 12
-9 -9 -9 -9 89 47 29 30 52 54 75 44 76 41 54 97 93 100 100 100 100 59 0 0 0 0 0 0 0 0 13 26 0 0 0 0 0 0 0 0 0 0 0 0 0 0 0 0 0 0 0 0 0 0 0 0 0 0 0 0 0 0 0 37 86 85 61 36 2 0 0 0 0 0 0 0 0 0 0 0 0 12 92 94 100 87 24 17 51 67 44 56 71 7 11 20
-9 -9 -9 -9 42 32 39 42 93 93 46 65 5 66 100 100 100 100 100 100 97 22 0 0 0 0 0 0 0 0 8 5 0 0 0 0 0 0 0 0 0 0 0 0 0 0 0 6 54 1 0 0 0 0 0 3 13 35 17 52 82 80 85 82 10 78 53 89 86 36 8 0 0 0 0 0 0 0 0 0 0 0 44 100 86 35 30 37 68 31 19 72 6 0 0 12
-9 -9 -9 -9 35 68 95 24 5 33 79 34 74 97 100 100 100 100 100 78 10 0 0 0 0 0 0 9 0 0 0 0 0 0 0 0 0 0 0 0 0 0 0 0 0 0 0 6 23 3 18 2 0 0 0 41 37 40 47 43 31 36 80 40 47 51 87 98 100 97 97 70 37 20 0 0 0 6 44 40 50 0 53 100 98 87 31 9 2 0 13 5 24 13 2 27
-9 -9 -9 -9 48 66 17 21 67 77 64 85 100 100 100 100 100 100 99 26 0 0 0 0 0 1 12 0 0 0 0 0 0 0 0 0 0 0 0 0 0 0 0 0 0 0 0 0 3 13 0 0 28 34 28 32 60 0 0 0 6 81 46 90 69 65 40 63 67 100 100 100 100 100 46 34 2 23 61 6 9 0 66 100 65 21 0 0 0 1 31 62 19 28 40 0
-9 -9 -9 -9 -9 44 40 97 59 65 88 31 97 100 100 100 100 98 53 0 0 2 1 21 37 0 28 0 0 0 0 0 0 16 42 18 0 0 0 0 0 0 0 0 0 0 0 0 30 39 1 24 33 31 15 7 13 0 31 59 30 19 0 54 65 68 33 18 33 56 75 88 100 96 100 100 59 0 38 3 0 43 99 79 63 44 3 0 0 40 81 28 44 40 58 19
-9 -9 -9 -9 -9 -9 83 92 66 100 35 79 100 67 92 72 36 68 34 52 2 22 14 53 14 0 0 0 0 0 0 0 0 0 8 69 15 0 0 0 0 0 0 0 0 0 0 0 64 89 71 11 18 0 0 7 0 0 4 16 3 1 3 42 71 99 26 7 70 61 86 49 46 15 61 100 98 8 48 27 0 41 92 56 84 66 32 1 49 44 52 37 100 65 22 64
-9 -9 -9 -9 -9 -9 98 71 97 84 47 100 100 49 8 3 0 17 71 46 0 0 11 48 0 0 0 0 0 0 0 8 23 54 23 44 49 0 0 0 0 0 0 1 41 8 11 59 47 42 93 39 0 16 0 40 1 3 60 64 79 75 87 52 84 20 0 0 26 74 5 0 0 0 59 100 100 49 28 4 0 13 96 100 72 80 77 36 4 28 66 74 27 35 61 59
-9 -9 -9 -9 -9 -9 92 80 94 8 49 100 100 33 12 4 0 38 64 0 4 4 0 2 0 0 0 0 0 0 1 63 89 83 73 88 77 5 0 0 0 0 0 32 43 33 42 22 36 15 36 95 83 31 -9 -9 -9 46 30 11 79 93 28 66 87 45 0 0 0 2 0 0 0 21 57 99 100 100 24 2 0 7 53 48 93 95 44 6 1 53 96 37 41 77 83 100
-9 -9 -9 -9 71 94 52 78 15 0 45 95 89 1 0 18 0 0 0 3 36 63 0 0 0 0 0 0 0 16 10 70 39 36 12 30 35 0 0 0 0 7 4 32 5 44 43 3 38 41 45 90 -9 -9 -9 -9 -9 72 64 33 34 66 60 63 28 39 18 23 0 0 0 0 0 10 71 78 67 74 6 20 25 15 30 32 54 76 58 30 41 87 77 54 28 32 42 50
-9 -9 50 47 92 48 70 40 0 1 67 99 34 0 0 5 3 19 12 2 43 39 0 0 0 0 0 0 0 1 12 61 39 20 1 0 14 30 35 56 45 66 90 41 59 13 0 0 18 56 -9 -9 -9 -9 -9 -9 -9 -9 100 83 41 28 54 94 61 53 26 44 19 0 0 4 22 66 80 99 100 97 21 0 0 33 0 0 19 83 74 76 84 72 97 25 3 2 0 3
-9 44 51 95 36 39 79 10 0 59 100 78 0 0 0 0 5 16 0 0 55 30 0 0 0 0 0 0 1 0 5 42 0 0 4 53 89 100 53 70 100 100 87 47 23 0 0 2 52 -9 -9 -9 -9 -9 -9 -9 -9 -9 72 60 91 65 37 76 79 83 86 27 5 68 42 14 6 27 65 77 68 63 66 5 0 25 0 0 18 75 100 51 90 91 52 44 31 0 4 49
50 54 45 71 25 83 41 0 9 97 100 72 0 0 0 0 0 0 29 76 85 56 6 0 0 0 0 0 23 47 67 6 20 0 24 14 45 47 16 89 100 63 19 0 0 -9 -9 -9 -9 -9 -9 -9 -9 -9 -9 -9 -9 -9 96 66 100 82 95 87 73 85 26 0 4 50 97 63 10 28 43 80 87 79 84 1 0 1 0 0 20 59 78 87 70 40 15 24 28 18 66 70
53 64 91 59 89 75 36 6 73 100 73 16 6 0 23 0 0 24 63 100 66 24 0 0 0 0 0 0 8 72 62 93 54 0 1 37 9 25 70 100 75 8 0 0 0 -9 -9 -9 -9 -9 -9 -9 -9 -9 -9 -9 -9 -9 100 68 80 35 84 66 70 42 41 43 24 56 49 68 73 52 1 31 85 100 100 59 8 0 0 0 21 9 26 100 60 44 48 44 47 59 75 37
56 36 64 100 93 100 68 11 96 100 95 10 1 6 11 35 0 6 74 23 80 27 1 0 0 0 0 0 0 0 8 93 100 27 0 14 88 65 37 71 70 51 0 0 4 -9 -9 -9 -9 -9 -9 -9 -9 -9 -9 -9 -9 -9 -9 74 65 63 74 49 23 72 54 33 65 37 53 11 69 75 34 11 34 97 100 78 0 0 0 0 53 6 33 60 26 89 93 39 60 51 11 24
38 44 97 100 100 70 8 89 100 99 36 0 0 8 49 2 0 1 34 0 29 27 38 0 0 0 0 0 0 0 0 45 71 74 15 44 81 11 0 23 4 0 0 11 45 -9 -9 -9 -9 -9 -9 -9 -9 -9 -9 -9 -9 -9 -9 -9 100 93 64 42 64 31 58 91 69 67 44 70 76 37 32 45 33 2 82 100 99 25 0 0 0 1 0 1 28 72 86 86 56 37 36 76
78 100 100 93 43 1 60 84 98 46 2 28 7 0 28 7 0 0 0 0 4 18 6 0 0 0 0 0 0 0 0 31 80 55 53 45 8 0 0 0 0 2 36 91 100 91 -9 -9 -9 -9 -9 -9 -9 -9 -9 -9 -9 -9 -9 -9 100 54 28 68 43 63 31 46 51 39 35 4 80 96 37 21 41 43 96 77 94 86 31 5 6 26 18 1 42 17 47 27 82 72 79 50
59 99 74 50 2 1 88 70 42 1 0 0 0 0 2 0 0 0 0 0 11 4 0 0 0 0 0 0 0 0 0 64 100 66 34 0 24 20 0 0 44 84 94 100 100 65 -9 -9 -9 -9 -9 -9 -9 -9 -9 -9 -9 -9 -9 -9 -9 81 47 81 10 35 49 47 51 13 0 4 56 72 50 48 30 67 42 23 96 100 100 17 18 22 11 14 91 82 93 97 62 79 92 99
83 58 56 97 17 86 99 89 1 0 0 0 0 31 71 25 0 0 31 20 28 32 0 0 0 0 0 0 0 0 0 6 86 56 2 0 40 63 65 72 63 72 58 100 100 66 -9 -9 -9 -9 -9 -9 -9 -9 -9 -9 -9 -9 -9 -9 91 62 63 43 5 58 94 85 76 49 1 0 63 36 59 81 50 1 0 21 74 100 75 4 0 0 11 0 0 18 100 66 72 100 66 94
83 58 84 42 79 100 100 58 0 0 0 0 0 13 30 20 0 0 25 3 0 0 0 0 0 0 0 0 0 0 0 1 81 65 0 6 84 94 100 100 41 96 79 70 48 35 -9 -9 -9 -9 -9 -9 -9 -9 -9 -9 -9 -9 -9 -9 17 68 99 45 2 30 38 40 83 83 63 41 93 53 77 49 61 17 49 4 67 86 13 4 0 74 11 11 22 30 100 75 69 56 45 71
17 77 79 66 100 100 87 29 0 2 27 22 0 0 0 0 0 0 0 0 0 0 0 0 0 0 0 0 0 0 1 39 71 27 0 64 100 100 100 78 31 89 96 64 33 18 -9 -9 -9 -9 -9 -9 -9 -9 -9 -9 -9 -9 -9 -9 16 83 92 25 0 0 0 1 50 79 92 72 77 14 12 79 36 48 66 74 75 28 66 36 58 98 83 12 1 14 100 81 20 0 9 65
46 100 91 100 90 40 7 0 0 12 85 12 0 0 0 0 0 0 0 0 0 0 0 0 0 0 0 0 0 0 0 39 11 37 34 79 87 100 70 87 28 72 47 17 16 32 -9 -9 -9 -9 -9 -9 -9 -9 -9 -9 -9 -9 -9 -9 96 91 80 71 6 9 16 0 21 40 66 78 16 0 51 100 84 50 6 38 30 47 90 84 64 71 37 31 1 52 100 24 0 0 17 0
80 100 100 93 19 0 0 5 11 36 29 0 1 37 50 0 21 59 0 0 0 0 0 0 0 0 0 0 0 2 24 29 65 54 97 58 63 100 100 70 10 29 52 9 17 -9 -9 -9 -9 -9 -9 -9 -9 -9 -9 -9 -9 -9 -9 71 88 91 62 56 19 72 100 92 93 80 7 11 0 1 59 86 5 19 72 75 35 68 95 83 67 70 11 11 52 100 46 27 0 0 0 0
97 100 98 72 3 20 0 64 48 27 34 16 11 25 10 33 17 8 0 0 0 0 0 0 0 0 0 0 0 0 4 48 11 7 11 53 94 100 100 50 3 42 16 25 30 -9 -9 -9 -9 -9 -9 -9 -9 -9 -9 -9 -9 -9 -9 39 80 67 74 71 70 91 69 100 100 87 11 0 0 30 63 22 0 53 63 44 81 77 73 43 64 78 84 7 41 100 89 18 0 0 0 0
100 100 61 29 4 43 25 55 0 0 46 3 26 2 23 42 20 7 2 0 0 0 0 0 0 0 0 0 0 0 0 41 0 0 5 52 90 100 82 63 13 48 59 7 52 -9 -9 -9 -9 -9 -9 -9 -9 -9 -9 -9 -9 -9 -9 16 78 90 26 40 98 90 32 56 68 55 52 10 0 3 9 0 54 56 15 25 88 72 21 7 60 83 97 55 53 100 100 55 0 0 0 0
100 83 62 0 3 41 46 0 0 30 14 19 43 46 17 4 2 3 0 0 0 0 0 0 0 0 0 0 15 0 0 0 0 0 22 25 58 100 60 58 26 73 9 10 19 -9 -9 -9 -9 -9 -9 -9 -9 -9 -9 -9 -9 -9 -9 62 70 52 71 51 52 46 51 51 72 44 4 12 0 0 3 22 47 28 25 77 77 89 7 16 80 22 80 81 82 58 96 69 3 0 0 0
100 94 21 0 19 78 66 12 49 15 23 26 9 11 4 0 0 0 0 0 0 0 11 18 10 10 12 26 43 30 1 9 40 19 15 2 62 96 50 96 72 47 41 59 -9 -9 -9 -9 -9 -9 -9 -9 -9 -9 -9 -9 -9 -9 -9 62 98 74 80 75 8 68 89 70 71 29 0 0 0 0 15 68 61 31 56 84 22 0 0 0 6 43 94 100 62 17 98 76 36 0 0 0
98 78 0 3 55 75 83 37 10 0 0 6 0 16 0 0 0 0 0 0 0 0 0 12 5 10 58 95 41 30 33 29 50 14 28 32 22 37 33 96 39 49 37 -9 -9 -9 -9 -9 -9 -9 -9 -9 -9 -9 -9 -9 -9 -9 67 29 36 45 80 39 34 90 45 2 2 0 0 0 0 0 23 17 57 61 83 49 1 0 0 0 0 49 100 100 81 0 68 82 10 0 0 0
99 97 6 0 65 73 9 11 0 0 0 0 1 21 4 0 0 0 0 0 0 0 0 0 10 70 61 62 29 24 14 21 21 1 13 3 4 30 39 72 15 14 32 -9 -9 -9 -9 -9 -9 -9 -9 -9 -9 -9 -9 -9 -9 -9 72 27 75 12 38 67 67 77 60 16 0 0 0 0 21 36 65 53 59 76 29 2 0 0 0 0 0 21 77 91 100 14 65 99 68 0 2 10
