data/habitatmaps/RS_maps/habitat_Fringilla.coelebs_2011.asc
NCOLS 369 
NROWS 228 
XLLCORNER 479000 
YLLCORNER 73000 
CELLSIZE 1000 
NODATA_value -9 
[rows 122 to 182 of 228, columns 192 to 287 of 369]
0 0 0 0 0 0 0 0 0 0 0 0 0 0 0 0 0 0 0 53 51 82 89 42 0 12 74 76 0 0 0 0 0 0 0 0 0 0 0 0 42 4 6 45 66 79 76 30 41 15 67 82 63 56 41 26 29 17 20 0 0 0 13 53 100 92 49 76 69 31 0 0 0 29 31 100 99 26 7 19 30 40 14 37 77 95 39 0 0 45 69 95 20 0 0 0
0 3 0 0 0 0 0 0 0 0 0 38 18 0 0 0 0 0 6 22 50 98 37 2 0 1 26 28 0 0 0 0 0 0 0 0 0 0 0 11 72 64 96 72 33 36 8 77 66 72 100 80 87 20 65 42 63 1 0 0 0 0 16 21 64 83 61 80 57 14 0 0 0 75 75 93 49 0 13 6 30 28 50 17 99 74 10 0 0 25 65 95 50 0 0 0
42 83 6 0 0 0 0 0 0 0 0 0 8 0 0 0 0 0 48 76 67 58 0 0 0 0 0 0 0 0 0 0 0 0 0 0 0 0 3 66 100 87 27 2 6 45 69 41 32 85 87 91 64 67 97 74 39 0 0 8 6 2 19 15 88 28 78 39 9 0 0 0 24 82 81 50 0 0 37 7 21 36 35 18 83 47 45 2 0 2 68 79 64 0 0 0
29 34 48 5 0 0 0 0 0 0 0 0 0 22 13 8 32 6 92 34 73 13 0 0 0 0 0 0 0 0 0 0 0 0 0 0 0 62 94 100 69 73 55 45 53 97 81 34 73 78 47 2 0 92 31 14 29 0 0 10 11 21 9 45 43 57 57 82 0 0 0 0 30 47 96 46 0 0 38 44 21 47 49 36 64 98 77 34 15 15 49 66 14 0 0 0
0 0 0 0 0 0 0 0 0 0 0 0 0 6 2 50 96 83 58 96 43 0 0 0 0 0 0 0 0 0 0 0 0 0 0 1 29 89 39 67 91 90 20 92 70 100 50 1 22 48 2 0 0 68 7 0 0 0 0 0 0 16 54 62 57 68 100 55 0 0 0 1 33 77 48 3 0 15 33 42 41 64 68 47 50 100 66 59 69 66 58 55 43 0 0 0
0 0 0 0 0 0 0 0 0 0 0 0 0 0 0 10 61 62 52 26 0 0 0 0 0 0 0 0 0 0 0 0 0 0 27 92 78 50 67 100 86 58 10 29 53 95 49 1 0 0 0 0 0 12 0 0 0 0 0 0 0 21 53 30 86 100 100 80 0 0 0 9 33 97 31 0 0 0 0 0 24 68 100 80 62 74 97 82 39 30 78 58 71 6 0 3
0 0 0 0 0 0 0 0 0 0 0 0 0 0 0 0 67 45 66 5 0 0 0 0 0 0 0 0 0 0 0 0 0 32 53 53 50 90 100 16 0 0 1 8 53 93 95 24 0 0 0 0 0 0 0 0 0 4 12 48 48 46 38 73 86 79 100 63 14 0 0 24 30 87 6 38 26 6 8 59 96 100 95 63 100 100 100 96 29 54 86 55 82 50 12 66
0 0 0 0 0 0 0 0 0 0 0 0 0 0 0 0 55 62 54 0 0 0 0 0 0 0 0 0 0 6 1 23 26 26 76 4 57 89 72 68 0 0 0 3 49 24 83 5 0 0 0 0 0 0 0 0 3 36 31 71 86 67 54 72 46 9 87 57 0 0 16 37 58 57 0 36 47 47 91 81 89 100 65 98 52 47 48 72 96 57 39 46 37 82 64 80
0 0 0 0 0 0 0 0 0 0 0 0 0 0 0 1 55 69 20 0 0 0 0 0 0 0 0 0 19 26 36 65 20 70 47 55 68 21 28 64 0 0 0 0 0 39 52 50 0 0 0 0 0 0 22 29 75 31 43 75 100 100 73 81 4 0 21 2 0 0 7 89 18 33 61 1 42 75 50 62 48 96 97 94 68 51 76 100 100 73 83 74 34 31 52 94
0 0 0 0 0 0 0 0 0 0 0 0 0 1 77 76 88 62 25 0 0 0 0 0 0 0 0 1 11 20 82 61 56 98 77 51 25 39 16 40 0 0 0 0 0 0 41 69 2 0 0 0 0 7 43 89 60 24 78 80 37 100 98 61 58 9 0 0 0 13 31 45 0 1 14 0 22 0 0 0 2 65 100 71 18 14 85 74 86 41 39 62 48 42 56 94
0 0 0 0 0 0 0 0 0 0 0 0 6 0 0 56 49 17 0 0 0 0 0 0 0 1 37 35 45 22 38 95 47 73 27 70 41 40 0 14 0 0 0 0 0 0 27 56 1 0 0 0 0 0 8 8 58 88 44 20 11 98 100 95 35 0 0 0 0 43 52 11 0 0 0 0 0 0 0 13 59 1 81 90 58 0 13 5 60 84 34 12 77 100 100 100
0 0 0 0 0 0 0 0 0 0 0 0 24 0 0 0 0 0 0 0 0 0 0 0 0 13 9 8 2 0 0 9 0 1 0 5 41 61 1 0 0 0 0 0 0 0 0 16 2 0 0 0 0 0 0 50 74 66 14 0 1 51 100 67 0 0 0 0 0 34 6 0 0 0 0 0 0 0 0 14 24 3 8 73 97 22 0 2 15 82 87 28 93 100 87 79
0 0 0 0 0 0 0 0 0 0 0 0 0 0 0 0 7 40 3 0 0 0 0 0 0 0 0 0 0 0 0 0 0 0 0 0 59 81 21 0 0 0 0 0 0 0 0 0 0 0 0 0 0 0 35 98 32 2 0 0 0 40 100 28 0 0 0 0 0 0 0 0 0 0 0 0 0 0 39 37 13 0 43 100 96 24 0 0 1 14 87 86 39 64 33 13
0 0 0 0 0 0 0 0 0 0 0 0 0 0 0 0 17 58 0 0 0 0 0 0 0 0 0 0 0 0 0 0 0 0 0 6 45 8 0 0 0 0 0 0 0 0 0 0 0 0 0 0 0 0 49 66 4 0 0 0 0 7 47 46 0 0 0 0 0 0 0 0 0 0 0 0 0 0 18 45 34 28 79 61 4 0 0 0 0 3 53 95 8 47 58 3
0 0 0 0 0 0 0 0 0 0 0 0 0 0 0 9 6 6 10 5 0 0 0 0 0 0 0 0 0 0 0 0 0 0 0 0 57 0 0 0 0 0 0 0 0 0 0 0 0 0 0 0 0 0 6 7 0 0 0 0 0 27 44 56 0 0 0 0 0 0 0 0 0 0 0 0 10 29 85 97 65 5 74 50 0 0 0 0 0 2 62 57 4 8 68 66
0 0 0 0 0 0 0 0 0 0 0 0 0 0 0 16 1 0 0 1 0 0 0 0 0 0 0 0 0 0 0 0 0 0 0 0 6 0 0 0 0 0 0 0 0 0 0 0 0 0 0 0 0 0 0 0 0 0 0 0 0 13 42 48 0 0 0 0 0 0 0 0 0 0 0 0 0 2 8 73 96 44 100 51 0 0 0 0 0 39 79 55 1 27 83 97
0 0 0 0 0 0 0 0 0 0 0 0 0 0 0 0 0 0 0 0 0 0 0 0 0 0 0 0 0 0 0 0 0 0 0 0 0 0 0 0 0 0 0 0 0 0 0 0 0 0 0 0 0 0 0 0 0 0 0 9 44 90 57 0 0 0 0 0 0 0 0 0 0 0 0 0 0 0 7 99 92 80 86 8 0 0 0 0 0 61 87 30 2 20 87 74
0 0 0 0 0 0 0 0 0 0 0 0 0 0 0 0 0 0 0 0 0 0 0 0 0 0 0 0 0 0 0 0 0 0 0 0 0 0 0 0 0 0 0 0 0 0 0 0 0 0 0 0 0 0 0 0 0 0 0 68 84 40 46 6 0 0 0 0 0 0 0 0 0 0 0 0 0 0 7 90 89 90 83 0 0 0 0 0 0 0 6 46 70 32 28 70
0 0 0 0 0 0 0 0 0 0 0 0 0 0 0 0 0 0 0 0 0 0 0 0 0 0 0 0 0 0 0 0 0 0 0 0 0 0 0 0 0 0 0 0 0 0 0 4 30 3 0 0 0 0 0 0 0 0 45 40 1 0 0 0 0 0 0 0 0 0 0 0 0 0 0 20 59 27 12 42 89 99 71 3 0 0 0 0 0 0 0 22 68 99 98 53
0 0 0 0 0 0 0 0 0 0 0 0 0 0 0 0 0 0 0 0 0 0 0 0 0 0 0 0 0 0 0 0 0 0 0 0 0 0 0 0 0 0 15 36 22 0 32 46 8 0 0 0 0 0 0 0 0 22 14 0 0 0 0 0 0 0 0 0 0 0 0 0 0 0 37 68 6 74 92 37 90 100 99 23 0 0 0 0 0 0 0 49 89 30 89 96
0 0 0 0 0 0 0 0 0 0 0 0 0 0 0 0 0 0 0 0 0 0 0 0 0 0 0 0 0 0 0 0 0 0 0 0 0 0 0 0 11 12 70 43 64 24 17 63 0 0 0 0 0 0 0 0 0 0 0 0 0 0 0 0 0 0 0 0 0 0 0 0 17 43 76 80 88 83 100 88 87 83 54 16 0 0 0 0 0 0 0 86 22 0 45 89
0 0 0 0 0 0 0 0 0 0 0 0 0 0 0 0 0 0 0 0 0 0 0 0 0 0 0 0 0 0 0 0 0 0 0 0 0 0 0 35 95 54 72 62 83 37 28 9 0 0 0 0 0 0 0 0 0 0 0 0 0 0 0 0 0 0 0 0 17 24 18 42 40 38 91 86 35 12 47 1 21 95 98 19 0 0 0 0 0 0 4 18 0 0 68 62
0 0 0 0 0 0 0 0 0 0 0 0 0 0 0 0 0 0 0 0 9 24 5 0 0 0 0 0 0 0 0 0 0 2 0 0 0 0 0 14 53 52 77 90 11 12 0 0 0 0 0 0 0 0 0 0 0 0 0 0 0 0 0 0 0 0 0 21 63 76 48 82 66 92 29 7 0 0 0 0 0 75 59 2 0 0 0 0 0 0 0 0 0 0 6 79
0 0 0 0 0 0 0 0 0 0 0 0 0 0 0 0 0 0 12 33 45 83 10 0 0 3 0 0 0 0 0 0 0 20 36 12 0 0 0 48 51 24 17 56 56 56 2 0 0 0 0 0 0 0 0 0 0 0 0 0 0 0 0 0 16 19 0 8 33 10 9 8 6 47 0 0 0 0 0 0 2 80 19 0 0 0 0 0 0 0 0 0 0 0 4 91
33 2 0 0 0 0 0 0 0 0 0 0 0 0 0 0 2 19 32 85 58 62 1 14 56 42 9 0 0 0 0 0 0 14 80 35 11 0 36 85 70 92 90 94 96 15 0 0 0 0 0 0 0 0 0 0 0 0 0 0 0 0 0 0 62 40 30 35 0 0 0 0 0 0 0 0 0 0 0 0 13 96 61 2 0 0 0 0 0 0 0 0 0 0 41 58
34 28 0 0 0 0 0 0 0 0 0 0 0 1 18 28 72 29 20 62 58 64 53 57 66 71 15 18 1 0 0 0 0 0 4 28 48 64 62 54 80 71 88 100 67 95 46 0 0 0 0 0 0 0 0 0 0 0 0 0 0 0 0 0 0 16 2 0 0 0 0 0 0 0 0 0 0 0 0 0 16 70 74 46 3 0 0 0 0 0 0 0 0 3 84 93
37 35 3 0 0 0 0 0 0 0 1 2 35 26 47 64 84 81 85 58 17 54 71 95 63 57 28 76 47 3 0 0 0 0 0 0 11 30 11 12 3 66 100 100 84 81 76 0 0 0 0 0 0 0 0 0 0 0 0 0 0 0 0 0 0 0 0 0 0 0 0 0 0 0 0 0 0 0 0 0 0 0 0 36 96 62 49 0 0 0 0 0 0 0 15 21
0 0 2 0 0 0 0 0 0 0 5 31 48 47 25 51 5 0 0 3 48 64 70 100 85 63 34 30 32 61 11 15 5 9 0 0 0 0 0 0 0 1 53 97 90 99 93 23 5 0 0 0 0 0 0 0 0 0 0 0 0 0 0 0 0 0 0 0 0 0 0 0 0 0 0 0 0 0 0 0 0 0 0 2 69 57 0 0 0 0 0 0 0 0 0 0
0 0 0 0 0 0 0 0 4 39 37 65 38 1 0 0 0 0 0 0 7 48 35 41 62 93 88 69 59 93 96 60 50 68 74 23 12 0 0 0 19 28 0 28 70 100 100 87 55 0 0 0 0 0 0 0 0 0 0 0 0 0 0 0 0 0 0 0 0 0 0 0 0 0 0 0 0 0 0 0 0 0 0 0 45 63 5 0 0 0 0 0 0 0 0 0
0 0 0 0 0 0 0 0 55 24 61 18 0 0 0 0 0 0 2 2 0 0 2 0 7 32 18 61 94 100 90 77 86 68 72 44 87 11 0 0 49 69 57 73 42 100 99 49 28 0 0 0 0 0 0 0 0 0 0 0 0 0 0 0 0 0 0 0 0 0 0 0 0 0 0 0 0 0 0 0 0 0 0 0 2 69 53 6 0 0 0 0 0 0 0 0
0 0 0 0 0 0 0 9 13 0 0 0 0 0 0 0 0 1 28 74 55 12 0 0 0 0 0 10 84 61 52 72 100 88 58 71 39 61 19 1 12 59 91 39 45 95 74 0 0 0 0 0 0 0 0 0 0 0 0 0 0 0 0 2 0 0 0 0 0 0 0 0 0 13 17 14 0 0 0 0 0 0 0 0 0 5 50 57 34 0 0 0 0 0 0 0
0 0 0 0 0 0 0 24 0 0 0 0 0 0 0 0 0 0 0 34 19 57 8 0 0 0 0 0 24 89 88 44 77 83 46 58 36 96 20 14 18 62 95 40 57 100 54 0 0 0 17 35 3 0 0 0 0 0 0 0 0 0 1 37 17 0 0 0 0 0 0 0 0 45 42 11 0 0 0 0 0 0 0 0 0 0 18 0 26 7 0 0 0 0 0 0
0 0 0 0 0 0 0 0 0 0 0 0 0 0 0 0 0 0 0 0 28 34 44 28 0 0 0 0 2 38 74 99 87 69 68 100 57 100 44 12 14 25 67 69 86 100 72 7 0 0 2 76 62 38 3 0 0 0 0 0 0 0 4 79 50 0 0 0 0 0 0 0 8 66 36 1 22 33 7 0 0 0 0 0 0 0 0 0 0 0 0 0 0 0 0 0
0 0 0 0 0 0 0 0 0 0 0 0 0 0 0 0 0 8 1 0 0 13 51 79 40 17 0 0 0 13 68 83 79 62 69 95 95 87 75 20 0 51 97 66 93 100 100 86 6 0 0 71 61 2 0 0 0 0 0 0 0 0 9 77 99 18 0 0 0 0 0 0 14 29 29 42 37 60 6 0 0 0 0 0 0 0 0 0 0 0 0 0 0 0 0 0
0 0 0 0 0 0 0 0 0 0 0 0 0 0 0 0 15 58 61 0 0 12 77 65 52 0 0 0 0 52 88 16 50 57 99 95 98 100 87 68 1 17 89 100 97 100 100 99 60 10 30 40 40 10 0 0 0 0 0 0 0 0 3 68 32 34 7 0 0 0 2 19 89 58 66 66 88 51 0 0 0 0 0 0 0 0 0 0 0 0 0 0 0 0 0 0
0 0 0 0 0 0 0 0 0 0 0 0 0 0 0 0 3 0 56 0 2 73 94 97 52 0 0 0 0 2 13 0 0 3 86 96 67 89 61 95 71 2 78 100 98 92 65 96 89 79 71 68 82 74 7 0 0 0 3 24 7 1 1 70 76 76 64 14 1 0 3 24 10 0 70 77 69 67 25 0 0 0 0 0 0 0 0 0 0 0 0 0 0 0 0 0
0 0 0 0 0 0 0 0 0 0 0 4 18 0 0 0 24 65 17 0 3 54 56 82 29 0 0 0 0 0 0 0 0 4 84 94 99 98 100 80 87 82 37 98 76 83 84 78 64 87 93 100 100 94 64 2 0 0 34 73 14 0 1 50 55 64 69 58 18 0 0 0 0 0 40 77 19 15 0 0 0 0 0 0 0 0 0 0 0 0 0 0 0 0 0 0
0 0 0 0 0 0 0 0 0 0 0 57 85 43 20 0 0 74 74 68 43 36 94 95 20 0 0 0 0 0 0 0 2 55 73 68 72 69 100 72 75 66 57 59 75 83 72 69 98 100 100 100 97 54 28 1 0 0 53 76 3 0 0 0 21 80 42 49 52 0 0 0 0 19 86 71 56 72 48 0 0 0 0 0 0 0 0 0 0 0 0 0 0 0 0 0
0 0 0 0 0 0 0 0 0 0 1 84 97 98 41 0 0 7 85 68 99 93 98 35 0 14 55 31 0 0 0 6 72 100 86 93 69 99 93 54 97 60 100 60 62 79 62 41 98 96 84 63 61 73 0 0 0 3 89 96 16 0 0 0 34 92 35 49 52 0 0 0 0 2 58 72 69 88 86 31 0 0 0 0 0 0 0 0 0 0 0 0 0 0 0 0
0 0 0 0 2 0 0 0 0 0 0 22 96 100 31 0 0 4 38 55 99 100 84 90 40 82 98 44 0 0 0 0 8 44 44 54 80 100 100 45 59 66 100 100 86 96 97 37 100 75 71 13 11 5 0 0 0 29 98 93 55 1 0 1 69 99 44 93 52 0 0 0 0 2 45 51 71 77 2 0 0 0 0 0 0 0 0 0 0 0 0 0 0 0 0 0
0 0 0 0 52 1 0 0 0 0 0 8 90 100 76 7 0 0 0 4 80 100 75 94 100 100 56 4 0 0 0 0 0 0 0 12 67 82 98 100 57 82 98 95 100 100 94 99 98 72 52 54 87 66 13 0 0 32 97 53 3 0 0 0 31 86 68 89 86 0 0 0 0 0 7 80 92 54 12 0 0 0 0 0 0 0 0 0 0 0 0 0 0 0 0 0
0 0 0 10 46 56 1 0 0 0 0 0 82 100 72 9 6 0 2 0 62 100 80 65 62 100 57 0 0 0 21 65 83 40 0 0 0 30 87 99 100 97 89 79 100 92 36 45 100 100 91 85 54 97 94 28 1 53 88 54 2 0 0 13 93 100 88 96 59 0 0 0 0 0 22 77 55 44 27 21 0 0 0 0 0 0 0 0 0 0 0 0 0 0 0 0
0 0 0 5 55 59 2 0 0 0 0 0 65 99 100 57 48 33 23 4 48 92 84 98 46 57 36 0 0 0 0 12 61 53 40 0 0 36 87 78 94 100 93 24 89 100 98 55 92 55 58 92 96 88 40 5 5 79 77 73 28 0 0 37 100 100 92 100 59 1 0 0 0 0 15 60 77 62 68 50 8 0 0 0 4 0 0 0 0 0 0 6 11 6 29 38
0 0 11 69 49 81 19 0 0 1 14 0 63 94 100 96 63 73 18 84 83 87 80 99 31 0 0 0 0 0 0 0 73 76 77 0 0 3 17 42 94 95 90 91 59 53 99 92 40 1 0 9 58 32 0 0 1 70 73 73 66 1 0 43 100 98 52 52 81 58 1 0 2 64 66 69 80 66 70 6 0 19 42 50 62 3 23 36 47 48 63 72 97 82 100 100
0 0 0 0 53 59 30 0 0 2 33 67 80 38 20 76 76 79 74 57 70 98 75 50 16 0 0 0 6 3 47 75 94 100 52 0 0 0 21 14 81 92 95 100 100 51 56 91 92 43 0 0 4 0 0 0 0 72 80 82 37 2 30 91 100 71 79 86 98 98 49 0 13 98 100 100 96 86 55 20 40 50 75 43 67 16 84 69 95 85 62 72 70 65 41 64
0 0 0 3 43 66 32 0 0 0 8 42 14 0 1 38 80 100 92 100 100 96 85 75 17 0 0 0 0 63 100 100 62 77 17 56 45 0 0 84 100 99 100 100 100 100 38 75 100 32 3 9 0 0 0 0 31 70 86 77 8 0 23 54 89 91 100 100 100 50 67 0 0 69 89 100 75 100 98 89 97 96 99 96 62 66 90 82 69 55 48 76 86 98 98 90
23 8 26 91 76 100 21 0 0 0 0 0 0 10 0 0 57 100 100 100 100 98 79 71 3 1 17 1 0 5 66 70 100 66 100 96 86 20 8 97 100 100 66 75 100 100 69 65 100 89 92 100 59 3 0 1 75 98 58 74 32 0 10 59 90 69 100 93 25 59 12 0 0 2 2 87 100 100 71 73 67 84 58 58 65 60 68 77 88 88 97 100 85 97 70 1
49 60 63 75 90 100 57 0 0 7 3 46 59 96 40 0 55 100 100 100 100 92 68 8 0 28 70 7 0 0 0 21 91 85 100 67 17 0 31 11 64 74 26 96 100 100 57 93 100 100 100 96 42 0 0 1 66 88 77 93 2 0 47 97 66 82 100 100 85 70 0 0 4 68 68 98 100 100 80 99 100 100 97 100 98 81 96 92 69 97 97 61 25 62 35 12
19 86 90 75 67 13 9 0 1 15 63 93 100 100 98 31 97 100 100 100 83 52 0 0 0 44 83 82 62 50 14 11 85 73 100 70 5 0 0 0 7 0 68 99 99 100 83 85 100 100 100 100 96 13 0 0 45 74 88 69 0 8 80 99 59 100 100 99 100 68 4 1 10 84 100 100 100 100 64 71 78 98 79 100 100 96 89 57 74 70 15 0 0 0 0 0
92 82 99 29 0 0 0 0 14 45 54 78 97 74 99 98 100 100 76 100 100 97 59 17 53 9 55 87 93 97 57 58 100 65 100 90 14 0 0 0 0 0 2 31 61 100 98 94 100 100 100 97 25 4 0 19 94 100 57 48 0 58 99 64 77 100 100 72 46 0 0 0 70 97 100 100 100 65 7 73 97 100 100 96 38 63 57 0 0 0 0 0 0 0 0 0
77 89 66 22 0 0 0 2 66 60 43 91 99 93 99 100 100 100 96 46 98 100 85 37 95 12 18 18 69 89 100 91 96 69 98 49 3 22 23 30 31 4 2 65 95 98 96 79 74 100 100 66 0 0 0 49 100 85 62 68 35 100 80 66 94 94 68 48 0 0 0 3 42 74 43 90 100 54 4 80 99 94 100 46 0 4 7 0 0 2 32 33 0 0 0 0
85 56 35 4 0 0 0 12 42 84 83 100 100 100 96 70 92 100 100 70 69 79 100 80 91 91 92 15 0 28 81 100 71 84 67 0 39 96 22 90 76 0 81 100 100 100 100 55 42 100 100 96 19 0 24 53 100 64 99 74 43 88 95 99 97 31 24 23 0 0 0 8 43 66 55 72 88 32 2 57 98 21 55 22 0 0 0 0 0 24 97 25 0 0 0 0
96 57 4 0 0 1 2 56 96 37 86 99 100 98 30 17 32 54 99 100 100 91 76 98 100 100 46 28 47 4 11 83 100 79 46 5 34 92 38 99 34 0 32 60 100 100 100 65 61 76 100 100 63 4 23 100 100 99 100 69 55 76 93 100 76 3 0 0 0 0 9 19 64 85 82 100 100 88 30 65 80 31 37 7 11 0 34 53 57 86 97 7 0 0 0 0
89 20 0 0 3 46 91 99 60 92 39 36 57 41 10 0 0 46 100 100 100 100 100 68 100 100 76 89 100 15 0 19 100 97 88 7 54 100 100 59 4 1 6 68 99 95 100 100 64 58 100 100 97 33 28 100 82 100 89 87 92 92 76 100 81 45 27 0 0 20 66 99 65 69 100 71 99 100 24 1 52 72 39 45 49 0 17 56 74 100 86 6 0 0 39 0
100 96 0 0 32 96 82 87 90 68 0 0 0 0 0 0 2 34 56 48 64 98 100 99 68 63 70 96 100 84 42 0 49 100 100 92 76 100 97 98 94 22 1 37 86 100 100 100 100 35 78 100 100 84 39 100 94 98 53 84 99 51 100 100 100 100 83 8 0 51 86 7 82 41 88 46 94 100 66 2 0 79 74 61 44 2 65 77 63 73 52 0 0 25 72 13
95 71 1 0 14 28 48 7 5 20 28 0 0 0 0 0 17 71 19 0 3 8 67 100 100 53 74 24 100 100 96 51 0 56 96 100 92 66 100 97 90 86 57 0 2 88 100 99 91 85 70 79 99 100 100 100 100 75 96 100 93 40 100 85 29 52 98 34 0 40 11 33 61 10 20 86 100 100 100 38 0 32 64 72 68 38 73 42 8 0 0 0 0 39 95 78
72 70 0 0 0 0 0 0 0 0 4 12 42 57 23 29 30 43 58 43 11 33 96 100 100 98 85 81 94 72 61 52 0 1 22 66 68 93 100 92 24 10 16 0 0 26 44 62 90 100 97 40 68 100 100 100 100 100 100 100 92 46 89 100 96 17 9 49 12 0 3 0 2 1 0 0 13 73 100 98 69 28 0 52 80 41 98 53 74 34 0 0 0 0 38 44
88 100 46 32 67 4 0 0 0 0 10 66 100 76 100 100 93 72 78 94 92 86 67 50 79 100 100 62 98 78 86 98 15 0 0 5 20 86 100 70 3 0 0 0 0 0 2 20 91 97 100 65 53 99 100 98 55 25 30 86 100 100 100 100 100 16 0 4 1 0 0 2 9 0 0 0 0 13 75 86 97 -9 3 16 47 29 99 56 37 1 0 0 0 0 0 2
100 54 0 49 86 1 0 0 0 0 0 11 61 80 86 96 96 90 100 100 100 100 48 4 92 100 100 78 64 99 98 38 40 24 22 95 99 77 82 90 63 18 35 7 0 0 5 36 100 100 100 92 50 66 57 88 100 100 92 99 100 100 100 100 89 20 0 0 0 0 43 78 66 37 4 51 9 10 84 100 37 -9 -9 14 69 56 71 98 58 12 0 0 0 0 0 0
99 42 0 65 86 37 37 44 0 0 1 16 0 7 1 17 83 74 97 100 100 100 71 25 82 74 100 100 100 86 98 68 82 20 0 20 94 100 45 100 96 85 82 28 2 8 44 93 100 100 100 100 80 98 100 100 100 100 100 100 100 100 100 61 9 0 0 0 0 0 7 11 70 17 19 47 3 2 41 59 -9 -9 -9 -9 -9 53 60 71 49 20 19 31 0 0 0 11
31 73 71 94 83 87 61 14 8 17 88 100 72 74 16 12 72 96 83 100 99 58 65 94 98 98 100 100 100 92 97 100 100 34 39 64 90 84 61 100 98 75 58 37 26 64 99 100 72 100 100 83 46 100 100 100 100 100 100 100 100 100 100 83 7 0 0 3 28 0 0 14 81 19 44 59 73 78 100 100 -9 -9 -9 -9 -9 -9 100 100 100 93 53 18 0 0 0 40
