data/habitatmaps/RS_maps/habitat_Regulus.regulus_2012.asc
NCOLS 369 
NROWS 228 
XLLCORNER 479000 
YLLCORNER 73000 
CELLSIZE 1000 
NODATA_value -9 
[rows 126 to 188 of 228, columns 0 to 95 of 369]
-9 -9 -9 -9 -9 -9 -9 -9 -9 -9 -9 -9 -9 -9 -9 -9 -9 38 74 79 100 100 83 19 4 63 0 5 50 78 60 77 89 66 61 55 31 67 66 30 0 25 50 38 86 75 88 18 60 19 26 1 0 0 0 0 0 23 50 0 0 63 12 9 47 19 13 0 28 71 8 0 40 40 24 29 26 34 19 0 32 68 71 0 0 27 0 5 25 15 0 24 1 2 9 12
-9 -9 -9 -9 -9 -9 -9 -9 -9 -9 -9 -9 -9 -9 -9 -9 48 97 88 99 93 49 6 23 30 0 62 88 76 54 91 100 79 52 67 66 80 80 3 13 30 37 77 75 71 12 0 6 56 7 9 0 0 0 0 0 0 54 41 4 24 61 0 5 40 51 21 31 0 10 44 22 1 49 85 28 0 4 44 9 31 47 21 0 21 27 9 0 0 5 0 2 0 43 68 27
-9 -9 -9 -9 -9 -9 -9 -9 -9 -9 -9 -9 -9 -9 -9 39 100 100 98 81 54 47 82 88 8 15 100 68 72 99 100 62 32 53 82 71 100 84 73 97 89 87 61 77 59 7 0 26 7 11 0 0 0 0 5 6 35 58 36 56 36 46 0 30 17 59 34 16 0 0 41 16 22 61 19 0 0 0 2 27 3 0 0 0 13 6 37 0 6 23 32 22 35 7 26 33
-9 -9 -9 -9 -9 -9 -9 -9 -9 -9 -9 -9 -9 13 48 50 98 99 71 75 85 37 54 31 69 91 86 99 91 70 89 70 81 96 68 91 98 100 86 20 19 70 64 88 78 36 0 0 0 0 0 0 0 0 3 92 42 70 34 47 0 0 27 29 0 47 36 5 41 22 21 8 35 21 29 0 23 4 0 0 0 0 0 2 39 0 41 18 32 30 64 62 27 31 24 0
-9 -9 -9 -9 -9 -9 -9 -9 -9 -9 -9 -9 6 58 49 100 100 70 70 34 3 8 29 65 92 94 40 41 69 80 68 76 98 80 67 66 95 67 41 21 32 35 58 61 58 0 0 0 0 0 0 0 0 0 1 65 19 16 36 71 0 8 58 0 7 51 35 2 40 20 66 48 13 7 13 4 33 25 5 1 0 0 3 28 3 0 16 37 43 90 100 61 0 0 1 1
-9 -9 -9 -9 -9 -9 -9 -9 -9 -9 -9 18 23 43 82 84 49 38 0 0 4 37 97 82 73 76 61 68 96 80 97 84 57 71 27 12 69 83 67 47 40 40 45 85 59 0 0 0 0 0 0 0 0 0 0 30 4 40 54 17 9 78 4 0 80 28 0 0 0 11 51 3 0 12 28 1 25 37 2 20 0 0 25 0 6 29 1 15 14 4 20 0 0 0 0 0
-9 -9 -9 -9 -9 -9 -9 -9 -9 -9 37 27 0 14 0 0 0 9 37 60 91 52 96 43 51 76 94 84 100 94 72 42 53 18 21 6 34 78 8 58 72 70 88 10 46 4 0 0 0 0 0 0 0 0 40 50 0 0 50 7 12 50 0 35 31 1 0 7 30 12 15 0 29 64 17 2 21 41 0 0 0 0 10 24 17 29 23 63 67 10 21 4 15 0 0 0
-9 -9 -9 -9 -9 -9 -9 -9 -9 -9 0 0 0 0 1 23 12 36 67 99 84 49 84 67 92 78 100 100 98 78 40 30 16 28 8 35 86 94 58 49 38 92 20 57 28 0 0 0 0 0 0 0 0 0 4 13 0 0 0 0 0 25 1 25 48 21 0 15 59 71 13 17 15 13 34 51 40 0 0 0 2 0 0 29 1 24 39 77 33 24 41 18 3 25 29 4
-9 -9 -9 -9 -9 -9 -9 -9 -9 0 0 0 0 26 27 26 4 70 100 100 97 83 59 87 80 98 100 100 100 50 38 21 10 1 49 94 74 79 79 90 80 31 0 60 55 0 13 9 0 0 0 0 0 0 0 22 7 22 0 0 0 20 35 32 30 24 11 62 44 27 26 27 5 51 13 61 8 10 0 0 27 0 9 2 0 9 36 68 94 33 0 0 0 1 20 0
-9 -9 -9 -9 -9 -9 -9 -9 31 0 0 0 0 39 75 77 69 96 100 100 94 68 88 94 95 100 100 100 100 53 37 7 3 64 44 35 78 80 92 89 57 2 0 19 12 21 1 0 0 0 0 0 0 0 0 18 0 0 0 11 35 0 7 49 22 48 12 65 8 32 19 16 50 0 7 1 37 20 2 0 1 0 0 0 0 0 0 48 56 2 0 0 0 5 25 20
-9 -9 -9 -9 -9 -9 -9 -9 0 0 0 0 0 31 96 100 100 100 99 100 94 54 81 100 100 100 100 86 58 28 1 6 59 99 53 40 45 23 63 96 99 43 0 0 0 42 25 1 15 0 0 0 0 0 0 0 0 0 0 26 49 25 0 17 16 21 9 46 46 53 28 0 38 0 6 21 24 4 52 17 4 0 0 2 7 25 0 0 2 0 0 0 3 23 2 12
-9 -9 -9 -9 -9 -9 -9 -9 21 43 7 0 26 95 100 100 100 100 64 99 65 66 100 100 100 100 100 26 6 0 0 28 32 54 44 42 98 81 67 88 39 14 0 0 0 18 2 45 43 0 0 0 0 0 65 17 20 0 0 30 14 0 0 49 40 64 64 4 34 15 15 5 9 0 0 25 65 42 54 36 22 6 3 33 0 0 0 0 0 0 0 0 16 14 0 4
-9 -9 -9 -9 -9 -9 -9 -9 86 35 12 57 100 100 100 100 90 61 50 96 67 99 100 100 100 100 40 0 0 3 32 10 5 58 76 68 100 98 72 30 3 0 0 30 17 1 0 46 15 0 0 0 0 6 29 32 60 10 24 56 40 18 11 63 95 98 22 1 11 11 0 24 12 32 1 24 16 39 25 7 17 36 29 11 6 7 0 0 0 0 0 0 58 81 7 23
-9 -9 -9 -9 -9 -9 -9 48 53 28 90 100 100 100 100 69 51 36 14 40 96 100 100 100 100 99 23 1 36 53 81 68 72 43 16 38 94 100 79 4 9 24 49 94 36 0 0 0 0 0 0 0 0 0 0 0 0 0 19 10 10 1 0 33 71 72 44 0 13 0 9 79 9 6 12 1 0 2 25 1 0 37 36 2 68 53 24 28 41 13 0 7 34 70 17 23
-9 -9 -9 -9 -9 -9 -9 36 57 71 100 100 100 100 100 93 85 75 9 35 100 100 100 100 77 31 3 60 100 100 76 84 29 0 10 94 74 100 60 0 0 53 31 2 92 43 0 0 0 0 0 0 0 0 0 15 0 0 9 17 2 42 48 77 100 100 14 15 27 0 0 77 16 21 62 10 6 30 68 12 0 6 0 60 96 90 46 81 49 20 0 13 2 2 1 48
-9 -9 -9 -9 -9 -9 -9 1 17 93 100 100 99 72 85 100 87 17 33 98 100 100 100 100 65 19 18 100 66 47 50 24 0 2 20 69 100 93 15 2 52 49 0 0 52 10 0 0 0 0 0 0 0 0 31 5 0 2 13 12 96 93 87 100 100 99 50 34 40 0 0 9 14 0 13 16 16 3 0 0 0 0 4 93 85 72 92 100 81 25 0 12 0 1 47 84
-9 -9 -9 -9 -9 -9 -9 29 87 98 87 92 20 20 92 84 31 17 88 100 100 100 100 75 16 0 61 76 60 0 24 6 0 57 100 100 96 28 0 9 85 47 1 0 0 0 0 0 0 0 0 0 4 74 84 32 6 18 23 78 54 61 92 91 92 78 30 26 28 14 0 0 0 0 18 0 0 0 0 0 0 0 8 58 41 95 100 100 71 21 34 44 34 53 51 44
-9 -9 -9 -9 -9 -9 -9 98 100 100 85 28 0 75 56 19 55 91 100 100 99 100 85 17 1 25 100 84 84 39 63 1 15 94 100 90 28 0 0 10 80 95 95 35 0 4 0 0 0 0 29 19 0 3 63 28 0 12 3 6 56 57 75 35 85 100 100 60 31 38 1 0 0 4 20 27 0 9 8 1 0 0 58 80 52 100 100 100 60 47 62 47 16 19 7 61
-9 -9 -9 -9 -9 -9 -9 99 100 100 99 33 11 46 37 35 68 100 100 100 76 93 96 24 49 53 100 81 49 39 87 88 48 95 95 71 21 0 0 0 0 34 69 36 23 9 13 0 0 0 3 69 64 0 24 15 21 0 0 0 30 57 11 17 32 25 33 37 14 74 70 3 27 20 44 60 51 10 22 0 0 8 55 41 87 100 56 72 47 64 20 65 43 8 9 81
-9 -9 -9 -9 -9 -9 -9 100 100 100 59 0 24 30 15 45 100 100 100 100 100 84 8 82 35 72 98 70 29 81 45 79 100 100 60 29 0 0 28 58 44 55 54 0 0 0 1 15 0 0 4 36 46 0 23 0 0 0 0 0 18 18 6 51 10 11 31 0 0 1 0 25 31 19 0 5 0 6 22 0 0 0 50 38 27 58 71 59 9 0 30 9 31 0 0 59
-9 -9 -9 -9 -9 -9 -9 100 99 82 17 31 10 7 27 95 100 100 100 87 47 12 49 50 85 100 66 11 92 95 100 100 100 88 2 0 0 2 2 96 100 97 69 2 0 0 8 6 0 0 0 0 35 8 0 0 0 0 0 0 0 1 48 30 16 14 0 0 0 0 2 58 54 0 0 31 25 21 59 2 0 3 39 54 59 75 63 32 3 23 13 37 25 19 15 52
-9 -9 -9 -9 -9 -9 100 100 56 0 43 24 0 19 68 100 100 100 99 16 1 57 58 98 100 87 17 56 100 100 100 100 100 85 22 44 2 12 45 99 76 32 29 3 0 4 22 23 0 0 0 0 3 10 0 0 0 0 0 0 0 0 74 47 23 39 0 0 1 0 19 44 0 3 0 32 12 0 3 0 0 4 65 55 57 62 56 9 26 66 84 30 38 25 56 29
-9 -9 -9 -9 -9 70 94 37 0 1 4 0 1 27 97 100 100 100 79 2 35 70 94 99 68 58 19 85 100 100 69 45 94 18 3 25 38 35 81 42 14 0 0 0 0 0 0 29 1 0 0 0 19 1 0 0 0 0 0 0 0 0 42 10 0 33 0 11 38 16 10 4 33 55 1 0 0 0 11 0 0 23 61 55 66 97 67 43 19 71 81 37 29 31 54 42
-9 -9 -9 -9 -9 81 16 0 0 24 98 36 0 0 76 100 92 61 4 18 67 100 92 49 94 60 19 91 100 99 18 0 36 23 11 13 46 50 37 0 0 0 0 0 0 0 0 1 0 0 0 0 21 0 0 0 0 0 0 0 0 0 5 0 0 0 0 34 58 12 0 0 22 55 9 0 0 21 45 17 8 2 75 29 49 54 50 11 0 14 64 10 22 34 16 54
-9 -9 -9 -9 -9 8 0 0 0 68 100 62 18 0 13 76 17 1 1 83 89 100 84 96 63 65 75 100 100 73 4 0 64 41 0 0 37 73 0 0 0 0 0 0 0 0 1 0 0 0 0 0 0 0 0 0 0 0 0 0 0 0 0 0 0 0 0 0 24 53 0 0 36 47 44 7 6 67 3 77 64 84 72 87 47 54 15 0 0 14 54 40 21 22 3 3
-9 -9 -9 -9 -9 1 0 1 6 62 51 63 7 56 44 0 0 0 38 85 80 100 95 56 32 90 88 100 69 2 0 41 71 43 0 0 3 23 8 0 0 0 0 9 29 14 22 4 0 0 0 0 0 0 0 0 0 0 0 0 0 0 0 0 0 0 0 3 46 4 0 18 28 64 67 33 28 41 40 36 70 75 87 87 87 36 13 26 20 8 16 27 66 58 49 0
-9 -9 -9 -9 0 3 33 36 19 70 43 15 63 88 23 20 0 1 68 10 80 67 71 66 83 79 93 70 1 0 16 79 81 26 0 0 0 23 19 0 0 0 0 0 0 0 0 0 0 0 0 0 0 0 0 0 0 0 0 0 0 0 0 0 0 0 0 0 0 0 0 21 15 18 81 34 0 31 38 51 92 64 39 88 39 8 0 0 29 31 22 76 49 41 18 0
-9 -9 -9 -9 0 8 3 0 1 4 7 26 77 85 71 10 0 27 44 36 100 74 97 74 88 75 63 69 5 0 0 27 29 0 0 0 0 0 0 0 0 0 0 0 0 0 0 0 0 0 0 0 0 0 0 0 0 0 0 0 0 0 0 0 0 0 0 0 0 0 0 0 46 14 5 0 30 30 6 45 55 34 73 49 78 0 17 25 30 21 82 35 54 23 64 34
-9 -9 -9 -9 0 0 5 6 0 28 46 46 55 33 54 0 0 23 54 82 51 53 74 64 86 100 97 30 31 0 0 0 0 0 0 0 0 0 0 0 0 0 0 0 0 0 0 0 0 0 0 0 0 0 0 0 0 0 0 0 0 0 0 0 0 0 0 0 0 0 0 0 0 0 0 5 19 0 0 24 52 21 59 56 85 31 0 38 44 58 85 29 28 14 29 77
-9 -9 -9 -9 6 42 52 66 24 90 90 97 84 95 5 31 56 84 34 69 82 80 62 46 39 67 20 2 39 0 0 0 0 0 0 0 0 0 0 0 0 0 0 0 0 0 0 0 0 0 0 0 0 0 0 0 0 0 0 0 0 0 0 0 0 0 0 0 0 0 0 0 0 0 0 0 0 0 0 11 65 81 32 57 99 44 12 55 85 32 61 86 64 44 48 4
-9 -9 -9 -9 50 90 59 51 34 84 79 83 100 75 76 97 51 43 72 77 74 75 55 25 51 51 36 0 0 0 0 0 0 0 0 0 0 0 0 0 0 0 0 0 0 0 0 0 0 0 0 0 0 0 0 0 0 0 0 0 0 0 0 0 0 0 0 0 0 0 0 0 0 0 0 0 0 0 0 0 38 57 31 67 69 20 16 95 97 53 3 30 55 65 64 38
-9 -9 -9 78 74 100 98 71 99 61 78 100 86 64 96 96 22 33 81 81 77 76 91 13 37 42 38 0 0 0 0 14 9 0 0 0 0 0 0 0 0 0 0 0 0 0 0 0 0 0 0 0 0 0 0 0 0 0 0 0 0 0 0 0 0 0 0 0 0 0 0 0 0 0 0 0 0 0 0 0 32 71 85 93 82 8 0 58 96 51 22 0 12 81 55 27
-9 -9 -9 100 100 91 30 61 61 58 72 63 69 94 99 58 20 55 3 54 71 100 23 30 52 5 0 0 0 0 0 6 35 0 0 0 0 0 0 0 0 0 0 0 0 0 0 0 0 0 0 0 0 0 0 0 0 0 0 0 0 0 0 0 0 0 0 0 0 0 0 0 0 0 0 0 0 0 0 0 1 47 91 86 91 1 0 19 56 57 44 7 42 16 10 17
-9 -9 -9 100 66 30 48 48 91 77 46 93 96 80 69 38 6 13 62 100 94 71 6 48 90 6 0 0 0 0 0 0 0 0 0 0 0 0 0 0 0 0 0 0 0 0 0 0 0 0 0 0 0 0 0 0 0 0 0 0 0 0 0 0 0 0 0 0 0 0 0 0 0 0 0 0 0 0 0 0 0 20 75 96 96 47 19 0 9 72 34 27 35 63 0 2
-9 -9 -9 19 64 30 18 54 89 24 72 88 64 21 48 35 24 57 83 100 34 27 36 19 8 0 0 0 0 0 0 0 0 0 0 0 0 0 0 0 0 0 0 0 0 0 0 0 0 0 0 0 0 0 0 0 0 0 0 0 0 0 0 0 0 0 0 0 0 0 0 0 0 0 0 0 0 0 0 0 0 13 100 81 72 100 37 23 26 62 55 59 95 29 18 0
-9 -9 -9 -9 27 12 25 30 52 54 66 39 33 41 54 97 93 100 100 58 36 25 0 0 0 0 0 0 0 0 0 0 0 0 0 0 0 0 0 0 0 0 0 0 0 0 0 0 0 0 0 0 0 0 0 0 0 0 0 0 0 0 0 2 14 26 16 0 0 0 0 0 0 0 0 0 0 0 0 0 0 7 91 71 100 70 19 17 52 66 41 56 71 1 0 3
-9 -9 -9 -9 15 27 39 33 81 77 35 13 0 69 100 100 100 100 91 23 78 22 0 0 0 0 0 0 0 0 0 0 0 0 0 0 0 0 0 0 0 0 0 0 0 0 0 0 0 0 0 0 0 0 0 0 0 0 0 19 35 2 0 20 7 67 19 2 21 1 0 0 0 0 0 0 0 0 0 0 0 0 43 98 79 26 24 36 67 31 19 72 5 0 0 12
-9 -9 -9 -9 32 34 68 15 5 14 30 19 77 97 100 100 100 99 22 0 1 0 0 0 0 0 0 0 0 0 0 0 0 0 0 0 0 0 0 0 0 0 0 0 0 0 0 0 0 0 0 0 0 0 0 0 13 21 0 34 31 14 57 37 47 56 87 95 100 48 63 32 37 23 0 0 0 5 35 40 50 0 52 100 98 87 35 2 2 0 3 2 0 0 0 26
-9 -9 -9 -9 0 29 17 21 50 24 33 85 100 100 100 100 100 33 0 0 0 0 0 0 0 0 0 0 0 0 0 0 0 0 0 0 0 0 0 0 0 0 0 0 0 0 0 0 0 0 0 0 0 0 0 9 42 0 0 0 6 81 46 90 69 65 40 63 67 95 77 40 94 100 59 34 2 22 60 6 9 1 68 100 65 28 0 0 0 1 34 45 16 28 52 0
-9 -9 -9 -9 -9 20 22 76 22 65 88 24 96 100 100 86 46 67 12 0 0 0 0 15 38 0 0 0 0 0 0 0 0 0 0 0 0 0 0 0 0 0 0 0 0 0 0 0 0 0 0 0 0 0 0 7 13 0 0 0 2 19 0 54 65 68 33 18 33 39 5 73 100 95 100 100 58 0 37 3 0 39 100 79 24 45 4 0 0 41 80 27 44 40 55 19
-9 -9 -9 -9 -9 -9 56 24 58 100 29 38 100 67 92 72 23 30 31 4 0 0 0 0 9 0 0 0 0 0 0 0 0 0 0 0 0 0 0 0 0 0 0 0 0 0 0 0 0 0 0 0 0 0 0 7 0 0 0 16 3 1 3 42 71 99 26 7 70 56 86 49 30 0 61 100 98 8 43 27 0 2 64 51 77 65 32 0 21 46 52 42 100 65 22 64
-9 -9 -9 -9 -9 -9 62 68 100 84 11 93 100 49 8 3 0 0 20 2 0 0 0 0 0 0 0 0 0 0 0 0 0 0 0 0 0 0 0 0 0 0 0 0 0 0 0 0 2 8 0 0 0 15 0 0 0 3 60 64 79 75 87 52 84 20 0 0 26 73 5 0 0 0 59 100 100 47 27 4 0 5 28 52 73 80 58 0 0 28 66 74 25 35 60 64
-9 -9 -9 -9 -9 -9 55 80 94 8 43 100 100 33 12 0 0 0 0 0 0 4 0 0 0 0 0 0 0 0 0 0 0 0 0 0 0 0 0 0 0 0 0 0 0 0 0 0 30 9 17 51 35 25 -9 -9 -9 46 30 11 79 93 28 66 87 45 0 0 0 2 0 0 0 21 57 68 59 81 24 2 0 0 0 27 90 96 37 3 2 72 96 36 41 72 67 100
-9 -9 -9 -9 55 61 52 78 15 0 45 95 89 1 0 0 0 0 0 0 9 63 0 0 0 0 0 0 0 0 0 0 0 0 0 0 0 0 0 0 0 7 4 2 0 0 0 3 20 32 45 90 -9 -9 -9 -9 -9 72 64 33 34 66 43 52 28 39 0 0 0 0 0 0 0 9 71 48 22 44 6 20 25 15 0 19 21 70 54 59 82 96 76 53 19 16 6 46
-9 -9 50 46 29 35 70 40 0 1 67 99 34 0 0 0 0 0 0 0 44 39 0 0 0 0 0 0 0 0 0 0 0 0 0 0 0 28 35 45 17 66 90 23 13 6 0 0 18 56 -9 -9 -9 -9 -9 -9 -9 -9 99 83 41 28 0 74 62 53 26 44 19 0 0 4 21 66 80 99 100 97 21 0 0 33 0 0 3 11 67 99 86 72 97 18 0 0 0 0
-9 44 51 36 10 39 79 10 0 37 100 75 0 0 0 0 0 0 0 1 56 28 0 0 0 0 0 0 0 0 0 0 0 0 1 13 0 12 11 45 92 100 45 5 22 0 0 0 14 -9 -9 -9 -9 -9 -9 -9 -9 -9 62 46 91 65 0 69 83 83 86 27 5 68 42 14 6 26 65 54 50 63 60 0 0 26 0 0 18 58 91 51 90 82 51 1 30 0 0 13
50 54 45 15 25 83 41 0 1 81 99 13 0 0 0 0 0 0 9 76 86 1 0 0 0 0 0 0 0 0 0 0 0 0 0 11 0 0 4 39 100 63 18 0 0 -9 -9 -9 -9 -9 -9 -9 -9 -9 -9 -9 -9 -9 0 14 100 67 13 76 73 85 26 0 4 50 97 82 10 28 44 80 94 78 84 0 0 1 0 0 20 59 77 87 70 32 15 21 25 8 59 69
53 51 89 22 89 75 36 6 42 61 17 0 0 0 0 0 0 0 1 76 65 0 0 0 0 0 0 0 0 0 0 0 0 0 0 0 9 25 70 98 50 8 0 0 0 -9 -9 -9 -9 -9 -9 -9 -9 -9 -9 -9 -9 -9 34 65 80 14 65 75 70 42 41 43 24 56 49 70 73 52 1 30 84 100 100 59 7 0 0 0 16 8 26 100 61 47 48 43 46 56 75 34
56 5 57 70 78 100 68 1 32 8 73 5 0 0 0 0 0 0 0 0 59 26 0 0 0 0 0 0 0 0 0 0 0 0 0 0 24 53 37 59 73 51 0 0 4 -9 -9 -9 -9 -9 -9 -9 -9 -9 -9 -9 -9 -9 -9 74 65 63 74 49 48 72 54 33 65 37 53 11 69 75 34 11 33 97 100 82 0 0 0 0 52 6 33 53 6 89 93 37 58 33 0 17
30 22 30 60 100 70 6 0 0 24 26 0 0 0 0 0 0 0 0 0 29 24 37 0 0 0 0 0 0 0 0 0 0 0 0 15 24 5 0 0 4 0 0 11 45 -9 -9 -9 -9 -9 -9 -9 -9 -9 -9 -9 -9 -9 -9 -9 100 93 64 42 64 31 58 91 69 67 44 70 76 37 32 45 33 2 82 99 98 25 0 0 0 1 0 1 38 68 86 86 46 37 29 75
68 37 40 90 43 1 41 18 12 0 0 0 0 0 0 0 0 0 0 0 4 20 9 0 0 0 0 0 0 0 0 0 0 0 0 12 7 0 0 0 0 2 36 91 100 91 -9 -9 -9 -9 -9 -9 -9 -9 -9 -9 -9 -9 -9 -9 100 54 28 68 43 63 31 46 51 39 35 4 80 96 37 21 41 43 96 51 81 86 30 5 9 27 18 0 40 9 16 21 82 72 75 51
20 1 13 27 2 0 43 9 0 0 0 0 0 0 0 0 0 0 0 0 10 4 0 0 0 0 0 0 0 0 0 0 0 0 0 0 0 7 0 0 44 84 94 100 93 59 -9 -9 -9 -9 -9 -9 -9 -9 -9 -9 -9 -9 -9 -9 -9 99 55 81 10 35 49 47 51 13 0 4 56 73 52 48 30 67 42 18 88 100 100 16 19 12 0 14 44 40 90 90 57 35 30 74
0 6 45 91 7 53 54 0 0 0 0 0 0 0 0 0 0 0 0 0 0 0 0 0 0 0 0 0 0 0 0 0 0 0 0 0 0 63 65 72 63 54 52 88 66 15 -9 -9 -9 -9 -9 -9 -9 -9 -9 -9 -9 -9 -9 -9 35 29 65 43 5 58 94 85 76 49 1 0 68 47 60 80 49 1 0 6 70 82 23 4 0 0 0 0 0 18 100 79 54 100 66 78
0 42 84 39 63 56 27 1 0 0 0 0 0 0 0 0 0 0 0 0 0 0 0 0 0 0 0 0 0 0 0 0 0 0 0 0 11 87 100 100 41 79 63 43 25 0 -9 -9 -9 -9 -9 -9 -9 -9 -9 -9 -9 -9 -9 -9 17 68 99 45 2 30 38 40 83 83 63 41 93 53 77 50 64 17 50 4 71 53 9 4 0 73 11 11 22 30 100 76 66 57 34 58
12 77 79 62 87 36 0 0 0 0 0 0 0 0 0 0 0 0 0 0 0 0 0 0 0 0 0 0 0 0 0 0 0 0 0 2 85 100 100 78 31 89 69 7 0 4 -9 -9 -9 -9 -9 -9 -9 -9 -9 -9 -9 -9 -9 -9 16 83 92 25 0 0 0 1 50 79 92 72 77 14 12 79 36 48 67 75 74 24 66 42 58 54 59 12 1 14 100 81 20 0 4 64
17 100 85 50 61 38 0 0 0 0 0 0 0 0 0 0 0 0 0 0 0 0 0 0 0 0 0 0 0 0 0 0 0 0 0 6 87 97 70 87 26 70 38 0 0 32 -9 -9 -9 -9 -9 -9 -9 -9 -9 -9 -9 -9 -9 -9 96 91 80 71 6 9 16 0 21 40 41 77 16 0 58 100 84 47 2 38 31 46 89 83 54 29 36 29 1 53 100 24 0 0 0 0
1 66 94 30 16 0 0 0 0 0 0 0 0 0 0 0 0 0 0 0 0 0 0 0 0 0 0 0 0 0 0 0 0 6 27 9 63 73 60 65 4 8 11 0 17 -9 -9 -9 -9 -9 -9 -9 -9 -9 -9 -9 -9 -9 -9 71 88 91 62 37 0 61 100 92 93 80 3 0 0 0 58 86 5 17 60 72 31 45 95 83 66 69 3 0 53 100 46 27 0 0 0 0
23 86 28 0 0 0 0 0 0 0 0 0 0 0 0 0 0 0 0 0 0 0 0 0 0 0 0 0 0 0 0 0 0 3 2 49 93 64 89 50 0 0 13 25 30 -9 -9 -9 -9 -9 -9 -9 -9 -9 -9 -9 -9 -9 -9 39 80 67 47 0 26 87 69 100 100 87 11 0 0 30 63 21 0 53 62 21 80 77 80 43 64 75 73 7 41 100 89 18 0 0 0 0
98 26 0 0 0 0 0 0 0 0 0 0 0 0 0 0 0 0 0 0 0 0 0 0 0 0 0 0 0 0 0 0 0 0 5 52 88 92 82 63 0 31 59 0 52 -9 -9 -9 -9 -9 -9 -9 -9 -9 -9 -9 -9 -9 -9 16 78 90 26 40 98 90 32 56 68 55 52 10 0 3 9 0 47 55 15 25 88 73 25 13 61 83 97 55 54 100 100 67 0 0 0 0
97 25 60 0 0 19 2 0 0 0 0 0 0 0 0 0 0 0 0 0 0 0 0 0 0 0 0 0 0 0 0 0 0 0 22 25 58 100 59 1 23 59 9 6 2 -9 -9 -9 -9 -9 -9 -9 -9 -9 -9 -9 -9 -9 -9 48 70 52 71 51 52 46 51 51 72 44 4 12 0 0 0 0 10 28 25 77 77 89 7 16 81 22 83 68 82 58 100 72 3 0 0 0
78 52 21 0 0 49 20 0 0 0 0 0 0 0 0 0 0 0 0 0 0 0 12 19 0 0 0 0 0 0 0 9 40 19 15 2 46 62 21 28 72 47 41 59 -9 -9 -9 -9 -9 -9 -9 -9 -9 -9 -9 -9 -9 -9 -9 62 98 74 80 75 8 68 89 70 71 29 0 0 0 0 0 45 59 24 43 82 6 0 0 0 6 43 70 77 52 18 98 75 27 0 0 0
85 72 0 0 0 4 7 13 0 0 0 0 0 15 0 0 0 0 0 0 0 0 0 12 0 0 0 0 0 0 0 29 41 13 28 32 19 7 0 32 39 49 37 -9 -9 -9 -9 -9 -9 -9 -9 -9 -9 -9 -9 -9 -9 -9 67 29 36 45 80 39 34 90 45 2 2 0 0 0 0 0 21 14 57 45 84 50 1 0 0 0 0 49 100 100 60 0 68 78 0 0 0 0
83 97 6 0 0 0 2 11 0 0 0 0 1 20 4 0 0 0 0 0 0 0 0 0 0 10 0 0 24 0 0 2 0 0 13 3 4 12 25 36 15 14 32 -9 -9 -9 -9 -9 -9 -9 -9 -9 -9 -9 -9 -9 -9 -9 72 27 75 12 38 67 67 77 39 13 0 0 0 0 20 36 50 51 58 76 29 2 0 0 0 0 0 18 31 72 100 14 65 99 67 0 2 8
