data/habitatmaps/RS_maps/habitat_Regulus.regulus_2009.asc
NCOLS 369 
NROWS 228 
XLLCORNER 479000 
YLLCORNER 73000 
CELLSIZE 1000 
NODATA_value -9 
[rows 0 to 62 of 228, columns 192 to 287 of 369]
96 97 72 82 89 86 97 36 32 35 11 30 15 5 9 43 20 39 8 84 37 36 7 9 0 12 2 20 0 0 2 56 48 38 -9 -9 -9 -9 -9 -9 -9 -9 -9 -9 -9 -9 -9 -9 -9 -9 -9 -9 -9 -9 -9 -9 -9 -9 -9 -9 -9 -9 -9 -9 -9 -9 -9 -9 -9 -9 -9 -9 -9 -9 -9 -9 -9 -9 -9 -9 -9 -9 -9 -9 -9 -9 -9 -9 -9 -9 -9 -9 -9 -9 -9 -9
96 97 72 13 22 39 69 17 8 22 10 2 0 5 33 38 0 0 48 90 55 27 6 0 0 0 0 20 0 0 6 70 10 50 1 1 5 -9 -9 -9 -9 -9 -9 -9 -9 -9 -9 -9 -9 -9 -9 -9 -9 -9 -9 -9 -9 -9 -9 -9 -9 -9 -9 -9 -9 -9 -9 -9 -9 -9 -9 -9 -9 -9 -9 -9 -9 -9 -9 -9 -9 -9 -9 -9 -9 -9 -9 -9 -9 -9 -9 -9 -9 -9 -9 -9
96 84 2 4 0 0 5 26 18 50 18 20 27 90 84 29 15 0 74 44 4 12 22 0 12 8 2 44 0 0 10 14 6 38 44 4 0 2 -9 -9 -9 -9 -9 -9 -9 -9 -9 -9 -9 -9 -9 -9 -9 -9 -9 -9 -9 -9 -9 -9 -9 -9 -9 -9 -9 -9 -9 -9 -9 -9 -9 -9 -9 -9 -9 -9 -9 -9 -9 -9 -9 -9 -9 -9 -9 -9 -9 -9 -9 -9 -9 -9 -9 -9 -9 -9
50 20 10 27 8 33 12 42 24 46 14 0 10 78 62 64 42 11 50 2 0 0 2 31 8 58 12 1 0 0 0 0 0 2 26 16 0 0 12 0 -9 -9 -9 -9 -9 -9 -9 -9 -9 -9 -9 -9 -9 -9 -9 -9 -9 -9 -9 -9 -9 -9 -9 -9 -9 -9 -9 -9 -9 -9 -9 -9 -9 -9 -9 -9 -9 -9 -9 -9 -9 -9 -9 -9 -9 -9 -9 -9 -9 -9 -9 -9 -9 -9 -9 -9
0 0 0 7 24 12 89 36 2 47 0 0 13 50 22 13 18 14 11 10 6 0 10 62 1 14 45 51 0 0 0 0 0 0 0 13 1 0 3 0 35 -9 -9 -9 -9 -9 -9 -9 -9 -9 -9 -9 -9 -9 -9 -9 -9 -9 -9 -9 -9 -9 -9 -9 -9 -9 -9 -9 -9 -9 -9 -9 -9 -9 -9 -9 -9 -9 -9 -9 -9 -9 -9 -9 -9 -9 -9 -9 -9 -9 -9 -9 -9 -9 -9 -9
4 0 0 24 4 5 30 26 42 18 0 12 83 80 39 2 7 7 12 32 26 44 32 33 28 10 23 9 0 0 0 0 18 0 0 20 0 31 22 15 0 22 -9 -9 -9 -9 -9 -9 -9 -9 -9 -9 -9 -9 -9 -9 -9 -9 -9 -9 -9 -9 -9 -9 -9 -9 -9 -9 -9 -9 -9 -9 -9 -9 -9 -9 -9 -9 -9 -9 -9 -9 -9 -9 -9 -9 -9 -9 -9 -9 -9 -9 -9 -9 -9 -9
45 16 0 34 53 40 32 28 21 7 18 0 56 60 50 42 16 0 0 5 64 32 14 2 12 6 34 44 2 0 0 0 16 0 0 16 0 12 60 19 0 28 12 -9 20 67 66 46 38 30 0 0 0 0 4 -9 -9 -9 -9 -9 -9 -9 -9 -9 -9 -9 -9 -9 -9 -9 -9 -9 -9 -9 -9 -9 -9 -9 -9 -9 -9 -9 -9 -9 -9 -9 -9 -9 -9 -9 -9 -9 -9 -9 -9 -9
34 22 11 55 50 50 0 20 33 48 48 4 23 30 68 94 61 41 2 0 28 34 0 0 0 4 61 59 31 0 0 21 0 0 0 0 22 22 45 6 2 24 30 14 27 48 35 22 60 62 26 0 0 0 0 10 0 0 0 -9 -9 -9 -9 -9 -9 -9 -9 -9 -9 -9 -9 -9 -9 -9 -9 -9 -9 -9 -9 -9 -9 -9 -9 -9 -9 -9 -9 -9 -9 -9 -9 -9 -9 -9 -9 -9
17 22 23 28 24 14 13 40 31 90 68 2 30 92 88 48 41 52 36 6 0 0 0 0 0 0 10 12 0 0 0 0 0 0 0 30 86 72 52 35 66 36 59 42 30 6 18 18 14 34 66 30 3 0 0 0 0 0 0 0 6 10 2 0 24 35 2 0 -9 -9 -9 -9 -9 -9 -9 -9 -9 -9 -9 -9 -9 -9 -9 -9 -9 -9 -9 -9 -9 -9 -9 -9 -9 -9 -9 -9
20 16 36 6 8 5 21 90 40 36 10 0 51 80 58 65 42 66 25 35 52 29 0 0 0 0 0 0 0 0 0 48 0 0 0 22 66 60 69 44 35 22 10 25 78 7 2 43 18 6 16 6 10 17 2 0 0 0 0 0 22 28 31 34 44 74 28 0 0 0 20 23 -9 -9 -9 -9 -9 -9 -9 -9 -9 -9 -9 -9 -9 -9 -9 -9 -9 -9 -9 -9 -9 -9 -9 -9
18 84 40 34 8 41 30 39 0 8 4 14 72 100 83 78 16 77 64 52 49 12 20 10 0 0 0 0 0 0 4 6 0 5 0 0 6 10 52 10 0 0 0 16 54 53 14 12 13 9 0 32 40 44 62 4 0 0 0 0 13 43 31 39 31 38 40 11 0 0 0 10 56 50 -9 -9 -9 -9 -9 -9 -9 -9 -9 -9 -9 -9 -9 -9 -9 -9 -9 -9 -9 -9 -9 -9
2 15 16 17 14 12 5 0 0 6 24 52 84 98 73 71 62 38 56 12 26 5 2 2 0 0 0 10 13 14 5 31 16 14 0 8 58 72 3 0 0 0 0 0 0 8 0 72 36 8 8 20 39 38 50 16 0 0 0 0 0 10 7 0 2 0 19 30 0 0 0 7 61 59 30 58 -9 -9 -9 -9 -9 -9 -9 -9 -9 -9 -9 -9 -9 -9 -9 -9 -9 -9 -9 -9
6 3 6 0 26 14 6 0 0 16 14 7 23 6 3 38 64 46 50 50 9 43 64 51 7 0 0 38 38 22 31 66 51 1 0 10 46 6 0 0 0 0 0 0 0 0 0 28 55 59 30 8 24 22 2 2 18 0 0 0 0 0 0 0 0 7 10 16 0 0 0 0 2 3 0 34 43 100 -9 -9 -9 -9 -9 -9 -9 -9 -9 -9 -9 -9 -9 -9 -9 -9 -9 -9
0 22 10 8 26 70 27 0 48 56 56 3 28 34 16 12 92 60 70 44 42 64 77 64 58 29 17 20 0 0 3 25 28 0 0 0 6 0 0 0 0 0 0 0 0 0 0 4 38 70 28 2 50 38 16 34 47 6 0 0 0 0 0 6 46 42 38 5 21 1 0 2 0 0 0 0 16 34 2 0 -9 -9 -9 -9 -9 -9 -9 -9 -9 -9 -9 -9 -9 -9 -9 -9
18 0 10 17 28 90 8 0 2 25 36 32 14 19 95 36 54 91 72 80 19 79 95 60 59 94 8 0 0 0 18 15 0 14 0 0 0 0 0 0 40 24 0 0 0 0 0 0 0 0 0 10 58 60 68 64 78 52 3 0 0 0 0 2 85 28 18 28 20 54 44 18 50 32 0 0 0 2 0 0 0 10 -9 -9 -9 -9 -9 -9 -9 -9 -9 -9 -9 -9 -9 -9
37 4 19 92 72 20 0 0 0 0 4 32 8 6 46 34 20 58 68 7 19 79 27 35 28 66 52 0 0 0 8 25 0 27 34 30 49 62 37 31 6 3 2 30 15 0 0 0 0 0 0 0 4 19 58 54 66 46 6 1 0 0 0 0 20 24 7 3 66 36 32 0 15 13 8 6 0 42 27 26 47 26 5 32 -9 -9 -9 -9 -9 -9 -9 -9 -9 -9 -9 -9
28 12 30 46 27 0 0 0 0 0 0 0 0 0 8 24 34 5 6 16 59 98 18 4 0 31 82 42 38 52 38 0 1 84 83 42 47 62 48 82 75 60 35 56 4 0 0 0 0 0 0 0 0 3 52 34 13 12 73 54 0 0 0 0 0 5 0 0 3 47 50 8 9 17 46 18 0 21 37 34 21 3 0 0 12 10 -9 -9 -9 -9 -9 -9 -9 -9 -9 -9
50 30 99 13 0 0 0 0 0 0 0 0 0 0 0 32 85 8 0 0 1 36 8 5 0 0 7 20 30 14 45 28 10 64 76 54 40 34 14 84 44 82 88 53 10 0 0 0 0 0 0 0 0 0 0 0 0 14 91 90 1 0 0 0 0 0 0 0 0 48 55 52 18 72 50 6 0 4 35 6 3 0 0 4 13 38 2 -9 -9 -9 -9 -9 -9 -9 -9 -9
14 36 100 8 0 0 0 0 0 0 13 16 0 16 64 71 68 0 20 14 0 0 53 69 44 0 0 0 0 8 73 50 0 50 98 88 86 39 18 25 33 74 43 39 0 0 0 0 0 0 0 0 0 0 0 0 0 0 50 58 2 0 0 0 0 0 0 0 0 0 0 4 8 17 32 12 0 5 9 0 0 0 0 4 14 8 0 0 0 -9 -9 -9 -9 -9 -9 -9
42 66 72 0 0 0 41 67 44 62 54 67 75 99 97 50 14 0 48 94 72 47 31 52 31 24 0 0 0 32 63 6 0 9 62 99 58 34 82 4 20 55 36 8 0 0 2 3 13 7 0 0 0 0 0 0 0 0 0 0 2 2 0 0 0 0 0 0 0 0 0 0 0 0 0 0 0 0 7 0 0 0 0 0 41 53 0 0 0 0 -9 -9 -9 -9 -9 -9
74 47 6 0 0 0 13 58 32 76 100 92 75 100 43 1 5 0 17 58 80 85 25 16 77 24 0 0 54 94 66 10 0 0 2 21 0 0 8 2 19 3 0 0 0 24 57 51 73 54 9 14 6 0 0 0 0 0 0 0 6 25 0 0 0 0 0 0 0 0 0 0 0 0 0 0 0 0 13 0 0 0 0 2 96 48 0 36 7 0 0 -9 -9 -9 -9 -9
20 7 0 0 0 1 6 30 91 100 67 88 30 43 12 0 0 0 0 51 90 96 6 0 34 32 6 0 1 8 45 37 0 0 0 0 0 0 0 0 0 2 31 28 22 82 56 28 54 83 21 62 34 3 0 0 0 0 0 0 0 0 0 0 0 0 0 0 0 0 0 0 0 0 0 0 0 0 0 0 0 0 0 8 100 30 0 55 44 79 64 71 -9 -9 -9 -9
53 22 0 5 10 40 77 48 30 62 74 91 32 0 0 0 0 1 12 0 21 40 23 0 57 40 51 62 0 0 80 69 40 44 10 8 0 0 0 1 32 52 65 42 14 40 48 58 58 65 74 76 54 89 64 12 3 0 0 0 0 0 0 0 0 0 0 0 0 0 0 0 0 0 0 0 0 0 0 0 0 0 0 0 55 50 2 54 64 91 100 92 76 25 -9 -9
7 0 0 68 14 38 28 34 14 26 55 57 26 8 30 14 0 6 16 9 5 55 36 42 62 83 98 58 0 0 75 100 100 96 44 34 49 66 38 67 96 28 0 4 31 5 20 12 18 7 13 21 58 80 100 49 52 30 16 8 0 0 0 0 0 0 0 0 0 0 0 0 0 0 0 0 0 0 0 0 0 0 0 0 0 16 22 90 98 41 50 12 18 26 42 -9
22 7 47 15 12 14 42 8 0 56 58 34 43 0 0 10 4 46 15 6 6 2 0 0 28 39 51 30 0 0 34 69 85 43 90 61 20 37 12 22 37 36 40 14 19 22 0 48 18 10 15 0 0 42 99 94 82 86 22 59 17 37 1 14 0 0 0 0 0 0 0 0 0 0 0 0 0 0 0 0 0 0 0 0 0 0 49 100 83 18 4 32 26 2 2 1
46 14 0 0 0 0 0 0 0 6 60 40 76 64 19 1 26 72 100 12 0 3 7 10 36 10 1 37 28 12 0 0 0 0 3 23 66 89 88 94 1 0 11 49 2 8 19 49 23 32 7 0 0 38 49 17 7 66 53 62 4 27 65 4 0 0 0 0 0 0 0 0 0 0 0 0 0 0 0 0 0 0 0 0 0 0 46 46 8 0 10 76 20 32 26 16
0 0 0 0 22 2 0 6 2 62 34 6 10 52 24 28 66 93 92 28 4 32 44 68 81 18 0 61 81 25 14 12 2 0 0 0 6 27 29 29 22 36 16 53 52 24 38 38 8 12 9 0 12 3 50 4 0 0 0 0 36 1 22 22 0 0 0 0 0 0 0 0 0 0 0 0 0 0 0 0 0 0 0 0 0 0 0 0 0 7 0 0 8 4 6 3
0 0 0 0 21 21 38 62 31 6 0 0 0 18 27 28 30 98 100 68 12 64 28 31 71 9 16 38 24 12 44 68 25 21 0 25 14 7 4 1 19 59 5 18 6 12 4 0 20 37 6 18 40 29 39 13 19 0 24 0 32 51 0 72 40 0 58 9 0 0 0 0 0 0 0 0 0 0 0 0 0 0 0 0 0 0 0 0 5 8 4 0 0 8 21 3
0 0 0 0 13 47 32 69 11 0 13 1 19 69 6 22 51 94 96 26 50 21 4 26 20 52 58 48 12 8 26 21 1 18 16 4 16 22 0 69 64 17 4 12 16 16 6 0 0 0 0 0 0 9 28 18 17 5 21 0 2 34 29 40 24 0 74 66 71 54 0 0 0 0 0 0 0 0 0 0 0 0 0 0 0 0 0 0 8 1 11 0 0 0 18 36
0 0 0 34 8 8 11 2 35 36 63 39 67 50 0 6 32 74 69 58 72 40 0 14 72 46 3 10 18 20 2 20 0 0 2 28 30 10 14 40 12 20 12 6 4 2 15 17 2 0 12 10 0 32 45 48 68 80 30 6 64 14 9 0 0 0 23 28 77 100 33 1 0 0 0 0 0 0 0 0 0 0 0 0 0 0 0 0 0 0 0 0 0 0 0 0
0 1 55 78 15 0 6 32 48 40 2 5 24 7 0 0 0 4 16 48 35 10 0 1 41 15 26 0 29 71 0 0 0 2 2 27 22 14 16 0 0 0 0 24 41 65 37 56 56 34 35 34 1 0 24 16 16 14 2 0 10 6 0 12 14 0 14 0 1 19 0 44 46 17 0 0 0 0 0 0 0 0 0 0 0 0 0 0 0 0 0 0 0 0 0 0
0 24 40 83 0 23 32 52 52 73 39 0 20 3 32 11 3 52 0 0 23 42 0 46 54 5 56 60 4 20 0 0 10 8 12 0 0 21 18 0 0 38 42 98 100 99 47 37 3 11 16 10 40 1 0 0 0 25 0 0 0 7 0 11 19 0 0 0 0 0 0 29 25 1 0 0 0 0 0 0 0 0 0 0 0 0 0 0 0 0 0 0 0 0 0 0
35 61 4 5 12 72 53 5 23 12 7 28 52 4 85 82 30 0 20 17 65 84 15 47 84 14 0 41 20 14 23 54 37 8 25 0 10 14 0 0 27 30 18 54 60 54 62 43 10 0 28 34 5 29 17 0 10 0 0 0 0 26 6 0 0 0 0 0 0 0 18 13 2 0 0 0 0 0 0 0 0 0 0 0 0 0 0 0 0 0 0 0 0 0 0 0
62 62 12 18 35 48 46 2 91 32 16 11 46 14 39 55 57 4 9 10 59 2 14 50 17 22 21 10 4 0 40 10 32 0 0 0 0 48 27 25 3 27 37 2 0 0 14 1 24 0 0 11 21 0 0 2 59 38 2 0 0 0 0 0 1 57 24 0 0 0 26 8 2 0 0 0 0 0 0 0 0 0 0 0 0 0 0 0 0 0 0 0 0 0 0 0
44 91 74 66 100 78 10 2 14 27 80 73 36 62 13 53 88 73 16 51 71 41 11 4 0 5 16 55 94 48 9 0 0 15 15 13 29 7 88 69 65 53 36 22 43 56 26 27 0 14 24 0 0 23 2 0 8 22 46 29 7 0 0 0 15 67 0 16 9 0 25 8 0 0 0 0 0 0 0 0 0 0 0 0 0 0 0 0 0 0 0 0 0 0 0 0
38 68 65 92 59 83 14 7 51 83 58 86 22 54 13 6 18 56 88 41 44 34 19 0 0 0 0 35 35 1 0 5 18 38 7 39 20 3 32 1 69 32 0 41 74 54 12 0 0 16 21 3 16 0 76 37 5 0 5 50 37 0 6 6 16 14 0 52 70 0 0 0 0 0 0 0 0 0 0 0 0 0 0 0 0 0 0 0 0 0 0 0 0 0 0 0
54 95 74 24 1 39 2 0 56 20 46 39 0 17 44 28 54 11 29 16 18 1 68 5 19 46 30 4 7 4 0 36 15 18 10 55 2 18 3 57 36 0 0 0 4 0 0 0 0 0 16 30 15 5 28 25 30 10 17 24 43 3 16 1 43 18 0 16 1 0 0 0 0 0 0 0 0 0 0 0 0 0 0 0 0 0 0 0 0 0 0 0 0 0 0 0
98 66 98 52 58 17 19 0 58 0 0 0 0 3 59 23 14 41 27 0 3 22 22 6 90 12 50 62 4 1 5 5 73 42 58 57 66 66 42 34 16 40 5 0 5 27 42 44 1 15 51 68 47 33 34 4 28 0 61 26 18 18 20 5 6 0 0 0 0 0 0 0 0 3 14 0 0 0 0 0 0 0 0 0 0 0 0 0 0 0 0 0 0 0 0 0
73 90 95 77 50 11 0 0 8 0 8 11 0 8 42 35 0 56 76 45 40 86 1 0 9 3 39 62 0 0 27 34 32 42 47 12 24 10 9 42 23 8 2 0 0 35 50 14 17 43 34 26 22 46 32 5 26 24 38 26 4 10 11 2 0 8 18 40 27 20 38 7 0 0 6 27 20 20 0 0 0 0 0 0 0 0 0 0 0 0 0 0 0 0 0 0
5 12 22 54 0 0 0 0 0 0 27 24 0 19 40 26 0 46 50 52 75 36 16 22 0 0 0 0 2 39 30 0 0 37 76 68 0 18 12 6 44 2 0 18 0 22 18 0 2 36 7 10 49 10 6 32 0 7 3 0 0 2 8 2 45 37 24 6 20 1 34 10 0 0 0 5 3 3 10 7 0 0 0 0 0 0 0 0 0 0 0 0 0 0 0 0
0 0 0 0 17 0 0 18 27 0 0 28 0 52 60 13 11 4 41 54 14 61 63 44 3 11 14 2 1 73 98 31 33 44 67 76 18 15 48 0 2 37 0 8 11 17 0 23 4 31 21 0 26 19 33 25 33 30 23 0 5 19 20 1 59 3 26 0 0 0 2 41 52 17 0 0 8 34 30 5 21 0 0 0 0 0 0 0 0 0 0 0 0 0 0 0
22 22 58 43 12 0 0 0 0 5 0 0 0 0 52 28 89 56 66 34 19 47 95 38 26 97 100 58 0 8 87 50 17 8 30 19 38 48 2 9 0 61 16 31 0 3 0 11 1 32 10 11 30 20 13 21 8 0 0 3 0 37 14 15 28 0 4 0 14 48 23 13 12 40 2 0 8 46 0 1 19 1 3 1 6 0 14 58 5 0 0 0 3 0 0 0
56 46 86 66 43 50 21 0 8 15 8 34 0 40 56 19 32 36 64 46 2 6 6 72 56 100 100 97 65 12 32 52 64 39 33 57 60 74 82 94 62 18 40 13 17 12 0 10 3 0 0 34 54 5 0 0 0 22 26 87 20 9 0 38 12 0 3 16 44 65 99 84 46 7 16 2 22 21 0 37 38 17 36 28 49 65 42 50 0 0 2 22 14 0 0 0
16 22 56 83 10 48 60 49 1 28 3 42 1 0 0 24 49 18 17 6 29 15 64 69 54 90 100 88 41 7 53 69 51 56 56 80 82 45 30 43 46 36 0 0 0 0 7 40 14 0 6 31 38 38 26 16 25 24 29 19 1 21 20 16 42 16 18 31 18 0 37 38 59 38 38 76 56 13 36 73 16 62 81 54 42 19 42 20 26 10 20 33 56 35 52 8
1 14 25 32 0 2 4 41 87 59 0 0 0 0 0 0 0 19 22 41 23 48 36 2 53 87 91 57 68 32 43 56 21 85 32 87 57 91 24 95 34 18 76 25 0 6 76 4 52 0 2 20 0 8 10 0 4 14 2 14 40 29 44 13 4 2 0 5 39 3 49 53 14 42 73 14 35 0 44 37 42 16 14 31 18 4 8 26 31 63 60 32 34 29 2 0
0 0 0 0 0 0 0 0 36 83 41 0 21 0 8 34 49 3 6 51 6 34 21 32 63 14 38 53 57 80 40 24 26 49 24 56 58 66 15 62 71 46 48 33 0 14 31 38 50 50 15 22 0 16 30 48 0 4 40 68 5 5 15 1 0 6 0 14 39 54 58 16 26 48 43 0 1 13 16 54 39 20 36 41 64 42 14 36 60 42 52 44 22 14 0 0
42 53 31 1 46 3 2 42 0 0 3 0 43 0 25 95 100 47 0 38 63 22 37 46 45 12 22 80 38 22 57 58 61 48 22 68 54 60 68 75 27 61 53 39 13 26 46 88 86 34 56 41 1 0 7 30 0 0 36 16 8 0 39 3 0 20 5 43 35 36 2 23 54 40 4 2 20 14 42 16 51 44 9 40 33 52 35 14 26 23 11 62 23 1 0 0
38 63 76 71 58 51 57 25 2 1 18 21 0 0 0 42 49 10 0 29 54 2 32 8 66 26 44 53 16 0 16 84 16 21 36 66 93 59 87 63 41 25 34 26 70 50 52 15 16 40 11 2 56 0 26 14 1 0 0 32 54 29 3 6 0 0 0 26 28 36 1 42 13 1 27 11 10 43 45 1 28 50 41 10 10 18 40 36 44 54 34 48 52 13 0 0
3 31 62 42 8 44 54 60 69 9 41 0 0 0 0 0 0 0 0 24 91 88 18 20 26 20 47 46 38 25 56 42 0 83 40 39 62 50 83 79 57 55 52 74 54 6 46 36 6 14 0 0 19 36 68 59 40 36 11 2 0 24 42 11 0 7 19 31 1 1 25 13 21 49 62 55 59 53 84 17 13 37 18 10 34 44 46 64 67 55 46 42 26 7 0 0
0 29 0 0 0 0 18 5 25 29 44 0 0 0 0 0 10 18 6 0 5 90 27 17 23 15 24 8 25 97 22 24 43 37 36 38 78 62 78 74 67 52 58 91 84 44 21 46 19 7 24 14 20 34 44 26 26 55 50 35 29 14 41 13 62 28 2 62 30 26 38 53 52 17 20 36 50 27 18 10 34 40 17 38 84 33 75 78 68 18 0 0 0 0 0 0
0 0 35 26 0 0 0 0 0 9 38 3 9 78 25 0 0 0 0 0 20 62 37 68 52 4 28 29 28 44 48 77 52 28 46 28 61 80 80 67 65 60 50 48 82 54 9 5 14 20 47 22 24 30 44 34 66 45 70 64 12 4 30 55 33 40 1 0 0 22 36 40 31 29 29 27 0 27 38 39 47 36 62 78 51 34 17 24 0 0 0 0 0 0 0 0
4 0 4 0 76 61 5 0 0 0 0 0 11 80 83 44 10 0 0 0 0 0 2 0 50 32 1 0 26 0 44 26 71 18 45 39 60 62 52 57 54 72 77 88 96 26 17 44 19 19 42 13 5 46 69 39 16 39 28 78 6 7 18 37 61 36 4 2 2 22 22 25 20 55 15 41 0 21 37 38 48 68 60 69 87 33 31 0 0 0 0 0 0 0 0 0
36 86 8 13 89 100 72 1 0 0 0 0 0 10 48 42 65 28 0 0 0 0 0 0 20 22 54 0 0 0 8 2 76 75 48 10 61 86 62 80 96 95 60 68 41 28 18 27 6 13 28 4 10 23 24 42 47 20 58 70 43 7 24 40 44 20 33 34 50 34 50 3 0 30 14 51 32 21 16 45 60 58 33 57 66 20 19 0 0 0 0 0 0 0 0 0
30 94 28 10 8 30 77 26 0 0 0 0 0 5 42 79 92 95 39 0 0 0 0 7 74 31 28 57 23 0 26 50 22 25 5 45 28 22 37 66 97 80 64 57 43 5 31 40 4 14 26 2 12 24 51 38 41 48 38 55 32 13 66 56 44 3 21 36 35 58 8 42 25 26 27 23 26 26 42 18 2 0 21 22 47 39 1 0 0 0 0 0 0 0 0 0
26 80 32 4 24 10 59 97 17 0 0 0 0 0 39 34 40 43 20 33 2 0 0 0 8 46 58 39 47 0 15 43 5 10 67 76 44 56 83 54 41 63 72 96 88 89 53 34 45 18 1 0 11 40 17 21 12 60 42 30 44 65 72 42 25 19 39 0 26 10 0 11 5 5 28 26 12 34 16 4 2 30 66 97 100 98 10 0 0 0 0 0 0 0 0 1
7 3 39 52 27 46 25 48 67 17 0 0 0 0 0 0 18 33 5 15 39 0 6 45 0 0 0 0 0 0 0 26 32 46 70 53 40 73 82 82 70 58 64 70 100 81 51 76 68 42 31 1 6 44 16 18 37 38 44 60 89 68 42 44 29 23 19 15 32 12 22 60 64 43 50 36 18 16 0 2 45 82 82 86 68 34 8 0 0 0 0 0 14 0 0 10
6 40 52 6 2 25 30 33 2 54 36 0 0 0 0 5 39 2 10 17 7 43 0 0 5 0 0 1 1 1 0 0 0 7 21 11 16 51 48 86 65 48 48 68 70 100 60 60 92 55 14 21 6 13 8 34 62 28 17 57 97 69 20 25 12 4 24 35 12 26 30 47 39 7 0 3 7 0 0 3 18 12 7 60 83 98 41 12 0 0 0 0 0 23 0 5
0 28 26 53 3 38 32 0 31 10 16 0 0 0 0 16 99 68 1 33 62 8 6 0 0 0 0 1 70 48 4 0 0 13 50 52 4 13 26 50 46 44 72 98 82 91 73 85 61 40 42 16 40 20 38 32 36 27 36 65 78 32 28 18 2 25 48 60 34 15 16 12 3 5 15 22 40 40 2 0 0 5 46 46 59 100 99 79 52 29 0 0 0 0 0 28
0 19 40 56 3 31 13 11 56 40 3 0 0 0 0 7 36 26 34 0 25 22 47 13 0 0 1 32 24 8 2 0 0 3 20 40 28 17 53 28 29 30 57 98 100 76 95 64 36 60 57 40 53 18 31 56 38 41 24 25 24 3 0 2 34 51 36 19 0 13 40 53 10 46 58 30 19 22 53 8 6 23 29 13 63 83 59 52 38 0 0 5 4 0 0 2
4 25 92 36 8 27 0 23 51 51 30 0 0 0 0 0 18 84 30 26 17 36 24 34 5 4 25 1 0 18 30 1 0 0 24 53 18 36 59 18 9 39 92 82 100 100 68 81 50 70 40 16 54 18 76 84 47 51 64 10 31 33 36 3 30 17 58 16 14 68 58 46 56 52 32 61 46 57 55 45 8 4 12 25 71 42 78 44 27 16 0 22 3 0 0 0
20 33 29 3 35 9 53 28 35 56 63 3 6 0 0 0 0 14 40 40 74 70 38 5 25 9 0 20 13 34 20 1 2 0 9 14 54 2 42 30 8 5 68 90 92 98 72 88 60 55 42 42 61 28 33 24 20 12 44 54 20 34 5 35 58 68 50 27 23 39 33 70 58 47 44 55 66 69 49 5 4 20 20 32 44 22 67 30 11 0 0 0 0 0 0 0
24 0 28 38 36 2 35 54 31 17 55 28 57 3 0 0 0 9 4 0 46 80 69 2 24 35 0 0 0 4 12 3 49 39 42 12 28 17 70 31 6 15 38 32 69 53 40 59 71 85 82 65 40 28 21 25 36 32 45 27 16 42 42 46 91 74 78 52 34 38 40 48 41 57 66 82 86 74 40 5 0 36 12 21 10 46 34 21 0 35 2 0 0 0 0 0
8 4 68 87 14 0 36 65 32 81 84 36 20 3 0 0 0 0 0 3 26 84 75 21 16 2 10 33 32 0 0 10 28 54 8 1 5 36 26 19 24 38 30 54 49 3 15 16 74 78 72 26 36 42 4 54 26 54 54 38 24 44 22 52 57 46 20 70 57 74 77 49 58 99 75 32 43 23 32 43 48 35 85 13 30 72 12 3 23 24 54 17 0 0 0 0
