data/habitatmaps/RS_maps/habitat_Fringilla.coelebs_2003.asc
NCOLS 369 
NROWS 228 
XLLCORNER 479000 
YLLCORNER 73000 
CELLSIZE 1000 
NODATA_value -9 
[rows 61 to 121 of 228, columns 192 to 287 of 369]
24 18 28 24 33 80 49 54 36 35 61 91 72 100 29 0 52 63 9 0 46 80 69 68 43 45 24 0 35 74 12 11 49 39 52 57 47 33 70 31 6 15 38 32 73 88 43 60 73 85 82 65 40 70 62 25 37 33 45 27 17 42 39 44 91 74 78 52 35 37 40 48 41 57 66 82 86 74 40 45 0 36 12 21 12 77 68 76 34 67 37 52 2 0 35 61
11 56 68 87 14 47 60 65 31 92 84 43 87 64 90 3 5 87 55 6 32 84 75 50 36 25 20 35 32 0 0 10 28 54 8 1 43 36 26 19 29 37 30 53 54 36 15 19 74 79 72 28 37 48 66 73 26 55 54 42 24 44 18 53 57 46 17 70 57 74 77 49 58 99 75 33 43 35 55 56 48 35 85 13 30 87 34 6 37 55 85 40 13 15 15 99
11 16 10 29 39 75 88 25 34 46 84 65 83 96 100 43 0 23 99 11 19 5 38 61 23 27 0 17 48 36 14 0 38 8 17 26 7 50 23 32 80 53 36 34 42 19 30 58 67 43 15 11 54 33 32 32 35 39 70 62 57 75 45 77 64 29 43 60 63 72 22 43 42 20 1 14 0 7 46 30 29 55 55 31 86 58 18 14 71 52 100 71 18 33 44 86
1 26 67 45 2 47 44 47 87 34 33 57 66 81 97 71 0 0 32 44 75 44 26 30 31 47 52 7 30 38 30 12 6 18 7 48 63 60 46 56 52 49 29 24 35 43 51 45 17 18 23 29 20 16 39 23 75 27 34 38 60 64 35 72 69 58 63 74 80 77 61 41 0 0 0 0 0 0 0 6 37 26 28 99 91 52 1 19 11 79 100 86 68 72 58 96
0 2 2 45 38 0 50 61 29 24 25 67 100 93 99 79 42 0 0 5 38 75 84 84 62 63 59 2 21 15 10 3 20 65 68 87 80 55 83 55 33 68 41 39 10 28 5 24 16 20 4 46 78 49 56 56 64 58 44 18 14 38 49 59 45 55 74 62 78 100 58 9 0 0 0 0 0 0 0 29 0 22 90 75 66 19 5 11 0 14 95 100 100 100 83 70
27 18 28 76 30 0 19 55 20 8 18 59 100 100 94 39 100 74 19 0 0 0 23 73 89 25 29 35 42 23 40 59 50 0 68 64 61 38 61 36 25 41 32 15 23 21 25 1 13 16 83 100 94 62 68 60 24 17 18 40 26 7 31 42 16 8 48 58 49 40 15 0 0 0 0 0 0 0 0 3 46 82 79 20 76 63 26 35 0 30 50 99 99 83 100 69
3 0 8 48 8 32 82 18 22 17 33 51 59 81 100 32 57 89 28 33 35 1 0 2 50 60 52 18 34 50 94 5 9 6 43 94 78 45 36 38 32 64 22 35 46 57 30 26 6 25 91 99 76 66 81 30 37 37 42 33 29 2 0 16 16 60 60 44 70 15 0 0 0 0 0 0 0 0 0 54 84 19 20 0 35 28 44 57 56 67 88 83 69 98 99 69
14 0 28 51 71 9 13 16 25 19 45 32 50 33 99 68 0 34 40 26 54 39 0 0 0 20 78 71 51 44 60 14 24 87 32 95 74 62 6 36 48 54 26 49 70 86 30 35 33 53 44 73 84 78 64 48 71 35 59 15 0 15 24 32 34 56 26 5 14 0 0 19 16 0 0 0 0 0 29 81 61 36 1 0 3 31 58 58 86 30 14 86 72 45 44 94
25 2 0 32 12 25 51 35 0 14 36 0 11 36 76 80 8 17 20 0 10 81 28 0 0 0 0 13 13 8 13 3 0 56 79 63 0 0 4 30 25 29 34 44 9 52 80 14 2 25 30 46 63 36 28 36 84 52 59 37 28 17 46 2 52 28 8 35 16 28 49 66 67 14 45 26 0 49 64 93 8 4 0 0 21 48 54 52 84 4 52 81 70 41 94 67
25 7 0 8 17 26 32 20 23 5 26 12 18 8 0 53 1 29 45 0 0 10 90 46 0 0 0 0 0 0 0 0 0 26 83 0 0 0 0 0 0 6 34 54 40 0 3 20 43 62 24 61 45 54 60 56 64 83 60 62 60 23 13 39 45 20 26 32 46 51 24 37 18 56 55 38 2 32 24 30 34 29 0 0 41 40 62 42 34 64 86 94 82 80 78 75
56 5 20 28 1 2 1 0 60 67 24 15 55 42 29 44 25 17 2 0 0 0 4 58 62 1 0 4 0 0 0 7 16 0 6 0 0 0 19 30 65 57 67 37 1 0 0 15 24 22 53 37 74 95 100 60 74 58 38 59 85 82 28 24 12 64 76 55 11 0 38 42 54 46 34 22 35 16 81 7 41 19 0 6 42 3 4 3 67 100 100 95 99 91 61 56
33 1 26 50 40 10 14 31 43 22 61 50 66 81 41 44 22 43 2 0 0 0 0 58 64 52 36 63 70 47 59 40 21 0 0 13 49 5 50 28 16 0 26 5 0 0 1 52 25 2 53 54 55 86 79 42 22 21 20 49 50 17 1 0 5 49 63 42 38 20 15 11 0 44 93 94 76 45 9 29 19 1 0 38 27 0 0 3 94 100 74 72 100 77 61 100
37 9 16 64 30 26 30 5 64 7 64 68 69 85 18 25 1 6 19 8 35 0 35 18 25 97 75 26 26 60 51 54 42 49 29 70 52 11 7 54 0 0 0 0 0 0 17 44 18 6 29 34 57 80 71 49 0 6 48 62 86 45 70 43 29 66 22 24 39 30 38 24 16 16 19 40 56 13 0 2 64 65 10 26 5 0 0 56 89 89 60 81 100 100 98 100
56 41 15 59 21 67 92 19 49 39 35 42 5 58 13 9 35 0 31 9 3 0 4 0 18 28 3 25 22 43 39 42 9 30 41 3 32 55 32 85 30 17 20 18 2 0 2 60 39 0 0 10 66 80 42 1 0 32 69 95 100 94 76 67 82 38 30 32 23 24 41 22 35 63 97 41 30 9 31 54 14 58 62 31 18 38 48 94 92 73 22 84 100 100 86 85
34 0 15 52 16 69 1 0 1 46 39 39 0 52 0 6 31 0 28 42 4 10 29 49 69 51 7 4 38 70 51 55 42 60 22 28 35 40 40 58 12 37 45 64 20 72 34 3 10 0 0 19 90 77 6 13 27 2 11 59 99 69 53 60 68 9 0 16 34 22 2 0 0 9 85 86 77 86 79 60 64 60 95 77 40 80 82 97 96 44 44 78 95 100 54 100
16 45 10 49 19 15 0 0 0 0 62 41 0 64 6 0 0 0 2 41 62 76 62 70 94 88 60 50 34 22 28 29 56 92 52 64 36 55 69 57 99 76 73 65 65 21 41 3 0 1 39 46 99 29 48 63 28 59 9 67 52 18 49 46 43 0 0 0 0 0 0 0 0 5 25 66 49 27 40 87 67 47 92 64 26 24 66 100 58 50 79 100 69 78 60 92
44 27 18 12 16 0 0 0 0 2 86 31 9 39 15 12 41 43 77 93 85 100 100 100 100 81 46 25 0 5 20 67 99 73 46 65 62 95 83 71 52 79 70 56 65 98 88 72 58 16 28 73 82 81 92 77 84 43 22 15 30 48 28 4 3 28 9 7 53 73 31 15 0 1 6 37 11 0 13 66 64 77 65 76 12 18 96 97 51 29 64 100 71 43 56 54
23 7 0 0 18 12 0 0 0 32 64 41 56 57 48 70 43 47 49 82 88 55 98 66 41 3 2 27 10 0 3 34 98 52 41 95 73 80 53 79 72 46 80 39 27 98 90 96 99 23 7 98 96 85 51 93 57 38 48 48 38 35 1 3 6 96 91 68 40 43 95 95 35 28 0 0 0 0 3 71 88 7 89 64 0 30 79 90 62 80 91 82 55 64 40 24
47 5 0 27 46 36 23 0 0 36 97 62 82 44 63 80 52 63 31 10 36 39 50 28 26 22 45 45 10 0 0 10 59 77 100 60 100 100 56 65 78 89 98 45 11 61 57 68 91 87 28 62 86 63 59 32 10 21 54 73 75 91 100 95 90 26 26 29 30 39 65 81 97 84 2 13 2 0 0 57 39 22 83 22 18 14 39 86 60 59 80 52 25 43 36 63
2 5 3 52 48 20 6 0 4 89 50 15 79 44 6 26 6 16 32 42 30 93 30 0 24 31 21 45 37 27 0 0 24 61 51 57 95 85 20 46 5 40 97 55 39 44 51 42 50 84 66 64 0 0 11 61 45 23 3 0 0 0 13 30 27 0 16 12 0 15 17 38 57 95 19 59 41 0 0 7 18 70 58 89 54 19 32 99 65 46 44 66 47 40 15 64
1 51 72 48 43 0 0 0 15 80 34 17 92 50 10 5 31 15 0 19 14 25 0 4 35 58 26 61 63 44 0 0 43 41 61 36 42 52 54 59 12 62 95 51 10 19 32 38 48 64 67 64 0 40 81 76 50 82 42 32 24 18 3 7 0 38 45 92 67 63 60 13 0 85 95 92 91 34 0 0 20 64 93 92 30 6 54 88 94 81 36 77 76 57 0 48
39 27 21 32 12 0 50 82 6 18 59 8 34 99 49 46 100 99 25 0 45 29 11 49 56 86 26 30 40 12 25 0 67 51 57 71 17 39 42 82 45 44 39 59 13 13 42 43 59 62 78 52 24 39 65 100 79 95 44 66 42 55 68 91 26 64 62 83 83 33 27 51 15 68 100 98 36 2 0 0 2 77 57 28 26 35 50 64 91 98 76 83 53 78 31 58
36 58 14 16 17 0 26 7 0 9 94 46 13 97 90 100 95 65 49 0 80 53 50 71 38 38 11 29 20 16 12 7 47 26 51 74 62 42 69 82 17 9 47 0 0 25 55 48 31 46 96 92 71 74 58 78 33 61 37 86 54 92 78 99 92 56 91 82 22 59 25 0 36 68 33 94 88 22 2 8 82 91 52 15 37 16 38 79 100 99 34 63 36 6 2 73
39 40 4 12 0 35 14 0 0 0 35 63 73 83 100 100 91 83 45 14 37 9 12 87 97 41 39 32 77 65 70 8 5 16 66 59 71 60 72 86 45 6 60 2 0 29 79 55 64 77 100 62 80 100 67 19 0 16 14 53 23 95 100 89 72 45 58 55 36 29 17 41 40 53 4 29 98 68 48 5 89 84 81 50 13 6 21 88 98 72 13 54 42 0 21 60
29 54 5 1 33 0 33 10 0 0 1 18 36 66 64 57 57 57 44 26 43 34 48 45 100 42 26 25 35 42 90 85 11 16 57 55 65 89 30 85 17 27 41 4 2 42 82 63 48 70 98 2 81 99 66 49 4 22 0 11 5 46 98 78 54 0 0 0 44 86 66 47 35 39 55 21 30 86 91 6 30 60 64 89 14 24 56 99 80 30 0 27 38 0 4 0
10 10 58 45 20 73 20 76 97 46 2 0 42 80 31 60 29 45 0 18 45 63 67 96 48 76 25 61 87 65 40 41 94 19 2 33 13 84 66 11 74 48 82 22 0 25 79 20 24 12 6 73 39 95 59 22 4 32 0 0 1 26 75 97 14 0 0 5 45 81 77 77 33 34 46 50 18 20 93 56 64 66 40 6 52 78 96 46 31 46 0 0 0 0 0 0
48 63 59 2 17 43 72 11 77 92 25 24 23 57 76 17 24 53 6 34 19 62 58 98 47 97 42 99 100 92 68 94 66 8 57 58 57 63 4 0 58 71 24 2 0 50 27 0 0 0 10 49 97 77 36 48 0 0 0 10 58 15 54 99 17 0 10 59 78 53 100 41 33 29 66 72 91 70 57 87 68 81 32 19 42 62 22 100 96 30 1 0 0 0 0 0
77 51 29 6 0 8 35 63 36 40 87 28 39 52 98 7 15 24 17 42 72 56 15 64 55 58 70 100 76 100 52 52 57 40 63 40 55 85 26 1 52 38 2 0 0 0 0 0 3 14 71 67 63 73 23 3 0 0 0 0 0 6 69 29 0 0 0 37 51 82 87 1 0 40 44 51 81 87 71 87 83 80 0 11 72 73 80 70 94 10 0 0 0 0 0 0
44 62 5 0 29 48 65 24 30 39 76 47 21 83 100 19 11 22 68 23 33 27 9 59 64 67 95 82 83 83 72 9 59 9 51 0 23 82 5 0 1 0 0 0 0 0 4 33 84 100 89 35 81 78 86 0 0 0 0 0 0 0 22 7 0 0 0 12 44 66 44 0 38 72 66 39 73 74 96 37 29 15 2 0 13 77 74 74 79 52 42 2 0 37 12 27
79 7 0 0 0 65 63 44 57 42 72 86 27 44 35 4 3 1 4 8 5 22 59 67 29 37 100 49 28 68 25 27 12 38 23 0 25 34 0 0 0 6 35 55 46 57 91 53 59 92 83 64 49 82 82 54 21 0 0 0 0 0 0 0 0 0 0 0 46 72 0 0 0 0 0 70 98 96 45 40 56 35 50 0 0 17 28 79 57 99 91 33 0 11 5 74
5 0 0 16 32 41 76 89 67 51 11 72 87 68 61 18 22 25 7 57 36 23 55 78 33 71 91 56 71 71 18 19 69 66 6 0 35 14 0 34 48 60 24 43 47 48 25 64 80 51 63 34 74 47 44 73 33 0 0 0 0 0 0 0 0 0 0 0 9 16 0 0 0 7 35 56 92 71 51 95 31 30 14 20 0 12 31 53 75 68 56 59 6 0 0 8
0 0 10 28 19 28 4 23 54 83 40 13 33 52 61 74 19 56 93 32 78 99 46 74 59 30 40 19 61 82 51 50 55 74 46 0 0 0 21 83 67 70 79 78 71 85 61 17 0 0 0 1 86 30 43 100 31 0 0 0 0 0 0 0 0 0 0 0 0 0 0 0 0 9 86 48 94 48 38 45 66 50 81 86 61 70 46 5 27 22 88 75 60 0 0 25
0 0 0 0 0 0 0 0 53 68 50 54 33 46 75 61 67 86 50 12 52 54 37 43 42 44 35 48 76 49 30 63 37 72 24 0 0 0 40 22 0 17 84 7 0 4 0 0 0 0 0 52 48 54 88 100 94 64 6 1 35 63 25 0 0 0 0 0 0 0 0 3 31 58 70 79 55 0 0 30 77 70 63 76 79 97 47 26 56 3 68 87 89 17 33 21
0 0 0 0 0 0 33 0 38 88 78 48 64 88 88 94 57 82 67 6 18 25 72 82 60 77 18 12 37 17 9 32 13 0 0 0 0 1 0 0 0 0 33 42 0 0 0 0 0 0 0 66 43 35 64 95 100 100 91 70 66 42 0 0 0 0 0 0 0 0 3 62 68 45 57 70 71 0 0 0 1 18 48 82 50 83 81 21 3 1 38 92 69 53 36 26
47 77 64 52 57 48 24 2 27 50 62 53 91 79 58 3 12 62 86 32 0 75 77 57 98 68 13 58 41 50 3 0 0 2 19 4 57 59 0 0 0 0 2 24 0 0 0 0 0 0 17 77 45 67 78 100 92 79 86 74 94 13 0 0 0 20 0 0 5 10 11 62 81 60 48 29 1 0 0 0 0 0 0 85 60 66 84 70 26 0 3 62 79 71 45 40
32 11 16 12 11 13 0 0 0 0 0 0 13 7 0 7 48 6 64 17 61 89 88 70 55 40 31 65 15 25 39 50 86 64 40 46 96 21 0 0 0 0 0 0 0 0 0 0 0 39 76 41 65 77 97 100 32 73 65 56 74 33 10 0 0 12 0 0 31 50 56 72 19 0 27 0 0 0 0 0 0 9 38 64 69 93 4 86 89 39 0 31 38 83 98 94
63 69 43 54 0 0 10 3 0 0 0 0 0 13 19 55 55 1 42 71 26 17 9 31 37 80 68 34 45 85 21 35 91 64 75 92 96 11 0 0 0 0 0 0 0 0 0 6 46 99 90 33 87 57 75 41 0 0 55 65 65 43 85 51 33 25 0 12 30 30 12 37 0 0 0 0 0 0 0 0 0 59 88 55 57 100 40 86 100 83 46 31 31 79 80 72
31 5 0 78 18 0 26 49 20 3 13 54 82 98 100 54 61 0 28 68 0 0 0 32 30 38 45 89 37 58 44 69 100 97 74 100 57 2 0 0 0 0 0 0 0 0 0 2 67 100 69 77 100 63 100 40 0 0 11 24 60 52 79 65 48 7 0 0 7 0 0 0 0 0 0 0 0 0 0 0 0 37 66 81 98 100 79 68 100 75 28 13 21 75 61 86
22 10 0 17 31 44 67 59 62 68 98 54 32 80 94 27 39 0 26 82 55 9 0 0 0 0 33 54 50 55 91 100 74 68 69 69 17 5 0 0 0 0 0 0 0 0 8 49 21 79 35 100 77 46 57 15 0 0 7 43 60 77 57 13 0 0 0 0 0 0 0 0 0 0 0 0 0 0 0 0 0 0 2 78 60 96 100 100 84 23 10 59 60 41 68 46
28 25 9 71 97 96 30 24 6 63 29 83 49 34 36 56 27 0 3 75 74 66 38 34 20 9 0 17 16 6 45 10 33 95 68 79 66 2 0 0 0 0 0 0 0 0 13 15 68 60 85 99 59 27 27 0 0 0 0 9 48 92 17 0 0 0 0 0 0 0 0 0 0 0 0 0 0 0 0 0 0 0 0 81 91 49 73 93 58 47 14 41 74 87 83 59
38 17 33 84 35 30 64 38 52 78 63 58 36 1 73 64 6 0 37 100 91 96 77 90 62 31 0 0 0 0 10 0 1 24 68 88 22 0 0 0 0 0 0 0 0 26 23 76 58 58 98 56 31 12 0 0 0 0 0 20 60 87 2 20 9 0 0 0 0 0 4 43 39 18 21 9 0 0 0 0 0 0 9 85 77 9 41 92 90 7 85 20 92 69 66 60
88 56 65 36 14 34 78 42 18 6 98 53 4 0 66 50 0 0 65 75 4 31 36 3 0 0 0 0 0 4 48 0 0 0 33 33 0 0 0 0 0 0 0 0 0 4 71 100 35 98 54 12 0 0 0 0 0 0 0 45 37 56 62 93 61 0 0 0 0 9 26 28 22 62 80 33 0 0 0 0 22 20 55 100 40 22 97 86 97 5 34 49 96 42 41 46
38 47 90 70 69 41 38 0 0 0 24 12 36 53 92 84 47 0 37 89 18 0 0 0 0 0 0 0 0 0 6 0 0 0 4 49 45 0 0 0 0 0 0 0 0 33 79 71 84 100 38 0 0 0 0 0 0 2 39 46 36 26 72 58 0 0 0 0 0 0 0 0 0 0 8 1 0 19 88 84 79 63 88 74 11 5 53 72 85 38 18 61 56 68 64 45
48 12 62 84 70 45 7 0 0 0 34 85 72 80 68 72 75 0 6 99 94 73 25 10 0 0 0 0 0 0 0 0 0 0 0 23 49 0 0 0 0 0 0 0 48 85 48 55 54 39 5 0 0 0 0 0 0 32 34 22 50 60 21 0 0 0 0 0 0 0 0 0 0 0 0 0 0 0 10 42 81 99 56 1 0 2 64 97 100 36 51 47 83 91 37 76
57 71 97 64 61 21 0 0 0 15 74 57 100 90 87 82 70 0 1 94 61 59 82 9 0 0 0 0 0 0 0 0 0 0 0 6 0 0 0 0 0 0 10 31 26 30 63 34 87 0 26 0 0 0 0 0 14 76 46 24 0 2 4 0 0 0 0 0 0 0 0 0 0 0 0 0 0 0 2 39 59 47 0 0 0 23 94 100 67 6 37 44 91 65 14 55
94 55 67 51 33 0 0 0 2 46 84 87 24 46 66 95 84 0 12 93 96 55 81 63 18 11 45 0 0 0 0 0 0 0 0 0 0 0 0 0 21 27 13 1 0 33 49 79 52 0 2 0 0 0 0 0 42 25 16 0 0 0 0 0 0 0 0 0 0 0 0 0 0 0 0 0 0 1 34 77 82 69 0 0 0 46 99 100 25 49 72 94 95 84 25 14
43 72 73 43 88 36 0 0 0 0 45 80 1 28 58 34 86 59 9 64 100 83 61 46 37 38 48 15 39 0 0 0 0 0 0 0 0 0 14 45 46 18 0 0 13 67 37 62 5 0 0 0 0 0 0 0 0 0 0 0 0 0 0 0 0 0 0 0 0 0 0 0 0 0 0 0 0 22 68 60 94 44 0 0 1 78 100 79 39 79 100 99 59 0 0 0
13 47 54 13 74 33 0 0 0 16 49 8 0 8 0 0 64 96 63 59 98 86 81 62 69 58 40 11 15 1 0 0 0 0 0 0 0 0 29 1 0 0 0 0 0 47 92 5 0 0 0 0 0 0 0 0 0 0 0 0 0 0 0 0 0 0 0 0 0 0 0 0 0 0 0 0 0 67 67 87 32 0 5 16 55 93 99 42 84 61 100 71 12 0 0 0
2 44 77 73 55 21 0 0 0 3 26 0 0 0 0 12 86 99 46 46 46 65 66 87 82 59 66 41 13 1 25 16 38 8 0 0 0 0 0 0 0 0 0 0 2 72 45 0 0 0 0 0 0 0 0 0 0 0 0 0 0 0 0 0 0 0 5 10 4 0 0 0 5 3 0 0 13 50 83 88 28 30 51 87 59 23 39 96 96 100 100 64 10 6 27 0
80 75 18 2 0 0 0 0 0 0 0 0 0 0 0 43 71 72 78 41 68 99 73 50 100 47 68 68 30 46 56 64 81 69 26 0 0 0 0 0 0 0 0 0 0 5 0 0 0 0 0 0 0 0 0 0 0 0 0 0 0 0 0 0 0 0 90 55 36 61 28 44 92 48 35 23 27 84 79 73 28 70 97 62 46 0 21 74 68 100 87 60 85 78 98 66
75 66 2 0 0 0 0 0 0 0 0 0 0 0 0 0 1 87 75 33 26 94 79 34 40 17 0 0 0 21 74 11 6 0 0 0 0 0 0 0 0 0 0 0 0 0 0 0 0 0 0 0 0 0 0 0 0 0 0 0 0 0 0 0 31 51 98 70 58 44 69 42 97 80 100 95 74 100 69 85 91 79 47 28 35 38 56 99 84 92 72 60 76 49 60 65
100 78 11 0 0 0 0 0 0 0 0 0 0 0 0 0 6 62 72 51 40 59 55 33 17 0 0 0 0 21 40 0 0 0 0 0 0 0 0 0 0 0 0 0 0 0 0 0 0 0 0 0 0 0 0 0 0 0 0 0 0 0 0 0 8 79 50 60 68 92 59 79 46 15 87 91 62 65 99 74 18 63 60 23 59 99 100 62 73 71 83 91 100 88 82 97
55 18 8 20 27 0 0 0 0 0 0 0 0 0 0 0 0 19 80 79 24 73 0 0 0 0 0 0 3 91 33 0 0 0 0 0 0 0 0 0 0 0 0 0 0 0 0 0 0 0 0 0 0 0 0 17 52 2 0 0 40 0 0 2 9 76 62 81 69 92 99 96 75 48 60 75 80 49 49 80 44 41 66 95 100 100 81 56 40 79 90 62 48 81 99 100
87 35 48 56 62 1 0 0 0 0 0 0 0 0 0 0 0 2 68 98 93 100 42 0 0 0 0 0 0 52 13 0 0 0 0 0 0 0 0 0 0 0 0 0 0 0 0 0 0 0 0 0 0 5 18 22 79 20 0 5 74 4 21 70 55 51 58 100 100 100 94 83 79 90 85 100 64 43 72 100 94 80 73 65 91 63 43 72 55 82 86 69 72 49 65 75
49 72 68 70 88 7 0 0 0 0 0 0 0 0 0 0 42 61 100 100 80 74 99 51 3 0 0 0 0 0 0 0 0 0 0 0 0 0 0 0 0 0 0 0 0 0 0 0 0 0 0 0 0 38 60 66 65 65 0 25 100 40 88 89 39 6 24 100 91 94 83 94 96 100 100 100 85 60 27 98 90 84 79 18 19 0 44 69 66 43 46 18 54 51 98 69
37 59 58 69 34 70 49 10 0 0 0 0 0 0 0 0 0 28 45 32 62 88 23 73 90 2 0 0 0 0 0 0 0 0 0 0 0 0 0 0 0 0 0 0 0 0 0 0 0 0 0 0 0 4 46 79 44 59 44 74 100 58 71 99 46 34 75 73 67 71 95 85 57 73 64 83 96 76 85 69 35 48 44 11 0 0 22 100 57 35 33 0 0 7 34 8
17 13 19 30 53 72 66 19 1 0 0 0 0 0 0 0 0 0 0 0 1 87 73 49 96 21 0 0 0 0 0 0 0 0 0 0 0 0 0 0 0 0 0 0 0 0 0 0 0 0 0 4 27 8 3 35 31 42 41 83 62 63 70 73 59 76 54 38 49 20 46 69 75 73 52 99 88 68 88 69 96 98 40 61 47 1 0 0 66 61 45 12 0 0 0 0
0 0 0 0 0 10 52 0 0 0 0 0 0 0 0 0 0 0 0 0 0 33 87 29 99 35 0 0 0 0 11 16 7 0 0 0 0 0 0 0 0 0 0 0 0 0 0 0 0 0 0 12 61 30 0 27 24 26 71 100 63 57 61 69 29 44 22 87 87 80 60 62 56 61 80 97 96 64 100 88 100 100 35 59 94 12 0 18 87 66 64 44 0 0 0 0
0 0 0 0 0 0 0 0 0 0 0 0 0 0 0 0 0 0 0 0 1 48 92 78 93 83 32 0 0 22 81 63 5 0 0 0 0 0 0 0 0 0 0 0 0 0 0 0 0 6 32 16 73 25 41 61 55 66 68 75 95 61 42 70 79 20 22 76 48 62 92 78 71 11 75 98 100 88 100 100 71 71 76 86 91 55 0 0 29 69 73 42 0 0 0 0
0 0 0 0 0 0 0 0 0 0 0 0 0 0 0 0 0 0 0 15 48 91 100 90 45 85 62 39 70 38 48 6 0 0 0 0 0 0 0 0 0 0 0 0 0 0 7 17 24 45 70 80 66 41 56 80 62 60 70 53 53 64 90 47 42 16 79 46 40 30 27 58 72 0 56 80 100 63 88 96 61 56 16 68 78 61 13 0 0 30 46 46 17 0 0 0
0 0 0 0 0 0 0 0 0 0 0 0 0 0 0 0 0 0 2 57 84 81 50 81 56 63 80 74 62 11 0 0 0 0 0 0 0 0 0 0 29 0 0 0 7 39 71 81 92 33 72 14 72 82 69 66 93 74 20 5 49 42 35 33 73 60 27 83 84 10 0 0 4 0 12 93 100 77 96 43 73 69 25 82 96 70 31 0 0 28 90 59 39 0 0 0
