data/habitatmaps/RS_maps/habitat_Fringilla.coelebs_2009.asc
NCOLS 369 
NROWS 228 
XLLCORNER 479000 
YLLCORNER 73000 
CELLSIZE 1000 
NODATA_value -9 
[rows 61 to 121 of 228, columns 192 to 287 of 369]
24 18 30 39 36 80 50 54 37 35 61 91 72 100 29 0 52 52 6 0 46 80 69 68 43 45 24 0 35 74 12 11 49 39 52 57 47 33 70 31 6 15 38 32 74 86 42 59 71 85 82 65 40 72 74 25 36 32 45 27 16 42 42 46 91 74 78 52 34 38 40 48 41 57 66 82 86 74 40 45 0 36 12 21 10 62 68 77 38 67 37 49 1 0 31 61
17 56 68 87 14 48 60 65 32 92 84 43 87 64 90 3 5 87 55 6 34 84 75 51 36 24 10 33 32 0 0 10 28 54 8 1 44 36 26 19 29 38 30 54 53 32 15 16 74 78 72 26 36 48 70 72 26 54 54 38 24 44 22 52 57 46 20 70 57 74 77 49 58 99 75 32 43 24 55 56 48 35 85 13 30 87 34 7 59 50 72 36 11 15 9 88
12 18 10 29 40 75 88 25 34 46 84 65 83 96 100 43 0 23 99 11 19 5 36 62 23 27 0 17 48 36 14 0 34 7 22 26 18 52 23 32 80 52 36 34 41 18 28 56 66 43 15 10 54 32 32 32 36 26 39 55 57 75 44 78 65 28 43 60 63 67 22 44 42 20 1 14 0 7 46 30 29 55 55 31 86 58 18 25 75 46 91 56 18 30 38 83
1 36 67 45 2 45 44 47 87 34 33 57 66 81 97 71 0 0 32 44 74 39 26 30 30 47 52 7 30 38 30 12 6 24 7 48 62 60 46 56 52 46 24 22 34 43 51 45 16 18 25 29 20 16 39 22 75 27 34 38 60 64 35 72 69 59 63 74 80 76 61 41 0 0 0 0 0 0 0 6 37 26 28 98 91 52 1 25 18 79 100 78 65 68 58 96
0 14 4 45 27 0 50 61 30 24 24 67 100 93 99 78 42 0 0 5 38 75 83 84 62 62 59 2 21 15 10 3 20 65 66 87 80 56 83 55 32 68 41 39 10 28 5 24 16 20 16 46 78 48 56 52 64 58 44 18 14 38 49 59 38 55 74 62 78 100 46 8 0 0 0 0 0 0 0 29 0 22 90 75 66 19 6 17 0 17 95 100 100 100 85 70
27 22 34 76 27 0 19 55 20 8 18 60 100 100 94 39 100 74 20 0 0 0 23 73 89 25 36 40 42 28 40 59 50 0 66 62 61 38 61 37 25 41 32 15 23 23 25 10 14 16 83 100 94 62 68 60 22 16 18 40 26 7 31 42 16 8 52 58 49 40 12 0 0 0 0 0 0 0 0 3 45 82 79 19 76 63 32 39 0 33 50 99 99 83 100 69
4 4 14 48 8 34 83 18 22 19 34 51 59 80 100 32 57 89 31 34 35 1 0 2 50 60 64 16 34 50 94 5 9 6 42 94 78 46 36 38 32 64 22 36 46 57 30 26 6 25 91 99 70 55 81 32 37 37 44 33 29 2 0 16 16 58 36 40 60 4 0 0 0 0 0 0 0 0 0 54 84 19 20 0 35 28 53 62 57 73 88 83 69 98 99 69
14 0 35 51 70 9 13 16 25 19 44 32 50 32 99 68 0 34 41 26 54 39 0 0 0 20 78 70 51 44 44 7 24 87 32 95 74 62 6 36 48 55 27 46 69 84 30 35 33 48 44 72 84 78 48 48 71 34 59 15 0 14 25 32 34 49 21 0 14 0 0 19 17 0 0 0 0 0 36 81 62 36 1 0 3 35 55 62 88 32 15 86 72 44 36 78
26 6 0 32 12 25 52 36 0 14 36 0 11 34 74 80 8 17 20 0 10 81 28 0 0 0 0 13 13 8 6 2 0 56 79 65 0 0 4 30 25 29 34 46 8 52 80 14 2 25 30 45 64 36 28 36 84 52 59 38 28 18 46 2 52 28 8 17 8 14 46 67 68 14 44 26 0 48 76 93 9 4 0 0 24 56 58 59 92 5 56 81 70 41 82 66
25 14 0 8 17 18 34 22 29 6 26 12 18 12 11 54 1 29 44 0 0 10 90 46 0 0 0 0 0 0 0 0 0 26 81 0 0 0 0 0 0 6 34 54 40 0 3 21 43 60 24 61 44 54 60 56 64 83 60 62 60 23 13 38 36 21 13 21 46 52 24 36 15 56 55 38 2 31 23 31 34 28 0 0 41 36 65 30 36 66 92 94 82 89 78 75
56 10 20 28 1 2 2 0 60 67 24 18 55 50 42 50 22 18 2 0 0 0 4 58 62 1 0 4 0 0 0 7 16 0 6 0 0 0 20 30 65 57 70 38 0 0 0 15 24 24 52 37 74 96 98 52 53 56 38 59 85 82 28 24 12 64 76 55 11 0 38 42 52 46 34 22 35 16 81 7 43 19 0 6 42 4 4 2 71 100 100 95 100 96 61 56
33 10 26 50 40 10 14 31 43 22 64 58 66 81 40 49 22 42 2 0 0 0 0 59 70 52 36 63 70 47 58 36 14 0 0 13 49 6 51 28 16 0 26 5 0 0 0 49 22 2 53 53 56 86 76 39 6 21 20 48 50 17 1 0 5 49 63 42 38 21 23 11 0 44 93 94 76 46 9 29 18 1 0 38 28 0 0 4 94 100 77 72 100 77 61 100
37 14 18 64 30 28 30 5 64 6 64 70 69 85 18 26 1 6 20 8 35 0 35 22 31 97 75 26 26 62 51 54 28 26 29 69 51 8 7 52 0 0 0 0 0 0 18 44 18 6 29 35 58 80 70 49 0 0 31 62 86 45 70 44 28 66 21 24 39 27 34 18 16 16 19 40 54 11 0 2 64 64 12 27 10 0 0 54 100 99 61 81 100 100 98 100
56 46 16 59 21 68 92 19 50 41 36 40 5 58 13 9 35 0 32 10 3 0 4 0 20 28 3 25 22 42 39 42 9 30 40 3 32 56 30 83 27 18 20 18 2 0 2 62 39 0 0 10 66 80 42 1 0 0 43 90 93 94 76 67 82 39 30 21 8 1 31 18 35 62 92 40 30 8 31 54 13 58 62 31 25 26 45 94 98 80 24 70 99 76 76 82
34 7 16 52 16 69 1 0 2 46 39 40 0 52 0 6 31 2 28 42 4 10 29 49 69 50 7 4 37 70 49 50 42 60 22 26 35 40 40 54 12 37 44 64 22 72 34 2 9 0 0 19 92 76 6 13 27 0 6 40 49 44 53 60 68 9 0 0 0 0 2 0 0 5 68 86 77 86 76 54 64 60 96 78 39 65 80 97 99 70 74 76 100 94 34 70
16 47 17 49 20 15 0 0 0 0 62 58 0 64 6 0 0 0 2 41 62 76 62 70 94 88 60 50 34 22 28 29 56 92 52 62 36 55 69 56 99 75 73 65 65 21 40 3 0 1 39 46 100 38 48 63 28 59 9 65 36 17 49 46 43 0 0 0 0 0 0 0 0 2 14 70 52 27 41 94 67 47 92 64 26 22 74 100 60 95 100 100 84 72 38 92
44 28 21 12 16 0 0 0 0 3 88 31 9 39 15 12 41 43 77 93 85 100 100 100 100 81 46 26 0 5 20 67 99 73 46 65 62 95 80 68 52 78 70 56 65 98 88 72 61 16 30 73 91 78 92 77 84 43 18 14 30 46 16 4 3 28 9 7 53 73 31 15 0 0 3 32 9 0 12 54 64 77 65 80 12 15 97 94 60 52 70 100 78 58 40 44
23 7 8 0 18 12 0 0 0 32 64 40 56 58 48 70 43 47 48 82 88 55 98 66 41 3 2 27 11 0 3 33 98 52 41 95 73 80 53 68 70 46 80 38 27 98 90 94 99 23 7 98 96 84 52 93 57 36 46 48 28 22 1 3 4 90 91 68 40 43 95 95 35 16 0 0 0 0 2 69 88 10 89 64 0 31 68 92 67 87 92 84 65 67 36 14
47 5 7 28 48 36 23 0 0 36 97 62 82 44 63 80 54 63 32 10 36 39 50 28 26 22 45 48 14 0 0 10 59 76 100 58 100 100 56 65 78 89 97 48 10 60 48 70 92 87 28 62 88 65 60 32 10 21 54 73 75 91 100 95 76 26 26 29 30 39 65 81 97 67 1 13 2 0 0 58 38 20 83 25 18 14 22 100 63 63 84 80 36 50 28 44
2 12 6 54 48 20 6 0 4 89 50 15 80 44 6 26 6 16 27 38 30 93 30 0 24 31 21 52 37 24 0 11 24 58 46 54 95 88 20 46 4 40 97 54 38 44 26 40 49 84 62 65 2 5 12 61 45 23 3 0 0 0 13 30 27 0 16 12 0 14 17 38 56 92 16 60 24 0 0 14 18 70 58 88 54 19 27 100 81 49 51 68 65 64 16 60
2 59 74 50 43 0 0 0 15 80 34 17 92 50 10 5 31 15 0 19 14 25 0 4 35 60 26 56 63 44 0 2 40 27 38 36 42 52 54 59 12 62 97 56 10 19 30 26 48 63 67 64 0 38 76 76 51 82 42 32 26 18 3 7 0 38 44 92 66 64 60 13 0 85 95 80 46 17 0 0 20 64 93 92 30 5 55 73 98 84 47 77 72 69 0 49
41 27 21 32 12 0 50 82 6 22 59 8 34 99 48 46 100 99 25 0 44 30 11 56 60 86 26 30 40 12 25 0 68 51 57 72 17 40 42 82 45 44 38 58 13 13 42 42 56 44 75 51 24 39 64 84 68 96 46 67 42 56 68 86 15 64 62 84 87 34 24 45 18 68 100 92 34 1 0 0 2 77 56 28 26 35 50 60 100 98 77 76 69 82 45 61
38 58 14 16 17 0 26 7 0 10 94 46 13 97 90 100 95 65 49 0 80 52 50 76 38 38 11 30 20 16 12 8 47 26 51 73 64 42 69 82 17 8 47 0 0 25 55 48 31 46 96 90 71 74 57 58 26 61 37 80 44 92 78 94 84 58 91 82 36 60 25 0 36 68 33 94 78 20 2 17 82 91 52 15 37 18 47 66 100 99 37 64 38 8 2 73
39 40 4 12 0 41 26 0 0 0 35 63 73 83 100 100 91 81 44 14 38 8 14 87 97 41 39 32 76 65 70 8 5 16 66 56 69 63 78 89 45 6 60 2 0 28 83 54 64 77 100 62 78 100 67 19 0 16 14 39 19 94 100 89 72 45 59 56 36 30 17 41 40 54 4 29 98 70 48 18 90 84 81 50 11 6 28 88 99 81 18 60 39 0 23 60
29 54 5 1 33 0 34 9 0 0 1 22 36 65 61 48 51 32 28 28 38 31 48 45 100 40 26 25 35 40 86 85 11 15 57 54 65 94 44 92 17 28 41 4 2 42 80 54 36 70 98 2 72 99 59 49 4 22 0 11 4 44 99 78 54 0 0 0 43 74 66 46 36 28 50 20 30 86 83 4 36 60 64 84 21 24 59 99 83 35 1 37 32 0 2 0
0 5 58 46 20 71 20 76 96 45 1 0 44 80 24 58 22 38 0 14 45 62 67 94 45 74 22 61 87 66 40 42 93 19 2 33 13 86 74 14 74 48 78 14 0 25 84 23 13 6 6 74 41 92 59 21 4 18 0 0 0 26 75 97 14 0 0 5 44 80 88 77 33 35 52 46 18 20 93 58 64 68 41 10 46 67 95 45 37 48 0 0 0 0 0 0
48 63 59 2 17 43 71 11 77 92 25 24 23 57 76 16 14 52 5 34 19 60 54 86 33 94 34 94 100 92 68 94 62 7 57 58 58 67 4 0 58 72 21 0 0 62 43 0 0 0 10 49 95 76 38 52 0 0 0 10 60 15 39 63 8 0 10 59 78 54 100 41 33 29 69 57 87 69 59 88 68 80 24 19 42 62 24 100 97 32 0 0 0 0 0 0
77 51 29 6 0 8 36 63 36 40 87 28 39 52 98 7 17 12 14 44 72 56 14 64 55 58 70 100 76 100 52 52 54 40 63 36 56 85 24 1 53 42 2 0 0 5 0 0 3 14 71 66 62 73 23 3 0 0 0 0 0 3 37 29 0 0 0 37 52 82 81 1 0 40 45 52 81 87 71 87 82 86 6 11 69 71 80 70 94 10 0 0 0 0 0 0
44 62 5 0 29 46 66 20 15 24 74 47 26 83 100 20 23 20 66 22 33 27 9 59 64 67 95 82 83 83 72 9 59 9 48 0 23 82 5 0 1 0 0 0 0 0 4 33 84 100 89 35 82 78 86 0 0 0 0 0 0 0 22 7 0 0 0 12 44 71 34 0 38 70 62 37 72 74 96 36 28 16 2 0 12 78 88 75 79 54 44 2 0 37 14 27
79 7 0 0 0 66 62 42 50 40 69 87 27 32 36 4 3 1 4 8 5 22 59 64 32 37 100 49 28 68 24 27 12 38 25 0 25 34 0 0 0 7 35 55 46 57 91 54 70 92 83 71 49 82 82 66 34 0 0 0 0 0 0 0 0 0 0 0 45 73 0 0 0 0 0 70 98 96 45 38 53 35 50 0 0 17 28 80 57 99 91 32 0 11 18 78
5 0 0 16 34 41 76 89 63 52 11 72 87 68 61 16 22 25 7 58 33 22 54 76 36 70 92 56 71 72 18 19 69 66 6 0 38 14 0 34 48 60 24 43 47 48 25 64 84 51 63 35 74 49 44 72 34 0 0 0 0 0 0 0 0 0 0 0 5 13 0 0 0 4 29 56 92 81 51 94 30 24 14 20 0 12 30 52 72 68 56 59 6 0 0 8
0 0 10 28 19 28 4 23 54 82 39 13 33 52 61 74 18 54 94 32 74 95 46 74 61 32 34 18 60 81 51 50 51 74 46 0 0 0 18 83 67 70 78 78 71 85 61 17 0 0 0 1 86 30 43 100 34 0 0 0 0 0 0 0 0 0 0 0 0 0 0 0 0 5 80 48 94 50 39 45 66 50 74 83 61 75 51 5 27 22 88 74 60 0 0 23
0 0 0 0 0 0 0 0 53 69 50 54 32 45 78 62 68 85 48 7 52 54 37 43 43 44 35 50 76 48 30 63 37 72 24 0 0 0 40 22 0 17 84 7 0 4 0 0 0 0 0 49 48 52 87 100 94 64 6 2 36 63 25 0 0 0 0 0 0 0 0 2 31 58 74 79 54 0 0 30 77 70 63 77 79 98 47 26 56 3 68 87 89 18 33 18
0 0 0 0 0 0 33 0 38 88 76 49 64 91 95 95 60 90 69 8 18 24 72 82 59 77 18 12 36 18 9 32 13 0 0 0 0 1 0 0 0 0 33 42 0 0 0 0 0 0 0 66 40 34 64 95 100 100 91 73 82 42 0 0 0 0 0 0 0 0 3 62 68 46 58 70 71 0 0 0 1 18 48 84 50 83 78 21 3 4 38 92 69 47 36 28
48 77 64 52 57 48 24 2 26 48 60 53 91 79 58 3 12 62 92 37 0 75 77 57 98 68 12 57 40 50 3 0 0 2 19 2 57 50 0 0 0 0 2 26 0 0 0 0 0 0 17 76 43 67 78 100 88 84 85 74 94 12 0 0 0 20 0 0 5 10 12 62 81 60 54 29 1 0 0 0 0 0 0 85 60 66 84 70 23 3 3 62 78 38 34 38
32 11 18 12 11 13 0 0 0 0 0 0 13 7 0 7 48 6 64 17 61 89 88 70 54 40 31 65 15 25 40 48 90 54 40 45 69 10 0 0 0 0 0 0 0 0 0 0 0 36 76 41 66 84 97 80 22 74 66 55 72 36 6 0 0 12 0 0 32 50 56 70 14 0 26 0 0 0 0 0 0 7 26 64 69 93 4 86 90 39 0 31 38 78 98 94
63 69 43 54 0 0 10 3 0 0 0 0 0 13 20 55 55 1 42 70 26 17 9 31 36 80 68 34 45 86 20 34 91 64 74 92 48 6 0 0 0 0 0 0 0 0 0 3 45 74 89 33 89 59 74 43 0 0 56 66 65 43 56 34 36 25 0 12 30 30 12 28 0 0 0 0 0 0 0 0 0 30 74 55 56 97 23 86 80 82 46 26 30 79 80 72
33 5 0 78 18 0 26 50 20 3 14 54 82 98 100 54 61 0 29 68 0 0 0 31 30 38 45 89 37 58 35 69 100 97 70 72 34 2 0 0 0 0 0 0 0 0 0 2 66 100 68 77 100 61 63 20 0 0 11 39 61 54 78 62 40 7 0 0 7 0 0 0 0 0 0 0 0 0 0 0 0 36 74 81 71 90 59 68 76 70 26 13 21 75 62 86
22 10 0 17 31 44 67 59 62 82 98 54 32 80 94 27 39 0 26 82 55 9 0 0 0 0 33 54 52 51 66 100 74 68 58 40 17 5 0 0 0 0 0 0 0 0 8 50 24 79 35 100 77 42 32 8 0 0 7 46 60 78 57 12 0 0 0 0 0 0 0 0 0 0 0 0 0 0 0 0 0 5 6 79 64 88 65 100 74 22 10 59 60 40 68 46
28 25 9 71 97 96 35 43 42 66 30 83 49 33 34 57 27 0 3 72 74 62 38 32 22 9 0 17 16 3 44 10 32 92 68 79 66 2 0 0 0 0 0 0 0 0 11 15 66 58 86 99 59 37 32 0 0 0 8 20 48 92 17 0 0 0 0 0 0 0 0 0 0 0 0 0 0 0 0 0 0 0 0 60 95 46 58 86 60 48 14 41 74 87 84 58
46 17 33 84 35 30 64 44 62 78 62 58 36 1 73 64 6 0 37 100 91 96 75 90 62 30 0 0 0 0 10 0 0 20 68 88 22 0 0 0 0 0 0 0 0 13 15 76 67 65 98 57 37 12 0 0 0 0 0 20 60 86 2 10 5 0 0 0 0 0 2 30 38 18 21 9 0 0 0 0 0 0 10 76 78 9 31 86 90 8 76 20 92 69 65 57
89 56 66 38 14 34 78 42 18 6 98 56 12 0 66 50 0 0 65 82 19 20 26 2 0 0 0 0 0 7 48 0 0 0 33 32 0 0 0 0 0 0 0 0 0 2 69 100 37 98 54 14 0 0 0 0 0 0 0 42 37 56 62 90 54 0 0 0 0 9 26 28 24 62 80 33 0 0 0 0 24 20 55 100 41 22 88 66 82 5 30 49 96 42 49 52
38 46 89 65 69 40 36 0 0 0 24 7 30 40 84 84 47 0 37 90 46 13 0 0 0 0 0 0 0 0 6 0 0 0 4 49 28 0 0 0 0 0 0 0 0 33 79 69 82 100 38 0 0 0 0 0 0 1 23 28 45 29 72 58 0 0 0 0 0 0 0 0 0 0 7 1 0 19 88 84 79 63 86 74 11 5 44 47 82 34 18 62 55 67 64 44
48 12 60 83 70 45 7 0 0 0 18 75 72 80 68 72 75 0 6 99 97 82 26 10 0 0 0 0 0 0 0 0 0 0 0 23 31 0 0 0 0 0 0 0 50 85 47 55 57 39 4 0 0 0 0 0 0 16 24 22 53 60 24 0 0 0 0 0 0 0 0 0 0 0 0 0 0 0 10 42 78 98 56 1 0 1 62 97 99 30 51 47 83 96 38 71
57 72 97 64 61 21 0 0 0 15 74 57 100 90 87 82 70 0 1 94 61 59 82 9 0 0 0 0 0 0 0 0 0 0 0 6 0 0 0 0 0 0 10 31 26 30 63 34 87 0 26 0 0 0 0 0 7 40 42 24 0 2 4 0 0 0 0 0 0 0 0 0 0 0 0 0 0 0 2 39 60 48 0 0 0 13 93 100 62 6 37 51 92 64 14 54
87 55 67 51 33 0 0 0 2 46 84 87 24 45 66 94 84 0 12 93 96 55 81 63 17 11 45 0 0 0 0 0 0 0 0 0 0 0 0 0 23 28 13 0 0 33 49 79 52 0 2 0 0 0 0 0 21 22 29 0 0 0 0 0 0 0 0 0 0 0 0 0 0 0 0 0 0 1 34 77 82 70 0 0 0 39 99 100 24 48 72 96 95 84 25 13
43 73 71 36 87 36 0 0 0 0 45 80 1 28 58 34 87 59 9 64 100 83 61 46 37 38 48 15 38 0 0 0 0 0 0 0 0 0 14 45 46 18 0 0 13 68 38 62 5 0 0 0 0 0 0 0 0 0 0 0 0 0 0 0 0 0 0 0 0 0 0 0 0 0 0 0 0 22 68 59 94 44 0 0 0 50 99 79 39 79 100 99 68 0 0 0
13 46 54 12 67 33 0 0 0 16 50 8 0 8 0 0 64 96 62 58 98 86 81 60 69 56 20 6 8 0 0 0 0 0 0 0 0 0 29 1 0 0 0 0 0 47 92 5 0 0 0 0 0 0 0 0 0 0 0 0 0 0 0 0 0 0 0 0 0 0 0 0 0 0 0 0 0 67 66 87 32 0 2 14 48 48 77 42 84 61 100 71 13 0 0 0
2 40 77 73 56 22 0 0 0 3 26 0 0 0 0 12 86 99 46 44 44 65 66 84 80 60 66 41 13 1 24 16 38 8 0 0 0 0 0 0 0 0 0 0 2 72 44 0 0 0 0 0 0 0 0 0 0 0 0 0 0 0 0 0 0 0 5 10 4 0 0 0 5 3 0 0 13 50 82 88 28 15 27 49 60 18 40 95 96 100 100 54 3 3 14 0
80 75 18 2 0 0 0 0 0 0 0 0 0 0 0 43 71 72 78 40 68 99 73 50 90 47 68 68 30 46 57 64 81 69 27 0 0 0 0 0 0 0 0 0 0 5 0 0 0 0 0 0 0 0 0 0 0 0 0 0 0 0 0 0 0 0 90 55 36 61 28 44 92 45 17 12 20 84 78 75 38 72 97 66 48 0 21 74 68 100 74 17 40 41 49 33
74 66 2 0 0 0 0 0 0 0 0 0 0 0 0 0 1 87 71 28 26 94 79 40 40 16 0 0 0 8 74 11 6 0 0 0 0 0 0 0 0 0 0 0 0 0 0 0 0 0 0 0 0 0 0 0 0 0 0 0 0 0 0 0 32 48 98 70 57 44 69 42 97 80 56 48 44 96 69 76 83 79 48 30 36 38 56 99 83 94 78 52 64 43 38 50
100 86 11 0 0 0 0 0 0 0 0 0 0 0 0 0 6 61 69 51 40 59 55 33 17 0 0 0 0 21 40 0 0 0 0 0 0 0 0 0 0 0 0 0 0 0 0 0 0 0 0 0 0 0 0 0 0 0 0 0 0 0 0 0 5 78 30 59 68 92 58 79 46 29 72 66 44 63 96 55 14 63 60 24 59 99 100 62 72 64 90 91 100 88 82 94
55 18 8 20 26 0 0 0 0 0 0 0 0 0 0 0 0 10 67 79 24 73 0 0 0 0 0 0 3 91 33 0 0 0 0 0 0 0 0 0 0 0 0 0 0 0 0 0 0 0 0 0 0 0 0 17 52 1 0 0 29 0 0 2 8 76 62 82 70 92 99 96 75 44 54 75 80 49 48 78 44 41 66 95 100 100 81 56 38 84 90 62 48 80 95 82
87 35 47 56 62 1 0 0 0 0 0 0 0 0 0 0 0 2 68 98 93 100 42 0 0 0 0 0 0 52 13 0 0 0 0 0 0 0 0 0 0 0 0 0 0 0 0 0 0 0 0 0 0 2 9 30 80 20 0 5 74 4 18 63 46 50 57 100 100 100 92 84 72 71 78 100 62 42 72 100 94 80 74 65 92 64 41 45 55 82 86 69 71 49 65 75
49 72 68 67 76 6 0 0 0 0 0 0 0 0 0 2 51 63 100 100 80 74 99 51 3 0 0 0 0 0 0 0 0 0 0 0 0 0 0 0 0 0 0 0 0 0 0 0 0 0 0 0 0 19 34 66 65 65 0 23 100 40 88 89 42 6 24 100 91 97 83 94 89 60 99 100 84 60 26 98 90 80 59 18 20 0 24 48 67 43 46 16 54 51 98 69
38 59 58 70 34 70 46 9 0 0 0 0 0 0 0 0 0 29 45 32 66 88 23 73 91 4 0 0 0 0 0 0 0 0 0 0 0 0 0 0 0 0 0 0 0 0 0 0 0 0 0 0 0 4 40 79 44 59 35 66 100 44 64 99 48 34 75 82 67 81 96 89 57 56 61 83 96 76 88 67 34 32 22 6 0 0 11 88 48 30 33 0 0 7 34 8
16 13 19 30 56 72 58 36 31 4 0 0 0 0 0 0 0 0 0 0 1 87 73 44 98 21 0 0 0 0 0 0 0 0 0 0 0 0 0 0 0 0 0 0 0 0 0 0 0 0 0 4 27 8 3 35 31 42 42 81 61 63 66 73 55 78 52 38 50 20 46 54 40 40 38 90 80 68 81 69 96 94 25 30 40 1 0 0 36 53 45 10 0 0 0 0
0 0 0 0 0 10 52 10 8 0 0 0 0 0 0 0 0 0 0 0 0 33 87 28 99 34 0 0 0 0 10 12 4 0 0 0 0 0 0 0 0 0 0 0 0 0 0 0 0 0 0 12 61 30 0 27 24 26 70 84 60 50 62 66 31 42 31 87 87 80 60 61 28 50 80 97 96 64 97 88 100 98 34 58 94 12 0 18 88 66 64 44 0 0 0 0
0 0 0 0 0 0 0 0 0 0 0 0 0 0 0 0 0 0 0 0 1 48 92 79 93 83 32 0 0 22 81 53 2 0 0 0 0 0 0 0 0 0 0 0 0 0 0 0 0 6 32 16 72 25 41 60 55 66 68 75 77 62 47 66 84 24 31 76 46 62 92 78 68 14 75 99 100 87 74 94 86 86 68 86 91 55 0 2 30 63 74 42 0 0 0 0
0 0 0 0 0 0 0 0 0 0 0 0 0 0 0 0 0 0 0 15 48 91 100 90 44 85 63 39 71 40 54 9 0 0 0 0 0 0 0 0 0 0 0 0 0 0 7 17 24 45 70 79 66 40 56 80 62 60 70 53 58 72 96 48 42 16 79 42 36 30 27 58 72 0 56 80 100 62 62 96 74 56 12 60 78 61 13 0 0 16 28 49 17 0 0 0
0 0 0 0 0 0 0 0 0 0 0 0 0 0 0 0 0 0 2 58 84 81 50 81 55 66 80 76 61 11 0 0 0 0 0 0 0 0 0 0 29 0 0 0 7 39 71 86 92 33 72 14 72 82 69 66 93 74 20 5 48 42 35 33 73 60 24 83 80 10 0 0 4 0 6 84 100 66 48 34 73 69 25 82 96 72 32 0 0 28 89 59 39 0 0 0
