data/habitatmaps/RS_maps/habitat_Pyrrhula.pyrrhula_2004.asc
NCOLS 369 
NROWS 228 
XLLCORNER 479000 
YLLCORNER 73000 
CELLSIZE 1000 
NODATA_value -9 
[rows 124 to 185 of 228, columns 0 to 95 of 369]
-9 -9 -9 -9 -9 -9 -9 -9 -9 -9 -9 -9 -9 -9 -9 -9 -9 -9 -9 3 40 100 100 100 93 65 92 22 9 0 0 7 62 77 91 59 60 37 61 92 14 67 51 33 70 30 2 6 73 64 35 0 0 0 0 1 29 20 21 28 2 0 0 16 7 41 30 14 41 1 16 67 26 33 11 63 12 27 15 49 0 15 59 42 0 7 27 2 0 0 17 61 13 8 13 42
-9 -9 -9 -9 -9 -9 -9 -9 -9 -9 -9 -9 -9 -9 -9 -9 -9 -9 2 47 83 100 100 90 40 71 9 0 0 2 49 87 89 95 36 60 61 33 54 92 11 66 27 11 70 87 66 94 99 81 10 0 0 0 0 5 5 23 64 39 0 19 50 12 41 19 52 17 28 38 42 38 20 46 0 25 42 27 0 54 46 7 59 78 0 17 7 29 35 21 33 7 0 10 46 23
-9 -9 -9 -9 -9 -9 -9 -9 -9 -9 -9 -9 -9 -9 -9 -9 -9 38 80 100 100 100 83 19 4 64 0 5 50 78 60 77 89 66 61 55 31 67 82 82 25 22 83 58 91 74 84 43 88 60 27 1 0 0 0 0 0 23 50 39 0 63 18 16 46 19 18 1 28 71 8 0 40 41 24 31 28 44 20 1 25 45 66 0 0 0 15 6 25 15 0 24 0 2 9 12
-9 -9 -9 -9 -9 -9 -9 -9 -9 -9 -9 -9 -9 -9 -9 -9 48 97 100 100 93 47 4 23 30 0 62 88 76 54 91 100 79 52 67 66 80 99 48 18 31 40 75 76 80 17 19 13 57 8 9 0 0 0 0 0 0 54 39 8 24 62 4 6 41 51 21 32 0 10 44 22 1 47 86 28 22 18 44 9 44 8 12 0 21 18 6 0 0 3 0 2 0 43 67 26
-9 -9 -9 -9 -9 -9 -9 -9 -9 -9 -9 -9 -9 -9 -9 39 100 100 98 81 54 47 82 88 8 15 100 68 72 99 100 62 32 52 89 80 100 95 75 98 90 90 67 78 63 19 73 43 9 11 0 0 0 0 5 6 35 35 10 56 36 47 4 20 17 56 35 15 0 1 49 15 22 58 19 0 7 0 2 27 3 0 0 0 9 6 36 0 6 22 32 22 35 7 23 28
-9 -9 -9 -9 -9 -9 -9 -9 -9 -9 -9 -9 -9 13 57 77 98 99 71 75 82 31 54 31 69 91 86 99 91 70 89 69 81 96 71 90 98 100 88 23 20 70 70 88 78 43 69 39 8 8 0 0 0 0 3 92 42 70 40 47 0 0 27 29 0 47 37 5 41 24 23 3 35 21 29 0 20 4 0 0 0 0 0 2 38 0 41 18 31 31 76 83 27 27 22 0
-9 -9 -9 -9 -9 -9 -9 -9 -9 -9 -9 -9 6 66 58 100 100 70 70 34 3 8 29 65 92 94 40 41 69 80 68 76 98 88 65 67 95 68 46 19 31 35 58 61 58 13 17 68 11 43 17 5 0 0 1 70 19 16 36 71 0 8 58 0 7 51 31 7 55 23 66 53 19 18 13 4 33 25 5 1 0 0 3 28 5 0 16 37 58 97 100 61 0 0 1 1
-9 -9 -9 -9 -9 -9 -9 -9 -9 -9 -9 48 84 77 86 98 70 43 0 0 4 37 97 82 73 76 66 68 96 80 96 84 57 69 25 9 74 82 77 47 39 43 49 85 71 37 79 100 73 16 24 0 0 0 7 31 3 40 54 16 9 78 4 0 81 28 0 9 16 12 52 24 11 19 28 0 23 37 1 20 0 0 25 0 7 29 3 14 44 30 19 0 0 0 0 0
-9 -9 -9 -9 -9 -9 -9 -9 -9 -9 69 91 83 88 40 9 0 9 37 60 91 52 96 43 51 77 95 84 100 91 73 42 54 20 14 4 37 79 10 56 72 65 88 10 50 100 100 97 99 38 1 0 4 28 90 49 0 0 50 7 14 37 0 35 31 2 0 7 30 24 61 0 29 64 17 2 20 41 0 0 0 0 10 24 17 29 50 63 70 10 21 4 15 0 2 0
-9 -9 -9 -9 -9 -9 -9 -9 -9 -9 41 44 100 27 2 23 12 36 67 99 84 49 84 67 92 78 100 100 97 74 42 22 12 21 5 35 86 94 59 50 41 92 21 57 93 96 41 24 43 28 13 48 83 84 25 12 0 0 0 0 1 11 1 20 49 21 0 14 55 74 13 17 15 13 34 49 40 0 0 0 2 0 0 29 1 24 56 77 33 24 41 18 3 25 30 4
-9 -9 -9 -9 -9 -9 -9 -9 -9 61 91 85 47 54 27 31 41 98 100 100 97 83 59 87 80 98 100 100 100 52 39 23 8 1 50 94 75 79 80 90 80 32 0 73 59 12 13 20 46 3 0 24 7 71 0 17 7 23 0 0 0 22 38 34 30 24 10 61 44 27 26 29 5 51 14 61 8 10 0 0 27 0 9 2 0 9 36 68 94 33 3 3 0 1 20 0
-9 -9 -9 -9 -9 -9 -9 -9 93 35 23 0 7 39 75 95 100 100 100 100 94 68 88 94 95 100 100 100 100 51 36 7 3 63 46 36 78 80 92 89 57 2 60 76 12 21 1 23 41 26 8 0 37 23 0 17 0 0 0 11 35 0 7 49 26 47 19 65 8 32 19 16 50 0 7 1 37 20 2 0 1 0 0 0 0 0 0 48 56 2 20 0 0 5 25 19
-9 -9 -9 -9 -9 -9 -9 -9 23 18 0 0 0 31 96 100 100 100 99 100 94 54 81 100 94 100 100 86 58 31 1 5 59 99 52 39 39 36 82 96 99 63 72 0 0 42 25 3 15 0 1 0 36 0 0 0 0 0 0 26 49 25 0 17 19 26 9 49 45 53 28 0 38 0 6 21 24 4 51 18 4 0 0 4 7 25 0 0 2 0 0 0 3 23 2 12
-9 -9 -9 -9 -9 -9 -9 -9 12 20 7 0 26 95 100 100 100 100 64 99 65 66 100 97 84 100 100 27 6 0 3 39 74 87 47 74 75 100 100 88 39 16 0 0 0 16 2 45 43 0 16 24 1 0 58 18 20 0 0 28 16 0 0 48 40 64 64 4 34 15 16 5 9 0 0 25 65 42 54 36 22 6 3 33 0 0 0 0 0 0 0 0 16 14 0 4
-9 -9 -9 -9 -9 -9 -9 -9 86 28 12 57 100 100 100 100 90 61 50 96 67 99 100 100 100 100 41 0 0 3 40 82 100 99 78 63 91 100 100 30 3 0 0 30 17 0 0 46 15 15 18 3 0 5 27 33 60 10 28 56 36 18 11 62 96 98 23 1 11 11 0 24 12 32 1 22 16 39 26 7 17 36 29 11 6 7 0 0 0 0 0 0 58 81 7 23
-9 -9 -9 -9 -9 -9 -9 48 53 28 90 100 100 100 100 69 51 36 14 41 96 100 100 100 100 99 27 1 31 55 87 70 89 43 18 38 94 100 79 4 9 24 48 94 35 0 0 0 0 5 21 0 0 0 0 0 0 0 19 11 36 32 1 33 71 72 43 1 13 0 9 79 9 6 12 1 0 2 25 1 2 33 35 2 67 54 24 28 42 16 0 7 34 70 17 32
-9 -9 -9 -9 -9 -9 -9 36 57 71 100 100 100 100 100 93 85 75 9 35 100 100 100 100 76 32 1 50 99 100 77 86 50 20 10 94 74 100 60 0 0 53 31 2 92 43 0 1 0 8 28 9 0 0 0 17 0 0 7 17 23 62 51 80 100 100 14 15 27 0 0 77 16 20 62 11 6 30 57 12 21 6 0 61 96 90 46 81 45 20 9 12 2 2 1 48
-9 -9 -9 -9 -9 -9 -9 1 17 93 100 100 99 72 85 100 87 17 33 98 100 100 100 100 66 43 19 98 31 37 50 53 93 64 26 69 100 93 15 3 52 49 0 0 52 10 6 25 3 0 44 18 0 0 31 5 12 35 14 12 96 93 87 100 100 99 51 35 40 0 0 27 14 0 13 15 16 7 0 0 0 0 3 93 85 74 92 100 79 57 27 9 0 2 47 84
-9 -9 -9 -9 -9 -9 -9 29 87 98 87 92 33 46 92 84 31 17 88 100 100 100 100 70 41 0 68 76 58 25 28 66 81 83 100 100 96 28 0 24 96 48 0 0 0 0 0 8 23 14 41 1 4 73 84 59 28 48 38 61 54 63 92 91 92 78 30 26 23 14 0 5 0 0 18 0 0 0 0 0 0 0 6 59 41 98 100 100 71 40 56 41 34 49 58 75
-9 -9 -9 -9 -9 -9 -9 98 100 100 85 28 46 80 60 19 55 91 100 100 99 100 95 35 12 30 99 84 84 40 75 99 80 94 100 87 29 0 0 10 86 95 95 35 0 3 0 0 4 3 44 21 0 3 62 27 0 12 3 3 56 57 74 35 85 100 100 57 31 38 1 0 0 4 20 27 4 15 8 1 0 0 50 80 52 100 100 100 61 47 62 47 16 19 7 61
-9 -9 -9 -9 -9 -9 -9 99 100 100 100 93 18 51 78 40 68 100 100 100 76 93 96 29 49 53 99 73 49 50 87 100 100 100 100 75 7 0 0 0 0 34 69 36 20 8 14 0 0 0 3 78 65 0 11 15 17 0 0 0 24 53 11 17 33 25 32 37 14 70 72 10 28 20 43 60 46 11 23 0 0 13 55 41 87 100 56 50 47 61 20 66 47 8 9 81
-9 -9 -9 -9 -9 -9 -9 100 100 100 100 71 26 77 37 45 100 100 100 100 100 84 18 82 33 63 100 74 29 82 55 92 100 100 100 34 0 0 31 60 45 55 54 0 0 0 1 12 0 0 7 40 43 0 0 0 0 0 0 0 13 14 6 52 11 11 31 0 0 1 8 39 33 20 3 5 1 6 23 6 0 0 52 36 27 62 46 37 0 0 30 11 58 29 0 59
-9 -9 -9 -9 -9 -9 -9 100 100 99 71 73 55 57 27 95 100 100 100 100 97 21 50 53 84 100 66 25 91 95 100 100 100 100 83 29 0 2 2 96 100 97 71 5 0 0 8 6 0 0 3 0 28 5 0 0 0 0 0 0 0 1 48 37 18 14 0 0 0 0 2 56 54 0 23 31 25 22 60 2 0 3 39 55 62 71 46 16 0 20 12 48 71 19 15 52
-9 -9 -9 -9 -9 -9 100 100 85 57 97 87 55 58 97 100 100 100 100 86 22 58 57 98 100 88 77 77 100 100 100 100 100 86 47 52 2 12 47 99 67 33 28 26 1 5 20 24 0 0 14 14 3 10 0 0 0 0 0 0 0 0 74 47 26 47 0 0 1 0 16 45 0 3 0 32 12 2 3 0 0 7 65 55 58 63 56 9 23 65 84 67 38 25 56 29
-9 -9 -9 -9 -9 70 100 79 65 85 54 96 58 71 100 100 100 100 79 3 35 72 93 99 70 61 82 85 100 100 69 69 94 18 3 25 35 35 76 51 14 1 0 1 0 0 0 27 2 0 0 0 26 1 0 0 0 0 0 0 0 0 34 10 0 34 0 11 37 16 10 4 33 55 1 0 0 0 10 0 0 41 62 55 67 97 67 42 18 72 81 38 29 31 53 41
-9 -9 -9 -9 -9 90 74 59 75 37 100 100 92 52 92 100 100 79 4 23 69 100 93 52 94 58 82 91 100 99 18 34 39 23 11 14 47 50 57 54 11 0 5 8 0 0 0 1 0 0 0 0 21 0 0 0 0 0 0 0 0 0 3 0 0 14 0 34 58 12 0 0 21 64 11 0 0 22 47 23 11 6 75 28 48 54 51 7 0 17 64 10 20 34 16 54
-9 -9 -9 -9 -9 42 85 100 82 91 100 92 58 72 80 99 53 5 1 85 88 100 85 96 62 63 82 100 100 73 4 8 65 36 0 0 37 73 0 12 35 0 2 29 0 0 1 0 0 0 0 0 0 0 0 0 0 0 0 0 0 0 0 0 12 3 0 0 23 53 0 0 34 49 53 7 6 67 6 75 64 82 72 85 48 56 15 0 0 13 56 37 19 22 1 3
-9 -9 -9 -9 -9 100 57 46 98 80 51 91 78 69 67 12 8 0 38 82 76 100 94 58 33 91 88 100 69 2 0 42 72 43 0 0 3 23 8 3 12 0 0 10 29 14 22 4 0 0 0 0 0 0 0 0 0 0 0 0 0 0 0 0 0 0 0 3 46 13 21 16 28 64 70 32 28 47 39 47 73 75 87 85 87 37 15 24 36 37 17 32 71 58 33 0
-9 -9 -9 -9 99 79 34 49 72 75 80 70 69 88 23 20 1 1 67 21 67 65 69 66 83 79 77 70 2 0 16 79 100 44 19 8 29 32 25 0 0 0 0 0 0 0 0 0 0 0 0 0 0 0 0 0 0 0 0 0 0 0 0 0 0 0 0 0 2 15 12 18 15 18 81 34 0 25 40 51 93 66 41 88 35 8 0 0 37 56 22 76 52 43 21 0
-9 -9 -9 -9 49 61 7 29 49 92 76 55 77 84 71 10 2 38 45 51 96 74 98 74 88 50 9 69 5 11 0 36 100 83 59 1 5 2 0 0 0 0 1 0 0 0 0 0 0 0 0 0 0 0 0 0 0 0 0 0 0 0 0 0 0 0 0 0 0 1 0 0 46 15 5 0 27 29 6 46 56 50 74 46 81 0 21 25 31 21 82 38 54 66 68 30
-9 -9 -9 -9 1 11 25 9 80 81 78 62 55 33 54 0 5 34 61 81 51 49 74 67 86 96 88 31 28 46 6 21 96 26 0 0 0 0 0 0 18 32 37 0 0 0 0 0 0 0 0 0 0 0 0 0 0 0 0 0 0 0 0 0 0 0 0 0 0 0 0 0 0 0 0 4 12 0 0 24 54 28 55 60 85 31 0 30 44 64 85 28 71 14 30 75
-9 -9 -9 -9 51 54 94 91 46 91 100 97 84 95 6 30 59 85 36 68 87 73 62 46 39 69 20 2 47 51 2 37 27 0 0 0 0 0 0 0 9 3 0 0 0 0 0 0 0 0 0 0 0 0 0 0 0 0 0 0 0 0 0 0 0 0 0 0 0 0 0 0 0 0 0 0 0 0 0 11 66 77 33 61 99 44 12 43 86 31 79 86 64 44 52 7
-9 -9 -9 -9 64 90 99 51 33 84 90 83 100 75 74 98 51 43 72 73 72 75 50 44 69 100 42 11 72 5 11 3 0 0 0 0 0 0 0 0 0 0 0 0 0 0 0 0 0 0 0 0 0 0 0 0 0 0 0 0 0 0 0 0 0 0 0 0 0 0 0 0 0 0 0 0 0 0 0 0 38 58 32 68 69 20 18 95 97 26 9 30 58 66 62 37
-9 -9 -9 78 74 100 98 71 99 76 100 100 86 64 96 96 42 59 81 83 82 84 100 100 100 82 39 23 75 12 0 10 13 0 0 0 0 0 0 0 0 0 0 0 0 0 0 0 0 0 0 0 0 0 0 0 0 0 0 0 0 0 0 0 0 0 0 0 0 0 0 0 0 0 0 0 0 0 0 0 32 71 85 93 70 8 11 73 96 49 22 0 15 81 55 28
-9 -9 -9 100 100 99 63 61 61 84 91 63 69 94 99 61 79 64 6 58 93 100 100 100 100 16 0 9 5 0 0 5 39 2 0 0 0 0 0 0 0 0 0 0 0 0 0 0 0 0 0 0 0 0 0 0 0 0 0 0 0 0 0 0 0 0 0 0 0 0 0 0 0 0 0 0 0 0 0 0 1 47 91 86 91 2 0 17 56 57 47 7 42 22 10 27
-9 -9 -9 100 82 47 51 48 91 77 46 93 96 81 69 71 15 45 72 100 100 100 100 89 87 24 12 3 12 3 1 8 3 0 0 0 0 0 0 0 0 0 0 0 0 0 0 0 0 0 0 0 0 0 0 0 0 0 0 0 0 0 0 0 0 0 0 0 0 0 0 0 0 0 0 0 0 0 0 0 0 19 75 96 96 70 43 2 9 72 34 25 35 65 2 22
-9 -9 -9 48 75 74 66 54 89 24 88 89 79 88 62 35 25 94 100 100 100 100 50 21 5 0 0 0 0 0 20 51 8 0 0 0 0 0 0 0 0 0 0 0 0 0 0 0 0 0 0 0 0 0 0 0 0 0 0 0 0 0 0 0 0 0 0 0 0 0 0 0 0 0 0 0 0 0 0 0 0 15 100 81 100 100 53 23 29 61 58 59 95 46 54 18
-9 -9 -9 -9 89 47 29 31 52 54 75 44 76 38 54 97 93 100 92 100 100 54 0 0 0 0 0 0 0 0 9 18 0 0 0 0 0 0 0 0 0 0 0 0 0 0 0 0 0 0 0 0 0 0 0 0 0 0 0 0 0 0 0 37 86 85 61 36 5 0 0 0 0 0 0 0 0 0 0 0 0 14 92 94 100 96 26 17 50 68 45 56 71 10 16 28
-9 -9 -9 -9 42 32 39 42 93 92 45 65 5 64 100 100 100 100 100 100 94 20 0 0 0 0 0 0 0 0 6 3 0 0 0 0 0 0 0 0 0 0 0 0 0 0 0 6 54 2 0 0 0 0 0 3 13 35 17 52 82 80 85 82 10 78 53 89 89 39 8 0 0 0 0 0 0 0 0 0 0 0 43 100 89 39 33 37 68 31 19 72 7 0 0 12
-9 -9 -9 -9 35 68 95 24 5 33 79 34 72 97 100 100 100 100 100 78 10 0 0 0 0 0 0 9 0 0 0 0 0 0 0 0 0 0 0 0 0 0 0 0 0 0 0 6 23 3 18 3 0 0 0 41 37 40 47 43 31 36 80 40 47 48 87 98 100 97 98 70 39 20 4 2 10 21 49 40 50 0 53 100 98 87 29 13 2 0 18 8 36 20 3 27
-9 -9 -9 -9 48 66 17 21 67 77 64 85 100 100 100 100 100 100 99 26 0 0 0 0 0 1 12 0 0 0 0 0 0 0 0 0 0 0 0 0 0 0 0 0 0 0 0 0 3 13 0 0 28 34 28 32 60 0 0 0 6 81 46 90 69 65 40 63 67 100 100 100 100 100 60 46 2 26 61 6 9 0 65 100 65 18 0 0 0 1 30 73 21 28 41 0
-9 -9 -9 -9 -9 42 40 97 59 65 88 31 97 100 100 100 100 98 53 0 0 2 1 20 38 0 29 0 0 0 0 0 0 16 42 18 0 0 0 0 0 0 0 0 0 0 0 0 30 39 1 24 34 31 15 7 13 0 31 59 30 19 0 54 65 68 33 18 33 56 75 87 100 96 100 100 58 0 39 3 0 42 98 79 82 44 3 0 0 40 81 28 44 40 63 20
-9 -9 -9 -9 -9 -9 83 92 66 100 35 79 100 67 92 72 36 68 34 52 2 22 11 55 14 0 0 0 0 0 0 0 0 0 8 69 15 0 0 0 0 0 0 0 0 0 0 0 66 83 71 11 18 0 0 7 0 0 4 16 3 1 3 42 71 99 26 7 70 62 87 61 44 21 60 100 98 8 51 27 0 41 92 56 87 66 32 2 63 43 52 35 100 65 22 64
-9 -9 -9 -9 -9 -9 98 70 96 84 47 100 100 49 8 3 0 17 71 46 0 0 9 42 0 0 0 0 0 0 0 9 23 54 23 44 49 0 0 0 0 0 0 1 41 8 11 59 47 42 93 39 0 15 0 40 1 3 60 64 79 75 87 52 84 20 0 0 26 56 4 0 0 0 55 100 100 50 28 4 0 13 96 100 72 80 86 54 6 25 65 74 28 35 61 56
-9 -9 -9 -9 -9 -9 92 80 94 8 49 100 100 33 12 6 0 38 64 0 13 5 0 1 0 0 0 0 0 0 1 63 89 83 73 88 77 5 0 0 0 0 0 32 43 33 42 22 36 15 36 95 78 26 -9 -9 -9 46 30 11 79 93 28 66 87 45 0 0 0 1 0 0 5 23 60 98 100 100 24 2 0 7 53 48 93 95 48 8 14 62 95 38 41 79 91 100
-9 -9 -9 -9 71 94 52 78 15 0 45 95 89 1 0 27 0 0 0 3 44 64 0 0 0 0 0 0 0 16 10 68 39 39 13 30 35 0 0 0 0 7 3 32 5 44 43 3 40 41 45 90 -9 -9 -9 -9 -9 72 64 33 34 66 60 63 28 39 18 23 0 0 0 0 2 7 67 68 63 74 6 20 25 15 30 32 54 76 59 33 47 87 77 54 33 40 60 52
-9 -9 50 47 92 48 70 40 0 1 67 99 34 0 0 7 3 19 12 2 42 40 0 0 0 0 0 0 0 1 12 60 40 21 1 0 14 30 35 56 45 66 85 41 59 13 0 0 18 56 -9 -9 -9 -9 -9 -9 -9 -9 100 83 41 28 54 94 61 53 26 44 19 0 0 4 17 59 76 98 100 98 20 0 0 33 0 0 19 83 74 76 84 72 97 28 5 3 0 5
-9 44 51 95 36 39 79 10 0 59 100 78 0 0 0 0 5 16 0 0 54 32 0 0 0 0 0 0 1 0 5 45 1 0 4 53 89 100 53 70 100 100 87 47 23 0 0 2 52 -9 -9 -9 -9 -9 -9 -9 -9 -9 72 60 91 65 37 76 77 83 86 27 5 68 42 14 5 25 53 76 70 62 68 5 0 25 0 0 18 75 100 51 90 95 58 66 31 0 6 67
50 54 45 71 25 83 41 0 9 97 100 72 0 0 0 0 0 0 28 75 85 57 7 0 0 0 0 0 21 47 67 6 20 0 24 14 45 47 16 89 100 63 20 0 0 -9 -9 -9 -9 -9 -9 -9 -9 -9 -9 -9 -9 -9 96 66 100 82 95 87 73 85 26 0 4 50 97 54 10 26 32 83 82 76 83 1 0 1 0 0 20 59 78 87 70 43 21 26 29 23 70 71
53 64 91 59 89 75 36 6 73 100 73 16 6 0 23 0 0 24 62 100 69 25 0 0 0 0 0 0 9 71 63 93 54 0 1 37 9 25 70 100 75 8 0 0 0 -9 -9 -9 -9 -9 -9 -9 -9 -9 -9 -9 -9 -9 100 68 80 35 84 62 70 42 41 43 24 56 49 67 73 52 1 34 80 100 100 56 5 0 0 0 23 9 26 100 59 43 48 44 47 60 75 39
56 36 64 100 93 100 68 11 96 100 95 10 1 6 17 35 0 6 74 24 78 28 1 0 0 0 0 0 0 0 8 93 100 27 0 14 88 65 37 71 69 51 0 0 4 -9 -9 -9 -9 -9 -9 -9 -9 -9 -9 -9 -9 -9 -9 74 65 63 74 49 11 72 54 33 65 37 53 11 69 75 36 21 39 98 100 75 0 0 0 0 53 6 33 60 25 89 93 40 61 60 17 28
38 44 97 100 100 70 8 89 100 99 36 0 0 12 55 3 0 1 35 0 28 19 26 0 0 0 0 0 0 0 0 45 71 73 15 44 81 14 0 23 4 0 0 11 45 -9 -9 -9 -9 -9 -9 -9 -9 -9 -9 -9 -9 -9 -9 -9 100 93 64 42 64 31 58 91 69 67 44 70 76 37 32 45 33 4 78 100 100 24 0 0 0 1 0 1 23 72 86 86 61 37 40 77
78 100 100 93 43 1 59 76 98 46 2 28 8 0 33 10 0 0 0 0 4 19 3 0 0 0 0 0 0 0 0 31 80 55 53 45 8 0 0 0 0 2 36 91 100 91 -9 -9 -9 -9 -9 -9 -9 -9 -9 -9 -9 -9 -9 -9 100 54 28 68 43 63 31 46 51 39 35 4 80 96 37 21 41 43 92 78 96 86 32 5 5 26 18 2 43 17 47 27 82 72 81 50
58 99 74 51 2 1 88 70 42 1 0 0 0 0 2 0 0 0 0 0 12 4 0 0 0 0 0 0 0 0 0 64 100 65 34 0 26 21 0 0 44 84 94 100 100 65 -9 -9 -9 -9 -9 -9 -9 -9 -9 -9 -9 -9 -9 -9 -9 65 31 83 10 35 49 47 51 13 0 4 56 71 49 48 35 69 42 26 100 100 100 17 17 21 11 14 91 84 94 97 62 79 92 99
83 58 56 97 17 86 99 89 2 0 0 0 0 31 71 25 0 0 31 20 15 23 0 0 0 0 0 0 0 0 0 6 86 55 2 0 40 63 65 72 63 72 61 100 100 66 -9 -9 -9 -9 -9 -9 -9 -9 -9 -9 -9 -9 -9 -9 91 61 62 47 5 58 94 85 76 49 1 0 60 30 59 81 52 1 0 23 70 100 73 4 0 0 11 0 0 18 100 60 81 100 66 94
82 58 84 42 79 100 100 58 0 0 0 0 0 14 30 20 0 0 25 3 0 0 0 0 0 0 0 0 0 0 0 1 81 65 0 6 84 94 100 100 44 97 79 70 48 36 -9 -9 -9 -9 -9 -9 -9 -9 -9 -9 -9 -9 -9 -9 17 68 99 49 2 30 38 40 83 83 63 41 93 53 77 46 61 18 51 3 62 85 10 4 0 75 11 11 22 30 100 75 71 55 51 78
14 77 79 66 100 100 87 29 0 2 27 22 0 0 0 0 0 0 0 0 0 0 0 0 0 0 0 0 0 0 1 37 69 27 0 64 100 100 100 78 31 89 97 64 33 19 -9 -9 -9 -9 -9 -9 -9 -9 -9 -9 -9 -9 -9 -9 16 82 92 25 0 0 0 1 51 79 92 72 77 14 11 80 36 47 65 70 77 28 66 33 58 98 83 12 1 14 100 81 20 0 12 66
46 100 91 100 90 40 7 0 0 9 81 11 0 0 0 0 0 0 0 0 0 0 0 0 0 0 0 0 0 0 0 40 11 37 34 79 87 100 80 88 30 72 47 17 16 32 -9 -9 -9 -9 -9 -9 -9 -9 -9 -9 -9 -9 -9 -9 96 91 80 74 7 9 16 0 21 40 66 75 16 0 50 100 85 48 6 30 28 47 90 84 69 73 37 31 1 52 100 24 0 0 25 0
80 100 100 93 19 0 0 3 7 27 30 0 1 38 50 0 17 57 0 0 0 0 0 0 0 0 0 0 0 2 24 29 65 54 97 58 63 100 100 70 10 29 51 9 17 -9 -9 -9 -9 -9 -9 -9 -9 -9 -9 -9 -9 -9 -9 71 88 93 64 60 19 73 100 91 93 79 7 11 0 2 60 83 3 13 58 62 37 79 95 83 67 71 11 11 52 100 46 27 0 0 0 0
97 100 98 72 3 20 0 65 48 28 35 16 13 25 10 32 11 8 0 0 0 0 0 0 0 0 0 0 0 0 4 48 12 7 11 53 94 95 100 50 3 42 16 25 30 -9 -9 -9 -9 -9 -9 -9 -9 -9 -9 -9 -9 -9 -9 39 80 70 78 72 70 91 69 100 100 87 11 0 0 33 59 24 0 48 51 56 82 77 70 43 64 79 83 7 41 100 89 18 0 0 0 0
100 100 61 29 4 43 25 55 0 3 47 2 25 1 22 44 17 4 0 0 0 0 0 0 0 0 0 0 0 0 0 41 0 0 6 52 90 91 81 63 13 48 59 7 52 -9 -9 -9 -9 -9 -9 -9 -9 -9 -9 -9 -9 -9 -9 16 78 90 26 40 98 90 32 57 69 53 44 7 0 4 9 0 46 41 14 25 88 71 19 4 59 83 97 55 52 100 100 49 0 0 0 0
100 83 62 0 3 41 46 0 0 31 9 15 47 50 17 2 1 3 0 0 0 0 6 2 0 0 0 0 15 0 0 0 0 0 22 25 58 100 60 58 26 73 9 10 19 -9 -9 -9 -9 -9 -9 -9 -9 -9 -9 -9 -9 -9 -9 62 70 52 71 51 52 46 53 51 74 35 3 8 0 0 3 28 44 24 25 77 77 89 9 16 79 22 78 81 82 58 94 68 3 0 0 0
