data/habitatmaps/RS_maps/habitat_Linaria.cannabina_2001.asc
NCOLS 369 
NROWS 228 
XLLCORNER 479000 
YLLCORNER 73000 
CELLSIZE 1000 
NODATA_value -9 
[rows 124 to 185 of 228, columns 192 to 287 of 369]
57 16 88 65 45 16 28 88 13 60 93 100 92 100 100 100 88 100 50 0 3 44 100 30 0 74 100 95 12 0 0 0 0 0 2 2 38 100 97 34 0 12 72 89 84 36 8 0 0 15 13 9 36 33 3 26 61 100 100 92 94 100 100 85 12 70 23 61 91 93 9 90 76 15 0 50 100 100 63 93 73 6 0 43 5 18 33 97 48 27 7 14 29 100 75 7
76 68 52 95 100 95 73 16 0 0 14 37 81 78 80 92 55 89 5 6 4 88 84 18 7 38 100 99 15 17 31 0 14 33 59 81 99 38 6 0 29 27 40 55 67 6 7 66 13 35 53 98 100 8 69 86 70 100 100 90 94 79 92 55 57 43 12 18 100 95 75 100 76 51 1 54 100 99 62 56 77 23 0 39 24 2 25 64 38 45 47 30 31 30 32 56
26 37 81 80 80 31 24 0 0 0 0 0 56 83 60 48 4 16 0 1 61 100 83 18 8 66 81 69 5 78 71 0 20 100 100 93 60 13 61 33 9 3 54 0 35 13 50 99 77 90 98 100 97 32 93 100 100 100 100 100 100 84 25 37 43 27 0 46 100 100 100 99 68 22 50 97 100 84 66 58 57 36 0 51 48 0 35 39 29 33 29 0 37 7 31 68
0 0 0 17 3 0 0 0 4 0 0 0 22 45 22 71 39 0 0 74 66 100 91 34 0 3 4 21 11 95 97 54 87 100 73 8 22 57 32 0 12 29 42 52 55 10 51 99 79 100 100 100 100 88 100 100 100 100 100 100 100 84 45 70 14 0 0 19 100 100 100 91 67 3 71 100 100 100 100 100 76 32 0 7 27 26 3 18 61 72 22 18 28 43 66 76
15 0 0 0 0 0 0 0 23 40 1 0 0 2 40 84 33 0 15 84 2 71 98 21 0 0 0 57 54 99 100 75 100 68 47 49 53 10 0 84 81 60 79 55 36 7 5 62 23 58 48 78 100 100 100 100 100 96 88 52 51 57 61 27 14 21 0 39 86 100 100 76 67 13 94 62 67 77 90 41 4 0 5 35 0 0 0 4 71 46 14 48 18 37 45 14
15 0 0 0 0 0 0 0 23 93 67 0 0 7 60 89 46 3 31 37 0 43 68 0 0 17 32 57 100 94 99 63 76 73 24 96 43 13 31 32 100 94 100 86 38 90 19 93 84 33 96 100 98 100 100 100 97 64 86 35 14 33 58 26 72 92 25 43 100 100 84 63 44 42 100 62 32 0 0 0 0 0 33 3 30 37 50 27 5 43 61 54 63 0 14 1
37 0 0 0 0 0 0 0 0 44 92 34 9 34 55 93 46 0 74 15 3 15 42 6 21 75 91 88 81 74 61 39 80 30 52 43 22 89 81 39 78 11 57 100 100 73 83 40 100 67 54 69 86 100 78 66 25 69 60 25 0 0 30 21 96 100 79 97 100 100 93 11 82 65 18 96 19 12 22 33 68 22 3 0 5 49 22 0 0 27 17 26 67 61 35 20
4 0 0 0 5 17 0 0 0 19 84 94 94 99 27 23 15 8 75 89 50 51 60 70 100 100 100 99 89 80 20 39 43 2 0 3 63 61 81 67 93 32 56 57 54 88 97 33 90 66 99 100 100 70 29 12 43 81 23 20 62 0 2 38 42 91 100 73 100 87 59 54 100 99 86 73 53 99 100 100 100 50 3 7 34 81 15 26 14 58 61 18 64 58 44 29
0 0 0 0 0 46 20 25 7 9 74 100 94 100 100 44 51 83 100 74 71 99 100 100 100 99 63 65 54 78 62 4 53 27 73 30 60 64 100 89 88 5 0 7 47 85 96 54 100 33 42 78 100 100 92 92 42 11 56 85 89 2 0 5 65 88 45 94 100 57 50 88 41 92 98 14 34 100 100 87 41 99 15 2 12 99 87 95 39 16 63 80 23 0 0 0
0 0 0 0 0 26 93 87 71 84 100 100 74 96 66 60 100 100 100 100 100 97 86 100 100 87 91 92 98 100 100 91 100 99 100 94 61 44 99 100 99 69 70 82 83 73 61 74 98 63 69 100 100 100 100 50 47 81 98 82 85 49 0 37 100 97 39 98 100 66 94 57 35 78 50 50 80 100 99 57 45 81 72 27 3 78 100 98 85 15 0 35 6 0 13 21
0 0 0 0 0 0 44 71 60 51 66 47 16 2 23 96 96 60 97 100 100 81 78 100 100 100 100 90 93 98 100 100 100 100 100 100 42 31 56 76 63 24 7 74 22 3 0 27 99 97 70 100 100 100 67 2 68 100 69 45 89 60 0 38 100 100 89 100 100 100 100 12 2 22 45 99 100 100 44 31 79 100 57 0 4 76 100 100 92 21 0 11 61 2 46 87
0 0 0 0 0 0 22 13 19 11 2 0 0 36 99 100 82 33 100 100 100 79 97 92 94 73 82 34 28 87 68 93 91 84 100 94 55 100 55 16 0 0 0 3 2 0 0 4 96 99 91 100 100 100 83 36 96 37 6 33 88 93 56 53 100 82 90 100 100 100 95 10 37 100 100 100 100 100 82 61 62 63 13 21 96 100 53 93 42 2 8 5 92 30 0 92
0 0 0 0 0 0 0 0 0 0 0 43 76 97 100 91 94 62 37 70 100 99 54 87 93 95 52 81 100 94 61 41 9 73 100 100 52 71 12 0 0 0 8 13 6 6 9 48 100 79 66 100 100 100 97 93 75 1 43 99 100 73 54 44 100 29 53 100 100 100 83 25 41 90 100 100 100 87 15 4 7 92 12 22 100 100 53 67 71 95 38 35 79 54 1 12
0 0 0 0 0 0 0 0 54 40 72 90 100 100 100 86 99 100 80 90 100 96 90 99 100 86 87 16 30 99 85 0 3 82 100 100 87 96 28 0 0 1 82 88 58 45 40 82 77 19 4 66 100 100 100 100 2 41 96 100 100 83 57 52 100 99 80 100 100 100 100 89 32 54 58 43 87 55 81 27 4 53 0 52 100 60 5 81 100 61 21 30 96 73 17 3
0 0 0 0 0 0 0 30 100 100 100 100 100 100 100 100 85 48 0 6 64 100 100 49 97 30 100 80 78 97 27 9 50 100 100 100 100 100 100 57 24 3 90 82 2 3 17 89 97 16 0 12 94 100 100 95 63 100 100 91 56 10 42 100 100 100 100 100 100 100 100 28 0 0 20 74 67 85 92 1 34 24 10 75 100 100 32 100 100 40 15 53 99 84 17 26
0 0 0 0 0 0 3 46 100 100 100 100 99 76 100 100 48 0 1 55 83 100 100 47 42 2 95 65 72 35 10 58 100 100 100 100 100 100 100 100 50 11 88 100 48 55 93 100 100 75 7 1 71 98 46 21 66 100 100 32 16 60 54 94 100 93 63 95 100 71 10 0 0 54 57 100 100 100 93 1 24 10 3 40 100 86 47 96 100 100 94 53 42 66 69 35
0 0 0 0 14 48 97 100 100 100 100 95 29 50 100 95 96 33 7 57 100 100 100 66 2 0 50 25 76 3 88 100 100 100 74 38 70 65 25 99 44 69 100 100 74 69 100 96 88 100 54 5 20 70 16 29 87 100 58 60 99 100 100 100 96 84 90 46 66 66 62 57 3 11 66 78 42 78 90 14 25 5 32 97 100 81 71 99 57 93 100 78 32 1 2 47
17 0 0 2 84 100 100 100 100 100 100 38 63 86 100 47 32 31 0 3 74 94 41 10 34 23 27 5 20 42 100 100 59 65 0 0 64 0 14 100 100 100 91 66 88 100 60 37 90 90 9 65 46 52 63 88 67 61 86 92 62 100 100 100 100 39 0 61 67 83 100 100 59 13 39 29 58 14 36 53 11 0 1 77 91 84 38 36 74 100 100 50 10 70 11 4
55 50 51 59 100 86 99 100 100 100 98 46 84 100 100 99 80 54 18 0 66 61 33 98 74 99 40 40 37 37 79 91 14 97 20 0 1 0 94 100 90 87 23 56 37 68 12 31 100 36 0 76 100 100 98 59 74 100 99 32 0 65 100 97 60 17 62 61 100 88 100 100 83 55 23 7 0 33 0 14 13 17 45 84 73 7 11 43 100 100 100 19 83 100 55 10
100 100 100 66 68 44 81 100 100 100 50 36 74 63 100 49 63 53 80 27 77 100 100 100 60 100 92 85 97 100 99 93 75 100 39 0 39 80 100 79 18 46 28 46 8 50 83 71 100 27 14 92 72 61 100 71 100 51 47 40 91 100 100 51 40 92 100 100 83 76 82 55 62 62 9 17 78 89 53 97 78 5 3 83 100 83 99 88 100 100 96 84 52 100 32 38
100 81 36 24 7 95 100 100 86 99 69 38 48 13 89 98 98 98 73 96 100 78 95 100 100 99 87 38 36 52 99 94 100 91 95 79 92 100 100 98 72 48 18 39 27 88 100 24 21 14 33 100 28 63 76 80 97 26 3 95 74 87 100 93 100 100 100 79 44 40 84 18 34 8 72 83 76 97 89 38 90 27 42 93 73 80 100 100 100 100 100 98 12 52 92 21
100 89 15 0 4 22 76 76 50 32 24 0 16 39 90 100 100 99 85 65 76 14 90 98 74 60 88 100 100 100 62 23 99 52 54 86 100 100 100 29 49 94 89 56 66 82 100 72 8 0 26 100 39 0 70 100 73 7 0 10 0 89 100 100 84 81 100 92 86 93 100 92 98 59 79 24 10 100 79 47 95 18 81 15 0 24 43 96 100 100 97 63 0 43 95 9
20 91 100 49 50 9 0 6 0 5 35 42 27 85 100 100 100 83 70 15 50 30 94 32 2 52 94 100 100 100 100 100 100 92 13 64 91 100 54 15 28 40 60 34 12 79 100 100 92 19 50 100 14 3 83 98 71 4 0 0 24 100 100 100 38 60 77 71 95 46 100 100 100 100 63 0 29 38 21 52 87 4 39 89 60 53 10 100 66 100 70 0 53 99 59 42
19 58 99 69 89 26 0 0 0 0 72 100 100 93 74 65 23 35 56 18 31 36 44 55 28 24 49 78 98 68 40 38 31 30 70 70 45 38 75 47 20 27 12 0 33 12 59 56 100 80 10 18 62 0 5 86 97 18 0 23 53 82 98 100 100 84 98 100 100 100 100 100 100 100 100 54 0 0 0 0 84 30 26 55 99 100 63 41 58 78 13 35 97 97 16 12
62 36 83 100 50 0 26 0 0 16 97 100 60 31 4 2 3 5 10 38 23 19 16 1 23 29 40 22 54 100 98 26 26 65 33 47 75 74 88 88 97 34 0 0 14 16 37 65 100 87 1 0 2 0 0 8 10 1 27 87 68 83 100 100 100 88 50 84 100 89 30 22 37 78 100 25 0 0 0 17 95 100 100 64 1 38 50 100 99 66 4 46 100 100 85 80
100 99 84 67 89 54 7 0 11 62 100 75 24 17 18 42 80 79 78 97 38 6 4 0 0 0 3 6 31 34 87 75 95 91 100 97 78 83 49 94 100 99 54 7 6 0 11 92 93 69 0 0 0 11 45 53 73 44 94 95 91 100 100 100 69 9 73 100 95 71 0 0 2 18 100 26 52 13 59 97 100 99 76 98 23 44 100 100 56 10 70 87 83 89 100 100
39 8 15 0 34 7 0 0 79 30 23 3 50 93 98 75 22 59 66 54 85 44 3 27 0 0 0 0 0 0 0 26 39 18 17 77 92 100 93 95 81 72 100 74 7 0 0 33 54 96 0 0 0 0 0 6 39 77 86 47 5 52 100 100 54 92 89 55 100 66 0 38 85 97 93 58 94 35 64 100 100 55 38 100 54 37 95 100 68 4 1 0 0 61 87 96
83 2 0 0 0 2 4 19 18 47 34 74 98 83 100 67 84 100 95 96 100 99 85 91 63 59 70 22 0 0 10 23 15 0 10 53 13 89 100 100 51 33 43 21 0 0 4 64 84 21 25 3 0 0 0 0 0 0 0 3 73 100 100 100 100 57 3 41 100 54 0 30 49 62 75 47 71 87 50 100 67 0 28 81 77 31 47 94 100 52 52 21 0 48 43 92
94 52 21 18 47 91 98 90 44 97 90 58 16 63 79 76 69 93 48 25 57 92 64 36 30 27 86 53 4 0 0 28 0 0 0 15 23 33 82 94 36 69 5 0 0 0 46 32 4 46 100 59 41 3 0 0 0 0 0 22 89 96 100 98 98 12 0 28 100 20 0 1 45 93 100 86 95 100 89 60 1 1 50 58 89 95 51 43 66 100 100 67 5 13 10 33
100 100 87 96 100 100 100 59 100 61 8 0 0 0 29 72 23 16 54 76 32 36 78 100 71 20 93 85 64 1 10 55 17 0 38 24 23 6 81 86 73 31 5 17 0 0 40 17 0 35 61 41 92 52 61 19 0 44 39 30 3 78 94 64 80 65 0 39 43 12 0 30 64 60 71 97 100 100 14 0 7 57 100 43 100 100 82 100 74 93 100 82 13 13 22 26
92 57 28 73 95 100 100 100 34 1 0 38 9 0 41 88 84 74 22 68 57 14 5 64 100 99 92 55 90 45 5 0 0 0 0 3 1 1 57 88 86 68 28 37 0 0 31 91 20 7 39 25 41 79 95 54 0 65 99 28 37 72 73 0 51 99 51 21 0 0 26 69 92 34 64 99 100 67 54 0 3 61 92 45 100 100 98 78 100 100 100 100 99 100 96 90
18 28 21 2 15 83 100 73 0 0 9 65 95 37 3 13 55 100 84 21 29 80 42 20 30 79 30 46 96 86 22 17 0 38 38 31 0 0 25 87 100 63 4 32 6 0 0 23 73 12 35 27 38 100 58 0 3 95 86 16 47 100 73 0 0 82 62 0 14 13 98 99 86 71 71 58 68 41 34 4 16 100 82 66 100 100 99 67 79 91 96 100 100 100 100 100
32 19 0 22 96 91 99 15 0 42 93 100 98 22 9 94 85 55 54 69 100 100 50 34 42 82 3 67 96 67 39 69 53 26 7 27 0 0 12 33 99 86 0 0 2 0 0 8 42 88 61 54 35 91 63 0 54 100 95 54 78 82 84 8 40 66 27 4 33 76 98 81 11 42 34 34 12 42 90 55 28 100 51 92 96 100 100 94 21 52 100 100 66 98 100 91
92 92 48 63 98 45 83 14 31 92 84 100 94 32 16 97 97 100 26 100 100 52 8 4 22 67 0 0 17 57 27 30 24 70 30 27 0 0 0 3 34 90 0 0 2 0 0 19 31 18 32 34 21 76 69 25 37 100 97 84 71 69 79 20 8 20 0 42 33 2 56 74 86 98 59 23 31 31 73 78 48 100 51 76 68 100 100 100 45 75 100 100 70 39 96 64
92 91 99 100 100 86 91 4 0 1 27 71 89 83 45 100 81 67 35 100 99 34 12 18 18 60 31 8 0 0 0 24 25 87 26 18 4 0 0 3 13 11 43 2 22 17 18 0 33 11 7 0 0 16 64 100 54 100 66 48 42 26 80 40 13 34 31 6 53 63 21 58 40 69 71 24 81 84 58 21 1 70 78 70 26 99 100 100 82 53 100 100 81 4 66 47
35 40 39 99 100 54 62 3 0 0 14 48 17 88 95 31 82 19 7 28 25 2 0 5 58 100 100 91 34 25 77 96 100 54 37 90 26 2 0 28 24 32 42 40 25 17 18 0 2 0 0 3 17 56 55 80 50 94 47 32 60 23 44 34 65 2 30 5 52 100 46 62 97 80 16 46 44 42 57 87 65 48 100 99 7 84 100 100 87 51 100 100 60 5 19 21
29 62 98 100 100 99 67 0 0 3 65 54 20 10 45 34 78 91 9 10 0 0 0 39 56 88 85 73 46 7 94 85 56 2 43 34 42 30 0 1 3 40 0 32 32 19 37 4 12 21 33 69 69 45 83 18 15 87 11 21 78 58 88 35 47 26 24 9 56 60 10 65 99 98 46 50 31 12 14 69 98 35 64 94 27 42 100 100 85 32 99 98 4 29 49 82
20 66 100 100 98 100 58 0 0 85 92 79 25 0 48 100 28 99 69 55 1 0 15 14 79 25 0 54 26 35 6 38 89 81 71 55 53 3 0 0 0 32 0 0 12 3 0 0 0 31 15 57 88 63 81 14 62 72 9 13 22 90 74 39 7 5 14 3 56 55 0 0 44 97 57 54 29 23 78 80 63 7 5 64 7 58 100 99 100 75 43 42 4 54 100 100
26 1 66 100 48 99 63 28 9 76 10 72 56 0 34 81 36 58 71 87 22 0 18 3 0 0 44 56 52 100 88 78 63 59 51 93 42 22 14 0 0 0 0 0 0 0 0 0 9 65 74 39 13 34 63 49 100 64 0 51 24 9 2 34 53 14 11 11 15 60 2 56 56 32 87 23 8 46 72 38 9 0 9 9 0 45 69 60 21 67 68 7 36 32 6 80
78 40 58 90 54 44 90 25 62 16 15 88 42 0 0 46 62 42 50 45 25 0 0 30 32 0 36 77 35 100 76 39 13 30 39 62 50 50 77 5 0 0 0 0 0 0 0 0 0 0 13 21 39 0 13 89 99 47 27 42 96 57 0 62 7 0 12 4 26 28 0 23 83 35 58 23 45 58 76 79 100 17 0 2 21 18 17 20 0 0 2 7 19 40 47 100
100 100 100 95 45 35 98 18 0 44 85 80 45 7 0 0 0 25 13 91 51 0 14 2 74 10 41 48 41 37 53 64 63 53 45 3 80 76 77 64 34 0 0 0 0 0 0 0 2 8 47 8 4 33 86 100 95 21 15 25 59 44 41 61 0 0 2 0 26 74 8 2 7 56 80 35 20 38 32 36 54 41 39 78 99 60 3 61 82 60 92 94 89 64 60 62
66 16 30 18 51 16 69 32 6 67 100 100 57 38 0 0 2 0 56 35 0 1 20 5 65 97 73 58 100 100 85 60 42 24 13 18 17 47 75 67 0 28 58 0 0 0 0 0 30 63 73 91 30 80 48 66 88 12 3 15 41 81 58 57 2 0 0 0 7 24 41 3 54 62 62 31 20 34 30 39 67 80 60 98 45 96 77 67 62 70 39 51 11 7 0 0
61 0 12 79 26 21 60 49 18 93 33 46 31 10 68 14 3 0 19 32 0 8 36 61 69 65 7 36 45 48 20 24 31 0 22 59 52 48 57 70 11 49 30 0 0 0 0 0 4 26 41 64 33 24 7 7 55 6 0 3 74 100 64 20 0 0 0 0 0 0 0 5 77 2 2 0 0 14 45 80 60 50 27 65 24 55 19 31 5 0 0 42 30 45 59 34
94 41 51 91 48 14 21 0 53 13 13 1 44 1 78 55 19 0 0 0 0 0 14 19 40 16 62 66 100 22 0 0 38 22 74 79 95 93 43 16 0 8 0 0 0 0 0 0 0 34 82 58 72 26 1 79 46 1 0 16 76 68 84 4 0 0 0 2 6 48 2 24 96 31 19 6 0 0 2 11 2 10 1 3 38 32 0 32 9 0 20 51 14 2 2 11
71 90 76 12 24 0 52 16 0 48 39 37 49 79 39 81 70 0 0 0 0 2 22 79 75 44 92 40 29 32 40 55 6 34 0 4 73 100 81 0 0 0 41 50 0 0 0 0 0 14 11 2 30 39 8 89 22 0 33 19 81 93 54 0 0 0 0 0 51 13 54 39 44 34 54 33 0 0 27 23 40 40 38 25 0 0 0 1 0 0 0 0 14 3 30 80
52 40 16 0 0 0 38 26 84 56 82 42 58 8 57 80 47 0 0 0 0 2 55 69 4 73 37 88 79 48 49 62 16 15 0 15 61 88 60 73 65 71 95 14 0 0 0 0 0 0 0 25 67 47 6 81 32 9 23 0 47 86 50 0 0 0 0 0 0 12 37 7 60 36 32 2 0 0 17 1 0 0 3 0 0 16 3 14 28 8 3 32 64 21 64 89
81 2 0 25 33 87 75 64 96 55 64 43 0 0 2 75 7 0 0 0 3 30 57 80 25 71 34 26 92 78 50 51 15 23 0 73 84 50 50 59 86 97 73 6 6 0 0 0 0 0 0 3 6 61 22 44 38 26 12 0 38 93 33 0 8 0 0 0 0 17 72 81 90 16 0 0 0 0 32 24 22 2 21 0 0 9 8 54 14 37 49 1 23 85 79 67
8 2 1 71 98 96 97 100 67 79 47 36 19 30 0 2 0 0 0 0 0 0 28 81 44 100 92 62 42 17 43 54 0 29 0 53 97 100 100 38 57 78 73 82 73 0 0 0 0 0 0 0 16 27 53 71 7 0 43 2 43 44 6 1 24 0 0 0 13 39 82 100 30 3 0 0 0 36 38 1 3 0 0 4 58 39 35 30 14 7 2 14 2 1 0 0
21 7 34 60 51 82 76 100 79 42 29 19 13 16 0 0 0 0 0 0 0 0 16 57 6 87 81 88 47 24 0 9 3 28 16 57 92 65 100 63 79 88 80 56 29 13 21 0 0 0 0 22 39 46 100 41 0 0 38 10 61 2 0 7 35 0 0 10 43 60 93 97 58 26 57 10 3 50 0 0 0 1 0 53 37 46 35 3 0 41 63 61 13 0 0 0
13 14 64 31 41 60 53 96 39 15 18 0 0 0 8 25 10 0 0 0 0 0 0 15 10 11 6 76 94 94 59 0 26 24 66 100 46 2 95 11 47 96 31 0 0 0 0 0 0 0 0 6 73 83 64 19 0 0 0 15 33 12 0 1 0 20 41 40 82 81 100 92 57 34 45 28 12 55 0 0 0 25 41 42 28 77 64 69 69 62 4 0 0 0 29 7
4 43 58 62 94 85 94 44 3 65 15 0 0 0 62 85 75 55 0 0 0 0 0 0 0 0 65 66 78 96 96 26 2 33 71 100 66 8 62 5 80 44 51 40 0 0 0 0 0 0 0 0 8 93 58 0 0 0 0 22 44 5 2 0 18 81 61 97 40 100 98 81 36 15 28 0 0 25 10 0 20 61 63 93 77 89 66 66 70 22 3 29 19 81 99 30
11 80 72 74 95 56 7 1 40 0 62 83 43 59 76 97 99 24 0 0 0 0 0 0 0 0 46 20 2 85 100 83 0 0 15 98 46 0 0 50 94 88 79 48 4 5 0 0 0 0 0 0 3 66 60 0 0 0 6 13 12 29 32 0 2 13 62 56 49 96 43 1 35 49 3 29 1 0 47 0 2 28 61 55 51 100 92 52 26 1 14 61 46 99 95 4
0 4 100 100 66 4 35 70 23 60 86 60 41 32 44 86 88 49 15 0 0 0 0 0 0 2 19 23 0 16 71 57 46 0 0 27 40 0 20 15 8 85 63 84 32 0 0 0 0 0 0 0 0 20 43 0 0 11 63 16 8 52 0 0 0 0 17 82 95 56 14 91 18 68 12 66 17 0 13 0 0 0 26 40 57 96 40 23 55 41 48 61 95 82 40 1
5 29 99 100 86 72 52 80 78 98 90 55 82 82 99 100 71 15 63 97 81 49 0 0 0 0 6 13 0 0 4 35 78 36 2 0 0 0 0 16 62 66 80 87 96 20 1 7 0 0 0 0 0 0 0 0 0 25 5 0 7 51 0 13 59 18 0 57 100 10 40 66 33 82 79 9 2 0 0 0 0 0 18 30 32 56 27 58 81 34 15 19 100 66 28 22
29 30 100 100 100 100 58 52 92 96 79 38 46 27 47 63 33 0 15 54 87 40 0 0 0 0 2 3 0 0 19 45 100 92 76 26 27 0 0 16 99 44 36 55 100 75 58 68 8 0 0 0 0 0 0 0 0 0 0 0 7 60 11 0 5 88 65 2 64 28 15 44 96 34 17 39 17 20 0 5 0 0 0 0 20 59 2 47 26 59 8 0 0 86 15 70
15 0 54 68 33 95 24 66 15 49 86 52 0 0 3 2 0 0 29 7 7 2 7 41 10 0 0 0 0 0 0 2 85 100 100 76 63 0 0 38 85 87 96 100 46 69 64 61 0 0 0 0 0 0 0 0 0 0 0 0 0 0 0 0 3 74 15 5 31 76 99 98 81 100 48 96 38 41 34 14 1 -9 0 0 27 60 8 50 63 45 16 76 11 5 16 95
0 40 100 51 14 81 50 100 37 72 69 73 1 3 40 22 0 0 0 0 0 0 78 99 21 0 0 0 0 0 0 0 52 77 75 2 0 0 0 0 13 66 60 93 94 59 90 64 0 0 0 0 0 0 0 0 0 0 0 0 0 0 0 3 46 91 49 33 84 100 47 19 31 63 74 54 23 23 8 0 63 -9 -9 0 0 30 32 5 46 79 68 100 53 27 19 16
1 4 97 35 14 63 61 56 71 72 99 84 78 66 81 45 5 0 0 0 0 0 58 74 22 0 0 0 0 0 0 0 16 80 100 86 27 1 0 0 0 12 1 58 89 69 36 9 0 0 0 0 0 0 0 0 0 0 0 0 0 0 0 59 91 94 34 81 100 88 60 80 67 83 81 53 97 98 52 48 -9 -9 -9 -9 -9 0 9 24 51 61 76 69 71 69 93 61
70 27 29 6 17 13 39 86 92 83 12 0 28 17 11 26 0 0 0 0 6 74 46 2 0 0 0 0 0 0 0 0 0 71 78 77 57 3 0 0 2 7 10 26 23 34 1 0 24 0 0 0 0 0 0 0 0 0 0 0 0 0 0 15 87 70 92 98 85 77 100 98 44 81 69 41 27 22 0 4 -9 -9 -9 -9 -9 -9 0 0 0 7 47 72 6 1 63 60
66 4 1 34 86 32 64 100 96 20 0 2 25 6 0 21 3 0 0 0 6 15 48 2 0 22 58 14 0 0 0 0 0 46 39 4 0 0 0 0 0 0 0 2 0 0 2 0 0 0 0 0 0 0 0 0 0 0 0 5 0 0 0 9 88 100 79 86 53 88 77 55 47 0 0 4 10 43 27 18 -9 -9 -9 -9 -9 -9 -9 -9 -9 -9 74 6 3 20 35 25
18 0 0 9 96 87 89 100 91 55 59 3 4 0 0 0 0 0 0 0 0 0 0 0 0 0 16 53 0 0 0 0 1 20 5 0 0 0 0 0 0 0 0 0 0 4 7 3 0 0 0 0 0 0 0 0 0 0 2 78 38 3 7 12 97 100 42 1 51 88 33 74 41 4 19 35 21 21 15 0 -9 -9 -9 -9 -9 -9 -9 -9 -9 -9 -9 -9 -9 -9 -9 37
0 48 7 28 54 48 77 99 80 83 61 21 66 8 9 5 5 4 0 0 13 1 0 0 0 0 0 0 0 0 0 0 0 0 0 0 0 0 0 0 0 0 0 0 0 0 0 0 0 0 0 0 2 2 0 0 0 37 53 85 85 67 84 81 100 100 40 0 71 100 26 21 8 2 0 29 13 0 0 -9 -9 -9 -9 -9 -9 -9 -9 -9 -9 -9 -9 -9 -9 -9 -9 -9
