data/habitatmaps/RS_maps/habitat_Linaria.cannabina_2001.asc
NCOLS 369 
NROWS 228 
XLLCORNER 479000 
YLLCORNER 73000 
CELLSIZE 1000 
NODATA_value -9 
[rows 62 to 123 of 228, columns 192 to 287 of 369]
0 0 0 0 0 0 0 0 0 0 0 0 0 0 0 0 0 0 0 0 0 0 0 0 0 0 0 0 0 0 0 0 0 0 0 0 0 0 0 73 71 62 70 47 46 64 85 81 26 21 28 72 63 52 26 27 74 45 46 58 76 57 85 47 43 54 83 30 43 26 23 51 42 1 25 67 57 65 45 44 52 65 15 87 70 13 51 13 7 3 0 0 38 0 23 0
0 0 0 0 0 0 0 0 0 0 0 0 0 0 0 0 0 0 0 0 0 0 0 0 0 0 0 0 0 0 0 0 0 0 0 0 0 0 0 66 20 5 60 66 58 52 62 42 33 57 85 89 46 67 68 68 65 61 30 38 43 25 55 23 36 71 57 40 37 28 78 57 58 80 98 82 100 93 54 70 71 45 45 69 14 37 5 6 5 0 0 0 0 0 0 2
0 0 0 0 0 0 0 0 0 0 0 0 0 0 0 0 0 0 0 0 0 0 0 0 0 0 0 0 0 0 0 0 0 0 0 0 0 20 50 44 31 0 0 42 43 25 48 55 83 82 77 71 80 84 61 77 25 73 66 62 40 36 65 28 31 42 37 26 20 23 39 59 98 58 42 87 100 100 100 94 63 74 72 1 0 16 0 10 5 0 0 0 0 0 0 4
0 0 0 0 0 0 0 0 0 0 0 0 0 0 0 0 0 0 0 0 0 0 0 0 0 0 0 0 0 0 0 0 0 0 0 0 0 45 17 45 66 1 0 0 0 5 34 74 84 80 96 54 22 51 44 44 36 42 56 82 86 62 51 41 50 45 26 38 22 0 42 91 86 59 72 95 100 100 100 71 100 78 10 0 0 0 0 0 53 13 3 0 0 0 0 30
0 0 0 0 0 0 0 0 0 0 0 0 0 0 0 0 0 0 0 0 0 0 0 0 0 0 16 9 0 0 0 0 0 0 0 0 0 0 9 17 1 0 0 0 0 0 18 99 87 84 17 0 6 38 32 40 76 83 82 60 74 93 69 58 78 86 54 42 51 60 85 77 69 51 37 80 89 92 86 97 54 18 14 0 0 0 0 0 12 28 50 1 0 0 0 31
0 0 0 0 0 0 0 0 0 0 0 0 0 0 0 0 0 0 0 0 0 0 0 0 0 0 25 10 0 0 0 0 0 0 0 0 0 0 0 0 0 0 0 0 0 0 67 74 94 75 9 1 18 18 19 70 63 63 58 67 71 98 100 84 78 36 22 49 24 80 100 81 100 97 41 74 75 65 100 46 16 81 13 0 0 0 0 8 0 33 1 0 0 0 1 29
0 0 0 0 0 0 0 0 0 0 0 0 0 0 0 0 0 0 0 0 0 0 0 0 0 0 0 0 0 0 0 0 0 0 0 0 0 0 5 4 0 0 0 0 0 3 70 65 67 47 56 26 16 21 24 53 29 65 41 85 100 85 76 66 64 40 71 92 86 100 100 81 84 82 91 100 92 100 71 19 39 37 0 0 0 12 16 38 13 22 0 6 0 0 34 0
0 0 0 0 0 0 0 0 0 0 0 0 0 0 0 0 0 0 0 0 0 0 0 0 0 0 0 0 0 0 0 0 0 0 0 0 0 19 88 14 0 0 0 0 0 0 2 86 98 75 70 53 37 64 73 65 16 48 41 63 72 83 54 98 48 72 92 65 84 72 51 34 33 86 55 74 100 51 36 7 91 16 0 0 0 38 42 46 0 18 16 19 0 0 0 26
0 0 0 0 0 0 0 0 0 0 0 0 0 0 0 0 0 0 0 0 0 0 0 0 0 0 0 0 0 0 0 0 0 0 0 0 0 0 5 0 0 0 0 0 0 0 0 5 47 38 76 39 55 46 40 44 36 17 40 38 40 77 87 61 55 80 74 68 54 49 76 63 82 44 45 62 98 68 76 70 64 0 0 0 0 8 12 27 1 6 11 6 18 19 22 25
0 0 0 0 0 0 0 0 0 0 0 0 0 0 0 0 0 0 0 0 0 0 0 0 0 0 0 0 0 0 0 0 0 0 0 0 0 0 0 0 0 0 0 0 0 0 0 0 5 11 41 63 26 5 0 38 13 41 62 41 15 18 72 76 88 36 24 45 89 100 62 58 46 54 66 78 65 84 19 93 49 0 0 0 0 0 0 0 22 0 0 5 1 9 39 44
0 0 0 0 0 0 0 0 0 0 0 0 0 0 0 0 0 0 0 0 0 0 0 0 0 0 0 0 0 0 0 0 0 0 0 0 0 0 0 0 0 0 0 0 0 0 0 0 0 0 33 46 45 14 21 56 63 70 76 40 50 83 99 100 95 51 37 60 62 70 78 89 100 56 7 6 24 55 91 71 70 0 0 0 0 0 0 28 4 0 29 28 0 23 39 0
0 0 0 0 0 0 0 0 0 0 0 0 0 0 0 0 0 0 0 0 0 0 0 0 0 0 0 0 0 20 49 39 58 5 0 30 17 0 0 0 0 0 0 0 0 0 0 0 0 0 51 65 43 20 29 51 100 89 31 34 13 55 30 57 71 34 75 59 35 49 38 74 84 84 81 60 44 87 100 98 36 0 0 0 0 0 10 18 18 18 41 19 0 0 2 0
0 0 0 0 0 0 0 0 0 0 0 18 26 0 0 0 0 0 0 0 0 0 0 0 0 0 0 0 0 0 33 58 91 70 59 97 65 36 31 0 3 0 0 0 0 0 0 0 0 0 19 90 34 20 58 99 100 48 12 2 0 6 24 33 18 43 52 48 62 60 30 71 65 37 3 59 70 91 69 46 86 13 0 0 0 0 29 6 13 40 80 15 0 0 14 15
0 0 0 0 0 0 0 0 0 0 0 61 98 36 0 0 0 0 0 0 0 5 27 41 4 0 0 0 7 30 49 45 58 40 78 72 65 60 60 42 88 63 55 36 58 13 0 0 0 0 0 66 10 23 94 87 73 97 89 41 1 31 42 13 17 85 100 73 41 64 68 93 100 91 15 14 23 14 21 40 36 40 5 0 0 0 18 3 7 72 71 26 8 0 46 0
0 0 0 0 0 0 0 0 0 0 3 69 100 28 0 0 2 10 3 11 36 24 38 30 6 0 0 0 13 54 72 71 44 8 48 36 64 45 31 43 1 24 27 35 35 79 44 9 0 0 5 52 1 71 52 37 72 41 91 33 47 72 18 23 28 79 57 15 22 50 7 97 100 95 75 34 51 73 60 13 33 53 0 0 0 0 0 0 44 80 35 0 50 22 40 8
0 0 0 0 0 0 0 0 0 0 1 69 91 52 0 0 25 57 14 0 15 0 0 0 0 0 42 18 2 29 80 33 1 27 54 35 38 5 17 29 48 21 30 44 35 2 12 17 0 0 8 27 18 19 8 23 16 57 78 85 58 21 54 93 91 32 79 81 42 27 54 54 98 99 94 63 89 100 87 34 36 23 32 0 0 0 0 1 55 86 39 0 48 69 50 46
0 0 0 0 0 0 0 0 0 0 2 59 44 6 38 28 52 53 51 18 12 45 2 15 0 40 97 73 90 21 16 58 2 48 59 5 27 20 47 21 27 54 20 61 73 2 10 4 0 0 0 0 4 15 49 7 43 62 52 52 55 54 99 79 33 7 9 32 60 57 5 5 65 71 53 40 86 100 97 29 12 93 11 0 0 0 0 10 41 25 10 18 51 38 65 74
0 0 0 0 0 0 0 0 0 0 0 38 18 56 37 18 18 31 69 90 64 61 49 10 32 77 55 52 83 7 0 76 41 23 0 40 0 0 44 35 22 11 2 55 89 39 39 32 8 5 0 0 0 1 15 1 1 3 0 0 5 0 0 5 13 0 0 1 0 0 18 17 0 10 59 53 41 80 100 43 61 78 17 29 0 0 0 24 43 44 23 68 83 67 76 37
0 0 0 0 0 0 0 0 0 1 42 46 21 33 92 74 28 0 3 56 70 7 29 57 74 69 79 27 62 23 0 80 76 39 49 43 5 15 80 54 95 60 3 45 61 56 12 38 42 14 34 0 0 0 0 0 0 13 0 0 0 0 0 0 0 0 0 0 0 3 0 0 0 0 81 41 59 68 100 93 82 30 42 11 0 0 0 2 46 56 61 37 69 86 65 36
0 0 0 0 0 0 0 0 0 19 50 0 0 38 90 95 30 3 0 34 86 70 54 96 65 42 74 28 34 51 0 42 57 59 39 64 58 48 46 41 88 38 5 49 90 81 68 62 52 35 33 14 0 7 9 24 50 18 58 40 19 3 0 0 0 51 54 8 26 37 34 31 0 0 5 8 9 66 100 100 80 36 6 3 0 0 0 0 9 21 70 24 24 45 69 54
0 0 0 0 0 0 0 0 0 55 41 66 6 1 51 54 0 0 16 14 55 69 87 51 44 14 74 70 60 88 11 42 33 49 43 29 83 61 58 0 12 56 61 41 87 87 58 56 41 37 20 0 7 60 35 0 21 5 56 34 58 46 28 4 54 36 38 17 17 67 73 49 23 0 0 2 64 98 100 100 98 23 36 0 0 0 2 28 15 2 26 20 58 24 70 43
0 0 0 0 0 0 0 0 0 5 3 54 82 3 10 0 5 35 38 57 20 47 50 29 62 62 89 71 80 84 39 15 53 74 49 26 38 58 31 12 0 62 53 94 99 75 45 52 69 54 4 0 8 26 42 22 67 39 63 14 46 8 22 1 8 44 9 18 78 41 75 100 58 0 5 6 12 77 98 92 18 8 33 0 0 0 14 13 0 1 68 44 75 95 98 27
0 0 0 0 0 0 0 0 0 0 13 37 27 17 0 0 9 17 55 86 63 91 88 13 3 59 61 68 23 35 29 46 38 83 34 41 29 40 28 14 14 28 40 89 72 71 21 45 36 23 0 38 6 0 33 81 100 84 86 47 77 5 0 11 28 55 42 45 64 71 83 59 60 14 25 34 2 31 52 95 10 13 16 0 0 0 46 10 2 34 91 51 58 43 66 40
0 0 0 0 0 0 0 0 0 0 21 82 64 34 36 43 43 43 56 74 57 66 52 55 0 58 74 75 65 58 10 15 28 18 37 45 35 11 70 15 36 30 59 96 98 58 18 37 52 30 2 83 0 1 34 51 96 69 36 85 96 58 2 22 46 100 100 100 56 14 34 53 65 61 39 0 0 5 9 94 66 36 7 0 0 5 39 1 23 73 100 80 59 81 95 100
14 2 0 0 0 0 0 4 0 3 0 3 53 20 69 23 71 55 100 82 55 37 33 4 52 24 75 39 13 35 60 59 6 56 0 66 87 16 34 89 26 17 10 73 46 75 21 80 76 88 94 27 44 5 41 78 96 68 47 15 99 74 25 3 86 100 100 95 55 19 23 23 67 66 53 42 0 0 0 44 36 21 0 0 0 5 4 52 73 56 100 89 69 87 100 82
0 0 0 0 0 0 16 89 23 8 50 0 76 43 24 0 1 2 48 67 81 38 42 2 53 3 58 1 0 7 32 6 34 56 29 42 43 37 96 100 42 29 74 94 70 50 73 100 100 100 90 51 3 23 64 52 100 100 57 68 42 85 46 1 83 100 90 41 22 47 0 59 67 71 33 28 9 29 22 3 11 19 0 0 0 23 0 0 4 69 98 64 32 28 31 100
0 0 0 0 0 1 65 37 64 60 13 72 61 48 0 0 0 0 2 57 28 44 85 36 45 42 30 0 24 0 48 48 43 58 37 60 45 15 74 99 48 62 82 54 94 100 100 100 97 86 29 33 37 27 77 97 97 100 100 100 100 94 31 71 100 100 100 63 49 18 0 90 100 60 56 49 19 13 29 13 0 0 0 0 5 26 0 0 6 90 69 36 51 56 85 62
0 0 0 0 0 18 26 41 69 61 24 53 79 17 0 2 24 31 22 77 67 73 91 41 36 33 5 18 17 17 28 91 41 91 49 100 77 18 95 100 97 50 44 66 98 100 96 67 16 0 11 65 19 22 14 100 45 75 58 95 100 100 78 93 100 96 100 88 56 34 12 100 62 28 34 61 26 26 4 63 23 0 0 0 0 5 32 6 0 48 53 42 86 63 88 73
0 0 0 0 0 15 37 56 37 58 28 14 73 56 46 8 0 42 92 92 95 78 41 33 71 63 0 51 72 32 75 73 88 62 77 100 75 66 100 100 86 93 65 45 54 43 7 0 4 8 17 36 51 18 18 46 66 50 91 100 100 100 100 100 68 33 83 100 54 28 88 100 100 100 100 29 2 4 55 60 44 25 0 0 0 0 4 11 0 1 9 51 98 89 95 26
0 0 0 0 0 0 18 11 31 49 89 28 13 32 39 82 50 11 2 31 64 77 45 22 67 29 9 44 29 29 82 81 31 34 94 100 65 86 100 66 52 40 76 52 0 0 0 1 14 49 25 55 26 53 56 27 67 66 45 50 100 100 100 100 91 92 100 100 91 84 100 100 100 93 60 21 8 29 49 5 69 70 68 2 0 0 0 0 22 32 44 41 94 84 79 92
0 0 0 0 0 0 0 17 44 17 60 87 67 48 39 26 81 44 7 51 19 1 54 26 41 70 60 80 38 18 49 50 45 26 54 100 98 92 79 17 33 30 21 22 15 0 0 28 45 29 28 74 14 70 57 0 69 98 19 14 99 100 100 100 79 86 100 100 100 100 100 100 100 91 14 52 6 52 62 55 34 50 19 14 0 0 0 0 25 78 12 25 40 90 96 75
0 0 0 0 0 0 0 0 4 31 50 46 67 54 26 39 33 14 50 68 32 46 63 57 57 56 65 52 24 51 70 37 63 28 76 100 39 57 60 54 73 83 16 93 100 59 0 0 0 0 52 46 52 46 12 0 6 36 85 81 65 37 75 100 81 86 67 100 100 100 100 97 69 42 30 21 45 96 79 70 23 30 37 24 21 2 0 0 12 65 24 13 11 83 67 79
0 0 0 0 0 0 0 0 14 12 21 52 36 13 19 2 33 22 28 92 82 75 28 18 40 23 82 88 63 83 91 68 87 97 62 40 64 87 99 22 28 100 67 58 100 57 0 0 0 6 73 34 57 51 31 5 0 0 9 30 34 58 100 99 100 100 62 100 100 100 97 38 32 55 43 30 29 100 66 100 99 82 52 18 50 17 11 12 0 0 0 8 31 47 64 74
26 3 12 7 0 1 0 0 19 25 0 16 7 20 0 0 0 0 0 59 100 25 23 43 2 32 87 42 59 50 97 100 90 63 21 85 43 41 54 4 8 76 98 76 90 13 0 0 32 69 83 23 55 31 15 0 8 21 14 26 6 87 95 59 100 80 89 100 92 83 82 39 19 40 51 71 99 100 68 100 100 100 100 15 40 34 16 26 33 0 0 29 15 29 12 2
68 89 84 88 61 23 0 0 0 0 0 0 0 0 1 26 18 0 8 83 39 11 12 30 45 60 69 35 85 75 61 50 4 33 60 54 4 79 75 49 61 74 71 69 28 6 10 44 100 61 24 59 35 23 3 0 68 27 35 44 26 67 90 81 100 88 62 82 26 17 22 30 81 93 63 100 100 70 50 100 100 91 62 36 31 7 96 14 11 0 0 0 0 1 0 6
37 28 29 4 0 0 2 0 0 0 0 0 0 5 56 45 33 0 37 29 74 83 91 69 63 20 32 66 55 15 79 65 9 36 25 8 4 89 60 39 11 36 80 15 35 96 99 94 54 1 10 67 13 43 25 59 82 95 45 35 35 57 15 49 67 75 71 49 40 49 81 63 95 95 61 100 71 12 42 86 90 41 12 45 43 0 60 14 0 0 0 0 0 6 20 28
4 0 1 7 36 35 74 37 1 0 0 2 8 2 0 46 25 0 37 32 100 100 100 68 70 62 55 11 63 42 56 31 0 3 26 0 43 98 89 24 0 51 31 0 1 32 57 97 33 0 31 23 0 37 0 60 71 23 73 76 40 48 21 35 52 30 34 92 84 100 100 58 42 97 98 88 11 0 36 86 79 37 34 19 2 0 21 32 0 0 0 0 0 25 39 14
0 47 100 83 69 56 33 41 38 32 2 46 68 20 6 73 26 0 17 18 45 91 100 100 100 100 67 46 50 45 9 0 26 32 31 31 83 95 57 2 0 4 0 0 39 100 92 51 79 21 65 0 23 54 43 85 97 81 93 57 40 23 43 87 100 91 100 100 100 97 67 43 56 50 39 66 7 59 9 54 100 100 98 22 40 4 0 0 16 1 0 1 9 59 32 54
10 56 91 29 3 4 70 76 94 37 71 17 51 66 64 44 5 0 13 25 26 34 62 66 80 91 100 83 61 73 55 90 67 5 32 21 34 98 100 74 45 9 83 27 68 100 87 85 32 40 15 1 41 73 73 100 100 100 100 91 52 8 83 100 100 100 51 90 57 43 67 96 99 94 77 56 9 91 37 59 100 100 100 19 9 51 27 7 38 0 0 58 26 13 17 41
39 41 67 16 65 70 36 62 48 22 37 42 64 99 27 32 0 0 0 0 9 4 23 10 38 62 46 59 20 87 90 100 99 76 32 12 39 100 59 48 42 26 23 12 91 74 77 24 42 42 2 44 69 88 100 100 100 100 100 80 40 13 81 80 91 84 20 7 34 95 96 57 61 82 79 91 75 81 53 3 86 100 91 15 23 91 59 8 0 0 1 45 8 14 34 40
12 24 35 64 86 66 22 58 78 94 2 47 88 78 34 26 0 0 11 25 96 69 64 97 100 90 0 9 34 88 52 100 100 100 67 60 41 100 72 58 62 50 0 0 28 84 29 0 65 2 46 88 100 87 50 81 100 100 100 55 63 37 31 7 39 90 0 0 56 91 74 72 78 38 20 56 100 100 99 79 75 80 45 0 60 78 3 14 0 0 0 0 2 46 59 54
62 53 10 26 31 59 60 100 61 89 67 75 54 47 8 16 4 0 7 11 82 100 100 100 97 70 64 38 80 100 94 100 100 100 92 31 47 100 78 67 40 3 0 19 95 67 21 29 16 0 62 100 100 28 0 26 100 98 61 54 64 74 28 42 100 59 0 0 36 55 58 55 49 50 44 85 70 44 12 16 21 37 12 13 68 95 47 28 15 0 0 10 28 31 36 55
52 88 37 15 30 55 93 100 100 100 66 15 28 20 32 28 2 0 0 0 6 27 75 88 31 35 74 100 100 100 100 90 87 51 64 77 51 64 2 0 3 25 75 100 52 15 52 45 46 61 95 100 92 25 61 64 100 68 66 78 50 40 79 100 68 2 0 0 9 29 19 0 0 0 0 2 7 4 53 58 19 1 3 0 47 98 36 3 0 0 0 53 17 9 63 24
43 29 3 36 39 79 58 84 100 85 26 43 0 10 13 18 0 0 0 0 39 41 18 91 100 100 100 100 100 100 79 26 43 65 100 94 81 5 0 14 83 100 90 69 74 70 37 66 13 100 74 100 65 82 100 100 86 24 54 76 100 90 96 99 24 0 57 12 51 100 82 0 15 4 1 11 0 15 97 61 41 47 69 12 56 77 6 0 0 0 0 17 9 35 86 45
6 45 33 49 67 91 89 98 98 54 16 13 76 54 34 5 0 0 2 7 4 45 19 37 82 89 55 76 70 21 10 26 62 95 100 100 44 0 46 98 79 73 87 99 100 67 51 21 48 100 93 92 12 15 94 100 31 60 84 90 49 35 54 18 8 46 71 9 70 77 100 46 65 8 9 85 10 43 66 23 18 2 11 15 87 54 1 0 0 0 0 0 5 16 75 86
57 28 27 57 12 64 100 100 100 100 55 20 99 72 42 66 14 11 69 34 0 17 39 54 63 62 52 85 36 57 82 12 0 65 61 88 0 19 78 55 54 62 85 100 87 33 63 38 93 41 57 35 0 27 68 72 75 57 42 9 0 0 0 0 27 99 29 48 88 74 81 94 67 11 52 18 74 78 32 40 6 2 10 70 65 3 0 0 0 0 0 0 35 100 100 100
87 53 46 87 26 67 100 100 100 84 51 89 84 60 53 64 36 0 26 41 2 14 19 38 31 42 60 89 85 99 98 77 58 91 67 15 50 99 71 99 87 7 48 41 100 53 8 93 11 0 3 0 0 0 5 2 60 62 0 0 0 0 0 15 17 80 100 100 100 100 100 100 100 30 75 0 74 33 33 13 52 50 95 37 0 0 0 0 0 0 0 0 18 100 100 100
98 56 23 27 45 79 60 59 90 68 68 56 1 22 27 83 14 1 44 38 46 35 34 13 18 41 34 59 87 99 75 84 62 92 100 81 80 65 80 66 20 0 3 50 56 17 41 83 4 0 0 0 0 0 0 0 9 2 4 28 62 44 71 100 100 100 95 90 95 77 100 100 95 87 90 64 70 31 17 12 72 60 11 0 28 53 0 0 0 0 0 3 73 94 73 100
20 25 75 72 100 100 1 4 0 11 26 23 0 0 32 57 29 28 22 55 1 1 27 50 0 53 32 9 48 54 44 36 19 31 74 100 2 0 3 0 0 0 20 39 48 23 13 94 71 52 14 0 0 0 60 39 0 12 42 100 100 100 100 100 100 100 10 45 64 10 46 56 8 52 65 77 73 0 3 1 16 0 0 0 0 4 0 0 0 0 4 13 5 22 2 34
25 34 62 3 21 49 68 50 0 0 0 0 0 0 70 100 99 13 25 67 50 6 21 70 60 83 99 52 97 70 26 89 94 100 93 60 0 0 0 0 0 17 57 37 44 3 0 30 59 44 0 0 2 78 95 99 80 96 100 100 100 100 100 100 69 49 2 30 40 56 31 58 3 20 0 5 26 0 31 15 0 0 0 0 19 39 39 1 16 8 28 40 24 51 40 35
0 22 89 53 45 90 68 26 0 6 42 37 28 51 99 100 94 38 28 49 56 41 45 67 83 73 76 52 100 79 60 100 54 20 15 0 0 0 0 0 25 79 60 98 96 5 0 0 30 22 0 0 1 85 99 94 100 100 100 100 100 100 100 100 92 21 37 39 31 8 41 21 28 47 2 9 38 35 0 0 0 0 7 21 27 1 0 38 27 24 17 9 0 12 18 3
45 82 92 80 73 93 68 0 5 93 100 90 81 50 76 79 74 75 20 21 48 27 86 51 69 20 14 32 97 9 67 90 0 0 0 0 0 0 0 0 18 9 0 37 89 32 0 7 40 12 23 72 80 58 81 50 47 98 100 100 60 100 100 98 91 24 38 19 26 2 1 4 22 38 40 25 20 16 0 0 0 0 28 5 0 0 19 44 59 20 10 38 52 19 1 0
13 65 52 44 38 76 15 6 16 100 100 90 40 8 0 10 49 76 32 2 7 0 57 66 64 1 60 68 97 48 51 3 0 0 0 0 0 0 0 0 0 0 0 7 6 1 0 0 5 47 63 73 100 95 82 78 21 80 100 95 26 96 79 30 45 49 42 0 0 0 0 0 1 9 15 0 0 0 0 0 3 20 27 35 9 37 57 28 45 18 14 31 28 51 35 25
51 28 32 30 12 73 56 23 82 99 82 12 0 33 83 100 58 39 0 0 20 26 1 49 80 31 44 0 30 39 4 0 0 0 0 0 0 0 0 0 0 0 0 0 0 0 0 0 36 97 100 100 100 62 40 34 35 35 100 75 0 60 12 11 61 94 76 0 9 0 0 0 0 0 0 0 0 0 0 2 10 16 21 82 81 100 56 31 34 57 54 82 46 49 2 31
63 41 42 31 66 30 51 90 100 100 99 11 0 1 76 99 100 72 55 68 38 12 77 27 10 98 73 17 0 0 0 0 0 17 1 0 0 0 3 20 20 0 0 0 0 0 18 38 99 100 100 100 100 96 54 21 56 41 56 26 0 42 29 1 54 66 24 1 33 10 3 15 43 27 36 17 4 24 7 31 65 52 56 89 100 100 78 0 43 65 67 100 100 93 66 83
83 87 81 70 47 28 34 81 99 100 81 6 0 0 2 59 64 42 57 86 99 13 27 51 4 52 1 0 0 12 1 21 32 53 46 1 0 0 52 88 87 4 0 0 0 0 0 2 29 37 100 96 73 92 97 65 69 58 59 17 38 37 30 27 41 24 0 0 18 80 54 31 25 27 48 1 12 32 12 31 4 2 60 39 53 99 100 100 34 39 55 88 100 100 100 100
70 86 84 99 86 58 38 92 97 57 12 0 0 0 0 0 0 14 89 90 100 67 13 71 1 23 18 51 85 99 78 84 93 91 6 0 0 3 59 100 88 27 20 0 0 41 18 0 24 68 99 88 39 70 100 73 76 74 29 0 37 43 39 31 71 1 20 0 13 20 40 38 44 39 20 3 4 36 0 12 0 0 65 41 6 88 100 82 13 34 36 56 100 87 86 100
38 98 99 67 0 0 58 10 14 0 0 0 0 0 0 0 0 41 68 100 99 52 8 21 0 17 68 100 100 78 19 37 95 97 26 0 7 88 78 100 100 53 1 0 1 62 88 66 77 94 68 84 27 75 59 39 45 34 26 0 5 44 64 30 2 0 20 24 52 38 7 13 29 89 14 0 0 12 0 0 0 0 23 14 9 45 82 46 71 31 27 58 100 80 66 91
89 75 18 0 0 0 1 0 0 2 28 7 0 0 41 23 1 49 100 85 52 9 0 3 18 15 38 61 30 62 54 83 61 98 17 0 33 100 100 100 100 38 9 43 62 93 88 83 76 55 30 20 34 59 44 20 38 40 30 47 47 36 14 54 29 32 15 53 60 70 14 22 22 100 23 20 0 37 12 4 0 0 24 30 22 39 87 55 100 70 54 54 83 99 12 8
15 0 0 3 0 0 0 1 0 36 100 49 1 0 72 84 66 99 98 43 16 19 50 19 44 37 20 26 38 85 77 26 10 95 12 4 23 73 83 98 71 88 58 100 93 61 29 19 8 67 28 85 19 18 31 34 7 26 80 95 51 58 65 67 27 40 73 17 15 62 27 77 72 100 88 7 0 23 4 57 7 0 0 0 4 30 69 98 100 72 10 41 61 90 8 22
8 22 66 94 8 0 0 77 92 92 100 93 85 12 63 100 100 100 100 34 0 18 11 58 85 88 26 24 100 43 0 0 34 75 8 43 81 1 30 95 58 96 94 55 34 21 22 70 59 85 33 5 31 44 59 75 88 83 80 100 100 100 87 47 0 8 50 24 0 37 46 88 100 71 42 0 1 59 56 66 63 8 0 35 23 10 82 100 100 55 7 7 80 56 0 0
96 97 96 27 0 0 0 99 100 100 100 62 82 87 93 53 93 100 100 24 0 2 63 62 12 97 74 72 36 1 0 0 0 0 5 22 1 86 87 89 28 36 4 27 67 64 72 20 24 29 0 21 13 81 34 58 36 99 100 100 100 100 84 79 12 10 39 20 43 86 42 48 100 23 0 7 50 100 82 77 16 0 0 36 1 19 52 99 57 38 41 32 51 91 77 0
