data/habitatmaps/RS_maps/habitat_Turdus.torquatus_2020.asc
NCOLS 369 
NROWS 228 
XLLCORNER 479000 
YLLCORNER 73000 
CELLSIZE 1000 
NODATA_value -9 
[rows 60 to 119 of 228, columns 192 to 287 of 369]
0 0 0 0 0 0 30 4 0 0 14 0 0 0 0 0 0 0 0 0 0 0 0 0 0 0 0 0 0 0 0 0 0 0 0 0 0 0 12 30 9 0 0 29 0 0 0 0 0 0 0 0 0 0 0 0 0 7 34 43 19 0 0 0 59 67 51 3 23 39 32 70 63 36 38 35 19 1 18 0 0 0 0 10 47 0 0 0 0 0 0 0 0 0 0 0
0 0 0 0 0 0 0 0 0 0 0 0 0 0 0 0 0 0 0 0 0 0 0 0 0 0 0 0 0 0 0 0 0 0 0 0 0 0 8 26 0 0 0 10 0 0 0 0 0 0 0 0 0 8 21 25 36 31 45 27 15 0 19 34 91 75 78 21 27 38 54 59 20 0 3 3 43 100 51 0 0 0 12 28 13 0 0 0 0 0 0 0 0 0 0 0
0 0 0 0 0 0 0 0 0 0 17 0 0 0 0 0 0 0 0 0 0 0 0 0 0 0 0 0 0 0 0 10 28 5 0 0 0 0 0 5 0 0 0 0 0 0 0 0 0 0 0 0 25 41 4 51 25 52 53 34 12 0 5 11 57 46 9 0 11 10 46 63 31 65 68 10 46 19 10 21 64 23 50 35 0 0 0 0 0 0 0 0 0 0 0 0
0 0 0 0 0 0 0 6 2 0 40 0 0 0 0 0 0 0 0 0 0 0 0 0 0 0 0 0 0 0 0 0 30 6 0 0 0 0 0 0 0 0 0 0 0 0 0 0 0 0 0 10 53 32 0 0 0 5 2 46 34 0 0 0 0 0 27 45 0 11 15 45 42 20 19 26 0 0 9 43 10 0 68 32 3 0 0 0 0 0 0 0 0 0 0 8
0 0 0 0 0 1 30 6 31 0 0 0 0 0 52 0 0 0 0 0 0 0 0 0 0 0 0 0 0 0 0 0 0 0 0 0 0 0 0 0 0 0 0 0 0 0 0 0 16 15 1 29 20 15 0 0 0 5 27 28 60 15 0 0 31 0 14 40 0 26 61 41 21 77 92 18 11 27 0 34 25 59 21 0 0 0 0 0 0 0 0 0 0 0 1 74
0 0 0 0 0 0 41 0 0 0 0 0 0 0 34 9 0 0 0 0 0 0 0 0 0 0 0 0 0 0 0 0 0 0 0 0 0 0 0 0 0 0 0 0 0 0 0 0 17 20 4 46 78 36 0 0 0 0 0 0 0 13 37 44 0 0 11 29 0 57 33 31 99 100 100 88 17 62 59 53 52 30 0 0 0 0 0 0 0 0 0 0 0 0 40 26
0 0 0 0 0 0 0 20 17 0 0 0 0 0 0 0 0 0 0 0 0 0 0 0 0 0 0 0 0 0 8 16 0 0 0 0 0 0 0 0 1 0 0 0 0 0 0 0 0 0 58 90 95 62 15 0 0 0 0 0 0 7 30 12 0 4 9 0 9 39 46 100 100 96 91 89 85 27 17 22 0 0 0 0 0 0 0 0 0 0 0 0 0 5 53 0
0 0 0 0 0 0 0 0 3 9 34 0 0 0 0 0 0 0 0 0 0 0 0 0 0 0 0 0 0 0 0 0 0 0 0 0 0 0 20 20 12 0 0 0 0 0 0 0 0 0 6 60 38 57 80 21 0 7 0 0 0 0 0 0 0 57 40 47 59 34 100 90 43 34 82 100 95 42 17 0 0 0 0 0 0 0 0 0 31 3 24 0 0 59 58 6
0 0 0 0 0 0 0 0 0 0 0 0 0 0 0 0 0 0 0 0 0 0 0 0 0 0 0 0 0 0 0 0 0 0 0 0 0 0 0 0 0 0 2 36 0 0 0 0 0 0 0 39 48 77 44 47 2 28 0 0 0 0 0 3 35 40 21 26 59 57 63 7 0 19 81 40 32 23 0 0 0 0 0 0 0 0 0 8 2 0 0 0 0 1 23 0
0 0 0 0 0 0 0 0 0 0 0 0 0 0 0 0 0 0 0 0 0 0 0 0 0 0 0 0 0 0 0 0 0 0 0 0 0 0 0 0 0 0 0 0 0 0 0 0 0 0 0 3 1 5 25 31 0 8 59 5 0 0 0 0 0 28 26 40 0 0 1 0 0 31 68 80 50 23 0 0 0 0 0 0 0 0 0 0 0 0 0 15 0 8 19 0
0 0 0 0 0 0 0 0 0 0 8 2 0 0 0 0 0 0 0 0 0 0 0 0 0 0 0 0 0 0 0 0 0 0 0 0 0 0 0 0 0 0 0 0 0 0 0 0 0 0 0 0 0 0 52 0 0 21 60 55 2 1 0 0 2 22 18 8 7 0 0 0 0 49 50 40 0 0 15 0 0 0 0 0 0 0 0 0 2 20 21 69 19 21 15 0
0 0 0 0 0 0 0 0 0 0 16 7 0 0 0 0 0 0 0 0 0 0 0 0 0 0 0 0 0 0 0 0 0 0 0 0 0 0 0 0 0 0 0 0 0 0 0 0 0 0 0 3 51 6 70 25 0 49 22 2 81 54 11 0 13 50 22 56 1 0 0 0 0 5 8 22 38 8 31 0 0 0 0 0 0 0 0 0 0 31 70 52 0 10 0 9
0 0 0 0 0 0 0 0 0 0 0 0 0 0 0 0 0 0 0 0 0 0 0 0 0 0 0 0 0 0 0 0 0 0 0 0 0 0 0 0 0 0 0 0 0 0 0 0 0 0 0 0 2 39 52 38 8 35 11 31 31 3 1 0 6 2 34 5 0 0 0 0 0 43 93 100 78 23 0 0 0 0 0 0 0 0 0 0 0 18 77 65 13 5 34 55
0 0 0 0 0 0 0 0 0 0 0 0 0 0 0 0 0 0 0 0 0 0 0 0 0 0 0 0 0 0 0 0 0 0 0 0 0 0 0 0 0 0 0 0 0 0 0 0 0 0 0 0 0 48 39 47 0 0 0 0 51 15 39 0 10 0 0 0 0 0 0 15 16 50 82 91 59 9 0 0 0 0 0 0 0 0 0 0 17 68 63 94 24 26 92 56
0 0 0 0 0 0 0 0 0 0 0 0 0 0 0 0 0 0 0 0 0 0 0 0 0 0 0 0 5 16 0 0 0 0 0 0 0 0 0 0 0 0 0 0 0 0 0 0 0 0 0 0 0 22 32 0 10 0 26 77 64 73 48 52 11 0 0 0 0 4 0 22 72 83 88 42 30 7 1 5 0 0 0 0 0 0 0 0 43 100 100 57 26 100 100 91
0 0 0 0 0 0 0 0 0 0 0 0 0 0 0 0 0 0 0 0 0 0 1 0 0 0 0 0 36 37 0 0 0 0 0 5 0 0 0 0 0 0 0 0 0 0 0 0 0 0 0 0 4 0 4 0 42 57 48 2 0 20 44 9 0 0 7 1 24 22 35 27 44 64 48 85 78 86 69 7 0 0 0 0 0 0 0 58 97 100 100 75 71 100 100 100
0 0 0 0 0 0 0 0 0 0 0 0 0 0 0 0 0 0 1 34 41 39 63 70 86 62 32 39 39 4 0 27 6 36 47 2 3 8 0 0 0 0 0 0 0 0 0 0 0 0 0 2 79 8 0 24 56 11 0 0 0 0 0 0 0 8 70 71 99 51 58 59 20 49 1 74 91 71 18 80 5 0 0 0 0 4 38 88 100 100 100 64 100 100 100 92
0 0 0 0 0 0 0 0 0 0 0 0 0 0 0 12 41 43 77 93 85 100 100 100 100 81 46 26 0 4 19 67 96 69 3 65 61 49 1 0 0 0 0 16 18 0 0 0 0 0 0 10 44 0 0 23 28 0 0 0 0 0 11 98 26 16 7 8 4 0 15 33 48 69 44 95 4 62 100 41 3 18 0 0 0 0 14 49 96 73 92 76 100 91 85 66
0 0 0 0 0 0 0 0 0 0 0 0 0 0 4 70 26 47 43 82 88 55 98 66 41 3 0 0 0 0 3 32 98 53 41 96 66 0 0 0 0 0 0 3 0 0 0 0 0 0 0 0 0 0 0 24 1 0 0 2 6 11 21 57 44 9 0 0 0 0 0 0 0 42 100 98 11 57 76 67 36 14 0 0 0 0 0 2 66 90 76 87 67 68 47 80
0 0 0 0 0 0 0 0 0 0 0 0 0 0 0 0 0 0 0 8 36 39 50 28 28 18 11 16 0 0 0 10 59 76 100 38 46 17 0 0 0 0 0 0 0 0 0 0 0 0 0 0 0 0 0 0 0 0 0 6 20 10 0 0 34 0 0 0 0 0 0 0 0 6 64 55 70 36 0 33 49 10 0 0 0 0 0 0 10 64 93 92 37 50 63 70
0 0 0 0 0 0 0 0 0 0 0 0 0 0 0 0 0 0 0 29 30 93 30 0 24 0 0 1 0 0 0 0 23 55 39 33 0 36 0 0 0 0 0 22 48 44 10 0 0 0 0 0 0 0 0 0 0 0 0 0 0 0 0 0 0 0 0 0 0 0 0 0 0 0 29 70 3 53 76 69 69 22 0 0 0 0 0 0 0 53 56 80 75 50 87 93
0 0 0 0 0 0 0 0 0 0 0 0 57 16 0 5 33 4 0 0 0 16 0 4 35 0 0 0 0 0 0 0 2 8 11 0 13 82 68 2 0 4 39 59 28 2 0 0 34 14 0 0 0 0 0 0 0 11 0 0 0 0 0 0 0 0 0 0 2 15 4 0 0 0 23 74 3 70 92 0 24 6 0 0 0 0 0 0 14 82 50 86 72 79 57 95
0 0 0 0 0 0 0 0 0 0 0 0 34 69 0 3 71 9 0 0 0 0 1 65 62 0 0 1 2 0 0 0 68 37 57 22 17 55 71 60 0 8 33 64 38 34 49 42 53 27 0 0 0 0 0 0 0 28 2 12 1 11 0 9 0 0 0 65 75 34 0 0 0 0 3 58 85 25 44 41 55 22 0 0 0 38 0 0 65 100 90 96 74 61 65 62
0 0 0 0 0 0 0 0 0 0 0 0 13 75 0 0 32 39 0 0 23 50 6 82 38 0 8 50 24 16 3 8 47 0 0 72 68 41 10 37 0 0 18 58 4 0 22 63 31 11 10 0 0 0 0 6 41 52 4 43 6 71 10 59 14 35 87 82 23 36 6 0 0 0 0 1 28 1 0 58 9 0 0 0 0 16 29 0 49 66 61 54 32 1 4 73
0 0 0 0 0 0 0 0 0 0 0 0 0 45 72 56 68 52 0 0 0 8 11 87 97 41 39 80 76 48 0 2 5 16 65 34 67 67 64 65 0 5 91 61 57 19 0 54 64 68 56 0 1 0 0 11 54 59 44 33 21 82 13 88 73 75 77 65 37 29 0 0 0 0 0 0 2 21 0 0 0 0 0 0 0 7 2 9 46 76 11 28 39 52 43 59
0 0 0 0 0 0 0 0 0 0 0 0 17 69 57 38 44 7 0 0 0 7 48 45 99 39 64 100 35 34 43 85 11 14 50 4 39 99 62 88 1 28 45 16 41 7 46 39 19 64 3 0 41 0 57 70 47 99 83 62 27 30 74 86 72 32 49 30 42 53 12 24 18 0 0 0 0 4 18 32 14 0 0 0 0 0 0 0 0 0 6 5 0 19 1 6
0 0 0 0 0 0 0 0 0 0 0 0 0 25 63 54 8 5 0 0 0 25 67 93 41 69 15 63 100 66 40 42 92 19 2 33 3 49 83 23 69 36 77 47 55 28 86 33 0 15 50 3 14 75 70 100 100 61 100 94 18 90 86 97 55 0 0 5 44 80 79 96 100 99 32 0 0 0 0 42 38 0 0 0 0 0 2 8 0 0 12 37 30 21 0 54
0 0 0 0 0 0 0 0 59 20 0 0 0 0 61 15 0 0 0 0 4 37 49 71 16 38 17 91 100 92 72 94 56 0 57 59 10 15 44 65 10 60 19 58 45 74 77 57 59 71 34 7 16 20 44 74 52 91 80 43 81 100 72 22 0 0 10 59 78 54 100 100 79 100 89 38 79 9 0 0 0 0 0 0 0 0 4 97 100 37 9 67 82 86 85 12
69 8 0 0 0 0 12 68 58 58 26 0 0 0 56 7 0 0 0 0 17 52 13 64 55 36 70 100 76 100 51 52 17 22 63 31 0 14 3 51 45 81 44 100 17 78 38 24 4 2 4 0 0 0 28 96 88 93 3 100 100 100 64 95 73 0 0 37 52 82 87 42 46 60 46 41 48 56 0 0 0 0 0 0 0 0 0 2 68 44 41 46 78 64 21 61
28 0 0 0 0 0 68 19 0 5 47 0 0 0 10 5 0 0 0 0 0 0 10 65 67 70 100 82 86 88 71 9 42 8 45 0 0 50 21 64 14 26 72 39 3 38 57 68 0 0 0 0 0 0 14 100 100 75 48 49 69 100 100 97 29 4 0 16 44 77 68 6 75 94 95 57 32 14 21 0 0 0 0 0 0 0 0 0 0 49 41 62 15 50 24 27
0 0 0 0 0 31 36 40 48 41 72 54 4 0 0 0 0 0 0 0 0 0 60 100 73 38 100 49 28 73 23 0 10 38 27 0 0 8 18 17 22 24 43 63 69 99 31 0 0 0 0 0 0 0 0 67 64 53 100 51 55 74 36 19 28 68 17 49 55 89 66 3 69 55 66 74 26 13 46 0 0 0 0 0 0 0 0 0 6 69 83 63 1 31 49 82
0 0 0 0 0 2 0 12 40 58 12 79 86 28 6 0 0 0 0 0 0 0 49 97 85 72 93 56 71 72 11 19 54 3 4 6 37 12 0 34 20 0 0 0 0 4 0 0 13 45 73 48 7 0 0 17 39 46 100 73 61 66 12 5 8 51 0 53 98 16 28 69 47 12 48 59 19 61 39 0 0 0 0 0 0 0 0 0 0 0 7 76 6 0 0 7
0 0 0 0 0 0 0 0 7 73 42 0 17 58 29 0 0 0 0 0 0 0 0 38 86 32 29 18 65 81 51 51 34 21 46 44 42 0 13 91 100 21 63 58 70 56 33 53 58 71 62 25 10 0 0 12 39 0 88 100 38 0 0 85 29 64 18 30 79 37 63 30 23 90 64 17 94 78 54 0 0 36 6 0 0 0 0 0 0 0 0 63 61 34 0 5
0 0 0 0 0 0 0 0 0 6 45 0 0 5 73 11 0 0 0 0 0 0 0 0 48 4 38 59 85 48 30 63 35 66 24 44 100 24 60 100 100 23 17 28 72 88 90 70 99 100 45 21 3 0 0 73 94 81 100 97 63 63 67 75 61 64 63 42 16 40 24 21 0 0 19 34 48 100 63 0 21 72 100 42 1 0 0 0 0 0 0 46 80 42 16 24
0 0 0 0 0 0 0 0 0 0 0 0 0 0 7 0 0 0 0 0 0 0 0 0 33 53 18 0 13 18 9 32 13 3 45 92 36 13 19 91 73 0 10 9 5 71 67 24 59 93 30 100 24 0 0 1 0 31 93 31 45 63 74 34 57 53 37 20 15 33 38 5 0 0 8 95 87 62 21 1 23 100 100 81 1 0 0 0 0 0 0 32 30 21 24 0
35 48 40 21 0 0 0 0 0 0 0 0 0 0 0 0 0 0 0 0 0 0 1 1 0 0 0 0 0 0 8 0 13 33 60 11 57 38 54 100 100 24 13 93 42 87 100 99 99 31 4 4 2 0 0 52 71 10 3 0 0 60 0 69 23 38 9 23 51 24 67 18 35 43 37 100 100 100 99 90 72 94 79 15 0 37 17 0 0 0 0 0 19 0 0 0
32 7 0 0 0 0 0 0 0 0 0 0 0 0 0 0 0 0 0 0 53 80 91 71 54 22 0 0 0 26 50 22 3 25 32 46 36 0 43 98 55 26 29 36 75 100 100 90 68 0 0 0 0 0 0 86 50 88 8 0 0 45 0 57 61 60 0 43 23 0 17 83 100 100 72 100 100 100 100 92 33 0 4 0 1 89 3 42 40 3 0 0 0 0 0 0
38 6 0 0 0 0 0 0 0 0 0 0 0 0 0 0 0 0 0 0 19 17 9 32 40 89 76 17 0 0 0 0 47 64 72 92 0 0 38 61 89 100 57 97 100 100 58 22 3 0 0 0 0 14 4 74 70 12 94 14 0 0 0 0 33 15 0 17 14 37 88 100 100 92 94 57 22 98 100 73 11 0 0 0 0 76 2 13 0 0 0 0 0 0 0 0
0 0 0 0 0 0 0 0 0 0 0 0 0 0 0 0 0 0 0 0 0 0 0 31 30 38 50 91 40 48 11 52 49 69 64 38 5 0 5 39 99 100 100 100 100 97 57 57 25 0 0 0 19 60 0 37 99 49 100 7 0 0 0 11 64 31 48 52 93 100 100 100 72 5 84 27 68 100 73 43 88 72 94 21 5 78 29 0 0 0 0 0 7 0 0 2
0 0 0 0 0 0 0 0 0 0 3 0 0 0 24 12 0 0 0 0 0 0 0 0 0 0 33 55 62 52 16 100 81 43 0 0 17 10 78 100 100 100 94 99 100 74 24 52 21 0 0 23 99 93 44 74 33 49 11 22 0 0 41 89 86 15 0 27 68 68 73 88 74 29 55 100 100 89 89 49 20 59 43 0 61 80 8 4 0 0 0 0 59 27 0 26
0 0 0 0 0 0 1 17 62 65 26 27 8 0 20 7 0 0 0 0 0 0 0 4 19 9 17 56 47 20 14 100 100 100 34 26 0 52 100 100 100 91 17 77 100 76 6 14 0 0 0 49 98 100 100 79 27 69 33 66 4 0 40 33 6 0 53 57 74 70 28 0 0 23 32 43 97 51 60 75 29 10 9 0 87 41 41 16 0 11 0 1 73 64 0 13
59 2 0 17 29 0 33 51 73 80 11 26 36 1 17 2 0 0 3 58 83 68 45 98 90 65 58 80 87 13 19 84 100 66 74 6 20 95 62 65 58 74 77 97 54 0 0 0 0 0 86 8 25 100 100 20 15 79 22 76 18 0 26 0 0 15 84 100 77 19 58 56 38 0 2 25 25 38 67 100 82 72 46 29 92 11 19 0 0 7 29 14 91 86 0 52
100 28 0 7 5 34 68 36 23 13 54 57 31 22 36 6 0 0 0 60 0 5 45 91 3 43 100 99 69 19 48 32 38 12 37 31 41 42 16 21 47 50 100 100 100 21 0 0 0 34 64 79 45 51 72 75 26 38 19 31 0 1 0 0 5 17 91 81 85 100 100 100 99 30 1 19 22 66 100 77 55 79 20 57 71 26 76 19 0 0 29 2 87 57 40 59
21 0 0 0 53 40 50 52 74 77 50 17 10 0 0 0 0 0 0 0 0 0 0 14 0 30 36 62 20 0 48 1 0 0 11 0 22 58 29 33 60 97 100 90 31 1 0 0 8 0 20 77 23 72 100 73 0 0 0 0 0 0 0 27 55 46 65 79 100 100 100 100 100 100 76 60 71 58 24 28 19 12 44 100 77 34 29 0 0 0 0 9 56 78 95 43
50 7 0 0 23 9 64 65 49 7 4 0 0 0 0 0 0 0 0 0 50 70 45 41 69 91 31 0 9 20 38 10 13 56 83 0 0 42 100 100 95 75 25 22 4 0 0 0 12 0 31 54 8 69 33 36 0 0 0 1 13 32 70 95 67 99 100 100 100 86 81 100 100 100 100 99 100 98 87 100 52 77 100 100 63 2 64 48 0 0 0 0 60 100 100 66
60 27 0 46 95 21 90 92 9 0 0 0 0 0 0 0 0 0 0 0 59 59 82 9 0 9 48 25 52 38 21 73 72 92 100 6 37 97 100 86 17 3 45 97 75 73 3 0 0 0 1 45 35 25 0 0 0 0 1 53 68 44 73 100 100 100 95 100 89 16 25 92 81 96 100 100 100 87 83 100 65 100 100 100 52 52 96 47 0 0 0 16 71 64 100 100
12 0 0 32 12 12 30 73 13 6 12 10 45 2 0 0 0 0 0 0 56 55 80 48 2 4 6 72 83 74 100 66 16 12 22 1 80 100 54 2 30 84 94 27 34 67 2 0 36 84 65 58 88 100 24 0 0 0 38 89 98 94 92 100 100 97 58 98 53 31 34 16 27 94 100 63 90 100 100 83 81 100 100 99 17 89 81 0 0 10 71 16 100 99 100 100
0 0 0 0 0 0 41 46 32 43 26 72 31 0 53 70 43 28 0 0 0 36 15 0 12 9 0 21 84 77 87 100 97 35 43 55 100 81 22 65 94 90 45 5 43 49 0 38 100 100 100 100 100 100 77 82 70 38 82 100 66 97 100 100 96 28 64 55 56 82 57 25 9 80 93 74 41 100 95 58 100 100 92 29 59 83 42 0 0 10 91 56 79 75 100 100
0 0 0 0 23 38 47 45 0 0 42 38 80 38 100 100 49 45 0 0 0 0 0 0 0 0 0 0 0 0 1 23 42 9 33 85 52 36 67 20 43 93 52 71 37 12 0 100 100 100 100 100 100 65 100 100 32 19 100 89 49 98 100 100 90 80 31 0 16 0 40 61 32 72 38 82 50 86 53 89 100 76 19 45 100 34 3 0 0 26 48 68 14 3 36 31
2 14 39 83 56 62 76 75 46 75 50 41 77 100 100 88 20 100 32 0 0 4 56 58 0 26 21 12 0 0 0 0 0 26 11 38 99 65 70 55 92 58 100 93 85 28 56 100 100 69 90 79 100 91 100 100 88 85 100 100 99 91 63 36 0 6 79 10 15 24 3 33 59 100 44 58 98 44 27 58 47 3 32 6 6 3 0 0 0 0 52 49 0 0 0 0
57 94 39 39 14 14 100 100 100 100 73 77 97 100 90 48 92 86 15 0 4 15 10 26 69 58 88 78 60 37 36 39 43 56 86 97 100 100 100 74 31 67 100 93 58 66 100 100 100 100 100 80 100 100 100 100 100 100 100 88 40 6 0 0 0 14 100 55 36 64 17 30 63 93 0 0 56 47 13 47 26 9 0 21 0 0 0 0 0 50 71 4 0 0 0 0
30 62 37 97 100 97 60 76 100 60 56 21 66 100 61 84 40 39 0 0 26 63 58 2 32 7 31 52 56 31 97 40 61 48 93 100 58 89 55 20 51 99 46 82 55 97 100 100 69 100 100 100 100 62 55 69 84 52 12 50 9 46 76 63 59 45 98 71 42 2 1 27 97 80 2 0 6 34 0 0 0 0 0 0 0 0 36 33 0 1 71 23 0 29 0 32
0 44 48 57 60 19 60 100 75 63 88 66 68 77 14 15 5 18 9 0 39 94 100 74 21 44 100 72 0 60 47 85 83 100 100 100 4 9 11 40 96 29 45 41 76 100 100 100 45 100 100 100 100 30 60 37 4 17 29 33 0 0 9 43 83 98 25 55 68 6 18 79 16 5 47 0 0 0 0 0 0 0 0 23 25 0 89 48 6 0 0 0 0 6 3 67
2 0 0 21 52 3 92 100 95 45 7 10 19 46 17 72 96 100 41 40 9 23 94 77 84 98 100 86 7 92 77 73 100 89 92 66 5 0 3 75 100 91 100 78 70 100 100 100 60 100 100 79 83 86 44 62 81 51 91 100 46 0 47 14 9 77 61 53 68 73 93 93 73 43 58 22 0 0 15 77 44 41 66 95 99 96 81 56 28 40 76 44 44 21 53 59
42 16 0 32 45 62 100 100 84 0 0 14 60 92 100 100 79 54 3 56 14 0 58 100 100 100 100 82 7 52 45 96 76 44 72 9 0 0 37 89 100 84 100 72 96 81 81 100 97 100 99 83 10 3 0 33 81 71 12 34 82 4 15 52 35 52 0 24 97 73 50 28 85 40 6 0 0 0 0 52 80 80 95 100 100 100 51 12 17 81 87 70 70 40 59 75
26 0 0 0 43 81 100 79 17 1 65 91 100 95 72 40 0 0 2 61 47 0 0 43 73 60 76 100 70 61 96 75 78 86 96 31 7 32 97 100 100 31 83 66 75 40 56 100 100 95 68 25 10 0 2 63 27 65 0 21 90 50 91 63 42 0 0 2 7 0 87 51 16 11 0 0 0 0 0 8 71 74 57 100 100 69 50 18 0 11 46 31 100 23 25 88
42 62 58 47 16 4 13 51 5 0 35 96 100 100 32 37 94 70 55 82 100 69 0 0 22 94 43 81 80 69 100 85 69 83 92 55 52 83 100 92 69 100 24 6 64 77 100 100 100 36 59 43 0 3 33 79 0 56 24 56 81 52 87 87 5 0 0 0 0 27 95 4 0 27 0 21 73 11 22 8 33 14 55 91 88 50 84 72 0 11 46 22 10 36 50 45
18 14 20 62 96 42 0 12 28 24 72 100 62 68 74 59 100 100 100 80 86 61 0 0 27 100 100 100 100 98 99 84 59 77 100 70 61 100 86 53 35 100 57 80 99 100 100 100 100 100 80 100 94 8 3 35 31 5 7 79 56 50 52 68 48 63 0 0 0 0 0 0 0 0 0 8 32 68 72 23 38 90 11 0 41 69 67 100 19 0 34 14 0 0 2 29
37 0 0 37 66 64 11 54 76 100 94 44 43 11 48 100 100 94 46 72 66 85 26 21 71 95 100 82 85 58 24 7 3 38 94 94 61 100 50 28 42 100 100 100 100 100 100 100 100 89 69 35 99 31 0 0 0 0 0 24 5 0 16 13 0 1 0 23 19 49 22 0 0 0 44 35 89 63 93 46 39 87 22 23 84 43 3 50 89 53 18 44 0 9 15 5
86 24 13 33 97 97 76 91 88 45 59 69 49 35 96 100 100 92 80 54 50 78 27 25 90 83 47 26 38 42 82 59 25 3 74 100 100 67 34 53 57 100 98 83 100 88 71 81 52 10 47 67 64 12 12 32 9 0 2 30 37 30 0 0 0 0 0 76 42 61 93 69 65 69 100 86 33 98 42 87 45 1 20 67 90 55 24 92 85 85 73 42 38 20 36 34
