data/habitatmaps/RS_maps/habitat_Fringilla.coelebs_2007.asc
NCOLS 369 
NROWS 228 
XLLCORNER 479000 
YLLCORNER 73000 
CELLSIZE 1000 
NODATA_value -9 
[rows 122 to 182 of 228, columns 192 to 287 of 369]
0 0 0 0 0 0 0 0 0 0 0 0 0 0 0 0 0 0 0 53 52 82 89 41 0 10 74 76 0 0 0 0 0 0 0 0 0 0 0 0 42 4 6 45 66 79 78 30 41 15 67 81 64 56 41 25 15 17 20 0 0 0 13 53 100 92 50 76 69 31 0 0 0 29 53 100 99 38 37 31 36 41 16 37 77 93 39 0 0 45 64 93 20 0 0 0
0 3 0 0 0 0 0 0 0 0 0 38 18 0 0 0 0 0 1 21 51 98 37 2 0 1 26 28 0 0 0 0 0 0 0 0 0 0 0 11 72 64 96 73 33 36 24 79 74 72 100 79 87 19 66 42 64 1 0 0 0 0 16 21 64 83 61 80 57 14 0 0 0 77 95 93 50 0 17 20 72 32 49 17 99 80 40 1 0 25 52 73 49 0 0 0
43 84 11 0 0 0 0 0 0 0 0 0 8 0 0 0 0 0 50 76 66 56 0 0 0 0 0 0 0 0 0 0 0 0 0 0 0 0 3 66 100 88 28 9 9 38 88 88 86 85 87 91 64 67 97 74 39 0 0 8 6 0 4 15 88 29 78 39 9 0 0 0 24 84 96 50 0 0 37 7 26 46 36 19 83 47 63 3 0 2 83 85 70 0 0 0
25 32 48 5 0 0 0 0 0 0 0 0 0 22 13 8 32 7 94 32 73 12 0 0 0 0 0 0 0 0 0 0 0 0 0 0 0 62 94 100 71 73 59 45 53 96 91 34 84 78 47 2 0 92 31 14 30 0 0 10 7 21 8 45 43 57 57 82 0 0 0 0 25 49 98 46 0 1 38 44 23 51 48 36 64 98 75 36 51 22 50 66 56 0 0 0
0 0 0 0 0 0 0 0 0 0 0 0 0 6 2 49 96 83 64 94 40 0 0 0 0 0 0 0 0 0 0 0 0 0 0 1 29 89 39 67 91 96 41 98 82 98 50 1 23 48 2 0 2 68 7 0 0 0 0 0 0 16 54 63 57 72 100 54 0 0 0 1 32 78 50 3 0 16 34 42 43 64 68 49 52 100 65 61 71 67 61 81 55 0 0 0
0 0 0 0 0 0 0 0 0 0 0 0 0 0 0 10 61 63 53 26 0 0 0 0 0 0 0 0 0 0 0 0 0 0 27 92 78 44 68 100 86 66 48 44 47 93 49 1 0 0 0 0 0 12 0 0 0 0 0 0 0 17 51 30 86 100 100 81 0 0 0 9 33 97 29 0 0 0 0 0 24 68 100 90 71 74 97 82 39 28 78 77 71 6 0 13
0 0 0 0 0 0 0 0 0 0 0 0 0 0 0 0 67 44 60 5 0 0 0 0 0 0 0 0 0 0 0 0 0 32 53 51 48 90 100 16 0 0 6 39 69 93 95 29 0 0 0 0 0 0 0 0 0 4 12 48 49 44 39 73 86 79 100 61 14 0 0 24 32 87 6 38 32 20 10 59 96 100 95 65 100 100 100 96 29 54 86 53 82 60 46 72
0 0 0 0 0 0 0 0 0 0 0 0 0 0 0 0 54 65 49 0 0 0 0 0 0 0 0 0 0 6 1 23 24 27 76 4 57 87 70 68 0 0 0 13 59 14 81 7 0 0 0 0 0 0 0 0 3 36 17 66 86 67 51 74 40 8 85 57 0 0 16 37 56 58 0 38 64 89 98 96 98 100 67 97 66 73 50 73 95 57 39 46 37 91 74 74
0 0 0 0 0 0 0 0 0 0 0 0 0 0 0 1 54 75 20 0 0 0 0 0 0 0 0 0 19 26 38 62 20 70 48 57 76 13 21 62 0 0 0 0 0 25 24 58 0 0 0 0 0 0 22 33 75 31 41 75 100 100 73 79 4 0 21 2 0 0 7 89 18 35 78 3 73 85 72 66 35 82 97 99 90 51 78 100 100 73 83 74 33 34 47 81
0 0 0 0 0 0 0 0 0 0 0 0 0 1 74 77 86 67 25 0 0 0 0 0 0 0 0 1 11 20 80 61 57 98 95 88 35 39 18 34 0 0 0 0 0 0 22 70 8 0 0 0 0 25 65 89 58 20 77 80 38 100 98 62 58 9 0 0 0 13 39 47 0 1 14 0 22 1 0 0 0 53 98 89 56 18 85 74 86 42 39 62 30 42 56 75
0 0 0 0 0 0 0 0 0 0 0 0 6 0 0 56 49 17 0 0 0 0 0 0 0 1 37 35 46 22 38 96 47 73 27 70 41 37 0 12 0 0 0 0 0 0 25 57 0 0 0 0 0 0 8 8 58 89 44 16 11 98 100 95 35 0 0 0 0 43 50 11 0 0 0 0 0 0 0 13 59 1 84 96 82 1 13 5 61 84 36 15 77 100 100 100
0 0 0 0 0 0 0 0 0 0 0 0 24 0 0 0 0 0 0 0 0 0 0 0 0 13 9 8 2 0 0 9 0 1 0 6 39 57 1 0 0 0 0 0 0 0 0 18 2 0 0 0 0 0 0 50 57 28 4 0 1 51 100 64 0 0 0 0 0 34 6 0 0 0 0 0 0 0 1 37 49 16 24 73 97 22 0 2 15 84 97 41 94 100 87 79
0 0 0 0 0 0 0 0 0 0 0 0 0 0 0 0 5 40 3 0 0 0 0 0 0 0 0 0 0 0 0 0 0 0 0 0 58 71 22 0 0 0 0 0 0 0 0 0 0 0 0 0 0 0 33 98 32 0 0 0 0 40 100 55 0 0 0 0 0 0 0 0 0 0 0 0 0 0 53 63 19 0 43 100 96 24 0 0 7 66 97 88 39 91 50 13
0 0 0 0 0 0 0 0 0 0 0 0 0 0 0 0 18 65 0 0 0 0 0 0 0 0 0 0 0 0 0 0 0 0 0 6 45 2 0 0 0 0 0 0 0 0 0 0 0 0 0 0 0 0 32 66 4 0 0 0 0 7 45 47 0 0 0 0 0 0 0 0 0 0 0 0 0 0 18 40 37 35 85 59 4 0 0 0 1 17 64 95 8 65 92 7
0 0 0 0 0 0 0 0 0 0 0 0 0 0 0 9 6 32 52 25 0 0 0 0 0 0 0 0 0 0 0 0 0 0 0 0 50 0 0 0 0 0 0 0 0 0 0 0 0 0 0 0 0 0 6 7 0 0 0 0 0 27 46 56 0 0 0 0 0 0 0 0 0 0 0 0 2 16 85 96 87 7 85 49 0 0 0 0 0 2 62 63 17 38 93 84
0 0 0 0 0 0 0 0 0 0 0 0 0 0 0 14 1 0 0 3 0 0 0 0 0 0 0 0 0 0 0 0 0 0 0 0 12 0 0 0 0 0 0 0 0 0 0 0 0 0 0 0 0 0 0 0 0 0 0 0 0 16 43 48 0 0 0 0 0 0 0 0 0 0 0 0 0 2 8 73 96 46 100 49 0 0 0 0 0 39 79 67 3 27 83 97
0 0 0 0 0 0 0 0 0 0 0 0 0 0 0 0 0 0 0 0 0 0 0 0 0 0 0 0 0 0 0 0 0 0 0 0 0 0 0 0 0 0 0 0 0 0 0 0 0 0 0 0 0 0 0 0 0 0 0 9 44 90 58 0 0 0 0 0 0 0 0 0 0 0 0 0 0 0 8 99 71 77 86 8 0 0 0 0 0 60 85 44 1 17 78 52
0 0 0 0 0 0 0 0 0 0 0 0 0 0 0 0 0 0 0 0 0 0 0 0 0 0 0 0 0 0 0 0 0 0 0 0 0 0 0 0 0 0 0 0 0 0 0 0 0 0 0 0 0 0 0 0 0 0 0 68 84 40 46 6 0 0 0 0 0 0 0 0 0 0 0 0 0 0 7 97 79 90 83 0 0 0 0 0 0 0 6 47 60 34 30 41
0 0 0 0 0 0 0 0 0 0 0 0 0 0 0 0 0 0 0 0 0 0 0 0 0 0 0 0 0 0 0 0 0 0 0 0 0 0 0 0 0 0 0 0 0 0 0 4 16 1 0 0 0 0 0 0 0 0 42 40 1 0 0 0 0 0 0 0 0 0 0 0 0 0 0 20 58 23 10 77 78 96 68 3 0 0 0 0 0 0 0 22 68 99 98 53
0 0 0 0 0 0 0 0 0 0 0 0 0 0 0 0 0 0 0 0 0 0 0 0 0 0 0 0 0 0 0 0 0 0 0 0 0 0 0 0 0 0 10 34 14 0 34 44 10 0 0 0 0 0 0 0 0 22 14 0 0 0 0 0 0 0 0 0 0 0 0 0 0 0 37 68 6 67 70 46 89 100 99 23 0 0 0 0 0 0 0 50 90 30 89 96
0 0 0 0 0 0 0 0 0 0 0 0 0 0 0 0 0 0 0 0 0 0 0 0 0 0 0 0 0 0 0 0 0 0 0 0 0 0 0 0 10 13 76 44 63 10 17 57 0 0 0 0 0 0 0 0 0 0 0 0 0 0 0 0 0 0 0 0 0 0 0 0 17 43 77 81 88 70 100 86 87 83 55 16 0 0 0 0 0 0 0 82 15 0 45 90
0 0 0 0 0 0 0 0 0 0 0 0 0 0 0 0 0 0 0 0 0 0 0 0 0 0 0 0 0 0 0 0 0 0 0 0 0 0 0 24 85 54 72 56 90 43 19 9 0 0 0 0 0 0 0 0 0 0 0 0 0 0 0 0 0 0 0 0 17 24 18 44 38 38 91 84 25 11 47 1 21 95 97 17 0 0 0 0 0 0 4 16 0 0 68 62
0 0 0 0 0 0 0 0 0 0 0 0 0 0 0 0 0 0 0 0 2 22 5 0 0 0 0 0 0 0 0 0 0 8 0 0 0 0 0 4 51 59 81 67 44 10 0 0 0 0 0 0 0 0 0 0 0 0 0 0 0 0 0 0 0 0 0 21 57 63 22 82 66 92 28 7 0 0 0 0 0 73 58 0 0 0 0 0 0 0 0 0 0 0 6 79
0 0 0 0 0 0 0 0 0 0 0 0 0 0 0 0 0 1 12 32 28 85 10 0 0 1 0 0 0 0 0 0 1 42 44 14 0 0 0 66 51 10 12 46 38 26 0 0 0 0 0 0 0 0 0 0 0 0 0 0 0 0 0 0 16 19 0 8 18 5 2 8 3 42 0 0 0 0 0 0 4 82 19 0 0 0 0 0 0 0 0 0 0 0 4 91
71 8 0 0 0 0 0 0 0 0 0 0 0 0 0 0 0 19 31 85 52 68 5 21 58 40 6 0 0 0 0 0 0 9 86 36 9 0 44 85 72 66 50 72 90 20 0 0 0 0 0 0 0 0 0 0 0 0 0 0 0 0 0 0 62 40 24 30 0 0 0 0 0 0 0 0 0 0 0 0 13 96 61 2 0 0 0 0 0 0 0 0 0 0 41 58
70 39 1 0 0 0 0 0 0 0 0 0 0 6 24 34 76 58 22 64 65 64 55 47 71 75 29 21 1 0 0 0 0 0 1 26 48 62 32 53 80 73 88 100 67 89 24 0 0 0 0 0 0 0 0 0 0 0 0 0 0 0 0 0 0 16 2 0 0 0 0 0 0 0 0 0 0 0 0 0 16 70 74 45 1 0 0 0 0 0 0 0 0 3 84 89
35 56 14 0 0 0 0 0 0 0 0 0 39 52 57 66 94 92 89 60 59 68 69 94 61 57 54 78 47 1 0 0 0 0 0 0 9 27 12 12 3 66 100 100 86 83 66 0 0 0 0 0 0 0 0 0 0 0 0 0 0 0 0 0 0 0 0 0 0 0 0 0 0 0 0 0 0 0 0 0 0 0 0 36 98 62 50 0 0 0 0 0 0 0 15 20
0 1 12 0 0 0 0 0 0 0 1 13 50 69 70 57 17 0 0 3 58 67 75 100 85 63 35 28 31 63 13 23 5 9 0 0 0 0 0 0 0 1 47 94 93 100 90 11 7 0 0 0 0 0 0 0 0 0 0 0 0 0 0 0 0 0 0 0 0 0 0 0 0 0 0 0 0 0 0 0 0 0 0 2 75 56 0 0 0 0 0 0 0 0 0 0
0 0 0 0 0 0 0 0 10 63 39 79 48 6 2 0 0 0 0 0 9 54 85 67 92 99 96 75 70 94 99 71 59 79 81 23 9 0 0 0 19 28 0 26 76 100 100 71 48 0 0 0 0 0 0 0 0 0 0 0 0 0 0 0 0 0 0 0 0 0 0 0 0 0 0 0 0 0 0 0 0 0 0 0 45 63 5 0 0 0 0 0 0 0 0 0
0 0 0 0 0 0 0 0 77 47 65 24 0 0 0 0 0 0 4 2 0 1 12 1 31 39 28 74 92 100 90 77 85 94 86 46 87 11 0 0 49 67 57 73 46 100 97 39 6 0 0 0 0 0 0 0 0 0 0 0 0 0 0 0 0 0 0 0 0 0 0 0 0 0 0 0 0 0 0 0 0 0 0 0 2 69 53 6 0 0 0 0 0 0 0 0
0 0 0 0 0 0 0 9 47 2 0 0 0 0 0 0 0 6 46 75 45 9 0 0 0 0 0 20 94 73 53 72 100 98 92 82 69 66 18 5 54 37 91 39 46 95 56 0 0 0 0 0 0 0 0 0 0 0 0 0 0 0 0 2 0 0 0 0 0 0 0 0 0 2 3 3 0 0 0 0 0 0 0 0 0 5 49 57 34 0 0 0 0 0 0 0
0 0 0 0 0 0 0 38 0 0 0 0 0 0 0 0 0 0 0 26 58 47 19 0 0 0 0 0 34 97 90 45 82 97 59 72 69 94 19 14 25 68 95 42 57 100 40 0 0 0 3 7 2 0 0 0 0 0 0 0 0 0 5 36 18 0 0 0 0 0 0 0 0 41 32 5 0 0 0 0 0 0 0 0 0 0 18 0 26 7 0 0 0 0 0 0
0 0 0 0 0 0 0 0 0 0 0 0 0 0 0 0 0 0 0 0 38 56 54 35 0 0 0 0 3 52 80 100 97 94 94 98 91 99 43 12 14 31 69 59 86 100 64 1 0 0 0 42 60 24 1 0 0 0 0 0 0 0 22 96 49 0 0 0 0 0 0 0 8 66 36 1 4 33 9 0 0 0 0 0 0 0 0 0 0 0 0 0 0 0 0 0
0 0 0 0 0 0 0 0 0 0 0 0 0 0 0 0 0 2 0 0 0 6 39 79 64 17 0 0 0 14 66 83 96 62 63 74 99 97 75 14 0 40 95 62 93 100 100 79 6 0 0 15 57 0 0 0 0 0 0 0 0 0 23 77 100 18 0 0 0 0 0 0 14 29 29 42 37 60 6 0 0 0 0 0 0 0 0 0 0 0 0 0 0 0 0 0
0 0 0 0 0 0 0 0 0 0 0 0 0 0 0 0 15 48 49 0 0 2 55 66 57 0 0 0 0 37 66 10 33 71 94 74 88 100 88 67 1 15 98 100 97 100 100 93 58 9 30 20 50 9 0 0 0 0 0 0 0 0 13 82 54 34 22 0 0 0 2 19 89 58 66 66 88 57 0 0 0 0 0 0 0 0 0 0 0 0 0 0 0 0 0 0
0 0 0 0 0 0 0 0 0 0 0 0 0 0 0 0 3 0 70 0 0 53 92 96 73 0 0 0 0 0 2 0 0 3 73 78 84 98 92 97 67 8 96 100 98 97 65 83 72 79 71 66 80 34 1 0 0 0 3 42 34 6 3 78 89 79 90 24 6 0 3 24 10 0 47 77 69 67 25 0 0 0 0 0 0 0 0 0 0 0 0 0 0 0 0 0
0 0 0 0 0 0 0 0 0 0 0 2 12 0 0 0 20 39 55 0 1 64 82 82 71 0 0 0 0 0 0 0 0 2 76 84 97 98 100 94 87 88 53 98 78 83 86 96 62 87 94 100 100 86 42 0 0 0 34 77 12 0 1 58 81 66 69 80 27 0 0 0 0 0 32 77 19 15 0 0 0 0 0 0 0 0 0 0 0 0 0 0 0 0 0 0
0 0 0 0 0 0 0 0 0 0 0 44 83 18 8 0 0 80 78 70 69 86 99 95 26 0 0 0 0 0 0 0 0 48 65 22 58 69 100 72 76 68 58 60 75 83 78 72 98 100 100 98 86 28 13 0 0 0 53 70 1 0 0 0 29 94 42 70 49 0 0 0 0 19 86 71 56 61 42 0 0 0 0 0 0 0 0 0 0 0 0 0 0 0 0 0
0 0 0 0 0 0 0 0 0 0 2 54 83 92 41 0 0 9 85 71 100 99 100 54 0 12 23 28 0 0 0 13 50 98 52 72 70 99 92 54 97 60 100 66 67 81 62 41 92 82 70 38 37 59 0 0 0 1 89 82 11 0 0 0 40 78 25 47 46 0 0 0 0 2 58 72 69 88 86 31 0 0 0 0 0 0 0 0 0 0 0 0 0 0 0 0
0 0 0 0 2 0 0 0 0 0 0 18 79 100 48 0 0 1 32 47 99 100 85 87 25 76 100 42 0 0 0 0 4 17 22 44 54 100 100 44 59 68 100 100 88 97 96 37 100 70 82 37 12 1 0 0 0 21 92 88 81 3 0 4 80 96 38 84 43 0 0 0 0 2 45 51 71 77 2 0 0 0 0 0 0 0 0 0 0 0 0 0 0 0 0 0
0 0 0 0 52 1 0 0 0 0 0 5 53 100 68 15 0 0 0 6 78 100 81 96 100 100 56 4 0 0 1 0 1 0 0 6 60 79 88 100 49 84 100 99 100 100 93 99 92 42 31 60 87 66 13 0 0 35 99 48 13 0 0 0 37 86 39 45 85 0 0 0 0 0 7 80 92 54 12 0 0 0 0 0 0 0 0 0 0 0 0 0 0 0 0 0
0 0 0 10 46 56 1 0 0 0 0 2 63 100 94 45 28 1 8 2 62 100 96 69 67 100 63 0 0 0 24 62 86 58 0 0 0 32 35 96 100 97 91 91 100 98 61 79 100 100 87 78 54 97 88 14 1 53 75 57 0 0 0 13 93 100 40 79 71 0 0 0 0 0 22 77 55 44 27 21 0 0 0 0 0 0 0 0 0 0 0 0 0 0 0 0
0 0 0 5 55 64 2 0 0 0 0 0 57 94 100 91 90 67 74 4 49 98 86 98 30 83 54 0 0 0 0 6 39 48 38 0 0 26 35 45 72 100 92 24 90 100 100 91 90 57 54 92 96 71 18 1 5 79 59 74 18 0 0 38 100 98 62 100 71 1 0 0 0 0 15 60 77 62 68 50 8 0 0 0 4 0 0 0 0 0 0 6 11 30 38 38
0 0 11 69 49 83 19 0 0 0 3 0 47 68 100 97 83 95 39 66 92 97 80 96 34 2 0 0 0 0 0 1 61 76 72 0 0 1 4 28 99 77 52 91 62 59 100 98 50 5 0 9 67 22 0 0 5 84 71 83 60 0 0 43 98 96 58 90 91 72 3 0 2 43 44 69 80 66 70 6 0 19 40 13 59 3 23 34 40 34 61 54 91 91 100 100
0 0 0 0 53 59 30 0 0 3 60 57 71 56 30 82 82 96 80 53 70 93 66 41 3 0 0 0 32 14 73 76 74 100 58 0 0 0 4 12 80 59 75 100 100 56 61 96 95 38 0 2 6 0 0 0 2 90 80 94 28 0 35 82 100 78 85 97 100 100 48 0 13 98 98 100 99 86 55 20 40 50 73 37 67 16 84 69 95 85 69 46 70 65 41 66
0 0 0 3 43 66 32 0 0 0 27 60 27 1 6 44 81 100 98 100 100 99 86 69 23 0 0 0 0 69 100 100 62 78 24 16 11 0 0 84 100 93 100 100 100 100 37 75 100 25 1 2 0 2 0 1 49 93 97 83 5 0 17 88 98 92 100 100 99 52 67 0 0 69 89 100 95 100 98 89 98 92 99 97 62 66 90 75 66 69 56 53 86 98 98 89
23 8 26 91 76 100 21 0 0 0 0 0 0 2 0 0 35 100 100 100 100 100 89 31 1 0 3 0 0 5 56 56 100 66 98 82 39 4 8 95 100 100 60 55 100 100 69 67 100 87 90 98 68 16 0 3 77 100 65 80 22 0 39 92 87 64 100 99 47 81 12 0 0 2 2 87 100 100 73 73 55 58 56 58 65 60 68 77 94 98 99 100 86 97 70 1
49 60 63 75 90 100 57 0 0 37 15 48 41 82 34 0 53 100 100 100 100 98 47 2 0 6 16 1 0 0 0 18 89 85 100 65 4 0 31 6 41 38 9 88 100 100 57 93 100 100 100 79 26 0 0 4 68 90 77 99 11 0 49 99 51 80 100 100 97 84 2 0 4 68 68 98 100 100 78 99 100 100 97 100 98 81 96 92 68 91 97 61 32 76 36 11
19 86 90 75 67 13 9 0 3 39 41 64 100 100 98 26 94 100 100 100 84 62 2 0 0 9 67 44 16 28 8 13 85 76 100 36 1 0 0 0 1 0 35 95 95 100 81 85 100 100 100 98 94 33 0 2 59 74 88 68 2 2 70 99 53 100 100 100 100 49 2 1 10 84 100 100 100 100 64 68 78 98 79 100 100 92 89 57 76 62 15 0 0 0 0 0
92 82 99 29 0 0 0 0 29 23 28 67 86 56 99 98 100 100 76 100 99 99 69 19 54 2 17 48 65 86 56 32 100 70 100 52 3 0 0 0 0 0 0 9 34 100 92 89 100 100 100 99 61 19 0 27 93 100 57 74 1 56 95 63 61 100 100 94 34 0 0 0 70 97 100 100 100 59 5 73 97 100 100 96 38 61 57 0 0 0 0 0 0 0 0 0
77 89 66 22 0 0 0 0 30 58 44 83 97 78 99 100 100 100 96 39 96 100 84 42 94 13 19 10 41 79 100 56 95 72 88 20 5 32 5 30 24 1 0 48 76 89 82 79 74 100 100 76 2 0 0 57 100 97 62 86 35 98 79 60 71 99 94 82 0 0 0 3 42 74 43 90 100 47 4 80 99 94 100 46 0 4 7 0 0 0 26 31 0 0 0 0
85 56 35 4 0 0 0 6 48 85 82 100 100 100 93 74 90 100 100 69 51 82 100 84 90 89 92 21 0 10 49 100 71 71 41 0 51 98 8 89 58 0 71 100 100 100 100 55 42 100 100 94 19 0 34 75 100 93 100 83 62 88 74 94 99 70 51 53 0 0 0 8 43 66 55 72 88 30 1 57 98 21 55 22 0 0 0 0 0 18 94 15 0 0 0 0
96 57 4 0 0 1 4 56 97 35 85 100 100 100 36 15 26 47 100 100 100 95 74 98 100 100 37 33 24 4 5 73 98 57 32 1 34 92 38 96 23 0 31 60 100 99 100 65 59 76 100 100 86 6 38 100 100 100 100 76 56 90 66 100 81 16 0 2 0 0 9 19 64 85 82 100 100 73 28 65 80 31 37 7 11 0 34 53 41 72 97 7 0 0 0 0
89 20 0 0 3 44 93 99 60 98 38 21 57 41 10 0 1 70 100 100 100 100 100 70 100 100 58 82 99 15 0 15 100 97 90 3 54 100 100 52 6 7 2 55 97 76 100 100 62 58 100 100 97 33 38 100 96 100 93 87 89 75 70 100 95 78 36 0 0 20 66 99 65 79 100 71 99 100 24 1 52 72 39 45 49 0 11 48 74 100 86 6 0 0 11 1
100 96 0 0 32 96 68 41 80 46 0 0 0 0 0 0 10 48 79 90 93 100 100 99 74 82 77 81 100 84 32 0 53 100 100 77 63 100 83 88 92 16 0 10 72 100 100 100 100 36 78 100 100 81 53 100 99 91 40 84 93 49 100 100 100 99 83 10 0 51 86 7 83 55 88 46 94 100 59 2 0 79 74 61 44 0 51 77 63 73 52 0 0 19 60 24
95 71 1 0 14 28 48 1 1 4 6 0 0 0 0 0 27 82 33 2 16 42 93 100 100 58 68 21 100 100 96 51 0 62 98 100 98 93 100 87 48 42 27 0 2 82 99 94 98 97 70 77 99 100 100 100 100 75 95 100 93 47 100 87 38 33 99 41 0 40 11 33 61 10 20 90 100 100 100 38 0 32 64 72 68 38 73 42 8 0 0 0 0 35 77 78
72 70 0 0 0 0 0 0 0 0 17 52 52 70 47 35 60 89 80 45 13 55 99 100 100 98 79 81 99 94 77 54 0 7 24 72 72 99 100 86 6 2 3 0 0 12 42 38 92 100 97 40 68 100 100 100 100 100 100 100 93 41 89 100 95 13 29 88 30 0 3 0 2 1 0 0 35 73 100 98 58 20 0 52 80 41 98 53 74 34 0 0 0 0 38 44
88 100 46 32 67 4 0 0 0 0 8 52 100 74 98 98 99 94 72 93 93 96 89 57 88 100 100 64 100 96 97 98 15 0 0 20 34 96 100 64 13 0 0 0 0 0 1 20 98 99 100 65 53 99 100 96 54 44 32 86 100 100 100 100 98 14 1 21 5 0 0 2 9 0 0 0 0 13 75 86 93 -9 3 16 44 34 99 56 37 1 0 0 0 0 0 2
100 61 0 49 86 1 0 0 0 0 0 21 83 94 64 82 99 98 100 100 100 100 31 2 82 100 100 76 62 99 100 88 46 23 24 97 100 87 92 97 52 16 39 7 0 0 5 36 100 100 100 94 52 75 67 84 98 100 94 99 100 100 100 98 61 11 0 0 0 0 51 80 66 37 4 51 9 10 84 100 37 -9 -9 14 70 66 71 98 58 12 0 0 0 0 0 0
99 87 2 65 86 37 37 44 0 0 1 16 0 12 6 18 93 95 99 100 100 100 48 26 79 95 100 100 100 89 100 94 83 20 0 15 78 99 63 100 79 62 95 37 9 2 34 91 100 100 100 100 80 100 100 100 100 100 100 100 100 100 100 45 4 0 0 0 0 1 33 18 70 17 19 47 3 2 41 59 -9 -9 -9 -9 -9 63 85 75 49 20 19 31 0 0 0 11
31 73 71 94 83 87 61 14 8 17 88 100 72 81 74 52 94 99 97 100 95 32 56 97 100 100 100 100 100 98 99 100 100 30 25 31 52 94 67 100 88 60 42 28 67 47 95 100 75 100 100 83 72 100 100 100 100 100 100 100 100 100 100 85 8 0 0 3 28 0 0 14 81 19 44 59 73 78 100 100 -9 -9 -9 -9 -9 -9 100 100 100 93 53 18 0 0 0 40
