data/habitatmaps/RS_maps/habitat_Fringilla.coelebs_2003.asc
NCOLS 369 
NROWS 228 
XLLCORNER 479000 
YLLCORNER 73000 
CELLSIZE 1000 
NODATA_value -9 
[rows 122 to 182 of 228, columns 96 to 191 of 369]
81 0 11 16 1 22 41 60 16 22 16 20 36 3 34 4 0 43 83 82 88 48 61 71 91 86 77 98 85 67 35 11 16 30 3 22 48 24 2 61 100 76 60 32 62 79 89 44 82 88 43 24 38 16 0 72 100 79 75 75 94 65 73 74 4 12 79 100 96 72 75 73 100 74 73 94 99 88 45 99 63 36 57 50 53 9 0 0 0 0 0 0 6 0 0 0
38 9 34 40 40 39 14 27 48 30 25 54 22 3 20 38 56 91 73 72 70 53 74 74 50 55 82 100 90 53 54 17 0 0 10 42 19 6 69 83 99 94 23 42 66 57 72 62 81 35 42 15 27 0 28 94 97 88 80 35 91 27 10 7 40 84 72 15 6 2 25 53 46 32 25 17 24 42 58 59 87 68 40 2 42 90 15 0 0 0 0 0 0 0 9 24
50 49 16 31 22 20 0 24 32 49 27 8 10 46 33 61 99 58 61 12 3 26 86 93 60 62 80 100 100 99 31 48 0 0 0 34 59 46 87 82 38 89 74 54 42 3 5 13 32 31 3 43 53 15 55 65 86 41 35 72 57 13 0 33 89 53 4 0 0 0 1 2 25 32 67 65 45 52 39 4 26 95 98 41 66 73 15 0 12 31 12 1 5 69 70 46
53 17 15 40 4 6 39 47 38 45 72 13 23 43 35 58 38 10 28 13 0 5 34 30 95 57 57 84 90 98 16 2 0 0 0 6 60 30 68 61 0 21 94 79 44 18 42 23 20 31 47 56 78 12 80 78 18 50 21 53 49 17 34 91 39 1 0 0 11 60 84 65 68 62 66 73 74 83 80 83 36 50 99 90 31 86 22 5 70 83 62 92 92 70 72 53
39 13 29 33 53 52 99 80 47 41 67 90 97 34 32 47 48 52 49 34 44 34 34 28 27 32 19 55 40 57 56 49 22 0 0 11 24 73 54 42 0 0 14 65 70 73 47 26 57 51 59 78 20 84 88 41 11 70 79 64 40 66 97 10 0 0 2 36 82 75 61 38 55 64 0 11 34 16 56 88 72 53 58 68 95 60 83 76 89 88 95 70 86 60 9 0
21 1 71 11 67 100 100 84 55 57 72 89 89 97 88 44 73 74 74 90 88 40 28 14 22 11 25 41 22 41 37 92 92 43 1 0 19 68 66 68 47 0 0 5 1 28 64 70 100 100 77 38 73 73 57 88 87 98 89 83 100 91 29 0 0 10 59 80 59 91 72 35 27 29 0 0 0 0 0 27 69 88 84 51 50 56 57 74 95 76 63 39 45 47 0 0
0 0 14 42 74 83 83 53 38 88 46 41 28 61 41 47 38 56 49 62 20 18 31 0 0 0 0 0 2 0 1 12 23 90 91 47 57 38 0 43 46 4 0 0 0 0 0 49 100 100 66 65 83 46 53 100 100 87 92 67 50 12 0 15 35 84 90 63 82 97 43 0 0 0 0 0 0 0 0 21 66 85 82 68 73 21 84 60 29 14 0 0 0 21 12 0
22 42 57 71 92 18 63 76 53 96 74 52 19 42 23 98 31 42 33 46 18 17 2 0 0 14 6 20 59 45 26 1 1 29 51 91 98 35 15 50 48 37 11 0 3 0 0 4 83 52 43 70 95 61 94 85 100 100 70 19 0 0 16 81 96 84 36 0 0 84 37 0 0 0 0 0 0 0 6 99 68 45 2 0 48 56 93 47 0 0 0 0 0 0 0 0
26 26 45 59 95 16 46 49 41 58 89 61 40 64 46 49 67 74 46 41 24 29 3 0 37 65 26 11 70 41 0 0 0 0 7 8 50 56 24 63 89 63 82 82 3 12 0 0 38 77 70 49 47 83 51 73 68 99 40 67 48 57 94 94 20 16 0 0 0 17 0 0 0 0 0 0 2 21 49 56 77 6 0 0 69 99 100 95 34 1 0 0 0 0 0 0
11 21 72 96 92 21 38 49 88 95 99 17 47 49 49 49 30 40 11 2 0 0 0 0 14 88 100 69 70 16 12 26 26 18 14 15 22 77 89 85 36 23 52 87 57 15 0 0 0 0 0 0 0 11 1 13 89 87 13 40 97 100 95 27 0 0 0 0 0 0 0 0 0 0 0 0 46 76 45 24 21 0 0 18 32 16 70 65 68 50 11 0 0 0 0 0
26 36 60 60 47 64 42 74 88 82 23 35 43 29 55 56 28 37 57 35 3 6 38 60 66 38 65 56 42 31 36 24 16 24 34 68 67 77 74 82 33 0 28 71 61 39 12 11 0 0 0 0 15 4 22 71 86 48 74 95 82 60 12 0 0 0 0 0 0 0 0 0 0 0 0 7 39 13 1 0 0 0 0 48 26 0 3 39 65 86 51 12 0 0 0 0
17 46 66 86 36 44 27 41 44 65 22 55 12 59 86 1 0 2 1 1 58 79 69 66 23 1 0 22 15 4 10 2 17 48 19 55 29 53 69 58 92 65 30 6 66 16 68 44 48 31 38 55 69 73 96 100 89 59 88 58 4 0 6 17 0 0 0 4 0 0 0 0 0 0 28 0 0 0 0 0 0 0 3 62 16 0 0 1 38 20 21 47 0 0 0 0
46 52 78 83 28 56 41 24 73 38 13 51 88 49 8 0 0 0 0 1 51 51 38 6 7 28 42 39 30 31 44 23 35 31 28 32 13 45 98 92 51 61 87 38 50 22 12 33 84 98 44 61 79 97 82 100 100 92 83 100 62 33 59 41 22 17 12 33 36 15 12 10 0 43 21 0 0 0 0 0 0 0 0 14 0 0 0 0 0 24 60 9 0 0 0 0
68 60 60 36 17 32 78 49 55 18 5 31 13 14 0 0 0 0 0 18 28 24 9 30 26 20 55 62 68 73 44 78 62 53 51 17 25 43 58 50 7 2 81 50 14 44 55 52 80 89 77 98 23 38 65 73 86 100 79 93 100 98 97 86 83 85 89 53 64 42 69 52 0 68 0 0 0 0 0 0 0 0 0 0 0 0 0 0 0 0 11 10 0 0 0 0
84 62 52 18 28 50 18 32 53 0 4 1 0 0 0 0 0 18 5 16 21 36 51 32 25 55 52 92 63 29 42 58 34 76 53 20 4 44 6 0 5 4 34 69 23 17 8 82 57 70 70 29 0 28 29 57 7 40 96 93 58 69 77 68 65 30 55 74 33 70 84 44 13 38 0 0 0 0 0 0 0 0 0 0 0 0 0 0 0 0 0 0 0 0 0 0
87 73 73 75 25 37 40 25 10 0 0 0 0 8 13 0 0 72 45 22 37 76 79 55 25 46 15 13 18 16 6 47 74 77 47 16 13 11 0 0 25 39 65 55 37 20 88 98 94 73 75 0 1 81 40 0 0 0 46 60 100 94 21 47 54 64 62 42 17 70 70 77 59 46 0 0 0 0 0 0 0 0 0 0 0 0 0 0 0 0 3 9 0 0 0 0
37 21 35 75 55 73 54 48 0 0 2 37 38 65 53 19 28 31 29 18 73 59 27 28 20 27 1 2 14 17 34 49 39 36 5 22 43 0 0 5 16 84 48 46 27 32 87 35 51 37 31 0 0 5 6 0 0 7 97 93 91 75 39 0 2 71 72 26 23 6 37 88 19 0 0 0 0 0 0 0 0 0 0 0 0 0 0 0 0 0 3 45 0 0 0 0
44 15 69 74 83 58 56 53 33 47 38 47 48 18 59 59 26 53 11 32 80 44 43 42 0 0 18 44 52 33 50 2 12 56 24 8 13 0 7 39 94 72 49 23 35 46 60 48 3 0 0 0 0 0 0 0 2 46 85 100 74 100 94 8 1 90 100 97 62 88 89 52 0 0 0 0 0 0 0 0 0 0 0 0 0 0 0 0 0 0 0 0 0 0 0 0
66 66 70 59 58 68 53 74 47 11 32 69 79 53 77 41 30 5 35 24 30 24 59 22 0 0 22 1 29 34 66 16 4 17 27 15 0 0 54 69 46 48 7 50 84 59 20 51 1 0 0 0 0 0 0 0 0 0 26 93 96 63 38 11 0 59 86 66 38 27 8 0 0 0 0 0 0 0 0 0 0 0 0 0 0 0 0 0 0 0 0 0 0 0 0 0
55 24 58 67 39 54 81 16 46 83 59 59 46 37 72 67 3 13 52 51 46 67 40 0 0 0 1 2 15 55 69 8 22 22 14 0 0 0 40 46 86 58 57 19 61 18 37 79 30 6 0 0 0 0 0 0 0 0 5 47 77 69 50 0 0 7 2 0 0 0 0 0 0 0 0 0 0 0 0 0 0 0 0 0 0 0 0 0 0 0 0 0 0 0 0 0
54 37 50 39 35 77 22 1 13 76 66 55 39 17 48 51 7 31 33 26 49 89 59 37 0 0 15 40 6 51 18 0 10 37 8 0 0 16 42 59 70 58 19 6 51 56 35 83 78 71 27 20 4 0 0 0 0 0 2 73 21 92 35 0 0 0 0 0 0 0 0 0 0 0 0 0 0 0 0 0 0 0 0 0 0 0 0 0 0 0 0 0 0 0 0 0
83 24 40 19 30 94 49 0 0 5 30 25 59 49 51 24 40 17 22 24 47 72 57 4 0 0 4 27 0 22 19 0 0 8 6 0 0 53 55 48 27 51 44 25 24 18 62 78 27 70 52 27 0 0 0 0 0 0 3 51 23 77 62 67 10 0 0 0 0 0 0 0 0 0 0 0 0 0 0 0 0 0 0 0 0 0 0 0 0 0 0 0 0 0 0 0
17 38 25 1 3 79 66 17 25 30 2 19 54 81 31 44 24 34 82 59 0 0 0 0 0 3 33 2 34 62 9 0 0 0 0 0 32 35 52 17 37 16 42 19 0 5 72 60 37 35 0 0 0 0 0 0 0 0 1 53 67 34 0 6 0 0 0 0 0 0 0 0 0 0 0 0 0 0 0 0 0 0 0 0 0 0 0 0 0 0 0 0 0 0 0 0
53 1 40 51 3 0 7 27 16 40 1 10 68 90 15 1 24 5 49 67 32 0 0 0 1 0 20 94 69 51 56 13 0 0 0 0 0 31 69 18 19 77 0 7 15 0 0 28 75 64 42 0 0 0 0 0 0 0 37 26 28 0 0 0 0 0 0 0 0 0 0 0 0 0 0 0 0 0 0 0 0 0 0 0 0 0 0 0 0 0 0 0 0 0 39 12
29 3 25 0 0 28 16 55 12 0 30 67 66 59 21 32 27 37 45 44 34 6 5 84 44 0 0 5 20 20 39 20 0 0 0 0 34 74 12 0 7 56 6 50 33 0 0 0 2 22 46 16 0 0 0 0 0 5 42 79 68 49 0 0 0 0 0 0 0 0 0 0 0 0 0 0 0 0 0 0 0 0 0 0 0 0 0 0 0 0 0 0 0 1 56 99
38 37 0 0 0 7 14 13 0 20 67 58 9 48 2 26 23 55 17 3 54 41 0 26 22 0 4 0 0 0 14 5 0 0 1 5 35 48 30 4 0 16 59 39 42 12 0 0 0 0 0 0 0 0 0 0 10 46 58 44 83 55 0 0 0 0 0 0 0 0 0 0 0 0 0 0 0 0 0 0 0 0 0 0 0 0 0 0 0 0 0 0 3 27 75 75
69 3 0 0 0 0 13 1 7 61 97 68 24 65 29 5 39 37 20 23 86 5 0 0 3 57 42 16 8 0 0 0 0 0 26 37 36 50 63 48 2 12 73 26 37 10 0 0 0 0 0 0 0 0 0 0 0 0 0 1 50 57 0 0 0 0 0 0 0 0 0 0 0 0 0 0 0 0 0 0 0 0 0 0 0 0 0 0 0 0 2 16 33 15 29 97
59 0 0 22 31 45 16 28 71 51 80 42 30 65 34 19 45 23 81 20 63 8 2 0 19 59 35 5 10 15 0 0 0 11 41 75 60 20 29 6 0 0 42 19 84 0 0 0 0 0 0 0 0 0 0 0 0 0 0 47 30 9 0 0 0 0 0 0 0 0 0 0 0 0 0 0 0 0 0 0 0 0 0 0 0 0 0 0 1 1 53 78 11 55 93 29
13 1 0 28 24 36 1 71 37 21 76 68 40 20 5 0 62 4 7 0 38 58 25 50 69 58 0 0 0 0 0 0 0 18 43 57 20 17 11 0 0 0 29 58 40 34 24 0 0 0 0 0 0 0 0 0 0 0 0 6 0 0 0 0 0 0 0 0 0 0 0 0 0 0 0 0 0 0 0 0 0 0 0 0 0 0 0 1 9 92 45 26 60 46 17 0
0 0 4 49 84 45 47 63 25 76 64 64 65 60 15 2 3 2 1 0 42 51 49 24 49 50 57 4 0 0 0 0 11 14 83 48 22 57 2 0 0 1 68 70 50 97 35 0 0 0 0 0 0 0 0 0 0 0 0 0 0 0 0 0 0 0 0 0 0 0 0 0 0 0 0 0 0 0 0 0 0 0 0 0 0 0 0 56 63 32 12 79 98 46 45 0
0 30 18 27 92 49 13 61 31 42 36 63 41 2 29 6 37 55 68 16 53 80 32 65 29 36 52 19 0 0 1 39 60 83 82 23 26 35 0 0 0 3 63 89 90 3 0 0 0 0 0 0 0 0 0 0 0 0 0 0 0 0 0 0 0 0 0 0 0 0 0 0 0 0 0 0 0 0 0 0 0 0 0 0 0 5 26 75 40 39 90 82 34 0 0 0
71 33 45 16 55 5 14 57 64 37 73 63 22 9 59 46 19 40 32 30 8 28 42 69 8 45 48 2 0 0 0 60 46 50 2 33 55 22 0 0 0 11 38 84 35 0 0 0 0 0 0 0 0 0 0 0 0 0 0 0 0 0 0 0 0 0 0 0 0 0 0 0 0 0 0 0 0 0 0 0 0 0 0 0 1 54 41 0 37 85 87 6 0 0 0 0
37 54 70 43 43 89 76 68 60 97 77 82 45 95 62 49 39 28 23 25 0 0 0 64 18 11 35 53 3 0 0 33 34 64 36 60 5 0 0 0 2 47 68 35 0 0 0 0 0 0 0 0 0 0 0 0 0 0 0 0 0 0 0 0 0 0 0 0 0 0 0 0 0 0 0 0 0 0 0 0 0 0 0 0 58 64 38 49 78 41 15 0 0 0 0 0
4 41 30 21 90 90 44 11 52 41 40 39 54 59 34 9 20 0 0 0 0 0 17 73 46 74 53 72 27 0 2 56 52 12 28 41 0 0 0 0 0 57 82 22 0 0 24 0 0 0 0 0 0 0 0 0 0 0 0 0 0 0 0 0 0 0 0 0 0 0 0 0 0 0 0 0 0 0 0 0 0 0 5 61 34 4 52 100 76 2 0 0 0 0 0 0
67 29 45 61 90 55 0 0 44 47 31 37 29 23 31 74 20 0 0 0 0 0 41 76 89 35 21 20 9 0 0 5 21 2 42 3 0 0 0 0 0 72 30 61 62 48 70 34 0 0 0 0 0 0 0 0 0 0 0 0 0 0 0 0 0 0 0 0 0 0 0 0 0 0 0 0 0 0 9 0 0 0 54 38 7 69 92 50 35 8 0 0 0 0 0 0
78 48 39 17 54 18 0 6 45 59 46 48 20 74 77 76 21 4 0 0 0 2 39 85 36 16 37 35 14 0 0 0 0 0 0 0 0 0 0 5 12 7 0 0 4 51 42 16 0 0 0 0 0 0 0 0 7 36 5 0 0 0 0 0 0 0 0 0 0 0 0 0 0 0 0 0 0 3 39 5 30 62 44 25 81 93 38 0 0 0 0 0 0 0 0 0
61 39 46 24 8 0 0 28 55 55 28 71 50 72 77 35 60 30 6 2 0 3 3 30 47 57 28 52 42 25 0 0 0 0 0 0 0 0 0 10 12 0 0 0 0 1 1 0 0 0 0 0 0 16 23 40 47 17 2 0 0 0 0 0 0 0 0 0 0 0 0 0 0 0 0 0 0 38 72 22 80 84 41 84 98 45 0 0 0 0 0 0 0 0 0 0
87 80 30 65 47 62 1 0 1 29 20 90 35 49 82 22 7 34 28 8 0 0 10 47 39 56 68 60 97 61 2 0 0 0 0 0 0 0 0 0 0 0 0 0 0 0 0 0 0 0 0 0 27 75 23 22 5 0 0 0 0 0 0 0 0 0 0 0 0 0 0 0 0 0 0 0 2 86 86 63 97 40 79 71 32 0 0 0 0 0 0 0 0 0 0 0
22 62 65 54 47 38 22 0 2 20 26 47 22 42 62 27 22 18 38 14 0 1 49 70 49 53 23 39 73 66 0 0 0 0 0 0 0 0 0 0 0 0 0 0 0 0 0 0 0 0 29 33 35 64 87 61 3 0 0 0 0 0 0 0 0 0 0 0 0 0 0 0 0 0 0 0 27 86 63 67 47 90 48 3 0 0 0 0 0 0 0 0 0 0 0 0
37 14 47 67 23 55 50 1 40 32 63 52 21 26 30 18 15 23 10 10 0 8 46 22 36 59 9 8 8 2 0 0 0 0 0 0 0 0 0 0 0 0 0 0 0 0 0 0 14 8 65 54 53 48 40 0 0 0 0 0 0 0 0 0 0 0 0 0 0 0 0 0 0 0 0 46 84 90 85 56 87 82 11 0 0 0 0 0 0 0 0 0 0 0 0 0
57 31 60 47 0 47 18 23 91 20 90 54 2 24 42 30 36 36 4 0 0 0 0 0 0 0 0 0 0 0 0 0 0 0 0 0 0 0 0 0 0 0 8 0 0 0 0 0 46 30 51 78 60 13 0 0 0 0 0 0 0 0 0 0 0 0 0 0 0 0 5 56 27 0 3 59 78 15 43 84 72 71 34 0 0 0 0 0 0 0 0 0 0 0 0 0
33 3 0 0 0 24 0 46 80 11 45 58 14 44 16 16 24 14 0 0 0 0 0 0 0 0 0 0 0 0 0 0 0 0 0 0 0 0 5 58 22 53 16 0 0 0 0 4 51 58 81 35 0 0 0 0 0 0 0 0 0 0 0 0 0 0 0 0 0 49 80 16 21 46 74 54 53 68 62 49 85 37 0 0 0 0 0 0 0 0 0 0 0 0 0 0
0 0 0 0 0 0 0 32 7 42 54 1 26 26 6 9 12 0 0 0 0 0 0 0 0 0 0 0 0 0 0 0 0 0 0 0 0 0 1 75 75 22 0 0 0 0 0 0 52 100 57 0 0 0 0 0 0 0 0 0 0 0 0 0 0 0 0 8 53 66 23 62 81 33 63 24 59 75 76 99 91 49 45 29 20 46 59 32 9 0 0 0 0 0 0 0
18 5 0 3 0 0 0 0 7 44 55 65 66 23 0 0 0 0 0 0 0 0 0 0 0 0 0 0 0 0 0 0 0 0 0 0 0 0 0 91 64 0 0 0 0 0 0 5 41 81 20 0 0 0 0 0 0 0 0 0 0 0 0 0 0 9 45 43 50 37 51 68 46 27 46 78 94 78 51 64 93 92 65 65 65 78 0 0 0 0 0 0 0 0 0 0
50 5 8 52 28 0 5 12 77 47 52 28 26 2 0 0 0 0 0 0 0 0 0 0 0 0 0 0 0 0 0 0 0 0 0 0 8 5 27 92 17 1 0 0 0 0 0 17 64 62 28 0 0 0 0 0 0 0 0 0 0 0 0 0 0 1 36 69 94 97 12 31 20 30 42 71 55 29 0 34 98 70 97 71 83 25 0 0 0 0 4 1 0 0 0 0
54 51 53 71 86 65 44 62 87 75 0 0 0 0 0 0 0 0 0 0 0 0 0 0 0 7 0 0 0 0 0 0 24 4 0 0 6 40 67 61 73 2 0 0 0 0 0 50 81 77 46 0 0 0 0 26 0 0 0 15 0 0 0 0 0 0 52 62 90 36 0 85 87 72 96 2 0 0 0 0 40 98 71 0 0 0 0 0 0 0 21 35 0 0 0 0
96 69 72 60 94 57 24 17 4 2 0 0 0 0 0 0 0 0 0 0 0 0 0 12 82 68 14 31 0 2 7 9 57 77 33 1 9 80 57 39 82 12 0 5 0 0 38 95 80 97 40 6 55 15 0 58 0 0 47 46 9 0 0 0 0 0 5 31 8 0 41 66 72 88 45 0 0 0 10 49 76 77 52 0 0 0 0 0 0 0 16 34 0 0 0 0
70 72 95 94 31 2 0 0 0 0 0 0 0 0 0 0 0 0 0 0 0 0 8 54 96 100 86 18 2 33 79 53 68 92 100 50 6 66 78 20 96 77 50 50 80 42 60 82 73 79 92 53 83 3 87 87 44 6 45 51 11 12 0 0 7 36 1 0 25 35 69 76 97 29 0 0 0 0 13 3 11 7 2 0 0 0 0 0 0 2 33 0 0 0 0 31
56 84 98 95 41 0 0 0 0 0 0 0 0 0 0 0 0 0 0 0 0 0 0 66 80 100 67 13 70 99 90 80 98 57 45 52 84 99 100 67 100 99 62 50 64 48 66 52 56 22 35 41 55 70 53 62 90 84 62 94 96 62 50 19 82 43 21 65 77 43 68 91 31 2 0 0 0 0 0 0 0 0 0 0 0 0 0 0 26 56 33 0 0 0 0 11
49 36 13 3 0 0 0 0 0 0 0 0 0 0 0 0 0 2 0 0 0 0 56 90 96 100 81 74 100 83 47 62 80 73 23 18 68 70 47 83 57 70 53 39 27 59 12 35 73 8 16 31 23 16 37 40 35 37 69 76 78 28 33 26 27 40 80 70 14 45 88 74 0 0 0 0 0 0 0 0 0 0 0 0 0 0 31 29 54 26 0 0 3 0 0 58
45 16 0 0 0 0 0 0 0 0 0 0 0 0 35 2 2 5 0 10 7 20 66 73 100 97 85 80 93 95 89 51 46 13 39 32 31 64 80 73 45 12 5 1 9 0 30 49 57 72 66 43 78 0 0 0 9 64 18 52 77 15 16 31 16 80 100 86 28 58 100 94 4 0 0 0 0 0 0 0 0 0 0 0 0 29 38 23 57 41 2 46 32 0 14 73
0 3 0 0 0 0 0 0 5 0 0 0 0 2 97 57 58 1 0 33 69 88 66 72 59 64 65 96 72 95 15 43 57 29 43 81 57 50 100 79 19 19 1 0 32 31 77 98 100 82 55 58 87 72 54 47 40 36 45 8 48 59 40 36 76 100 100 89 66 94 88 32 55 16 0 0 0 0 0 0 0 0 0 0 0 0 0 17 70 38 15 67 10 22 79 33
24 59 19 0 0 0 0 5 59 51 3 0 0 0 71 83 85 4 43 42 88 46 64 73 28 77 45 29 30 56 34 90 43 56 100 100 100 64 67 96 90 70 63 53 71 74 63 97 100 29 7 60 96 53 73 95 100 100 100 76 94 100 100 52 76 100 84 86 80 31 57 77 75 41 6 0 0 0 0 0 2 0 0 0 0 2 15 65 92 24 23 56 0 37 100 40
80 66 27 1 0 0 10 26 14 49 36 0 0 0 13 48 62 90 66 97 95 82 31 97 100 77 47 45 21 28 68 65 41 48 86 100 100 84 25 95 100 92 88 41 62 82 83 36 75 78 34 59 56 65 40 75 71 68 81 82 100 100 100 96 95 77 2 3 65 93 100 73 59 14 14 0 0 0 0 60 42 23 0 0 0 0 3 81 94 59 66 25 40 88 82 80
23 0 0 0 0 0 0 10 68 81 37 0 0 8 84 92 75 100 99 76 44 28 53 37 100 89 60 2 0 2 8 31 70 83 100 92 68 42 35 100 100 42 83 100 100 79 100 55 0 1 79 81 93 97 81 85 100 98 42 68 39 79 96 38 94 97 30 0 0 75 98 99 68 2 0 0 0 0 17 58 57 26 0 0 0 0 0 0 8 59 80 85 48 76 77 43
36 22 0 0 0 0 0 9 6 59 72 15 3 54 30 65 74 33 40 45 42 53 2 25 52 39 15 47 18 50 52 80 100 96 60 48 39 47 6 17 44 2 20 24 58 100 100 57 0 0 10 90 83 97 96 76 100 99 75 64 39 64 100 44 54 96 4 0 0 19 5 83 33 0 0 0 0 0 0 77 34 3 27 27 0 0 0 0 0 0 65 92 71 46 56 90
71 13 0 0 0 0 0 0 2 78 100 48 43 32 19 44 84 47 86 30 65 10 1 69 41 5 39 86 56 75 90 97 79 61 86 64 84 51 0 0 0 0 0 0 4 95 100 29 0 0 12 57 5 3 28 40 72 96 88 91 16 39 68 22 48 80 4 0 0 0 3 67 2 0 0 0 0 0 0 5 24 44 56 92 90 49 0 0 0 4 25 92 90 28 63 84
14 0 0 0 0 0 0 0 0 71 100 96 86 92 33 47 40 47 42 43 11 0 0 16 41 70 84 100 100 100 72 78 100 100 98 100 52 61 26 0 0 0 0 0 0 62 97 23 0 0 0 0 0 0 0 50 31 26 52 100 61 52 90 15 0 59 0 0 0 0 0 13 6 0 0 0 0 0 0 0 0 62 96 71 36 95 56 38 1 44 76 42 70 60 77 82
0 0 0 0 0 0 0 0 0 17 93 100 57 28 28 9 21 34 70 40 46 11 64 62 72 39 99 100 85 83 100 96 90 74 77 100 94 97 14 0 0 0 0 0 0 14 74 6 0 0 0 0 0 0 0 43 24 17 52 82 80 100 94 18 0 50 3 0 0 0 0 0 0 0 0 0 0 0 0 0 7 44 13 68 76 80 82 94 77 44 92 64 57 35 72 100
0 0 0 0 0 9 22 0 0 32 92 80 0 8 33 29 25 27 23 2 19 23 70 66 70 84 84 81 98 100 100 92 12 54 100 100 100 98 25 6 0 0 0 0 0 33 83 6 0 0 0 0 0 0 29 20 1 38 59 20 78 85 39 0 0 34 0 0 0 0 0 0 0 0 0 0 0 0 0 0 0 1 20 15 72 61 64 62 100 84 100 60 17 28 78 100
0 0 0 2 13 81 87 55 39 91 56 36 70 68 65 39 36 48 69 69 68 49 75 77 55 83 96 80 41 66 68 72 0 41 71 93 100 80 60 35 0 0 0 0 0 56 72 1 0 0 0 0 4 28 54 5 64 81 98 75 81 82 1 0 0 0 0 0 0 0 0 0 15 9 0 0 10 71 30 7 5 64 82 73 57 53 97 78 85 78 100 100 90 45 100 95
