data/habitatmaps/RS_maps/habitat_Regulus.regulus_2008.asc
NCOLS 369 
NROWS 228 
XLLCORNER 479000 
YLLCORNER 73000 
CELLSIZE 1000 
NODATA_value -9 
[rows 126 to 188 of 228, columns 96 to 191 of 369]
38 1 18 32 53 52 99 80 54 38 53 90 97 14 23 47 48 52 49 34 44 34 34 28 20 32 15 43 40 57 56 49 22 0 0 0 9 72 36 0 0 0 0 37 18 35 11 18 58 59 57 56 13 59 77 41 11 50 79 65 38 35 44 0 0 0 2 36 82 70 58 34 55 64 0 10 34 16 56 83 72 29 12 61 65 60 83 76 89 88 88 71 87 60 9 0
21 1 71 11 67 100 100 84 55 57 72 86 82 91 85 44 73 74 73 90 88 40 28 14 24 11 17 27 22 41 37 92 92 43 1 0 19 68 62 9 0 0 0 0 0 1 37 61 97 98 76 30 58 67 57 82 86 98 89 82 63 6 0 0 0 10 59 80 53 69 65 23 27 29 0 0 0 0 0 19 66 83 50 48 50 55 56 74 95 76 63 44 47 48 0 0
0 0 0 42 74 88 86 53 36 87 45 41 28 55 41 47 38 56 49 57 20 19 36 0 0 0 0 0 2 0 1 12 23 90 91 47 57 37 0 43 19 0 0 0 0 0 0 19 90 100 60 61 63 45 53 77 100 77 55 35 0 0 0 15 35 85 90 63 86 98 43 0 0 0 0 0 0 0 0 18 66 71 70 68 72 21 84 70 30 14 0 0 0 21 11 0
1 7 43 71 93 21 63 76 53 96 67 44 13 30 23 98 31 42 40 43 18 11 2 0 0 9 4 20 59 46 27 1 1 32 51 91 95 20 0 40 48 33 0 0 0 0 0 0 76 57 36 46 86 61 94 81 100 48 7 0 0 0 16 81 96 84 36 0 0 81 37 0 0 0 0 0 0 0 5 88 68 45 2 0 39 55 93 54 0 0 0 0 0 0 0 0
7 15 45 59 95 15 47 50 41 57 73 59 28 56 45 37 67 74 48 38 16 19 2 0 25 49 24 14 58 38 0 0 0 0 0 9 25 23 18 52 57 41 9 7 0 0 0 0 38 77 70 45 46 68 49 1 6 0 0 0 29 56 94 94 20 16 0 0 0 15 0 0 0 0 0 0 2 21 48 56 78 6 0 0 69 88 83 92 33 1 0 0 0 0 0 0
11 21 72 96 92 15 37 49 88 94 84 17 47 35 25 37 30 42 11 2 0 0 0 0 11 82 100 66 60 11 2 1 0 0 0 10 22 73 84 67 0 22 14 14 8 0 0 0 0 0 0 0 0 0 0 3 56 21 0 40 97 100 93 26 0 0 0 0 0 0 0 0 0 0 0 0 36 76 45 24 20 0 0 18 39 7 68 62 68 50 11 0 0 0 0 0
26 36 58 23 30 64 42 74 88 82 26 36 40 2 52 54 28 37 57 35 3 4 26 48 52 40 65 54 33 23 36 16 11 15 28 64 63 72 67 60 5 0 28 28 27 39 0 0 0 0 0 0 12 0 21 68 62 0 62 95 82 57 12 0 0 0 0 0 0 0 0 0 0 0 0 5 26 13 1 0 0 0 1 62 26 0 4 55 60 86 51 12 0 0 0 0
17 46 66 75 22 44 27 41 41 65 19 56 12 55 67 1 0 2 1 1 58 64 59 65 22 1 0 22 15 3 9 1 15 5 19 5 26 53 75 57 92 65 30 2 50 5 41 27 22 21 0 42 63 59 96 89 71 18 77 58 4 0 6 17 0 0 0 4 0 0 0 0 0 0 19 0 0 0 0 0 0 0 6 84 16 0 0 5 43 19 20 47 0 0 0 0
42 48 78 83 29 56 41 24 71 38 9 48 77 45 5 0 0 0 0 1 46 50 39 7 7 29 43 38 29 35 43 23 35 31 28 25 13 43 98 90 51 68 91 38 0 16 12 32 83 96 42 61 79 97 88 95 98 92 67 100 53 24 59 31 22 17 13 34 37 15 8 9 0 29 14 0 0 0 0 0 0 0 0 24 0 0 0 0 4 42 59 8 0 0 0 0
66 59 60 37 16 32 78 50 55 17 7 28 25 15 0 0 0 0 0 18 30 24 9 30 26 20 53 61 67 75 34 73 62 53 50 17 26 44 58 50 7 3 82 50 9 44 55 53 81 91 77 98 24 38 66 73 86 100 79 93 60 81 85 68 49 64 88 52 65 41 54 52 0 63 12 0 0 0 0 0 0 0 0 0 0 0 0 0 0 1 11 10 0 0 0 0
84 62 52 18 30 52 18 34 53 0 6 1 0 0 0 0 0 12 5 16 21 34 51 37 24 53 50 93 65 29 41 57 34 76 53 20 4 44 5 0 5 4 35 69 23 18 8 76 61 78 69 29 0 28 29 57 7 40 96 92 40 48 76 68 65 29 55 74 30 61 82 28 4 38 0 0 0 0 0 0 0 0 0 0 0 0 0 0 0 0 11 7 0 0 0 0
87 53 42 12 10 37 40 25 13 0 0 0 2 12 13 0 0 54 47 15 38 74 68 37 17 48 8 13 22 16 0 47 74 77 47 16 13 12 0 0 26 39 65 51 6 18 83 83 94 69 75 0 1 81 31 0 0 0 46 60 100 94 21 47 54 63 62 42 13 2 6 21 55 47 0 0 0 0 0 0 0 0 0 0 0 0 0 0 0 0 5 10 0 0 0 0
34 8 33 40 29 73 50 18 0 0 2 37 41 65 48 13 28 30 29 12 69 43 18 19 22 48 0 0 0 0 0 28 39 36 4 18 43 0 0 5 16 84 47 5 0 33 87 38 52 37 29 0 0 5 6 0 0 7 97 93 85 70 39 0 2 71 72 26 23 2 28 71 27 0 0 0 0 0 0 0 0 0 0 0 0 0 0 0 0 0 3 45 0 0 0 0
42 15 69 74 83 58 37 45 31 36 34 51 48 18 48 49 26 47 11 32 70 27 29 28 0 0 12 29 33 17 49 3 11 44 20 10 13 0 7 37 94 54 34 8 29 44 60 48 2 0 0 0 0 0 0 0 2 42 84 100 74 34 92 7 1 89 100 97 46 59 87 56 0 0 0 0 0 0 0 0 0 0 0 0 0 0 0 0 0 0 0 0 0 0 0 0
66 66 70 60 58 68 53 66 36 10 42 70 76 53 78 40 27 5 24 28 36 16 39 15 0 0 15 1 28 29 77 29 1 0 25 15 0 0 54 69 46 36 7 50 85 59 19 53 1 0 0 0 0 0 0 0 0 0 19 82 46 58 38 10 0 59 86 66 27 18 6 0 0 0 0 0 0 0 0 0 0 0 0 0 0 0 0 0 0 0 0 0 0 0 0 0
55 29 56 67 39 54 81 16 46 83 59 59 39 36 71 61 5 13 50 51 47 56 35 0 0 0 1 1 10 55 64 5 3 8 9 0 0 0 40 31 16 8 57 18 61 18 35 78 25 5 0 0 0 0 0 0 0 0 5 42 42 65 50 0 0 7 2 0 0 0 0 0 0 0 0 0 0 0 0 0 0 0 0 0 0 0 0 0 0 0 0 0 0 0 0 0
52 32 41 40 35 77 20 1 13 69 62 55 39 17 46 55 7 31 33 29 49 68 39 25 0 5 25 34 6 36 12 0 4 9 1 0 0 18 45 23 2 25 18 4 51 56 35 83 76 71 27 20 4 0 0 0 0 0 2 73 21 92 35 0 0 0 0 0 0 0 0 0 0 0 0 0 0 0 0 0 0 0 0 0 0 0 0 0 0 0 0 0 0 0 0 0
83 22 37 23 25 71 44 0 0 4 20 19 57 44 51 25 33 13 15 14 26 64 38 3 0 0 15 36 0 15 13 0 0 3 0 0 0 55 55 43 7 34 44 17 24 18 56 77 28 70 57 31 0 0 0 0 0 0 3 52 23 77 61 66 8 0 0 0 0 0 0 0 0 0 0 0 0 0 0 0 0 0 0 0 0 0 0 0 0 0 0 0 0 0 0 0
17 38 25 1 2 68 66 17 25 30 2 16 45 70 31 38 24 23 72 1 0 0 0 0 0 3 48 5 34 41 6 0 0 0 0 0 35 36 52 24 37 16 46 14 0 5 68 59 31 23 1 0 0 0 0 0 0 0 1 21 67 30 0 6 0 0 0 0 0 0 0 0 0 0 0 0 0 0 0 0 0 0 0 0 0 0 0 0 0 0 0 0 0 0 0 0
52 1 41 50 3 0 7 27 16 40 1 7 45 70 15 1 16 5 48 64 0 15 8 1 4 0 20 75 68 52 45 12 0 0 0 0 0 31 62 30 29 77 0 23 11 0 0 27 75 64 39 0 0 0 0 0 0 0 37 26 27 0 0 0 0 0 0 0 0 0 0 0 0 0 0 0 0 0 0 0 0 0 0 0 0 0 0 0 0 0 0 0 0 0 38 12
22 2 17 0 0 27 16 55 12 0 20 45 52 59 14 21 18 28 38 44 33 11 25 72 41 0 0 3 20 17 33 20 0 0 0 0 35 74 26 0 7 55 6 51 33 0 0 0 2 22 46 16 0 0 0 0 0 5 42 79 68 40 0 0 0 0 0 0 0 0 0 0 0 0 0 0 0 0 0 0 0 0 0 0 0 0 0 0 0 0 0 0 0 1 56 93
36 30 0 0 0 7 6 2 0 16 45 36 6 32 1 17 16 54 18 2 60 43 27 34 22 0 3 0 0 0 21 5 0 0 1 4 34 48 30 3 0 16 59 45 43 12 0 0 0 0 0 0 0 0 0 0 10 46 57 44 71 44 0 0 0 0 0 0 0 0 0 0 0 0 0 0 0 0 0 0 0 0 0 0 0 0 0 0 0 0 0 0 3 26 71 44
69 3 0 0 0 0 0 1 7 58 83 43 22 43 20 3 39 38 20 19 78 5 11 1 2 38 30 12 8 0 4 0 0 0 25 32 36 48 51 35 1 12 72 26 36 8 0 0 0 0 0 0 0 0 0 0 0 0 0 1 38 50 0 0 0 0 0 0 0 0 0 0 0 0 0 0 0 0 0 0 0 0 0 0 0 0 0 0 0 0 1 15 33 15 22 95
59 0 0 22 31 45 17 28 61 49 74 39 22 46 34 19 36 23 74 21 58 7 8 12 19 50 30 5 10 13 0 0 0 7 34 70 58 20 28 6 0 0 41 18 63 0 0 0 0 0 0 0 0 0 0 0 0 0 1 41 27 6 0 0 0 0 0 0 0 0 0 0 0 0 0 0 0 0 0 0 0 0 0 0 0 0 0 0 1 1 35 56 11 29 88 22
13 1 0 28 24 36 1 71 36 22 65 57 27 5 0 0 54 12 8 0 34 46 24 50 69 52 0 0 0 0 0 0 0 12 33 48 20 14 12 0 0 0 30 58 37 30 16 0 0 0 0 0 0 0 0 0 0 0 0 6 0 0 0 0 0 0 0 0 0 0 0 0 0 0 0 0 0 0 0 0 0 0 0 0 0 0 0 1 6 61 30 12 42 46 17 0
0 0 4 51 85 45 47 53 17 55 57 49 41 11 0 1 3 2 2 0 41 49 50 24 49 48 44 3 0 0 0 0 7 9 42 9 23 56 2 0 0 1 59 23 49 79 23 0 0 0 0 0 0 0 0 0 0 0 0 0 0 0 0 0 0 0 0 0 0 0 0 0 0 0 0 0 0 0 0 0 0 0 0 0 0 0 0 57 54 21 12 79 100 52 47 0
0 30 18 31 95 49 1 7 14 42 34 5 18 2 19 4 37 55 67 15 50 61 24 65 30 35 49 17 0 0 1 26 45 70 4 12 29 37 0 0 0 2 38 39 78 3 0 0 0 0 0 0 0 0 0 0 0 0 0 0 0 0 0 0 0 0 0 0 0 0 0 0 0 0 0 0 0 0 0 0 0 0 0 0 0 5 25 75 10 38 90 90 48 0 0 0
71 8 0 11 55 5 14 57 65 37 73 46 0 0 50 45 19 39 27 29 5 29 29 63 8 45 48 2 0 0 0 40 36 50 2 34 55 22 0 0 0 7 25 84 32 0 0 0 0 0 0 0 0 0 0 0 0 0 0 0 0 0 0 0 0 0 0 0 0 0 0 0 0 0 0 0 0 0 0 0 0 0 0 0 1 54 37 0 31 79 87 6 0 0 0 0
16 15 52 36 43 89 65 58 50 97 77 82 38 0 38 49 39 27 24 19 0 0 0 64 18 2 35 49 3 0 0 22 31 64 35 62 5 0 0 0 1 33 64 30 0 0 0 0 0 0 0 0 0 0 0 0 0 0 0 0 0 0 0 0 0 0 0 0 0 0 0 0 0 0 0 0 0 0 0 0 0 0 0 1 58 62 6 29 78 40 15 0 0 0 0 0
4 41 30 21 90 86 30 7 35 40 40 39 54 0 0 9 20 0 0 0 0 0 17 73 11 0 51 72 27 0 1 43 48 12 25 42 0 0 0 0 0 47 73 15 0 0 24 0 0 0 0 0 0 0 0 0 0 0 0 0 0 0 0 0 0 0 0 0 0 0 0 0 0 0 0 0 0 0 0 0 0 0 5 62 31 4 48 100 76 2 0 0 0 0 0 0
57 29 44 61 89 56 0 0 41 47 31 37 29 24 31 75 20 0 0 0 0 0 41 65 56 4 23 22 9 0 0 6 21 2 42 3 0 0 0 0 0 72 32 54 60 48 70 34 2 0 0 0 0 0 0 0 0 0 0 0 0 0 0 0 0 0 0 0 0 0 0 0 0 0 0 0 0 0 9 0 0 0 33 38 7 69 92 50 35 8 0 0 0 0 0 0
77 48 38 15 55 18 0 4 45 52 41 46 20 72 76 76 20 5 0 0 0 2 40 57 24 11 35 35 15 0 0 0 0 0 0 0 0 0 0 3 8 7 0 0 4 51 41 25 10 0 0 0 0 0 0 0 5 24 3 0 0 0 0 0 0 0 0 0 0 0 0 0 0 0 0 0 0 3 39 5 29 58 40 25 81 93 39 0 0 0 0 0 0 0 0 0
50 37 46 21 8 0 0 19 41 45 28 62 50 72 77 35 63 3 0 0 0 3 3 32 35 56 23 53 43 26 0 0 0 0 0 0 0 0 0 7 8 0 0 0 0 1 1 0 0 0 0 0 0 11 16 27 31 11 1 0 0 0 0 0 0 0 0 0 0 0 0 0 0 0 0 0 0 38 68 15 22 77 41 83 95 44 0 0 0 0 0 0 0 0 0 0
80 75 30 65 47 62 1 0 1 22 21 90 32 46 82 21 6 1 0 0 0 0 7 39 35 49 68 60 98 53 1 0 0 0 0 0 0 0 0 0 0 0 0 0 0 0 0 0 0 0 0 0 18 62 22 18 16 0 0 0 0 0 0 0 0 0 0 0 0 0 0 0 0 0 0 0 2 86 86 45 70 40 81 74 24 0 0 0 0 0 0 0 0 0 0 0
17 52 62 54 47 38 22 0 3 24 26 47 20 41 56 26 23 0 16 9 0 1 35 68 50 47 23 38 62 45 0 0 0 0 0 0 0 0 0 0 0 0 0 0 0 0 0 0 0 0 3 24 32 49 82 58 2 0 0 0 0 0 0 0 0 0 0 0 0 0 0 0 0 0 0 0 27 82 37 67 47 90 50 3 0 0 0 0 0 0 0 0 0 0 0 0
25 12 46 54 21 55 50 1 45 33 54 51 21 17 0 13 4 6 2 7 0 5 41 16 34 57 8 8 5 1 0 0 0 0 0 0 0 0 0 0 0 0 0 0 0 0 0 0 14 8 53 32 44 45 34 0 0 0 0 0 0 0 0 0 0 0 0 0 0 0 0 0 0 0 0 45 82 78 24 44 88 82 11 0 0 0 0 0 0 0 0 0 0 0 0 0
54 31 52 40 0 47 18 16 72 20 82 51 0 0 0 5 13 24 3 0 0 0 0 0 0 0 0 0 0 0 0 0 0 0 0 0 0 0 0 0 0 0 8 0 0 0 0 0 45 30 39 79 63 13 0 0 0 0 0 0 0 0 0 0 0 0 0 0 0 0 5 39 18 0 3 59 78 14 18 79 72 70 37 0 0 0 0 0 0 0 0 0 0 0 0 0
33 3 0 0 0 24 0 46 76 9 40 48 10 18 0 0 6 14 0 0 0 0 0 0 0 0 0 0 0 0 0 0 0 0 0 0 0 0 5 58 22 53 15 0 0 0 0 3 38 58 83 36 1 0 0 0 0 0 0 0 0 0 0 0 0 0 0 0 0 51 74 11 0 36 74 53 52 65 56 49 85 36 0 0 0 0 0 0 0 0 0 0 0 0 0 0
0 0 0 0 0 0 0 31 7 32 48 1 10 3 0 0 7 0 0 0 0 0 0 0 0 0 0 0 0 0 0 0 0 0 0 0 0 0 0 22 74 22 0 0 0 0 0 1 53 98 45 0 0 0 0 0 0 0 0 0 0 0 0 0 0 0 0 5 50 62 5 41 70 33 63 24 56 70 77 99 87 49 43 30 21 48 59 32 9 0 0 0 0 0 0 0
18 5 0 3 0 0 0 0 7 46 55 64 70 14 0 0 0 0 0 0 0 0 0 0 0 0 0 0 0 0 0 0 0 0 0 0 0 0 0 49 64 0 0 0 0 0 0 3 40 77 17 0 0 0 0 0 0 0 0 0 0 0 0 0 0 9 45 29 33 20 38 69 46 26 41 78 93 79 55 70 75 90 65 65 65 78 0 0 0 0 0 0 0 0 0 0
41 4 8 57 28 0 6 15 77 47 46 24 25 3 0 0 0 0 0 0 0 0 0 0 0 0 0 0 0 0 0 0 0 0 0 0 5 3 27 91 17 1 0 0 0 0 0 12 60 61 24 0 0 0 0 0 0 0 0 0 0 0 0 0 0 7 19 62 94 97 12 20 20 29 40 73 55 28 0 27 90 68 98 69 82 23 0 0 0 0 4 1 0 0 0 0
51 51 16 14 63 65 44 51 82 62 0 0 0 0 0 0 0 0 0 0 0 0 0 0 1 7 0 0 0 0 0 0 26 4 0 0 4 29 67 61 70 1 0 0 0 0 0 40 80 76 38 0 0 0 0 17 0 0 0 10 0 0 0 0 0 3 34 62 90 36 0 32 84 72 96 2 0 0 0 1 41 98 71 0 0 0 0 0 0 0 23 35 0 0 0 0
95 68 57 22 81 44 16 11 3 1 0 0 0 0 0 0 0 0 0 0 0 0 0 8 69 66 9 21 0 1 5 6 57 77 28 1 10 80 58 37 83 10 0 3 0 0 28 76 77 86 33 6 39 10 0 40 0 1 56 31 6 0 0 0 0 8 18 31 8 0 40 65 72 88 45 0 0 0 10 49 77 75 54 0 0 0 0 0 0 8 26 34 0 0 0 0
49 64 95 94 32 2 0 0 0 0 0 0 0 0 0 0 0 0 0 0 0 0 5 36 78 97 67 12 1 22 56 37 67 92 85 54 14 68 79 16 93 61 47 37 66 32 55 57 73 74 82 54 74 3 87 85 44 4 47 43 7 8 0 0 7 41 12 0 0 18 69 73 97 29 0 0 0 0 13 3 11 7 3 0 0 0 0 0 0 2 33 0 0 0 0 31
37 67 98 95 40 0 0 0 0 0 0 0 0 0 0 0 0 0 0 0 0 0 0 44 77 100 61 9 49 77 89 80 80 48 41 60 89 97 89 63 76 84 61 49 60 45 44 35 38 20 25 29 50 70 48 55 74 68 65 71 83 58 39 13 76 38 1 0 17 11 68 93 32 2 0 0 0 0 0 0 0 0 0 0 0 0 0 0 26 56 33 0 0 0 0 11
40 27 11 3 0 0 0 0 0 0 0 0 0 0 0 0 0 1 0 0 0 0 38 62 86 100 63 59 56 30 24 55 62 66 20 14 59 32 30 31 44 55 15 36 22 53 2 0 0 0 0 10 6 16 30 26 5 26 58 64 75 27 28 0 19 6 1 0 4 11 88 75 0 0 0 0 0 0 0 0 0 0 0 0 0 0 31 29 54 26 0 0 3 0 0 53
45 16 0 0 0 0 0 0 0 0 0 0 0 0 34 2 1 3 0 7 7 17 66 72 92 62 25 6 27 45 34 1 4 10 0 17 22 47 70 31 0 11 5 1 0 0 30 49 56 72 66 30 5 0 0 0 0 15 17 31 57 12 10 31 5 9 3 6 1 51 100 89 7 0 0 0 0 0 0 0 0 0 0 0 0 29 38 23 57 41 2 46 32 0 15 23
0 3 0 0 0 0 0 0 5 0 0 0 0 1 76 56 44 1 0 33 69 10 61 69 59 11 23 68 30 95 10 0 0 1 26 80 55 48 100 74 0 0 0 0 3 19 77 98 100 81 29 55 86 73 54 47 40 21 0 4 10 20 28 35 76 100 86 81 73 85 64 12 60 16 0 0 0 0 0 0 0 0 0 0 0 0 0 35 70 38 15 65 9 25 80 17
16 47 13 0 0 0 0 6 59 50 3 0 0 0 49 75 72 3 33 40 69 45 28 60 28 40 19 0 30 51 3 0 0 28 93 91 98 59 65 71 64 32 37 53 66 73 63 97 100 29 7 48 65 45 73 95 100 93 23 62 63 98 100 52 76 100 84 86 81 28 57 77 74 41 6 0 0 0 0 0 2 0 0 0 0 3 30 84 92 24 23 56 0 37 78 28
79 66 26 1 0 0 0 0 12 48 39 0 0 0 9 35 62 72 45 79 73 0 0 29 90 54 2 45 0 11 2 0 0 10 64 87 92 66 17 80 87 89 83 41 62 81 82 36 57 73 33 59 49 22 15 75 70 53 41 73 90 100 98 78 95 77 2 5 65 93 100 73 60 14 14 0 0 0 0 60 42 23 0 0 0 0 6 81 94 59 17 0 40 88 41 80
23 0 0 0 0 0 0 7 67 75 34 0 0 5 59 84 74 94 47 51 32 0 23 24 98 63 16 1 0 0 0 2 58 40 87 85 36 20 36 99 89 42 77 100 100 79 98 44 0 1 57 68 93 97 80 39 100 98 31 45 39 79 96 35 66 97 30 0 0 75 98 100 68 1 0 0 0 0 17 60 57 26 0 0 0 0 0 0 8 59 80 34 0 58 63 6
36 22 0 0 0 0 0 9 6 50 68 15 2 36 26 64 61 33 9 1 28 0 1 23 41 15 0 0 0 5 6 63 80 81 44 9 19 25 1 13 31 2 20 24 58 100 98 58 0 0 8 78 81 97 96 72 93 97 52 49 36 47 100 44 59 96 4 0 1 20 5 93 33 0 0 0 0 0 0 77 34 0 15 27 0 0 0 0 0 0 65 85 5 27 24 72
71 13 0 0 0 0 0 0 1 63 87 47 31 22 13 33 84 0 0 16 20 0 0 0 0 0 0 24 51 74 90 87 22 60 83 50 69 23 0 0 0 0 0 0 4 91 84 25 0 0 8 39 3 3 26 29 49 93 71 73 5 34 68 22 48 80 4 0 0 0 3 67 2 0 0 0 0 0 0 5 2 29 34 93 90 49 0 0 0 4 25 92 61 17 63 84
14 0 0 0 0 0 0 0 0 50 84 76 86 91 30 40 9 0 0 0 0 0 0 4 41 70 83 63 61 92 72 78 97 100 97 100 50 45 19 0 0 0 0 0 0 61 91 16 0 0 0 0 0 0 0 50 26 26 27 74 57 52 90 15 0 59 0 0 0 0 0 13 6 0 0 0 0 0 0 0 0 62 96 95 43 95 56 38 1 44 74 41 29 2 77 82
0 0 0 0 0 0 0 0 0 15 75 87 57 11 0 9 21 0 0 0 0 0 0 62 62 37 99 100 85 82 98 95 85 65 53 100 94 96 14 0 0 0 0 0 0 14 72 6 0 0 0 0 0 0 0 43 16 0 10 69 80 100 94 18 0 50 3 0 0 0 0 0 0 0 0 0 0 0 0 0 7 44 7 50 81 80 83 95 76 44 92 52 26 0 47 79
0 0 0 0 0 8 15 0 0 31 87 70 0 0 0 4 25 11 0 0 2 16 49 66 23 72 79 81 92 97 93 92 12 51 100 100 99 75 17 4 0 0 0 0 0 28 83 6 0 0 0 0 0 0 19 13 1 34 52 20 78 85 39 0 0 34 0 0 0 0 0 0 0 0 0 0 0 0 0 0 0 1 20 14 72 61 43 38 67 74 100 30 16 16 47 100
0 0 0 1 18 83 82 56 39 91 50 21 0 0 0 2 0 0 16 52 66 28 42 76 54 83 96 77 30 51 67 72 0 34 68 93 68 29 48 35 0 0 0 0 0 47 71 1 0 0 0 0 3 22 36 4 60 78 98 72 81 82 1 0 0 0 0 0 0 0 0 0 16 9 0 0 19 71 30 7 5 64 43 69 57 51 20 0 26 62 100 95 89 18 45 52
0 0 21 66 73 71 85 70 55 60 24 0 0 0 0 0 1 20 73 57 17 11 17 79 56 63 100 29 0 0 23 20 0 5 54 97 52 98 95 61 0 0 0 0 6 58 75 0 0 0 0 0 16 73 62 68 66 81 67 54 51 53 46 0 0 0 0 0 0 0 0 2 84 22 0 0 43 36 56 38 60 61 19 69 63 58 36 21 5 15 98 100 46 13 26 44
0 0 30 85 30 33 76 96 3 0 0 0 0 0 16 25 44 72 80 63 87 29 34 83 54 51 98 82 2 0 0 0 0 0 31 77 44 86 75 0 0 0 0 0 28 49 19 0 0 0 0 3 13 61 84 47 33 98 30 50 31 69 37 0 0 0 0 0 0 0 0 45 30 63 23 0 20 71 88 56 61 90 100 100 100 100 100 99 73 9 75 71 24 31 46 23
0 3 29 56 45 6 12 30 3 0 0 3 19 86 80 40 24 22 29 83 92 7 96 57 43 64 96 59 0 0 0 0 0 0 20 70 19 52 65 0 0 0 0 0 15 51 0 0 0 0 0 10 71 62 44 42 82 20 0 53 53 57 43 0 0 0 0 0 0 0 2 48 48 30 67 36 70 45 43 100 84 99 91 64 26 50 76 87 99 11 44 53 40 9 13 0
0 12 39 86 95 12 0 0 0 0 19 36 52 52 3 32 50 1 88 28 17 8 22 42 35 46 94 13 0 0 0 0 0 0 18 35 39 35 78 3 0 0 0 0 30 41 0 0 0 0 0 34 90 31 43 82 28 0 0 8 62 56 43 0 0 0 0 0 0 0 0 1 35 59 57 59 54 1 91 84 25 13 3 0 0 0 0 16 45 23 71 38 0 0 0 0
0 37 42 63 31 0 0 0 0 30 68 68 26 8 46 13 66 82 88 20 20 11 35 47 43 8 59 35 0 0 0 0 0 0 50 47 98 69 64 36 0 0 0 0 15 11 0 0 0 0 0 74 55 90 68 83 1 0 0 12 67 33 27 4 0 0 0 0 0 0 0 0 0 5 87 68 67 54 86 49 0 37 7 0 0 19 0 6 16 0 1 2 0 0 0 11
46 67 10 17 0 0 0 0 51 38 92 95 80 63 76 29 83 100 8 0 44 8 79 87 56 17 59 75 0 0 0 0 0 0 48 26 46 95 81 29 0 0 0 0 0 0 0 0 0 0 8 74 66 79 35 15 0 0 0 0 4 43 85 38 0 0 0 0 0 0 0 0 1 67 92 27 67 90 70 62 7 73 59 5 43 79 11 75 23 8 0 0 0 -9 -9 27
