data/habitatmaps/RS_maps/habitat_Certhia.familiaris_2019.asc
NCOLS 369 
NROWS 228 
XLLCORNER 479000 
YLLCORNER 73000 
CELLSIZE 1000 
NODATA_value -9 
[rows 126 to 188 of 228, columns 96 to 191 of 369]
38 1 18 31 53 52 99 80 68 32 52 89 97 14 13 46 48 52 49 34 44 33 34 27 5 31 5 16 40 57 55 49 21 0 0 0 9 72 35 0 0 0 0 37 18 35 12 2 60 76 52 8 0 4 67 41 11 50 79 67 39 67 87 10 0 0 2 36 83 59 53 25 55 64 0 8 34 16 56 73 72 52 23 63 95 63 83 75 89 88 73 72 89 61 9 0
21 1 71 11 66 100 100 84 55 56 72 80 66 79 77 44 73 74 71 90 88 40 28 15 29 10 0 0 22 41 37 92 92 42 1 0 19 68 61 16 35 0 0 0 0 1 37 60 100 100 75 12 24 55 57 88 87 98 89 82 66 42 2 0 0 10 59 80 40 22 49 0 27 29 0 0 0 0 0 2 60 86 78 51 50 54 53 73 95 76 63 54 51 50 0 0
0 0 0 41 73 98 91 52 31 86 44 41 27 42 41 47 38 55 50 47 20 18 48 0 0 0 0 0 2 0 1 12 23 90 91 47 57 36 0 43 19 0 0 0 0 0 0 20 97 99 48 53 62 43 52 100 100 84 92 35 0 0 0 15 35 85 90 63 96 100 43 0 0 0 0 0 0 0 0 10 65 69 69 69 73 21 85 92 31 14 0 0 0 21 10 0
22 13 43 71 92 29 64 76 52 96 51 28 0 5 22 98 30 43 55 36 17 0 2 0 0 0 0 21 60 48 29 2 1 38 51 92 98 35 0 40 48 33 0 0 1 0 0 0 76 68 22 47 91 61 94 82 100 89 16 0 0 0 16 81 96 84 36 0 0 76 37 0 0 0 0 0 0 0 3 64 69 45 2 0 47 55 94 68 0 0 0 0 0 0 0 0
22 15 44 60 95 14 50 52 40 56 35 48 3 40 45 10 66 74 51 32 0 0 0 0 0 15 20 20 71 33 0 0 0 0 0 11 50 56 18 52 47 41 17 20 1 0 0 0 38 77 70 49 48 68 49 1 6 0 0 0 29 53 94 94 20 16 0 0 0 10 0 0 0 0 0 0 2 21 47 56 80 6 0 0 69 99 100 93 32 1 0 0 0 0 0 0
11 21 72 96 92 3 35 49 88 92 48 15 47 35 11 10 30 45 12 2 0 0 0 0 3 70 100 65 51 0 1 0 0 0 0 0 22 72 83 80 0 23 14 14 24 0 0 0 0 0 0 0 0 0 0 3 56 21 0 40 97 100 89 25 0 0 0 0 0 0 0 0 0 0 0 0 14 76 45 24 19 0 0 17 53 18 85 65 68 50 11 0 0 0 0 0
26 36 58 19 28 64 42 74 88 82 34 38 35 3 47 51 27 36 58 34 3 0 1 22 21 45 65 51 12 6 36 48 34 45 36 58 63 75 66 65 5 0 28 28 27 39 0 0 0 0 0 0 12 0 20 71 74 0 62 95 82 52 12 0 0 0 0 0 0 0 0 0 0 0 0 0 0 13 1 0 0 0 1 64 26 0 6 89 50 85 50 12 0 0 0 0
17 47 65 75 19 44 26 41 33 65 11 57 11 45 25 1 0 2 1 1 57 33 38 63 20 1 0 22 15 1 7 3 15 5 19 5 26 53 87 56 92 65 30 2 50 5 41 32 22 21 0 41 63 59 96 100 87 18 78 58 4 0 6 16 0 0 0 4 0 0 0 0 0 0 0 0 0 0 0 0 0 0 6 86 15 0 0 14 53 17 18 47 0 0 0 0
61 63 79 83 30 55 41 25 68 37 0 40 52 36 0 0 0 0 0 1 34 49 42 9 7 32 44 37 28 43 42 23 35 31 28 25 13 39 98 86 50 82 100 38 0 16 12 31 83 96 42 61 79 97 100 100 100 92 67 100 33 6 60 10 22 17 16 37 38 15 0 7 0 0 0 0 0 0 0 0 0 0 0 24 0 0 0 0 13 81 58 6 0 0 0 0
77 70 61 38 15 32 78 53 54 16 10 20 51 18 0 0 0 0 0 18 33 23 10 29 26 21 49 60 66 79 13 61 61 53 49 17 27 46 58 50 7 4 83 50 0 44 55 54 82 95 77 98 25 39 69 73 86 100 79 93 80 86 77 81 78 85 91 49 66 40 23 52 0 53 37 0 0 0 0 0 0 0 0 0 0 0 0 0 0 2 11 10 0 0 0 0
84 62 53 19 34 56 18 37 54 0 11 1 0 0 0 0 0 0 5 16 21 29 51 49 21 48 45 94 70 29 40 55 34 76 53 20 4 45 3 0 5 4 38 69 23 19 7 64 71 95 68 29 0 28 29 57 7 39 95 92 59 69 77 68 65 29 56 73 29 61 82 28 4 38 0 0 0 0 0 0 0 0 0 0 0 0 0 0 0 0 35 22 0 0 0 0
88 54 43 12 10 36 40 25 20 0 0 0 6 20 13 0 0 14 51 0 39 69 43 0 1 47 7 13 31 16 0 47 74 77 47 16 13 13 0 0 29 39 64 52 4 13 71 49 94 61 75 0 1 81 30 0 0 0 46 60 100 94 22 47 54 62 62 42 13 2 7 0 45 48 0 0 0 0 0 0 0 0 0 0 0 0 0 0 0 0 8 11 0 0 0 0
39 11 33 41 29 72 54 26 0 0 2 37 49 66 38 0 28 27 28 0 60 8 0 0 25 46 0 0 0 0 0 25 39 37 3 8 42 0 0 5 17 84 50 6 0 34 87 43 54 37 26 0 0 5 6 0 0 7 97 93 85 72 39 0 2 70 72 26 23 0 12 53 44 0 0 0 0 0 0 0 0 0 0 0 0 0 0 0 0 0 3 45 0 0 0 0
44 16 69 74 83 58 58 49 38 12 26 60 49 17 24 28 25 35 12 32 49 0 0 0 0 0 0 0 0 0 49 3 10 31 11 15 13 0 7 32 93 54 34 8 28 40 59 48 1 0 0 0 0 0 0 0 2 33 82 100 74 34 92 5 1 87 100 97 12 0 84 64 1 0 0 0 0 0 0 0 0 0 0 0 0 0 0 0 0 0 0 0 0 0 0 0
67 66 70 61 58 68 53 73 47 8 64 72 72 53 79 38 19 4 1 37 55 0 0 0 0 0 0 0 0 18 78 33 0 0 24 15 0 0 54 69 46 40 7 50 86 59 18 57 1 0 0 0 0 0 0 0 0 0 3 57 41 57 40 8 0 59 86 66 2 0 2 0 0 0 0 0 0 0 0 0 0 0 0 0 0 0 0 0 0 0 0 0 0 0 0 0
55 30 56 67 39 54 81 16 46 83 59 59 25 34 70 49 8 12 45 51 50 31 24 0 0 0 0 0 0 54 54 16 8 24 28 0 0 0 39 31 16 7 58 17 62 18 32 76 14 4 0 0 0 0 0 0 0 0 5 32 42 65 50 0 0 7 2 0 0 0 0 0 0 0 0 0 0 0 0 0 0 0 0 0 0 0 0 0 0 0 0 0 0 0 0 0
49 30 52 53 35 77 15 1 13 55 52 54 38 16 42 65 8 32 32 34 49 21 0 0 0 15 47 22 5 5 0 0 12 25 2 0 0 21 50 23 2 25 17 0 51 56 36 83 73 70 27 20 4 0 0 0 0 0 2 73 20 92 35 0 0 0 0 0 0 0 0 0 0 0 0 0 0 0 0 0 0 0 0 0 0 0 0 0 0 0 0 0 0 0 0 0
84 18 41 32 15 22 34 0 0 3 0 5 54 34 50 28 18 4 0 15 25 46 0 0 0 0 39 54 0 0 0 0 0 10 0 0 0 59 55 43 7 34 43 0 24 18 42 76 29 70 67 41 0 0 0 0 0 0 3 55 23 76 59 65 5 0 0 0 0 0 0 0 0 0 0 0 0 0 0 0 0 0 0 0 0 0 0 0 0 0 0 0 0 0 0 0
18 38 25 1 0 45 66 17 25 30 2 8 24 47 31 26 24 0 61 1 0 0 0 0 0 4 82 10 34 0 0 0 0 0 0 0 43 38 52 38 37 16 54 2 0 6 59 58 18 0 3 0 0 0 0 0 0 0 2 21 67 20 0 6 0 0 0 0 0 0 0 0 0 0 0 0 0 0 0 0 0 0 0 0 0 0 0 0 0 0 0 0 0 0 0 0
51 1 44 48 3 0 7 27 16 40 1 0 0 28 15 1 0 5 47 68 0 46 26 4 9 0 19 34 65 55 21 9 0 0 0 0 0 31 46 43 33 77 0 59 3 0 0 26 75 63 32 0 0 0 0 0 0 0 37 27 26 0 0 0 0 0 0 0 0 0 0 0 0 0 0 0 0 0 0 0 0 0 0 0 0 0 0 0 0 0 0 0 0 0 36 12
6 0 1 0 0 24 16 55 12 0 0 0 22 59 0 0 0 7 22 44 31 21 69 45 33 0 0 0 19 10 21 20 0 0 0 0 38 73 56 0 7 52 5 52 33 0 0 0 2 22 45 17 0 0 0 0 0 5 42 79 68 22 0 0 0 0 0 0 0 0 0 0 0 0 0 0 0 0 0 0 0 0 0 0 0 0 0 0 0 0 0 0 0 1 56 81
33 16 0 0 0 7 5 1 0 7 0 0 0 0 0 0 1 51 19 1 73 46 87 50 22 0 0 0 0 0 36 5 0 0 0 3 33 48 29 0 0 16 59 57 45 13 0 0 0 0 0 0 0 0 0 0 9 46 54 43 46 21 0 0 0 0 0 0 0 0 0 0 0 0 0 0 0 0 0 0 0 0 0 0 0 0 0 0 0 0 0 0 3 24 66 32
69 3 0 0 0 0 0 1 7 52 59 37 21 0 0 0 39 39 20 9 60 5 34 4 0 0 6 2 9 0 12 0 0 0 24 21 35 45 25 7 0 12 69 26 34 5 0 0 0 0 0 0 0 0 0 0 0 0 0 0 11 36 0 0 0 0 0 0 0 0 0 0 0 0 0 0 0 0 0 0 0 0 0 0 0 0 0 0 0 0 0 12 33 16 7 91
59 0 0 23 31 45 18 28 38 44 72 39 5 4 34 19 17 23 60 22 48 5 21 37 18 45 28 5 10 12 0 0 0 0 19 59 55 20 25 6 0 0 39 16 17 0 0 0 0 0 0 0 0 0 0 0 0 0 4 27 20 0 0 0 0 0 0 0 0 0 0 0 0 0 0 0 0 0 0 0 0 0 0 0 0 0 0 0 0 0 0 8 11 29 78 6
13 1 0 28 25 36 1 71 35 25 48 42 0 0 0 0 36 29 10 0 30 21 23 50 68 39 0 0 0 0 0 0 0 0 11 40 20 9 13 0 0 0 32 59 32 24 0 0 0 0 0 0 0 0 0 0 0 0 1 6 0 0 0 0 0 0 0 0 0 0 0 0 0 0 0 0 0 0 0 0 0 0 0 0 0 0 0 1 0 0 0 4 42 46 17 0
0 0 4 56 87 46 47 31 0 10 43 15 0 11 0 0 2 2 3 0 38 45 51 24 49 43 16 0 0 0 0 0 0 0 0 10 26 55 1 0 0 0 40 23 53 39 0 0 0 0 0 0 0 0 0 0 0 0 0 0 0 0 0 0 0 0 0 0 0 0 0 0 0 0 0 0 0 0 0 0 0 0 0 0 0 0 0 58 35 0 11 78 100 65 50 0
0 31 18 39 100 49 1 0 9 43 33 0 17 1 0 0 36 55 67 14 42 19 8 66 31 34 41 13 0 0 0 0 14 47 2 13 34 41 0 0 0 0 13 36 55 2 0 0 0 0 0 0 0 0 0 0 0 0 0 0 0 0 0 0 0 0 0 0 0 0 0 0 0 0 0 0 0 0 0 0 0 0 0 0 0 4 24 75 10 37 90 91 50 0 0 0
71 8 0 11 55 5 14 57 66 37 73 45 0 0 32 44 18 37 23 27 0 30 0 50 9 44 47 2 0 0 0 0 14 50 2 35 55 22 0 0 0 0 1 84 26 0 0 0 0 0 0 0 0 0 0 0 0 0 0 0 0 0 0 0 0 0 0 0 0 0 0 0 0 0 0 0 0 0 0 0 0 0 0 0 1 55 38 0 18 66 87 6 0 0 0 0
17 16 52 38 43 88 42 37 27 97 78 82 40 0 36 48 40 24 26 5 0 0 0 65 18 2 36 40 3 0 0 0 24 64 32 66 5 0 0 0 0 3 56 19 0 0 0 0 0 0 0 0 0 0 0 0 0 0 0 0 0 0 0 0 0 0 0 0 0 0 0 0 0 0 0 0 0 0 0 0 0 0 0 2 58 62 6 29 78 39 15 0 0 0 0 0
4 41 29 21 90 77 1 0 0 39 40 39 57 0 0 10 20 0 0 0 0 0 17 73 7 0 50 72 27 0 0 14 40 12 17 43 0 0 0 0 0 24 52 0 0 0 23 0 0 0 0 0 0 0 0 0 0 0 0 0 0 0 0 0 0 0 0 0 0 0 0 0 0 0 0 0 0 0 0 0 0 0 5 65 26 3 45 100 76 2 0 0 0 0 0 0
35 30 41 61 88 59 0 0 34 46 31 37 29 25 31 77 20 0 0 0 0 0 40 42 0 0 27 27 10 0 0 8 21 2 43 3 0 0 0 0 0 72 36 40 55 49 70 33 7 0 0 0 0 0 0 0 0 0 0 0 0 0 0 0 0 0 0 0 0 0 0 0 0 0 0 0 0 0 9 0 0 0 53 37 8 70 93 50 34 8 0 0 0 0 0 0
74 48 37 0 54 17 0 0 45 36 29 43 21 67 73 75 18 6 0 0 0 1 43 0 0 0 30 36 16 0 0 0 0 0 0 0 0 0 0 0 0 7 0 0 4 51 40 43 31 0 0 0 0 0 0 0 0 0 0 0 0 0 0 0 0 0 0 0 0 0 0 0 0 0 0 0 0 3 39 5 28 49 52 24 81 93 41 0 0 0 0 0 0 0 0 0
26 34 46 7 7 0 0 0 11 23 28 42 50 71 77 35 71 3 0 0 0 3 3 35 8 54 12 54 45 27 0 0 0 0 0 0 0 0 0 0 0 0 0 0 0 1 0 0 0 0 0 0 0 1 0 0 0 0 0 0 0 0 0 0 0 0 0 0 0 0 0 0 0 0 0 0 0 38 68 15 22 77 40 82 90 42 0 0 0 0 0 0 0 0 0 0
66 63 30 64 47 62 1 0 0 6 22 91 27 40 82 20 5 0 0 0 0 0 0 22 26 35 68 61 99 37 0 0 0 0 0 0 0 0 0 0 0 0 0 0 0 0 0 0 0 0 0 0 0 35 20 9 41 0 0 0 0 0 0 0 0 0 0 0 0 0 0 0 0 0 0 0 2 86 86 45 70 40 84 80 7 0 0 0 0 0 0 0 0 0 0 0
6 29 56 54 47 38 22 0 4 24 26 47 15 40 57 27 26 0 0 0 0 0 4 65 52 34 24 37 37 0 0 0 0 0 0 0 0 0 0 0 0 0 0 0 0 0 0 0 0 0 3 6 24 15 71 52 0 0 0 0 0 0 0 0 0 0 0 0 0 0 0 0 0 0 0 0 28 83 33 67 47 89 55 3 0 0 0 0 0 0 0 0 0 0 0 0
0 8 43 26 17 54 50 0 57 33 35 49 20 5 0 38 9 15 0 0 0 0 30 4 30 54 7 7 0 0 0 0 0 0 0 0 0 0 0 0 0 0 0 0 0 0 0 0 14 8 44 21 26 40 21 0 0 0 0 0 0 0 0 0 0 0 0 0 0 0 0 0 0 0 0 45 82 78 23 47 89 82 11 0 0 0 0 0 0 0 0 0 0 0 0 0
48 30 34 24 0 47 18 2 32 20 64 46 0 0 0 14 38 72 8 0 0 0 0 0 0 0 0 0 0 0 0 0 0 0 0 0 0 0 0 0 0 0 8 0 0 0 0 0 42 30 39 82 69 13 0 0 0 0 0 0 0 0 0 0 0 0 0 0 0 0 5 1 0 0 3 59 78 15 9 79 72 69 45 0 0 0 0 0 0 0 0 0 0 0 0 0
33 3 0 0 0 24 0 45 66 4 28 25 29 53 0 0 17 44 0 0 0 0 0 0 0 0 0 0 0 0 0 0 0 0 0 0 0 0 5 58 22 53 14 0 0 0 0 2 11 58 87 39 4 0 0 0 0 0 0 0 0 0 0 0 0 0 0 0 0 54 60 0 0 36 74 52 50 57 43 49 85 35 0 0 0 0 0 0 0 0 0 0 0 0 0 0
0 0 0 0 0 0 0 32 7 9 34 1 28 6 0 0 22 0 0 0 0 0 0 0 0 0 0 0 0 0 0 0 0 0 0 0 0 0 0 22 71 22 0 0 0 0 0 4 55 94 18 0 0 0 0 0 0 0 0 0 0 0 0 0 0 0 0 0 50 54 3 41 70 33 63 23 50 60 79 99 78 49 40 33 24 53 59 33 9 0 0 0 0 0 0 0
18 5 0 3 0 0 0 0 7 50 56 63 86 32 0 0 0 0 0 0 0 0 0 0 0 0 0 0 0 0 0 0 0 0 0 0 0 0 0 49 63 0 0 0 0 0 0 0 38 68 12 0 0 0 0 0 0 0 0 0 0 0 0 0 0 9 45 0 31 19 37 70 45 24 30 78 91 100 83 100 37 87 66 64 65 78 0 0 0 0 0 0 0 0 0 0
49 5 8 67 29 0 9 21 78 47 43 14 9 4 0 0 0 0 0 0 0 0 0 0 0 0 0 0 0 0 0 0 0 0 0 0 0 0 27 91 16 0 0 0 0 0 0 0 51 59 16 0 0 0 0 0 0 0 0 0 0 0 0 0 0 21 20 48 94 97 12 20 20 27 35 77 56 28 0 12 72 63 99 66 80 20 0 0 0 0 4 1 0 0 0 0
61 51 14 20 37 65 43 27 71 33 0 0 0 0 0 0 0 0 0 0 0 0 0 0 2 7 0 0 0 0 0 0 29 4 0 0 1 5 66 61 62 0 0 0 0 0 0 17 77 73 20 0 0 0 0 0 0 0 0 0 0 0 0 0 0 8 36 62 90 36 0 32 84 72 96 2 0 0 0 2 44 98 71 0 0 0 0 0 0 0 26 35 0 0 0 0
93 65 56 21 66 15 0 0 0 0 0 0 0 0 0 0 0 0 0 0 0 0 0 0 40 62 0 0 0 0 0 0 57 77 16 0 11 80 61 33 86 7 0 0 0 0 5 34 71 61 18 5 5 0 0 1 0 1 38 2 0 0 0 0 0 26 45 31 8 0 40 65 71 88 45 0 0 0 11 50 78 72 57 0 0 0 0 0 0 25 47 34 0 0 0 0
5 48 95 94 35 2 0 0 0 0 0 0 0 0 0 0 0 0 0 0 0 0 0 0 39 90 27 0 0 0 7 3 64 92 54 29 24 73 80 6 85 27 39 8 36 9 44 3 73 62 60 56 54 2 87 82 43 1 35 26 0 0 0 0 8 53 36 0 0 19 69 65 97 28 0 0 0 0 12 3 10 7 4 0 0 0 0 0 0 2 33 0 0 0 0 31
0 29 97 95 39 0 0 0 0 0 0 0 0 0 0 0 0 0 0 0 0 0 0 0 69 100 49 0 5 50 87 80 40 29 33 42 100 93 66 56 40 56 58 47 50 37 0 0 28 20 24 14 38 70 38 41 38 32 70 20 56 49 15 36 64 27 2 0 18 10 68 97 34 2 0 0 0 0 0 0 0 0 0 0 0 0 0 0 26 56 33 0 0 0 0 11
20 8 8 3 0 0 0 0 0 0 0 0 0 0 0 0 0 0 0 0 0 0 0 0 65 100 63 60 55 29 24 54 26 53 20 4 38 0 13 3 21 55 10 28 10 39 0 0 0 0 0 0 0 16 16 9 0 1 35 45 74 24 27 21 15 16 3 0 4 20 88 78 0 0 0 0 0 0 0 0 0 0 0 0 0 0 31 29 54 26 0 0 3 0 0 58
46 16 0 0 0 0 0 0 0 0 0 0 0 0 32 2 0 0 0 0 8 17 66 71 75 62 25 6 28 41 34 1 4 11 0 22 2 9 49 28 0 12 5 1 0 0 30 49 54 72 67 28 5 0 0 0 0 1 16 0 14 4 0 31 13 9 3 0 1 50 100 88 12 0 0 0 0 0 0 0 0 0 0 0 0 29 38 23 57 41 2 46 32 0 15 74
0 3 0 0 0 0 0 0 6 0 0 0 0 0 30 53 13 0 0 34 68 10 60 62 59 10 22 68 25 94 7 0 0 0 23 79 51 45 100 74 0 0 0 0 3 19 76 98 100 79 26 60 86 74 54 47 40 15 0 0 0 9 27 33 76 100 86 73 91 67 28 2 70 15 0 0 0 0 0 0 0 0 0 0 0 0 0 37 70 38 15 65 9 25 82 35
15 22 0 0 0 0 0 9 60 49 3 0 0 0 2 58 43 2 12 39 69 42 27 55 29 40 17 0 30 51 3 0 0 0 78 70 95 48 60 62 64 28 37 53 67 70 62 97 100 28 7 48 66 46 73 95 100 77 0 48 30 98 100 52 76 100 84 86 83 23 57 77 73 42 6 0 0 0 0 0 2 0 0 0 0 3 32 86 92 24 23 56 0 37 100 38
78 65 23 0 0 0 0 0 12 47 44 0 0 0 0 8 62 33 5 52 71 0 0 28 89 64 2 45 0 11 2 0 0 0 15 58 74 24 0 49 60 82 71 41 61 80 81 36 17 72 35 59 49 22 15 75 69 19 2 82 85 100 94 40 95 77 2 8 65 93 100 73 61 14 14 0 0 0 0 60 42 23 0 0 0 0 6 81 94 59 32 0 40 88 82 80
23 0 0 0 0 0 0 2 64 62 29 0 0 0 6 68 73 81 38 50 29 0 14 16 93 14 0 0 0 0 0 2 58 24 83 84 17 8 39 96 65 42 64 99 100 79 93 19 0 0 9 39 93 97 78 36 100 98 6 0 39 78 96 27 2 97 30 0 0 76 98 100 68 0 0 0 0 0 17 60 57 26 0 0 0 0 0 0 8 59 80 91 48 76 77 43
36 22 0 0 0 0 0 9 7 29 58 14 0 0 17 61 33 33 9 1 27 0 0 19 19 0 0 0 0 6 5 38 57 56 32 17 56 75 0 3 2 2 21 25 57 100 93 60 0 0 5 51 78 97 96 64 79 92 3 15 36 47 100 43 15 96 4 0 2 21 5 94 33 0 0 0 0 0 0 77 34 3 27 27 0 0 0 0 0 0 65 92 71 42 56 91
70 13 0 0 0 0 0 0 0 58 61 46 6 0 0 8 83 0 0 16 21 0 0 0 0 0 0 24 48 75 90 87 22 60 83 48 67 0 0 0 0 0 0 0 4 82 49 16 0 0 0 0 0 3 23 4 0 88 33 33 0 34 68 22 45 81 4 0 0 0 4 67 2 0 0 0 0 0 0 5 0 48 56 93 90 49 0 0 0 4 25 92 90 28 63 84
14 0 0 0 0 0 0 0 0 3 62 66 86 90 25 37 9 0 0 0 0 0 0 3 40 70 83 49 50 92 72 78 92 100 97 100 50 44 5 0 0 0 0 0 0 60 78 1 0 0 0 0 0 0 0 50 14 25 0 36 49 52 90 15 0 59 0 0 0 0 0 13 6 0 0 0 0 0 0 0 0 62 96 98 44 95 56 38 1 44 74 44 68 60 77 82
0 0 0 0 0 0 0 0 0 12 64 96 57 10 0 9 21 0 0 0 0 0 0 62 62 34 99 100 85 81 94 92 75 63 47 100 94 93 14 0 0 0 0 0 0 14 69 6 0 0 0 0 0 0 0 44 18 0 10 44 80 100 94 18 0 50 3 0 0 0 0 0 0 0 0 0 0 0 0 0 7 44 6 48 82 80 83 95 77 44 92 64 60 35 72 100
0 0 0 0 2 6 0 5 3 28 92 56 0 0 0 4 25 18 0 0 2 16 39 66 23 69 68 81 78 89 79 92 12 46 100 100 99 39 0 0 0 0 0 0 0 18 83 6 0 0 0 0 0 0 0 0 1 34 52 20 78 85 40 0 0 34 0 0 0 0 0 0 0 0 0 0 0 0 0 0 0 1 20 14 72 61 65 62 100 84 100 58 19 28 81 100
0 0 0 0 54 96 70 70 76 91 38 15 0 0 0 2 0 0 16 52 65 26 26 73 52 82 96 72 7 20 65 72 0 19 63 93 59 19 26 35 0 0 0 0 0 28 70 1 0 0 0 0 0 10 0 1 60 78 98 72 81 82 1 0 0 0 0 0 0 0 0 0 19 9 0 0 37 71 30 7 5 64 45 73 57 53 90 46 77 75 100 100 92 28 100 95
0 0 21 65 63 71 85 80 58 50 0 0 0 0 0 0 1 20 72 47 6 12 0 34 36 60 100 26 0 0 23 20 0 0 38 98 52 98 94 61 0 0 0 0 10 63 75 0 0 0 0 0 0 43 13 67 65 80 67 41 54 54 46 0 0 0 0 0 0 0 0 1 84 19 0 0 43 37 56 40 59 60 64 86 63 58 38 22 16 93 100 100 93 30 100 86
0 0 25 86 33 53 80 96 3 0 0 0 0 0 16 25 43 51 80 58 90 28 20 45 51 46 94 82 2 0 0 0 0 0 4 46 36 69 72 0 0 0 0 0 29 63 23 0 0 0 0 0 0 0 55 48 33 98 29 41 29 69 37 0 0 0 0 0 0 0 0 31 20 0 0 0 20 71 88 56 80 94 100 100 100 100 100 99 75 65 79 71 94 42 70 61
0 0 0 53 52 42 27 26 3 0 0 3 19 86 80 39 18 21 30 81 92 7 99 47 41 62 87 59 0 0 0 0 0 0 0 56 8 38 49 0 0 0 0 0 15 31 0 0 0 0 0 2 68 6 41 41 88 21 0 53 50 58 43 0 0 0 0 0 0 0 3 48 51 0 0 0 67 48 45 100 89 97 91 64 26 50 76 87 100 76 55 53 56 44 19 69
0 0 0 57 100 30 0 0 0 0 19 36 52 51 3 27 53 0 83 11 14 9 33 22 7 46 93 13 0 0 0 0 0 0 6 33 10 19 55 0 0 0 0 0 30 26 0 0 0 0 0 34 78 16 43 84 48 0 0 9 67 52 43 0 0 0 0 0 0 0 0 3 47 54 40 58 1 0 88 88 59 11 3 0 0 0 0 16 45 89 81 38 36 55 62 79
0 36 32 84 69 3 0 0 0 30 68 68 25 12 48 17 71 81 67 0 14 9 64 33 20 3 58 35 0 0 0 0 0 0 0 46 94 54 29 24 0 0 0 0 15 3 0 0 0 0 0 63 14 89 66 82 0 0 0 0 55 38 27 4 0 0 0 0 0 0 0 0 0 5 87 50 0 32 55 2 0 37 7 0 0 21 0 6 16 44 46 29 51 61 75 85
47 81 13 18 0 0 0 0 51 38 92 95 80 62 65 5 84 100 0 0 44 18 54 76 8 0 62 75 0 0 0 0 0 0 0 8 46 95 47 27 0 0 0 0 0 0 0 0 0 0 0 39 39 34 30 15 0 0 0 0 4 44 85 38 0 0 0 0 0 0 0 0 0 41 92 6 0 72 66 0 7 73 59 5 63 97 11 75 40 78 89 52 30 -9 -9 51
