data/habitatmaps/RS_maps/habitat_Turdus.torquatus_2008.asc
NCOLS 369 
NROWS 228 
XLLCORNER 479000 
YLLCORNER 73000 
CELLSIZE 1000 
NODATA_value -9 
[rows 60 to 119 of 228, columns 192 to 287 of 369]
0 0 0 0 0 0 29 14 0 0 4 0 0 0 0 0 0 0 0 0 49 19 0 0 0 0 0 13 9 23 13 1 0 0 0 0 0 0 34 29 8 0 0 39 24 0 0 0 0 0 0 0 0 0 0 0 1 11 39 43 19 0 3 23 54 69 51 20 23 39 33 70 64 44 42 49 52 41 19 1 0 0 0 10 47 10 0 0 0 0 0 0 0 0 0 0
0 0 0 0 0 2 31 1 0 0 0 0 0 0 0 0 0 0 0 0 31 52 4 0 0 0 0 0 0 3 7 0 0 0 0 0 0 10 51 27 0 0 0 3 0 0 0 0 0 1 6 0 0 8 21 25 37 32 45 27 15 0 6 16 91 74 78 43 27 37 54 59 49 38 47 58 73 82 51 0 0 0 12 28 13 0 0 0 0 0 0 0 0 0 0 0
0 0 0 0 0 0 0 0 0 23 9 0 0 0 0 0 0 0 0 0 13 38 39 0 1 0 0 0 0 0 0 10 28 5 0 0 0 1 6 5 0 0 0 0 0 0 0 0 0 1 11 0 25 42 4 54 26 54 54 40 20 23 13 40 57 46 15 47 21 11 68 63 50 89 73 26 45 33 14 31 64 25 70 35 0 0 0 0 0 0 0 0 0 0 0 0
0 0 3 19 0 0 0 2 1 0 13 0 0 0 0 0 0 0 0 0 0 0 3 1 13 1 0 0 0 0 0 0 36 7 0 0 0 0 0 0 0 0 0 0 0 0 0 0 0 0 7 11 54 33 20 17 1 25 50 57 49 33 28 53 0 15 27 48 31 36 20 44 42 20 19 43 28 9 29 48 29 38 68 32 3 0 0 0 0 0 0 0 0 0 0 8
0 0 0 30 1 0 9 2 9 0 0 0 0 0 32 0 0 0 0 0 0 0 0 0 9 24 0 0 5 9 0 0 0 1 0 0 0 0 0 0 0 0 0 0 0 0 0 0 5 17 16 29 20 16 26 1 0 5 27 28 60 39 1 9 55 31 16 53 43 55 58 41 18 76 92 31 33 38 15 45 35 59 21 0 0 0 0 0 0 0 0 0 0 0 1 74
0 0 0 10 12 0 12 0 0 0 0 0 0 0 54 10 0 0 0 0 0 0 0 0 13 24 9 1 9 10 0 0 0 0 0 0 0 0 0 0 0 0 0 0 0 0 0 0 5 20 4 46 78 45 38 33 2 0 0 0 0 13 37 45 0 7 28 42 21 58 36 31 95 100 100 88 19 64 64 53 49 24 0 0 0 0 0 0 0 0 0 0 0 0 40 26
0 0 0 0 0 0 0 6 5 0 0 0 0 0 12 3 0 0 0 0 0 0 0 0 0 0 4 0 0 0 8 16 0 0 0 0 0 0 0 0 0 0 0 0 0 0 0 0 0 0 59 90 94 61 52 41 1 0 0 0 0 7 30 12 0 4 8 17 8 37 38 88 100 96 90 89 85 43 41 42 0 0 0 0 0 0 0 0 0 0 0 0 0 5 60 0
0 0 5 31 2 0 0 0 1 7 33 0 0 0 0 0 0 0 0 0 0 0 0 0 0 0 0 0 0 0 0 0 0 0 0 0 0 0 6 6 4 0 0 0 0 0 0 0 0 0 4 62 58 47 81 27 1 15 24 0 0 0 0 0 0 58 34 37 60 38 66 85 43 43 90 100 96 50 62 42 2 0 0 0 0 0 0 0 25 3 24 0 0 59 58 6
0 0 19 34 35 0 0 10 16 0 0 0 0 0 0 0 0 0 0 0 0 0 0 0 0 0 0 0 0 0 0 0 0 0 0 0 0 0 0 7 23 20 3 37 0 0 0 0 0 0 0 48 63 78 48 48 2 31 25 2 0 0 0 3 34 46 21 26 67 62 59 22 11 39 82 44 63 30 35 54 21 0 0 0 0 0 0 7 2 0 0 0 0 1 23 0
0 0 0 0 3 0 0 0 0 0 0 0 0 0 0 0 0 0 0 0 0 0 0 0 0 0 0 0 0 0 0 0 0 0 0 0 0 0 0 5 15 1 0 0 0 0 0 0 0 0 0 3 1 7 28 36 35 20 59 27 19 1 0 1 34 28 27 67 16 0 2 27 45 34 69 87 69 65 57 21 0 0 0 0 0 0 0 0 0 0 0 15 0 8 19 0
0 0 0 5 0 0 0 0 1 3 8 2 0 0 0 0 0 0 0 0 0 0 0 0 0 0 0 0 0 0 0 0 0 0 0 0 0 0 0 0 0 0 0 0 0 0 0 0 0 0 0 0 0 33 58 39 39 51 60 60 43 16 5 21 12 21 38 25 27 33 9 0 1 22 50 39 1 21 19 0 0 0 0 0 0 0 0 0 2 20 19 69 22 6 15 0
0 0 13 19 0 0 0 0 5 37 17 7 0 0 0 0 0 0 0 0 0 0 0 0 0 0 0 0 0 0 0 0 0 0 0 0 0 0 0 20 16 0 0 0 0 0 0 0 0 0 0 1 51 6 75 48 35 53 33 42 84 74 23 0 12 35 36 45 1 0 0 10 7 5 8 21 19 9 66 5 0 0 0 0 0 0 0 0 0 28 69 58 23 3 0 9
0 0 17 33 0 0 9 0 0 0 0 0 0 19 0 0 0 0 0 0 0 0 0 0 0 0 0 0 0 0 0 0 0 0 0 0 0 0 0 3 9 0 0 0 0 0 0 0 0 0 0 0 15 48 57 58 41 43 14 32 44 13 1 0 2 1 24 10 0 0 0 7 0 44 93 96 72 34 22 19 0 0 0 0 0 0 0 0 0 18 76 65 13 5 34 55
0 0 11 37 0 0 11 0 0 0 0 0 0 17 0 0 0 0 0 0 0 0 0 0 0 0 0 0 0 0 0 0 0 0 0 0 0 0 0 0 0 0 0 0 0 0 0 0 0 0 0 0 9 58 44 41 5 2 11 38 75 36 51 7 9 0 0 0 0 0 0 18 16 26 38 55 57 12 0 0 0 0 0 0 0 0 0 0 16 65 63 94 24 26 92 56
0 1 10 39 6 0 0 0 0 0 0 0 0 0 0 0 0 0 0 0 0 0 0 0 0 0 0 0 5 15 0 0 0 0 0 0 0 0 0 0 0 0 0 0 0 0 0 0 0 0 0 0 2 29 33 0 10 0 32 54 79 88 48 62 36 0 0 0 0 3 2 29 59 84 96 41 30 8 1 5 0 0 0 0 0 0 0 0 41 100 82 54 26 100 100 91
0 0 10 5 0 0 0 0 0 0 0 0 0 0 0 0 0 0 0 0 0 0 1 0 0 0 0 0 37 32 0 0 0 2 4 5 0 0 0 0 0 0 0 0 0 0 0 0 0 0 0 0 29 39 4 1 42 57 47 32 7 20 46 20 4 0 2 1 15 35 32 47 67 70 74 86 78 86 69 7 0 0 0 0 0 0 0 52 94 100 99 62 71 100 100 100
0 0 0 0 0 0 0 0 0 0 0 0 0 0 0 0 0 0 1 34 41 39 62 70 86 61 32 21 12 1 0 27 18 70 49 2 6 30 0 3 45 29 19 0 5 1 0 0 0 0 0 2 80 22 0 24 56 11 3 42 3 0 0 3 0 17 51 81 84 64 86 86 52 41 29 68 94 51 14 58 2 0 0 0 0 5 33 81 100 100 97 58 100 100 100 92
0 0 0 0 0 0 0 0 0 0 0 0 6 0 0 12 41 43 77 93 85 100 100 100 100 81 46 25 0 4 19 67 98 63 3 65 60 48 1 0 9 33 47 32 21 25 25 0 0 0 0 13 43 0 0 23 50 0 7 7 0 0 8 48 11 33 12 37 12 0 15 68 40 40 45 59 52 62 64 57 3 5 0 0 0 0 13 47 96 73 87 69 100 91 86 77
0 0 0 0 0 0 0 0 0 0 0 0 33 13 30 70 38 47 44 82 88 55 98 66 41 3 0 0 0 0 3 33 98 44 33 90 53 0 0 6 14 15 53 28 18 60 50 15 0 0 0 0 0 0 0 8 21 0 0 1 3 11 38 56 71 3 0 0 0 0 0 1 0 18 69 86 73 83 75 78 26 5 0 0 0 0 0 2 63 87 69 82 65 67 46 94
0 0 0 0 0 13 15 0 0 0 0 0 37 5 0 0 13 0 0 8 36 39 50 28 8 5 11 16 0 0 0 10 59 77 100 41 60 19 0 40 52 38 20 1 7 41 29 0 0 0 0 0 0 0 0 0 0 0 0 2 6 3 0 3 14 0 0 0 0 0 0 0 0 6 64 52 74 61 0 35 42 10 0 0 0 0 0 0 9 59 84 83 36 55 62 90
0 0 0 0 0 7 4 0 0 18 8 6 27 3 0 0 0 0 0 29 30 93 30 0 24 21 13 1 0 0 0 0 24 59 47 37 0 36 0 11 3 13 24 45 42 44 13 10 29 18 0 0 0 0 0 6 9 5 0 0 0 0 0 0 0 0 0 0 0 0 0 0 0 0 10 62 30 60 26 26 33 22 0 0 0 0 0 0 0 48 51 73 71 72 87 94
0 2 31 0 0 0 0 0 0 0 0 11 66 14 0 5 18 5 0 13 9 22 0 4 35 40 13 0 0 0 0 0 31 31 46 13 12 56 34 1 4 45 34 78 20 14 21 27 46 17 0 0 0 1 38 46 10 10 0 0 0 0 0 0 0 0 0 0 2 15 7 0 0 0 32 87 65 58 85 26 41 39 1 0 0 0 0 0 13 80 47 78 74 93 57 95
0 0 13 0 0 0 33 1 0 0 0 0 34 56 0 30 91 41 7 0 30 19 1 54 58 57 15 0 1 0 0 0 67 47 57 56 17 44 42 28 1 16 32 65 38 34 49 42 46 10 0 0 0 1 41 65 11 43 1 18 2 40 44 16 2 42 14 63 75 33 0 0 0 0 6 53 48 9 44 82 68 28 11 0 0 11 0 0 60 100 90 87 68 57 64 61
10 39 9 0 0 0 3 0 0 0 0 0 13 90 33 27 69 46 5 0 63 51 6 74 38 27 8 23 21 16 9 7 47 17 35 73 64 42 51 52 12 6 54 63 5 19 63 63 31 35 30 8 0 0 25 54 27 58 5 52 36 84 31 67 69 50 88 82 22 36 6 0 0 0 0 2 12 17 1 36 71 61 34 0 0 5 9 0 48 63 61 53 45 1 4 73
26 27 0 0 0 0 0 0 0 0 0 0 0 72 92 84 84 71 21 9 25 9 12 87 97 41 39 46 77 60 47 6 5 16 66 39 70 62 70 80 30 6 95 69 64 45 53 55 64 68 56 0 0 20 23 17 16 58 45 32 22 82 13 88 72 54 64 58 36 28 2 2 0 0 0 0 2 69 29 3 59 40 26 5 0 2 1 9 46 75 11 30 40 54 38 60
17 0 3 0 0 0 0 0 0 0 0 0 17 70 62 51 52 7 0 7 3 15 48 45 100 41 37 50 35 40 76 85 11 15 50 18 40 92 40 86 12 27 45 16 48 35 71 71 57 64 3 0 40 48 63 55 28 99 83 21 13 24 74 80 59 10 15 9 43 76 50 37 11 0 0 0 0 9 5 10 25 39 34 0 0 0 0 0 0 0 9 7 2 20 3 6
0 0 30 30 0 0 0 17 29 0 0 0 0 20 74 58 16 15 0 0 0 25 67 95 46 74 21 62 91 65 40 41 93 19 2 31 2 45 71 19 69 36 78 64 61 26 87 34 17 24 40 2 14 80 57 48 54 66 89 95 14 45 78 97 28 7 0 5 45 81 78 83 54 51 10 0 0 0 0 36 25 2 22 0 0 0 2 10 0 0 14 32 32 21 0 54
0 25 39 0 0 0 0 1 69 20 0 0 0 0 61 16 13 0 0 0 4 40 55 90 38 79 25 69 91 90 46 94 61 0 57 51 3 9 45 73 10 59 23 61 45 73 79 57 59 70 35 7 29 60 21 56 22 55 77 54 87 86 59 76 37 0 10 59 78 53 100 61 38 36 66 39 75 8 0 0 0 0 0 0 0 0 2 91 97 31 12 68 82 66 62 12
71 23 7 0 0 0 11 68 59 31 13 0 0 0 55 7 0 0 0 0 17 52 14 64 55 51 70 82 75 99 52 52 22 22 63 37 0 22 16 50 44 80 54 100 17 78 44 23 4 2 7 0 19 25 8 31 52 98 58 45 94 98 72 67 22 0 0 37 51 82 96 20 14 46 45 48 71 58 0 0 0 0 0 0 0 0 1 46 86 26 70 84 93 64 23 84
27 0 0 0 0 0 58 24 7 29 41 0 0 0 9 5 0 0 0 0 0 0 3 31 67 40 64 81 66 54 72 9 42 8 49 0 0 37 20 60 22 76 81 40 2 11 18 22 1 31 44 1 0 0 12 76 91 90 84 32 74 92 83 53 9 4 0 13 44 69 83 2 56 81 75 44 56 18 6 0 0 0 0 0 0 0 0 13 36 32 40 89 71 74 23 28
0 0 0 0 0 16 11 12 14 12 30 33 1 0 0 0 0 0 0 0 0 0 50 97 73 33 72 48 27 38 10 0 9 38 24 0 3 6 18 17 29 19 23 25 21 52 38 0 35 61 57 41 0 0 0 68 60 72 100 50 26 24 11 6 31 67 17 15 55 88 66 1 31 18 20 70 34 17 24 0 0 0 0 0 0 0 0 0 29 77 84 65 5 31 49 82
0 0 0 0 0 1 0 4 12 18 6 24 26 8 2 0 0 0 5 4 0 1 53 97 85 58 87 56 71 71 11 11 16 3 4 6 36 13 0 34 40 13 0 0 0 5 10 43 60 49 74 57 7 0 10 49 38 60 100 70 18 20 4 8 9 21 0 17 59 16 15 21 14 4 21 61 30 47 47 12 0 0 0 1 0 0 0 2 21 9 41 78 6 12 14 8
0 0 0 0 0 0 0 0 7 42 13 0 5 17 17 15 12 15 36 1 0 0 0 44 83 24 14 15 31 81 51 50 17 21 46 44 42 5 19 85 77 12 55 41 54 78 80 66 56 71 69 35 10 0 27 74 33 43 96 100 19 0 3 66 23 42 5 9 25 15 19 9 7 33 54 29 94 58 53 8 16 39 24 35 4 0 0 0 0 11 60 71 60 52 11 19
0 0 0 0 0 0 0 0 0 2 17 0 0 9 79 22 16 50 2 0 0 0 0 0 16 1 14 18 29 49 30 63 35 66 24 44 100 37 57 75 65 15 23 28 80 96 90 56 74 78 47 9 1 0 47 92 94 80 95 89 41 63 67 54 63 42 42 13 10 31 7 8 21 34 21 35 50 57 46 1 34 71 75 61 3 0 0 0 0 2 29 75 86 30 16 11
0 0 0 0 0 0 22 0 16 45 14 0 9 43 18 0 0 7 0 0 0 9 19 0 35 53 17 0 8 17 9 32 14 4 49 95 36 13 41 97 73 0 9 3 5 75 45 21 56 92 31 53 7 3 23 67 69 53 41 23 26 63 62 21 51 53 43 6 15 10 14 45 39 5 38 96 79 48 59 4 10 45 65 79 5 0 14 5 0 0 0 51 57 35 31 0
34 68 57 43 38 32 16 0 0 0 0 0 4 0 0 0 0 0 1 0 0 10 2 6 21 11 0 0 0 0 8 0 24 52 60 11 57 59 81 100 100 24 12 74 42 87 71 72 95 31 4 1 1 20 51 86 91 73 40 0 0 60 35 55 22 38 32 23 52 27 71 60 67 56 45 81 39 73 100 38 25 31 39 12 0 37 63 47 4 0 0 0 42 0 0 0
32 10 11 0 7 9 0 0 0 0 0 0 0 0 0 0 0 0 14 7 31 73 69 65 50 7 0 0 0 26 51 20 13 10 15 30 78 14 70 97 55 26 29 36 75 100 89 88 68 0 0 0 28 51 65 96 50 87 43 6 0 53 36 76 60 63 25 43 30 0 24 76 46 52 88 71 61 96 97 30 10 6 33 38 9 91 4 70 51 5 0 0 0 0 0 0
47 5 0 0 0 0 0 0 0 0 0 0 0 9 13 21 0 0 25 45 19 17 9 24 13 27 23 7 0 0 0 5 66 64 74 92 64 8 54 61 89 100 57 97 100 100 58 23 2 0 0 13 58 44 54 77 48 7 71 57 1 0 0 0 38 15 59 42 13 13 29 58 59 68 94 44 42 99 100 75 10 39 25 1 7 87 29 14 0 0 0 0 1 45 3 19
16 0 0 0 0 0 0 0 0 0 8 31 27 25 13 10 0 0 3 33 0 0 0 23 30 35 16 75 17 14 17 33 30 72 71 81 51 33 16 65 100 100 100 100 100 97 56 57 25 0 0 51 76 62 67 66 51 69 52 58 25 0 0 8 53 74 74 44 33 47 65 89 71 4 44 18 83 100 92 73 62 70 81 24 13 85 60 0 0 0 0 0 17 43 1 38
0 0 0 0 7 4 0 0 0 23 26 27 13 29 30 22 0 0 0 23 12 0 0 0 0 0 32 47 19 16 38 51 24 14 37 41 18 10 79 100 100 100 98 100 100 92 39 51 17 0 16 77 84 60 83 84 20 52 11 39 34 37 56 85 82 65 5 14 29 62 64 96 92 63 61 55 100 97 97 78 70 24 44 0 54 89 38 6 0 0 0 0 60 37 41 40
0 0 0 1 40 17 0 5 23 64 26 66 37 23 20 7 0 0 1 11 1 0 0 4 17 9 5 17 30 21 16 97 78 37 14 27 0 52 100 100 100 91 17 77 100 93 65 16 0 3 53 84 71 63 66 50 10 87 48 89 29 62 53 43 49 9 62 57 60 84 78 41 29 32 39 53 97 60 78 75 37 10 17 6 80 47 59 50 1 3 0 1 74 80 56 45
18 1 5 51 33 0 25 42 58 65 10 48 36 0 5 1 0 0 27 87 79 67 57 92 70 51 55 75 86 13 19 84 99 47 22 2 20 95 62 65 58 74 77 97 55 38 16 0 0 38 94 45 52 69 33 6 5 81 22 67 5 58 25 13 6 36 84 95 92 38 28 47 39 12 18 32 25 55 67 100 82 73 54 59 91 11 31 11 0 2 9 14 92 86 46 58
30 8 23 15 5 10 69 40 23 11 48 54 18 22 11 2 0 0 44 80 43 28 39 64 18 47 100 99 69 14 48 33 51 12 11 10 41 42 24 36 41 50 100 100 99 32 1 0 7 70 63 91 37 25 57 36 26 38 19 61 24 44 48 62 53 17 86 49 66 37 51 74 92 79 63 45 22 66 100 77 58 80 36 78 71 23 91 60 25 0 9 35 90 50 41 50
6 0 0 0 55 37 40 17 75 77 30 15 10 0 11 23 3 0 11 19 63 37 4 23 20 31 36 62 20 0 19 0 0 0 43 34 58 58 29 33 60 97 100 90 39 1 0 18 39 2 20 77 13 72 100 74 0 1 0 1 0 17 54 73 55 46 59 67 92 82 89 97 100 100 82 63 71 73 77 78 42 13 75 100 77 14 67 53 15 0 9 52 62 77 89 44
15 2 1 26 55 34 68 59 49 7 31 29 2 27 7 13 29 0 0 27 85 84 59 36 69 90 31 0 3 6 11 10 13 56 89 15 36 45 100 100 96 75 25 46 48 1 0 37 68 35 51 53 8 73 37 36 0 21 1 1 13 78 91 95 68 99 95 100 100 86 81 100 100 100 100 98 100 98 86 100 71 84 100 100 56 2 66 50 0 0 1 31 76 100 63 73
32 8 44 59 84 33 89 98 9 10 44 24 37 11 23 21 0 0 0 41 60 59 82 9 0 9 48 24 16 11 21 80 74 92 100 14 41 99 100 86 17 1 44 97 73 46 3 23 58 4 23 45 35 20 0 0 9 47 2 53 67 55 76 100 100 100 95 100 89 16 25 98 94 99 100 100 100 87 83 100 63 100 100 100 46 32 96 50 0 0 1 36 85 65 59 79
12 0 29 45 22 12 27 65 12 42 33 47 30 1 6 0 0 0 0 16 75 55 80 46 1 1 6 72 83 78 100 90 64 43 21 1 81 100 54 2 27 84 75 27 24 66 2 31 65 52 45 58 88 99 24 0 29 21 58 90 98 95 92 100 100 97 73 99 54 35 33 43 76 98 100 89 97 100 100 83 82 100 100 89 14 59 92 9 2 37 72 71 100 99 67 75
0 17 16 22 19 0 34 45 31 35 26 77 16 1 47 41 23 8 0 0 8 42 47 0 4 3 0 21 85 83 96 100 99 36 44 55 100 81 22 51 60 54 24 5 43 50 12 39 56 100 82 71 99 77 75 81 71 45 82 95 53 91 100 100 96 30 74 55 81 95 68 24 26 91 98 86 53 100 95 59 100 100 96 41 42 81 66 34 0 58 97 87 94 66 51 93
1 29 0 9 59 38 47 45 0 0 42 38 81 38 87 97 26 22 0 0 0 2 26 5 3 0 0 0 10 1 6 23 42 9 33 85 52 36 40 12 39 93 52 75 36 12 15 49 93 100 92 96 96 57 100 100 38 32 93 69 46 93 100 100 85 81 31 0 50 44 80 59 32 78 45 95 47 86 63 89 100 84 39 58 100 34 8 0 0 44 84 90 67 2 37 32
2 35 54 82 55 61 76 75 46 75 42 43 76 100 100 88 19 69 12 0 0 7 57 45 38 37 41 32 9 0 0 0 0 26 22 38 99 61 51 55 90 58 100 93 85 28 55 100 100 79 93 72 67 84 100 100 90 94 99 95 98 91 66 39 0 6 56 10 17 25 10 34 59 100 27 49 98 63 66 80 47 39 72 72 52 3 0 0 0 39 86 72 14 4 18 0
64 94 39 39 14 13 100 100 100 94 68 73 81 77 90 48 92 86 11 0 4 34 33 12 76 63 88 87 73 15 41 43 43 55 90 97 86 54 82 45 23 57 100 93 58 67 100 100 100 100 100 57 87 100 100 100 100 100 100 88 34 5 0 0 0 4 99 55 36 82 44 62 84 98 28 16 68 84 72 83 67 73 68 66 16 0 0 0 14 79 74 18 47 52 65 44
55 66 38 97 100 99 63 76 98 48 42 13 43 89 61 81 41 39 0 0 26 66 66 10 34 69 54 52 61 25 97 33 48 28 89 100 40 64 43 18 44 99 60 94 61 97 100 100 69 100 100 93 74 85 64 63 84 52 12 50 3 40 76 63 58 49 98 70 42 5 21 28 97 80 71 63 54 80 28 53 61 43 18 1 7 25 47 72 42 51 71 38 51 43 40 55
33 57 45 57 66 30 63 100 66 53 88 66 68 77 13 7 5 17 3 0 40 94 100 74 21 49 100 80 7 62 47 95 95 100 88 70 2 9 11 28 96 42 47 49 76 100 91 93 45 100 100 100 100 70 61 37 8 17 29 31 0 0 7 43 83 98 28 55 67 6 38 79 36 12 67 35 23 15 21 44 3 0 0 23 49 69 97 58 53 41 43 52 67 63 58 88
1 0 0 21 74 46 93 100 95 45 6 10 19 49 24 72 96 87 21 12 19 77 94 77 84 98 100 86 7 92 76 73 100 61 55 57 4 0 3 62 100 91 100 78 70 100 87 99 60 100 100 79 83 86 44 61 81 50 78 77 42 0 42 14 9 69 30 54 64 76 97 95 74 44 61 37 31 6 7 79 44 41 66 95 100 99 81 56 36 66 86 57 47 41 66 88
13 5 0 47 64 89 100 100 84 0 0 11 60 92 100 100 79 54 3 17 5 37 59 100 100 100 100 82 7 52 48 95 64 42 44 3 0 0 31 79 55 66 82 68 85 80 63 91 96 100 99 83 10 7 16 59 80 35 4 34 77 4 19 65 49 32 39 41 97 92 85 78 93 74 72 62 43 13 0 59 90 80 80 77 97 98 43 32 25 82 86 69 71 39 59 75
8 0 0 3 41 65 100 80 18 1 65 91 100 95 72 44 10 1 32 67 41 33 24 83 92 88 93 100 70 61 96 62 73 78 78 25 7 32 97 100 70 15 62 34 74 39 53 91 100 95 68 28 10 25 43 72 31 65 0 24 97 43 89 81 40 4 7 45 66 67 96 85 75 73 67 67 57 29 2 57 84 81 78 59 75 40 45 39 43 33 46 22 68 43 76 75
13 40 55 14 5 1 13 54 5 0 35 96 100 85 38 38 94 71 56 92 100 56 0 27 77 98 83 94 78 67 97 67 57 83 91 50 12 65 100 84 78 98 24 6 56 60 98 100 100 36 61 14 0 4 42 79 0 58 38 69 89 56 76 95 28 1 42 34 45 71 96 61 38 59 45 64 89 47 25 51 34 38 48 57 33 15 41 92 39 28 46 36 3 26 59 51
5 4 12 35 54 14 0 46 74 31 72 99 47 52 86 58 100 100 100 80 86 62 0 33 78 100 100 100 100 96 97 74 68 77 100 40 51 91 90 48 42 100 51 77 61 91 75 85 100 100 80 100 53 8 3 35 31 21 30 82 60 59 65 69 54 72 1 2 6 9 32 46 50 46 35 72 71 68 83 36 55 89 5 37 51 63 23 30 52 28 40 16 13 5 1 28
37 0 21 32 54 64 11 86 93 99 93 28 31 4 28 99 100 97 46 72 65 85 53 27 91 95 100 83 84 58 25 13 9 39 94 84 51 100 50 28 56 100 100 79 91 99 87 96 100 89 69 35 84 30 0 18 16 18 35 39 42 38 36 18 17 22 6 68 62 54 49 41 37 24 66 78 94 64 98 75 66 93 19 46 94 42 1 31 89 53 19 44 2 38 39 5
85 18 13 33 87 80 74 76 75 34 33 37 41 27 85 89 100 98 93 54 50 77 69 31 92 83 46 27 39 46 82 74 29 3 74 79 100 67 34 43 48 100 99 91 99 87 71 80 52 10 46 67 65 14 32 52 22 9 16 42 52 44 18 3 17 3 6 76 46 62 93 82 69 75 100 96 80 99 83 96 47 49 59 80 91 55 20 92 85 94 73 42 11 20 39 34
