data/habitatmaps/RS_maps/habitat_Prunella.modularis_2015.asc
NCOLS 369 
NROWS 228 
XLLCORNER 479000 
YLLCORNER 73000 
CELLSIZE 1000 
NODATA_value -9 
[rows 0 to 58 of 228, columns 96 to 191 of 369]
-9 -9 -9 -9 -9 -9 -9 -9 -9 -9 -9 -9 -9 -9 -9 -9 -9 -9 -9 -9 -9 -9 -9 -9 -9 -9 -9 -9 -9 -9 -9 -9 -9 -9 -9 -9 -9 -9 -9 -9 -9 -9 -9 -9 -9 -9 -9 -9 -9 -9 -9 -9 -9 -9 -9 -9 -9 -9 -9 -9 -9 -9 -9 -9 -9 -9 -9 -9 -9 -9 -9 -9 -9 -9 -9 -9 -9 -9 -9 -9 -9 -9 -9 -9 -9 -9 -9 -9 -9 -9 -9 -9 -9 -9 46 71
-9 -9 -9 -9 -9 -9 -9 -9 -9 -9 -9 -9 -9 -9 -9 -9 -9 -9 -9 -9 -9 -9 -9 -9 -9 -9 -9 -9 -9 -9 -9 -9 -9 -9 -9 -9 -9 -9 -9 -9 -9 -9 -9 -9 -9 -9 -9 -9 -9 -9 -9 -9 -9 -9 -9 -9 -9 -9 -9 -9 -9 -9 -9 -9 -9 -9 -9 -9 -9 -9 -9 -9 -9 -9 -9 -9 -9 -9 -9 -9 -9 -9 -9 -9 -9 -9 -9 -9 -9 -9 -9 -9 -9 56 46 71
-9 -9 -9 -9 -9 -9 -9 -9 -9 -9 -9 -9 -9 -9 -9 -9 -9 -9 -9 -9 -9 -9 -9 -9 -9 -9 -9 -9 -9 -9 -9 -9 -9 -9 -9 -9 -9 -9 -9 -9 -9 -9 -9 -9 -9 -9 -9 -9 -9 -9 -9 -9 -9 -9 -9 -9 -9 -9 -9 -9 -9 -9 -9 -9 -9 -9 -9 -9 -9 -9 -9 -9 -9 -9 -9 -9 -9 -9 -9 -9 -9 -9 -9 -9 -9 -9 -9 -9 -9 -9 -9 -9 -9 25 78 100
-9 -9 -9 -9 -9 -9 -9 -9 -9 -9 -9 -9 -9 -9 -9 -9 -9 -9 -9 -9 -9 -9 -9 -9 -9 -9 -9 -9 -9 -9 -9 -9 -9 -9 -9 -9 -9 -9 -9 -9 -9 -9 -9 -9 -9 -9 -9 -9 -9 -9 -9 -9 -9 -9 -9 -9 -9 -9 -9 -9 -9 -9 -9 -9 -9 -9 -9 -9 -9 -9 -9 -9 -9 -9 -9 -9 -9 -9 -9 -9 -9 -9 -9 -9 -9 -9 -9 -9 -9 -9 -9 -9 10 14 46 48
-9 -9 -9 -9 -9 -9 -9 -9 -9 -9 -9 -9 -9 -9 -9 -9 -9 -9 -9 -9 -9 -9 -9 -9 -9 -9 -9 -9 -9 -9 -9 -9 -9 -9 -9 -9 -9 -9 -9 -9 -9 -9 -9 -9 -9 -9 -9 -9 -9 -9 -9 -9 -9 -9 -9 -9 -9 -9 -9 -9 -9 -9 -9 -9 -9 -9 -9 -9 -9 -9 -9 -9 -9 -9 -9 -9 -9 -9 -9 -9 -9 -9 -9 -9 -9 -9 -9 -9 -9 -9 -9 15 0 0 0 2
-9 -9 -9 -9 -9 -9 -9 -9 -9 -9 -9 -9 -9 -9 -9 -9 -9 -9 -9 -9 -9 -9 -9 -9 -9 -9 -9 -9 -9 -9 -9 -9 -9 -9 -9 -9 -9 -9 -9 -9 -9 -9 -9 -9 -9 -9 -9 -9 -9 -9 -9 -9 -9 -9 -9 -9 -9 -9 -9 -9 -9 -9 -9 -9 -9 -9 -9 -9 -9 -9 -9 -9 -9 -9 -9 -9 -9 -9 -9 -9 -9 -9 -9 -9 -9 -9 -9 -9 -9 -9 -9 60 0 0 61 35
-9 -9 -9 -9 -9 -9 -9 -9 -9 -9 -9 -9 -9 -9 -9 -9 -9 -9 -9 -9 -9 -9 -9 -9 -9 -9 -9 -9 -9 -9 -9 -9 -9 -9 -9 -9 -9 -9 -9 -9 -9 -9 -9 -9 -9 -9 -9 -9 -9 -9 -9 -9 -9 -9 -9 -9 -9 -9 -9 -9 -9 -9 -9 -9 -9 -9 -9 -9 -9 -9 -9 -9 -9 -9 -9 -9 -9 -9 -9 -9 -9 -9 -9 -9 -9 -9 -9 -9 -9 -9 75 97 26 0 7 9
-9 -9 -9 -9 -9 -9 -9 -9 -9 -9 -9 -9 -9 -9 -9 -9 -9 -9 -9 -9 -9 -9 -9 -9 -9 -9 -9 -9 -9 -9 -9 -9 -9 -9 -9 -9 -9 -9 -9 -9 -9 -9 -9 -9 -9 -9 -9 -9 -9 -9 -9 -9 -9 -9 -9 -9 -9 -9 -9 -9 -9 -9 -9 -9 -9 -9 -9 -9 -9 -9 -9 -9 -9 -9 -9 -9 -9 -9 -9 -9 -9 -9 -9 -9 -9 -9 -9 -9 -9 76 93 100 48 4 62 42
-9 -9 -9 -9 -9 -9 -9 -9 -9 -9 -9 -9 -9 -9 -9 -9 -9 -9 -9 -9 -9 -9 -9 -9 -9 -9 -9 -9 -9 -9 -9 -9 -9 -9 -9 -9 -9 -9 -9 -9 -9 -9 -9 -9 -9 -9 -9 -9 -9 -9 -9 -9 -9 -9 -9 -9 -9 -9 -9 -9 -9 -9 -9 -9 -9 -9 -9 -9 -9 -9 -9 -9 -9 -9 -9 -9 -9 -9 -9 -9 -9 -9 -9 -9 -9 -9 -9 -9 100 100 100 100 42 15 73 22
-9 -9 -9 -9 -9 -9 -9 -9 -9 -9 -9 -9 -9 -9 -9 -9 -9 -9 -9 -9 -9 -9 -9 -9 -9 -9 -9 -9 -9 -9 -9 -9 -9 -9 -9 -9 -9 -9 -9 -9 -9 -9 -9 -9 -9 -9 -9 -9 -9 -9 -9 -9 -9 -9 -9 -9 -9 -9 -9 -9 -9 -9 -9 -9 -9 -9 -9 -9 -9 -9 -9 -9 -9 -9 -9 -9 -9 -9 -9 -9 -9 -9 -9 -9 -9 -9 -9 -9 86 100 100 100 84 0 0 6
-9 -9 -9 -9 -9 -9 -9 -9 -9 -9 -9 -9 -9 -9 -9 -9 -9 -9 -9 -9 -9 -9 -9 -9 -9 -9 -9 -9 -9 -9 -9 -9 -9 -9 -9 -9 -9 -9 -9 -9 -9 -9 -9 -9 -9 -9 -9 -9 -9 -9 -9 -9 -9 -9 -9 -9 -9 -9 -9 -9 -9 -9 -9 -9 -9 -9 -9 -9 -9 -9 -9 -9 -9 -9 -9 -9 -9 -9 -9 -9 -9 -9 -9 -9 -9 -9 -9 47 74 91 96 100 100 9 0 2
-9 -9 -9 -9 -9 -9 -9 -9 -9 -9 -9 -9 -9 -9 -9 -9 -9 -9 -9 -9 -9 -9 -9 -9 -9 -9 -9 -9 -9 -9 -9 -9 -9 -9 -9 -9 -9 -9 -9 -9 -9 -9 -9 -9 -9 -9 -9 -9 -9 -9 -9 -9 -9 -9 -9 -9 -9 -9 -9 -9 -9 -9 -9 -9 -9 -9 -9 -9 -9 -9 -9 -9 -9 -9 -9 -9 -9 -9 -9 -9 -9 -9 -9 -9 -9 -9 24 40 76 44 0 30 91 12 0 0
-9 -9 -9 -9 -9 -9 -9 -9 -9 -9 -9 -9 -9 -9 -9 -9 -9 -9 -9 -9 -9 -9 -9 -9 -9 -9 -9 -9 -9 -9 -9 -9 -9 -9 -9 -9 -9 -9 -9 -9 -9 -9 -9 -9 -9 -9 -9 -9 -9 -9 -9 -9 -9 -9 -9 -9 -9 -9 -9 -9 -9 -9 -9 -9 -9 -9 -9 -9 -9 -9 -9 -9 -9 -9 -9 -9 -9 -9 -9 -9 -9 -9 -9 -9 -9 -9 32 77 61 58 7 46 100 24 12 0
-9 -9 -9 -9 -9 -9 -9 -9 -9 -9 -9 -9 -9 -9 -9 -9 -9 -9 -9 -9 -9 -9 -9 -9 -9 -9 -9 -9 -9 -9 -9 -9 -9 -9 -9 -9 -9 -9 -9 -9 -9 -9 -9 -9 -9 -9 -9 -9 -9 -9 -9 -9 -9 -9 -9 -9 -9 -9 -9 -9 -9 -9 -9 -9 -9 -9 -9 -9 -9 -9 -9 -9 -9 -9 -9 -9 -9 -9 -9 -9 -9 -9 -9 -9 -9 -9 58 97 75 95 74 88 79 87 92 25
-9 -9 -9 -9 -9 -9 -9 -9 -9 -9 -9 -9 -9 -9 -9 -9 -9 -9 -9 -9 -9 -9 -9 -9 -9 -9 -9 -9 -9 -9 -9 -9 -9 -9 -9 -9 -9 -9 -9 -9 -9 -9 -9 -9 -9 -9 -9 -9 -9 -9 -9 -9 -9 -9 -9 -9 -9 -9 -9 -9 -9 -9 -9 -9 -9 -9 -9 -9 -9 -9 -9 -9 -9 -9 -9 -9 -9 -9 -9 -9 71 74 98 58 38 100 72 58 44 34 71 7 75 57 56 47
-9 -9 -9 -9 -9 -9 -9 -9 -9 -9 -9 -9 -9 -9 -9 -9 -9 -9 -9 -9 -9 -9 -9 -9 -9 -9 -9 -9 -9 -9 -9 -9 -9 -9 -9 -9 -9 -9 -9 -9 -9 -9 -9 -9 -9 -9 -9 -9 -9 -9 -9 -9 -9 -9 -9 -9 -9 -9 -9 -9 -9 -9 -9 -9 -9 -9 -9 -9 -9 -9 -9 -9 -9 -9 -9 -9 70 90 10 22 24 24 63 93 41 93 77 12 0 0 8 0 37 8 22 77
-9 -9 -9 -9 -9 -9 -9 -9 -9 -9 -9 -9 -9 -9 -9 -9 -9 -9 -9 -9 -9 -9 -9 -9 -9 -9 -9 -9 -9 -9 -9 -9 -9 -9 -9 -9 -9 -9 -9 -9 -9 -9 96 100 100 100 -9 -9 -9 -9 -9 -9 -9 -9 -9 -9 -9 -9 -9 -9 -9 -9 -9 -9 -9 -9 -9 -9 -9 -9 -9 -9 -9 -9 -9 96 67 65 29 70 55 87 91 100 57 58 72 48 0 8 4 0 51 6 25 32
-9 -9 -9 -9 -9 -9 -9 -9 -9 -9 -9 -9 -9 -9 -9 -9 -9 -9 -9 -9 -9 -9 -9 -9 -9 -9 -9 -9 -9 -9 -9 -9 -9 -9 -9 0 0 0 22 75 50 99 100 100 100 68 85 94 92 54 -9 -9 -9 -9 -9 -9 -9 -9 -9 -9 -9 -9 -9 -9 -9 -9 -9 -9 -9 -9 -9 -9 -9 39 36 77 76 26 46 68 71 87 98 73 75 19 0 73 36 61 44 3 20 19 27 19
-9 -9 -9 -9 -9 -9 -9 -9 -9 -9 -9 -9 -9 -9 -9 -9 -9 -9 -9 -9 -9 -9 -9 -9 -9 -9 -9 -9 -9 -9 -9 23 0 0 8 9 0 0 5 84 80 99 100 100 100 100 41 9 86 78 86 -9 100 97 95 86 100 93 81 43 46 0 -9 -9 -9 -9 -9 -9 -9 -9 -9 -9 100 23 17 55 85 18 53 78 100 90 46 26 100 62 29 75 27 10 10 43 4 41 32 22
-9 -9 -9 -9 -9 -9 -9 -9 -9 -9 -9 -9 -9 -9 -9 -9 -9 -9 -9 -9 -9 -9 -9 -9 -9 -9 -9 -9 -9 -9 37 12 0 12 25 74 7 0 28 37 47 63 96 100 100 100 94 36 23 8 37 4 62 93 64 70 58 80 81 99 43 2 22 92 100 100 -9 -9 -9 -9 98 72 100 68 20 67 92 66 24 66 79 22 0 9 53 83 70 22 11 7 22 49 2 38 55 33
-9 -9 -9 -9 -9 -9 -9 -9 -9 -9 -9 -9 -9 -9 -9 -9 -9 -9 -9 -9 -9 -9 -9 -9 -9 -9 -9 -9 100 16 40 42 13 36 0 51 0 0 69 21 12 1 86 100 100 100 93 79 68 53 91 45 57 96 4 29 21 49 73 100 76 64 87 100 99 66 31 -9 -9 38 40 27 22 82 33 96 100 53 8 4 14 27 16 63 9 49 12 0 6 17 31 47 36 48 41 40
-9 -9 -9 -9 -9 -9 -9 -9 -9 -9 -9 -9 -9 -9 -9 -9 -9 -9 -9 -9 -9 -9 -9 -9 -9 -9 -9 70 84 7 62 77 2 47 18 21 0 9 56 15 0 87 95 97 94 84 59 99 92 100 100 58 96 89 4 74 63 45 97 100 67 100 100 100 95 20 1 36 40 56 8 36 0 59 82 99 87 16 9 0 1 15 18 44 0 62 44 72 82 96 29 44 22 23 34 0
-9 -9 -9 -9 -9 -9 -9 -9 -9 -9 -9 -9 -9 -9 -9 -9 -9 -9 -9 -9 -9 -9 -9 -9 -9 4 0 53 96 12 46 51 4 27 19 0 0 18 13 16 30 100 95 52 87 72 0 77 100 100 100 38 96 78 1 37 20 20 29 89 100 100 62 83 84 50 15 33 19 30 90 82 57 80 93 20 23 0 0 0 18 15 5 2 20 31 83 100 98 48 25 56 23 2 0 25
-9 -9 -9 -9 -9 -9 -9 -9 -9 -9 -9 -9 -9 -9 -9 -9 -9 -9 -9 -9 -9 -9 -9 -9 0 12 5 86 100 46 31 64 39 5 0 0 0 0 0 0 17 97 51 11 19 51 6 24 55 44 24 4 21 1 0 0 60 12 8 53 100 100 99 41 75 11 28 65 68 80 95 27 12 89 92 42 10 0 23 14 25 51 50 4 45 48 100 76 31 13 30 55 11 0 0 30
-9 -9 -9 -9 -9 -9 -9 -9 -9 -9 -9 -9 -9 -9 -9 -9 -9 -9 -9 -9 -9 -9 -9 0 0 1 21 7 47 67 2 14 69 41 0 0 0 0 0 0 51 74 3 0 21 53 31 24 31 27 52 40 2 4 19 1 58 75 54 6 90 98 77 40 54 28 12 46 34 100 78 45 47 72 54 19 29 23 26 27 25 75 91 77 52 8 16 31 31 69 68 99 21 9 42 48
-9 -9 -9 -9 -9 -9 -9 -9 -9 -9 -9 -9 -9 -9 -9 -9 -9 -9 -9 -9 -9 -9 19 27 3 0 0 0 14 0 7 31 0 21 9 5 0 0 0 0 0 0 0 26 34 0 56 23 13 10 13 55 55 0 13 68 90 100 50 2 0 79 74 0 32 2 0 69 90 72 27 68 74 64 99 47 0 0 11 27 69 54 40 48 83 87 28 0 49 65 5 9 45 48 93 91
-9 -9 -9 -9 -9 -9 -9 -9 -9 -9 -9 -9 -9 -9 -9 -9 -9 -9 -9 -9 -9 27 58 2 0 0 0 25 55 8 12 60 13 0 0 16 38 1 0 0 0 0 0 42 54 79 100 78 46 0 16 79 59 1 45 90 51 18 37 14 9 72 100 9 64 62 0 14 35 34 67 34 41 27 68 2 0 7 21 65 62 37 4 0 38 60 6 51 38 73 56 14 0 3 38 28
16 23 72 63 -9 -9 -9 -9 -9 -9 -9 -9 -9 -9 -9 -9 -9 -9 -9 -9 8 25 21 10 0 0 14 64 60 16 1 11 13 0 0 22 51 9 0 13 22 0 10 28 75 96 100 63 16 0 0 21 73 87 64 57 5 56 61 1 22 77 100 24 15 77 56 48 21 79 100 99 98 98 85 47 11 46 89 63 9 0 29 42 16 9 32 34 2 0 19 58 41 4 33 18
0 23 45 100 100 100 100 9 6 -9 -9 -9 -9 -9 -9 -9 -9 -9 -9 -9 0 0 0 2 37 31 71 17 0 1 0 0 0 0 0 0 2 32 12 17 48 0 2 56 94 67 100 96 45 0 3 0 23 98 100 76 90 52 26 23 29 13 97 41 0 24 43 81 96 100 40 43 52 62 66 20 61 70 1 0 0 0 32 53 32 16 40 54 21 0 0 68 48 16 79 67
0 3 39 25 60 100 100 69 0 3 74 55 44 -9 -9 -9 -9 -9 -9 3 0 17 12 8 36 8 0 0 0 2 0 0 0 28 0 0 0 15 17 0 2 0 16 37 37 45 74 65 56 8 57 2 23 79 87 85 71 75 34 96 57 60 100 43 46 77 21 46 98 28 10 54 0 1 48 9 26 4 2 13 2 11 20 71 17 25 17 90 52 0 0 0 62 63 22 58
4 0 16 0 59 100 100 76 31 6 0 8 14 16 -9 -9 -9 -9 52 39 0 5 0 6 28 3 4 4 0 15 8 0 0 9 0 0 0 0 0 0 0 0 38 64 45 32 70 67 54 79 94 56 0 12 60 3 16 62 60 44 30 41 100 74 59 96 82 84 72 0 12 33 35 38 43 17 44 54 73 100 54 84 35 16 2 3 17 86 97 35 0 0 50 91 81 55
12 18 22 28 57 100 100 97 61 28 0 31 31 2 0 0 3 0 6 51 15 25 66 3 26 5 11 24 62 50 0 0 0 0 0 0 0 16 41 33 6 17 60 64 57 23 99 78 58 81 12 10 0 32 62 48 45 76 90 99 23 58 100 96 76 73 1 53 54 6 42 13 74 34 0 20 81 56 60 26 69 75 35 18 29 1 0 66 88 98 61 0 7 77 94 12
63 26 0 18 15 74 73 89 88 28 16 33 0 32 0 39 25 0 0 0 6 13 19 12 10 0 0 0 19 21 14 2 0 0 0 0 0 6 32 4 0 98 37 96 79 56 100 84 7 0 0 0 1 63 9 0 0 0 0 9 22 38 100 96 96 93 46 11 83 46 2 7 5 1 8 95 59 40 6 0 43 59 44 30 68 13 11 17 32 53 72 51 49 23 40 6
79 33 5 0 10 30 7 31 99 32 22 0 0 39 5 2 16 15 23 15 0 0 0 37 18 59 19 0 6 12 12 14 0 0 0 0 0 0 0 0 25 17 56 78 89 99 75 10 0 0 0 0 7 99 43 0 0 0 0 32 0 12 31 15 16 13 52 72 81 19 0 1 80 75 80 69 66 0 0 3 30 64 29 79 16 67 11 11 18 42 23 38 60 82 19 27
72 74 38 0 21 7 2 29 95 86 76 23 0 10 34 18 21 41 52 16 0 0 0 3 18 1 11 0 17 46 10 25 0 0 0 0 0 0 0 1 9 16 0 0 12 25 1 0 0 0 1 8 20 45 0 0 0 0 19 14 0 0 0 0 0 0 2 58 31 18 1 33 48 100 66 32 34 0 22 0 22 0 34 54 59 85 21 5 0 39 75 50 39 25 66 26
6 40 70 11 5 15 0 1 28 55 100 44 0 10 23 75 11 24 46 1 0 30 0 0 0 0 38 37 0 27 38 31 6 8 0 0 0 0 0 31 94 45 0 0 0 0 0 0 22 66 78 100 80 94 70 49 58 23 65 93 75 35 66 20 0 0 0 78 100 64 8 24 44 51 2 21 12 1 34 44 61 62 78 61 51 75 0 0 0 24 68 5 79 100 97 22
55 77 95 39 32 16 29 0 0 24 62 2 25 54 35 75 33 2 48 83 77 62 53 23 72 81 68 1 2 17 17 48 70 51 0 0 0 0 2 1 35 0 0 0 0 0 0 2 83 93 89 97 45 6 19 54 66 79 49 39 60 64 27 32 55 33 7 46 42 84 17 19 78 25 6 36 80 60 84 100 100 60 86 13 48 50 19 30 10 33 30 9 30 79 78 45
20 9 76 84 73 22 64 31 2 69 58 13 2 46 21 63 90 31 4 27 56 100 99 86 61 62 0 0 9 26 3 28 26 0 0 0 0 0 18 32 0 36 44 6 0 16 0 2 65 62 3 5 1 0 38 7 36 82 60 0 24 19 48 35 17 28 50 16 7 22 33 18 77 74 93 92 94 33 53 92 80 54 92 20 13 37 98 98 98 81 17 7 0 11 2 42
0 1 71 64 26 18 69 10 53 13 18 0 0 0 2 17 73 15 0 0 0 56 37 49 67 95 53 63 80 84 15 75 25 0 11 34 11 7 24 73 12 24 75 30 52 20 0 41 4 0 0 25 22 35 46 57 49 0 30 69 34 26 4 16 1 47 68 58 0 0 63 67 47 54 7 68 66 57 36 57 48 4 2 0 0 52 91 58 95 100 98 21 1 45 3 15
27 64 76 4 0 0 40 34 14 6 0 0 58 87 17 11 93 26 17 8 0 0 0 50 100 96 63 34 24 16 6 2 19 0 60 41 50 40 16 39 59 100 97 71 23 3 0 61 68 0 70 89 85 66 39 8 13 0 10 62 48 9 5 10 33 4 8 15 0 0 35 36 20 0 20 43 82 90 54 28 58 30 35 67 42 1 6 51 68 98 96 4 0 17 17 0
97 79 69 52 35 93 99 59 33 0 0 44 64 67 99 61 77 89 90 91 40 3 0 15 87 50 0 7 0 0 0 0 0 0 19 75 19 27 3 91 100 59 96 73 54 17 0 91 100 54 76 44 38 4 18 54 42 24 33 36 6 0 0 71 100 40 0 0 2 29 42 1 38 0 6 0 68 39 23 31 72 26 100 61 6 4 0 0 0 39 74 27 6 0 6 5
37 0 10 69 64 100 92 51 0 0 36 100 53 4 47 62 45 54 80 91 8 0 2 68 31 0 2 46 53 36 16 0 0 0 0 1 0 25 5 94 96 55 97 74 87 75 15 12 49 96 82 96 82 45 43 9 54 52 8 6 31 33 67 95 54 32 10 32 74 39 42 16 29 0 30 77 27 50 50 12 43 22 13 0 27 47 72 33 9 10 35 46 17 22 56 42
21 9 0 3 78 100 100 64 0 14 90 67 30 26 0 41 53 19 0 22 25 25 32 42 12 0 53 80 16 41 47 41 25 0 0 0 0 0 2 68 64 7 43 38 43 77 64 10 25 42 83 58 13 51 95 25 18 6 22 67 28 100 100 61 32 22 39 75 43 46 20 2 35 0 57 65 16 59 73 18 29 65 17 6 22 15 75 91 69 50 3 48 84 91 100 99
16 0 0 22 76 98 12 42 17 65 68 67 30 73 55 89 99 87 45 11 0 5 0 16 10 33 26 0 11 22 37 31 93 56 59 18 0 8 43 100 90 38 71 29 27 58 31 37 50 7 21 2 2 30 39 17 0 9 41 10 66 54 93 80 46 55 49 36 33 40 12 29 80 45 61 59 80 88 57 41 86 67 67 8 54 23 35 72 71 66 10 0 7 34 80 87
0 0 0 36 94 54 1 12 84 25 0 3 45 100 74 95 99 97 96 92 62 7 1 67 57 58 46 78 99 82 79 90 100 84 33 10 7 57 81 80 33 81 69 40 73 16 17 19 73 87 92 84 17 29 1 32 0 24 53 61 25 57 39 93 77 39 5 0 4 46 50 23 47 57 69 81 88 45 16 29 28 66 42 28 77 4 21 50 43 100 17 0 0 37 73 9
0 0 6 32 96 65 10 60 44 55 49 55 98 67 100 90 52 66 58 94 100 98 94 88 84 100 100 92 81 88 27 46 48 43 82 59 40 14 77 32 32 63 12 29 35 77 52 25 46 23 92 34 23 48 16 90 68 75 60 94 33 65 11 17 25 74 14 0 43 85 60 40 85 91 25 35 46 8 0 1 33 1 15 1 0 38 44 35 53 71 89 29 6 21 59 0
46 32 67 37 70 74 5 63 37 88 40 55 62 97 84 77 60 59 24 41 36 83 100 98 78 93 85 74 65 75 82 51 52 46 39 69 29 19 70 20 28 63 28 38 31 76 40 22 69 70 88 50 50 57 68 64 99 89 60 69 0 12 15 4 3 84 95 24 40 40 51 21 48 36 28 21 30 44 1 44 98 53 0 1 0 20 44 20 2 29 100 89 10 48 0 32
5 0 42 1 29 81 98 100 87 60 25 27 47 67 62 34 42 12 70 78 98 98 97 70 82 68 20 75 14 42 62 11 18 87 87 64 62 81 86 50 33 8 50 78 5 25 57 51 42 56 59 47 24 75 23 64 85 31 1 55 3 0 19 70 65 66 57 51 39 73 50 75 63 50 60 44 58 61 40 14 70 98 20 18 76 51 79 32 5 37 52 71 78 9 0 30
0 0 2 0 0 18 22 30 89 76 31 89 97 36 38 67 24 33 68 61 70 53 18 39 52 55 60 17 18 28 0 14 0 14 69 70 77 56 74 54 16 35 86 83 71 52 79 44 7 10 6 46 42 62 4 45 24 69 5 14 16 61 82 48 60 75 81 68 90 76 71 41 53 48 75 69 62 3 14 4 36 82 92 40 5 31 21 25 61 18 0 23 77 89 3 0
12 0 0 0 37 0 0 32 77 46 94 65 33 9 47 19 45 45 72 76 89 60 29 45 37 32 88 84 28 6 0 0 0 21 94 69 63 44 45 68 89 46 1 32 73 13 31 11 28 36 26 10 1 26 0 26 12 21 0 0 32 96 47 48 76 69 50 73 56 5 0 12 4 3 65 61 36 34 27 25 0 8 51 41 7 24 4 0 6 66 23 12 75 51 44 0
0 0 0 2 46 35 48 47 99 92 100 51 2 12 50 57 65 85 81 48 72 88 68 19 34 59 96 97 75 6 0 0 0 46 45 84 58 44 73 75 41 61 18 26 56 6 50 21 5 10 0 4 21 76 50 17 74 74 65 39 75 64 81 49 64 78 36 0 32 99 27 0 0 37 94 70 2 57 97 24 13 81 53 23 83 70 77 38 1 15 0 17 2 62 99 50
0 0 11 59 69 55 40 67 52 41 1 4 47 16 64 62 70 82 99 58 57 51 75 37 69 75 45 67 98 43 1 0 1 35 58 59 82 36 62 40 5 58 27 42 40 32 60 45 33 69 44 38 57 54 31 16 26 60 45 27 55 98 80 48 45 39 39 3 51 68 2 0 0 57 85 78 1 38 86 6 12 48 13 3 41 26 36 68 42 0 33 16 11 48 79 17
35 43 68 50 41 62 73 90 43 32 17 15 18 26 68 87 98 52 34 39 34 65 53 73 72 94 62 71 96 67 73 21 21 46 74 50 14 0 8 6 29 15 52 72 69 83 57 50 33 63 91 57 19 76 63 58 77 14 6 43 97 67 22 7 0 45 70 0 30 12 0 15 3 10 46 15 13 5 4 0 0 17 69 0 0 0 0 33 54 0 66 25 3 11 65 44
80 70 72 74 79 65 53 28 43 72 38 11 14 92 88 82 65 32 58 60 91 100 78 51 54 67 12 0 9 22 46 68 59 53 39 27 44 78 64 70 61 36 60 50 68 72 91 27 73 64 52 49 33 61 45 47 13 41 68 70 64 35 11 0 23 73 49 38 54 68 9 78 16 26 99 95 78 23 22 12 22 82 46 24 0 10 83 45 46 7 25 21 50 12 15 26
72 49 73 85 75 49 38 51 52 48 78 37 69 87 35 17 3 0 4 0 18 31 31 90 94 100 95 80 75 93 85 31 38 94 74 70 44 84 65 68 73 74 28 37 23 24 30 62 78 57 60 43 53 42 36 36 72 36 57 52 62 27 3 26 71 42 0 23 40 84 50 5 25 13 19 68 100 46 61 69 100 74 44 43 0 0 33 42 45 44 8 59 13 22 26 7
59 52 42 43 44 83 69 50 68 9 56 79 39 19 22 10 0 0 0 0 0 0 0 21 21 30 33 8 12 32 7 61 95 84 71 33 47 59 63 53 53 40 34 64 59 85 46 50 49 48 55 45 48 80 44 51 67 61 91 68 11 18 14 44 18 21 0 0 65 100 41 0 37 99 46 2 17 100 63 9 24 75 71 100 45 1 0 0 2 57 79 91 43 58 6 0
64 43 65 53 36 48 41 52 2 38 74 72 68 16 17 31 0 0 2 10 0 0 0 0 4 23 0 0 0 0 17 75 37 73 68 56 92 64 30 34 61 51 3 14 23 20 35 83 35 30 20 34 97 67 75 98 100 88 69 44 4 60 18 7 19 13 0 8 95 97 10 0 46 88 91 71 14 63 83 1 0 12 5 85 100 65 0 0 0 2 76 100 52 14 3 0
22 8 48 55 65 72 48 17 0 71 65 20 47 0 0 0 0 0 44 41 0 3 31 50 12 32 39 15 5 0 29 60 45 66 46 77 66 51 73 64 40 16 62 64 55 25 45 30 85 52 14 29 79 100 100 36 28 5 1 3 10 17 60 15 31 37 34 49 100 55 0 0 22 65 74 59 13 76 86 20 0 21 21 74 100 100 19 28 0 0 19 93 95 38 9 35
31 14 79 87 62 43 35 0 0 0 0 0 0 7 26 25 0 8 7 9 30 59 90 68 66 86 54 65 70 60 59 100 100 69 47 45 30 41 54 52 42 69 45 34 32 64 68 46 35 25 34 88 100 85 68 3 0 2 14 65 32 100 69 67 77 81 58 43 88 0 0 0 41 100 58 68 21 66 56 7 6 29 24 0 34 81 4 31 17 2 0 14 75 9 22 41
