data/habitatmaps/RS_maps/habitat_Fringilla.coelebs_2015.asc
NCOLS 369 
NROWS 228 
XLLCORNER 479000 
YLLCORNER 73000 
CELLSIZE 1000 
NODATA_value -9 
[rows 124 to 185 of 228, columns 192 to 287 of 369]
42 83 5 0 0 0 0 0 0 0 0 0 8 0 0 0 0 0 48 76 67 58 0 0 0 0 0 0 0 0 0 0 0 0 0 0 0 0 3 66 100 87 27 0 6 47 65 29 18 85 87 91 64 67 97 74 39 0 0 8 6 2 23 15 88 28 78 39 9 0 0 0 24 81 77 50 0 0 37 7 20 34 35 18 83 47 41 2 0 2 64 78 63 0 0 0
30 34 48 5 0 0 0 0 0 0 0 0 0 22 13 8 32 6 92 34 73 13 0 0 0 0 0 0 0 0 0 0 0 0 0 0 0 62 94 100 69 73 54 45 53 97 79 34 70 78 47 2 0 92 31 14 29 0 0 10 12 21 9 45 43 57 57 82 0 0 0 0 31 47 96 46 0 0 38 44 21 46 49 36 64 98 77 34 6 13 49 66 3 0 0 0
0 0 0 0 0 0 0 0 0 0 0 0 0 6 2 50 96 83 57 96 44 0 0 0 0 0 0 0 0 0 0 0 0 0 0 1 29 89 39 67 91 88 15 91 67 100 50 1 22 48 2 0 0 68 7 0 0 0 0 0 0 16 54 62 57 67 100 55 0 0 0 1 33 77 47 3 0 15 33 42 41 64 68 47 50 100 66 59 69 66 57 49 40 0 0 0
0 0 0 0 0 0 0 0 0 0 0 0 0 0 0 10 61 62 52 26 0 0 0 0 0 0 0 0 0 0 0 0 0 0 27 92 78 52 67 100 86 56 1 25 55 95 49 1 0 0 0 0 0 12 0 0 0 0 0 0 0 22 54 30 86 100 100 80 0 0 0 9 33 97 31 0 0 0 0 0 24 68 100 78 60 74 97 82 39 31 78 53 71 6 0 0
0 0 0 0 0 0 0 0 0 0 0 0 0 0 0 0 67 45 68 5 0 0 0 0 0 0 0 0 0 0 0 0 0 32 53 53 50 90 100 16 0 0 0 0 49 93 95 23 0 0 0 0 0 0 0 0 0 4 12 48 48 47 38 73 86 79 100 63 14 0 0 24 29 87 6 38 25 3 7 59 96 100 95 63 100 100 100 96 29 54 86 56 82 47 3 65
0 0 0 0 0 0 0 0 0 0 0 0 0 0 0 0 55 61 55 0 0 0 0 0 0 0 0 0 0 6 1 23 26 26 76 4 57 89 73 68 0 0 0 0 46 26 83 5 0 0 0 0 0 0 0 0 3 36 34 72 86 67 55 72 47 9 87 57 0 0 16 37 58 57 0 36 43 36 89 77 87 100 65 98 48 41 48 72 96 57 39 46 37 80 62 81
0 0 0 0 0 0 0 0 0 0 0 0 0 0 0 1 55 68 20 0 0 0 0 0 0 0 0 0 19 26 35 66 20 70 47 55 66 23 30 64 0 0 0 0 0 42 59 48 0 0 0 0 0 0 22 28 75 31 44 75 100 100 73 81 4 0 21 2 0 0 7 89 18 33 57 0 34 72 44 61 51 100 97 93 63 51 76 100 100 73 83 74 34 30 53 97
0 0 0 0 0 0 0 0 0 0 0 0 0 1 78 76 89 60 25 0 0 0 0 0 0 0 0 1 11 20 82 61 56 98 72 42 23 39 16 42 0 0 0 0 0 0 46 69 0 0 0 0 0 2 37 89 60 25 78 80 37 100 98 61 58 9 0 0 0 13 29 45 0 1 14 0 22 0 0 0 3 68 100 67 8 13 85 74 86 41 39 62 52 42 56 99
0 0 0 0 0 0 0 0 0 0 0 0 6 0 0 56 49 17 0 0 0 0 0 0 0 1 37 35 45 22 38 95 47 73 27 70 41 41 0 14 0 0 0 0 0 0 28 56 1 0 0 0 0 0 8 8 58 88 44 21 11 98 100 95 35 0 0 0 0 43 52 11 0 0 0 0 0 0 0 13 59 1 80 88 52 0 13 5 60 84 34 12 77 100 100 100
0 0 0 0 0 0 0 0 0 0 0 0 24 0 0 0 0 0 0 0 0 0 0 0 0 13 9 8 2 0 0 9 0 1 0 5 41 62 1 0 0 0 0 0 0 0 0 16 2 0 0 0 0 0 0 50 78 76 17 0 1 51 100 68 0 0 0 0 0 34 6 0 0 0 0 0 0 0 0 8 18 0 4 73 97 22 0 2 15 82 84 25 93 100 87 79
0 0 0 0 0 0 0 0 0 0 0 0 0 0 0 0 5 40 3 0 0 0 0 0 0 0 0 0 0 0 0 0 0 0 0 0 59 83 21 0 0 0 0 0 0 0 0 0 0 0 0 0 0 0 35 98 32 3 0 0 0 40 100 21 0 0 0 0 0 0 0 0 0 0 0 0 0 0 27 31 11 0 43 100 96 24 0 0 0 1 84 86 39 57 29 13
0 0 0 0 0 0 0 0 0 0 0 0 0 0 0 0 12 56 0 0 0 0 0 0 0 0 0 0 0 0 0 0 0 0 0 6 45 9 0 0 0 0 0 0 0 0 0 0 0 0 0 0 0 0 53 66 4 0 0 0 0 7 48 46 0 0 0 0 0 0 0 0 0 0 0 0 0 0 18 46 33 26 77 61 4 0 0 0 0 0 50 95 8 42 49 2
0 0 0 0 0 0 0 0 0 0 0 0 0 0 0 9 6 0 0 0 0 0 0 0 0 0 0 0 0 0 0 0 0 0 0 0 59 0 0 0 0 0 0 0 0 0 0 0 0 0 0 0 0 0 6 7 0 0 0 0 0 27 44 56 0 0 0 0 0 0 0 0 0 0 0 0 12 32 85 97 59 4 71 50 0 0 0 0 0 2 62 55 0 1 62 61
0 0 0 0 0 0 0 0 0 0 0 0 0 0 0 17 1 0 0 0 0 0 0 0 0 0 0 0 0 0 0 0 0 0 0 0 5 0 0 0 0 0 0 0 0 0 0 0 0 0 0 0 0 0 0 0 0 0 0 0 0 12 42 48 0 0 0 0 0 0 0 0 0 0 0 0 0 2 8 73 96 43 100 52 0 0 0 0 0 39 79 52 0 27 83 97
0 0 0 0 0 0 0 0 0 0 0 0 0 0 0 0 0 0 0 0 0 0 0 0 0 0 0 0 0 0 0 0 0 0 0 0 0 0 0 0 0 0 0 0 0 0 0 0 0 0 0 0 0 0 0 0 0 0 0 9 44 90 57 0 0 0 0 0 0 0 0 0 0 0 0 0 0 0 7 99 97 81 86 8 0 0 0 0 0 61 87 27 2 21 89 80
0 0 0 0 0 0 0 0 0 0 0 0 0 0 0 0 0 0 0 0 0 0 0 0 0 0 0 0 0 0 0 0 0 0 0 0 0 0 0 0 0 0 0 0 0 0 0 0 0 0 0 0 0 0 0 0 0 0 0 68 84 40 46 6 0 0 0 0 0 0 0 0 0 0 0 0 0 0 7 88 92 90 83 0 0 0 0 0 0 0 6 46 72 32 28 77
0 0 0 0 0 0 0 0 0 0 0 0 0 0 0 0 0 0 0 0 0 0 0 0 0 0 0 0 0 0 0 0 0 0 0 0 0 0 0 0 0 0 0 0 0 0 0 4 34 4 0 0 0 0 0 0 0 0 45 40 1 0 0 0 0 0 0 0 0 0 0 0 0 0 0 20 59 28 12 33 92 100 71 3 0 0 0 0 0 0 0 22 68 99 98 53
0 0 0 0 0 0 0 0 0 0 0 0 0 0 0 0 0 0 0 0 0 0 0 0 0 0 0 0 0 0 0 0 0 0 0 0 0 0 0 0 0 0 16 36 24 0 31 47 7 0 0 0 0 0 0 0 0 22 14 0 0 0 0 0 0 0 0 0 0 0 0 0 0 0 37 68 6 76 98 35 90 100 99 23 0 0 0 0 0 0 0 49 89 30 89 96
0 0 0 0 0 0 0 0 0 0 0 0 0 0 0 0 0 0 0 0 0 0 0 0 0 0 0 0 0 0 0 0 0 0 0 0 0 0 0 0 11 12 69 43 64 27 17 65 0 0 0 0 0 0 0 0 0 0 0 0 0 0 0 0 0 0 0 0 0 0 0 0 17 43 76 80 88 86 100 88 87 83 54 16 0 0 0 0 0 0 0 87 24 0 45 89
0 0 0 0 0 0 0 0 0 0 0 0 0 0 0 0 0 0 0 0 0 0 0 0 0 0 0 0 0 0 0 0 0 0 0 0 0 0 0 38 98 54 72 63 81 36 30 9 0 0 0 0 0 0 0 0 0 0 0 0 0 0 0 0 0 0 0 0 17 24 18 41 40 38 91 86 38 12 47 1 21 95 98 19 0 0 0 0 0 0 4 19 0 0 68 62
0 0 0 0 0 0 0 0 0 0 0 0 0 0 0 0 0 0 0 0 11 24 5 0 0 0 0 0 0 0 0 0 0 0 0 0 0 0 0 17 54 51 76 96 3 12 0 0 0 0 0 0 0 0 0 0 0 0 0 0 0 0 0 0 0 0 0 21 64 79 54 82 66 92 29 7 0 0 0 0 0 75 59 3 0 0 0 0 0 0 0 0 0 0 6 79
0 0 0 0 0 0 0 0 0 0 0 0 0 0 0 0 0 0 12 33 49 82 10 0 0 3 0 0 0 0 0 0 0 14 34 11 0 0 0 43 51 27 18 58 61 63 2 0 0 0 0 0 0 0 0 0 0 0 0 0 0 0 0 0 16 19 0 8 37 11 11 8 7 48 0 0 0 0 0 0 1 80 19 0 0 0 0 0 0 0 0 0 0 0 4 91
24 0 0 0 0 0 0 0 0 0 0 0 0 0 0 0 3 19 33 85 60 61 0 12 55 43 9 0 0 0 0 0 0 15 79 35 11 0 34 85 70 98 100 100 97 14 0 0 0 0 0 0 0 0 0 0 0 0 0 0 0 0 0 0 62 40 32 36 0 0 0 0 0 0 0 0 0 0 0 0 13 96 61 2 0 0 0 0 0 0 0 0 0 0 41 58
25 25 0 0 0 0 0 0 0 0 0 0 0 0 16 27 71 22 19 61 56 64 52 59 65 70 11 17 1 0 0 0 0 0 5 28 48 64 69 54 80 71 88 100 67 96 51 0 0 0 0 0 0 0 0 0 0 0 0 0 0 0 0 0 0 16 2 0 0 0 0 0 0 0 0 0 0 0 0 0 16 70 74 46 3 0 0 0 0 0 0 0 0 3 84 94
38 30 0 0 0 0 0 0 0 0 1 2 34 20 45 64 82 78 84 58 7 50 71 95 63 57 22 75 47 4 0 0 0 0 0 0 12 31 11 12 3 66 100 100 84 80 78 0 0 0 0 0 0 0 0 0 0 0 0 0 0 0 0 0 0 0 0 0 0 0 0 0 0 0 0 0 0 0 0 0 0 0 0 36 95 62 49 0 0 0 0 0 0 0 15 21
0 0 0 0 0 0 0 0 0 0 6 35 47 42 14 50 2 0 0 3 45 63 69 100 85 63 34 31 32 61 11 13 5 9 0 0 0 0 0 0 0 1 54 98 89 99 94 26 5 0 0 0 0 0 0 0 0 0 0 0 0 0 0 0 0 0 0 0 0 0 0 0 0 0 0 0 0 0 0 0 0 0 0 2 67 57 0 0 0 0 0 0 0 0 0 0
0 0 0 0 0 0 0 0 2 33 37 61 36 0 0 0 0 0 0 0 6 47 23 35 55 92 86 68 56 93 95 57 48 65 72 23 13 0 0 0 19 28 0 28 68 100 100 91 57 0 0 0 0 0 0 0 0 0 0 0 0 0 0 0 0 0 0 0 0 0 0 0 0 0 0 0 0 0 0 0 0 0 0 0 45 63 5 0 0 0 0 0 0 0 0 0
0 0 0 0 0 0 0 0 50 18 60 16 0 0 0 0 0 0 1 2 0 0 0 0 1 30 15 58 94 100 90 77 86 61 68 44 87 11 0 0 49 69 57 73 41 100 100 52 33 0 0 0 0 0 0 0 0 0 0 0 0 0 0 0 0 0 0 0 0 0 0 0 0 0 0 0 0 0 0 0 0 0 0 0 2 69 53 6 0 0 0 0 0 0 0 0
0 0 0 0 0 0 0 9 4 0 0 0 0 0 0 0 0 0 23 74 57 13 0 0 0 0 0 7 81 58 52 72 100 86 50 68 31 60 19 0 2 65 91 39 45 95 78 0 0 0 0 0 0 0 0 0 0 0 0 0 0 0 0 2 0 0 0 0 0 0 0 0 0 15 20 17 0 0 0 0 0 0 0 0 0 5 50 57 34 0 0 0 0 0 0 0
0 0 0 0 0 0 0 20 0 0 0 0 0 0 0 0 0 0 0 36 9 60 5 0 0 0 0 0 22 87 87 44 76 80 43 54 28 96 20 14 16 61 95 40 57 100 57 0 0 0 21 42 3 0 0 0 0 0 0 0 0 0 0 37 17 0 0 0 0 0 0 0 0 46 44 13 0 0 0 0 0 0 0 0 0 0 18 0 26 7 0 0 0 0 0 0
0 0 0 0 0 0 0 0 0 0 0 0 0 0 0 0 0 0 0 0 25 29 41 27 0 0 0 0 2 34 73 99 84 63 61 100 49 100 44 12 14 24 67 72 86 100 74 8 0 0 2 85 63 41 4 0 0 0 0 0 0 0 0 75 50 0 0 0 0 0 0 0 8 66 36 1 26 33 7 0 0 0 0 0 0 0 0 0 0 0 0 0 0 0 0 0
0 0 0 0 0 0 0 0 0 0 0 0 0 0 0 0 0 9 1 0 0 15 54 79 34 17 0 0 0 13 69 83 75 62 70 100 94 84 75 21 0 54 97 67 93 100 100 88 6 0 0 86 64 3 0 0 0 0 0 0 0 0 5 77 99 18 0 0 0 0 0 0 14 29 29 42 37 60 6 0 0 0 0 0 0 0 0 0 0 0 0 0 0 0 0 0
0 0 0 0 0 0 0 0 0 0 0 0 0 0 0 0 15 61 64 0 0 14 82 65 51 0 0 0 0 56 93 17 54 54 100 100 100 100 87 77 1 18 87 100 97 100 100 100 61 10 30 52 44 10 0 0 0 0 0 0 0 0 0 64 26 34 3 0 0 0 2 19 89 58 66 66 88 50 0 0 0 0 0 0 0 0 0 0 0 0 0 0 0 0 0 0
0 0 0 0 0 0 0 0 0 0 0 0 0 0 0 0 3 0 53 0 3 78 94 97 47 0 0 0 0 2 15 0 0 3 89 100 63 87 53 95 72 4 83 100 98 90 65 99 93 79 71 69 83 84 8 0 0 0 3 19 0 0 0 68 73 75 58 11 0 0 3 24 10 0 76 77 69 67 25 0 0 0 0 0 0 0 0 0 0 0 0 0 0 0 0 0
0 0 0 0 0 0 0 0 0 0 0 5 19 0 0 0 25 71 8 0 3 52 49 82 18 0 0 0 0 0 0 0 0 4 86 96 100 98 100 77 87 81 40 98 76 83 84 74 65 87 93 100 100 96 70 2 0 0 34 72 14 0 1 48 49 64 69 52 16 0 0 0 0 0 42 77 19 15 0 0 0 0 0 0 0 0 0 0 0 0 0 0 0 0 0 0
0 0 0 0 0 0 0 0 0 0 0 60 85 49 23 0 0 73 73 67 37 24 93 95 19 0 0 0 0 0 0 0 3 57 75 80 75 69 100 72 75 66 57 64 75 83 71 68 98 100 100 100 100 61 32 1 0 0 53 77 4 0 0 0 19 77 42 44 53 0 0 0 0 19 86 71 56 75 49 0 0 0 0 0 0 0 0 0 0 0 0 0 0 0 0 0
0 0 0 0 0 0 0 0 0 0 1 92 100 100 41 0 0 7 85 67 99 92 98 30 0 14 63 32 0 0 0 4 77 100 94 99 69 99 93 54 97 60 100 76 62 79 62 41 100 100 87 70 67 77 0 0 0 3 89 100 17 0 0 0 33 96 37 50 54 0 0 0 0 2 58 72 69 88 86 31 0 0 0 0 0 0 0 0 0 0 0 0 0 0 0 0
0 0 0 0 2 0 0 0 0 0 0 23 100 100 27 0 0 5 39 57 99 100 84 91 44 83 97 44 0 0 0 0 9 51 50 56 86 100 100 45 59 66 100 100 85 96 97 37 100 76 68 7 11 6 0 0 0 31 100 94 49 0 0 0 66 100 46 95 54 0 0 0 0 2 45 51 71 77 2 0 0 0 0 0 0 0 0 0 0 0 0 0 0 0 0 0
0 0 0 0 52 1 0 0 0 0 0 9 99 100 78 5 0 0 0 3 80 100 74 94 100 100 56 4 0 0 0 0 0 0 0 13 69 83 100 100 59 81 98 94 100 100 94 99 100 79 57 53 87 66 13 0 0 31 96 54 0 0 0 0 30 86 75 100 86 0 0 0 0 0 7 80 92 54 12 0 0 0 0 0 0 0 0 0 0 0 0 0 0 0 0 0
0 0 0 10 46 56 1 0 0 0 0 0 87 100 67 0 1 0 0 0 62 100 76 64 61 100 56 0 0 0 21 66 82 35 0 0 0 30 100 100 100 97 88 76 100 91 30 37 100 100 92 87 54 97 95 32 1 53 92 53 3 0 0 13 93 83 92 100 56 0 0 0 0 0 22 77 55 44 27 21 0 0 0 0 0 0 0 0 0 0 0 0 0 0 0 0
0 0 0 5 55 58 2 0 0 0 0 0 67 100 100 48 37 25 10 4 48 91 83 98 50 50 31 0 0 0 0 14 66 54 40 0 0 39 100 87 100 100 93 24 89 100 98 46 92 54 59 92 96 92 45 6 5 79 81 72 30 0 0 37 100 100 99 100 56 1 0 0 0 0 15 60 77 62 68 50 8 0 0 0 4 0 0 0 0 0 0 6 11 0 27 38
0 0 11 69 49 80 19 0 0 1 17 0 67 100 100 96 58 68 13 88 81 85 80 100 30 0 0 0 0 0 0 0 76 76 78 0 0 4 20 64 96 100 100 91 58 52 99 91 37 0 0 9 55 35 0 0 0 67 74 71 67 1 0 43 100 98 50 42 79 54 0 0 2 69 72 69 80 66 70 6 0 19 42 59 63 3 23 36 49 52 63 76 99 80 100 100
0 0 0 0 53 59 30 0 0 2 26 70 82 33 18 75 75 75 72 58 70 99 77 52 19 0 0 0 0 0 41 75 99 100 51 0 0 0 25 17 81 100 100 100 100 50 55 90 91 44 0 0 4 0 0 0 0 67 80 79 39 2 29 93 100 70 78 83 98 97 49 0 13 98 100 100 95 86 55 20 40 50 75 45 67 16 84 69 95 85 60 78 70 65 41 64
0 0 0 3 43 66 32 0 0 0 3 38 11 0 0 36 80 100 91 100 100 95 85 77 18 0 0 0 0 62 100 100 62 77 15 66 53 0 0 84 100 100 100 100 100 100 39 75 100 34 4 11 0 0 0 0 26 64 83 76 9 0 24 46 87 91 100 100 100 49 67 0 0 69 89 100 70 100 98 89 97 97 99 96 62 66 90 84 70 52 46 74 86 98 98 90
23 8 26 91 76 100 21 0 0 0 0 0 0 12 0 0 62 100 100 100 100 98 77 81 6 1 20 1 0 5 69 73 100 66 100 100 98 24 8 98 100 100 68 80 100 100 69 64 100 90 92 100 57 0 0 0 74 98 56 72 34 0 3 51 91 70 100 92 20 53 12 0 0 2 2 87 100 100 71 73 70 90 58 58 65 60 68 77 86 86 96 100 85 97 70 1
49 60 63 75 90 100 57 0 0 0 0 45 64 99 42 0 55 100 100 100 100 90 73 9 0 33 84 8 0 0 0 22 92 85 100 67 20 0 31 12 70 83 30 98 100 100 57 93 100 100 100 100 46 0 0 0 66 88 77 92 0 0 46 96 70 83 100 100 82 66 0 0 4 68 68 98 100 100 80 99 100 100 97 100 98 81 96 92 70 98 97 61 23 55 29 12
19 86 90 75 67 13 9 0 0 9 72 100 100 100 98 32 98 100 100 100 83 49 0 0 0 53 87 91 74 55 15 11 85 72 100 79 6 0 0 0 8 0 76 100 100 100 84 85 100 100 100 100 96 8 0 0 42 74 88 69 0 9 82 99 60 100 100 99 100 73 4 1 10 84 100 100 100 100 64 71 78 98 79 100 100 97 89 57 74 72 15 0 0 0 0 0
92 82 99 29 0 0 0 0 10 59 65 84 100 78 99 98 100 100 76 100 100 96 56 17 53 11 64 97 100 100 57 64 100 64 100 100 17 0 0 0 0 0 2 37 68 100 100 95 100 100 100 96 16 0 0 17 94 100 57 42 0 59 100 64 81 100 100 66 49 0 0 0 70 97 100 100 100 67 7 73 97 100 100 96 38 63 57 0 0 0 0 0 0 0 0 0
77 89 66 22 0 0 0 3 75 61 43 93 100 97 99 100 100 100 96 48 99 100 85 36 95 12 18 20 76 92 100 100 96 69 100 56 2 20 28 30 33 5 3 69 100 100 100 79 74 100 100 64 0 0 0 47 100 82 62 64 35 100 80 68 100 93 61 39 0 0 0 3 42 74 43 90 100 56 4 80 99 94 100 46 0 4 7 0 0 2 33 33 0 0 0 0
85 56 35 4 0 0 0 14 41 84 83 100 100 100 97 84 96 100 100 70 73 78 100 79 91 91 92 14 0 32 89 100 71 87 74 0 36 96 26 90 81 0 83 100 100 100 100 55 42 100 100 96 19 0 22 47 100 57 99 72 38 88 100 100 96 21 17 16 0 0 0 8 43 66 55 72 88 33 2 57 98 21 55 22 0 0 0 0 0 25 98 28 0 0 0 0
96 57 4 0 0 1 2 56 96 37 86 99 100 98 28 24 34 56 99 100 100 90 76 98 100 100 48 27 53 4 12 85 100 84 50 6 34 92 38 100 37 0 32 60 100 100 100 65 61 76 100 100 57 4 19 100 100 99 100 67 55 72 100 100 75 0 0 0 0 0 9 19 64 85 82 100 100 92 30 65 80 31 37 7 11 0 34 53 61 89 97 7 0 0 0 0
89 20 0 0 3 46 91 99 60 90 39 40 57 41 10 0 0 40 100 100 100 100 100 67 100 100 80 91 100 15 0 20 100 97 88 8 54 100 100 78 4 0 7 71 100 100 100 100 64 58 100 100 97 33 26 100 79 100 88 87 93 96 78 100 78 36 25 0 0 20 66 99 65 67 100 71 99 100 24 1 52 72 39 45 49 0 18 58 74 100 86 6 0 0 46 0
100 96 0 0 32 96 86 98 93 74 0 0 0 0 0 0 0 31 50 37 57 98 100 99 67 58 68 100 100 84 44 0 48 100 100 96 79 100 100 100 95 24 1 44 90 100 100 100 100 35 78 100 100 86 62 100 93 100 56 84 100 52 100 100 100 100 83 7 0 51 86 7 81 37 88 46 94 100 68 2 0 79 74 61 44 2 68 77 63 73 52 0 0 26 75 10
95 71 1 0 14 28 48 8 6 24 33 0 0 0 0 0 15 68 15 0 0 0 66 100 100 52 76 24 100 100 96 51 0 54 95 100 90 59 100 100 100 97 64 0 2 89 100 100 94 91 70 80 99 100 100 100 100 75 96 100 93 38 100 85 27 57 98 32 0 40 11 33 61 10 20 85 100 100 100 38 0 32 64 72 68 38 73 42 8 0 0 0 0 40 100 78
72 70 0 0 0 0 0 0 0 0 0 2 39 54 17 27 23 32 53 42 11 28 95 100 100 98 86 81 93 66 57 52 0 0 22 65 67 92 100 94 28 12 19 0 0 29 44 68 89 100 97 40 68 100 100 100 100 100 100 100 92 47 89 100 96 18 4 39 8 0 3 0 2 1 0 0 7 73 100 98 72 30 0 52 80 41 98 53 74 34 0 0 0 0 38 44
88 100 46 32 67 4 0 0 0 0 11 70 100 77 100 100 92 66 79 94 92 84 62 48 77 100 100 62 97 74 83 98 15 0 0 1 16 84 100 71 1 0 0 0 0 0 2 20 89 96 100 65 53 99 100 99 55 18 30 86 100 100 100 100 100 16 0 0 0 0 0 2 9 0 0 0 0 13 75 86 98 -9 3 16 48 28 99 56 37 1 0 0 0 0 0 2
100 52 0 49 86 1 0 0 0 0 0 9 55 76 91 100 95 88 100 100 100 100 52 5 95 100 100 79 65 99 98 25 39 24 22 94 99 75 79 88 66 19 34 7 0 0 5 36 100 100 100 92 49 64 54 89 100 100 92 99 100 100 100 100 96 22 0 0 0 0 41 78 66 37 4 51 9 10 84 100 37 -9 -9 14 69 54 71 98 58 12 0 0 0 0 0 0
99 31 0 65 86 37 37 44 0 0 1 16 0 6 0 17 81 69 96 100 100 100 77 25 83 69 100 100 100 85 97 62 81 20 0 21 98 100 41 100 100 90 78 26 0 10 46 93 100 100 100 100 80 98 100 100 100 100 100 100 100 100 100 65 10 0 0 0 0 0 0 9 70 17 19 47 3 2 41 59 -9 -9 -9 -9 -9 51 54 70 49 20 19 31 0 0 0 11
31 73 71 94 83 87 61 14 8 17 88 100 72 72 1 2 66 95 80 100 100 65 67 93 98 97 100 100 100 91 96 100 100 40 42 72 100 82 60 100 100 79 62 39 16 68 100 100 71 100 100 83 39 100 100 100 100 100 100 100 100 100 100 83 7 0 0 3 28 0 0 14 81 19 44 59 73 78 100 100 -9 -9 -9 -9 -9 -9 100 100 100 93 53 18 0 0 0 40
37 99 99 66 14 68 36 0 4 80 100 98 75 94 89 44 46 86 100 100 100 86 50 72 67 100 93 82 100 100 100 100 100 64 78 96 100 69 36 100 100 100 100 99 100 81 87 100 100 93 84 92 62 100 100 100 100 100 100 95 100 100 100 95 16 0 21 48 35 15 25 34 40 97 100 96 90 62 73 82 -9 -9 -9 -9 -9 -9 -9 -9 -9 -9 0 0 0 0 0 36
82 100 73 91 4 0 0 0 9 45 41 97 99 100 100 100 100 100 100 100 100 100 100 100 100 100 83 56 89 66 98 100 99 41 95 100 100 93 86 76 97 100 100 100 75 85 56 84 81 63 68 78 58 100 100 100 100 100 96 15 45 99 96 87 3 0 65 100 43 15 68 25 62 77 81 68 81 79 76 100 -9 -9 -9 -9 -9 -9 -9 -9 -9 -9 -9 -9 -9 -9 -9 54
100 51 76 72 7 0 0 0 20 17 39 79 34 92 91 95 100 95 94 100 86 99 100 100 100 100 100 97 86 51 45 100 72 100 100 100 100 99 82 76 33 29 39 90 67 78 75 58 48 66 45 98 88 100 100 100 86 42 30 9 0 12 19 18 0 1 75 100 36 2 74 74 96 78 100 71 83 76 51 -9 -9 -9 -9 -9 -9 -9 -9 -9 -9 -9 -9 -9 -9 -9 -9 -9
