data/habitatmaps/RS_maps/habitat_Sitta.europaea_2020.asc
NCOLS 369 
NROWS 228 
XLLCORNER 479000 
YLLCORNER 73000 
CELLSIZE 1000 
NODATA_value -9 
[rows 63 to 125 of 228, columns 0 to 95 of 369]
-9 -9 -9 -9 -9 -9 -9 -9 -9 -9 -9 -9 -9 -9 -9 -9 -9 -9 -9 -9 -9 -9 -9 -9 -9 -9 -9 -9 -9 -9 -9 -9 -9 -9 -9 -9 -9 -9 -9 -9 -9 -9 -9 -9 -9 -9 -9 -9 -9 -9 -9 -9 -9 -9 -9 -9 -9 -9 -9 -9 -9 -9 -9 -9 -9 -9 -9 -9 -9 54 78 99 81 67 76 36 32 44 6 44 36 54 65 100 81 76 55 68 83 22 25 11 0 9 28 13
-9 -9 -9 -9 -9 -9 -9 -9 -9 -9 -9 -9 -9 -9 -9 -9 -9 -9 -9 -9 -9 -9 -9 -9 -9 -9 -9 -9 -9 -9 -9 -9 -9 -9 -9 -9 -9 -9 -9 -9 -9 -9 -9 -9 -9 -9 -9 -9 -9 -9 -9 -9 -9 -9 -9 -9 -9 -9 -9 -9 -9 -9 -9 -9 -9 -9 -9 -9 -9 61 72 61 27 52 43 38 26 2 22 77 26 33 82 61 56 62 69 72 58 27 25 10 7 86 82 35
-9 -9 -9 -9 -9 -9 -9 -9 -9 -9 -9 -9 -9 -9 -9 -9 -9 -9 -9 -9 -9 -9 -9 -9 -9 -9 -9 -9 -9 -9 -9 -9 -9 -9 -9 -9 -9 -9 -9 -9 -9 -9 -9 -9 -9 -9 -9 -9 -9 -9 -9 -9 -9 -9 -9 -9 -9 -9 -9 -9 -9 -9 -9 -9 -9 -9 -9 -9 -9 53 62 16 33 23 41 64 39 0 0 5 26 51 63 77 75 34 21 80 33 15 31 45 18 34 28 36
-9 -9 -9 -9 -9 -9 -9 -9 -9 -9 -9 -9 -9 -9 -9 -9 -9 -9 -9 -9 -9 -9 -9 -9 -9 -9 -9 -9 -9 -9 -9 -9 -9 -9 -9 -9 -9 -9 -9 -9 -9 -9 -9 -9 -9 -9 -9 -9 -9 -9 -9 -9 -9 -9 -9 -9 -9 -9 -9 -9 -9 -9 -9 -9 -9 -9 -9 -9 36 61 58 27 70 82 52 34 2 0 0 0 45 48 57 22 38 62 41 7 0 0 16 25 5 12 30 45
-9 -9 -9 -9 -9 -9 -9 -9 -9 -9 -9 -9 -9 -9 -9 -9 -9 -9 -9 -9 -9 -9 -9 -9 -9 -9 -9 -9 -9 -9 -9 -9 -9 -9 -9 -9 -9 -9 -9 -9 -9 -9 -9 -9 -9 -9 -9 -9 -9 -9 -9 -9 -9 -9 -9 -9 -9 -9 -9 -9 -9 -9 -9 -9 -9 -9 -9 81 58 6 35 32 12 60 30 18 1 0 0 6 73 10 31 76 55 79 15 0 24 49 4 11 62 0 32 33
-9 -9 -9 -9 -9 -9 -9 -9 -9 -9 -9 -9 -9 -9 -9 -9 -9 -9 -9 -9 -9 -9 -9 -9 -9 -9 -9 -9 -9 -9 -9 -9 -9 -9 -9 -9 -9 -9 -9 -9 -9 -9 -9 -9 -9 -9 -9 -9 -9 -9 -9 -9 -9 -9 -9 -9 -9 -9 -9 -9 -9 -9 -9 -9 -9 -9 44 16 11 43 63 11 15 5 4 28 0 0 0 41 92 14 35 94 100 80 43 21 37 3 0 11 72 18 40 61
-9 -9 -9 -9 -9 -9 -9 -9 -9 -9 -9 -9 -9 -9 -9 -9 -9 -9 -9 -9 -9 -9 -9 -9 -9 -9 -9 -9 -9 -9 -9 -9 -9 -9 -9 -9 -9 -9 -9 -9 -9 -9 -9 -9 -9 -9 -9 -9 -9 -9 -9 -9 -9 -9 -9 -9 -9 -9 -9 -9 -9 -9 -9 -9 -9 -9 80 57 66 97 53 9 12 30 42 14 1 6 40 56 72 64 88 99 69 13 18 0 15 38 1 97 47 1 52 29
-9 -9 -9 -9 -9 -9 -9 -9 -9 -9 -9 -9 -9 -9 -9 -9 -9 -9 -9 -9 -9 -9 -9 -9 -9 -9 -9 -9 -9 -9 -9 -9 -9 -9 -9 -9 -9 -9 -9 -9 -9 -9 -9 -9 -9 -9 -9 -9 -9 -9 -9 -9 -9 -9 -9 -9 -9 -9 -9 -9 -9 -9 -9 -9 67 79 97 84 60 12 56 38 14 10 0 45 7 27 36 29 74 98 94 68 4 0 25 17 7 0 19 40 0 3 27 20
-9 -9 -9 -9 -9 -9 -9 -9 -9 -9 -9 -9 -9 -9 -9 -9 -9 -9 -9 -9 -9 -9 -9 -9 -9 -9 -9 -9 -9 -9 -9 -9 -9 -9 -9 -9 -9 -9 -9 -9 -9 -9 -9 -9 -9 -9 -9 -9 -9 -9 -9 -9 -9 -9 -9 -9 -9 -9 -9 -9 -9 -9 -9 70 89 95 49 24 54 51 19 19 0 0 0 0 25 2 11 69 58 81 20 8 2 37 42 44 0 1 41 38 6 32 19 28
-9 -9 -9 -9 -9 -9 -9 -9 -9 -9 -9 -9 -9 -9 -9 -9 -9 -9 -9 -9 -9 -9 -9 -9 -9 -9 -9 -9 -9 -9 -9 -9 -9 -9 -9 -9 -9 -9 -9 -9 -9 -9 -9 -9 -9 -9 -9 -9 -9 -9 -9 -9 -9 -9 -9 -9 -9 -9 -9 -9 -9 94 67 69 73 44 36 53 60 33 39 65 8 0 0 0 39 46 63 77 100 4 53 25 8 5 5 0 0 0 0 12 42 26 18 22
-9 -9 -9 -9 -9 -9 -9 -9 -9 -9 -9 -9 -9 -9 -9 -9 -9 -9 -9 -9 -9 -9 -9 -9 -9 -9 -9 -9 -9 -9 -9 -9 -9 -9 -9 -9 -9 -9 -9 -9 -9 -9 -9 -9 -9 -9 -9 -9 -9 -9 -9 -9 -9 -9 -9 -9 -9 -9 -9 -9 43 19 52 58 30 3 32 43 1 39 26 85 0 38 58 53 49 71 100 97 46 0 0 0 7 43 52 87 56 0 0 10 16 37 50 76
-9 -9 -9 -9 -9 -9 -9 -9 -9 -9 -9 -9 -9 -9 -9 -9 -9 -9 -9 -9 -9 -9 -9 -9 -9 -9 -9 -9 -9 -9 -9 -9 -9 -9 -9 -9 -9 -9 -9 -9 -9 -9 -9 -9 -9 -9 -9 -9 -9 -9 -9 -9 -9 -9 -9 -9 -9 -9 -9 46 44 14 40 41 5 0 7 0 76 35 27 46 0 24 18 52 53 71 89 31 4 0 16 21 13 88 46 48 13 0 6 59 68 36 32 2
-9 -9 -9 -9 -9 -9 -9 -9 -9 -9 -9 -9 -9 -9 -9 -9 -9 -9 -9 -9 -9 -9 -9 -9 -9 -9 -9 -9 -9 -9 -9 -9 -9 -9 -9 -9 -9 -9 -9 -9 -9 -9 -9 -9 -9 -9 -9 -9 -9 -9 -9 -9 -9 -9 -9 -9 -9 -9 70 75 60 13 0 14 71 38 69 67 47 22 32 26 22 11 38 63 89 91 65 5 0 0 0 0 0 35 47 39 0 21 50 63 26 0 3 30
-9 -9 -9 -9 -9 -9 -9 -9 -9 -9 -9 -9 -9 -9 -9 -9 -9 -9 -9 -9 -9 -9 -9 -9 -9 -9 -9 -9 -9 -9 -9 -9 -9 -9 -9 -9 -9 -9 -9 -9 -9 -9 -9 -9 -9 -9 -9 -9 -9 -9 -9 -9 -9 -9 -9 -9 -9 83 13 15 4 2 19 66 100 68 9 2 6 27 50 13 34 25 39 80 100 67 40 0 0 0 0 19 19 52 25 23 64 88 22 0 7 43 85 65
-9 -9 -9 -9 -9 -9 -9 -9 -9 -9 -9 -9 -9 -9 -9 -9 -9 -9 -9 -9 -9 -9 -9 -9 -9 -9 -9 -9 -9 -9 -9 -9 -9 -9 -9 -9 -9 -9 -9 -9 -9 -9 -9 -9 -9 -9 -9 -9 -9 -9 -9 -9 -9 -9 -9 -9 14 87 20 0 19 58 51 12 49 26 1 0 63 98 65 51 51 25 18 75 50 96 65 4 0 0 28 41 39 18 15 83 30 28 44 68 75 47 35 43
-9 -9 -9 -9 -9 -9 -9 -9 -9 -9 -9 -9 -9 -9 -9 -9 -9 -9 -9 -9 -9 -9 -9 -9 -9 -9 -9 -9 -9 -9 -9 -9 -9 -9 -9 -9 -9 -9 -9 -9 -9 -9 -9 -9 -9 -9 -9 -9 -9 -9 -9 -9 -9 -9 -9 -9 23 77 33 44 44 69 15 54 24 0 0 0 59 50 13 38 32 5 26 93 68 39 88 26 0 23 22 0 6 38 44 2 11 54 66 36 13 23 51 32
-9 -9 -9 -9 -9 -9 -9 -9 -9 -9 -9 -9 -9 -9 -9 -9 -9 -9 -9 -9 -9 -9 -9 -9 -9 -9 -9 -9 -9 -9 -9 -9 -9 -9 -9 -9 -9 -9 -9 -9 -9 -9 -9 -9 -9 -9 -9 -9 -9 -9 -9 -9 -9 -9 -9 5 30 45 21 37 33 32 34 41 7 0 2 22 14 22 29 5 0 57 100 88 16 11 66 0 0 0 24 37 46 36 63 60 71 100 46 0 26 29 65 99
-9 -9 -9 -9 -9 -9 -9 -9 -9 -9 -9 -9 -9 -9 -9 -9 -9 -9 -9 -9 -9 -9 -9 -9 -9 -9 -9 -9 -9 -9 -9 -9 -9 -9 -9 -9 -9 -9 -9 -9 -9 -9 -9 -9 -9 -9 -9 -9 -9 -9 -9 -9 -9 -9 21 73 39 40 42 48 41 89 27 0 66 37 35 51 39 60 28 10 63 98 60 6 4 28 67 0 0 21 33 10 42 68 39 16 49 57 55 9 20 89 100 91
-9 -9 -9 -9 -9 -9 -9 -9 -9 -9 -9 -9 -9 -9 -9 -9 -9 -9 -9 -9 -9 -9 -9 -9 -9 -9 -9 -9 -9 -9 -9 -9 -9 -9 -9 -9 -9 -9 -9 -9 -9 -9 -9 -9 -9 -9 -9 -9 -9 -9 -9 -9 -9 -9 67 63 19 6 35 0 61 36 6 11 38 20 20 24 34 62 68 92 99 62 9 0 38 31 23 0 0 12 35 32 16 24 66 46 10 0 4 46 94 99 76 67
-9 -9 -9 -9 -9 -9 -9 -9 -9 -9 -9 -9 -9 -9 -9 -9 -9 -9 -9 -9 -9 -9 -9 -9 -9 -9 -9 -9 -9 -9 -9 -9 -9 -9 -9 -9 -9 -9 -9 -9 -9 -9 -9 -9 -9 -9 -9 -9 -9 -9 -9 -9 -9 33 0 0 18 77 29 9 44 21 27 37 27 12 20 53 88 66 68 45 58 5 0 0 0 0 0 11 33 38 48 18 9 16 28 50 54 36 93 98 56 16 44 65
-9 -9 -9 -9 -9 -9 -9 -9 -9 -9 -9 -9 -9 -9 -9 -9 -9 -9 -9 -9 -9 -9 -9 -9 -9 -9 -9 -9 -9 -9 -9 -9 -9 -9 -9 -9 -9 -9 -9 -9 -9 -9 -9 -9 -9 -9 -9 -9 -9 -9 -9 -9 89 21 67 51 25 31 15 1 11 0 7 32 54 50 11 89 62 48 30 12 41 16 0 0 0 5 16 47 15 11 20 8 38 60 82 95 80 98 53 19 0 0 0 2
-9 -9 -9 -9 -9 -9 -9 -9 -9 -9 -9 -9 -9 -9 -9 -9 -9 -9 -9 -9 -9 -9 -9 -9 -9 -9 -9 -9 -9 -9 -9 -9 -9 -9 -9 -9 -9 -9 -9 -9 -9 -9 -9 -9 -9 -9 -9 -9 -9 -9 -9 49 1 52 28 20 29 41 34 0 0 24 74 45 22 4 38 87 62 32 51 46 21 1 0 0 6 32 14 31 44 35 72 45 23 7 43 37 60 41 0 0 0 0 0 0
-9 -9 -9 -9 -9 -9 -9 -9 -9 -9 -9 -9 -9 -9 -9 -9 -9 -9 -9 -9 -9 -9 -9 -9 -9 -9 -9 -9 -9 -9 -9 -9 -9 -9 -9 -9 -9 -9 -9 -9 -9 -9 -9 -9 -9 -9 -9 -9 55 74 33 62 62 71 25 47 14 1 38 22 0 33 57 50 42 47 72 71 72 69 36 35 25 0 1 31 0 21 51 42 49 67 63 21 48 51 74 43 45 56 23 34 18 0 0 10
-9 -9 -9 -9 -9 -9 -9 -9 -9 -9 -9 -9 -9 -9 -9 -9 -9 -9 -9 -9 -9 -9 -9 -9 -9 -9 -9 -9 -9 -9 -9 -9 -9 -9 -9 -9 -9 -9 -9 -9 -9 -9 -9 -9 0 27 6 59 65 55 65 69 56 35 9 54 1 4 66 13 13 48 40 45 26 55 81 27 16 0 55 21 0 1 3 0 0 36 83 28 2 49 47 55 80 82 52 81 63 74 47 84 3 12 40 88
-9 -9 -9 -9 -9 -9 -9 -9 -9 -9 -9 -9 -9 -9 -9 -9 -9 -9 -9 -9 -9 -9 -9 -9 -9 -9 -9 -9 -9 -9 -9 -9 -9 -9 -9 -9 -9 -9 -9 -9 -9 -9 -9 49 16 55 38 57 40 95 80 72 42 1 17 42 18 39 27 0 24 67 49 4 0 28 57 12 47 26 34 0 0 23 4 6 25 52 37 43 59 73 47 21 6 3 47 100 86 17 70 51 63 99 89 84
-9 -9 -9 -9 -9 -9 -9 -9 -9 -9 -9 -9 -9 -9 -9 -9 -9 -9 -9 -9 -9 -9 -9 -9 -9 -9 -9 -9 -9 -9 -9 -9 -9 -9 -9 -9 -9 -9 -9 -9 -9 11 11 26 59 62 54 8 31 53 46 79 45 1 36 9 27 12 0 3 67 43 15 4 25 57 39 52 26 7 6 18 4 16 50 32 70 33 5 39 85 0 0 0 0 2 65 81 56 41 95 27 1 38 21 0
-9 -9 -9 -9 -9 -9 -9 -9 -9 -9 -9 -9 -9 -9 -9 -9 -9 -9 -9 -9 -9 -9 -9 -9 -9 -9 -9 -9 -9 -9 -9 -9 -9 -9 -9 -9 -9 -9 -9 -9 0 0 4 35 81 35 0 0 29 0 18 61 25 20 27 43 69 0 0 37 75 58 48 80 53 49 70 15 0 29 53 50 2 51 39 52 15 29 57 59 13 0 0 0 1 55 47 91 75 81 38 0 0 0 0 0
-9 -9 -9 -9 -9 -9 -9 -9 -9 -9 -9 -9 -9 -9 -9 -9 -9 -9 -9 -9 -9 -9 -9 -9 -9 -9 -9 -9 -9 -9 -9 -9 -9 -9 -9 -9 -9 -9 -9 13 14 43 79 71 34 17 67 50 0 0 35 46 4 47 39 57 5 0 5 49 69 94 55 36 46 46 34 7 7 0 35 39 53 17 52 47 4 72 5 0 0 0 0 7 68 87 84 68 55 55 0 0 0 3 15 0
-9 -9 -9 -9 -9 -9 -9 -9 -9 -9 -9 -9 -9 -9 -9 -9 -9 -9 -9 -9 -9 -9 -9 -9 -9 -9 -9 -9 -9 -9 -9 -9 -9 -9 -9 -9 -9 -9 70 67 80 18 46 20 39 20 38 1 0 0 4 21 40 76 66 0 3 52 80 20 32 61 52 68 68 52 34 22 25 35 21 76 13 17 93 5 47 71 14 0 0 0 13 85 74 86 96 37 62 0 0 0 26 87 38 0
-9 -9 -9 -9 -9 -9 -9 -9 -9 -9 -9 -9 -9 -9 -9 -9 -9 -9 -9 -9 -9 -9 -9 -9 -9 -9 -9 -9 -9 -9 -9 -9 -9 -9 -9 -9 -9 67 39 32 52 35 49 31 11 0 3 38 10 48 40 61 83 59 6 4 58 80 32 41 46 60 42 16 43 54 42 19 34 46 53 10 3 45 9 31 66 40 0 0 0 28 91 81 75 100 49 61 14 0 18 27 82 39 15 0
-9 -9 -9 -9 -9 -9 -9 -9 -9 -9 -9 -9 -9 -9 -9 -9 -9 -9 -9 -9 -9 -9 -9 -9 -9 -9 -9 -9 -9 -9 -9 -9 -9 -9 -9 -9 19 79 14 59 24 21 19 14 40 71 46 50 35 73 25 85 28 36 51 41 48 43 59 47 45 8 11 34 56 24 4 57 4 42 26 10 56 9 46 100 35 1 16 11 20 100 100 100 95 51 1 3 0 0 0 28 70 61 40 28
-9 -9 -9 -9 -9 -9 -9 -9 -9 -9 -9 -9 -9 -9 -9 -9 -9 -9 -9 -9 -9 -9 -9 -9 -9 -9 -9 -9 -9 -9 -9 -9 -9 -9 -9 48 58 64 27 6 0 0 45 59 93 31 8 5 36 9 28 63 22 57 69 75 57 88 94 54 17 0 0 3 29 91 86 78 40 5 10 63 21 25 94 45 0 0 8 9 49 77 100 91 30 0 0 16 18 9 65 13 0 2 1 0
-9 -9 -9 -9 -9 -9 -9 -9 -9 -9 -9 -9 -9 -9 -9 -9 -9 -9 -9 -9 -9 -9 -9 -9 -9 -9 -9 -9 -9 -9 -9 -9 -9 -9 -9 79 86 19 0 0 0 52 65 31 59 6 1 0 10 55 87 65 53 34 46 88 84 65 57 52 18 0 46 91 83 66 15 26 0 6 55 18 50 73 46 58 11 22 67 93 95 21 15 3 0 0 0 0 3 0 23 55 0 0 0 0
-9 -9 -9 -9 -9 -9 -9 -9 -9 -9 -9 -9 -9 -9 -9 -9 -9 -9 -9 -9 -9 -9 -9 -9 -9 -9 -9 -9 -9 -9 -9 -9 -9 -9 100 87 36 0 0 10 50 51 34 61 24 13 28 55 29 10 63 82 67 53 35 84 77 43 31 2 17 24 15 71 33 12 0 0 4 43 18 45 100 80 60 51 33 76 84 94 83 21 0 0 0 0 0 0 0 0 0 41 1 0 8 6
-9 -9 -9 -9 -9 -9 -9 -9 -9 -9 -9 -9 -9 -9 -9 -9 -9 -9 -9 -9 -9 -9 -9 -9 -9 -9 -9 -9 -9 -9 -9 -9 -9 60 97 23 3 0 6 20 34 9 51 32 0 6 91 88 35 40 61 65 60 59 39 16 2 12 20 34 30 48 59 51 4 0 0 0 19 0 19 35 96 43 87 43 41 8 14 0 0 0 0 0 0 0 0 0 0 0 0 20 0 0 47 14
-9 -9 -9 -9 -9 -9 -9 -9 -9 -9 -9 -9 -9 -9 -9 -9 -9 -9 -9 -9 -9 -9 -9 -9 -9 -9 -9 -9 -9 -9 -9 -9 -9 89 25 0 0 27 24 55 20 0 11 0 18 30 68 92 79 80 62 64 40 0 0 4 41 45 35 33 51 82 63 31 29 0 0 0 31 42 86 97 70 46 100 65 39 0 6 0 0 0 0 0 0 0 0 0 0 0 30 35 0 0 11 1
-9 -9 -9 -9 -9 -9 -9 -9 -9 -9 -9 -9 -9 -9 -9 -9 -9 -9 -9 -9 -9 -9 -9 -9 -9 -9 -9 -9 -9 -9 -9 -9 -9 7 0 2 72 15 0 24 0 0 4 46 80 30 46 52 56 76 94 69 7 34 47 69 92 27 70 38 59 30 2 1 38 55 46 44 98 86 90 100 100 82 45 3 0 31 3 0 0 0 0 0 0 0 0 0 0 10 11 0 15 41 39 45
-9 -9 -9 -9 -9 -9 -9 -9 -9 -9 -9 -9 -9 -9 -9 -9 -9 -9 -9 -9 -9 -9 -9 -9 -9 -9 -9 -9 -9 -9 -9 -9 -9 33 8 79 51 24 0 0 0 8 77 54 42 4 73 58 90 100 94 9 2 81 37 85 59 30 69 55 49 25 42 67 53 40 39 100 100 85 89 100 100 60 12 0 0 22 0 0 0 0 0 0 0 0 0 8 22 0 0 0 7 4 28 5
-9 -9 -9 -9 -9 -9 -9 -9 -9 -9 -9 -9 -9 -9 -9 -9 -9 -9 -9 -9 -9 -9 -9 -9 -9 -9 -9 -9 -9 -9 -9 -9 23 16 85 41 0 0 0 3 27 92 22 16 0 33 68 49 91 81 9 26 74 99 91 71 39 15 45 63 37 58 0 14 28 95 99 100 100 94 100 100 100 41 0 0 0 16 0 0 0 0 0 0 0 0 14 38 1 7 0 0 0 0 0 0
-9 -9 -9 -9 -9 -9 -9 -9 -9 -9 -9 -9 -9 -9 -9 -9 -9 -9 -9 -9 -9 -9 -9 -9 -9 -9 -9 -9 -9 -9 -9 -9 61 96 63 4 0 0 1 68 97 81 27 8 35 62 18 72 42 39 74 65 69 44 25 8 34 50 62 75 52 10 0 40 64 86 73 29 86 74 100 100 77 5 0 0 27 7 0 0 0 0 0 0 0 23 46 65 57 48 6 0 0 0 0 0
-9 -9 -9 -9 -9 -9 -9 -9 -9 -9 -9 -9 -9 -9 -9 -9 -9 -9 -9 -9 -9 -9 -9 -9 -9 -9 -9 -9 -9 -9 -9 -9 39 55 1 0 0 0 54 100 70 60 54 91 96 65 43 89 85 100 92 87 80 21 20 10 62 66 0 2 6 54 56 89 39 51 2 16 63 100 100 98 29 0 0 0 0 0 0 0 0 0 0 0 13 5 24 58 20 0 0 0 0 0 0 0
-9 -9 -9 -9 -9 -9 -9 -9 -9 -9 -9 -9 -9 -9 -9 -9 -9 -9 -9 -9 -9 -9 -9 -9 -9 -9 -9 -9 -9 -9 -9 -9 0 0 0 0 0 0 42 98 65 72 100 100 92 58 43 93 67 26 1 12 11 69 60 50 30 0 2 51 57 6 46 52 38 37 33 92 87 43 54 58 52 1 0 0 0 0 0 0 0 0 0 14 0 0 0 0 12 6 0 0 0 0 0 0
-9 -9 -9 -9 -9 -9 -9 -9 -9 -9 -9 -9 -9 -9 -9 -9 -9 -9 -9 -9 -9 -9 -9 -9 -9 -9 -9 -9 -9 -9 -9 -9 0 0 0 0 0 0 0 8 70 57 60 88 69 50 54 13 0 0 0 0 61 72 76 14 0 4 72 58 27 41 69 51 21 27 91 42 62 52 0 1 1 0 0 0 0 0 0 0 0 0 32 6 0 7 5 0 0 17 34 0 2 0 0 0
-9 -9 -9 -9 -9 -9 -9 -9 -9 -9 -9 -9 -9 -9 -9 -9 -9 -9 -9 -9 -9 -9 -9 -9 -9 -9 -9 -9 -9 -9 -9 -9 -9 0 0 0 0 7 9 13 56 40 35 31 36 5 0 18 49 57 52 59 64 67 19 27 45 88 98 22 26 61 43 66 67 83 30 0 36 6 0 0 0 0 0 0 0 0 0 0 0 2 8 0 0 12 8 0 0 0 9 23 35 24 3 24
-9 -9 -9 -9 -9 -9 -9 -9 -9 -9 -9 -9 -9 -9 -9 -9 -9 -9 -9 -9 -9 -9 -9 -9 -9 -9 -9 -9 -9 -9 -9 -9 -9 0 0 1 31 78 68 65 38 30 10 47 15 32 61 21 10 0 0 18 86 50 69 80 78 100 59 57 33 65 51 28 69 47 5 0 0 0 0 0 0 0 0 0 0 0 0 2 31 58 16 0 0 0 0 0 0 0 0 1 13 8 74 28
-9 -9 -9 -9 -9 -9 -9 -9 -9 -9 -9 -9 -9 -9 -9 -9 -9 -9 -9 -9 -9 -9 -9 -9 -9 -9 -9 -9 -9 -9 -9 -9 -9 60 18 54 55 49 82 40 46 0 2 25 51 37 71 82 21 37 59 98 58 57 48 37 92 96 62 10 22 42 38 60 100 99 22 47 11 0 0 0 0 0 0 0 0 0 19 33 2 18 12 17 0 0 0 0 0 0 0 0 0 3 76 16
-9 -9 -9 -9 -9 -9 -9 -9 -9 -9 -9 -9 -9 -9 -9 -9 -9 -9 -9 -9 -9 -9 -9 -9 -9 -9 -9 -9 -9 -9 -9 -9 -9 100 99 89 66 81 75 27 2 4 40 73 50 14 65 40 62 32 65 97 69 29 26 77 100 77 89 63 53 80 87 31 74 100 68 52 0 0 0 0 0 0 0 0 0 7 29 10 23 30 0 0 0 0 0 0 0 0 6 24 36 51 60 10
-9 -9 -9 -9 -9 -9 -9 -9 -9 -9 -9 -9 -9 -9 -9 -9 -9 -9 -9 -9 -9 -9 -9 -9 -9 -9 -9 -9 -9 -9 -9 -9 -9 100 78 48 58 47 59 38 46 74 80 63 67 54 43 29 6 45 100 85 48 22 21 44 17 97 71 80 80 35 97 100 95 90 97 74 4 0 0 0 0 0 0 0 8 39 1 64 0 0 0 0 0 0 0 0 0 2 54 12 45 10 5 0
-9 -9 -9 -9 -9 -9 -9 -9 -9 -9 -9 -9 -9 -9 -9 -9 -9 -9 -9 -9 -9 -9 -9 -9 -9 -9 -9 -9 -9 -9 -9 -9 -9 39 0 7 2 68 80 65 75 80 49 68 59 23 22 23 43 68 100 91 38 22 59 27 46 50 63 38 19 47 82 96 9 0 2 3 0 0 0 0 0 0 0 2 23 0 0 26 1 0 0 0 0 0 0 12 28 23 31 20 0 16 0 31
-9 -9 -9 -9 -9 -9 -9 -9 -9 -9 -9 -9 -9 -9 -9 -9 -9 -9 -9 -9 -9 -9 -9 -9 -9 -9 -9 -9 -9 -9 -9 -9 3 9 79 79 46 27 93 57 0 4 1 9 65 85 28 57 62 97 87 49 51 86 34 57 85 56 0 38 80 37 20 3 0 0 0 0 0 0 0 0 0 0 0 2 0 0 0 15 0 0 0 0 0 0 0 12 33 56 17 42 12 11 32 61
-9 -9 -9 -9 -9 -9 -9 -9 -9 -9 -9 -9 -9 -9 -9 -9 -9 -9 -9 -9 -9 -9 -9 -9 -9 -9 -9 -9 -9 -9 -9 -9 0 69 36 33 15 20 91 52 1 0 0 1 47 71 47 25 82 68 48 58 90 22 72 69 11 0 0 16 19 0 0 10 13 0 0 0 0 0 0 0 8 25 3 0 0 0 16 31 0 0 0 0 0 0 20 33 53 59 30 5 10 28 70 20
-9 -9 -9 -9 -9 -9 -9 -9 -9 -9 -9 -9 -9 -9 -9 -9 -9 -9 -9 -9 -9 -9 -9 -9 -9 -9 -9 -9 -9 -9 -9 -9 12 34 81 0 0 26 47 100 83 30 37 36 66 58 20 0 22 51 73 93 77 12 68 31 27 58 28 3 0 0 0 24 9 0 0 0 0 0 0 4 32 36 7 0 0 0 0 0 0 0 0 0 0 0 0 0 5 57 20 3 11 31 56 0
-9 -9 -9 -9 -9 -9 -9 -9 -9 -9 -9 -9 -9 -9 -9 -9 -9 -9 -9 -9 -9 -9 -9 -9 -9 -9 -9 -9 -9 -9 -9 18 52 87 21 1 33 66 89 97 76 50 16 60 56 4 0 0 43 7 18 51 62 29 75 8 2 33 8 15 0 0 19 7 0 0 0 0 0 0 0 0 47 0 4 52 50 0 0 0 18 5 0 0 0 2 4 0 39 93 20 0 44 51 34 6
-9 -9 -9 -9 -9 -9 -9 -9 -9 -9 -9 -9 -9 -9 -9 -9 -9 -9 -9 -9 -9 -9 -9 -9 -9 -9 -9 -9 -9 67 1 22 48 29 0 25 78 97 67 50 75 52 61 55 89 30 33 50 60 18 33 81 99 92 37 49 22 29 0 0 0 0 0 0 0 0 2 0 2 0 2 30 34 46 18 11 30 33 0 0 27 7 8 3 3 56 22 37 81 28 7 28 61 12 21 6
-9 -9 -9 -9 -9 -9 -9 -9 -9 -9 -9 -9 -9 -9 -9 -9 -9 -9 -9 -9 -9 -9 -9 -9 -9 -9 -9 -9 81 37 80 9 6 0 23 62 84 53 49 12 58 31 59 93 90 76 99 18 93 95 90 69 99 19 42 58 42 1 0 22 2 0 0 0 12 65 73 20 24 40 50 49 9 17 26 31 0 19 3 37 26 0 75 32 60 0 27 67 81 2 13 63 25 14 49 7
-9 -9 -9 -9 -9 -9 -9 -9 -9 -9 -9 -9 -9 -9 -9 -9 -9 -9 -9 -9 -9 -9 -9 -9 -9 -9 85 93 84 100 100 79 9 19 93 87 54 0 0 7 87 96 99 70 98 100 97 65 42 82 98 75 34 10 7 0 8 9 0 3 21 0 11 30 76 73 33 10 2 31 37 23 15 0 35 7 10 96 31 25 3 1 47 21 53 33 29 42 53 0 0 7 1 27 35 21
-9 -9 -9 -9 -9 -9 -9 -9 -9 -9 -9 -9 -9 -9 -9 -9 -9 -9 -9 -9 -9 -9 -9 -9 -9 98 100 94 96 51 93 36 0 18 68 54 4 0 2 39 84 93 89 84 100 100 90 24 63 91 58 7 41 38 19 11 42 17 0 0 0 21 16 44 37 35 20 64 64 3 14 7 3 21 0 1 61 64 42 22 1 16 19 36 79 31 16 23 0 0 0 20 0 5 8 1
-9 -9 -9 -9 -9 -9 -9 -9 -9 -9 -9 -9 -9 -9 -9 -9 -9 -9 -9 -9 -9 -9 -9 100 100 84 94 88 34 5 12 0 13 23 55 60 11 0 0 38 59 28 10 48 58 99 33 26 86 84 6 1 3 46 1 7 26 0 0 0 0 0 0 18 8 46 71 8 31 61 23 8 0 35 3 46 38 0 3 0 13 12 0 0 4 0 2 0 0 0 0 3 9 23 75 20
-9 -9 -9 -9 -9 -9 -9 -9 -9 -9 -9 -9 -9 -9 -9 -9 -9 -9 -9 -9 -9 -9 86 84 96 84 92 60 4 37 48 60 45 81 48 0 0 23 35 73 18 51 63 71 75 42 40 40 100 85 0 0 1 19 0 0 0 0 0 0 11 1 0 2 45 45 37 0 17 12 26 28 24 9 0 67 8 30 40 0 0 25 0 0 0 43 39 0 0 24 48 47 8 41 33 4
-9 -9 -9 -9 -9 -9 -9 -9 -9 -9 -9 -9 -9 -9 -9 -9 -9 -9 -9 -9 -9 89 64 100 100 84 29 16 70 72 55 68 37 0 4 15 64 92 67 99 72 95 70 33 10 54 40 93 57 39 2 0 27 16 0 0 0 0 3 17 30 21 11 25 7 4 0 0 37 1 28 7 2 0 16 28 18 62 29 0 36 23 11 3 24 70 91 9 0 5 1 17 38 9 14 57
-9 -9 -9 -9 -9 -9 -9 -9 -9 -9 -9 -9 -9 -9 -9 -9 -9 -9 -9 -9 55 100 98 100 100 79 90 84 35 20 0 0 3 27 14 89 93 46 62 75 42 70 74 24 65 79 55 14 12 20 16 0 1 0 0 0 1 15 21 5 31 20 44 40 21 2 0 17 30 0 5 28 0 0 59 27 37 33 0 17 50 45 2 51 25 18 42 1 0 0 3 72 88 6 8 41
-9 -9 -9 -9 -9 -9 -9 -9 -9 -9 -9 -9 -9 -9 -9 -9 -9 -9 -9 3 40 100 100 100 93 65 91 21 8 0 0 7 62 77 91 59 60 37 62 92 14 63 50 29 67 30 0 8 70 65 35 0 0 0 0 0 25 20 21 26 0 0 0 8 0 34 30 11 41 1 16 67 26 30 11 63 12 31 15 53 0 15 59 39 0 7 27 2 0 0 17 61 13 10 13 42
-9 -9 -9 -9 -9 -9 -9 -9 -9 -9 -9 -9 -9 -9 -9 -9 -9 -9 2 47 83 100 100 90 40 71 9 0 0 2 49 87 90 95 36 60 61 33 57 91 10 67 23 17 70 82 87 95 99 87 9 0 0 0 0 6 7 24 64 39 0 19 48 8 41 19 49 16 28 39 42 38 20 46 0 25 41 25 0 53 45 7 59 78 0 17 5 28 34 21 39 7 0 12 40 23
