data/habitatmaps/RS_maps/habitat_Regulus.regulus_2020.asc
NCOLS 369 
NROWS 228 
XLLCORNER 479000 
YLLCORNER 73000 
CELLSIZE 1000 
NODATA_value -9 
[rows 126 to 188 of 228, columns 96 to 191 of 369]
38 1 18 31 53 52 99 80 69 31 52 89 97 14 13 46 48 52 49 34 44 33 34 27 4 31 5 14 40 57 55 49 21 0 0 0 9 72 35 0 0 0 0 37 18 35 12 0 60 78 51 5 0 0 65 41 11 50 79 67 37 34 41 0 0 0 2 36 83 58 52 25 55 64 0 8 34 16 56 72 72 56 25 61 59 61 83 75 89 88 72 72 89 61 9 0
21 1 71 11 66 100 100 84 55 56 72 79 65 78 77 44 73 74 71 90 88 40 28 15 30 10 0 0 22 41 37 92 92 42 1 0 19 68 61 9 0 0 0 0 0 1 37 60 89 93 75 10 22 54 57 89 87 98 89 82 63 6 0 0 0 10 59 80 39 19 48 0 27 29 0 0 0 0 0 0 59 86 83 51 50 54 53 73 95 76 63 55 52 50 0 0
0 0 0 41 73 99 92 52 30 86 44 41 27 41 41 47 38 55 50 46 20 18 49 0 0 0 0 0 2 0 1 12 23 90 91 47 57 36 0 43 19 0 0 0 0 0 0 20 74 99 47 53 62 43 52 100 100 76 43 35 0 0 0 15 35 85 90 63 96 100 43 0 0 0 0 0 0 0 0 10 65 68 67 69 71 21 85 93 31 14 0 0 0 21 10 0
3 7 43 71 92 29 64 76 52 96 50 26 0 3 22 98 30 43 56 36 17 0 2 0 0 0 0 21 60 48 29 2 1 39 51 92 97 22 0 40 48 33 0 0 1 0 0 0 76 69 21 40 75 61 94 82 100 22 0 0 0 0 16 81 96 84 36 0 0 75 37 0 0 0 0 0 0 0 3 62 69 45 2 0 17 55 94 69 0 0 0 0 0 0 0 0
24 15 44 60 95 14 50 52 40 56 32 48 1 38 45 8 66 74 52 31 0 0 0 0 0 13 19 21 30 32 0 0 0 0 0 11 30 43 18 50 46 41 18 22 1 0 0 0 38 77 70 35 43 68 49 1 6 0 0 0 29 53 94 94 20 16 0 0 0 9 0 0 0 0 0 0 2 21 47 56 80 6 0 0 69 100 100 93 32 1 0 0 0 0 0 0
11 21 72 96 92 2 35 49 88 92 46 15 47 35 10 8 30 46 12 2 0 0 0 0 3 69 100 58 38 0 0 0 0 0 0 0 22 71 83 31 0 23 14 14 27 0 0 0 0 0 0 0 0 0 0 3 56 21 0 40 97 100 88 25 0 0 0 0 0 0 0 0 0 0 0 0 13 76 45 24 19 0 0 17 54 20 87 66 68 50 11 0 0 0 0 0
26 36 58 15 26 64 42 74 88 82 34 38 34 3 46 50 27 36 58 34 3 0 0 20 18 46 65 50 11 4 36 48 34 45 35 57 63 74 66 59 5 0 28 28 27 39 0 0 0 0 0 0 12 0 20 60 33 0 62 95 82 51 12 0 0 0 0 0 0 0 0 0 0 0 0 0 0 13 1 0 0 0 1 65 26 0 6 91 49 85 50 12 0 0 0 0
17 47 65 74 18 44 26 41 33 65 11 57 11 45 22 1 0 2 1 1 57 30 37 63 20 1 0 22 15 1 7 3 15 5 19 5 26 53 88 56 92 65 30 2 50 5 41 33 22 21 0 41 63 59 96 63 34 18 78 58 4 0 6 16 0 0 0 4 0 0 0 0 0 0 0 0 0 0 0 0 0 0 7 89 15 0 0 14 54 17 18 47 0 0 0 0
61 63 79 83 30 55 41 25 67 37 0 40 50 36 0 0 0 0 0 1 33 49 42 9 7 32 44 37 28 43 42 23 35 31 28 25 13 38 98 85 50 83 100 38 0 16 12 31 83 96 42 61 79 97 100 83 94 92 67 100 32 4 60 9 22 17 16 37 38 15 0 7 0 0 0 0 0 0 0 0 0 0 0 25 0 0 0 0 13 84 58 6 0 0 0 0
77 70 61 38 15 32 78 53 54 16 11 20 53 18 0 0 0 0 0 18 34 23 10 29 26 21 48 60 66 80 12 60 61 53 49 17 27 46 58 50 7 4 83 50 0 44 55 54 82 96 77 98 25 39 69 73 86 100 79 93 23 71 56 64 50 44 86 49 66 40 20 52 0 52 39 0 0 0 0 0 0 0 0 0 0 0 0 0 0 2 11 10 0 0 0 0
84 62 53 19 35 57 18 38 54 0 12 1 0 0 0 0 0 0 5 16 21 28 51 50 21 47 44 94 71 29 40 55 34 76 53 20 4 45 3 0 5 4 38 69 23 19 7 63 71 97 68 29 0 28 29 57 7 39 95 91 30 48 75 68 65 28 56 73 29 61 82 28 4 38 0 0 0 0 0 0 0 0 0 0 0 0 0 0 0 0 37 23 0 0 0 0
88 54 43 12 10 36 40 25 20 0 0 0 7 20 13 0 0 11 52 0 39 68 41 0 0 47 6 13 31 16 0 47 74 77 47 16 13 13 0 0 29 39 64 52 4 12 70 47 94 61 75 0 1 81 29 0 0 0 46 60 100 94 22 47 54 62 62 42 13 2 7 0 45 48 0 0 0 0 0 0 0 0 0 0 0 0 0 0 0 0 9 11 0 0 0 0
28 4 33 41 29 72 50 8 0 0 2 37 49 66 37 0 28 27 28 0 60 6 0 0 26 48 0 0 0 0 0 22 39 37 3 8 42 0 0 5 17 84 50 6 0 34 87 44 54 37 25 0 0 5 6 0 0 7 97 93 85 72 39 0 2 70 72 26 23 0 10 51 46 0 0 0 0 0 0 0 0 0 0 0 0 0 0 0 0 0 3 45 0 0 0 0
36 16 69 74 83 58 38 44 26 9 26 60 49 17 22 27 25 34 12 32 48 0 0 0 0 0 0 0 0 0 49 3 10 30 11 16 13 0 7 31 93 54 34 8 28 39 59 48 1 0 0 0 0 0 0 0 2 33 82 100 74 34 92 5 1 87 100 97 10 0 83 64 1 0 0 0 0 0 0 0 0 0 0 0 0 0 0 0 0 0 0 0 0 0 0 0
67 66 70 61 58 68 53 48 11 8 65 72 71 53 79 38 19 4 0 37 56 0 0 0 0 0 0 0 0 17 80 34 0 0 24 15 0 0 54 69 46 40 7 50 86 59 18 58 1 0 0 0 0 0 0 0 0 0 2 55 40 57 40 8 0 59 86 66 0 0 1 0 0 0 0 0 0 0 0 0 0 0 0 0 0 0 0 0 0 0 0 0 0 0 0 0
55 30 55 67 39 54 81 16 46 83 59 59 24 34 70 48 9 12 44 51 50 29 23 0 0 0 0 0 0 54 53 16 6 23 28 0 0 0 39 31 16 7 58 17 62 18 31 76 13 4 0 0 0 0 0 0 0 0 5 31 42 65 50 0 0 7 2 0 0 0 0 0 0 0 0 0 0 0 0 0 0 0 0 0 0 0 0 0 0 0 0 0 0 0 0 0
48 30 23 43 35 77 14 1 13 54 52 54 38 16 41 65 8 32 32 35 49 18 0 0 0 16 48 21 5 2 0 0 11 23 2 0 0 22 51 23 2 25 17 0 51 56 36 83 72 70 27 20 4 0 0 0 0 0 2 73 20 92 35 0 0 0 0 0 0 0 0 0 0 0 0 0 0 0 0 0 0 0 0 0 0 0 0 0 0 0 0 0 0 0 0 0
84 17 31 32 14 18 33 0 0 3 0 4 53 33 50 28 17 4 0 15 25 44 0 0 0 0 41 56 0 0 0 0 0 9 0 0 0 60 55 43 7 34 43 0 24 18 41 76 29 70 68 41 0 0 0 0 0 0 3 56 23 76 59 65 4 0 0 0 0 0 0 0 0 0 0 0 0 0 0 0 0 0 0 0 0 0 0 0 0 0 0 0 0 0 0 0
18 38 25 1 0 43 66 17 25 30 2 8 23 45 31 25 24 0 60 1 0 0 0 0 0 4 84 11 34 0 0 0 0 0 0 0 43 38 52 39 37 16 54 1 0 6 59 58 17 0 3 0 0 0 0 0 0 0 2 21 67 20 0 6 0 0 0 0 0 0 0 0 0 0 0 0 0 0 0 0 0 0 0 0 0 0 0 0 0 0 0 0 0 0 0 0
51 1 44 48 3 0 7 27 16 40 1 0 0 24 15 1 0 5 47 69 0 49 28 4 10 0 19 31 65 55 19 9 0 0 0 0 0 31 45 44 34 77 0 61 3 0 0 26 75 63 32 0 0 0 0 0 0 0 37 27 26 0 0 0 0 0 0 0 0 0 0 0 0 0 0 0 0 0 0 0 0 0 0 0 0 0 0 0 0 0 0 0 0 0 36 12
5 0 0 0 0 24 16 55 12 0 0 0 19 59 0 0 0 6 21 44 31 22 73 43 33 0 0 0 19 10 20 20 0 0 0 0 38 73 59 0 7 52 5 52 33 0 0 0 2 22 45 17 0 0 0 0 0 5 42 79 68 20 0 0 0 0 0 0 0 0 0 0 0 0 0 0 0 0 0 0 0 0 0 0 0 0 0 0 0 0 0 0 0 1 56 80
32 15 0 0 0 7 4 0 0 7 0 0 0 0 0 0 0 51 19 1 74 47 91 52 22 0 0 0 0 0 37 5 0 0 0 3 33 48 29 0 0 16 59 58 45 13 0 0 0 0 0 0 0 0 0 0 9 46 54 43 44 19 0 0 0 0 0 0 0 0 0 0 0 0 0 0 0 0 0 0 0 0 0 0 0 0 0 0 0 0 0 0 3 24 65 31
69 3 0 0 0 0 0 1 7 51 57 34 21 0 0 0 39 39 20 9 58 5 36 4 0 0 4 2 9 0 12 0 0 0 24 20 35 44 23 5 0 12 69 26 34 4 0 0 0 0 0 0 0 0 0 0 0 0 0 0 9 35 0 0 0 0 0 0 0 0 0 0 0 0 0 0 0 0 0 0 0 0 0 0 0 0 0 0 0 0 0 12 33 16 6 90
59 0 0 23 31 45 18 28 37 43 72 38 3 1 34 19 15 23 59 22 47 5 22 39 18 44 28 5 10 12 0 0 0 0 18 58 54 20 25 6 0 0 39 16 14 0 0 0 0 0 0 0 0 0 0 0 0 0 4 26 20 0 0 0 0 0 0 0 0 0 0 0 0 0 0 0 0 0 0 0 0 0 0 0 0 0 0 0 0 0 0 5 11 29 77 5
13 1 0 28 25 36 1 71 35 25 47 41 0 0 0 0 34 31 10 0 30 19 23 50 68 38 0 0 0 0 0 0 0 0 10 40 20 8 13 0 0 0 32 59 31 24 0 0 0 0 0 0 0 0 0 0 0 0 1 6 0 0 0 0 0 0 0 0 0 0 0 0 0 0 0 0 0 0 0 0 0 0 0 0 0 0 0 1 0 0 0 4 42 46 17 0
0 0 4 57 87 46 47 30 0 6 42 13 0 11 0 0 2 2 3 0 38 44 51 24 49 42 14 0 0 0 0 0 0 0 0 10 26 55 1 0 0 0 38 23 54 36 0 0 0 0 0 0 0 0 0 0 0 0 0 0 0 0 0 0 0 0 0 0 0 0 0 0 0 0 0 0 0 0 0 0 0 0 0 0 0 0 0 58 33 0 11 78 100 66 51 0
0 31 18 39 100 49 1 0 8 43 33 0 17 1 0 0 36 55 67 14 42 16 6 66 31 34 41 12 0 0 0 0 11 46 2 13 35 42 0 0 0 0 11 35 54 2 0 0 0 0 0 0 0 0 0 0 0 0 0 0 0 0 0 0 0 0 0 0 0 0 0 0 0 0 0 0 0 0 0 0 0 0 0 0 0 4 24 75 10 37 90 92 51 0 0 0
71 8 0 11 55 5 14 57 66 37 73 45 0 0 30 44 18 37 23 27 0 30 0 49 9 44 47 2 0 0 0 0 13 50 2 35 55 22 0 0 0 0 0 84 25 0 0 0 0 0 0 0 0 0 0 0 0 0 0 0 0 0 0 0 0 0 0 0 0 0 0 0 0 0 0 0 0 0 0 0 0 0 0 0 1 55 38 0 17 65 87 6 0 0 0 0
17 16 52 38 43 88 40 36 26 97 78 82 40 0 36 48 40 24 26 4 0 0 0 65 18 2 36 40 3 0 0 0 24 64 32 67 5 0 0 0 0 0 56 18 0 0 0 0 0 0 0 0 0 0 0 0 0 0 0 0 0 0 0 0 0 0 0 0 0 0 0 0 0 0 0 0 0 0 0 0 0 0 0 2 58 62 6 29 78 39 15 0 0 0 0 0
4 41 29 21 90 77 0 0 0 39 40 39 58 0 0 10 20 0 0 0 0 0 17 73 6 0 50 72 27 0 0 12 40 12 17 43 0 0 0 0 0 23 51 0 0 0 23 0 0 0 0 0 0 0 0 0 0 0 0 0 0 0 0 0 0 0 0 0 0 0 0 0 0 0 0 0 0 0 0 0 0 0 5 65 25 3 45 100 76 2 0 0 0 0 0 0
34 30 41 61 88 59 0 0 34 46 31 37 29 25 31 77 20 0 0 0 0 0 40 40 0 0 28 28 10 0 0 8 21 2 43 3 0 0 0 0 0 72 37 39 54 49 70 33 8 0 0 0 0 0 0 0 0 0 0 0 0 0 0 0 0 0 0 0 0 0 0 0 0 0 0 0 0 0 9 0 0 0 56 37 8 70 93 50 34 8 0 0 0 0 0 0
74 48 37 0 54 17 0 0 45 35 28 42 21 66 73 75 18 6 0 0 0 1 43 0 0 0 29 36 16 0 0 0 0 0 0 0 0 0 0 0 0 7 0 0 4 51 40 45 32 0 0 0 0 0 0 0 0 0 0 0 0 0 0 0 0 0 0 0 0 0 0 0 0 0 0 0 0 3 39 5 28 49 54 24 81 93 41 0 0 0 0 0 0 0 0 0
24 33 46 7 7 0 0 0 8 22 28 41 50 71 77 35 71 0 0 0 0 3 3 36 6 54 11 54 45 27 0 0 0 0 0 0 0 0 0 0 0 0 0 0 0 1 0 0 0 0 0 0 0 0 0 0 0 0 0 0 0 0 0 0 0 0 0 0 0 0 0 0 0 0 0 0 0 38 68 15 22 77 40 82 89 42 0 0 0 0 0 0 0 0 0 0
65 62 30 64 47 62 1 0 0 5 22 91 26 39 82 20 5 0 0 0 0 0 0 20 26 34 68 61 99 35 0 0 0 0 0 0 0 0 0 0 0 0 0 0 0 0 0 0 0 0 0 0 0 33 20 9 43 0 0 0 0 0 0 0 0 0 0 0 0 0 0 0 0 0 0 0 2 86 86 45 70 40 85 81 5 0 0 0 0 0 0 0 0 0 0 0
5 28 55 54 47 38 22 0 4 25 26 47 14 40 57 27 26 0 0 0 0 0 1 64 52 33 24 37 35 0 0 0 0 0 0 0 0 0 0 0 0 0 0 0 0 0 0 0 0 0 3 4 24 13 70 51 0 0 0 0 0 0 0 0 0 0 0 0 0 0 0 0 0 0 0 0 28 82 31 67 47 89 56 3 0 0 0 0 0 0 0 0 0 0 0 0
0 7 43 24 16 54 50 0 58 33 33 49 20 3 0 38 8 14 0 0 0 0 29 3 29 53 7 7 0 0 0 0 0 0 0 0 0 0 0 0 0 0 0 0 0 0 0 0 14 8 44 20 24 39 20 0 0 0 0 0 0 0 0 0 0 0 0 0 0 0 0 0 0 0 0 45 81 78 22 48 89 82 11 0 0 0 0 0 0 0 0 0 0 0 0 0
47 30 32 23 0 47 18 1 29 20 62 45 0 0 0 11 36 72 8 0 0 0 0 0 0 0 0 0 0 0 0 0 0 0 0 0 0 0 0 0 0 0 8 0 0 0 0 0 42 30 39 82 70 13 0 0 0 0 0 0 0 0 0 0 0 0 0 0 0 0 5 0 0 0 3 59 78 15 9 79 72 69 45 0 0 0 0 0 0 0 0 0 0 0 0 0
33 3 0 0 0 24 0 45 66 3 27 24 29 51 0 0 16 45 0 0 0 0 0 0 0 0 0 0 0 0 0 0 0 0 0 0 0 0 5 58 22 53 14 0 0 0 0 2 9 58 88 39 4 0 0 0 0 0 0 0 0 0 0 0 0 0 0 0 0 55 59 0 0 36 74 52 50 57 42 49 85 35 0 0 0 0 0 0 0 0 0 0 0 0 0 0
0 0 0 0 0 0 0 32 7 8 33 1 26 3 0 0 22 0 0 0 0 0 0 0 0 0 0 0 0 0 0 0 0 0 0 0 0 0 0 22 71 22 0 0 0 0 0 4 55 93 16 0 0 0 0 0 0 0 0 0 0 0 0 0 0 0 0 0 49 54 3 41 70 33 63 23 49 59 79 99 78 49 39 33 24 54 59 33 9 0 0 0 0 0 0 0
18 5 0 3 0 0 0 0 7 51 56 63 87 32 0 0 0 0 0 0 0 0 0 0 0 0 0 0 0 0 0 0 0 0 0 0 0 0 0 49 63 0 0 0 0 0 0 0 38 68 11 0 0 0 0 0 0 0 0 0 0 0 0 0 0 9 45 0 29 18 37 70 45 24 29 78 91 100 84 100 34 86 66 64 65 78 0 0 0 0 0 0 0 0 0 0
21 2 8 68 29 0 9 22 78 47 42 14 9 4 0 0 0 0 0 0 0 0 0 0 0 0 0 0 0 0 0 0 0 0 0 0 0 0 27 91 16 0 0 0 0 0 0 0 51 59 16 0 0 0 0 0 0 0 0 0 0 0 0 0 0 22 20 47 94 97 12 20 20 27 34 78 56 28 0 11 70 62 99 65 80 19 0 0 0 0 4 1 0 0 0 0
45 51 14 21 35 65 43 25 70 31 0 0 0 0 0 0 0 0 0 0 0 0 0 0 2 7 0 0 0 0 0 0 30 4 0 0 0 3 66 61 62 0 0 0 0 0 0 16 77 73 18 0 0 0 0 0 0 0 0 0 0 0 0 0 0 9 36 62 90 36 0 32 84 72 96 2 0 0 0 2 44 98 71 0 0 0 0 0 0 0 27 35 0 0 0 0
93 65 56 21 65 13 0 0 0 0 0 0 0 0 0 0 0 0 0 0 0 0 0 0 38 61 0 0 0 0 0 0 57 77 15 0 11 80 61 32 86 6 0 0 0 0 4 31 70 59 17 5 3 0 0 0 0 1 39 0 0 0 0 0 0 28 47 31 8 0 40 65 71 88 45 0 0 0 11 50 78 71 58 0 0 0 0 0 0 27 48 34 0 0 0 0
1 46 95 94 35 2 0 0 0 0 0 0 0 0 0 0 0 0 0 0 0 0 0 0 36 90 24 0 0 0 3 1 64 92 51 28 25 74 80 6 85 25 39 6 33 8 43 0 73 61 59 56 53 2 87 81 43 0 35 24 0 0 0 0 8 54 38 0 0 19 69 65 97 28 0 0 0 0 12 3 10 7 4 0 0 0 0 0 0 2 33 0 0 0 0 31
0 26 97 95 39 0 0 0 0 0 0 0 0 0 0 0 0 0 0 0 0 0 0 0 69 100 48 0 1 48 87 80 37 27 33 43 100 92 64 56 37 53 58 47 50 37 0 0 28 20 23 13 37 70 37 40 36 30 71 16 54 49 13 0 63 26 2 0 18 10 68 98 34 2 0 0 0 0 0 0 0 0 0 0 0 0 0 0 26 56 33 0 0 0 0 11
19 6 7 3 0 0 0 0 0 0 0 0 0 0 0 0 0 0 0 0 0 0 0 0 64 100 63 60 55 29 24 54 24 52 20 4 37 0 11 1 19 55 9 28 9 38 0 0 0 0 0 0 0 16 15 7 0 0 33 43 73 24 27 1 17 19 3 0 4 20 88 78 0 0 0 0 0 0 0 0 0 0 0 0 0 0 31 29 54 26 0 0 3 0 0 53
46 16 0 0 0 0 0 0 0 0 0 0 0 0 32 2 0 0 0 0 8 17 66 71 73 62 25 6 28 40 34 1 4 11 0 23 1 6 48 28 0 12 5 1 0 0 30 49 54 72 67 28 5 0 0 0 0 0 16 0 10 4 0 31 14 9 3 0 1 50 100 88 13 0 0 0 0 0 0 0 0 0 0 0 0 29 38 23 57 41 2 46 32 0 15 23
0 3 0 0 0 0 0 0 6 0 0 0 0 0 27 53 10 0 0 34 68 10 60 62 59 10 22 68 24 94 7 0 0 0 22 79 50 44 100 74 0 0 0 0 3 19 76 98 100 79 25 61 86 74 54 47 40 14 0 0 0 8 27 33 76 100 86 73 93 65 26 1 71 15 0 0 0 0 0 0 0 0 0 0 0 0 0 39 70 38 15 65 9 26 81 17
14 20 0 0 0 0 0 9 60 49 3 0 0 0 0 56 41 2 11 39 69 42 27 54 29 40 17 0 30 51 3 0 0 0 77 69 94 47 59 60 64 27 37 53 67 70 62 97 100 28 7 48 66 46 73 95 100 76 0 47 28 98 100 52 76 100 84 86 83 22 57 77 73 42 6 0 0 0 0 0 2 0 0 0 0 3 33 88 92 24 23 56 0 37 78 28
78 65 23 0 0 0 0 0 11 47 45 0 0 0 0 6 62 30 2 50 71 0 0 28 89 64 2 45 0 11 2 0 0 0 12 56 72 21 0 46 58 82 70 41 61 80 81 36 14 71 35 59 49 22 15 75 69 17 0 82 84 100 93 37 95 77 2 9 65 93 100 73 61 14 14 0 0 0 0 60 42 23 0 0 0 0 7 81 94 59 17 0 40 88 41 80
23 0 0 0 0 0 0 1 64 61 28 0 0 0 2 66 73 80 38 50 29 0 14 16 92 11 0 0 0 0 0 2 57 21 82 83 13 5 39 96 63 42 63 99 100 79 92 17 0 0 6 37 93 97 78 36 100 98 4 0 39 78 96 27 0 97 30 0 0 76 98 100 68 0 0 0 0 0 17 60 57 26 0 0 0 0 0 0 8 59 80 34 0 58 63 6
36 22 0 0 0 0 0 9 7 28 58 14 0 0 17 61 31 33 9 1 27 0 0 18 18 0 0 0 0 6 5 36 55 54 31 13 55 74 0 3 0 2 21 25 57 100 92 60 0 0 4 49 77 97 96 64 78 91 0 13 36 47 100 43 15 96 4 0 2 21 5 95 33 0 0 0 0 0 0 77 34 0 15 27 0 0 0 0 0 0 65 85 5 26 24 72
70 13 0 0 0 0 0 0 0 29 58 46 4 0 0 6 83 0 0 16 21 0 0 0 0 0 0 24 47 75 90 87 22 60 82 47 65 0 0 0 0 0 0 0 4 82 47 16 0 0 0 0 0 3 22 2 0 87 30 30 0 34 68 22 45 81 4 0 0 0 4 67 2 0 0 0 0 0 0 5 0 30 34 93 90 49 0 0 0 4 25 92 61 0 63 84
14 0 0 0 0 0 0 0 0 0 48 29 86 90 24 36 9 0 0 0 0 0 0 3 40 70 83 48 49 92 72 78 91 100 97 100 50 44 4 0 0 0 0 0 0 60 77 0 0 0 0 0 0 0 0 50 13 25 0 33 49 52 90 15 0 59 0 0 0 0 0 13 6 0 0 0 0 0 0 0 0 62 96 100 45 95 56 38 1 44 74 42 29 0 77 82
0 0 0 0 0 0 0 0 0 11 33 56 57 10 0 9 21 0 0 0 0 0 0 62 62 34 99 100 85 81 93 92 74 62 44 100 94 93 14 0 0 0 0 0 0 14 68 6 0 0 0 0 0 0 0 44 18 0 10 42 80 100 94 18 0 50 3 0 0 0 0 0 0 0 0 0 0 0 0 0 7 44 6 46 82 80 83 95 77 44 92 52 28 0 76 100
0 0 0 0 0 6 0 0 0 28 76 46 0 0 0 4 25 18 0 0 2 16 39 66 23 69 67 81 77 89 78 92 12 45 100 100 99 36 0 0 0 0 0 0 0 17 83 6 0 0 0 0 0 0 0 0 1 34 52 20 78 85 40 0 0 34 0 0 0 0 0 0 0 0 0 0 0 0 0 0 0 1 20 14 72 61 43 40 100 86 100 30 17 17 87 100
0 0 0 0 31 87 69 57 40 91 37 14 0 0 0 2 0 0 16 52 64 26 24 73 52 82 96 71 5 17 65 72 0 18 62 93 59 19 25 35 0 0 0 0 0 26 70 1 0 0 0 0 0 9 0 1 59 77 98 71 81 82 1 0 0 0 0 0 0 0 0 0 19 9 0 0 39 71 30 7 5 64 43 69 57 51 20 1 10 58 100 95 90 30 100 100
0 0 21 65 62 71 85 46 50 50 0 0 0 0 0 0 1 20 72 47 5 12 0 30 35 60 100 25 0 0 23 20 0 0 36 98 52 98 94 61 0 0 0 0 11 64 75 0 0 0 0 0 0 40 9 67 65 80 67 40 54 54 46 0 0 0 0 0 0 0 0 1 83 18 0 0 43 37 56 40 60 60 17 69 63 58 36 21 0 8 98 100 46 21 41 66
0 0 24 86 33 37 79 96 3 0 0 0 0 0 16 25 43 50 80 57 90 28 19 42 51 45 93 82 2 0 0 0 0 0 2 43 36 67 71 0 0 0 0 0 29 64 24 0 0 0 0 0 0 0 53 48 33 98 29 41 29 69 37 0 0 0 0 0 0 0 0 30 17 0 0 0 20 71 88 56 83 95 100 100 100 100 100 99 73 7 75 71 24 0 22 23
0 0 0 53 52 21 25 25 3 0 0 3 19 86 80 39 17 21 30 81 92 7 100 47 41 62 87 59 0 0 0 0 0 0 0 55 7 37 48 0 0 0 0 0 15 30 0 0 0 0 0 2 68 1 40 41 89 21 0 53 49 58 43 0 0 0 0 0 0 0 3 48 51 0 0 0 66 48 44 100 90 97 91 64 26 50 76 87 99 11 43 53 40 0 13 0
0 0 0 54 100 28 0 0 0 0 19 36 52 51 3 26 53 0 82 9 14 9 35 21 5 46 93 13 0 0 0 0 0 0 5 33 8 18 53 0 0 0 0 0 30 25 0 0 0 0 0 34 77 15 43 84 49 0 0 9 68 51 43 0 0 0 0 0 0 0 0 3 48 53 39 58 0 0 87 89 61 11 3 0 0 0 0 16 45 23 71 38 0 0 0 0
0 36 32 56 37 0 0 0 0 30 68 68 25 13 48 5 60 81 66 0 13 11 32 32 19 2 58 35 0 0 0 0 0 0 0 46 93 53 27 23 0 0 0 0 15 3 0 0 0 0 0 62 11 89 66 82 0 0 0 0 54 38 27 4 0 0 0 0 0 0 0 0 0 5 87 48 0 31 52 0 0 37 7 0 0 19 0 6 16 0 0 2 0 0 0 12
45 33 2 18 0 0 0 0 51 37 92 95 80 62 64 0 84 100 0 0 45 8 45 75 5 0 62 75 0 0 0 0 0 0 0 6 46 95 45 27 0 0 0 0 0 0 0 0 0 0 0 37 37 30 29 15 0 0 0 0 4 44 85 38 0 0 0 0 0 0 0 0 0 39 92 5 0 70 65 0 7 73 59 5 43 79 11 75 23 8 0 0 0 -9 -9 27
