data/habitatmaps/RS_maps/habitat_Turdus.torquatus_2009.asc
NCOLS 369 
NROWS 228 
XLLCORNER 479000 
YLLCORNER 73000 
CELLSIZE 1000 
NODATA_value -9 
[rows 120 to 179 of 228, columns 192 to 287 of 369]
44 69 89 84 30 41 63 22 22 60 90 95 90 43 92 89 100 98 59 76 58 91 72 52 26 60 44 39 71 70 100 100 86 2 76 86 100 52 44 26 41 98 84 52 66 94 96 72 20 46 80 78 40 2 36 47 34 57 70 53 52 64 89 46 14 16 79 42 52 92 92 100 78 13 80 72 77 98 74 96 49 2 8 60 83 83 36 62 14 18 26 19 38 22 98 98
96 80 82 94 77 38 28 88 89 83 59 93 98 74 78 46 100 95 45 70 82 59 28 69 80 58 60 76 92 85 100 100 92 6 74 76 94 87 79 58 29 59 66 15 37 78 84 30 30 26 16 4 6 22 51 58 93 46 15 8 60 49 34 21 36 41 24 82 60 37 85 72 28 0 6 52 94 89 48 34 68 0 0 82 96 75 84 14 2 26 12 44 58 52 100 89
84 90 58 70 72 10 62 39 43 46 67 68 58 96 82 38 66 93 24 65 42 66 89 100 100 100 100 100 100 100 93 80 90 54 97 96 47 100 100 52 42 34 71 96 61 58 40 4 0 0 16 66 64 56 41 24 4 15 14 32 50 46 46 54 67 47 46 40 85 76 55 42 24 58 36 82 100 67 22 17 24 0 5 37 77 96 64 0 3 45 30 84 30 90 100 100
46 40 48 88 72 33 66 11 40 29 43 68 42 15 41 98 85 57 49 40 10 91 100 100 100 100 46 96 100 100 84 18 96 100 100 81 99 97 27 41 72 77 98 72 18 6 7 20 11 58 100 80 87 20 66 42 66 46 44 41 17 8 16 19 54 44 30 80 78 95 100 69 15 82 69 100 98 20 15 13 41 2 0 14 89 77 28 28 28 25 24 60 84 55 72 100
44 86 12 69 100 96 76 34 80 51 73 41 43 22 17 26 74 82 100 75 46 100 100 100 100 100 72 91 100 100 94 44 18 45 100 100 96 19 47 82 100 88 28 6 2 22 78 58 59 84 87 98 64 67 98 76 39 17 40 10 6 0 0 8 60 28 78 86 76 56 92 20 36 70 82 100 84 2 37 7 14 6 0 5 76 47 82 42 23 0 8 25 95 16 56 100
88 95 86 42 18 15 53 52 75 64 76 76 66 61 23 83 82 100 98 33 73 100 100 100 97 98 76 93 100 94 62 96 94 100 84 49 36 70 94 98 68 53 34 42 29 84 90 55 80 78 86 36 16 96 48 57 57 26 0 10 9 0 0 25 36 38 95 82 3 12 18 32 81 38 98 81 74 0 38 44 22 14 0 0 64 98 76 66 52 17 24 64 68 93 95 95
78 72 58 78 38 74 83 75 42 45 6 95 66 26 50 76 97 99 58 91 100 91 100 100 94 44 19 66 100 44 60 100 97 23 0 48 45 67 32 46 91 92 30 96 68 99 69 36 63 66 55 6 24 80 34 34 42 14 1 1 0 0 0 25 57 64 99 92 85 56 8 29 34 62 100 87 84 22 34 42 40 41 4 3 51 100 66 68 72 66 60 68 91 100 82 53
85 56 92 90 95 64 84 24 80 100 68 84 99 100 100 96 98 62 27 86 100 75 100 100 100 97 96 97 100 27 43 97 63 21 69 97 77 14 40 74 100 65 30 70 54 94 52 59 51 28 89 43 40 23 18 6 0 0 25 6 0 0 6 19 86 84 69 92 33 35 0 18 33 98 72 60 6 0 0 0 4 12 14 66 66 74 97 82 39 30 78 68 100 100 81 49
90 79 44 47 26 26 73 22 98 83 89 50 81 100 89 43 97 44 68 38 100 97 56 100 100 100 100 46 62 56 12 48 29 73 64 46 1 54 100 98 60 48 36 35 61 93 98 79 96 80 97 74 41 34 10 5 28 2 2 0 2 8 9 73 93 87 70 67 65 25 0 24 31 94 92 80 29 10 0 11 60 80 82 64 100 100 100 96 8 40 86 20 82 91 77 100
84 55 26 14 2 10 18 8 88 23 51 97 75 100 86 99 100 65 74 46 100 100 92 100 100 100 99 43 40 43 15 14 28 70 76 4 4 53 71 76 22 44 54 78 80 40 87 30 96 100 94 19 15 38 4 13 4 32 7 4 41 48 30 73 70 34 98 76 42 6 34 37 58 60 24 69 67 66 63 80 94 100 66 98 59 60 49 72 96 57 39 34 37 100 98 96
70 40 44 66 49 28 0 32 38 62 22 88 86 62 51 100 79 64 64 84 97 100 100 98 79 49 13 19 64 26 0 2 68 82 42 0 5 12 28 95 55 100 89 26 74 84 40 64 38 97 81 54 20 64 97 50 75 29 20 59 100 100 45 86 32 18 48 48 2 2 14 93 60 96 78 50 74 80 61 64 42 89 97 96 79 52 77 100 100 73 83 74 33 39 54 80
82 28 36 12 68 82 59 99 75 94 61 60 34 1 76 80 67 52 80 41 90 100 96 45 0 6 0 1 11 20 66 48 64 98 49 28 18 26 45 65 30 98 84 86 100 86 64 72 50 84 17 0 36 48 66 87 35 15 73 88 69 100 36 40 66 27 30 54 14 27 35 72 50 47 72 90 99 54 0 0 2 59 98 80 37 56 92 74 86 42 39 62 26 41 56 70
2 35 29 28 64 76 100 80 93 91 86 38 35 20 30 77 74 70 66 88 67 27 14 0 0 0 18 27 72 74 54 98 86 100 49 80 41 46 42 30 32 97 100 96 91 48 42 62 74 96 92 59 54 13 0 0 40 92 72 58 71 88 36 55 86 70 76 50 34 53 94 88 97 17 50 100 66 3 0 13 59 1 82 93 75 19 27 5 60 84 36 14 77 100 100 100
2 0 1 32 38 98 50 32 2 8 28 12 58 72 68 93 84 60 50 34 34 59 58 0 0 32 48 78 62 22 38 70 52 100 44 36 52 56 49 55 68 94 78 74 80 83 64 64 40 94 78 2 6 20 0 35 92 99 63 56 44 73 74 71 24 16 78 19 25 46 78 78 68 22 53 52 22 0 0 26 36 10 16 73 97 24 0 2 15 84 92 34 94 100 94 90
0 0 0 18 22 63 99 46 38 38 78 86 97 100 100 88 78 56 20 53 63 49 60 20 83 64 54 42 36 12 46 42 7 58 69 20 72 92 72 95 74 92 98 100 97 77 81 80 32 94 62 22 16 16 51 98 66 90 82 76 36 53 84 48 46 25 27 11 45 6 54 100 98 76 58 0 3 7 46 50 16 0 43 100 98 60 52 0 4 51 94 88 39 78 42 62
0 0 0 2 12 32 94 91 92 99 95 100 100 94 63 43 2 6 21 35 13 97 27 13 38 76 42 96 100 37 22 50 47 56 43 66 49 92 100 100 82 26 56 69 100 68 50 97 96 54 48 2 14 48 47 94 82 100 100 98 32 1 23 62 57 66 54 13 78 38 73 100 63 0 0 0 5 37 19 42 36 16 77 90 44 6 86 7 58 100 100 95 8 56 74 39
8 0 0 15 1 21 56 100 100 90 94 82 70 16 30 12 52 51 32 40 3 56 99 47 18 32 29 82 37 6 32 64 98 46 68 37 78 100 95 26 14 21 68 85 100 100 94 81 25 56 42 24 26 4 34 68 64 99 78 28 0 0 2 74 6 72 74 22 29 16 66 100 59 10 0 1 30 42 89 96 53 1 46 76 34 26 79 33 42 94 92 58 0 15 80 84
30 12 0 16 34 34 88 100 82 79 60 30 28 26 36 46 72 46 83 68 43 32 45 24 3 51 53 92 81 7 73 76 90 74 42 95 72 100 90 48 23 83 96 76 100 100 79 18 15 72 96 52 59 2 34 71 99 87 4 0 0 0 25 69 28 2 32 38 62 58 30 80 70 56 73 81 64 70 63 73 46 30 95 49 2 65 100 20 0 41 79 61 2 0 82 97
47 31 4 26 6 82 90 95 23 0 14 55 68 88 45 38 58 77 91 100 56 16 18 51 11 76 46 55 46 24 88 96 98 32 44 100 81 90 97 100 100 100 65 31 98 100 93 23 3 84 100 98 68 44 76 84 87 43 36 50 46 90 58 2 12 14 56 19 2 26 62 100 100 100 80 27 43 16 26 99 64 64 95 51 45 8 92 25 31 86 92 37 2 0 19 64
36 22 60 38 32 52 80 89 0 0 38 84 81 58 18 58 81 83 90 100 79 2 21 53 50 99 44 83 70 88 92 100 27 39 86 100 98 86 40 74 100 100 50 0 88 50 81 30 0 55 96 100 100 81 86 100 100 68 50 84 99 82 48 7 16 38 50 16 48 74 100 100 100 100 89 7 0 2 74 94 84 90 98 68 72 50 54 20 48 56 34 47 65 25 29 51
46 60 90 52 85 83 25 11 2 8 63 36 99 79 40 84 26 90 100 88 2 8 15 35 90 74 96 98 80 100 75 63 36 78 100 100 100 100 100 100 100 76 6 24 54 32 11 17 54 51 88 100 100 100 100 100 52 49 71 69 41 6 26 14 39 47 31 74 44 36 59 88 100 100 100 72 62 69 82 66 90 98 84 27 28 26 46 66 92 45 0 22 68 99 98 30
90 33 100 86 40 3 20 21 28 14 35 86 66 47 32 92 72 69 86 84 54 4 53 90 70 82 100 100 100 96 31 3 14 84 100 100 100 87 81 90 66 28 32 36 18 0 33 47 9 43 100 94 100 100 99 62 1 58 39 16 54 19 34 78 22 62 100 57 66 78 46 33 46 96 100 73 6 70 87 68 95 100 99 58 39 28 89 100 63 3 0 50 98 98 98 96
63 36 56 42 13 48 20 32 14 18 46 100 80 28 16 19 76 75 94 100 85 62 68 20 98 97 100 100 98 100 92 14 2 25 80 100 100 87 30 29 15 12 80 44 64 30 17 75 14 96 100 62 35 61 59 4 50 21 34 68 100 90 70 41 70 86 38 57 6 24 11 42 52 77 80 80 88 84 100 98 94 83 54 16 60 100 96 88 6 0 0 94 84 40 49 90
72 44 2 34 43 73 41 6 16 11 72 64 8 45 38 82 55 9 40 89 41 14 8 12 83 67 26 52 43 50 34 24 28 0 56 71 80 54 24 38 90 46 71 31 81 57 60 92 89 96 90 50 69 50 59 75 44 76 64 76 35 46 68 45 60 8 0 0 32 14 13 43 17 22 91 94 75 74 98 86 70 95 98 44 8 35 66 40 2 16 12 82 93 20 90 62
36 23 64 76 94 12 1 17 83 14 41 82 99 100 94 56 19 10 38 4 11 16 19 14 1 10 9 62 82 62 18 54 37 6 5 21 21 17 34 23 38 28 55 45 36 42 12 98 100 100 98 38 93 100 98 91 74 100 100 60 78 98 18 7 0 0 17 66 60 54 27 85 84 99 72 67 99 82 89 72 87 86 80 80 65 53 52 4 40 52 44 62 100 85 35 79
0 31 99 58 80 82 58 57 90 86 76 100 100 100 66 8 0 0 12 33 68 79 5 0 0 8 21 8 0 0 64 96 60 47 51 25 16 20 0 57 48 12 18 24 64 72 32 56 95 70 96 91 86 66 98 83 73 100 100 86 91 87 0 14 16 19 2 12 58 29 8 46 46 78 44 100 100 78 97 100 70 91 69 100 66 78 84 26 74 53 42 84 100 87 14 91
25 4 0 70 84 88 67 78 27 72 100 100 100 48 21 19 17 10 32 85 73 80 3 20 32 35 42 30 0 0 0 4 18 48 90 53 15 0 47 85 32 23 30 14 60 66 46 19 86 58 98 100 92 80 64 57 76 97 44 54 78 32 40 13 71 54 49 42 63 81 8 4 26 58 73 100 100 94 100 100 38 98 76 66 75 97 100 32 76 14 71 100 95 15 41 58
28 62 20 52 23 74 82 66 33 91 84 29 22 0 0 15 42 35 9 32 23 82 72 70 73 66 11 42 34 60 67 62 61 64 63 71 46 63 58 64 90 76 68 30 0 19 90 64 32 49 100 98 99 50 41 32 39 98 94 76 53 28 44 42 65 40 9 11 16 31 34 6 55 32 15 74 90 80 97 100 34 84 78 53 8 16 67 97 77 72 100 98 31 4 85 91
51 39 34 34 73 100 100 75 94 93 22 22 33 0 27 57 90 92 100 68 36 64 65 57 34 54 18 73 54 25 48 84 100 88 100 98 74 53 78 56 52 84 100 60 2 16 86 48 22 54 96 52 72 44 62 86 98 90 88 12 22 40 64 37 32 36 83 55 16 22 70 84 100 64 28 100 100 44 77 100 26 66 94 64 99 72 74 49 66 96 100 87 39 46 66 81
8 20 35 59 96 100 100 84 91 62 21 44 48 35 54 58 42 66 76 72 71 66 70 96 68 39 13 20 31 78 38 40 41 10 52 58 78 84 90 82 82 44 50 95 9 0 30 56 27 48 93 24 43 90 88 100 87 74 38 49 38 11 48 0 75 97 88 45 72 50 100 100 99 91 32 100 100 100 83 47 33 100 96 21 94 81 56 86 100 100 64 52 49 88 44 92
54 80 96 100 100 100 94 90 54 30 30 54 40 26 43 70 89 92 57 69 50 59 23 47 62 96 92 68 27 80 78 64 54 74 78 24 16 42 30 52 40 28 16 42 4 0 37 66 74 69 100 54 45 100 98 100 73 44 77 100 100 86 76 8 82 17 17 94 16 64 100 81 52 32 0 11 69 100 48 6 18 100 81 17 74 63 10 23 91 100 100 100 100 82 44 100
18 93 90 90 88 88 90 89 36 38 79 32 63 50 34 93 52 18 6 4 60 76 52 68 38 54 60 60 18 56 55 42 48 59 76 38 87 11 47 3 49 56 14 3 0 0 64 74 74 96 100 98 78 51 32 69 78 69 76 100 100 52 48 2 5 77 97 98 42 80 100 74 51 40 65 38 20 88 88 32 78 100 88 16 26 69 53 6 0 60 100 100 100 90 94 97
46 49 100 91 100 86 68 19 30 66 60 50 100 45 49 52 38 54 50 45 50 36 82 100 98 92 72 35 42 60 52 60 32 12 1 0 36 64 31 4 34 30 0 0 0 55 88 84 98 95 63 71 98 52 68 22 44 59 94 100 92 57 79 49 13 99 100 100 76 99 71 100 69 36 30 34 0 14 64 82 100 100 74 6 40 5 60 91 35 5 53 85 100 100 100 100
30 10 95 36 9 18 4 16 34 66 90 64 100 100 100 82 91 100 100 88 26 42 10 43 88 100 85 44 52 76 87 32 60 43 8 0 23 95 20 14 18 0 0 0 0 88 90 100 100 84 18 32 57 86 54 74 89 99 69 100 100 61 75 86 22 69 100 100 100 77 54 81 59 44 36 8 0 27 93 100 96 72 28 13 60 0 44 88 88 60 3 18 94 100 100 100
8 44 90 45 14 52 76 72 85 100 96 100 100 100 100 100 100 100 100 100 64 30 27 30 36 39 75 96 90 42 76 94 92 76 56 8 26 100 44 52 67 6 0 0 5 78 99 58 100 97 85 61 62 46 40 51 100 80 27 100 89 42 60 58 36 56 99 100 85 64 78 57 22 66 36 1 13 42 62 100 98 70 22 23 40 0 40 86 68 79 75 4 8 40 83 90
50 94 98 100 94 66 42 30 64 88 64 88 80 98 100 100 100 100 100 100 100 84 38 79 38 48 94 100 79 28 80 83 68 55 65 40 12 85 75 46 98 91 54 0 4 73 100 82 53 99 77 48 60 28 72 100 97 40 82 100 93 36 44 77 100 62 99 100 91 91 3 3 14 29 29 42 14 57 80 99 92 50 26 42 49 23 32 57 79 70 80 49 64 41 19 100
68 90 100 89 52 28 38 89 88 93 91 13 22 89 100 25 74 60 77 100 24 46 54 64 76 90 100 80 24 44 82 22 32 59 89 45 0 31 84 68 73 85 94 46 2 0 13 82 68 36 39 30 36 4 46 100 87 44 80 94 84 55 42 74 43 64 88 100 68 28 2 19 89 58 66 66 45 56 14 66 86 39 6 64 87 58 36 82 97 90 16 28 82 60 32 84
50 13 68 66 33 0 44 90 100 100 82 37 24 92 100 26 24 8 40 87 28 8 2 60 48 97 100 90 99 56 84 85 79 56 92 92 6 42 22 94 74 34 87 100 68 8 0 26 92 79 65 1 22 78 65 84 77 42 62 74 77 92 74 75 82 78 80 92 82 100 48 26 12 1 58 77 69 67 58 60 76 36 20 68 100 64 72 20 85 84 13 30 82 73 37 60
53 19 8 28 8 28 54 98 84 100 100 86 44 62 95 14 12 36 6 40 24 0 22 56 24 98 97 96 90 100 100 100 100 31 84 89 11 4 0 44 87 85 54 98 77 22 0 2 26 36 42 87 100 98 76 32 82 35 59 86 79 100 78 54 52 65 69 76 48 37 91 47 63 32 36 76 19 15 63 100 100 61 10 68 100 82 54 63 40 95 0 22 91 100 81 95
88 93 2 35 33 24 69 65 84 19 82 54 8 24 10 82 76 56 16 28 22 1 48 82 47 76 17 48 84 100 67 76 30 52 69 42 32 0 0 4 70 67 78 80 75 48 6 0 12 67 100 100 100 85 89 86 84 76 94 93 77 100 92 82 34 80 42 60 63 8 76 69 18 22 78 35 38 66 54 52 74 76 30 50 96 92 77 65 41 92 0 26 93 100 100 100
91 64 77 49 60 50 90 86 8 78 80 50 16 0 54 96 90 65 84 41 28 2 38 74 88 49 46 64 76 99 56 22 66 99 72 83 53 11 26 0 6 46 100 80 66 53 2 0 9 79 100 96 84 79 52 97 100 76 94 100 63 67 62 92 48 84 30 40 68 40 96 62 53 65 62 63 46 86 66 80 68 93 68 53 86 100 75 28 48 93 19 30 100 100 95 65
84 80 60 73 13 38 96 100 85 34 44 55 28 0 3 24 96 87 70 66 61 6 19 49 13 20 73 51 92 100 99 74 58 70 84 80 63 94 90 17 0 5 56 94 86 68 1 0 28 72 84 34 90 88 84 100 84 54 96 97 74 52 77 96 92 88 15 29 64 53 100 100 74 10 44 38 51 99 98 100 100 100 98 68 96 100 48 22 35 64 88 85 100 100 76 40
87 98 68 26 52 55 80 86 100 62 98 71 63 0 0 36 100 90 82 41 42 32 2 14 28 40 74 89 99 47 38 41 56 48 100 69 69 80 86 56 0 0 0 30 76 33 0 0 14 32 27 57 89 100 97 97 49 56 98 77 88 97 100 98 76 92 16 18 90 49 100 100 100 74 14 80 29 56 64 84 100 100 96 96 100 98 89 99 100 86 100 100 100 96 92 69
57 92 92 37 46 60 38 96 94 100 100 52 56 8 0 46 66 99 90 88 64 32 0 64 80 86 74 76 93 30 10 10 6 12 67 93 81 90 100 91 46 21 0 0 5 0 0 0 20 100 90 72 45 97 91 44 42 75 74 76 63 100 100 88 96 76 20 23 78 88 100 100 91 100 82 100 65 70 38 44 60 100 100 97 86 98 100 100 100 100 100 100 100 95 82 62
68 60 52 12 55 62 41 94 100 86 84 68 0 1 0 0 0 26 38 87 72 32 6 86 75 64 57 98 99 96 76 70 58 27 46 96 61 77 100 59 82 56 10 2 0 0 0 0 19 63 90 96 98 96 82 97 46 90 45 76 60 91 91 58 98 58 35 84 78 88 100 100 81 63 94 100 31 48 68 64 50 80 82 60 52 75 98 76 63 94 59 34 34 26 34 61
92 99 87 84 49 82 34 83 98 79 13 21 6 58 25 17 2 58 58 88 23 0 55 100 77 96 68 83 16 1 15 40 7 36 86 82 90 96 60 48 96 77 24 42 7 0 0 11 21 38 86 24 64 54 82 83 71 94 52 79 79 70 68 79 96 33 28 60 80 85 94 100 100 80 54 77 0 20 70 64 68 56 60 52 79 48 64 56 50 68 74 78 90 36 68 31
62 100 100 48 53 59 62 94 100 98 36 35 63 67 50 26 25 17 10 20 20 42 86 78 100 100 100 95 38 6 0 16 6 88 96 83 87 92 64 64 86 45 70 86 2 0 0 19 88 60 77 52 66 94 100 100 76 94 60 90 78 80 62 96 82 10 75 90 92 87 98 100 100 100 94 66 16 0 51 19 0 12 63 52 76 43 78 72 50 41 26 34 9 17 10 53
49 80 75 38 43 66 74 100 100 100 84 68 81 94 40 52 38 14 0 15 39 31 67 26 58 95 81 98 48 38 38 20 16 22 2 20 44 85 94 50 55 72 100 100 38 0 0 1 72 69 70 81 80 94 100 66 52 78 76 80 59 66 64 72 50 23 98 100 100 77 62 92 100 100 100 100 9 0 56 44 0 0 0 23 1 1 14 12 16 0 8 38 86 98 98 95
47 34 44 94 76 100 76 92 100 92 98 96 94 49 96 75 48 8 0 2 8 20 19 74 65 73 39 100 89 92 58 76 28 0 6 36 46 78 44 83 95 88 81 56 40 2 0 3 72 90 83 92 54 86 100 84 90 75 42 76 26 48 14 51 2 37 40 58 84 93 80 78 100 98 74 75 54 25 9 1 2 0 0 0 8 12 31 19 68 86 96 100 92 98 87 80
78 15 12 74 90 100 78 78 58 22 22 65 53 89 73 81 6 0 2 28 30 28 74 97 100 80 26 50 46 88 94 70 14 0 23 66 88 57 56 42 84 99 59 22 59 4 0 0 34 52 82 100 88 99 100 100 94 56 48 96 61 84 88 25 0 46 87 91 82 100 100 100 98 58 47 67 58 66 26 0 30 42 16 22 44 48 91 70 68 94 100 100 70 79 76 81
55 2 87 100 88 54 56 36 0 5 43 79 100 74 83 16 8 0 8 45 74 70 89 80 100 96 36 4 0 8 72 78 14 0 30 40 51 70 42 46 59 67 46 71 68 0 0 0 3 72 99 85 86 81 100 94 65 8 78 89 100 96 32 0 17 86 80 100 100 65 69 92 74 50 21 10 1 0 0 0 0 71 55 94 98 94 100 100 100 94 84 100 92 74 76 98
4 57 99 50 86 78 36 0 8 56 86 66 75 18 22 14 0 0 0 0 0 0 13 36 60 97 88 78 26 3 6 42 19 1 48 70 80 10 40 79 61 68 96 82 64 12 0 0 0 26 54 91 72 88 96 65 82 28 46 80 74 26 3 2 70 100 100 83 46 42 70 78 80 78 42 2 0 0 0 0 6 21 84 100 100 82 100 100 100 100 100 100 100 68 65 65
20 89 66 41 78 97 74 23 74 58 68 64 20 5 52 57 54 16 20 1 0 0 0 14 16 37 24 51 80 34 1 5 5 8 64 100 66 32 86 54 35 69 38 12 1 14 28 0 0 6 82 100 100 97 76 67 90 29 44 77 32 27 3 35 73 99 74 67 62 84 100 55 44 74 33 0 0 0 0 0 1 90 86 54 84 88 100 100 100 100 100 100 100 100 100 100
85 56 61 96 95 91 84 36 51 17 35 42 5 61 64 53 52 30 54 11 16 0 0 0 0 15 58 34 76 65 70 20 24 20 83 97 55 36 82 17 74 97 21 32 30 86 30 0 0 0 32 98 52 59 58 70 100 65 78 78 60 26 0 48 94 88 91 62 53 97 84 74 49 58 48 0 0 0 0 0 0 10 59 60 83 74 86 94 88 100 100 100 100 100 86 96
96 81 84 69 42 48 8 56 96 32 74 21 54 24 42 46 55 67 84 5 10 0 0 0 0 30 46 6 4 74 82 74 39 26 34 59 58 29 34 94 100 100 88 56 45 97 22 0 0 0 0 13 24 48 56 100 70 38 98 72 76 10 25 78 89 74 97 58 97 86 0 19 23 21 20 71 44 2 0 0 0 20 37 38 66 0 46 66 66 95 100 100 90 60 52 96
89 22 58 61 10 45 74 72 42 94 94 72 46 31 34 38 57 4 16 28 9 36 6 0 0 21 13 0 12 41 80 20 26 4 5 52 34 5 42 50 51 68 86 30 85 66 28 2 0 0 0 16 96 72 70 100 31 36 94 84 53 0 34 48 30 18 72 92 100 9 55 99 83 62 96 71 1 0 0 0 0 0 59 54 49 9 56 79 74 100 100 100 92 56 90 100
92 96 60 42 32 97 94 98 92 90 88 100 100 88 98 31 21 46 27 26 38 49 0 0 0 0 0 0 0 0 2 90 45 12 6 14 20 1 36 32 14 80 87 70 90 42 50 51 0 0 0 0 36 88 51 100 68 14 37 0 2 10 81 90 86 83 76 73 88 42 86 19 98 68 94 33 5 20 2 0 0 0 29 61 54 44 90 100 100 100 100 100 76 80 100 99
95 75 92 58 79 83 100 100 94 81 88 88 44 63 48 43 28 18 4 22 56 60 14 12 32 0 0 0 0 0 2 31 64 50 83 75 48 10 26 74 100 86 80 100 9 67 92 96 70 0 0 0 0 12 54 90 94 26 27 8 0 19 31 60 69 53 53 66 63 90 95 79 100 90 82 92 97 22 0 0 0 0 54 71 90 55 93 100 86 100 100 100 66 67 87 39
72 87 74 64 83 85 98 98 83 50 17 22 22 16 19 8 22 24 60 22 0 12 14 71 18 0 0 0 0 0 10 23 32 92 100 88 64 2 38 78 86 98 100 83 29 77 46 45 72 1 0 0 0 12 11 0 4 0 0 0 0 8 56 86 100 82 60 51 72 95 100 98 100 100 100 94 69 75 29 0 0 0 0 30 45 67 21 76 100 100 100 100 100 88 92 100
84 100 73 66 88 77 93 85 100 51 48 48 37 38 34 20 4 4 24 3 19 36 51 48 34 39 3 0 0 0 0 1 6 28 78 39 46 0 10 34 58 65 90 68 84 66 44 70 60 36 12 0 0 0 0 0 0 0 0 5 58 90 72 32 88 98 100 88 96 92 76 60 80 100 100 100 100 62 31 38 60 -9 0 3 0 24 42 42 70 100 92 62 94 100 100 100
