data/habitatmaps/RS_maps/habitat_Turdus.torquatus_2001.asc
NCOLS 369 
NROWS 228 
XLLCORNER 479000 
YLLCORNER 73000 
CELLSIZE 1000 
NODATA_value -9 
[rows 60 to 119 of 228, columns 192 to 287 of 369]
0 0 0 0 0 0 29 18 0 0 0 0 0 0 0 0 0 0 0 0 73 29 0 0 0 0 0 20 13 34 20 1 0 0 0 0 0 0 43 29 8 0 0 43 35 0 0 0 0 0 0 0 0 0 0 0 1 13 41 43 19 0 5 35 52 70 41 27 23 39 34 70 64 47 44 55 66 58 20 2 0 0 0 10 47 15 0 0 0 0 0 0 0 0 0 0
0 0 0 0 0 3 46 1 0 0 0 0 0 0 0 0 0 0 0 0 46 78 6 0 0 0 0 0 0 4 11 0 0 0 0 0 0 15 70 28 0 0 0 0 0 0 0 0 0 1 9 0 0 8 21 25 37 33 45 27 15 0 1 8 91 74 78 52 27 37 54 61 62 57 66 82 86 74 51 0 0 0 12 28 13 0 0 0 0 0 0 0 0 0 0 0
0 0 0 0 0 0 0 0 0 34 5 0 0 0 0 0 0 0 0 0 19 57 56 0 1 0 0 0 0 0 0 10 28 5 0 0 0 1 9 5 0 0 0 0 0 0 0 0 0 1 17 0 25 42 4 55 26 55 54 42 24 32 10 53 57 46 17 70 25 12 77 63 58 99 75 33 45 39 16 35 64 32 89 35 0 0 0 0 0 0 0 0 0 0 0 0
0 0 5 28 0 0 0 0 0 0 2 0 0 0 0 0 0 0 0 0 0 2 6 1 19 1 0 0 0 0 0 0 38 8 0 0 0 0 0 0 0 0 0 0 0 0 0 0 0 0 11 11 54 33 30 26 2 34 70 62 57 70 42 76 32 23 27 49 46 47 22 43 42 20 19 50 42 13 37 50 37 55 70 32 3 0 0 0 0 0 0 0 0 0 0 8
0 0 0 45 2 0 0 0 0 0 0 0 0 0 23 0 0 0 0 0 0 0 0 0 13 36 0 0 8 14 0 0 0 2 0 0 0 0 0 0 0 0 0 0 0 0 0 0 0 18 23 29 20 16 39 1 0 5 27 28 60 54 1 13 68 47 17 58 65 67 57 41 17 76 92 37 43 43 22 50 39 59 21 0 0 0 0 0 0 0 0 0 0 0 1 74
0 0 0 15 18 0 0 0 0 0 0 0 0 0 62 10 0 0 0 0 0 0 0 0 19 36 14 2 14 15 0 0 0 0 0 0 0 0 0 0 0 0 0 0 0 0 0 0 0 20 4 46 78 49 56 49 3 0 0 0 0 13 37 45 0 11 33 48 31 58 37 24 92 100 100 88 20 65 66 53 36 7 0 0 0 0 0 0 0 0 0 0 0 0 40 26
0 0 0 0 0 0 0 0 0 0 0 0 0 0 18 5 0 0 0 0 0 0 0 0 0 0 6 0 0 0 8 16 0 0 0 0 0 0 0 0 0 0 0 0 0 0 0 0 0 0 59 90 94 62 68 60 1 0 0 0 0 7 30 12 0 4 1 25 7 36 34 69 100 96 89 89 85 50 51 51 2 0 0 0 0 0 0 0 0 0 0 0 0 5 63 0
0 0 8 46 3 0 0 0 0 6 33 0 0 0 0 0 0 0 0 0 0 0 0 0 0 0 0 0 0 0 0 0 0 0 0 0 0 0 0 0 0 0 0 0 0 8 1 0 0 0 3 63 78 82 81 30 1 18 36 0 0 0 0 0 0 59 31 33 76 41 41 83 43 47 93 100 96 54 81 61 30 0 0 0 0 0 0 0 4 3 24 0 0 59 58 6
0 0 28 51 53 0 0 15 24 0 0 0 0 0 0 0 0 0 0 0 0 0 0 0 0 0 0 0 0 0 0 0 0 0 0 0 0 0 0 11 34 30 3 37 0 17 2 0 0 0 3 55 69 79 76 47 2 32 36 3 0 0 0 3 34 49 21 26 70 64 57 28 16 48 82 46 76 33 52 81 32 0 0 0 0 0 0 1 0 0 0 0 0 1 23 0
0 0 0 0 5 0 0 0 0 0 0 0 0 0 0 0 0 0 0 0 0 0 0 0 0 0 0 0 0 0 0 0 0 0 0 0 0 0 0 8 22 1 0 0 0 0 0 0 0 0 0 2 1 8 27 35 53 25 59 37 28 1 0 2 51 28 27 78 24 0 2 41 67 35 69 90 77 83 86 78 7 0 0 0 0 0 0 0 0 0 0 15 0 8 19 0
0 0 0 8 0 0 0 0 1 5 8 2 0 0 0 0 0 0 0 0 0 0 0 0 0 0 0 0 0 0 0 0 0 0 0 0 0 0 0 0 0 2 0 0 0 0 0 0 0 0 0 0 0 48 60 56 58 64 60 62 60 23 7 31 16 20 47 32 35 50 14 0 1 10 50 39 2 32 21 2 2 0 0 0 0 0 0 0 0 3 6 70 23 0 15 0
0 0 20 28 0 0 0 0 7 55 17 7 0 0 0 0 0 0 0 0 0 0 0 0 0 0 0 0 0 0 0 0 0 0 0 0 0 0 0 30 25 2 0 0 0 0 0 0 0 0 0 0 51 6 77 62 87 59 38 59 85 82 28 0 12 28 42 40 1 0 0 15 11 5 8 21 11 10 81 7 0 0 0 0 0 0 0 0 0 5 63 61 34 0 0 9
0 0 26 50 0 0 14 0 0 0 0 0 0 28 0 0 0 0 0 0 0 0 0 0 0 0 0 0 0 0 0 0 0 0 0 0 0 0 0 4 14 0 0 0 0 0 0 0 0 0 0 0 20 52 59 49 46 37 15 32 49 17 1 0 0 0 20 12 2 29 18 11 0 44 93 94 70 39 33 29 0 0 0 0 0 0 0 0 0 17 68 65 13 5 34 55
0 0 16 56 0 0 17 0 0 0 0 0 0 25 0 0 0 0 0 0 0 0 0 0 0 0 0 0 0 0 0 0 0 0 0 0 0 0 0 0 0 0 0 0 0 0 0 0 0 0 0 0 14 62 46 34 1 0 16 57 85 45 56 10 8 0 7 41 65 51 62 26 16 16 19 40 56 13 0 0 0 0 0 0 0 0 0 0 6 46 62 94 24 26 92 56
0 1 15 59 9 0 0 0 0 0 0 0 0 0 0 0 0 0 0 0 0 0 0 0 0 0 0 0 5 15 0 0 0 0 0 0 0 0 0 0 0 0 0 0 0 0 0 0 0 0 0 0 3 32 33 0 10 0 34 44 85 94 48 66 47 46 42 52 38 40 70 40 54 85 100 41 30 9 1 5 0 0 0 0 0 0 0 0 28 94 76 53 26 100 100 91
0 0 15 8 0 0 0 0 0 0 0 0 0 0 0 0 0 0 0 0 0 0 1 0 0 0 0 0 38 30 0 0 0 3 6 5 0 0 0 0 0 0 0 0 0 0 0 0 0 0 0 0 40 56 20 14 42 57 47 45 10 20 58 87 43 15 0 27 65 75 32 56 77 73 85 86 78 86 69 7 0 0 0 0 0 0 0 10 74 100 99 41 69 100 100 100
0 0 0 0 0 0 0 0 0 0 0 0 0 0 0 0 0 0 1 34 41 39 62 70 86 60 32 13 0 0 0 27 23 84 50 2 7 39 0 4 68 45 29 0 7 2 0 0 0 0 0 2 80 28 13 24 56 11 5 63 7 28 82 77 72 21 43 85 78 69 98 97 66 38 41 66 95 42 12 49 1 0 0 0 0 1 5 32 99 96 51 10 82 100 100 92
0 0 0 0 0 0 0 0 0 0 0 0 9 0 0 12 41 43 77 93 85 100 100 100 100 81 46 24 0 4 19 67 99 61 3 65 60 48 1 0 14 50 70 39 22 37 38 0 0 0 0 14 40 0 0 23 59 0 11 11 31 79 50 33 9 40 14 49 16 0 15 83 36 28 46 43 73 62 47 64 3 0 0 0 0 0 2 29 95 70 48 16 77 93 94 82
0 0 0 0 0 0 0 0 0 0 0 0 50 19 41 70 43 47 44 82 88 55 98 66 41 3 0 0 0 0 3 34 98 40 29 88 47 0 0 9 21 22 79 39 27 90 75 22 0 0 0 0 0 0 0 1 29 0 0 0 19 36 45 56 70 0 0 0 0 0 0 1 0 8 54 81 100 94 75 83 22 1 0 0 0 0 0 0 43 65 19 48 49 62 38 100
0 0 0 0 0 19 23 0 0 0 0 0 55 7 0 0 20 0 0 8 36 39 50 28 0 0 11 16 0 0 0 10 59 77 100 42 66 20 0 60 78 59 30 1 11 61 44 0 0 0 0 0 0 0 0 0 0 0 0 0 0 0 0 4 4 0 0 0 0 0 0 0 0 6 64 51 76 72 0 36 39 10 0 0 0 0 0 0 2 19 15 38 17 37 51 98
0 0 0 0 0 10 6 0 0 27 12 9 41 7 0 0 0 0 0 29 30 93 30 0 24 31 19 1 0 0 0 0 24 61 51 39 0 36 0 16 5 20 36 55 39 44 12 15 43 28 0 0 0 0 0 9 14 8 0 0 0 0 0 0 0 0 0 0 0 0 0 0 0 0 2 59 41 63 5 7 18 22 0 0 0 0 0 0 0 13 11 37 39 67 87 95
0 3 44 0 0 0 0 0 0 0 0 17 69 13 0 5 12 5 0 19 14 25 0 4 35 58 20 0 0 0 0 0 43 41 61 18 12 45 20 0 6 62 32 86 17 19 26 38 51 18 0 0 0 2 57 69 15 9 0 0 0 0 0 0 0 0 0 0 2 15 8 0 0 0 36 92 91 53 82 37 48 53 2 0 0 0 0 0 5 65 25 18 35 71 60 92
0 0 19 0 0 0 49 1 0 0 0 0 34 50 0 42 100 55 10 0 45 29 1 49 56 86 22 0 0 0 0 0 67 51 57 71 17 39 29 14 1 20 31 65 38 34 49 44 43 3 0 0 0 2 62 98 17 50 0 21 2 51 66 19 3 63 21 62 75 33 0 0 0 0 7 51 32 2 44 99 74 30 17 0 0 0 0 0 21 90 91 23 11 21 55 57
15 58 14 0 0 0 5 0 0 0 0 0 13 97 49 41 85 49 8 0 80 51 6 71 38 38 8 12 20 16 12 7 47 26 51 74 62 42 69 58 17 9 70 65 5 27 81 63 31 45 38 12 0 0 37 75 21 61 5 56 49 89 40 71 92 56 89 82 22 36 6 0 0 0 0 2 5 26 2 48 100 91 51 0 0 0 0 0 40 44 59 45 32 1 29 73
39 40 0 0 0 0 0 0 0 0 0 0 0 83 100 96 91 79 31 14 37 9 12 87 97 41 39 32 77 65 70 8 5 16 66 41 71 60 72 86 45 6 97 73 67 56 79 55 64 68 56 0 0 29 35 19 0 58 45 32 23 82 13 88 72 45 58 55 36 28 3 3 0 0 0 0 2 91 44 27 90 60 39 8 0 0 0 9 46 65 8 43 45 84 53 60
25 0 4 0 0 0 0 0 0 0 0 0 17 71 64 57 56 7 0 10 5 18 48 45 100 42 26 25 35 42 90 85 11 16 50 24 40 89 30 85 17 27 45 16 51 47 82 85 73 64 3 0 39 70 66 49 20 99 83 4 4 12 74 78 54 0 0 0 44 86 66 43 8 0 0 0 0 11 0 0 30 58 51 0 0 0 0 0 0 0 32 20 36 26 5 6
0 0 45 45 0 0 0 27 42 0 0 0 0 18 79 60 20 19 0 0 0 25 67 96 48 76 24 61 87 65 40 41 94 19 2 31 3 43 66 17 69 36 85 84 63 25 88 35 24 28 36 1 14 82 51 22 33 68 83 95 12 26 75 97 17 11 0 5 45 81 77 77 31 31 0 0 0 0 0 33 20 3 33 0 0 0 0 25 0 0 28 55 46 32 0 54
0 38 59 0 0 0 0 2 73 20 0 0 0 0 61 17 18 0 0 0 4 41 58 98 47 97 29 60 86 89 35 94 63 0 57 48 0 7 45 76 10 58 26 66 45 73 80 57 59 70 35 7 35 77 11 48 9 39 76 59 90 79 54 99 55 0 10 59 78 53 100 41 20 7 56 37 73 7 0 0 0 0 0 0 0 0 0 47 78 28 31 79 92 74 62 11
72 30 10 0 0 0 11 68 59 19 8 0 0 0 55 7 0 0 0 0 16 52 15 64 55 58 70 73 74 98 52 52 24 22 63 40 0 26 21 50 44 79 58 100 17 78 46 22 4 2 8 0 28 37 0 3 36 100 82 21 91 97 76 55 0 0 0 37 51 82 100 10 0 40 44 51 81 59 0 0 0 0 0 0 0 0 2 65 94 18 82 100 100 64 30 92
27 0 0 0 0 0 54 26 10 39 38 0 0 0 9 5 0 0 0 0 0 0 0 17 67 35 49 80 57 39 72 9 42 8 51 0 0 31 19 58 26 98 85 40 2 0 1 2 1 46 66 1 0 0 11 64 87 97 99 25 76 88 75 34 0 4 0 12 44 66 90 0 48 76 66 39 66 20 0 0 0 0 0 0 0 0 0 19 53 25 39 100 95 84 23 28
0 0 0 0 0 9 0 0 0 0 11 23 0 0 0 0 0 0 0 0 0 0 46 96 73 31 57 48 27 23 4 0 9 38 23 0 4 5 18 17 32 17 14 9 0 32 41 0 52 92 83 58 0 0 0 68 58 80 100 50 14 2 0 0 32 67 17 0 55 87 66 0 15 2 0 68 37 19 15 0 0 0 0 0 0 0 0 0 38 80 85 66 7 31 49 82
0 0 0 0 0 0 0 0 0 1 3 0 0 0 0 0 0 0 7 6 0 1 55 97 85 52 84 56 71 71 11 7 0 3 4 6 35 14 0 34 48 19 0 0 0 5 15 64 80 51 75 61 7 0 15 63 38 66 100 69 0 0 0 9 9 8 0 2 42 16 10 0 0 0 9 62 35 41 51 18 0 0 0 1 0 0 0 3 32 14 55 79 6 18 21 8
0 0 0 0 0 0 0 0 7 29 0 0 0 0 12 22 18 25 54 2 0 0 0 46 83 21 7 16 16 69 51 49 10 21 46 44 42 8 21 83 67 8 52 34 47 87 100 72 55 71 72 39 10 0 41 100 31 64 100 100 11 0 5 58 21 32 0 0 2 5 0 0 0 8 50 34 94 50 52 11 23 38 32 53 6 0 0 0 0 17 88 75 60 60 17 25
0 0 0 0 0 0 0 0 0 0 5 0 0 11 79 27 24 76 3 0 0 0 0 0 2 0 4 0 5 47 30 63 35 66 24 44 100 43 56 63 49 12 25 28 83 100 90 50 72 68 48 4 0 0 70 100 94 78 93 85 31 63 67 45 64 32 33 0 8 27 0 3 31 57 30 36 51 35 39 1 42 70 63 69 4 0 0 0 0 3 44 87 89 25 16 5
0 0 0 0 0 0 33 0 24 68 21 0 14 61 7 0 0 11 0 0 0 14 29 0 36 53 17 0 6 17 9 32 15 4 51 96 36 13 51 100 73 0 9 0 5 77 35 20 56 92 32 32 0 5 34 95 100 63 19 20 18 63 57 16 49 53 45 0 15 0 4 62 66 39 56 96 75 42 75 32 69 86 83 78 7 0 21 8 0 0 0 59 69 41 34 0
34 77 64 52 57 48 24 0 0 0 0 0 6 0 0 0 0 0 1 0 0 14 3 8 31 16 0 0 0 0 8 0 29 60 60 11 57 68 92 100 100 24 11 66 42 87 70 62 93 31 4 0 0 30 77 100 100 100 56 0 0 60 51 49 22 38 42 23 60 44 88 77 81 61 49 71 9 60 100 85 83 76 49 11 0 37 83 70 6 0 0 0 52 0 0 0
32 11 16 0 11 13 0 0 0 0 0 0 0 0 0 0 0 0 21 11 21 70 60 62 48 1 0 0 0 26 52 19 17 4 8 23 96 21 82 97 55 26 29 36 75 100 84 87 68 0 0 0 42 77 97 100 50 87 58 9 0 56 53 84 60 64 38 43 82 83 78 70 19 28 95 57 42 94 95 11 5 10 45 54 12 92 4 82 56 6 0 0 0 0 0 0
51 5 0 0 0 0 0 0 0 0 0 0 0 13 19 31 0 0 37 68 19 17 9 21 1 1 0 3 0 0 0 7 74 64 75 92 96 12 61 61 89 100 57 97 100 100 58 24 2 0 0 20 87 57 75 78 38 5 61 76 2 0 0 0 40 15 86 72 60 51 19 37 39 58 94 38 50 100 100 76 10 59 37 2 10 92 40 14 0 0 0 0 1 67 5 28
24 0 0 0 0 0 0 0 0 0 12 46 40 37 20 15 0 0 5 49 0 0 0 19 30 34 1 68 7 0 20 25 22 73 74 100 71 49 21 76 100 100 100 100 100 97 55 57 25 0 0 77 100 63 100 78 31 77 29 80 38 0 0 7 48 93 85 41 18 21 48 84 71 3 27 14 89 100 100 86 51 69 75 25 17 88 73 0 0 0 0 0 21 64 1 53
0 0 0 0 10 6 0 0 0 35 36 38 20 43 32 26 0 0 0 34 18 0 0 0 0 0 32 44 0 0 48 27 0 2 55 60 18 10 80 100 100 100 100 100 100 100 45 50 15 0 24 100 77 46 100 88 15 53 11 46 51 56 62 83 80 87 8 8 12 60 60 100 100 78 64 34 100 100 100 90 91 9 41 0 51 93 51 7 0 0 0 0 60 41 62 46
0 0 0 2 58 26 0 0 6 63 26 83 49 34 20 7 0 0 2 16 2 0 0 4 16 9 0 0 23 21 17 95 67 5 6 27 0 52 100 100 100 91 17 77 100 100 90 17 0 4 78 99 59 45 49 38 3 95 54 99 40 93 58 47 68 13 66 57 54 90 100 59 43 36 42 57 97 64 86 75 40 10 21 8 77 49 67 65 2 0 0 1 74 87 83 59
0 0 8 66 35 0 21 38 52 59 10 58 36 0 0 0 0 0 37 100 77 67 62 90 62 45 54 73 86 13 19 84 99 39 0 0 20 95 62 65 58 74 77 97 55 55 24 0 0 56 98 61 63 53 4 0 1 82 22 63 0 87 24 20 9 45 84 95 98 46 15 43 39 18 25 35 25 62 67 100 82 73 58 72 91 11 36 16 0 0 0 14 92 86 66 60
0 0 35 19 5 0 70 42 23 10 46 53 12 22 0 0 0 0 65 88 63 38 36 53 24 49 100 99 69 12 48 33 56 12 0 1 41 42 28 42 38 50 100 100 99 37 1 0 11 86 63 96 34 14 50 19 26 38 19 74 35 63 69 93 73 17 84 47 58 9 26 61 89 100 90 56 22 66 100 77 59 80 43 87 71 22 98 77 38 0 0 49 98 54 41 46
0 0 0 0 56 36 40 2 75 77 21 13 10 0 16 34 5 0 16 28 95 56 6 27 29 31 36 62 20 0 6 0 0 0 57 51 73 58 29 33 60 97 100 90 42 1 0 27 52 3 20 77 9 72 100 74 0 2 0 2 0 26 78 93 55 46 57 66 88 73 83 96 100 100 84 64 71 79 100 100 52 14 88 100 77 5 83 79 23 0 14 71 72 78 87 45
0 0 4 38 69 45 70 56 49 7 42 38 4 41 10 19 44 0 0 41 100 90 65 34 69 90 31 0 0 0 0 10 13 56 91 23 53 46 100 100 97 75 25 56 67 2 0 55 92 53 59 53 8 75 39 36 0 31 2 1 13 98 100 95 68 99 80 100 100 86 81 100 100 100 100 98 100 98 86 100 79 87 100 100 53 2 67 51 0 0 2 47 83 100 45 76
19 0 68 64 79 38 88 100 9 15 64 36 56 17 34 32 0 0 0 61 61 59 82 9 0 9 48 23 0 0 21 83 75 92 100 17 43 100 100 86 17 0 43 97 72 34 3 34 87 6 32 45 35 18 0 0 14 71 2 53 67 60 77 100 100 100 95 100 89 16 25 100 100 100 100 100 100 87 83 100 62 100 100 100 44 23 94 50 0 0 1 44 91 65 39 68
12 0 44 51 26 12 26 61 12 57 42 63 24 0 9 0 0 0 0 24 83 55 80 46 2 0 6 72 83 80 100 100 84 56 21 1 81 100 54 2 26 84 67 27 20 65 2 46 77 38 36 58 88 99 24 0 44 30 67 90 98 96 92 100 100 97 80 100 54 37 33 54 97 100 100 100 100 100 100 83 82 100 100 85 13 46 97 14 3 49 72 94 100 99 50 62
0 26 24 33 29 0 31 44 31 31 26 79 9 1 44 32 14 0 0 0 12 45 61 0 0 0 0 21 85 85 100 100 100 37 44 55 100 81 22 45 46 38 15 5 43 48 18 40 37 100 73 57 99 65 74 80 71 48 82 93 48 89 100 100 96 31 78 55 92 100 73 24 33 96 100 91 58 100 95 60 100 100 98 46 35 80 76 51 0 79 100 100 100 62 27 89
1 44 0 13 74 38 47 45 0 0 42 38 82 38 80 95 16 12 0 0 0 3 39 8 4 0 0 0 15 1 8 23 42 9 33 85 52 36 29 8 37 93 52 77 35 12 23 26 89 100 88 94 94 54 100 100 40 38 90 60 45 91 100 100 83 81 31 0 64 66 97 58 32 80 48 100 46 86 67 89 100 88 48 63 100 34 10 0 0 52 100 100 90 1 38 33
1 44 61 82 55 61 76 75 46 75 39 44 76 100 100 88 18 55 3 0 0 8 57 39 56 42 50 41 13 0 0 0 0 26 27 38 99 59 43 55 89 58 100 93 85 28 55 100 100 68 90 69 51 84 100 100 91 98 98 93 98 91 67 40 0 6 46 10 18 26 13 35 59 100 20 45 98 71 83 90 47 54 89 100 72 3 0 0 0 58 100 97 27 6 27 0
66 94 39 39 14 13 100 100 100 91 66 71 74 65 90 48 92 86 9 0 4 42 43 5 79 65 88 91 79 6 44 45 43 54 92 97 83 31 73 40 19 53 100 93 58 72 100 100 100 100 100 47 81 100 100 100 100 100 100 88 32 4 0 0 0 0 98 55 36 90 55 76 93 100 40 24 73 100 97 99 84 100 100 85 24 0 0 0 21 92 96 87 95 78 98 66
66 68 38 97 100 100 64 76 97 43 36 9 33 83 61 80 42 39 0 0 26 67 70 14 35 95 64 52 63 25 97 30 43 20 87 100 40 63 43 18 41 99 66 99 63 97 100 100 69 100 100 90 61 95 68 61 84 52 12 50 0 37 76 63 58 51 98 70 45 6 29 29 97 80 100 95 74 100 42 79 91 64 27 2 11 38 52 89 63 72 71 44 76 49 60 65
50 62 44 57 68 35 64 100 62 49 88 66 68 77 13 4 5 17 0 0 40 94 100 74 21 51 100 83 10 63 47 99 100 100 82 55 1 9 11 23 96 48 48 53 76 100 87 89 45 100 100 100 100 87 61 37 10 17 29 30 0 0 6 43 83 98 60 57 69 6 47 79 48 15 76 52 35 22 32 73 10 0 0 23 59 99 100 62 73 74 65 78 100 88 82 97
0 0 0 21 83 64 93 100 95 45 6 10 19 50 27 72 96 81 12 0 23 100 94 77 84 98 100 86 7 92 76 73 100 52 43 53 4 0 3 57 100 91 100 78 70 100 80 99 60 100 100 79 83 86 44 61 81 49 73 67 40 0 40 14 9 66 17 55 74 88 99 96 75 50 62 44 46 9 4 80 44 41 66 95 100 100 81 56 41 80 90 62 48 50 72 100
0 0 0 54 72 100 100 100 84 0 0 10 60 92 100 100 79 54 3 0 1 56 60 100 100 100 100 82 7 52 49 95 59 41 44 3 0 0 28 75 51 65 74 72 80 80 57 87 96 100 99 83 10 9 24 70 79 20 0 34 75 4 21 70 55 23 57 48 97 100 100 100 99 91 100 92 64 20 0 62 94 80 73 65 96 97 39 40 29 82 86 69 72 39 59 75
0 0 0 5 40 58 100 80 18 1 65 91 100 95 72 46 15 1 45 70 38 50 36 100 100 100 100 100 70 61 96 56 66 75 73 22 7 32 97 100 64 8 53 25 74 39 52 87 100 95 68 29 10 38 61 76 33 65 0 25 100 40 88 89 39 6 11 64 91 100 100 100 100 100 100 100 85 44 3 78 90 84 87 39 62 27 43 48 64 43 46 18 54 51 98 69
0 30 54 0 0 0 13 55 5 0 35 96 100 78 41 38 94 72 56 96 100 50 0 41 100 100 100 100 69 66 96 64 52 83 91 48 3 59 100 80 82 97 24 6 56 53 97 100 100 36 62 1 0 4 46 79 0 59 44 74 100 58 71 99 38 2 63 51 67 90 97 85 57 73 64 83 96 62 26 69 35 48 45 42 9 0 22 100 57 35 46 42 0 22 63 54
0 0 8 24 36 2 0 61 94 34 72 98 42 45 91 58 100 100 100 80 86 62 0 49 100 100 100 100 98 95 96 70 72 77 100 32 47 87 92 46 45 100 49 76 45 86 62 78 100 100 80 100 36 8 3 35 31 28 40 83 62 63 70 69 57 76 1 3 9 14 46 69 75 69 52 99 88 68 88 42 62 89 3 56 55 60 4 0 66 42 42 17 19 8 0 28
37 0 32 30 49 64 11 100 100 99 92 24 29 1 19 99 100 98 46 72 65 85 65 29 100 95 100 84 84 58 26 16 11 39 94 80 47 100 50 28 62 100 100 69 87 99 81 94 100 89 69 35 78 30 0 27 24 26 53 46 58 57 44 20 23 31 8 87 80 56 60 62 56 35 76 97 96 64 100 88 77 95 18 56 98 42 0 23 89 53 19 44 3 51 49 5
85 16 13 33 83 78 72 70 69 29 25 26 38 24 80 84 100 100 98 54 50 77 87 33 93 83 46 27 39 48 82 81 31 3 74 69 100 67 34 50 55 100 100 94 99 87 71 80 52 10 38 56 66 15 41 61 28 14 22 47 58 45 26 5 26 4 8 76 48 62 93 87 71 77 100 100 100 100 100 100 48 69 76 86 91 55 18 92 85 98 73 42 0 20 40 34
