data/habitatmaps/RS_maps/habitat_Prunella.collaris_2020.asc
NCOLS 369 
NROWS 228 
XLLCORNER 479000 
YLLCORNER 73000 
CELLSIZE 1000 
NODATA_value -9 
[rows 136 to 203 of 228, columns 192 to 287 of 369]
15 0 0 15 1 48 100 100 100 100 100 82 70 8 0 0 49 82 70 58 3 57 99 47 5 33 53 97 37 0 45 62 96 37 49 37 0 100 100 49 19 23 73 100 100 100 94 81 25 46 51 54 58 9 0 61 100 99 78 28 0 0 0 31 7 72 74 22 31 22 100 100 59 11 0 2 40 19 4 0 0 0 0 29 44 26 79 33 42 92 30 0 0 0 0 9
52 28 0 34 44 34 94 100 75 74 50 6 0 5 31 50 85 55 83 70 43 33 45 22 3 51 75 100 94 14 99 80 100 47 5 95 44 99 100 55 23 83 100 100 100 100 79 18 5 61 96 50 44 0 30 89 100 87 4 0 0 0 0 47 61 2 39 49 94 59 66 100 71 56 73 83 82 97 54 0 0 0 0 19 6 63 100 20 0 2 0 0 0 0 0 0
77 37 9 31 27 84 100 97 22 0 0 31 66 95 30 53 73 77 100 100 56 16 22 51 12 78 64 65 45 45 100 96 99 9 29 100 58 79 97 100 100 100 65 31 98 100 93 23 3 84 100 99 68 43 99 100 87 53 81 90 3 0 0 3 28 29 71 19 3 39 100 100 100 100 81 28 55 16 18 0 0 0 15 75 46 0 89 26 43 38 13 0 0 0 0 0
43 29 84 56 45 78 100 89 0 0 38 98 100 66 0 68 83 100 100 100 79 2 47 53 40 99 52 100 70 87 100 100 22 0 85 100 94 83 40 74 100 100 50 0 84 50 87 34 0 55 100 100 100 100 100 100 100 100 100 36 15 42 6 2 16 38 50 26 100 100 100 100 100 100 93 7 0 2 55 0 0 0 17 75 72 81 55 25 100 99 63 1 0 0 0 0
55 62 100 85 94 83 15 0 3 10 89 46 99 79 29 90 27 90 100 89 2 17 33 36 91 79 96 100 80 99 75 63 4 52 100 100 100 100 100 100 100 76 1 0 65 33 11 11 30 66 99 100 100 100 100 100 54 100 61 64 64 5 58 27 39 47 31 91 56 36 59 88 100 100 100 52 3 40 48 0 0 0 32 53 46 27 46 78 100 45 0 0 0 0 0 0
94 35 100 97 40 7 43 47 61 31 61 86 72 47 56 97 77 67 100 100 54 3 46 88 75 82 100 100 100 96 31 3 0 88 100 100 100 100 100 94 66 30 43 0 0 0 0 0 0 43 100 94 100 100 99 62 1 59 56 26 45 19 73 94 49 62 100 70 73 99 100 54 52 96 63 5 0 0 1 0 0 0 0 42 39 28 89 100 63 3 0 0 9 69 11 0
71 38 65 43 29 91 35 60 30 40 60 100 81 28 34 19 81 75 95 100 85 61 69 38 98 97 100 100 98 100 92 14 3 51 80 100 100 100 59 64 10 0 16 0 0 0 0 0 3 96 100 62 41 73 66 2 64 33 34 69 99 92 99 65 100 90 38 70 14 34 24 48 35 34 3 0 0 16 0 12 14 0 0 0 60 100 100 88 6 0 0 10 78 44 8 0
49 71 3 34 56 72 41 6 36 24 97 64 10 45 38 82 55 9 40 89 41 14 0 17 83 74 42 60 60 63 34 0 0 0 49 100 100 94 53 19 0 0 0 0 0 5 30 83 89 100 100 55 95 56 92 76 28 76 61 76 39 75 68 40 60 8 0 0 34 4 0 0 0 0 0 12 63 94 53 86 86 0 0 21 3 35 68 33 3 34 18 81 95 20 22 0
45 28 64 76 94 12 2 39 83 14 53 82 99 100 100 58 19 10 38 4 0 0 0 14 1 12 13 62 82 62 11 38 0 0 5 21 38 39 50 25 0 0 0 0 32 0 12 100 100 100 99 54 100 100 100 100 68 100 100 60 85 99 12 7 0 0 18 46 0 0 0 3 18 7 43 60 99 100 87 72 100 28 45 80 65 53 52 4 90 100 97 100 100 85 29 0
0 31 99 69 91 83 58 57 96 86 76 100 100 100 90 0 0 0 0 0 0 0 0 0 0 0 0 0 0 0 64 97 32 0 0 11 34 31 0 0 0 0 0 9 35 0 0 71 100 81 100 91 70 24 94 83 73 100 100 95 100 87 0 0 0 0 2 4 0 0 0 40 51 56 45 100 100 100 100 100 83 22 88 100 100 78 84 37 100 65 82 100 100 87 10 0
0 8 0 70 84 98 99 93 53 77 100 100 100 50 31 40 0 0 0 0 0 0 0 0 0 0 38 43 0 0 0 5 6 0 0 0 0 0 16 0 0 0 0 0 0 10 8 6 93 95 100 100 95 79 64 57 76 99 52 80 100 32 25 4 9 0 0 0 63 81 8 4 28 95 73 100 100 100 100 100 36 4 33 65 75 97 100 32 83 15 71 100 95 15 0 0
0 34 2 52 19 75 100 68 43 96 85 23 21 0 0 0 0 0 0 0 0 0 0 0 0 0 0 9 16 78 68 62 51 57 23 16 0 0 0 0 0 0 0 0 0 0 25 44 0 48 100 100 100 58 50 42 41 97 100 77 59 28 49 42 65 11 7 9 0 31 34 6 55 32 15 74 100 91 100 100 36 31 8 0 0 16 67 97 77 71 100 98 31 1 1 0
33 1 0 0 52 100 100 88 98 97 20 0 0 0 0 0 0 6 17 8 0 0 0 0 0 0 0 0 0 2 51 84 100 90 100 97 40 0 39 0 0 0 0 0 0 0 0 33 0 49 100 100 100 73 92 100 100 100 97 18 22 39 64 37 32 34 83 70 0 35 71 84 100 68 28 100 100 61 86 100 26 78 100 41 4 10 25 66 49 92 100 87 39 46 51 60
18 17 33 33 90 100 100 100 100 91 0 0 0 0 0 0 0 44 83 100 19 0 0 0 0 0 0 0 0 0 0 14 36 1 63 89 100 66 84 61 86 69 0 0 0 0 0 0 0 48 100 52 76 100 100 100 87 80 38 49 38 11 48 0 75 97 88 45 57 76 100 100 100 100 42 100 100 100 83 47 33 100 94 18 32 24 56 86 100 100 58 52 49 88 48 100
58 95 100 100 100 100 100 100 100 29 0 0 0 0 15 70 89 100 74 96 66 55 7 30 0 0 0 0 0 0 0 0 0 0 0 2 11 51 30 64 33 0 0 0 0 0 0 0 0 68 100 73 53 100 98 100 73 44 77 100 100 86 78 8 82 17 17 94 22 100 100 100 96 67 0 11 69 100 48 6 18 100 92 21 47 0 5 22 91 100 100 100 100 82 43 100
18 100 100 100 100 100 100 100 22 0 19 12 84 51 37 100 88 33 11 3 59 100 94 100 69 42 34 0 0 0 0 0 0 0 0 0 0 0 49 3 0 0 0 0 0 0 0 0 7 90 100 98 91 57 39 78 85 70 82 100 100 52 47 2 5 77 97 98 43 86 100 78 51 40 70 50 20 88 89 32 78 100 100 26 37 0 0 0 0 60 100 100 100 90 94 97
42 48 100 100 100 100 85 30 17 65 61 52 100 55 65 81 45 54 38 8 0 5 82 100 100 100 100 46 0 0 0 0 0 0 0 0 0 0 16 3 0 0 0 0 0 0 0 66 96 97 57 71 99 54 70 33 47 66 99 100 92 57 80 47 13 99 100 100 81 100 73 100 86 56 43 58 0 32 100 90 100 100 100 13 79 0 20 34 1 5 53 85 100 100 100 100
30 8 95 36 13 41 7 0 43 66 92 67 100 100 100 83 91 100 100 63 10 0 5 69 100 100 100 51 27 0 0 0 0 0 0 0 0 0 0 0 0 0 0 0 0 0 18 100 100 84 6 11 67 87 54 80 95 98 73 100 100 61 72 49 4 69 100 100 100 81 67 100 87 2 0 0 0 60 100 100 100 100 61 26 79 1 57 100 77 59 3 18 94 100 100 100
8 46 100 52 4 34 71 77 86 100 96 100 100 100 100 100 100 100 100 100 42 16 0 30 48 39 76 100 82 24 14 0 0 0 0 0 0 0 0 50 49 2 0 0 0 0 25 54 100 95 84 1 1 3 51 57 100 80 45 100 89 25 19 0 0 57 99 100 86 68 82 90 31 0 0 0 0 20 75 100 100 100 49 45 48 0 88 100 100 100 75 4 8 40 83 100
50 94 100 100 100 100 65 33 100 100 65 89 94 100 100 100 100 90 99 100 100 52 0 0 6 68 100 100 79 16 13 0 0 0 0 0 0 0 0 23 94 31 0 0 0 0 0 0 47 99 77 9 2 34 90 100 97 44 93 100 93 35 37 0 0 44 99 100 91 91 3 5 0 0 0 0 0 2 91 100 100 100 57 67 70 29 66 39 100 100 93 64 75 41 19 100
89 100 100 100 100 61 83 100 100 100 100 14 46 100 100 25 66 8 34 100 28 14 0 0 46 100 100 80 24 0 0 0 0 0 0 0 0 0 0 0 82 70 0 0 0 0 0 0 9 26 9 0 0 0 35 100 83 53 100 100 100 60 34 0 0 30 74 100 68 28 0 0 0 0 0 0 0 3 27 95 100 87 11 100 92 55 73 82 97 90 11 57 100 61 31 84
100 27 92 100 71 0 98 100 100 100 90 31 42 100 100 26 23 7 8 78 34 0 0 0 26 100 100 100 100 55 72 67 83 38 0 0 0 0 0 0 7 51 0 0 0 0 0 0 0 0 0 0 0 0 24 73 73 48 20 39 81 98 72 1 0 0 3 74 63 100 45 2 0 0 0 0 0 0 33 80 100 79 20 100 100 37 100 43 85 84 0 63 100 73 9 60
100 31 18 35 10 62 100 100 91 100 100 70 5 67 95 14 0 0 0 11 31 1 0 0 9 97 97 97 100 100 100 100 100 28 0 0 0 0 0 0 0 0 0 0 0 0 0 0 0 0 0 0 0 0 0 28 70 42 8 0 59 100 100 8 0 0 0 1 16 37 92 48 62 31 0 0 0 0 63 100 100 99 10 100 100 82 62 100 22 95 0 45 100 100 81 95
100 93 2 35 33 52 100 81 91 37 87 38 17 54 10 82 76 6 0 0 19 0 0 5 37 76 26 55 84 100 67 76 28 0 0 0 0 0 0 0 0 0 0 0 0 0 0 0 0 0 0 0 0 7 41 100 78 83 47 6 44 100 100 99 45 0 0 0 0 0 76 100 37 3 0 0 0 0 30 80 74 100 67 100 100 92 86 100 46 92 0 49 100 100 100 100
100 74 93 51 65 100 100 86 22 77 64 0 0 0 54 100 78 22 0 0 0 0 0 32 100 60 31 50 76 99 56 3 10 0 0 0 0 0 0 0 0 0 0 0 0 0 0 0 0 0 11 17 0 0 50 97 100 100 12 0 39 64 61 92 11 0 0 0 0 39 100 93 64 63 7 0 0 0 15 72 91 100 100 100 100 100 75 56 54 86 19 31 100 100 95 65
95 83 100 82 24 49 100 100 90 32 0 0 0 0 3 50 100 66 0 0 0 0 0 0 22 19 3 7 92 100 99 59 42 0 11 0 0 0 0 0 0 0 0 0 0 0 0 0 0 0 7 9 67 66 67 100 84 29 0 0 0 0 64 93 17 0 0 0 0 43 100 100 80 0 0 0 0 23 98 100 100 100 100 100 100 100 48 22 35 64 88 85 100 100 76 40
100 100 100 52 0 89 100 100 100 61 94 30 0 0 0 36 100 79 60 39 0 0 0 0 0 0 48 98 98 45 38 41 52 43 100 32 0 15 0 0 0 0 0 0 0 0 0 0 0 0 0 0 2 34 84 97 56 49 0 0 74 93 100 94 16 0 0 0 0 36 100 100 100 71 3 0 0 6 96 100 100 100 100 100 100 98 89 99 100 95 100 100 100 100 100 69
100 100 100 61 0 9 70 100 94 100 99 10 0 0 0 46 67 99 90 88 31 0 0 0 0 0 49 100 93 0 0 0 0 7 67 84 60 60 0 0 0 0 0 0 0 0 0 0 0 0 0 0 0 0 0 17 59 49 0 0 14 100 100 61 0 0 0 0 0 75 100 100 91 100 58 23 45 27 24 50 77 100 100 100 100 100 100 100 100 100 100 100 100 97 86 62
100 100 89 17 0 2 83 100 100 70 80 62 0 0 0 0 0 25 13 70 8 0 0 0 0 3 11 97 99 95 50 25 0 0 1 95 61 36 0 0 0 0 0 0 0 0 0 0 0 12 43 8 0 0 25 90 50 23 0 0 7 91 91 31 0 0 0 0 0 71 100 100 81 63 86 41 18 7 0 14 63 100 100 100 100 100 100 82 63 94 59 21 23 8 0 23
100 100 92 16 0 0 18 100 94 82 4 26 0 0 0 0 0 0 0 0 0 0 0 0 19 90 29 68 16 1 15 39 0 0 10 82 90 92 58 10 0 0 0 0 0 0 0 0 0 53 100 16 0 5 72 89 99 37 0 0 0 60 68 27 0 0 0 0 0 15 88 100 98 32 31 20 0 0 0 57 72 61 41 45 38 100 83 49 0 9 0 0 0 0 0 0
100 100 100 49 0 0 37 100 100 98 44 0 0 2 23 0 0 0 0 0 0 0 0 7 79 100 100 93 16 0 0 0 0 0 45 95 94 100 57 84 20 0 0 0 0 0 0 0 0 0 67 50 60 94 100 100 88 33 0 0 11 64 0 0 0 0 0 0 0 0 51 100 87 2 0 0 0 0 0 0 0 0 0 0 9 29 9 21 0 0 0 0 0 0 0 0
100 100 100 70 0 0 58 100 100 100 100 65 82 90 20 0 0 0 0 0 0 0 0 0 39 95 81 98 25 3 0 0 0 0 2 11 34 100 100 18 0 0 0 0 0 0 0 0 0 23 100 92 100 100 100 70 27 1 0 0 21 61 1 0 0 0 0 0 0 47 9 83 100 31 9 0 0 0 0 0 0 0 0 0 0 1 0 0 0 0 0 0 0 0 0 0
53 56 39 6 0 0 84 100 100 99 100 100 96 43 100 82 0 0 0 0 0 0 0 3 20 73 33 99 76 95 31 0 0 0 0 0 0 72 58 0 0 0 35 18 0 0 0 0 0 8 9 0 14 91 100 94 29 0 0 0 0 67 9 0 0 0 0 0 48 35 55 50 100 98 77 0 0 0 0 0 0 0 0 0 0 0 0 0 0 0 0 0 0 0 1 56
36 0 1 0 0 0 47 100 63 29 26 24 3 0 57 93 4 0 0 0 0 0 1 90 100 66 10 49 46 88 100 79 0 0 0 33 76 57 36 0 0 11 74 1 0 0 0 0 0 0 0 0 24 98 100 100 22 0 0 0 73 100 43 0 0 0 0 0 0 36 100 100 96 33 29 0 0 0 0 0 0 0 0 0 0 0 0 0 0 0 2 39 10 4 38 57
62 0 0 25 21 59 91 36 0 0 0 0 0 0 0 3 0 0 0 0 0 26 77 100 100 41 12 7 0 10 84 93 0 0 0 0 47 70 11 49 44 67 0 0 0 0 0 0 0 0 0 0 4 95 100 88 2 0 0 13 99 90 16 0 0 0 0 0 0 13 61 100 94 16 0 0 0 0 0 0 0 0 0 0 0 0 11 43 26 28 49 100 83 41 48 98
9 0 0 21 100 100 42 0 0 0 26 0 0 0 0 0 0 0 0 0 0 0 1 64 48 88 32 0 0 0 6 25 0 0 0 0 69 19 62 84 72 72 94 44 11 0 0 0 0 0 0 4 90 100 100 70 0 0 0 19 57 5 0 0 0 0 0 0 12 90 70 95 21 2 0 0 0 0 0 0 0 0 0 4 62 41 43 100 100 100 100 100 100 78 70 100
0 0 0 20 100 100 74 0 0 0 24 0 0 0 0 0 0 0 0 0 0 0 1 30 6 74 28 62 15 0 0 0 0 0 0 39 88 36 71 74 34 85 60 26 0 0 0 0 0 0 0 38 100 100 100 31 0 0 0 0 4 0 0 0 0 8 43 1 100 100 100 41 0 0 0 0 0 0 0 0 0 0 0 8 89 99 93 100 100 98 66 67 100 100 100 100
0 0 26 93 100 91 84 29 0 0 0 0 0 0 0 0 0 0 0 0 0 0 0 0 0 0 0 8 76 1 3 0 0 0 7 97 14 1 76 11 16 100 17 0 0 0 0 0 0 0 0 3 47 100 61 12 0 0 0 0 0 0 0 0 4 86 88 10 80 97 85 70 10 0 0 0 0 0 0 0 0 0 4 38 83 75 87 100 100 74 1 70 100 100 100 100
0 24 85 100 85 51 5 0 0 30 13 1 0 0 0 14 2 2 0 0 0 0 0 0 0 0 0 0 0 70 54 1 0 0 0 38 48 9 69 0 61 100 58 0 0 0 0 0 0 0 0 0 0 74 55 0 0 0 0 0 0 0 0 0 21 92 99 58 93 87 0 0 0 0 0 0 0 0 0 0 0 0 0 36 59 0 12 23 38 10 3 93 100 100 100 100
0 3 85 100 16 0 0 0 0 0 56 57 43 0 10 61 86 3 0 0 0 0 0 0 0 0 0 0 0 36 80 19 0 0 0 34 49 0 0 0 74 82 71 0 0 0 0 0 0 0 0 0 3 65 63 0 0 0 0 0 0 0 0 0 0 0 74 100 100 8 0 0 18 0 0 0 0 0 0 0 0 0 36 9 0 20 59 27 0 0 14 94 100 100 51 100
0 0 100 92 0 1 12 0 0 0 74 100 100 73 98 41 47 45 15 8 48 2 0 0 0 0 0 0 0 0 2 95 57 0 0 0 21 0 0 0 6 83 72 5 0 0 0 0 0 0 0 0 0 13 11 0 0 0 0 0 0 0 0 0 0 0 19 99 88 0 0 12 15 0 0 0 0 0 0 0 0 0 2 0 23 85 33 23 35 25 48 100 100 78 23 91
0 4 95 100 88 55 52 91 81 31 51 94 51 64 54 52 47 10 3 24 65 82 7 0 0 0 0 0 0 0 4 46 80 51 5 0 0 0 0 0 0 0 32 100 4 0 0 0 0 0 0 0 0 0 0 0 0 0 0 0 0 0 0 0 20 40 2 72 63 50 84 46 39 68 43 0 0 0 0 0 0 0 0 0 32 64 27 58 92 100 100 100 88 7 0 0
0 33 100 100 100 100 99 97 62 49 15 18 1 0 2 13 48 23 17 48 0 6 0 0 0 0 0 0 0 0 21 27 33 100 78 39 36 0 0 5 38 82 79 83 12 21 0 0 0 0 0 0 0 0 0 0 0 0 0 0 0 0 0 0 4 56 79 68 97 95 97 100 98 99 100 86 40 5 0 0 0 0 0 0 0 48 2 47 26 66 100 100 100 95 55 53
0 0 60 76 36 100 100 100 100 46 0 0 0 0 0 0 8 0 23 7 0 0 0 0 0 0 0 0 0 0 0 0 0 28 98 81 46 0 0 28 26 22 78 37 68 62 36 63 0 0 0 0 0 0 0 0 0 0 0 0 0 0 0 0 0 84 100 100 100 100 100 100 95 100 100 100 100 45 0 0 0 -9 0 0 0 24 1 0 33 99 100 100 100 100 100 98
0 39 78 37 14 98 92 21 88 95 54 39 10 1 0 0 0 0 0 0 0 0 21 14 0 0 0 0 0 0 0 0 0 0 19 0 0 0 0 0 1 62 29 0 98 100 100 64 0 0 0 0 0 0 0 0 0 0 0 0 0 0 0 0 0 81 100 100 94 100 59 7 11 63 96 32 88 89 10 0 31 -9 -9 0 0 2 0 0 16 93 100 100 100 100 100 100
1 2 0 0 5 27 2 16 55 95 7 4 32 28 12 0 0 0 0 0 0 0 17 0 0 0 0 0 0 0 0 0 0 27 48 32 0 0 0 0 0 9 1 0 46 99 60 8 0 0 0 0 0 0 0 0 0 0 0 0 0 0 0 0 67 100 100 78 49 97 61 75 29 28 36 0 86 62 0 4 -9 -9 -9 -9 -9 0 0 26 57 87 89 71 100 87 18 30
70 0 0 7 17 0 0 28 34 8 0 0 0 0 0 0 0 0 0 0 0 7 22 0 0 0 0 0 0 0 0 0 0 0 1 0 0 0 0 0 0 0 0 0 0 30 0 0 0 0 0 0 0 0 0 0 0 0 0 0 0 0 0 0 3 62 94 25 29 100 37 13 6 0 12 0 7 0 0 0 -9 -9 -9 -9 -9 -9 0 0 0 7 47 82 100 99 46 50
33 1 0 38 88 34 0 0 0 0 0 2 0 0 0 0 0 0 0 0 0 0 0 0 0 0 0 0 0 0 0 0 0 0 0 0 0 0 0 0 0 0 0 0 0 0 0 0 0 0 0 0 0 0 0 0 0 0 0 6 0 0 0 0 0 0 0 0 67 44 18 16 16 0 0 0 0 0 0 20 -9 -9 -9 -9 -9 -9 -9 -9 -9 -9 100 99 100 100 93 30
20 0 0 10 86 100 62 52 10 20 63 3 0 0 0 0 0 0 0 0 0 0 0 0 0 0 0 0 0 0 0 0 0 0 0 0 0 0 0 0 0 0 0 0 0 0 0 0 0 0 0 0 0 0 0 0 0 0 0 34 6 0 0 0 29 74 38 0 10 44 9 0 0 0 0 0 0 0 0 0 -9 -9 -9 -9 -9 -9 -9 -9 -9 -9 -9 -9 -9 -9 -9 0
0 0 0 0 65 100 70 81 6 32 68 0 0 0 0 0 0 0 0 0 0 0 0 0 0 0 0 0 0 0 0 0 0 0 0 0 0 0 0 0 0 0 0 0 0 0 0 0 0 0 0 0 0 0 0 0 0 0 2 54 95 14 32 36 72 63 8 0 0 31 8 0 0 0 0 0 0 0 0 -9 -9 -9 -9 -9 -9 -9 -9 -9 -9 -9 -9 -9 -9 -9 -9 -9
0 0 0 2 74 60 0 0 0 51 23 41 57 6 17 21 15 48 41 0 0 0 0 0 0 0 0 0 0 0 0 0 0 0 0 0 0 0 0 0 0 0 0 0 0 0 0 0 0 0 0 0 0 0 0 0 0 0 1 38 52 86 64 72 11 1 0 0 0 23 0 0 0 0 0 0 0 0 -9 -9 -9 -9 -9 -9 -9 -9 -9 -9 -9 -9 -9 -9 -9 -9 -9 -9
0 0 0 0 0 0 0 0 0 0 0 0 26 58 19 2 1 18 23 0 0 0 0 0 0 0 0 0 0 0 0 0 0 0 0 0 0 0 0 0 0 0 0 0 0 0 0 0 0 0 0 0 0 0 0 0 0 0 0 49 58 61 0 0 0 0 0 0 0 0 0 0 0 0 0 0 0 0 -9 -9 -9 -9 -9 -9 -9 -9 -9 -9 -9 -9 -9 -9 -9 -9 -9 -9
0 0 0 14 31 18 0 0 0 0 0 0 0 9 6 0 0 0 0 0 0 0 0 0 0 0 0 0 0 0 0 0 0 0 0 0 0 0 0 0 0 0 0 0 0 0 0 0 0 0 0 0 0 0 0 0 23 56 5 71 32 0 0 0 0 0 0 0 0 0 0 0 0 0 0 0 0 -9 -9 -9 -9 -9 -9 -9 -9 -9 -9 -9 -9 -9 -9 -9 -9 -9 -9 -9
0 0 0 18 56 10 0 0 0 0 0 0 0 0 0 0 0 0 0 0 0 0 0 0 0 0 0 0 0 0 0 0 0 0 0 0 0 0 0 0 0 0 0 0 0 0 0 0 0 0 0 0 0 0 0 0 11 92 47 18 0 0 0 0 0 0 0 0 0 0 0 0 0 0 0 0 -9 -9 -9 -9 -9 -9 -9 -9 -9 -9 -9 -9 -9 -9 -9 -9 -9 -9 -9 -9
-9 -9 0 0 0 0 0 0 0 0 0 0 0 0 0 0 0 0 1 0 0 0 0 0 0 0 0 0 0 0 0 0 0 0 0 0 0 0 0 0 0 0 0 0 0 0 0 0 0 0 0 0 24 0 52 36 36 95 51 39 8 0 0 0 0 0 0 0 0 0 0 0 0 0 0 0 -9 -9 -9 -9 -9 -9 -9 -9 -9 -9 -9 -9 -9 -9 -9 -9 -9 -9 -9 -9
-9 -9 -9 0 0 0 0 0 0 0 0 0 0 0 0 0 0 0 0 0 0 0 0 0 0 0 0 0 0 0 0 0 0 0 0 0 0 0 0 0 0 0 0 0 0 0 0 0 0 0 0 0 23 10 0 51 70 17 73 56 33 0 0 0 0 3 0 0 0 0 0 0 0 0 0 0 -9 -9 -9 -9 -9 -9 -9 -9 -9 -9 -9 -9 -9 -9 -9 -9 -9 -9 -9 -9
-9 -9 -9 -9 0 0 0 0 0 0 0 0 0 0 0 0 0 13 34 61 58 4 0 0 0 0 0 0 0 0 0 0 0 0 0 0 0 0 0 0 0 0 0 0 0 0 0 0 0 0 0 0 0 0 5 19 0 0 0 0 1 0 0 0 0 50 3 9 0 0 0 0 0 0 0 -9 -9 -9 -9 -9 -9 -9 -9 -9 -9 -9 -9 -9 -9 -9 -9 -9 -9 -9 -9 -9
-9 -9 -9 -9 -9 0 0 0 0 0 0 0 0 0 0 0 5 85 80 34 2 2 33 1 0 0 0 0 0 0 0 0 0 0 0 0 0 0 0 0 0 0 0 0 0 0 0 0 0 0 0 0 0 0 0 0 0 0 0 62 64 0 0 2 31 93 53 55 0 0 0 0 0 0 -9 -9 -9 -9 -9 -9 -9 -9 -9 -9 -9 -9 -9 -9 -9 -9 -9 -9 -9 -9 -9 -9
-9 -9 -9 -9 -9 -9 23 21 0 0 0 0 0 13 7 0 0 0 0 6 29 0 16 18 5 0 0 0 0 0 0 0 0 0 0 0 0 0 0 0 0 0 0 0 0 0 0 0 0 0 0 0 0 0 0 0 0 0 0 16 4 0 0 46 48 50 73 3 0 0 0 0 0 0 -9 -9 -9 -9 -9 -9 -9 -9 -9 -9 -9 -9 -9 -9 -9 -9 -9 -9 -9 -9 -9 -9
-9 -9 -9 -9 -9 -9 -9 53 0 0 0 0 0 12 0 0 0 0 0 1 19 0 0 0 0 0 0 0 0 0 0 0 0 0 0 0 0 0 0 0 0 0 0 0 0 0 0 0 0 0 0 0 0 0 0 0 0 0 0 0 0 0 0 2 27 0 0 0 0 0 0 0 0 -9 -9 -9 -9 -9 -9 -9 -9 -9 -9 -9 -9 -9 -9 -9 -9 -9 -9 -9 -9 -9 -9 -9
-9 -9 -9 -9 -9 -9 -9 6 0 16 36 1 0 0 0 0 0 21 0 9 6 0 0 0 0 0 0 0 0 0 0 0 0 0 0 0 0 0 0 0 0 0 0 0 0 0 0 0 0 0 0 0 0 0 0 0 0 0 0 0 0 0 0 0 0 0 0 0 0 0 0 -9 -9 -9 -9 -9 -9 -9 -9 -9 -9 -9 -9 -9 -9 -9 -9 -9 -9 -9 -9 -9 -9 -9 -9 -9
-9 -9 -9 -9 -9 -9 -9 -9 9 60 47 36 0 0 1 0 0 17 0 51 39 0 0 0 0 0 0 0 0 0 0 1 11 0 0 0 0 0 0 0 0 0 0 0 0 0 0 0 0 0 0 0 0 0 0 0 0 0 0 0 0 0 0 0 0 0 0 0 0 0 -9 -9 -9 -9 -9 -9 -9 -9 -9 -9 -9 -9 -9 -9 -9 -9 -9 -9 -9 -9 -9 -9 -9 -9 -9 -9
-9 -9 -9 -9 -9 -9 -9 -9 -9 14 81 100 74 56 51 52 0 0 0 0 0 0 0 0 0 0 0 0 0 0 0 69 18 0 0 0 0 0 0 0 0 0 0 0 0 0 0 0 0 0 0 0 0 0 0 31 43 21 16 34 11 0 0 0 0 30 8 0 0 -9 -9 -9 -9 -9 -9 -9 -9 -9 -9 -9 -9 -9 -9 -9 -9 -9 -9 -9 -9 -9 -9 -9 -9 -9 -9 -9
-9 -9 -9 -9 -9 -9 -9 -9 -9 88 100 23 7 44 49 17 7 0 0 0 0 0 0 0 0 0 0 0 0 0 0 0 0 0 0 0 0 0 0 0 0 0 0 0 0 0 0 0 0 0 0 0 0 8 29 61 11 3 10 1 11 0 0 0 0 2 4 0 -9 -9 -9 -9 -9 -9 -9 -9 -9 -9 -9 -9 -9 -9 -9 -9 -9 -9 -9 -9 -9 -9 -9 -9 -9 -9 -9 -9
-9 -9 -9 -9 -9 -9 -9 -9 -9 -9 100 0 26 65 79 61 55 0 0 0 0 0 0 0 0 0 0 0 0 0 0 0 0 0 0 0 0 0 0 0 0 0 0 0 0 0 0 0 0 0 0 0 0 6 0 7 0 0 0 0 0 0 0 0 0 0 0 0 -9 -9 -9 -9 -9 -9 -9 -9 -9 -9 -9 -9 -9 -9 -9 -9 -9 -9 -9 -9 -9 -9 -9 -9 -9 -9 -9 -9
-9 -9 -9 -9 -9 -9 -9 -9 -9 -9 -9 0 55 16 7 23 0 0 0 0 0 0 0 0 0 0 0 0 0 0 0 0 0 0 0 0 0 32 0 0 0 0 0 0 0 0 0 0 0 0 0 0 0 0 0 0 28 0 0 0 0 0 0 0 0 0 0 0 -9 -9 -9 -9 -9 -9 -9 -9 -9 -9 -9 -9 -9 -9 -9 -9 -9 -9 -9 -9 -9 -9 -9 -9 -9 -9 -9 -9
-9 -9 -9 -9 -9 -9 -9 -9 -9 -9 -9 -9 -9 47 39 76 0 0 0 0 0 0 0 0 0 0 0 0 0 0 0 0 0 0 0 0 0 0 0 0 0 0 0 0 0 0 0 0 0 0 0 0 0 0 0 0 0 0 0 0 0 0 0 0 0 0 0 -9 -9 -9 -9 -9 -9 -9 -9 -9 -9 -9 -9 -9 -9 -9 -9 -9 -9 -9 -9 -9 -9 -9 -9 -9 -9 -9 -9 -9
-9 -9 -9 -9 -9 -9 -9 -9 -9 -9 -9 -9 -9 -9 88 8 0 0 0 0 0 0 0 0 0 0 0 0 0 0 0 0 0 0 0 0 0 0 0 0 0 0 0 0 0 0 0 0 0 0 0 0 0 0 0 0 0 0 0 0 0 0 0 0 0 0 0 -9 -9 -9 -9 -9 -9 -9 -9 -9 -9 -9 -9 -9 -9 -9 -9 -9 -9 -9 -9 -9 -9 -9 -9 -9 -9 -9 -9 -9
