data/habitatmaps/RS_maps/habitat_Prunella.collaris_2011.asc
NCOLS 369 
NROWS 228 
XLLCORNER 479000 
YLLCORNER 73000 
CELLSIZE 1000 
NODATA_value -9 
[rows 138 to 206 of 228, columns 96 to 191 of 369]
0 0 0 0 0 0 0 0 1 56 12 0 0 0 0 0 22 0 0 0 0 0 0 0 0 36 3 0 0 0 4 6 0 0 0 0 26 78 24 29 2 0 0 0 0 0 0 0 3 34 26 69 61 7 1 19 0 0 0 0 0 0 17 24 30 6 0 0 0 0 0 1 48 99 32 34 0 0 27 12 22 10 45 54 98 100 87 82 92 28 66 34 68 83 100 77
0 0 0 0 0 0 0 0 0 0 0 0 0 0 0 0 0 0 0 0 0 0 0 0 46 48 1 0 0 0 0 0 2 15 0 17 61 28 22 42 0 0 0 0 0 0 0 0 27 92 39 29 34 86 50 65 39 5 9 0 0 0 2 55 79 12 0 0 0 0 11 38 99 89 95 46 5 0 7 74 20 46 73 81 89 99 60 60 95 96 75 52 82 100 93 54
0 0 0 0 0 0 0 0 0 0 0 0 0 0 0 0 0 0 0 0 0 0 0 8 30 13 6 1 15 0 0 0 4 2 0 13 34 13 28 0 0 0 0 0 0 0 0 21 57 83 47 10 82 100 84 65 32 55 15 0 0 0 8 52 48 36 4 0 11 57 92 98 88 100 90 56 52 46 29 8 81 32 1 6 37 40 40 53 98 100 100 96 31 80 99 49
0 0 0 0 0 0 0 0 0 0 0 0 38 22 0 0 0 0 0 0 0 0 0 14 0 5 32 37 3 0 0 35 0 0 2 21 14 0 0 0 0 0 0 0 0 0 0 12 14 4 0 71 61 98 99 76 33 54 2 0 0 0 36 39 59 83 55 32 87 100 65 73 78 49 50 80 32 88 31 9 16 86 66 64 62 72 48 62 99 100 100 88 17 69 100 98
0 0 0 0 0 0 10 64 58 4 0 4 37 0 0 0 0 0 0 0 0 0 0 14 34 13 12 7 6 28 39 66 0 0 2 38 0 0 0 0 0 0 0 0 0 14 0 0 0 0 1 5 46 75 91 33 75 66 43 1 17 0 26 40 83 85 96 81 81 49 43 61 42 66 36 61 38 31 78 55 40 25 53 78 100 100 100 99 96 100 87 62 60 8 92 75
2 0 0 17 4 0 37 29 0 0 0 35 1 0 0 14 0 0 0 0 0 0 8 60 25 90 68 4 0 0 18 4 0 0 11 8 4 0 0 0 0 0 0 13 0 58 0 0 47 0 0 13 9 69 90 72 100 12 31 4 20 0 12 18 83 79 58 9 32 0 0 0 8 31 0 15 12 19 67 61 84 13 28 5 29 26 61 92 76 27 3 45 34 38 68 2
43 0 0 6 14 17 2 24 8 1 46 1 0 0 11 12 0 0 0 0 0 0 0 0 26 67 27 2 0 0 5 0 17 40 57 22 15 0 0 0 0 0 0 17 12 46 2 0 0 2 63 100 92 100 100 97 80 28 33 24 6 65 84 90 98 52 19 2 3 0 19 13 0 0 0 0 0 22 18 78 27 39 97 91 77 96 100 90 37 50 95 100 83 61 7 43
0 48 1 18 64 75 11 0 17 56 55 14 0 0 8 2 0 0 0 0 0 0 0 0 0 15 54 6 0 0 0 19 90 91 78 83 6 0 0 0 0 0 0 0 19 13 74 65 0 0 0 21 97 100 90 31 39 29 1 9 34 100 98 45 30 14 45 0 0 0 5 19 0 0 0 6 33 3 13 0 44 44 20 65 72 97 97 36 26 70 95 96 42 1 0 0
0 0 58 68 76 25 0 0 40 23 0 6 31 0 2 0 0 0 0 0 0 0 28 24 57 57 79 69 22 15 0 1 59 42 30 41 2 0 0 0 12 0 0 0 44 5 99 62 32 10 0 0 22 86 34 32 44 14 42 7 0 15 100 90 26 0 0 0 0 0 0 0 0 17 32 0 0 5 63 4 20 29 21 71 89 67 84 50 63 95 100 54 16 0 0 0
0 1 55 33 51 38 10 18 11 0 0 1 6 0 0 0 0 0 0 0 0 22 15 4 64 94 86 37 42 33 13 0 34 34 11 19 0 0 0 56 67 3 0 0 0 7 42 57 0 3 0 22 32 98 90 49 39 51 29 28 18 2 66 100 91 40 1 0 0 13 0 0 0 2 14 0 4 23 36 5 1 33 1 10 39 79 93 98 100 88 50 2 0 0 0 0
0 6 98 73 48 27 36 13 0 0 0 0 0 0 0 0 0 0 0 0 0 21 6 6 49 6 2 0 0 12 59 45 92 16 0 0 0 0 0 20 12 0 0 1 10 73 77 100 86 93 45 46 34 80 94 100 100 100 87 47 8 29 86 45 40 65 10 0 0 44 31 8 0 0 14 0 2 50 72 59 22 22 30 12 93 100 100 94 70 18 0 0 0 0 0 0
0 55 89 5 5 8 16 0 27 4 0 0 0 0 0 0 0 0 6 10 0 0 0 0 0 0 39 77 24 0 70 100 58 2 2 0 0 0 0 15 32 0 0 4 67 100 100 66 44 73 89 74 43 89 93 82 60 80 67 3 37 45 77 4 2 40 4 0 8 0 25 10 1 11 0 0 0 0 9 68 27 20 8 28 21 88 57 5 0 0 0 0 0 0 3 42
29 98 65 0 0 0 0 0 22 5 0 0 0 0 0 0 0 0 68 1 0 0 0 0 0 0 0 10 89 63 80 79 52 39 44 2 0 0 0 19 72 68 32 0 65 37 62 11 79 85 22 49 48 54 88 22 68 95 36 52 77 78 33 38 0 0 0 3 40 56 7 10 63 32 17 16 0 0 65 9 37 48 88 72 89 56 19 14 0 0 0 0 0 0 51 20
77 60 6 0 0 0 0 0 0 0 0 0 0 0 0 0 0 2 53 0 0 0 0 0 0 0 0 3 86 97 23 4 24 0 0 0 0 0 4 49 76 88 22 0 2 21 27 43 96 89 24 17 55 46 12 0 9 71 56 34 51 23 2 5 0 15 0 1 40 17 0 0 53 89 57 23 3 8 88 34 97 95 100 100 66 63 21 26 0 0 0 0 0 11 29 14
29 22 0 0 0 0 0 0 0 0 0 0 0 0 0 0 0 0 0 0 0 0 0 0 0 0 2 54 89 85 41 33 0 0 0 0 0 0 16 68 11 5 0 4 26 94 100 92 83 53 63 63 17 0 0 0 25 20 19 26 22 4 0 10 0 10 0 0 0 0 25 20 13 95 50 14 22 17 90 31 100 100 66 75 81 2 0 0 0 0 0 0 6 19 26 54
1 0 0 0 0 0 0 0 0 0 0 0 0 0 0 0 0 0 0 0 3 0 3 0 0 0 12 36 45 90 90 39 0 0 0 0 10 43 71 83 16 1 0 4 42 100 89 11 35 62 73 6 4 0 0 0 0 9 42 32 8 0 0 27 22 0 0 0 0 4 44 72 8 32 99 72 76 92 87 54 100 100 21 11 0 0 0 0 3 22 2 2 21 97 29 17
0 0 0 0 0 0 0 0 0 0 0 0 0 0 0 0 0 15 19 25 31 30 54 1 0 0 0 22 10 59 72 15 0 0 0 17 92 100 100 48 13 17 18 51 54 100 97 84 74 91 42 41 35 0 0 0 2 46 83 58 77 30 0 32 12 4 0 0 2 3 49 37 62 0 64 97 97 70 27 67 100 100 29 34 0 0 0 0 15 40 17 11 86 55 25 38
0 0 0 0 0 10 45 80 10 0 0 0 0 0 0 0 38 53 82 54 38 82 65 12 0 0 0 0 20 20 2 28 7 11 0 45 100 100 97 9 84 39 16 83 100 100 74 91 44 74 94 40 6 0 14 76 93 85 91 98 66 92 34 21 32 3 1 44 20 7 89 62 96 10 30 100 85 15 19 16 82 46 1 2 0 0 0 0 0 23 85 12 98 87 92 100
0 0 0 8 0 38 57 7 0 0 0 0 0 0 0 0 38 20 45 48 48 81 51 8 0 0 0 0 12 24 72 26 28 81 46 34 44 71 21 45 78 22 64 48 44 51 0 3 60 54 88 33 28 74 94 100 99 40 65 87 25 40 49 45 24 0 23 4 29 15 43 95 98 39 18 100 30 5 46 0 13 3 0 0 0 0 0 0 0 26 69 82 87 74 60 52
0 0 29 66 7 67 68 22 0 0 0 0 0 0 0 0 36 0 55 42 54 51 27 0 0 0 0 0 5 39 44 50 98 45 60 49 78 93 64 80 42 71 99 96 94 41 6 53 72 99 76 56 97 86 89 85 51 0 0 33 53 100 70 30 22 35 30 34 46 18 56 66 100 42 18 93 46 5 10 1 0 0 0 0 0 0 0 59 19 2 78 87 55 26 27 90
0 1 54 75 92 80 50 16 9 0 0 0 0 0 0 0 0 0 6 37 28 72 33 0 0 0 0 0 0 0 29 100 61 3 30 0 48 98 62 61 90 94 100 48 80 87 95 96 96 93 97 100 87 38 0 3 10 41 66 80 46 84 74 44 78 70 26 47 18 4 91 88 58 6 35 98 9 0 1 0 0 0 0 0 0 15 41 60 8 27 90 89 8 14 79 85
0 0 0 9 0 0 22 52 43 16 30 0 0 0 0 0 0 0 0 0 42 79 17 0 0 0 0 0 0 0 45 93 94 72 83 57 100 100 70 91 100 92 100 62 33 73 98 99 94 95 64 33 2 0 4 43 45 92 74 50 65 32 16 20 63 34 78 90 16 48 98 61 22 17 90 82 12 0 0 0 0 0 10 2 0 49 73 90 84 100 100 70 30 92 75 88
0 0 0 0 0 0 3 2 0 0 0 0 0 0 0 0 0 0 0 0 17 35 8 0 0 0 0 5 26 34 100 97 58 40 76 83 91 98 35 84 96 52 93 79 79 60 100 76 79 9 0 0 0 38 13 39 97 94 39 58 24 5 53 56 23 49 32 87 89 96 49 34 8 89 100 6 7 0 0 0 0 0 28 13 0 39 57 99 62 54 87 73 82 80 34 95
0 0 0 0 27 1 15 4 0 0 0 0 0 0 0 0 0 0 3 38 19 7 0 22 62 42 71 91 92 98 99 67 38 69 81 88 97 78 51 74 100 83 97 98 82 86 46 43 0 0 0 0 28 32 75 86 65 26 4 26 43 39 90 43 31 97 89 49 70 27 48 27 44 91 69 3 1 0 0 0 0 0 0 0 0 10 86 100 82 87 63 28 77 70 84 74
0 2 25 8 0 4 54 2 0 0 0 0 0 0 0 0 0 0 0 0 22 66 60 88 70 88 100 100 100 99 100 87 16 46 94 96 60 83 75 100 100 78 69 23 88 91 88 21 4 0 0 5 32 85 84 50 9 0 44 84 75 100 100 69 90 98 53 23 26 61 62 31 29 9 5 0 0 0 0 0 0 3 5 8 39 57 29 29 49 63 96 87 20 16 99 93
41 51 49 57 22 40 12 9 0 0 0 0 0 0 0 0 0 0 9 75 93 31 44 72 93 94 100 85 66 29 15 42 55 95 74 99 100 100 75 41 40 0 53 96 97 99 76 24 7 0 14 62 97 100 70 74 93 33 70 86 97 100 100 100 49 10 0 0 27 39 5 0 0 0 3 0 0 0 0 0 0 9 8 0 22 20 0 7 0 44 79 76 27 37 92 79
41 70 75 33 53 52 34 48 50 3 0 0 0 0 44 67 24 32 90 100 100 100 100 100 100 100 100 99 18 0 0 0 27 98 69 94 100 100 49 0 10 77 98 100 97 100 67 1 2 5 74 100 89 54 92 100 100 100 100 93 100 100 100 99 8 0 0 2 8 0 0 0 0 0 0 0 0 0 0 0 0 0 0 0 0 0 2 8 10 9 60 100 97 94 92 49
0 0 0 0 2 3 41 42 6 0 0 22 0 59 98 93 46 69 100 82 63 100 94 85 100 100 100 100 83 76 100 88 100 100 100 100 100 72 7 0 33 70 88 78 89 100 93 44 8 12 87 100 59 82 96 72 100 100 65 70 100 100 40 26 0 0 0 3 6 0 0 0 0 0 0 0 0 4 8 6 2 0 0 0 0 4 38 66 93 94 82 84 85 92 97 91
0 0 0 0 0 7 28 5 1 10 50 83 59 47 87 94 58 94 88 13 80 100 78 47 99 100 100 100 91 100 100 81 32 55 69 100 81 3 2 0 21 15 84 22 55 100 98 19 37 23 81 100 96 100 79 92 100 100 77 91 97 93 37 0 0 0 0 4 1 0 0 0 0 0 0 8 39 60 67 71 7 0 0 0 0 17 99 100 100 100 83 82 83 88 100 85
0 0 0 0 0 0 6 3 2 10 82 100 100 56 97 88 94 65 61 58 100 100 95 49 19 41 19 45 62 85 55 44 0 6 5 68 73 0 0 0 0 15 7 6 93 98 18 1 22 26 54 100 100 100 80 73 100 100 90 24 38 100 62 0 0 4 0 6 1 0 0 0 0 0 0 61 57 82 6 10 0 0 0 52 60 46 100 100 100 100 25 54 83 89 94 76
0 0 0 0 0 0 52 36 74 26 52 93 46 10 93 60 65 100 99 100 100 100 100 84 7 0 0 9 85 67 0 2 0 0 0 0 22 12 0 0 0 76 57 27 54 45 0 0 21 3 60 94 45 80 31 40 100 58 27 0 49 100 79 6 47 27 5 11 12 5 10 5 0 8 36 100 85 20 0 2 3 0 8 78 100 100 100 100 100 71 7 55 83 86 84 74
0 0 0 0 41 72 87 97 96 49 95 97 26 24 91 100 100 100 100 100 100 100 66 38 4 0 0 1 12 7 0 0 0 0 0 33 28 13 0 0 1 17 42 4 8 1 0 3 14 0 1 43 21 32 0 13 52 0 9 0 25 72 61 14 33 22 4 10 0 0 0 25 1 48 100 88 13 8 55 61 16 39 27 100 100 85 99 68 75 24 34 83 83 83 92 63
0 0 0 0 0 58 95 60 81 88 100 48 50 49 100 100 100 91 90 72 96 60 7 0 0 0 0 0 0 0 0 0 0 4 55 14 0 0 0 0 0 1 11 0 0 0 0 7 17 0 20 23 50 16 8 8 0 0 0 0 0 0 0 4 0 0 0 0 0 0 0 3 55 98 100 97 94 67 100 97 68 100 84 99 94 87 74 14 4 1 58 83 83 89 87 76
1 31 17 50 59 92 55 2 10 88 100 100 92 33 69 44 49 52 87 50 64 0 0 0 0 0 0 0 0 0 0 0 0 0 34 8 0 0 0 1 2 0 0 0 0 0 0 0 0 0 0 8 5 8 4 0 0 0 0 0 0 0 0 0 0 5 0 0 0 0 0 0 17 43 45 97 81 100 75 98 100 100 100 88 92 52 25 0 2 67 88 85 87 86 49 12
2 28 88 100 69 70 53 87 89 100 100 85 34 44 63 7 0 95 99 30 4 0 0 0 0 0 0 0 0 0 0 0 0 0 0 0 0 0 0 0 24 34 41 16 20 0 0 0 0 0 0 0 0 0 0 0 0 0 0 0 0 28 24 27 16 1 0 1 1 0 0 0 0 0 1 54 91 59 48 99 100 81 86 80 83 50 15 8 7 42 72 25 57 52 9 0
17 76 87 99 89 85 95 89 74 51 80 65 93 71 3 0 16 100 96 49 0 0 0 0 0 0 0 0 0 0 0 0 0 0 0 0 0 0 0 0 0 0 1 0 0 0 0 0 0 0 0 0 0 0 0 0 0 0 0 0 0 10 16 6 0 0 0 2 7 5 0 0 0 0 3 34 98 78 77 99 97 95 100 100 87 83 50 22 6 40 7 4 83 16 0 0
36 4 5 8 18 57 95 12 1 2 22 60 11 56 2 0 19 98 39 55 0 0 0 0 0 0 0 0 0 0 0 0 0 0 0 0 4 45 36 1 0 0 0 0 0 0 0 0 0 0 0 0 0 0 0 0 0 0 0 0 0 0 0 14 24 0 16 14 18 23 0 0 0 5 6 41 94 65 48 88 64 80 98 93 69 13 1 0 0 0 0 30 75 8 0 0
0 5 8 0 2 22 50 37 15 6 19 56 86 17 0 0 0 42 33 3 0 0 0 0 0 0 0 0 0 0 0 0 0 0 0 0 9 61 96 2 0 0 0 0 0 0 15 61 8 0 0 0 0 0 0 0 0 0 0 0 0 0 0 4 2 23 65 60 0 0 0 0 2 33 55 98 78 6 0 4 2 72 99 39 0 9 21 5 0 0 0 0 0 0 0 0
20 19 4 41 78 87 59 18 4 0 16 66 30 13 0 0 1 0 0 0 0 0 0 0 0 0 0 0 0 0 0 0 0 0 0 0 8 36 62 0 0 15 10 0 0 0 0 45 100 62 0 0 0 0 0 0 0 0 0 0 0 0 0 0 2 3 70 96 15 0 0 0 0 16 85 100 93 82 37 0 0 26 67 57 52 51 70 100 58 2 0 0 0 0 0 0
23 4 59 100 99 70 13 67 82 44 26 34 0 0 0 4 4 0 0 0 0 0 0 0 0 0 0 0 0 0 0 0 0 0 0 0 0 19 96 30 8 43 59 67 3 0 0 40 100 98 41 0 11 0 0 0 0 0 0 0 0 0 0 0 41 4 96 100 57 30 15 0 24 86 100 98 88 88 61 0 5 6 0 0 4 45 80 100 99 73 12 0 0 0 0 0
12 59 98 73 94 58 55 100 98 22 0 21 10 0 0 2 0 0 0 0 0 0 0 0 0 0 0 0 0 0 0 0 0 0 0 0 2 53 42 69 94 69 92 100 63 2 0 70 100 100 25 9 83 79 15 0 0 0 0 0 0 0 0 0 7 0 21 71 80 15 0 0 7 74 90 71 20 93 61 42 23 1 0 0 0 0 15 64 92 78 18 0 0 0 0 0
71 94 76 100 100 100 99 100 100 72 8 4 0 0 0 0 0 0 0 0 0 0 0 0 0 0 0 0 0 0 0 0 0 0 0 0 0 3 8 71 100 100 100 100 59 6 2 77 100 100 73 82 100 100 58 0 0 3 5 0 0 0 0 39 40 15 1 65 31 0 0 20 73 100 45 22 12 94 86 83 38 1 0 0 0 0 0 17 36 4 0 0 0 0 0 0
100 91 93 100 98 100 100 100 92 87 23 0 0 0 0 0 0 0 0 0 0 0 0 0 0 0 0 0 0 0 0 0 0 0 0 0 0 0 62 82 89 100 100 100 100 78 22 86 100 100 100 100 100 100 54 0 0 9 8 0 0 0 0 36 72 31 38 37 0 1 4 91 100 99 46 17 92 100 98 87 30 0 0 0 0 0 0 0 0 0 0 0 0 0 0 0
100 93 68 29 15 70 76 82 77 71 8 0 0 0 0 0 0 0 0 0 0 0 0 0 0 0 0 0 0 0 0 2 59 4 0 0 0 0 1 1 48 100 100 100 100 64 12 47 100 100 100 100 79 27 1 0 0 4 0 0 0 0 28 92 78 52 64 79 3 12 44 60 100 97 100 96 34 20 89 97 72 6 0 0 0 0 0 0 0 0 0 0 0 0 0 0
100 79 10 21 10 5 3 8 32 9 33 0 0 0 0 0 0 0 0 0 0 0 0 0 0 0 0 0 41 6 10 12 88 42 0 0 0 0 0 0 31 73 100 99 79 27 0 72 100 100 100 95 31 0 0 0 0 0 0 0 0 0 79 100 84 39 90 99 24 28 14 14 28 57 100 84 17 4 14 35 11 0 0 0 0 0 0 0 0 0 0 0 0 0 0 4
71 54 8 0 0 0 0 0 6 28 1 0 0 0 0 0 0 0 0 0 0 0 0 0 0 0 0 2 61 79 61 16 54 4 0 0 0 0 5 15 26 97 100 88 36 15 2 80 100 100 100 100 82 0 0 0 0 0 1 0 0 0 39 100 97 64 81 100 99 93 23 7 0 72 100 88 0 0 0 0 4 6 0 0 0 0 0 0 0 0 0 0 0 0 0 9
27 41 1 0 0 0 8 0 0 4 6 0 0 0 0 0 0 0 0 0 0 0 0 0 0 0 0 0 8 46 29 54 100 95 0 0 0 0 25 61 63 92 96 50 32 5 77 100 100 100 89 58 26 0 0 0 0 2 47 0 0 1 63 100 100 100 99 99 100 55 2 3 0 3 66 72 0 0 0 0 10 3 0 0 0 0 0 0 0 0 0 0 0 0 0 13
92 62 0 0 0 0 27 28 0 0 0 0 0 0 0 0 0 0 0 0 0 0 0 5 1 0 0 0 3 43 22 100 84 97 15 0 0 0 33 100 45 85 87 29 0 26 89 100 100 100 100 61 13 0 0 0 2 52 100 25 0 4 57 100 100 100 81 40 55 57 29 16 2 0 0 5 27 53 56 0 3 0 9 36 32 33 24 11 0 0 0 0 12 0 0 0
100 59 0 0 0 0 0 0 0 0 0 0 0 0 0 0 0 0 0 25 2 0 3 8 3 0 0 15 54 64 63 100 59 23 0 0 0 0 13 36 56 77 99 39 0 25 93 97 74 100 100 26 3 0 0 0 32 99 100 69 0 0 11 73 97 100 96 39 51 59 89 83 22 0 0 0 21 99 11 3 48 84 97 100 100 96 98 32 0 0 0 15 42 0 0 0
59 18 20 9 0 0 0 0 0 0 0 0 0 0 0 0 0 0 2 49 52 0 0 0 0 0 0 2 43 90 100 100 90 32 0 0 0 0 0 6 45 88 100 96 0 36 93 94 78 100 82 0 0 0 3 12 100 100 100 75 16 0 1 78 100 100 86 50 34 57 51 100 39 0 0 2 0 36 0 6 49 49 66 93 91 66 86 58 4 0 0 0 0 0 0 0
3 3 9 9 1 0 0 0 0 0 0 0 0 0 0 0 0 0 52 15 19 0 0 0 2 7 4 20 12 59 99 100 100 71 21 68 49 4 0 17 24 75 100 95 61 74 100 64 62 97 48 0 0 0 39 73 100 100 100 100 96 31 0 20 97 100 91 18 3 80 63 91 20 0 8 63 0 0 26 1 0 5 1 17 21 2 65 16 26 22 0 0 0 -9 -9 0
2 6 5 0 0 0 0 0 0 0 0 0 0 60 9 0 0 2 44 13 20 0 0 0 0 4 2 1 2 32 40 77 17 78 65 66 96 85 20 0 64 100 100 94 72 55 100 97 60 100 50 0 0 15 91 92 99 100 84 83 100 61 0 0 78 100 98 72 71 45 79 22 4 0 47 78 2 26 95 50 83 88 6 0 0 1 57 34 0 0 0 0 0 -9 -9 -9
0 0 0 0 0 0 0 0 0 0 0 0 0 15 0 0 0 21 25 0 0 0 0 9 10 0 2 0 0 10 85 99 73 95 83 15 40 20 5 0 1 84 78 71 65 80 97 69 79 100 57 0 0 25 100 82 66 90 40 38 100 44 0 0 68 100 100 80 70 58 76 75 36 60 77 52 9 92 100 100 92 79 11 0 0 0 12 82 15 0 0 0 0 -9 -9 -9
0 0 0 0 0 0 0 0 0 0 0 0 2 10 0 0 0 21 89 39 4 0 0 65 46 0 0 0 0 27 100 100 71 80 27 2 69 13 0 0 0 77 94 68 27 8 8 22 3 90 46 0 1 62 100 91 0 2 44 60 85 49 0 0 17 87 100 66 33 57 41 98 92 100 100 67 82 92 75 72 27 0 0 0 0 3 48 10 1 0 0 0 0 -9 -9 -9
0 0 0 0 0 0 6 39 23 2 0 40 56 73 18 0 29 98 81 8 60 0 0 66 39 1 0 0 0 42 20 32 69 2 0 6 100 78 20 4 1 84 100 45 18 29 3 0 43 100 64 0 2 74 100 100 42 0 5 16 88 94 5 5 25 87 100 42 4 53 9 49 74 92 51 47 82 55 0 0 0 0 0 0 0 1 1 0 0 0 0 0 -9 -9 -9 -9
0 0 0 0 0 3 40 36 4 55 22 19 74 48 4 0 53 99 100 62 71 0 33 96 92 4 0 0 0 5 0 0 55 59 1 3 94 100 47 34 17 50 96 91 4 3 25 0 89 93 30 34 30 96 84 72 52 0 4 54 90 97 2 0 46 100 100 81 74 60 39 87 87 76 21 54 28 10 0 0 0 0 0 0 0 0 0 0 0 0 0 0 -9 -9 -9 -9
0 0 0 5 48 79 4 0 0 43 36 35 71 15 22 0 9 71 100 96 56 12 3 67 49 1 10 8 0 3 0 0 42 78 24 3 64 99 77 65 22 100 100 71 26 24 17 12 28 66 58 40 12 98 93 33 36 46 18 31 82 3 0 0 49 100 100 100 100 97 60 66 100 37 48 24 62 47 23 13 7 0 0 0 0 0 0 0 0 0 0 0 -9 -9 -9 -9
0 0 0 0 11 17 0 0 0 10 32 79 100 82 66 22 5 78 100 100 65 17 0 75 48 10 84 19 0 0 0 0 33 62 62 33 42 87 4 22 7 73 92 88 49 63 24 41 66 70 1 1 11 100 56 23 0 23 44 70 99 36 9 8 23 42 100 100 100 100 61 24 96 90 84 85 83 34 74 90 28 0 0 0 0 0 0 0 0 0 0 0 -9 -9 -9 -9
13 27 0 0 0 31 0 0 0 9 68 81 100 100 100 81 60 48 100 100 38 68 11 46 100 70 86 39 0 0 0 4 51 94 83 93 65 100 62 20 79 100 90 85 43 71 56 66 97 47 0 5 46 100 78 35 30 84 0 54 72 53 70 86 34 40 100 100 100 100 67 100 56 44 54 13 39 8 48 59 40 0 0 0 6 62 20 0 0 0 0 -9 -9 -9 -9 -9
0 18 0 0 0 0 0 0 0 0 34 24 74 100 63 61 98 85 92 100 76 75 87 94 83 84 69 0 0 0 0 0 10 11 70 94 29 48 100 93 100 78 13 6 44 57 26 67 32 0 0 10 93 100 95 31 51 58 0 32 32 99 100 100 27 17 97 100 96 58 80 77 39 86 79 10 0 1 1 32 81 0 0 0 0 6 19 0 0 0 -9 -9 -9 -9 -9 -9
0 0 0 0 0 0 0 0 0 0 7 14 69 100 70 80 75 99 22 97 84 22 73 76 8 71 100 33 0 0 0 0 0 59 100 61 1 19 100 66 100 98 6 0 21 55 83 67 95 25 0 5 83 100 100 88 24 28 0 9 2 74 100 97 27 55 77 100 100 72 78 93 99 100 72 8 0 0 0 5 5 0 0 34 5 0 0 0 0 0 -9 -9 -9 -9 -9 -9
26 0 0 0 0 0 0 0 0 0 0 37 27 70 90 100 64 29 51 93 9 0 84 99 54 90 100 73 0 36 92 71 8 36 98 99 34 11 86 39 99 100 22 7 33 10 39 96 100 66 5 2 56 91 100 100 64 40 0 0 0 7 61 79 14 71 100 100 100 100 90 90 95 98 56 17 0 0 0 0 0 0 0 27 1 0 0 0 0 -9 -9 -9 -9 -9 -9 -9
39 0 0 0 1 0 0 0 0 0 0 0 66 32 40 100 100 67 51 100 58 0 64 100 60 87 79 58 18 77 100 99 40 28 78 98 47 28 30 50 34 86 7 20 30 4 40 52 99 87 12 54 82 54 88 100 91 26 0 1 0 12 52 97 68 83 100 100 100 100 100 67 50 75 17 0 0 0 0 0 0 0 0 0 0 0 0 0 -9 -9 -9 -9 -9 -9 -9 -9
63 0 0 0 8 10 0 0 0 0 0 0 16 2 41 72 86 72 86 75 35 0 59 100 100 100 71 17 9 82 100 100 86 85 70 98 52 46 39 9 30 8 29 28 32 52 85 76 30 61 19 100 100 91 21 88 94 38 30 28 46 18 16 61 72 79 100 96 100 100 100 88 21 38 23 0 0 0 0 0 0 0 0 0 0 0 0 -9 -9 -9 -9 -9 -9 -9 -9 -9
21 0 0 0 12 40 38 4 2 18 3 0 8 10 20 74 100 92 40 49 56 0 43 100 100 100 39 0 2 98 100 100 98 77 81 99 36 28 6 10 14 17 16 40 47 100 91 94 35 4 22 100 100 100 85 85 93 18 0 2 2 0 27 100 55 75 100 77 77 98 100 98 15 0 0 1 5 15 0 0 0 0 15 20 0 0 -9 -9 -9 -9 -9 -9 -9 -9 -9 -9
0 0 0 0 8 59 32 25 62 81 66 42 6 14 11 30 52 89 60 46 76 78 88 100 100 100 74 1 5 88 100 84 60 84 56 97 27 72 63 11 0 12 44 14 55 93 55 51 13 0 7 98 100 100 100 100 85 12 4 33 0 2 75 94 52 69 100 100 100 100 100 69 0 0 4 74 85 39 8 22 50 32 3 3 0 -9 -9 -9 -9 -9 -9 -9 -9 -9 -9 -9
0 0 0 0 0 85 43 77 72 96 44 32 44 64 88 56 12 55 100 40 18 76 100 82 100 53 21 13 65 100 99 40 27 87 27 55 11 43 13 50 0 55 100 87 83 95 39 9 0 8 33 86 100 100 100 100 46 19 33 9 9 58 53 63 70 77 100 100 100 100 71 2 0 6 27 89 85 32 6 24 4 0 0 -9 -9 -9 -9 -9 -9 -9 -9 -9 -9 -9 -9 -9
12 17 2 0 0 0 61 23 85 100 100 36 53 39 35 97 94 72 69 100 72 56 100 60 100 60 87 87 97 100 86 3 0 9 1 0 0 54 28 58 54 63 77 100 99 100 29 1 0 0 1 33 86 100 72 53 46 41 24 17 36 7 1 63 92 100 100 100 95 100 87 32 51 92 99 90 57 25 1 0 0 0 0 -9 -9 -9 -9 -9 -9 -9 -9 -9 -9 -9 -9 -9
2 3 24 0 0 0 6 60 74 100 75 61 91 67 62 100 55 100 100 84 28 16 66 68 14 45 30 67 97 100 100 95 38 0 0 0 0 7 48 60 99 72 74 96 46 6 10 6 14 0 0 0 82 100 100 100 89 6 5 18 14 11 0 0 0 29 97 100 100 100 99 100 100 100 100 98 86 13 0 0 0 0 0 -9 -9 -9 -9 -9 -9 -9 -9 -9 -9 -9 -9 -9
