data/habitatmaps/RS_maps/habitat_Regulus.regulus_2012.asc
NCOLS 369 
NROWS 228 
XLLCORNER 479000 
YLLCORNER 73000 
CELLSIZE 1000 
NODATA_value -9 
[rows 126 to 188 of 228, columns 96 to 191 of 369]
38 1 18 31 53 52 99 80 67 32 52 89 97 14 14 46 48 52 49 34 44 33 34 27 6 31 6 18 40 57 55 49 21 0 0 0 9 72 35 0 0 0 0 37 18 35 12 3 60 75 52 12 0 8 68 41 11 50 79 67 37 34 41 0 0 0 2 36 83 60 53 26 55 64 0 8 34 16 56 74 72 52 23 61 60 61 83 75 89 88 74 72 89 61 9 0
21 1 71 11 66 100 100 84 55 56 72 80 67 80 78 44 73 74 71 90 88 40 28 15 29 10 0 0 22 41 37 92 92 42 1 0 19 68 61 9 0 0 0 0 0 1 37 60 90 94 75 13 27 56 57 88 87 98 89 82 63 6 0 0 0 10 59 80 41 26 50 0 27 29 0 0 0 0 0 3 60 86 79 51 50 54 53 73 95 76 63 53 51 50 0 0
0 0 0 41 73 97 91 52 31 86 44 41 27 43 41 47 38 55 50 48 20 18 47 0 0 0 0 0 2 0 1 12 23 90 91 47 57 36 0 43 19 0 0 0 0 0 0 20 76 99 49 54 62 43 52 100 100 76 45 35 0 0 0 15 35 85 90 63 95 100 43 0 0 0 0 0 0 0 0 11 65 71 70 69 71 21 85 90 31 14 0 0 0 21 10 0
3 7 43 71 92 28 64 76 52 96 52 29 0 7 22 98 30 43 54 37 17 0 2 0 0 0 0 21 60 48 29 2 1 38 51 92 97 22 0 40 48 33 0 0 1 0 0 0 76 67 23 41 77 61 94 82 100 26 0 0 0 0 16 81 96 84 36 0 0 76 37 0 0 0 0 0 0 0 3 66 69 45 2 0 20 55 94 67 0 0 0 0 0 0 0 0
22 15 44 60 95 14 50 52 40 56 40 56 5 41 45 12 66 74 51 32 0 0 0 0 0 18 20 20 34 33 0 0 0 0 0 11 29 40 18 50 48 41 17 20 1 0 0 0 38 77 70 36 43 68 49 1 6 0 0 0 29 53 94 94 20 16 0 0 0 10 0 0 0 0 0 0 2 21 47 56 80 6 0 0 69 99 100 93 32 1 0 0 0 0 0 0
11 21 72 96 92 4 35 49 88 92 53 18 47 35 12 12 30 45 12 2 0 0 0 0 4 71 100 59 41 1 2 3 0 0 0 0 22 72 84 36 0 23 14 14 24 0 0 0 0 0 0 0 0 0 0 3 56 21 0 40 97 100 89 25 0 0 0 0 0 0 0 0 0 0 0 0 16 76 45 24 19 0 0 17 52 18 84 65 68 50 11 0 0 0 0 0
26 36 58 23 30 64 42 74 88 82 33 38 35 3 47 51 27 36 58 34 3 0 3 24 23 45 65 51 14 7 36 48 34 45 36 58 63 75 67 59 5 0 28 28 27 39 0 0 0 0 0 0 12 0 20 61 37 0 62 95 82 52 12 0 0 0 0 0 0 0 0 0 0 0 0 0 0 13 1 0 0 0 1 62 26 0 6 86 51 85 50 12 0 0 0 0
17 47 65 76 21 44 26 41 34 65 12 57 11 46 28 1 0 2 1 1 57 35 40 63 20 1 0 22 15 1 7 3 15 5 19 5 26 53 86 56 92 65 30 2 50 5 41 32 22 21 0 41 63 59 96 67 39 18 78 58 4 0 6 16 0 0 0 4 0 0 0 0 0 0 0 0 0 0 0 0 0 0 6 84 15 0 0 13 52 17 18 47 0 0 0 0
61 63 79 83 30 55 41 25 68 37 0 41 54 37 0 0 0 0 0 1 35 49 42 9 7 32 44 37 28 42 42 23 35 31 28 25 13 39 98 86 50 81 100 38 0 16 12 31 83 96 42 61 79 97 99 85 95 92 67 100 35 7 60 12 22 17 16 37 38 15 0 7 0 0 0 0 0 0 0 0 0 0 0 23 0 0 0 0 12 78 58 6 0 0 0 0
77 70 61 38 15 32 78 53 54 16 10 21 49 18 0 0 0 0 0 18 33 23 10 29 26 21 49 60 66 79 15 62 61 53 49 17 27 46 58 50 7 4 83 50 0 44 55 54 82 95 77 98 25 39 69 73 86 100 79 93 28 72 60 65 50 47 86 49 66 40 25 52 0 54 35 0 0 0 0 0 0 0 0 0 0 0 0 0 0 2 11 10 0 0 0 0
84 62 53 19 34 56 18 37 54 0 11 1 0 0 0 0 0 0 5 16 21 29 51 48 21 48 45 94 70 29 40 55 34 76 53 20 4 45 3 0 5 4 38 69 23 19 7 65 70 94 68 29 0 28 29 57 7 39 95 91 31 48 75 68 65 28 56 73 29 61 82 28 4 38 0 0 0 0 0 0 0 0 0 0 0 0 0 0 0 0 33 21 0 0 0 0
88 54 43 12 10 36 40 25 19 0 0 0 6 19 13 0 0 17 51 1 39 69 45 0 2 47 8 13 30 16 0 47 74 77 47 16 13 13 0 0 29 39 64 52 4 13 72 52 94 62 75 0 1 81 31 0 0 0 46 60 100 94 22 47 54 62 62 42 13 2 7 0 46 48 0 0 0 0 0 0 0 0 0 0 0 0 0 0 0 0 8 11 0 0 0 0
29 5 33 41 29 72 50 9 0 0 2 37 48 66 39 1 28 27 28 0 61 11 0 0 25 44 0 0 0 0 0 27 39 37 3 9 42 0 0 5 17 84 50 6 0 34 87 43 54 37 26 0 0 5 6 0 0 7 97 93 85 72 39 0 2 70 72 26 23 0 13 54 43 0 0 0 0 0 0 0 0 0 0 0 0 0 0 0 0 0 3 45 0 0 0 0
37 16 69 74 83 58 38 44 27 13 27 59 49 17 26 30 25 36 12 32 51 0 0 0 0 0 0 0 0 0 49 3 10 33 12 15 13 0 7 32 93 54 34 8 28 40 59 48 1 0 0 0 0 0 0 0 2 34 82 100 74 34 92 5 1 87 100 97 15 0 84 63 1 0 0 0 0 0 0 0 0 0 0 0 0 0 0 0 0 0 0 0 0 0 0 0
67 66 70 61 58 68 53 51 15 8 62 72 72 53 79 38 20 4 3 36 54 0 0 0 0 0 0 0 0 19 77 31 0 0 24 15 0 0 54 69 46 40 7 50 86 59 18 57 1 0 0 0 0 0 0 0 0 0 4 59 41 57 40 8 0 59 86 66 4 0 2 0 0 0 0 0 0 0 0 0 0 0 0 0 0 0 0 0 0 0 0 0 0 0 0 0
55 29 56 67 39 54 81 16 46 83 59 59 26 34 70 50 8 12 45 51 50 33 25 0 0 0 0 0 0 54 55 16 10 25 28 0 0 0 39 31 16 7 58 17 62 18 32 76 15 4 0 0 0 0 0 0 0 0 5 33 42 65 50 0 0 7 2 0 0 0 0 0 0 0 0 0 0 0 0 0 0 0 0 0 0 0 0 0 0 0 0 0 0 0 0 0
49 31 26 43 35 77 15 1 13 56 53 54 38 16 42 64 8 32 32 34 49 25 0 0 0 14 45 23 5 7 0 0 12 28 3 0 0 21 50 23 2 25 17 0 51 56 36 83 73 70 27 20 4 0 0 0 0 0 2 73 20 92 35 0 0 0 0 0 0 0 0 0 0 0 0 0 0 0 0 0 0 0 0 0 0 0 0 0 0 0 0 0 0 0 0 0
84 18 32 31 16 26 35 0 0 3 0 6 54 35 50 28 19 5 0 15 25 47 1 0 0 0 37 53 0 0 0 0 0 10 0 0 0 59 55 43 7 34 43 0 24 18 43 76 29 70 66 40 0 0 0 0 0 0 3 55 23 76 59 65 5 0 0 0 0 0 0 0 0 0 0 0 0 0 0 0 0 0 0 0 0 0 0 0 0 0 0 0 0 0 0 0
18 38 25 1 0 47 66 17 25 30 2 9 26 49 31 27 24 2 62 1 0 0 0 0 0 4 79 10 34 0 0 0 0 0 0 0 42 38 52 37 37 16 53 3 0 6 60 58 19 0 3 0 0 0 0 0 0 0 2 21 67 21 0 6 0 0 0 0 0 0 0 0 0 0 0 0 0 0 0 0 0 0 0 0 0 0 0 0 0 0 0 0 0 0 0 0
51 1 44 48 3 0 7 27 16 40 1 0 0 31 15 1 0 5 47 68 0 44 25 4 9 0 19 37 65 55 23 9 0 0 0 0 0 31 47 41 32 77 0 56 4 0 0 26 75 63 33 0 0 0 0 0 0 0 37 27 26 0 0 0 0 0 0 0 0 0 0 0 0 0 0 0 0 0 0 0 0 0 0 0 0 0 0 0 0 0 0 0 0 0 36 12
7 0 2 0 0 24 16 55 12 0 0 0 24 59 0 0 0 9 23 44 31 20 66 47 34 0 0 0 19 11 22 20 0 0 0 0 38 73 54 0 7 52 5 52 33 0 0 0 2 22 45 17 0 0 0 0 0 5 42 79 68 23 0 0 0 0 0 0 0 0 0 0 0 0 0 0 0 0 0 0 0 0 0 0 0 0 0 0 0 0 0 0 0 1 56 82
33 17 0 0 0 7 6 2 0 8 2 0 0 0 0 0 2 51 19 1 72 46 82 49 22 0 0 0 0 0 35 5 0 0 0 3 33 48 29 0 0 16 59 56 45 13 0 0 0 0 0 0 0 0 0 0 9 46 54 43 48 23 0 0 0 0 0 0 0 0 0 0 0 0 0 0 0 0 0 0 0 0 0 0 0 0 0 0 0 0 0 0 3 24 66 33
69 3 0 0 0 0 0 1 7 52 61 40 21 0 2 0 39 39 20 10 61 5 32 4 0 1 8 3 9 0 11 0 0 0 24 22 35 45 27 9 0 12 69 26 34 5 0 0 0 0 0 0 0 0 0 0 0 0 0 0 13 37 0 0 0 0 0 0 0 0 0 0 0 0 0 0 0 0 0 0 0 0 0 0 0 0 0 0 0 0 0 12 33 16 8 91
59 0 0 23 31 45 18 28 40 44 73 39 6 7 34 19 18 23 61 22 49 5 20 35 18 46 29 5 10 12 0 0 0 0 20 60 55 20 25 6 0 0 39 16 21 0 0 0 0 0 0 0 0 0 0 0 0 0 4 28 21 0 0 0 0 0 0 0 0 0 0 0 0 0 0 0 0 0 0 0 0 0 0 0 0 0 0 0 0 0 0 12 11 29 79 7
13 1 0 28 25 36 1 71 35 25 50 44 0 0 0 0 37 28 10 0 31 23 23 50 68 40 0 0 0 0 0 0 0 0 13 41 20 9 13 0 0 0 32 59 32 25 0 0 0 0 0 0 0 0 0 0 0 0 1 6 0 0 0 0 0 0 0 0 0 0 0 0 0 0 0 0 0 0 0 0 0 0 0 0 0 0 0 1 0 0 0 5 42 46 17 0
0 0 4 56 87 46 47 33 0 13 44 18 1 11 0 0 2 2 3 0 38 45 51 24 49 43 18 0 0 0 0 0 0 0 0 10 26 55 1 0 0 0 41 23 53 42 0 0 0 0 0 0 0 0 0 0 0 0 0 0 0 0 0 0 0 0 0 0 0 0 0 0 0 0 0 0 0 0 0 0 0 0 0 0 0 0 0 58 36 0 11 78 100 64 50 0
0 31 18 38 100 49 1 0 9 43 33 0 17 1 0 0 36 55 67 14 43 22 9 66 31 34 42 13 0 0 0 0 16 49 2 13 34 41 0 0 0 0 15 36 57 2 0 0 0 0 0 0 0 0 0 0 0 0 0 0 0 0 0 0 0 0 0 0 0 0 0 0 0 0 0 0 0 0 0 0 0 0 0 0 0 4 24 75 10 37 90 90 48 0 0 0
71 8 0 11 55 5 14 57 66 37 73 45 0 0 33 44 18 37 24 27 0 30 2 51 9 44 47 2 0 0 0 0 16 50 2 35 55 22 0 0 0 0 3 84 26 0 0 0 0 0 0 0 0 0 0 0 0 0 0 0 0 0 0 0 0 0 0 0 0 0 0 0 0 0 0 0 0 0 0 0 0 0 0 0 1 55 38 0 19 67 87 6 0 0 0 0
17 16 52 38 43 88 44 39 29 97 78 82 40 0 36 48 40 24 26 6 0 0 0 65 18 2 36 41 3 0 0 0 25 64 32 66 5 0 0 0 0 5 57 20 0 0 0 0 0 0 0 0 0 0 0 0 0 0 0 0 0 0 0 0 0 0 0 0 0 0 0 0 0 0 0 0 0 0 0 0 0 0 0 2 58 62 6 29 78 39 15 0 0 0 0 0
4 41 29 21 90 78 3 0 2 39 40 39 57 0 0 10 20 0 0 0 0 0 17 73 7 0 50 72 27 0 0 16 41 12 18 43 0 0 0 0 0 26 54 0 0 0 23 0 0 0 0 0 0 0 0 0 0 0 0 0 0 0 0 0 0 0 0 0 0 0 0 0 0 0 0 0 0 0 0 0 0 0 5 65 26 3 45 100 76 2 0 0 0 0 0 0
37 30 41 61 88 59 0 0 35 46 31 37 29 25 31 77 20 0 0 0 0 0 40 44 0 0 27 27 10 0 0 8 21 2 43 3 0 0 0 0 0 72 36 41 55 49 70 33 7 0 0 0 0 0 0 0 0 0 0 0 0 0 0 0 0 0 0 0 0 0 0 0 0 0 0 0 0 0 9 0 0 0 53 37 8 70 93 50 34 8 0 0 0 0 0 0
74 48 37 0 54 17 0 0 45 37 30 43 21 67 73 75 18 6 0 0 0 1 43 0 0 0 30 36 16 0 0 0 0 0 0 0 0 0 0 0 0 7 0 0 4 51 40 42 29 0 0 0 0 0 0 0 0 0 0 0 0 0 0 0 0 0 0 0 0 0 0 0 0 0 0 0 0 3 39 5 28 50 52 24 81 93 41 0 0 0 0 0 0 0 0 0
28 34 46 8 7 0 0 0 13 25 28 44 50 71 77 35 70 6 0 0 0 3 3 35 10 54 13 54 45 27 0 0 0 0 0 0 0 0 0 0 0 0 0 0 0 1 0 0 0 0 0 0 0 2 1 0 0 0 0 0 0 0 0 0 0 0 0 0 0 0 0 0 0 0 0 0 0 38 68 15 22 77 40 82 90 42 0 0 0 0 0 0 0 0 0 0
67 64 30 64 47 62 1 0 0 7 22 91 27 40 82 20 5 1 0 0 0 0 0 23 27 36 68 61 99 38 0 0 0 0 0 0 0 0 0 0 0 0 0 0 0 0 0 0 0 0 0 0 0 37 20 10 39 0 0 0 0 0 0 0 0 0 0 0 0 0 0 0 0 0 0 0 2 86 86 45 70 40 84 80 8 0 0 0 0 0 0 0 0 0 0 0
7 31 56 54 47 38 22 0 4 24 26 47 15 40 58 27 26 0 0 0 0 0 6 65 52 35 24 37 39 2 0 0 0 0 0 0 0 0 0 0 0 0 0 0 0 0 0 0 0 0 3 7 25 18 72 52 0 0 0 0 0 0 0 0 0 0 0 0 0 0 0 0 0 0 0 0 28 83 35 67 47 89 55 3 0 0 0 0 0 0 0 0 0 0 0 0
0 8 43 28 17 54 50 0 56 33 36 49 20 6 0 38 10 17 0 0 0 0 31 5 30 54 7 7 0 0 0 0 0 0 0 0 0 0 0 0 0 0 0 0 0 0 0 0 14 8 45 22 27 40 22 0 0 0 0 0 0 0 0 0 0 0 0 0 0 0 0 0 0 0 0 45 82 78 23 47 89 82 11 0 0 0 0 0 0 0 0 0 0 0 0 0
48 30 35 25 0 47 18 3 35 20 65 46 0 0 0 16 40 72 8 0 0 0 0 0 0 0 0 0 0 0 0 0 0 0 0 0 0 0 0 0 0 0 8 0 0 0 0 0 42 30 39 82 69 13 0 0 0 0 0 0 0 0 0 0 0 0 0 0 0 0 5 4 0 0 3 59 78 15 10 79 72 69 44 0 0 0 0 0 0 0 0 0 0 0 0 0
33 3 0 0 0 24 0 45 67 4 29 27 29 55 0 0 19 43 0 0 0 0 0 0 0 0 0 0 0 0 0 0 0 0 0 0 0 0 5 58 22 53 14 0 0 0 0 2 13 58 87 39 4 0 0 0 0 0 0 0 0 0 0 0 0 0 0 0 0 54 61 0 0 36 74 52 50 58 44 49 85 35 0 0 0 0 0 0 0 0 0 0 0 0 0 0
0 0 0 0 0 0 0 32 7 11 35 1 29 8 0 0 22 0 0 0 0 0 0 0 0 0 0 0 0 0 0 0 0 0 0 0 0 0 0 22 71 22 0 0 0 0 0 4 55 94 20 0 0 0 0 0 0 0 0 0 0 0 0 0 0 0 0 0 50 55 3 41 70 33 63 23 50 61 79 99 79 49 40 33 24 53 59 33 9 0 0 0 0 0 0 0
18 5 0 3 0 0 0 0 7 50 56 63 85 33 0 0 0 0 0 0 0 0 0 0 0 0 0 0 0 0 0 0 0 0 0 0 0 0 0 49 63 0 0 0 0 0 0 0 38 69 12 0 0 0 0 0 0 0 0 0 0 0 0 0 0 9 45 2 33 20 37 70 45 24 31 78 91 80 62 83 40 87 66 64 65 78 0 0 0 0 0 0 0 0 0 0
24 2 8 66 29 0 9 21 78 47 44 15 10 4 0 0 0 0 0 0 0 0 0 0 0 0 0 0 0 0 0 0 0 0 0 0 0 0 27 91 16 0 0 0 0 0 0 1 52 59 17 0 0 0 0 0 0 0 0 0 0 0 0 0 0 20 20 49 94 97 12 20 20 27 35 77 56 25 0 13 73 63 99 66 80 20 0 0 0 0 4 1 0 0 0 0
46 51 14 20 39 65 43 29 72 35 0 0 0 0 0 0 0 0 0 0 0 0 0 0 2 7 0 0 0 0 0 0 29 4 0 0 1 7 66 61 63 0 0 0 0 0 0 19 77 73 21 0 0 0 0 0 0 0 0 0 0 0 0 0 0 8 36 62 90 36 0 32 84 72 96 2 0 0 0 2 44 98 71 0 0 0 0 0 0 0 26 35 0 0 0 0
93 65 56 21 67 17 0 0 0 0 0 0 0 0 0 0 0 0 0 0 0 0 0 0 42 62 0 0 0 0 0 0 57 77 17 0 11 80 61 33 86 7 0 0 0 0 7 37 71 63 19 5 8 0 0 4 0 1 38 4 0 0 0 0 0 25 43 31 8 0 40 65 71 88 45 0 0 0 11 50 78 72 57 0 0 0 0 0 0 24 45 34 0 0 0 0
8 49 95 94 35 2 0 0 0 0 0 0 0 0 0 0 0 0 0 0 0 0 0 0 42 91 30 0 0 0 11 6 64 92 56 29 23 73 80 7 86 30 40 10 38 11 45 7 73 63 62 56 56 2 87 82 43 1 35 27 0 0 0 0 8 52 34 0 0 19 69 66 97 28 0 0 0 0 12 3 10 7 4 0 0 0 0 0 0 2 33 0 0 0 0 31
0 32 97 95 39 0 0 0 0 0 0 0 0 0 0 0 0 0 0 0 0 0 0 1 70 100 50 1 8 52 87 80 43 30 34 42 100 93 68 57 29 55 58 47 51 38 1 0 29 20 25 16 39 70 39 42 41 35 70 24 58 50 17 2 65 28 2 0 18 10 68 97 34 2 0 0 0 0 0 0 0 0 0 0 0 0 0 0 26 56 33 0 0 0 0 11
22 9 8 3 0 0 0 0 0 0 0 0 0 0 0 0 0 0 0 0 0 0 2 5 67 100 63 60 55 29 24 54 29 54 20 5 40 1 14 5 19 55 10 29 11 40 0 0 0 0 0 1 0 16 17 10 0 3 37 47 74 24 27 1 16 17 3 0 4 19 88 78 0 0 0 0 0 0 0 0 0 0 0 0 0 0 31 29 54 26 0 0 3 0 0 53
46 16 0 0 0 0 0 0 0 0 0 0 0 0 32 2 0 0 0 0 8 17 66 71 76 62 25 6 28 41 34 1 4 11 0 22 4 12 51 28 0 12 5 1 0 0 30 49 54 72 67 28 5 0 0 0 0 2 16 0 17 5 0 31 13 9 3 0 1 50 100 88 12 0 0 0 0 0 0 0 0 0 0 0 0 29 38 23 57 41 2 46 32 0 15 23
0 3 0 0 0 0 0 0 6 0 0 0 0 0 34 53 15 0 0 34 68 10 60 63 59 10 22 68 25 94 7 0 0 0 23 79 51 45 100 74 0 0 0 0 3 19 76 98 100 79 26 60 86 74 54 47 40 15 0 0 0 10 27 33 76 100 86 74 90 68 31 3 69 15 0 0 0 0 0 0 0 0 0 0 0 0 0 35 70 38 15 65 9 25 80 17
16 24 0 0 0 0 0 9 60 49 3 0 0 0 6 59 45 2 14 39 69 42 27 55 29 40 17 0 30 51 3 0 0 0 79 72 95 49 60 63 64 28 37 53 67 70 62 97 100 28 7 48 66 46 73 95 100 78 0 49 25 98 100 52 76 100 84 86 83 23 57 77 73 42 6 0 0 0 0 0 2 0 0 0 0 3 30 84 92 24 23 56 0 37 78 28
78 65 23 0 0 0 0 0 12 47 44 0 0 0 0 10 62 36 8 54 71 0 0 28 89 63 2 45 0 11 2 0 0 1 19 60 75 30 0 51 62 83 72 41 61 80 81 36 20 72 35 59 49 22 15 75 69 22 5 54 69 100 94 43 95 77 2 8 65 93 100 73 61 14 14 0 0 0 0 60 42 23 0 0 0 0 6 81 94 59 17 0 40 88 41 80
23 0 0 0 0 0 0 2 64 63 29 0 0 0 10 69 73 82 39 50 29 0 15 17 93 18 0 0 0 0 0 2 58 27 83 85 29 25 39 96 67 42 65 99 100 79 93 21 0 0 13 41 93 97 78 36 100 98 8 0 39 78 96 28 7 97 30 0 0 76 98 100 68 0 0 0 0 0 17 60 57 26 0 0 0 0 0 0 8 59 80 34 0 58 63 6
36 22 0 0 0 0 0 9 7 31 59 14 0 0 18 61 35 33 9 1 27 0 0 19 21 0 0 0 0 6 5 40 59 58 34 21 57 76 1 4 4 2 21 25 57 100 93 60 0 0 5 53 78 97 96 65 80 92 7 18 36 47 100 43 16 96 4 0 2 21 5 93 33 0 0 0 0 0 0 77 34 0 15 27 0 0 0 0 0 0 65 85 5 27 24 72
70 13 0 0 0 0 0 0 0 34 62 46 8 1 0 10 83 0 0 16 21 0 0 0 0 0 0 24 48 75 90 87 22 60 83 50 68 0 0 0 0 0 0 0 4 83 52 17 0 0 0 3 0 3 23 6 2 88 36 36 0 34 68 22 45 81 4 0 0 0 4 67 2 0 0 0 0 0 0 5 2 29 34 93 90 49 0 0 0 4 25 92 61 0 63 84
14 0 0 0 0 0 0 0 0 7 53 36 86 90 25 37 9 0 0 0 0 0 0 3 40 70 83 50 51 92 72 78 92 100 97 100 50 44 6 0 0 0 0 0 0 60 79 2 0 0 0 0 0 0 0 50 15 25 2 39 50 52 90 15 0 59 0 0 0 0 0 13 6 0 0 0 0 0 0 0 0 62 96 95 43 95 56 38 1 44 74 41 29 0 77 82
0 0 0 0 0 0 0 0 0 12 39 60 57 10 0 9 21 0 0 0 0 0 0 62 62 34 99 100 85 81 94 92 76 64 50 100 94 93 14 0 0 0 0 0 0 14 69 6 0 0 0 0 0 0 0 44 18 0 10 46 80 100 94 18 0 50 3 0 0 0 0 0 0 0 0 0 0 0 0 0 7 44 7 50 81 80 83 95 77 44 92 52 28 0 72 100
0 0 0 0 0 6 0 0 0 28 78 49 0 0 0 4 25 17 0 0 2 16 40 66 23 69 69 81 79 90 80 92 12 46 100 100 99 42 0 0 0 0 0 0 0 19 83 6 0 0 0 0 0 0 0 0 1 34 52 20 78 85 40 0 0 34 0 0 0 0 0 0 0 0 0 0 0 0 0 0 0 1 20 14 72 61 43 40 99 84 100 30 17 17 81 100
0 0 0 0 29 86 71 57 40 91 39 15 0 0 0 2 0 0 16 52 65 27 27 73 52 82 96 72 9 22 65 72 0 20 63 93 60 20 28 35 0 0 0 0 0 29 70 1 0 0 0 0 0 11 0 1 60 78 98 72 81 82 1 0 0 0 0 0 0 0 0 0 19 9 0 0 36 71 30 7 5 64 43 69 57 51 20 1 12 60 100 95 90 28 100 95
0 0 21 65 64 71 85 49 51 51 0 0 0 0 0 0 1 20 72 48 7 12 0 37 38 60 100 26 0 0 23 20 0 0 39 98 52 98 94 61 0 0 0 0 10 63 75 0 0 0 0 0 1 45 17 67 66 81 67 42 54 54 46 0 0 0 0 0 0 0 0 1 84 19 0 0 43 37 56 40 59 60 17 69 63 58 36 21 0 15 98 100 46 20 39 63
0 0 25 86 33 36 79 96 3 0 0 0 0 0 16 25 43 53 80 58 90 28 21 48 51 46 94 82 2 0 0 0 0 0 6 48 37 70 72 0 0 0 0 0 29 62 23 0 0 0 0 0 0 0 57 48 33 98 29 42 29 69 37 0 0 0 0 0 0 0 0 32 22 0 0 0 20 71 88 56 80 94 100 100 100 100 100 99 73 9 75 71 24 0 25 23
0 0 2 53 51 19 23 26 3 0 0 3 19 86 80 39 18 21 30 81 92 7 99 48 41 62 88 59 0 0 0 0 0 0 0 57 9 39 50 0 0 0 0 0 15 33 0 0 0 0 0 3 68 10 41 41 88 21 0 53 50 58 43 0 0 0 0 0 0 0 3 48 51 1 0 0 67 48 45 100 89 97 91 64 26 50 76 87 99 11 44 53 40 0 13 0
0 0 0 59 100 26 0 0 0 0 19 36 52 51 3 27 53 0 83 12 14 9 33 24 9 46 93 13 0 0 0 0 0 0 7 33 12 20 57 0 0 0 0 0 30 27 0 0 0 0 0 34 79 17 43 84 46 0 0 9 67 52 43 0 0 0 0 0 0 0 0 3 46 54 41 58 5 0 88 88 56 11 3 0 0 0 0 16 45 23 71 38 0 0 0 0
0 36 33 57 36 0 0 0 0 30 68 68 25 12 48 6 61 81 69 2 14 11 32 34 22 3 58 35 0 0 0 0 0 0 0 46 94 55 32 25 0 0 0 0 15 4 0 0 0 0 0 64 17 89 66 82 0 0 0 0 56 38 27 4 0 0 0 0 0 0 0 0 0 5 87 51 0 34 57 6 0 37 7 0 0 19 0 6 16 0 1 2 0 0 0 12
45 38 3 18 0 0 0 0 51 38 92 95 80 62 66 0 84 100 0 0 45 8 50 77 12 0 62 75 0 0 0 0 0 0 0 9 46 95 50 27 0 0 0 0 0 0 0 0 0 0 0 42 41 37 30 15 0 0 0 0 4 44 85 38 0 0 0 0 0 0 0 0 0 43 92 8 0 73 66 5 7 73 59 5 43 79 11 75 23 8 0 0 0 -9 -9 27
