data/habitatmaps/RS_maps/habitat_Linaria.cannabina_2010.asc
NCOLS 369 
NROWS 228 
XLLCORNER 479000 
YLLCORNER 73000 
CELLSIZE 1000 
NODATA_value -9 
[rows 0 to 60 of 228, columns 96 to 191 of 369]
-9 -9 -9 -9 -9 -9 -9 -9 -9 -9 -9 -9 -9 -9 -9 -9 -9 -9 -9 -9 -9 -9 -9 -9 -9 -9 -9 -9 -9 -9 -9 -9 -9 -9 -9 -9 -9 -9 -9 -9 -9 -9 -9 -9 -9 -9 -9 -9 -9 -9 -9 -9 -9 -9 -9 -9 -9 -9 -9 -9 -9 -9 -9 -9 -9 -9 -9 -9 -9 -9 -9 -9 -9 -9 -9 -9 -9 -9 -9 -9 -9 -9 -9 -9 -9 -9 -9 -9 -9 -9 -9 -9 -9 -9 27 1
-9 -9 -9 -9 -9 -9 -9 -9 -9 -9 -9 -9 -9 -9 -9 -9 -9 -9 -9 -9 -9 -9 -9 -9 -9 -9 -9 -9 -9 -9 -9 -9 -9 -9 -9 -9 -9 -9 -9 -9 -9 -9 -9 -9 -9 -9 -9 -9 -9 -9 -9 -9 -9 -9 -9 -9 -9 -9 -9 -9 -9 -9 -9 -9 -9 -9 -9 -9 -9 -9 -9 -9 -9 -9 -9 -9 -9 -9 -9 -9 -9 -9 -9 -9 -9 -9 -9 -9 -9 -9 -9 -9 -9 7 27 1
-9 -9 -9 -9 -9 -9 -9 -9 -9 -9 -9 -9 -9 -9 -9 -9 -9 -9 -9 -9 -9 -9 -9 -9 -9 -9 -9 -9 -9 -9 -9 -9 -9 -9 -9 -9 -9 -9 -9 -9 -9 -9 -9 -9 -9 -9 -9 -9 -9 -9 -9 -9 -9 -9 -9 -9 -9 -9 -9 -9 -9 -9 -9 -9 -9 -9 -9 -9 -9 -9 -9 -9 -9 -9 -9 -9 -9 -9 -9 -9 -9 -9 -9 -9 -9 -9 -9 -9 -9 -9 -9 -9 -9 41 0 0
-9 -9 -9 -9 -9 -9 -9 -9 -9 -9 -9 -9 -9 -9 -9 -9 -9 -9 -9 -9 -9 -9 -9 -9 -9 -9 -9 -9 -9 -9 -9 -9 -9 -9 -9 -9 -9 -9 -9 -9 -9 -9 -9 -9 -9 -9 -9 -9 -9 -9 -9 -9 -9 -9 -9 -9 -9 -9 -9 -9 -9 -9 -9 -9 -9 -9 -9 -9 -9 -9 -9 -9 -9 -9 -9 -9 -9 -9 -9 -9 -9 -9 -9 -9 -9 -9 -9 -9 -9 -9 -9 -9 53 24 23 32
-9 -9 -9 -9 -9 -9 -9 -9 -9 -9 -9 -9 -9 -9 -9 -9 -9 -9 -9 -9 -9 -9 -9 -9 -9 -9 -9 -9 -9 -9 -9 -9 -9 -9 -9 -9 -9 -9 -9 -9 -9 -9 -9 -9 -9 -9 -9 -9 -9 -9 -9 -9 -9 -9 -9 -9 -9 -9 -9 -9 -9 -9 -9 -9 -9 -9 -9 -9 -9 -9 -9 -9 -9 -9 -9 -9 -9 -9 -9 -9 -9 -9 -9 -9 -9 -9 -9 -9 -9 -9 -9 24 19 19 24 27
-9 -9 -9 -9 -9 -9 -9 -9 -9 -9 -9 -9 -9 -9 -9 -9 -9 -9 -9 -9 -9 -9 -9 -9 -9 -9 -9 -9 -9 -9 -9 -9 -9 -9 -9 -9 -9 -9 -9 -9 -9 -9 -9 -9 -9 -9 -9 -9 -9 -9 -9 -9 -9 -9 -9 -9 -9 -9 -9 -9 -9 -9 -9 -9 -9 -9 -9 -9 -9 -9 -9 -9 -9 -9 -9 -9 -9 -9 -9 -9 -9 -9 -9 -9 -9 -9 -9 -9 -9 -9 -9 19 75 53 19 18
-9 -9 -9 -9 -9 -9 -9 -9 -9 -9 -9 -9 -9 -9 -9 -9 -9 -9 -9 -9 -9 -9 -9 -9 -9 -9 -9 -9 -9 -9 -9 -9 -9 -9 -9 -9 -9 -9 -9 -9 -9 -9 -9 -9 -9 -9 -9 -9 -9 -9 -9 -9 -9 -9 -9 -9 -9 -9 -9 -9 -9 -9 -9 -9 -9 -9 -9 -9 -9 -9 -9 -9 -9 -9 -9 -9 -9 -9 -9 -9 -9 -9 -9 -9 -9 -9 -9 -9 -9 -9 24 3 75 71 39 54
-9 -9 -9 -9 -9 -9 -9 -9 -9 -9 -9 -9 -9 -9 -9 -9 -9 -9 -9 -9 -9 -9 -9 -9 -9 -9 -9 -9 -9 -9 -9 -9 -9 -9 -9 -9 -9 -9 -9 -9 -9 -9 -9 -9 -9 -9 -9 -9 -9 -9 -9 -9 -9 -9 -9 -9 -9 -9 -9 -9 -9 -9 -9 -9 -9 -9 -9 -9 -9 -9 -9 -9 -9 -9 -9 -9 -9 -9 -9 -9 -9 -9 -9 -9 -9 -9 -9 -9 -9 23 9 0 51 59 20 44
-9 -9 -9 -9 -9 -9 -9 -9 -9 -9 -9 -9 -9 -9 -9 -9 -9 -9 -9 -9 -9 -9 -9 -9 -9 -9 -9 -9 -9 -9 -9 -9 -9 -9 -9 -9 -9 -9 -9 -9 -9 -9 -9 -9 -9 -9 -9 -9 -9 -9 -9 -9 -9 -9 -9 -9 -9 -9 -9 -9 -9 -9 -9 -9 -9 -9 -9 -9 -9 -9 -9 -9 -9 -9 -9 -9 -9 -9 -9 -9 -9 -9 -9 -9 -9 -9 -9 -9 0 0 0 0 58 79 8 44
-9 -9 -9 -9 -9 -9 -9 -9 -9 -9 -9 -9 -9 -9 -9 -9 -9 -9 -9 -9 -9 -9 -9 -9 -9 -9 -9 -9 -9 -9 -9 -9 -9 -9 -9 -9 -9 -9 -9 -9 -9 -9 -9 -9 -9 -9 -9 -9 -9 -9 -9 -9 -9 -9 -9 -9 -9 -9 -9 -9 -9 -9 -9 -9 -9 -9 -9 -9 -9 -9 -9 -9 -9 -9 -9 -9 -9 -9 -9 -9 -9 -9 -9 -9 -9 -9 -9 -9 15 0 0 0 15 56 46 84
-9 -9 -9 -9 -9 -9 -9 -9 -9 -9 -9 -9 -9 -9 -9 -9 -9 -9 -9 -9 -9 -9 -9 -9 -9 -9 -9 -9 -9 -9 -9 -9 -9 -9 -9 -9 -9 -9 -9 -9 -9 -9 -9 -9 -9 -9 -9 -9 -9 -9 -9 -9 -9 -9 -9 -9 -9 -9 -9 -9 -9 -9 -9 -9 -9 -9 -9 -9 -9 -9 -9 -9 -9 -9 -9 -9 -9 -9 -9 -9 -9 -9 -9 -9 -9 -9 -9 42 17 3 4 0 0 80 10 6
-9 -9 -9 -9 -9 -9 -9 -9 -9 -9 -9 -9 -9 -9 -9 -9 -9 -9 -9 -9 -9 -9 -9 -9 -9 -9 -9 -9 -9 -9 -9 -9 -9 -9 -9 -9 -9 -9 -9 -9 -9 -9 -9 -9 -9 -9 -9 -9 -9 -9 -9 -9 -9 -9 -9 -9 -9 -9 -9 -9 -9 -9 -9 -9 -9 -9 -9 -9 -9 -9 -9 -9 -9 -9 -9 -9 -9 -9 -9 -9 -9 -9 -9 -9 -9 -9 73 58 8 49 95 72 9 57 30 20
-9 -9 -9 -9 -9 -9 -9 -9 -9 -9 -9 -9 -9 -9 -9 -9 -9 -9 -9 -9 -9 -9 -9 -9 -9 -9 -9 -9 -9 -9 -9 -9 -9 -9 -9 -9 -9 -9 -9 -9 -9 -9 -9 -9 -9 -9 -9 -9 -9 -9 -9 -9 -9 -9 -9 -9 -9 -9 -9 -9 -9 -9 -9 -9 -9 -9 -9 -9 -9 -9 -9 -9 -9 -9 -9 -9 -9 -9 -9 -9 -9 -9 -9 -9 -9 -9 72 22 26 31 50 55 0 23 20 49
-9 -9 -9 -9 -9 -9 -9 -9 -9 -9 -9 -9 -9 -9 -9 -9 -9 -9 -9 -9 -9 -9 -9 -9 -9 -9 -9 -9 -9 -9 -9 -9 -9 -9 -9 -9 -9 -9 -9 -9 -9 -9 -9 -9 -9 -9 -9 -9 -9 -9 -9 -9 -9 -9 -9 -9 -9 -9 -9 -9 -9 -9 -9 -9 -9 -9 -9 -9 -9 -9 -9 -9 -9 -9 -9 -9 -9 -9 -9 -9 -9 -9 -9 -9 -9 -9 39 2 17 3 25 9 14 0 0 34
-9 -9 -9 -9 -9 -9 -9 -9 -9 -9 -9 -9 -9 -9 -9 -9 -9 -9 -9 -9 -9 -9 -9 -9 -9 -9 -9 -9 -9 -9 -9 -9 -9 -9 -9 -9 -9 -9 -9 -9 -9 -9 -9 -9 -9 -9 -9 -9 -9 -9 -9 -9 -9 -9 -9 -9 -9 -9 -9 -9 -9 -9 -9 -9 -9 -9 -9 -9 -9 -9 -9 -9 -9 -9 -9 -9 -9 -9 -9 -9 13 6 1 28 41 24 4 14 54 50 20 57 17 41 34 53
-9 -9 -9 -9 -9 -9 -9 -9 -9 -9 -9 -9 -9 -9 -9 -9 -9 -9 -9 -9 -9 -9 -9 -9 -9 -9 -9 -9 -9 -9 -9 -9 -9 -9 -9 -9 -9 -9 -9 -9 -9 -9 -9 -9 -9 -9 -9 -9 -9 -9 -9 -9 -9 -9 -9 -9 -9 -9 -9 -9 -9 -9 -9 -9 -9 -9 -9 -9 -9 -9 -9 -9 -9 -9 -9 -9 30 0 47 52 23 43 2 5 65 6 0 36 56 77 46 32 43 66 38 22
-9 -9 -9 -9 -9 -9 -9 -9 -9 -9 -9 -9 -9 -9 -9 -9 -9 -9 -9 -9 -9 -9 -9 -9 -9 -9 -9 -9 -9 -9 -9 -9 -9 -9 -9 -9 -9 -9 -9 -9 -9 -9 0 0 0 0 -9 -9 -9 -9 -9 -9 -9 -9 -9 -9 -9 -9 -9 -9 -9 -9 -9 -9 -9 -9 -9 -9 -9 -9 -9 -9 -9 -9 -9 5 32 23 33 8 27 5 0 0 50 30 27 28 28 72 74 33 42 74 3 56
-9 -9 -9 -9 -9 -9 -9 -9 -9 -9 -9 -9 -9 -9 -9 -9 -9 -9 -9 -9 -9 -9 -9 -9 -9 -9 -9 -9 -9 -9 -9 -9 -9 -9 -9 11 1 0 18 14 24 1 0 0 0 32 15 6 7 40 -9 -9 -9 -9 -9 -9 -9 -9 -9 -9 -9 -9 -9 -9 -9 -9 -9 -9 -9 -9 -9 -9 -9 59 64 23 23 23 17 0 15 9 2 27 17 71 92 22 42 23 10 58 50 39 1 62
-9 -9 -9 -9 -9 -9 -9 -9 -9 -9 -9 -9 -9 -9 -9 -9 -9 -9 -9 -9 -9 -9 -9 -9 -9 -9 -9 -9 -9 -9 -9 0 1 6 1 19 0 0 0 0 13 0 0 0 0 0 54 91 16 21 15 -9 0 2 0 0 0 7 17 58 53 77 -9 -9 -9 -9 -9 -9 -9 -9 -9 -9 3 77 78 46 14 48 17 0 0 16 34 61 0 29 42 18 31 48 53 52 71 11 0 6
-9 -9 -9 -9 -9 -9 -9 -9 -9 -9 -9 -9 -9 -9 -9 -9 -9 -9 -9 -9 -9 -9 -9 -9 -9 -9 -9 -9 -9 -9 4 0 0 24 2 1 0 0 0 1 13 0 2 15 3 0 5 65 77 92 62 96 42 6 5 21 39 20 18 1 58 98 76 7 0 0 -9 -9 -9 -9 4 27 0 31 81 33 7 22 41 24 12 41 66 31 29 11 19 35 21 61 52 49 9 2 3 18
-9 -9 -9 -9 -9 -9 -9 -9 -9 -9 -9 -9 -9 -9 -9 -9 -9 -9 -9 -9 -9 -9 -9 -9 -9 -9 -9 -9 8 2 2 0 0 7 4 0 0 0 0 0 0 12 3 22 1 8 14 22 32 46 9 54 42 3 40 62 58 41 26 0 23 34 13 0 5 34 68 -9 -9 62 50 68 59 18 68 6 0 34 45 84 86 62 77 11 60 47 55 12 0 15 57 27 1 0 3 23
-9 -9 -9 -9 -9 -9 -9 -9 -9 -9 -9 -9 -9 -9 -9 -9 -9 -9 -9 -9 -9 -9 -9 -9 -9 -9 -9 7 0 2 4 0 0 12 1 0 0 0 0 7 15 4 1 13 1 0 18 1 7 0 0 36 3 1 35 17 14 32 2 0 32 0 0 0 6 70 78 63 63 39 74 61 94 41 18 1 9 72 58 55 45 46 68 34 43 23 37 3 0 0 50 24 1 19 11 38
-9 -9 -9 -9 -9 -9 -9 -9 -9 -9 -9 -9 -9 -9 -9 -9 -9 -9 -9 -9 -9 -9 -9 -9 -9 0 0 0 8 0 7 0 4 12 0 0 0 0 0 15 9 0 0 1 5 0 25 15 0 0 0 18 1 0 14 27 38 50 27 2 0 0 38 17 15 31 73 58 80 66 10 15 41 19 0 33 49 59 37 67 55 67 33 75 33 30 11 0 0 14 30 5 30 53 36 50
-9 -9 -9 -9 -9 -9 -9 -9 -9 -9 -9 -9 -9 -9 -9 -9 -9 -9 -9 -9 -9 -9 -9 -9 0 0 0 0 9 10 10 2 0 0 24 2 0 0 0 1 0 0 0 7 33 9 23 11 22 9 20 24 0 0 47 70 18 57 36 23 0 0 1 57 23 89 73 35 31 19 3 39 27 7 5 32 37 41 40 70 12 27 3 6 19 8 0 0 5 19 4 0 0 1 39 30
-9 -9 -9 -9 -9 -9 -9 -9 -9 -9 -9 -9 -9 -9 -9 -9 -9 -9 -9 -9 -9 -9 -9 0 0 0 0 0 12 5 1 2 0 3 21 17 17 0 0 1 14 10 4 0 9 24 17 8 9 6 15 37 21 10 7 46 50 29 20 6 0 2 23 58 46 71 89 52 66 0 15 37 29 19 32 74 48 49 55 40 24 0 0 0 9 48 0 0 0 0 0 0 0 30 30 6
-9 -9 -9 -9 -9 -9 -9 -9 -9 -9 -9 -9 -9 -9 -9 -9 -9 -9 -9 -9 -9 -9 0 0 0 0 0 0 0 0 0 0 0 6 45 5 17 3 0 0 12 1 19 5 10 29 22 38 29 33 46 0 9 32 37 1 19 64 34 12 0 0 24 87 67 91 71 29 11 25 54 17 17 24 0 18 58 53 60 68 21 15 17 1 0 0 45 11 2 0 0 0 0 10 5 5
-9 -9 -9 -9 -9 -9 -9 -9 -9 -9 -9 -9 -9 -9 -9 -9 -9 -9 -9 -9 -9 0 0 0 0 0 0 0 0 0 0 0 0 14 52 18 0 0 0 0 3 21 0 0 2 0 0 0 25 53 30 10 0 7 8 21 32 51 37 16 2 0 0 78 31 19 18 65 50 47 28 38 32 38 11 44 22 48 32 13 25 18 0 0 0 0 1 6 0 3 23 34 3 0 0 0
54 4 0 0 -9 -9 -9 -9 -9 -9 -9 -9 -9 -9 -9 -9 -9 -9 -9 -9 0 0 0 0 0 0 0 0 0 0 0 0 0 0 10 14 0 0 0 0 28 13 0 0 0 3 0 37 68 50 33 47 7 11 15 15 8 3 13 39 23 5 0 51 43 7 42 52 74 24 38 3 30 15 1 0 7 32 8 9 15 2 0 0 0 0 0 0 0 0 71 39 46 15 3 0
40 63 0 0 0 0 0 0 0 -9 -9 -9 -9 -9 -9 -9 -9 -9 -9 -9 0 0 0 0 0 0 0 0 0 0 0 0 0 0 0 15 2 0 0 0 0 3 0 0 0 22 0 3 33 57 23 29 1 22 3 13 2 23 39 60 41 56 2 47 87 77 58 19 25 7 7 36 21 26 18 29 25 31 43 5 1 0 0 0 0 0 0 0 0 0 37 32 52 50 10 14
12 23 0 0 0 0 0 0 0 0 0 0 0 -9 -9 -9 -9 -9 -9 0 0 0 0 0 0 0 0 0 0 0 0 0 0 28 0 0 0 0 0 0 0 0 0 2 0 25 24 32 21 55 21 31 29 17 0 1 13 3 6 0 33 3 0 52 50 28 78 57 19 9 19 6 58 57 32 24 16 7 9 0 0 0 0 0 0 0 0 0 0 0 15 13 18 14 25 27
0 17 7 0 0 0 0 0 0 0 0 0 0 0 -9 -9 -9 -9 0 0 0 0 0 0 0 0 0 0 0 1 25 0 0 9 0 0 0 0 0 9 1 0 4 29 36 18 26 31 43 17 4 18 11 30 5 0 0 0 15 14 12 30 4 17 44 66 51 25 86 88 54 25 44 55 11 0 0 4 0 0 0 0 0 0 0 0 0 0 0 0 0 0 20 9 13 30
0 0 28 5 0 0 0 0 0 0 0 0 0 0 0 0 0 4 0 0 0 0 0 0 0 0 50 0 0 0 0 0 0 0 0 0 0 0 33 27 0 0 0 0 17 21 0 6 15 4 31 13 5 6 5 0 0 0 0 4 13 27 4 3 17 27 71 46 46 57 13 24 23 42 36 0 0 0 0 0 0 0 0 0 0 0 0 0 0 0 0 0 7 5 4 45
0 0 7 57 15 0 0 0 0 0 0 0 0 0 0 0 0 8 0 0 0 0 0 0 0 7 11 0 0 0 0 0 0 0 0 0 0 0 0 0 0 0 0 0 0 11 0 4 8 19 22 3 0 0 0 0 0 0 0 0 0 30 0 0 1 5 43 61 18 11 44 3 0 0 0 0 0 0 0 0 0 0 0 0 0 0 0 0 0 0 0 0 0 0 0 1
0 0 0 17 64 0 0 0 0 0 0 0 1 3 18 0 0 31 34 5 13 0 0 13 0 0 0 0 0 0 0 0 0 0 0 0 0 0 0 0 0 0 7 1 0 0 0 6 24 15 5 0 0 0 0 0 0 0 0 0 0 7 0 0 5 54 32 24 24 34 8 0 0 0 0 0 0 0 0 0 0 0 0 0 0 0 0 0 0 0 0 0 0 0 0 0
2 0 0 0 35 0 0 11 0 0 0 9 6 42 8 0 25 20 22 47 55 49 7 31 10 0 0 0 0 0 0 0 0 0 0 0 0 0 0 0 0 0 28 16 6 14 0 0 11 10 0 0 0 0 0 0 0 0 0 0 0 0 0 0 0 3 3 2 0 1 0 0 0 0 0 0 0 0 0 0 0 0 11 17 0 0 0 0 0 0 0 0 0 0 0 0
13 0 0 0 0 0 0 5 8 0 0 22 0 0 0 0 0 0 0 2 9 13 0 1 17 0 0 0 0 0 0 0 0 0 0 0 0 0 0 0 0 0 4 18 15 15 0 0 0 0 0 0 0 0 0 0 0 0 0 0 0 0 0 0 0 0 0 0 0 0 0 0 0 0 0 0 0 0 0 0 0 3 15 11 0 0 0 0 0 0 0 0 0 0 0 0
34 0 0 0 0 0 0 0 4 0 0 0 0 0 0 0 0 0 0 0 0 0 0 0 0 0 0 0 0 0 0 0 0 0 0 0 0 0 0 0 0 0 0 0 0 0 0 0 0 0 0 0 0 0 0 0 0 0 0 0 0 0 0 0 0 0 0 0 0 0 0 0 0 0 0 0 0 0 0 0 0 0 0 0 0 0 0 0 0 0 0 0 0 0 0 0
5 0 0 0 0 0 0 0 0 0 0 0 0 0 0 0 0 0 0 0 0 0 0 0 0 0 0 15 10 0 0 0 0 0 0 0 0 0 0 0 0 0 0 0 0 0 0 0 0 0 0 0 0 0 0 0 0 0 0 0 0 0 0 0 0 0 0 0 0 0 0 0 0 0 0 0 0 0 0 0 0 0 0 0 0 0 0 0 0 0 0 0 0 0 0 0
10 3 5 4 0 0 0 0 0 0 0 0 0 0 0 0 0 0 0 0 0 0 0 0 0 0 0 32 7 0 0 0 0 0 0 0 0 0 0 2 0 35 5 0 0 0 0 0 0 0 0 0 0 0 0 0 0 0 0 0 0 0 0 0 0 0 0 0 0 0 0 0 0 0 0 0 0 0 0 0 0 0 0 0 0 0 0 0 0 0 0 0 0 0 0 0
22 29 0 0 0 0 0 0 5 0 0 0 32 0 0 0 0 0 0 0 0 0 0 0 0 0 4 5 0 0 0 0 0 0 0 0 0 0 0 33 24 0 0 0 0 0 0 0 0 0 0 0 0 0 0 0 0 0 0 0 0 0 0 0 0 0 0 0 0 0 0 0 0 0 0 0 0 0 0 0 0 0 0 0 0 0 0 0 0 0 0 0 0 0 0 0
1 1 0 0 0 0 0 0 20 0 0 14 33 25 0 0 0 0 0 0 0 0 0 0 0 0 0 16 0 0 0 0 0 0 0 0 0 0 0 0 0 0 0 0 0 0 0 0 0 0 0 0 0 0 0 0 0 2 0 0 0 0 0 1 0 0 0 0 0 0 0 0 0 0 0 0 0 0 0 0 0 0 0 0 0 0 0 0 0 0 0 0 0 0 0 0
0 0 0 0 0 0 0 0 11 2 0 0 33 13 0 17 30 1 0 0 0 0 0 0 0 0 6 8 0 0 0 0 0 0 0 0 0 0 0 0 0 0 0 0 0 0 0 0 0 0 0 0 0 0 0 3 0 21 0 0 8 0 0 8 0 0 0 0 0 0 0 0 0 0 0 0 0 0 0 0 0 0 0 0 0 0 0 0 0 0 0 0 0 0 0 0
0 0 0 0 0 0 0 0 0 0 1 33 0 2 22 23 45 22 25 0 0 0 0 0 0 0 0 0 0 0 0 0 0 0 0 0 0 0 0 0 0 0 0 0 0 0 0 0 0 0 0 0 0 0 1 33 53 45 0 2 34 0 0 0 0 0 0 0 0 0 0 0 0 0 0 0 0 0 0 0 0 0 17 0 0 0 0 53 2 0 0 0 0 0 0 0
0 0 0 0 2 0 0 0 0 6 32 31 0 0 2 0 1 13 20 0 0 0 0 0 0 0 0 0 0 0 0 0 0 0 0 0 0 0 0 0 0 0 0 0 0 0 0 0 0 0 0 0 0 19 31 23 29 3 0 25 18 0 25 1 0 0 0 0 0 0 27 0 0 0 0 0 0 0 0 0 0 2 39 0 0 15 11 61 21 2 0 0 0 0 0 0
0 0 0 0 44 1 0 0 0 0 3 43 35 0 26 0 0 3 0 0 0 0 0 1 12 3 0 0 0 14 21 10 0 0 0 2 0 14 9 0 0 0 0 0 0 0 0 0 0 0 0 0 0 1 45 9 0 0 0 1 7 0 1 0 15 0 0 0 0 8 11 0 0 0 0 0 0 0 0 0 0 53 25 0 0 0 0 41 0 17 0 0 0 0 0 0
0 0 0 0 11 0 0 0 0 0 24 37 0 33 0 0 0 22 0 0 0 0 0 1 11 0 0 8 19 10 34 18 0 0 0 32 0 0 8 0 0 0 0 0 0 0 20 5 0 0 0 0 0 0 22 0 0 0 0 0 0 0 2 15 50 15 0 0 0 0 0 0 0 0 0 0 0 0 0 0 0 1 0 0 0 0 0 8 0 1 0 0 0 0 0 0
0 0 0 0 0 0 0 0 0 0 0 1 31 3 20 35 6 0 0 0 0 0 8 5 15 0 5 17 11 4 0 0 0 3 0 9 22 0 0 0 0 0 0 0 0 3 33 48 5 0 0 0 0 0 7 0 0 0 0 0 0 0 19 29 50 11 0 0 0 0 0 0 0 0 0 0 0 0 0 0 0 0 0 0 0 0 0 0 0 0 0 0 0 0 0 0
0 0 0 0 0 0 0 0 0 0 25 14 48 3 34 56 27 17 0 0 1 5 14 20 12 0 0 4 2 0 0 0 0 27 3 0 13 10 1 0 0 0 0 0 1 31 28 28 0 1 0 0 0 0 0 0 0 0 0 0 0 0 0 3 13 0 0 0 0 0 0 0 12 5 0 0 0 0 0 0 0 0 0 0 0 0 0 0 0 0 0 0 0 0 0 0
0 0 0 0 0 0 0 0 1 14 34 1 1 11 41 27 9 1 0 13 20 22 1 0 0 0 0 0 0 0 0 0 0 0 0 6 15 18 8 0 0 0 9 6 2 15 3 0 4 7 0 0 0 0 0 0 0 0 0 0 0 0 0 0 0 0 0 0 0 0 0 0 0 13 0 0 0 0 0 0 0 23 2 0 0 0 0 0 0 0 0 0 0 0 0 0
0 0 0 0 0 0 0 0 15 36 4 0 0 0 16 21 10 11 3 1 5 15 20 26 15 0 0 0 0 0 0 0 0 0 0 0 0 11 15 0 0 7 28 17 3 0 0 0 19 0 0 0 0 0 0 0 0 18 0 0 0 0 1 8 24 29 16 0 0 0 0 0 0 0 0 0 0 0 0 0 0 0 0 0 0 0 0 0 0 0 0 0 0 0 0 0
0 0 0 0 0 0 0 7 0 4 0 0 0 0 0 0 0 3 19 1 0 0 0 1 8 4 0 0 0 6 0 0 0 8 0 0 1 37 18 17 39 20 14 8 0 0 0 0 0 2 11 0 0 0 0 0 25 26 0 1 24 36 19 51 36 12 1 0 0 0 0 0 0 0 0 0 0 0 0 0 0 0 0 0 0 0 0 0 0 0 0 0 0 0 0 0
3 0 0 0 8 15 20 11 48 2 0 0 0 0 5 1 0 0 1 1 0 0 0 0 0 17 31 7 1 33 21 5 22 62 37 15 0 15 15 31 49 17 19 5 0 0 0 0 0 15 33 0 0 0 0 0 49 36 34 67 45 2 0 0 0 0 0 0 0 0 0 0 0 0 0 0 0 0 0 0 0 0 0 0 0 0 0 0 0 0 0 0 0 0 0 0
19 0 7 17 20 30 15 3 54 0 0 0 0 29 20 9 0 0 3 37 35 29 47 21 27 6 9 12 1 5 14 42 27 53 21 6 27 44 29 49 21 24 17 14 16 11 1 11 1 5 9 20 25 0 0 0 10 84 84 57 2 0 0 0 0 0 0 0 0 0 0 0 0 0 29 0 13 5 0 0 0 0 0 0 0 0 0 0 0 0 0 0 0 0 0 0
20 30 17 23 19 35 42 48 23 0 15 45 27 5 0 0 0 0 0 0 0 0 31 48 45 33 26 66 50 16 14 19 32 47 61 64 36 15 18 8 12 21 33 50 32 24 9 48 28 21 48 51 64 38 32 0 0 5 32 20 0 0 0 0 0 0 0 0 0 0 0 0 0 21 33 42 11 0 0 0 0 0 0 7 0 0 0 0 0 0 0 3 0 0 0 0
15 50 25 37 26 15 28 27 31 44 0 42 21 0 0 0 0 0 0 0 0 0 0 1 4 0 2 19 28 7 15 26 7 6 26 30 56 16 11 12 13 7 23 24 30 24 23 27 22 43 40 57 47 57 64 36 22 52 16 0 0 0 0 0 0 0 0 0 0 0 0 0 0 0 0 2 0 0 0 0 15 0 4 3 0 0 9 7 13 15 3 20 3 0 0 0
13 16 20 8 15 11 10 20 11 0 15 0 0 0 0 0 0 0 0 0 0 0 0 0 0 19 13 37 11 6 19 0 2 8 29 65 51 31 35 15 21 31 19 21 27 13 20 17 20 52 45 55 51 17 44 42 33 43 15 0 0 0 0 0 0 0 0 0 0 0 0 0 0 0 0 0 0 0 0 0 8 10 0 14 0 0 0 0 1 18 20 26 14 19 2 0
24 38 2 0 0 21 20 17 51 0 0 0 0 0 1 26 0 0 0 0 0 0 0 0 20 30 29 17 25 20 1 7 64 29 32 43 8 16 22 28 15 16 14 26 51 36 22 12 62 64 41 66 3 32 24 0 0 0 0 0 0 0 0 0 0 0 0 0 0 0 0 0 0 0 0 0 0 0 0 0 0 0 0 0 1 0 0 0 0 0 0 11 2 5 1 0
13 6 0 0 5 11 19 8 0 0 0 0 0 1 26 7 0 0 0 0 0 0 0 0 0 0 0 0 0 7 19 35 54 34 52 23 34 48 22 19 21 28 32 32 37 11 34 69 11 39 41 28 7 0 0 0 0 0 0 0 0 0 0 0 0 0 0 0 0 0 0 0 0 0 0 0 0 29 0 0 0 0 0 0 0 0 0 0 0 0 0 0 0 0 0 0
0 0 0 0 34 17 18 5 0 0 0 0 0 36 2 0 0 0 0 0 0 0 10 32 32 12 46 32 28 38 41 0 0 31 51 52 50 26 32 41 48 29 55 66 68 37 32 54 49 28 46 12 0 0 0 0 0 0 0 13 7 0 0 0 0 26 6 0 0 0 0 0 0 0 28 13 0 31 0 0 0 0 0 0 0 0 2 0 0 0 0 0 0 0 0 0
6 1 3 6 63 7 12 0 0 0 38 18 8 19 1 0 0 0 0 12 17 7 48 47 39 28 62 72 47 16 11 22 28 33 42 52 25 20 50 48 40 22 0 0 0 21 36 10 19 60 38 0 0 0 0 0 0 0 0 15 0 0 0 0 0 0 0 0 0 0 0 0 0 0 5 0 0 0 0 0 0 0 0 0 0 0 46 3 0 0 0 0 0 0 7 0
21 10 30 30 16 3 15 2 3 13 2 1 15 48 59 46 9 0 0 7 4 15 10 44 8 37 23 13 26 42 3 61 43 31 57 50 26 3 0 0 0 0 0 0 1 35 48 12 9 2 0 0 0 0 0 0 0 0 0 5 0 0 0 0 0 0 0 0 0 0 0 0 0 0 0 0 0 0 0 0 0 0 0 0 0 0 4 8 0 0 0 0 0 0 49 0
