data/habitatmaps/RS_maps/habitat_Prunella.modularis_2010.asc
NCOLS 369 
NROWS 228 
XLLCORNER 479000 
YLLCORNER 73000 
CELLSIZE 1000 
NODATA_value -9 
[rows 0 to 58 of 228, columns 96 to 191 of 369]
-9 -9 -9 -9 -9 -9 -9 -9 -9 -9 -9 -9 -9 -9 -9 -9 -9 -9 -9 -9 -9 -9 -9 -9 -9 -9 -9 -9 -9 -9 -9 -9 -9 -9 -9 -9 -9 -9 -9 -9 -9 -9 -9 -9 -9 -9 -9 -9 -9 -9 -9 -9 -9 -9 -9 -9 -9 -9 -9 -9 -9 -9 -9 -9 -9 -9 -9 -9 -9 -9 -9 -9 -9 -9 -9 -9 -9 -9 -9 -9 -9 -9 -9 -9 -9 -9 -9 -9 -9 -9 -9 -9 -9 -9 45 72
-9 -9 -9 -9 -9 -9 -9 -9 -9 -9 -9 -9 -9 -9 -9 -9 -9 -9 -9 -9 -9 -9 -9 -9 -9 -9 -9 -9 -9 -9 -9 -9 -9 -9 -9 -9 -9 -9 -9 -9 -9 -9 -9 -9 -9 -9 -9 -9 -9 -9 -9 -9 -9 -9 -9 -9 -9 -9 -9 -9 -9 -9 -9 -9 -9 -9 -9 -9 -9 -9 -9 -9 -9 -9 -9 -9 -9 -9 -9 -9 -9 -9 -9 -9 -9 -9 -9 -9 -9 -9 -9 -9 -9 56 45 72
-9 -9 -9 -9 -9 -9 -9 -9 -9 -9 -9 -9 -9 -9 -9 -9 -9 -9 -9 -9 -9 -9 -9 -9 -9 -9 -9 -9 -9 -9 -9 -9 -9 -9 -9 -9 -9 -9 -9 -9 -9 -9 -9 -9 -9 -9 -9 -9 -9 -9 -9 -9 -9 -9 -9 -9 -9 -9 -9 -9 -9 -9 -9 -9 -9 -9 -9 -9 -9 -9 -9 -9 -9 -9 -9 -9 -9 -9 -9 -9 -9 -9 -9 -9 -9 -9 -9 -9 -9 -9 -9 -9 -9 26 79 100
-9 -9 -9 -9 -9 -9 -9 -9 -9 -9 -9 -9 -9 -9 -9 -9 -9 -9 -9 -9 -9 -9 -9 -9 -9 -9 -9 -9 -9 -9 -9 -9 -9 -9 -9 -9 -9 -9 -9 -9 -9 -9 -9 -9 -9 -9 -9 -9 -9 -9 -9 -9 -9 -9 -9 -9 -9 -9 -9 -9 -9 -9 -9 -9 -9 -9 -9 -9 -9 -9 -9 -9 -9 -9 -9 -9 -9 -9 -9 -9 -9 -9 -9 -9 -9 -9 -9 -9 -9 -9 -9 -9 11 14 47 49
-9 -9 -9 -9 -9 -9 -9 -9 -9 -9 -9 -9 -9 -9 -9 -9 -9 -9 -9 -9 -9 -9 -9 -9 -9 -9 -9 -9 -9 -9 -9 -9 -9 -9 -9 -9 -9 -9 -9 -9 -9 -9 -9 -9 -9 -9 -9 -9 -9 -9 -9 -9 -9 -9 -9 -9 -9 -9 -9 -9 -9 -9 -9 -9 -9 -9 -9 -9 -9 -9 -9 -9 -9 -9 -9 -9 -9 -9 -9 -9 -9 -9 -9 -9 -9 -9 -9 -9 -9 -9 -9 15 0 0 0 2
-9 -9 -9 -9 -9 -9 -9 -9 -9 -9 -9 -9 -9 -9 -9 -9 -9 -9 -9 -9 -9 -9 -9 -9 -9 -9 -9 -9 -9 -9 -9 -9 -9 -9 -9 -9 -9 -9 -9 -9 -9 -9 -9 -9 -9 -9 -9 -9 -9 -9 -9 -9 -9 -9 -9 -9 -9 -9 -9 -9 -9 -9 -9 -9 -9 -9 -9 -9 -9 -9 -9 -9 -9 -9 -9 -9 -9 -9 -9 -9 -9 -9 -9 -9 -9 -9 -9 -9 -9 -9 -9 59 0 0 61 39
-9 -9 -9 -9 -9 -9 -9 -9 -9 -9 -9 -9 -9 -9 -9 -9 -9 -9 -9 -9 -9 -9 -9 -9 -9 -9 -9 -9 -9 -9 -9 -9 -9 -9 -9 -9 -9 -9 -9 -9 -9 -9 -9 -9 -9 -9 -9 -9 -9 -9 -9 -9 -9 -9 -9 -9 -9 -9 -9 -9 -9 -9 -9 -9 -9 -9 -9 -9 -9 -9 -9 -9 -9 -9 -9 -9 -9 -9 -9 -9 -9 -9 -9 -9 -9 -9 -9 -9 -9 -9 76 97 25 0 16 9
-9 -9 -9 -9 -9 -9 -9 -9 -9 -9 -9 -9 -9 -9 -9 -9 -9 -9 -9 -9 -9 -9 -9 -9 -9 -9 -9 -9 -9 -9 -9 -9 -9 -9 -9 -9 -9 -9 -9 -9 -9 -9 -9 -9 -9 -9 -9 -9 -9 -9 -9 -9 -9 -9 -9 -9 -9 -9 -9 -9 -9 -9 -9 -9 -9 -9 -9 -9 -9 -9 -9 -9 -9 -9 -9 -9 -9 -9 -9 -9 -9 -9 -9 -9 -9 -9 -9 -9 -9 77 91 100 48 4 63 42
-9 -9 -9 -9 -9 -9 -9 -9 -9 -9 -9 -9 -9 -9 -9 -9 -9 -9 -9 -9 -9 -9 -9 -9 -9 -9 -9 -9 -9 -9 -9 -9 -9 -9 -9 -9 -9 -9 -9 -9 -9 -9 -9 -9 -9 -9 -9 -9 -9 -9 -9 -9 -9 -9 -9 -9 -9 -9 -9 -9 -9 -9 -9 -9 -9 -9 -9 -9 -9 -9 -9 -9 -9 -9 -9 -9 -9 -9 -9 -9 -9 -9 -9 -9 -9 -9 -9 -9 100 100 100 100 42 16 74 23
-9 -9 -9 -9 -9 -9 -9 -9 -9 -9 -9 -9 -9 -9 -9 -9 -9 -9 -9 -9 -9 -9 -9 -9 -9 -9 -9 -9 -9 -9 -9 -9 -9 -9 -9 -9 -9 -9 -9 -9 -9 -9 -9 -9 -9 -9 -9 -9 -9 -9 -9 -9 -9 -9 -9 -9 -9 -9 -9 -9 -9 -9 -9 -9 -9 -9 -9 -9 -9 -9 -9 -9 -9 -9 -9 -9 -9 -9 -9 -9 -9 -9 -9 -9 -9 -9 -9 -9 85 100 100 100 85 1 0 7
-9 -9 -9 -9 -9 -9 -9 -9 -9 -9 -9 -9 -9 -9 -9 -9 -9 -9 -9 -9 -9 -9 -9 -9 -9 -9 -9 -9 -9 -9 -9 -9 -9 -9 -9 -9 -9 -9 -9 -9 -9 -9 -9 -9 -9 -9 -9 -9 -9 -9 -9 -9 -9 -9 -9 -9 -9 -9 -9 -9 -9 -9 -9 -9 -9 -9 -9 -9 -9 -9 -9 -9 -9 -9 -9 -9 -9 -9 -9 -9 -9 -9 -9 -9 -9 -9 -9 54 74 92 96 100 100 9 0 2
-9 -9 -9 -9 -9 -9 -9 -9 -9 -9 -9 -9 -9 -9 -9 -9 -9 -9 -9 -9 -9 -9 -9 -9 -9 -9 -9 -9 -9 -9 -9 -9 -9 -9 -9 -9 -9 -9 -9 -9 -9 -9 -9 -9 -9 -9 -9 -9 -9 -9 -9 -9 -9 -9 -9 -9 -9 -9 -9 -9 -9 -9 -9 -9 -9 -9 -9 -9 -9 -9 -9 -9 -9 -9 -9 -9 -9 -9 -9 -9 -9 -9 -9 -9 -9 -9 25 40 76 45 0 28 91 11 0 2
-9 -9 -9 -9 -9 -9 -9 -9 -9 -9 -9 -9 -9 -9 -9 -9 -9 -9 -9 -9 -9 -9 -9 -9 -9 -9 -9 -9 -9 -9 -9 -9 -9 -9 -9 -9 -9 -9 -9 -9 -9 -9 -9 -9 -9 -9 -9 -9 -9 -9 -9 -9 -9 -9 -9 -9 -9 -9 -9 -9 -9 -9 -9 -9 -9 -9 -9 -9 -9 -9 -9 -9 -9 -9 -9 -9 -9 -9 -9 -9 -9 -9 -9 -9 -9 -9 34 77 64 60 8 45 100 23 12 8
-9 -9 -9 -9 -9 -9 -9 -9 -9 -9 -9 -9 -9 -9 -9 -9 -9 -9 -9 -9 -9 -9 -9 -9 -9 -9 -9 -9 -9 -9 -9 -9 -9 -9 -9 -9 -9 -9 -9 -9 -9 -9 -9 -9 -9 -9 -9 -9 -9 -9 -9 -9 -9 -9 -9 -9 -9 -9 -9 -9 -9 -9 -9 -9 -9 -9 -9 -9 -9 -9 -9 -9 -9 -9 -9 -9 -9 -9 -9 -9 -9 -9 -9 -9 -9 -9 56 97 75 96 75 88 78 87 93 30
-9 -9 -9 -9 -9 -9 -9 -9 -9 -9 -9 -9 -9 -9 -9 -9 -9 -9 -9 -9 -9 -9 -9 -9 -9 -9 -9 -9 -9 -9 -9 -9 -9 -9 -9 -9 -9 -9 -9 -9 -9 -9 -9 -9 -9 -9 -9 -9 -9 -9 -9 -9 -9 -9 -9 -9 -9 -9 -9 -9 -9 -9 -9 -9 -9 -9 -9 -9 -9 -9 -9 -9 -9 -9 -9 -9 -9 -9 -9 -9 67 74 97 62 35 100 71 57 44 35 69 8 74 59 55 47
-9 -9 -9 -9 -9 -9 -9 -9 -9 -9 -9 -9 -9 -9 -9 -9 -9 -9 -9 -9 -9 -9 -9 -9 -9 -9 -9 -9 -9 -9 -9 -9 -9 -9 -9 -9 -9 -9 -9 -9 -9 -9 -9 -9 -9 -9 -9 -9 -9 -9 -9 -9 -9 -9 -9 -9 -9 -9 -9 -9 -9 -9 -9 -9 -9 -9 -9 -9 -9 -9 -9 -9 -9 -9 -9 -9 70 91 8 23 21 24 61 94 40 93 78 13 0 0 7 0 37 8 21 78
-9 -9 -9 -9 -9 -9 -9 -9 -9 -9 -9 -9 -9 -9 -9 -9 -9 -9 -9 -9 -9 -9 -9 -9 -9 -9 -9 -9 -9 -9 -9 -9 -9 -9 -9 -9 -9 -9 -9 -9 -9 -9 94 100 100 100 -9 -9 -9 -9 -9 -9 -9 -9 -9 -9 -9 -9 -9 -9 -9 -9 -9 -9 -9 -9 -9 -9 -9 -9 -9 -9 -9 -9 -9 95 68 66 29 69 55 85 90 100 57 58 73 50 0 10 5 3 52 5 26 35
-9 -9 -9 -9 -9 -9 -9 -9 -9 -9 -9 -9 -9 -9 -9 -9 -9 -9 -9 -9 -9 -9 -9 -9 -9 -9 -9 -9 -9 -9 -9 -9 -9 -9 -9 0 0 0 23 76 49 99 100 100 100 68 85 94 93 59 -9 -9 -9 -9 -9 -9 -9 -9 -9 -9 -9 -9 -9 -9 -9 -9 -9 -9 -9 -9 -9 -9 -9 41 36 77 77 27 46 67 72 86 98 73 74 18 0 73 37 62 43 4 19 19 28 20
-9 -9 -9 -9 -9 -9 -9 -9 -9 -9 -9 -9 -9 -9 -9 -9 -9 -9 -9 -9 -9 -9 -9 -9 -9 -9 -9 -9 -9 -9 -9 25 0 0 8 10 0 0 7 83 78 98 95 100 100 100 46 9 84 79 85 -9 100 97 91 89 100 93 83 42 47 0 -9 -9 -9 -9 -9 -9 -9 -9 -9 -9 97 23 22 54 85 19 50 78 100 84 39 27 100 61 29 74 27 7 11 43 13 42 32 22
-9 -9 -9 -9 -9 -9 -9 -9 -9 -9 -9 -9 -9 -9 -9 -9 -9 -9 -9 -9 -9 -9 -9 -9 -9 -9 -9 -9 -9 -9 36 12 0 13 25 73 10 0 29 36 47 63 97 100 100 100 95 35 23 8 38 4 58 94 64 70 61 80 82 99 42 2 24 93 100 100 -9 -9 -9 -9 96 72 100 69 19 67 92 67 23 66 78 23 0 10 51 83 69 23 7 5 22 50 2 40 55 34
-9 -9 -9 -9 -9 -9 -9 -9 -9 -9 -9 -9 -9 -9 -9 -9 -9 -9 -9 -9 -9 -9 -9 -9 -9 -9 -9 -9 100 17 39 29 14 38 0 50 0 0 69 21 13 1 86 100 100 100 93 78 68 54 91 46 58 96 4 30 26 51 73 100 77 66 87 100 95 66 32 -9 -9 38 43 28 23 82 32 94 100 52 9 4 14 31 21 61 7 49 16 3 4 15 30 48 36 49 40 41
-9 -9 -9 -9 -9 -9 -9 -9 -9 -9 -9 -9 -9 -9 -9 -9 -9 -9 -9 -9 -9 -9 -9 -9 -9 -9 -9 70 84 7 55 69 2 44 19 21 0 8 56 15 0 87 95 96 94 83 57 99 93 100 100 58 96 90 3 74 62 43 98 100 68 100 100 100 94 20 1 35 37 57 7 39 0 59 82 99 89 17 8 0 1 20 23 45 0 61 49 73 82 95 30 44 22 23 32 1
-9 -9 -9 -9 -9 -9 -9 -9 -9 -9 -9 -9 -9 -9 -9 -9 -9 -9 -9 -9 -9 -9 -9 -9 -9 4 0 53 96 12 44 39 3 24 17 0 0 24 13 20 31 100 94 53 87 73 3 79 100 100 100 38 97 77 2 33 20 14 30 91 99 100 62 75 84 52 16 34 20 31 90 84 57 81 93 19 26 0 0 0 18 12 5 2 21 33 83 100 98 48 26 55 22 1 0 26
-9 -9 -9 -9 -9 -9 -9 -9 -9 -9 -9 -9 -9 -9 -9 -9 -9 -9 -9 -9 -9 -9 -9 -9 0 12 5 85 100 46 31 56 29 5 0 0 0 0 0 0 18 97 52 11 19 50 7 32 59 46 25 4 21 1 0 0 62 11 9 53 93 99 99 43 77 11 27 65 69 81 95 29 12 89 92 42 9 0 23 13 23 51 48 4 46 50 100 78 30 13 32 57 12 0 0 24
-9 -9 -9 -9 -9 -9 -9 -9 -9 -9 -9 -9 -9 -9 -9 -9 -9 -9 -9 -9 -9 -9 -9 0 0 1 21 7 44 67 2 14 69 41 0 0 0 0 0 0 53 64 4 0 20 52 32 26 30 24 47 37 3 4 17 1 58 73 55 6 88 98 77 42 54 29 11 48 34 100 77 45 46 71 53 18 19 15 28 26 24 75 91 76 50 8 15 31 26 66 69 99 19 7 44 49
-9 -9 -9 -9 -9 -9 -9 -9 -9 -9 -9 -9 -9 -9 -9 -9 -9 -9 -9 -9 -9 -9 19 27 3 0 0 0 14 0 7 31 0 21 11 6 0 0 0 0 0 0 0 25 36 0 56 25 13 9 10 55 55 0 14 68 90 100 49 2 0 76 74 1 33 1 1 71 89 73 26 68 75 65 93 49 0 0 7 28 67 48 42 51 83 72 27 0 50 62 4 10 45 49 94 91
-9 -9 -9 -9 -9 -9 -9 -9 -9 -9 -9 -9 -9 -9 -9 -9 -9 -9 -9 -9 -9 27 58 2 0 0 0 25 55 8 12 60 13 0 0 16 35 1 0 0 0 0 0 46 54 81 100 79 48 0 16 79 59 1 46 90 53 19 36 9 11 71 100 8 60 59 0 16 36 36 67 35 40 28 66 2 0 7 22 64 60 38 3 0 37 63 6 50 41 72 55 12 0 3 35 27
16 23 72 63 -9 -9 -9 -9 -9 -9 -9 -9 -9 -9 -9 -9 -9 -9 -9 -9 8 25 21 10 0 0 14 64 60 16 1 11 13 0 0 21 46 9 0 13 23 0 10 23 70 97 100 63 17 0 0 23 74 87 65 58 6 55 62 1 18 80 100 24 15 77 55 48 22 79 100 98 94 98 79 48 11 47 89 63 9 0 29 42 15 11 32 37 3 0 21 61 38 3 22 12
0 23 45 100 100 100 100 9 6 -9 -9 -9 -9 -9 -9 -9 -9 -9 -9 -9 0 0 0 2 37 31 71 17 0 1 0 0 0 0 0 0 1 24 9 18 47 0 3 56 93 69 100 97 46 0 3 0 23 99 100 77 90 51 27 23 20 13 98 41 10 23 42 81 96 100 39 42 48 63 61 19 61 72 1 0 0 0 32 53 34 16 40 53 21 0 6 67 48 15 77 68
0 3 39 25 60 100 100 69 0 3 74 55 44 -9 -9 -9 -9 -9 -9 3 0 17 12 8 36 8 0 0 0 2 0 0 0 28 0 0 0 14 13 0 2 0 16 36 37 46 75 68 55 8 56 3 23 80 85 84 71 74 38 97 51 54 100 43 43 75 22 45 99 28 9 53 0 1 48 17 27 8 5 13 2 11 20 71 18 26 17 90 52 0 0 0 62 64 25 58
4 0 16 0 59 100 100 76 31 6 0 8 14 16 -9 -9 -9 -9 52 39 0 5 0 6 28 3 4 4 0 15 8 0 0 9 0 0 0 0 0 0 0 0 38 67 47 32 72 67 57 83 95 63 0 12 60 3 16 62 60 46 31 41 96 73 56 93 81 84 73 0 16 37 36 40 42 15 44 57 73 100 54 84 35 16 2 3 17 86 97 35 0 0 50 91 83 56
12 18 22 28 57 100 100 97 61 28 0 31 31 2 0 0 3 0 6 51 15 25 66 3 26 5 11 24 62 50 0 0 0 0 0 0 0 13 34 33 7 17 60 64 57 23 99 77 60 84 15 11 0 32 62 48 45 76 90 99 23 57 96 95 80 74 2 54 54 8 41 13 72 34 0 20 81 56 60 26 69 76 35 18 29 1 0 66 88 98 61 0 7 77 94 12
63 26 0 18 15 74 72 88 88 28 16 33 0 32 0 39 25 0 0 0 6 13 19 12 10 0 0 0 19 21 14 2 0 0 0 0 0 6 32 4 0 98 35 96 78 55 100 85 8 0 0 0 1 64 9 0 0 0 0 9 22 38 100 97 97 94 48 12 83 43 4 7 6 1 8 95 59 41 6 0 44 60 45 30 68 13 11 17 32 53 73 52 49 24 42 6
79 33 5 0 10 30 6 31 99 32 22 0 0 39 5 2 16 15 23 15 0 0 0 37 18 64 19 0 6 12 12 14 0 0 0 0 0 0 0 0 26 18 59 81 91 99 71 9 0 0 0 0 7 99 43 0 0 0 0 32 0 11 27 15 16 13 51 74 80 21 0 1 80 75 80 70 66 0 0 3 27 64 29 79 16 67 11 11 18 42 26 39 60 82 19 27
72 74 38 0 21 7 2 29 95 86 76 23 0 10 34 18 21 41 52 16 0 0 0 3 18 2 11 0 17 46 10 25 0 0 0 0 0 0 0 1 10 16 0 0 12 26 1 0 0 0 1 8 20 45 0 0 0 0 19 14 0 0 0 0 0 0 2 62 32 18 1 33 48 100 66 33 34 0 22 0 19 0 34 54 59 85 21 5 0 39 75 50 39 29 66 26
6 40 70 11 5 13 0 1 28 55 100 44 0 10 23 75 11 24 46 1 0 30 0 0 0 0 38 37 0 27 37 31 7 8 0 0 0 0 0 31 94 45 0 0 0 0 0 0 22 66 78 100 80 94 70 49 58 23 65 93 75 35 66 20 0 0 0 78 100 64 8 24 44 51 2 21 12 1 32 45 61 61 78 62 51 75 0 0 0 24 68 5 80 100 97 22
55 77 95 39 32 16 29 0 0 24 62 2 25 54 35 75 33 2 48 83 77 62 53 23 72 81 68 1 2 17 17 48 70 51 0 0 0 0 2 1 35 0 0 0 0 0 4 2 83 93 89 97 45 6 19 54 66 79 49 40 60 64 27 32 55 33 6 46 42 84 17 19 78 25 6 36 80 60 84 100 100 66 86 13 48 50 19 30 10 33 29 9 30 79 78 45
20 9 76 84 73 22 64 31 2 69 58 13 2 46 21 63 90 31 4 27 56 100 99 86 61 62 0 0 9 26 3 28 26 0 0 0 0 0 18 32 0 36 44 6 0 16 6 10 65 62 3 5 1 0 38 8 36 83 60 0 24 19 48 35 17 28 50 19 7 22 33 19 77 74 93 92 94 33 54 92 80 54 92 23 13 37 98 98 98 81 17 7 0 11 2 42
0 1 71 64 26 18 69 10 53 13 18 0 0 0 2 17 73 15 0 0 0 56 37 49 67 95 53 63 80 83 15 75 25 0 10 33 13 7 26 73 12 24 75 29 52 20 0 41 4 0 0 25 22 35 46 57 50 1 30 69 34 26 4 16 1 47 68 58 0 0 63 67 47 54 7 68 66 57 36 57 48 4 2 0 3 55 91 58 95 100 98 21 1 45 3 15
27 64 76 4 0 0 40 34 14 6 0 0 58 87 17 11 93 26 17 8 0 0 0 50 100 96 63 34 24 16 6 2 19 0 59 41 50 40 17 39 60 100 97 71 23 4 0 62 68 0 71 89 85 66 39 8 15 7 9 62 49 15 5 10 33 4 8 15 0 0 35 36 19 0 20 43 82 90 54 28 58 30 35 67 42 1 6 51 68 98 96 4 0 17 17 0
97 79 69 52 35 93 99 59 33 0 0 44 64 67 99 61 77 89 90 91 40 3 0 15 87 50 0 7 0 0 0 0 0 0 19 75 18 27 3 91 100 59 96 73 54 25 0 91 100 54 76 44 38 4 18 54 42 24 33 36 6 0 0 71 100 40 0 0 2 29 42 1 39 0 6 0 68 40 23 31 72 26 100 61 6 4 0 0 0 39 74 27 6 0 6 5
37 0 10 70 64 100 92 51 0 0 36 100 53 4 47 62 45 54 80 91 8 0 2 68 31 0 2 46 53 36 16 0 0 0 1 6 0 23 5 94 96 56 97 74 87 75 15 12 49 96 82 96 82 45 43 9 54 52 8 6 31 33 67 95 54 32 10 32 74 39 42 16 29 0 30 77 27 50 50 12 43 22 13 0 27 47 72 33 9 10 35 46 17 25 56 42
21 9 0 3 78 100 100 64 0 14 90 67 30 26 0 41 53 19 0 22 25 25 32 42 11 0 53 80 16 40 47 41 25 0 0 3 0 0 2 68 64 7 43 38 43 77 64 10 25 42 83 58 13 51 95 25 18 6 22 67 28 100 100 61 32 22 39 75 43 46 20 2 35 0 57 65 16 59 73 18 27 62 17 6 22 15 75 91 69 50 3 48 84 91 100 99
16 0 0 22 76 98 12 42 17 65 68 67 30 73 56 89 99 87 45 11 0 5 0 16 10 33 26 0 10 22 37 31 93 56 59 18 0 8 43 100 90 39 71 29 28 58 31 37 50 7 21 2 2 30 39 17 0 9 41 10 66 54 93 80 46 55 49 36 33 40 12 29 80 45 63 59 80 88 57 41 86 67 67 8 53 23 35 72 71 66 10 0 7 34 80 87
0 0 0 36 94 54 1 12 84 25 0 3 45 100 83 95 99 97 96 92 62 7 1 67 57 58 46 78 99 82 79 90 100 84 33 10 7 58 81 80 34 81 69 39 73 16 17 19 73 87 92 84 18 29 1 32 0 24 53 61 25 57 39 93 77 39 5 0 4 46 50 20 48 57 69 81 88 45 16 29 28 66 42 28 75 4 21 48 43 100 17 0 0 37 73 9
0 0 6 32 96 65 10 60 44 55 49 55 98 67 100 90 52 66 58 94 100 98 94 88 84 100 100 92 81 90 28 46 48 43 82 59 40 23 79 33 32 63 12 29 35 77 52 24 46 24 92 36 23 48 16 90 68 75 60 94 33 64 11 17 25 74 14 0 43 85 60 38 85 91 25 36 46 8 0 1 33 1 15 1 0 36 44 35 53 71 89 29 9 21 59 0
46 32 67 37 70 74 5 63 37 83 40 55 62 97 84 77 60 59 24 41 36 83 92 95 78 93 85 74 65 76 82 51 53 47 39 70 28 22 67 20 28 63 28 38 32 76 41 22 69 70 88 50 53 57 68 64 99 89 60 69 0 12 14 4 3 81 91 24 40 41 51 21 48 36 28 21 30 44 1 44 98 53 0 1 0 20 44 20 3 29 100 89 10 48 0 32
5 0 42 1 29 81 98 100 87 60 25 27 47 67 62 34 42 12 70 78 98 95 83 69 79 67 20 75 14 44 62 11 18 87 87 65 62 82 86 49 32 8 49 78 5 25 57 51 42 56 58 47 24 75 24 66 85 31 1 55 3 0 19 70 65 66 57 51 39 73 50 75 63 50 60 44 58 61 40 13 70 98 20 18 76 51 79 33 5 37 52 71 78 9 0 30
0 0 2 0 0 18 22 30 88 76 31 89 97 36 38 67 24 32 68 61 70 52 17 36 52 55 60 17 18 27 0 16 1 14 69 70 77 57 74 54 16 35 82 83 71 52 80 44 7 10 6 46 42 62 4 45 24 69 12 14 16 62 82 48 60 75 81 68 90 77 71 41 53 49 75 69 62 3 14 4 36 82 92 40 5 31 21 25 61 18 0 22 77 89 3 0
12 0 0 0 37 0 0 32 76 46 94 65 33 9 47 19 45 46 72 76 89 60 28 45 37 32 88 84 28 6 0 0 0 21 94 69 63 45 46 68 89 46 8 38 73 13 31 11 28 36 27 10 1 27 0 27 12 21 2 0 32 96 47 48 76 69 50 74 56 5 0 13 19 6 68 61 36 34 28 25 0 8 51 41 7 24 4 0 6 66 23 12 75 51 44 0
0 0 0 2 46 35 48 47 99 92 100 51 2 12 50 57 65 85 81 48 72 88 68 19 35 59 96 97 75 6 0 0 0 46 45 84 59 46 73 75 41 61 20 32 56 6 50 21 5 10 0 4 20 76 50 17 75 74 65 39 75 64 81 49 64 78 36 0 32 99 27 1 1 37 94 70 2 57 98 24 13 81 53 23 83 70 77 38 1 15 0 17 2 62 99 50
0 0 11 59 68 55 40 67 52 41 1 4 47 16 64 62 70 82 99 58 56 51 73 37 69 75 45 67 98 43 1 0 1 35 57 58 82 36 62 40 5 58 26 42 40 32 60 45 33 69 43 38 56 55 33 17 26 60 45 27 55 98 80 48 45 39 39 3 51 68 2 0 0 58 85 78 1 38 86 6 12 48 13 3 41 26 36 68 42 0 33 16 11 48 79 17
35 43 69 50 41 62 67 90 43 33 17 15 18 26 69 87 98 51 33 40 35 66 53 73 72 94 62 71 96 68 73 21 21 47 74 50 14 0 8 6 29 16 52 72 69 83 57 50 33 63 91 57 19 76 63 57 71 14 6 43 97 67 22 7 0 45 70 0 29 12 0 15 3 10 46 15 13 5 4 0 0 17 69 0 0 0 0 33 54 0 66 25 3 11 65 44
80 70 73 74 79 65 53 28 43 73 42 11 14 92 88 82 65 31 56 60 91 100 69 52 55 67 12 0 9 23 48 69 59 53 39 27 44 78 65 72 62 36 60 50 68 72 91 28 72 64 52 49 33 61 45 47 13 41 68 70 64 35 11 0 23 73 49 38 54 68 9 78 16 26 99 95 79 23 22 12 22 82 46 24 0 10 83 45 46 7 25 21 50 12 15 26
72 49 73 85 75 51 44 53 53 48 79 37 70 87 36 17 3 0 4 0 18 31 31 91 94 100 95 80 68 93 85 31 38 94 74 70 44 84 66 68 73 76 31 37 23 26 30 62 78 57 60 43 53 43 36 36 72 35 58 53 62 27 3 26 70 38 0 22 40 84 50 5 25 13 19 68 100 46 61 69 100 74 45 43 0 0 33 42 45 44 8 59 13 22 25 7
59 52 42 43 44 83 69 50 68 10 56 79 39 19 22 10 0 0 0 0 0 0 0 21 21 31 33 8 14 32 7 61 95 84 71 35 49 60 63 53 53 40 36 64 59 85 46 50 49 48 55 45 49 80 44 52 67 57 85 68 11 18 11 29 18 21 0 0 64 100 41 0 37 99 46 2 17 100 63 9 25 75 71 100 45 1 0 0 2 57 79 89 43 58 6 0
65 44 65 53 35 47 41 54 2 38 74 72 68 16 17 31 0 0 2 10 0 0 0 0 7 23 0 0 0 0 17 75 36 71 68 57 92 67 32 34 59 51 8 16 24 20 36 83 38 30 20 34 97 67 75 98 100 85 68 43 4 58 15 5 20 13 0 8 95 97 10 0 46 88 92 72 14 63 83 1 0 12 5 85 100 65 0 0 0 2 76 100 52 14 3 0
23 8 48 55 62 72 46 17 0 71 65 20 47 0 0 0 0 0 44 42 0 3 31 49 12 32 39 15 5 0 29 60 46 66 48 77 66 52 73 64 39 16 61 65 55 25 45 31 89 54 15 29 79 100 100 36 28 5 1 3 10 18 60 15 31 36 35 49 100 55 0 0 22 65 74 61 13 76 86 20 0 21 21 74 100 100 19 28 0 0 19 93 95 38 9 35
31 14 79 87 63 45 38 0 0 0 0 0 0 7 26 25 0 8 7 9 28 61 90 68 66 86 54 65 70 61 59 100 100 69 49 47 31 44 54 52 43 69 45 34 32 63 68 46 35 26 34 88 100 85 67 3 0 2 14 65 32 100 69 67 77 81 57 43 88 0 0 0 42 99 59 69 21 66 56 7 6 30 24 1 36 81 4 31 17 2 0 14 75 9 23 41
