data/habitatmaps/RS_maps/habitat_Linaria.cannabina_2008.asc
NCOLS 369 
NROWS 228 
XLLCORNER 479000 
YLLCORNER 73000 
CELLSIZE 1000 
NODATA_value -9 
[rows 122 to 182 of 228, columns 96 to 191 of 369]
2 1 0 20 33 26 12 0 15 12 28 26 21 32 31 64 67 39 31 21 24 52 40 29 9 14 27 2 15 33 26 8 27 24 15 1 0 0 0 0 0 24 27 45 25 14 11 56 12 12 57 75 68 60 55 52 22 33 25 48 39 55 32 26 96 88 20 0 3 17 25 27 0 26 26 5 2 15 52 1 36 66 42 49 46 91 100 97 73 100 100 100 92 65 28 5
21 16 15 20 20 20 29 13 18 23 30 19 26 34 25 48 33 6 42 38 32 47 26 26 50 44 27 8 10 47 35 10 33 26 9 0 0 0 0 0 0 5 51 39 23 43 28 38 19 65 60 85 82 93 78 30 7 12 20 75 39 82 89 93 60 16 14 16 0 0 0 0 51 2 0 0 0 0 0 0 9 33 58 90 58 18 90 100 88 100 97 93 44 29 77 69
17 17 28 23 26 26 25 46 59 18 55 92 79 37 19 40 6 42 41 82 93 73 14 6 40 38 22 15 0 1 66 42 33 2 25 2 0 0 0 0 0 0 17 31 58 97 92 87 68 68 98 71 65 90 64 35 13 59 61 35 60 91 100 67 11 32 0 0 0 0 0 0 5 2 0 0 0 3 0 0 0 0 1 56 34 29 88 100 88 69 78 87 67 53 52 65
15 28 28 20 51 81 55 53 62 47 29 88 77 55 46 41 63 90 72 87 93 88 66 69 5 43 46 19 10 2 84 98 62 15 2 5 0 0 0 0 0 0 1 14 58 88 56 78 82 68 69 63 48 92 48 34 82 51 78 47 51 83 66 9 20 0 0 0 0 2 0 21 12 0 37 30 27 17 21 4 0 0 0 6 31 11 78 96 30 17 38 8 8 36 22 47
20 60 50 27 44 48 1 20 46 62 33 10 3 66 60 53 52 48 51 66 56 66 66 72 80 68 85 57 60 43 44 51 76 64 10 3 25 9 0 0 0 0 0 2 11 26 53 82 42 41 43 44 87 41 23 59 89 31 21 35 60 34 2 29 0 0 0 16 14 30 42 66 38 22 100 90 66 84 44 17 27 24 30 32 5 39 17 24 11 12 12 29 13 40 74 62
30 96 29 88 33 0 0 16 45 43 28 14 18 9 11 56 27 26 27 10 12 60 72 86 76 89 83 73 78 59 63 8 8 57 96 65 29 17 9 0 0 0 0 0 0 0 0 30 0 0 24 70 42 33 43 12 13 2 11 17 11 15 3 0 0 9 18 20 47 31 35 77 66 71 88 75 100 100 100 81 34 14 22 49 50 42 44 26 5 24 37 56 53 52 63 16
36 100 86 58 26 12 14 47 64 13 55 59 72 45 59 53 62 44 51 43 80 81 64 100 100 100 100 100 98 100 99 88 77 10 9 53 43 61 83 9 15 2 0 0 0 0 0 0 0 0 40 39 18 55 47 0 0 14 8 33 11 1 0 0 36 12 10 37 14 2 57 94 79 100 14 64 100 100 100 82 34 29 30 32 27 68 16 30 70 83 73 62 85 79 88 87
31 58 43 29 7 79 37 24 47 4 33 56 87 70 77 2 69 58 60 57 82 89 98 100 100 91 96 80 41 54 73 99 99 68 49 9 2 61 58 0 17 3 0 0 0 0 0 0 0 43 64 30 5 39 6 0 0 0 6 0 0 0 6 3 4 16 64 100 100 19 63 70 52 12 49 100 100 100 95 12 32 49 68 100 52 45 7 46 93 51 33 8 26 69 95 59
15 61 55 41 5 85 53 50 59 43 27 41 72 44 54 63 33 26 52 62 84 81 98 100 75 51 66 66 20 62 100 100 100 100 100 91 50 29 63 33 0 0 0 0 0 0 0 0 0 0 0 1 4 7 0 0 0 0 0 8 28 18 6 6 75 84 100 100 100 85 100 81 16 0 70 100 98 79 52 44 11 7 19 96 31 1 0 6 61 97 77 30 16 26 81 25
48 79 28 4 8 85 63 51 12 6 16 83 53 51 58 63 70 58 89 98 100 100 100 100 89 18 0 23 35 89 98 98 90 84 72 67 77 27 10 0 6 1 25 9 32 23 1 0 0 0 0 0 0 0 0 0 0 4 5 16 3 0 7 64 71 100 95 55 51 62 99 61 29 7 97 100 64 24 52 45 31 4 27 67 61 83 25 35 32 50 89 84 12 10 17 16
54 64 42 77 70 36 58 26 12 18 74 64 58 63 45 46 72 63 43 65 97 96 74 52 48 60 35 46 67 77 64 79 75 76 64 29 32 28 17 15 68 57 45 30 39 61 70 22 3 0 0 0 0 0 0 0 5 15 0 4 18 43 88 79 70 26 39 74 30 90 70 82 100 87 100 95 72 55 29 0 9 25 81 27 74 85 96 45 40 14 49 88 20 2 0 0
56 49 34 25 78 56 73 59 59 35 81 44 55 37 11 95 100 98 99 99 42 36 41 35 74 90 92 76 85 97 91 99 83 51 81 40 71 47 25 43 8 35 62 94 34 84 32 53 31 5 0 8 29 14 0 0 4 41 12 42 96 100 94 78 85 75 99 95 74 82 100 100 100 100 81 95 35 5 0 0 4 72 94 16 83 13 67 91 57 81 80 53 74 5 0 0
45 48 22 17 71 44 59 76 29 62 91 52 23 51 89 100 100 100 100 99 54 50 61 83 88 71 57 62 71 65 57 77 65 69 72 56 30 9 2 10 48 32 9 62 50 78 88 68 16 0 0 25 21 3 12 0 0 8 17 0 47 76 41 69 78 83 87 66 63 85 92 91 100 71 61 13 0 0 0 0 0 26 99 76 100 80 22 59 88 58 41 92 44 0 0 0
30 41 40 63 84 68 22 50 45 83 93 72 75 85 100 100 100 100 100 82 70 76 91 69 74 72 38 38 33 25 66 27 38 47 45 13 0 21 42 50 61 91 18 50 88 56 45 47 19 7 15 2 76 62 34 27 14 0 21 7 6 6 9 16 19 15 10 48 31 41 46 48 100 27 40 2 0 0 0 0 0 2 21 69 91 100 76 4 21 83 89 90 66 8 0 0
13 38 48 82 70 48 82 66 47 100 94 99 100 100 100 100 100 88 95 84 77 66 49 63 76 44 37 7 15 38 59 43 66 24 3 0 2 30 95 100 95 96 65 31 71 82 92 21 32 20 24 71 100 72 71 43 93 60 4 7 42 31 23 32 35 70 45 26 50 17 17 57 88 38 65 47 0 0 0 0 0 0 0 11 81 100 72 0 3 66 89 93 65 24 2 0
11 26 24 25 75 63 60 75 87 100 100 100 98 88 87 100 100 46 53 66 60 26 32 63 83 52 92 87 78 84 100 53 26 23 15 9 22 83 100 98 73 61 35 45 62 82 17 17 4 22 25 100 99 19 69 97 60 100 54 40 0 6 79 53 46 37 38 58 82 25 39 21 37 3 23 27 5 0 0 0 0 0 16 58 79 73 13 0 25 83 95 90 78 60 46 0
62 38 41 23 42 27 46 59 100 100 98 63 59 35 52 87 72 70 70 80 31 57 82 81 78 52 100 100 89 95 100 72 61 50 32 30 41 100 100 74 30 15 50 45 73 67 13 62 48 63 66 100 100 95 94 85 100 93 3 7 9 24 61 100 98 29 28 74 77 95 71 10 7 11 3 4 0 0 0 0 0 0 9 14 19 9 0 0 44 91 94 55 61 44 36 0
33 58 31 26 15 41 43 48 65 64 66 49 52 82 52 51 72 43 84 68 30 71 71 72 100 100 88 71 65 78 51 97 89 45 40 83 87 100 93 63 5 25 35 71 65 56 40 52 94 48 81 100 100 20 43 73 98 58 16 0 26 0 6 93 99 11 0 3 54 41 6 18 72 6 7 0 0 0 0 12 12 5 10 0 0 0 0 0 7 16 88 95 98 35 1 0
34 34 30 40 42 32 47 26 53 90 58 30 24 47 22 51 57 84 69 72 49 59 60 85 100 100 85 99 72 71 23 71 99 54 10 85 100 100 46 31 54 39 93 50 15 41 81 47 82 45 100 98 44 0 51 97 100 100 81 18 6 38 61 90 100 41 14 34 63 26 5 27 58 59 52 1 0 0 0 8 64 21 0 0 0 0 0 0 0 2 16 68 94 76 8 0
45 71 44 33 61 46 19 84 54 17 41 41 61 64 27 22 70 86 50 49 44 33 64 100 100 100 99 99 90 45 36 95 92 84 83 100 100 94 48 54 14 35 43 81 19 82 65 22 74 95 100 43 60 2 19 98 96 75 95 58 23 31 50 100 100 93 96 68 6 0 3 39 25 48 6 5 0 0 0 0 16 37 0 0 0 0 0 0 1 9 13 51 42 94 22 4
48 68 50 57 65 23 80 99 87 31 38 45 61 83 54 42 93 69 67 71 51 32 61 75 100 95 75 66 94 64 88 100 92 91 99 100 98 65 43 30 30 42 82 60 15 44 65 17 24 29 72 75 87 78 71 100 69 58 98 27 79 8 65 100 100 90 18 0 0 0 5 25 17 43 0 0 0 0 0 0 0 0 20 51 39 53 59 35 14 12 31 73 95 95 47 77
17 78 60 77 75 29 56 100 100 96 80 81 43 56 49 75 67 87 85 72 53 36 62 97 100 100 85 64 100 85 87 100 100 97 100 100 100 39 35 48 72 51 56 51 73 82 39 23 72 30 43 69 99 49 60 28 2 96 97 47 77 21 22 33 71 11 0 0 0 0 0 0 0 0 0 0 0 0 0 0 0 0 0 0 6 6 4 30 44 81 58 45 53 83 90 100
83 62 75 99 97 32 34 83 75 70 98 84 55 30 69 62 76 77 23 43 100 100 100 100 100 97 52 95 66 59 94 100 87 99 97 100 65 64 48 76 63 73 52 61 100 95 27 41 69 77 75 68 34 1 1 16 61 100 99 46 28 5 16 25 5 0 0 0 0 0 0 0 0 0 0 0 0 0 0 0 0 0 0 0 0 0 5 36 64 63 94 41 76 99 100 100
48 99 59 50 52 71 93 73 84 60 99 93 55 30 85 99 84 95 52 30 68 84 92 99 96 100 80 25 32 48 55 88 73 19 32 68 100 69 38 70 71 23 83 66 61 98 78 52 25 36 61 85 15 0 16 88 100 100 63 74 38 17 0 0 0 0 0 0 0 0 0 0 0 0 0 0 0 0 0 0 0 0 0 0 1 17 50 61 65 56 23 31 81 99 62 88
78 98 83 93 78 72 84 45 88 100 80 55 48 41 86 79 82 72 62 56 67 82 74 28 37 53 60 75 80 83 67 80 99 71 60 98 65 26 74 100 93 45 87 46 67 94 12 62 98 78 54 84 92 22 66 100 100 95 58 21 32 60 51 0 0 0 0 0 0 0 0 0 0 0 0 0 0 0 0 0 0 0 0 0 7 24 19 10 10 14 14 74 96 99 44 7
64 70 81 89 91 93 94 98 100 84 55 64 94 68 99 83 84 46 82 98 40 57 73 64 35 36 59 82 100 100 79 95 96 97 99 96 66 52 70 97 100 84 41 55 57 86 68 45 100 98 100 93 78 25 10 51 85 51 43 56 29 56 48 2 0 0 0 0 0 0 0 0 0 0 0 0 0 0 0 0 0 0 0 0 0 0 0 0 11 53 89 100 97 74 27 30
31 97 75 81 93 100 100 99 93 42 17 57 78 57 80 97 61 58 80 81 19 95 89 93 75 59 70 88 92 100 94 94 60 100 75 68 64 46 49 65 99 88 28 74 64 43 23 0 18 21 57 80 71 21 0 0 35 26 30 88 62 48 39 5 0 0 0 0 0 0 0 0 0 0 0 0 0 0 0 0 0 0 0 0 5 36 52 39 62 100 99 48 53 85 78 5
41 93 74 78 69 55 83 72 39 51 26 61 78 54 66 81 47 54 18 78 26 90 92 88 81 50 70 95 90 87 70 9 50 93 66 30 19 25 45 94 100 100 59 50 37 47 46 73 73 34 1 17 6 11 0 0 0 0 70 59 73 79 9 0 0 0 0 0 0 0 0 0 0 0 0 0 0 0 0 0 0 0 0 0 0 11 67 100 99 99 65 44 89 45 12 78
87 46 68 72 76 64 99 29 64 78 35 43 73 83 90 77 29 82 92 98 49 32 47 50 31 48 100 100 85 88 55 21 64 88 67 46 40 11 60 100 76 40 70 42 39 64 53 55 64 2 0 0 0 0 0 0 0 0 70 87 76 34 9 0 0 0 0 0 0 0 0 0 0 0 0 0 0 0 0 1 1 0 0 1 17 53 95 99 94 39 69 46 40 54 83 85
82 90 94 49 15 55 53 47 83 45 43 51 55 43 62 65 80 95 98 100 59 45 31 47 51 52 56 97 26 15 76 96 86 91 38 40 29 24 94 51 65 93 41 30 47 19 43 36 34 0 0 0 0 0 0 0 0 0 10 4 4 8 0 0 0 0 0 0 0 0 0 0 0 2 0 0 0 0 4 12 14 0 1 6 69 58 99 43 46 79 82 18 0 48 53 100
100 70 82 69 5 51 87 42 73 58 59 37 61 97 50 65 63 45 33 85 50 39 68 26 70 65 51 83 67 50 99 74 55 27 17 7 65 63 84 32 89 98 48 13 20 29 0 3 8 0 0 0 0 0 0 0 0 0 0 0 0 0 0 0 0 0 0 0 0 0 0 0 0 18 0 0 0 0 9 10 19 13 70 39 91 95 75 25 47 62 10 10 52 100 100 100
29 67 55 84 45 95 86 43 35 56 1 31 78 91 40 53 81 61 73 71 95 71 71 37 92 55 52 98 83 88 100 60 64 50 98 52 45 67 28 17 83 93 73 16 52 0 0 0 0 0 4 0 0 0 0 0 0 0 0 0 0 0 0 0 0 0 0 0 0 0 0 0 0 11 12 0 0 32 17 18 14 24 98 100 99 37 53 100 33 21 13 94 100 77 97 100
63 46 29 56 57 11 35 42 50 3 23 15 53 6 39 51 61 73 76 81 100 100 100 36 81 87 65 51 97 100 100 78 69 36 65 38 79 34 0 52 87 67 34 57 40 14 1 0 2 42 7 0 0 0 0 0 0 0 0 0 5 0 0 0 0 0 0 0 0 0 0 0 0 0 18 7 22 68 22 44 28 74 100 99 42 36 61 51 22 60 85 86 43 78 94 87
96 59 70 79 10 14 51 68 65 60 59 41 39 43 67 91 80 100 64 100 100 100 83 27 56 25 48 28 73 100 99 57 52 88 75 41 8 0 17 96 97 44 17 49 19 14 21 19 70 77 45 12 0 0 0 0 0 20 16 17 53 27 1 0 0 0 0 0 0 0 2 0 0 0 8 13 84 99 33 98 99 100 95 38 69 96 49 0 24 98 100 100 60 36 34 47
43 71 56 39 11 44 87 99 59 53 52 42 68 76 69 25 80 100 66 100 100 100 59 35 39 67 77 78 91 100 100 94 61 52 40 88 60 29 91 99 60 22 32 22 37 30 30 66 98 87 20 4 0 0 0 27 7 87 67 91 92 42 2 0 0 0 0 0 0 0 4 4 0 4 0 56 100 100 68 100 100 100 46 62 93 31 8 50 65 92 79 13 12 12 19 6
23 52 62 85 43 57 77 94 55 48 49 52 80 28 24 24 80 95 89 100 100 98 60 43 76 89 65 65 85 100 99 72 26 96 100 92 23 46 99 65 91 70 4 8 30 7 57 73 74 20 0 0 7 70 28 66 78 76 97 100 70 20 0 0 0 0 0 0 0 0 0 7 61 13 0 30 100 97 49 81 65 42 53 75 19 7 61 100 100 100 51 0 0 0 0 48
50 63 54 79 67 78 89 78 59 55 72 38 50 28 23 65 37 97 100 100 100 97 97 68 65 42 65 47 57 74 90 19 91 100 100 100 45 33 62 80 69 36 0 0 0 13 33 25 4 0 4 19 37 86 84 73 69 89 91 41 16 1 0 0 0 0 0 0 0 0 0 28 10 0 12 20 99 62 19 52 13 16 59 17 5 56 100 97 100 95 46 0 0 0 8 92
19 25 70 35 53 38 99 100 99 78 79 10 31 9 18 79 94 99 99 100 100 100 93 61 65 51 29 40 2 47 90 26 4 27 27 44 0 0 46 63 2 0 0 0 0 2 13 2 12 42 89 100 79 38 78 82 84 64 15 0 0 0 0 0 0 0 6 0 0 0 7 68 0 3 32 93 96 14 13 33 3 60 19 26 76 100 56 38 42 57 11 0 0 10 64 63
48 48 38 46 53 62 78 100 97 76 74 53 57 1 44 74 76 95 58 68 100 99 65 32 50 53 77 62 38 47 10 0 0 0 0 0 0 0 57 52 0 0 0 0 0 1 10 69 92 100 71 75 68 51 18 5 21 0 0 0 0 0 0 0 0 0 3 13 1 10 81 70 0 53 8 100 73 18 52 33 53 10 50 97 100 100 82 5 0 0 0 0 2 33 10 48
74 88 54 46 79 45 50 99 55 67 46 49 30 7 100 87 49 92 81 90 100 95 59 84 66 43 86 50 51 38 4 0 0 0 0 0 14 28 12 32 0 0 7 11 4 0 72 75 86 85 32 51 56 54 33 0 0 0 0 0 0 0 0 0 0 0 0 4 63 95 67 7 19 73 51 55 18 12 18 42 12 18 89 100 100 98 41 17 7 3 0 0 0 0 0 0
46 69 48 60 100 53 82 84 28 80 18 49 53 45 91 95 86 76 97 100 91 83 93 100 97 88 43 8 36 1 1 0 0 0 0 24 78 61 62 12 39 78 90 95 27 21 52 97 51 47 35 20 36 38 0 0 0 0 0 0 0 6 3 0 4 30 68 87 76 51 6 19 77 100 97 41 22 84 57 14 28 30 63 100 69 46 76 99 91 92 20 0 0 0 34 63
67 97 98 97 100 76 100 28 18 91 60 52 83 76 100 100 94 86 94 39 27 80 74 54 20 69 42 0 0 0 0 0 0 0 0 0 7 2 64 41 78 47 83 18 1 8 62 97 61 29 11 41 9 0 0 0 0 0 0 0 0 18 14 0 80 100 100 100 82 8 21 89 79 54 26 43 44 17 38 51 15 64 100 100 79 80 100 100 100 99 62 0 0 0 40 91
100 75 61 89 100 100 100 57 93 68 52 99 90 97 97 59 79 82 20 8 31 3 0 26 71 50 1 0 0 0 0 0 0 0 0 0 0 8 71 25 26 75 72 5 7 15 77 99 47 2 31 2 0 0 5 16 0 3 15 8 49 40 12 30 97 100 100 95 49 38 78 38 19 67 37 23 39 7 23 1 13 51 57 70 79 52 41 68 91 100 76 42 21 5 63 55
82 95 100 97 100 100 100 100 93 54 45 36 30 77 13 9 89 41 0 0 0 0 22 85 25 0 19 23 0 0 1 1 17 45 3 14 31 67 99 9 36 79 14 23 55 1 24 84 60 23 59 0 0 0 34 81 16 18 89 48 8 37 92 100 100 91 55 71 67 71 49 31 54 70 35 12 7 21 45 30 24 10 35 35 35 22 90 75 36 16 81 100 100 69 18 97
50 95 92 43 72 100 94 85 23 53 42 57 75 97 49 31 97 2 0 0 0 9 64 78 29 1 46 45 15 0 2 64 89 49 36 9 40 88 38 8 83 90 64 95 76 10 33 87 40 39 59 0 9 0 39 53 19 67 100 71 11 33 92 100 100 93 64 38 6 3 84 69 73 16 16 18 18 67 44 44 8 32 2 31 18 77 27 0 8 45 70 99 100 73 0 38
44 49 50 26 26 35 56 49 17 38 56 20 48 49 4 11 18 0 0 0 5 4 6 51 61 91 92 56 67 39 48 97 74 93 99 60 24 62 27 39 30 99 100 100 96 34 100 60 20 24 47 4 68 38 79 57 6 52 100 90 84 48 100 100 100 97 47 38 8 49 81 15 8 27 4 50 54 87 100 97 59 2 29 56 69 76 21 15 31 22 48 65 100 64 34 85
5 32 31 43 13 56 82 58 33 91 48 4 65 85 5 0 0 4 1 1 15 17 7 35 21 34 91 70 90 97 95 94 43 23 72 99 73 13 30 1 2 90 100 97 100 100 72 24 23 14 47 65 61 86 99 50 50 87 44 69 82 30 100 100 100 92 81 69 87 88 31 34 28 5 19 21 24 100 90 51 23 25 46 76 17 0 0 0 2 50 23 66 100 84 97 100
51 36 5 6 68 74 25 4 5 51 5 3 74 85 12 0 10 41 1 7 7 8 41 27 18 3 33 88 99 78 44 59 33 5 15 46 86 32 21 0 1 22 53 63 34 68 45 43 18 12 18 46 26 97 13 15 56 96 53 57 93 52 100 100 93 59 66 79 55 33 22 27 3 38 1 21 87 100 87 97 89 83 97 42 0 0 8 70 65 81 55 100 100 100 100 69
63 33 2 5 60 40 0 0 0 0 0 58 100 56 14 1 5 78 13 85 5 50 96 56 23 0 31 70 42 13 1 13 20 39 59 40 11 3 11 1 0 1 39 51 40 55 56 65 46 35 58 65 49 25 52 45 16 32 35 29 15 41 61 75 24 5 37 23 16 54 32 7 68 63 1 100 100 100 92 75 91 30 60 41 0 6 78 100 74 44 67 100 100 100 100 89
60 73 81 74 58 23 0 0 0 0 0 26 99 100 41 55 85 48 24 100 98 100 62 33 14 0 13 17 0 1 0 0 16 6 41 42 9 15 8 1 37 30 49 64 78 47 30 25 0 6 17 29 28 55 33 8 2 29 30 26 12 19 20 23 24 35 2 8 82 51 12 25 100 87 65 100 94 76 17 22 75 6 4 6 6 62 69 71 46 74 100 100 97 100 100 42
55 75 15 2 0 0 0 0 0 0 8 47 82 100 54 91 99 20 34 93 93 79 21 1 8 0 0 0 0 0 0 0 0 0 0 0 3 17 10 0 29 73 93 71 56 47 0 0 0 0 0 0 0 0 0 0 0 6 1 20 20 34 28 27 24 1 0 17 69 43 0 7 93 100 100 100 35 0 0 2 13 0 0 0 36 68 62 77 43 59 98 30 68 100 85 26
100 69 13 2 3 0 0 11 24 64 84 91 57 99 24 44 47 25 74 67 26 8 0 0 0 0 0 0 0 0 0 0 0 0 0 0 2 0 0 7 30 12 7 0 0 0 23 2 0 17 18 0 0 0 5 0 0 1 0 2 5 19 21 11 0 0 0 15 25 15 28 73 40 84 100 100 25 2 26 15 20 20 3 3 80 100 100 64 23 62 81 5 91 75 18 65
78 53 82 93 81 43 16 87 40 50 90 65 100 100 51 19 22 15 60 60 4 0 0 0 0 0 0 0 0 0 0 0 0 18 7 9 2 16 7 7 3 2 0 11 28 27 37 3 0 40 25 21 0 15 27 5 0 7 11 6 19 0 0 39 8 0 16 14 19 72 43 21 17 59 94 100 25 46 93 74 78 80 14 42 80 97 70 16 6 76 77 43 100 63 0 62
18 34 61 99 100 99 91 94 86 52 61 65 24 100 91 65 35 16 53 15 1 4 3 3 0 0 1 0 0 0 0 0 0 5 25 13 8 21 13 16 13 10 17 59 38 19 4 14 41 25 33 0 0 7 55 25 30 47 16 9 10 0 2 19 2 6 64 95 35 7 0 27 40 85 74 58 60 100 100 40 58 65 46 94 100 100 94 19 6 41 30 83 60 12 18 20
76 71 93 98 83 23 36 90 33 25 66 100 98 95 41 14 23 6 5 0 0 22 13 28 1 22 9 0 0 0 0 0 5 37 6 15 64 47 0 1 11 58 23 0 0 21 2 50 14 73 43 25 2 0 0 7 0 2 69 33 20 21 4 65 34 1 9 42 89 25 2 0 32 84 23 13 42 77 70 40 30 65 96 80 100 100 84 69 81 41 20 0 5 23 1 44
64 78 79 24 2 42 90 88 60 35 32 85 98 57 46 8 22 0 0 0 0 7 18 0 10 7 0 0 0 0 0 0 6 16 54 91 81 72 11 61 69 98 62 34 42 0 2 24 0 24 78 22 19 3 4 28 7 3 48 18 20 33 0 56 41 1 9 17 74 58 86 7 66 42 0 13 0 0 55 23 54 67 73 73 100 100 78 41 37 79 35 8 0 7 30 9
21 76 48 0 2 88 72 28 32 20 12 52 48 6 0 3 0 0 0 0 0 0 0 0 0 0 0 0 0 0 1 3 20 39 17 50 28 69 89 88 34 66 9 19 78 9 16 38 17 9 89 58 55 57 74 71 51 4 18 18 45 61 32 78 52 20 82 81 54 90 97 33 98 35 0 0 0 0 37 95 98 52 44 4 7 51 100 91 53 83 75 8 0 48 37 16
31 10 2 0 31 34 1 11 77 33 12 13 0 0 0 0 0 0 0 0 0 0 0 0 0 0 0 7 5 0 28 22 3 0 3 0 48 40 81 63 5 0 0 18 86 39 9 57 0 18 98 79 1 24 82 50 74 65 45 18 43 48 10 85 100 41 100 100 100 100 100 85 74 13 0 0 0 3 63 100 100 38 4 0 0 5 44 62 99 56 26 56 32 31 23 18
13 0 1 17 2 0 3 6 16 9 16 1 0 0 0 0 0 0 0 0 0 0 0 0 0 0 0 0 15 18 2 5 15 35 47 0 6 4 86 62 46 10 4 18 12 77 28 78 1 4 49 59 1 4 79 57 70 71 47 18 20 0 6 80 99 50 94 97 100 100 100 34 0 0 0 0 8 37 12 78 93 56 93 50 6 12 17 3 23 56 1 6 39 41 14 0
9 38 52 92 89 35 33 45 78 61 8 8 0 0 0 0 0 0 0 0 0 0 2 0 0 0 15 19 8 3 7 8 88 49 0 0 0 19 83 96 100 36 1 8 27 68 17 81 22 0 2 13 44 92 81 87 99 54 12 27 16 15 61 34 54 66 79 65 100 100 100 47 14 29 0 0 92 100 34 44 100 99 80 86 28 39 35 7 0 11 0 0 38 52 19 0
0 70 98 97 74 13 18 40 34 8 39 3 0 0 0 0 0 0 0 0 0 0 18 2 43 17 4 23 70 49 33 28 100 66 32 7 0 16 48 65 100 88 18 41 52 53 29 64 8 0 5 47 89 78 64 96 40 22 1 15 19 18 60 8 43 100 79 57 93 97 100 99 84 70 0 68 81 29 70 93 95 36 30 27 43 45 0 15 0 16 0 0 1 13 0 5
