data/habitatmaps/RS_maps/habitat_Prunella.modularis_2004.asc
NCOLS 369 
NROWS 228 
XLLCORNER 479000 
YLLCORNER 73000 
CELLSIZE 1000 
NODATA_value -9 
[rows 116 to 173 of 228, columns 192 to 287 of 369]
37 59 57 68 17 70 66 44 95 100 65 4 0 1 59 62 6 28 45 35 62 88 23 73 90 2 0 0 0 0 0 0 0 17 0 0 0 0 0 20 18 0 0 0 0 0 0 0 0 64 18 88 100 84 48 79 44 59 44 74 100 87 100 99 38 2 63 51 67 71 95 85 57 73 100 96 96 62 72 69 35 71 99 69 91 100 100 100 57 35 33 57 68 73 71 54
100 100 32 36 58 72 66 19 6 66 28 0 0 0 2 42 0 0 0 20 15 87 73 49 96 21 0 0 0 0 1 21 28 23 0 0 0 0 8 54 55 0 0 0 0 0 0 0 0 0 20 4 73 100 81 46 52 42 41 83 62 63 70 69 57 76 41 34 48 20 46 69 75 73 52 99 88 68 88 69 96 99 100 95 63 41 96 100 85 42 42 12 68 92 100 72
63 86 52 70 51 36 88 0 0 0 0 0 0 0 0 0 0 2 54 28 35 33 87 29 99 40 0 16 16 42 85 100 96 61 6 0 0 0 50 72 38 0 0 0 0 0 0 0 0 11 31 77 65 33 3 27 24 26 71 96 61 57 60 40 28 32 22 87 87 80 60 62 56 61 80 97 96 64 100 88 100 100 35 70 96 70 100 95 87 53 19 44 34 49 51 95
15 84 87 67 0 0 24 0 0 0 0 0 0 0 0 0 0 0 2 46 51 49 87 33 93 100 77 39 38 74 99 82 74 97 26 0 0 33 66 57 52 0 0 0 0 13 29 20 48 94 73 17 66 15 41 61 45 44 68 48 58 52 44 26 45 20 22 76 48 62 92 78 84 22 75 98 100 88 100 100 71 71 76 86 91 100 82 8 44 71 73 42 45 80 60 66
55 31 11 0 0 0 0 0 0 0 6 1 0 0 8 11 0 2 41 40 90 92 94 56 45 85 62 39 76 54 50 7 14 98 16 0 0 48 56 64 54 2 0 12 31 6 7 36 100 54 70 80 59 12 56 80 62 60 70 53 53 64 92 47 29 16 79 55 88 46 41 58 94 87 68 80 100 63 88 96 61 56 16 68 78 62 77 38 87 78 44 19 75 79 0 0
0 0 0 0 0 0 0 0 0 7 41 7 0 0 19 54 0 5 57 88 100 81 50 81 56 63 80 74 67 26 0 0 8 94 1 0 6 13 21 41 93 41 26 83 67 53 71 81 93 33 72 14 54 62 68 66 93 46 18 5 49 42 35 33 73 60 27 93 99 72 19 22 76 63 14 93 100 77 96 43 73 69 1 82 96 70 47 88 98 80 13 44 100 69 0 0
0 1 34 36 0 0 0 61 57 54 33 41 45 5 18 62 34 7 76 75 52 82 89 41 0 10 74 76 0 0 0 0 10 43 3 4 53 0 0 49 100 75 61 49 74 79 78 12 11 12 67 81 64 56 41 25 4 2 20 0 17 4 13 53 100 92 50 76 69 55 45 56 76 46 58 100 99 41 44 34 37 41 11 37 77 93 72 100 100 65 30 87 100 15 0 0
45 64 63 24 0 0 0 99 65 71 55 61 100 87 59 3 17 43 51 26 51 98 37 2 0 1 80 32 0 0 0 0 0 0 0 19 1 3 73 70 92 100 99 73 31 13 9 57 64 69 100 79 87 19 66 42 64 12 21 72 85 29 16 21 74 86 61 80 67 17 0 31 85 82 100 93 50 0 18 23 82 33 27 17 99 82 80 98 71 40 29 59 65 45 6 0
55 98 96 31 0 0 28 88 13 42 27 27 9 29 73 74 20 18 50 76 84 56 0 0 0 0 28 9 0 0 0 0 0 0 0 0 4 81 67 84 100 88 28 11 3 31 92 100 100 100 100 93 100 70 100 79 39 85 100 87 21 0 0 15 88 29 78 66 55 88 9 70 76 86 100 50 0 0 37 7 27 15 36 9 88 61 67 81 63 24 36 32 72 84 44 0
47 40 66 97 96 85 53 16 0 0 2 17 34 45 26 16 56 7 94 69 100 12 0 0 0 0 24 7 0 6 31 0 0 0 16 51 64 92 100 100 71 73 60 45 45 95 100 100 100 100 61 66 100 100 100 100 82 89 88 16 6 0 5 45 43 57 69 100 100 95 74 54 24 49 99 65 0 1 38 44 23 17 38 2 69 98 75 100 98 35 47 64 66 7 5 5
26 31 51 37 70 17 13 0 0 0 0 0 34 80 52 57 96 83 65 96 39 9 0 0 3 52 81 34 0 56 40 0 3 77 100 55 88 67 36 67 91 97 46 100 77 94 100 100 97 97 47 94 100 100 100 100 100 100 32 0 0 0 61 63 57 73 100 62 22 84 100 54 32 78 50 16 0 16 34 42 41 41 33 9 52 100 65 78 76 67 62 87 58 0 17 47
0 0 0 0 2 0 0 0 0 0 0 0 0 0 0 14 63 63 53 26 0 25 0 0 0 3 4 3 0 73 57 3 37 79 58 92 77 25 68 100 86 97 92 76 45 94 100 75 60 85 11 57 80 100 96 100 100 98 15 0 0 16 52 30 86 100 100 82 83 100 100 70 33 97 57 0 0 0 0 0 24 25 46 85 73 74 97 82 39 28 78 82 71 6 19 67
10 0 0 0 0 0 0 0 0 17 0 0 0 0 11 57 70 44 72 63 0 3 44 0 0 0 0 54 38 44 65 52 71 39 53 46 1 90 100 17 42 60 86 97 69 100 99 54 4 20 3 26 63 79 90 100 100 57 12 48 49 43 39 73 100 100 100 96 71 100 97 31 33 99 21 46 33 23 10 59 96 99 95 65 100 100 100 96 29 54 86 20 82 72 78 74
6 0 0 0 0 0 0 0 0 77 50 0 0 0 14 1 54 66 77 54 0 0 8 0 0 0 1 57 51 62 10 49 91 56 76 4 57 87 69 92 95 65 59 23 68 73 100 81 4 0 6 81 85 61 100 99 100 49 14 65 86 67 47 74 100 80 82 96 85 100 92 37 56 100 86 61 86 100 100 100 100 100 67 97 100 81 50 73 95 57 39 34 37 93 77 76
0 0 0 0 0 0 0 0 0 38 77 9 6 34 49 1 54 72 56 15 3 0 0 2 21 44 87 81 25 37 2 30 18 70 48 57 78 23 89 69 58 0 11 85 49 54 98 80 56 3 19 46 78 31 28 91 90 31 59 79 100 100 72 100 100 83 73 53 98 84 28 89 62 40 99 96 87 100 100 100 100 100 97 100 100 52 78 100 100 73 83 74 33 35 52 79
0 0 0 0 0 0 0 0 0 6 41 42 38 100 100 96 75 53 48 80 10 0 4 55 100 89 80 28 11 20 66 48 57 98 100 97 37 39 97 79 78 3 16 15 0 24 55 94 45 15 83 100 62 77 100 90 57 19 82 100 100 100 100 100 90 86 71 46 100 79 41 93 74 98 71 20 23 46 100 99 58 84 100 100 100 100 100 84 86 42 39 70 29 42 56 70
0 0 0 0 0 0 0 20 7 9 27 73 45 59 39 66 71 30 69 19 33 73 86 100 100 100 93 43 46 42 71 96 62 73 93 100 74 36 73 95 68 3 0 7 9 52 68 93 51 7 8 44 56 90 74 8 58 97 100 100 69 98 100 98 52 60 34 52 100 63 55 35 6 83 55 0 33 97 69 30 60 1 85 98 100 100 100 51 64 84 37 17 77 100 100 100
0 0 0 0 0 0 50 58 71 84 63 80 46 0 0 0 31 77 50 48 61 41 40 100 90 32 9 21 72 95 29 30 54 1 86 71 39 65 52 29 32 6 45 52 20 17 33 51 60 2 22 95 94 62 9 50 60 21 76 82 80 100 100 85 86 81 20 81 92 55 46 43 35 78 47 50 80 87 2 43 55 19 28 73 100 100 100 97 81 85 100 52 94 100 100 100
0 0 0 0 0 0 1 53 44 28 6 0 0 0 0 0 4 58 4 0 37 51 40 80 9 16 31 67 64 84 14 71 93 42 31 80 58 69 49 5 26 8 4 0 0 0 0 27 54 5 36 66 64 5 35 98 100 19 37 27 64 100 100 87 57 85 73 98 90 12 54 0 2 22 45 99 84 21 57 69 21 0 43 100 100 97 61 100 89 79 100 89 39 98 100 59
0 0 0 0 0 0 6 0 15 2 0 0 0 6 33 0 0 11 0 46 87 3 73 87 48 22 37 7 0 43 48 56 53 44 57 28 45 0 0 0 0 0 0 0 0 0 0 0 4 43 55 100 89 75 92 77 40 0 0 2 68 58 41 84 71 65 52 100 31 10 54 0 37 100 100 75 74 17 18 39 38 37 87 80 100 98 14 93 43 20 67 95 8 70 100 66
0 0 0 0 0 0 0 0 0 0 0 17 29 78 34 9 6 74 75 38 96 46 1 53 71 68 43 30 63 83 40 34 1 46 13 0 48 0 0 0 0 0 7 8 0 0 6 19 75 37 66 100 100 100 48 40 73 1 22 72 97 56 21 72 95 27 26 78 33 3 62 1 41 90 100 92 37 32 85 96 93 8 88 71 74 74 21 67 58 8 70 65 21 45 99 91
0 0 0 0 0 0 0 0 11 17 32 50 27 4 0 33 39 61 17 34 57 69 55 75 97 49 53 16 30 98 45 0 0 3 0 0 13 0 0 0 0 0 7 46 0 0 21 82 77 19 4 46 29 95 62 44 2 13 96 100 37 17 25 96 100 99 74 71 65 18 59 41 30 44 27 21 52 57 18 73 78 30 100 100 100 33 0 81 100 98 100 78 4 0 82 100
0 0 0 0 0 0 0 3 76 94 32 0 0 16 43 75 55 23 0 0 44 84 86 49 90 25 68 53 52 92 13 0 2 49 0 0 0 1 3 0 0 0 35 69 2 0 7 77 97 16 0 2 33 54 43 33 13 65 100 65 45 90 60 85 100 97 57 81 100 85 63 0 0 0 20 74 67 85 66 99 64 64 96 83 56 83 5 76 79 86 100 93 1 0 18 74
0 0 0 0 0 0 0 0 100 23 3 27 38 48 67 50 21 0 0 0 21 98 100 47 42 1 62 34 30 11 0 0 69 20 0 0 0 11 60 26 0 0 50 99 10 50 24 72 100 45 7 0 1 38 28 0 0 63 100 100 84 59 100 43 84 62 50 92 100 50 0 0 0 0 14 93 100 98 23 99 76 90 86 38 28 76 47 85 98 80 100 98 58 26 30 41
0 0 0 0 0 17 67 78 99 55 58 73 1 21 52 22 74 10 0 11 98 100 100 66 2 0 4 3 20 0 25 37 37 0 0 0 0 0 0 0 0 24 91 36 54 69 89 86 68 65 20 0 0 0 0 0 49 99 100 100 80 93 100 37 61 53 69 39 66 64 41 13 0 0 0 48 95 53 10 86 75 95 100 100 88 74 54 43 15 55 99 32 68 99 98 31
0 0 0 2 58 100 100 100 100 100 86 14 38 53 88 13 32 29 0 0 46 94 41 9 0 0 0 0 0 4 69 97 32 8 0 0 0 0 4 14 34 73 100 62 100 100 95 76 99 57 0 6 0 0 1 38 66 65 100 92 39 81 97 28 100 39 0 54 40 39 98 84 59 4 37 68 6 76 90 48 89 100 99 72 61 72 11 1 37 97 18 50 90 34 92 96
31 48 51 59 100 86 91 90 100 100 66 0 20 72 100 81 28 25 6 0 15 38 33 95 2 3 0 0 2 0 8 77 14 96 20 0 0 0 94 100 92 94 99 44 87 50 29 56 78 4 0 39 70 49 44 57 38 89 65 32 0 11 53 79 60 17 62 54 100 84 79 43 38 45 77 81 88 100 100 89 100 83 55 93 40 0 8 13 94 64 0 88 46 62 99 91
10 77 100 66 68 26 59 94 100 100 49 36 68 25 62 18 45 44 55 11 59 86 83 92 17 39 87 54 71 61 66 45 19 100 39 0 39 80 100 100 98 54 71 26 90 67 59 18 11 0 1 54 52 55 68 19 42 24 33 23 68 78 31 51 40 92 100 100 64 54 30 47 17 22 91 92 70 64 50 15 82 95 97 35 59 51 36 54 99 71 20 44 9 80 78 62
74 81 36 24 7 88 100 100 17 87 69 18 1 0 11 50 81 88 62 96 89 97 67 86 99 91 87 38 18 38 77 34 26 98 95 79 92 100 79 96 100 100 83 61 68 37 87 4 0 0 2 76 14 0 4 18 22 0 0 40 27 2 77 93 100 100 81 40 56 60 16 82 66 92 56 40 1 37 9 27 26 100 98 24 35 32 48 97 100 97 87 61 0 15 71 95
100 69 1 0 4 18 42 43 1 14 24 0 0 0 54 83 100 100 100 99 36 100 100 98 74 48 46 83 100 100 36 4 17 68 78 86 100 90 100 100 51 64 63 56 70 38 42 57 8 0 0 9 0 0 0 17 27 0 0 0 0 13 99 73 100 78 9 8 35 59 84 64 65 61 56 0 0 44 6 0 45 100 81 0 0 22 16 82 52 57 92 32 0 13 90 99
100 98 100 30 16 4 0 0 0 0 0 0 0 53 87 99 65 52 62 86 50 70 100 51 60 66 62 81 100 100 100 96 72 27 87 65 90 100 100 100 91 48 10 4 88 21 22 70 16 0 0 0 0 0 36 43 24 0 0 0 19 68 48 80 89 46 44 29 37 19 92 96 75 34 27 0 0 11 0 1 83 100 91 36 25 3 0 68 29 86 29 0 5 84 98 58
99 63 66 48 74 26 0 0 0 0 16 65 76 99 100 100 94 65 11 34 25 64 64 63 72 91 100 60 53 55 34 38 31 30 9 25 66 78 25 53 80 86 96 100 60 80 19 19 36 50 0 0 0 0 5 76 63 0 0 23 52 55 59 58 35 65 93 87 70 69 66 94 45 68 50 26 0 0 0 0 96 97 84 85 89 81 33 3 23 28 0 2 67 54 99 100
70 85 32 36 10 0 0 0 0 9 78 57 55 60 63 68 97 95 90 61 67 66 69 68 50 57 60 90 80 60 55 16 0 13 0 0 8 26 12 12 3 66 100 100 86 84 63 40 57 43 0 0 0 0 0 8 5 0 20 87 46 41 36 63 68 62 17 57 68 89 30 16 0 41 73 0 0 0 0 0 74 45 11 82 100 90 61 44 21 0 0 13 61 44 15 39
100 77 63 20 0 0 0 0 11 62 63 10 51 78 83 94 39 17 30 58 81 79 84 96 68 39 21 27 31 64 49 68 60 100 56 67 43 2 6 0 20 78 100 100 92 68 89 16 58 52 0 0 0 11 24 0 13 21 63 46 61 89 52 100 25 3 12 55 16 71 0 0 2 18 76 0 0 0 17 53 67 0 4 80 86 75 44 15 0 0 31 49 51 9 57 16
39 5 0 0 0 0 0 0 91 99 41 83 73 47 36 30 11 17 57 53 71 89 100 100 100 100 98 70 51 94 100 74 61 100 100 93 97 65 70 59 90 100 66 44 77 53 100 67 50 30 0 0 0 0 0 0 27 56 23 0 0 14 25 92 18 83 83 6 88 66 0 38 85 97 97 49 25 0 51 94 82 0 29 86 86 69 71 75 9 0 0 0 0 18 56 0
83 2 0 0 0 0 0 19 98 53 81 65 54 51 69 14 78 93 100 97 40 49 83 63 87 81 60 77 65 76 90 77 83 99 90 52 99 100 55 97 100 68 63 73 47 63 96 36 0 0 0 2 0 0 0 0 0 0 0 0 0 48 50 98 95 23 3 2 59 25 0 30 49 61 43 22 51 12 13 68 22 0 24 73 62 98 53 46 97 40 0 0 0 10 6 3
52 50 0 0 0 29 47 99 63 33 42 51 0 63 64 47 42 46 62 92 58 51 17 0 5 16 57 55 96 75 53 70 64 57 100 85 77 100 89 100 93 60 96 39 46 95 51 0 0 7 32 29 0 0 0 0 0 0 0 0 8 43 22 53 87 1 0 0 28 2 0 1 45 93 100 86 95 100 70 24 0 1 50 58 66 100 87 57 46 72 47 15 0 0 0 0
69 88 5 63 94 100 99 88 73 34 0 0 0 0 0 1 0 0 0 24 68 55 91 78 23 0 27 47 47 99 90 45 83 72 38 76 77 97 87 100 39 69 95 41 57 100 37 0 0 16 91 89 56 14 45 19 0 0 34 0 0 39 28 46 96 31 0 0 0 0 0 30 64 90 74 100 100 100 14 0 7 57 100 34 48 89 69 25 51 19 70 82 6 0 0 0
92 57 21 61 78 33 21 33 16 0 0 0 0 0 0 0 0 0 0 0 41 62 59 100 74 61 26 7 4 75 86 100 100 100 88 55 99 100 85 65 14 32 69 44 55 100 64 46 0 1 16 97 99 76 72 54 0 20 88 0 11 44 32 72 86 46 1 0 0 0 26 69 100 100 76 100 100 100 63 0 3 61 92 30 58 88 78 27 63 42 0 50 88 60 17 20
8 0 3 0 13 67 76 73 0 0 0 6 32 5 0 0 0 0 0 0 0 4 55 98 100 84 12 0 21 86 87 100 100 100 92 56 92 100 82 56 0 37 95 61 59 100 100 100 53 1 23 99 64 60 43 0 3 63 27 0 7 63 80 77 100 56 1 0 9 9 97 99 100 100 58 100 90 97 40 3 16 100 82 36 62 65 94 28 42 60 31 27 23 19 67 0
33 20 0 22 96 92 100 15 0 0 16 88 98 22 0 75 34 54 46 0 80 30 50 68 98 19 0 20 76 100 89 81 94 80 93 69 86 100 88 88 32 32 100 100 88 74 100 92 91 74 91 98 82 56 46 0 10 64 37 13 32 49 66 93 100 69 26 0 32 72 100 100 100 100 92 89 69 100 95 57 28 100 49 59 17 39 95 18 3 10 80 97 34 42 50 16
91 96 50 63 98 45 87 15 0 0 24 58 90 16 0 74 77 91 81 6 76 85 92 96 100 6 0 0 0 45 21 0 24 35 74 73 66 89 100 99 92 80 100 100 98 88 65 80 71 85 75 90 88 24 9 6 20 62 10 49 53 19 28 99 99 97 97 26 11 0 55 98 96 98 99 82 100 100 67 57 48 100 31 62 0 13 52 99 15 16 74 97 34 27 40 40
92 91 99 79 93 86 91 4 0 0 0 1 25 43 5 86 100 100 97 36 83 100 88 82 82 0 3 3 0 0 0 0 0 72 93 82 96 98 100 97 87 99 81 99 78 83 64 100 61 87 94 100 100 84 55 66 8 71 61 68 25 0 42 70 87 66 69 89 68 63 12 55 35 66 51 77 97 100 37 0 1 70 68 57 0 18 52 72 46 5 100 97 18 0 19 5
21 7 37 64 67 54 62 3 0 0 0 41 100 100 91 18 24 93 81 71 75 98 100 95 62 24 90 59 17 0 33 24 71 100 85 10 53 68 100 72 76 68 58 60 75 83 70 49 98 100 100 97 83 27 9 27 10 30 64 68 0 0 15 31 96 100 75 99 76 85 24 62 97 97 99 53 66 61 90 71 26 48 100 98 7 8 30 64 64 8 100 93 14 0 0 0
18 44 34 53 45 98 20 0 0 3 9 46 81 100 46 9 0 9 85 72 100 100 100 72 22 74 100 79 25 1 44 80 99 100 55 66 85 88 92 54 97 60 100 68 68 81 62 4 95 100 67 31 31 74 47 3 0 50 100 79 42 30 38 8 88 74 86 100 54 58 7 63 50 37 92 78 51 88 96 71 52 14 64 94 27 0 25 95 58 1 81 70 0 0 5 35
24 21 79 34 100 70 9 0 0 65 19 17 75 100 97 98 9 0 31 50 100 100 85 100 100 99 100 91 8 0 1 13 39 26 17 41 53 99 100 44 59 68 100 100 88 97 96 16 100 100 93 90 13 0 2 0 16 71 100 87 83 4 12 7 83 95 85 82 44 40 0 0 22 69 94 82 72 79 3 0 1 0 5 64 7 0 53 78 65 36 12 15 0 0 24 60
26 2 64 95 93 74 40 28 0 37 0 4 44 100 100 64 0 0 0 60 100 100 82 97 100 100 93 26 0 51 62 59 42 49 0 5 58 78 86 100 47 69 100 100 100 100 93 96 100 100 100 100 98 66 16 3 57 100 100 47 16 0 0 0 38 86 83 86 85 40 0 0 0 17 81 94 92 59 84 33 0 0 9 9 0 2 11 1 0 21 0 0 0 0 0 31
82 17 16 100 52 100 89 9 6 0 0 13 59 100 100 54 34 1 10 12 72 100 100 70 68 100 99 48 7 45 79 92 99 93 33 0 2 42 22 95 100 69 39 94 100 100 65 87 100 100 98 100 100 100 100 73 74 100 98 60 0 0 0 13 93 100 98 100 74 1 0 0 0 0 34 77 55 63 100 98 54 0 0 4 25 3 0 0 0 0 0 0 0 3 15 38
64 80 79 100 62 100 98 14 0 0 14 28 100 100 100 100 100 75 87 4 49 100 86 98 26 90 59 0 1 3 3 5 51 93 83 2 39 47 22 80 89 100 70 24 74 99 32 96 96 86 73 100 96 67 25 3 67 100 70 95 37 9 9 89 100 98 65 100 74 1 0 0 0 0 28 60 75 92 100 86 70 38 38 80 96 54 3 30 37 6 41 67 77 92 100 77
16 2 37 87 55 85 87 33 0 24 95 83 100 100 100 100 100 100 44 62 96 99 80 95 35 3 0 5 84 99 85 61 100 100 84 18 10 4 54 70 100 91 81 91 52 17 2 100 93 70 27 87 98 56 11 22 57 100 73 98 68 23 31 57 98 95 59 100 93 76 4 0 2 78 100 80 99 99 100 38 29 82 100 99 90 100 94 99 53 47 75 51 90 100 100 100
61 0 0 53 78 70 72 13 0 3 93 100 100 61 56 86 100 100 81 58 80 92 64 39 1 0 0 3 78 100 100 100 99 100 62 27 19 17 43 61 91 84 90 100 100 57 3 88 100 63 15 50 40 5 0 0 36 100 80 97 26 9 42 80 100 79 86 100 100 100 48 0 13 98 100 100 100 90 100 91 100 100 99 58 91 71 100 96 95 85 71 39 70 61 41 66
94 41 50 94 77 66 65 0 0 0 32 64 30 2 43 49 81 100 76 99 100 100 86 73 30 5 19 2 34 89 100 100 62 93 97 78 49 30 13 100 100 97 100 100 100 100 29 75 100 45 59 38 39 11 0 39 100 100 100 100 22 29 21 96 100 92 100 99 97 52 67 0 0 69 83 100 100 81 100 100 98 92 98 100 100 98 90 86 71 72 56 21 86 98 98 89
100 98 100 100 76 100 69 16 0 14 3 9 7 57 7 31 36 100 71 100 100 99 86 21 0 27 58 0 0 15 78 50 98 66 99 85 27 18 76 94 100 100 97 65 100 100 43 68 100 100 100 100 75 19 0 28 98 100 67 100 100 67 88 100 86 63 100 100 51 87 12 0 0 5 29 100 100 100 96 70 41 52 32 55 65 60 68 77 96 100 100 100 86 97 70 1
77 100 79 75 90 100 98 35 45 85 97 87 97 100 82 29 99 100 94 100 100 99 38 0 0 22 72 48 54 12 10 54 86 85 100 65 3 43 55 33 37 31 68 86 100 100 47 87 100 100 100 75 22 0 0 6 68 91 77 100 60 32 50 100 47 80 100 100 100 88 3 0 4 83 100 100 100 100 49 8 82 100 100 100 98 81 96 92 68 93 97 61 34 79 36 11
51 88 90 75 79 73 84 64 100 100 50 57 100 100 100 98 100 100 76 100 89 65 4 40 1 0 79 100 100 94 37 47 85 77 100 47 46 29 33 57 35 33 49 94 94 100 80 53 96 100 100 97 94 38 0 5 62 74 88 68 2 0 67 90 36 100 100 100 100 99 29 21 55 95 100 100 100 97 20 35 100 100 100 100 100 97 89 57 75 64 15 0 0 0 0 0
100 82 100 80 27 43 67 100 95 41 22 97 100 78 99 100 100 97 50 100 99 100 77 92 62 6 24 41 100 100 93 89 100 71 100 43 14 98 78 25 48 36 4 20 49 100 90 47 78 100 100 100 70 23 8 81 93 96 57 82 12 56 94 57 55 100 100 100 98 96 30 42 100 99 100 100 100 47 1 68 100 100 100 96 39 97 57 0 0 0 0 0 0 0 0 0
78 94 100 82 44 6 27 57 26 100 73 100 100 97 99 100 100 100 96 37 96 100 100 100 100 93 80 80 36 80 100 100 97 72 85 14 59 95 23 62 77 49 80 100 100 87 79 31 46 100 100 78 3 6 49 100 100 74 62 100 92 98 79 59 65 100 100 90 71 32 0 38 95 100 100 100 78 7 4 80 100 100 100 92 22 28 7 0 0 0 24 30 0 0 0 0
85 70 73 8 7 9 16 74 89 85 82 100 100 100 92 100 100 100 100 69 47 83 97 100 100 100 93 78 24 12 41 100 72 70 41 3 54 99 42 100 53 6 82 100 100 100 100 55 34 99 100 97 76 80 98 100 100 100 100 100 83 88 69 93 100 80 60 61 69 4 18 45 94 100 90 100 100 28 0 34 100 100 96 62 17 30 14 16 24 17 87 12 0 0 29 7
