data/habitatmaps/RS_maps/habitat_Linaria.cannabina_2007.asc
NCOLS 369 
NROWS 228 
XLLCORNER 479000 
YLLCORNER 73000 
CELLSIZE 1000 
NODATA_value -9 
[rows 124 to 185 of 228, columns 96 to 191 of 369]
8 8 14 11 13 15 17 45 59 11 50 92 76 34 11 40 4 42 40 85 95 73 14 6 40 38 21 8 0 1 66 40 26 1 12 1 0 0 0 0 0 0 22 38 58 97 94 87 68 69 97 64 56 88 56 35 14 59 63 32 52 89 100 67 11 31 0 0 0 0 0 0 6 2 0 0 0 2 0 0 0 0 2 58 34 28 86 100 88 69 83 88 66 42 41 60
8 14 14 10 40 78 55 53 62 50 28 87 77 55 45 41 62 90 72 87 96 92 66 69 5 43 44 18 10 2 84 98 52 8 1 3 0 0 0 0 0 0 1 18 57 85 57 77 81 68 61 53 35 90 41 34 82 50 78 47 51 83 66 9 21 0 0 0 0 2 0 21 12 0 35 28 26 17 20 4 0 0 0 6 31 11 78 95 30 17 38 8 8 33 25 47
10 53 44 16 44 48 1 20 50 60 33 10 3 66 59 53 52 48 51 66 56 66 66 72 76 68 83 51 60 43 44 51 76 60 10 1 12 4 0 0 0 0 0 2 11 26 53 78 42 45 42 33 83 29 20 59 89 31 21 36 60 34 2 29 0 0 0 16 14 28 40 64 38 22 100 90 66 84 44 14 27 24 30 32 5 40 17 24 11 12 8 30 14 40 70 55
19 96 29 88 33 0 0 16 45 43 28 12 15 6 11 56 27 26 26 10 12 60 72 86 77 89 79 66 78 59 63 8 8 57 96 56 16 14 9 0 0 0 0 0 0 0 0 30 0 0 23 66 35 30 43 12 13 2 11 17 5 8 2 0 0 11 18 20 44 20 32 71 66 71 88 76 100 100 100 77 32 14 22 49 50 43 44 26 5 24 37 59 54 52 54 10
22 100 86 58 25 15 16 47 63 12 54 59 72 42 59 53 62 44 51 40 80 81 66 100 100 100 100 100 98 100 99 88 77 10 9 53 43 60 80 5 8 1 0 0 0 0 0 0 0 0 37 37 18 54 47 0 0 14 8 33 9 1 0 0 38 14 10 37 16 2 57 94 79 100 14 64 100 100 100 81 34 29 30 32 27 74 16 35 71 83 67 52 82 79 88 84
22 58 43 29 6 80 37 24 47 4 30 52 84 64 77 2 69 58 64 56 82 86 98 100 100 88 95 80 41 54 74 99 99 70 49 9 2 63 61 0 9 1 0 0 0 0 0 0 0 46 60 30 5 39 6 0 0 0 6 0 0 0 6 3 4 16 64 100 100 17 63 70 52 12 49 100 100 100 94 6 32 47 67 100 52 45 7 50 92 38 21 4 17 61 93 53
9 58 55 41 5 84 53 50 59 42 19 40 66 40 54 57 33 26 53 60 80 76 98 100 69 43 70 78 25 60 100 100 100 100 100 92 50 37 70 33 0 0 0 0 0 0 0 0 0 0 0 1 4 7 0 0 0 0 0 8 28 18 6 6 73 84 100 100 100 84 100 81 16 0 71 100 98 79 51 44 11 5 19 96 31 1 0 5 60 96 72 22 8 13 78 25
38 79 28 4 8 82 62 51 12 6 9 83 53 51 54 57 70 59 89 98 100 100 100 100 88 15 0 27 32 86 98 99 95 92 86 76 78 26 10 0 6 1 25 9 32 23 1 0 0 0 0 0 0 0 0 0 0 2 2 16 3 0 6 62 64 100 95 55 51 62 99 60 29 6 97 100 59 24 51 43 26 2 26 63 65 84 28 35 32 50 89 82 6 5 12 10
57 64 42 77 70 36 58 26 12 18 75 64 56 63 45 45 72 63 43 65 97 95 68 46 41 61 35 45 63 73 64 89 87 88 70 31 33 28 18 17 68 57 45 30 39 61 70 22 3 0 0 0 0 0 0 0 2 8 0 4 18 41 88 74 68 22 37 73 24 88 70 81 100 86 100 94 66 52 24 0 5 22 80 24 74 82 96 53 37 14 49 88 15 1 0 0
69 51 34 26 78 56 73 59 58 35 80 45 55 38 12 97 100 98 99 99 42 28 36 34 75 95 96 77 85 96 91 100 83 52 81 40 71 47 28 43 8 35 62 94 34 84 32 55 31 5 0 8 29 14 0 0 2 41 12 42 96 100 94 78 85 74 98 96 75 82 100 100 100 100 77 94 32 2 0 0 2 66 94 16 82 10 60 92 60 80 80 53 69 3 0 0
57 54 22 17 72 44 59 76 28 62 89 51 18 51 91 100 100 100 100 99 52 49 61 89 90 71 58 61 70 67 56 77 65 69 72 54 22 6 2 9 48 36 11 62 50 78 88 67 16 0 0 25 21 3 15 0 0 8 17 0 42 71 41 64 78 83 87 66 64 85 90 91 100 64 54 12 0 0 0 0 0 18 99 76 100 77 15 49 88 67 40 92 39 0 0 0
34 44 40 64 83 68 22 50 45 82 94 71 81 85 100 100 100 100 100 82 71 76 91 69 74 76 41 38 32 26 61 25 38 47 44 7 0 22 42 50 61 92 19 50 87 56 45 48 20 9 19 2 77 62 34 27 14 0 21 7 3 4 6 15 18 15 11 48 31 37 38 48 100 23 39 1 0 0 0 0 0 1 21 69 91 100 73 2 14 80 89 90 57 4 0 0
12 38 48 82 71 49 82 67 47 100 95 99 100 100 100 100 100 85 95 84 78 65 49 65 76 45 42 8 12 29 58 42 66 24 2 0 1 30 94 100 95 96 66 31 74 83 92 20 38 25 27 71 100 72 71 43 93 60 4 7 42 31 23 32 35 70 45 26 44 12 17 56 87 32 59 43 0 0 0 0 0 0 0 8 80 100 66 0 2 64 94 96 61 12 1 0
11 27 24 25 75 63 60 75 89 100 100 100 99 90 87 100 100 37 54 72 62 25 27 54 79 52 92 87 80 84 100 53 26 23 7 4 12 84 100 98 74 61 35 45 63 81 15 10 5 24 25 100 99 19 69 97 60 100 54 40 0 6 79 53 46 36 38 58 80 20 35 17 37 2 12 21 3 0 0 0 0 0 10 51 74 67 7 0 25 80 96 91 74 54 41 0
63 38 41 23 43 27 46 56 100 100 98 63 60 35 49 84 72 70 71 81 29 49 78 77 79 51 100 100 95 98 100 72 61 47 16 15 36 100 100 68 17 15 50 44 73 68 13 64 48 63 64 100 100 95 94 85 100 93 3 7 9 24 61 100 98 29 28 74 77 94 67 9 3 6 2 2 0 0 0 0 0 0 5 8 10 6 0 0 44 89 93 55 58 35 30 0
28 52 31 26 16 41 44 48 66 58 64 51 52 82 46 46 73 45 86 68 25 65 64 65 100 100 85 63 58 76 51 97 88 40 30 82 87 100 93 62 4 24 35 71 65 55 40 52 92 40 77 100 100 19 36 67 98 56 16 0 26 0 6 92 99 10 0 3 46 27 5 18 68 5 6 0 0 0 0 12 15 2 5 0 0 0 0 0 7 11 86 94 98 31 0 0
34 34 30 41 42 32 47 26 53 90 63 30 23 47 22 55 63 90 67 74 61 68 50 82 100 100 82 99 65 68 23 72 99 54 11 85 100 100 46 31 54 37 93 50 16 41 80 48 82 41 100 98 44 0 49 99 100 100 78 13 5 37 62 90 100 41 14 34 58 21 4 27 65 56 46 1 0 0 0 8 72 27 0 0 0 0 0 0 0 1 11 60 92 70 6 0
45 71 44 33 61 46 19 84 54 17 41 41 57 64 28 28 83 86 49 49 49 33 62 100 100 100 99 98 88 45 33 97 96 88 87 100 100 97 54 54 14 35 43 80 16 82 64 21 72 94 100 40 60 2 21 99 95 69 95 55 23 31 50 100 100 93 96 68 6 0 1 32 24 45 4 3 0 0 0 0 16 39 0 0 0 0 0 0 0 4 6 49 41 94 18 2
48 68 50 59 65 23 79 99 87 27 36 45 61 83 53 46 93 69 67 73 51 22 51 69 100 98 80 63 94 56 85 100 96 95 100 100 99 74 50 35 30 42 81 53 14 44 65 17 23 29 72 75 87 79 71 100 61 48 98 27 79 8 65 100 100 90 18 0 0 0 2 20 16 45 0 0 0 0 0 0 0 0 20 51 36 49 55 34 10 10 31 73 95 95 39 73
17 77 60 79 72 17 53 100 100 95 75 78 42 53 49 75 64 85 82 74 53 32 52 97 100 100 90 69 100 82 84 100 100 98 100 100 100 43 40 50 73 50 56 39 73 82 38 22 73 30 46 71 99 46 56 28 1 96 97 48 77 22 25 32 70 11 0 0 0 0 0 0 0 0 0 0 0 0 0 0 0 0 0 0 6 4 4 27 43 81 58 43 53 83 88 100
83 62 75 99 97 26 34 83 75 70 98 83 51 24 69 59 76 71 21 42 100 100 100 100 100 97 59 97 66 48 92 100 87 98 97 100 66 64 48 80 63 79 55 52 100 95 28 40 66 71 75 67 27 1 1 16 59 100 99 47 28 3 16 24 5 0 0 0 0 0 0 0 0 0 0 0 0 0 0 0 0 0 0 0 0 0 2 32 61 63 94 31 70 99 100 100
47 99 59 50 53 71 93 73 84 60 99 92 43 20 85 99 80 95 51 31 68 92 96 99 98 100 80 16 32 48 50 88 74 14 23 60 100 69 35 73 71 23 92 80 53 99 83 49 25 36 60 83 13 0 15 87 100 100 63 74 36 17 0 0 0 0 0 0 0 0 0 0 0 0 0 0 0 0 0 0 0 0 0 0 0 15 49 61 64 54 16 28 77 99 62 88
75 98 79 93 78 72 84 45 88 100 75 44 41 41 82 73 78 68 59 56 66 88 85 22 36 52 59 75 80 82 64 80 99 64 56 97 65 26 81 100 93 45 90 48 67 93 10 59 98 78 54 84 91 21 66 100 100 95 58 21 32 55 51 0 0 0 0 0 0 0 0 0 0 0 0 0 0 0 0 0 0 0 0 0 6 23 19 6 5 7 12 71 95 99 44 4
63 66 76 86 89 93 94 98 100 82 44 55 92 60 98 78 80 46 83 97 43 58 86 68 35 38 62 83 100 100 82 95 95 96 98 95 65 52 70 97 100 84 41 58 58 86 67 45 100 98 100 93 78 22 10 51 85 50 43 56 23 50 45 1 0 0 0 0 0 0 0 0 0 0 0 0 0 0 0 0 0 0 0 0 0 0 0 0 9 48 86 100 97 74 26 28
31 97 68 76 92 100 100 99 93 40 12 56 77 46 76 96 61 60 80 79 16 95 95 93 74 49 64 86 92 100 96 92 50 100 74 66 64 44 43 58 98 88 28 74 64 42 23 0 16 14 58 75 68 21 0 0 34 18 24 85 56 45 27 2 0 0 0 0 0 0 0 0 0 0 0 0 0 0 0 0 0 0 0 0 3 28 46 35 58 100 98 38 50 85 75 4
41 93 71 78 69 55 84 72 34 50 25 61 74 45 66 81 51 65 19 79 32 91 95 94 81 49 70 95 90 86 67 4 49 91 62 28 21 12 38 94 100 100 58 48 26 48 46 73 75 34 0 8 3 5 0 0 0 0 71 56 71 74 5 0 0 0 0 0 0 0 0 0 0 0 0 0 0 0 0 0 0 0 0 0 0 6 58 100 99 99 56 33 89 45 9 75
87 46 68 72 76 64 99 29 63 78 31 40 67 81 93 88 33 89 92 99 57 37 51 50 31 45 100 100 85 88 54 21 56 85 62 45 30 5 60 100 76 40 71 42 37 63 50 55 59 1 0 0 0 0 0 0 0 0 70 85 71 23 5 0 0 0 0 0 0 0 0 0 0 0 0 0 0 0 0 0 0 0 0 0 10 48 95 99 92 23 62 45 40 54 83 85
78 89 94 50 16 55 53 42 79 34 39 44 45 41 74 82 89 96 99 100 59 47 39 47 51 51 50 97 26 15 75 96 82 88 28 37 17 19 94 51 64 92 36 30 48 10 34 30 29 0 0 0 0 0 0 0 0 0 10 3 2 4 0 0 0 0 0 0 0 0 0 0 0 1 0 0 0 0 4 12 7 0 0 3 64 54 98 44 42 73 82 18 0 51 54 100
100 70 82 71 7 51 87 41 71 58 58 35 60 98 61 79 63 45 33 84 49 30 68 30 71 64 50 82 67 50 99 68 47 22 16 4 65 64 84 32 89 98 43 12 15 25 0 1 4 0 0 0 0 0 0 0 0 0 0 0 0 0 0 0 0 0 0 0 0 0 0 0 0 9 0 0 0 0 8 9 10 10 69 32 91 95 74 25 47 61 10 10 52 100 100 100
29 67 55 84 45 95 86 43 36 56 1 33 78 91 40 54 81 61 72 70 93 72 65 34 92 55 52 98 83 88 100 50 59 50 98 53 45 64 25 17 84 91 68 16 51 0 0 0 0 0 2 0 0 0 0 0 0 0 0 0 0 0 0 0 0 0 0 0 0 0 0 0 0 6 6 0 0 26 14 9 7 20 98 100 99 35 52 100 30 18 13 94 100 72 96 100
63 46 30 56 57 11 29 37 45 3 23 17 54 5 38 51 61 73 76 78 100 100 100 36 81 88 65 49 97 100 100 72 68 36 65 39 79 33 0 52 92 60 31 51 34 8 0 0 1 38 4 0 0 0 0 0 0 0 0 0 5 0 0 0 0 0 0 0 0 0 0 0 0 0 9 3 22 68 20 35 23 70 100 100 42 36 60 51 22 59 85 84 37 72 92 87
96 59 70 79 10 12 40 60 56 59 60 51 42 42 66 91 80 100 64 100 100 100 83 27 55 26 48 28 73 100 98 51 50 88 74 37 5 0 15 96 97 39 9 44 13 8 12 15 67 72 34 7 0 0 0 0 0 13 12 12 48 24 0 0 0 0 0 0 0 0 1 0 0 0 4 6 84 100 30 98 99 100 95 38 67 96 49 0 24 98 100 100 60 36 32 47
38 71 56 39 10 44 83 99 58 53 60 52 69 77 69 26 80 100 66 100 100 100 59 29 25 66 78 79 91 100 100 94 60 52 37 86 60 29 89 99 60 22 30 13 35 25 30 66 99 85 12 2 0 0 0 13 4 86 64 90 91 39 1 0 0 0 0 0 0 0 2 2 0 4 0 52 100 100 62 100 100 100 46 62 93 31 8 50 65 92 77 13 12 15 20 6
23 52 61 81 42 50 72 92 55 45 51 52 80 27 24 24 80 96 89 100 100 98 60 29 70 87 64 65 86 100 99 70 24 96 100 91 23 42 98 64 89 70 4 4 28 7 57 76 76 14 0 0 4 64 27 59 77 70 96 100 64 10 0 0 0 0 0 0 0 0 0 6 61 12 0 30 100 97 55 88 67 40 55 75 19 7 62 100 100 100 47 0 0 0 0 48
44 62 54 76 60 72 87 72 52 50 72 34 50 28 23 65 38 97 100 100 100 97 97 69 59 43 68 48 58 75 88 16 91 100 100 100 42 24 55 78 63 36 0 0 0 12 23 19 2 0 2 15 31 83 81 67 61 86 90 40 12 0 0 0 0 0 0 0 0 0 0 28 10 0 12 20 99 62 23 65 17 16 59 16 3 56 100 97 100 94 40 0 0 0 8 92
16 23 70 35 53 38 99 100 99 75 80 10 31 9 18 78 93 99 100 100 100 100 92 57 63 47 31 40 3 43 88 21 4 27 26 44 0 0 40 62 1 0 0 0 0 1 6 1 9 38 88 100 74 31 78 80 89 64 15 0 0 0 0 0 0 0 3 0 0 0 7 68 0 3 32 93 96 14 14 35 3 60 20 28 72 100 56 34 42 52 6 0 0 10 64 63
46 43 36 46 53 62 78 100 98 76 74 53 57 1 45 75 76 98 67 78 100 99 58 31 50 50 77 61 33 35 5 0 0 0 0 0 0 0 55 49 0 0 0 0 0 1 8 62 90 100 71 71 67 44 16 4 20 0 0 0 0 0 0 0 0 0 1 6 0 10 81 69 0 53 8 100 73 18 52 33 53 10 51 97 100 100 78 4 0 0 0 0 2 33 10 48
68 87 54 40 78 45 50 99 57 67 42 48 30 7 100 94 51 96 89 90 100 93 56 81 65 42 84 43 41 30 2 0 0 0 0 0 13 26 12 29 0 0 4 9 2 0 70 75 86 88 33 48 51 52 30 0 0 0 0 0 0 0 0 0 0 0 0 4 62 95 67 7 19 73 51 55 18 12 18 43 13 18 89 100 100 98 40 17 7 3 0 0 0 0 0 0
44 69 44 57 100 53 82 80 18 80 14 47 50 47 91 97 92 88 99 100 89 78 91 100 97 86 36 5 32 1 1 0 0 0 0 24 77 59 61 8 35 77 90 93 25 18 50 97 52 58 42 21 38 38 0 0 0 0 0 0 0 3 1 0 4 30 68 87 76 51 6 11 72 100 97 41 22 84 57 15 28 29 64 100 69 46 76 99 91 92 18 0 0 0 34 63
67 97 98 97 100 76 100 28 16 90 58 47 86 84 100 100 97 93 92 32 23 80 72 51 16 67 46 0 0 0 0 0 0 0 0 0 3 2 62 40 78 47 82 17 0 6 62 96 55 35 13 43 9 0 0 0 0 0 0 0 0 9 7 0 80 100 100 100 82 8 18 87 79 54 26 41 42 16 38 51 15 63 100 100 79 80 100 100 100 99 62 0 0 0 40 91
100 74 60 89 100 100 100 57 93 63 49 99 95 99 97 54 79 82 15 4 31 3 0 24 70 53 1 0 0 0 0 0 0 0 0 0 0 7 63 25 26 75 68 2 3 15 77 99 48 1 25 2 0 0 2 12 0 2 9 8 49 40 9 30 97 100 100 93 49 37 78 38 19 67 37 19 38 7 24 1 11 51 56 70 79 53 41 68 91 100 76 42 21 5 63 55
82 95 100 97 100 100 100 100 93 55 45 35 34 80 12 8 89 36 0 0 0 0 19 86 24 0 24 28 0 0 0 1 15 43 2 12 24 63 99 9 36 79 12 22 50 0 24 83 60 21 57 0 0 0 31 76 10 12 87 48 8 34 91 100 100 91 55 64 67 71 49 32 54 72 36 11 6 22 47 33 16 9 35 35 35 22 89 73 35 14 81 100 100 69 18 97
50 95 92 46 72 100 94 86 23 53 38 50 72 98 46 33 96 1 0 0 0 9 62 78 29 0 57 56 11 0 1 63 88 47 34 7 34 85 29 8 83 88 58 94 74 10 33 85 38 38 57 0 6 0 32 42 10 66 100 71 10 26 90 100 100 96 64 34 6 3 86 69 71 9 8 17 12 66 44 45 5 31 3 30 18 76 24 0 8 45 70 99 100 73 0 38
45 49 48 28 20 35 56 44 14 32 46 14 45 49 3 10 12 0 0 0 3 4 6 51 62 91 93 56 64 35 48 97 75 92 98 61 24 55 25 39 29 98 100 100 96 34 100 55 20 24 42 4 68 38 75 48 6 52 100 88 84 48 100 100 100 99 48 38 9 56 90 15 7 27 4 50 50 84 100 98 59 2 29 56 69 75 15 7 31 22 49 65 100 64 34 85
4 32 29 42 10 50 78 53 27 91 48 3 64 85 5 0 0 2 0 0 8 8 4 29 14 33 88 65 90 96 94 92 43 23 70 99 71 11 30 1 2 89 100 96 100 100 67 15 22 9 44 65 53 84 99 40 50 87 39 63 80 30 100 100 100 96 88 69 89 88 31 34 28 5 19 21 24 100 90 51 24 24 47 76 17 0 0 0 2 54 28 66 100 84 97 100
40 32 5 6 68 73 19 4 6 51 5 3 74 82 11 0 5 35 1 6 3 4 34 16 9 2 23 85 98 72 32 53 33 7 7 39 88 33 22 0 1 23 52 57 27 63 42 31 16 6 13 46 22 97 13 14 56 95 50 53 91 46 100 100 93 61 83 90 65 34 26 26 3 33 0 21 87 100 87 97 89 83 98 39 0 0 8 70 65 81 55 100 100 100 100 69
53 25 2 5 59 39 0 0 0 0 0 58 100 54 7 0 2 78 12 84 4 46 96 45 22 0 32 79 36 7 0 17 11 41 57 36 13 2 5 0 0 1 39 50 38 54 45 57 44 24 53 61 46 23 49 41 8 24 37 18 9 38 56 78 21 2 47 28 18 54 32 8 68 60 0 100 100 100 92 75 92 30 53 41 0 6 78 100 74 44 67 100 100 100 100 89
56 68 79 69 52 15 0 0 0 0 0 18 98 100 39 55 84 48 20 100 98 100 53 19 9 0 16 22 0 0 0 0 8 3 41 40 4 8 4 1 37 30 48 63 76 44 29 25 0 3 12 18 18 52 30 4 1 24 24 26 11 10 10 22 23 38 2 8 83 53 12 25 100 87 65 100 93 76 17 22 72 6 2 5 6 62 69 71 46 74 100 100 97 100 100 42
55 72 14 1 0 0 0 0 0 0 5 38 80 100 52 91 98 18 31 92 93 80 21 0 4 0 0 0 0 0 0 0 0 0 0 0 2 8 5 0 26 72 93 71 56 47 0 0 0 0 0 0 0 0 0 0 0 3 0 14 10 34 26 27 26 1 0 15 71 42 0 6 95 100 100 100 35 0 0 2 10 0 0 0 36 68 62 77 43 59 98 30 68 100 85 26
100 68 13 2 3 0 0 11 21 60 82 89 56 98 14 44 40 18 71 67 29 10 0 0 0 0 0 0 0 0 0 0 0 0 0 0 1 0 0 3 15 6 8 0 0 0 23 2 0 16 18 0 0 0 5 0 0 0 0 1 2 14 18 10 0 0 0 13 30 10 20 70 43 84 100 100 25 2 26 15 20 20 3 3 80 100 100 64 27 62 81 5 91 75 18 65
81 47 79 93 81 43 18 89 40 49 88 59 100 100 40 18 15 11 54 60 5 0 0 0 0 0 0 0 0 0 0 0 0 9 3 5 1 8 3 3 2 1 0 11 28 27 37 3 0 50 28 21 0 15 27 5 0 4 6 3 10 0 0 36 4 0 16 14 20 70 43 22 21 59 94 100 25 46 93 74 78 80 14 42 80 97 70 16 7 76 77 43 100 63 0 62
19 33 57 99 100 99 91 97 87 51 63 63 24 100 89 58 36 13 43 9 0 2 2 3 0 0 0 0 0 0 0 0 0 2 12 7 4 10 6 8 6 9 15 59 38 18 4 14 32 26 41 0 0 7 56 25 29 40 8 5 5 0 1 10 1 6 64 96 35 7 0 27 41 85 71 58 60 100 100 40 58 65 46 94 100 100 94 19 6 41 24 79 60 12 18 20
75 64 92 98 83 23 34 88 33 22 64 100 98 93 28 10 22 3 3 0 0 11 7 28 0 11 4 0 0 0 0 0 6 36 3 15 63 48 0 1 6 58 20 0 0 21 1 45 14 73 32 22 2 0 0 7 0 2 64 17 10 21 4 64 20 0 4 42 89 25 2 0 32 84 23 12 42 77 70 40 30 65 96 80 100 100 80 61 79 41 20 0 4 23 1 44
64 78 75 16 2 41 90 88 58 27 30 85 98 48 45 4 11 0 0 0 0 4 9 0 5 4 0 0 0 0 0 0 3 10 51 94 90 84 11 59 63 98 62 34 42 0 1 25 0 24 78 16 18 3 4 26 3 2 36 9 10 35 0 56 30 1 4 16 75 55 83 7 66 42 0 13 0 0 55 23 54 67 73 73 100 100 72 27 22 74 35 8 0 5 29 9
19 74 45 0 2 87 72 21 28 16 6 52 48 4 0 2 0 0 0 0 0 0 0 0 0 0 0 0 0 0 1 3 20 39 17 50 27 64 89 88 34 66 9 19 78 7 8 36 17 8 87 49 54 57 73 66 40 2 9 9 34 61 32 78 51 20 78 78 54 88 97 33 98 34 0 0 0 0 37 95 98 52 44 4 7 51 100 88 42 80 75 8 0 46 37 16
23 10 1 0 29 34 1 8 76 23 6 9 0 0 0 0 0 0 0 0 0 0 0 0 0 0 0 3 2 0 28 22 1 0 3 0 48 39 77 63 5 0 0 16 82 38 6 54 0 18 98 79 1 24 82 50 72 63 36 9 41 48 10 85 100 41 100 100 100 100 100 85 74 12 0 0 0 3 63 100 100 38 4 0 0 5 44 62 99 56 26 56 32 29 23 18
7 0 0 13 2 0 2 3 12 8 12 1 0 0 0 0 0 0 0 0 0 0 0 0 0 0 0 0 15 17 1 5 12 35 47 0 6 4 86 62 46 10 2 9 10 77 27 77 1 4 49 59 1 4 79 57 69 68 47 9 20 0 6 80 99 50 94 96 100 100 100 34 0 0 0 0 8 37 12 78 93 56 93 50 6 12 17 3 23 56 1 6 39 35 10 0
5 30 43 92 90 33 17 33 74 61 8 4 0 0 0 0 0 0 0 0 0 0 1 0 0 0 15 19 5 2 3 8 88 47 0 0 0 10 79 95 100 36 0 4 26 66 17 81 22 0 2 13 44 92 76 83 99 52 6 13 14 15 61 32 54 66 73 57 100 100 100 47 14 29 0 0 90 100 34 44 100 99 80 86 28 39 35 7 0 13 0 0 44 58 19 0
0 69 98 97 80 15 15 43 42 9 36 1 0 0 0 0 0 0 0 0 0 0 15 1 42 17 4 21 64 41 32 28 100 62 30 7 0 18 44 65 100 88 15 39 52 48 28 64 8 0 5 47 89 75 55 96 40 22 0 11 19 18 58 8 43 100 74 47 91 96 100 99 84 70 0 67 86 29 70 93 95 36 24 27 43 45 0 18 0 20 0 0 1 14 0 5
57 82 79 34 24 0 0 0 5 30 7 0 0 0 0 0 0 0 0 0 0 0 33 10 35 37 0 70 100 100 77 80 100 91 42 3 35 2 5 39 74 16 4 71 95 43 25 40 22 0 3 14 41 20 26 31 28 19 33 43 49 47 50 9 21 70 63 21 10 50 96 97 16 46 0 48 57 64 44 62 39 30 25 14 2 0 0 3 4 0 0 0 0 0 0 14
90 100 69 16 5 19 7 0 0 4 4 0 0 0 0 12 0 0 8 28 0 0 3 9 46 47 0 18 98 100 100 93 39 44 63 16 54 10 24 64 38 32 2 70 73 54 51 0 0 16 29 68 80 24 9 29 20 2 59 48 68 31 54 14 0 0 3 0 5 85 100 51 66 22 31 42 80 29 12 44 18 8 0 0 0 0 0 0 1 3 21 29 0 17 30 39
90 96 65 44 35 71 35 6 0 0 0 0 7 2 9 41 0 14 71 14 1 0 0 41 56 35 0 41 100 100 100 34 62 31 73 26 75 45 32 60 73 26 18 71 85 44 34 2 0 23 31 65 29 15 6 5 0 7 41 47 46 44 43 29 3 0 0 0 0 51 53 43 50 62 17 53 29 55 58 0 14 0 9 30 65 31 9 13 0 1 44 47 44 32 81 31
