data/habitatmaps/RS_maps/habitat_Prunella.collaris_2008.asc
NCOLS 369 
NROWS 228 
XLLCORNER 479000 
YLLCORNER 73000 
CELLSIZE 1000 
NODATA_value -9 
[rows 138 to 206 of 228, columns 192 to 287 of 369]
40 29 3 25 4 81 87 94 23 0 19 62 68 85 49 33 53 77 88 100 56 16 16 51 11 76 42 52 47 19 83 95 98 38 47 100 87 93 97 100 100 100 65 31 98 100 93 23 3 84 100 98 67 45 70 78 87 40 24 27 1 0 0 1 8 11 51 19 1 22 51 100 100 100 80 27 40 15 18 0 0 0 7 34 45 11 93 25 28 21 4 0 0 0 0 2
33 21 53 33 29 46 74 89 0 0 38 80 75 56 23 55 80 77 87 100 79 2 14 53 53 99 42 77 70 88 90 100 28 52 86 100 98 87 40 74 100 100 50 1 88 50 79 30 0 55 95 100 99 75 81 100 100 58 33 11 15 41 2 1 16 38 50 13 32 66 100 100 100 100 88 7 0 2 70 1 0 0 15 66 72 41 54 18 33 44 19 0 0 0 0 0
44 59 87 48 83 83 28 15 1 8 56 33 99 79 42 82 26 90 100 87 2 5 10 35 90 73 96 98 80 100 75 63 45 86 100 100 100 100 100 100 100 76 7 31 52 32 11 13 31 44 86 100 100 100 100 100 52 33 18 19 33 6 17 11 39 47 31 70 41 36 59 87 100 100 100 52 3 45 77 9 9 0 10 16 22 26 46 63 90 45 0 0 0 0 0 0
90 32 100 84 41 2 13 14 18 9 28 86 65 47 25 90 71 70 86 84 54 5 55 90 69 82 100 100 100 96 31 3 18 82 100 100 100 87 80 88 66 28 13 1 0 0 0 3 1 43 100 94 100 100 99 62 1 30 17 13 56 19 24 74 15 61 100 53 64 72 32 27 44 96 63 5 0 0 7 35 7 0 0 32 39 28 89 99 63 3 0 0 9 67 9 0
63 35 54 42 9 37 17 25 9 12 42 100 80 28 10 19 75 75 94 100 85 62 68 15 98 97 100 100 98 100 92 14 1 18 80 100 100 87 22 19 3 0 5 0 0 17 0 20 16 96 100 61 33 58 58 4 46 18 35 68 100 90 63 34 60 85 38 53 4 21 7 41 36 34 3 0 0 5 0 11 4 0 0 0 60 100 95 87 6 0 0 9 61 40 3 0
78 37 1 34 39 73 41 6 11 7 65 64 8 45 38 82 55 9 40 89 41 14 11 11 83 65 22 50 38 46 34 32 37 0 57 71 74 42 16 6 0 0 0 6 1 20 38 82 89 95 86 49 62 48 50 75 49 76 65 77 34 38 69 46 60 8 0 0 10 1 0 0 0 0 0 9 40 53 51 85 38 0 1 28 9 35 65 42 2 10 5 61 92 20 22 0
35 22 64 76 93 12 1 12 83 13 38 82 99 100 93 56 19 10 38 4 7 2 22 14 1 9 8 62 82 62 19 58 49 1 5 21 17 12 30 10 0 0 11 26 32 43 13 97 100 100 98 33 91 100 97 88 75 100 100 60 77 98 20 7 0 0 16 45 5 15 25 3 18 7 44 60 99 75 90 73 83 8 15 77 65 53 52 3 27 35 29 52 100 85 29 0
0 31 99 55 78 81 58 57 88 86 76 100 100 100 59 11 0 0 0 1 43 0 0 0 0 9 28 11 0 0 64 96 68 21 15 13 10 16 0 0 0 13 25 29 30 41 40 51 93 67 95 91 91 77 98 83 73 100 100 84 88 87 1 18 0 0 2 4 43 28 11 37 40 27 44 100 100 71 96 100 63 7 40 100 65 78 84 24 65 50 30 79 100 87 10 0
0 4 0 70 83 86 63 76 20 70 100 100 100 48 18 13 23 1 0 0 24 20 0 3 1 18 38 26 0 0 0 4 21 49 9 23 7 0 5 0 0 25 40 18 2 58 57 23 83 51 97 100 92 81 64 57 76 96 42 52 72 32 44 15 9 19 29 13 63 81 8 4 26 48 73 100 100 93 100 99 23 1 10 64 75 97 100 32 75 14 71 100 95 15 0 0
1 36 24 52 24 73 76 65 30 90 84 31 23 1 0 0 4 0 0 0 3 24 24 25 6 0 0 31 38 55 67 62 64 66 71 57 25 15 48 14 13 5 0 0 0 5 64 70 43 49 100 98 99 49 39 29 38 99 91 76 51 27 42 42 65 28 7 12 20 31 34 6 55 32 15 74 87 77 97 100 14 9 2 10 7 16 67 97 77 72 100 98 31 1 1 0
32 11 45 44 79 100 100 71 93 92 21 29 21 0 0 0 2 5 12 9 3 13 11 1 0 0 0 1 9 29 47 84 100 88 100 99 76 50 73 59 65 23 0 0 0 0 25 52 29 55 95 47 68 43 58 82 97 87 85 11 22 41 64 37 32 37 83 51 21 18 70 84 100 62 27 100 100 42 75 100 26 62 93 25 1 10 24 44 70 98 100 87 39 46 51 61
5 21 36 66 97 100 99 78 88 54 24 29 1 1 11 4 41 71 74 60 18 0 0 0 0 0 0 0 0 21 34 24 36 0 50 50 71 88 91 88 82 36 0 0 3 0 7 56 28 48 92 22 40 87 84 100 87 72 37 49 38 11 48 0 75 97 88 45 76 43 100 100 99 88 29 100 100 100 83 47 33 100 96 19 19 25 56 85 100 100 66 51 49 88 44 89
54 77 94 100 100 100 92 86 38 9 5 1 18 35 49 70 89 89 52 62 40 24 2 9 0 0 0 0 0 0 0 0 0 0 0 1 3 40 30 48 17 0 21 37 5 0 0 22 34 69 100 54 43 99 97 100 73 44 77 100 100 86 76 8 82 17 17 94 15 54 100 75 39 22 0 11 69 100 49 6 18 100 78 16 24 0 5 23 91 100 100 100 100 82 44 100
17 91 86 86 83 83 87 86 8 32 19 28 57 50 33 91 42 15 3 3 60 67 40 58 30 26 38 15 0 0 0 0 0 0 0 0 0 0 46 3 0 0 3 4 0 0 3 43 72 97 100 98 75 50 30 67 77 69 75 100 100 52 49 2 5 77 97 98 42 78 100 72 51 40 64 36 20 88 88 32 78 100 84 13 20 0 0 0 0 60 100 100 100 90 94 97
46 49 100 88 100 81 63 10 31 66 59 50 100 42 45 45 37 54 38 8 28 36 83 100 97 89 62 28 3 0 0 0 0 0 0 0 0 0 11 1 1 23 0 0 0 0 34 90 99 94 65 71 98 52 67 18 43 57 93 100 92 57 79 47 13 99 100 100 75 99 71 99 64 22 13 17 0 10 53 80 100 99 66 4 28 0 9 34 1 5 53 85 100 100 100 100
31 11 95 37 8 12 3 8 32 66 89 63 100 100 100 82 91 100 100 72 25 17 8 36 85 100 81 42 45 1 0 0 0 0 0 0 0 0 0 0 0 0 0 0 0 0 49 100 100 84 8 11 51 86 55 72 87 99 68 100 100 61 72 52 4 69 100 100 100 76 52 76 51 1 0 0 0 18 91 100 95 62 18 9 53 0 17 83 57 52 3 18 94 100 100 100
8 44 86 43 17 57 77 70 85 100 97 100 100 100 100 100 100 100 100 100 54 15 1 9 33 39 75 95 92 25 14 0 0 0 0 2 0 0 0 37 54 4 0 0 0 0 33 54 100 98 84 2 1 18 35 49 100 80 22 100 89 47 53 0 0 55 99 100 85 62 76 49 9 0 0 0 0 6 48 100 98 59 15 15 37 0 28 82 58 72 75 4 8 40 83 87
50 94 98 100 91 55 36 29 60 85 64 87 76 97 100 100 100 97 100 100 100 83 15 0 2 32 92 100 79 15 13 0 0 0 5 21 0 0 0 29 98 53 1 0 0 0 0 0 47 99 77 3 1 24 67 100 97 39 79 100 93 36 25 0 0 44 99 100 91 91 3 2 0 0 0 0 0 1 69 99 89 33 17 33 43 21 22 62 72 60 76 45 61 41 19 100
62 87 100 85 36 18 25 86 87 91 89 13 15 85 100 25 66 35 48 100 22 53 29 0 15 87 100 80 24 0 7 13 4 13 5 18 0 0 0 1 69 69 0 0 0 0 0 5 9 26 9 0 0 5 48 100 88 41 75 91 79 54 34 0 0 31 74 100 68 28 0 0 0 0 0 0 0 1 10 57 81 26 5 53 86 59 25 82 97 90 17 19 76 59 33 84
36 9 62 56 23 0 30 87 100 100 80 39 20 89 100 26 23 8 16 89 27 10 1 0 8 96 100 87 99 55 77 90 78 57 17 18 0 0 0 0 3 22 0 0 0 0 0 13 17 0 0 0 5 51 71 88 78 41 69 40 49 85 72 1 0 0 3 74 84 100 45 2 3 1 0 0 0 0 33 54 68 24 20 57 100 72 64 14 85 84 17 21 77 73 45 60
38 16 5 25 8 19 39 97 83 100 100 90 54 60 95 14 0 0 2 48 21 0 0 0 15 99 97 95 87 100 100 100 100 28 5 9 3 0 0 0 0 0 13 1 0 0 0 0 3 0 0 0 0 11 30 32 85 33 30 15 68 100 71 23 0 0 0 10 27 37 91 47 64 33 0 0 0 0 63 100 99 51 10 58 100 82 52 52 44 95 0 16 88 100 81 95
85 93 2 35 33 16 59 65 83 16 81 53 5 16 9 82 76 7 1 19 23 1 0 5 38 76 15 45 83 100 67 76 29 0 8 47 16 0 0 0 0 0 28 27 0 0 0 0 0 0 0 2 11 53 76 81 86 74 39 24 83 100 90 78 16 0 0 0 16 10 76 59 13 3 0 0 0 0 10 44 74 68 20 34 95 92 75 55 39 92 0 20 91 100 100 100
88 61 73 48 58 34 87 86 6 78 83 36 13 0 54 94 93 70 5 4 0 0 0 29 85 36 9 30 75 99 56 15 4 0 33 23 0 0 0 0 0 0 0 21 1 0 0 0 0 0 26 53 46 17 52 97 100 66 4 14 52 68 62 92 12 17 9 0 31 41 95 53 49 63 7 0 0 0 7 42 61 91 57 37 82 100 75 20 46 95 19 30 100 100 95 65
80 79 47 71 7 36 94 100 84 34 57 57 17 0 3 16 94 90 46 34 0 0 0 0 7 6 1 8 92 100 99 79 55 52 62 41 29 0 0 0 0 0 0 0 0 0 0 0 0 0 7 10 81 90 89 100 84 29 0 9 9 66 81 93 17 3 3 0 37 55 100 100 72 8 0 0 0 22 97 100 99 100 97 57 95 100 47 22 35 64 88 85 100 100 76 40
83 98 57 19 0 45 73 81 100 62 98 76 37 0 0 36 100 94 88 40 0 0 0 0 0 0 19 81 99 48 38 41 56 49 100 76 28 20 9 0 0 0 0 0 0 0 0 0 0 0 0 0 2 34 84 97 47 15 0 35 81 98 100 98 48 9 0 0 10 53 100 100 100 74 7 0 0 2 40 78 100 100 94 94 100 98 89 99 100 84 100 100 100 95 90 69
43 89 89 18 0 3 29 95 94 100 100 64 27 0 0 46 66 99 90 88 29 0 0 7 21 0 15 68 93 38 14 5 1 7 67 95 87 59 52 3 0 0 0 0 0 0 0 0 0 0 1 0 0 0 0 24 36 15 0 27 74 100 100 79 5 0 0 0 18 92 100 100 91 100 60 23 45 27 7 16 55 100 100 96 82 98 100 100 100 100 100 100 100 94 81 62
57 47 41 5 0 1 27 91 100 91 84 69 0 0 0 0 0 25 13 88 38 0 0 0 49 8 32 99 99 96 83 74 34 5 12 97 61 48 52 1 0 0 0 0 0 0 0 0 0 5 32 2 3 22 60 95 38 7 0 3 46 91 91 17 0 0 0 0 18 91 100 100 81 63 76 40 18 7 0 14 36 73 75 46 32 67 98 74 63 94 59 29 23 8 0 23
89 99 72 14 0 0 14 77 98 78 5 20 0 0 0 0 0 0 39 24 0 0 0 3 51 95 79 87 16 1 15 39 0 0 14 82 90 95 46 12 0 0 0 0 0 0 0 0 0 30 81 14 1 32 84 81 60 11 0 1 21 72 69 38 1 0 0 0 5 21 94 100 98 25 9 20 0 0 0 58 67 31 12 14 12 30 29 15 18 40 17 33 7 0 0 0
52 100 100 48 0 0 31 91 100 97 18 0 0 28 38 9 0 0 13 23 0 5 24 45 94 100 100 96 20 0 0 0 0 0 40 80 85 89 49 50 12 0 0 0 0 0 0 0 0 26 80 50 60 95 100 100 71 10 0 2 55 83 39 13 0 0 0 0 0 0 52 100 87 2 0 0 0 0 0 0 0 0 1 28 9 29 3 6 0 0 0 27 0 0 0 0
33 73 67 25 0 0 37 100 100 100 78 45 74 96 46 35 13 0 0 0 0 0 9 22 64 95 81 98 54 9 0 0 0 0 3 22 47 80 91 5 0 0 0 0 0 0 0 0 0 45 59 71 74 93 100 64 8 0 0 0 61 68 56 3 0 0 0 0 1 48 26 95 100 31 11 0 0 0 0 0 0 0 0 0 0 1 0 0 0 0 9 23 0 0 0 7
16 18 12 2 0 0 47 89 100 90 98 94 94 43 95 73 43 0 0 0 0 0 6 56 76 73 41 100 93 88 25 32 0 0 1 15 49 79 34 4 0 0 13 30 0 0 0 0 0 2 3 0 22 84 100 79 10 0 0 0 0 43 11 0 0 0 0 0 48 20 78 85 100 96 69 0 0 0 0 0 0 0 0 0 0 0 0 0 0 0 0 0 9 2 21 86
28 0 0 0 0 0 14 72 57 19 10 16 3 0 30 78 2 0 0 0 0 0 41 97 100 74 29 51 46 88 93 56 3 0 0 34 91 57 42 45 42 52 45 10 0 0 0 0 0 0 0 17 62 99 100 96 29 0 0 0 50 79 48 0 0 0 0 0 0 19 98 100 96 21 9 0 0 0 0 0 0 0 0 0 0 0 0 0 0 0 3 39 49 14 48 76
53 0 0 25 21 37 34 36 0 0 33 29 0 0 0 2 0 0 0 0 11 33 90 73 99 82 18 2 0 7 69 65 0 0 0 36 52 71 50 45 59 67 36 4 4 0 0 0 0 0 0 2 5 72 100 93 16 0 0 26 98 97 28 0 5 0 0 0 0 5 68 88 58 5 0 0 0 0 0 0 0 0 0 0 0 0 11 43 24 28 74 100 95 82 84 97
3 0 0 20 82 71 33 0 3 41 62 2 0 0 0 0 0 0 0 0 1 0 16 25 41 92 63 40 0 0 7 15 0 0 0 38 81 7 34 78 58 66 95 69 39 0 0 0 0 0 0 1 48 85 95 34 3 0 0 18 79 32 4 1 16 0 0 0 5 30 70 74 6 1 0 0 0 0 0 0 0 0 0 4 61 14 43 100 100 100 100 100 100 65 64 63
0 0 0 19 71 96 73 29 49 0 26 0 0 0 0 0 0 0 0 0 0 0 0 9 2 27 22 33 49 13 0 0 0 0 9 72 55 14 75 49 26 61 32 8 0 9 14 0 0 0 0 27 98 96 67 9 0 0 0 0 7 1 0 5 23 2 13 7 51 79 100 56 3 0 0 0 0 0 0 0 0 0 0 8 83 80 93 100 100 99 72 68 100 100 100 100
0 0 26 92 93 91 84 27 7 0 0 0 0 0 5 0 0 0 0 0 0 0 0 0 0 0 5 18 76 62 42 0 0 13 43 97 36 1 63 3 38 96 18 0 0 0 0 0 0 0 0 3 31 46 20 4 0 0 0 0 11 8 0 1 1 40 54 30 46 97 84 66 9 0 0 0 0 0 0 0 0 0 4 38 83 74 86 93 84 80 5 83 100 100 81 95
0 24 79 59 30 45 5 0 0 9 4 0 0 0 33 39 52 29 0 0 0 0 0 0 0 0 22 9 0 72 83 9 0 22 45 65 61 3 21 3 74 100 66 27 0 0 0 0 0 0 0 0 0 35 18 0 0 0 0 0 29 3 0 0 15 70 96 56 98 86 0 0 0 0 0 0 0 0 0 0 0 0 0 29 53 0 11 9 11 18 3 93 87 46 37 94
0 2 50 49 5 0 0 0 0 0 60 75 43 40 41 32 49 1 0 0 0 0 0 0 0 0 0 0 0 36 80 19 0 0 7 56 29 0 0 14 43 64 91 32 3 0 0 0 0 0 0 0 1 31 30 0 0 0 4 0 5 0 0 0 0 0 33 89 100 8 0 0 18 13 0 0 0 0 0 0 0 0 36 9 0 6 39 27 0 0 14 94 90 41 69 99
0 0 47 28 0 1 28 47 15 42 92 100 100 92 98 28 14 28 15 2 14 1 0 0 0 0 0 0 0 0 2 88 21 0 0 18 20 0 0 0 2 82 91 60 14 0 0 0 0 0 0 0 0 4 3 0 0 7 42 0 0 0 0 0 0 0 6 60 88 0 0 12 15 27 8 12 0 0 0 0 0 0 2 0 7 31 31 23 37 27 48 100 67 52 37 78
0 4 90 44 59 55 52 97 94 79 78 87 41 63 46 41 14 3 1 22 54 53 2 0 0 0 0 0 0 0 1 27 59 16 3 0 0 0 0 11 41 47 65 100 9 2 0 0 0 0 0 0 0 0 0 0 0 0 1 0 0 0 0 9 40 12 1 44 63 50 84 46 39 83 68 6 0 0 0 0 0 0 0 0 20 51 27 58 74 100 100 100 60 40 19 0
0 13 65 53 77 80 98 99 89 50 18 23 5 0 24 6 14 7 5 14 0 5 0 0 0 0 0 0 0 0 6 22 32 85 77 14 13 0 0 13 81 95 94 83 34 68 3 0 0 0 0 0 0 0 0 0 0 0 0 0 0 0 0 0 5 71 52 22 60 95 97 98 98 99 100 96 46 7 0 0 0 0 0 0 0 48 2 47 26 65 100 100 100 85 54 56
0 0 18 23 16 65 91 80 100 52 61 35 0 0 2 1 2 0 7 2 0 0 4 21 0 0 0 0 0 0 0 1 8 27 73 28 45 0 0 35 67 77 93 79 90 66 42 56 0 0 0 0 0 0 0 0 0 0 0 0 0 0 0 0 2 84 99 83 95 90 68 48 76 100 100 100 100 49 0 0 0 -9 0 0 0 24 1 0 33 99 89 49 93 100 100 98
0 12 23 11 14 89 63 20 88 77 41 26 10 0 25 11 0 0 0 0 0 0 22 23 9 0 0 0 0 0 0 0 0 41 37 1 0 0 0 0 7 37 49 64 99 93 77 24 0 0 0 0 0 0 0 0 0 0 0 0 0 0 0 2 32 61 89 100 94 95 32 2 10 63 96 33 88 89 10 0 31 -9 -9 0 0 2 0 0 16 61 61 51 81 82 87 100
0 1 0 0 5 8 2 16 55 77 2 1 25 23 12 2 0 0 0 0 0 0 5 43 15 0 0 0 0 0 0 0 11 42 46 42 17 1 0 0 0 3 0 39 61 35 18 2 0 0 0 0 0 0 0 0 0 0 0 0 0 0 0 36 70 100 100 80 49 96 58 75 29 28 36 0 43 42 0 4 -9 -9 -9 -9 -9 0 0 8 17 39 30 50 87 50 10 31
21 0 0 2 17 0 0 28 34 8 0 0 0 0 0 0 0 0 0 0 4 29 7 0 0 0 0 0 0 0 0 0 0 43 23 33 38 2 0 0 0 0 0 11 1 9 0 0 0 0 0 0 0 0 0 0 0 0 0 0 0 0 0 10 19 64 94 27 29 100 37 13 6 0 12 0 2 0 0 0 -9 -9 -9 -9 -9 -9 0 0 0 2 16 40 100 99 46 51
10 0 0 11 76 14 0 0 0 0 0 1 0 0 0 0 0 0 0 0 4 10 0 0 0 15 39 9 0 0 0 0 0 5 12 0 0 0 0 0 0 0 0 1 0 0 0 0 0 0 0 0 0 0 0 0 0 0 0 2 0 0 0 6 43 0 0 0 65 40 18 16 16 0 0 0 0 0 0 6 -9 -9 -9 -9 -9 -9 -9 -9 -9 -9 53 96 100 100 93 30
6 0 0 3 40 71 61 50 10 20 34 1 0 0 0 0 0 0 0 0 0 0 0 0 0 0 11 35 0 0 0 0 0 0 0 0 0 0 0 0 0 0 0 0 0 0 0 0 0 0 0 0 0 0 0 0 0 0 1 41 22 2 5 8 64 73 34 0 9 40 10 0 0 0 0 0 0 0 0 0 -9 -9 -9 -9 -9 -9 -9 -9 -9 -9 -9 -9 -9 -9 -9 1
0 0 0 0 65 66 31 45 5 27 20 0 0 0 0 0 3 3 0 0 9 1 0 0 0 0 0 0 0 0 0 0 0 0 0 0 0 0 0 0 0 0 0 0 0 0 0 0 0 0 0 0 0 0 0 0 0 4 15 55 34 48 68 62 87 59 7 0 0 33 8 0 0 0 0 0 0 0 0 -9 -9 -9 -9 -9 -9 -9 -9 -9 -9 -9 -9 -9 -9 -9 -9 -9
0 0 0 2 74 47 0 0 0 17 9 26 23 2 5 6 24 58 54 39 39 1 0 0 0 0 0 0 0 0 0 0 0 0 0 0 0 0 0 0 0 0 0 0 0 0 0 0 0 0 0 0 0 0 0 0 0 0 0 11 39 83 63 47 9 1 0 0 0 26 0 0 0 0 0 0 0 0 -9 -9 -9 -9 -9 -9 -9 -9 -9 -9 -9 -9 -9 -9 -9 -9 -9 -9
0 0 0 0 0 0 0 0 0 0 15 7 20 17 6 1 6 18 32 20 7 0 0 0 0 0 0 0 0 0 0 0 0 0 0 0 0 0 0 0 0 0 0 0 0 0 0 0 0 0 0 0 0 0 0 0 0 0 0 19 26 56 0 0 0 0 0 0 0 0 0 0 0 0 0 0 0 0 -9 -9 -9 -9 -9 -9 -9 -9 -9 -9 -9 -9 -9 -9 -9 -9 -9 -9
0 0 0 14 23 5 0 0 0 0 0 0 0 3 2 0 0 0 0 0 0 0 0 0 0 0 0 0 0 0 0 0 0 0 0 0 0 0 0 0 0 0 0 0 0 0 0 0 0 0 0 0 0 0 0 0 20 58 10 62 31 0 0 0 0 0 0 0 0 0 0 0 0 0 0 0 0 -9 -9 -9 -9 -9 -9 -9 -9 -9 -9 -9 -9 -9 -9 -9 -9 -9 -9 -9
0 0 0 18 41 3 0 0 0 0 0 0 0 0 0 0 0 0 0 0 0 0 0 0 0 0 0 0 0 0 0 0 0 0 0 0 0 0 0 0 0 0 0 0 0 0 0 0 0 0 0 0 0 25 13 1 21 98 69 38 0 0 0 0 0 0 0 0 0 0 0 0 0 0 0 0 -9 -9 -9 -9 -9 -9 -9 -9 -9 -9 -9 -9 -9 -9 -9 -9 -9 -9 -9 -9
-9 -9 0 0 0 0 0 0 0 0 0 0 0 0 0 0 0 0 2 18 0 0 22 24 18 27 2 0 0 0 0 0 0 0 0 0 0 0 0 0 0 0 0 0 0 0 0 0 0 0 0 0 9 44 78 60 58 95 50 47 58 13 13 0 0 0 0 0 0 0 0 0 0 0 0 0 -9 -9 -9 -9 -9 -9 -9 -9 -9 -9 -9 -9 -9 -9 -9 -9 -9 -9 -9 -9
-9 -9 -9 0 0 0 0 0 0 0 0 0 0 0 0 0 0 0 0 32 47 47 46 40 37 18 2 0 0 0 0 0 0 0 0 0 0 0 0 0 0 1 0 0 0 0 0 0 0 0 0 0 7 3 21 51 65 17 22 29 52 35 5 1 10 3 0 0 0 0 0 0 0 0 0 0 -9 -9 -9 -9 -9 -9 -9 -9 -9 -9 -9 -9 -9 -9 -9 -9 -9 -9 -9 -9
-9 -9 -9 -9 0 0 0 0 0 0 0 0 0 0 0 0 0 4 12 46 53 33 31 24 22 0 0 0 0 0 0 0 0 0 0 0 1 0 0 30 30 19 0 0 0 0 0 0 0 29 8 6 0 11 35 26 19 19 0 0 4 14 36 57 51 45 3 9 0 0 0 0 0 0 0 -9 -9 -9 -9 -9 -9 -9 -9 -9 -9 -9 -9 -9 -9 -9 -9 -9 -9 -9 -9 -9
-9 -9 -9 -9 -9 0 0 0 0 0 0 0 0 0 0 0 4 58 78 34 1 2 33 1 17 0 0 0 0 0 0 0 0 0 0 8 52 19 5 43 33 21 9 9 0 0 0 0 12 31 27 21 0 0 25 17 35 0 0 59 64 0 0 5 31 84 50 54 0 0 0 0 0 0 -9 -9 -9 -9 -9 -9 -9 -9 -9 -9 -9 -9 -9 -9 -9 -9 -9 -9 -9 -9 -9 -9
-9 -9 -9 -9 -9 -9 7 6 0 0 0 0 0 4 2 0 0 0 0 2 9 0 16 37 5 0 0 0 0 0 0 0 0 0 3 8 33 23 13 49 17 31 7 2 0 0 0 0 9 3 11 25 0 0 35 6 0 0 0 16 4 0 0 14 30 45 66 3 0 0 0 0 0 0 -9 -9 -9 -9 -9 -9 -9 -9 -9 -9 -9 -9 -9 -9 -9 -9 -9 -9 -9 -9 -9 -9
-9 -9 -9 -9 -9 -9 -9 16 0 0 0 0 0 4 0 0 0 0 0 18 6 0 18 9 9 0 0 0 0 0 0 0 0 13 35 3 0 0 22 29 11 0 0 0 0 0 0 0 0 0 6 4 0 0 13 3 0 0 0 0 0 0 0 2 24 0 0 0 0 0 0 0 0 -9 -9 -9 -9 -9 -9 -9 -9 -9 -9 -9 -9 -9 -9 -9 -9 -9 -9 -9 -9 -9 -9 -9
-9 -9 -9 -9 -9 -9 -9 2 0 6 12 0 0 0 0 0 0 6 0 4 2 0 7 0 0 0 0 0 0 0 0 0 0 0 0 0 0 0 41 31 13 0 0 0 0 0 0 0 0 0 0 0 0 0 0 1 0 0 0 0 0 0 0 0 0 0 0 0 0 0 0 -9 -9 -9 -9 -9 -9 -9 -9 -9 -9 -9 -9 -9 -9 -9 -9 -9 -9 -9 -9 -9 -9 -9 -9 -9
-9 -9 -9 -9 -9 -9 -9 -9 3 36 20 35 0 0 1 0 0 5 0 15 12 0 0 0 0 0 0 0 0 0 0 0 3 0 0 0 0 0 34 14 15 0 0 0 0 0 0 0 0 0 0 0 0 0 1 18 0 0 0 0 0 0 0 0 0 0 0 0 0 0 -9 -9 -9 -9 -9 -9 -9 -9 -9 -9 -9 -9 -9 -9 -9 -9 -9 -9 -9 -9 -9 -9 -9 -9 -9 -9
-9 -9 -9 -9 -9 -9 -9 -9 -9 6 59 59 74 56 51 52 0 0 0 0 0 0 0 0 0 0 0 0 0 0 0 21 5 0 0 0 0 0 16 9 0 0 0 0 0 0 0 0 0 0 0 0 0 0 20 45 17 6 5 10 3 0 0 0 0 30 8 0 0 -9 -9 -9 -9 -9 -9 -9 -9 -9 -9 -9 -9 -9 -9 -9 -9 -9 -9 -9 -9 -9 -9 -9 -9 -9 -9 -9
-9 -9 -9 -9 -9 -9 -9 -9 -9 41 31 8 7 44 49 17 7 0 0 0 0 0 0 0 0 0 0 0 0 0 0 0 0 0 0 0 0 0 17 0 0 0 0 0 0 0 0 0 0 0 0 0 0 8 29 63 6 1 3 0 3 0 0 0 0 8 5 0 -9 -9 -9 -9 -9 -9 -9 -9 -9 -9 -9 -9 -9 -9 -9 -9 -9 -9 -9 -9 -9 -9 -9 -9 -9 -9 -9 -9
-9 -9 -9 -9 -9 -9 -9 -9 -9 -9 31 0 23 62 79 61 55 0 0 0 0 0 0 0 0 0 0 0 0 0 0 0 0 0 0 0 3 6 2 0 0 0 0 0 0 0 0 0 0 0 0 0 0 13 1 8 0 0 0 0 0 0 0 0 0 0 0 0 -9 -9 -9 -9 -9 -9 -9 -9 -9 -9 -9 -9 -9 -9 -9 -9 -9 -9 -9 -9 -9 -9 -9 -9 -9 -9 -9 -9
-9 -9 -9 -9 -9 -9 -9 -9 -9 -9 -9 0 52 15 7 23 0 0 0 0 0 0 0 0 0 0 0 0 0 0 0 0 0 0 0 0 9 33 4 0 0 0 0 0 0 0 0 0 0 0 0 0 0 0 0 0 28 0 0 0 0 0 0 0 0 0 0 0 -9 -9 -9 -9 -9 -9 -9 -9 -9 -9 -9 -9 -9 -9 -9 -9 -9 -9 -9 -9 -9 -9 -9 -9 -9 -9 -9 -9
-9 -9 -9 -9 -9 -9 -9 -9 -9 -9 -9 -9 -9 22 39 76 0 0 0 0 0 0 0 0 0 0 0 0 0 0 0 0 0 0 0 0 0 9 0 0 0 0 0 0 0 0 0 0 0 0 0 0 0 0 0 0 0 0 0 0 0 0 0 0 0 0 0 -9 -9 -9 -9 -9 -9 -9 -9 -9 -9 -9 -9 -9 -9 -9 -9 -9 -9 -9 -9 -9 -9 -9 -9 -9 -9 -9 -9 -9
-9 -9 -9 -9 -9 -9 -9 -9 -9 -9 -9 -9 -9 -9 32 5 0 0 0 0 0 0 0 0 0 0 0 0 0 0 0 0 0 0 0 0 0 0 0 0 0 0 0 0 0 0 0 0 0 0 0 0 0 0 0 0 0 0 0 0 0 0 0 0 0 0 0 -9 -9 -9 -9 -9 -9 -9 -9 -9 -9 -9 -9 -9 -9 -9 -9 -9 -9 -9 -9 -9 -9 -9 -9 -9 -9 -9 -9 -9
-9 -9 -9 -9 -9 -9 -9 -9 -9 -9 -9 -9 -9 -9 -9 -9 -9 0 0 0 0 0 0 0 0 0 0 0 0 0 0 0 0 0 0 0 0 0 0 0 0 0 0 0 0 0 0 0 0 0 0 0 0 0 0 0 0 0 0 0 0 0 0 0 0 0 -9 -9 -9 -9 -9 -9 -9 -9 -9 -9 -9 -9 -9 -9 -9 -9 -9 -9 -9 -9 -9 -9 -9 -9 -9 -9 -9 -9 -9 -9
-9 -9 -9 -9 -9 -9 -9 -9 -9 -9 -9 -9 -9 -9 -9 -9 -9 -9 -9 0 0 0 0 0 0 0 0 0 0 0 0 0 0 0 0 0 0 0 0 0 0 0 0 0 0 0 0 0 0 0 0 0 0 0 0 0 0 0 0 0 0 0 0 0 0 -9 -9 -9 -9 -9 -9 -9 -9 -9 -9 -9 -9 -9 -9 -9 -9 -9 -9 -9 -9 -9 -9 -9 -9 -9 -9 -9 -9 -9 -9 -9
-9 -9 -9 -9 -9 -9 -9 -9 -9 -9 -9 -9 -9 -9 -9 -9 -9 -9 -9 -9 -9 0 0 0 0 0 0 0 0 0 0 0 0 0 0 0 0 0 0 0 0 0 0 0 0 0 0 0 0 0 0 0 0 0 0 0 0 0 0 0 0 0 0 0 0 -9 -9 -9 -9 -9 -9 -9 -9 -9 -9 -9 -9 -9 -9 -9 -9 -9 -9 -9 -9 -9 -9 -9 -9 -9 -9 -9 -9 -9 -9 -9
