data/habitatmaps/RS_maps/habitat_Prunella.collaris_2000.asc
NCOLS 369 
NROWS 228 
XLLCORNER 479000 
YLLCORNER 73000 
CELLSIZE 1000 
NODATA_value -9 
[rows 138 to 206 of 228, columns 96 to 191 of 369]
0 0 0 0 0 0 0 0 4 56 12 0 0 0 0 0 0 0 0 0 0 0 0 0 0 34 3 0 0 0 10 6 0 0 0 0 0 13 21 0 0 0 0 0 0 0 0 0 7 34 13 14 55 7 8 39 0 0 0 0 0 0 0 0 0 4 0 0 0 0 0 4 81 96 22 17 0 0 27 12 0 0 28 35 77 92 78 64 84 25 67 16 39 83 100 63
0 0 0 0 0 0 0 0 0 0 0 0 0 0 0 0 0 0 0 0 0 0 0 0 39 25 0 0 0 0 3 3 0 0 0 0 0 0 0 0 0 0 0 0 0 0 0 0 21 92 32 0 55 86 73 84 39 1 0 0 0 0 0 0 26 10 0 0 0 0 11 48 100 71 87 34 5 0 5 42 18 31 34 61 45 99 40 39 95 95 75 13 27 99 63 31
0 0 0 0 0 0 0 0 0 0 0 0 0 0 0 0 0 0 0 0 0 0 0 16 33 0 0 1 17 0 23 28 0 0 0 0 0 0 0 0 0 0 0 0 0 0 0 16 18 80 40 2 65 100 84 65 25 0 0 0 0 0 0 0 1 10 0 0 10 56 92 86 20 85 85 53 43 33 5 8 80 32 0 3 25 30 32 41 94 100 100 87 19 83 94 13
0 0 0 0 0 0 0 0 0 0 0 0 24 22 0 0 0 0 0 0 0 0 0 30 0 0 0 25 3 0 0 37 0 0 0 0 0 0 0 0 0 0 0 0 0 0 0 10 0 4 0 71 61 98 96 44 6 37 0 0 0 0 0 0 6 31 10 58 58 97 65 91 3 11 47 60 27 85 31 0 16 86 59 37 40 34 46 54 65 59 72 90 17 67 100 89
0 0 0 0 0 0 0 45 53 4 0 4 36 0 0 0 0 0 0 0 0 0 0 0 0 0 15 0 0 0 39 38 0 0 0 0 0 0 0 0 0 0 0 0 0 14 0 0 0 0 1 5 46 84 44 9 47 63 0 0 17 0 0 0 0 10 76 92 52 28 29 58 45 96 31 50 18 9 67 45 23 24 52 75 99 100 100 95 76 98 88 57 59 9 92 75
2 0 0 0 0 0 0 0 0 0 0 35 1 0 0 0 0 0 0 0 0 0 0 0 0 67 96 26 0 0 19 3 0 0 0 0 0 0 0 0 0 0 0 0 0 58 0 0 50 0 0 23 27 90 83 72 100 38 3 6 20 0 10 1 21 60 48 7 32 0 0 0 5 31 0 15 6 1 53 48 79 10 27 2 21 20 25 65 76 27 3 45 38 40 68 2
43 0 0 0 14 17 0 0 0 1 43 0 0 0 34 0 0 0 0 0 0 0 0 0 9 56 67 9 0 0 28 0 14 59 63 15 0 0 0 0 0 0 0 0 11 67 0 0 1 2 60 99 100 100 100 99 80 25 40 24 6 65 84 68 93 47 14 2 3 0 0 0 0 0 0 0 0 0 9 78 27 21 84 70 66 88 100 89 35 50 95 100 83 64 5 14
0 48 0 3 65 75 11 0 5 54 51 11 0 1 47 12 0 0 0 0 0 0 0 0 0 25 17 6 0 0 0 16 90 100 100 100 6 0 0 0 0 0 0 0 0 10 74 65 0 0 0 19 89 100 87 40 0 0 0 9 61 100 79 32 31 14 45 0 0 0 0 0 0 0 0 6 32 3 0 0 12 18 4 48 61 84 97 36 23 70 95 96 42 1 0 0
0 0 32 64 76 25 0 0 40 24 0 1 30 0 10 0 0 0 0 0 0 0 0 0 21 49 77 67 0 0 2 1 62 90 48 41 2 0 0 0 0 0 0 0 0 7 98 63 0 0 0 0 10 85 34 0 37 14 42 7 0 38 100 88 26 0 0 0 0 0 0 0 0 17 32 0 0 5 63 0 1 10 9 37 81 60 79 53 63 95 100 54 16 0 0 0
0 4 70 33 57 45 26 3 11 0 0 1 6 0 0 0 0 0 0 0 0 0 0 2 43 78 50 16 0 0 21 0 42 60 12 19 0 0 0 0 0 0 0 0 0 2 34 55 0 3 0 22 32 98 90 49 39 51 1 0 5 10 68 100 91 40 1 0 0 0 0 0 0 1 14 0 3 10 36 5 1 29 1 2 18 53 60 85 100 88 50 2 1 16 0 0
0 15 100 90 55 34 1 0 0 0 0 0 0 0 0 0 0 0 0 0 0 0 0 6 49 4 0 0 0 0 14 9 74 18 0 0 0 0 0 0 0 0 0 0 0 69 77 100 86 93 42 46 32 78 64 99 100 100 85 47 8 27 82 41 40 65 10 0 0 0 17 8 0 0 14 0 1 35 53 45 0 5 0 6 83 100 100 94 67 18 0 0 48 42 0 0
0 55 89 5 5 7 0 0 0 0 0 0 0 0 0 0 0 0 0 0 0 0 0 0 0 0 38 77 17 0 36 100 58 0 0 0 0 0 0 0 0 0 0 0 5 100 100 74 78 97 90 74 34 87 57 80 60 80 70 12 43 27 76 2 2 40 4 0 7 0 16 9 1 1 0 2 0 0 6 62 18 8 1 0 0 86 57 5 0 0 0 0 2 0 0 0
28 98 65 0 0 0 0 0 0 0 0 0 0 0 0 0 0 0 0 0 0 0 0 0 0 0 0 3 49 15 47 79 52 0 0 0 0 0 0 0 24 68 34 0 58 35 60 11 78 66 23 42 48 51 87 22 65 93 37 43 60 75 33 29 0 0 0 2 36 49 3 4 58 21 17 16 0 0 60 9 35 27 47 35 82 89 11 0 0 0 0 0 0 0 1 26
64 60 6 0 0 0 0 0 0 0 0 0 0 0 0 0 0 0 0 0 0 0 0 0 0 0 0 0 74 97 25 4 10 0 0 0 0 0 4 49 76 88 31 0 7 3 49 59 94 81 22 17 55 46 12 0 9 56 49 9 42 23 2 5 0 0 0 0 30 15 0 0 45 89 57 26 3 0 77 34 97 71 99 99 58 79 35 0 0 0 0 0 4 11 29 64
29 22 0 0 0 0 0 0 0 0 0 0 0 0 0 0 0 0 0 0 0 0 0 0 0 0 0 0 33 85 18 0 0 0 0 0 0 0 16 68 11 25 0 0 0 76 100 86 77 49 63 63 17 0 0 0 19 18 18 26 22 4 0 10 0 0 0 0 0 0 24 18 8 92 47 7 22 11 79 26 100 99 66 75 81 13 0 0 0 0 0 17 33 19 26 57
1 0 0 0 0 0 0 0 0 0 0 0 0 0 0 0 0 0 0 0 3 0 0 0 0 0 0 0 17 83 43 0 0 0 0 0 16 24 78 83 16 7 0 0 16 100 81 11 35 62 68 6 0 0 0 0 0 7 42 31 3 0 0 25 22 0 0 0 0 5 36 46 4 22 86 39 50 96 84 52 100 100 21 11 0 0 0 0 0 0 11 9 55 99 58 56
0 0 0 0 0 0 0 0 0 0 0 0 0 0 0 0 0 15 19 22 31 23 0 5 0 0 0 0 8 23 0 0 0 0 0 4 90 100 100 48 12 16 3 20 72 100 81 84 74 90 36 33 9 0 0 0 0 28 72 40 55 18 0 27 10 4 0 0 2 1 50 18 36 0 58 82 80 68 31 68 100 100 38 35 0 0 0 0 15 24 22 39 99 55 9 13
0 0 0 0 0 10 45 80 10 0 0 0 0 0 0 0 28 51 82 44 38 35 32 12 0 0 0 0 16 6 0 0 0 0 0 26 98 100 87 6 48 14 16 70 100 100 73 89 43 31 76 30 0 0 6 64 67 95 100 96 83 91 27 18 32 3 1 47 20 1 77 53 91 5 28 100 85 16 26 16 82 46 1 2 0 0 0 0 0 23 85 14 98 83 70 100
0 0 0 8 0 33 43 7 0 0 0 0 0 0 0 0 28 20 56 50 48 54 7 0 0 0 0 0 0 0 0 0 20 48 24 21 41 71 12 1 45 7 70 39 38 52 0 18 64 72 91 13 11 61 79 100 96 40 81 87 26 38 46 40 24 0 16 1 29 0 25 86 88 31 11 100 30 17 72 0 13 3 0 0 0 0 0 0 0 27 69 79 87 72 58 39
0 0 27 69 7 38 46 22 0 0 0 0 0 0 0 0 3 0 56 23 21 2 0 0 0 0 0 0 0 0 1 32 91 42 3 46 79 62 2 32 8 24 96 92 85 42 3 78 100 100 44 22 83 86 89 85 51 0 0 33 46 100 52 25 22 22 26 17 46 12 34 51 100 37 10 93 46 16 58 5 0 0 0 0 0 0 0 59 19 2 75 87 50 13 7 64
0 1 54 73 91 80 50 16 9 0 0 0 0 0 0 0 0 1 35 14 5 0 0 0 0 0 0 0 0 0 29 100 61 3 30 0 60 85 52 28 43 62 100 45 55 84 91 78 75 58 82 98 87 40 0 3 10 39 36 68 51 64 51 31 79 55 23 43 18 5 80 88 50 3 32 98 9 0 7 0 0 0 0 0 0 15 42 60 8 22 67 82 5 14 74 20
0 0 0 8 0 0 4 29 45 9 0 0 0 0 0 0 0 0 0 0 0 0 0 0 0 0 0 0 0 0 45 73 77 67 82 56 100 100 70 90 99 54 100 64 33 73 96 94 66 88 70 33 4 0 0 9 61 52 57 51 62 11 15 13 56 20 71 89 14 44 98 61 17 16 87 82 12 0 0 0 0 0 14 9 0 47 73 78 84 100 96 55 30 61 18 56
0 0 0 0 0 0 0 0 0 0 0 0 0 0 0 0 0 0 0 0 0 0 0 0 0 0 0 5 26 34 100 88 21 32 58 65 47 91 38 84 93 35 56 62 79 54 87 76 79 9 0 0 0 0 0 39 87 59 33 58 24 5 55 46 5 48 22 82 60 88 49 34 4 82 100 11 44 0 0 0 0 0 29 13 0 39 57 91 54 47 84 43 59 54 28 90
0 0 0 0 0 5 14 4 0 0 0 0 0 0 0 0 0 0 9 40 5 2 0 15 57 24 48 86 92 98 99 58 32 52 75 84 82 94 52 74 98 81 94 85 75 33 50 36 0 0 0 0 3 50 60 82 53 6 1 29 22 26 47 43 28 76 88 49 69 23 46 22 38 91 69 20 4 0 0 0 0 0 0 0 2 49 98 78 48 70 56 19 73 63 76 74
0 0 0 0 3 20 28 2 0 0 0 0 0 0 0 0 0 0 0 0 22 66 60 88 67 58 100 100 100 97 98 87 13 4 82 76 38 86 72 100 100 78 72 29 100 84 89 19 23 0 0 8 40 87 77 39 3 0 26 76 50 96 93 53 82 98 57 73 39 70 53 29 29 9 30 0 0 0 0 0 0 17 31 46 81 71 28 29 49 63 83 68 0 8 95 71
41 4 12 14 16 37 8 0 0 0 0 0 0 0 0 0 0 0 9 75 93 30 53 72 92 66 100 82 55 15 2 32 45 78 62 95 100 100 95 42 38 0 33 96 93 97 76 26 43 2 19 65 97 88 53 52 65 26 31 17 84 100 100 82 49 10 0 0 70 51 5 0 0 2 16 0 0 0 0 0 0 56 48 1 21 20 0 7 1 46 78 48 19 35 58 3
0 39 75 32 0 0 6 9 3 20 0 0 0 0 32 67 21 30 90 100 100 100 100 100 100 100 100 96 11 0 0 0 22 95 69 92 100 100 73 0 7 72 90 100 81 100 67 2 13 0 43 100 45 27 61 100 91 80 100 63 100 100 100 99 8 0 0 10 44 0 0 0 0 0 0 0 0 0 3 0 0 0 0 0 0 0 15 46 53 16 60 91 81 67 49 18
0 0 0 0 0 0 18 20 29 3 0 20 16 55 97 93 46 69 100 69 57 100 94 85 100 100 100 100 78 69 100 88 100 100 100 100 100 73 30 0 15 32 90 78 72 100 93 50 50 2 80 100 43 59 83 100 100 97 65 70 100 100 40 26 0 0 0 17 33 0 0 0 0 0 0 0 0 22 49 36 7 0 0 0 0 22 100 100 96 94 44 0 7 57 82 45
0 0 0 0 0 0 0 0 8 9 42 72 52 49 87 95 57 79 67 2 68 100 77 51 100 100 100 100 93 100 100 81 32 55 69 100 81 3 11 0 0 16 85 22 56 100 98 19 36 26 72 100 87 100 80 100 100 100 77 91 97 93 37 0 0 0 0 23 6 0 0 0 0 0 0 13 40 42 92 62 0 0 0 0 0 51 100 85 97 100 74 0 0 27 100 53
0 0 0 0 0 0 6 3 2 10 81 100 100 56 96 88 94 53 49 53 100 100 95 33 24 41 19 45 62 85 55 46 0 5 3 65 70 0 0 0 0 0 2 0 72 98 18 1 19 23 54 100 100 100 80 74 100 100 90 24 38 100 62 0 0 25 2 38 5 0 0 0 0 0 0 60 57 38 4 12 0 0 0 51 59 47 100 100 100 100 67 0 0 47 66 5
0 0 0 0 0 0 46 36 74 7 52 98 49 10 83 22 44 100 94 100 100 100 100 65 5 0 0 9 63 60 0 1 0 0 0 1 27 11 0 0 0 11 52 3 41 45 0 0 20 3 60 94 45 80 32 40 100 58 27 0 49 100 79 21 42 49 31 69 71 32 11 5 0 12 36 100 85 20 1 14 19 2 40 91 100 100 100 100 100 68 30 0 0 17 4 4
0 0 0 0 36 62 87 97 94 49 95 97 26 21 91 98 100 100 100 100 100 100 65 40 4 0 0 0 8 8 0 0 0 0 0 66 81 24 0 0 0 0 0 0 0 1 0 3 14 0 1 47 17 32 0 13 47 0 9 0 20 72 61 63 41 11 27 59 2 0 0 17 1 71 100 88 13 26 54 63 69 93 98 100 100 85 92 30 35 1 0 0 0 0 52 43
0 0 2 3 0 62 80 52 77 78 100 48 50 49 100 100 100 91 90 72 96 58 5 0 0 0 0 0 0 0 0 0 0 4 55 64 16 1 0 0 0 0 0 0 0 0 0 12 41 0 21 46 43 17 47 38 0 0 0 0 0 0 0 24 2 0 0 0 0 0 0 5 54 98 100 97 94 67 100 97 68 100 100 99 73 82 22 0 0 0 13 0 0 34 38 27
1 35 49 75 60 92 40 0 1 75 100 100 91 33 68 45 56 50 86 50 64 1 0 0 0 0 0 0 0 0 0 0 0 0 41 38 0 0 0 1 2 0 0 11 11 0 0 0 0 0 0 8 9 50 27 0 0 0 0 0 0 0 0 0 0 5 0 0 0 0 0 0 17 43 45 97 81 98 55 98 100 100 100 96 82 38 0 0 2 50 26 11 36 18 1 0
11 31 88 99 64 54 49 79 71 100 100 82 34 44 63 7 0 95 99 33 4 0 0 0 0 0 0 0 0 0 0 0 0 0 0 0 0 0 0 0 24 41 49 71 56 11 0 0 0 0 0 0 0 0 0 0 0 0 0 0 0 33 22 27 16 1 0 6 7 0 0 0 0 0 1 54 89 47 45 99 100 65 64 98 64 43 3 0 10 41 1 0 0 0 0 0
49 78 87 98 87 85 95 89 77 45 83 69 93 71 3 0 16 99 79 43 0 0 0 0 0 0 0 0 0 0 0 0 0 0 0 0 0 0 0 0 0 0 10 0 0 0 0 0 0 0 0 0 0 0 0 0 0 0 0 0 0 10 16 6 0 0 0 11 34 6 0 0 0 0 3 34 85 59 79 99 80 77 95 97 20 2 2 0 3 0 0 0 41 1 0 0
14 4 5 7 19 57 95 24 1 0 22 61 11 56 2 0 15 96 20 44 0 0 0 0 0 0 0 0 0 0 0 0 0 0 0 0 0 35 33 0 0 0 0 0 0 0 0 0 0 0 0 0 0 0 0 0 0 0 0 0 0 0 0 14 24 0 16 14 20 37 0 0 1 32 34 41 86 41 22 88 55 21 89 58 20 0 0 0 0 0 0 27 42 6 0 0
0 30 50 0 2 22 50 24 60 39 18 58 86 17 0 0 0 10 34 3 0 0 0 0 0 0 0 0 0 0 0 0 0 0 0 0 0 16 75 5 0 8 0 0 0 0 17 61 8 0 0 0 0 0 0 0 0 0 0 0 0 0 0 4 5 23 65 72 0 0 0 0 14 76 85 98 40 0 0 4 0 16 95 6 0 0 0 5 0 0 0 0 0 0 0 0
2 48 10 3 60 87 68 20 4 1 58 61 30 13 0 2 4 0 1 0 0 0 0 0 0 0 0 0 0 0 0 0 0 0 0 0 3 33 65 0 0 54 17 0 0 0 0 45 100 62 0 0 0 0 0 0 0 0 0 0 0 0 0 0 3 3 70 96 12 0 0 0 0 17 88 100 58 28 13 0 0 19 34 22 0 14 70 100 25 0 0 0 0 0 0 0
0 0 49 100 96 70 10 51 82 41 28 32 0 0 0 23 26 0 0 0 0 0 0 0 0 0 0 0 0 0 0 0 0 2 33 7 22 3 88 30 8 43 66 68 3 0 0 43 100 98 44 0 10 0 0 0 0 0 0 0 0 0 0 1 53 4 96 100 57 30 14 0 24 86 100 86 86 96 45 0 0 6 0 0 0 25 80 100 94 34 12 0 0 0 0 0
12 15 89 70 93 58 32 100 98 22 0 21 10 0 0 9 0 0 0 0 0 0 0 0 0 0 0 0 0 0 0 0 3 29 11 21 4 0 42 69 94 100 98 100 63 2 0 71 100 100 26 14 83 79 15 0 0 0 0 0 0 0 0 0 8 0 21 71 80 14 0 0 7 74 83 34 15 91 36 0 6 1 0 0 0 0 15 28 70 32 18 0 0 0 0 0
71 87 72 100 100 100 99 100 100 29 0 4 0 0 0 0 0 0 0 0 0 0 0 0 0 0 0 0 0 0 0 0 0 0 0 0 0 0 4 71 100 100 100 100 59 4 0 77 100 100 71 85 100 100 58 0 0 19 28 0 0 0 0 39 40 15 1 65 31 0 0 20 73 100 30 17 2 90 33 0 19 1 0 0 0 0 0 0 0 0 0 0 0 0 0 0
100 91 93 100 98 100 100 100 92 83 7 0 0 0 0 0 0 0 0 0 0 0 0 0 0 0 0 0 0 0 0 0 0 0 0 0 0 0 59 81 87 100 100 100 100 39 0 86 100 100 100 100 100 100 54 0 0 55 47 0 0 0 0 36 73 31 38 37 0 8 27 91 100 99 23 3 69 100 90 22 0 0 0 0 0 0 0 0 0 0 0 0 0 0 0 0
100 92 66 26 22 91 78 100 79 68 8 0 0 0 0 0 0 0 0 0 0 0 0 0 0 0 0 0 0 0 0 0 0 0 0 0 0 0 1 1 46 100 100 100 100 37 2 46 100 100 100 100 77 27 1 0 0 24 0 0 0 0 28 92 81 54 65 79 4 64 76 68 100 97 98 89 41 35 89 82 0 0 0 0 0 0 0 0 0 0 0 0 0 0 0 0
100 79 3 10 60 19 13 45 61 9 33 0 0 0 0 0 0 0 0 0 0 0 0 0 0 0 0 0 41 2 10 2 66 3 0 0 0 0 0 0 31 73 100 96 73 1 0 72 100 100 100 95 24 0 0 0 0 0 0 0 0 0 79 100 84 39 90 99 24 44 81 82 44 57 100 83 56 22 42 21 0 0 0 0 0 0 0 0 0 0 0 0 0 0 0 0
71 29 0 0 0 0 0 0 6 28 1 0 0 0 0 0 0 0 0 0 0 0 0 0 0 0 0 2 61 63 56 14 54 4 0 0 0 0 0 9 26 97 100 91 33 0 2 80 100 100 100 100 65 0 0 0 0 0 2 0 0 0 39 100 97 64 81 100 99 93 29 42 0 72 100 88 0 0 0 0 0 0 0 0 0 0 0 0 0 0 0 0 0 0 0 0
29 17 0 0 0 0 8 0 0 4 3 0 0 0 0 0 0 0 0 0 0 0 0 0 0 0 0 0 8 43 21 52 100 95 0 0 0 0 8 62 63 92 98 49 33 22 82 100 100 100 89 52 4 0 0 0 0 2 47 0 0 1 63 100 100 100 99 99 100 55 14 20 0 3 66 72 0 0 0 0 0 0 0 0 0 0 0 0 0 0 0 0 0 0 0 0
92 40 0 0 0 0 24 22 0 0 0 0 0 0 0 0 0 0 0 0 0 0 0 28 5 0 0 0 2 41 22 100 83 97 15 0 0 0 15 100 45 87 87 29 0 20 89 100 100 100 100 52 0 0 0 0 12 80 98 5 0 4 57 100 100 100 80 36 52 57 53 52 11 0 0 5 27 56 48 0 18 0 9 36 32 33 24 0 0 0 0 0 0 0 0 0
100 59 0 0 0 0 0 0 0 0 0 0 0 0 0 0 0 0 0 1 0 0 19 49 16 0 0 15 54 64 63 100 60 23 0 0 0 0 0 33 52 77 99 39 0 25 93 97 53 81 100 27 0 0 0 3 81 100 98 65 0 0 11 73 97 100 95 27 45 59 89 100 44 0 0 0 21 99 7 18 90 81 97 100 100 73 89 23 0 0 0 3 21 0 0 0
72 20 0 0 3 0 0 0 0 0 0 0 0 0 0 0 0 0 0 20 40 0 0 0 0 0 0 0 43 90 100 100 90 32 0 0 0 0 0 8 45 88 100 96 0 58 100 88 50 100 82 0 0 2 19 10 98 100 100 82 16 0 1 78 100 100 69 48 34 57 51 100 39 0 0 2 0 36 0 29 59 14 63 98 47 3 19 34 0 0 0 0 0 0 0 0
17 19 55 55 7 0 0 0 0 0 0 0 0 0 0 0 0 0 0 5 17 0 0 0 0 0 0 0 0 59 99 100 100 69 2 63 25 0 0 8 23 75 100 93 65 99 100 60 50 87 48 0 0 0 63 85 100 100 100 100 96 37 0 20 97 100 85 19 16 77 70 91 20 0 8 63 0 1 28 7 1 5 1 20 1 0 0 0 26 22 0 0 0 -9 -9 0
12 34 29 0 0 0 0 0 0 0 0 0 0 60 9 0 0 0 44 0 0 0 0 0 0 0 0 0 0 32 40 77 17 76 9 66 74 38 16 0 63 100 100 91 41 100 100 97 57 100 50 0 0 15 91 82 99 100 69 42 99 90 0 0 78 100 100 70 59 46 85 34 22 0 47 78 2 52 96 57 84 70 6 0 0 0 0 21 0 0 0 0 0 -9 -9 -9
0 0 0 0 0 0 0 0 0 0 0 0 0 15 0 0 0 21 25 0 0 0 0 9 10 0 0 0 0 22 85 99 73 95 34 12 40 18 0 0 1 84 77 68 41 68 95 56 68 99 57 0 0 27 100 79 63 67 33 37 100 47 2 0 54 100 100 80 67 47 63 56 76 52 77 52 9 92 100 100 93 75 11 0 0 0 0 24 0 0 0 0 0 -9 -9 -9
0 0 0 0 0 0 0 0 0 0 0 0 0 0 0 0 0 21 89 39 4 0 0 57 46 0 0 0 0 35 100 100 73 79 19 0 68 13 0 0 0 76 91 54 24 7 4 22 3 73 46 0 5 96 100 84 0 0 39 57 80 50 0 2 17 86 97 64 30 56 40 87 51 100 100 63 82 60 46 28 23 0 0 0 0 0 0 0 0 0 0 0 0 -9 -9 -9
0 0 0 0 0 0 9 24 0 0 0 2 7 47 15 0 32 98 81 7 60 0 0 66 39 1 0 0 0 42 20 32 71 3 0 6 100 78 20 4 1 82 98 38 19 28 3 0 43 100 64 0 9 82 100 100 41 0 5 16 88 94 5 32 47 87 100 29 4 53 9 42 74 91 51 48 82 14 0 0 0 0 0 0 0 0 0 0 0 0 0 0 -9 -9 -9 -9
0 0 0 0 0 3 38 8 0 11 15 18 76 48 1 0 53 99 100 63 39 0 33 96 92 4 0 0 0 31 0 0 55 64 1 3 94 100 47 39 17 32 76 91 4 13 22 0 88 94 29 42 35 98 79 70 53 0 7 38 83 97 2 0 53 100 100 80 75 64 41 87 87 76 19 53 29 1 0 0 0 0 0 0 0 0 0 0 0 0 0 0 -9 -9 -9 -9
0 0 0 5 48 79 4 0 0 0 5 35 71 8 0 0 9 70 100 93 21 11 3 67 49 1 10 8 0 16 0 0 35 84 24 3 70 100 77 69 21 100 100 65 26 36 4 12 28 54 58 40 12 98 88 32 36 46 18 31 80 3 0 0 44 100 100 100 100 97 59 65 100 37 46 21 34 17 23 2 0 0 0 0 0 0 0 0 0 0 0 0 -9 -9 -9 -9
0 0 0 0 11 17 0 0 0 0 9 79 100 81 53 22 5 76 100 100 49 16 0 73 48 10 85 19 0 0 0 0 32 61 62 39 55 87 4 51 11 51 55 85 40 62 24 41 64 70 1 3 12 100 48 24 0 23 44 61 95 36 19 31 56 86 100 100 100 98 60 24 84 56 24 10 0 33 50 57 0 0 0 0 0 0 0 0 0 0 0 0 -9 -9 -9 -9
13 27 0 0 0 31 0 0 0 0 30 81 100 100 100 81 61 47 100 100 38 52 11 49 100 73 86 39 0 0 0 0 21 94 83 93 54 100 62 24 92 99 64 82 22 71 56 61 97 47 0 3 48 100 76 22 23 84 0 25 64 53 70 98 76 43 99 100 100 100 71 100 29 26 32 0 1 8 35 16 25 0 0 0 0 0 0 0 0 0 0 -9 -9 -9 -9 -9
0 18 0 0 0 0 0 0 0 0 11 19 74 100 52 60 94 85 65 100 76 75 87 81 78 81 69 0 0 0 0 0 9 11 72 92 21 46 100 65 100 73 9 2 42 57 20 47 29 0 0 13 92 100 90 24 39 58 0 10 20 96 100 100 49 27 100 100 92 41 73 77 33 86 79 10 0 1 1 32 49 0 0 0 0 0 0 0 0 0 -9 -9 -9 -9 -9 -9
0 0 0 0 0 0 0 0 0 0 0 2 70 100 70 66 69 92 19 96 67 18 73 76 8 72 100 34 0 0 0 2 2 64 100 58 0 12 100 60 100 98 6 0 21 55 66 47 94 26 0 5 83 100 100 79 15 35 0 0 0 43 100 97 31 60 88 100 100 67 76 93 99 98 55 8 0 0 0 6 9 0 0 34 5 0 0 0 0 0 -9 -9 -9 -9 -9 -9
28 0 0 0 0 0 0 0 0 0 0 7 24 70 89 99 57 18 49 93 9 0 84 98 52 85 100 73 0 35 92 90 64 36 98 95 29 11 85 28 99 100 20 7 32 10 5 76 100 71 6 4 59 91 100 100 52 39 0 0 0 7 63 78 41 100 100 100 100 100 90 86 71 85 18 17 0 0 0 0 0 0 0 27 1 0 0 0 0 -9 -9 -9 -9 -9 -9 -9
59 0 0 0 3 0 0 0 0 0 0 0 65 32 40 100 100 62 49 89 57 0 76 100 58 83 79 58 15 77 100 99 66 30 65 95 42 26 30 47 34 68 2 20 30 2 30 43 99 96 14 76 81 48 88 100 91 19 0 1 0 8 42 96 92 100 100 100 100 100 100 66 33 19 0 0 0 0 0 0 0 0 0 0 0 0 0 0 -9 -9 -9 -9 -9 -9 -9 -9
63 0 0 0 47 58 0 0 0 0 0 0 36 9 44 72 86 64 81 56 35 0 74 100 100 100 71 17 9 85 100 96 86 84 58 95 40 46 39 6 30 4 25 28 22 45 85 73 32 99 21 100 100 91 16 88 92 31 28 28 46 16 14 54 72 79 100 92 100 100 100 88 21 0 0 0 0 0 0 0 0 0 0 0 0 0 0 -9 -9 -9 -9 -9 -9 -9 -9 -9
21 0 0 0 71 100 81 24 0 0 0 0 49 58 22 74 100 89 40 47 54 0 43 100 100 100 39 0 5 98 100 76 97 66 69 95 20 28 6 10 14 17 16 37 34 100 91 94 39 27 44 100 100 100 84 85 83 9 0 1 0 0 21 97 56 75 100 72 60 91 100 95 15 0 0 0 5 0 0 0 0 0 0 0 0 0 -9 -9 -9 -9 -9 -9 -9 -9 -9 -9
0 0 0 0 47 100 100 51 0 0 0 0 4 47 11 32 52 89 60 46 74 70 88 100 100 100 74 1 5 88 100 78 57 84 47 85 8 72 61 11 0 6 39 13 41 84 55 51 16 0 40 100 100 100 100 100 73 7 4 32 0 2 72 88 55 69 100 100 98 97 100 22 0 0 0 37 71 0 0 0 0 0 0 0 0 -9 -9 -9 -9 -9 -9 -9 -9 -9 -9 -9
0 0 0 0 0 85 100 100 54 88 32 3 2 57 88 58 12 55 100 39 13 67 100 74 100 51 4 13 65 100 99 33 24 80 14 47 6 45 13 50 0 53 100 87 83 95 39 54 0 8 47 86 100 100 100 100 35 18 26 9 6 54 53 57 70 79 100 100 100 100 71 2 0 5 1 40 19 0 0 0 0 0 0 -9 -9 -9 -9 -9 -9 -9 -9 -9 -9 -9 -9 -9
12 0 0 0 0 0 65 100 100 100 100 35 16 30 28 97 96 73 69 99 72 56 100 59 100 55 81 87 97 100 81 3 0 9 0 0 0 54 24 54 44 63 77 100 99 100 27 6 0 0 1 43 98 93 54 36 43 39 23 15 32 5 1 63 90 100 100 100 68 100 87 27 20 77 95 37 8 0 0 0 0 0 0 -9 -9 -9 -9 -9 -9 -9 -9 -9 -9 -9 -9 -9
2 0 21 0 0 0 7 99 100 100 75 61 72 42 61 100 54 100 100 74 25 16 56 60 11 45 27 44 97 100 100 82 36 0 0 0 0 7 48 60 95 40 71 96 51 20 16 4 14 0 0 0 82 100 100 100 71 0 2 18 15 9 0 0 0 17 86 100 100 99 98 100 100 100 100 85 48 0 0 0 0 0 0 -9 -9 -9 -9 -9 -9 -9 -9 -9 -9 -9 -9 -9
