data/habitatmaps/RS_maps/habitat_Fringilla.coelebs_2003.asc
NCOLS 369 
NROWS 228 
XLLCORNER 479000 
YLLCORNER 73000 
CELLSIZE 1000 
NODATA_value -9 
[rows 61 to 121 of 228, columns 0 to 95 of 369]
-9 -9 -9 -9 -9 -9 -9 -9 -9 -9 -9 -9 -9 -9 -9 -9 -9 -9 -9 -9 -9 -9 -9 -9 -9 -9 -9 -9 -9 -9 -9 -9 -9 -9 -9 -9 -9 -9 -9 -9 -9 -9 -9 -9 -9 -9 -9 -9 -9 -9 -9 -9 -9 -9 -9 -9 -9 -9 -9 -9 -9 -9 -9 -9 -9 -9 -9 22 20 35 30 20 72 63 70 27 26 89 46 40 17 38 45 60 56 44 72 71 91 84 40 37 43 85 34 41
-9 -9 -9 -9 -9 -9 -9 -9 -9 -9 -9 -9 -9 -9 -9 -9 -9 -9 -9 -9 -9 -9 -9 -9 -9 -9 -9 -9 -9 -9 -9 -9 -9 -9 -9 -9 -9 -9 -9 -9 -9 -9 -9 -9 -9 -9 -9 -9 -9 -9 -9 -9 -9 -9 -9 -9 -9 -9 -9 -9 -9 -9 -9 -9 -9 -9 -9 -9 28 46 21 24 37 22 36 34 40 58 48 22 53 46 39 76 72 91 98 86 96 75 72 72 78 54 5 11
-9 -9 -9 -9 -9 -9 -9 -9 -9 -9 -9 -9 -9 -9 -9 -9 -9 -9 -9 -9 -9 -9 -9 -9 -9 -9 -9 -9 -9 -9 -9 -9 -9 -9 -9 -9 -9 -9 -9 -9 -9 -9 -9 -9 -9 -9 -9 -9 -9 -9 -9 -9 -9 -9 -9 -9 -9 -9 -9 -9 -9 -9 -9 -9 -9 -9 -9 -9 -9 52 77 99 81 67 76 36 34 44 10 44 40 68 65 99 92 84 66 61 78 36 24 12 17 11 29 13
-9 -9 -9 -9 -9 -9 -9 -9 -9 -9 -9 -9 -9 -9 -9 -9 -9 -9 -9 -9 -9 -9 -9 -9 -9 -9 -9 -9 -9 -9 -9 -9 -9 -9 -9 -9 -9 -9 -9 -9 -9 -9 -9 -9 -9 -9 -9 -9 -9 -9 -9 -9 -9 -9 -9 -9 -9 -9 -9 -9 -9 -9 -9 -9 -9 -9 -9 -9 -9 61 72 61 23 52 43 30 51 15 36 74 24 41 82 61 58 62 66 66 52 28 28 32 14 69 70 39
-9 -9 -9 -9 -9 -9 -9 -9 -9 -9 -9 -9 -9 -9 -9 -9 -9 -9 -9 -9 -9 -9 -9 -9 -9 -9 -9 -9 -9 -9 -9 -9 -9 -9 -9 -9 -9 -9 -9 -9 -9 -9 -9 -9 -9 -9 -9 -9 -9 -9 -9 -9 -9 -9 -9 -9 -9 -9 -9 -9 -9 -9 -9 -9 -9 -9 -9 -9 -9 53 62 16 37 47 28 58 43 0 1 5 24 47 63 78 86 42 23 53 39 22 36 46 29 53 37 23
-9 -9 -9 -9 -9 -9 -9 -9 -9 -9 -9 -9 -9 -9 -9 -9 -9 -9 -9 -9 -9 -9 -9 -9 -9 -9 -9 -9 -9 -9 -9 -9 -9 -9 -9 -9 -9 -9 -9 -9 -9 -9 -9 -9 -9 -9 -9 -9 -9 -9 -9 -9 -9 -9 -9 -9 -9 -9 -9 -9 -9 -9 -9 -9 -9 -9 -9 -9 36 61 58 27 71 73 52 34 16 3 0 0 45 48 57 39 58 66 41 58 6 4 21 27 7 26 29 36
-9 -9 -9 -9 -9 -9 -9 -9 -9 -9 -9 -9 -9 -9 -9 -9 -9 -9 -9 -9 -9 -9 -9 -9 -9 -9 -9 -9 -9 -9 -9 -9 -9 -9 -9 -9 -9 -9 -9 -9 -9 -9 -9 -9 -9 -9 -9 -9 -9 -9 -9 -9 -9 -9 -9 -9 -9 -9 -9 -9 -9 -9 -9 -9 -9 -9 -9 79 58 6 35 36 63 96 42 18 13 0 0 6 73 10 31 76 54 76 18 26 34 72 33 19 65 22 34 33
-9 -9 -9 -9 -9 -9 -9 -9 -9 -9 -9 -9 -9 -9 -9 -9 -9 -9 -9 -9 -9 -9 -9 -9 -9 -9 -9 -9 -9 -9 -9 -9 -9 -9 -9 -9 -9 -9 -9 -9 -9 -9 -9 -9 -9 -9 -9 -9 -9 -9 -9 -9 -9 -9 -9 -9 -9 -9 -9 -9 -9 -9 -9 -9 -9 -9 45 16 11 40 63 40 41 45 9 28 0 0 46 61 92 32 38 94 100 82 52 20 40 18 37 43 66 31 43 69
-9 -9 -9 -9 -9 -9 -9 -9 -9 -9 -9 -9 -9 -9 -9 -9 -9 -9 -9 -9 -9 -9 -9 -9 -9 -9 -9 -9 -9 -9 -9 -9 -9 -9 -9 -9 -9 -9 -9 -9 -9 -9 -9 -9 -9 -9 -9 -9 -9 -9 -9 -9 -9 -9 -9 -9 -9 -9 -9 -9 -9 -9 -9 -9 -9 -9 80 58 64 34 52 12 12 30 4 11 1 6 60 56 72 64 88 99 78 20 43 26 22 38 35 100 47 2 43 39
-9 -9 -9 -9 -9 -9 -9 -9 -9 -9 -9 -9 -9 -9 -9 -9 -9 -9 -9 -9 -9 -9 -9 -9 -9 -9 -9 -9 -9 -9 -9 -9 -9 -9 -9 -9 -9 -9 -9 -9 -9 -9 -9 -9 -9 -9 -9 -9 -9 -9 -9 -9 -9 -9 -9 -9 -9 -9 -9 -9 -9 -9 -9 -9 65 79 97 84 50 11 59 38 15 14 7 48 7 28 36 29 77 98 94 69 50 6 31 41 30 7 19 40 0 12 69 91
-9 -9 -9 -9 -9 -9 -9 -9 -9 -9 -9 -9 -9 -9 -9 -9 -9 -9 -9 -9 -9 -9 -9 -9 -9 -9 -9 -9 -9 -9 -9 -9 -9 -9 -9 -9 -9 -9 -9 -9 -9 -9 -9 -9 -9 -9 -9 -9 -9 -9 -9 -9 -9 -9 -9 -9 -9 -9 -9 -9 -9 -9 -9 64 89 95 49 24 54 60 50 19 32 57 29 3 25 2 11 69 58 80 29 10 3 30 52 72 22 1 35 41 6 31 44 50
-9 -9 -9 -9 -9 -9 -9 -9 -9 -9 -9 -9 -9 -9 -9 -9 -9 -9 -9 -9 -9 -9 -9 -9 -9 -9 -9 -9 -9 -9 -9 -9 -9 -9 -9 -9 -9 -9 -9 -9 -9 -9 -9 -9 -9 -9 -9 -9 -9 -9 -9 -9 -9 -9 -9 -9 -9 -9 -9 -9 -9 94 64 54 73 44 36 53 61 30 39 55 10 7 39 0 16 46 63 77 100 10 26 28 26 16 15 55 44 3 24 16 41 57 54 22
-9 -9 -9 -9 -9 -9 -9 -9 -9 -9 -9 -9 -9 -9 -9 -9 -9 -9 -9 -9 -9 -9 -9 -9 -9 -9 -9 -9 -9 -9 -9 -9 -9 -9 -9 -9 -9 -9 -9 -9 -9 -9 -9 -9 -9 -9 -9 -9 -9 -9 -9 -9 -9 -9 -9 -9 -9 -9 -9 -9 73 19 52 58 31 34 32 50 21 38 26 82 0 4 56 42 16 71 100 96 48 2 14 38 38 42 51 100 58 32 32 20 36 43 64 76
-9 -9 -9 -9 -9 -9 -9 -9 -9 -9 -9 -9 -9 -9 -9 -9 -9 -9 -9 -9 -9 -9 -9 -9 -9 -9 -9 -9 -9 -9 -9 -9 -9 -9 -9 -9 -9 -9 -9 -9 -9 -9 -9 -9 -9 -9 -9 -9 -9 -9 -9 -9 -9 -9 -9 -9 -9 -9 -9 46 48 25 40 41 5 0 32 2 58 16 27 45 0 0 32 22 32 71 88 27 4 16 23 28 14 86 45 54 20 38 48 74 68 36 30 42
-9 -9 -9 -9 -9 -9 -9 -9 -9 -9 -9 -9 -9 -9 -9 -9 -9 -9 -9 -9 -9 -9 -9 -9 -9 -9 -9 -9 -9 -9 -9 -9 -9 -9 -9 -9 -9 -9 -9 -9 -9 -9 -9 -9 -9 -9 -9 -9 -9 -9 -9 -9 -9 -9 -9 -9 -9 -9 64 74 60 13 0 14 72 38 77 24 26 22 32 25 22 11 38 63 89 98 70 6 3 12 1 0 12 38 50 39 0 41 72 72 61 26 0 31
-9 -9 -9 -9 -9 -9 -9 -9 -9 -9 -9 -9 -9 -9 -9 -9 -9 -9 -9 -9 -9 -9 -9 -9 -9 -9 -9 -9 -9 -9 -9 -9 -9 -9 -9 -9 -9 -9 -9 -9 -9 -9 -9 -9 -9 -9 -9 -9 -9 -9 -9 -9 -9 -9 -9 -9 -9 81 10 15 4 2 19 60 62 62 12 3 1 4 50 13 33 25 39 80 98 88 48 4 28 26 0 18 32 49 25 64 82 94 54 38 19 35 81 65
-9 -9 -9 -9 -9 -9 -9 -9 -9 -9 -9 -9 -9 -9 -9 -9 -9 -9 -9 -9 -9 -9 -9 -9 -9 -9 -9 -9 -9 -9 -9 -9 -9 -9 -9 -9 -9 -9 -9 -9 -9 -9 -9 -9 -9 -9 -9 -9 -9 -9 -9 -9 -9 -9 -9 -9 14 87 20 0 20 50 69 12 40 31 52 52 1 62 41 52 51 25 18 74 46 95 67 6 30 20 28 29 30 17 40 98 85 39 47 68 74 46 36 43
-9 -9 -9 -9 -9 -9 -9 -9 -9 -9 -9 -9 -9 -9 -9 -9 -9 -9 -9 -9 -9 -9 -9 -9 -9 -9 -9 -9 -9 -9 -9 -9 -9 -9 -9 -9 -9 -9 -9 -9 -9 -9 -9 -9 -9 -9 -9 -9 -9 -9 -9 -9 -9 -9 -9 -9 23 77 32 44 44 49 15 54 24 5 15 14 54 50 13 38 32 5 26 93 72 47 86 16 28 23 14 17 7 38 90 72 35 55 66 58 33 36 73 31
-9 -9 -9 -9 -9 -9 -9 -9 -9 -9 -9 -9 -9 -9 -9 -9 -9 -9 -9 -9 -9 -9 -9 -9 -9 -9 -9 -9 -9 -9 -9 -9 -9 -9 -9 -9 -9 -9 -9 -9 -9 -9 -9 -9 -9 -9 -9 -9 -9 -9 -9 -9 -9 -9 -9 5 30 45 21 37 33 32 32 41 7 0 2 22 14 22 29 5 0 57 100 88 16 13 76 2 4 0 26 44 72 42 67 61 70 100 56 7 26 39 65 95
-9 -9 -9 -9 -9 -9 -9 -9 -9 -9 -9 -9 -9 -9 -9 -9 -9 -9 -9 -9 -9 -9 -9 -9 -9 -9 -9 -9 -9 -9 -9 -9 -9 -9 -9 -9 -9 -9 -9 -9 -9 -9 -9 -9 -9 -9 -9 -9 -9 -9 -9 -9 -9 -9 21 73 39 40 42 48 41 87 30 0 66 28 34 51 40 56 28 10 63 96 58 6 5 31 73 0 6 25 36 10 49 69 39 15 49 60 55 9 20 89 100 91
-9 -9 -9 -9 -9 -9 -9 -9 -9 -9 -9 -9 -9 -9 -9 -9 -9 -9 -9 -9 -9 -9 -9 -9 -9 -9 -9 -9 -9 -9 -9 -9 -9 -9 -9 -9 -9 -9 -9 -9 -9 -9 -9 -9 -9 -9 -9 -9 -9 -9 -9 -9 -9 -9 67 63 19 6 24 0 55 36 4 11 38 20 20 24 34 62 68 91 95 62 16 2 44 36 24 1 24 31 38 32 16 26 65 45 61 30 4 45 94 94 65 68
-9 -9 -9 -9 -9 -9 -9 -9 -9 -9 -9 -9 -9 -9 -9 -9 -9 -9 -9 -9 -9 -9 -9 -9 -9 -9 -9 -9 -9 -9 -9 -9 -9 -9 -9 -9 -9 -9 -9 -9 -9 -9 -9 -9 -9 -9 -9 -9 -9 -9 -9 -9 -9 54 10 0 18 61 29 9 44 21 26 37 26 12 20 53 92 68 68 46 58 18 4 11 14 12 0 11 31 38 46 18 9 16 30 52 68 36 93 98 56 41 58 80
-9 -9 -9 -9 -9 -9 -9 -9 -9 -9 -9 -9 -9 -9 -9 -9 -9 -9 -9 -9 -9 -9 -9 -9 -9 -9 -9 -9 -9 -9 -9 -9 -9 -9 -9 -9 -9 -9 -9 -9 -9 -9 -9 -9 -9 -9 -9 -9 -9 -9 -9 -9 89 21 67 50 26 34 14 1 11 18 15 51 43 42 11 85 57 55 34 19 48 55 90 62 12 4 16 33 15 12 22 11 38 60 82 99 81 98 54 19 0 18 0 11
-9 -9 -9 -9 -9 -9 -9 -9 -9 -9 -9 -9 -9 -9 -9 -9 -9 -9 -9 -9 -9 -9 -9 -9 -9 -9 -9 -9 -9 -9 -9 -9 -9 -9 -9 -9 -9 -9 -9 -9 -9 -9 -9 -9 -9 -9 -9 -9 -9 -9 -9 36 1 52 28 20 29 41 34 1 0 35 72 44 16 4 38 86 67 42 57 48 58 86 88 24 6 32 17 33 24 35 72 46 23 8 43 50 60 42 0 0 0 0 0 0
-9 -9 -9 -9 -9 -9 -9 -9 -9 -9 -9 -9 -9 -9 -9 -9 -9 -9 -9 -9 -9 -9 -9 -9 -9 -9 -9 -9 -9 -9 -9 -9 -9 -9 -9 -9 -9 -9 -9 -9 -9 -9 -9 -9 -9 -9 -9 -9 55 74 33 62 60 61 24 47 14 1 38 39 48 34 57 50 42 47 72 72 72 69 42 44 28 70 90 65 26 20 39 34 60 73 64 21 48 51 74 42 44 56 23 33 18 5 0 10
-9 -9 -9 -9 -9 -9 -9 -9 -9 -9 -9 -9 -9 -9 -9 -9 -9 -9 -9 -9 -9 -9 -9 -9 -9 -9 -9 -9 -9 -9 -9 -9 -9 -9 -9 -9 -9 -9 -9 -9 -9 -9 -9 -9 0 28 6 58 64 55 65 69 56 33 9 54 1 4 67 42 26 49 34 50 30 56 70 32 15 9 54 42 14 20 14 0 0 36 62 24 21 53 47 57 83 100 56 81 61 74 47 84 19 42 41 84
-9 -9 -9 -9 -9 -9 -9 -9 -9 -9 -9 -9 -9 -9 -9 -9 -9 -9 -9 -9 -9 -9 -9 -9 -9 -9 -9 -9 -9 -9 -9 -9 -9 -9 -9 -9 -9 -9 -9 -9 -9 -9 -9 47 14 55 38 57 40 94 77 72 42 18 18 42 18 41 58 12 24 51 64 52 7 69 46 9 29 26 34 8 0 23 3 6 24 46 38 51 65 100 73 24 45 27 48 100 86 17 71 52 63 99 87 89
-9 -9 -9 -9 -9 -9 -9 -9 -9 -9 -9 -9 -9 -9 -9 -9 -9 -9 -9 -9 -9 -9 -9 -9 -9 -9 -9 -9 -9 -9 -9 -9 -9 -9 -9 -9 -9 -9 -9 -9 -9 11 11 26 59 62 54 8 31 53 37 77 45 15 38 8 29 82 78 19 66 43 74 62 49 69 26 38 44 75 34 23 4 15 43 32 71 27 15 38 88 25 6 0 1 2 65 82 55 41 95 27 6 63 67 53
-9 -9 -9 -9 -9 -9 -9 -9 -9 -9 -9 -9 -9 -9 -9 -9 -9 -9 -9 -9 -9 -9 -9 -9 -9 -9 -9 -9 -9 -9 -9 -9 -9 -9 -9 -9 -9 -9 -9 -9 34 25 4 34 64 26 0 0 30 12 18 56 25 20 27 43 90 24 26 46 76 63 60 80 53 49 67 46 80 89 56 52 2 50 41 56 21 35 60 97 74 0 0 0 39 55 50 91 75 62 67 12 47 52 1 0
-9 -9 -9 -9 -9 -9 -9 -9 -9 -9 -9 -9 -9 -9 -9 -9 -9 -9 -9 -9 -9 -9 -9 -9 -9 -9 -9 -9 -9 -9 -9 -9 -9 -9 -9 -9 -9 -9 -9 13 14 43 74 69 33 16 63 54 44 23 35 46 4 47 40 71 6 28 42 52 68 84 55 36 46 46 36 16 14 16 43 34 56 29 56 61 33 75 42 8 5 0 0 7 75 87 86 68 45 52 19 0 0 3 34 34
-9 -9 -9 -9 -9 -9 -9 -9 -9 -9 -9 -9 -9 -9 -9 -9 -9 -9 -9 -9 -9 -9 -9 -9 -9 -9 -9 -9 -9 -9 -9 -9 -9 -9 -9 -9 -9 -9 44 68 80 18 46 20 40 20 34 1 0 0 16 28 40 76 68 44 5 76 82 20 32 60 52 70 69 54 40 24 32 42 28 75 33 17 94 34 68 74 15 0 30 0 13 85 78 84 96 37 75 44 0 0 28 87 40 29
-9 -9 -9 -9 -9 -9 -9 -9 -9 -9 -9 -9 -9 -9 -9 -9 -9 -9 -9 -9 -9 -9 -9 -9 -9 -9 -9 -9 -9 -9 -9 -9 -9 -9 -9 -9 -9 67 44 39 49 27 49 31 38 0 3 45 31 49 45 63 83 60 46 16 58 80 32 41 44 54 46 21 44 60 46 27 36 45 58 10 3 54 18 54 84 40 0 15 0 29 91 81 78 100 49 60 14 31 27 57 84 73 20 4
-9 -9 -9 -9 -9 -9 -9 -9 -9 -9 -9 -9 -9 -9 -9 -9 -9 -9 -9 -9 -9 -9 -9 -9 -9 -9 -9 -9 -9 -9 -9 -9 -9 -9 -9 -9 33 79 14 49 14 21 19 14 45 70 32 50 35 73 25 85 28 36 56 41 48 44 59 47 39 8 14 40 60 26 9 52 4 46 26 9 53 19 50 100 51 1 15 19 23 100 100 100 100 88 47 44 0 8 22 52 93 67 40 28
-9 -9 -9 -9 -9 -9 -9 -9 -9 -9 -9 -9 -9 -9 -9 -9 -9 -9 -9 -9 -9 -9 -9 -9 -9 -9 -9 -9 -9 -9 -9 -9 -9 -9 -9 42 72 64 27 6 0 0 45 58 77 14 27 15 34 9 28 63 22 58 69 75 57 88 94 54 20 10 12 4 33 92 84 76 44 5 10 62 21 23 94 46 43 18 8 9 49 80 100 100 95 38 10 45 65 64 70 13 6 2 1 51
-9 -9 -9 -9 -9 -9 -9 -9 -9 -9 -9 -9 -9 -9 -9 -9 -9 -9 -9 -9 -9 -9 -9 -9 -9 -9 -9 -9 -9 -9 -9 -9 -9 -9 -9 67 69 19 0 0 0 52 65 31 58 3 8 22 17 52 87 65 53 52 46 88 84 66 57 50 18 0 46 91 79 60 36 54 0 5 52 17 38 67 52 58 13 30 67 93 97 93 91 83 30 0 0 0 3 0 23 59 0 0 0 73
-9 -9 -9 -9 -9 -9 -9 -9 -9 -9 -9 -9 -9 -9 -9 -9 -9 -9 -9 -9 -9 -9 -9 -9 -9 -9 -9 -9 -9 -9 -9 -9 -9 -9 62 87 34 0 0 10 50 51 34 61 24 13 56 64 29 0 55 82 82 53 35 84 78 46 30 4 20 29 37 86 34 10 1 0 4 32 4 44 100 80 60 67 44 76 84 100 100 93 3 1 0 0 0 0 0 0 0 41 1 0 8 6
-9 -9 -9 -9 -9 -9 -9 -9 -9 -9 -9 -9 -9 -9 -9 -9 -9 -9 -9 -9 -9 -9 -9 -9 -9 -9 -9 -9 -9 -9 -9 -9 -9 65 94 23 3 0 6 20 34 9 52 32 0 6 91 67 32 47 61 65 60 55 34 16 3 26 30 46 36 54 58 52 8 30 51 0 15 0 15 31 96 43 92 62 42 76 86 88 99 47 0 0 0 0 0 0 0 0 0 20 0 0 47 14
-9 -9 -9 -9 -9 -9 -9 -9 -9 -9 -9 -9 -9 -9 -9 -9 -9 -9 -9 -9 -9 -9 -9 -9 -9 -9 -9 -9 -9 -9 -9 -9 -9 90 25 0 0 18 24 55 20 0 11 14 19 30 68 64 72 76 62 64 45 0 0 8 42 48 33 40 46 80 62 38 33 60 8 0 31 42 86 97 70 74 100 71 45 34 44 30 14 0 0 0 0 0 0 0 0 0 31 35 0 0 11 4
-9 -9 -9 -9 -9 -9 -9 -9 -9 -9 -9 -9 -9 -9 -9 -9 -9 -9 -9 -9 -9 -9 -9 -9 -9 -9 -9 -9 -9 -9 -9 -9 -9 7 0 2 72 15 0 24 0 0 4 71 80 30 46 52 52 76 94 58 19 34 54 64 91 37 74 50 64 28 2 1 38 59 46 44 98 88 90 100 100 91 59 81 77 91 3 0 0 0 0 0 0 0 0 0 0 43 11 0 15 40 39 46
-9 -9 -9 -9 -9 -9 -9 -9 -9 -9 -9 -9 -9 -9 -9 -9 -9 -9 -9 -9 -9 -9 -9 -9 -9 -9 -9 -9 -9 -9 -9 -9 -9 34 8 78 51 24 0 0 22 8 77 54 42 4 73 64 94 100 93 19 2 81 34 84 62 34 72 56 48 26 62 74 53 45 67 86 100 85 92 100 100 67 46 38 23 49 0 0 0 0 0 0 0 0 0 8 46 37 2 22 19 47 38 44
-9 -9 -9 -9 -9 -9 -9 -9 -9 -9 -9 -9 -9 -9 -9 -9 -9 -9 -9 -9 -9 -9 -9 -9 -9 -9 -9 -9 -9 -9 -9 -9 24 16 85 65 6 0 0 5 41 92 22 16 0 33 72 56 96 88 12 26 71 98 95 77 44 12 45 59 37 59 27 19 28 69 98 94 99 96 100 100 100 41 57 53 76 19 0 0 0 0 0 0 0 0 11 38 1 29 2 7 25 37 11 0
-9 -9 -9 -9 -9 -9 -9 -9 -9 -9 -9 -9 -9 -9 -9 -9 -9 -9 -9 -9 -9 -9 -9 -9 -9 -9 -9 -9 -9 -9 -9 -9 61 96 72 12 4 26 9 62 97 81 27 8 35 60 23 79 41 46 78 71 69 46 24 10 36 49 61 86 52 9 16 40 65 75 64 28 77 80 100 100 79 25 0 43 42 7 0 0 0 0 0 0 0 22 49 65 57 55 23 21 7 0 0 0
-9 -9 -9 -9 -9 -9 -9 -9 -9 -9 -9 -9 -9 -9 -9 -9 -9 -9 -9 -9 -9 -9 -9 -9 -9 -9 -9 -9 -9 -9 -9 -9 36 55 46 0 0 36 42 22 66 60 58 92 95 70 50 88 86 100 93 68 82 21 20 10 54 65 22 83 12 54 58 89 41 54 3 16 56 100 100 98 59 68 3 0 0 0 0 0 0 0 0 9 31 6 56 61 20 23 51 1 0 0 0 13
-9 -9 -9 -9 -9 -9 -9 -9 -9 -9 -9 -9 -9 -9 -9 -9 -9 -9 -9 -9 -9 -9 -9 -9 -9 -9 -9 -9 -9 -9 -9 -9 14 0 20 27 2 67 78 55 61 70 74 100 80 56 48 94 66 28 13 18 11 84 76 54 40 22 5 54 57 6 47 55 32 39 31 92 87 43 54 59 50 17 2 0 0 0 0 0 0 0 0 50 50 21 1 24 47 40 0 0 0 0 2 37
-9 -9 -9 -9 -9 -9 -9 -9 -9 -9 -9 -9 -9 -9 -9 -9 -9 -9 -9 -9 -9 -9 -9 -9 -9 -9 -9 -9 -9 -9 -9 -9 0 0 0 0 0 58 88 29 70 55 58 88 69 48 56 16 10 3 7 0 52 69 90 89 22 28 75 58 27 41 66 38 21 33 91 42 66 52 0 30 4 0 0 0 0 0 0 0 0 0 32 9 12 10 29 3 0 17 34 0 14 34 7 33
-9 -9 -9 -9 -9 -9 -9 -9 -9 -9 -9 -9 -9 -9 -9 -9 -9 -9 -9 -9 -9 -9 -9 -9 -9 -9 -9 -9 -9 -9 -9 -9 -9 0 0 0 0 44 76 23 56 40 35 28 36 21 15 49 60 59 60 66 64 69 21 58 46 88 98 21 26 61 42 64 66 83 30 0 37 6 58 7 0 0 0 0 0 0 0 0 0 2 36 0 0 19 22 0 0 0 9 23 41 19 3 26
-9 -9 -9 -9 -9 -9 -9 -9 -9 -9 -9 -9 -9 -9 -9 -9 -9 -9 -9 -9 -9 -9 -9 -9 -9 -9 -9 -9 -9 -9 -9 -9 -9 0 0 16 46 78 68 65 38 30 10 47 17 38 54 24 14 10 10 17 86 74 69 81 79 100 100 66 35 65 54 29 69 47 5 0 0 44 35 0 0 0 0 0 0 0 0 6 30 57 20 5 0 56 19 0 0 0 0 1 13 24 77 29
-9 -9 -9 -9 -9 -9 -9 -9 -9 -9 -9 -9 -9 -9 -9 -9 -9 -9 -9 -9 -9 -9 -9 -9 -9 -9 -9 -9 -9 -9 -9 -9 -9 60 36 68 55 49 82 66 46 0 2 25 51 38 67 64 40 46 43 89 72 69 51 39 92 100 100 57 23 46 37 58 100 98 22 46 20 19 0 0 0 0 0 0 0 0 12 51 23 18 12 37 25 12 0 0 0 15 51 5 25 10 73 17
-9 -9 -9 -9 -9 -9 -9 -9 -9 -9 -9 -9 -9 -9 -9 -9 -9 -9 -9 -9 -9 -9 -9 -9 -9 -9 -9 -9 -9 -9 -9 -9 -9 100 99 89 66 81 75 66 19 4 40 73 50 14 66 41 56 32 54 100 78 30 29 78 100 78 89 72 71 80 89 100 100 100 68 51 13 0 0 0 0 0 0 0 0 7 29 10 23 35 4 0 0 0 0 24 34 3 20 46 42 51 52 21
-9 -9 -9 -9 -9 -9 -9 -9 -9 -9 -9 -9 -9 -9 -9 -9 -9 -9 -9 -9 -9 -9 -9 -9 -9 -9 -9 -9 -9 -9 -9 -9 -9 100 78 48 58 47 53 46 46 74 81 62 67 56 48 30 8 52 100 96 45 26 21 43 17 97 71 80 80 35 97 100 95 90 97 78 5 0 0 0 0 0 0 0 8 39 1 64 0 39 0 0 0 0 0 24 72 4 54 15 55 13 5 0
-9 -9 -9 -9 -9 -9 -9 -9 -9 -9 -9 -9 -9 -9 -9 -9 -9 -9 -9 -9 -9 -9 -9 -9 -9 -9 -9 -9 -9 -9 -9 -9 -9 39 0 10 28 52 59 67 66 34 48 66 58 26 24 28 47 69 100 91 38 26 53 27 47 50 87 38 21 47 82 96 9 25 5 4 0 0 0 0 0 0 0 2 26 1 9 26 28 0 0 0 0 9 40 16 36 23 31 23 30 18 0 31
-9 -9 -9 -9 -9 -9 -9 -9 -9 -9 -9 -9 -9 -9 -9 -9 -9 -9 -9 -9 -9 -9 -9 -9 -9 -9 -9 -9 -9 -9 -9 -9 30 9 79 79 46 25 54 56 24 0 0 8 55 80 38 58 52 96 86 49 51 84 33 59 85 56 20 40 80 38 22 4 0 10 0 0 0 0 0 0 0 0 28 90 20 0 17 15 0 0 0 0 0 4 3 14 33 55 17 37 20 11 31 61
-9 -9 -9 -9 -9 -9 -9 -9 -9 -9 -9 -9 -9 -9 -9 -9 -9 -9 -9 -9 -9 -9 -9 -9 -9 -9 -9 -9 -9 -9 -9 -9 4 69 60 35 42 37 92 52 6 35 18 1 47 71 42 31 78 60 40 58 89 23 72 69 11 0 0 16 41 18 14 45 13 0 0 0 0 0 0 0 8 36 21 52 8 0 17 31 0 0 0 28 38 0 20 33 53 59 26 13 16 27 64 20
-9 -9 -9 -9 -9 -9 -9 -9 -9 -9 -9 -9 -9 -9 -9 -9 -9 -9 -9 -9 -9 -9 -9 -9 -9 -9 -9 -9 -9 -9 -9 -9 12 53 88 25 0 26 47 100 82 34 41 42 68 58 20 0 22 60 64 94 94 49 68 31 27 58 28 3 0 7 9 30 10 0 0 0 0 0 0 15 45 66 29 17 0 2 23 0 0 0 63 50 20 0 0 11 23 56 20 33 28 31 57 9
-9 -9 -9 -9 -9 -9 -9 -9 -9 -9 -9 -9 -9 -9 -9 -9 -9 -9 -9 -9 -9 -9 -9 -9 -9 -9 -9 -9 -9 -9 -9 30 52 87 56 6 61 66 89 97 72 44 16 60 56 5 18 14 33 66 68 58 60 30 75 8 2 33 25 12 1 27 17 6 0 0 0 0 0 0 0 34 66 13 4 52 52 0 0 0 17 5 53 58 5 10 37 30 39 93 24 10 44 51 36 57
-9 -9 -9 -9 -9 -9 -9 -9 -9 -9 -9 -9 -9 -9 -9 -9 -9 -9 -9 -9 -9 -9 -9 -9 -9 -9 -9 -9 -9 67 11 22 48 29 10 31 78 97 66 50 60 53 63 55 90 40 33 48 60 34 34 81 99 90 38 39 22 29 12 1 47 12 0 0 0 0 2 0 2 0 2 52 40 46 17 11 30 52 12 52 26 21 8 4 3 56 22 53 81 28 15 31 61 12 20 39
-9 -9 -9 -9 -9 -9 -9 -9 -9 -9 -9 -9 -9 -9 -9 -9 -9 -9 -9 -9 -9 -9 -9 -9 -9 -9 -9 -9 81 38 80 9 6 3 65 65 84 52 49 18 58 32 60 66 90 69 100 19 91 95 90 70 99 17 42 47 53 20 56 65 3 0 0 0 12 65 73 36 75 48 50 49 9 17 28 34 8 29 25 45 26 4 77 25 61 9 27 68 81 20 23 63 25 0 36 22
-9 -9 -9 -9 -9 -9 -9 -9 -9 -9 -9 -9 -9 -9 -9 -9 -9 -9 -9 -9 -9 -9 -9 -9 -9 -9 85 93 71 64 100 79 9 33 86 87 54 0 2 30 88 96 99 86 99 100 96 66 48 78 99 96 34 10 7 0 8 8 21 48 43 0 11 30 76 73 32 11 35 40 37 23 17 15 39 9 41 96 31 25 5 35 45 21 44 51 28 42 53 0 0 7 5 21 34 25
-9 -9 -9 -9 -9 -9 -9 -9 -9 -9 -9 -9 -9 -9 -9 -9 -9 -9 -9 -9 -9 -9 -9 -9 -9 98 100 94 94 43 93 36 20 50 47 47 12 15 8 60 92 30 76 84 100 100 73 20 64 90 60 29 44 38 17 11 44 44 29 89 64 54 56 46 37 35 20 64 65 5 14 7 6 25 31 21 61 64 70 25 1 20 19 32 15 18 16 24 29 44 16 20 28 30 41 50
-9 -9 -9 -9 -9 -9 -9 -9 -9 -9 -9 -9 -9 -9 -9 -9 -9 -9 -9 -9 -9 -9 -9 71 100 84 94 88 34 5 12 0 46 23 55 60 16 40 56 62 98 20 10 52 58 99 44 31 92 79 6 1 3 46 21 7 26 5 1 24 89 75 12 18 8 49 71 20 33 62 39 16 0 31 5 49 38 0 21 0 10 9 0 0 4 21 6 24 18 13 37 3 19 44 77 20
-9 -9 -9 -9 -9 -9 -9 -9 -9 -9 -9 -9 -9 -9 -9 -9 -9 -9 -9 -9 -9 -9 86 84 96 84 92 60 4 37 48 60 45 82 48 0 0 38 34 73 38 67 63 72 80 52 52 42 100 85 0 3 5 19 4 0 0 0 0 0 8 19 19 3 47 52 68 31 18 12 27 28 24 9 0 67 6 30 62 3 0 25 0 0 0 42 40 3 15 23 49 48 48 50 45 13
