data/habitatmaps/RS_maps/habitat_Turdus.torquatus_2019.asc
NCOLS 369 
NROWS 228 
XLLCORNER 479000 
YLLCORNER 73000 
CELLSIZE 1000 
NODATA_value -9 
[rows 120 to 179 of 228, columns 192 to 287 of 369]
45 69 89 95 36 46 73 35 31 74 94 99 97 58 92 89 100 98 59 78 58 91 49 49 5 33 24 39 72 53 100 100 87 2 77 93 100 52 44 31 40 98 65 11 63 95 93 76 24 45 69 76 37 1 14 10 5 54 70 53 52 64 89 46 0 16 79 38 51 100 100 100 78 13 81 63 51 97 44 96 49 1 4 52 83 83 36 62 14 2 7 19 62 23 97 96
100 100 100 100 86 40 36 97 89 85 59 93 99 84 81 46 100 95 45 71 79 35 2 42 74 36 38 75 92 85 100 100 92 6 96 80 94 87 79 58 28 59 58 13 34 73 77 19 49 31 15 3 5 22 39 49 93 46 18 10 72 57 34 8 0 20 20 82 83 47 89 66 28 0 0 6 88 77 0 25 68 0 0 82 96 75 84 15 2 26 11 44 80 76 100 77
100 81 48 76 84 19 70 39 43 46 67 79 62 98 82 38 66 93 25 65 31 49 89 100 100 100 100 100 100 100 100 84 91 52 97 96 47 100 100 52 42 41 100 96 49 36 0 0 0 0 16 66 63 56 41 22 4 32 30 68 100 98 82 54 30 0 40 32 93 76 55 41 23 58 10 63 100 69 0 0 8 0 5 37 77 96 65 0 6 45 30 82 40 94 100 100
36 42 60 100 76 41 79 22 47 29 43 77 70 17 41 100 87 57 49 40 6 85 100 100 100 100 46 96 100 100 85 27 99 100 100 81 99 97 27 41 71 91 99 72 4 0 4 19 2 58 100 80 87 20 65 42 69 96 92 87 37 17 16 17 40 5 30 80 70 93 100 69 15 68 35 100 100 27 12 2 0 0 0 11 78 73 5 57 57 23 21 60 85 55 48 100
44 86 9 69 100 100 89 57 87 51 73 41 43 21 17 26 68 82 100 75 45 100 100 100 100 100 71 91 100 100 100 57 18 45 100 100 96 19 59 82 100 87 27 0 0 13 63 19 13 84 87 98 64 67 98 79 39 37 84 11 6 0 0 0 29 27 78 99 100 100 93 9 23 53 63 100 87 3 37 7 0 0 0 0 67 45 68 63 44 0 16 25 91 16 56 100
100 98 90 79 35 15 60 80 85 73 88 82 66 61 22 84 89 100 97 32 72 100 100 100 94 97 76 93 100 94 55 98 94 100 84 49 36 70 94 96 66 31 5 40 29 73 86 78 71 79 86 37 35 100 68 100 87 56 0 10 12 0 0 4 29 18 95 83 6 20 9 15 80 19 97 81 74 0 38 44 21 10 0 0 63 98 77 100 42 11 48 64 34 93 95 95
84 75 69 95 48 82 84 90 45 45 23 98 66 25 47 77 97 99 50 86 100 91 100 100 91 38 19 65 100 44 59 100 97 23 0 48 45 67 28 22 91 88 13 90 58 100 90 75 100 86 55 6 48 94 64 73 88 31 1 1 0 0 0 18 57 54 98 92 93 100 16 29 35 43 100 87 84 21 33 42 39 41 4 2 50 100 66 77 74 66 57 47 81 100 81 53
100 76 95 100 98 84 100 52 100 100 100 100 100 100 100 96 98 62 0 70 100 75 100 100 100 97 96 97 100 27 43 97 63 21 69 97 77 3 9 45 100 58 0 70 60 95 56 96 63 42 89 43 63 35 35 12 0 0 25 6 0 0 0 7 86 65 35 84 51 74 0 18 33 98 72 60 6 0 0 0 0 0 1 45 59 74 97 82 39 31 78 51 100 100 81 49
90 81 70 74 34 32 78 34 100 83 100 69 87 100 89 43 97 45 62 34 100 97 56 100 100 100 100 46 62 56 30 48 29 73 64 46 1 13 100 98 62 56 54 20 48 93 100 82 96 80 97 74 45 50 10 11 60 0 0 0 0 0 9 73 100 96 37 70 89 53 0 24 29 100 100 84 25 0 0 12 58 60 66 63 100 100 100 96 9 44 86 20 82 91 77 100
74 72 27 14 2 10 18 16 100 23 52 97 86 100 86 99 100 61 76 45 100 100 92 100 100 100 99 43 40 43 23 14 28 70 76 4 0 15 73 76 40 53 68 62 64 41 94 34 95 100 94 19 15 37 8 26 6 29 0 3 19 47 10 72 100 41 98 93 73 13 53 37 58 61 34 60 61 30 57 70 86 100 65 98 47 40 48 72 96 57 39 34 37 100 100 100
53 68 57 69 53 35 0 35 64 62 20 86 77 59 51 100 56 56 64 84 97 100 100 98 79 41 13 19 64 26 0 2 68 82 42 0 0 19 37 98 70 100 89 39 100 100 62 46 31 97 81 54 19 58 100 57 75 27 0 57 100 100 17 97 62 19 48 48 2 3 23 89 65 96 71 97 51 71 42 61 52 100 97 93 61 52 76 100 100 73 83 74 33 39 56 82
90 36 37 19 77 70 72 98 84 94 63 61 3 1 78 80 66 43 84 64 90 100 96 45 0 0 0 1 11 20 66 47 63 98 49 28 15 40 74 77 39 100 84 87 100 96 67 69 33 84 17 0 34 42 60 85 11 11 69 98 100 100 26 33 64 31 31 53 28 44 28 93 78 96 100 100 99 54 0 0 3 69 100 66 5 97 100 74 86 41 39 61 25 40 55 70
5 45 29 30 54 67 100 80 93 91 99 49 6 0 0 63 92 59 100 95 67 27 13 0 0 0 0 18 72 84 41 95 86 100 66 91 41 63 58 44 32 97 100 100 91 48 28 61 100 100 92 62 65 16 0 0 20 96 100 100 100 85 35 34 88 100 86 51 71 64 97 100 100 17 54 100 64 3 0 13 59 1 80 87 61 39 43 5 60 84 34 12 77 100 100 100
3 0 1 32 42 100 50 34 2 8 19 3 36 40 34 85 100 100 51 8 27 59 56 0 0 23 39 85 96 40 0 60 60 100 77 38 55 64 49 36 68 94 100 100 80 83 61 61 37 90 78 0 5 20 0 35 94 100 100 99 70 97 80 78 34 13 75 19 53 53 100 100 72 22 53 54 25 0 0 6 16 0 3 73 97 25 0 2 15 82 83 23 93 100 100 100
0 0 0 18 26 74 99 76 62 51 61 72 94 100 100 75 78 71 1 34 63 49 60 20 83 43 37 53 36 6 0 58 7 58 70 20 72 88 72 95 74 92 100 100 97 80 82 89 16 94 60 9 0 15 52 98 100 100 100 79 36 67 76 19 50 36 27 22 95 12 63 100 98 74 60 0 3 7 16 29 10 0 43 100 100 96 66 0 0 20 86 86 39 55 30 71
0 0 0 4 13 56 100 100 100 100 100 100 100 94 59 0 0 12 21 35 13 97 27 13 21 74 40 100 100 25 23 58 47 56 43 66 49 83 100 100 96 29 58 100 100 70 85 100 96 50 50 3 28 80 60 100 100 100 100 98 32 1 3 61 88 100 62 27 97 59 100 100 63 0 0 0 5 37 19 46 33 27 77 100 87 10 86 7 57 99 100 95 8 40 46 36
15 0 0 15 1 46 100 100 100 100 100 82 70 8 0 0 49 79 66 57 3 57 99 47 6 33 51 95 37 0 44 62 96 38 50 37 61 100 100 48 18 23 72 100 100 100 94 81 25 47 50 52 55 8 4 68 100 99 78 28 0 0 0 78 7 72 74 22 31 22 100 100 59 11 0 2 51 52 89 97 31 2 71 79 43 26 79 33 42 94 92 55 0 0 60 68
51 26 0 33 43 34 94 100 75 75 51 8 0 7 32 48 84 54 83 70 43 33 45 22 3 51 73 100 93 14 96 79 100 50 9 95 50 99 100 54 23 83 100 100 100 100 79 18 6 62 96 50 46 0 31 88 100 87 4 0 0 0 25 92 58 2 39 48 91 59 62 100 71 56 73 83 81 97 62 73 45 29 100 70 5 63 100 20 0 41 79 51 0 0 82 97
75 37 8 30 25 84 100 97 22 0 0 33 66 95 32 51 71 77 100 100 56 16 21 51 12 78 63 64 45 43 100 96 99 11 31 100 60 80 97 100 100 100 65 31 98 100 93 23 3 84 100 99 68 43 97 100 87 52 77 95 47 90 57 3 26 27 69 19 3 38 96 100 100 100 81 28 54 16 25 99 63 64 100 80 46 0 90 26 42 98 100 26 2 0 23 80
43 29 82 55 44 75 99 89 0 0 38 96 100 66 1 67 83 100 100 100 79 2 44 53 41 99 52 100 70 87 100 100 23 0 85 100 95 84 40 74 100 100 50 0 85 50 87 33 0 55 100 100 100 100 100 100 100 100 100 100 99 82 51 8 16 38 50 25 100 100 100 100 100 100 92 7 0 2 63 87 93 90 100 75 72 78 55 24 100 95 66 47 73 24 28 72
54 62 100 82 94 83 16 0 3 10 86 45 99 79 30 90 27 90 100 89 2 16 32 36 91 78 96 100 80 99 75 63 7 55 100 100 100 100 100 100 100 76 2 0 64 33 11 15 65 69 98 100 100 100 100 100 54 100 100 100 63 5 55 26 39 47 31 90 55 36 59 88 100 100 100 72 62 69 62 29 92 100 100 54 45 27 46 77 100 45 0 22 68 99 98 30
93 35 100 96 40 6 41 44 58 30 58 86 72 47 54 96 76 67 100 100 54 3 46 88 74 82 100 100 100 96 31 3 0 87 100 100 100 100 100 93 66 30 58 36 25 0 31 47 7 43 100 94 100 100 99 62 1 79 67 25 46 19 70 92 46 62 100 69 73 97 96 52 52 96 100 73 6 77 100 31 89 100 99 65 39 28 89 100 63 3 0 49 98 99 100 96
70 38 64 43 27 87 33 58 28 38 58 100 81 28 33 19 80 75 95 100 85 61 69 37 98 97 100 100 98 100 92 14 3 48 80 100 100 100 57 61 21 12 83 43 64 27 17 64 4 96 100 62 41 72 66 2 62 32 34 69 99 92 97 63 100 89 38 69 14 33 23 48 52 77 79 80 88 100 100 100 100 83 54 16 60 100 100 88 6 0 0 97 100 43 52 89
51 68 3 34 55 72 41 6 34 23 94 64 10 45 38 82 55 9 40 89 41 14 0 16 83 74 40 60 59 62 34 0 0 0 49 100 100 91 51 57 99 55 71 28 79 41 61 92 89 100 100 54 92 56 89 76 30 76 62 76 38 73 68 41 60 8 0 0 49 3 6 41 17 22 91 98 100 100 100 87 100 95 98 41 4 35 68 33 3 33 21 99 95 20 90 62
43 27 64 76 94 12 2 37 83 14 52 82 99 100 100 57 19 10 38 4 11 25 3 14 1 12 12 62 82 62 11 40 0 0 5 21 36 37 48 42 56 54 32 24 35 12 12 100 100 100 99 52 100 100 100 100 68 100 100 60 85 99 12 7 0 0 18 67 54 24 0 85 84 99 72 67 99 100 87 72 100 100 100 83 65 53 52 4 86 100 92 96 100 85 35 79
0 31 99 68 90 82 58 57 96 86 76 100 100 100 88 0 0 0 12 33 47 82 11 0 0 2 0 0 0 0 64 97 34 10 32 22 33 30 0 41 45 0 0 11 72 62 3 69 100 80 100 91 72 28 95 83 73 100 100 94 100 87 0 0 16 19 2 12 35 10 0 48 57 100 45 100 100 100 100 100 82 100 100 100 100 78 84 36 100 64 79 100 100 87 14 91
24 7 0 70 84 97 96 92 50 76 100 100 100 50 30 38 0 0 33 85 59 59 0 11 58 45 47 42 0 0 0 5 7 11 78 33 11 0 48 85 23 0 0 0 51 27 12 7 93 92 100 100 95 79 64 57 76 99 52 79 99 32 27 5 71 38 30 35 63 81 8 4 28 91 73 100 100 100 100 100 48 100 93 67 75 97 100 32 83 15 71 100 95 15 41 58
25 59 3 52 20 75 100 68 42 95 85 23 21 0 0 0 0 2 7 31 14 61 50 58 64 70 11 28 18 77 68 62 52 57 32 48 49 64 39 54 79 70 64 29 0 15 78 46 0 48 100 100 100 57 49 41 41 97 100 77 59 28 48 42 65 28 9 9 0 31 34 6 55 32 15 74 100 90 99 100 51 100 81 45 2 16 67 97 77 71 100 98 31 4 85 94
72 31 0 1 54 100 100 87 97 96 21 0 34 0 25 50 78 83 100 66 0 42 43 45 15 52 16 65 46 8 50 84 100 90 100 97 55 30 52 7 0 66 100 61 0 14 70 35 0 50 100 100 100 72 90 100 100 100 96 18 22 39 64 37 32 34 83 68 0 34 71 84 100 68 28 100 100 60 85 100 26 77 100 76 99 72 74 65 50 93 100 87 39 46 66 81
17 18 33 36 90 100 100 100 100 89 4 34 47 43 10 50 0 46 83 100 63 61 68 96 68 39 5 11 31 59 8 27 41 10 62 86 100 67 84 63 85 67 54 97 5 0 27 16 3 48 100 50 74 100 100 100 87 80 38 49 38 11 48 0 75 97 88 45 59 73 100 100 100 100 41 100 100 100 83 47 33 100 94 20 97 81 56 86 100 100 58 52 49 88 47 100
57 93 100 100 100 100 100 100 100 62 38 62 36 0 17 70 89 100 73 93 70 100 30 64 54 92 85 67 0 63 54 53 47 64 71 25 24 50 30 63 51 28 0 12 0 0 25 44 51 68 100 72 53 100 98 100 73 44 77 100 100 86 78 8 82 17 17 94 21 97 100 100 92 64 0 11 69 100 48 6 18 100 91 20 91 63 10 22 91 100 100 100 100 82 43 100
18 100 100 100 100 100 100 100 74 19 79 30 82 51 36 100 84 31 12 5 59 100 90 100 67 72 49 56 24 33 15 4 26 60 67 40 87 11 49 3 49 57 11 0 0 0 45 45 46 90 100 98 89 55 38 76 83 69 81 100 100 52 47 2 5 77 97 98 43 86 100 77 51 40 68 49 20 88 89 32 78 100 100 25 38 69 53 6 0 60 100 100 100 90 94 97
43 48 100 100 100 100 84 38 22 65 61 52 100 54 63 79 45 54 62 86 58 20 82 100 100 100 100 52 81 57 52 50 0 23 2 0 30 60 35 3 0 9 0 0 0 61 76 67 96 97 57 71 99 53 70 32 46 66 98 100 92 57 80 49 13 99 100 100 80 100 73 100 85 69 62 73 0 31 100 90 100 100 100 13 78 5 69 91 35 5 53 85 100 100 100 100
30 8 95 36 12 39 6 20 42 66 92 66 100 100 100 83 91 100 100 100 20 62 10 66 100 100 98 51 52 88 87 19 36 10 0 1 29 96 18 14 16 0 0 0 0 84 78 100 100 84 28 55 69 87 54 80 95 98 72 100 100 61 72 85 21 69 100 100 100 80 66 98 85 48 45 14 0 57 100 100 100 100 58 26 79 1 72 100 100 65 3 18 94 100 100 100
8 46 100 52 5 35 72 76 86 100 96 100 100 100 100 100 100 100 100 100 70 47 42 57 47 39 76 100 84 60 88 86 83 48 20 0 26 100 42 61 64 5 0 0 2 82 100 62 100 95 86 89 64 46 54 57 100 80 44 100 89 26 20 42 36 57 99 100 86 67 81 87 38 66 36 1 27 52 80 100 100 100 46 45 49 0 83 100 100 100 75 4 8 40 83 100
50 94 100 100 100 100 63 32 100 100 65 89 92 100 100 100 100 100 100 100 100 70 56 79 39 84 100 100 79 29 82 83 76 63 59 10 20 76 74 47 95 83 52 0 6 74 100 89 53 99 77 99 69 37 89 100 97 43 92 100 93 35 40 77 99 62 99 100 91 91 3 5 14 29 29 42 28 59 96 100 100 100 54 67 69 29 63 40 100 100 92 62 74 41 19 100
87 100 100 100 100 58 79 99 100 100 99 14 44 100 100 25 82 74 100 100 27 19 58 65 95 100 100 80 24 57 94 16 56 51 77 21 0 27 81 86 83 88 86 33 1 1 11 76 70 36 39 60 50 2 36 100 84 52 100 100 100 59 33 63 24 64 76 100 68 28 2 19 89 58 66 66 58 53 26 92 100 82 10 98 91 56 69 82 97 90 12 55 99 61 31 84
96 26 90 98 67 0 94 100 100 100 90 31 41 100 100 26 26 7 64 79 34 0 0 54 72 100 100 100 100 57 88 68 82 43 89 89 7 35 19 95 80 58 92 100 50 0 0 19 93 79 65 2 25 74 36 74 74 48 27 61 80 98 72 68 72 75 59 84 63 100 48 26 10 0 78 77 69 67 58 78 100 75 20 100 100 39 99 41 85 84 0 60 100 73 11 60
100 30 17 35 10 59 100 100 91 100 100 72 8 66 95 14 26 75 8 13 31 1 16 77 28 97 97 97 100 100 100 100 100 32 86 81 4 0 0 46 87 80 45 98 76 5 0 4 49 28 39 84 100 96 69 31 71 42 43 70 75 100 99 58 49 64 69 50 32 37 92 47 62 31 43 77 19 15 62 100 100 95 10 100 100 82 62 100 23 95 0 43 100 100 81 95
100 93 2 35 33 50 100 80 91 35 86 47 16 52 10 82 76 77 23 27 20 0 58 100 57 76 25 55 84 100 67 76 31 58 62 0 14 0 1 4 67 66 55 66 75 27 0 0 15 73 100 100 100 74 77 100 78 83 100 85 51 100 100 98 63 77 42 42 52 0 76 100 36 22 87 63 38 76 78 78 74 100 63 100 100 92 85 97 46 92 0 47 100 100 100 100
100 73 91 51 64 100 100 86 21 77 67 47 12 0 54 100 79 33 85 47 58 5 50 60 100 74 96 81 76 99 56 8 88 100 46 64 49 9 24 0 7 49 100 93 63 36 0 0 9 79 100 92 65 77 50 97 100 100 100 100 57 65 61 92 44 67 21 34 43 39 100 91 64 65 66 71 46 88 100 100 89 100 100 100 100 100 75 54 54 86 19 31 100 100 95 65
95 83 100 81 25 48 100 100 89 32 4 24 30 0 3 47 100 73 36 59 100 14 8 55 27 42 90 51 92 100 99 61 52 50 66 58 32 94 86 0 0 6 57 93 85 38 0 0 37 74 74 14 79 74 68 100 84 61 100 94 46 0 65 93 82 76 0 0 36 44 100 100 81 6 44 53 51 100 100 100 100 100 100 100 100 100 48 22 35 64 88 85 100 100 76 40
100 100 100 49 52 87 100 100 100 61 95 43 71 0 0 36 100 80 62 42 84 66 0 14 27 26 85 100 98 45 38 41 53 44 100 35 35 58 70 47 0 0 0 33 58 9 0 0 18 32 28 53 89 100 97 97 56 77 96 51 74 94 100 95 48 82 16 37 78 37 100 100 100 73 12 80 29 59 100 100 100 100 100 100 100 98 89 99 100 94 100 100 100 100 100 69
100 100 100 68 46 64 68 100 94 100 99 14 73 18 0 46 67 99 90 88 96 40 0 64 59 70 83 100 93 2 0 13 13 6 67 85 62 90 100 100 46 38 0 0 0 0 0 0 21 100 92 66 35 97 95 51 59 99 78 50 22 100 100 76 93 40 9 7 52 76 100 100 91 100 81 100 65 70 50 68 76 100 100 100 100 100 100 100 100 100 100 100 100 97 85 62
100 100 85 21 55 60 81 100 100 72 81 62 0 2 0 0 0 27 21 76 51 26 7 99 47 25 9 97 99 95 53 43 67 10 36 95 61 77 100 81 97 64 21 5 0 0 0 0 35 67 100 99 96 92 74 97 54 100 34 72 41 91 91 67 95 15 13 68 52 74 100 100 81 63 100 100 31 48 68 64 70 100 100 100 100 100 100 82 63 94 59 27 34 6 26 61
100 100 100 85 49 80 36 100 95 82 22 25 14 75 47 36 0 34 12 80 14 0 55 100 51 90 32 70 16 1 15 39 0 35 86 82 90 96 79 99 100 90 48 88 15 0 0 23 38 53 99 25 54 43 73 89 95 100 32 70 66 62 68 71 93 13 0 40 57 68 88 100 100 100 88 77 0 20 70 63 72 78 81 100 100 99 100 83 50 65 62 55 86 29 68 31
96 100 100 49 53 59 66 100 100 100 69 74 84 36 42 38 51 19 0 2 41 80 76 62 100 100 100 93 15 0 0 0 2 86 95 94 94 100 85 91 82 36 68 100 0 0 0 33 91 46 68 50 64 94 100 100 87 94 38 78 54 68 25 93 70 17 78 82 83 98 100 100 100 100 95 66 1 0 51 17 0 12 64 36 76 43 83 83 45 43 26 12 6 15 10 53
100 100 100 70 43 66 89 100 100 100 100 100 93 91 22 35 47 31 0 32 82 37 81 20 40 95 81 98 27 69 79 31 27 24 2 11 35 100 100 12 5 48 100 100 19 0 0 2 98 59 100 100 100 100 100 69 50 55 48 76 33 62 30 43 33 11 100 100 100 98 80 84 100 100 100 100 9 0 56 44 0 0 0 23 1 1 14 18 17 0 1 29 86 98 98 89
73 62 63 96 76 100 100 100 100 99 100 100 96 55 99 82 30 16 0 0 17 43 29 68 26 73 33 99 77 100 99 69 32 0 0 0 0 72 56 64 89 76 100 36 23 2 0 2 74 97 76 100 74 91 100 93 100 47 13 72 35 66 12 33 0 37 44 49 66 85 69 52 100 100 80 77 54 25 9 1 2 0 0 0 8 12 31 18 54 86 96 100 84 97 73 59
85 15 12 74 90 100 100 100 62 29 24 68 68 99 97 92 12 0 0 7 56 40 78 94 100 83 14 49 46 88 99 83 3 0 0 29 77 57 35 9 68 100 86 6 55 7 0 0 32 32 63 100 74 98 100 100 88 44 26 92 71 100 90 25 0 23 73 81 62 100 100 100 100 100 95 98 61 68 28 0 30 42 16 2 23 48 91 70 70 98 99 100 36 56 63 70
62 2 87 100 88 71 97 36 0 10 40 62 100 47 76 25 18 0 0 14 65 67 78 100 100 93 53 7 0 10 83 100 27 0 0 0 48 70 14 48 53 67 41 85 84 0 0 0 6 63 98 68 100 100 100 88 44 7 68 77 99 90 32 0 21 84 58 99 100 86 66 100 100 100 42 20 2 0 0 0 0 72 55 94 97 97 100 100 100 100 66 100 84 44 50 98
8 57 99 50 100 100 42 0 10 74 100 80 66 17 20 16 0 0 0 0 0 0 2 60 46 100 100 98 55 6 6 75 40 2 61 41 73 18 60 83 71 71 96 83 78 25 0 0 0 20 38 81 100 100 100 84 72 15 33 59 58 7 0 1 59 100 100 64 60 81 70 93 90 99 84 3 0 0 0 0 6 21 84 100 100 100 100 100 100 100 100 100 100 77 69 100
20 89 66 42 100 100 74 1 75 59 67 46 0 9 46 70 71 28 43 2 0 0 1 28 4 70 27 77 98 51 2 10 11 1 78 100 87 33 97 72 48 89 58 24 2 11 26 0 0 0 71 100 100 100 100 76 86 9 25 63 33 31 0 4 43 98 100 38 95 100 100 45 42 74 43 0 0 0 0 0 1 90 86 54 88 100 100 100 100 100 100 100 100 100 100 100
85 56 61 97 100 91 84 44 39 15 35 41 5 64 72 100 63 29 74 23 34 1 0 0 0 19 59 22 76 39 82 14 0 6 79 97 13 34 100 23 86 100 20 38 39 84 50 0 0 0 32 99 65 100 79 57 100 41 52 71 36 31 0 41 92 100 100 25 76 97 84 76 50 58 46 0 0 0 0 0 0 6 59 60 83 75 87 100 100 100 100 100 100 100 100 100
96 81 88 100 82 51 7 56 96 39 88 39 80 23 21 48 34 58 71 10 20 1 0 0 0 34 34 0 0 70 65 73 11 0 0 40 49 43 70 93 100 100 89 38 49 99 39 0 0 0 0 12 26 75 70 100 66 40 96 66 49 0 12 54 91 91 99 58 94 86 0 19 23 21 19 71 44 2 0 0 0 19 37 42 69 0 46 77 99 100 100 100 100 100 100 100
89 23 82 100 18 46 53 41 22 88 92 60 48 0 12 59 84 7 0 22 13 46 13 0 0 0 0 0 0 36 80 21 55 7 0 35 47 8 44 67 73 80 73 9 74 98 58 5 0 0 0 14 98 95 87 100 20 36 87 84 25 0 0 40 38 15 95 100 100 9 55 99 83 43 96 71 1 0 0 0 0 0 59 54 49 19 76 86 75 100 100 100 100 100 100 100
92 96 100 88 32 97 86 96 83 79 76 100 100 75 98 40 44 75 40 32 75 90 0 0 0 0 0 0 0 0 2 94 89 26 13 0 21 0 48 44 30 79 73 54 90 44 67 79 0 0 0 0 37 100 100 100 64 15 0 0 0 0 64 92 85 66 72 100 88 42 86 19 96 34 88 24 5 8 0 0 0 0 29 61 66 84 100 100 100 100 100 100 100 100 100 99
95 75 95 100 100 83 100 100 88 60 88 94 51 64 54 51 60 39 3 24 64 80 28 20 62 0 0 0 0 0 4 44 78 70 94 100 87 22 56 97 100 100 79 100 5 49 85 100 86 19 0 0 0 11 57 93 95 39 56 17 0 0 16 60 48 97 100 100 63 90 95 79 100 79 64 84 97 22 0 0 0 0 54 71 99 63 93 100 100 100 100 100 86 44 73 39
72 100 100 100 100 100 99 97 64 49 15 20 39 35 3 12 45 47 51 45 0 20 22 91 30 0 0 0 0 0 20 26 33 100 100 100 98 3 49 79 70 96 100 83 13 55 43 67 85 2 0 0 0 14 3 0 7 1 0 0 0 1 25 79 100 75 81 100 100 95 100 100 100 100 100 86 46 74 29 0 0 0 0 30 45 67 3 75 100 100 100 100 100 95 93 100
84 100 100 100 100 100 100 100 100 47 4 42 73 51 43 27 7 6 48 6 40 77 63 48 73 82 6 0 0 0 0 0 0 28 96 77 46 0 10 28 29 26 79 37 69 64 41 83 92 67 26 1 0 0 0 0 0 0 1 6 59 89 82 29 74 100 100 100 100 100 100 100 93 100 100 100 100 60 29 38 43 -9 0 3 0 24 28 42 70 100 100 100 100 100 100 100
