data/habitatmaps/RS_maps/habitat_Lophophanes.cristatus_2009.asc
NCOLS 369 
NROWS 228 
XLLCORNER 479000 
YLLCORNER 73000 
CELLSIZE 1000 
NODATA_value -9 
[rows 0 to 62 of 228, columns 192 to 287 of 369]
100 100 72 82 89 86 97 39 52 86 98 90 65 70 27 52 20 39 8 84 37 36 7 9 0 27 2 20 0 0 2 58 71 56 -9 -9 -9 -9 -9 -9 -9 -9 -9 -9 -9 -9 -9 -9 -9 -9 -9 -9 -9 -9 -9 -9 -9 -9 -9 -9 -9 -9 -9 -9 -9 -9 -9 -9 -9 -9 -9 -9 -9 -9 -9 -9 -9 -9 -9 -9 -9 -9 -9 -9 -9 -9 -9 -9 -9 -9 -9 -9 -9 -9 -9 -9
100 100 72 13 22 39 69 18 23 44 20 2 0 8 44 38 0 0 48 90 55 28 12 0 2 35 17 40 0 32 24 86 21 79 2 2 10 -9 -9 -9 -9 -9 -9 -9 -9 -9 -9 -9 -9 -9 -9 -9 -9 -9 -9 -9 -9 -9 -9 -9 -9 -9 -9 -9 -9 -9 -9 -9 -9 -9 -9 -9 -9 -9 -9 -9 -9 -9 -9 -9 -9 -9 -9 -9 -9 -9 -9 -9 -9 -9 -9 -9 -9 -9 -9 -9
100 84 2 4 0 0 5 26 38 72 88 56 28 94 91 29 15 0 74 44 4 38 60 0 24 50 9 59 0 2 34 20 12 70 46 6 0 5 -9 -9 -9 -9 -9 -9 -9 -9 -9 -9 -9 -9 -9 -9 -9 -9 -9 -9 -9 -9 -9 -9 -9 -9 -9 -9 -9 -9 -9 -9 -9 -9 -9 -9 -9 -9 -9 -9 -9 -9 -9 -9 -9 -9 -9 -9 -9 -9 -9 -9 -9 -9 -9 -9 -9 -9 -9 -9
50 20 10 27 8 33 12 42 29 74 32 12 17 86 62 64 42 11 50 2 0 0 4 31 15 76 19 1 0 0 0 0 0 4 50 34 0 0 14 0 -9 -9 -9 -9 -9 -9 -9 -9 -9 -9 -9 -9 -9 -9 -9 -9 -9 -9 -9 -9 -9 -9 -9 -9 -9 -9 -9 -9 -9 -9 -9 -9 -9 -9 -9 -9 -9 -9 -9 -9 -9 -9 -9 -9 -9 -9 -9 -9 -9 -9 -9 -9 -9 -9 -9 -9
0 0 0 7 24 12 90 43 4 64 0 0 16 72 24 13 18 14 11 10 9 0 10 62 1 24 60 71 0 0 0 0 0 0 0 28 4 0 3 0 35 -9 -9 -9 -9 -9 -9 -9 -9 -9 -9 -9 -9 -9 -9 -9 -9 -9 -9 -9 -9 -9 -9 -9 -9 -9 -9 -9 -9 -9 -9 -9 -9 -9 -9 -9 -9 -9 -9 -9 -9 -9 -9 -9 -9 -9 -9 -9 -9 -9 -9 -9 -9 -9 -9 -9
4 0 0 28 4 6 47 63 72 27 0 12 91 92 39 2 7 7 13 63 52 46 36 33 28 27 54 17 0 0 0 0 37 0 0 20 0 31 22 15 0 38 -9 -9 -9 -9 -9 -9 -9 -9 -9 -9 -9 -9 -9 -9 -9 -9 -9 -9 -9 -9 -9 -9 -9 -9 -9 -9 -9 -9 -9 -9 -9 -9 -9 -9 -9 -9 -9 -9 -9 -9 -9 -9 -9 -9 -9 -9 -9 -9 -9 -9 -9 -9 -9 -9
45 16 0 54 72 62 34 92 48 13 20 0 96 100 70 62 22 0 0 8 71 34 24 2 12 10 44 62 2 0 0 0 32 0 0 16 0 15 63 35 0 56 23 -9 34 100 97 90 76 64 3 0 0 1 10 -9 -9 -9 -9 -9 -9 -9 -9 -9 -9 -9 -9 -9 -9 -9 -9 -9 -9 -9 -9 -9 -9 -9 -9 -9 -9 -9 -9 -9 -9 -9 -9 -9 -9 -9 -9 -9 -9 -9 -9 -9
48 25 18 56 65 81 0 30 46 55 48 4 72 100 100 98 78 48 2 0 32 63 3 0 0 9 81 86 32 0 2 44 0 0 42 5 35 44 68 10 12 49 56 28 36 75 67 38 88 100 61 1 0 0 0 20 8 0 0 -9 -9 -9 -9 -9 -9 -9 -9 -9 -9 -9 -9 -9 -9 -9 -9 -9 -9 -9 -9 -9 -9 -9 -9 -9 -9 -9 -9 -9 -9 -9 -9 -9 -9 -9 -9 -9
32 40 42 30 46 33 28 48 37 90 68 2 36 97 90 48 52 71 78 28 0 0 0 0 4 0 17 19 0 0 0 0 0 0 36 94 98 82 57 61 70 53 60 50 37 10 31 30 18 60 100 56 6 0 0 0 5 0 0 10 14 18 4 13 34 62 2 0 -9 -9 -9 -9 -9 -9 -9 -9 -9 -9 -9 -9 -9 -9 -9 -9 -9 -9 -9 -9 -9 -9 -9 -9 -9 -9 -9 -9
34 65 36 14 16 38 58 92 40 36 10 0 51 80 58 65 46 84 100 76 52 35 21 8 72 26 0 0 0 0 0 48 4 2 2 32 76 66 90 71 58 24 10 38 86 13 7 61 50 49 62 29 22 35 4 0 0 0 0 0 48 60 66 64 53 98 54 0 0 0 36 40 -9 -9 -9 -9 -9 -9 -9 -9 -9 -9 -9 -9 -9 -9 -9 -9 -9 -9 -9 -9 -9 -9 -9 -9
19 90 48 95 14 78 52 39 0 16 8 25 72 100 83 78 16 80 95 52 49 20 45 22 3 0 0 0 0 0 4 8 51 12 0 0 6 21 83 18 3 0 0 16 63 70 21 19 26 42 60 70 78 79 88 8 0 0 0 0 20 87 66 78 46 72 68 19 0 0 0 10 56 50 -9 -9 -9 -9 -9 -9 -9 -9 -9 -9 -9 -9 -9 -9 -9 -9 -9 -9 -9 -9 -9 -9
2 40 100 69 39 30 8 0 0 13 63 100 88 100 98 82 62 63 71 22 26 10 68 2 0 0 0 10 16 35 10 52 24 28 0 18 72 89 28 6 0 0 0 0 0 8 0 88 61 56 74 64 63 57 67 32 0 0 0 0 0 20 25 0 8 0 38 61 0 0 0 7 78 74 32 79 -9 -9 -9 -9 -9 -9 -9 -9 -9 -9 -9 -9 -9 -9 -9 -9 -9 -9 -9 -9
6 6 45 22 50 16 6 0 0 55 88 100 82 76 88 65 89 75 76 74 12 71 73 51 7 0 0 42 78 68 42 94 72 5 0 12 60 6 0 0 0 0 0 0 0 0 0 50 95 72 38 21 38 42 4 6 36 0 0 0 0 0 0 0 0 13 20 32 0 0 0 0 2 6 0 41 68 100 -9 -9 -9 -9 -9 -9 -9 -9 -9 -9 -9 -9 -9 -9 -9 -9 -9 -9
0 22 12 70 52 72 27 0 50 92 100 88 75 95 47 26 97 64 82 52 42 64 77 64 58 29 17 20 0 0 6 46 75 0 0 0 6 0 0 0 0 0 0 0 0 0 0 8 46 70 28 2 61 66 18 68 95 12 0 0 0 0 0 18 76 84 78 10 43 3 0 2 0 0 0 0 28 36 2 0 -9 -9 -9 -9 -9 -9 -9 -9 -9 -9 -9 -9 -9 -9 -9 -9
35 12 84 34 46 90 8 0 3 26 66 100 98 92 100 80 80 91 74 80 19 79 95 60 59 94 8 0 0 0 18 15 2 14 0 0 0 0 0 0 58 34 0 0 0 0 0 0 0 0 0 10 64 96 99 100 100 78 6 0 0 0 0 2 85 36 36 58 22 54 51 18 50 46 0 0 0 2 0 0 0 10 -9 -9 -9 -9 -9 -9 -9 -9 -9 -9 -9 -9 -9 -9
53 5 40 97 72 20 0 0 0 0 33 100 99 34 97 75 39 76 68 7 19 79 27 35 28 67 62 0 0 0 8 25 0 27 34 38 63 62 38 32 6 3 2 30 15 0 0 0 0 0 0 0 4 34 93 100 97 93 10 1 0 0 0 0 24 51 16 6 66 37 54 0 22 28 8 6 0 42 41 48 62 28 5 32 -9 -9 -9 -9 -9 -9 -9 -9 -9 -9 -9 -9
70 74 46 46 27 0 0 0 0 0 9 40 48 47 82 45 50 9 6 16 59 98 31 8 0 40 96 64 60 59 39 0 1 84 83 43 50 74 55 100 94 74 35 56 4 0 0 0 0 0 0 0 0 6 68 51 28 29 76 54 0 0 0 0 0 14 2 0 3 47 64 16 11 34 46 18 0 21 53 36 30 3 0 0 24 15 -9 -9 -9 -9 -9 -9 -9 -9 -9 -9
67 38 99 13 0 0 0 0 0 0 0 0 0 0 14 49 85 8 0 0 1 36 11 9 0 0 16 39 76 52 80 31 10 64 76 64 46 44 14 99 64 97 90 53 10 0 0 0 0 0 0 0 0 0 1 2 0 14 91 90 1 0 0 0 0 0 0 0 0 48 66 75 18 72 50 6 0 4 45 6 3 0 0 6 30 56 2 -9 -9 -9 -9 -9 -9 -9 -9 -9
17 36 100 8 0 0 0 0 0 0 32 32 1 16 64 71 68 0 20 14 0 0 53 73 56 0 0 0 0 14 99 53 0 58 100 100 98 43 18 46 65 99 56 39 0 0 0 0 0 0 0 0 0 0 0 0 0 0 50 72 4 0 0 0 0 0 0 0 0 0 0 7 8 17 38 26 0 5 9 0 0 0 0 8 32 18 0 0 0 -9 -9 -9 -9 -9 -9 -9
56 70 74 0 0 0 41 67 46 67 82 100 82 99 97 50 26 0 48 94 72 47 31 52 44 24 0 0 1 65 85 6 0 18 75 99 58 48 84 4 23 64 49 8 0 0 2 3 13 7 0 0 0 0 0 0 0 0 0 0 4 7 0 0 0 0 0 0 0 0 0 0 0 0 0 0 0 0 7 0 0 0 0 0 41 53 0 0 0 0 -9 -9 -9 -9 -9 -9
82 58 6 0 0 0 13 68 99 100 100 100 100 100 43 2 10 0 17 58 80 85 25 16 79 24 0 0 54 94 68 10 0 0 2 21 0 0 8 2 19 9 4 0 0 24 57 51 73 54 9 14 6 0 0 0 0 0 0 0 12 46 0 0 0 0 0 0 0 0 0 0 0 0 0 0 0 0 26 2 0 0 0 2 96 48 0 56 15 0 0 -9 -9 -9 -9 -9
20 7 0 0 0 1 6 40 99 100 100 100 97 82 12 0 1 5 0 51 90 96 6 0 34 32 6 0 1 8 45 37 0 0 0 0 0 0 0 0 0 2 31 28 22 82 62 46 81 86 21 62 34 3 0 0 0 0 0 0 0 0 0 0 0 0 0 0 0 0 0 0 0 0 0 0 0 0 0 0 0 0 0 8 100 30 0 74 56 79 64 71 -9 -9 -9 -9
58 22 0 8 20 40 86 55 77 84 100 100 39 6 0 4 10 69 22 0 21 40 23 0 57 40 51 62 0 0 80 69 40 44 10 8 0 0 0 1 35 69 66 42 14 40 48 59 59 65 74 76 54 89 64 12 3 0 0 0 0 0 0 0 0 0 0 0 0 0 0 0 0 0 0 0 0 0 0 0 0 0 0 0 55 50 2 54 64 91 100 100 91 25 -9 -9
7 0 0 80 26 89 88 42 30 46 90 87 34 11 62 26 36 62 32 18 5 55 36 42 62 83 98 58 0 0 75 100 100 96 44 34 49 66 38 67 96 28 0 4 31 5 20 12 36 7 13 21 58 80 100 49 52 30 16 8 0 0 0 0 0 0 0 0 0 0 0 0 0 0 0 0 0 0 0 0 0 0 0 0 0 16 22 90 98 62 58 24 30 26 42 -9
40 7 55 22 88 53 62 18 0 56 66 62 52 0 0 14 12 46 30 11 12 3 3 24 28 39 51 30 0 0 34 69 85 43 90 61 20 37 12 22 37 36 40 14 19 22 0 55 23 10 15 0 0 42 99 94 82 86 22 59 17 37 1 27 0 0 0 0 0 0 0 0 0 0 0 0 0 0 0 0 0 0 0 0 0 10 49 100 83 19 11 32 26 2 2 1
68 30 0 50 69 62 34 18 0 6 60 40 91 71 19 2 40 72 100 12 0 6 14 10 36 10 1 37 28 12 0 0 0 0 4 64 67 89 88 94 1 0 11 49 3 15 30 50 23 32 7 0 0 38 49 17 7 66 53 62 4 27 65 8 0 0 0 0 0 0 0 0 0 0 0 0 0 0 0 0 0 0 0 0 0 9 46 46 8 6 10 76 20 32 26 16
0 0 4 90 66 8 4 6 2 62 34 6 10 52 24 48 92 93 92 28 7 41 44 68 81 18 0 61 81 25 14 12 2 0 0 0 6 27 29 29 22 36 16 53 52 24 69 52 8 12 9 0 12 3 50 4 0 0 0 0 36 1 22 22 0 0 0 0 0 0 0 0 0 0 0 0 0 0 0 0 0 0 0 0 0 0 0 0 0 18 2 0 8 4 6 3
20 39 70 50 36 21 38 62 37 6 0 0 0 18 27 46 48 98 100 74 20 67 28 31 71 9 16 38 24 12 44 68 25 42 0 25 14 7 4 1 19 59 5 18 6 12 4 0 20 37 6 18 40 29 39 13 19 0 24 0 32 51 0 72 40 0 58 9 0 0 0 0 0 0 0 0 0 0 0 0 0 0 0 0 0 0 0 0 8 16 8 0 0 8 21 3
84 80 32 50 27 64 32 69 26 7 13 1 19 69 6 24 51 94 100 37 50 21 4 26 20 52 58 52 12 8 26 21 1 18 16 4 16 22 0 69 78 21 12 34 36 33 11 0 0 0 0 0 0 9 28 18 17 5 21 0 2 34 29 40 24 0 74 66 71 54 0 0 0 0 0 0 0 0 0 0 0 0 0 0 0 0 0 0 15 2 22 0 0 0 18 36
24 5 0 40 9 10 11 6 40 36 63 39 67 50 0 6 32 74 69 58 72 40 0 14 72 46 3 22 27 32 3 20 0 0 2 28 30 14 28 50 20 46 25 10 8 4 30 36 5 0 12 10 0 40 51 48 68 80 30 6 64 14 9 0 0 0 31 28 77 100 33 2 0 0 0 0 0 0 0 0 0 0 0 0 0 0 0 0 0 0 0 0 0 0 0 0
34 18 60 94 18 0 6 46 58 40 2 5 24 7 0 0 0 4 16 48 35 10 0 1 41 15 26 0 29 71 0 0 0 2 2 27 26 26 31 0 0 0 0 24 41 65 37 56 56 34 35 34 1 0 36 30 24 14 2 0 10 6 0 12 14 0 27 0 1 19 0 87 91 35 0 0 0 0 0 0 0 0 0 0 0 0 0 0 0 0 0 0 0 0 0 0
0 28 52 98 0 23 32 52 52 73 39 1 39 8 48 11 3 52 0 0 23 42 0 46 54 5 56 60 4 20 0 0 10 8 12 0 0 21 18 0 0 38 42 98 100 99 47 37 3 11 16 10 40 1 0 0 0 25 0 0 0 7 0 11 19 0 1 0 0 0 0 58 50 2 0 0 0 0 0 0 0 0 0 0 0 0 0 0 0 0 0 0 0 0 0 0
35 61 4 8 12 72 53 5 23 12 7 63 60 36 92 82 30 0 20 17 65 84 15 47 84 14 0 41 20 14 23 54 37 8 25 0 10 14 0 0 27 30 18 54 60 54 62 43 10 0 28 34 5 29 17 0 10 0 0 0 0 26 6 0 0 0 0 0 0 0 18 13 2 0 0 0 0 0 0 0 0 0 0 0 0 0 0 0 0 0 0 0 0 0 0 0
62 62 12 18 35 48 46 2 91 32 16 28 75 24 39 93 62 4 9 10 59 2 14 50 17 22 21 10 4 0 40 10 32 0 0 0 0 48 27 25 3 27 37 2 0 0 14 1 24 0 0 11 21 0 0 2 59 38 2 0 0 0 0 0 1 57 24 0 0 0 26 8 2 0 0 0 0 0 0 0 0 0 0 0 0 0 0 0 0 0 0 0 0 0 0 0
44 91 74 66 100 78 10 2 14 27 80 73 60 63 15 99 100 73 16 51 71 41 11 4 0 5 16 55 94 48 9 0 0 15 15 13 29 7 88 69 65 53 36 22 43 56 26 27 0 14 24 0 0 23 2 0 8 22 46 29 7 0 0 0 15 67 0 16 9 0 25 8 0 0 0 0 0 0 0 0 0 0 0 0 0 0 0 0 0 0 0 0 0 0 0 0
40 68 65 92 59 83 14 7 51 83 58 86 30 56 13 12 44 87 94 41 44 34 19 0 0 0 0 35 35 1 0 5 18 38 7 39 20 3 32 1 69 32 0 43 88 80 25 0 0 16 21 3 16 0 76 37 6 0 5 50 37 0 13 6 16 14 0 52 70 0 0 0 0 0 0 0 0 0 0 0 0 0 0 0 0 0 0 0 0 0 0 0 0 0 0 0
58 95 74 24 1 39 2 0 56 20 46 39 0 17 44 28 54 12 57 34 18 1 68 5 19 46 30 4 7 4 0 36 15 18 10 55 2 18 3 57 36 0 0 0 7 1 0 0 0 0 16 30 15 5 28 25 34 19 17 24 43 3 31 1 43 18 0 16 1 0 0 0 0 0 0 0 0 0 0 0 0 0 0 0 0 0 0 0 0 0 0 0 0 0 0 0
98 66 98 52 58 17 19 0 58 0 0 0 0 3 59 23 26 76 27 0 3 22 22 6 90 16 73 62 4 1 5 5 73 42 58 57 66 66 42 34 16 40 5 0 5 27 42 44 1 15 51 68 47 33 34 4 28 0 61 26 18 19 43 25 12 0 0 0 0 0 0 0 0 3 14 0 0 0 0 0 0 0 0 0 0 0 0 0 0 0 0 0 0 0 0 0
99 96 100 77 50 11 0 0 8 0 8 11 0 42 42 35 0 70 76 45 40 86 1 0 9 3 39 62 0 0 27 34 32 42 47 12 24 10 9 42 23 8 2 0 0 35 50 14 17 43 34 26 22 46 32 5 26 24 38 26 4 20 60 11 0 8 18 40 27 20 38 7 0 0 6 27 20 20 0 0 0 0 0 0 0 0 0 0 0 14 0 0 0 0 0 0
14 23 41 69 0 0 0 0 0 0 27 24 16 50 40 26 0 46 50 52 75 36 32 44 0 0 0 0 2 39 30 0 0 37 76 68 0 18 12 6 44 2 0 18 0 22 18 0 2 36 7 10 49 10 6 32 0 7 3 0 0 5 16 11 45 37 24 6 20 1 34 10 0 0 0 5 3 3 10 7 0 0 0 0 0 0 0 0 0 14 10 0 0 0 0 0
0 0 0 0 17 0 0 18 27 0 0 28 0 52 60 13 11 4 41 54 14 61 63 88 6 11 14 2 1 73 98 31 33 44 67 76 18 15 48 0 2 37 0 8 11 17 0 23 4 31 21 0 26 19 33 25 33 30 23 0 5 19 38 30 59 3 26 0 0 0 2 41 52 17 0 0 8 34 30 5 21 0 0 0 0 0 0 0 0 0 0 0 1 0 0 0
46 34 58 43 12 0 0 0 0 5 0 0 0 0 52 28 89 56 66 34 19 47 95 41 27 97 100 58 0 8 87 50 17 8 30 19 38 48 2 9 0 61 16 31 0 3 0 11 1 32 10 11 30 20 13 21 8 0 0 3 0 37 28 26 28 0 4 0 14 48 23 13 12 40 2 0 8 46 0 1 19 1 3 1 6 0 14 58 5 0 0 0 28 0 0 0
87 82 94 66 43 50 21 0 8 15 8 34 0 40 56 19 32 36 64 46 2 6 6 72 56 100 100 97 65 12 32 52 64 39 33 57 60 74 82 94 62 18 40 13 17 12 0 10 3 0 0 37 55 5 0 0 0 22 26 87 20 9 0 38 12 0 3 16 44 65 99 84 46 7 16 2 22 21 0 37 38 17 36 28 49 65 42 50 0 0 2 22 22 6 0 0
16 22 56 83 10 48 60 49 1 28 3 42 1 0 0 24 49 21 18 6 29 15 64 69 54 90 100 88 41 7 53 69 51 56 56 80 82 45 30 43 46 36 0 0 0 0 7 40 14 0 14 44 39 38 26 16 25 24 29 19 1 21 20 16 42 16 18 31 18 0 37 38 59 38 38 76 56 13 36 73 16 62 81 54 42 19 42 20 26 10 20 33 56 35 56 8
1 14 25 32 0 2 4 41 87 59 0 0 0 0 0 0 1 38 42 41 23 48 36 2 53 87 91 57 68 32 43 56 21 85 32 87 57 91 24 95 34 18 76 25 0 6 76 4 52 0 4 20 0 8 10 0 4 14 2 14 40 29 44 13 4 2 0 5 39 3 49 53 14 42 73 14 35 0 44 37 42 16 14 31 18 4 8 26 31 63 60 32 34 30 3 0
0 0 0 0 0 0 0 0 36 83 41 0 21 0 8 34 49 3 7 51 6 34 21 32 63 14 38 53 57 80 40 24 26 49 24 56 58 66 15 62 71 46 48 33 0 14 31 38 50 50 15 22 0 16 30 48 0 4 40 68 5 5 15 1 0 6 0 14 39 54 58 16 26 48 43 0 1 13 16 54 39 20 36 41 64 42 14 36 60 42 52 44 22 28 0 0
42 53 31 1 46 3 2 42 0 0 3 0 43 0 25 95 100 47 0 38 63 22 37 46 45 12 22 80 38 22 57 58 61 48 22 68 54 60 68 75 27 61 53 39 13 26 46 88 86 34 56 41 1 0 7 30 0 0 36 16 8 0 39 3 0 20 5 43 35 36 2 23 54 40 4 2 20 14 42 16 51 44 9 40 33 52 35 14 26 23 11 62 23 1 0 0
38 63 79 84 61 51 57 25 2 1 18 21 0 0 0 42 49 10 0 29 54 2 32 8 66 26 44 53 16 0 16 84 16 21 36 66 93 59 87 63 41 25 34 26 70 50 52 15 16 40 11 2 56 0 26 14 1 0 0 32 54 29 3 6 0 0 0 26 28 36 1 42 13 1 27 11 10 43 45 1 28 50 41 10 10 18 40 36 44 54 34 48 52 13 0 0
3 31 62 52 8 44 54 60 69 9 41 0 0 0 0 0 0 0 0 24 91 88 18 20 26 20 47 46 38 25 56 42 0 83 40 39 62 50 83 79 57 55 52 74 54 6 46 36 6 14 0 0 19 50 89 69 40 37 11 2 0 24 42 11 0 7 19 31 1 1 25 13 21 49 62 55 59 53 84 17 13 37 18 10 34 44 46 64 67 56 63 67 26 7 0 0
0 29 0 0 0 0 18 5 25 29 44 0 0 0 0 0 19 37 13 0 5 90 27 17 23 15 24 8 25 97 22 24 43 37 36 38 78 62 78 74 67 52 58 91 84 44 21 46 19 7 24 14 20 36 56 34 38 56 50 35 29 14 41 13 62 28 2 62 30 26 38 53 52 17 20 36 50 27 18 10 34 40 17 38 84 33 75 78 68 18 0 1 0 0 0 0
0 0 35 26 0 0 0 0 0 9 38 3 13 79 25 0 0 0 0 0 20 62 37 68 52 4 28 29 28 44 48 77 52 28 46 28 61 80 80 67 65 60 50 48 82 54 9 5 14 20 47 22 24 30 44 34 66 45 70 64 12 4 30 55 33 40 1 0 0 22 36 40 31 29 29 27 0 27 38 39 47 36 62 78 51 34 17 24 0 0 0 0 0 0 0 0
4 0 4 0 76 61 5 0 0 0 0 0 23 98 86 44 10 0 0 0 0 0 2 0 50 32 1 0 26 0 44 26 71 18 45 39 60 62 52 57 54 72 77 88 96 26 17 44 19 19 42 13 5 46 69 39 16 39 28 78 6 7 18 37 61 36 4 2 2 22 22 25 20 55 15 41 0 21 37 38 48 68 60 69 87 33 31 0 0 0 0 0 0 0 0 0
36 86 8 13 89 100 72 1 0 0 0 0 0 20 58 42 65 28 0 0 0 0 0 0 20 22 54 0 0 0 8 2 76 75 48 10 61 86 62 80 96 95 60 68 41 28 18 27 6 13 28 4 10 23 24 42 47 20 58 70 43 7 24 40 44 20 33 34 50 34 50 3 0 30 14 51 32 21 16 45 60 58 33 57 66 20 19 0 0 0 0 0 0 0 0 0
30 94 28 10 8 30 77 26 0 0 0 0 0 9 78 86 96 95 39 0 0 0 0 7 74 31 28 57 23 0 26 50 22 25 5 45 28 22 37 66 97 80 64 57 43 5 31 40 4 14 26 2 12 24 51 38 41 48 38 55 32 13 66 56 44 3 21 36 35 58 8 42 25 26 27 23 26 26 42 18 2 0 21 22 47 39 1 0 0 0 0 0 0 0 0 0
26 80 32 4 24 12 59 97 17 0 0 0 0 0 67 49 44 43 20 33 2 0 0 0 8 46 58 39 47 0 15 43 5 10 67 76 44 56 83 54 41 63 72 96 88 89 53 34 45 18 1 0 11 40 17 21 12 60 42 30 44 65 72 42 25 19 39 0 26 10 0 11 5 5 28 26 12 34 16 4 2 30 66 97 100 98 10 0 0 0 0 0 0 0 0 1
14 3 39 52 34 57 47 77 67 17 0 0 0 0 4 19 28 33 5 15 39 0 6 45 2 10 0 0 0 0 0 26 32 46 70 53 40 73 82 82 70 58 64 70 100 81 51 76 68 42 31 1 6 44 16 18 37 38 44 60 89 68 42 44 29 23 19 15 32 12 22 60 64 43 50 36 18 16 0 2 45 82 82 86 68 34 8 0 0 0 0 0 15 0 0 10
13 40 52 6 5 42 34 33 32 64 36 0 0 0 0 5 44 4 10 17 7 43 0 0 5 0 0 1 1 1 0 0 0 7 21 11 16 51 48 86 65 48 48 68 70 100 60 60 92 55 14 21 6 13 8 34 62 28 17 57 97 69 20 25 12 4 24 35 12 26 30 47 39 7 0 3 7 0 0 3 18 12 7 60 83 98 41 12 0 0 0 0 6 78 24 16
0 28 26 53 3 38 32 0 38 44 16 0 0 0 0 16 99 68 1 33 62 8 6 0 0 0 0 1 70 48 4 0 0 13 50 52 4 13 26 50 46 44 72 98 82 91 73 85 61 40 42 16 40 20 38 37 44 27 36 65 78 32 28 18 2 25 48 60 34 15 16 12 3 5 15 22 40 40 2 0 0 5 46 46 59 100 99 79 52 29 0 0 0 18 17 86
2 19 40 56 3 31 13 11 56 43 3 0 0 0 0 7 36 26 34 0 25 22 47 13 0 0 1 32 24 8 2 0 0 3 20 40 28 17 53 28 29 30 57 98 100 76 95 64 36 60 57 40 53 18 31 58 41 41 24 25 24 3 0 2 34 51 36 19 0 13 40 53 10 46 58 30 19 22 53 8 6 23 29 13 63 83 59 55 52 0 0 5 4 0 16 14
4 25 92 36 8 27 0 23 51 69 30 0 0 0 0 0 18 84 30 26 17 36 24 34 5 4 25 1 0 18 30 1 0 0 24 53 18 36 59 18 9 39 92 82 100 100 68 81 50 70 40 16 54 18 76 84 47 51 64 10 31 33 36 3 30 17 58 16 14 68 58 46 56 52 32 61 46 57 55 45 8 4 12 25 71 42 79 64 54 34 0 22 16 22 13 0
20 33 29 3 35 9 53 28 38 60 63 3 6 0 0 0 0 14 40 40 74 70 38 5 25 9 0 20 13 34 20 1 2 0 9 14 54 2 42 30 8 5 68 90 92 98 72 88 60 55 42 42 61 28 33 24 20 12 44 54 20 34 5 35 58 68 50 27 23 39 33 70 58 47 44 55 66 69 49 15 6 20 20 32 44 22 81 59 22 19 17 0 0 4 13 11
24 0 28 38 36 3 48 54 37 35 55 28 57 3 0 0 0 9 4 0 46 80 69 2 24 35 0 0 0 4 12 3 49 39 42 12 28 17 70 31 6 15 38 32 74 86 42 59 71 85 82 65 40 28 21 25 36 32 45 27 16 42 42 46 91 74 78 52 34 38 40 48 41 57 66 82 86 74 40 45 0 36 12 21 10 62 68 42 0 67 34 0 0 0 27 9
17 4 68 87 14 4 58 65 32 92 84 36 20 3 0 0 0 0 0 6 34 84 75 21 16 2 10 33 32 0 0 10 28 54 8 1 5 36 26 19 24 38 30 54 53 32 15 16 74 78 72 26 36 42 4 54 26 54 54 38 24 44 22 52 57 46 20 70 57 74 77 49 58 99 75 32 43 24 55 56 48 35 85 13 30 87 23 3 23 50 72 23 0 0 0 0
