data/habitatmaps/RS_maps/habitat_Fringilla.coelebs_2020.asc
NCOLS 369 
NROWS 228 
XLLCORNER 479000 
YLLCORNER 73000 
CELLSIZE 1000 
NODATA_value -9 
[rows 62 to 123 of 228, columns 96 to 191 of 369]
18 89 70 27 69 62 71 60 55 36 38 42 29 83 92 97 53 12 67 92 89 95 64 59 69 61 51 51 54 71 58 83 72 55 60 64 46 9 16 39 1 1 89 75 82 83 100 74 18 4 39 24 50 75 22 59 36 14 92 57 51 5 45 100 75 62 61 59 29 74 39 26 54 15 37 24 50 22 25 27 83 64 44 0 55 97 38 17 42 77 43 63 0 10 23 9
90 77 16 41 28 31 29 87 100 83 78 96 100 47 47 72 47 55 64 43 86 75 56 42 28 18 32 15 68 66 66 81 59 93 76 56 55 68 78 86 92 96 94 100 77 71 47 6 3 36 33 65 80 73 73 83 52 93 98 82 52 48 19 65 93 96 90 71 26 29 30 27 68 29 21 24 79 50 28 33 55 85 48 0 15 48 1 24 31 41 35 10 16 34 56 16
41 9 36 14 2 48 61 50 55 69 35 34 69 62 75 85 85 59 32 83 87 48 25 12 25 56 53 80 74 71 25 52 50 87 77 96 78 82 93 90 97 100 24 29 34 0 0 0 33 55 56 69 57 63 19 38 34 74 100 72 59 97 93 69 74 94 87 24 22 92 81 1 76 79 75 30 42 30 50 5 60 51 33 0 0 52 0 0 41 53 29 8 21 55 39 26
6 20 25 64 77 28 20 9 9 20 36 44 61 55 66 69 76 82 99 42 37 18 34 68 75 55 68 95 69 5 17 46 66 86 81 63 45 63 31 44 52 56 79 75 80 0 18 28 53 80 16 48 40 67 57 81 62 44 100 68 24 84 50 52 66 76 88 36 68 51 57 2 63 87 8 8 13 43 50 0 42 41 71 34 0 15 4 27 32 77 27 26 28 91 85 15
48 47 25 52 67 54 41 36 60 80 89 77 55 59 34 36 48 96 100 82 64 79 90 60 66 70 99 50 39 90 100 100 56 55 77 50 66 94 23 21 5 30 35 0 8 15 9 84 100 36 73 8 12 40 70 95 97 96 78 9 21 87 86 60 29 87 100 69 12 57 38 1 22 57 28 43 21 72 13 14 58 100 98 44 0 27 51 6 0 67 30 7 0 19 69 50
12 24 31 44 63 47 60 86 58 50 20 50 65 39 32 39 69 90 87 67 37 65 77 39 33 93 100 98 84 80 57 82 95 82 20 61 13 58 35 5 67 58 10 54 57 56 76 89 99 29 17 50 95 59 43 88 45 100 100 26 39 62 76 65 0 38 32 33 73 67 59 10 17 6 50 64 49 21 92 59 68 85 75 87 26 20 51 88 35 43 99 16 0 29 17 59
33 32 44 42 59 61 35 34 38 62 73 73 36 58 23 12 31 59 49 42 78 47 75 99 72 84 82 100 80 100 99 98 88 69 39 22 46 52 38 0 52 30 83 74 73 100 59 50 45 35 61 59 5 54 57 100 95 39 34 5 19 20 23 37 30 80 43 75 64 57 27 28 20 47 14 88 59 57 30 95 59 81 59 20 50 0 46 36 19 22 52 31 27 2 24 41
8 39 70 74 70 40 71 24 47 52 11 15 72 59 58 76 51 69 98 100 98 73 64 51 86 100 100 100 92 92 90 54 39 82 67 41 63 69 6 0 18 50 39 37 75 64 37 13 32 77 99 11 34 85 64 67 45 28 37 23 30 34 87 78 13 46 74 78 78 96 22 4 0 56 26 21 9 75 7 27 35 70 27 0 60 13 23 11 18 9 6 35 12 18 31 17
29 22 54 37 29 12 27 23 30 11 45 15 36 89 77 81 80 58 20 46 56 53 63 94 100 100 41 49 38 49 45 52 94 69 89 49 26 28 8 0 36 86 54 34 93 11 9 26 71 64 90 34 56 92 83 31 23 74 44 53 46 85 74 49 62 1 38 69 70 76 15 4 19 5 11 22 4 33 56 43 21 32 0 24 64 32 68 73 0 0 39 77 33 11 27 10
62 53 22 44 93 22 77 22 22 73 100 91 89 0 39 53 41 45 99 79 92 100 82 70 57 19 21 37 38 96 98 68 100 45 19 24 74 32 47 20 33 60 52 56 26 48 46 63 70 47 71 69 64 100 92 4 3 10 11 30 26 50 22 24 47 48 40 86 81 36 3 10 17 10 73 51 26 3 37 17 37 15 5 3 75 32 5 42 50 27 18 58 42 2 10 21
29 28 48 56 54 43 90 80 75 74 23 37 48 96 86 61 51 80 98 93 100 100 15 61 4 38 43 0 18 32 84 90 73 55 41 77 60 21 75 80 84 58 20 43 26 95 71 10 16 77 91 94 69 71 23 0 0 58 18 31 29 35 3 59 7 53 68 10 28 11 11 43 22 0 4 52 16 9 35 0 2 51 62 16 33 15 0 6 30 8 7 44 61 29 13 26
56 28 24 25 92 99 78 78 79 93 81 71 65 86 56 56 97 97 100 70 94 100 84 78 22 31 32 0 0 0 11 53 72 60 31 60 68 6 28 52 100 42 69 56 40 38 46 27 33 47 66 33 75 26 24 51 0 52 55 3 27 0 20 82 79 82 89 38 22 17 0 39 19 33 0 44 18 13 15 0 0 0 25 35 39 26 6 0 0 16 25 19 84 31 0 0
3 17 51 12 39 98 75 61 91 65 62 53 76 86 34 51 53 13 93 80 75 100 28 3 0 24 0 0 9 67 59 79 59 61 30 75 42 34 46 26 25 22 43 39 98 76 10 23 17 23 26 73 83 86 54 18 0 25 7 24 0 6 25 56 66 77 75 100 35 39 41 54 33 60 71 10 0 18 16 0 13 8 20 22 64 21 21 0 19 14 0 9 34 16 0 0
52 45 55 76 65 63 63 68 79 80 55 67 7 37 100 97 89 75 52 91 5 15 16 0 0 23 23 3 20 49 97 56 73 76 74 23 74 39 48 18 55 27 12 51 36 27 18 8 42 57 11 14 58 55 37 38 50 24 54 33 3 13 10 1 28 25 16 42 42 50 12 22 0 36 46 39 38 48 34 0 49 76 8 34 72 0 0 0 42 14 0 31 27 50 10 1
30 58 50 55 72 93 97 24 14 93 65 74 66 85 47 43 61 65 31 3 0 0 0 14 16 47 50 27 85 85 48 80 25 63 64 77 64 43 20 63 71 37 12 66 22 40 59 85 57 49 33 19 39 60 43 17 39 71 51 17 17 9 5 20 28 5 56 0 0 0 1 27 2 7 39 85 29 7 19 22 36 35 7 6 0 0 22 20 5 74 10 0 5 33 29 53
49 60 33 16 21 77 90 95 74 65 81 100 79 82 77 50 55 47 34 0 0 0 0 36 57 67 53 87 91 39 29 34 42 65 76 49 42 33 55 22 80 30 61 14 28 64 82 25 45 74 23 28 28 13 35 7 86 44 30 35 0 31 30 3 75 33 37 4 0 0 7 41 34 16 11 38 23 0 0 24 22 4 8 20 0 26 1 5 2 56 23 3 6 29 12 5
45 23 17 0 14 49 40 30 21 82 100 100 47 25 84 82 31 0 0 0 0 19 45 79 80 70 82 73 54 61 29 45 64 44 92 64 78 44 54 10 22 30 72 56 37 34 19 10 27 2 0 15 41 27 80 84 45 12 22 20 22 4 30 33 10 45 14 8 22 3 53 65 52 0 12 13 7 0 0 24 10 0 8 10 46 0 0 24 20 22 6 60 20 25 0 0
77 15 22 45 53 76 33 86 62 100 100 100 61 72 81 21 3 20 11 23 37 29 41 97 62 20 0 1 32 35 40 45 47 28 59 96 76 39 46 2 9 12 32 62 46 17 38 50 19 31 7 32 69 10 5 15 17 32 15 12 15 16 11 23 30 39 9 20 58 9 19 56 0 0 19 2 8 34 0 0 0 16 27 34 17 25 14 23 38 2 10 15 8 0 0 15
88 50 31 45 90 88 76 88 94 87 57 78 100 78 22 27 26 37 58 98 72 56 22 48 39 54 2 30 77 86 16 12 68 23 17 78 3 11 57 45 51 19 70 16 44 35 55 45 5 32 41 29 29 58 16 20 24 30 24 16 55 75 42 28 37 30 39 16 53 0 21 7 0 0 0 0 6 40 0 0 0 41 15 14 0 0 8 0 13 4 23 49 27 0 35 3
32 62 77 77 53 76 99 86 31 36 86 98 61 18 8 3 42 85 86 53 72 26 35 84 83 30 4 70 93 14 0 34 93 94 5 61 36 65 15 53 62 61 34 33 27 34 13 43 14 57 35 25 20 33 21 71 29 23 9 2 16 38 26 61 31 76 71 18 77 25 38 29 0 0 0 3 0 0 14 0 0 35 22 16 0 36 40 20 3 0 3 37 24 52 44 34
80 45 2 46 52 96 63 10 5 86 68 48 74 47 28 36 45 25 15 29 40 2 14 18 43 57 36 47 30 20 52 52 31 22 15 66 0 17 9 34 22 64 47 33 20 51 64 19 43 49 15 0 22 19 58 42 28 41 13 18 8 22 20 21 19 69 94 41 20 8 2 0 2 31 46 35 9 0 0 23 20 18 26 12 20 4 11 20 48 21 35 7 6 25 20 13
9 24 52 61 78 44 3 6 53 45 99 51 62 100 37 27 25 30 40 13 34 12 29 97 61 22 0 0 22 34 54 45 13 0 27 12 0 14 39 30 30 18 84 25 16 21 48 20 59 33 9 4 84 64 25 26 47 26 11 1 0 3 12 19 10 52 32 43 24 19 0 20 18 19 2 37 20 0 33 31 7 37 24 9 47 0 0 9 28 18 27 39 79 13 37 26
6 56 97 59 27 0 0 61 5 56 61 67 48 76 51 54 90 62 14 90 86 69 73 12 4 0 0 0 51 2 19 5 25 7 0 0 8 36 91 44 71 66 22 36 30 58 27 0 37 18 31 3 8 62 4 0 16 24 25 0 0 9 2 0 13 9 0 19 25 5 0 6 16 12 2 21 47 16 4 36 25 27 51 3 39 3 18 93 59 45 0 36 58 64 43 15
56 68 51 45 14 0 0 15 50 86 64 6 13 4 19 19 45 42 27 24 40 9 5 6 1 30 31 29 29 42 67 29 5 31 57 27 19 61 74 92 83 63 81 75 42 46 58 36 10 2 36 17 25 0 1 0 2 1 6 61 18 3 34 23 12 0 0 0 24 29 18 0 0 27 2 4 35 44 10 10 5 33 25 8 22 0 27 94 49 39 0 58 73 67 52 8
95 55 16 1 0 0 0 32 62 89 56 11 0 0 91 64 62 55 48 93 20 1 4 29 43 64 56 59 44 70 58 39 22 66 37 46 97 34 23 71 93 47 30 35 54 72 31 28 8 9 22 0 0 0 0 0 39 0 15 85 14 18 41 16 24 5 4 0 13 38 30 27 0 2 0 0 16 60 15 30 11 0 28 1 0 7 21 59 100 53 28 53 48 67 64 11
35 0 26 11 0 0 24 56 58 48 18 0 0 40 45 98 55 40 40 94 16 49 37 52 32 47 73 39 82 64 26 37 18 30 93 40 33 41 61 65 46 43 2 12 32 2 7 7 29 44 3 19 46 31 0 0 14 9 33 20 16 3 29 30 11 40 14 0 23 53 62 29 23 40 0 0 64 60 0 0 0 0 31 37 0 4 0 61 35 62 68 54 52 81 36 61
13 0 13 0 0 0 40 52 26 11 22 0 8 53 2 40 70 46 26 14 21 15 15 57 41 25 51 26 29 35 84 79 3 12 76 25 38 27 30 76 73 37 33 48 50 29 26 3 0 0 18 26 81 8 12 17 44 16 64 26 44 8 35 33 1 25 33 30 68 31 31 70 41 62 21 6 28 20 17 38 34 40 0 0 0 0 7 28 45 87 38 83 65 31 41 71
0 0 0 0 0 49 26 7 17 32 0 4 29 61 15 14 0 24 26 48 50 16 63 31 1 40 19 26 12 24 56 14 0 23 65 29 51 21 57 85 84 21 32 73 32 22 22 16 0 24 21 19 50 67 71 68 76 77 78 73 56 2 47 20 5 32 40 47 49 49 70 59 71 29 13 40 38 44 59 62 41 25 16 1 48 6 51 74 89 95 70 26 43 77 100 94
0 0 11 43 75 39 8 37 0 4 0 8 38 41 65 0 0 25 0 21 39 28 20 16 69 59 62 7 42 29 68 1 21 54 28 12 53 17 68 95 48 0 19 18 13 11 6 26 23 4 25 23 37 19 54 78 66 55 81 76 75 29 31 47 25 26 49 38 56 61 29 43 38 28 36 24 54 61 59 35 14 55 40 0 0 11 57 71 52 61 77 21 4 7 39 63
41 55 76 44 53 7 51 32 0 0 4 45 61 53 1 35 0 0 34 65 48 35 30 18 4 35 16 0 34 19 4 20 42 13 58 28 87 73 50 73 38 21 66 15 6 6 28 18 18 19 1 22 34 56 88 73 70 70 62 63 57 46 30 34 47 13 40 37 54 73 37 25 33 18 39 50 48 20 31 9 17 62 19 59 67 43 79 53 90 100 39 85 94 24 1 32
59 64 90 58 0 28 30 0 0 0 4 60 15 17 41 13 11 49 32 75 52 64 77 76 31 13 11 2 49 31 36 21 54 28 55 77 42 49 45 65 54 35 24 3 22 26 13 29 78 60 36 39 54 51 88 80 86 52 56 24 69 20 42 59 74 74 89 83 58 63 28 48 26 14 57 30 0 36 28 0 12 46 25 38 44 80 56 74 61 54 64 72 74 31 0 0
35 36 56 22 53 24 0 0 0 58 35 39 27 1 25 83 94 73 93 71 37 26 64 28 11 61 64 0 26 58 57 22 70 80 24 59 64 39 36 21 33 59 19 28 33 36 13 32 49 11 0 4 61 86 77 89 100 69 34 16 52 75 60 94 78 71 78 60 58 56 39 37 1 0 48 17 66 46 51 21 15 37 57 83 83 99 66 49 65 28 65 74 21 29 0 0
23 11 4 21 51 0 0 0 13 51 10 17 70 58 89 100 70 49 51 40 23 12 63 27 15 27 56 51 65 69 100 77 81 59 44 42 32 32 75 89 27 65 55 85 46 0 42 24 22 17 36 19 36 43 69 74 77 28 66 82 86 86 85 100 96 83 95 72 52 45 64 38 0 7 42 40 77 74 47 45 68 58 98 37 33 95 74 60 81 89 75 33 38 52 0 0
15 0 12 0 1 0 0 6 81 69 4 39 24 24 47 65 75 17 19 56 48 20 19 18 13 88 85 85 85 88 100 100 67 34 29 82 46 32 24 45 20 14 9 63 46 35 53 38 27 51 52 39 67 43 68 73 77 97 80 91 86 82 100 89 80 83 79 86 50 28 82 24 43 38 40 17 43 40 63 96 68 55 82 71 53 91 95 60 100 83 36 47 20 8 0 18
0 23 52 13 0 0 0 29 62 57 18 44 36 9 66 24 17 12 5 21 10 13 22 9 35 33 68 41 62 72 61 36 54 80 94 56 42 64 39 29 62 26 35 15 5 28 10 14 3 56 42 44 57 54 76 77 33 98 79 60 50 33 98 61 100 100 91 84 39 54 75 7 37 3 12 58 67 68 88 72 52 82 72 49 57 89 70 45 87 18 16 73 0 0 25 78
24 55 3 0 0 0 0 0 60 15 25 34 29 64 81 2 21 50 48 38 31 3 43 40 48 79 83 19 75 41 56 76 74 66 81 87 64 12 59 51 52 27 37 30 21 29 58 32 9 25 15 4 56 76 61 49 38 61 83 68 51 37 73 55 92 84 67 88 61 60 40 14 39 19 17 19 53 95 79 100 68 76 18 53 71 75 22 0 58 40 25 55 20 31 70 39
0 0 0 0 0 0 75 46 63 59 37 34 28 65 72 45 38 22 55 48 79 21 39 72 88 100 99 65 96 86 33 48 54 45 44 23 34 53 35 34 38 22 24 18 0 0 25 61 47 27 7 48 50 43 57 57 68 61 63 39 63 46 34 93 93 64 42 60 43 41 24 34 39 96 96 55 22 46 94 92 31 15 0 17 52 0 0 4 74 83 50 88 52 68 61 92
61 2 0 0 0 0 29 4 0 25 14 64 35 18 31 60 47 18 27 43 85 91 100 100 67 76 45 14 45 34 25 13 21 36 11 0 20 31 62 44 48 16 11 0 20 15 65 40 18 1 49 53 46 31 59 48 88 53 57 57 42 66 69 81 56 77 48 51 30 1 2 0 39 61 67 41 68 38 51 21 0 24 81 44 32 0 1 32 97 27 2 3 26 44 19 72
48 80 6 0 0 31 2 11 34 0 23 32 25 18 41 33 38 42 14 26 95 100 81 56 49 42 52 28 97 97 73 53 56 57 36 42 30 39 35 55 42 47 0 8 12 37 44 34 17 40 36 69 22 56 57 60 59 68 65 39 73 59 35 8 27 10 5 23 31 37 18 41 77 32 56 51 63 35 56 90 29 1 59 77 62 58 33 72 23 1 29 67 32 27 14 57
0 55 32 47 14 40 34 37 31 46 38 38 22 80 36 59 15 8 34 42 66 100 55 83 39 58 86 95 62 96 61 49 26 24 26 1 33 42 26 50 14 41 47 59 59 46 46 39 14 16 44 62 36 45 41 25 43 82 41 48 75 70 66 61 26 1 4 30 44 42 37 36 74 41 46 28 31 56 51 69 65 63 60 88 62 96 50 31 31 23 45 11 41 60 82 54
9 44 42 0 0 0 29 38 28 38 36 1 21 36 45 55 2 16 16 7 35 66 54 81 93 100 100 100 52 90 76 62 19 10 20 6 5 0 28 31 20 68 62 28 96 89 73 27 0 39 36 55 40 18 30 51 51 39 45 66 74 55 79 64 5 36 22 4 10 28 65 48 56 25 37 33 23 53 53 61 87 51 77 69 74 58 45 35 46 58 34 11 100 73 32 14
77 13 27 11 1 72 30 7 20 30 46 22 6 13 77 76 47 50 28 26 51 90 96 88 92 96 92 76 97 84 75 47 42 3 70 33 40 8 12 10 13 11 0 21 43 65 42 43 37 35 58 68 38 35 21 76 37 50 49 46 27 69 62 28 10 16 22 35 21 59 72 31 58 0 38 61 52 87 85 75 90 98 81 84 99 40 3 48 56 100 61 72 90 16 9 16
52 24 9 64 63 79 11 61 15 36 12 0 5 71 77 71 98 64 80 32 36 35 53 68 81 42 43 47 21 68 60 23 32 38 29 29 36 48 23 34 11 13 26 21 31 50 47 0 39 84 55 74 54 51 19 51 32 52 50 59 55 55 47 9 0 51 20 77 59 69 60 20 17 13 45 66 37 75 64 74 79 100 94 66 83 43 19 11 18 85 47 51 27 3 13 77
27 12 23 37 52 8 3 14 23 84 5 8 28 100 99 66 41 60 53 1 54 14 62 68 73 40 53 51 0 22 24 4 11 7 31 17 20 2 4 16 43 12 8 6 65 30 47 20 27 29 26 64 49 65 63 52 78 65 49 41 12 46 43 11 42 40 62 55 49 61 41 0 0 0 26 74 58 65 80 89 61 68 83 98 58 50 17 17 17 18 37 75 49 12 6 43
49 37 31 0 0 24 56 59 45 100 70 11 6 43 87 24 3 9 55 16 45 22 34 62 73 60 33 31 13 48 20 22 19 37 0 33 18 6 28 51 45 42 46 58 20 18 23 15 39 27 41 25 56 59 55 51 73 61 32 30 43 19 7 56 54 63 29 48 6 48 54 9 0 4 7 44 35 27 94 90 16 37 38 19 3 19 57 23 74 25 9 65 21 41 80 59
21 21 5 2 49 93 16 10 34 58 34 27 1 42 47 82 65 57 48 6 23 24 31 30 18 4 44 28 81 70 12 48 47 34 23 0 7 65 91 33 2 35 14 43 16 21 45 53 38 64 11 42 56 29 40 27 35 47 82 60 34 37 28 46 51 13 25 54 32 2 26 1 0 5 17 8 48 62 48 55 19 20 2 0 4 41 76 49 0 0 34 37 28 11 39 82
31 22 14 0 12 67 21 46 24 19 7 17 34 19 64 2 3 28 31 61 59 68 14 56 33 72 30 26 53 53 42 62 48 10 16 27 18 34 28 34 7 40 29 47 29 41 24 43 53 48 60 42 74 28 26 51 39 57 65 13 36 60 54 87 83 45 4 30 54 27 65 56 30 19 0 18 78 58 66 45 6 28 26 64 23 9 29 15 8 9 69 29 39 0 34 78
36 17 39 44 0 2 39 13 4 21 18 9 1 11 37 23 17 39 34 14 15 0 17 13 19 3 10 7 32 35 42 50 91 48 76 0 7 11 85 24 18 3 62 62 78 66 55 15 27 47 78 59 16 41 73 62 37 53 54 16 21 26 68 27 28 32 11 26 29 49 84 57 66 24 32 34 19 39 100 74 26 35 34 8 0 36 19 0 33 83 16 0 0 0 54 80
55 50 50 18 0 0 0 3 0 10 2 33 70 30 11 37 0 28 60 53 30 0 0 22 2 0 0 9 45 31 47 6 75 74 21 4 23 50 34 6 42 52 93 81 60 44 39 57 30 32 33 43 11 70 80 53 64 43 43 52 24 56 68 22 47 11 61 74 36 19 52 58 65 74 22 65 0 70 45 20 45 85 20 0 18 50 14 48 84 57 0 6 8 18 80 18
70 37 25 6 0 8 24 8 25 12 48 17 10 3 16 1 8 52 24 36 69 13 10 26 18 0 1 8 95 24 49 3 21 25 0 13 7 33 14 42 91 86 77 59 7 37 42 35 55 41 53 27 33 41 54 71 47 66 39 48 48 90 100 63 65 38 6 33 42 2 56 69 71 37 53 81 97 100 59 23 4 34 0 19 49 60 84 75 83 48 32 70 29 21 87 61
43 43 4 0 16 66 70 11 1 37 21 7 33 33 8 50 89 14 6 16 62 35 45 3 7 41 67 31 26 15 46 30 40 24 16 55 68 54 28 97 44 38 29 14 33 73 68 46 35 46 75 28 64 42 54 46 43 56 57 33 74 74 95 35 28 4 0 0 37 22 57 68 90 16 25 65 78 91 57 32 4 20 19 63 65 85 63 53 37 61 45 43 3 65 92 77
0 26 0 27 28 59 16 0 0 31 43 10 8 14 34 31 61 23 7 53 56 6 8 10 33 14 2 26 23 18 4 21 39 32 44 32 48 100 77 51 54 33 18 14 56 25 64 68 31 36 29 1 73 23 33 45 63 25 21 42 45 54 64 38 0 0 0 0 29 65 27 57 67 21 81 98 27 46 4 50 31 38 74 80 45 79 42 0 67 14 40 21 0 1 13 97
11 7 26 16 0 16 1 0 0 17 25 0 0 0 30 57 33 13 55 52 67 56 19 39 31 49 90 27 32 5 0 8 7 36 17 46 75 27 21 25 34 32 61 84 3 40 80 61 34 52 52 7 17 44 34 6 23 4 64 56 25 62 45 2 0 0 0 31 32 48 61 27 6 47 85 31 56 97 56 50 23 58 100 98 24 2 0 24 73 29 37 9 0 0 7 89
30 52 33 39 14 25 12 7 6 0 49 60 19 0 23 16 53 44 65 10 0 6 55 6 2 26 2 22 5 30 24 1 20 23 25 34 33 17 28 53 77 41 36 44 32 15 46 17 25 9 47 61 70 62 41 44 2 0 12 39 14 27 16 11 0 0 0 16 53 25 29 48 0 20 5 0 34 49 88 81 20 96 100 97 45 37 0 57 81 39 21 0 0 0 26 65
43 33 76 77 50 47 0 5 63 18 33 53 28 14 0 51 15 5 10 1 0 17 51 12 0 0 0 10 54 39 46 19 21 5 28 47 17 30 24 68 31 32 2 0 46 41 54 66 28 20 63 100 77 99 92 94 56 44 3 18 24 8 18 71 3 1 1 35 25 61 54 17 0 49 52 42 0 29 88 63 36 60 94 55 80 67 20 0 22 57 44 3 0 0 0 16
63 28 76 56 79 91 41 30 26 11 4 41 38 0 0 89 65 0 22 1 0 21 26 37 80 48 3 10 15 0 7 0 19 5 31 42 54 74 74 74 63 51 56 36 0 19 17 44 71 99 74 62 49 82 43 35 35 59 71 58 31 17 35 70 36 57 55 79 60 32 19 0 21 0 3 1 0 1 52 57 13 43 73 30 67 77 5 6 54 51 47 0 0 0 0 0
92 79 96 35 77 17 26 9 30 3 3 57 23 0 7 90 49 0 0 0 0 5 36 22 64 100 56 1 0 6 19 3 9 58 9 54 71 62 55 43 12 0 6 12 39 53 65 24 55 54 49 40 20 39 57 50 48 31 40 4 9 25 33 61 55 39 36 1 15 1 0 0 17 0 0 0 0 10 80 41 33 31 63 43 67 19 0 0 54 75 18 0 0 0 0 0
27 92 97 100 45 0 16 4 57 31 2 0 9 11 47 38 20 25 32 34 9 27 46 65 64 56 53 52 32 9 25 19 30 38 23 1 46 91 56 46 23 47 38 44 39 25 59 82 52 55 45 17 30 50 17 30 13 0 0 0 0 3 53 66 82 48 4 2 0 0 0 0 0 0 6 0 4 75 70 36 71 96 67 27 71 0 0 0 33 16 0 0 0 0 0 0
26 51 56 63 75 18 0 2 18 0 0 13 0 12 55 11 13 22 23 0 3 22 5 36 91 59 95 98 51 13 7 0 30 11 12 24 12 86 63 52 75 82 40 31 5 40 23 74 47 51 61 41 26 36 42 32 59 0 0 2 0 42 98 64 58 1 0 0 0 0 4 1 9 46 61 34 4 27 100 69 77 57 3 0 5 0 0 0 0 0 0 0 5 36 4 0
39 47 28 71 73 34 46 12 0 10 21 21 0 14 47 11 8 5 12 44 76 91 97 100 100 94 100 100 20 20 64 0 16 24 3 41 26 83 85 63 81 47 5 3 36 39 51 58 77 70 68 49 9 27 5 0 44 16 63 42 28 36 23 76 46 0 3 34 39 54 98 79 97 44 66 78 57 53 69 86 56 71 31 4 0 0 0 0 0 0 0 0 53 92 6 0
81 0 7 16 1 22 41 60 16 22 16 21 36 3 17 0 0 40 37 74 73 48 57 71 91 86 65 98 85 67 35 11 18 33 3 22 47 24 2 60 100 76 60 32 62 75 89 45 100 88 44 26 18 16 0 0 27 38 75 9 0 0 57 74 4 12 81 100 97 74 75 73 100 75 67 94 92 79 56 99 66 28 59 53 55 9 0 0 0 0 0 0 6 6 0 0
37 9 34 40 40 40 14 49 49 31 25 61 22 3 9 34 42 91 23 39 67 53 74 75 50 59 53 73 90 53 54 17 0 0 10 42 20 23 69 83 99 94 23 42 66 55 72 62 81 35 34 15 0 0 0 14 84 88 81 21 0 0 12 7 40 84 72 16 8 2 25 53 52 32 25 17 24 43 58 59 87 66 46 28 41 62 0 0 0 0 10 22 0 0 0 0
