data/habitatmaps/RS_maps/habitat_Certhia.familiaris_2019.asc
NCOLS 369 
NROWS 228 
XLLCORNER 479000 
YLLCORNER 73000 
CELLSIZE 1000 
NODATA_value -9 
[rows 126 to 188 of 228, columns 0 to 95 of 369]
-9 -9 -9 -9 -9 -9 -9 -9 -9 -9 -9 -9 -9 -9 -9 -9 -9 38 80 100 100 100 83 19 4 63 0 5 50 78 60 77 89 66 61 55 31 67 87 88 23 25 81 53 85 75 89 42 88 60 27 1 0 0 0 0 0 23 50 39 0 63 12 9 47 19 13 0 28 71 8 0 40 40 24 29 26 44 19 0 32 69 71 0 0 28 0 5 25 15 0 24 1 2 9 12
-9 -9 -9 -9 -9 -9 -9 -9 -9 -9 -9 -9 -9 -9 -9 -9 48 97 100 100 93 49 6 23 30 0 62 88 76 54 91 100 79 52 67 66 80 99 49 16 30 37 77 75 70 12 20 13 56 7 9 0 0 0 0 0 0 54 41 8 24 61 0 5 40 51 21 31 0 10 44 22 1 49 85 28 23 18 44 9 30 49 21 0 21 28 9 0 0 5 0 2 0 43 68 27
-9 -9 -9 -9 -9 -9 -9 -9 -9 -9 -9 -9 -9 -9 -9 39 100 100 98 81 54 47 82 88 8 15 100 68 72 99 100 62 32 53 82 71 100 96 73 97 89 87 60 77 59 14 72 44 9 11 0 0 0 0 5 6 35 59 37 56 36 46 0 31 17 59 34 16 0 0 40 16 22 61 19 0 7 0 2 27 3 0 0 0 13 6 37 0 6 23 32 22 35 7 26 33
-9 -9 -9 -9 -9 -9 -9 -9 -9 -9 -9 -9 -9 13 57 77 98 99 71 75 85 37 54 31 69 91 86 99 91 70 89 70 81 96 65 70 98 100 86 20 19 70 63 88 78 43 71 39 8 8 0 0 0 0 3 92 42 70 34 47 0 0 27 29 0 47 36 5 41 22 21 8 35 21 29 0 23 4 0 0 0 0 0 2 39 0 41 18 32 30 63 61 27 31 24 0
-9 -9 -9 -9 -9 -9 -9 -9 -9 -9 -9 -9 6 66 58 100 100 70 70 34 3 8 29 65 92 94 40 41 69 80 68 76 98 79 67 66 95 67 40 21 32 35 58 61 58 13 12 69 11 43 17 9 0 0 1 65 19 16 36 71 0 8 58 0 7 51 35 1 38 20 66 54 19 14 13 4 33 25 5 1 0 0 3 28 3 0 16 37 42 90 100 61 0 0 1 1
-9 -9 -9 -9 -9 -9 -9 -9 -9 -9 -9 48 84 77 86 98 70 43 0 0 4 37 97 82 73 76 61 68 96 80 97 84 57 71 27 12 68 83 60 47 40 40 45 85 66 35 78 100 73 16 24 0 0 0 7 30 4 40 54 17 9 78 4 0 80 28 0 0 0 11 52 24 11 19 28 1 25 37 2 20 0 0 25 0 6 29 1 15 12 3 20 0 0 0 0 0
-9 -9 -9 -9 -9 -9 -9 -9 -9 -9 69 91 83 88 40 9 0 9 37 60 91 52 96 43 51 76 94 84 100 94 72 42 53 18 22 6 33 78 8 58 72 70 88 10 49 100 100 97 99 38 1 0 4 27 90 50 0 0 50 7 12 51 0 35 31 1 0 7 30 24 61 0 29 64 17 2 21 41 0 0 0 0 10 24 17 29 22 63 67 10 21 4 15 0 0 0
-9 -9 -9 -9 -9 -9 -9 -9 -9 -9 41 44 100 27 2 23 12 36 67 99 84 49 84 67 92 78 100 100 98 79 40 31 17 30 8 35 86 94 58 49 38 92 20 57 93 95 36 23 37 24 6 49 83 84 25 13 0 0 0 0 0 26 1 25 48 21 0 15 59 74 13 17 15 13 34 51 40 0 0 0 2 0 0 29 1 24 38 77 33 24 41 18 3 25 29 4
-9 -9 -9 -9 -9 -9 -9 -9 -9 61 91 85 47 54 27 31 41 98 100 100 97 83 59 87 80 98 100 100 100 50 38 21 10 1 50 94 74 79 79 90 80 31 0 73 59 12 13 20 46 3 0 24 8 71 0 22 7 22 0 0 0 20 35 32 30 24 11 62 44 27 26 27 5 51 13 61 8 10 0 0 27 0 9 2 0 9 36 68 94 33 0 0 0 1 20 0
-9 -9 -9 -9 -9 -9 -9 -9 93 35 23 0 7 39 75 95 100 100 100 100 94 68 88 94 95 100 100 100 100 53 37 7 3 64 44 35 78 80 92 89 57 2 60 76 12 21 1 24 43 26 0 0 36 21 0 18 0 0 0 11 35 0 7 49 22 48 12 65 8 32 19 16 50 0 7 1 37 20 2 0 1 0 0 0 0 0 0 48 56 2 0 0 0 5 25 20
-9 -9 -9 -9 -9 -9 -9 -9 23 18 0 0 0 31 96 100 100 100 99 100 94 54 81 100 100 100 100 86 58 28 1 6 59 99 53 40 45 34 81 96 99 63 72 0 0 42 25 2 15 0 0 0 36 0 0 0 0 0 0 26 49 25 0 17 16 21 9 46 46 53 28 0 38 0 6 21 24 4 52 17 4 0 0 2 7 25 0 0 2 0 0 0 3 23 2 12
-9 -9 -9 -9 -9 -9 -9 -9 21 44 7 0 26 95 100 100 100 100 64 99 65 66 100 100 100 100 100 26 6 0 0 28 30 52 44 40 99 90 100 88 39 16 0 0 0 18 2 45 43 0 16 11 0 0 57 17 20 0 0 30 14 0 0 49 40 64 64 4 34 15 15 5 9 0 0 25 65 42 54 36 22 6 3 33 0 0 0 0 0 0 0 0 16 14 0 4
-9 -9 -9 -9 -9 -9 -9 -9 86 35 12 57 100 100 100 100 90 61 50 96 67 99 100 100 100 100 40 0 0 3 32 6 0 56 76 68 100 100 100 30 3 0 0 30 17 1 0 46 15 15 18 3 0 6 29 32 60 10 24 56 40 18 11 63 95 98 22 1 11 11 0 24 12 32 1 24 16 39 25 7 17 36 29 11 6 7 0 0 0 0 0 0 58 81 7 23
-9 -9 -9 -9 -9 -9 -9 48 53 28 90 100 100 100 100 69 51 36 14 40 96 100 100 100 100 99 22 1 37 53 81 68 71 43 16 38 94 100 79 4 9 24 49 94 36 0 0 0 0 5 21 0 0 0 0 0 0 0 19 10 36 32 0 33 71 72 44 0 13 0 9 79 9 6 12 1 0 2 25 1 0 37 36 2 68 53 24 28 41 13 0 7 34 70 17 33
-9 -9 -9 -9 -9 -9 -9 36 57 71 100 100 100 100 100 93 85 75 9 35 100 100 100 100 77 31 3 62 100 100 76 84 28 0 10 94 74 100 60 0 0 53 31 2 92 43 0 1 0 8 27 9 0 0 0 15 0 0 9 17 23 61 48 77 100 100 14 15 27 0 0 77 16 21 62 10 6 30 69 12 0 6 0 60 96 90 46 81 49 20 0 13 2 2 1 48
-9 -9 -9 -9 -9 -9 -9 1 17 93 100 100 99 72 85 100 87 17 33 98 100 100 100 100 67 44 18 100 66 47 50 22 0 0 20 69 100 93 15 2 52 49 0 0 52 10 6 25 3 0 47 18 0 0 31 5 11 35 14 12 96 93 87 100 100 99 50 34 40 0 0 8 14 0 13 16 16 3 0 0 0 0 4 93 85 72 92 100 81 23 0 12 0 1 47 84
-9 -9 -9 -9 -9 -9 -9 29 87 98 87 92 33 46 92 84 31 17 88 100 100 100 100 80 43 0 61 76 60 0 24 3 0 56 100 100 96 28 0 8 84 47 1 0 0 0 0 8 24 16 46 0 4 74 84 59 28 48 36 79 54 61 92 91 92 78 30 26 28 14 0 0 0 0 18 0 0 0 0 0 0 0 8 58 41 95 100 100 71 20 33 44 34 53 58 73
-9 -9 -9 -9 -9 -9 -9 98 100 100 85 28 46 80 60 19 55 91 100 100 99 100 94 34 1 25 100 84 84 39 62 0 11 94 100 90 28 0 0 10 80 95 95 35 0 4 0 0 4 0 38 19 0 3 63 28 0 12 3 6 56 57 75 35 85 100 100 60 31 38 1 0 0 4 20 27 0 9 8 1 0 0 58 80 52 100 100 100 60 47 62 47 16 19 7 61
-9 -9 -9 -9 -9 -9 -9 99 100 100 100 93 18 51 78 40 68 100 100 100 76 93 96 28 49 53 100 82 49 38 87 87 45 95 100 68 21 0 0 0 0 34 69 36 23 9 13 0 0 0 3 68 64 0 25 15 21 0 0 0 30 57 11 17 32 25 33 37 14 74 70 3 27 20 44 60 51 10 22 0 0 8 55 41 87 100 56 73 47 64 20 65 46 8 9 81
-9 -9 -9 -9 -9 -9 -9 100 100 100 100 71 26 77 37 45 100 100 100 100 100 84 7 82 35 73 98 71 29 81 44 78 100 100 100 28 0 0 28 58 44 55 54 0 0 0 1 15 0 0 4 36 46 0 24 0 0 0 0 0 18 18 6 51 10 11 31 0 0 1 0 24 31 19 3 5 0 6 22 0 0 0 50 38 27 58 72 60 10 0 30 9 72 29 0 59
-9 -9 -9 -9 -9 -9 -9 100 100 99 69 73 55 57 27 95 100 100 100 100 97 21 49 50 85 100 67 11 92 95 100 100 100 100 69 24 0 2 2 96 100 97 69 2 0 0 8 6 0 0 0 0 35 8 0 0 0 0 0 0 0 1 48 30 16 14 0 0 0 0 2 58 54 0 23 31 25 21 59 2 0 3 39 54 59 75 64 33 3 23 13 51 72 19 15 52
-9 -9 -9 -9 -9 -9 100 100 85 57 97 87 55 58 97 100 100 100 100 86 22 57 58 98 100 87 14 55 100 100 100 100 100 85 47 52 2 12 45 99 76 32 29 2 0 4 22 23 0 0 0 0 3 10 0 0 0 0 0 0 0 0 74 47 23 38 0 0 1 0 19 44 0 3 0 32 12 0 3 0 0 4 65 55 57 62 56 9 26 66 84 87 39 25 56 29
-9 -9 -9 -9 -9 70 100 79 65 85 54 96 57 71 100 100 100 100 79 3 35 70 94 99 68 59 16 85 100 100 69 72 94 18 3 25 38 35 93 51 14 0 0 0 0 0 0 29 1 0 0 0 19 1 0 0 0 0 0 0 0 0 43 10 0 33 0 11 38 16 10 4 33 55 1 0 0 0 11 0 0 22 61 55 66 97 67 43 19 71 81 38 29 31 54 42
-9 -9 -9 -9 -9 90 74 59 75 37 100 100 92 52 92 100 100 79 4 17 67 100 92 49 94 61 16 91 100 99 18 44 39 23 11 13 46 50 61 55 11 0 5 10 0 0 0 1 0 0 0 0 21 0 0 0 0 0 0 0 0 0 5 0 0 0 0 34 58 12 0 0 22 54 9 0 0 21 45 17 8 2 75 29 49 54 50 11 0 14 64 10 22 34 16 54
-9 -9 -9 -9 -9 42 85 100 82 91 100 92 58 72 80 99 53 5 1 83 89 100 84 96 63 65 75 100 100 73 4 8 64 41 0 0 37 73 0 11 36 0 2 29 0 0 1 0 0 0 0 0 0 0 0 0 0 0 0 0 0 0 0 0 0 0 0 0 24 53 0 0 36 47 44 7 6 67 3 77 64 84 72 87 47 54 15 0 0 14 54 40 21 22 3 3
-9 -9 -9 -9 -9 100 57 46 98 80 51 91 78 69 67 12 0 0 38 85 80 100 95 56 32 90 88 100 69 2 0 41 71 43 0 0 3 23 8 5 11 0 0 9 29 14 22 4 0 0 0 0 0 0 0 0 0 0 0 0 0 0 0 0 0 0 0 3 46 12 19 18 28 64 67 33 28 41 40 35 70 75 87 87 87 36 13 26 36 42 17 27 66 58 50 0
-9 -9 -9 -9 99 79 34 49 72 75 80 70 69 88 23 15 0 1 68 9 79 67 72 66 83 79 94 70 1 0 16 79 100 44 22 8 29 32 19 0 0 0 0 0 0 0 0 0 0 0 0 0 0 0 0 0 0 0 0 0 0 0 0 0 0 0 0 0 2 19 12 21 15 18 81 34 0 31 38 51 92 64 39 88 39 8 0 0 37 59 22 76 49 41 18 0
-9 -9 -9 -9 49 61 7 29 49 92 76 55 77 85 71 10 0 26 44 34 100 74 97 74 88 76 66 69 5 11 0 36 100 83 65 13 6 1 0 0 0 0 1 0 0 0 0 0 0 0 0 0 0 0 0 0 0 0 0 0 0 0 0 0 0 0 0 0 0 1 0 0 46 14 5 0 30 30 6 45 55 33 73 49 78 0 17 25 30 21 82 35 54 21 64 34
-9 -9 -9 -9 1 11 25 9 80 81 78 62 55 33 54 0 0 22 53 82 51 53 74 64 86 100 97 30 31 46 6 21 96 26 0 0 0 0 0 0 18 31 37 0 0 0 0 0 0 0 0 0 0 0 0 0 0 0 0 0 0 0 0 0 0 0 0 0 0 0 0 0 0 0 0 5 19 0 0 24 52 21 59 56 85 31 0 38 44 58 85 30 70 14 29 77
-9 -9 -9 -9 51 54 94 91 46 91 100 97 84 95 5 31 56 84 34 69 82 81 62 46 39 67 20 2 47 51 2 37 27 0 0 0 0 0 0 0 9 3 0 0 0 0 0 0 0 0 0 0 0 0 0 0 0 0 0 0 0 0 0 0 0 0 0 0 0 0 0 0 0 0 0 0 0 0 0 11 65 81 32 57 99 44 12 56 85 32 60 86 64 44 48 4
-9 -9 -9 -9 65 90 99 51 34 84 90 83 100 75 76 97 51 43 72 78 75 75 55 45 69 100 42 11 70 5 8 3 0 0 0 0 0 0 0 0 0 0 0 0 0 0 0 0 0 0 0 0 0 0 0 0 0 0 0 0 0 0 0 0 0 0 0 0 0 0 0 0 0 0 0 0 0 0 0 0 38 57 31 67 69 20 16 95 97 54 3 30 55 65 64 38
-9 -9 -9 78 74 100 98 71 99 76 100 100 86 64 96 96 21 31 81 81 76 75 100 100 100 82 38 25 92 13 0 14 8 0 0 0 0 0 0 0 0 0 0 0 0 0 0 0 0 0 0 0 0 0 0 0 0 0 0 0 0 0 0 0 0 0 0 0 0 0 0 0 0 0 0 0 0 0 0 0 32 71 85 93 83 8 0 57 96 51 22 0 12 81 55 27
-9 -9 -9 100 100 99 63 61 61 84 91 63 69 94 99 58 16 54 3 54 70 100 100 100 100 12 0 0 5 0 0 6 34 0 0 0 0 0 0 0 0 0 0 0 0 0 0 0 0 0 0 0 0 0 0 0 0 0 0 0 0 0 0 0 0 0 0 0 0 0 0 0 0 0 0 0 0 0 0 0 1 47 91 86 91 2 0 19 56 57 44 7 42 16 10 16
-9 -9 -9 100 82 47 51 48 91 77 46 93 96 81 69 36 5 12 61 100 100 100 100 90 95 15 0 0 0 0 1 8 0 0 0 0 0 0 0 0 0 0 0 0 0 0 0 0 0 0 0 0 0 0 0 0 0 0 0 0 0 0 0 0 0 0 0 0 0 0 0 0 0 0 0 0 0 0 0 0 0 20 75 96 96 70 42 0 9 72 34 27 35 63 0 1
-9 -9 -9 48 75 74 66 54 89 24 88 89 79 88 62 35 24 55 82 100 100 100 47 19 8 0 0 0 0 0 36 65 1 0 0 0 0 0 0 0 0 0 0 0 0 0 0 0 0 0 0 0 0 0 0 0 0 0 0 0 0 0 0 0 0 0 0 0 0 0 0 0 0 0 0 0 0 0 0 0 0 13 100 81 100 100 36 23 26 62 55 59 95 28 16 0
-9 -9 -9 -9 89 47 29 30 52 54 75 44 76 49 54 97 93 100 100 100 100 59 0 0 0 0 0 0 0 0 15 31 0 0 0 0 0 0 0 0 0 0 0 0 0 0 0 0 0 0 0 0 0 0 0 0 0 0 0 0 0 0 0 37 86 85 61 36 2 0 0 0 0 0 0 0 0 0 0 0 0 7 92 94 100 69 19 17 52 66 41 56 71 0 0 2
-9 -9 -9 -9 42 32 39 42 93 93 46 65 5 69 100 100 100 100 100 100 97 22 0 0 0 0 0 0 0 0 7 5 0 0 0 0 0 0 0 0 0 0 0 0 0 0 0 6 54 1 0 0 0 0 0 3 13 35 17 52 82 80 85 82 10 78 53 89 86 36 7 0 0 0 0 0 0 0 0 0 0 0 45 100 78 25 24 36 67 31 19 72 5 0 0 12
-9 -9 -9 -9 35 68 95 24 5 33 79 34 77 97 100 100 100 100 100 78 10 0 0 0 0 0 0 1 0 0 0 0 0 0 0 0 0 0 0 0 0 0 0 0 0 0 0 6 23 3 18 2 0 0 0 41 37 40 47 43 31 36 80 40 47 56 87 98 100 97 96 70 37 23 0 0 0 2 34 40 50 0 52 100 98 87 35 1 2 0 2 2 0 0 0 26
-9 -9 -9 -9 48 66 17 21 67 77 64 85 100 100 100 100 100 100 99 26 0 0 0 0 0 0 4 0 0 0 0 0 0 0 0 0 0 0 0 0 0 0 0 0 0 0 0 0 3 13 0 0 28 34 28 32 60 0 0 0 6 81 46 90 69 65 40 63 67 100 100 100 100 100 57 32 2 22 60 6 9 1 68 100 65 29 0 0 0 1 34 43 16 28 52 0
-9 -9 -9 -9 -9 49 40 97 59 65 88 31 97 100 100 100 100 98 53 0 0 2 1 21 38 0 28 0 0 0 0 0 0 16 42 18 0 0 0 0 0 0 0 0 0 0 0 0 30 39 1 24 33 31 15 7 13 0 31 59 30 19 0 54 65 68 33 18 33 56 75 88 100 95 100 100 58 0 37 3 0 44 100 79 21 45 4 0 0 41 80 27 44 40 54 19
-9 -9 -9 -9 -9 -9 83 92 67 100 35 79 100 67 92 72 36 68 34 52 2 22 16 52 14 0 0 0 0 0 0 0 0 0 8 69 15 0 0 0 0 0 0 0 0 0 0 0 64 100 71 11 18 0 0 7 0 0 4 16 3 1 3 42 71 99 26 16 85 60 86 47 30 0 61 100 98 8 43 27 0 41 92 56 76 65 32 0 19 46 52 42 100 65 22 64
-9 -9 -9 -9 -9 -9 98 72 100 84 47 100 100 49 8 3 0 17 71 46 0 0 11 50 0 0 0 0 0 0 0 8 23 54 23 44 49 0 0 0 0 0 0 1 41 13 11 59 47 43 93 39 0 19 0 40 1 3 60 64 79 75 87 52 84 20 0 3 27 76 5 0 0 0 60 100 100 47 27 4 0 13 96 100 73 80 56 0 0 28 66 74 25 35 60 64
-9 -9 -9 -9 -9 -9 92 80 94 8 49 100 100 33 12 0 0 38 64 0 2 4 0 2 0 0 0 0 0 0 1 63 89 83 73 88 77 5 0 0 0 0 0 32 43 33 42 22 36 15 36 95 93 42 -9 -9 -9 46 30 11 79 93 28 66 87 45 0 0 0 2 0 0 0 21 57 99 100 100 24 2 0 7 53 48 93 96 36 3 0 71 96 36 41 72 66 100
-9 -9 -9 -9 71 94 52 78 15 0 45 95 89 1 0 0 0 0 0 3 34 63 0 0 0 0 0 0 0 16 10 70 39 30 10 30 35 0 0 0 0 7 4 32 5 44 43 3 33 41 45 90 -9 -9 -9 -9 -9 72 64 33 34 66 60 63 28 39 18 23 0 0 0 0 0 10 72 80 68 74 6 20 25 15 30 59 54 77 58 58 81 96 76 53 18 15 3 46
-9 -9 50 47 92 48 70 40 0 1 67 99 34 0 0 0 3 19 12 2 44 39 0 0 0 0 0 0 0 1 12 61 39 18 0 0 14 30 35 56 45 66 91 41 59 13 0 0 18 56 -9 -9 -9 -9 -9 -9 -9 -9 100 83 41 28 54 94 62 53 26 44 19 0 0 4 22 67 81 99 100 97 21 0 0 33 0 0 19 83 88 99 86 72 97 17 0 0 0 0
-9 44 51 95 36 39 79 10 0 59 100 78 0 0 0 0 5 16 0 1 56 28 0 0 0 0 0 0 1 0 5 41 0 0 4 53 89 100 53 70 100 100 87 47 23 0 0 2 52 -9 -9 -9 -9 -9 -9 -9 -9 -9 72 60 91 65 37 76 83 83 86 27 5 68 42 14 6 26 67 54 50 63 60 0 0 26 0 0 18 74 100 51 90 81 50 0 30 0 0 10
50 54 45 71 25 83 41 0 9 97 100 72 0 0 0 0 0 0 28 76 86 56 6 0 0 0 0 0 23 47 67 6 20 0 24 14 45 47 16 89 100 63 19 0 0 -9 -9 -9 -9 -9 -9 -9 -9 -9 -9 -9 -9 -9 96 66 100 82 95 87 73 85 26 0 4 50 97 84 10 28 46 80 95 78 84 0 0 1 0 0 20 59 78 87 70 32 14 21 25 7 58 69
53 64 91 59 89 75 36 6 73 100 73 16 6 0 23 0 0 24 63 100 64 23 0 0 0 0 0 0 8 72 62 93 54 0 1 37 9 25 70 100 75 8 0 0 0 -9 -9 -9 -9 -9 -9 -9 -9 -9 -9 -9 -9 -9 100 68 80 35 84 76 70 42 41 43 24 56 49 70 73 52 1 30 85 100 100 60 7 0 0 0 16 8 26 100 61 47 48 43 46 56 75 34
56 36 64 100 93 100 68 11 96 100 95 10 1 6 0 35 0 6 74 23 80 26 0 0 0 0 0 0 0 0 8 93 100 27 0 14 88 65 37 71 73 51 0 0 4 -9 -9 -9 -9 -9 -9 -9 -9 -9 -9 -9 -9 -9 -9 74 65 63 74 49 50 72 54 33 65 37 53 11 69 75 34 9 32 97 100 83 0 0 0 0 52 6 33 61 27 89 93 37 58 32 0 16
38 44 97 100 100 70 8 89 100 99 36 0 0 0 36 1 0 1 34 0 29 25 39 0 0 0 0 0 0 0 0 45 71 76 15 44 81 4 0 23 4 0 0 11 45 -9 -9 -9 -9 -9 -9 -9 -9 -9 -9 -9 -9 -9 -9 -9 100 93 64 42 64 31 58 91 69 67 44 70 76 37 32 45 33 2 83 99 98 25 0 0 0 1 0 1 40 71 86 86 45 37 28 75
78 100 100 93 43 1 61 100 98 47 2 28 7 0 16 0 0 0 0 0 4 20 10 0 0 0 0 0 0 0 0 31 80 55 53 45 8 0 0 0 0 2 36 91 100 91 -9 -9 -9 -9 -9 -9 -9 -9 -9 -9 -9 -9 -9 -9 100 54 28 68 43 63 31 46 51 39 35 4 80 96 37 21 41 43 97 51 81 86 30 5 9 27 18 0 40 17 47 27 82 72 75 51
59 99 74 50 2 1 89 71 42 1 0 0 0 0 2 0 0 0 0 0 10 4 0 0 0 0 0 0 0 0 0 64 100 66 34 0 24 20 0 0 44 84 94 100 100 65 -9 -9 -9 -9 -9 -9 -9 -9 -9 -9 -9 -9 -9 -9 -9 100 58 81 10 35 49 47 51 13 0 4 56 73 52 48 29 67 42 17 87 100 100 16 19 25 11 14 91 79 91 97 63 79 92 99
83 58 56 97 17 86 99 89 1 0 0 0 0 31 71 25 0 0 31 20 39 30 0 0 0 0 0 0 0 0 0 6 86 57 2 0 40 63 65 72 63 71 58 100 100 66 -9 -9 -9 -9 -9 -9 -9 -9 -9 -9 -9 -9 -9 -9 91 64 65 42 5 58 94 85 76 49 1 0 68 48 60 80 49 1 0 6 71 100 78 4 0 0 11 0 0 18 100 80 52 100 66 93
83 58 84 42 79 100 100 58 0 0 0 0 0 13 30 20 0 0 25 3 0 0 0 0 0 0 0 0 0 0 0 1 81 65 0 6 84 94 100 100 41 96 74 70 48 34 -9 -9 -9 -9 -9 -9 -9 -9 -9 -9 -9 -9 -9 -9 17 68 99 44 2 30 38 40 83 83 63 41 93 53 77 51 64 17 50 4 72 87 21 4 0 73 11 11 22 30 100 76 66 57 33 57
18 77 79 66 100 100 87 29 0 2 27 23 0 0 0 0 0 0 0 0 0 0 0 0 0 0 0 0 0 0 1 39 71 27 0 64 100 100 100 78 31 89 92 64 33 16 -9 -9 -9 -9 -9 -9 -9 -9 -9 -9 -9 -9 -9 -9 16 83 92 25 0 0 0 1 50 79 92 72 77 14 12 79 36 48 67 76 74 28 66 42 58 98 83 12 1 14 100 81 20 0 4 64
46 100 91 100 90 40 7 0 0 9 86 9 0 0 0 0 0 0 0 0 0 0 0 0 0 0 0 0 0 0 0 39 11 37 34 79 87 100 68 87 28 72 47 17 16 32 -9 -9 -9 -9 -9 -9 -9 -9 -9 -9 -9 -9 -9 -9 96 91 80 71 6 9 16 0 21 40 66 79 16 0 58 100 84 47 2 39 31 46 89 83 53 68 36 31 1 53 100 24 0 0 0 0
80 100 100 93 19 0 0 5 14 38 29 0 1 37 50 0 23 60 0 0 0 0 0 0 0 0 0 0 0 2 24 28 65 54 97 58 63 100 100 70 10 29 52 9 17 -9 -9 -9 -9 -9 -9 -9 -9 -9 -9 -9 -9 -9 -9 71 88 91 62 55 19 72 100 92 93 80 7 11 0 0 58 86 5 18 62 74 31 43 95 83 66 69 10 11 53 100 46 27 0 0 0 0
97 100 98 72 3 20 0 64 47 27 34 16 11 26 10 34 21 8 0 0 0 0 0 0 0 0 0 0 0 0 4 42 11 7 11 53 94 100 100 50 3 42 16 25 30 -9 -9 -9 -9 -9 -9 -9 -9 -9 -9 -9 -9 -9 -9 39 80 67 73 71 70 91 69 100 100 87 11 0 0 29 64 21 0 54 64 19 80 77 81 43 64 75 84 7 41 100 89 18 0 0 0 0
100 100 61 29 4 43 25 55 0 0 48 3 26 2 23 45 62 20 5 0 0 0 0 0 0 0 0 0 0 0 0 41 0 0 5 52 90 100 82 63 13 48 59 7 52 -9 -9 -9 -9 -9 -9 -9 -9 -9 -9 -9 -9 -9 -9 16 78 90 26 40 98 90 32 56 68 55 53 11 0 3 9 0 48 57 15 25 88 73 25 14 61 83 97 55 54 100 100 68 0 0 0 0
100 83 62 0 3 41 46 0 0 30 38 13 42 44 17 5 6 10 0 0 0 0 0 0 0 0 0 0 15 0 0 0 0 0 22 25 58 100 60 58 26 73 9 10 19 -9 -9 -9 -9 -9 -9 -9 -9 -9 -9 -9 -9 -9 -9 62 70 52 71 51 52 46 51 51 72 46 4 13 0 0 0 0 11 29 25 77 77 89 7 16 81 22 83 80 82 58 100 72 3 0 0 0
100 94 21 0 19 78 66 12 53 12 23 27 10 11 4 0 0 0 0 0 0 0 11 18 10 10 12 26 43 30 1 9 40 19 15 2 62 96 50 96 72 47 41 59 -9 -9 -9 -9 -9 -9 -9 -9 -9 -9 -9 -9 -9 -9 -9 62 98 74 80 75 8 68 89 70 71 30 0 0 0 0 0 44 59 31 56 82 5 0 0 0 6 43 94 100 62 18 98 75 26 0 0 0
98 78 0 3 55 75 83 37 7 0 0 7 0 15 0 0 0 0 0 0 0 0 0 11 5 10 58 95 41 30 33 29 50 14 28 32 22 37 33 96 39 49 37 -9 -9 -9 -9 -9 -9 -9 -9 -9 -9 -9 -9 -9 -9 -9 67 27 36 45 80 39 34 90 43 2 1 0 0 0 0 0 21 14 59 61 84 50 1 0 0 0 0 49 100 100 81 0 68 78 0 0 0 0
99 97 6 0 65 73 9 11 0 0 0 0 1 21 4 0 0 0 0 0 0 0 0 0 10 70 61 62 26 24 14 21 21 1 13 3 4 30 39 72 15 14 32 -9 -9 -9 -9 -9 -9 -9 -9 -9 -9 -9 -9 -9 -9 -9 72 29 75 12 38 67 67 77 60 15 0 0 0 0 21 38 51 54 61 76 27 2 0 0 0 0 0 18 27 71 100 14 65 99 67 0 2 15
