data/habitatmaps/RS_maps/habitat_Lophophanes.cristatus_2006.asc
NCOLS 369 
NROWS 228 
XLLCORNER 479000 
YLLCORNER 73000 
CELLSIZE 1000 
NODATA_value -9 
[rows 62 to 123 of 228, columns 192 to 287 of 369]
11 4 68 87 14 4 58 65 31 92 84 36 20 3 0 0 0 0 0 6 34 84 75 21 16 5 20 35 32 0 0 10 28 54 8 1 5 36 26 19 24 37 30 53 54 36 15 19 74 79 72 28 37 42 4 55 26 55 54 42 24 45 22 53 57 46 17 70 57 74 77 49 58 99 75 33 43 35 55 56 48 35 85 13 30 87 23 3 21 55 85 23 0 0 0 0
11 12 5 29 6 0 26 23 34 46 84 36 19 63 27 0 0 0 0 0 18 5 38 61 23 1 0 17 37 1 0 0 38 8 0 0 1 28 21 17 0 12 36 34 42 19 30 58 67 43 15 11 54 33 30 26 35 39 70 62 57 75 45 77 64 29 43 60 63 72 22 43 42 20 1 14 0 7 46 30 29 55 55 31 86 50 0 25 67 52 100 71 0 0 0 50
1 5 0 45 2 2 36 42 47 34 33 57 66 81 78 0 0 0 0 4 6 18 15 13 31 36 0 7 10 14 29 12 6 2 3 8 34 25 46 56 17 7 17 24 35 43 51 45 17 18 23 29 20 16 39 1 28 27 34 38 60 64 35 72 69 58 63 74 80 77 61 41 0 0 0 0 0 0 0 6 37 26 28 99 82 13 1 23 4 68 88 69 2 0 1 96
0 0 0 15 18 0 50 61 11 24 25 67 100 93 99 29 0 0 0 0 0 0 0 5 55 51 20 2 21 15 10 3 20 0 68 21 1 40 83 55 33 61 18 39 10 28 5 24 16 20 4 46 78 49 56 49 3 21 44 18 14 38 49 59 38 55 74 62 78 100 58 9 0 0 0 0 0 0 0 29 0 22 90 75 43 8 5 17 0 0 16 26 41 48 60 46
0 0 0 0 0 0 10 55 20 8 18 49 100 100 94 33 12 0 1 0 0 0 0 0 0 16 29 35 42 3 8 16 0 0 68 21 9 23 48 37 25 34 32 15 19 12 25 1 13 16 83 100 94 61 68 60 17 8 18 28 25 7 31 42 16 8 52 58 49 40 15 0 0 0 0 0 0 0 0 3 46 82 63 3 76 46 24 4 0 24 42 28 64 40 78 10
0 0 8 47 8 31 0 3 3 6 33 8 51 81 100 32 41 24 20 0 0 0 0 0 0 0 0 4 0 0 14 3 0 0 43 94 78 45 22 38 11 0 0 24 16 50 30 18 6 5 91 99 69 41 81 30 37 37 42 20 13 2 0 16 16 59 32 33 59 7 0 0 0 0 0 0 0 0 0 54 84 16 0 0 19 8 25 21 45 62 45 20 30 93 58 61
14 0 28 51 71 9 13 16 24 12 45 28 15 33 99 68 0 30 20 26 0 0 0 0 0 0 0 0 0 19 25 0 0 0 13 5 58 62 6 36 40 38 21 37 46 70 20 20 4 0 28 72 84 78 48 49 71 35 59 15 0 0 19 32 34 49 21 0 14 0 0 19 16 0 0 0 0 0 29 81 61 4 0 0 0 31 38 52 38 3 0 12 26 36 23 7
21 0 0 0 7 25 25 35 0 14 36 0 0 15 76 80 8 17 14 0 0 0 0 0 0 0 0 0 0 0 0 0 0 0 0 0 0 0 4 30 25 23 1 0 0 0 0 0 0 24 9 30 63 36 30 38 84 52 59 37 28 1 0 2 52 28 8 35 16 28 49 66 67 14 45 26 0 49 64 93 8 0 0 0 10 30 19 23 0 0 11 56 54 39 22 7
8 0 0 8 17 26 8 20 29 5 26 12 18 8 0 53 1 9 45 0 0 0 0 9 0 0 0 0 0 0 0 0 0 0 0 0 0 0 0 0 0 6 34 54 40 0 0 0 0 15 20 60 45 54 60 56 64 83 60 62 60 23 7 39 45 20 26 32 46 51 24 25 10 45 50 38 2 32 24 30 3 0 0 0 4 12 0 0 4 40 85 94 82 55 71 72
56 5 20 28 1 2 1 0 60 67 24 11 55 45 25 40 25 3 2 0 0 0 0 30 0 0 0 0 0 0 0 0 0 0 0 0 0 0 0 30 65 57 43 13 1 0 0 0 11 2 34 37 74 95 100 58 53 55 38 59 85 82 28 24 12 64 76 55 11 0 0 15 11 5 8 22 35 16 81 7 0 0 0 6 42 4 0 0 23 100 100 95 99 91 61 41
33 1 26 50 19 2 14 0 2 22 2 0 41 81 7 22 22 43 2 0 0 0 0 0 0 0 5 19 5 7 0 0 3 0 0 0 0 0 0 4 16 0 0 0 0 0 0 0 25 2 53 54 55 86 79 39 0 7 15 32 49 17 1 0 5 49 63 39 0 0 0 11 0 44 93 94 76 45 9 29 0 0 0 38 28 0 0 4 73 100 77 72 100 77 61 100
14 0 16 56 2 0 17 0 0 0 0 0 42 85 13 25 1 6 19 0 0 0 0 0 0 0 0 0 23 30 20 47 15 0 0 0 0 0 0 0 0 0 0 0 0 0 0 39 18 6 29 34 57 80 71 49 0 0 16 58 86 45 70 43 29 66 18 0 0 0 0 19 16 16 19 40 56 13 0 2 0 0 0 27 10 0 0 54 68 99 61 81 100 100 98 100
45 1 15 59 9 0 0 0 0 0 0 0 1 58 13 0 21 0 31 9 3 0 0 0 0 0 0 10 10 43 39 42 9 16 0 0 16 0 0 0 0 0 0 0 0 0 0 60 39 0 0 10 66 80 42 1 0 0 40 90 100 94 76 67 82 11 5 0 0 0 0 18 35 63 97 41 30 9 31 54 0 0 0 12 23 0 12 94 94 97 31 85 100 100 86 85
34 0 15 8 0 0 0 0 0 0 0 0 0 48 0 0 0 0 28 42 4 10 29 49 58 7 5 4 38 70 51 55 42 60 22 28 35 32 26 24 3 18 28 38 14 0 0 3 10 0 0 19 90 77 6 13 27 0 11 59 99 69 46 21 46 0 0 0 0 0 0 0 0 9 85 86 77 86 79 60 64 60 34 0 11 0 20 97 99 87 88 86 100 100 54 100
16 36 10 0 14 1 0 0 0 0 0 30 0 41 6 0 0 0 2 41 62 76 62 70 94 80 60 50 34 22 28 29 56 92 52 64 36 55 69 57 99 75 73 65 65 20 30 3 0 0 0 29 99 29 48 63 28 59 9 67 50 1 0 0 0 0 0 0 0 0 0 0 0 5 25 66 49 27 40 87 67 47 69 0 24 7 55 100 60 95 100 100 97 78 60 92
42 0 18 12 14 0 0 0 0 0 15 31 9 39 15 12 41 43 77 93 85 100 100 100 100 81 46 25 0 5 20 67 99 73 46 65 62 95 83 71 52 79 70 56 65 98 88 72 26 0 0 72 82 81 92 77 84 25 11 12 9 0 0 0 0 29 9 7 53 73 31 15 0 1 6 37 11 0 13 66 64 77 65 30 2 3 17 94 60 52 70 100 100 61 69 54
19 0 0 0 0 0 0 0 0 0 56 41 56 57 48 70 43 47 49 82 88 55 98 66 41 3 2 27 10 0 3 34 98 52 41 95 73 80 53 79 71 46 80 39 27 98 90 96 90 14 2 98 96 85 51 91 57 23 38 37 8 19 1 3 6 100 91 68 40 43 95 95 35 28 0 0 0 0 3 71 88 7 89 47 0 31 10 86 67 87 92 84 65 67 46 27
32 0 0 0 0 21 23 0 0 22 97 62 82 44 2 0 20 1 19 8 36 39 50 28 26 22 45 16 0 0 0 10 59 77 100 60 100 100 56 65 78 89 97 45 11 61 53 68 91 87 28 17 85 42 23 3 10 21 54 73 75 91 100 95 94 26 26 29 30 38 21 55 97 84 2 13 2 0 0 57 39 22 83 10 0 14 4 67 52 63 84 81 37 58 57 63
2 0 0 0 29 10 6 0 4 89 50 15 79 44 0 0 0 0 0 29 30 93 30 0 24 31 20 1 0 0 0 0 24 61 51 57 95 85 19 16 5 40 97 55 39 44 14 29 49 84 45 0 0 0 11 61 37 23 3 0 0 0 13 30 27 0 1 3 0 15 11 0 31 95 19 59 41 0 0 7 18 70 58 67 0 19 10 60 21 48 51 72 71 80 30 64
1 3 70 46 29 0 0 0 15 80 34 17 92 50 10 5 31 15 0 19 14 25 0 4 35 58 20 4 53 25 0 0 43 41 61 36 42 52 54 55 12 62 95 51 10 19 32 38 48 62 67 16 0 40 81 76 32 69 42 32 6 0 0 0 0 0 30 82 43 62 60 13 0 63 95 92 91 34 0 0 20 64 93 92 17 6 23 41 46 80 47 78 78 80 1 53
0 0 21 32 0 0 50 82 6 13 55 8 34 99 49 46 100 99 25 0 45 29 1 49 56 86 22 23 40 0 0 0 67 51 57 71 17 39 42 82 45 44 39 59 13 13 42 42 59 61 73 42 16 39 65 100 79 95 44 66 42 55 66 67 22 63 23 83 83 33 27 51 7 29 94 98 36 2 0 0 2 77 46 14 26 35 22 20 85 98 77 87 69 54 45 61
15 58 14 16 17 0 9 6 0 0 41 46 13 97 90 100 95 65 49 0 80 51 6 71 38 38 11 29 20 16 12 7 47 26 51 74 62 42 69 82 17 9 47 0 0 25 55 48 31 46 96 35 16 74 58 78 33 61 37 86 54 92 78 99 92 56 89 82 22 36 6 0 6 0 33 94 88 20 2 8 82 91 51 0 0 14 47 68 100 99 37 72 52 0 2 73
39 40 4 12 0 0 0 0 0 0 7 63 73 83 100 100 91 83 45 14 37 9 12 87 97 41 39 32 77 65 70 8 5 16 66 59 71 60 72 86 45 6 60 2 0 29 79 55 64 77 100 19 5 89 67 19 0 16 14 53 23 95 100 89 72 45 58 55 36 28 3 41 40 49 4 29 98 68 48 5 89 84 80 8 0 6 28 88 99 81 18 62 41 0 23 60
25 0 4 0 0 0 33 10 0 0 1 18 36 66 64 57 57 57 33 13 43 34 48 45 100 42 26 25 35 42 90 85 11 16 57 55 65 89 30 85 17 27 41 4 2 42 82 63 48 70 98 2 50 99 66 49 4 22 0 11 7 52 98 78 54 0 0 0 44 86 66 47 35 39 55 21 30 86 91 6 30 60 56 0 19 8 59 99 83 35 1 36 32 0 4 0
0 0 45 45 0 0 20 76 97 46 2 0 35 80 31 60 29 45 0 8 28 63 67 96 48 76 25 61 87 65 40 41 94 19 2 33 13 84 66 11 74 48 78 14 0 25 79 20 24 12 6 73 14 83 59 22 4 32 0 0 1 26 75 97 14 0 0 5 45 81 77 77 33 34 46 50 18 19 92 56 64 66 41 6 6 0 93 45 37 48 0 0 0 0 0 0
6 58 59 0 0 0 72 11 77 92 25 0 1 57 76 17 24 53 6 34 12 45 58 98 47 97 42 99 100 92 68 94 63 0 57 58 57 63 4 0 58 71 23 0 0 50 27 0 0 0 10 38 35 77 36 48 0 0 0 10 58 15 54 99 17 0 10 59 78 53 100 41 33 29 66 72 91 70 22 7 56 48 15 19 42 36 18 100 97 29 0 0 0 0 0 0
76 35 10 0 0 8 35 63 36 40 87 15 0 11 89 7 1 24 15 42 72 56 15 64 55 58 70 100 76 100 52 52 24 22 63 40 55 85 26 1 52 38 2 0 0 0 0 0 3 14 71 36 28 73 23 3 0 0 0 0 0 6 69 29 0 0 0 37 51 82 87 1 0 40 44 51 81 87 71 34 0 0 0 11 69 71 80 70 94 10 0 0 0 0 0 0
27 0 0 0 0 48 65 24 30 39 76 47 19 0 57 19 0 5 0 23 33 27 9 59 64 67 95 82 83 83 72 9 42 8 51 0 23 82 5 0 1 0 0 0 0 0 4 33 84 100 89 24 20 39 86 0 0 0 0 0 0 0 22 7 0 0 0 12 44 66 44 0 38 72 66 39 72 74 96 12 0 0 0 0 13 78 88 74 79 52 42 2 0 37 12 27
0 0 0 0 0 65 63 44 57 42 72 87 27 30 21 1 0 0 0 8 5 22 59 67 29 37 100 49 28 68 22 0 10 38 23 0 25 34 0 0 0 6 35 55 46 57 91 53 59 92 83 64 23 1 68 54 21 0 0 0 0 0 0 0 0 0 0 0 46 72 0 0 0 0 0 70 98 96 45 40 15 0 0 0 0 17 18 71 57 99 91 33 0 11 5 74
0 0 0 0 0 34 26 89 64 51 11 72 87 68 61 15 0 25 7 17 0 1 55 78 33 71 91 56 71 71 11 18 69 66 6 0 35 14 0 34 48 60 24 43 47 48 25 64 80 51 63 34 74 38 36 73 33 0 0 0 0 0 0 0 0 0 0 0 9 16 0 0 0 7 35 56 92 71 51 95 31 28 0 20 0 12 25 49 75 68 56 59 6 0 0 8
0 0 0 0 0 7 0 20 51 83 40 13 33 52 61 74 19 55 93 26 0 0 21 74 59 30 40 18 60 82 51 50 55 74 46 0 0 0 21 83 67 70 79 78 71 85 61 17 0 0 0 1 86 28 41 100 31 0 0 0 0 0 0 0 0 0 0 0 0 0 0 0 0 9 86 48 94 48 38 45 66 50 81 86 61 8 7 0 0 22 88 75 60 0 0 25
0 0 0 0 0 0 0 0 12 68 50 54 33 46 76 61 67 85 44 0 0 0 0 40 42 44 35 48 76 49 30 63 37 72 24 0 0 0 40 22 0 17 84 7 0 4 0 0 0 0 0 52 37 20 69 100 94 64 6 1 35 63 25 0 0 0 0 0 0 0 0 3 31 58 70 79 55 0 0 30 77 70 63 76 79 73 1 17 0 3 46 87 89 17 33 21
0 0 0 0 0 0 33 0 26 88 77 48 64 91 97 95 44 39 0 0 0 15 72 82 60 77 18 12 37 17 9 32 13 0 0 0 0 1 0 0 0 0 33 42 0 0 0 0 0 0 0 66 33 15 34 95 100 100 91 70 66 42 0 0 0 0 0 0 0 0 3 62 68 45 57 70 71 0 0 0 1 18 48 82 50 77 63 21 3 1 33 92 69 53 36 26
34 77 64 52 57 48 24 2 27 48 60 8 84 79 58 3 0 0 48 24 0 75 77 57 98 68 13 58 41 50 3 0 0 2 19 4 57 59 0 0 0 0 2 24 0 0 0 0 0 0 17 77 12 30 77 100 92 79 86 74 94 13 0 0 0 20 0 0 0 0 2 62 81 60 48 29 1 0 0 0 0 0 0 85 60 59 83 70 26 0 1 13 79 71 45 38
32 11 16 0 11 13 0 0 0 0 0 0 13 7 0 7 48 6 50 15 61 89 88 70 55 40 31 65 15 25 39 50 86 64 40 46 96 21 0 0 0 0 0 0 0 0 0 0 0 39 76 30 42 77 97 100 32 73 58 14 74 33 10 0 0 12 0 0 0 0 24 73 19 0 27 0 0 0 0 0 0 9 38 64 69 93 4 86 89 34 0 0 38 83 98 80
63 63 3 0 0 0 0 0 0 0 0 0 0 13 19 55 55 1 37 68 26 17 9 31 37 80 68 34 40 52 19 35 91 64 75 92 96 11 0 0 0 0 0 0 0 0 0 6 46 99 77 20 87 57 75 41 0 0 55 58 62 43 85 51 33 25 0 0 0 0 3 37 0 0 0 0 0 0 0 0 0 59 88 55 57 100 40 86 98 21 0 20 31 79 80 72
31 5 0 0 0 0 2 1 1 0 12 54 82 98 100 54 61 0 28 68 0 0 0 32 30 38 45 89 37 43 28 69 100 97 74 100 57 2 0 0 0 0 0 0 0 0 0 2 67 100 17 77 100 63 100 40 0 0 11 24 47 51 79 65 48 7 0 0 0 0 0 0 0 0 0 0 0 0 0 0 0 37 66 81 98 100 79 68 100 64 2 0 21 75 61 86
0 0 0 17 31 44 67 59 50 49 36 38 30 80 94 27 39 0 26 82 55 9 0 0 0 0 33 54 50 55 91 100 74 68 69 69 17 5 0 0 0 0 0 0 0 0 8 49 21 78 24 100 77 46 57 15 0 0 7 43 51 70 57 13 0 0 0 0 0 0 0 0 0 0 0 0 0 0 0 0 0 0 2 78 60 96 100 100 84 23 0 0 60 41 68 46
0 0 9 71 97 96 30 24 6 63 29 83 49 34 36 56 27 0 3 75 74 66 38 34 20 9 0 17 16 6 45 10 33 95 68 79 66 2 0 0 0 0 0 0 0 0 13 15 68 43 78 99 59 27 27 0 0 0 0 9 48 92 17 0 0 0 0 0 0 0 0 0 0 0 0 0 0 0 0 0 0 0 0 81 91 49 73 93 58 47 0 1 74 87 83 59
37 16 33 84 35 30 64 38 52 78 63 58 36 1 73 64 6 0 37 100 91 96 77 90 62 31 0 0 0 0 10 0 1 24 68 88 22 0 0 0 0 0 0 0 0 26 23 76 58 58 98 56 31 12 0 0 0 0 0 20 60 87 2 20 9 0 0 0 0 0 4 43 39 18 21 9 0 0 0 0 0 0 9 85 77 9 41 92 42 6 28 14 92 69 66 60
88 25 60 36 14 34 78 42 18 6 98 53 4 0 66 50 0 0 65 75 4 31 36 3 0 0 0 0 0 4 48 0 0 0 33 33 0 0 0 0 0 0 0 0 0 4 71 70 30 98 54 12 0 0 0 0 0 0 0 45 37 56 62 93 61 0 0 0 0 9 26 28 22 62 80 33 0 0 0 0 22 20 55 100 40 22 97 86 86 4 29 49 91 37 41 46
38 9 89 65 69 41 36 0 0 0 24 12 36 53 92 84 47 0 37 89 18 0 0 0 0 0 0 0 0 0 6 0 0 0 4 49 45 0 0 0 0 0 0 0 0 33 79 35 84 100 38 0 0 0 0 0 0 2 39 46 36 26 72 58 0 0 0 0 0 0 0 0 0 0 8 1 0 19 88 84 79 44 88 74 11 5 53 72 85 38 15 61 52 68 64 45
47 8 59 81 70 45 7 0 0 0 34 85 71 80 68 72 75 0 0 83 94 73 25 10 0 0 0 0 0 0 0 0 0 0 0 23 49 0 0 0 0 0 0 0 48 85 48 55 54 39 5 0 0 0 0 0 0 32 34 22 50 60 21 0 0 0 0 0 0 0 0 0 0 0 0 0 0 0 10 42 79 87 56 1 0 2 64 97 100 35 2 47 83 91 37 76
57 47 89 64 61 21 0 0 0 15 76 57 100 90 87 82 70 0 0 66 61 59 82 9 0 0 0 0 0 0 0 0 0 0 0 6 0 0 0 0 0 0 10 31 26 30 63 34 87 0 26 0 0 0 0 0 14 76 46 24 0 2 4 0 0 0 0 0 0 0 0 0 0 0 0 0 0 0 2 39 59 47 0 0 0 23 94 100 67 6 1 44 91 65 14 55
94 39 67 51 33 0 0 0 2 46 84 87 24 46 66 95 84 0 0 65 96 55 81 63 18 11 45 0 0 0 0 0 0 0 0 0 0 0 0 0 21 27 13 1 0 33 49 79 52 0 2 0 0 0 0 0 42 25 16 0 0 0 0 0 0 0 0 0 0 0 0 0 0 0 0 0 0 1 34 77 82 69 0 0 0 46 99 99 25 49 72 94 95 84 25 14
43 72 73 43 88 36 0 0 0 0 45 80 1 28 58 34 86 25 0 11 82 83 61 46 37 38 48 15 39 0 0 0 0 0 0 0 0 0 14 45 46 18 0 0 13 67 37 62 5 0 0 0 0 0 0 0 0 0 0 0 0 0 0 0 0 0 0 0 0 0 0 0 0 0 0 0 0 22 68 60 94 44 0 0 1 78 100 60 6 79 100 99 59 0 0 0
13 47 54 13 74 33 0 0 0 16 49 8 0 8 0 0 64 81 27 1 4 41 41 45 69 58 40 11 15 1 0 0 0 0 0 0 0 0 29 1 0 0 0 0 0 47 92 5 0 0 0 0 0 0 0 0 0 0 0 0 0 0 0 0 0 0 0 0 0 0 0 0 0 0 0 0 0 67 67 87 32 0 5 16 55 93 96 34 2 52 100 71 12 0 0 0
2 44 77 73 55 21 0 0 0 3 26 0 0 0 0 12 86 99 46 0 0 8 57 85 82 59 66 41 13 1 25 16 38 8 0 0 0 0 0 0 0 0 0 0 2 72 45 0 0 0 0 0 0 0 0 0 0 0 0 0 0 0 0 0 0 0 5 10 4 0 0 0 5 3 0 0 13 50 83 88 28 30 51 87 59 23 12 0 0 58 100 54 6 6 27 0
80 75 18 2 0 0 0 0 0 0 0 0 0 0 0 43 71 72 78 1 4 42 73 50 100 47 68 68 30 46 57 64 81 69 26 0 0 0 0 0 0 0 0 0 0 5 0 0 0 0 0 0 0 0 0 0 0 0 0 0 0 0 0 0 0 0 90 55 36 61 28 44 92 48 35 23 27 84 79 73 28 70 97 50 24 0 0 0 27 100 74 20 70 78 98 66
75 66 2 0 0 0 0 0 0 0 0 0 0 0 0 0 1 87 75 33 26 87 79 40 40 17 0 0 0 8 74 11 6 0 0 0 0 0 0 0 0 0 0 0 0 0 0 0 0 0 0 0 0 0 0 0 0 0 0 0 0 0 0 0 31 51 98 70 42 6 29 29 97 80 100 95 74 100 69 85 91 64 27 2 11 38 52 89 63 91 72 60 76 49 60 65
100 78 11 0 0 0 0 0 0 0 0 0 0 0 0 0 6 62 72 51 40 59 55 33 17 0 0 0 0 21 40 0 0 0 0 0 0 0 0 0 0 0 0 0 0 0 0 0 0 0 0 0 0 0 0 0 0 0 0 0 0 0 0 0 8 79 31 55 67 6 47 79 45 15 76 71 62 65 61 63 5 0 0 23 59 99 100 62 73 63 83 91 100 88 82 97
55 18 8 20 27 0 0 0 0 0 0 0 0 0 0 0 0 19 80 79 24 73 0 0 0 0 0 0 3 91 33 0 0 0 0 0 0 0 0 0 0 0 0 0 0 0 0 0 0 0 0 0 0 0 0 17 52 2 0 0 40 0 0 2 9 76 62 55 62 76 99 96 75 44 53 75 80 49 43 80 44 41 66 95 100 100 81 56 39 77 90 62 48 75 95 100
87 31 48 56 62 1 0 0 0 0 0 0 0 0 0 0 0 2 68 98 14 93 42 0 0 0 0 0 0 52 13 0 0 0 0 0 0 0 0 0 0 0 0 0 0 0 0 0 0 0 0 0 0 5 18 22 79 20 0 5 74 4 21 70 55 51 57 48 97 100 94 83 78 88 85 100 64 20 40 100 94 80 73 65 91 63 43 70 29 82 86 69 72 40 59 75
36 2 14 19 88 7 0 0 0 0 0 0 0 0 0 0 42 61 100 100 52 62 99 51 3 0 0 0 0 0 0 0 0 0 0 0 0 0 0 0 0 0 0 0 0 0 0 0 0 0 0 0 0 38 60 66 65 65 0 25 100 40 88 89 39 6 11 64 91 94 83 94 96 100 100 100 85 44 17 98 90 84 79 18 19 0 44 69 64 43 46 18 54 51 98 69
37 59 57 68 17 70 49 10 0 0 0 0 0 0 0 0 0 28 45 32 62 88 23 73 90 2 0 0 0 0 0 0 0 0 0 0 0 0 0 0 0 0 0 0 0 0 0 0 0 0 0 0 0 4 46 79 44 59 44 74 100 58 71 99 38 2 63 51 67 71 95 85 57 73 64 83 96 62 72 69 35 48 44 11 0 0 22 100 57 35 33 0 0 7 34 8
17 13 19 30 53 72 66 19 1 0 0 0 0 0 0 0 0 0 0 0 1 87 73 49 96 21 0 0 0 0 0 0 0 0 0 0 0 0 0 0 0 0 0 0 0 0 0 0 0 0 0 4 27 8 3 35 31 42 41 83 62 63 70 69 57 76 41 34 48 20 46 69 75 73 52 99 88 68 88 69 96 98 40 61 47 1 0 0 66 42 42 12 0 0 0 0
0 0 0 0 0 10 52 0 0 0 0 0 0 0 0 0 0 0 0 0 0 33 87 29 99 35 0 0 0 0 11 16 7 0 0 0 0 0 0 0 0 0 0 0 0 0 0 0 0 0 0 12 61 30 0 27 24 26 71 96 61 57 60 40 28 32 22 87 87 80 60 62 56 61 80 97 96 64 100 88 100 100 35 59 94 12 0 18 87 53 19 44 0 0 0 0
0 0 0 0 0 0 0 0 0 0 0 0 0 0 0 0 0 0 0 0 1 48 87 33 93 83 32 0 0 22 81 63 5 0 0 0 0 0 0 0 0 0 0 0 0 0 0 0 0 6 32 16 66 15 41 61 45 44 68 48 58 56 49 26 45 20 22 76 48 62 92 78 71 11 75 98 100 88 100 100 71 71 76 86 91 55 0 0 29 69 73 42 0 0 0 0
0 0 0 0 0 0 0 0 0 0 0 0 0 0 0 0 0 0 0 15 48 91 94 56 45 85 62 39 70 38 53 9 0 0 0 0 0 0 0 0 0 0 0 0 0 0 7 17 24 45 70 80 59 12 56 80 62 60 70 53 53 64 96 48 29 16 79 45 40 30 27 58 72 0 56 80 100 63 88 96 61 56 16 68 78 61 13 0 0 30 44 19 17 0 0 0
0 0 0 0 0 0 0 0 0 0 0 0 0 0 0 0 0 0 2 57 84 81 50 81 56 63 80 74 62 11 0 0 0 0 0 0 0 0 0 0 29 0 0 0 7 39 71 81 92 33 72 14 54 62 68 66 93 46 18 5 49 42 35 33 73 60 27 83 84 10 0 0 4 0 12 93 100 77 96 43 73 69 1 82 96 70 31 0 0 26 13 44 39 0 0 0
0 0 0 0 0 0 0 0 0 0 0 0 0 0 0 0 0 0 0 53 52 82 89 41 0 10 74 76 0 0 0 0 0 0 0 0 0 0 0 0 42 4 6 45 66 79 78 12 11 12 67 81 64 56 41 25 4 2 20 0 0 0 13 53 100 92 50 76 69 31 0 0 0 29 58 100 99 41 44 34 37 41 11 37 77 92 39 0 0 45 30 87 20 0 0 0
0 3 0 0 0 0 0 0 0 0 0 38 18 0 0 0 0 0 0 21 51 98 37 2 0 1 26 28 0 0 0 0 0 0 0 0 0 0 0 11 72 64 96 73 31 13 9 57 64 69 100 79 87 19 66 42 64 1 0 0 0 0 16 21 64 83 61 80 57 14 0 0 0 77 100 93 50 0 18 23 82 33 27 17 99 81 48 1 0 25 27 59 49 0 0 0
