data/habitatmaps/RS_maps/habitat_Fringilla.coelebs_2011.asc
NCOLS 369 
NROWS 228 
XLLCORNER 479000 
YLLCORNER 73000 
CELLSIZE 1000 
NODATA_value -9 
[rows 0 to 60 of 228, columns 192 to 287 of 369]
100 100 72 87 96 89 96 42 52 84 96 95 70 71 28 51 25 38 10 93 36 36 7 9 0 28 2 20 54 66 3 60 74 54 -9 -9 -9 -9 -9 -9 -9 -9 -9 -9 -9 -9 -9 -9 -9 -9 -9 -9 -9 -9 -9 -9 -9 -9 -9 -9 -9 -9 -9 -9 -9 -9 -9 -9 -9 -9 -9 -9 -9 -9 -9 -9 -9 -9 -9 -9 -9 -9 -9 -9 -9 -9 -9 -9 -9 -9 -9 -9 -9 -9 -9 -9
100 100 72 18 61 37 69 21 28 45 72 86 5 9 43 38 23 2 48 93 53 29 13 19 4 36 18 40 37 39 25 86 22 82 5 12 11 -9 -9 -9 -9 -9 -9 -9 -9 -9 -9 -9 -9 -9 -9 -9 -9 -9 -9 -9 -9 -9 -9 -9 -9 -9 -9 -9 -9 -9 -9 -9 -9 -9 -9 -9 -9 -9 -9 -9 -9 -9 -9 -9 -9 -9 -9 -9 -9 -9 -9 -9 -9 -9 -9 -9 -9 -9 -9 -9
100 84 2 6 0 0 5 26 39 75 98 72 35 93 91 28 16 0 74 41 5 40 60 27 25 52 8 59 2 18 34 22 14 67 45 45 18 6 -9 -9 -9 -9 -9 -9 -9 -9 -9 -9 -9 -9 -9 -9 -9 -9 -9 -9 -9 -9 -9 -9 -9 -9 -9 -9 -9 -9 -9 -9 -9 -9 -9 -9 -9 -9 -9 -9 -9 -9 -9 -9 -9 -9 -9 -9 -9 -9 -9 -9 -9 -9 -9 -9 -9 -9 -9 -9
64 23 16 26 9 35 11 41 28 74 31 15 20 87 61 64 41 11 50 1 37 7 5 33 15 74 18 20 49 4 6 55 5 4 51 52 28 0 7 0 -9 -9 -9 -9 -9 -9 -9 -9 -9 -9 -9 -9 -9 -9 -9 -9 -9 -9 -9 -9 -9 -9 -9 -9 -9 -9 -9 -9 -9 -9 -9 -9 -9 -9 -9 -9 -9 -9 -9 -9 -9 -9 -9 -9 -9 -9 -9 -9 -9 -9 -9 -9 -9 -9 -9 -9
11 0 0 7 18 12 91 42 3 64 6 2 15 70 24 10 19 14 11 4 34 4 8 64 2 23 62 70 0 0 1 24 46 25 9 28 12 0 1 2 41 -9 -9 -9 -9 -9 -9 -9 -9 -9 -9 -9 -9 -9 -9 -9 -9 -9 -9 -9 -9 -9 -9 -9 -9 -9 -9 -9 -9 -9 -9 -9 -9 -9 -9 -9 -9 -9 -9 -9 -9 -9 -9 -9 -9 -9 -9 -9 -9 -9 -9 -9 -9 -9 -9 -9
2 1 0 30 3 4 49 62 71 27 19 16 89 92 38 0 7 7 16 62 50 46 37 34 26 32 61 16 0 0 0 17 39 6 2 21 33 32 22 37 90 61 -9 -9 -9 -9 -9 -9 -9 -9 -9 -9 -9 -9 -9 -9 -9 -9 -9 -9 -9 -9 -9 -9 -9 -9 -9 -9 -9 -9 -9 -9 -9 -9 -9 -9 -9 -9 -9 -9 -9 -9 -9 -9 -9 -9 -9 -9 -9 -9 -9 -9 -9 -9 -9 -9
46 36 0 56 73 63 34 89 50 12 18 0 95 100 68 61 22 0 0 7 72 28 38 1 4 27 42 63 40 2 1 1 33 10 18 16 16 20 64 41 6 57 23 -9 61 100 96 89 77 82 5 0 0 26 13 -9 -9 -9 -9 -9 -9 -9 -9 -9 -9 -9 -9 -9 -9 -9 -9 -9 -9 -9 -9 -9 -9 -9 -9 -9 -9 -9 -9 -9 -9 -9 -9 -9 -9 -9 -9 -9 -9 -9 -9 -9
51 32 19 54 65 93 0 31 50 55 47 5 72 100 100 98 78 50 10 0 32 65 25 0 0 24 74 87 32 0 31 45 0 3 57 18 56 48 72 10 17 49 57 43 45 73 65 36 87 100 68 1 0 0 0 35 13 0 2 -9 -9 -9 -9 -9 -9 -9 -9 -9 -9 -9 -9 -9 -9 -9 -9 -9 -9 -9 -9 -9 -9 -9 -9 -9 -9 -9 -9 -9 -9 -9 -9 -9 -9 -9 -9 -9
32 42 41 31 45 54 32 52 37 88 69 3 36 97 90 49 52 74 80 37 0 0 0 0 3 0 17 17 0 0 0 0 0 75 92 100 97 83 51 62 71 58 61 54 43 43 28 44 36 62 100 56 5 0 0 0 42 64 52 37 18 17 6 22 35 62 0 42 -9 -9 -9 -9 -9 -9 -9 -9 -9 -9 -9 -9 -9 -9 -9 -9 -9 -9 -9 -9 -9 -9 -9 -9 -9 -9 -9 -9
32 66 37 14 16 37 60 90 39 36 25 29 51 80 58 65 46 84 100 78 51 35 21 7 72 26 3 1 2 20 9 50 10 58 40 35 75 65 92 78 61 23 9 37 86 14 28 60 50 49 63 29 23 35 5 0 7 31 82 82 51 62 69 64 45 98 53 32 16 35 37 38 -9 -9 -9 -9 -9 -9 -9 -9 -9 -9 -9 -9 -9 -9 -9 -9 -9 -9 -9 -9 -9 -9 -9 -9
20 90 48 94 13 78 53 38 0 16 8 25 72 100 83 78 52 81 95 52 49 28 45 24 3 0 13 22 5 51 31 8 70 24 19 35 2 22 83 18 49 47 15 47 81 76 22 16 25 41 61 69 77 74 87 8 0 0 3 43 60 92 69 80 47 76 62 17 0 0 10 25 56 54 -9 -9 -9 -9 -9 -9 -9 -9 -9 -9 -9 -9 -9 -9 -9 -9 -9 -9 -9 -9 -9 -9
2 40 100 81 89 56 31 63 0 13 63 100 88 100 98 83 65 63 71 23 27 29 71 52 32 5 0 15 23 44 11 55 40 29 82 80 70 91 30 6 14 9 30 92 80 23 36 88 60 59 73 65 62 56 65 48 9 2 0 0 16 30 33 1 41 58 42 62 0 0 0 16 77 70 33 78 -9 -9 -9 -9 -9 -9 -9 -9 -9 -9 -9 -9 -9 -9 -9 -9 -9 -9 -9 -9
2 6 46 39 82 16 17 5 0 55 88 100 82 75 88 65 89 75 76 74 34 71 74 70 33 26 18 43 81 92 43 95 71 33 43 18 60 29 32 0 0 0 10 52 75 5 14 52 95 65 37 21 38 42 41 11 37 37 6 0 0 0 0 24 46 19 19 31 0 6 12 40 54 5 12 60 69 99 -9 -9 -9 -9 -9 -9 -9 -9 -9 -9 -9 -9 -9 -9 -9 -9 -9 -9
5 22 12 77 54 72 27 0 50 93 100 88 75 95 66 35 97 64 82 52 61 64 77 64 62 38 31 19 41 73 17 46 74 53 76 76 12 2 11 0 15 13 0 0 6 21 0 9 47 72 27 6 67 67 54 74 96 13 0 0 0 0 0 73 77 84 78 11 44 14 29 2 8 0 47 84 43 38 4 0 -9 -9 -9 -9 -9 -9 -9 -9 -9 -9 -9 -9 -9 -9 -9 -9
34 14 84 33 50 90 8 0 3 26 71 100 99 92 100 80 80 97 73 89 91 89 95 60 62 94 7 18 4 26 18 15 1 4 9 6 2 34 24 0 64 46 21 6 0 0 0 0 2 15 48 57 69 97 99 100 100 79 10 6 0 0 0 23 96 50 59 60 23 56 53 18 50 46 23 28 4 29 1 0 0 3 -9 -9 -9 -9 -9 -9 -9 -9 -9 -9 -9 -9 -9 -9
54 5 44 96 72 20 3 0 0 20 54 100 99 34 97 75 39 99 78 78 37 80 27 35 28 68 62 16 0 0 8 25 0 27 35 37 64 63 38 33 6 3 7 33 18 0 0 0 0 0 2 44 5 36 94 100 98 93 51 24 0 0 0 0 32 75 53 6 68 38 56 21 22 28 7 6 0 42 36 48 64 26 5 30 -9 -9 -9 -9 -9 -9 -9 -9 -9 -9 -9 -9
71 77 48 46 28 7 30 6 46 0 9 48 78 53 89 45 68 100 66 66 71 98 31 8 22 61 96 64 60 59 39 44 42 84 83 43 50 76 56 100 91 75 35 55 4 3 0 0 0 0 22 0 0 7 70 52 30 35 80 49 0 0 0 0 0 24 81 12 12 47 64 21 10 34 46 35 11 28 54 35 29 4 37 6 24 14 -9 -9 -9 -9 -9 -9 -9 -9 -9 -9
90 41 99 13 26 76 2 3 20 0 0 3 15 36 67 79 97 100 55 94 35 36 39 19 0 2 27 93 84 51 80 31 10 69 89 65 44 45 30 99 65 97 91 53 16 53 0 0 0 3 32 7 0 0 3 12 31 30 87 92 5 0 0 0 0 0 2 0 11 48 66 76 18 72 50 14 26 17 44 6 18 35 54 7 33 54 10 -9 -9 -9 -9 -9 -9 -9 -9 -9
71 34 100 8 0 5 0 31 63 0 32 32 1 16 66 71 100 88 66 91 42 10 59 73 56 14 50 59 10 14 98 54 0 71 100 100 96 41 25 46 66 99 57 42 47 10 0 0 0 0 4 8 0 0 0 1 29 92 99 95 25 37 0 0 0 0 0 0 8 39 6 7 14 16 43 28 1 27 18 10 6 5 31 21 36 41 13 28 5 -9 -9 -9 -9 -9 -9 -9
58 68 74 0 0 5 41 67 44 67 82 100 82 99 97 80 80 43 66 98 87 49 31 51 59 44 8 39 6 66 85 6 2 40 75 99 59 49 83 2 22 64 60 40 3 0 2 35 38 37 19 5 20 0 0 0 0 8 50 95 89 69 0 0 0 0 0 0 0 0 3 0 34 60 19 1 41 67 58 6 45 78 45 13 41 56 5 39 10 26 -9 -9 -9 -9 -9 -9
85 60 6 35 0 37 28 68 99 100 100 100 100 100 41 23 34 9 76 65 80 95 25 18 80 26 31 24 59 94 68 10 2 4 46 64 22 39 3 4 60 13 7 11 69 38 52 45 72 54 41 64 50 6 1 11 5 15 42 48 65 82 5 0 0 0 0 0 0 0 0 2 27 4 0 0 0 0 45 60 53 26 35 58 99 48 0 58 47 28 62 -9 -9 -9 -9 -9
14 7 27 5 0 1 12 60 100 100 100 100 96 97 20 17 24 58 0 51 92 98 11 51 33 32 22 7 42 11 45 37 0 15 38 53 7 13 8 20 8 5 31 52 43 81 62 44 81 86 35 62 34 10 13 81 37 11 55 14 0 0 0 0 0 0 0 0 0 0 0 0 0 0 0 0 0 0 0 2 44 21 19 48 100 30 0 73 56 78 74 70 -9 -9 -9 -9
61 26 81 7 22 40 78 55 77 84 100 100 42 89 35 15 25 70 22 30 27 40 32 13 57 40 51 62 0 0 80 69 40 61 16 16 63 0 0 41 40 69 66 42 14 40 48 59 59 64 74 76 54 89 63 40 25 49 100 63 2 2 0 0 0 0 0 0 0 0 0 0 0 0 0 0 0 0 0 0 0 0 0 7 56 52 12 54 56 87 100 100 92 42 -9 -9
6 0 13 79 24 90 87 39 32 45 91 88 36 24 63 55 52 63 33 18 5 55 40 42 62 83 98 59 0 1 80 100 100 96 44 34 49 66 37 72 96 28 0 7 31 6 38 13 36 7 14 21 57 82 100 49 52 52 81 95 60 77 7 51 22 0 0 0 0 0 0 0 0 0 0 0 0 0 0 0 0 0 0 0 1 49 54 90 99 71 61 31 31 25 40 -9
37 7 54 24 88 51 63 18 0 66 71 63 51 28 23 37 38 46 30 45 21 4 28 25 28 39 51 30 23 17 88 70 85 56 90 61 20 37 12 22 39 41 40 34 19 23 4 55 23 10 19 0 17 45 99 94 82 86 21 59 20 57 41 33 24 24 3 0 0 0 0 0 0 0 0 0 0 0 0 0 0 0 0 0 0 29 87 100 84 21 14 30 24 4 2 1
68 32 27 52 69 63 34 27 19 7 83 48 100 74 56 5 44 72 99 12 52 6 39 9 36 10 1 37 28 18 3 12 0 5 4 64 67 89 88 94 7 15 24 49 3 15 30 50 23 32 7 0 0 37 49 38 19 66 53 62 49 32 65 23 11 63 6 5 6 0 0 0 0 0 0 0 0 0 0 0 0 0 0 0 0 17 67 47 27 17 8 74 21 34 26 16
16 26 46 90 66 9 4 10 4 62 44 37 53 64 23 50 93 93 91 29 7 41 43 68 81 24 8 59 81 25 15 12 2 0 0 0 24 59 29 34 37 34 16 58 52 24 71 57 8 12 9 0 13 3 50 4 2 0 20 26 37 9 22 22 20 1 22 0 68 10 0 0 0 0 0 0 0 0 0 0 0 0 0 0 0 0 39 14 1 20 3 0 7 4 6 2
20 38 67 50 38 22 32 82 50 52 5 10 37 18 19 44 49 98 100 74 19 66 26 41 71 14 47 38 25 38 43 68 25 42 0 25 14 9 5 13 27 59 15 31 6 12 60 41 30 54 6 17 40 29 40 22 19 0 24 2 32 53 24 72 42 25 58 9 1 0 36 12 0 0 0 0 0 0 0 0 0 0 0 0 0 0 1 65 50 14 13 56 38 7 17 2
84 78 32 50 28 65 38 71 62 20 12 1 20 69 6 24 51 94 100 37 49 25 53 65 20 51 60 52 13 8 40 21 1 18 16 4 16 27 16 69 78 21 26 76 50 34 26 3 11 23 0 32 13 9 29 31 17 5 21 0 2 34 29 41 24 0 74 66 71 54 11 29 40 1 0 0 0 0 0 0 0 0 0 0 0 0 0 1 16 1 21 39 18 7 30 31
20 4 0 35 10 9 22 16 37 37 63 39 66 51 0 6 32 74 69 58 71 40 54 28 72 46 3 22 27 32 18 20 0 9 19 28 41 64 32 50 20 50 55 9 10 4 30 36 5 0 13 58 20 57 51 48 68 80 31 23 64 14 9 0 0 0 31 29 79 100 63 6 19 5 14 0 0 0 0 0 0 0 0 0 0 0 0 0 0 0 0 0 36 20 77 25
35 19 60 92 20 22 2 55 56 55 61 32 24 19 33 0 6 26 17 48 35 18 1 1 41 15 26 9 40 71 0 0 0 2 4 32 31 28 31 0 0 16 60 25 60 77 37 56 56 34 35 35 4 0 58 32 24 14 11 70 19 6 0 24 14 0 27 10 30 25 0 87 91 59 100 40 0 0 0 0 0 0 0 0 0 0 0 0 0 0 0 0 22 0 0 24
1 29 52 98 52 40 44 56 50 75 78 18 39 43 48 11 41 66 18 4 44 56 5 43 54 5 56 61 12 25 17 0 10 46 24 17 14 53 70 34 31 38 49 99 100 99 46 37 3 11 30 17 40 1 60 72 23 26 29 1 0 7 16 15 20 0 22 7 8 32 4 74 61 36 77 19 0 0 0 0 0 0 0 0 0 0 0 0 0 0 0 0 0 0 0 0
35 61 10 31 35 72 53 5 57 53 7 63 60 36 92 83 30 0 20 17 65 83 63 53 84 14 0 41 20 14 23 54 37 18 25 0 30 82 100 100 82 29 18 54 60 55 62 43 10 0 28 33 26 41 56 29 10 12 10 0 0 26 6 74 30 1 7 42 57 84 43 8 1 16 33 24 0 0 0 0 0 0 0 0 0 0 0 0 0 0 0 0 0 0 0 0
62 64 29 21 47 48 46 1 91 60 16 28 75 24 39 93 62 10 23 10 59 2 14 51 17 19 21 10 7 19 40 30 32 6 40 26 16 64 100 88 46 27 37 30 19 0 14 1 24 0 0 11 21 2 19 2 64 68 58 0 13 0 16 4 5 58 24 25 46 68 41 8 0 0 10 65 0 0 0 0 0 0 0 0 0 0 0 0 0 0 0 0 0 0 0 0
49 91 74 66 100 78 15 13 13 27 81 73 59 63 14 99 100 74 27 51 71 41 11 20 48 26 26 55 94 48 24 7 0 39 17 59 29 34 89 69 69 53 36 27 43 57 26 31 8 14 23 0 0 23 2 0 8 22 46 29 68 11 25 0 15 67 0 16 9 1 25 8 26 5 27 3 7 1 0 0 0 0 0 0 0 0 0 0 0 0 0 0 0 0 0 0
46 68 65 92 59 91 52 7 51 83 63 86 38 55 61 48 44 87 94 41 44 38 22 0 0 3 83 68 35 1 38 20 19 38 7 39 20 3 33 25 79 34 12 56 88 80 25 1 26 26 17 14 54 0 76 52 15 0 5 50 71 24 14 5 16 30 19 52 70 0 11 12 0 0 26 6 5 36 10 2 0 0 0 0 0 0 0 0 0 0 0 0 0 0 0 0
59 95 74 23 35 40 24 0 56 27 68 76 86 19 64 81 55 18 84 35 26 77 76 5 54 67 72 4 13 20 44 39 15 17 10 55 2 23 25 58 41 78 5 22 7 3 15 0 7 39 15 28 15 5 28 26 34 19 17 24 43 84 59 1 43 23 6 17 1 0 0 19 2 0 0 0 0 7 91 57 0 0 0 0 0 0 0 0 0 0 0 0 0 0 0 0
98 62 97 52 58 17 44 15 58 0 19 91 69 3 59 69 31 90 28 60 47 27 62 32 93 98 91 71 87 21 55 27 73 42 57 57 66 66 42 34 15 50 5 0 5 33 59 45 27 48 51 68 48 32 34 4 28 0 61 47 18 18 45 25 19 35 0 0 0 0 0 0 0 3 14 0 16 61 67 19 12 0 0 0 0 0 0 0 0 0 0 0 0 0 0 0
99 93 100 77 50 15 23 12 26 36 40 14 63 47 52 71 42 79 80 79 40 88 66 94 98 99 99 100 75 30 28 38 32 42 47 15 68 12 38 55 23 12 41 47 12 35 50 14 44 45 33 38 37 45 32 5 25 24 39 30 3 20 60 11 50 44 18 41 27 20 38 7 18 16 6 27 45 20 1 36 10 34 0 0 0 0 0 0 19 27 0 0 0 0 0 0
27 53 71 70 13 38 18 2 50 18 27 28 62 64 42 40 47 46 50 52 75 36 34 77 33 62 80 82 16 57 82 59 30 37 76 68 68 26 54 78 44 2 24 51 28 32 22 0 39 36 7 12 49 10 32 33 0 7 3 0 0 5 17 11 86 51 28 7 20 1 34 9 2 0 0 16 41 27 10 17 39 50 8 0 0 0 0 2 41 44 16 0 0 0 0 1
13 18 36 0 35 33 0 25 87 17 0 29 20 82 60 20 22 27 44 54 14 61 63 91 83 72 100 88 51 100 98 32 33 44 67 76 27 21 55 65 2 37 0 8 12 37 83 29 17 49 21 0 26 19 33 25 33 30 55 4 5 20 38 30 58 54 24 0 0 0 2 42 50 16 0 0 18 37 30 5 31 56 72 4 32 46 50 62 4 2 30 0 1 0 6 12
45 33 57 43 24 86 7 43 42 35 46 2 2 50 53 30 90 56 66 33 19 47 95 80 68 100 100 74 87 77 87 50 17 8 30 19 37 48 22 32 40 63 16 31 0 32 75 14 30 92 50 32 30 24 57 59 8 23 18 3 31 46 28 26 30 0 1 22 52 48 23 27 24 40 2 19 15 57 50 1 19 51 80 75 78 29 18 80 29 45 76 59 39 50 83 74
87 84 95 66 43 61 21 11 26 78 41 34 0 39 66 33 48 35 64 46 2 23 41 80 78 100 100 97 73 28 32 52 64 48 33 57 61 73 82 98 68 25 40 41 58 49 60 25 28 100 100 76 69 35 49 13 0 23 26 87 24 27 10 39 12 0 3 21 44 65 99 84 44 7 38 87 75 23 23 64 38 17 36 34 51 65 64 63 22 56 90 92 49 85 56 31
24 54 63 83 50 48 60 49 16 36 4 39 0 0 32 62 49 21 32 36 29 15 65 69 61 90 100 98 74 31 59 69 51 72 56 80 82 45 30 44 46 55 6 35 4 40 50 50 32 56 79 49 40 40 28 41 41 36 30 19 1 31 36 16 42 16 18 31 18 0 37 36 66 40 37 84 99 23 61 78 53 61 81 54 49 30 47 40 59 14 21 53 67 76 79 44
62 15 25 56 20 19 54 51 87 59 35 42 0 0 46 76 5 42 46 67 43 49 43 43 54 87 91 57 69 80 77 56 21 85 46 87 57 91 24 95 58 55 80 27 4 34 76 29 64 49 61 26 0 8 36 34 37 55 40 27 40 29 44 13 4 53 33 36 39 3 49 51 64 51 87 76 100 63 54 40 42 43 50 31 32 13 76 46 30 63 60 36 53 38 82 66
9 11 0 7 33 0 31 47 36 83 67 26 21 3 93 93 50 42 93 87 43 48 22 54 82 14 39 53 58 80 56 53 35 64 78 85 58 66 15 61 71 46 48 40 1 14 31 38 50 50 23 32 37 16 36 62 68 70 40 67 6 26 16 1 1 18 6 33 39 54 68 15 71 50 89 87 90 87 29 54 38 20 36 41 65 43 38 50 59 40 53 44 27 46 37 44
67 75 39 14 75 22 62 43 0 0 3 4 44 43 75 95 100 50 30 64 64 42 79 66 54 12 22 80 55 22 59 73 76 62 43 78 54 59 68 75 27 61 56 79 52 26 45 88 86 34 56 40 4 0 7 78 78 28 36 15 5 14 39 3 17 29 15 43 35 36 74 54 86 98 50 67 44 14 42 40 54 44 43 62 32 53 36 26 75 27 10 65 96 44 43 22
60 67 79 91 64 64 96 26 41 55 33 82 90 73 80 45 57 76 40 68 54 37 92 82 67 26 43 53 49 33 17 83 16 21 77 80 93 59 87 63 41 25 34 36 73 50 52 15 16 42 16 19 74 36 26 30 62 7 0 34 59 29 3 6 53 83 71 55 28 47 18 65 85 93 61 70 33 43 45 47 58 59 40 32 12 19 40 36 47 54 32 46 53 64 93 36
16 90 95 65 76 84 67 100 86 100 78 34 58 10 21 84 68 73 71 37 91 88 52 84 29 26 47 46 38 31 56 44 0 83 48 43 62 50 83 79 57 54 52 80 68 6 46 36 6 71 21 80 24 58 89 69 41 37 13 77 93 42 42 11 22 56 29 31 5 35 65 96 50 73 78 55 58 53 84 50 65 92 19 9 34 44 47 64 67 55 72 96 99 62 91 36
18 31 41 22 64 89 96 100 100 46 85 76 55 95 100 48 74 74 40 69 9 90 58 34 38 77 30 24 25 97 47 30 44 37 35 38 78 62 78 74 64 41 58 91 82 41 23 45 19 27 33 46 21 36 56 33 38 56 50 35 50 28 40 21 62 26 30 69 40 46 38 61 55 49 29 43 58 29 18 10 36 42 17 38 82 32 75 78 68 46 88 47 37 14 12 57
98 43 48 26 43 38 16 51 100 82 86 86 68 100 69 75 31 80 49 1 20 63 45 68 52 21 38 39 28 66 48 77 51 27 46 63 61 80 69 67 54 49 48 48 70 52 37 5 14 20 47 22 47 30 44 34 66 45 70 64 12 3 30 55 33 47 41 55 66 28 36 40 31 46 65 96 40 27 38 39 47 36 60 76 51 34 17 41 39 65 14 0 0 0 0 58
78 75 66 52 93 62 80 77 11 8 46 78 89 98 81 55 25 83 75 26 30 47 91 46 51 35 7 38 47 54 44 26 71 18 45 68 69 62 52 57 52 62 72 88 96 26 17 44 19 19 42 37 8 46 69 39 16 39 28 78 6 7 18 37 61 44 56 68 19 22 22 25 24 55 15 46 1 21 39 38 48 69 58 69 87 32 51 92 39 0 0 0 0 0 0 4
92 94 54 98 94 100 85 77 57 64 8 20 81 86 66 68 97 30 0 19 97 51 30 25 35 53 65 47 26 7 7 2 76 75 48 20 73 86 62 79 96 95 57 62 41 28 17 27 6 13 28 8 22 48 24 40 47 20 58 70 46 42 31 39 43 17 35 58 50 34 50 4 27 32 29 51 36 47 58 45 60 73 36 57 65 20 31 42 54 0 0 0 10 0 0 15
44 94 56 46 35 80 77 89 95 41 6 0 28 97 86 86 100 95 70 47 12 9 34 21 74 31 28 57 23 33 62 51 22 26 5 45 61 77 36 66 97 80 64 57 43 5 31 39 4 21 29 15 16 23 51 37 41 48 37 55 51 63 66 56 45 4 21 39 73 58 8 42 26 27 34 23 26 26 42 25 52 23 21 22 47 38 42 0 0 0 0 1 68 2 38 92
30 80 32 5 57 67 85 100 74 69 51 0 39 96 100 100 82 91 69 58 2 7 68 28 18 55 88 55 47 52 100 67 26 57 64 74 46 56 83 56 41 62 59 97 88 89 52 34 44 47 11 46 46 40 40 21 41 59 42 30 44 65 72 42 30 38 43 40 41 10 0 11 5 5 28 26 12 34 17 4 15 30 66 97 100 98 24 0 0 0 0 0 24 50 28 41
23 5 54 51 93 59 58 92 72 88 53 32 19 51 95 94 82 64 63 53 39 0 8 60 78 91 12 4 0 0 27 32 38 61 66 53 40 73 71 72 70 69 53 70 100 81 51 76 68 42 31 5 28 44 23 24 51 38 44 60 89 68 42 44 29 23 19 15 33 13 22 60 64 43 50 35 18 16 21 4 45 81 82 95 82 54 27 0 0 0 6 6 69 59 92 81
43 49 67 6 5 48 38 75 84 88 48 82 33 0 57 100 96 66 17 35 34 43 5 0 70 92 84 51 1 12 2 0 7 7 19 66 62 51 48 85 65 62 56 68 70 100 60 59 92 55 14 21 6 28 7 34 62 46 17 57 97 69 20 25 19 7 24 35 12 28 30 47 39 8 0 3 7 25 55 16 18 13 7 60 88 99 42 21 0 0 4 62 41 100 58 87
16 64 48 53 16 66 32 52 66 72 61 66 70 0 24 100 100 85 70 43 64 16 59 3 4 30 48 27 70 51 17 0 19 40 64 51 21 13 26 50 46 66 72 98 82 91 73 85 60 40 42 16 41 43 39 36 46 54 36 65 78 32 30 17 40 25 47 60 34 34 16 12 3 32 16 21 40 60 85 36 9 5 46 46 59 100 99 79 52 32 74 33 48 59 56 92
25 43 40 56 16 31 13 67 79 59 62 36 85 19 0 89 73 100 100 58 62 89 47 13 0 22 1 31 25 12 26 65 76 86 23 36 24 17 53 28 29 33 57 98 100 76 95 64 36 60 57 39 53 63 47 58 41 41 24 25 24 3 0 9 34 51 36 19 40 19 40 53 10 47 58 30 19 21 60 18 15 23 29 13 63 83 59 55 76 47 37 5 44 7 32 77
39 25 92 39 9 27 21 60 56 71 76 90 74 60 0 58 91 96 31 26 21 61 24 34 5 4 28 1 15 37 38 92 66 8 24 53 18 36 59 18 33 45 92 82 100 100 68 81 50 70 40 16 54 50 76 84 47 51 64 10 31 33 36 3 30 16 58 24 45 68 58 46 56 52 32 61 46 57 55 46 42 4 12 25 71 40 79 64 54 45 12 30 17 33 13 13
34 59 33 57 46 10 54 35 37 60 83 100 62 88 0 21 87 59 54 42 74 70 41 19 25 25 62 20 20 48 53 65 24 0 23 94 66 2 42 30 15 5 68 90 92 98 72 87 59 55 42 42 61 86 66 23 20 11 43 54 19 34 5 35 58 68 50 27 30 39 32 70 58 47 44 55 66 69 49 15 18 19 20 32 44 8 81 75 29 19 45 60 0 4 13 14
