data/habitatmaps/RS_maps/habitat_Prunella.collaris_2007.asc
NCOLS 369 
NROWS 228 
XLLCORNER 479000 
YLLCORNER 73000 
CELLSIZE 1000 
NODATA_value -9 
[rows 138 to 206 of 228, columns 192 to 287 of 369]
32 28 1 24 2 81 84 94 24 0 24 68 68 83 53 29 49 77 85 100 56 16 15 51 10 76 37 50 48 14 79 95 98 45 51 100 94 96 97 100 100 100 65 31 98 100 93 23 3 84 100 98 67 46 63 72 87 38 12 14 0 0 0 0 4 7 47 19 0 19 40 100 100 100 80 26 36 15 18 0 0 0 6 26 44 14 94 24 24 18 2 0 0 0 0 2
31 19 47 28 26 39 69 89 0 0 38 76 68 54 28 53 80 72 83 100 79 2 7 53 55 99 40 72 70 89 88 100 30 65 87 100 99 88 40 74 100 100 50 1 89 50 78 29 0 55 94 100 99 68 77 100 100 48 17 5 15 41 1 0 16 38 50 11 16 58 100 100 100 100 87 7 0 2 74 1 0 0 14 64 72 32 53 16 18 32 10 0 0 0 0 0
41 59 83 44 82 83 30 18 0 8 49 30 99 79 45 80 26 90 100 86 2 2 5 34 89 72 96 98 80 100 75 63 54 93 100 100 100 100 100 100 100 76 8 39 49 31 11 14 32 40 83 100 100 100 100 100 52 17 9 10 27 7 9 8 39 47 31 66 37 36 59 87 100 100 100 52 3 46 84 12 11 0 5 8 17 26 46 60 88 45 0 0 0 0 0 0
89 32 100 81 41 1 6 7 9 5 21 86 64 47 19 88 69 70 86 84 54 6 57 90 68 82 100 100 100 96 31 3 22 81 100 100 100 87 79 87 66 28 6 1 0 0 0 3 1 43 100 94 100 100 99 62 1 24 8 11 59 19 14 70 7 61 100 50 62 67 17 22 43 96 63 5 0 0 9 43 9 0 0 30 39 28 89 99 63 3 0 0 9 66 8 0
62 35 51 41 4 26 13 18 4 6 38 100 80 28 5 19 73 75 94 100 85 62 67 10 98 97 100 100 98 100 92 14 0 11 80 100 100 87 14 10 2 0 2 0 0 21 0 25 19 96 100 61 32 54 56 4 42 14 35 68 100 90 55 28 50 84 38 50 2 19 4 40 36 34 3 0 0 2 0 11 2 0 0 0 60 100 93 87 6 0 0 9 58 39 2 0
84 30 0 34 36 74 41 6 5 4 58 64 8 45 38 82 55 9 40 89 41 14 14 9 83 63 17 48 34 43 34 40 47 0 59 71 68 31 8 3 0 0 0 8 1 24 39 82 89 94 83 47 55 47 41 74 54 76 66 77 33 30 69 48 60 8 0 0 5 1 0 0 0 0 0 9 35 45 50 85 28 0 1 30 10 35 65 44 1 5 3 57 92 20 22 0
33 20 64 76 93 12 0 6 83 13 34 82 99 100 92 56 19 10 38 4 9 2 28 14 1 9 7 62 82 62 21 62 62 2 5 21 12 6 25 7 0 0 14 32 32 53 13 97 100 100 98 28 88 100 97 85 76 100 100 60 75 98 21 7 0 0 16 45 7 18 32 3 18 7 44 60 99 69 90 73 78 4 8 77 65 53 52 3 14 19 14 42 100 85 29 0
0 31 99 52 75 81 58 57 86 86 76 100 100 100 53 14 0 0 0 1 53 0 0 0 0 11 35 14 0 0 64 96 75 27 18 14 5 13 0 0 0 16 31 33 29 52 49 47 92 64 93 91 96 89 99 83 73 100 100 81 85 87 1 22 0 0 2 4 54 35 13 37 37 20 44 100 100 63 95 100 59 3 29 100 64 78 84 21 57 46 19 73 100 87 10 0
0 3 0 70 83 84 59 73 13 68 100 100 100 48 16 7 29 1 0 0 30 25 0 3 1 22 38 23 0 0 0 4 25 61 11 29 8 0 2 0 0 32 50 22 2 69 68 26 81 44 96 100 92 82 64 57 76 96 40 50 65 32 48 18 9 23 36 17 63 81 8 4 26 38 73 100 100 91 100 99 20 1 5 64 75 97 100 32 73 14 71 100 95 15 0 0
2 36 29 52 25 73 71 65 28 88 84 33 24 1 0 0 5 0 0 0 4 30 30 31 8 0 0 35 42 50 66 62 66 68 81 66 31 18 60 17 17 7 0 0 0 7 73 76 53 50 100 98 98 47 36 27 38 100 89 76 50 27 40 42 65 31 7 12 25 31 34 6 55 32 15 74 83 74 96 100 9 5 1 13 9 16 67 97 77 72 100 98 31 1 1 0
32 14 57 54 84 100 100 68 92 91 22 36 27 0 0 0 2 5 11 9 3 16 13 1 0 0 0 2 11 34 46 84 100 88 100 100 84 62 81 73 81 29 0 0 0 0 31 56 36 56 94 42 63 41 53 78 96 84 82 10 22 41 64 37 32 37 83 47 27 15 70 84 100 61 27 100 100 41 74 100 26 58 91 22 1 10 24 40 74 99 100 87 39 46 51 61
3 22 36 73 98 100 99 72 85 46 30 36 2 2 13 5 51 77 72 51 18 0 0 0 0 0 0 0 0 27 42 26 36 0 47 41 64 93 92 94 81 29 0 0 3 0 9 70 35 48 90 21 38 84 80 100 87 71 37 49 38 11 48 0 75 97 88 45 80 36 100 100 98 85 27 100 100 100 83 47 33 100 96 20 17 25 56 85 100 100 67 51 49 88 43 87
53 73 92 100 100 100 90 82 24 4 7 2 22 44 57 70 89 86 48 54 34 18 1 4 0 0 0 0 0 0 0 0 0 0 0 0 2 37 30 44 14 0 27 47 6 0 0 28 42 70 100 54 41 99 97 100 73 44 77 100 100 86 76 8 82 17 17 94 14 44 100 68 27 13 0 11 69 100 49 6 18 100 75 15 19 0 5 24 91 100 100 100 100 82 44 100
17 89 82 82 79 79 84 82 5 40 19 31 52 49 32 88 32 11 2 3 60 59 28 47 21 22 39 19 0 0 0 0 0 0 0 0 0 0 46 3 0 0 4 5 0 0 3 53 86 98 100 98 72 50 28 65 76 70 74 100 100 52 50 2 5 77 97 98 41 77 100 71 51 40 64 33 20 88 87 32 78 100 80 11 16 0 0 0 0 60 100 100 100 90 94 97
47 50 100 85 100 76 58 5 34 67 58 50 100 40 40 37 35 54 38 8 35 42 83 100 96 87 52 24 3 0 0 0 0 0 0 0 0 0 10 0 2 28 0 0 0 0 41 95 99 94 66 71 97 52 67 15 43 55 92 100 92 57 78 47 13 99 100 100 73 98 70 99 60 14 6 9 0 5 42 78 100 99 58 2 15 0 6 34 1 5 53 85 100 100 100 100
31 11 95 37 7 6 2 10 29 66 89 62 100 100 100 82 91 100 100 74 29 21 8 29 81 100 77 40 49 1 0 0 0 0 0 0 0 0 0 0 0 0 0 0 0 0 56 100 100 84 9 11 48 86 55 71 86 100 67 100 100 61 72 52 4 69 100 100 100 76 50 71 44 0 0 0 0 9 88 100 94 52 9 4 46 0 8 79 53 50 3 18 94 100 100 100
8 44 82 41 19 62 78 68 84 100 97 100 100 100 100 100 100 100 100 100 56 15 2 4 29 39 74 94 94 25 14 0 0 0 0 2 0 0 0 34 55 4 0 0 0 0 34 54 100 98 84 3 1 21 32 48 100 80 17 100 89 51 61 0 0 54 99 100 84 61 75 40 5 0 0 0 0 3 43 100 98 49 7 8 34 0 15 78 48 65 75 4 8 40 83 83
50 94 98 100 89 44 30 28 56 81 64 86 72 96 100 100 100 98 100 100 100 89 19 0 1 24 90 100 79 14 13 0 0 0 7 26 0 0 0 29 99 58 2 0 0 0 0 0 47 99 77 2 0 22 62 100 97 38 76 100 93 37 22 0 0 44 99 100 91 91 3 2 0 0 0 0 0 0 65 98 87 17 8 25 36 20 12 67 65 50 73 41 58 41 19 100
57 83 100 82 20 9 12 83 86 88 86 12 9 82 100 25 66 40 51 100 21 62 37 0 9 84 100 80 24 0 9 16 5 17 6 22 0 0 0 1 65 68 0 0 0 0 0 7 9 26 9 0 0 6 51 100 89 39 69 89 73 52 34 0 0 31 74 100 68 28 0 0 0 0 0 0 0 0 6 49 77 13 3 42 84 60 15 82 97 90 19 11 71 58 34 84
23 5 56 47 12 0 15 84 100 100 78 40 15 87 100 26 23 9 17 92 26 13 2 0 4 95 100 84 98 55 78 95 77 61 22 22 0 0 0 0 2 15 0 0 0 0 0 16 21 0 0 0 7 63 81 91 79 40 80 40 41 82 72 1 0 0 3 74 88 100 45 2 3 2 0 0 0 0 33 48 60 12 20 46 100 80 56 7 85 84 22 12 72 73 52 60
23 12 3 23 8 9 24 97 81 100 100 95 64 58 95 14 0 0 2 56 19 0 0 0 17 100 97 94 83 100 100 100 100 28 6 12 3 0 0 0 0 0 16 1 0 0 0 0 3 0 0 0 0 13 38 33 89 31 34 18 69 100 64 27 0 0 0 12 30 37 91 47 64 34 0 0 0 0 63 100 99 40 10 48 100 82 50 40 49 95 0 9 85 100 81 95
81 93 2 35 33 8 48 64 81 12 80 56 2 8 9 82 76 7 2 24 24 2 0 5 38 76 12 43 83 100 67 76 29 0 10 58 20 0 0 0 0 0 35 33 0 0 0 0 0 0 0 2 14 63 84 77 88 72 38 28 92 100 88 73 10 0 0 0 20 13 76 48 8 3 0 0 0 0 6 37 74 60 10 18 94 92 72 46 38 92 0 13 88 100 100 100
85 59 68 48 56 17 83 86 4 78 87 45 16 0 54 92 97 81 7 5 0 0 0 29 82 31 5 25 75 99 56 18 2 0 42 28 0 0 0 0 0 0 0 27 2 0 0 0 0 0 30 61 57 22 52 97 100 58 2 17 55 69 62 92 12 22 12 0 38 41 94 44 46 63 7 0 0 0 6 36 54 88 47 22 78 100 75 13 44 97 19 30 100 100 95 65
76 78 34 68 4 33 92 100 82 34 69 70 21 0 3 9 92 95 57 42 0 0 0 0 3 4 0 9 92 100 99 83 58 64 73 50 37 0 0 0 0 0 0 0 0 0 0 0 0 0 7 10 84 95 93 100 84 29 0 11 11 81 84 93 17 4 3 0 47 58 100 100 70 8 0 0 0 21 97 100 99 100 96 47 94 100 47 22 35 64 88 85 100 100 76 40
78 98 47 12 0 36 67 77 100 63 99 86 47 0 0 36 100 97 94 40 0 0 0 0 0 0 13 78 100 48 38 41 57 50 100 86 35 21 12 0 0 0 0 0 0 0 0 0 0 0 0 0 2 34 84 97 45 7 0 44 82 99 100 99 55 12 0 0 13 56 100 100 100 74 7 0 0 1 28 72 100 100 92 92 100 98 89 99 100 81 100 100 100 94 88 69
29 86 87 9 0 1 20 93 94 100 100 76 34 0 0 46 66 99 90 88 28 0 0 8 27 0 8 60 93 47 17 7 1 7 67 98 92 58 65 4 0 0 0 0 0 0 0 0 0 0 2 0 0 0 0 26 31 7 0 33 87 100 100 83 6 0 0 0 22 95 100 100 91 100 60 23 45 27 4 9 51 100 100 95 78 98 100 100 100 100 100 100 100 94 80 62
47 33 31 2 0 0 15 89 100 96 85 71 0 0 0 0 0 25 13 92 44 0 0 0 62 9 36 100 99 97 90 84 41 6 15 98 61 50 65 0 0 0 0 0 0 0 0 0 0 2 29 1 3 28 68 96 36 3 0 4 55 91 91 14 0 0 0 0 22 95 100 100 81 63 74 40 18 7 0 14 29 67 69 32 16 58 98 72 63 94 59 31 23 8 0 23
87 98 67 14 0 0 14 72 99 77 5 18 0 0 0 0 0 0 47 29 0 0 0 4 58 96 89 91 16 1 15 39 0 0 15 82 90 95 43 11 0 0 0 0 0 0 0 0 0 24 77 14 2 38 86 80 51 6 0 2 27 74 69 41 2 0 0 0 6 23 95 100 98 24 5 20 0 0 0 58 66 25 6 7 6 15 18 7 23 46 21 41 8 0 0 0
42 100 100 47 0 0 29 89 100 97 12 0 0 34 41 12 0 0 16 29 0 6 30 53 97 100 100 96 21 0 0 0 0 0 39 76 83 86 46 42 11 0 0 0 0 0 0 0 0 31 82 50 60 95 100 100 68 5 0 2 64 87 48 17 0 0 0 0 0 0 52 100 87 2 0 0 0 0 0 0 0 0 1 35 9 29 1 3 0 0 0 34 0 0 0 0
18 66 58 16 0 0 32 100 100 100 73 40 72 97 52 43 16 0 0 0 0 0 12 28 69 95 81 98 60 10 0 0 0 0 3 25 49 75 89 3 0 0 0 0 0 0 0 0 0 50 50 66 68 91 100 62 4 0 0 0 70 70 67 3 0 0 0 0 1 48 29 98 100 31 11 0 0 0 0 0 0 0 0 0 0 1 0 0 0 0 11 28 0 0 0 9
8 10 6 1 0 0 39 87 100 88 98 92 94 43 94 71 53 0 0 0 0 0 8 68 88 73 43 100 96 86 23 39 0 0 2 18 61 80 29 5 0 0 8 32 0 0 0 0 0 1 1 0 23 82 100 75 6 0 0 0 0 38 12 0 0 0 0 0 48 16 83 92 100 96 67 0 0 0 0 0 0 0 0 0 0 0 0 0 0 0 0 0 12 2 26 92
26 0 0 0 0 0 7 65 56 17 6 15 3 0 24 74 2 0 0 0 0 0 50 98 100 76 34 52 46 88 92 51 3 0 0 35 94 57 44 56 52 60 38 12 0 0 0 0 0 0 0 21 70 100 100 95 30 0 0 0 45 73 49 0 0 0 0 0 0 16 98 100 96 18 4 0 0 0 0 0 0 0 0 0 0 0 0 0 0 0 3 39 58 17 56 82
51 0 0 25 21 32 22 36 0 0 42 36 0 0 0 2 0 0 0 0 13 35 93 66 99 91 20 1 0 7 66 59 0 0 0 44 53 71 59 44 62 67 43 5 5 0 0 0 0 0 0 2 6 67 100 94 19 0 0 29 98 98 30 0 7 0 0 0 0 3 70 86 50 3 0 0 0 0 0 0 0 0 0 0 0 0 11 43 24 28 80 100 98 91 91 97
1 0 0 20 78 64 31 0 4 50 70 2 0 0 0 0 0 0 0 0 1 0 20 16 40 93 69 50 0 0 7 13 0 0 0 48 84 4 28 76 55 65 96 75 45 0 0 0 0 0 0 1 39 81 93 27 4 0 0 18 83 38 5 1 20 0 0 0 4 17 70 70 3 0 0 0 0 0 0 0 0 0 0 4 61 9 43 100 100 100 100 100 100 63 62 61
0 0 0 18 63 95 73 36 62 0 26 0 0 0 0 0 0 0 0 0 0 0 0 4 1 17 21 26 57 17 0 0 0 0 12 79 48 10 76 43 25 56 26 4 0 11 17 0 0 0 0 24 98 95 59 5 0 0 0 0 7 2 0 6 29 1 6 9 40 73 100 59 4 0 0 0 0 0 0 0 0 0 0 8 82 76 93 100 100 100 74 69 100 100 100 100
0 0 26 91 92 91 84 26 9 0 0 0 0 0 7 0 0 0 0 0 0 0 0 0 0 0 7 21 76 75 51 0 0 17 51 97 41 1 61 2 42 95 18 0 0 0 0 0 0 0 0 3 28 33 11 2 0 0 0 0 14 10 0 1 1 30 47 35 38 97 84 66 9 0 0 0 0 0 0 0 0 0 4 38 83 74 86 91 80 82 6 85 100 100 76 94
0 24 78 48 18 44 5 0 0 4 2 0 0 0 42 45 63 34 0 0 0 0 0 0 0 0 28 11 0 72 90 10 0 28 57 70 63 1 10 4 77 100 67 33 0 0 0 0 0 0 0 0 0 26 10 0 0 0 0 0 37 4 0 0 14 65 96 56 99 86 0 0 0 0 0 0 0 0 0 0 0 0 0 28 52 0 11 6 6 20 3 93 84 32 21 92
0 2 42 38 2 0 0 0 0 0 61 79 43 50 47 26 41 0 0 0 0 0 0 0 0 0 0 0 0 36 80 19 0 0 8 61 25 0 0 17 37 60 95 40 3 0 0 0 0 0 0 0 0 24 23 0 0 0 5 0 6 0 0 0 0 0 25 86 100 8 0 0 18 16 0 0 0 0 0 0 0 0 36 9 0 3 34 27 0 0 14 94 88 27 73 99
0 0 34 14 0 1 31 59 19 51 96 100 100 96 98 26 7 25 15 1 7 0 0 0 0 0 0 0 0 0 2 86 13 0 0 22 19 0 0 0 1 84 96 72 17 0 0 0 0 0 0 0 0 2 2 0 0 9 52 0 0 0 0 0 0 0 4 51 88 0 0 12 15 34 10 15 0 0 0 0 0 0 2 0 3 20 31 23 37 27 48 100 59 46 40 75
0 4 89 30 52 55 52 99 97 90 83 85 39 62 45 38 7 2 0 21 51 47 1 0 0 0 0 0 0 0 1 23 54 8 2 0 0 0 0 13 52 58 73 100 10 2 0 0 0 0 0 0 0 0 0 0 0 0 1 0 0 0 0 11 44 6 0 38 63 50 84 46 39 87 74 8 0 0 0 0 0 0 0 0 18 49 27 58 69 100 100 100 54 47 23 0
0 8 57 41 72 75 97 100 94 50 18 24 6 0 28 4 7 3 2 7 0 4 0 0 0 0 0 0 0 0 3 21 32 81 76 8 8 0 0 14 90 97 97 83 38 78 4 0 0 0 0 0 0 0 0 0 0 0 0 0 0 0 0 0 5 74 47 12 52 95 97 98 98 99 100 98 47 7 0 0 0 0 0 0 0 48 2 47 26 65 100 100 100 83 54 56
0 0 9 11 12 58 88 75 100 54 74 43 0 0 2 2 1 0 3 1 0 0 5 27 0 0 0 0 0 0 0 2 10 27 67 16 45 0 0 36 76 88 97 90 95 66 42 54 0 0 0 0 0 0 0 0 0 0 0 0 0 0 0 0 2 84 99 79 94 88 60 36 72 100 100 100 100 49 0 0 0 -9 0 0 0 24 1 0 33 99 87 37 91 100 100 98
0 6 12 6 14 87 57 20 88 73 39 23 10 0 31 13 0 0 0 0 0 0 22 25 12 0 0 0 0 0 0 0 0 52 41 2 0 0 0 0 9 30 54 78 100 91 72 14 0 0 0 0 0 0 0 0 0 0 0 0 0 0 0 2 39 56 86 100 94 94 26 1 10 63 96 33 88 89 10 0 31 -9 -9 0 0 2 0 0 16 54 52 39 76 78 84 100
0 0 0 0 5 4 2 16 55 73 1 1 24 22 12 2 0 0 0 0 0 0 2 53 18 0 0 0 0 0 0 0 13 45 46 44 20 1 0 0 0 2 0 48 65 22 9 1 0 0 0 0 0 0 0 0 0 0 0 0 0 0 0 44 70 100 100 80 49 96 58 75 29 28 36 0 34 37 0 4 -9 -9 -9 -9 -9 0 0 4 8 29 18 46 83 43 9 31
10 0 0 1 17 0 0 28 34 8 0 0 0 0 0 0 0 0 0 0 5 33 3 0 0 0 0 0 0 0 0 0 0 53 28 41 48 2 0 0 0 0 0 13 1 4 0 0 0 0 0 0 0 0 0 0 0 0 0 0 0 0 0 13 22 64 94 27 29 100 37 13 6 0 12 0 1 0 0 0 -9 -9 -9 -9 -9 -9 0 0 0 1 8 30 100 99 46 51
5 0 0 6 74 9 0 0 0 0 0 0 0 0 0 0 0 0 0 0 5 13 0 0 0 18 48 12 0 0 0 0 0 7 15 0 0 0 0 0 0 0 0 1 0 0 0 0 0 0 0 0 0 0 0 0 0 0 0 1 0 0 0 8 53 0 0 0 65 40 18 16 16 0 0 0 0 0 0 3 -9 -9 -9 -9 -9 -9 -9 -9 -9 -9 42 95 100 100 93 30
3 0 0 2 30 64 61 50 10 20 27 0 0 0 0 0 0 0 0 0 0 0 0 0 0 0 13 44 0 0 0 0 0 0 0 0 0 0 0 0 0 0 0 0 0 0 0 0 0 0 0 0 0 0 0 0 0 0 2 42 26 2 6 10 72 73 34 0 9 40 10 0 0 0 0 0 0 0 0 0 -9 -9 -9 -9 -9 -9 -9 -9 -9 -9 -9 -9 -9 -9 -9 1
0 0 0 0 65 59 22 37 5 26 10 0 0 0 0 0 4 3 0 0 11 1 0 0 0 0 0 0 0 0 0 0 0 0 0 0 0 0 0 0 0 0 0 0 0 0 0 0 0 0 0 0 0 0 0 0 0 5 17 55 21 56 76 68 90 59 7 0 0 34 8 0 0 0 0 0 0 0 0 -9 -9 -9 -9 -9 -9 -9 -9 -9 -9 -9 -9 -9 -9 -9 -9 -9
0 0 0 2 74 45 0 0 0 9 6 23 15 1 2 3 25 60 56 48 49 1 0 0 0 0 0 0 0 0 0 0 0 0 0 0 0 0 0 0 0 0 0 0 0 0 0 0 0 0 0 0 0 0 0 0 0 0 0 6 37 83 63 41 9 1 0 0 0 26 0 0 0 0 0 0 0 0 -9 -9 -9 -9 -9 -9 -9 -9 -9 -9 -9 -9 -9 -9 -9 -9 -9 -9
0 0 0 0 0 0 0 0 0 0 19 8 18 9 3 0 7 18 34 25 9 0 0 0 0 0 0 0 0 0 0 0 0 0 0 0 0 0 0 0 0 0 0 0 0 0 0 0 0 0 0 0 0 0 0 0 0 0 0 12 19 55 0 0 0 0 0 0 0 0 0 0 0 0 0 0 0 0 -9 -9 -9 -9 -9 -9 -9 -9 -9 -9 -9 -9 -9 -9 -9 -9 -9 -9
0 0 0 14 21 3 0 0 0 0 0 0 0 1 1 0 0 0 0 0 0 0 0 0 0 0 0 0 0 0 0 0 0 0 0 0 0 0 0 0 0 0 0 0 0 0 0 0 0 0 0 0 0 0 0 0 20 58 11 60 31 0 0 0 0 0 0 0 0 0 0 0 0 0 0 0 0 -9 -9 -9 -9 -9 -9 -9 -9 -9 -9 -9 -9 -9 -9 -9 -9 -9 -9 -9
0 0 0 18 37 2 0 0 0 0 0 0 0 0 0 0 0 0 0 0 0 0 0 0 0 0 0 0 0 0 0 0 0 0 0 0 0 0 0 0 0 0 0 0 0 0 0 0 0 0 0 0 0 32 16 1 23 99 74 42 0 0 0 0 0 0 0 0 0 0 0 0 0 0 0 0 -9 -9 -9 -9 -9 -9 -9 -9 -9 -9 -9 -9 -9 -9 -9 -9 -9 -9 -9 -9
-9 -9 0 0 0 0 0 0 0 0 0 0 0 0 0 0 0 0 2 22 0 0 28 30 22 33 2 0 0 0 0 0 0 0 0 0 0 0 0 0 0 0 0 0 0 0 0 0 0 0 0 0 5 54 84 65 63 95 49 49 70 17 17 0 0 0 0 0 0 0 0 0 0 0 0 0 -9 -9 -9 -9 -9 -9 -9 -9 -9 -9 -9 -9 -9 -9 -9 -9 -9 -9 -9 -9
-9 -9 -9 0 0 0 0 0 0 0 0 0 0 0 0 0 0 0 0 39 58 59 57 50 47 22 2 0 0 0 0 0 0 0 0 0 0 0 0 0 0 1 0 0 0 0 0 0 0 0 0 0 3 2 26 51 64 17 11 24 57 43 6 2 13 3 0 0 0 0 0 0 0 0 0 0 -9 -9 -9 -9 -9 -9 -9 -9 -9 -9 -9 -9 -9 -9 -9 -9 -9 -9 -9 -9
-9 -9 -9 -9 0 0 0 0 0 0 0 0 0 0 0 0 0 2 8 43 52 40 38 30 28 0 0 0 0 0 0 0 0 0 0 0 2 0 0 38 38 24 0 0 0 0 0 0 0 36 10 8 0 13 42 28 23 24 0 0 5 17 45 71 63 45 3 9 0 0 0 0 0 0 0 -9 -9 -9 -9 -9 -9 -9 -9 -9 -9 -9 -9 -9 -9 -9 -9 -9 -9 -9 -9 -9
-9 -9 -9 -9 -9 0 0 0 0 0 0 0 0 0 0 0 4 53 78 34 1 2 33 1 21 0 0 0 0 0 0 0 0 0 0 10 65 24 7 54 41 26 12 11 0 0 0 0 15 38 34 26 0 0 31 22 44 0 0 59 64 0 0 5 31 84 50 54 0 0 0 0 0 0 -9 -9 -9 -9 -9 -9 -9 -9 -9 -9 -9 -9 -9 -9 -9 -9 -9 -9 -9 -9 -9 -9
-9 -9 -9 -9 -9 -9 3 3 0 0 0 0 0 2 1 0 0 0 0 1 4 0 16 41 5 0 0 0 0 0 0 0 0 0 4 10 41 28 17 61 22 38 8 2 0 0 0 0 11 3 14 31 0 0 43 8 0 0 0 16 4 0 0 7 27 45 66 3 0 0 0 0 0 0 -9 -9 -9 -9 -9 -9 -9 -9 -9 -9 -9 -9 -9 -9 -9 -9 -9 -9 -9 -9 -9 -9
-9 -9 -9 -9 -9 -9 -9 8 0 0 0 0 0 2 0 0 0 0 0 21 3 0 22 12 12 0 0 0 0 0 0 0 0 16 44 4 0 0 28 37 14 0 0 0 0 0 0 0 0 0 8 5 0 0 16 3 0 0 0 0 0 0 0 2 24 0 0 0 0 0 0 0 0 -9 -9 -9 -9 -9 -9 -9 -9 -9 -9 -9 -9 -9 -9 -9 -9 -9 -9 -9 -9 -9 -9 -9
-9 -9 -9 -9 -9 -9 -9 1 0 4 7 0 0 0 0 0 0 3 0 3 1 0 9 0 0 0 0 0 0 0 0 0 0 0 0 0 0 0 51 38 16 0 0 0 0 0 0 0 0 0 0 0 0 0 0 1 0 0 0 0 0 0 0 0 0 0 0 0 0 0 0 -9 -9 -9 -9 -9 -9 -9 -9 -9 -9 -9 -9 -9 -9 -9 -9 -9 -9 -9 -9 -9 -9 -9 -9 -9
-9 -9 -9 -9 -9 -9 -9 -9 1 31 15 35 0 0 1 0 0 2 0 8 6 0 0 0 0 0 0 0 0 0 0 0 2 0 0 0 0 0 42 17 18 0 0 0 0 0 0 0 0 0 0 0 0 0 2 22 0 0 0 0 0 0 0 0 0 0 0 0 0 0 -9 -9 -9 -9 -9 -9 -9 -9 -9 -9 -9 -9 -9 -9 -9 -9 -9 -9 -9 -9 -9 -9 -9 -9 -9 -9
-9 -9 -9 -9 -9 -9 -9 -9 -9 5 54 50 74 56 51 52 0 0 0 0 0 0 0 0 0 0 0 0 0 0 0 10 3 0 0 0 0 0 20 11 0 0 0 0 0 0 0 0 0 0 0 0 0 0 25 48 12 3 2 5 2 0 0 0 0 30 8 0 0 -9 -9 -9 -9 -9 -9 -9 -9 -9 -9 -9 -9 -9 -9 -9 -9 -9 -9 -9 -9 -9 -9 -9 -9 -9 -9 -9
-9 -9 -9 -9 -9 -9 -9 -9 -9 31 15 4 7 44 49 17 7 0 0 0 0 0 0 0 0 0 0 0 0 0 0 0 0 0 0 0 0 0 22 0 0 0 0 0 0 0 0 0 0 0 0 0 0 8 29 63 5 0 2 0 2 0 0 0 0 8 5 0 -9 -9 -9 -9 -9 -9 -9 -9 -9 -9 -9 -9 -9 -9 -9 -9 -9 -9 -9 -9 -9 -9 -9 -9 -9 -9 -9 -9
-9 -9 -9 -9 -9 -9 -9 -9 -9 -9 15 0 23 62 79 61 55 0 0 0 0 0 0 0 0 0 0 0 0 0 0 0 0 0 0 0 3 7 2 0 0 0 0 0 0 0 0 0 0 0 0 0 0 13 1 8 0 0 0 0 0 0 0 0 0 0 0 0 -9 -9 -9 -9 -9 -9 -9 -9 -9 -9 -9 -9 -9 -9 -9 -9 -9 -9 -9 -9 -9 -9 -9 -9 -9 -9 -9 -9
-9 -9 -9 -9 -9 -9 -9 -9 -9 -9 -9 0 52 15 7 23 0 0 0 0 0 0 0 0 0 0 0 0 0 0 0 0 0 0 0 0 11 34 5 0 0 0 0 0 0 0 0 0 0 0 0 0 0 0 0 0 28 0 0 0 0 0 0 0 0 0 0 0 -9 -9 -9 -9 -9 -9 -9 -9 -9 -9 -9 -9 -9 -9 -9 -9 -9 -9 -9 -9 -9 -9 -9 -9 -9 -9 -9 -9
-9 -9 -9 -9 -9 -9 -9 -9 -9 -9 -9 -9 -9 16 39 76 0 0 0 0 0 0 0 0 0 0 0 0 0 0 0 0 0 0 0 0 0 12 0 0 0 0 0 0 0 0 0 0 0 0 0 0 0 0 0 0 0 0 0 0 0 0 0 0 0 0 0 -9 -9 -9 -9 -9 -9 -9 -9 -9 -9 -9 -9 -9 -9 -9 -9 -9 -9 -9 -9 -9 -9 -9 -9 -9 -9 -9 -9 -9
-9 -9 -9 -9 -9 -9 -9 -9 -9 -9 -9 -9 -9 -9 20 5 0 0 0 0 0 0 0 0 0 0 0 0 0 0 0 0 0 0 0 0 0 0 0 0 0 0 0 0 0 0 0 0 0 0 0 0 0 0 0 0 0 0 0 0 0 0 0 0 0 0 0 -9 -9 -9 -9 -9 -9 -9 -9 -9 -9 -9 -9 -9 -9 -9 -9 -9 -9 -9 -9 -9 -9 -9 -9 -9 -9 -9 -9 -9
-9 -9 -9 -9 -9 -9 -9 -9 -9 -9 -9 -9 -9 -9 -9 -9 -9 0 0 0 0 0 0 0 0 0 0 0 0 0 0 0 0 0 0 0 0 0 0 0 0 0 0 0 0 0 0 0 0 0 0 0 0 0 0 0 0 0 0 0 0 0 0 0 0 0 -9 -9 -9 -9 -9 -9 -9 -9 -9 -9 -9 -9 -9 -9 -9 -9 -9 -9 -9 -9 -9 -9 -9 -9 -9 -9 -9 -9 -9 -9
-9 -9 -9 -9 -9 -9 -9 -9 -9 -9 -9 -9 -9 -9 -9 -9 -9 -9 -9 0 0 0 0 0 0 0 0 0 0 0 0 0 0 0 0 0 0 0 0 0 0 0 0 0 0 0 0 0 0 0 0 0 0 0 0 0 0 0 0 0 0 0 0 0 0 -9 -9 -9 -9 -9 -9 -9 -9 -9 -9 -9 -9 -9 -9 -9 -9 -9 -9 -9 -9 -9 -9 -9 -9 -9 -9 -9 -9 -9 -9 -9
-9 -9 -9 -9 -9 -9 -9 -9 -9 -9 -9 -9 -9 -9 -9 -9 -9 -9 -9 -9 -9 0 0 0 0 0 0 0 0 0 0 0 0 0 0 0 0 0 0 0 0 0 0 0 0 0 0 0 0 0 0 0 0 0 0 0 0 0 0 0 0 0 0 0 0 -9 -9 -9 -9 -9 -9 -9 -9 -9 -9 -9 -9 -9 -9 -9 -9 -9 -9 -9 -9 -9 -9 -9 -9 -9 -9 -9 -9 -9 -9 -9
