data/habitatmaps/RS_maps/habitat_Lophophanes.cristatus_2008.asc
NCOLS 369 
NROWS 228 
XLLCORNER 479000 
YLLCORNER 73000 
CELLSIZE 1000 
NODATA_value -9 
[rows 0 to 62 of 228, columns 96 to 191 of 369]
-9 -9 -9 -9 -9 -9 -9 -9 -9 -9 -9 -9 -9 -9 -9 -9 -9 -9 -9 -9 -9 -9 -9 -9 -9 -9 -9 -9 -9 -9 -9 -9 -9 -9 -9 -9 -9 -9 -9 -9 -9 -9 -9 -9 -9 -9 -9 -9 -9 -9 -9 -9 -9 -9 -9 -9 -9 -9 -9 -9 -9 -9 -9 -9 -9 -9 -9 -9 -9 -9 -9 -9 -9 -9 -9 -9 -9 -9 -9 -9 -9 -9 -9 -9 -9 -9 -9 -9 -9 -9 -9 -9 -9 -9 45 74
-9 -9 -9 -9 -9 -9 -9 -9 -9 -9 -9 -9 -9 -9 -9 -9 -9 -9 -9 -9 -9 -9 -9 -9 -9 -9 -9 -9 -9 -9 -9 -9 -9 -9 -9 -9 -9 -9 -9 -9 -9 -9 -9 -9 -9 -9 -9 -9 -9 -9 -9 -9 -9 -9 -9 -9 -9 -9 -9 -9 -9 -9 -9 -9 -9 -9 -9 -9 -9 -9 -9 -9 -9 -9 -9 -9 -9 -9 -9 -9 -9 -9 -9 -9 -9 -9 -9 -9 -9 -9 -9 -9 -9 57 45 74
-9 -9 -9 -9 -9 -9 -9 -9 -9 -9 -9 -9 -9 -9 -9 -9 -9 -9 -9 -9 -9 -9 -9 -9 -9 -9 -9 -9 -9 -9 -9 -9 -9 -9 -9 -9 -9 -9 -9 -9 -9 -9 -9 -9 -9 -9 -9 -9 -9 -9 -9 -9 -9 -9 -9 -9 -9 -9 -9 -9 -9 -9 -9 -9 -9 -9 -9 -9 -9 -9 -9 -9 -9 -9 -9 -9 -9 -9 -9 -9 -9 -9 -9 -9 -9 -9 -9 -9 -9 -9 -9 -9 -9 28 80 100
-9 -9 -9 -9 -9 -9 -9 -9 -9 -9 -9 -9 -9 -9 -9 -9 -9 -9 -9 -9 -9 -9 -9 -9 -9 -9 -9 -9 -9 -9 -9 -9 -9 -9 -9 -9 -9 -9 -9 -9 -9 -9 -9 -9 -9 -9 -9 -9 -9 -9 -9 -9 -9 -9 -9 -9 -9 -9 -9 -9 -9 -9 -9 -9 -9 -9 -9 -9 -9 -9 -9 -9 -9 -9 -9 -9 -9 -9 -9 -9 -9 -9 -9 -9 -9 -9 -9 -9 -9 -9 -9 -9 11 15 47 50
-9 -9 -9 -9 -9 -9 -9 -9 -9 -9 -9 -9 -9 -9 -9 -9 -9 -9 -9 -9 -9 -9 -9 -9 -9 -9 -9 -9 -9 -9 -9 -9 -9 -9 -9 -9 -9 -9 -9 -9 -9 -9 -9 -9 -9 -9 -9 -9 -9 -9 -9 -9 -9 -9 -9 -9 -9 -9 -9 -9 -9 -9 -9 -9 -9 -9 -9 -9 -9 -9 -9 -9 -9 -9 -9 -9 -9 -9 -9 -9 -9 -9 -9 -9 -9 -9 -9 -9 -9 -9 -9 15 0 0 0 2
-9 -9 -9 -9 -9 -9 -9 -9 -9 -9 -9 -9 -9 -9 -9 -9 -9 -9 -9 -9 -9 -9 -9 -9 -9 -9 -9 -9 -9 -9 -9 -9 -9 -9 -9 -9 -9 -9 -9 -9 -9 -9 -9 -9 -9 -9 -9 -9 -9 -9 -9 -9 -9 -9 -9 -9 -9 -9 -9 -9 -9 -9 -9 -9 -9 -9 -9 -9 -9 -9 -9 -9 -9 -9 -9 -9 -9 -9 -9 -9 -9 -9 -9 -9 -9 -9 -9 -9 -9 -9 -9 59 0 0 60 43
-9 -9 -9 -9 -9 -9 -9 -9 -9 -9 -9 -9 -9 -9 -9 -9 -9 -9 -9 -9 -9 -9 -9 -9 -9 -9 -9 -9 -9 -9 -9 -9 -9 -9 -9 -9 -9 -9 -9 -9 -9 -9 -9 -9 -9 -9 -9 -9 -9 -9 -9 -9 -9 -9 -9 -9 -9 -9 -9 -9 -9 -9 -9 -9 -9 -9 -9 -9 -9 -9 -9 -9 -9 -9 -9 -9 -9 -9 -9 -9 -9 -9 -9 -9 -9 -9 -9 -9 -9 -9 78 97 25 0 24 10
-9 -9 -9 -9 -9 -9 -9 -9 -9 -9 -9 -9 -9 -9 -9 -9 -9 -9 -9 -9 -9 -9 -9 -9 -9 -9 -9 -9 -9 -9 -9 -9 -9 -9 -9 -9 -9 -9 -9 -9 -9 -9 -9 -9 -9 -9 -9 -9 -9 -9 -9 -9 -9 -9 -9 -9 -9 -9 -9 -9 -9 -9 -9 -9 -9 -9 -9 -9 -9 -9 -9 -9 -9 -9 -9 -9 -9 -9 -9 -9 -9 -9 -9 -9 -9 -9 -9 -9 -9 78 88 100 49 5 64 41
-9 -9 -9 -9 -9 -9 -9 -9 -9 -9 -9 -9 -9 -9 -9 -9 -9 -9 -9 -9 -9 -9 -9 -9 -9 -9 -9 -9 -9 -9 -9 -9 -9 -9 -9 -9 -9 -9 -9 -9 -9 -9 -9 -9 -9 -9 -9 -9 -9 -9 -9 -9 -9 -9 -9 -9 -9 -9 -9 -9 -9 -9 -9 -9 -9 -9 -9 -9 -9 -9 -9 -9 -9 -9 -9 -9 -9 -9 -9 -9 -9 -9 -9 -9 -9 -9 -9 -9 100 100 100 100 43 16 75 23
-9 -9 -9 -9 -9 -9 -9 -9 -9 -9 -9 -9 -9 -9 -9 -9 -9 -9 -9 -9 -9 -9 -9 -9 -9 -9 -9 -9 -9 -9 -9 -9 -9 -9 -9 -9 -9 -9 -9 -9 -9 -9 -9 -9 -9 -9 -9 -9 -9 -9 -9 -9 -9 -9 -9 -9 -9 -9 -9 -9 -9 -9 -9 -9 -9 -9 -9 -9 -9 -9 -9 -9 -9 -9 -9 -9 -9 -9 -9 -9 -9 -9 -9 -9 -9 -9 -9 -9 84 100 100 100 85 1 0 9
-9 -9 -9 -9 -9 -9 -9 -9 -9 -9 -9 -9 -9 -9 -9 -9 -9 -9 -9 -9 -9 -9 -9 -9 -9 -9 -9 -9 -9 -9 -9 -9 -9 -9 -9 -9 -9 -9 -9 -9 -9 -9 -9 -9 -9 -9 -9 -9 -9 -9 -9 -9 -9 -9 -9 -9 -9 -9 -9 -9 -9 -9 -9 -9 -9 -9 -9 -9 -9 -9 -9 -9 -9 -9 -9 -9 -9 -9 -9 -9 -9 -9 -9 -9 -9 -9 -9 62 74 92 97 100 100 10 0 3
-9 -9 -9 -9 -9 -9 -9 -9 -9 -9 -9 -9 -9 -9 -9 -9 -9 -9 -9 -9 -9 -9 -9 -9 -9 -9 -9 -9 -9 -9 -9 -9 -9 -9 -9 -9 -9 -9 -9 -9 -9 -9 -9 -9 -9 -9 -9 -9 -9 -9 -9 -9 -9 -9 -9 -9 -9 -9 -9 -9 -9 -9 -9 -9 -9 -9 -9 -9 -9 -9 -9 -9 -9 -9 -9 -9 -9 -9 -9 -9 -9 -9 -9 -9 -9 -9 27 40 76 47 1 26 90 11 0 5
-9 -9 -9 -9 -9 -9 -9 -9 -9 -9 -9 -9 -9 -9 -9 -9 -9 -9 -9 -9 -9 -9 -9 -9 -9 -9 -9 -9 -9 -9 -9 -9 -9 -9 -9 -9 -9 -9 -9 -9 -9 -9 -9 -9 -9 -9 -9 -9 -9 -9 -9 -9 -9 -9 -9 -9 -9 -9 -9 -9 -9 -9 -9 -9 -9 -9 -9 -9 -9 -9 -9 -9 -9 -9 -9 -9 -9 -9 -9 -9 -9 -9 -9 -9 -9 -9 33 78 66 63 10 44 100 23 13 15
-9 -9 -9 -9 -9 -9 -9 -9 -9 -9 -9 -9 -9 -9 -9 -9 -9 -9 -9 -9 -9 -9 -9 -9 -9 -9 -9 -9 -9 -9 -9 -9 -9 -9 -9 -9 -9 -9 -9 -9 -9 -9 -9 -9 -9 -9 -9 -9 -9 -9 -9 -9 -9 -9 -9 -9 -9 -9 -9 -9 -9 -9 -9 -9 -9 -9 -9 -9 -9 -9 -9 -9 -9 -9 -9 -9 -9 -9 -9 -9 -9 -9 -9 -9 -9 -9 51 97 76 97 75 89 77 88 93 35
-9 -9 -9 -9 -9 -9 -9 -9 -9 -9 -9 -9 -9 -9 -9 -9 -9 -9 -9 -9 -9 -9 -9 -9 -9 -9 -9 -9 -9 -9 -9 -9 -9 -9 -9 -9 -9 -9 -9 -9 -9 -9 -9 -9 -9 -9 -9 -9 -9 -9 -9 -9 -9 -9 -9 -9 -9 -9 -9 -9 -9 -9 -9 -9 -9 -9 -9 -9 -9 -9 -9 -9 -9 -9 -9 -9 -9 -9 -9 -9 64 74 95 65 32 77 67 56 43 35 68 8 72 62 55 47
-9 -9 -9 -9 -9 -9 -9 -9 -9 -9 -9 -9 -9 -9 -9 -9 -9 -9 -9 -9 -9 -9 -9 -9 -9 -9 -9 -9 -9 -9 -9 -9 -9 -9 -9 -9 -9 -9 -9 -9 -9 -9 -9 -9 -9 -9 -9 -9 -9 -9 -9 -9 -9 -9 -9 -9 -9 -9 -9 -9 -9 -9 -9 -9 -9 -9 -9 -9 -9 -9 -9 -9 -9 -9 -9 -9 70 92 6 24 19 25 59 94 20 92 78 13 0 0 7 0 38 9 21 80
-9 -9 -9 -9 -9 -9 -9 -9 -9 -9 -9 -9 -9 -9 -9 -9 -9 -9 -9 -9 -9 -9 -9 -9 -9 -9 -9 -9 -9 -9 -9 -9 -9 -9 -9 -9 -9 -9 -9 -9 -9 -9 92 100 100 100 -9 -9 -9 -9 -9 -9 -9 -9 -9 -9 -9 -9 -9 -9 -9 -9 -9 -9 -9 -9 -9 -9 -9 -9 -9 -9 -9 -9 -9 95 68 66 30 67 55 84 89 100 31 59 73 53 0 13 5 5 53 4 26 37
-9 -9 -9 -9 -9 -9 -9 -9 -9 -9 -9 -9 -9 -9 -9 -9 -9 -9 -9 -9 -9 -9 -9 -9 -9 -9 -9 -9 -9 -9 -9 -9 -9 -9 -9 0 0 0 24 76 48 99 100 100 100 69 84 93 95 63 -9 -9 -9 -9 -9 -9 -9 -9 -9 -9 -9 -9 -9 -9 -9 -9 -9 -9 -9 -9 -9 -9 -9 43 35 77 78 29 46 66 74 85 98 73 73 18 0 74 38 62 42 5 19 18 30 20
-9 -9 -9 -9 -9 -9 -9 -9 -9 -9 -9 -9 -9 -9 -9 -9 -9 -9 -9 -9 -9 -9 -9 -9 -9 -9 -9 -9 -9 -9 -9 27 0 0 9 12 0 0 8 82 75 98 91 100 100 100 51 9 81 81 83 -9 100 97 86 92 100 92 84 42 49 0 -9 -9 -9 -9 -9 -9 -9 -9 -9 -9 95 24 26 52 85 21 46 78 99 78 33 27 100 59 29 74 28 5 13 44 22 42 33 23
-9 -9 -9 -9 -9 -9 -9 -9 -9 -9 -9 -9 -9 -9 -9 -9 -9 -9 -9 -9 -9 -9 -9 -9 -9 -9 -9 -9 -9 -9 32 12 0 13 24 72 14 0 29 36 47 62 95 71 95 100 97 33 23 7 39 4 53 95 63 69 63 79 83 99 42 2 25 94 100 100 -9 -9 -9 -9 94 72 100 69 19 68 93 69 23 66 78 23 0 10 50 83 69 23 4 2 22 50 2 43 56 35
-9 -9 -9 -9 -9 -9 -9 -9 -9 -9 -9 -9 -9 -9 -9 -9 -9 -9 -9 -9 -9 -9 -9 -9 -9 -9 -9 -9 84 15 33 19 15 41 0 49 0 0 68 20 14 2 81 57 98 83 80 78 68 54 91 47 59 96 4 30 31 54 74 100 79 67 87 100 92 66 32 -9 -9 37 45 29 23 81 31 92 100 52 10 3 14 36 27 58 5 50 21 6 2 12 30 48 36 49 40 42
-9 -9 -9 -9 -9 -9 -9 -9 -9 -9 -9 -9 -9 -9 -9 -9 -9 -9 -9 -9 -9 -9 -9 -9 -9 -9 -9 57 84 2 38 60 1 41 20 20 0 8 56 15 1 87 94 70 91 81 44 98 93 100 100 57 96 91 3 75 61 40 98 100 68 100 100 100 92 20 0 33 34 57 7 41 0 58 81 98 91 17 6 0 1 25 27 45 0 59 54 74 83 95 30 45 21 23 29 1
-9 -9 -9 -9 -9 -9 -9 -9 -9 -9 -9 -9 -9 -9 -9 -9 -9 -9 -9 -9 -9 -9 -9 -9 -9 4 0 53 80 12 29 27 1 21 14 0 0 31 12 25 31 100 92 54 88 75 5 80 100 100 100 39 99 77 2 28 20 8 30 92 98 100 63 68 85 53 17 36 20 31 89 86 57 81 94 19 28 0 0 0 18 10 4 3 23 36 82 100 99 48 27 55 22 1 0 26
-9 -9 -9 -9 -9 -9 -9 -9 -9 -9 -9 -9 -9 -9 -9 -9 -9 -9 -9 -9 -9 -9 -9 -9 0 12 5 84 83 36 10 44 19 4 0 0 0 1 0 0 18 98 54 10 19 48 7 41 62 47 26 4 22 1 0 0 63 10 11 53 85 97 98 44 78 11 26 66 69 82 95 30 12 88 93 41 7 0 24 13 21 51 45 4 46 53 99 80 29 13 35 58 13 0 0 17
-9 -9 -9 -9 -9 -9 -9 -9 -9 -9 -9 -9 -9 -9 -9 -9 -9 -9 -9 -9 -9 -9 -9 0 0 1 21 7 30 62 1 10 69 40 0 0 0 0 0 0 54 53 4 0 20 52 32 27 30 22 42 34 4 3 16 2 39 57 56 6 86 98 77 45 55 31 10 51 33 100 76 45 46 71 51 17 10 8 29 26 22 76 91 74 48 7 14 30 22 64 69 99 17 6 47 49
-9 -9 -9 -9 -9 -9 -9 -9 -9 -9 -9 -9 -9 -9 -9 -9 -9 -9 -9 -9 -9 -9 19 27 3 0 0 0 14 0 7 31 0 21 14 7 0 0 0 0 0 0 0 25 38 1 57 28 13 8 7 54 54 0 13 67 71 36 47 1 0 72 75 1 35 1 1 74 87 74 26 67 76 67 86 50 0 0 4 29 64 41 43 54 82 58 27 1 50 59 4 12 45 51 94 91
-9 -9 -9 -9 -9 -9 -9 -9 -9 -9 -9 -9 -9 -9 -9 -9 -9 -9 -9 -9 -9 27 58 2 0 0 0 25 55 8 12 60 13 0 0 16 31 1 0 0 0 0 0 51 55 83 100 81 50 0 15 78 59 2 46 78 36 12 19 5 14 69 100 7 55 55 0 17 36 37 67 35 39 29 65 2 0 8 22 64 59 39 3 0 32 62 7 49 43 70 53 9 0 4 33 25
16 23 72 63 -9 -9 -9 -9 -9 -9 -9 -9 -9 -9 -9 -9 -9 -9 -9 -9 8 25 21 10 0 0 14 64 60 16 1 11 13 0 0 21 41 9 0 13 23 0 11 19 65 99 100 64 17 0 0 26 75 84 67 58 7 55 63 0 13 83 100 23 15 77 53 48 22 78 59 95 65 88 72 49 10 46 90 63 8 0 30 42 15 13 32 36 3 0 23 63 36 3 11 6
0 23 45 100 100 100 100 9 6 -9 -9 -9 -9 -9 -9 -9 -9 -9 -9 -9 0 0 0 2 37 31 71 17 0 1 0 0 0 0 0 0 1 16 7 18 46 0 3 57 93 71 100 97 47 0 2 0 24 88 98 77 89 51 27 24 12 12 99 42 21 21 40 82 76 96 30 37 45 64 57 18 58 50 1 0 0 0 32 54 37 16 40 53 20 0 11 66 47 15 76 70
0 3 39 25 60 100 100 69 0 3 74 55 44 -9 -9 -9 -9 -9 -9 3 0 17 12 8 36 8 0 0 0 2 0 0 0 0 0 0 0 13 10 0 2 0 17 36 37 46 75 72 55 8 56 4 24 79 82 82 71 73 43 97 44 49 100 42 39 69 22 43 78 27 7 53 0 2 49 26 29 12 9 13 2 11 20 71 18 27 18 90 52 0 0 0 62 66 29 58
4 0 16 0 59 100 100 76 31 6 0 8 14 16 -9 -9 -9 -9 52 39 0 5 0 6 28 3 4 4 0 15 8 0 0 0 0 0 0 0 0 0 0 0 38 69 49 33 74 66 60 88 95 63 0 12 49 3 16 62 45 33 32 41 91 71 35 24 55 77 17 0 19 40 37 42 41 14 44 59 73 100 54 84 35 17 2 3 16 86 97 35 0 0 51 91 84 57
12 18 22 28 57 100 100 97 61 28 0 31 31 2 0 0 3 0 6 51 15 25 66 3 26 5 11 24 62 50 0 0 0 0 0 0 0 10 27 34 7 17 61 64 58 24 100 77 61 86 19 12 0 32 52 48 45 76 90 95 23 56 91 95 82 71 2 54 54 9 41 12 64 29 0 20 81 56 60 25 68 76 35 18 28 1 0 66 88 98 61 0 7 77 94 13
63 26 0 18 15 74 71 87 88 28 16 33 0 32 0 39 25 0 0 0 6 13 19 12 10 0 0 0 19 21 14 2 0 0 0 0 0 6 33 4 0 98 32 96 78 55 100 86 8 1 0 0 1 64 9 0 0 0 0 9 22 38 99 97 99 96 49 12 81 39 7 6 7 1 8 94 59 41 6 0 44 61 45 30 68 13 11 17 32 53 73 53 49 24 45 7
79 33 5 0 10 30 6 31 99 32 22 0 0 39 5 2 16 15 23 15 0 0 0 37 18 64 19 0 6 12 12 14 0 0 0 0 0 0 0 0 26 19 62 83 94 98 68 8 0 0 0 0 7 99 43 0 0 0 0 32 0 9 24 14 16 12 49 64 57 23 0 1 80 75 81 70 65 0 0 2 24 64 28 79 17 67 11 11 18 42 29 39 59 82 19 27
72 74 38 0 21 7 2 29 95 86 76 23 0 10 34 18 21 41 52 16 0 0 0 3 18 2 11 0 17 46 10 25 0 0 0 0 0 0 0 0 12 16 0 0 12 27 0 0 0 0 1 8 20 45 0 0 0 0 19 14 0 0 0 0 0 0 2 66 33 18 1 33 48 100 66 33 35 0 21 0 17 0 34 54 59 85 21 5 0 39 75 50 40 32 66 26
6 40 70 11 5 12 0 1 28 55 100 44 0 10 23 75 11 24 46 1 0 30 0 0 0 0 38 37 0 27 37 31 9 8 0 0 0 0 0 32 94 45 0 0 0 0 0 0 22 66 78 100 80 94 70 49 58 24 66 93 75 34 67 20 0 0 0 78 100 64 8 24 44 51 2 21 12 1 29 45 61 60 78 62 52 75 0 0 0 24 69 5 80 100 97 22
55 77 95 39 32 16 29 0 0 24 62 3 25 54 35 75 33 2 48 83 77 62 53 23 72 81 68 1 2 17 17 49 70 51 0 0 0 0 2 1 35 0 0 0 0 0 9 3 83 93 89 97 45 6 19 55 66 79 49 40 60 64 27 32 55 33 6 46 42 84 16 20 78 25 6 36 80 60 84 100 100 69 86 13 48 50 19 30 10 33 27 9 30 79 78 46
20 9 76 84 73 22 64 31 2 69 58 13 2 46 21 63 90 31 4 27 56 100 99 86 61 62 0 0 9 26 3 28 26 0 0 0 0 0 18 32 0 36 44 6 0 17 11 17 65 63 3 5 1 0 37 10 36 84 60 0 24 19 49 35 17 28 50 21 7 22 33 19 77 74 93 92 94 33 54 92 79 54 92 25 14 38 98 98 98 81 17 7 0 12 2 42
0 1 62 56 26 18 69 10 53 13 18 0 0 0 2 17 73 15 0 0 0 56 37 49 67 95 52 50 80 81 15 75 25 0 8 33 14 7 29 73 12 24 74 29 52 20 0 41 4 0 0 25 22 35 46 57 52 3 30 69 34 26 3 16 1 48 68 58 0 0 63 67 47 54 7 67 66 56 36 57 48 4 2 0 5 58 91 59 95 100 98 21 1 45 3 16
27 64 76 4 0 0 40 34 14 6 0 0 58 87 17 11 93 26 17 8 0 0 0 50 100 96 56 23 24 16 6 2 19 0 59 41 50 40 18 39 61 100 96 72 23 6 0 62 67 0 71 89 85 66 39 8 17 15 9 62 50 21 5 10 32 4 8 15 0 0 35 36 19 0 20 43 82 89 54 28 58 29 35 67 42 1 6 52 68 98 96 4 0 17 17 0
97 79 70 52 35 93 99 59 33 0 0 44 64 67 99 61 77 89 90 91 40 3 0 15 87 50 0 7 0 0 0 0 0 0 20 75 18 26 3 91 100 59 96 73 55 32 0 91 100 54 75 45 38 4 18 54 41 24 34 36 6 0 0 69 100 40 0 0 2 29 41 1 39 0 6 0 68 40 23 31 72 26 100 61 6 4 0 0 0 39 74 27 6 0 6 6
37 0 10 70 64 100 92 51 0 0 36 100 53 4 47 62 45 54 80 91 8 0 2 68 31 0 2 46 53 36 16 0 0 0 1 10 0 21 5 94 96 56 96 74 87 75 15 12 49 96 82 96 81 45 43 9 54 52 8 6 31 33 67 79 54 32 10 32 74 39 41 16 29 0 30 77 26 50 50 11 43 22 13 0 27 47 72 33 9 10 35 46 17 28 57 42
21 9 0 3 78 100 100 64 0 14 90 67 30 26 0 41 53 19 0 22 25 25 32 42 10 0 53 80 16 39 47 41 25 0 1 6 0 0 2 68 64 8 43 38 43 77 64 9 25 42 83 58 13 51 95 25 18 6 22 67 28 100 100 61 32 22 39 75 43 46 20 2 36 0 56 65 16 59 73 18 25 59 0 6 22 14 75 39 67 50 3 48 84 91 100 99
16 0 0 22 74 98 12 42 17 65 68 67 30 73 55 89 99 87 45 11 0 5 0 16 10 33 26 0 10 21 37 31 93 55 59 18 0 8 43 100 90 40 71 30 28 58 32 38 50 7 21 2 1 30 39 17 0 8 40 10 66 54 68 79 46 55 49 36 33 40 12 29 80 45 65 60 80 88 57 40 85 65 28 8 52 22 35 11 51 61 10 0 7 35 81 87
0 0 0 36 47 51 1 12 84 25 0 3 45 100 74 95 99 97 96 92 62 7 1 67 57 58 46 78 99 82 79 90 100 84 33 10 7 59 81 80 34 81 69 37 73 16 18 18 73 87 92 83 20 29 1 32 0 25 53 61 24 56 38 93 77 39 5 0 4 46 50 17 48 57 69 81 87 45 16 28 28 13 17 28 72 3 21 7 43 67 16 0 0 37 73 9
0 0 6 32 78 65 10 60 44 55 49 55 98 67 100 90 52 66 58 94 100 98 94 88 84 100 100 92 81 92 28 46 48 42 82 58 40 33 81 34 32 63 12 29 35 77 52 23 46 25 92 38 24 48 16 90 68 76 60 94 32 64 11 17 25 74 15 0 43 85 61 37 85 91 25 37 47 8 0 1 33 0 16 1 0 34 45 27 53 70 89 29 13 22 59 0
46 32 67 38 70 74 5 63 37 78 40 55 62 97 76 53 51 59 24 41 36 83 84 91 78 93 85 74 64 76 82 51 54 44 40 70 28 24 64 20 27 63 28 38 33 76 41 22 69 70 88 50 56 57 68 64 99 89 59 69 0 12 13 4 3 77 86 24 40 42 51 21 47 36 28 21 30 44 1 43 98 53 0 1 0 20 44 20 3 30 100 89 10 48 0 32
5 0 42 1 30 81 98 100 87 60 25 27 47 67 63 33 42 12 70 78 98 91 70 67 77 65 20 75 15 46 62 10 17 60 84 67 63 82 87 48 30 9 48 78 5 25 57 51 42 55 58 47 25 76 24 67 85 31 1 56 2 0 19 70 65 66 57 51 39 73 50 75 63 50 60 44 58 61 40 12 70 98 20 18 76 51 79 33 5 36 52 71 77 9 0 30
0 0 2 0 0 18 22 30 88 76 31 89 97 36 38 67 24 32 67 62 70 50 17 32 53 56 60 17 18 27 0 18 2 14 69 70 77 57 74 54 17 35 78 83 71 53 81 44 5 7 6 46 42 62 4 46 24 69 20 14 16 62 82 48 60 75 82 68 90 79 71 41 52 50 75 70 62 3 14 5 36 59 90 39 5 31 21 25 61 17 0 22 77 89 3 0
12 0 0 0 36 0 0 32 76 46 94 65 33 9 47 19 45 47 72 75 89 60 28 45 37 32 88 84 28 6 0 0 0 21 94 70 63 45 46 68 89 46 14 44 74 13 32 10 19 36 27 10 1 29 0 28 12 21 5 0 32 96 47 48 76 69 50 76 55 6 0 13 33 10 71 61 36 35 28 25 0 9 51 41 7 24 4 0 6 66 22 12 76 51 44 0
0 0 0 2 46 35 48 47 100 92 100 51 2 12 51 57 65 85 81 48 72 88 69 18 36 58 97 97 75 6 0 0 0 47 45 84 61 48 73 74 40 61 22 38 56 6 50 21 5 10 0 4 20 76 50 17 76 74 66 38 75 64 81 49 63 78 36 0 32 99 27 2 3 37 94 70 2 57 98 24 13 81 54 23 82 70 77 37 0 15 0 17 3 62 99 50
0 0 11 59 68 56 40 67 52 41 1 4 47 16 64 62 70 82 98 58 56 52 71 37 69 75 45 67 98 43 1 0 1 35 57 57 81 36 62 40 5 58 24 42 40 32 60 45 33 69 43 37 56 55 35 19 25 61 44 27 55 98 80 48 45 39 39 3 51 68 2 0 1 58 86 78 1 38 86 6 12 48 13 3 41 26 36 68 41 0 33 16 11 48 78 17
35 43 70 50 40 63 61 90 43 34 16 14 19 26 70 87 98 50 33 40 37 66 52 73 72 94 62 72 96 68 73 20 21 49 75 51 14 0 8 6 30 17 51 72 69 84 57 50 34 64 91 57 20 76 63 57 66 15 6 44 97 67 22 7 0 45 70 0 29 12 0 15 3 9 16 16 0 0 4 0 0 17 69 0 0 0 0 33 54 0 66 25 3 11 66 44
80 70 73 74 79 65 53 28 43 75 46 12 14 92 88 82 65 31 54 60 91 100 60 53 55 67 12 0 9 24 49 69 59 54 39 27 44 78 67 75 63 36 60 50 68 72 91 30 72 64 52 49 33 61 45 47 13 42 69 71 65 35 11 0 23 73 49 39 54 68 9 78 16 6 66 53 68 23 22 12 22 82 46 11 0 10 83 45 46 7 25 16 50 12 15 27
73 48 73 64 73 52 51 54 53 49 79 37 70 87 36 17 3 0 4 0 19 31 31 91 94 100 95 80 62 93 86 31 38 94 74 70 44 84 67 68 73 77 33 38 23 27 31 61 77 57 59 44 53 43 36 37 73 33 58 54 62 27 3 26 70 34 0 20 40 84 50 4 25 13 19 66 100 46 62 69 71 73 38 38 0 0 15 29 19 15 3 20 6 22 24 7
60 53 41 42 42 83 70 51 69 10 56 80 39 19 22 10 0 0 0 0 0 0 0 21 22 32 33 8 15 32 7 62 95 84 72 36 51 61 63 54 52 40 37 63 59 85 45 50 49 48 54 45 49 80 45 54 67 52 80 68 11 18 8 15 17 21 0 0 64 100 41 0 37 99 47 3 17 100 63 9 11 55 71 73 44 1 0 0 1 21 39 35 15 19 2 0
66 45 66 53 33 47 41 55 2 38 74 72 69 16 17 31 0 0 2 10 0 0 0 0 9 23 0 0 0 0 17 75 35 69 68 58 92 71 33 35 58 51 13 19 24 20 36 83 42 30 21 33 97 67 75 98 100 82 67 42 3 55 12 3 21 13 0 8 95 97 10 0 46 88 92 73 14 63 83 1 0 12 5 85 97 65 0 0 0 2 76 78 48 5 1 0
23 8 47 54 59 71 45 17 0 71 65 21 48 0 0 0 0 0 44 43 0 3 31 49 12 32 39 15 5 0 30 60 46 65 50 77 66 52 72 64 38 16 61 65 54 25 45 31 93 56 16 30 79 100 100 36 28 5 0 2 10 19 60 15 31 36 35 50 100 55 0 0 23 65 74 63 12 46 86 20 0 21 21 74 100 100 18 28 0 0 19 93 96 37 9 35
31 15 79 87 64 48 40 1 0 0 0 0 0 6 26 25 0 8 7 9 26 62 90 68 66 86 54 65 70 62 59 100 100 70 52 50 32 46 55 52 43 70 45 33 32 63 69 47 36 27 35 88 99 86 67 3 0 3 13 46 32 100 69 67 77 56 51 43 88 0 0 0 42 99 61 70 21 35 56 7 6 30 24 1 37 81 2 31 17 2 0 14 75 9 24 41
70 95 74 55 34 39 18 13 11 8 17 26 18 67 69 83 46 73 59 79 72 93 53 11 8 58 38 20 42 84 89 78 72 68 59 45 49 34 25 52 60 79 76 48 61 46 62 92 83 42 57 64 20 1 0 0 12 83 100 64 12 65 59 53 46 17 13 58 40 23 0 2 26 79 44 43 45 36 58 1 13 5 0 0 3 41 0 0 39 30 0 0 86 38 30 31
39 69 10 28 77 94 77 98 97 84 97 99 76 40 39 54 91 100 100 93 93 85 90 42 57 55 77 87 74 58 97 39 57 69 44 42 71 70 64 80 18 44 25 14 6 45 52 88 91 83 12 0 0 0 1 18 20 82 81 40 0 0 30 32 35 7 21 49 72 53 37 8 67 91 48 13 16 17 75 51 0 2 0 0 29 0 2 20 11 42 0 0 22 24 6 9
21 33 62 78 45 42 71 95 93 86 72 80 83 50 68 95 97 98 56 68 66 75 72 62 37 52 67 58 51 61 76 38 36 71 32 43 49 30 3 0 0 0 35 73 72 96 62 100 92 17 0 0 0 0 0 46 17 0 0 0 0 0 0 25 66 85 76 20 41 46 73 28 44 71 53 39 4 52 45 90 45 44 17 0 0 43 0 44 70 26 1 0 0 0 0 4
19 89 65 27 70 62 71 60 56 36 41 43 30 89 92 97 55 15 70 92 89 95 65 58 69 61 51 51 54 73 64 84 71 57 60 64 42 0 0 0 0 1 89 76 83 48 57 54 18 0 0 0 6 75 18 66 19 1 22 25 0 0 0 18 42 39 48 59 27 37 30 23 54 5 15 25 35 1 18 26 83 64 0 0 0 7 0 13 42 77 33 0 0 10 4 4
