data/habitatmaps/RS_maps/habitat_Sitta.europaea_2011.asc
NCOLS 369 
NROWS 228 
XLLCORNER 479000 
YLLCORNER 73000 
CELLSIZE 1000 
NODATA_value -9 
[rows 63 to 125 of 228, columns 96 to 191 of 369]
85 77 16 41 28 31 31 88 100 84 78 96 100 46 47 72 47 55 64 43 85 75 50 40 18 11 32 15 68 66 66 81 59 93 76 56 41 62 78 86 92 96 94 96 76 5 0 0 0 15 32 58 80 75 68 82 51 93 98 82 48 35 0 1 65 96 90 71 15 29 13 0 48 29 20 24 79 50 0 0 55 85 8 0 0 35 0 0 24 41 35 10 16 34 40 0
42 11 9 9 2 50 64 50 55 71 35 35 69 62 75 85 85 40 2 5 7 0 0 4 8 33 53 80 74 71 25 11 34 87 77 96 78 82 96 90 97 100 24 18 2 0 0 0 1 29 56 69 57 64 1 8 13 74 100 71 46 66 0 0 47 94 87 4 11 92 54 0 26 76 75 29 42 27 0 0 41 53 5 0 0 52 0 0 40 53 29 8 0 6 25 0
6 16 22 64 80 32 24 9 9 20 38 44 61 54 66 69 76 69 73 26 21 23 33 68 70 55 65 95 69 5 17 45 66 86 81 63 45 63 43 44 52 56 67 25 0 0 18 30 53 80 16 5 0 52 9 17 35 44 100 46 6 76 31 0 44 71 88 36 68 51 55 0 26 87 8 0 13 43 3 0 0 8 0 0 0 15 4 0 1 77 14 0 0 0 65 3
48 41 18 52 39 54 43 41 62 80 89 77 56 59 34 36 49 96 100 82 64 79 90 60 67 71 99 50 39 90 100 100 56 55 77 52 66 94 23 21 7 18 0 0 0 0 9 92 100 36 73 4 4 9 14 60 97 96 78 9 21 87 67 1 0 46 98 69 12 57 29 0 22 56 7 31 12 72 8 2 0 0 53 10 0 1 37 6 0 67 30 5 0 0 69 16
15 6 33 44 63 47 60 86 59 56 30 50 65 39 33 39 69 90 87 68 40 65 78 46 35 93 100 98 84 80 59 80 95 82 20 0 18 58 36 7 47 2 10 54 57 67 76 82 99 6 16 50 95 23 31 88 45 100 100 26 39 62 67 29 0 23 32 33 73 67 2 0 7 2 46 64 49 21 92 61 9 0 42 87 23 0 48 88 35 43 99 16 0 29 14 29
33 32 49 42 59 59 35 34 38 60 73 73 36 0 7 5 9 13 34 42 79 47 75 98 72 84 84 100 83 100 99 98 88 69 37 8 14 19 2 0 0 1 60 58 63 100 53 12 45 0 21 48 5 0 30 100 95 39 34 5 19 20 23 32 0 0 28 75 64 57 0 0 0 0 14 88 59 57 31 95 48 0 8 20 15 0 28 36 2 11 52 31 27 2 20 29
13 42 70 76 70 40 71 18 0 0 10 0 0 50 59 74 48 71 100 100 98 73 64 51 86 98 100 93 92 67 82 35 35 75 46 32 44 28 6 0 0 12 33 1 52 58 37 0 32 45 24 5 34 51 17 41 45 26 36 0 15 34 87 78 0 16 74 78 78 96 14 0 0 0 26 21 9 75 10 27 23 10 0 0 60 0 4 7 0 0 6 35 12 0 31 17
7 22 56 42 29 12 15 0 0 8 48 20 38 89 79 81 80 58 20 47 56 54 62 94 100 100 39 1 38 15 0 20 79 66 52 44 22 26 0 0 0 33 54 34 93 11 9 24 69 62 39 1 56 92 79 0 23 74 43 1 40 85 74 49 26 1 38 69 70 76 11 0 19 5 2 22 4 33 18 0 11 32 0 24 64 3 0 0 0 0 39 77 33 1 27 10
58 54 25 46 93 22 0 1 30 80 100 93 91 17 44 52 41 45 99 79 92 100 81 70 57 17 15 17 28 44 0 11 32 1 14 7 21 32 0 20 30 39 52 55 8 48 46 31 4 24 0 0 42 100 92 4 3 10 0 22 26 50 22 24 47 19 2 84 81 36 3 10 17 0 0 51 26 3 31 11 27 2 0 3 75 32 0 2 50 27 17 58 42 2 0 14
29 31 50 56 54 45 77 77 75 74 23 37 52 94 88 61 50 80 98 93 96 90 12 0 0 0 0 0 0 0 0 0 0 0 0 32 40 21 2 80 84 48 0 7 11 95 71 10 1 52 19 0 65 71 23 0 0 57 2 31 29 35 3 59 0 1 10 8 4 0 11 43 4 0 0 22 16 9 35 0 0 0 0 15 33 15 0 0 30 8 7 44 61 29 0 0
56 24 10 21 59 84 80 76 79 93 82 71 65 86 58 56 97 97 100 70 25 0 0 0 0 0 0 0 0 0 0 0 0 4 2 17 23 2 0 52 100 42 33 49 2 0 45 27 29 44 56 0 75 26 24 51 0 52 55 3 27 0 20 81 27 32 89 38 22 17 0 39 9 22 0 0 14 13 15 0 0 0 17 35 39 26 6 0 0 0 21 19 84 31 0 0
3 1 0 2 0 80 78 62 66 58 22 53 76 86 34 52 53 13 87 47 0 0 0 0 0 0 0 0 0 0 43 71 59 14 9 45 0 0 0 22 24 4 42 1 3 0 10 23 2 12 20 0 80 86 54 7 0 25 7 24 0 6 25 56 64 0 67 100 35 36 41 54 3 36 71 10 0 1 16 0 13 8 20 22 64 21 21 0 0 0 0 4 34 16 0 0
60 47 57 76 65 64 62 70 78 80 55 67 0 17 100 92 63 43 19 0 0 0 0 0 0 0 0 3 7 35 97 56 73 7 0 5 50 19 8 0 18 6 7 34 17 21 0 8 20 57 6 1 58 56 37 9 14 21 8 33 3 13 10 1 28 0 8 10 3 0 10 22 0 31 36 0 0 9 34 0 49 76 2 7 72 0 0 0 4 14 0 0 27 50 4 1
31 58 52 56 73 93 96 32 39 90 65 74 66 85 48 18 39 27 21 0 0 0 0 0 2 19 0 20 85 84 46 24 6 7 0 10 19 0 19 63 71 2 7 66 22 6 27 85 57 38 20 5 24 61 43 17 39 71 19 14 17 9 5 20 28 0 0 0 0 0 1 27 2 2 14 0 0 0 18 21 33 35 7 6 0 0 22 20 0 15 0 0 5 31 9 53
50 62 34 16 24 76 89 84 70 65 81 97 79 82 77 54 54 12 12 0 0 0 0 4 34 66 53 87 91 25 0 0 42 65 32 0 0 0 55 22 80 30 61 14 28 64 80 25 45 74 23 0 2 14 36 7 86 44 30 35 0 31 30 3 75 28 1 0 0 0 7 41 34 16 11 0 0 0 0 3 6 4 8 20 0 26 1 5 3 0 19 0 6 29 12 5
46 23 17 7 30 49 40 0 11 72 95 79 36 25 84 37 4 0 0 0 0 0 6 79 80 70 82 73 54 61 21 40 64 11 82 15 15 44 54 10 22 9 49 56 37 34 19 10 27 2 0 15 41 27 80 84 45 12 22 20 0 4 30 33 10 45 14 0 0 0 53 65 52 0 12 5 0 0 0 0 0 0 8 0 0 0 0 24 15 0 6 0 13 25 0 0
77 23 28 55 54 76 33 82 51 30 32 3 0 69 26 6 0 20 0 0 11 26 40 97 62 20 0 1 26 26 15 13 44 0 57 96 72 38 46 0 0 0 15 62 46 17 38 50 19 31 0 6 68 10 5 15 17 2 15 12 7 15 11 23 30 33 5 0 0 0 19 56 3 0 19 2 0 0 0 0 0 2 26 33 12 24 14 23 38 0 10 14 8 0 0 15
90 51 32 45 90 88 51 62 91 27 0 21 31 41 0 0 26 36 47 67 59 49 11 48 39 54 0 1 74 52 6 0 17 0 17 78 0 3 57 19 47 11 56 18 44 35 55 45 5 10 28 28 1 1 0 20 24 30 24 16 55 9 13 25 21 21 20 16 51 0 0 0 2 0 0 0 0 0 0 0 0 0 0 14 0 0 0 0 13 4 2 0 27 0 35 3
35 64 77 77 57 78 99 69 10 0 0 46 58 18 0 1 31 67 86 53 72 13 9 84 82 30 4 65 93 14 0 5 30 10 0 63 0 0 14 51 62 61 34 33 27 34 13 43 14 57 35 25 20 26 20 71 29 23 9 2 16 25 26 61 31 76 53 18 77 25 0 0 0 0 0 2 0 0 0 0 0 0 10 16 0 12 4 18 3 0 0 0 15 16 40 34
74 19 2 46 52 96 63 10 0 0 0 4 1 0 0 36 22 0 0 29 25 0 0 12 13 57 36 33 11 20 52 52 18 0 15 67 0 0 0 8 15 64 47 33 20 51 64 19 43 49 15 0 22 14 0 0 9 41 6 0 8 22 20 21 19 32 9 40 20 8 2 0 0 0 0 24 7 0 0 23 20 5 0 10 20 4 11 20 48 21 35 0 1 0 15 10
0 19 52 61 78 44 3 0 0 0 15 39 53 44 10 20 0 2 0 6 1 0 19 97 61 22 0 0 0 29 50 24 13 0 27 12 0 8 33 30 30 14 84 25 16 21 48 20 59 33 9 4 84 64 0 0 9 26 11 1 0 3 12 19 10 50 17 41 24 19 0 20 18 12 0 34 19 0 30 31 7 24 0 9 47 17 0 0 27 18 27 6 69 8 28 26
0 40 97 59 27 0 0 0 1 24 33 60 48 13 49 13 80 62 13 90 86 69 73 12 0 0 0 0 51 2 14 5 25 4 0 0 0 26 91 29 54 21 18 35 30 58 27 0 37 18 29 2 8 62 4 0 14 24 25 0 0 9 2 0 13 9 0 19 25 5 0 6 16 12 0 21 47 16 4 36 25 22 4 0 39 10 0 0 17 40 0 32 54 16 5 1
56 35 47 33 1 0 0 0 25 86 56 0 0 0 12 15 49 42 27 24 40 9 5 6 1 1 6 29 24 42 60 0 4 31 0 0 0 0 53 92 82 61 81 75 42 46 58 36 10 2 36 16 0 0 1 0 0 1 6 59 18 3 34 23 12 2 0 0 24 29 18 0 0 27 2 0 0 0 0 10 5 33 25 8 22 0 24 19 4 0 0 55 49 5 0 7
95 52 3 0 0 0 0 0 24 89 26 0 0 0 26 2 47 55 48 91 20 1 4 29 43 64 56 59 22 69 44 0 0 66 36 0 0 13 20 71 93 47 30 35 54 72 31 28 8 9 22 0 0 0 0 0 0 0 14 83 14 18 41 16 1 4 9 0 13 38 8 1 0 2 0 0 11 37 2 30 11 0 28 1 0 7 21 47 4 0 0 10 44 12 23 0
30 0 19 8 0 0 11 4 55 48 3 0 0 40 9 8 20 24 23 46 13 49 31 40 32 47 73 39 82 64 8 31 7 2 80 3 9 24 61 65 46 43 2 12 32 2 7 7 29 44 3 19 46 31 0 0 0 0 32 20 16 3 28 30 11 40 14 0 23 53 62 24 22 0 0 0 64 60 0 0 0 0 25 18 0 4 0 3 12 0 29 49 0 13 16 0
0 0 10 0 0 0 19 0 0 0 0 0 0 53 2 38 68 9 8 0 21 15 4 30 41 25 51 26 3 35 84 79 2 0 74 2 14 25 13 28 71 37 12 48 50 29 26 3 0 0 21 29 81 8 12 19 44 16 64 26 44 8 35 33 1 25 33 30 68 31 31 70 41 14 0 0 28 20 17 38 34 40 0 0 0 0 7 28 1 21 14 0 0 24 28 34
0 0 0 0 2 51 0 7 0 0 0 0 1 61 15 14 0 12 21 48 50 16 63 31 1 40 19 8 4 19 4 13 0 23 65 29 50 8 0 0 74 9 30 73 32 22 22 16 0 24 21 19 50 67 71 68 76 77 78 73 56 2 47 20 5 34 42 47 49 49 70 59 64 20 13 40 38 44 59 61 41 25 16 1 48 6 41 11 35 43 14 0 0 2 23 63
0 0 4 5 78 39 8 37 1 0 0 0 9 28 65 0 0 25 0 19 0 13 20 16 69 59 62 0 42 11 0 2 4 16 28 12 53 17 26 9 49 0 19 18 13 11 6 26 23 4 25 6 4 15 54 78 66 55 81 76 75 29 31 47 30 28 52 38 56 62 29 43 38 28 36 24 54 61 51 35 14 35 5 0 0 13 59 55 43 36 16 0 0 0 0 0
13 51 76 44 53 7 51 32 2 0 0 0 0 31 1 0 2 3 34 64 13 34 30 18 4 35 16 0 34 17 0 21 16 0 58 28 87 73 44 6 36 21 66 17 6 6 28 18 3 0 1 22 27 56 88 73 70 70 62 63 57 46 30 40 56 26 48 37 54 73 37 25 33 18 39 50 48 20 15 2 15 6 10 59 67 43 55 4 0 0 0 17 28 0 0 0
33 64 90 53 0 0 0 0 2 0 1 52 20 17 15 8 6 49 32 75 52 64 77 76 27 0 0 0 10 0 0 17 50 8 28 77 42 49 45 28 48 35 24 3 22 26 13 14 20 46 36 39 54 51 84 80 86 53 58 34 74 25 42 61 77 74 89 83 58 63 29 48 26 14 57 30 1 36 28 0 12 46 25 38 44 80 52 54 36 0 0 39 52 1 0 0
35 36 32 5 42 4 0 0 0 1 23 39 4 1 25 83 94 73 93 71 26 26 64 28 0 0 0 0 0 0 9 1 56 80 24 59 64 39 36 21 15 30 8 25 32 36 13 0 37 11 4 7 61 86 75 89 100 71 48 32 61 75 60 94 83 73 78 60 58 56 39 37 1 0 48 17 66 49 51 21 9 0 42 83 83 99 69 56 67 29 17 0 0 0 0 0
0 11 4 5 34 0 0 0 13 30 9 17 70 58 89 100 70 21 50 4 23 12 63 27 15 26 29 45 21 10 80 77 81 59 4 41 32 32 75 89 12 1 17 15 14 0 18 16 22 17 36 19 36 45 69 74 77 40 66 82 86 86 87 100 96 87 95 72 52 45 64 38 0 4 42 38 67 74 47 45 68 58 98 37 33 95 74 68 86 89 45 0 34 2 0 0
0 0 0 0 0 0 0 1 81 69 4 39 24 24 35 44 75 17 19 56 48 11 0 0 2 13 28 85 85 88 97 100 67 34 19 81 46 32 24 45 20 1 8 42 30 13 52 38 27 51 52 42 69 44 68 73 77 98 80 91 84 77 100 91 80 83 79 86 50 28 82 24 0 30 40 16 43 40 63 96 68 55 84 78 53 91 95 65 100 88 40 29 5 0 0 6
0 23 0 0 0 0 0 1 62 57 18 44 36 9 64 21 17 12 5 21 0 0 8 9 31 9 2 41 62 72 61 36 54 80 94 56 42 64 39 29 62 26 35 15 5 28 5 12 8 56 42 44 55 56 76 77 33 98 78 61 57 33 98 63 100 100 91 84 41 54 75 7 1 0 12 58 67 68 88 72 52 82 72 49 57 89 70 45 88 35 2 0 0 0 25 78
24 55 3 0 0 0 0 0 60 15 25 34 29 64 81 2 21 50 44 35 15 0 43 34 39 50 28 0 42 3 52 76 74 66 81 87 64 12 59 51 52 27 37 30 21 29 41 18 0 25 22 11 56 76 61 49 38 61 83 68 54 38 73 60 92 84 67 88 61 60 40 13 37 19 17 19 53 95 79 100 68 76 28 56 71 75 22 0 58 40 21 21 20 6 33 39
0 0 0 0 0 0 0 11 62 55 33 38 28 65 72 45 38 22 23 34 50 15 24 26 19 25 69 4 4 0 33 48 54 45 44 23 34 53 35 34 38 22 24 18 0 0 25 43 0 27 12 48 50 43 57 57 68 61 63 39 63 46 34 93 93 64 42 60 43 41 24 0 37 96 96 55 22 46 94 93 36 25 8 25 52 0 0 4 74 83 53 88 52 4 59 79
2 0 0 0 0 0 0 0 0 0 16 65 37 19 31 60 47 18 27 27 18 84 100 100 63 2 10 11 13 0 19 13 21 36 2 0 20 31 62 44 48 16 11 0 20 15 65 31 0 1 49 53 46 31 59 48 88 53 57 57 42 66 69 81 57 77 58 53 30 1 2 0 39 61 67 41 68 38 51 38 13 40 85 49 39 10 14 32 97 27 2 3 19 29 2 1
24 80 6 0 0 0 0 11 34 4 23 30 25 18 42 40 30 11 14 24 84 79 86 54 1 0 0 0 0 12 25 0 11 31 6 42 30 39 35 55 42 47 0 8 12 37 44 33 0 35 36 69 22 56 57 60 59 68 65 39 73 59 35 13 29 18 10 23 8 6 18 41 77 32 56 51 63 35 56 91 31 23 66 77 64 60 50 73 25 1 29 67 32 0 0 0
0 55 29 0 14 29 25 37 27 44 38 14 24 77 36 61 15 8 33 19 0 0 1 0 0 0 0 0 5 91 61 49 15 0 23 1 33 42 6 50 14 39 46 42 45 46 46 39 2 2 4 24 27 45 41 25 43 82 41 48 75 70 66 61 30 3 4 29 0 19 38 36 74 41 46 28 31 54 53 69 67 71 60 88 62 96 50 14 0 18 45 11 31 45 62 41
0 11 8 0 0 0 0 7 13 12 29 1 23 36 45 55 2 0 1 0 0 29 60 0 0 14 32 0 0 36 37 61 19 10 20 6 5 0 16 31 20 68 59 28 96 89 76 25 1 39 28 15 5 7 30 51 51 39 46 66 75 55 79 64 5 36 22 4 0 28 65 48 56 25 37 33 23 53 53 61 87 51 77 69 74 58 35 4 3 58 34 9 81 58 24 12
0 0 27 11 1 72 5 6 20 30 46 22 6 13 67 74 44 57 41 2 6 88 38 0 0 14 21 25 12 0 14 22 11 0 6 21 40 8 7 3 13 11 0 21 43 65 32 2 29 35 58 68 38 3 14 70 31 55 57 53 35 69 62 28 10 16 22 35 21 59 73 32 58 0 38 61 52 87 85 75 90 98 81 74 92 40 3 25 54 98 61 70 85 16 9 16
1 20 6 64 63 78 11 61 15 36 12 0 5 57 67 71 98 64 34 9 36 35 9 27 58 39 17 22 16 35 60 23 28 37 0 3 36 48 5 0 11 13 26 21 31 46 24 0 39 81 55 74 54 51 17 14 26 55 60 66 56 55 31 2 2 51 20 77 59 71 60 22 17 24 45 66 37 80 64 74 79 100 94 66 88 43 19 0 18 85 47 51 33 3 13 77
0 6 0 33 53 6 0 12 6 43 5 8 28 90 98 66 41 60 30 1 54 13 18 44 73 40 29 4 0 22 24 4 11 7 31 0 19 2 0 0 42 12 8 6 62 26 47 20 27 29 26 64 49 65 63 55 78 65 49 49 29 47 9 11 42 40 62 55 49 61 41 0 0 4 26 74 61 67 80 89 61 68 83 98 58 50 15 17 4 1 26 75 50 12 7 43
49 28 0 0 0 7 44 54 33 23 69 11 6 43 87 0 0 6 34 16 39 5 26 61 73 60 23 28 2 0 20 22 8 29 0 5 18 6 28 0 0 27 43 57 0 18 23 15 39 27 41 25 56 59 55 51 73 61 32 37 47 19 5 56 54 63 32 48 6 48 54 9 1 4 7 44 38 27 94 90 22 40 38 19 3 0 0 8 0 18 9 68 25 43 80 59
21 13 0 0 0 76 16 12 4 9 31 26 1 16 8 33 37 32 26 6 20 22 31 30 18 4 44 28 45 0 0 48 8 32 23 0 7 65 91 14 0 0 14 27 16 21 45 53 38 64 11 42 56 29 40 32 35 47 82 60 34 37 28 46 62 13 27 54 32 2 26 1 0 7 17 20 52 62 45 55 21 19 2 0 4 0 10 44 0 0 34 39 36 11 39 82
31 22 14 0 0 42 16 44 1 19 7 15 34 17 22 0 3 27 28 47 10 48 14 56 33 72 30 2 44 0 33 45 48 7 11 27 18 34 17 0 7 40 29 47 31 41 24 43 53 48 58 39 74 28 26 52 39 57 65 13 36 60 54 78 83 45 14 35 35 26 60 56 30 36 1 25 78 58 66 45 6 26 26 64 23 0 7 15 8 9 70 33 39 2 36 78
25 0 2 42 0 2 38 13 4 21 18 8 0 9 37 13 2 39 30 0 15 0 17 13 19 3 10 0 30 23 42 50 71 0 0 0 7 0 0 0 12 3 62 62 80 66 55 15 27 47 78 35 14 41 73 62 37 53 54 16 21 26 68 32 33 34 14 32 23 49 84 57 66 26 35 36 22 54 100 74 26 35 24 8 0 0 0 0 32 73 26 4 0 0 54 80
0 27 41 17 0 0 0 3 0 10 2 0 15 28 7 14 0 28 60 53 30 0 0 22 2 0 0 9 22 31 47 6 62 1 0 6 23 50 0 0 40 52 93 81 60 44 39 57 30 32 33 43 11 70 80 53 64 43 43 52 24 56 68 26 49 25 61 74 36 19 52 58 62 77 46 78 10 73 45 20 45 85 4 0 0 1 14 48 84 62 10 22 9 18 80 23
47 36 25 6 0 0 20 8 25 2 0 9 8 3 0 1 8 52 24 36 69 13 10 28 18 0 1 8 18 19 49 3 21 24 1 14 7 33 14 42 91 86 77 59 7 37 42 35 55 41 53 27 33 41 54 71 47 66 39 34 46 90 100 68 65 38 6 34 43 2 56 69 71 40 65 86 97 100 59 23 4 34 0 6 34 60 84 75 83 52 37 72 29 21 87 61
43 30 4 0 10 0 43 11 1 0 0 7 33 33 8 50 89 14 6 16 62 35 46 6 7 41 67 31 15 15 46 30 40 24 0 21 68 54 22 97 44 38 24 13 33 73 68 46 35 46 75 28 64 42 54 46 43 56 56 9 74 74 95 45 28 4 0 6 39 22 58 68 90 21 34 67 78 91 62 32 0 0 19 63 65 85 63 53 36 61 45 45 6 65 92 76
0 0 0 27 13 0 0 0 0 31 43 10 8 14 34 31 61 23 7 58 57 6 8 10 32 15 2 27 12 0 4 21 2 24 0 5 48 66 17 46 54 33 0 10 56 25 64 68 31 36 29 1 73 23 32 45 63 25 21 42 46 54 64 38 0 0 8 3 29 65 27 66 67 26 83 98 27 46 4 55 7 0 72 82 45 79 42 0 67 14 40 21 0 1 13 97
11 7 23 14 0 16 1 0 0 17 27 0 0 0 30 54 30 5 55 52 67 56 19 39 30 50 90 27 21 0 0 6 0 14 4 46 75 13 3 25 34 32 61 84 3 40 80 61 34 52 52 7 17 44 34 6 23 4 64 56 25 62 45 2 0 5 12 36 32 48 61 30 6 47 85 31 56 97 56 50 23 53 100 98 24 2 0 24 73 29 37 9 0 0 7 89
1 52 3 5 12 25 12 0 0 0 49 34 0 0 0 16 53 0 1 10 0 6 55 6 2 0 2 22 5 26 3 0 20 0 15 31 10 4 1 49 77 41 36 44 32 15 46 17 25 9 47 61 70 62 41 44 2 2 17 42 15 27 20 11 0 2 13 21 53 6 34 48 0 20 5 0 34 49 88 81 20 96 100 97 45 39 0 57 81 39 21 0 0 0 26 65
0 0 0 0 3 2 0 0 3 10 33 40 16 14 0 51 15 0 10 1 0 17 51 12 0 0 0 0 0 28 0 0 21 0 27 20 2 11 16 66 31 32 2 0 46 41 54 60 28 18 63 100 77 95 92 94 56 44 6 20 24 8 20 71 3 1 6 35 25 61 62 6 1 49 52 42 0 29 88 63 36 60 94 55 80 67 21 0 22 60 44 3 0 0 0 16
62 12 0 0 7 36 35 30 16 11 7 43 38 0 0 89 65 0 22 1 0 21 26 37 80 48 3 0 0 0 3 1 19 5 31 41 50 72 74 74 63 51 56 36 0 0 5 42 68 95 78 60 49 82 43 35 35 59 71 58 31 17 39 71 37 62 55 79 60 32 26 4 21 0 3 1 0 1 52 57 13 43 71 25 68 77 5 6 54 51 49 0 0 0 0 0
24 19 2 22 59 2 23 7 22 3 2 19 17 0 7 90 49 0 0 0 0 5 36 22 64 100 56 1 0 0 4 0 9 55 9 25 53 26 44 43 12 0 6 12 39 53 49 19 52 54 49 42 20 40 57 50 50 31 40 4 9 25 30 58 55 39 36 1 15 1 0 0 17 0 0 0 0 10 80 40 1 31 65 43 67 18 0 0 54 72 18 0 0 0 0 0
21 73 42 45 33 0 16 4 30 31 10 2 2 12 48 38 20 25 32 34 9 27 21 63 64 56 53 52 32 8 25 0 0 11 23 0 36 39 27 28 9 45 38 44 39 25 59 82 52 55 45 17 30 52 22 30 13 0 1 0 1 6 53 66 82 48 4 2 0 0 0 0 0 0 7 0 4 73 68 13 40 96 67 30 71 0 0 0 33 16 0 0 0 0 0 0
26 50 27 2 21 18 0 2 18 0 1 13 0 14 55 11 13 22 23 0 3 22 7 38 91 59 95 98 48 10 0 0 10 0 0 0 0 20 6 0 0 60 40 34 5 40 23 74 44 51 59 41 26 36 42 32 57 7 19 9 5 54 98 64 58 1 0 0 0 0 3 1 9 44 68 34 4 27 100 69 77 57 3 1 5 0 0 0 0 0 0 0 5 41 9 0
39 44 31 62 35 34 8 0 0 0 0 21 0 14 47 11 8 5 13 44 76 91 97 100 100 94 100 100 20 13 0 0 16 18 0 0 0 35 3 0 35 47 5 3 36 39 51 58 77 70 68 50 9 27 5 2 52 36 67 47 39 36 23 76 46 0 3 34 39 54 90 77 92 41 68 83 62 55 68 86 56 71 44 4 0 0 0 0 0 0 0 0 53 89 6 0
81 0 3 0 1 22 41 7 5 20 10 21 21 0 22 1 0 40 49 76 76 48 58 71 91 86 68 98 85 67 0 10 18 32 3 21 19 4 0 0 51 65 29 23 62 76 89 45 96 88 44 26 23 16 0 12 45 48 75 25 15 16 61 74 4 12 81 100 97 58 45 72 72 45 61 67 81 81 53 99 66 30 58 50 55 9 0 0 0 0 0 0 6 4 0 0
31 4 12 35 2 1 14 25 47 31 25 59 19 0 12 35 45 91 36 47 68 53 74 75 50 58 60 80 90 53 41 17 0 0 0 0 11 7 0 0 28 81 23 42 66 55 72 62 81 35 36 15 4 0 5 34 87 88 81 24 15 4 12 7 40 84 72 16 8 0 0 7 15 32 25 13 24 43 58 59 87 66 39 2 41 69 2 0 0 0 8 17 0 0 2 4
39 39 15 31 0 0 0 21 10 50 24 4 0 0 31 58 86 58 56 28 13 29 86 96 60 61 75 62 100 99 28 0 0 0 0 32 35 1 0 0 0 26 70 54 42 3 12 13 32 33 1 7 9 2 13 67 88 41 44 54 14 2 0 34 89 34 4 0 0 0 1 0 9 32 67 65 44 45 39 4 6 72 98 37 65 67 8 0 12 31 38 4 1 11 15 18
53 0 0 40 4 0 44 46 36 48 29 3 8 0 33 59 36 10 27 13 18 22 34 32 95 57 50 76 90 98 16 2 0 0 0 4 58 35 0 0 0 0 23 75 37 0 46 21 16 34 8 9 13 2 31 67 18 27 24 53 50 17 34 91 20 0 0 0 11 60 84 62 67 62 59 66 72 83 78 83 21 4 24 84 32 85 22 3 70 83 62 92 91 54 86 53
