data/habitatmaps/RS_maps/habitat_Fringilla.coelebs_2015.asc
NCOLS 369 
NROWS 228 
XLLCORNER 479000 
YLLCORNER 73000 
CELLSIZE 1000 
NODATA_value -9 
[rows 0 to 61 of 228, columns 96 to 191 of 369]
-9 -9 -9 -9 -9 -9 -9 -9 -9 -9 -9 -9 -9 -9 -9 -9 -9 -9 -9 -9 -9 -9 -9 -9 -9 -9 -9 -9 -9 -9 -9 -9 -9 -9 -9 -9 -9 -9 -9 -9 -9 -9 -9 -9 -9 -9 -9 -9 -9 -9 -9 -9 -9 -9 -9 -9 -9 -9 -9 -9 -9 -9 -9 -9 -9 -9 -9 -9 -9 -9 -9 -9 -9 -9 -9 -9 -9 -9 -9 -9 -9 -9 -9 -9 -9 -9 -9 -9 -9 -9 -9 -9 -9 -9 46 71
-9 -9 -9 -9 -9 -9 -9 -9 -9 -9 -9 -9 -9 -9 -9 -9 -9 -9 -9 -9 -9 -9 -9 -9 -9 -9 -9 -9 -9 -9 -9 -9 -9 -9 -9 -9 -9 -9 -9 -9 -9 -9 -9 -9 -9 -9 -9 -9 -9 -9 -9 -9 -9 -9 -9 -9 -9 -9 -9 -9 -9 -9 -9 -9 -9 -9 -9 -9 -9 -9 -9 -9 -9 -9 -9 -9 -9 -9 -9 -9 -9 -9 -9 -9 -9 -9 -9 -9 -9 -9 -9 -9 -9 56 46 71
-9 -9 -9 -9 -9 -9 -9 -9 -9 -9 -9 -9 -9 -9 -9 -9 -9 -9 -9 -9 -9 -9 -9 -9 -9 -9 -9 -9 -9 -9 -9 -9 -9 -9 -9 -9 -9 -9 -9 -9 -9 -9 -9 -9 -9 -9 -9 -9 -9 -9 -9 -9 -9 -9 -9 -9 -9 -9 -9 -9 -9 -9 -9 -9 -9 -9 -9 -9 -9 -9 -9 -9 -9 -9 -9 -9 -9 -9 -9 -9 -9 -9 -9 -9 -9 -9 -9 -9 -9 -9 -9 -9 -9 25 78 100
-9 -9 -9 -9 -9 -9 -9 -9 -9 -9 -9 -9 -9 -9 -9 -9 -9 -9 -9 -9 -9 -9 -9 -9 -9 -9 -9 -9 -9 -9 -9 -9 -9 -9 -9 -9 -9 -9 -9 -9 -9 -9 -9 -9 -9 -9 -9 -9 -9 -9 -9 -9 -9 -9 -9 -9 -9 -9 -9 -9 -9 -9 -9 -9 -9 -9 -9 -9 -9 -9 -9 -9 -9 -9 -9 -9 -9 -9 -9 -9 -9 -9 -9 -9 -9 -9 -9 -9 -9 -9 -9 -9 10 15 46 48
-9 -9 -9 -9 -9 -9 -9 -9 -9 -9 -9 -9 -9 -9 -9 -9 -9 -9 -9 -9 -9 -9 -9 -9 -9 -9 -9 -9 -9 -9 -9 -9 -9 -9 -9 -9 -9 -9 -9 -9 -9 -9 -9 -9 -9 -9 -9 -9 -9 -9 -9 -9 -9 -9 -9 -9 -9 -9 -9 -9 -9 -9 -9 -9 -9 -9 -9 -9 -9 -9 -9 -9 -9 -9 -9 -9 -9 -9 -9 -9 -9 -9 -9 -9 -9 -9 -9 -9 -9 -9 -9 40 62 32 0 2
-9 -9 -9 -9 -9 -9 -9 -9 -9 -9 -9 -9 -9 -9 -9 -9 -9 -9 -9 -9 -9 -9 -9 -9 -9 -9 -9 -9 -9 -9 -9 -9 -9 -9 -9 -9 -9 -9 -9 -9 -9 -9 -9 -9 -9 -9 -9 -9 -9 -9 -9 -9 -9 -9 -9 -9 -9 -9 -9 -9 -9 -9 -9 -9 -9 -9 -9 -9 -9 -9 -9 -9 -9 -9 -9 -9 -9 -9 -9 -9 -9 -9 -9 -9 -9 -9 -9 -9 -9 -9 -9 82 27 9 61 35
-9 -9 -9 -9 -9 -9 -9 -9 -9 -9 -9 -9 -9 -9 -9 -9 -9 -9 -9 -9 -9 -9 -9 -9 -9 -9 -9 -9 -9 -9 -9 -9 -9 -9 -9 -9 -9 -9 -9 -9 -9 -9 -9 -9 -9 -9 -9 -9 -9 -9 -9 -9 -9 -9 -9 -9 -9 -9 -9 -9 -9 -9 -9 -9 -9 -9 -9 -9 -9 -9 -9 -9 -9 -9 -9 -9 -9 -9 -9 -9 -9 -9 -9 -9 -9 -9 -9 -9 -9 -9 75 97 26 11 7 9
-9 -9 -9 -9 -9 -9 -9 -9 -9 -9 -9 -9 -9 -9 -9 -9 -9 -9 -9 -9 -9 -9 -9 -9 -9 -9 -9 -9 -9 -9 -9 -9 -9 -9 -9 -9 -9 -9 -9 -9 -9 -9 -9 -9 -9 -9 -9 -9 -9 -9 -9 -9 -9 -9 -9 -9 -9 -9 -9 -9 -9 -9 -9 -9 -9 -9 -9 -9 -9 -9 -9 -9 -9 -9 -9 -9 -9 -9 -9 -9 -9 -9 -9 -9 -9 -9 -9 -9 -9 76 93 100 49 26 62 42
-9 -9 -9 -9 -9 -9 -9 -9 -9 -9 -9 -9 -9 -9 -9 -9 -9 -9 -9 -9 -9 -9 -9 -9 -9 -9 -9 -9 -9 -9 -9 -9 -9 -9 -9 -9 -9 -9 -9 -9 -9 -9 -9 -9 -9 -9 -9 -9 -9 -9 -9 -9 -9 -9 -9 -9 -9 -9 -9 -9 -9 -9 -9 -9 -9 -9 -9 -9 -9 -9 -9 -9 -9 -9 -9 -9 -9 -9 -9 -9 -9 -9 -9 -9 -9 -9 -9 -9 100 100 100 100 42 15 73 22
-9 -9 -9 -9 -9 -9 -9 -9 -9 -9 -9 -9 -9 -9 -9 -9 -9 -9 -9 -9 -9 -9 -9 -9 -9 -9 -9 -9 -9 -9 -9 -9 -9 -9 -9 -9 -9 -9 -9 -9 -9 -9 -9 -9 -9 -9 -9 -9 -9 -9 -9 -9 -9 -9 -9 -9 -9 -9 -9 -9 -9 -9 -9 -9 -9 -9 -9 -9 -9 -9 -9 -9 -9 -9 -9 -9 -9 -9 -9 -9 -9 -9 -9 -9 -9 -9 -9 -9 86 100 100 100 84 0 0 6
-9 -9 -9 -9 -9 -9 -9 -9 -9 -9 -9 -9 -9 -9 -9 -9 -9 -9 -9 -9 -9 -9 -9 -9 -9 -9 -9 -9 -9 -9 -9 -9 -9 -9 -9 -9 -9 -9 -9 -9 -9 -9 -9 -9 -9 -9 -9 -9 -9 -9 -9 -9 -9 -9 -9 -9 -9 -9 -9 -9 -9 -9 -9 -9 -9 -9 -9 -9 -9 -9 -9 -9 -9 -9 -9 -9 -9 -9 -9 -9 -9 -9 -9 -9 -9 -9 -9 47 74 91 96 100 100 9 0 2
-9 -9 -9 -9 -9 -9 -9 -9 -9 -9 -9 -9 -9 -9 -9 -9 -9 -9 -9 -9 -9 -9 -9 -9 -9 -9 -9 -9 -9 -9 -9 -9 -9 -9 -9 -9 -9 -9 -9 -9 -9 -9 -9 -9 -9 -9 -9 -9 -9 -9 -9 -9 -9 -9 -9 -9 -9 -9 -9 -9 -9 -9 -9 -9 -9 -9 -9 -9 -9 -9 -9 -9 -9 -9 -9 -9 -9 -9 -9 -9 -9 -9 -9 -9 -9 -9 24 40 76 44 5 30 91 21 15 0
-9 -9 -9 -9 -9 -9 -9 -9 -9 -9 -9 -9 -9 -9 -9 -9 -9 -9 -9 -9 -9 -9 -9 -9 -9 -9 -9 -9 -9 -9 -9 -9 -9 -9 -9 -9 -9 -9 -9 -9 -9 -9 -9 -9 -9 -9 -9 -9 -9 -9 -9 -9 -9 -9 -9 -9 -9 -9 -9 -9 -9 -9 -9 -9 -9 -9 -9 -9 -9 -9 -9 -9 -9 -9 -9 -9 -9 -9 -9 -9 -9 -9 -9 -9 -9 -9 24 77 61 59 50 46 100 27 13 0
-9 -9 -9 -9 -9 -9 -9 -9 -9 -9 -9 -9 -9 -9 -9 -9 -9 -9 -9 -9 -9 -9 -9 -9 -9 -9 -9 -9 -9 -9 -9 -9 -9 -9 -9 -9 -9 -9 -9 -9 -9 -9 -9 -9 -9 -9 -9 -9 -9 -9 -9 -9 -9 -9 -9 -9 -9 -9 -9 -9 -9 -9 -9 -9 -9 -9 -9 -9 -9 -9 -9 -9 -9 -9 -9 -9 -9 -9 -9 -9 -9 -9 -9 -9 -9 -9 49 97 75 95 74 88 79 87 92 25
-9 -9 -9 -9 -9 -9 -9 -9 -9 -9 -9 -9 -9 -9 -9 -9 -9 -9 -9 -9 -9 -9 -9 -9 -9 -9 -9 -9 -9 -9 -9 -9 -9 -9 -9 -9 -9 -9 -9 -9 -9 -9 -9 -9 -9 -9 -9 -9 -9 -9 -9 -9 -9 -9 -9 -9 -9 -9 -9 -9 -9 -9 -9 -9 -9 -9 -9 -9 -9 -9 -9 -9 -9 -9 -9 -9 -9 -9 -9 -9 71 74 98 58 38 75 68 58 44 34 71 7 75 57 56 47
-9 -9 -9 -9 -9 -9 -9 -9 -9 -9 -9 -9 -9 -9 -9 -9 -9 -9 -9 -9 -9 -9 -9 -9 -9 -9 -9 -9 -9 -9 -9 -9 -9 -9 -9 -9 -9 -9 -9 -9 -9 -9 -9 -9 -9 -9 -9 -9 -9 -9 -9 -9 -9 -9 -9 -9 -9 -9 -9 -9 -9 -9 -9 -9 -9 -9 -9 -9 -9 -9 -9 -9 -9 -9 -9 -9 70 90 10 22 24 24 63 93 9 91 77 12 17 1 51 5 37 8 22 77
-9 -9 -9 -9 -9 -9 -9 -9 -9 -9 -9 -9 -9 -9 -9 -9 -9 -9 -9 -9 -9 -9 -9 -9 -9 -9 -9 -9 -9 -9 -9 -9 -9 -9 -9 -9 -9 -9 -9 -9 -9 -9 100 100 100 100 -9 -9 -9 -9 -9 -9 -9 -9 -9 -9 -9 -9 -9 -9 -9 -9 -9 -9 -9 -9 -9 -9 -9 -9 -9 -9 -9 -9 -9 96 67 65 29 70 55 87 91 100 40 58 72 48 5 8 9 0 52 6 25 32
-9 -9 -9 -9 -9 -9 -9 -9 -9 -9 -9 -9 -9 -9 -9 -9 -9 -9 -9 -9 -9 -9 -9 -9 -9 -9 -9 -9 -9 -9 -9 -9 -9 -9 -9 0 0 19 22 75 51 99 100 100 100 68 85 94 92 54 -9 -9 -9 -9 -9 -9 -9 -9 -9 -9 -9 -9 -9 -9 -9 -9 -9 -9 -9 -9 -9 -9 -9 39 36 77 76 26 46 68 71 87 98 73 75 24 7 73 36 61 44 3 47 21 27 34
-9 -9 -9 -9 -9 -9 -9 -9 -9 -9 -9 -9 -9 -9 -9 -9 -9 -9 -9 -9 -9 -9 -9 -9 -9 -9 -9 -9 -9 -9 -9 26 5 0 8 9 0 0 21 84 80 99 100 100 100 100 41 9 86 78 86 -9 100 97 100 100 100 93 81 43 46 19 -9 -9 -9 -9 -9 -9 -9 -9 -9 -9 100 23 17 55 85 18 53 78 100 90 71 39 100 71 52 75 27 10 10 43 4 41 32 22
-9 -9 -9 -9 -9 -9 -9 -9 -9 -9 -9 -9 -9 -9 -9 -9 -9 -9 -9 -9 -9 -9 -9 -9 -9 -9 -9 -9 -9 -9 41 26 19 12 25 74 7 0 36 37 47 63 96 100 100 100 94 36 23 8 37 4 62 93 92 78 58 80 81 99 43 2 22 92 100 100 -9 -9 -9 -9 98 72 100 68 20 67 92 67 39 66 79 22 0 9 53 83 70 22 11 7 22 49 2 38 55 33
-9 -9 -9 -9 -9 -9 -9 -9 -9 -9 -9 -9 -9 -9 -9 -9 -9 -9 -9 -9 -9 -9 -9 -9 -9 -9 -9 -9 100 34 40 56 13 36 0 51 0 0 69 21 12 6 86 100 100 100 93 79 68 53 91 45 57 96 40 31 21 49 73 100 76 64 87 100 99 66 31 -9 -9 38 49 27 22 82 33 96 100 56 41 16 14 27 16 63 9 49 12 0 6 17 31 47 36 48 41 41
-9 -9 -9 -9 -9 -9 -9 -9 -9 -9 -9 -9 -9 -9 -9 -9 -9 -9 -9 -9 -9 -9 -9 -9 -9 -9 -9 70 84 7 62 77 2 47 18 21 4 9 56 15 28 87 95 97 94 90 72 99 92 100 100 65 97 98 48 74 63 45 97 100 67 100 100 100 95 34 23 36 40 60 26 36 0 59 82 99 87 20 9 0 1 15 18 44 7 62 44 72 82 96 29 44 22 23 57 42
-9 -9 -9 -9 -9 -9 -9 -9 -9 -9 -9 -9 -9 -9 -9 -9 -9 -9 -9 -9 -9 -9 -9 -9 -9 50 20 53 100 76 57 72 39 39 28 0 26 18 15 16 36 100 95 52 87 72 6 78 100 100 100 76 98 94 61 37 20 20 48 97 100 100 62 83 84 64 26 41 19 33 90 82 57 80 93 20 27 16 6 0 18 25 5 2 44 33 83 100 98 48 25 56 26 24 46 25
-9 -9 -9 -9 -9 -9 -9 -9 -9 -9 -9 -9 -9 -9 -9 -9 -9 -9 -9 -9 -9 -9 -9 -9 36 49 28 86 100 83 32 64 45 42 35 0 22 0 23 0 46 97 52 52 36 51 38 84 56 68 47 4 42 51 45 5 60 12 21 57 100 100 99 41 75 11 28 65 68 80 95 42 60 89 92 43 45 1 23 14 25 69 51 4 56 88 100 76 32 13 30 55 62 25 0 30
-9 -9 -9 -9 -9 -9 -9 -9 -9 -9 -9 -9 -9 -9 -9 -9 -9 -9 -9 -9 -9 -9 -9 0 0 1 23 18 34 91 6 57 70 46 15 1 4 0 0 29 55 82 53 88 63 53 36 73 48 56 76 40 39 6 24 1 33 62 54 52 96 98 77 40 54 28 12 46 34 100 78 45 57 72 54 19 29 23 26 29 38 75 94 77 61 40 40 68 88 86 70 99 26 42 42 48
-9 -9 -9 -9 -9 -9 -9 -9 -9 -9 -9 -9 -9 -9 -9 -9 -9 -9 -9 -9 -9 -9 43 27 4 0 4 8 84 14 18 35 46 57 9 5 19 23 19 43 17 55 39 54 64 13 56 23 13 10 13 55 55 20 7 66 79 37 50 13 96 100 77 19 32 2 0 69 90 72 39 75 74 64 99 47 0 14 11 27 69 64 50 89 94 87 28 36 86 93 84 31 53 48 93 91
-9 -9 -9 -9 -9 -9 -9 -9 -9 -9 -9 -9 -9 -9 -9 -9 -9 -9 -9 -9 -9 27 58 2 22 24 23 33 59 8 12 62 32 3 0 35 74 18 3 21 0 39 49 86 54 79 100 78 46 4 16 79 59 1 44 73 51 17 37 24 81 83 100 16 65 75 24 28 48 34 70 45 52 43 68 10 12 24 21 65 62 52 47 37 74 74 6 51 38 73 59 54 41 3 38 28
32 23 72 63 -9 -9 -9 -9 -9 -9 -9 -9 -9 -9 -9 -9 -9 -9 -9 -9 8 25 21 17 9 6 14 64 60 25 3 16 71 5 8 24 51 33 65 19 22 26 59 58 80 96 100 63 16 35 0 30 73 77 64 57 5 56 61 2 40 85 100 26 39 90 58 48 25 74 65 98 66 82 89 54 17 43 90 84 58 0 32 45 18 56 52 34 2 38 26 58 46 4 33 18
25 26 45 100 100 100 100 11 17 -9 -9 -9 -9 -9 -9 -9 -9 -9 -9 -9 24 4 5 25 39 31 71 17 0 76 55 0 35 15 63 57 2 36 61 20 50 44 73 74 100 67 100 96 47 20 3 30 23 65 95 76 90 52 26 23 32 36 97 41 0 24 43 81 73 90 54 44 67 61 94 35 57 72 31 5 3 0 32 53 33 26 40 54 37 1 10 69 48 16 79 67
0 36 42 42 60 100 100 69 18 38 74 56 51 -9 -9 -9 -9 -9 -9 7 14 17 12 8 36 8 3 24 4 33 52 0 0 12 43 56 18 22 44 34 14 68 39 65 66 45 74 65 84 26 57 18 46 74 87 85 71 89 70 96 64 96 100 43 45 76 21 43 85 83 29 54 13 32 48 23 44 79 17 18 67 14 20 74 29 31 17 90 74 37 19 31 66 63 22 58
4 29 30 6 59 100 100 76 46 14 9 72 38 37 -9 -9 -9 -9 52 39 13 29 0 6 31 34 22 17 0 15 8 0 0 9 59 56 54 43 64 76 46 94 61 69 55 32 73 70 54 79 94 56 41 32 60 3 16 69 45 30 65 56 100 74 43 43 44 74 11 2 15 38 40 43 52 40 50 66 96 100 63 84 35 45 23 25 80 88 97 96 61 0 50 91 81 55
12 35 31 28 57 100 100 97 61 28 13 58 32 17 10 0 3 0 6 51 15 25 66 30 37 5 11 32 62 50 18 58 26 66 70 36 28 16 43 33 43 97 88 64 57 23 100 100 81 84 52 30 14 33 62 91 45 76 90 96 55 61 100 96 76 73 29 53 54 31 80 56 66 42 36 56 86 56 60 26 69 75 35 26 43 22 57 92 88 98 62 19 7 77 94 31
63 26 35 42 17 74 73 89 88 28 54 33 24 33 40 55 25 0 0 0 6 13 34 12 10 28 31 33 19 21 45 47 13 34 82 22 34 24 81 43 94 100 74 98 79 56 100 85 24 0 60 79 33 63 11 64 0 0 0 9 55 55 100 100 99 93 50 39 83 83 24 80 54 7 8 95 80 52 27 5 43 59 44 30 68 32 66 65 45 66 72 77 53 23 40 15
79 33 5 25 10 31 32 31 99 32 24 0 0 39 23 44 29 34 26 15 4 0 12 37 18 59 20 3 6 26 58 87 60 37 73 54 9 50 77 10 52 88 90 99 97 99 90 75 1 30 61 27 83 100 53 85 20 0 0 56 52 34 96 79 73 42 52 72 81 49 10 33 85 75 80 69 66 0 3 7 30 64 29 82 37 75 35 11 29 68 23 38 60 82 19 27
72 74 38 19 34 7 7 29 95 86 76 23 0 20 38 74 49 67 52 19 35 17 39 11 21 31 26 9 46 47 16 53 87 99 88 75 26 83 85 71 26 19 6 48 87 41 1 17 2 31 57 99 85 47 0 18 34 12 27 16 27 1 50 40 3 0 51 77 76 57 32 38 48 100 73 33 34 25 22 26 22 0 34 54 61 85 21 5 0 58 75 50 39 25 66 30
6 40 70 13 14 30 0 1 28 55 100 44 14 39 25 75 30 56 46 1 0 30 19 0 0 0 38 37 0 48 63 31 22 77 100 98 67 65 57 90 94 45 0 0 1 30 79 4 22 66 78 100 80 94 70 49 58 86 79 93 76 63 79 88 41 2 5 78 100 64 40 44 44 51 39 21 12 21 34 44 61 62 78 61 51 75 24 1 12 71 68 5 79 100 97 37
55 77 95 39 59 79 37 0 44 24 62 25 27 54 35 75 37 48 55 83 77 62 53 23 72 81 68 1 21 39 23 48 70 58 90 70 95 54 4 74 53 60 0 0 10 41 22 7 83 93 89 97 74 58 19 54 66 79 50 39 60 65 67 32 74 44 60 48 42 84 17 19 78 25 20 36 80 65 84 100 100 60 86 42 48 51 89 36 15 42 30 16 30 79 78 45
20 9 76 84 73 23 65 31 7 69 58 17 2 46 21 63 90 39 30 33 56 100 99 86 61 62 4 40 26 26 27 38 26 14 98 87 83 48 87 87 100 49 44 59 84 39 0 18 79 62 3 5 2 40 38 41 36 82 60 34 27 19 55 35 17 28 60 22 16 22 33 18 77 74 93 92 94 41 70 92 80 76 92 59 13 63 100 98 98 81 17 38 43 12 31 48
8 1 71 64 26 18 69 34 62 13 18 0 29 0 2 17 73 20 16 5 0 56 37 66 67 95 57 65 80 84 18 83 32 92 100 52 20 100 83 78 68 24 75 33 76 44 28 58 4 41 4 25 22 35 46 57 49 0 30 69 34 39 4 16 36 47 68 59 35 0 63 74 47 54 7 68 66 57 36 57 48 27 2 9 6 53 91 58 95 100 98 22 4 45 33 46
75 65 76 4 24 7 40 34 40 6 8 14 68 87 51 42 93 46 25 8 29 31 12 62 100 96 63 34 34 16 38 97 50 34 98 41 80 90 64 51 61 100 97 71 30 72 79 81 68 16 70 89 85 66 39 8 33 21 10 62 50 50 7 10 35 4 8 17 65 52 35 64 40 19 20 43 82 90 61 43 58 30 35 73 79 9 70 61 68 98 96 30 9 60 18 57
97 79 69 64 70 96 99 59 34 0 9 75 67 74 100 80 87 89 90 91 41 30 0 15 87 50 0 14 60 2 0 1 2 92 94 98 100 76 99 100 100 59 96 73 54 27 45 95 100 57 76 44 38 19 31 54 42 24 33 36 6 22 30 71 100 40 3 78 42 54 53 1 38 17 25 12 68 39 27 34 72 56 100 98 40 66 98 59 39 56 74 28 44 34 6 8
37 0 10 69 64 100 92 51 0 7 47 100 59 16 47 62 58 72 80 91 8 21 2 68 31 2 12 52 61 71 49 33 8 23 6 47 76 80 100 100 96 55 97 74 87 75 100 100 78 96 82 96 82 45 43 19 63 52 8 6 31 33 67 95 54 33 18 45 74 39 53 40 29 10 36 79 27 50 50 17 64 93 97 62 78 100 98 47 69 100 67 69 41 27 56 42
21 9 19 40 79 100 100 64 6 54 99 67 30 26 18 48 53 20 4 48 25 25 32 42 12 7 94 80 16 66 96 53 78 41 0 0 23 58 100 74 64 52 43 51 54 78 100 76 77 94 85 59 15 51 95 29 20 9 22 67 28 100 100 61 40 64 47 75 43 46 43 39 35 36 57 65 16 59 79 55 29 78 49 94 69 54 77 38 97 90 69 86 84 91 100 99
16 0 0 39 75 98 12 42 19 68 68 67 30 73 59 89 99 87 46 11 21 5 8 16 10 60 36 5 11 22 57 36 93 56 59 22 78 63 75 100 90 38 71 54 38 58 62 37 72 21 55 27 70 62 54 65 48 68 57 10 66 54 68 79 49 55 49 36 33 40 35 31 80 55 61 59 80 88 57 61 86 65 61 40 62 48 36 11 63 100 100 96 79 40 80 87
0 0 0 36 54 54 30 12 84 25 0 24 45 100 74 95 99 97 96 94 67 9 34 67 57 58 64 89 99 82 79 90 100 84 33 26 84 75 81 80 35 81 72 50 73 37 19 62 76 87 92 84 100 80 32 65 61 30 53 61 55 57 38 93 77 39 28 11 4 46 52 42 47 57 69 81 88 46 16 41 28 13 33 64 89 61 58 15 94 100 100 82 69 42 73 9
0 0 27 81 97 65 27 64 44 55 49 63 100 67 100 90 52 66 58 94 100 98 94 88 84 100 100 92 81 88 51 60 48 43 82 67 64 58 77 42 74 72 45 60 54 77 61 92 55 50 92 35 77 48 38 93 68 79 93 94 33 65 49 17 25 74 15 24 43 85 68 40 85 91 25 35 52 63 21 47 60 21 15 1 0 38 44 27 85 72 100 95 37 30 79 4
46 32 67 37 70 74 18 79 37 88 40 55 62 97 84 77 60 59 24 41 36 83 100 98 78 93 85 74 66 89 88 59 71 43 39 90 69 25 70 20 56 72 28 38 31 80 50 28 69 70 88 50 68 63 75 69 99 89 77 83 21 12 15 4 25 84 95 33 40 40 51 21 48 36 63 30 44 57 38 54 98 85 83 4 0 37 52 60 35 63 100 100 31 56 89 40
5 4 46 1 31 81 98 100 87 60 25 27 47 67 62 34 42 12 70 78 98 98 100 70 82 68 20 77 14 60 76 74 38 60 85 91 81 81 86 50 33 56 50 78 41 51 57 51 50 67 61 47 37 77 23 79 85 39 35 55 3 0 19 70 79 66 57 51 39 73 50 75 63 50 61 44 58 61 60 45 72 100 62 19 76 71 82 37 24 67 68 71 80 77 30 30
36 76 11 0 32 21 24 43 89 76 31 89 97 36 38 67 24 33 68 61 70 53 50 66 52 55 67 78 51 80 29 21 29 14 76 84 77 56 74 54 16 44 86 83 71 60 79 44 16 66 19 46 47 62 13 89 24 69 5 26 16 61 82 48 60 75 81 68 90 76 71 48 58 64 75 69 69 41 32 43 70 67 90 63 5 31 40 79 74 47 91 35 77 96 55 1
15 14 0 0 37 0 14 35 77 46 94 65 33 31 55 46 50 45 72 76 89 60 29 45 37 32 88 88 48 63 9 0 51 21 94 74 87 53 45 68 89 46 1 32 73 30 31 11 22 37 26 10 29 28 28 37 12 21 0 19 39 96 47 48 76 69 50 73 56 10 55 43 37 30 66 61 58 73 33 69 62 32 51 64 74 43 50 67 8 66 63 38 78 51 93 34
51 58 1 55 53 35 48 47 99 92 100 51 2 19 50 57 65 85 81 48 72 88 68 39 55 59 96 97 75 6 16 0 71 72 45 84 58 44 73 75 41 61 18 59 56 6 50 28 51 10 29 4 41 76 55 36 74 74 65 39 75 64 81 49 64 78 41 64 46 99 88 52 54 90 100 78 94 75 97 51 80 81 82 83 83 70 83 68 23 25 54 40 12 62 99 73
22 18 11 59 79 55 40 67 52 41 1 4 47 16 64 62 70 82 99 69 57 51 75 37 70 75 47 76 98 45 42 0 60 38 59 75 82 62 71 40 24 58 27 77 42 32 60 73 82 69 44 38 61 54 31 39 51 64 58 27 55 98 80 48 59 39 47 86 84 100 79 53 88 98 85 79 43 39 90 61 65 60 35 13 41 37 50 68 42 12 60 20 18 57 79 58
35 43 68 50 41 62 73 90 43 32 17 15 18 26 68 87 98 52 43 49 34 65 53 73 72 94 73 80 96 67 73 32 73 46 77 68 52 34 55 18 39 15 52 72 69 83 57 67 50 63 91 57 24 100 63 62 92 14 16 43 97 67 68 27 51 47 71 55 34 51 59 100 100 32 17 61 54 29 17 90 89 30 69 40 33 67 40 33 66 17 66 57 33 30 65 52
80 70 72 74 79 65 53 28 43 72 38 11 14 92 88 82 67 50 81 60 91 100 78 51 54 67 21 16 9 47 46 68 68 53 39 36 49 78 64 70 61 36 60 50 68 72 91 51 73 64 52 49 33 61 45 47 13 41 68 70 64 35 70 38 23 73 62 50 55 96 100 82 93 20 66 54 67 83 33 65 54 83 54 29 69 35 83 45 60 65 26 21 50 20 15 27
72 49 73 63 73 49 38 51 52 48 78 37 69 87 35 17 49 100 49 10 18 32 31 90 94 100 95 80 75 93 85 33 78 94 74 70 44 84 65 68 73 74 28 37 23 24 30 62 78 57 60 43 53 42 36 36 72 43 84 76 79 41 9 36 71 79 94 99 43 99 99 5 42 71 83 68 100 46 61 88 100 74 75 52 51 0 56 46 45 59 44 59 43 51 61 64
59 52 42 77 71 89 69 50 68 9 56 79 39 23 70 35 0 20 57 12 63 52 8 21 21 30 33 8 12 32 41 61 95 84 71 33 47 59 63 53 53 40 34 64 59 85 46 50 49 48 55 45 48 80 44 51 67 61 91 100 83 18 66 81 58 21 0 57 100 100 100 86 52 99 72 86 42 100 63 21 64 75 71 100 62 6 5 15 53 63 79 91 43 61 55 73
64 43 65 53 36 48 41 52 16 38 74 72 68 16 17 31 23 3 30 10 3 3 15 52 19 23 29 3 6 0 17 75 37 73 68 56 92 64 30 34 61 51 3 14 23 46 35 83 35 36 59 34 97 67 75 98 100 95 76 86 42 92 95 71 62 28 66 60 100 97 52 24 52 88 91 73 14 63 83 73 35 51 30 85 100 81 88 49 99 80 84 100 55 97 93 39
22 8 48 55 65 72 48 17 32 71 69 26 47 20 3 21 52 0 53 48 68 3 31 52 12 32 39 20 18 15 45 60 45 66 46 77 66 51 73 64 40 16 62 64 63 80 45 30 85 52 17 29 79 100 100 73 85 80 70 29 66 98 90 57 39 37 50 56 100 69 10 71 47 65 74 59 15 47 86 39 16 21 22 74 100 100 65 31 56 29 39 93 95 74 68 38
31 14 79 87 62 43 37 55 17 12 95 34 5 32 44 25 5 11 23 19 62 59 90 68 66 86 54 65 70 60 59 100 100 69 47 45 30 41 54 52 42 69 45 34 32 64 68 46 50 45 34 88 100 85 74 96 39 28 31 69 74 100 69 67 77 55 52 43 100 93 21 16 78 100 58 68 80 57 56 7 30 39 31 45 34 81 2 33 34 8 60 19 75 47 22 41
69 95 74 52 34 38 23 13 10 10 23 25 25 80 70 83 46 75 63 78 83 93 52 39 8 60 38 32 59 84 89 77 72 67 58 46 40 21 26 52 60 78 76 50 98 79 64 88 80 38 58 89 91 8 4 41 85 85 100 68 98 84 59 53 61 53 37 78 59 77 13 54 58 79 44 47 58 37 58 65 19 30 21 70 3 41 3 7 49 30 8 0 86 45 30 31
42 68 10 26 78 94 76 98 97 84 97 99 79 65 42 54 91 100 100 93 96 85 90 44 57 55 77 87 74 58 97 39 57 69 42 43 69 69 63 80 18 53 33 59 100 66 52 88 91 98 44 2 23 3 45 38 42 82 81 66 88 99 60 33 35 51 76 61 77 53 86 68 70 91 47 48 93 20 75 63 31 46 12 8 33 0 79 25 35 41 0 0 42 56 13 30
24 32 61 77 45 42 70 95 90 85 72 79 94 47 68 97 97 98 56 67 66 74 72 55 36 49 67 58 51 69 75 37 34 70 31 43 49 33 10 28 4 51 35 85 75 99 62 100 92 35 40 7 26 46 26 50 60 1 61 93 38 26 40 52 67 85 75 20 40 58 73 91 48 71 53 38 80 65 45 90 64 45 35 0 29 43 42 45 70 26 4 72 17 2 4 5
