data/habitatmaps/RS_maps/habitat_Regulus.regulus_2019.asc
NCOLS 369 
NROWS 228 
XLLCORNER 479000 
YLLCORNER 73000 
CELLSIZE 1000 
NODATA_value -9 
[rows 63 to 125 of 228, columns 96 to 191 of 369]
89 77 16 41 28 31 30 87 100 83 78 96 100 47 47 72 47 55 45 4 40 75 50 40 18 11 26 4 68 66 66 81 34 47 35 7 24 43 62 87 94 52 55 0 0 0 0 0 0 15 31 58 80 74 66 83 51 93 98 82 48 35 0 1 65 96 90 71 15 29 13 0 48 29 21 24 79 50 0 0 55 85 8 0 0 35 0 0 24 41 35 10 16 34 40 0
41 8 9 9 0 48 62 50 55 70 35 35 69 62 75 85 85 40 2 0 0 0 0 4 8 33 53 41 40 18 21 11 34 86 66 28 17 52 59 93 100 66 8 0 0 0 0 0 1 29 56 69 57 63 1 8 13 74 100 71 46 66 0 0 47 94 87 4 11 92 54 0 26 76 75 30 42 27 0 0 41 52 5 0 0 52 0 0 40 53 29 8 0 6 25 0
6 16 22 64 22 27 21 9 9 20 37 44 61 48 50 62 76 70 73 37 24 19 33 68 75 55 68 84 2 2 17 43 66 86 62 40 14 62 31 44 48 2 0 0 0 0 18 29 53 80 16 5 0 51 9 17 35 44 100 46 6 76 31 0 46 75 89 36 68 51 55 0 26 87 8 0 13 43 3 0 0 8 0 0 0 15 4 0 1 77 14 0 0 0 65 3
48 41 9 19 0 51 41 37 61 80 89 77 55 41 4 28 48 97 100 82 64 79 90 60 67 69 99 39 4 4 27 28 40 43 44 1 47 94 23 21 6 0 0 0 0 0 9 84 100 36 73 3 4 9 14 60 97 96 78 9 21 87 67 1 0 47 100 69 12 57 29 0 22 56 7 31 12 72 5 2 0 0 53 10 0 1 39 6 0 67 30 5 0 0 69 16
12 0 29 44 63 47 60 86 58 51 17 0 51 39 0 6 39 91 87 67 38 45 71 16 15 76 100 96 36 1 14 44 87 82 20 0 14 58 33 2 0 0 10 54 57 57 76 87 99 6 16 50 95 23 31 88 45 100 100 26 39 62 67 29 0 23 32 33 73 67 2 0 7 2 46 64 49 21 92 60 9 0 42 87 23 0 48 89 35 43 99 16 0 29 14 29
33 32 45 42 59 60 35 34 38 62 66 58 36 0 7 5 9 12 28 42 79 38 73 64 62 83 59 52 51 80 83 95 88 69 37 8 13 19 0 0 0 1 60 56 63 100 53 12 45 0 21 48 5 0 30 100 95 39 34 5 19 20 23 31 0 0 28 75 64 57 0 0 0 0 14 88 59 57 30 95 48 0 8 20 15 0 28 36 2 11 52 31 27 2 20 29
0 0 23 30 41 40 71 18 0 0 10 0 0 49 58 75 51 68 98 94 28 39 46 1 80 48 70 75 92 67 82 35 35 75 46 32 44 0 0 0 0 12 33 1 52 58 37 0 32 45 24 5 34 51 17 41 45 27 36 0 15 34 87 78 0 16 74 78 78 96 14 0 0 0 26 21 9 75 7 27 23 10 0 0 60 0 4 7 0 0 6 35 12 0 31 1
0 22 52 38 29 12 15 0 0 3 46 16 29 89 78 81 80 58 20 47 56 54 63 94 100 78 33 1 38 15 0 16 79 66 52 44 22 0 0 0 0 33 54 34 93 11 1 1 69 62 39 1 56 92 79 0 23 74 43 1 40 85 74 49 26 1 38 69 70 76 11 0 19 5 2 22 4 33 18 0 11 32 0 24 64 3 0 0 0 0 39 77 33 1 27 9
58 54 22 45 93 22 0 0 23 75 100 92 90 4 42 49 0 26 99 79 92 100 82 70 57 17 7 0 11 44 0 11 33 1 14 8 21 32 0 20 30 39 52 55 8 48 46 31 4 24 0 0 42 100 92 4 3 10 0 22 26 50 22 24 47 19 2 84 81 36 3 0 17 0 0 51 26 3 31 11 27 2 0 3 75 32 0 2 50 27 17 58 42 2 0 14
29 29 49 56 54 44 79 79 75 74 24 38 49 96 88 58 52 77 92 93 96 90 12 0 0 0 0 0 0 0 0 0 0 0 0 33 40 21 2 80 84 48 0 7 11 95 68 10 1 52 19 0 65 71 23 0 0 57 2 31 29 35 3 59 0 1 10 7 4 0 0 7 1 0 0 22 16 9 35 0 0 0 0 15 33 15 0 0 30 8 7 44 61 29 0 0
57 25 10 21 59 72 63 39 11 76 50 71 65 83 36 19 46 60 88 70 25 0 0 0 0 0 0 0 0 0 0 0 0 0 1 17 23 2 0 52 100 42 33 49 2 0 7 27 29 44 56 0 75 26 24 51 0 52 55 3 27 0 20 81 27 32 89 38 22 17 0 6 9 22 0 0 14 13 15 0 0 0 17 35 39 26 6 0 0 0 22 19 84 31 0 0
0 0 0 2 0 78 25 60 1 19 4 21 76 83 0 0 35 13 87 48 0 0 0 0 0 0 0 0 0 0 19 55 59 14 9 45 0 0 0 22 24 4 42 1 3 0 0 23 2 12 20 0 80 86 54 7 0 25 7 24 0 6 25 56 64 0 67 100 35 36 41 54 3 36 71 10 0 1 16 0 13 8 20 22 64 21 21 0 0 0 0 4 34 16 0 0
53 46 56 76 65 64 64 70 79 82 40 52 0 17 78 6 65 43 19 0 0 0 0 0 0 0 0 3 7 35 97 56 73 7 0 5 50 23 10 0 18 6 7 34 17 21 0 8 20 57 6 1 58 55 37 9 14 21 8 33 3 13 10 1 28 0 8 10 3 0 10 22 0 31 36 0 0 9 34 0 49 76 2 7 72 0 0 0 4 14 0 0 27 50 4 1
30 58 51 55 72 93 97 26 16 93 40 46 30 53 48 16 39 27 21 0 0 0 0 0 1 19 0 20 85 84 46 24 6 0 0 10 19 0 19 63 71 2 7 66 22 6 27 85 57 38 20 5 24 60 43 17 39 71 19 14 17 9 5 20 28 0 0 0 0 0 1 27 2 2 0 0 0 0 18 21 33 35 7 6 0 0 22 20 0 15 0 0 5 31 9 53
49 60 33 16 21 77 91 55 13 36 37 38 75 86 77 51 53 12 12 0 0 0 0 4 35 67 53 87 91 25 0 0 28 23 32 0 0 0 55 22 80 30 61 14 28 64 80 25 45 74 23 0 1 13 35 7 86 44 30 35 0 31 30 3 75 28 1 0 0 0 7 41 34 16 0 0 0 0 0 3 6 4 8 20 0 26 1 5 3 0 19 0 6 29 12 5
45 23 17 0 17 49 40 0 11 17 90 80 36 25 84 37 4 0 0 0 0 0 6 79 80 70 82 73 54 61 21 40 33 11 82 15 16 44 54 10 22 9 49 56 37 34 19 10 27 2 0 14 41 27 80 84 45 12 22 20 0 4 30 33 10 45 14 0 0 0 53 65 52 0 12 5 0 0 0 0 0 0 8 0 0 0 0 24 15 0 6 0 13 25 0 0
77 16 25 50 39 58 33 82 48 19 31 3 0 69 26 6 0 20 0 0 11 26 40 97 62 20 0 1 26 26 15 13 0 0 57 96 75 39 46 0 0 0 15 62 46 17 38 50 19 31 0 6 69 10 5 15 17 2 15 12 7 15 11 24 32 33 5 0 0 0 19 56 0 0 19 2 0 0 0 0 0 2 26 34 12 24 14 23 38 0 10 14 8 0 0 15
89 50 29 0 14 61 50 20 0 0 0 22 31 41 0 0 26 37 47 67 59 49 11 48 39 54 0 1 74 52 6 0 0 0 17 78 0 3 57 19 47 11 56 16 43 35 55 45 5 10 28 28 1 1 0 20 24 30 24 16 55 9 13 25 21 21 19 16 51 0 0 0 0 0 0 0 0 0 0 0 0 0 0 14 0 0 0 0 13 4 2 0 27 0 35 3
34 45 17 36 57 78 65 43 0 0 0 46 58 18 0 1 32 68 86 53 72 13 9 84 82 30 4 65 93 14 0 5 0 0 0 62 0 0 14 51 58 47 28 33 2 3 13 43 14 57 35 25 20 26 20 71 29 23 9 2 16 25 26 61 31 76 53 18 77 25 0 0 0 0 0 2 0 0 0 0 0 0 10 16 0 12 4 18 3 0 0 0 15 16 40 34
60 1 2 46 46 88 44 10 0 0 0 4 1 0 0 37 22 0 0 29 25 0 0 12 13 54 36 33 11 20 52 27 0 0 15 66 0 0 0 8 15 59 46 33 20 49 64 19 43 49 15 0 22 14 0 0 9 41 6 0 8 22 20 21 19 32 9 40 20 8 2 0 0 0 0 30 8 0 0 23 20 5 0 10 20 4 11 20 48 21 35 0 1 0 0 0
0 20 49 40 53 8 3 0 0 0 15 39 53 44 10 20 0 2 0 6 1 0 19 78 30 1 0 0 0 29 50 2 0 0 27 12 0 8 33 30 30 14 84 25 16 21 48 20 59 33 9 4 84 64 0 0 9 26 11 1 0 3 12 19 10 50 17 41 24 19 0 20 18 12 0 36 20 0 31 31 7 24 0 9 47 1 0 0 27 18 27 6 73 0 26 26
0 30 78 47 0 0 0 0 1 24 33 60 48 13 49 13 80 62 13 90 86 69 68 0 0 0 0 0 51 2 14 5 1 0 0 0 0 26 91 29 54 21 18 12 16 58 27 0 37 18 30 3 8 62 4 0 16 24 25 0 0 9 2 0 13 9 0 19 25 5 0 6 16 12 0 21 47 16 4 36 25 22 4 0 39 4 0 0 17 40 0 34 55 16 5 1
56 31 17 29 1 0 0 0 25 86 56 0 0 0 12 15 46 42 27 24 40 9 5 6 1 1 0 11 24 42 60 0 4 31 0 0 0 0 51 90 63 46 44 60 42 43 58 36 10 2 36 15 0 0 1 0 0 1 6 60 18 3 34 23 12 0 0 0 24 29 18 0 0 27 2 0 0 0 0 10 5 33 25 8 22 0 24 19 4 0 0 56 49 5 0 6
68 1 0 0 0 0 0 0 24 89 26 0 0 0 25 0 47 55 48 91 20 1 4 29 43 64 36 43 22 69 44 0 0 66 37 0 0 0 0 48 75 45 14 35 54 72 31 28 8 9 22 0 0 0 0 0 0 0 15 84 14 18 41 16 1 4 5 0 13 38 8 1 0 2 0 0 11 37 2 30 11 0 28 1 0 7 21 47 4 0 0 13 44 12 23 0
0 0 24 11 0 0 11 4 55 48 3 0 0 0 9 8 20 24 23 46 13 49 31 39 32 47 73 39 82 64 8 31 7 2 89 3 0 0 41 65 46 43 2 12 32 2 7 7 29 44 3 19 46 31 0 0 0 0 33 20 16 3 29 30 11 40 14 0 23 53 62 24 22 0 0 0 64 60 0 0 0 0 25 18 0 4 0 3 13 0 29 49 0 13 16 0
0 0 13 0 0 0 19 0 0 0 0 0 0 18 2 38 68 9 8 0 21 15 4 30 41 25 51 26 3 35 84 79 2 0 76 2 14 15 13 28 71 37 12 48 50 29 26 3 0 0 18 26 81 8 12 18 44 16 64 26 44 8 35 33 1 25 33 30 68 31 31 70 41 14 0 0 28 20 17 38 34 40 0 0 0 0 7 28 1 21 14 0 0 24 28 34
0 0 0 0 1 50 0 7 0 0 0 0 0 20 15 14 0 12 21 48 50 16 63 31 1 40 19 8 4 19 4 13 0 23 65 29 50 8 0 0 43 9 30 73 32 22 22 16 0 24 21 19 50 67 71 68 76 77 78 73 56 2 47 20 5 33 41 47 49 49 70 59 64 20 13 40 35 0 30 62 41 25 16 1 48 6 41 11 35 43 14 0 0 2 23 63
0 0 4 5 75 39 8 37 0 0 0 0 0 0 65 0 0 25 0 19 0 13 20 16 69 59 62 0 42 11 0 2 4 16 28 11 50 17 26 0 0 0 19 18 13 11 6 26 23 4 25 6 4 15 54 78 66 55 81 76 75 29 31 47 26 27 49 38 56 61 29 43 38 28 36 24 54 46 0 2 14 35 5 0 0 12 57 55 43 36 16 0 0 0 0 0
14 54 76 30 23 7 51 32 0 0 0 0 0 31 1 0 0 0 34 64 13 34 30 18 4 0 14 0 34 17 0 21 16 0 58 24 45 73 44 0 31 21 66 16 6 6 28 18 3 0 1 22 27 56 88 73 70 70 62 63 57 46 30 35 49 15 41 37 54 73 37 25 34 18 39 50 48 20 15 2 0 6 10 59 67 43 55 4 0 0 0 17 28 0 0 0
33 64 90 32 0 0 0 0 0 0 1 52 16 17 1 0 6 49 32 75 52 64 77 76 26 0 0 2 47 0 0 17 50 8 28 77 42 49 45 28 13 35 24 3 22 26 13 14 20 46 36 39 54 51 86 80 86 53 57 26 70 21 42 60 74 74 89 83 58 63 29 48 27 15 57 30 0 36 28 0 1 46 25 38 44 80 52 54 36 0 0 39 52 1 0 0
35 36 32 0 0 0 0 0 0 0 23 39 3 1 20 81 94 73 93 71 26 26 64 28 0 0 0 0 0 0 9 1 56 80 24 59 64 39 36 21 1 22 8 25 32 36 13 0 37 11 0 4 61 86 76 89 100 70 37 19 54 75 60 94 79 72 78 60 58 56 39 37 1 0 48 17 66 48 51 21 1 0 42 83 83 99 66 51 66 29 17 0 0 0 0 0
0 11 4 0 0 0 0 0 13 30 9 17 70 58 89 100 70 21 50 4 23 12 63 27 15 26 29 45 21 10 80 77 81 59 4 41 32 32 75 89 12 0 9 0 14 0 18 16 22 17 36 19 36 44 69 74 77 30 66 82 86 86 86 100 96 84 95 72 52 45 64 38 0 4 42 39 75 74 47 45 68 58 98 37 33 95 74 61 82 89 45 0 34 2 0 0
0 0 0 0 0 0 0 1 81 69 4 39 24 24 35 44 75 17 19 56 48 11 0 0 2 13 28 85 85 88 97 100 67 34 18 81 46 32 24 45 20 1 0 42 31 13 52 38 27 51 52 39 68 43 68 73 77 97 80 91 86 81 100 90 80 83 79 86 50 28 82 24 0 30 40 17 43 40 63 96 68 55 83 73 53 91 95 61 100 84 36 29 5 0 0 6
0 23 0 0 0 0 0 1 62 44 0 22 34 9 54 6 9 12 5 21 0 0 8 9 31 0 0 41 62 72 61 36 54 80 94 56 42 64 39 29 62 26 35 15 5 28 5 11 4 56 42 44 56 55 76 77 33 98 79 60 52 33 98 62 100 100 91 84 40 54 75 7 1 0 12 58 67 68 88 72 52 82 72 49 57 89 70 45 87 22 0 0 0 0 25 78
24 55 3 0 0 0 0 0 60 15 0 34 29 56 51 1 21 50 44 35 15 0 43 34 39 0 0 0 42 3 52 76 74 61 81 87 64 12 59 51 52 27 37 30 21 29 41 18 0 25 17 6 56 76 61 49 38 61 83 68 51 37 73 56 92 84 67 88 61 60 40 13 37 19 17 19 53 95 79 100 68 76 20 53 71 75 22 0 58 40 21 21 20 2 27 39
0 0 0 0 0 0 0 11 62 55 14 13 2 36 35 30 38 22 23 34 50 1 1 25 19 0 0 0 0 0 33 48 54 23 44 23 34 53 35 34 38 22 24 18 0 0 25 43 0 27 8 48 50 43 57 57 68 61 63 39 63 46 34 93 93 64 42 60 43 41 24 0 37 96 96 55 22 46 94 92 32 17 0 18 52 0 0 4 74 83 50 88 52 0 7 18
2 0 0 0 0 0 0 0 0 0 0 0 22 13 31 60 47 18 27 27 9 41 100 100 62 0 0 0 0 0 19 13 21 18 2 0 20 31 62 44 48 16 11 0 20 15 65 31 0 1 49 53 46 31 59 48 88 53 57 57 42 66 69 81 56 77 50 52 30 1 2 0 39 61 67 41 68 38 51 25 1 27 82 45 34 0 3 32 97 27 2 3 19 29 0 0
24 80 6 0 0 0 0 11 34 1 23 23 2 14 5 0 6 11 14 24 85 77 82 52 1 0 0 0 0 12 25 0 11 20 6 42 30 39 35 55 42 47 0 8 12 37 44 33 0 35 36 69 22 56 57 60 59 68 65 39 73 59 35 9 28 11 6 23 8 6 18 41 77 32 56 51 63 35 56 90 30 6 61 77 63 59 37 72 24 1 29 67 32 0 0 0
0 55 29 0 14 29 25 37 27 45 38 14 12 72 1 11 0 8 33 19 0 0 0 0 0 0 0 0 5 91 61 35 0 0 23 1 33 42 6 50 14 40 47 58 59 46 46 39 0 2 4 24 27 45 41 25 43 82 41 48 75 70 66 61 27 2 4 29 0 19 37 36 74 41 46 28 31 55 52 69 66 64 60 88 62 96 50 13 0 18 45 11 39 57 78 52
0 11 8 0 0 0 0 7 7 2 5 0 14 1 45 55 2 0 0 0 0 28 51 0 0 0 0 0 0 36 37 61 15 0 20 6 5 0 16 31 20 68 62 28 96 89 73 25 0 39 28 15 5 7 30 51 51 39 45 66 74 55 79 64 5 36 22 4 0 28 65 48 56 25 37 33 23 53 53 61 87 51 77 69 74 58 35 4 3 58 34 10 100 70 31 13
0 0 27 11 1 72 5 6 10 0 0 0 0 13 75 75 47 52 30 0 6 88 37 0 0 13 16 26 12 0 14 22 11 0 6 21 28 8 7 3 13 11 0 21 43 65 31 2 29 35 58 68 38 3 14 70 31 51 50 48 28 69 62 28 10 16 22 35 21 59 72 31 58 0 38 61 52 87 85 75 90 98 81 82 98 40 3 25 54 100 61 71 89 16 9 16
0 0 0 64 63 79 11 61 10 0 0 0 5 69 75 71 98 64 31 9 36 35 9 27 39 34 0 26 16 35 60 23 28 37 0 0 26 48 5 0 11 13 26 21 31 46 24 0 39 84 55 74 54 51 17 14 26 52 52 60 55 55 31 0 1 51 20 77 59 70 60 21 17 15 45 66 37 76 64 74 79 100 94 66 84 43 19 0 18 85 47 51 28 3 13 77
0 3 0 33 52 6 0 12 6 17 0 8 28 99 99 59 41 60 30 1 54 13 18 44 58 4 0 0 0 22 24 4 11 7 31 0 19 2 0 0 42 12 8 6 63 29 47 20 27 29 26 64 49 65 63 52 78 65 49 42 16 46 9 11 42 40 62 55 49 61 41 0 0 0 26 74 58 66 80 89 61 68 83 98 58 50 15 17 4 1 26 75 49 12 6 43
49 28 0 0 0 7 44 54 36 6 55 11 6 43 34 0 0 6 34 16 39 5 26 61 73 60 23 9 0 0 20 22 8 29 0 5 18 6 28 0 0 27 43 57 0 18 23 15 39 27 41 25 56 59 55 51 73 61 32 32 44 19 5 56 54 63 30 48 6 48 54 9 0 4 7 44 35 27 94 90 19 38 38 19 3 0 0 5 0 18 9 65 22 42 80 59
21 13 0 0 0 77 16 11 5 9 2 6 1 16 0 37 37 32 27 6 20 22 31 30 18 4 44 28 44 0 0 48 8 32 23 0 7 65 91 14 0 0 14 27 16 21 45 53 38 64 11 42 56 29 40 28 35 47 82 60 34 37 28 46 53 13 26 54 32 2 26 1 0 6 17 11 49 62 48 55 22 21 2 0 4 0 10 44 0 0 34 38 29 11 39 82
31 22 14 0 0 42 16 45 1 19 7 16 34 17 23 0 3 28 29 47 10 48 14 56 33 72 30 2 12 0 33 45 48 7 11 27 18 34 17 0 7 40 29 47 30 41 24 43 53 48 59 39 74 28 26 51 39 57 65 13 36 60 54 87 83 45 6 31 35 27 64 56 30 23 0 20 78 58 66 45 6 28 27 68 24 0 7 15 8 9 69 30 39 0 35 80
25 0 2 42 0 2 38 13 4 21 18 8 0 9 37 13 2 39 31 0 15 0 17 13 19 3 10 0 0 0 23 17 64 0 0 0 7 0 0 0 12 3 62 62 79 66 55 15 27 47 78 35 14 41 73 62 37 53 54 16 21 26 68 30 29 33 11 27 23 49 84 57 66 25 32 35 19 42 100 74 26 35 25 8 0 0 0 0 33 81 18 0 0 0 54 83
0 27 41 17 0 0 0 0 0 10 2 0 15 28 7 14 0 28 60 53 30 0 0 22 2 0 0 0 0 0 30 0 40 1 0 5 23 50 0 0 40 52 93 81 60 44 39 57 30 32 33 43 11 70 80 53 64 43 43 52 24 56 68 23 48 14 61 74 36 19 52 58 64 74 26 67 4 72 32 6 45 85 4 0 0 1 14 48 84 58 0 9 8 18 83 21
47 36 25 6 0 0 0 0 0 0 0 10 9 3 0 1 8 52 24 36 69 13 10 27 18 0 1 4 0 0 41 3 21 24 0 12 7 33 14 42 91 86 77 59 7 37 42 35 55 41 53 27 33 41 54 71 47 66 39 34 46 90 100 64 65 38 6 34 42 2 56 69 71 37 56 82 84 88 37 0 4 34 0 6 34 60 84 75 83 49 33 71 29 21 88 62
43 31 4 0 10 0 43 0 0 0 0 7 26 25 8 50 89 14 6 16 62 35 45 4 7 42 67 19 0 0 0 29 40 24 0 21 68 54 22 97 44 38 24 13 33 73 68 46 35 46 75 28 64 42 54 46 43 56 56 8 74 74 95 37 28 4 0 2 37 22 57 68 90 17 27 66 60 53 28 9 0 0 19 63 65 85 63 53 37 24 45 44 3 65 92 78
0 0 0 27 13 0 0 0 0 31 43 10 0 0 34 31 61 23 7 54 56 6 8 10 33 14 2 22 8 0 0 0 2 24 0 5 48 66 17 46 54 33 0 10 56 25 64 68 31 36 29 1 73 23 33 45 63 25 21 42 45 54 64 38 0 0 0 0 29 65 27 59 67 22 82 98 27 46 4 51 6 0 72 81 45 79 42 0 66 3 40 21 0 1 13 99
11 7 20 0 0 16 1 0 0 17 26 0 0 0 30 57 31 5 55 52 67 56 19 39 30 49 90 27 21 0 0 0 0 14 4 46 75 13 3 25 34 32 61 84 3 40 80 61 34 52 52 7 17 44 34 6 23 4 64 56 25 62 45 2 0 0 0 32 32 48 61 28 6 47 85 31 56 97 56 50 24 53 100 98 24 2 0 24 75 15 37 9 0 0 7 90
1 52 3 5 0 0 12 0 0 0 49 34 0 0 0 16 53 0 1 10 0 6 55 6 2 0 2 22 5 27 3 0 0 0 13 31 10 4 1 49 77 41 36 44 32 15 46 17 25 9 47 61 70 62 41 44 2 0 13 40 14 27 17 11 0 0 0 17 53 2 11 48 0 20 5 0 34 49 85 38 21 96 100 97 45 38 0 57 83 12 21 0 0 0 26 65
0 0 0 0 0 0 0 0 3 10 33 40 16 14 0 51 15 0 10 1 0 17 51 12 0 0 0 0 0 30 0 0 16 0 27 20 2 11 16 66 31 32 2 0 46 41 54 65 28 19 63 100 77 97 92 94 56 44 3 19 24 8 19 71 3 1 2 35 25 61 54 0 1 49 52 42 0 29 88 6 0 60 94 55 80 67 20 0 22 58 44 3 0 0 0 16
62 12 0 0 7 36 36 30 16 11 4 42 38 0 0 89 65 0 22 1 0 21 26 37 80 48 3 0 0 0 0 0 19 5 31 42 54 73 74 74 63 51 56 36 0 0 5 44 71 98 74 62 49 82 43 35 35 59 71 58 31 17 36 70 36 58 55 79 60 32 21 0 21 0 3 1 0 1 52 11 0 43 72 29 67 77 5 6 54 51 48 0 0 0 0 0
24 24 2 23 59 2 26 8 22 3 2 19 17 0 7 90 49 0 0 0 0 5 36 22 64 100 56 1 0 0 3 0 9 55 9 25 55 26 44 43 12 0 6 12 39 53 49 19 54 54 49 41 20 39 57 50 49 31 40 4 9 25 33 61 55 39 36 1 15 1 0 0 17 0 0 0 0 10 64 2 0 31 64 43 67 19 0 0 54 75 18 0 0 0 0 0
22 74 41 45 33 0 16 4 30 31 3 0 0 11 47 38 20 25 32 34 9 27 21 61 64 56 53 52 32 8 25 0 0 11 23 0 36 39 27 28 9 45 38 44 39 25 59 82 52 55 45 17 30 51 18 30 13 0 0 0 0 4 53 66 82 48 4 2 0 0 0 0 0 0 6 0 4 60 21 13 40 96 67 28 71 0 0 0 33 16 0 0 0 0 0 0
26 51 27 1 21 18 0 2 18 0 0 13 0 12 55 11 13 22 23 0 3 22 6 35 91 59 95 98 51 13 0 0 11 0 0 0 0 20 6 0 0 60 40 31 5 40 23 74 47 51 60 41 26 36 42 32 58 0 0 4 2 45 98 64 58 1 0 0 0 0 4 1 9 45 63 34 4 27 100 69 77 57 3 0 5 0 0 0 0 0 0 0 5 37 5 0
39 14 11 62 35 34 8 0 0 0 0 21 0 14 47 11 8 5 12 44 76 91 97 100 100 94 100 100 20 17 0 0 17 23 0 0 0 35 3 0 35 47 5 3 36 39 51 58 77 70 68 49 9 27 5 0 46 20 64 43 30 36 23 76 46 0 3 34 39 40 84 77 67 41 49 21 54 54 69 86 56 71 34 4 0 0 0 0 0 0 0 0 53 92 6 0
81 0 2 0 1 22 41 7 5 20 10 21 21 0 18 0 0 40 40 75 75 48 57 71 91 86 65 98 85 67 0 10 18 33 3 21 19 4 0 0 51 65 29 23 62 75 89 45 100 88 44 26 19 16 0 0 30 40 75 12 0 3 58 74 4 12 69 30 53 0 0 44 51 45 60 28 35 26 46 99 66 29 58 50 55 9 0 0 0 0 0 0 6 5 0 0
31 4 10 31 2 1 14 25 47 31 25 60 19 0 9 34 42 91 26 40 68 53 74 75 50 59 55 75 90 53 41 17 0 0 0 0 11 7 0 0 28 81 23 42 66 55 72 62 81 35 35 15 0 0 0 18 84 88 81 22 0 0 12 7 40 28 1 0 5 0 0 7 15 32 25 13 8 9 55 59 87 66 39 2 41 64 0 0 0 0 10 21 0 0 0 0
39 39 2 25 0 0 0 21 10 50 24 4 0 0 31 57 83 58 55 32 16 30 86 97 60 61 74 51 100 99 28 0 0 0 0 32 35 1 0 0 0 26 70 54 42 3 14 13 32 33 1 0 0 0 2 68 89 41 47 49 2 0 0 26 15 0 0 0 0 0 1 0 9 32 67 65 44 44 39 4 6 73 98 36 65 66 7 0 0 3 45 4 0 0 0 11
53 0 0 40 4 0 45 46 36 48 28 3 8 0 33 59 36 10 27 13 23 27 34 33 95 57 49 74 90 98 16 2 0 0 0 4 60 36 0 0 0 0 23 75 37 0 47 21 15 34 0 0 0 0 20 66 18 27 24 53 50 17 0 8 0 0 0 0 11 60 84 62 67 62 58 65 71 83 78 83 21 4 24 69 2 85 22 3 45 80 62 92 91 50 90 53
