data/habitatmaps/RS_maps/habitat_Fringilla.coelebs_2019.asc
NCOLS 369 
NROWS 228 
XLLCORNER 479000 
YLLCORNER 73000 
CELLSIZE 1000 
NODATA_value -9 
[rows 0 to 61 of 228, columns 192 to 287 of 369]
100 100 72 91 100 91 96 43 52 83 95 98 73 71 28 51 25 38 11 98 36 37 7 9 0 28 2 19 59 65 3 60 75 54 -9 -9 -9 -9 -9 -9 -9 -9 -9 -9 -9 -9 -9 -9 -9 -9 -9 -9 -9 -9 -9 -9 -9 -9 -9 -9 -9 -9 -9 -9 -9 -9 -9 -9 -9 -9 -9 -9 -9 -9 -9 -9 -9 -9 -9 -9 -9 -9 -9 -9 -9 -9 -9 -9 -9 -9 -9 -9 -9 -9 -9 -9
100 100 72 21 62 36 69 22 31 45 73 87 4 4 43 38 23 2 48 94 52 29 13 19 5 36 18 40 40 39 26 86 23 83 5 9 10 -9 -9 -9 -9 -9 -9 -9 -9 -9 -9 -9 -9 -9 -9 -9 -9 -9 -9 -9 -9 -9 -9 -9 -9 -9 -9 -9 -9 -9 -9 -9 -9 -9 -9 -9 -9 -9 -9 -9 -9 -9 -9 -9 -9 -9 -9 -9 -9 -9 -9 -9 -9 -9 -9 -9 -9 -9 -9 -9
100 84 2 7 0 0 5 25 40 76 100 73 31 92 91 28 17 0 74 40 5 41 60 28 25 52 8 59 2 17 34 23 14 66 45 45 17 7 -9 -9 -9 -9 -9 -9 -9 -9 -9 -9 -9 -9 -9 -9 -9 -9 -9 -9 -9 -9 -9 -9 -9 -9 -9 -9 -9 -9 -9 -9 -9 -9 -9 -9 -9 -9 -9 -9 -9 -9 -9 -9 -9 -9 -9 -9 -9 -9 -9 -9 -9 -9 -9 -9 -9 -9 -9 -9
65 22 20 26 9 36 11 40 27 73 30 16 21 87 61 63 40 11 50 0 41 7 5 34 15 74 17 20 52 4 6 56 6 4 52 52 28 0 3 0 -9 -9 -9 -9 -9 -9 -9 -9 -9 -9 -9 -9 -9 -9 -9 -9 -9 -9 -9 -9 -9 -9 -9 -9 -9 -9 -9 -9 -9 -9 -9 -9 -9 -9 -9 -9 -9 -9 -9 -9 -9 -9 -9 -9 -9 -9 -9 -9 -9 -9 -9 -9 -9 -9 -9 -9
12 0 0 7 14 12 91 42 2 64 6 1 15 70 24 9 19 14 11 0 33 4 8 65 2 22 63 70 0 0 1 24 49 26 9 29 13 0 0 2 42 -9 -9 -9 -9 -9 -9 -9 -9 -9 -9 -9 -9 -9 -9 -9 -9 -9 -9 -9 -9 -9 -9 -9 -9 -9 -9 -9 -9 -9 -9 -9 -9 -9 -9 -9 -9 -9 -9 -9 -9 -9 -9 -9 -9 -9 -9 -9 -9 -9 -9 -9 -9 -9 -9 -9
1 1 0 31 3 0 46 62 71 27 19 14 88 92 37 0 7 7 17 61 50 47 38 34 25 36 66 15 0 0 0 18 40 7 3 21 36 33 22 41 91 61 -9 -9 -9 -9 -9 -9 -9 -9 -9 -9 -9 -9 -9 -9 -9 -9 -9 -9 -9 -9 -9 -9 -9 -9 -9 -9 -9 -9 -9 -9 -9 -9 -9 -9 -9 -9 -9 -9 -9 -9 -9 -9 -9 -9 -9 -9 -9 -9 -9 -9 -9 -9 -9 -9
47 44 0 56 73 63 34 88 51 12 17 0 95 100 66 62 22 0 0 7 72 24 39 0 0 27 41 64 43 2 1 1 33 11 18 16 15 20 64 41 6 57 23 -9 61 100 95 88 77 84 6 0 0 26 14 -9 -9 -9 -9 -9 -9 -9 -9 -9 -9 -9 -9 -9 -9 -9 -9 -9 -9 -9 -9 -9 -9 -9 -9 -9 -9 -9 -9 -9 -9 -9 -9 -9 -9 -9 -9 -9 -9 -9 -9 -9
52 33 19 55 65 93 0 32 53 55 47 5 72 100 100 98 78 50 12 0 32 65 26 0 0 25 70 88 32 0 32 45 0 4 65 18 60 49 75 10 21 49 57 44 45 72 64 34 86 100 72 1 0 0 0 35 17 0 2 -9 -9 -9 -9 -9 -9 -9 -9 -9 -9 -9 -9 -9 -9 -9 -9 -9 -9 -9 -9 -9 -9 -9 -9 -9 -9 -9 -9 -9 -9 -9 -9 -9 -9 -9 -9 -9
32 43 41 47 44 53 32 54 37 88 69 3 36 97 90 49 52 77 80 38 0 0 0 0 3 0 17 16 0 0 0 0 0 76 90 100 97 83 45 62 63 62 61 57 43 44 25 47 34 62 100 56 5 0 0 0 46 65 52 41 17 17 6 27 36 62 0 44 -9 -9 -9 -9 -9 -9 -9 -9 -9 -9 -9 -9 -9 -9 -9 -9 -9 -9 -9 -9 -9 -9 -9 -9 -9 -9 -9 -9
30 67 44 14 16 37 61 89 39 36 25 29 51 80 58 65 46 84 100 79 51 35 21 7 72 27 3 1 2 20 9 51 11 49 31 35 75 65 93 83 64 23 9 37 86 14 29 60 50 49 63 29 23 35 5 0 7 34 85 80 54 63 69 64 40 98 53 36 17 35 38 38 -9 -9 -9 -9 -9 -9 -9 -9 -9 -9 -9 -9 -9 -9 -9 -9 -9 -9 -9 -9 -9 -9 -9 -9
20 91 48 94 13 79 54 38 0 16 8 25 72 100 83 78 52 81 95 52 49 29 45 24 3 0 14 23 6 51 28 8 74 20 14 35 0 23 83 18 52 50 16 49 81 80 22 13 25 41 61 69 76 70 87 8 0 0 3 42 59 92 69 81 48 78 57 16 0 0 9 24 56 57 -9 -9 -9 -9 -9 -9 -9 -9 -9 -9 -9 -9 -9 -9 -9 -9 -9 -9 -9 -9 -9 -9
1 40 100 81 90 57 31 63 0 13 63 100 88 100 98 83 65 63 71 23 27 29 71 51 32 5 0 19 27 51 10 58 37 29 83 85 70 91 31 6 10 9 28 90 78 20 36 88 60 60 73 66 62 56 64 52 12 2 0 0 16 30 37 0 42 59 42 62 0 0 0 16 77 67 32 78 -9 -9 -9 -9 -9 -9 -9 -9 -9 -9 -9 -9 -9 -9 -9 -9 -9 -9 -9 -9
0 6 46 40 82 16 17 5 0 55 88 100 82 75 88 65 89 75 76 74 34 71 74 70 32 23 18 44 81 91 43 95 70 32 33 18 61 33 29 0 0 0 13 51 74 5 13 53 95 60 37 21 38 42 42 12 37 38 6 0 0 0 0 25 45 20 18 31 0 7 13 41 57 5 12 60 69 99 -9 -9 -9 -9 -9 -9 -9 -9 -9 -9 -9 -9 -9 -9 -9 -9 -9 -9
0 22 11 81 54 72 27 0 49 93 100 88 75 95 66 34 97 64 82 51 61 64 77 64 65 37 32 19 41 72 17 47 74 57 76 77 12 2 12 0 16 12 0 0 6 20 0 9 40 72 27 5 57 67 58 76 96 13 0 0 0 0 0 73 77 84 78 11 44 17 29 2 8 0 48 84 42 37 0 0 -9 -9 -9 -9 -9 -9 -9 -9 -9 -9 -9 -9 -9 -9 -9 -9
33 14 84 33 52 90 8 0 3 27 71 100 99 92 100 80 80 97 72 89 91 89 95 60 64 94 6 19 4 25 18 15 0 0 9 6 2 35 25 0 67 49 21 6 0 0 0 0 3 15 48 60 71 97 99 100 100 79 10 7 0 0 0 23 96 52 59 61 23 57 54 17 51 46 24 27 4 28 0 0 0 20 -9 -9 -9 -9 -9 -9 -9 -9 -9 -9 -9 -9 -9 -9
54 5 47 96 72 20 3 0 0 20 55 100 99 34 97 75 39 99 81 76 32 79 27 35 28 68 62 15 0 0 8 25 0 27 35 37 65 63 38 34 6 3 3 34 19 0 0 0 0 0 2 44 5 37 94 100 98 93 52 24 0 0 0 0 31 75 56 6 69 39 57 26 22 29 7 6 0 42 32 48 64 26 5 29 -9 -9 -9 -9 -9 -9 -9 -9 -9 -9 -9 -9
72 78 49 46 28 7 30 6 46 0 9 48 78 53 89 45 68 100 63 66 71 98 31 8 22 61 96 64 60 59 39 44 42 84 83 43 50 76 57 100 88 75 32 55 4 3 0 0 0 0 20 0 0 7 71 53 31 39 81 46 0 0 0 0 0 24 81 8 15 47 64 22 10 35 46 35 11 25 55 34 28 4 37 6 24 14 -9 -9 -9 -9 -9 -9 -9 -9 -9 -9
97 43 99 13 26 76 2 3 20 0 0 3 15 33 66 79 97 100 54 94 35 36 38 19 0 2 28 93 84 50 80 31 10 73 97 66 43 45 34 99 65 97 91 53 17 57 0 0 0 4 38 8 0 0 2 1 31 33 84 90 0 0 0 0 0 0 2 0 14 48 66 76 17 72 50 15 25 22 43 6 18 36 57 6 34 54 10 -9 -9 -9 -9 -9 -9 -9 -9 -9
71 32 100 8 0 5 0 31 63 0 32 32 1 16 68 71 100 88 66 91 42 10 59 73 56 15 52 60 11 14 98 54 0 71 100 100 96 40 26 45 66 99 58 43 48 13 0 0 0 0 5 10 0 0 0 0 32 93 100 96 25 38 0 0 0 0 0 0 8 38 6 7 15 16 43 29 1 41 20 11 6 1 30 21 38 40 14 27 5 -9 -9 -9 -9 -9 -9 -9
59 67 74 0 0 0 41 67 43 67 82 100 82 99 97 80 80 43 70 100 87 49 31 51 68 52 9 40 6 66 85 6 2 40 75 99 60 49 82 2 21 64 64 43 3 0 1 35 38 37 19 5 20 0 0 0 0 7 54 98 89 76 0 0 0 0 0 0 0 0 0 0 39 59 12 1 42 64 59 0 46 75 45 6 38 56 5 39 10 26 -9 -9 -9 -9 -9 -9
86 61 6 35 0 37 28 68 99 100 100 100 100 100 39 24 33 9 76 65 80 100 25 18 81 26 31 24 59 94 68 10 1 4 46 64 24 40 0 4 63 16 8 11 69 37 49 41 72 54 41 64 50 7 1 12 5 15 37 51 65 82 5 0 0 0 0 0 0 0 0 1 26 4 0 0 0 0 48 64 52 17 19 48 99 48 0 59 43 27 61 -9 -9 -9 -9 -9
9 7 29 2 0 1 12 60 100 100 100 100 95 100 20 17 24 59 0 51 93 99 11 51 33 32 22 7 42 11 45 38 0 15 38 53 6 13 8 23 8 5 31 52 43 81 62 43 81 86 35 62 34 12 16 81 36 14 52 9 0 0 0 0 0 0 0 0 0 0 0 0 0 0 0 0 0 0 0 2 49 12 11 40 100 30 0 73 56 77 75 69 -9 -9 -9 -9
62 28 81 6 22 39 73 55 77 84 100 100 43 89 35 16 29 71 22 30 27 40 32 13 57 40 51 62 0 0 80 69 40 61 16 16 64 0 0 42 40 69 66 42 14 40 48 59 59 64 74 76 54 89 63 40 25 50 100 62 0 2 0 0 0 0 0 0 0 0 0 0 0 0 0 0 0 0 0 0 0 0 0 7 56 53 13 54 51 73 100 100 92 39 -9 -9
5 0 12 79 24 90 87 38 32 45 91 89 36 25 63 54 51 63 33 18 5 55 40 42 62 83 98 59 0 1 79 100 100 96 44 34 49 66 37 72 96 28 0 8 31 6 42 13 36 7 15 21 56 83 100 49 52 52 81 95 60 83 8 51 22 0 0 0 0 0 0 0 0 0 0 0 0 0 0 0 0 0 0 0 1 49 58 90 100 78 62 35 31 25 39 -9
36 7 54 25 88 50 63 18 0 72 73 63 51 28 23 37 38 45 30 45 21 4 28 25 28 39 51 30 23 17 88 70 85 56 90 61 20 37 12 22 39 42 40 39 19 23 5 55 23 10 22 0 21 46 99 94 82 86 21 59 20 57 41 33 24 25 3 0 0 0 0 0 0 0 0 0 0 0 0 0 0 0 0 0 0 34 88 100 85 21 15 29 22 4 2 1
68 32 27 52 69 63 34 28 18 7 97 53 100 73 59 5 48 72 99 12 52 6 46 9 36 10 1 37 28 18 3 12 0 5 4 64 67 89 88 94 8 19 27 49 3 15 30 50 23 32 7 0 0 36 49 38 19 66 53 62 49 32 65 23 11 63 6 5 6 0 0 0 0 0 0 0 0 0 0 0 0 0 0 0 0 21 66 47 27 20 6 73 21 35 25 16
16 26 49 89 66 9 3 13 5 62 51 36 53 64 22 50 94 93 91 29 7 41 43 68 81 24 8 58 81 25 15 12 2 0 0 0 24 59 29 34 37 33 16 59 53 24 71 57 8 12 9 0 13 3 50 4 2 0 20 26 37 9 22 22 21 1 22 0 68 10 0 0 0 0 0 0 0 0 0 0 0 0 0 0 0 0 40 16 0 21 4 0 7 4 5 2
20 38 66 50 39 23 29 94 53 49 5 9 37 18 14 43 50 98 100 74 19 65 26 41 71 13 47 38 25 38 43 68 25 42 0 25 14 9 5 13 27 59 15 31 6 12 61 41 30 54 6 17 40 29 40 25 19 0 24 2 32 53 24 72 42 25 58 9 1 0 36 12 0 0 0 0 0 0 0 0 0 0 0 0 0 0 1 65 47 14 12 55 38 7 14 1
83 77 32 50 28 65 39 71 62 20 12 1 20 69 6 24 51 94 100 37 48 25 52 65 20 51 60 52 13 8 39 21 1 18 16 4 16 28 16 69 78 21 28 80 53 34 26 3 11 23 0 32 12 9 29 35 17 5 21 0 2 34 29 41 24 0 74 66 71 54 11 29 40 1 0 0 0 0 0 0 0 0 0 0 0 0 0 1 16 1 21 40 19 7 30 28
18 3 0 31 10 9 25 19 30 37 63 39 66 51 0 6 32 74 69 58 71 40 54 28 72 46 3 22 27 32 18 20 0 9 19 28 42 70 34 50 20 53 56 9 10 4 30 36 5 0 14 58 20 57 51 48 68 80 31 23 64 14 9 0 0 0 31 29 79 100 63 6 19 5 14 0 0 0 0 0 0 0 0 0 0 0 0 0 0 0 0 0 37 24 81 21
35 20 60 92 20 23 0 56 55 55 61 32 24 20 33 0 6 26 17 48 35 18 1 1 41 15 26 9 40 71 0 0 0 2 4 35 35 29 31 0 0 16 60 25 60 77 37 56 56 34 35 35 4 0 58 32 24 14 11 70 19 6 0 24 14 0 27 10 30 25 0 87 91 59 100 40 0 0 0 0 0 0 0 0 0 0 0 0 0 0 0 0 23 0 0 24
1 31 52 97 53 44 47 57 49 75 78 19 39 43 48 11 41 66 18 4 44 56 5 40 54 5 56 61 12 26 21 0 10 47 24 17 14 53 71 35 31 38 52 99 100 99 46 37 3 11 28 13 40 1 60 72 23 26 29 1 0 7 16 15 20 0 22 7 8 32 4 75 61 36 77 19 0 0 0 0 0 0 0 0 0 0 0 0 0 0 0 0 0 0 0 0
35 61 10 30 35 72 53 5 57 53 7 63 60 36 92 83 30 0 20 17 65 83 63 50 83 14 0 41 20 14 23 54 37 18 25 0 30 82 100 100 82 29 18 54 60 55 62 43 10 0 28 32 26 41 57 30 10 15 11 0 0 26 6 74 30 1 7 42 57 84 43 4 0 16 33 20 0 0 0 0 0 0 0 0 0 0 0 0 0 0 0 0 0 0 0 0
62 64 29 21 47 48 46 1 91 61 16 28 75 24 39 93 62 10 23 10 59 2 14 51 17 18 21 10 8 24 40 30 32 6 40 28 16 64 100 89 47 27 37 30 19 0 14 1 24 0 0 11 21 2 24 2 67 74 58 0 13 0 16 4 5 58 24 25 46 68 41 8 0 0 10 65 0 0 0 0 0 0 0 0 0 0 0 0 0 0 0 0 0 0 0 0
49 91 74 66 100 78 15 13 13 27 81 73 59 63 14 99 100 74 27 51 71 41 11 20 48 26 26 55 94 48 24 7 0 46 17 59 29 34 89 69 69 53 36 27 43 57 26 31 8 14 23 0 0 23 2 0 8 22 47 29 69 11 25 0 15 67 0 16 9 1 25 8 26 5 27 3 7 1 0 0 0 0 0 0 0 0 0 0 0 0 0 0 0 0 0 0
46 68 65 92 59 91 52 7 51 83 66 86 38 55 61 47 44 87 94 41 44 39 22 0 0 3 83 68 35 1 38 20 19 38 7 39 20 3 33 25 79 34 12 56 88 80 25 1 26 26 14 13 54 0 76 54 16 0 5 50 71 24 14 5 16 30 19 52 70 0 11 12 0 0 26 6 5 36 10 2 0 0 0 0 0 0 0 0 0 0 0 0 0 0 0 0
59 95 74 23 35 40 24 0 56 27 68 76 86 19 64 81 55 18 84 36 25 78 76 5 54 67 73 4 15 21 44 39 15 17 10 55 2 23 25 58 41 78 5 22 7 3 15 0 7 40 15 27 15 5 28 26 34 19 17 24 43 84 59 1 43 22 6 17 1 0 0 19 2 0 0 0 0 7 91 57 0 0 0 0 0 0 0 0 0 0 0 0 0 0 0 0
98 58 97 52 58 17 44 15 58 0 19 91 70 3 59 69 32 99 34 60 47 24 64 30 93 100 100 75 91 34 55 27 73 42 57 57 66 66 42 34 15 50 5 0 5 33 59 45 28 48 51 68 48 32 34 4 28 0 61 52 18 18 47 25 19 35 0 0 0 0 0 0 0 3 14 0 16 61 68 19 12 0 0 0 0 0 0 0 0 0 0 0 0 0 0 0
99 92 100 77 50 15 23 12 26 36 40 14 66 50 59 71 42 85 83 80 40 88 66 94 98 99 99 100 75 30 28 38 32 42 47 15 68 12 38 55 23 12 41 47 12 35 50 14 44 45 33 42 42 45 32 5 25 24 39 31 2 20 60 11 50 44 18 41 27 20 38 7 18 16 6 27 45 20 1 36 10 34 0 0 0 0 0 0 21 34 0 0 0 0 0 0
27 53 71 70 13 38 18 2 50 18 27 31 62 68 44 40 46 46 50 52 75 36 34 77 32 62 80 83 17 57 82 59 30 37 76 68 68 27 54 77 44 2 24 51 28 32 22 0 39 36 7 12 49 10 32 33 0 7 3 0 0 5 17 11 86 51 29 7 20 1 34 9 2 0 0 16 41 27 10 17 39 50 8 0 0 0 0 2 42 52 20 0 0 0 0 1
13 18 36 0 35 33 0 25 87 17 0 30 20 82 60 18 23 27 44 54 14 61 63 91 83 72 100 88 51 100 98 31 33 44 67 76 26 21 55 65 2 37 0 8 12 37 83 29 17 49 21 0 26 19 33 25 33 30 55 4 5 21 38 30 58 53 23 0 0 0 2 41 50 15 0 0 18 37 30 5 31 57 72 4 32 46 50 62 3 1 29 0 1 0 6 11
44 33 56 43 24 86 7 43 42 35 46 2 2 49 53 34 90 56 66 33 19 47 95 82 68 100 100 74 87 77 87 50 17 8 30 19 37 48 22 32 40 63 16 31 0 32 75 14 30 92 50 32 30 24 56 59 8 23 18 3 31 46 28 26 30 0 0 22 52 48 23 27 24 39 2 19 15 56 50 1 19 51 80 75 78 29 18 80 28 41 73 59 42 50 80 72
87 84 95 66 43 61 21 11 25 75 41 33 0 39 66 33 48 35 64 46 2 23 41 80 73 100 100 97 73 27 32 52 64 51 33 57 61 73 82 100 68 25 40 41 58 49 59 25 28 100 100 76 69 35 49 13 0 23 26 87 24 27 10 39 12 0 3 21 44 65 99 84 44 7 38 87 75 23 23 64 38 17 36 34 51 65 64 63 22 49 89 92 50 88 54 27
24 54 63 83 50 48 60 49 16 36 4 38 0 0 32 62 49 21 32 36 29 15 65 69 56 90 100 100 75 32 59 69 51 76 56 80 82 45 30 44 46 55 6 35 4 40 50 51 33 56 79 48 41 40 28 41 42 36 30 19 1 31 36 16 42 16 18 31 18 0 37 35 66 40 37 83 99 23 60 78 53 61 81 54 48 28 47 39 56 8 20 48 67 75 79 42
62 15 25 56 18 19 54 51 87 59 35 37 0 0 45 75 5 42 46 67 46 49 43 43 53 87 91 57 69 80 76 56 21 85 45 87 57 91 24 95 58 55 80 27 4 34 76 29 64 50 60 26 0 8 36 34 37 55 40 27 40 29 44 13 4 53 33 36 39 3 49 50 54 51 87 76 100 62 54 40 42 43 50 31 32 13 76 46 30 63 60 36 46 29 82 66
9 11 0 7 33 0 31 47 36 83 67 23 21 3 93 93 50 42 93 87 43 48 22 54 82 14 39 53 58 80 55 53 36 64 78 85 58 66 15 61 71 46 48 40 1 14 31 38 50 50 23 32 37 16 36 62 68 70 40 67 6 26 16 1 1 18 6 33 39 54 68 14 52 49 89 83 87 87 29 54 38 19 36 41 65 43 38 50 59 40 53 44 26 45 37 44
67 75 39 14 75 22 62 43 0 0 3 4 44 43 75 95 100 50 32 64 64 42 79 66 54 12 22 80 55 21 59 73 76 62 41 78 54 59 68 75 27 61 56 79 52 26 45 88 86 34 56 40 4 0 7 78 78 30 36 14 4 18 39 3 17 29 15 43 35 36 74 51 86 98 50 67 44 14 42 41 54 44 43 61 32 53 36 26 75 27 10 65 96 44 43 22
60 67 79 91 64 64 96 25 41 56 33 82 90 82 80 45 57 75 41 68 54 37 92 82 67 26 43 53 49 33 17 83 16 21 77 80 93 59 87 63 41 25 34 36 73 50 52 15 16 42 16 23 74 37 26 30 62 7 0 34 59 29 3 6 53 83 71 54 28 46 18 65 85 93 54 66 33 43 45 47 58 59 40 37 13 19 40 36 47 54 31 46 53 64 93 35
16 90 95 65 77 84 67 100 86 100 78 34 58 22 16 84 67 73 77 36 91 88 52 84 29 26 47 46 38 31 56 44 0 83 48 43 62 50 83 79 57 54 52 81 72 6 46 36 6 71 21 80 25 53 89 69 41 37 13 77 93 41 42 11 22 57 29 31 4 34 65 96 50 73 78 55 58 53 84 50 65 92 19 9 34 44 47 64 67 55 72 96 99 62 90 37
17 30 41 22 67 94 96 100 100 46 100 81 55 95 100 44 71 74 44 69 9 90 58 34 38 77 30 24 25 97 47 30 44 37 35 38 78 62 78 74 63 34 58 91 82 38 23 45 19 27 33 46 21 36 56 33 38 56 50 35 50 28 39 20 62 24 30 69 36 46 38 61 55 49 29 43 57 29 18 10 36 41 17 38 82 32 75 78 68 46 88 47 38 14 12 60
98 39 47 26 42 38 16 51 100 79 82 95 68 100 69 71 27 80 49 1 20 63 45 68 52 21 38 39 28 66 48 77 50 27 46 64 61 80 63 67 47 41 46 48 62 51 37 5 14 20 47 22 54 30 44 34 66 45 70 64 12 3 30 55 33 47 40 51 66 28 36 40 31 46 65 96 40 27 38 39 47 36 59 76 51 34 17 42 39 65 14 0 0 0 0 58
78 75 66 52 93 62 79 77 11 8 45 78 88 98 78 55 25 83 75 26 31 47 91 46 51 36 7 38 47 53 44 26 71 18 45 68 69 62 52 57 52 55 69 88 96 26 17 44 19 19 42 37 7 44 69 39 16 39 28 78 6 7 18 37 61 43 56 68 19 22 22 25 24 55 15 46 1 21 39 38 48 69 58 69 87 31 51 92 39 0 0 0 0 0 0 4
92 95 54 98 94 100 81 76 57 67 14 19 81 83 66 68 97 30 0 18 97 51 30 30 35 56 66 47 26 7 7 2 76 75 48 20 73 86 62 79 96 95 56 58 41 28 17 27 6 13 28 8 22 48 24 40 47 20 58 70 46 42 31 39 43 16 35 58 50 34 50 4 27 33 33 51 36 48 58 45 60 73 36 57 65 20 31 42 54 0 0 0 10 0 0 14
44 95 56 46 35 80 77 89 95 41 6 0 28 97 86 86 100 95 70 47 12 9 34 20 74 31 28 58 23 33 62 51 22 26 5 45 62 77 36 66 97 80 63 56 43 5 31 39 4 21 29 15 16 23 51 37 41 48 37 55 51 63 66 55 45 4 21 39 73 58 8 42 26 27 35 23 26 25 42 25 52 23 21 22 47 38 42 0 0 0 0 1 69 1 38 91
30 80 32 4 68 67 85 100 67 72 51 0 39 96 100 100 83 94 69 58 2 7 67 28 18 52 87 55 47 51 100 67 26 57 61 73 46 56 83 56 41 59 51 97 88 89 52 34 44 47 11 46 46 40 40 21 41 59 42 30 44 65 72 42 30 37 43 42 41 10 0 11 5 5 28 26 12 34 17 4 15 30 66 97 100 98 24 0 0 0 0 0 22 47 21 37
23 6 65 51 94 60 58 100 65 88 49 32 19 51 96 100 95 79 64 52 39 0 8 60 81 96 13 4 0 0 27 32 39 61 63 53 40 73 64 64 70 62 46 70 100 81 51 76 68 42 31 5 27 44 23 24 51 38 44 60 89 68 42 44 29 23 19 15 33 13 22 60 64 43 50 35 18 16 26 5 45 81 82 100 88 51 24 0 0 0 4 3 70 59 89 76
43 56 76 6 5 48 38 75 94 100 51 81 33 0 57 100 100 67 21 43 34 43 5 0 70 92 84 51 1 12 2 0 7 7 18 66 62 51 48 85 65 62 56 68 70 100 60 58 92 55 14 21 6 28 6 34 62 46 17 57 97 69 20 25 19 7 24 35 12 28 30 47 39 7 0 3 7 22 55 16 18 13 7 60 90 100 39 21 0 0 4 62 42 100 63 88
16 64 48 53 16 66 32 52 68 86 66 66 70 0 24 100 100 85 70 63 64 16 59 3 4 31 48 26 70 50 17 0 19 40 64 51 20 13 26 50 46 66 72 98 82 91 72 85 60 40 42 16 41 43 38 36 46 55 36 65 78 32 31 17 40 25 47 60 34 34 16 12 3 31 16 21 40 58 86 36 9 5 46 46 59 100 99 79 52 32 74 34 48 64 60 92
25 43 40 56 16 31 13 67 84 66 63 35 86 19 0 89 73 100 100 59 62 89 47 13 0 22 1 30 25 7 25 65 76 86 23 34 22 17 53 28 29 33 57 98 100 76 95 64 36 60 57 39 53 63 47 58 41 41 24 25 24 3 0 9 34 51 36 19 40 18 40 53 10 47 58 30 19 21 60 18 15 23 29 13 63 83 59 55 76 47 37 5 44 7 32 76
39 25 92 39 9 27 21 60 57 71 76 90 75 60 0 58 90 97 31 26 21 60 24 34 5 4 28 1 15 37 38 92 66 7 24 53 18 36 59 18 40 46 92 82 100 100 68 81 50 70 40 16 54 51 76 84 47 51 64 10 31 33 36 3 30 15 58 24 45 68 58 46 56 52 32 61 46 57 55 46 42 4 12 25 71 38 79 64 54 44 12 30 17 33 13 13
34 59 33 57 54 10 54 35 37 60 83 100 62 88 0 21 87 64 63 43 74 70 41 19 25 25 62 20 20 48 53 65 24 0 23 94 66 2 42 30 16 5 68 90 92 98 72 87 59 55 42 42 61 86 66 23 20 11 43 54 19 34 5 35 58 67 51 27 30 39 32 70 58 47 44 55 66 69 49 15 18 19 20 32 44 0 81 76 29 18 45 60 0 4 13 14
24 19 31 56 38 80 50 54 38 35 61 91 72 100 29 0 51 40 3 0 46 80 69 68 43 45 23 0 35 74 13 11 49 39 53 57 47 33 70 31 6 15 39 31 74 85 42 58 69 85 82 65 39 72 75 25 36 31 45 27 16 41 44 47 91 75 78 52 33 38 40 45 41 57 66 82 86 73 40 45 0 36 12 21 7 46 67 78 36 67 37 46 0 0 27 61
