data/habitatmaps/RS_maps/habitat_Linaria.cannabina_2020.asc
NCOLS 369 
NROWS 228 
XLLCORNER 479000 
YLLCORNER 73000 
CELLSIZE 1000 
NODATA_value -9 
[rows 122 to 182 of 228, columns 192 to 287 of 369]
26 48 93 94 29 0 11 100 100 100 100 93 94 73 92 100 100 100 100 48 54 18 11 58 100 88 26 24 100 95 0 0 84 100 44 71 83 1 30 95 58 96 94 55 34 21 8 0 7 85 33 1 32 44 59 74 66 83 80 100 100 100 87 47 0 8 51 24 0 37 45 80 100 71 78 0 1 79 100 86 72 9 0 35 23 3 58 100 100 55 0 5 80 56 0 0
100 97 100 94 24 0 21 100 100 100 100 62 82 100 100 100 100 100 92 84 56 2 63 98 78 99 74 72 36 1 0 0 23 51 22 22 1 86 87 89 28 36 4 28 67 64 81 22 37 28 0 20 13 80 35 58 37 99 100 100 100 100 84 79 39 18 39 20 43 86 40 70 100 25 33 7 51 100 89 99 86 4 0 36 1 0 31 99 100 79 24 0 50 91 77 0
58 17 96 100 91 68 69 100 51 72 100 100 92 100 100 100 88 100 52 19 26 42 100 49 20 100 100 100 48 12 0 0 0 2 8 36 61 100 97 34 0 13 73 100 95 55 38 79 91 15 13 9 36 33 3 26 61 100 100 92 94 98 74 85 12 72 22 61 91 93 27 100 76 19 26 50 100 100 63 93 81 18 0 44 3 0 27 96 100 100 39 23 38 100 78 37
69 66 52 95 100 100 100 37 3 0 33 37 81 78 88 92 42 90 5 32 30 87 100 56 9 96 100 100 82 67 45 0 35 71 92 100 99 38 6 0 31 27 47 55 44 3 23 66 32 20 53 98 100 8 69 86 71 100 100 90 87 79 91 55 57 43 47 18 100 95 92 100 68 53 4 54 100 73 24 56 79 31 0 38 16 2 23 66 100 92 48 30 70 30 41 87
79 60 100 100 100 57 40 0 1 0 0 0 57 95 100 50 4 16 0 1 55 100 100 50 9 65 81 99 100 100 72 1 62 100 100 100 72 11 61 33 9 13 88 10 32 0 50 99 78 47 98 100 100 32 93 100 100 100 100 100 100 84 49 38 43 34 0 45 100 100 100 99 67 23 53 97 100 83 50 58 59 36 0 53 50 0 34 41 31 34 35 42 16 0 33 86
2 0 60 71 86 49 4 0 31 1 0 0 22 45 22 71 39 0 0 74 100 100 100 93 11 3 4 77 100 100 97 70 100 100 73 8 22 47 33 0 12 42 100 78 44 4 51 99 73 99 100 100 100 88 100 100 100 100 100 100 100 77 46 70 14 0 0 20 100 100 100 91 67 3 69 100 100 100 100 100 76 32 0 7 30 26 3 18 61 69 22 50 0 24 65 94
88 0 0 0 10 3 0 0 73 94 28 0 0 28 82 85 33 0 17 86 65 79 100 63 0 0 0 100 100 100 81 75 100 68 47 47 50 10 0 84 81 60 86 100 52 0 5 70 23 58 52 78 100 100 100 100 100 96 88 52 52 53 22 16 14 21 0 37 86 100 100 76 71 13 94 62 76 99 93 41 4 0 5 35 0 0 0 4 71 46 14 44 18 39 100 24
96 13 0 0 0 0 0 0 49 100 100 27 0 13 72 91 45 0 47 56 0 66 100 54 0 58 58 59 100 94 90 63 74 74 24 96 43 11 27 32 100 97 100 100 56 31 13 95 84 32 90 100 98 100 100 100 97 64 64 27 14 31 0 0 51 91 11 43 100 100 84 63 42 43 100 64 60 71 12 26 14 0 35 2 54 61 52 28 4 43 61 54 63 0 33 0
55 0 0 0 0 0 0 0 6 78 100 94 50 72 94 97 45 0 81 76 9 15 61 100 21 65 94 88 81 74 65 33 80 30 53 45 35 76 11 33 78 25 78 100 100 51 2 46 100 67 54 69 86 100 78 73 25 69 56 25 0 0 0 19 96 100 79 97 100 100 93 11 82 67 46 100 71 30 60 40 47 0 3 8 41 49 24 0 0 27 17 26 66 61 44 1
21 0 0 0 11 30 0 9 0 40 97 100 100 99 21 24 11 8 75 89 49 52 60 100 100 100 100 99 89 80 18 39 44 2 31 64 79 61 64 55 93 71 77 57 60 96 42 30 100 98 93 100 100 100 67 11 40 74 22 20 63 0 2 39 42 91 100 73 100 87 72 55 100 99 86 73 53 100 100 100 97 30 0 36 98 88 15 26 14 57 12 6 31 58 44 0
0 0 0 0 40 100 79 74 54 57 100 100 94 100 100 44 51 83 100 100 78 96 78 94 100 99 63 65 55 78 62 5 53 27 73 30 59 58 100 86 88 4 0 40 75 100 69 43 99 33 22 94 100 100 92 92 42 12 56 78 89 2 0 5 65 88 45 94 100 57 48 89 100 100 98 14 36 100 100 87 41 99 21 13 52 100 87 95 40 0 0 0 16 0 0 0
0 0 0 0 7 84 99 87 73 93 78 74 58 100 90 100 100 100 100 100 100 100 100 100 100 87 91 92 98 100 100 91 100 99 100 95 59 37 99 100 99 59 70 86 86 89 100 85 98 66 65 100 100 100 100 50 19 18 81 82 85 49 0 31 100 97 39 98 100 66 94 57 52 78 50 46 74 100 100 96 86 100 99 27 3 78 100 98 85 18 18 32 5 0 13 21
0 0 0 0 0 3 52 100 60 54 73 66 44 29 40 99 98 60 97 100 100 100 100 100 100 100 100 100 100 100 100 100 100 100 100 100 41 15 57 76 63 24 7 74 22 3 7 33 99 97 58 89 100 100 65 2 68 97 69 44 89 60 0 84 100 100 89 100 100 100 100 12 2 26 39 100 100 100 86 73 90 100 57 0 4 76 100 100 100 100 18 14 61 48 74 87
0 0 0 0 0 0 71 76 81 40 10 0 2 58 100 97 68 45 100 100 100 100 98 100 94 64 82 68 92 91 68 100 93 87 100 94 55 90 55 16 0 0 0 3 2 0 0 4 96 100 100 100 100 100 43 34 96 37 8 40 88 93 52 54 100 82 90 100 100 100 95 10 37 100 100 100 100 100 82 53 63 75 24 19 96 100 53 93 48 59 26 5 88 57 57 63
0 0 0 0 0 0 41 7 0 0 2 94 96 100 100 67 82 100 100 100 100 100 43 88 93 94 52 100 100 95 61 70 32 87 100 100 40 71 12 0 0 0 8 13 6 6 9 48 100 92 60 100 100 100 94 93 75 1 43 99 100 73 56 44 100 31 53 100 100 100 83 29 42 89 100 100 87 66 15 3 3 96 31 21 100 100 50 67 79 98 38 9 27 63 42 32
0 0 0 0 0 0 0 7 84 67 100 100 100 100 100 83 99 100 80 93 100 100 94 99 100 100 87 82 79 99 98 29 25 94 100 100 96 100 31 0 0 1 82 94 88 64 72 100 95 39 15 94 100 100 100 100 2 41 96 100 100 89 58 52 100 99 80 100 100 100 100 89 31 50 56 43 90 55 81 27 4 57 0 48 100 59 0 80 100 61 21 50 98 25 17 3
0 0 0 0 0 0 31 91 100 100 100 100 100 100 100 100 85 48 0 5 64 100 100 49 100 87 100 60 67 100 51 29 56 100 100 100 100 100 100 57 24 3 90 100 42 3 26 100 97 16 0 28 100 100 100 95 65 100 100 91 56 10 43 100 100 100 100 100 100 100 97 16 0 0 19 97 87 85 93 1 0 18 10 77 91 100 32 100 100 39 13 75 17 10 10 20
0 0 0 0 0 11 51 92 100 100 100 100 99 76 100 100 57 10 1 55 83 100 93 47 90 91 98 31 71 64 26 58 100 100 100 79 100 100 100 100 99 29 88 100 89 59 93 100 100 75 7 1 71 98 50 21 65 100 100 32 16 60 54 94 100 94 63 95 100 70 20 0 0 54 50 100 100 100 93 13 6 10 13 46 54 86 47 96 100 100 94 54 21 63 72 22
10 20 4 0 56 82 100 100 100 100 100 93 28 50 94 55 98 69 7 57 100 100 100 98 29 19 61 13 76 40 88 100 100 100 85 24 71 65 31 95 63 90 100 100 73 69 100 96 64 96 54 5 20 70 0 29 87 100 55 60 99 100 100 100 100 100 90 55 82 66 62 59 6 11 66 78 41 71 88 73 6 0 29 97 100 81 71 100 100 100 100 78 32 1 2 47
54 18 32 5 93 100 100 100 100 100 100 36 64 88 94 8 23 35 0 3 74 97 55 36 33 23 35 0 30 44 100 100 59 91 33 0 64 8 14 100 100 100 83 30 75 100 66 33 93 90 9 86 73 62 71 88 67 61 86 100 76 100 100 100 100 49 0 64 64 71 100 100 48 34 45 29 58 2 0 66 10 0 1 77 91 85 38 49 93 100 100 51 11 70 11 4
68 64 80 90 100 85 99 100 100 100 98 46 94 100 100 79 13 22 4 0 66 62 60 100 74 99 41 71 41 37 79 91 14 99 30 0 42 8 94 100 89 88 32 0 21 46 12 20 100 36 0 76 100 100 92 59 74 100 99 78 37 95 100 94 59 16 62 64 100 94 100 100 83 55 24 8 0 12 0 12 13 17 46 84 73 10 11 65 100 100 100 12 71 100 55 11
100 100 100 100 100 57 81 100 100 100 48 36 64 21 58 15 43 50 87 46 77 100 100 100 60 100 92 85 97 100 99 93 75 100 51 0 39 80 100 60 0 46 28 16 14 59 69 71 100 25 20 98 74 63 100 70 100 49 53 56 100 100 100 60 40 92 100 100 83 76 82 59 60 62 9 14 60 88 53 99 79 5 2 81 100 83 99 100 100 100 96 80 52 100 32 38
100 88 67 62 43 100 100 100 75 100 70 16 0 0 0 38 79 99 73 96 88 76 95 100 100 99 87 38 36 52 99 94 100 100 95 79 92 100 100 81 43 49 25 0 80 85 100 24 73 41 37 100 47 31 78 78 97 26 3 95 74 87 100 93 100 100 100 79 35 19 42 18 34 8 71 83 76 97 89 51 91 25 41 92 74 80 100 100 100 97 100 98 12 52 92 21
100 97 61 0 4 71 77 75 33 63 33 0 0 0 6 100 100 100 88 67 48 18 90 98 74 60 88 100 100 100 62 22 100 90 67 89 100 100 100 60 49 71 81 40 36 32 98 72 29 0 26 100 41 0 70 100 73 8 0 10 0 89 100 100 84 81 100 92 60 85 88 92 92 51 80 40 10 100 79 47 99 20 81 12 0 24 49 96 84 70 97 63 0 43 95 9
82 100 100 67 51 22 0 6 0 5 38 42 27 48 68 60 97 81 67 15 39 40 100 44 6 49 91 100 100 100 100 100 100 84 22 65 89 100 67 15 30 0 0 0 2 87 100 100 64 0 52 100 14 3 83 98 73 3 7 39 66 100 100 100 38 60 67 63 95 46 100 100 100 100 64 0 29 38 21 52 87 4 39 90 60 53 38 100 66 100 70 0 53 99 59 42
81 77 100 95 89 38 0 0 0 1 81 100 100 100 85 74 15 35 45 20 44 36 48 39 36 31 94 84 98 72 48 46 100 100 94 67 53 36 26 46 20 29 12 0 33 3 26 56 100 80 10 56 48 0 5 68 66 1 26 100 100 86 98 100 100 84 96 100 100 100 100 100 100 100 100 73 0 0 0 0 84 30 26 54 97 100 87 60 59 78 13 35 97 97 16 5
62 74 100 100 72 0 26 0 0 29 98 98 67 33 17 3 7 19 17 42 98 37 14 0 21 29 82 25 53 96 98 37 38 66 49 47 71 68 89 88 97 34 0 0 16 20 20 64 100 87 2 14 2 0 0 0 0 0 30 96 68 82 100 100 100 88 48 74 100 89 30 22 37 78 100 23 0 0 0 17 95 100 98 64 5 38 51 100 82 66 4 46 100 100 85 79
100 100 100 67 100 77 7 0 11 71 93 41 28 37 92 51 100 100 100 97 55 7 0 0 0 0 4 4 31 36 89 88 95 91 100 100 80 83 49 94 100 99 45 1 12 1 5 72 95 100 18 0 0 52 76 100 87 85 95 95 91 100 100 100 69 9 71 78 95 71 0 0 2 18 100 26 52 13 59 97 100 99 75 98 34 43 100 48 30 10 69 86 83 89 100 46
43 11 15 0 34 7 0 0 90 70 25 27 66 100 100 75 68 100 87 54 89 54 85 69 50 9 13 0 0 1 6 45 53 37 29 77 86 100 93 95 81 72 100 72 7 0 0 6 42 100 48 0 0 3 1 43 91 100 89 47 5 51 100 100 54 92 97 55 100 66 0 38 85 97 100 63 94 35 64 100 100 56 79 100 55 37 95 77 39 4 0 0 0 61 87 62
95 22 0 0 0 1 4 19 54 86 41 85 98 100 100 67 84 100 99 96 100 100 100 92 100 71 87 44 0 0 10 23 14 43 32 55 13 89 100 100 51 31 43 21 0 0 0 46 47 34 97 51 2 0 0 0 0 10 1 3 73 100 100 100 100 90 32 62 100 54 0 30 49 62 75 47 71 87 48 100 67 0 51 81 77 31 47 94 100 52 20 21 0 48 43 82
100 54 21 18 47 91 98 90 100 100 91 58 33 97 95 76 76 100 78 26 41 86 64 38 31 27 86 70 21 47 53 28 0 16 17 18 74 41 81 100 100 31 5 0 0 0 19 52 4 47 100 100 95 14 0 0 0 11 1 20 89 96 100 98 100 38 0 61 100 43 0 1 45 76 78 67 95 100 89 60 2 8 62 58 89 95 50 43 66 100 100 67 5 12 20 26
100 100 88 95 100 100 100 82 100 61 8 0 14 4 32 72 23 16 54 63 98 18 97 100 71 20 93 85 80 14 13 56 25 0 56 48 77 4 80 86 85 40 3 0 0 0 43 63 0 43 77 61 98 78 73 19 0 43 97 2 2 78 100 63 83 91 12 32 70 21 0 30 64 53 54 86 100 100 14 0 16 56 100 43 100 100 82 100 74 93 100 89 37 13 23 26
92 54 28 74 95 100 100 100 31 1 24 60 72 3 41 88 84 74 22 68 75 51 22 74 100 99 92 55 91 68 14 1 18 39 40 0 57 0 56 88 86 77 12 0 0 0 25 92 20 11 39 15 37 57 91 54 0 65 100 50 66 72 100 28 50 100 77 58 0 0 18 63 92 34 64 99 71 67 56 0 67 100 92 45 100 100 98 78 100 100 100 100 99 100 97 90
18 28 21 2 15 79 100 73 0 0 16 95 100 37 3 13 55 90 83 23 33 68 1 1 70 79 46 80 99 87 18 17 28 38 29 0 7 18 25 78 100 44 0 0 0 0 0 11 73 12 67 14 34 93 47 0 3 94 86 16 78 100 97 0 1 82 66 4 57 32 100 95 86 71 71 58 62 40 34 2 68 92 82 66 100 100 97 57 79 91 95 100 100 100 100 100
38 20 0 22 96 93 100 15 4 51 93 100 100 61 9 94 85 37 34 68 100 84 14 33 50 83 26 68 96 41 3 85 45 48 0 0 0 0 13 12 99 82 14 0 0 0 0 0 39 87 61 41 52 90 63 0 54 100 96 54 78 82 100 31 78 66 100 28 42 98 98 81 10 4 5 34 12 51 99 60 28 92 51 92 94 100 94 35 21 52 98 100 66 100 100 100
100 100 51 63 98 45 90 16 68 100 84 100 98 39 16 97 97 100 49 100 97 19 0 2 56 67 0 0 17 64 73 82 55 71 9 0 0 0 52 5 27 92 9 0 0 11 39 0 4 21 29 31 17 9 60 25 37 100 97 80 78 70 83 33 29 26 47 66 79 14 82 76 89 94 0 21 31 33 75 78 68 100 51 76 68 100 100 100 45 75 100 100 70 39 96 66
92 91 99 100 100 86 91 13 0 33 31 67 80 95 45 100 74 25 98 100 97 50 42 0 89 61 31 8 0 0 0 23 25 87 13 2 0 0 0 25 13 20 54 2 0 0 15 29 35 13 7 0 0 3 26 98 54 100 66 25 54 35 80 53 55 36 31 53 86 86 45 58 71 89 57 23 81 85 67 21 9 73 78 70 26 99 100 100 82 53 100 100 81 4 57 37
42 40 39 99 100 54 62 3 0 0 15 27 15 47 74 31 82 28 30 34 67 84 8 5 67 100 100 91 33 25 77 96 97 42 24 12 0 0 0 28 25 34 43 31 0 11 0 11 2 0 0 0 0 37 69 79 60 94 47 22 80 32 46 37 78 25 25 31 46 100 47 62 98 81 14 27 44 23 48 87 65 48 100 99 7 41 100 100 83 50 100 100 60 4 19 21
29 62 98 100 100 99 67 0 0 19 66 3 0 0 37 32 75 93 16 36 1 9 2 71 56 86 32 67 46 7 94 97 19 0 2 0 30 0 0 1 3 40 0 4 0 11 0 0 0 0 11 26 29 21 90 42 26 85 11 0 84 96 88 35 57 2 0 0 45 99 21 65 99 98 41 25 31 12 14 69 98 35 64 94 27 0 94 100 100 32 99 98 4 17 49 82
29 94 100 100 98 100 58 0 0 89 92 72 0 0 76 100 20 90 60 42 1 0 0 8 53 16 3 52 26 35 6 38 82 45 48 43 10 0 0 0 0 34 0 0 0 0 0 0 0 23 34 97 89 97 87 17 70 58 0 5 54 96 74 45 26 0 0 0 45 99 4 0 58 98 55 48 29 23 78 80 63 7 5 64 7 16 100 100 100 75 43 42 4 54 100 100
26 8 75 100 48 99 63 28 26 89 10 66 0 0 21 97 38 58 71 90 20 0 0 0 0 0 44 56 52 100 89 79 65 99 79 86 30 16 0 0 0 0 2 7 0 0 0 0 0 16 40 48 13 34 67 67 100 70 4 45 47 11 2 37 63 14 0 0 14 100 20 56 54 63 86 20 8 46 72 38 9 0 9 9 0 35 66 63 21 83 68 7 48 32 7 80
85 66 100 90 54 44 100 59 70 50 17 91 10 0 37 100 99 43 63 33 22 0 0 8 40 0 45 77 35 100 79 33 19 60 76 65 50 52 0 0 0 0 3 26 0 10 38 49 0 0 7 12 47 3 4 66 99 47 0 38 97 57 0 62 7 0 0 0 46 89 0 23 83 29 47 23 45 56 73 79 100 17 0 7 28 11 0 19 0 3 2 7 26 40 47 100
100 100 100 95 45 43 98 33 26 75 86 80 32 0 0 58 70 81 99 97 52 10 0 0 47 54 72 48 41 37 53 53 27 0 62 40 80 59 0 7 0 0 0 12 9 0 2 60 9 51 40 8 4 5 52 93 95 21 2 6 59 44 41 62 0 0 1 0 46 98 31 2 7 56 80 41 23 38 32 36 74 46 37 81 96 49 3 59 82 60 92 94 89 100 74 62
66 16 30 18 51 20 68 34 64 66 81 100 30 0 0 4 47 36 90 9 21 15 0 0 71 100 73 57 100 100 85 61 22 0 23 87 17 43 79 1 0 0 0 0 0 0 0 10 67 100 74 91 47 63 79 66 95 35 25 16 32 82 55 48 0 0 18 64 23 48 71 20 54 28 24 31 20 34 30 39 74 81 58 35 36 97 70 64 50 46 37 21 0 21 0 0
61 0 12 79 26 21 69 51 21 94 79 28 17 67 84 26 28 28 29 43 33 0 22 47 81 68 6 35 87 100 63 25 0 0 52 88 52 48 29 81 20 0 0 0 0 0 0 6 10 56 59 67 36 26 9 20 59 36 22 23 60 98 72 6 0 0 0 19 2 3 44 31 77 2 0 0 6 14 45 80 60 50 25 54 34 87 16 18 5 0 0 0 30 34 59 36
94 41 51 91 48 14 45 0 57 13 60 50 67 10 87 65 20 0 10 0 0 6 15 24 77 17 61 66 100 35 0 0 38 23 86 29 42 93 44 16 0 0 0 0 0 0 0 0 0 65 78 47 78 28 21 97 77 31 3 25 70 68 75 60 14 10 0 0 0 51 36 49 96 31 4 0 33 0 2 11 0 1 0 4 38 33 0 0 3 20 33 30 14 2 2 10
78 90 74 9 24 0 77 19 0 47 38 39 49 70 39 81 34 0 0 0 0 2 23 12 67 43 79 38 38 32 21 24 0 34 0 0 0 73 81 2 0 0 31 17 0 0 0 0 0 10 8 0 44 60 24 100 26 0 11 29 64 93 100 54 10 33 0 9 83 51 56 48 44 34 63 10 0 0 29 0 0 0 0 0 0 0 0 0 11 16 4 0 15 3 30 100
51 40 16 0 0 0 44 46 84 100 100 57 34 1 41 79 45 0 0 0 0 11 15 60 4 56 15 79 86 51 49 63 7 15 0 13 40 87 70 90 26 11 67 1 0 0 0 0 0 0 0 0 53 49 6 87 34 12 21 9 61 86 54 4 33 19 0 0 20 36 40 7 60 31 32 2 0 0 20 0 0 0 3 0 0 0 0 0 0 0 3 32 76 44 32 72
81 2 0 25 33 87 85 64 100 33 3 0 0 0 2 67 1 0 0 0 19 49 63 80 22 12 11 8 19 41 43 53 15 29 0 15 77 52 100 57 74 97 19 0 0 0 0 0 0 0 0 0 4 95 23 47 60 26 12 34 86 83 16 1 44 0 0 1 0 29 70 81 90 16 0 0 0 0 32 18 22 2 21 0 0 0 8 37 28 26 49 1 39 91 77 21
8 2 1 71 98 100 100 100 93 16 0 10 0 22 1 2 0 0 0 0 0 4 46 83 45 88 30 0 0 0 43 34 0 37 0 0 81 100 100 38 57 78 71 44 27 0 0 0 0 0 0 4 76 67 55 84 6 0 43 64 100 41 0 40 18 0 0 38 56 100 82 100 30 3 0 0 0 0 21 1 3 0 0 4 58 37 35 38 23 7 2 14 2 3 13 0
23 12 34 60 51 82 75 97 17 39 33 6 0 2 1 0 0 0 0 0 0 0 15 65 5 88 82 79 21 6 0 0 0 5 0 43 99 82 69 63 66 82 77 28 0 0 0 0 0 0 0 38 45 46 100 54 0 20 38 39 65 0 22 35 0 8 43 67 100 76 92 97 58 26 57 10 0 13 0 0 1 7 0 53 42 46 35 3 0 39 54 61 13 0 0 0
13 14 64 31 41 60 53 85 61 5 17 0 0 0 2 0 0 0 0 0 0 0 0 22 9 9 8 87 100 65 6 0 0 0 22 100 66 4 72 10 16 96 15 0 0 0 0 0 0 0 0 4 73 83 80 57 0 48 1 29 65 12 0 0 4 86 85 89 100 69 100 92 57 34 45 28 12 53 0 0 2 86 41 42 28 77 64 69 63 52 0 0 0 27 66 31
4 43 58 62 94 85 96 44 0 0 1 1 0 2 73 68 65 43 1 0 0 0 0 0 0 0 51 74 44 96 87 14 0 0 48 93 66 8 62 0 61 44 50 40 0 0 0 0 0 0 0 0 47 96 84 0 0 1 0 34 45 31 0 0 26 100 55 97 40 100 90 81 36 15 17 0 0 0 10 0 20 70 63 93 77 100 66 44 35 8 3 29 19 100 100 59
11 80 72 74 97 54 9 1 0 11 61 57 43 59 76 93 100 64 0 0 0 0 0 0 0 0 17 8 0 85 100 76 0 0 12 91 46 0 0 0 96 97 76 27 0 0 0 0 0 0 0 0 3 67 74 0 0 0 13 13 6 1 21 0 24 70 74 56 47 78 33 1 35 31 0 29 1 0 47 0 2 28 61 55 51 100 81 41 26 0 14 61 54 99 49 28
0 4 100 100 68 4 12 0 5 22 86 60 35 55 44 85 100 71 54 70 48 2 0 0 0 47 33 0 0 16 54 57 53 0 0 1 19 0 0 0 5 75 74 38 8 0 0 0 0 0 0 0 0 11 6 0 0 0 42 16 0 48 0 0 0 0 17 85 95 48 14 93 19 62 12 52 5 0 1 0 0 0 26 39 56 98 31 23 35 25 48 61 95 73 23 92
5 29 99 100 86 72 52 67 70 71 53 61 82 82 99 100 87 34 87 100 100 100 30 0 0 0 27 84 0 0 4 35 78 47 5 0 0 0 0 0 0 0 31 77 96 10 0 0 0 0 0 0 0 0 0 0 0 25 4 0 7 63 0 15 75 47 2 69 100 10 40 67 33 82 79 16 0 0 0 0 0 0 18 28 32 63 27 58 81 34 15 19 100 59 0 22
28 30 100 100 100 100 59 51 93 96 100 100 63 48 87 74 82 76 51 58 89 76 6 0 0 0 2 21 8 38 46 48 100 100 78 36 34 0 0 5 69 46 20 59 100 53 56 28 11 0 0 0 0 0 0 0 0 0 0 0 8 52 11 0 4 81 99 68 95 28 15 44 96 34 17 39 55 20 0 2 0 0 0 0 20 59 2 47 26 56 1 0 0 86 15 44
12 0 54 68 33 95 24 65 13 53 83 28 0 0 0 0 9 38 20 6 8 18 41 53 24 0 0 0 3 29 19 2 85 100 100 100 86 2 0 28 100 87 96 100 46 69 63 61 12 4 0 0 0 0 0 0 0 0 0 0 0 0 0 0 0 71 13 42 29 85 99 98 92 100 48 96 38 58 24 14 1 -9 0 0 27 68 0 43 63 45 16 76 11 5 16 95
0 49 100 51 14 81 50 100 37 72 66 52 39 25 4 0 6 13 0 0 0 0 45 95 3 0 0 0 0 0 2 83 62 76 78 6 1 0 0 0 36 83 67 93 94 59 90 64 0 0 0 0 0 0 0 0 0 0 0 0 0 0 0 0 0 77 49 33 51 100 60 22 34 63 72 48 21 49 17 0 63 -9 -9 0 0 44 29 2 41 79 68 100 53 27 19 16
1 76 100 35 14 63 61 56 71 72 99 80 68 67 89 88 21 34 4 0 0 0 19 75 16 0 0 0 0 0 0 42 19 80 100 78 0 0 0 0 0 10 24 76 100 93 57 7 0 0 0 0 0 0 0 0 0 0 0 0 0 0 0 32 83 93 33 81 100 89 100 92 25 83 81 53 97 98 60 40 -9 -9 -9 -9 -9 38 50 31 51 61 76 69 70 64 93 61
69 27 29 6 17 13 39 86 92 83 12 0 28 29 100 100 38 6 22 0 0 31 32 8 2 0 0 0 0 0 0 0 0 53 56 23 0 0 0 0 0 23 42 66 91 32 0 0 0 0 0 0 0 0 0 0 0 0 0 0 0 0 0 17 88 68 87 96 70 77 100 84 16 81 54 41 27 22 0 0 -9 -9 -9 -9 -9 -9 0 0 0 7 47 70 18 1 63 60
