data/habitatmaps/RS_maps/habitat_Regulus.regulus_2003.asc
NCOLS 369 
NROWS 228 
XLLCORNER 479000 
YLLCORNER 73000 
CELLSIZE 1000 
NODATA_value -9 
[rows 126 to 188 of 228, columns 0 to 95 of 369]
-9 -9 -9 -9 -9 -9 -9 -9 -9 -9 -9 -9 -9 -9 -9 -9 -9 38 74 79 100 100 83 19 4 64 0 5 50 78 60 77 89 66 61 55 30 49 39 15 0 21 84 60 94 72 82 10 54 19 26 1 0 0 0 0 0 23 50 39 0 63 18 16 46 19 18 1 28 71 8 0 40 41 24 0 12 44 20 1 25 45 66 0 0 0 0 5 25 15 0 24 0 2 9 12
-9 -9 -9 -9 -9 -9 -9 -9 -9 -9 -9 -9 -9 -9 -9 -9 48 97 88 99 93 46 4 23 30 0 62 88 76 54 91 100 79 52 67 56 42 40 4 16 32 41 74 77 84 17 19 13 56 8 9 0 0 0 0 0 0 54 39 8 24 62 4 6 41 51 21 32 0 10 44 22 1 47 86 6 22 18 44 9 44 8 12 0 21 4 0 0 0 3 0 2 0 43 67 26
-9 -9 -9 -9 -9 -9 -9 -9 -9 -9 -9 -9 -9 -9 -9 39 100 100 98 80 54 47 82 88 8 15 100 68 72 99 100 62 32 52 88 64 84 81 76 98 90 90 70 79 63 19 73 42 7 11 0 0 0 0 0 6 35 35 10 56 36 47 3 18 17 56 35 15 0 2 54 15 22 58 19 0 7 0 2 27 3 0 0 0 9 2 36 0 6 22 32 22 35 7 23 28
-9 -9 -9 -9 -9 -9 -9 -9 -9 -9 -9 -9 -9 13 48 50 98 99 71 76 82 31 54 31 69 91 86 99 91 70 89 68 80 96 72 89 98 100 89 24 19 70 72 88 78 41 48 12 0 8 0 0 0 0 0 38 42 70 40 47 0 0 27 29 0 47 37 5 41 25 24 3 35 21 29 0 20 4 0 0 0 0 0 2 38 0 41 18 31 31 76 83 27 27 22 0
-9 -9 -9 -9 -9 -9 -9 -9 -9 -9 -9 -9 6 58 49 100 100 70 70 34 3 8 30 64 92 94 40 41 69 80 68 76 98 90 65 67 95 68 48 18 30 35 58 61 58 0 0 0 0 43 17 5 0 0 1 70 19 16 36 71 0 8 58 0 7 51 31 10 61 23 66 47 13 10 13 4 33 25 5 1 0 0 3 28 5 0 16 37 58 97 100 61 0 0 1 0
-9 -9 -9 -9 -9 -9 -9 -9 -9 -9 -9 18 23 43 82 84 49 38 0 0 4 37 97 82 74 76 66 68 96 80 96 84 57 68 24 8 77 82 80 46 39 43 49 85 64 0 0 0 0 4 24 0 0 0 0 31 3 40 54 16 9 78 4 0 81 28 0 14 24 13 51 3 0 12 28 0 23 37 1 20 0 0 25 0 7 29 3 14 44 30 19 0 0 0 0 0
-9 -9 -9 -9 -9 -9 -9 -9 -9 -9 37 27 0 14 0 0 0 9 37 60 91 52 96 44 51 77 95 84 100 90 73 42 55 20 10 3 40 80 12 56 72 52 79 10 46 4 0 0 0 0 0 0 0 0 40 49 0 0 50 7 14 37 0 35 31 2 0 7 30 13 19 0 29 64 17 2 20 41 0 0 0 0 10 24 17 29 50 63 70 10 21 4 15 0 2 0
-9 -9 -9 -9 -9 -9 -9 -9 -9 -9 0 0 0 0 1 23 12 36 67 99 84 49 84 67 92 78 100 100 97 72 43 20 10 16 4 35 86 94 59 50 41 89 19 54 21 0 0 6 4 0 0 0 0 0 4 12 0 0 0 0 1 11 1 20 49 21 0 14 55 73 13 17 15 13 34 49 40 0 0 0 2 0 0 29 1 24 56 77 33 24 41 18 3 25 30 4
-9 -9 -9 -9 -9 -9 -9 -9 -9 0 0 0 0 26 27 26 4 70 100 100 97 83 59 87 80 98 100 100 100 53 39 22 6 0 48 94 75 79 80 90 80 32 0 56 52 0 13 18 2 0 0 0 0 0 0 17 7 23 0 0 0 22 38 34 30 5 10 61 44 27 26 29 5 51 14 61 8 10 0 0 27 0 9 2 0 9 36 68 94 33 3 3 0 1 20 0
-9 -9 -9 -9 -9 -9 -9 -9 31 0 0 0 0 39 76 77 69 96 100 100 94 68 88 94 95 100 100 100 100 50 36 7 3 63 46 36 78 80 92 89 57 2 12 19 12 20 1 0 0 0 0 0 25 6 0 17 0 0 0 11 35 0 7 49 22 2 18 65 8 32 8 16 50 0 7 1 37 20 2 0 1 0 0 0 0 0 0 48 56 2 20 0 0 5 25 18
-9 -9 -9 -9 -9 -9 -9 -9 0 0 0 0 0 31 96 100 100 100 99 100 94 54 81 100 91 100 100 86 58 32 2 4 58 99 52 39 39 36 82 96 99 43 36 0 0 0 0 0 0 0 0 0 36 0 0 0 0 0 0 26 49 25 0 17 16 7 9 49 45 53 5 0 38 0 6 21 24 4 51 18 4 0 0 4 7 25 0 0 2 0 0 0 3 23 2 12
-9 -9 -9 -9 -9 -9 -9 -9 12 20 6 0 26 95 100 100 100 100 64 99 65 66 100 96 76 100 100 26 6 0 2 38 74 87 47 74 75 100 100 88 39 14 0 0 0 0 0 6 0 0 16 21 1 0 58 18 20 0 0 28 16 0 0 48 40 64 64 4 34 15 0 5 9 0 0 25 65 42 54 36 22 6 3 33 0 0 0 0 0 0 0 0 16 14 0 4
-9 -9 -9 -9 -9 -9 -9 -9 86 28 12 57 100 100 100 100 90 61 50 96 67 99 100 100 100 100 40 0 0 3 40 82 100 99 78 63 91 100 100 30 3 0 0 30 17 0 0 23 12 15 18 3 0 5 27 33 60 10 28 56 36 18 11 62 96 98 23 1 11 11 0 24 12 32 1 22 16 39 26 7 17 36 29 11 6 7 0 0 0 0 0 0 58 81 7 23
-9 -9 -9 -9 -9 -9 -9 48 53 28 90 100 100 100 100 69 51 36 14 42 96 100 100 100 100 99 28 0 28 55 87 70 89 43 18 38 94 100 79 4 9 24 48 94 35 0 0 0 0 5 21 0 0 0 0 0 0 0 19 11 26 1 1 33 71 72 43 1 13 0 9 79 9 6 12 1 0 2 25 1 2 32 35 2 67 54 24 28 42 16 0 7 34 70 17 32
-9 -9 -9 -9 -9 -9 -9 36 57 71 100 100 100 100 100 93 85 75 9 35 100 100 100 100 74 32 1 45 99 100 77 86 50 20 10 94 74 100 60 0 0 53 31 2 92 43 0 1 0 8 28 9 0 0 0 17 0 0 7 17 16 43 51 80 100 100 14 15 27 0 0 77 16 20 62 11 6 30 57 12 21 6 0 61 96 90 46 81 45 20 9 12 2 2 1 48
-9 -9 -9 -9 -9 -9 -9 1 17 93 100 100 99 72 85 100 87 17 33 98 100 100 100 100 66 42 19 98 40 38 50 53 93 64 26 68 100 93 15 3 52 49 0 0 52 10 6 25 3 0 44 18 0 0 31 5 12 0 0 12 96 93 87 100 100 99 51 35 40 0 0 27 14 0 13 15 16 7 0 0 0 0 3 93 85 74 92 100 79 57 27 9 0 2 47 84
-9 -9 -9 -9 -9 -9 -9 29 87 98 87 92 20 20 92 84 31 17 88 100 100 100 100 68 40 0 66 76 58 25 28 66 81 83 100 100 96 28 0 24 96 48 0 0 0 0 0 8 23 14 41 1 4 73 84 59 28 0 7 61 54 63 92 91 92 78 30 26 23 14 0 5 0 0 18 0 0 0 0 0 0 0 6 59 41 98 100 100 71 40 56 41 34 49 58 75
-9 -9 -9 -9 -9 -9 -9 98 100 100 85 28 0 75 56 19 55 91 100 100 99 100 96 36 10 28 98 84 84 40 75 99 80 94 100 88 29 0 0 10 86 95 95 35 0 0 0 0 4 3 44 21 0 3 62 27 0 0 3 3 56 57 74 35 85 100 100 57 31 38 1 0 0 4 20 27 4 15 8 1 0 0 50 80 52 100 100 100 61 47 62 47 16 18 7 61
-9 -9 -9 -9 -9 -9 -9 99 100 100 99 33 11 46 37 35 68 100 100 100 76 93 96 29 49 52 100 68 49 50 87 100 100 100 95 75 10 0 0 0 0 34 69 36 20 0 0 0 0 0 3 78 65 0 11 15 17 0 0 0 24 53 11 17 33 26 32 37 14 70 72 10 28 20 43 60 46 11 23 0 0 13 55 41 87 100 56 50 47 61 20 65 17 5 9 81
-9 -9 -9 -9 -9 -9 -9 100 100 100 59 0 24 30 14 45 100 100 100 100 100 84 19 82 34 60 100 68 29 82 55 92 100 100 58 29 0 0 31 60 45 55 54 0 0 0 1 12 0 0 7 40 43 0 0 0 0 0 0 0 13 14 6 52 11 11 31 0 0 1 11 39 33 20 3 5 1 6 23 6 0 0 52 36 27 62 46 37 0 0 30 9 16 0 0 59
-9 -9 -9 -9 -9 -9 -9 100 99 82 17 31 10 7 27 95 100 100 100 87 47 12 50 52 83 100 63 23 91 95 100 100 91 64 4 0 0 2 2 96 100 97 71 5 0 0 8 6 0 0 3 0 28 5 0 0 0 0 0 0 0 1 48 37 18 14 0 0 0 0 2 56 54 0 23 31 25 22 60 2 0 3 39 55 62 71 46 16 0 20 12 48 50 19 14 52
-9 -9 -9 -9 -9 -9 100 100 56 0 43 24 0 19 68 100 100 100 99 16 1 58 56 98 100 88 76 76 100 100 100 100 96 82 22 10 0 12 47 99 67 33 28 4 0 5 20 24 0 0 14 14 3 10 0 0 0 0 0 0 0 0 74 47 26 51 0 0 1 0 16 45 0 3 0 32 12 2 3 0 0 7 65 55 58 63 56 9 23 65 84 67 38 25 56 29
-9 -9 -9 -9 -9 70 94 37 0 1 4 0 1 27 97 100 100 100 79 2 36 72 93 99 72 56 82 85 100 100 69 41 94 18 3 23 0 24 65 41 14 1 0 0 0 0 0 27 2 0 0 0 26 1 0 0 0 0 0 0 0 0 30 10 0 34 0 11 37 16 10 4 33 55 1 0 0 0 10 0 0 41 62 55 67 97 67 42 18 72 81 38 29 31 53 41
-9 -9 -9 -9 -9 81 16 0 0 24 98 36 0 0 76 100 92 61 4 26 69 100 94 53 94 56 82 91 100 99 18 0 36 23 11 14 47 50 54 6 11 0 0 0 0 0 0 1 0 0 0 0 21 0 0 0 0 0 0 0 0 0 2 0 0 14 0 34 58 12 0 0 21 64 11 0 0 22 47 23 11 6 75 28 48 54 51 7 0 17 64 10 20 34 16 54
-9 -9 -9 -9 -9 8 0 0 0 68 100 62 18 0 13 76 17 1 2 86 87 100 85 96 62 62 82 100 100 73 4 0 65 36 0 0 37 73 0 12 35 0 0 0 0 0 1 0 0 0 0 0 0 0 0 0 0 0 0 0 0 0 0 0 12 3 0 0 17 52 0 0 34 49 53 7 6 67 6 75 64 82 72 85 48 56 15 0 0 13 56 37 19 22 1 3
-9 -9 -9 -9 -9 1 0 1 6 62 51 63 7 56 44 0 12 0 38 84 78 100 93 58 32 92 88 100 69 2 0 42 72 43 0 0 3 23 8 3 12 0 0 9 29 14 22 4 0 0 0 0 0 0 0 0 0 0 0 0 0 0 0 0 0 0 0 0 0 11 21 16 28 64 70 32 28 47 39 47 73 75 87 85 87 37 15 24 36 37 17 32 71 58 33 0
-9 -9 -9 -9 0 3 34 36 19 70 44 15 63 88 24 20 2 2 67 22 72 64 67 66 83 79 77 70 2 0 16 79 94 26 0 8 29 32 25 0 0 0 0 0 0 0 0 0 0 0 0 0 0 0 0 0 0 0 0 0 0 0 0 0 0 0 0 0 2 14 12 18 15 18 81 34 0 25 40 51 93 66 41 88 35 8 0 0 37 56 22 76 52 43 21 0
-9 -9 -9 -9 0 8 3 0 1 4 7 26 77 84 71 10 3 42 44 58 97 73 98 74 88 50 9 69 5 11 0 36 80 11 0 1 5 2 0 0 0 0 0 0 0 0 0 0 0 0 0 0 0 0 0 0 0 0 0 0 0 0 0 0 0 0 0 0 0 0 0 0 46 15 5 0 27 29 6 46 56 50 74 46 81 0 21 25 31 21 82 38 54 66 68 30
-9 -9 -9 -9 0 0 5 6 0 28 46 46 55 34 54 0 8 36 64 81 52 50 74 67 86 96 89 31 28 46 6 19 14 0 0 0 0 0 0 0 0 0 0 0 0 0 0 0 0 0 0 0 0 0 0 0 0 0 0 0 0 0 0 0 0 0 0 0 0 0 0 0 0 0 0 4 12 0 0 24 54 28 55 60 85 31 0 30 44 64 85 28 71 14 30 75
-9 -9 -9 -9 6 42 52 66 24 90 90 97 84 94 6 30 60 84 36 67 88 72 62 46 39 51 20 2 47 51 0 0 0 0 0 0 0 0 0 0 0 0 0 0 0 0 0 0 0 0 0 0 0 0 0 0 0 0 0 0 0 0 0 0 0 0 0 0 0 0 0 0 0 0 0 0 0 0 0 11 66 77 33 61 99 44 12 43 86 31 79 86 64 44 52 7
-9 -9 -9 -9 49 90 59 51 33 84 79 83 100 75 74 98 52 44 73 71 70 74 50 6 18 32 0 0 13 1 0 0 0 0 0 0 0 0 0 0 0 0 0 0 0 0 0 0 0 0 0 0 0 0 0 0 0 0 0 0 0 0 0 0 0 0 0 0 0 0 0 0 0 0 0 0 0 0 0 0 38 58 32 68 69 20 18 95 97 26 9 30 59 66 62 37
-9 -9 -9 78 74 100 98 71 98 61 78 100 86 64 96 96 44 60 81 84 84 88 92 33 0 0 0 0 0 0 0 10 5 0 0 0 0 0 0 0 0 0 0 0 0 0 0 0 0 0 0 0 0 0 0 0 0 0 0 0 0 0 0 0 0 0 0 0 0 0 0 0 0 0 0 0 0 0 0 0 32 71 85 93 70 8 11 73 96 49 22 0 15 81 55 28
-9 -9 -9 100 100 91 30 61 61 58 72 64 69 94 99 62 84 66 5 58 92 96 54 22 0 0 0 0 0 0 0 3 17 0 0 0 0 0 0 0 0 0 0 0 0 0 0 0 0 0 0 0 0 0 0 0 0 0 0 0 0 0 0 0 0 0 0 0 0 0 0 0 0 0 0 0 0 0 0 0 1 47 91 86 91 2 0 17 56 57 47 7 42 22 10 27
-9 -9 -9 100 66 30 48 48 91 77 46 93 96 80 69 73 16 43 72 100 98 75 52 52 0 0 0 0 0 0 0 0 0 0 0 0 0 0 0 0 0 0 0 0 0 0 0 0 0 0 0 0 0 0 0 0 0 0 0 0 0 0 0 0 0 0 0 0 0 0 0 0 0 0 0 0 0 0 0 0 0 19 75 96 96 70 43 2 9 72 34 25 35 65 2 22
-9 -9 -9 19 64 30 18 54 89 24 72 88 64 21 48 35 26 95 100 100 70 49 26 8 0 0 0 0 0 0 0 0 0 0 0 0 0 0 0 0 0 0 0 0 0 0 0 0 0 0 0 0 0 0 0 0 0 0 0 0 0 0 0 0 0 0 0 0 0 0 0 0 0 0 0 0 0 0 0 0 0 15 100 81 100 100 53 23 29 61 58 60 95 46 54 18
-9 -9 -9 -9 27 12 25 31 52 54 66 39 33 31 54 97 93 100 88 86 65 34 0 0 0 0 0 0 0 0 0 0 0 0 0 0 0 0 0 0 0 0 0 0 0 0 0 0 0 0 0 0 0 0 0 0 0 0 0 0 0 0 0 2 14 26 16 0 0 0 0 0 0 0 0 0 0 0 0 0 0 14 92 94 100 96 26 17 50 68 45 56 71 10 16 28
-9 -9 -9 -9 16 27 39 33 81 77 35 13 0 64 100 100 100 100 91 52 57 18 0 0 0 0 0 0 0 0 0 0 0 0 0 0 0 0 0 0 0 0 0 0 0 0 0 0 0 0 0 0 0 0 0 0 0 0 0 19 35 2 0 20 7 67 19 2 21 1 0 0 0 0 0 0 0 0 0 0 0 0 43 100 89 39 33 37 68 31 19 72 7 0 0 12
-9 -9 -9 -9 32 34 68 15 5 14 30 19 72 97 100 100 100 99 22 1 5 0 0 0 0 0 0 6 0 0 0 0 0 0 0 0 0 0 0 0 0 0 0 0 0 0 0 0 0 0 0 0 0 0 0 0 13 21 0 34 31 14 57 37 47 48 87 95 100 48 63 28 11 5 0 0 0 20 49 40 50 0 53 100 98 87 29 13 2 0 18 9 36 20 3 27
-9 -9 -9 -9 0 29 17 21 50 24 33 84 100 100 100 100 100 33 0 0 0 0 0 0 0 1 6 0 0 0 0 0 0 0 0 0 0 0 0 0 0 0 0 0 0 0 0 0 0 0 0 0 0 0 0 9 42 0 0 0 6 81 46 90 69 65 40 62 67 95 77 38 44 33 14 0 0 26 61 6 9 0 65 100 65 18 0 0 0 1 30 74 21 28 45 0
-9 -9 -9 -9 -9 13 22 76 22 65 88 24 96 100 100 86 46 67 12 0 0 0 0 16 38 0 0 0 0 0 0 0 0 0 0 0 0 0 0 0 0 0 0 0 0 0 0 0 0 0 0 0 0 0 0 7 13 0 0 0 2 19 0 54 65 68 33 18 33 39 2 36 52 86 83 42 16 0 39 3 0 42 98 79 82 44 3 0 0 40 81 28 44 40 64 20
-9 -9 -9 -9 -9 -9 56 24 57 100 29 38 100 66 92 72 23 30 31 4 0 0 0 29 12 0 0 0 0 0 0 0 0 0 0 0 0 0 0 0 0 0 0 0 0 0 0 0 0 0 0 0 0 0 0 7 0 0 0 16 3 1 3 42 71 99 26 7 70 40 43 24 30 20 49 50 5 0 51 27 0 41 88 56 87 66 32 2 63 43 52 35 100 65 22 64
-9 -9 -9 -9 -9 -9 62 66 96 84 11 93 100 49 8 3 0 0 20 2 0 0 2 16 0 0 0 0 0 0 0 0 0 0 0 0 0 0 0 0 0 0 0 0 0 0 0 0 2 8 0 0 0 15 0 0 0 3 60 64 79 75 87 52 84 20 0 0 26 42 2 0 0 0 30 46 89 50 28 4 0 13 38 94 72 80 86 54 6 24 64 74 28 35 61 56
-9 -9 -9 -9 -9 -9 55 80 94 8 43 100 100 33 12 0 0 0 0 0 0 4 0 0 0 0 0 0 0 0 0 0 0 0 0 0 0 0 0 0 0 0 0 0 0 0 0 0 30 9 17 51 35 25 -9 -9 -9 46 30 12 80 93 28 66 87 45 0 0 0 1 0 0 8 24 57 32 36 46 13 2 0 7 39 48 93 95 19 4 1 64 94 38 41 79 91 100
-9 -9 -9 -9 55 61 52 78 15 0 45 95 89 1 0 0 0 0 0 0 5 58 0 0 0 0 0 0 0 0 0 0 0 0 0 0 0 0 0 0 0 7 3 2 0 0 0 3 20 32 45 90 -9 -9 -9 -9 -9 72 64 33 34 66 43 52 28 39 0 0 0 0 0 0 2 0 21 21 16 6 6 20 25 15 30 18 54 59 5 0 21 83 77 54 33 40 60 52
-9 -9 50 46 29 34 70 40 0 1 67 99 34 0 0 0 0 0 0 0 36 40 0 0 0 0 0 0 0 0 0 0 0 0 0 0 0 28 35 45 17 66 82 23 13 6 0 0 18 56 -9 -9 -9 -9 -9 -9 -9 -9 99 83 41 28 0 74 61 53 26 44 19 0 0 4 11 33 40 49 42 32 10 0 0 33 0 0 19 9 49 64 83 72 97 28 5 3 0 5
-9 44 51 36 10 38 79 10 0 37 100 75 0 0 0 0 0 0 0 0 54 33 0 0 0 0 0 0 0 0 0 0 0 0 2 13 0 12 11 45 92 100 45 5 22 0 0 0 14 -9 -9 -9 -9 -9 -9 -9 -9 -9 62 46 91 65 0 69 77 83 86 27 5 68 42 14 3 14 32 53 36 10 28 4 0 25 0 0 18 75 100 51 90 95 60 67 31 0 6 67
50 54 45 15 25 83 41 0 1 81 99 13 0 0 0 0 0 0 8 74 86 2 0 0 0 0 0 0 0 0 0 0 0 0 0 11 0 0 4 39 100 64 20 0 0 -9 -9 -9 -9 -9 -9 -9 -9 -9 -9 -9 -9 -9 0 14 100 67 13 76 73 85 26 0 4 50 97 54 10 26 26 84 80 40 32 0 0 1 0 0 20 59 78 87 70 42 24 26 29 23 70 71
53 52 89 22 89 75 36 6 42 64 17 0 0 0 0 0 0 0 6 78 40 0 0 0 0 0 0 0 0 0 0 0 0 0 0 0 9 25 70 98 50 8 0 0 0 -9 -9 -9 -9 -9 -9 -9 -9 -9 -9 -9 -9 -9 34 65 80 14 65 62 70 42 41 44 24 56 48 67 73 52 1 35 78 68 48 10 0 0 0 0 23 9 26 100 59 43 48 44 47 60 75 39
56 5 57 70 78 100 68 1 32 8 73 5 0 0 0 0 0 0 0 8 38 14 0 0 0 0 0 0 0 0 0 0 0 0 0 0 24 53 36 59 69 51 0 0 4 -9 -9 -9 -9 -9 -9 -9 -9 -9 -9 -9 -9 -9 -9 74 66 63 74 49 11 72 54 33 65 37 53 11 69 74 36 26 41 98 75 0 0 0 0 0 53 6 33 60 25 89 93 40 61 60 17 28
30 22 30 60 100 70 6 0 0 24 26 0 0 0 0 0 0 0 0 0 14 0 0 0 0 0 0 0 0 0 0 0 0 0 0 15 24 14 0 0 4 0 0 11 45 -9 -9 -9 -9 -9 -9 -9 -9 -9 -9 -9 -9 -9 -9 -9 100 93 64 42 64 31 58 91 69 68 44 70 76 37 32 46 33 5 76 70 14 0 0 0 0 1 0 1 23 72 86 86 61 37 40 77
68 37 40 90 43 1 42 18 12 0 0 0 0 0 0 0 0 0 0 0 0 0 0 0 0 0 0 0 0 0 0 0 0 0 0 12 7 0 0 0 0 2 36 91 100 91 -9 -9 -9 -9 -9 -9 -9 -9 -9 -9 -9 -9 -9 -9 100 54 28 68 43 63 30 46 51 39 35 4 80 96 37 21 41 44 90 70 56 14 26 0 5 26 18 2 43 17 47 27 82 72 81 50
20 1 13 27 2 0 43 9 0 0 0 0 0 0 0 0 0 0 0 0 0 0 0 0 0 0 0 0 0 0 0 0 0 0 0 0 0 7 0 0 44 84 94 100 93 58 -9 -9 -9 -9 -9 -9 -9 -9 -9 -9 -9 -9 -9 -9 -9 62 25 84 10 35 49 47 51 13 0 4 56 71 49 48 38 70 42 26 94 68 58 0 17 21 11 14 91 84 94 97 62 79 92 99
0 6 45 91 7 53 54 0 0 0 0 0 0 0 0 0 0 0 0 0 0 0 0 0 0 0 0 0 0 0 0 0 0 0 0 0 0 63 65 72 63 54 56 88 66 15 -9 -9 -9 -9 -9 -9 -9 -9 -9 -9 -9 -9 -9 -9 35 26 62 48 5 58 94 85 76 49 1 0 60 30 60 80 53 2 0 21 67 82 17 0 0 0 11 0 0 18 100 60 81 100 66 94
0 42 84 39 63 56 27 1 0 0 0 0 0 0 0 0 0 0 0 0 0 0 0 0 0 0 0 0 0 0 0 0 0 0 0 0 11 87 100 100 45 80 60 43 25 0 -9 -9 -9 -9 -9 -9 -9 -9 -9 -9 -9 -9 -9 -9 18 68 100 50 2 30 38 40 83 83 63 40 93 53 77 44 62 18 53 2 61 52 9 4 0 73 7 11 22 30 100 75 71 55 51 78
8 77 79 62 87 36 0 0 0 0 0 0 0 0 0 0 0 0 0 0 0 0 0 0 0 0 0 0 0 0 0 0 0 0 0 2 85 100 100 78 31 90 72 8 0 4 -9 -9 -9 -9 -9 -9 -9 -9 -9 -9 -9 -9 -9 -9 16 82 92 25 0 0 0 1 51 79 92 72 76 14 10 81 36 47 65 68 78 24 66 33 58 50 59 12 1 14 100 81 20 0 12 66
17 100 85 50 61 38 0 0 0 0 0 0 0 0 0 0 0 0 0 0 0 0 0 0 0 0 0 0 0 0 0 0 0 0 0 6 87 97 85 88 29 70 38 0 0 32 -9 -9 -9 -9 -9 -9 -9 -9 -9 -9 -9 -9 -9 -9 96 91 80 76 7 9 16 0 21 40 41 72 16 0 50 100 86 46 4 26 28 47 90 84 69 28 37 31 1 52 100 24 0 0 25 0
1 66 94 30 16 0 0 0 0 0 0 0 0 0 0 0 0 0 0 0 0 0 0 0 0 0 0 0 0 0 0 0 0 6 27 9 63 73 60 65 4 8 10 0 16 -9 -9 -9 -9 -9 -9 -9 -9 -9 -9 -9 -9 -9 -9 72 88 94 66 42 0 62 100 90 93 78 3 0 0 2 60 82 2 10 48 56 37 79 95 83 67 25 8 11 52 100 46 27 0 0 0 0
24 86 28 0 0 0 0 0 0 0 0 0 0 0 0 0 0 0 0 0 0 0 0 0 0 0 0 0 0 0 0 0 0 3 2 49 93 57 88 50 0 0 13 25 30 -9 -9 -9 -9 -9 -9 -9 -9 -9 -9 -9 -9 -9 -9 39 80 71 52 0 26 87 69 100 100 87 12 0 0 35 57 25 0 46 44 56 82 77 70 43 64 79 82 7 41 100 89 18 0 0 0 0
98 26 0 0 0 0 0 0 0 0 0 0 0 0 0 0 0 0 0 0 0 0 0 0 0 0 0 0 0 0 0 0 0 0 6 52 88 80 81 63 0 31 59 0 52 -9 -9 -9 -9 -9 -9 -9 -9 -9 -9 -9 -9 -9 -9 16 78 90 26 40 98 90 32 58 70 52 40 5 0 4 8 0 40 34 14 25 88 71 19 4 59 83 97 55 52 100 100 49 0 0 0 0
97 25 60 0 0 19 2 0 0 6 0 0 0 0 0 0 0 0 0 0 0 0 0 0 0 0 0 0 0 0 0 0 0 0 22 25 58 100 59 1 24 59 9 6 2 -9 -9 -9 -9 -9 -9 -9 -9 -9 -9 -9 -9 -9 -9 48 70 52 71 51 52 46 54 50 76 30 2 6 0 0 2 26 33 22 25 77 77 89 10 16 79 22 78 81 82 58 94 68 3 0 0 0
78 52 21 0 0 49 20 0 0 1 0 0 0 0 0 0 0 0 0 0 0 0 5 9 0 0 0 0 0 0 0 9 40 19 15 3 46 62 21 28 72 48 41 59 -9 -9 -9 -9 -9 -9 -9 -9 -9 -9 -9 -9 -9 -9 -9 62 98 77 80 75 8 69 90 71 70 22 0 0 0 0 14 74 62 30 56 85 30 0 0 0 6 43 94 100 21 17 98 76 41 0 0 0
85 72 0 0 0 4 7 13 0 0 0 0 0 0 0 0 0 0 0 0 0 0 0 6 0 0 0 0 0 0 0 29 40 13 28 32 19 10 0 32 39 52 37 -9 -9 -9 -9 -9 -9 -9 -9 -9 -9 -9 -9 -9 -9 -9 67 43 36 45 80 39 34 90 59 6 9 0 0 0 0 0 24 14 43 64 80 49 1 0 0 0 0 49 100 100 30 0 68 84 15 0 0 0
83 97 6 0 0 0 2 11 0 0 0 0 0 0 0 0 0 0 0 0 0 0 0 0 0 10 0 0 27 0 0 2 0 0 12 3 4 12 25 36 15 14 32 -9 -9 -9 -9 -9 -9 -9 -9 -9 -9 -9 -9 -9 -9 -9 72 27 75 12 38 67 67 77 42 20 0 0 0 0 10 18 55 28 36 74 48 2 0 0 0 0 0 22 100 99 40 0 65 99 69 0 2 8
