data/habitatmaps/RS_maps/habitat_Lophophanes.cristatus_2009.asc
NCOLS 369 
NROWS 228 
XLLCORNER 479000 
YLLCORNER 73000 
CELLSIZE 1000 
NODATA_value -9 
[rows 63 to 125 of 228, columns 0 to 95 of 369]
-9 -9 -9 -9 -9 -9 -9 -9 -9 -9 -9 -9 -9 -9 -9 -9 -9 -9 -9 -9 -9 -9 -9 -9 -9 -9 -9 -9 -9 -9 -9 -9 -9 -9 -9 -9 -9 -9 -9 -9 -9 -9 -9 -9 -9 -9 -9 -9 -9 -9 -9 -9 -9 -9 -9 -9 -9 -9 -9 -9 -9 -9 -9 -9 -9 -9 -9 -9 -9 52 78 99 81 67 76 36 33 44 7 44 35 48 65 99 83 76 61 66 84 26 24 12 2 10 28 13
-9 -9 -9 -9 -9 -9 -9 -9 -9 -9 -9 -9 -9 -9 -9 -9 -9 -9 -9 -9 -9 -9 -9 -9 -9 -9 -9 -9 -9 -9 -9 -9 -9 -9 -9 -9 -9 -9 -9 -9 -9 -9 -9 -9 -9 -9 -9 -9 -9 -9 -9 -9 -9 -9 -9 -9 -9 -9 -9 -9 -9 -9 -9 -9 -9 -9 -9 -9 -9 61 72 61 25 52 43 34 26 2 21 76 26 33 82 61 56 62 68 70 59 26 26 10 9 76 76 37
-9 -9 -9 -9 -9 -9 -9 -9 -9 -9 -9 -9 -9 -9 -9 -9 -9 -9 -9 -9 -9 -9 -9 -9 -9 -9 -9 -9 -9 -9 -9 -9 -9 -9 -9 -9 -9 -9 -9 -9 -9 -9 -9 -9 -9 -9 -9 -9 -9 -9 -9 -9 -9 -9 -9 -9 -9 -9 -9 -9 -9 -9 -9 -9 -9 -9 -9 -9 -9 53 62 16 33 22 39 63 39 0 0 5 26 49 63 77 81 39 21 76 36 16 32 45 24 44 33 29
-9 -9 -9 -9 -9 -9 -9 -9 -9 -9 -9 -9 -9 -9 -9 -9 -9 -9 -9 -9 -9 -9 -9 -9 -9 -9 -9 -9 -9 -9 -9 -9 -9 -9 -9 -9 -9 -9 -9 -9 -9 -9 -9 -9 -9 -9 -9 -9 -9 -9 -9 -9 -9 -9 -9 -9 -9 -9 -9 -9 -9 -9 -9 -9 -9 -9 -9 -9 36 61 58 27 70 80 52 34 9 2 0 0 45 48 57 22 49 62 40 7 0 2 18 26 6 20 30 40
-9 -9 -9 -9 -9 -9 -9 -9 -9 -9 -9 -9 -9 -9 -9 -9 -9 -9 -9 -9 -9 -9 -9 -9 -9 -9 -9 -9 -9 -9 -9 -9 -9 -9 -9 -9 -9 -9 -9 -9 -9 -9 -9 -9 -9 -9 -9 -9 -9 -9 -9 -9 -9 -9 -9 -9 -9 -9 -9 -9 -9 -9 -9 -9 -9 -9 -9 81 58 6 35 32 12 60 30 18 8 0 0 6 73 10 31 76 55 76 15 0 24 60 20 16 63 12 33 33
-9 -9 -9 -9 -9 -9 -9 -9 -9 -9 -9 -9 -9 -9 -9 -9 -9 -9 -9 -9 -9 -9 -9 -9 -9 -9 -9 -9 -9 -9 -9 -9 -9 -9 -9 -9 -9 -9 -9 -9 -9 -9 -9 -9 -9 -9 -9 -9 -9 -9 -9 -9 -9 -9 -9 -9 -9 -9 -9 -9 -9 -9 -9 -9 -9 -9 44 16 11 41 63 11 15 5 4 28 0 0 0 41 92 14 35 94 100 80 44 21 38 12 19 28 68 25 42 66
-9 -9 -9 -9 -9 -9 -9 -9 -9 -9 -9 -9 -9 -9 -9 -9 -9 -9 -9 -9 -9 -9 -9 -9 -9 -9 -9 -9 -9 -9 -9 -9 -9 -9 -9 -9 -9 -9 -9 -9 -9 -9 -9 -9 -9 -9 -9 -9 -9 -9 -9 -9 -9 -9 -9 -9 -9 -9 -9 -9 -9 -9 -9 -9 -9 -9 80 57 65 62 53 9 12 30 21 12 1 6 40 56 72 64 88 99 69 16 24 22 17 38 19 98 47 2 47 34
-9 -9 -9 -9 -9 -9 -9 -9 -9 -9 -9 -9 -9 -9 -9 -9 -9 -9 -9 -9 -9 -9 -9 -9 -9 -9 -9 -9 -9 -9 -9 -9 -9 -9 -9 -9 -9 -9 -9 -9 -9 -9 -9 -9 -9 -9 -9 -9 -9 -9 -9 -9 -9 -9 -9 -9 -9 -9 -9 -9 -9 -9 -9 -9 67 79 97 84 54 12 56 38 14 12 4 46 7 27 36 29 74 98 94 68 4 0 27 40 19 4 19 40 0 3 28 29
-9 -9 -9 -9 -9 -9 -9 -9 -9 -9 -9 -9 -9 -9 -9 -9 -9 -9 -9 -9 -9 -9 -9 -9 -9 -9 -9 -9 -9 -9 -9 -9 -9 -9 -9 -9 -9 -9 -9 -9 -9 -9 -9 -9 -9 -9 -9 -9 -9 -9 -9 -9 -9 -9 -9 -9 -9 -9 -9 -9 -9 -9 -9 66 89 95 49 24 54 51 19 19 0 10 0 0 25 2 11 69 58 81 24 12 2 33 44 42 5 1 38 40 6 32 18 28
-9 -9 -9 -9 -9 -9 -9 -9 -9 -9 -9 -9 -9 -9 -9 -9 -9 -9 -9 -9 -9 -9 -9 -9 -9 -9 -9 -9 -9 -9 -9 -9 -9 -9 -9 -9 -9 -9 -9 -9 -9 -9 -9 -9 -9 -9 -9 -9 -9 -9 -9 -9 -9 -9 -9 -9 -9 -9 -9 -9 -9 94 66 62 73 44 36 53 60 31 39 63 8 0 0 0 26 46 63 77 100 6 50 39 15 8 6 16 16 0 0 12 42 42 38 22
-9 -9 -9 -9 -9 -9 -9 -9 -9 -9 -9 -9 -9 -9 -9 -9 -9 -9 -9 -9 -9 -9 -9 -9 -9 -9 -9 -9 -9 -9 -9 -9 -9 -9 -9 -9 -9 -9 -9 -9 -9 -9 -9 -9 -9 -9 -9 -9 -9 -9 -9 -9 -9 -9 -9 -9 -9 -9 -9 -9 43 19 52 58 30 3 32 43 1 39 26 84 0 19 57 47 31 71 100 97 46 0 3 6 21 42 52 94 57 0 0 13 27 40 54 76
-9 -9 -9 -9 -9 -9 -9 -9 -9 -9 -9 -9 -9 -9 -9 -9 -9 -9 -9 -9 -9 -9 -9 -9 -9 -9 -9 -9 -9 -9 -9 -9 -9 -9 -9 -9 -9 -9 -9 -9 -9 -9 -9 -9 -9 -9 -9 -9 -9 -9 -9 -9 -9 -9 -9 -9 -9 -9 -9 46 44 14 40 41 5 0 6 0 58 16 27 46 0 11 26 36 42 71 89 28 4 8 23 22 13 87 46 52 14 0 14 62 68 36 31 2
-9 -9 -9 -9 -9 -9 -9 -9 -9 -9 -9 -9 -9 -9 -9 -9 -9 -9 -9 -9 -9 -9 -9 -9 -9 -9 -9 -9 -9 -9 -9 -9 -9 -9 -9 -9 -9 -9 -9 -9 -9 -9 -9 -9 -9 -9 -9 -9 -9 -9 -9 -9 -9 -9 -9 -9 -9 -9 66 75 60 13 0 14 71 38 68 44 36 22 32 26 22 11 38 63 89 94 66 5 0 12 1 0 6 36 48 39 0 25 54 64 26 0 2 30
-9 -9 -9 -9 -9 -9 -9 -9 -9 -9 -9 -9 -9 -9 -9 -9 -9 -9 -9 -9 -9 -9 -9 -9 -9 -9 -9 -9 -9 -9 -9 -9 -9 -9 -9 -9 -9 -9 -9 -9 -9 -9 -9 -9 -9 -9 -9 -9 -9 -9 -9 -9 -9 -9 -9 -9 -9 83 12 15 4 2 19 62 80 64 9 1 2 14 50 13 34 25 39 80 100 74 42 0 0 26 0 18 26 50 25 46 72 89 28 0 7 38 83 65
-9 -9 -9 -9 -9 -9 -9 -9 -9 -9 -9 -9 -9 -9 -9 -9 -9 -9 -9 -9 -9 -9 -9 -9 -9 -9 -9 -9 -9 -9 -9 -9 -9 -9 -9 -9 -9 -9 -9 -9 -9 -9 -9 -9 -9 -9 -9 -9 -9 -9 -9 -9 -9 -9 -9 -9 14 87 20 0 19 54 61 12 44 27 1 0 29 78 52 51 51 25 18 75 49 96 66 4 30 14 28 34 34 18 14 82 33 29 46 68 74 46 36 43
-9 -9 -9 -9 -9 -9 -9 -9 -9 -9 -9 -9 -9 -9 -9 -9 -9 -9 -9 -9 -9 -9 -9 -9 -9 -9 -9 -9 -9 -9 -9 -9 -9 -9 -9 -9 -9 -9 -9 -9 -9 -9 -9 -9 -9 -9 -9 -9 -9 -9 -9 -9 -9 -9 -9 -9 23 77 33 44 44 58 15 54 24 0 0 0 56 50 13 38 32 5 26 93 70 44 88 24 28 24 18 8 6 38 44 2 11 54 66 48 24 30 63 32
-9 -9 -9 -9 -9 -9 -9 -9 -9 -9 -9 -9 -9 -9 -9 -9 -9 -9 -9 -9 -9 -9 -9 -9 -9 -9 -9 -9 -9 -9 -9 -9 -9 -9 -9 -9 -9 -9 -9 -9 -9 -9 -9 -9 -9 -9 -9 -9 -9 -9 -9 -9 -9 -9 -9 5 30 45 21 37 33 32 33 41 7 0 2 22 14 22 29 5 0 57 100 88 16 11 69 0 4 0 25 41 46 36 63 60 70 100 52 4 26 34 65 97
-9 -9 -9 -9 -9 -9 -9 -9 -9 -9 -9 -9 -9 -9 -9 -9 -9 -9 -9 -9 -9 -9 -9 -9 -9 -9 -9 -9 -9 -9 -9 -9 -9 -9 -9 -9 -9 -9 -9 -9 -9 -9 -9 -9 -9 -9 -9 -9 -9 -9 -9 -9 -9 -9 21 73 39 40 42 48 41 88 28 0 66 35 35 51 39 59 28 10 63 98 59 6 4 30 68 0 6 21 34 10 42 68 39 16 49 58 55 9 20 89 100 91
-9 -9 -9 -9 -9 -9 -9 -9 -9 -9 -9 -9 -9 -9 -9 -9 -9 -9 -9 -9 -9 -9 -9 -9 -9 -9 -9 -9 -9 -9 -9 -9 -9 -9 -9 -9 -9 -9 -9 -9 -9 -9 -9 -9 -9 -9 -9 -9 -9 -9 -9 -9 -9 -9 67 63 19 6 29 0 58 36 5 11 38 20 20 24 34 62 68 92 98 62 13 0 40 33 22 1 13 12 36 32 16 25 66 46 38 16 4 46 94 94 64 66
-9 -9 -9 -9 -9 -9 -9 -9 -9 -9 -9 -9 -9 -9 -9 -9 -9 -9 -9 -9 -9 -9 -9 -9 -9 -9 -9 -9 -9 -9 -9 -9 -9 -9 -9 -9 -9 -9 -9 -9 -9 -9 -9 -9 -9 -9 -9 -9 -9 -9 -9 -9 -9 33 0 0 18 68 29 9 44 21 27 37 27 12 20 53 89 66 68 46 58 18 0 4 6 0 0 11 32 38 47 18 9 16 29 51 60 34 93 98 56 16 46 67
-9 -9 -9 -9 -9 -9 -9 -9 -9 -9 -9 -9 -9 -9 -9 -9 -9 -9 -9 -9 -9 -9 -9 -9 -9 -9 -9 -9 -9 -9 -9 -9 -9 -9 -9 -9 -9 -9 -9 -9 -9 -9 -9 -9 -9 -9 -9 -9 -9 -9 -9 -9 89 21 67 51 25 36 15 1 11 0 7 32 48 48 11 88 60 50 31 13 42 18 0 7 6 4 16 40 15 12 21 10 38 60 82 97 79 98 54 19 0 0 0 2
-9 -9 -9 -9 -9 -9 -9 -9 -9 -9 -9 -9 -9 -9 -9 -9 -9 -9 -9 -9 -9 -9 -9 -9 -9 -9 -9 -9 -9 -9 -9 -9 -9 -9 -9 -9 -9 -9 -9 -9 -9 -9 -9 -9 -9 -9 -9 -9 -9 -9 -9 42 1 52 28 20 29 41 34 0 0 24 74 45 18 4 38 87 64 34 52 46 22 1 0 0 6 32 16 32 33 35 72 46 23 8 43 44 60 42 0 0 0 0 0 0
-9 -9 -9 -9 -9 -9 -9 -9 -9 -9 -9 -9 -9 -9 -9 -9 -9 -9 -9 -9 -9 -9 -9 -9 -9 -9 -9 -9 -9 -9 -9 -9 -9 -9 -9 -9 -9 -9 -9 -9 -9 -9 -9 -9 -9 -9 -9 -9 55 74 33 62 61 66 25 47 14 1 38 22 0 33 57 50 42 47 72 71 72 69 37 36 24 0 1 28 0 20 44 38 55 70 64 21 48 51 74 42 44 56 23 34 18 0 0 10
-9 -9 -9 -9 -9 -9 -9 -9 -9 -9 -9 -9 -9 -9 -9 -9 -9 -9 -9 -9 -9 -9 -9 -9 -9 -9 -9 -9 -9 -9 -9 -9 -9 -9 -9 -9 -9 -9 -9 -9 -9 -9 -9 -9 0 27 6 59 65 55 65 69 56 34 9 54 1 4 66 13 13 48 39 45 26 55 79 26 16 2 55 23 0 1 3 0 0 36 72 26 12 51 47 56 82 82 52 81 62 74 47 84 3 12 40 86
-9 -9 -9 -9 -9 -9 -9 -9 -9 -9 -9 -9 -9 -9 -9 -9 -9 -9 -9 -9 -9 -9 -9 -9 -9 -9 -9 -9 -9 -9 -9 -9 -9 -9 -9 -9 -9 -9 -9 -9 -9 -9 -9 49 16 55 38 57 40 95 78 72 42 1 17 42 18 39 27 0 24 64 47 4 0 28 54 12 42 24 34 0 0 23 4 6 24 51 38 48 62 73 47 21 6 3 47 100 86 17 70 52 63 99 88 84
-9 -9 -9 -9 -9 -9 -9 -9 -9 -9 -9 -9 -9 -9 -9 -9 -9 -9 -9 -9 -9 -9 -9 -9 -9 -9 -9 -9 -9 -9 -9 -9 -9 -9 -9 -9 -9 -9 -9 -9 -9 11 11 26 59 62 54 8 31 53 41 79 45 1 36 9 27 12 0 3 67 43 15 4 25 56 36 50 27 7 6 20 4 16 46 32 70 30 10 38 85 0 0 0 0 2 65 82 56 41 95 27 1 38 21 0
-9 -9 -9 -9 -9 -9 -9 -9 -9 -9 -9 -9 -9 -9 -9 -9 -9 -9 -9 -9 -9 -9 -9 -9 -9 -9 -9 -9 -9 -9 -9 -9 -9 -9 -9 -9 -9 -9 -9 -9 0 0 4 35 72 30 0 0 29 0 18 60 25 20 27 43 69 0 0 37 75 59 48 80 53 49 68 18 0 30 53 50 2 50 39 54 18 32 58 59 13 0 0 0 1 55 48 91 75 70 38 0 0 0 0 0
-9 -9 -9 -9 -9 -9 -9 -9 -9 -9 -9 -9 -9 -9 -9 -9 -9 -9 -9 -9 -9 -9 -9 -9 -9 -9 -9 -9 -9 -9 -9 -9 -9 -9 -9 -9 -9 -9 -9 13 14 43 78 71 34 16 66 49 0 0 35 46 4 47 39 57 5 0 5 49 69 88 55 36 46 47 35 8 6 2 37 36 54 17 52 54 20 73 5 0 0 0 0 7 68 87 85 68 45 38 0 0 0 3 20 0
-9 -9 -9 -9 -9 -9 -9 -9 -9 -9 -9 -9 -9 -9 -9 -9 -9 -9 -9 -9 -9 -9 -9 -9 -9 -9 -9 -9 -9 -9 -9 -9 -9 -9 -9 -9 -9 -9 56 66 80 18 46 20 39 20 37 1 0 0 4 21 40 76 66 0 3 52 80 20 32 61 52 68 69 52 36 20 26 36 23 76 13 17 94 14 52 71 14 0 0 0 13 85 76 85 96 37 62 0 0 0 26 87 38 0
-9 -9 -9 -9 -9 -9 -9 -9 -9 -9 -9 -9 -9 -9 -9 -9 -9 -9 -9 -9 -9 -9 -9 -9 -9 -9 -9 -9 -9 -9 -9 -9 -9 -9 -9 -9 -9 67 42 36 50 30 49 31 11 0 3 38 10 48 40 61 83 59 6 4 58 80 32 41 46 59 43 17 43 54 43 20 35 47 55 10 3 50 14 35 69 40 0 0 0 28 91 81 76 100 49 60 14 0 18 27 82 39 15 0
-9 -9 -9 -9 -9 -9 -9 -9 -9 -9 -9 -9 -9 -9 -9 -9 -9 -9 -9 -9 -9 -9 -9 -9 -9 -9 -9 -9 -9 -9 -9 -9 -9 -9 -9 -9 26 79 14 54 18 21 19 14 40 70 40 50 35 73 25 85 28 36 51 41 48 43 59 47 44 8 13 36 57 24 4 56 4 44 26 10 54 14 47 100 36 1 16 10 22 100 100 100 95 51 1 4 0 0 0 28 70 61 40 28
-9 -9 -9 -9 -9 -9 -9 -9 -9 -9 -9 -9 -9 -9 -9 -9 -9 -9 -9 -9 -9 -9 -9 -9 -9 -9 -9 -9 -9 -9 -9 -9 -9 -9 -9 46 67 64 27 6 0 0 45 59 84 22 4 5 36 9 28 63 22 57 69 75 57 88 94 54 18 10 12 3 30 91 87 78 41 5 10 62 21 24 94 45 0 0 8 9 49 76 100 91 30 0 0 16 22 4 66 13 0 2 1 0
-9 -9 -9 -9 -9 -9 -9 -9 -9 -9 -9 -9 -9 -9 -9 -9 -9 -9 -9 -9 -9 -9 -9 -9 -9 -9 -9 -9 -9 -9 -9 -9 -9 -9 -9 72 76 19 0 0 0 52 65 31 58 4 1 0 10 54 87 65 53 34 46 88 84 65 57 50 18 0 46 91 82 64 20 26 0 6 54 18 44 70 50 58 11 22 67 93 95 21 15 3 0 0 0 0 3 0 23 57 0 0 0 0
-9 -9 -9 -9 -9 -9 -9 -9 -9 -9 -9 -9 -9 -9 -9 -9 -9 -9 -9 -9 -9 -9 -9 -9 -9 -9 -9 -9 -9 -9 -9 -9 -9 -9 78 87 36 0 0 10 50 51 34 61 24 13 28 55 29 5 58 82 67 53 35 84 77 43 31 2 18 25 20 74 34 11 0 0 4 37 11 45 100 80 60 51 33 76 84 94 84 21 0 0 0 0 0 0 0 0 0 41 1 0 8 6
-9 -9 -9 -9 -9 -9 -9 -9 -9 -9 -9 -9 -9 -9 -9 -9 -9 -9 -9 -9 -9 -9 -9 -9 -9 -9 -9 -9 -9 -9 -9 -9 -9 60 94 23 3 0 6 20 34 9 51 32 0 6 91 76 34 44 61 65 60 63 38 16 2 12 22 38 31 49 59 52 5 15 26 0 17 0 18 33 96 43 87 44 41 8 13 0 0 0 0 0 0 0 0 0 0 0 0 20 0 0 47 14
-9 -9 -9 -9 -9 -9 -9 -9 -9 -9 -9 -9 -9 -9 -9 -9 -9 -9 -9 -9 -9 -9 -9 -9 -9 -9 -9 -9 -9 -9 -9 -9 -9 90 25 0 0 25 24 55 20 0 11 0 18 30 68 77 75 79 62 64 46 0 0 6 40 45 33 34 50 82 63 32 31 30 4 0 31 42 86 97 70 46 100 68 40 0 2 0 0 0 0 0 0 0 0 0 0 0 30 35 0 0 11 2
-9 -9 -9 -9 -9 -9 -9 -9 -9 -9 -9 -9 -9 -9 -9 -9 -9 -9 -9 -9 -9 -9 -9 -9 -9 -9 -9 -9 -9 -9 -9 -9 -9 7 0 2 72 15 0 24 0 0 4 46 80 30 46 52 55 76 94 72 20 34 48 68 91 29 70 40 62 30 2 1 38 57 46 44 98 87 90 100 100 82 48 8 0 14 2 0 0 0 0 0 0 0 0 0 0 10 11 0 15 40 39 45
-9 -9 -9 -9 -9 -9 -9 -9 -9 -9 -9 -9 -9 -9 -9 -9 -9 -9 -9 -9 -9 -9 -9 -9 -9 -9 -9 -9 -9 -9 -9 -9 -9 33 8 79 51 24 0 0 0 8 77 54 42 4 73 59 91 100 94 16 3 81 36 85 60 31 69 55 49 25 54 71 53 39 37 92 100 85 90 100 100 60 13 0 0 11 0 0 0 0 0 0 0 0 0 8 22 0 1 11 7 15 28 6
-9 -9 -9 -9 -9 -9 -9 -9 -9 -9 -9 -9 -9 -9 -9 -9 -9 -9 -9 -9 -9 -9 -9 -9 -9 -9 -9 -9 -9 -9 -9 -9 23 16 85 41 0 0 0 3 22 92 22 16 0 33 69 52 92 85 11 26 71 99 92 74 40 14 45 61 37 58 1 14 28 80 98 97 100 95 100 100 100 41 0 0 0 16 0 0 0 0 0 0 0 0 12 38 1 8 0 0 0 0 0 0
-9 -9 -9 -9 -9 -9 -9 -9 -9 -9 -9 -9 -9 -9 -9 -9 -9 -9 -9 -9 -9 -9 -9 -9 -9 -9 -9 -9 -9 -9 -9 -9 61 96 63 4 0 0 1 64 97 81 27 8 35 62 19 76 43 44 75 71 69 44 23 9 35 50 62 74 52 10 0 40 64 80 68 28 81 78 100 100 78 5 0 0 27 7 0 0 0 0 0 0 0 22 48 65 57 56 14 8 0 0 0 0
-9 -9 -9 -9 -9 -9 -9 -9 -9 -9 -9 -9 -9 -9 -9 -9 -9 -9 -9 -9 -9 -9 -9 -9 -9 -9 -9 -9 -9 -9 -9 -9 37 55 1 0 0 0 29 48 68 60 55 91 96 66 44 89 85 100 93 84 80 21 20 9 58 65 0 2 6 54 57 89 40 52 2 16 59 100 100 98 29 0 0 0 0 0 0 0 0 0 0 0 13 6 42 60 20 0 2 0 0 0 0 0
-9 -9 -9 -9 -9 -9 -9 -9 -9 -9 -9 -9 -9 -9 -9 -9 -9 -9 -9 -9 -9 -9 -9 -9 -9 -9 -9 -9 -9 -9 -9 -9 0 0 0 0 0 0 22 55 61 71 87 100 86 54 44 93 67 29 4 12 11 66 60 51 24 0 2 51 57 6 46 54 34 38 32 92 87 43 54 58 47 0 0 0 0 0 0 0 0 0 0 14 12 6 0 12 12 6 0 0 0 0 0 0
-9 -9 -9 -9 -9 -9 -9 -9 -9 -9 -9 -9 -9 -9 -9 -9 -9 -9 -9 -9 -9 -9 -9 -9 -9 -9 -9 -9 -9 -9 -9 -9 0 0 0 0 0 0 0 8 70 56 59 88 69 50 54 13 0 0 0 0 52 70 76 14 0 4 72 58 27 41 68 44 21 30 91 42 64 52 0 1 1 0 0 0 0 0 0 0 0 0 32 6 0 6 5 2 0 17 34 0 2 0 0 0
-9 -9 -9 -9 -9 -9 -9 -9 -9 -9 -9 -9 -9 -9 -9 -9 -9 -9 -9 -9 -9 -9 -9 -9 -9 -9 -9 -9 -9 -9 -9 -9 -9 0 0 0 0 7 9 13 56 40 35 30 36 4 0 20 50 57 53 62 64 67 19 28 45 88 98 22 26 61 42 65 66 83 30 0 36 6 0 0 0 0 0 0 0 0 0 0 0 2 4 0 0 12 8 0 0 0 9 23 36 20 3 24
-9 -9 -9 -9 -9 -9 -9 -9 -9 -9 -9 -9 -9 -9 -9 -9 -9 -9 -9 -9 -9 -9 -9 -9 -9 -9 -9 -9 -9 -9 -9 -9 -9 0 0 1 31 78 68 65 38 30 10 47 15 32 58 24 14 10 10 18 86 50 69 80 78 100 82 62 33 65 52 28 69 47 5 0 0 0 0 0 0 0 0 0 0 0 0 2 30 58 16 0 0 0 0 0 0 0 0 1 13 17 76 28
-9 -9 -9 -9 -9 -9 -9 -9 -9 -9 -9 -9 -9 -9 -9 -9 -9 -9 -9 -9 -9 -9 -9 -9 -9 -9 -9 -9 -9 -9 -9 -9 -9 60 18 54 55 49 82 40 46 0 2 25 51 37 70 72 40 45 46 89 60 63 50 38 92 98 83 36 22 44 38 59 100 98 22 46 11 0 0 0 0 0 0 0 0 0 15 29 2 18 12 17 0 0 0 0 0 0 0 0 0 4 74 16
-9 -9 -9 -9 -9 -9 -9 -9 -9 -9 -9 -9 -9 -9 -9 -9 -9 -9 -9 -9 -9 -9 -9 -9 -9 -9 -9 -9 -9 -9 -9 -9 -9 100 99 89 66 81 75 27 2 4 40 73 50 14 65 40 61 32 52 98 74 30 28 78 100 78 89 68 63 80 88 69 88 100 68 52 0 0 0 0 0 0 0 0 0 7 29 10 23 30 0 0 0 0 0 0 0 0 6 24 40 51 56 8
-9 -9 -9 -9 -9 -9 -9 -9 -9 -9 -9 -9 -9 -9 -9 -9 -9 -9 -9 -9 -9 -9 -9 -9 -9 -9 -9 -9 -9 -9 -9 -9 -9 100 78 48 58 47 54 38 46 74 80 63 67 54 44 29 6 46 100 91 46 24 21 44 17 97 71 80 80 35 97 100 95 90 97 76 4 0 0 0 0 0 0 0 8 39 1 64 0 0 0 0 0 0 0 0 0 2 54 14 50 12 5 0
-9 -9 -9 -9 -9 -9 -9 -9 -9 -9 -9 -9 -9 -9 -9 -9 -9 -9 -9 -9 -9 -9 -9 -9 -9 -9 -9 -9 -9 -9 -9 -9 -9 39 0 7 2 58 68 64 65 33 49 68 59 24 22 24 44 68 100 91 38 24 56 27 46 50 63 37 20 47 82 96 9 0 3 4 0 0 0 0 0 0 0 2 22 0 0 26 1 0 0 0 0 0 0 12 28 23 31 20 0 17 0 31
-9 -9 -9 -9 -9 -9 -9 -9 -9 -9 -9 -9 -9 -9 -9 -9 -9 -9 -9 -9 -9 -9 -9 -9 -9 -9 -9 -9 -9 -9 -9 -9 3 9 79 79 46 26 72 56 0 0 1 9 63 84 30 57 58 98 87 49 51 85 34 58 85 56 0 38 80 37 20 3 0 0 0 0 0 0 0 0 0 0 0 2 0 0 0 15 0 0 0 0 0 0 0 12 33 56 17 37 12 11 32 61
-9 -9 -9 -9 -9 -9 -9 -9 -9 -9 -9 -9 -9 -9 -9 -9 -9 -9 -9 -9 -9 -9 -9 -9 -9 -9 -9 -9 -9 -9 -9 -9 0 69 36 33 15 20 91 52 1 0 0 1 47 72 46 26 81 66 45 58 90 22 72 69 11 0 0 16 19 0 0 10 13 0 0 0 0 0 0 0 8 25 3 0 0 0 16 31 0 0 0 0 0 0 20 33 53 59 28 4 10 28 66 20
-9 -9 -9 -9 -9 -9 -9 -9 -9 -9 -9 -9 -9 -9 -9 -9 -9 -9 -9 -9 -9 -9 -9 -9 -9 -9 -9 -9 -9 -9 -9 -9 12 34 81 0 0 26 47 100 83 31 37 37 66 58 20 0 21 49 74 96 77 12 68 31 27 58 28 3 0 0 0 24 9 0 0 0 0 0 0 10 32 36 6 0 0 0 0 0 0 0 0 0 0 0 0 0 5 56 20 3 11 31 56 0
-9 -9 -9 -9 -9 -9 -9 -9 -9 -9 -9 -9 -9 -9 -9 -9 -9 -9 -9 -9 -9 -9 -9 -9 -9 -9 -9 -9 -9 -9 -9 18 52 87 21 1 33 66 89 97 72 42 16 60 56 4 0 0 34 7 17 51 60 28 75 8 2 33 8 13 0 0 18 6 0 0 0 0 0 0 0 0 48 0 4 52 51 0 0 0 18 5 0 0 0 2 4 0 39 93 20 0 44 51 34 6
-9 -9 -9 -9 -9 -9 -9 -9 -9 -9 -9 -9 -9 -9 -9 -9 -9 -9 -9 -9 -9 -9 -9 -9 -9 -9 -9 -9 -9 67 1 22 48 29 0 25 78 97 67 50 62 48 61 55 89 34 33 50 60 18 33 81 99 91 38 44 22 29 0 0 0 0 0 0 0 0 2 0 2 0 2 30 34 46 18 11 30 33 0 0 26 14 8 2 3 56 22 38 81 28 7 28 61 12 20 6
-9 -9 -9 -9 -9 -9 -9 -9 -9 -9 -9 -9 -9 -9 -9 -9 -9 -9 -9 -9 -9 -9 -9 -9 -9 -9 -9 -9 81 37 80 9 6 0 23 62 84 53 49 12 58 31 59 88 90 75 99 18 93 95 90 69 99 18 42 52 48 8 2 22 2 0 0 0 12 65 73 20 24 40 50 49 9 17 27 32 0 19 3 37 26 0 76 28 60 0 27 68 81 2 13 63 25 6 40 7
-9 -9 -9 -9 -9 -9 -9 -9 -9 -9 -9 -9 -9 -9 -9 -9 -9 -9 -9 -9 -9 -9 -9 -9 -9 -9 85 93 77 82 100 79 9 19 86 87 54 0 0 7 87 96 99 73 98 100 97 65 44 82 98 75 34 10 7 0 8 8 0 3 21 0 11 30 76 73 32 9 2 31 37 23 15 0 37 8 10 96 31 25 3 1 46 21 48 33 28 42 53 0 0 7 1 17 34 21
-9 -9 -9 -9 -9 -9 -9 -9 -9 -9 -9 -9 -9 -9 -9 -9 -9 -9 -9 -9 -9 -9 -9 -9 -9 98 100 94 95 46 93 36 0 19 47 47 4 0 2 38 82 58 82 84 100 100 87 23 65 90 58 6 42 38 18 11 37 17 0 0 0 22 16 44 37 35 20 64 64 4 14 7 3 20 11 1 61 64 42 22 1 16 19 34 44 24 16 24 2 12 6 20 0 4 8 1
-9 -9 -9 -9 -9 -9 -9 -9 -9 -9 -9 -9 -9 -9 -9 -9 -9 -9 -9 -9 -9 -9 -9 71 100 84 94 88 34 5 12 0 13 23 55 60 11 0 0 38 59 27 10 49 58 99 35 27 92 83 6 1 3 46 1 7 26 0 0 0 0 0 0 18 8 48 71 14 32 62 22 8 0 33 3 46 38 0 4 0 12 10 0 0 2 0 2 0 9 6 6 3 11 21 75 20
-9 -9 -9 -9 -9 -9 -9 -9 -9 -9 -9 -9 -9 -9 -9 -9 -9 -9 -9 -9 -9 -9 86 84 96 84 92 60 4 37 48 60 45 81 48 0 0 23 35 73 18 51 63 71 76 44 46 40 100 86 0 0 1 19 0 0 0 0 0 0 10 1 0 2 46 49 54 16 19 12 26 28 24 9 0 67 7 30 40 0 0 25 0 0 0 42 40 0 0 24 48 47 7 41 34 4
-9 -9 -9 -9 -9 -9 -9 -9 -9 -9 -9 -9 -9 -9 -9 -9 -9 -9 -9 -9 -9 89 64 92 81 84 29 16 70 72 55 68 37 0 4 15 33 56 67 99 72 95 70 41 15 56 41 93 56 38 2 0 27 16 0 0 0 0 3 17 30 22 11 25 9 28 14 0 38 2 28 7 2 0 15 28 18 63 29 0 34 24 12 3 24 69 91 9 0 5 1 18 40 9 14 57
-9 -9 -9 -9 -9 -9 -9 -9 -9 -9 -9 -9 -9 -9 -9 -9 -9 -9 -9 -9 55 100 98 100 100 79 90 84 35 20 0 0 3 27 14 89 93 46 62 75 42 69 74 39 65 79 55 14 12 19 16 0 1 0 0 2 10 14 22 5 32 20 44 40 23 19 0 14 30 0 5 28 0 4 57 27 37 33 0 17 50 45 2 52 25 18 42 1 0 0 3 72 88 6 6 40
-9 -9 -9 -9 -9 -9 -9 -9 -9 -9 -9 -9 -9 -9 -9 -9 -9 -9 -9 3 40 100 100 100 93 65 91 21 8 0 0 7 62 77 91 59 60 37 62 92 14 64 50 30 68 30 0 8 70 64 35 0 0 0 0 0 27 20 21 27 1 0 0 12 4 38 30 13 41 1 16 67 26 32 11 63 12 29 15 51 0 15 59 40 0 7 27 2 0 0 17 61 13 9 13 42
-9 -9 -9 -9 -9 -9 -9 -9 -9 -9 -9 -9 -9 -9 -9 -9 -9 -9 2 47 83 100 100 90 40 71 9 0 0 2 49 87 90 95 36 60 61 33 56 91 10 67 24 13 70 84 76 95 99 84 10 0 0 0 0 6 6 24 64 39 0 19 50 11 41 19 50 16 28 38 42 38 20 46 0 25 42 26 0 54 46 7 59 78 0 17 6 28 34 21 36 7 0 11 46 23
