data/habitatmaps/RS_maps/habitat_Linaria.cannabina_2001.asc
NCOLS 369 
NROWS 228 
XLLCORNER 479000 
YLLCORNER 73000 
CELLSIZE 1000 
NODATA_value -9 
[rows 124 to 185 of 228, columns 96 to 191 of 369]
0 0 0 0 0 3 10 44 59 4 46 92 73 30 3 39 1 42 39 88 97 74 14 7 40 38 20 0 0 1 66 38 19 0 0 0 0 0 0 0 0 0 26 46 58 97 95 87 68 69 97 57 47 85 43 34 14 59 65 28 43 87 100 67 11 31 0 0 0 0 0 0 6 2 0 0 0 2 0 0 0 0 2 59 34 27 85 100 88 69 88 88 65 30 30 54
0 0 0 0 29 75 55 53 62 52 28 87 77 55 43 42 62 90 72 87 100 95 66 70 5 43 43 16 10 2 84 98 43 0 0 0 0 0 0 0 0 0 1 21 56 82 58 77 80 69 53 44 22 88 11 14 82 50 79 47 51 83 66 9 21 0 0 0 0 2 0 21 12 0 34 27 26 17 20 4 0 0 0 6 31 11 78 95 30 17 38 8 8 30 28 47
0 46 39 6 43 48 1 20 53 59 33 10 3 66 58 53 52 48 51 66 56 66 66 72 73 68 81 45 60 43 44 51 75 55 9 0 0 0 0 0 0 0 0 2 11 27 53 74 43 49 41 22 80 16 8 59 89 30 21 36 60 34 2 29 0 0 0 16 14 25 39 62 38 22 100 89 66 84 44 12 27 24 30 32 5 40 17 24 11 12 5 30 14 40 66 49
8 95 29 88 33 0 0 16 45 43 28 11 11 3 12 56 27 26 26 10 12 59 72 86 78 89 75 59 78 59 63 8 8 57 95 47 3 10 9 0 0 0 0 0 0 0 0 30 0 0 23 62 27 27 43 12 13 2 11 17 0 0 0 0 0 13 18 20 41 9 28 65 66 71 88 76 100 100 100 73 31 11 12 49 50 44 43 26 5 24 37 61 55 53 45 4
7 100 86 59 27 17 17 47 62 12 54 59 72 39 59 53 62 44 51 38 80 82 69 100 100 100 100 100 98 100 99 88 77 10 9 53 43 59 78 0 0 0 0 0 0 0 0 0 0 0 34 35 17 54 47 0 0 13 8 33 7 0 0 0 40 16 10 37 18 3 57 94 79 100 14 64 100 100 100 79 34 6 11 32 27 79 16 40 71 82 60 43 78 79 87 81
13 58 43 29 9 82 37 24 47 4 26 48 81 58 77 2 69 58 67 54 82 83 98 100 100 86 94 80 41 55 74 99 99 71 49 9 2 65 64 0 0 0 0 0 0 0 0 0 0 48 57 30 5 39 6 0 0 0 6 0 0 0 6 3 4 16 64 100 100 16 63 70 52 12 49 100 100 100 94 1 32 46 65 100 52 44 7 53 90 26 9 0 9 53 92 48
3 55 55 41 5 84 54 51 59 42 11 39 60 36 54 51 33 26 54 59 76 71 97 100 63 35 74 89 30 59 100 100 100 100 88 92 50 44 76 33 0 0 0 0 0 0 0 0 0 0 0 1 4 7 0 0 0 0 0 8 28 17 6 6 72 84 100 100 100 83 100 81 16 0 71 100 98 79 51 44 11 2 19 97 31 1 0 5 58 96 66 13 0 0 69 6
29 79 28 4 8 79 62 51 12 5 1 83 53 51 51 51 70 60 89 98 100 100 100 100 86 12 0 31 30 84 80 57 58 70 78 85 78 21 2 0 6 1 25 9 32 23 1 0 0 0 0 0 0 0 0 0 0 10 12 16 3 0 5 59 57 100 95 55 51 63 99 59 28 5 97 100 54 24 50 42 22 0 27 78 68 84 30 35 32 50 89 79 0 0 7 5
59 64 40 14 41 36 58 26 12 18 77 65 55 64 45 44 72 63 43 65 97 94 62 40 34 61 35 44 58 69 64 61 72 61 60 32 33 19 8 18 67 57 45 29 39 61 70 22 3 0 0 0 0 0 0 0 12 38 3 4 18 40 88 69 66 17 35 72 19 87 70 80 100 86 100 93 59 49 20 0 0 20 82 58 74 79 97 61 35 14 49 88 11 0 0 0
83 54 34 7 56 56 73 59 56 35 78 45 55 38 14 99 100 98 99 99 42 21 31 34 77 99 100 78 85 96 90 98 83 52 81 48 71 47 31 42 8 35 62 94 34 84 32 56 31 5 0 8 29 14 0 0 9 41 12 42 96 100 94 78 85 72 98 96 75 83 100 100 100 100 72 93 30 0 0 0 0 60 99 53 82 7 52 93 62 80 79 53 64 0 0 0
46 41 22 17 72 44 59 76 27 62 87 49 12 51 92 100 100 100 100 99 49 49 62 94 93 72 58 61 69 69 56 77 65 69 72 65 75 46 2 8 48 39 13 62 50 78 88 67 16 0 0 25 21 3 18 0 0 8 17 0 38 67 41 59 78 83 88 67 64 85 88 90 100 57 64 11 0 0 0 0 0 11 99 92 100 74 8 39 88 76 40 91 35 0 0 0
28 34 40 64 83 68 22 51 45 82 95 69 87 86 100 100 100 100 100 82 72 76 91 70 74 80 45 38 33 27 56 22 38 47 48 69 62 51 42 50 61 92 19 50 86 56 45 48 20 11 23 2 77 62 35 27 14 0 21 7 0 2 3 14 17 15 11 47 30 32 31 48 100 30 40 1 0 0 0 0 0 0 17 69 91 100 69 0 7 77 89 90 49 0 0 0
15 38 48 82 72 50 82 68 47 100 96 99 100 100 100 100 100 82 95 84 79 64 49 68 75 45 48 8 32 32 58 42 66 24 39 67 80 52 94 100 95 96 65 31 77 83 92 18 43 30 30 71 100 72 71 43 93 60 4 7 42 31 23 32 35 70 45 26 39 6 14 54 87 55 53 38 0 0 0 0 0 0 0 5 80 100 60 0 0 62 100 100 56 0 0 0
13 27 24 25 75 63 60 75 90 100 100 100 100 92 87 100 100 28 55 78 63 24 21 45 75 56 80 87 82 84 90 31 26 23 44 70 73 88 100 100 75 61 35 45 63 80 12 2 6 27 25 100 99 19 54 97 60 100 54 40 0 5 79 53 46 36 38 58 79 15 10 11 37 0 2 15 0 0 0 0 0 0 5 44 69 60 1 0 25 76 97 91 70 47 36 0
63 37 41 23 45 27 46 52 100 100 98 63 62 35 47 81 72 69 71 82 27 41 73 72 81 88 98 98 77 71 34 32 61 61 79 65 53 100 100 90 71 16 51 43 73 68 13 65 49 63 62 100 100 95 94 85 100 93 3 7 9 25 61 100 98 29 28 74 77 94 63 8 0 0 0 0 0 0 0 0 0 0 2 3 0 3 0 0 44 87 92 55 56 26 24 0
22 46 31 26 17 42 44 47 67 53 62 53 52 82 41 41 74 47 89 68 20 53 57 58 100 100 82 56 45 62 49 100 88 38 66 90 87 100 93 61 6 26 35 71 65 54 40 52 91 32 73 100 100 18 28 60 98 54 15 0 26 0 6 92 99 10 0 3 38 12 1 12 64 4 4 0 0 0 0 2 3 0 0 0 0 0 0 0 7 7 85 93 97 26 0 0
34 34 30 41 42 32 47 26 53 89 68 31 20 47 23 59 70 95 65 76 69 75 41 78 100 100 78 99 80 66 42 93 93 63 62 85 100 100 46 31 54 45 93 50 16 41 80 49 82 37 100 98 44 0 47 100 100 100 74 7 4 37 62 89 100 41 14 34 52 17 0 4 72 52 40 0 0 0 0 1 13 5 0 0 0 0 0 0 0 0 5 52 91 65 3 0
45 78 40 33 61 46 19 84 54 17 41 41 54 63 28 33 97 87 48 49 54 33 60 100 100 100 99 98 85 45 31 86 64 62 75 100 100 100 60 54 14 45 43 81 35 82 63 21 70 94 100 38 60 2 23 100 94 63 95 53 23 31 50 100 100 93 89 46 6 0 0 25 23 41 2 0 0 0 0 0 3 7 0 0 0 0 0 0 0 0 0 47 41 94 13 0
46 60 50 61 65 23 78 99 87 24 34 45 61 83 52 49 93 69 67 74 51 11 41 63 100 100 85 60 94 49 82 100 82 38 88 100 100 84 58 41 30 42 81 86 43 44 65 17 22 29 72 75 87 80 70 100 53 37 98 27 79 8 65 100 100 90 18 0 0 0 0 16 3 8 0 0 0 0 0 0 0 0 3 8 17 36 25 6 4 8 31 73 95 95 31 69
17 76 60 81 70 6 51 100 100 95 70 75 41 51 49 76 60 83 78 76 53 28 43 96 100 100 96 73 100 78 81 100 100 88 90 100 100 47 45 52 73 49 56 67 75 82 38 22 73 30 48 73 99 43 52 28 0 95 97 49 77 23 28 32 69 11 0 0 0 0 0 0 0 0 0 0 0 0 0 0 0 0 0 0 5 2 1 8 41 81 58 40 53 83 85 100
83 62 75 99 97 21 34 83 75 70 98 81 46 19 69 56 76 66 18 41 100 100 100 100 100 97 67 98 66 38 91 100 87 98 96 100 69 65 48 83 63 84 58 75 100 95 28 27 59 65 75 66 20 0 0 16 57 100 99 47 28 1 16 24 5 0 0 0 0 0 0 0 0 0 0 0 0 0 0 0 0 0 0 0 0 0 0 27 58 63 94 20 64 99 100 100
47 99 60 49 53 71 93 73 84 60 99 90 32 10 85 99 76 95 51 33 68 100 100 100 99 100 80 6 31 49 44 87 74 9 15 52 100 69 31 86 87 23 100 93 78 99 88 47 15 21 58 81 11 0 13 87 100 100 63 74 34 17 0 0 0 0 0 0 0 0 0 0 0 0 0 0 0 0 0 0 0 0 0 0 0 13 48 61 63 51 8 25 72 99 61 88
71 97 75 93 78 71 84 45 88 100 70 33 34 41 79 68 73 63 55 56 66 94 95 16 35 51 58 74 80 80 61 80 99 58 52 97 65 26 88 100 93 44 94 50 67 93 8 56 98 78 54 84 91 19 66 100 100 95 58 21 32 51 51 0 0 0 0 0 0 0 0 0 0 0 0 0 0 0 0 0 0 0 0 0 6 22 19 2 0 0 10 67 94 99 44 1
61 63 71 83 87 93 81 80 100 80 33 38 91 52 98 74 77 45 83 97 46 59 100 72 35 40 64 84 100 100 86 95 94 95 98 95 65 52 70 96 100 84 41 61 58 86 66 45 100 97 100 93 78 19 10 51 85 49 42 56 17 45 42 0 0 0 0 0 0 0 0 0 0 0 0 0 0 0 0 0 0 0 0 0 0 0 0 0 6 42 84 100 97 73 25 25
31 97 62 71 90 100 78 99 93 39 1 16 76 35 71 95 61 63 80 77 14 95 100 94 74 40 57 84 92 100 97 91 40 100 74 63 64 42 37 52 98 88 27 74 63 41 23 0 14 7 58 70 66 20 0 0 33 10 18 82 50 41 15 0 0 0 0 0 0 0 0 0 0 0 0 0 0 0 0 0 0 0 0 0 0 21 41 31 54 100 98 75 64 85 71 3
41 93 68 78 69 55 84 72 29 49 16 56 70 35 66 81 55 77 19 80 37 92 98 100 81 36 62 95 90 84 64 0 48 89 59 25 23 0 31 94 100 100 58 46 16 48 46 73 76 34 0 0 0 0 0 0 0 0 71 53 70 69 0 0 0 0 0 0 0 0 0 0 0 0 0 0 0 0 0 0 0 0 0 0 0 2 50 100 99 99 47 22 89 45 7 71
87 46 68 72 76 64 99 29 63 79 22 29 60 80 95 100 38 96 93 100 60 42 55 50 31 42 100 100 85 88 53 21 48 82 57 43 20 0 60 100 76 40 71 41 34 61 46 55 54 0 0 0 0 0 0 0 0 0 70 83 67 12 0 0 0 0 0 0 0 0 0 0 0 0 0 0 0 0 0 0 0 0 0 0 4 44 94 99 91 8 54 43 40 54 83 84
73 89 94 51 16 55 53 37 75 24 36 36 35 40 85 98 97 98 99 100 58 49 47 47 51 50 43 96 26 15 75 96 79 86 17 35 6 14 94 51 62 90 32 30 49 0 26 25 24 0 0 0 0 0 0 0 0 0 9 1 0 0 0 0 0 0 0 0 0 0 0 0 0 0 0 0 0 0 3 11 0 0 0 0 58 51 98 44 37 68 82 18 3 54 55 100
100 70 82 73 8 51 87 39 69 58 58 33 59 98 71 94 63 45 31 84 47 20 68 34 71 64 48 81 67 50 99 61 40 17 16 2 65 65 84 32 89 97 37 11 10 21 0 0 0 0 0 0 0 0 0 0 0 0 0 0 0 0 0 0 0 0 0 0 0 0 0 0 0 0 0 0 0 0 8 8 0 8 67 25 90 95 74 25 47 61 10 24 74 100 100 100
29 67 55 84 45 95 86 43 36 56 1 35 78 91 41 54 81 60 67 70 92 72 58 31 92 55 52 98 83 88 100 40 54 50 98 53 45 62 22 17 84 89 62 16 49 0 0 0 0 0 0 0 0 0 0 0 0 0 0 0 0 0 0 0 0 0 0 0 0 0 0 0 0 0 0 0 0 19 11 0 0 16 97 100 99 44 58 100 27 15 13 94 100 66 95 100
63 46 30 57 57 11 24 32 40 3 23 18 55 5 38 51 61 72 77 75 100 100 100 36 82 89 65 47 97 100 100 67 66 36 64 40 79 32 0 52 98 53 29 45 28 3 0 0 0 29 0 0 0 0 0 0 0 0 0 0 5 0 0 0 0 0 0 0 0 0 0 0 0 0 0 0 22 67 17 26 18 66 100 100 42 36 62 51 22 59 85 82 31 67 91 87
96 59 70 79 10 10 28 52 48 59 60 61 46 41 66 91 80 100 64 100 100 100 83 27 54 26 47 28 73 100 98 44 48 88 72 33 2 0 13 96 97 34 2 39 7 3 3 11 64 66 23 2 0 0 0 0 0 5 8 6 42 20 0 0 0 0 0 0 0 0 0 0 0 0 0 0 84 98 24 97 99 100 95 39 66 96 48 0 24 98 100 100 60 36 30 47
33 71 55 39 10 45 80 99 56 53 69 63 71 77 69 26 80 100 66 100 100 100 59 24 11 65 79 80 91 100 100 95 59 51 34 84 59 29 88 99 60 22 28 4 33 20 30 66 100 82 3 0 0 0 0 0 2 84 62 89 88 31 0 0 0 0 0 0 0 0 0 0 0 4 0 49 100 100 56 100 100 100 46 62 93 31 8 50 65 92 75 13 12 18 21 4
22 52 61 87 44 44 66 91 55 41 54 52 80 26 23 24 79 96 89 100 100 98 61 15 64 84 63 65 86 100 99 68 22 96 100 89 23 38 98 63 87 70 4 0 27 7 56 80 78 9 0 0 1 57 25 52 76 64 95 100 59 0 0 0 0 0 0 0 0 0 0 5 60 12 0 30 100 97 61 95 70 38 56 75 19 7 62 100 100 100 43 0 0 0 0 28
39 61 54 78 54 67 84 67 45 45 72 29 50 28 23 65 40 52 89 98 100 97 97 70 53 43 72 48 58 75 86 14 90 100 100 100 40 15 48 76 57 36 0 0 0 11 13 13 0 0 0 11 26 81 77 60 53 83 90 40 7 0 0 0 0 0 0 0 0 0 0 28 10 0 12 20 99 62 28 78 20 16 59 16 2 55 100 97 100 93 33 0 0 0 6 82
13 20 70 35 53 38 99 100 99 71 80 10 59 44 18 78 93 43 52 88 100 100 90 53 61 44 32 40 3 39 85 16 3 27 24 44 0 0 34 60 0 0 0 0 0 0 0 0 6 34 87 100 69 25 77 78 95 64 15 0 0 0 0 0 0 0 0 0 0 0 7 68 0 3 32 93 96 14 14 37 3 60 21 29 68 100 56 31 42 48 0 0 0 10 64 45
43 38 35 46 53 62 78 100 98 82 74 53 74 48 33 72 76 69 54 86 100 99 51 30 51 47 77 61 27 23 0 0 0 0 0 0 0 0 52 46 0 0 0 0 0 0 6 55 88 100 71 67 65 36 13 2 20 0 0 0 0 0 0 0 0 0 0 0 0 10 81 68 0 53 8 100 73 11 27 33 53 10 52 97 100 100 75 3 0 0 0 0 2 32 7 12
62 86 53 33 77 45 50 99 60 68 37 48 71 59 49 70 30 62 86 90 100 92 54 78 64 41 83 37 31 23 0 0 0 0 0 0 11 24 12 25 0 0 0 7 0 0 67 75 86 92 35 46 47 51 27 0 0 0 0 0 0 0 0 0 0 0 0 4 61 95 67 7 19 73 51 54 14 9 13 44 13 18 89 100 100 98 39 17 7 2 0 0 0 0 0 0
43 69 40 53 100 53 82 77 9 80 10 46 88 51 28 51 38 39 93 100 87 74 89 100 96 61 28 2 29 0 0 0 0 0 0 24 76 57 60 3 30 77 89 92 23 15 48 97 54 70 49 22 39 38 0 0 0 0 0 0 0 0 0 0 4 30 68 87 76 51 6 2 68 100 97 41 22 85 57 16 28 29 66 100 69 46 76 99 91 92 15 0 0 0 23 47
67 97 98 97 100 76 100 28 14 89 55 42 76 24 73 73 60 77 91 25 19 79 70 47 13 66 50 0 0 0 0 0 0 0 0 0 0 2 60 40 78 47 81 15 0 3 62 96 49 42 16 44 9 0 0 0 0 0 0 0 0 1 0 0 80 100 100 100 82 7 15 84 79 54 26 40 41 16 38 51 15 63 100 100 79 80 100 100 100 99 62 0 0 0 40 91
100 72 60 89 100 100 100 56 93 58 46 99 56 56 88 34 60 83 10 0 30 3 0 22 68 57 1 0 0 0 0 0 0 0 0 0 0 5 56 25 25 74 64 0 0 15 77 100 48 0 19 2 0 0 0 7 0 0 4 8 49 39 7 30 97 100 100 92 44 34 77 38 19 67 37 16 38 7 24 1 9 51 55 71 80 54 41 68 91 100 76 38 16 5 63 55
82 95 100 97 100 100 100 100 93 56 45 35 32 50 11 7 89 31 0 0 0 0 15 87 23 0 29 34 0 0 0 0 13 41 2 10 17 59 99 9 36 78 10 22 46 0 24 82 59 19 56 0 0 0 27 72 4 6 84 48 8 31 90 100 100 91 55 57 39 58 49 32 54 73 38 9 6 22 49 36 7 8 35 35 35 22 88 70 34 12 81 100 100 62 18 97
50 95 92 48 72 100 95 88 23 53 26 43 77 98 43 34 96 0 0 0 0 9 61 78 29 0 69 67 7 0 0 61 87 45 31 6 29 82 20 8 83 87 51 94 73 10 33 82 36 38 55 0 4 0 26 30 1 65 100 71 9 19 88 100 100 99 64 31 6 3 88 69 69 2 0 16 5 65 44 47 2 30 3 29 17 75 21 0 8 45 70 99 100 73 0 38
46 49 47 29 14 35 56 38 11 25 36 8 41 49 3 9 6 0 0 0 0 4 6 51 62 91 95 56 61 31 48 97 76 91 98 62 24 47 23 39 27 98 100 100 96 34 100 50 19 23 38 4 68 38 71 39 6 52 100 85 84 48 100 100 100 100 48 38 10 64 98 15 6 27 4 50 45 81 100 98 60 2 29 56 69 74 10 0 31 22 50 65 100 55 34 85
4 31 28 40 6 43 73 48 22 91 48 2 63 85 5 0 0 0 0 0 0 0 0 23 6 32 86 60 90 96 93 91 43 23 67 98 65 9 41 50 15 88 100 95 100 100 62 5 20 3 40 65 45 81 99 31 50 88 65 53 79 30 100 100 100 100 95 69 92 89 31 34 28 5 19 21 24 100 90 51 24 23 48 76 17 0 0 0 2 56 33 66 100 83 97 100
30 28 5 6 69 72 13 3 6 51 5 3 74 79 9 0 0 28 0 4 0 0 27 6 0 0 14 82 98 67 21 47 32 1 0 33 38 14 22 4 3 23 50 50 20 58 40 18 14 0 8 47 17 97 13 13 56 94 60 49 89 40 100 100 93 64 99 100 75 35 31 24 3 28 0 21 87 100 87 97 89 83 98 37 0 0 8 70 65 81 55 100 100 100 100 69
44 16 2 5 59 38 0 0 0 0 0 58 100 51 0 0 0 78 10 82 4 42 95 34 20 0 33 87 30 1 0 20 2 10 55 58 3 0 0 0 0 1 17 27 36 52 32 19 41 13 32 48 43 22 47 38 0 16 38 6 2 36 50 80 19 0 56 34 20 54 32 9 69 57 0 100 100 100 92 75 94 30 45 40 0 6 78 100 74 44 67 100 100 100 100 89
51 64 76 63 45 8 0 0 0 0 0 11 98 100 36 55 83 48 16 100 98 100 44 5 4 0 19 26 0 0 0 0 0 0 41 38 0 0 0 1 8 5 8 20 40 17 4 4 0 0 1 8 9 50 27 0 0 18 19 22 7 0 0 19 12 11 0 8 85 55 12 26 100 87 65 100 93 76 17 23 69 5 0 4 6 62 69 71 46 74 100 100 97 100 100 42
55 70 12 0 0 0 0 0 0 0 3 30 78 100 51 91 98 15 28 90 93 80 21 0 0 0 0 0 0 0 0 0 0 0 0 0 0 0 0 0 24 46 56 71 56 17 0 0 0 0 0 0 0 0 0 0 0 0 0 1 0 33 22 27 18 1 0 14 72 42 0 6 96 100 100 100 35 0 0 2 6 0 0 0 36 68 62 77 43 59 98 30 68 100 87 28
100 67 13 2 3 0 0 11 18 55 81 87 56 98 3 43 32 11 68 67 31 12 0 0 0 0 0 0 0 0 0 0 0 0 0 0 0 0 0 0 0 0 10 0 0 0 4 0 0 16 18 0 0 0 5 0 0 0 0 0 0 10 16 10 0 0 0 11 34 6 12 68 45 84 100 100 25 2 24 15 20 20 3 3 80 100 100 94 30 62 81 2 90 80 23 68
71 41 76 93 81 43 21 90 40 49 86 53 100 100 29 17 7 7 48 58 6 0 0 0 0 0 0 0 0 0 0 0 0 0 0 0 0 0 0 0 0 0 0 11 28 4 34 3 0 60 31 21 0 15 27 5 0 0 0 0 0 0 0 34 0 0 16 14 20 69 43 23 25 59 94 100 25 46 89 74 78 80 14 42 80 100 95 48 9 77 77 43 100 63 0 60
20 33 53 99 100 99 74 58 84 51 64 61 24 100 87 52 38 10 34 3 0 0 0 3 0 0 0 0 0 0 0 0 0 0 0 0 0 0 0 0 0 1 2 15 11 3 3 14 23 20 46 0 0 7 56 25 29 32 0 0 0 0 0 0 0 6 64 97 35 7 0 27 41 85 68 58 60 100 100 40 58 65 46 94 100 100 99 19 6 41 19 75 60 12 18 20
75 57 90 97 82 23 32 85 32 19 63 100 98 92 16 6 21 0 1 0 0 0 0 28 0 0 0 0 0 0 0 0 1 6 0 2 13 8 0 0 0 26 11 0 0 3 0 39 14 73 21 19 3 0 0 7 0 2 58 0 0 21 4 62 8 0 0 42 90 25 2 2 32 83 22 12 42 73 70 43 30 65 96 80 100 100 76 53 76 41 20 0 4 23 0 42
64 78 71 7 2 40 90 87 56 19 28 85 97 39 44 0 0 0 0 0 0 0 0 0 0 0 0 0 0 0 0 0 0 1 8 18 35 19 4 57 56 98 62 35 42 0 0 25 0 25 77 10 17 3 4 24 0 1 25 0 0 36 0 57 63 0 0 16 75 52 81 24 66 42 0 13 0 0 55 23 53 67 73 73 100 100 67 12 6 69 35 8 0 1 5 2
17 72 41 0 1 85 72 15 23 12 0 52 48 1 0 0 0 0 0 0 0 0 0 0 0 0 0 0 0 0 1 3 19 15 3 8 4 43 89 88 34 66 9 19 78 5 0 34 17 8 85 40 53 56 72 60 28 0 0 0 22 61 32 78 54 20 75 75 54 86 97 33 98 33 0 0 0 0 37 95 62 60 44 4 7 51 100 86 30 77 75 8 0 42 34 16
15 9 0 0 26 34 1 4 74 12 0 4 0 0 0 0 0 0 0 0 0 0 0 0 0 0 0 0 0 0 28 22 0 0 0 0 48 39 75 63 5 0 0 13 79 38 3 50 0 18 98 79 1 24 82 50 69 60 28 0 39 48 10 85 100 41 100 100 100 100 100 85 74 10 0 0 0 3 63 100 100 38 4 40 13 5 44 62 99 56 24 60 29 27 23 18
0 0 0 9 2 0 0 0 8 7 7 0 0 0 0 0 0 0 0 0 0 0 0 0 0 0 0 0 15 17 0 4 10 21 8 0 6 3 86 62 45 10 0 0 7 77 26 77 1 4 49 59 1 4 79 57 68 65 47 0 20 0 6 80 99 50 93 95 100 100 100 34 0 0 0 0 8 37 12 78 93 56 83 21 14 12 20 3 23 56 1 5 40 29 3 0
0 21 34 91 90 31 1 21 69 60 8 0 0 0 0 0 0 0 0 0 0 0 0 0 0 0 15 19 2 0 0 8 88 46 0 0 0 2 75 94 100 36 0 0 25 63 17 81 22 0 2 13 44 92 71 80 99 50 0 0 13 15 61 29 53 66 68 48 100 100 100 47 14 29 0 0 89 100 34 36 100 99 80 84 28 39 36 7 0 16 0 0 50 62 5 0
0 69 97 96 87 17 12 45 50 9 33 0 0 0 0 0 0 0 0 0 0 0 12 0 42 17 4 20 59 34 32 28 100 59 29 7 0 20 40 65 100 88 11 36 51 44 28 64 8 0 5 47 88 72 46 95 34 17 0 3 19 18 57 8 43 100 69 36 89 95 100 99 85 70 0 66 90 29 70 93 95 36 18 27 43 45 0 22 0 20 0 0 1 12 0 5
56 82 79 34 22 0 0 0 6 28 1 0 0 0 0 0 0 0 0 0 0 0 29 0 35 36 0 69 100 100 77 80 100 90 38 3 35 2 5 39 74 16 1 70 96 44 25 40 22 0 3 14 38 13 15 31 20 10 34 40 50 47 50 9 21 70 58 12 6 41 95 97 11 44 0 48 57 64 44 63 48 29 23 14 2 0 0 19 0 0 0 0 0 0 0 14
88 100 68 16 6 23 7 0 0 4 3 0 0 0 0 12 0 0 9 34 0 0 0 0 45 47 0 18 98 100 100 92 34 41 57 9 52 6 23 63 38 32 2 70 73 57 52 0 0 16 29 67 77 9 3 35 24 2 60 46 68 31 54 14 0 0 3 0 5 83 100 48 39 6 25 42 80 29 12 44 21 9 0 0 0 0 0 0 0 0 21 29 0 17 30 39
91 95 58 43 37 78 34 1 0 0 0 0 0 0 9 41 0 15 71 16 1 0 0 39 56 35 0 41 100 100 100 34 61 18 68 23 76 42 28 60 73 26 18 71 85 37 34 2 0 23 31 63 28 4 7 6 0 2 41 47 45 44 41 29 3 0 0 0 0 51 52 43 53 55 0 44 28 56 50 0 14 0 9 30 65 31 9 13 0 0 44 47 44 32 81 31
