data/habitatmaps/RS_maps/habitat_Regulus.regulus_2011.asc
NCOLS 369 
NROWS 228 
XLLCORNER 479000 
YLLCORNER 73000 
CELLSIZE 1000 
NODATA_value -9 
[rows 63 to 125 of 228, columns 192 to 287 of 369]
2 2 5 29 7 0 26 23 34 46 84 36 19 63 27 0 0 0 0 0 3 5 35 62 23 1 0 17 38 1 0 0 32 6 0 0 1 27 21 17 0 10 35 34 40 17 27 55 66 43 15 10 53 32 30 26 36 17 19 50 57 75 44 78 66 28 43 60 63 64 22 45 42 20 1 14 0 7 40 30 29 55 55 31 23 3 0 25 62 38 83 41 0 0 0 50
0 1 0 45 2 1 36 42 47 34 33 57 66 81 78 0 0 0 0 1 1 15 16 12 28 36 0 7 10 14 29 12 6 0 3 8 32 25 46 56 17 1 10 21 32 43 51 45 16 18 22 29 20 16 39 1 28 27 34 38 60 64 35 72 69 60 63 74 80 76 61 41 0 0 0 0 0 0 0 5 37 26 23 58 36 12 1 22 4 61 84 49 0 0 1 96
0 0 0 15 16 0 50 61 12 24 24 67 100 93 99 26 0 0 0 0 0 0 0 5 55 50 20 2 21 15 10 3 20 0 65 21 1 41 83 55 32 61 18 39 10 27 5 24 16 20 4 46 78 47 56 48 3 21 44 15 0 38 49 59 39 55 74 63 78 100 37 7 0 0 0 0 0 0 0 29 0 0 12 0 13 8 8 6 0 0 16 26 22 29 60 46
0 0 0 0 0 0 10 55 20 8 18 50 100 100 94 33 12 0 1 0 0 0 0 0 0 16 42 42 43 3 8 16 0 0 65 4 2 11 48 37 25 34 32 15 19 12 25 0 13 16 83 100 95 62 68 60 15 8 18 24 0 7 31 42 16 8 52 58 49 39 11 0 0 0 0 0 0 0 0 0 6 0 0 0 76 46 15 0 0 24 42 28 20 31 70 10
0 0 4 47 8 31 0 3 3 9 34 3 28 79 100 32 41 23 20 0 0 0 0 0 0 0 21 12 0 0 14 3 0 0 30 16 17 17 22 39 11 0 0 26 16 50 30 18 6 5 91 99 71 65 81 32 37 37 45 19 0 0 0 17 16 57 38 44 61 3 0 0 0 0 0 0 0 0 0 37 82 13 0 0 19 1 6 21 45 62 45 4 25 93 58 34
14 0 36 51 69 9 13 16 24 12 44 28 2 13 53 60 0 30 22 27 0 0 0 0 0 0 0 0 0 3 11 0 0 0 2 2 58 62 6 36 40 38 21 36 46 70 20 20 3 0 28 72 84 79 48 48 71 33 59 15 0 0 20 32 35 49 21 0 14 0 0 19 18 0 0 0 0 0 31 81 62 4 0 0 0 4 34 34 16 6 0 12 26 11 23 0
4 6 1 0 7 25 25 36 0 14 36 0 0 2 13 75 8 14 13 0 0 0 0 0 0 0 0 0 0 0 0 0 0 0 0 0 0 0 4 30 25 23 1 0 0 0 0 0 0 4 3 22 66 37 26 35 83 51 59 38 29 1 1 2 51 28 7 6 3 5 44 68 69 15 44 26 0 48 64 60 3 0 0 0 2 4 3 4 0 0 11 56 54 39 22 7
4 12 0 8 17 13 1 21 29 7 26 12 18 8 0 51 1 8 37 0 0 0 0 9 0 0 0 0 0 0 0 0 0 0 0 0 0 0 0 0 0 6 34 54 39 0 0 0 0 2 9 42 44 55 60 55 64 83 60 62 61 23 7 37 29 22 4 14 45 52 24 26 9 45 50 39 3 30 22 27 0 0 0 0 0 0 0 0 4 38 63 94 82 58 57 72
56 14 20 28 1 2 0 0 59 67 17 11 55 45 26 41 20 3 2 0 0 0 0 30 0 0 0 0 0 0 0 0 0 0 0 0 0 0 0 30 65 57 43 14 0 0 0 0 2 0 16 32 73 96 97 48 53 57 38 59 85 82 28 24 13 56 72 55 11 0 0 15 11 5 8 22 35 16 81 7 0 0 0 6 18 0 0 0 23 100 96 95 92 86 61 24
33 16 26 50 19 2 14 0 2 22 1 0 41 81 7 22 21 42 2 0 0 0 0 0 0 0 5 19 5 7 0 0 3 0 0 0 0 0 0 4 16 0 0 0 0 0 0 0 4 0 9 12 53 86 75 39 10 30 15 54 50 17 1 0 5 5 46 12 2 29 32 11 0 43 93 94 76 47 9 29 0 0 0 38 12 0 0 4 73 100 77 72 86 76 61 74
14 8 19 56 2 0 17 0 0 0 0 0 42 85 13 26 1 6 21 0 0 0 0 0 0 0 0 0 23 30 18 47 15 0 0 0 0 0 0 0 0 0 0 0 0 0 0 6 3 1 5 13 59 80 70 49 0 0 21 65 87 45 70 44 13 25 22 41 65 45 56 16 16 16 19 41 54 10 0 2 2 0 0 27 0 0 0 54 68 99 61 81 75 92 98 65
44 10 17 59 9 0 0 0 0 0 0 0 1 58 13 0 21 0 34 12 3 0 0 0 0 0 0 10 10 42 39 42 9 16 0 0 16 0 0 0 0 0 0 0 0 0 0 10 6 0 0 10 66 80 42 1 0 0 45 90 88 94 76 67 55 58 48 35 13 2 52 18 35 61 88 39 30 7 31 53 0 0 0 12 11 0 12 94 92 69 20 61 98 61 69 70
34 11 16 8 0 0 0 0 0 0 0 0 0 48 0 0 0 0 29 43 4 10 29 49 58 7 5 4 36 70 48 46 42 60 22 26 35 32 14 4 0 3 17 38 14 0 0 0 2 0 0 19 92 76 6 11 27 0 2 26 16 28 58 87 84 15 0 0 0 0 2 0 0 2 57 85 77 86 75 51 64 60 34 0 11 0 20 97 99 60 64 70 99 91 21 50
16 38 22 0 14 1 0 0 0 0 0 30 0 41 6 0 0 0 2 41 62 76 63 70 94 80 60 50 35 22 28 29 56 92 52 60 36 55 13 15 79 54 72 65 65 20 29 3 0 0 0 9 99 40 8 50 25 33 9 64 26 28 82 77 72 0 0 0 0 0 0 0 0 1 6 72 53 27 42 98 67 47 69 0 24 6 57 100 60 95 100 100 74 68 22 91
42 0 23 12 14 0 0 0 0 0 15 31 9 39 15 12 41 43 77 93 85 100 100 100 100 81 46 26 0 5 20 67 99 73 46 65 61 57 15 13 30 78 70 55 65 98 88 73 26 0 0 24 97 37 15 64 56 4 11 12 41 77 27 7 5 26 9 1 12 54 31 15 0 0 1 30 8 0 10 45 64 77 65 30 2 3 17 88 60 52 70 100 64 55 21 36
19 0 13 0 0 0 0 0 0 0 56 40 55 58 47 70 43 47 48 82 88 55 98 66 41 3 2 27 10 0 3 32 98 52 41 95 66 13 12 55 68 46 80 37 27 98 90 92 81 2 0 20 55 15 8 78 13 4 33 37 11 23 0 3 1 61 59 11 7 8 49 95 35 8 0 0 0 0 0 68 88 12 72 44 0 31 0 45 67 87 92 84 65 67 29 4
32 0 12 0 0 21 23 0 0 22 97 62 82 45 2 0 20 1 19 8 36 39 50 28 25 22 45 16 0 0 0 10 59 76 100 57 82 31 10 65 78 88 64 22 9 60 45 36 62 15 4 3 14 3 4 1 2 4 9 30 28 31 35 48 35 9 4 5 5 6 4 55 97 56 0 13 2 0 0 59 37 20 40 5 0 14 0 7 50 62 84 80 35 44 10 31
2 10 6 0 29 10 6 0 4 89 50 15 80 44 0 0 0 0 0 29 30 93 30 0 24 31 20 1 0 0 0 0 23 57 42 53 95 72 3 15 4 40 97 54 37 44 33 35 44 25 7 0 0 0 6 61 37 23 3 0 0 0 2 5 24 0 1 0 0 12 11 0 30 90 13 61 13 0 0 20 18 70 49 64 0 19 10 0 4 48 51 66 61 53 7 57
1 6 70 46 29 0 0 0 15 80 33 17 92 50 10 5 31 15 0 19 14 25 0 4 35 62 20 4 53 25 0 0 37 18 24 37 42 52 27 22 12 63 98 59 10 19 29 17 48 52 63 16 0 36 72 76 34 68 42 32 5 0 0 0 0 0 30 79 43 62 60 13 0 63 95 71 15 6 0 0 20 65 93 60 3 4 23 16 40 80 47 76 68 62 0 46
0 0 21 32 0 0 49 67 1 13 49 5 34 99 48 45 100 99 25 0 44 30 1 61 63 86 22 25 41 0 0 0 68 51 57 72 17 41 42 64 26 44 38 58 13 13 42 42 53 33 76 41 16 39 63 74 61 97 46 68 42 55 66 59 4 62 23 85 83 34 22 41 7 30 94 88 33 0 0 0 2 77 44 11 21 35 22 5 78 98 77 69 67 52 45 61
14 58 14 16 17 0 9 6 0 0 29 28 13 97 90 100 95 65 49 0 80 50 6 79 38 38 11 30 20 16 12 8 47 26 51 72 66 42 69 82 17 8 47 0 0 25 55 48 31 46 95 33 16 74 56 44 22 61 10 68 38 92 77 91 80 58 89 82 23 36 6 0 6 0 33 93 70 20 2 23 82 80 13 0 0 14 26 8 96 99 37 60 30 0 2 73
39 40 4 12 0 0 0 0 0 0 7 63 73 83 100 100 91 80 44 14 39 8 11 87 97 41 39 32 76 65 71 8 5 16 65 54 68 65 81 91 45 6 59 2 0 27 86 54 64 77 77 3 4 88 67 19 0 16 4 30 16 92 100 89 73 45 60 56 37 29 3 41 40 50 3 29 98 71 48 27 90 52 10 1 0 6 4 54 99 81 18 59 38 0 23 59
25 0 4 0 0 0 6 2 0 0 1 3 22 64 59 43 47 15 6 13 36 29 48 45 99 40 26 25 35 38 82 85 11 14 57 54 65 96 54 98 17 28 41 4 2 42 80 47 28 70 39 0 56 99 54 49 4 22 0 11 1 39 100 78 54 0 0 0 42 66 66 45 37 22 46 20 30 86 78 4 9 10 8 0 0 0 52 89 63 35 1 38 32 0 2 0
0 0 44 46 0 0 19 51 52 8 0 0 6 33 20 56 16 34 0 1 27 61 67 94 43 73 21 61 87 66 40 42 92 19 2 33 13 88 78 15 70 38 78 14 0 25 86 25 6 2 2 19 14 89 59 20 4 10 0 0 0 27 75 97 14 0 0 5 44 80 95 77 33 36 57 44 18 19 92 58 6 4 10 0 0 0 42 25 37 48 0 0 0 0 0 0
6 58 59 0 0 0 70 11 74 57 4 0 0 10 75 15 8 51 1 18 12 42 51 78 24 92 30 90 100 92 68 94 58 0 57 58 33 70 4 0 18 62 20 0 0 69 54 0 0 0 2 3 35 76 40 55 0 0 0 10 61 15 29 40 3 0 10 59 78 54 100 41 33 29 71 46 84 68 22 9 57 7 0 19 17 22 20 92 97 35 0 0 0 0 0 0
76 35 10 0 0 8 36 63 35 38 40 2 0 6 89 7 0 4 2 11 72 56 13 64 55 58 71 100 76 100 51 52 19 22 63 33 55 85 24 1 39 44 2 0 0 8 0 0 0 2 12 3 29 73 23 3 0 0 0 0 0 1 16 29 0 0 0 37 52 82 77 1 0 40 46 54 81 87 71 34 0 0 0 11 62 70 80 70 94 10 0 0 0 0 0 0
28 0 0 0 0 46 67 17 5 13 73 46 26 0 57 21 20 1 0 4 32 27 9 59 64 67 95 82 83 83 71 9 42 8 47 0 15 65 5 0 1 0 0 0 0 0 1 26 18 48 78 22 18 39 86 0 0 0 0 0 0 0 22 7 0 0 0 12 44 74 27 0 38 69 58 36 72 74 96 12 0 0 0 0 11 64 85 76 79 51 34 2 0 37 16 27
0 0 0 0 0 66 61 40 45 38 67 87 27 10 19 1 0 0 0 1 5 22 59 63 34 37 100 49 28 68 21 0 10 38 26 0 11 32 0 0 0 8 35 55 46 57 78 20 52 91 83 76 23 1 65 73 42 0 0 0 0 0 0 0 0 0 0 0 44 74 0 0 0 0 0 70 79 96 45 38 12 0 0 0 0 17 15 71 57 94 84 32 0 11 27 81
0 0 0 0 0 34 26 89 62 52 11 71 87 67 61 11 0 25 7 14 0 0 53 75 39 70 92 56 71 72 11 18 52 54 6 0 41 14 0 34 47 60 23 43 47 48 25 65 86 51 63 36 59 6 12 70 34 0 0 0 0 0 0 0 0 0 0 0 2 11 0 0 0 1 26 53 73 87 51 94 30 19 0 20 0 12 25 44 70 68 56 59 6 0 0 7
0 0 0 0 0 7 0 20 51 80 38 13 33 52 61 73 18 53 67 6 0 0 21 74 62 32 29 18 60 80 51 51 36 55 46 0 0 0 15 83 67 70 78 78 71 85 61 17 0 0 0 0 0 4 7 100 37 0 0 0 0 0 0 0 0 0 0 0 0 0 0 0 0 2 62 22 94 51 40 45 65 49 69 81 61 16 5 0 0 21 88 74 60 0 0 22
0 0 0 0 0 0 0 0 12 70 50 54 28 44 78 60 66 43 7 0 0 0 0 40 44 44 35 52 77 48 30 63 35 67 24 0 0 0 40 22 0 17 84 7 0 4 0 0 0 0 0 17 3 0 18 96 94 64 6 4 36 63 25 0 0 0 0 0 0 0 0 1 31 50 31 42 43 0 0 30 77 70 63 78 58 43 1 17 0 3 44 87 89 18 33 6
0 0 0 0 0 0 25 0 25 76 72 36 16 80 64 37 14 6 0 0 0 14 72 82 58 77 18 12 36 18 9 32 13 0 0 0 0 1 0 0 0 0 33 42 0 0 0 0 0 0 0 62 22 1 25 58 45 59 79 75 93 42 0 0 0 0 0 0 0 0 3 54 42 8 53 68 66 0 0 0 1 18 48 75 11 44 60 21 3 0 6 64 69 43 35 27
35 77 64 52 44 32 4 0 4 8 10 2 31 65 25 0 0 0 8 4 0 75 77 22 37 35 2 56 40 50 3 0 0 1 19 2 57 44 0 0 0 0 2 27 0 0 0 0 0 0 2 10 2 34 77 99 69 21 52 74 94 12 0 0 0 20 0 0 8 17 19 50 78 60 58 29 1 0 0 0 0 0 0 79 21 51 83 71 21 0 0 2 77 15 28 35
32 11 19 0 2 2 0 0 0 0 0 0 6 7 0 7 48 6 8 12 61 89 88 70 54 31 4 32 3 22 24 46 94 47 39 44 51 4 0 0 0 0 0 0 0 0 0 0 0 18 0 0 45 88 97 67 15 74 58 12 67 38 4 0 0 12 0 0 53 83 78 68 10 0 26 0 0 0 0 0 0 5 17 62 16 90 4 85 86 35 0 0 38 75 98 78
42 29 0 0 0 0 0 0 0 0 0 0 0 13 21 55 55 1 10 67 26 17 9 31 36 80 68 16 0 8 0 33 91 64 73 92 16 2 0 0 0 0 0 0 0 0 0 1 44 36 0 20 90 60 74 44 0 0 56 46 26 35 37 24 37 25 0 21 50 51 19 22 0 0 0 0 0 0 0 0 0 12 64 15 39 95 12 25 52 18 0 18 30 79 38 69
5 1 0 0 0 0 2 1 1 0 12 54 79 94 86 46 61 0 6 68 0 0 0 30 30 38 45 89 37 43 15 69 100 97 66 53 20 2 0 0 0 0 0 0 0 0 0 2 66 92 13 77 100 60 38 7 0 0 11 13 15 8 52 55 35 7 0 0 12 0 0 0 0 0 0 0 0 0 0 0 0 34 80 47 23 82 46 38 17 39 0 0 21 67 48 86
0 0 0 17 31 44 67 59 50 72 37 38 22 49 42 26 39 0 5 82 55 9 0 0 0 0 33 54 52 48 50 100 73 67 52 21 17 5 0 0 0 0 0 0 0 0 8 51 22 66 24 100 77 38 15 2 0 0 7 48 30 52 55 12 0 0 0 0 0 0 0 0 0 0 0 0 0 0 0 0 0 8 10 42 60 84 42 71 14 13 0 0 59 38 68 46
0 0 7 71 97 96 38 56 66 69 30 83 49 32 34 58 27 0 2 69 57 54 37 26 22 9 0 17 16 1 44 10 32 91 67 79 66 2 0 0 0 0 0 0 0 0 10 14 11 19 78 99 59 44 36 0 0 0 14 23 14 78 17 0 0 0 0 0 0 0 0 0 0 0 0 0 0 0 0 0 0 0 0 40 87 43 49 35 10 16 0 1 73 87 84 58
50 4 9 63 35 31 64 48 68 78 62 58 36 1 73 36 6 0 37 100 84 73 52 91 63 29 0 0 0 0 10 0 0 17 68 88 22 0 0 0 0 0 0 0 0 4 10 68 18 56 98 58 41 12 0 0 0 0 0 12 17 60 2 4 2 0 0 0 0 0 1 22 38 17 21 9 0 0 0 0 0 0 10 69 78 9 24 15 7 6 26 14 91 69 64 55
90 25 10 14 14 34 78 42 17 6 98 58 18 0 66 50 0 0 65 86 30 12 18 2 0 0 0 0 0 9 48 0 0 0 33 31 0 0 0 0 0 0 0 0 0 2 59 46 32 98 54 15 0 0 0 0 0 0 0 40 34 48 62 87 50 0 0 0 0 9 26 28 26 63 80 33 0 0 0 0 25 21 55 100 42 23 81 35 59 4 26 49 98 46 54 56
38 2 36 41 69 40 35 0 0 0 24 4 11 9 50 73 47 0 37 90 66 22 0 0 0 0 0 0 0 0 6 0 0 0 4 49 16 0 0 0 0 0 0 0 0 0 0 27 82 100 39 0 0 0 0 0 0 0 6 9 6 26 72 59 0 0 0 0 0 0 0 0 0 0 6 1 0 16 56 55 76 42 86 74 11 5 37 30 79 31 14 62 57 66 65 43
47 7 12 84 70 45 7 0 0 0 6 38 22 38 13 16 62 0 0 83 99 87 27 10 0 0 0 0 0 0 0 0 0 0 0 23 19 0 0 0 0 0 0 0 51 45 34 55 59 39 4 0 0 0 0 0 0 5 6 4 8 59 26 0 0 0 0 0 0 0 0 0 0 0 0 0 0 0 10 41 74 80 56 1 0 0 61 97 98 23 1 47 83 98 38 68
55 38 24 64 61 21 0 0 0 15 64 24 66 68 44 53 5 0 0 66 61 59 82 9 0 0 0 0 0 0 0 0 0 0 0 5 0 0 0 0 0 0 10 31 26 31 63 34 87 0 27 0 0 0 0 0 2 13 8 4 0 2 4 0 0 0 0 0 0 0 0 0 0 0 0 0 0 0 2 39 62 48 0 0 0 6 92 100 59 6 1 56 93 64 15 54
53 19 16 44 33 0 0 0 2 46 84 74 24 10 49 85 67 0 0 47 85 55 81 63 16 11 45 0 0 0 0 0 0 0 0 0 0 0 0 0 24 28 13 0 0 33 49 79 52 0 2 0 0 0 0 0 7 4 3 0 0 0 0 0 0 0 0 0 0 0 0 0 0 0 0 0 0 1 34 77 81 72 0 0 0 34 99 99 24 47 72 97 95 84 25 12
7 40 53 16 86 36 0 0 0 0 45 81 1 27 59 34 88 25 0 2 21 51 61 46 15 34 44 15 38 0 0 0 0 0 0 0 0 0 14 45 45 18 0 0 13 68 40 62 5 0 0 0 0 0 0 0 0 0 0 0 0 0 0 0 0 0 0 0 0 0 0 0 0 0 0 0 0 21 68 58 94 43 0 0 0 30 98 61 1 79 100 99 74 0 0 0
10 16 53 11 62 33 0 0 0 16 50 8 0 9 0 0 65 80 26 1 1 13 41 45 52 28 7 2 3 0 0 0 0 0 0 0 0 0 29 1 0 0 0 0 0 47 91 5 0 0 0 0 0 0 0 0 0 0 0 0 0 0 0 0 0 0 0 0 0 0 0 0 0 0 0 0 0 67 66 87 31 0 1 12 44 16 24 10 0 52 100 71 14 0 0 0
2 36 77 73 57 22 0 0 0 3 26 0 0 0 0 12 86 99 44 0 0 8 57 81 80 60 66 41 12 0 4 16 38 8 0 0 0 0 0 0 0 0 0 0 2 72 44 0 0 0 0 0 0 0 0 0 0 0 0 0 0 0 0 0 0 0 5 10 4 0 0 0 5 3 0 0 13 50 82 88 28 5 11 24 60 4 2 0 0 58 100 54 1 1 4 0
80 75 18 2 0 0 0 0 0 0 0 0 0 0 0 43 71 72 72 0 4 42 73 50 84 47 68 69 10 23 38 60 81 69 28 0 0 0 0 0 0 0 0 0 0 5 0 0 0 0 0 0 0 0 0 0 0 0 0 0 0 0 0 0 0 0 90 55 36 61 28 43 92 43 6 4 14 84 77 76 46 74 97 57 25 0 0 0 30 100 74 15 21 16 16 11
73 65 2 0 0 0 0 0 0 0 0 0 0 0 0 0 1 87 68 26 26 87 79 39 39 14 0 0 0 7 74 11 6 0 0 0 0 0 0 0 0 0 0 0 0 0 0 0 0 0 0 0 0 0 0 0 0 0 0 0 0 0 0 0 32 45 98 71 42 6 31 29 97 80 27 16 23 92 69 70 73 64 27 2 10 38 52 92 59 91 72 46 55 39 23 40
100 91 11 0 0 0 0 0 0 0 0 0 0 0 0 0 6 60 67 51 39 59 55 33 17 0 0 0 0 21 40 0 0 0 0 0 0 0 0 0 0 0 0 0 0 0 0 0 0 0 0 0 0 0 0 0 0 0 0 0 0 0 0 0 3 76 29 55 68 6 45 79 45 14 54 28 33 62 58 23 1 0 0 23 59 99 100 62 70 64 83 91 100 88 81 93
55 19 8 20 25 0 0 0 0 0 0 0 0 0 0 0 0 3 58 79 23 73 0 0 0 0 0 0 3 91 33 0 0 0 0 0 0 0 0 0 0 0 0 0 0 0 0 0 0 0 0 0 0 0 0 17 52 0 0 0 22 0 0 2 8 76 61 55 68 75 99 96 75 45 49 75 80 49 42 78 44 41 66 95 100 100 81 56 37 89 90 62 48 74 88 69
87 28 36 56 56 1 0 0 0 0 0 0 0 0 0 0 0 0 50 95 14 93 42 0 0 0 0 0 0 52 13 0 0 0 0 0 0 0 0 0 0 0 0 0 0 0 0 0 0 0 0 0 0 1 3 34 81 20 0 5 73 4 17 58 40 49 55 46 97 100 92 84 69 60 73 100 62 19 40 100 94 80 74 65 93 64 40 24 28 82 87 70 70 40 59 75
36 2 2 7 52 4 0 0 0 0 0 0 0 0 0 4 54 18 62 93 52 62 99 51 3 0 0 0 0 0 0 0 0 0 0 0 0 0 0 0 0 0 0 0 0 0 0 0 0 0 0 0 0 6 17 64 34 65 0 22 100 40 87 89 45 6 11 64 91 99 83 93 84 34 98 100 84 44 16 98 89 76 46 18 22 0 11 34 64 43 46 14 53 51 99 69
38 59 58 68 17 32 40 4 0 0 0 0 0 0 0 0 0 30 45 31 70 88 23 73 92 4 0 0 0 0 0 0 0 0 0 0 0 0 0 0 0 0 0 0 0 0 0 0 0 0 0 0 0 3 36 79 7 59 29 61 100 36 58 99 41 2 63 51 67 87 97 92 57 46 59 83 96 62 77 66 33 22 7 2 0 0 4 79 41 27 33 0 0 7 35 8
16 13 19 30 57 64 53 26 8 0 0 0 0 0 0 0 0 0 0 0 1 87 73 41 99 21 0 0 0 0 0 0 0 0 0 0 0 0 0 0 0 0 0 0 0 0 0 0 0 0 0 4 27 8 3 35 31 41 41 80 60 59 64 69 50 80 8 7 10 18 45 45 17 17 30 85 74 68 76 70 96 91 15 10 36 1 0 0 15 23 42 10 0 0 0 0
0 0 0 0 0 10 52 17 13 0 0 0 0 0 0 0 0 0 0 0 0 33 87 26 99 34 0 0 0 0 9 9 1 0 0 0 0 0 0 0 0 0 0 0 0 0 0 0 0 0 0 12 61 30 0 27 23 18 54 59 56 22 48 24 29 28 4 39 60 79 60 60 9 43 80 97 97 63 95 88 100 97 32 58 94 12 0 18 89 53 18 44 0 0 0 0
0 0 0 0 0 0 0 0 0 0 0 0 0 0 0 0 0 0 0 0 1 48 85 33 93 83 33 0 0 21 81 46 1 0 0 0 0 0 0 0 0 0 0 0 0 0 0 0 0 6 32 15 64 15 41 60 25 10 30 46 45 34 10 4 29 7 4 76 44 61 92 78 67 15 75 100 100 86 57 90 74 73 64 85 91 55 0 3 30 59 73 42 0 0 0 0
0 0 0 0 0 0 0 0 0 0 0 0 0 0 0 0 0 0 0 15 48 91 95 56 43 85 64 39 72 40 54 9 0 0 0 0 0 0 0 0 0 0 0 0 0 0 7 17 24 45 70 77 41 4 56 80 60 60 70 53 52 64 89 46 22 16 79 39 34 30 27 57 72 0 56 80 100 61 44 96 61 56 10 56 78 61 13 0 0 8 15 19 17 0 0 0
0 0 0 0 0 0 0 0 0 0 0 0 0 0 0 0 0 0 2 58 84 81 50 81 54 69 80 76 60 11 0 0 0 0 0 0 0 0 0 0 29 0 0 0 7 39 71 89 70 31 24 5 13 29 63 66 93 46 17 5 48 42 33 13 12 48 21 83 76 10 0 0 4 0 3 78 100 59 16 29 73 69 1 82 96 72 32 0 0 26 11 44 39 0 0 0
0 0 0 0 0 0 0 0 0 0 0 0 0 0 0 0 0 0 0 53 51 82 89 42 0 12 74 76 0 0 0 0 0 0 0 0 0 0 0 0 42 4 6 45 66 79 76 12 2 2 24 68 63 56 41 22 4 2 17 0 0 0 13 53 92 90 49 60 69 31 0 0 0 29 31 100 99 26 7 19 30 40 9 37 77 95 39 0 0 45 30 83 20 0 0 0
0 3 0 0 0 0 0 0 0 0 0 38 18 0 0 0 0 0 6 22 20 94 37 2 0 1 26 28 0 0 0 0 0 0 0 0 0 0 0 11 72 64 96 72 31 13 5 55 54 69 100 80 87 20 65 42 63 1 0 0 0 0 16 21 64 80 30 80 57 14 0 0 0 75 75 93 49 0 13 6 30 28 28 17 99 74 10 0 0 25 23 60 50 0 0 0
42 83 6 0 0 0 0 0 0 0 0 0 8 0 0 0 0 0 48 75 49 58 0 0 0 0 0 0 0 0 0 0 0 0 0 0 0 0 3 66 100 87 27 2 0 40 69 41 32 85 87 91 64 67 97 74 39 0 0 8 6 0 0 15 88 28 78 39 9 0 0 0 24 82 81 50 0 0 37 7 21 6 35 8 83 47 45 2 0 0 18 26 64 0 0 0
29 34 48 5 0 0 0 0 0 0 0 0 0 22 13 8 32 6 92 34 73 13 0 0 0 0 0 0 0 0 0 0 0 0 0 0 0 62 94 97 67 45 55 45 29 94 81 34 73 78 47 2 0 92 31 14 29 0 0 10 11 0 1 44 43 57 57 82 0 0 0 0 30 47 96 46 0 0 38 44 21 11 37 1 64 98 77 34 15 15 46 64 14 0 0 0
