data/habitatmaps/RS_maps/habitat_Turdus.torquatus_2007.asc
NCOLS 369 
NROWS 228 
XLLCORNER 479000 
YLLCORNER 73000 
CELLSIZE 1000 
NODATA_value -9 
[rows 120 to 179 of 228, columns 96 to 191 of 369]
0 0 0 0 0 0 0 0 0 0 0 13 0 2 0 10 11 22 23 0 0 20 6 28 30 6 59 14 3 0 0 0 0 0 0 0 0 18 1 0 0 10 7 3 1 37 22 72 33 49 56 39 26 32 37 31 67 56 34 26 22 82 98 43 50 1 16 14 17 0 30 77 55 40 4 64 48 37 0 0 54 42 12 6 5 1 76 3 18 46 29 1 0 52 27 3
0 0 0 0 0 0 0 0 0 0 0 21 0 0 0 11 8 5 16 46 77 91 92 87 45 59 94 84 6 0 0 0 0 0 0 0 0 28 2 0 27 18 1 0 28 39 51 56 71 71 68 52 12 26 39 68 72 83 77 44 48 36 20 45 49 22 31 16 31 0 27 32 20 24 0 0 0 0 0 15 24 25 58 6 0 0 9 46 27 0 0 0 11 99 38 67
0 0 0 0 0 0 0 0 0 0 2 20 21 0 0 0 0 42 81 81 76 48 54 42 8 46 75 98 63 0 0 8 13 25 0 0 16 2 0 0 13 38 25 10 62 78 89 44 81 88 43 24 85 94 98 36 73 73 75 28 53 43 12 12 15 0 0 0 3 0 0 0 13 26 0 0 0 0 0 22 2 0 16 50 53 9 0 4 75 59 2 10 66 100 100 89
0 1 0 0 0 0 0 0 0 0 4 55 19 0 0 37 54 91 68 77 71 53 73 74 21 47 78 92 82 29 10 14 0 0 0 0 8 0 0 0 7 59 16 42 63 57 72 62 81 35 41 51 36 50 67 47 94 88 80 23 2 4 43 9 1 0 0 0 0 0 0 0 15 0 0 0 0 0 0 0 0 0 0 0 42 66 0 0 18 47 42 42 58 100 72 42
0 6 0 21 0 0 0 0 0 0 4 4 0 0 15 60 96 58 60 15 3 26 86 94 58 60 79 87 95 92 19 0 0 0 0 0 0 0 0 0 0 2 20 51 28 0 2 6 32 35 46 54 19 20 6 60 86 38 37 67 8 1 26 0 0 0 0 0 0 0 0 0 0 0 14 16 34 22 0 0 0 0 0 0 53 66 8 0 11 36 32 46 71 29 4 18
0 0 0 33 3 0 0 1 34 0 0 5 8 0 22 54 36 4 17 5 0 5 34 31 95 57 56 81 90 92 13 0 0 0 0 0 0 0 0 0 0 0 12 33 2 0 0 0 15 83 52 13 65 2 24 66 18 1 14 48 49 17 0 0 0 0 0 0 11 38 20 50 41 34 58 52 74 65 32 4 2 1 0 0 0 86 22 0 12 30 58 5 30 52 93 76
0 0 15 28 44 31 23 45 50 1 19 90 97 14 11 7 8 1 6 6 43 34 34 28 3 31 17 49 36 30 6 1 0 0 0 0 0 8 0 0 0 0 0 5 0 0 0 2 58 78 54 67 17 71 80 40 0 2 67 64 25 1 0 0 0 0 0 6 71 60 18 36 51 67 13 5 34 12 17 24 10 5 2 0 0 20 40 12 48 49 18 38 34 73 71 54
0 1 59 9 15 82 84 84 55 35 62 86 89 96 36 31 64 48 46 70 87 40 28 14 7 14 21 60 28 61 11 20 49 22 0 0 0 4 16 0 0 0 0 0 0 0 0 1 76 58 77 34 65 70 55 41 2 53 49 2 0 0 0 0 0 2 23 67 56 80 68 29 34 32 16 25 0 1 12 29 34 54 17 2 3 11 12 18 4 58 84 59 90 74 55 100
0 0 0 2 48 84 84 53 36 80 12 10 28 58 8 47 38 52 48 60 20 19 36 39 48 26 1 38 44 26 8 20 24 47 31 6 1 0 0 0 0 0 0 0 0 0 0 3 19 89 63 63 48 46 12 0 54 51 0 0 0 0 0 15 26 35 87 69 85 98 43 6 22 6 86 47 35 0 0 11 66 72 32 68 34 19 72 91 79 82 66 66 99 99 36 58
0 0 0 10 94 20 63 64 33 50 40 48 16 36 22 98 31 42 36 44 18 15 8 8 0 0 5 18 49 49 48 53 41 83 87 44 70 20 0 0 0 0 0 0 0 0 0 0 55 40 33 35 16 59 63 9 32 1 0 0 0 0 14 81 95 84 44 6 4 84 37 30 50 88 51 1 3 0 0 28 64 75 86 68 48 34 16 59 71 100 100 98 91 100 72 69
0 0 0 7 93 16 47 43 38 58 77 60 34 60 45 43 31 62 47 40 26 24 18 6 7 2 6 8 60 86 36 22 6 10 37 48 21 0 2 6 2 0 0 0 0 0 0 0 2 7 25 16 0 4 29 0 0 0 0 0 0 28 56 95 40 56 5 2 2 21 0 19 84 100 29 3 9 6 16 50 97 98 100 56 0 11 11 45 94 52 89 92 85 100 62 40
0 2 28 69 92 22 39 49 88 94 91 17 47 35 29 43 29 37 10 13 65 62 82 6 3 4 8 48 67 29 2 1 18 12 1 0 0 20 50 13 0 0 0 0 0 0 0 0 0 0 0 0 0 0 0 3 2 0 0 7 32 79 66 51 88 85 9 47 50 42 3 40 72 94 3 0 10 32 88 100 100 100 99 11 43 42 16 18 58 39 4 61 100 73 89 51
21 14 39 23 30 64 42 74 88 82 25 34 42 1 54 59 28 37 51 8 2 28 45 21 0 9 32 27 25 26 30 0 0 0 0 0 0 2 37 38 1 0 0 0 0 0 0 0 0 0 0 0 0 0 22 61 17 0 53 94 78 69 31 70 49 84 64 28 78 12 31 23 6 14 7 12 4 51 100 67 87 97 97 48 66 64 61 27 6 8 45 25 98 44 7 4
4 46 66 74 22 39 27 41 42 65 20 53 10 57 76 1 64 58 60 36 48 67 58 36 0 0 0 3 0 2 8 0 15 1 3 1 7 50 30 54 40 8 0 0 0 0 0 0 0 1 0 0 7 22 94 49 22 0 28 56 36 5 7 34 25 26 2 4 26 21 0 0 1 0 55 53 68 94 84 21 74 72 68 85 55 100 100 64 24 0 20 47 36 91 14 1
10 44 78 69 24 49 40 24 72 38 13 53 78 47 7 52 14 0 32 1 46 46 32 2 7 5 14 36 30 33 44 23 25 7 6 25 13 44 76 93 94 76 14 0 0 0 0 25 25 61 40 59 79 95 64 14 56 0 0 60 57 28 59 36 22 13 2 34 36 15 10 10 0 0 11 87 75 21 14 0 47 96 49 53 9 55 98 61 79 85 60 11 65 98 63 24
12 47 58 22 13 28 76 43 55 61 34 10 23 16 60 39 39 11 55 25 9 1 8 7 26 14 53 58 68 74 44 78 62 53 51 17 25 44 60 39 40 77 59 1 0 0 8 49 78 83 77 100 46 42 53 53 70 12 1 10 31 31 71 23 42 20 55 52 64 42 62 52 0 0 74 72 52 11 0 0 32 54 64 87 76 18 62 100 100 100 100 82 98 100 90 4
21 44 39 10 26 47 15 29 53 1 5 42 36 10 11 25 41 21 0 2 0 9 51 35 24 54 51 90 92 80 42 58 34 75 53 20 4 49 53 86 30 0 10 0 0 17 8 78 52 72 77 85 46 26 28 57 10 17 49 24 21 47 50 56 63 25 52 68 30 61 82 28 1 24 84 81 34 2 0 0 17 83 56 88 42 19 50 90 48 98 100 97 97 100 88 13
30 1 2 0 8 21 7 18 12 18 64 42 10 6 0 0 2 63 41 18 37 75 73 46 21 48 13 19 20 16 0 51 45 66 47 16 13 26 89 31 14 0 0 0 6 19 85 90 94 71 79 44 10 81 31 3 40 0 46 47 71 97 61 48 54 64 62 42 13 2 6 27 60 100 75 37 38 0 16 0 0 33 85 92 75 95 94 53 93 95 99 100 93 86 100 88
0 0 4 7 1 8 4 0 3 56 12 0 0 0 6 4 32 30 29 15 70 51 22 23 21 83 3 0 0 0 1 28 8 36 5 20 48 26 22 10 10 6 0 0 0 32 87 36 58 71 46 25 56 12 13 35 0 7 97 74 39 69 42 5 8 75 72 26 23 2 32 78 98 97 24 20 0 0 27 12 4 2 31 39 100 100 80 68 85 26 70 64 57 83 100 66
0 1 11 69 25 28 4 0 0 0 0 20 9 1 52 54 26 50 10 27 70 33 36 35 40 30 15 37 41 22 49 3 4 49 22 12 25 6 10 41 78 23 25 8 29 6 60 48 25 92 33 6 51 86 68 80 41 46 85 46 5 12 92 18 38 100 100 97 54 73 99 100 100 75 89 36 5 0 7 48 18 34 42 65 82 99 44 43 95 95 75 52 80 99 69 36
36 47 39 46 35 32 48 42 15 6 37 66 60 53 71 40 28 5 30 24 26 20 49 33 32 3 20 2 52 32 77 28 2 0 26 18 7 2 50 57 38 32 7 50 77 5 14 69 27 81 41 4 68 100 84 65 26 11 6 25 2 10 31 21 10 74 87 66 42 79 99 88 42 99 86 54 48 46 10 8 80 32 0 4 27 32 34 43 96 100 100 95 32 82 95 20
48 28 52 62 34 20 77 16 45 77 59 59 69 58 69 64 4 13 51 50 46 61 38 27 0 1 7 29 16 55 67 39 2 4 5 4 3 0 33 26 13 9 57 19 56 10 24 86 30 9 0 71 61 98 97 50 11 40 6 40 11 53 56 8 17 48 15 32 64 98 65 88 32 20 48 74 28 86 31 2 16 86 60 42 44 42 46 56 95 100 100 90 17 67 100 91
6 32 45 40 35 15 23 50 67 77 64 59 72 16 47 53 7 31 33 23 49 78 49 34 7 5 22 18 7 49 54 44 0 0 1 8 0 0 5 2 0 22 16 0 51 70 33 77 72 68 28 25 50 82 53 14 53 64 11 63 25 92 40 8 17 25 80 90 58 32 32 59 44 90 32 55 22 13 69 47 26 24 52 76 99 100 100 96 80 98 88 58 59 9 92 75
85 21 34 24 29 56 54 6 0 5 25 56 50 46 51 28 36 15 18 11 26 68 49 15 5 72 97 30 0 18 35 3 0 0 2 2 1 9 2 0 0 30 43 4 24 76 57 76 77 70 54 50 23 86 84 72 100 33 9 15 36 77 72 71 42 64 50 7 32 0 0 0 6 31 0 15 7 5 56 51 80 11 27 3 22 21 51 90 76 27 3 45 37 40 68 2
45 3 25 2 16 91 66 22 27 31 46 16 45 76 60 44 24 29 72 1 0 0 0 0 13 61 100 11 28 52 31 0 15 55 62 16 10 5 0 17 13 13 35 19 11 68 55 39 19 2 61 99 98 100 100 99 80 26 39 26 64 97 84 80 94 48 15 2 3 0 4 3 0 0 0 0 0 4 11 78 27 25 87 74 68 90 100 89 35 50 95 100 83 63 7 43
1 48 27 56 68 75 18 27 23 94 53 20 57 81 54 11 20 5 49 58 0 7 4 1 2 23 44 90 68 44 47 29 90 98 96 97 6 0 3 10 25 39 0 7 30 13 74 69 21 63 33 19 91 100 88 38 8 6 30 15 79 100 92 43 31 14 45 0 0 0 1 4 0 0 0 6 32 3 2 0 18 23 7 52 63 87 97 36 24 70 95 96 42 1 10 4
18 2 58 65 76 52 16 55 52 24 25 58 89 59 26 27 22 31 40 42 34 8 21 83 70 51 77 72 24 20 37 21 61 80 44 41 2 0 0 0 9 22 1 49 77 7 98 63 7 24 46 16 12 85 34 6 38 19 82 54 21 33 100 88 26 0 0 0 0 0 0 0 0 17 32 0 0 5 63 1 5 14 11 44 83 61 80 52 63 95 100 54 16 0 11 72
35 37 67 33 56 50 29 8 11 18 56 46 14 40 2 22 20 49 17 3 57 46 17 32 69 81 60 20 8 7 33 5 40 55 13 23 29 25 16 14 13 12 42 33 42 15 36 55 0 3 0 22 32 98 90 49 49 97 64 44 13 8 68 100 91 40 1 0 0 13 0 0 0 1 14 0 3 13 36 5 1 30 1 4 22 58 67 88 100 88 50 2 0 4 11 32
66 16 100 87 54 33 8 4 7 60 88 44 23 54 24 4 39 37 20 21 82 9 6 7 52 52 36 14 8 2 23 16 78 18 26 34 30 42 56 46 4 12 68 25 38 79 77 100 86 93 42 46 32 78 70 99 100 100 85 47 12 78 83 42 40 65 10 0 0 44 27 8 0 0 14 0 1 38 57 48 4 8 6 7 85 100 100 94 68 18 0 10 10 3 10 68
56 55 89 23 31 50 20 28 71 51 75 39 26 55 34 19 41 23 79 22 61 8 5 6 19 51 68 82 28 14 43 100 58 10 38 72 56 19 28 9 6 0 41 19 91 100 100 72 71 92 90 74 36 87 64 80 60 80 70 15 50 38 76 2 2 40 4 0 7 0 21 9 1 11 0 2 0 0 7 63 20 10 2 6 4 86 57 5 0 0 0 12 11 29 68 10
41 99 65 24 20 35 1 71 41 23 69 60 33 7 0 0 58 8 21 0 30 51 22 44 69 55 0 4 57 25 54 79 52 23 47 50 20 16 11 4 34 68 63 58 98 68 80 11 78 70 23 43 48 52 87 22 66 93 37 46 63 76 33 31 0 0 0 2 37 50 4 5 60 30 17 16 0 0 61 9 35 31 55 42 83 82 19 14 0 0 0 5 42 44 26 25
67 60 6 50 84 45 47 58 21 65 60 56 51 11 0 2 3 2 12 0 39 50 49 24 49 49 50 4 76 97 25 4 22 12 52 9 23 57 6 49 76 89 93 23 54 94 74 56 94 83 22 17 55 46 12 0 9 59 50 14 44 23 2 5 0 3 0 0 32 15 0 0 47 89 57 25 3 2 79 34 97 76 99 99 60 76 43 30 6 0 12 79 89 22 37 54
29 22 0 29 93 49 1 8 14 35 28 7 19 2 24 5 37 55 67 16 51 70 28 65 29 36 51 29 44 85 23 39 53 75 4 12 27 36 16 68 11 24 43 41 88 82 100 87 78 50 63 63 17 0 0 0 20 19 18 26 22 4 0 10 0 2 0 0 0 0 24 19 9 93 48 8 22 12 81 27 100 99 66 75 81 16 4 12 2 39 81 79 54 19 26 56
1 0 0 11 55 5 14 57 63 37 73 46 0 0 50 46 19 40 28 30 10 28 36 49 0 45 50 9 23 84 52 58 41 50 2 33 70 50 77 83 16 15 31 85 55 100 82 11 35 62 69 6 1 0 0 0 0 7 42 31 4 0 0 25 22 0 0 0 0 5 38 51 5 24 97 46 55 95 85 52 100 100 21 11 1 54 32 0 30 62 45 9 48 99 52 48
0 0 35 32 43 89 71 63 55 97 77 64 7 0 37 49 39 42 42 44 31 24 11 20 0 2 30 52 11 30 14 30 32 64 35 68 95 100 100 48 14 56 72 59 68 100 84 84 74 90 37 35 14 0 0 0 0 32 74 44 59 20 0 28 10 4 0 0 2 1 50 30 49 0 59 85 83 68 30 68 100 100 36 35 58 62 6 29 80 42 24 33 96 55 12 18
4 41 30 21 90 98 82 89 54 41 40 30 6 0 0 9 50 51 82 46 38 44 56 76 12 0 47 71 44 9 2 55 52 14 26 71 98 100 89 6 55 71 70 73 100 100 97 89 43 40 80 32 1 0 8 66 72 93 98 96 80 91 28 19 32 3 1 46 20 2 79 56 94 6 28 100 85 13 21 16 82 46 2 59 33 4 46 96 74 25 85 14 98 84 74 100
62 28 44 69 90 90 46 7 42 47 31 34 2 23 31 74 50 20 54 50 48 59 57 72 70 5 17 19 11 5 14 11 43 57 70 26 42 71 14 10 52 82 78 41 44 65 70 49 64 68 90 17 14 64 82 100 97 40 78 87 25 34 47 41 24 0 17 2 29 3 29 88 90 33 12 100 30 15 68 0 13 3 9 7 6 62 91 18 29 35 69 80 87 72 58 50
72 9 40 88 63 62 50 27 45 55 43 44 20 73 76 76 30 4 56 27 28 14 45 71 30 13 31 29 13 8 10 36 92 42 14 47 79 68 14 46 25 40 97 93 88 82 45 93 99 100 50 29 86 86 89 85 57 30 4 33 47 100 56 26 22 25 27 20 46 13 38 54 100 38 12 93 46 17 57 5 30 60 37 25 78 39 31 59 19 2 76 87 51 16 11 69
55 39 100 97 99 80 50 39 57 50 28 52 47 72 77 35 62 4 29 19 10 17 10 31 41 56 25 43 35 24 29 100 61 3 30 0 58 88 54 43 62 68 100 46 60 86 93 82 79 65 85 98 87 53 19 36 49 54 44 70 50 68 56 34 79 58 24 44 18 5 82 88 52 4 33 98 9 38 74 15 22 77 41 79 65 22 42 60 8 23 72 83 6 14 73 23
84 77 30 73 47 62 9 34 46 36 26 72 30 48 82 22 7 0 0 0 8 16 12 43 37 53 68 59 95 57 47 77 80 68 82 56 100 100 70 90 99 62 100 64 33 73 98 95 72 89 69 33 26 69 23 36 68 60 60 51 63 15 15 14 58 23 73 89 14 45 98 61 18 16 88 82 14 86 86 45 70 38 93 48 2 47 73 80 84 100 100 71 30 86 33 46
20 26 24 52 33 24 23 0 0 0 0 26 20 42 56 25 0 0 20 11 3 8 43 69 50 50 23 44 93 89 100 90 28 34 62 69 56 92 38 84 94 38 63 65 79 60 100 76 79 9 0 0 1 64 87 98 100 92 36 58 24 5 55 48 9 49 26 83 66 90 49 34 5 83 100 10 64 82 38 67 47 60 60 14 0 39 57 97 60 52 87 73 80 58 30 93
31 9 42 57 15 17 64 5 22 8 52 51 21 20 0 6 2 3 10 48 8 10 44 36 93 86 61 95 99 100 99 60 33 55 76 85 85 91 52 74 98 82 95 88 76 56 49 37 14 2 0 0 55 93 100 83 64 13 2 28 45 39 90 43 32 98 89 49 69 24 46 23 39 91 69 62 85 78 25 43 87 71 7 0 2 41 96 100 80 85 60 24 77 70 84 74
56 31 47 30 2 64 51 22 77 20 86 35 0 0 0 3 7 12 1 0 22 66 60 88 68 42 99 100 100 97 98 87 14 12 84 80 42 85 73 100 100 78 80 28 98 85 89 19 64 30 39 86 100 100 78 41 4 0 42 78 56 100 100 71 90 98 56 63 36 68 60 77 52 9 28 59 78 13 20 79 70 53 61 38 73 68 28 29 49 63 86 72 10 16 98 75
74 16 19 23 17 62 9 48 78 10 33 11 5 9 0 0 3 7 9 75 93 30 51 72 92 72 100 83 57 18 5 34 47 81 64 96 100 100 96 100 60 53 53 96 94 97 76 29 80 60 100 100 100 100 62 71 91 27 45 31 87 100 100 100 49 10 0 0 61 98 82 13 0 38 87 54 52 66 59 49 60 71 40 1 21 20 0 7 1 46 78 54 21 37 66 18
8 45 75 32 11 10 12 48 19 54 43 1 5 1 34 67 25 30 90 100 100 100 100 100 100 100 100 97 12 0 0 0 23 96 69 92 100 100 68 22 82 95 92 100 84 100 67 2 59 98 100 100 84 52 91 100 100 98 100 69 100 100 100 99 8 0 0 8 87 63 6 41 70 33 63 24 58 72 79 99 73 43 44 11 4 9 22 44 46 15 60 100 88 72 58 24
15 4 0 2 0 1 23 24 32 48 55 85 66 63 97 93 46 69 100 78 59 100 94 85 100 100 100 100 79 70 100 88 100 100 100 100 100 73 25 49 82 40 90 78 75 100 93 53 82 83 100 100 57 76 99 94 100 100 65 70 100 100 40 26 0 9 45 16 60 20 38 68 45 23 44 78 94 72 94 97 90 91 65 60 56 69 88 93 98 94 52 22 24 60 85 54
19 2 7 43 22 1 11 14 84 56 74 100 73 51 87 95 57 87 75 4 70 100 77 50 100 100 100 100 92 100 100 81 32 55 69 100 88 7 36 91 21 17 85 22 56 100 98 33 98 87 100 100 95 100 80 98 100 100 77 91 97 93 37 0 0 4 19 68 99 97 12 20 20 28 41 84 95 69 87 94 95 69 92 42 22 54 100 100 100 100 80 18 17 39 100 59
40 51 16 9 0 12 50 59 86 78 81 100 100 56 96 88 94 56 51 54 100 100 95 36 23 48 19 45 62 85 55 46 25 9 3 65 76 34 67 61 71 5 3 1 76 98 18 46 100 100 96 100 100 100 80 96 100 100 90 36 38 100 62 0 0 21 35 94 94 36 0 32 84 72 96 62 57 47 4 12 40 98 62 51 59 47 100 100 100 100 80 46 17 47 72 19
67 63 57 21 66 47 67 50 77 13 52 97 48 10 85 38 59 100 95 100 100 100 100 79 74 63 12 35 67 63 6 9 57 77 30 1 32 91 58 38 83 35 53 12 44 45 33 85 99 94 96 100 92 92 32 89 100 59 88 37 56 100 79 18 43 45 31 88 67 27 51 70 72 99 81 100 85 20 1 12 77 78 86 88 100 100 100 100 100 72 46 45 17 30 20 18
14 52 95 56 66 66 87 97 94 49 95 97 26 22 91 98 100 100 100 100 100 100 72 84 91 94 77 15 10 35 68 45 67 92 93 67 18 70 78 18 94 73 57 44 75 38 58 72 87 76 88 97 96 35 87 99 92 5 59 47 30 82 61 53 46 50 24 49 2 17 69 93 98 95 100 88 13 22 54 63 69 89 86 100 100 85 93 38 43 8 40 17 17 17 60 78
46 75 100 70 16 61 83 54 78 80 100 48 50 49 100 100 100 91 90 72 96 58 5 55 78 100 64 11 60 83 90 80 89 53 54 67 87 98 95 64 88 92 64 50 62 46 55 50 57 20 45 57 75 62 90 91 82 76 63 82 90 60 44 36 81 40 1 0 17 11 68 97 86 100 100 97 94 67 100 97 68 100 97 99 77 83 32 3 27 56 55 17 17 45 48 48
46 66 55 73 60 92 43 0 3 78 100 100 91 33 68 45 55 52 86 50 64 1 47 76 91 100 63 58 56 31 24 56 70 69 27 17 63 39 34 39 53 55 16 37 24 56 2 0 0 0 0 21 8 54 56 30 7 31 64 69 76 27 29 0 19 5 0 0 4 9 88 75 17 43 45 97 81 98 68 98 100 100 100 94 84 41 36 29 56 79 38 26 49 32 11 55
54 46 88 99 65 57 50 81 75 100 100 83 34 44 98 9 2 99 99 41 11 17 66 73 96 62 25 6 27 32 0 1 4 10 0 0 16 55 75 31 23 18 13 4 4 0 29 49 48 52 16 0 4 0 0 0 0 18 18 38 67 37 23 27 16 10 3 13 7 52 100 90 5 0 1 54 89 49 45 99 100 73 82 96 68 73 43 25 66 78 16 51 43 10 17 23
43 80 87 98 87 85 95 89 82 46 82 68 93 73 90 56 64 100 82 77 69 10 61 71 59 11 23 68 31 66 0 0 0 1 24 64 48 49 100 74 0 0 0 0 3 5 77 98 83 66 15 13 67 72 54 47 40 22 0 5 12 10 41 41 76 100 86 92 97 96 72 12 0 0 3 34 88 70 77 99 83 81 98 98 33 18 12 39 4 18 14 66 58 29 54 9
34 57 21 7 19 57 95 27 60 51 25 61 11 56 62 79 90 100 62 88 69 45 29 61 27 40 20 0 4 6 0 0 0 35 96 95 100 98 100 80 64 21 18 53 42 49 63 97 100 29 7 24 40 40 73 95 100 96 28 65 58 81 99 66 100 100 100 100 100 64 57 77 43 28 30 41 88 46 27 88 59 34 91 65 30 6 30 84 71 9 23 84 49 41 46 28
80 91 68 1 2 22 50 27 63 81 56 58 86 17 11 42 62 97 88 88 74 0 0 30 90 52 2 45 0 0 0 0 0 13 75 93 98 100 100 92 94 89 84 41 8 73 99 97 74 74 32 59 44 8 15 75 71 60 50 77 95 100 94 47 100 100 67 74 65 93 88 45 29 70 81 98 48 1 0 64 44 94 97 12 0 2 10 86 94 18 0 0 40 77 32 80
29 42 9 11 64 87 66 28 71 61 75 62 30 20 72 90 78 97 50 50 29 0 0 10 99 74 20 1 0 0 0 2 58 43 88 85 39 53 100 99 94 58 90 100 100 47 99 94 100 63 68 74 93 97 80 39 100 98 36 57 39 79 96 28 8 100 100 96 13 75 98 97 6 17 87 100 65 35 35 60 57 52 67 29 10 21 70 100 40 60 66 5 0 33 28 6
35 23 51 100 97 70 11 63 88 46 31 35 2 45 23 81 89 33 9 1 24 0 0 24 46 19 0 0 0 4 6 68 86 87 46 6 10 19 90 45 45 45 85 92 61 100 99 100 100 98 52 84 92 97 96 74 97 98 64 56 36 47 100 43 24 100 100 100 57 49 19 86 32 86 100 89 88 88 48 77 35 6 15 27 1 29 80 100 95 42 72 4 0 0 0 59
75 35 91 71 93 58 37 100 98 22 2 29 47 17 0 18 84 0 0 13 16 0 0 0 0 0 0 24 52 74 90 87 22 60 83 45 70 39 42 69 94 94 97 100 67 95 92 98 100 100 36 61 87 82 42 29 60 95 79 82 7 34 68 22 49 80 25 71 80 14 0 7 7 74 84 71 19 92 41 14 9 4 34 93 76 38 15 35 74 45 43 76 23 0 0 75
85 88 73 100 100 100 99 100 100 38 2 23 86 90 25 38 9 0 0 0 0 0 0 5 41 70 81 65 64 92 72 78 99 100 97 79 45 46 28 71 100 100 100 100 59 66 94 96 100 100 71 84 100 100 58 8 16 42 57 83 59 52 90 54 40 74 1 65 31 0 0 20 73 100 33 18 7 91 44 17 23 63 96 47 6 44 56 42 8 45 74 41 23 0 0 9
