data/habitatmaps/RS_maps/habitat_Turdus.torquatus_2011.asc
NCOLS 369 
NROWS 228 
XLLCORNER 479000 
YLLCORNER 73000 
CELLSIZE 1000 
NODATA_value -9 
[rows 120 to 179 of 228, columns 96 to 191 of 369]
0 0 0 0 0 0 0 0 0 0 0 13 0 10 0 8 9 22 23 0 2 22 6 34 63 31 64 64 17 0 0 0 0 0 0 0 0 12 5 0 0 50 33 15 4 26 16 62 35 51 59 41 26 14 7 6 44 62 16 26 18 54 89 15 42 1 43 54 36 0 27 64 13 38 4 64 48 37 0 2 64 57 38 1 5 1 74 5 4 30 28 1 0 53 40 5
0 0 0 0 0 0 0 0 0 0 0 21 0 0 0 11 8 5 16 44 76 91 94 95 63 77 94 70 17 0 0 0 0 0 0 0 0 6 0 0 8 29 3 2 34 39 51 56 49 70 68 50 12 8 14 48 54 41 69 44 35 36 20 26 66 20 29 14 31 0 7 45 14 14 0 0 0 0 0 23 47 35 38 4 0 0 7 40 27 0 0 0 12 100 88 91
0 0 0 0 0 0 0 0 0 0 8 21 21 0 0 0 0 40 72 82 77 48 25 48 34 64 68 98 61 0 0 2 3 5 0 0 3 0 0 0 3 8 10 20 62 76 89 45 78 88 44 26 73 72 88 28 42 48 75 18 11 9 2 26 59 0 0 0 3 0 0 0 13 5 0 0 0 0 0 20 8 0 15 50 55 9 0 4 75 60 2 10 66 100 100 98
0 3 2 0 0 0 0 0 0 0 21 59 19 0 0 35 45 91 46 95 83 53 69 75 31 51 60 62 51 17 2 3 0 0 0 0 2 0 0 0 1 35 10 42 52 55 72 62 81 35 36 36 31 57 67 29 87 88 81 23 0 3 63 43 5 0 0 0 0 0 0 0 15 0 0 0 0 0 0 0 0 0 0 0 41 65 0 0 18 47 40 34 58 98 63 32
0 32 2 4 0 0 0 0 0 0 20 4 0 0 15 58 86 58 58 29 3 26 86 96 58 60 75 35 76 78 6 0 0 0 0 0 0 0 0 0 0 6 21 42 30 0 2 6 32 37 33 47 4 42 6 66 88 38 44 53 6 0 28 0 0 0 0 0 0 0 1 0 0 0 56 55 42 20 0 0 0 0 0 0 53 66 7 0 11 37 12 43 59 19 4 18
0 0 0 7 1 0 0 3 36 0 0 3 8 0 22 58 36 6 25 11 0 5 34 32 95 57 50 67 88 68 3 2 0 0 0 0 0 0 0 0 0 0 18 42 13 0 0 0 15 79 50 3 13 0 24 67 18 1 15 29 50 17 0 0 0 0 0 0 11 56 71 60 66 66 80 69 72 71 40 20 13 3 0 0 2 85 22 0 2 6 28 5 8 30 94 95
0 0 3 6 9 39 26 57 64 1 18 89 97 14 13 37 40 7 32 28 44 33 34 27 5 31 8 24 51 48 24 4 0 0 0 0 0 26 0 0 0 0 0 27 0 0 0 2 60 80 52 23 3 21 70 37 0 1 66 66 25 1 0 0 0 0 2 30 81 60 46 28 60 81 20 10 34 22 79 78 52 26 8 0 0 22 38 2 10 10 4 31 15 56 84 65
0 0 12 2 53 96 97 84 55 23 57 88 91 97 61 34 71 68 57 86 88 40 28 15 34 30 4 33 71 87 23 50 36 7 0 0 0 4 17 0 0 0 0 0 0 0 0 0 75 37 75 17 35 59 47 15 2 52 68 8 0 0 0 0 0 8 52 77 44 37 54 6 34 38 34 27 0 7 59 49 60 49 35 4 17 9 2 4 1 22 46 49 57 64 55 100
0 0 0 0 64 94 90 51 28 54 30 35 27 46 18 47 38 42 46 50 20 18 54 65 69 72 6 38 42 26 34 67 26 69 47 12 5 0 0 0 0 0 0 0 0 0 0 3 19 90 52 56 47 44 9 0 52 36 0 0 0 0 0 15 33 75 89 94 95 100 43 7 29 28 86 37 7 0 0 11 65 72 68 82 68 20 22 85 74 84 67 63 97 99 34 58
0 0 0 15 92 26 61 17 36 84 46 33 3 13 20 98 30 43 50 38 17 5 30 18 0 0 23 12 10 23 10 26 40 87 59 62 92 22 0 0 0 0 0 0 0 0 0 0 56 50 17 25 14 59 58 9 22 0 0 0 0 0 16 81 97 86 74 28 22 86 37 30 56 90 51 5 3 0 2 58 68 75 88 94 52 41 22 41 71 100 100 100 98 100 94 52
0 0 0 9 95 14 49 19 28 56 47 57 11 45 45 18 60 68 50 34 10 5 16 31 36 12 28 11 22 68 32 4 7 11 24 18 22 0 13 31 12 0 0 0 0 0 0 0 3 7 5 3 0 4 12 0 0 0 0 0 0 33 86 99 88 86 24 11 8 38 2 19 84 100 31 13 44 28 41 55 97 98 100 57 0 54 57 31 92 51 89 92 97 100 92 66
0 9 29 74 92 24 42 48 86 92 61 18 47 35 15 18 31 27 12 59 71 75 81 20 15 22 10 39 48 25 4 1 18 15 1 0 0 27 76 39 0 0 0 0 0 0 0 0 0 0 0 0 0 0 0 3 0 0 0 8 39 96 93 90 96 61 15 55 53 64 11 36 73 90 3 2 49 74 88 100 100 100 99 11 32 87 82 28 40 53 14 61 100 81 95 53
21 28 54 23 30 64 42 74 88 82 31 31 36 3 48 71 27 36 57 37 0 24 19 4 0 5 26 15 5 5 6 0 0 0 0 0 0 6 63 36 4 0 0 0 0 0 0 0 0 0 0 0 0 0 20 61 3 0 55 95 95 94 75 89 57 85 55 30 68 8 37 35 28 12 21 60 13 54 100 73 93 97 96 10 72 93 92 75 31 41 78 25 98 44 13 19
14 47 65 76 21 21 25 41 36 65 14 44 4 48 38 1 64 58 60 38 10 17 15 7 0 0 0 1 0 0 2 0 15 4 16 4 7 50 36 40 71 14 0 0 0 0 0 0 0 0 0 0 8 28 96 51 4 0 33 58 43 26 13 83 67 20 0 6 30 38 0 2 5 0 59 58 62 94 84 21 80 72 68 77 90 100 100 70 48 0 19 47 36 93 20 4
51 59 79 69 26 21 35 25 69 37 3 43 37 39 1 52 6 0 32 1 24 24 7 1 7 27 34 24 28 40 42 23 33 26 24 25 13 40 94 83 93 70 19 0 0 0 0 7 33 35 39 59 79 97 66 13 54 0 0 65 39 6 58 18 22 6 6 36 38 15 2 8 0 0 11 82 76 21 13 0 73 99 67 91 42 43 98 61 53 87 58 8 65 100 88 26
60 61 48 24 3 13 70 19 54 25 15 19 47 21 64 38 39 44 57 38 2 0 2 7 26 20 50 43 66 78 44 78 61 53 49 17 27 46 69 49 40 76 68 0 0 0 7 46 81 75 77 100 52 60 25 53 72 26 5 12 18 6 56 6 18 10 66 50 66 40 32 52 0 0 74 74 62 27 0 0 56 68 82 97 90 43 92 100 100 100 100 29 92 100 98 18
31 29 8 2 16 35 3 16 54 0 12 43 38 48 25 26 43 21 0 9 0 4 51 45 22 49 45 84 92 86 42 56 34 75 53 20 4 70 80 97 36 0 12 0 0 19 7 62 32 82 79 97 58 16 23 57 20 41 70 27 11 47 48 66 54 8 49 46 29 61 82 28 1 24 91 81 46 2 0 0 32 93 70 98 57 40 88 93 90 100 100 85 85 100 98 25
23 3 0 0 2 15 33 24 18 18 64 42 14 31 0 0 9 26 45 4 39 70 51 9 6 47 33 44 28 16 0 69 42 66 47 16 15 81 95 31 47 0 0 0 4 14 75 60 94 64 96 65 12 81 31 3 42 0 46 31 65 99 74 50 54 62 62 40 13 2 7 5 50 100 77 38 50 0 16 0 2 33 97 95 78 99 99 63 96 97 99 100 99 86 100 94
0 0 18 34 2 38 18 0 1 56 12 0 0 0 1 2 50 28 28 3 58 19 4 5 24 81 3 0 0 0 4 32 8 37 3 11 68 78 24 30 4 1 0 0 0 34 87 42 56 71 53 69 61 12 7 19 0 7 97 74 59 72 57 24 32 76 72 26 23 0 17 59 88 99 32 34 0 0 27 12 22 10 45 54 98 100 87 82 92 28 69 78 68 83 100 77
2 3 17 61 28 28 4 0 0 0 0 28 17 0 24 35 25 39 7 5 28 7 7 7 46 48 4 7 8 4 49 3 4 51 14 30 74 28 23 48 16 5 25 8 28 5 59 48 28 92 39 29 34 86 50 65 41 41 92 47 24 30 94 61 80 100 100 97 23 15 96 99 100 89 95 46 5 0 7 74 20 46 73 81 89 99 60 60 95 96 75 52 82 100 93 54
61 57 25 19 53 29 38 42 15 8 57 55 66 53 47 38 22 4 8 21 24 4 10 11 30 13 10 1 22 22 77 30 4 2 24 28 34 13 36 11 8 26 7 50 68 5 12 77 58 83 47 10 82 100 84 65 32 55 19 31 10 48 45 60 48 95 90 66 20 61 95 98 88 100 90 56 52 46 29 8 81 32 1 6 37 40 40 53 98 100 100 96 31 80 99 49
52 26 38 40 34 4 61 16 43 53 59 59 68 56 56 53 7 12 46 44 48 39 28 14 0 5 32 37 6 54 57 49 8 21 26 21 14 0 7 5 3 7 58 17 57 10 14 72 30 5 0 71 61 98 99 76 33 54 8 34 15 63 86 39 59 90 57 32 87 100 65 73 78 49 50 80 32 88 31 9 16 86 66 64 62 72 48 62 99 100 100 88 17 69 100 98
20 31 28 42 35 15 26 65 71 63 55 58 62 10 43 62 8 32 32 10 49 36 10 20 34 25 50 28 11 43 42 66 0 0 4 38 0 0 1 0 0 11 11 0 51 70 23 53 50 56 28 25 50 75 91 33 75 66 45 72 31 92 61 40 83 85 96 81 81 49 43 61 42 66 36 61 38 31 78 55 40 25 53 78 100 100 100 99 96 100 87 62 60 8 92 75
86 10 8 46 22 13 74 29 0 3 5 41 11 35 50 42 22 7 4 5 25 51 19 61 25 90 99 48 0 4 21 4 0 0 11 8 4 45 11 0 0 14 39 14 24 76 35 68 75 70 64 51 9 69 90 72 100 12 33 49 36 76 71 83 88 79 58 9 32 0 0 0 8 31 0 15 12 19 67 61 84 13 28 5 29 26 61 92 76 27 3 45 34 38 68 2
45 1 24 7 14 69 68 41 33 31 48 4 9 54 42 42 24 7 52 1 0 0 0 0 26 71 98 10 6 10 6 0 17 40 57 22 50 26 0 27 13 3 7 20 12 52 55 36 19 2 66 100 92 100 100 97 80 28 35 33 64 88 84 96 98 52 19 2 3 0 19 13 0 0 0 0 0 22 18 78 27 39 97 91 77 96 100 90 37 50 95 100 83 61 7 43
4 48 29 66 67 75 18 27 33 96 56 15 11 41 23 3 4 5 47 44 0 37 21 3 8 15 73 52 66 16 12 29 90 91 78 83 6 2 16 2 12 39 0 6 25 13 74 87 55 63 33 21 97 100 90 31 39 29 36 13 59 100 98 45 30 14 45 0 0 0 5 19 0 0 0 6 33 3 13 0 44 44 20 65 72 97 97 36 26 70 95 96 42 1 31 10
4 0 64 68 76 50 16 55 52 23 5 17 62 59 5 5 4 6 21 32 32 18 83 77 92 57 79 70 42 22 22 21 59 42 30 41 2 0 0 0 19 22 0 43 77 5 99 62 34 32 45 17 22 86 34 32 44 19 84 80 42 15 100 90 26 0 0 0 0 0 0 0 0 17 32 0 0 5 63 4 20 29 21 71 89 67 84 50 63 95 100 54 16 1 47 80
32 21 55 33 51 44 16 20 11 10 13 10 8 8 0 4 6 23 19 1 69 68 83 50 86 94 86 37 42 33 27 5 34 34 11 20 6 5 3 56 67 14 24 9 45 20 42 57 0 3 0 22 32 98 90 49 48 97 84 70 32 2 66 100 91 40 1 0 0 13 0 0 0 2 14 0 4 23 36 5 1 33 1 10 39 79 93 98 100 88 50 2 2 20 55 33
56 9 98 73 48 27 36 14 7 54 66 41 21 11 6 1 39 39 20 12 65 26 32 9 50 17 16 5 9 12 59 45 92 16 24 20 6 8 29 36 12 12 50 21 44 79 77 100 86 93 45 46 34 80 94 100 100 100 87 47 9 68 86 45 40 65 10 0 0 44 31 8 0 0 14 0 2 50 72 59 22 22 30 12 93 100 100 94 70 18 0 12 28 13 8 86
44 55 89 9 10 43 34 28 72 49 73 39 10 17 34 19 23 23 70 32 51 6 15 29 18 47 68 82 35 12 70 100 58 4 25 60 39 16 26 21 32 0 40 21 98 100 100 66 44 73 89 74 43 89 93 82 60 80 70 26 56 47 77 4 2 40 4 0 8 0 25 10 1 11 0 0 0 0 9 68 27 20 8 28 21 88 57 5 0 0 0 12 11 29 80 48
42 99 65 8 6 31 1 71 57 29 54 47 7 1 0 0 41 24 78 1 9 25 11 18 68 43 0 10 89 63 80 79 52 42 62 44 20 10 13 19 72 68 63 59 98 63 66 11 79 85 22 49 48 54 88 22 68 95 37 57 77 78 33 38 0 0 0 3 40 56 7 10 63 32 17 16 0 0 65 9 37 48 88 72 89 56 19 14 0 0 0 5 42 46 68 20
77 60 6 55 86 46 47 38 4 19 45 26 11 11 0 0 2 4 56 0 25 46 51 23 49 44 24 4 86 97 23 4 26 2 10 10 25 55 5 49 76 88 67 23 54 72 33 43 96 89 24 17 55 46 12 0 9 71 56 34 51 23 2 5 0 15 0 1 40 17 0 0 53 89 57 23 3 8 88 34 97 95 100 100 66 63 21 48 29 0 11 78 98 64 71 14
29 22 0 36 99 49 1 2 3 7 6 1 17 1 5 1 36 55 67 14 45 32 13 66 31 34 46 68 89 85 41 40 23 54 2 13 33 40 16 68 11 6 21 41 88 96 100 92 83 53 63 63 17 0 0 0 25 20 19 26 22 4 0 10 0 10 0 0 0 0 25 20 13 95 50 14 22 17 90 31 100 100 66 75 81 6 20 62 8 37 88 88 54 19 26 54
1 0 0 11 55 5 14 57 57 37 73 45 0 0 14 44 18 38 25 28 4 30 12 44 2 44 58 38 45 90 90 49 21 50 2 35 65 65 71 83 16 3 8 88 69 100 89 11 35 62 73 6 4 0 0 0 0 9 42 32 8 0 0 27 22 0 0 0 0 4 44 72 8 32 99 72 76 92 87 54 100 100 21 11 1 55 37 0 24 88 79 6 21 97 29 17
0 0 35 34 43 88 49 44 34 97 78 78 33 0 28 48 40 40 45 34 31 30 54 25 0 2 10 50 13 59 72 20 26 64 33 82 97 100 100 48 13 29 77 73 54 100 97 84 74 91 42 41 35 0 0 0 2 46 83 58 77 30 0 32 12 4 0 0 2 3 49 37 62 0 64 97 97 70 27 67 100 100 29 36 58 62 6 29 90 74 30 11 86 55 25 38
4 41 29 21 90 90 55 82 20 39 40 37 20 0 0 10 58 53 82 54 38 82 82 74 7 0 27 69 47 20 3 50 50 23 20 88 100 100 97 9 84 70 70 83 100 100 97 91 44 74 94 40 6 0 14 76 93 85 91 98 66 92 34 21 32 3 1 44 20 7 89 62 96 10 30 100 85 15 19 16 82 46 5 65 27 3 45 99 76 25 85 12 98 87 92 100
42 29 42 69 88 96 57 7 36 46 31 29 2 25 31 76 58 20 45 48 48 81 91 58 14 1 4 15 17 24 72 33 49 83 88 36 44 71 21 45 78 94 78 48 68 71 70 36 66 54 88 33 28 74 94 100 99 40 65 87 25 40 49 45 24 0 23 4 29 15 43 95 98 39 18 100 30 5 54 0 13 3 44 31 8 68 92 44 33 34 69 82 87 74 60 52
50 6 40 70 61 84 68 23 45 41 33 30 20 68 74 75 55 6 55 42 54 52 69 14 6 3 6 6 7 39 44 50 98 45 60 49 78 93 64 80 44 78 99 96 98 90 46 91 96 99 76 56 97 86 89 85 52 6 1 33 53 100 70 30 22 35 30 34 46 18 56 66 100 42 18 93 46 8 43 5 28 52 49 24 80 82 39 59 19 2 78 87 55 26 27 90
33 36 100 86 99 80 50 21 29 30 28 34 47 71 77 35 68 6 6 37 28 75 36 34 16 54 12 9 7 19 29 100 61 3 30 0 48 98 62 63 92 94 100 48 80 88 95 96 96 93 97 100 87 42 5 10 18 44 66 80 46 84 74 44 78 70 26 47 18 4 91 88 58 6 35 98 9 38 69 15 22 77 40 81 85 50 41 60 8 27 90 89 8 14 79 85
70 67 30 73 47 62 23 52 44 26 52 63 10 42 82 20 5 0 0 0 42 79 19 27 29 39 68 57 85 42 45 93 94 72 83 57 100 100 70 91 100 92 100 62 33 73 98 99 94 95 64 33 7 43 25 55 78 92 74 50 65 32 16 20 63 34 78 90 16 48 98 61 22 17 90 82 14 86 86 45 70 40 93 74 7 49 73 90 84 100 100 70 30 92 75 88
10 30 50 47 33 24 25 2 0 0 0 18 12 40 58 27 0 0 4 2 17 35 21 66 52 38 24 42 71 47 100 97 58 40 76 83 91 98 35 84 96 52 93 79 79 60 100 76 79 9 0 0 0 64 87 92 98 94 39 58 24 5 53 56 23 49 32 87 89 96 49 34 8 89 100 6 35 83 35 67 47 83 78 16 0 39 57 99 62 54 87 73 82 80 34 95
6 8 43 16 33 14 65 4 4 8 34 49 20 9 0 32 8 14 4 39 19 8 34 30 93 96 79 98 93 98 99 67 38 69 81 88 97 78 51 74 100 83 97 98 82 86 46 43 14 2 0 0 57 74 100 86 65 26 4 26 43 39 90 43 31 97 89 49 70 27 48 27 44 91 69 48 83 78 23 46 89 80 10 0 0 10 86 100 82 87 63 28 77 70 84 74
50 32 61 34 0 51 72 8 20 20 69 44 0 0 0 13 33 60 7 0 22 66 60 88 70 88 100 100 100 99 100 87 16 46 94 96 60 83 75 100 100 78 78 23 88 91 88 21 46 30 39 86 100 98 84 50 9 0 44 84 75 100 100 69 90 98 53 23 26 61 67 43 34 9 8 59 78 15 12 79 72 66 48 8 39 57 29 29 49 63 96 87 20 16 99 93
74 54 49 57 22 64 12 54 69 5 30 24 24 46 0 0 16 36 9 75 93 31 44 72 93 94 100 85 66 29 15 42 55 95 74 99 100 100 80 99 62 53 67 96 97 99 76 27 23 58 100 100 100 100 70 74 93 33 70 86 97 100 100 100 49 10 0 0 27 92 69 3 0 36 77 52 50 60 47 49 80 42 8 0 22 20 0 7 0 44 79 76 27 37 92 79
41 70 75 33 53 52 34 80 57 20 37 1 24 7 44 67 42 32 90 100 100 100 100 100 100 100 100 99 18 0 0 0 27 98 69 94 100 100 49 22 81 99 98 100 97 100 67 4 33 91 100 100 89 54 92 100 100 100 100 93 100 100 100 99 8 0 0 2 58 57 4 41 70 33 63 23 52 63 79 99 78 48 41 29 20 44 52 35 17 9 60 100 97 94 92 49
3 1 0 0 2 3 41 42 14 50 56 85 81 87 98 93 46 69 100 82 63 100 94 85 100 100 100 100 83 76 100 88 100 100 100 100 100 72 7 49 96 70 88 78 89 100 93 45 47 83 100 100 59 82 96 72 100 100 65 70 100 100 40 26 0 9 45 5 38 20 37 70 39 5 34 78 92 78 68 86 51 88 66 63 63 76 38 66 93 94 82 84 85 92 97 91
4 0 1 9 4 7 36 24 79 57 95 100 73 51 87 94 58 94 88 13 80 100 78 47 99 100 100 100 91 100 100 81 32 55 69 100 82 4 29 91 37 15 84 22 55 100 98 23 91 82 100 100 96 100 79 92 100 100 77 91 97 93 37 0 0 17 20 53 95 97 12 20 18 21 36 84 95 84 67 88 84 64 97 61 68 35 99 100 100 100 87 84 83 88 100 85
45 51 12 2 0 12 49 38 76 52 82 100 100 56 97 88 94 65 61 58 100 100 95 49 19 48 19 45 62 85 55 44 28 10 5 68 75 12 66 61 65 15 7 6 93 98 18 25 100 100 79 100 100 100 80 78 100 100 90 26 38 100 62 0 0 4 33 68 91 36 0 32 84 72 96 63 57 82 6 10 41 98 69 52 60 46 100 100 100 100 50 89 83 89 94 76
88 65 56 17 66 22 56 39 75 26 52 93 46 10 93 60 65 100 99 100 100 100 100 86 20 44 2 14 85 68 1 3 57 77 20 0 33 92 60 34 85 84 57 28 54 45 12 47 93 72 82 99 61 82 31 53 100 59 69 11 50 100 79 6 47 27 10 42 20 5 50 70 71 96 81 100 85 20 0 2 64 73 64 78 100 100 100 100 100 90 47 89 83 86 84 74
9 50 95 36 64 74 87 97 96 49 95 97 26 24 91 100 100 100 100 100 100 100 67 46 55 70 39 4 12 13 22 14 65 92 63 69 49 84 80 9 88 55 83 21 53 17 48 22 87 66 68 99 82 34 87 96 95 2 47 31 27 74 61 14 40 64 6 10 0 19 69 93 98 77 100 88 13 8 55 61 26 46 31 100 100 85 99 68 75 26 67 83 83 83 92 94
9 41 98 69 3 58 95 60 81 88 100 48 50 49 100 100 100 91 90 72 96 60 7 12 72 100 53 3 18 58 88 80 52 39 91 61 97 94 73 58 41 63 70 48 53 40 12 16 48 20 45 42 75 61 49 53 49 43 69 36 64 52 22 9 68 30 1 0 18 10 68 99 88 100 100 97 94 67 100 97 68 100 84 99 94 87 74 14 30 57 91 83 83 89 87 87
28 44 26 53 59 92 55 2 10 88 100 100 92 33 69 44 49 52 87 50 64 0 11 19 72 100 63 60 55 29 24 54 37 57 54 15 45 9 18 12 27 55 11 31 14 43 0 0 0 0 0 11 5 20 25 14 1 9 42 51 74 25 27 0 9 5 0 0 4 17 88 77 17 43 45 97 81 100 75 98 100 100 100 88 92 52 56 29 56 93 88 85 90 86 49 65
48 44 88 100 69 70 53 87 89 100 100 85 34 44 96 9 0 96 99 31 12 17 66 71 80 62 25 6 28 27 0 1 4 11 0 0 3 21 56 29 24 46 46 17 20 0 29 49 46 50 16 1 4 0 0 0 0 5 16 8 27 33 24 27 16 10 3 2 2 50 100 88 11 0 1 54 91 59 48 99 100 81 86 80 83 79 53 31 64 79 73 71 89 52 24 23
17 78 87 99 89 85 95 89 80 51 80 65 93 71 48 53 26 100 96 83 68 10 60 64 59 10 22 68 26 58 0 0 0 0 10 24 11 46 100 74 0 0 1 0 3 9 76 98 83 65 12 26 68 74 54 47 40 16 0 1 2 10 39 40 76 100 86 78 93 78 39 2 0 0 3 34 98 78 77 99 97 95 100 100 87 83 50 58 6 50 20 69 92 41 54 9
52 34 8 8 18 57 95 21 61 52 25 60 11 56 19 62 52 100 58 94 69 43 27 56 29 40 18 0 20 23 0 0 0 7 82 77 100 96 98 66 64 21 18 53 42 47 62 97 100 28 7 24 40 41 73 95 100 82 6 52 20 81 99 66 100 100 100 100 100 47 57 77 41 13 12 41 94 65 48 88 66 80 98 93 69 16 31 84 71 9 23 86 75 43 46 28
78 70 32 0 2 22 50 37 27 54 62 56 86 17 2 16 62 87 50 63 72 0 0 28 89 61 2 45 0 0 0 0 0 3 30 67 88 100 100 60 68 84 74 41 8 71 97 97 37 72 34 59 44 10 15 75 69 30 14 59 74 100 94 47 98 100 67 68 65 93 90 43 19 44 67 98 78 6 0 64 44 96 99 39 0 9 27 86 94 18 0 0 40 77 32 80
43 19 4 41 78 87 59 21 69 63 41 66 30 14 22 73 74 85 41 48 15 0 0 4 94 29 4 0 0 0 0 2 58 30 84 85 39 60 100 97 72 57 78 99 100 47 94 72 100 62 24 48 93 97 78 37 100 98 14 11 39 78 96 28 10 100 100 96 15 76 98 97 6 16 85 100 93 82 54 60 57 52 67 57 52 51 70 100 66 62 66 5 0 33 28 6
29 26 59 100 99 70 13 76 89 64 40 45 0 9 19 65 46 33 9 0 5 0 0 20 26 4 0 0 0 6 5 46 64 64 36 18 48 82 96 36 19 45 80 92 60 100 94 100 100 98 47 59 90 97 96 67 83 93 18 26 36 47 100 43 57 100 100 100 59 51 20 86 32 86 100 98 88 88 61 77 39 6 15 27 4 45 80 100 99 73 72 4 0 0 0 59
42 65 98 73 94 58 55 100 98 22 9 52 24 4 0 12 83 0 0 3 3 0 0 0 0 0 0 24 49 75 90 87 22 60 83 23 70 59 42 69 94 69 92 100 67 87 60 89 100 100 27 21 84 82 39 11 14 89 45 45 1 34 68 22 52 81 25 71 80 15 0 7 7 74 90 71 20 93 61 48 23 4 34 93 76 38 15 64 92 82 43 76 23 0 0 75
85 94 76 100 100 100 99 100 100 72 8 16 86 90 25 37 9 0 0 0 0 0 0 3 40 70 72 52 54 92 72 78 93 100 97 49 45 48 18 71 100 100 100 100 59 66 84 82 100 100 73 82 100 100 58 42 15 28 13 48 52 52 90 54 40 74 1 65 31 0 0 20 73 100 45 22 12 94 86 83 38 63 96 47 6 44 56 56 37 48 74 41 23 0 0 9
