data/habitatmaps/RS_maps/habitat_Regulus.regulus_2003.asc
NCOLS 369 
NROWS 228 
XLLCORNER 479000 
YLLCORNER 73000 
CELLSIZE 1000 
NODATA_value -9 
[rows 63 to 125 of 228, columns 0 to 95 of 369]
-9 -9 -9 -9 -9 -9 -9 -9 -9 -9 -9 -9 -9 -9 -9 -9 -9 -9 -9 -9 -9 -9 -9 -9 -9 -9 -9 -9 -9 -9 -9 -9 -9 -9 -9 -9 -9 -9 -9 -9 -9 -9 -9 -9 -9 -9 -9 -9 -9 -9 -9 -9 -9 -9 -9 -9 -9 -9 -9 -9 -9 -9 -9 -9 -9 -9 -9 -9 -9 0 0 0 0 1 44 35 34 44 10 44 34 44 65 54 49 65 55 61 74 36 24 10 13 11 29 13
-9 -9 -9 -9 -9 -9 -9 -9 -9 -9 -9 -9 -9 -9 -9 -9 -9 -9 -9 -9 -9 -9 -9 -9 -9 -9 -9 -9 -9 -9 -9 -9 -9 -9 -9 -9 -9 -9 -9 -9 -9 -9 -9 -9 -9 -9 -9 -9 -9 -9 -9 -9 -9 -9 -9 -9 -9 -9 -9 -9 -9 -9 -9 -9 -9 -9 -9 -9 -9 0 0 0 0 23 30 28 25 2 15 74 24 33 82 60 54 58 60 60 52 28 28 11 12 69 70 39
-9 -9 -9 -9 -9 -9 -9 -9 -9 -9 -9 -9 -9 -9 -9 -9 -9 -9 -9 -9 -9 -9 -9 -9 -9 -9 -9 -9 -9 -9 -9 -9 -9 -9 -9 -9 -9 -9 -9 -9 -9 -9 -9 -9 -9 -9 -9 -9 -9 -9 -9 -9 -9 -9 -9 -9 -9 -9 -9 -9 -9 -9 -9 -9 -9 -9 -9 -9 -9 0 0 8 33 20 28 58 39 0 0 5 24 47 50 30 42 22 23 53 39 22 36 46 29 53 37 23
-9 -9 -9 -9 -9 -9 -9 -9 -9 -9 -9 -9 -9 -9 -9 -9 -9 -9 -9 -9 -9 -9 -9 -9 -9 -9 -9 -9 -9 -9 -9 -9 -9 -9 -9 -9 -9 -9 -9 -9 -9 -9 -9 -9 -9 -9 -9 -9 -9 -9 -9 -9 -9 -9 -9 -9 -9 -9 -9 -9 -9 -9 -9 -9 -9 -9 -9 -9 16 48 30 27 71 73 52 34 16 3 0 0 45 48 33 2 41 59 40 4 0 4 21 27 7 26 29 36
-9 -9 -9 -9 -9 -9 -9 -9 -9 -9 -9 -9 -9 -9 -9 -9 -9 -9 -9 -9 -9 -9 -9 -9 -9 -9 -9 -9 -9 -9 -9 -9 -9 -9 -9 -9 -9 -9 -9 -9 -9 -9 -9 -9 -9 -9 -9 -9 -9 -9 -9 -9 -9 -9 -9 -9 -9 -9 -9 -9 -9 -9 -9 -9 -9 -9 -9 79 58 6 35 32 13 60 30 18 13 0 0 6 73 10 29 58 52 76 14 0 26 72 33 19 65 22 34 33
-9 -9 -9 -9 -9 -9 -9 -9 -9 -9 -9 -9 -9 -9 -9 -9 -9 -9 -9 -9 -9 -9 -9 -9 -9 -9 -9 -9 -9 -9 -9 -9 -9 -9 -9 -9 -9 -9 -9 -9 -9 -9 -9 -9 -9 -9 -9 -9 -9 -9 -9 -9 -9 -9 -9 -9 -9 -9 -9 -9 -9 -9 -9 -9 -9 -9 40 16 11 40 63 10 15 6 4 28 0 0 0 41 92 14 34 26 92 82 46 20 40 18 37 43 66 31 43 69
-9 -9 -9 -9 -9 -9 -9 -9 -9 -9 -9 -9 -9 -9 -9 -9 -9 -9 -9 -9 -9 -9 -9 -9 -9 -9 -9 -9 -9 -9 -9 -9 -9 -9 -9 -9 -9 -9 -9 -9 -9 -9 -9 -9 -9 -9 -9 -9 -9 -9 -9 -9 -9 -9 -9 -9 -9 -9 -9 -9 -9 -9 -9 -9 -9 -9 23 28 53 34 52 9 12 30 4 11 1 6 40 56 72 54 51 87 68 20 24 26 22 38 35 100 47 2 43 39
-9 -9 -9 -9 -9 -9 -9 -9 -9 -9 -9 -9 -9 -9 -9 -9 -9 -9 -9 -9 -9 -9 -9 -9 -9 -9 -9 -9 -9 -9 -9 -9 -9 -9 -9 -9 -9 -9 -9 -9 -9 -9 -9 -9 -9 -9 -9 -9 -9 -9 -9 -9 -9 -9 -9 -9 -9 -9 -9 -9 -9 -9 -9 -9 65 78 60 77 50 11 54 38 14 14 7 48 7 28 36 29 74 50 92 64 4 0 28 38 23 7 19 40 0 3 30 36
-9 -9 -9 -9 -9 -9 -9 -9 -9 -9 -9 -9 -9 -9 -9 -9 -9 -9 -9 -9 -9 -9 -9 -9 -9 -9 -9 -9 -9 -9 -9 -9 -9 -9 -9 -9 -9 -9 -9 -9 -9 -9 -9 -9 -9 -9 -9 -9 -9 -9 -9 -9 -9 -9 -9 -9 -9 -9 -9 -9 -9 -9 -9 60 89 75 44 24 54 51 19 19 0 19 0 0 25 2 1 31 19 80 29 10 3 30 52 46 9 1 35 41 6 31 17 28
-9 -9 -9 -9 -9 -9 -9 -9 -9 -9 -9 -9 -9 -9 -9 -9 -9 -9 -9 -9 -9 -9 -9 -9 -9 -9 -9 -9 -9 -9 -9 -9 -9 -9 -9 -9 -9 -9 -9 -9 -9 -9 -9 -9 -9 -9 -9 -9 -9 -9 -9 -9 -9 -9 -9 -9 -9 -9 -9 -9 -9 94 64 54 73 43 36 53 60 30 39 55 8 0 0 0 16 40 9 16 80 10 26 28 26 16 8 29 31 3 24 16 41 57 54 22
-9 -9 -9 -9 -9 -9 -9 -9 -9 -9 -9 -9 -9 -9 -9 -9 -9 -9 -9 -9 -9 -9 -9 -9 -9 -9 -9 -9 -9 -9 -9 -9 -9 -9 -9 -9 -9 -9 -9 -9 -9 -9 -9 -9 -9 -9 -9 -9 -9 -9 -9 -9 -9 -9 -9 -9 -9 -9 -9 -9 43 19 52 58 30 3 32 43 1 38 26 82 0 4 56 42 16 38 28 90 48 2 14 38 38 42 51 100 58 32 32 20 36 38 21 43
-9 -9 -9 -9 -9 -9 -9 -9 -9 -9 -9 -9 -9 -9 -9 -9 -9 -9 -9 -9 -9 -9 -9 -9 -9 -9 -9 -9 -9 -9 -9 -9 -9 -9 -9 -9 -9 -9 -9 -9 -9 -9 -9 -9 -9 -9 -9 -9 -9 -9 -9 -9 -9 -9 -9 -9 -9 -9 -9 46 44 14 40 41 5 0 6 0 58 16 27 45 0 0 32 22 32 38 73 27 4 16 23 28 14 86 45 54 20 38 48 74 68 36 26 3
-9 -9 -9 -9 -9 -9 -9 -9 -9 -9 -9 -9 -9 -9 -9 -9 -9 -9 -9 -9 -9 -9 -9 -9 -9 -9 -9 -9 -9 -9 -9 -9 -9 -9 -9 -9 -9 -9 -9 -9 -9 -9 -9 -9 -9 -9 -9 -9 -9 -9 -9 -9 -9 -9 -9 -9 -9 -9 64 74 60 13 0 14 72 38 67 24 26 22 32 25 22 11 38 43 25 56 70 6 0 12 1 0 12 38 50 39 0 41 72 70 26 0 0 31
-9 -9 -9 -9 -9 -9 -9 -9 -9 -9 -9 -9 -9 -9 -9 -9 -9 -9 -9 -9 -9 -9 -9 -9 -9 -9 -9 -9 -9 -9 -9 -9 -9 -9 -9 -9 -9 -9 -9 -9 -9 -9 -9 -9 -9 -9 -9 -9 -9 -9 -9 -9 -9 -9 -9 -9 -9 68 10 15 4 2 19 60 62 62 9 0 0 4 50 13 33 25 39 59 68 68 40 2 0 26 0 18 32 49 25 64 82 94 53 7 7 35 81 65
-9 -9 -9 -9 -9 -9 -9 -9 -9 -9 -9 -9 -9 -9 -9 -9 -9 -9 -9 -9 -9 -9 -9 -9 -9 -9 -9 -9 -9 -9 -9 -9 -9 -9 -9 -9 -9 -9 -9 -9 -9 -9 -9 -9 -9 -9 -9 -9 -9 -9 -9 -9 -9 -9 -9 -9 14 87 20 0 20 50 69 12 40 28 1 0 1 62 41 52 51 25 18 70 32 78 67 6 30 20 28 29 30 17 13 81 48 34 47 68 74 46 36 43
-9 -9 -9 -9 -9 -9 -9 -9 -9 -9 -9 -9 -9 -9 -9 -9 -9 -9 -9 -9 -9 -9 -9 -9 -9 -9 -9 -9 -9 -9 -9 -9 -9 -9 -9 -9 -9 -9 -9 -9 -9 -9 -9 -9 -9 -9 -9 -9 -9 -9 -9 -9 -9 -9 -9 -9 23 77 25 9 44 49 15 54 24 0 0 0 54 50 13 38 32 5 13 60 64 47 86 16 28 23 14 17 7 35 19 1 11 54 66 58 33 36 73 31
-9 -9 -9 -9 -9 -9 -9 -9 -9 -9 -9 -9 -9 -9 -9 -9 -9 -9 -9 -9 -9 -9 -9 -9 -9 -9 -9 -9 -9 -9 -9 -9 -9 -9 -9 -9 -9 -9 -9 -9 -9 -9 -9 -9 -9 -9 -9 -9 -9 -9 -9 -9 -9 -9 -9 5 30 45 19 33 33 32 32 41 7 0 2 22 14 22 29 5 0 38 50 82 16 13 76 2 4 0 26 44 46 36 63 61 70 100 56 7 26 39 65 95
-9 -9 -9 -9 -9 -9 -9 -9 -9 -9 -9 -9 -9 -9 -9 -9 -9 -9 -9 -9 -9 -9 -9 -9 -9 -9 -9 -9 -9 -9 -9 -9 -9 -9 -9 -9 -9 -9 -9 -9 -9 -9 -9 -9 -9 -9 -9 -9 -9 -9 -9 -9 -9 -9 21 73 39 40 42 48 41 87 30 0 66 28 34 51 40 56 28 10 33 59 58 6 5 31 73 0 6 21 35 10 42 69 39 15 49 60 55 9 20 89 100 91
-9 -9 -9 -9 -9 -9 -9 -9 -9 -9 -9 -9 -9 -9 -9 -9 -9 -9 -9 -9 -9 -9 -9 -9 -9 -9 -9 -9 -9 -9 -9 -9 -9 -9 -9 -9 -9 -9 -9 -9 -9 -9 -9 -9 -9 -9 -9 -9 -9 -9 -9 -9 -9 -9 67 63 19 6 24 0 55 36 1 11 38 20 20 24 34 62 68 91 95 62 16 2 44 36 24 1 24 12 38 32 16 26 65 45 61 30 4 45 94 94 65 68
-9 -9 -9 -9 -9 -9 -9 -9 -9 -9 -9 -9 -9 -9 -9 -9 -9 -9 -9 -9 -9 -9 -9 -9 -9 -9 -9 -9 -9 -9 -9 -9 -9 -9 -9 -9 -9 -9 -9 -9 -9 -9 -9 -9 -9 -9 -9 -9 -9 -9 -9 -9 -9 33 0 0 18 61 29 9 44 11 7 37 26 12 20 53 92 68 68 46 58 18 0 7 14 12 0 11 31 38 46 18 9 16 30 52 68 36 93 98 56 16 58 78
-9 -9 -9 -9 -9 -9 -9 -9 -9 -9 -9 -9 -9 -9 -9 -9 -9 -9 -9 -9 -9 -9 -9 -9 -9 -9 -9 -9 -9 -9 -9 -9 -9 -9 -9 -9 -9 -9 -9 -9 -9 -9 -9 -9 -9 -9 -9 -9 -9 -9 -9 -9 89 21 67 50 26 34 14 1 11 0 6 30 43 42 11 85 57 55 34 19 48 20 0 14 12 4 16 33 15 12 22 11 38 60 82 99 81 98 54 19 0 0 0 2
-9 -9 -9 -9 -9 -9 -9 -9 -9 -9 -9 -9 -9 -9 -9 -9 -9 -9 -9 -9 -9 -9 -9 -9 -9 -9 -9 -9 -9 -9 -9 -9 -9 -9 -9 -9 -9 -9 -9 -9 -9 -9 -9 -9 -9 -9 -9 -9 -9 -9 -9 36 1 52 28 4 29 41 34 0 0 24 72 44 16 4 38 86 67 42 57 48 24 1 0 0 6 32 17 33 24 35 72 46 23 8 43 50 60 42 0 0 0 0 0 0
-9 -9 -9 -9 -9 -9 -9 -9 -9 -9 -9 -9 -9 -9 -9 -9 -9 -9 -9 -9 -9 -9 -9 -9 -9 -9 -9 -9 -9 -9 -9 -9 -9 -9 -9 -9 -9 -9 -9 -9 -9 -9 -9 -9 -9 -9 -9 -9 55 74 33 62 60 61 24 43 7 1 38 22 0 33 57 50 42 47 72 72 72 69 42 44 28 5 0 16 0 20 39 34 60 73 64 21 48 51 74 42 44 56 23 33 18 0 0 10
-9 -9 -9 -9 -9 -9 -9 -9 -9 -9 -9 -9 -9 -9 -9 -9 -9 -9 -9 -9 -9 -9 -9 -9 -9 -9 -9 -9 -9 -9 -9 -9 -9 -9 -9 -9 -9 -9 -9 -9 -9 -9 -9 -9 0 12 0 58 64 55 65 69 56 33 9 54 1 4 66 13 13 46 30 45 26 56 70 32 15 9 54 33 3 1 3 0 0 36 62 24 21 53 47 57 83 82 52 81 61 74 47 84 3 13 41 84
-9 -9 -9 -9 -9 -9 -9 -9 -9 -9 -9 -9 -9 -9 -9 -9 -9 -9 -9 -9 -9 -9 -9 -9 -9 -9 -9 -9 -9 -9 -9 -9 -9 -9 -9 -9 -9 -9 -9 -9 -9 -9 -9 47 14 55 38 57 40 94 77 72 42 1 16 42 18 39 27 0 24 38 28 4 0 26 40 9 29 26 34 6 0 23 3 6 24 46 38 51 65 73 47 21 6 3 47 100 86 17 71 52 61 75 87 75
-9 -9 -9 -9 -9 -9 -9 -9 -9 -9 -9 -9 -9 -9 -9 -9 -9 -9 -9 -9 -9 -9 -9 -9 -9 -9 -9 -9 -9 -9 -9 -9 -9 -9 -9 -9 -9 -9 -9 -9 -9 11 11 26 59 62 54 8 31 53 37 77 45 1 36 8 27 12 0 3 66 43 15 4 25 56 24 34 30 10 6 23 4 15 43 32 71 27 15 38 85 0 0 0 0 2 65 82 55 41 95 27 1 29 21 0
-9 -9 -9 -9 -9 -9 -9 -9 -9 -9 -9 -9 -9 -9 -9 -9 -9 -9 -9 -9 -9 -9 -9 -9 -9 -9 -9 -9 -9 -9 -9 -9 -9 -9 -9 -9 -9 -9 -9 -9 0 0 4 34 64 26 0 0 29 0 18 56 25 20 27 43 69 0 0 37 76 63 48 80 53 49 64 20 2 37 55 52 2 50 39 56 21 35 58 59 13 0 0 0 1 55 50 86 75 62 39 0 0 0 0 0
-9 -9 -9 -9 -9 -9 -9 -9 -9 -9 -9 -9 -9 -9 -9 -9 -9 -9 -9 -9 -9 -9 -9 -9 -9 -9 -9 -9 -9 -9 -9 -9 -9 -9 -9 -9 -9 -9 -9 13 14 43 74 69 33 16 63 46 0 0 35 46 4 31 35 57 5 0 5 50 68 84 55 36 46 46 34 10 6 5 43 34 56 17 52 61 33 74 5 0 0 0 0 7 68 87 67 18 41 34 0 0 0 3 25 0
-9 -9 -9 -9 -9 -9 -9 -9 -9 -9 -9 -9 -9 -9 -9 -9 -9 -9 -9 -9 -9 -9 -9 -9 -9 -9 -9 -9 -9 -9 -9 -9 -9 -9 -9 -9 -9 -9 44 68 80 18 46 20 40 20 34 1 0 0 4 21 33 76 66 0 3 52 80 20 32 60 52 70 69 54 40 24 32 42 28 75 13 17 94 34 68 71 14 0 0 0 13 85 78 62 6 0 8 0 0 0 4 75 38 0
-9 -9 -9 -9 -9 -9 -9 -9 -9 -9 -9 -9 -9 -9 -9 -9 -9 -9 -9 -9 -9 -9 -9 -9 -9 -9 -9 -9 -9 -9 -9 -9 -9 -9 -9 -9 -9 67 44 39 49 27 49 31 11 0 3 38 10 48 40 56 67 59 6 4 58 80 32 41 44 54 46 21 44 60 46 27 36 45 58 10 3 54 18 54 84 40 0 0 0 29 91 81 68 49 29 0 0 0 18 13 58 39 15 0
-9 -9 -9 -9 -9 -9 -9 -9 -9 -9 -9 -9 -9 -9 -9 -9 -9 -9 -9 -9 -9 -9 -9 -9 -9 -9 -9 -9 -9 -9 -9 -9 -9 -9 -9 -9 33 79 5 0 0 21 19 14 40 68 32 50 35 73 25 85 28 36 51 41 48 44 59 47 39 8 14 40 60 26 9 52 4 46 26 9 53 19 50 100 36 1 15 10 23 100 100 100 86 51 1 0 0 0 0 9 69 61 40 28
-9 -9 -9 -9 -9 -9 -9 -9 -9 -9 -9 -9 -9 -9 -9 -9 -9 -9 -9 -9 -9 -9 -9 -9 -9 -9 -9 -9 -9 -9 -9 -9 -9 -9 -9 42 72 51 0 0 0 0 45 58 77 14 2 5 34 9 28 63 22 57 69 75 57 88 94 54 20 10 12 4 33 92 84 76 44 5 10 62 21 23 94 45 0 0 8 9 49 75 100 91 30 0 0 16 26 0 66 13 0 2 1 0
-9 -9 -9 -9 -9 -9 -9 -9 -9 -9 -9 -9 -9 -9 -9 -9 -9 -9 -9 -9 -9 -9 -9 -9 -9 -9 -9 -9 -9 -9 -9 -9 -9 -9 -9 67 69 0 0 0 0 52 65 31 58 3 1 0 10 52 87 65 53 34 46 88 84 66 57 50 18 0 46 91 79 60 24 26 0 5 52 17 38 67 52 58 11 22 67 93 95 21 15 3 0 0 0 0 3 0 23 59 0 0 0 0
-9 -9 -9 -9 -9 -9 -9 -9 -9 -9 -9 -9 -9 -9 -9 -9 -9 -9 -9 -9 -9 -9 -9 -9 -9 -9 -9 -9 -9 -9 -9 -9 -9 -9 62 87 34 0 0 10 50 51 34 61 24 13 28 55 29 0 55 82 67 53 35 84 78 44 30 4 20 12 34 86 34 10 1 0 4 32 4 38 100 80 60 51 33 76 84 94 85 21 0 0 0 0 0 0 0 0 0 41 1 0 8 6
-9 -9 -9 -9 -9 -9 -9 -9 -9 -9 -9 -9 -9 -9 -9 -9 -9 -9 -9 -9 -9 -9 -9 -9 -9 -9 -9 -9 -9 -9 -9 -9 -9 60 94 23 3 0 6 20 34 9 52 32 0 6 91 67 32 47 61 65 60 55 34 16 3 15 29 46 36 54 58 52 8 30 51 0 15 0 6 28 86 43 87 44 41 8 12 0 0 0 0 0 0 0 0 0 0 0 0 20 0 0 47 14
-9 -9 -9 -9 -9 -9 -9 -9 -9 -9 -9 -9 -9 -9 -9 -9 -9 -9 -9 -9 -9 -9 -9 -9 -9 -9 -9 -9 -9 -9 -9 -9 -9 90 25 0 0 18 24 55 20 0 11 0 18 30 68 64 72 76 62 64 45 0 0 8 42 48 33 40 46 80 62 38 33 60 8 0 31 39 55 37 26 46 100 71 40 0 0 0 0 0 0 0 0 0 0 0 0 0 31 35 0 0 11 4
-9 -9 -9 -9 -9 -9 -9 -9 -9 -9 -9 -9 -9 -9 -9 -9 -9 -9 -9 -9 -9 -9 -9 -9 -9 -9 -9 -9 -9 -9 -9 -9 -9 7 0 2 72 15 0 24 0 0 4 46 80 30 46 52 52 76 94 58 19 34 54 64 91 37 74 44 64 28 2 1 38 59 46 43 75 34 1 25 70 82 51 12 1 0 0 0 0 0 0 0 0 0 0 0 0 9 11 0 15 40 39 45
-9 -9 -9 -9 -9 -9 -9 -9 -9 -9 -9 -9 -9 -9 -9 -9 -9 -9 -9 -9 -9 -9 -9 -9 -9 -9 -9 -9 -9 -9 -9 -9 -9 34 8 78 51 24 0 0 0 8 77 54 42 4 73 64 94 100 93 19 2 81 34 84 62 34 61 55 48 26 62 74 53 38 35 44 33 70 88 100 100 59 14 0 0 2 0 0 0 0 0 0 0 0 0 8 22 0 2 22 7 17 0 8
-9 -9 -9 -9 -9 -9 -9 -9 -9 -9 -9 -9 -9 -9 -9 -9 -9 -9 -9 -9 -9 -9 -9 -9 -9 -9 -9 -9 -9 -9 -9 -9 24 16 85 41 0 0 0 3 18 92 22 16 0 33 72 56 96 88 12 26 71 98 95 77 44 12 45 59 37 59 2 14 28 69 98 94 99 96 100 100 100 41 0 0 0 17 0 0 0 0 0 0 0 0 11 38 1 9 1 1 0 0 0 0
-9 -9 -9 -9 -9 -9 -9 -9 -9 -9 -9 -9 -9 -9 -9 -9 -9 -9 -9 -9 -9 -9 -9 -9 -9 -9 -9 -9 -9 -9 -9 -9 61 96 63 4 0 0 1 62 97 81 27 8 35 60 23 79 41 46 78 71 69 46 24 10 36 49 61 72 52 9 0 40 65 75 64 28 77 80 100 100 78 5 0 0 27 7 0 0 0 0 0 0 0 22 49 65 57 55 18 17 0 0 0 0
-9 -9 -9 -9 -9 -9 -9 -9 -9 -9 -9 -9 -9 -9 -9 -9 -9 -9 -9 -9 -9 -9 -9 -9 -9 -9 -9 -9 -9 -9 -9 -9 36 55 1 0 0 0 25 22 66 60 58 92 95 70 50 88 86 100 93 68 82 21 20 10 54 64 0 2 6 54 58 89 41 54 3 16 56 100 100 98 29 0 0 0 0 0 0 0 0 0 0 0 13 6 56 61 20 0 4 1 0 0 0 0
-9 -9 -9 -9 -9 -9 -9 -9 -9 -9 -9 -9 -9 -9 -9 -9 -9 -9 -9 -9 -9 -9 -9 -9 -9 -9 -9 -9 -9 -9 -9 -9 0 0 0 0 0 0 22 55 61 70 74 100 80 56 48 94 66 28 3 8 11 66 60 54 20 0 2 51 57 6 47 55 32 39 31 92 87 43 54 58 43 0 0 0 0 0 0 0 0 0 0 14 25 11 1 23 12 6 0 0 0 0 0 0
-9 -9 -9 -9 -9 -9 -9 -9 -9 -9 -9 -9 -9 -9 -9 -9 -9 -9 -9 -9 -9 -9 -9 -9 -9 -9 -9 -9 -9 -9 -9 -9 0 0 0 0 0 0 0 8 70 55 58 88 69 48 56 13 0 0 0 0 52 69 76 14 0 4 72 58 27 41 66 38 21 33 91 42 43 9 0 1 1 0 0 0 0 0 0 0 0 0 32 6 0 6 5 3 0 17 34 0 2 0 0 0
-9 -9 -9 -9 -9 -9 -9 -9 -9 -9 -9 -9 -9 -9 -9 -9 -9 -9 -9 -9 -9 -9 -9 -9 -9 -9 -9 -9 -9 -9 -9 -9 -9 0 0 0 0 7 9 13 56 28 6 28 36 3 3 28 54 59 60 66 64 67 19 28 45 88 98 21 26 61 42 64 66 83 30 0 0 0 0 0 0 0 0 0 0 0 0 0 0 2 2 0 0 13 8 0 0 0 9 23 36 17 3 24
-9 -9 -9 -9 -9 -9 -9 -9 -9 -9 -9 -9 -9 -9 -9 -9 -9 -9 -9 -9 -9 -9 -9 -9 -9 -9 -9 -9 -9 -9 -9 -9 -9 0 0 1 31 78 68 65 38 1 10 47 15 32 54 24 14 10 10 16 86 50 69 81 79 100 100 66 35 65 54 29 69 47 5 0 0 0 0 0 0 0 0 0 0 0 0 2 30 57 16 0 0 0 0 0 0 0 0 1 13 24 77 29
-9 -9 -9 -9 -9 -9 -9 -9 -9 -9 -9 -9 -9 -9 -9 -9 -9 -9 -9 -9 -9 -9 -9 -9 -9 -9 -9 -9 -9 -9 -9 -9 -9 60 18 54 55 49 82 40 46 0 2 25 51 38 67 64 40 46 18 70 61 69 51 39 92 100 100 57 23 41 24 58 100 98 22 40 11 0 0 0 0 0 0 0 0 0 12 26 2 18 12 17 0 0 0 0 0 0 0 0 0 5 73 17
-9 -9 -9 -9 -9 -9 -9 -9 -9 -9 -9 -9 -9 -9 -9 -9 -9 -9 -9 -9 -9 -9 -9 -9 -9 -9 -9 -9 -9 -9 -9 -9 -9 100 99 89 66 81 75 27 2 4 40 73 50 14 66 41 56 26 34 92 78 30 29 78 100 78 89 70 71 58 74 28 75 90 17 32 0 0 0 0 0 0 0 0 0 7 29 10 23 30 0 0 0 0 0 0 0 0 6 24 42 51 52 7
-9 -9 -9 -9 -9 -9 -9 -9 -9 -9 -9 -9 -9 -9 -9 -9 -9 -9 -9 -9 -9 -9 -9 -9 -9 -9 -9 -9 -9 -9 -9 -9 -9 100 78 48 58 47 51 38 46 74 81 62 67 56 48 30 8 41 80 96 45 26 21 43 17 97 70 24 67 35 97 83 46 16 68 46 0 0 0 0 0 0 0 0 8 39 1 64 0 0 0 0 0 0 0 0 0 2 54 15 55 13 5 0
-9 -9 -9 -9 -9 -9 -9 -9 -9 -9 -9 -9 -9 -9 -9 -9 -9 -9 -9 -9 -9 -9 -9 -9 -9 -9 -9 -9 -9 -9 -9 -9 -9 39 0 7 3 52 59 63 65 34 48 66 58 26 24 28 47 62 92 91 38 26 53 27 47 50 62 21 21 32 80 50 6 0 0 0 0 0 0 0 0 0 0 2 22 0 0 26 1 0 0 0 0 0 0 12 29 23 31 20 0 18 0 31
-9 -9 -9 -9 -9 -9 -9 -9 -9 -9 -9 -9 -9 -9 -9 -9 -9 -9 -9 -9 -9 -9 -9 -9 -9 -9 -9 -9 -9 -9 -9 -9 2 9 79 79 46 25 54 56 0 0 0 8 55 80 38 58 52 96 76 49 51 84 33 59 85 56 0 0 0 0 1 0 0 0 0 0 0 0 0 0 0 0 0 2 0 0 0 15 0 0 0 0 0 0 0 12 33 55 17 33 12 11 31 61
-9 -9 -9 -9 -9 -9 -9 -9 -9 -9 -9 -9 -9 -9 -9 -9 -9 -9 -9 -9 -9 -9 -9 -9 -9 -9 -9 -9 -9 -9 -9 -9 0 69 36 33 15 21 92 52 1 0 0 1 47 71 42 31 78 60 40 58 89 23 66 69 11 0 0 0 0 0 0 0 0 0 0 0 0 0 0 0 8 25 3 0 0 0 16 31 0 0 0 0 0 0 20 33 53 59 26 3 9 27 64 20
-9 -9 -9 -9 -9 -9 -9 -9 -9 -9 -9 -9 -9 -9 -9 -9 -9 -9 -9 -9 -9 -9 -9 -9 -9 -9 -9 -9 -9 -9 -9 -9 12 34 81 0 0 26 47 100 82 34 37 42 68 58 20 0 22 48 64 94 77 12 16 3 27 58 28 3 0 0 0 0 0 0 0 0 0 0 0 15 32 35 6 0 0 0 0 0 0 0 0 0 0 0 0 0 5 56 20 3 11 31 56 0
-9 -9 -9 -9 -9 -9 -9 -9 -9 -9 -9 -9 -9 -9 -9 -9 -9 -9 -9 -9 -9 -9 -9 -9 -9 -9 -9 -9 -9 -9 -9 18 52 87 21 1 33 66 89 97 72 44 16 60 56 5 0 0 30 4 13 52 60 19 49 8 2 33 8 11 0 0 0 0 0 0 0 0 0 0 0 0 48 0 4 52 52 0 0 0 17 5 0 0 0 2 4 0 39 93 20 0 44 51 34 6
-9 -9 -9 -9 -9 -9 -9 -9 -9 -9 -9 -9 -9 -9 -9 -9 -9 -9 -9 -9 -9 -9 -9 -9 -9 -9 -9 -9 -9 67 1 22 48 29 0 25 78 97 66 50 60 53 63 55 90 40 33 48 52 19 33 81 99 78 38 39 21 0 0 0 0 0 0 0 0 0 2 0 0 0 0 30 35 46 17 11 30 33 0 0 24 21 8 1 3 56 22 39 81 28 7 28 61 12 18 6
-9 -9 -9 -9 -9 -9 -9 -9 -9 -9 -9 -9 -9 -9 -9 -9 -9 -9 -9 -9 -9 -9 -9 -9 -9 -9 -9 -9 81 38 80 9 6 0 23 62 84 52 49 12 58 32 60 66 90 69 100 19 91 95 90 70 99 17 42 47 53 14 5 22 2 0 0 0 12 65 73 9 0 0 40 49 9 17 28 34 0 19 3 37 26 0 77 25 61 1 27 68 81 2 13 63 25 0 36 7
-9 -9 -9 -9 -9 -9 -9 -9 -9 -9 -9 -9 -9 -9 -9 -9 -9 -9 -9 -9 -9 -9 -9 -9 -9 -9 85 93 71 64 100 79 9 19 86 87 54 0 2 6 87 96 99 86 99 100 96 66 48 78 98 76 34 10 7 0 0 0 0 3 21 0 11 30 76 73 32 8 1 31 37 23 15 0 31 6 10 96 31 25 3 1 45 21 44 33 28 42 53 0 0 7 1 9 34 21
-9 -9 -9 -9 -9 -9 -9 -9 -9 -9 -9 -9 -9 -9 -9 -9 -9 -9 -9 -9 -9 -9 -9 -9 -9 98 100 94 94 43 93 36 0 20 47 47 4 0 2 35 80 30 76 84 100 100 73 20 64 90 58 6 44 38 17 0 0 0 0 0 0 22 16 44 37 35 20 64 65 5 14 7 3 19 1 1 61 64 41 22 0 8 19 32 15 18 16 24 3 30 16 20 0 3 8 1
-9 -9 -9 -9 -9 -9 -9 -9 -9 -9 -9 -9 -9 -9 -9 -9 -9 -9 -9 -9 -9 -9 -9 71 100 84 94 73 34 5 12 0 13 23 55 60 11 0 0 38 59 20 10 52 58 99 44 31 92 79 6 1 3 46 1 0 0 0 0 0 0 0 0 18 8 49 71 20 33 62 21 8 0 31 3 46 38 0 4 0 0 2 0 0 0 0 2 0 18 13 12 3 19 22 75 20
-9 -9 -9 -9 -9 -9 -9 -9 -9 -9 -9 -9 -9 -9 -9 -9 -9 -9 -9 -9 -9 -9 60 84 96 84 47 28 4 37 48 60 45 82 48 0 0 23 34 70 14 51 63 72 80 52 52 42 100 85 0 0 1 19 0 0 0 0 0 0 8 1 0 3 47 52 68 31 12 1 27 28 24 9 0 67 6 30 40 0 0 25 0 0 0 41 40 0 0 23 49 47 6 41 34 4
-9 -9 -9 -9 -9 -9 -9 -9 -9 -9 -9 -9 -9 -9 -9 -9 -9 -9 -9 -9 -9 25 15 77 64 75 1 16 69 72 55 68 37 0 4 16 33 56 66 59 20 95 72 46 17 58 46 93 54 34 2 0 27 16 0 0 0 0 3 17 29 21 11 25 11 48 27 0 0 0 27 7 2 0 14 28 18 64 29 0 33 25 12 3 23 68 91 9 0 5 1 19 42 9 15 57
-9 -9 -9 -9 -9 -9 -9 -9 -9 -9 -9 -9 -9 -9 -9 -9 -9 -9 -9 -9 10 66 66 96 88 12 90 84 35 20 0 0 3 27 14 89 93 46 60 62 41 67 72 52 62 78 56 13 10 16 16 0 1 0 0 3 17 12 22 5 34 21 45 39 25 33 0 0 0 0 5 28 0 7 55 27 37 10 0 17 50 45 2 52 25 18 42 1 0 0 3 72 88 6 5 38
-9 -9 -9 -9 -9 -9 -9 -9 -9 -9 -9 -9 -9 -9 -9 -9 -9 -9 -9 2 15 79 100 100 93 60 92 22 9 0 0 7 62 77 91 59 60 37 61 92 14 68 51 34 71 26 4 2 75 64 35 0 0 0 0 1 29 20 21 28 2 0 0 16 7 41 30 11 41 1 16 67 26 33 11 63 2 9 15 49 0 15 59 42 0 7 27 2 0 0 17 61 13 8 13 42
-9 -9 -9 -9 -9 -9 -9 -9 -9 -9 -9 -9 -9 -9 -9 -9 -9 -9 2 22 80 100 100 90 40 71 10 0 0 2 49 87 88 95 36 60 62 33 53 72 0 66 28 12 70 70 53 56 62 80 10 0 0 0 0 5 5 23 64 39 0 19 50 11 41 19 52 17 28 38 42 38 20 46 0 25 9 27 0 54 46 7 59 78 0 17 7 28 35 21 33 7 0 10 46 23
