data/habitatmaps/RS_maps/habitat_Prunella.collaris_2019.asc
NCOLS 369 
NROWS 228 
XLLCORNER 479000 
YLLCORNER 73000 
CELLSIZE 1000 
NODATA_value -9 
[rows 136 to 203 of 228, columns 96 to 191 of 369]
0 0 0 0 0 0 0 0 0 0 3 42 39 61 29 26 43 22 0 12 0 0 0 0 0 0 4 1 22 60 2 0 0 0 0 0 0 32 86 100 38 0 0 0 0 0 0 0 0 0 11 72 62 0 0 0 16 33 0 0 0 7 3 0 0 0 0 0 0 0 0 0 0 1 94 81 50 2 0 0 37 97 74 100 61 47 100 94 100 100 65 59 81 100 100 29
0 0 0 0 0 0 0 0 0 18 64 42 15 39 0 0 12 0 0 0 0 0 0 0 0 0 32 39 0 0 0 26 0 0 0 0 2 86 98 31 58 0 0 0 0 0 0 0 0 0 26 72 11 0 0 3 43 0 0 0 0 5 56 4 0 0 0 0 0 0 0 0 1 52 77 39 54 0 16 0 3 33 100 96 79 100 100 67 97 98 91 89 100 86 100 97
0 0 0 0 0 0 0 0 0 56 12 0 0 0 0 0 27 0 0 0 0 0 0 0 0 36 3 0 0 0 5 7 0 0 0 0 33 95 25 37 3 0 0 0 0 0 0 0 2 34 30 84 62 7 0 14 0 0 0 0 0 0 22 31 38 6 0 0 0 0 0 0 40 100 35 38 0 0 27 12 28 13 49 59 98 100 100 100 94 28 66 38 73 83 100 87
0 0 0 0 0 0 0 0 0 0 0 0 0 0 0 0 0 0 0 0 0 0 0 0 47 54 1 0 0 0 0 0 2 19 0 21 77 36 27 53 0 0 0 0 0 0 0 0 28 92 40 37 29 86 44 60 39 6 12 0 0 0 2 70 94 13 0 0 0 0 11 35 99 94 98 50 5 0 7 82 29 50 89 86 94 99 65 65 95 96 75 54 86 100 100 60
0 0 0 0 0 0 0 0 0 0 0 0 0 0 0 0 0 0 0 0 0 0 0 5 29 17 7 1 15 0 0 0 5 3 0 16 43 16 35 0 0 0 0 0 0 0 0 22 68 84 48 13 87 100 84 65 33 70 19 0 0 0 10 65 60 43 5 0 11 57 92 100 100 100 91 56 54 47 36 8 81 32 3 6 40 43 43 65 99 100 100 96 32 79 100 58
0 0 0 0 0 0 0 0 0 0 0 0 42 22 0 0 0 0 0 0 0 0 0 10 0 6 40 40 3 0 0 35 0 0 3 26 18 0 0 0 0 0 0 0 0 0 0 13 18 4 0 71 61 98 100 84 40 58 3 0 0 0 45 50 74 96 69 31 95 100 65 69 94 65 50 83 33 88 31 12 16 86 67 72 67 83 48 68 100 100 100 88 17 69 100 100
0 0 0 0 0 0 13 69 59 4 0 4 37 0 0 0 0 0 0 0 0 0 0 18 43 17 12 8 7 36 39 74 0 0 2 49 0 0 0 0 0 0 0 0 0 14 0 0 0 0 1 5 46 72 100 40 83 66 55 1 17 0 33 51 100 100 100 94 89 54 47 62 41 60 37 64 43 36 81 60 53 25 53 79 100 100 100 100 100 100 87 63 60 8 92 75
2 0 0 21 5 0 46 37 0 0 0 35 1 0 0 18 0 0 0 0 0 0 11 76 32 97 61 0 0 0 18 4 0 0 14 11 5 0 0 0 0 0 0 17 0 58 0 0 46 0 0 10 4 64 91 72 100 5 38 3 20 0 12 22 99 84 61 16 32 0 0 0 17 31 0 15 22 24 71 65 85 14 28 6 31 27 79 94 76 27 3 45 33 38 68 2
43 0 0 7 14 17 3 31 11 1 47 1 0 0 4 15 0 0 0 0 0 0 0 0 31 70 16 0 0 0 0 0 18 35 56 24 19 0 0 0 0 0 0 21 12 41 2 0 0 2 64 100 90 100 100 97 80 29 32 24 6 65 84 95 99 53 20 2 3 13 27 17 5 15 0 0 0 27 21 78 27 44 100 96 80 99 100 90 37 50 95 100 83 60 7 45
0 48 1 22 64 75 11 0 20 56 56 14 0 0 0 0 0 0 0 0 0 0 0 0 0 12 63 6 0 0 0 20 90 88 72 79 6 0 0 0 0 0 0 0 21 13 74 65 0 0 0 21 100 100 91 28 50 37 1 9 26 100 100 46 30 14 45 0 0 0 6 31 40 11 0 6 33 3 16 0 53 51 24 70 75 100 97 36 26 70 95 96 42 1 0 0
0 0 65 69 76 25 0 0 40 23 0 7 31 0 0 0 0 0 0 0 0 0 35 31 66 60 79 70 28 19 0 1 58 29 26 41 2 0 0 0 15 0 0 0 46 5 99 62 41 13 0 0 26 86 34 40 46 14 42 7 0 8 100 91 26 0 0 0 0 0 0 0 0 17 32 0 0 5 63 5 25 34 30 80 92 69 92 50 63 95 100 54 16 0 0 0
0 0 51 33 50 36 6 22 11 0 0 1 6 0 0 0 0 0 0 0 0 28 19 5 69 98 95 42 53 42 10 0 32 27 11 19 0 0 0 71 84 4 0 0 0 8 45 57 0 3 0 22 32 98 90 49 39 51 37 35 21 0 66 100 91 40 1 0 0 14 0 0 0 2 14 0 4 27 36 5 1 34 17 17 44 86 100 100 100 88 50 2 0 0 0 0
0 3 98 69 47 26 45 16 0 0 0 0 0 0 0 0 0 0 0 0 0 26 7 6 49 7 3 0 0 15 71 54 96 15 0 0 0 0 0 25 15 0 0 1 13 74 77 100 86 93 45 46 34 80 100 100 100 100 87 47 8 29 87 46 40 65 10 0 0 46 41 8 0 0 14 0 2 54 77 63 27 26 38 13 96 100 100 94 71 18 0 0 0 0 0 0
0 55 89 5 5 8 20 0 34 5 0 0 0 0 0 0 0 0 7 13 0 0 0 0 0 0 39 77 26 0 79 100 58 3 2 0 0 0 0 19 40 0 0 5 83 100 100 63 35 66 90 81 46 89 100 83 60 80 66 0 36 50 77 4 2 40 4 0 8 0 27 10 1 12 0 0 0 0 10 69 30 24 9 36 33 88 57 5 0 0 0 0 0 0 4 54
29 98 65 0 0 0 0 0 27 6 0 0 0 0 0 0 0 0 87 1 0 0 0 0 0 0 0 12 100 76 88 79 52 50 56 2 0 0 0 24 85 68 31 0 66 37 63 11 79 90 22 50 48 55 88 22 69 95 36 55 81 78 33 41 0 0 0 3 41 57 8 11 64 33 17 16 0 0 66 9 37 53 99 81 90 47 19 15 0 0 0 0 0 0 64 19
81 60 6 0 0 0 0 0 0 0 0 0 0 0 0 0 0 3 68 0 0 0 0 0 0 0 0 4 90 97 23 4 28 0 0 0 0 0 4 49 76 88 19 0 1 26 22 39 96 92 24 17 55 46 12 0 9 75 58 41 54 23 2 5 0 19 0 1 43 17 0 0 56 89 57 22 3 10 91 34 97 100 100 100 69 59 15 27 0 0 0 0 0 11 29 1
29 22 0 0 0 0 0 0 0 0 0 0 0 0 0 0 0 0 0 0 0 0 0 0 0 0 3 69 100 85 47 42 0 0 0 0 0 0 16 68 11 0 0 5 33 98 100 93 84 54 63 63 17 0 0 0 26 21 19 26 22 4 0 10 0 13 0 0 0 0 25 21 14 96 51 15 22 18 93 32 100 100 66 75 81 0 0 0 0 0 0 0 4 19 26 54
1 0 0 0 0 0 0 0 0 0 0 0 0 0 0 0 0 0 0 0 3 0 4 0 0 0 15 45 53 91 100 50 0 0 0 0 9 48 70 83 16 0 0 5 49 100 91 11 35 62 74 6 5 0 0 0 0 9 42 32 9 0 0 27 22 0 0 11 5 4 46 79 9 35 100 81 83 91 88 55 100 100 21 11 0 0 0 0 4 28 0 0 12 97 21 6
0 0 0 0 0 0 0 0 0 0 0 0 0 0 0 0 0 15 19 26 31 32 69 0 0 0 0 28 10 68 92 19 0 0 0 21 92 100 100 48 13 17 22 59 49 100 100 84 74 91 43 44 42 0 0 0 2 51 86 62 82 33 0 33 12 4 1 35 2 3 49 40 68 0 65 100 100 71 26 67 100 100 26 34 0 0 0 0 15 44 16 3 83 55 29 45
0 0 0 0 0 10 45 80 10 0 0 0 0 0 0 0 41 53 82 57 38 95 73 12 0 0 0 0 21 24 3 35 8 14 0 50 100 100 100 9 93 46 16 87 100 100 74 91 44 85 98 43 7 0 17 80 100 82 88 98 61 92 35 22 32 3 1 44 20 8 92 64 96 11 31 100 85 15 30 16 82 46 1 2 0 0 0 0 0 23 85 11 98 88 98 100
0 0 0 8 0 39 61 7 0 0 0 0 0 0 0 0 41 20 42 47 48 88 63 11 0 0 0 0 15 31 92 33 31 90 51 37 44 71 24 57 87 26 63 51 45 51 0 0 59 49 97 42 32 77 98 100 100 40 61 87 25 41 50 46 24 0 24 5 29 19 48 98 100 42 20 100 30 2 39 0 13 3 0 0 0 0 0 0 0 26 69 83 87 74 61 62
0 0 29 66 7 75 73 22 0 0 0 0 0 0 0 0 45 0 55 47 63 64 34 0 0 0 0 0 6 50 56 54 100 45 75 50 78 100 80 92 51 83 100 100 97 41 6 46 64 99 85 65 100 86 89 85 51 0 0 33 54 100 75 31 22 39 31 39 46 19 62 70 100 43 21 93 46 2 0 0 0 0 0 0 0 0 0 59 19 2 79 87 56 43 32 97
0 1 54 75 92 80 50 16 9 0 0 0 0 0 0 0 0 0 0 44 34 91 42 0 0 0 0 0 0 0 29 100 61 3 30 0 45 100 65 70 100 100 100 51 87 88 96 100 100 100 100 100 87 37 0 3 10 42 74 83 45 89 80 48 78 74 27 48 18 4 94 88 61 6 36 98 9 0 0 0 0 0 0 0 0 15 41 60 8 28 96 90 9 14 80 100
0 0 0 9 0 0 27 59 43 17 38 0 0 0 0 0 0 0 0 0 54 100 22 0 0 0 0 0 0 0 45 98 98 73 83 57 100 100 70 91 100 100 100 61 33 73 98 100 100 96 63 33 2 0 5 52 41 100 78 50 66 37 16 21 65 38 87 90 24 58 98 61 23 17 90 82 12 0 0 0 0 0 9 0 0 49 73 93 84 100 100 71 30 96 90 100
0 0 0 0 0 0 4 2 0 0 0 0 0 0 0 0 0 0 0 0 22 44 10 0 0 0 0 5 26 34 100 100 68 78 96 88 100 100 35 84 97 56 100 83 91 60 100 76 79 9 0 0 0 49 16 39 98 96 40 58 24 5 53 59 28 49 34 88 97 99 49 34 9 90 100 5 0 0 0 0 0 0 28 13 0 39 57 99 62 54 87 75 83 88 35 96
0 0 0 0 34 0 15 4 0 0 0 0 0 0 0 0 0 0 2 37 23 8 0 23 63 46 78 92 92 98 99 70 39 73 82 89 100 74 51 74 100 84 98 100 100 96 45 44 0 0 0 0 35 28 79 87 66 43 7 25 53 40 92 43 39 100 89 49 70 28 49 28 45 91 69 0 0 0 0 0 0 0 0 0 0 0 83 100 84 97 73 30 77 70 84 74
0 2 32 11 0 0 61 2 0 0 0 0 0 0 0 0 0 0 0 0 22 66 60 88 71 100 100 100 100 99 100 87 17 57 98 100 66 82 76 100 100 78 69 22 85 92 88 21 0 0 0 4 30 85 86 53 10 0 46 87 82 100 100 69 90 98 52 10 23 58 86 41 29 9 0 0 0 0 0 0 0 0 0 0 28 53 29 29 49 63 100 92 24 16 99 98
41 63 58 69 23 41 13 12 0 0 0 0 0 0 0 0 0 0 9 75 93 31 41 72 93 100 100 86 69 33 19 45 58 99 77 100 100 100 70 41 40 0 58 96 98 99 76 24 0 0 13 61 96 100 73 76 96 34 78 100 100 100 100 100 49 10 0 0 15 35 5 0 0 0 0 0 0 0 0 0 0 0 0 0 22 20 0 7 0 44 79 84 28 37 100 99
52 78 75 33 68 65 41 59 62 0 0 0 0 0 48 67 24 32 90 100 100 100 100 100 100 100 100 100 19 0 0 3 28 99 69 94 100 100 42 0 10 78 100 100 100 100 67 1 0 6 82 100 93 81 95 100 100 100 100 100 100 100 100 99 8 0 0 0 0 0 0 0 0 0 0 0 0 0 0 0 0 0 0 0 0 0 0 0 0 8 60 100 100 100 100 57
0 0 0 0 2 4 48 47 0 0 0 22 0 60 98 93 46 69 100 84 64 100 94 85 100 100 100 100 94 78 100 92 100 100 100 100 100 72 0 0 38 81 88 78 93 100 93 43 0 15 88 100 61 84 96 64 100 100 65 70 100 100 40 26 0 0 0 0 0 0 0 0 0 0 0 0 0 0 0 0 1 0 0 0 0 0 22 57 92 94 93 100 100 100 100 100
0 0 0 0 0 8 35 6 0 10 57 86 64 47 87 94 58 97 92 16 83 100 78 46 99 100 100 100 90 100 100 81 32 55 69 100 81 3 0 0 26 15 84 22 55 100 98 19 37 22 84 100 96 100 79 90 100 100 77 91 97 93 37 0 0 0 0 0 0 0 0 0 0 0 0 7 39 64 60 74 8 0 0 0 0 8 99 100 100 100 86 100 100 100 100 93
0 0 0 0 0 0 6 3 2 10 82 100 100 56 97 88 94 68 85 59 100 100 95 53 18 41 19 45 62 85 55 44 0 6 5 68 74 0 0 0 0 19 8 7 98 98 18 1 23 27 54 100 100 100 80 73 100 100 90 24 38 100 62 0 0 0 0 0 0 0 0 0 0 0 0 61 57 94 6 9 0 0 0 52 60 46 100 100 100 100 14 69 100 100 100 95
0 0 0 0 0 0 53 36 74 31 52 92 46 10 96 68 68 100 100 100 100 100 100 89 7 0 0 9 90 69 0 2 0 0 0 0 22 12 0 0 0 93 58 34 57 45 0 0 21 3 60 94 45 80 31 40 100 58 27 0 49 100 79 2 48 22 0 0 0 0 10 5 0 7 36 100 85 20 0 0 0 0 0 75 100 100 100 100 100 71 0 70 100 100 100 93
0 0 0 0 42 75 87 97 97 49 95 97 26 25 91 100 100 100 100 100 100 100 66 37 4 0 0 1 13 7 0 0 0 0 0 39 31 15 0 0 1 22 53 5 11 1 0 3 14 0 1 43 22 32 0 13 53 0 9 0 26 72 61 1 30 25 0 0 0 0 0 28 1 42 100 88 13 4 55 61 1 24 8 100 100 85 100 79 86 30 43 100 100 100 100 68
0 0 0 0 0 57 99 62 82 91 100 48 50 49 100 100 100 91 90 72 96 61 7 0 0 0 0 0 0 0 0 0 0 5 67 14 0 0 0 0 0 1 14 0 0 0 0 7 16 0 20 22 51 16 0 0 0 0 0 0 0 0 0 0 0 0 0 0 0 0 0 3 55 98 100 97 94 67 100 97 68 100 80 99 100 88 87 18 5 1 70 100 100 100 100 89
1 30 9 43 59 92 65 2 13 91 100 100 92 33 69 44 48 52 87 50 64 0 0 0 0 0 0 0 0 0 0 0 0 0 41 7 0 0 0 1 2 0 0 0 0 0 0 0 0 0 0 8 4 0 0 0 0 0 0 0 0 0 0 0 0 5 0 0 0 0 0 0 17 43 45 97 81 100 84 100 100 100 100 85 95 56 32 0 2 71 100 100 100 100 62 15
0 27 88 100 70 74 57 90 94 100 100 86 34 44 63 7 0 95 99 29 4 0 0 0 0 0 0 0 0 0 0 0 0 0 0 0 0 0 0 0 24 41 49 16 22 0 0 0 0 0 0 0 0 0 0 0 0 0 0 0 0 27 24 27 16 1 0 0 0 0 0 0 0 0 1 54 91 62 49 99 100 100 96 75 88 51 18 11 6 42 91 32 72 66 12 0
9 75 87 99 89 85 95 89 74 52 79 64 93 71 3 0 16 100 100 50 0 0 0 0 0 0 0 0 0 0 0 0 0 0 0 0 0 0 0 0 0 0 0 0 0 0 0 0 0 0 0 0 0 0 0 0 0 0 0 0 0 10 16 6 0 0 0 0 0 5 0 0 0 0 3 34 100 81 77 99 100 100 100 100 100 100 62 28 6 51 8 5 94 20 0 0
41 4 5 8 18 57 95 9 1 3 22 60 11 56 2 0 20 98 44 58 0 0 0 0 0 0 0 0 0 0 0 0 0 0 0 0 5 48 37 0 0 0 0 0 0 0 0 0 0 0 0 0 0 0 0 0 0 0 0 0 0 0 0 14 24 0 16 14 17 19 0 0 0 0 0 41 97 72 55 88 67 95 100 100 82 16 1 0 0 0 0 31 84 8 0 0
0 0 0 0 2 22 50 41 3 0 19 55 86 17 0 0 0 50 33 3 0 0 0 0 0 0 0 0 0 0 0 0 0 0 0 0 12 73 100 1 0 0 0 0 0 0 15 61 8 0 0 0 0 0 0 0 0 0 0 0 0 0 0 4 2 23 65 57 0 0 0 0 0 21 47 98 89 7 0 4 2 76 100 47 0 12 26 5 0 0 0 0 0 0 0 0
25 11 3 52 82 87 56 17 4 0 4 67 30 13 0 0 0 0 0 0 0 0 0 0 0 0 0 0 0 0 0 0 0 0 0 0 10 37 61 0 0 13 10 0 0 0 0 45 100 62 0 0 0 0 0 0 0 0 0 0 0 0 0 0 3 3 70 96 16 0 0 0 0 16 84 100 100 98 44 0 0 26 69 66 65 60 70 100 67 3 0 0 0 0 0 0
30 5 62 100 100 70 14 71 82 44 25 35 0 0 0 0 0 0 0 0 0 0 0 0 0 0 0 0 0 0 0 0 0 0 0 0 0 23 98 30 8 43 58 67 3 0 0 40 100 98 40 0 11 0 0 0 0 0 0 0 0 0 0 0 49 4 96 100 57 30 15 0 24 86 100 100 88 88 65 0 6 6 0 0 5 50 80 100 100 84 12 0 0 0 0 0
12 71 100 74 94 58 62 100 98 22 0 21 10 0 0 0 0 0 0 0 0 0 0 0 0 0 0 0 0 0 0 0 0 0 0 0 2 68 42 69 94 61 91 100 63 2 0 70 100 100 25 8 83 79 15 0 0 0 0 0 0 0 0 0 8 0 21 71 80 15 0 0 7 74 92 73 20 93 68 54 27 1 0 0 0 0 15 73 97 90 18 0 0 0 0 0
71 96 77 100 100 100 99 100 100 84 10 4 0 0 0 0 0 0 0 0 0 0 0 0 0 0 0 0 0 0 0 0 0 0 0 0 0 4 9 71 100 100 100 100 59 6 3 77 100 100 73 82 100 100 58 0 0 0 0 0 0 0 0 39 40 15 1 65 31 0 0 20 73 100 51 23 14 95 100 100 43 1 0 0 0 0 0 22 45 5 0 0 0 0 0 0
100 91 93 100 98 100 100 100 92 88 27 0 0 0 0 0 0 0 0 0 0 0 0 0 0 0 0 0 0 0 0 0 0 0 0 0 0 0 62 82 89 100 100 100 100 89 28 86 100 100 100 100 100 100 54 0 0 0 0 0 0 0 0 36 72 31 38 37 0 0 0 91 100 100 54 21 94 100 100 100 38 0 0 0 0 0 0 0 0 0 0 0 0 0 0 0
100 93 69 30 14 65 75 78 77 72 8 0 0 0 0 0 0 0 0 0 0 0 0 0 0 0 0 0 0 0 0 3 75 5 0 0 0 0 1 1 48 100 100 100 100 72 15 47 100 100 100 100 79 27 1 0 0 0 0 0 0 0 28 92 77 52 64 79 3 0 36 58 100 97 100 97 32 16 89 100 91 7 0 0 0 0 0 0 0 0 0 0 0 0 0 0
100 79 12 24 0 1 0 0 24 9 33 0 0 0 0 0 0 0 0 0 0 0 0 0 0 0 0 0 41 7 10 15 94 53 0 0 0 0 0 0 31 73 100 100 80 34 0 72 100 100 100 95 32 0 0 0 0 0 0 0 0 0 79 100 84 39 90 99 24 24 0 0 24 57 100 84 6 0 6 39 14 0 0 0 0 0 0 0 0 0 0 0 0 0 0 5
71 61 10 0 0 0 0 0 6 28 1 0 0 0 0 0 0 0 0 0 0 0 0 0 0 0 0 2 61 83 62 16 54 4 0 0 0 0 6 16 26 97 100 88 37 19 2 80 100 100 100 100 86 0 0 0 0 0 1 0 0 0 39 100 97 64 81 100 99 93 22 0 0 72 100 88 0 0 0 0 5 7 0 0 0 0 0 0 0 0 0 0 0 0 0 12
27 48 1 0 0 0 8 0 0 4 7 0 0 0 0 0 0 0 0 0 0 0 0 0 0 0 0 0 8 47 32 54 100 95 0 0 0 0 29 61 63 92 95 50 32 1 76 100 100 100 89 59 31 0 0 0 0 2 47 0 0 1 63 100 100 100 100 100 100 55 0 0 0 3 66 72 0 0 0 0 13 4 0 0 0 0 0 0 0 0 0 0 0 0 0 16
92 67 0 0 0 0 28 29 0 0 0 0 0 0 0 0 0 0 0 0 0 0 0 0 0 0 0 0 3 43 22 100 84 97 15 0 0 0 38 100 45 85 87 29 0 26 89 100 100 100 100 64 16 0 0 0 0 45 100 30 0 4 57 100 100 100 84 41 56 57 22 7 0 0 0 5 27 52 55 0 0 0 9 36 32 33 24 14 0 0 0 0 15 0 0 0
100 59 0 0 0 0 0 0 0 0 0 0 0 0 0 0 0 0 0 32 3 0 0 0 0 0 0 15 54 64 63 100 59 23 0 0 0 0 17 37 57 77 99 39 0 25 93 100 86 100 100 26 4 0 0 0 19 99 100 70 0 0 11 73 97 100 96 42 52 59 89 79 17 0 0 0 21 99 12 0 37 85 97 100 100 100 100 35 0 0 0 18 47 0 0 0
55 17 25 12 0 0 0 0 0 0 0 0 0 0 0 0 0 0 2 57 55 0 0 0 0 0 0 2 43 90 100 100 90 32 0 0 0 0 0 6 45 88 100 96 0 31 92 99 89 100 82 0 0 0 0 12 100 100 100 74 16 0 1 78 100 100 90 50 34 57 52 100 39 0 0 2 0 36 0 0 46 58 67 98 100 83 100 65 5 0 0 0 0 0 0 0
0 0 0 0 0 0 0 0 0 0 0 0 0 0 0 0 0 0 66 18 19 0 0 0 0 0 0 25 15 59 99 100 100 71 26 69 56 5 0 20 24 75 100 95 60 67 100 65 64 99 48 0 0 0 32 70 100 100 100 100 96 30 0 20 97 100 92 18 0 80 67 91 20 0 8 63 0 0 25 1 0 5 1 20 26 3 82 20 26 22 0 0 0 -9 -9 0
0 0 0 0 0 0 0 0 0 0 0 0 0 60 9 0 0 3 44 17 25 0 0 0 0 0 0 1 2 32 40 77 17 79 80 66 100 97 21 0 64 100 100 94 81 43 100 97 60 100 50 0 0 15 91 100 100 100 85 85 100 53 0 0 78 100 98 72 74 45 78 19 0 0 47 78 2 19 95 50 83 93 6 0 0 1 72 37 0 0 0 0 0 -9 -9 -9
0 0 0 0 0 0 0 0 0 0 0 0 0 15 0 0 0 21 25 0 0 0 0 9 10 0 0 0 0 6 85 99 73 95 96 16 40 21 6 0 1 84 78 71 77 84 97 73 82 100 57 0 0 25 100 87 66 97 40 46 100 43 0 0 72 100 100 80 71 61 80 80 25 63 77 52 9 92 100 100 92 80 11 0 0 0 15 97 19 0 0 0 0 -9 -9 -9
0 0 0 0 0 0 0 0 0 0 0 0 2 13 0 0 0 21 89 39 4 0 0 68 46 0 0 0 0 24 100 100 71 80 30 2 69 13 0 0 0 77 94 72 28 8 9 22 3 91 46 0 0 53 100 92 0 2 43 60 86 49 0 0 17 87 100 66 34 57 45 100 100 100 100 68 82 100 83 84 28 0 0 0 0 4 60 13 1 0 0 0 0 -9 -9 -9
0 0 0 0 0 0 6 43 30 3 0 50 69 80 18 0 28 98 81 8 60 0 0 66 39 1 0 0 0 42 20 32 69 2 0 6 100 78 20 4 1 84 100 46 18 29 3 0 43 100 64 0 0 72 100 100 42 0 5 16 88 94 5 0 20 87 100 46 4 53 11 62 88 92 51 47 82 66 0 0 0 0 0 0 0 1 1 0 0 0 0 0 -9 -9 -9 -9
0 0 0 0 0 3 41 43 5 67 24 19 73 48 5 0 53 99 100 62 79 0 33 96 92 4 0 0 0 0 0 0 55 58 1 3 94 100 47 41 17 55 100 91 4 0 26 0 89 93 30 32 29 95 85 72 52 0 4 58 92 97 2 0 44 100 100 81 88 91 55 87 89 76 21 54 28 13 0 0 0 0 0 0 0 0 0 0 0 0 0 0 -9 -9 -9 -9
0 0 0 5 48 79 4 0 0 55 44 35 71 16 27 0 9 71 100 97 65 12 3 67 49 1 10 8 0 0 0 0 44 77 24 3 63 99 77 64 22 100 100 71 26 21 21 12 28 69 58 40 12 98 94 33 36 46 18 40 83 3 0 0 44 100 100 100 100 100 64 66 100 37 48 24 69 55 23 16 8 0 0 0 0 0 0 0 0 0 0 0 -9 -9 -9 -9
0 0 0 0 11 17 0 0 0 13 39 79 100 82 70 22 5 78 100 100 69 17 0 75 48 10 84 19 0 0 0 0 33 62 62 32 38 87 4 14 6 78 100 89 52 63 24 41 67 70 1 1 11 100 59 23 0 23 44 73 100 36 6 2 14 30 100 100 100 100 64 24 99 98 99 100 100 34 81 98 36 0 0 0 0 0 0 0 0 0 0 0 -9 -9 -9 -9
13 27 0 0 0 31 0 0 0 12 78 81 100 100 100 81 60 48 100 100 38 72 11 46 100 69 86 39 0 0 0 5 59 94 83 93 68 100 62 19 75 100 97 86 57 71 56 67 97 47 0 5 46 100 79 39 31 84 0 62 74 53 70 82 22 40 100 100 100 100 98 100 63 48 59 17 50 8 51 71 44 0 0 0 7 79 25 0 0 0 0 -9 -9 -9 -9 -9
0 18 0 0 0 0 0 0 0 0 40 25 74 100 66 61 98 85 100 100 76 75 87 98 86 83 69 0 0 0 0 0 10 11 70 94 32 49 100 100 100 79 14 7 44 57 27 72 33 0 0 8 92 100 96 32 54 58 0 38 36 100 100 100 22 14 96 100 97 63 90 77 40 86 79 10 0 1 1 32 83 0 0 0 0 7 24 0 0 0 -9 -9 -9 -9 -9 -9
0 0 0 0 0 0 0 0 0 0 8 17 69 100 70 82 75 100 22 97 89 23 73 78 23 71 100 33 0 0 0 0 0 58 100 62 1 21 100 74 100 98 6 0 21 55 87 72 95 25 0 0 80 100 100 91 27 27 0 12 2 82 100 97 26 54 74 100 100 73 78 93 99 100 77 8 0 0 0 5 5 0 0 34 5 0 0 0 0 0 -9 -9 -9 -9 -9 -9
25 0 0 0 0 0 0 0 0 0 0 45 28 70 90 100 65 40 51 93 9 0 84 99 54 91 100 73 0 36 92 69 0 36 98 100 35 11 86 42 99 100 23 7 33 10 48 100 100 65 5 2 56 91 100 100 68 40 0 0 0 7 67 79 7 63 100 100 100 100 90 90 100 100 66 17 0 0 0 0 0 0 0 27 1 0 0 0 0 -9 -9 -9 -9 -9 -9 -9
34 0 0 0 0 0 0 0 0 0 0 0 66 32 40 100 100 70 51 100 58 0 60 100 63 91 79 58 19 77 100 99 33 27 81 100 59 29 30 50 34 91 8 20 30 4 43 59 99 86 12 52 82 55 88 100 91 28 0 1 0 13 55 97 61 79 100 100 100 100 100 67 54 90 22 0 0 0 0 0 0 0 0 0 0 0 0 0 -9 -9 -9 -9 -9 -9 -9 -9
63 0 0 0 0 0 0 0 0 0 0 0 11 0 40 72 86 75 87 79 35 0 55 100 100 100 71 17 9 81 100 100 86 85 74 100 60 46 39 9 30 9 30 28 35 54 85 76 29 55 19 100 100 91 22 88 95 39 31 28 46 18 17 62 72 79 100 97 100 100 100 88 21 49 30 0 0 0 0 0 0 0 0 0 0 0 0 -9 -9 -9 -9 -9 -9 -9 -9 -9
21 0 0 0 0 24 27 0 2 23 4 0 0 0 20 74 100 92 40 51 59 0 43 100 100 100 39 0 2 98 100 100 98 69 85 100 40 28 6 10 14 17 16 41 51 100 91 94 34 0 16 100 100 100 85 85 96 19 0 20 4 28 28 100 55 75 100 77 80 100 100 99 15 0 0 1 5 19 0 0 0 0 19 25 0 0 -9 -9 -9 -9 -9 -9 -9 -9 -9 -9
0 0 0 0 0 48 14 18 79 100 83 54 7 5 11 30 52 89 60 46 76 81 88 100 100 100 74 1 5 88 100 85 60 84 59 100 32 72 63 11 0 13 45 14 59 96 55 51 12 0 0 98 100 100 100 100 88 13 4 33 0 7 79 95 51 69 100 100 100 100 100 81 0 0 5 84 89 50 10 27 63 40 4 4 0 -9 -9 -9 -9 -9 -9 -9 -9 -9 -9 -9
