data/habitatmaps/RS_maps/habitat_Pyrrhula.pyrrhula_2010.asc
NCOLS 369 
NROWS 228 
XLLCORNER 479000 
YLLCORNER 73000 
CELLSIZE 1000 
NODATA_value -9 
[rows 126 to 188 of 228, columns 0 to 95 of 369]
-9 -9 -9 -9 -9 -9 -9 -9 -9 -9 -9 -9 -9 -9 -9 -9 -9 38 80 100 100 100 83 19 4 63 0 5 50 78 60 77 89 66 61 55 31 67 86 87 24 25 81 54 86 75 88 43 88 60 27 1 0 0 0 0 0 23 50 39 0 63 14 11 47 19 15 0 28 71 8 0 40 40 24 30 27 44 19 0 30 60 69 0 0 18 5 5 25 15 0 24 1 2 9 12
-9 -9 -9 -9 -9 -9 -9 -9 -9 -9 -9 -9 -9 -9 -9 -9 48 97 100 100 93 49 6 23 30 0 62 88 76 54 91 100 79 52 67 66 80 99 48 16 30 37 77 75 71 14 20 13 56 7 9 0 0 0 0 0 0 54 40 8 24 61 1 5 40 51 21 31 0 10 44 22 1 48 85 28 23 18 44 9 35 34 18 0 21 24 8 0 0 4 0 2 0 43 68 27
-9 -9 -9 -9 -9 -9 -9 -9 -9 -9 -9 -9 -9 -9 -9 39 100 100 98 81 54 47 82 88 8 15 100 68 72 99 100 62 32 53 84 74 100 96 73 97 89 88 61 77 60 16 72 44 9 11 0 0 0 0 5 6 35 50 27 56 36 46 2 28 17 58 34 16 0 0 41 16 22 60 19 0 7 0 2 27 3 0 0 0 12 6 37 0 6 23 32 22 35 7 25 31
-9 -9 -9 -9 -9 -9 -9 -9 -9 -9 -9 -9 -9 13 57 77 98 99 71 75 84 35 54 31 69 91 86 99 91 70 89 70 81 96 69 91 98 100 86 20 20 70 64 88 78 43 70 39 8 8 0 0 0 0 3 92 42 70 36 47 0 0 27 29 0 47 36 5 41 22 21 6 35 21 29 0 22 4 0 0 0 0 0 2 39 0 41 18 32 30 68 69 27 30 23 0
-9 -9 -9 -9 -9 -9 -9 -9 -9 -9 -9 -9 6 66 58 100 100 70 70 34 3 8 29 65 92 94 40 41 69 80 68 76 98 81 67 66 95 67 41 21 32 35 58 61 58 13 14 69 11 43 17 8 0 0 1 67 19 16 36 71 0 8 58 0 7 51 34 2 41 21 66 54 19 16 13 4 33 25 5 1 0 0 3 28 4 0 16 37 48 92 100 61 0 0 1 1
-9 -9 -9 -9 -9 -9 -9 -9 -9 -9 -9 48 84 77 86 98 70 43 0 0 4 37 97 82 73 76 63 68 96 80 97 84 57 71 27 12 69 83 68 47 40 41 46 85 68 36 78 100 73 16 24 0 0 0 7 30 4 40 54 17 9 78 4 0 80 28 0 0 0 11 52 24 11 19 28 1 24 37 2 20 0 0 25 0 6 29 2 15 24 13 20 0 0 0 0 0
-9 -9 -9 -9 -9 -9 -9 -9 -9 -9 69 91 83 88 40 9 0 9 37 60 91 52 96 43 51 76 94 84 100 94 72 42 53 19 21 6 34 78 8 57 72 68 88 10 49 100 100 97 99 38 1 0 4 27 90 50 0 0 50 7 13 46 0 35 31 1 0 7 30 24 61 0 29 64 17 2 21 41 0 0 0 0 10 24 17 29 32 63 68 10 21 4 15 0 1 0
-9 -9 -9 -9 -9 -9 -9 -9 -9 -9 41 44 100 27 2 23 12 36 67 99 84 49 84 67 92 78 100 100 98 78 40 29 17 29 8 35 86 94 58 49 39 92 20 57 93 95 38 23 39 25 8 49 83 84 25 13 0 0 0 0 0 20 1 23 48 21 0 15 58 74 13 17 15 13 34 50 40 0 0 0 2 0 0 29 1 24 45 77 33 24 41 18 3 25 29 4
-9 -9 -9 -9 -9 -9 -9 -9 -9 61 91 85 47 54 27 31 41 98 100 100 97 83 59 87 80 98 100 100 100 50 38 22 10 1 51 94 74 79 79 90 80 31 0 73 59 12 13 20 46 3 0 24 8 71 0 20 7 22 0 0 0 21 36 33 30 24 11 62 44 27 26 28 5 51 13 61 8 10 0 0 27 0 9 2 0 9 36 68 94 33 1 1 0 1 20 0
-9 -9 -9 -9 -9 -9 -9 -9 93 35 23 0 7 39 75 95 100 100 100 100 94 68 88 94 95 100 100 100 100 53 37 7 3 64 45 35 78 80 92 89 57 2 60 76 12 21 1 24 42 26 0 0 36 21 0 18 0 0 0 11 35 0 7 49 24 48 16 65 8 32 19 16 50 0 7 1 37 20 2 0 1 0 0 0 0 0 0 48 56 2 7 0 0 5 25 20
-9 -9 -9 -9 -9 -9 -9 -9 23 18 0 0 0 31 96 100 100 100 99 100 94 54 81 100 100 100 100 86 58 28 1 6 59 99 53 40 43 35 81 96 99 63 72 0 0 42 25 2 15 0 0 0 36 0 0 0 0 0 0 26 49 25 0 17 17 23 9 47 46 53 28 0 38 0 6 21 24 4 52 17 4 0 0 3 7 25 0 0 2 0 0 0 3 23 2 12
-9 -9 -9 -9 -9 -9 -9 -9 18 35 7 0 26 95 100 100 100 100 64 99 65 66 100 100 100 100 100 27 6 0 1 32 46 65 45 53 90 94 100 88 39 16 0 0 0 17 2 45 43 0 16 18 1 0 63 17 20 0 0 29 15 0 0 49 40 64 64 4 34 15 15 5 9 0 0 25 65 42 54 36 22 6 3 33 0 0 0 0 0 0 0 0 16 14 0 4
-9 -9 -9 -9 -9 -9 -9 -9 86 33 12 57 100 100 100 100 90 61 50 96 67 99 100 100 100 100 41 0 0 3 35 34 37 72 77 66 97 100 100 30 3 0 0 30 17 1 0 46 15 15 18 3 0 6 28 32 60 10 25 56 39 18 11 63 95 98 22 1 11 11 0 24 12 32 1 23 16 39 25 7 17 36 29 11 6 7 0 0 0 0 0 0 58 81 7 23
-9 -9 -9 -9 -9 -9 -9 48 53 28 90 100 100 100 100 69 51 36 14 40 96 100 100 100 100 99 23 1 36 54 83 69 78 43 17 38 94 100 79 4 9 24 49 94 36 0 0 0 0 5 21 0 0 0 0 0 0 0 19 10 36 32 0 33 71 72 44 0 13 0 9 79 9 6 12 1 0 2 25 1 1 36 36 2 68 53 24 28 41 14 0 7 34 70 17 33
-9 -9 -9 -9 -9 -9 -9 36 57 71 100 100 100 100 100 93 85 75 9 35 100 100 100 100 77 31 3 60 100 100 76 85 36 7 10 94 74 100 60 0 0 53 31 2 92 43 0 1 0 8 27 9 0 0 0 16 0 0 8 17 23 61 49 78 100 100 14 15 27 0 0 77 16 21 62 10 6 30 64 12 7 6 0 60 96 90 46 81 48 20 3 13 2 2 1 48
-9 -9 -9 -9 -9 -9 -9 1 17 93 100 100 99 72 85 100 87 17 33 98 100 100 100 100 67 44 18 99 48 42 50 34 31 23 22 69 100 93 15 2 52 49 0 0 52 10 6 25 3 0 46 18 0 0 31 5 11 35 14 12 96 93 87 100 100 99 50 34 40 0 0 15 14 0 13 16 16 4 0 0 0 0 4 93 85 73 92 100 80 36 9 11 0 1 47 84
-9 -9 -9 -9 -9 -9 -9 29 87 98 87 92 33 46 92 84 31 17 88 100 100 100 100 78 43 0 64 76 59 8 25 26 27 66 100 100 96 28 0 14 89 47 1 0 0 0 0 8 24 15 45 0 4 74 84 59 28 48 37 72 54 62 92 91 92 78 30 26 26 14 0 2 0 0 18 0 0 0 0 0 0 0 7 58 41 96 100 100 71 27 41 43 34 52 58 74
-9 -9 -9 -9 -9 -9 -9 98 100 100 85 28 46 80 60 19 55 91 100 100 99 100 94 34 6 27 100 84 84 39 67 34 37 94 100 88 28 0 0 10 82 95 95 35 0 4 0 0 4 1 40 20 0 3 63 28 0 12 3 5 56 57 75 35 85 100 100 59 31 38 1 0 0 4 20 27 1 11 8 1 0 0 55 80 52 100 100 100 60 47 62 47 16 19 7 61
-9 -9 -9 -9 -9 -9 -9 99 100 100 100 93 18 51 78 40 68 100 100 100 76 93 96 28 49 53 100 81 49 43 87 92 65 97 100 73 14 0 0 0 0 34 69 36 22 9 13 0 0 0 3 71 64 0 20 15 20 0 0 0 28 56 11 17 32 25 33 37 14 73 70 5 27 20 44 60 49 10 22 0 0 10 55 41 87 100 56 65 47 63 20 65 46 8 9 81
-9 -9 -9 -9 -9 -9 -9 100 100 100 100 71 26 77 37 45 100 100 100 100 100 84 11 82 34 70 99 75 29 81 48 83 100 100 100 33 0 0 29 59 44 55 54 0 0 0 1 14 0 0 5 37 45 0 15 0 0 0 0 0 16 17 6 51 10 11 31 0 0 1 1 30 32 19 3 5 0 6 22 2 0 0 51 37 27 59 63 52 6 0 30 9 64 29 0 59
-9 -9 -9 -9 -9 -9 -9 100 100 99 69 73 55 57 27 95 100 100 100 100 97 21 49 51 85 100 68 17 92 95 100 100 100 100 72 25 0 2 2 96 100 97 70 3 0 0 8 6 0 0 1 0 33 7 0 0 0 0 0 0 0 1 48 32 17 14 0 0 0 0 2 57 54 0 23 31 25 21 59 2 0 3 39 54 60 74 57 27 2 22 13 50 72 19 15 52
-9 -9 -9 -9 -9 -9 100 100 85 57 97 87 55 58 97 100 100 100 100 86 22 57 58 98 100 87 38 64 100 100 100 100 100 85 47 52 2 12 46 99 73 32 29 11 0 4 21 23 0 0 5 5 3 10 0 0 0 0 0 0 0 0 74 47 24 39 0 0 1 0 18 44 0 3 0 32 12 1 3 0 0 5 65 55 57 62 56 9 25 66 84 80 39 25 56 29
-9 -9 -9 -9 -9 70 100 79 65 85 54 96 57 71 100 100 100 100 79 3 35 71 94 99 68 62 41 85 100 100 69 71 94 18 3 25 37 35 87 51 14 0 0 0 0 0 0 28 1 0 0 0 21 1 0 0 0 0 0 0 0 0 42 10 0 33 0 11 38 16 10 4 33 55 1 0 0 0 11 0 0 29 61 55 66 97 67 43 19 71 81 38 29 31 54 42
-9 -9 -9 -9 -9 90 74 59 75 37 100 100 92 52 92 100 100 79 4 18 67 100 92 49 94 61 41 91 100 99 18 40 39 23 11 13 46 50 60 55 11 0 5 9 0 0 0 1 0 0 0 0 21 0 0 0 0 0 0 0 0 0 5 0 0 5 0 34 58 12 0 0 22 58 10 0 0 21 46 19 9 3 75 29 49 54 50 10 0 15 64 10 21 34 16 54
-9 -9 -9 -9 -9 42 85 100 82 91 100 92 58 72 80 99 53 5 1 83 89 100 84 96 63 65 77 100 100 73 4 8 64 39 0 0 37 73 0 11 36 0 2 29 0 0 1 0 0 0 0 0 0 0 0 0 0 0 0 0 0 0 0 0 4 1 0 0 24 53 0 0 35 48 47 7 6 67 4 76 64 83 72 86 47 55 15 0 0 14 55 39 20 22 2 3
-9 -9 -9 -9 -9 100 57 46 98 80 51 91 78 69 67 12 0 0 38 83 77 100 95 57 33 90 88 100 69 2 0 41 71 43 0 0 3 23 8 4 11 0 0 9 29 14 22 4 0 0 0 0 0 0 0 0 0 0 0 0 0 0 0 0 0 0 0 3 46 12 20 17 28 64 68 33 28 43 40 40 71 75 87 86 87 36 14 25 36 40 17 29 68 58 44 0
-9 -9 -9 -9 99 79 34 49 72 75 80 70 69 88 23 20 0 1 67 13 72 67 72 66 83 79 88 70 1 0 16 79 100 44 21 8 29 32 21 0 0 0 0 0 0 0 0 0 0 0 0 0 0 0 0 0 0 0 0 0 0 0 0 0 0 0 0 0 2 18 12 20 15 18 81 34 0 29 39 51 92 65 40 88 38 8 0 0 37 58 22 76 50 42 19 0
-9 -9 -9 -9 49 61 7 29 49 92 76 55 77 85 71 10 0 28 44 36 98 74 97 74 88 67 45 69 5 11 0 36 100 83 63 8 6 1 0 0 0 0 1 0 0 0 0 0 0 0 0 0 0 0 0 0 0 0 0 0 0 0 0 0 0 0 0 0 0 1 0 0 46 14 5 0 29 30 6 45 55 39 73 48 79 0 18 25 30 21 82 36 54 37 65 33
-9 -9 -9 -9 1 11 25 9 80 81 78 62 55 33 54 0 0 26 55 82 51 52 74 65 86 99 93 30 30 46 6 21 96 26 0 0 0 0 0 0 18 31 37 0 0 0 0 0 0 0 0 0 0 0 0 0 0 0 0 0 0 0 0 0 0 0 0 0 0 0 0 0 0 0 0 5 17 0 0 24 53 23 58 57 85 31 0 35 44 60 85 29 70 14 29 76
-9 -9 -9 -9 51 54 94 91 46 91 100 97 84 95 5 31 56 85 35 69 84 79 62 46 39 68 20 2 47 51 2 37 27 0 0 0 0 0 0 0 9 3 0 0 0 0 0 0 0 0 0 0 0 0 0 0 0 0 0 0 0 0 0 0 0 0 0 0 0 0 0 0 0 0 0 0 0 0 0 11 65 80 32 58 99 44 12 51 85 32 67 86 64 44 49 5
-9 -9 -9 -9 65 90 99 51 34 84 90 83 100 75 76 97 51 42 71 77 75 76 53 45 69 100 42 11 71 5 9 3 0 0 0 0 0 0 0 0 0 0 0 0 0 0 0 0 0 0 0 0 0 0 0 0 0 0 0 0 0 0 0 0 0 0 0 0 0 0 0 0 0 0 0 0 0 0 0 0 38 57 31 67 69 20 17 95 97 44 5 30 55 65 63 38
-9 -9 -9 78 74 100 98 71 99 76 100 100 86 64 96 96 28 41 81 82 77 76 100 100 100 82 38 24 86 13 0 13 9 0 0 0 0 0 0 0 0 0 0 0 0 0 0 0 0 0 0 0 0 0 0 0 0 0 0 0 0 0 0 0 0 0 0 0 0 0 0 0 0 0 0 0 0 0 0 0 32 71 85 93 78 8 4 63 96 50 22 0 13 81 55 27
-9 -9 -9 100 100 99 63 61 61 84 91 63 69 94 99 58 37 57 5 56 79 100 100 100 100 13 0 3 5 0 0 6 35 0 0 0 0 0 0 0 0 0 0 0 0 0 0 0 0 0 0 0 0 0 0 0 0 0 0 0 0 0 0 0 0 0 0 0 0 0 0 0 0 0 0 0 0 0 0 0 1 47 91 86 91 2 0 18 56 57 45 7 42 18 10 20
-9 -9 -9 100 82 47 51 48 91 77 46 93 96 81 69 48 9 25 65 100 100 100 100 90 94 18 4 1 4 1 1 8 0 0 0 0 0 0 0 0 0 0 0 0 0 0 0 0 0 0 0 0 0 0 0 0 0 0 0 0 0 0 0 0 0 0 0 0 0 0 0 0 0 0 0 0 0 0 0 0 0 20 75 96 96 70 42 1 9 72 34 26 35 64 1 9
-9 -9 -9 48 75 74 66 54 89 24 88 89 79 88 62 35 24 68 89 100 100 100 48 21 8 0 0 0 0 0 33 58 2 0 0 0 0 0 0 0 0 0 0 0 0 0 0 0 0 0 0 0 0 0 0 0 0 0 0 0 0 0 0 0 0 0 0 0 0 0 0 0 0 0 0 0 0 0 0 0 0 14 100 81 100 100 42 23 27 62 56 59 95 35 30 6
-9 -9 -9 -9 89 47 29 30 52 54 75 44 76 45 54 97 93 100 100 100 100 58 0 0 0 0 0 0 0 0 14 28 0 0 0 0 0 0 0 0 0 0 0 0 0 0 0 0 0 0 0 0 0 0 0 0 0 0 0 0 0 0 0 37 86 85 61 36 2 0 0 0 0 0 0 0 0 0 0 0 0 9 92 94 100 79 21 17 51 67 42 56 71 4 5 11
-9 -9 -9 -9 42 32 39 42 93 93 46 65 5 67 100 100 100 100 100 100 97 22 0 0 0 0 0 0 0 0 8 5 0 0 0 0 0 0 0 0 0 0 0 0 0 0 0 6 54 1 0 0 0 0 0 3 13 35 17 52 82 80 85 82 10 78 53 89 86 36 7 0 0 0 0 0 0 0 0 0 0 0 44 100 82 30 27 36 67 31 19 72 6 0 0 12
-9 -9 -9 -9 35 68 95 24 5 33 79 34 75 97 100 100 100 100 100 78 10 0 0 0 0 0 0 5 0 0 0 0 0 0 0 0 0 0 0 0 0 0 0 0 0 0 0 6 23 3 18 2 0 0 0 41 37 40 47 43 31 36 80 40 47 53 87 98 100 97 97 70 37 21 0 0 0 5 40 40 50 0 52 100 98 87 33 6 2 0 8 4 12 7 1 26
-9 -9 -9 -9 48 66 17 21 67 77 64 85 100 100 100 100 100 100 99 26 0 0 0 0 0 1 8 0 0 0 0 0 0 0 0 0 0 0 0 0 0 0 0 0 0 0 0 0 3 13 0 0 28 34 28 32 60 0 0 0 6 81 46 90 69 65 40 63 67 100 100 100 100 100 53 34 2 22 60 6 9 1 67 100 65 25 0 0 0 1 33 54 18 28 46 0
-9 -9 -9 -9 -9 47 40 97 59 65 88 31 97 100 100 100 100 98 53 0 0 2 1 21 38 0 28 0 0 0 0 0 0 16 42 18 0 0 0 0 0 0 0 0 0 0 0 0 30 39 1 24 33 31 15 7 13 0 31 59 30 19 0 54 65 68 33 18 33 56 75 88 100 96 100 100 58 0 38 3 0 43 99 79 43 45 4 0 0 41 80 27 44 40 56 19
-9 -9 -9 -9 -9 -9 83 92 67 100 35 79 100 67 92 72 36 68 34 52 2 22 15 53 14 0 0 0 0 0 0 0 0 0 8 69 15 0 0 0 0 0 0 0 0 0 0 0 64 94 71 11 18 0 0 7 0 0 4 16 3 1 3 42 71 99 26 7 70 60 86 49 38 7 61 100 98 8 46 27 0 41 92 56 80 65 32 1 35 45 52 40 100 65 22 64
-9 -9 -9 -9 -9 -9 98 71 99 84 47 100 100 49 8 3 0 17 71 46 0 0 11 48 0 0 0 0 0 0 0 8 23 54 23 44 49 0 0 0 0 0 0 1 41 8 11 59 47 43 93 39 0 18 0 40 1 3 60 64 79 75 87 52 84 20 0 0 26 73 5 0 0 0 59 100 100 48 27 4 0 13 96 100 73 80 67 18 2 28 66 74 26 35 60 61
-9 -9 -9 -9 -9 -9 92 80 94 8 49 100 100 33 12 2 0 38 64 0 4 4 0 2 0 0 0 0 0 0 1 63 89 83 73 88 77 5 0 0 0 0 0 32 43 33 42 22 36 15 36 95 87 36 -9 -9 -9 46 30 11 79 93 28 66 87 45 0 0 0 2 0 0 0 21 57 99 100 100 24 2 0 7 53 48 93 96 41 5 1 62 96 37 41 74 75 100
-9 -9 -9 -9 71 94 52 78 15 0 45 95 89 1 0 9 0 0 0 3 35 63 0 0 0 0 0 0 0 16 10 70 39 33 11 30 35 0 0 0 0 7 4 32 5 44 43 3 35 41 45 90 -9 -9 -9 -9 -9 72 64 33 34 66 60 63 28 39 18 23 0 0 0 0 0 9 71 78 67 74 6 20 25 15 30 45 54 77 58 44 62 92 76 53 24 24 24 48
-9 -9 50 47 92 48 70 40 0 1 67 99 34 0 0 2 3 19 12 2 44 39 0 0 0 0 0 0 0 1 12 61 39 19 0 0 14 30 35 56 45 66 90 41 59 13 0 0 18 56 -9 -9 -9 -9 -9 -9 -9 -9 100 83 41 28 54 94 62 53 26 44 19 0 0 4 21 66 80 99 100 97 21 0 0 33 0 0 19 83 81 87 85 72 97 21 2 1 0 2
-9 44 51 95 36 39 79 10 0 59 100 78 0 0 0 0 5 16 0 1 56 29 0 0 0 0 0 0 1 0 5 42 0 0 4 53 89 100 53 70 100 100 87 47 23 0 0 2 52 -9 -9 -9 -9 -9 -9 -9 -9 -9 72 60 91 65 37 76 81 83 86 27 5 68 42 14 6 27 65 66 59 63 63 2 0 26 0 0 18 74 100 51 90 86 52 22 30 0 2 31
50 54 45 71 25 83 41 0 9 97 100 72 0 0 0 0 0 0 28 76 86 56 6 0 0 0 0 0 23 47 67 6 20 0 24 14 45 47 16 89 100 63 19 0 0 -9 -9 -9 -9 -9 -9 -9 -9 -9 -9 -9 -9 -9 96 66 100 82 95 87 73 85 26 0 4 50 97 73 10 28 44 80 91 78 84 0 0 1 0 0 20 59 78 87 70 36 15 23 26 13 63 70
53 64 91 59 89 75 36 6 73 100 73 16 6 0 23 0 0 24 63 100 65 23 0 0 0 0 0 0 8 72 62 93 54 0 1 37 9 25 70 100 75 8 0 0 0 -9 -9 -9 -9 -9 -9 -9 -9 -9 -9 -9 -9 -9 100 68 80 35 84 71 70 42 41 43 24 56 49 69 73 52 1 30 84 100 100 59 7 0 0 0 18 8 26 100 60 46 48 43 46 57 75 36
56 36 64 100 93 100 68 11 96 100 95 10 1 6 6 35 0 6 74 23 80 27 0 0 0 0 0 0 0 0 8 93 100 27 0 14 88 65 37 71 72 51 0 0 4 -9 -9 -9 -9 -9 -9 -9 -9 -9 -9 -9 -9 -9 -9 74 65 63 74 49 36 72 54 33 65 37 53 11 69 75 34 11 33 97 100 80 0 0 0 0 52 6 33 61 26 89 93 38 59 42 6 21
38 44 97 100 100 70 8 89 100 99 36 0 0 4 43 2 0 1 34 0 29 25 38 0 0 0 0 0 0 0 0 45 71 75 15 44 81 8 0 23 4 0 0 11 45 -9 -9 -9 -9 -9 -9 -9 -9 -9 -9 -9 -9 -9 -9 -9 100 93 64 42 64 31 58 91 69 67 44 70 76 37 32 45 33 2 82 99 99 25 0 0 0 1 0 1 34 71 86 86 51 37 33 76
78 100 100 93 43 1 60 92 98 47 2 28 7 0 22 3 0 0 0 0 4 19 7 0 0 0 0 0 0 0 0 31 80 55 53 45 8 0 0 0 0 2 36 91 100 91 -9 -9 -9 -9 -9 -9 -9 -9 -9 -9 -9 -9 -9 -9 100 54 28 68 43 63 31 46 51 39 35 4 80 96 37 21 41 43 96 64 87 86 31 5 8 27 18 1 41 17 47 27 82 72 77 51
59 99 74 50 2 1 89 71 42 1 0 0 0 0 2 0 0 0 0 0 10 4 0 0 0 0 0 0 0 0 0 64 100 66 34 0 24 20 0 0 44 84 94 100 100 65 -9 -9 -9 -9 -9 -9 -9 -9 -9 -9 -9 -9 -9 -9 -9 90 51 81 10 35 49 47 51 13 0 4 56 72 51 48 30 67 42 20 92 100 100 16 18 24 11 14 91 81 92 97 63 79 92 99
83 58 56 97 17 86 99 89 1 0 0 0 0 31 71 25 0 0 31 20 32 30 0 0 0 0 0 0 0 0 0 6 86 57 2 0 40 63 65 72 63 71 58 100 100 66 -9 -9 -9 -9 -9 -9 -9 -9 -9 -9 -9 -9 -9 -9 91 63 64 43 5 58 94 85 76 49 1 0 65 41 59 80 50 1 0 13 72 100 76 4 0 0 11 0 0 18 100 73 63 100 66 93
83 58 84 42 79 100 100 58 0 0 0 0 0 13 30 20 0 0 25 3 0 0 0 0 0 0 0 0 0 0 0 1 81 65 0 6 84 94 100 100 41 96 81 70 48 35 -9 -9 -9 -9 -9 -9 -9 -9 -9 -9 -9 -9 -9 -9 17 68 99 45 2 30 38 40 83 83 63 41 93 53 77 50 62 17 49 4 69 86 17 4 0 74 11 11 22 30 100 76 68 56 40 65
17 77 79 66 100 100 87 29 0 2 27 23 0 0 0 0 0 0 0 0 0 0 0 0 0 0 0 0 0 0 1 39 71 27 0 64 100 100 100 78 31 89 95 64 33 17 -9 -9 -9 -9 -9 -9 -9 -9 -9 -9 -9 -9 -9 -9 16 83 92 25 0 0 0 1 50 79 92 72 77 14 12 79 36 48 67 74 74 28 66 39 58 98 83 12 1 14 100 81 20 0 7 65
46 100 91 100 90 40 7 0 0 10 85 10 0 0 0 0 0 0 0 0 0 0 0 0 0 0 0 0 0 0 0 39 11 37 34 79 87 100 70 87 28 72 47 17 16 32 -9 -9 -9 -9 -9 -9 -9 -9 -9 -9 -9 -9 -9 -9 96 91 80 71 6 9 16 0 21 40 66 78 16 0 55 100 84 49 4 38 31 46 89 83 59 70 36 31 1 53 100 24 0 0 8 0
80 100 100 93 19 0 0 5 12 37 29 0 1 37 50 0 22 60 0 0 0 0 0 0 0 0 0 0 0 2 24 28 65 54 97 58 63 100 100 70 10 29 52 9 17 -9 -9 -9 -9 -9 -9 -9 -9 -9 -9 -9 -9 -9 -9 71 88 91 62 56 19 72 100 92 93 80 7 11 0 0 58 86 5 18 66 73 33 56 95 83 66 70 10 11 53 100 46 27 0 0 0 0
97 100 98 72 3 20 0 64 47 27 34 16 11 26 10 34 19 8 0 0 0 0 0 0 0 0 0 0 0 0 4 48 11 7 11 53 94 100 100 50 3 42 16 25 30 -9 -9 -9 -9 -9 -9 -9 -9 -9 -9 -9 -9 -9 -9 39 80 67 74 71 70 91 69 100 100 87 11 0 0 30 63 21 0 53 62 33 81 77 77 43 64 76 84 7 41 100 89 18 0 0 0 0
100 100 61 29 4 43 25 55 0 0 47 3 26 2 23 44 41 13 3 0 0 0 0 0 0 0 0 0 0 0 0 41 0 0 5 52 90 100 82 63 13 48 59 7 52 -9 -9 -9 -9 -9 -9 -9 -9 -9 -9 -9 -9 -9 -9 16 78 90 26 40 98 90 32 56 68 55 52 10 0 3 9 0 50 55 15 25 88 72 23 10 60 83 97 55 53 100 100 61 0 0 0 0
100 83 62 0 3 41 46 0 0 30 25 16 43 45 17 4 4 7 0 0 0 0 0 0 0 0 0 0 15 0 0 0 0 0 22 25 58 100 60 58 26 73 9 10 19 -9 -9 -9 -9 -9 -9 -9 -9 -9 -9 -9 -9 -9 -9 62 70 52 71 51 52 46 51 51 72 44 4 12 0 0 1 11 29 28 25 77 77 89 7 16 80 22 81 80 82 58 98 71 3 0 0 0
100 94 21 0 19 78 66 12 51 14 23 26 9 11 4 0 0 0 0 0 0 0 11 19 10 10 12 26 43 30 1 9 40 19 15 2 62 96 50 96 72 47 41 59 -9 -9 -9 -9 -9 -9 -9 -9 -9 -9 -9 -9 -9 -9 -9 62 98 74 80 75 8 68 89 70 71 29 0 0 0 0 7 57 60 31 56 83 14 0 0 0 6 43 94 100 62 18 98 75 32 0 0 0
98 78 0 3 55 75 83 37 8 0 0 6 0 15 0 0 0 0 0 0 0 0 0 12 5 10 58 95 41 30 33 29 50 14 28 32 22 37 33 96 39 49 37 -9 -9 -9 -9 -9 -9 -9 -9 -9 -9 -9 -9 -9 -9 -9 67 29 36 45 80 39 34 90 45 2 2 0 0 0 0 0 22 16 57 61 84 50 1 0 0 0 0 49 100 100 81 0 68 80 5 0 0 0
99 97 6 0 65 73 9 11 0 0 0 0 1 20 4 0 0 0 0 0 0 0 0 0 10 70 61 62 28 24 14 21 21 1 13 3 4 30 39 72 15 14 32 -9 -9 -9 -9 -9 -9 -9 -9 -9 -9 -9 -9 -9 -9 -9 72 27 75 12 38 67 67 77 60 16 0 0 0 0 20 36 57 52 59 76 29 2 0 0 0 0 0 19 54 81 100 14 65 99 68 0 2 13
