data/habitatmaps/RS_maps/habitat_Fringilla.coelebs_2015.asc
NCOLS 369 
NROWS 228 
XLLCORNER 479000 
YLLCORNER 73000 
CELLSIZE 1000 
NODATA_value -9 
[rows 62 to 123 of 228, columns 0 to 95 of 369]
-9 -9 -9 -9 -9 -9 -9 -9 -9 -9 -9 -9 -9 -9 -9 -9 -9 -9 -9 -9 -9 -9 -9 -9 -9 -9 -9 -9 -9 -9 -9 -9 -9 -9 -9 -9 -9 -9 -9 -9 -9 -9 -9 -9 -9 -9 -9 -9 -9 -9 -9 -9 -9 -9 -9 -9 -9 -9 -9 -9 -9 -9 -9 -9 -9 -9 -9 -9 27 47 21 24 37 22 36 35 40 58 48 22 53 46 39 77 71 91 96 91 100 82 74 72 78 37 0 8
-9 -9 -9 -9 -9 -9 -9 -9 -9 -9 -9 -9 -9 -9 -9 -9 -9 -9 -9 -9 -9 -9 -9 -9 -9 -9 -9 -9 -9 -9 -9 -9 -9 -9 -9 -9 -9 -9 -9 -9 -9 -9 -9 -9 -9 -9 -9 -9 -9 -9 -9 -9 -9 -9 -9 -9 -9 -9 -9 -9 -9 -9 -9 -9 -9 -9 -9 -9 -9 54 78 99 81 67 76 36 32 44 7 44 41 68 65 100 83 78 56 67 82 24 25 41 4 9 28 13
-9 -9 -9 -9 -9 -9 -9 -9 -9 -9 -9 -9 -9 -9 -9 -9 -9 -9 -9 -9 -9 -9 -9 -9 -9 -9 -9 -9 -9 -9 -9 -9 -9 -9 -9 -9 -9 -9 -9 -9 -9 -9 -9 -9 -9 -9 -9 -9 -9 -9 -9 -9 -9 -9 -9 -9 -9 -9 -9 -9 -9 -9 -9 -9 -9 -9 -9 -9 -9 61 72 61 27 52 43 37 52 15 43 77 26 41 82 61 56 62 69 71 57 27 25 34 10 84 81 35
-9 -9 -9 -9 -9 -9 -9 -9 -9 -9 -9 -9 -9 -9 -9 -9 -9 -9 -9 -9 -9 -9 -9 -9 -9 -9 -9 -9 -9 -9 -9 -9 -9 -9 -9 -9 -9 -9 -9 -9 -9 -9 -9 -9 -9 -9 -9 -9 -9 -9 -9 -9 -9 -9 -9 -9 -9 -9 -9 -9 -9 -9 -9 -9 -9 -9 -9 -9 -9 53 62 16 37 50 39 63 43 0 1 5 26 51 63 78 85 35 21 75 34 16 32 45 19 36 29 35
-9 -9 -9 -9 -9 -9 -9 -9 -9 -9 -9 -9 -9 -9 -9 -9 -9 -9 -9 -9 -9 -9 -9 -9 -9 -9 -9 -9 -9 -9 -9 -9 -9 -9 -9 -9 -9 -9 -9 -9 -9 -9 -9 -9 -9 -9 -9 -9 -9 -9 -9 -9 -9 -9 -9 -9 -9 -9 -9 -9 -9 -9 -9 -9 -9 -9 -9 -9 36 61 58 27 70 80 52 36 3 0 0 0 45 48 57 39 44 63 42 64 7 1 17 25 5 13 30 44
-9 -9 -9 -9 -9 -9 -9 -9 -9 -9 -9 -9 -9 -9 -9 -9 -9 -9 -9 -9 -9 -9 -9 -9 -9 -9 -9 -9 -9 -9 -9 -9 -9 -9 -9 -9 -9 -9 -9 -9 -9 -9 -9 -9 -9 -9 -9 -9 -9 -9 -9 -9 -9 -9 -9 -9 -9 -9 -9 -9 -9 -9 -9 -9 -9 -9 -9 81 58 6 35 36 64 100 52 33 2 0 0 6 73 10 31 76 55 79 15 27 35 52 7 12 62 2 32 33
-9 -9 -9 -9 -9 -9 -9 -9 -9 -9 -9 -9 -9 -9 -9 -9 -9 -9 -9 -9 -9 -9 -9 -9 -9 -9 -9 -9 -9 -9 -9 -9 -9 -9 -9 -9 -9 -9 -9 -9 -9 -9 -9 -9 -9 -9 -9 -9 -9 -9 -9 -9 -9 -9 -9 -9 -9 -9 -9 -9 -9 -9 -9 -9 -9 -9 44 16 11 43 63 43 41 56 10 28 0 0 51 61 92 32 38 94 100 80 43 21 38 5 1 14 71 19 40 62
-9 -9 -9 -9 -9 -9 -9 -9 -9 -9 -9 -9 -9 -9 -9 -9 -9 -9 -9 -9 -9 -9 -9 -9 -9 -9 -9 -9 -9 -9 -9 -9 -9 -9 -9 -9 -9 -9 -9 -9 -9 -9 -9 -9 -9 -9 -9 -9 -9 -9 -9 -9 -9 -9 -9 -9 -9 -9 -9 -9 -9 -9 -9 -9 -9 -9 80 57 66 91 53 12 12 30 38 14 1 6 61 56 73 64 88 99 84 14 40 0 16 38 4 97 47 1 51 30
-9 -9 -9 -9 -9 -9 -9 -9 -9 -9 -9 -9 -9 -9 -9 -9 -9 -9 -9 -9 -9 -9 -9 -9 -9 -9 -9 -9 -9 -9 -9 -9 -9 -9 -9 -9 -9 -9 -9 -9 -9 -9 -9 -9 -9 -9 -9 -9 -9 -9 -9 -9 -9 -9 -9 -9 -9 -9 -9 -9 -9 -9 -9 -9 67 79 97 84 59 12 63 38 15 10 1 45 7 27 36 29 77 98 94 76 53 9 31 21 9 0 19 40 0 12 70 77
-9 -9 -9 -9 -9 -9 -9 -9 -9 -9 -9 -9 -9 -9 -9 -9 -9 -9 -9 -9 -9 -9 -9 -9 -9 -9 -9 -9 -9 -9 -9 -9 -9 -9 -9 -9 -9 -9 -9 -9 -9 -9 -9 -9 -9 -9 -9 -9 -9 -9 -9 -9 -9 -9 -9 -9 -9 -9 -9 -9 -9 -9 -9 69 89 95 49 24 54 63 60 21 36 44 32 3 25 2 11 69 58 81 21 8 2 36 44 69 14 1 40 38 6 32 46 50
-9 -9 -9 -9 -9 -9 -9 -9 -9 -9 -9 -9 -9 -9 -9 -9 -9 -9 -9 -9 -9 -9 -9 -9 -9 -9 -9 -9 -9 -9 -9 -9 -9 -9 -9 -9 -9 -9 -9 -9 -9 -9 -9 -9 -9 -9 -9 -9 -9 -9 -9 -9 -9 -9 -9 -9 -9 -9 -9 -9 -9 94 67 67 73 44 36 53 61 33 39 63 10 10 48 2 37 46 63 77 100 5 48 23 10 7 11 29 18 0 0 13 42 29 22 22
-9 -9 -9 -9 -9 -9 -9 -9 -9 -9 -9 -9 -9 -9 -9 -9 -9 -9 -9 -9 -9 -9 -9 -9 -9 -9 -9 -9 -9 -9 -9 -9 -9 -9 -9 -9 -9 -9 -9 -9 -9 -9 -9 -9 -9 -9 -9 -9 -9 -9 -9 -9 -9 -9 -9 -9 -9 -9 -9 -9 73 19 52 58 31 34 32 50 26 39 26 84 0 35 58 52 46 71 100 97 46 0 3 0 11 43 52 88 56 0 0 12 18 38 52 76
-9 -9 -9 -9 -9 -9 -9 -9 -9 -9 -9 -9 -9 -9 -9 -9 -9 -9 -9 -9 -9 -9 -9 -9 -9 -9 -9 -9 -9 -9 -9 -9 -9 -9 -9 -9 -9 -9 -9 -9 -9 -9 -9 -9 -9 -9 -9 -9 -9 -9 -9 -9 -9 -9 -9 -9 -9 -9 -9 46 48 25 40 41 5 0 43 2 70 24 27 46 0 22 19 49 51 71 89 31 4 0 16 22 13 88 46 49 14 0 14 62 68 36 32 41
-9 -9 -9 -9 -9 -9 -9 -9 -9 -9 -9 -9 -9 -9 -9 -9 -9 -9 -9 -9 -9 -9 -9 -9 -9 -9 -9 -9 -9 -9 -9 -9 -9 -9 -9 -9 -9 -9 -9 -9 -9 -9 -9 -9 -9 -9 -9 -9 -9 -9 -9 -9 -9 -9 -9 -9 -9 -9 69 75 60 13 0 14 71 38 79 68 45 22 32 26 22 11 38 63 89 92 66 5 5 0 0 0 0 35 47 39 0 25 54 67 66 25 3 30
-9 -9 -9 -9 -9 -9 -9 -9 -9 -9 -9 -9 -9 -9 -9 -9 -9 -9 -9 -9 -9 -9 -9 -9 -9 -9 -9 -9 -9 -9 -9 -9 -9 -9 -9 -9 -9 -9 -9 -9 -9 -9 -9 -9 -9 -9 -9 -9 -9 -9 -9 -9 -9 -9 -9 -9 -9 83 13 15 4 2 19 65 99 67 12 5 6 25 50 13 34 25 39 80 100 70 41 1 29 0 0 19 20 52 25 27 66 89 29 31 19 42 85 65
-9 -9 -9 -9 -9 -9 -9 -9 -9 -9 -9 -9 -9 -9 -9 -9 -9 -9 -9 -9 -9 -9 -9 -9 -9 -9 -9 -9 -9 -9 -9 -9 -9 -9 -9 -9 -9 -9 -9 -9 -9 -9 -9 -9 -9 -9 -9 -9 -9 -9 -9 -9 -9 -9 -9 -9 14 87 20 0 19 57 53 12 48 29 60 52 57 94 63 51 51 25 18 75 49 96 65 4 0 0 28 40 38 18 15 94 70 33 44 68 75 47 35 43
-9 -9 -9 -9 -9 -9 -9 -9 -9 -9 -9 -9 -9 -9 -9 -9 -9 -9 -9 -9 -9 -9 -9 -9 -9 -9 -9 -9 -9 -9 -9 -9 -9 -9 -9 -9 -9 -9 -9 -9 -9 -9 -9 -9 -9 -9 -9 -9 -9 -9 -9 -9 -9 -9 -9 -9 23 77 33 44 44 67 15 54 24 13 15 14 58 50 13 38 32 5 26 93 68 40 88 24 0 23 21 0 6 38 91 66 35 55 66 38 15 24 53 32
-9 -9 -9 -9 -9 -9 -9 -9 -9 -9 -9 -9 -9 -9 -9 -9 -9 -9 -9 -9 -9 -9 -9 -9 -9 -9 -9 -9 -9 -9 -9 -9 -9 -9 -9 -9 -9 -9 -9 -9 -9 -9 -9 -9 -9 -9 -9 -9 -9 -9 -9 -9 -9 -9 -9 5 30 45 21 37 33 32 34 41 7 0 2 22 14 22 29 5 0 57 100 88 16 11 68 0 0 0 24 38 72 42 71 60 71 100 47 0 26 30 65 99
-9 -9 -9 -9 -9 -9 -9 -9 -9 -9 -9 -9 -9 -9 -9 -9 -9 -9 -9 -9 -9 -9 -9 -9 -9 -9 -9 -9 -9 -9 -9 -9 -9 -9 -9 -9 -9 -9 -9 -9 -9 -9 -9 -9 -9 -9 -9 -9 -9 -9 -9 -9 -9 -9 21 73 39 40 42 48 41 89 27 0 66 35 35 51 39 59 28 10 63 98 60 6 4 28 68 0 0 25 34 10 49 68 39 16 49 57 55 9 20 89 100 91
-9 -9 -9 -9 -9 -9 -9 -9 -9 -9 -9 -9 -9 -9 -9 -9 -9 -9 -9 -9 -9 -9 -9 -9 -9 -9 -9 -9 -9 -9 -9 -9 -9 -9 -9 -9 -9 -9 -9 -9 -9 -9 -9 -9 -9 -9 -9 -9 -9 -9 -9 -9 -9 -9 67 63 19 6 35 26 60 36 6 11 38 20 20 24 34 62 68 92 98 62 10 0 39 32 24 0 0 30 35 32 16 24 66 46 15 3 4 46 94 99 76 68
-9 -9 -9 -9 -9 -9 -9 -9 -9 -9 -9 -9 -9 -9 -9 -9 -9 -9 -9 -9 -9 -9 -9 -9 -9 -9 -9 -9 -9 -9 -9 -9 -9 -9 -9 -9 -9 -9 -9 -9 -9 -9 -9 -9 -9 -9 -9 -9 -9 -9 -9 -9 -9 56 10 0 18 75 29 11 44 21 27 37 27 12 20 53 89 66 68 45 58 5 5 4 0 0 0 11 33 38 48 18 9 16 28 50 56 36 93 98 56 40 47 69
-9 -9 -9 -9 -9 -9 -9 -9 -9 -9 -9 -9 -9 -9 -9 -9 -9 -9 -9 -9 -9 -9 -9 -9 -9 -9 -9 -9 -9 -9 -9 -9 -9 -9 -9 -9 -9 -9 -9 -9 -9 -9 -9 -9 -9 -9 -9 -9 -9 -9 -9 -9 89 21 67 51 25 34 15 1 12 24 21 53 53 49 11 88 61 49 31 13 42 55 86 46 0 5 16 46 15 11 20 8 38 60 82 95 80 98 53 19 0 18 0 11
-9 -9 -9 -9 -9 -9 -9 -9 -9 -9 -9 -9 -9 -9 -9 -9 -9 -9 -9 -9 -9 -9 -9 -9 -9 -9 -9 -9 -9 -9 -9 -9 -9 -9 -9 -9 -9 -9 -9 -9 -9 -9 -9 -9 -9 -9 -9 -9 -9 -9 -9 48 1 52 28 20 29 41 34 1 0 35 74 45 21 4 38 87 63 34 52 46 65 68 79 21 6 32 14 31 42 35 72 45 23 7 43 38 60 41 0 0 0 0 0 0
-9 -9 -9 -9 -9 -9 -9 -9 -9 -9 -9 -9 -9 -9 -9 -9 -9 -9 -9 -9 -9 -9 -9 -9 -9 -9 -9 -9 -9 -9 -9 -9 -9 -9 -9 -9 -9 -9 -9 -9 -9 -9 -9 -9 -9 -9 -9 -9 55 74 33 62 62 70 25 47 14 1 38 44 54 34 57 50 42 47 72 71 72 69 37 37 26 57 73 75 36 21 50 41 50 68 63 21 48 51 74 43 45 56 23 34 18 5 0 10
-9 -9 -9 -9 -9 -9 -9 -9 -9 -9 -9 -9 -9 -9 -9 -9 -9 -9 -9 -9 -9 -9 -9 -9 -9 -9 -9 -9 -9 -9 -9 -9 -9 -9 -9 -9 -9 -9 -9 -9 -9 -9 -9 -9 0 27 6 59 65 55 65 69 56 35 9 54 1 4 67 45 30 50 39 54 31 55 79 28 16 2 55 23 0 2 15 0 0 36 81 28 4 49 47 55 80 100 56 81 63 74 47 84 19 41 40 88
-9 -9 -9 -9 -9 -9 -9 -9 -9 -9 -9 -9 -9 -9 -9 -9 -9 -9 -9 -9 -9 -9 -9 -9 -9 -9 -9 -9 -9 -9 -9 -9 -9 -9 -9 -9 -9 -9 -9 -9 -9 -9 -9 49 16 55 38 57 40 95 80 72 42 20 18 42 18 41 61 13 24 64 74 52 6 69 60 11 44 26 34 0 0 23 4 6 25 51 37 44 60 100 73 24 45 27 48 100 86 17 70 51 63 99 89 89
-9 -9 -9 -9 -9 -9 -9 -9 -9 -9 -9 -9 -9 -9 -9 -9 -9 -9 -9 -9 -9 -9 -9 -9 -9 -9 -9 -9 -9 -9 -9 -9 -9 -9 -9 -9 -9 -9 -9 -9 -9 11 11 26 59 62 54 8 31 53 45 79 45 20 39 18 55 95 78 19 67 43 74 61 53 78 38 50 45 75 32 19 4 16 49 32 70 32 6 39 88 29 6 0 1 2 65 81 56 41 95 27 6 63 67 53
-9 -9 -9 -9 -9 -9 -9 -9 -9 -9 -9 -9 -9 -9 -9 -9 -9 -9 -9 -9 -9 -9 -9 -9 -9 -9 -9 -9 -9 -9 -9 -9 -9 -9 -9 -9 -9 -9 -9 -9 34 27 4 35 79 34 0 0 31 11 18 60 25 20 27 43 90 23 27 46 75 59 60 80 53 49 69 31 72 95 53 50 2 51 41 52 16 30 60 97 74 0 0 0 39 55 47 91 75 79 66 12 43 46 1 0
-9 -9 -9 -9 -9 -9 -9 -9 -9 -9 -9 -9 -9 -9 -9 -9 -9 -9 -9 -9 -9 -9 -9 -9 -9 -9 -9 -9 -9 -9 -9 -9 -9 -9 -9 -9 -9 -9 -9 13 14 43 78 71 34 17 66 57 54 34 36 46 4 47 39 71 13 30 45 57 69 93 55 36 46 46 34 13 18 16 36 39 53 29 56 48 7 73 41 7 6 0 0 7 74 87 84 68 50 63 16 0 0 3 25 38
-9 -9 -9 -9 -9 -9 -9 -9 -9 -9 -9 -9 -9 -9 -9 -9 -9 -9 -9 -9 -9 -9 -9 -9 -9 -9 -9 -9 -9 -9 -9 -9 -9 -9 -9 -9 -9 -9 67 67 80 18 46 20 39 20 37 1 0 0 16 28 40 76 67 49 5 78 82 20 32 61 52 68 68 53 35 23 26 36 22 76 32 17 93 9 51 74 15 1 30 0 13 85 74 86 96 37 74 44 0 0 26 87 40 30
-9 -9 -9 -9 -9 -9 -9 -9 -9 -9 -9 -9 -9 -9 -9 -9 -9 -9 -9 -9 -9 -9 -9 -9 -9 -9 -9 -9 -9 -9 -9 -9 -9 -9 -9 -9 -9 67 39 33 52 34 49 31 37 0 3 45 31 49 45 63 83 61 47 21 58 80 32 41 46 59 43 17 43 55 43 21 34 46 54 10 3 46 10 35 69 40 0 15 0 28 91 81 75 100 49 61 14 0 24 60 83 74 20 4
-9 -9 -9 -9 -9 -9 -9 -9 -9 -9 -9 -9 -9 -9 -9 -9 -9 -9 -9 -9 -9 -9 -9 -9 -9 -9 -9 -9 -9 -9 -9 -9 -9 -9 -9 -9 20 79 14 58 23 21 19 14 45 73 44 50 35 73 25 85 28 36 56 41 48 43 59 47 44 8 11 35 57 24 5 56 4 42 26 10 56 10 47 100 47 1 16 20 20 100 100 100 100 95 48 41 0 0 14 56 92 67 40 28
-9 -9 -9 -9 -9 -9 -9 -9 -9 -9 -9 -9 -9 -9 -9 -9 -9 -9 -9 -9 -9 -9 -9 -9 -9 -9 -9 -9 -9 -9 -9 -9 -9 -9 -9 47 65 64 27 6 0 0 45 59 91 29 32 15 36 9 28 63 22 58 69 75 57 88 94 54 17 0 0 3 30 91 85 78 41 5 10 63 21 25 94 46 43 18 8 9 49 100 100 100 95 51 10 45 65 46 65 13 6 2 1 51
-9 -9 -9 -9 -9 -9 -9 -9 -9 -9 -9 -9 -9 -9 -9 -9 -9 -9 -9 -9 -9 -9 -9 -9 -9 -9 -9 -9 -9 -9 -9 -9 -9 -9 -9 78 84 19 0 0 0 52 65 31 59 6 10 22 17 55 87 65 53 55 46 88 84 65 57 52 18 0 46 91 82 65 29 61 0 6 55 18 49 72 47 58 13 30 67 93 100 96 89 58 16 0 0 0 3 0 23 55 0 0 0 73
-9 -9 -9 -9 -9 -9 -9 -9 -9 -9 -9 -9 -9 -9 -9 -9 -9 -9 -9 -9 -9 -9 -9 -9 -9 -9 -9 -9 -9 -9 -9 -9 -9 -9 97 87 36 0 0 10 50 51 34 61 24 13 56 64 29 9 62 82 82 53 35 84 77 43 31 2 17 25 19 74 33 12 2 0 4 42 17 45 100 80 60 67 44 76 84 100 100 96 2 0 0 0 0 0 0 0 0 41 1 0 8 6
-9 -9 -9 -9 -9 -9 -9 -9 -9 -9 -9 -9 -9 -9 -9 -9 -9 -9 -9 -9 -9 -9 -9 -9 -9 -9 -9 -9 -9 -9 -9 -9 -9 65 97 23 3 0 6 20 34 9 51 34 1 6 91 86 35 41 61 65 60 57 38 16 2 13 22 36 31 49 59 51 5 0 0 0 19 0 18 35 96 43 92 61 42 76 86 86 99 47 0 0 0 0 0 0 0 0 0 20 0 0 47 14
-9 -9 -9 -9 -9 -9 -9 -9 -9 -9 -9 -9 -9 -9 -9 -9 -9 -9 -9 -9 -9 -9 -9 -9 -9 -9 -9 -9 -9 -9 -9 -9 -9 89 25 0 0 25 24 55 20 0 11 29 20 30 68 89 78 79 62 64 40 0 0 4 41 46 35 34 50 82 63 32 29 0 0 0 31 42 86 97 70 74 100 71 44 30 44 31 14 0 0 0 0 0 0 0 0 0 30 35 0 0 11 1
-9 -9 -9 -9 -9 -9 -9 -9 -9 -9 -9 -9 -9 -9 -9 -9 -9 -9 -9 -9 -9 -9 -9 -9 -9 -9 -9 -9 -9 -9 -9 -9 -9 7 0 2 72 15 0 24 0 0 4 71 80 30 46 52 55 76 94 66 7 34 48 68 92 29 71 40 60 30 2 1 38 55 46 44 98 86 90 100 100 91 59 77 76 91 3 0 0 0 0 0 0 0 0 0 0 46 11 0 15 41 39 46
-9 -9 -9 -9 -9 -9 -9 -9 -9 -9 -9 -9 -9 -9 -9 -9 -9 -9 -9 -9 -9 -9 -9 -9 -9 -9 -9 -9 -9 -9 -9 -9 -9 33 8 79 51 24 0 0 24 8 77 54 42 4 73 59 91 100 94 10 2 81 37 85 60 31 69 55 49 25 44 68 53 43 69 100 100 85 89 100 100 65 42 39 29 47 0 0 0 0 0 0 0 0 0 8 44 40 0 0 19 29 38 41
-9 -9 -9 -9 -9 -9 -9 -9 -9 -9 -9 -9 -9 -9 -9 -9 -9 -9 -9 -9 -9 -9 -9 -9 -9 -9 -9 -9 -9 -9 -9 -9 23 16 85 65 2 0 0 5 49 92 22 16 0 33 69 50 92 82 9 26 74 99 92 72 40 15 45 63 37 58 23 19 28 92 99 100 100 94 100 100 100 41 64 70 76 18 0 0 0 0 0 0 0 0 14 38 1 27 1 6 25 37 11 0
-9 -9 -9 -9 -9 -9 -9 -9 -9 -9 -9 -9 -9 -9 -9 -9 -9 -9 -9 -9 -9 -9 -9 -9 -9 -9 -9 -9 -9 -9 -9 -9 61 96 72 12 2 27 12 66 97 81 27 8 35 62 19 73 42 40 75 65 69 44 25 8 34 50 62 90 76 10 13 40 64 85 72 29 85 75 100 100 77 20 9 42 42 7 0 0 0 0 0 0 0 23 46 65 57 48 12 4 7 0 0 0
-9 -9 -9 -9 -9 -9 -9 -9 -9 -9 -9 -9 -9 -9 -9 -9 -9 -9 -9 -9 -9 -9 -9 -9 -9 -9 -9 -9 -9 -9 -9 -9 39 55 49 0 0 44 60 86 70 60 55 91 96 66 44 89 85 100 92 83 80 21 20 10 61 67 22 83 19 54 56 89 39 51 2 16 62 100 100 98 59 68 3 0 0 0 0 0 0 0 0 9 31 26 36 58 20 23 47 0 0 0 0 13
-9 -9 -9 -9 -9 -9 -9 -9 -9 -9 -9 -9 -9 -9 -9 -9 -9 -9 -9 -9 -9 -9 -9 -9 -9 -9 -9 -9 -9 -9 -9 -9 14 0 25 29 2 72 88 74 63 72 100 100 91 59 44 93 67 26 11 21 11 88 76 51 49 24 5 54 57 6 46 52 37 37 33 92 87 43 54 59 58 18 2 0 0 0 0 0 0 0 0 50 23 3 0 3 47 41 0 0 0 0 2 41
-9 -9 -9 -9 -9 -9 -9 -9 -9 -9 -9 -9 -9 -9 -9 -9 -9 -9 -9 -9 -9 -9 -9 -9 -9 -9 -9 -9 -9 -9 -9 -9 0 0 0 0 0 58 89 33 70 57 60 88 69 50 54 18 9 3 9 0 61 72 90 89 25 29 75 58 27 41 69 50 21 28 91 42 63 52 0 30 4 0 0 0 0 0 0 0 0 0 32 9 12 11 28 0 0 17 34 0 14 34 7 30
-9 -9 -9 -9 -9 -9 -9 -9 -9 -9 -9 -9 -9 -9 -9 -9 -9 -9 -9 -9 -9 -9 -9 -9 -9 -9 -9 -9 -9 -9 -9 -9 -9 0 0 0 5 52 78 29 56 40 35 30 36 24 11 50 57 57 53 60 64 68 21 57 46 88 98 22 26 61 43 66 67 83 30 0 36 6 58 7 0 0 0 0 0 0 0 0 0 2 45 0 0 18 22 0 0 0 9 23 45 25 3 26
-9 -9 -9 -9 -9 -9 -9 -9 -9 -9 -9 -9 -9 -9 -9 -9 -9 -9 -9 -9 -9 -9 -9 -9 -9 -9 -9 -9 -9 -9 -9 -9 -9 0 0 18 46 78 68 65 38 30 10 47 17 38 60 21 10 0 0 18 86 77 69 80 78 100 63 58 33 65 51 28 69 47 5 0 0 44 35 0 0 0 0 0 0 0 0 13 31 58 20 5 0 56 20 0 0 0 0 1 13 10 74 28
-9 -9 -9 -9 -9 -9 -9 -9 -9 -9 -9 -9 -9 -9 -9 -9 -9 -9 -9 -9 -9 -9 -9 -9 -9 -9 -9 -9 -9 -9 -9 -9 -9 60 40 71 55 49 82 66 46 0 2 25 51 37 70 80 21 37 58 100 89 58 48 37 92 96 66 15 22 42 38 60 100 99 22 47 20 19 0 0 0 0 0 0 0 0 18 58 28 18 12 37 28 14 3 0 0 17 51 5 25 8 76 16
-9 -9 -9 -9 -9 -9 -9 -9 -9 -9 -9 -9 -9 -9 -9 -9 -9 -9 -9 -9 -9 -9 -9 -9 -9 -9 -9 -9 -9 -9 -9 -9 -9 100 99 89 66 81 75 66 19 4 40 73 50 14 65 40 61 32 65 97 70 29 26 77 100 77 89 64 55 80 87 38 77 100 68 52 15 0 0 0 0 0 0 0 0 7 43 10 23 35 4 0 0 0 0 20 29 8 26 43 37 51 59 24
-9 -9 -9 -9 -9 -9 -9 -9 -9 -9 -9 -9 -9 -9 -9 -9 -9 -9 -9 -9 -9 -9 -9 -9 -9 -9 -9 -9 -9 -9 -9 -9 -9 100 78 48 59 47 60 47 46 74 80 63 67 54 44 39 29 46 100 86 48 22 21 44 17 97 71 80 80 35 97 100 95 90 97 74 4 0 0 0 0 0 0 0 8 39 14 64 0 39 0 0 0 0 0 24 72 12 55 12 46 10 5 0
-9 -9 -9 -9 -9 -9 -9 -9 -9 -9 -9 -9 -9 -9 -9 -9 -9 -9 -9 -9 -9 -9 -9 -9 -9 -9 -9 -9 -9 -9 -9 -9 -9 39 0 10 31 67 78 73 70 54 49 68 59 24 22 24 44 68 100 91 38 22 58 27 46 50 88 40 19 47 82 96 9 25 3 3 0 0 0 0 0 0 0 2 28 1 9 26 28 0 0 0 0 9 44 16 35 49 36 23 30 16 0 31
-9 -9 -9 -9 -9 -9 -9 -9 -9 -9 -9 -9 -9 -9 -9 -9 -9 -9 -9 -9 -9 -9 -9 -9 -9 -9 -9 -9 -9 -9 -9 -9 30 9 79 79 46 27 89 57 28 3 1 9 63 84 30 57 60 97 87 49 51 86 34 57 93 73 20 40 80 38 22 4 0 10 0 0 0 0 0 0 0 0 28 92 24 0 17 15 0 0 0 0 0 4 4 33 33 56 17 45 20 11 32 61
-9 -9 -9 -9 -9 -9 -9 -9 -9 -9 -9 -9 -9 -9 -9 -9 -9 -9 -9 -9 -9 -9 -9 -9 -9 -9 -9 -9 -9 -9 -9 -9 4 69 60 35 42 36 91 52 6 35 17 1 47 71 46 26 81 66 47 58 90 22 72 69 12 3 5 16 41 18 13 45 13 0 0 0 0 0 0 0 8 36 21 70 8 0 17 31 0 0 0 29 38 0 22 37 53 59 30 15 17 28 69 20
-9 -9 -9 -9 -9 -9 -9 -9 -9 -9 -9 -9 -9 -9 -9 -9 -9 -9 -9 -9 -9 -9 -9 -9 -9 -9 -9 -9 -9 -9 -9 -9 12 53 88 25 0 26 47 100 83 31 41 37 66 58 20 0 22 63 71 93 94 49 68 31 27 58 28 25 0 7 9 30 10 0 0 0 0 0 0 5 45 67 30 17 0 2 23 0 0 0 63 52 20 0 0 11 23 57 20 33 28 31 57 9
-9 -9 -9 -9 -9 -9 -9 -9 -9 -9 -9 -9 -9 -9 -9 -9 -9 -9 -9 -9 -9 -9 -9 -9 -9 -9 -9 -9 -9 -9 -9 31 52 87 56 6 61 66 89 97 74 46 16 60 56 4 17 14 43 73 69 51 62 31 75 8 2 33 25 16 1 28 19 7 0 0 0 0 0 0 0 37 88 13 4 52 50 0 0 0 18 5 52 59 5 10 44 30 39 93 24 10 44 51 36 61
-9 -9 -9 -9 -9 -9 -9 -9 -9 -9 -9 -9 -9 -9 -9 -9 -9 -9 -9 -9 -9 -9 -9 -9 -9 -9 -9 -9 -9 67 11 22 48 29 10 31 78 97 67 50 68 50 61 55 89 32 33 50 60 32 34 81 99 92 37 48 22 29 12 1 44 12 0 0 0 0 2 0 2 0 2 53 40 46 18 11 30 52 12 52 29 8 11 6 3 56 22 51 81 28 15 31 61 12 25 40
-9 -9 -9 -9 -9 -9 -9 -9 -9 -9 -9 -9 -9 -9 -9 -9 -9 -9 -9 -9 -9 -9 -9 -9 -9 -9 -9 -9 81 37 80 9 6 3 65 65 84 53 49 18 58 31 59 88 90 75 99 18 93 95 90 69 99 19 42 57 43 8 51 65 3 0 0 0 12 65 73 36 75 47 50 49 9 17 26 31 10 29 25 44 26 9 75 31 60 8 27 67 81 20 26 63 25 13 48 18
-9 -9 -9 -9 -9 -9 -9 -9 -9 -9 -9 -9 -9 -9 -9 -9 -9 -9 -9 -9 -9 -9 -9 -9 -9 -9 85 93 83 100 100 79 9 33 89 87 54 0 0 30 88 96 99 73 98 100 97 65 43 81 100 96 34 10 7 0 8 9 21 44 43 0 11 30 76 73 33 13 36 40 37 23 17 15 35 7 42 96 31 25 5 35 47 21 52 51 29 42 53 0 0 7 5 39 35 25
-9 -9 -9 -9 -9 -9 -9 -9 -9 -9 -9 -9 -9 -9 -9 -9 -9 -9 -9 -9 -9 -9 -9 -9 -9 98 100 94 96 50 93 36 32 54 56 50 12 15 8 64 96 87 88 84 100 100 87 23 63 91 62 31 41 38 19 11 51 44 29 89 41 52 62 46 37 35 20 64 64 3 14 7 6 27 11 21 61 64 71 25 1 19 19 36 73 30 16 23 27 15 0 20 28 37 43 50
-9 -9 -9 -9 -9 -9 -9 -9 -9 -9 -9 -9 -9 -9 -9 -9 -9 -9 -9 -9 -9 -9 -9 85 100 84 94 88 34 5 12 0 46 23 55 60 16 46 55 68 98 26 10 49 58 99 35 27 86 83 6 1 3 46 21 7 26 5 1 25 89 76 12 18 8 46 71 9 31 61 41 16 0 35 5 49 38 0 20 0 13 12 0 0 8 21 6 24 0 0 25 3 11 44 82 20
-9 -9 -9 -9 -9 -9 -9 -9 -9 -9 -9 -9 -9 -9 -9 -9 -9 -9 -9 -9 -9 -9 86 84 96 84 92 60 4 37 48 60 45 81 48 0 0 38 35 73 45 69 63 71 76 44 41 40 100 85 0 3 5 19 4 0 0 0 0 0 11 19 19 2 45 46 40 0 27 12 26 28 24 12 2 67 8 30 62 3 0 25 0 0 0 44 39 8 15 24 48 48 50 50 44 13
-9 -9 -9 -9 -9 -9 -9 -9 -9 -9 -9 -9 -9 -9 -9 -9 -9 -9 -9 -9 -9 89 64 100 98 84 29 16 70 72 55 68 37 13 5 15 47 72 67 99 72 95 70 34 10 55 41 93 56 38 2 23 28 16 0 0 0 1 3 17 30 21 20 25 40 9 0 0 55 1 28 7 2 23 16 28 18 62 72 53 42 23 38 16 24 70 91 27 10 9 43 17 38 22 45 68
-9 -9 -9 -9 -9 -9 -9 -9 -9 -9 -9 -9 -9 -9 -9 -9 -9 -9 -9 -9 55 100 98 100 100 79 90 84 35 24 0 0 5 69 19 89 93 46 62 75 42 70 74 27 64 79 55 14 12 19 22 15 1 0 0 0 3 42 21 5 31 20 44 40 21 5 0 16 30 0 5 28 17 15 74 49 37 49 0 21 58 45 7 56 29 19 42 26 0 5 16 72 88 6 17 47
