data/habitatmaps/RS_maps/habitat_Fringilla.coelebs_2008.asc
NCOLS 369 
NROWS 228 
XLLCORNER 479000 
YLLCORNER 73000 
CELLSIZE 1000 
NODATA_value -9 
[rows 61 to 121 of 228, columns 0 to 95 of 369]
-9 -9 -9 -9 -9 -9 -9 -9 -9 -9 -9 -9 -9 -9 -9 -9 -9 -9 -9 -9 -9 -9 -9 -9 -9 -9 -9 -9 -9 -9 -9 -9 -9 -9 -9 -9 -9 -9 -9 -9 -9 -9 -9 -9 -9 -9 -9 -9 -9 -9 -9 -9 -9 -9 -9 -9 -9 -9 -9 -9 -9 -9 -9 -9 -9 -9 -9 22 20 35 30 19 72 63 70 28 25 89 46 41 17 38 45 61 59 44 72 73 99 89 42 41 45 91 36 43
-9 -9 -9 -9 -9 -9 -9 -9 -9 -9 -9 -9 -9 -9 -9 -9 -9 -9 -9 -9 -9 -9 -9 -9 -9 -9 -9 -9 -9 -9 -9 -9 -9 -9 -9 -9 -9 -9 -9 -9 -9 -9 -9 -9 -9 -9 -9 -9 -9 -9 -9 -9 -9 -9 -9 -9 -9 -9 -9 -9 -9 -9 -9 -9 -9 -9 -9 -9 27 46 21 24 37 22 36 34 40 58 48 22 53 46 39 76 70 89 96 93 100 85 74 73 78 48 0 8
-9 -9 -9 -9 -9 -9 -9 -9 -9 -9 -9 -9 -9 -9 -9 -9 -9 -9 -9 -9 -9 -9 -9 -9 -9 -9 -9 -9 -9 -9 -9 -9 -9 -9 -9 -9 -9 -9 -9 -9 -9 -9 -9 -9 -9 -9 -9 -9 -9 -9 -9 -9 -9 -9 -9 -9 -9 -9 -9 -9 -9 -9 -9 -9 -9 -9 -9 -9 -9 52 77 99 81 67 76 36 33 44 7 44 41 68 65 99 83 76 63 66 85 27 24 22 7 10 28 13
-9 -9 -9 -9 -9 -9 -9 -9 -9 -9 -9 -9 -9 -9 -9 -9 -9 -9 -9 -9 -9 -9 -9 -9 -9 -9 -9 -9 -9 -9 -9 -9 -9 -9 -9 -9 -9 -9 -9 -9 -9 -9 -9 -9 -9 -9 -9 -9 -9 -9 -9 -9 -9 -9 -9 -9 -9 -9 -9 -9 -9 -9 -9 -9 -9 -9 -9 -9 -9 61 72 61 24 52 43 32 51 15 43 76 26 41 82 61 56 63 68 70 60 26 26 33 11 74 74 38
-9 -9 -9 -9 -9 -9 -9 -9 -9 -9 -9 -9 -9 -9 -9 -9 -9 -9 -9 -9 -9 -9 -9 -9 -9 -9 -9 -9 -9 -9 -9 -9 -9 -9 -9 -9 -9 -9 -9 -9 -9 -9 -9 -9 -9 -9 -9 -9 -9 -9 -9 -9 -9 -9 -9 -9 -9 -9 -9 -9 -9 -9 -9 -9 -9 -9 -9 -9 -9 53 62 16 37 50 39 63 43 0 1 5 26 48 63 78 94 40 21 76 37 16 32 45 26 47 34 27
-9 -9 -9 -9 -9 -9 -9 -9 -9 -9 -9 -9 -9 -9 -9 -9 -9 -9 -9 -9 -9 -9 -9 -9 -9 -9 -9 -9 -9 -9 -9 -9 -9 -9 -9 -9 -9 -9 -9 -9 -9 -9 -9 -9 -9 -9 -9 -9 -9 -9 -9 -9 -9 -9 -9 -9 -9 -9 -9 -9 -9 -9 -9 -9 -9 -9 -9 -9 36 61 58 27 70 80 52 35 11 2 0 0 45 48 57 40 63 62 41 69 8 2 19 26 6 22 29 39
-9 -9 -9 -9 -9 -9 -9 -9 -9 -9 -9 -9 -9 -9 -9 -9 -9 -9 -9 -9 -9 -9 -9 -9 -9 -9 -9 -9 -9 -9 -9 -9 -9 -9 -9 -9 -9 -9 -9 -9 -9 -9 -9 -9 -9 -9 -9 -9 -9 -9 -9 -9 -9 -9 -9 -9 -9 -9 -9 -9 -9 -9 -9 -9 -9 -9 -9 81 58 6 35 36 64 99 45 23 9 0 0 6 73 10 31 76 55 75 15 27 32 62 24 17 64 15 33 33
-9 -9 -9 -9 -9 -9 -9 -9 -9 -9 -9 -9 -9 -9 -9 -9 -9 -9 -9 -9 -9 -9 -9 -9 -9 -9 -9 -9 -9 -9 -9 -9 -9 -9 -9 -9 -9 -9 -9 -9 -9 -9 -9 -9 -9 -9 -9 -9 -9 -9 -9 -9 -9 -9 -9 -9 -9 -9 -9 -9 -9 -9 -9 -9 -9 -9 44 16 11 40 63 41 41 54 9 28 0 0 48 61 92 32 38 94 100 80 45 21 38 14 25 33 68 27 42 67
-9 -9 -9 -9 -9 -9 -9 -9 -9 -9 -9 -9 -9 -9 -9 -9 -9 -9 -9 -9 -9 -9 -9 -9 -9 -9 -9 -9 -9 -9 -9 -9 -9 -9 -9 -9 -9 -9 -9 -9 -9 -9 -9 -9 -9 -9 -9 -9 -9 -9 -9 -9 -9 -9 -9 -9 -9 -9 -9 -9 -9 -9 -9 -9 -9 -9 80 57 65 53 53 12 12 30 15 12 1 6 61 56 73 64 88 99 82 17 51 29 17 39 25 99 47 2 46 36
-9 -9 -9 -9 -9 -9 -9 -9 -9 -9 -9 -9 -9 -9 -9 -9 -9 -9 -9 -9 -9 -9 -9 -9 -9 -9 -9 -9 -9 -9 -9 -9 -9 -9 -9 -9 -9 -9 -9 -9 -9 -9 -9 -9 -9 -9 -9 -9 -9 -9 -9 -9 -9 -9 -9 -9 -9 -9 -9 -9 -9 -9 -9 -9 67 79 97 84 53 11 62 38 15 13 5 47 7 27 36 29 77 98 94 75 54 6 34 54 22 5 19 40 0 12 69 86
-9 -9 -9 -9 -9 -9 -9 -9 -9 -9 -9 -9 -9 -9 -9 -9 -9 -9 -9 -9 -9 -9 -9 -9 -9 -9 -9 -9 -9 -9 -9 -9 -9 -9 -9 -9 -9 -9 -9 -9 -9 -9 -9 -9 -9 -9 -9 -9 -9 -9 -9 -9 -9 -9 -9 -9 -9 -9 -9 -9 -9 -9 -9 66 89 95 49 24 54 63 57 20 33 53 30 3 25 2 11 69 58 81 24 13 2 32 44 66 20 1 37 40 6 31 45 50
-9 -9 -9 -9 -9 -9 -9 -9 -9 -9 -9 -9 -9 -9 -9 -9 -9 -9 -9 -9 -9 -9 -9 -9 -9 -9 -9 -9 -9 -9 -9 -9 -9 -9 -9 -9 -9 -9 -9 -9 -9 -9 -9 -9 -9 -9 -9 -9 -9 -9 -9 -9 -9 -9 -9 -9 -9 -9 -9 -9 -9 94 66 60 73 44 36 53 61 30 39 63 10 8 43 1 23 46 63 77 100 6 51 44 17 8 11 46 35 0 0 12 41 47 43 22
-9 -9 -9 -9 -9 -9 -9 -9 -9 -9 -9 -9 -9 -9 -9 -9 -9 -9 -9 -9 -9 -9 -9 -9 -9 -9 -9 -9 -9 -9 -9 -9 -9 -9 -9 -9 -9 -9 -9 -9 -9 -9 -9 -9 -9 -9 -9 -9 -9 -9 -9 -9 -9 -9 -9 -9 -9 -9 -9 -9 73 19 52 58 31 34 32 50 23 39 26 84 0 14 57 45 26 71 100 97 47 0 3 9 24 41 51 96 57 0 0 13 30 41 54 76
-9 -9 -9 -9 -9 -9 -9 -9 -9 -9 -9 -9 -9 -9 -9 -9 -9 -9 -9 -9 -9 -9 -9 -9 -9 -9 -9 -9 -9 -9 -9 -9 -9 -9 -9 -9 -9 -9 -9 -9 -9 -9 -9 -9 -9 -9 -9 -9 -9 -9 -9 -9 -9 -9 -9 -9 -9 -9 -9 46 48 25 40 41 5 0 35 2 59 16 27 45 0 7 28 31 38 71 89 28 4 10 25 22 13 87 45 52 15 0 14 62 68 36 31 42
-9 -9 -9 -9 -9 -9 -9 -9 -9 -9 -9 -9 -9 -9 -9 -9 -9 -9 -9 -9 -9 -9 -9 -9 -9 -9 -9 -9 -9 -9 -9 -9 -9 -9 -9 -9 -9 -9 -9 -9 -9 -9 -9 -9 -9 -9 -9 -9 -9 -9 -9 -9 -9 -9 -9 -9 -9 -9 66 75 60 13 0 14 71 38 78 39 32 22 32 25 22 11 38 63 89 94 67 5 4 17 1 0 8 37 49 39 0 25 54 66 63 26 1 31
-9 -9 -9 -9 -9 -9 -9 -9 -9 -9 -9 -9 -9 -9 -9 -9 -9 -9 -9 -9 -9 -9 -9 -9 -9 -9 -9 -9 -9 -9 -9 -9 -9 -9 -9 -9 -9 -9 -9 -9 -9 -9 -9 -9 -9 -9 -9 -9 -9 -9 -9 -9 -9 -9 -9 -9 -9 83 11 15 4 2 19 62 74 64 12 4 3 11 50 13 33 25 39 80 100 75 42 1 30 34 0 18 28 50 25 52 74 89 29 31 19 37 82 65
-9 -9 -9 -9 -9 -9 -9 -9 -9 -9 -9 -9 -9 -9 -9 -9 -9 -9 -9 -9 -9 -9 -9 -9 -9 -9 -9 -9 -9 -9 -9 -9 -9 -9 -9 -9 -9 -9 -9 -9 -9 -9 -9 -9 -9 -9 -9 -9 -9 -9 -9 -9 -9 -9 -9 -9 14 87 20 0 19 52 64 12 43 30 59 52 20 73 48 51 51 25 18 75 49 96 66 5 39 19 28 33 33 17 32 97 70 34 46 68 74 46 36 43
-9 -9 -9 -9 -9 -9 -9 -9 -9 -9 -9 -9 -9 -9 -9 -9 -9 -9 -9 -9 -9 -9 -9 -9 -9 -9 -9 -9 -9 -9 -9 -9 -9 -9 -9 -9 -9 -9 -9 -9 -9 -9 -9 -9 -9 -9 -9 -9 -9 -9 -9 -9 -9 -9 -9 -9 23 77 33 44 45 55 15 54 24 8 15 14 55 50 13 38 32 5 26 93 71 46 88 24 37 25 16 11 7 38 90 70 35 55 66 51 27 32 66 31
-9 -9 -9 -9 -9 -9 -9 -9 -9 -9 -9 -9 -9 -9 -9 -9 -9 -9 -9 -9 -9 -9 -9 -9 -9 -9 -9 -9 -9 -9 -9 -9 -9 -9 -9 -9 -9 -9 -9 -9 -9 -9 -9 -9 -9 -9 -9 -9 -9 -9 -9 -9 -9 -9 -9 5 30 45 21 37 33 32 33 41 7 0 2 22 14 22 29 5 0 57 100 88 16 11 69 1 5 0 25 42 72 42 68 61 70 100 53 5 26 36 65 96
-9 -9 -9 -9 -9 -9 -9 -9 -9 -9 -9 -9 -9 -9 -9 -9 -9 -9 -9 -9 -9 -9 -9 -9 -9 -9 -9 -9 -9 -9 -9 -9 -9 -9 -9 -9 -9 -9 -9 -9 -9 -9 -9 -9 -9 -9 -9 -9 -9 -9 -9 -9 -9 -9 21 73 39 40 42 48 41 88 28 0 66 35 35 51 39 59 28 10 63 97 59 6 4 31 68 0 8 25 35 10 49 69 39 15 49 59 55 9 20 89 100 91
-9 -9 -9 -9 -9 -9 -9 -9 -9 -9 -9 -9 -9 -9 -9 -9 -9 -9 -9 -9 -9 -9 -9 -9 -9 -9 -9 -9 -9 -9 -9 -9 -9 -9 -9 -9 -9 -9 -9 -9 -9 -9 -9 -9 -9 -9 -9 -9 -9 -9 -9 -9 -9 -9 67 63 19 6 28 9 57 36 5 11 38 20 20 24 34 62 68 92 98 61 14 1 40 33 21 1 17 31 37 32 16 25 65 45 46 21 4 45 94 92 60 65
-9 -9 -9 -9 -9 -9 -9 -9 -9 -9 -9 -9 -9 -9 -9 -9 -9 -9 -9 -9 -9 -9 -9 -9 -9 -9 -9 -9 -9 -9 -9 -9 -9 -9 -9 -9 -9 -9 -9 -9 -9 -9 -9 -9 -9 -9 -9 -9 -9 -9 -9 -9 -9 56 10 0 18 66 29 10 44 21 27 37 27 12 20 53 89 66 67 46 59 22 5 9 7 0 0 11 32 38 47 18 9 17 29 51 61 34 93 98 56 41 46 69
-9 -9 -9 -9 -9 -9 -9 -9 -9 -9 -9 -9 -9 -9 -9 -9 -9 -9 -9 -9 -9 -9 -9 -9 -9 -9 -9 -9 -9 -9 -9 -9 -9 -9 -9 -9 -9 -9 -9 -9 -9 -9 -9 -9 -9 -9 -9 -9 -9 -9 -9 -9 89 21 67 51 25 35 15 1 11 20 21 53 46 47 11 88 60 51 31 13 43 58 86 55 7 4 16 37 15 12 21 10 38 60 82 98 79 98 54 19 0 18 0 11
-9 -9 -9 -9 -9 -9 -9 -9 -9 -9 -9 -9 -9 -9 -9 -9 -9 -9 -9 -9 -9 -9 -9 -9 -9 -9 -9 -9 -9 -9 -9 -9 -9 -9 -9 -9 -9 -9 -9 -9 -9 -9 -9 -9 -9 -9 -9 -9 -9 -9 -9 40 1 52 28 20 29 41 34 1 0 35 74 45 18 4 38 87 65 35 51 47 66 74 79 21 6 32 16 32 30 35 72 46 23 8 43 46 60 42 0 0 0 0 0 0
-9 -9 -9 -9 -9 -9 -9 -9 -9 -9 -9 -9 -9 -9 -9 -9 -9 -9 -9 -9 -9 -9 -9 -9 -9 -9 -9 -9 -9 -9 -9 -9 -9 -9 -9 -9 -9 -9 -9 -9 -9 -9 -9 -9 -9 -9 -9 -9 55 74 33 62 61 64 25 47 14 1 38 41 50 34 57 50 42 47 72 71 72 69 37 36 24 57 80 76 29 20 43 36 57 71 64 21 48 51 74 41 43 56 23 33 18 5 0 10
-9 -9 -9 -9 -9 -9 -9 -9 -9 -9 -9 -9 -9 -9 -9 -9 -9 -9 -9 -9 -9 -9 -9 -9 -9 -9 -9 -9 -9 -9 -9 -9 -9 -9 -9 -9 -9 -9 -9 -9 -9 -9 -9 -9 0 27 6 59 65 55 65 69 56 34 9 54 1 4 67 44 27 50 39 51 31 55 79 25 16 2 55 23 0 2 15 0 0 36 68 25 15 52 47 56 82 100 56 81 62 74 47 84 19 42 41 85
-9 -9 -9 -9 -9 -9 -9 -9 -9 -9 -9 -9 -9 -9 -9 -9 -9 -9 -9 -9 -9 -9 -9 -9 -9 -9 -9 -9 -9 -9 -9 -9 -9 -9 -9 -9 -9 -9 -9 -9 -9 -9 -9 49 16 55 38 57 40 95 78 72 42 20 18 42 18 41 61 13 24 64 74 52 6 69 60 12 41 23 33 0 0 23 3 6 24 51 38 49 63 100 73 24 45 27 48 100 86 17 71 52 63 99 88 89
-9 -9 -9 -9 -9 -9 -9 -9 -9 -9 -9 -9 -9 -9 -9 -9 -9 -9 -9 -9 -9 -9 -9 -9 -9 -9 -9 -9 -9 -9 -9 -9 -9 -9 -9 -9 -9 -9 -9 -9 -9 11 11 26 59 62 54 8 31 53 40 79 45 17 39 12 39 90 78 19 67 43 74 61 52 72 39 53 42 74 32 20 4 15 45 32 71 29 12 38 88 26 6 0 1 2 65 82 55 41 95 27 6 63 67 53
-9 -9 -9 -9 -9 -9 -9 -9 -9 -9 -9 -9 -9 -9 -9 -9 -9 -9 -9 -9 -9 -9 -9 -9 -9 -9 -9 -9 -9 -9 -9 -9 -9 -9 -9 -9 -9 -9 -9 -9 34 27 4 35 69 29 0 0 31 11 18 60 25 20 27 43 90 23 27 46 75 59 60 80 53 49 68 35 73 98 53 50 2 50 41 55 19 33 60 97 74 0 0 0 39 55 49 91 75 68 67 12 46 50 1 0
-9 -9 -9 -9 -9 -9 -9 -9 -9 -9 -9 -9 -9 -9 -9 -9 -9 -9 -9 -9 -9 -9 -9 -9 -9 -9 -9 -9 -9 -9 -9 -9 -9 -9 -9 -9 -9 -9 -9 13 14 43 78 71 33 16 66 57 49 31 35 46 4 47 39 71 10 30 44 52 69 87 55 36 46 47 35 13 15 18 37 36 55 29 56 57 24 74 42 8 5 0 0 7 75 87 85 68 45 54 18 0 0 3 31 35
-9 -9 -9 -9 -9 -9 -9 -9 -9 -9 -9 -9 -9 -9 -9 -9 -9 -9 -9 -9 -9 -9 -9 -9 -9 -9 -9 -9 -9 -9 -9 -9 -9 -9 -9 -9 -9 -9 52 66 80 18 46 20 39 20 37 1 0 0 16 28 40 76 67 49 5 78 82 20 32 61 52 68 69 51 36 20 26 36 23 76 33 17 94 15 52 74 15 0 30 0 13 85 77 85 96 37 74 44 0 0 27 87 40 29
-9 -9 -9 -9 -9 -9 -9 -9 -9 -9 -9 -9 -9 -9 -9 -9 -9 -9 -9 -9 -9 -9 -9 -9 -9 -9 -9 -9 -9 -9 -9 -9 -9 -9 -9 -9 -9 67 42 37 50 29 49 31 37 0 3 45 31 49 45 63 83 61 47 18 58 80 32 41 46 59 43 17 43 54 43 19 35 47 55 10 3 51 15 35 69 40 0 15 0 29 91 81 77 100 49 60 14 23 26 58 84 73 20 4
-9 -9 -9 -9 -9 -9 -9 -9 -9 -9 -9 -9 -9 -9 -9 -9 -9 -9 -9 -9 -9 -9 -9 -9 -9 -9 -9 -9 -9 -9 -9 -9 -9 -9 -9 -9 29 79 14 52 17 21 19 14 45 71 39 50 35 73 25 85 28 36 56 41 48 43 59 47 44 7 14 36 57 24 4 56 4 45 26 9 54 16 47 100 50 1 15 19 22 100 100 100 100 90 47 43 0 9 24 55 93 67 40 28
-9 -9 -9 -9 -9 -9 -9 -9 -9 -9 -9 -9 -9 -9 -9 -9 -9 -9 -9 -9 -9 -9 -9 -9 -9 -9 -9 -9 -9 -9 -9 -9 -9 -9 -9 46 67 64 27 6 0 0 45 59 82 20 29 15 36 9 28 63 22 58 69 75 57 88 94 54 18 14 17 3 30 91 88 77 41 5 10 62 21 24 94 46 43 18 8 9 49 87 100 100 95 42 10 45 65 58 68 13 6 2 1 51
-9 -9 -9 -9 -9 -9 -9 -9 -9 -9 -9 -9 -9 -9 -9 -9 -9 -9 -9 -9 -9 -9 -9 -9 -9 -9 -9 -9 -9 -9 -9 -9 -9 -9 -9 71 74 19 0 0 0 52 65 31 58 4 10 22 17 53 87 65 53 54 46 88 84 65 57 50 18 0 46 91 82 64 34 58 0 5 53 17 42 69 50 58 13 30 67 93 98 94 90 75 25 0 0 0 3 0 23 58 0 0 0 73
-9 -9 -9 -9 -9 -9 -9 -9 -9 -9 -9 -9 -9 -9 -9 -9 -9 -9 -9 -9 -9 -9 -9 -9 -9 -9 -9 -9 -9 -9 -9 -9 -9 -9 72 87 36 0 0 10 50 51 34 61 24 13 56 64 29 3 57 82 82 53 35 84 77 43 31 3 18 25 20 74 35 11 1 0 4 35 9 45 100 80 60 67 44 76 84 100 100 94 3 1 0 0 0 0 0 0 0 41 1 0 8 6
-9 -9 -9 -9 -9 -9 -9 -9 -9 -9 -9 -9 -9 -9 -9 -9 -9 -9 -9 -9 -9 -9 -9 -9 -9 -9 -9 -9 -9 -9 -9 -9 -9 65 93 23 3 0 6 20 34 9 51 33 0 6 91 73 33 45 61 65 60 66 39 16 2 11 22 39 31 49 59 52 5 20 34 0 16 0 18 32 96 43 92 62 42 76 86 87 99 47 0 0 0 0 0 0 0 0 0 20 0 0 47 14
-9 -9 -9 -9 -9 -9 -9 -9 -9 -9 -9 -9 -9 -9 -9 -9 -9 -9 -9 -9 -9 -9 -9 -9 -9 -9 -9 -9 -9 -9 -9 -9 -9 90 25 0 0 25 24 55 20 0 11 19 19 30 68 73 74 79 62 64 48 0 0 6 39 45 32 33 50 82 63 33 32 40 5 0 31 42 86 97 70 74 100 71 45 33 44 30 14 0 0 0 0 0 0 0 0 0 31 35 0 0 11 3
-9 -9 -9 -9 -9 -9 -9 -9 -9 -9 -9 -9 -9 -9 -9 -9 -9 -9 -9 -9 -9 -9 -9 -9 -9 -9 -9 -9 -9 -9 -9 -9 -9 7 0 2 72 15 0 24 0 0 4 71 80 30 46 52 55 75 94 75 24 35 48 67 91 29 70 41 62 30 3 1 38 58 46 44 98 87 90 100 100 91 59 80 77 91 3 0 0 0 0 0 0 0 0 0 0 44 11 0 15 40 39 46
-9 -9 -9 -9 -9 -9 -9 -9 -9 -9 -9 -9 -9 -9 -9 -9 -9 -9 -9 -9 -9 -9 -9 -9 -9 -9 -9 -9 -9 -9 -9 -9 -9 33 8 79 51 24 0 0 24 8 77 54 42 4 73 59 91 100 94 19 3 81 36 85 60 31 70 55 49 25 58 72 53 44 68 91 100 85 91 100 100 66 45 38 25 48 0 0 0 0 0 0 0 0 0 8 45 38 1 15 19 41 38 43
-9 -9 -9 -9 -9 -9 -9 -9 -9 -9 -9 -9 -9 -9 -9 -9 -9 -9 -9 -9 -9 -9 -9 -9 -9 -9 -9 -9 -9 -9 -9 -9 23 16 85 65 2 0 0 5 44 92 22 16 0 33 69 53 93 86 12 26 70 99 93 75 41 13 45 60 37 59 26 19 28 77 98 96 99 95 100 100 100 41 59 59 76 19 0 0 0 0 0 0 0 0 12 38 1 28 2 7 25 37 11 0
-9 -9 -9 -9 -9 -9 -9 -9 -9 -9 -9 -9 -9 -9 -9 -9 -9 -9 -9 -9 -9 -9 -9 -9 -9 -9 -9 -9 -9 -9 -9 -9 61 96 72 12 2 27 9 64 97 81 27 8 35 62 19 78 43 45 75 73 69 45 22 9 35 49 61 87 60 9 15 40 65 78 67 28 80 78 100 100 78 23 3 43 42 7 0 0 0 0 0 0 0 22 49 65 57 59 21 15 7 0 0 0
-9 -9 -9 -9 -9 -9 -9 -9 -9 -9 -9 -9 -9 -9 -9 -9 -9 -9 -9 -9 -9 -9 -9 -9 -9 -9 -9 -9 -9 -9 -9 -9 36 55 47 0 0 43 45 39 67 60 55 91 96 66 44 89 85 100 93 85 81 21 20 9 56 66 22 83 14 54 57 89 40 53 3 16 58 100 100 98 59 68 3 0 0 0 0 0 0 0 0 9 31 13 49 60 20 23 50 1 0 0 0 13
-9 -9 -9 -9 -9 -9 -9 -9 -9 -9 -9 -9 -9 -9 -9 -9 -9 -9 -9 -9 -9 -9 -9 -9 -9 -9 -9 -9 -9 -9 -9 -9 14 0 24 29 2 72 78 55 61 71 83 100 84 52 44 93 67 30 14 22 11 83 76 51 43 23 5 54 57 6 47 54 34 38 32 92 87 43 54 59 53 17 2 0 0 0 0 0 0 0 0 50 41 15 1 17 47 40 0 0 0 0 2 38
-9 -9 -9 -9 -9 -9 -9 -9 -9 -9 -9 -9 -9 -9 -9 -9 -9 -9 -9 -9 -9 -9 -9 -9 -9 -9 -9 -9 -9 -9 -9 -9 0 0 0 0 0 58 89 33 70 56 59 88 69 49 54 18 9 3 9 0 48 70 90 89 23 28 75 58 27 41 67 42 21 31 91 42 64 52 0 30 4 0 0 0 0 0 0 0 0 0 32 9 12 10 29 2 0 17 34 0 14 34 7 32
-9 -9 -9 -9 -9 -9 -9 -9 -9 -9 -9 -9 -9 -9 -9 -9 -9 -9 -9 -9 -9 -9 -9 -9 -9 -9 -9 -9 -9 -9 -9 -9 -9 0 0 0 0 45 78 29 56 40 35 30 36 23 11 48 57 57 53 63 64 69 21 58 46 88 98 21 26 61 42 65 66 83 30 0 37 6 58 7 0 0 0 0 0 0 0 0 0 2 39 0 0 19 22 0 0 0 9 23 42 21 3 26
-9 -9 -9 -9 -9 -9 -9 -9 -9 -9 -9 -9 -9 -9 -9 -9 -9 -9 -9 -9 -9 -9 -9 -9 -9 -9 -9 -9 -9 -9 -9 -9 -9 0 0 17 46 78 68 65 38 30 10 47 17 38 58 26 15 13 13 17 86 75 69 81 79 100 88 63 33 65 53 29 69 47 5 0 0 44 35 0 0 0 0 0 0 0 0 8 30 57 20 5 0 56 19 0 0 0 0 1 13 19 76 29
-9 -9 -9 -9 -9 -9 -9 -9 -9 -9 -9 -9 -9 -9 -9 -9 -9 -9 -9 -9 -9 -9 -9 -9 -9 -9 -9 -9 -9 -9 -9 -9 -9 60 40 68 55 49 82 66 46 0 2 25 51 37 70 69 47 48 41 87 78 65 50 38 92 99 89 43 23 45 37 59 100 98 22 46 20 19 0 0 0 0 0 0 0 0 14 53 25 18 12 37 26 12 0 0 0 16 51 5 25 9 74 17
-9 -9 -9 -9 -9 -9 -9 -9 -9 -9 -9 -9 -9 -9 -9 -9 -9 -9 -9 -9 -9 -9 -9 -9 -9 -9 -9 -9 -9 -9 -9 -9 -9 100 99 89 66 81 75 66 19 4 40 73 50 14 65 41 61 32 48 98 75 30 28 78 100 78 89 69 66 80 88 79 92 100 68 51 14 0 0 0 0 0 0 0 0 7 34 10 23 35 4 0 0 0 0 23 32 5 22 45 40 51 54 22
-9 -9 -9 -9 -9 -9 -9 -9 -9 -9 -9 -9 -9 -9 -9 -9 -9 -9 -9 -9 -9 -9 -9 -9 -9 -9 -9 -9 -9 -9 -9 -9 -9 100 78 48 59 47 55 47 46 74 80 63 67 54 44 32 14 47 100 93 46 25 21 43 17 97 71 80 80 35 97 100 95 90 97 77 5 0 0 0 0 0 0 0 8 39 5 64 0 39 0 0 0 0 0 24 72 7 54 14 52 12 5 0
-9 -9 -9 -9 -9 -9 -9 -9 -9 -9 -9 -9 -9 -9 -9 -9 -9 -9 -9 -9 -9 -9 -9 -9 -9 -9 -9 -9 -9 -9 -9 -9 -9 39 0 10 31 54 65 72 66 33 49 68 59 24 22 24 44 68 100 91 39 25 55 27 47 50 87 39 20 47 82 96 9 25 4 4 0 0 0 0 0 0 0 2 27 1 9 26 28 0 0 0 0 9 41 16 36 32 33 23 30 17 0 31
-9 -9 -9 -9 -9 -9 -9 -9 -9 -9 -9 -9 -9 -9 -9 -9 -9 -9 -9 -9 -9 -9 -9 -9 -9 -9 -9 -9 -9 -9 -9 -9 30 9 79 79 46 26 66 56 28 1 1 9 63 84 31 57 58 98 87 49 51 85 33 58 88 62 20 40 80 38 22 4 0 10 0 0 0 0 0 0 0 0 28 90 21 0 17 15 0 0 0 0 0 4 3 20 33 55 17 40 20 11 31 61
-9 -9 -9 -9 -9 -9 -9 -9 -9 -9 -9 -9 -9 -9 -9 -9 -9 -9 -9 -9 -9 -9 -9 -9 -9 -9 -9 -9 -9 -9 -9 -9 4 69 60 35 42 36 91 52 6 35 17 1 47 72 46 27 81 67 44 58 89 23 72 69 11 1 2 16 41 18 14 45 13 0 0 0 0 0 0 0 8 36 21 58 8 0 17 31 0 0 0 28 38 0 21 34 53 59 27 14 16 27 66 20
-9 -9 -9 -9 -9 -9 -9 -9 -9 -9 -9 -9 -9 -9 -9 -9 -9 -9 -9 -9 -9 -9 -9 -9 -9 -9 -9 -9 -9 -9 -9 -9 12 53 88 25 0 26 47 100 83 31 41 37 66 59 20 0 21 60 76 96 94 49 68 31 27 58 28 10 0 7 9 30 10 0 0 0 0 0 0 12 45 66 29 17 0 2 23 0 0 0 63 51 20 0 0 11 23 56 20 33 28 31 57 9
-9 -9 -9 -9 -9 -9 -9 -9 -9 -9 -9 -9 -9 -9 -9 -9 -9 -9 -9 -9 -9 -9 -9 -9 -9 -9 -9 -9 -9 -9 -9 31 52 87 56 6 61 66 89 97 72 42 16 60 56 4 17 14 32 72 72 56 60 30 75 8 2 33 25 13 1 27 18 6 0 0 0 0 0 0 0 35 73 13 4 52 51 0 0 0 17 5 53 58 5 10 39 30 39 93 24 10 44 51 36 58
-9 -9 -9 -9 -9 -9 -9 -9 -9 -9 -9 -9 -9 -9 -9 -9 -9 -9 -9 -9 -9 -9 -9 -9 -9 -9 -9 -9 -9 67 11 22 48 29 10 31 78 97 67 50 62 48 61 55 89 34 33 49 59 30 34 81 99 91 38 42 22 29 12 1 46 12 0 0 0 0 2 0 2 0 2 52 40 46 17 11 30 52 12 52 27 17 9 5 3 56 22 52 81 28 15 31 61 12 22 39
-9 -9 -9 -9 -9 -9 -9 -9 -9 -9 -9 -9 -9 -9 -9 -9 -9 -9 -9 -9 -9 -9 -9 -9 -9 -9 -9 -9 81 37 80 9 6 3 65 65 84 53 49 18 58 31 59 88 90 75 99 18 93 95 90 70 99 18 42 50 50 16 54 65 3 0 0 0 12 65 73 36 75 48 50 49 9 17 27 33 9 29 25 45 26 6 76 27 61 9 27 68 81 20 24 63 25 4 37 21
-9 -9 -9 -9 -9 -9 -9 -9 -9 -9 -9 -9 -9 -9 -9 -9 -9 -9 -9 -9 -9 -9 -9 -9 -9 -9 85 93 75 76 100 79 9 33 86 87 54 0 0 30 88 95 99 73 98 100 97 65 44 82 99 96 34 10 7 0 8 8 21 47 43 0 11 30 76 73 32 12 35 40 37 23 17 15 38 8 41 96 31 25 5 35 46 21 47 51 28 42 53 0 0 7 5 27 34 25
-9 -9 -9 -9 -9 -9 -9 -9 -9 -9 -9 -9 -9 -9 -9 -9 -9 -9 -9 -9 -9 -9 -9 -9 -9 98 100 94 95 45 93 36 24 51 47 47 12 15 8 64 93 49 79 84 100 100 87 23 66 90 61 30 43 38 18 11 46 44 29 89 56 53 58 46 37 35 20 64 65 4 14 7 6 26 24 21 61 64 70 25 1 20 19 33 34 22 16 24 28 32 8 20 28 32 42 50
-9 -9 -9 -9 -9 -9 -9 -9 -9 -9 -9 -9 -9 -9 -9 -9 -9 -9 -9 -9 -9 -9 -9 71 100 84 94 88 34 5 12 0 46 23 55 60 16 43 55 68 98 27 10 49 58 99 35 27 94 83 6 1 3 46 21 7 27 5 1 24 89 75 12 18 8 48 71 16 32 62 40 16 0 32 5 49 38 0 21 0 11 10 0 0 5 21 6 24 12 9 33 3 11 41 79 20
-9 -9 -9 -9 -9 -9 -9 -9 -9 -9 -9 -9 -9 -9 -9 -9 -9 -9 -9 -9 -9 -9 86 84 96 84 92 60 4 37 48 60 45 81 48 0 0 38 35 73 42 68 63 71 76 45 48 40 100 86 0 3 5 19 4 0 0 0 0 0 9 19 19 3 46 50 59 21 23 12 27 28 24 10 1 67 7 30 62 3 0 25 0 0 0 43 40 5 15 23 49 48 49 50 45 13
