data/habitatmaps/RS_maps/habitat_Regulus.regulus_2019.asc
NCOLS 369 
NROWS 228 
XLLCORNER 479000 
YLLCORNER 73000 
CELLSIZE 1000 
NODATA_value -9 
[rows 0 to 62 of 228, columns 192 to 287 of 369]
92 94 72 91 100 91 96 36 11 0 11 8 0 0 0 33 20 38 11 98 36 37 7 9 0 1 2 19 0 0 2 56 27 18 -9 -9 -9 -9 -9 -9 -9 -9 -9 -9 -9 -9 -9 -9 -9 -9 -9 -9 -9 -9 -9 -9 -9 -9 -9 -9 -9 -9 -9 -9 -9 -9 -9 -9 -9 -9 -9 -9 -9 -9 -9 -9 -9 -9 -9 -9 -9 -9 -9 -9 -9 -9 -9 -9 -9 -9 -9 -9 -9 -9 -9 -9
92 94 72 17 23 36 69 18 0 0 0 4 0 0 20 38 0 0 48 94 52 26 0 0 0 0 0 0 0 0 6 54 0 21 0 0 0 -9 -9 -9 -9 -9 -9 -9 -9 -9 -9 -9 -9 -9 -9 -9 -9 -9 -9 -9 -9 -9 -9 -9 -9 -9 -9 -9 -9 -9 -9 -9 -9 -9 -9 -9 -9 -9 -9 -9 -9 -9 -9 -9 -9 -9 -9 -9 -9 -9 -9 -9 -9 -9 -9 -9 -9 -9 -9 -9
90 84 2 7 0 0 5 25 0 30 0 0 26 84 77 28 17 0 74 40 5 3 30 0 0 0 0 27 0 0 3 9 0 0 43 2 0 0 -9 -9 -9 -9 -9 -9 -9 -9 -9 -9 -9 -9 -9 -9 -9 -9 -9 -9 -9 -9 -9 -9 -9 -9 -9 -9 -9 -9 -9 -9 -9 -9 -9 -9 -9 -9 -9 -9 -9 -9 -9 -9 -9 -9 -9 -9 -9 -9 -9 -9 -9 -9 -9 -9 -9 -9 -9 -9
51 20 20 26 9 36 11 40 16 13 0 0 8 70 61 63 40 11 50 0 0 0 4 34 1 37 2 1 0 0 0 0 0 0 2 0 0 0 0 0 -9 -9 -9 -9 -9 -9 -9 -9 -9 -9 -9 -9 -9 -9 -9 -9 -9 -9 -9 -9 -9 -9 -9 -9 -9 -9 -9 -9 -9 -9 -9 -9 -9 -9 -9 -9 -9 -9 -9 -9 -9 -9 -9 -9 -9 -9 -9 -9 -9 -9 -9 -9 -9 -9 -9 -9
0 0 0 7 14 12 89 27 2 36 0 0 10 24 21 9 19 14 11 0 0 0 8 65 2 2 31 28 0 0 0 0 0 0 0 0 0 0 0 0 36 -9 -9 -9 -9 -9 -9 -9 -9 -9 -9 -9 -9 -9 -9 -9 -9 -9 -9 -9 -9 -9 -9 -9 -9 -9 -9 -9 -9 -9 -9 -9 -9 -9 -9 -9 -9 -9 -9 -9 -9 -9 -9 -9 -9 -9 -9 -9 -9 -9 -9 -9 -9 -9 -9 -9
1 1 0 23 3 0 13 0 35 9 0 10 80 78 37 0 7 7 15 0 0 43 29 34 25 0 0 0 0 0 0 0 0 0 0 21 0 33 22 16 0 4 -9 -9 -9 -9 -9 -9 -9 -9 -9 -9 -9 -9 -9 -9 -9 -9 -9 -9 -9 -9 -9 -9 -9 -9 -9 -9 -9 -9 -9 -9 -9 -9 -9 -9 -9 -9 -9 -9 -9 -9 -9 -9 -9 -9 -9 -9 -9 -9 -9 -9 -9 -9 -9 -9
47 25 0 13 32 30 31 0 6 0 14 0 44 76 69 63 23 0 0 2 57 19 2 0 0 0 21 25 2 0 0 0 0 0 0 16 0 9 58 1 0 0 0 -9 4 30 28 0 0 0 0 0 0 0 0 -9 -9 -9 -9 -9 -9 -9 -9 -9 -9 -9 -9 -9 -9 -9 -9 -9 -9 -9 -9 -9 -9 -9 -9 -9 -9 -9 -9 -9 -9 -9 -9 -9 -9 -9 -9 -9 -9 -9 -9 -9
20 19 2 52 33 46 0 16 27 40 47 5 20 25 86 98 80 35 1 0 23 4 0 0 0 0 28 31 31 0 0 0 0 0 0 0 13 0 25 0 0 0 0 4 16 16 0 0 26 19 0 0 0 0 0 0 0 0 0 -9 -9 -9 -9 -9 -9 -9 -9 -9 -9 -9 -9 -9 -9 -9 -9 -9 -9 -9 -9 -9 -9 -9 -9 -9 -9 -9 -9 -9 -9 -9 -9 -9 -9 -9 -9 -9
0 6 0 26 0 0 0 36 24 88 69 3 37 91 85 49 53 59 40 6 0 0 0 0 0 0 1 2 0 0 0 0 0 0 0 41 72 61 35 7 53 27 58 39 19 0 0 8 5 5 27 2 0 0 0 0 0 0 0 0 0 0 0 0 15 5 0 0 -9 -9 -9 -9 -9 -9 -9 -9 -9 -9 -9 -9 -9 -9 -9 -9 -9 -9 -9 -9 -9 -9 -9 -9 -9 -9 -9 -9
0 13 37 0 0 0 13 87 39 36 10 0 51 80 58 65 46 58 23 30 51 36 1 0 0 0 0 0 0 0 0 51 0 0 0 11 55 52 49 27 16 21 9 11 67 0 0 22 2 0 10 3 0 0 0 0 0 0 0 0 0 0 16 30 26 46 0 0 0 0 4 3 -9 -9 -9 -9 -9 -9 -9 -9 -9 -9 -9 -9 -9 -9 -9 -9 -9 -9 -9 -9 -9 -9 -9 -9
18 78 36 35 0 25 11 38 0 0 0 18 72 100 83 78 16 74 50 52 49 22 22 0 0 0 0 0 0 0 4 6 0 0 0 0 0 0 25 8 0 0 0 16 43 44 8 0 0 0 0 0 0 0 34 1 0 0 0 0 0 0 16 0 18 4 0 0 0 0 0 8 56 57 -9 -9 -9 -9 -9 -9 -9 -9 -9 -9 -9 -9 -9 -9 -9 -9 -9 -9 -9 -9 -9 -9
0 8 35 30 0 0 2 0 0 0 0 43 81 95 52 59 62 9 38 0 27 0 0 1 0 0 0 19 22 17 2 14 5 0 0 0 40 55 0 0 0 0 0 0 0 8 0 55 6 7 8 0 10 17 29 0 0 0 0 0 0 0 0 0 0 0 0 0 0 0 0 7 41 35 26 32 -9 -9 -9 -9 -9 -9 -9 -9 -9 -9 -9 -9 -9 -9 -9 -9 -9 -9 -9 -9
0 6 13 0 0 13 6 0 0 35 3 0 0 0 0 16 36 15 22 22 6 12 53 51 8 0 1 37 27 5 28 37 25 0 0 6 32 12 0 0 0 0 0 0 0 0 0 5 11 32 29 0 11 0 0 0 0 0 0 0 0 0 0 0 0 0 0 0 0 0 0 0 0 0 0 23 15 99 -9 -9 -9 -9 -9 -9 -9 -9 -9 -9 -9 -9 -9 -9 -9 -9 -9 -9
0 22 4 0 0 67 27 0 49 97 83 6 0 0 14 18 94 56 57 33 40 64 77 64 65 28 17 19 0 0 0 7 0 0 0 0 6 0 0 0 0 0 0 0 0 0 0 0 28 71 27 1 33 7 15 2 0 0 0 0 0 0 0 0 14 0 0 0 0 0 0 2 0 0 0 0 5 33 0 0 -9 -9 -9 -9 -9 -9 -9 -9 -9 -9 -9 -9 -9 -9 -9 -9
0 0 0 4 12 90 8 0 3 27 49 14 0 0 91 34 55 91 70 79 19 79 95 60 64 94 6 0 0 0 18 15 0 0 0 0 0 0 0 0 22 16 0 0 0 0 0 0 0 0 0 18 60 20 33 23 55 24 0 0 0 0 0 2 95 26 0 0 20 57 40 17 51 16 0 0 0 2 0 0 0 20 -9 -9 -9 -9 -9 -9 -9 -9 -9 -9 -9 -9 -9 -9
20 4 26 84 72 20 0 0 0 0 0 0 0 0 0 0 0 38 66 7 19 79 27 35 28 64 41 0 0 0 8 25 0 27 35 20 35 62 37 32 6 3 3 31 19 0 0 0 0 0 0 0 4 5 19 4 34 0 2 0 0 0 0 0 22 0 0 0 69 37 10 0 8 0 7 6 0 42 3 0 31 23 5 29 -9 -9 -9 -9 -9 -9 -9 -9 -9 -9 -9 -9
16 13 30 46 27 0 0 0 0 0 0 0 0 0 0 5 16 0 6 16 59 98 3 0 0 20 65 16 13 43 36 0 1 84 83 42 45 51 42 64 47 43 33 55 4 0 0 0 0 0 0 0 0 0 35 17 0 2 72 46 0 0 0 0 0 0 0 0 3 47 36 0 6 0 46 18 0 18 21 28 8 3 0 0 0 3 -9 -9 -9 -9 -9 -9 -9 -9 -9 -9
48 32 99 13 0 0 0 0 0 0 0 0 0 0 0 32 85 8 0 0 1 36 1 0 0 0 0 0 0 0 24 26 10 73 97 45 31 24 16 66 21 66 88 53 11 0 0 0 0 0 0 0 0 0 0 0 0 18 83 90 0 0 0 0 0 0 0 0 0 48 44 29 17 72 50 6 0 3 22 6 3 0 0 0 0 18 2 -9 -9 -9 -9 -9 -9 -9 -9 -9
7 32 100 8 0 0 0 0 0 0 27 34 1 16 68 71 68 0 20 14 0 0 54 66 32 0 0 0 0 1 44 47 0 41 95 75 71 31 16 0 0 46 31 40 0 0 0 0 0 0 0 0 0 0 0 0 0 0 52 44 2 0 0 0 0 0 0 0 0 0 0 1 6 16 33 0 0 8 5 0 0 0 0 0 0 0 0 0 0 -9 -9 -9 -9 -9 -9 -9
28 58 70 0 0 0 41 67 42 62 46 67 83 99 97 51 6 0 58 100 72 47 31 51 41 36 0 0 0 0 39 6 0 0 49 99 60 19 78 2 14 46 32 9 0 0 0 3 13 7 0 0 0 0 0 0 0 0 0 0 0 0 0 0 0 0 0 0 0 0 0 0 0 0 0 0 0 0 0 0 0 0 0 0 39 52 0 0 0 0 -9 -9 -9 -9 -9 -9
67 40 5 0 0 0 13 56 30 56 100 90 71 100 40 0 0 0 17 59 80 100 25 16 77 26 0 0 54 94 62 10 0 0 2 21 0 0 0 0 22 3 0 0 0 24 49 41 72 53 9 14 6 0 0 0 0 0 0 0 0 0 0 0 0 0 0 0 0 0 0 0 0 0 0 0 0 0 0 0 0 0 0 1 96 48 0 17 0 0 0 -9 -9 -9 -9 -9
9 7 0 0 0 1 6 19 87 100 69 87 26 46 13 0 0 0 0 50 92 99 6 0 33 32 6 0 1 8 45 38 0 0 0 0 0 0 0 0 0 2 31 27 21 81 63 45 84 86 21 62 34 3 0 0 0 0 0 0 0 0 0 0 0 0 0 0 0 0 0 0 0 0 0 0 0 0 0 0 0 0 0 7 100 30 0 33 31 77 67 69 -9 -9 -9 -9
51 26 0 0 0 39 74 40 24 44 72 81 26 0 0 0 0 0 0 0 21 40 24 0 57 40 51 62 0 0 80 69 40 44 10 8 0 0 0 1 35 71 66 42 14 40 48 59 57 64 74 76 54 89 63 11 3 0 0 0 0 0 0 0 0 0 0 0 0 0 0 0 0 0 0 0 0 0 0 0 0 0 0 0 56 53 3 54 51 73 100 82 62 16 -9 -9
5 0 0 55 0 18 19 25 0 3 16 26 16 7 0 0 0 0 0 0 5 55 36 42 62 83 98 59 0 0 73 100 100 96 44 34 49 66 37 67 96 28 0 4 31 5 20 12 0 7 15 21 55 80 100 49 52 29 16 8 0 0 0 0 0 0 0 0 0 0 0 0 0 0 0 0 0 0 0 0 0 0 0 0 1 16 26 90 100 34 47 8 4 25 39 -9
0 7 37 14 0 11 24 0 0 72 55 3 33 1 0 7 3 45 0 0 0 0 0 0 28 39 51 30 0 0 34 69 85 43 90 61 20 37 12 22 37 36 40 16 19 23 0 41 11 10 22 0 0 42 99 94 82 86 21 59 17 37 1 1 0 0 0 0 0 0 0 0 0 0 0 0 0 0 0 0 0 0 0 0 0 0 49 100 85 17 1 29 22 4 2 1
22 0 0 0 0 0 0 0 0 7 97 53 59 52 22 0 20 72 99 12 0 0 0 9 36 10 1 37 28 12 0 0 0 0 3 23 66 89 88 94 0 0 11 49 2 0 7 48 23 32 7 0 0 36 49 17 7 66 53 62 4 27 65 0 0 0 0 0 0 0 0 0 0 0 0 0 0 0 0 0 0 0 0 0 0 0 47 47 9 0 6 73 21 35 25 16
0 0 0 0 11 2 0 13 5 62 51 6 10 52 22 8 38 93 91 29 0 22 43 68 81 19 0 58 81 25 15 12 2 0 0 0 6 27 29 29 22 33 15 53 53 23 5 21 8 12 9 0 13 3 50 4 0 0 0 0 37 1 22 22 0 0 0 0 0 0 0 0 0 0 0 0 0 0 0 0 0 0 0 0 0 0 0 0 0 0 0 0 7 4 5 2
0 0 0 0 21 23 29 94 38 3 0 0 0 18 14 5 13 98 100 61 2 60 26 31 71 5 16 38 24 12 43 68 25 44 0 25 14 7 5 1 19 59 4 18 6 12 4 0 20 37 6 17 40 29 39 13 19 0 24 0 32 51 0 72 40 0 58 9 0 0 0 0 0 0 0 0 0 0 0 0 0 0 0 0 0 0 0 0 0 0 0 0 0 7 14 1
0 0 0 0 0 28 32 69 11 0 12 1 19 69 6 21 51 94 93 14 48 21 3 29 20 51 60 45 13 8 24 21 1 18 16 4 16 22 0 69 48 13 0 0 0 0 0 0 0 0 0 0 0 9 28 18 17 5 21 0 2 34 29 41 24 0 74 66 71 54 0 0 0 0 0 0 0 0 0 0 0 0 0 0 0 0 0 0 0 0 0 0 0 0 17 28
0 0 0 18 9 5 11 0 25 37 63 39 66 51 0 6 32 74 69 58 71 40 0 14 72 46 3 0 8 6 0 20 0 0 2 28 32 21 0 28 3 0 0 0 0 0 0 0 0 0 14 10 0 22 38 48 68 80 30 6 64 14 9 0 0 0 14 28 77 100 33 0 0 0 0 0 0 0 0 0 0 0 0 0 0 0 0 0 0 0 0 0 0 0 0 0
0 0 49 58 11 0 0 11 34 40 2 5 24 7 0 0 0 4 16 48 35 10 0 1 41 15 26 0 29 71 0 0 0 2 2 34 29 5 0 0 0 0 0 24 41 65 37 56 56 34 35 33 1 0 11 1 7 14 2 0 10 6 0 12 14 0 0 0 1 19 0 0 0 0 0 0 0 0 0 0 0 0 0 0 0 0 0 0 0 0 0 0 0 0 0 0
0 23 28 64 0 24 32 51 49 73 39 0 0 0 32 11 3 52 0 0 23 42 0 40 54 5 56 60 3 20 0 0 10 8 12 0 0 19 17 0 0 38 49 98 100 99 46 37 3 11 11 0 40 1 0 0 0 25 0 0 0 7 0 11 19 0 0 0 0 0 0 0 0 0 0 0 0 0 0 0 0 0 0 0 0 0 0 0 0 0 0 0 0 0 0 0
36 61 4 0 12 72 53 5 23 12 7 27 49 2 85 83 30 0 20 17 65 83 15 39 83 14 0 41 20 14 23 54 37 8 25 0 10 15 0 0 27 29 18 54 60 55 62 43 10 0 28 32 5 29 17 0 10 0 0 0 0 26 6 0 0 0 0 0 0 0 18 3 0 0 0 0 0 0 0 0 0 0 0 0 0 0 0 0 0 0 0 0 0 0 0 0
62 62 12 18 35 48 46 1 90 34 16 11 45 14 39 36 55 3 9 10 59 2 14 51 17 18 21 10 4 0 40 10 32 0 0 0 0 47 27 25 3 27 37 2 0 0 14 1 24 0 0 11 21 0 0 2 67 54 3 0 0 0 0 0 1 57 24 0 0 0 26 8 0 0 0 0 0 0 0 0 0 0 0 0 0 0 0 0 0 0 0 0 0 0 0 0
44 91 74 66 100 78 10 2 13 27 81 73 8 62 10 16 84 73 16 51 71 41 11 4 0 5 16 55 94 48 9 0 0 15 15 13 29 7 89 69 65 53 36 22 43 57 26 27 0 14 23 0 0 23 2 0 8 22 47 29 7 0 0 0 15 67 0 16 9 0 25 8 0 0 0 0 0 0 0 0 0 0 0 0 0 0 0 0 0 0 0 0 0 0 0 0
37 68 65 92 59 83 14 7 51 83 66 86 12 53 13 0 0 23 82 41 44 35 19 0 0 0 0 35 35 1 0 5 18 38 7 39 20 3 31 1 69 32 0 39 57 26 0 0 0 16 14 0 16 0 76 37 7 0 5 50 37 0 0 5 16 14 0 52 70 0 0 0 0 0 0 0 0 0 0 0 0 0 0 0 0 0 0 0 0 0 0 0 0 0 0 0
50 95 74 23 1 39 2 0 56 20 46 39 0 17 43 28 55 9 0 0 15 1 68 5 19 45 31 4 14 8 0 36 15 17 10 55 2 18 3 57 36 0 0 0 0 0 0 0 0 0 15 27 15 5 28 26 34 20 17 24 43 3 0 1 43 15 0 17 1 0 0 0 0 0 0 0 0 0 0 0 0 0 0 0 0 0 0 0 0 0 0 0 0 0 0 0
98 58 97 52 58 17 19 0 58 0 0 0 0 3 59 23 4 24 27 0 0 15 22 6 90 12 56 69 6 2 5 5 73 42 57 57 66 66 42 34 15 40 5 0 5 27 42 45 1 15 51 68 48 32 34 4 28 0 61 27 18 17 0 0 0 0 0 0 0 0 0 0 0 3 14 0 0 0 0 0 0 0 0 0 0 0 0 0 0 0 0 0 0 0 0 0
67 80 89 77 50 11 0 0 8 0 8 11 0 10 59 35 0 55 83 45 40 86 1 0 9 3 39 62 0 0 27 34 32 42 47 13 24 10 9 43 23 8 2 0 0 35 50 14 17 43 33 26 24 45 32 5 25 24 39 27 2 0 0 0 0 8 18 41 27 20 38 7 0 0 6 27 21 20 0 0 0 0 0 0 0 0 0 0 0 0 0 0 0 0 0 0
0 0 0 37 0 0 0 0 0 0 27 31 0 25 44 27 0 46 50 52 75 36 0 0 0 0 0 0 2 39 30 0 0 37 76 68 0 20 12 6 44 2 0 18 0 22 18 0 2 36 7 12 49 10 6 32 0 7 3 0 0 0 0 0 45 37 28 7 20 1 34 9 0 0 0 5 3 3 10 7 0 0 0 0 0 0 0 0 0 0 0 0 0 0 0 0
0 0 0 0 17 0 0 18 27 0 0 30 0 52 60 0 11 4 41 54 14 61 63 0 0 11 14 2 1 73 98 29 33 44 67 76 16 15 47 0 2 37 0 8 11 17 0 23 4 31 21 0 26 19 33 25 33 30 23 0 5 22 0 0 58 3 22 0 0 0 2 39 50 15 0 0 9 35 30 5 21 0 0 0 0 0 0 0 0 0 0 0 0 0 0 0
46 34 56 43 12 0 0 0 0 5 0 0 0 0 52 27 89 56 66 33 19 47 95 35 26 97 100 58 0 8 87 50 17 8 30 19 37 48 2 9 0 61 16 31 0 3 0 11 1 32 9 11 30 20 13 21 8 0 0 3 0 37 0 15 30 0 0 0 13 48 23 13 12 39 2 0 8 44 0 1 19 1 3 1 6 0 14 57 5 0 0 0 6 0 0 0
57 50 89 66 43 50 21 0 8 15 8 32 0 39 56 19 31 35 64 46 2 6 6 72 62 100 100 97 65 9 32 52 64 39 33 57 61 73 82 100 63 18 40 13 17 12 0 10 3 0 0 30 53 5 0 0 0 23 26 87 20 9 0 39 12 0 3 16 44 65 99 84 44 7 17 2 22 21 0 37 38 17 36 28 49 65 42 50 0 0 2 22 19 0 0 0
15 22 56 83 9 48 60 49 1 28 3 38 0 0 0 24 49 15 17 5 29 15 65 69 57 90 100 88 43 7 53 69 51 56 56 80 82 45 30 44 46 35 0 0 0 0 7 40 14 0 0 14 38 38 26 16 28 25 30 19 1 21 20 16 42 16 18 31 18 0 37 35 59 37 37 75 56 13 36 73 15 61 81 54 40 16 41 19 26 10 20 33 56 35 52 8
1 14 25 32 0 2 4 41 87 59 0 0 0 0 0 0 0 0 0 41 23 48 36 3 53 87 91 57 68 32 43 56 21 85 31 87 57 91 24 95 34 18 76 25 0 7 76 4 52 0 0 20 0 8 10 0 5 14 2 15 40 29 44 13 4 2 0 5 39 3 49 50 4 42 73 15 39 0 44 37 42 16 14 31 17 4 8 26 30 63 60 32 41 29 0 0
0 0 0 0 0 0 0 0 36 83 41 0 21 0 9 40 50 3 5 51 6 34 21 32 63 14 39 53 58 80 36 24 26 49 24 56 58 66 15 61 71 46 48 33 0 14 31 38 50 50 15 22 0 16 30 48 0 4 40 67 5 5 15 1 0 6 0 14 39 54 58 14 16 46 41 0 1 13 17 54 38 19 36 41 65 43 14 36 59 40 53 44 21 0 0 0
42 53 31 1 46 3 2 41 0 0 3 0 43 0 25 95 100 47 0 38 63 22 37 46 45 12 22 80 38 19 57 58 61 48 18 68 54 59 68 75 27 61 53 39 13 26 45 88 86 34 56 40 1 0 7 30 0 0 36 14 4 0 39 3 0 20 5 43 35 36 2 16 54 40 1 2 20 14 42 16 50 44 9 39 32 53 36 14 26 23 10 62 23 1 0 0
38 63 74 58 54 51 57 25 2 1 18 21 0 0 0 42 49 8 0 29 54 2 33 8 66 26 43 53 16 0 16 83 16 21 36 66 93 59 87 63 41 25 34 26 70 50 52 15 16 40 11 2 56 0 26 14 1 0 0 32 54 29 3 6 0 0 0 25 28 36 1 41 13 1 11 11 9 43 45 1 28 49 40 10 10 19 40 35 44 54 31 46 52 13 0 0
3 31 62 31 8 44 54 60 69 9 43 0 0 0 0 0 0 0 0 24 91 88 17 21 27 20 47 46 38 25 56 44 0 83 40 39 62 50 83 79 57 54 52 74 54 6 46 36 6 14 0 0 19 22 44 49 39 34 11 2 0 24 42 11 0 7 19 31 1 1 25 13 21 49 63 55 58 53 84 17 13 37 19 9 34 44 47 64 67 53 28 14 26 7 0 0
0 29 1 0 0 0 18 5 25 29 45 0 0 0 0 0 0 0 0 0 5 90 27 17 23 15 24 8 25 97 22 24 44 37 35 38 78 62 78 74 63 34 58 91 82 38 21 45 19 7 24 14 20 31 29 17 13 54 50 35 29 14 39 13 62 24 1 63 30 26 38 53 52 17 20 36 49 28 18 10 34 38 17 38 82 32 75 78 68 19 0 0 0 0 0 0
0 0 35 26 0 0 0 0 0 9 38 3 5 76 25 0 0 0 0 0 20 63 38 68 52 3 28 29 28 45 48 77 50 27 46 30 61 80 63 67 47 41 46 48 62 51 9 5 14 20 47 22 25 30 44 34 66 45 70 64 12 3 30 55 33 39 0 0 0 22 36 40 31 29 29 27 0 28 39 39 47 36 59 76 51 34 17 23 0 0 0 0 0 0 0 0
4 0 4 0 76 61 5 0 0 0 0 0 0 60 72 43 10 0 0 0 0 0 2 0 50 35 2 0 26 0 44 26 71 18 45 39 60 62 52 57 52 55 69 88 96 26 17 44 19 19 42 13 2 39 69 39 16 39 28 78 6 7 18 37 61 35 4 2 2 22 22 25 20 55 15 41 0 21 37 38 48 69 58 69 87 31 31 0 0 0 0 0 0 0 0 0
36 87 8 13 89 100 72 1 0 0 0 0 0 0 38 41 65 28 0 0 0 0 0 0 20 29 57 0 0 0 7 2 76 75 48 10 61 86 62 79 96 95 56 58 41 28 17 27 6 13 28 4 11 24 24 40 47 20 58 70 43 7 24 39 43 16 33 34 50 34 50 3 0 30 14 51 32 21 14 45 60 58 33 57 65 20 19 0 0 0 0 0 0 0 0 0
29 95 28 10 8 29 77 25 0 0 0 0 0 0 2 71 89 95 39 0 0 0 0 7 74 31 28 58 23 0 26 50 22 25 5 45 29 22 36 66 97 80 63 56 43 5 31 41 4 14 26 2 12 23 51 37 41 48 37 55 32 13 66 55 43 2 21 36 35 58 8 42 25 25 26 23 26 25 42 18 2 0 21 22 47 38 1 0 0 0 0 0 0 0 0 0
26 80 32 4 52 12 59 97 17 0 0 0 0 0 8 18 39 51 20 33 2 0 0 0 8 46 58 39 47 0 15 43 5 10 61 73 45 56 83 56 41 57 51 97 88 89 52 34 44 18 1 0 11 40 17 21 12 59 42 30 44 65 72 42 25 19 39 0 26 10 0 11 5 5 28 26 12 34 16 4 2 30 66 97 100 98 9 0 0 0 0 0 0 0 0 1
0 6 65 51 19 38 2 39 67 17 0 0 0 0 0 0 39 70 10 15 39 0 7 45 0 0 0 0 0 0 0 26 33 46 63 53 40 73 64 64 70 41 46 70 100 81 51 76 68 42 31 1 6 44 17 18 37 38 44 60 89 68 42 44 29 23 19 15 33 13 22 60 64 43 50 35 18 16 0 2 45 81 82 100 86 26 1 0 0 0 0 0 14 0 0 10
0 56 76 6 0 7 26 33 0 77 46 0 0 0 0 5 47 3 21 36 7 43 0 0 5 0 0 1 1 1 0 0 0 7 17 10 16 51 48 85 65 49 48 68 70 100 60 58 92 55 14 21 6 13 6 34 62 28 17 57 97 69 20 25 13 4 24 35 12 26 30 47 39 7 0 3 7 0 0 3 18 13 7 60 90 100 39 12 0 0 0 0 0 23 0 9
0 28 26 53 3 38 32 0 30 16 32 0 0 0 0 16 99 68 1 33 63 8 6 0 0 0 0 1 70 47 4 0 0 13 50 51 1 13 26 50 46 43 72 98 82 91 72 85 60 40 42 16 41 20 37 25 27 27 36 65 78 32 31 17 2 25 47 60 34 15 16 12 3 5 15 21 40 36 2 0 0 5 46 46 59 100 99 79 52 29 0 0 0 0 0 28
0 19 40 56 3 31 13 11 56 59 6 0 0 0 0 7 36 24 34 0 26 22 47 13 0 0 1 30 25 8 0 0 0 3 20 34 22 17 53 28 29 29 57 98 100 76 95 64 36 60 57 39 53 18 31 53 36 41 24 25 24 3 0 2 34 51 36 19 0 13 40 53 10 47 58 30 19 21 53 8 6 23 29 13 63 83 59 49 21 0 0 5 4 0 0 2
4 25 92 36 9 27 0 23 51 32 29 0 0 0 0 0 20 90 31 26 17 36 24 34 5 4 26 1 0 19 30 1 0 0 24 53 18 36 59 18 9 39 92 82 100 100 68 81 50 70 40 16 54 18 76 84 47 51 64 10 31 33 36 3 30 15 58 16 14 68 58 46 56 52 32 61 46 57 55 45 8 4 12 25 71 38 76 21 0 0 0 22 3 0 0 0
20 33 29 3 54 9 53 28 32 52 63 3 6 0 0 0 0 27 63 43 74 70 38 5 25 9 0 20 13 34 20 1 1 0 9 14 54 2 42 30 9 5 68 90 92 98 72 87 59 55 42 42 61 27 33 23 20 11 43 54 19 34 5 35 58 67 51 27 23 39 32 70 58 47 44 55 66 69 49 5 4 19 20 32 44 0 51 0 0 0 0 0 0 0 0 0
24 0 29 55 38 0 21 54 24 0 55 28 57 3 0 0 0 0 1 0 46 80 69 2 24 35 0 0 0 4 12 3 49 39 43 12 28 17 70 31 6 15 39 31 69 42 38 58 69 85 82 65 39 28 21 25 36 31 45 27 16 41 44 47 91 75 78 52 33 38 40 45 41 57 66 82 86 73 39 0 0 36 12 21 7 10 0 0 0 35 2 0 0 0 0 0
4 4 68 87 14 0 36 65 34 69 84 36 20 3 0 0 0 0 0 0 17 84 75 21 16 0 0 31 32 0 0 10 28 53 8 1 5 36 26 19 24 38 30 56 49 0 15 14 75 78 71 25 35 41 4 53 25 52 53 35 24 43 21 52 57 46 24 70 57 74 77 49 57 99 75 32 43 11 6 34 49 35 85 13 30 58 0 3 26 30 46 24 0 0 0 0
