data/habitatmaps/RS_maps/habitat_Fringilla.coelebs_2009.asc
NCOLS 369 
NROWS 228 
XLLCORNER 479000 
YLLCORNER 73000 
CELLSIZE 1000 
NODATA_value -9 
[rows 0 to 60 of 228, columns 192 to 287 of 369]
100 100 72 82 89 86 97 39 52 86 98 92 65 70 27 52 26 39 8 84 37 36 7 9 0 27 2 20 47 68 4 58 71 56 -9 -9 -9 -9 -9 -9 -9 -9 -9 -9 -9 -9 -9 -9 -9 -9 -9 -9 -9 -9 -9 -9 -9 -9 -9 -9 -9 -9 -9 -9 -9 -9 -9 -9 -9 -9 -9 -9 -9 -9 -9 -9 -9 -9 -9 -9 -9 -9 -9 -9 -9 -9 -9 -9 -9 -9 -9 -9 -9 -9 -9 -9
100 100 72 15 59 39 69 18 23 44 71 83 8 16 44 38 23 1 48 90 55 28 12 18 4 35 17 40 33 38 24 86 21 79 4 17 13 -9 -9 -9 -9 -9 -9 -9 -9 -9 -9 -9 -9 -9 -9 -9 -9 -9 -9 -9 -9 -9 -9 -9 -9 -9 -9 -9 -9 -9 -9 -9 -9 -9 -9 -9 -9 -9 -9 -9 -9 -9 -9 -9 -9 -9 -9 -9 -9 -9 -9 -9 -9 -9 -9 -9 -9 -9 -9 -9
100 84 2 4 0 0 5 26 38 72 94 70 42 96 91 29 15 0 74 44 4 38 60 26 24 50 9 59 2 19 34 20 12 70 46 46 18 5 -9 -9 -9 -9 -9 -9 -9 -9 -9 -9 -9 -9 -9 -9 -9 -9 -9 -9 -9 -9 -9 -9 -9 -9 -9 -9 -9 -9 -9 -9 -9 -9 -9 -9 -9 -9 -9 -9 -9 -9 -9 -9 -9 -9 -9 -9 -9 -9 -9 -9 -9 -9 -9 -9 -9 -9 -9 -9
66 24 10 27 8 33 12 42 29 74 32 12 17 86 62 64 42 11 50 2 32 6 4 31 15 76 19 19 46 4 6 52 3 4 50 53 26 0 14 0 -9 -9 -9 -9 -9 -9 -9 -9 -9 -9 -9 -9 -9 -9 -9 -9 -9 -9 -9 -9 -9 -9 -9 -9 -9 -9 -9 -9 -9 -9 -9 -9 -9 -9 -9 -9 -9 -9 -9 -9 -9 -9 -9 -9 -9 -9 -9 -9 -9 -9 -9 -9 -9 -9 -9 -9
10 0 0 7 24 12 90 43 4 64 6 4 16 72 24 13 18 14 11 10 34 2 10 62 1 24 60 71 0 0 0 22 42 23 8 28 10 0 3 1 40 -9 -9 -9 -9 -9 -9 -9 -9 -9 -9 -9 -9 -9 -9 -9 -9 -9 -9 -9 -9 -9 -9 -9 -9 -9 -9 -9 -9 -9 -9 -9 -9 -9 -9 -9 -9 -9 -9 -9 -9 -9 -9 -9 -9 -9 -9 -9 -9 -9 -9 -9 -9 -9 -9 -9
4 0 0 28 4 6 47 63 72 27 20 18 91 92 39 2 7 7 13 63 52 46 36 33 28 27 54 17 0 0 0 16 38 6 2 20 29 31 22 32 88 61 -9 -9 -9 -9 -9 -9 -9 -9 -9 -9 -9 -9 -9 -9 -9 -9 -9 -9 -9 -9 -9 -9 -9 -9 -9 -9 -9 -9 -9 -9 -9 -9 -9 -9 -9 -9 -9 -9 -9 -9 -9 -9 -9 -9 -9 -9 -9 -9 -9 -9 -9 -9 -9 -9
45 25 0 54 72 62 34 92 48 13 20 0 96 100 70 62 22 0 0 8 71 34 36 2 12 28 44 62 36 1 2 0 32 9 18 16 17 20 63 41 6 56 23 -9 60 100 97 90 76 78 3 0 0 25 10 -9 -9 -9 -9 -9 -9 -9 -9 -9 -9 -9 -9 -9 -9 -9 -9 -9 -9 -9 -9 -9 -9 -9 -9 -9 -9 -9 -9 -9 -9 -9 -9 -9 -9 -9 -9 -9 -9 -9 -9 -9
49 29 18 56 65 92 0 30 46 55 48 4 72 100 100 98 78 48 6 0 32 64 24 0 0 22 81 86 32 0 30 44 0 2 46 18 50 48 68 10 12 49 56 40 45 75 67 38 88 100 61 1 0 0 0 36 8 0 1 -9 -9 -9 -9 -9 -9 -9 -9 -9 -9 -9 -9 -9 -9 -9 -9 -9 -9 -9 -9 -9 -9 -9 -9 -9 -9 -9 -9 -9 -9 -9 -9 -9 -9 -9 -9 -9
32 40 42 30 46 55 32 48 37 90 68 2 36 97 90 48 52 71 80 34 0 0 0 0 4 0 17 19 0 0 0 0 0 72 94 100 98 82 57 61 70 53 60 50 43 40 31 38 40 60 100 56 6 0 0 0 36 64 51 32 18 18 4 13 34 62 2 40 -9 -9 -9 -9 -9 -9 -9 -9 -9 -9 -9 -9 -9 -9 -9 -9 -9 -9 -9 -9 -9 -9 -9 -9 -9 -9 -9 -9
34 65 36 14 16 38 58 92 40 36 24 29 51 80 58 65 46 84 100 76 52 35 21 8 72 26 2 0 2 18 8 48 8 70 54 36 76 66 90 71 58 24 10 38 86 15 27 61 50 49 62 29 22 35 4 0 8 28 79 86 48 60 66 64 53 98 54 27 16 34 36 40 -9 -9 -9 -9 -9 -9 -9 -9 -9 -9 -9 -9 -9 -9 -9 -9 -9 -9 -9 -9 -9 -9 -9 -9
19 90 48 95 14 78 52 39 0 16 8 25 72 100 83 78 52 80 95 52 49 26 45 22 3 0 11 21 4 52 37 8 66 28 26 36 6 21 83 18 46 44 14 44 80 70 21 19 26 42 60 70 78 79 88 8 0 0 3 44 61 92 66 78 46 74 68 19 0 0 11 26 56 50 -9 -9 -9 -9 -9 -9 -9 -9 -9 -9 -9 -9 -9 -9 -9 -9 -9 -9 -9 -9 -9 -9
2 40 100 80 86 54 31 63 0 13 63 100 88 100 98 82 65 63 71 22 26 30 72 55 32 5 0 10 16 35 12 52 44 28 80 72 72 90 28 6 20 8 32 96 84 28 35 88 61 56 74 64 63 57 67 41 6 2 0 0 16 30 26 3 38 56 42 61 0 0 0 15 78 74 34 79 -9 -9 -9 -9 -9 -9 -9 -9 -9 -9 -9 -9 -9 -9 -9 -9 -9 -9 -9 -9
8 6 45 38 81 16 17 5 0 55 88 100 82 76 88 65 89 75 76 74 32 71 74 70 33 31 18 42 81 95 44 94 72 34 44 17 60 23 37 0 0 0 7 53 77 6 16 50 95 72 38 21 38 42 40 8 36 34 7 0 0 0 0 24 47 18 20 32 0 5 10 38 51 6 12 59 68 100 -9 -9 -9 -9 -9 -9 -9 -9 -9 -9 -9 -9 -9 -9 -9 -9 -9 -9
16 22 12 70 52 72 27 0 50 92 100 88 75 95 66 38 97 64 82 52 62 64 77 64 58 40 30 20 40 74 18 46 75 48 75 74 12 2 8 0 14 14 0 0 5 24 0 8 48 70 28 4 61 66 48 70 95 12 0 0 0 0 0 73 78 84 78 10 43 11 30 2 8 0 46 84 44 40 13 0 -9 -9 -9 -9 -9 -9 -9 -9 -9 -9 -9 -9 -9 -9 -9 -9
35 12 84 34 46 90 8 0 3 26 71 100 98 92 100 80 80 97 74 90 91 89 95 60 59 94 8 15 4 26 18 15 2 14 9 6 2 31 24 0 61 43 22 4 0 0 0 0 2 14 50 52 64 96 99 100 100 78 10 6 0 0 0 22 94 46 59 58 22 54 51 18 50 46 22 30 4 30 3 0 0 10 -9 -9 -9 -9 -9 -9 -9 -9 -9 -9 -9 -9 -9 -9
53 5 40 97 72 20 3 0 0 20 52 100 99 34 97 75 39 99 75 80 44 80 27 35 28 69 62 18 0 0 8 25 0 27 34 38 63 62 38 32 6 3 14 32 15 0 0 0 0 0 2 44 4 34 93 100 97 93 50 23 0 0 0 0 34 74 48 6 66 37 54 12 22 28 8 6 0 42 41 48 62 28 5 32 -9 -9 -9 -9 -9 -9 -9 -9 -9 -9 -9 -9
70 74 46 46 28 8 30 6 46 0 9 48 79 53 90 45 68 100 70 68 71 98 31 8 22 62 96 64 60 59 39 44 44 84 83 43 50 74 55 100 94 74 38 56 4 3 0 0 0 0 24 0 0 6 68 51 28 29 78 54 0 0 0 0 0 24 82 18 8 47 64 18 11 34 46 34 12 32 53 36 30 4 37 6 24 15 -9 -9 -9 -9 -9 -9 -9 -9 -9 -9
81 38 99 13 26 75 2 2 20 0 0 3 15 40 68 79 97 100 56 94 36 36 40 20 0 2 24 92 86 52 80 31 10 64 76 64 46 44 23 99 64 97 90 53 14 46 0 0 0 2 24 4 0 0 6 28 31 26 92 94 15 0 0 0 0 0 2 2 6 48 66 75 18 72 50 12 26 18 45 6 18 34 48 8 30 56 9 -9 -9 -9 -9 -9 -9 -9 -9 -9
70 36 100 8 0 4 0 30 63 0 32 32 1 16 64 71 100 88 66 92 42 10 59 73 56 13 47 58 10 14 99 53 0 71 100 100 98 43 23 46 65 99 56 42 46 6 0 0 0 0 2 5 0 0 0 2 24 92 96 94 26 36 0 0 0 0 0 0 7 40 7 7 12 17 42 26 0 26 25 9 6 11 32 22 32 42 12 30 5 -9 -9 -9 -9 -9 -9 -9
58 70 74 0 0 16 42 67 46 67 82 100 82 99 97 80 80 43 60 94 87 49 31 52 44 32 6 37 6 65 85 6 2 40 75 99 58 48 84 4 23 64 55 36 2 0 4 35 38 37 18 5 20 0 0 0 0 8 46 90 89 58 0 0 0 0 0 0 0 0 8 1 26 61 29 0 40 72 56 16 44 81 44 22 46 58 4 38 10 26 -9 -9 -9 -9 -9 -9
82 58 6 35 0 37 28 68 99 100 100 100 100 100 43 23 37 10 76 64 80 85 25 18 79 24 31 24 59 94 68 10 2 4 46 64 18 36 8 6 56 10 4 11 69 38 57 51 73 54 40 64 50 4 0 11 5 14 50 45 66 82 6 0 0 0 0 0 0 0 0 2 29 4 0 0 0 0 42 56 56 39 60 74 100 48 0 57 52 30 64 -9 -9 -9 -9 -9
20 7 26 8 0 1 14 60 100 100 100 100 97 92 19 16 26 56 0 52 92 96 12 52 34 32 22 7 42 11 45 37 0 15 38 53 8 12 6 16 8 4 31 53 44 82 62 46 81 86 35 62 34 8 8 81 38 7 58 22 0 0 0 0 0 0 0 0 0 0 0 0 0 0 0 0 0 0 0 1 36 34 30 62 100 30 0 74 56 79 72 71 -9 -9 -9 -9
58 22 81 8 20 40 86 55 77 84 100 100 41 89 34 12 20 69 22 30 27 40 31 13 57 40 51 62 0 0 80 69 40 61 16 16 62 0 0 38 40 69 66 42 14 40 48 59 59 65 74 76 54 89 64 40 25 46 100 63 1 1 0 0 0 0 0 0 0 0 0 0 0 0 0 0 0 0 0 0 0 0 0 6 55 50 12 54 64 91 100 100 91 46 -9 -9
7 0 14 80 26 89 88 42 30 46 90 87 36 21 62 56 55 62 32 18 5 55 40 42 62 83 98 58 0 1 81 100 100 96 44 34 49 66 38 72 96 28 0 6 31 6 30 12 36 7 13 21 58 82 100 49 52 52 81 95 60 70 4 51 22 0 0 0 0 0 0 0 0 0 0 0 0 0 0 0 0 0 0 0 0 50 48 90 98 62 58 24 30 26 42 -9
40 7 55 22 88 53 62 18 0 56 66 62 52 29 22 36 38 46 30 45 21 4 28 25 28 39 51 30 23 18 88 70 85 56 90 61 20 37 12 22 38 39 40 26 19 22 2 55 23 10 15 0 10 44 99 94 82 86 22 59 20 57 40 34 24 24 3 0 0 0 0 0 0 0 0 0 0 0 0 0 0 0 0 0 0 20 84 100 83 20 11 32 26 2 2 1
68 31 27 53 69 62 34 26 20 6 60 40 100 76 53 5 40 72 100 12 52 6 29 10 36 10 1 37 28 18 4 13 0 5 4 64 67 89 88 94 5 9 18 49 3 15 30 50 23 32 7 0 0 38 49 38 20 66 53 62 50 32 65 22 11 63 6 5 4 0 0 0 0 0 0 0 0 0 0 0 0 0 0 0 0 10 68 46 27 12 10 76 20 32 26 16
16 24 42 90 66 8 4 6 2 62 34 38 54 64 24 48 92 93 92 28 7 41 44 68 81 24 8 61 81 25 14 12 2 0 0 0 24 59 29 34 37 36 16 56 52 24 71 57 8 12 9 0 12 3 50 4 2 0 20 26 36 9 22 22 18 1 22 0 68 9 0 0 0 0 0 0 0 0 0 0 0 0 0 0 0 0 36 12 2 18 2 0 8 4 6 3
20 39 70 50 36 21 38 62 46 55 4 10 36 18 27 46 48 98 100 74 20 67 28 41 71 17 47 38 25 38 44 68 25 42 0 25 14 9 4 13 27 59 16 31 6 12 58 41 30 54 6 18 41 29 40 18 19 0 24 2 32 53 24 72 42 24 58 9 1 0 36 12 0 0 0 0 0 0 0 0 0 0 0 0 0 0 1 64 54 16 15 56 38 8 21 3
84 80 32 50 27 64 36 70 62 20 13 1 20 69 6 24 51 94 100 37 50 25 54 65 20 52 58 52 12 8 40 21 1 18 16 4 16 26 16 69 78 21 24 69 46 33 26 3 12 22 0 33 16 9 29 26 17 5 21 0 2 34 29 40 24 0 74 66 71 54 11 29 40 1 0 0 0 0 0 0 0 0 0 0 0 0 0 2 17 2 22 38 16 8 30 36
24 5 0 40 9 10 18 12 40 36 63 39 67 50 0 6 32 74 69 58 72 40 54 28 72 46 3 22 27 32 18 20 0 9 18 28 40 54 32 50 20 46 52 10 10 4 30 36 5 0 12 58 20 57 51 48 68 80 31 23 64 14 9 0 0 0 31 29 78 100 63 6 19 5 14 0 0 0 0 0 0 0 0 0 0 0 0 0 0 0 0 0 36 16 71 30
34 18 60 94 19 20 6 54 58 55 61 32 24 17 32 0 6 25 17 48 35 18 1 1 41 15 26 9 40 71 0 0 0 2 4 28 26 26 31 0 0 16 60 25 60 77 37 56 56 34 35 36 4 0 60 32 24 14 11 70 19 6 0 24 14 0 27 10 30 25 0 87 91 59 100 40 0 0 0 0 0 0 0 0 0 0 0 0 0 0 0 0 20 0 0 25
0 28 52 98 50 35 40 55 52 75 78 16 39 43 48 11 41 66 18 4 44 56 6 46 54 5 56 61 12 23 10 0 10 44 24 17 12 52 68 31 30 38 44 99 100 99 47 37 3 11 32 22 40 1 60 72 23 26 28 1 0 7 16 15 20 0 22 7 8 32 4 74 61 36 78 19 0 0 0 0 0 0 0 0 0 0 0 0 0 0 0 0 0 0 0 0
35 61 10 32 35 72 53 5 57 53 7 63 60 36 92 82 30 0 20 17 65 84 64 58 84 14 0 41 20 14 23 54 37 18 25 0 30 82 100 100 82 30 18 54 60 54 62 43 10 0 28 34 26 40 54 28 10 8 8 0 0 26 6 74 29 1 7 42 57 84 43 14 2 16 32 31 0 0 0 0 0 0 0 0 0 0 0 0 0 0 0 0 0 0 0 0
62 64 29 21 47 48 46 2 92 60 16 28 75 24 39 93 62 11 23 10 59 2 14 50 17 22 21 10 6 12 40 30 32 6 40 22 16 65 100 87 46 27 37 30 19 0 14 1 24 0 0 11 21 1 12 2 59 60 56 0 13 0 16 4 5 58 24 25 46 68 41 8 2 0 10 65 0 0 0 0 0 0 0 0 0 0 0 0 0 0 0 0 0 0 0 0
50 91 74 66 100 78 15 14 14 27 80 73 60 63 15 99 100 74 27 51 71 41 11 20 48 26 28 55 94 48 24 7 0 30 17 59 29 34 88 69 69 53 36 27 43 56 26 31 8 14 24 0 0 23 2 0 8 22 46 29 66 11 25 0 15 67 0 16 9 1 25 8 26 5 27 3 6 2 0 0 0 0 0 0 0 0 0 0 0 0 0 0 0 0 0 0
46 68 65 92 59 91 52 7 51 83 58 86 38 56 62 48 44 87 94 41 44 36 22 0 0 3 83 68 35 1 38 20 18 38 7 39 20 3 34 25 79 34 12 56 88 80 25 1 26 26 21 16 54 0 76 52 14 0 5 50 71 24 14 6 16 30 18 52 70 0 10 12 0 0 26 6 5 36 10 2 0 0 0 0 0 0 0 0 0 0 0 0 0 0 0 0
58 95 74 24 35 40 24 0 56 27 68 76 86 19 64 82 54 18 83 34 28 76 76 5 54 66 72 4 8 17 44 39 15 18 10 55 2 24 25 58 41 78 5 22 7 3 15 0 7 37 16 30 15 5 28 25 34 19 17 24 43 84 59 1 43 26 6 16 1 0 0 19 2 0 0 0 0 8 91 57 0 0 0 0 0 0 0 0 0 0 0 0 0 0 0 0
98 66 98 52 58 17 44 15 58 0 20 90 68 3 59 69 28 76 28 60 46 31 60 36 93 95 73 65 84 22 55 27 73 42 58 57 66 66 42 34 16 50 5 0 5 33 59 44 26 48 51 68 47 33 34 4 28 0 61 38 18 19 43 25 19 36 0 0 0 0 0 0 0 3 14 0 16 61 65 19 12 0 0 0 0 0 0 0 0 0 0 0 0 0 0 0
99 96 100 77 50 15 23 12 26 36 40 14 60 42 42 71 41 70 76 76 40 88 66 94 98 99 99 100 75 30 28 38 32 42 47 14 68 12 38 54 23 12 41 47 12 35 50 14 44 45 34 34 30 46 32 5 26 24 38 28 4 20 60 11 50 44 18 40 27 20 38 7 18 16 6 27 44 20 1 36 10 34 0 0 0 0 0 0 16 17 0 0 0 0 0 0
28 53 71 70 13 38 18 2 52 18 27 24 62 58 40 40 48 46 50 52 75 36 34 76 36 63 80 81 15 57 82 58 30 37 76 68 68 26 54 79 44 2 24 51 28 32 22 0 39 36 7 10 49 10 32 33 0 7 3 0 0 5 16 11 86 51 25 6 20 1 34 10 2 0 0 16 41 27 10 17 39 50 8 0 0 0 0 2 41 35 10 0 0 0 0 1
13 18 36 0 35 33 0 25 86 17 0 28 20 82 60 29 22 27 44 54 14 61 63 91 83 72 100 88 52 100 98 33 33 44 67 76 28 21 56 65 2 37 0 8 12 37 83 29 17 49 21 0 26 19 33 25 33 30 55 4 5 19 38 30 59 55 27 0 0 0 2 43 52 17 0 0 18 36 30 5 31 53 72 4 32 46 50 62 5 4 30 0 1 0 6 12
46 34 58 43 24 86 7 43 42 36 46 2 2 52 54 31 90 56 66 34 19 47 95 78 67 100 100 74 87 77 87 50 17 8 30 19 38 48 22 32 40 63 16 31 0 32 75 14 30 92 50 32 30 24 58 58 8 22 18 3 31 46 28 26 28 0 4 22 52 48 23 27 24 40 2 20 14 58 50 1 19 51 80 75 78 29 18 80 31 50 82 59 35 50 88 78
87 84 94 66 43 61 21 12 26 82 40 35 0 40 67 34 48 36 64 46 2 23 41 80 84 100 100 97 73 30 32 52 64 44 33 57 60 74 82 94 70 26 40 41 58 49 63 25 28 99 100 76 69 35 49 13 0 22 26 87 24 28 10 38 12 0 3 22 44 65 99 84 46 7 37 87 75 23 23 64 38 17 36 34 51 65 64 64 22 66 92 94 46 78 56 32
25 54 64 83 51 48 60 49 15 36 4 42 1 0 32 62 49 21 32 36 29 15 64 69 68 90 100 94 71 29 59 69 51 66 56 80 82 45 30 43 46 56 7 36 4 40 50 50 29 56 79 50 39 40 28 40 40 35 29 19 1 31 36 16 42 16 18 31 18 0 37 38 66 40 38 84 99 23 62 78 52 62 81 54 50 32 48 40 63 24 22 61 67 76 78 44
62 14 25 56 24 19 54 51 87 59 36 50 0 0 46 76 5 42 46 67 40 48 43 42 56 87 91 57 69 80 79 56 21 85 47 87 57 91 24 95 58 55 80 27 4 34 76 30 64 46 62 25 0 8 36 34 36 55 40 26 40 29 44 13 4 53 34 36 39 3 49 53 64 51 87 76 100 66 54 40 42 43 50 31 32 13 76 46 31 63 60 36 64 53 82 66
9 11 0 7 33 0 31 47 36 83 67 30 21 3 93 93 50 42 93 88 42 48 22 54 82 14 38 53 57 80 58 52 34 64 78 85 58 66 15 62 71 46 48 40 1 14 31 38 50 50 23 33 36 16 36 62 68 69 40 68 6 27 16 1 1 18 6 32 39 54 68 16 72 50 89 92 94 88 28 54 39 20 36 41 64 42 38 50 60 42 52 44 30 48 37 44
67 75 39 12 75 22 62 44 0 0 3 4 44 44 75 95 100 48 26 63 64 44 79 66 54 12 22 80 55 24 59 73 76 62 46 78 54 60 68 75 27 61 56 79 52 26 46 88 86 34 56 41 4 0 7 78 78 26 36 16 8 15 39 3 17 29 14 43 35 36 74 58 86 98 50 67 44 14 42 40 56 44 43 64 33 52 35 28 74 28 11 65 95 44 43 22
60 67 79 90 64 63 96 29 41 54 32 82 90 70 82 45 57 77 38 68 54 37 91 82 67 26 44 53 48 33 17 84 16 21 76 80 93 59 87 63 41 25 34 36 72 50 52 15 16 42 16 14 73 33 26 30 62 7 0 34 59 29 3 6 54 83 70 56 28 49 18 65 85 93 71 74 34 43 45 47 58 60 41 23 12 18 40 36 47 54 34 48 53 64 93 36
16 88 95 65 76 84 67 100 86 100 78 34 58 12 28 84 68 73 70 38 91 88 54 84 28 26 47 46 38 31 56 42 0 83 48 43 62 50 83 79 57 55 52 78 63 6 46 36 6 71 21 78 24 54 89 69 41 37 13 77 93 42 42 11 22 54 29 32 7 36 65 96 49 73 78 55 59 53 84 50 66 92 18 10 34 44 46 64 67 56 72 96 99 62 93 35
20 32 42 22 60 82 96 100 100 46 78 75 55 95 100 56 77 74 40 69 9 90 58 34 38 76 30 24 25 97 47 30 43 37 36 38 78 62 78 74 67 52 58 91 84 44 23 46 19 28 33 46 20 36 56 34 38 56 50 35 49 27 41 22 62 28 31 70 44 46 38 61 55 49 29 44 58 29 18 10 36 42 17 38 84 33 75 78 68 46 88 47 36 14 14 54
99 50 51 26 45 38 16 51 100 86 92 87 68 100 69 82 36 80 49 1 20 62 44 68 52 22 38 39 28 66 48 77 52 28 46 62 61 80 80 67 65 60 50 48 82 54 37 5 14 20 47 22 38 30 44 34 66 45 70 64 12 4 30 55 33 48 42 61 66 28 36 40 31 46 65 96 41 27 38 39 47 36 62 78 51 34 17 40 38 65 14 0 0 0 0 58
78 75 66 52 93 62 82 77 11 8 49 78 90 99 86 56 25 83 75 26 28 46 91 46 51 33 6 38 47 55 44 26 71 18 45 68 68 62 52 57 54 72 77 88 96 26 17 44 19 19 42 36 10 50 69 39 16 39 28 78 6 7 18 37 61 44 56 68 18 22 22 25 24 55 15 46 1 21 39 38 48 68 60 69 87 33 51 92 38 0 0 0 0 0 0 4
92 94 54 98 94 100 91 78 58 64 9 22 81 91 66 68 97 30 0 22 97 51 30 18 34 49 63 47 26 7 8 2 76 75 48 20 73 86 62 80 96 95 60 68 41 28 18 27 6 13 28 8 21 48 24 42 47 20 58 70 46 42 31 40 44 20 35 58 50 34 50 4 26 32 23 51 36 46 58 45 60 73 35 57 66 20 31 42 55 0 0 0 10 0 0 16
44 94 56 46 35 80 77 90 95 41 6 0 28 98 86 86 100 95 70 46 12 9 34 23 74 31 28 57 23 33 62 50 22 26 5 45 59 76 37 66 97 80 64 57 43 5 31 40 4 21 29 15 16 24 51 38 41 48 38 55 52 63 66 56 46 5 21 40 73 58 8 42 26 26 31 23 26 26 42 25 52 22 21 22 47 39 42 0 0 0 0 1 68 3 37 95
30 80 32 6 40 68 85 100 84 65 52 0 40 96 100 100 80 86 69 58 2 7 69 28 18 59 88 54 47 52 100 67 26 58 67 76 45 56 83 54 41 65 72 96 88 89 53 34 45 48 10 46 46 40 40 21 41 60 42 30 44 65 72 42 30 38 43 36 41 10 0 11 5 5 28 26 12 34 16 4 15 30 66 97 100 98 26 0 0 0 0 0 26 56 38 48
24 3 39 52 92 57 56 77 84 90 58 32 20 52 92 81 64 42 60 54 39 0 8 59 74 84 12 4 0 0 27 32 38 60 70 53 40 73 82 82 70 80 64 70 100 81 51 76 68 42 31 5 29 44 22 24 51 38 44 60 89 68 42 44 29 23 19 15 32 12 22 60 64 43 50 36 18 16 12 4 45 82 82 86 70 59 31 0 0 0 8 10 67 59 95 88
44 40 52 6 5 48 38 75 65 64 41 84 33 0 57 100 88 66 10 24 34 43 5 0 72 92 84 51 1 12 3 0 7 7 22 67 62 51 48 86 65 62 56 68 70 100 60 60 92 55 14 21 6 28 8 34 62 46 17 57 97 69 20 25 18 7 24 35 12 28 30 47 39 8 1 3 7 29 55 15 18 12 7 60 83 98 46 22 0 0 3 62 40 100 50 84
16 63 48 53 16 66 32 52 62 44 50 66 70 0 24 100 100 85 69 43 64 16 59 3 4 30 48 28 70 52 17 0 19 40 64 52 23 13 26 50 46 66 72 98 82 91 73 85 61 40 42 16 40 44 40 37 46 54 36 65 78 32 28 18 40 25 48 60 34 34 16 12 3 32 16 22 40 63 82 35 9 5 46 46 59 100 99 79 52 32 74 33 46 52 52 92
24 43 40 56 16 31 13 67 70 44 60 37 83 19 0 89 73 100 100 58 61 89 47 13 0 22 1 32 24 18 26 66 76 86 24 40 28 17 53 28 29 34 57 98 100 76 95 64 36 60 57 40 53 62 47 58 41 41 24 25 24 3 0 9 34 51 36 19 39 20 40 53 10 46 58 30 19 22 60 18 15 23 29 13 63 83 59 55 76 47 37 5 43 7 32 78
39 25 92 39 8 27 22 60 54 70 77 89 73 60 0 58 94 93 30 26 21 62 24 34 5 4 27 1 15 36 38 92 66 8 24 53 18 36 59 18 24 42 92 82 100 100 68 81 50 70 40 16 54 49 76 84 47 51 64 10 31 33 36 3 30 17 58 24 44 68 58 46 56 52 32 61 46 57 55 46 42 4 12 25 71 42 79 64 54 44 12 29 17 33 13 13
34 59 33 57 35 10 54 35 38 60 83 100 62 88 0 21 87 50 40 40 74 70 41 19 25 25 62 20 20 50 53 65 24 0 23 94 66 2 42 30 12 5 68 90 92 98 72 88 60 55 42 42 61 85 66 24 20 12 44 54 20 34 5 35 58 68 50 27 30 39 33 70 58 47 44 55 66 69 49 15 18 20 20 32 44 22 81 74 29 19 45 60 0 4 13 14
