data/habitatmaps/RS_maps/habitat_Fringilla.coelebs_2011.asc
NCOLS 369 
NROWS 228 
XLLCORNER 479000 
YLLCORNER 73000 
CELLSIZE 1000 
NODATA_value -9 
[rows 0 to 60 of 228, columns 96 to 191 of 369]
-9 -9 -9 -9 -9 -9 -9 -9 -9 -9 -9 -9 -9 -9 -9 -9 -9 -9 -9 -9 -9 -9 -9 -9 -9 -9 -9 -9 -9 -9 -9 -9 -9 -9 -9 -9 -9 -9 -9 -9 -9 -9 -9 -9 -9 -9 -9 -9 -9 -9 -9 -9 -9 -9 -9 -9 -9 -9 -9 -9 -9 -9 -9 -9 -9 -9 -9 -9 -9 -9 -9 -9 -9 -9 -9 -9 -9 -9 -9 -9 -9 -9 -9 -9 -9 -9 -9 -9 -9 -9 -9 -9 -9 -9 46 72
-9 -9 -9 -9 -9 -9 -9 -9 -9 -9 -9 -9 -9 -9 -9 -9 -9 -9 -9 -9 -9 -9 -9 -9 -9 -9 -9 -9 -9 -9 -9 -9 -9 -9 -9 -9 -9 -9 -9 -9 -9 -9 -9 -9 -9 -9 -9 -9 -9 -9 -9 -9 -9 -9 -9 -9 -9 -9 -9 -9 -9 -9 -9 -9 -9 -9 -9 -9 -9 -9 -9 -9 -9 -9 -9 -9 -9 -9 -9 -9 -9 -9 -9 -9 -9 -9 -9 -9 -9 -9 -9 -9 -9 56 46 72
-9 -9 -9 -9 -9 -9 -9 -9 -9 -9 -9 -9 -9 -9 -9 -9 -9 -9 -9 -9 -9 -9 -9 -9 -9 -9 -9 -9 -9 -9 -9 -9 -9 -9 -9 -9 -9 -9 -9 -9 -9 -9 -9 -9 -9 -9 -9 -9 -9 -9 -9 -9 -9 -9 -9 -9 -9 -9 -9 -9 -9 -9 -9 -9 -9 -9 -9 -9 -9 -9 -9 -9 -9 -9 -9 -9 -9 -9 -9 -9 -9 -9 -9 -9 -9 -9 -9 -9 -9 -9 -9 -9 -9 26 78 100
-9 -9 -9 -9 -9 -9 -9 -9 -9 -9 -9 -9 -9 -9 -9 -9 -9 -9 -9 -9 -9 -9 -9 -9 -9 -9 -9 -9 -9 -9 -9 -9 -9 -9 -9 -9 -9 -9 -9 -9 -9 -9 -9 -9 -9 -9 -9 -9 -9 -9 -9 -9 -9 -9 -9 -9 -9 -9 -9 -9 -9 -9 -9 -9 -9 -9 -9 -9 -9 -9 -9 -9 -9 -9 -9 -9 -9 -9 -9 -9 -9 -9 -9 -9 -9 -9 -9 -9 -9 -9 -9 -9 10 14 46 48
-9 -9 -9 -9 -9 -9 -9 -9 -9 -9 -9 -9 -9 -9 -9 -9 -9 -9 -9 -9 -9 -9 -9 -9 -9 -9 -9 -9 -9 -9 -9 -9 -9 -9 -9 -9 -9 -9 -9 -9 -9 -9 -9 -9 -9 -9 -9 -9 -9 -9 -9 -9 -9 -9 -9 -9 -9 -9 -9 -9 -9 -9 -9 -9 -9 -9 -9 -9 -9 -9 -9 -9 -9 -9 -9 -9 -9 -9 -9 -9 -9 -9 -9 -9 -9 -9 -9 -9 -9 -9 -9 39 61 28 0 2
-9 -9 -9 -9 -9 -9 -9 -9 -9 -9 -9 -9 -9 -9 -9 -9 -9 -9 -9 -9 -9 -9 -9 -9 -9 -9 -9 -9 -9 -9 -9 -9 -9 -9 -9 -9 -9 -9 -9 -9 -9 -9 -9 -9 -9 -9 -9 -9 -9 -9 -9 -9 -9 -9 -9 -9 -9 -9 -9 -9 -9 -9 -9 -9 -9 -9 -9 -9 -9 -9 -9 -9 -9 -9 -9 -9 -9 -9 -9 -9 -9 -9 -9 -9 -9 -9 -9 -9 -9 -9 -9 82 26 8 61 37
-9 -9 -9 -9 -9 -9 -9 -9 -9 -9 -9 -9 -9 -9 -9 -9 -9 -9 -9 -9 -9 -9 -9 -9 -9 -9 -9 -9 -9 -9 -9 -9 -9 -9 -9 -9 -9 -9 -9 -9 -9 -9 -9 -9 -9 -9 -9 -9 -9 -9 -9 -9 -9 -9 -9 -9 -9 -9 -9 -9 -9 -9 -9 -9 -9 -9 -9 -9 -9 -9 -9 -9 -9 -9 -9 -9 -9 -9 -9 -9 -9 -9 -9 -9 -9 -9 -9 -9 -9 -9 76 97 26 11 11 9
-9 -9 -9 -9 -9 -9 -9 -9 -9 -9 -9 -9 -9 -9 -9 -9 -9 -9 -9 -9 -9 -9 -9 -9 -9 -9 -9 -9 -9 -9 -9 -9 -9 -9 -9 -9 -9 -9 -9 -9 -9 -9 -9 -9 -9 -9 -9 -9 -9 -9 -9 -9 -9 -9 -9 -9 -9 -9 -9 -9 -9 -9 -9 -9 -9 -9 -9 -9 -9 -9 -9 -9 -9 -9 -9 -9 -9 -9 -9 -9 -9 -9 -9 -9 -9 -9 -9 -9 -9 76 92 100 49 25 62 42
-9 -9 -9 -9 -9 -9 -9 -9 -9 -9 -9 -9 -9 -9 -9 -9 -9 -9 -9 -9 -9 -9 -9 -9 -9 -9 -9 -9 -9 -9 -9 -9 -9 -9 -9 -9 -9 -9 -9 -9 -9 -9 -9 -9 -9 -9 -9 -9 -9 -9 -9 -9 -9 -9 -9 -9 -9 -9 -9 -9 -9 -9 -9 -9 -9 -9 -9 -9 -9 -9 -9 -9 -9 -9 -9 -9 -9 -9 -9 -9 -9 -9 -9 -9 -9 -9 -9 -9 100 100 100 100 42 15 74 22
-9 -9 -9 -9 -9 -9 -9 -9 -9 -9 -9 -9 -9 -9 -9 -9 -9 -9 -9 -9 -9 -9 -9 -9 -9 -9 -9 -9 -9 -9 -9 -9 -9 -9 -9 -9 -9 -9 -9 -9 -9 -9 -9 -9 -9 -9 -9 -9 -9 -9 -9 -9 -9 -9 -9 -9 -9 -9 -9 -9 -9 -9 -9 -9 -9 -9 -9 -9 -9 -9 -9 -9 -9 -9 -9 -9 -9 -9 -9 -9 -9 -9 -9 -9 -9 -9 -9 -9 86 100 100 100 84 0 0 7
-9 -9 -9 -9 -9 -9 -9 -9 -9 -9 -9 -9 -9 -9 -9 -9 -9 -9 -9 -9 -9 -9 -9 -9 -9 -9 -9 -9 -9 -9 -9 -9 -9 -9 -9 -9 -9 -9 -9 -9 -9 -9 -9 -9 -9 -9 -9 -9 -9 -9 -9 -9 -9 -9 -9 -9 -9 -9 -9 -9 -9 -9 -9 -9 -9 -9 -9 -9 -9 -9 -9 -9 -9 -9 -9 -9 -9 -9 -9 -9 -9 -9 -9 -9 -9 -9 -9 51 74 91 96 100 100 9 0 2
-9 -9 -9 -9 -9 -9 -9 -9 -9 -9 -9 -9 -9 -9 -9 -9 -9 -9 -9 -9 -9 -9 -9 -9 -9 -9 -9 -9 -9 -9 -9 -9 -9 -9 -9 -9 -9 -9 -9 -9 -9 -9 -9 -9 -9 -9 -9 -9 -9 -9 -9 -9 -9 -9 -9 -9 -9 -9 -9 -9 -9 -9 -9 -9 -9 -9 -9 -9 -9 -9 -9 -9 -9 -9 -9 -9 -9 -9 -9 -9 -9 -9 -9 -9 -9 -9 25 40 76 45 5 29 91 20 15 1
-9 -9 -9 -9 -9 -9 -9 -9 -9 -9 -9 -9 -9 -9 -9 -9 -9 -9 -9 -9 -9 -9 -9 -9 -9 -9 -9 -9 -9 -9 -9 -9 -9 -9 -9 -9 -9 -9 -9 -9 -9 -9 -9 -9 -9 -9 -9 -9 -9 -9 -9 -9 -9 -9 -9 -9 -9 -9 -9 -9 -9 -9 -9 -9 -9 -9 -9 -9 -9 -9 -9 -9 -9 -9 -9 -9 -9 -9 -9 -9 -9 -9 -9 -9 -9 -9 26 77 62 60 50 46 100 26 13 4
-9 -9 -9 -9 -9 -9 -9 -9 -9 -9 -9 -9 -9 -9 -9 -9 -9 -9 -9 -9 -9 -9 -9 -9 -9 -9 -9 -9 -9 -9 -9 -9 -9 -9 -9 -9 -9 -9 -9 -9 -9 -9 -9 -9 -9 -9 -9 -9 -9 -9 -9 -9 -9 -9 -9 -9 -9 -9 -9 -9 -9 -9 -9 -9 -9 -9 -9 -9 -9 -9 -9 -9 -9 -9 -9 -9 -9 -9 -9 -9 -9 -9 -9 -9 -9 -9 50 97 75 96 74 88 78 87 92 28
-9 -9 -9 -9 -9 -9 -9 -9 -9 -9 -9 -9 -9 -9 -9 -9 -9 -9 -9 -9 -9 -9 -9 -9 -9 -9 -9 -9 -9 -9 -9 -9 -9 -9 -9 -9 -9 -9 -9 -9 -9 -9 -9 -9 -9 -9 -9 -9 -9 -9 -9 -9 -9 -9 -9 -9 -9 -9 -9 -9 -9 -9 -9 -9 -9 -9 -9 -9 -9 -9 -9 -9 -9 -9 -9 -9 -9 -9 -9 -9 69 74 97 60 36 76 68 58 45 34 70 7 74 58 56 47
-9 -9 -9 -9 -9 -9 -9 -9 -9 -9 -9 -9 -9 -9 -9 -9 -9 -9 -9 -9 -9 -9 -9 -9 -9 -9 -9 -9 -9 -9 -9 -9 -9 -9 -9 -9 -9 -9 -9 -9 -9 -9 -9 -9 -9 -9 -9 -9 -9 -9 -9 -9 -9 -9 -9 -9 -9 -9 -9 -9 -9 -9 -9 -9 -9 -9 -9 -9 -9 -9 -9 -9 -9 -9 -9 -9 70 91 9 22 23 24 62 93 12 91 77 13 20 1 50 5 37 8 22 78
-9 -9 -9 -9 -9 -9 -9 -9 -9 -9 -9 -9 -9 -9 -9 -9 -9 -9 -9 -9 -9 -9 -9 -9 -9 -9 -9 -9 -9 -9 -9 -9 -9 -9 -9 -9 -9 -9 -9 -9 -9 -9 100 100 100 100 -9 -9 -9 -9 -9 -9 -9 -9 -9 -9 -9 -9 -9 -9 -9 -9 -9 -9 -9 -9 -9 -9 -9 -9 -9 -9 -9 -9 -9 96 67 65 29 69 55 86 90 100 38 58 72 49 5 10 9 1 53 6 25 33
-9 -9 -9 -9 -9 -9 -9 -9 -9 -9 -9 -9 -9 -9 -9 -9 -9 -9 -9 -9 -9 -9 -9 -9 -9 -9 -9 -9 -9 -9 -9 -9 -9 -9 -9 0 0 18 22 75 50 99 100 100 100 68 85 94 93 56 -9 -9 -9 -9 -9 -9 -9 -9 -9 -9 -9 -9 -9 -9 -9 -9 -9 -9 -9 -9 -9 -9 -9 40 36 77 76 27 46 68 72 86 98 73 74 24 7 73 37 61 44 4 48 21 28 34
-9 -9 -9 -9 -9 -9 -9 -9 -9 -9 -9 -9 -9 -9 -9 -9 -9 -9 -9 -9 -9 -9 -9 -9 -9 -9 -9 -9 -9 -9 -9 26 6 0 8 10 0 0 22 83 79 99 98 100 100 100 44 9 85 79 85 -9 100 97 100 100 100 93 82 43 47 21 -9 -9 -9 -9 -9 -9 -9 -9 -9 -9 99 23 19 54 85 19 51 78 100 87 68 39 100 71 51 75 27 9 11 43 9 41 32 22
-9 -9 -9 -9 -9 -9 -9 -9 -9 -9 -9 -9 -9 -9 -9 -9 -9 -9 -9 -9 -9 -9 -9 -9 -9 -9 -9 -9 -9 -9 42 26 19 12 25 74 9 0 38 37 47 63 96 93 99 100 95 35 23 8 38 4 60 94 92 78 59 80 82 99 43 2 23 92 100 100 -9 -9 -9 -9 97 72 100 68 20 67 92 68 36 66 79 22 0 9 52 83 70 22 9 6 22 49 2 39 55 34
-9 -9 -9 -9 -9 -9 -9 -9 -9 -9 -9 -9 -9 -9 -9 -9 -9 -9 -9 -9 -9 -9 -9 -9 -9 -9 -9 -9 96 34 39 51 14 39 1 50 0 0 69 21 12 6 85 89 100 96 90 79 68 53 91 46 58 96 39 31 24 50 73 100 77 65 87 100 97 66 31 -9 -9 38 50 28 24 82 32 95 100 55 39 16 14 29 19 62 8 49 14 2 5 16 31 47 36 48 41 41
-9 -9 -9 -9 -9 -9 -9 -9 -9 -9 -9 -9 -9 -9 -9 -9 -9 -9 -9 -9 -9 -9 -9 -9 -9 -9 -9 67 84 6 58 73 2 46 20 21 4 9 56 15 28 87 95 90 93 90 69 99 92 100 100 64 97 97 45 74 62 44 97 100 67 100 100 100 94 32 23 37 38 60 26 37 3 59 82 99 88 20 8 0 1 18 20 44 6 61 46 73 82 96 29 44 22 23 57 41
-9 -9 -9 -9 -9 -9 -9 -9 -9 -9 -9 -9 -9 -9 -9 -9 -9 -9 -9 -9 -9 -9 -9 -9 -9 50 20 53 96 75 53 66 39 37 27 0 26 21 15 18 36 100 94 52 87 73 7 79 100 100 100 75 98 94 62 35 20 17 48 98 100 100 62 79 84 67 27 42 19 33 90 83 57 80 93 20 28 16 6 0 18 22 5 2 45 34 83 100 98 48 26 56 27 24 46 25
-9 -9 -9 -9 -9 -9 -9 -9 -9 -9 -9 -9 -9 -9 -9 -9 -9 -9 -9 -9 -9 -9 -9 -9 36 48 18 86 96 83 27 59 40 40 35 0 23 0 23 0 47 97 52 51 35 50 38 87 63 73 53 8 45 58 45 5 61 12 21 57 96 99 99 42 76 11 28 65 68 80 95 42 62 89 92 43 46 1 23 14 24 66 50 4 55 88 100 77 31 13 31 56 66 26 0 27
-9 -9 -9 -9 -9 -9 -9 -9 -9 -9 -9 -9 -9 -9 -9 -9 -9 -9 -9 -9 -9 -9 -9 0 0 1 23 18 33 91 6 56 70 45 15 1 4 0 0 28 56 80 53 89 58 53 36 73 49 56 72 39 42 6 24 1 34 61 54 48 95 98 77 41 54 29 12 47 34 100 78 45 55 72 53 18 24 19 27 29 37 75 94 76 61 40 39 71 86 82 70 99 28 40 43 48
-9 -9 -9 -9 -9 -9 -9 -9 -9 -9 -9 -9 -9 -9 -9 -9 -9 -9 -9 -9 -9 -9 39 27 4 0 4 8 84 14 17 35 46 56 10 6 18 22 18 43 16 56 37 53 64 14 56 24 13 10 12 55 55 20 8 66 77 37 49 12 93 100 77 16 33 2 0 70 89 73 37 75 74 65 96 48 0 12 9 28 68 62 50 91 94 80 28 35 86 89 84 31 53 49 93 91
-9 -9 -9 -9 -9 -9 -9 -9 -9 -9 -9 -9 -9 -9 -9 -9 -9 -9 -9 -9 -9 27 58 2 22 24 23 33 59 8 12 61 31 2 0 32 68 19 4 22 0 42 53 86 54 80 100 79 47 5 16 79 59 1 44 74 47 16 32 21 82 83 100 14 63 73 24 30 49 35 70 45 50 41 67 12 12 21 21 65 61 55 48 39 77 73 6 50 39 72 58 52 41 3 37 27
32 23 72 63 -9 -9 -9 -9 -9 -9 -9 -9 -9 -9 -9 -9 -9 -9 -9 -9 8 25 21 17 9 6 14 64 60 25 3 16 71 5 5 23 48 33 67 18 22 28 66 55 78 97 100 63 16 32 0 32 74 79 65 57 6 56 62 2 40 87 100 26 40 90 58 48 25 75 63 97 66 84 86 54 16 44 90 83 56 1 32 45 24 58 52 37 3 37 28 59 45 4 28 15
25 26 45 100 100 100 100 11 17 -9 -9 -9 -9 -9 -9 -9 -9 -9 -9 -9 24 4 5 24 39 31 71 17 0 76 49 0 35 15 61 56 2 31 60 20 50 46 74 74 100 68 100 96 47 20 3 30 23 71 96 76 90 52 26 23 28 37 98 41 5 23 42 81 74 92 52 44 65 62 88 35 57 71 30 4 3 0 32 53 34 26 40 54 37 1 14 68 48 16 78 68
0 36 42 42 60 100 100 69 18 38 74 56 51 -9 -9 -9 -9 -9 -9 7 14 17 12 8 36 8 3 23 4 33 47 0 0 12 43 55 18 22 44 35 13 68 40 64 65 45 74 67 79 24 57 19 45 75 86 84 71 88 71 96 61 97 100 43 44 74 21 43 83 78 27 54 13 32 48 27 45 80 18 18 67 14 20 74 29 32 17 90 74 37 17 31 67 64 24 58
4 29 30 6 59 100 100 76 46 14 9 71 38 37 -9 -9 -9 -9 52 39 13 29 0 6 31 34 22 17 0 15 8 0 0 9 59 56 52 42 64 75 44 94 61 70 56 32 74 69 56 81 94 63 42 31 57 3 16 69 46 31 66 57 98 73 41 38 47 75 12 2 17 39 40 43 50 38 50 68 96 100 63 84 35 45 23 25 80 88 97 96 61 0 50 91 82 56
12 35 30 28 57 100 100 97 61 28 13 58 32 14 8 0 3 0 6 51 15 25 66 30 37 5 11 31 62 50 18 56 26 66 70 36 28 14 39 33 48 97 88 64 57 23 100 97 81 85 52 26 13 33 60 91 45 76 90 96 54 61 98 96 78 72 28 53 54 32 80 53 69 44 37 56 86 56 60 26 69 75 35 26 43 22 57 92 88 98 62 19 7 77 94 31
63 26 35 40 17 74 72 88 88 28 54 33 24 33 40 55 25 0 0 0 6 13 34 12 10 28 31 31 19 21 45 46 13 25 82 22 34 24 81 47 95 100 68 98 79 56 100 85 24 0 60 80 33 63 11 63 0 0 0 9 55 53 100 100 99 94 51 39 82 78 24 79 55 9 8 95 77 50 27 5 43 60 44 30 68 32 66 62 45 65 72 78 54 23 41 16
79 33 5 25 10 31 31 31 99 32 24 0 0 39 22 42 29 34 26 15 4 0 12 37 18 64 20 3 6 25 58 86 62 37 73 54 9 50 77 19 59 88 90 99 97 99 87 73 1 30 64 33 83 100 53 84 20 0 0 56 53 34 97 82 74 41 51 70 75 50 10 33 85 75 80 69 66 0 3 7 29 64 29 82 42 75 35 11 29 68 24 38 60 82 19 27
72 74 38 19 34 7 7 29 95 86 76 23 0 20 38 72 49 67 52 19 34 16 39 11 20 32 26 9 46 47 16 53 88 99 89 75 27 83 85 71 27 18 6 48 86 41 1 20 2 31 55 99 85 47 0 18 34 12 26 16 27 1 51 45 3 0 50 78 77 58 32 38 48 100 73 33 34 25 22 22 21 0 34 54 62 85 21 5 0 58 75 50 39 27 66 30
6 40 70 13 14 29 0 1 28 55 100 44 14 38 25 75 30 56 46 1 0 30 19 0 0 0 38 37 0 48 62 31 22 75 100 97 60 63 57 90 94 45 0 2 1 30 79 4 22 66 78 100 80 94 70 49 58 85 79 93 76 63 78 86 41 2 8 78 100 64 40 44 44 51 39 21 12 21 33 44 61 62 78 61 51 75 24 1 12 71 68 5 79 100 97 37
55 77 95 39 59 79 37 0 44 24 62 25 27 54 35 75 37 48 55 83 77 62 53 23 72 81 68 1 21 39 23 48 70 58 90 70 95 51 4 74 53 58 0 0 10 41 24 7 83 93 89 97 74 58 19 54 66 79 50 39 60 65 67 32 74 44 61 48 42 84 17 19 78 25 20 36 80 65 84 100 100 65 86 42 48 51 89 36 15 42 29 16 30 79 78 45
20 9 76 84 73 23 65 31 7 69 58 17 2 46 21 63 90 39 30 33 56 100 99 86 61 62 4 37 26 26 27 38 26 14 98 87 83 48 87 87 100 49 44 59 84 39 3 22 79 62 3 5 2 40 38 42 36 82 60 34 27 19 55 35 17 28 60 23 16 22 33 18 77 74 93 92 94 41 70 92 80 76 92 59 13 63 100 98 98 81 17 38 43 12 31 48
8 1 69 62 26 18 69 30 60 13 18 0 29 0 2 17 73 20 16 5 0 56 37 66 67 95 57 62 80 83 18 83 32 92 100 52 21 100 84 78 68 24 75 33 76 44 29 58 4 41 4 25 22 35 46 57 50 1 30 69 34 39 4 16 36 47 68 59 35 0 63 73 47 54 7 68 66 57 36 57 48 27 2 9 7 54 91 58 95 100 98 22 4 45 35 48
75 65 76 4 24 7 40 34 40 6 8 13 68 87 51 42 93 46 25 8 28 31 12 62 100 96 61 31 34 16 38 97 50 35 98 41 80 90 65 51 62 100 97 71 30 73 77 81 68 16 70 89 85 66 39 8 34 25 10 62 50 53 7 10 35 4 8 17 65 52 35 63 40 19 20 43 82 90 61 43 58 30 35 73 79 9 70 61 68 98 96 30 9 61 18 58
97 79 69 64 70 96 99 59 34 0 8 74 66 73 100 80 87 89 90 91 41 30 0 15 87 50 0 14 57 2 0 1 2 92 94 98 100 76 99 100 100 59 96 73 54 30 47 95 100 57 76 44 38 19 31 54 42 24 33 36 6 22 30 71 100 40 3 78 42 54 52 1 38 17 25 12 68 39 27 34 72 56 100 98 40 66 98 60 39 56 74 28 44 34 6 8
37 0 10 69 64 100 92 51 0 7 47 100 58 14 47 62 58 72 80 91 8 21 2 68 31 2 12 52 61 71 49 33 6 22 6 49 76 80 100 100 96 55 97 74 87 75 100 100 78 96 82 96 82 45 43 19 63 52 8 6 31 33 67 91 54 33 18 45 74 39 52 40 29 10 36 79 27 50 50 17 64 93 97 62 78 100 98 50 69 100 67 69 40 28 56 42
21 9 20 40 79 100 100 64 6 54 99 67 30 26 18 48 53 20 4 48 25 25 32 42 12 7 94 80 16 66 96 53 78 41 0 2 23 58 100 74 64 52 43 51 54 78 100 76 77 94 85 59 15 51 95 29 20 9 22 67 28 100 100 61 40 64 47 75 43 46 43 39 35 36 57 65 16 59 79 55 28 76 49 94 69 54 77 38 97 90 69 86 84 91 100 99
16 0 0 39 75 98 12 42 19 68 68 67 30 73 59 89 99 87 46 11 21 5 7 16 10 60 36 5 11 22 57 36 93 56 59 22 78 63 75 100 90 38 71 52 38 58 62 37 72 21 55 27 70 62 54 65 48 68 57 10 66 54 68 79 49 55 49 36 33 40 35 31 80 55 62 59 80 88 57 61 86 65 61 40 59 46 36 11 63 99 100 96 79 40 80 87
0 0 0 36 52 53 30 12 84 25 0 24 45 100 74 95 99 97 96 94 67 9 34 67 57 58 64 88 99 82 79 90 100 84 33 26 84 75 81 80 35 81 72 48 73 37 19 61 76 87 92 84 100 79 32 65 61 30 53 61 54 57 38 93 77 39 28 11 4 46 52 41 47 57 69 81 88 46 19 41 28 13 33 64 86 58 58 16 94 92 100 82 69 42 73 9
0 0 26 78 92 65 27 64 44 55 49 63 100 67 100 90 52 66 58 94 100 98 94 88 84 100 100 92 81 89 51 60 48 43 82 67 64 63 78 43 74 72 45 60 54 77 61 92 54 50 92 36 77 48 38 93 68 79 93 94 33 65 49 17 25 74 15 24 43 85 68 39 85 91 25 35 52 63 24 47 60 21 15 1 0 37 44 27 85 72 100 95 38 30 79 4
46 32 67 37 70 74 18 79 37 86 40 55 62 97 82 71 58 59 24 41 36 83 96 96 78 93 85 74 66 90 88 59 71 43 39 90 69 26 68 20 56 72 28 38 32 80 50 28 69 70 88 50 70 63 75 69 99 89 77 83 21 12 15 4 25 82 93 33 40 40 51 21 48 36 63 30 44 57 38 54 98 85 83 4 0 37 52 60 35 64 100 100 31 56 89 40
5 4 46 1 31 81 98 100 87 60 25 27 47 67 62 34 42 12 70 78 98 96 93 69 81 67 20 77 14 61 76 73 38 60 85 91 81 81 86 50 33 56 50 78 42 51 57 51 50 67 61 47 37 77 23 78 85 39 36 55 3 0 19 70 79 66 57 51 39 73 50 75 63 50 61 44 58 61 60 44 72 100 62 19 76 71 82 38 24 67 68 71 80 77 30 30
35 77 10 0 32 21 24 43 89 76 31 89 97 36 38 67 24 33 68 61 70 52 50 64 52 55 67 78 51 80 29 22 30 14 76 84 77 56 74 54 16 44 84 83 71 60 80 44 17 68 19 46 47 62 12 86 24 69 9 26 16 61 82 48 60 75 81 68 90 77 71 48 58 64 76 69 69 41 32 44 70 67 90 63 5 31 40 79 74 47 91 35 77 96 55 2
15 14 0 0 37 0 14 35 77 46 94 65 33 27 55 46 50 46 72 76 89 60 29 45 37 32 88 88 48 63 9 0 51 21 94 74 87 53 45 68 89 46 4 35 73 30 31 11 27 37 26 10 29 29 28 38 12 21 1 20 39 96 47 48 76 69 50 74 56 10 56 43 44 31 67 61 58 74 35 69 63 32 51 62 73 43 50 67 8 66 63 38 78 51 93 34
51 57 1 55 53 35 48 47 99 92 100 51 2 18 50 57 65 85 81 48 72 88 68 39 56 59 96 97 75 6 16 0 72 72 45 84 59 45 73 75 41 61 19 62 56 6 50 28 50 10 28 4 41 76 55 36 74 74 65 39 75 64 81 49 64 78 41 64 46 99 88 52 55 90 100 78 94 75 97 50 80 81 82 83 83 70 83 66 23 25 54 39 12 62 99 73
22 18 11 59 79 55 40 67 52 41 1 4 47 16 64 62 70 82 99 69 57 51 74 37 70 75 47 76 98 45 42 0 60 38 59 74 82 62 71 40 24 58 26 77 42 32 60 73 82 69 44 38 61 54 32 40 51 64 58 27 55 98 80 48 59 39 47 86 84 100 79 53 88 98 85 79 44 39 90 61 65 59 35 13 41 37 50 68 42 12 60 20 18 57 79 58
35 43 68 50 41 62 70 90 43 32 17 15 18 26 68 87 98 52 43 49 35 65 53 73 72 94 73 80 96 67 73 32 73 47 77 68 52 34 54 16 39 16 52 72 69 83 57 67 50 63 91 57 24 100 63 62 88 14 16 43 97 67 68 27 51 47 71 54 35 55 59 100 100 32 17 60 54 29 16 89 89 30 69 40 33 67 40 33 66 17 66 57 33 30 65 52
80 70 72 74 79 65 53 28 43 73 40 11 14 92 88 82 67 49 80 60 91 100 74 52 54 67 21 16 9 48 47 68 68 53 39 36 49 78 65 71 62 36 60 50 68 72 91 52 73 64 52 49 33 61 45 47 13 41 68 70 64 35 70 38 23 73 62 55 60 96 100 82 93 21 66 54 67 83 33 65 54 83 54 26 69 35 83 45 60 65 26 20 50 24 15 27
72 49 73 63 73 50 41 52 52 48 78 37 69 87 35 17 49 100 49 10 18 32 31 90 94 100 95 80 72 93 85 33 78 94 74 70 44 84 65 68 73 75 29 37 23 25 30 62 78 57 60 43 53 42 36 36 72 42 84 76 79 41 9 36 71 78 94 99 43 99 99 5 43 71 83 68 100 46 61 88 93 74 73 51 51 0 52 43 39 52 43 49 41 51 61 64
59 52 42 77 71 89 69 50 68 9 56 79 39 23 70 35 0 20 57 12 63 52 8 21 21 31 33 8 13 32 41 61 95 84 71 34 48 60 63 53 53 40 35 64 59 85 46 50 49 48 55 45 48 80 44 52 67 59 88 100 83 18 64 78 58 21 6 60 100 100 100 86 52 99 73 87 43 100 63 21 60 70 71 93 62 6 5 15 53 54 69 77 37 52 54 73
64 44 65 53 35 48 41 53 16 38 74 72 68 16 17 31 23 3 30 10 3 3 15 52 20 23 29 3 6 0 17 75 36 72 68 56 92 66 31 34 60 51 6 15 23 46 35 83 37 36 59 34 97 67 75 98 100 94 76 86 42 92 94 72 64 28 67 61 100 97 52 24 52 88 91 76 14 63 83 73 35 51 30 85 99 81 89 51 99 80 84 94 55 95 92 39
22 8 48 55 63 72 47 17 32 71 69 26 47 20 3 21 52 0 53 48 65 3 31 52 12 32 39 20 18 16 45 60 45 66 47 77 66 51 73 64 40 16 62 64 63 80 45 30 87 53 18 29 79 100 100 73 85 80 70 28 66 98 90 57 39 37 50 56 100 69 10 71 47 65 74 60 15 47 86 39 16 21 22 74 100 100 65 31 56 29 39 93 95 74 68 38
31 14 79 87 62 44 38 55 16 12 95 34 6 32 44 25 5 10 20 19 62 60 90 68 66 86 54 65 70 61 59 100 100 69 48 46 31 42 54 52 42 69 45 34 32 64 68 46 50 46 34 88 100 85 74 96 40 29 31 64 74 100 69 67 77 55 52 43 100 93 21 16 78 100 59 68 79 56 56 7 30 39 31 45 35 81 2 33 34 8 60 19 75 47 22 41
69 95 74 53 34 38 24 14 10 10 24 25 25 77 70 83 46 75 62 78 83 93 52 34 8 60 38 30 56 84 89 77 72 67 58 46 42 24 26 52 60 78 76 50 98 79 64 89 81 39 58 89 91 8 4 42 85 84 100 68 98 84 59 53 61 53 37 78 58 77 12 54 59 79 44 47 57 37 58 65 19 30 21 70 3 41 3 7 49 30 7 0 86 45 30 31
41 68 10 26 78 94 76 98 97 84 97 99 78 59 41 54 91 100 100 93 96 85 90 44 57 55 77 87 74 58 97 39 57 69 42 43 69 69 63 80 18 53 33 61 100 66 52 88 91 98 44 2 23 3 45 38 42 82 81 66 88 99 61 33 35 51 76 61 77 53 85 68 70 91 47 48 93 19 75 63 31 46 12 8 33 0 78 25 35 41 0 0 42 56 13 32
