data/habitatmaps/RS_maps/habitat_Regulus.regulus_2008.asc
NCOLS 369 
NROWS 228 
XLLCORNER 479000 
YLLCORNER 73000 
CELLSIZE 1000 
NODATA_value -9 
[rows 0 to 62 of 228, columns 192 to 287 of 369]
97 98 72 79 85 84 97 35 38 46 11 36 20 7 12 46 21 39 7 80 37 35 7 9 0 16 2 21 0 0 2 57 54 45 -9 -9 -9 -9 -9 -9 -9 -9 -9 -9 -9 -9 -9 -9 -9 -9 -9 -9 -9 -9 -9 -9 -9 -9 -9 -9 -9 -9 -9 -9 -9 -9 -9 -9 -9 -9 -9 -9 -9 -9 -9 -9 -9 -9 -9 -9 -9 -9 -9 -9 -9 -9 -9 -9 -9 -9 -9 -9 -9 -9 -9 -9
97 98 72 12 22 40 70 16 11 29 14 1 0 7 37 38 0 0 48 89 56 27 8 0 0 0 0 26 0 0 6 75 13 58 1 1 7 -9 -9 -9 -9 -9 -9 -9 -9 -9 -9 -9 -9 -9 -9 -9 -9 -9 -9 -9 -9 -9 -9 -9 -9 -9 -9 -9 -9 -9 -9 -9 -9 -9 -9 -9 -9 -9 -9 -9 -9 -9 -9 -9 -9 -9 -9 -9 -9 -9 -9 -9 -9 -9 -9 -9 -9 -9 -9 -9
97 84 3 2 0 0 5 27 24 57 25 27 27 92 87 29 14 0 73 45 4 15 20 0 16 11 3 49 0 0 13 15 7 50 45 4 0 2 -9 -9 -9 -9 -9 -9 -9 -9 -9 -9 -9 -9 -9 -9 -9 -9 -9 -9 -9 -9 -9 -9 -9 -9 -9 -9 -9 -9 -9 -9 -9 -9 -9 -9 -9 -9 -9 -9 -9 -9 -9 -9 -9 -9 -9 -9 -9 -9 -9 -9 -9 -9 -9 -9 -9 -9 -9 -9
50 21 6 27 8 32 12 43 26 56 18 0 11 81 62 65 43 11 51 3 0 0 2 30 11 64 15 1 0 0 0 0 0 2 33 22 0 0 17 0 -9 -9 -9 -9 -9 -9 -9 -9 -9 -9 -9 -9 -9 -9 -9 -9 -9 -9 -9 -9 -9 -9 -9 -9 -9 -9 -9 -9 -9 -9 -9 -9 -9 -9 -9 -9 -9 -9 -9 -9 -9 -9 -9 -9 -9 -9 -9 -9 -9 -9 -9 -9 -9 -9 -9 -9
0 0 0 7 27 13 89 39 3 50 0 0 14 58 23 14 18 14 11 14 9 0 10 62 1 18 49 58 1 0 0 0 0 0 0 17 1 0 4 0 35 -9 -9 -9 -9 -9 -9 -9 -9 -9 -9 -9 -9 -9 -9 -9 -9 -9 -9 -9 -9 -9 -9 -9 -9 -9 -9 -9 -9 -9 -9 -9 -9 -9 -9 -9 -9 -9 -9 -9 -9 -9 -9 -9 -9 -9 -9 -9 -9 -9 -9 -9 -9 -9 -9 -9
6 0 0 24 4 7 34 35 45 21 0 13 84 81 40 2 7 7 11 43 35 44 32 33 28 13 30 12 0 0 0 0 24 0 0 20 0 30 23 15 0 27 -9 -9 -9 -9 -9 -9 -9 -9 -9 -9 -9 -9 -9 -9 -9 -9 -9 -9 -9 -9 -9 -9 -9 -9 -9 -9 -9 -9 -9 -9 -9 -9 -9 -9 -9 -9 -9 -9 -9 -9 -9 -9 -9 -9 -9 -9 -9 -9 -9 -9 -9 -9 -9 -9
44 13 0 40 59 42 33 37 26 9 20 0 59 55 44 35 13 0 0 6 66 35 18 3 16 8 38 49 3 0 0 0 21 0 0 17 0 13 61 24 0 37 15 -9 25 78 77 61 51 39 0 0 0 0 5 -9 -9 -9 -9 -9 -9 -9 -9 -9 -9 -9 -9 -9 -9 -9 -9 -9 -9 -9 -9 -9 -9 -9 -9 -9 -9 -9 -9 -9 -9 -9 -9 -9 -9 -9 -9 -9 -9 -9 -9 -9
38 23 13 56 55 51 0 21 35 50 48 4 24 31 63 93 55 42 2 0 29 43 1 0 0 5 70 67 31 0 1 28 0 0 0 0 25 29 51 8 3 33 38 18 30 58 47 29 70 74 34 1 0 0 0 13 0 0 0 -9 -9 -9 -9 -9 -9 -9 -9 -9 -9 -9 -9 -9 -9 -9 -9 -9 -9 -9 -9 -9 -9 -9 -9 -9 -9 -9 -9 -9 -9 -9 -9 -9 -9 -9 -9 -9
22 27 30 29 32 18 17 41 33 90 68 2 27 93 88 48 37 49 35 6 0 0 0 0 0 0 12 16 0 0 0 0 0 0 0 27 90 75 57 43 67 39 59 43 33 8 24 20 17 42 77 39 4 0 0 0 0 0 0 0 8 13 2 0 27 44 2 0 -9 -9 -9 -9 -9 -9 -9 -9 -9 -9 -9 -9 -9 -9 -9 -9 -9 -9 -9 -9 -9 -9 -9 -9 -9 -9 -9 -9
26 16 36 8 11 7 23 92 40 36 10 0 51 80 58 65 41 68 26 37 52 28 0 0 0 0 0 0 0 0 0 47 0 0 0 25 70 62 75 50 41 23 10 29 81 9 3 49 22 7 18 7 14 23 3 0 0 0 0 0 29 37 41 44 51 82 37 0 0 0 24 29 -9 -9 -9 -9 -9 -9 -9 -9 -9 -9 -9 -9 -9 -9 -9 -9 -9 -9 -9 -9 -9 -9 -9 -9
18 85 41 34 10 46 35 39 0 11 5 14 72 100 83 78 16 78 67 52 49 9 19 14 0 0 0 0 0 0 3 7 0 6 0 0 8 13 59 11 0 0 0 17 57 56 16 16 17 12 1 43 53 58 71 6 0 0 0 0 17 57 41 51 35 48 53 15 0 0 0 11 57 48 -9 -9 -9 -9 -9 -9 -9 -9 -9 -9 -9 -9 -9 -9 -9 -9 -9 -9 -9 -9 -9 -9
3 17 11 13 19 16 6 0 0 7 31 55 84 98 79 75 63 46 61 15 26 7 3 2 0 0 0 7 11 12 6 36 20 19 0 11 63 78 4 0 0 0 0 0 0 8 0 77 44 9 7 27 48 45 57 21 0 0 0 0 0 13 9 0 3 0 25 40 0 0 0 7 67 66 31 65 -9 -9 -9 -9 -9 -9 -9 -9 -9 -9 -9 -9 -9 -9 -9 -9 -9 -9 -9 -9
9 2 4 0 35 15 6 0 0 11 18 9 30 9 4 44 72 56 58 58 10 52 67 51 7 0 0 39 41 26 33 75 59 1 0 11 50 5 0 0 0 0 0 0 0 0 0 34 68 67 30 11 29 29 3 3 24 0 0 0 0 0 0 0 0 9 14 22 0 0 0 0 2 4 1 37 51 100 -9 -9 -9 -9 -9 -9 -9 -9 -9 -9 -9 -9 -9 -9 -9 -9 -9 -9
0 23 11 10 34 70 27 0 48 44 49 2 37 46 17 11 91 62 74 47 42 64 77 63 55 29 17 20 0 0 4 31 37 0 0 0 7 0 0 0 0 0 0 0 0 0 0 5 41 70 28 1 51 47 16 44 63 8 0 0 0 0 0 9 56 56 51 6 28 1 0 3 0 0 0 0 19 35 3 0 -9 -9 -9 -9 -9 -9 -9 -9 -9 -9 -9 -9 -9 -9 -9 -9
25 0 13 21 33 90 8 0 1 24 33 37 18 25 96 36 54 91 73 80 19 79 95 60 58 94 9 0 0 0 18 15 0 18 1 0 0 0 0 0 45 26 0 0 0 0 0 0 0 0 0 8 58 71 78 76 86 61 4 0 0 0 0 2 82 29 25 37 21 54 45 19 49 37 0 0 0 3 0 0 0 13 -9 -9 -9 -9 -9 -9 -9 -9 -9 -9 -9 -9 -9 -9
42 5 17 94 72 20 0 0 0 0 5 43 11 8 61 46 26 64 68 7 19 79 27 35 28 67 56 0 0 0 8 25 0 27 34 32 53 62 37 31 5 3 1 29 14 0 0 0 0 0 0 0 3 23 69 70 76 62 7 1 0 0 0 0 19 31 9 4 66 36 39 0 17 17 8 6 0 43 34 34 52 27 5 32 -9 -9 -9 -9 -9 -9 -9 -9 -9 -9 -9 -9
31 11 30 46 27 0 0 0 0 0 0 0 0 0 11 30 39 6 6 16 59 98 22 5 0 34 86 49 45 54 38 0 1 83 83 43 48 66 50 88 83 64 36 56 3 0 0 0 0 0 0 0 0 4 56 39 17 14 73 56 0 0 0 0 0 7 0 0 3 47 54 10 10 22 47 18 0 22 42 35 25 3 0 0 16 12 -9 -9 -9 -9 -9 -9 -9 -9 -9 -9
51 30 99 13 0 0 0 0 0 0 0 0 0 0 0 32 85 8 0 0 1 36 9 7 0 0 9 27 40 18 52 29 10 61 69 57 43 38 14 89 50 87 89 53 10 0 0 0 0 0 0 0 0 0 0 0 0 13 93 90 1 0 0 0 0 0 0 0 0 48 58 60 19 72 50 6 0 4 39 6 3 0 0 5 17 45 1 -9 -9 -9 -9 -9 -9 -9 -9 -9
17 38 100 8 0 0 0 0 0 0 9 11 0 16 62 71 68 0 20 14 0 0 53 70 48 0 0 0 0 10 82 50 0 53 98 92 90 41 19 33 43 82 47 39 0 0 0 0 0 0 0 0 0 0 0 0 0 0 49 62 2 0 0 0 0 0 0 0 0 0 0 5 8 17 32 15 0 6 12 0 0 0 0 5 18 11 0 0 0 -9 -9 -9 -9 -9 -9 -9
46 68 73 0 0 0 41 67 45 63 56 67 73 99 97 50 17 0 45 92 72 47 31 52 28 21 0 0 1 43 70 6 0 12 67 99 57 39 83 4 22 58 37 7 0 0 3 3 13 7 0 0 0 0 0 0 0 0 0 0 3 3 0 0 0 0 0 0 0 0 0 0 0 0 0 0 0 0 9 0 0 0 0 0 42 53 0 0 0 0 -9 -9 -9 -9 -9 -9
75 49 6 0 0 0 13 58 33 83 100 93 76 100 44 1 7 0 17 58 80 80 25 16 77 24 0 0 54 94 67 10 0 0 2 21 0 0 11 3 18 3 0 0 0 25 60 54 73 54 9 14 6 0 0 0 0 0 0 0 9 33 1 0 0 0 0 0 0 0 0 0 0 0 0 0 0 0 17 1 0 0 0 2 97 48 0 42 9 0 0 -9 -9 -9 -9 -9
24 7 0 0 0 1 6 33 92 100 67 89 31 42 13 0 0 0 0 51 90 95 7 0 34 31 6 0 1 8 45 37 0 0 0 0 0 0 0 0 0 2 31 28 22 82 53 23 46 82 21 62 34 3 0 0 0 0 0 0 0 0 0 0 0 0 0 0 0 0 0 0 0 0 0 0 0 0 0 0 0 0 0 8 100 30 0 62 48 80 64 72 -9 -9 -9 -9
54 21 0 7 13 41 78 50 32 68 75 94 34 0 0 0 0 1 15 0 21 40 23 0 57 40 51 63 0 0 80 69 39 44 10 8 0 0 0 1 31 47 65 42 14 40 48 58 58 65 74 76 54 89 64 12 3 0 0 0 0 0 0 0 0 0 0 0 0 0 0 0 0 0 0 0 0 0 0 0 0 0 0 0 55 48 1 55 68 93 100 94 81 28 -9 -9
8 0 0 72 18 43 31 37 19 33 67 66 28 8 41 19 0 9 21 12 5 55 36 42 62 83 98 58 0 0 76 100 100 96 44 34 49 66 38 67 96 28 0 4 31 5 20 11 24 7 12 21 58 80 100 49 52 30 16 8 0 0 0 0 0 0 0 0 0 0 0 0 0 0 0 0 0 0 0 0 0 0 0 0 0 16 20 91 97 43 52 13 22 26 43 -9
29 7 50 15 15 15 48 11 0 52 59 43 46 0 0 11 5 47 20 7 8 2 0 0 28 39 51 30 0 0 34 70 85 43 90 61 20 37 12 22 37 36 40 14 19 22 0 51 19 10 14 0 0 42 99 94 82 86 22 59 17 37 1 19 0 0 0 0 0 0 0 0 0 0 0 0 0 0 0 0 0 0 0 0 0 0 49 100 82 18 5 33 28 2 1 1
54 19 0 0 0 0 0 0 0 6 48 36 81 67 18 1 28 72 100 11 0 4 9 10 36 10 1 37 28 12 0 0 0 0 3 23 66 89 88 94 1 0 11 49 3 10 23 49 23 32 7 0 0 39 49 17 7 66 53 62 4 27 65 5 0 0 0 0 0 0 0 0 0 0 0 0 0 0 0 0 0 0 0 0 0 0 46 46 8 0 12 76 20 32 27 15
0 0 0 0 26 2 0 4 2 62 28 6 10 51 25 35 74 93 92 28 5 35 44 68 81 18 0 63 81 25 14 12 2 0 0 0 6 27 29 29 22 37 16 53 52 24 49 42 8 12 9 0 12 3 50 4 0 0 0 0 36 1 22 22 0 0 0 1 0 0 0 0 0 0 0 0 0 0 0 0 0 0 0 0 0 0 0 0 0 9 0 0 8 4 7 3
0 0 0 0 21 20 42 52 29 8 0 0 0 19 31 34 36 98 100 70 15 66 28 31 71 10 16 38 24 12 44 68 25 14 0 25 14 7 4 1 19 59 5 18 6 12 4 0 20 37 6 18 41 29 39 13 19 0 24 0 33 51 0 72 40 0 58 9 0 0 0 0 0 0 0 0 0 0 0 0 0 0 0 0 0 0 0 0 6 11 5 0 0 8 23 4
0 0 0 0 17 53 32 69 11 0 13 1 19 70 5 23 51 95 98 30 51 21 4 25 20 52 58 50 12 8 26 21 1 18 16 4 16 23 0 69 68 18 5 16 21 21 7 0 0 0 0 0 0 9 29 18 17 5 21 0 2 34 29 40 24 0 74 66 71 54 0 0 0 0 0 0 0 0 0 0 0 0 0 0 0 0 0 0 11 1 15 0 0 0 18 38
0 0 0 39 8 9 11 3 38 36 63 39 67 50 0 6 32 74 69 58 72 39 0 14 72 46 3 14 21 24 2 20 0 0 2 28 29 7 18 43 15 27 15 7 5 3 20 23 3 0 11 10 0 34 47 48 68 80 30 6 64 14 9 0 0 0 26 28 77 100 33 1 0 0 0 0 0 0 0 0 0 0 0 0 0 0 0 0 0 0 0 0 0 0 0 0
0 1 57 83 16 0 7 38 52 40 2 5 24 7 0 0 0 4 16 48 35 9 0 1 41 15 26 0 29 71 0 0 0 2 2 25 21 17 21 0 0 0 0 24 41 65 37 56 56 34 35 35 1 0 28 21 19 14 2 0 10 6 0 12 14 0 18 0 1 19 0 58 61 23 0 0 0 0 0 0 0 0 0 0 0 0 0 0 0 0 0 0 0 0 0 0
0 25 44 89 0 23 32 52 52 73 39 1 26 4 33 11 3 52 0 0 23 42 0 48 55 5 56 60 4 20 0 0 10 8 12 0 1 22 19 0 0 39 39 98 100 99 47 37 3 11 17 12 39 1 0 0 0 25 0 0 0 7 0 11 19 0 1 0 0 0 0 39 33 1 0 0 0 0 0 0 0 0 0 0 0 0 0 0 0 0 0 0 0 0 0 0
35 61 4 7 12 71 53 5 23 12 7 28 54 4 85 82 30 0 20 17 65 84 15 49 85 14 0 41 20 14 23 54 37 8 25 0 11 14 0 0 27 30 18 54 60 54 62 43 10 0 27 35 5 29 17 0 10 0 0 0 0 26 6 0 0 0 0 0 0 0 19 16 3 0 0 0 0 0 0 0 0 0 0 0 0 0 0 0 0 0 0 0 0 0 0 0
62 62 12 18 35 49 46 2 91 32 17 11 46 14 39 61 58 4 9 10 59 2 15 50 17 23 21 10 4 0 41 10 31 0 0 0 0 48 27 25 3 27 37 2 0 0 14 1 24 0 0 11 21 0 0 2 57 34 1 0 0 0 0 0 1 57 24 0 0 0 26 8 2 0 0 0 0 0 0 0 0 0 0 0 0 0 0 0 0 0 0 0 0 0 0 0
45 91 74 66 100 78 10 3 14 27 80 73 44 63 14 64 89 73 16 51 71 41 11 4 0 5 16 55 94 49 9 0 0 15 15 13 29 7 88 69 65 53 36 22 43 56 26 27 0 14 24 0 0 23 2 0 8 22 45 29 7 0 0 0 15 67 0 16 9 0 25 8 0 0 0 0 0 0 0 0 0 0 0 0 0 0 0 0 0 0 0 0 0 0 0 0
39 68 65 92 59 83 13 7 51 83 56 86 24 55 13 8 24 67 90 41 44 34 19 0 0 0 0 35 35 1 0 5 18 38 7 39 20 3 32 1 69 32 0 42 78 63 17 0 0 16 23 4 17 0 76 37 4 0 5 50 37 0 9 6 17 14 0 51 70 0 0 0 0 0 0 0 0 0 0 0 0 0 0 0 0 0 0 0 0 0 0 0 0 0 0 0
55 95 74 24 1 39 2 0 56 20 46 39 0 17 44 29 54 12 38 21 18 1 68 5 19 46 29 4 5 3 0 36 15 18 10 55 2 19 3 57 36 0 0 0 5 1 0 0 0 0 16 31 15 5 28 25 29 6 17 24 43 3 21 1 43 18 0 16 1 0 0 0 0 0 0 0 0 0 0 0 0 0 0 0 0 0 0 0 0 0 0 0 0 0 0 0
98 69 98 52 58 17 19 0 58 0 0 0 0 3 59 23 16 46 27 0 4 23 22 6 90 13 49 60 3 1 5 5 73 42 58 57 66 66 42 34 16 40 5 0 5 27 42 44 1 15 51 68 47 33 34 4 28 0 61 26 18 19 27 6 8 0 0 0 0 0 0 0 0 3 14 0 0 0 0 0 0 0 0 0 0 0 0 0 0 0 0 0 0 0 0 0
75 94 97 77 50 11 0 0 8 0 8 11 0 7 37 35 0 56 75 45 40 86 1 0 9 3 39 62 0 0 27 34 32 42 47 12 24 10 9 42 23 8 2 0 0 35 51 15 17 43 34 26 21 46 32 5 26 24 38 26 5 13 15 3 0 8 19 40 27 20 37 7 0 0 6 27 20 20 0 0 0 0 0 0 0 0 0 0 0 0 0 0 0 0 0 0
7 15 28 59 0 0 0 0 0 0 27 21 0 17 38 26 0 47 51 52 75 36 21 29 0 0 0 0 2 39 30 0 0 37 76 68 0 18 12 7 44 2 0 18 0 22 18 0 2 36 7 10 49 9 6 32 0 7 3 0 0 3 10 3 45 37 23 6 20 1 35 10 0 0 0 5 3 3 10 7 0 0 0 0 0 0 0 0 0 0 0 0 0 0 0 0
0 0 0 0 17 0 0 18 27 0 0 27 0 52 60 17 11 4 41 54 14 61 63 59 4 11 14 2 1 73 98 32 33 43 67 76 19 15 48 0 2 37 0 8 11 17 0 23 4 31 21 1 26 19 33 25 33 31 23 0 5 18 26 1 59 3 27 0 0 0 2 42 52 17 0 0 8 34 30 5 21 0 0 0 0 0 0 0 0 0 0 0 0 0 0 0
15 18 59 43 12 0 0 0 0 5 0 0 0 0 53 28 89 56 66 34 19 47 95 38 26 97 100 57 0 8 87 50 17 8 30 19 38 49 2 9 0 61 16 31 0 3 0 11 1 32 10 11 30 21 13 21 8 0 0 3 0 37 19 15 28 0 5 0 14 48 23 13 12 41 2 0 8 46 0 1 19 1 3 1 7 0 15 58 5 0 0 0 2 0 0 0
55 45 85 66 43 50 21 0 8 15 7 35 0 40 56 19 32 36 64 46 2 6 6 72 55 100 100 97 65 12 32 52 64 39 33 57 60 74 82 92 62 18 40 13 17 12 0 10 3 0 0 35 54 5 0 0 0 22 26 87 20 9 0 38 12 0 3 17 44 65 99 84 46 7 16 2 22 21 0 37 38 17 36 28 49 65 41 50 0 0 2 22 13 0 0 0
16 22 57 83 10 48 60 49 1 29 3 43 1 0 0 24 49 19 17 6 29 15 64 69 53 90 100 88 40 7 53 69 51 56 56 80 82 45 31 43 46 36 0 0 0 0 7 40 14 0 9 36 37 39 26 16 24 24 29 19 1 21 20 16 42 16 18 31 18 0 37 40 59 38 38 77 56 13 36 73 16 62 81 55 43 20 42 20 26 11 20 33 56 35 52 8
1 13 25 32 0 2 4 41 87 59 0 0 0 0 0 0 1 25 28 41 23 48 36 2 53 87 91 57 68 33 43 55 21 85 32 87 57 91 24 95 34 18 76 25 0 6 76 4 52 0 3 19 0 8 10 0 4 14 1 14 40 29 44 13 4 2 0 5 39 3 49 54 14 42 73 14 34 0 44 37 42 16 14 31 18 4 8 27 31 63 60 32 32 29 2 0
0 0 0 0 0 0 0 0 37 83 41 0 21 0 8 32 49 3 6 51 6 34 21 32 63 14 38 53 57 80 41 23 26 49 23 56 59 66 15 62 71 46 48 33 0 15 31 38 50 50 15 23 0 16 30 48 0 4 40 68 5 5 15 1 0 6 0 14 39 54 59 17 28 48 44 0 1 13 16 54 39 21 35 41 64 42 14 36 60 42 52 44 22 19 0 0
42 53 31 1 46 3 2 42 0 0 3 0 43 0 25 95 100 47 0 38 63 22 37 46 45 12 21 80 38 22 57 58 61 48 24 68 54 60 67 75 27 61 53 39 13 26 46 88 85 34 56 41 1 0 7 30 0 0 37 17 9 0 39 3 0 20 5 43 35 36 2 25 53 40 5 2 20 14 41 16 51 43 9 40 33 52 35 14 25 23 11 62 23 1 0 0
37 63 77 75 59 51 57 25 2 1 18 21 0 0 0 42 49 11 0 29 54 2 32 8 66 26 44 53 15 0 16 84 15 21 35 67 93 59 87 63 41 25 34 26 70 50 52 15 16 40 11 2 55 0 26 14 1 0 0 32 54 29 3 6 0 0 0 26 28 35 1 42 13 1 32 11 10 43 45 1 29 50 41 10 10 18 40 36 44 53 36 48 52 13 0 0
3 31 62 45 8 44 54 60 70 9 40 0 0 0 0 0 0 0 0 24 91 88 18 20 26 20 47 46 38 25 56 42 0 83 39 39 62 49 83 79 57 55 52 75 54 5 46 36 5 14 0 0 19 41 75 63 40 36 11 2 0 24 42 11 0 7 19 31 1 1 25 13 21 49 62 55 59 53 84 17 13 37 18 10 34 45 46 64 67 56 52 50 26 7 0 0
0 29 0 0 0 0 18 5 25 29 44 0 0 0 0 0 13 25 9 0 5 90 27 17 23 15 24 8 25 97 22 25 43 37 36 38 78 62 78 74 68 57 58 91 84 46 21 46 19 7 24 13 20 34 48 29 30 55 50 35 29 14 42 13 61 30 3 62 30 26 38 53 52 17 20 36 51 27 18 10 34 40 17 38 84 33 75 79 68 18 0 1 0 0 0 0
0 0 35 26 0 0 0 0 0 9 38 3 10 78 25 0 0 0 0 0 19 62 37 68 52 5 28 29 28 44 48 77 53 28 46 28 61 80 86 67 70 66 52 48 88 55 9 5 14 20 47 22 24 30 45 34 66 45 70 64 12 4 30 55 33 40 1 0 0 23 36 40 31 29 29 27 0 27 38 39 47 36 62 78 51 35 17 24 0 0 0 0 0 0 0 0
4 0 4 0 76 61 5 0 0 0 0 0 15 86 86 44 10 0 0 0 0 0 2 0 50 31 1 0 26 0 44 26 71 18 45 39 59 62 52 57 54 78 79 88 96 26 17 44 19 19 42 13 6 48 69 39 16 39 28 78 7 7 18 37 61 36 4 2 2 22 22 25 20 55 15 41 0 21 37 38 47 68 60 69 87 34 31 0 0 0 0 0 0 0 0 0
37 86 8 13 89 100 72 1 0 0 0 0 0 13 52 42 65 28 0 0 0 0 0 0 20 20 54 0 0 0 8 2 76 75 48 10 61 86 62 80 96 95 61 70 41 27 18 27 6 13 29 4 10 23 23 42 47 20 58 70 43 7 24 40 44 21 33 34 50 34 50 3 0 30 14 51 32 21 17 45 60 58 33 57 66 20 19 0 0 0 0 0 0 0 0 0
30 94 28 10 8 30 77 26 0 0 0 0 0 6 54 81 94 95 39 0 0 0 0 7 74 31 28 57 23 0 27 49 22 25 5 45 28 22 37 66 97 80 64 57 43 5 31 40 4 14 26 2 12 24 51 38 41 48 38 55 32 13 66 57 44 3 21 36 35 58 8 43 25 26 27 23 26 27 42 18 2 0 21 22 47 39 1 0 0 0 0 0 0 0 0 0
26 80 32 4 16 9 59 97 17 0 0 0 0 0 48 39 40 41 20 33 2 0 0 0 8 46 58 39 47 0 15 43 5 10 69 76 44 56 83 54 41 65 78 96 88 89 53 34 45 19 1 0 11 40 17 21 12 60 42 30 44 65 72 42 25 19 39 0 26 11 0 11 5 5 27 26 12 34 16 4 2 30 66 97 100 98 10 0 0 0 0 0 0 0 0 1
9 2 31 52 30 49 32 50 67 17 0 0 0 0 0 0 12 22 3 15 39 0 6 45 0 0 0 0 0 0 0 26 32 46 71 53 39 73 87 88 70 64 69 70 100 81 51 76 68 42 31 1 6 44 16 18 37 38 44 60 89 68 42 45 29 23 19 15 32 12 22 60 64 43 51 36 18 16 0 2 45 82 82 81 63 37 9 0 0 0 0 0 14 0 0 10
9 35 45 6 3 31 32 33 2 45 33 0 0 0 0 5 37 2 7 11 7 43 0 0 5 0 0 1 1 1 0 0 0 7 22 11 16 51 48 86 65 48 48 68 70 100 61 61 92 55 14 21 6 13 9 35 62 28 17 57 97 69 20 25 12 4 23 35 12 26 30 47 39 7 0 3 7 0 0 3 18 12 7 60 81 97 42 13 0 0 0 0 0 23 0 4
0 28 26 53 3 38 32 0 31 7 11 0 0 0 0 17 99 68 1 33 62 8 6 0 0 0 0 1 70 48 4 0 0 13 50 52 5 13 26 51 46 44 72 98 82 91 73 85 61 40 42 16 40 20 38 34 39 27 36 65 78 32 27 18 2 25 48 60 33 15 16 12 3 5 15 22 40 41 2 0 0 5 46 45 59 100 99 79 52 29 0 0 0 0 0 28
1 19 40 57 3 31 13 11 56 34 2 0 0 0 0 7 35 27 34 0 25 22 47 13 0 0 1 32 24 8 2 0 0 3 21 43 31 17 53 28 29 30 57 98 100 76 95 64 36 60 57 40 53 17 31 56 39 41 23 25 24 3 0 2 34 51 37 19 0 13 40 53 10 46 58 30 19 22 53 8 6 23 29 13 63 83 59 53 42 0 0 5 4 0 0 2
4 25 92 36 7 27 0 23 51 57 30 0 0 0 0 0 17 83 30 26 17 36 24 33 5 3 25 1 0 18 30 1 0 0 24 53 19 36 59 18 9 39 92 82 100 100 68 81 50 70 40 16 54 18 76 84 47 51 63 10 31 33 36 3 31 17 58 16 14 68 58 46 56 52 32 61 46 57 55 45 8 4 12 25 71 44 78 50 36 22 0 22 3 0 0 0
19 33 29 3 29 9 53 28 36 58 63 3 6 0 0 0 0 9 34 38 74 70 38 5 25 9 0 20 13 34 20 1 2 0 9 14 55 2 43 29 8 5 69 91 92 98 72 88 60 55 43 43 61 28 33 24 21 12 44 54 20 33 5 35 58 69 51 27 23 39 33 70 59 47 44 55 66 69 49 5 4 20 20 31 44 28 72 39 15 0 0 0 0 0 0 0
24 0 28 33 35 2 39 54 32 23 55 28 57 3 0 0 0 12 5 0 46 80 69 2 24 35 1 0 0 4 11 3 49 39 42 12 28 17 70 31 6 15 38 32 69 56 41 59 72 85 82 65 40 28 21 25 37 32 45 27 17 42 41 45 91 74 78 52 34 37 41 49 41 57 66 82 86 74 40 6 0 36 12 21 10 56 45 28 0 35 2 0 0 0 0 0
9 4 68 87 14 0 36 65 32 85 84 36 20 3 0 0 0 0 0 4 29 84 75 21 16 3 13 34 32 0 0 10 28 54 8 1 5 36 26 19 24 37 30 54 49 4 15 17 74 79 72 27 36 42 4 54 26 54 54 40 24 44 22 53 57 46 19 70 57 74 77 49 58 99 75 33 43 27 40 46 48 35 85 13 30 76 15 3 22 22 57 15 0 0 0 0
