data/habitatmaps/RS_maps/habitat_Lophophanes.cristatus_2008.asc
NCOLS 369 
NROWS 228 
XLLCORNER 479000 
YLLCORNER 73000 
CELLSIZE 1000 
NODATA_value -9 
[rows 126 to 188 of 228, columns 192 to 287 of 369]
0 0 0 0 0 0 0 0 0 0 0 0 0 6 2 49 96 83 62 95 41 0 0 0 0 0 0 0 0 0 0 0 0 0 0 1 29 67 36 67 91 94 36 97 79 99 50 1 23 48 2 0 2 68 7 0 0 0 0 0 0 0 53 63 57 71 100 54 0 0 0 1 32 78 49 3 0 16 34 42 40 41 33 8 51 100 65 60 70 67 60 74 52 0 0 0
0 0 0 0 0 0 0 0 0 0 0 0 0 0 0 10 61 63 53 26 0 0 0 0 0 0 0 0 0 0 0 0 0 0 27 92 77 28 68 100 86 64 39 40 48 94 49 1 0 0 0 0 0 12 0 0 0 0 0 0 0 18 51 30 86 100 100 81 0 0 0 9 33 97 30 0 0 0 0 0 24 27 45 80 69 74 97 82 39 29 78 72 71 6 0 11
0 0 0 0 0 0 0 0 0 0 0 0 0 0 0 0 67 44 62 5 0 0 0 0 0 0 0 0 0 0 0 0 0 32 53 46 1 90 100 16 0 0 5 31 65 93 95 28 0 0 0 0 0 0 0 0 0 4 12 48 49 44 39 73 86 79 100 62 14 0 0 24 32 87 6 38 30 16 9 59 96 99 94 64 100 100 100 96 29 54 86 20 82 58 38 71
0 0 0 0 0 0 0 0 0 0 0 0 0 0 0 0 54 64 50 0 0 0 0 0 0 0 0 0 0 6 1 23 25 27 76 4 57 88 70 68 0 0 0 11 57 17 82 6 0 0 0 0 0 0 0 0 3 36 14 65 86 67 52 73 42 8 86 57 0 0 16 37 57 58 0 37 60 79 96 92 96 100 66 97 63 66 49 73 95 57 39 34 37 89 71 76
0 0 0 0 0 0 0 0 0 0 0 0 0 0 0 1 54 69 20 0 0 0 0 0 0 0 0 0 19 26 2 30 18 70 48 56 74 15 23 62 0 0 0 0 0 29 31 56 0 0 0 0 0 0 22 32 75 31 41 75 100 100 73 80 4 0 21 2 0 0 7 89 18 34 74 3 65 83 67 65 38 85 97 98 84 51 77 100 100 73 83 74 33 33 48 79
0 0 0 0 0 0 0 0 0 0 0 0 0 1 75 77 65 50 25 0 0 0 0 0 0 0 0 1 11 20 66 48 57 98 91 79 32 39 18 36 0 0 0 0 0 0 27 70 7 0 0 0 0 21 60 89 58 21 77 80 38 100 98 62 58 9 0 0 0 13 37 46 0 1 14 0 22 1 0 0 1 56 98 84 47 17 85 74 86 42 39 62 25 41 56 70
0 0 0 0 0 0 0 0 0 0 0 0 6 0 0 56 39 13 0 0 0 0 0 0 0 1 37 35 46 22 38 96 47 73 27 70 41 38 0 12 0 0 0 0 0 0 25 57 0 0 0 0 0 0 8 8 58 89 44 17 11 98 100 95 35 0 0 0 0 43 51 11 0 0 0 0 0 0 0 13 59 1 83 95 76 1 13 5 61 84 36 14 77 100 100 100
0 0 0 0 0 0 0 0 0 0 0 0 24 0 0 0 0 0 0 0 0 0 0 0 0 13 9 8 2 0 0 9 0 1 0 6 40 58 1 0 0 0 0 0 0 0 0 17 2 0 0 0 0 0 0 50 61 38 7 0 1 51 100 65 0 0 0 0 0 34 6 0 0 0 0 0 0 0 1 31 43 13 20 73 97 22 0 2 15 84 95 38 94 100 87 79
0 0 0 0 0 0 0 0 0 0 0 0 0 0 0 0 0 30 3 0 0 0 0 0 0 0 0 0 0 0 0 0 0 0 0 0 58 74 22 0 0 0 0 0 0 0 0 0 0 0 0 0 0 0 34 98 32 1 0 0 0 40 100 48 0 0 0 0 0 0 0 0 0 0 0 0 0 0 49 56 18 0 43 100 96 24 0 0 5 53 95 88 39 84 46 13
0 0 0 0 0 0 0 0 0 0 0 0 0 0 0 0 0 7 0 0 0 0 0 0 0 0 0 0 0 0 0 0 0 0 0 6 45 3 0 0 0 0 0 0 0 0 0 0 0 0 0 0 0 0 36 66 4 0 0 0 0 7 42 47 0 0 0 0 0 0 0 0 0 0 0 0 0 0 18 41 36 33 84 60 4 0 0 0 1 13 61 95 8 61 83 6
0 0 0 0 0 0 0 0 0 0 0 0 0 0 0 9 6 25 42 20 0 0 0 0 0 0 0 0 0 0 0 0 0 0 0 0 52 0 0 0 0 0 0 0 0 0 0 0 0 0 0 0 0 0 6 7 0 0 0 0 0 27 21 56 0 0 0 0 0 0 0 0 0 0 0 0 4 19 85 96 82 7 82 49 0 0 0 0 0 2 62 62 14 30 87 79
0 0 0 0 0 0 0 0 0 0 0 0 0 0 0 15 1 0 0 3 0 0 0 0 0 0 0 0 0 0 0 0 0 0 0 0 10 0 0 0 0 0 0 0 0 0 0 0 0 0 0 0 0 0 0 0 0 0 0 0 0 0 25 48 0 0 0 0 0 0 0 0 0 0 0 0 0 2 8 73 78 30 100 49 0 0 0 0 0 39 79 64 3 0 82 97
0 0 0 0 0 0 0 0 0 0 0 0 0 0 0 0 0 0 0 0 0 0 0 0 0 0 0 0 0 0 0 0 0 0 0 0 0 0 0 0 0 0 0 0 0 0 0 0 0 0 0 0 0 0 0 0 0 0 0 9 44 90 58 0 0 0 0 0 0 0 0 0 0 0 0 0 0 0 8 99 64 64 86 8 0 0 0 0 0 60 86 40 1 0 18 57
0 0 0 0 0 0 0 0 0 0 0 0 0 0 0 0 0 0 0 0 0 0 0 0 0 0 0 0 0 0 0 0 0 0 0 0 0 0 0 0 0 0 0 0 0 0 0 0 0 0 0 0 0 0 0 0 0 0 0 68 84 40 46 6 0 0 0 0 0 0 0 0 0 0 0 0 0 0 7 95 81 90 83 0 0 0 0 0 0 0 6 47 63 25 29 43
0 0 0 0 0 0 0 0 0 0 0 0 0 0 0 0 0 0 0 0 0 0 0 0 0 0 0 0 0 0 0 0 0 0 0 0 0 0 0 0 0 0 0 0 0 0 0 4 19 1 0 0 0 0 0 0 0 0 43 40 1 0 0 0 0 0 0 0 0 0 0 0 0 0 0 20 58 24 11 68 81 97 69 3 0 0 0 0 0 0 0 22 68 99 98 31
0 0 0 0 0 0 0 0 0 0 0 0 0 0 0 0 0 0 0 0 0 0 0 0 0 0 0 0 0 0 0 0 0 0 0 0 0 0 0 0 0 0 11 35 16 0 34 44 9 0 0 0 0 0 0 0 0 22 14 0 0 0 0 0 0 0 0 0 0 0 0 0 0 0 37 68 6 69 75 44 89 100 99 23 0 0 0 0 0 0 0 50 90 30 89 96
0 0 0 0 0 0 0 0 0 0 0 0 0 0 0 0 0 0 0 0 0 0 0 0 0 0 0 0 0 0 0 0 0 0 0 0 0 0 0 0 10 13 74 44 63 14 17 58 0 0 0 0 0 0 0 0 0 0 0 0 0 0 0 0 0 0 0 0 0 0 0 0 17 43 77 81 88 73 100 87 87 83 55 16 0 0 0 0 0 0 0 83 17 0 45 90
0 0 0 0 0 0 0 0 0 0 0 0 0 0 0 0 0 0 0 0 0 0 0 0 0 0 0 0 0 0 0 0 0 0 0 0 0 0 0 27 87 54 71 29 86 41 21 9 0 0 0 0 0 0 0 0 0 0 0 0 0 0 0 0 0 0 0 0 17 24 18 44 17 22 91 84 27 11 47 1 21 95 97 18 0 0 0 0 0 0 4 16 0 0 68 62
0 0 0 0 0 0 0 0 0 0 0 0 0 0 0 0 0 0 0 0 4 23 5 0 0 0 0 0 0 0 0 0 0 6 0 0 0 0 0 7 51 57 80 73 36 10 0 0 0 0 0 0 0 0 0 0 0 0 0 0 0 0 0 0 0 0 0 21 59 66 29 82 66 92 28 7 0 0 0 0 0 74 58 1 0 0 0 0 0 0 0 0 0 0 6 79
0 0 0 0 0 0 0 0 0 0 0 0 0 0 0 0 0 1 12 32 32 85 10 0 0 2 0 0 0 0 0 0 1 37 42 13 0 0 0 62 51 13 13 48 42 33 1 0 0 0 0 0 0 0 0 0 0 0 0 0 0 0 0 0 16 19 0 8 22 6 4 8 4 43 0 0 0 0 0 0 4 81 19 0 0 0 0 0 0 0 0 0 0 0 4 91
61 6 0 0 0 0 0 0 0 0 0 0 0 0 0 0 1 19 31 85 53 67 4 19 58 41 7 0 0 0 0 0 0 10 84 36 10 0 42 85 71 61 33 13 88 19 0 0 0 0 0 0 0 0 0 0 0 0 0 0 0 0 0 0 62 40 26 31 0 0 0 0 0 0 0 0 0 0 0 0 13 96 61 2 0 0 0 0 0 0 0 0 0 0 41 58
61 36 1 0 0 0 0 0 0 0 0 0 0 5 23 32 75 51 10 32 22 64 55 50 70 74 26 20 1 0 0 0 0 0 2 26 48 63 40 53 80 72 88 100 60 83 30 0 0 0 0 0 0 0 0 0 0 0 0 0 0 0 0 0 0 16 2 0 0 0 0 0 0 0 0 0 0 0 0 0 16 70 74 45 2 0 0 0 0 0 0 0 0 3 84 90
35 51 11 0 0 0 0 0 0 0 0 1 38 46 54 65 92 89 88 59 44 61 70 71 52 57 47 77 47 1 0 0 0 0 0 0 9 28 12 12 3 66 100 100 85 83 68 0 0 0 0 0 0 0 0 0 0 0 0 0 0 0 0 0 0 0 0 0 0 0 0 0 0 0 0 0 0 0 0 0 0 0 0 36 98 62 50 0 0 0 0 0 0 0 15 20
0 1 9 0 0 0 0 0 0 0 2 18 50 63 59 55 14 0 0 3 55 66 74 96 68 39 21 28 31 62 12 21 5 9 0 0 0 0 0 0 0 1 49 95 90 68 91 14 6 0 0 0 0 0 0 0 0 0 0 0 0 0 0 0 0 0 0 0 0 0 0 0 0 0 0 0 0 0 0 0 0 0 0 2 74 56 0 0 0 0 0 0 0 0 0 0
0 0 0 0 0 0 0 0 9 57 38 76 45 5 1 0 0 0 0 0 9 53 72 60 85 97 94 69 51 94 98 68 57 76 79 23 10 0 0 0 19 28 0 27 74 53 100 75 50 0 0 0 0 0 0 0 0 0 0 0 0 0 0 0 0 0 0 0 0 0 0 0 0 0 0 0 0 0 0 0 0 0 0 0 45 63 5 0 0 0 0 0 0 0 0 0
0 0 0 0 0 0 0 0 71 41 64 23 0 0 0 0 0 0 4 2 0 1 9 1 25 37 25 71 65 76 90 77 83 86 83 46 87 11 0 0 49 68 57 73 45 63 97 41 11 0 0 0 0 0 0 0 0 0 0 0 0 0 0 0 0 0 0 0 0 0 0 0 0 0 0 0 0 0 0 0 0 0 0 0 2 69 53 6 0 0 0 0 0 0 0 0
0 0 0 0 0 0 0 9 39 2 0 0 0 0 0 0 0 5 41 75 48 10 0 0 0 0 0 17 91 69 53 70 64 52 83 79 62 65 18 4 43 42 91 39 46 95 60 0 0 0 0 0 0 0 0 0 0 0 0 0 0 0 0 2 0 0 0 0 0 0 0 0 0 5 7 6 0 0 0 0 0 0 0 0 0 5 49 57 34 0 0 0 0 0 0 0
0 0 0 0 0 0 0 34 0 0 0 0 0 0 0 0 0 0 0 28 48 49 16 0 0 0 0 0 31 95 89 45 81 65 34 69 61 95 19 14 23 66 95 40 57 100 44 0 0 0 7 14 2 0 0 0 0 0 0 0 0 0 4 35 18 0 0 0 0 0 0 0 0 42 34 6 0 0 0 0 0 0 0 0 0 0 18 0 26 7 0 0 0 0 0 0
0 0 0 0 0 0 0 0 0 0 0 0 0 0 0 0 0 0 0 0 36 51 51 33 0 0 0 0 3 48 78 100 95 88 77 56 82 99 43 12 14 29 68 43 55 100 66 3 0 0 1 50 60 28 1 0 0 0 0 0 0 0 18 63 35 0 0 0 0 0 0 0 8 66 36 1 9 33 8 0 0 0 0 0 0 0 0 0 0 0 0 0 0 0 0 0
0 0 0 0 0 0 0 0 0 0 0 0 0 0 0 0 0 3 0 0 0 8 42 79 58 17 0 0 0 14 66 83 92 62 65 67 93 95 75 16 0 43 96 58 59 100 100 81 6 0 0 29 58 1 0 0 0 0 0 0 0 0 20 77 100 18 0 0 0 0 0 0 14 29 29 42 27 57 6 0 0 0 0 0 0 0 0 0 0 0 0 0 0 0 0 0
0 0 0 0 0 0 0 0 0 0 0 0 0 0 0 0 15 50 52 0 0 5 61 66 56 0 0 0 0 41 72 11 37 67 95 79 91 100 88 67 1 15 96 100 88 74 100 95 59 9 30 25 48 9 0 0 0 0 0 0 0 0 11 78 49 34 18 0 0 0 2 19 89 58 66 66 57 55 0 0 0 0 0 0 0 0 0 0 0 0 0 0 0 0 0 0
0 0 0 0 0 0 0 0 0 0 0 0 0 0 0 0 3 0 67 0 1 58 93 96 68 0 0 0 0 1 5 0 0 3 76 82 65 88 84 96 68 7 91 100 98 88 65 86 76 79 71 67 80 44 3 0 0 0 3 38 27 5 3 76 86 78 84 21 5 0 3 24 10 0 53 77 69 67 25 0 0 0 0 0 0 0 0 0 0 0 0 0 0 0 0 0
0 0 0 0 0 0 0 0 0 0 0 2 14 0 0 0 21 46 46 0 2 61 75 82 61 0 0 0 0 0 0 0 0 3 78 87 97 98 100 90 87 86 49 98 77 83 63 91 62 87 94 100 100 88 47 1 0 0 34 76 13 0 1 56 74 65 69 75 25 0 0 0 0 0 34 77 19 15 0 0 0 0 0 0 0 0 0 0 0 0 0 0 0 0 0 0
0 0 0 0 0 0 0 0 0 0 0 47 84 24 11 0 0 78 77 70 62 73 98 95 24 0 0 0 0 0 0 0 1 50 67 33 61 69 100 72 76 67 58 60 75 83 67 46 98 100 100 98 89 35 17 0 0 0 53 71 1 0 0 0 27 91 42 65 50 0 0 0 0 19 86 60 38 64 44 0 0 0 0 0 0 0 0 0 0 0 0 0 0 0 0 0
0 0 0 0 0 0 0 0 0 0 2 61 87 93 41 0 0 8 85 70 100 97 99 49 0 13 31 29 0 0 0 11 55 99 61 77 70 99 92 54 97 60 100 65 66 80 62 4 88 86 74 44 43 62 0 0 0 2 89 86 12 0 0 0 38 81 28 47 47 0 0 0 0 2 58 69 46 88 86 31 0 0 0 0 0 0 0 0 0 0 0 0 0 0 0 0
0 0 0 0 2 0 0 0 0 0 0 19 83 100 44 0 0 2 34 49 99 100 85 88 29 78 99 43 0 0 0 0 5 24 27 46 61 100 100 44 59 67 100 100 87 97 96 16 100 71 79 31 12 2 0 0 0 23 94 89 74 3 0 3 77 97 28 67 45 0 0 0 0 2 45 51 71 77 2 0 0 0 0 0 0 0 0 0 0 0 0 0 0 0 0 0
0 0 0 0 52 1 0 0 0 0 0 6 62 100 70 13 0 0 0 6 79 100 79 96 100 100 56 4 0 0 1 0 1 0 0 8 62 80 91 100 51 70 99 98 100 100 93 96 93 50 36 58 87 66 13 0 0 34 99 49 11 0 0 0 35 86 28 42 85 0 0 0 0 0 7 80 92 54 12 0 0 0 0 0 0 0 0 0 0 0 0 0 0 0 0 0
0 0 0 10 46 56 1 0 0 0 0 2 68 100 89 36 23 1 7 1 62 100 92 68 66 100 61 0 0 0 23 63 85 54 0 0 0 31 48 97 100 69 39 88 100 97 52 70 100 100 88 80 54 97 90 18 1 53 77 56 1 0 0 13 93 100 52 83 68 0 0 0 0 0 22 77 55 44 27 21 0 0 0 0 0 0 0 0 0 0 0 0 0 0 0 0
0 0 0 5 55 63 2 0 0 0 0 0 59 95 100 83 79 58 61 4 49 97 85 98 34 77 50 0 0 0 0 7 45 49 39 0 0 29 48 53 77 100 70 24 74 98 31 78 90 57 55 92 96 75 24 2 5 79 55 74 20 0 0 38 100 98 65 100 68 1 0 0 0 0 15 60 77 62 68 50 8 0 0 0 4 0 0 0 0 0 0 6 11 24 36 38
0 0 11 69 49 83 19 0 0 0 6 0 51 75 100 97 78 89 34 70 90 94 80 97 33 2 0 0 0 0 0 1 64 76 73 0 0 1 7 31 98 81 61 91 52 16 2 97 47 4 0 9 65 25 0 0 4 81 70 80 62 0 0 43 99 95 54 81 88 69 3 0 2 48 49 69 80 66 70 6 0 19 41 22 60 3 23 34 42 37 62 58 92 89 100 100
0 0 0 0 53 59 30 0 0 3 53 59 73 52 27 81 80 92 78 54 70 94 68 43 6 0 0 0 25 11 66 76 79 100 56 0 0 0 8 12 80 67 80 100 100 55 2 86 94 39 0 2 6 0 0 0 1 85 80 91 30 1 34 84 100 76 83 94 99 99 48 0 13 98 99 100 98 76 55 20 40 50 74 38 67 16 84 69 95 85 67 52 70 65 41 65
0 0 0 3 43 66 32 0 0 0 22 55 24 1 5 42 81 100 73 99 100 98 86 70 22 0 0 0 0 67 100 100 62 78 22 26 20 0 0 84 100 95 100 100 100 100 29 75 100 27 1 4 0 1 0 1 45 87 94 81 6 0 19 79 96 92 100 100 99 51 67 0 0 69 89 100 90 81 98 89 98 91 98 97 62 66 90 77 67 65 54 33 86 98 98 89
23 8 26 91 76 100 21 0 0 0 0 0 0 4 0 0 41 100 69 100 100 99 86 41 1 0 7 0 0 5 59 59 100 66 99 85 51 8 8 95 100 100 62 60 100 100 43 66 100 87 90 99 66 13 0 3 77 99 63 78 24 0 32 84 86 63 100 97 41 76 12 0 0 2 2 87 100 100 68 68 40 52 32 55 65 60 68 77 93 95 99 100 86 97 70 1
49 60 63 75 90 100 57 0 0 29 12 48 45 86 36 0 54 100 86 100 100 97 52 3 0 11 30 3 0 0 0 19 89 85 100 66 7 0 31 7 47 47 13 90 100 100 47 84 100 100 100 83 30 0 0 3 67 90 77 97 9 0 49 99 47 80 100 100 94 81 2 0 4 68 68 98 100 100 49 8 82 100 97 100 98 81 96 92 68 93 97 61 30 72 36 11
19 86 90 75 67 13 9 0 3 33 47 71 100 100 98 27 95 100 74 100 84 59 2 0 0 18 71 54 27 33 9 12 85 75 100 44 2 0 0 0 3 0 43 96 96 100 78 53 96 100 100 98 95 28 0 2 55 74 88 68 1 3 72 90 39 100 100 100 100 54 2 1 10 84 100 100 100 97 20 24 78 98 79 100 100 93 89 57 75 64 15 0 0 0 0 0
92 82 99 29 0 0 0 0 25 29 35 70 89 61 99 98 100 97 49 100 99 99 67 18 54 4 27 58 72 89 56 39 100 69 100 62 6 0 0 0 0 0 1 14 41 100 90 47 78 100 100 99 52 15 0 25 93 97 57 67 1 57 96 57 63 100 100 89 37 0 0 0 70 97 100 100 100 46 1 67 97 100 100 96 38 62 57 0 0 0 0 0 0 0 0 0
77 89 66 22 0 0 0 1 39 59 44 85 97 82 99 100 100 100 96 40 96 100 84 41 94 13 19 12 48 81 100 65 95 71 91 27 5 30 9 30 26 2 1 52 81 91 86 31 47 100 100 73 2 0 0 55 100 77 62 81 35 99 79 61 77 98 87 73 0 0 0 3 42 74 43 90 79 9 4 80 99 94 100 46 0 4 7 0 0 1 28 32 0 0 0 0
85 56 35 4 0 0 0 7 47 85 82 100 100 100 94 73 91 100 100 69 46 81 97 83 90 90 92 19 0 15 57 100 71 74 47 0 48 97 12 89 62 0 74 100 100 100 100 55 32 99 100 95 19 0 31 70 100 86 100 81 57 88 69 93 99 60 44 45 0 0 0 8 43 66 55 72 88 25 0 34 98 21 55 22 0 0 0 0 0 19 95 17 0 0 0 0
96 57 4 0 0 1 3 56 97 36 85 100 100 99 35 16 28 49 100 100 100 94 59 91 100 100 39 32 30 4 7 76 99 63 36 2 34 92 38 97 26 0 31 60 100 99 100 65 60 54 100 100 80 6 34 100 100 100 100 74 56 87 60 100 80 13 0 2 0 0 9 19 64 85 82 100 100 72 0 19 77 31 37 7 11 0 34 53 45 75 97 7 0 0 0 0
89 20 0 0 3 45 92 99 60 97 38 25 57 41 10 0 1 64 100 100 100 100 100 64 77 100 63 84 99 15 0 16 100 97 89 4 54 100 100 54 5 5 3 58 97 81 100 100 38 57 92 100 97 33 35 100 93 100 92 87 88 71 68 100 91 70 34 0 0 20 66 99 65 76 100 71 99 100 4 0 45 72 39 45 49 0 12 50 74 100 86 6 0 0 18 1
100 96 0 0 32 96 72 53 82 51 0 0 0 0 0 0 8 44 73 79 86 99 100 99 54 77 75 85 100 84 34 0 52 100 100 81 66 100 87 90 93 18 0 17 75 100 100 100 79 26 31 100 100 82 50 100 98 93 43 60 85 48 100 100 100 99 83 9 0 51 86 7 83 52 88 46 94 100 42 0 0 58 74 61 44 1 55 77 63 73 52 0 0 21 63 21
95 71 1 0 14 28 48 3 2 8 11 0 0 0 0 0 24 79 30 2 13 34 87 100 100 57 69 22 100 100 96 51 0 61 97 100 97 86 100 89 59 53 35 0 2 83 99 95 96 94 63 2 85 100 100 100 100 75 95 85 63 45 100 86 36 38 99 39 0 40 11 33 61 10 20 89 100 100 89 6 0 22 64 72 68 38 73 42 8 0 0 0 0 36 81 78
72 70 0 0 0 0 0 0 0 0 14 42 49 67 41 34 52 77 74 45 12 49 98 100 100 98 60 56 98 89 73 54 0 5 23 71 71 97 100 87 10 4 6 0 0 16 43 44 91 100 97 35 68 100 100 100 100 100 98 81 56 24 89 100 95 14 24 78 25 0 3 0 2 1 0 0 30 73 100 98 52 20 0 52 80 41 98 53 74 34 0 0 0 0 38 44
88 100 46 32 67 4 0 0 0 0 9 55 100 74 98 99 97 89 74 93 93 93 83 55 86 100 97 30 91 91 94 98 15 0 0 16 30 94 100 65 10 0 0 0 0 0 1 20 96 99 100 36 53 99 78 65 47 12 14 8 64 100 100 100 98 14 1 17 4 0 0 2 9 0 0 0 0 13 75 86 93 -9 3 16 41 33 99 56 37 1 0 0 0 0 0 2
100 59 0 49 86 1 0 0 0 0 0 18 78 90 70 85 98 96 100 100 100 100 35 2 84 100 100 55 43 71 91 75 45 23 24 97 100 84 89 95 55 16 38 7 0 0 5 36 100 100 100 93 44 23 45 81 99 100 93 95 100 100 100 98 68 13 0 0 0 0 49 80 66 37 4 51 9 10 84 100 37 -9 -9 14 11 58 71 98 58 12 0 0 0 0 0 0
99 76 2 65 86 37 37 44 0 0 1 16 0 11 5 18 90 90 99 100 100 100 54 26 80 90 100 100 100 59 74 87 83 20 0 16 82 99 58 100 83 68 92 35 7 3 36 92 100 100 100 99 7 24 100 100 100 100 100 100 100 100 100 49 5 0 0 0 0 1 27 16 70 17 19 47 3 2 41 59 -9 -9 -9 -9 -9 53 79 74 49 20 19 31 0 0 0 11
31 73 71 94 83 87 61 14 8 17 88 100 72 79 60 42 89 98 93 100 96 39 58 96 99 99 100 100 100 83 93 100 100 31 29 39 62 92 65 100 91 64 46 30 57 51 96 100 74 100 88 33 11 92 100 100 100 100 100 100 100 100 100 84 8 0 0 3 28 0 0 14 81 19 44 59 73 78 100 100 -9 -9 -9 -9 -9 -9 100 100 100 93 53 18 0 0 0 40
37 99 99 66 14 68 36 0 4 80 100 98 75 94 96 67 80 95 100 100 96 85 51 89 89 85 59 85 100 66 69 100 100 57 67 96 100 84 44 100 100 100 100 95 100 92 87 100 100 97 41 0 40 100 100 100 100 100 100 95 100 100 100 92 13 0 21 48 35 13 24 41 48 97 100 96 90 59 73 82 -9 -9 -9 -9 -9 -9 -9 -9 -9 -9 0 0 0 0 0 36
82 100 73 91 4 0 0 0 9 45 41 97 99 100 100 100 100 100 100 100 100 100 100 100 100 100 84 50 96 88 75 100 99 67 95 100 100 93 86 76 97 100 100 100 92 77 56 84 80 15 2 3 68 100 100 100 100 100 97 20 55 98 94 88 3 0 65 100 43 13 67 26 57 77 81 68 81 79 76 100 -9 -9 -9 -9 -9 -9 -9 -9 -9 -9 -9 -9 -9 -9 -9 54
100 51 76 72 7 0 6 1 20 17 39 79 34 92 91 95 97 96 98 100 87 99 100 100 100 100 100 89 43 33 52 100 91 100 94 61 57 41 52 76 5 28 19 38 67 68 87 84 24 3 0 38 87 93 100 100 95 56 41 13 0 13 17 19 0 0 70 100 36 1 74 74 96 78 100 71 83 65 21 -9 -9 -9 -9 -9 -9 -9 -9 -9 -9 -9 -9 -9 -9 -9 -9 -9
92 64 100 64 0 16 64 26 84 22 10 8 1 73 37 56 52 26 30 37 31 89 75 100 100 92 90 82 56 59 31 57 94 43 5 1 5 6 12 1 0 0 0 1 7 0 14 1 0 0 8 59 80 89 100 100 100 96 89 62 60 0 0 0 13 0 42 70 41 25 79 70 52 73 96 52 56 0 -9 -9 -9 -9 -9 -9 -9 -9 -9 -9 -9 -9 -9 -9 -9 -9 -9 -9
64 97 100 81 4 39 72 61 72 31 46 48 53 12 34 98 93 81 61 74 91 94 100 100 95 100 100 100 100 93 76 0 9 2 0 0 0 0 26 16 1 1 0 42 6 0 0 0 0 21 59 100 100 100 100 100 100 100 100 64 74 8 9 0 53 64 71 95 100 93 84 89 48 73 52 8 0 0 -9 -9 -9 -9 -9 -9 -9 -9 -9 -9 -9 -9 -9 -9 -9 -9 -9 -9
93 100 100 49 32 81 91 92 88 72 73 87 83 91 93 72 77 63 96 89 98 85 100 100 100 100 100 98 93 82 95 28 0 0 0 0 0 0 3 0 34 23 28 2 3 4 34 51 65 72 100 100 100 100 100 100 80 42 87 23 0 31 35 32 32 73 55 55 83 100 83 41 20 0 0 0 0 -9 -9 -9 -9 -9 -9 -9 -9 -9 -9 -9 -9 -9 -9 -9 -9 -9 -9 -9
