data/habitatmaps/RS_maps/habitat_Regulus.regulus_2019.asc
NCOLS 369 
NROWS 228 
XLLCORNER 479000 
YLLCORNER 73000 
CELLSIZE 1000 
NODATA_value -9 
[rows 0 to 62 of 228, columns 96 to 191 of 369]
-9 -9 -9 -9 -9 -9 -9 -9 -9 -9 -9 -9 -9 -9 -9 -9 -9 -9 -9 -9 -9 -9 -9 -9 -9 -9 -9 -9 -9 -9 -9 -9 -9 -9 -9 -9 -9 -9 -9 -9 -9 -9 -9 -9 -9 -9 -9 -9 -9 -9 -9 -9 -9 -9 -9 -9 -9 -9 -9 -9 -9 -9 -9 -9 -9 -9 -9 -9 -9 -9 -9 -9 -9 -9 -9 -9 -9 -9 -9 -9 -9 -9 -9 -9 -9 -9 -9 -9 -9 -9 -9 -9 -9 -9 42 69
-9 -9 -9 -9 -9 -9 -9 -9 -9 -9 -9 -9 -9 -9 -9 -9 -9 -9 -9 -9 -9 -9 -9 -9 -9 -9 -9 -9 -9 -9 -9 -9 -9 -9 -9 -9 -9 -9 -9 -9 -9 -9 -9 -9 -9 -9 -9 -9 -9 -9 -9 -9 -9 -9 -9 -9 -9 -9 -9 -9 -9 -9 -9 -9 -9 -9 -9 -9 -9 -9 -9 -9 -9 -9 -9 -9 -9 -9 -9 -9 -9 -9 -9 -9 -9 -9 -9 -9 -9 -9 -9 -9 -9 45 42 69
-9 -9 -9 -9 -9 -9 -9 -9 -9 -9 -9 -9 -9 -9 -9 -9 -9 -9 -9 -9 -9 -9 -9 -9 -9 -9 -9 -9 -9 -9 -9 -9 -9 -9 -9 -9 -9 -9 -9 -9 -9 -9 -9 -9 -9 -9 -9 -9 -9 -9 -9 -9 -9 -9 -9 -9 -9 -9 -9 -9 -9 -9 -9 -9 -9 -9 -9 -9 -9 -9 -9 -9 -9 -9 -9 -9 -9 -9 -9 -9 -9 -9 -9 -9 -9 -9 -9 -9 -9 -9 -9 -9 -9 25 60 81
-9 -9 -9 -9 -9 -9 -9 -9 -9 -9 -9 -9 -9 -9 -9 -9 -9 -9 -9 -9 -9 -9 -9 -9 -9 -9 -9 -9 -9 -9 -9 -9 -9 -9 -9 -9 -9 -9 -9 -9 -9 -9 -9 -9 -9 -9 -9 -9 -9 -9 -9 -9 -9 -9 -9 -9 -9 -9 -9 -9 -9 -9 -9 -9 -9 -9 -9 -9 -9 -9 -9 -9 -9 -9 -9 -9 -9 -9 -9 -9 -9 -9 -9 -9 -9 -9 -9 -9 -9 -9 -9 -9 10 14 46 48
-9 -9 -9 -9 -9 -9 -9 -9 -9 -9 -9 -9 -9 -9 -9 -9 -9 -9 -9 -9 -9 -9 -9 -9 -9 -9 -9 -9 -9 -9 -9 -9 -9 -9 -9 -9 -9 -9 -9 -9 -9 -9 -9 -9 -9 -9 -9 -9 -9 -9 -9 -9 -9 -9 -9 -9 -9 -9 -9 -9 -9 -9 -9 -9 -9 -9 -9 -9 -9 -9 -9 -9 -9 -9 -9 -9 -9 -9 -9 -9 -9 -9 -9 -9 -9 -9 -9 -9 -9 -9 -9 15 0 0 0 2
-9 -9 -9 -9 -9 -9 -9 -9 -9 -9 -9 -9 -9 -9 -9 -9 -9 -9 -9 -9 -9 -9 -9 -9 -9 -9 -9 -9 -9 -9 -9 -9 -9 -9 -9 -9 -9 -9 -9 -9 -9 -9 -9 -9 -9 -9 -9 -9 -9 -9 -9 -9 -9 -9 -9 -9 -9 -9 -9 -9 -9 -9 -9 -9 -9 -9 -9 -9 -9 -9 -9 -9 -9 -9 -9 -9 -9 -9 -9 -9 -9 -9 -9 -9 -9 -9 -9 -9 -9 -9 -9 60 0 0 61 34
-9 -9 -9 -9 -9 -9 -9 -9 -9 -9 -9 -9 -9 -9 -9 -9 -9 -9 -9 -9 -9 -9 -9 -9 -9 -9 -9 -9 -9 -9 -9 -9 -9 -9 -9 -9 -9 -9 -9 -9 -9 -9 -9 -9 -9 -9 -9 -9 -9 -9 -9 -9 -9 -9 -9 -9 -9 -9 -9 -9 -9 -9 -9 -9 -9 -9 -9 -9 -9 -9 -9 -9 -9 -9 -9 -9 -9 -9 -9 -9 -9 -9 -9 -9 -9 -9 -9 -9 -9 -9 75 97 26 0 6 9
-9 -9 -9 -9 -9 -9 -9 -9 -9 -9 -9 -9 -9 -9 -9 -9 -9 -9 -9 -9 -9 -9 -9 -9 -9 -9 -9 -9 -9 -9 -9 -9 -9 -9 -9 -9 -9 -9 -9 -9 -9 -9 -9 -9 -9 -9 -9 -9 -9 -9 -9 -9 -9 -9 -9 -9 -9 -9 -9 -9 -9 -9 -9 -9 -9 -9 -9 -9 -9 -9 -9 -9 -9 -9 -9 -9 -9 -9 -9 -9 -9 -9 -9 -9 -9 -9 -9 -9 -9 76 93 100 48 4 58 33
-9 -9 -9 -9 -9 -9 -9 -9 -9 -9 -9 -9 -9 -9 -9 -9 -9 -9 -9 -9 -9 -9 -9 -9 -9 -9 -9 -9 -9 -9 -9 -9 -9 -9 -9 -9 -9 -9 -9 -9 -9 -9 -9 -9 -9 -9 -9 -9 -9 -9 -9 -9 -9 -9 -9 -9 -9 -9 -9 -9 -9 -9 -9 -9 -9 -9 -9 -9 -9 -9 -9 -9 -9 -9 -9 -9 -9 -9 -9 -9 -9 -9 -9 -9 -9 -9 -9 -9 100 100 100 100 42 15 73 22
-9 -9 -9 -9 -9 -9 -9 -9 -9 -9 -9 -9 -9 -9 -9 -9 -9 -9 -9 -9 -9 -9 -9 -9 -9 -9 -9 -9 -9 -9 -9 -9 -9 -9 -9 -9 -9 -9 -9 -9 -9 -9 -9 -9 -9 -9 -9 -9 -9 -9 -9 -9 -9 -9 -9 -9 -9 -9 -9 -9 -9 -9 -9 -9 -9 -9 -9 -9 -9 -9 -9 -9 -9 -9 -9 -9 -9 -9 -9 -9 -9 -9 -9 -9 -9 -9 -9 -9 86 100 100 100 84 0 0 0
-9 -9 -9 -9 -9 -9 -9 -9 -9 -9 -9 -9 -9 -9 -9 -9 -9 -9 -9 -9 -9 -9 -9 -9 -9 -9 -9 -9 -9 -9 -9 -9 -9 -9 -9 -9 -9 -9 -9 -9 -9 -9 -9 -9 -9 -9 -9 -9 -9 -9 -9 -9 -9 -9 -9 -9 -9 -9 -9 -9 -9 -9 -9 -9 -9 -9 -9 -9 -9 -9 -9 -9 -9 -9 -9 -9 -9 -9 -9 -9 -9 -9 -9 -9 -9 -9 -9 46 74 91 96 100 100 9 0 0
-9 -9 -9 -9 -9 -9 -9 -9 -9 -9 -9 -9 -9 -9 -9 -9 -9 -9 -9 -9 -9 -9 -9 -9 -9 -9 -9 -9 -9 -9 -9 -9 -9 -9 -9 -9 -9 -9 -9 -9 -9 -9 -9 -9 -9 -9 -9 -9 -9 -9 -9 -9 -9 -9 -9 -9 -9 -9 -9 -9 -9 -9 -9 -9 -9 -9 -9 -9 -9 -9 -9 -9 -9 -9 -9 -9 -9 -9 -9 -9 -9 -9 -9 -9 -9 -9 24 40 76 36 0 30 91 12 0 0
-9 -9 -9 -9 -9 -9 -9 -9 -9 -9 -9 -9 -9 -9 -9 -9 -9 -9 -9 -9 -9 -9 -9 -9 -9 -9 -9 -9 -9 -9 -9 -9 -9 -9 -9 -9 -9 -9 -9 -9 -9 -9 -9 -9 -9 -9 -9 -9 -9 -9 -9 -9 -9 -9 -9 -9 -9 -9 -9 -9 -9 -9 -9 -9 -9 -9 -9 -9 -9 -9 -9 -9 -9 -9 -9 -9 -9 -9 -9 -9 -9 -9 -9 -9 -9 -9 23 77 53 26 7 46 100 24 12 0
-9 -9 -9 -9 -9 -9 -9 -9 -9 -9 -9 -9 -9 -9 -9 -9 -9 -9 -9 -9 -9 -9 -9 -9 -9 -9 -9 -9 -9 -9 -9 -9 -9 -9 -9 -9 -9 -9 -9 -9 -9 -9 -9 -9 -9 -9 -9 -9 -9 -9 -9 -9 -9 -9 -9 -9 -9 -9 -9 -9 -9 -9 -9 -9 -9 -9 -9 -9 -9 -9 -9 -9 -9 -9 -9 -9 -9 -9 -9 -9 -9 -9 -9 -9 -9 -9 49 97 75 92 74 88 79 65 92 24
-9 -9 -9 -9 -9 -9 -9 -9 -9 -9 -9 -9 -9 -9 -9 -9 -9 -9 -9 -9 -9 -9 -9 -9 -9 -9 -9 -9 -9 -9 -9 -9 -9 -9 -9 -9 -9 -9 -9 -9 -9 -9 -9 -9 -9 -9 -9 -9 -9 -9 -9 -9 -9 -9 -9 -9 -9 -9 -9 -9 -9 -9 -9 -9 -9 -9 -9 -9 -9 -9 -9 -9 -9 -9 -9 -9 -9 -9 -9 -9 72 74 76 37 38 74 68 58 44 34 71 7 75 36 31 13
-9 -9 -9 -9 -9 -9 -9 -9 -9 -9 -9 -9 -9 -9 -9 -9 -9 -9 -9 -9 -9 -9 -9 -9 -9 -9 -9 -9 -9 -9 -9 -9 -9 -9 -9 -9 -9 -9 -9 -9 -9 -9 -9 -9 -9 -9 -9 -9 -9 -9 -9 -9 -9 -9 -9 -9 -9 -9 -9 -9 -9 -9 -9 -9 -9 -9 -9 -9 -9 -9 -9 -9 -9 -9 -9 -9 62 90 10 22 24 24 61 58 4 91 77 12 0 0 8 0 37 8 0 0
-9 -9 -9 -9 -9 -9 -9 -9 -9 -9 -9 -9 -9 -9 -9 -9 -9 -9 -9 -9 -9 -9 -9 -9 -9 -9 -9 -9 -9 -9 -9 -9 -9 -9 -9 -9 -9 -9 -9 -9 -9 -9 6 19 31 26 -9 -9 -9 -9 -9 -9 -9 -9 -9 -9 -9 -9 -9 -9 -9 -9 -9 -9 -9 -9 -9 -9 -9 -9 -9 -9 -9 -9 -9 75 62 65 29 70 55 76 75 100 39 58 72 48 0 8 4 0 33 6 12 0
-9 -9 -9 -9 -9 -9 -9 -9 -9 -9 -9 -9 -9 -9 -9 -9 -9 -9 -9 -9 -9 -9 -9 -9 -9 -9 -9 -9 -9 -9 -9 -9 -9 -9 -9 0 0 0 0 0 0 1 8 6 0 6 1 52 4 40 -9 -9 -9 -9 -9 -9 -9 -9 -9 -9 -9 -9 -9 -9 -9 -9 -9 -9 -9 -9 -9 -9 -9 39 36 77 76 26 46 68 71 85 81 73 65 13 0 73 36 61 44 3 0 19 27 14
-9 -9 -9 -9 -9 -9 -9 -9 -9 -9 -9 -9 -9 -9 -9 -9 -9 -9 -9 -9 -9 -9 -9 -9 -9 -9 -9 -9 -9 -9 -9 0 0 0 0 0 0 0 0 0 0 0 17 0 28 0 0 3 0 20 33 -9 79 25 31 35 10 38 81 41 46 0 -9 -9 -9 -9 -9 -9 -9 -9 -9 -9 100 23 16 55 85 18 54 78 100 91 47 26 86 5 2 66 26 2 11 30 0 41 32 18
-9 -9 -9 -9 -9 -9 -9 -9 -9 -9 -9 -9 -9 -9 -9 -9 -9 -9 -9 -9 -9 -9 -9 -9 -9 -9 -9 -9 -9 -9 0 0 0 0 0 0 0 0 0 0 0 0 11 1 38 29 7 14 17 0 0 3 47 26 25 6 3 60 72 25 40 2 22 92 100 100 -9 -9 -9 -9 98 72 100 68 20 67 92 66 24 66 79 22 0 9 53 46 50 22 0 0 22 11 0 38 43 0
-9 -9 -9 -9 -9 -9 -9 -9 -9 -9 -9 -9 -9 -9 -9 -9 -9 -9 -9 -9 -9 -9 -9 -9 -9 -9 -9 -9 0 0 0 0 0 0 0 0 0 0 0 0 0 0 0 0 0 24 21 15 3 0 0 0 15 0 0 0 0 0 29 62 43 33 78 100 100 66 31 -9 -9 38 26 4 22 82 33 96 100 53 8 4 14 26 15 63 9 13 10 0 0 0 0 0 20 35 23 0
-9 -9 -9 -9 -9 -9 -9 -9 -9 -9 -9 -9 -9 -9 -9 -9 -9 -9 -9 -9 -9 -9 -9 -9 -9 -9 -9 0 0 0 0 0 0 0 0 0 0 0 0 0 0 0 6 8 15 10 43 47 20 3 11 0 26 0 0 0 22 45 80 8 12 69 100 100 95 20 1 36 40 56 4 0 0 27 81 99 87 16 9 0 1 14 17 44 0 0 15 70 54 5 0 37 0 0 0 0
-9 -9 -9 -9 -9 -9 -9 -9 -9 -9 -9 -9 -9 -9 -9 -9 -9 -9 -9 -9 -9 -9 -9 -9 -9 0 0 0 0 0 0 0 0 0 0 0 0 0 0 0 0 3 39 25 41 20 0 63 25 0 44 5 22 0 0 0 20 21 8 49 73 25 57 84 84 50 15 33 19 30 90 81 33 49 93 20 23 0 0 0 0 0 0 2 15 4 0 26 7 0 5 56 15 0 0 3
-9 -9 -9 -9 -9 -9 -9 -9 -9 -9 -9 -9 -9 -9 -9 -9 -9 -9 -9 -9 -9 -9 -9 -9 0 0 0 22 0 0 0 11 10 0 0 0 0 0 0 0 0 0 0 0 16 29 5 23 8 0 0 2 3 0 0 0 60 12 8 8 52 65 61 41 75 11 28 65 68 80 86 9 12 73 92 42 10 0 0 0 0 0 0 0 0 24 21 0 0 1 6 0 0 0 0 31
-9 -9 -9 -9 -9 -9 -9 -9 -9 -9 -9 -9 -9 -9 -9 -9 -9 -9 -9 -9 -9 -9 -9 0 0 0 0 3 0 0 0 0 12 17 0 0 0 0 0 0 0 0 0 0 0 0 0 0 0 0 0 4 0 4 19 0 32 62 54 4 12 58 70 40 33 4 12 46 34 100 67 31 0 17 44 19 31 0 0 0 0 25 6 65 16 0 0 0 0 20 0 54 3 0 0 38
-9 -9 -9 -9 -9 -9 -9 -9 -9 -9 -9 -9 -9 -9 -9 -9 -9 -9 -9 -9 -9 -9 0 0 0 0 0 0 0 0 0 0 0 0 0 0 0 0 0 0 0 0 0 0 0 0 0 0 0 0 0 19 8 0 6 30 46 34 50 2 0 12 26 0 32 2 0 0 74 72 24 16 47 34 48 48 0 0 0 0 0 1 0 0 24 0 0 0 0 0 0 0 0 14 41 17
-9 -9 -9 -9 -9 -9 -9 -9 -9 -9 -9 -9 -9 -9 -9 -9 -9 -9 -9 -9 -9 0 0 0 0 0 0 0 0 0 0 0 0 0 0 0 0 0 0 0 0 0 0 0 0 0 0 17 0 0 0 6 48 1 29 36 4 17 12 0 9 57 32 0 55 41 0 2 30 34 38 12 38 8 5 1 0 0 9 0 11 27 0 0 0 0 0 0 0 0 0 0 0 2 27 1
0 0 0 0 -9 -9 -9 -9 -9 -9 -9 -9 -9 -9 -9 -9 -9 -9 -9 -9 0 0 0 0 0 0 0 0 0 0 0 0 0 0 0 0 0 0 0 0 0 0 0 0 0 0 0 17 0 0 0 0 18 31 57 9 0 0 0 0 6 33 18 0 0 52 56 48 21 49 63 86 65 75 39 0 0 0 29 16 0 0 29 42 2 0 32 26 0 0 0 0 0 0 0 0
0 0 0 31 15 0 0 0 0 -9 -9 -9 -9 -9 -9 -9 -9 -9 -9 -9 0 0 0 0 0 0 0 0 0 0 0 0 0 0 0 0 0 0 0 0 0 0 0 0 0 0 0 0 0 0 0 0 17 24 34 0 36 25 0 0 25 10 12 0 0 24 43 81 72 89 33 37 14 24 38 0 0 0 0 0 0 0 32 53 32 16 40 54 21 0 0 0 0 0 0 0
0 0 0 3 0 13 38 0 0 0 0 0 0 -9 -9 -9 -9 -9 -9 0 0 0 0 0 0 0 0 0 0 0 0 0 0 0 0 0 0 0 0 0 0 0 0 0 0 0 0 0 0 0 0 0 0 1 25 0 25 64 0 0 11 0 31 38 42 76 21 44 84 28 10 54 0 1 6 0 0 0 2 13 2 11 20 71 17 25 10 66 53 0 0 0 0 0 5 0
4 0 0 0 0 17 8 0 0 0 0 0 0 0 -9 -9 -9 -9 0 0 0 0 0 0 0 0 0 0 0 0 0 0 0 0 0 0 0 0 0 0 0 0 0 0 0 0 0 0 0 0 0 0 0 13 62 3 16 62 45 17 0 41 93 43 42 40 42 75 7 0 11 32 14 29 0 0 44 54 73 100 54 84 35 16 2 3 5 4 95 35 0 0 0 23 36 0
0 0 0 0 0 0 0 0 0 0 0 0 0 0 0 0 0 0 0 0 0 0 0 0 0 0 0 0 0 0 0 0 0 0 0 0 0 0 0 0 0 0 0 0 0 0 0 0 0 0 0 0 0 33 62 49 45 76 90 96 23 58 90 47 30 44 1 54 54 6 42 13 8 17 0 20 81 56 60 26 69 75 35 18 29 1 0 0 61 100 63 0 0 11 38 0
0 0 0 0 0 0 0 0 0 0 0 0 0 0 0 0 0 0 0 0 0 0 0 0 0 0 0 0 0 0 2 2 0 0 0 0 0 0 0 0 0 0 0 0 0 0 0 0 0 0 0 0 1 64 9 0 0 0 0 9 22 38 100 71 28 72 38 2 85 47 2 7 4 1 8 95 59 40 6 0 43 59 44 30 68 13 11 12 0 56 76 52 49 23 21 4
0 0 0 0 0 0 0 0 0 0 0 0 0 0 0 0 0 0 0 0 0 0 0 0 0 0 0 0 0 0 12 10 0 0 0 0 0 0 0 0 0 0 0 0 0 0 0 0 0 0 0 0 7 99 43 0 0 0 0 32 0 13 32 1 0 2 35 28 81 19 0 1 80 75 80 69 66 0 0 0 5 64 29 79 16 67 11 11 18 44 23 38 60 82 19 27
0 0 0 0 0 0 0 0 0 0 25 2 0 0 0 0 0 0 0 0 0 0 0 0 0 0 0 0 0 0 0 0 0 0 0 0 0 0 0 1 3 16 0 0 0 0 0 0 0 0 1 8 20 45 0 0 0 0 20 15 0 0 0 0 0 0 2 58 31 18 1 33 48 100 66 32 34 0 0 0 0 0 34 54 59 85 21 5 0 39 75 50 39 24 66 26
0 0 0 0 0 0 0 0 0 0 3 0 0 0 0 0 0 3 22 0 0 0 0 0 0 0 0 0 0 0 21 30 5 8 0 0 0 0 0 32 95 45 0 0 0 0 0 0 22 66 78 100 80 94 71 47 51 21 68 94 77 35 67 20 0 0 0 78 100 64 8 24 23 51 2 12 9 0 0 36 33 51 81 64 51 75 0 0 0 24 68 5 79 100 97 10
0 0 0 0 0 0 0 0 0 0 0 0 0 0 0 0 0 0 5 0 0 0 0 0 0 0 0 0 0 0 17 47 70 51 0 0 0 0 2 1 35 0 0 0 0 0 0 2 83 93 89 97 45 6 20 16 12 22 50 40 60 64 13 30 55 33 7 46 42 84 17 19 32 6 6 0 0 27 34 92 50 54 88 13 48 50 19 30 10 33 0 0 30 79 78 10
0 0 0 15 6 9 0 0 0 0 0 0 0 0 0 0 0 0 0 0 0 0 0 0 0 0 0 0 0 0 0 0 10 0 0 0 0 0 18 32 0 0 0 0 0 16 0 1 65 62 3 5 1 0 0 1 36 84 63 0 6 7 48 11 15 28 36 5 7 22 33 14 37 62 93 68 39 1 17 56 58 52 94 20 13 35 98 98 98 81 15 3 0 11 2 35
0 0 0 7 20 0 0 0 0 0 0 0 0 0 0 0 0 0 0 0 0 0 0 0 0 0 0 0 0 0 0 0 0 0 0 0 11 0 24 73 12 18 0 0 0 8 0 31 4 0 0 20 23 29 20 60 49 0 30 69 34 0 0 14 0 47 41 52 0 0 35 16 35 54 7 27 45 6 4 56 51 4 2 0 0 14 89 58 95 100 98 21 1 45 3 7
0 0 0 0 0 0 0 0 14 6 0 0 41 29 0 0 45 26 17 8 0 0 0 0 58 0 0 0 0 0 0 0 0 0 0 22 50 0 0 1 54 76 34 0 0 0 0 0 51 0 55 14 81 66 11 8 14 0 10 62 48 2 0 10 33 4 8 15 0 0 35 34 0 0 20 42 82 87 54 28 59 30 35 67 42 0 0 18 47 90 96 4 0 17 17 0
0 0 0 0 0 0 35 0 15 0 0 1 17 0 0 0 37 76 90 91 40 3 0 14 45 11 0 0 0 0 0 0 0 0 16 76 19 0 0 0 53 14 49 40 0 0 0 83 100 56 41 16 38 4 0 57 43 24 33 36 6 0 0 47 100 40 0 0 2 29 42 1 38 0 6 0 42 23 23 31 72 26 100 61 6 4 0 0 0 4 32 27 6 0 6 5
27 0 4 65 60 88 66 0 0 0 0 18 0 0 0 0 4 36 80 91 8 0 0 0 0 0 0 45 18 9 13 0 0 0 0 0 0 0 0 6 93 42 98 57 56 44 13 12 49 96 82 97 16 42 45 10 54 52 8 0 31 33 60 15 26 27 10 32 74 39 42 16 29 0 30 77 27 50 50 12 43 22 13 0 27 47 72 33 9 5 0 9 16 22 56 43
21 10 0 3 82 93 2 26 0 11 43 32 0 0 0 0 24 7 0 22 25 25 0 10 11 0 0 20 5 0 0 0 11 0 0 0 0 0 0 4 25 1 1 0 22 77 64 10 25 42 83 58 0 52 96 19 18 6 0 0 28 100 100 61 32 0 24 75 43 46 20 2 35 0 57 65 16 59 73 18 29 65 0 6 22 15 75 38 67 50 0 0 0 18 76 78
17 0 0 22 76 91 6 41 18 40 34 44 0 0 0 16 99 87 45 11 0 5 0 7 0 19 0 0 0 22 37 31 93 56 59 18 0 7 29 47 39 38 39 16 27 61 31 37 50 7 21 2 2 31 39 0 0 0 0 0 66 54 68 79 38 0 22 36 33 40 12 0 71 45 61 59 61 41 52 41 86 65 28 8 54 23 35 11 50 66 10 0 0 29 80 87
0 0 0 36 52 54 1 0 69 23 0 0 0 86 66 8 51 69 47 49 38 7 1 2 21 19 38 78 99 82 79 90 69 30 15 10 0 5 52 77 33 5 0 32 74 16 17 19 73 90 93 84 17 29 0 0 0 12 53 61 25 57 38 93 77 38 0 0 4 46 42 2 30 57 50 47 60 17 0 29 28 13 17 28 77 4 21 7 43 100 17 0 0 37 73 9
0 0 6 32 93 65 10 22 5 0 39 27 35 67 78 44 16 8 22 90 55 96 94 78 84 97 100 92 82 88 26 46 38 20 56 38 0 0 77 32 0 0 0 29 35 77 52 25 46 23 92 33 21 50 11 39 68 75 30 94 33 65 11 17 25 74 14 0 43 80 55 9 53 69 2 1 20 2 0 1 33 0 15 1 0 38 44 27 53 71 89 29 5 21 59 0
15 32 67 37 70 74 0 10 27 8 28 41 17 97 62 22 24 1 0 0 7 38 88 98 78 93 85 74 65 75 82 51 52 43 22 41 0 18 70 20 13 0 0 25 31 76 40 22 69 70 88 1 0 45 69 28 86 89 7 9 0 12 15 0 3 85 96 24 19 0 3 0 0 4 4 7 4 44 1 23 98 53 0 1 0 20 44 20 2 29 100 89 10 48 0 32
0 0 42 1 29 78 4 57 91 61 25 27 47 67 62 34 42 12 61 57 63 88 98 66 50 23 10 64 6 20 62 11 18 60 47 0 0 41 84 50 33 0 0 0 0 22 57 51 42 54 59 6 12 56 6 42 85 31 0 0 0 0 0 24 13 28 25 50 24 0 0 0 0 5 59 0 4 36 40 2 23 72 21 18 76 51 79 32 5 38 52 71 78 9 0 30
0 0 2 0 0 13 0 25 93 46 31 89 97 36 38 67 24 34 68 60 70 53 18 2 0 0 19 17 0 0 0 14 0 14 38 0 0 0 51 49 12 0 0 0 15 28 79 44 1 0 6 46 42 62 3 25 24 69 4 0 0 0 21 25 50 75 81 65 0 0 0 0 0 25 73 42 53 3 14 0 14 43 92 42 5 31 21 25 61 18 0 23 77 89 3 0
12 0 0 0 39 0 0 32 77 46 94 65 33 9 32 19 46 35 36 12 52 37 12 0 16 32 4 44 28 6 0 0 0 21 94 55 10 0 0 15 76 5 0 0 24 14 31 11 0 38 26 10 1 26 0 12 12 21 0 0 6 69 21 12 46 66 48 39 5 2 0 0 0 2 64 61 36 34 27 25 0 8 51 41 7 24 4 0 6 66 11 4 75 51 44 0
0 0 0 0 46 35 48 46 99 92 100 51 2 10 34 57 62 20 0 0 41 58 66 9 10 59 23 0 58 6 0 0 0 46 45 84 25 18 0 38 33 60 18 0 0 6 50 21 5 10 0 4 21 65 16 11 76 74 66 39 75 64 80 16 49 71 36 0 32 99 27 0 0 37 94 70 2 57 97 24 13 81 53 23 83 70 77 38 1 15 0 0 2 62 99 50
0 0 1 38 47 56 40 67 52 41 1 4 47 15 64 62 68 51 49 39 45 26 43 37 69 75 44 60 85 43 1 0 1 35 58 59 82 36 62 40 5 58 0 14 40 32 60 45 17 56 44 36 50 50 11 4 26 60 45 27 55 98 78 21 22 15 39 3 51 68 2 0 0 44 54 39 1 25 44 3 12 48 13 3 41 26 36 68 42 0 33 2 0 48 79 17
31 1 0 12 40 62 72 90 43 31 17 15 18 26 68 87 98 50 8 38 34 65 53 73 72 89 63 43 80 48 73 7 16 46 64 18 13 0 8 6 29 1 52 72 69 83 57 50 33 63 91 39 12 55 23 46 78 14 0 29 57 43 6 0 0 14 70 0 0 0 0 15 3 0 3 15 0 0 0 0 0 17 69 0 0 0 0 33 54 0 66 25 3 8 40 44
80 30 71 74 71 59 53 27 45 76 39 11 14 92 77 57 55 11 44 60 91 100 63 40 54 45 4 0 0 0 25 1 15 8 9 24 44 78 60 70 54 13 32 50 56 72 91 27 73 64 40 42 33 47 36 42 13 0 0 9 34 31 11 0 8 41 49 0 34 68 9 78 16 5 66 53 67 23 22 12 22 83 46 25 0 10 83 45 46 7 25 13 50 0 0 26
33 0 0 40 39 49 37 51 52 50 79 37 69 87 35 17 3 0 4 0 18 31 23 84 94 100 95 29 38 42 59 31 38 74 62 70 44 79 28 58 3 0 16 0 0 3 31 62 78 24 0 31 53 42 7 28 73 11 0 43 62 27 3 25 65 43 0 23 40 84 50 5 25 13 19 66 100 46 61 69 100 74 44 43 0 0 6 22 31 46 4 0 0 0 0 3
5 13 24 6 9 64 66 45 57 9 56 79 39 19 22 10 0 0 0 0 0 0 0 21 21 30 33 8 8 28 0 53 95 84 63 31 7 31 63 53 53 39 9 0 0 64 48 38 30 49 43 17 35 80 23 41 55 56 66 32 11 18 14 46 1 0 0 0 65 100 41 0 37 99 46 2 17 100 63 9 25 77 71 100 45 1 0 0 0 60 82 64 1 0 0 0
64 42 65 53 13 7 21 0 0 38 74 72 68 16 17 31 0 0 2 10 0 0 0 0 4 23 0 0 0 0 17 75 29 18 66 37 92 64 31 34 36 35 3 14 23 20 36 83 34 30 16 31 97 51 56 96 17 8 0 2 4 60 19 7 7 0 0 8 95 97 10 0 46 88 91 71 14 63 83 1 0 12 5 85 100 65 0 0 0 2 76 100 52 0 0 0
22 8 48 55 65 72 25 0 0 71 65 20 47 0 0 0 0 0 44 41 0 3 31 45 12 32 39 15 5 0 29 60 12 16 41 64 66 51 39 27 24 9 45 63 20 25 45 5 21 16 9 29 79 46 46 5 0 0 0 0 0 0 51 1 11 37 34 49 100 55 0 0 22 65 74 59 13 47 84 0 0 21 21 74 100 100 19 28 0 0 19 93 95 38 9 4
28 10 60 87 62 42 33 0 0 0 0 0 0 7 26 25 0 8 7 9 25 25 64 31 57 63 54 65 70 60 51 84 80 19 47 39 5 10 49 52 42 58 29 34 32 64 68 46 35 25 34 88 77 31 0 0 0 2 0 0 5 21 0 0 0 26 51 43 88 0 0 0 41 100 58 68 21 36 49 0 6 29 24 0 34 82 2 31 17 2 0 14 75 9 22 34
41 45 67 52 14 37 13 0 7 8 14 25 18 82 70 83 46 73 59 78 84 75 47 5 0 0 30 20 42 85 84 61 72 67 58 39 39 20 9 47 9 49 2 44 61 46 62 88 80 38 40 34 1 0 0 0 12 85 88 19 10 18 1 19 23 17 13 58 40 22 0 2 27 79 44 44 45 37 58 1 12 5 0 0 3 41 0 0 39 30 0 0 86 39 30 31
42 68 10 6 43 94 28 0 59 84 97 99 48 60 42 54 91 100 100 93 93 78 90 44 57 52 77 87 76 61 98 39 9 41 18 24 11 37 33 80 5 43 0 0 7 45 51 83 76 56 11 0 0 0 0 0 0 22 13 0 0 0 30 32 35 7 21 49 72 53 38 8 68 91 47 13 17 21 75 50 0 2 0 0 29 0 3 21 11 41 0 0 22 24 6 4
24 32 61 77 45 42 32 8 70 85 69 26 74 6 21 85 97 98 46 23 1 51 72 54 36 49 66 58 53 71 75 20 14 70 31 42 49 30 2 0 0 0 32 50 37 45 51 44 0 0 0 0 0 0 0 13 0 0 0 0 0 0 0 25 66 85 75 20 40 46 73 28 43 71 53 38 4 51 45 90 45 43 17 0 0 43 0 45 70 26 1 0 0 0 0 4
18 89 69 27 69 62 51 60 55 36 38 42 24 84 92 97 54 13 64 68 38 95 64 59 69 61 51 5 4 52 59 83 72 47 20 37 5 0 0 0 0 1 6 0 0 4 14 39 0 0 0 0 6 75 18 60 17 1 22 25 0 0 0 17 42 38 48 59 27 37 29 23 54 3 15 24 35 1 18 26 83 64 0 0 0 7 0 13 42 77 33 0 0 10 4 4
