data/habitatmaps/RS_maps/habitat_Prunella.modularis_2011.asc
NCOLS 369 
NROWS 228 
XLLCORNER 479000 
YLLCORNER 73000 
CELLSIZE 1000 
NODATA_value -9 
[rows 59 to 117 of 228, columns 192 to 287 of 369]
4 25 92 36 9 27 0 23 51 69 29 0 0 0 0 0 19 89 31 26 17 36 24 34 5 4 26 1 0 19 30 1 0 0 24 53 18 36 59 18 9 39 92 82 100 100 68 81 50 70 40 16 54 18 76 84 47 51 64 10 31 33 36 3 30 16 58 16 14 68 58 46 56 52 32 61 46 57 55 45 8 4 14 37 88 91 96 94 56 34 0 22 16 22 13 0
20 33 29 3 52 9 53 28 37 60 63 3 6 0 0 0 0 26 62 43 74 70 38 5 25 9 0 20 13 34 20 1 1 0 9 14 54 2 42 30 9 5 68 90 92 98 72 87 59 55 42 42 61 27 33 23 20 11 43 54 19 34 5 35 58 68 50 27 23 39 33 82 59 70 81 72 66 69 49 15 6 19 20 36 82 90 97 59 22 19 17 0 0 4 13 11
24 0 29 53 38 3 49 54 38 35 55 28 57 3 0 0 0 3 2 0 46 80 69 2 24 35 0 0 0 4 12 3 49 39 43 12 28 17 70 31 6 15 39 31 74 85 42 58 70 85 82 65 39 28 21 25 36 31 45 27 16 41 43 46 91 80 87 52 33 52 71 80 73 93 94 82 96 78 41 45 0 36 12 21 79 96 80 43 0 67 34 0 0 0 27 9
21 4 68 87 14 4 58 65 34 92 84 36 20 3 0 0 0 0 0 6 33 84 75 21 16 1 3 32 32 0 0 10 28 53 8 1 5 36 26 19 24 38 30 56 52 30 15 15 75 78 71 26 35 41 4 53 25 52 53 36 24 43 21 52 93 91 86 85 76 96 96 80 93 100 96 98 97 92 66 56 49 35 85 27 99 98 23 3 24 55 85 23 0 0 0 0
14 15 5 29 7 0 26 23 34 46 84 36 19 63 27 0 0 0 0 0 18 5 35 62 23 1 0 17 38 1 0 0 32 6 0 0 1 27 21 17 0 10 35 34 40 17 27 55 66 43 15 10 53 32 30 26 36 17 19 50 57 75 44 94 94 88 80 93 97 98 87 90 90 87 68 68 93 97 82 61 29 55 61 70 97 51 0 25 67 59 100 71 0 0 0 50
1 22 0 45 2 1 36 42 47 34 33 57 66 81 78 0 0 0 0 3 6 15 16 12 28 36 0 7 10 14 29 12 6 0 3 8 32 25 46 56 17 1 10 21 32 43 51 45 16 18 22 29 20 16 39 1 28 27 34 38 60 64 35 72 70 65 63 94 97 96 94 90 66 19 8 75 74 62 93 42 37 40 81 100 82 13 1 26 4 68 88 66 2 0 1 96
0 21 4 15 16 0 50 61 12 24 24 67 100 93 99 26 0 0 0 0 0 0 0 5 55 50 20 2 21 15 10 3 20 0 65 21 1 41 83 55 32 61 18 39 10 27 5 24 16 20 4 46 78 47 56 48 3 21 44 18 14 38 49 59 39 55 74 63 78 100 93 70 2 0 0 12 76 37 27 40 16 74 100 75 43 8 8 17 0 0 16 26 41 48 60 46
0 8 11 0 0 0 10 55 20 8 18 50 100 100 94 33 12 0 1 0 0 0 0 0 0 16 44 44 43 3 8 16 0 0 65 21 9 23 48 37 25 34 32 15 19 12 25 0 13 16 83 100 95 62 68 60 15 8 18 28 25 7 31 42 16 8 52 69 92 90 59 5 0 4 9 11 15 68 73 70 97 90 63 3 76 46 25 2 0 24 42 28 53 40 70 10
0 7 17 47 8 31 0 3 3 9 34 8 51 79 100 32 41 23 20 0 0 0 0 0 0 0 25 14 0 0 14 3 0 0 40 94 78 47 22 39 11 0 0 26 16 50 30 18 6 5 91 99 86 97 91 33 37 37 45 19 13 2 0 17 16 60 92 78 92 57 8 12 56 61 15 0 5 55 65 88 84 16 0 0 19 8 25 21 45 62 45 20 29 93 58 61
14 0 40 51 69 9 13 16 24 12 44 28 15 31 99 69 0 30 22 27 0 0 0 0 0 0 0 0 0 19 25 0 0 0 13 5 58 62 11 40 40 38 21 36 46 70 20 20 3 0 28 72 97 95 97 86 84 33 59 15 0 0 20 32 35 92 88 63 47 41 32 42 90 73 19 46 57 74 65 81 62 4 0 0 0 31 38 52 39 6 0 12 26 36 23 7
21 6 1 0 7 25 25 36 0 14 36 0 0 12 74 80 8 17 14 0 0 0 0 0 0 0 0 0 0 0 0 0 0 0 0 0 0 19 92 44 25 23 1 0 0 0 0 0 0 24 9 30 68 79 88 90 97 51 59 38 29 1 1 2 56 71 69 52 86 75 64 68 94 55 49 26 20 57 84 93 10 0 0 0 10 30 19 23 0 0 11 56 54 39 22 7
8 12 0 8 17 13 1 21 29 7 26 12 18 8 0 51 1 9 44 0 0 0 0 9 0 0 0 0 0 0 0 0 0 0 0 0 0 0 5 0 0 6 34 54 39 0 0 0 0 15 19 60 48 92 93 93 94 83 100 90 71 23 7 37 36 46 73 89 75 52 24 26 9 45 50 39 3 30 22 32 3 0 0 0 4 13 0 0 4 38 85 100 100 70 70 72
56 14 20 28 1 2 0 0 59 67 17 11 55 45 26 41 20 3 2 0 0 0 0 30 0 0 0 0 0 0 0 0 0 0 0 0 0 0 0 30 65 57 43 14 0 0 0 0 11 2 32 37 73 96 100 100 98 63 100 74 85 82 28 24 13 87 96 58 11 0 0 15 11 5 8 22 35 16 81 7 0 0 0 6 42 4 0 0 23 100 100 100 100 98 87 41
33 16 26 50 19 2 14 0 2 22 1 0 41 81 7 22 21 42 2 0 0 0 0 0 8 0 5 19 5 7 0 0 3 0 0 0 0 0 0 4 16 0 0 0 0 0 0 0 21 2 53 52 56 86 75 80 91 93 80 77 50 17 1 0 5 49 63 39 3 35 35 11 0 43 93 94 76 47 9 29 0 0 0 38 28 0 0 4 73 100 100 100 100 100 96 100
14 8 19 56 2 0 17 0 0 0 0 0 42 85 13 26 1 6 21 0 0 0 0 8 10 0 0 0 23 30 18 47 15 0 0 0 0 0 0 0 0 0 0 0 0 0 0 39 18 6 29 36 59 96 71 95 99 100 100 100 87 55 93 44 28 66 24 50 82 90 79 26 63 20 19 41 54 10 0 2 2 0 0 27 10 0 0 54 68 100 98 85 100 100 100 100
44 10 17 59 9 0 0 0 0 0 0 0 1 58 13 0 21 0 34 12 3 0 0 0 0 0 0 10 10 42 39 42 9 16 0 0 16 0 0 0 0 0 0 0 0 0 0 62 39 0 0 10 66 96 96 98 89 100 98 100 100 98 96 67 82 72 92 94 91 86 98 81 68 78 97 39 30 7 31 53 0 0 0 12 23 0 12 94 92 69 24 62 98 61 69 79
34 11 16 8 0 0 0 0 0 0 0 0 0 48 0 0 0 0 29 43 4 10 29 49 58 7 5 4 36 70 48 46 42 60 22 26 35 32 26 24 3 18 26 38 14 0 0 2 8 0 0 19 92 91 88 88 54 38 45 91 100 95 93 100 91 86 85 88 74 70 66 66 48 35 99 85 77 86 95 60 64 60 34 0 11 0 20 97 99 60 64 72 99 91 21 50
16 38 22 0 14 1 0 0 0 0 0 30 0 41 6 0 0 0 2 41 62 76 63 70 94 80 60 50 35 22 28 29 56 92 52 60 36 55 69 56 99 75 73 72 70 20 29 3 0 0 0 29 100 94 95 92 43 81 75 94 92 89 100 92 98 87 37 26 6 44 32 31 68 54 95 96 61 60 88 98 67 47 69 0 24 6 57 100 60 95 100 100 74 68 22 99
42 0 23 12 14 0 0 0 0 0 15 31 9 39 15 12 41 43 77 93 85 100 100 100 100 81 46 26 0 5 20 67 99 73 46 65 63 95 77 66 52 85 100 99 95 98 88 73 26 0 0 72 97 99 99 96 84 25 12 14 64 99 79 12 76 75 82 74 86 96 81 54 53 41 57 47 86 38 18 91 73 77 65 30 2 3 17 94 64 79 78 100 64 64 35 66
19 0 13 0 0 0 0 0 0 0 56 40 55 58 47 70 43 47 48 82 88 55 98 66 41 3 2 27 10 0 3 32 98 52 41 95 73 80 53 60 68 46 91 100 84 98 100 100 89 12 2 98 100 95 52 92 57 20 37 37 31 68 68 43 48 93 98 75 40 43 98 99 89 61 8 6 67 34 24 82 96 18 89 47 0 31 10 86 75 99 100 100 100 100 83 20
32 0 12 0 0 21 23 0 0 22 97 62 82 45 2 0 20 1 19 8 36 39 50 28 25 22 45 16 0 0 0 10 59 76 100 87 100 100 57 65 78 89 100 100 100 80 83 100 92 87 28 17 85 42 22 3 10 21 54 73 75 91 100 99 73 26 26 29 30 38 21 55 97 93 36 59 30 55 93 90 81 58 83 10 0 14 4 67 52 70 99 95 100 94 48 54
2 10 6 0 29 10 6 0 4 89 50 15 80 44 0 0 0 0 0 29 30 93 30 0 24 31 20 1 0 0 0 0 24 62 48 93 99 98 21 15 4 40 97 99 91 80 45 46 49 84 39 0 0 0 6 61 37 23 3 0 0 0 13 30 27 0 1 0 0 12 11 0 30 95 78 85 100 44 40 64 56 75 57 64 0 19 10 59 21 60 84 92 90 97 20 64
1 6 70 46 29 0 0 0 15 80 33 17 92 86 10 5 31 15 0 19 14 25 0 4 59 81 20 4 53 25 0 0 49 90 94 89 90 70 62 55 12 63 98 73 84 86 35 38 48 64 67 16 0 36 72 76 34 68 42 32 5 0 0 0 0 0 30 79 43 62 60 13 0 63 96 80 90 40 11 91 86 66 93 92 18 4 23 34 45 87 70 97 99 80 43 51
4 0 21 32 0 0 49 82 6 13 55 8 34 100 48 45 100 99 25 0 44 30 1 63 100 98 22 25 41 0 0 0 84 92 93 94 86 89 79 83 45 58 90 68 23 21 42 42 53 33 76 41 16 39 64 100 98 97 46 68 42 55 66 59 4 66 23 86 86 34 22 41 7 30 94 88 60 81 56 44 38 77 44 14 26 35 22 20 85 98 87 82 98 66 81 100
14 58 14 16 17 0 9 6 0 0 41 46 13 97 90 100 95 65 49 0 80 50 6 83 71 42 11 36 21 16 12 8 47 31 80 77 90 100 100 94 17 8 66 38 96 98 74 48 31 46 95 35 16 74 58 89 68 83 37 98 92 93 77 92 86 61 89 97 64 52 6 0 6 0 33 93 78 96 100 50 82 98 59 0 0 14 47 64 100 99 76 88 94 91 96 100
39 40 4 12 0 0 0 0 0 0 7 63 73 83 100 100 91 80 44 14 39 8 11 87 97 41 39 39 76 65 71 8 5 16 65 60 72 98 100 100 45 6 60 38 40 76 89 61 70 81 100 19 4 88 67 41 59 38 33 87 86 98 100 99 95 71 84 86 89 72 3 41 40 50 3 29 98 72 100 100 98 97 96 9 0 6 27 88 100 100 100 97 94 44 80 100
25 0 4 0 0 0 32 8 0 0 1 25 35 87 84 43 47 15 6 13 36 29 48 45 99 40 32 38 84 50 82 85 11 14 57 54 69 98 100 100 17 52 87 79 59 95 85 87 82 94 98 2 56 99 59 51 64 23 17 62 78 78 100 94 84 72 58 61 91 93 66 45 37 22 46 20 30 86 87 76 82 93 62 0 19 8 59 100 100 100 91 97 99 80 100 94
31 9 44 46 0 0 19 76 96 44 0 0 38 93 49 73 16 34 0 1 27 61 67 96 81 75 21 61 89 100 43 42 92 19 2 33 13 89 100 94 100 48 94 58 42 98 98 92 100 84 53 74 14 89 62 33 18 46 3 6 84 52 92 100 69 98 100 59 46 86 99 77 33 36 57 44 18 19 92 60 67 86 41 6 6 0 93 100 100 100 86 63 68 78 100 46
6 58 59 0 0 0 70 11 77 92 25 0 1 81 94 15 8 51 4 33 12 42 51 93 81 97 30 90 100 100 94 94 58 0 57 88 65 88 56 32 99 95 89 40 55 95 76 43 41 29 66 38 35 76 40 88 58 22 21 63 78 18 62 98 94 100 84 60 80 62 100 44 63 36 80 64 84 68 22 9 57 48 15 19 42 49 21 100 100 100 88 32 17 20 18 88
76 35 10 0 0 8 36 63 44 76 87 15 0 11 89 7 0 4 11 45 72 56 13 64 55 58 71 100 76 100 65 52 19 22 63 81 92 85 100 50 84 60 51 0 83 30 60 76 96 98 96 36 29 73 26 19 25 5 77 19 2 2 49 44 45 100 96 72 58 85 87 67 66 78 91 92 97 87 71 34 0 0 0 11 70 71 80 70 95 73 49 41 17 36 78 31
28 0 0 0 0 46 67 17 5 52 92 47 26 0 57 21 24 1 0 21 33 27 9 59 64 67 95 100 88 83 71 9 42 8 47 96 94 100 84 38 78 56 25 61 97 72 57 49 100 100 89 24 22 39 86 6 2 20 39 55 29 2 26 26 78 96 99 87 66 80 54 96 70 79 69 74 93 74 96 12 0 0 0 0 12 77 88 76 79 67 89 30 64 78 92 100
0 0 0 0 0 66 61 40 45 64 95 87 27 10 19 1 0 0 0 8 5 22 59 63 34 37 100 100 100 97 21 0 10 38 74 100 90 100 82 83 76 74 48 73 63 64 92 54 77 91 83 76 23 1 68 73 80 40 0 33 52 44 73 86 71 32 83 63 73 80 34 98 44 58 51 96 100 97 90 38 12 0 0 0 0 17 18 72 57 99 91 67 87 75 77 99
0 0 0 0 0 34 26 89 62 74 85 95 89 67 61 11 0 25 7 17 0 0 53 75 47 94 100 100 100 72 11 18 69 65 94 93 87 100 100 100 80 66 25 43 47 48 25 66 99 74 88 71 74 36 35 100 95 49 0 28 54 51 91 94 92 60 100 60 19 95 77 48 65 91 82 61 92 92 70 97 30 19 0 20 0 12 25 44 70 68 56 76 89 97 96 90
0 0 0 0 0 7 0 20 51 84 77 85 68 52 61 73 18 54 94 26 0 0 21 74 72 88 95 100 99 80 72 51 48 74 98 56 55 99 100 94 72 81 78 100 86 85 61 45 42 29 36 72 86 28 41 100 100 88 9 0 69 100 99 22 73 41 87 78 40 71 52 78 82 30 96 47 94 60 78 98 65 49 69 81 61 16 5 0 0 21 88 96 93 58 97 88
0 0 0 0 0 0 0 0 12 70 71 59 31 44 78 62 69 85 43 0 0 0 0 40 49 91 93 99 97 100 93 86 37 75 94 56 0 71 81 28 10 80 100 73 25 13 0 0 0 0 54 98 38 20 69 100 100 82 6 6 65 100 58 32 38 41 44 68 86 63 82 84 100 98 76 79 53 11 43 100 100 70 63 78 79 74 1 17 0 3 46 87 89 74 88 21
0 0 0 0 0 0 33 0 26 88 75 48 64 91 94 95 44 39 0 0 0 14 72 82 58 84 32 83 92 100 97 90 89 88 53 7 60 86 73 7 27 100 91 100 95 27 0 0 0 6 70 67 32 15 34 95 100 100 91 77 98 79 30 71 31 20 61 85 85 75 71 91 95 70 59 70 73 43 66 95 77 32 55 84 50 77 60 21 3 5 33 92 69 53 35 29
35 77 64 52 57 48 24 2 24 47 60 8 84 79 58 3 0 0 50 25 0 75 77 57 98 68 11 57 48 94 92 99 83 60 39 80 93 98 36 0 0 76 89 37 58 13 0 0 2 69 96 96 12 34 77 99 84 88 84 74 99 42 88 36 36 68 83 77 48 74 31 81 95 62 64 34 16 7 1 22 38 22 30 85 60 59 83 71 21 5 1 13 81 68 32 35
32 11 19 0 11 13 0 0 0 0 0 0 13 7 0 7 48 6 50 15 66 89 88 70 54 40 31 65 15 29 44 55 94 75 90 91 100 100 47 2 45 74 71 64 25 0 0 10 32 98 99 30 45 90 100 67 65 86 73 12 71 42 89 36 13 36 94 57 70 100 98 84 23 12 27 7 10 1 1 30 75 99 75 69 70 93 23 86 90 35 0 0 38 83 98 78
63 63 3 0 0 0 0 0 0 0 0 0 0 13 21 55 55 1 36 76 100 40 9 31 53 93 68 33 40 53 19 33 98 94 73 93 100 100 57 39 11 0 43 3 0 0 42 78 97 58 75 20 92 68 93 61 38 90 64 58 60 43 91 100 58 83 82 72 82 68 35 32 10 16 6 48 71 2 0 26 89 100 88 55 56 100 57 86 98 19 0 18 30 80 82 71
35 5 0 0 0 0 2 1 1 0 12 54 82 98 100 54 61 0 30 98 93 25 16 30 62 50 98 89 37 43 28 69 100 97 74 100 98 92 91 52 1 0 0 0 0 3 43 45 67 100 17 77 100 70 100 60 18 44 25 79 49 54 79 66 40 54 42 51 27 13 9 3 28 95 30 76 27 0 20 46 22 63 82 81 53 90 79 68 100 61 0 0 21 75 65 88
0 0 0 17 31 44 67 59 50 76 37 38 30 80 94 27 39 0 26 91 100 100 100 92 90 87 99 54 53 53 91 100 78 67 75 100 100 92 22 0 0 0 4 1 0 19 79 74 25 78 24 100 81 58 57 25 72 50 96 100 52 71 57 13 16 67 99 78 46 34 30 9 19 59 43 14 0 8 8 41 62 61 59 87 67 99 100 100 84 20 0 0 59 38 73 55
0 0 9 71 97 96 40 62 78 70 30 84 77 78 61 60 27 0 3 71 74 65 61 54 40 61 26 53 72 80 87 10 32 91 67 100 100 48 0 0 0 9 83 23 0 18 76 18 65 42 78 99 71 53 45 31 79 24 62 28 49 92 58 64 79 98 44 43 31 25 54 86 92 74 66 54 3 46 33 25 68 90 80 94 98 92 96 99 60 48 0 1 73 87 84 65
55 16 32 84 35 31 64 56 76 81 62 65 60 38 78 64 6 0 37 100 100 100 85 92 73 62 39 22 13 87 91 16 0 54 76 94 58 5 38 35 42 26 23 3 46 87 43 76 58 58 98 64 74 21 24 85 88 20 78 37 60 88 75 100 100 78 16 0 18 74 53 69 100 100 96 74 75 56 33 0 18 27 46 89 84 83 90 99 42 6 26 14 91 71 70 62
100 25 62 38 25 61 95 59 48 20 100 100 92 78 100 50 0 0 65 96 90 99 76 21 92 55 0 1 31 92 100 68 57 88 100 47 49 58 81 74 55 50 0 0 0 72 94 70 32 98 88 16 46 58 33 39 74 62 76 62 37 56 92 100 88 83 0 0 22 30 38 34 28 63 90 66 78 34 0 23 44 21 55 100 66 85 100 98 86 4 26 49 100 55 64 65
38 5 89 69 74 100 88 60 26 15 78 84 90 100 100 84 47 0 37 90 87 91 99 83 93 70 64 38 80 100 68 99 100 100 78 96 70 38 71 67 40 3 0 10 62 89 81 35 82 100 80 23 80 28 0 27 100 87 56 46 36 26 72 66 45 54 0 0 2 4 3 1 0 0 23 30 0 19 88 84 79 42 86 74 30 52 78 95 98 31 14 70 71 70 70 66
47 8 60 88 75 83 41 37 51 89 82 89 72 79 68 72 75 0 0 83 99 89 59 46 31 9 69 100 93 85 72 90 87 44 15 100 96 56 0 0 5 24 66 64 83 88 46 55 77 92 62 46 92 29 65 64 94 84 34 22 50 60 26 5 33 1 0 0 0 14 19 0 0 0 0 1 0 2 23 41 74 80 56 1 36 79 65 100 98 23 1 47 83 98 47 83
57 46 89 90 70 82 10 6 79 42 77 57 100 100 88 85 70 0 0 66 61 59 85 24 41 66 43 75 61 72 79 24 28 8 0 92 61 2 0 14 77 82 56 34 31 37 63 34 100 99 91 55 65 77 100 94 86 77 41 31 32 52 27 0 0 0 5 0 11 84 75 6 14 3 0 0 0 13 19 39 62 48 0 0 47 49 92 100 59 6 1 56 94 70 25 60
82 39 72 63 89 88 71 30 88 74 84 87 64 98 72 95 84 0 0 65 96 55 84 65 17 19 80 26 17 24 0 26 67 77 78 99 20 0 46 95 83 41 26 73 69 33 49 79 63 28 42 42 12 0 72 84 78 42 38 11 2 6 8 0 0 3 37 2 47 67 66 74 56 4 0 28 8 1 34 77 81 72 0 4 72 47 99 99 24 47 72 97 95 84 33 19
43 74 70 31 96 100 62 54 68 60 74 92 75 100 69 40 88 25 0 11 82 83 61 46 37 38 47 24 38 14 10 0 2 65 57 45 0 18 85 80 63 41 62 95 70 73 40 65 16 0 4 6 0 0 24 15 23 52 15 0 0 0 0 0 4 72 33 45 35 13 39 75 85 16 5 22 54 21 68 58 94 43 6 66 40 45 100 61 6 79 100 100 74 28 12 2
13 45 53 11 92 95 53 55 100 100 79 70 20 62 3 1 85 80 26 1 4 42 41 45 69 54 8 2 3 38 80 68 54 88 65 14 43 56 64 84 59 7 48 27 58 56 91 16 2 0 0 0 0 0 0 0 66 75 0 0 0 0 0 0 12 20 68 98 72 89 46 40 68 26 60 13 51 81 66 87 31 21 74 53 44 70 95 34 2 52 100 95 80 97 64 69
2 36 77 73 100 60 24 25 54 25 73 58 0 0 0 12 98 99 47 0 0 8 57 81 80 60 66 41 13 1 24 18 86 58 72 54 1 36 34 45 0 0 0 7 15 72 44 0 0 0 0 0 0 0 0 0 12 12 0 0 1 9 36 63 100 94 31 85 80 76 94 67 46 3 62 45 15 79 98 98 81 89 62 85 87 76 12 0 0 58 100 92 96 100 100 100
80 78 79 63 86 86 0 0 0 0 24 24 0 0 10 71 71 72 78 0 4 42 73 50 84 81 80 78 30 46 57 64 84 76 37 2 0 0 0 0 0 0 0 7 42 33 0 0 0 0 0 0 0 0 0 0 0 0 0 12 62 94 100 100 100 89 90 77 89 63 78 64 99 48 96 99 54 84 80 77 68 80 97 57 25 4 0 0 30 100 96 87 95 86 100 96
73 65 52 3 0 2 39 24 0 0 0 0 0 0 39 17 58 91 68 26 26 87 79 39 41 85 61 48 41 73 77 74 50 59 9 0 0 0 0 0 0 1 49 14 43 3 0 0 0 0 0 0 0 30 42 33 16 48 88 50 93 56 24 37 73 98 100 71 50 6 31 29 97 80 100 99 96 100 69 85 91 64 27 2 10 38 52 92 59 91 72 58 75 49 60 61
100 94 53 43 38 77 39 0 0 0 12 11 1 23 84 78 84 80 67 51 39 59 55 39 60 52 0 25 96 54 93 12 13 0 0 0 0 0 0 0 4 66 54 56 24 0 0 0 0 0 0 0 0 56 40 57 94 83 71 68 100 100 92 57 20 78 67 57 68 6 45 79 45 14 76 71 66 64 64 60 2 0 0 23 59 99 100 85 77 64 83 91 100 88 82 97
55 19 25 74 51 81 8 0 5 55 93 90 81 53 79 23 3 3 58 79 23 73 6 23 16 2 0 14 91 98 56 27 0 0 0 0 0 0 0 0 0 9 0 22 30 0 0 0 0 0 0 21 17 14 56 23 70 50 14 7 78 100 55 88 99 76 61 55 68 75 99 96 75 45 53 75 80 49 42 78 44 41 66 95 100 100 82 58 37 89 90 64 48 74 94 100
87 31 46 56 75 29 0 0 16 100 100 87 40 8 0 0 21 46 97 98 14 93 42 0 0 0 0 18 91 98 67 4 0 0 0 0 0 0 0 0 0 0 0 18 6 0 0 0 0 0 1 17 90 96 98 91 97 62 91 71 93 100 100 100 88 49 55 46 97 100 92 84 77 88 85 100 62 19 40 100 94 80 77 71 93 64 62 81 28 82 87 78 71 40 63 100
36 2 14 19 90 28 0 21 83 99 35 9 0 5 28 58 98 100 100 100 52 62 99 51 20 30 18 0 30 39 4 0 0 0 0 0 0 0 0 0 0 0 0 0 0 0 0 0 0 5 29 74 90 100 89 97 74 100 77 78 100 89 97 100 49 6 11 64 91 99 83 93 94 83 100 100 84 44 16 100 98 83 81 28 28 41 61 69 64 43 49 81 63 60 99 80
38 59 58 68 17 70 66 47 95 100 65 4 0 1 66 63 6 30 45 34 70 88 23 73 92 7 42 14 0 0 0 0 0 17 0 0 0 0 0 11 28 0 0 0 0 0 0 0 0 64 37 66 100 85 49 79 44 59 29 61 100 74 76 99 41 2 63 51 67 87 97 92 57 46 95 99 99 62 77 89 33 54 44 14 32 62 35 100 57 27 33 73 87 66 53 54
100 100 39 33 61 72 66 48 55 74 28 0 0 2 20 41 0 0 0 20 15 87 73 41 99 21 0 0 0 0 1 18 38 23 0 0 0 0 12 49 62 0 0 0 0 0 0 0 0 0 20 4 45 100 82 44 52 43 42 80 60 63 95 90 50 80 37 7 10 18 45 69 76 73 51 85 98 95 76 70 96 92 25 18 49 34 48 24 69 43 42 10 84 99 98 71
