data/habitatmaps/RS_maps/habitat_Prunella.modularis_2010.asc
NCOLS 369 
NROWS 228 
XLLCORNER 479000 
YLLCORNER 73000 
CELLSIZE 1000 
NODATA_value -9 
[rows 59 to 117 of 228, columns 96 to 191 of 369]
69 95 74 53 34 39 17 12 10 8 16 26 18 79 70 83 46 73 59 79 78 93 52 12 8 59 38 20 42 84 89 78 72 67 58 46 45 28 26 52 60 78 76 49 61 46 62 90 81 40 58 64 20 1 0 0 12 84 100 64 14 65 59 53 46 17 13 58 40 23 0 2 26 79 44 44 45 37 58 1 12 5 0 0 3 41 46 3 39 30 0 0 86 39 37 31
40 68 10 27 78 94 76 98 97 84 97 99 78 66 43 54 91 100 100 93 95 85 90 43 57 55 77 87 74 58 97 39 57 69 43 42 70 69 63 80 18 44 25 14 6 45 51 88 91 83 12 0 0 0 1 18 19 82 81 40 0 0 30 32 35 7 21 49 72 53 38 8 68 91 47 13 17 19 75 50 0 2 0 0 29 0 7 29 11 41 0 0 22 24 55 6
23 32 61 78 45 42 70 95 92 86 72 80 94 49 68 96 97 98 56 67 66 74 72 58 41 61 67 58 51 65 75 37 35 71 32 43 49 30 2 0 0 0 35 74 72 98 62 100 92 16 0 0 0 0 0 49 16 0 0 0 0 0 0 25 66 85 76 20 40 46 73 28 43 71 53 38 4 52 45 90 45 43 17 0 0 43 0 64 85 26 1 0 0 0 20 4
18 89 67 27 69 62 71 60 55 36 39 42 29 86 92 97 55 14 68 92 89 95 64 65 77 63 51 51 54 72 62 84 72 56 60 64 40 0 0 0 0 1 89 75 83 51 58 54 18 0 0 0 6 75 18 72 24 1 22 25 0 0 0 17 42 38 48 59 27 37 29 23 54 4 15 25 35 1 18 26 83 64 0 0 0 7 0 16 42 77 33 0 0 10 4 4
83 77 17 41 28 31 32 88 100 84 78 96 100 46 47 71 47 55 64 43 85 75 50 40 18 11 32 15 68 66 66 81 59 93 76 56 41 62 78 86 92 96 94 93 75 5 0 0 0 15 32 58 80 76 69 82 51 93 98 82 48 35 0 1 65 96 90 71 15 56 13 0 48 29 20 24 79 50 0 0 55 85 8 0 0 35 0 0 24 41 35 10 16 34 40 0
42 13 9 9 3 52 65 50 55 72 35 36 69 62 75 85 85 40 2 5 7 0 0 4 8 33 53 80 75 71 25 11 34 87 78 96 78 82 96 90 97 100 24 17 2 0 0 0 1 29 55 69 57 64 1 8 14 74 100 71 46 66 0 0 47 94 87 4 11 92 54 0 26 76 75 29 43 27 0 0 41 54 5 0 0 52 0 0 40 53 29 8 0 6 25 0
5 16 22 64 81 35 27 9 10 21 39 45 61 54 66 69 76 69 73 26 22 26 34 68 66 55 63 95 69 5 17 45 66 87 81 63 45 63 43 44 52 56 66 26 0 0 18 32 53 80 16 5 0 52 9 17 35 44 100 46 6 76 31 0 45 74 89 36 68 51 55 0 26 86 8 0 13 43 3 0 0 8 0 0 0 15 4 0 1 77 15 0 0 0 65 3
49 41 18 52 39 54 45 44 63 80 89 76 56 59 33 36 50 97 100 82 64 79 90 60 67 71 99 50 39 90 100 100 56 56 77 53 66 94 23 21 8 21 0 0 0 0 9 93 100 36 74 4 4 9 14 60 97 96 78 9 21 87 67 1 0 47 100 69 12 57 29 0 22 56 8 31 12 72 11 2 0 0 53 10 0 1 37 6 0 67 30 5 0 0 69 16
16 11 36 45 63 47 60 86 59 59 36 51 65 39 33 39 69 90 87 68 41 65 79 50 36 93 100 98 84 80 60 79 95 82 20 0 21 58 39 11 48 4 10 54 57 69 76 79 99 6 17 50 95 23 31 88 45 100 100 26 39 62 67 29 0 23 32 34 73 67 2 0 7 3 46 64 49 21 92 62 9 0 42 87 23 0 48 88 35 43 99 16 0 29 14 29
33 33 52 42 59 57 35 34 38 60 73 73 36 0 7 5 9 13 34 42 79 47 76 98 72 84 85 100 85 100 99 98 88 70 37 8 16 18 3 1 0 1 60 60 64 100 53 12 45 0 21 48 5 0 30 100 95 39 34 5 19 20 22 33 0 0 28 74 64 57 0 0 0 0 14 88 59 57 31 95 48 0 8 20 15 0 28 35 2 11 52 31 27 2 20 29
16 43 70 77 70 41 71 18 0 0 10 0 0 50 59 73 49 69 100 100 98 73 64 51 85 95 100 93 92 66 82 35 35 75 46 33 44 27 7 0 0 11 33 1 52 58 37 0 32 45 24 5 34 51 17 41 45 25 36 0 15 34 87 78 0 16 74 78 78 96 14 0 0 0 26 21 9 75 12 27 23 10 0 0 59 0 4 7 0 0 6 35 12 0 31 17
9 22 57 44 29 12 15 0 0 23 49 22 39 90 84 81 80 58 20 47 56 54 62 94 100 100 39 2 38 15 0 24 79 66 52 44 22 26 0 0 0 33 54 34 93 11 9 24 69 62 39 1 56 92 79 0 23 74 43 1 40 85 74 49 26 1 38 69 71 76 11 0 19 5 2 22 4 32 18 0 11 32 0 24 64 3 0 0 0 0 39 77 33 1 27 10
58 54 26 48 93 22 0 7 54 99 100 94 96 70 58 52 41 46 99 79 92 100 81 70 57 17 16 17 28 44 0 11 31 1 13 5 21 32 0 20 30 39 52 55 8 49 46 31 4 24 0 0 42 100 92 4 3 10 0 21 26 50 22 24 47 19 2 84 81 36 3 10 17 0 0 51 26 3 31 11 27 2 0 3 75 32 0 2 50 27 17 58 42 2 0 14
29 33 51 56 54 46 74 76 76 74 23 37 64 92 89 61 50 80 98 94 96 90 13 1 0 0 0 0 0 0 0 0 0 0 0 32 40 21 2 80 84 47 0 7 11 95 71 10 1 52 19 0 65 71 23 0 0 57 2 31 29 35 3 59 0 1 10 8 5 0 11 43 4 0 0 22 16 9 35 0 0 0 0 15 33 15 0 0 30 8 7 44 61 29 0 0
56 24 11 21 59 84 82 75 79 93 82 71 65 86 59 56 97 97 100 70 26 0 0 0 0 0 0 0 0 0 0 0 0 7 3 17 23 2 0 52 100 42 33 49 2 0 45 27 29 44 56 0 75 26 24 51 0 52 55 3 27 0 20 81 27 32 89 38 22 17 0 39 9 22 0 0 14 13 15 0 0 0 17 35 39 26 6 0 0 0 21 19 84 31 0 0
6 2 0 3 0 79 78 63 66 58 22 53 76 86 35 52 53 14 87 47 0 0 0 0 0 0 0 0 0 0 43 71 59 14 9 45 0 0 0 22 24 4 42 1 2 0 10 23 2 12 20 0 80 86 54 7 0 25 7 24 0 6 25 56 64 0 67 100 35 36 41 54 3 36 71 10 0 1 16 0 13 8 20 22 64 21 21 0 0 0 0 4 34 16 0 0
64 49 59 76 65 63 60 71 78 80 55 67 0 17 100 92 63 44 19 0 0 0 0 0 0 0 0 3 7 35 97 56 73 7 0 5 50 16 6 0 18 6 7 34 17 21 0 8 20 57 6 1 58 56 37 9 13 21 8 33 3 13 10 1 28 0 8 10 3 0 10 22 0 31 36 0 0 9 34 0 49 76 2 7 72 0 0 0 4 14 0 0 27 50 4 1
31 58 53 56 73 92 95 33 40 89 65 74 66 85 48 18 39 27 21 0 0 0 0 0 3 19 0 20 85 84 46 24 6 6 0 10 19 0 19 63 71 2 7 66 22 6 27 85 57 38 20 5 24 61 43 17 39 71 19 14 17 9 5 20 28 0 0 0 0 0 1 27 2 2 14 0 0 0 18 21 33 65 18 6 0 0 22 20 0 15 0 0 5 31 9 53
50 63 34 16 26 74 87 84 70 65 81 95 79 82 78 57 55 12 12 0 0 0 0 4 34 66 53 87 91 25 0 0 42 65 31 0 0 0 55 22 80 30 61 14 28 64 80 25 44 74 23 0 2 15 37 7 86 44 30 35 0 31 30 3 75 28 1 0 0 0 7 41 34 16 11 0 0 0 0 3 6 17 49 20 0 26 1 5 3 0 19 0 6 29 12 5
46 23 17 14 45 66 45 0 11 72 95 76 36 25 84 37 4 0 0 0 0 0 6 79 80 70 82 73 54 61 21 40 64 11 82 15 15 44 55 10 22 9 49 56 37 34 19 10 27 2 0 16 41 27 80 84 45 12 22 20 0 4 30 32 10 45 14 0 0 0 53 65 52 0 12 5 0 0 0 0 0 0 8 0 0 0 0 24 15 0 6 0 13 25 0 0
77 28 29 68 70 77 33 82 51 30 33 3 0 69 26 6 0 21 0 0 11 26 41 97 62 20 0 1 26 26 15 13 44 0 57 96 69 38 46 0 0 0 15 63 47 17 38 50 19 31 0 6 68 10 5 15 17 2 15 12 7 16 11 23 30 33 5 0 0 0 19 56 16 0 19 2 0 0 0 0 0 2 26 33 12 24 14 23 38 0 10 14 8 0 0 15
90 74 100 100 95 88 51 62 91 27 0 20 31 41 0 0 26 36 47 67 59 49 11 48 39 54 0 1 74 52 6 0 16 0 17 78 0 3 57 19 48 11 56 20 44 35 55 44 5 10 28 28 1 1 0 20 24 30 24 16 55 9 13 25 21 21 20 16 51 0 0 0 13 26 44 5 0 0 0 0 0 0 0 13 0 0 0 0 13 4 2 0 27 0 35 3
33 74 84 77 57 79 99 69 10 0 0 45 58 18 0 1 30 66 86 53 72 13 9 84 82 30 4 65 93 14 0 5 30 10 0 64 0 0 14 51 62 61 34 33 27 34 13 43 14 57 35 25 20 26 20 71 29 24 8 2 16 25 26 61 41 91 53 18 77 25 0 0 0 11 11 2 26 21 0 0 0 0 10 17 59 21 4 18 3 0 28 13 15 16 40 34
74 19 2 45 52 96 63 10 0 0 0 4 1 0 0 35 22 0 0 28 25 0 0 12 13 56 36 33 11 20 52 52 18 0 15 67 0 0 0 8 15 64 47 33 21 51 64 19 43 49 15 0 23 15 0 0 9 41 6 0 8 22 20 21 19 32 9 40 20 8 2 0 0 0 0 28 8 11 0 23 20 5 0 10 40 11 11 20 48 21 36 0 1 0 12 8
0 18 52 61 78 44 3 0 0 0 15 39 53 44 10 20 0 2 0 6 1 0 19 97 61 22 0 0 0 29 50 24 13 0 27 12 0 8 33 30 30 14 84 25 16 21 48 20 59 33 8 4 85 65 0 0 9 26 11 1 0 3 12 19 10 50 17 41 24 19 0 20 18 12 0 34 19 0 30 31 7 24 0 9 47 17 0 0 27 18 27 6 69 7 27 26
0 39 97 59 27 0 0 0 1 24 33 60 48 13 49 13 80 62 13 90 86 69 73 12 0 0 0 0 51 2 14 5 24 4 0 0 0 26 91 29 55 21 17 35 30 58 27 0 37 18 28 2 8 62 4 0 14 24 25 0 0 9 2 0 13 9 0 19 25 5 0 6 16 12 0 21 47 16 4 36 25 22 4 0 39 10 0 0 17 40 0 32 54 16 5 1
56 34 47 33 1 0 0 0 25 86 56 0 0 0 12 14 51 42 27 24 40 9 5 6 1 1 6 29 24 42 60 0 4 31 0 0 0 0 53 92 82 61 81 75 41 46 58 36 10 2 36 18 0 0 1 0 0 1 6 59 18 3 34 23 12 3 1 0 24 29 18 0 0 27 2 0 0 0 0 10 5 33 25 8 22 0 24 19 4 0 0 55 49 5 6 24
95 52 3 0 0 0 0 0 24 89 26 0 0 0 26 4 47 55 48 91 20 1 4 29 43 64 56 59 22 69 44 0 0 66 37 0 0 13 20 71 93 46 30 35 54 72 31 28 8 9 22 0 0 0 0 0 0 0 14 83 14 18 41 16 1 4 12 0 14 39 8 1 0 2 0 0 11 37 2 30 11 0 28 1 0 7 21 47 4 0 0 9 44 12 23 25
30 0 15 7 0 0 11 4 55 48 3 0 0 41 9 8 20 24 23 46 13 49 31 40 32 47 73 39 82 64 8 31 7 2 89 3 9 24 61 65 46 43 2 12 32 2 6 7 29 44 3 19 46 31 0 0 0 0 32 20 16 3 28 30 11 40 14 0 22 53 62 24 22 0 0 0 64 60 0 0 0 0 25 18 0 4 0 3 11 0 29 48 0 13 16 0
0 0 8 0 0 0 19 0 0 0 0 0 0 53 2 38 68 9 8 0 21 15 4 30 41 25 51 26 3 35 84 79 2 0 76 2 14 25 14 28 71 37 13 48 50 29 25 3 0 0 23 31 81 8 12 20 44 16 64 25 44 8 35 33 1 25 33 30 68 31 31 70 41 14 0 0 28 20 17 38 34 40 0 0 0 0 7 28 1 21 14 0 0 24 28 34
0 0 0 0 3 52 0 7 0 0 0 0 1 61 15 14 0 12 21 48 50 16 63 31 1 40 19 8 4 19 4 13 0 23 65 29 50 8 0 0 74 10 30 73 32 22 22 16 0 24 21 19 50 67 71 68 76 77 78 73 56 2 47 20 5 35 43 47 49 49 71 59 64 20 13 40 38 44 59 61 41 25 16 1 48 6 41 11 35 43 14 0 0 2 23 63
0 0 4 5 79 39 8 37 3 1 0 0 9 28 65 0 0 25 0 19 0 13 20 16 69 59 62 0 42 11 0 2 4 16 28 12 53 17 26 9 49 0 19 18 13 11 6 26 23 4 25 6 4 15 54 78 66 55 81 76 75 29 31 47 34 33 62 38 56 62 29 44 38 28 36 24 54 61 51 35 14 35 5 0 0 14 61 55 43 36 16 0 0 0 0 0
12 49 76 44 53 7 51 32 4 0 0 0 0 31 1 0 3 5 34 64 13 34 30 18 4 35 16 0 34 17 0 21 15 0 58 28 87 73 44 7 36 21 66 19 6 6 28 18 4 0 1 22 27 56 88 73 70 70 62 63 57 46 30 43 62 65 74 38 54 73 37 25 33 18 39 50 48 20 15 2 15 6 10 59 67 43 55 4 0 0 0 17 28 0 0 0
33 64 89 52 0 0 0 0 3 0 1 52 22 18 14 8 6 49 32 75 52 64 77 76 27 1 0 2 46 0 0 17 50 8 28 77 42 49 45 29 48 35 24 3 22 26 13 14 20 46 35 38 54 51 84 80 86 53 63 64 97 40 42 62 79 74 89 83 58 63 30 48 26 15 57 30 2 37 28 0 12 46 25 38 44 80 52 56 36 0 0 39 52 1 0 0
64 59 32 6 50 5 0 0 0 1 61 43 5 1 25 83 94 73 93 71 26 26 64 28 0 0 0 0 0 0 8 1 56 80 24 59 64 40 36 21 15 28 8 25 32 36 13 0 37 11 7 9 61 86 75 89 100 76 91 80 84 76 60 94 86 74 78 60 58 56 39 37 1 0 48 17 66 49 51 21 9 0 42 83 83 99 80 92 87 29 17 0 0 0 0 0
0 18 4 6 40 0 0 0 13 30 9 17 70 58 89 100 70 21 50 4 23 12 63 27 15 26 29 45 21 10 80 77 81 59 4 41 32 32 75 89 12 1 17 15 14 0 18 16 22 17 36 19 36 46 69 74 77 78 66 83 86 86 88 100 97 90 95 72 52 45 64 38 0 4 42 40 73 74 47 45 68 58 98 37 33 95 74 94 100 89 45 0 34 2 0 0
0 0 0 0 0 0 0 1 81 69 4 39 24 24 35 44 75 17 19 56 48 11 0 0 2 13 28 85 85 88 97 100 67 34 19 81 46 32 24 45 20 1 8 42 30 13 52 38 27 51 52 44 71 44 68 73 77 100 80 91 82 74 100 92 80 83 79 86 50 28 82 24 0 30 40 17 44 40 63 96 71 55 97 100 60 91 95 70 100 100 55 29 5 0 0 6
0 23 0 0 0 0 0 1 62 57 18 44 36 9 64 21 17 12 5 21 0 0 8 9 31 9 2 41 62 72 61 36 53 80 94 56 42 64 39 29 62 26 35 15 5 28 5 12 10 56 42 44 53 57 76 78 33 98 78 61 61 33 98 64 100 100 91 84 43 54 75 7 1 0 12 58 67 68 88 81 69 88 100 100 80 100 100 100 100 86 15 0 0 0 25 78
24 55 3 0 0 0 0 0 60 15 25 34 29 64 81 2 21 50 44 35 15 0 43 34 39 50 28 0 42 3 52 76 74 66 81 87 64 12 59 51 52 27 37 30 21 29 41 18 0 25 26 15 57 76 61 49 38 61 83 68 55 38 73 63 92 84 67 88 61 60 40 13 37 19 17 19 53 95 79 100 93 100 100 100 81 99 69 61 100 41 21 22 20 6 33 39
0 0 0 0 0 0 0 11 62 55 33 41 28 65 72 45 38 22 23 34 50 15 24 26 19 25 69 4 4 0 33 55 74 45 44 23 34 53 35 35 38 22 24 18 0 0 25 43 0 27 16 49 50 43 57 57 68 61 63 40 63 46 34 93 93 64 42 60 43 41 24 0 37 96 96 55 22 46 95 100 100 100 100 100 90 56 51 60 92 83 54 88 52 4 59 85
2 0 0 0 0 0 0 0 0 1 18 66 38 19 31 60 47 18 27 27 18 84 100 100 64 2 10 11 13 0 19 13 21 36 2 0 20 31 62 44 48 16 11 0 20 15 65 31 0 1 49 53 46 31 59 48 88 53 57 57 43 66 69 81 57 77 87 59 30 1 2 0 40 60 67 80 74 38 59 95 100 100 99 92 93 83 98 47 97 27 2 3 19 29 2 1
23 80 6 0 0 0 0 11 34 7 23 30 25 18 43 60 32 11 14 24 84 79 89 55 1 0 0 0 0 13 25 0 11 32 6 42 30 65 35 56 71 63 10 8 12 37 44 33 0 35 36 69 22 57 57 61 59 68 65 39 73 59 35 34 34 44 22 24 8 6 18 41 77 32 78 94 74 38 56 99 100 100 100 99 69 65 100 75 26 1 28 67 32 0 0 0
0 55 29 24 19 30 25 36 27 44 38 14 44 90 38 65 15 8 33 19 0 0 2 0 0 0 0 0 5 91 61 49 15 0 23 1 33 42 6 61 44 75 47 57 58 46 46 39 4 2 4 24 27 45 41 52 60 82 41 48 75 70 66 61 47 9 4 29 0 19 38 36 74 41 60 83 65 61 78 87 100 99 85 92 62 96 50 14 0 18 45 11 37 54 74 64
0 11 8 66 97 13 0 7 13 11 29 5 69 41 47 84 2 0 4 0 0 33 94 0 0 14 32 0 0 36 37 61 19 10 20 6 5 0 16 31 20 68 61 28 96 89 78 25 1 39 28 15 5 7 30 53 51 42 50 66 78 55 79 64 5 36 22 4 0 28 65 48 56 29 75 75 51 71 100 100 94 85 85 79 74 58 35 4 3 58 34 10 97 89 92 100
0 0 27 67 29 72 5 6 20 30 46 22 6 13 98 82 67 79 82 13 6 88 40 0 1 14 20 24 12 0 14 22 11 0 6 29 57 8 7 3 13 11 0 21 44 66 33 1 29 35 58 68 38 3 14 70 31 67 70 70 60 69 62 29 10 16 22 35 21 59 73 32 58 71 57 68 80 95 100 100 100 99 100 100 100 41 3 25 53 97 61 71 100 63 29 25
1 20 6 64 64 79 11 61 15 36 12 0 23 95 98 71 100 64 38 9 36 35 9 27 59 40 17 20 16 35 60 23 28 37 0 3 36 48 5 0 11 13 26 21 31 47 25 0 39 80 55 74 54 51 17 15 26 57 82 71 56 55 31 5 4 51 20 76 59 72 60 23 57 75 63 95 100 100 100 100 100 100 100 100 100 43 19 0 18 85 47 51 80 40 13 77
0 6 0 33 68 54 0 12 6 42 5 8 28 97 99 80 61 60 30 1 54 13 18 44 73 40 29 4 0 22 24 4 11 7 31 0 19 2 0 0 42 12 7 6 62 24 47 20 27 29 27 64 49 65 63 57 78 65 48 57 63 50 9 12 42 40 65 82 51 61 41 10 23 50 85 96 100 100 100 100 100 100 100 98 58 50 15 17 4 1 26 94 100 30 7 43
49 28 0 0 35 30 44 54 30 22 69 11 6 43 87 0 0 6 34 16 39 5 26 61 73 60 23 28 2 0 20 22 8 29 0 5 18 6 28 0 0 27 43 57 0 18 23 15 39 28 41 25 56 59 55 52 73 61 32 58 59 19 5 56 54 81 92 75 7 48 59 24 74 68 95 86 100 100 100 98 100 84 38 31 37 0 0 9 0 18 9 88 100 55 83 59
21 13 0 0 0 75 16 13 3 9 31 26 1 16 8 29 37 31 26 6 20 22 31 30 18 4 44 28 45 0 0 49 8 32 23 0 7 65 91 14 0 0 14 27 16 21 45 54 38 64 11 42 56 29 40 34 35 47 82 63 34 37 28 47 98 100 85 75 32 2 27 69 83 23 91 69 77 70 43 80 83 28 2 19 24 0 10 44 0 0 34 47 73 73 71 82
31 22 14 0 0 42 15 43 1 19 7 15 34 17 22 0 3 27 27 47 9 47 14 56 33 72 30 2 44 0 33 45 48 7 11 27 18 34 17 0 7 40 29 48 32 41 24 43 53 48 57 39 74 28 27 52 39 57 65 20 36 60 54 87 99 86 69 56 35 26 76 100 72 94 52 43 81 87 66 45 6 28 26 64 23 0 7 15 8 9 76 64 77 92 92 78
25 0 2 43 0 2 37 13 4 21 18 8 0 9 37 12 2 39 30 0 15 0 17 13 19 3 10 0 29 23 42 50 71 0 0 0 7 0 0 0 12 3 62 62 81 66 55 15 27 47 78 35 14 41 73 62 37 53 54 16 21 26 70 85 83 80 31 51 27 49 100 100 100 56 61 51 66 99 100 74 26 35 24 8 0 0 0 0 33 82 85 51 73 100 100 80
0 27 41 17 0 0 0 3 0 10 2 0 15 28 7 13 1 28 60 53 30 0 0 22 2 0 0 9 22 31 47 6 61 1 0 8 23 50 0 0 40 52 93 81 60 44 39 57 30 32 33 43 11 70 80 53 65 43 43 52 24 57 69 46 65 88 87 88 43 19 73 100 98 100 100 97 100 96 45 20 45 85 4 0 0 1 14 50 84 80 65 99 52 100 87 26
47 36 25 6 0 0 20 8 24 2 0 9 7 3 0 1 8 52 24 35 69 13 10 30 18 0 1 8 18 19 49 3 21 24 2 16 7 33 14 42 91 86 77 59 7 37 42 35 55 41 53 27 33 41 54 71 47 66 39 34 46 90 100 87 70 60 54 75 53 11 79 100 100 100 100 100 100 100 59 23 4 34 0 6 34 60 86 100 100 67 49 88 86 100 92 61
43 30 4 0 10 0 43 10 1 0 0 6 33 33 8 50 89 14 6 16 62 35 46 7 7 41 67 31 15 15 46 30 40 24 0 21 68 54 22 97 44 38 24 13 33 73 68 46 35 46 75 28 64 42 54 45 43 56 56 9 74 84 98 88 83 24 45 96 48 74 92 100 100 82 87 76 100 100 71 33 0 0 19 63 69 87 97 71 98 78 56 80 100 100 97 76
0 0 0 27 13 0 0 0 0 31 43 10 8 14 34 31 61 23 7 62 57 6 8 10 33 17 2 28 12 0 4 21 2 24 0 5 48 65 17 46 54 33 0 10 56 36 90 68 64 45 30 1 73 23 32 45 63 25 21 42 76 84 88 79 52 3 81 77 31 85 65 99 97 100 100 98 66 65 36 66 8 0 72 87 63 86 61 87 100 14 40 87 74 96 91 97
11 6 22 13 0 16 1 0 0 17 28 0 0 0 30 53 30 5 55 52 67 56 19 39 30 50 90 27 21 0 0 6 0 14 4 46 75 13 3 25 34 32 62 84 3 40 80 61 35 52 52 7 17 43 34 6 23 4 64 56 53 76 82 86 6 50 90 73 32 66 67 57 88 76 90 67 99 98 71 56 23 53 100 99 49 35 47 99 99 38 88 58 42 43 89 89
1 52 3 5 16 25 12 0 0 0 49 34 0 0 0 15 53 0 1 9 0 6 54 6 2 0 2 22 5 26 3 0 20 0 15 31 10 4 1 49 77 41 36 44 32 15 46 17 25 9 47 61 70 68 47 43 2 3 20 43 15 27 27 71 74 32 93 59 76 8 33 79 94 69 62 60 42 54 88 81 20 96 100 100 90 60 75 100 83 57 90 17 0 54 69 65
0 0 0 0 4 2 0 0 3 10 33 40 16 14 0 51 15 0 10 1 0 17 51 12 0 0 0 0 0 28 0 0 21 0 27 20 2 11 16 66 31 32 2 0 46 41 54 64 28 17 63 100 100 97 95 94 57 45 18 22 27 21 23 80 16 36 57 40 76 85 69 12 38 52 61 80 42 95 94 63 36 60 100 95 94 100 48 73 100 62 63 77 6 0 10 69
62 12 0 0 7 36 35 30 15 11 8 45 38 0 0 89 65 0 22 1 0 21 26 37 80 48 3 0 0 0 6 1 19 5 31 41 50 72 74 74 63 51 56 36 0 0 5 43 70 96 94 99 91 100 81 55 35 87 83 87 97 69 48 72 90 97 96 99 89 98 72 9 21 63 79 72 46 92 100 57 13 43 100 81 78 100 100 98 83 68 95 91 71 27 0 60
