data/habitatmaps/RS_maps/habitat_Fringilla.coelebs_2005.asc
NCOLS 369 
NROWS 228 
XLLCORNER 479000 
YLLCORNER 73000 
CELLSIZE 1000 
NODATA_value -9 
[rows 61 to 121 of 228, columns 96 to 191 of 369]
21 34 62 79 45 42 71 95 95 87 72 81 81 52 68 94 97 98 56 68 66 75 72 66 37 54 68 58 52 57 76 38 37 72 33 43 49 33 11 28 4 51 35 84 75 95 62 100 92 36 53 8 26 46 26 44 57 1 59 93 38 26 42 52 67 85 77 20 41 58 73 91 49 71 53 39 80 72 45 90 64 46 35 0 29 43 45 44 69 26 4 62 17 2 4 5
19 90 63 27 70 62 71 60 56 36 42 43 30 91 92 97 57 18 71 92 89 95 65 57 69 61 51 51 54 74 67 85 71 58 60 64 50 9 16 39 1 1 89 76 84 53 100 74 18 4 40 24 50 75 22 72 22 10 88 57 52 5 45 100 75 63 59 59 29 70 40 26 54 18 37 26 50 22 25 27 83 64 38 0 55 91 37 18 41 77 43 63 0 10 23 9
72 76 19 40 27 32 36 91 100 87 79 96 100 44 47 70 48 55 65 44 86 75 63 41 30 18 32 14 69 66 67 81 60 93 76 56 55 68 78 86 92 96 93 83 76 68 50 7 10 37 36 64 80 81 77 83 52 93 98 83 53 50 26 66 93 96 90 72 26 29 30 34 68 29 18 24 79 50 24 41 55 85 49 0 14 47 1 24 32 41 35 10 16 34 56 16
45 23 36 13 4 58 71 51 56 75 35 38 70 63 75 86 85 57 33 84 87 48 25 13 24 57 53 80 76 72 25 55 50 87 79 96 79 83 96 90 97 99 24 26 50 0 0 0 33 55 54 69 57 66 19 37 34 74 100 80 53 97 93 70 74 94 87 23 22 92 81 1 76 80 75 26 45 31 52 5 61 57 33 0 0 52 0 0 41 53 29 8 21 69 33 2
4 20 24 64 87 45 36 9 11 22 42 46 60 51 67 69 77 66 87 39 44 37 36 69 52 55 56 94 69 5 17 46 66 88 82 63 45 63 43 44 52 57 77 75 80 0 18 37 53 80 15 48 40 70 58 81 62 44 100 76 25 84 50 52 56 56 88 36 68 51 57 2 63 85 8 8 13 43 54 0 41 41 71 41 0 15 4 16 33 77 30 26 28 91 84 3
51 46 24 51 67 54 51 56 68 80 89 75 59 59 32 36 53 98 100 82 64 79 90 60 69 73 98 50 40 90 100 100 57 57 77 56 67 94 24 20 13 47 35 0 8 15 9 95 100 37 75 12 12 41 70 95 97 96 78 9 21 87 86 60 40 79 86 69 12 57 37 1 22 57 30 44 21 72 29 14 61 100 97 44 0 27 51 6 0 67 31 7 0 19 69 50
23 56 52 47 63 47 59 86 62 73 61 52 66 39 36 40 69 91 87 71 47 65 82 67 40 93 100 98 84 80 63 75 95 82 20 61 34 57 52 31 74 65 10 54 57 77 76 65 99 39 19 51 97 86 35 88 45 100 100 26 39 62 75 65 26 45 32 35 73 67 60 10 13 9 50 64 49 22 92 65 68 85 76 87 24 20 51 88 35 43 99 16 0 28 17 59
33 35 64 43 60 52 35 34 38 63 74 73 37 57 25 12 31 60 56 43 81 47 77 95 72 83 89 100 92 100 100 98 88 72 40 22 55 50 48 3 51 29 66 91 73 100 60 50 45 36 61 59 7 54 58 100 95 39 34 5 19 20 21 41 31 79 41 73 63 57 27 28 20 47 14 88 59 58 34 95 59 81 59 20 56 0 46 34 19 22 52 31 27 2 23 42
27 50 71 80 70 42 71 24 49 52 10 15 72 62 59 69 51 65 100 100 98 73 64 51 83 86 100 100 92 92 90 54 39 82 67 43 63 63 9 0 18 47 39 34 58 58 37 13 32 77 97 12 34 85 65 67 45 22 37 23 30 34 87 78 13 46 74 77 78 96 22 4 0 56 26 22 9 76 20 27 35 70 27 0 60 19 15 11 18 10 6 35 12 18 32 17
41 22 61 56 30 13 27 23 30 35 54 32 47 90 84 81 79 57 21 49 56 56 59 94 100 100 41 51 39 49 45 74 94 69 89 50 25 28 6 0 32 85 54 34 93 11 9 26 71 64 90 38 56 92 84 31 23 74 44 53 46 85 74 50 62 1 38 68 73 76 15 4 19 5 3 22 5 31 56 41 21 32 0 25 64 32 59 73 0 0 39 77 33 11 27 10
62 56 33 53 93 22 77 26 54 99 100 97 96 70 56 50 41 47 99 79 92 100 79 70 56 20 23 37 38 96 98 69 100 45 22 21 47 32 47 20 33 60 52 56 25 50 46 63 67 38 71 75 64 100 92 4 3 10 8 23 26 51 22 25 47 48 40 86 81 36 3 10 17 3 71 51 26 3 35 17 37 15 5 3 75 32 10 33 50 27 16 58 42 2 10 21
30 40 55 57 54 49 78 69 77 74 23 37 64 86 92 61 48 80 98 95 100 100 18 58 4 38 43 0 29 32 84 90 73 55 47 80 59 21 71 80 84 56 20 45 26 95 71 10 16 83 99 94 69 71 23 0 0 58 18 31 29 35 3 58 7 48 68 12 31 11 11 44 28 3 4 49 16 8 35 0 2 51 55 15 33 15 0 0 30 8 6 44 61 29 15 27
56 28 27 26 92 99 87 70 79 93 84 72 66 86 63 56 97 98 100 70 95 100 84 76 22 31 28 0 0 0 11 53 83 93 38 61 76 6 28 52 100 42 62 58 40 31 46 27 33 47 66 36 75 26 24 51 0 52 56 3 27 0 20 82 78 83 89 38 22 17 0 39 17 33 0 42 18 13 15 0 0 0 17 35 39 26 6 0 0 15 26 19 84 31 0 0
24 23 51 13 40 94 83 65 91 73 65 53 76 86 36 54 54 15 93 80 76 100 28 5 0 24 0 0 9 65 49 71 59 61 30 75 42 34 46 26 25 22 43 39 98 78 10 23 17 23 26 73 83 86 54 18 0 25 7 24 0 6 26 56 66 79 77 100 35 38 41 54 24 58 71 10 0 17 16 0 13 8 20 22 64 21 21 0 19 14 0 9 34 16 0 0
83 54 64 76 65 64 56 76 80 82 56 68 7 38 100 97 89 77 46 91 5 15 15 0 0 12 4 3 20 49 97 57 74 76 75 22 74 19 38 18 55 27 12 51 36 27 18 8 42 57 11 14 58 58 37 39 50 24 54 33 3 13 10 1 28 25 12 42 50 50 12 22 0 36 57 39 29 49 34 0 49 76 8 32 72 0 0 0 40 14 0 30 27 50 10 1
34 58 56 59 75 92 91 40 42 83 65 75 67 85 51 43 61 64 21 3 0 0 0 14 22 47 48 25 85 85 48 81 25 61 65 75 64 43 20 63 71 37 12 66 22 40 59 85 57 49 33 19 39 63 43 17 39 71 48 17 18 9 5 20 28 5 54 0 0 0 1 26 2 7 39 86 29 7 19 22 36 35 7 6 0 0 22 20 9 74 10 0 5 33 29 53
52 68 36 17 34 69 83 96 76 65 80 89 79 82 79 66 62 46 33 0 0 0 0 36 54 63 53 87 91 39 29 36 42 68 88 49 44 33 55 22 80 30 62 15 28 64 83 25 42 74 23 34 30 17 39 7 86 44 30 35 0 31 29 3 75 33 37 4 0 0 7 41 34 16 11 39 17 0 0 18 22 4 8 20 0 26 1 6 25 56 22 3 6 28 12 5
49 23 18 41 77 51 40 30 21 82 100 88 55 25 84 83 31 0 0 0 0 19 45 79 80 70 83 73 54 61 29 45 64 41 92 60 66 44 56 10 22 30 72 56 37 34 19 10 27 2 0 24 42 27 80 83 46 12 22 20 0 4 31 31 10 45 14 8 22 3 53 65 52 0 12 9 1 0 0 18 10 0 8 10 48 0 0 23 20 22 9 64 20 25 0 0
78 48 40 84 56 76 33 86 62 100 100 100 70 72 83 21 3 22 11 23 37 29 43 97 62 20 0 1 32 35 40 45 47 28 59 96 60 35 46 2 9 12 32 64 48 17 38 50 18 31 7 32 66 10 5 15 17 2 15 11 7 18 11 23 31 33 5 17 58 9 19 55 16 0 19 2 8 34 0 0 0 16 27 30 16 25 14 23 38 2 10 17 8 0 0 15
93 52 35 45 91 89 80 88 94 87 57 78 97 58 22 27 26 34 54 96 71 56 21 48 39 54 2 33 75 65 16 12 68 23 19 78 4 11 57 45 53 19 70 26 44 35 55 43 5 33 41 29 21 58 16 20 24 30 24 16 55 72 41 25 36 30 22 16 53 0 21 7 13 2 0 0 8 36 0 0 0 41 16 11 0 0 8 0 13 4 22 51 27 0 35 3
35 68 78 78 62 83 99 86 31 33 86 98 61 18 8 3 36 78 86 53 72 26 35 84 82 31 4 70 93 14 0 34 93 94 5 67 36 65 15 53 61 61 34 32 27 34 12 43 14 57 35 26 20 33 20 70 29 25 7 2 16 37 26 61 31 76 59 18 77 25 38 25 0 0 0 1 0 0 14 0 0 35 22 16 0 36 37 20 3 0 3 38 23 52 44 35
81 44 2 44 51 96 63 10 31 89 77 61 75 47 34 42 41 24 15 27 40 2 14 18 13 55 36 33 11 20 52 52 31 22 15 70 0 17 9 35 22 64 47 33 22 51 64 19 43 49 15 0 25 19 55 46 28 41 14 18 8 22 20 21 19 69 94 41 20 8 2 0 2 27 45 6 0 0 0 23 20 19 26 12 20 4 11 20 48 21 35 7 6 23 0 0
9 18 51 61 78 44 3 4 63 45 97 51 61 100 68 30 23 27 40 7 34 11 27 97 61 22 0 0 22 34 54 45 13 0 27 12 0 14 39 30 30 18 84 25 16 21 48 20 59 33 7 4 87 66 25 26 45 26 11 1 0 3 11 19 11 50 30 43 24 19 0 20 18 19 2 30 17 0 26 31 7 38 23 9 47 16 0 9 28 18 27 36 60 6 33 26
5 55 97 60 27 0 0 60 5 55 67 67 49 76 51 53 90 62 14 90 86 69 73 12 4 0 0 0 51 2 19 5 23 7 0 0 8 36 91 45 71 66 20 32 30 58 27 0 37 18 25 0 7 62 4 0 15 24 25 0 0 9 2 0 13 9 0 19 25 5 0 6 16 12 0 21 47 16 5 36 25 27 50 3 39 10 20 93 66 43 0 27 51 64 42 15
56 66 67 56 14 0 0 18 50 86 64 6 13 4 17 18 58 42 27 24 40 10 5 6 1 30 32 29 29 42 67 29 5 31 57 30 19 71 74 92 82 63 80 75 40 46 58 36 10 2 36 27 23 0 1 0 2 1 6 56 18 3 34 23 12 10 3 0 24 29 18 0 0 27 2 1 36 44 10 10 5 33 25 8 22 0 27 94 49 39 0 50 72 68 56 10
95 55 16 1 0 0 0 32 62 89 58 11 0 0 85 85 62 55 48 93 20 1 4 29 43 64 56 58 44 70 58 39 22 65 33 45 97 36 23 71 92 45 30 36 54 72 31 28 8 9 22 0 0 0 0 0 39 0 12 80 14 18 41 16 24 6 23 0 15 41 29 25 0 2 0 0 14 59 13 30 11 0 29 1 0 7 21 59 100 60 29 42 48 79 70 12
45 0 0 0 0 0 24 57 58 48 15 0 0 42 45 98 46 39 40 94 16 50 37 52 32 47 73 39 82 64 26 37 18 27 46 29 32 41 61 66 46 43 2 12 32 2 5 7 29 44 3 19 46 31 0 0 14 9 30 20 16 3 25 30 12 41 14 0 21 53 62 29 23 40 0 0 64 60 0 0 0 0 31 37 0 4 0 60 58 62 68 52 52 80 36 61
13 0 0 0 0 1 49 52 26 11 22 0 8 52 2 40 70 46 26 14 21 15 15 54 41 26 51 26 29 35 84 79 3 12 67 25 44 29 33 76 73 37 35 48 50 29 24 3 0 0 32 38 81 8 12 24 44 16 64 24 44 8 35 32 1 25 33 31 68 32 32 70 41 62 21 6 28 21 16 37 34 40 0 0 0 0 7 28 56 87 39 83 47 31 41 71
0 0 0 0 8 55 24 7 17 32 0 4 29 61 15 14 0 24 26 48 50 16 63 31 1 40 19 24 12 24 56 14 0 23 65 28 51 21 58 85 84 23 32 73 33 22 22 16 0 24 21 19 50 67 71 68 76 77 78 73 56 2 47 20 5 39 47 47 50 49 72 59 71 28 14 40 38 44 59 59 40 25 17 1 48 6 51 75 92 95 70 26 43 77 100 94
0 0 11 43 86 39 9 38 8 6 0 8 41 70 65 0 0 25 0 21 40 30 20 16 69 59 63 7 42 29 66 31 20 48 28 12 53 17 66 93 66 0 19 18 13 11 5 26 23 4 25 23 37 20 54 78 66 55 81 76 75 29 31 47 42 34 63 39 56 65 30 45 38 28 36 24 54 61 59 35 14 55 41 0 0 18 66 71 52 61 77 21 4 7 39 66
40 55 75 44 53 7 51 32 13 0 4 46 70 53 1 35 9 16 35 65 47 35 30 18 4 34 16 0 33 19 4 28 39 13 57 28 87 73 51 73 48 20 66 24 6 6 27 18 20 20 1 22 34 56 88 73 70 70 62 64 57 46 31 58 83 65 74 39 54 73 38 25 33 18 39 50 48 20 29 9 15 64 18 59 67 43 79 52 88 100 39 85 91 23 1 32
59 64 88 56 0 28 30 0 10 0 4 60 33 19 40 13 11 49 32 75 52 64 77 76 34 15 11 0 10 31 36 21 54 28 55 77 42 49 45 66 53 34 24 3 23 26 13 29 78 60 34 37 55 50 77 80 86 54 63 65 93 40 41 65 86 75 89 83 58 63 32 49 26 16 58 30 7 38 28 0 12 47 25 38 44 81 56 74 60 59 64 71 74 31 0 0
35 36 55 19 0 18 0 0 0 62 33 39 31 1 25 83 93 73 93 71 37 26 64 28 11 61 64 0 26 58 43 26 69 80 24 59 64 41 35 21 33 43 19 28 32 36 13 26 44 11 22 16 62 86 72 89 100 76 91 80 87 77 61 94 98 77 79 60 58 56 39 38 1 0 49 17 66 53 51 22 15 37 57 83 83 99 80 76 74 30 64 73 22 29 0 0
24 10 3 14 11 0 0 0 21 58 10 17 70 58 89 100 70 49 52 40 23 12 63 27 15 27 56 51 65 26 79 77 81 59 44 42 32 32 75 89 27 63 55 72 46 0 41 23 22 17 36 19 37 50 69 74 77 78 66 83 86 86 91 100 98 99 95 72 51 45 63 38 0 7 42 31 36 74 48 45 68 58 98 37 33 95 74 94 100 89 65 33 38 52 0 0
15 0 12 0 1 0 0 5 81 69 4 39 24 24 35 44 75 18 19 56 48 20 19 19 13 88 85 85 84 88 97 100 67 34 32 82 46 32 24 45 20 12 9 50 33 36 53 38 27 52 53 51 76 46 69 73 77 100 80 91 76 62 100 95 80 83 79 86 50 28 82 24 41 39 40 13 43 40 63 96 68 55 91 99 53 91 95 79 100 100 57 45 20 8 0 18
0 23 52 13 0 0 0 29 63 57 18 44 36 10 63 21 17 12 5 21 10 14 22 9 35 33 68 41 62 72 61 36 51 80 94 56 42 64 39 29 62 26 35 15 5 28 10 17 21 56 42 45 48 61 77 79 33 98 75 63 76 34 98 67 100 100 91 84 48 55 75 7 37 3 12 58 67 68 88 72 52 82 71 49 59 90 71 45 91 86 33 73 0 0 24 78
24 55 3 0 0 0 0 0 60 15 24 34 29 65 81 2 21 50 49 38 31 3 43 40 48 79 83 19 75 38 56 76 74 66 81 87 64 11 59 51 52 27 37 30 21 29 58 26 9 25 43 31 59 76 61 50 38 61 83 69 62 41 73 74 92 84 67 88 61 60 39 14 39 19 16 19 54 95 79 100 68 79 59 64 71 75 22 0 58 41 25 55 21 31 33 39
0 0 0 0 0 0 81 46 63 56 33 50 28 65 72 45 38 22 55 48 79 21 39 64 88 100 100 79 96 86 33 48 51 44 44 23 34 53 34 36 38 22 24 18 0 0 25 66 47 27 29 50 50 43 57 57 68 61 64 41 63 46 34 93 93 65 41 60 44 41 23 33 39 96 96 54 22 47 94 96 51 56 41 50 52 1 3 4 76 83 61 88 52 68 57 50
60 2 0 0 0 0 29 4 0 2 23 68 43 21 31 60 47 18 27 43 85 91 100 100 100 82 42 42 16 34 25 13 21 35 13 0 20 31 61 43 48 16 11 0 20 15 65 38 18 1 50 53 46 32 58 47 88 53 57 57 45 66 69 81 60 77 87 59 32 1 2 0 41 59 68 41 68 38 49 87 59 88 97 66 61 59 53 32 97 28 2 3 26 44 18 72
48 79 6 0 0 33 2 11 34 16 24 33 25 18 44 60 40 43 14 26 92 100 100 66 53 43 50 26 97 97 73 53 56 59 40 42 30 39 35 55 42 47 0 8 12 37 44 33 15 40 36 69 23 59 57 62 59 68 65 39 74 59 35 30 34 44 22 24 49 46 18 41 77 32 55 52 63 35 56 94 37 90 87 77 69 65 100 76 30 1 27 67 32 0 4 57
0 55 36 47 14 42 34 35 31 42 38 38 29 67 38 65 15 8 35 42 66 100 63 83 39 58 86 78 62 96 61 49 26 24 26 1 33 42 25 50 14 33 43 38 45 46 46 39 22 16 42 62 37 46 41 25 45 83 40 49 75 70 66 61 42 9 4 30 45 46 40 36 74 41 46 28 32 47 60 70 71 94 60 88 62 96 50 34 31 23 44 11 3 0 0 0
9 46 36 0 0 0 28 37 28 36 34 1 27 36 42 57 2 15 20 7 36 74 100 81 93 100 100 100 52 90 76 62 19 10 23 6 4 0 28 31 19 68 50 28 96 89 87 27 4 39 36 55 42 18 30 51 51 41 49 66 78 55 79 64 6 36 22 4 11 28 65 47 56 25 35 32 23 52 53 60 87 52 77 68 74 58 46 35 45 59 33 2 0 13 0 7
77 13 27 11 1 72 27 6 20 29 47 22 6 13 35 68 33 76 82 39 50 88 99 90 92 96 85 75 97 76 75 47 42 4 72 43 42 8 12 14 13 11 0 21 45 67 50 42 29 35 58 68 38 32 18 76 37 69 83 72 59 69 62 30 10 17 22 35 21 59 75 35 58 1 37 61 52 87 84 75 90 98 81 42 69 42 3 48 54 91 61 66 68 17 9 16
50 25 9 64 63 75 12 61 15 36 12 0 5 34 35 71 99 64 81 32 36 35 47 76 81 42 43 29 21 68 60 23 32 38 29 30 35 48 23 33 11 13 26 21 31 53 50 0 39 73 55 74 54 51 17 53 45 64 88 89 58 55 48 28 9 51 20 75 59 76 59 27 16 57 42 64 37 97 63 74 79 100 94 68 100 43 19 11 19 85 47 51 51 3 13 77
27 12 24 38 56 10 3 14 24 45 5 8 26 55 95 66 41 59 59 1 54 14 62 68 73 40 63 51 0 22 24 4 11 7 31 17 20 2 4 16 43 13 6 6 61 16 47 20 27 29 29 64 49 65 63 66 80 65 47 74 78 50 44 13 41 40 62 57 49 61 41 0 0 22 26 74 70 73 80 89 61 68 83 98 58 50 17 18 18 17 37 75 53 12 10 43
48 37 32 0 0 24 58 59 29 95 70 11 6 43 87 24 3 9 55 16 39 5 26 62 73 60 33 31 13 46 20 22 19 37 0 33 18 6 28 52 45 43 47 58 21 18 23 15 39 29 41 25 55 59 55 53 73 60 32 58 59 19 7 56 53 63 39 48 8 48 54 9 6 3 7 44 48 27 94 90 30 45 38 19 3 19 58 34 75 25 9 76 37 47 80 59
22 21 5 2 47 76 16 16 30 59 34 25 1 42 48 82 57 57 44 6 23 24 31 30 19 4 44 28 86 70 5 50 47 34 23 0 7 66 91 33 2 36 14 43 15 21 45 55 38 64 11 42 56 30 41 45 35 47 82 60 34 37 27 47 94 15 32 54 33 2 26 3 0 12 17 55 64 61 35 53 14 10 2 0 4 41 64 49 0 0 34 45 59 12 40 82
31 22 14 0 12 66 18 39 23 19 7 12 34 17 64 2 3 24 24 54 61 67 15 55 33 72 30 23 53 52 33 45 48 10 16 27 18 34 28 34 7 40 29 49 37 42 24 43 53 48 53 39 74 28 28 55 40 57 65 13 36 60 53 41 81 46 47 50 56 24 47 56 30 86 7 44 77 61 67 45 6 20 26 65 22 6 22 15 8 9 73 45 39 9 43 78
37 13 36 47 0 1 34 13 4 21 18 8 1 11 36 21 18 38 31 14 15 0 17 13 18 3 10 6 30 35 42 50 91 48 76 0 7 11 91 24 17 3 62 63 84 66 55 15 27 47 78 35 14 41 73 62 37 53 54 16 21 26 67 40 48 40 22 50 29 49 84 57 69 31 46 41 32 96 100 74 26 35 24 8 0 36 19 0 30 43 57 26 3 1 54 81
55 49 50 18 0 0 0 3 0 10 2 34 70 30 10 35 2 28 60 53 31 0 0 22 2 0 0 10 43 31 47 6 67 66 22 13 23 50 34 6 42 52 93 81 60 44 39 57 30 32 33 43 11 70 80 53 66 43 43 52 24 58 68 36 54 67 61 74 36 19 52 59 55 85 100 88 26 77 44 20 45 85 4 0 19 50 14 49 84 75 63 70 12 18 78 39
70 38 25 6 0 8 24 8 23 12 50 10 2 3 18 1 8 52 24 33 69 13 11 35 18 0 1 8 69 24 49 3 21 25 6 23 7 33 14 42 91 86 77 59 7 38 42 35 55 42 53 27 33 42 54 71 47 66 39 49 47 90 100 81 65 38 6 38 45 2 56 69 70 51 100 100 98 100 59 23 4 34 0 18 49 60 84 76 82 64 53 77 29 20 87 61
42 27 4 0 16 66 70 9 1 37 21 5 32 33 8 50 89 14 6 16 62 34 48 13 8 41 67 31 24 15 46 30 40 24 16 55 68 54 22 97 44 38 29 14 33 73 68 46 36 46 75 27 63 43 53 44 42 56 57 37 74 74 95 75 28 4 2 17 44 22 60 68 90 34 61 74 78 91 74 34 4 16 19 63 66 85 63 51 34 63 45 50 17 67 93 74
0 0 0 27 28 59 16 0 0 32 42 10 8 14 34 31 61 23 7 76 60 5 8 10 33 21 2 30 23 18 4 21 41 30 48 32 48 82 91 51 54 34 18 14 56 25 64 69 31 38 31 1 73 24 30 46 63 25 21 42 49 54 64 39 0 0 52 26 29 65 28 94 67 38 88 97 27 49 6 68 37 38 74 87 45 79 44 0 66 14 40 21 0 1 13 97
11 5 20 8 0 16 1 0 0 17 31 0 0 0 30 46 30 13 55 52 67 56 19 39 29 52 90 27 32 5 0 8 7 29 16 46 75 29 21 25 34 32 63 84 3 40 80 62 37 52 52 7 16 42 35 5 23 4 64 57 27 62 47 2 0 32 72 49 32 49 61 37 6 45 85 31 56 97 56 50 23 58 100 98 24 3 0 25 73 29 38 8 0 0 7 89
30 52 33 33 42 25 12 7 6 0 48 61 27 0 20 14 53 44 64 8 0 6 53 6 2 26 2 22 5 30 24 0 20 23 24 34 33 17 28 53 77 41 36 44 32 15 46 17 25 9 47 61 70 61 41 42 2 10 33 49 18 28 32 12 0 12 76 36 53 42 53 45 0 19 5 0 34 49 88 81 20 96 100 97 45 43 0 56 81 39 21 0 0 0 26 65
40 31 76 77 50 47 0 5 60 16 33 54 27 14 0 51 15 5 10 1 0 17 50 11 0 0 0 10 54 39 46 19 21 5 28 37 17 30 24 68 31 33 2 0 46 41 54 43 28 13 63 100 77 89 92 95 58 46 17 24 26 8 27 70 3 2 22 35 27 60 96 57 6 48 52 42 0 29 88 63 36 61 94 53 81 67 24 0 25 70 44 3 0 0 0 15
64 26 76 56 79 91 35 29 23 11 15 50 38 0 0 89 65 0 22 1 0 21 26 37 80 48 3 10 15 0 26 4 19 5 31 39 50 73 74 74 63 51 56 36 0 0 5 34 58 83 90 53 49 82 43 36 35 60 68 58 30 17 51 74 39 74 55 79 60 31 45 24 21 1 3 1 0 1 52 57 13 43 67 9 70 77 5 6 52 51 53 0 0 0 0 0
92 71 59 34 74 17 14 1 27 4 3 58 23 0 7 90 49 0 0 0 0 5 35 22 64 100 56 1 0 6 22 3 9 58 9 54 69 62 55 43 12 0 6 12 40 53 49 18 45 54 50 48 20 43 59 50 57 31 42 4 9 25 22 49 53 39 35 1 15 1 0 0 19 0 0 0 0 11 81 41 33 31 70 41 67 16 0 0 54 62 17 0 0 0 0 0
23 88 97 100 45 0 16 4 56 32 39 15 21 16 50 38 20 25 32 34 9 25 48 77 64 56 53 52 32 9 25 19 30 38 23 1 46 91 56 46 23 47 38 45 39 26 59 82 52 55 45 18 30 58 37 31 14 0 7 2 5 13 54 66 82 48 4 2 0 0 0 0 0 0 10 0 4 69 61 40 71 97 69 37 70 0 0 0 34 16 0 0 0 0 0 0
29 48 56 67 75 18 0 2 18 0 4 13 0 19 55 11 13 22 23 0 3 22 14 52 91 59 95 98 39 0 7 0 30 11 12 26 12 86 64 52 75 82 40 44 5 40 23 74 33 49 55 39 26 36 44 33 52 38 92 30 17 89 100 64 58 1 0 0 0 0 0 1 9 40 91 36 5 28 100 69 77 57 5 7 5 0 0 0 0 0 0 0 5 54 22 0
39 38 45 72 73 34 46 12 0 10 21 21 0 13 47 11 8 5 16 46 77 91 97 100 100 94 100 100 20 2 64 0 15 0 9 43 28 82 85 64 81 45 4 4 36 39 51 56 77 71 68 53 9 27 5 14 74 93 79 62 72 36 23 76 46 0 3 32 39 55 65 71 79 44 74 100 80 61 65 86 57 71 81 6 0 0 0 0 0 0 0 0 53 78 6 0
