data/habitatmaps/RS_maps/habitat_Linaria.cannabina_2019.asc
NCOLS 369 
NROWS 228 
XLLCORNER 479000 
YLLCORNER 73000 
CELLSIZE 1000 
NODATA_value -9 
[rows 122 to 182 of 228, columns 192 to 287 of 369]
25 46 91 94 28 0 11 100 100 100 100 93 93 70 90 100 100 100 100 48 52 18 11 58 100 88 26 24 100 93 0 0 82 98 42 69 83 1 30 95 58 96 94 55 34 21 8 0 9 85 33 1 32 44 59 74 67 83 80 100 100 100 87 47 0 8 51 24 0 37 45 81 100 71 76 0 1 78 100 85 71 9 0 35 23 4 60 100 100 55 0 5 80 56 0 0
100 97 100 90 23 0 20 100 100 100 100 62 82 100 100 100 100 100 93 81 53 2 63 96 74 99 74 72 36 1 0 0 22 49 21 22 1 86 87 89 28 36 4 28 67 64 80 22 37 28 0 20 13 80 35 58 37 99 100 100 100 100 84 79 38 18 39 20 43 86 40 69 100 25 32 7 51 100 88 98 82 4 0 36 1 0 32 99 100 77 25 0 50 91 77 0
58 17 95 100 88 66 67 100 49 72 100 100 92 100 100 100 88 100 52 18 24 42 100 48 19 100 100 100 46 12 0 0 0 2 7 35 60 100 97 34 0 13 73 100 95 54 36 75 87 15 13 9 36 33 3 26 61 100 100 92 94 98 76 85 12 72 22 61 91 93 26 100 76 19 24 50 100 100 63 93 80 18 0 44 3 0 28 96 100 100 38 22 37 100 78 36
70 66 52 95 100 100 100 36 3 0 32 37 81 78 88 92 42 90 5 31 28 87 100 54 9 93 100 100 78 64 45 0 34 69 91 100 99 38 6 0 31 27 46 55 46 3 22 66 31 21 53 98 100 8 69 86 71 100 100 90 88 79 91 55 57 43 45 18 100 95 91 100 69 53 4 54 100 75 26 56 79 30 0 38 17 2 23 66 97 90 48 30 68 30 40 86
77 59 100 100 99 55 39 0 1 0 0 0 57 95 100 50 4 16 0 1 56 100 100 49 9 65 81 98 100 100 72 1 60 100 100 99 72 11 61 33 9 12 87 10 33 0 50 99 78 50 98 100 100 32 93 100 100 100 100 100 100 84 47 38 43 33 0 45 100 100 100 99 67 23 53 97 100 83 51 58 59 36 0 53 50 0 34 41 31 34 34 40 17 0 33 85
2 0 57 69 82 46 4 0 29 1 0 0 22 45 22 71 39 0 0 74 100 100 100 90 11 3 4 74 100 100 97 69 100 100 73 8 22 48 33 0 12 42 100 76 44 5 51 99 74 99 100 100 100 88 100 100 100 100 100 100 100 78 46 70 14 0 0 20 100 100 100 91 67 3 69 100 100 100 100 100 76 32 0 7 30 26 3 18 61 69 22 49 0 25 65 93
85 0 0 0 10 3 0 0 70 92 26 0 0 26 80 85 33 0 17 86 62 78 100 61 0 0 0 98 100 100 82 75 100 68 47 47 50 10 0 84 81 60 85 100 52 0 5 69 23 58 52 78 100 100 100 100 100 96 88 52 52 53 24 16 14 21 0 37 86 100 100 76 71 13 94 62 75 98 93 41 4 0 5 35 0 0 0 4 71 46 14 44 18 39 100 24
92 13 0 0 0 0 0 0 47 100 99 25 0 12 72 91 45 0 46 55 0 65 100 52 0 56 56 59 100 94 91 63 74 74 24 96 43 11 27 32 100 97 100 100 55 34 14 95 84 32 91 100 98 100 100 100 97 64 65 28 14 31 0 0 52 91 12 43 100 100 84 63 42 43 100 64 58 68 12 24 14 0 35 2 53 60 52 28 4 43 61 54 63 0 32 0
54 0 0 0 0 0 0 0 5 77 100 91 48 70 92 97 45 0 80 73 8 15 60 100 21 66 94 88 81 74 65 34 80 30 53 45 35 76 15 34 78 25 77 100 100 52 6 45 100 67 54 69 86 100 78 72 25 69 56 25 0 0 0 19 96 100 79 97 100 100 93 11 82 67 44 100 69 29 58 39 48 0 3 7 39 49 24 0 0 27 17 26 66 61 44 2
20 0 0 0 10 30 0 8 0 39 97 100 100 99 22 24 11 8 75 89 49 52 60 100 100 100 100 99 89 80 18 39 44 2 30 61 78 61 65 55 93 69 76 57 59 95 45 30 100 97 94 100 100 100 65 11 40 75 22 20 63 0 2 39 42 91 100 73 100 87 72 55 100 99 86 73 53 100 100 100 97 31 0 34 95 87 15 26 14 57 15 7 32 58 44 0
0 0 0 0 38 100 76 71 51 54 100 100 94 100 100 44 51 83 100 100 77 96 79 95 100 99 63 65 55 78 62 5 53 27 73 30 59 59 100 86 88 4 0 39 73 100 70 43 99 33 23 93 100 100 92 92 42 12 56 79 89 2 0 5 65 88 45 94 100 57 48 89 100 100 98 14 36 100 100 87 41 99 20 13 50 100 87 95 40 0 0 0 17 0 0 0
0 0 0 0 6 81 98 87 73 92 79 76 59 100 89 99 100 100 100 100 100 100 100 100 100 87 91 92 98 100 100 91 100 99 100 95 59 38 99 100 99 60 70 86 86 88 98 84 98 66 65 100 100 100 100 50 21 21 82 82 85 49 0 32 100 97 39 98 100 66 94 57 51 78 50 46 75 100 100 94 84 100 97 27 3 78 100 98 85 18 17 32 5 0 13 21
0 0 0 0 0 3 51 100 60 54 72 65 42 27 39 99 98 60 97 100 100 100 100 100 100 100 100 100 100 100 100 100 100 100 100 100 41 16 57 76 63 24 7 74 22 3 6 32 99 97 58 89 100 100 65 2 68 97 69 44 89 60 0 81 100 100 89 100 100 100 100 12 2 26 40 100 100 100 84 71 90 100 57 0 4 76 100 100 100 100 17 14 61 45 72 87
0 0 0 0 0 0 68 73 78 38 9 0 2 57 100 97 68 45 100 100 100 100 98 100 94 65 82 67 89 91 68 100 93 87 100 94 55 90 55 16 0 0 0 3 2 0 0 4 96 100 100 100 100 100 45 34 96 37 8 39 88 93 52 54 100 82 90 100 100 100 95 10 37 100 100 100 100 100 82 54 63 75 24 19 96 100 53 93 47 56 25 5 88 55 54 65
0 0 0 0 0 0 39 6 0 0 2 92 95 100 100 68 82 100 100 100 100 100 43 88 93 94 52 100 100 95 61 68 31 87 100 100 40 71 12 0 0 0 8 13 6 6 9 48 100 92 61 100 100 100 94 93 75 1 43 99 100 73 56 44 100 31 53 100 100 100 83 29 42 89 100 100 87 67 15 3 3 96 30 21 100 100 50 67 78 98 38 11 29 62 40 31
0 0 0 0 0 0 0 6 82 65 98 100 100 100 100 83 99 100 80 93 100 100 94 99 100 100 87 78 76 99 98 27 24 94 100 100 95 100 31 0 0 1 82 93 86 63 71 99 94 38 15 92 100 100 100 100 2 41 96 100 100 88 58 52 100 99 80 100 100 100 100 89 31 50 56 43 90 55 81 27 4 57 0 48 100 59 0 80 100 61 21 49 98 28 17 3
0 0 0 0 0 0 30 88 100 100 100 100 100 100 100 100 85 48 0 5 64 100 100 49 100 84 100 61 67 100 50 28 55 100 100 100 100 100 100 57 24 3 90 100 40 3 25 100 97 16 0 27 100 100 100 95 65 100 100 91 56 10 43 100 100 100 100 100 100 100 97 16 0 0 19 96 86 85 93 1 1 19 10 77 92 100 32 100 100 39 13 74 21 13 11 20
0 0 0 0 0 11 48 89 100 100 100 100 99 76 100 100 56 10 1 55 83 100 94 47 87 86 98 32 71 62 25 58 100 100 100 80 100 100 100 100 96 28 88 100 87 59 93 100 100 75 7 1 71 98 50 21 65 100 100 32 16 60 54 94 100 94 63 95 100 70 20 0 0 54 51 100 100 100 93 13 7 10 12 45 57 86 47 96 100 100 94 54 22 63 72 23
10 19 4 0 54 81 100 100 100 100 100 93 28 50 95 57 98 67 7 57 100 100 100 97 27 18 61 13 76 38 88 100 100 100 85 24 71 65 30 95 62 89 100 100 73 69 100 96 65 96 54 5 20 70 0 29 87 100 55 60 99 100 100 100 100 100 90 54 81 66 62 59 6 11 66 78 41 72 88 70 7 0 29 97 100 81 71 100 100 100 100 78 32 1 2 47
52 17 31 5 92 100 100 100 100 100 100 36 64 88 95 10 24 35 0 3 74 97 55 34 33 23 34 0 30 44 100 100 59 89 32 0 64 7 14 100 100 100 84 32 75 100 65 33 93 90 9 85 71 62 70 88 67 61 86 100 76 100 100 100 100 48 0 64 64 71 100 100 48 33 44 29 58 2 0 66 10 0 1 77 91 85 38 49 92 100 100 51 11 70 11 4
68 64 78 89 100 85 99 100 100 100 98 46 94 100 100 80 17 23 4 0 66 62 58 100 74 99 41 70 41 37 79 91 14 99 30 0 40 7 94 100 89 88 31 0 22 47 12 20 100 36 0 76 100 100 93 59 74 100 99 75 35 94 100 94 59 16 62 64 100 93 100 100 83 55 24 8 0 13 0 12 13 17 46 84 73 10 11 64 100 100 100 13 71 100 55 11
100 100 100 100 99 57 81 100 100 100 48 36 64 23 60 16 44 50 86 45 77 100 100 100 60 100 92 85 97 100 99 93 75 100 51 0 39 80 100 61 1 46 28 18 13 58 69 71 100 25 19 97 74 63 100 70 100 49 52 55 100 100 100 59 40 92 100 100 83 76 82 59 60 62 9 14 61 88 53 99 79 5 2 81 100 83 99 100 100 100 96 80 52 100 32 38
100 87 66 60 41 100 100 100 75 100 70 17 0 0 0 41 80 99 73 96 88 76 95 100 100 99 87 38 36 52 99 94 100 100 95 79 92 100 100 82 44 49 24 2 78 85 100 24 71 39 37 100 46 32 78 78 97 26 3 95 74 87 100 93 100 100 100 79 36 20 44 18 34 8 71 83 76 97 89 51 91 25 41 92 74 80 100 100 100 97 100 98 12 52 92 21
100 96 58 0 4 68 77 75 34 62 32 0 0 0 10 100 100 100 88 67 50 18 90 98 74 60 88 100 100 100 62 22 100 88 67 89 100 100 100 59 49 72 82 41 38 34 98 72 28 0 26 100 41 0 70 100 73 8 0 10 0 89 100 100 84 81 100 92 62 86 88 92 93 52 80 39 10 100 79 47 99 20 81 12 0 24 48 96 85 72 97 63 0 43 95 9
79 100 100 66 51 22 0 6 0 5 38 42 27 50 69 62 97 81 67 15 39 40 100 44 6 49 91 100 100 100 100 100 100 85 21 65 89 100 67 15 30 0 0 0 2 86 100 100 66 1 52 100 14 3 83 98 73 3 6 37 64 100 100 100 38 60 68 64 95 46 100 100 100 100 64 0 29 38 21 52 87 4 39 90 60 53 36 100 66 100 70 0 53 99 59 42
78 76 100 93 89 38 0 0 0 1 80 100 100 100 85 73 16 35 45 20 44 36 48 40 35 30 91 83 98 72 47 45 100 96 93 67 52 36 29 46 20 29 12 0 33 4 27 56 100 80 10 54 48 0 5 69 67 2 24 100 100 86 98 100 100 84 96 100 100 100 100 100 100 100 100 72 0 0 0 0 84 30 26 54 97 100 86 59 59 78 13 35 97 97 16 6
62 72 100 100 71 0 26 0 0 29 98 98 66 33 17 3 7 19 16 42 94 36 14 0 21 29 80 25 53 96 98 37 38 66 48 47 71 69 89 88 97 34 0 0 16 20 21 64 100 87 2 14 2 0 0 0 0 0 30 95 68 82 100 100 100 88 48 74 100 89 30 22 37 78 100 23 0 0 0 17 95 100 98 64 5 38 51 100 83 66 4 46 100 100 85 79
100 100 99 67 100 76 7 0 11 70 94 42 28 36 89 50 99 100 100 97 54 6 0 0 0 0 4 4 31 36 89 88 95 91 100 100 80 83 49 94 100 99 46 2 11 1 6 73 95 100 17 0 0 50 75 100 87 83 95 95 91 100 100 100 69 9 71 79 95 71 0 0 2 18 100 26 52 13 59 97 100 99 75 98 34 43 100 50 32 10 69 86 83 89 100 48
43 11 15 0 34 7 0 0 90 68 25 26 65 100 100 75 65 100 86 54 89 54 81 67 48 8 13 0 0 1 5 44 53 36 29 77 87 100 93 95 81 72 100 72 7 0 0 8 42 100 45 0 0 3 1 41 89 100 89 47 5 51 100 100 54 92 96 55 100 66 0 38 85 97 99 62 94 35 64 100 100 56 76 100 55 37 95 78 41 4 0 0 0 61 87 63
95 21 0 0 0 1 4 19 52 84 40 85 98 100 100 67 84 100 99 96 100 100 100 92 100 71 86 43 0 0 10 23 14 41 31 55 13 89 100 100 51 31 43 21 0 0 0 47 49 34 94 48 2 0 0 0 0 10 1 3 73 100 100 100 100 89 30 61 100 54 0 30 49 62 75 47 71 87 48 100 67 0 49 81 77 31 47 94 100 52 21 21 0 48 43 82
99 54 21 18 47 91 98 90 99 100 91 58 32 96 94 76 75 100 76 26 42 87 64 38 31 27 86 69 20 44 51 28 0 15 16 18 72 40 81 100 100 33 5 0 0 0 21 51 4 47 100 98 92 14 0 0 0 11 1 20 89 96 100 98 100 36 0 60 100 42 0 1 45 77 79 68 95 100 89 60 2 7 62 58 89 95 50 43 66 100 100 67 5 12 20 27
100 100 88 95 100 100 100 81 100 61 8 0 14 4 32 72 23 16 54 63 94 19 96 100 71 20 93 85 79 14 13 56 24 0 55 47 75 4 80 86 85 39 3 0 0 0 43 60 0 42 76 60 97 76 73 19 0 43 94 4 2 78 100 63 83 89 12 33 68 20 0 30 64 54 55 86 100 100 14 0 15 56 100 43 100 100 82 100 74 93 100 88 36 13 23 26
92 54 28 74 95 100 100 100 31 1 23 59 69 3 41 88 84 74 22 68 74 49 21 74 100 99 92 55 91 67 13 1 17 37 38 0 54 0 56 88 86 76 13 0 0 0 26 92 20 11 39 15 37 58 91 54 0 65 100 49 64 72 100 26 50 100 75 56 0 0 19 64 92 34 64 99 73 67 56 0 64 100 92 45 100 100 98 78 100 100 100 100 99 100 97 90
18 28 21 2 15 79 100 73 0 0 15 94 100 37 3 13 55 90 83 23 33 68 3 2 68 79 45 79 99 87 18 17 26 38 30 0 6 17 25 79 100 45 0 0 0 0 0 11 73 12 66 14 34 94 47 0 3 94 86 16 77 100 96 0 1 82 66 4 54 31 100 95 86 71 71 58 63 40 34 2 66 93 82 66 100 100 97 58 79 91 95 100 100 100 100 100
37 20 0 22 96 93 100 15 4 50 93 100 100 59 9 94 85 38 35 68 100 85 16 33 49 83 25 68 96 43 5 84 46 47 0 0 0 0 13 13 99 82 14 0 0 0 0 0 39 87 61 42 51 90 63 0 54 100 96 54 78 82 100 30 76 66 98 27 41 96 98 81 10 6 7 34 12 50 98 59 28 93 51 92 94 100 95 38 21 52 98 100 66 100 100 100
100 99 51 63 98 45 89 16 66 99 84 100 98 38 16 97 97 100 48 100 97 20 0 2 55 67 0 0 17 63 70 80 54 71 10 0 0 0 50 5 28 92 8 0 0 11 37 0 6 21 29 31 17 13 61 25 37 100 97 80 78 70 83 33 28 25 44 65 76 14 80 76 89 94 1 21 31 33 75 78 67 100 51 76 68 100 100 100 45 75 100 100 70 39 96 66
92 91 99 100 100 86 91 12 0 32 31 67 81 95 45 100 75 27 95 100 97 49 40 0 86 61 31 8 0 0 0 23 25 87 13 3 0 0 0 24 13 19 54 2 0 0 16 27 35 13 7 0 0 3 28 98 54 100 66 27 54 34 80 53 53 36 31 50 85 85 43 58 69 88 57 23 81 85 66 21 8 73 78 70 26 99 100 100 82 53 100 100 81 4 58 38
41 40 39 99 100 54 62 3 0 0 15 28 15 49 75 31 82 27 28 33 65 80 7 5 66 100 100 91 33 25 77 96 97 42 24 16 0 0 0 28 25 34 43 32 0 12 0 11 2 0 0 0 0 38 69 79 60 94 47 22 79 31 46 37 78 24 25 30 47 100 47 62 98 81 14 28 44 24 49 87 65 48 100 99 7 43 100 100 83 50 100 100 60 4 19 21
29 62 98 100 100 99 67 0 0 18 66 5 0 0 38 32 75 93 15 34 1 8 2 70 56 86 34 68 46 7 94 97 21 0 4 0 30 0 0 1 3 40 0 6 0 12 0 0 0 0 12 28 31 22 89 41 26 85 11 0 83 94 88 35 56 3 0 0 45 97 21 65 99 98 42 26 31 12 14 69 98 35 64 94 27 0 95 100 100 32 99 98 4 17 49 82
28 93 100 100 98 100 58 0 0 89 92 73 0 0 74 100 21 91 61 42 1 0 0 9 55 17 3 52 26 35 6 38 83 46 49 43 12 0 0 0 0 34 0 0 0 0 0 0 0 24 33 95 89 96 86 17 69 58 0 6 52 95 74 44 25 0 0 0 45 97 4 0 57 98 55 49 29 23 78 80 63 7 5 64 7 18 100 100 100 75 43 42 4 54 100 100
26 7 74 100 48 99 63 28 25 89 10 67 0 0 21 96 38 58 71 90 20 0 0 0 0 0 44 56 52 100 89 79 65 97 77 87 30 17 0 0 0 0 2 6 0 0 0 0 0 19 41 47 13 34 67 66 100 69 4 46 46 11 2 37 62 14 0 0 14 100 19 56 54 61 86 20 8 46 72 38 9 0 9 9 0 36 66 63 21 82 68 7 48 32 7 80
84 65 100 90 54 44 100 57 69 49 17 91 11 0 35 100 97 43 63 33 22 0 0 9 39 0 44 77 35 100 79 34 18 58 74 65 50 52 0 0 0 0 3 24 0 10 36 46 0 0 8 13 46 3 5 67 99 47 0 38 97 57 0 62 7 0 0 0 45 86 0 23 83 30 47 23 45 56 73 79 100 17 0 6 27 12 0 19 0 3 2 7 25 40 47 100
100 100 100 95 45 42 98 32 24 74 86 80 32 0 0 55 66 78 94 96 52 10 0 0 49 52 71 48 41 37 53 53 29 0 61 38 80 60 0 10 0 0 0 12 8 0 2 57 8 48 41 8 4 7 53 94 95 21 2 7 59 44 41 62 0 0 1 0 45 97 30 2 7 56 80 40 23 38 32 36 73 45 37 81 96 49 3 59 82 60 92 94 89 100 74 62
66 16 30 18 51 20 68 34 61 66 82 100 32 0 0 4 44 34 89 11 20 15 0 0 70 100 73 57 100 100 85 61 23 0 22 83 17 43 79 5 0 0 0 0 0 0 0 10 65 100 74 91 46 64 78 66 94 34 24 16 33 82 55 49 0 0 17 61 22 47 70 19 54 29 26 31 20 34 30 39 73 81 58 38 36 97 71 64 50 47 37 22 0 21 0 0
61 0 12 79 26 21 69 51 21 94 76 29 17 64 83 26 26 26 28 43 32 0 22 47 81 68 6 35 85 100 61 25 0 0 50 86 52 48 31 81 19 0 0 0 0 0 0 5 9 54 58 67 36 26 9 20 59 34 21 22 60 98 71 6 0 0 0 18 2 3 42 29 77 2 0 0 5 14 45 80 60 50 25 54 34 86 16 18 5 0 0 0 30 34 59 36
94 41 51 91 48 14 43 0 57 13 57 47 66 9 86 64 20 0 10 0 0 5 15 23 75 17 61 66 100 35 0 0 38 23 86 32 44 93 44 16 0 0 0 0 0 0 0 0 0 64 78 47 77 28 20 96 76 30 3 24 71 68 76 57 14 10 0 0 0 51 35 48 96 31 5 0 32 0 2 11 0 1 0 4 38 33 0 0 4 19 33 31 14 2 2 10
77 90 74 9 24 0 76 19 0 47 38 39 49 71 39 81 36 0 0 0 0 2 23 16 68 43 79 38 37 32 22 25 0 34 0 0 0 75 81 2 0 0 32 18 0 0 0 0 0 10 8 0 44 59 23 100 26 0 12 28 65 93 99 52 10 32 0 8 82 49 56 47 44 34 63 12 0 0 29 1 0 0 0 0 0 0 0 0 11 15 4 0 15 3 30 100
51 40 16 0 0 0 43 45 84 100 100 56 35 1 42 79 45 0 0 0 0 10 17 61 4 56 16 80 85 51 49 63 8 15 0 13 41 87 69 89 28 14 69 1 0 0 0 0 0 0 0 0 53 49 6 86 34 12 21 8 61 86 54 4 32 18 0 0 19 35 40 7 60 32 32 2 0 0 20 0 0 0 3 0 0 0 0 0 0 0 3 32 76 43 33 73
81 2 0 25 33 87 85 64 100 34 6 0 0 0 2 68 2 0 0 0 18 48 62 80 22 15 12 9 22 43 44 53 15 28 0 18 78 52 100 57 74 97 21 0 0 0 0 0 0 0 0 0 4 94 23 47 59 26 12 33 83 83 17 1 42 0 0 1 0 28 70 81 90 16 0 0 0 0 32 19 22 2 21 0 0 0 8 38 27 26 49 1 38 90 77 24
8 2 1 71 98 100 100 100 91 19 0 12 0 22 1 2 0 0 0 0 0 4 45 83 45 88 33 0 0 0 43 35 0 36 0 0 82 100 100 38 57 78 71 46 30 0 0 0 0 0 0 4 73 65 55 84 6 0 43 61 100 41 0 38 19 0 0 36 54 100 82 100 30 3 0 0 0 0 22 1 3 0 0 4 58 37 35 37 22 7 2 14 2 3 13 0
23 11 34 60 51 82 75 97 20 39 33 6 0 2 1 0 0 0 0 0 0 0 15 64 5 88 82 80 23 7 0 0 0 6 0 43 98 81 70 63 66 83 77 30 0 0 0 0 0 0 0 37 44 46 100 54 0 19 38 37 65 0 21 33 0 7 41 64 100 75 92 97 58 26 57 10 0 15 0 0 1 6 0 53 41 46 35 3 0 39 55 61 13 0 0 0
13 14 64 31 41 60 53 85 60 6 17 0 0 0 3 0 0 0 0 0 0 0 0 21 9 9 8 87 100 67 8 0 0 0 24 100 65 4 73 10 17 96 16 0 0 0 0 0 0 0 0 4 73 83 79 55 0 45 1 29 64 12 0 0 4 82 83 86 100 69 100 92 57 34 45 28 12 53 0 0 2 83 41 42 28 77 64 69 64 52 0 0 0 25 64 30
4 43 58 62 94 85 96 44 0 0 1 1 0 2 73 69 66 43 1 0 0 0 0 0 0 0 51 73 45 96 88 14 0 0 49 94 66 8 62 0 62 44 50 40 0 0 0 0 0 0 0 0 45 96 82 0 0 1 0 34 45 29 0 0 25 100 56 97 40 100 90 81 36 15 17 0 0 1 10 0 20 70 63 93 77 100 66 46 37 9 3 29 19 100 100 57
11 80 72 74 97 54 9 1 0 11 61 59 43 59 76 93 100 62 0 0 0 0 0 0 0 0 19 8 0 85 100 77 0 0 12 92 46 0 0 2 96 96 76 28 0 0 0 0 0 0 0 0 3 67 74 0 0 0 12 13 7 3 21 0 23 67 74 56 47 79 33 1 35 32 0 29 1 0 47 0 2 28 61 55 51 100 81 41 26 0 14 61 53 99 52 27
0 4 100 100 68 4 13 0 6 24 86 60 36 54 44 85 100 70 52 66 45 2 0 0 0 44 33 0 0 16 55 57 52 0 0 3 20 0 0 0 5 76 74 41 9 0 0 0 0 0 0 0 0 12 8 0 0 0 43 16 0 48 0 0 0 0 17 85 95 48 14 93 19 62 12 53 5 0 1 0 0 0 26 39 56 98 32 23 36 26 48 61 95 74 24 88
5 29 99 100 86 72 52 67 71 73 55 60 82 82 99 100 86 33 86 100 100 100 28 0 0 0 25 80 0 0 4 35 78 47 5 0 0 0 0 0 0 0 34 78 96 10 0 0 0 0 0 0 0 0 0 0 0 25 4 0 7 63 0 15 74 45 2 69 100 10 40 67 33 82 79 15 0 0 0 0 0 0 18 28 32 62 27 58 81 34 15 19 100 60 0 22
28 30 100 100 100 100 59 51 93 96 100 100 62 47 85 74 79 72 49 58 89 74 5 0 0 0 2 20 7 36 44 48 100 100 78 35 33 0 0 5 71 46 21 59 100 54 56 30 11 0 0 0 0 0 0 0 0 0 0 0 8 53 11 0 4 82 98 64 94 28 15 44 96 34 17 39 53 20 0 2 0 0 0 0 20 59 2 47 26 56 2 0 0 86 15 46
12 0 54 68 33 95 24 65 13 53 83 29 0 0 0 0 8 36 21 6 8 17 40 53 24 0 0 0 3 27 18 2 85 100 100 100 85 2 0 28 100 87 96 100 46 69 63 61 12 4 0 0 0 0 0 0 0 0 0 0 0 0 0 0 0 71 13 40 29 85 99 98 92 100 48 96 38 57 24 14 1 -9 0 0 27 67 0 44 63 45 16 76 11 5 16 95
0 48 100 51 14 81 50 100 37 72 66 53 37 24 6 0 5 13 0 0 0 0 46 95 4 0 0 0 0 0 2 79 62 76 78 6 1 0 0 0 35 82 66 93 94 59 90 64 0 0 0 0 0 0 0 0 0 0 0 0 0 0 0 0 2 77 49 33 53 100 60 22 34 63 72 49 21 48 17 0 63 -9 -9 0 0 44 29 2 42 79 68 100 53 27 19 16
1 73 100 35 14 63 61 56 71 72 99 80 68 67 88 86 20 33 4 0 0 0 21 75 17 0 0 0 0 0 0 40 19 80 100 79 1 0 0 0 0 10 23 75 100 92 55 7 0 0 0 0 0 0 0 0 0 0 0 0 0 0 0 34 84 93 33 81 100 89 100 92 28 83 81 53 97 98 60 40 -9 -9 -9 -9 -9 36 48 30 51 61 76 69 70 65 93 61
69 27 29 6 17 13 39 86 92 83 12 0 28 29 100 100 36 5 21 0 0 33 32 7 2 0 0 0 0 0 0 0 0 54 57 25 0 0 0 0 0 22 40 64 87 32 0 0 0 0 0 0 0 0 0 0 0 0 0 0 0 0 0 17 88 68 88 96 71 77 100 85 17 81 55 41 27 22 0 0 -9 -9 -9 -9 -9 -9 0 0 0 7 47 70 18 1 63 60
