data/habitatmaps/RS_maps/habitat_Linaria.cannabina_2001.asc
NCOLS 369 
NROWS 228 
XLLCORNER 479000 
YLLCORNER 73000 
CELLSIZE 1000 
NODATA_value -9 
[rows 0 to 61 of 228, columns 96 to 191 of 369]
-9 -9 -9 -9 -9 -9 -9 -9 -9 -9 -9 -9 -9 -9 -9 -9 -9 -9 -9 -9 -9 -9 -9 -9 -9 -9 -9 -9 -9 -9 -9 -9 -9 -9 -9 -9 -9 -9 -9 -9 -9 -9 -9 -9 -9 -9 -9 -9 -9 -9 -9 -9 -9 -9 -9 -9 -9 -9 -9 -9 -9 -9 -9 -9 -9 -9 -9 -9 -9 -9 -9 -9 -9 -9 -9 -9 -9 -9 -9 -9 -9 -9 -9 -9 -9 -9 -9 -9 -9 -9 -9 -9 -9 -9 0 0
-9 -9 -9 -9 -9 -9 -9 -9 -9 -9 -9 -9 -9 -9 -9 -9 -9 -9 -9 -9 -9 -9 -9 -9 -9 -9 -9 -9 -9 -9 -9 -9 -9 -9 -9 -9 -9 -9 -9 -9 -9 -9 -9 -9 -9 -9 -9 -9 -9 -9 -9 -9 -9 -9 -9 -9 -9 -9 -9 -9 -9 -9 -9 -9 -9 -9 -9 -9 -9 -9 -9 -9 -9 -9 -9 -9 -9 -9 -9 -9 -9 -9 -9 -9 -9 -9 -9 -9 -9 -9 -9 -9 -9 0 0 0
-9 -9 -9 -9 -9 -9 -9 -9 -9 -9 -9 -9 -9 -9 -9 -9 -9 -9 -9 -9 -9 -9 -9 -9 -9 -9 -9 -9 -9 -9 -9 -9 -9 -9 -9 -9 -9 -9 -9 -9 -9 -9 -9 -9 -9 -9 -9 -9 -9 -9 -9 -9 -9 -9 -9 -9 -9 -9 -9 -9 -9 -9 -9 -9 -9 -9 -9 -9 -9 -9 -9 -9 -9 -9 -9 -9 -9 -9 -9 -9 -9 -9 -9 -9 -9 -9 -9 -9 -9 -9 -9 -9 -9 4 0 0
-9 -9 -9 -9 -9 -9 -9 -9 -9 -9 -9 -9 -9 -9 -9 -9 -9 -9 -9 -9 -9 -9 -9 -9 -9 -9 -9 -9 -9 -9 -9 -9 -9 -9 -9 -9 -9 -9 -9 -9 -9 -9 -9 -9 -9 -9 -9 -9 -9 -9 -9 -9 -9 -9 -9 -9 -9 -9 -9 -9 -9 -9 -9 -9 -9 -9 -9 -9 -9 -9 -9 -9 -9 -9 -9 -9 -9 -9 -9 -9 -9 -9 -9 -9 -9 -9 -9 -9 -9 -9 -9 -9 54 17 0 0
-9 -9 -9 -9 -9 -9 -9 -9 -9 -9 -9 -9 -9 -9 -9 -9 -9 -9 -9 -9 -9 -9 -9 -9 -9 -9 -9 -9 -9 -9 -9 -9 -9 -9 -9 -9 -9 -9 -9 -9 -9 -9 -9 -9 -9 -9 -9 -9 -9 -9 -9 -9 -9 -9 -9 -9 -9 -9 -9 -9 -9 -9 -9 -9 -9 -9 -9 -9 -9 -9 -9 -9 -9 -9 -9 -9 -9 -9 -9 -9 -9 -9 -9 -9 -9 -9 -9 -9 -9 -9 -9 27 18 0 0 0
-9 -9 -9 -9 -9 -9 -9 -9 -9 -9 -9 -9 -9 -9 -9 -9 -9 -9 -9 -9 -9 -9 -9 -9 -9 -9 -9 -9 -9 -9 -9 -9 -9 -9 -9 -9 -9 -9 -9 -9 -9 -9 -9 -9 -9 -9 -9 -9 -9 -9 -9 -9 -9 -9 -9 -9 -9 -9 -9 -9 -9 -9 -9 -9 -9 -9 -9 -9 -9 -9 -9 -9 -9 -9 -9 -9 -9 -9 -9 -9 -9 -9 -9 -9 -9 -9 -9 -9 -9 -9 -9 21 78 28 5 13
-9 -9 -9 -9 -9 -9 -9 -9 -9 -9 -9 -9 -9 -9 -9 -9 -9 -9 -9 -9 -9 -9 -9 -9 -9 -9 -9 -9 -9 -9 -9 -9 -9 -9 -9 -9 -9 -9 -9 -9 -9 -9 -9 -9 -9 -9 -9 -9 -9 -9 -9 -9 -9 -9 -9 -9 -9 -9 -9 -9 -9 -9 -9 -9 -9 -9 -9 -9 -9 -9 -9 -9 -9 -9 -9 -9 -9 -9 -9 -9 -9 -9 -9 -9 -9 -9 -9 -9 -9 -9 21 3 76 54 10 53
-9 -9 -9 -9 -9 -9 -9 -9 -9 -9 -9 -9 -9 -9 -9 -9 -9 -9 -9 -9 -9 -9 -9 -9 -9 -9 -9 -9 -9 -9 -9 -9 -9 -9 -9 -9 -9 -9 -9 -9 -9 -9 -9 -9 -9 -9 -9 -9 -9 -9 -9 -9 -9 -9 -9 -9 -9 -9 -9 -9 -9 -9 -9 -9 -9 -9 -9 -9 -9 -9 -9 -9 -9 -9 -9 -9 -9 -9 -9 -9 -9 -9 -9 -9 -9 -9 -9 -9 -9 21 14 0 50 39 0 32
-9 -9 -9 -9 -9 -9 -9 -9 -9 -9 -9 -9 -9 -9 -9 -9 -9 -9 -9 -9 -9 -9 -9 -9 -9 -9 -9 -9 -9 -9 -9 -9 -9 -9 -9 -9 -9 -9 -9 -9 -9 -9 -9 -9 -9 -9 -9 -9 -9 -9 -9 -9 -9 -9 -9 -9 -9 -9 -9 -9 -9 -9 -9 -9 -9 -9 -9 -9 -9 -9 -9 -9 -9 -9 -9 -9 -9 -9 -9 -9 -9 -9 -9 -9 -9 -9 -9 -9 0 0 0 0 57 80 7 39
-9 -9 -9 -9 -9 -9 -9 -9 -9 -9 -9 -9 -9 -9 -9 -9 -9 -9 -9 -9 -9 -9 -9 -9 -9 -9 -9 -9 -9 -9 -9 -9 -9 -9 -9 -9 -9 -9 -9 -9 -9 -9 -9 -9 -9 -9 -9 -9 -9 -9 -9 -9 -9 -9 -9 -9 -9 -9 -9 -9 -9 -9 -9 -9 -9 -9 -9 -9 -9 -9 -9 -9 -9 -9 -9 -9 -9 -9 -9 -9 -9 -9 -9 -9 -9 -9 -9 -9 17 0 0 0 14 46 67 89
-9 -9 -9 -9 -9 -9 -9 -9 -9 -9 -9 -9 -9 -9 -9 -9 -9 -9 -9 -9 -9 -9 -9 -9 -9 -9 -9 -9 -9 -9 -9 -9 -9 -9 -9 -9 -9 -9 -9 -9 -9 -9 -9 -9 -9 -9 -9 -9 -9 -9 -9 -9 -9 -9 -9 -9 -9 -9 -9 -9 -9 -9 -9 -9 -9 -9 -9 -9 -9 -9 -9 -9 -9 -9 -9 -9 -9 -9 -9 -9 -9 -9 -9 -9 -9 -9 -9 19 4 1 3 0 0 72 3 17
-9 -9 -9 -9 -9 -9 -9 -9 -9 -9 -9 -9 -9 -9 -9 -9 -9 -9 -9 -9 -9 -9 -9 -9 -9 -9 -9 -9 -9 -9 -9 -9 -9 -9 -9 -9 -9 -9 -9 -9 -9 -9 -9 -9 -9 -9 -9 -9 -9 -9 -9 -9 -9 -9 -9 -9 -9 -9 -9 -9 -9 -9 -9 -9 -9 -9 -9 -9 -9 -9 -9 -9 -9 -9 -9 -9 -9 -9 -9 -9 -9 -9 -9 -9 -9 -9 66 53 8 42 96 76 10 60 0 1
-9 -9 -9 -9 -9 -9 -9 -9 -9 -9 -9 -9 -9 -9 -9 -9 -9 -9 -9 -9 -9 -9 -9 -9 -9 -9 -9 -9 -9 -9 -9 -9 -9 -9 -9 -9 -9 -9 -9 -9 -9 -9 -9 -9 -9 -9 -9 -9 -9 -9 -9 -9 -9 -9 -9 -9 -9 -9 -9 -9 -9 -9 -9 -9 -9 -9 -9 -9 -9 -9 -9 -9 -9 -9 -9 -9 -9 -9 -9 -9 -9 -9 -9 -9 -9 -9 63 20 0 12 50 57 0 6 5 34
-9 -9 -9 -9 -9 -9 -9 -9 -9 -9 -9 -9 -9 -9 -9 -9 -9 -9 -9 -9 -9 -9 -9 -9 -9 -9 -9 -9 -9 -9 -9 -9 -9 -9 -9 -9 -9 -9 -9 -9 -9 -9 -9 -9 -9 -9 -9 -9 -9 -9 -9 -9 -9 -9 -9 -9 -9 -9 -9 -9 -9 -9 -9 -9 -9 -9 -9 -9 -9 -9 -9 -9 -9 -9 -9 -9 -9 -9 -9 -9 -9 -9 -9 -9 -9 -9 39 0 0 0 24 3 0 0 0 33
-9 -9 -9 -9 -9 -9 -9 -9 -9 -9 -9 -9 -9 -9 -9 -9 -9 -9 -9 -9 -9 -9 -9 -9 -9 -9 -9 -9 -9 -9 -9 -9 -9 -9 -9 -9 -9 -9 -9 -9 -9 -9 -9 -9 -9 -9 -9 -9 -9 -9 -9 -9 -9 -9 -9 -9 -9 -9 -9 -9 -9 -9 -9 -9 -9 -9 -9 -9 -9 -9 -9 -9 -9 -9 -9 -9 -9 -9 -9 -9 0 0 0 0 0 4 0 9 56 18 2 0 0 36 13 53
-9 -9 -9 -9 -9 -9 -9 -9 -9 -9 -9 -9 -9 -9 -9 -9 -9 -9 -9 -9 -9 -9 -9 -9 -9 -9 -9 -9 -9 -9 -9 -9 -9 -9 -9 -9 -9 -9 -9 -9 -9 -9 -9 -9 -9 -9 -9 -9 -9 -9 -9 -9 -9 -9 -9 -9 -9 -9 -9 -9 -9 -9 -9 -9 -9 -9 -9 -9 -9 -9 -9 -9 -9 -9 -9 -9 30 0 0 0 0 0 0 0 2 0 0 26 48 72 41 3 3 89 25 19
-9 -9 -9 -9 -9 -9 -9 -9 -9 -9 -9 -9 -9 -9 -9 -9 -9 -9 -9 -9 -9 -9 -9 -9 -9 -9 -9 -9 -9 -9 -9 -9 -9 -9 -9 -9 -9 -9 -9 -9 -9 -9 0 0 0 0 -9 -9 -9 -9 -9 -9 -9 -9 -9 -9 -9 -9 -9 -9 -9 -9 -9 -9 -9 -9 -9 -9 -9 -9 -9 -9 -9 -9 -9 6 31 0 0 0 0 0 0 0 5 6 26 1 0 35 49 14 43 73 0 31
-9 -9 -9 -9 -9 -9 -9 -9 -9 -9 -9 -9 -9 -9 -9 -9 -9 -9 -9 -9 -9 -9 -9 -9 -9 -9 -9 -9 -9 -9 -9 -9 -9 -9 -9 0 0 0 2 19 0 0 0 0 0 31 16 7 4 29 -9 -9 -9 -9 -9 -9 -9 -9 -9 -9 -9 -9 -9 -9 -9 -9 -9 -9 -9 -9 -9 -9 -9 55 65 23 21 0 0 0 0 0 2 27 0 62 91 12 0 0 0 45 45 38 2 53
-9 -9 -9 -9 -9 -9 -9 -9 -9 -9 -9 -9 -9 -9 -9 -9 -9 -9 -9 -9 -9 -9 -9 -9 -9 -9 -9 -9 -9 -9 -9 0 0 0 0 0 0 0 0 0 0 0 0 0 0 0 44 91 21 44 30 -9 0 0 0 0 0 8 14 59 50 70 -9 -9 -9 -9 -9 -9 -9 -9 -9 -9 8 76 69 49 11 0 0 0 0 28 43 60 0 32 32 4 0 0 0 41 48 11 0 5
-9 -9 -9 -9 -9 -9 -9 -9 -9 -9 -9 -9 -9 -9 -9 -9 -9 -9 -9 -9 -9 -9 -9 -9 -9 -9 -9 -9 -9 -9 0 0 0 0 0 0 0 0 0 0 0 0 5 44 8 0 2 68 77 93 60 96 51 4 0 19 34 21 16 1 59 98 73 5 0 0 -9 -9 -9 -9 8 28 0 30 82 32 5 0 0 4 13 41 61 24 8 0 0 0 0 0 1 46 0 0 0 0
-9 -9 -9 -9 -9 -9 -9 -9 -9 -9 -9 -9 -9 -9 -9 -9 -9 -9 -9 -9 -9 -9 -9 -9 -9 -9 -9 -9 24 7 6 0 0 0 0 0 0 0 0 0 0 0 9 65 3 25 27 23 32 45 9 52 40 0 0 49 16 21 25 0 20 31 13 0 12 34 67 -9 -9 63 47 70 68 19 70 10 0 15 51 85 86 51 68 2 30 38 0 0 0 0 48 26 0 0 0 0
-9 -9 -9 -9 -9 -9 -9 -9 -9 -9 -9 -9 -9 -9 -9 -9 -9 -9 -9 -9 -9 -9 -9 -9 -9 -9 -9 20 0 6 11 0 0 0 0 0 0 0 0 0 0 0 2 39 4 0 17 2 6 0 0 39 4 0 0 0 0 0 0 0 31 0 0 0 9 78 79 61 69 38 75 56 83 42 19 0 0 55 59 52 28 19 51 5 6 4 0 0 0 0 51 24 0 6 8 0
-9 -9 -9 -9 -9 -9 -9 -9 -9 -9 -9 -9 -9 -9 -9 -9 -9 -9 -9 -9 -9 -9 -9 -9 -9 0 0 0 24 0 22 0 12 36 1 0 0 0 0 0 0 0 0 0 0 0 0 0 0 0 0 6 0 0 13 2 0 0 0 0 0 0 37 16 12 20 70 56 79 65 11 9 38 18 0 0 0 37 21 57 51 52 2 51 7 0 0 0 0 0 37 10 27 36 1 0
-9 -9 -9 -9 -9 -9 -9 -9 -9 -9 -9 -9 -9 -9 -9 -9 -9 -9 -9 -9 -9 -9 -9 -9 0 0 0 0 27 10 31 5 0 0 0 0 0 0 0 0 0 0 0 0 0 0 0 0 0 0 0 0 0 0 52 51 0 0 0 0 0 0 2 54 20 89 75 34 30 17 0 0 0 0 0 0 0 0 21 86 7 26 6 0 0 0 0 0 0 0 11 0 1 0 0 2
-9 -9 -9 -9 -9 -9 -9 -9 -9 -9 -9 -9 -9 -9 -9 -9 -9 -9 -9 -9 -9 -9 -9 0 0 0 0 0 11 5 2 6 0 0 0 0 0 0 0 0 0 0 0 0 0 0 0 19 16 18 0 0 0 0 21 18 2 16 33 0 0 2 23 53 45 68 91 47 67 0 0 0 0 0 3 59 1 3 42 42 26 0 1 0 8 51 0 0 0 0 0 0 0 19 15 7
-9 -9 -9 -9 -9 -9 -9 -9 -9 -9 -9 -9 -9 -9 -9 -9 -9 -9 -9 -9 -9 -9 0 0 0 0 0 0 0 0 0 0 0 6 0 0 0 0 0 0 0 0 0 0 30 0 0 33 48 42 31 0 0 0 0 0 4 11 11 24 0 0 25 98 64 92 63 24 14 20 41 0 0 0 0 8 20 12 30 61 7 0 0 0 0 0 43 25 5 0 0 0 0 0 2 4
-9 -9 -9 -9 -9 -9 -9 -9 -9 -9 -9 -9 -9 -9 -9 -9 -9 -9 -9 -9 -9 0 0 0 0 0 0 0 0 0 0 0 0 13 27 0 0 0 0 0 3 2 0 0 7 0 0 0 2 51 18 0 0 0 0 2 5 2 23 45 0 0 0 65 24 27 31 62 47 9 23 4 0 0 0 0 17 31 30 17 0 0 0 0 0 0 2 18 0 2 21 31 3 0 0 0
54 4 0 0 -9 -9 -9 -9 -9 -9 -9 -9 -9 -9 -9 -9 -9 -9 -9 -9 0 0 0 0 0 0 0 0 0 0 0 0 0 0 9 11 0 0 0 0 21 0 0 0 0 0 0 36 41 77 7 0 0 0 0 0 0 0 8 75 8 0 0 5 8 2 43 52 73 19 7 1 3 1 2 0 0 0 4 0 0 0 0 0 0 0 0 0 0 1 64 34 54 10 0 0
40 65 0 0 0 0 0 0 0 -9 -9 -9 -9 -9 -9 -9 -9 -9 -9 -9 0 0 0 0 0 0 0 0 0 0 0 0 0 0 0 17 2 0 0 0 0 0 0 0 0 0 0 0 2 29 0 0 0 0 0 0 0 50 18 29 32 55 0 23 61 76 54 18 7 0 1 0 0 1 41 2 0 14 30 0 0 0 0 0 0 0 0 0 0 0 22 35 53 35 4 0
12 23 0 0 0 0 0 0 0 0 0 0 0 -9 -9 -9 -9 -9 -9 0 0 0 0 0 0 0 0 0 0 0 0 0 0 5 0 0 0 0 0 0 0 0 0 3 1 0 20 25 31 17 0 0 0 0 0 0 0 9 0 0 28 0 0 43 39 23 74 57 4 5 5 0 8 36 29 0 0 0 0 0 0 0 0 0 0 0 0 0 0 0 11 9 3 17 44 0
0 0 0 0 0 0 0 0 0 0 0 0 0 0 -9 -9 -9 -9 0 0 0 0 0 0 0 0 0 0 0 1 26 0 0 2 0 0 0 0 0 0 0 0 1 26 20 0 24 34 30 6 0 0 0 0 3 0 0 0 12 10 9 1 13 0 3 21 24 16 34 69 2 0 12 52 11 0 0 0 0 0 0 0 0 0 0 0 0 0 0 0 0 0 18 9 0 0
0 0 28 5 0 0 0 0 0 0 0 0 0 0 0 0 0 4 0 0 0 0 0 0 0 0 51 0 0 0 0 0 0 0 0 0 0 0 0 0 0 0 0 0 0 0 0 17 14 4 0 0 0 0 2 0 0 0 0 5 0 2 13 0 0 23 70 45 46 34 0 0 0 35 25 0 0 0 0 0 0 0 0 0 0 0 0 0 0 0 0 0 20 14 0 0
0 0 6 65 16 0 0 0 0 0 0 0 0 0 2 0 0 8 0 0 0 0 0 0 0 7 10 0 0 0 0 0 0 0 0 0 0 0 0 0 0 0 0 0 0 0 0 13 25 0 0 0 0 0 0 0 0 0 0 0 0 0 0 0 0 1 29 59 18 0 0 0 0 0 0 0 0 0 0 0 0 0 0 0 0 0 0 0 0 0 0 0 0 0 0 0
0 0 0 18 64 0 0 0 0 0 0 0 1 3 21 0 0 34 35 0 0 0 0 13 0 0 0 0 0 0 0 0 0 0 0 0 0 0 0 0 0 0 0 0 0 0 0 19 33 7 0 0 0 0 0 0 0 0 0 0 0 0 0 0 4 45 0 5 6 0 0 0 0 0 0 0 0 0 0 0 0 0 0 0 0 0 0 0 0 0 0 0 0 0 0 0
6 0 0 0 37 0 0 10 0 0 0 9 6 44 9 0 26 26 22 46 37 50 9 34 10 0 0 0 0 0 0 0 0 0 0 0 0 0 0 0 0 0 0 0 0 0 0 0 7 1 0 0 0 0 0 0 0 0 0 0 0 0 0 0 0 0 0 0 0 0 0 0 0 0 0 0 0 0 0 0 0 0 0 0 0 0 0 0 0 0 0 0 0 0 0 0
37 0 0 0 0 0 0 5 8 0 0 22 0 0 0 0 0 0 0 2 9 13 0 1 17 0 0 0 0 0 0 0 0 0 0 0 0 0 0 0 0 0 0 0 0 0 0 0 0 0 0 0 0 0 0 0 0 0 0 0 0 0 0 0 0 0 0 0 0 0 0 0 0 0 0 0 0 0 0 0 0 0 0 0 0 0 0 0 0 0 0 0 0 0 0 0
34 0 0 0 0 0 0 0 4 0 0 0 0 0 0 0 0 0 0 0 0 0 0 0 0 0 0 0 0 0 0 0 0 0 0 0 0 0 0 0 0 0 0 0 0 0 0 0 0 0 0 0 0 0 0 0 0 0 0 0 0 0 0 0 0 0 0 0 0 0 0 0 0 0 0 0 0 0 0 0 0 0 0 0 0 0 0 0 0 0 0 0 0 0 0 0
5 0 0 0 0 0 0 0 0 0 0 0 0 0 0 0 0 0 0 0 0 0 0 0 0 0 0 18 12 0 0 0 0 0 0 0 0 0 0 0 0 0 0 0 0 0 0 0 0 0 0 0 0 0 0 0 0 0 0 0 0 0 0 0 0 0 0 0 0 0 0 0 0 0 0 0 0 0 0 0 0 0 0 0 0 0 0 0 0 0 0 0 0 0 0 0
11 3 14 12 0 0 0 0 0 0 0 0 0 0 0 0 0 0 0 0 0 0 0 0 0 0 1 45 7 0 0 0 0 0 0 0 0 0 0 0 0 0 0 0 0 0 0 0 0 0 0 0 0 0 0 0 0 0 0 0 0 0 0 0 0 0 0 0 0 0 0 0 0 0 0 0 0 0 0 0 0 0 0 0 0 0 0 0 0 0 0 0 0 0 0 0
22 30 0 0 0 0 0 0 5 0 0 0 32 0 0 0 0 0 0 0 0 0 0 0 0 0 11 16 0 0 0 0 0 0 0 0 0 0 0 0 0 0 0 0 0 0 0 0 0 0 0 0 0 0 0 0 0 0 0 0 0 0 0 0 0 0 0 0 0 0 0 0 0 0 0 0 0 0 0 0 0 0 0 0 0 0 0 0 0 0 0 0 0 0 0 0
1 1 0 0 0 0 0 0 20 0 0 14 33 27 0 0 0 0 0 0 0 0 0 0 0 0 0 16 0 0 0 0 0 0 0 0 0 0 0 0 0 0 0 0 0 0 0 0 0 0 0 0 0 0 0 0 0 0 0 0 0 0 0 3 0 0 0 0 0 0 0 0 0 0 0 0 0 0 0 0 0 0 0 0 0 0 0 0 0 0 0 0 0 0 0 0
0 0 19 0 0 0 0 0 11 2 0 0 33 14 0 17 31 1 0 0 0 0 0 0 0 0 8 8 0 0 0 0 0 0 0 0 0 0 0 0 0 0 0 0 0 0 0 0 0 0 0 0 0 0 0 0 0 0 0 0 0 0 0 24 0 0 0 0 0 0 0 0 0 0 0 0 0 0 0 0 0 0 0 0 0 0 0 0 0 0 0 0 0 0 0 0
53 6 17 24 0 0 0 0 0 0 1 33 0 2 22 23 45 21 25 0 0 0 0 0 0 0 0 0 0 0 0 0 0 0 0 0 0 0 0 0 0 0 0 0 0 0 0 0 0 0 0 0 0 0 0 0 0 0 0 0 0 0 0 0 0 0 0 0 0 0 0 0 0 0 0 0 0 0 0 0 0 0 17 0 0 0 1 52 2 0 0 0 0 0 0 0
22 0 8 32 0 0 0 0 12 6 32 31 0 0 2 0 1 13 20 0 0 0 0 0 0 0 0 0 0 0 0 0 0 0 0 0 0 0 0 0 0 0 0 0 0 0 0 0 0 0 0 0 0 0 0 0 0 0 0 0 0 0 25 1 0 0 0 0 0 0 0 0 0 0 0 0 0 0 0 0 0 2 39 0 0 0 0 61 20 7 0 0 0 0 0 0
0 0 0 13 8 1 0 0 32 0 3 42 35 0 26 0 0 3 0 0 0 0 0 1 26 7 0 0 0 20 15 2 0 0 0 2 0 14 9 0 0 0 0 0 0 0 0 0 0 0 0 0 0 0 0 0 0 0 0 0 0 0 1 0 0 0 0 0 0 0 0 0 0 0 0 0 0 0 0 0 0 53 25 0 0 0 0 37 0 50 0 0 0 0 0 0
0 0 0 0 4 0 0 0 0 0 24 37 0 33 0 0 0 22 0 0 0 0 0 10 13 0 0 5 26 1 6 3 0 0 0 31 0 0 8 0 0 0 0 0 0 0 0 0 0 0 0 0 0 0 0 0 0 0 0 0 0 0 0 0 0 0 0 0 0 0 0 0 0 0 0 0 0 0 0 0 0 1 0 0 0 0 0 9 0 3 0 0 0 0 0 0
0 0 0 0 0 0 0 0 0 0 0 1 31 3 27 62 48 12 0 0 0 0 4 2 0 0 0 0 5 1 0 0 0 3 0 8 24 0 0 0 0 0 0 0 0 0 0 0 0 0 0 0 0 0 0 0 0 0 0 0 0 0 0 0 0 0 0 0 0 0 0 0 0 0 0 0 0 0 0 0 0 0 0 0 0 0 0 0 0 0 0 0 0 0 0 0
0 0 0 2 1 0 0 0 0 0 25 14 45 2 33 62 52 2 0 0 0 8 28 0 0 0 0 0 1 0 0 0 0 27 3 0 0 0 0 0 0 0 0 0 0 0 0 0 0 0 0 0 0 0 0 0 0 0 0 0 0 0 0 0 0 0 0 0 0 0 0 0 12 5 0 0 0 0 0 0 0 0 0 0 0 0 0 0 0 0 0 0 0 0 0 0
0 0 0 16 59 20 0 0 0 5 31 1 4 8 56 34 38 70 15 2 0 1 0 0 37 0 0 0 0 0 0 0 0 0 0 0 0 0 0 0 0 0 0 17 0 0 0 0 0 0 0 0 0 0 0 0 0 0 0 0 0 0 0 0 0 0 0 0 0 0 0 0 0 13 0 0 0 0 0 0 0 23 2 0 0 0 0 0 0 0 0 0 0 0 0 0
0 0 0 0 0 0 0 0 0 18 2 3 38 0 26 24 47 40 27 17 5 0 0 4 28 13 0 0 0 0 0 0 0 0 0 0 0 0 0 0 0 0 47 50 3 0 0 0 0 0 0 0 0 0 0 0 0 18 0 0 0 0 1 7 24 29 16 0 0 0 0 0 0 0 0 0 0 0 0 0 0 0 0 0 0 0 0 0 0 0 0 0 0 0 0 0
0 0 0 0 0 0 0 3 0 6 0 2 9 27 34 8 1 0 3 44 22 14 17 29 0 2 0 0 0 0 0 0 0 7 0 0 0 0 0 0 0 19 42 23 0 0 0 0 0 0 0 0 0 0 0 0 23 26 0 1 24 36 19 51 37 12 1 0 0 0 0 0 0 0 0 0 0 0 0 0 0 0 0 0 0 0 0 0 0 0 0 0 0 0 0 0
0 0 0 0 20 7 10 6 8 0 14 79 28 52 23 30 27 18 1 0 0 10 15 45 3 17 50 20 2 0 0 0 22 62 38 16 0 0 0 0 0 9 57 15 0 0 0 0 0 0 0 0 0 0 0 0 50 35 35 67 45 2 0 0 0 0 0 0 0 0 0 0 0 0 0 0 0 0 0 0 0 0 0 0 0 0 0 0 0 0 0 0 0 0 0 0
0 0 21 50 58 27 12 8 9 6 10 8 39 22 2 0 0 0 3 36 52 32 48 21 27 6 24 19 2 0 0 0 27 50 20 6 0 0 0 0 11 73 47 4 0 0 1 12 1 4 8 43 75 0 0 0 23 83 84 56 2 0 0 0 0 0 0 0 0 0 0 0 0 0 29 0 13 5 0 0 0 0 0 0 0 0 0 0 0 0 0 0 0 0 0 0
20 30 26 26 21 35 46 57 45 6 17 32 23 0 0 0 0 0 0 0 0 0 24 46 44 33 79 84 88 47 43 30 32 46 61 64 7 1 17 23 36 64 40 50 32 28 9 45 29 21 48 51 67 38 32 0 0 4 31 20 0 0 0 0 0 0 0 0 0 0 0 0 0 20 33 42 12 0 0 0 0 18 4 20 0 0 0 0 0 0 0 8 0 0 0 0
27 52 27 18 25 46 43 44 38 44 0 10 0 0 0 0 0 0 0 0 0 0 0 0 0 0 5 19 28 6 14 67 22 6 26 30 56 16 32 32 26 21 64 62 77 71 69 39 20 43 41 56 47 56 65 35 21 55 16 0 0 0 0 0 0 0 0 0 0 0 0 0 0 0 0 2 0 0 0 0 44 6 11 8 0 0 27 20 39 44 8 59 10 0 0 0
40 41 59 22 15 11 30 49 11 0 15 0 0 0 0 0 0 0 0 0 0 0 0 0 0 0 0 0 0 0 0 0 5 16 28 62 47 38 37 46 48 60 56 4 2 15 55 50 51 52 46 55 50 12 20 27 33 52 26 0 0 0 0 0 0 0 0 0 0 0 0 0 0 0 0 0 0 0 0 0 23 30 0 41 1 0 0 0 2 54 60 79 42 58 6 0
0 8 5 1 0 54 59 32 51 0 0 0 0 0 0 0 0 0 0 0 0 0 0 0 0 0 0 0 0 0 0 0 66 33 32 41 8 26 65 65 44 49 43 0 2 33 63 17 55 64 40 67 3 29 23 0 0 0 0 0 0 0 0 0 0 0 0 0 0 0 0 0 0 0 0 0 0 0 0 0 0 0 0 0 4 0 0 0 0 0 0 33 6 14 3 0
4 1 0 0 5 28 50 25 0 0 0 0 0 0 0 0 0 0 0 0 0 0 0 0 0 0 0 0 0 7 15 24 53 35 48 23 34 47 28 36 63 84 34 32 38 20 55 68 3 42 80 71 21 0 0 0 0 0 0 0 0 0 0 0 0 0 0 0 0 0 0 0 0 0 0 0 0 29 0 0 0 0 0 0 0 0 0 0 0 0 0 0 0 0 0 0
0 0 0 0 34 30 37 14 0 0 0 0 0 0 0 0 0 0 0 0 0 0 10 32 32 12 46 32 28 36 41 0 0 30 46 48 67 51 45 48 56 30 55 67 68 38 31 53 48 52 65 12 0 0 0 0 0 0 1 28 0 0 0 0 0 25 5 0 0 0 0 0 0 0 0 0 0 33 0 0 0 0 0 0 0 0 2 0 0 0 0 0 0 0 0 0
18 1 9 14 63 4 6 0 0 0 0 0 0 3 0 0 0 0 0 11 17 7 47 63 39 28 62 80 58 16 11 21 28 32 41 55 46 59 75 48 40 21 0 0 0 21 36 6 16 56 39 0 0 0 0 0 0 0 0 0 0 0 0 0 0 0 0 0 0 0 0 0 0 0 0 0 0 0 0 0 0 0 0 0 0 0 46 3 0 0 0 0 0 0 7 0
42 32 90 71 17 3 14 2 3 13 0 1 0 40 57 46 9 0 0 7 4 14 10 42 8 37 23 13 26 42 3 61 43 31 55 55 28 8 1 0 0 0 0 0 2 36 47 12 9 2 0 0 0 0 0 0 0 0 0 0 0 0 0 0 0 0 0 0 0 0 0 0 0 0 0 0 0 0 0 0 0 0 0 0 0 0 4 8 0 0 0 0 0 0 49 0
36 4 18 8 36 58 29 2 0 13 28 19 9 48 32 6 3 2 44 18 13 12 28 32 63 46 26 42 43 43 24 62 63 28 67 57 0 0 0 0 0 0 0 0 0 0 38 0 0 0 0 0 0 0 0 0 0 0 0 0 0 0 0 0 0 0 0 0 0 0 0 0 0 0 0 0 0 0 0 0 0 0 0 0 0 0 0 19 15 0 0 0 0 0 20 0
