data/habitatmaps/RS_maps/habitat_Turdus.torquatus_2001.asc
NCOLS 369 
NROWS 228 
XLLCORNER 479000 
YLLCORNER 73000 
CELLSIZE 1000 
NODATA_value -9 
[rows 120 to 179 of 228, columns 96 to 191 of 369]
0 0 0 0 0 0 0 0 0 0 0 13 0 0 0 11 12 22 23 0 0 20 6 26 22 0 55 2 0 0 0 0 0 0 0 0 0 20 0 0 0 0 0 0 0 40 23 74 33 49 55 39 26 36 44 37 72 54 39 26 51 89 100 50 52 1 9 4 12 0 31 80 66 40 4 64 48 37 0 0 52 38 5 7 5 1 76 2 22 50 29 1 0 52 24 3
0 0 0 0 0 0 0 0 0 0 0 21 0 0 0 11 8 5 16 46 77 91 92 85 41 55 94 88 3 0 0 0 0 0 0 0 0 34 3 0 32 15 1 0 26 39 51 56 77 71 68 53 12 31 45 73 77 93 79 44 51 36 20 50 45 22 32 16 31 0 32 29 21 26 0 0 0 0 0 13 18 22 63 6 0 0 9 47 27 0 0 0 11 99 26 61
0 0 0 0 0 0 0 0 0 0 0 20 21 0 0 0 0 43 83 83 95 48 61 40 1 42 77 98 63 0 0 10 16 30 0 0 19 2 0 0 16 46 29 7 62 79 89 44 82 88 43 24 88 100 100 38 81 79 75 31 64 52 14 8 4 0 0 0 3 0 0 0 13 31 0 0 0 0 0 22 0 0 16 50 53 9 0 4 75 59 2 10 66 100 100 87
0 0 0 0 0 0 0 0 0 0 0 54 19 0 0 38 56 91 73 72 72 53 74 74 19 46 82 100 90 32 12 17 0 0 0 0 10 0 0 0 8 65 18 42 66 57 72 62 81 35 42 55 37 48 67 51 96 88 80 23 3 4 38 0 0 0 0 0 0 0 0 0 15 0 0 0 0 0 0 0 0 0 0 0 42 66 0 0 18 47 43 43 58 100 74 44
0 0 0 25 0 0 0 0 0 0 0 4 0 0 15 61 99 58 61 12 3 26 86 93 58 60 80 100 100 95 22 0 0 0 0 0 0 0 0 0 0 1 20 53 28 0 2 6 32 35 49 56 23 15 6 58 86 38 35 70 9 1 25 0 0 0 0 0 0 0 0 0 0 0 3 6 32 24 0 0 0 0 0 0 53 66 8 0 11 36 37 47 74 32 4 18
0 0 0 40 4 0 0 1 34 0 0 5 8 0 22 52 36 4 15 3 0 5 34 30 95 57 57 84 90 98 16 0 0 0 0 0 0 0 0 0 0 0 10 31 0 0 0 0 15 84 52 16 78 2 24 66 18 1 14 53 49 17 0 0 0 0 0 0 11 33 7 47 35 26 53 48 74 64 30 0 0 0 0 0 0 86 22 0 14 36 65 5 36 58 93 71
0 0 18 33 53 29 22 42 47 1 19 90 97 14 10 0 0 0 0 0 43 34 34 28 2 31 19 55 32 25 1 0 0 0 0 0 0 6 0 0 0 0 0 0 0 0 0 2 58 78 55 78 20 84 82 41 0 2 67 64 25 1 0 0 0 0 0 0 69 60 11 38 49 63 11 4 34 9 2 10 0 2 0 0 0 20 41 14 58 59 22 40 39 77 68 51
0 1 71 11 5 79 81 84 55 38 63 86 89 96 30 30 62 43 43 66 87 41 28 14 0 10 25 67 17 55 8 12 52 26 0 0 0 5 16 0 0 0 0 0 0 0 0 1 76 63 77 38 73 73 57 47 2 53 44 0 0 0 0 0 0 0 16 64 59 91 72 35 34 30 12 24 0 0 0 24 28 58 13 1 0 12 14 22 5 67 93 61 98 77 55 100
0 0 0 1 42 82 83 53 38 87 7 4 28 61 5 47 38 54 48 62 20 18 31 32 42 14 0 38 44 26 1 8 23 41 27 5 0 0 0 0 0 0 0 0 0 0 0 3 19 89 66 65 48 46 13 0 54 55 0 0 0 0 0 15 24 25 85 63 82 97 43 6 21 0 86 49 42 0 0 11 66 90 23 65 25 18 85 92 80 82 66 67 99 99 36 58
0 0 0 9 92 18 63 76 32 42 38 52 19 42 23 98 31 42 33 46 18 17 2 6 0 0 0 20 59 55 57 60 41 82 94 40 65 19 0 0 0 0 0 0 0 0 0 0 55 37 37 37 16 59 63 9 34 1 0 0 0 0 13 81 95 84 36 0 0 84 37 30 48 88 51 0 3 0 0 20 63 75 85 62 46 33 14 64 71 100 100 97 89 100 67 73
0 0 0 6 93 16 46 49 41 58 84 61 40 64 45 49 24 60 46 41 30 29 18 0 0 0 0 7 70 91 37 27 6 10 52 56 21 0 0 0 0 0 0 0 0 0 0 0 2 7 30 19 0 4 34 0 0 0 0 0 0 26 48 94 28 49 0 0 0 17 0 19 84 100 29 0 0 0 10 49 97 98 100 56 0 0 0 49 94 52 89 92 82 100 60 51
0 0 28 68 92 21 38 49 88 95 99 17 47 35 32 49 28 40 9 1 64 59 82 3 0 0 7 50 72 30 20 44 60 42 24 0 0 18 44 7 0 0 0 0 0 0 0 0 0 0 0 0 0 0 0 3 3 0 0 7 30 75 59 41 86 91 8 45 49 37 1 41 72 95 3 0 0 21 88 100 100 100 99 11 46 31 0 16 63 35 2 61 100 71 88 50
21 10 38 86 59 64 42 74 88 82 23 35 43 1 55 56 28 37 50 1 3 29 51 25 0 10 33 30 30 31 36 39 28 39 16 0 0 1 31 39 0 0 0 0 0 0 0 0 0 0 0 0 0 0 22 61 20 0 53 94 74 63 20 65 47 84 66 28 81 13 30 20 0 14 0 0 2 50 100 66 85 97 97 58 65 57 53 15 0 0 36 25 98 44 5 0
2 46 66 93 44 44 27 41 44 65 22 55 12 59 86 1 64 58 60 35 58 79 69 43 0 0 0 4 0 3 10 2 15 0 0 0 7 50 29 56 32 7 0 0 0 0 0 0 0 1 0 0 7 20 93 49 27 0 27 56 34 0 6 22 15 28 2 4 25 17 0 0 0 0 9 14 70 94 84 21 72 72 68 87 46 100 100 62 18 0 21 61 58 91 13 0
21 59 78 69 24 56 41 24 73 38 16 55 88 49 8 52 16 0 32 1 51 51 38 2 7 0 9 39 31 31 44 23 23 2 2 25 13 45 72 95 94 78 13 0 0 0 0 30 23 68 40 59 79 95 64 14 57 0 0 59 62 33 59 41 22 15 1 33 36 15 12 10 0 0 11 88 75 21 14 0 40 95 44 44 1 58 98 61 85 85 62 64 81 97 57 23
17 56 60 22 16 32 78 49 55 70 39 8 17 15 59 39 39 3 54 22 11 1 9 7 26 13 54 62 67 73 44 78 62 53 51 17 25 43 58 37 40 77 57 1 0 0 8 50 77 85 77 100 44 38 60 53 70 9 0 9 34 37 75 27 48 22 52 53 64 42 69 52 0 0 74 71 49 7 0 0 26 50 60 84 60 2 54 100 100 100 100 95 100 100 88 1
19 48 47 12 28 50 18 32 53 1 3 42 35 0 8 25 41 21 0 0 0 10 51 32 25 55 52 92 92 79 42 58 34 75 53 20 4 44 46 83 29 0 12 0 0 17 8 82 57 70 77 82 43 28 29 57 7 11 44 23 23 47 51 54 65 29 53 74 30 61 82 28 1 24 82 81 31 2 0 0 13 80 52 85 39 14 40 89 37 98 100 100 100 100 85 10
32 1 2 0 10 22 1 17 10 18 64 42 9 0 0 0 0 72 40 22 37 76 79 55 25 44 20 13 18 16 10 69 45 66 47 16 13 12 87 31 6 0 0 0 6 20 88 98 94 73 75 39 10 81 46 3 40 0 46 51 72 97 58 47 54 64 62 42 13 2 6 32 63 100 75 36 35 0 16 0 0 33 82 91 74 94 93 50 92 94 99 100 92 86 100 86
0 0 0 0 1 0 0 0 4 56 12 0 0 0 7 4 28 31 29 18 73 59 27 28 19 46 5 2 23 29 66 67 8 36 5 22 43 13 21 5 11 7 0 0 0 32 87 35 58 71 44 14 55 12 14 39 0 7 97 74 34 69 39 0 2 75 72 26 23 3 36 83 100 96 22 17 0 0 27 12 0 0 28 35 81 93 78 64 84 25 70 61 42 83 100 63
0 0 9 71 24 28 4 0 0 0 0 18 7 1 59 59 26 53 11 32 80 47 43 42 39 25 18 44 55 38 53 3 4 60 24 8 13 0 7 39 94 28 25 8 29 6 60 48 24 92 32 0 55 86 73 84 41 47 84 46 0 7 92 8 27 100 100 97 62 88 100 100 100 71 87 34 5 0 5 42 18 31 34 61 51 99 40 39 95 95 75 20 36 99 63 31
30 45 43 53 30 33 51 42 15 6 32 69 60 53 77 41 30 5 35 24 31 25 59 38 33 0 22 2 37 34 77 30 7 29 28 15 0 0 54 69 46 40 7 50 79 5 14 67 19 80 40 2 65 100 84 65 25 0 3 23 0 0 27 11 1 69 86 66 48 83 100 86 22 87 85 53 44 35 5 8 80 32 0 3 25 30 32 41 94 100 100 88 21 83 94 13
47 22 60 67 34 24 81 16 46 83 59 59 70 59 72 67 3 13 52 51 46 67 40 30 0 0 1 27 18 55 69 51 36 37 23 0 0 0 40 31 16 9 57 19 56 10 27 89 30 10 0 71 61 98 96 44 6 37 5 42 10 51 49 0 6 38 11 54 58 97 65 91 6 11 47 62 27 85 31 0 16 86 59 37 40 34 46 54 70 66 77 90 17 67 100 89
2 34 50 39 35 15 22 46 66 80 66 59 75 17 48 51 7 31 33 26 49 89 59 37 0 0 15 16 6 51 57 38 17 62 13 0 0 0 6 2 0 25 17 0 51 70 35 83 78 71 28 25 50 84 44 9 47 63 2 61 24 92 35 0 0 10 76 92 52 28 29 58 45 96 31 50 18 9 67 45 23 24 52 75 99 100 100 95 76 98 88 57 59 9 92 75
85 24 40 19 30 67 49 0 0 5 30 60 60 49 51 24 40 17 22 13 26 72 57 4 0 67 96 26 0 22 38 3 0 13 10 0 0 0 0 0 0 34 44 1 24 76 62 78 77 70 52 50 27 90 83 72 100 38 3 6 36 77 72 68 31 60 48 7 32 0 0 0 5 31 0 15 6 1 53 48 79 10 27 2 21 20 29 69 76 27 3 45 38 40 68 2
45 3 25 1 17 96 66 17 25 31 45 19 54 81 65 44 24 34 77 1 0 0 0 0 9 59 100 11 34 62 37 0 14 59 63 15 0 0 0 15 13 16 42 19 11 72 55 40 19 2 60 99 100 100 100 99 80 25 40 24 64 99 84 74 93 47 14 2 3 0 0 0 0 0 0 0 0 0 9 78 27 21 84 70 66 88 100 89 35 50 95 100 83 64 5 19
0 48 27 54 68 75 18 27 21 94 52 21 68 91 62 13 24 5 49 62 0 0 0 0 1 25 37 100 69 51 56 29 90 100 100 100 6 0 0 2 13 39 0 7 18 10 74 65 12 63 33 19 89 100 87 40 0 0 29 15 84 100 81 34 31 14 45 0 0 0 0 0 0 0 0 6 32 3 0 0 12 18 4 48 61 84 97 36 23 70 95 96 42 1 5 2
22 3 57 64 76 53 16 55 52 24 30 68 96 59 31 32 27 37 45 44 34 6 5 84 65 49 77 72 20 20 41 21 62 90 48 41 2 0 0 0 7 22 1 50 40 7 98 63 0 22 46 16 10 85 34 0 37 19 82 47 16 38 100 88 26 0 0 0 0 0 0 0 0 17 32 0 0 5 63 0 1 10 9 37 81 60 79 53 63 95 100 54 16 0 2 70
36 41 70 33 57 52 45 23 11 20 67 62 15 48 2 26 23 55 17 3 54 41 0 28 65 78 54 16 0 0 35 5 42 60 13 24 35 30 19 4 0 11 47 39 42 14 34 55 0 3 0 22 32 98 90 49 49 97 59 37 8 10 68 100 91 40 1 0 0 2 0 0 0 1 14 0 3 10 36 5 1 29 1 2 18 53 60 85 100 88 50 2 1 13 0 32
69 18 100 90 55 34 23 1 7 61 99 84 24 65 29 5 39 37 20 23 86 5 0 6 52 61 43 16 8 0 14 9 74 18 26 37 36 50 63 48 2 12 73 26 37 79 77 100 86 93 42 46 32 78 64 99 100 100 85 47 13 81 82 41 40 65 10 0 0 7 18 8 0 0 14 0 1 35 53 45 0 5 0 6 83 100 100 94 67 18 0 10 46 35 10 63
59 55 89 27 36 52 16 28 71 51 84 44 30 65 34 19 45 23 81 20 63 8 2 0 19 64 76 82 27 16 36 100 58 11 41 75 60 20 29 6 0 0 42 19 89 100 100 74 78 97 90 74 34 87 57 80 60 80 70 12 49 36 76 2 2 40 4 0 7 0 17 9 1 3 0 2 0 0 6 62 18 8 1 0 0 86 57 5 0 0 0 12 13 29 65 1
41 99 65 28 24 36 1 71 37 21 78 71 40 8 0 0 62 4 7 0 40 58 25 50 69 58 0 3 49 15 47 79 52 18 43 51 20 17 11 0 24 68 63 59 98 69 84 11 78 66 23 42 48 51 87 22 65 93 37 43 60 75 33 29 0 0 0 2 36 49 3 4 58 22 17 16 0 0 60 9 35 27 47 35 82 89 12 2 0 0 0 5 42 44 15 26
64 60 6 49 84 45 47 63 25 76 64 64 61 11 0 2 3 2 1 0 42 51 49 24 49 50 57 4 74 97 25 4 21 14 63 9 22 57 6 49 76 89 99 23 54 100 84 59 94 81 22 17 55 46 12 0 9 56 49 9 42 23 2 5 0 0 0 0 30 15 0 0 45 89 57 26 3 0 77 34 97 71 99 99 58 79 37 4 0 0 12 79 87 12 29 64
29 22 0 27 92 49 1 10 17 42 34 8 19 2 29 6 37 55 69 16 53 80 32 65 29 36 52 19 33 85 19 39 60 80 5 12 26 35 16 68 11 28 49 41 88 79 100 86 77 49 63 63 17 0 0 0 19 18 18 26 22 4 0 10 0 0 0 0 0 0 24 18 8 92 47 7 22 11 79 26 100 99 66 75 81 18 0 0 0 39 79 77 54 19 26 57
1 0 0 11 55 5 14 57 64 37 73 46 0 0 59 46 19 40 33 30 11 28 42 50 0 45 48 2 17 83 43 60 46 50 2 33 71 46 78 83 16 18 36 84 51 100 81 11 35 62 68 6 0 0 0 0 0 7 42 31 3 0 0 25 22 0 0 0 0 5 36 46 4 22 88 39 50 96 84 52 100 100 21 11 1 54 31 0 32 55 37 9 55 99 58 56
0 0 35 31 43 89 76 68 60 97 77 61 0 0 39 49 39 43 42 47 31 23 0 19 0 2 35 53 11 23 0 33 34 64 36 64 95 100 100 48 14 63 71 55 72 100 81 84 74 90 36 33 9 0 0 0 0 28 72 40 55 18 0 27 10 4 0 0 2 1 50 20 38 0 58 82 80 68 31 68 100 100 38 35 58 62 6 29 78 34 22 39 99 55 9 13
4 41 30 21 90 100 89 91 62 41 40 28 2 0 0 9 48 51 82 44 38 35 49 77 13 0 52 72 43 6 2 56 52 12 28 67 98 100 87 6 48 71 70 70 100 100 97 89 43 31 76 30 0 0 6 64 67 95 100 96 83 91 27 18 32 3 1 47 20 1 77 53 92 5 28 100 85 16 25 16 82 46 1 57 34 4 46 95 74 25 85 14 98 83 70 100
67 28 45 69 90 88 43 7 44 47 31 35 2 23 31 74 48 20 56 50 48 54 48 76 84 6 21 20 9 0 0 5 41 50 66 24 41 71 12 1 45 79 78 39 38 64 70 52 64 72 91 13 11 61 79 100 96 40 81 87 26 37 46 40 24 0 16 1 29 0 25 86 88 31 11 100 30 17 72 0 13 3 0 1 5 61 90 12 28 35 69 79 87 72 58 41
78 8 39 82 61 56 46 28 45 59 46 48 20 74 77 76 24 4 56 23 21 4 39 85 36 16 37 35 14 0 1 32 91 42 3 46 79 62 2 37 20 31 96 92 85 80 45 94 100 100 44 22 83 86 89 85 58 36 5 33 46 100 52 25 22 22 26 17 46 12 34 51 100 37 10 93 46 19 61 5 30 62 34 25 77 28 29 59 19 2 75 87 50 13 7 64
61 40 100 95 99 80 50 44 64 55 28 56 47 72 77 35 60 49 46 16 5 3 3 30 47 57 28 52 42 25 29 100 61 3 30 0 60 85 52 38 55 62 100 45 55 85 92 78 75 58 82 98 87 56 23 43 57 56 38 68 51 64 51 31 79 55 23 43 18 5 80 88 50 3 32 98 9 38 75 15 22 77 41 78 60 15 42 60 8 22 67 82 5 14 74 18
87 80 30 73 47 62 5 29 46 38 20 74 35 49 82 22 7 56 48 13 0 0 10 47 39 56 68 60 97 61 47 73 77 67 82 56 100 100 70 90 99 54 100 64 33 73 96 94 66 88 70 33 31 75 23 31 66 52 57 51 62 11 15 13 56 20 71 89 14 44 98 61 17 16 87 82 14 86 86 45 70 37 93 42 1 47 73 78 84 100 97 58 30 65 19 53
22 25 18 54 33 24 22 0 0 0 0 28 22 42 67 28 1 31 46 14 0 1 49 70 49 53 23 44 99 100 100 88 21 32 58 65 47 91 38 84 93 35 56 62 79 55 89 76 79 9 0 0 1 64 87 100 92 64 33 58 24 5 55 46 5 48 22 82 60 88 49 34 4 82 100 11 71 89 63 67 47 54 56 13 0 39 57 92 55 48 84 48 62 54 28 90
37 9 42 67 11 18 64 5 26 8 56 51 21 29 51 30 23 38 23 50 5 10 46 37 93 83 57 94 100 100 99 58 32 52 75 84 82 94 52 74 98 81 94 85 75 36 50 36 14 2 0 0 54 98 100 82 55 6 1 29 26 28 54 43 29 80 88 49 69 23 46 22 38 91 69 66 90 81 30 42 87 69 6 0 2 49 98 82 53 72 56 20 74 64 77 74
57 31 43 29 3 67 46 25 91 20 90 33 3 40 71 49 61 61 7 0 22 66 60 88 67 53 100 100 100 97 98 87 13 4 82 76 38 86 72 100 100 78 80 29 100 84 89 19 69 30 39 86 100 100 77 39 3 0 28 76 50 97 94 56 83 98 57 73 39 70 58 85 56 9 33 59 78 13 22 79 70 49 65 46 81 71 28 29 49 63 83 68 1 9 96 71
74 7 12 14 16 61 8 46 80 11 34 8 22 74 27 27 40 23 9 75 93 30 53 72 92 66 100 82 55 15 2 32 45 78 62 95 100 100 100 100 60 53 49 96 93 97 76 30 94 60 100 100 98 90 54 55 69 26 32 17 84 100 100 85 49 10 0 0 70 100 85 16 0 38 90 54 53 68 62 49 55 78 48 1 21 20 0 7 1 46 78 48 19 35 58 3
0 39 75 32 0 0 6 41 10 62 45 1 44 44 41 82 40 30 90 100 100 100 100 100 100 100 100 96 11 0 0 0 22 95 69 92 100 100 73 22 82 94 90 100 81 100 67 2 65 100 100 100 51 31 66 100 92 83 100 63 100 100 100 99 8 0 0 10 99 66 6 41 70 33 63 24 59 74 79 99 72 42 45 7 0 0 15 46 53 16 60 92 82 67 49 18
18 5 0 3 0 0 18 20 36 47 55 85 81 90 97 93 46 69 100 70 57 100 94 85 100 100 100 100 78 69 100 88 100 100 100 100 100 73 30 49 79 32 90 78 72 100 93 55 91 83 100 100 45 62 86 100 100 98 65 70 100 100 40 26 0 9 45 19 94 33 38 68 46 27 46 78 94 70 100 100 100 92 65 59 54 67 100 100 96 94 44 1 7 56 82 45
23 2 8 52 27 0 5 12 85 56 95 100 73 51 87 95 57 80 68 2 68 100 77 51 100 100 100 100 93 100 100 81 32 55 69 100 89 8 38 91 17 17 85 22 56 100 98 36 100 88 100 100 88 100 80 100 100 100 77 91 97 93 37 0 0 1 19 72 100 97 12 20 20 30 42 84 95 65 92 96 98 70 90 37 11 59 100 88 98 100 78 1 0 27 100 53
39 51 17 11 0 12 50 65 89 85 81 100 100 56 96 88 94 53 49 53 100 100 95 33 24 48 19 45 62 85 55 46 24 9 3 65 76 40 67 61 73 2 2 0 72 98 18 51 100 100 100 100 100 100 80 100 100 100 90 39 38 100 62 0 0 25 35 100 95 36 0 32 84 72 96 62 57 38 4 12 40 98 60 51 59 47 100 100 100 100 88 35 0 45 66 5
62 63 56 22 66 53 70 53 78 9 52 98 49 10 83 24 46 100 94 100 100 100 100 77 87 68 14 40 63 62 7 10 57 77 33 2 35 91 57 39 82 23 52 8 41 45 38 95 100 100 100 100 100 95 32 98 100 58 62 47 58 100 79 21 42 49 36 100 79 32 51 70 72 100 81 100 85 20 1 14 79 79 92 91 100 100 100 100 100 68 46 34 0 17 4 4
15 52 95 61 67 64 87 97 94 49 95 97 26 21 91 98 100 100 100 100 100 100 73 94 100 100 86 18 10 41 79 53 68 92 100 94 70 86 78 20 96 77 50 50 80 43 60 85 87 79 93 100 100 35 87 100 91 6 49 51 31 84 61 63 48 47 28 59 2 17 69 93 98 100 100 88 13 26 54 63 80 100 100 100 100 85 92 30 35 3 33 0 0 0 52 74
55 84 100 70 19 62 80 52 77 78 100 48 50 49 100 100 100 91 90 72 96 58 5 66 80 100 67 13 70 89 90 80 98 60 91 95 97 100 100 66 100 99 62 50 64 48 66 63 79 20 62 87 75 62 100 100 90 84 62 94 96 62 50 43 83 43 1 0 17 11 68 96 85 100 100 97 94 67 100 97 68 100 100 99 73 82 22 0 26 56 46 0 0 34 38 38
50 71 62 78 60 92 40 0 1 75 100 100 91 33 68 45 56 52 86 50 64 1 56 90 96 100 63 58 56 31 24 56 78 72 54 50 68 47 38 45 59 55 17 48 36 59 3 0 0 0 6 23 9 62 64 34 8 37 69 78 80 28 29 0 13 5 0 0 4 7 88 74 17 43 45 97 81 98 57 98 100 100 100 96 82 38 31 29 56 76 26 11 39 18 1 53
56 47 88 99 64 54 49 79 71 100 100 82 34 44 98 9 2 100 99 43 11 17 66 73 100 62 25 6 27 33 0 1 4 10 0 0 19 64 80 32 24 45 46 60 47 9 29 49 48 52 16 0 4 0 0 0 0 21 19 57 77 38 22 27 16 10 3 15 8 52 100 90 4 0 1 54 89 47 45 99 100 66 67 98 64 72 41 23 67 78 2 46 32 0 13 21
49 81 87 98 87 85 95 89 82 45 83 69 93 73 100 57 74 100 79 76 69 10 61 72 59 11 23 68 32 68 0 0 0 1 28 74 57 50 100 74 0 0 8 0 3 4 77 98 83 66 16 9 67 72 54 47 40 24 0 6 14 10 39 42 76 100 86 96 98 100 80 14 0 0 3 34 85 60 79 99 80 77 95 97 20 2 2 6 3 10 13 68 51 21 49 6
43 63 24 7 19 57 95 29 60 51 25 61 11 56 73 83 100 100 63 87 69 46 29 62 27 40 20 0 0 2 0 0 0 42 100 100 100 99 100 88 64 21 18 53 42 50 63 97 100 29 7 24 40 40 73 95 100 100 34 68 67 81 99 66 100 100 100 100 100 68 57 77 43 32 34 41 86 41 22 88 57 21 89 58 20 0 5 52 70 8 23 83 42 41 46 30
80 96 77 1 2 22 67 66 76 88 54 58 86 17 13 48 62 100 98 94 74 0 0 30 90 50 2 45 0 0 0 0 0 15 86 100 100 100 100 100 100 97 87 41 8 73 100 97 83 80 34 59 44 7 15 75 71 68 59 82 100 100 99 91 100 100 67 75 65 93 88 45 31 76 85 98 40 0 0 64 42 48 95 6 0 0 1 86 94 18 0 0 40 77 32 80
25 48 10 3 60 87 68 31 72 61 84 61 30 21 84 94 79 100 52 51 33 0 0 12 100 85 24 1 0 0 0 2 64 74 89 98 90 92 100 100 100 90 99 100 100 47 100 100 100 63 79 81 93 97 81 40 100 98 42 68 39 79 96 36 80 100 100 96 12 75 98 95 6 17 88 100 58 27 30 57 57 46 40 22 0 14 70 100 33 59 66 5 0 33 28 6
36 22 49 100 96 70 10 60 88 41 29 32 3 54 24 85 100 33 9 1 29 0 0 25 51 23 0 0 0 4 6 74 92 97 89 84 83 81 96 47 52 45 86 92 61 100 100 100 100 98 54 90 93 97 96 76 100 99 75 64 36 47 100 44 70 100 100 100 57 49 19 53 32 86 100 86 86 95 45 77 34 6 15 27 0 25 80 100 94 34 72 4 0 0 0 59
83 28 89 70 93 58 32 100 98 22 0 23 53 20 0 20 84 0 0 16 19 0 0 0 0 0 0 24 53 74 90 87 24 84 97 92 92 49 42 69 94 100 98 100 67 97 100 100 100 100 38 71 88 82 43 34 72 96 88 91 8 34 68 22 52 80 25 71 80 14 0 7 7 74 83 40 16 91 36 5 6 4 34 91 76 38 15 28 70 36 43 76 23 0 0 75
85 87 72 100 100 100 99 100 100 29 1 25 86 90 25 38 9 0 0 0 0 0 0 5 41 70 83 69 66 92 72 78 100 100 100 98 49 46 29 71 100 100 100 100 59 66 97 100 100 100 71 85 100 100 58 0 16 45 68 92 61 52 90 54 40 74 1 65 31 0 0 20 73 100 30 17 3 90 33 0 19 63 96 47 6 44 56 38 1 44 76 37 23 0 0 9
