data/habitatmaps/RS_maps/habitat_Prunella.collaris_2017.asc
NCOLS 369 
NROWS 228 
XLLCORNER 479000 
YLLCORNER 73000 
CELLSIZE 1000 
NODATA_value -9 
[rows 136 to 203 of 228, columns 192 to 287 of 369]
14 0 0 15 1 42 95 100 100 100 100 82 70 9 0 0 49 76 63 55 3 57 99 47 7 33 49 94 37 0 43 62 96 39 52 37 4 100 100 44 18 23 72 99 100 100 94 81 25 48 49 49 52 8 0 61 100 99 78 28 0 0 0 29 7 72 74 22 31 21 97 100 59 11 0 2 37 19 4 0 0 0 0 29 42 26 79 33 42 92 30 0 0 0 0 9
48 25 0 31 42 34 93 100 76 75 52 10 0 9 32 48 83 53 83 70 43 33 45 22 3 51 71 100 92 13 94 79 100 52 12 95 47 99 99 53 23 83 100 98 100 100 79 18 7 63 96 50 47 0 31 86 100 87 4 0 0 0 0 42 55 2 38 47 88 59 59 100 71 56 73 83 79 92 54 0 0 0 0 17 5 63 100 20 0 2 0 0 0 0 0 0
72 36 8 30 22 84 100 97 22 0 0 35 66 94 33 50 70 77 100 100 56 16 21 51 12 78 61 63 45 41 100 96 99 13 32 100 62 81 97 100 100 100 65 31 98 100 93 23 3 84 100 99 68 43 95 100 87 51 73 81 3 0 0 3 25 26 68 19 3 37 93 100 100 100 81 28 53 16 18 0 0 0 14 69 46 0 90 26 41 36 12 0 0 0 0 0
42 28 80 53 43 73 97 89 0 0 38 95 100 65 3 66 83 100 100 100 79 2 42 53 42 99 51 100 70 87 100 100 23 0 85 100 95 84 40 74 100 100 50 0 85 50 86 33 0 55 100 100 100 100 100 100 100 100 100 32 15 42 5 2 16 38 50 24 96 98 100 100 100 100 92 7 0 2 57 0 0 0 17 74 72 75 55 24 95 91 57 1 0 0 0 0
53 62 100 78 92 83 17 0 3 10 84 44 99 79 31 89 27 90 100 89 2 15 30 36 91 78 96 100 80 99 75 63 10 57 100 100 100 100 100 100 100 76 2 0 63 33 11 11 30 63 97 100 100 100 100 100 54 97 55 58 60 5 52 25 39 47 31 88 54 36 59 88 100 100 100 52 3 41 52 0 0 0 29 48 43 27 46 76 100 45 0 0 0 0 0 0
93 35 100 95 40 6 39 42 55 28 56 86 71 47 52 96 76 67 98 98 54 3 47 88 74 82 100 100 100 96 31 3 0 87 100 100 100 98 97 93 66 30 39 0 0 0 0 0 0 43 100 94 100 100 99 62 1 55 50 24 47 19 66 91 44 62 100 68 72 95 91 50 51 96 63 5 0 0 2 0 0 0 0 41 39 28 89 100 63 3 0 0 9 69 11 0
69 38 63 43 26 83 32 55 27 36 57 100 81 28 31 19 80 75 95 100 85 61 69 35 98 97 100 100 98 100 92 14 3 46 80 100 100 98 54 58 9 0 14 0 0 0 0 0 5 96 100 62 40 71 65 2 61 31 34 69 99 92 94 61 100 89 38 68 13 32 22 47 35 34 3 0 0 14 0 12 13 0 0 0 60 100 100 88 6 0 0 10 76 43 7 0
53 66 3 34 54 72 41 6 32 22 92 64 10 45 38 82 55 9 40 89 41 14 0 16 83 73 39 59 57 61 34 0 0 0 50 95 100 87 48 17 0 0 0 0 0 7 31 83 89 100 99 54 90 55 86 76 31 76 62 76 38 70 68 41 60 8 0 0 31 4 0 0 0 0 0 12 60 88 53 86 79 0 0 22 4 35 68 34 3 31 16 78 95 20 22 0
42 27 64 76 94 12 2 35 83 14 51 82 99 100 99 56 19 10 38 4 0 0 0 14 1 12 12 62 82 62 12 41 0 0 5 21 35 35 47 23 0 0 0 0 32 3 12 100 100 100 99 51 100 100 100 100 69 100 100 60 84 99 13 7 0 0 18 46 0 0 0 3 18 7 43 60 99 100 87 72 100 25 41 80 65 53 52 4 81 100 87 93 100 85 29 0
0 31 99 67 89 82 58 57 95 86 76 100 100 100 86 0 0 0 0 0 0 0 0 0 0 0 0 0 0 0 64 97 37 0 0 11 31 29 0 0 0 0 0 12 34 0 4 68 100 79 100 91 73 32 95 83 73 100 100 93 100 87 0 0 0 0 2 4 0 3 0 40 49 52 45 100 100 100 100 100 80 20 81 100 95 78 84 35 100 63 75 100 100 87 10 0
0 7 0 70 84 96 91 90 48 76 100 100 100 50 29 36 0 0 0 0 0 0 0 0 0 1 38 41 0 0 0 5 8 0 0 0 0 0 14 0 0 0 0 0 0 17 15 8 92 88 100 100 94 79 64 57 76 99 51 74 97 32 28 6 9 0 0 0 63 81 8 4 28 88 73 100 100 100 100 100 34 4 30 65 75 97 100 32 82 15 71 100 95 15 0 0
0 34 5 52 20 75 99 68 41 95 85 24 21 0 0 0 0 0 0 0 0 0 0 0 0 0 0 12 19 75 68 62 53 58 30 22 0 0 0 0 0 0 0 0 0 0 31 48 0 48 100 100 100 56 48 40 41 97 100 77 58 28 48 42 65 13 7 9 1 31 34 6 55 32 15 74 100 88 98 100 33 28 7 0 0 16 67 97 77 71 100 98 31 1 1 0
32 2 0 4 56 100 100 86 97 96 20 0 0 0 0 0 0 6 16 8 0 0 0 0 0 0 0 0 0 6 50 84 100 90 100 97 45 1 44 0 0 2 0 0 0 0 0 36 0 50 100 94 98 67 86 100 100 100 95 17 22 39 64 37 32 34 83 67 0 33 71 84 100 67 28 100 100 57 84 100 26 76 100 39 4 10 25 63 52 93 100 87 39 46 51 60
16 18 33 38 91 100 100 100 100 86 0 0 0 0 0 1 0 48 82 96 19 0 0 0 0 0 0 0 0 0 0 15 36 1 61 83 99 69 85 65 85 64 0 0 0 0 0 0 0 48 100 44 69 100 100 100 87 79 38 49 38 11 48 0 75 97 88 45 60 71 100 100 100 100 40 100 100 100 83 47 33 100 94 18 30 24 56 86 100 100 59 52 49 88 47 100
57 92 100 100 100 100 100 100 97 26 0 0 0 0 20 70 89 100 71 91 62 51 6 27 0 0 0 0 0 0 0 0 0 0 0 2 10 49 30 62 31 0 0 0 0 0 0 0 2 68 100 68 52 100 98 100 73 44 77 100 100 86 78 8 82 17 17 94 21 94 100 100 88 61 0 11 69 100 48 6 18 100 90 20 44 0 5 22 91 100 100 100 100 82 43 100
18 99 100 100 100 100 100 99 20 3 19 14 80 51 36 100 81 30 10 3 59 100 86 99 63 40 35 0 0 0 0 0 0 0 0 0 0 0 49 3 0 0 0 0 0 0 0 0 16 91 100 98 88 53 36 75 81 68 80 100 100 52 47 2 5 77 97 98 43 85 100 77 51 40 67 47 20 88 89 32 78 100 100 24 36 0 0 0 0 60 100 100 100 90 94 97
43 48 100 100 100 100 82 27 19 65 61 52 100 53 62 76 44 54 38 8 0 9 82 100 100 100 100 43 0 0 0 0 0 0 0 0 0 0 16 3 0 0 0 0 0 0 3 69 96 97 58 71 99 53 70 31 46 65 98 100 92 57 80 47 13 99 100 100 80 100 72 100 83 51 39 52 0 29 99 89 100 100 99 12 77 0 18 34 1 5 53 85 100 100 100 100
30 8 95 36 12 37 6 0 41 66 92 66 100 100 100 83 91 100 100 64 12 0 5 64 100 100 97 50 30 0 0 0 0 0 0 0 0 0 0 0 0 0 0 0 0 0 22 100 100 84 6 11 65 87 54 79 94 98 72 100 100 61 72 49 4 69 100 100 100 80 64 96 82 2 0 0 0 54 100 100 100 100 55 26 79 1 51 100 74 58 3 18 94 100 100 100
8 46 100 51 6 37 72 76 86 100 96 100 100 100 100 100 100 100 100 100 44 16 0 27 46 39 76 100 83 24 14 0 0 0 0 0 0 0 0 49 50 2 0 0 0 0 26 54 100 95 84 1 1 5 49 56 100 80 42 100 89 28 24 0 0 57 99 100 86 67 81 84 28 0 0 0 0 18 71 100 100 100 44 45 50 0 79 100 100 100 75 4 8 40 83 100
50 94 100 100 100 100 61 32 96 100 65 89 91 100 100 100 100 91 99 100 100 56 0 0 5 63 100 100 79 16 13 0 0 0 0 0 0 0 0 28 95 34 0 0 0 0 0 0 47 99 77 8 2 33 87 100 97 43 91 100 93 35 35 0 0 44 99 100 91 91 3 5 0 0 0 0 0 2 88 100 100 100 51 66 68 28 60 42 100 100 91 61 73 41 19 100
85 100 100 100 100 55 75 98 98 100 98 14 42 100 100 25 66 12 36 100 27 20 0 0 42 100 100 80 24 0 0 0 0 0 0 0 0 0 0 1 82 70 0 0 0 0 0 0 9 26 9 0 0 0 37 100 84 51 98 100 100 59 34 0 0 30 74 100 68 28 0 0 0 0 0 0 0 3 25 90 100 78 10 95 91 56 66 82 97 90 12 52 97 61 31 84
91 25 88 95 64 0 89 100 100 100 89 32 39 100 100 26 23 7 9 80 33 0 0 0 23 100 100 100 100 55 73 70 82 41 0 0 0 0 0 0 9 50 0 0 0 0 0 0 0 0 0 0 0 0 31 75 74 47 27 43 80 97 72 1 0 0 3 74 65 100 45 2 0 0 0 0 0 0 33 76 100 71 20 100 100 42 96 39 85 84 0 57 99 73 14 60
98 29 16 34 10 56 100 100 90 100 100 73 12 66 95 14 0 0 0 16 30 1 0 0 10 97 97 97 100 100 100 100 100 28 0 0 0 0 0 0 0 0 0 0 0 0 0 0 0 0 0 0 0 0 0 29 72 41 11 0 61 100 96 10 0 0 0 1 18 37 91 47 62 31 0 0 0 0 63 100 100 92 10 99 100 82 61 99 25 95 0 41 100 100 81 95
100 93 2 35 33 47 100 77 90 33 86 40 15 49 10 82 76 6 0 2 20 0 0 5 37 76 24 54 84 100 67 76 28 0 0 0 0 0 0 0 0 0 0 0 0 0 0 0 0 0 0 0 0 14 46 98 79 82 46 9 50 100 100 96 41 0 0 0 0 0 76 100 34 3 0 0 0 0 27 75 74 100 60 98 100 92 84 94 45 92 0 45 100 100 100 100
100 72 90 51 64 99 100 86 19 77 67 0 0 0 54 100 80 29 0 0 0 0 0 32 99 57 28 47 76 99 56 5 9 0 0 0 0 0 0 0 0 0 0 0 0 0 0 0 0 0 13 22 0 0 50 97 100 97 11 0 41 65 61 92 11 0 0 0 0 39 100 88 64 63 7 0 0 0 14 68 87 100 100 100 100 100 75 51 53 87 19 31 100 100 95 65
94 83 100 80 22 47 100 100 89 32 8 4 0 0 3 45 100 69 0 3 0 0 0 0 20 17 3 7 92 100 99 62 44 1 18 4 0 0 0 0 0 0 0 0 0 0 0 0 0 0 7 9 69 69 70 100 84 29 0 0 0 5 66 93 17 0 0 0 0 45 100 100 82 8 0 0 0 23 98 100 100 100 100 100 100 100 48 22 35 64 88 85 100 100 76 40
100 100 100 47 0 83 100 100 100 61 95 37 0 0 0 36 100 81 64 39 0 0 0 0 0 0 44 96 98 45 38 41 53 44 100 38 0 16 0 0 0 0 0 0 0 0 0 0 0 0 0 0 2 34 84 97 55 44 0 0 75 94 100 95 21 0 0 0 0 38 100 100 100 74 7 0 0 5 88 100 100 100 100 100 100 98 89 99 100 93 100 100 100 100 100 69
99 100 100 55 0 8 64 100 94 100 99 18 0 0 0 46 67 99 90 88 31 0 0 0 0 0 44 100 93 5 0 0 0 7 67 86 64 60 0 0 0 0 0 0 0 0 0 0 0 0 0 0 0 0 0 18 56 44 0 0 23 100 100 64 0 0 0 0 1 77 100 100 91 100 60 23 45 27 22 45 74 100 100 100 100 100 100 100 100 100 100 100 100 97 85 62
100 100 82 15 0 2 75 100 100 73 81 63 0 0 0 0 0 25 13 73 12 0 0 0 0 4 14 97 99 95 55 32 3 0 3 95 61 38 0 2 0 0 0 0 0 0 0 0 0 15 41 7 0 0 30 91 48 21 0 0 13 91 91 29 0 0 0 0 1 74 100 100 81 63 85 40 18 7 0 14 61 100 100 100 96 100 100 81 63 94 59 22 23 8 0 23
100 100 89 16 0 0 17 100 95 81 4 25 0 0 0 0 0 0 4 1 0 0 0 0 24 91 36 71 16 1 15 39 0 0 11 82 90 92 58 16 0 0 0 0 0 0 0 0 0 53 98 16 0 9 74 88 93 33 0 0 0 62 68 29 0 0 0 0 0 16 89 100 98 31 28 20 0 0 0 58 73 57 37 41 37 91 75 44 1 13 0 0 0 0 0 0
93 100 100 49 0 0 36 100 100 98 40 0 0 6 25 0 0 0 0 0 0 0 0 12 81 100 100 93 17 0 0 0 0 0 44 93 93 100 60 80 19 0 0 0 0 0 0 0 0 3 69 50 60 94 100 100 86 30 0 0 17 67 0 0 0 0 0 0 0 0 51 100 87 2 0 0 0 0 0 0 0 0 0 0 9 29 8 19 0 0 0 0 0 0 0 0
96 100 100 64 0 0 57 100 100 100 97 62 81 91 24 4 0 0 0 0 0 0 0 0 41 95 81 98 29 4 0 0 0 0 2 11 36 100 100 16 0 0 0 0 0 0 0 0 0 26 96 89 100 100 100 69 24 1 0 0 27 62 9 0 0 0 0 0 0 47 11 85 100 31 11 0 0 0 0 0 0 0 0 0 0 1 0 0 0 0 0 0 0 0 0 0
48 51 35 5 0 0 79 100 100 98 100 100 96 43 99 81 0 0 0 0 0 0 0 11 28 73 33 99 78 94 30 1 0 0 0 0 2 73 55 0 0 0 32 20 0 0 0 0 0 7 8 0 15 90 100 92 26 0 0 0 0 64 9 0 0 0 0 0 48 33 58 55 100 98 78 0 0 0 0 0 0 0 0 0 0 0 0 0 0 0 0 0 0 0 4 60
35 0 1 0 0 0 43 99 62 28 24 23 3 0 53 91 4 0 0 0 0 0 8 91 100 67 10 49 46 88 99 76 0 0 0 33 78 57 37 0 0 17 70 2 0 0 0 0 0 0 0 0 29 98 100 100 23 0 0 0 70 100 44 0 0 0 0 0 0 34 100 100 96 32 26 0 0 0 0 0 0 0 0 0 0 0 0 0 0 0 2 39 16 5 37 58
61 0 0 25 21 56 85 36 0 0 0 0 0 0 0 3 0 0 0 0 0 27 79 99 100 47 13 6 0 10 82 89 0 0 0 1 48 70 17 48 46 67 5 0 0 0 0 0 0 0 0 0 4 92 100 89 4 0 0 15 99 91 18 0 0 0 0 0 0 12 62 99 90 16 0 0 0 0 0 0 0 0 0 0 0 0 11 43 26 28 53 100 85 47 53 98
8 0 0 21 100 100 42 0 0 4 31 0 0 0 0 0 0 0 0 0 0 0 3 58 47 89 36 3 0 0 6 24 0 0 0 0 71 17 58 83 70 71 94 48 15 0 0 0 0 0 0 4 84 100 100 65 0 0 0 19 60 9 0 0 0 0 0 0 11 81 70 90 19 2 0 0 0 0 0 0 0 0 0 4 62 37 43 100 100 100 100 100 100 76 69 95
0 0 0 20 100 100 74 0 0 0 24 0 0 0 0 0 0 0 0 0 0 0 1 27 5 67 27 58 20 0 0 0 0 0 0 44 83 33 72 70 33 82 56 23 0 0 0 0 0 0 0 36 100 100 100 28 0 0 0 0 4 0 0 0 0 7 39 2 94 100 100 43 0 0 0 0 0 0 0 0 0 0 0 8 87 96 93 100 100 98 67 67 100 100 100 100
0 0 26 93 100 91 84 29 0 0 0 0 0 0 0 0 0 0 0 0 0 0 0 0 0 0 0 9 76 10 9 0 0 0 12 97 17 1 74 10 19 100 17 0 0 0 0 0 0 0 0 3 45 98 55 11 0 0 0 0 0 0 0 0 4 79 83 13 75 97 84 66 9 0 0 0 0 0 0 0 0 0 4 38 83 74 87 100 100 75 2 72 100 100 100 100
0 24 84 100 79 50 5 0 0 27 12 1 0 0 0 18 9 6 0 0 0 0 0 0 0 0 0 0 0 70 58 2 0 0 0 42 50 8 62 0 63 100 59 0 0 0 0 0 0 0 0 0 0 68 50 0 0 0 0 0 0 0 0 0 20 89 99 58 94 86 0 0 0 0 0 0 0 0 0 0 0 0 0 35 58 0 12 22 34 11 3 93 100 100 100 100
0 3 80 96 14 0 0 0 0 0 57 60 43 3 14 57 81 3 0 0 0 0 0 0 0 0 0 0 0 36 80 19 0 0 0 37 46 0 0 1 70 79 74 0 0 0 0 0 0 0 0 0 3 60 58 0 0 0 0 0 0 0 0 0 0 0 68 100 100 8 0 0 18 0 0 0 0 0 0 0 0 0 36 9 0 18 56 27 0 0 14 94 100 100 54 100
0 0 100 83 0 1 14 2 0 6 77 100 100 76 98 39 42 43 15 7 43 2 0 0 0 0 0 0 0 0 2 94 52 0 0 0 21 0 0 0 5 76 74 13 0 0 0 0 0 0 0 0 0 12 10 0 0 0 0 0 0 0 0 0 0 0 17 93 88 0 0 12 15 0 0 0 0 0 0 0 0 0 2 0 21 78 32 23 37 27 48 100 100 74 25 89
0 4 94 100 84 55 52 92 83 38 55 93 50 64 53 50 42 9 3 24 63 78 6 0 0 0 0 0 0 0 4 43 77 46 5 0 0 0 0 0 0 3 36 100 5 0 0 0 0 0 0 0 0 0 0 0 0 0 0 0 0 0 0 0 23 36 2 68 63 50 84 46 39 70 45 0 0 0 0 0 0 0 0 0 30 62 27 58 92 100 100 100 84 12 0 0
0 30 100 100 100 100 99 97 66 49 15 19 2 0 5 12 43 21 15 43 0 6 0 0 0 0 0 0 0 0 19 26 33 100 78 35 33 0 0 6 44 84 81 83 15 28 2 0 0 0 0 0 0 0 0 0 0 0 0 0 0 0 0 0 4 58 75 61 92 95 97 100 98 99 100 87 42 7 0 0 0 0 0 0 0 48 2 47 26 66 100 100 100 94 55 56
0 0 54 68 33 96 100 100 100 47 6 0 0 0 0 0 7 0 21 6 0 0 0 0 0 0 0 0 0 0 0 0 0 28 94 73 46 0 0 29 32 30 80 37 69 66 42 61 0 0 0 0 0 0 0 0 0 0 0 0 0 0 0 0 0 84 100 100 100 100 100 98 91 100 100 100 100 49 0 0 0 -9 0 0 0 24 1 0 33 99 100 100 100 100 100 98
0 35 70 33 14 97 88 21 88 92 52 37 10 1 1 0 0 0 0 0 0 0 21 15 0 0 0 0 0 0 0 0 0 0 22 0 0 0 0 0 2 62 32 5 98 100 95 64 0 0 0 0 0 0 0 0 0 0 0 0 0 0 0 0 4 78 100 100 94 100 54 6 10 63 96 33 88 89 10 0 31 -9 -9 0 0 2 0 0 16 88 100 100 100 100 100 100
1 2 0 0 5 24 2 16 55 92 6 4 31 27 12 0 0 0 0 0 0 0 15 0 0 0 0 0 0 0 0 0 0 29 48 33 2 0 0 0 0 9 1 0 48 90 54 7 0 0 0 0 0 0 0 0 0 0 0 0 0 0 0 1 67 100 100 80 49 97 61 75 29 28 36 0 80 59 0 4 -9 -9 -9 -9 -9 0 0 23 51 80 81 69 100 81 17 31
63 0 0 6 17 0 0 28 34 8 0 0 0 0 0 0 0 0 0 0 0 10 20 0 0 0 0 0 0 0 0 0 0 2 4 0 0 0 0 0 0 0 0 0 0 27 0 0 0 0 0 0 0 0 0 0 0 0 0 0 0 0 0 0 5 64 94 27 29 100 37 13 6 0 12 0 6 0 0 0 -9 -9 -9 -9 -9 -9 0 0 0 7 47 82 100 99 46 51
30 1 0 34 86 31 0 0 0 0 0 2 0 0 0 0 0 0 0 0 0 0 0 0 0 0 0 0 0 0 0 0 0 0 0 0 0 0 0 0 0 0 0 0 0 0 0 0 0 0 0 0 0 0 0 0 0 0 0 5 0 0 0 0 0 0 0 0 65 40 18 16 16 0 0 0 0 0 0 18 -9 -9 -9 -9 -9 -9 -9 -9 -9 -9 100 99 100 100 93 30
18 0 0 9 79 99 62 52 10 20 59 3 0 0 0 0 0 0 0 0 0 0 0 0 0 0 0 0 0 0 0 0 0 0 0 0 0 0 0 0 0 0 0 0 0 0 0 0 0 0 0 0 0 0 0 0 0 0 0 35 8 0 0 0 34 73 34 0 9 40 9 0 0 0 0 0 0 0 0 0 -9 -9 -9 -9 -9 -9 -9 -9 -9 -9 -9 -9 -9 -9 -9 1
0 0 0 0 65 95 64 76 6 31 61 0 0 0 0 0 0 0 0 0 0 0 0 0 0 0 0 0 0 0 0 0 0 0 0 0 0 0 0 0 0 0 0 0 0 0 0 0 0 0 0 0 0 0 0 0 0 0 4 54 86 19 37 40 74 59 7 0 0 32 8 0 0 0 0 0 0 0 0 -9 -9 -9 -9 -9 -9 -9 -9 -9 -9 -9 -9 -9 -9 -9 -9 -9
0 0 0 2 74 58 0 0 0 46 21 37 52 5 15 19 17 49 43 0 0 0 0 0 0 0 0 0 0 0 0 0 0 0 0 0 0 0 0 0 0 0 0 0 0 0 0 0 0 0 0 0 0 0 0 0 0 0 1 34 50 86 63 68 10 1 0 0 0 26 0 0 0 0 0 0 0 0 -9 -9 -9 -9 -9 -9 -9 -9 -9 -9 -9 -9 -9 -9 -9 -9 -9 -9
0 0 0 0 0 0 0 0 0 0 0 0 25 52 17 2 2 18 24 0 0 0 0 0 0 0 0 0 0 0 0 0 0 0 0 0 0 0 0 0 0 0 0 0 0 0 0 0 0 0 0 0 0 0 0 0 0 0 0 45 53 60 0 0 0 0 0 0 0 0 0 0 0 0 0 0 0 0 -9 -9 -9 -9 -9 -9 -9 -9 -9 -9 -9 -9 -9 -9 -9 -9 -9 -9
0 0 0 14 30 16 0 0 0 0 0 0 0 8 5 0 0 0 0 0 0 0 0 0 0 0 0 0 0 0 0 0 0 0 0 0 0 0 0 0 0 0 0 0 0 0 0 0 0 0 0 0 0 0 0 0 23 57 6 70 32 0 0 0 0 0 0 0 0 0 0 0 0 0 0 0 0 -9 -9 -9 -9 -9 -9 -9 -9 -9 -9 -9 -9 -9 -9 -9 -9 -9 -9 -9
0 0 0 18 54 9 0 0 0 0 0 0 0 0 0 0 0 0 0 0 0 0 0 0 0 0 0 0 0 0 0 0 0 0 0 0 0 0 0 0 0 0 0 0 0 0 0 0 0 0 0 0 0 0 0 0 12 93 50 21 0 0 0 0 0 0 0 0 0 0 0 0 0 0 0 0 -9 -9 -9 -9 -9 -9 -9 -9 -9 -9 -9 -9 -9 -9 -9 -9 -9 -9 -9 -9
-9 -9 0 0 0 0 0 0 0 0 0 0 0 0 0 0 0 0 1 0 0 0 0 0 0 0 0 0 0 0 0 0 0 0 0 0 0 0 0 0 0 0 0 0 0 0 0 0 0 0 0 0 22 2 56 39 39 95 51 36 7 0 0 0 0 0 0 0 0 0 0 0 0 0 0 0 -9 -9 -9 -9 -9 -9 -9 -9 -9 -9 -9 -9 -9 -9 -9 -9 -9 -9 -9 -9
-9 -9 -9 0 0 0 0 0 0 0 0 0 0 0 0 0 0 0 0 4 0 0 0 0 0 0 0 0 0 0 0 0 0 0 0 0 0 0 0 0 0 0 0 0 0 0 0 0 0 0 0 0 21 9 0 51 69 17 66 51 32 0 0 0 0 3 0 0 0 0 0 0 0 0 0 0 -9 -9 -9 -9 -9 -9 -9 -9 -9 -9 -9 -9 -9 -9 -9 -9 -9 -9 -9 -9
-9 -9 -9 -9 0 0 0 0 0 0 0 0 0 0 0 0 0 12 31 59 57 8 0 0 0 0 0 0 0 0 0 0 0 0 0 0 0 0 0 0 0 0 0 0 0 0 0 0 0 0 0 0 0 0 9 20 0 0 0 0 3 0 0 0 0 45 3 9 0 0 0 0 0 0 0 -9 -9 -9 -9 -9 -9 -9 -9 -9 -9 -9 -9 -9 -9 -9 -9 -9 -9 -9 -9 -9
-9 -9 -9 -9 -9 0 0 0 0 0 0 0 0 0 0 0 5 81 80 34 2 2 33 1 1 0 0 0 0 0 0 0 0 0 0 0 0 0 0 0 0 0 0 0 0 0 0 0 0 0 0 0 0 0 0 0 0 0 0 59 64 0 0 2 28 84 50 54 0 0 0 0 0 0 -9 -9 -9 -9 -9 -9 -9 -9 -9 -9 -9 -9 -9 -9 -9 -9 -9 -9 -9 -9 -9 -9
-9 -9 -9 -9 -9 -9 21 19 0 0 0 0 0 12 6 0 0 0 0 5 26 0 16 21 5 0 0 0 0 0 0 0 0 0 0 0 0 0 0 0 0 0 0 0 0 0 0 0 0 0 0 0 0 0 0 0 0 0 0 16 4 0 0 41 43 45 66 3 0 0 0 0 0 0 -9 -9 -9 -9 -9 -9 -9 -9 -9 -9 -9 -9 -9 -9 -9 -9 -9 -9 -9 -9 -9 -9
-9 -9 -9 -9 -9 -9 -9 48 0 0 0 0 0 11 0 0 0 0 0 3 17 0 0 0 0 0 0 0 0 0 0 0 0 2 0 0 0 0 0 0 0 0 0 0 0 0 0 0 0 0 0 0 0 0 0 0 0 0 0 0 0 0 0 2 24 0 0 0 0 0 0 0 0 -9 -9 -9 -9 -9 -9 -9 -9 -9 -9 -9 -9 -9 -9 -9 -9 -9 -9 -9 -9 -9 -9 -9
-9 -9 -9 -9 -9 -9 -9 5 0 15 33 1 0 0 0 0 0 19 0 8 5 0 0 0 0 0 0 0 0 0 0 0 0 0 0 0 0 0 0 0 0 0 0 0 0 0 0 0 0 0 0 0 0 0 0 0 0 0 0 0 0 0 0 0 0 0 0 0 0 0 0 -9 -9 -9 -9 -9 -9 -9 -9 -9 -9 -9 -9 -9 -9 -9 -9 -9 -9 -9 -9 -9 -9 -9 -9 -9
-9 -9 -9 -9 -9 -9 -9 -9 8 57 43 36 0 0 1 0 0 15 0 46 35 0 0 0 0 0 0 0 0 0 0 1 10 0 0 0 0 0 0 0 0 0 0 0 0 0 0 0 0 0 0 0 0 0 0 0 0 0 0 0 0 0 0 0 0 0 0 0 0 0 -9 -9 -9 -9 -9 -9 -9 -9 -9 -9 -9 -9 -9 -9 -9 -9 -9 -9 -9 -9 -9 -9 -9 -9 -9 -9
-9 -9 -9 -9 -9 -9 -9 -9 -9 13 78 96 74 56 51 52 0 0 0 0 0 0 0 0 0 0 0 0 0 0 0 62 16 0 0 0 0 0 0 0 0 0 0 0 0 0 0 0 0 0 0 0 0 0 0 34 39 19 14 31 10 0 0 0 0 30 8 0 0 -9 -9 -9 -9 -9 -9 -9 -9 -9 -9 -9 -9 -9 -9 -9 -9 -9 -9 -9 -9 -9 -9 -9 -9 -9 -9 -9
-9 -9 -9 -9 -9 -9 -9 -9 -9 81 92 21 7 44 49 17 7 0 0 0 0 0 0 0 0 0 0 0 0 0 0 0 0 0 0 0 0 0 0 0 0 0 0 0 0 0 0 0 0 0 0 0 0 8 29 63 10 3 9 1 10 0 0 0 0 8 5 0 -9 -9 -9 -9 -9 -9 -9 -9 -9 -9 -9 -9 -9 -9 -9 -9 -9 -9 -9 -9 -9 -9 -9 -9 -9 -9 -9 -9
-9 -9 -9 -9 -9 -9 -9 -9 -9 -9 92 0 23 62 79 61 55 0 0 0 0 0 0 0 0 0 0 0 0 0 0 0 0 0 0 0 0 1 0 0 0 0 0 0 0 0 0 0 0 0 0 0 0 13 1 8 0 0 0 0 0 0 0 0 0 0 0 0 -9 -9 -9 -9 -9 -9 -9 -9 -9 -9 -9 -9 -9 -9 -9 -9 -9 -9 -9 -9 -9 -9 -9 -9 -9 -9 -9 -9
-9 -9 -9 -9 -9 -9 -9 -9 -9 -9 -9 0 52 15 7 23 0 0 0 0 0 0 0 0 0 0 0 0 0 0 0 0 0 0 0 0 0 32 0 0 0 0 0 0 0 0 0 0 0 0 0 0 0 0 0 0 28 0 0 0 0 0 0 0 0 0 0 0 -9 -9 -9 -9 -9 -9 -9 -9 -9 -9 -9 -9 -9 -9 -9 -9 -9 -9 -9 -9 -9 -9 -9 -9 -9 -9 -9 -9
-9 -9 -9 -9 -9 -9 -9 -9 -9 -9 -9 -9 -9 43 39 76 0 0 0 0 0 0 0 0 0 0 0 0 0 0 0 0 0 0 0 0 0 0 0 0 0 0 0 0 0 0 0 0 0 0 0 0 0 0 0 0 0 0 0 0 0 0 0 0 0 0 0 -9 -9 -9 -9 -9 -9 -9 -9 -9 -9 -9 -9 -9 -9 -9 -9 -9 -9 -9 -9 -9 -9 -9 -9 -9 -9 -9 -9 -9
-9 -9 -9 -9 -9 -9 -9 -9 -9 -9 -9 -9 -9 -9 80 8 0 0 0 0 0 0 0 0 0 0 0 0 0 0 0 0 0 0 0 0 0 0 0 0 0 0 0 0 0 0 0 0 0 0 0 0 0 0 0 0 0 0 0 0 0 0 0 0 0 0 0 -9 -9 -9 -9 -9 -9 -9 -9 -9 -9 -9 -9 -9 -9 -9 -9 -9 -9 -9 -9 -9 -9 -9 -9 -9 -9 -9 -9 -9
