data/habitatmaps/RS_maps/habitat_Regulus.regulus_2008.asc
NCOLS 369 
NROWS 228 
XLLCORNER 479000 
YLLCORNER 73000 
CELLSIZE 1000 
NODATA_value -9 
[rows 63 to 125 of 228, columns 192 to 287 of 369]
7 8 5 29 6 0 26 23 34 46 84 36 19 63 27 0 0 0 0 0 12 5 37 61 23 1 0 17 37 1 0 0 36 7 0 0 1 28 21 17 0 11 36 34 41 18 29 57 67 43 15 11 54 33 30 26 35 30 50 57 57 75 45 77 65 29 43 60 63 69 22 44 42 20 1 14 0 7 44 30 29 55 55 31 35 11 0 25 60 27 87 37 0 0 0 50
1 3 0 45 2 2 36 42 47 34 33 57 66 81 78 0 0 0 0 3 4 17 15 13 30 36 0 7 10 14 29 12 6 1 3 8 33 25 46 56 17 5 14 23 34 43 51 45 17 18 23 29 20 16 39 1 28 27 34 38 60 64 35 72 69 59 63 74 80 77 61 41 0 0 0 0 0 0 0 6 37 26 11 52 44 12 1 22 4 41 72 48 1 0 1 96
0 0 0 15 17 0 50 61 11 24 25 67 100 93 99 28 0 0 0 0 0 0 0 5 55 51 20 2 21 15 10 3 20 0 67 21 1 40 83 55 33 61 18 39 10 28 5 24 16 20 4 46 78 48 56 49 3 21 44 15 0 38 49 59 38 55 74 62 78 100 50 8 0 0 0 0 0 0 0 29 0 0 5 0 13 8 6 5 0 0 16 26 22 29 60 46
0 0 0 0 0 0 10 55 20 8 18 49 100 100 94 33 12 0 1 0 0 0 0 0 0 16 34 38 42 3 8 16 0 0 67 14 6 18 48 37 25 34 32 15 19 12 25 1 13 16 83 100 94 61 68 60 16 8 18 24 0 7 31 42 16 8 52 58 49 40 13 0 0 0 0 0 0 0 0 2 15 0 0 0 76 46 14 0 0 24 42 28 20 31 75 10
0 0 6 47 8 31 0 3 3 7 33 6 42 80 100 32 41 24 20 0 0 0 0 0 0 0 8 7 0 0 14 3 0 0 38 63 54 34 22 38 11 0 0 25 16 50 30 18 6 5 91 99 70 51 81 31 37 37 43 20 0 0 0 16 16 58 34 37 60 5 0 0 0 0 0 0 0 0 0 47 83 13 0 0 19 5 8 21 45 62 45 4 25 93 58 34
14 0 31 51 70 9 13 16 24 12 45 28 10 25 81 65 0 30 21 26 0 0 0 0 0 0 0 0 0 13 19 0 0 0 9 4 58 62 6 36 40 38 21 37 46 70 20 20 4 0 28 72 84 78 48 49 71 34 59 15 0 0 19 32 34 49 21 0 14 0 0 19 17 0 0 0 0 0 30 81 61 4 0 0 0 15 35 45 29 4 0 12 26 11 23 0
14 2 0 0 7 25 25 35 0 14 36 0 0 10 51 78 8 6 10 0 0 0 0 0 0 0 0 0 0 0 0 0 0 0 0 0 0 0 4 30 25 23 1 0 0 0 0 0 0 16 7 27 64 36 28 37 84 52 59 37 28 1 0 2 52 28 8 23 11 19 47 67 68 14 45 26 0 49 64 46 1 0 0 0 7 15 13 15 0 0 11 56 54 39 22 7
6 5 0 8 17 21 5 20 29 6 26 12 18 8 0 52 1 3 15 0 0 0 0 9 0 0 0 0 0 0 0 0 0 0 0 0 0 0 0 0 0 6 34 54 40 0 0 0 0 10 16 53 45 54 60 56 64 83 60 62 60 23 7 38 39 21 17 25 46 51 24 25 10 45 50 38 2 31 23 27 0 0 0 0 1 1 0 0 4 39 63 94 82 49 58 72
56 9 20 28 1 2 1 0 60 67 21 11 55 45 25 40 23 3 1 0 0 0 0 30 0 0 0 0 0 0 0 0 0 0 0 0 0 0 0 30 65 57 43 13 1 0 0 0 7 1 27 35 74 95 99 54 53 56 38 59 85 82 28 24 12 61 74 55 11 0 0 15 11 5 8 22 35 16 81 7 0 0 0 6 18 0 0 0 23 100 96 95 91 82 61 24
33 7 26 50 19 2 14 0 2 22 2 0 41 81 7 22 22 43 2 0 0 0 0 0 0 0 5 19 5 7 0 0 3 0 0 0 0 0 0 4 16 0 0 0 0 0 0 0 17 1 35 37 54 86 77 39 4 16 15 41 49 17 1 0 5 13 52 28 1 12 13 11 0 44 93 94 76 46 9 29 0 0 0 38 12 0 0 4 73 100 77 72 86 76 61 74
14 3 17 56 2 0 17 0 0 0 0 0 42 85 13 25 1 6 20 0 0 0 0 0 0 0 0 0 23 30 19 47 15 0 0 0 0 0 0 0 0 0 0 0 0 0 0 26 12 4 19 26 58 80 71 49 0 0 18 61 86 45 70 43 23 50 20 16 26 18 22 18 16 16 19 40 55 12 0 2 1 0 0 27 0 0 0 54 68 99 61 81 75 92 98 65
45 5 16 59 9 0 0 0 0 0 0 0 1 58 13 0 21 0 32 10 3 0 0 0 0 0 0 10 10 43 39 42 9 16 0 0 16 0 0 0 0 0 0 0 0 0 0 40 26 0 0 10 66 80 42 1 0 0 42 90 95 94 76 67 71 30 22 14 5 1 21 18 35 62 93 40 30 8 31 54 0 0 0 12 11 0 12 94 93 86 27 75 99 84 79 74
34 4 15 8 0 0 0 0 0 0 0 0 0 48 0 0 0 0 28 42 4 10 29 49 58 7 5 4 37 70 50 51 42 60 22 27 35 32 21 16 2 12 24 38 14 0 0 2 7 0 0 19 91 77 6 12 27 0 7 46 66 53 51 47 61 6 0 0 0 0 1 0 0 6 74 86 77 86 77 56 64 60 34 0 11 0 20 97 99 76 78 80 100 96 41 80
16 37 15 0 14 1 0 0 0 0 0 30 0 41 6 0 0 0 2 41 62 76 62 70 94 80 60 50 34 22 28 29 56 92 52 62 36 55 47 40 91 67 73 65 65 20 30 3 0 0 0 21 99 33 32 58 27 49 9 66 40 12 33 31 29 0 0 0 0 0 0 0 0 3 17 68 51 27 41 91 67 47 69 0 24 7 56 100 60 95 100 100 88 74 45 92
42 0 20 12 14 0 0 0 0 0 15 31 9 39 15 12 41 43 77 93 85 100 100 100 100 81 46 25 0 5 20 67 99 73 46 65 62 80 56 48 43 79 70 56 65 98 88 72 26 0 0 53 88 63 61 72 73 17 11 12 22 31 11 3 2 28 9 5 37 65 31 15 0 1 4 34 10 0 12 58 64 77 65 30 2 3 17 88 60 52 70 100 86 59 50 47
19 0 5 0 0 0 0 0 0 0 56 41 56 57 48 70 43 47 49 82 88 55 98 66 41 3 2 27 10 0 3 33 98 52 41 95 70 53 37 69 70 46 80 38 27 98 90 94 86 9 1 67 80 53 31 86 39 15 36 37 9 21 1 3 4 84 78 45 27 29 77 95 35 20 0 0 0 0 2 70 88 9 82 46 0 31 0 45 67 87 92 84 65 67 39 18
32 0 5 0 0 21 23 0 0 22 97 62 82 44 2 0 20 1 19 8 36 39 50 28 26 22 45 16 0 0 0 10 59 77 100 59 93 72 38 65 78 89 84 36 10 61 50 55 79 52 17 11 57 11 15 2 7 14 36 56 56 67 74 76 70 19 17 19 20 25 14 55 97 73 1 13 2 0 0 58 38 21 66 8 0 14 0 7 51 63 84 81 36 52 38 50
2 4 2 0 29 10 6 0 4 89 50 15 79 44 0 0 0 0 0 29 30 93 30 0 24 31 20 1 0 0 0 0 24 59 47 55 95 80 13 16 5 40 97 55 38 44 22 31 47 39 23 0 0 0 9 61 37 23 3 0 0 0 9 20 26 0 1 2 0 14 11 0 31 93 17 60 30 0 0 12 18 70 54 66 0 19 10 0 14 48 51 70 67 69 21 61
1 4 70 46 29 0 0 0 15 80 34 17 92 50 10 5 31 15 0 19 14 25 0 4 35 60 20 4 53 25 0 0 41 32 46 36 42 52 43 42 12 62 96 54 10 19 31 30 48 58 65 16 0 38 77 76 33 69 42 32 6 0 0 0 0 0 30 81 43 62 60 13 0 63 95 84 61 23 0 0 20 64 93 79 11 5 23 17 41 80 47 77 74 73 1 50
0 0 21 32 0 0 50 76 4 13 53 7 34 99 49 46 100 99 25 0 45 29 1 54 59 86 22 24 40 0 0 0 67 51 57 71 17 40 42 75 37 44 39 59 13 13 42 42 57 50 74 42 16 39 64 90 72 96 45 67 42 55 66 64 15 63 23 84 83 33 25 47 7 29 94 94 35 1 0 0 2 77 45 13 24 35 22 5 78 98 77 80 68 53 45 61
15 58 14 16 17 0 9 6 0 0 36 39 13 97 90 100 95 65 49 0 80 51 6 74 38 38 11 29 20 16 12 7 47 26 51 73 64 42 69 82 17 9 47 0 0 25 55 48 31 46 96 34 16 74 57 64 29 61 26 79 48 92 78 96 87 57 89 82 22 36 6 0 6 0 33 94 81 20 2 14 82 87 36 0 0 14 26 8 96 99 37 67 43 0 2 73
39 40 4 12 0 0 0 0 0 0 7 63 73 83 100 100 91 82 45 14 38 9 12 87 97 41 39 32 77 65 70 8 5 16 66 57 70 62 76 88 45 6 60 2 0 28 82 55 64 77 91 13 5 89 67 19 0 16 10 44 20 94 100 89 72 45 59 55 36 28 3 41 40 49 4 29 98 69 48 14 89 71 36 5 0 6 5 54 99 81 18 61 40 0 23 60
25 0 4 0 0 0 22 7 0 0 1 12 30 65 62 51 53 40 22 13 40 32 48 45 100 41 26 25 35 40 87 85 11 15 57 55 65 92 40 90 17 27 41 4 2 42 81 57 40 70 74 1 52 99 61 49 4 22 0 11 5 47 99 78 54 0 0 0 43 78 66 46 36 32 51 21 30 86 86 5 22 39 34 0 0 0 52 89 63 35 1 37 32 0 3 0
0 0 45 45 0 0 20 66 79 31 1 0 23 61 27 58 24 41 0 5 28 62 67 95 46 75 23 61 87 65 40 41 93 19 2 33 13 86 71 13 72 44 78 14 0 25 82 22 17 8 4 51 14 85 59 21 4 23 0 0 1 26 75 97 14 0 0 5 45 81 84 77 33 35 50 48 18 19 92 57 8 14 26 0 0 0 73 37 37 48 0 0 0 0 0 0
6 58 59 0 0 0 71 11 76 78 17 0 1 38 76 16 18 52 4 28 12 44 55 90 38 95 37 95 100 92 68 94 61 0 57 58 47 66 4 0 42 67 22 0 0 58 38 0 0 0 7 11 35 77 38 51 0 0 0 10 59 15 44 75 11 0 10 59 78 53 100 41 33 29 68 62 88 69 22 8 56 9 1 19 17 22 19 97 97 31 0 0 0 0 0 0
76 35 10 0 0 8 35 63 36 39 68 10 0 9 89 7 1 16 10 30 72 56 14 64 55 58 70 100 76 100 52 52 22 22 63 37 55 85 25 1 47 40 2 0 0 3 0 0 2 9 47 12 28 73 23 3 0 0 0 0 0 4 48 29 0 0 0 37 51 82 83 1 0 40 45 52 81 87 71 34 0 0 0 11 55 68 80 70 94 10 0 0 0 0 0 0
27 0 0 0 0 47 66 21 20 29 75 47 22 0 57 20 8 3 0 15 33 27 9 59 64 67 95 82 83 83 72 9 42 8 49 0 20 75 5 0 1 0 0 0 0 0 3 30 58 79 85 20 7 39 86 0 0 0 0 0 0 0 22 7 0 0 0 12 44 69 37 0 38 71 63 38 72 74 96 12 0 0 0 0 7 27 75 75 79 52 39 2 0 37 14 27
0 0 0 0 0 65 62 42 52 40 70 87 27 22 20 1 0 0 0 5 5 22 59 65 31 37 100 49 28 68 22 0 10 38 24 0 19 33 0 0 0 7 35 55 46 57 86 40 56 92 83 69 23 1 67 62 29 0 0 0 0 0 0 0 0 0 0 0 45 73 0 0 0 0 0 70 90 96 45 39 14 0 0 0 0 16 6 67 57 97 88 33 0 11 14 77
0 0 0 0 0 34 26 89 63 51 11 72 87 68 61 13 0 25 7 16 0 1 54 77 35 71 91 56 71 71 11 18 62 61 6 0 37 14 0 34 48 60 24 43 47 48 25 64 82 51 63 35 61 25 26 72 33 0 0 0 0 0 0 0 0 0 0 0 6 14 0 0 0 5 31 55 84 77 51 95 31 24 0 20 0 12 25 47 73 68 56 59 6 0 0 8
0 0 0 0 0 7 0 20 51 82 39 13 33 52 61 74 19 54 83 18 0 0 21 74 60 31 36 18 60 81 51 50 47 66 46 0 0 0 19 83 67 70 79 78 71 85 61 17 0 0 0 0 1 15 27 100 33 0 0 0 0 0 0 0 0 0 0 0 0 0 0 0 0 6 68 29 94 49 39 45 66 50 76 84 61 11 6 0 0 22 88 75 60 0 0 24
0 0 0 0 0 0 0 0 12 69 50 54 31 45 77 53 67 68 29 0 0 0 0 40 43 44 35 50 76 49 30 63 36 70 24 0 0 0 40 22 0 17 84 7 0 4 0 0 0 0 0 16 2 0 49 98 94 64 6 2 35 63 25 0 0 0 0 0 0 0 0 2 31 51 23 59 50 0 0 30 77 70 63 77 71 61 1 17 0 3 45 87 89 17 33 15
0 0 0 0 0 0 30 0 26 83 68 29 45 78 65 32 31 26 0 0 0 15 72 82 59 77 18 12 37 17 9 32 13 0 0 0 0 1 0 0 0 0 33 42 0 0 0 0 0 0 0 64 22 3 30 80 78 84 86 72 77 42 0 0 0 0 0 0 0 0 3 59 52 8 52 69 69 0 0 0 1 18 48 79 34 64 62 21 3 1 22 81 69 49 36 26
34 77 64 52 52 42 16 1 18 32 40 5 63 63 23 0 0 0 32 16 0 75 77 14 39 45 9 57 41 50 3 0 0 2 19 3 57 53 0 0 0 0 2 25 0 0 0 0 0 0 9 29 2 32 77 100 83 56 72 74 94 13 0 0 0 20 0 0 3 7 9 57 80 60 52 29 1 0 0 0 0 0 0 83 44 56 83 70 24 0 1 9 78 49 38 37
32 11 17 0 7 9 0 0 0 0 0 0 10 7 0 7 48 6 33 14 61 89 88 70 53 32 14 32 3 14 19 48 89 57 40 45 78 14 0 0 0 0 0 0 0 0 0 0 0 20 0 0 43 81 97 87 25 73 58 13 71 35 8 0 0 12 0 0 21 33 46 71 15 0 27 0 0 0 0 0 0 7 30 63 48 92 4 86 88 34 0 0 38 80 98 79
47 31 2 0 0 0 0 0 0 0 0 0 0 13 20 55 55 1 26 68 26 17 9 31 37 80 68 17 0 3 0 34 91 64 74 92 64 7 0 0 0 0 0 0 0 0 0 4 45 61 1 20 88 58 75 42 0 0 55 53 48 40 66 40 35 25 0 8 20 20 9 31 0 0 0 0 0 0 0 0 0 40 78 39 50 98 29 62 80 20 0 19 31 79 63 71
16 0 0 0 0 0 2 1 1 0 12 54 81 96 94 51 61 0 19 68 0 0 0 31 30 38 45 89 37 43 23 69 100 97 71 81 42 2 0 0 0 0 0 0 0 0 0 2 67 79 5 77 100 62 75 27 0 0 11 20 34 34 68 61 43 7 0 0 5 0 0 0 0 0 0 0 0 0 0 0 0 36 72 67 68 93 66 56 67 54 1 0 21 72 56 86
0 0 0 17 31 44 67 59 50 58 36 38 27 68 73 27 39 0 18 82 55 9 0 0 0 0 33 54 51 52 75 100 74 68 62 50 17 5 0 0 0 0 0 0 0 0 8 50 21 37 24 100 77 43 40 10 0 0 7 45 43 63 56 13 0 0 0 0 0 0 0 0 0 0 0 0 0 0 0 0 0 3 5 64 60 91 77 88 56 19 0 0 60 40 68 46
0 0 8 71 97 96 33 37 30 65 29 83 49 33 35 57 27 0 3 73 67 61 38 13 18 9 0 17 16 4 45 10 33 93 68 79 66 2 0 0 0 0 0 0 0 0 12 15 45 22 78 99 59 34 31 0 0 0 6 15 33 86 17 0 0 0 0 0 0 0 0 0 0 0 0 0 0 0 0 0 0 0 0 65 89 47 63 70 39 35 0 1 74 87 83 59
42 11 23 76 35 30 64 42 58 78 63 58 36 1 73 53 6 0 37 100 88 87 67 90 62 30 0 0 0 0 10 0 1 21 68 88 22 0 0 0 0 0 0 0 0 17 18 73 42 57 98 57 35 12 0 0 0 0 0 12 19 76 2 14 6 0 0 0 0 0 3 35 39 18 21 9 0 0 0 0 0 0 9 79 77 9 34 61 28 6 27 14 92 69 65 58
89 25 40 27 14 34 78 42 18 6 98 55 10 0 66 50 0 0 65 79 14 23 29 3 0 0 0 0 0 6 48 0 0 0 33 32 0 0 0 0 0 0 0 0 0 3 60 46 31 98 54 13 0 0 0 0 0 0 0 43 35 53 62 91 57 0 0 0 0 9 26 28 24 62 80 33 0 0 0 0 23 20 55 100 41 22 91 66 75 4 28 49 94 41 46 50
38 6 68 55 69 41 36 0 0 0 24 9 26 35 75 74 47 0 37 89 37 9 0 0 0 0 0 0 0 0 6 0 0 0 4 49 33 0 0 0 0 0 0 0 0 0 0 27 83 100 38 0 0 0 0 0 0 1 26 31 24 26 72 58 0 0 0 0 0 0 0 0 0 0 7 1 0 18 75 72 78 43 87 74 11 5 47 55 83 35 15 61 54 67 64 44
47 3 40 82 70 45 7 0 0 0 23 66 51 60 12 23 69 0 0 83 96 79 26 10 0 0 0 0 0 0 0 0 0 0 0 23 37 0 0 0 0 0 0 0 49 45 35 55 56 39 5 0 0 0 0 0 0 21 23 15 33 60 23 0 0 0 0 0 0 0 0 0 0 0 0 0 0 0 10 42 77 84 56 1 0 1 63 97 99 30 2 47 83 94 37 73
49 16 63 64 61 21 0 0 0 15 71 44 86 68 64 66 19 0 0 66 61 59 82 9 0 0 0 0 0 0 0 0 0 0 0 6 0 0 0 0 0 0 10 31 26 30 63 34 87 0 26 0 0 0 0 0 9 51 31 16 0 2 4 0 0 0 0 0 0 0 0 0 0 0 0 0 0 0 2 39 60 47 0 0 0 16 93 100 64 6 1 49 92 65 14 55
41 20 47 48 33 0 0 0 2 46 84 82 24 18 59 84 73 0 0 58 92 55 81 63 17 11 45 0 0 0 0 0 0 0 0 0 0 0 0 0 22 27 13 1 0 33 49 79 52 0 2 0 0 0 0 0 28 17 11 0 0 0 0 0 0 0 0 0 0 0 0 0 0 0 0 0 0 1 34 77 82 70 0 0 0 41 99 99 25 48 72 95 95 84 25 13
5 59 65 32 87 36 0 0 0 0 45 80 1 28 58 34 87 25 0 7 58 70 61 46 28 36 46 15 39 0 0 0 0 0 0 0 0 0 14 45 46 18 0 0 13 67 38 62 5 0 0 0 0 0 0 0 0 0 0 0 0 0 0 0 0 0 0 0 0 0 0 0 0 0 0 0 0 22 68 59 94 44 0 0 1 59 99 60 4 79 100 99 65 0 0 0
5 35 54 12 69 33 0 0 0 16 49 8 0 8 0 0 64 81 27 1 3 30 41 45 62 46 27 7 10 1 0 0 0 0 0 0 0 0 29 1 0 0 0 0 0 47 92 5 0 0 0 0 0 0 0 0 0 0 0 0 0 0 0 0 0 0 0 0 0 0 0 0 0 0 0 0 0 67 67 87 32 0 3 14 51 62 67 24 1 52 100 71 13 0 0 0
2 41 77 73 56 21 0 0 0 3 26 0 0 0 0 12 86 99 34 0 0 8 57 83 81 59 66 41 13 1 17 16 38 8 0 0 0 0 0 0 0 0 0 0 2 72 45 0 0 0 0 0 0 0 0 0 0 0 0 0 0 0 0 0 0 0 5 10 4 0 0 0 5 3 0 0 13 50 83 88 28 20 35 62 59 15 8 0 0 58 100 54 4 4 18 0
80 75 18 2 0 0 0 0 0 0 0 0 0 0 0 43 71 72 55 1 4 42 73 50 94 47 68 68 14 9 49 62 81 69 27 0 0 0 0 0 0 0 0 0 0 5 0 0 0 0 0 0 0 0 0 0 0 0 0 0 0 0 0 0 0 0 90 55 36 61 28 44 92 46 23 15 22 84 78 74 35 72 97 53 24 0 0 0 28 100 74 18 50 53 65 44
74 66 2 0 0 0 0 0 0 0 0 0 0 0 0 0 1 87 72 30 26 87 79 40 40 16 0 0 0 3 74 11 6 0 0 0 0 0 0 0 0 0 0 0 0 0 0 0 0 0 0 0 0 0 0 0 0 0 0 0 0 0 0 0 31 49 98 70 42 6 30 29 97 80 71 63 54 97 69 79 84 64 27 2 11 38 52 90 61 91 72 54 68 45 45 55
100 83 11 0 0 0 0 0 0 0 0 0 0 0 0 0 6 61 70 51 40 59 55 33 17 0 0 0 0 21 40 0 0 0 0 0 0 0 0 0 0 0 0 0 0 0 0 0 0 0 0 0 0 0 0 0 0 0 0 0 0 0 0 0 6 78 30 55 67 6 46 79 45 15 67 54 50 64 60 47 3 0 0 23 59 99 100 62 72 63 83 91 100 88 82 95
55 18 8 20 26 0 0 0 0 0 0 0 0 0 0 0 0 13 71 79 24 73 0 0 0 0 0 0 3 91 33 0 0 0 0 0 0 0 0 0 0 0 0 0 0 0 0 0 0 0 0 0 0 0 0 17 52 1 0 0 33 0 0 2 9 76 62 55 64 76 99 96 75 44 51 75 80 49 43 79 44 41 66 95 100 100 81 56 38 82 90 62 48 75 92 88
87 30 43 56 60 1 0 0 0 0 0 0 0 0 0 0 0 1 61 97 14 93 42 0 0 0 0 0 0 52 13 0 0 0 0 0 0 0 0 0 0 0 0 0 0 0 0 0 0 0 0 0 0 3 12 27 80 20 0 5 74 4 19 65 49 50 56 47 97 100 93 83 74 77 80 100 63 20 40 100 94 80 73 65 92 63 42 52 29 82 86 69 71 40 59 75
36 2 9 14 74 6 0 0 0 0 0 0 0 0 0 2 47 44 85 97 52 62 99 51 3 0 0 0 0 0 0 0 0 0 0 0 0 0 0 0 0 0 0 0 0 0 0 0 0 0 0 0 0 25 43 65 53 65 0 24 100 40 88 89 41 6 11 64 91 96 83 94 91 74 99 100 85 44 17 98 90 81 66 18 20 0 31 55 64 43 46 16 54 51 98 69
37 59 57 68 17 55 45 8 0 0 0 0 0 0 0 0 0 29 45 32 65 88 23 73 91 3 0 0 0 0 0 0 0 0 0 0 0 0 0 0 0 0 0 0 0 0 0 0 0 0 0 0 0 4 42 79 29 59 38 69 100 49 66 99 39 2 63 51 67 77 96 88 57 62 62 83 96 62 74 68 34 38 29 7 0 0 15 92 51 32 33 0 0 7 34 8
17 13 19 30 55 69 61 22 4 0 0 0 0 0 0 0 0 0 0 0 1 87 73 46 97 21 0 0 0 0 0 0 0 0 0 0 0 0 0 0 0 0 0 0 0 0 0 0 0 0 0 4 27 8 3 35 31 42 41 82 61 61 68 69 54 78 28 23 33 19 46 59 52 51 43 93 82 68 83 69 96 95 30 41 43 1 0 0 46 34 42 11 0 0 0 0
0 0 0 0 0 10 52 7 5 0 0 0 0 0 0 0 0 0 0 0 0 33 87 28 99 35 0 0 0 0 10 13 5 0 0 0 0 0 0 0 0 0 0 0 0 0 0 0 0 0 0 12 61 30 0 27 24 23 64 81 59 43 55 34 28 30 15 68 76 80 60 61 37 54 80 97 96 64 98 88 100 99 34 59 94 12 0 18 88 53 19 44 0 0 0 0
0 0 0 0 0 0 0 0 0 0 0 0 0 0 0 0 0 0 0 0 1 48 86 33 93 83 32 0 0 22 81 56 3 0 0 0 0 0 0 0 0 0 0 0 0 0 0 0 0 6 32 16 65 15 41 61 37 30 53 47 53 44 25 17 39 15 15 76 46 62 92 78 69 13 75 99 100 87 83 96 72 72 71 86 91 55 0 1 29 65 73 42 0 0 0 0
0 0 0 0 0 0 0 0 0 0 0 0 0 0 0 0 0 0 0 15 48 91 94 56 44 85 63 39 71 39 53 9 0 0 0 0 0 0 0 0 0 0 0 0 0 0 7 17 24 45 70 79 52 9 56 80 61 60 70 53 53 64 89 46 26 16 79 43 38 30 27 58 72 0 56 80 100 62 70 96 61 56 14 63 78 61 13 0 0 21 32 19 17 0 0 0
0 0 0 0 0 0 0 0 0 0 0 0 0 0 0 0 0 0 2 57 84 81 50 81 55 65 80 75 61 11 0 0 0 0 0 0 0 0 0 0 29 0 0 0 7 39 71 84 83 32 53 10 38 49 66 66 93 46 14 5 49 42 34 25 49 55 25 83 81 10 0 0 4 0 8 87 100 70 64 37 73 69 1 82 96 71 31 0 0 26 12 44 39 0 0 0
0 0 0 0 0 0 0 0 0 0 0 0 0 0 0 0 0 0 0 53 52 82 89 41 0 11 74 76 0 0 0 0 0 0 0 0 0 0 0 0 42 4 6 45 66 79 77 12 7 8 50 76 64 56 41 24 4 1 7 0 0 0 13 53 97 91 50 61 69 31 0 0 0 29 47 100 99 35 29 28 34 41 10 37 77 93 39 0 0 45 30 85 20 0 0 0
0 3 0 0 0 0 0 0 0 0 0 38 18 0 0 0 0 0 2 21 39 96 37 2 0 1 26 28 0 0 0 0 0 0 0 0 0 0 0 11 72 64 96 73 31 13 7 56 60 69 100 79 87 19 66 42 64 1 0 0 0 0 16 21 64 80 31 80 57 14 0 0 0 76 90 93 50 0 16 16 61 31 27 17 99 78 33 1 0 25 25 59 49 0 0 0
43 84 10 0 0 0 0 0 0 0 0 0 8 0 0 0 0 0 49 76 59 57 0 0 0 0 0 0 0 0 0 0 0 0 0 0 0 0 3 66 100 88 28 7 2 35 83 76 73 85 87 91 64 67 97 74 39 0 0 8 6 0 0 15 88 29 78 39 9 0 0 0 24 84 92 50 0 0 37 7 25 11 36 9 83 47 58 3 0 0 28 30 68 0 0 0
26 33 48 5 0 0 0 0 0 0 0 0 0 22 13 8 32 7 93 33 73 12 0 0 0 0 0 0 0 0 0 0 0 0 0 0 0 62 94 99 69 62 58 45 29 93 88 34 81 78 47 2 0 92 31 14 30 0 0 10 8 0 3 45 43 57 57 82 0 0 0 0 26 48 98 46 0 1 38 44 22 15 38 2 64 98 76 35 42 20 47 64 45 0 0 0
