data/habitatmaps/RS_maps/habitat_Regulus.regulus_2007.asc
NCOLS 369 
NROWS 228 
XLLCORNER 479000 
YLLCORNER 73000 
CELLSIZE 1000 
NODATA_value -9 
[rows 63 to 125 of 228, columns 0 to 95 of 369]
-9 -9 -9 -9 -9 -9 -9 -9 -9 -9 -9 -9 -9 -9 -9 -9 -9 -9 -9 -9 -9 -9 -9 -9 -9 -9 -9 -9 -9 -9 -9 -9 -9 -9 -9 -9 -9 -9 -9 -9 -9 -9 -9 -9 -9 -9 -9 -9 -9 -9 -9 -9 -9 -9 -9 -9 -9 -9 -9 -9 -9 -9 -9 -9 -9 -9 -9 -9 -9 0 0 0 0 1 45 35 34 44 7 44 34 46 65 54 61 75 64 65 85 28 24 12 4 10 28 13
-9 -9 -9 -9 -9 -9 -9 -9 -9 -9 -9 -9 -9 -9 -9 -9 -9 -9 -9 -9 -9 -9 -9 -9 -9 -9 -9 -9 -9 -9 -9 -9 -9 -9 -9 -9 -9 -9 -9 -9 -9 -9 -9 -9 -9 -9 -9 -9 -9 -9 -9 -9 -9 -9 -9 -9 -9 -9 -9 -9 -9 -9 -9 -9 -9 -9 -9 -9 -9 0 0 0 0 23 30 29 25 2 21 76 26 33 82 61 55 59 68 70 60 26 27 10 10 71 72 38
-9 -9 -9 -9 -9 -9 -9 -9 -9 -9 -9 -9 -9 -9 -9 -9 -9 -9 -9 -9 -9 -9 -9 -9 -9 -9 -9 -9 -9 -9 -9 -9 -9 -9 -9 -9 -9 -9 -9 -9 -9 -9 -9 -9 -9 -9 -9 -9 -9 -9 -9 -9 -9 -9 -9 -9 -9 -9 -9 -9 -9 -9 -9 -9 -9 -9 -9 -9 -9 0 0 8 33 23 39 63 39 0 0 5 26 48 50 30 28 2 21 76 37 16 32 45 27 50 36 25
-9 -9 -9 -9 -9 -9 -9 -9 -9 -9 -9 -9 -9 -9 -9 -9 -9 -9 -9 -9 -9 -9 -9 -9 -9 -9 -9 -9 -9 -9 -9 -9 -9 -9 -9 -9 -9 -9 -9 -9 -9 -9 -9 -9 -9 -9 -9 -9 -9 -9 -9 -9 -9 -9 -9 -9 -9 -9 -9 -9 -9 -9 -9 -9 -9 -9 -9 -9 16 48 30 27 70 80 52 34 13 2 0 0 45 48 33 2 49 47 40 8 0 2 20 27 7 24 29 37
-9 -9 -9 -9 -9 -9 -9 -9 -9 -9 -9 -9 -9 -9 -9 -9 -9 -9 -9 -9 -9 -9 -9 -9 -9 -9 -9 -9 -9 -9 -9 -9 -9 -9 -9 -9 -9 -9 -9 -9 -9 -9 -9 -9 -9 -9 -9 -9 -9 -9 -9 -9 -9 -9 -9 -9 -9 -9 -9 -9 -9 -9 -9 -9 -9 -9 -9 81 58 6 35 32 13 60 30 18 11 0 0 6 73 10 29 57 53 74 15 0 25 64 29 18 64 19 34 33
-9 -9 -9 -9 -9 -9 -9 -9 -9 -9 -9 -9 -9 -9 -9 -9 -9 -9 -9 -9 -9 -9 -9 -9 -9 -9 -9 -9 -9 -9 -9 -9 -9 -9 -9 -9 -9 -9 -9 -9 -9 -9 -9 -9 -9 -9 -9 -9 -9 -9 -9 -9 -9 -9 -9 -9 -9 -9 -9 -9 -9 -9 -9 -9 -9 -9 39 16 11 40 63 11 15 5 4 28 0 0 0 41 92 14 35 26 92 80 46 21 38 16 31 38 67 29 42 68
-9 -9 -9 -9 -9 -9 -9 -9 -9 -9 -9 -9 -9 -9 -9 -9 -9 -9 -9 -9 -9 -9 -9 -9 -9 -9 -9 -9 -9 -9 -9 -9 -9 -9 -9 -9 -9 -9 -9 -9 -9 -9 -9 -9 -9 -9 -9 -9 -9 -9 -9 -9 -9 -9 -9 -9 -9 -9 -9 -9 -9 -9 -9 -9 -9 -9 23 27 53 44 53 9 12 30 10 12 1 6 40 56 72 52 49 87 69 17 28 36 18 39 30 100 47 2 44 38
-9 -9 -9 -9 -9 -9 -9 -9 -9 -9 -9 -9 -9 -9 -9 -9 -9 -9 -9 -9 -9 -9 -9 -9 -9 -9 -9 -9 -9 -9 -9 -9 -9 -9 -9 -9 -9 -9 -9 -9 -9 -9 -9 -9 -9 -9 -9 -9 -9 -9 -9 -9 -9 -9 -9 -9 -9 -9 -9 -9 -9 -9 -9 -9 67 78 60 77 52 11 56 38 14 13 6 48 7 27 36 29 74 49 91 68 4 0 28 56 26 6 19 40 0 3 30 34
-9 -9 -9 -9 -9 -9 -9 -9 -9 -9 -9 -9 -9 -9 -9 -9 -9 -9 -9 -9 -9 -9 -9 -9 -9 -9 -9 -9 -9 -9 -9 -9 -9 -9 -9 -9 -9 -9 -9 -9 -9 -9 -9 -9 -9 -9 -9 -9 -9 -9 -9 -9 -9 -9 -9 -9 -9 -9 -9 -9 -9 -9 -9 61 89 75 44 24 54 51 19 19 0 16 0 0 25 2 1 31 19 81 25 14 2 31 44 41 8 1 36 40 6 31 17 28
-9 -9 -9 -9 -9 -9 -9 -9 -9 -9 -9 -9 -9 -9 -9 -9 -9 -9 -9 -9 -9 -9 -9 -9 -9 -9 -9 -9 -9 -9 -9 -9 -9 -9 -9 -9 -9 -9 -9 -9 -9 -9 -9 -9 -9 -9 -9 -9 -9 -9 -9 -9 -9 -9 -9 -9 -9 -9 -9 -9 -9 94 66 59 73 43 36 53 60 30 39 63 8 0 0 0 20 40 9 16 80 6 51 50 19 9 6 24 26 0 0 12 41 52 48 22
-9 -9 -9 -9 -9 -9 -9 -9 -9 -9 -9 -9 -9 -9 -9 -9 -9 -9 -9 -9 -9 -9 -9 -9 -9 -9 -9 -9 -9 -9 -9 -9 -9 -9 -9 -9 -9 -9 -9 -9 -9 -9 -9 -9 -9 -9 -9 -9 -9 -9 -9 -9 -9 -9 -9 -9 -9 -9 -9 -9 43 19 52 58 30 3 32 43 1 39 26 84 0 9 56 44 21 38 28 91 47 0 3 11 28 40 51 98 58 0 0 14 33 38 10 42
-9 -9 -9 -9 -9 -9 -9 -9 -9 -9 -9 -9 -9 -9 -9 -9 -9 -9 -9 -9 -9 -9 -9 -9 -9 -9 -9 -9 -9 -9 -9 -9 -9 -9 -9 -9 -9 -9 -9 -9 -9 -9 -9 -9 -9 -9 -9 -9 -9 -9 -9 -9 -9 -9 -9 -9 -9 -9 -9 46 44 14 40 41 5 0 6 0 58 16 27 45 0 4 30 26 35 39 74 27 4 13 28 22 13 86 45 53 15 0 14 62 68 36 26 3
-9 -9 -9 -9 -9 -9 -9 -9 -9 -9 -9 -9 -9 -9 -9 -9 -9 -9 -9 -9 -9 -9 -9 -9 -9 -9 -9 -9 -9 -9 -9 -9 -9 -9 -9 -9 -9 -9 -9 -9 -9 -9 -9 -9 -9 -9 -9 -9 -9 -9 -9 -9 -9 -9 -9 -9 -9 -9 65 75 60 13 0 14 71 38 67 30 29 22 32 25 22 11 38 43 25 54 67 5 0 21 2 0 10 38 50 39 0 25 54 63 26 0 0 31
-9 -9 -9 -9 -9 -9 -9 -9 -9 -9 -9 -9 -9 -9 -9 -9 -9 -9 -9 -9 -9 -9 -9 -9 -9 -9 -9 -9 -9 -9 -9 -9 -9 -9 -9 -9 -9 -9 -9 -9 -9 -9 -9 -9 -9 -9 -9 -9 -9 -9 -9 -9 -9 -9 -9 -9 -9 70 10 15 4 2 19 61 68 63 9 0 1 8 50 13 33 25 39 62 84 76 42 0 1 42 0 18 30 50 25 58 76 89 28 0 7 36 82 65
-9 -9 -9 -9 -9 -9 -9 -9 -9 -9 -9 -9 -9 -9 -9 -9 -9 -9 -9 -9 -9 -9 -9 -9 -9 -9 -9 -9 -9 -9 -9 -9 -9 -9 -9 -9 -9 -9 -9 -9 -9 -9 -9 -9 -9 -9 -9 -9 -9 -9 -9 -9 -9 -9 -9 -9 14 87 20 0 19 51 66 12 41 28 1 0 10 67 45 51 51 25 18 75 40 96 66 5 49 24 28 31 31 17 12 77 33 29 46 68 74 46 36 43
-9 -9 -9 -9 -9 -9 -9 -9 -9 -9 -9 -9 -9 -9 -9 -9 -9 -9 -9 -9 -9 -9 -9 -9 -9 -9 -9 -9 -9 -9 -9 -9 -9 -9 -9 -9 -9 -9 -9 -9 -9 -9 -9 -9 -9 -9 -9 -9 -9 -9 -9 -9 -9 -9 -9 -9 23 77 25 9 45 52 15 54 24 0 0 0 55 50 13 38 32 5 13 56 60 48 88 24 47 26 15 14 6 29 16 1 11 54 66 55 30 34 70 31
-9 -9 -9 -9 -9 -9 -9 -9 -9 -9 -9 -9 -9 -9 -9 -9 -9 -9 -9 -9 -9 -9 -9 -9 -9 -9 -9 -9 -9 -9 -9 -9 -9 -9 -9 -9 -9 -9 -9 -9 -9 -9 -9 -9 -9 -9 -9 -9 -9 -9 -9 -9 -9 -9 -9 5 30 45 19 33 33 32 32 41 7 0 2 22 14 22 29 5 0 38 47 79 16 11 70 1 7 0 22 37 38 33 63 61 70 100 54 6 26 38 65 96
-9 -9 -9 -9 -9 -9 -9 -9 -9 -9 -9 -9 -9 -9 -9 -9 -9 -9 -9 -9 -9 -9 -9 -9 -9 -9 -9 -9 -9 -9 -9 -9 -9 -9 -9 -9 -9 -9 -9 -9 -9 -9 -9 -9 -9 -9 -9 -9 -9 -9 -9 -9 -9 -9 21 73 39 40 42 48 41 87 29 0 66 35 35 51 39 59 28 10 33 57 58 6 4 31 68 0 10 17 29 10 42 69 39 15 49 60 55 9 20 89 100 91
-9 -9 -9 -9 -9 -9 -9 -9 -9 -9 -9 -9 -9 -9 -9 -9 -9 -9 -9 -9 -9 -9 -9 -9 -9 -9 -9 -9 -9 -9 -9 -9 -9 -9 -9 -9 -9 -9 -9 -9 -9 -9 -9 -9 -9 -9 -9 -9 -9 -9 -9 -9 -9 -9 67 63 19 6 26 0 56 36 1 11 38 20 20 24 34 62 68 92 98 61 15 1 41 34 21 2 22 11 38 32 16 26 65 45 53 26 4 45 94 91 56 64
-9 -9 -9 -9 -9 -9 -9 -9 -9 -9 -9 -9 -9 -9 -9 -9 -9 -9 -9 -9 -9 -9 -9 -9 -9 -9 -9 -9 -9 -9 -9 -9 -9 -9 -9 -9 -9 -9 -9 -9 -9 -9 -9 -9 -9 -9 -9 -9 -9 -9 -9 -9 -9 33 0 0 18 63 29 9 44 11 7 37 27 12 20 53 89 66 67 46 59 26 0 7 9 0 0 10 26 38 46 18 9 17 30 52 63 34 93 98 56 16 45 67
-9 -9 -9 -9 -9 -9 -9 -9 -9 -9 -9 -9 -9 -9 -9 -9 -9 -9 -9 -9 -9 -9 -9 -9 -9 -9 -9 -9 -9 -9 -9 -9 -9 -9 -9 -9 -9 -9 -9 -9 -9 -9 -9 -9 -9 -9 -9 -9 -9 -9 -9 -9 89 21 67 51 25 34 15 1 11 0 7 32 45 46 11 88 59 52 31 13 43 19 0 12 9 4 16 34 14 12 22 10 38 60 82 98 78 98 54 19 0 0 0 2
-9 -9 -9 -9 -9 -9 -9 -9 -9 -9 -9 -9 -9 -9 -9 -9 -9 -9 -9 -9 -9 -9 -9 -9 -9 -9 -9 -9 -9 -9 -9 -9 -9 -9 -9 -9 -9 -9 -9 -9 -9 -9 -9 -9 -9 -9 -9 -9 -9 -9 -9 38 1 52 28 3 29 41 34 0 0 24 74 45 17 4 38 87 66 35 51 47 22 1 0 0 6 32 16 33 27 35 72 46 23 8 43 48 60 42 0 0 0 0 0 0
-9 -9 -9 -9 -9 -9 -9 -9 -9 -9 -9 -9 -9 -9 -9 -9 -9 -9 -9 -9 -9 -9 -9 -9 -9 -9 -9 -9 -9 -9 -9 -9 -9 -9 -9 -9 -9 -9 -9 -9 -9 -9 -9 -9 -9 -9 -9 -9 55 74 33 62 60 62 25 43 7 1 38 22 0 33 57 50 42 47 72 71 72 69 37 36 24 0 1 28 0 20 41 35 58 72 64 21 48 51 74 40 42 56 23 33 18 0 0 10
-9 -9 -9 -9 -9 -9 -9 -9 -9 -9 -9 -9 -9 -9 -9 -9 -9 -9 -9 -9 -9 -9 -9 -9 -9 -9 -9 -9 -9 -9 -9 -9 -9 -9 -9 -9 -9 -9 -9 -9 -9 -9 -9 -9 0 11 0 59 65 55 65 69 56 33 9 54 1 4 66 13 13 46 30 45 26 55 79 24 16 2 55 23 0 1 3 0 0 36 65 25 18 52 47 57 82 82 52 81 61 74 47 84 3 13 41 85
-9 -9 -9 -9 -9 -9 -9 -9 -9 -9 -9 -9 -9 -9 -9 -9 -9 -9 -9 -9 -9 -9 -9 -9 -9 -9 -9 -9 -9 -9 -9 -9 -9 -9 -9 -9 -9 -9 -9 -9 -9 -9 -9 49 16 55 38 57 40 95 78 72 42 1 17 42 18 39 27 0 24 38 28 4 0 29 54 13 41 23 33 0 0 23 3 6 24 51 38 50 64 73 47 21 6 3 47 100 86 17 71 52 61 74 87 73
-9 -9 -9 -9 -9 -9 -9 -9 -9 -9 -9 -9 -9 -9 -9 -9 -9 -9 -9 -9 -9 -9 -9 -9 -9 -9 -9 -9 -9 -9 -9 -9 -9 -9 -9 -9 -9 -9 -9 -9 -9 11 11 26 59 62 54 8 31 53 38 79 45 1 36 9 27 12 0 3 67 43 15 4 25 55 37 52 27 6 6 20 4 15 44 32 71 28 14 38 85 0 0 0 0 2 65 82 55 41 95 27 1 25 20 0
-9 -9 -9 -9 -9 -9 -9 -9 -9 -9 -9 -9 -9 -9 -9 -9 -9 -9 -9 -9 -9 -9 -9 -9 -9 -9 -9 -9 -9 -9 -9 -9 -9 -9 -9 -9 -9 -9 -9 -9 0 0 4 35 66 27 0 0 29 0 18 60 25 20 27 43 69 0 0 37 75 59 48 80 53 49 67 20 0 31 53 50 2 50 39 55 20 34 58 59 13 0 0 0 1 55 50 83 74 58 39 0 0 0 0 0
-9 -9 -9 -9 -9 -9 -9 -9 -9 -9 -9 -9 -9 -9 -9 -9 -9 -9 -9 -9 -9 -9 -9 -9 -9 -9 -9 -9 -9 -9 -9 -9 -9 -9 -9 -9 -9 -9 -9 13 14 43 78 71 33 16 66 49 0 0 35 46 4 31 34 57 5 0 5 49 69 85 55 36 46 48 36 8 5 3 38 35 56 17 52 59 29 74 5 0 0 0 0 7 68 87 67 16 39 33 0 0 0 3 24 0
-9 -9 -9 -9 -9 -9 -9 -9 -9 -9 -9 -9 -9 -9 -9 -9 -9 -9 -9 -9 -9 -9 -9 -9 -9 -9 -9 -9 -9 -9 -9 -9 -9 -9 -9 -9 -9 -9 48 65 80 18 46 20 39 20 37 1 0 0 4 21 33 76 66 0 3 52 80 20 32 61 52 68 70 50 36 19 26 36 24 76 13 17 94 17 52 71 14 0 0 0 13 85 77 62 5 0 7 0 0 0 1 74 38 0
-9 -9 -9 -9 -9 -9 -9 -9 -9 -9 -9 -9 -9 -9 -9 -9 -9 -9 -9 -9 -9 -9 -9 -9 -9 -9 -9 -9 -9 -9 -9 -9 -9 -9 -9 -9 -9 67 43 38 49 28 49 31 11 0 3 38 10 48 40 56 67 59 6 4 58 80 32 41 46 59 43 17 43 54 43 19 36 48 56 10 3 53 16 35 69 40 0 0 0 29 91 81 67 43 28 0 0 0 18 13 55 39 13 0
-9 -9 -9 -9 -9 -9 -9 -9 -9 -9 -9 -9 -9 -9 -9 -9 -9 -9 -9 -9 -9 -9 -9 -9 -9 -9 -9 -9 -9 -9 -9 -9 -9 -9 -9 -9 31 79 5 0 0 21 19 14 40 68 37 50 35 73 25 85 28 36 51 41 48 43 59 47 44 7 14 36 57 24 4 56 4 45 26 9 54 18 47 100 36 1 15 10 22 100 100 100 80 43 1 0 0 0 0 8 57 51 33 28
-9 -9 -9 -9 -9 -9 -9 -9 -9 -9 -9 -9 -9 -9 -9 -9 -9 -9 -9 -9 -9 -9 -9 -9 -9 -9 -9 -9 -9 -9 -9 -9 -9 -9 -9 45 66 51 0 0 0 0 45 59 79 17 3 5 36 9 28 63 22 57 69 75 57 88 94 54 18 17 21 3 30 91 88 77 41 5 10 62 21 23 94 45 0 0 8 9 49 75 100 91 30 0 0 16 25 1 66 13 0 2 1 0
-9 -9 -9 -9 -9 -9 -9 -9 -9 -9 -9 -9 -9 -9 -9 -9 -9 -9 -9 -9 -9 -9 -9 -9 -9 -9 -9 -9 -9 -9 -9 -9 -9 -9 -9 69 71 0 0 0 0 52 65 31 58 4 1 0 10 52 87 65 53 34 46 88 84 65 57 50 18 0 46 91 82 64 23 26 0 5 52 17 40 68 51 58 11 22 67 93 95 21 15 3 0 0 0 0 3 0 23 58 0 0 0 0
-9 -9 -9 -9 -9 -9 -9 -9 -9 -9 -9 -9 -9 -9 -9 -9 -9 -9 -9 -9 -9 -9 -9 -9 -9 -9 -9 -9 -9 -9 -9 -9 -9 -9 65 87 36 0 0 10 50 51 34 61 24 13 28 55 29 2 56 82 67 53 35 84 77 43 31 3 19 25 21 74 36 10 1 0 4 34 6 33 100 80 60 51 29 66 77 86 83 21 0 0 0 0 0 0 0 0 0 41 1 0 8 6
-9 -9 -9 -9 -9 -9 -9 -9 -9 -9 -9 -9 -9 -9 -9 -9 -9 -9 -9 -9 -9 -9 -9 -9 -9 -9 -9 -9 -9 -9 -9 -9 -9 60 92 23 3 0 6 20 34 9 51 32 0 6 91 70 32 46 61 65 60 68 39 16 2 10 22 40 31 49 59 52 5 25 42 0 16 0 0 26 81 43 87 44 41 7 10 0 0 0 0 0 0 0 0 0 0 0 0 20 0 0 47 14
-9 -9 -9 -9 -9 -9 -9 -9 -9 -9 -9 -9 -9 -9 -9 -9 -9 -9 -9 -9 -9 -9 -9 -9 -9 -9 -9 -9 -9 -9 -9 -9 -9 90 25 0 0 25 24 55 20 0 11 0 18 30 68 69 73 79 62 64 50 0 0 6 38 44 32 33 50 82 63 33 32 50 7 0 31 39 55 38 25 46 100 70 40 0 1 0 0 0 0 0 0 0 0 0 0 0 31 35 0 0 11 4
-9 -9 -9 -9 -9 -9 -9 -9 -9 -9 -9 -9 -9 -9 -9 -9 -9 -9 -9 -9 -9 -9 -9 -9 -9 -9 -9 -9 -9 -9 -9 -9 -9 7 0 2 72 15 0 24 0 0 4 46 80 30 46 52 55 75 94 77 28 35 48 67 90 29 70 41 62 30 3 1 38 58 46 43 76 32 1 25 67 81 50 11 1 5 0 0 0 0 0 0 0 0 0 0 0 9 11 0 15 40 38 38
-9 -9 -9 -9 -9 -9 -9 -9 -9 -9 -9 -9 -9 -9 -9 -9 -9 -9 -9 -9 -9 -9 -9 -9 -9 -9 -9 -9 -9 -9 -9 -9 -9 33 8 79 51 24 0 0 0 8 77 54 42 4 73 59 91 100 94 21 4 81 36 85 60 31 70 55 49 25 61 73 53 38 36 46 30 61 87 100 100 59 14 0 0 5 0 0 0 0 0 0 0 0 0 7 18 0 2 18 7 14 0 7
-9 -9 -9 -9 -9 -9 -9 -9 -9 -9 -9 -9 -9 -9 -9 -9 -9 -9 -9 -9 -9 -9 -9 -9 -9 -9 -9 -9 -9 -9 -9 -9 23 16 85 41 0 0 0 3 19 92 22 16 0 33 69 54 93 87 12 26 69 99 93 76 41 12 45 60 37 59 2 14 28 73 98 95 99 96 100 100 100 41 0 0 0 17 0 0 0 0 0 0 0 0 12 32 1 9 1 1 0 0 0 0
-9 -9 -9 -9 -9 -9 -9 -9 -9 -9 -9 -9 -9 -9 -9 -9 -9 -9 -9 -9 -9 -9 -9 -9 -9 -9 -9 -9 -9 -9 -9 -9 61 96 63 4 0 0 1 63 97 81 27 8 35 62 19 79 44 47 75 75 69 45 22 10 36 49 61 73 52 9 0 40 65 77 65 28 78 79 100 100 78 5 0 0 27 7 0 0 0 0 0 0 0 22 50 65 57 61 19 14 0 0 0 0
-9 -9 -9 -9 -9 -9 -9 -9 -9 -9 -9 -9 -9 -9 -9 -9 -9 -9 -9 -9 -9 -9 -9 -9 -9 -9 -9 -9 -9 -9 -9 -9 36 55 1 0 0 0 26 30 67 60 55 91 96 66 44 89 85 100 94 86 81 20 20 8 55 64 0 2 6 54 58 89 41 54 3 16 57 100 100 98 28 0 0 0 0 0 0 0 0 0 0 0 13 6 51 60 20 0 3 1 0 0 0 0
-9 -9 -9 -9 -9 -9 -9 -9 -9 -9 -9 -9 -9 -9 -9 -9 -9 -9 -9 -9 -9 -9 -9 -9 -9 -9 -9 -9 -9 -9 -9 -9 0 0 0 0 0 0 22 55 61 70 74 100 82 50 44 93 67 31 5 13 11 58 60 51 22 0 2 51 57 6 47 54 33 39 31 92 87 43 54 53 36 0 0 0 0 0 0 0 0 0 0 14 21 9 1 20 12 5 0 0 0 0 0 0
-9 -9 -9 -9 -9 -9 -9 -9 -9 -9 -9 -9 -9 -9 -9 -9 -9 -9 -9 -9 -9 -9 -9 -9 -9 -9 -9 -9 -9 -9 -9 -9 0 0 0 0 0 0 0 8 70 55 58 88 69 49 54 13 0 0 0 0 45 69 71 14 0 4 72 58 27 41 66 33 20 28 88 42 37 8 0 1 1 0 0 0 0 0 0 0 0 0 32 6 0 5 4 2 0 14 28 0 2 0 0 0
-9 -9 -9 -9 -9 -9 -9 -9 -9 -9 -9 -9 -9 -9 -9 -9 -9 -9 -9 -9 -9 -9 -9 -9 -9 -9 -9 -9 -9 -9 -9 -9 -9 0 0 0 0 7 9 13 56 28 6 30 36 4 0 21 50 57 53 64 64 57 16 28 45 88 98 21 26 61 39 58 64 80 30 0 0 0 0 0 0 0 0 0 0 0 0 0 0 2 3 0 0 11 7 0 0 0 8 19 35 18 3 24
-9 -9 -9 -9 -9 -9 -9 -9 -9 -9 -9 -9 -9 -9 -9 -9 -9 -9 -9 -9 -9 -9 -9 -9 -9 -9 -9 -9 -9 -9 -9 -9 -9 0 0 1 31 78 68 65 38 1 10 47 15 32 58 27 17 16 16 14 75 50 69 81 79 100 94 65 33 65 54 29 69 47 5 0 0 0 0 0 0 0 0 0 0 0 0 2 30 57 16 0 0 0 0 0 0 0 0 1 13 22 76 29
-9 -9 -9 -9 -9 -9 -9 -9 -9 -9 -9 -9 -9 -9 -9 -9 -9 -9 -9 -9 -9 -9 -9 -9 -9 -9 -9 -9 -9 -9 -9 -9 -9 60 18 54 55 49 82 40 46 0 2 25 51 37 70 66 54 50 35 76 60 67 50 39 92 99 94 50 23 41 26 58 100 98 20 33 9 0 0 0 0 0 0 0 0 0 13 27 2 17 10 17 0 0 0 0 0 0 0 0 0 5 74 17
-9 -9 -9 -9 -9 -9 -9 -9 -9 -9 -9 -9 -9 -9 -9 -9 -9 -9 -9 -9 -9 -9 -9 -9 -9 -9 -9 -9 -9 -9 -9 -9 -9 100 99 89 66 81 75 27 2 4 40 73 50 14 65 41 61 32 44 99 77 30 28 78 100 78 89 69 68 60 65 28 75 87 18 27 0 0 0 0 0 0 0 0 0 7 29 10 23 28 0 0 0 0 0 0 0 0 6 24 41 51 53 8
-9 -9 -9 -9 -9 -9 -9 -9 -9 -9 -9 -9 -9 -9 -9 -9 -9 -9 -9 -9 -9 -9 -9 -9 -9 -9 -9 -9 -9 -9 -9 -9 -9 100 78 48 58 47 52 38 46 74 80 63 67 54 44 29 7 47 100 94 46 25 21 43 17 97 70 24 67 35 96 79 44 14 63 42 0 0 0 0 0 0 0 0 8 39 1 64 0 0 0 0 0 0 0 0 0 2 54 15 54 12 5 0
-9 -9 -9 -9 -9 -9 -9 -9 -9 -9 -9 -9 -9 -9 -9 -9 -9 -9 -9 -9 -9 -9 -9 -9 -9 -9 -9 -9 -9 -9 -9 -9 -9 39 0 7 2 51 62 63 65 33 49 68 59 24 22 24 44 68 100 91 39 25 54 27 47 50 57 21 21 32 71 51 6 0 0 0 0 0 0 0 0 0 0 2 22 0 0 26 1 0 0 0 0 0 0 10 27 23 31 20 0 18 0 31
-9 -9 -9 -9 -9 -9 -9 -9 -9 -9 -9 -9 -9 -9 -9 -9 -9 -9 -9 -9 -9 -9 -9 -9 -9 -9 -9 -9 -9 -9 -9 -9 3 9 79 79 46 25 60 56 0 0 1 9 63 84 31 57 58 98 87 49 51 84 32 59 85 56 0 0 0 0 1 0 0 0 0 0 0 0 0 0 0 0 0 2 0 0 0 13 0 0 0 0 0 0 0 10 33 55 17 34 12 11 31 61
-9 -9 -9 -9 -9 -9 -9 -9 -9 -9 -9 -9 -9 -9 -9 -9 -9 -9 -9 -9 -9 -9 -9 -9 -9 -9 -9 -9 -9 -9 -9 -9 0 69 36 33 15 20 91 52 1 0 0 1 47 72 46 27 81 67 44 58 89 23 65 69 11 0 0 0 0 0 0 2 2 0 0 0 0 0 0 0 7 21 2 0 0 0 13 26 0 0 0 0 0 0 17 28 53 59 27 3 9 27 63 17
-9 -9 -9 -9 -9 -9 -9 -9 -9 -9 -9 -9 -9 -9 -9 -9 -9 -9 -9 -9 -9 -9 -9 -9 -9 -9 -9 -9 -9 -9 -9 -9 12 34 81 0 0 26 47 100 83 31 37 37 66 59 20 0 20 48 77 97 77 12 13 3 27 58 28 3 0 0 0 4 2 0 0 0 0 0 0 13 27 29 5 0 0 0 0 0 0 0 0 0 0 0 0 0 5 56 20 3 11 31 56 0
-9 -9 -9 -9 -9 -9 -9 -9 -9 -9 -9 -9 -9 -9 -9 -9 -9 -9 -9 -9 -9 -9 -9 -9 -9 -9 -9 -9 -9 -9 -9 18 52 87 21 1 33 66 89 97 72 42 16 60 56 4 0 0 29 7 17 51 60 19 49 8 2 33 8 12 0 0 3 1 0 0 0 0 0 0 0 0 43 0 3 47 52 0 0 0 17 5 0 0 0 2 3 0 39 93 20 0 44 51 34 6
-9 -9 -9 -9 -9 -9 -9 -9 -9 -9 -9 -9 -9 -9 -9 -9 -9 -9 -9 -9 -9 -9 -9 -9 -9 -9 -9 -9 -9 67 1 22 48 29 0 25 78 97 67 50 62 48 61 55 89 34 33 49 59 17 33 80 94 66 38 40 21 5 0 0 0 0 0 0 0 0 2 0 0 0 0 28 35 46 17 11 30 33 0 0 24 19 8 1 2 47 18 39 81 28 7 28 61 12 19 6
-9 -9 -9 -9 -9 -9 -9 -9 -9 -9 -9 -9 -9 -9 -9 -9 -9 -9 -9 -9 -9 -9 -9 -9 -9 -9 -9 -9 81 37 80 9 6 0 23 62 84 53 49 12 58 31 59 88 90 75 99 18 93 95 90 70 90 14 42 49 52 12 4 22 2 0 0 0 12 65 73 9 0 0 33 43 9 17 25 28 0 19 3 37 26 0 77 25 51 1 27 68 81 2 13 63 25 2 35 7
-9 -9 -9 -9 -9 -9 -9 -9 -9 -9 -9 -9 -9 -9 -9 -9 -9 -9 -9 -9 -9 -9 -9 -9 -9 -9 85 93 73 70 100 79 9 19 86 87 54 0 0 7 87 95 99 73 98 100 97 65 45 82 95 75 31 10 7 0 0 0 0 3 21 0 11 30 76 73 32 8 1 26 34 23 13 0 26 5 10 96 31 25 3 1 45 20 41 33 28 41 53 0 0 7 1 12 34 21
-9 -9 -9 -9 -9 -9 -9 -9 -9 -9 -9 -9 -9 -9 -9 -9 -9 -9 -9 -9 -9 -9 -9 -9 -9 98 100 94 94 44 93 36 0 20 47 47 4 0 2 38 81 40 77 84 100 100 87 23 66 86 48 6 44 38 17 0 0 0 0 0 0 22 16 44 37 35 20 64 62 4 14 6 2 16 1 1 61 64 41 22 0 9 19 33 25 20 13 20 2 21 10 20 0 3 8 1
-9 -9 -9 -9 -9 -9 -9 -9 -9 -9 -9 -9 -9 -9 -9 -9 -9 -9 -9 -9 -9 -9 -9 71 100 84 94 73 34 5 12 0 13 23 55 60 11 0 0 38 59 28 10 49 58 99 35 27 88 76 6 1 3 46 1 0 0 0 0 0 0 0 0 18 8 48 71 18 33 62 21 8 0 30 3 41 37 0 4 0 2 4 0 0 1 0 2 0 15 11 10 3 11 20 75 20
-9 -9 -9 -9 -9 -9 -9 -9 -9 -9 -9 -9 -9 -9 -9 -9 -9 -9 -9 -9 -9 -9 59 84 96 84 47 29 4 37 48 60 45 81 48 0 0 23 35 70 14 51 63 71 76 45 49 39 97 86 0 0 1 19 0 0 0 0 0 0 7 1 0 3 47 51 63 26 15 1 27 28 24 9 0 56 5 30 40 0 0 21 0 0 0 41 40 0 0 23 49 47 6 41 34 4
-9 -9 -9 -9 -9 -9 -9 -9 -9 -9 -9 -9 -9 -9 -9 -9 -9 -9 -9 -9 -9 25 15 80 70 75 1 16 70 72 55 68 37 0 4 15 33 56 67 59 20 95 70 46 18 56 40 85 56 38 2 0 27 16 0 0 0 0 2 14 24 23 11 25 10 41 22 0 1 0 27 7 2 0 12 23 15 62 29 0 28 21 10 3 23 68 91 9 0 5 1 19 41 9 15 57
-9 -9 -9 -9 -9 -9 -9 -9 -9 -9 -9 -9 -9 -9 -9 -9 -9 -9 -9 -9 10 66 66 96 88 12 90 84 35 20 0 0 3 27 14 89 93 46 62 61 41 68 75 47 66 79 55 14 10 19 16 0 1 0 0 2 14 10 18 4 28 21 45 39 24 28 0 0 0 0 5 28 0 6 46 24 33 12 0 17 42 38 2 52 25 18 42 1 0 0 3 72 88 6 6 38
-9 -9 -9 -9 -9 -9 -9 -9 -9 -9 -9 -9 -9 -9 -9 -9 -9 -9 -9 2 15 79 100 100 93 60 91 21 8 0 0 7 62 77 91 59 60 37 62 92 14 64 51 30 68 18 0 0 61 64 35 0 0 0 0 1 24 17 21 23 2 0 0 15 6 40 30 11 41 1 16 67 26 32 9 59 4 13 15 50 0 13 59 41 0 7 27 2 0 0 17 61 13 8 13 42
-9 -9 -9 -9 -9 -9 -9 -9 -9 -9 -9 -9 -9 -9 -9 -9 -9 -9 2 22 80 100 100 90 40 71 9 0 0 2 49 87 90 95 36 60 61 33 56 87 0 67 24 8 66 46 48 21 57 81 10 0 0 0 0 4 4 22 64 32 0 19 50 13 41 19 52 17 28 38 42 38 20 46 0 25 14 27 0 54 46 7 59 78 0 17 7 28 35 21 34 7 0 10 46 23
