data/habitatmaps/RS_maps/habitat_Linaria.cannabina_2011.asc
NCOLS 369 
NROWS 228 
XLLCORNER 479000 
YLLCORNER 73000 
CELLSIZE 1000 
NODATA_value -9 
[rows 0 to 60 of 228, columns 96 to 191 of 369]
-9 -9 -9 -9 -9 -9 -9 -9 -9 -9 -9 -9 -9 -9 -9 -9 -9 -9 -9 -9 -9 -9 -9 -9 -9 -9 -9 -9 -9 -9 -9 -9 -9 -9 -9 -9 -9 -9 -9 -9 -9 -9 -9 -9 -9 -9 -9 -9 -9 -9 -9 -9 -9 -9 -9 -9 -9 -9 -9 -9 -9 -9 -9 -9 -9 -9 -9 -9 -9 -9 -9 -9 -9 -9 -9 -9 -9 -9 -9 -9 -9 -9 -9 -9 -9 -9 -9 -9 -9 -9 -9 -9 -9 -9 33 1
-9 -9 -9 -9 -9 -9 -9 -9 -9 -9 -9 -9 -9 -9 -9 -9 -9 -9 -9 -9 -9 -9 -9 -9 -9 -9 -9 -9 -9 -9 -9 -9 -9 -9 -9 -9 -9 -9 -9 -9 -9 -9 -9 -9 -9 -9 -9 -9 -9 -9 -9 -9 -9 -9 -9 -9 -9 -9 -9 -9 -9 -9 -9 -9 -9 -9 -9 -9 -9 -9 -9 -9 -9 -9 -9 -9 -9 -9 -9 -9 -9 -9 -9 -9 -9 -9 -9 -9 -9 -9 -9 -9 -9 8 33 1
-9 -9 -9 -9 -9 -9 -9 -9 -9 -9 -9 -9 -9 -9 -9 -9 -9 -9 -9 -9 -9 -9 -9 -9 -9 -9 -9 -9 -9 -9 -9 -9 -9 -9 -9 -9 -9 -9 -9 -9 -9 -9 -9 -9 -9 -9 -9 -9 -9 -9 -9 -9 -9 -9 -9 -9 -9 -9 -9 -9 -9 -9 -9 -9 -9 -9 -9 -9 -9 -9 -9 -9 -9 -9 -9 -9 -9 -9 -9 -9 -9 -9 -9 -9 -9 -9 -9 -9 -9 -9 -9 -9 -9 50 0 0
-9 -9 -9 -9 -9 -9 -9 -9 -9 -9 -9 -9 -9 -9 -9 -9 -9 -9 -9 -9 -9 -9 -9 -9 -9 -9 -9 -9 -9 -9 -9 -9 -9 -9 -9 -9 -9 -9 -9 -9 -9 -9 -9 -9 -9 -9 -9 -9 -9 -9 -9 -9 -9 -9 -9 -9 -9 -9 -9 -9 -9 -9 -9 -9 -9 -9 -9 -9 -9 -9 -9 -9 -9 -9 -9 -9 -9 -9 -9 -9 -9 -9 -9 -9 -9 -9 -9 -9 -9 -9 -9 -9 53 26 28 40
-9 -9 -9 -9 -9 -9 -9 -9 -9 -9 -9 -9 -9 -9 -9 -9 -9 -9 -9 -9 -9 -9 -9 -9 -9 -9 -9 -9 -9 -9 -9 -9 -9 -9 -9 -9 -9 -9 -9 -9 -9 -9 -9 -9 -9 -9 -9 -9 -9 -9 -9 -9 -9 -9 -9 -9 -9 -9 -9 -9 -9 -9 -9 -9 -9 -9 -9 -9 -9 -9 -9 -9 -9 -9 -9 -9 -9 -9 -9 -9 -9 -9 -9 -9 -9 -9 -9 -9 -9 -9 -9 24 20 23 30 34
-9 -9 -9 -9 -9 -9 -9 -9 -9 -9 -9 -9 -9 -9 -9 -9 -9 -9 -9 -9 -9 -9 -9 -9 -9 -9 -9 -9 -9 -9 -9 -9 -9 -9 -9 -9 -9 -9 -9 -9 -9 -9 -9 -9 -9 -9 -9 -9 -9 -9 -9 -9 -9 -9 -9 -9 -9 -9 -9 -9 -9 -9 -9 -9 -9 -9 -9 -9 -9 -9 -9 -9 -9 -9 -9 -9 -9 -9 -9 -9 -9 -9 -9 -9 -9 -9 -9 -9 -9 -9 -9 19 74 59 22 20
-9 -9 -9 -9 -9 -9 -9 -9 -9 -9 -9 -9 -9 -9 -9 -9 -9 -9 -9 -9 -9 -9 -9 -9 -9 -9 -9 -9 -9 -9 -9 -9 -9 -9 -9 -9 -9 -9 -9 -9 -9 -9 -9 -9 -9 -9 -9 -9 -9 -9 -9 -9 -9 -9 -9 -9 -9 -9 -9 -9 -9 -9 -9 -9 -9 -9 -9 -9 -9 -9 -9 -9 -9 -9 -9 -9 -9 -9 -9 -9 -9 -9 -9 -9 -9 -9 -9 -9 -9 -9 24 3 74 75 47 55
-9 -9 -9 -9 -9 -9 -9 -9 -9 -9 -9 -9 -9 -9 -9 -9 -9 -9 -9 -9 -9 -9 -9 -9 -9 -9 -9 -9 -9 -9 -9 -9 -9 -9 -9 -9 -9 -9 -9 -9 -9 -9 -9 -9 -9 -9 -9 -9 -9 -9 -9 -9 -9 -9 -9 -9 -9 -9 -9 -9 -9 -9 -9 -9 -9 -9 -9 -9 -9 -9 -9 -9 -9 -9 -9 -9 -9 -9 -9 -9 -9 -9 -9 -9 -9 -9 -9 -9 -9 24 8 0 51 64 25 47
-9 -9 -9 -9 -9 -9 -9 -9 -9 -9 -9 -9 -9 -9 -9 -9 -9 -9 -9 -9 -9 -9 -9 -9 -9 -9 -9 -9 -9 -9 -9 -9 -9 -9 -9 -9 -9 -9 -9 -9 -9 -9 -9 -9 -9 -9 -9 -9 -9 -9 -9 -9 -9 -9 -9 -9 -9 -9 -9 -9 -9 -9 -9 -9 -9 -9 -9 -9 -9 -9 -9 -9 -9 -9 -9 -9 -9 -9 -9 -9 -9 -9 -9 -9 -9 -9 -9 -9 0 0 0 0 58 79 9 46
-9 -9 -9 -9 -9 -9 -9 -9 -9 -9 -9 -9 -9 -9 -9 -9 -9 -9 -9 -9 -9 -9 -9 -9 -9 -9 -9 -9 -9 -9 -9 -9 -9 -9 -9 -9 -9 -9 -9 -9 -9 -9 -9 -9 -9 -9 -9 -9 -9 -9 -9 -9 -9 -9 -9 -9 -9 -9 -9 -9 -9 -9 -9 -9 -9 -9 -9 -9 -9 -9 -9 -9 -9 -9 -9 -9 -9 -9 -9 -9 -9 -9 -9 -9 -9 -9 -9 -9 14 0 0 0 16 58 41 82
-9 -9 -9 -9 -9 -9 -9 -9 -9 -9 -9 -9 -9 -9 -9 -9 -9 -9 -9 -9 -9 -9 -9 -9 -9 -9 -9 -9 -9 -9 -9 -9 -9 -9 -9 -9 -9 -9 -9 -9 -9 -9 -9 -9 -9 -9 -9 -9 -9 -9 -9 -9 -9 -9 -9 -9 -9 -9 -9 -9 -9 -9 -9 -9 -9 -9 -9 -9 -9 -9 -9 -9 -9 -9 -9 -9 -9 -9 -9 -9 -9 -9 -9 -9 -9 -9 -9 47 20 4 4 0 0 82 12 4
-9 -9 -9 -9 -9 -9 -9 -9 -9 -9 -9 -9 -9 -9 -9 -9 -9 -9 -9 -9 -9 -9 -9 -9 -9 -9 -9 -9 -9 -9 -9 -9 -9 -9 -9 -9 -9 -9 -9 -9 -9 -9 -9 -9 -9 -9 -9 -9 -9 -9 -9 -9 -9 -9 -9 -9 -9 -9 -9 -9 -9 -9 -9 -9 -9 -9 -9 -9 -9 -9 -9 -9 -9 -9 -9 -9 -9 -9 -9 -9 -9 -9 -9 -9 -9 -9 74 59 8 51 95 71 9 56 38 25
-9 -9 -9 -9 -9 -9 -9 -9 -9 -9 -9 -9 -9 -9 -9 -9 -9 -9 -9 -9 -9 -9 -9 -9 -9 -9 -9 -9 -9 -9 -9 -9 -9 -9 -9 -9 -9 -9 -9 -9 -9 -9 -9 -9 -9 -9 -9 -9 -9 -9 -9 -9 -9 -9 -9 -9 -9 -9 -9 -9 -9 -9 -9 -9 -9 -9 -9 -9 -9 -9 -9 -9 -9 -9 -9 -9 -9 -9 -9 -9 -9 -9 -9 -9 -9 -9 74 22 32 36 50 54 0 27 23 53
-9 -9 -9 -9 -9 -9 -9 -9 -9 -9 -9 -9 -9 -9 -9 -9 -9 -9 -9 -9 -9 -9 -9 -9 -9 -9 -9 -9 -9 -9 -9 -9 -9 -9 -9 -9 -9 -9 -9 -9 -9 -9 -9 -9 -9 -9 -9 -9 -9 -9 -9 -9 -9 -9 -9 -9 -9 -9 -9 -9 -9 -9 -9 -9 -9 -9 -9 -9 -9 -9 -9 -9 -9 -9 -9 -9 -9 -9 -9 -9 -9 -9 -9 -9 -9 -9 39 2 21 4 26 10 17 0 0 34
-9 -9 -9 -9 -9 -9 -9 -9 -9 -9 -9 -9 -9 -9 -9 -9 -9 -9 -9 -9 -9 -9 -9 -9 -9 -9 -9 -9 -9 -9 -9 -9 -9 -9 -9 -9 -9 -9 -9 -9 -9 -9 -9 -9 -9 -9 -9 -9 -9 -9 -9 -9 -9 -9 -9 -9 -9 -9 -9 -9 -9 -9 -9 -9 -9 -9 -9 -9 -9 -9 -9 -9 -9 -9 -9 -9 -9 -9 -9 -9 17 8 2 35 52 24 4 16 55 58 24 71 21 42 39 53
-9 -9 -9 -9 -9 -9 -9 -9 -9 -9 -9 -9 -9 -9 -9 -9 -9 -9 -9 -9 -9 -9 -9 -9 -9 -9 -9 -9 -9 -9 -9 -9 -9 -9 -9 -9 -9 -9 -9 -9 -9 -9 -9 -9 -9 -9 -9 -9 -9 -9 -9 -9 -9 -9 -9 -9 -9 -9 -9 -9 -9 -9 -9 -9 -9 -9 -9 -9 -9 -9 -9 -9 -9 -9 -9 -9 30 0 58 65 28 54 2 6 78 8 0 39 63 79 48 40 53 61 41 22
-9 -9 -9 -9 -9 -9 -9 -9 -9 -9 -9 -9 -9 -9 -9 -9 -9 -9 -9 -9 -9 -9 -9 -9 -9 -9 -9 -9 -9 -9 -9 -9 -9 -9 -9 -9 -9 -9 -9 -9 -9 -9 0 0 0 0 -9 -9 -9 -9 -9 -9 -9 -9 -9 -9 -9 -9 -9 -9 -9 -9 -9 -9 -9 -9 -9 -9 -9 -9 -9 -9 -9 -9 -9 4 33 29 42 10 33 6 0 0 55 36 28 35 35 82 80 38 41 75 4 62
-9 -9 -9 -9 -9 -9 -9 -9 -9 -9 -9 -9 -9 -9 -9 -9 -9 -9 -9 -9 -9 -9 -9 -9 -9 -9 -9 -9 -9 -9 -9 -9 -9 -9 -9 14 2 0 22 12 30 1 0 0 0 32 15 6 7 43 -9 -9 -9 -9 -9 -9 -9 -9 -9 -9 -9 -9 -9 -9 -9 -9 -9 -9 -9 -9 -9 -9 -9 60 64 23 24 29 21 0 18 11 2 27 21 74 93 24 52 28 13 62 52 40 1 64
-9 -9 -9 -9 -9 -9 -9 -9 -9 -9 -9 -9 -9 -9 -9 -9 -9 -9 -9 -9 -9 -9 -9 -9 -9 -9 -9 -9 -9 -9 -9 0 1 8 1 23 0 0 0 0 17 0 0 0 0 0 56 91 15 21 15 -9 0 2 0 0 0 7 18 57 53 79 -9 -9 -9 -9 -9 -9 -9 -9 -9 -9 1 77 81 46 14 60 22 0 0 13 31 61 0 29 45 22 38 60 66 54 77 11 0 6
-9 -9 -9 -9 -9 -9 -9 -9 -9 -9 -9 -9 -9 -9 -9 -9 -9 -9 -9 -9 -9 -9 -9 -9 -9 -9 -9 -9 -9 -9 5 0 0 30 2 2 0 0 0 1 16 0 1 7 1 0 5 65 77 92 62 96 40 6 7 22 41 20 18 1 57 98 77 8 0 0 -9 -9 -9 -9 3 27 0 32 80 33 8 28 51 29 12 41 67 33 35 14 23 43 26 77 65 49 12 2 4 22
-9 -9 -9 -9 -9 -9 -9 -9 -9 -9 -9 -9 -9 -9 -9 -9 -9 -9 -9 -9 -9 -9 -9 -9 -9 -9 -9 -9 4 1 1 0 0 8 5 0 0 0 0 0 0 15 2 11 0 4 10 21 32 47 9 54 42 3 50 66 68 46 27 0 23 35 13 0 3 34 69 -9 -9 62 50 68 56 18 68 5 0 39 43 83 86 65 80 14 68 49 68 15 0 19 59 28 1 0 3 28
-9 -9 -9 -9 -9 -9 -9 -9 -9 -9 -9 -9 -9 -9 -9 -9 -9 -9 -9 -9 -9 -9 -9 -9 -9 -9 -9 3 0 1 2 0 0 15 2 0 0 0 0 8 18 5 0 6 1 0 18 1 8 0 0 36 3 2 43 22 17 40 2 0 33 0 0 0 6 68 77 64 62 40 74 63 97 41 18 1 11 76 58 56 49 52 73 41 53 28 47 3 0 0 49 24 1 22 12 48
-9 -9 -9 -9 -9 -9 -9 -9 -9 -9 -9 -9 -9 -9 -9 -9 -9 -9 -9 -9 -9 -9 -9 -9 -9 0 0 0 4 0 4 0 2 6 0 0 0 0 0 18 12 0 0 2 7 0 32 18 0 0 0 21 2 0 14 33 48 62 34 2 0 0 38 17 15 33 73 58 81 67 10 17 42 20 0 41 61 64 41 70 56 70 41 81 40 38 14 0 0 17 29 4 30 57 45 62
-9 -9 -9 -9 -9 -9 -9 -9 -9 -9 -9 -9 -9 -9 -9 -9 -9 -9 -9 -9 -9 -9 -9 -9 0 0 0 0 4 10 5 1 0 0 30 2 0 0 0 2 0 0 0 8 42 12 28 13 28 11 25 30 0 0 45 74 22 71 45 28 0 0 1 58 24 89 73 35 32 20 4 48 33 9 7 40 46 52 45 66 13 27 2 8 24 10 0 0 7 23 2 0 0 1 48 37
-9 -9 -9 -9 -9 -9 -9 -9 -9 -9 -9 -9 -9 -9 -9 -9 -9 -9 -9 -9 -9 -9 -9 0 0 0 0 0 13 5 0 1 0 3 26 21 21 0 0 2 17 13 5 0 12 30 21 6 7 3 19 46 26 13 4 53 58 29 16 8 0 2 23 59 46 71 88 53 66 0 18 46 36 23 39 77 59 61 59 40 24 0 0 0 10 48 0 0 0 0 0 0 0 33 33 5
-9 -9 -9 -9 -9 -9 -9 -9 -9 -9 -9 -9 -9 -9 -9 -9 -9 -9 -9 -9 -9 -9 0 0 0 0 0 0 0 0 0 0 0 6 56 6 22 4 0 0 15 2 23 7 5 37 28 39 24 31 50 0 12 40 46 2 18 63 39 9 0 0 23 84 67 90 73 30 11 27 58 21 22 30 0 20 68 64 68 70 24 18 21 2 0 0 46 8 1 0 0 0 0 13 6 6
-9 -9 -9 -9 -9 -9 -9 -9 -9 -9 -9 -9 -9 -9 -9 -9 -9 -9 -9 -9 -9 0 0 0 0 0 0 0 0 0 0 0 0 14 59 22 0 0 0 0 3 25 0 0 1 0 0 0 31 54 33 13 0 8 10 23 32 62 36 9 2 0 0 81 33 17 19 67 51 56 29 46 40 48 13 55 24 53 32 12 32 22 0 0 0 0 0 3 0 3 24 35 3 0 0 0
54 4 0 0 -9 -9 -9 -9 -9 -9 -9 -9 -9 -9 -9 -9 -9 -9 -9 -9 0 0 0 0 0 0 0 0 0 0 0 0 0 0 10 15 0 0 0 0 29 17 0 0 0 3 0 37 74 43 40 58 9 14 18 18 10 3 14 30 27 7 0 62 52 9 42 52 75 25 36 2 32 16 0 0 9 40 9 12 18 2 0 0 0 0 0 0 0 0 72 41 44 17 3 0
39 62 0 0 0 0 0 0 0 -9 -9 -9 -9 -9 -9 -9 -9 -9 -9 -9 0 0 0 0 0 0 0 0 0 0 0 0 0 0 0 15 2 0 0 0 0 4 0 0 0 28 0 3 41 64 28 37 1 28 4 16 2 16 45 68 43 56 2 53 94 77 58 19 26 8 7 44 27 33 12 35 31 29 46 7 2 0 0 0 0 0 0 0 0 0 41 32 52 53 12 17
12 23 0 0 0 0 0 0 0 0 0 0 0 -9 -9 -9 -9 -9 -9 0 0 0 0 0 0 0 0 0 0 0 0 0 0 28 0 0 0 0 0 0 0 0 0 1 0 32 25 33 18 64 27 38 36 22 0 2 16 2 8 0 35 3 0 55 52 26 79 57 17 10 22 8 70 63 32 30 20 9 11 0 0 0 0 0 0 0 0 0 0 0 16 14 22 13 21 33
0 22 9 0 0 0 0 0 0 0 0 0 0 0 -9 -9 -9 -9 0 0 0 0 0 0 0 0 0 0 0 1 25 0 0 9 0 0 0 0 0 11 2 0 4 30 40 22 26 31 44 19 5 22 14 38 3 0 0 0 15 14 12 37 2 22 51 61 53 25 88 93 67 32 52 56 11 0 0 5 0 0 0 0 0 0 0 0 0 0 0 0 0 0 20 9 16 38
0 0 27 5 0 0 0 0 0 0 0 0 0 0 0 0 0 4 0 0 0 0 0 0 0 0 49 0 0 0 0 0 0 0 0 0 0 0 41 34 0 0 0 0 21 26 0 3 16 4 38 16 6 8 2 0 0 0 0 3 16 33 2 3 20 27 71 47 46 63 17 30 28 44 38 0 0 0 0 0 0 0 0 0 0 0 0 0 0 0 0 0 3 2 5 56
0 0 7 55 14 0 0 0 0 0 0 0 0 0 0 0 0 8 0 0 0 0 0 0 0 6 11 0 0 0 0 0 0 0 0 0 0 0 0 0 0 0 0 0 0 14 0 2 4 23 28 4 0 0 0 0 0 0 0 0 0 38 0 0 1 6 46 61 18 14 55 4 0 0 0 0 0 0 0 0 0 0 0 0 0 0 0 0 0 0 0 0 0 0 0 1
0 0 0 17 64 0 0 0 0 0 0 0 1 3 18 0 0 31 34 7 16 0 0 13 0 0 0 0 0 0 0 0 0 0 0 0 0 0 0 0 0 0 8 1 0 0 0 3 22 17 6 0 0 0 0 0 0 0 0 0 0 8 0 0 5 56 40 26 21 42 10 0 0 0 0 0 0 0 0 0 0 0 0 0 0 0 0 0 0 0 0 0 0 0 0 0
1 0 0 0 35 0 0 11 0 0 0 9 6 42 8 0 25 20 22 48 60 48 6 31 10 0 0 0 0 0 0 0 0 0 0 0 0 0 0 0 0 0 35 20 8 17 0 0 12 13 0 0 0 0 0 0 0 0 0 0 0 0 0 0 0 4 4 2 0 1 0 0 0 0 0 0 0 0 0 0 0 0 14 22 0 0 0 0 0 0 0 0 0 0 0 0
7 0 0 0 0 0 0 5 8 0 0 22 0 0 0 0 0 0 0 2 9 13 0 1 17 0 0 0 0 0 0 0 0 0 0 0 0 0 0 0 0 0 5 22 18 19 0 0 0 0 0 0 0 0 0 0 0 0 0 0 0 0 0 0 0 0 0 0 0 0 0 0 0 0 0 0 0 0 0 0 0 4 18 13 0 0 0 0 0 0 0 0 0 0 0 0
34 0 0 0 0 0 0 0 4 0 0 0 0 0 0 0 0 0 0 0 0 0 0 0 0 0 0 0 0 0 0 0 0 0 0 0 0 0 0 0 0 0 0 0 0 0 0 0 0 0 0 0 0 0 0 0 0 0 0 0 0 0 0 0 0 0 0 0 0 0 0 0 0 0 0 0 0 0 0 0 0 0 0 0 0 0 0 0 0 0 0 0 0 0 0 0
5 0 0 0 0 0 0 0 0 0 0 0 0 0 0 0 0 0 0 0 0 0 0 0 0 0 0 15 10 0 0 0 0 0 0 0 0 0 0 0 0 0 0 0 0 0 0 0 0 0 0 0 0 0 0 0 0 0 0 0 0 0 0 0 0 0 0 0 0 0 0 0 0 0 0 0 0 0 0 0 0 0 0 0 0 0 0 0 0 0 0 0 0 0 0 0
10 3 2 2 0 0 0 0 0 0 0 0 0 0 0 0 0 0 0 0 0 0 0 0 0 0 0 28 7 0 0 0 0 0 0 0 0 0 0 2 0 43 6 0 0 0 0 0 0 0 0 0 0 0 0 0 0 0 0 0 0 0 0 0 0 0 0 0 0 0 0 0 0 0 0 0 0 0 0 0 0 0 0 0 0 0 0 0 0 0 0 0 0 0 0 0
22 28 0 0 0 0 0 0 5 0 0 0 32 0 0 0 0 0 0 0 0 0 0 0 0 0 2 3 0 0 0 0 0 0 0 0 0 0 0 41 30 0 0 0 0 0 0 0 0 0 0 0 0 0 0 0 0 0 0 0 0 0 0 0 0 0 0 0 0 0 0 0 0 0 0 0 0 0 0 0 0 0 0 0 0 0 0 0 0 0 0 0 0 0 0 0
1 1 0 0 0 0 0 0 20 0 0 14 33 24 0 0 0 0 0 0 0 0 0 0 0 0 0 16 0 0 0 0 0 0 0 0 0 0 0 0 0 0 0 0 0 0 0 0 0 0 0 0 0 0 0 0 0 2 0 0 0 0 0 0 0 0 0 0 0 0 0 0 0 0 0 0 0 0 0 0 0 0 0 0 0 0 0 0 0 0 0 0 0 0 0 0
0 0 0 0 0 0 0 0 11 2 0 0 33 13 0 17 29 1 0 0 0 0 0 0 0 0 6 8 0 0 0 0 0 0 0 0 0 0 0 0 0 0 0 0 0 0 0 0 0 0 0 0 0 0 0 4 0 27 0 0 10 0 0 4 0 0 0 0 0 0 0 0 0 0 0 0 0 0 0 0 0 0 0 0 0 0 0 0 0 0 0 0 0 0 0 0
0 0 0 0 0 0 0 0 0 0 1 33 0 2 22 23 45 22 25 0 0 0 0 0 0 0 0 0 0 0 0 0 0 0 0 0 0 0 0 0 0 0 0 0 0 0 0 0 0 0 0 0 0 0 2 42 67 57 0 2 42 0 0 0 0 0 0 0 0 0 0 0 0 0 0 0 0 0 0 0 0 0 17 0 0 0 0 53 2 0 0 0 0 0 0 0
0 0 0 0 2 0 0 0 0 6 32 31 0 0 2 0 1 13 20 0 0 0 0 0 0 0 0 0 0 0 0 0 0 0 0 0 0 0 0 0 0 0 0 0 0 0 0 0 0 0 0 0 0 23 38 29 36 3 0 31 22 0 25 1 0 0 0 0 0 0 34 0 0 0 0 0 0 0 0 0 0 2 39 0 0 19 14 61 21 1 0 0 0 0 0 0
0 0 0 0 42 1 0 0 0 0 3 43 35 0 26 0 0 3 0 0 0 0 0 1 15 4 0 0 0 14 21 10 0 0 0 2 0 14 9 0 0 0 0 0 0 0 0 0 0 0 0 0 0 2 56 12 0 0 0 1 9 0 1 0 19 0 0 0 0 10 14 0 0 0 0 0 0 0 0 0 0 53 25 0 0 0 0 42 0 8 0 0 0 0 0 0
0 0 0 0 7 0 0 0 0 0 24 37 0 33 0 0 0 22 0 0 0 0 0 1 13 0 0 8 19 11 35 18 0 0 0 33 0 0 8 0 0 0 0 0 0 0 25 7 0 0 0 0 0 0 28 0 0 0 0 0 0 0 2 19 62 19 0 0 0 0 0 0 0 0 0 0 0 0 0 0 0 1 0 0 0 0 0 8 0 0 0 0 0 0 0 0
0 0 0 0 0 0 0 0 0 0 0 1 31 3 18 29 3 0 0 0 0 0 4 3 18 0 7 22 5 3 0 0 0 3 0 10 21 0 0 0 0 0 0 0 0 4 42 60 6 0 0 0 0 0 8 0 0 0 0 0 0 0 24 37 62 13 0 0 0 0 0 0 0 0 0 0 0 0 0 0 0 0 0 0 0 0 0 0 0 0 0 0 0 0 0 0
0 0 0 0 0 0 0 0 0 0 25 14 48 3 36 61 32 22 0 0 2 3 7 25 15 0 0 5 1 0 0 0 0 27 3 0 16 13 1 0 0 0 0 0 2 39 35 35 0 2 0 0 0 0 0 0 0 0 0 0 0 0 0 4 16 0 0 0 0 0 0 0 12 5 0 0 0 0 0 0 0 0 0 0 0 0 0 0 0 0 0 0 0 0 0 0
0 0 0 0 0 0 0 0 2 16 35 1 1 13 52 30 12 1 0 17 25 27 0 0 0 0 0 0 0 0 0 0 0 0 0 8 19 22 10 0 0 0 12 3 2 19 3 0 5 8 0 0 0 0 0 0 0 0 0 0 0 0 0 0 0 0 0 0 0 0 0 0 0 13 0 0 0 0 0 0 0 23 2 0 0 0 0 0 0 0 0 0 0 0 0 0
0 0 0 0 0 0 0 0 19 45 5 0 0 0 18 21 5 6 2 2 6 19 25 32 19 0 0 0 0 0 0 0 0 0 0 0 0 13 18 0 0 9 23 8 3 0 0 0 23 0 0 0 0 0 0 0 0 18 0 0 0 0 1 8 24 29 16 0 0 0 0 0 0 0 0 0 0 0 0 0 0 0 0 0 0 0 0 0 0 0 0 0 0 0 0 0
0 0 0 0 0 0 0 3 0 5 0 0 0 0 0 0 0 3 19 1 0 0 0 1 10 4 0 0 0 8 0 0 0 8 0 0 2 47 22 21 49 21 7 4 0 0 0 0 0 2 13 0 0 0 0 0 26 26 0 1 24 36 19 51 36 12 1 0 0 0 0 0 0 0 0 0 0 0 0 0 0 0 0 0 0 0 0 0 0 0 0 0 0 0 0 0
3 0 0 0 4 7 10 6 48 2 0 0 0 0 7 2 0 0 1 1 0 0 0 0 0 17 26 3 0 41 26 7 22 62 36 15 0 19 19 39 62 19 10 2 0 0 0 0 0 19 41 0 0 0 0 0 49 36 34 67 45 2 0 0 0 0 0 0 0 0 0 0 0 0 0 0 0 0 0 0 0 0 0 0 0 0 0 0 0 0 0 0 0 0 0 0
23 0 4 8 10 28 8 2 55 0 0 0 0 36 25 11 0 0 3 38 36 30 47 21 27 6 4 11 1 6 17 52 27 53 21 6 33 55 36 62 24 12 10 16 20 13 1 11 1 5 9 14 12 0 0 0 6 84 84 57 2 0 0 0 0 0 0 0 0 0 0 0 0 0 29 0 13 5 0 0 0 0 0 0 0 0 0 0 0 0 0 0 0 0 0 0
20 30 15 23 19 35 41 42 16 0 18 57 34 7 0 0 0 0 0 0 0 0 26 48 46 33 13 62 40 8 7 16 32 47 61 64 44 18 19 4 6 11 31 50 32 23 9 48 27 21 48 51 63 38 32 0 0 5 32 20 0 0 0 0 0 0 0 0 0 0 0 0 0 21 33 42 11 0 0 0 0 0 0 3 0 0 0 0 0 0 0 1 0 0 0 0
12 50 24 37 26 8 25 23 30 44 0 52 26 0 0 0 0 0 0 0 0 0 0 1 5 0 1 18 23 7 15 15 4 6 26 30 56 16 5 7 10 4 12 14 19 12 11 24 22 43 40 57 47 58 64 36 22 52 16 0 0 0 0 0 0 0 0 0 0 0 0 0 0 0 0 2 0 0 0 0 7 0 2 1 0 0 4 3 6 7 1 10 2 0 0 0
7 8 10 5 15 11 5 12 11 0 15 0 0 0 0 0 0 0 0 0 0 0 0 0 0 23 17 47 13 8 24 0 2 6 29 66 52 30 34 8 14 23 9 26 33 12 11 8 12 52 45 55 52 19 50 45 33 41 12 0 0 0 0 0 0 0 0 0 0 0 0 0 0 0 0 0 0 0 0 0 4 5 0 7 0 0 0 0 0 9 10 13 7 10 1 0
30 40 2 0 0 12 10 13 51 0 0 0 0 0 2 32 0 0 0 0 0 0 0 0 25 38 36 21 31 25 2 9 64 28 32 44 8 14 11 18 7 8 7 32 64 36 12 11 63 64 41 66 3 32 25 0 0 0 0 0 0 0 0 0 0 0 0 0 0 0 0 0 0 0 0 0 0 0 0 0 0 0 0 0 1 0 0 0 0 0 0 6 1 2 0 0
10 6 0 0 5 6 10 4 0 0 0 0 0 1 32 8 0 0 0 0 0 0 0 0 0 0 0 0 0 7 20 38 55 34 53 23 34 49 20 15 10 14 32 32 37 8 28 70 13 38 31 17 4 0 0 0 0 0 0 0 0 0 0 0 0 0 0 0 0 0 0 0 0 0 0 0 0 29 0 0 0 0 0 0 0 0 0 0 0 0 0 0 0 0 0 0
0 0 0 0 34 13 9 2 0 0 0 0 0 45 2 0 0 0 0 0 0 0 10 32 32 12 46 32 28 38 41 0 0 31 52 53 46 19 28 40 46 29 55 66 68 36 32 54 50 22 41 12 0 0 0 0 0 0 0 10 9 0 0 0 0 26 6 0 0 0 0 0 0 0 35 16 0 31 0 0 0 0 0 0 0 0 2 0 0 0 0 0 0 0 0 0
3 0 2 4 63 4 6 0 0 0 48 22 10 19 0 0 0 0 0 13 17 7 48 43 39 28 62 70 44 16 11 23 28 33 42 52 20 10 43 48 40 22 0 0 0 21 36 11 19 61 38 0 0 0 0 0 0 0 0 18 0 0 0 0 0 0 0 0 0 0 0 0 0 0 6 0 0 0 0 0 0 0 0 0 0 0 46 3 0 0 0 0 0 0 7 0
10 5 15 19 16 3 15 2 3 13 2 1 18 41 59 46 9 0 0 7 4 15 10 44 8 37 23 13 26 42 3 61 43 31 58 47 26 1 0 0 0 0 0 0 0 34 48 12 9 2 0 0 0 0 0 0 0 0 0 7 0 0 0 0 0 0 0 0 0 0 0 0 0 0 0 0 0 0 0 0 0 0 0 0 0 0 4 8 0 0 0 0 0 0 49 0
