data/habitatmaps/RS_maps/habitat_Turdus.torquatus_2020.asc
NCOLS 369 
NROWS 228 
XLLCORNER 479000 
YLLCORNER 73000 
CELLSIZE 1000 
NODATA_value -9 
[rows 120 to 179 of 228, columns 96 to 191 of 369]
0 0 0 0 0 0 0 0 0 0 0 13 0 13 0 7 8 22 23 0 3 22 6 37 76 41 66 84 23 0 0 0 0 0 0 0 0 10 7 0 0 67 44 20 6 21 13 57 35 51 61 41 26 7 0 0 35 64 9 26 13 42 86 3 39 1 55 71 44 0 25 59 0 37 4 64 48 37 0 2 68 64 48 0 5 1 74 6 0 23 28 1 0 53 45 5
0 0 0 0 0 0 0 0 0 0 0 21 0 0 0 11 8 5 16 44 76 91 94 98 70 84 94 65 22 0 0 0 0 0 0 0 0 0 0 0 0 34 3 3 37 39 51 56 39 70 68 49 12 1 4 40 47 24 66 44 30 36 20 18 73 19 28 14 31 0 0 50 12 9 0 0 0 0 0 26 57 40 30 4 0 0 7 37 27 0 0 0 12 100 100 100
0 0 0 0 0 0 0 0 0 0 11 21 21 0 0 0 0 40 69 82 75 48 13 51 44 71 65 98 61 0 0 0 0 0 0 0 0 0 0 0 0 0 3 25 62 75 89 45 76 88 44 26 68 63 83 25 29 38 75 14 0 0 0 31 77 0 0 0 3 0 0 0 13 0 0 0 0 0 0 20 11 0 15 50 55 9 0 4 75 60 2 10 66 100 100 100
0 4 3 0 0 0 0 0 0 0 28 61 19 0 0 34 42 91 37 100 87 53 67 75 35 53 53 50 38 12 0 0 0 0 0 0 0 0 0 0 0 25 7 42 47 55 72 62 81 35 34 29 29 60 67 22 84 88 81 23 0 3 71 58 7 0 0 0 0 0 0 0 15 0 0 0 0 0 0 0 0 0 0 0 41 65 0 0 18 47 40 31 58 97 60 28
0 43 3 0 0 0 0 0 0 0 27 4 0 0 15 57 82 58 57 34 3 26 86 97 58 60 73 13 68 73 1 0 0 0 0 0 0 0 0 0 0 8 21 39 30 0 2 6 32 37 28 44 0 52 6 69 89 38 47 48 5 0 29 0 0 0 0 0 0 0 1 0 0 0 74 72 45 18 0 0 0 0 0 0 53 66 7 0 11 37 4 41 54 14 4 18
0 0 0 0 0 0 0 4 36 0 0 3 8 0 22 60 36 6 28 14 0 5 34 33 95 57 48 62 87 58 0 2 0 0 0 0 0 0 0 0 0 0 21 45 17 0 0 0 15 77 49 0 0 0 24 67 18 1 15 21 50 17 0 0 0 0 0 0 11 63 93 64 76 79 90 76 71 73 43 27 17 4 0 0 2 85 22 0 0 0 16 5 0 21 94 100
0 0 0 0 0 42 28 62 69 1 18 89 97 14 14 49 53 9 42 38 44 33 34 27 6 31 5 14 58 56 32 6 0 0 0 0 0 33 0 0 0 0 0 36 0 0 0 2 61 81 52 5 0 0 66 35 0 1 66 67 25 1 0 0 0 0 2 40 85 60 58 25 63 87 23 12 34 26 100 100 69 34 11 0 0 22 37 0 0 0 0 28 7 49 89 70
0 0 0 0 69 100 100 84 55 18 55 89 91 97 71 36 74 76 62 93 88 40 28 15 46 37 0 21 89 97 28 63 31 0 0 0 0 4 17 0 0 0 0 0 0 0 0 0 75 29 75 10 22 54 44 5 2 52 76 10 0 0 0 0 0 11 64 82 39 19 48 0 34 40 42 28 0 9 79 57 70 47 42 4 22 8 0 0 0 7 31 45 44 59 55 100
0 0 0 0 71 99 92 51 25 44 38 45 27 41 23 47 38 37 45 46 20 18 61 76 78 91 8 38 42 26 44 87 27 79 54 15 7 0 0 0 0 0 0 0 0 0 0 3 19 90 47 53 47 43 7 0 51 29 0 0 0 0 0 15 36 92 91 100 100 100 43 7 31 37 86 33 0 0 0 11 65 70 83 87 82 21 1 83 72 85 67 61 97 99 34 58
0 0 0 17 92 29 61 0 38 99 49 26 0 3 20 98 30 43 56 36 17 1 40 23 0 0 31 9 0 13 0 14 40 89 47 69 100 22 0 0 0 0 0 0 0 0 0 0 56 54 10 21 14 59 56 9 18 0 0 0 0 0 16 81 97 87 87 38 30 86 37 30 58 91 51 7 3 0 3 71 70 75 89 100 54 44 24 33 71 100 100 100 100 100 100 45
0 0 0 10 95 14 50 9 24 56 33 48 1 38 45 8 72 71 52 31 3 0 15 41 48 16 38 13 6 60 30 0 7 11 17 6 22 0 17 41 16 0 0 0 0 0 0 0 3 7 0 0 0 4 5 0 0 0 0 0 0 36 99 100 100 98 32 14 11 45 2 19 84 100 31 18 59 38 51 57 97 98 100 57 0 72 77 25 91 51 89 92 100 100 100 86
0 12 29 76 92 25 44 48 85 92 46 15 47 35 10 8 32 22 12 79 73 80 81 26 20 29 11 36 40 23 3 0 12 11 0 0 0 30 86 49 0 0 0 0 0 0 0 0 0 0 0 0 0 0 0 3 0 0 0 8 42 100 100 100 99 51 17 58 55 74 14 34 73 88 3 3 66 92 88 100 100 100 99 11 27 100 100 33 32 59 18 61 100 92 97 86
21 34 60 15 26 64 42 74 88 82 34 29 33 3 46 76 27 36 59 49 0 22 9 0 0 3 23 10 0 0 0 0 0 0 0 0 0 8 73 35 6 0 0 0 0 0 0 0 0 0 0 0 0 0 20 61 0 0 55 95 100 100 93 97 60 85 52 31 64 6 39 40 38 11 28 80 16 56 100 82 99 97 96 0 74 100 100 95 41 54 93 25 98 44 16 26
19 47 65 74 18 13 25 41 33 65 11 41 1 45 22 1 64 58 60 39 0 0 0 0 0 0 0 0 0 0 0 0 15 6 21 6 7 50 39 35 84 16 0 0 0 0 0 0 0 0 0 0 8 30 96 51 0 0 35 58 46 34 15 100 84 18 0 6 32 45 0 2 7 0 67 65 60 94 84 21 98 72 68 74 100 100 100 72 58 0 18 45 33 93 22 6
65 63 79 69 26 9 33 25 67 37 0 39 20 36 0 52 3 0 32 1 15 15 0 1 7 36 42 19 28 43 42 23 36 34 31 25 13 38 100 79 93 67 21 0 0 0 0 0 36 24 39 59 79 97 67 13 54 0 0 67 31 0 58 10 22 3 8 37 38 15 0 7 0 0 11 80 76 21 13 0 84 100 75 100 55 38 98 61 43 87 58 0 63 100 98 26
78 65 43 24 0 6 68 9 54 10 7 22 57 23 66 38 39 57 58 43 0 0 0 7 26 22 48 36 66 80 44 78 61 53 49 17 27 47 72 53 40 76 71 0 0 0 7 44 83 72 77 100 55 68 13 53 73 31 7 13 13 0 49 0 8 5 71 49 66 40 20 52 0 0 74 75 66 34 0 0 66 74 90 100 98 54 100 100 100 100 100 7 90 100 100 23
35 22 0 0 11 30 0 11 54 0 15 43 39 64 30 26 43 21 0 12 0 2 51 50 21 47 43 82 92 89 42 55 34 75 53 20 4 78 92 100 39 0 12 0 0 19 7 55 24 86 79 100 63 12 21 57 24 51 78 29 7 47 48 70 51 1 47 37 29 61 82 28 1 24 94 81 51 2 0 0 39 98 75 100 62 48 100 95 100 100 100 80 80 100 100 30
20 3 0 0 0 13 43 26 20 18 64 42 16 41 0 0 12 11 47 0 39 68 41 0 0 47 40 54 31 16 0 73 42 66 47 16 15 100 98 31 60 0 0 0 3 12 70 47 94 61 100 73 12 81 29 3 43 0 46 24 63 99 79 51 54 62 62 40 13 2 7 0 45 100 77 39 55 0 16 0 3 33 100 97 80 100 100 68 98 98 99 100 100 86 100 97
0 0 24 46 2 51 24 0 0 56 12 0 0 0 0 1 57 27 28 0 53 6 0 0 26 85 3 0 0 0 0 28 8 37 3 8 76 100 25 38 2 0 0 0 0 34 87 44 56 71 56 87 63 12 5 12 0 7 97 74 67 72 62 32 42 76 72 26 23 0 10 51 83 100 35 39 0 0 27 12 30 13 50 61 99 100 100 100 94 28 69 84 75 83 100 89
2 4 19 58 30 28 4 0 0 0 0 31 20 0 12 27 25 34 5 0 10 0 0 0 48 55 0 0 0 0 48 3 4 50 11 38 94 38 28 51 0 0 25 8 28 5 59 48 30 92 41 39 27 86 43 58 41 39 94 47 32 37 94 78 98 100 100 97 10 0 94 99 100 95 98 51 5 0 7 84 29 51 92 88 96 99 67 67 95 96 75 56 89 100 100 61
71 61 19 7 61 27 33 42 15 8 65 50 69 53 37 38 19 4 0 21 23 0 0 2 29 18 5 1 13 17 77 31 5 0 24 32 46 17 31 0 0 22 7 50 65 5 12 80 71 84 49 13 88 100 84 65 34 73 24 34 13 63 51 77 63 100 92 66 11 54 93 100 100 100 92 56 54 47 37 8 81 32 3 6 41 43 43 67 100 100 100 97 32 79 100 61
54 26 32 31 34 0 54 16 42 43 59 59 67 56 51 48 9 12 44 42 49 29 23 9 0 7 42 40 1 54 53 51 6 23 31 28 19 0 0 0 0 7 58 17 57 10 9 67 30 3 0 71 61 98 100 86 42 59 8 32 17 67 98 52 77 100 74 29 97 100 65 68 99 68 50 84 34 88 31 12 16 86 68 74 69 85 48 68 100 100 100 88 17 69 100 100
26 31 21 43 35 15 28 72 73 58 52 58 57 7 41 65 8 32 32 5 49 18 0 15 46 33 62 33 13 40 37 76 0 0 4 51 0 0 0 0 0 6 9 0 51 70 19 43 40 51 28 25 50 72 100 41 85 66 60 75 33 92 69 53 100 100 100 94 91 56 48 62 41 58 38 64 45 38 81 61 54 25 53 79 100 100 100 100 100 100 87 64 60 8 92 75
86 5 0 55 20 0 82 39 0 3 0 34 0 30 50 47 17 4 0 2 25 44 6 80 33 98 100 56 0 0 16 4 0 0 13 11 6 60 14 0 0 7 37 18 24 76 26 65 75 70 68 51 3 62 92 72 100 4 43 64 36 76 71 88 100 86 61 17 32 0 0 0 17 31 0 15 23 25 72 66 86 14 28 6 31 28 82 95 76 27 3 45 32 38 68 2
45 1 24 9 14 60 69 49 36 31 49 0 0 45 34 41 24 0 44 1 0 0 0 0 32 75 98 10 0 0 0 0 18 33 55 25 67 34 0 31 13 0 0 20 12 45 55 34 19 2 68 100 90 100 100 97 80 29 33 36 64 85 84 100 100 54 21 2 3 13 29 18 6 16 0 0 0 29 21 78 27 45 100 98 80 99 100 90 37 50 95 100 83 60 7 46
6 48 29 71 67 75 18 27 37 96 58 13 0 24 10 0 0 5 47 38 0 49 28 4 10 12 85 37 65 4 0 29 90 88 70 78 6 2 21 0 9 39 0 6 25 13 74 94 70 63 33 21 100 100 91 28 52 39 39 13 51 100 100 46 30 14 45 0 0 0 7 32 42 11 0 6 33 3 17 0 55 52 25 71 75 100 97 36 26 70 95 96 42 1 39 13
0 0 66 70 76 49 16 55 52 23 0 0 50 59 0 0 0 0 13 27 31 22 100 75 100 60 79 70 49 23 15 21 58 26 25 41 2 0 0 0 23 22 0 41 82 5 99 62 46 35 45 17 27 86 34 42 47 19 84 90 50 7 100 91 26 0 0 0 0 0 0 0 0 17 32 0 0 5 63 6 27 36 31 83 92 70 92 50 63 95 100 54 16 1 62 83
30 14 50 33 49 42 9 23 11 7 0 0 5 0 0 0 0 13 19 1 74 77 100 57 93 99 97 44 56 44 24 5 32 26 11 18 0 0 0 74 89 15 16 0 45 22 45 57 0 3 0 22 32 98 90 49 48 97 92 80 40 0 66 100 91 40 1 0 0 14 0 0 0 2 14 0 4 28 36 5 1 35 18 18 46 87 100 100 100 88 50 2 3 25 73 33
52 6 98 68 46 25 45 18 7 51 57 34 21 0 0 0 39 39 20 9 58 33 43 10 49 2 7 2 9 16 74 57 97 15 24 15 0 0 17 31 15 12 42 19 47 79 77 100 86 93 45 46 34 80 100 100 100 100 87 47 7 64 88 47 40 65 10 0 0 49 43 8 0 0 14 0 2 55 79 64 29 27 40 14 96 100 100 94 71 18 0 12 31 13 8 94
39 55 89 3 2 40 39 28 72 49 72 38 3 1 34 19 15 23 67 36 47 5 20 39 18 44 67 82 37 12 82 100 58 2 20 55 32 14 25 26 42 0 39 21 100 100 100 63 32 65 90 82 46 89 100 83 60 80 70 31 58 50 77 4 2 40 4 0 8 0 27 10 1 12 0 0 0 0 10 70 30 25 10 38 34 88 57 5 0 0 0 12 11 29 85 64
42 99 65 1 1 29 1 71 64 32 47 41 0 0 0 0 34 31 100 1 0 14 6 7 68 38 0 13 100 79 90 79 52 50 69 42 20 8 13 26 88 68 63 59 98 61 61 11 79 92 22 51 48 55 88 22 69 95 37 62 82 78 33 41 0 0 0 3 42 58 9 12 65 33 17 16 0 0 67 9 37 55 100 84 91 45 20 16 0 0 0 5 42 46 85 18
82 60 6 57 87 46 47 30 0 0 38 13 0 11 0 0 2 5 74 0 20 44 51 23 49 42 14 4 91 97 23 4 28 0 0 10 26 55 5 49 76 88 57 23 54 63 16 38 96 92 24 17 55 46 12 0 9 76 59 42 54 23 2 5 0 20 0 1 43 17 0 0 56 89 57 22 3 10 91 34 97 100 100 100 69 58 14 58 39 0 11 78 100 82 85 0
29 22 0 39 100 49 1 0 0 0 0 0 17 1 0 0 36 55 67 14 42 16 6 66 31 34 44 85 100 85 48 40 11 46 2 13 35 42 16 68 11 0 11 41 88 100 100 94 85 55 63 63 17 0 0 0 27 21 19 26 22 4 0 10 0 13 0 0 0 0 25 21 15 96 51 16 22 19 93 33 100 100 66 75 81 2 27 83 11 37 91 91 54 19 26 54
1 0 0 11 55 5 14 57 55 37 73 45 0 0 0 44 18 37 23 27 2 30 2 42 3 44 61 50 55 92 100 46 13 50 2 35 63 72 69 83 16 0 0 90 75 100 91 11 35 62 75 6 6 0 0 0 0 9 42 32 10 0 0 27 22 0 0 11 6 4 46 80 10 35 100 83 84 90 88 55 100 100 21 11 1 55 39 0 22 98 93 6 9 97 19 4
0 0 35 34 43 88 40 36 26 97 78 84 44 0 25 48 40 39 45 30 31 33 72 27 0 2 2 50 13 71 97 16 24 64 32 88 97 100 100 48 13 17 79 79 48 100 100 84 74 91 44 44 43 0 0 0 2 52 86 63 84 34 0 34 12 4 1 37 2 3 49 41 69 0 66 100 100 71 25 67 100 100 26 36 58 62 6 29 95 87 32 1 82 55 30 46
4 41 29 21 90 87 43 79 6 39 40 40 25 0 0 10 61 53 82 57 38 98 92 74 5 0 19 68 49 25 3 48 49 26 17 95 100 100 100 9 96 70 70 88 100 100 97 91 44 88 99 43 8 0 17 81 100 82 88 98 60 92 36 22 32 3 1 44 20 9 93 64 97 12 31 100 85 15 30 16 82 46 7 68 25 3 45 100 76 25 85 11 98 89 100 100
34 29 41 69 88 99 62 7 34 46 31 27 2 25 31 77 61 20 42 47 48 90 100 52 0 0 0 13 19 32 97 43 52 94 96 41 44 71 24 60 89 99 78 51 78 73 70 31 66 48 98 43 33 78 99 100 100 40 60 87 25 41 50 47 24 0 25 5 29 20 49 98 100 42 21 100 30 1 48 0 13 3 59 41 8 71 93 54 35 34 69 83 87 74 61 63
41 6 40 64 61 94 75 21 45 35 28 25 20 66 73 75 65 6 55 49 65 68 79 0 0 0 0 0 5 52 59 55 100 45 79 50 78 100 84 95 52 93 100 100 100 93 46 90 94 99 87 68 100 86 89 85 50 0 0 33 55 100 76 32 22 40 32 40 46 20 64 71 100 44 21 93 46 5 37 5 28 49 54 24 81 100 42 59 19 2 79 87 57 44 34 98
23 34 100 82 99 80 50 13 17 22 28 26 47 71 77 35 71 0 0 45 35 99 47 36 6 54 7 0 0 17 29 100 61 3 30 0 44 100 65 71 100 100 100 52 88 89 96 100 100 100 100 100 87 37 0 0 5 40 76 84 44 91 81 49 78 75 27 49 18 4 94 88 61 6 36 98 9 38 67 15 22 77 40 82 93 62 41 60 8 29 97 91 9 14 81 100
65 62 30 73 47 62 29 60 43 22 62 60 2 39 82 20 5 0 0 0 57 100 22 20 26 34 68 56 81 35 45 100 99 74 83 57 100 100 70 91 100 100 100 61 33 73 98 100 100 97 62 33 0 33 25 63 83 100 79 50 66 39 16 22 66 39 88 90 24 58 98 61 24 17 90 82 14 86 86 45 70 40 93 84 9 49 73 94 84 100 100 72 30 98 94 100
5 32 60 44 33 24 26 2 0 0 0 15 9 40 57 27 0 0 0 0 23 47 11 64 52 33 24 42 61 29 100 100 71 81 98 89 100 100 35 84 97 57 100 84 91 61 100 76 79 9 0 0 0 64 87 90 98 98 41 58 24 5 53 59 29 49 34 89 99 99 49 34 10 91 100 4 23 82 31 67 47 93 86 16 0 39 57 100 63 55 87 76 85 90 36 97
0 8 43 0 40 12 65 4 0 8 26 49 20 3 0 38 7 14 0 36 24 8 29 27 93 100 86 100 91 98 99 70 40 74 83 90 100 73 51 74 100 84 98 100 100 100 44 45 14 2 0 0 58 66 100 88 66 45 8 25 54 40 95 43 39 100 89 49 70 29 49 29 46 91 69 43 81 78 22 48 89 83 12 0 0 0 82 100 86 99 74 30 77 71 85 74
47 32 67 36 0 46 80 3 0 20 62 47 0 0 0 11 36 72 8 0 22 66 60 88 71 100 100 100 100 99 100 87 17 60 99 100 68 82 76 100 100 78 77 21 84 93 88 21 39 30 39 86 100 98 87 53 11 0 47 87 83 100 100 70 91 98 51 6 22 58 92 39 26 9 0 59 78 15 9 79 72 71 42 0 25 52 29 29 49 63 100 94 26 17 99 100
74 69 61 72 24 65 14 57 66 3 28 29 29 51 0 0 16 45 9 75 93 31 41 72 93 100 100 86 69 34 20 45 58 100 78 100 100 100 73 99 62 53 73 96 99 99 76 26 0 58 100 100 100 100 74 78 97 35 81 100 100 100 100 100 49 10 0 0 12 89 64 0 0 36 72 52 50 57 42 49 88 30 0 0 22 20 0 7 0 44 79 86 29 37 100 100
54 80 75 33 71 69 43 93 72 5 34 1 26 3 47 65 46 32 90 100 100 100 100 100 100 100 100 100 20 0 0 3 29 99 69 94 100 100 41 22 81 100 100 100 100 100 67 5 23 88 100 100 95 84 97 100 100 100 100 100 100 100 100 99 8 0 0 0 46 54 3 41 70 33 63 23 49 60 79 99 80 50 39 36 27 59 64 32 5 7 60 100 100 100 100 59
0 0 0 0 2 4 49 49 6 50 56 85 85 93 98 93 46 69 100 85 65 100 94 85 100 100 100 100 95 79 100 92 100 100 100 100 100 72 0 49 100 83 88 78 94 100 93 42 32 83 100 100 62 86 96 62 100 100 65 70 100 100 40 26 0 9 45 0 26 18 37 70 37 0 29 78 91 100 79 100 34 86 66 65 66 79 18 54 92 94 95 100 100 100 100 100
0 0 0 0 0 9 46 29 77 57 100 100 73 51 87 94 58 98 94 16 84 100 78 45 99 100 100 100 90 100 100 81 32 55 69 100 80 2 26 91 44 15 84 22 55 100 98 18 88 80 100 100 97 100 79 90 100 100 77 91 97 93 37 0 0 22 20 46 93 97 12 20 17 18 34 84 95 94 59 85 79 62 100 69 88 27 99 100 100 100 90 100 100 100 100 95
47 51 10 0 0 12 49 28 72 41 82 100 100 56 97 88 94 69 87 60 100 100 95 54 17 48 19 45 62 85 55 44 30 10 5 68 75 3 66 61 62 20 9 8 100 98 18 17 100 100 72 100 100 100 80 70 100 100 90 22 38 100 62 0 0 0 33 58 89 36 0 32 84 72 96 63 57 97 6 9 41 98 72 52 60 46 100 100 100 100 38 100 100 100 100 99
96 65 56 15 66 12 51 34 74 32 52 91 46 10 96 71 70 100 100 100 100 100 100 89 0 36 0 6 92 70 0 1 57 77 15 0 33 92 61 32 86 100 59 35 58 45 4 31 91 62 77 99 48 78 31 38 100 59 66 0 48 100 79 1 49 20 2 23 0 0 50 70 71 94 81 100 85 20 0 0 59 71 55 74 100 100 100 100 100 98 47 100 100 100 100 97
7 49 95 28 63 77 87 97 97 49 95 97 26 25 91 100 100 100 100 100 100 100 65 31 40 60 24 0 13 3 3 1 64 92 51 66 54 88 80 6 86 48 94 11 44 9 43 2 87 61 60 99 76 34 87 94 97 0 44 24 25 71 61 0 38 70 0 0 0 19 69 93 98 69 100 88 13 3 55 61 8 28 8 100 100 85 100 81 88 33 79 100 100 100 100 100
0 26 97 69 0 56 100 62 83 91 100 48 50 49 100 100 100 91 90 72 96 61 7 0 69 100 48 0 1 48 87 80 37 32 100 54 100 92 64 56 37 55 72 47 50 37 0 1 42 20 43 33 75 61 32 38 36 30 71 16 54 49 13 0 63 26 1 0 18 10 68 100 89 100 100 97 94 67 100 97 68 100 79 99 100 89 91 19 32 57 100 100 100 100 100 100
20 35 14 45 59 92 67 2 13 92 100 100 92 33 69 44 47 52 87 50 64 0 0 0 64 100 63 60 55 29 24 54 24 52 61 9 37 0 11 2 21 55 9 27 8 38 0 0 0 0 0 7 3 6 12 7 0 0 33 43 73 24 27 0 7 5 0 0 4 20 88 78 17 43 45 97 81 100 85 100 100 100 100 85 95 57 64 29 56 98 100 100 100 100 65 69
45 43 88 100 71 75 58 90 95 100 100 86 34 44 95 9 0 94 99 27 12 17 66 71 73 62 25 6 28 25 0 1 4 11 0 0 0 6 48 28 24 53 54 14 20 0 29 49 45 49 16 1 4 0 0 0 0 0 16 0 10 31 24 27 16 10 3 0 0 50 100 88 13 0 1 54 91 63 49 99 100 100 97 74 90 81 57 34 63 79 96 79 100 70 27 23
7 78 87 99 89 85 95 89 80 53 79 63 93 71 30 51 10 100 100 85 68 10 60 62 59 10 22 68 24 55 0 0 0 0 4 7 0 44 100 74 0 0 0 0 3 11 76 98 83 65 10 32 68 74 54 47 40 14 0 0 0 10 39 39 76 100 86 72 91 70 26 0 0 0 3 34 100 82 77 99 100 100 100 100 100 100 65 69 6 63 22 70 100 47 55 9
57 24 3 8 18 57 95 18 61 52 25 60 11 56 1 55 37 100 56 97 69 42 27 54 29 40 17 0 27 30 0 0 0 0 76 69 100 96 97 60 64 21 18 53 42 46 62 97 100 28 7 24 40 41 73 95 100 76 0 47 14 81 99 66 100 100 100 100 100 40 57 77 41 6 4 41 97 73 56 88 69 99 100 100 86 20 34 88 71 9 23 87 86 43 46 28
78 62 17 0 2 22 48 36 11 42 64 55 86 17 0 6 62 82 35 53 71 0 0 28 89 64 2 45 0 0 0 0 0 0 12 56 84 97 100 47 58 81 69 41 8 71 96 97 22 71 35 59 44 10 15 75 69 17 0 82 84 100 93 41 97 100 67 65 65 93 90 43 15 34 61 98 91 8 0 64 44 100 100 49 0 12 34 86 94 18 0 0 40 77 32 80
49 9 2 54 83 87 56 18 68 63 27 68 30 12 2 66 72 80 38 47 9 0 0 1 92 11 0 0 0 0 0 2 57 21 82 83 23 42 100 96 63 53 72 99 100 47 92 62 100 62 6 37 93 97 78 36 100 98 4 0 39 78 96 27 1 100 100 96 16 76 98 97 6 16 84 100 100 100 62 60 57 53 71 69 69 63 70 100 77 62 66 5 0 33 28 6
27 28 62 100 100 70 14 81 89 71 43 50 0 0 17 58 28 33 9 0 0 0 0 18 18 0 0 0 0 6 5 36 55 54 27 12 52 98 98 33 8 45 78 92 60 100 92 100 100 98 44 49 89 97 96 64 78 91 0 13 36 47 100 43 63 100 100 100 59 51 20 90 32 86 100 100 88 87 66 77 41 6 15 27 6 52 80 100 100 86 72 4 0 0 0 59
29 77 100 74 94 58 63 100 98 22 12 62 14 0 0 9 83 0 0 0 0 0 0 0 0 0 0 24 47 75 90 87 22 57 81 9 67 65 42 69 94 59 90 100 67 84 47 86 100 100 24 4 82 82 37 3 0 87 30 30 0 34 68 22 53 81 25 71 80 15 0 7 7 74 93 75 21 93 69 62 28 4 34 93 76 38 15 76 99 97 43 76 23 0 0 75
85 97 78 100 100 100 99 100 100 87 10 13 86 90 25 37 9 0 0 0 0 0 0 3 40 70 69 46 49 92 72 78 91 100 97 34 44 48 13 71 100 100 100 100 59 66 80 77 100 100 73 82 100 100 58 56 15 23 0 33 49 52 90 54 40 74 1 65 31 0 0 20 73 100 52 24 14 96 100 100 45 63 96 47 6 44 56 61 49 50 74 42 23 0 0 9
