data/habitatmaps/RS_maps/habitat_Prunella.modularis_2015.asc
NCOLS 369 
NROWS 228 
XLLCORNER 479000 
YLLCORNER 73000 
CELLSIZE 1000 
NODATA_value -9 
[rows 118 to 176 of 228, columns 0 to 95 of 369]
-9 -9 -9 -9 -9 -9 -9 -9 -9 -9 -9 -9 -9 -9 -9 -9 -9 -9 -9 -9 -9 -9 -9 -9 -9 -9 100 100 100 100 100 79 9 19 92 89 54 0 0 7 90 100 100 100 100 100 97 65 43 81 98 75 34 10 7 0 8 9 0 3 21 0 11 30 76 73 33 10 2 31 37 23 15 0 35 7 10 96 31 25 3 1 47 21 52 33 29 42 53 0 0 7 1 25 35 21
-9 -9 -9 -9 -9 -9 -9 -9 -9 -9 -9 -9 -9 -9 -9 -9 -9 -9 -9 -9 -9 -9 -9 -9 -9 100 100 100 100 50 93 36 0 18 66 53 4 0 2 38 84 87 100 100 100 100 87 23 63 91 58 7 41 38 19 11 41 17 0 0 0 21 16 44 37 35 20 64 64 3 14 7 3 21 1 1 61 64 42 22 1 16 19 36 73 30 16 23 4 36 18 20 0 5 8 1
-9 -9 -9 -9 -9 -9 -9 -9 -9 -9 -9 -9 -9 -9 -9 -9 -9 -9 -9 -9 -9 -9 -9 99 100 100 100 99 37 5 12 0 13 23 55 60 11 0 0 38 59 26 62 59 84 100 35 27 86 83 6 1 3 46 1 7 26 0 0 0 0 0 0 18 8 46 71 20 33 61 23 8 0 35 3 46 38 0 3 0 13 12 0 0 4 0 2 0 19 13 12 3 11 23 75 20
-9 -9 -9 -9 -9 -9 -9 -9 -9 -9 -9 -9 -9 -9 -9 -9 -9 -9 -9 -9 -9 -9 86 84 100 100 100 60 4 37 48 60 61 82 48 0 0 23 55 75 18 51 94 100 88 44 41 40 100 85 0 0 1 19 0 0 0 0 0 0 11 1 0 2 45 52 69 31 17 12 26 28 24 9 0 67 8 30 40 0 0 25 0 0 0 43 39 0 0 24 48 47 8 41 33 4
-9 -9 -9 -9 -9 -9 -9 -9 -9 -9 -9 -9 -9 -9 -9 -9 -9 -9 -9 -9 -9 89 64 100 100 100 29 16 70 98 77 68 42 5 4 15 61 96 100 100 72 98 89 34 10 55 41 93 56 38 2 0 27 16 0 0 0 0 3 17 30 21 11 25 7 39 25 0 37 1 28 7 2 0 16 28 18 62 29 0 36 23 11 3 24 70 91 9 0 5 1 17 38 9 14 57
-9 -9 -9 -9 -9 -9 -9 -9 -9 -9 -9 -9 -9 -9 -9 -9 -9 -9 -9 -9 78 100 98 100 100 79 90 95 35 28 15 0 3 27 14 89 100 100 100 75 42 70 74 27 64 79 55 14 12 19 16 0 1 0 0 0 3 15 21 5 31 20 44 40 21 5 0 16 30 0 5 28 0 1 59 27 37 33 0 17 50 45 2 51 25 18 42 1 0 0 3 72 88 6 8 41
-9 -9 -9 -9 -9 -9 -9 -9 -9 -9 -9 -9 -9 -9 -9 -9 -9 -9 -9 34 80 100 100 100 93 65 91 44 8 0 0 7 62 77 97 100 100 100 100 92 14 64 50 30 68 30 1 8 71 65 35 0 0 0 0 0 25 20 21 26 0 0 0 9 0 35 30 11 41 1 16 67 26 30 11 63 12 31 15 53 0 15 59 39 0 7 27 2 0 0 17 61 13 10 13 42
-9 -9 -9 -9 -9 -9 -9 -9 -9 -9 -9 -9 -9 -9 -9 -9 -9 -9 2 47 83 100 100 90 40 71 9 0 0 2 51 95 90 100 100 100 100 100 100 91 10 67 24 17 70 83 84 95 99 86 9 0 0 0 0 6 7 24 64 39 0 19 48 8 41 19 49 16 51 42 42 38 20 46 0 25 41 25 0 53 45 7 59 78 0 17 5 28 34 21 38 7 0 12 44 23
-9 -9 -9 -9 -9 -9 -9 -9 -9 -9 -9 -9 -9 -9 -9 -9 -9 46 80 100 100 100 83 19 21 73 0 5 50 91 100 100 100 100 100 100 100 100 100 87 23 25 81 54 86 75 88 42 88 60 27 1 0 0 0 0 0 23 50 39 0 63 12 9 47 19 13 0 32 73 8 0 40 40 24 29 26 44 19 0 32 69 71 0 0 27 0 5 25 15 0 24 1 2 9 12
-9 -9 -9 -9 -9 -9 -9 -9 -9 -9 -9 -9 -9 -9 -9 -9 67 100 100 100 93 49 6 23 82 35 62 96 100 100 100 100 100 100 100 100 100 99 49 16 30 37 77 75 71 12 20 13 56 7 9 0 0 0 0 0 0 54 41 8 24 61 0 5 40 51 21 31 0 10 44 22 1 49 85 28 23 18 44 9 71 51 21 0 21 27 9 0 0 5 0 2 0 43 68 27
-9 -9 -9 -9 -9 -9 -9 -9 -9 -9 -9 -9 -9 -9 -9 39 100 100 98 81 54 47 82 97 41 21 100 100 100 100 100 100 100 100 93 71 100 96 73 97 89 87 61 77 59 14 72 44 9 11 0 0 0 0 5 6 35 58 36 56 36 46 0 30 17 59 34 16 0 2 66 16 22 61 19 0 7 0 2 27 13 0 0 0 13 6 37 0 6 23 32 22 35 7 26 33
-9 -9 -9 -9 -9 -9 -9 -9 -9 -9 -9 -9 -9 13 63 100 100 100 71 75 85 37 54 31 69 91 100 100 100 100 100 100 100 96 66 81 98 100 86 20 19 70 64 88 78 43 71 39 8 8 0 0 0 0 3 92 42 73 70 47 0 0 27 29 0 47 36 5 41 22 25 8 35 21 29 0 23 4 0 0 0 0 0 2 39 0 41 18 32 30 75 83 27 31 24 0
-9 -9 -9 -9 -9 -9 -9 -9 -9 -9 -9 -9 12 78 77 100 100 100 89 34 3 8 29 65 97 100 100 100 100 100 100 87 98 80 67 66 95 67 41 21 32 35 58 61 58 13 12 69 11 43 17 9 0 0 1 65 19 16 36 71 0 8 58 0 7 51 35 18 80 23 66 54 19 14 13 4 33 25 5 1 0 0 3 28 3 0 16 37 59 97 100 61 0 0 1 1
-9 -9 -9 -9 -9 -9 -9 -9 -9 -9 -9 52 84 100 100 98 79 65 10 0 4 37 97 100 100 100 100 100 100 100 97 84 57 71 27 12 69 83 64 47 40 40 45 85 66 35 78 100 73 16 24 0 0 0 7 30 4 40 54 17 9 78 4 0 80 28 0 27 47 15 52 24 11 19 28 1 25 37 2 20 0 0 25 0 6 29 1 15 44 30 20 0 0 0 0 0
-9 -9 -9 -9 -9 -9 -9 -9 -9 -9 69 91 83 88 52 9 0 9 37 60 91 52 96 100 100 100 100 100 100 94 72 42 53 18 21 6 34 78 8 58 72 70 88 10 49 100 100 97 99 38 1 0 4 27 90 50 0 0 50 7 12 50 0 35 31 1 0 7 30 24 61 0 29 64 17 2 21 41 0 0 0 0 10 24 17 29 23 63 67 10 21 4 15 0 0 0
-9 -9 -9 -9 -9 -9 -9 -9 -9 -9 41 44 100 27 2 23 12 36 67 99 84 49 90 100 100 100 100 100 98 78 40 30 16 28 8 35 86 94 58 49 38 92 20 57 93 95 36 23 37 24 6 49 83 84 25 13 0 0 0 0 0 25 1 25 48 21 0 15 59 74 13 17 15 13 34 51 40 0 0 0 2 0 0 29 1 24 39 77 33 24 41 18 3 25 29 4
-9 -9 -9 -9 -9 -9 -9 -9 -9 61 91 85 47 54 27 31 41 98 100 100 97 83 59 89 100 100 100 100 100 50 38 21 10 1 49 94 74 79 79 90 80 31 0 73 59 12 13 20 46 3 0 24 8 71 0 22 7 22 0 0 0 20 35 32 30 24 11 62 44 27 26 27 5 51 13 61 8 10 0 0 27 0 9 2 0 9 36 68 94 33 0 0 0 1 20 0
-9 -9 -9 -9 -9 -9 -9 -9 93 35 23 0 7 39 75 95 100 100 100 100 94 68 88 94 100 100 100 100 100 53 37 7 3 64 44 35 90 100 100 91 57 2 60 76 12 21 1 24 43 26 0 0 36 21 0 18 0 0 0 11 35 0 7 49 22 48 12 65 8 32 19 16 50 0 7 1 37 20 2 0 1 0 0 0 0 0 0 48 56 2 0 0 0 5 25 20
-9 -9 -9 -9 -9 -9 -9 -9 23 18 0 0 0 31 96 100 100 100 99 100 94 54 81 100 100 100 100 86 58 28 1 6 59 99 53 51 82 100 100 100 99 63 72 0 0 42 25 2 15 0 0 0 36 0 0 0 0 0 0 26 49 25 0 17 16 21 9 46 46 53 28 0 38 0 6 21 24 4 52 17 4 0 0 2 7 25 0 0 2 0 0 0 3 23 2 12
-9 -9 -9 -9 -9 -9 -9 -9 35 43 7 0 26 95 100 100 100 100 64 99 65 66 100 100 100 100 100 26 6 0 0 34 75 86 46 100 100 100 100 88 39 16 0 0 0 18 2 45 43 0 16 11 0 0 61 17 20 0 0 30 14 0 0 49 40 64 64 4 34 15 15 5 9 0 0 25 65 42 54 36 22 6 3 33 0 0 0 0 0 0 0 0 16 14 0 4
-9 -9 -9 -9 -9 -9 -9 -9 97 35 12 57 100 100 100 100 90 61 50 96 67 99 100 100 100 100 40 0 0 3 39 81 100 99 100 100 100 100 100 30 3 0 0 30 17 1 0 46 15 15 18 3 0 6 29 32 60 10 24 56 40 18 11 63 95 98 22 1 11 11 0 24 12 32 1 24 16 39 25 7 17 36 29 11 6 7 0 0 0 0 0 0 58 81 7 23
-9 -9 -9 -9 -9 -9 -9 52 53 28 90 100 100 100 100 69 51 36 14 40 96 100 100 100 100 99 23 1 36 53 87 100 100 100 100 100 100 100 79 4 9 24 49 94 36 0 0 0 0 5 21 0 0 0 0 0 0 0 19 10 36 32 0 33 71 72 44 0 13 0 9 79 9 6 12 1 0 2 25 1 0 37 36 2 68 53 24 28 41 13 0 7 34 70 17 33
-9 -9 -9 -9 -9 -9 -9 36 57 71 100 100 100 100 100 93 85 75 9 35 100 100 100 100 77 31 3 60 100 100 100 100 100 100 100 100 100 100 60 0 0 53 31 2 92 43 0 1 0 8 27 9 0 0 0 15 0 0 9 17 23 61 48 77 100 100 14 15 27 0 0 77 16 21 62 10 6 30 68 12 0 6 0 60 96 90 46 81 49 20 0 13 2 2 1 49
-9 -9 -9 -9 -9 -9 -9 1 17 93 100 100 99 72 85 100 87 17 33 98 100 100 100 100 67 44 18 100 100 100 100 100 100 100 100 100 100 93 15 2 52 49 0 0 52 10 6 25 3 0 47 18 0 0 31 5 11 35 14 12 96 93 87 100 100 99 50 34 40 0 0 9 14 0 13 16 16 3 0 0 0 0 4 93 98 100 92 100 81 25 0 12 0 1 47 100
-9 -9 -9 -9 -9 -9 -9 29 87 98 87 92 33 46 92 84 31 17 88 100 100 100 100 100 46 0 98 100 100 100 100 100 100 100 100 100 96 28 0 9 85 47 1 0 0 0 0 8 24 16 46 0 4 74 84 59 28 48 36 78 54 61 92 91 92 78 30 26 28 14 0 0 0 0 18 0 0 0 0 0 0 0 8 58 43 100 100 100 71 21 35 61 34 53 58 98
-9 -9 -9 -9 -9 -9 -9 98 100 100 85 28 46 80 60 19 55 91 100 100 99 100 94 36 1 46 100 100 96 96 100 100 100 100 100 90 28 0 0 10 80 95 95 35 0 4 0 0 4 0 38 19 0 3 63 28 0 12 3 6 56 57 75 35 85 100 100 60 31 38 1 0 0 4 20 27 0 9 8 1 0 0 58 100 100 100 100 100 60 47 99 90 17 19 7 76
-9 -9 -9 -9 -9 -9 -9 99 100 100 100 93 18 51 78 40 68 100 100 100 76 93 96 41 75 78 100 100 96 71 97 100 100 100 100 73 21 0 0 0 0 34 69 36 23 9 13 0 0 0 3 69 64 0 24 15 21 0 0 0 30 57 11 17 32 25 33 37 14 74 75 3 27 20 44 60 51 10 22 0 0 8 89 100 100 100 81 88 99 90 100 99 48 8 9 96
-9 -9 -9 -9 -9 -9 -9 100 100 100 100 71 26 77 37 45 100 100 100 100 100 84 8 88 100 100 100 100 100 100 100 100 100 100 100 30 0 0 28 58 44 55 54 0 0 0 1 15 0 0 4 36 46 0 23 0 0 0 0 0 18 18 6 51 10 11 31 0 0 2 21 25 31 19 3 5 0 6 22 0 0 0 67 99 100 100 100 59 83 100 100 100 100 29 0 59
-9 -9 -9 -9 -9 -9 -9 100 100 99 69 73 55 57 27 95 100 100 100 100 97 21 61 100 100 100 100 100 100 100 100 100 100 100 100 41 0 2 2 96 100 97 69 2 0 0 8 6 0 0 0 0 35 8 0 0 0 0 0 0 0 1 48 30 16 15 0 0 0 0 2 58 54 0 23 31 25 21 59 2 0 3 85 56 100 100 91 89 100 100 100 100 83 19 15 52
-9 -9 -9 -9 -9 -9 100 100 85 57 97 87 55 58 97 100 100 100 100 86 22 64 91 100 100 100 100 100 100 100 100 100 100 85 47 52 2 12 45 99 76 32 29 3 0 4 22 23 0 0 0 0 3 10 0 0 0 0 0 0 0 0 74 47 26 66 0 0 1 0 19 44 0 3 0 32 12 0 3 0 0 4 80 55 73 100 100 100 100 100 100 86 39 25 56 32
-9 -9 -9 -9 -9 75 100 79 65 85 54 96 57 71 100 100 100 100 79 3 51 100 100 100 100 100 100 100 100 100 69 72 94 18 3 25 38 35 92 51 14 0 0 0 0 0 0 29 1 0 0 0 19 1 0 0 0 0 0 0 0 0 42 10 0 33 0 11 38 16 10 4 33 55 1 0 0 0 11 0 0 23 61 60 66 97 92 100 98 93 81 38 29 31 54 50
-9 -9 -9 -9 -9 95 74 59 75 37 100 100 92 52 92 100 100 79 4 32 100 100 100 100 100 100 100 100 100 99 18 43 39 23 11 13 46 50 61 55 11 0 5 10 0 0 0 1 0 0 0 0 21 0 0 0 0 0 0 0 0 0 5 0 0 0 0 34 58 12 0 0 22 55 9 0 0 21 45 17 8 2 80 94 92 75 96 81 29 19 64 10 22 64 98 99
-9 -9 -9 -9 -9 42 85 100 82 91 100 92 58 72 80 99 53 5 1 83 100 100 100 100 100 100 100 100 100 73 4 8 64 41 0 0 37 73 0 11 36 0 2 29 0 0 1 0 0 0 0 0 0 0 0 0 0 0 0 0 0 0 0 0 0 0 0 0 24 53 0 0 36 47 44 7 6 67 3 77 64 84 100 100 100 100 100 82 20 14 54 40 21 100 100 96
-9 -9 -9 -9 -9 100 57 46 98 80 51 91 78 69 67 12 0 0 38 100 100 100 100 100 100 100 100 100 69 2 0 41 71 43 0 0 3 23 8 5 11 0 0 9 29 14 22 4 0 0 0 0 0 0 0 0 0 0 0 0 0 0 0 0 0 0 0 3 46 12 19 18 28 64 67 33 28 41 40 36 78 100 100 100 100 100 100 73 47 42 17 28 96 100 100 63
-9 -9 -9 -9 99 79 34 49 72 75 80 70 69 88 23 18 0 1 78 83 83 100 100 100 100 100 94 70 1 0 16 79 100 44 22 8 29 32 19 0 0 0 0 0 0 0 0 0 0 0 0 0 0 0 0 0 0 0 0 0 0 0 0 0 0 0 0 0 2 18 12 21 15 18 81 34 0 31 38 51 96 90 100 100 100 100 100 100 99 59 22 83 100 100 61 87
-9 -9 -9 -9 49 61 7 29 49 92 76 55 77 85 75 11 0 35 79 55 100 100 100 74 88 100 63 69 5 11 0 36 100 83 65 12 6 1 0 0 0 0 1 0 0 0 0 0 0 0 0 0 0 0 0 0 0 0 0 0 0 0 0 0 0 0 0 0 0 1 0 0 46 14 5 0 30 30 6 45 55 45 100 100 100 100 100 82 31 21 82 35 93 83 68 100
-9 -9 -9 -9 1 11 25 9 80 100 89 62 72 36 98 50 4 53 55 82 100 100 98 64 86 100 97 30 31 46 6 21 96 26 0 0 0 0 0 0 18 31 37 0 0 0 0 0 0 0 0 0 0 0 0 0 0 0 0 0 0 0 0 0 0 0 0 0 0 0 0 0 0 0 0 5 19 0 0 24 52 39 100 100 100 100 100 58 44 58 85 30 78 14 29 78
-9 -9 -9 -9 51 54 94 91 46 91 100 97 100 99 70 95 93 84 34 69 100 100 83 46 39 67 20 2 47 51 2 37 27 0 0 0 0 0 0 0 9 3 0 0 0 0 0 0 0 0 0 0 0 0 0 0 0 0 0 0 0 0 0 0 0 0 0 0 0 0 0 0 0 0 0 0 0 0 0 11 65 87 100 100 100 100 100 65 85 51 96 91 64 44 48 4
-9 -9 -9 -9 65 90 99 51 34 84 90 83 100 100 90 100 93 46 72 77 76 85 55 45 69 100 42 11 70 5 8 3 0 0 0 0 0 0 0 0 0 0 0 0 0 0 0 0 0 0 0 0 0 0 0 0 0 0 0 0 0 0 0 0 0 0 0 0 0 0 0 0 0 0 0 0 0 0 0 0 40 95 100 100 100 100 57 100 97 86 70 44 71 76 75 39
-9 -9 -9 78 74 100 98 71 99 82 100 100 100 100 100 100 80 65 100 100 100 100 100 100 100 82 38 25 91 13 0 14 9 0 0 0 0 0 0 0 0 0 0 0 0 0 0 0 0 0 0 0 0 0 0 0 0 0 0 0 0 0 0 0 0 0 0 0 0 0 0 0 0 0 0 0 0 0 0 0 33 71 100 100 100 77 70 100 100 100 80 81 99 100 91 28
-9 -9 -9 100 100 99 63 65 100 100 91 95 100 100 100 94 86 100 100 100 100 100 100 100 100 12 0 0 5 0 0 6 35 0 0 0 0 0 0 0 0 0 0 0 0 0 0 0 0 0 0 0 0 0 0 0 0 0 0 0 0 0 0 0 0 0 0 0 0 0 0 0 0 0 0 0 0 0 0 0 1 47 91 86 98 50 100 97 79 95 100 99 96 100 80 27
-9 -9 -9 100 82 47 58 74 98 77 47 100 100 100 100 91 100 100 100 100 100 100 100 90 94 15 0 0 0 0 1 8 0 0 0 0 0 0 0 0 0 0 0 0 0 0 0 0 0 0 0 0 0 0 0 0 0 0 0 0 0 0 0 0 0 0 0 0 0 0 0 0 0 0 0 0 0 0 0 0 0 20 75 96 100 98 100 62 61 77 40 50 80 100 70 25
-9 -9 -9 48 75 83 92 66 89 24 88 100 100 93 100 100 100 100 100 100 100 100 47 19 8 0 0 0 0 0 34 65 2 0 0 0 0 0 0 0 0 0 0 0 0 0 0 0 0 0 0 0 0 0 0 0 0 0 0 0 0 0 0 0 0 0 0 0 0 0 0 0 0 0 0 0 0 0 0 0 0 13 100 81 100 100 100 100 100 90 95 100 100 100 76 14
-9 -9 -9 -9 96 71 29 30 52 54 94 100 77 48 100 100 100 100 100 100 100 58 0 0 0 0 0 0 0 0 14 30 0 0 0 0 0 0 0 0 0 0 0 0 0 0 0 0 0 0 0 0 0 0 0 0 0 0 0 0 0 0 0 37 86 85 61 36 2 0 0 0 0 0 0 0 0 0 0 0 0 7 92 94 100 74 96 100 100 100 100 100 100 100 54 28
-9 -9 -9 -9 46 32 39 42 95 100 100 67 5 69 100 100 100 100 100 100 97 22 0 0 0 0 0 0 0 0 7 5 0 0 0 0 0 0 0 0 0 0 0 0 0 0 0 6 54 1 0 0 0 0 0 3 13 35 17 52 82 80 85 82 10 78 53 89 86 36 7 0 0 0 0 0 0 0 0 0 0 0 45 100 91 93 100 95 97 82 100 74 32 93 33 12
-9 -9 -9 -9 40 68 100 100 100 100 95 34 77 97 100 100 100 100 100 78 10 0 0 0 0 0 0 1 0 0 0 0 0 0 0 0 0 0 0 0 0 0 0 0 0 0 0 6 23 3 18 2 0 0 0 41 37 40 47 43 31 36 80 44 63 79 87 98 100 97 96 70 37 23 6 2 15 32 35 40 50 0 52 100 98 90 79 50 12 23 100 31 63 73 12 34
-9 -9 -9 -9 48 98 100 100 100 77 64 85 100 100 100 100 100 100 99 26 0 0 0 0 0 0 4 0 0 0 0 0 0 0 0 0 0 0 0 0 0 0 0 0 0 0 0 0 3 13 0 0 28 34 28 32 60 0 0 0 6 81 46 92 100 100 100 100 100 100 100 100 100 100 100 61 2 22 60 6 9 1 68 100 65 28 54 77 25 77 100 94 18 28 52 20
-9 -9 -9 -9 -9 100 100 100 59 65 88 33 97 100 100 100 100 100 53 0 0 2 1 21 38 0 28 0 0 0 0 0 0 16 42 18 0 0 0 0 0 0 0 0 0 0 0 0 30 39 1 24 33 31 15 7 13 0 31 59 30 19 0 54 94 100 100 100 100 100 82 88 100 97 100 100 58 0 37 3 0 44 100 79 82 62 99 16 70 100 100 36 44 40 57 73
-9 -9 -9 -9 -9 -9 100 92 67 100 98 96 100 67 92 72 75 97 34 52 2 22 15 52 14 0 0 0 0 0 0 0 0 0 8 69 15 0 0 0 0 0 0 0 0 0 0 0 64 100 71 11 18 0 0 7 0 0 4 16 3 1 3 61 99 100 96 93 100 99 96 50 90 27 63 100 98 8 43 27 0 41 92 56 87 65 66 91 84 46 52 42 100 65 22 64
-9 -9 -9 -9 -9 -9 100 72 100 100 82 100 100 49 8 3 0 20 71 46 0 0 11 49 0 0 0 0 0 0 0 8 23 54 23 44 49 0 0 0 0 0 0 1 41 10 11 59 47 43 93 39 0 19 0 40 1 3 60 78 98 95 100 100 100 69 22 46 62 100 67 42 25 61 88 100 100 47 27 4 0 13 96 100 73 80 98 88 6 28 66 74 25 35 60 64
-9 -9 -9 -9 -9 -9 92 80 100 95 82 100 100 33 12 0 0 75 69 0 4 4 0 2 0 0 0 0 0 0 1 63 89 83 73 88 77 5 0 0 0 0 0 32 43 33 42 22 36 15 36 95 92 41 -9 -9 -9 46 30 11 80 100 100 100 100 100 38 69 100 100 93 40 0 39 64 99 100 100 24 2 0 7 53 48 93 96 49 10 42 99 96 36 43 95 100 100
-9 -9 -9 -9 71 94 52 100 100 91 81 100 89 1 0 0 0 5 0 3 35 63 0 0 0 0 0 0 0 16 10 70 39 30 10 30 35 0 0 0 0 7 4 32 5 44 43 3 33 41 45 90 -9 -9 -9 -9 -9 100 64 33 34 75 84 100 100 100 97 100 100 98 35 31 58 45 100 78 67 74 6 20 25 15 30 59 54 77 58 71 100 96 76 100 100 100 100 100
-9 -9 67 49 92 48 83 100 100 100 100 99 34 0 0 0 3 19 12 2 44 39 0 0 0 0 0 0 0 1 12 61 39 42 3 0 14 30 35 56 45 66 90 41 59 13 0 0 18 56 -9 -9 -9 -9 -9 -9 -9 -9 100 99 41 28 54 100 100 100 100 100 87 83 33 32 74 99 100 100 100 97 21 0 0 33 0 0 19 83 88 99 86 72 100 100 100 100 100 100
-9 44 51 95 36 62 100 100 100 100 100 78 0 0 0 0 5 16 0 1 56 28 0 0 0 0 0 0 1 0 5 42 0 0 4 53 89 100 53 70 100 100 87 47 23 0 0 2 52 -9 -9 -9 -9 -9 -9 -9 -9 -9 100 100 91 65 37 76 100 100 100 100 81 99 100 62 63 50 89 94 80 63 60 0 0 26 0 0 18 74 100 51 90 82 100 85 84 81 63 81
56 57 45 71 25 100 100 100 100 100 100 72 0 0 0 0 0 0 28 76 86 56 6 0 0 0 0 0 23 47 67 6 20 0 24 14 45 47 16 89 100 63 19 0 0 -9 -9 -9 -9 -9 -9 -9 -9 -9 -9 -9 -9 -9 100 100 100 82 95 100 100 100 95 52 30 86 100 84 97 95 100 100 96 78 84 0 0 1 0 0 20 59 78 87 70 32 34 26 25 8 59 80
79 89 91 92 92 100 100 100 100 100 73 16 6 0 23 0 0 24 63 100 65 23 0 0 0 0 0 0 8 72 62 93 54 0 1 37 9 25 70 100 75 8 0 0 0 -9 -9 -9 -9 -9 -9 -9 -9 -9 -9 -9 -9 -9 100 100 80 35 90 100 100 100 47 43 70 61 49 74 100 100 100 99 100 100 100 59 7 0 0 0 16 8 26 100 61 47 48 43 46 90 100 100
100 100 100 100 100 100 100 100 100 100 95 10 1 6 1 35 0 6 74 23 80 26 0 0 0 0 0 0 0 0 8 93 100 27 0 14 88 65 37 71 73 51 0 0 4 -9 -9 -9 -9 -9 -9 -9 -9 -9 -9 -9 -9 -9 -9 94 72 63 90 59 48 100 88 48 78 54 53 11 69 79 97 65 75 97 100 82 0 0 0 0 52 6 33 61 27 89 93 37 61 73 82 71
100 100 100 100 100 100 100 100 100 99 36 0 0 0 37 1 0 1 34 0 29 24 37 0 0 0 0 0 0 0 0 45 71 76 15 44 81 5 0 23 4 0 0 11 45 -9 -9 -9 -9 -9 -9 -9 -9 -9 -9 -9 -9 -9 -9 -9 100 100 100 54 64 44 58 91 100 100 100 100 76 37 32 73 82 78 93 100 100 25 0 0 0 1 0 1 39 71 86 86 46 37 33 98
100 100 100 93 98 99 100 100 98 47 2 28 7 0 17 0 0 0 0 0 4 20 9 0 0 0 0 0 0 0 0 31 80 55 53 45 8 0 0 0 0 2 36 91 100 97 -9 -9 -9 -9 -9 -9 -9 -9 -9 -9 -9 -9 -9 -9 100 100 100 100 100 95 31 56 77 82 89 100 100 96 37 56 95 100 96 97 100 86 30 5 9 27 18 0 40 17 47 27 82 72 79 100
