data/climatemaps/RS_maps/climate_breeding_pr_2019.asc
NCOLS 369 
NROWS 228 
XLLCORNER 479000 
YLLCORNER 73000 
CELLSIZE 1000 
NODATA_value -9 
[rows 136 to 169 of 228, columns 150 to 224 of 369]
0.203 0.25 0.434 0.294 0.024 -0.27 -0.518 -0.519 -0.452 -0.416 -0.387 -0.322 -0.262 -0.314 -0.397 -0.364 -0.288 -0.269 -0.22 -0.101 0.23 0.721 1.065 1.447 1.679 1.706 1.671 1.634 1.547 1.349 1.167 0.973 1.146 1.505 1.318 1.073 0.678 0.451 0.817 1.001 1.331 1.834 2.366 2.671 2.921 3.325 3.562 3.396 3.219 3.294 3.235 3.108 3.09 2.817 2.647 2.378 2.095 1.643 1.42 1.474 1.464 1.51 1.697 2.084 2.419 2.554 2.598 2.627 2.337 2.559 2.546 2.382 2.259 2.503 2.563
0.383 0.578 0.764 0.582 0.311 -0.058 -0.448 -0.297 -0.15 -0.036 -0.028 -0.014 -0.065 -0.249 -0.408 -0.451 -0.424 -0.366 -0.196 0.07 0.218 0.466 0.844 1.273 1.583 1.651 1.587 1.555 1.578 1.411 1.183 1.095 1.347 1.598 1.403 1.193 0.905 0.531 0.874 0.902 1.199 1.669 2.196 2.622 2.872 3.267 3.591 3.612 3.614 3.512 3.373 3.207 2.978 2.598 2.258 1.987 1.766 1.585 1.69 1.9 1.987 2.071 1.949 2.068 2.517 2.707 2.676 2.784 2.564 2.751 2.815 2.588 2.622 2.844 2.814
0.612 0.848 0.969 0.775 0.418 -0.001 -0.353 -0.229 -0.085 0.148 0.197 0.202 0.098 -0.09 -0.245 -0.321 -0.316 -0.26 0.105 0.485 0.519 0.561 0.793 1.128 1.521 1.7 1.647 1.504 1.423 1.271 1.183 1.26 1.551 1.595 1.449 1.175 0.947 0.643 0.782 0.996 1.224 1.687 2.119 2.459 2.868 3.415 3.621 3.581 3.538 3.43 3.188 2.928 2.585 2.254 1.944 1.854 1.826 1.696 1.991 2.158 2.39 2.538 2.512 2.333 2.522 2.788 2.783 2.978 2.791 2.885 3.024 2.775 2.987 3.063 2.892
0.889 1.113 1.112 0.826 0.532 0.204 -0.282 -0.301 -0.155 0.174 0.336 0.331 0.273 0.133 0.039 0.016 0.111 0.126 0.219 0.547 0.754 0.873 0.952 1.098 1.346 1.603 1.701 1.574 1.384 1.273 1.287 1.451 1.556 1.472 1.455 1.366 1.312 0.911 0.793 1.158 1.456 1.819 2.081 2.407 2.905 3.358 3.535 3.614 3.534 3.416 3.228 2.691 2.222 2.074 2.073 2.163 2.069 1.826 2.162 2.436 2.69 2.833 2.906 2.788 2.643 2.881 2.877 3.067 2.958 2.991 3.154 3 3.242 3.153 2.877
1.3 1.287 1.094 0.87 0.778 0.313 -0.193 -0.32 -0.154 0.202 0.448 0.476 0.45 0.4 0.399 0.448 0.646 0.494 0.248 0.481 0.603 0.841 1.178 1.295 1.283 1.35 1.583 1.65 1.5 1.483 1.486 1.469 1.616 1.576 1.63 1.639 1.556 1.319 0.969 1.155 1.477 1.881 2.078 2.345 2.887 3.263 3.364 3.505 3.421 3.287 3.051 2.488 2.215 2.353 2.43 2.437 2.152 2.065 2.218 2.509 2.804 2.972 3.016 2.95 2.83 2.889 2.941 3.112 3.024 3.078 3.199 3.18 3.22 3.058 2.862
1.387 1.358 1.138 1.129 0.853 0.394 -0.084 -0.299 -0.078 0.238 0.462 0.535 0.639 0.733 0.912 1.06 1.044 0.772 0.456 0.462 0.575 0.791 1.135 1.462 1.502 1.415 1.392 1.531 1.608 1.58 1.603 1.544 1.677 1.666 1.63 1.631 1.6 1.536 1.266 1.225 1.537 1.849 2.001 2.263 2.781 3.202 3.278 3.363 3.435 3.331 3.006 2.529 2.488 2.626 2.648 2.557 2.273 2.333 2.398 2.49 2.841 3.109 3.12 2.988 2.987 2.962 2.927 3.065 2.964 3.139 3.178 3.302 3.25 3.042 2.708
1.291 1.264 1.198 1.276 0.901 0.485 -0.011 -0.247 0.004 0.196 0.388 0.622 0.865 1.263 1.523 1.287 1.155 1.015 0.841 0.851 0.882 0.828 1.1 1.377 1.606 1.605 1.45 1.377 1.416 1.383 1.449 1.42 1.492 1.61 1.678 1.752 1.723 1.677 1.487 1.359 1.624 1.761 1.788 2.106 2.605 3.054 3.254 3.503 3.735 3.65 3.244 2.712 2.713 2.795 2.758 2.616 2.377 2.43 2.511 2.552 2.761 2.986 3.09 2.941 2.961 2.734 2.676 2.809 2.863 2.982 3.072 3.245 3.257 3.043 2.632
1.158 1.194 1.272 1.178 0.877 0.489 -0.055 -0.232 -0.048 0.086 0.318 0.652 0.996 1.409 1.543 1.364 1.32 1.229 1.13 1.166 1.174 0.998 1.177 1.384 1.467 1.739 1.642 1.434 1.358 1.314 1.289 1.294 1.318 1.386 1.463 1.587 1.629 1.693 1.714 1.631 1.699 1.584 1.65 2.095 2.529 2.903 3.362 3.659 3.76 3.618 3.33 3.003 2.869 2.962 2.798 2.639 2.495 2.5 2.54 2.408 2.495 2.686 2.79 2.616 2.42 2.273 2.449 2.533 2.557 2.682 2.832 2.937 3.044 2.946 2.771
1.158 1.23 1.185 0.987 0.67 0.351 -0.181 -0.091 0.05 0.176 0.443 0.799 1.147 1.544 1.645 1.595 1.605 1.553 1.497 1.515 1.489 1.304 1.347 1.566 1.509 1.647 1.68 1.527 1.582 1.568 1.474 1.513 1.591 1.614 1.578 1.588 1.76 1.996 2.079 1.898 1.732 1.45 1.719 2.148 2.626 2.934 3.385 3.542 3.557 3.554 3.512 3.326 3.008 3.09 2.8 2.805 2.641 2.432 2.341 2.24 2.321 2.328 2.178 1.97 1.92 2.065 2.057 2.089 2.113 2.405 2.646 2.862 2.869 2.969 2.772
1 1.039 0.924 0.744 0.511 0.158 -0.239 0.037 0.264 0.466 0.788 1.051 1.255 1.551 1.642 1.659 1.625 1.681 1.795 1.832 1.704 1.676 1.726 1.777 1.718 1.625 1.652 1.758 1.934 1.897 1.859 1.862 1.847 1.791 1.795 1.925 2.129 2.277 2.19 1.94 1.651 1.298 1.566 2.077 2.505 2.928 3.332 3.467 3.562 3.705 3.679 3.423 3.097 3.172 2.956 2.963 2.769 2.317 2.149 2.082 1.982 1.809 1.577 1.374 1.597 1.729 1.639 1.65 1.79 1.984 2.193 2.42 2.64 2.845 2.67
0.835 0.754 0.656 0.508 0.271 0.05 -0.244 -0.044 0.251 0.611 0.993 1.264 1.351 1.439 1.558 1.699 1.598 1.569 1.7 1.836 1.679 1.741 1.934 2.075 1.914 1.86 1.873 2.096 2.13 2.049 1.988 1.933 1.896 1.905 2.036 2.196 2.257 2.261 2.124 1.78 1.355 1.128 1.388 1.868 2.307 2.777 3.009 3.394 3.6 3.792 3.67 3.506 3.291 3.174 2.993 2.754 2.647 2.265 1.821 1.624 1.448 1.267 1.061 1.135 1.342 1.35 1.277 1.412 1.596 1.791 1.945 2.156 2.364 2.503 2.416
0.807 0.628 0.472 0.387 0.281 0.126 -0.167 -0.068 0.207 0.54 0.934 1.256 1.354 1.372 1.438 1.553 1.524 1.487 1.573 1.755 1.697 1.689 1.896 2.147 2.117 2.13 2.147 2.258 2.198 2.155 2.154 2.171 2.201 2.202 2.219 2.203 2.161 2.065 1.857 1.456 1.159 1.127 1.282 1.602 2.067 2.466 2.764 3.195 3.362 3.563 3.657 3.438 3.152 2.859 2.614 2.355 2.195 1.921 1.606 1.388 1.212 1.042 0.896 0.922 1 0.977 0.938 1.091 1.232 1.429 1.646 1.927 2.116 2.229 2.227
0.884 0.587 0.583 0.615 0.446 0.182 -0.081 0.045 0.268 0.486 0.743 1.186 1.431 1.41 1.347 1.347 1.362 1.382 1.471 1.639 1.674 1.676 1.795 1.972 2.129 2.237 2.208 2.335 2.381 2.392 2.39 2.319 2.396 2.296 2.217 2.027 1.9 1.752 1.407 1.144 1.135 1.377 1.478 1.618 1.834 2.073 2.684 2.974 3.059 3.468 3.576 3.244 2.898 2.519 2.194 1.876 1.709 1.672 1.658 1.609 1.462 1.27 0.982 0.819 0.748 0.667 0.656 0.736 0.833 1.006 1.23 1.578 1.749 1.863 1.902
0.952 0.788 0.791 0.689 0.414 0.181 0.082 0.246 0.449 0.671 0.927 1.27 1.43 1.472 1.398 1.292 1.247 1.26 1.342 1.443 1.596 1.687 1.776 1.893 2.02 2.14 2.181 2.363 2.514 2.522 2.527 2.377 2.252 2.233 2.024 1.807 1.523 1.282 1.119 1.134 1.365 1.604 1.75 1.894 2.102 2.352 2.537 2.805 3.107 3.283 3.244 2.95 2.521 2.122 1.915 1.855 1.972 2.082 2.272 2.271 2.139 1.852 1.503 1.238 1.061 0.908 0.791 0.748 0.738 0.789 0.941 1.204 1.268 1.313 1.361
0.954 0.836 0.779 0.603 0.426 0.336 0.357 0.505 0.696 0.972 1.208 1.346 1.368 1.41 1.381 1.282 1.194 1.144 1.203 1.385 1.627 1.731 1.825 1.922 1.963 1.997 2.151 2.391 2.564 2.584 2.681 2.483 2.092 2.031 1.778 1.366 1.11 1.022 1.066 1.264 1.561 1.834 2.048 2.236 2.331 2.66 2.703 2.902 3.138 3.046 2.91 2.598 2.228 2.108 2.227 2.315 2.616 2.736 2.98 2.922 2.776 2.473 2.154 1.85 1.64 1.494 1.326 1.247 1.123 0.925 0.858 0.921 0.836 0.807 0.821
0.881 0.8 0.765 0.647 0.545 0.526 0.596 0.761 0.938 1.073 1.208 1.315 1.354 1.36 1.341 1.286 1.211 1.125 1.134 1.306 1.545 1.789 1.952 2.036 1.969 1.946 2.193 2.266 2.406 2.461 2.471 2.435 2.087 1.636 1.326 1.074 1.025 1.159 1.382 1.549 1.67 1.868 2.138 2.411 2.612 2.828 2.968 3.078 3.044 2.83 2.593 2.408 2.382 2.587 2.817 2.947 3.204 3.435 3.532 3.393 3.17 2.924 2.686 2.401 2.174 2.057 1.944 1.932 1.795 1.423 1.06 0.847 0.665 0.534 0.438
0.873 0.86 0.883 0.787 0.728 0.751 0.837 0.919 0.961 1.083 1.182 1.257 1.321 1.362 1.391 1.4 1.328 1.164 1.101 1.174 1.387 1.723 1.911 1.962 1.858 1.833 2.12 2.126 2.187 2.342 2.233 2.138 1.8 1.318 1.06 1.002 1.169 1.481 1.768 1.989 2.089 2.011 2.186 2.463 2.694 2.887 3.007 3.07 2.953 2.686 2.595 2.724 2.84 3.064 3.341 3.465 3.714 3.898 3.904 3.708 3.461 3.065 2.816 2.698 2.582 2.475 2.432 2.464 2.278 1.976 1.6 1.127 0.852 0.632 0.376
0.877 0.953 1.019 0.952 1.014 0.904 0.845 0.901 0.852 1.02 1.171 1.207 1.273 1.432 1.585 1.705 1.553 1.292 1.137 1.101 1.296 1.622 1.725 1.784 1.634 1.676 2.025 1.976 1.905 2.075 1.972 1.697 1.339 1.039 1.008 1.175 1.444 1.789 2.142 2.414 2.489 2.368 2.282 2.563 2.765 2.881 2.987 3.087 2.996 2.899 3.032 3.286 3.406 3.531 3.775 3.897 4.088 4.198 4.22 4.054 3.798 3.323 2.85 2.597 2.568 2.514 2.571 2.644 2.606 2.491 2.208 1.779 1.357 0.967 0.673
0.901 0.917 0.866 0.795 0.832 0.679 0.658 0.742 0.77 0.865 1.046 1.233 1.385 1.618 1.603 1.567 1.609 1.494 1.275 1.174 1.266 1.562 1.598 1.473 1.397 1.604 1.795 1.826 1.787 1.662 1.55 1.241 1.035 0.99 1.18 1.492 1.682 2.032 2.454 2.668 2.751 2.769 2.633 2.807 2.904 3.029 3.159 3.283 3.324 3.391 3.568 3.775 3.859 3.899 4.031 4.229 4.28 4.301 4.281 4.149 4.015 3.527 2.998 2.478 2.169 2.265 2.37 2.501 2.807 2.95 2.765 2.43 1.927 1.459 1.234
0.847 0.798 0.698 0.546 0.681 0.523 0.504 0.589 0.631 0.793 1.088 1.138 1.31 1.566 1.482 1.373 1.493 1.602 1.381 1.225 1.253 1.544 1.548 1.291 1.164 1.444 1.534 1.55 1.518 1.289 1.112 0.966 0.998 1.153 1.42 1.785 1.994 2.249 2.714 2.935 3.066 3.147 2.986 3.065 3.103 3.185 3.296 3.397 3.528 3.757 3.976 4.123 4.06 3.953 4.024 4.229 4.322 4.325 4.151 3.868 3.802 3.497 3.058 2.518 1.919 1.873 2.14 2.424 2.864 3.098 3.027 2.762 2.269 1.881 1.701
0.7 0.597 0.57 0.395 0.441 0.344 0.311 0.446 0.634 0.922 1.087 1.013 1.077 1.286 1.419 1.333 1.332 1.436 1.416 1.238 1.255 1.453 1.446 1.212 0.929 1.109 1.241 1.215 1.105 0.919 0.846 0.963 1.262 1.554 1.646 2.059 2.364 2.568 2.968 3.202 3.313 3.372 3.129 3.2 3.307 3.24 3.223 3.25 3.498 3.984 4.235 4.325 4.16 3.806 3.792 4.015 4.251 4.142 3.87 3.443 3.319 3.248 2.815 2.335 1.644 1.527 2.023 2.407 2.883 3.06 3.099 2.905 2.519 2.31 2.285
0.57 0.393 0.375 0.197 0.214 0.168 0.252 0.471 0.71 0.934 1.067 0.955 0.925 1.137 1.394 1.348 1.324 1.281 1.271 1.181 1.22 1.372 1.37 1.106 0.674 0.734 0.9 0.863 0.708 0.673 0.831 1.176 1.577 1.947 1.957 2.224 2.623 2.916 3.214 3.402 3.493 3.502 3.267 3.172 3.23 3.132 3.058 3.117 3.409 3.894 4.177 4.281 4.105 3.663 3.616 3.809 3.932 3.814 3.602 3.079 2.919 2.868 2.451 1.899 1.332 1.299 1.78 2.276 2.855 3.261 3.392 3.28 3.183 3.04 2.78
0.262 0.203 0.109 0.079 0.178 0.288 0.44 0.628 0.713 0.795 0.959 0.89 0.919 1.146 1.296 1.287 1.293 1.21 1.069 1.087 1.207 1.375 1.302 0.991 0.48 0.406 0.537 0.482 0.448 0.673 1.037 1.471 1.849 2.238 2.304 2.303 2.754 3.223 3.41 3.593 3.535 3.478 3.409 3.145 2.949 2.833 2.806 2.978 3.287 3.794 4.049 4.253 4.065 3.57 3.24 3.437 3.539 3.387 3.17 2.59 2.381 2.449 2.168 1.608 1.053 1.131 1.631 2.163 2.699 3.219 3.59 3.584 3.543 3.354 3.007
-0.032 0.013 0.079 0.172 0.354 0.529 0.663 0.755 0.758 0.788 0.888 0.851 0.89 1.046 1.11 1.061 1.052 0.978 0.891 0.993 1.18 1.291 1.144 0.818 0.33 0.184 0.238 0.253 0.443 0.847 1.266 1.686 2.064 2.432 2.614 2.637 2.912 3.308 3.441 3.557 3.536 3.639 3.671 3.353 2.926 2.638 2.603 2.885 3.254 3.795 4.199 4.407 4.13 3.296 2.788 2.91 3.051 3.145 3.023 2.492 1.925 1.841 1.629 1.208 0.926 1.21 1.654 2.076 2.405 2.839 3.33 3.502 3.371 3.14 2.774
-0.139 0.091 0.26 0.405 0.569 0.706 0.809 0.884 0.972 0.937 0.916 0.941 0.843 0.79 0.839 0.765 0.759 0.67 0.711 0.92 1.083 1.054 0.915 0.593 0.17 0.039 0.046 0.245 0.598 1.042 1.457 1.805 2.106 2.524 2.893 2.973 3.09 3.206 3.269 3.354 3.502 3.795 3.832 3.502 3.283 2.641 2.599 2.804 3.128 3.747 4.318 4.586 4.127 3.098 2.285 2.2 2.538 2.867 2.729 2.362 1.763 1.42 1.132 0.858 0.82 1.225 1.65 1.886 2.131 2.564 3.138 3.412 3.24 2.966 2.575
-0.091 0.198 0.402 0.533 0.643 0.694 0.739 0.85 0.953 1.024 1.022 1.009 0.884 0.666 0.548 0.457 0.443 0.468 0.578 0.745 0.814 0.76 0.598 0.293 0.015 -0.036 0.061 0.336 0.711 1.092 1.425 1.746 2.136 2.523 2.795 2.913 3.043 3.144 3.243 3.338 3.596 3.853 3.87 3.726 3.468 2.807 2.469 2.768 3.068 3.569 4.01 4.179 3.879 3.177 2.278 1.793 2.05 2.316 2.482 2.313 1.941 1.769 1.41 0.951 0.762 1.026 1.34 1.583 1.997 2.585 3.051 3.247 3.226 2.985 2.575
-0.01 0.263 0.489 0.537 0.549 0.568 0.62 0.684 0.752 0.939 0.938 0.881 0.795 0.534 0.252 0.16 0.246 0.374 0.432 0.484 0.493 0.412 0.224 0.013 -0.09 -0.017 0.183 0.409 0.702 1.021 1.363 1.732 2.053 2.305 2.464 2.552 2.734 2.899 3.123 3.313 3.546 3.733 3.882 3.922 3.619 2.968 2.406 2.647 2.943 3.379 3.793 3.968 3.918 3.458 2.442 1.57 1.592 1.925 2.225 2.22 2.173 2.113 1.745 1.23 0.786 0.783 1.056 1.304 1.948 2.59 2.987 2.953 2.936 2.788 2.403
0.068 0.264 0.45 0.49 0.441 0.383 0.535 0.57 0.533 0.795 0.69 0.613 0.569 0.304 -0.024 0.042 0.181 0.225 0.205 0.205 0.122 0.057 -0.076 -0.15 -0.093 0.059 0.183 0.493 0.751 1.075 1.402 1.574 1.81 2.005 2.089 2.275 2.399 2.647 3.035 3.232 3.364 3.469 3.679 3.803 3.682 3.096 2.362 2.469 2.795 3.298 3.633 3.879 4.011 3.522 2.576 1.497 1.313 1.622 1.91 2.077 2.185 2.162 1.874 1.41 0.844 0.722 1.041 1.34 1.957 2.608 2.996 2.891 2.731 2.477 2.026
-0.017 0.064 0.203 0.294 0.268 0.25 0.381 0.441 0.352 0.54 0.475 0.383 0.296 0.07 -0.147 -0.057 -0.051 -0.071 -0.143 -0.206 -0.233 -0.235 -0.199 -0.108 0.021 0.087 0.279 0.536 0.713 0.847 1.022 1.262 1.465 1.634 1.828 2.027 2.201 2.434 2.68 2.941 3.147 3.325 3.621 3.672 3.491 3.092 2.439 2.324 2.697 3.195 3.627 3.848 3.882 3.497 2.582 1.542 1.114 1.143 1.372 1.639 1.831 1.955 1.684 1.261 0.799 0.836 1.253 1.645 1.996 2.589 2.994 3.022 2.901 2.527 1.937
-0.197 -0.218 -0.039 0.106 -0.04 -0.007 0.228 0.33 0.108 0.328 0.266 0.146 -0.006 -0.229 -0.326 -0.191 -0.342 -0.447 -0.491 -0.517 -0.422 -0.278 -0.106 0.162 0.435 0.341 0.377 0.572 0.506 0.536 0.673 0.957 1.296 1.599 1.871 2.019 2.083 2.155 2.325 2.671 3.025 3.227 3.601 3.701 3.487 3.132 2.444 2.179 2.592 3.12 3.551 3.711 3.582 3.292 2.489 1.671 1.244 0.964 0.96 1.163 1.463 1.536 1.224 0.939 0.758 1.013 1.482 1.862 2.199 2.587 2.772 2.75 2.676 2.365 1.692
-0.386 -0.419 -0.193 -0.118 -0.296 -0.154 0.076 0.155 -0.019 0.043 0.09 -0.102 -0.351 -0.476 -0.415 -0.406 -0.586 -0.696 -0.652 -0.481 -0.243 0.004 0.248 0.663 0.93 0.89 0.616 0.479 0.525 0.699 0.831 1.064 1.466 1.774 1.942 1.956 1.965 1.897 2.13 2.458 2.868 3.15 3.343 3.504 3.43 3.082 2.393 2.105 2.599 3.124 3.49 3.576 3.279 2.821 2.369 2.141 1.915 1.425 0.959 0.842 1.058 0.952 0.766 0.703 0.809 1.212 1.678 2.009 2.443 2.717 2.621 2.3 2.095 1.884 1.303
-0.604 -0.654 -0.353 -0.288 -0.552 -0.427 -0.195 -0.021 -0.186 -0.221 -0.055 -0.278 -0.595 -0.659 -0.548 -0.644 -0.793 -0.829 -0.63 -0.305 0.079 0.481 0.713 1.166 1.44 1.377 1.047 0.69 0.809 1.002 1.107 1.247 1.582 1.832 1.953 1.824 1.778 1.727 1.989 2.3 2.678 2.884 2.921 3 2.892 2.595 2.095 2.015 2.586 3.153 3.494 3.587 3.375 3.005 2.747 2.664 2.388 1.935 1.448 0.971 0.746 0.618 0.678 0.801 1.003 1.277 1.676 2.088 2.375 2.646 2.621 2.457 2.195 1.729 1.221
-0.869 -0.841 -0.628 -0.577 -0.756 -0.686 -0.438 -0.263 -0.333 -0.425 -0.273 -0.404 -0.715 -0.813 -0.821 -0.892 -0.909 -0.78 -0.504 -0.131 0.348 0.896 1.251 1.555 1.646 1.576 1.353 0.982 1.045 1.243 1.388 1.602 1.787 1.87 1.931 1.77 1.575 1.65 1.851 2.123 2.434 2.468 2.338 2.28 2.066 1.833 1.706 1.98 2.531 3.117 3.502 3.696 3.657 3.409 3.113 2.87 2.655 2.349 1.919 1.372 0.713 0.531 0.766 1.014 1.133 1.475 1.7 2.066 2.077 2.472 2.741 2.695 2.374 2.001 1.457
-1.143 -1.068 -0.919 -0.841 -0.979 -0.895 -0.651 -0.537 -0.534 -0.658 -0.518 -0.603 -0.873 -0.966 -1.006 -1.025 -0.923 -0.702 -0.395 0.062 0.58 1.189 1.538 1.754 1.815 1.83 1.656 1.357 1.319 1.503 1.729 2.003 2.025 1.886 1.818 1.639 1.482 1.606 1.766 1.97 2.232 2.213 1.975 1.653 1.4 1.39 1.617 2.133 2.679 3.159 3.366 3.427 3.369 3.114 2.865 2.59 2.502 2.425 2.047 1.436 0.746 0.614 0.828 1.064 1.31 1.574 1.846 1.961 1.91 2.188 2.387 2.47 2.422 2.15 1.472
