data/climatemaps/RS_maps/climate_winter_tmin_2005.asc
NCOLS 369 
NROWS 228 
XLLCORNER 479000 
YLLCORNER 73000 
CELLSIZE 1000 
NODATA_value -9 
[rows 170 to 203 of 228, columns 228 to 303 of 369]
-1.147 -1.311 -1.137 -1.211 -1.119 -1.039 -1.035 -0.658 -0.591 -0.274 0.236 0.515 0.211 -0.325 -0.673 -0.882 -0.97 -1.155 -1.577 -1.464 -1.055 -0.534 -0.378 -0.894 -1.455 -1.335 -0.854 -0.089 0.284 -0.169 -0.648 -0.781 -0.983 -0.817 -1.461 -1.671 -1.458 -1.114 -0.779 -0.599 -0.298 -0.079 0.329 0.413 0.121 -0.335 -0.612 -0.657 -0.82 -0.711 -0.994 -1.207 -1.143 -1.237 -1.419 -1.734 -1.911 -1.618 -1.679 -1.57 -1.888 -2.357 -2.029 -2.143 -2.568 -2.768 -2.369 -2.423 -2.698 -2.36 -1.982 -1.561 -1.491 -1.783 -2.041 -1.801
-1.129 -1.07 -0.829 -1.141 -1.282 -1.216 -1.05 -0.866 -0.955 -0.514 0.077 0.502 0.429 -0.083 -0.554 -0.665 -1.051 -1.29 -1.555 -1.277 -0.875 -0.359 -0.395 -0.904 -1.365 -0.826 -0.414 0.28 0.197 -0.41 -0.836 -0.684 -1.217 -0.85 -1.332 -1.485 -1.169 -1.062 -0.716 -0.306 0.002 0.3 0.448 0.363 0.064 -0.313 -0.683 -1.052 -1.342 -1.104 -1.157 -1.545 -1.676 -1.721 -1.736 -1.714 -1.968 -2.118 -2.282 -2.259 -2.304 -2.421 -2.137 -2.203 -2.411 -2.656 -2.565 -2.556 -2.611 -2.216 -1.843 -1.742 -1.847 -1.79 -2.182 -2.05
-1.012 -0.782 -0.728 -1.094 -1.11 -1.12 -1.229 -1.027 -0.851 -0.483 -0.009 0.427 0.516 0.126 -0.378 -0.796 -1.237 -1.565 -1.43 -1.183 -0.843 -0.363 -0.295 -0.834 -1.225 -0.586 0.081 0.364 -0.041 -0.643 -1.071 -0.711 -1.246 -1.017 -1.395 -1.382 -1.073 -0.851 -0.794 -0.361 0.076 0.412 0.484 0.367 0.017 -0.36 -0.706 -1.003 -1.41 -1.522 -1.466 -1.738 -2.022 -1.771 -1.422 -1.382 -1.885 -2.295 -2.287 -2.318 -2.503 -2.529 -2.436 -2.272 -1.962 -2.257 -2.427 -2.527 -2.542 -2.273 -2.077 -2.25 -2.138 -1.912 -2.37 -2.2
-0.871 -0.507 -0.774 -0.857 -0.698 -1.017 -1.03 -0.706 -0.454 -0.273 -0.191 0.323 0.552 0.351 -0.113 -0.608 -1.028 -1.392 -1.184 -0.993 -0.898 -0.506 -0.148 -0.824 -0.836 -0.456 0.236 0.263 -0.361 -0.961 -1.332 -0.962 -1.217 -1.305 -1.389 -1.158 -0.925 -0.767 -0.659 -0.367 -0.068 0.387 0.503 0.482 0.218 -0.402 -0.925 -1.256 -1.522 -1.602 -1.649 -1.71 -1.816 -1.54 -1.079 -1.362 -2.098 -2.175 -1.968 -1.911 -2.256 -2.196 -2.245 -1.979 -1.671 -1.829 -1.944 -2.064 -2.245 -2.482 -2.551 -2.704 -2.418 -2.157 -2.295 -2.148
-0.78 -0.352 -0.476 -0.476 -0.681 -1.073 -0.964 -0.738 -0.469 -0.448 -0.49 0.24 0.565 0.533 0.155 -0.239 -0.565 -1.09 -1.128 -0.884 -0.515 -0.213 -0.346 -0.803 -0.503 -0.062 0.396 0.018 -0.609 -1.144 -1.345 -1.285 -1.327 -1.448 -1.152 -0.952 -0.807 -0.671 -0.598 -0.299 -0.236 0.167 0.504 0.515 0.399 -0.181 -0.731 -1.244 -1.498 -1.409 -1.259 -1.22 -1.287 -1.189 -0.906 -1.366 -1.995 -1.918 -1.635 -1.697 -2.102 -1.81 -1.853 -1.754 -1.44 -1.321 -1.497 -1.674 -2.037 -2.467 -2.82 -2.915 -2.574 -2.426 -2.211 -1.9
-0.416 -0.226 -0.226 -0.502 -0.884 -1.097 -1.188 -0.907 -0.461 -0.708 -0.608 -0.026 0.478 0.575 0.422 0.07 -0.43 -0.926 -1.195 -0.848 -0.445 -0.056 -0.467 -0.526 -0.247 0.186 0.405 -0.121 -0.543 -0.685 -0.866 -1.302 -1.453 -1.262 -0.77 -0.653 -0.519 -0.486 -0.395 -0.534 -0.565 -0.03 0.476 0.526 0.504 0.144 -0.493 -0.805 -1.216 -1.141 -0.77 -0.673 -0.716 -0.738 -0.869 -1.423 -1.842 -1.79 -1.366 -1.644 -1.942 -1.456 -1.352 -1.236 -0.988 -1.011 -1.38 -1.708 -2.102 -2.398 -2.617 -2.679 -2.549 -2.4 -2.018 -1.707
0.104 0.067 -0.088 -0.374 -0.564 -0.773 -1.161 -0.846 -0.698 -0.611 -0.201 -0.043 0.26 0.56 0.569 0.311 -0.105 -0.608 -0.908 -0.91 -0.546 -0.129 -0.03 -0.095 -0.003 0.357 0.298 -0.274 -0.622 -0.751 -0.627 -0.98 -1.326 -0.941 -0.717 -0.956 -0.61 -0.775 -0.612 -0.866 -0.566 -0.03 0.371 0.53 0.533 0.461 0.111 -0.357 -0.817 -0.852 -0.49 -0.913 -1.133 -1.307 -1.224 -1.559 -1.863 -1.542 -1.079 -1.243 -1.459 -1.167 -0.754 -0.827 -1.057 -1.426 -1.74 -2.051 -2.156 -2.186 -2.421 -2.298 -2.279 -2.212 -1.988 -1.694
0.067 0.185 -0.228 -0.388 -0.492 -0.526 -0.986 -1.132 -0.83 -0.369 -0.415 -0.47 -0.087 0.453 0.584 0.491 0.142 -0.361 -0.417 -0.488 -0.389 -0.194 0.028 0.192 0.321 0.439 0.146 -0.478 -0.884 -1.114 -0.864 -0.762 -1.204 -0.802 -1.014 -1.063 -0.757 -1.07 -0.895 -0.972 -0.461 -0.278 0.142 0.478 0.544 0.535 0.447 -0.061 -0.612 -0.586 -0.489 -1.236 -1.501 -1.795 -1.702 -1.821 -1.811 -1.372 -0.997 -0.811 -0.793 -0.65 -0.597 -1.231 -1.647 -1.83 -1.941 -2.011 -1.914 -2.148 -2.409 -2.098 -1.962 -1.879 -1.767 -1.55
-0.122 0.296 -0.382 -0.796 -0.938 -0.887 -0.863 -1.016 -0.637 -0.598 -0.672 -0.73 -0.278 0.256 0.551 0.583 0.225 -0.259 0.052 0.121 0.17 0.249 0.253 0.334 0.454 0.285 -0.086 -0.537 -0.88 -1.199 -1.189 -0.955 -1.219 -0.998 -1.305 -1.196 -1.147 -1.355 -1.206 -1.157 -0.861 -0.63 -0.129 0.303 0.546 0.543 0.519 0.093 -0.546 -0.295 -0.421 -0.846 -1.222 -1.829 -2.096 -2.159 -1.982 -1.608 -1.459 -1.054 -0.929 -0.642 -0.526 -1.296 -1.785 -1.777 -1.768 -1.728 -1.894 -2.208 -2.267 -2.037 -2.009 -1.889 -1.795 -1.716
0.083 0.331 -0.165 -0.553 -0.872 -1.092 -1.082 -1.039 -0.982 -0.816 -0.909 -0.641 -0.289 0.006 0.396 0.605 0.445 0.14 0.421 0.489 0.52 0.526 0.491 0.451 0.205 -0.173 -0.369 -0.524 -0.733 -1.222 -1.437 -1.26 -1.272 -1.179 -1.178 -1.107 -1.166 -1.321 -1.344 -1.25 -1.29 -0.864 -0.293 0.092 0.408 -9 0.539 0.429 -0.043 -0.065 -0.403 -0.937 -1.408 -1.923 -1.847 -1.868 -2.113 -1.946 -1.767 -1.554 -1.549 -0.903 -0.408 -1.039 -1.325 -1.273 -1.372 -1.633 -1.862 -2.09 -2.182 -1.889 -2.059 -2.01 -1.999 -1.856
0.039 0.343 0.149 -0.127 -0.467 -0.772 -0.796 -0.867 -1.079 -0.964 -0.928 -0.596 -0.33 -0.123 0.208 0.541 0.596 0.51 0.452 0.32 0.292 0.268 0.238 0.22 0.112 -0.208 -0.568 -0.795 -0.835 -1.121 -1.405 -1.071 -1.111 -0.918 -0.739 -0.638 -0.759 -1.083 -1.036 -0.988 -1.402 -1.017 -0.5 -0.458 -0.232 -9 -9 0.531 0.454 0.11 -0.287 -0.689 -1.171 -1.633 -1.486 -1.565 -1.966 -1.875 -1.828 -1.76 -1.523 -0.944 -0.346 -0.736 -0.993 -1.327 -1.447 -1.511 -1.749 -1.84 -1.984 -1.778 -1.771 -1.841 -1.797 -1.908
-0.225 0.135 0.378 0.137 -0.185 -0.384 -0.516 -0.734 -0.889 -0.703 -0.612 -0.457 -0.221 -0.033 0.222 0.501 0.617 0.502 0.218 -0.098 -0.226 -0.249 -0.237 -0.07 0.012 -0.044 -0.398 -0.874 -1.206 -1.292 -1.283 -0.783 -0.99 -0.863 -0.842 -0.71 -0.448 -0.958 -0.726 -0.985 -1.178 -1.021 -0.871 -0.912 -9 -9 -9 -9 -9 0.114 -0.512 -0.727 -0.943 -1.148 -1.213 -1.502 -1.929 -1.795 -1.594 -1.438 -1.213 -0.685 -0.346 -0.856 -1.02 -1.188 -1.214 -1.077 -1.215 -1.474 -1.499 -1.489 -1.398 -1.597 -1.355 -9
0.037 0.221 0.373 -0.039 -0.205 -0.364 -0.498 -0.529 -0.686 -0.441 -0.244 -0.396 -0.276 0.022 0.424 0.602 0.564 0.229 0.086 -0.059 -0.256 -0.5 -0.595 -0.358 -0.406 -0.218 -0.267 -0.632 -1.015 -1.162 -1.069 -0.649 -0.948 -1.178 -1.083 -0.706 -0.286 -0.465 -0.457 -0.842 -0.706 -0.693 -0.593 -0.716 -9 -9 -9 -9 -9 -9 -0.392 -0.564 -0.815 -1.082 -1.326 -1.677 -1.984 -1.892 -1.543 -1.181 -0.85 -0.413 -0.567 -0.906 -0.665 -0.787 -0.788 -0.62 -0.724 -1.054 -1.058 -1.017 -1.039 -1.189 -9 -9
0.081 0.428 0.325 -0.006 -0.228 -0.353 -0.306 -0.185 -0.422 -0.344 -0.036 -0.008 0.043 0.284 0.629 0.648 0.45 -0.054 -0.235 -0.181 -0.207 -0.35 -0.681 -0.702 -0.634 -0.493 -0.376 -0.694 -1.009 -0.762 -0.52 -0.417 -0.813 -0.851 -0.72 -0.429 -0.114 -0.031 -0.159 -0.521 -0.354 -0.433 -0.277 -0.377 -9 -9 -9 -9 -9 -9 -9 -9 -9 -9 -1.603 -1.762 -1.797 -1.613 -1.553 -1.201 -0.65 -0.209 -0.617 -0.523 -0.291 -0.345 -0.315 -0.249 -0.501 -0.818 -9 -9 -9 -9 -9 -9
0.264 0.515 0.335 0.177 0.124 0.041 0.08 0.075 -0.096 -0.058 0.062 0.265 0.457 0.567 0.676 0.608 0.365 -0.077 -0.452 -0.499 -0.483 -0.489 -0.708 -0.982 -0.798 -0.709 -0.668 -0.685 -1.095 -0.905 -0.453 -0.188 -0.479 -0.476 -0.37 -0.405 -0.131 0.153 -0.021 -0.345 -0.071 -0.137 0.046 0.046 -9 -9 -9 -9 -9 -9 -9 -9 -9 -9 -9 -9 -9 -9 -9 -0.944 -0.473 -0.063 -0.385 -0.098 0.061 -9 -9 -9 -9 -9 -9 -9 -9 -9 -9 -9
0.594 0.664 0.619 0.575 0.506 0.427 0.449 0.418 0.319 0.375 0.414 0.539 0.671 0.684 0.686 0.54 0.282 -0.063 -0.358 -0.413 -0.526 -0.651 -0.762 -0.95 -0.966 -0.824 -0.943 -0.877 -1.085 -0.742 -0.358 -0.063 -0.298 -0.253 -0.074 -0.324 -0.186 0.163 0.083 -0.173 0.155 0.337 0.399 -9 -9 -9 -9 -9 -9 -9 -9 -9 -9 -9 -9 -9 -9 -9 -9 -9 -9 -9 -9 -9 -9 -9 -9 -9 -9 -9 -9 -9 -9 -9 -9 -9
0.769 0.765 0.769 0.762 0.739 0.704 0.7 0.698 0.664 0.674 0.683 0.707 0.713 0.695 0.668 0.503 0.256 0.081 0.037 0 -0.143 -0.268 -0.374 -0.54 -0.797 -1.026 -1.125 -0.992 -0.716 -0.455 -0.209 0.031 -0.046 -0.036 0.132 0.005 0.076 0.185 0.27 0.155 0.453 0.562 -9 -9 -9 -9 -9 -9 -9 -9 -9 -9 -9 -9 -9 -9 -9 -9 -9 -9 -9 -9 -9 -9 -9 -9 -9 -9 -9 -9 -9 -9 -9 -9 -9 -9
0.8 0.794 0.789 0.78 0.78 0.769 0.765 0.756 0.751 0.747 0.74 0.735 0.724 0.691 0.569 0.362 0.327 0.254 0.172 -0.018 -0.083 -0.218 -0.332 -0.59 -0.694 -0.834 -0.822 -0.702 -0.499 -0.331 -0.218 -0.128 0.059 0.144 0.219 0.307 0.274 0.227 0.434 0.502 0.607 0.612 -9 -9 -9 -9 -9 -9 -9 -9 -9 -9 -9 -9 -9 -9 -9 -9 -9 -9 -9 -9 -9 -9 -9 -9 -9 -9 -9 -9 -9 -9 -9 -9 -9 -9
0.811 0.807 0.801 0.791 0.791 0.781 0.778 0.769 0.762 0.758 0.739 0.727 0.666 0.518 0.286 0.012 -0.128 -0.182 -0.077 -0.279 -0.459 -0.615 -0.415 -0.723 -0.716 -0.473 -0.487 -0.548 -0.555 -0.516 -0.483 -0.388 -0.175 -0.017 0.107 0.381 0.511 0.489 0.57 0.627 0.629 -9 -9 -9 -9 -9 -9 -9 -9 -9 -9 -9 -9 -9 -9 -9 -9 -9 -9 -9 -9 -9 -9 -9 -9 -9 -9 -9 -9 -9 -9 -9 -9 -9 -9 -9
0.821 0.804 0.733 0.65 0.564 0.637 0.621 0.654 0.651 0.642 0.543 0.449 0.366 0.142 -0.08 -0.329 -0.399 -0.501 -0.459 -0.219 -0.439 -0.734 -0.581 -0.76 -0.529 -0.355 -0.247 -0.23 -0.247 -0.269 -0.348 -0.231 -0.1 0.021 0.213 0.474 0.634 0.65 0.644 0.643 -9 -9 -9 -9 -9 -9 -9 -9 -9 -9 -9 -9 -9 -9 -9 -9 -9 -9 -9 -9 -9 -9 -9 -9 -9 -9 -9 -9 -9 -9 -9 -9 -9 -9 -9 -9
0.726 0.65 0.418 0.191 0.171 0.429 0.473 0.439 0.244 0.278 0.215 0.126 0.078 0.142 0.023 -0.185 -0.395 -0.652 -0.763 -0.537 -0.515 -0.793 -0.741 -0.756 -0.717 -0.571 -0.389 -0.206 -0.106 0.012 0.028 0.121 0.238 0.297 0.445 0.623 0.663 0.66 0.65 0.647 -9 -9 -9 -9 -9 -9 -9 -9 -9 -9 -9 -9 -9 -9 -9 -9 -9 -9 -9 -9 -9 -9 -9 -9 -9 -9 -9 -9 -9 -9 -9 -9 -9 -9 -9 -9
0.406 0.405 0.119 -0.183 0.113 0.122 0.335 0.545 0.233 -0.004 0.106 0.114 0.248 0.126 0.038 -0.067 -0.303 -0.535 -0.689 -0.734 -0.677 -0.755 -0.592 -0.589 -0.82 -0.774 -0.632 -0.551 -0.405 -0.172 -0.029 0.074 0.143 0.148 0.378 0.652 0.671 0.658 0.621 0.645 -9 -9 -9 -9 -9 -9 -9 -9 -9 -9 -9 -9 -9 -9 -9 -9 -9 -9 -9 -9 -9 -9 -9 -9 -9 -9 -9 -9 -9 -9 -9 -9 -9 -9 -9 -9
0.036 0.086 0.01 -0.192 0.015 -0.161 0.197 0.54 0.441 0.228 0.299 0.241 0.197 -0.106 -0.201 -0.198 -0.28 -0.368 -0.561 -0.771 -0.672 -0.54 -0.322 -0.412 -0.671 -0.808 -0.784 -0.792 -0.726 -0.489 -0.348 -0.316 -0.181 0.1 0.483 0.673 0.676 0.659 0.554 -9 -9 -9 -9 -9 -9 -9 -9 -9 -9 -9 -9 -9 -9 -9 -9 -9 -9 -9 -9 -9 -9 -9 -9 -9 -9 -9 -9 -9 -9 -9 -9 -9 -9 -9 -9 -9
-0.253 -0.112 -0.099 -0.227 -0.262 -0.206 0.157 0.454 0.582 0.424 0.33 0.269 0.042 -0.215 -0.392 -0.338 -0.371 -0.3 -0.369 -0.644 -0.551 -0.362 -0.117 -0.203 -0.475 -0.524 -0.554 -0.711 -0.784 -0.796 -0.677 -0.647 -0.245 0.167 0.535 0.685 0.687 0.676 -9 -9 -9 -9 -9 -9 -9 -9 -9 -9 -9 -9 -9 -9 -9 -9 -9 -9 -9 -9 -9 -9 -9 -9 -9 -9 -9 -9 -9 -9 -9 -9 -9 -9 -9 -9 -9 -9
-0.013 0.043 -0.182 -0.352 -0.298 -0.194 0.162 0.467 0.58 0.307 0.181 0.196 -0.081 -0.228 -0.32 -0.212 -0.183 -0.058 -0.074 -0.407 -0.488 -0.25 -0.004 -0.064 -0.319 -0.229 -0.35 -0.383 -0.651 -0.795 -0.848 -0.699 -0.317 0.082 0.509 0.682 0.688 0.68 -9 -9 -9 -9 -9 -9 -9 -9 -9 -9 -9 -9 -9 -9 -9 -9 -9 -9 -9 -9 -9 -9 -9 -9 -9 -9 -9 -9 -9 -9 -9 -9 -9 -9 -9 -9 -9 -9
0.285 0.144 -0.132 -0.272 -0.071 0.044 0.366 0.638 0.484 0.205 0.199 0.335 0.012 -0.049 -0.046 0.016 0.098 0.137 0.077 -0.163 -0.369 -0.168 0.068 0.121 -0.045 0.021 -0.092 -0.267 -0.494 -0.431 -0.633 -0.621 -0.222 0.149 0.523 0.694 0.699 -9 -9 -9 -9 -9 -9 -9 -9 -9 -9 -9 -9 -9 -9 -9 -9 -9 -9 -9 -9 -9 -9 -9 -9 -9 -9 -9 -9 -9 -9 -9 -9 -9 -9 -9 -9 -9 -9 -9
0.338 0.116 -0.198 -0.27 -0.116 0.212 0.448 0.675 0.482 0.283 0.263 0.437 0.197 0.199 0.262 0.258 0.223 0.12 0.071 -0.174 -0.28 -0.135 -0.054 0.088 0.244 0.232 0.065 -0.31 -0.212 -0.324 -0.614 -0.558 -0.161 0.191 0.496 -9 -9 -9 -9 -9 -9 -9 -9 -9 -9 -9 -9 -9 -9 -9 -9 -9 -9 -9 -9 -9 -9 -9 -9 -9 -9 -9 -9 -9 -9 -9 -9 -9 -9 -9 -9 -9 -9 -9 -9 -9
0.331 0.059 -0.179 -0.116 -0.045 0.112 0.372 0.635 0.662 0.472 0.427 0.509 0.418 0.384 0.329 0.206 0.057 -0.022 -0.066 -0.257 -0.194 0.004 0.017 -0.088 0.204 0.246 -0.076 -0.168 0.016 -0.156 -0.421 -0.254 -0.07 0.263 -9 -9 -9 -9 -9 -9 -9 -9 -9 -9 -9 -9 -9 -9 -9 -9 -9 -9 -9 -9 -9 -9 -9 -9 -9 -9 -9 -9 -9 -9 -9 -9 -9 -9 -9 -9 -9 -9 -9 -9 -9 -9
0.325 0.18 -0.06 0.016 0.154 0.055 0.336 0.642 0.734 0.641 0.577 0.583 0.521 0.411 0.37 0.199 -0.028 -0.182 -0.293 -0.371 -0.254 -0.069 0.118 0.06 0.19 0.239 -0.175 -0.025 0.099 -0.234 -0.34 -0.055 0.203 -9 -9 -9 -9 -9 -9 -9 -9 -9 -9 -9 -9 -9 -9 -9 -9 -9 -9 -9 -9 -9 -9 -9 -9 -9 -9 -9 -9 -9 -9 -9 -9 -9 -9 -9 -9 -9 -9 -9 -9 -9 -9 -9
0.2 0.149 -0.026 0.112 0.301 0.181 0.404 0.7 0.725 0.694 0.592 0.626 0.609 0.489 0.304 0.039 -0.052 -0.04 -0.213 -0.239 -0.034 0.091 0.271 0.24 0.429 0.437 0.241 0.174 0.241 0.209 0.024 0.211 -9 -9 -9 -9 -9 -9 -9 -9 -9 -9 -9 -9 -9 -9 -9 -9 -9 -9 -9 -9 -9 -9 -9 -9 -9 -9 -9 -9 -9 -9 -9 -9 -9 -9 -9 -9 -9 -9 -9 -9 -9 -9 -9 -9
0.092 -0.006 0.084 0.207 0.391 0.394 0.469 0.749 0.759 0.697 0.579 0.712 0.675 0.503 0.194 0.027 0.153 0.161 0.144 0.13 -0.067 0.069 0.395 0.53 0.615 0.643 0.62 0.504 0.349 0.395 0.301 0.407 -9 -9 -9 -9 -9 -9 -9 -9 -9 -9 -9 -9 -9 -9 -9 -9 -9 -9 -9 -9 -9 -9 -9 -9 -9 -9 -9 -9 -9 -9 -9 -9 -9 -9 -9 -9 -9 -9 -9 -9 -9 -9 -9 -9
0.011 0.085 0.271 0.401 0.494 0.431 0.508 0.773 0.808 0.724 0.659 0.757 0.657 0.384 0.108 0.185 0.379 0.508 0.515 0.339 0.092 0.326 0.616 0.736 0.726 0.689 0.673 0.651 0.58 0.498 0.477 0.503 -9 -9 -9 -9 -9 -9 -9 -9 -9 -9 -9 -9 -9 -9 -9 -9 -9 -9 -9 -9 -9 -9 -9 -9 -9 -9 -9 -9 -9 -9 -9 -9 -9 -9 -9 -9 -9 -9 -9 -9 -9 -9 -9 -9
0.114 0.298 0.45 0.555 0.541 0.409 0.594 0.803 0.825 0.726 0.736 0.799 0.609 0.212 0.025 0.254 0.448 0.651 0.686 0.566 0.58 0.721 0.768 0.702 0.588 0.431 0.387 0.45 0.557 0.579 0.583 -9 -9 -9 -9 -9 -9 -9 -9 -9 -9 -9 -9 -9 -9 -9 -9 -9 -9 -9 -9 -9 -9 -9 -9 -9 -9 -9 -9 -9 -9 -9 -9 -9 -9 -9 -9 -9 -9 -9 -9 -9 -9 -9 -9 -9
0.353 0.48 0.577 0.598 0.447 0.522 0.747 0.849 0.825 0.749 0.808 0.808 0.572 0.266 0.308 0.632 0.787 0.806 0.801 0.803 0.797 0.78 0.698 0.418 0.251 -0.001 -0.082 0.081 0.213 0.367 0.488 -9 -9 -9 -9 -9 -9 -9 -9 -9 -9 -9 -9 -9 -9 -9 -9 -9 -9 -9 -9 -9 -9 -9 -9 -9 -9 -9 -9 -9 -9 -9 -9 -9 -9 -9 -9 -9 -9 -9 -9 -9 -9 -9 -9 -9
