data/climatemaps/RS_maps/climate_winter_pr_2003.asc
NCOLS 369 
NROWS 228 
XLLCORNER 479000 
YLLCORNER 73000 
CELLSIZE 1000 
NODATA_value -9 
[rows 102 to 135 of 228, columns 228 to 303 of 369]
1.01 1.277 1.427 1.661 1.952 2.173 2.239 2.234 1.913 1.414 0.792 0.312 0.095 0.159 0.436 0.514 0.679 0.922 1.09 1.052 0.985 0.817 0.578 0.305 0.035 0.005 0.212 0.362 0.604 0.952 1.434 1.644 1.553 1.349 1.147 0.966 0.805 0.668 0.543 0.495 0.589 0.547 0.359 0.379 0.244 0.011 -0.157 -0.065 0.223 0.218 0.061 -0.119 -0.328 -0.515 -0.566 -0.507 -0.279 -0.026 0.081 0.264 0.597 0.732 0.626 0.388 0.255 0.185 0.009 -0.129 -0.225 -0.28 -0.337 -0.377 -0.403 -0.372 -0.274 -0.106
1.16 1.383 1.477 1.598 1.74 1.898 2.037 1.869 1.508 1.083 0.516 0.114 0.098 0.179 0.414 0.648 0.787 0.966 1.153 1.117 0.897 0.679 0.434 0.19 0.029 0.033 0.178 0.426 0.67 1.044 1.481 1.6 1.489 1.35 1.247 1.149 0.989 0.89 0.744 0.602 0.448 0.327 0.148 0.013 -0.12 -0.242 -0.174 0.129 0.32 0.356 0.211 -0.03 -0.292 -0.524 -0.578 -0.489 -0.271 -0.002 0.22 0.319 0.603 0.818 0.732 0.535 0.362 0.382 0.272 0.111 -0.056 -0.113 -0.175 -0.273 -0.374 -0.439 -0.426 -0.325
1.273 1.381 1.542 1.628 1.808 1.797 1.592 1.3 1.018 0.661 0.255 0.06 0.212 0.295 0.317 0.563 0.818 0.982 1.074 1.038 0.859 0.544 0.285 0.137 0.161 0.274 0.327 0.587 0.856 1.161 1.41 1.548 1.543 1.462 1.402 1.343 1.234 1.162 1.017 0.854 0.742 0.685 0.483 0.169 -0.199 -0.241 0.064 0.382 0.438 0.384 0.226 -0.043 -0.346 -0.554 -0.591 -0.494 -0.291 0.004 0.311 0.393 0.611 0.87 0.846 0.688 0.483 0.566 0.539 0.383 0.163 0.145 0.116 -0.03 -0.183 -0.305 -0.391 -0.437
1.594 1.82 1.825 1.801 1.651 1.343 1.114 1.002 0.857 0.574 0.169 0.043 0.217 0.429 0.379 0.481 0.791 0.97 0.979 0.881 0.723 0.47 0.291 0.318 0.473 0.565 0.574 0.812 1.039 1.199 1.337 1.422 1.45 1.325 1.263 1.26 1.19 1.142 1.104 1.045 0.935 0.639 0.367 0.071 -0.245 -0.147 0.124 0.375 0.386 0.352 0.16 -0.165 -0.451 -0.583 -0.599 -0.501 -0.272 -0.012 0.321 0.456 0.688 0.932 0.93 0.745 0.634 0.678 0.759 0.61 0.419 0.413 0.374 0.246 0.088 -0.067 -0.207 -0.346
1.87 2.017 1.961 1.677 1.319 1.112 1.06 1.034 0.913 0.596 0.139 0.057 0.276 0.499 0.525 0.513 0.862 1.033 0.968 0.793 0.649 0.505 0.547 0.626 0.796 0.831 0.858 1.111 1.158 1.165 1.258 1.309 1.219 1.107 1.017 1.037 1.024 1.012 0.966 0.841 0.794 0.598 0.316 -0.04 -0.222 -0.061 0.22 0.287 0.306 0.235 0.027 -0.301 -0.536 -0.613 -0.6 -0.494 -0.24 0.035 0.329 0.512 0.804 0.93 0.892 0.791 0.821 0.809 0.894 0.759 0.669 0.633 0.63 0.493 0.34 0.198 0.082 -0.054
2.148 2.187 1.909 1.512 1.305 1.214 1.128 0.97 0.797 0.487 0.114 0.153 0.373 0.635 0.67 0.673 1.062 1.165 1.089 0.984 0.874 0.692 0.861 1.044 1.085 1.102 1.174 1.301 1.263 1.148 1.192 1.233 1.199 1.109 0.884 0.795 0.848 0.888 0.866 0.779 0.632 0.426 0.155 -0.123 -0.131 0.008 0.186 0.18 0.135 0.021 -0.208 -0.469 -0.618 -0.653 -0.602 -0.462 -0.183 0.126 0.368 0.574 0.799 0.843 0.854 0.898 0.929 0.877 0.915 0.803 0.847 0.817 0.823 0.716 0.579 0.473 0.386 0.255
2.131 2.114 1.815 1.621 1.499 1.372 1.154 0.942 0.732 0.434 0.147 0.3 0.524 0.759 0.813 0.961 1.276 1.407 1.394 1.343 1.143 0.935 1.146 1.276 1.265 1.25 1.269 1.275 1.28 1.177 1.022 0.949 0.973 0.921 0.831 0.58 0.597 0.667 0.671 0.652 0.499 0.318 0.03 -0.152 -0.062 0.031 0.042 0.001 -0.124 -0.278 -0.471 -0.619 -0.691 -0.694 -0.595 -0.393 -0.131 0.1 0.251 0.475 0.641 0.742 0.794 0.838 0.834 0.843 0.827 0.813 0.879 0.909 0.89 0.836 0.779 0.71 0.659 0.5
1.947 1.999 1.869 1.836 1.667 1.576 1.29 1.034 0.795 0.439 0.228 0.395 0.627 0.779 0.913 1.219 1.347 1.529 1.515 1.473 1.328 1.223 1.356 1.31 1.315 1.292 1.255 1.206 1.143 1.052 0.851 0.67 0.616 0.629 0.593 0.403 0.3 0.358 0.426 0.415 0.305 0.172 -0.097 -0.226 -0.145 -0.146 -0.222 -0.297 -0.425 -0.562 -0.652 -0.712 -0.745 -0.698 -0.541 -0.337 -0.205 -0.087 0.037 0.225 0.321 0.445 0.492 0.555 0.569 0.606 0.706 0.771 0.781 0.789 0.785 0.825 0.867 0.866 0.792 0.583
2.009 2.054 2.003 2.018 1.916 1.719 1.426 1.106 0.755 0.438 0.52 0.469 0.622 0.775 0.936 1.279 1.361 1.519 1.586 1.464 1.425 1.368 1.341 1.262 1.272 1.262 1.157 1.076 0.961 0.835 0.666 0.401 0.285 0.241 0.267 0.178 0.008 0.01 0.123 0.143 0.077 -0.086 -0.335 -0.443 -0.418 -0.479 -0.569 -0.629 -0.682 -0.723 -0.739 -0.75 -0.759 -0.694 -0.516 -0.42 -0.37 -0.281 -0.166 -0.036 0.042 0.138 0.163 0.229 0.266 0.338 0.463 0.555 0.53 0.595 0.738 0.863 0.939 0.94 0.825 0.59
2.165 2.219 2.249 2.242 2.083 1.739 1.457 1.084 0.603 0.564 0.799 0.664 0.608 0.736 1.041 1.308 1.41 1.477 1.541 1.4 1.387 1.247 1.237 1.139 1.157 1.228 1.113 0.971 0.811 0.614 0.441 0.197 0.009 -0.124 -0.15 -0.205 -0.306 -0.331 -0.234 -0.198 -0.226 -0.361 -0.569 -0.69 -0.726 -0.783 -0.815 -0.817 -0.805 -0.764 -0.716 -0.637 -0.663 -0.714 -0.615 -0.571 -0.523 -0.444 -0.363 -0.281 -0.22 -0.159 -0.121 -0.092 -0.047 0.072 0.183 0.303 0.308 0.503 0.697 0.8 0.93 0.93 0.818 0.581
2.309 2.39 2.439 2.348 2.073 1.684 1.411 1.024 0.609 0.738 0.948 0.899 0.777 0.814 1.151 1.245 1.439 1.476 1.357 1.11 1.142 1.031 1.094 0.995 0.983 1.051 0.993 0.855 0.714 0.481 0.229 -0.021 -0.203 -0.351 -0.43 -0.489 -0.562 -0.605 -0.581 -0.555 -0.58 -0.652 -0.765 -0.858 -0.903 -0.925 -0.911 -0.869 -0.8 -0.684 -0.543 -0.448 -0.547 -0.651 -0.63 -0.561 -0.496 -0.449 -0.425 -0.383 -0.336 -0.302 -0.272 -0.248 -0.228 -0.175 -0.097 0.02 0.104 0.344 0.505 0.609 0.752 0.837 0.715 0.482
2.306 2.361 2.41 2.341 1.992 1.717 1.581 1.284 0.86 0.857 1.079 1.04 0.909 1.002 1.212 1.237 1.305 1.394 1.363 1.039 0.789 0.813 0.937 0.898 0.776 0.823 0.78 0.585 0.454 0.258 0.001 -0.227 -0.38 -0.493 -0.581 -0.647 -0.72 -0.779 -0.797 -0.817 -0.843 -0.879 -0.93 -0.967 -0.977 -0.973 -0.888 -0.782 -0.663 -0.492 -0.309 -0.303 -0.437 -0.537 -0.436 -0.369 -0.309 -0.25 -0.272 -0.264 -0.246 -0.194 -0.166 -0.15 -0.168 -0.264 -0.255 -0.147 -0.01 0.154 0.316 0.498 0.629 0.686 0.54 0.282
2.232 2.254 2.341 2.28 2.008 1.931 1.854 1.461 1.108 1.091 1.186 1.108 1.05 1.203 1.212 1.243 1.199 1.148 1.092 0.875 0.501 0.562 0.727 0.699 0.575 0.556 0.501 0.29 0.144 0.018 -0.181 -0.408 -0.529 -0.6 -0.695 -0.774 -0.838 -0.893 -0.934 -0.949 -0.975 -1 -1.024 -1.04 -1.012 -0.932 -0.78 -0.632 -0.492 -0.305 -0.125 -0.2 -0.371 -0.414 -0.285 -0.17 -0.128 -0.061 -0.083 -0.059 0.01 0.058 0.077 0.064 -0.002 -0.204 -0.251 -0.124 -0.003 0.157 0.287 0.513 0.551 0.486 0.308 0.064
2.124 2.195 2.299 2.159 2.131 2.215 2.047 1.552 1.36 1.467 1.363 1.264 1.227 1.22 1.086 1.051 1.101 0.994 0.787 0.584 0.269 0.266 0.399 0.38 0.317 0.262 0.241 0.019 -0.164 -0.255 -0.394 -0.579 -0.67 -0.724 -0.816 -0.885 -0.93 -0.983 -0.987 -0.992 -1.026 -1.042 -1.074 -1.069 -0.968 -0.832 -0.672 -0.507 -0.345 -0.123 -0.01 -0.109 -0.288 -0.302 -0.179 -0.06 0.022 0.087 0.123 0.147 0.296 0.318 0.288 0.208 0.076 -0.148 -0.176 -0.074 0.066 0.264 0.39 0.511 0.44 0.279 0.058 -0.071
2.048 2.158 2.189 1.918 1.911 2.066 1.916 1.699 1.678 1.61 1.404 1.244 1.119 1.047 0.931 0.803 0.906 0.829 0.584 0.348 0.088 -0.04 0.046 0.011 0.009 -0.034 -0.027 -0.208 -0.421 -0.519 -0.606 -0.725 -0.799 -0.847 -0.894 -0.912 -0.922 -0.98 -1.018 -0.981 -0.971 -1.023 -1.093 -1.068 -0.917 -0.807 -0.655 -0.484 -0.302 -0.09 0.059 0.008 -0.179 -0.241 -0.141 -0.048 0.112 0.196 0.307 0.307 0.509 0.521 0.433 0.288 0.115 -0.078 -0.052 0.018 0.145 0.345 0.459 0.494 0.387 0.118 -0.097 -0.059
2.074 1.949 1.957 1.745 1.755 1.813 1.808 1.671 1.543 1.507 1.317 1.174 1.105 1.064 0.889 0.639 0.581 0.53 0.329 0.096 -0.102 -0.287 -0.292 -0.328 -0.318 -0.345 -0.341 -0.458 -0.619 -0.736 -0.789 -0.832 -0.857 -0.861 -0.87 -0.842 -0.815 -0.902 -1.017 -0.961 -0.877 -0.958 -1.068 -1.096 -0.982 -0.836 -0.737 -0.584 -0.364 -0.095 0.078 0.067 -0.1 -0.211 -0.159 -0.084 0.08 0.267 0.374 0.463 0.622 0.586 0.483 0.327 0.129 0.031 0.09 0.189 0.318 0.401 0.429 0.406 0.243 -0.051 -0.166 -0.044
1.906 1.908 1.683 1.506 1.539 1.509 1.517 1.496 1.336 1.379 1.334 1.175 1.002 0.88 0.693 0.454 0.23 0.161 0.023 -0.186 -0.347 -0.488 -0.547 -0.581 -0.579 -0.609 -0.619 -0.691 -0.783 -0.853 -0.868 -0.843 -0.789 -0.734 -0.738 -0.701 -0.672 -0.819 -0.949 -0.968 -0.827 -0.876 -0.998 -1.08 -1.039 -0.89 -0.857 -0.703 -0.439 -0.129 0.036 0.037 -0.023 -0.155 -0.215 -0.14 0.025 0.286 0.405 0.568 0.633 0.585 0.49 0.361 0.168 0.184 0.216 0.295 0.368 0.441 0.414 0.273 0.026 -0.189 -0.199 -0.09
1.64 1.778 1.553 1.276 1.311 1.245 1.315 1.358 1.208 1.046 1.035 0.845 0.658 0.494 0.291 0.08 -0.093 -0.192 -0.285 -0.423 -0.561 -0.647 -0.669 -0.671 -0.685 -0.729 -0.769 -0.823 -0.869 -0.882 -0.83 -0.699 -0.584 -0.531 -0.549 -0.573 -0.553 -0.689 -0.822 -0.954 -0.832 -0.805 -0.883 -1 -1.092 -1.024 -0.955 -0.778 -0.56 -0.266 -0.026 0.061 0.068 -0.055 -0.217 -0.195 -0.033 0.236 0.435 0.61 0.633 0.579 0.593 0.491 0.259 0.324 0.347 0.411 0.448 0.383 0.336 0.129 -0.123 -0.201 -0.222 -0.208
1.514 1.489 1.324 1.063 1.109 1.07 1.047 1.037 1.001 0.75 0.586 0.438 0.275 0.1 -0.069 -0.258 -0.384 -0.475 -0.545 -0.637 -0.696 -0.678 -0.657 -0.64 -0.642 -0.673 -0.739 -0.836 -0.887 -0.836 -0.707 -0.558 -0.421 -0.362 -0.362 -0.419 -0.356 -0.493 -0.725 -0.908 -0.82 -0.728 -0.829 -0.991 -1.097 -1.091 -1.022 -0.863 -0.67 -0.448 -0.157 0.065 0.06 -0.04 -0.211 -0.22 -0.076 0.168 0.4 0.533 0.609 0.617 0.655 0.468 0.432 0.379 0.405 0.423 0.404 0.377 0.237 -0.038 -0.179 -0.138 -0.116 -0.222
1.487 1.347 1.116 0.817 0.823 0.826 0.73 0.693 0.621 0.455 0.158 0.008 -0.129 -0.256 -0.381 -0.513 -0.604 -0.66 -0.688 -0.706 -0.671 -0.635 -0.6 -0.565 -0.554 -0.597 -0.691 -0.8 -0.896 -0.815 -0.646 -0.496 -0.325 -0.165 -0.134 -0.204 -0.225 -0.409 -0.634 -0.838 -0.761 -0.685 -0.801 -0.952 -1.074 -1.1 -1.07 -0.958 -0.767 -0.557 -0.278 -0.04 -0.022 -0.121 -0.256 -0.229 -0.098 0.137 0.384 0.494 0.641 0.714 0.59 0.516 0.533 0.434 0.427 0.389 0.317 0.226 0.069 -0.153 -0.192 -0.111 -0.053 -0.117
1.434 1.365 1.134 0.691 0.521 0.568 0.43 0.349 0.177 0.028 -0.196 -0.349 -0.448 -0.525 -0.586 -0.607 -0.623 -0.637 -0.644 -0.65 -0.605 -0.567 -0.537 -0.503 -0.476 -0.538 -0.628 -0.75 -0.881 -0.831 -0.716 -0.586 -0.38 -0.118 0.069 -0.001 -0.154 -0.429 -0.654 -0.769 -0.666 -0.648 -0.763 -0.916 -1.047 -1.104 -1.097 -1.029 -0.824 -0.575 -0.325 -0.162 -0.153 -0.243 -0.33 -0.268 -0.13 0.097 0.293 0.498 0.603 0.609 0.508 0.547 0.544 0.424 0.33 0.294 0.236 0.202 0.005 -0.229 -0.198 -0.109 0.001 0.005
1.369 1.216 0.96 0.584 0.263 0.282 0.136 -0.004 -0.181 -0.321 -0.443 -0.516 -0.573 -0.589 -0.567 -0.512 -0.498 -0.535 -0.53 -0.542 -0.517 -0.478 -0.456 -0.42 -0.472 -0.548 -0.647 -0.768 -0.881 -0.834 -0.733 -0.594 -0.373 -0.095 0.142 0.091 -0.121 -0.465 -0.662 -0.642 -0.57 -0.62 -0.73 -0.886 -1.025 -1.1 -1.113 -1.073 -0.875 -0.651 -0.468 -0.282 -0.283 -0.355 -0.418 -0.37 -0.206 -0.032 0.176 0.373 0.449 0.476 0.53 0.529 0.402 0.261 0.084 0.08 0.042 -0.006 -0.195 -0.293 -0.167 -0.1 0.03 0.096
1.1 0.886 0.617 0.328 0.011 -0.058 -0.178 -0.289 -0.412 -0.485 -0.472 -0.456 -0.518 -0.453 -0.399 -0.339 -0.325 -0.4 -0.391 -0.427 -0.451 -0.384 -0.405 -0.466 -0.537 -0.624 -0.725 -0.831 -0.864 -0.764 -0.611 -0.471 -0.253 0.022 0.172 0.043 -0.154 -0.487 -0.595 -0.516 -0.541 -0.61 -0.707 -0.854 -0.997 -1.092 -1.124 -1.099 -0.956 -0.795 -0.589 -0.381 -0.395 -0.442 -0.513 -0.476 -0.283 -0.136 0.097 0.229 0.349 0.422 0.397 0.291 0.175 0.043 -0.158 -0.216 -0.222 -0.252 -0.386 -0.336 -0.193 -0.076 0.051 0.152
0.78 0.488 0.255 -0.005 -0.227 -0.313 -0.374 -0.432 -0.486 -0.452 -0.336 -0.301 -0.368 -0.296 -0.186 -0.142 -0.156 -0.248 -0.238 -0.289 -0.35 -0.351 -0.426 -0.515 -0.609 -0.708 -0.797 -0.856 -0.818 -0.72 -0.541 -0.361 -0.173 0.065 0.132 -0.032 -0.253 -0.515 -0.536 -0.476 -0.527 -0.601 -0.704 -0.847 -0.981 -1.081 -1.128 -1.119 -1.022 -0.857 -0.711 -0.513 -0.491 -0.541 -0.618 -0.572 -0.361 -0.136 -0.006 0.088 0.106 0.165 0.083 -0.014 -0.101 -0.231 -0.389 -0.497 -0.477 -0.462 -0.425 -0.36 -0.23 -0.095 0.036 0.164
0.381 0.076 -0.131 -0.269 -0.315 -0.316 -0.321 -0.325 -0.406 -0.348 -0.234 -0.195 -0.171 -0.152 0.036 0.075 0.025 -0.072 -0.1 -0.149 -0.222 -0.315 -0.445 -0.558 -0.672 -0.761 -0.833 -0.826 -0.754 -0.675 -0.526 -0.338 -0.155 0.025 0.09 -0.069 -0.308 -0.519 -0.451 -0.455 -0.509 -0.586 -0.696 -0.832 -0.962 -1.063 -1.126 -1.133 -1.09 -0.975 -0.812 -0.652 -0.627 -0.674 -0.717 -0.661 -0.488 -0.256 -0.17 -0.098 -0.13 -0.124 -0.186 -0.318 -0.37 -0.494 -0.618 -0.676 -0.623 -0.549 -0.367 -0.328 -0.254 -0.115 0.003 0.11
-0.008 -0.208 -0.302 -0.257 -0.195 -0.15 -0.124 -0.073 -0.283 -0.285 -0.187 -0.08 -0.01 0.023 0.241 0.26 0.207 0.129 0.074 -0.063 -0.167 -0.313 -0.448 -0.598 -0.709 -0.79 -0.822 -0.742 -0.618 -0.599 -0.487 -0.29 -0.109 0.053 0.053 -0.1 -0.342 -0.484 -0.389 -0.436 -0.507 -0.588 -0.698 -0.82 -0.946 -1.05 -1.103 -1.073 -1.076 -1.048 -0.951 -0.816 -0.803 -0.818 -0.771 -0.74 -0.616 -0.422 -0.337 -0.345 -0.373 -0.408 -0.422 -0.555 -0.618 -0.731 -0.788 -0.738 -0.635 -0.51 -0.353 -0.276 -0.273 -0.131 0.019 0.052
-0.211 -0.307 -0.246 -0.111 -0.01 0.065 0.136 0.104 -0.128 -0.242 -0.159 -0.026 0.133 0.196 0.392 0.449 0.404 0.305 0.228 0.033 -0.144 -0.321 -0.473 -0.627 -0.721 -0.771 -0.774 -0.646 -0.51 -0.448 -0.452 -0.269 -0.065 0.085 -0.007 -0.181 -0.393 -0.408 -0.358 -0.435 -0.526 -0.613 -0.706 -0.819 -0.911 -0.999 -1.056 -0.992 -0.939 -0.915 -0.916 -0.902 -0.875 -0.866 -0.822 -0.822 -0.751 -0.619 -0.564 -0.593 -0.631 -0.641 -0.655 -0.753 -0.815 -0.858 -0.816 -0.699 -0.597 -0.483 -0.366 -0.279 -0.243 -0.121 -0.052 0.038
-0.259 -0.29 -0.125 -0.026 0.118 0.245 0.257 0.211 0.037 -0.157 -0.084 0.054 0.186 0.316 0.46 0.546 0.518 0.439 0.298 0.08 -0.139 -0.36 -0.52 -0.627 -0.653 -0.698 -0.718 -0.558 -0.41 -0.306 -0.304 -0.218 -0.019 0.077 -0.061 -0.275 -0.425 -0.373 -0.346 -0.411 -0.529 -0.622 -0.69 -0.726 -0.737 -0.88 -1 -0.951 -0.806 -0.745 -0.768 -0.771 -0.801 -0.842 -0.873 -0.888 -0.868 -0.8 -0.786 -0.809 -0.829 -0.822 -0.835 -0.865 -0.894 -0.905 -0.796 -0.687 -0.617 -0.542 -0.403 -0.314 -0.252 -0.211 -0.133 -0.034
-0.199 -0.284 -0.205 -0.056 0.19 0.384 0.425 0.401 0.31 0.074 -0.078 0.002 0.149 0.352 0.5 0.596 0.585 0.453 0.245 0.001 -0.227 -0.435 -0.525 -0.536 -0.49 -0.6 -0.664 -0.516 -0.372 -0.24 -0.164 -0.095 0.088 0.051 -0.11 -0.33 -0.314 -0.335 -0.333 -0.301 -0.423 -0.494 -0.508 -0.506 -0.538 -0.725 -0.944 -0.917 -0.801 -0.675 -0.645 -0.577 -0.596 -0.695 -0.827 -0.916 -0.944 -0.946 -0.948 -0.939 -0.919 -0.884 -0.855 -0.811 -0.827 -0.903 -0.848 -0.768 -0.733 -0.658 -0.528 -0.465 -0.393 -0.27 -0.159 -0.183
-0.156 -0.244 -0.16 0.001 0.272 0.522 0.582 0.58 0.54 0.363 0.031 -0.052 0.141 0.355 0.506 0.597 0.59 0.472 0.217 -0.081 -0.317 -0.418 -0.402 -0.364 -0.32 -0.487 -0.634 -0.547 -0.394 -0.214 -0.055 0.068 0.127 0.014 -0.188 -0.268 -0.202 -0.202 -0.271 -0.155 -0.223 -0.262 -0.289 -0.322 -0.455 -0.653 -0.905 -0.875 -0.725 -0.562 -0.493 -0.384 -0.398 -0.525 -0.691 -0.854 -0.948 -0.963 -0.942 -0.918 -0.868 -0.778 -0.728 -0.612 -0.642 -0.736 -0.849 -0.87 -0.794 -0.682 -0.618 -0.562 -0.423 -0.37 -0.363 -0.37
-0.05 -0.136 0.017 0.079 0.326 0.605 0.718 0.767 0.695 0.498 0.188 0.001 0.205 0.431 0.565 0.614 0.613 0.523 0.231 -0.104 -0.286 -0.3 -0.207 -0.199 -0.189 -0.365 -0.568 -0.51 -0.31 -0.114 0.073 0.137 0.114 -0.036 -0.21 -0.204 -0.133 -0.105 -0.143 0.024 -0.007 -0.079 -0.175 -0.293 -0.466 -0.667 -0.887 -0.889 -0.721 -0.506 -0.365 -0.252 -0.267 -0.364 -0.541 -0.744 -0.892 -0.901 -0.815 -0.795 -0.702 -0.603 -0.556 -0.407 -0.449 -0.464 -0.621 -0.803 -0.827 -0.727 -0.656 -0.664 -0.617 -0.611 -0.576 -0.538
0.03 -0.016 0.167 0.187 0.39 0.676 0.799 0.808 0.724 0.561 0.361 0.223 0.287 0.521 0.639 0.613 0.557 0.449 0.167 -0.104 -0.126 -0.139 -0.09 -0.003 -0.049 -0.213 -0.478 -0.415 -0.283 -0.142 0.095 0.174 0.143 -0.043 -0.139 -0.11 -0.049 -0.03 -0.005 0.096 0.037 -0.057 -0.159 -0.297 -0.502 -0.739 -0.908 -0.881 -0.732 -0.52 -0.296 -0.169 -0.158 -0.225 -0.406 -0.626 -0.806 -0.849 -0.725 -0.678 -0.591 -0.462 -0.391 -0.247 -0.27 -0.282 -0.341 -0.59 -0.751 -0.783 -0.779 -0.796 -0.738 -0.645 -0.549 -0.502
0.128 0.089 0.227 0.316 0.453 0.723 0.841 0.834 0.82 0.738 0.64 0.574 0.449 0.585 0.681 0.655 0.559 0.349 0.14 -0.033 0.016 0.058 0.037 0.132 0.06 -0.157 -0.445 -0.383 -0.254 -0.175 0.046 0.161 0.127 -0.045 -0.082 -0.004 0.024 0.028 0.087 0.108 0.044 -0.029 -0.167 -0.34 -0.564 -0.788 -0.909 -0.828 -0.684 -0.489 -0.246 -0.094 -0.066 -0.111 -0.287 -0.517 -0.744 -0.845 -0.752 -0.637 -0.519 -0.383 -0.284 -0.129 -0.117 -0.169 -0.182 -0.375 -0.587 -0.736 -0.791 -0.76 -0.668 -0.59 -0.517 -0.46
0.223 0.251 0.324 0.45 0.593 0.85 0.999 0.933 0.97 0.916 0.873 0.783 0.629 0.632 0.73 0.654 0.554 0.489 0.262 0.078 0.123 0.183 0.241 0.216 0.06 -0.181 -0.45 -0.42 -0.212 -0.085 0.075 0.141 0.111 -0.057 -0.064 0.033 0.023 0.025 0.084 0.088 0.057 -0.015 -0.167 -0.381 -0.603 -0.81 -0.889 -0.761 -0.595 -0.438 -0.198 -0.04 0.029 0.019 -0.185 -0.459 -0.702 -0.85 -0.785 -0.679 -0.534 -0.349 -0.218 -0.101 -0.028 -0.071 -0.041 -0.17 -0.337 -0.574 -0.726 -0.716 -0.67 -0.624 -0.55 -0.482
