data/climatemaps/RS_maps/climate_breeding_pr_2018.asc
NCOLS 369 
NROWS 228 
XLLCORNER 479000 
YLLCORNER 73000 
CELLSIZE 1000 
NODATA_value -9 
[rows 99 to 131 of 228, columns 148 to 221 of 369]
-1.025 -0.984 -0.917 -0.875 -0.831 -0.819 -0.831 -0.879 -0.886 -0.854 -0.822 -0.83 -0.896 -0.955 -1.037 -1.142 -1.26 -1.336 -1.33 -1.277 -1.245 -1.226 -1.215 -1.211 -1.201 -1.17 -1.113 -1.01 -0.944 -0.933 -0.905 -0.91 -0.885 -0.899 -0.892 -0.974 -1.17 -1.356 -1.412 -1.43 -1.419 -1.408 -1.412 -1.407 -1.415 -1.415 -1.394 -1.352 -1.267 -1.23 -1.304 -1.326 -1.351 -1.374 -1.371 -1.331 -1.284 -1.236 -1.222 -1.279 -1.386 -1.496 -1.487 -1.347 -1.173 -1.044 -0.936 -0.856 -0.822 -0.811 -0.864 -0.948 -1.012 -1.04
-1.072 -1.038 -0.99 -0.961 -0.933 -0.91 -0.907 -0.953 -0.907 -0.881 -0.855 -0.892 -0.941 -0.991 -1.105 -1.225 -1.325 -1.347 -1.279 -1.222 -1.163 -1.146 -1.167 -1.148 -1.15 -1.186 -1.097 -0.999 -0.932 -0.926 -0.918 -0.953 -0.981 -1.003 -1.058 -1.173 -1.329 -1.406 -1.415 -1.37 -1.393 -1.351 -1.316 -1.317 -1.361 -1.385 -1.341 -1.252 -1.122 -1.116 -1.16 -1.135 -1.144 -1.174 -1.218 -1.22 -1.158 -1.099 -1.118 -1.241 -1.41 -1.501 -1.521 -1.431 -1.286 -1.162 -1.028 -0.919 -0.84 -0.778 -0.776 -0.798 -0.799 -0.881
-1.12 -1.108 -1.078 -1.022 -1.016 -0.986 -1.016 -1 -0.939 -0.886 -0.877 -0.915 -0.994 -1.073 -1.183 -1.284 -1.35 -1.325 -1.223 -1.148 -1.074 -1.098 -1.08 -1.042 -1.047 -1.131 -1.084 -0.994 -0.929 -0.899 -0.856 -0.9 -1.046 -1.167 -1.248 -1.326 -1.393 -1.433 -1.4 -1.41 -1.365 -1.21 -1.137 -1.125 -1.227 -1.353 -1.315 -1.15 -1.012 -1.01 -1.007 -0.937 -0.927 -0.989 -1.097 -1.091 -1.012 -0.965 -1.055 -1.271 -1.433 -1.505 -1.522 -1.401 -1.265 -1.183 -1.081 -0.955 -0.843 -0.749 -0.673 -0.639 -0.649 -0.787
-1.174 -1.161 -1.124 -1.065 -1.063 -1.093 -1.067 -1.007 -0.97 -0.93 -0.94 -0.974 -1.054 -1.14 -1.225 -1.301 -1.348 -1.296 -1.156 -1.06 -1.044 -1.023 -0.963 -0.9 -0.92 -1.056 -1.038 -0.959 -0.894 -0.861 -0.843 -0.898 -1.049 -1.19 -1.301 -1.371 -1.423 -1.442 -1.435 -1.431 -1.265 -1.018 -0.917 -0.919 -1.099 -1.312 -1.311 -1.167 -1.015 -0.89 -0.878 -0.789 -0.765 -0.871 -1.018 -1.001 -0.949 -0.927 -1.067 -1.31 -1.436 -1.508 -1.51 -1.372 -1.219 -1.117 -1.014 -0.898 -0.8 -0.698 -0.603 -0.575 -0.649 -0.762
-1.145 -1.174 -1.146 -1.106 -1.144 -1.112 -1.088 -1.054 -1 -0.968 -1.006 -1.054 -1.117 -1.161 -1.184 -1.225 -1.316 -1.258 -1.115 -1.052 -0.994 -0.891 -0.848 -0.847 -0.931 -0.962 -0.915 -0.91 -0.919 -0.895 -0.891 -0.912 -0.992 -1.152 -1.288 -1.383 -1.435 -1.444 -1.45 -1.401 -1.168 -0.895 -0.842 -0.914 -1.099 -1.281 -1.302 -1.197 -1.05 -0.861 -0.772 -0.677 -0.625 -0.707 -0.847 -0.886 -0.91 -0.947 -1.075 -1.253 -1.409 -1.509 -1.531 -1.443 -1.303 -1.184 -1.015 -0.89 -0.813 -0.691 -0.633 -0.653 -0.675 -0.743
-1.074 -1.12 -1.152 -1.156 -1.149 -1.124 -1.112 -1.101 -1.065 -1.068 -1.1 -1.126 -1.122 -1.09 -1.056 -1.083 -1.24 -1.23 -1.142 -1.035 -0.888 -0.736 -0.731 -0.745 -0.812 -0.811 -0.851 -0.916 -0.879 -0.856 -0.821 -0.824 -0.937 -1.147 -1.297 -1.396 -1.436 -1.453 -1.446 -1.358 -1.163 -0.915 -0.839 -0.874 -1.012 -1.24 -1.281 -1.137 -1.017 -0.863 -0.675 -0.528 -0.458 -0.546 -0.705 -0.871 -1.017 -1.089 -1.162 -1.241 -1.384 -1.507 -1.552 -1.526 -1.405 -1.277 -1.106 -0.976 -0.884 -0.785 -0.733 -0.715 -0.731 -0.756
-1.001 -1.045 -1.077 -1.087 -1.086 -1.108 -1.149 -1.129 -1.126 -1.135 -1.169 -1.142 -1.075 -0.984 -0.921 -0.989 -1.205 -1.21 -1.14 -0.977 -0.757 -0.698 -0.605 -0.628 -0.715 -0.733 -0.829 -0.856 -0.817 -0.826 -0.819 -0.877 -1.028 -1.193 -1.329 -1.405 -1.434 -1.46 -1.431 -1.298 -1.086 -0.872 -0.78 -0.755 -0.916 -1.214 -1.25 -1.074 -0.915 -0.763 -0.554 -0.416 -0.408 -0.535 -0.722 -0.955 -1.026 -1.058 -1.17 -1.194 -1.378 -1.502 -1.55 -1.544 -1.395 -1.269 -1.16 -1.08 -1.018 -0.952 -0.889 -0.792 -0.764 -0.765
-0.998 -0.992 -1.029 -1.019 -1.003 -1.004 -1.104 -1.17 -1.192 -1.205 -1.205 -1.125 -1.009 -0.843 -0.833 -0.999 -1.191 -1.209 -1.115 -0.92 -0.767 -0.634 -0.514 -0.577 -0.633 -0.715 -0.771 -0.826 -0.885 -0.923 -0.951 -1.005 -1.12 -1.251 -1.362 -1.411 -1.436 -1.442 -1.395 -1.241 -0.981 -0.775 -0.71 -0.735 -0.977 -1.224 -1.235 -1.118 -0.959 -0.735 -0.479 -0.362 -0.409 -0.537 -0.708 -0.918 -0.863 -0.979 -1.092 -1.155 -1.36 -1.488 -1.538 -1.547 -1.429 -1.293 -1.221 -1.211 -1.175 -1.111 -1.047 -0.931 -0.85 -0.796
-0.996 -0.969 -0.987 -0.956 -0.91 -0.942 -1.022 -1.13 -1.207 -1.239 -1.187 -1.089 -0.918 -0.759 -0.821 -0.953 -1.155 -1.196 -1.062 -0.94 -0.784 -0.601 -0.513 -0.544 -0.611 -0.718 -0.764 -0.871 -0.977 -1.041 -1.093 -1.143 -1.225 -1.327 -1.391 -1.414 -1.425 -1.407 -1.349 -1.189 -0.91 -0.693 -0.677 -0.792 -1.083 -1.197 -1.168 -1.193 -1.047 -0.794 -0.565 -0.405 -0.363 -0.426 -0.593 -0.812 -0.772 -0.953 -1.029 -1.054 -1.254 -1.449 -1.518 -1.555 -1.536 -1.423 -1.383 -1.382 -1.347 -1.277 -1.216 -1.109 -1.052 -0.994
-0.992 -0.979 -0.961 -0.931 -0.862 -0.899 -0.973 -1.103 -1.19 -1.241 -1.16 -1.021 -0.858 -0.787 -0.824 -0.924 -1.147 -1.197 -1.032 -0.996 -0.847 -0.667 -0.54 -0.535 -0.608 -0.71 -0.85 -0.971 -1.08 -1.161 -1.215 -1.261 -1.338 -1.396 -1.413 -1.407 -1.405 -1.373 -1.273 -1.09 -0.845 -0.689 -0.712 -0.884 -1.128 -1.178 -1.144 -1.158 -1.028 -0.766 -0.531 -0.299 -0.303 -0.389 -0.583 -0.686 -0.671 -0.892 -0.903 -0.873 -1.136 -1.355 -1.485 -1.537 -1.566 -1.553 -1.527 -1.501 -1.454 -1.403 -1.348 -1.268 -1.215 -1.179
-1.023 -1.021 -0.991 -0.946 -0.868 -0.891 -0.951 -1.086 -1.196 -1.24 -1.151 -1.007 -0.906 -0.848 -0.841 -0.964 -1.142 -1.216 -1.124 -1.058 -0.892 -0.693 -0.559 -0.528 -0.586 -0.696 -0.909 -1.076 -1.193 -1.276 -1.332 -1.383 -1.427 -1.44 -1.423 -1.382 -1.366 -1.285 -1.149 -1 -0.805 -0.661 -0.75 -0.992 -1.153 -1.146 -1.065 -0.97 -0.89 -0.685 -0.463 -0.262 -0.238 -0.303 -0.491 -0.485 -0.446 -0.632 -0.663 -0.795 -1.082 -1.243 -1.402 -1.513 -1.561 -1.586 -1.556 -1.49 -1.419 -1.336 -1.322 -1.303 -1.285 -1.281
-0.998 -1.029 -1.004 -0.95 -0.903 -0.887 -0.962 -1.08 -1.203 -1.197 -1.135 -1.062 -0.967 -0.867 -0.808 -0.901 -1.092 -1.224 -1.175 -1.071 -0.901 -0.698 -0.627 -0.563 -0.651 -0.798 -0.975 -1.151 -1.285 -1.372 -1.43 -1.463 -1.474 -1.452 -1.389 -1.298 -1.274 -1.261 -1.162 -1.08 -0.863 -0.685 -0.872 -1.083 -1.117 -1.013 -0.923 -0.791 -0.748 -0.6 -0.422 -0.208 -0.149 -0.109 -0.302 -0.334 -0.269 -0.408 -0.618 -0.904 -1.057 -1.1 -1.294 -1.476 -1.557 -1.588 -1.538 -1.452 -1.395 -1.254 -1.172 -1.138 -1.133 -1.212
-0.923 -0.993 -1 -0.967 -0.945 -0.913 -0.971 -1.089 -1.2 -1.137 -1.074 -1.029 -0.957 -0.813 -0.715 -0.812 -1.072 -1.183 -1.095 -0.997 -0.888 -0.693 -0.67 -0.663 -0.762 -0.931 -1.075 -1.23 -1.357 -1.424 -1.47 -1.491 -1.468 -1.4 -1.277 -1.15 -1.061 -1.192 -1.22 -1.071 -0.85 -0.783 -0.908 -1.086 -1.088 -0.993 -0.895 -0.72 -0.654 -0.558 -0.415 -0.237 -0.147 -0.052 -0.074 -0.177 -0.229 -0.293 -0.59 -0.841 -0.909 -1.026 -1.243 -1.434 -1.552 -1.555 -1.509 -1.445 -1.353 -1.21 -1.036 -0.946 -0.915 -1.035
-0.841 -0.92 -0.963 -0.966 -0.945 -0.913 -0.999 -1.124 -1.169 -1.138 -1.072 -0.99 -0.907 -0.676 -0.671 -0.828 -1.068 -1.116 -0.994 -0.918 -0.844 -0.68 -0.68 -0.754 -0.866 -1.025 -1.165 -1.289 -1.377 -1.436 -1.476 -1.464 -1.387 -1.283 -1.111 -0.953 -0.872 -1.056 -1.193 -1.059 -0.857 -0.804 -0.802 -1.018 -1.112 -1.006 -0.919 -0.827 -0.787 -0.713 -0.534 -0.39 -0.256 -0.111 -0.079 -0.158 -0.166 -0.251 -0.518 -0.727 -0.846 -0.993 -1.177 -1.395 -1.549 -1.521 -1.428 -1.376 -1.293 -1.128 -0.907 -0.787 -0.821 -0.94
-0.754 -0.864 -0.909 -0.923 -0.916 -0.97 -1.086 -1.121 -1.107 -1.144 -1.114 -0.999 -0.817 -0.66 -0.723 -0.865 -1.047 -1.058 -0.919 -0.827 -0.752 -0.679 -0.691 -0.783 -0.878 -0.977 -1.15 -1.301 -1.37 -1.422 -1.423 -1.356 -1.225 -1.116 -0.953 -0.763 -0.825 -1.075 -1.121 -0.974 -0.76 -0.638 -0.655 -0.874 -1.074 -1.037 -0.983 -0.948 -0.992 -0.856 -0.61 -0.451 -0.3 -0.251 -0.274 -0.314 -0.25 -0.311 -0.474 -0.675 -0.796 -0.916 -1.105 -1.353 -1.546 -1.558 -1.429 -1.307 -1.204 -1.032 -0.851 -0.72 -0.72 -0.846
-0.651 -0.765 -0.858 -0.892 -0.969 -1.069 -1.108 -1.078 -1.109 -1.167 -1.135 -1.003 -0.772 -0.735 -0.781 -0.876 -0.999 -1.044 -0.974 -0.833 -0.709 -0.693 -0.705 -0.706 -0.777 -0.912 -1.1 -1.254 -1.331 -1.39 -1.327 -1.273 -1.112 -0.931 -0.765 -0.698 -0.837 -1.033 -1.005 -0.854 -0.639 -0.541 -0.59 -0.836 -1.016 -1.038 -1.057 -1.087 -1.115 -0.906 -0.666 -0.544 -0.398 -0.426 -0.444 -0.392 -0.337 -0.281 -0.376 -0.508 -0.672 -0.851 -1.049 -1.308 -1.526 -1.614 -1.523 -1.371 -1.221 -1.018 -0.853 -0.703 -0.643 -0.732
-0.563 -0.607 -0.785 -0.917 -1.025 -1.099 -1.12 -1.144 -1.197 -1.211 -1.149 -0.983 -0.826 -0.819 -0.838 -0.867 -0.889 -0.97 -1.005 -0.911 -0.749 -0.659 -0.62 -0.592 -0.651 -0.748 -0.957 -1.099 -1.249 -1.305 -1.161 -1.151 -1.119 -0.862 -0.642 -0.67 -0.748 -0.972 -0.902 -0.709 -0.528 -0.526 -0.618 -0.742 -0.909 -1.014 -1.095 -1.146 -1.139 -0.959 -0.775 -0.652 -0.495 -0.533 -0.562 -0.388 -0.278 -0.261 -0.373 -0.514 -0.757 -0.968 -1.121 -1.282 -1.452 -1.62 -1.612 -1.495 -1.321 -1.099 -0.89 -0.611 -0.51 -0.506
-0.537 -0.539 -0.649 -0.765 -0.903 -1.035 -1.125 -1.178 -1.22 -1.246 -1.196 -1.013 -0.914 -0.913 -0.899 -0.855 -0.82 -0.841 -0.895 -0.903 -0.81 -0.697 -0.604 -0.499 -0.517 -0.701 -0.836 -1.044 -1.239 -1.206 -1.014 -1.059 -1.085 -0.849 -0.593 -0.564 -0.701 -0.911 -0.797 -0.62 -0.426 -0.306 -0.443 -0.591 -0.713 -0.843 -0.969 -1.027 -1.091 -1.048 -0.915 -0.724 -0.638 -0.708 -0.63 -0.345 -0.255 -0.382 -0.489 -0.594 -0.727 -0.91 -1.016 -1.115 -1.323 -1.565 -1.656 -1.588 -1.39 -1.137 -0.875 -0.609 -0.501 -0.43
-0.431 -0.444 -0.531 -0.669 -0.824 -0.901 -0.98 -1.019 -1.059 -1.105 -1.147 -1.116 -1.064 -1.012 -0.905 -0.841 -0.777 -0.739 -0.771 -0.764 -0.724 -0.643 -0.581 -0.453 -0.484 -0.642 -0.803 -1.123 -1.251 -1.153 -0.965 -1.024 -0.979 -0.777 -0.564 -0.542 -0.729 -0.807 -0.681 -0.544 -0.369 -0.191 -0.199 -0.375 -0.497 -0.615 -0.759 -0.779 -0.877 -0.947 -0.955 -0.841 -0.81 -0.82 -0.644 -0.394 -0.343 -0.42 -0.434 -0.511 -0.545 -0.677 -0.773 -0.949 -1.183 -1.468 -1.64 -1.607 -1.406 -1.124 -0.87 -0.742 -0.642 -0.601
-0.495 -0.51 -0.562 -0.672 -0.728 -0.759 -0.805 -0.802 -0.797 -0.836 -0.897 -1.012 -1.071 -0.978 -0.868 -0.793 -0.731 -0.65 -0.602 -0.583 -0.562 -0.507 -0.496 -0.433 -0.523 -0.671 -0.918 -1.192 -1.255 -1.151 -0.968 -0.988 -0.854 -0.675 -0.521 -0.491 -0.619 -0.61 -0.531 -0.4 -0.288 -0.175 -0.117 -0.152 -0.281 -0.429 -0.526 -0.51 -0.581 -0.639 -0.823 -0.83 -0.778 -0.699 -0.567 -0.406 -0.344 -0.32 -0.275 -0.312 -0.374 -0.536 -0.722 -0.85 -1.077 -1.349 -1.589 -1.601 -1.427 -1.186 -1.016 -0.92 -0.805 -0.788
-0.539 -0.54 -0.597 -0.642 -0.631 -0.557 -0.567 -0.526 -0.545 -0.636 -0.783 -0.942 -0.96 -0.88 -0.796 -0.701 -0.664 -0.66 -0.606 -0.594 -0.629 -0.599 -0.559 -0.547 -0.657 -0.836 -1.085 -1.25 -1.255 -1.128 -0.989 -0.975 -0.822 -0.594 -0.471 -0.463 -0.445 -0.393 -0.385 -0.332 -0.306 -0.258 -0.19 -0.114 -0.151 -0.259 -0.342 -0.31 -0.271 -0.38 -0.553 -0.559 -0.551 -0.471 -0.423 -0.383 -0.326 -0.289 -0.243 -0.222 -0.357 -0.515 -0.7 -0.888 -1.045 -1.317 -1.568 -1.581 -1.447 -1.284 -1.222 -1.145 -1.06 -1.048
-0.393 -0.412 -0.486 -0.556 -0.492 -0.467 -0.526 -0.476 -0.52 -0.593 -0.703 -0.831 -0.809 -0.747 -0.694 -0.696 -0.779 -0.885 -0.882 -0.884 -0.912 -0.892 -0.857 -0.742 -0.781 -0.98 -1.16 -1.259 -1.214 -1.084 -0.969 -0.929 -0.85 -0.59 -0.46 -0.43 -0.376 -0.337 -0.334 -0.347 -0.383 -0.338 -0.258 -0.206 -0.167 -0.135 -0.141 -0.161 -0.111 -0.211 -0.254 -0.25 -0.312 -0.363 -0.428 -0.458 -0.38 -0.353 -0.383 -0.293 -0.343 -0.525 -0.683 -0.929 -1.153 -1.367 -1.553 -1.56 -1.511 -1.443 -1.38 -1.299 -1.214 -1.124
-0.272 -0.322 -0.276 -0.372 -0.43 -0.495 -0.516 -0.472 -0.497 -0.54 -0.598 -0.699 -0.652 -0.655 -0.763 -0.916 -1.056 -1.143 -1.182 -1.192 -1.194 -1.164 -1.147 -1.009 -0.948 -1.067 -1.19 -1.243 -1.187 -1.11 -1.024 -0.947 -0.847 -0.664 -0.499 -0.371 -0.361 -0.338 -0.33 -0.431 -0.48 -0.367 -0.264 -0.149 -0.092 -0.11 -0.195 -0.277 -0.213 -0.158 -0.133 -0.16 -0.217 -0.4 -0.543 -0.491 -0.402 -0.389 -0.506 -0.409 -0.442 -0.618 -0.811 -1.019 -1.27 -1.448 -1.508 -1.418 -1.355 -1.381 -1.331 -1.242 -1.148 -1.004
-0.144 -0.153 -0.098 -0.221 -0.397 -0.515 -0.472 -0.451 -0.464 -0.476 -0.541 -0.551 -0.592 -0.758 -1.003 -1.184 -1.301 -1.363 -1.388 -1.396 -1.386 -1.366 -1.351 -1.278 -1.186 -1.206 -1.265 -1.263 -1.259 -1.225 -1.147 -1.054 -0.927 -0.782 -0.662 -0.48 -0.345 -0.376 -0.468 -0.592 -0.477 -0.327 -0.275 -0.261 -0.29 -0.403 -0.446 -0.365 -0.215 -0.094 -0.191 -0.252 -0.268 -0.373 -0.577 -0.48 -0.503 -0.408 -0.546 -0.627 -0.62 -0.635 -0.82 -1.088 -1.339 -1.426 -1.36 -1.2 -1.101 -1.166 -1.19 -1.076 -0.999 -0.885
-0.073 -0.018 -0.05 -0.208 -0.422 -0.527 -0.468 -0.456 -0.456 -0.436 -0.439 -0.538 -0.756 -1.012 -1.208 -1.325 -1.397 -1.445 -1.469 -1.477 -1.465 -1.451 -1.437 -1.412 -1.368 -1.363 -1.371 -1.37 -1.354 -1.336 -1.272 -1.192 -1.088 -0.936 -0.781 -0.62 -0.502 -0.621 -0.735 -0.622 -0.512 -0.525 -0.6 -0.639 -0.635 -0.595 -0.446 -0.308 -0.222 -0.166 -0.213 -0.371 -0.438 -0.477 -0.592 -0.575 -0.586 -0.538 -0.524 -0.578 -0.731 -0.791 -0.926 -1.207 -1.371 -1.346 -1.181 -0.958 -0.88 -0.953 -1.046 -0.902 -0.837 -0.786
-0.144 -0.001 -0.076 -0.233 -0.463 -0.6 -0.567 -0.538 -0.51 -0.428 -0.477 -0.747 -1.012 -1.192 -1.295 -1.367 -1.418 -1.444 -1.438 -1.434 -1.445 -1.438 -1.424 -1.41 -1.398 -1.389 -1.398 -1.417 -1.423 -1.399 -1.355 -1.321 -1.213 -1.053 -0.878 -0.753 -0.794 -0.902 -0.806 -0.685 -0.712 -0.832 -0.885 -0.864 -0.818 -0.706 -0.564 -0.412 -0.363 -0.279 -0.313 -0.368 -0.325 -0.436 -0.546 -0.647 -0.686 -0.676 -0.646 -0.614 -0.709 -0.916 -1.054 -1.282 -1.33 -1.254 -1.038 -0.781 -0.68 -0.742 -0.842 -0.73 -0.662 -0.719
-0.114 -0.031 -0.154 -0.277 -0.502 -0.689 -0.686 -0.66 -0.589 -0.566 -0.751 -1.016 -1.176 -1.262 -1.32 -1.361 -1.348 -1.293 -1.239 -1.208 -1.206 -1.206 -1.159 -1.171 -1.182 -1.19 -1.226 -1.331 -1.394 -1.434 -1.445 -1.407 -1.34 -1.206 -1.05 -1.001 -1.077 -1.02 -0.966 -0.984 -0.962 -0.96 -0.822 -0.714 -0.661 -0.622 -0.541 -0.448 -0.429 -0.336 -0.293 -0.285 -0.153 -0.219 -0.297 -0.439 -0.568 -0.728 -0.793 -0.794 -0.78 -0.941 -1.192 -1.293 -1.165 -1.131 -0.942 -0.704 -0.542 -0.536 -0.597 -0.611 -0.602 -0.731
-0.099 -0.151 -0.266 -0.428 -0.642 -0.773 -0.72 -0.681 -0.729 -0.879 -1.073 -1.19 -1.251 -1.289 -1.298 -1.245 -1.108 -1.081 -1.024 -0.966 -0.946 -0.85 -0.773 -0.851 -0.86 -0.88 -0.936 -1.072 -1.244 -1.365 -1.444 -1.482 -1.457 -1.355 -1.3 -1.282 -1.266 -1.232 -1.195 -1.139 -1.063 -0.895 -0.679 -0.558 -0.471 -0.406 -0.357 -0.303 -0.334 -0.257 -0.158 -0.206 -0.071 -0.028 -0.126 -0.186 -0.33 -0.567 -0.717 -0.869 -0.95 -1.058 -1.258 -1.199 -0.998 -1.018 -0.807 -0.577 -0.43 -0.382 -0.409 -0.473 -0.53 -0.732
-0.258 -0.374 -0.394 -0.601 -0.794 -0.755 -0.748 -0.916 -1.055 -1.169 -1.246 -1.27 -1.28 -1.256 -1.139 -0.993 -0.877 -0.916 -0.794 -0.706 -0.646 -0.626 -0.612 -0.601 -0.503 -0.612 -0.653 -0.788 -0.99 -1.192 -1.337 -1.441 -1.512 -1.507 -1.484 -1.426 -1.35 -1.245 -1.12 -1.028 -0.969 -0.841 -0.608 -0.479 -0.365 -0.254 -0.234 -0.225 -0.188 -0.151 0.006 -0.115 -0.087 0.047 0.007 -0.078 -0.207 -0.353 -0.454 -0.684 -0.963 -1.171 -1.248 -1.086 -0.885 -0.903 -0.688 -0.492 -0.302 -0.218 -0.252 -0.387 -0.51 -0.739
-0.528 -0.562 -0.609 -0.844 -0.829 -0.787 -0.998 -1.163 -1.251 -1.294 -1.306 -1.278 -1.199 -1.067 -0.838 -0.685 -0.654 -0.667 -0.598 -0.472 -0.44 -0.394 -0.324 -0.27 -0.346 -0.408 -0.459 -0.675 -0.893 -1.044 -1.13 -1.295 -1.462 -1.547 -1.5 -1.342 -1.21 -1.084 -0.967 -0.829 -0.769 -0.803 -0.651 -0.519 -0.389 -0.225 -0.12 -0.039 -0.005 0.011 0.125 -0.053 -0.154 0.008 0.082 0.012 -0.033 -0.165 -0.337 -0.604 -0.928 -1.186 -1.148 -0.966 -0.77 -0.748 -0.608 -0.358 -0.173 -0.148 -0.164 -0.408 -0.58 -0.772
-0.792 -0.732 -0.841 -0.997 -0.938 -1.053 -1.189 -1.257 -1.307 -1.325 -1.299 -1.156 -0.957 -0.827 -0.589 -0.45 -0.456 -0.471 -0.449 -0.288 -0.207 -0.123 -0.107 -0.153 -0.192 -0.258 -0.416 -0.635 -0.858 -0.895 -0.94 -1.105 -1.357 -1.475 -1.477 -1.267 -1.095 -0.987 -0.868 -0.709 -0.633 -0.622 -0.615 -0.581 -0.378 -0.181 0.008 0.107 0.133 0.152 0.182 0.02 -0.13 -0.099 0.025 0.097 0.062 -0.133 -0.335 -0.565 -0.918 -1.149 -1.028 -0.856 -0.662 -0.616 -0.49 -0.232 -0.121 -0.194 -0.217 -0.425 -0.688 -0.878
-1.015 -0.96 -1.036 -1.102 -1.14 -1.194 -1.242 -1.283 -1.302 -1.271 -1.172 -0.934 -0.682 -0.531 -0.394 -0.299 -0.302 -0.291 -0.322 -0.236 -0.129 -0.061 -0.117 -0.161 -0.221 -0.333 -0.496 -0.7 -0.78 -0.712 -0.806 -1.174 -1.33 -1.304 -1.415 -1.323 -1.153 -1.032 -0.913 -0.741 -0.587 -0.514 -0.516 -0.543 -0.329 -0.11 0.051 0.078 0.12 0.151 0.173 0.105 -0.012 -0.098 -0.146 -0.031 -0.009 -0.195 -0.349 -0.535 -0.884 -1.11 -0.943 -0.777 -0.591 -0.492 -0.384 -0.186 -0.198 -0.216 -0.399 -0.537 -0.816 -1.017
-1.124 -1.113 -1.116 -1.128 -1.149 -1.191 -1.233 -1.24 -1.204 -1.109 -0.942 -0.729 -0.482 -0.377 -0.269 -0.169 -0.121 -0.117 -0.176 -0.153 -0.143 -0.135 -0.174 -0.225 -0.279 -0.425 -0.528 -0.622 -0.657 -0.549 -0.785 -1.223 -1.186 -1.066 -1.249 -1.337 -1.281 -1.134 -1.026 -0.855 -0.653 -0.482 -0.436 -0.407 -0.261 -0.076 0.103 0.079 0.029 0.052 0.126 0.144 0.105 -0.031 -0.202 -0.248 -0.215 -0.331 -0.5 -0.693 -0.926 -1.071 -0.94 -0.797 -0.58 -0.42 -0.307 -0.221 -0.288 -0.289 -0.49 -0.703 -0.898 -1.026
