data/climatemaps/RS_maps/climate_postbreed_tmp_2016.asc
NCOLS 369 
NROWS 228 
XLLCORNER 479000 
YLLCORNER 73000 
CELLSIZE 1000 
NODATA_value -9 
[rows 170 to 203 of 228, columns 0 to 76 of 369]
-9 -9 -0.547 -0.596 -0.462 0.006 0.122 -0.64 -1.196 -1.358 -0.863 -0.131 0.693 1.104 1.21 1.256 1.276 1.298 1.339 1.394 1.423 1.438 1.496 1.55 1.606 1.675 1.689 1.693 1.703 1.703 1.61 1.572 1.564 1.583 1.608 1.615 1.606 1.606 1.563 1.578 1.563 1.532 1.529 1.551 1.27 1.129 1.271 1.29 1.237 0.871 -9 -9 -9 -9 -9 -9 -9 -9 0.121 0.153 0.515 0.91 0.636 0.055 -0.432 -0.859 -0.839 -0.936 -1.119 -1.272 -1.787 -1.691 -1.296 -0.851 -0.678 -0.348 0.173
-9 -0.522 -0.653 -0.592 -0.216 0.22 -0.24 -0.896 -1.35 -1.037 -0.3 0.392 0.998 1.165 1.252 1.305 1.335 1.354 1.386 1.432 1.445 1.454 1.516 1.571 1.642 1.681 1.683 1.683 1.695 1.669 1.577 1.571 1.585 1.589 1.593 1.539 1.369 1.144 1.109 1.433 1.499 1.463 1.462 1.503 1.264 1.196 1.236 1.189 0.963 -9 -9 -9 -9 -9 -9 -9 -9 -9 -0.054 -0.532 -0.097 0.541 0.916 0.485 -0.108 -0.419 -0.58 -0.896 -1.251 -1.031 -0.669 -1.105 -1.372 -1.341 -0.879 -0.393 -0.134
-0.531 -0.604 -0.706 -0.549 0.129 0.013 -0.706 -1.084 -1.246 -0.667 0.097 0.731 1.132 1.195 1.287 1.343 1.369 1.386 1.405 1.423 1.455 1.485 1.529 1.617 1.668 1.672 1.681 1.683 1.676 1.601 1.561 1.561 1.573 1.573 1.498 1.195 0.985 0.896 1.135 1.433 1.472 1.431 1.436 1.42 1.335 -9 -9 -9 -9 -9 -9 -9 -9 -9 -9 -9 -9 -9 0.384 -0.725 -0.68 0.148 0.78 -0.108 -0.537 -0.476 -0.648 -0.93 -0.995 -0.783 -0.207 -0.511 -0.946 -1.158 -1.007 -0.437 -0.274
-0.65 -0.756 -0.735 -0.335 0.206 -0.568 -1.195 -1.297 -0.978 -0.216 0.506 1.016 1.213 1.253 1.316 1.37 1.38 1.37 1.383 1.432 1.473 1.512 1.561 1.654 1.669 1.669 1.675 1.677 1.641 1.579 1.555 1.546 1.543 1.535 1.384 1.167 1.127 1.223 1.378 1.458 1.434 1.419 1.414 1.349 1.28 -9 -9 -9 -9 -9 -9 -9 -9 -9 -9 -9 -9 -9 0.26 -0.956 -0.898 0.4 0.669 -0.134 -0.709 -0.855 -0.509 -0.118 0.012 0.137 0.359 0.218 -0.224 -0.774 -1.253 -0.957 -0.784
-0.82 -0.847 -0.651 -0.048 -0.022 -1.132 -1.539 -1.129 -0.519 0.289 0.912 1.208 1.284 1.328 1.359 1.392 1.383 1.355 1.387 1.457 1.496 1.529 1.576 1.653 1.664 1.668 1.669 1.639 1.571 1.562 1.549 1.525 1.524 1.486 1.332 1.18 1.251 1.358 1.389 1.425 1.408 1.406 1.352 1.271 1.139 -9 -9 -9 -9 -9 -9 -9 -9 -9 -9 -9 -9 -9 -9 -0.353 -0.239 0.277 0.287 0.587 0.125 -0.405 0.243 0.559 0.349 0.172 0.168 0.376 0.398 -0.292 -0.803 -1.189 -1.444
-0.896 -0.713 -0.178 0.134 -0.67 -1.548 -1.366 -0.506 0.177 0.788 1.17 1.295 1.349 1.381 1.391 1.397 1.376 1.368 1.422 1.477 1.508 1.532 1.572 1.647 1.653 1.663 1.658 1.576 1.535 1.547 1.539 1.508 1.501 1.448 1.321 1.215 1.293 1.34 1.369 1.392 1.366 1.309 1.216 1.041 0.748 -9 -9 -9 -9 -9 -9 -9 -9 -9 -9 -9 -9 -9 -9 -9 -0.574 -0.437 -0.025 0.337 0.416 0.668 0.331 0.014 -0.398 -0.568 -0.924 -0.323 0.307 0.4 -0.058 -0.883 -1.53
-0.556 -0.405 0.241 -0.591 -1.411 -1.436 -0.932 0.058 0.745 1.127 1.297 1.347 1.382 1.408 1.397 1.385 1.37 1.407 1.465 1.495 1.491 1.525 1.596 1.648 1.649 1.648 1.618 1.535 1.527 1.529 1.521 1.487 1.473 1.425 1.325 1.256 1.284 1.282 1.297 1.305 1.246 1.087 0.83 0.523 0.248 0.011 -9 -9 -9 -9 -9 -9 -9 -9 -9 -9 -9 -9 -9 -9 -0.6 -0.897 -0.582 -0.759 -0.234 0.494 0.16 -0.58 -1.076 -1.324 -1.718 -0.837 -0.584 -0.033 0.423 -0.459 -1.29
-0.521 0.375 0.004 -1.038 -1.548 -1.011 -0.116 0.535 1.067 1.285 1.362 1.393 1.407 1.415 1.385 1.377 1.413 1.458 1.494 1.516 1.522 1.576 1.638 1.649 1.648 1.615 1.558 1.508 1.511 1.507 1.491 1.456 1.445 1.406 1.339 1.289 1.12 1.085 1.098 1.089 0.918 0.616 0.195 -0.005 -0.086 0.178 -9 -9 -9 -9 -9 -9 -9 -9 -9 -9 -9 -9 -9 -9 -9 -0.989 -0.633 -0.956 -0.501 0.028 0.412 0.151 -0.749 -1.997 -2.188 -1.495 -1.036 -0.246 0.376 -0.542 -1.145
-0.216 0.595 0.266 -0.77 -1.17 -0.342 0.338 0.869 1.213 1.35 1.4 1.414 1.414 1.398 1.391 1.435 1.466 1.485 1.495 1.512 1.529 1.596 1.649 1.649 1.646 1.575 1.515 1.506 1.508 1.486 1.472 1.449 1.422 1.396 1.357 1.242 0.766 0.636 0.65 0.627 0.465 0.103 -0.279 -0.11 -0.025 0.389 -9 -9 -9 -9 -9 -9 -9 -9 -9 -9 -9 -9 -9 -9 -0.054 -0.008 -0.23 -1.245 -1.03 0.05 -0.405 0.037 -0.294 -1.323 -1.59 -0.786 -0.022 0.244 -0.149 -0.505 -1.386
0.463 0.6 0.029 -0.913 -0.656 0.17 0.696 1.099 1.316 1.402 1.431 1.441 1.422 1.415 1.438 1.489 1.459 1.483 1.507 1.461 1.453 1.583 1.649 1.649 1.64 1.515 1.472 1.515 1.523 1.479 1.462 1.435 1.396 1.382 1.34 1.063 0.356 -0.044 0.06 0.26 0.408 -0.156 -0.346 0.134 0.404 0.529 -9 -9 -9 -9 -9 -9 -9 -9 -9 -9 -9 -9 -9 -9 0.766 0.197 -0.62 -1.419 -1.16 -0.667 -1.144 -0.454 -0.194 -0.774 -0.977 -0.232 -0.443 -0.69 -1.022 -0.368 -0.677
0.786 0.213 -0.639 -0.757 -0.086 0.588 0.932 1.227 1.369 1.426 1.439 1.402 1.356 1.453 1.484 1.454 1.453 1.489 1.474 1.423 1.457 1.602 1.649 1.649 1.575 1.417 1.455 1.493 1.537 1.489 1.454 1.413 1.383 1.378 1.26 0.76 -0.071 -0.628 -0.276 0.37 0.525 0.005 -0.027 0.446 0.66 0.391 -9 -9 -9 -9 -9 -9 -9 -9 -9 -9 -9 -9 -9 -9 1.027 0.101 -0.786 -1.278 -1.797 -1.595 -1.551 -0.71 -0.774 -0.826 -0.494 -0.487 -1.385 -1.386 -0.896 -0.304 -0.274
0.546 -0.372 -0.956 -0.207 0.512 0.918 1.158 1.318 1.393 1.456 1.394 1.309 1.39 1.499 1.476 1.457 1.459 1.499 1.469 1.459 1.533 1.612 1.65 1.628 1.421 1.438 1.514 1.535 1.54 1.497 1.444 1.393 1.413 1.343 1.081 0.389 -0.253 -0.683 -0.182 0.515 0.692 0.424 0.517 0.74 0.625 0.047 -9 -9 -9 -9 -9 -9 -9 -9 -9 -9 -9 -9 -9 -9 0.805 0.567 -0.077 -0.877 -1.581 -1.405 -1.42 -1.208 -0.927 -1.027 -0.621 -0.963 -1.683 -1.526 -0.487 -0.801 -0.965
0.1 -0.744 -0.477 0.366 0.839 1.112 1.283 1.345 1.386 1.475 1.386 1.36 1.487 1.496 1.485 1.485 1.521 1.531 1.496 1.522 1.559 1.623 1.652 1.563 1.469 1.52 1.537 1.542 1.547 1.491 1.46 1.438 1.355 1.177 0.79 0.245 -0.276 -0.682 -0.175 0.576 0.869 0.815 0.798 0.768 0.442 -9 -9 -9 -9 -9 -9 -9 -9 -9 -9 -9 -9 -9 -9 -0.1 0.271 0.844 0.323 -0.733 -0.918 -0.381 -0.437 -0.364 -0.324 -0.82 -1.112 -1.278 -1.758 -1.079 -0.699 -1.198 -0.898
-0.471 -0.653 0.108 0.749 1.024 1.187 1.317 1.324 1.359 1.479 1.461 1.471 1.55 1.553 1.548 1.544 1.566 1.533 1.526 1.562 1.611 1.61 1.596 1.534 1.53 1.544 1.548 1.556 1.547 1.516 1.427 1.387 1.319 0.931 0.575 0.185 -0.335 -0.469 0.026 0.669 0.929 0.785 0.533 0.476 0.074 -9 -9 -9 -9 -9 -9 -9 -9 -9 -9 -9 -9 -9 -9 -0.423 -0.216 0.825 0.69 0.171 0.218 0.043 -0.075 -0.27 -0.43 -0.636 -1.051 -1.637 -1.662 -0.913 -1.314 -1.315 -0.695
-0.797 -0.201 0.583 0.999 1.167 1.246 1.332 1.28 1.338 1.468 1.523 1.545 1.588 1.584 1.557 1.535 1.539 1.545 1.517 1.564 1.622 1.575 1.547 1.541 1.57 1.566 1.572 1.568 1.552 1.495 1.442 1.402 1.327 1.062 0.736 0.236 -0.354 -0.394 0.293 0.756 0.953 0.598 0.325 0.307 -0.198 -9 -9 -9 -9 -9 -9 -9 -9 -9 -9 -9 -9 -9 -9 -0.778 -0.327 0.533 0.937 0.876 0.295 -0.439 -0.704 -0.673 -0.86 -1.103 -0.964 -1.543 -1.713 -1.453 -1.68 -1.306 -0.718
-0.49 0.229 0.835 1.2 1.282 1.302 1.339 1.294 1.42 1.542 1.563 1.586 1.529 1.517 1.507 1.495 1.494 1.508 1.531 1.593 1.615 1.585 1.572 1.571 1.614 1.594 1.599 1.591 1.554 1.434 1.423 1.449 1.423 1.301 1.04 0.614 0.099 -0.018 0.716 0.917 0.816 0.431 0.57 0.227 -0.156 -9 -9 -9 -9 -9 -9 -9 -9 -9 -9 -9 -9 -9 -9 -0.613 -0.278 0.368 0.734 0.888 0.462 -0.268 -0.128 0.003 -0.317 -1.071 -1.318 -1.645 -1.872 -1.62 -1.207 -0.789 -0.347
-0.278 0.506 1.078 1.299 1.349 1.341 1.365 1.406 1.54 1.565 1.522 1.495 1.459 1.452 1.443 1.427 1.502 1.541 1.562 1.586 1.576 1.57 1.566 1.579 1.618 1.599 1.491 1.418 1.563 1.492 1.431 1.488 1.484 1.466 1.285 0.998 0.668 0.462 1.083 0.688 0.498 0.614 0.627 0.004 -9 -9 -9 -9 -9 -9 -9 -9 -9 -9 -9 -9 -9 -9 -9 -0.315 -0.005 0.105 0.405 0.491 0.82 0.379 -0.132 -0.495 -0.598 -1.354 -1.506 -1.886 -1.747 -1.283 -1.056 -0.671 0.201
-0.353 0.701 1.242 1.364 1.381 1.4 1.403 1.509 1.573 1.503 1.466 1.449 1.429 1.409 1.429 1.464 1.537 1.545 1.528 1.531 1.53 1.543 1.538 1.54 1.494 1.277 1.017 1.153 1.523 1.559 1.521 1.516 1.488 1.511 1.487 1.385 1.189 1.019 1.238 0.755 0.673 0.858 0.564 -9 -9 -9 -9 -9 -9 -9 -9 -9 -9 -9 -9 -9 -9 -9 -0.585 -0.849 -0.678 -0.108 0.125 -0.082 0.615 0.078 -0.937 -1.492 -1.455 -2.021 -2.049 -1.793 -1.382 -1.004 -0.758 -0.472 0.73
-0.458 0.659 1.227 1.365 1.453 1.414 1.458 1.604 1.57 1.482 1.468 1.445 1.433 1.409 1.477 1.513 1.494 1.478 1.448 1.455 1.484 1.508 1.481 1.391 0.899 0.5 0.789 1.277 1.459 1.578 1.575 1.557 1.546 1.539 1.511 1.464 1.425 1.385 1.32 0.894 1.057 1.072 0.549 -9 -9 -9 -9 -9 -9 -9 -9 -9 -9 -9 -9 -9 -9 -9 -0.393 -0.859 -0.442 0.243 -0.071 -0.319 0.256 0.48 -0.087 -1.055 -1.54 -1.639 -1.907 -1.363 -0.66 -0.348 0.009 0.289 0.823
-0.671 0.48 1.225 1.367 1.46 1.511 1.571 1.634 1.586 1.537 1.49 1.445 1.428 1.422 1.464 1.463 1.43 1.415 1.402 1.402 1.426 1.399 1.237 0.823 -0.016 0.166 0.971 1.262 1.347 1.58 1.63 1.62 1.629 1.628 1.588 1.515 1.397 1.283 1.323 1.231 1.275 1.228 -9 -9 -9 -9 -9 -9 -9 -9 -9 -9 -9 -9 -9 -9 -9 -9 -0.46 -0.218 0.253 0.285 -0.135 -0.333 -0.217 -0.631 0.328 0.206 -0.157 -0.52 -1.365 -1.095 -0.757 -0.534 -0.351 -0.004 -0.264
-0.6 0.353 1.327 1.532 1.643 1.62 1.607 1.546 1.5 1.498 1.459 1.415 1.39 1.383 1.407 1.402 1.363 1.348 1.344 1.335 1.316 1.197 0.713 -0.202 -0.283 0.49 1.127 1.105 1.271 1.482 1.594 1.611 1.638 1.686 1.694 1.623 1.376 1.174 1.237 1.394 1.402 -9 -9 -9 -9 -9 -9 -9 -9 -9 -9 -9 -9 -9 -9 -9 -9 -9 -0.033 0.361 0.305 -0.061 -0.263 -0.586 -0.468 -1.19 -0.504 0.224 0.084 -0.142 -0.844 -1.316 -0.945 -0.69 -0.897 -1.56 -1.095
0.37 0.676 1.481 1.653 1.638 1.617 1.561 1.451 1.403 1.423 1.371 1.334 1.334 1.29 1.295 1.323 1.29 1.292 1.276 1.216 1.138 0.96 0.245 -0.438 0.105 0.891 1.042 0.928 1.17 1.39 1.541 1.595 1.642 1.701 1.753 1.727 1.463 1.164 1.123 1.31 -9 -9 -9 -9 -9 -9 -9 -9 -9 -9 -9 -9 -9 -9 -9 -9 -9 -9 -9 0.231 0.003 -0.441 -0.377 -0.685 -0.632 -1.164 -0.964 -0.372 -0.578 -0.39 -1.216 -2.079 -2.15 -2.048 -2.544 -2.43 -1.967
1.072 1.282 1.45 1.482 1.456 1.412 1.419 1.381 1.367 1.346 1.318 1.318 1.297 1.216 1.239 1.243 1.243 1.211 1.145 1.002 0.886 0.555 -0.167 -0.16 0.467 0.995 0.836 0.871 1.126 1.351 1.477 1.562 1.638 1.682 1.755 1.791 1.655 1.251 -9 -9 -9 -9 -9 -9 -9 -9 -9 -9 -9 -9 -9 -9 -9 -9 -9 -9 -9 -9 -9 -0.201 -0.168 -0.417 -0.567 -0.43 -0.71 -1.027 -0.392 -0.544 -0.584 -1.13 -1.615 -2.009 -2.769 -2.558 -2.857 -2.54 -1.962
1.337 1.091 0.975 1.314 1.366 1.344 1.342 1.321 1.323 1.287 1.252 1.238 1.183 1.201 1.184 1.167 1.163 1.126 0.96 0.713 0.47 -0.054 -0.519 -0.006 0.532 0.904 0.696 0.856 1.056 1.187 1.385 1.507 1.609 1.671 1.749 1.812 1.806 -9 -9 -9 -9 -9 -9 -9 -9 -9 -9 -9 -9 -9 -9 -9 -9 -9 -9 -9 -9 -9 -9 -0.036 -0.256 -0.412 -0.274 0.3 -0.263 -0.596 0.281 0.35 -0.174 -0.698 -1.35 -2.172 -2.606 -1.995 -1.885 -1.687 -1.429
1.342 1.316 0.603 1.06 1.241 1.234 1.219 1.2 1.185 1.155 1.099 1.102 1.057 1.098 1.099 1.056 1.047 0.992 0.836 0.503 -0.021 -0.605 -0.411 0.276 0.656 0.673 0.633 0.893 0.83 0.923 1.268 1.461 1.579 1.671 1.734 -9 -9 -9 -9 -9 -9 -9 -9 -9 -9 -9 -9 -9 -9 -9 -9 -9 -9 -9 -9 -9 -9 -9 -9 0.957 0.535 0.198 0.4 0.696 0.339 0.109 0.622 1.013 0.01 -0.542 -1.283 -2.146 -2.73 -2.305 -1.049 -0.175 -0.026
1.45 1.489 0.616 0.752 0.993 1.042 1.016 1.023 0.96 0.918 0.903 0.939 0.92 0.93 0.89 0.859 0.945 0.91 0.669 0.146 -0.604 -0.499 0.111 0.526 0.598 0.403 0.6 0.847 0.649 0.765 1.108 1.415 1.557 1.677 -9 -9 -9 -9 -9 -9 -9 -9 -9 -9 -9 -9 -9 -9 -9 -9 -9 -9 -9 -9 -9 -9 -9 -9 -9 -9 1.68 1.402 1.295 1.271 1.177 0.895 0.906 1.363 -0.058 -1.021 -1.899 -2.14 -2.181 -1.943 -0.363 0.715 -0.567
1.442 1.352 0.789 0.414 0.665 0.894 0.937 0.911 0.791 0.763 0.774 0.768 0.72 0.681 0.579 0.604 0.828 0.749 0.197 -0.508 -0.515 -0.04 0.497 0.646 0.522 0.42 0.646 0.687 0.545 0.64 0.923 1.315 1.497 -9 -9 -9 -9 -9 -9 -9 -9 -9 -9 -9 -9 -9 -9 -9 -9 -9 -9 -9 -9 -9 -9 -9 -9 -9 -9 -9 1.891 1.961 1.934 1.874 1.775 1.611 1.516 1.069 -0.609 -1.417 -2.037 -1.498 -1.175 -1.19 0.422 0.578 -1.669
1.354 1.214 0.917 0.449 0.346 0.783 1.042 1.032 0.921 0.868 0.807 0.74 0.7 0.693 0.565 0.531 0.58 0.457 -0.223 -0.528 0.012 0.48 0.73 0.66 0.431 0.438 0.541 0.564 0.469 0.496 0.753 1.158 -9 -9 -9 -9 -9 -9 -9 -9 -9 -9 -9 -9 -9 -9 -9 -9 -9 -9 -9 -9 -9 -9 -9 -9 -9 -9 -9 -9 -9 1.708 1.924 2.025 2.023 2.054 2.026 1.169 0.136 -0.708 -1.366 -0.378 -0.214 0.027 1.237 0.623 -1.397
1.274 1.242 1.05 0.752 0.242 0.561 1.049 1.157 1.078 0.992 0.803 0.93 0.964 1.007 0.818 0.692 0.451 0.006 -0.349 -0.136 0.392 0.675 0.77 0.527 0.381 0.391 0.478 0.454 0.46 0.529 0.665 -9 -9 -9 -9 -9 -9 -9 -9 -9 -9 -9 -9 -9 -9 -9 -9 -9 -9 -9 -9 -9 -9 -9 -9 -9 -9 -9 -9 -9 -9 -9 1.473 1.494 1.649 1.763 2.058 1.836 0.707 -0.286 0.063 0.831 1.222 1.091 1.2 0.745 -1.001
1.314 1.371 1.203 0.971 0.524 0.284 0.978 1.221 1.197 1.013 0.932 1.141 1.196 1.164 0.992 0.899 0.51 -0.037 -0.077 0.263 0.642 0.827 0.787 0.546 0.408 0.428 0.486 0.56 0.636 -9 -9 -9 -9 -9 -9 -9 -9 -9 -9 -9 -9 -9 -9 -9 -9 -9 -9 -9 -9 -9 -9 -9 -9 -9 -9 -9 -9 -9 -9 -9 -9 -9 0.844 0.538 0.68 0.949 1.686 1.976 1.097 0.654 1.47 1.523 0.953 0.024 0.106 -0.298 -1.924
1.492 1.565 1.33 1.111 0.873 0.559 0.926 1.264 1.261 1.042 1.108 1.302 1.333 1.224 1.175 1.078 0.738 0.356 0.291 0.557 0.811 0.939 0.793 0.667 0.52 0.535 0.64 0.709 -9 -9 -9 -9 -9 -9 -9 -9 -9 -9 -9 -9 -9 -9 -9 -9 -9 -9 -9 -9 -9 -9 -9 -9 -9 -9 -9 -9 -9 -9 -9 -9 -9 -9 -9 -0.266 0.077 0.678 0.801 1.567 1.809 1.842 1.453 0.552 -0.192 -1.004 -1.701 -1.837 -2.701
1.602 1.593 1.308 1.216 1.106 0.99 1.091 1.319 1.247 1.118 1.172 1.428 1.446 1.374 1.322 1.193 0.919 0.646 0.565 0.635 0.874 0.952 0.809 0.697 0.625 0.664 -9 -9 -9 -9 -9 -9 -9 -9 -9 -9 -9 -9 -9 -9 -9 -9 -9 -9 -9 -9 -9 -9 -9 -9 -9 -9 -9 -9 -9 -9 -9 -9 -9 -9 -9 -9 -9 -9 0.005 0.207 -0.342 0.221 1.668 1.749 0.852 -0.208 -1.166 -2.086 -3.023 -3.052 -3.061
-9 1.656 1.456 1.28 1.291 1.302 1.349 1.291 1.204 1.273 1.369 1.461 1.311 1.254 1.36 -9 1.052 0.74 0.628 0.654 0.892 1.018 -9 -9 -9 -9 -9 -9 -9 -9 -9 -9 -9 -9 -9 -9 -9 -9 -9 -9 -9 -9 -9 -9 -9 -9 -9 -9 -9 -9 -9 -9 -9 -9 -9 -9 -9 -9 -9 -9 -9 -9 -9 -9 -9 -0.667 -0.421 0.301 1.252 1.607 0.399 -0.945 -1.931 -1.958 -2.593 -3.222 -2.525
-9 -9 -9 -9 -9 1.573 1.201 1.225 1.368 1.49 -9 -9 -9 -9 -9 -9 -9 -9 -9 -9 -9 -9 -9 -9 -9 -9 -9 -9 -9 -9 -9 -9 -9 -9 -9 -9 -9 -9 -9 -9 -9 -9 -9 -9 -9 -9 -9 -9 -9 -9 -9 -9 -9 -9 -9 -9 -9 -9 -9 -9 -9 -9 -9 -9 -9 -9 -0.537 -0.544 0.37 1.245 0.442 -0.492 -0.362 -0.559 -2.465 -3.53 -2.382
