data/climatemaps/RS_maps/climate_winter_tmin_2015.asc
NCOLS 369 
NROWS 228 
XLLCORNER 479000 
YLLCORNER 73000 
CELLSIZE 1000 
NODATA_value -9 
[rows 102 to 135 of 228, columns 154 to 230 of 369]
0.712 0.621 0.585 0.537 0.586 0.639 0.701 0.768 0.81 0.841 0.837 0.697 0.407 0.333 0.478 0.547 0.454 0.276 0.248 0.495 0.423 0.263 0.211 0.271 0.313 0.436 0.692 0.889 1.049 1.139 1.188 1.139 1.066 1.111 0.842 0.412 0.377 0.429 0.757 1.129 0.968 0.556 0.287 0.184 0.36 0.217 0.117 0.269 0.506 0.319 0.089 -0.027 0.354 0.975 1.154 1.148 0.976 0.416 -0.031 -0.124 -0.149 -0.212 -0.254 -0.377 -0.563 -0.617 -0.398 -0.1 0.058 -0.404 -0.427 -0.246 -0.102 0.343 0.04 -0.408 -0.468
0.671 0.609 0.519 0.491 0.607 0.689 0.764 0.789 0.756 0.714 0.804 0.622 0.326 0.361 0.447 0.372 0.349 0.339 0.446 0.414 0.231 0.224 0.337 0.399 0.465 0.505 0.589 0.812 1 1.136 1.164 1.081 1.071 1.012 0.609 0.191 0.341 0.585 0.882 1.108 0.973 0.676 0.441 0.189 0.204 0.108 -0.042 0.036 0.195 0.094 0.015 0.035 0.355 0.734 1.025 1.143 1.031 0.633 0.194 -0.016 -0.324 -0.44 -0.406 -0.588 -0.613 -0.454 -0.336 -0.135 -0.168 -0.418 -0.47 -0.476 -0.363 0.192 0.01 -0.397 -0.476
0.663 0.63 0.55 0.579 0.674 0.732 0.736 0.667 0.541 0.471 0.687 0.594 0.421 0.354 0.257 0.124 0.236 0.275 0.339 0.202 0.195 0.324 0.285 0.325 0.308 0.297 0.464 0.816 1.028 1.16 1.134 1.073 1.037 0.898 0.658 0.358 0.456 0.601 0.738 1.042 0.93 0.498 0.358 0.25 0.048 -0.132 -0.291 -0.204 -0.037 0.162 0.374 0.465 0.586 0.656 0.912 1.137 1.119 0.928 0.514 0.212 -0.165 -0.35 -0.408 -0.534 -0.531 -0.462 -0.308 -0.182 -0.479 -0.591 -0.63 -0.702 -0.496 -0.001 0.119 -0.106 -0.421
0.746 0.651 0.606 0.621 0.71 0.699 0.632 0.473 0.314 0.343 0.67 0.577 0.432 0.223 -0.018 0.112 0.067 0.146 0.258 0.157 0.246 0.231 0.138 0.216 0.248 0.375 0.654 0.908 1.104 1.161 1.101 1.071 0.991 0.748 0.5 0.328 0.387 0.356 0.527 0.994 0.84 0.292 0.037 -0.016 -0.211 -0.306 -0.264 -0.063 0.16 0.491 0.454 0.372 0.579 0.479 0.892 1.136 1.127 0.987 0.38 0.032 -0.157 -0.222 -0.231 -0.278 -0.327 -0.518 -0.492 -0.395 -0.59 -0.755 -0.606 -0.484 -0.301 -0.118 -0.124 -0.62 -0.725
0.71 0.747 0.706 0.691 0.716 0.63 0.495 0.212 0.199 0.458 0.685 0.592 0.37 0.072 0.006 -0.008 -0.075 0.12 0.178 0.215 0.172 0.172 0.264 0.365 0.456 0.569 0.773 0.982 1.141 1.136 1.079 1.006 0.896 0.62 0.265 0.133 0.247 0.325 0.687 1.024 0.789 0.428 0.168 -0.084 -0.374 -0.365 -0.138 0.079 0.234 0.48 0.045 0.174 0.35 0.364 0.846 1.121 1.124 1.015 0.472 -0.006 -0.128 0.026 0.05 -0.037 -0.12 -0.394 -0.558 -0.65 -0.809 -0.839 -0.736 -0.489 -0.31 -0.329 -0.336 -0.717 -0.754
0.628 0.702 0.725 0.72 0.633 0.531 0.302 0.081 0.246 0.404 0.627 0.574 0.223 0.1 0.024 -0.09 -0.062 0.091 0.182 0.264 0.175 0.256 0.414 0.532 0.646 0.741 0.886 1.077 1.15 1.102 1.033 0.909 0.785 0.507 0.113 -0.045 0.158 0.44 0.943 0.921 0.577 0.666 0.45 0.113 -0.104 -0.196 -0.168 -0.096 0.052 0.317 -0.098 0.194 0.218 0.07 0.538 1.036 1.114 1.101 0.925 0.438 0.363 0.433 0.407 0.262 0.185 -0.066 -0.173 -0.302 -0.456 -0.742 -0.921 -0.63 -0.587 -0.633 -0.756 -0.88 -0.517
0.593 0.693 0.688 0.704 0.547 0.337 0.165 0.171 0.284 0.361 0.613 0.568 0.118 0.213 0.145 0.03 -0.017 0.067 0.175 0.234 0.348 0.438 0.563 0.684 0.779 0.856 1.026 1.142 1.128 1.045 0.981 0.847 0.597 0.249 -0.044 -0.063 0.194 0.586 1.006 0.849 0.553 0.614 0.45 0.085 -0.156 -0.436 -0.259 -0.082 0.182 0.154 -0.229 0.151 -0.054 -0.429 0.225 0.775 1.078 1.093 1.067 0.929 0.828 0.771 0.679 0.603 0.497 0.279 0.141 0.047 -0.138 -0.288 -0.42 -0.442 -0.487 -0.594 -0.809 -0.745 -0.331
0.568 0.671 0.711 0.698 0.508 0.285 0.265 0.308 0.319 0.451 0.593 0.587 0.327 0.334 0.219 0.058 -0.009 0.011 0.076 0.14 0.414 0.603 0.734 0.845 0.93 1.033 1.126 1.151 1.098 0.979 0.918 0.647 0.278 0.025 -0.149 -0.172 0.207 0.753 1.003 0.746 0.357 0.107 0.124 -0.094 -0.321 -0.535 -0.405 -0.227 0.099 -0.213 -0.7 -0.459 -0.633 -0.509 0.174 0.488 0.85 1.076 1.061 1.021 0.835 0.585 0.427 0.258 0.378 0.394 0.334 0.258 0.182 0.11 0.06 -0.027 -0.164 -0.482 -0.629 -0.613 -0.446
0.57 0.639 0.723 0.594 0.451 0.411 0.395 0.335 0.233 0.3 0.475 0.594 0.446 0.351 0.217 0.041 0.101 0.028 0.141 0.289 0.48 0.696 0.882 1.007 1.085 1.135 1.143 1.108 0.996 0.802 0.755 0.684 0.414 0.322 0.016 -0.156 0.436 0.91 0.815 0.326 -0.081 -0.416 -0.273 -0.338 -0.473 -0.749 -0.697 -0.715 -0.29 -0.457 -1.001 -0.903 -0.543 0.048 0.257 0.137 0.557 0.995 1.062 0.978 0.657 0.338 0.31 -0.012 -0.094 -0.075 -0.083 0.104 0.345 0.062 -0.04 -0.092 -0.281 -0.662 -0.864 -0.792 -0.717
0.514 0.611 0.69 0.424 0.269 0.308 0.352 0.198 0.018 0.102 0.448 0.512 0.258 0.178 0.195 0.019 0.163 0.183 0.302 0.495 0.632 0.833 1.033 1.098 1.136 1.139 1.076 0.962 0.754 0.527 0.299 0.632 0.68 0.358 -0.01 0.079 0.47 0.859 0.68 0.254 -0.167 -0.654 -0.612 -0.558 -0.636 -0.826 -0.837 -0.941 -0.88 -0.764 -0.927 -1.019 -0.399 0.043 -0.078 0.019 0.483 0.875 1.052 0.782 0.477 0.274 0.151 -0.076 -0.419 -0.494 -0.558 -0.238 0.186 -0.337 -0.509 -0.514 -0.656 -0.799 -1.198 -1.142 -1.196
0.482 0.617 0.567 0.388 0.231 0.178 0.205 -0.137 -0.077 0.162 0.471 0.404 0.056 0.026 0.127 0.001 0.163 0.326 0.449 0.642 0.805 0.97 1.075 1.12 1.134 1.042 0.847 0.699 0.436 0.173 -0.014 0.402 0.712 0.395 0.048 0.149 0.209 0.677 0.766 0.279 -0.108 -0.357 -0.298 -0.253 -0.494 -0.622 -0.745 -0.934 -0.928 -0.78 -0.975 -0.955 -0.428 -0.138 -0.136 0.024 0.334 0.767 1.034 0.581 0.057 -0.086 -0.096 -0.318 -0.686 -0.728 -0.447 -0.145 0.032 -0.531 -0.823 -0.917 -0.93 -1.064 -1.462 -1.485 -1.563
0.593 0.53 0.338 0.345 0.298 0.15 -0.065 -0.214 0.03 0.275 0.462 0.343 -0.042 -0.127 -0.05 0.02 0.182 0.362 0.453 0.514 0.773 1.034 1.08 1.11 0.997 0.757 0.443 0.351 0.174 -0.121 0.09 0.634 0.625 0.264 -0.15 -0.247 -0.132 0.354 0.698 0.392 0.098 -0.036 0.214 -0.009 -0.509 -0.707 -0.876 -0.764 -0.538 -0.408 -0.709 -0.687 -0.42 -0.159 -0.177 -0.144 0.154 0.639 1.018 0.707 -0.03 -0.498 -0.547 -0.693 -0.758 -0.704 -0.433 -0.078 -0.088 -0.557 -0.942 -1.175 -1.312 -1.405 -1.46 -1.466 -1.537
0.568 0.347 0.275 0.351 0.285 0.077 -0.281 -0.12 0.117 0.298 0.403 0.397 0.225 -0.007 -0.091 0.086 0.242 0.234 0.302 0.462 0.737 0.98 1.038 1.091 0.788 0.614 0.23 -0.025 -0.153 -0.103 0.285 0.627 0.434 0.057 -0.356 -0.385 -0.179 0.385 0.637 0.446 0.334 0.335 0.437 -0.053 -0.581 -0.687 -0.861 -0.513 -0.281 -0.344 -0.54 -0.771 -0.639 -0.575 -0.485 -0.295 -0.005 0.492 0.931 0.929 0.3 -0.31 -0.58 -0.83 -0.75 -0.664 -0.487 -0.117 -0.303 -0.867 -1.198 -1.198 -1.345 -1.515 -1.354 -1.312 -1.456
0.561 0.496 0.49 0.438 0.287 -0.054 -0.249 -0.024 0.182 0.265 0.239 0.33 0.386 0.279 0.07 0.043 0.078 0.04 0.106 0.179 0.494 0.628 0.862 0.907 0.396 0.368 0.419 -0.03 -0.305 -0.018 0.181 0.572 0.297 -0.19 -0.494 -0.253 0.082 0.31 0.515 0.534 0.533 0.538 0.466 0.01 -0.38 -0.545 -0.801 -0.439 -0.196 -0.575 -0.867 -0.891 -0.633 -0.491 -0.147 0.156 0.307 0.472 0.668 0.971 0.657 0.154 -0.237 -0.606 -0.71 -1.061 -0.917 -0.726 -1.079 -1.281 -1.167 -0.892 -0.858 -1.199 -1.23 -1.271 -1.446
0.628 0.626 0.613 0.596 0.448 0.021 -0.09 0.118 0.253 0.237 0.141 0.157 0.248 0.33 0.26 0.165 0.076 -0.114 -0.119 0.166 0.273 0.528 0.867 0.664 0.029 0.212 0.453 0.103 -0.27 -0.161 0.175 0.546 0.182 -0.256 -0.585 -0.658 -0.187 0.142 0.239 0.299 0.375 0.353 0.448 0.342 0.05 -0.391 -0.495 -0.14 -0.229 -0.958 -1.115 -0.621 -0.307 -0.196 -0.129 0.092 0.101 0.022 0.301 0.815 0.91 0.557 -0.019 -0.58 -0.936 -1.257 -1.101 -1.094 -1.078 -1.07 -0.889 -0.508 -0.81 -1.048 -1.228 -1.318 -1.351
0.431 0.427 0.432 0.455 0.487 0.389 0.32 0.317 0.224 0.209 0.097 0.007 0.089 0.132 0.137 0.07 0.031 -0.203 -0.169 0.045 0.192 0.726 0.879 0.508 -0.066 0.204 0.276 0.04 -0.226 -0.103 0.355 0.432 0.065 -0.27 -0.555 -0.789 -0.638 -0.194 -0.056 -0.012 0.105 -0.066 0.093 0.258 0.282 0.003 -0.013 0.064 -0.363 -1.034 -1.02 -0.596 -0.478 -0.378 -0.565 -0.491 -0.544 -0.384 -0.035 0.548 0.947 0.682 0.002 -0.772 -1.188 -1.021 -0.892 -0.788 -0.684 -0.563 -0.307 -0.522 -1.207 -1.414 -1.482 -1.062 -1.066
0.198 0.138 0.076 0.086 0.115 0.279 0.398 0.256 0.147 0.087 -0.002 -0.177 -0.282 -0.283 -0.258 -0.296 -0.234 -0.325 -0.143 0.051 0.402 0.842 0.819 0.462 -0.052 0.155 0.017 -0.154 -0.261 -0.15 0.2 0.111 -0.139 -0.478 -0.62 -0.694 -0.706 -0.599 -0.395 -0.232 -0.227 -0.502 -0.437 -0.343 0.146 0.13 -0.025 -0.292 -0.718 -1.165 -1.164 -0.991 -0.971 -0.925 -0.982 -0.789 -0.55 -0.567 -0.28 0.2 0.819 0.734 0.078 -0.619 -0.813 -0.647 -0.675 -0.509 -0.299 -0.089 -0.214 -0.831 -1.384 -1.325 -1.339 -1.169 -0.744
-0.173 -0.286 -0.249 -0.102 0.115 0.336 0.302 0.128 -0.009 -0.173 -0.232 -0.235 -0.375 -0.382 -0.249 -0.255 -0.286 -0.264 -0.015 0.283 0.68 0.888 0.733 0.32 -0.032 0.116 -0.055 -0.358 -0.373 -0.181 -0.134 -0.285 -0.362 -0.513 -0.463 -0.403 -0.453 -0.617 -0.606 -0.491 -0.484 -0.775 -1.022 -0.782 -0.325 -0.384 -0.5 -0.892 -1.174 -1.305 -1.322 -1.186 -1.127 -1.188 -0.97 -0.763 -0.532 -0.357 -0.323 0.151 0.819 0.708 0.158 -0.274 -0.161 -0.12 -0.157 -0.007 0.074 -0.145 -0.469 -0.791 -1.222 -1.171 -0.946 -1.116 -0.775
-0.095 -0.201 -0.075 0.05 0.185 0.317 0.157 -0.073 -0.233 -0.256 -0.099 0.118 0.076 0.069 0.165 0.154 0.133 -0.116 -0.016 0.392 0.675 0.77 0.514 0.083 -0.184 -0.093 -0.035 -0.43 -0.456 -0.29 -0.285 -0.351 -0.394 -0.388 -0.218 -0.203 -0.322 -0.418 -0.57 -0.764 -0.903 -0.995 -1.243 -1.01 -0.905 -0.998 -0.97 -1.041 -1.038 -1.031 -1.2 -1.079 -0.784 -1.027 -1.023 -0.723 -0.573 -0.213 0.057 0.345 0.821 0.732 0.563 0.403 0.334 0.233 0.148 0.024 -0.309 -0.793 -0.927 -0.807 -1.223 -1.261 -0.823 -0.738 -0.634
0.008 -0.075 0.027 0.111 0.149 0.232 -0.038 -0.19 -0.054 0.19 0.415 0.537 0.566 0.561 0.576 0.519 0.542 0.238 0.091 0.356 0.56 0.585 0.325 0.055 -0.124 -0.161 -0.182 -0.374 -0.499 -0.565 -0.398 -0.384 -0.424 -0.194 -0.04 -0.251 -0.471 -0.761 -0.923 -0.918 -0.758 -0.612 -0.852 -1.012 -1.056 -1.031 -1.028 -0.722 -0.51 -0.837 -1.147 -1.057 -0.527 -0.79 -0.809 -0.499 -0.23 -0.006 0.366 0.698 0.724 0.28 0.101 0.33 0.22 0.006 -0.177 -0.522 -0.868 -1.239 -1.044 -0.933 -1.383 -1.18 -0.913 -0.695 -0.524
-0.013 -0.056 0.028 0.065 0.135 0.002 -0.111 0.091 0.49 0.751 0.885 0.919 0.903 0.887 0.861 0.826 0.835 0.707 0.465 0.499 0.6 0.506 0.449 0.328 0.146 -0.005 -0.149 -0.266 -0.27 -0.492 -0.662 -0.486 -0.231 0.058 -0.238 -0.621 -0.738 -0.749 -0.647 -0.31 -0.198 -0.445 -0.89 -1.189 -0.84 -0.666 -0.751 -0.668 -0.31 -0.789 -0.812 -1.096 -0.556 -0.292 -0.431 -0.616 -0.352 0.076 0.549 0.631 0.251 -0.302 -0.542 -0.136 0.017 -0.334 -0.579 -0.954 -1.355 -1.374 -0.969 -1.072 -1.233 -1.053 -0.981 -1.031 -0.89
-0.008 -0.046 0.009 -0.027 -0.101 -0.044 0.243 0.633 0.905 1.001 1.017 1.019 1.021 1.013 0.977 0.961 0.97 0.96 0.87 0.859 0.845 0.788 0.675 0.59 0.409 0.244 0.11 -0.095 -0.245 -0.431 -0.563 -0.132 0.178 -0.121 -0.438 -0.375 -0.127 -0.021 -0.023 -0.112 -0.432 -0.778 -0.991 -1.073 -0.826 -0.364 -0.277 -0.351 -0.235 -0.408 -0.494 -0.706 -0.76 -0.638 -0.276 -0.311 -0.189 0.345 0.626 0.371 -0.214 -0.895 -0.91 -0.395 -0.009 -0.533 -0.883 -1.127 -1.57 -1.483 -1.143 -1.233 -1.235 -1.143 -1.122 -1.089 -0.928
0.176 0.079 0.04 -0.169 -0.14 0.327 0.738 0.963 1.021 1.025 1.027 1 0.927 0.908 0.97 0.985 0.998 1.011 1.014 0.995 1.009 1.019 0.963 0.78 0.573 0.484 0.257 -0.05 -0.336 -0.456 -0.118 0.253 0.022 -0.277 -0.156 0.187 0.361 0.34 0.269 0.012 -0.224 -0.554 -0.635 -0.801 -0.604 -0.43 -0.562 -0.374 -0.226 -0.089 -0.116 -0.229 -0.429 -0.656 -0.528 -0.09 0.018 0.517 0.473 0.156 -0.493 -1.151 -1.128 -0.603 -0.206 -0.681 -1.171 -1.133 -1.325 -1.468 -1.308 -1.233 -1.178 -1.09 -0.944 -0.853 -0.647
0.358 0.233 0.029 -0.071 0.3 0.787 0.998 1.028 1.034 1.025 0.904 0.673 0.501 0.432 0.473 0.542 0.462 0.54 0.6 0.627 0.692 0.961 1.045 1.035 0.921 0.673 0.467 0.152 -0.182 -0.104 0.291 0.171 0.112 0.29 0.286 0.361 0.016 -0.204 -0.234 -0.19 -0.254 -0.384 -0.39 -0.601 -0.685 -0.686 -1.086 -0.923 -0.744 -0.421 -0.214 0.038 0.03 -0.133 -0.421 -0.182 0.358 0.526 -0.077 -0.084 -0.511 -0.992 -1.141 -0.834 -0.548 -0.657 -1.037 -0.865 -1.132 -1.423 -1.192 -0.986 -0.897 -0.792 -0.753 -0.488 -0.367
0.311 0.082 0.116 0.42 0.821 1.013 1.04 1.04 1.002 0.813 0.397 0.336 0.191 0.068 0.083 -0.114 -0.259 0.035 0.088 0.116 0.197 0.45 0.785 0.965 1.023 0.952 0.752 0.382 0.325 0.414 0.503 0.557 0.606 0.573 0.462 0.089 -0.45 -0.711 -0.802 -0.764 -0.666 -0.66 -0.521 -0.738 -1.046 -0.915 -1.305 -1.402 -1.081 -0.92 -0.614 -0.183 -0.035 0.101 0.048 0.074 0.529 0.18 -0.529 -0.224 -0.642 -1.034 -1.121 -0.955 -0.794 -0.81 -1.056 -0.753 -1.089 -1.249 -1.054 -0.801 -0.554 -0.423 -0.393 -0.076 0.111
0.195 0.482 0.699 0.901 1.036 1.047 1.047 0.986 0.694 0.331 0.058 0.248 -0.073 -0.262 -0.348 -0.301 -0.232 -0.186 -0.453 -0.213 -0.262 -0.107 0.243 0.589 0.791 0.868 0.939 0.823 0.775 0.688 0.594 0.413 0.184 0.109 0.142 -0.026 -0.598 -0.865 -1.031 -1.136 -0.915 -0.737 -0.785 -0.926 -1.443 -1.121 -1.174 -1.486 -1.295 -1.027 -0.748 -0.541 -0.599 -0.342 0.08 0.413 0.476 -0.151 -0.757 -0.342 -0.686 -0.966 -1.228 -1.208 -1.064 -0.918 -1.031 -0.747 -0.854 -1.03 -0.82 -0.608 -0.349 -0.102 0.058 0.224 0.233
0.65 0.927 1.033 1.057 1.057 1.02 0.876 0.625 0.118 -0.183 -0.157 -0.048 -0.207 -0.52 -0.555 -0.576 -0.641 -0.7 -0.472 -0.418 -0.51 -0.175 0.166 0.343 0.297 0.506 0.827 0.995 0.78 0.286 0.005 -0.218 -0.373 -0.546 -0.411 -0.01 -0.288 -0.561 -0.818 -1.134 -1.173 -1.18 -1.184 -1.253 -1.659 -1.177 -0.838 -1.208 -1.355 -1.144 -1.106 -0.937 -0.788 -0.449 0.027 0.502 0.164 -0.461 -0.961 -0.59 -0.609 -1.086 -1.406 -1.277 -1.25 -0.809 -0.805 -0.729 -0.504 -0.696 -0.645 -0.376 -0.165 0.064 0.199 0.199 -0.106
1 1.042 1.055 1.052 1.009 0.726 0.373 0.256 -0.21 -0.427 -0.304 -0.21 -0.264 -0.704 -0.905 -1.047 -0.963 -0.735 -0.614 -0.579 -0.404 -0.125 0.212 0.072 -0.122 0.041 0.575 0.823 0.78 0.062 -0.431 -0.593 -0.735 -0.943 -0.795 -0.453 -0.27 -0.235 -0.72 -1.175 -1.483 -1.514 -1.454 -1.501 -1.665 -1.24 -0.764 -0.774 -1.097 -1.322 -1.32 -0.953 -0.685 -0.464 0.068 0.426 -0.148 -0.72 -1.133 -0.782 -0.714 -1.246 -1.414 -1.084 -1.113 -0.836 -0.518 -0.485 -0.22 -0.319 -0.353 -0.388 -0.134 0.102 0.063 -0.016 -0.519
1.062 1.055 1.008 0.91 0.718 0.241 -0.195 -0.302 -0.424 -0.514 -0.428 -0.431 -0.367 -0.628 -0.926 -1.055 -0.802 -0.592 -0.414 -0.259 -0.073 0.155 0.111 -0.347 -0.371 0.451 0.68 0.417 0.752 0.406 -0.129 -0.401 -0.592 -0.867 -0.983 -0.812 -0.515 -0.273 -0.756 -1.273 -1.511 -1.336 -1.282 -1.324 -1.468 -1.338 -0.995 -0.719 -0.597 -0.976 -1.151 -0.791 -0.629 -0.514 0.001 0.37 -0.332 -0.861 -1.209 -1.017 -0.873 -1.234 -1.093 -1.046 -0.651 -0.621 -0.278 -0.105 -0.015 0.012 0.039 0.044 0.072 0.027 -0.148 -0.028 -0.229
1.056 0.974 0.797 0.544 0.193 -0.17 -0.56 -0.533 -0.598 -0.73 -0.799 -0.797 -0.656 -0.757 -0.811 -0.812 -0.646 -0.443 -0.306 -0.046 0.029 0.022 -0.127 -0.712 -0.28 0.758 0.41 -0.107 0.44 0.661 0.449 -0.022 -0.239 -0.576 -0.93 -1.096 -0.863 -0.653 -0.88 -1.247 -1.534 -1.219 -0.889 -0.881 -1.162 -1.318 -1.252 -0.898 -0.472 -0.425 -0.626 -0.468 -0.272 -0.091 0.17 0.337 -0.208 -0.632 -1.091 -1.142 -1.029 -1.044 -0.76 -0.87 -0.511 -0.315 -0.125 -0.039 -0.201 -0.09 -0.147 -0.152 -0.269 -0.273 -0.114 -0.026 -0.265
0.965 0.649 0.393 0.192 -0.234 -0.408 -0.575 -0.726 -0.769 -0.805 -0.896 -0.769 -0.719 -0.715 -0.585 -0.495 -0.439 -0.317 -0.127 -0.038 -0.382 -0.471 -0.338 -0.766 -0.191 0.682 0.087 -0.519 0.035 0.429 0.61 0.406 0.194 -0.287 -0.775 -1.193 -1.192 -1.125 -1.069 -1.215 -1.512 -1.43 -0.904 -0.63 -0.678 -1.003 -1.132 -0.938 -0.7 -0.465 -0.136 0.033 0.154 0.116 0.166 0.008 -0.425 -0.813 -0.947 -0.823 -0.743 -0.711 -0.687 -0.606 -0.422 -0.21 -0.199 -0.444 -0.457 -0.247 -0.524 -0.371 -0.58 -0.514 -0.215 -0.138 -0.593
0.832 0.295 -0.044 -0.205 -0.21 -0.254 -0.429 -0.574 -0.576 -0.478 -0.641 -0.604 -0.547 -0.411 -0.345 -0.206 -0.201 -0.289 -0.232 -0.381 -0.952 -0.913 -0.766 -0.667 -0.155 0.469 -0.155 -0.843 -0.487 -0.13 0.348 0.544 0.504 0.025 -0.492 -1.087 -1.363 -1.466 -1.275 -1.316 -1.638 -1.744 -1.319 -0.89 -0.547 -0.495 -0.69 -0.596 -0.381 -0.174 -0.049 -0.143 -0.271 -0.464 -0.021 -0.363 -0.73 -0.792 -0.6 -0.675 -0.896 -0.678 -0.594 -0.351 -0.229 -0.444 -0.625 -0.828 -0.456 -0.465 -0.796 -0.581 -0.883 -0.698 -0.2 -0.251 -0.822
0.902 0.429 -0.059 -0.044 0.13 0.081 0.001 -0.006 -0.142 -0.163 -0.215 -0.154 -0.304 -0.119 -0.025 0.048 -0.019 -0.38 -0.982 -1.063 -1.308 -1.235 -1.166 -0.738 -0.275 0.23 -0.105 -0.697 -0.893 -0.467 -0.089 0.102 0.386 0.185 -0.601 -1.063 -1.159 -1.57 -1.421 -1.416 -1.668 -1.829 -1.656 -1.175 -0.853 -0.502 -0.271 -0.263 -0.225 -0.337 -0.527 -0.718 -0.82 -0.63 -0.156 -0.178 -0.446 -0.469 -0.641 -0.976 -1.127 -0.733 -0.437 -0.49 -0.471 -0.886 -0.958 -0.876 -0.476 -0.716 -0.984 -0.843 -1.018 -0.72 -0.237 -0.315 -0.738
0.744 0.758 0.472 0.541 0.625 0.635 0.581 0.55 0.433 0.269 0.251 0.211 0.036 0.166 0.254 0.259 0.018 -0.808 -1.598 -1.689 -1.588 -1.44 -1.338 -0.896 -0.562 -0.229 -0.228 -0.349 -0.728 -1.007 -0.755 -0.453 0.078 0.198 -0.579 -0.905 -0.977 -1.505 -1.602 -1.474 -1.539 -1.773 -1.662 -1.206 -0.726 -0.574 -0.747 -0.628 -0.821 -0.977 -1.056 -1.027 -0.729 -0.33 0.007 0.005 -0.158 -0.36 -0.679 -1.1 -1.136 -0.881 -0.729 -0.832 -0.528 -1.064 -1.119 -0.809 -0.553 -0.911 -1.105 -1.057 -0.869 -0.455 -0.266 -0.508 -0.767
