data/climatemaps/RS_maps/climate_breeding_tmp_2019.asc
NCOLS 369 
NROWS 228 
XLLCORNER 479000 
YLLCORNER 73000 
CELLSIZE 1000 
NODATA_value -9 
[rows 34 to 67 of 228, columns 77 to 153 of 369]
1.104 1.046 0.983 1.023 1.091 1.079 1.063 1.047 1.026 1.006 0.998 1.002 0.996 0.989 0.993 0.983 0.976 0.981 0.975 0.963 0.957 0.963 0.979 0.984 0.945 0.954 0.949 0.932 0.935 0.942 0.944 0.94 0.961 0.998 1.004 0.972 0.948 0.936 0.927 0.918 0.915 0.918 0.907 0.899 0.928 0.986 1.012 1.025 1.048 1.077 1.084 1.118 1.138 1.139 1.144 1.15 1.161 1.173 1.164 1.164 1.161 1.124 1.112 1.079 1.084 1.141 1.168 1.168 1.167 1.162 1.143 1.129 1.134 1.134 1.114 1.097 1.085
1.108 1.045 1.031 1.053 1.09 1.063 1.056 1.073 1.059 1.036 1.02 1.003 0.985 0.984 0.982 0.976 0.972 0.978 0.969 0.968 0.956 0.949 0.96 0.972 0.959 0.952 0.95 0.939 0.927 0.924 0.935 0.93 0.954 0.943 0.964 0.995 0.953 0.915 0.918 0.918 0.918 0.891 0.885 0.879 0.933 0.968 0.997 1.016 1.034 1.042 1.065 1.072 1.096 1.107 1.121 1.119 1.141 1.171 1.153 1.153 1.17 1.178 1.174 1.171 1.173 1.162 1.156 1.136 1.103 1.073 1.05 1.085 1.073 1.052 0.997 0.976 1.052
1.102 1.054 1.079 1.089 1.088 1.043 1.013 1.037 1.047 1.046 1.048 1.02 0.992 0.991 0.986 0.977 0.974 0.975 0.955 0.961 0.954 0.942 0.936 0.948 0.966 0.955 0.945 0.94 0.924 0.915 0.929 0.92 0.928 0.912 0.917 0.968 0.986 0.924 0.89 0.877 0.885 0.866 0.863 0.852 0.893 0.945 0.993 1.021 1.008 1.017 1.039 1.045 1.061 1.085 1.08 1.069 1.125 1.165 1.139 1.153 1.158 1.17 1.172 1.172 1.172 1.145 1.12 1.071 1.028 0.986 0.984 1.076 1.053 1.013 0.923 0.868 0.955
1.111 1.101 1.09 1.066 1.067 1.024 0.996 1.005 1.012 1.007 1.05 1.037 1.02 1.014 0.999 0.984 0.98 0.976 0.957 0.957 0.951 0.93 0.918 0.935 0.949 0.952 0.938 0.92 0.92 0.913 0.917 0.913 0.899 0.9 0.903 0.934 0.989 0.966 0.913 0.879 0.858 0.846 0.844 0.832 0.869 0.957 1.011 0.987 0.979 1.027 0.993 1.022 1.056 1.091 1.06 1.058 1.127 1.149 1.091 1.122 1.093 1.14 1.149 1.148 1.141 1.119 1.066 1.055 1.014 0.997 0.976 1.018 1.047 0.965 0.964 0.879 0.829
1.113 1.069 1.017 1.01 1.038 1.048 1.01 0.997 0.975 0.986 1.033 1.019 0.988 0.994 0.983 0.98 0.98 0.955 0.96 0.949 0.938 0.916 0.929 0.933 0.936 0.945 0.923 0.925 0.915 0.911 0.902 0.9 0.886 0.885 0.889 0.897 0.976 0.993 0.972 0.942 0.906 0.882 0.84 0.816 0.856 0.921 0.966 0.961 0.986 1.022 0.999 1.027 1.088 1.083 1.044 1.068 1.135 1.13 1.016 1.032 1.029 0.996 1.054 1.053 1.094 1.106 0.957 1.041 1.051 0.981 0.91 0.969 1.019 0.926 0.853 0.907 0.815
1.074 1.035 1.004 1.007 1.029 1.016 1.048 1.024 0.978 0.998 1.019 1.034 0.975 0.926 0.882 0.897 0.961 0.935 0.937 0.929 0.876 0.877 0.904 0.917 0.916 0.932 0.913 0.916 0.901 0.894 0.873 0.843 0.819 0.857 0.884 0.89 0.96 0.974 0.982 0.987 0.971 0.938 0.877 0.86 0.902 0.937 1.001 1.03 1.059 1.071 1.078 1.091 1.113 1.064 1.018 1.084 1.139 1.106 0.886 0.865 0.893 0.813 0.919 0.975 1.07 1.111 0.93 0.903 1.005 0.825 0.797 0.944 0.918 0.917 0.808 0.889 0.876
1.045 1.019 1.005 1.001 1 0.954 1.029 0.989 0.95 1.012 1.013 1.026 0.95 0.88 0.903 0.951 0.971 0.907 0.838 0.84 0.904 0.876 0.866 0.879 0.867 0.912 0.892 0.913 0.886 0.871 0.749 0.699 0.662 0.723 0.806 0.784 0.809 0.811 0.861 0.935 0.976 0.971 0.943 0.906 0.953 1.014 1.042 1.045 1.045 1.048 1.068 1.093 1.105 1.071 1.058 1.11 1.14 1.09 0.907 0.821 0.727 0.699 0.86 0.968 1.02 1.113 0.971 0.808 0.938 0.807 0.857 0.858 0.874 0.899 0.756 0.758 0.733
1.068 1.016 0.995 0.993 0.953 0.928 0.981 0.918 0.931 0.969 0.973 0.985 0.971 0.966 0.949 0.957 0.934 0.953 0.947 0.937 0.921 0.927 0.893 0.874 0.862 0.89 0.902 0.894 0.887 0.827 0.749 0.734 0.728 0.708 0.721 0.707 0.739 0.745 0.832 0.941 0.967 0.974 0.95 0.972 1.022 1.028 0.974 0.893 0.94 0.982 1.059 1.088 1.088 1.071 1.092 1.121 1.132 1.066 0.916 0.811 0.674 0.758 0.815 0.854 0.967 1.088 1.059 0.889 0.881 0.833 0.767 0.74 0.793 0.802 0.841 0.769 0.703
1.065 1.028 1.025 0.997 0.914 0.857 0.891 0.856 0.894 0.902 0.907 0.881 0.884 0.971 0.929 0.927 0.93 0.932 0.947 0.932 0.905 0.92 0.928 0.892 0.867 0.889 0.9 0.868 0.834 0.714 0.783 0.765 0.75 0.784 0.779 0.822 0.836 0.854 0.88 0.927 0.958 0.954 0.952 0.997 1.015 0.918 0.78 0.814 0.883 0.867 0.912 0.998 1.053 1.068 1.087 1.118 1.129 1.049 0.893 0.662 0.574 0.676 0.802 0.89 0.928 1.015 1.08 1.071 0.982 0.932 0.884 0.91 0.785 0.663 0.857 0.878 0.889
1.058 1.015 1.021 0.969 0.869 0.795 0.812 0.8 0.859 0.833 0.839 0.833 0.882 0.916 0.964 0.891 0.874 0.901 0.936 0.926 0.901 0.905 0.933 0.911 0.889 0.879 0.903 0.84 0.724 0.682 0.754 0.76 0.759 0.799 0.801 0.782 0.815 0.865 0.898 0.929 0.946 0.938 0.94 0.965 0.961 0.842 0.814 0.786 0.775 0.781 0.792 0.807 0.867 0.979 1.057 1.104 1.107 0.98 0.807 0.652 0.599 0.595 0.778 0.94 0.982 0.951 1.072 1.024 1.057 1.041 1.036 1.031 0.946 0.865 0.929 0.973 0.97
1.049 1.037 1.014 0.938 0.828 0.774 0.768 0.756 0.79 0.771 0.807 0.824 0.827 0.858 0.959 0.873 0.842 0.848 0.931 0.899 0.893 0.918 0.932 0.899 0.898 0.893 0.878 0.746 0.736 0.701 0.712 0.679 0.632 0.694 0.671 0.653 0.687 0.768 0.826 0.865 0.892 0.899 0.864 0.841 0.832 0.737 0.655 0.603 0.556 0.556 0.588 0.68 0.744 0.843 0.943 1.037 1.052 0.876 0.706 0.66 0.594 0.672 0.838 0.953 0.911 0.947 1.065 0.937 0.936 0.892 0.925 1.024 0.994 1.013 0.947 0.978 0.927
0.973 1.018 0.98 0.863 0.775 0.747 0.752 0.743 0.742 0.749 0.804 0.799 0.767 0.843 0.938 0.91 0.826 0.838 0.916 0.867 0.88 0.892 0.907 0.874 0.869 0.885 0.831 0.782 0.713 0.63 0.581 0.561 0.536 0.577 0.555 0.583 0.62 0.701 0.742 0.74 0.773 0.777 0.668 0.645 0.604 0.553 0.536 0.651 0.653 0.73 0.815 0.906 0.897 0.779 0.787 0.981 1.052 0.785 0.671 0.648 0.679 0.851 0.909 0.93 0.921 0.957 1.042 0.981 0.894 0.819 0.825 0.98 0.864 0.942 0.859 0.847 0.888
0.928 0.989 0.971 0.84 0.756 0.749 0.742 0.751 0.737 0.754 0.798 0.767 0.748 0.813 0.89 0.919 0.839 0.843 0.889 0.851 0.856 0.844 0.86 0.826 0.83 0.824 0.745 0.71 0.604 0.584 0.586 0.588 0.624 0.663 0.659 0.717 0.74 0.737 0.727 0.708 0.674 0.621 0.522 0.534 0.599 0.667 0.705 0.786 0.846 0.874 0.942 1.009 1.004 0.952 0.904 1 0.98 0.76 0.695 0.662 0.739 0.857 0.915 0.895 0.901 0.923 0.972 0.945 0.938 0.835 0.801 0.913 0.842 0.82 0.889 0.809 0.79
0.919 0.979 0.953 0.817 0.772 0.77 0.744 0.761 0.75 0.763 0.79 0.741 0.743 0.795 0.851 0.902 0.908 0.879 0.87 0.863 0.882 0.885 0.887 0.853 0.837 0.769 0.691 0.63 0.583 0.591 0.618 0.651 0.648 0.696 0.702 0.766 0.774 0.762 0.768 0.754 0.72 0.679 0.694 0.721 0.768 0.826 0.851 0.87 0.926 0.969 1.039 1.037 0.979 0.967 0.92 0.835 0.805 0.757 0.729 0.739 0.748 0.755 0.809 0.885 0.903 0.936 0.898 0.871 0.898 0.889 0.786 0.889 0.865 0.763 0.86 0.856 0.8
0.875 0.955 0.945 0.801 0.806 0.791 0.754 0.781 0.772 0.776 0.756 0.743 0.782 0.815 0.839 0.873 0.938 0.927 0.897 0.907 0.919 0.908 0.898 0.882 0.86 0.821 0.784 0.679 0.614 0.626 0.591 0.592 0.56 0.633 0.578 0.673 0.7 0.636 0.644 0.675 0.783 0.83 0.846 0.797 0.823 0.86 0.915 0.951 1.005 1.043 1.01 1.02 0.97 0.937 0.829 0.684 0.635 0.63 0.688 0.711 0.704 0.661 0.71 0.881 0.825 0.852 0.833 0.821 0.883 0.898 0.789 0.882 0.864 0.778 0.848 0.837 0.808
0.87 0.911 0.945 0.83 0.851 0.793 0.768 0.788 0.788 0.782 0.774 0.798 0.829 0.864 0.911 0.933 0.948 0.909 0.893 0.896 0.904 0.897 0.88 0.865 0.857 0.831 0.77 0.641 0.577 0.612 0.503 0.485 0.47 0.552 0.521 0.564 0.625 0.537 0.583 0.637 0.697 0.74 0.747 0.709 0.743 0.809 0.849 0.953 1.039 1.037 0.999 1.023 0.958 0.904 0.813 0.742 0.611 0.526 0.533 0.635 0.678 0.664 0.746 0.823 0.699 0.78 0.744 0.834 0.891 0.885 0.842 0.863 0.88 0.8 0.861 0.788 0.736
0.874 0.878 0.968 0.9 0.847 0.786 0.793 0.796 0.797 0.819 0.832 0.844 0.862 0.899 0.942 0.928 0.916 0.893 0.896 0.89 0.88 0.865 0.849 0.793 0.737 0.677 0.703 0.511 0.537 0.597 0.536 0.51 0.45 0.486 0.569 0.561 0.581 0.574 0.687 0.752 0.656 0.7 0.762 0.802 0.875 0.885 0.835 0.95 0.961 1.016 0.998 1.013 0.96 0.867 0.793 0.732 0.661 0.601 0.512 0.586 0.644 0.626 0.767 0.735 0.67 0.685 0.7 0.866 0.8 0.841 0.843 0.839 0.767 0.669 0.815 0.72 0.565
0.859 0.924 0.896 0.898 0.802 0.785 0.818 0.821 0.839 0.853 0.865 0.892 0.886 0.858 0.886 0.897 0.893 0.861 0.85 0.86 0.857 0.807 0.713 0.704 0.67 0.589 0.623 0.419 0.481 0.525 0.492 0.446 0.446 0.517 0.605 0.651 0.673 0.7 0.826 0.873 0.86 0.863 0.915 0.931 0.859 0.822 0.877 0.868 0.825 0.963 0.963 0.995 0.941 0.864 0.754 0.717 0.666 0.658 0.611 0.642 0.629 0.694 0.785 0.76 0.614 0.636 0.733 0.84 0.677 0.756 0.655 0.696 0.732 0.614 0.688 0.771 0.575
0.902 0.855 0.828 0.815 0.769 0.799 0.811 0.844 0.848 0.851 0.845 0.817 0.784 0.825 0.845 0.83 0.82 0.801 0.778 0.761 0.706 0.69 0.678 0.546 0.449 0.44 0.517 0.396 0.327 0.408 0.397 0.395 0.423 0.455 0.421 0.464 0.604 0.807 0.932 0.893 0.87 0.773 0.809 0.732 0.687 0.745 0.886 0.822 0.725 0.813 0.809 0.928 0.802 0.694 0.629 0.704 0.689 0.593 0.496 0.447 0.445 0.628 0.666 0.727 0.578 0.553 0.654 0.788 0.695 0.619 0.549 0.739 0.749 0.558 0.583 0.68 0.643
0.807 0.733 0.667 0.677 0.708 0.736 0.761 0.721 0.743 0.721 0.65 0.629 0.645 0.634 0.588 0.616 0.6 0.605 0.603 0.517 0.421 0.529 0.514 0.489 0.548 0.569 0.472 0.484 0.495 0.517 0.427 0.409 0.424 0.452 0.52 0.635 0.712 0.82 0.841 0.692 0.639 0.589 0.594 0.519 0.454 0.626 0.838 0.797 0.745 0.687 0.706 0.897 0.763 0.623 0.482 0.542 0.493 0.431 0.43 0.288 0.276 0.373 0.344 0.476 0.298 0.334 0.642 0.708 0.527 0.422 0.41 0.635 0.652 0.61 0.449 0.551 0.662
0.708 0.69 0.715 0.743 0.77 0.753 0.649 0.531 0.54 0.478 0.503 0.396 0.425 0.417 0.435 0.411 0.419 0.446 0.481 0.525 0.566 0.587 0.746 0.724 0.745 0.62 0.469 0.537 0.729 0.726 0.605 0.604 0.67 0.735 0.815 0.876 0.906 0.957 0.968 0.926 0.866 0.789 0.663 0.579 0.426 0.449 0.551 0.567 0.495 0.454 0.59 0.887 0.72 0.545 0.627 0.56 0.385 0.44 0.492 0.412 0.343 0.209 0.112 0.287 0.203 0.244 0.417 0.593 0.42 0.408 0.339 0.394 0.533 0.493 0.552 0.669 0.795
0.549 0.581 0.655 0.702 0.726 0.657 0.528 0.44 0.451 0.472 0.51 0.509 0.486 0.538 0.663 0.591 0.617 0.677 0.715 0.803 0.811 0.827 0.863 0.858 0.578 0.356 0.455 0.723 0.788 0.81 0.77 0.801 0.842 0.874 0.934 0.955 0.979 0.991 0.993 0.982 0.965 0.924 0.818 0.826 0.73 0.762 0.797 0.768 0.766 0.745 0.543 0.551 0.65 0.751 0.745 0.665 0.569 0.586 0.532 0.429 0.279 0.166 0.272 0.495 0.472 0.32 0.272 0.521 0.527 0.501 0.365 0.248 0.396 0.479 0.507 0.544 0.739
0.571 0.649 0.768 0.863 0.853 0.822 0.632 0.666 0.655 0.803 0.832 0.706 0.723 0.796 0.867 0.797 0.857 0.828 0.793 0.649 0.653 0.7 0.726 0.831 0.679 0.456 0.698 0.83 0.784 0.852 0.841 0.816 0.872 0.843 0.908 0.976 0.979 0.958 0.989 0.977 0.969 0.937 0.894 0.853 0.811 0.84 0.847 0.822 0.783 0.643 0.447 0.336 0.507 0.523 0.515 0.451 0.589 0.533 0.43 0.476 0.51 0.543 0.593 0.646 0.586 0.461 0.32 0.415 0.555 0.502 0.412 0.334 0.502 0.663 0.675 0.748 0.826
0.72 0.835 0.847 0.851 0.876 0.936 0.825 0.818 0.821 0.91 0.882 0.827 0.819 0.783 0.864 0.789 0.708 0.67 0.52 0.452 0.588 0.615 0.837 0.675 0.578 0.666 0.843 0.877 0.847 0.887 0.905 0.88 0.857 0.851 0.93 0.961 0.933 0.858 0.96 0.962 0.932 0.881 0.86 0.885 0.845 0.806 0.811 0.801 0.779 0.589 0.383 0.316 0.338 0.298 0.155 0.248 0.382 0.411 0.454 0.517 0.589 0.628 0.649 0.715 0.729 0.547 0.364 0.38 0.55 0.517 0.446 0.513 0.587 0.751 0.873 0.951 0.999
0.9 0.916 0.666 0.638 0.648 0.775 0.734 0.657 0.715 0.791 0.669 0.619 0.556 0.501 0.592 0.483 0.454 0.428 0.459 0.597 0.731 0.743 0.717 0.5 0.562 0.773 0.855 0.89 0.89 0.883 0.904 0.901 0.891 0.909 0.911 0.901 0.878 0.814 0.904 0.893 0.755 0.675 0.68 0.734 0.751 0.662 0.689 0.673 0.654 0.533 0.473 0.407 0.42 0.318 0.139 0.244 0.282 0.244 0.24 0.332 0.377 0.458 0.498 0.594 0.733 0.538 0.506 0.529 0.587 0.531 0.548 0.617 0.76 0.902 0.982 1.017 0.983
0.933 0.77 0.544 0.534 0.541 0.497 0.46 0.472 0.557 0.599 0.477 0.446 0.457 0.524 0.45 0.498 0.55 0.606 0.702 0.723 0.665 0.556 0.471 0.553 0.612 0.673 0.716 0.822 0.753 0.715 0.724 0.747 0.748 0.765 0.794 0.782 0.766 0.725 0.74 0.83 0.582 0.626 0.626 0.575 0.675 0.686 0.697 0.619 0.496 0.369 0.241 0.253 0.277 0.154 0.083 0.194 0.213 0.299 0.402 0.567 0.532 0.531 0.631 0.662 0.81 0.7 0.61 0.573 0.596 0.678 0.817 0.899 0.979 1.011 1.017 0.961 0.827
0.776 0.606 0.516 0.531 0.522 0.466 0.477 0.534 0.541 0.652 0.59 0.449 0.56 0.754 0.642 0.723 0.731 0.714 0.71 0.568 0.379 0.359 0.489 0.554 0.468 0.382 0.54 0.717 0.483 0.466 0.516 0.488 0.449 0.478 0.512 0.494 0.529 0.402 0.515 0.698 0.673 0.565 0.442 0.383 0.42 0.503 0.504 0.569 0.481 0.269 0.174 0.232 0.171 0.08 0.126 0.364 0.499 0.635 0.715 0.839 0.813 0.783 0.839 0.872 0.805 0.655 0.448 0.582 0.779 0.936 0.995 1.013 1.016 1.018 1.009 0.948 0.867
0.643 0.589 0.559 0.55 0.502 0.458 0.46 0.498 0.541 0.662 0.767 0.675 0.738 0.759 0.789 0.796 0.534 0.418 0.358 0.333 0.352 0.437 0.453 0.426 0.423 0.461 0.619 0.744 0.561 0.56 0.632 0.546 0.443 0.411 0.364 0.291 0.284 0.201 0.433 0.63 0.699 0.34 0.07 0 0.068 0.156 0.19 0.419 0.546 0.338 0.345 0.301 0.168 0.127 0.341 0.63 0.775 0.834 0.872 0.904 0.888 0.877 0.846 0.872 0.687 0.503 0.513 0.774 0.958 1.009 1.013 1.013 1.016 1.02 1.019 1.025 1.025
0.533 0.569 0.542 0.464 0.398 0.401 0.569 0.658 0.683 0.755 0.783 0.704 0.56 0.499 0.474 0.474 0.319 0.292 0.261 0.328 0.403 0.369 0.337 0.367 0.403 0.462 0.54 0.725 0.587 0.592 0.598 0.537 0.532 0.453 0.351 0.189 0.118 0.203 0.46 0.733 0.477 0.159 0.05 0.081 0.133 0.175 0.244 0.369 0.437 0.267 0.267 0.168 0.151 0.212 0.546 0.79 0.848 0.85 0.84 0.818 0.692 0.572 0.539 0.812 0.779 0.71 0.828 0.959 1.009 1.013 1.009 0.993 1.005 1.026 1.022 1.045 1.011
0.527 0.543 0.478 0.392 0.424 0.52 0.734 0.644 0.683 0.672 0.589 0.444 0.329 0.311 0.29 0.273 0.312 0.321 0.356 0.312 0.301 0.287 0.248 0.236 0.238 0.262 0.321 0.539 0.397 0.295 0.308 0.244 0.252 0.222 0.202 0.146 0.185 0.329 0.535 0.689 0.474 0.444 0.515 0.553 0.548 0.532 0.488 0.237 0.218 0.283 0.324 0.316 0.383 0.548 0.682 0.646 0.58 0.562 0.495 0.418 0.3 0.288 0.385 0.789 0.938 0.95 0.978 0.999 0.996 0.982 0.979 0.975 1.007 1.016 1.03 0.993 0.957
0.537 0.522 0.461 0.421 0.433 0.568 0.785 0.741 0.649 0.518 0.358 0.291 0.263 0.251 0.263 0.307 0.343 0.353 0.331 0.24 0.244 0.259 0.236 0.208 0.264 0.394 0.436 0.467 0.438 0.353 0.349 0.245 0.183 0.245 0.371 0.431 0.533 0.646 0.754 0.79 0.755 0.741 0.727 0.691 0.676 0.578 0.313 0.132 0.39 0.502 0.593 0.573 0.585 0.525 0.343 0.334 0.224 0.217 0.179 0.19 0.358 0.536 0.702 0.93 0.988 0.993 0.993 0.978 0.944 0.992 0.993 1.014 1.017 1.031 1.039 1.001 0.94
0.515 0.517 0.495 0.417 0.354 0.378 0.679 0.649 0.395 0.365 0.276 0.277 0.266 0.284 0.295 0.276 0.28 0.284 0.267 0.238 0.221 0.202 0.162 0.157 0.3 0.425 0.386 0.425 0.408 0.276 0.14 0.149 0.143 0.256 0.348 0.485 0.647 0.768 0.808 0.757 0.738 0.693 0.612 0.457 0.46 0.527 0.265 0.423 0.57 0.562 0.48 0.393 0.236 0.167 0.252 0.365 0.303 0.34 0.433 0.547 0.681 0.776 0.902 0.976 0.993 0.993 0.993 0.959 0.958 1.023 1.032 1.037 1.03 1.038 1.01 0.962 0.932
0.525 0.524 0.481 0.388 0.311 0.39 0.761 0.751 0.431 0.292 0.199 0.246 0.298 0.271 0.236 0.2 0.222 0.228 0.224 0.183 0.14 0.173 0.206 0.291 0.272 0.174 0.152 0.136 0.036 -0.04 -0.152 -0.087 0.052 0.231 0.365 0.447 0.479 0.629 0.404 0.319 0.277 0.286 0.218 0.125 0.146 0.432 0.486 0.446 0.365 0.175 0.096 0.159 0.344 0.511 0.639 0.634 0.563 0.593 0.668 0.765 0.884 0.931 0.975 0.989 0.993 0.986 0.973 0.951 1.013 1.014 1.042 1.047 1.037 1.026 0.974 0.948 0.954
0.532 0.516 0.453 0.352 0.287 0.42 0.785 0.726 0.383 0.306 0.253 0.273 0.272 0.238 0.207 0.21 0.212 0.202 0.198 0.188 0.163 0.165 0.178 0.251 0.313 0.225 0.242 0.231 0.034 0.007 0.101 0.261 0.412 0.41 0.341 0.267 0.424 0.305 0.043 0.007 0.029 0.08 0.006 0.121 0.273 0.308 0.172 0.013 -0.01 -0.084 -0.068 0.063 0.494 0.767 0.812 0.802 0.787 0.844 0.891 0.941 0.975 0.975 0.979 0.972 0.987 0.968 0.956 0.976 1.03 1.035 1.011 0.952 1.005 1.007 0.919 0.939 0.9
