data/climatemaps/RS_maps/climate_breeding_pr_2001.asc
NCOLS 369 
NROWS 228 
XLLCORNER 479000 
YLLCORNER 73000 
CELLSIZE 1000 
NODATA_value -9 
[rows 136 to 169 of 228, columns 78 to 155 of 369]
0.323 0.398 0.436 0.41 0.36 0.315 0.287 0.294 0.324 0.389 0.419 0.36 0.25 0.126 0 -0.113 -0.252 -0.247 -0.021 0.322 0.439 0.376 0.414 0.605 0.812 0.953 1.074 1.474 1.708 1.751 1.754 1.687 1.814 1.965 2.154 1.952 1.859 1.644 1.149 0.737 0.561 0.699 0.848 1.004 1.288 1.287 1.386 1.371 1.249 1.016 0.88 0.688 0.489 0.752 1.145 1.592 2.01 2.175 1.965 1.65 1.197 0.655 0.328 0.381 0.515 0.677 0.813 0.98 1.132 1.232 1.514 1.648 1.42 1.46 1.689 1.466 1.068 0.656
0.367 0.455 0.478 0.464 0.428 0.374 0.339 0.314 0.302 0.301 0.289 0.24 0.164 0.063 -0.051 -0.156 -0.285 -0.288 -0.054 0.185 0.229 0.236 0.32 0.473 0.657 0.86 0.998 1.358 1.559 1.588 1.431 1.461 1.397 1.6 1.814 1.696 1.405 1.13 0.776 0.664 0.734 0.988 1.175 1.355 1.735 1.699 1.703 1.545 1.316 1.136 0.827 0.604 0.607 0.946 1.348 1.813 2.299 2.188 1.817 1.354 0.935 0.466 0.294 0.413 0.646 0.886 1.01 1.051 1.287 1.673 1.897 1.811 1.687 1.941 2.171 1.876 1.46 0.929
0.408 0.477 0.507 0.499 0.465 0.42 0.385 0.367 0.344 0.316 0.275 0.215 0.133 0.025 -0.085 -0.189 -0.298 -0.313 -0.124 0.012 0.121 0.222 0.263 0.338 0.479 0.565 0.857 1.158 1.161 1.117 0.964 0.996 1.011 1.345 1.65 1.55 1.226 0.884 0.622 0.738 0.913 1.221 1.544 1.827 2.084 1.923 1.675 1.458 1.154 0.93 0.709 0.715 0.816 1.165 1.549 2.048 2.271 1.989 1.549 1.054 0.592 0.33 0.295 0.491 0.852 1.134 1.309 1.244 1.543 1.824 2.117 2.151 2.052 2.372 2.505 2.176 1.619 0.999
0.441 0.51 0.52 0.514 0.471 0.445 0.454 0.482 0.474 0.421 0.354 0.274 0.164 0.024 -0.093 -0.197 -0.296 -0.303 -0.159 0.035 0.236 0.414 0.512 0.361 0.267 0.308 0.579 0.669 0.659 0.729 0.785 0.782 0.783 1.198 1.44 1.383 1.129 0.755 0.534 0.779 1.033 1.387 1.888 2.118 2.147 2.04 1.852 1.404 1.058 0.936 0.927 1.005 1.032 1.453 1.871 2.263 2.135 1.75 1.209 0.679 0.396 0.354 0.387 0.527 0.937 1.275 1.435 1.595 1.997 2.04 2.196 2.541 2.514 2.818 2.768 2.291 1.796 1.279
0.49 0.531 0.504 0.484 0.466 0.494 0.567 0.65 0.659 0.577 0.476 0.411 0.259 0.069 -0.069 -0.193 -0.287 -0.232 0.023 0.321 0.537 0.527 0.736 0.628 0.347 0.344 0.347 0.373 0.672 0.872 0.941 1.029 0.838 1.001 1.196 1.265 1.033 0.649 0.489 0.75 1.128 1.568 2.07 2.222 2.481 2.395 2.197 1.445 1.405 1.317 1.268 1.174 1.315 1.684 2.06 2.201 1.843 1.367 0.85 0.449 0.354 0.491 0.677 0.588 0.804 1.092 1.468 1.959 2.219 2.215 2.395 2.977 3.187 3.141 2.8 2.392 2.16 1.431
0.498 0.511 0.509 0.487 0.491 0.585 0.724 0.824 0.8 0.682 0.624 0.648 0.413 0.192 0 -0.146 -0.247 -0.086 0.27 0.6 0.719 0.677 0.845 0.765 0.476 0.656 0.592 0.562 0.897 1.022 1.149 1.201 0.895 1.027 1.206 1.204 0.895 0.58 0.421 0.662 1.162 1.699 2.104 2.422 2.745 2.639 2.117 1.508 1.57 1.652 1.62 1.358 1.658 1.985 2.083 1.926 1.554 0.992 0.577 0.329 0.383 0.674 0.918 0.824 0.749 1.045 1.61 1.931 2.012 2.372 2.727 3.079 3.376 3.299 2.903 2.787 2.273 1.537
0.475 0.515 0.521 0.51 0.556 0.701 0.858 0.901 0.794 0.733 0.798 0.796 0.586 0.354 0.104 -0.082 -0.2 -0.026 0.231 0.622 0.864 0.846 1.022 0.971 0.711 0.966 1.076 1.067 1.021 1.277 1.38 1.201 1.088 1.33 1.429 1.248 0.913 0.677 0.418 0.579 1.122 1.584 2.134 2.537 2.571 2.345 1.847 1.693 1.863 1.947 1.791 1.652 1.862 2.302 2.13 1.622 1.27 0.793 0.453 0.264 0.425 0.793 1.171 1.143 1.031 1.029 1.317 1.556 1.858 2.274 2.48 2.955 3.257 3.175 2.994 2.992 2.327 1.643
0.505 0.538 0.522 0.543 0.628 0.77 0.915 0.908 0.831 0.843 0.909 0.865 0.677 0.538 0.236 -0.038 -0.17 -0.064 0.265 0.767 0.924 1.059 1.42 1.207 0.952 1.282 1.318 1.269 1.267 1.557 1.552 1.337 1.482 1.684 1.666 1.359 1.084 0.703 0.37 0.534 0.906 1.426 2.044 2.524 2.863 2.478 1.887 1.799 1.804 2.021 2.117 2.083 1.97 2.322 1.912 1.459 0.973 0.622 0.469 0.253 0.418 0.801 1.342 1.439 1.422 1.23 1.57 1.576 1.615 1.857 2.208 2.673 3.049 3.052 3.074 2.817 2.26 1.621
0.523 0.537 0.536 0.588 0.723 0.886 0.999 0.951 0.929 1.021 1.046 1.008 0.832 0.721 0.333 -0.011 -0.16 -0.021 0.399 0.844 0.942 1.308 1.616 1.477 1.252 1.371 1.449 1.467 1.652 1.806 1.657 1.633 1.893 1.937 1.74 1.569 1.243 0.673 0.352 0.472 0.856 1.398 1.996 2.526 2.697 2.3 2.12 1.873 2.037 2.107 2.38 2.363 2.189 2.226 1.673 1.127 0.758 0.692 0.697 0.301 0.426 0.864 1.427 1.747 1.709 1.431 1.562 1.754 1.837 2.019 2.365 2.711 3.011 3.054 2.89 2.488 1.926 1.4
0.535 0.557 0.565 0.642 0.814 0.985 1.045 0.977 1.041 1.188 1.278 1.115 1.012 0.812 0.365 -0.025 -0.119 0.118 0.516 0.954 1.135 1.497 1.819 1.718 1.436 1.506 1.695 1.767 1.874 1.825 1.771 1.948 2.121 2.029 1.92 1.717 1.312 0.67 0.359 0.456 0.763 1.182 1.784 2.303 2.44 2.44 2.466 2.037 2.111 2.328 2.525 2.696 2.567 2.052 1.397 0.845 0.722 0.875 0.897 0.403 0.461 0.927 1.572 1.984 2.005 1.735 1.554 1.633 1.872 2.248 2.503 2.704 2.718 2.704 2.441 2.079 1.657 1.108
0.564 0.582 0.599 0.688 0.843 0.974 1.034 0.998 1.141 1.339 1.345 1.166 1.037 0.738 0.249 -0.026 -0.033 0.285 0.687 1.106 1.446 1.719 1.853 1.651 1.522 1.653 1.789 1.714 1.784 1.926 1.966 2.069 2.072 1.955 1.887 1.696 1.206 0.736 0.416 0.402 0.654 1.079 1.653 2.228 2.539 2.638 2.645 2.272 2.172 2.445 2.564 2.677 2.402 1.761 1.131 0.716 0.829 1.102 1.189 0.622 0.526 0.978 1.55 2.083 2.288 2.104 1.967 1.83 1.786 2.042 2.376 2.598 2.416 2.223 1.991 1.69 1.286 0.934
0.597 0.608 0.632 0.72 0.819 0.896 0.975 1.022 1.213 1.34 1.207 1.072 0.916 0.538 0.148 0.017 0.098 0.39 0.734 1.221 1.633 1.806 1.786 1.631 1.591 1.708 1.717 1.62 1.645 1.907 1.92 1.973 1.984 1.829 1.677 1.507 1.164 0.926 0.549 0.392 0.723 1.033 1.519 2.025 2.357 2.546 2.707 2.463 2.288 2.421 2.552 2.419 2.042 1.491 0.943 0.712 0.941 1.309 1.464 0.965 0.629 0.91 1.368 1.911 2.258 2.301 2.354 2.23 2.016 1.956 2.186 2.447 2.332 1.997 1.688 1.483 1.269 1.015
0.66 0.638 0.667 0.776 0.861 0.893 0.948 1.079 1.204 1.259 1.208 1.091 0.741 0.327 0.089 0.11 0.248 0.482 0.854 1.336 1.674 1.741 1.682 1.51 1.584 1.529 1.591 1.538 1.478 1.724 1.784 1.704 1.663 1.572 1.491 1.415 1.365 1.168 0.658 0.451 0.706 0.92 1.245 1.457 1.804 2.159 2.506 2.639 2.574 2.567 2.578 2.165 1.711 1.187 0.771 0.795 1.074 1.424 1.604 1.296 0.76 0.743 1.196 1.699 2.194 2.469 2.543 2.54 2.329 2.105 2.179 2.461 2.424 1.92 1.825 1.781 1.48 1.082
0.703 0.656 0.715 0.844 0.958 0.975 1.035 1.153 1.254 1.337 1.292 1.074 0.604 0.203 0.076 0.224 0.42 0.618 0.96 1.402 1.573 1.503 1.399 1.346 1.359 1.276 1.4 1.345 1.253 1.488 1.487 1.379 1.311 1.367 1.492 1.541 1.619 1.374 0.777 0.485 0.586 0.74 0.915 1.107 1.547 1.903 2.235 2.542 2.754 2.723 2.413 1.899 1.435 0.945 0.701 0.877 1.177 1.508 1.728 1.479 0.867 0.709 1.145 1.605 2.006 2.293 2.526 2.659 2.636 2.428 2.277 2.446 2.521 2.207 2.122 1.894 1.451 1.094
0.658 0.67 0.817 0.87 0.958 1.028 1.158 1.285 1.402 1.487 1.276 0.902 0.452 0.127 0.108 0.33 0.588 0.751 1.098 1.397 1.384 1.203 1.078 1.068 0.998 1.076 1.161 1.048 0.948 1.135 1.036 0.956 1.057 1.287 1.559 1.671 1.838 1.555 0.999 0.578 0.452 0.56 0.637 0.985 1.414 1.814 2.217 2.466 2.748 2.661 2.214 1.763 1.284 0.791 0.704 0.949 1.265 1.666 1.874 1.532 0.885 0.667 1.008 1.296 1.57 1.795 2.262 2.57 2.843 2.734 2.481 2.425 2.536 2.29 2.127 1.806 1.502 1.336
0.603 0.716 0.912 0.959 1.012 1.114 1.214 1.313 1.452 1.418 1.134 0.725 0.329 0.111 0.159 0.331 0.609 0.866 1.102 1.162 1.111 1.046 0.913 0.755 0.697 0.732 0.728 0.626 0.57 0.634 0.578 0.613 0.88 1.193 1.497 1.698 1.876 1.676 1.244 0.866 0.577 0.42 0.482 0.791 1.147 1.622 2.188 2.406 2.468 2.297 2.028 1.602 1.065 0.714 0.756 1.038 1.405 1.773 1.782 1.362 0.78 0.6 0.758 0.978 1.193 1.486 2.063 2.542 2.88 2.933 2.767 2.558 2.447 2.262 2.14 1.908 1.713 1.651
0.546 0.718 0.936 0.983 1.092 1.24 1.328 1.372 1.502 1.369 1.006 0.602 0.272 0.155 0.233 0.348 0.571 0.781 0.869 0.798 0.78 0.857 0.733 0.523 0.468 0.444 0.415 0.366 0.314 0.264 0.243 0.357 0.69 1.027 1.315 1.577 1.78 1.76 1.501 1.248 0.911 0.476 0.401 0.659 0.935 1.339 1.93 2.129 2.05 1.871 1.676 1.302 0.869 0.734 0.81 1.125 1.543 1.797 1.65 1.169 0.697 0.683 0.809 1.009 1.261 1.542 1.959 2.474 2.804 2.76 2.625 2.516 2.455 2.372 2.343 2.151 2.026 2.029
0.453 0.626 0.872 0.872 1.116 1.326 1.416 1.47 1.565 1.326 0.912 0.603 0.286 0.152 0.187 0.248 0.377 0.526 0.46 0.394 0.431 0.512 0.433 0.391 0.453 0.532 0.51 0.469 0.403 0.19 0.085 0.159 0.472 0.722 0.974 1.274 1.543 1.793 1.728 1.579 1.211 0.678 0.344 0.527 0.848 1.152 1.661 1.809 1.764 1.748 1.425 1.151 0.808 0.922 0.932 1.314 1.764 1.772 1.475 1.014 0.686 0.94 1.097 1.236 1.546 1.763 1.993 2.43 2.466 2.339 2.372 2.429 2.479 2.531 2.572 2.435 2.491 2.317
0.316 0.445 0.62 0.733 0.944 1.183 1.317 1.508 1.488 1.215 0.989 0.835 0.389 0.11 0.022 -0.024 0.055 0.126 0.109 0.149 0.213 0.271 0.381 0.603 0.759 0.858 0.831 0.736 0.524 0.343 0.108 0.059 0.21 0.489 0.851 1.269 1.552 1.794 1.928 1.755 1.438 0.87 0.39 0.361 0.6 0.917 1.353 1.623 1.706 1.656 1.437 1.24 0.907 1.1 1.363 1.678 1.858 1.578 1.346 0.972 0.812 1.017 1.179 1.348 1.621 1.946 2.023 2.083 2.121 2.222 2.388 2.51 2.534 2.506 2.392 2.261 2.294 2.066
0.173 0.254 0.393 0.574 0.782 1.036 1.166 1.447 1.425 1.133 1.142 1.109 0.643 0.218 -0.017 -0.108 -0.112 -0.11 -0.044 0.094 0.209 0.291 0.471 0.862 1.098 1.264 1.129 0.897 0.661 0.515 0.157 0.051 0.117 0.481 0.805 1.28 1.644 1.684 2.09 1.875 1.624 0.95 0.436 0.26 0.407 0.706 1.104 1.474 1.519 1.508 1.47 1.376 0.99 1.28 1.756 2.011 1.762 1.446 1.508 1.111 0.729 0.83 1 1.157 1.448 1.818 1.69 1.573 1.9 2.238 2.486 2.58 2.482 2.362 2.184 1.942 2.119 1.881
0.048 0.105 0.253 0.456 0.582 0.788 1.025 1.326 1.399 1.272 1.198 1.161 0.872 0.568 0.317 0.146 0.024 -0.024 0.028 0.2 0.31 0.457 0.595 0.927 1.274 1.331 1.216 1.001 0.786 0.496 0.185 0.2 0.194 0.404 0.829 1.194 1.643 1.664 1.948 1.918 1.514 1.013 0.561 0.274 0.36 0.647 0.966 1.248 1.416 1.557 1.682 1.591 1.332 1.483 1.727 1.851 1.664 1.557 1.419 1.235 1.152 0.994 0.989 1.018 1.165 1.365 1.321 1.488 1.956 2.303 2.384 2.356 2.296 2.102 2.029 1.75 1.794 1.632
-0.045 -0.023 0.079 0.248 0.371 0.655 0.969 1.312 1.482 1.432 1.252 1.188 1.052 0.857 0.581 0.375 0.267 0.186 0.091 0.246 0.43 0.637 0.733 1.042 1.39 1.353 1.284 1.115 0.829 0.45 0.234 0.388 0.268 0.297 0.777 1.065 1.522 1.52 1.786 1.749 1.426 1.122 0.712 0.3 0.293 0.555 0.865 1.162 1.401 1.599 1.947 1.855 1.66 1.718 1.893 1.893 1.684 1.622 1.381 1.386 1.546 1.475 1.452 1.377 1.081 1.14 1.234 1.643 2.011 2.189 2.128 2.027 2.132 1.832 1.77 1.477 1.467 1.365
-0.102 -0.111 -0.076 0.066 0.283 0.544 0.911 1.274 1.478 1.496 1.393 1.203 1.134 0.91 0.679 0.607 0.512 0.383 0.219 0.242 0.443 0.698 0.903 1.177 1.404 1.442 1.345 1.212 0.974 0.545 0.313 0.429 0.315 0.199 0.487 0.81 1.156 1.357 1.564 1.534 1.421 1.171 0.729 0.407 0.318 0.403 0.676 0.995 1.32 1.716 1.927 1.87 1.829 1.903 2.044 2.04 1.883 1.645 1.554 1.527 1.777 1.915 1.937 1.771 1.516 1.592 1.729 1.788 1.821 1.832 1.803 1.705 1.693 1.57 1.393 1.308 1.402 1.507
-0.124 -0.152 -0.159 -0.062 0.17 0.447 0.776 1.086 1.377 1.53 1.548 1.34 1.167 0.969 0.806 0.76 0.673 0.567 0.454 0.382 0.45 0.66 0.847 1.061 1.326 1.489 1.428 1.358 1.095 0.59 0.316 0.416 0.354 0.132 0.225 0.482 0.777 1.092 1.32 1.331 1.321 1.089 0.677 0.555 0.51 0.411 0.536 0.874 1.275 1.699 1.961 2.052 2.07 2.154 2.262 2.192 1.974 1.744 1.805 1.692 1.915 2.15 2.272 1.996 1.864 1.961 1.976 1.7 1.491 1.416 1.374 1.301 1.261 1.294 1.349 1.434 1.632 1.811
-0.122 -0.163 -0.19 -0.156 0.078 0.351 0.547 0.849 1.301 1.603 1.604 1.468 1.286 1.162 1.015 0.939 0.81 0.724 0.737 0.694 0.613 0.723 0.873 0.936 1.244 1.5 1.39 1.216 0.953 0.525 0.319 0.402 0.357 0.16 0.089 0.276 0.549 0.81 1.092 1.181 1.132 0.988 0.714 0.68 0.814 0.705 0.687 1.013 1.5 1.827 2.179 2.377 2.426 2.427 2.413 2.273 2.002 1.853 1.964 1.999 1.918 1.991 2.078 2.088 2.011 1.941 1.762 1.425 1.144 0.957 0.85 0.876 1.099 1.405 1.605 1.755 1.913 2.026
-0.106 -0.157 -0.198 -0.196 -0.036 0.205 0.481 0.862 1.289 1.529 1.58 1.594 1.478 1.362 1.248 1.15 0.959 0.866 0.897 0.898 0.819 0.885 1.033 0.95 1.19 1.389 1.237 1.118 0.899 0.505 0.326 0.409 0.381 0.241 0.084 0.211 0.478 0.705 0.972 1.061 1.057 1.036 0.886 0.831 1.052 1.09 1.053 1.322 1.724 2.053 2.374 2.449 2.482 2.437 2.374 2.278 2.022 1.891 1.908 1.889 1.727 1.702 1.859 2.07 1.957 1.77 1.474 1.061 0.737 0.551 0.536 0.785 1.165 1.555 1.801 1.924 1.998 1.988
-0.078 -0.14 -0.192 -0.207 -0.102 0.222 0.628 0.984 1.259 1.489 1.655 1.756 1.634 1.522 1.444 1.256 1.046 0.995 0.998 1.024 1.018 1.028 1.109 1.044 1.207 1.264 1.19 1.199 0.973 0.535 0.346 0.416 0.458 0.374 0.202 0.271 0.541 0.772 0.976 1.077 1.17 1.179 1.109 1.098 1.319 1.485 1.497 1.633 1.882 2.171 2.373 2.362 2.313 2.27 2.245 2.214 1.948 1.737 1.574 1.449 1.419 1.557 1.821 1.968 1.879 1.653 1.192 0.686 0.409 0.385 0.556 0.914 1.278 1.643 1.915 1.915 1.854 1.804
-0.038 -0.115 -0.178 -0.207 -0.115 0.327 0.688 0.945 1.231 1.561 1.827 1.858 1.674 1.644 1.486 1.241 1.056 1.132 1.157 1.179 1.237 1.188 1.158 1.14 1.242 1.159 1.19 1.225 0.968 0.523 0.365 0.488 0.586 0.527 0.457 0.44 0.628 0.883 1.162 1.26 1.313 1.309 1.415 1.463 1.613 1.774 1.857 1.918 2.022 2.164 2.273 2.374 2.344 2.343 2.334 2.314 1.678 1.308 1.153 1.148 1.344 1.661 1.832 1.88 1.777 1.553 0.976 0.425 0.369 0.48 0.696 1.047 1.389 1.636 1.85 1.839 1.694 1.543
0.007 -0.089 -0.164 -0.181 -0.013 0.363 0.673 0.97 1.331 1.677 1.875 1.792 1.561 1.446 1.305 1.12 1.077 1.211 1.242 1.227 1.24 1.217 1.178 1.189 1.218 1.144 1.181 1.094 0.816 0.559 0.455 0.585 0.768 0.816 0.739 0.721 0.884 1.11 1.357 1.489 1.6 1.621 1.671 1.697 1.81 1.929 2.012 2.058 2.101 2.154 2.181 2.229 2.296 2.328 2.28 2.105 1.463 1.036 1.058 1.236 1.456 1.634 1.677 1.731 1.654 1.386 0.794 0.341 0.423 0.567 0.808 1.098 1.259 1.334 1.485 1.555 1.448 1.357
0.055 -0.065 -0.153 -0.153 0.102 0.415 0.702 1.017 1.414 1.732 1.759 1.617 1.378 1.122 1.063 0.95 1.036 1.133 1.103 1.037 0.995 1.028 0.994 1.053 1.15 1.156 1.088 0.861 0.756 0.78 0.749 0.721 0.987 1.109 0.997 1.005 1.317 1.375 1.576 1.787 1.819 1.731 1.777 1.873 1.883 1.875 2.055 2.11 2.054 2.02 1.951 1.938 2.078 2.12 1.969 1.643 1.146 0.903 1.143 1.305 1.459 1.375 1.381 1.553 1.415 1.223 0.606 0.178 0.377 0.602 0.821 0.996 0.987 0.911 1.127 1.281 1.011 0.995
0.104 -0.046 -0.15 -0.18 -0.029 0.286 0.569 0.794 1.171 1.53 1.514 1.336 1.088 0.887 0.82 0.775 0.801 0.865 0.841 0.769 0.714 0.724 0.763 0.855 0.961 1.002 0.921 0.813 0.939 1.104 1.071 0.996 1.1 1.214 1.182 1.268 1.526 1.69 1.773 1.809 1.76 1.647 1.732 1.782 1.768 1.781 1.896 1.978 1.975 1.766 1.642 1.713 1.808 1.854 1.7 1.213 0.852 0.853 0.984 1.091 1.176 1.103 1.117 1.276 1.236 0.987 0.443 0 0.146 0.413 0.528 0.649 0.695 0.603 0.887 0.948 0.64 0.777
0.154 -0.032 -0.156 -0.223 -0.17 0.067 0.298 0.558 0.949 1.308 1.218 1.048 0.812 0.739 0.785 0.749 0.73 0.712 0.683 0.614 0.514 0.465 0.528 0.634 0.75 0.871 0.972 1.022 1.127 1.414 1.347 1.185 1.299 1.412 1.402 1.573 1.76 1.922 1.856 1.827 1.749 1.402 1.37 1.468 1.562 1.535 1.646 1.739 1.72 1.544 1.274 1.341 1.429 1.482 1.442 0.88 0.541 0.592 0.697 0.745 0.851 0.763 0.789 0.952 0.855 0.651 0.159 -0.27 -0.054 0.214 0.209 0.298 0.349 0.237 0.63 0.678 0.258 0.375
0.218 -0.02 -0.165 -0.251 -0.258 -0.114 0.063 0.384 0.755 0.918 0.908 0.777 0.685 0.824 0.943 0.972 1.035 1.021 0.986 0.83 0.625 0.443 0.501 0.676 0.853 1.079 1.27 1.272 1.32 1.531 1.447 1.322 1.388 1.556 1.607 1.646 1.736 1.794 1.749 1.809 1.784 1.541 1.222 1.068 1.21 1.274 1.472 1.438 1.31 1.192 0.972 0.846 0.906 0.985 0.943 0.659 0.291 0.197 0.287 0.395 0.458 0.371 0.396 0.459 0.363 0.171 -0.254 -0.458 -0.233 -0.1 -0.129 -0.07 -0.068 -0.063 0.203 0.234 -0.058 -0.012
0.262 -0.007 -0.174 -0.278 -0.329 -0.275 -0.152 0.192 0.473 0.535 0.575 0.517 0.611 0.88 1.09 1.097 1.22 1.212 1.23 1.044 0.816 0.542 0.652 0.912 1.096 1.317 1.52 1.418 1.509 1.678 1.505 1.398 1.447 1.558 1.521 1.519 1.592 1.719 1.718 1.71 1.543 1.39 1.082 0.702 0.886 1.087 1.204 1.082 0.901 0.72 0.544 0.329 0.36 0.395 0.377 0.32 0.009 -0.177 -0.077 0.017 0.028 -0.116 -0.082 -0.038 -0.14 -0.267 -0.626 -0.694 -0.462 -0.459 -0.515 -0.461 -0.495 -0.42 -0.243 -0.174 -0.4 -0.331
