data/climatemaps/RS_maps/climate_breeding_tmp_2015.asc
NCOLS 369 
NROWS 228 
XLLCORNER 479000 
YLLCORNER 73000 
CELLSIZE 1000 
NODATA_value -9 
[rows 170 to 203 of 228, columns 231 to 307 of 369]
-0.685 -0.549 -0.425 -0.4 0.135 0.25 0.701 1.422 1.821 1.404 0.668 0.198 -0.08 -0.193 -0.435 -1.01 -0.841 -0.272 0.44 0.661 -0.024 -0.767 -0.601 0.046 1.066 1.564 0.973 0.343 0.186 -0.067 0.157 -0.666 -0.918 -0.636 -0.183 0.255 0.492 0.891 1.169 1.691 1.798 1.445 0.88 0.546 0.499 0.302 0.453 0.11 -0.13 -0.049 -0.152 -0.365 -0.734 -0.938 -0.57 -0.629 -0.488 -0.862 -1.42 -1.01 -1.134 -1.633 -1.864 -1.377 -1.431 -1.746 -1.335 -0.865 -0.343 -0.243 -0.592 -0.897 -0.597 -0.037 0.234 0.054 -0.266
-0.609 -0.8 -0.694 -0.437 -0.169 -0.274 0.351 1.191 1.8 1.702 0.997 0.35 0.203 -0.317 -0.64 -0.989 -0.602 -0.04 0.672 0.627 -0.052 -0.665 0.068 0.622 1.548 1.449 0.652 0.104 0.305 -0.384 0.116 -0.498 -0.687 -0.267 -0.118 0.339 0.868 1.267 1.648 1.842 1.739 1.372 0.908 0.455 0.009 -0.339 -0.028 -0.085 -0.549 -0.7 -0.738 -0.749 -0.706 -1.004 -1.173 -1.363 -1.322 -1.361 -1.493 -1.135 -1.204 -1.438 -1.728 -1.602 -1.583 -1.64 -1.149 -0.688 -0.552 -0.67 -0.594 -1.062 -0.893 -0.431 0.216 0.219 -0.227
-0.566 -0.567 -0.572 -0.71 -0.41 -0.145 0.385 1.058 1.684 1.816 1.279 0.584 0.012 -0.59 -1.036 -0.835 -0.486 -0.004 0.655 0.753 0.028 -0.494 0.377 1.279 1.658 1.127 0.337 -0.211 0.263 -0.421 -0.106 -0.591 -0.556 -0.146 0.152 0.237 0.796 1.363 1.791 1.885 1.749 1.312 0.849 0.425 0.071 -0.42 -0.542 -0.462 -0.795 -1.123 -0.803 -0.366 -0.299 -0.897 -1.381 -1.367 -1.387 -1.604 -1.615 -1.491 -1.282 -0.9 -1.237 -1.434 -1.547 -1.551 -1.209 -0.963 -1.169 -1.019 -0.733 -1.284 -1.068 -0.733 0.095 0.499 0.155
-0.248 -0.001 -0.446 -0.453 0.026 0.399 0.665 0.795 1.533 1.865 1.586 0.945 0.252 -0.318 -0.806 -0.514 -0.232 -0.102 0.451 0.941 0.036 0.035 0.547 1.486 1.518 0.701 -0.09 -0.567 -0.07 -0.391 -0.494 -0.588 -0.274 0.036 0.252 0.403 0.786 1.175 1.757 1.914 1.896 1.565 0.795 0.154 -0.24 -0.555 -0.641 -0.69 -0.755 -0.868 -0.522 0.055 -0.273 -1.158 -1.242 -0.974 -0.89 -1.3 -1.217 -1.253 -0.923 -0.533 -0.715 -0.842 -0.975 -1.187 -1.46 -1.538 -1.715 -1.354 -1.025 -1.186 -0.995 -0.607 0.07 0.677 0.718
0.281 0 -0.548 -0.38 -0.037 0.362 0.394 0.363 1.405 1.874 1.839 1.316 0.764 0.31 -0.413 -0.451 -0.096 0.418 0.843 0.668 0.056 0.475 1.073 1.695 1.196 0.354 -0.343 -0.594 -0.503 -0.541 -0.691 -0.284 -0.011 0.188 0.373 0.482 0.873 0.962 1.483 1.917 1.937 1.8 1.074 0.397 -0.23 -0.522 -0.413 -0.206 -0.146 -0.222 -0.084 0.277 -0.276 -1.031 -0.927 -0.564 -0.622 -1.097 -0.735 -0.777 -0.644 -0.244 -0.093 -0.292 -0.496 -0.927 -1.437 -1.859 -1.971 -1.542 -1.347 -1.074 -0.679 -0.2 0.256 0.823 0.832
0.227 -0.311 -0.602 -0.726 -0.296 0.356 0.017 0.168 1.01 1.741 1.89 1.681 1.193 0.497 -0.19 -0.56 -0.062 0.502 1.058 0.497 0.417 0.813 1.408 1.71 1.006 0.442 0.26 0.035 -0.536 -0.718 -0.453 0.206 0.367 0.556 0.605 0.739 0.569 0.54 1.23 1.88 1.953 1.931 1.482 0.694 0.315 -0.181 -0.078 0.398 0.528 0.48 0.475 0.317 -0.341 -0.848 -0.762 -0.232 -0.566 -0.906 -0.302 -0.162 -0.005 0.306 0.291 -0.146 -0.53 -1.008 -1.354 -1.609 -1.677 -1.507 -1.316 -0.834 -0.435 -0.035 0.34 0.936 0.623
0.396 0.129 -0.153 -0.704 -0.23 -0.002 0.136 0.749 0.985 1.428 1.865 1.88 1.527 0.936 0.242 -0.174 -0.161 0.357 0.943 1.085 1.008 1.137 1.634 1.563 0.785 0.326 0.16 0.34 -0.12 -0.564 -0.04 0.264 -0.032 0.43 0.228 0.448 0.134 0.531 1.228 1.746 1.96 1.969 1.883 1.448 0.876 0.316 0.282 0.74 0.231 -0.029 -0.232 -0.112 -0.512 -0.874 -0.47 0.109 -0.07 -0.324 0.052 0.572 0.495 0.223 -0.212 -0.584 -0.949 -1.071 -1.099 -1.369 -1.207 -1.174 -1.088 -0.802 -0.419 0.027 0.243 0.923 0.676
0.357 0.222 0.189 -0.468 -0.671 -0.209 0.466 0.415 0.35 0.909 1.699 1.892 1.768 1.277 0.567 0.502 0.414 0.562 0.84 1.159 1.394 1.573 1.743 1.347 0.508 -0.036 -0.335 0.018 0.167 -0.414 0.136 -0.132 -0.181 0.227 -0.161 0.073 -0.011 0.664 0.915 1.457 1.896 1.98 1.975 1.873 1.244 0.564 0.609 0.741 -0.175 -0.491 -0.836 -0.704 -0.844 -0.814 -0.256 0.213 0.457 0.496 0.686 0.765 -0.003 -0.495 -0.708 -0.833 -0.905 -0.772 -1.049 -1.357 -0.962 -0.785 -0.676 -0.527 -0.241 0.165 0.481 0.916 0.951
-0.258 -0.456 -0.368 -0.313 -0.522 0.051 0.127 0.028 -0.046 0.626 1.409 1.844 1.895 1.388 0.703 1.156 1.265 1.336 1.452 1.465 1.581 1.752 1.525 1.022 0.414 -0.038 -0.461 -0.427 -0.098 -0.444 -0.131 -0.526 -0.363 -0.292 -0.544 -0.333 -0.257 0.144 0.458 1.108 1.667 1.987 1.991 1.971 1.433 0.646 0.97 0.826 0.307 -0.149 -0.885 -1.203 -1.268 -1.031 -0.553 -0.357 0.157 0.326 0.7 0.857 -0.083 -0.671 -0.644 -0.62 -0.558 -0.744 -1.121 -1.187 -0.889 -0.841 -0.687 -0.56 -0.451 -0.086 0.177 -9 -9
0.081 -0.371 -0.701 -0.659 -0.578 -0.479 -0.219 -0.335 0.069 0.596 1.033 1.612 1.916 1.693 1.261 1.674 1.782 1.82 1.836 1.791 1.743 1.401 0.883 0.619 0.416 0.15 -0.502 -0.78 -0.521 -0.529 -0.393 -0.371 -0.258 -0.32 -0.51 -0.521 -0.382 -0.418 0.141 0.895 1.397 1.809 -9 1.995 1.865 1.275 1.255 0.846 0.194 -0.384 -1.013 -0.897 -0.908 -1.2 -0.976 -0.739 -0.462 -0.441 0.376 1.005 0.236 -0.102 -0.022 -0.132 -0.437 -0.705 -0.979 -1.085 -0.707 -0.909 -0.836 -0.81 -0.627 -0.387 -0.229 -9 -9
0.698 0.206 -0.237 -0.254 -0.347 -0.643 -0.465 -0.398 0.115 0.516 0.834 1.325 1.814 1.905 1.791 1.707 1.528 1.486 1.466 1.427 1.413 1.268 0.827 0.333 0.037 -0.009 -0.379 -0.753 -0.283 -0.325 -0.054 0.209 0.354 0.207 -0.216 -0.129 -0.058 -0.575 -0.059 0.62 0.69 0.985 -9 -9 1.991 1.904 1.476 0.991 0.5 -0.096 -0.656 -0.455 -0.539 -1.03 -0.894 -0.817 -0.715 -0.411 0.32 1.08 0.609 0.308 -0.091 -0.225 -0.294 -0.571 -0.674 -0.843 -0.575 -0.559 -0.634 -0.564 -0.694 -0.739 -9 -9 -9
1.074 0.601 0.316 0.131 -0.178 -0.398 -0.103 0.048 0.294 0.657 0.943 1.33 1.745 1.925 1.771 1.359 0.917 0.733 0.718 0.738 0.988 1.115 1.041 0.56 -0.088 -0.536 -0.634 -0.607 0.093 -0.168 0.014 0.051 0.245 0.608 -0.049 0.265 -0.065 -0.294 -0.071 0.131 0.099 -9 -9 -9 -9 -9 1.483 0.706 0.443 0.183 -0.051 -0.123 -0.471 -0.989 -0.805 -0.533 -0.321 -0.029 0.639 1.076 0.457 0.271 0.077 0.057 0.239 0.087 -0.223 -0.238 -0.217 -0.096 -0.332 -0.009 -9 -9 -9 -9 -9
0.793 0.549 0.324 0.135 0.104 -0.124 0.267 0.579 0.363 0.554 1.006 1.616 1.891 1.84 1.355 1.152 0.956 0.677 0.336 0.218 0.565 0.51 0.783 0.729 0.23 -0.288 -0.47 -0.323 0.261 -0.135 -0.434 -0.287 0.24 0.814 0.592 0.614 0.117 0.308 0.342 0.486 0.344 -9 -9 -9 -9 -9 -9 0.852 0.642 0.338 0.024 -0.274 -0.698 -1.068 -0.934 -0.482 -0.012 0.414 0.976 0.795 0.39 0.7 0.576 0.587 0.805 0.693 0.3 0.3 0.364 0.35 0.178 -9 -9 -9 -9 -9 -9
0.821 0.493 0.317 0.407 0.601 0.254 0.393 0.871 0.925 1.014 1.383 1.911 1.951 1.661 0.919 0.665 0.754 0.729 0.531 0.073 0.053 0.169 0.377 0.556 0.13 -0.295 0.063 0.412 0.572 0.036 -0.003 0.188 0.604 1.035 1.164 0.998 0.533 0.763 0.678 0.893 0.771 -9 -9 -9 -9 -9 -9 -9 -9 -9 -9 -0.631 -0.809 -0.843 -0.594 -0.504 -0.047 0.657 1.228 0.733 0.868 1.175 1.132 1.173 1.271 0.963 0.59 -9 -9 -9 -9 -9 -9 -9 -9 -9 -9
1.083 1.015 0.899 0.974 0.978 0.735 0.803 0.997 1.318 1.622 1.798 1.969 1.874 1.516 0.872 0.323 0.264 0.307 0.316 0.012 -0.37 -0.088 0.055 0.13 0.118 -0.438 -0.162 0.494 0.867 0.479 0.494 0.659 0.621 1.001 1.4 1.176 0.755 1.129 1.061 1.307 1.32 -9 -9 -9 -9 -9 -9 -9 -9 -9 -9 -9 -9 -9 -9 -9 0.272 0.884 1.408 1.022 1.404 1.621 -9 -9 -9 -9 -9 -9 -9 -9 -9 -9 -9 -9 -9 -9 -9
1.682 1.591 1.482 1.527 1.491 1.351 1.439 1.514 1.717 1.929 1.961 1.966 1.756 1.381 0.873 0.448 0.369 0.223 0.053 -0.091 -0.346 -0.359 -0.13 -0.284 -0.175 -0.446 0.056 0.605 1.035 0.719 0.792 1.044 0.72 0.914 1.406 1.311 0.974 1.422 1.68 1.773 -9 -9 -9 -9 -9 -9 -9 -9 -9 -9 -9 -9 -9 -9 -9 -9 -9 -9 -9 -9 -9 -9 -9 -9 -9 -9 -9 -9 -9 -9 -9 -9 -9 -9 -9 -9 -9
1.968 1.941 1.902 1.903 1.907 1.868 1.894 1.916 1.96 1.99 1.974 1.928 1.686 1.328 1.065 1.015 0.973 0.773 0.597 0.456 0.227 -0.132 -0.447 -0.565 -0.361 0.051 0.437 0.802 1.153 1.056 1.08 1.324 1.163 1.265 1.427 1.555 1.414 1.819 1.979 -9 -9 -9 -9 -9 -9 -9 -9 -9 -9 -9 -9 -9 -9 -9 -9 -9 -9 -9 -9 -9 -9 -9 -9 -9 -9 -9 -9 -9 -9 -9 -9 -9 -9 -9 -9 -9 -9
1.992 1.991 1.99 1.991 1.987 1.994 1.995 1.995 1.994 1.992 1.948 1.766 1.454 1.417 1.31 1.201 0.925 0.845 0.644 0.497 0.126 -0.01 -0.193 -0.152 0.032 0.343 0.597 0.77 0.917 1.197 1.32 1.434 1.566 1.529 1.48 1.775 1.877 2.023 2.045 -9 -9 -9 -9 -9 -9 -9 -9 -9 -9 -9 -9 -9 -9 -9 -9 -9 -9 -9 -9 -9 -9 -9 -9 -9 -9 -9 -9 -9 -9 -9 -9 -9 -9 -9 -9 -9 -9
1.993 1.992 1.984 1.993 1.996 1.997 1.993 1.978 1.966 1.874 1.661 1.314 0.896 0.695 0.622 0.801 0.506 0.25 0.027 0.342 -0.097 -0.065 0.315 0.312 0.237 0.245 0.315 0.377 0.531 0.842 1.083 1.27 1.661 1.849 1.835 1.955 2.037 2.047 -9 -9 -9 -9 -9 -9 -9 -9 -9 -9 -9 -9 -9 -9 -9 -9 -9 -9 -9 -9 -9 -9 -9 -9 -9 -9 -9 -9 -9 -9 -9 -9 -9 -9 -9 -9 -9 -9 -9
1.739 1.614 1.739 1.727 1.795 1.803 1.794 1.649 1.506 1.39 1.05 0.721 0.338 0.244 0.1 0.179 0.567 0.254 -0.176 0.074 -0.179 0.184 0.463 0.648 0.678 0.671 0.652 0.557 0.736 0.934 1.125 1.405 1.785 2.017 2.045 2.047 2.047 -9 -9 -9 -9 -9 -9 -9 -9 -9 -9 -9 -9 -9 -9 -9 -9 -9 -9 -9 -9 -9 -9 -9 -9 -9 -9 -9 -9 -9 -9 -9 -9 -9 -9 -9 -9 -9 -9 -9 -9
0.97 0.941 1.379 1.464 1.42 1.125 1.194 1.101 0.971 0.91 1.025 0.844 0.539 0.217 -0.168 -0.314 0.048 0.11 -0.297 -0.199 -0.196 -0.121 0.119 0.413 0.688 0.855 1.041 1.077 1.227 1.404 1.505 1.724 1.987 2.054 2.054 2.054 2.054 -9 -9 -9 -9 -9 -9 -9 -9 -9 -9 -9 -9 -9 -9 -9 -9 -9 -9 -9 -9 -9 -9 -9 -9 -9 -9 -9 -9 -9 -9 -9 -9 -9 -9 -9 -9 -9 -9 -9 -9
0.322 0.819 0.853 1.213 1.583 1.086 0.705 0.899 0.929 1.155 0.969 0.849 0.693 0.339 -0.016 -0.229 -0.285 -0.176 -0.277 -0.001 0.025 -0.304 -0.209 0.024 0.157 0.399 0.758 0.98 1.143 1.255 1.282 1.623 2.023 2.057 2.047 2.003 2.048 -9 -9 -9 -9 -9 -9 -9 -9 -9 -9 -9 -9 -9 -9 -9 -9 -9 -9 -9 -9 -9 -9 -9 -9 -9 -9 -9 -9 -9 -9 -9 -9 -9 -9 -9 -9 -9 -9 -9 -9
0.274 0.629 0.356 0.973 1.547 1.399 1.057 1.188 1.11 1.055 0.572 0.432 0.455 0.335 0.218 -0.059 -0.378 -0.2 0.028 0.386 0.267 -0.105 -0.292 -0.229 -0.224 -0.103 0.273 0.494 0.559 0.773 1.203 1.761 2.046 2.061 2.044 1.901 -9 -9 -9 -9 -9 -9 -9 -9 -9 -9 -9 -9 -9 -9 -9 -9 -9 -9 -9 -9 -9 -9 -9 -9 -9 -9 -9 -9 -9 -9 -9 -9 -9 -9 -9 -9 -9 -9 -9 -9 -9
0.18 0.133 0.247 0.871 1.39 1.611 1.361 1.213 1.129 0.767 0.368 0.093 0.195 0.162 0.297 0.209 -0.212 -0.044 0.279 0.679 0.565 0.167 0.11 0.092 -0.127 -0.214 -0.2 -0.015 0.055 0.667 1.281 1.827 2.056 2.062 2.061 -9 -9 -9 -9 -9 -9 -9 -9 -9 -9 -9 -9 -9 -9 -9 -9 -9 -9 -9 -9 -9 -9 -9 -9 -9 -9 -9 -9 -9 -9 -9 -9 -9 -9 -9 -9 -9 -9 -9 -9 -9 -9
-0.06 0.039 0.231 0.85 1.384 1.581 1.134 0.943 0.98 0.53 0.314 0.178 0.37 0.443 0.659 0.65 0.135 0.029 0.427 0.829 0.763 0.381 0.54 0.379 0.347 -0.039 -0.225 -0.291 -0.045 0.543 1.137 1.785 2.047 2.067 2.056 -9 -9 -9 -9 -9 -9 -9 -9 -9 -9 -9 -9 -9 -9 -9 -9 -9 -9 -9 -9 -9 -9 -9 -9 -9 -9 -9 -9 -9 -9 -9 -9 -9 -9 -9 -9 -9 -9 -9 -9 -9 -9
0.036 0.393 0.612 1.177 1.65 1.404 0.937 0.947 1.187 0.66 0.575 0.601 0.722 0.877 0.952 0.87 0.5 0.184 0.534 0.923 1.029 0.778 0.901 0.747 0.504 0.173 0.291 0.009 0.052 0.66 1.234 1.796 2.049 2.067 -9 -9 -9 -9 -9 -9 -9 -9 -9 -9 -9 -9 -9 -9 -9 -9 -9 -9 -9 -9 -9 -9 -9 -9 -9 -9 -9 -9 -9 -9 -9 -9 -9 -9 -9 -9 -9 -9 -9 -9 -9 -9 -9
-0.006 0.28 0.869 1.291 1.691 1.376 1.045 1.029 1.339 0.948 0.959 1.089 1.098 1.053 0.9 0.838 0.452 0.3 0.559 0.709 0.952 1.217 1.213 0.969 0.403 0.581 0.437 0.01 0.124 0.735 1.27 1.742 -9 -9 -9 -9 -9 -9 -9 -9 -9 -9 -9 -9 -9 -9 -9 -9 -9 -9 -9 -9 -9 -9 -9 -9 -9 -9 -9 -9 -9 -9 -9 -9 -9 -9 -9 -9 -9 -9 -9 -9 -9 -9 -9 -9 -9
0.229 0.371 0.665 1.132 1.602 1.66 1.342 1.286 1.433 1.297 1.252 1.175 0.98 0.745 0.636 0.573 0.282 0.416 0.754 0.8 0.649 1.142 1.221 0.745 0.613 0.92 0.654 0.286 0.551 0.86 1.377 -9 -9 -9 -9 -9 -9 -9 -9 -9 -9 -9 -9 -9 -9 -9 -9 -9 -9 -9 -9 -9 -9 -9 -9 -9 -9 -9 -9 -9 -9 -9 -9 -9 -9 -9 -9 -9 -9 -9 -9 -9 -9 -9 -9 -9 -9
0.43 0.689 0.532 1.043 1.596 1.766 1.622 1.515 1.54 1.444 1.273 1.222 0.943 0.578 0.338 0.17 0.07 0.29 0.615 0.935 0.866 1.093 1.197 0.556 0.811 1.032 0.53 0.383 0.845 1.259 -9 -9 -9 -9 -9 -9 -9 -9 -9 -9 -9 -9 -9 -9 -9 -9 -9 -9 -9 -9 -9 -9 -9 -9 -9 -9 -9 -9 -9 -9 -9 -9 -9 -9 -9 -9 -9 -9 -9 -9 -9 -9 -9 -9 -9 -9 -9
0.568 0.924 0.722 1.133 1.676 1.734 1.694 1.519 1.595 1.581 1.382 1.082 0.64 0.509 0.559 0.282 0.262 0.633 0.852 1.176 1.139 1.465 1.491 1.197 1.112 1.228 1.196 0.936 1.249 -9 -9 -9 -9 -9 -9 -9 -9 -9 -9 -9 -9 -9 -9 -9 -9 -9 -9 -9 -9 -9 -9 -9 -9 -9 -9 -9 -9 -9 -9 -9 -9 -9 -9 -9 -9 -9 -9 -9 -9 -9 -9 -9 -9 -9 -9 -9 -9
0.712 1.06 1.076 1.227 1.742 1.761 1.68 1.479 1.718 1.673 1.387 0.87 0.599 0.831 0.868 0.866 0.853 0.544 0.795 1.362 1.592 1.746 1.809 1.782 1.618 1.389 1.478 1.343 1.527 -9 -9 -9 -9 -9 -9 -9 -9 -9 -9 -9 -9 -9 -9 -9 -9 -9 -9 -9 -9 -9 -9 -9 -9 -9 -9 -9 -9 -9 -9 -9 -9 -9 -9 -9 -9 -9 -9 -9 -9 -9 -9 -9 -9 -9 -9 -9 -9
1.04 1.225 1.126 1.279 1.767 1.838 1.703 1.604 1.789 1.625 1.159 0.698 0.845 1.192 1.437 1.471 1.19 0.787 1.205 1.705 1.919 1.913 1.869 1.86 1.838 1.74 1.631 1.606 1.664 -9 -9 -9 -9 -9 -9 -9 -9 -9 -9 -9 -9 -9 -9 -9 -9 -9 -9 -9 -9 -9 -9 -9 -9 -9 -9 -9 -9 -9 -9 -9 -9 -9 -9 -9 -9 -9 -9 -9 -9 -9 -9 -9 -9 -9 -9 -9 -9
1.297 1.292 1.066 1.404 1.799 1.862 1.693 1.721 1.836 1.521 0.825 0.518 0.944 1.295 1.671 1.74 1.556 1.596 1.849 1.948 1.848 1.678 1.438 1.378 1.503 1.693 1.746 1.761 -9 -9 -9 -9 -9 -9 -9 -9 -9 -9 -9 -9 -9 -9 -9 -9 -9 -9 -9 -9 -9 -9 -9 -9 -9 -9 -9 -9 -9 -9 -9 -9 -9 -9 -9 -9 -9 -9 -9 -9 -9 -9 -9 -9 -9 -9 -9 -9 -9
1.361 1.092 1.246 1.663 1.874 1.839 1.712 1.833 1.842 1.433 0.901 0.998 1.581 1.874 1.925 1.932 1.947 1.952 1.936 1.818 1.363 1.106 0.71 0.599 0.892 1.133 1.394 1.6 -9 -9 -9 -9 -9 -9 -9 -9 -9 -9 -9 -9 -9 -9 -9 -9 -9 -9 -9 -9 -9 -9 -9 -9 -9 -9 -9 -9 -9 -9 -9 -9 -9 -9 -9 -9 -9 -9 -9 -9 -9 -9 -9 -9 -9 -9 -9 -9 -9
