data/climatemaps/RS_maps/climate_breeding_pr_2010.asc
NCOLS 369 
NROWS 228 
XLLCORNER 479000 
YLLCORNER 73000 
CELLSIZE 1000 
NODATA_value -9 
[rows 34 to 67 of 228, columns 76 to 151 of 369]
-1.186 -1.192 -1.185 -1.175 -1.168 -1.17 -1.17 -1.172 -1.174 -1.172 -1.167 -1.164 -1.161 -1.157 -1.154 -1.153 -1.153 -1.156 -1.161 -1.165 -1.169 -1.175 -1.184 -1.196 -1.207 -1.213 -1.222 -1.23 -1.238 -1.249 -1.262 -1.275 -1.289 -1.307 -1.324 -1.339 -1.349 -1.355 -1.356 -1.352 -1.345 -1.336 -1.325 -1.315 -1.311 -1.312 -1.322 -1.333 -1.343 -1.35 -1.355 -1.356 -1.357 -1.356 -1.353 -1.351 -1.348 -1.346 -1.344 -1.337 -1.325 -1.307 -1.283 -1.258 -1.232 -1.215 -1.217 -1.224 -1.233 -1.238 -1.238 -1.233 -1.227 -1.223 -1.217 -1.207
-1.201 -1.203 -1.194 -1.184 -1.175 -1.17 -1.165 -1.167 -1.171 -1.171 -1.168 -1.165 -1.161 -1.157 -1.154 -1.151 -1.149 -1.15 -1.155 -1.158 -1.162 -1.165 -1.17 -1.18 -1.192 -1.202 -1.212 -1.221 -1.229 -1.237 -1.247 -1.259 -1.271 -1.285 -1.301 -1.318 -1.336 -1.346 -1.348 -1.348 -1.343 -1.332 -1.319 -1.306 -1.298 -1.297 -1.305 -1.317 -1.329 -1.337 -1.341 -1.344 -1.345 -1.345 -1.345 -1.344 -1.342 -1.343 -1.343 -1.337 -1.327 -1.314 -1.299 -1.285 -1.273 -1.266 -1.264 -1.264 -1.261 -1.254 -1.242 -1.231 -1.226 -1.219 -1.209 -1.192
-1.217 -1.214 -1.203 -1.193 -1.18 -1.167 -1.156 -1.153 -1.158 -1.161 -1.162 -1.164 -1.162 -1.157 -1.155 -1.15 -1.146 -1.146 -1.147 -1.15 -1.153 -1.156 -1.157 -1.163 -1.175 -1.189 -1.201 -1.21 -1.219 -1.226 -1.233 -1.242 -1.25 -1.262 -1.275 -1.293 -1.315 -1.332 -1.339 -1.341 -1.338 -1.329 -1.316 -1.301 -1.289 -1.284 -1.291 -1.304 -1.316 -1.324 -1.33 -1.333 -1.334 -1.337 -1.339 -1.338 -1.337 -1.341 -1.341 -1.333 -1.321 -1.306 -1.295 -1.289 -1.287 -1.289 -1.289 -1.285 -1.276 -1.259 -1.237 -1.221 -1.219 -1.209 -1.194 -1.172
-1.231 -1.226 -1.213 -1.195 -1.174 -1.157 -1.145 -1.139 -1.14 -1.143 -1.146 -1.156 -1.158 -1.156 -1.154 -1.148 -1.143 -1.141 -1.14 -1.142 -1.145 -1.145 -1.144 -1.148 -1.16 -1.173 -1.186 -1.196 -1.205 -1.212 -1.217 -1.223 -1.228 -1.236 -1.247 -1.264 -1.287 -1.31 -1.325 -1.331 -1.331 -1.326 -1.314 -1.298 -1.284 -1.276 -1.281 -1.292 -1.302 -1.31 -1.319 -1.321 -1.325 -1.331 -1.335 -1.333 -1.334 -1.34 -1.338 -1.322 -1.303 -1.281 -1.27 -1.27 -1.278 -1.289 -1.295 -1.291 -1.284 -1.264 -1.238 -1.212 -1.202 -1.194 -1.173 -1.156
-1.24 -1.232 -1.212 -1.186 -1.161 -1.146 -1.135 -1.126 -1.122 -1.122 -1.128 -1.141 -1.146 -1.144 -1.142 -1.136 -1.133 -1.132 -1.13 -1.133 -1.134 -1.132 -1.131 -1.136 -1.145 -1.156 -1.169 -1.179 -1.189 -1.195 -1.199 -1.201 -1.202 -1.206 -1.216 -1.232 -1.254 -1.281 -1.302 -1.315 -1.322 -1.32 -1.311 -1.296 -1.281 -1.272 -1.273 -1.281 -1.29 -1.299 -1.307 -1.31 -1.317 -1.326 -1.329 -1.328 -1.334 -1.341 -1.333 -1.306 -1.276 -1.243 -1.222 -1.228 -1.246 -1.273 -1.29 -1.285 -1.285 -1.269 -1.233 -1.198 -1.183 -1.174 -1.149 -1.123
-1.24 -1.231 -1.209 -1.18 -1.153 -1.133 -1.117 -1.112 -1.105 -1.101 -1.11 -1.123 -1.131 -1.127 -1.122 -1.117 -1.114 -1.12 -1.117 -1.118 -1.119 -1.118 -1.118 -1.122 -1.13 -1.139 -1.151 -1.162 -1.171 -1.176 -1.176 -1.172 -1.17 -1.171 -1.18 -1.195 -1.216 -1.242 -1.266 -1.287 -1.303 -1.31 -1.306 -1.294 -1.281 -1.272 -1.271 -1.276 -1.281 -1.288 -1.293 -1.299 -1.307 -1.316 -1.319 -1.321 -1.333 -1.34 -1.328 -1.287 -1.242 -1.194 -1.163 -1.172 -1.204 -1.25 -1.282 -1.281 -1.276 -1.266 -1.22 -1.185 -1.168 -1.149 -1.129 -1.097
-1.24 -1.227 -1.205 -1.176 -1.146 -1.117 -1.092 -1.087 -1.076 -1.073 -1.088 -1.099 -1.109 -1.105 -1.1 -1.101 -1.104 -1.108 -1.103 -1.101 -1.104 -1.108 -1.109 -1.111 -1.116 -1.123 -1.135 -1.145 -1.153 -1.155 -1.15 -1.141 -1.136 -1.135 -1.142 -1.157 -1.176 -1.199 -1.223 -1.247 -1.272 -1.289 -1.295 -1.29 -1.281 -1.276 -1.272 -1.268 -1.266 -1.267 -1.27 -1.278 -1.288 -1.298 -1.307 -1.316 -1.33 -1.337 -1.323 -1.276 -1.213 -1.145 -1.106 -1.121 -1.164 -1.223 -1.272 -1.285 -1.274 -1.264 -1.224 -1.191 -1.159 -1.137 -1.118 -1.079
-1.237 -1.225 -1.201 -1.173 -1.139 -1.1 -1.068 -1.053 -1.038 -1.04 -1.053 -1.064 -1.074 -1.08 -1.084 -1.085 -1.089 -1.091 -1.094 -1.096 -1.099 -1.103 -1.106 -1.105 -1.107 -1.113 -1.123 -1.132 -1.135 -1.133 -1.122 -1.11 -1.103 -1.1 -1.107 -1.121 -1.14 -1.163 -1.186 -1.211 -1.24 -1.264 -1.276 -1.279 -1.277 -1.272 -1.261 -1.247 -1.236 -1.233 -1.235 -1.245 -1.258 -1.271 -1.286 -1.303 -1.321 -1.33 -1.315 -1.265 -1.189 -1.107 -1.069 -1.08 -1.127 -1.2 -1.264 -1.296 -1.287 -1.271 -1.237 -1.198 -1.163 -1.139 -1.115 -1.093
-1.228 -1.217 -1.196 -1.171 -1.133 -1.085 -1.042 -1.015 -0.998 -0.999 -1.009 -1.021 -1.031 -1.042 -1.06 -1.063 -1.066 -1.072 -1.079 -1.087 -1.091 -1.092 -1.099 -1.105 -1.105 -1.108 -1.117 -1.122 -1.118 -1.108 -1.093 -1.081 -1.072 -1.071 -1.08 -1.094 -1.112 -1.134 -1.157 -1.184 -1.212 -1.236 -1.251 -1.258 -1.26 -1.253 -1.234 -1.215 -1.202 -1.193 -1.191 -1.199 -1.215 -1.235 -1.257 -1.281 -1.304 -1.317 -1.303 -1.25 -1.165 -1.08 -1.042 -1.061 -1.119 -1.192 -1.26 -1.304 -1.315 -1.298 -1.268 -1.232 -1.204 -1.167 -1.134 -1.127
-1.214 -1.204 -1.186 -1.164 -1.123 -1.07 -1.017 -0.98 -0.958 -0.958 -0.967 -0.98 -0.994 -1.009 -1.026 -1.042 -1.043 -1.05 -1.061 -1.074 -1.08 -1.083 -1.092 -1.103 -1.107 -1.109 -1.114 -1.115 -1.101 -1.084 -1.067 -1.052 -1.045 -1.047 -1.06 -1.075 -1.091 -1.113 -1.136 -1.161 -1.186 -1.207 -1.221 -1.229 -1.23 -1.221 -1.201 -1.183 -1.169 -1.158 -1.155 -1.162 -1.177 -1.197 -1.226 -1.257 -1.285 -1.301 -1.285 -1.234 -1.154 -1.074 -1.036 -1.064 -1.132 -1.202 -1.26 -1.31 -1.323 -1.319 -1.3 -1.276 -1.253 -1.22 -1.189 -1.177
-1.194 -1.186 -1.174 -1.152 -1.111 -1.056 -0.998 -0.953 -0.925 -0.921 -0.929 -0.945 -0.961 -0.976 -0.994 -1.021 -1.026 -1.035 -1.047 -1.064 -1.069 -1.076 -1.089 -1.101 -1.106 -1.111 -1.114 -1.106 -1.086 -1.065 -1.043 -1.026 -1.021 -1.026 -1.04 -1.057 -1.075 -1.095 -1.114 -1.137 -1.158 -1.175 -1.188 -1.193 -1.191 -1.182 -1.168 -1.155 -1.144 -1.137 -1.137 -1.147 -1.165 -1.186 -1.212 -1.241 -1.271 -1.286 -1.266 -1.219 -1.151 -1.081 -1.056 -1.09 -1.155 -1.213 -1.269 -1.317 -1.323 -1.319 -1.301 -1.286 -1.278 -1.256 -1.238 -1.211
-1.168 -1.157 -1.153 -1.135 -1.095 -1.044 -0.985 -0.936 -0.904 -0.895 -0.902 -0.92 -0.935 -0.949 -0.97 -1.001 -1.017 -1.024 -1.039 -1.058 -1.062 -1.071 -1.083 -1.096 -1.102 -1.109 -1.111 -1.098 -1.075 -1.047 -1.02 -1.001 -0.998 -1.007 -1.024 -1.043 -1.063 -1.081 -1.098 -1.114 -1.13 -1.143 -1.151 -1.154 -1.152 -1.146 -1.14 -1.135 -1.135 -1.139 -1.149 -1.167 -1.189 -1.208 -1.223 -1.24 -1.267 -1.277 -1.25 -1.209 -1.153 -1.103 -1.097 -1.131 -1.181 -1.232 -1.281 -1.32 -1.329 -1.32 -1.301 -1.285 -1.286 -1.256 -1.243 -1.215
-1.139 -1.129 -1.13 -1.119 -1.084 -1.038 -0.982 -0.931 -0.897 -0.884 -0.891 -0.906 -0.918 -0.933 -0.955 -0.985 -1.011 -1.021 -1.037 -1.054 -1.059 -1.07 -1.08 -1.093 -1.1 -1.106 -1.104 -1.088 -1.064 -1.031 -1.001 -0.981 -0.978 -0.989 -1.008 -1.029 -1.051 -1.069 -1.083 -1.095 -1.105 -1.115 -1.12 -1.121 -1.119 -1.117 -1.119 -1.127 -1.141 -1.159 -1.18 -1.207 -1.231 -1.248 -1.256 -1.262 -1.272 -1.267 -1.236 -1.199 -1.155 -1.124 -1.131 -1.165 -1.205 -1.248 -1.286 -1.314 -1.323 -1.323 -1.302 -1.284 -1.282 -1.255 -1.232 -1.218
-1.113 -1.104 -1.112 -1.105 -1.077 -1.04 -0.989 -0.939 -0.906 -0.891 -0.895 -0.907 -0.917 -0.932 -0.953 -0.979 -1.009 -1.03 -1.045 -1.056 -1.065 -1.078 -1.089 -1.1 -1.106 -1.108 -1.1 -1.083 -1.056 -1.021 -0.988 -0.965 -0.96 -0.968 -0.985 -1.007 -1.031 -1.05 -1.062 -1.072 -1.082 -1.091 -1.097 -1.098 -1.097 -1.101 -1.112 -1.131 -1.158 -1.189 -1.219 -1.247 -1.27 -1.283 -1.288 -1.283 -1.271 -1.252 -1.222 -1.186 -1.153 -1.134 -1.142 -1.176 -1.221 -1.257 -1.285 -1.299 -1.305 -1.312 -1.3 -1.277 -1.275 -1.253 -1.221 -1.208
-1.086 -1.08 -1.093 -1.094 -1.073 -1.046 -1.003 -0.958 -0.927 -0.911 -0.912 -0.919 -0.929 -0.945 -0.964 -0.986 -1.012 -1.04 -1.056 -1.065 -1.078 -1.09 -1.099 -1.107 -1.112 -1.112 -1.102 -1.083 -1.05 -1.014 -0.98 -0.952 -0.94 -0.942 -0.956 -0.974 -0.998 -1.018 -1.033 -1.048 -1.061 -1.074 -1.084 -1.086 -1.083 -1.091 -1.112 -1.14 -1.176 -1.214 -1.249 -1.278 -1.3 -1.312 -1.311 -1.295 -1.27 -1.24 -1.203 -1.167 -1.139 -1.13 -1.141 -1.175 -1.222 -1.244 -1.265 -1.274 -1.281 -1.293 -1.286 -1.262 -1.261 -1.241 -1.206 -1.19
-1.061 -1.06 -1.073 -1.084 -1.07 -1.052 -1.014 -0.977 -0.95 -0.935 -0.934 -0.939 -0.951 -0.967 -0.984 -1.006 -1.026 -1.046 -1.059 -1.07 -1.082 -1.094 -1.101 -1.107 -1.109 -1.107 -1.096 -1.073 -1.039 -1.004 -0.971 -0.939 -0.922 -0.917 -0.926 -0.943 -0.966 -0.99 -1.012 -1.033 -1.051 -1.065 -1.075 -1.078 -1.077 -1.085 -1.108 -1.14 -1.185 -1.227 -1.265 -1.295 -1.319 -1.329 -1.325 -1.306 -1.276 -1.234 -1.187 -1.145 -1.121 -1.118 -1.134 -1.169 -1.205 -1.216 -1.233 -1.238 -1.253 -1.262 -1.256 -1.239 -1.231 -1.212 -1.176 -1.159
-1.041 -1.04 -1.053 -1.07 -1.065 -1.046 -1.016 -0.989 -0.966 -0.955 -0.956 -0.963 -0.975 -0.986 -1 -1.017 -1.03 -1.043 -1.055 -1.067 -1.079 -1.089 -1.094 -1.097 -1.094 -1.086 -1.071 -1.052 -1.019 -0.99 -0.961 -0.932 -0.911 -0.9 -0.904 -0.92 -0.945 -0.974 -1.005 -1.036 -1.061 -1.074 -1.082 -1.084 -1.085 -1.091 -1.109 -1.138 -1.181 -1.223 -1.264 -1.295 -1.32 -1.332 -1.326 -1.308 -1.275 -1.232 -1.182 -1.134 -1.107 -1.102 -1.113 -1.15 -1.17 -1.179 -1.187 -1.192 -1.212 -1.204 -1.199 -1.186 -1.173 -1.143 -1.107 -1.098
-1.015 -1.017 -1.032 -1.04 -1.042 -1.027 -1.01 -0.994 -0.978 -0.971 -0.972 -0.978 -0.987 -0.993 -0.999 -1.011 -1.022 -1.034 -1.044 -1.056 -1.068 -1.078 -1.081 -1.08 -1.078 -1.068 -1.05 -1.03 -1 -0.978 -0.956 -0.932 -0.911 -0.898 -0.9 -0.915 -0.942 -0.978 -1.018 -1.064 -1.095 -1.109 -1.113 -1.109 -1.1 -1.094 -1.104 -1.134 -1.168 -1.203 -1.244 -1.277 -1.304 -1.316 -1.313 -1.297 -1.268 -1.227 -1.18 -1.132 -1.098 -1.082 -1.089 -1.118 -1.129 -1.125 -1.129 -1.135 -1.148 -1.124 -1.118 -1.093 -1.078 -1.061 -1.024 -1.007
-0.981 -0.984 -0.987 -0.995 -1.002 -1.002 -0.996 -0.986 -0.976 -0.969 -0.969 -0.97 -0.972 -0.975 -0.984 -0.993 -1.002 -1.014 -1.026 -1.039 -1.051 -1.06 -1.068 -1.073 -1.068 -1.055 -1.037 -1.019 -0.996 -0.979 -0.967 -0.951 -0.935 -0.923 -0.923 -0.935 -0.964 -1.004 -1.057 -1.104 -1.132 -1.144 -1.14 -1.128 -1.109 -1.096 -1.101 -1.129 -1.154 -1.181 -1.213 -1.243 -1.271 -1.281 -1.279 -1.27 -1.251 -1.217 -1.17 -1.12 -1.075 -1.047 -1.047 -1.055 -1.064 -1.055 -1.05 -1.053 -1.064 -1.041 -1.018 -0.99 -0.988 -0.968 -0.925 -0.908
-0.927 -0.922 -0.927 -0.941 -0.959 -0.972 -0.975 -0.968 -0.953 -0.944 -0.94 -0.939 -0.943 -0.949 -0.955 -0.96 -0.973 -0.987 -1.005 -1.021 -1.033 -1.044 -1.063 -1.074 -1.075 -1.069 -1.053 -1.031 -1.018 -1.013 -1.009 -1.001 -0.99 -0.982 -0.983 -0.996 -1.023 -1.061 -1.113 -1.152 -1.168 -1.18 -1.176 -1.158 -1.133 -1.112 -1.109 -1.124 -1.143 -1.165 -1.186 -1.205 -1.231 -1.236 -1.236 -1.231 -1.217 -1.188 -1.148 -1.103 -1.048 -1.006 -0.985 -0.97 -0.972 -0.953 -0.945 -0.96 -0.959 -0.929 -0.898 -0.872 -0.871 -0.852 -0.829 -0.799
-0.867 -0.864 -0.879 -0.905 -0.933 -0.954 -0.961 -0.95 -0.931 -0.92 -0.912 -0.915 -0.914 -0.92 -0.926 -0.936 -0.948 -0.967 -0.988 -1.009 -1.03 -1.051 -1.072 -1.098 -1.107 -1.1 -1.08 -1.061 -1.058 -1.072 -1.077 -1.072 -1.068 -1.066 -1.069 -1.087 -1.111 -1.142 -1.177 -1.206 -1.224 -1.228 -1.216 -1.193 -1.162 -1.134 -1.121 -1.124 -1.137 -1.149 -1.158 -1.165 -1.181 -1.18 -1.178 -1.182 -1.172 -1.147 -1.118 -1.08 -1.028 -0.974 -0.924 -0.89 -0.884 -0.863 -0.85 -0.848 -0.852 -0.82 -0.796 -0.761 -0.742 -0.739 -0.725 -0.735
-0.83 -0.828 -0.849 -0.884 -0.919 -0.945 -0.951 -0.941 -0.925 -0.915 -0.914 -0.917 -0.92 -0.922 -0.931 -0.948 -0.959 -0.977 -0.999 -1.02 -1.046 -1.069 -1.096 -1.124 -1.136 -1.115 -1.099 -1.096 -1.108 -1.131 -1.144 -1.146 -1.149 -1.152 -1.156 -1.168 -1.184 -1.203 -1.225 -1.245 -1.259 -1.263 -1.252 -1.224 -1.189 -1.155 -1.137 -1.136 -1.141 -1.144 -1.141 -1.127 -1.115 -1.11 -1.113 -1.116 -1.107 -1.092 -1.073 -1.041 -0.994 -0.935 -0.881 -0.854 -0.849 -0.829 -0.793 -0.765 -0.771 -0.752 -0.726 -0.684 -0.647 -0.653 -0.664 -0.683
-0.843 -0.839 -0.866 -0.905 -0.945 -0.967 -0.973 -0.959 -0.954 -0.949 -0.958 -0.963 -0.955 -0.958 -0.97 -0.987 -0.994 -1.01 -1.023 -1.031 -1.034 -1.055 -1.086 -1.121 -1.141 -1.132 -1.124 -1.137 -1.158 -1.173 -1.191 -1.2 -1.202 -1.203 -1.203 -1.212 -1.223 -1.234 -1.246 -1.259 -1.268 -1.269 -1.258 -1.234 -1.201 -1.167 -1.148 -1.143 -1.145 -1.141 -1.117 -1.086 -1.052 -1.028 -1.013 -1.008 -1.006 -1.01 -1.001 -0.981 -0.956 -0.921 -0.886 -0.862 -0.85 -0.826 -0.784 -0.737 -0.719 -0.709 -0.679 -0.646 -0.621 -0.64 -0.673 -0.703
-0.879 -0.884 -0.914 -0.937 -0.958 -0.976 -0.991 -0.984 -0.983 -0.988 -0.999 -1 -0.997 -0.996 -0.997 -1.009 -1.013 -1.018 -1.021 -1.017 -1.026 -1.051 -1.078 -1.118 -1.126 -1.131 -1.144 -1.169 -1.188 -1.203 -1.22 -1.229 -1.23 -1.226 -1.224 -1.229 -1.233 -1.235 -1.237 -1.249 -1.256 -1.253 -1.238 -1.213 -1.182 -1.146 -1.122 -1.117 -1.121 -1.116 -1.086 -1.042 -0.99 -0.944 -0.911 -0.893 -0.899 -0.914 -0.924 -0.93 -0.926 -0.911 -0.893 -0.878 -0.875 -0.86 -0.803 -0.741 -0.705 -0.694 -0.666 -0.643 -0.647 -0.666 -0.712 -0.768
-0.932 -0.942 -0.953 -0.941 -0.947 -0.954 -0.97 -0.971 -0.971 -0.985 -1.002 -1 -0.999 -0.997 -0.998 -1.01 -1.014 -1.019 -1.022 -1.025 -1.039 -1.061 -1.081 -1.099 -1.106 -1.124 -1.152 -1.177 -1.197 -1.211 -1.222 -1.229 -1.228 -1.223 -1.219 -1.217 -1.214 -1.21 -1.208 -1.218 -1.224 -1.216 -1.198 -1.168 -1.13 -1.089 -1.061 -1.06 -1.067 -1.065 -1.04 -0.992 -0.932 -0.873 -0.828 -0.803 -0.815 -0.837 -0.861 -0.883 -0.9 -0.901 -0.897 -0.891 -0.893 -0.896 -0.831 -0.776 -0.734 -0.708 -0.684 -0.682 -0.7 -0.742 -0.794 -0.848
-0.987 -0.977 -0.96 -0.942 -0.938 -0.933 -0.928 -0.931 -0.944 -0.966 -0.986 -0.991 -0.996 -1.001 -1.011 -1.018 -1.031 -1.043 -1.049 -1.052 -1.054 -1.056 -1.061 -1.073 -1.093 -1.111 -1.134 -1.158 -1.181 -1.189 -1.194 -1.198 -1.195 -1.187 -1.18 -1.175 -1.168 -1.163 -1.161 -1.169 -1.182 -1.173 -1.155 -1.116 -1.062 -1.014 -0.986 -0.986 -0.995 -0.994 -0.973 -0.924 -0.865 -0.804 -0.754 -0.734 -0.753 -0.786 -0.834 -0.881 -0.922 -0.929 -0.93 -0.938 -0.94 -0.945 -0.885 -0.82 -0.768 -0.74 -0.744 -0.775 -0.809 -0.853 -0.89 -0.921
-0.998 -0.979 -0.955 -0.941 -0.928 -0.913 -0.903 -0.91 -0.932 -0.957 -0.987 -0.996 -0.993 -1.005 -1.028 -1.034 -1.051 -1.059 -1.06 -1.057 -1.045 -1.034 -1.04 -1.059 -1.076 -1.087 -1.103 -1.13 -1.156 -1.154 -1.157 -1.157 -1.147 -1.134 -1.124 -1.115 -1.107 -1.104 -1.102 -1.115 -1.136 -1.137 -1.111 -1.061 -0.996 -0.938 -0.906 -0.903 -0.919 -0.921 -0.899 -0.856 -0.805 -0.747 -0.702 -0.692 -0.725 -0.777 -0.841 -0.898 -0.946 -0.961 -0.965 -0.977 -0.986 -0.968 -0.912 -0.839 -0.81 -0.811 -0.84 -0.873 -0.908 -0.941 -0.966 -0.984
-0.986 -0.968 -0.952 -0.936 -0.916 -0.894 -0.883 -0.894 -0.924 -0.956 -0.994 -1.013 -1.003 -1.006 -1.015 -1.026 -1.037 -1.031 -1.031 -1.028 -1.025 -1.025 -1.033 -1.042 -1.053 -1.068 -1.089 -1.118 -1.142 -1.135 -1.132 -1.127 -1.107 -1.086 -1.071 -1.058 -1.047 -1.045 -1.048 -1.07 -1.097 -1.102 -1.069 -1.013 -0.944 -0.883 -0.847 -0.838 -0.853 -0.857 -0.834 -0.799 -0.754 -0.703 -0.672 -0.679 -0.725 -0.783 -0.84 -0.888 -0.922 -0.935 -0.94 -0.946 -0.967 -0.948 -0.912 -0.882 -0.883 -0.897 -0.916 -0.943 -0.976 -1.006 -1.026 -1.035
-0.967 -0.95 -0.942 -0.925 -0.897 -0.874 -0.869 -0.898 -0.942 -0.98 -1.01 -1.015 -0.991 -0.969 -0.961 -0.968 -0.981 -0.989 -1.001 -1.007 -1.012 -1.017 -1.018 -1.024 -1.036 -1.052 -1.075 -1.099 -1.125 -1.115 -1.104 -1.087 -1.061 -1.038 -1.019 -1.004 -0.992 -0.992 -1.007 -1.034 -1.068 -1.062 -1.032 -0.983 -0.921 -0.864 -0.825 -0.81 -0.808 -0.798 -0.768 -0.736 -0.698 -0.667 -0.655 -0.682 -0.731 -0.771 -0.805 -0.83 -0.839 -0.835 -0.831 -0.844 -0.905 -0.933 -0.937 -0.951 -0.961 -0.965 -0.975 -0.996 -1.022 -1.048 -1.065 -1.065
-0.945 -0.936 -0.93 -0.912 -0.883 -0.868 -0.874 -0.921 -0.959 -0.995 -1.006 -0.989 -0.956 -0.926 -0.914 -0.919 -0.935 -0.958 -0.978 -0.993 -0.998 -1.001 -1.004 -1.008 -1.018 -1.034 -1.055 -1.077 -1.097 -1.084 -1.06 -1.031 -0.999 -0.974 -0.957 -0.949 -0.947 -0.956 -0.978 -1.008 -1.038 -1.024 -1.002 -0.963 -0.913 -0.864 -0.826 -0.796 -0.766 -0.74 -0.714 -0.685 -0.659 -0.648 -0.657 -0.682 -0.7 -0.719 -0.734 -0.738 -0.73 -0.72 -0.727 -0.762 -0.851 -0.929 -0.971 -1.002 -1.013 -1.013 -1.018 -1.032 -1.053 -1.074 -1.082 -1.076
-0.936 -0.931 -0.926 -0.909 -0.882 -0.866 -0.878 -0.934 -0.975 -0.994 -0.994 -0.965 -0.926 -0.895 -0.882 -0.891 -0.914 -0.941 -0.964 -0.979 -0.984 -0.99 -0.993 -0.997 -1.007 -1.026 -1.053 -1.072 -1.078 -1.061 -1.025 -0.983 -0.942 -0.913 -0.905 -0.912 -0.923 -0.944 -0.974 -0.998 -1.009 -0.996 -0.968 -0.927 -0.878 -0.837 -0.799 -0.756 -0.723 -0.704 -0.679 -0.657 -0.633 -0.625 -0.631 -0.638 -0.659 -0.668 -0.676 -0.673 -0.67 -0.688 -0.718 -0.769 -0.854 -0.93 -0.986 -1.027 -1.04 -1.038 -1.05 -1.06 -1.076 -1.084 -1.084 -1.072
-0.933 -0.931 -0.929 -0.915 -0.885 -0.865 -0.872 -0.934 -0.977 -0.986 -0.983 -0.948 -0.906 -0.876 -0.869 -0.883 -0.907 -0.934 -0.958 -0.974 -0.981 -0.984 -0.984 -0.986 -0.998 -1.023 -1.051 -1.066 -1.067 -1.041 -0.99 -0.931 -0.888 -0.863 -0.865 -0.881 -0.906 -0.943 -0.97 -0.974 -0.961 -0.934 -0.894 -0.841 -0.791 -0.76 -0.744 -0.711 -0.697 -0.676 -0.639 -0.604 -0.581 -0.57 -0.582 -0.615 -0.652 -0.667 -0.681 -0.692 -0.705 -0.728 -0.756 -0.814 -0.881 -0.944 -0.999 -1.042 -1.053 -1.059 -1.072 -1.077 -1.081 -1.08 -1.073 -1.049
-0.941 -0.941 -0.94 -0.922 -0.891 -0.872 -0.885 -0.953 -0.996 -0.994 -0.976 -0.937 -0.896 -0.874 -0.872 -0.889 -0.916 -0.945 -0.967 -0.98 -0.983 -0.98 -0.979 -0.982 -0.999 -1.022 -1.046 -1.062 -1.059 -1.024 -0.967 -0.902 -0.859 -0.841 -0.852 -0.875 -0.9 -0.921 -0.937 -0.915 -0.884 -0.842 -0.795 -0.744 -0.701 -0.679 -0.684 -0.678 -0.661 -0.631 -0.588 -0.556 -0.547 -0.567 -0.605 -0.65 -0.685 -0.708 -0.728 -0.746 -0.767 -0.8 -0.832 -0.874 -0.921 -0.971 -1.015 -1.046 -1.059 -1.074 -1.076 -1.075 -1.071 -1.064 -1.049 -1.014
-0.956 -0.957 -0.952 -0.931 -0.901 -0.885 -0.905 -0.972 -1.008 -0.995 -0.978 -0.94 -0.903 -0.887 -0.892 -0.915 -0.945 -0.971 -0.988 -0.997 -0.995 -0.986 -0.977 -0.976 -0.995 -1.028 -1.058 -1.084 -1.085 -1.047 -0.992 -0.936 -0.9 -0.883 -0.884 -0.892 -0.9 -0.911 -0.898 -0.86 -0.817 -0.766 -0.718 -0.667 -0.641 -0.632 -0.63 -0.621 -0.606 -0.59 -0.567 -0.551 -0.556 -0.603 -0.659 -0.711 -0.752 -0.786 -0.818 -0.842 -0.864 -0.887 -0.908 -0.934 -0.965 -1 -1.027 -1.047 -1.061 -1.072 -1.069 -1.055 -1.036 -1.035 -1.018 -0.975
