data/climatemaps/RS_maps/climate_breeding_pr_2017.asc
NCOLS 369 
NROWS 228 
XLLCORNER 479000 
YLLCORNER 73000 
CELLSIZE 1000 
NODATA_value -9 
[rows 102 to 135 of 228, columns 0 to 75 of 369]
-9 -9 -9 -9 -9 -9 -9 -9 -9 -9 -9 -9 -9 -9 -9 -9 -9 -9 -9 -9 -9 -9 -9 -9 -9 -9 -9 -9 -9 -9 -9 -9 -0.67 -0.681 -0.689 -0.714 -0.755 -0.794 -0.818 -0.813 -0.777 -0.722 -0.668 -0.624 -0.594 -0.57 -0.554 -0.55 -0.555 -0.574 -0.601 -0.639 -0.679 -0.718 -0.752 -0.784 -0.82 -0.863 -0.918 -0.975 -1.025 -1.07 -1.092 -1.084 -1.043 -0.987 -0.934 -0.889 -0.865 -0.876 -0.932 -1.026 -1.128 -1.222 -1.288 -1.333
-9 -9 -9 -9 -9 -9 -9 -9 -9 -9 -9 -9 -9 -9 -9 -9 -9 -9 -9 -9 -9 -9 -9 -9 -9 -9 -9 -9 -9 -9 -9 -9 -0.675 -0.699 -0.725 -0.764 -0.808 -0.848 -0.867 -0.854 -0.812 -0.752 -0.685 -0.626 -0.583 -0.562 -0.555 -0.563 -0.581 -0.614 -0.657 -0.704 -0.752 -0.798 -0.841 -0.882 -0.927 -0.98 -1.036 -1.084 -1.107 -1.108 -1.088 -1.041 -0.982 -0.914 -0.855 -0.82 -0.831 -0.884 -0.968 -1.066 -1.163 -1.246 -1.304 -1.341
-9 -9 -9 -9 -9 -9 -9 -9 -9 -9 -9 -9 -9 -9 -9 -9 -9 -9 -9 -9 -9 -9 -9 -9 -9 -9 -9 -9 -9 -9 -9 -9 -0.696 -0.734 -0.774 -0.818 -0.863 -0.902 -0.914 -0.895 -0.847 -0.776 -0.696 -0.627 -0.583 -0.567 -0.568 -0.585 -0.618 -0.665 -0.714 -0.77 -0.828 -0.887 -0.939 -0.983 -1.039 -1.092 -1.128 -1.137 -1.122 -1.086 -1.038 -0.974 -0.902 -0.835 -0.791 -0.788 -0.844 -0.93 -1.03 -1.128 -1.215 -1.281 -1.324 -1.348
-9 -9 -9 -9 -9 -9 -9 -9 -9 -9 -9 -9 -9 -9 -9 -9 -9 -9 -9 -9 -9 -9 -9 -9 -9 -9 -9 -9 -9 -9 -9 -9 -0.728 -0.774 -0.822 -0.869 -0.913 -0.946 -0.954 -0.928 -0.869 -0.791 -0.706 -0.64 -0.601 -0.588 -0.595 -0.617 -0.649 -0.695 -0.748 -0.811 -0.878 -0.949 -1.013 -1.059 -1.112 -1.145 -1.152 -1.129 -1.091 -1.035 -0.966 -0.892 -0.823 -0.771 -0.759 -0.798 -0.885 -0.993 -1.104 -1.198 -1.27 -1.315 -1.342 -1.356
-9 -9 -9 -9 -9 -9 -9 -9 -9 -9 -9 -9 -9 -9 -9 -9 -9 -9 -9 -9 -9 -9 -9 -9 -9 -9 -9 -9 -9 -9 -9 -9 -9 -0.809 -0.859 -0.908 -0.948 -0.971 -0.974 -0.944 -0.878 -0.8 -0.723 -0.664 -0.63 -0.621 -0.62 -0.635 -0.661 -0.702 -0.757 -0.823 -0.892 -0.963 -1.032 -1.078 -1.106 -1.12 -1.109 -1.075 -1.023 -0.955 -0.881 -0.815 -0.767 -0.743 -0.77 -0.839 -0.947 -1.067 -1.178 -1.263 -1.317 -1.345 -1.359 -1.364
-9 -9 -9 -9 -9 -9 -9 -9 -9 -9 -9 -9 -9 -9 -9 -9 -9 -9 -9 -9 -9 -9 -9 -9 -9 -9 -9 -9 -9 -9 -9 -9 -9 -0.825 -0.876 -0.922 -0.958 -0.977 -0.976 -0.945 -0.881 -0.808 -0.74 -0.688 -0.657 -0.641 -0.636 -0.649 -0.675 -0.714 -0.765 -0.823 -0.887 -0.947 -0.991 -1.022 -1.041 -1.047 -1.031 -0.992 -0.937 -0.872 -0.809 -0.764 -0.741 -0.754 -0.81 -0.899 -1.018 -1.141 -1.244 -1.315 -1.354 -1.37 -1.375 -1.373
-9 -9 -9 -9 -9 -9 -9 -9 -9 -9 -9 -9 -9 -9 -9 -9 -9 -9 -9 -9 -9 -9 -9 -9 -9 -9 -9 -9 -9 -9 -9 -9 -9 -0.816 -0.865 -0.911 -0.944 -0.965 -0.967 -0.943 -0.883 -0.818 -0.755 -0.704 -0.668 -0.651 -0.654 -0.673 -0.702 -0.739 -0.779 -0.822 -0.852 -0.882 -0.905 -0.927 -0.945 -0.953 -0.941 -0.909 -0.863 -0.814 -0.772 -0.748 -0.75 -0.788 -0.866 -0.967 -1.088 -1.206 -1.296 -1.354 -1.381 -1.389 -1.387 -1.381
-9 -9 -9 -9 -9 -9 -9 -9 -9 -9 -9 -9 -9 -9 -9 -9 -9 -9 -9 -9 -9 -9 -9 -9 -9 -9 -9 -9 -9 -9 -9 -9 -9 -0.792 -0.84 -0.886 -0.923 -0.948 -0.951 -0.938 -0.888 -0.823 -0.757 -0.703 -0.669 -0.661 -0.672 -0.7 -0.735 -0.77 -0.8 -0.807 -0.803 -0.802 -0.809 -0.825 -0.846 -0.862 -0.864 -0.849 -0.823 -0.796 -0.777 -0.774 -0.797 -0.852 -0.938 -1.04 -1.155 -1.26 -1.335 -1.381 -1.401 -1.402 -1.397 -1.389
-9 -9 -9 -9 -9 -9 -9 -9 -9 -9 -9 -9 -9 -9 -9 -9 -9 -9 -9 -9 -9 -9 -9 -9 -9 -9 -9 -9 -9 -9 -9 -9 -9 -0.773 -0.823 -0.871 -0.91 -0.935 -0.939 -0.924 -0.872 -0.812 -0.75 -0.7 -0.671 -0.669 -0.69 -0.726 -0.766 -0.796 -0.806 -0.789 -0.761 -0.736 -0.732 -0.75 -0.782 -0.812 -0.832 -0.838 -0.835 -0.832 -0.834 -0.85 -0.888 -0.948 -1.029 -1.121 -1.221 -1.306 -1.366 -1.401 -1.414 -1.411 -1.403 -1.394
-9 -9 -9 -9 -9 -9 -9 -9 -9 -9 -9 -9 -9 -9 -9 -9 -9 -9 -9 -9 -9 -9 -9 -9 -9 -9 -9 -9 -9 -9 -9 -9 -9 -0.771 -0.826 -0.876 -0.915 -0.934 -0.923 -0.899 -0.851 -0.795 -0.74 -0.695 -0.672 -0.679 -0.707 -0.749 -0.79 -0.813 -0.808 -0.775 -0.733 -0.702 -0.702 -0.734 -0.783 -0.833 -0.873 -0.897 -0.911 -0.922 -0.936 -0.964 -1.009 -1.066 -1.136 -1.211 -1.287 -1.35 -1.394 -1.418 -1.423 -1.416 -1.406 -1.395
-9 -9 -9 -9 -9 -9 -9 -9 -9 -9 -9 -9 -9 -9 -9 -9 -9 -9 -9 -9 -9 -9 -9 -9 -9 -9 -9 -9 -9 -9 -9 -9 -0.735 -0.791 -0.846 -0.892 -0.931 -0.932 -0.913 -0.879 -0.83 -0.776 -0.725 -0.688 -0.672 -0.687 -0.721 -0.766 -0.804 -0.82 -0.808 -0.771 -0.732 -0.71 -0.727 -0.778 -0.848 -0.916 -0.971 -1.008 -1.031 -1.048 -1.068 -1.097 -1.135 -1.182 -1.236 -1.293 -1.347 -1.391 -1.42 -1.432 -1.429 -1.417 -1.403 -1.389
-9 -9 -9 -9 -9 -9 -9 -9 -9 -9 -9 -9 -9 -9 -9 -9 -9 -9 -9 -9 -9 -9 -9 -9 -9 -9 -9 -9 -9 -9 -9 -9 -0.774 -0.831 -0.882 -0.923 -0.945 -0.93 -0.9 -0.858 -0.806 -0.754 -0.708 -0.679 -0.672 -0.693 -0.73 -0.774 -0.809 -0.823 -0.815 -0.791 -0.771 -0.77 -0.807 -0.876 -0.957 -1.038 -1.1 -1.139 -1.164 -1.182 -1.199 -1.221 -1.248 -1.282 -1.322 -1.363 -1.4 -1.427 -1.441 -1.44 -1.428 -1.407 -1.386 -1.374
-9 -9 -9 -9 -9 -9 -9 -9 -9 -9 -9 -9 -9 -9 -9 -9 -9 -9 -9 -9 -9 -9 -9 -9 -9 -9 -9 -9 -9 -9 -9 -9 -0.834 -0.888 -0.933 -0.964 -0.956 -0.927 -0.887 -0.838 -0.784 -0.733 -0.692 -0.671 -0.67 -0.694 -0.73 -0.77 -0.803 -0.823 -0.833 -0.838 -0.85 -0.877 -0.932 -1.01 -1.092 -1.162 -1.216 -1.25 -1.273 -1.287 -1.301 -1.317 -1.337 -1.362 -1.39 -1.418 -1.44 -1.453 -1.453 -1.441 -1.413 -1.376 -1.356 -1.353
-9 -9 -9 -9 -9 -9 -9 -9 -9 -9 -9 -9 -9 -9 -9 -9 -9 -9 -9 -9 -9 -9 -9 -9 -9 -9 -9 -9 -9 -9 -9 -0.837 -0.9 -0.952 -0.99 -0.995 -0.964 -0.925 -0.877 -0.825 -0.77 -0.722 -0.685 -0.667 -0.668 -0.69 -0.721 -0.755 -0.789 -0.821 -0.859 -0.903 -0.952 -1.007 -1.075 -1.149 -1.214 -1.267 -1.308 -1.334 -1.352 -1.364 -1.374 -1.387 -1.401 -1.419 -1.438 -1.454 -1.465 -1.465 -1.453 -1.424 -1.376 -1.346 -1.33 -1.324
-9 -9 -9 -9 -9 -9 -9 -9 -9 -9 -9 -9 -9 -9 -9 -9 -9 -9 -9 -9 -9 -9 -9 -9 -9 -9 -9 -9 -9 -0.731 -0.818 -0.897 -0.962 -1.012 -1.034 -1.014 -0.974 -0.927 -0.877 -0.825 -0.774 -0.729 -0.694 -0.674 -0.67 -0.682 -0.704 -0.731 -0.768 -0.822 -0.894 -0.977 -1.056 -1.133 -1.203 -1.263 -1.312 -1.349 -1.377 -1.395 -1.409 -1.418 -1.424 -1.431 -1.44 -1.452 -1.464 -1.472 -1.473 -1.461 -1.433 -1.385 -1.339 -1.314 -1.299 -1.301
-9 -9 -9 -9 -9 -9 -9 -9 -9 -9 -9 -9 -9 -9 -9 -9 -9 -9 -9 -9 -9 -9 -9 -9 -9 -9 -9 -9 -0.67 -0.751 -0.849 -0.945 -1.017 -1.059 -1.059 -1.032 -0.986 -0.936 -0.888 -0.841 -0.798 -0.757 -0.721 -0.695 -0.679 -0.677 -0.685 -0.706 -0.751 -0.829 -0.933 -1.048 -1.152 -1.236 -1.297 -1.345 -1.381 -1.406 -1.424 -1.436 -1.445 -1.45 -1.452 -1.453 -1.455 -1.461 -1.468 -1.472 -1.463 -1.436 -1.385 -1.335 -1.298 -1.276 -1.269 -1.269
-9 -9 -9 -9 -9 -9 -9 -9 -9 -9 -9 -9 -9 -9 -9 -9 -9 -9 -9 -9 -9 -9 -9 -9 -9 -9 -0.549 -0.6 -0.672 -0.767 -0.877 -0.981 -1.059 -1.087 -1.082 -1.051 -1.002 -0.951 -0.908 -0.871 -0.838 -0.804 -0.768 -0.733 -0.702 -0.681 -0.675 -0.694 -0.75 -0.848 -0.98 -1.117 -1.231 -1.31 -1.361 -1.399 -1.423 -1.44 -1.453 -1.461 -1.466 -1.467 -1.462 -1.454 -1.45 -1.452 -1.458 -1.455 -1.433 -1.387 -1.33 -1.284 -1.251 -1.234 -1.239 -1.23
-9 -9 -9 -9 -9 -9 -9 -9 -9 -9 -9 -9 -9 -9 -9 -9 -9 -9 -9 -9 -9 -9 -9 -9 -9 -0.497 -0.533 -0.592 -0.677 -0.786 -0.903 -1.011 -1.086 -1.109 -1.103 -1.071 -1.022 -0.974 -0.935 -0.909 -0.89 -0.866 -0.833 -0.788 -0.74 -0.702 -0.687 -0.71 -0.778 -0.895 -1.043 -1.186 -1.293 -1.362 -1.404 -1.431 -1.446 -1.459 -1.469 -1.473 -1.475 -1.471 -1.457 -1.44 -1.435 -1.437 -1.437 -1.423 -1.389 -1.335 -1.278 -1.231 -1.2 -1.203 -1.205 -1.201
-9 -9 -9 -9 -9 -9 -9 -9 -9 -9 -9 -9 -9 -9 -9 -9 -9 -9 -9 -9 -9 -9 -9 -0.455 -0.464 -0.483 -0.524 -0.593 -0.689 -0.806 -0.932 -1.038 -1.099 -1.122 -1.117 -1.087 -1.042 -0.995 -0.962 -0.948 -0.946 -0.937 -0.909 -0.859 -0.799 -0.751 -0.732 -0.76 -0.838 -0.968 -1.115 -1.246 -1.342 -1.4 -1.433 -1.45 -1.459 -1.469 -1.476 -1.478 -1.476 -1.465 -1.443 -1.423 -1.418 -1.415 -1.408 -1.383 -1.342 -1.284 -1.225 -1.179 -1.162 -1.174 -1.176 -1.187
-9 -9 -9 -9 -9 -9 -9 -9 -9 -9 -9 -9 -9 -9 -9 -9 -9 -9 -9 -9 -9 -9 -0.439 -0.445 -0.454 -0.477 -0.524 -0.602 -0.705 -0.831 -0.953 -1.042 -1.096 -1.123 -1.12 -1.093 -1.049 -1.004 -0.977 -0.977 -0.994 -1.002 -0.989 -0.944 -0.884 -0.829 -0.808 -0.841 -0.929 -1.059 -1.189 -1.302 -1.38 -1.427 -1.451 -1.463 -1.469 -1.474 -1.476 -1.475 -1.468 -1.451 -1.426 -1.408 -1.395 -1.389 -1.38 -1.343 -1.292 -1.228 -1.171 -1.135 -1.131 -1.145 -1.16 -1.194
-9 -9 -9 -9 -9 -9 -9 -9 -9 -9 -9 -9 -9 -9 -9 -9 -9 -9 -9 -9 -9 -0.417 -0.428 -0.436 -0.449 -0.48 -0.535 -0.619 -0.723 -0.839 -0.95 -1.033 -1.088 -1.111 -1.109 -1.078 -1.035 -0.994 -0.973 -0.987 -1.028 -1.058 -1.065 -1.033 -0.982 -0.933 -0.917 -0.953 -1.042 -1.153 -1.261 -1.35 -1.411 -1.445 -1.463 -1.471 -1.473 -1.472 -1.467 -1.46 -1.448 -1.429 -1.406 -1.386 -1.376 -1.376 -1.353 -1.307 -1.244 -1.177 -1.124 -1.098 -1.103 -1.128 -1.163 -1.209
-9 -9 -9 -9 -9 -9 -9 -9 -9 -9 -9 -9 -9 -9 -9 -9 -9 -9 -9 -9 -0.38 -0.402 -0.416 -0.429 -0.452 -0.493 -0.557 -0.643 -0.744 -0.851 -0.947 -1.018 -1.063 -1.083 -1.076 -1.048 -1.006 -0.969 -0.956 -0.986 -1.047 -1.101 -1.128 -1.114 -1.081 -1.047 -1.042 -1.081 -1.154 -1.24 -1.323 -1.389 -1.433 -1.459 -1.471 -1.475 -1.472 -1.462 -1.448 -1.434 -1.418 -1.396 -1.373 -1.36 -1.365 -1.363 -1.324 -1.27 -1.199 -1.133 -1.086 -1.066 -1.078 -1.117 -1.166 -1.196
-9 -9 -9 -9 -9 -9 -9 -9 -9 -9 -9 -9 -9 -9 -9 -9 -9 -9 -9 -0.326 -0.359 -0.384 -0.405 -0.429 -0.464 -0.517 -0.588 -0.674 -0.768 -0.859 -0.934 -0.988 -1.021 -1.036 -1.032 -1.009 -0.973 -0.944 -0.942 -0.987 -1.067 -1.132 -1.176 -1.18 -1.165 -1.154 -1.159 -1.191 -1.246 -1.31 -1.369 -1.416 -1.448 -1.467 -1.476 -1.476 -1.462 -1.443 -1.419 -1.4 -1.378 -1.351 -1.331 -1.329 -1.345 -1.341 -1.298 -1.238 -1.161 -1.094 -1.049 -1.033 -1.058 -1.107 -1.153 -1.189
-9 -9 -9 -9 -9 -9 -9 -9 -9 -9 -9 -9 -9 -9 -9 -9 -9 -9 -0.266 -0.303 -0.338 -0.368 -0.398 -0.434 -0.484 -0.548 -0.625 -0.709 -0.791 -0.857 -0.905 -0.943 -0.966 -0.978 -0.979 -0.965 -0.942 -0.928 -0.94 -0.996 -1.089 -1.164 -1.214 -1.23 -1.227 -1.225 -1.236 -1.264 -1.306 -1.353 -1.396 -1.43 -1.455 -1.471 -1.478 -1.472 -1.447 -1.418 -1.386 -1.36 -1.327 -1.296 -1.282 -1.293 -1.316 -1.314 -1.273 -1.205 -1.123 -1.056 -1.012 -1.014 -1.041 -1.086 -1.15 -1.2
-9 -9 -9 -9 -9 -9 -9 -9 -9 -9 -9 -9 -9 -9 -9 -9 -9 -0.214 -0.247 -0.284 -0.321 -0.358 -0.397 -0.444 -0.505 -0.58 -0.661 -0.733 -0.794 -0.837 -0.868 -0.89 -0.906 -0.919 -0.928 -0.927 -0.92 -0.921 -0.946 -1.012 -1.106 -1.182 -1.232 -1.25 -1.253 -1.258 -1.276 -1.304 -1.339 -1.375 -1.406 -1.434 -1.457 -1.472 -1.477 -1.466 -1.435 -1.394 -1.354 -1.316 -1.272 -1.241 -1.233 -1.254 -1.282 -1.284 -1.245 -1.175 -1.097 -1.025 -0.988 -0.998 -1.02 -1.088 -1.159 -1.218
-9 -9 -9 -9 -9 -9 -9 -9 -9 -9 -9 -9 -9 -9 -9 -9 -0.183 -0.204 -0.236 -0.274 -0.315 -0.358 -0.403 -0.457 -0.523 -0.602 -0.673 -0.731 -0.776 -0.805 -0.823 -0.837 -0.853 -0.873 -0.892 -0.904 -0.911 -0.924 -0.958 -1.025 -1.106 -1.175 -1.223 -1.25 -1.264 -1.276 -1.296 -1.324 -1.354 -1.383 -1.407 -1.432 -1.456 -1.47 -1.473 -1.459 -1.423 -1.371 -1.321 -1.271 -1.221 -1.191 -1.188 -1.216 -1.245 -1.251 -1.213 -1.148 -1.072 -1.006 -0.974 -0.974 -1.017 -1.099 -1.177 -1.239
-9 -9 -9 -9 -9 -9 -9 -9 -9 -9 -9 -9 -9 -9 -9 -0.186 -0.186 -0.204 -0.235 -0.276 -0.32 -0.366 -0.414 -0.469 -0.532 -0.601 -0.663 -0.711 -0.742 -0.761 -0.774 -0.791 -0.815 -0.844 -0.875 -0.899 -0.916 -0.938 -0.972 -1.027 -1.094 -1.157 -1.207 -1.238 -1.261 -1.282 -1.305 -1.333 -1.359 -1.384 -1.406 -1.431 -1.454 -1.468 -1.467 -1.447 -1.404 -1.344 -1.287 -1.228 -1.175 -1.147 -1.151 -1.183 -1.206 -1.215 -1.175 -1.113 -1.041 -0.981 -0.952 -0.968 -1.03 -1.1 -1.179 -1.227
-9 -9 -9 -9 -9 -9 -9 -9 -9 -9 -9 -9 -9 -0.261 -0.229 -0.208 -0.205 -0.219 -0.249 -0.289 -0.332 -0.377 -0.423 -0.474 -0.53 -0.589 -0.641 -0.678 -0.7 -0.714 -0.731 -0.756 -0.792 -0.835 -0.877 -0.91 -0.933 -0.956 -0.982 -1.029 -1.086 -1.14 -1.186 -1.222 -1.253 -1.282 -1.308 -1.335 -1.36 -1.384 -1.406 -1.431 -1.452 -1.463 -1.459 -1.429 -1.378 -1.313 -1.25 -1.185 -1.136 -1.111 -1.123 -1.15 -1.168 -1.173 -1.134 -1.072 -1.005 -0.959 -0.943 -0.972 -1.037 -1.098 -1.172 -1.189
-9 -9 -9 -9 -9 -9 -9 -9 -9 -9 -9 -9 -0.338 -0.303 -0.271 -0.25 -0.244 -0.254 -0.279 -0.31 -0.347 -0.385 -0.426 -0.47 -0.518 -0.567 -0.61 -0.64 -0.659 -0.676 -0.7 -0.737 -0.787 -0.842 -0.892 -0.931 -0.955 -0.976 -0.999 -1.036 -1.082 -1.128 -1.171 -1.211 -1.248 -1.281 -1.31 -1.337 -1.36 -1.384 -1.406 -1.429 -1.448 -1.455 -1.444 -1.408 -1.35 -1.28 -1.213 -1.148 -1.103 -1.084 -1.098 -1.116 -1.129 -1.129 -1.092 -1.033 -0.971 -0.942 -0.942 -0.986 -1.048 -1.114 -1.149 -1.123
-9 -9 -9 -9 -9 -9 -9 -9 -9 -9 -9 -0.408 -0.381 -0.349 -0.321 -0.301 -0.295 -0.3 -0.314 -0.336 -0.362 -0.39 -0.422 -0.457 -0.497 -0.539 -0.577 -0.606 -0.628 -0.653 -0.687 -0.737 -0.798 -0.861 -0.914 -0.955 -0.975 -0.993 -1.014 -1.046 -1.086 -1.126 -1.168 -1.211 -1.251 -1.285 -1.314 -1.341 -1.363 -1.384 -1.405 -1.426 -1.442 -1.444 -1.422 -1.381 -1.318 -1.245 -1.178 -1.116 -1.078 -1.065 -1.07 -1.081 -1.091 -1.08 -1.048 -0.999 -0.947 -0.927 -0.944 -1.01 -1.078 -1.114 -1.095 -1.053
-9 -9 -9 -9 -9 -9 -9 -9 -9 -9 -0.44 -0.434 -0.413 -0.39 -0.368 -0.351 -0.347 -0.345 -0.346 -0.356 -0.371 -0.389 -0.413 -0.441 -0.474 -0.51 -0.546 -0.578 -0.609 -0.645 -0.692 -0.753 -0.821 -0.885 -0.94 -0.972 -0.98 -0.997 -1.021 -1.054 -1.092 -1.133 -1.176 -1.219 -1.259 -1.293 -1.322 -1.347 -1.365 -1.385 -1.403 -1.42 -1.432 -1.428 -1.396 -1.349 -1.284 -1.211 -1.144 -1.089 -1.057 -1.045 -1.041 -1.047 -1.05 -1.03 -1.001 -0.963 -0.928 -0.921 -0.964 -1.04 -1.079 -1.077 -1.048 -0.996
-9 -9 -9 -9 -9 -9 -9 -9 -9 -9 -0.433 -0.441 -0.431 -0.418 -0.404 -0.393 -0.382 -0.372 -0.366 -0.366 -0.373 -0.386 -0.404 -0.427 -0.454 -0.486 -0.523 -0.561 -0.604 -0.654 -0.716 -0.786 -0.855 -0.917 -0.954 -0.961 -0.963 -0.981 -1.013 -1.055 -1.102 -1.148 -1.193 -1.235 -1.273 -1.306 -1.333 -1.353 -1.368 -1.384 -1.4 -1.412 -1.421 -1.41 -1.368 -1.316 -1.249 -1.179 -1.117 -1.068 -1.039 -1.022 -1.011 -1.011 -1.003 -0.977 -0.95 -0.922 -0.909 -0.924 -0.977 -1.043 -1.057 -1.046 -1.019 -0.951
-9 -9 -9 -9 -9 -9 -9 -9 -9 -0.392 -0.418 -0.429 -0.433 -0.431 -0.423 -0.413 -0.402 -0.389 -0.378 -0.372 -0.375 -0.385 -0.399 -0.417 -0.44 -0.471 -0.511 -0.558 -0.613 -0.679 -0.752 -0.827 -0.896 -0.935 -0.935 -0.927 -0.925 -0.947 -0.991 -1.052 -1.113 -1.168 -1.214 -1.255 -1.291 -1.32 -1.34 -1.356 -1.365 -1.377 -1.392 -1.405 -1.41 -1.386 -1.338 -1.281 -1.213 -1.147 -1.092 -1.049 -1.02 -0.995 -0.977 -0.968 -0.95 -0.922 -0.894 -0.875 -0.885 -0.915 -0.972 -1.03 -1.053 -1.041 -1.003 -0.921
-9 -9 -9 -9 -9 -9 -9 -9 -0.343 -0.383 -0.405 -0.413 -0.417 -0.422 -0.418 -0.413 -0.406 -0.396 -0.387 -0.382 -0.384 -0.391 -0.401 -0.416 -0.436 -0.468 -0.513 -0.57 -0.638 -0.714 -0.795 -0.872 -0.916 -0.918 -0.903 -0.879 -0.87 -0.901 -0.964 -1.045 -1.124 -1.187 -1.235 -1.275 -1.306 -1.328 -1.343 -1.355 -1.356 -1.363 -1.377 -1.394 -1.395 -1.361 -1.31 -1.245 -1.176 -1.114 -1.064 -1.024 -0.991 -0.96 -0.938 -0.916 -0.893 -0.858 -0.83 -0.821 -0.845 -0.888 -0.941 -0.995 -1.037 -1.04 -0.99 -0.899
