data/climatemaps/RS_maps/climate_breeding_tmp_1999.asc
NCOLS 369 
NROWS 228 
XLLCORNER 479000 
YLLCORNER 73000 
CELLSIZE 1000 
NODATA_value -9 
[rows 34 to 67 of 228, columns 76 to 151 of 369]
0.941 0.966 0.912 0.853 0.89 0.959 0.942 0.935 0.917 0.896 0.874 0.868 0.874 0.863 0.857 0.859 0.859 0.847 0.856 0.844 0.831 0.83 0.833 0.852 0.857 0.819 0.827 0.825 0.804 0.802 0.81 0.812 0.813 0.832 0.869 0.876 0.839 0.818 0.804 0.8 0.785 0.781 0.783 0.776 0.763 0.793 0.853 0.878 0.889 0.916 0.937 0.95 0.984 1.002 1.004 1.011 1.016 1.025 1.038 1.03 1.028 1.029 0.987 0.977 0.945 0.952 1.004 1.033 1.033 1.034 1.032 1.015 0.999 1.004 1.002 0.987
0.955 0.969 0.914 0.898 0.922 0.962 0.927 0.927 0.938 0.929 0.907 0.888 0.873 0.858 0.858 0.854 0.85 0.84 0.848 0.839 0.839 0.829 0.82 0.83 0.843 0.833 0.822 0.819 0.809 0.799 0.796 0.809 0.804 0.822 0.815 0.836 0.863 0.823 0.785 0.788 0.788 0.785 0.759 0.755 0.744 0.8 0.836 0.863 0.882 0.9 0.907 0.929 0.939 0.961 0.973 0.988 0.985 1.006 1.034 1.02 1.013 1.037 1.043 1.042 1.039 1.043 1.028 1.022 1.001 0.968 0.941 0.921 0.953 0.943 0.922 0.869
0.971 0.969 0.924 0.945 0.959 0.954 0.911 0.882 0.899 0.915 0.917 0.919 0.889 0.865 0.864 0.858 0.85 0.84 0.843 0.826 0.832 0.826 0.813 0.806 0.82 0.841 0.83 0.814 0.814 0.799 0.792 0.801 0.792 0.801 0.782 0.792 0.841 0.86 0.794 0.76 0.745 0.757 0.735 0.728 0.721 0.763 0.81 0.861 0.889 0.874 0.885 0.905 0.911 0.926 0.952 0.948 0.937 0.99 1.031 1.006 1.013 1.022 1.039 1.039 1.039 1.041 1.012 0.985 0.934 0.894 0.855 0.853 0.945 0.922 0.884 0.798
0.983 0.977 0.967 0.959 0.932 0.931 0.894 0.864 0.876 0.883 0.876 0.921 0.908 0.89 0.887 0.871 0.858 0.852 0.843 0.833 0.834 0.821 0.803 0.792 0.811 0.826 0.826 0.814 0.801 0.795 0.792 0.79 0.785 0.771 0.772 0.774 0.806 0.863 0.838 0.784 0.751 0.729 0.715 0.708 0.702 0.736 0.823 0.878 0.855 0.845 0.898 0.861 0.891 0.922 0.96 0.927 0.926 0.993 1.019 0.957 0.986 0.956 1.006 1.016 1.015 1.006 0.984 0.935 0.926 0.88 0.867 0.847 0.889 0.92 0.836 0.836
0.988 0.979 0.934 0.883 0.88 0.911 0.922 0.88 0.872 0.848 0.86 0.903 0.889 0.862 0.865 0.852 0.851 0.853 0.824 0.839 0.825 0.813 0.791 0.804 0.813 0.81 0.816 0.799 0.794 0.788 0.785 0.777 0.776 0.756 0.758 0.759 0.773 0.847 0.865 0.846 0.813 0.775 0.752 0.709 0.685 0.721 0.786 0.832 0.831 0.855 0.892 0.867 0.894 0.954 0.95 0.905 0.936 1.001 0.997 0.882 0.897 0.894 0.864 0.923 0.923 0.963 0.974 0.828 0.908 0.916 0.852 0.779 0.839 0.888 0.796 0.719
0.946 0.949 0.905 0.874 0.874 0.904 0.882 0.921 0.9 0.853 0.866 0.893 0.904 0.85 0.796 0.753 0.772 0.834 0.806 0.807 0.804 0.748 0.75 0.779 0.793 0.791 0.806 0.78 0.793 0.776 0.769 0.748 0.717 0.693 0.73 0.754 0.765 0.833 0.844 0.855 0.854 0.841 0.811 0.747 0.727 0.775 0.808 0.869 0.903 0.927 0.941 0.945 0.96 0.986 0.933 0.878 0.956 1.011 0.971 0.756 0.723 0.752 0.672 0.788 0.839 0.936 0.977 0.796 0.77 0.867 0.691 0.66 0.814 0.787 0.786 0.674
0.967 0.915 0.887 0.87 0.87 0.867 0.829 0.904 0.863 0.824 0.882 0.879 0.899 0.821 0.752 0.778 0.826 0.846 0.777 0.71 0.718 0.778 0.751 0.746 0.757 0.743 0.788 0.767 0.789 0.761 0.746 0.624 0.569 0.533 0.595 0.684 0.655 0.681 0.673 0.734 0.801 0.848 0.84 0.809 0.774 0.827 0.886 0.915 0.916 0.915 0.918 0.938 0.959 0.975 0.941 0.927 0.982 1.01 0.963 0.771 0.676 0.594 0.56 0.726 0.831 0.885 0.981 0.84 0.672 0.804 0.673 0.725 0.724 0.746 0.768 0.617
0.981 0.934 0.884 0.862 0.863 0.824 0.798 0.855 0.789 0.803 0.843 0.848 0.854 0.846 0.84 0.819 0.831 0.809 0.828 0.822 0.812 0.8 0.805 0.768 0.749 0.737 0.769 0.778 0.769 0.762 0.702 0.621 0.604 0.603 0.582 0.596 0.577 0.615 0.615 0.7 0.811 0.839 0.843 0.824 0.845 0.888 0.905 0.839 0.758 0.812 0.857 0.932 0.958 0.954 0.941 0.963 0.993 1.002 0.937 0.783 0.676 0.534 0.623 0.677 0.716 0.832 0.958 0.929 0.756 0.742 0.697 0.632 0.605 0.658 0.671 0.706
0.972 0.932 0.896 0.893 0.868 0.791 0.727 0.766 0.724 0.77 0.777 0.781 0.747 0.76 0.846 0.801 0.802 0.807 0.798 0.822 0.807 0.78 0.796 0.799 0.769 0.746 0.764 0.778 0.743 0.709 0.59 0.659 0.638 0.625 0.652 0.655 0.691 0.704 0.728 0.753 0.806 0.829 0.823 0.826 0.868 0.886 0.793 0.656 0.687 0.757 0.737 0.785 0.863 0.923 0.939 0.962 0.993 1.004 0.92 0.759 0.517 0.433 0.536 0.667 0.758 0.793 0.889 0.954 0.947 0.853 0.802 0.752 0.78 0.652 0.535 0.727
0.963 0.933 0.886 0.89 0.84 0.745 0.667 0.686 0.675 0.728 0.711 0.71 0.707 0.758 0.791 0.839 0.766 0.748 0.776 0.809 0.801 0.776 0.787 0.808 0.787 0.766 0.754 0.781 0.716 0.598 0.561 0.629 0.635 0.633 0.672 0.68 0.656 0.69 0.735 0.775 0.805 0.822 0.815 0.815 0.843 0.832 0.716 0.687 0.663 0.649 0.655 0.659 0.672 0.737 0.852 0.928 0.974 0.981 0.847 0.673 0.509 0.464 0.453 0.646 0.802 0.843 0.818 0.934 0.892 0.927 0.909 0.902 0.898 0.819 0.736 0.804
0.938 0.925 0.91 0.882 0.812 0.701 0.646 0.645 0.631 0.664 0.648 0.679 0.702 0.703 0.736 0.836 0.75 0.716 0.724 0.807 0.773 0.767 0.793 0.808 0.776 0.777 0.769 0.753 0.625 0.614 0.576 0.587 0.553 0.503 0.567 0.547 0.525 0.562 0.639 0.7 0.743 0.767 0.77 0.737 0.716 0.702 0.604 0.525 0.472 0.423 0.421 0.452 0.547 0.604 0.713 0.813 0.909 0.922 0.742 0.574 0.526 0.457 0.539 0.703 0.821 0.774 0.814 0.926 0.809 0.8 0.756 0.793 0.893 0.868 0.887 0.823
0.883 0.849 0.887 0.852 0.737 0.65 0.617 0.627 0.62 0.62 0.622 0.681 0.676 0.642 0.717 0.815 0.791 0.702 0.713 0.794 0.742 0.754 0.769 0.782 0.751 0.75 0.764 0.706 0.659 0.591 0.505 0.456 0.436 0.413 0.452 0.423 0.458 0.494 0.571 0.615 0.617 0.647 0.649 0.537 0.518 0.475 0.42 0.407 0.52 0.521 0.596 0.684 0.778 0.765 0.649 0.656 0.848 0.922 0.654 0.536 0.514 0.543 0.722 0.779 0.8 0.783 0.821 0.91 0.852 0.76 0.682 0.688 0.849 0.734 0.815 0.73
0.819 0.799 0.86 0.841 0.713 0.633 0.626 0.617 0.631 0.613 0.631 0.678 0.644 0.625 0.69 0.767 0.801 0.714 0.72 0.764 0.727 0.729 0.723 0.738 0.699 0.708 0.703 0.621 0.586 0.48 0.462 0.463 0.463 0.5 0.54 0.533 0.592 0.611 0.611 0.602 0.587 0.549 0.493 0.395 0.404 0.472 0.532 0.579 0.662 0.716 0.745 0.817 0.884 0.871 0.818 0.775 0.871 0.848 0.626 0.561 0.529 0.6 0.724 0.786 0.765 0.767 0.789 0.848 0.812 0.807 0.703 0.666 0.786 0.712 0.691 0.762
0.792 0.79 0.85 0.823 0.694 0.65 0.647 0.62 0.64 0.622 0.641 0.668 0.619 0.623 0.673 0.726 0.781 0.786 0.757 0.745 0.743 0.757 0.762 0.769 0.73 0.711 0.649 0.568 0.505 0.46 0.469 0.498 0.529 0.521 0.574 0.578 0.642 0.648 0.64 0.643 0.633 0.597 0.555 0.562 0.593 0.638 0.696 0.723 0.741 0.798 0.842 0.913 0.914 0.849 0.839 0.796 0.706 0.671 0.626 0.595 0.609 0.613 0.623 0.677 0.754 0.771 0.804 0.768 0.739 0.767 0.762 0.651 0.759 0.742 0.635 0.735
0.747 0.749 0.826 0.816 0.678 0.682 0.669 0.633 0.655 0.646 0.655 0.634 0.62 0.659 0.694 0.717 0.753 0.815 0.802 0.778 0.787 0.799 0.783 0.777 0.758 0.735 0.702 0.66 0.561 0.492 0.504 0.469 0.472 0.437 0.509 0.448 0.545 0.576 0.511 0.519 0.55 0.661 0.707 0.719 0.671 0.696 0.735 0.788 0.826 0.88 0.918 0.885 0.894 0.847 0.812 0.702 0.553 0.501 0.499 0.554 0.578 0.57 0.526 0.574 0.753 0.695 0.72 0.701 0.685 0.752 0.772 0.657 0.758 0.737 0.651 0.724
0.697 0.746 0.788 0.82 0.705 0.724 0.67 0.646 0.663 0.667 0.659 0.651 0.68 0.708 0.744 0.79 0.813 0.826 0.784 0.777 0.772 0.794 0.772 0.756 0.743 0.734 0.71 0.65 0.526 0.455 0.487 0.379 0.363 0.347 0.429 0.4 0.441 0.499 0.412 0.459 0.51 0.573 0.614 0.621 0.582 0.621 0.689 0.717 0.824 0.913 0.915 0.873 0.903 0.84 0.774 0.685 0.612 0.479 0.395 0.396 0.5 0.544 0.529 0.613 0.694 0.569 0.646 0.612 0.7 0.759 0.76 0.716 0.74 0.75 0.674 0.739
0.71 0.756 0.756 0.838 0.771 0.724 0.661 0.673 0.676 0.677 0.698 0.707 0.729 0.742 0.779 0.822 0.808 0.794 0.769 0.778 0.765 0.76 0.743 0.731 0.673 0.61 0.553 0.586 0.393 0.413 0.472 0.414 0.386 0.322 0.362 0.445 0.439 0.455 0.452 0.565 0.627 0.533 0.577 0.64 0.678 0.754 0.764 0.709 0.82 0.835 0.889 0.874 0.888 0.843 0.74 0.667 0.604 0.531 0.472 0.375 0.451 0.512 0.491 0.64 0.604 0.537 0.552 0.571 0.736 0.673 0.716 0.715 0.717 0.641 0.542 0.692
0.705 0.744 0.798 0.769 0.777 0.682 0.661 0.699 0.696 0.718 0.735 0.749 0.775 0.769 0.741 0.77 0.773 0.778 0.739 0.727 0.736 0.733 0.69 0.594 0.581 0.549 0.475 0.505 0.295 0.356 0.404 0.372 0.323 0.324 0.393 0.486 0.523 0.547 0.58 0.704 0.752 0.739 0.743 0.795 0.809 0.739 0.7 0.752 0.742 0.699 0.833 0.841 0.877 0.82 0.739 0.632 0.593 0.534 0.527 0.481 0.507 0.499 0.56 0.656 0.63 0.479 0.504 0.595 0.708 0.541 0.624 0.524 0.564 0.605 0.481 0.563
0.724 0.783 0.733 0.699 0.685 0.649 0.679 0.691 0.72 0.732 0.734 0.72 0.693 0.667 0.704 0.727 0.714 0.705 0.681 0.661 0.64 0.581 0.57 0.55 0.424 0.326 0.322 0.397 0.276 0.203 0.288 0.273 0.27 0.298 0.332 0.294 0.339 0.478 0.686 0.81 0.773 0.744 0.652 0.685 0.612 0.562 0.618 0.764 0.7 0.598 0.688 0.684 0.807 0.68 0.562 0.497 0.577 0.559 0.461 0.361 0.312 0.311 0.498 0.533 0.594 0.444 0.419 0.519 0.658 0.56 0.488 0.407 0.613 0.619 0.423 0.452
0.712 0.686 0.612 0.546 0.558 0.591 0.616 0.641 0.601 0.624 0.601 0.535 0.508 0.529 0.515 0.473 0.496 0.48 0.484 0.478 0.402 0.306 0.407 0.394 0.369 0.43 0.444 0.355 0.364 0.372 0.398 0.304 0.287 0.303 0.329 0.392 0.508 0.593 0.699 0.721 0.572 0.517 0.462 0.474 0.397 0.329 0.501 0.715 0.677 0.624 0.566 0.579 0.772 0.638 0.494 0.352 0.413 0.359 0.301 0.292 0.152 0.136 0.239 0.21 0.336 0.159 0.194 0.508 0.58 0.387 0.283 0.273 0.505 0.517 0.475 0.313
0.611 0.584 0.573 0.592 0.623 0.648 0.633 0.526 0.412 0.423 0.359 0.387 0.277 0.31 0.298 0.322 0.292 0.302 0.326 0.365 0.407 0.442 0.462 0.623 0.603 0.627 0.497 0.346 0.418 0.608 0.61 0.481 0.484 0.555 0.61 0.7 0.757 0.789 0.846 0.848 0.806 0.75 0.67 0.538 0.452 0.301 0.321 0.428 0.443 0.37 0.329 0.46 0.762 0.596 0.425 0.498 0.427 0.246 0.309 0.362 0.277 0.211 0.068 -0.027 0.148 0.065 0.105 0.282 0.46 0.279 0.268 0.203 0.254 0.396 0.366 0.421
0.432 0.425 0.461 0.532 0.583 0.603 0.534 0.409 0.324 0.328 0.36 0.39 0.388 0.367 0.423 0.541 0.476 0.499 0.562 0.599 0.689 0.69 0.709 0.756 0.745 0.458 0.24 0.338 0.607 0.668 0.685 0.645 0.682 0.718 0.758 0.818 0.84 0.859 0.872 0.873 0.867 0.845 0.802 0.696 0.713 0.606 0.644 0.678 0.647 0.644 0.62 0.418 0.422 0.525 0.626 0.625 0.536 0.447 0.46 0.399 0.295 0.143 0.023 0.132 0.357 0.337 0.176 0.137 0.386 0.392 0.367 0.231 0.109 0.259 0.35 0.378
0.481 0.45 0.531 0.651 0.748 0.73 0.704 0.515 0.548 0.537 0.681 0.713 0.589 0.607 0.684 0.751 0.677 0.743 0.711 0.673 0.535 0.529 0.584 0.609 0.708 0.558 0.341 0.583 0.713 0.664 0.732 0.721 0.694 0.756 0.724 0.788 0.862 0.86 0.839 0.867 0.858 0.85 0.822 0.772 0.737 0.7 0.718 0.729 0.695 0.659 0.517 0.316 0.207 0.374 0.398 0.392 0.325 0.459 0.402 0.303 0.347 0.378 0.409 0.464 0.52 0.455 0.325 0.181 0.278 0.418 0.37 0.274 0.198 0.369 0.534 0.548
0.529 0.601 0.72 0.73 0.736 0.759 0.816 0.705 0.707 0.707 0.789 0.765 0.712 0.702 0.668 0.745 0.669 0.595 0.548 0.402 0.332 0.467 0.496 0.72 0.556 0.459 0.553 0.726 0.752 0.732 0.767 0.787 0.76 0.738 0.731 0.818 0.843 0.82 0.742 0.842 0.846 0.813 0.762 0.744 0.772 0.727 0.686 0.691 0.674 0.658 0.462 0.257 0.19 0.211 0.17 0.021 0.115 0.25 0.28 0.323 0.39 0.456 0.497 0.523 0.589 0.598 0.419 0.224 0.247 0.42 0.381 0.311 0.377 0.461 0.627 0.752
0.621 0.777 0.798 0.553 0.525 0.531 0.659 0.616 0.546 0.597 0.674 0.549 0.504 0.442 0.386 0.474 0.365 0.34 0.304 0.34 0.479 0.616 0.626 0.603 0.381 0.442 0.66 0.737 0.769 0.773 0.762 0.784 0.787 0.777 0.791 0.795 0.788 0.759 0.696 0.788 0.776 0.638 0.555 0.559 0.616 0.627 0.543 0.568 0.549 0.531 0.415 0.351 0.279 0.297 0.192 0.008 0.11 0.153 0.108 0.105 0.199 0.243 0.324 0.37 0.464 0.61 0.406 0.372 0.399 0.456 0.4 0.416 0.487 0.639 0.784 0.868
0.79 0.814 0.654 0.429 0.421 0.423 0.384 0.348 0.359 0.444 0.482 0.362 0.333 0.346 0.407 0.331 0.385 0.434 0.488 0.588 0.608 0.546 0.439 0.353 0.438 0.496 0.551 0.597 0.707 0.635 0.595 0.603 0.63 0.634 0.65 0.675 0.669 0.645 0.606 0.621 0.711 0.461 0.504 0.506 0.455 0.555 0.566 0.575 0.496 0.374 0.244 0.114 0.126 0.148 0.026 -0.052 0.062 0.078 0.166 0.269 0.437 0.403 0.401 0.505 0.534 0.689 0.572 0.481 0.442 0.468 0.549 0.692 0.774 0.865 0.899 0.903
0.687 0.657 0.489 0.4 0.416 0.41 0.355 0.363 0.42 0.428 0.535 0.477 0.336 0.447 0.635 0.528 0.613 0.616 0.602 0.594 0.448 0.26 0.242 0.374 0.442 0.35 0.26 0.422 0.602 0.362 0.347 0.392 0.368 0.324 0.357 0.392 0.376 0.407 0.28 0.394 0.578 0.553 0.444 0.322 0.259 0.296 0.378 0.384 0.443 0.355 0.141 0.044 0.106 0.044 -0.052 -0.006 0.238 0.372 0.511 0.594 0.721 0.692 0.659 0.719 0.749 0.682 0.531 0.316 0.455 0.657 0.814 0.877 0.896 0.906 0.903 0.894
0.523 0.525 0.477 0.444 0.438 0.388 0.341 0.347 0.389 0.429 0.551 0.649 0.56 0.623 0.643 0.676 0.68 0.42 0.3 0.237 0.216 0.234 0.323 0.333 0.311 0.309 0.344 0.498 0.626 0.443 0.441 0.512 0.427 0.316 0.288 0.241 0.166 0.158 0.081 0.315 0.511 0.58 0.221 -0.055 -0.125 -0.062 0.027 0.067 0.297 0.423 0.211 0.22 0.176 0.037 -0.005 0.211 0.507 0.652 0.714 0.757 0.784 0.767 0.755 0.725 0.75 0.56 0.374 0.389 0.652 0.841 0.89 0.893 0.901 0.906 0.908 0.908
0.414 0.419 0.456 0.427 0.35 0.281 0.285 0.454 0.548 0.569 0.641 0.667 0.587 0.451 0.384 0.36 0.361 0.205 0.175 0.144 0.21 0.284 0.257 0.22 0.251 0.286 0.344 0.424 0.605 0.471 0.474 0.483 0.419 0.417 0.33 0.229 0.063 -0.008 0.083 0.34 0.615 0.359 0.039 -0.076 -0.04 0.003 0.052 0.117 0.247 0.315 0.139 0.141 0.039 0.023 0.081 0.419 0.668 0.729 0.733 0.723 0.693 0.568 0.446 0.409 0.688 0.651 0.588 0.708 0.843 0.891 0.893 0.892 0.88 0.888 0.913 0.911
0.344 0.412 0.428 0.361 0.268 0.309 0.405 0.619 0.528 0.564 0.555 0.475 0.328 0.219 0.196 0.173 0.156 0.196 0.209 0.238 0.194 0.189 0.169 0.13 0.115 0.118 0.139 0.2 0.422 0.278 0.175 0.189 0.125 0.139 0.098 0.082 0.022 0.06 0.206 0.415 0.568 0.351 0.326 0.391 0.433 0.422 0.412 0.362 0.109 0.09 0.16 0.201 0.19 0.264 0.422 0.561 0.526 0.458 0.434 0.371 0.286 0.17 0.155 0.252 0.668 0.818 0.83 0.862 0.89 0.879 0.865 0.864 0.867 0.891 0.909 0.919
0.395 0.422 0.407 0.346 0.311 0.321 0.45 0.671 0.624 0.534 0.407 0.244 0.181 0.153 0.136 0.15 0.192 0.232 0.239 0.215 0.124 0.134 0.141 0.113 0.092 0.146 0.277 0.316 0.352 0.314 0.235 0.228 0.126 0.06 0.119 0.252 0.311 0.414 0.525 0.636 0.674 0.632 0.62 0.614 0.573 0.552 0.459 0.19 0.009 0.268 0.387 0.473 0.448 0.465 0.403 0.212 0.208 0.091 0.083 0.046 0.06 0.23 0.413 0.582 0.811 0.87 0.875 0.878 0.869 0.829 0.874 0.876 0.905 0.909 0.922 0.933
0.376 0.4 0.402 0.383 0.307 0.242 0.261 0.562 0.534 0.285 0.253 0.158 0.164 0.153 0.17 0.181 0.17 0.169 0.173 0.156 0.12 0.102 0.083 0.034 0.038 0.18 0.301 0.266 0.302 0.286 0.155 0.021 0.027 0.022 0.134 0.228 0.366 0.532 0.652 0.687 0.634 0.618 0.576 0.497 0.34 0.343 0.406 0.14 0.301 0.45 0.443 0.359 0.267 0.106 0.043 0.122 0.236 0.177 0.214 0.303 0.421 0.56 0.651 0.785 0.86 0.874 0.877 0.883 0.842 0.844 0.905 0.915 0.927 0.913 0.928 0.897
0.397 0.41 0.409 0.366 0.27 0.199 0.28 0.647 0.639 0.326 0.178 0.089 0.136 0.187 0.156 0.119 0.085 0.106 0.113 0.109 0.061 0.03 0.056 0.093 0.17 0.151 0.058 0.029 0.016 -0.09 -0.163 -0.277 -0.214 -0.068 0.108 0.245 0.328 0.357 0.509 0.277 0.19 0.157 0.163 0.094 0.001 0.03 0.309 0.365 0.326 0.239 0.045 -0.034 0.031 0.217 0.387 0.514 0.516 0.439 0.468 0.547 0.646 0.769 0.816 0.859 0.873 0.874 0.871 0.859 0.836 0.895 0.9 0.929 0.931 0.928 0.92 0.859
0.413 0.418 0.402 0.338 0.242 0.172 0.307 0.669 0.614 0.269 0.195 0.138 0.162 0.16 0.127 0.09 0.095 0.094 0.085 0.077 0.072 0.043 0.046 0.059 0.134 0.196 0.11 0.118 0.111 -0.086 -0.115 -0.023 0.142 0.288 0.29 0.214 0.151 0.298 0.176 -0.079 -0.114 -0.096 -0.05 -0.124 -0.006 0.148 0.187 0.045 -0.119 -0.138 -0.219 -0.2 -0.071 0.372 0.645 0.696 0.685 0.668 0.726 0.773 0.823 0.858 0.855 0.859 0.856 0.867 0.854 0.837 0.856 0.915 0.922 0.893 0.833 0.892 0.897 0.804
