data/climatemaps/RS_maps/climate_winter_tmin_2003.asc
NCOLS 369 
NROWS 228 
XLLCORNER 479000 
YLLCORNER 73000 
CELLSIZE 1000 
NODATA_value -9 
[rows 34 to 67 of 228, columns 154 to 230 of 369]
0.898 0.912 0.933 0.929 0.928 0.925 0.917 0.91 0.906 0.899 0.899 0.899 0.899 0.863 0.792 0.843 0.85 0.807 0.835 0.873 0.831 0.85 0.815 0.823 0.826 0.876 0.945 0.934 0.926 0.911 0.917 0.872 0.825 0.829 0.828 0.834 0.827 0.872 0.839 0.87 0.849 0.864 0.841 0.873 0.911 0.914 0.899 0.908 0.922 0.909 0.896 0.937 0.89 0.803 0.774 0.827 0.836 0.819 0.831 0.888 0.919 0.935 0.934 0.922 0.912 0.895 0.894 0.921 0.942 0.945 0.939 0.95 0.958 0.96 0.945 0.942 0.976
0.868 0.844 0.86 0.889 0.867 0.881 0.893 0.895 0.902 0.871 0.871 0.868 0.882 0.853 0.825 0.811 0.859 0.821 0.836 0.866 0.806 0.811 0.801 0.796 0.838 0.896 0.945 0.937 0.933 0.898 0.908 0.897 0.87 0.869 0.82 0.811 0.816 0.846 0.854 0.837 0.877 0.841 0.799 0.805 0.904 0.915 0.889 0.899 0.918 0.909 0.888 0.884 0.941 0.896 0.837 0.8 0.81 0.848 0.872 0.914 0.928 0.935 0.934 0.927 0.925 0.909 0.909 0.914 0.921 0.921 0.92 0.907 0.918 0.932 0.922 0.924 0.936
0.874 0.861 0.809 0.827 0.852 0.827 0.828 0.845 0.876 0.884 0.841 0.825 0.864 0.844 0.793 0.802 0.849 0.782 0.774 0.838 0.799 0.782 0.763 0.778 0.841 0.918 0.946 0.944 0.922 0.896 0.885 0.886 0.908 0.898 0.86 0.816 0.827 0.833 0.836 0.819 0.809 0.89 0.863 0.863 0.91 0.918 0.892 0.918 0.929 0.918 0.909 0.867 0.915 0.937 0.913 0.896 0.871 0.889 0.926 0.937 0.909 0.931 0.918 0.909 0.907 0.916 0.925 0.927 0.917 0.911 0.896 0.879 0.877 0.89 0.912 0.912 0.927
0.841 0.878 0.846 0.798 0.813 0.821 0.811 0.819 0.836 0.876 0.871 0.841 0.827 0.837 0.745 0.753 0.784 0.779 0.77 0.81 0.811 0.795 0.829 0.844 0.834 0.919 0.951 0.934 0.862 0.857 0.842 0.831 0.872 0.9 0.901 0.87 0.875 0.843 0.81 0.805 0.798 0.841 0.875 0.863 0.905 0.922 0.909 0.93 0.931 0.932 0.92 0.878 0.869 0.931 0.917 0.895 0.921 0.933 0.939 0.934 0.922 0.934 0.904 0.914 0.892 0.888 0.925 0.928 0.917 0.906 0.878 0.874 0.867 0.884 0.884 0.881 0.927
0.802 0.803 0.825 0.832 0.799 0.799 0.813 0.795 0.811 0.853 0.886 0.846 0.759 0.782 0.761 0.759 0.795 0.783 0.755 0.805 0.838 0.862 0.871 0.903 0.919 0.939 0.941 0.909 0.856 0.842 0.826 0.809 0.825 0.878 0.906 0.895 0.894 0.88 0.826 0.818 0.8 0.825 0.862 0.875 0.898 0.931 0.913 0.936 0.929 0.932 0.918 0.869 0.845 0.92 0.916 0.851 0.865 0.887 0.889 0.905 0.931 0.931 0.913 0.926 0.914 0.894 0.927 0.927 0.918 0.906 0.893 0.899 0.906 0.909 0.879 0.904 0.938
0.803 0.766 0.796 0.843 0.818 0.784 0.761 0.767 0.827 0.866 0.878 0.877 0.86 0.841 0.811 0.816 0.833 0.79 0.769 0.764 0.814 0.813 0.857 0.906 0.922 0.896 0.932 0.951 0.925 0.877 0.845 0.82 0.808 0.876 0.897 0.904 0.871 0.883 0.893 0.889 0.871 0.863 0.887 0.894 0.912 0.936 0.933 0.936 0.927 0.929 0.921 0.869 0.842 0.896 0.924 0.864 0.846 0.839 0.829 0.879 0.9 0.913 0.923 0.931 0.927 0.923 0.93 0.897 0.891 0.902 0.901 0.881 0.864 0.907 0.926 0.933 0.941
0.792 0.776 0.81 0.843 0.824 0.719 0.693 0.783 0.851 0.876 0.849 0.813 0.824 0.825 0.847 0.856 0.835 0.828 0.803 0.779 0.81 0.833 0.856 0.912 0.898 0.895 0.963 0.962 0.953 0.946 0.927 0.889 0.839 0.87 0.883 0.879 0.839 0.831 0.848 0.865 0.875 0.882 0.901 0.92 0.933 0.939 0.931 0.936 0.93 0.93 0.922 0.878 0.848 0.884 0.91 0.898 0.874 0.835 0.811 0.85 0.854 0.883 0.932 0.908 0.899 0.927 0.927 0.894 0.857 0.877 0.876 0.857 0.811 0.854 0.903 0.885 0.897
0.838 0.811 0.809 0.778 0.743 0.723 0.793 0.814 0.849 0.836 0.79 0.79 0.838 0.826 0.841 0.847 0.841 0.828 0.8 0.79 0.819 0.845 0.874 0.924 0.933 0.953 0.967 0.943 0.909 0.928 0.937 0.934 0.916 0.882 0.853 0.826 0.78 0.772 0.781 0.787 0.795 0.826 0.873 0.921 0.939 0.942 0.934 0.939 0.937 0.937 0.935 0.903 0.868 0.876 0.866 0.881 0.867 0.85 0.823 0.831 0.815 0.88 0.923 0.888 0.86 0.883 0.912 0.906 0.864 0.826 0.838 0.836 0.813 0.847 0.847 0.881 0.888
0.854 0.794 0.795 0.719 0.718 0.735 0.815 0.828 0.825 0.799 0.796 0.795 0.828 0.845 0.825 0.835 0.813 0.804 0.798 0.797 0.843 0.881 0.919 0.947 0.948 0.943 0.963 0.93 0.884 0.867 0.883 0.909 0.951 0.921 0.863 0.843 0.82 0.813 0.835 0.819 0.798 0.802 0.847 0.906 0.932 0.934 0.941 0.935 0.948 0.945 0.948 0.929 0.89 0.884 0.857 0.86 0.838 0.835 0.83 0.83 0.828 0.859 0.914 0.898 0.866 0.874 0.893 0.888 0.87 0.85 0.808 0.79 0.793 0.791 0.801 0.831 0.857
0.859 0.844 0.783 0.774 0.759 0.746 0.813 0.784 0.812 0.799 0.791 0.781 0.824 0.831 0.809 0.818 0.782 0.783 0.774 0.801 0.877 0.935 0.933 0.92 0.927 0.934 0.956 0.936 0.91 0.87 0.882 0.899 0.946 0.945 0.928 0.908 0.894 0.895 0.916 0.894 0.875 0.86 0.874 0.892 0.919 0.924 0.939 0.932 0.952 0.95 0.951 0.948 0.93 0.91 0.887 0.87 0.86 0.844 0.844 0.837 0.836 0.854 0.887 0.853 0.899 0.888 0.895 0.877 0.876 0.841 0.815 0.777 0.766 0.735 0.725 0.779 0.816
0.842 0.805 0.815 0.791 0.755 0.759 0.802 0.768 0.805 0.82 0.78 0.725 0.783 0.806 0.771 0.786 0.742 0.745 0.753 0.835 0.903 0.943 0.915 0.899 0.927 0.934 0.942 0.957 0.942 0.921 0.915 0.894 0.935 0.958 0.954 0.934 0.9 0.931 0.941 0.938 0.936 0.933 0.932 0.927 0.919 0.907 0.911 0.923 0.943 0.95 0.956 0.953 0.944 0.938 0.924 0.908 0.89 0.885 0.867 0.851 0.847 0.864 0.888 0.832 0.844 0.807 0.823 0.878 0.89 0.858 0.831 0.809 0.785 0.764 0.759 0.723 0.829
0.836 0.793 0.777 0.789 0.771 0.76 0.791 0.724 0.75 0.812 0.765 0.692 0.736 0.792 0.732 0.732 0.753 0.77 0.811 0.89 0.933 0.952 0.914 0.921 0.942 0.946 0.943 0.952 0.963 0.949 0.937 0.919 0.885 0.916 0.963 0.953 0.933 0.946 0.942 0.942 0.948 0.951 0.955 0.95 0.946 0.934 0.916 0.906 0.917 0.95 0.957 0.957 0.938 0.931 0.92 0.94 0.922 0.9 0.894 0.876 0.873 0.885 0.89 0.829 0.797 0.783 0.818 0.846 0.858 0.879 0.873 0.857 0.844 0.828 0.794 0.751 0.823
0.825 0.813 0.792 0.78 0.783 0.733 0.77 0.693 0.685 0.772 0.732 0.718 0.719 0.765 0.731 0.751 0.814 0.838 0.853 0.894 0.936 0.957 0.897 0.911 0.941 0.952 0.948 0.955 0.97 0.95 0.952 0.936 0.866 0.851 0.932 0.965 0.956 0.939 0.906 0.881 0.882 0.914 0.937 0.956 0.956 0.951 0.953 0.936 0.93 0.936 0.957 0.957 0.952 0.927 0.913 0.927 0.941 0.929 0.897 0.888 0.878 0.894 0.886 0.839 0.797 0.79 0.833 0.818 0.811 0.85 0.836 0.843 0.842 0.843 0.815 0.796 0.795
0.809 0.807 0.798 0.762 0.755 0.683 0.697 0.667 0.677 0.707 0.687 0.744 0.745 0.768 0.723 0.759 0.818 0.801 0.803 0.858 0.911 0.956 0.893 0.861 0.912 0.945 0.946 0.955 0.972 0.963 0.949 0.942 0.902 0.835 0.859 0.937 0.972 0.976 0.971 0.938 0.91 0.888 0.887 0.92 0.937 0.957 0.956 0.957 0.957 0.957 0.957 0.958 0.959 0.938 0.925 0.933 0.945 0.936 0.911 0.904 0.883 0.894 0.883 0.867 0.831 0.817 0.814 0.809 0.774 0.818 0.811 0.777 0.819 0.835 0.784 0.753 0.736
0.805 0.797 0.785 0.709 0.685 0.656 0.626 0.669 0.724 0.722 0.708 0.781 0.825 0.827 0.783 0.801 0.802 0.809 0.837 0.889 0.922 0.96 0.929 0.899 0.891 0.919 0.946 0.954 0.966 0.995 0.97 0.955 0.94 0.883 0.821 0.858 0.948 0.982 0.993 0.991 0.971 0.941 0.949 0.886 0.888 0.907 0.924 0.945 0.953 0.957 0.959 0.971 0.967 0.949 0.942 0.949 0.952 0.939 0.912 0.903 0.899 0.895 0.884 0.882 0.859 0.84 0.807 0.783 0.763 0.809 0.8 0.751 0.795 0.837 0.79 0.756 0.747
0.756 0.789 0.786 0.722 0.643 0.7 0.683 0.722 0.794 0.807 0.815 0.83 0.867 0.884 0.888 0.902 0.894 0.912 0.92 0.945 0.953 0.957 0.952 0.947 0.939 0.937 0.946 0.949 0.964 0.996 0.996 0.971 0.962 0.925 0.85 0.827 0.883 0.967 0.993 0.994 0.995 0.987 0.985 0.977 0.959 0.938 0.917 0.922 0.923 0.954 0.964 0.968 0.97 0.97 0.96 0.959 0.962 0.96 0.933 0.906 0.905 0.895 0.879 0.882 0.878 0.858 0.828 0.76 0.787 0.783 0.785 0.754 0.771 0.806 0.802 0.753 0.762
0.659 0.762 0.717 0.685 0.673 0.729 0.756 0.736 0.794 0.86 0.857 0.846 0.886 0.913 0.918 0.934 0.929 0.933 0.941 0.954 0.947 0.947 0.952 0.941 0.945 0.952 0.909 0.893 0.911 0.947 0.989 0.999 0.984 0.974 0.888 0.813 0.819 0.916 0.978 0.995 1.006 0.998 0.999 0.997 0.999 0.988 0.966 0.939 0.916 0.947 0.948 0.927 0.939 0.963 0.966 0.964 0.962 0.962 0.953 0.93 0.92 0.901 0.877 0.878 0.891 0.873 0.85 0.799 0.801 0.749 0.747 0.73 0.736 0.799 0.767 0.726 0.714
0.697 0.73 0.67 0.72 0.785 0.776 0.816 0.835 0.845 0.887 0.896 0.896 0.914 0.92 0.92 0.92 0.92 0.928 0.932 0.941 0.939 0.951 0.952 0.941 0.948 0.966 0.942 0.904 0.925 0.906 0.953 1.004 1 0.986 0.929 0.839 0.797 0.872 0.949 0.979 0.993 0.996 0.983 0.976 0.99 1.002 1 0.994 0.982 0.972 0.943 0.864 0.871 0.919 0.943 0.964 0.962 0.962 0.96 0.951 0.936 0.924 0.897 0.879 0.878 0.885 0.868 0.837 0.801 0.744 0.711 0.698 0.74 0.796 0.778 0.721 0.693
0.721 0.677 0.677 0.763 0.845 0.863 0.871 0.854 0.844 0.903 0.917 0.925 0.911 0.914 0.918 0.925 0.925 0.93 0.931 0.936 0.946 0.944 0.952 0.932 0.934 0.959 0.969 0.955 0.937 0.906 0.941 0.997 1.009 1.005 0.966 0.883 0.804 0.851 0.929 0.957 0.967 0.987 0.938 0.92 0.947 0.989 1.001 1.003 1.001 0.997 0.959 0.883 0.856 0.864 0.886 0.925 0.956 0.965 0.964 0.961 0.952 0.937 0.916 0.893 0.867 0.882 0.878 0.862 0.824 0.767 0.734 0.736 0.773 0.76 0.778 0.681 0.643
0.733 0.715 0.79 0.868 0.873 0.894 0.878 0.855 0.86 0.914 0.896 0.887 0.882 0.905 0.91 0.929 0.916 0.913 0.924 0.904 0.945 0.93 0.948 0.937 0.913 0.944 0.968 0.976 0.955 0.911 0.945 0.988 1.015 1.025 0.999 0.937 0.859 0.876 0.933 0.94 0.953 0.98 0.943 0.895 0.9 0.955 0.992 1.001 1.001 1.001 0.988 0.948 0.884 0.834 0.83 0.87 0.907 0.951 0.967 0.967 0.958 0.949 0.935 0.909 0.879 0.855 0.867 0.867 0.852 0.812 0.794 0.778 0.754 0.709 0.763 0.752 0.705
0.844 0.846 0.868 0.897 0.897 0.906 0.897 0.901 0.917 0.914 0.871 0.88 0.902 0.904 0.916 0.923 0.919 0.891 0.898 0.897 0.939 0.939 0.931 0.917 0.914 0.921 0.955 0.98 0.982 0.944 0.948 0.973 1.002 1.023 1.027 0.986 0.913 0.919 0.925 0.899 0.94 0.964 0.954 0.919 0.883 0.883 0.938 0.986 1.001 1.002 1.009 0.982 0.929 0.863 0.84 0.835 0.861 0.904 0.956 0.967 0.966 0.953 0.945 0.929 0.904 0.872 0.861 0.867 0.866 0.842 0.798 0.773 0.715 0.636 0.705 0.724 0.704
0.849 0.898 0.922 0.916 0.92 0.92 0.92 0.923 0.922 0.901 0.864 0.89 0.911 0.918 0.899 0.889 0.921 0.905 0.882 0.877 0.929 0.934 0.928 0.893 0.89 0.869 0.939 0.979 0.988 0.987 0.966 0.963 0.985 1.004 1.031 1.019 0.95 0.927 0.899 0.865 0.906 0.949 0.968 0.936 0.907 0.842 0.848 0.953 1.001 1.004 1.015 1 0.964 0.908 0.87 0.829 0.83 0.855 0.913 0.968 0.968 0.956 0.946 0.932 0.908 0.887 0.86 0.866 0.873 0.859 0.776 0.725 0.675 0.637 0.702 0.638 0.606
0.877 0.911 0.917 0.898 0.911 0.917 0.918 0.916 0.91 0.887 0.865 0.903 0.915 0.912 0.859 0.856 0.889 0.923 0.903 0.882 0.908 0.938 0.943 0.926 0.889 0.83 0.89 0.956 0.986 0.994 0.989 0.971 0.975 0.982 1.017 1.034 0.99 0.935 0.903 0.867 0.904 0.937 0.956 0.939 0.928 0.899 0.822 0.906 0.996 1.008 1.023 1.017 0.983 0.918 0.872 0.847 0.815 0.818 0.859 0.948 0.972 0.968 0.952 0.935 0.923 0.898 0.861 0.856 0.872 0.866 0.823 0.739 0.662 0.658 0.669 0.624 0.571
0.912 0.911 0.912 0.878 0.858 0.859 0.879 0.874 0.885 0.882 0.88 0.913 0.915 0.909 0.855 0.846 0.859 0.913 0.906 0.875 0.881 0.931 0.953 0.949 0.902 0.833 0.846 0.927 0.968 0.973 0.999 0.992 0.984 0.978 1 1.029 1.022 0.97 0.92 0.897 0.909 0.915 0.935 0.913 0.944 0.909 0.862 0.847 0.982 0.996 1.027 1.029 0.996 0.923 0.853 0.836 0.82 0.779 0.811 0.906 0.957 0.971 0.967 0.947 0.926 0.896 0.871 0.864 0.868 0.862 0.84 0.789 0.729 0.707 0.672 0.596 0.575
0.871 0.891 0.895 0.842 0.815 0.801 0.824 0.845 0.874 0.881 0.881 0.911 0.915 0.909 0.866 0.838 0.849 0.908 0.899 0.873 0.868 0.908 0.942 0.958 0.937 0.882 0.854 0.906 0.953 0.954 0.969 1 1.004 0.991 0.991 1.026 1.042 1.023 0.965 0.926 0.91 0.903 0.911 0.885 0.956 0.905 0.878 0.872 0.978 0.985 1.005 1.031 1.019 0.948 0.895 0.873 0.838 0.792 0.795 0.855 0.922 0.965 0.967 0.955 0.944 0.91 0.886 0.868 0.868 0.862 0.849 0.819 0.75 0.687 0.642 0.61 0.514
0.802 0.908 0.906 0.874 0.864 0.86 0.859 0.867 0.875 0.873 0.881 0.903 0.91 0.912 0.874 0.843 0.834 0.898 0.884 0.885 0.879 0.882 0.911 0.961 0.961 0.928 0.888 0.912 0.926 0.942 0.929 0.969 1.01 1.007 0.984 1.008 1.04 1.048 1.009 0.957 0.924 0.91 0.877 0.916 0.955 0.896 0.889 0.853 0.988 0.986 0.984 1.03 1.031 0.992 0.931 0.863 0.845 0.827 0.785 0.809 0.878 0.941 0.963 0.96 0.948 0.922 0.897 0.871 0.857 0.858 0.853 0.834 0.769 0.694 0.637 0.584 0.461
0.86 0.924 0.921 0.913 0.902 0.889 0.858 0.849 0.836 0.84 0.867 0.892 0.892 0.908 0.869 0.837 0.85 0.91 0.891 0.861 0.833 0.848 0.878 0.948 0.973 0.962 0.928 0.93 0.918 0.901 0.92 0.934 0.999 1.01 1.007 1.004 1.03 1.057 1.041 0.984 0.966 0.922 0.929 0.967 0.928 0.893 0.903 0.806 0.944 0.997 0.973 1.019 1.031 1.016 0.952 0.873 0.815 0.797 0.736 0.743 0.843 0.903 0.937 0.953 0.957 0.933 0.915 0.884 0.859 0.849 0.85 0.839 0.802 0.742 0.679 0.589 0.457
0.922 0.927 0.92 0.916 0.912 0.89 0.846 0.827 0.817 0.838 0.867 0.881 0.893 0.897 0.871 0.836 0.843 0.903 0.92 0.874 0.832 0.807 0.841 0.882 0.962 0.98 0.952 0.933 0.906 0.867 0.887 0.904 0.978 1.01 1.017 1.02 1.028 1.062 1.055 1.024 0.996 0.957 0.979 0.945 0.888 0.882 0.879 0.781 0.915 0.973 0.957 1.001 1.034 1.03 0.993 0.908 0.843 0.798 0.726 0.698 0.79 0.878 0.909 0.935 0.946 0.942 0.933 0.904 0.873 0.85 0.841 0.832 0.82 0.786 0.712 0.588 0.426
0.9 0.914 0.911 0.915 0.915 0.896 0.856 0.835 0.799 0.826 0.865 0.854 0.904 0.871 0.876 0.875 0.846 0.872 0.92 0.915 0.878 0.839 0.807 0.827 0.945 0.983 0.963 0.931 0.895 0.838 0.847 0.895 0.961 1.003 1.02 1.019 1.034 1.067 1.063 1.04 1.012 0.997 0.995 0.963 0.893 0.843 0.865 0.754 0.863 0.954 0.962 0.968 1.019 1.037 1.019 0.948 0.893 0.845 0.788 0.724 0.739 0.839 0.895 0.924 0.923 0.916 0.922 0.91 0.883 0.857 0.841 0.835 0.827 0.807 0.747 0.607 0.48
0.889 0.892 0.905 0.897 0.915 0.904 0.855 0.808 0.805 0.845 0.867 0.842 0.894 0.903 0.843 0.863 0.873 0.86 0.874 0.916 0.922 0.889 0.841 0.819 0.94 0.988 0.97 0.925 0.892 0.848 0.818 0.868 0.919 0.976 1.014 1.006 1.03 1.067 1.068 1.058 1.025 0.997 1.003 0.986 0.916 0.868 0.846 0.76 0.797 0.91 0.966 0.946 0.986 1.034 1.03 1.005 0.953 0.906 0.87 0.816 0.78 0.799 0.861 0.909 0.906 0.889 0.897 0.899 0.884 0.859 0.847 0.852 0.842 0.827 0.786 0.684 0.62
0.878 0.902 0.9 0.893 0.915 0.906 0.868 0.834 0.799 0.862 0.843 0.804 0.87 0.899 0.864 0.824 0.852 0.86 0.821 0.879 0.925 0.91 0.831 0.803 0.926 0.994 0.988 0.93 0.889 0.848 0.8 0.833 0.893 0.942 1.001 1.014 1.03 1.068 1.071 1.067 1.04 1.001 1 0.988 0.942 0.859 0.837 0.844 0.774 0.82 0.926 0.939 0.936 1.016 1.031 1.027 1.002 0.966 0.943 0.915 0.876 0.839 0.821 0.867 0.888 0.872 0.881 0.882 0.868 0.865 0.854 0.861 0.856 0.851 0.818 0.772 0.727
0.88 0.904 0.889 0.878 0.897 0.915 0.891 0.834 0.795 0.84 0.811 0.79 0.866 0.915 0.875 0.812 0.81 0.846 0.811 0.85 0.904 0.933 0.91 0.87 0.923 0.991 1 0.955 0.883 0.849 0.807 0.797 0.861 0.912 0.967 1.007 1.016 1.065 1.074 1.077 1.056 1.027 1.008 0.986 0.955 0.884 0.848 0.862 0.812 0.773 0.847 0.929 0.89 0.966 1.028 1.031 1.027 1.012 0.998 0.984 0.959 0.919 0.858 0.834 0.85 0.853 0.859 0.883 0.866 0.856 0.856 0.862 0.862 0.866 0.839 0.786 0.724
0.884 0.898 0.883 0.86 0.876 0.909 0.915 0.868 0.811 0.818 0.827 0.797 0.868 0.92 0.878 0.82 0.803 0.821 0.814 0.824 0.875 0.909 0.933 0.93 0.913 0.966 1.002 0.977 0.902 0.862 0.818 0.77 0.816 0.885 0.939 0.99 1.011 1.054 1.075 1.08 1.063 1.038 1.025 0.998 0.956 0.902 0.9 0.894 0.859 0.816 0.771 0.888 0.898 0.892 0.978 1.006 1.02 1.02 1.012 1.008 0.998 0.98 0.935 0.871 0.832 0.841 0.861 0.882 0.885 0.877 0.863 0.862 0.862 0.878 0.859 0.808 0.753
0.858 0.886 0.881 0.862 0.864 0.886 0.913 0.891 0.864 0.821 0.807 0.8 0.867 0.916 0.892 0.833 0.786 0.765 0.816 0.818 0.816 0.836 0.91 0.926 0.889 0.917 0.996 0.991 0.933 0.876 0.826 0.765 0.776 0.845 0.916 0.961 1.002 1.037 1.07 1.079 1.069 1.036 1.03 1.017 0.989 0.927 0.926 0.916 0.896 0.877 0.763 0.793 0.905 0.872 0.879 0.947 0.983 0.986 1 1.009 1 0.998 0.985 0.951 0.906 0.882 0.887 0.903 0.914 0.902 0.875 0.868 0.882 0.879 0.87 0.848 0.831
