data/climatemaps/RS_maps/climate_postbreed_tmp_2003.asc
NCOLS 369 
NROWS 228 
XLLCORNER 479000 
YLLCORNER 73000 
CELLSIZE 1000 
NODATA_value -9 
[rows 0 to 33 of 228, columns 228 to 303 of 369]
-9 -9 -9 -9 -9 -9 -9 -9 -9 -9 -9 -9 -9 -9 -9 -9 -9 -9 -9 -9 -9 -9 -9 -9 -9 -9 -9 -9 -9 -9 -9 -9 -9 -9 -9 -9 -9 -9 -9 -9 -9 -9 -9 -9 -9 -9 -9 -9 -9 -9 -9 -9 -9 -9 -9 -9 -9 -9 -9 -9 -9 -9 -9 -9 -9 -9 -9 -9 -9 -9 -9 -9 -9 -9 -9 -9
0.54 -9 -9 -9 -9 -9 -9 -9 -9 -9 -9 -9 -9 -9 -9 -9 -9 -9 -9 -9 -9 -9 -9 -9 -9 -9 -9 -9 -9 -9 -9 -9 -9 -9 -9 -9 -9 -9 -9 -9 -9 -9 -9 -9 -9 -9 -9 -9 -9 -9 -9 -9 -9 -9 -9 -9 -9 -9 -9 -9 -9 -9 -9 -9 -9 -9 -9 -9 -9 -9 -9 -9 -9 -9 -9 -9
0.571 0.572 -9 -9 -9 -9 -9 -9 -9 -9 -9 -9 -9 -9 -9 -9 -9 -9 -9 -9 -9 -9 -9 -9 -9 -9 -9 -9 -9 -9 -9 -9 -9 -9 -9 -9 -9 -9 -9 -9 -9 -9 -9 -9 -9 -9 -9 -9 -9 -9 -9 -9 -9 -9 -9 -9 -9 -9 -9 -9 -9 -9 -9 -9 -9 -9 -9 -9 -9 -9 -9 -9 -9 -9 -9 -9
0.579 0.577 0.557 0.551 -9 -9 -9 -9 -9 -9 -9 -9 -9 -9 -9 -9 -9 -9 -9 -9 -9 -9 -9 -9 -9 -9 -9 -9 -9 -9 -9 -9 -9 -9 -9 -9 -9 -9 -9 -9 -9 -9 -9 -9 -9 -9 -9 -9 -9 -9 -9 -9 -9 -9 -9 -9 -9 -9 -9 -9 -9 -9 -9 -9 -9 -9 -9 -9 -9 -9 -9 -9 -9 -9 -9 -9
0.587 0.592 0.586 0.575 0.515 -9 -9 -9 -9 -9 -9 -9 -9 -9 -9 -9 -9 -9 -9 -9 -9 -9 -9 -9 -9 -9 -9 -9 -9 -9 -9 -9 -9 -9 -9 -9 -9 -9 -9 -9 -9 -9 -9 -9 -9 -9 -9 -9 -9 -9 -9 -9 -9 -9 -9 -9 -9 -9 -9 -9 -9 -9 -9 -9 -9 -9 -9 -9 -9 -9 -9 -9 -9 -9 -9 -9
0.596 0.588 0.579 0.586 0.574 0.53 -9 -9 -9 -9 -9 -9 -9 -9 -9 -9 -9 -9 -9 -9 -9 -9 -9 -9 -9 -9 -9 -9 -9 -9 -9 -9 -9 -9 -9 -9 -9 -9 -9 -9 -9 -9 -9 -9 -9 -9 -9 -9 -9 -9 -9 -9 -9 -9 -9 -9 -9 -9 -9 -9 -9 -9 -9 -9 -9 -9 -9 -9 -9 -9 -9 -9 -9 -9 -9 -9
0.597 0.572 0.558 0.577 0.597 0.542 0.505 -9 0.589 0.49 0.508 0.508 0.501 0.583 0.661 0.663 0.663 0.653 0.622 -9 -9 -9 -9 -9 -9 -9 -9 -9 -9 -9 -9 -9 -9 -9 -9 -9 -9 -9 -9 -9 -9 -9 -9 -9 -9 -9 -9 -9 -9 -9 -9 -9 -9 -9 -9 -9 -9 -9 -9 -9 -9 -9 -9 -9 -9 -9 -9 -9 -9 -9 -9 -9 -9 -9 -9 -9
0.586 0.577 0.577 0.596 0.613 0.578 0.558 0.578 0.582 0.502 0.491 0.507 0.465 0.497 0.601 0.659 0.666 0.666 0.663 0.625 0.593 0.584 0.589 -9 -9 -9 -9 -9 -9 -9 -9 -9 -9 -9 -9 -9 -9 -9 -9 -9 -9 -9 -9 -9 -9 -9 -9 -9 -9 -9 -9 -9 -9 -9 -9 -9 -9 -9 -9 -9 -9 -9 -9 -9 -9 -9 -9 -9 -9 -9 -9 -9 -9 -9 -9 -9
0.582 0.594 0.601 0.616 0.626 0.617 0.609 0.604 0.608 0.584 0.552 0.547 0.524 0.501 0.522 0.586 0.656 0.671 0.671 0.668 0.644 0.633 0.633 0.607 0.593 0.618 0.612 0.601 0.597 0.598 0.615 0.646 -9 -9 -9 -9 -9 -9 -9 -9 -9 -9 -9 -9 -9 -9 -9 -9 -9 -9 -9 -9 -9 -9 -9 -9 -9 -9 -9 -9 -9 -9 -9 -9 -9 -9 -9 -9 -9 -9 -9 -9 -9 -9 -9 -9
0.603 0.609 0.616 0.623 0.633 0.634 0.629 0.628 0.62 0.631 0.623 0.588 0.573 0.548 0.539 0.554 0.586 0.615 0.663 0.673 0.671 0.671 0.668 0.636 0.626 0.626 0.638 0.631 0.625 0.619 0.629 0.646 0.647 0.639 0.593 0.558 -9 -9 -9 -9 -9 -9 -9 -9 -9 -9 -9 -9 -9 -9 -9 -9 -9 -9 -9 -9 -9 -9 -9 -9 -9 -9 -9 -9 -9 -9 -9 -9 -9 -9 -9 -9 -9 -9 -9 -9
0.613 0.624 0.621 0.634 0.642 0.65 0.653 0.654 0.637 0.634 0.645 0.642 0.642 0.625 0.602 0.576 0.561 0.569 0.599 0.659 0.673 0.673 0.676 0.677 0.667 0.64 0.631 0.629 0.635 0.627 0.633 0.646 0.653 0.655 0.647 0.603 0.581 0.578 -9 -9 -9 -9 -9 -9 -9 -9 -9 -9 -9 -9 -9 -9 -9 -9 -9 -9 -9 -9 -9 -9 -9 -9 -9 -9 -9 -9 -9 -9 -9 -9 -9 -9 -9 -9 -9 -9
0.617 0.623 0.632 0.644 0.654 0.658 0.659 0.662 0.662 0.66 0.655 0.631 0.629 0.638 0.613 0.588 0.561 0.55 0.574 0.622 0.67 0.676 0.678 0.68 0.68 0.681 0.666 0.653 0.652 0.653 0.65 0.648 0.653 0.657 0.658 0.634 0.606 0.591 0.556 0.486 -9 -9 -9 -9 -9 -9 -9 -9 -9 -9 -9 -9 -9 -9 -9 -9 -9 -9 -9 -9 -9 -9 -9 -9 -9 -9 -9 -9 -9 -9 -9 -9 -9 -9 -9 -9
0.613 0.628 0.643 0.656 0.659 0.666 0.666 0.668 0.666 0.672 0.664 0.635 0.623 0.62 0.637 0.634 0.622 0.616 0.614 0.621 0.634 0.649 0.669 0.686 0.686 0.686 0.686 0.678 0.663 0.651 0.658 0.661 0.66 0.655 0.664 0.662 0.639 0.617 0.599 0.552 0.51 0.502 -9 -9 -9 -9 -9 -9 -9 -9 -9 -9 -9 -9 -9 -9 -9 -9 -9 -9 -9 -9 -9 -9 -9 -9 -9 -9 -9 -9 -9 -9 -9 -9 -9 -9
0.619 0.61 0.621 0.659 0.663 0.672 0.672 0.672 0.672 0.677 0.681 0.686 0.664 0.649 0.654 0.66 0.644 0.618 0.623 0.615 0.611 0.629 0.648 0.686 0.686 0.686 0.686 0.68 0.641 0.612 0.619 0.657 0.668 0.667 0.669 0.672 0.663 0.654 0.651 0.633 0.602 0.595 0.63 0.653 -9 -9 -9 -9 -9 -9 -9 -9 -9 -9 -9 -9 -9 -9 -9 -9 -9 -9 -9 -9 -9 -9 -9 -9 -9 -9 -9 -9 -9 -9 -9 -9
0.643 0.647 0.649 0.659 0.659 0.667 0.673 0.679 0.686 0.686 0.686 0.686 0.686 0.687 0.675 0.668 0.656 0.638 0.616 0.61 0.61 0.614 0.626 0.683 0.686 0.687 0.687 0.681 0.633 0.598 0.577 0.6 0.642 0.66 0.665 0.672 0.659 0.66 0.671 0.665 0.658 0.649 0.66 0.659 0.663 0.651 -9 -9 -9 -9 -9 -9 -9 -9 -9 -9 -9 -9 -9 -9 -9 -9 -9 -9 -9 -9 -9 -9 -9 -9 -9 -9 -9 -9 -9 -9
0.625 0.62 0.635 0.657 0.656 0.658 0.665 0.656 0.681 0.685 0.686 0.687 0.689 0.693 0.693 0.691 0.676 0.663 0.638 0.631 0.63 0.63 0.623 0.677 0.684 0.687 0.69 0.691 0.67 0.63 0.598 0.586 0.609 0.637 0.645 0.664 0.665 0.661 0.667 0.675 0.676 0.651 0.655 0.646 0.659 0.658 0.646 0.634 -9 -9 -9 -9 -9 -9 -9 -9 -9 -9 -9 -9 -9 -9 -9 -9 -9 -9 -9 -9 -9 -9 -9 -9 -9 -9 -9 -9
0.491 0.477 0.498 0.539 0.567 0.604 0.638 0.617 0.643 0.672 0.686 0.691 0.693 0.693 0.688 0.689 0.693 0.691 0.672 0.659 0.655 0.652 0.635 0.655 0.681 0.69 0.693 0.693 0.691 0.672 0.639 0.624 0.625 0.632 0.634 0.654 0.663 0.665 0.671 0.676 0.684 0.663 0.655 0.653 0.66 0.666 0.655 0.656 0.667 0.671 -9 -9 -9 -9 -9 -9 -9 -9 -9 -9 -9 -9 -9 -9 -9 -9 -9 -9 -9 -9 -9 -9 -9 -9 -9 -9
0.511 0.457 0.453 0.435 0.462 0.516 0.571 0.612 0.64 0.662 0.689 0.695 0.695 0.695 0.686 0.683 0.693 0.693 0.69 0.681 0.677 0.669 0.655 0.644 0.666 0.676 0.693 0.693 0.693 0.691 0.684 0.662 0.644 0.634 0.632 0.635 0.657 0.666 0.666 0.686 0.686 0.682 0.657 0.659 0.667 0.669 0.679 0.679 0.677 0.678 0.682 -9 -9 -9 -9 -9 -9 -9 -9 -9 -9 -9 -9 -9 -9 -9 -9 -9 -9 -9 -9 -9 -9 -9 -9 -9
0.5 0.487 0.486 0.453 0.446 0.489 0.551 0.606 0.655 0.683 0.696 0.699 0.699 0.699 0.698 0.693 0.696 0.7 0.7 0.69 0.686 0.683 0.674 0.662 0.664 0.667 0.693 0.693 0.693 0.693 0.693 0.694 0.683 0.673 0.659 0.653 0.661 0.667 0.683 0.693 0.688 0.683 0.67 0.674 0.675 0.679 0.694 0.695 0.69 0.683 0.686 0.686 0.68 -9 -9 -9 -9 -9 -9 -9 -9 -9 -9 -9 -9 -9 -9 -9 -9 -9 -9 -9 -9 -9 -9 -9
0.52 0.535 0.509 0.509 0.519 0.562 0.609 0.654 0.685 0.693 0.679 0.669 0.668 0.669 0.675 0.684 0.695 0.706 0.706 0.698 0.691 0.691 0.684 0.678 0.677 0.666 0.688 0.693 0.693 0.693 0.693 0.699 0.699 0.694 0.693 0.675 0.672 0.688 0.688 0.701 0.701 0.695 0.685 0.679 0.679 0.686 0.698 0.699 0.692 0.686 0.686 0.686 0.682 0.667 -9 -9 -9 -9 -9 -9 -9 -9 -9 -9 -9 -9 -9 -9 -9 -9 -9 -9 -9 -9 -9 -9
0.578 0.603 0.582 0.576 0.603 0.637 0.673 0.693 0.69 0.664 0.613 0.583 0.578 0.581 0.61 0.641 0.655 0.678 0.689 0.695 0.698 0.698 0.69 0.69 0.695 0.69 0.696 0.698 0.693 0.693 0.699 0.699 0.699 0.699 0.705 0.7 0.694 0.699 0.701 0.706 0.706 0.706 0.704 0.689 0.689 0.699 0.699 0.699 0.69 0.687 0.686 0.684 0.679 0.661 0.627 -9 -9 -9 -9 -9 -9 -9 -9 -9 -9 -9 -9 -9 -9 -9 -9 -9 -9 -9 -9 -9
0.658 0.659 0.651 0.642 0.674 0.683 0.68 0.669 0.639 0.597 0.528 0.491 0.484 0.491 0.54 0.585 0.604 0.613 0.631 0.663 0.681 0.687 0.696 0.694 0.699 0.699 0.699 0.698 0.698 0.699 0.699 0.695 0.693 0.697 0.699 0.699 0.699 0.7 0.705 0.706 0.706 0.707 0.706 0.706 0.705 0.706 0.705 0.706 0.693 0.687 0.69 0.683 0.679 0.654 0.617 0.589 -9 -9 -9 -9 -9 -9 -9 -9 -9 -9 -9 -9 -9 -9 -9 -9 -9 -9 -9 -9
0.662 0.676 0.679 0.682 0.672 0.619 0.593 0.586 0.586 0.547 0.481 0.462 0.456 0.483 0.503 0.538 0.562 0.576 0.581 0.61 0.634 0.651 0.667 0.677 0.689 0.697 0.698 0.699 0.699 0.699 0.698 0.693 0.693 0.697 0.699 0.699 0.699 0.702 0.706 0.706 0.706 0.708 0.706 0.71 0.71 0.712 0.714 0.713 0.701 0.691 0.692 0.683 0.663 0.654 0.632 0.606 0.609 0.629 -9 -9 -9 -9 -9 -9 -9 -9 -9 -9 -9 -9 -9 -9 -9 -9 -9 -9
0.619 0.614 0.603 0.62 0.604 0.533 0.538 0.558 0.567 0.548 0.522 0.503 0.51 0.534 0.54 0.544 0.537 0.548 0.559 0.576 0.585 0.604 0.618 0.627 0.654 0.665 0.676 0.694 0.695 0.698 0.693 0.693 0.693 0.695 0.699 0.699 0.701 0.706 0.706 0.706 0.706 0.706 0.71 0.713 0.713 0.716 0.719 0.718 0.71 0.698 0.694 0.676 0.665 0.662 0.664 0.663 0.651 0.626 0.624 -9 -9 -9 -9 -9 -9 -9 -9 -9 -9 -9 -9 -9 -9 -9 -9 -9
0.569 0.567 0.546 0.561 0.557 0.52 0.546 0.577 0.582 0.563 0.556 0.557 0.568 0.571 0.57 0.565 0.566 0.566 0.566 0.561 0.567 0.579 0.591 0.592 0.614 0.624 0.639 0.662 0.67 0.684 0.689 0.693 0.693 0.693 0.699 0.699 0.704 0.706 0.706 0.706 0.706 0.708 0.708 0.713 0.714 0.719 0.719 0.719 0.715 0.705 0.696 0.677 0.666 0.679 0.678 0.637 0.604 0.606 0.589 0.586 0.586 -9 -9 -9 -9 -9 -9 -9 -9 -9 -9 -9 -9 -9 -9 -9
0.507 0.523 0.497 0.509 0.558 0.566 0.581 0.603 0.6 0.597 0.609 0.611 0.606 0.607 0.607 0.597 0.592 0.582 0.583 0.583 0.588 0.586 0.579 0.578 0.589 0.596 0.602 0.621 0.635 0.657 0.674 0.684 0.693 0.695 0.699 0.702 0.706 0.706 0.706 0.706 0.706 0.707 0.711 0.713 0.714 0.719 0.719 0.714 0.713 0.712 0.701 0.686 0.68 0.68 0.673 0.64 0.612 0.608 0.594 0.589 0.591 0.59 -9 -9 -9 -9 -9 -9 -9 -9 -9 -9 -9 -9 -9 -9
0.562 0.536 0.497 0.516 0.593 0.604 0.61 0.619 0.632 0.64 0.641 0.663 0.668 0.66 0.646 0.631 0.62 0.613 0.613 0.609 0.609 0.601 0.579 0.569 0.567 0.568 0.576 0.59 0.607 0.628 0.654 0.667 0.685 0.692 0.699 0.704 0.706 0.706 0.706 0.706 0.706 0.708 0.713 0.715 0.719 0.719 0.718 0.713 0.713 0.712 0.702 0.699 0.699 0.687 0.687 0.666 0.629 0.621 0.608 0.603 0.602 0.603 -9 -9 -9 -9 -9 -9 -9 -9 -9 -9 -9 -9 -9 -9
0.634 0.626 0.613 0.618 0.621 0.639 0.663 0.668 0.677 0.685 0.695 0.701 0.689 0.681 0.675 0.658 0.646 0.639 0.631 0.612 0.606 0.593 0.574 0.556 0.548 0.551 0.56 0.565 0.585 0.602 0.622 0.643 0.661 0.68 0.691 0.705 0.706 0.706 0.706 0.706 0.706 0.706 0.712 0.716 0.719 0.713 0.713 0.713 0.713 0.713 0.709 0.699 0.699 0.697 0.694 0.678 0.648 0.634 0.628 0.618 0.608 0.608 0.593 -9 -9 -9 -9 -9 -9 -9 -9 -9 -9 -9 -9 -9
0.619 0.641 0.659 0.664 0.665 0.686 0.703 0.708 0.713 0.713 0.713 0.713 0.708 0.7 0.7 0.682 0.645 0.593 0.577 0.56 0.546 0.553 0.565 0.555 0.552 0.552 0.553 0.553 0.579 0.588 0.595 0.615 0.624 0.645 0.666 0.686 0.702 0.706 0.706 0.706 0.706 0.707 0.713 0.713 0.713 0.713 0.713 0.713 0.713 0.713 0.713 0.701 0.699 0.699 0.699 0.691 0.665 0.654 0.649 0.627 0.621 0.618 0.602 0.592 -9 -9 -9 -9 -9 -9 -9 -9 -9 -9 -9 -9
0.634 0.656 0.663 0.684 0.697 0.707 0.714 0.719 0.711 0.705 0.702 0.701 0.708 0.708 0.704 0.698 0.663 0.587 0.531 0.508 0.503 0.52 0.562 0.57 0.564 0.569 0.57 0.57 0.585 0.59 0.598 0.611 0.612 0.624 0.648 0.661 0.677 0.696 0.706 0.7 0.699 0.707 0.718 0.717 0.713 0.713 0.713 0.713 0.713 0.713 0.713 0.705 0.7 0.699 0.699 0.696 0.684 0.672 0.671 0.65 0.641 0.637 0.631 0.612 -9 -9 -9 -9 -9 -9 -9 -9 -9 -9 -9 -9
0.698 0.694 0.701 0.713 0.713 0.715 0.708 0.693 0.669 0.654 0.646 0.647 0.66 0.682 0.691 0.698 0.691 0.666 0.609 0.571 0.566 0.572 0.597 0.605 0.599 0.602 0.603 0.604 0.607 0.608 0.608 0.624 0.629 0.628 0.645 0.637 0.65 0.676 0.695 0.699 0.699 0.706 0.712 0.713 0.713 0.713 0.713 0.713 0.713 0.713 0.71 0.706 0.701 0.699 0.697 0.698 0.696 0.691 0.686 0.669 0.661 0.66 0.658 0.647 -9 -9 -9 -9 -9 -9 -9 -9 -9 -9 -9 -9
0.699 0.698 0.706 0.706 0.693 0.677 0.648 0.595 0.554 0.551 0.563 0.59 0.599 0.631 0.663 0.682 0.693 0.69 0.676 0.657 0.655 0.654 0.644 0.643 0.633 0.623 0.622 0.618 0.624 0.635 0.636 0.644 0.645 0.645 0.646 0.646 0.655 0.676 0.687 0.699 0.699 0.701 0.711 0.713 0.713 0.713 0.713 0.713 0.713 0.713 0.706 0.703 0.699 0.699 0.7 0.699 0.699 0.699 0.692 0.682 0.681 0.681 0.671 0.67 0.661 0.645 -9 -9 -9 -9 -9 -9 -9 -9 -9 -9
0.694 0.693 0.693 0.678 0.638 0.603 0.571 0.529 0.506 0.499 0.518 0.562 0.583 0.614 0.634 0.652 0.676 0.679 0.681 0.679 0.679 0.677 0.66 0.656 0.64 0.628 0.637 0.637 0.647 0.652 0.649 0.647 0.652 0.654 0.664 0.666 0.667 0.683 0.698 0.699 0.699 0.704 0.71 0.713 0.713 0.713 0.713 0.713 0.713 0.71 0.706 0.703 0.699 0.699 0.701 0.699 0.699 0.697 0.693 0.692 0.686 0.681 0.678 0.679 0.679 0.665 0.654 -9 -9 -9 -9 -9 -9 -9 -9 -9
0.667 0.667 0.682 0.653 0.615 0.574 0.554 0.554 0.546 0.536 0.532 0.564 0.586 0.608 0.612 0.631 0.644 0.66 0.653 0.658 0.663 0.662 0.655 0.651 0.623 0.629 0.638 0.623 0.614 0.617 0.623 0.631 0.64 0.644 0.643 0.659 0.666 0.678 0.687 0.695 0.699 0.699 0.709 0.713 0.713 0.713 0.713 0.713 0.713 0.708 0.706 0.706 0.701 0.704 0.701 0.699 0.699 0.696 0.693 0.693 0.686 0.686 0.682 0.686 0.686 0.681 0.661 0.606 0.394 -9 -9 -9 -9 -9 -9 -9
