data/climatemaps/RS_maps/climate_breeding_pr_2002.asc
NCOLS 369 
NROWS 228 
XLLCORNER 479000 
YLLCORNER 73000 
CELLSIZE 1000 
NODATA_value -9 
[rows 136 to 169 of 228, columns 152 to 227 of 369]
1.404 1.224 0.878 0.507 0.198 0.223 0.339 0.408 0.46 0.557 0.643 0.572 0.452 0.489 0.581 0.593 0.643 0.785 1.209 1.844 2.272 2.741 3.004 2.997 2.916 2.842 2.706 2.425 2.162 1.883 2.062 2.47 2.204 1.869 1.353 1.038 1.424 1.586 1.915 2.444 3.018 3.351 3.633 4.092 4.359 4.174 3.979 4.069 3.999 3.845 3.812 3.49 3.287 2.982 2.665 2.158 1.904 1.962 1.953 2.01 2.228 2.674 3.067 3.244 3.318 3.369 3.038 3.268 3.233 3.051 2.921 3.206 3.289 3.098 2.652 2.275
1.875 1.636 1.281 0.801 0.296 0.524 0.751 0.928 0.951 0.974 0.904 0.649 0.423 0.352 0.377 0.442 0.66 1.004 1.189 1.505 1.984 2.517 2.882 2.924 2.803 2.732 2.736 2.498 2.179 2.036 2.315 2.591 2.316 2.023 1.632 1.135 1.487 1.463 1.749 2.24 2.808 3.278 3.562 4.013 4.378 4.399 4.4 4.281 4.115 3.918 3.65 3.216 2.83 2.525 2.28 2.076 2.189 2.42 2.521 2.626 2.506 2.656 3.177 3.415 3.405 3.544 3.296 3.496 3.56 3.312 3.367 3.637 3.623 3.271 2.74 2.679
2.202 1.941 1.461 0.9 0.438 0.623 0.844 1.182 1.257 1.265 1.121 0.857 0.635 0.518 0.511 0.575 1.055 1.555 1.592 1.632 1.919 2.328 2.798 2.983 2.871 2.656 2.529 2.312 2.174 2.239 2.568 2.588 2.375 2.005 1.685 1.27 1.379 1.567 1.773 2.254 2.715 3.088 3.552 4.173 4.402 4.35 4.291 4.159 3.876 3.575 3.187 2.814 2.464 2.362 2.333 2.186 2.508 2.69 2.954 3.135 3.129 2.95 3.183 3.51 3.53 3.769 3.562 3.668 3.829 3.561 3.826 3.936 3.763 3.405 2.88 3.022
2.453 2.063 1.656 1.205 0.551 0.537 0.756 1.221 1.448 1.439 1.355 1.157 1.017 0.972 1.086 1.093 1.206 1.639 1.908 2.051 2.131 2.285 2.564 2.847 2.929 2.734 2.468 2.306 2.298 2.471 2.569 2.432 2.38 2.235 2.125 1.591 1.394 1.756 2.041 2.407 2.677 3.036 3.596 4.107 4.298 4.374 4.267 4.119 3.898 3.293 2.769 2.601 2.597 2.694 2.593 2.321 2.686 2.985 3.274 3.453 3.561 3.457 3.321 3.622 3.646 3.883 3.768 3.813 4.01 3.857 4.163 4.089 3.796 3.293 3.088 3.261
2.483 2.171 2.031 1.385 0.692 0.527 0.768 1.266 1.604 1.639 1.598 1.521 1.507 1.561 1.813 1.591 1.249 1.553 1.71 2.008 2.427 2.536 2.472 2.509 2.765 2.818 2.606 2.563 2.542 2.488 2.637 2.554 2.586 2.56 2.415 2.077 1.603 1.759 2.072 2.486 2.683 2.974 3.581 4 4.1 4.24 4.124 3.958 3.686 3.057 2.753 2.904 2.985 2.991 2.679 2.58 2.74 3.056 3.39 3.598 3.677 3.636 3.534 3.638 3.731 3.95 3.866 3.94 4.097 4.102 4.18 4.023 3.823 3.337 3.424 3.474
2.588 2.566 2.168 1.521 0.86 0.569 0.881 1.322 1.629 1.724 1.859 1.979 2.21 2.395 2.357 1.971 1.532 1.53 1.67 1.936 2.36 2.742 2.742 2.578 2.508 2.655 2.731 2.68 2.685 2.579 2.706 2.656 2.576 2.54 2.459 2.329 1.952 1.843 2.147 2.46 2.604 2.885 3.46 3.924 3.994 4.069 4.126 3.994 3.624 3.095 3.051 3.203 3.223 3.122 2.811 2.874 2.934 3.029 3.425 3.745 3.79 3.678 3.715 3.728 3.727 3.914 3.82 4.041 4.108 4.281 4.253 4.043 3.682 3.53 3.605 3.674
2.699 2.796 2.257 1.664 0.973 0.65 1.001 1.271 1.535 1.852 2.176 2.71 3.05 2.71 2.513 2.304 2.052 2.048 2.073 1.974 2.299 2.614 2.86 2.806 2.566 2.446 2.481 2.426 2.49 2.422 2.474 2.58 2.625 2.673 2.594 2.487 2.206 1.998 2.251 2.365 2.364 2.703 3.252 3.746 3.955 4.214 4.451 4.339 3.881 3.29 3.296 3.389 3.345 3.189 2.928 2.981 3.059 3.097 3.336 3.609 3.759 3.63 3.692 3.477 3.452 3.637 3.726 3.888 4.017 4.248 4.295 4.079 3.627 3.606 3.693 3.745
2.818 2.675 2.237 1.681 0.921 0.677 0.934 1.126 1.448 1.902 2.366 2.918 3.083 2.819 2.738 2.593 2.437 2.463 2.449 2.182 2.381 2.605 2.662 2.96 2.794 2.505 2.396 2.332 2.285 2.261 2.254 2.298 2.352 2.459 2.465 2.492 2.462 2.308 2.335 2.163 2.205 2.68 3.152 3.56 4.062 4.378 4.473 4.299 3.972 3.609 3.465 3.574 3.394 3.22 3.063 3.065 3.097 2.944 3.048 3.284 3.435 3.277 3.093 2.964 3.204 3.335 3.393 3.564 3.765 3.915 4.07 3.99 3.818 3.444 3.43 3.507
2.704 2.415 1.956 1.498 0.754 0.876 1.076 1.257 1.628 2.114 2.582 3.111 3.228 3.136 3.125 3.027 2.922 2.916 2.849 2.567 2.583 2.821 2.698 2.825 2.826 2.608 2.663 2.638 2.503 2.524 2.582 2.567 2.479 2.444 2.601 2.831 2.872 2.607 2.369 2.008 2.276 2.727 3.244 3.579 4.074 4.239 4.245 4.23 4.175 3.967 3.62 3.718 3.402 3.412 3.235 3 2.891 2.774 2.873 2.903 2.768 2.57 2.544 2.743 2.768 2.838 2.894 3.26 3.568 3.85 3.885 4.035 3.836 3.319 3.141 3.178
2.343 2.08 1.739 1.236 0.678 1.059 1.379 1.665 2.112 2.469 2.736 3.126 3.225 3.222 3.147 3.19 3.309 3.324 3.114 3.036 3.058 3.076 2.95 2.782 2.777 2.883 3.086 3.027 2.963 2.937 2.881 2.769 2.726 2.832 3.02 3.138 2.981 2.643 2.269 1.83 2.097 2.638 3.097 3.56 4.006 4.153 4.252 4.403 4.366 4.08 3.723 3.814 3.581 3.597 3.387 2.887 2.695 2.62 2.517 2.344 2.114 1.916 2.198 2.377 2.303 2.343 2.531 2.783 3.053 3.347 3.632 3.904 3.728 3.29 2.955 2.915
1.972 1.754 1.411 1.093 0.679 0.957 1.372 1.877 2.405 2.771 2.875 2.975 3.112 3.276 3.106 3.032 3.172 3.314 3.066 3.105 3.31 3.444 3.186 3.069 3.044 3.292 3.31 3.192 3.095 2.999 2.918 2.887 2.996 3.133 3.147 3.096 2.886 2.446 1.924 1.633 1.892 2.398 2.869 3.386 3.645 4.075 4.302 4.51 4.366 4.181 3.947 3.826 3.631 3.373 3.262 2.84 2.345 2.126 1.936 1.752 1.547 1.659 1.923 1.958 1.898 2.078 2.317 2.571 2.778 3.052 3.323 3.515 3.444 3.276 2.989 2.796
1.724 1.596 1.437 1.212 0.8 0.938 1.325 1.793 2.336 2.77 2.886 2.887 2.949 3.077 3.004 2.918 2.997 3.199 3.08 3.026 3.248 3.524 3.435 3.403 3.381 3.483 3.376 3.296 3.267 3.257 3.258 3.217 3.188 3.115 3.01 2.847 2.562 2.064 1.694 1.627 1.771 2.101 2.602 3.042 3.378 3.865 4.051 4.268 4.364 4.118 3.806 3.489 3.222 2.939 2.765 2.461 2.109 1.867 1.677 1.502 1.363 1.42 1.538 1.537 1.516 1.715 1.903 2.16 2.442 2.802 3.05 3.212 3.241 3.168 3.063 2.927
1.898 1.934 1.687 1.31 0.938 1.114 1.43 1.734 2.088 2.685 3.002 2.944 2.828 2.798 2.786 2.78 2.862 3.044 3.047 3.004 3.111 3.291 3.445 3.534 3.454 3.571 3.588 3.564 3.527 3.403 3.459 3.297 3.154 2.878 2.681 2.466 2.033 1.7 1.662 1.909 1.993 2.125 2.352 2.617 3.305 3.637 3.733 4.182 4.292 3.916 3.538 3.123 2.762 2.406 2.22 2.177 2.161 2.109 1.952 1.752 1.452 1.298 1.247 1.181 1.193 1.31 1.447 1.676 1.968 2.408 2.637 2.801 2.877 2.868 2.915 2.921
2.218 2.065 1.67 1.334 1.192 1.42 1.707 2.016 2.363 2.818 3.011 3.035 2.902 2.726 2.634 2.619 2.694 2.789 2.946 3.018 3.084 3.187 3.304 3.41 3.417 3.599 3.742 3.706 3.668 3.445 3.254 3.191 2.899 2.596 2.225 1.912 1.696 1.688 1.926 2.171 2.31 2.45 2.67 2.95 3.165 3.473 3.814 4.004 3.945 3.609 3.133 2.688 2.45 2.373 2.494 2.612 2.826 2.831 2.695 2.395 2.03 1.765 1.599 1.458 1.35 1.329 1.346 1.435 1.644 1.983 2.084 2.165 2.249 2.298 2.428 2.547
2.232 1.977 1.72 1.585 1.61 1.817 2.083 2.464 2.777 2.941 2.937 2.958 2.883 2.716 2.567 2.469 2.514 2.718 2.991 3.077 3.147 3.222 3.227 3.226 3.378 3.632 3.799 3.772 3.84 3.555 3.043 2.932 2.593 2.07 1.738 1.61 1.638 1.843 2.16 2.446 2.666 2.86 2.958 3.328 3.383 3.616 3.881 3.771 3.604 3.241 2.82 2.675 2.787 2.863 3.181 3.308 3.584 3.534 3.393 3.084 2.76 2.456 2.258 2.13 1.972 1.918 1.811 1.613 1.565 1.667 1.589 1.577 1.616 1.698 1.877 2.058
2.249 2.076 1.926 1.893 1.988 2.218 2.461 2.637 2.801 2.916 2.929 2.899 2.836 2.727 2.593 2.447 2.426 2.618 2.888 3.155 3.312 3.367 3.235 3.159 3.428 3.474 3.601 3.618 3.579 3.488 3.028 2.453 2.054 1.726 1.642 1.775 2.011 2.181 2.299 2.507 2.796 3.093 3.313 3.557 3.719 3.846 3.808 3.56 3.278 3.053 3.005 3.209 3.43 3.543 3.81 4.062 4.179 4.048 3.833 3.596 3.37 3.093 2.879 2.787 2.697 2.731 2.62 2.223 1.826 1.6 1.405 1.269 1.171 1.208 1.367 1.576
2.46 2.318 2.231 2.259 2.377 2.486 2.53 2.68 2.788 2.852 2.899 2.913 2.911 2.887 2.755 2.501 2.386 2.446 2.684 3.073 3.26 3.271 3.087 3.012 3.332 3.296 3.325 3.468 3.286 3.126 2.681 2.073 1.741 1.647 1.819 2.159 2.47 2.703 2.799 2.693 2.879 3.187 3.445 3.663 3.798 3.869 3.731 3.42 3.302 3.424 3.525 3.739 4.005 4.113 4.376 4.584 4.606 4.417 4.181 3.782 3.55 3.466 3.38 3.299 3.291 3.377 3.213 2.904 2.495 1.961 1.658 1.413 1.119 0.966 0.995 1.176
2.7 2.604 2.692 2.527 2.435 2.502 2.412 2.621 2.799 2.803 2.85 3.024 3.189 3.309 3.063 2.674 2.435 2.351 2.567 2.943 3.019 3.039 2.797 2.808 3.205 3.101 2.97 3.135 2.968 2.594 2.13 1.743 1.682 1.856 2.149 2.528 2.917 3.211 3.28 3.127 3.017 3.334 3.564 3.693 3.808 3.912 3.798 3.674 3.807 4.065 4.163 4.26 4.494 4.609 4.823 4.959 5.004 4.85 4.606 4.122 3.641 3.403 3.415 3.39 3.491 3.62 3.627 3.54 3.248 2.774 2.298 1.85 1.51 1.179 0.964 0.979
2.522 2.42 2.473 2.245 2.206 2.314 2.328 2.428 2.644 2.862 3.027 3.3 3.227 3.128 3.141 2.948 2.62 2.449 2.527 2.863 2.853 2.636 2.489 2.708 2.909 2.904 2.815 2.624 2.453 2.044 1.766 1.687 1.889 2.234 2.435 2.823 3.295 3.525 3.604 3.614 3.45 3.647 3.758 3.895 4.032 4.155 4.184 4.241 4.419 4.623 4.678 4.683 4.802 5.015 5.086 5.135 5.138 5.021 4.913 4.413 3.869 3.321 3.001 3.144 3.295 3.484 3.892 4.114 3.943 3.586 3.018 2.479 2.23 1.762 1.303 0.933
2.318 2.095 2.293 2.055 2.015 2.123 2.153 2.349 2.729 2.751 2.943 3.249 3.077 2.874 2.989 3.094 2.759 2.512 2.504 2.834 2.78 2.395 2.186 2.499 2.574 2.554 2.477 2.164 1.918 1.71 1.719 1.88 2.173 2.582 2.809 3.088 3.614 3.856 3.995 4.078 3.887 3.978 4.019 4.102 4.209 4.298 4.424 4.663 4.888 5.026 4.921 4.768 4.831 5.064 5.193 5.227 5.059 4.769 4.733 4.437 3.991 3.415 2.748 2.719 3.055 3.42 3.986 4.314 4.279 4.009 3.453 3.017 2.833 2.285 1.723 1.164
2.17 1.908 1.973 1.819 1.758 1.937 2.18 2.557 2.748 2.594 2.636 2.879 3.009 2.835 2.781 2.874 2.803 2.521 2.498 2.704 2.637 2.286 1.882 2.073 2.204 2.135 1.965 1.708 1.592 1.703 2.033 2.352 2.439 2.908 3.251 3.475 3.928 4.189 4.308 4.369 4.084 4.165 4.283 4.185 4.137 4.137 4.395 4.93 5.195 5.274 5.06 4.641 4.617 4.878 5.172 5.082 4.804 4.345 4.237 4.201 3.75 3.235 2.45 2.332 2.938 3.422 4.031 4.289 4.385 4.198 3.775 3.567 3.585 2.878 2.282 1.487
1.918 1.646 1.663 1.582 1.692 1.994 2.311 2.594 2.739 2.53 2.44 2.691 2.994 2.872 2.781 2.668 2.604 2.436 2.441 2.587 2.527 2.142 1.556 1.599 1.776 1.698 1.477 1.406 1.571 1.958 2.408 2.819 2.806 3.106 3.564 3.896 4.233 4.445 4.545 4.551 4.274 4.159 4.215 4.076 3.957 3.991 4.302 4.84 5.147 5.249 5.032 4.52 4.468 4.699 4.866 4.763 4.552 3.98 3.826 3.803 3.357 2.742 2.096 2.072 2.662 3.278 4.012 4.549 4.761 4.679 4.619 4.503 4.237 3.557 2.833 1.98
1.551 1.501 1.638 1.787 1.993 2.247 2.333 2.408 2.599 2.452 2.448 2.719 2.873 2.8 2.746 2.573 2.33 2.304 2.414 2.58 2.433 1.991 1.31 1.188 1.324 1.227 1.158 1.404 1.818 2.313 2.737 3.17 3.225 3.208 3.729 4.269 4.481 4.691 4.621 4.552 4.467 4.148 3.903 3.741 3.677 3.843 4.179 4.748 5.026 5.247 5.021 4.452 4.082 4.321 4.463 4.317 4.1 3.457 3.24 3.347 3.046 2.411 1.772 1.877 2.487 3.147 3.831 4.511 5.021 5.077 5.094 4.929 4.559 3.81 3.043 2.252
1.538 1.672 1.932 2.176 2.352 2.457 2.419 2.415 2.514 2.411 2.419 2.589 2.622 2.494 2.42 2.26 2.087 2.173 2.37 2.465 2.228 1.77 1.121 0.911 0.953 0.945 1.151 1.614 2.093 2.574 3.002 3.413 3.607 3.617 3.929 4.386 4.536 4.673 4.647 4.768 4.799 4.41 3.886 3.523 3.452 3.753 4.163 4.778 5.231 5.458 5.132 4.173 3.597 3.752 3.935 4.073 3.964 3.374 2.733 2.654 2.424 1.943 1.623 1.972 2.516 3.046 3.482 4.06 4.723 5.004 4.914 4.698 4.301 3.636 2.867 2.229
1.846 2.06 2.292 2.473 2.598 2.674 2.758 2.655 2.571 2.556 2.362 2.235 2.248 2.087 2.02 1.842 1.843 2.071 2.24 2.156 1.934 1.486 0.92 0.732 0.716 0.935 1.341 1.849 2.321 2.717 3.057 3.533 3.955 4.036 4.165 4.292 4.36 4.46 4.634 4.976 5.006 4.595 4.31 3.532 3.458 3.678 4.045 4.758 5.406 5.701 5.162 3.972 3.041 2.956 3.368 3.779 3.649 3.245 2.56 2.17 1.843 1.533 1.499 1.994 2.518 2.827 3.163 3.742 4.512 4.925 4.789 4.52 4.087 3.502 2.949 2.537
2.097 2.29 2.436 2.485 2.52 2.649 2.755 2.806 2.746 2.669 2.431 2.066 1.844 1.662 1.587 1.569 1.664 1.839 1.886 1.774 1.529 1.107 0.727 0.639 0.737 1.05 1.48 1.908 2.278 2.643 3.093 3.537 3.851 3.99 4.145 4.259 4.37 4.477 4.776 5.068 5.064 4.864 4.529 3.73 3.317 3.657 4.005 4.59 5.092 5.271 4.904 4.083 3.049 2.501 2.821 3.158 3.38 3.203 2.779 2.592 2.181 1.651 1.437 1.766 2.162 2.482 3.024 3.797 4.44 4.759 4.815 4.588 4.129 3.677 3.447 3.035
2.264 2.327 2.322 2.322 2.367 2.424 2.481 2.705 2.644 2.496 2.313 1.884 1.433 1.253 1.319 1.442 1.471 1.495 1.467 1.325 1.05 0.752 0.596 0.665 0.891 1.143 1.47 1.821 2.203 2.624 2.991 3.28 3.469 3.588 3.82 4.018 4.278 4.492 4.751 4.948 5.092 5.103 4.712 3.927 3.257 3.538 3.894 4.408 4.882 5.062 4.978 4.426 3.251 2.254 2.303 2.718 3.094 3.105 3.064 3.009 2.592 1.996 1.479 1.492 1.842 2.171 2.998 3.841 4.404 4.435 4.492 4.381 3.947 3.676 3.679 3.263
2.234 2.283 2.182 2.063 2.264 2.279 2.174 2.515 2.296 2.12 1.997 1.564 1.047 1.091 1.233 1.242 1.17 1.13 0.985 0.868 0.667 0.546 0.595 0.763 0.895 1.251 1.536 1.896 2.258 2.441 2.707 2.934 3.043 3.292 3.462 3.768 4.227 4.444 4.572 4.662 4.871 4.98 4.803 4.096 3.229 3.361 3.756 4.355 4.736 4.996 5.118 4.525 3.424 2.182 1.99 2.377 2.738 2.95 3.092 3.084 2.764 2.231 1.569 1.441 1.853 2.249 3.048 3.909 4.464 4.409 4.28 4.026 3.496 3.181 3.368 3.402
1.873 2.001 1.938 1.883 2.052 2.107 1.922 2.151 1.995 1.799 1.613 1.236 0.879 0.956 0.918 0.847 0.711 0.591 0.524 0.493 0.511 0.602 0.738 0.799 1.017 1.312 1.501 1.635 1.819 2.087 2.319 2.519 2.766 3.033 3.266 3.557 3.845 4.141 4.352 4.523 4.832 4.854 4.611 4.125 3.353 3.227 3.682 4.277 4.772 5 5.003 4.529 3.455 2.251 1.77 1.827 2.116 2.449 2.691 2.86 2.56 2.077 1.54 1.608 2.145 2.661 3.137 3.932 4.514 4.63 4.555 4.143 3.422 2.658 2.936 3.368
1.513 1.727 1.475 1.502 1.837 1.955 1.569 1.849 1.698 1.463 1.186 0.816 0.632 0.775 0.523 0.342 0.25 0.185 0.282 0.442 0.634 0.947 1.263 1.119 1.142 1.364 1.26 1.275 1.421 1.75 2.152 2.519 2.861 3.062 3.156 3.252 3.451 3.851 4.243 4.439 4.841 4.927 4.648 4.218 3.402 3.097 3.602 4.232 4.723 4.877 4.691 4.324 3.375 2.423 1.938 1.629 1.642 1.901 2.275 2.384 2.034 1.715 1.519 1.856 2.462 2.969 3.432 3.977 4.284 4.334 4.315 3.979 3.139 2.441 2.725 3.168
1.286 1.392 1.089 1.289 1.616 1.701 1.388 1.432 1.448 1.11 0.696 0.469 0.512 0.481 0.193 0.01 0.039 0.239 0.523 0.814 1.095 1.588 1.888 1.805 1.437 1.25 1.294 1.496 1.645 1.916 2.398 2.772 2.985 3.014 3.035 2.954 3.235 3.618 4.081 4.375 4.566 4.732 4.627 4.208 3.39 3.054 3.654 4.278 4.69 4.758 4.374 3.809 3.267 3 2.748 2.189 1.654 1.535 1.813 1.708 1.507 1.457 1.613 2.136 2.742 3.191 3.782 4.191 4.142 3.801 3.603 3.388 2.66 2.353 2.724 2.924
1.047 1.137 0.696 0.87 1.203 1.436 1.14 1.042 1.241 0.86 0.347 0.214 0.33 0.156 -0.085 -0.164 0.075 0.479 0.953 1.442 1.701 2.235 2.533 2.412 1.97 1.511 1.651 1.887 2.012 2.174 2.576 2.876 3.023 2.866 2.813 2.752 3.071 3.44 3.87 4.077 4.087 4.164 4.028 3.674 3.08 2.992 3.683 4.353 4.735 4.812 4.53 4.068 3.751 3.652 3.336 2.815 2.257 1.71 1.461 1.33 1.429 1.608 1.886 2.251 2.775 3.327 3.739 4.15 4.194 4.059 3.785 3.226 2.59 2.13 2.211 2.391
0.618 0.687 0.382 0.468 0.828 1.065 0.919 0.737 0.922 0.68 0.18 -0.001 -0.049 -0.182 -0.239 -0.092 0.25 0.717 1.317 1.995 2.409 2.744 2.8 2.664 2.354 1.876 1.953 2.204 2.386 2.642 2.857 2.946 3.011 2.807 2.565 2.658 2.907 3.235 3.591 3.595 3.411 3.332 3.075 2.8 2.654 2.993 3.657 4.347 4.783 4.987 4.912 4.595 4.231 3.94 3.691 3.342 2.85 2.22 1.448 1.252 1.57 1.905 2.081 2.533 2.842 3.34 3.403 3.978 4.408 4.431 4.08 3.642 2.952 2.057 1.861 2.106
0.16 0.271 0.032 0.143 0.5 0.644 0.615 0.39 0.56 0.393 -0.044 -0.215 -0.305 -0.361 -0.25 0.022 0.404 0.984 1.636 2.397 2.801 3.02 3.036 3.002 2.749 2.359 2.311 2.547 2.834 3.165 3.175 2.984 2.884 2.652 2.453 2.609 2.811 3.063 3.369 3.317 3.006 2.607 2.304 2.304 2.59 3.223 3.876 4.434 4.658 4.707 4.616 4.294 3.986 3.653 3.554 3.477 3.046 2.335 1.52 1.386 1.681 2.002 2.338 2.694 3.065 3.249 3.235 3.666 4.009 4.202 4.211 3.905 3.024 2.138 1.943 2.382
