data/climatemaps/RS_maps/climate_breeding_pr_2015.asc
NCOLS 369 
NROWS 228 
XLLCORNER 479000 
YLLCORNER 73000 
CELLSIZE 1000 
NODATA_value -9 
[rows 102 to 135 of 228, columns 152 to 227 of 369]
0.385 0.371 0.466 0.629 0.745 0.862 0.872 0.827 0.686 0.533 0.379 0.243 0.166 0.3 0.625 0.851 0.9 0.963 1.117 1.283 1.27 0.996 1.065 1.267 1.433 1.525 1.591 1.495 1.176 0.872 0.637 0.491 0.384 0.354 0.384 0.405 0.828 1.457 1.726 1.732 1.287 0.761 0.782 1.167 1.572 1.912 1.963 2.205 2.271 1.991 1.601 1.637 1.77 1.831 1.48 0.862 0.545 0.372 0.379 0.746 1.143 1.395 1.643 1.923 2.157 2.395 2.614 2.656 2.44 2.13 1.913 2.151 2.031 1.727 1.383 0.859
0.222 0.325 0.418 0.531 0.679 0.778 0.729 0.657 0.552 0.485 0.46 0.399 0.227 0.373 0.703 0.854 0.994 1.236 1.351 1.374 1.216 1.178 1.312 1.347 1.343 1.416 1.451 1.436 1.284 0.941 0.646 0.44 0.332 0.323 0.319 0.45 1.035 1.725 1.871 1.703 1.247 0.802 0.766 1.054 1.45 1.956 2.207 2.465 2.603 2.383 2.007 1.893 1.825 1.733 1.413 0.969 0.583 0.341 0.3 0.535 0.896 1.192 1.61 1.913 2.092 2.385 2.51 2.435 2.349 2.152 2.136 2.251 2.198 2.061 1.765 1.133
0.205 0.295 0.362 0.429 0.539 0.567 0.531 0.502 0.536 0.628 0.722 0.687 0.377 0.417 0.627 0.874 1.207 1.556 1.586 1.575 1.451 1.483 1.422 1.299 1.402 1.477 1.585 1.615 1.389 0.93 0.601 0.386 0.304 0.273 0.302 0.526 1.013 1.634 1.833 1.755 1.417 0.864 0.779 1.165 1.496 1.915 2.421 2.815 2.997 2.763 2.334 1.892 1.511 1.326 1.147 0.958 0.612 0.315 0.217 0.296 0.608 0.927 1.348 1.661 1.881 2.121 2.234 2.256 2.187 2.099 2.307 2.365 2.361 2.336 2.019 1.445
0.313 0.316 0.279 0.362 0.407 0.422 0.382 0.464 0.626 0.84 0.994 0.873 0.435 0.444 0.613 0.979 1.472 1.617 1.837 1.805 1.635 1.624 1.438 1.402 1.514 1.519 1.566 1.466 1.152 0.796 0.499 0.338 0.28 0.23 0.309 0.64 1.164 1.695 1.93 1.998 1.606 0.886 0.816 1.281 1.71 2.126 2.686 3.057 3.081 2.748 2.25 1.64 1.444 1.359 1.085 1.033 0.589 0.297 0.193 0.222 0.606 0.922 1.184 1.373 1.519 1.676 1.821 2.042 2.089 2.059 2.222 2.357 2.286 2.194 1.977 1.674
0.457 0.499 0.353 0.268 0.264 0.272 0.301 0.493 0.757 1.124 1.166 0.835 0.448 0.428 0.645 1.081 1.427 1.734 2.012 1.89 1.785 1.63 1.536 1.443 1.337 1.278 1.242 1.149 0.914 0.633 0.395 0.295 0.248 0.244 0.365 0.743 1.374 1.882 2.048 1.995 1.411 0.82 0.813 1.127 1.555 2.145 2.819 3.137 3.022 2.691 2.243 1.695 1.811 1.516 1.238 1.091 0.6 0.297 0.192 0.182 0.489 0.833 1.004 1.019 1.103 1.255 1.405 1.676 1.854 1.961 2.11 2.186 2.192 2.092 1.966 1.928
0.618 0.603 0.495 0.33 0.219 0.193 0.331 0.558 0.934 1.286 1.176 0.917 0.508 0.437 0.737 1.015 1.366 1.778 1.987 1.933 1.805 1.597 1.524 1.319 1.11 0.994 0.903 0.812 0.646 0.43 0.297 0.257 0.242 0.295 0.442 0.83 1.499 2.021 2.069 1.801 1.11 0.844 0.932 0.902 1.289 1.944 2.542 2.965 3.077 2.915 2.485 1.917 1.998 1.543 1.357 1.302 0.825 0.358 0.202 0.126 0.184 0.472 0.569 0.569 0.651 0.817 0.958 1.209 1.329 1.446 1.579 1.825 2.041 1.966 2.015 2.078
0.694 0.668 0.572 0.367 0.24 0.179 0.375 0.688 1.046 1.215 1.156 0.962 0.512 0.422 0.783 0.873 1.205 1.609 1.897 1.923 1.784 1.59 1.314 1.079 0.866 0.709 0.608 0.523 0.365 0.246 0.219 0.243 0.259 0.342 0.584 1.021 1.599 1.972 1.925 1.527 0.959 0.85 0.951 0.944 1.284 1.951 2.558 3.156 3.162 2.951 2.461 2.19 2.209 1.661 1.632 1.709 1.072 0.545 0.239 0.127 0.07 0.113 0.18 0.245 0.358 0.474 0.601 0.78 0.89 0.957 1.093 1.23 1.406 1.548 1.716 1.905
0.672 0.67 0.6 0.386 0.214 0.167 0.381 0.705 0.936 1.075 1.106 0.868 0.512 0.37 0.575 0.723 1.084 1.522 1.824 1.908 1.807 1.599 1.167 0.833 0.6 0.436 0.326 0.224 0.137 0.117 0.165 0.266 0.31 0.505 0.828 1.182 1.635 1.97 1.772 1.219 0.854 0.885 1.095 1.344 1.561 2.082 2.654 3.176 3.255 3.107 2.639 2.644 2.724 2.264 2.182 1.858 1.161 0.771 0.391 0.137 0.038 -0.006 0.077 0.242 0.41 0.604 0.621 0.65 0.675 0.666 0.678 0.742 0.841 1.013 1.269 1.656
0.597 0.667 0.567 0.386 0.189 0.24 0.4 0.577 0.794 1.018 1.156 0.983 0.605 0.342 0.454 0.678 1.041 1.483 1.65 1.805 1.644 1.36 1.008 0.653 0.382 0.205 0.09 0.022 0.006 0.062 0.208 0.418 0.478 0.517 0.751 0.945 1.443 1.847 1.425 0.953 0.889 1.147 1.382 1.714 1.841 2.219 2.679 3.231 3.402 3.514 3.046 2.963 3.113 2.768 2.251 1.553 1.173 1.061 0.599 0.178 0.003 -0.05 0.086 0.3 0.43 0.754 0.93 0.992 0.983 0.781 0.563 0.712 0.81 0.939 1.215 1.641
0.512 0.612 0.542 0.359 0.184 0.346 0.505 0.624 0.796 1.107 1.325 1.148 0.632 0.417 0.604 0.811 1.044 1.465 1.532 1.568 1.386 1.055 0.774 0.464 0.205 0.07 -0.024 -0.063 -0.009 0.144 0.419 0.701 0.903 0.621 0.569 0.911 1.409 1.56 1.28 0.889 0.903 1.143 1.396 1.823 2.001 2.254 2.626 3.087 3.335 3.58 3.534 3.288 3.161 2.995 2.272 1.656 1.476 1.18 0.667 0.229 -0.028 -0.013 0.116 0.274 0.482 0.801 1.19 1.38 1.436 1.144 0.778 1.054 1.151 1.221 1.433 1.685
0.507 0.607 0.486 0.286 0.237 0.332 0.492 0.682 0.875 1.361 1.391 1.094 0.624 0.539 0.796 0.954 1.112 1.466 1.487 1.354 1.145 0.834 0.562 0.317 0.142 0.022 -0.059 -0.031 0.138 0.366 0.739 1.083 1.262 0.867 0.58 0.885 1.332 1.447 1.453 0.986 0.797 1.061 1.287 1.521 1.637 1.833 2.279 2.651 3 3.361 3.448 3.267 3.249 3.036 2.386 1.87 1.565 1.201 0.765 0.269 -0.066 0.024 0.263 0.391 0.572 0.935 1.424 1.683 1.592 1.311 1.08 1.362 1.474 1.548 1.642 1.846
0.555 0.498 0.319 0.287 0.348 0.307 0.39 0.644 1.032 1.368 1.262 0.997 0.649 0.641 0.929 1.121 1.281 1.445 1.441 1.273 1.099 0.915 0.571 0.269 0.134 0.028 0.03 0.174 0.456 0.687 1.034 1.44 1.307 0.774 0.688 1.018 1.489 1.755 1.719 1.251 0.831 0.938 1.087 1.194 1.117 1.445 2.035 2.43 2.809 2.944 2.901 2.818 2.971 2.819 2.419 1.922 1.61 1.308 0.865 0.311 -0.108 -0.109 0.212 0.503 0.728 1.1 1.492 1.776 1.768 1.476 1.386 1.589 1.716 1.815 1.925 2.048
0.451 0.308 0.271 0.362 0.332 0.246 0.333 0.617 1.098 1.194 1.122 0.954 0.727 0.647 0.795 1.086 1.346 1.395 1.39 1.41 1.286 1.026 0.652 0.342 0.191 0.072 0.208 0.318 0.659 1.04 1.389 1.53 1.233 0.82 0.891 1.228 1.7 1.919 1.816 1.292 0.915 0.887 0.869 0.828 0.789 1.275 1.835 2.135 2.488 2.441 2.411 2.542 2.674 2.798 2.558 2.223 1.815 1.384 0.927 0.356 -0.113 -0.286 -0.056 0.304 0.639 1.083 1.435 1.762 1.891 1.687 1.742 1.939 1.991 1.915 1.973 2.089
0.338 0.243 0.238 0.224 0.148 0.145 0.287 0.635 0.967 1.004 0.988 0.952 0.926 0.775 0.709 0.906 1.244 1.443 1.543 1.62 1.52 1.34 0.923 0.641 0.337 0.224 0.527 0.544 0.605 1.142 1.606 1.545 1.38 0.911 1.067 1.489 1.891 1.91 1.719 1.456 1.104 0.892 0.737 0.647 0.684 1.097 1.52 1.808 2.172 2.099 2.043 2.445 2.707 2.749 2.478 2.13 1.55 1.052 0.701 0.35 -0.005 -0.349 -0.307 -0.029 0.362 0.851 1.306 1.92 2.14 2.145 2.309 2.237 1.995 1.739 1.66 1.842
0.548 0.348 0.215 0.142 0.083 0.057 0.174 0.553 0.772 0.796 0.843 0.952 1.041 1.009 0.91 0.901 1.099 1.343 1.551 1.783 1.765 1.405 1.142 0.724 0.328 0.401 0.803 0.701 0.641 1.131 1.665 1.729 1.442 1.003 1.244 1.631 2.062 2.337 2.058 1.745 1.486 1.215 0.962 0.855 0.734 0.844 1.144 1.571 1.767 1.621 1.796 2.437 2.656 2.385 2.137 1.874 1.541 1.108 0.859 0.645 0.214 -0.282 -0.454 -0.287 0.161 0.719 1.29 1.877 2.112 2.264 2.207 2.013 1.726 1.405 1.514 1.639
0.675 0.577 0.463 0.414 0.36 0.297 0.244 0.329 0.453 0.577 0.808 0.953 1.096 1.185 1.133 1.159 1.251 1.431 1.573 1.848 1.8 1.491 1.173 0.529 0.272 0.48 0.868 0.741 0.83 1.247 1.692 1.74 1.35 1.183 1.445 1.744 2.134 2.535 2.534 2.169 1.909 1.659 1.363 1.333 1.139 1.003 0.998 1.249 1.316 1.294 1.677 2.232 2.366 2.212 2.176 1.979 1.861 1.538 1.304 0.929 0.446 -0.134 -0.472 -0.376 0.073 0.693 1.249 1.531 1.749 1.835 1.743 1.513 1.177 1.226 1.558 1.686
0.83 0.812 0.757 0.785 0.818 0.772 0.689 0.502 0.414 0.617 0.851 1.016 1.155 1.333 1.444 1.498 1.555 1.683 1.72 1.86 1.687 1.397 0.905 0.355 0.234 0.453 0.828 0.786 1.059 1.428 1.749 1.814 1.545 1.556 1.715 1.997 2.256 2.522 2.666 2.6 2.328 2.016 1.815 1.856 1.716 1.605 1.225 1.213 1.317 1.476 1.757 2.111 2.268 2.335 2.427 2.319 2.142 1.757 1.338 1.062 0.601 0.058 -0.415 -0.413 -0.022 0.503 0.873 1.085 1.335 1.369 1.197 0.96 0.925 1.239 1.5 1.517
0.982 1.151 1.161 1.26 1.251 1.114 0.874 0.606 0.597 0.775 0.959 1.164 1.257 1.284 1.412 1.452 1.399 1.474 1.568 1.601 1.388 1.034 0.538 0.211 0.207 0.471 0.756 0.786 1.1 1.569 1.825 1.84 1.87 1.965 1.979 2.099 2.178 2.308 2.471 2.642 2.565 2.339 2.166 2.238 2.322 2.103 1.744 1.728 1.728 1.879 1.972 2.065 2.207 2.301 2.394 2.409 2.085 1.718 1.309 0.916 0.599 0.069 -0.418 -0.418 -0.119 0.235 0.37 0.537 0.72 0.744 0.74 0.83 0.966 1.125 1.341 1.371
1.204 1.282 1.205 1.319 1.265 1.163 0.992 0.784 0.854 0.998 1.124 1.144 1.006 0.819 0.844 0.856 0.815 0.869 0.95 1.186 1.112 0.718 0.363 0.169 0.266 0.536 0.774 0.859 1.024 1.555 1.822 1.879 1.98 2.048 2.053 2.038 1.985 2.104 2.291 2.414 2.499 2.567 2.555 2.513 2.618 2.412 2.318 2.309 2.155 2.026 1.878 1.82 1.994 2.061 1.993 2.151 2.009 1.61 1.267 0.766 0.323 -0.082 -0.429 -0.421 -0.306 -0.159 -0.026 0.143 0.318 0.502 0.766 1.061 1.139 1.098 1.322 1.388
1.287 1.205 1.195 1.298 1.279 1.233 1.158 1.001 1.117 1.139 0.963 0.694 0.446 0.295 0.236 0.232 0.239 0.309 0.349 0.629 0.755 0.521 0.279 0.179 0.3 0.462 0.644 0.804 1.012 1.387 1.721 1.972 1.98 2.018 2.036 1.846 1.763 2.012 2.24 2.49 2.613 2.579 2.404 2.234 2.361 2.464 2.501 2.421 2.272 1.873 1.566 1.664 1.848 1.878 1.634 1.802 1.704 1.333 0.938 0.526 0.041 -0.286 -0.381 -0.184 -0.049 -0.098 0.003 0.179 0.367 0.653 0.918 1.191 1.175 1.168 1.414 1.339
1.321 1.145 1.249 1.313 1.315 1.324 1.236 1.247 1.199 0.915 0.48 0.161 -0.045 -0.148 -0.182 -0.185 -0.157 -0.109 -0.074 0.073 0.259 0.222 0.107 0.119 0.137 0.214 0.379 0.574 0.836 1.131 1.368 1.727 1.989 1.921 1.742 1.505 1.752 2.065 2.182 2.218 2.161 1.931 1.836 1.989 2.28 2.506 2.292 2.142 2.077 1.838 1.415 1.595 1.551 1.731 1.447 1.265 1.252 1.204 0.84 0.329 -0.139 -0.285 -0.135 0.187 0.385 0.258 0.208 0.424 0.57 0.796 1.081 1.227 1.147 1.26 1.356 1.25
1.259 1.106 1.237 1.285 1.309 1.373 1.396 1.243 0.867 0.418 0.074 -0.126 -0.244 -0.322 -0.358 -0.362 -0.331 -0.299 -0.267 -0.214 -0.126 -0.114 -0.126 -0.116 -0.075 -0.027 0.112 0.281 0.495 0.801 1.108 1.422 1.651 1.415 1.194 1.431 1.662 1.641 1.49 1.408 1.409 1.48 1.76 2.017 2.163 2.252 2.135 1.801 1.645 1.544 1.304 1.326 1.297 1.377 1.382 1.253 0.941 0.815 0.56 0.048 -0.241 -0.173 0.159 0.587 0.736 0.595 0.41 0.671 0.789 0.893 1.167 1.262 1.222 1.328 1.323 1.209
1.171 0.963 1.047 1.12 1.193 1.365 1.303 0.837 0.375 0.063 -0.108 -0.223 -0.304 -0.34 -0.319 -0.303 -0.319 -0.3 -0.27 -0.24 -0.215 -0.193 -0.209 -0.236 -0.238 -0.176 -0.076 0.003 0.225 0.545 0.89 1.135 1.05 0.838 1.035 1.285 1.233 0.991 0.876 0.905 0.981 1.183 1.437 1.705 1.772 1.908 1.823 1.698 1.76 1.531 1.308 1.106 1.02 1.022 1.055 1.083 0.884 0.499 0.254 -0.142 -0.208 -0.044 0.373 0.852 1.032 0.912 0.717 0.91 1.028 0.935 1.043 1.202 1.228 1.235 1.17 1.007
1.092 0.794 0.823 0.89 1.035 1.097 0.786 0.328 0.057 -0.084 -0.174 -0.232 -0.195 -0.079 0.029 0.096 0.105 0.109 0.205 0.186 0.167 0.153 0.087 -0.108 -0.217 -0.277 -0.284 -0.197 -0.056 0.214 0.524 0.617 0.468 0.581 0.691 0.656 0.692 0.685 0.937 1.126 1.206 1.256 1.382 1.527 1.534 1.683 1.746 1.748 1.979 1.843 1.684 1.407 1.15 0.839 0.698 0.668 0.669 0.378 -0.054 -0.212 0.047 0.132 0.488 0.92 1.207 1.212 1.088 1.043 1.053 0.835 0.91 1.074 1.026 0.94 0.823 0.618
0.84 0.634 0.75 0.837 0.77 0.521 0.191 -0.003 -0.096 -0.151 -0.153 -0.04 0.227 0.287 0.4 0.517 0.562 0.751 0.904 0.761 0.747 0.708 0.6 0.347 0.032 -0.183 -0.319 -0.379 -0.319 -0.11 0.001 0.038 0.071 0.136 0.203 0.302 0.436 0.74 1.131 1.335 1.474 1.567 1.63 1.698 1.61 1.726 1.889 1.792 2.03 2.098 1.906 1.776 1.495 1.044 0.749 0.454 0.295 0.107 -0.224 -0.092 0.295 0.281 0.667 1.072 1.327 1.406 1.346 1.209 1.1 0.758 0.8 0.841 0.76 0.621 0.414 0.177
0.567 0.653 0.684 0.407 0.177 -0.01 -0.133 -0.163 -0.168 -0.112 0.113 0.394 0.62 0.563 0.8 0.973 1.097 1.15 1.187 1.215 1.399 1.189 1.103 0.846 0.472 0.102 -0.158 -0.342 -0.464 -0.442 -0.389 -0.273 -0.126 0.073 0.303 0.459 0.547 0.762 1.173 1.389 1.574 1.755 1.767 1.757 1.797 1.839 2.098 1.87 1.913 2.14 2.051 1.878 1.624 1.334 1.124 0.696 0.204 -0.144 -0.255 0.053 0.434 0.423 0.807 1.149 1.473 1.612 1.537 1.278 1.057 0.673 0.557 0.548 0.424 0.282 0.05 -0.23
0.495 0.583 0.231 -0.042 -0.183 -0.246 -0.256 -0.196 -0.044 0.203 0.626 0.918 0.996 0.992 1.137 1.389 1.471 1.579 1.727 1.838 1.694 1.564 1.45 1.03 0.617 0.338 0.186 -0.111 -0.41 -0.558 -0.458 -0.151 0.101 0.333 0.539 0.769 0.848 0.75 1.006 1.228 1.444 1.725 1.9 2.033 2.072 2.072 2.245 1.907 1.714 1.981 2.089 1.942 1.831 1.569 1.239 0.757 0.202 -0.221 -0.133 0.206 0.568 0.625 0.874 1.303 1.615 1.649 1.603 1.164 0.86 0.542 0.25 0.213 0.125 -0.049 -0.263 -0.499
0.294 0.106 -0.117 -0.222 -0.299 -0.319 -0.264 -0.001 0.36 0.602 1.04 1.309 1.325 1.325 1.392 1.719 1.902 2.091 2.143 2.067 1.989 1.846 1.523 1.088 0.655 0.576 0.494 0.196 -0.259 -0.466 -0.459 -0.058 0.267 0.46 0.664 0.925 1.025 1.007 0.998 1.045 1.394 1.737 2.073 2.247 2.275 2.277 2.288 1.966 1.675 1.704 1.892 1.985 1.891 1.527 1.152 0.741 0.154 -0.209 0.018 0.335 0.684 0.781 1.003 1.44 1.62 1.484 1.423 1.052 0.603 0.29 -0.041 -0.114 -0.165 -0.232 -0.436 -0.627
-0.069 -0.153 -0.228 -0.287 -0.308 -0.245 -0.065 0.36 0.815 1.095 1.355 1.548 1.577 1.632 1.612 1.809 2.047 2.211 2.132 2.058 1.939 1.706 1.368 0.955 0.778 0.883 0.703 0.034 -0.249 -0.2 -0.393 -0.216 0.1 0.32 0.523 0.809 1.048 1.142 1.117 1.06 1.428 1.811 2.104 2.155 2.21 2.225 2.209 2.032 1.783 1.604 1.499 1.66 1.661 1.32 1.033 0.707 0.144 -0.197 0.105 0.407 0.738 0.919 1.108 1.438 1.407 1.353 1.028 0.779 0.313 -0.014 -0.224 -0.338 -0.408 -0.464 -0.544 -0.608
-0.105 -0.172 -0.233 -0.235 -0.162 0.01 0.308 0.686 1.133 1.334 1.549 1.758 1.882 1.931 1.866 1.954 2.015 2.067 2.021 1.934 1.826 1.527 1.301 1.09 0.991 1.16 0.716 -0.082 -0.026 0.181 -0.147 -0.297 -0.19 0.077 0.268 0.557 0.889 1.158 1.217 1.259 1.509 1.833 2.155 2.113 2.002 1.994 2.054 2.01 1.876 1.605 1.296 1.194 1.213 0.993 0.697 0.377 0.014 -0.187 0.058 0.321 0.691 0.969 1.165 1.3 1.173 1.138 0.784 0.42 0.1 -0.104 -0.161 -0.279 -0.305 -0.341 -0.346 -0.417
-0.013 -0.143 -0.148 -0.013 0.114 0.267 0.605 0.876 1.171 1.449 1.623 1.744 1.865 1.825 1.832 1.859 1.793 1.768 1.772 1.721 1.558 1.434 1.568 1.453 1.179 1.257 0.725 0.024 0.254 0.522 0.186 -0.099 -0.246 -0.161 -0.017 0.314 0.673 1.047 1.261 1.455 1.605 1.846 2.175 2.268 2.038 1.862 1.772 1.81 1.746 1.527 1.311 1.065 0.763 0.561 0.361 0.207 -0.001 -0.03 0.177 0.403 0.616 0.783 0.963 1.076 1.078 0.907 0.578 0.258 0.099 0.104 0.028 -0.11 -0.025 -0.115 -0.102 -0.208
0.13 -0.038 -0.022 0.228 0.381 0.501 0.595 0.755 1.006 1.232 1.336 1.341 1.482 1.496 1.498 1.449 1.435 1.36 1.389 1.488 1.446 1.537 1.858 1.722 1.483 1.264 0.779 0.225 0.497 0.822 0.581 0.302 -0.036 -0.188 -0.182 0.092 0.432 0.855 1.219 1.544 1.677 1.9 2.252 2.457 2.301 2.045 1.687 1.481 1.463 1.282 1.034 0.809 0.658 0.633 0.607 0.539 0.124 0.177 0.321 0.399 0.449 0.667 0.964 0.999 0.962 0.687 0.442 0.391 0.348 0.338 0.142 0.121 0.219 0.105 0.151 -0.008
0.363 0.178 0.015 0.194 0.405 0.393 0.338 0.445 0.59 0.686 0.836 0.883 0.929 0.918 1.039 0.959 0.913 0.89 0.989 1.279 1.682 1.782 1.958 1.877 1.755 1.374 0.942 0.463 0.579 0.86 0.904 0.601 0.32 0.135 -0.086 -0.002 0.421 0.75 1.003 1.489 1.683 1.918 2.238 2.475 2.485 2.215 1.917 1.491 1.169 1.027 0.914 0.932 0.969 0.973 0.9 0.648 0.228 0.114 0.231 0.28 0.462 0.759 1.001 0.973 0.862 0.779 0.616 0.668 0.585 0.496 0.304 0.382 0.461 0.369 0.36 0.142
0.741 0.568 0.198 0.059 0.12 0.043 -0.004 0.032 0.12 0.186 0.287 0.377 0.373 0.4 0.525 0.473 0.437 0.484 0.715 1.265 1.807 1.968 1.995 1.943 1.864 1.518 1.196 0.852 0.749 0.768 0.914 0.986 0.776 0.535 0.138 0.013 0.39 0.622 0.831 1.352 1.693 1.892 2.115 2.399 2.448 2.215 1.852 1.628 1.56 1.324 1.296 1.275 1.222 1.111 0.849 0.518 0.167 0.062 0.117 0.251 0.508 0.806 0.969 1.012 1.036 1.028 0.748 0.86 0.799 0.638 0.507 0.641 0.685 0.616 0.455 0.159
