data/climatemaps/RS_maps/climate_postbreed_tmp_2016.asc
NCOLS 369 
NROWS 228 
XLLCORNER 479000 
YLLCORNER 73000 
CELLSIZE 1000 
NODATA_value -9 
[rows 102 to 135 of 228, columns 154 to 230 of 369]
0.446 0.152 0.034 -0.078 0.097 0.285 0.5 0.698 0.833 0.928 0.94 0.466 -0.454 -0.668 -0.211 -0.008 -0.305 -0.833 -0.917 -0.166 -0.405 -0.861 -0.998 -0.817 -0.667 -0.293 0.49 1.084 1.59 1.889 2.032 1.872 1.673 1.818 0.958 -0.38 -0.451 -0.205 0.817 1.952 1.502 0.331 -0.412 -0.734 -0.232 -0.634 -0.901 -0.426 0.307 -0.202 -0.791 -1.063 0.104 1.941 2.489 2.544 2.087 0.512 -0.737 -0.989 -1.05 -1.201 -1.245 -1.561 -2.039 -2.125 -1.424 -0.538 -0.101 -1.385 -1.426 -0.919 -0.546 0.788 -0.011 -1.247 -1.416
0.368 0.179 -0.093 -0.162 0.238 0.483 0.736 0.803 0.666 0.554 0.876 0.323 -0.607 -0.495 -0.283 -0.528 -0.545 -0.559 -0.227 -0.38 -0.904 -0.886 -0.542 -0.353 -0.148 -0.028 0.228 0.919 1.515 1.934 2.02 1.772 1.753 1.577 0.369 -0.848 -0.357 0.407 1.287 1.962 1.579 0.735 0.074 -0.637 -0.6 -0.891 -1.291 -1.045 -0.553 -0.759 -0.882 -0.758 0.197 1.286 2.161 2.591 2.337 1.249 0.051 -0.526 -1.404 -1.706 -1.57 -2.047 -2.068 -1.555 -1.186 -0.585 -0.736 -1.4 -1.495 -1.512 -1.194 0.407 -0.026 -1.164 -1.384
0.408 0.312 0.082 0.208 0.511 0.689 0.667 0.423 0.031 -0.136 0.59 0.311 -0.225 -0.48 -0.813 -1.187 -0.837 -0.698 -0.506 -0.91 -0.901 -0.52 -0.648 -0.527 -0.569 -0.587 -0.045 1.034 1.686 2.074 1.993 1.823 1.721 1.288 0.595 -0.243 0.081 0.489 0.885 1.827 1.519 0.246 -0.161 -0.427 -1.015 -1.53 -1.911 -1.604 -1.076 -0.417 0.253 0.551 0.937 1.137 1.912 2.638 2.645 2.161 1.01 0.176 -0.858 -1.331 -1.467 -1.775 -1.726 -1.515 -1.072 -0.688 -1.562 -1.843 -1.884 -2.058 -1.443 -0.058 0.302 -0.344 -1.21
0.715 0.44 0.326 0.388 0.651 0.614 0.378 -0.125 -0.574 -0.421 0.617 0.33 -0.14 -0.804 -1.545 -1.136 -1.269 -0.995 -0.648 -0.941 -0.672 -0.718 -0.986 -0.74 -0.629 -0.224 0.64 1.391 1.99 2.148 1.956 1.889 1.643 0.912 0.166 -0.299 -0.085 -0.172 0.368 1.78 1.318 -0.255 -0.983 -1.123 -1.692 -1.92 -1.705 -1.074 -0.396 0.607 0.473 0.261 0.938 0.661 1.924 2.694 2.732 2.378 0.683 -0.293 -0.773 -0.884 -0.856 -0.947 -1.054 -1.598 -1.529 -1.274 -1.818 -2.237 -1.775 -1.361 -0.816 -0.326 -0.379 -1.801 -2.041
0.644 0.78 0.69 0.643 0.715 0.447 0.002 -0.842 -0.807 0.01 0.72 0.443 -0.259 -1.145 -1.343 -1.402 -1.595 -0.98 -0.794 -0.673 -0.805 -0.794 -0.492 -0.177 0.109 0.458 1.07 1.681 2.168 2.134 1.961 1.757 1.414 0.601 -0.454 -0.814 -0.432 -0.155 0.968 1.955 1.228 0.258 -0.451 -1.187 -2.019 -1.954 -1.267 -0.609 -0.141 0.596 -0.686 -0.227 0.32 0.369 1.831 2.699 2.778 2.532 1.043 -0.276 -0.568 -0.081 0.043 -0.174 -0.381 -1.164 -1.61 -1.857 -2.3 -2.371 -2.071 -1.346 -0.826 -0.939 -0.981 -1.995 -2.006
0.429 0.681 0.793 0.784 0.498 0.177 -0.505 -1.113 -0.581 -0.083 0.611 0.445 -0.622 -0.944 -1.175 -1.529 -1.451 -0.988 -0.702 -0.433 -0.688 -0.436 0.054 0.404 0.756 1.05 1.485 2.035 2.248 2.087 1.895 1.533 1.148 0.311 -0.82 -1.237 -0.591 0.29 1.793 1.704 0.69 1.008 0.424 -0.544 -1.139 -1.39 -1.303 -1.054 -0.591 0.175 -1.03 -0.09 -0.047 -0.497 0.93 2.47 2.805 2.845 2.42 1.097 0.94 1.191 1.129 0.745 0.55 -0.13 -0.41 -0.76 -1.166 -1.973 -2.475 -1.64 -1.549 -1.675 -2.061 -2.35 -1.258
0.381 0.711 0.723 0.788 0.292 -0.319 -0.794 -0.725 -0.383 -0.132 0.642 0.512 -0.832 -0.521 -0.724 -1.065 -1.227 -0.977 -0.66 -0.453 -0.077 0.192 0.577 0.945 1.225 1.462 1.967 2.289 2.238 1.985 1.802 1.407 0.652 -0.384 -1.188 -1.185 -0.388 0.809 2.028 1.539 0.679 0.769 0.331 -0.611 -1.262 -2.065 -1.515 -0.953 -0.153 -0.28 -1.42 -0.326 -0.943 -1.832 0.186 1.782 2.712 2.876 2.87 2.563 2.305 2.159 1.911 1.718 1.448 0.874 0.524 0.299 -0.19 -0.598 -0.957 -1.016 -1.158 -1.47 -2.074 -1.871 -0.703
0.34 0.697 0.839 0.812 0.256 -0.37 -0.392 -0.26 -0.224 0.189 0.634 0.655 -0.109 -0.087 -0.442 -0.912 -1.102 -1.049 -0.848 -0.648 0.195 0.755 1.166 1.498 1.748 2.052 2.32 2.371 2.202 1.839 1.659 0.891 -0.176 -0.883 -1.357 -1.407 -0.251 1.383 2.081 1.254 0.105 -0.766 -0.706 -1.115 -1.704 -2.279 -1.9 -1.383 -0.45 -1.336 -2.725 -2.11 -2.438 -1.824 0.19 1.019 2.098 2.873 2.91 2.842 2.321 1.599 1.184 0.695 0.995 1.127 0.984 0.882 0.74 0.547 0.401 0.167 -0.21 -1.123 -1.552 -1.483 -1.062
0.386 0.645 0.907 0.513 0.128 0.071 0.037 -0.148 -0.46 -0.228 0.34 0.719 0.267 0.005 -0.373 -0.89 -0.673 -0.899 -0.538 -0.095 0.467 1.109 1.672 2.035 2.267 2.394 2.409 2.283 1.925 1.327 1.155 1.054 0.359 0.119 -0.775 -1.241 0.495 1.878 1.581 0.113 -1.061 -2.069 -1.664 -1.734 -2.051 -2.807 -2.643 -2.752 -1.642 -2.005 -3.408 -3.107 -1.953 -0.136 0.469 0.078 1.351 2.686 2.966 2.741 1.816 0.938 0.908 0.006 -0.312 -0.294 -0.318 0.385 1.202 0.369 0.021 -0.112 -0.608 -1.64 -2.252 -2.049 -1.926
0.289 0.605 0.842 0.066 -0.36 -0.208 -0.082 -0.539 -1.021 -0.722 0.343 0.517 -0.254 -0.472 -0.368 -0.881 -0.416 -0.346 0.018 0.589 0.985 1.58 2.179 2.357 2.437 2.448 2.211 1.859 1.228 0.533 -0.133 0.951 1.194 0.277 -0.794 -0.493 0.632 1.747 1.264 0.039 -1.152 -2.518 -2.363 -2.176 -2.381 -2.914 -2.925 -3.23 -3.088 -2.698 -3.052 -3.265 -1.447 -0.133 -0.484 -0.141 1.242 2.414 2.99 2.216 1.308 0.759 0.46 -0.135 -1.114 -1.352 -1.443 -0.445 0.801 -0.755 -1.307 -1.359 -1.696 -2.019 -3.16 -3.028 -3.254
0.264 0.661 0.507 0.057 -0.378 -0.541 -0.474 -1.441 -1.184 -0.431 0.479 0.268 -0.759 -0.837 -0.505 -0.857 -0.359 0.132 0.497 1.069 1.566 2.032 2.337 2.46 2.461 2.19 1.54 1.086 0.328 -0.41 -0.868 0.425 1.332 0.418 -0.585 -0.286 -0.147 1.237 1.577 0.219 -0.846 -1.521 -1.311 -1.173 -1.886 -2.239 -2.579 -3.088 -3.009 -2.55 -3.091 -2.987 -1.441 -0.608 -0.555 -0.049 0.869 2.16 3.001 1.736 0.197 -0.256 -0.277 -0.822 -1.773 -1.855 -0.968 -0.062 0.415 -1.208 -2.059 -2.388 -2.408 -2.76 -3.813 -3.849 -4.092
0.631 0.446 -0.091 0.006 -0.107 -0.563 -1.2 -1.541 -0.771 -0.048 0.509 0.178 -0.921 -1.175 -0.932 -0.707 -0.231 0.273 0.54 0.722 1.501 2.245 2.409 2.478 2.078 1.368 0.455 0.118 -0.346 -1.124 -0.402 1.203 1.157 0.064 -1.111 -1.382 -1.04 0.43 1.459 0.624 -0.164 -0.508 0.238 -0.418 -1.891 -2.421 -2.891 -2.492 -1.776 -1.397 -2.24 -2.149 -1.391 -0.644 -0.637 -0.482 0.412 1.843 2.999 2.186 0.114 -1.251 -1.411 -1.803 -1.888 -1.687 -0.889 0.137 0.041 -1.258 -2.334 -2.955 -3.362 -3.616 -3.695 -3.673 -3.881
0.606 0.001 -0.157 0.102 -0.076 -0.695 -1.686 -1.167 -0.444 0.08 0.389 0.424 -0.031 -0.704 -0.961 -0.453 -0.021 -0.06 0.12 0.606 1.404 2.113 2.31 2.417 1.484 1 0.003 -0.763 -1.155 -0.932 0.247 1.236 0.65 -0.466 -1.646 -1.66 -1.012 0.63 1.343 0.855 0.59 0.633 0.931 -0.493 -1.995 -2.27 -2.757 -1.703 -0.989 -1.199 -1.755 -2.367 -1.958 -1.758 -1.425 -0.811 0.046 1.505 2.776 2.865 1.146 -0.562 -1.323 -2.039 -1.786 -1.562 -1.072 -0.132 -0.728 -2.189 -2.996 -2.903 -3.303 -3.787 -3.319 -3.197 -3.595
0.652 0.5 0.545 0.414 -0.004 -0.971 -1.499 -0.806 -0.206 0.049 -0.043 0.253 0.48 0.193 -0.408 -0.512 -0.436 -0.579 -0.376 -0.142 0.741 1.163 1.849 1.906 0.389 0.344 0.632 -0.646 -1.452 -0.605 -0.014 1.143 0.315 -1.086 -1.938 -1.225 -0.233 0.439 1.02 1.116 1.183 1.226 1.021 -0.251 -1.302 -1.763 -2.481 -1.41 -0.712 -1.868 -2.703 -2.642 -1.822 -1.369 -0.334 0.525 0.939 1.392 2.004 3.002 2.226 0.846 -0.263 -1.32 -1.635 -2.674 -2.261 -1.811 -2.788 -3.195 -2.774 -1.951 -1.855 -2.822 -2.921 -3.052 -3.529
0.849 0.886 0.894 0.888 0.517 -0.652 -0.934 -0.331 0.051 0.01 -0.258 -0.219 0.073 0.345 0.179 -0.09 -0.359 -0.929 -0.925 -0.1 0.213 1 1.943 1.299 -0.501 0.046 0.771 -0.21 -1.264 -0.943 0.054 1.116 0.053 -1.179 -2.097 -2.332 -1.028 -0.062 0.237 0.44 0.706 0.615 0.869 0.684 -0.021 -1.265 -1.518 -0.495 -0.777 -2.906 -3.302 -1.776 -0.844 -0.508 -0.341 0.212 0.205 0.029 0.98 2.559 2.979 2.03 0.385 -1.231 -2.267 -3.109 -2.631 -2.625 -2.518 -2.439 -1.881 -0.82 -1.761 -2.434 -2.925 -3.128 -3.194
0.254 0.244 0.317 0.432 0.617 0.453 0.3 0.273 0.01 -0.024 -0.33 -0.601 -0.402 -0.274 -0.205 -0.373 -0.447 -1.093 -0.977 -0.349 0.102 1.638 2.039 0.967 -0.663 0.134 0.307 -0.379 -1.076 -0.71 0.63 0.789 -0.248 -1.168 -1.939 -2.584 -2.196 -0.976 -0.585 -0.389 -0.055 -0.623 -0.27 0.274 0.613 -0.117 -0.099 0.048 -1.199 -3.049 -2.928 -1.705 -1.426 -1.153 -1.654 -1.423 -1.495 -0.941 0.12 1.848 3.096 2.406 0.485 -1.715 -2.869 -2.315 -1.927 -1.602 -1.269 -0.912 -0.182 -0.872 -2.91 -3.435 -3.586 -2.369 -2.339
-0.428 -0.589 -0.686 -0.568 -0.393 0.155 0.525 0.12 -0.185 -0.348 -0.552 -1.031 -1.368 -1.35 -1.233 -1.332 -1.128 -1.354 -0.816 -0.24 0.78 2.012 1.917 0.905 -0.545 0.048 -0.376 -0.877 -1.13 -0.786 0.203 -0.14 -0.797 -1.708 -2.037 -2.203 -2.233 -1.974 -1.457 -0.944 -0.953 -1.776 -1.74 -1.474 0.136 0.064 -0.31 -1.118 -2.258 -3.376 -3.304 -2.817 -2.761 -2.633 -2.711 -2.068 -1.294 -1.289 -0.435 0.952 2.786 2.594 0.764 -1.194 -1.679 -1.176 -1.248 -0.754 -0.156 0.43 0.045 -1.744 -3.31 -3.086 -3.088 -2.628 -1.407
-1.334 -1.608 -1.429 -0.959 -0.297 0.359 0.252 -0.222 -0.577 -1.001 -1.095 -1.059 -1.439 -1.445 -1.04 -1.058 -1.142 -1.09 -0.38 0.498 1.611 2.168 1.69 0.531 -0.439 -0.019 -0.506 -1.359 -1.396 -0.813 -0.713 -1.161 -1.332 -1.688 -1.481 -1.294 -1.428 -1.902 -1.909 -1.622 -1.631 -2.408 -3.163 -2.463 -1.242 -1.514 -1.76 -2.715 -3.377 -3.643 -3.664 -3.256 -3.025 -3.191 -2.527 -1.87 -1.144 -0.588 -0.444 0.934 2.863 2.567 1.015 -0.137 0.244 0.377 0.273 0.675 0.872 0.106 -0.821 -1.587 -2.779 -2.602 -1.947 -2.401 -1.463
-0.984 -1.242 -0.839 -0.446 -0.046 0.331 -0.121 -0.704 -1.097 -1.097 -0.601 0.05 -0.062 -0.052 0.218 0.2 0.145 -0.577 -0.329 0.846 1.622 1.851 1.127 -0.062 -0.805 -0.544 -0.378 -1.477 -1.542 -1.081 -1.078 -1.223 -1.315 -1.239 -0.719 -0.693 -1.03 -1.318 -1.746 -2.309 -2.679 -2.876 -3.569 -2.902 -2.727 -2.945 -2.846 -2.896 -2.789 -2.742 -3.229 -2.872 -1.959 -2.609 -2.581 -1.682 -1.206 -0.123 0.704 1.566 2.906 2.563 2.109 1.799 1.659 1.368 1.114 0.671 -0.404 -1.843 -2.061 -1.598 -2.769 -2.836 -1.589 -1.322 -1.031
-0.642 -0.838 -0.511 -0.243 -0.115 0.122 -0.579 -0.913 -0.47 0.266 0.927 1.286 1.383 1.393 1.429 1.29 1.373 0.511 0.061 0.8 1.352 1.402 0.712 -0.019 -0.532 -0.639 -0.713 -1.245 -1.569 -1.785 -1.335 -1.258 -1.319 -0.616 -0.188 -0.836 -1.445 -2.243 -2.674 -2.609 -2.107 -1.674 -2.359 -2.837 -2.95 -2.806 -2.791 -1.867 -1.206 -2.149 -3.014 -2.743 -1.191 -1.874 -1.894 -0.998 -0.183 0.512 1.634 2.603 2.568 1.101 0.531 1.456 1.271 0.657 0.086 -0.992 -2.027 -2.966 -2.243 -1.923 -3.176 -2.568 -1.828 -1.232 -0.753
-0.678 -0.743 -0.474 -0.35 -0.12 -0.444 -0.657 -0.04 1.124 1.887 2.279 2.386 2.355 2.326 2.257 2.171 2.223 1.874 1.201 1.285 1.555 1.296 1.153 0.833 0.304 -0.11 -0.534 -0.87 -0.873 -1.503 -1.989 -1.451 -0.669 0.149 -0.741 -1.822 -2.085 -2.07 -1.736 -0.754 -0.444 -1.186 -2.466 -3.304 -2.233 -1.693 -1.905 -1.646 -0.611 -1.958 -1.978 -2.767 -1.244 -0.437 -0.766 -1.269 -0.502 0.793 2.181 2.385 1.153 -0.58 -1.265 0.162 0.715 -0.291 -1.042 -2.106 -3.246 -3.213 -1.983 -2.296 -2.695 -2.181 -1.998 -2.167 -1.773
-0.586 -0.661 -0.494 -0.572 -0.716 -0.459 0.424 1.529 2.306 2.585 2.645 2.667 2.667 2.655 2.58 2.546 2.589 2.588 2.368 2.336 2.303 2.161 1.844 1.625 1.103 0.653 0.269 -0.32 -0.773 -1.287 -1.612 -0.355 0.541 -0.367 -1.235 -0.98 -0.247 0.056 0.018 -0.18 -1.096 -2.098 -2.671 -2.866 -2.142 -0.813 -0.532 -0.719 -0.391 -0.819 -1.013 -1.586 -1.744 -1.422 -0.339 -0.349 0.036 1.607 2.405 1.615 -0.085 -2.1 -2.091 -0.473 0.667 -0.813 -1.844 -2.482 -3.699 -3.441 -2.468 -2.712 -2.663 -2.41 -2.344 -2.242 -1.776
-0.006 -0.256 -0.356 -0.868 -0.716 0.653 1.834 2.473 2.646 2.665 2.651 2.556 2.301 2.221 2.408 2.434 2.473 2.587 2.648 2.624 2.727 2.816 2.693 2.199 1.624 1.376 0.725 -0.158 -0.955 -1.28 -0.274 0.793 0.12 -0.7 -0.316 0.678 1.146 1.01 0.76 0.11 -0.488 -1.384 -1.57 -2.04 -1.466 -1.011 -1.492 -0.963 -0.461 0.046 0.055 -0.188 -0.726 -1.356 -1.003 0.3 0.681 2.112 1.866 0.985 -0.781 -2.632 -2.53 -1.029 0.099 -1.198 -2.564 -2.398 -2.92 -3.329 -2.878 -2.641 -2.452 -2.197 -1.777 -1.506 -0.909
0.515 0.215 -0.294 -0.5 0.585 1.961 2.555 2.662 2.663 2.608 2.203 1.605 1.073 0.835 0.914 1.016 0.824 1.134 1.306 1.432 1.653 2.515 2.882 2.925 2.64 1.939 1.363 0.497 -0.431 -0.181 0.932 0.596 0.426 0.895 0.957 1.164 0.06 -0.73 -0.874 -0.68 -0.672 -0.908 -0.862 -1.468 -1.729 -1.767 -2.935 -2.596 -2.007 -0.999 -0.305 0.543 0.568 0.161 -0.61 0.096 1.683 2.111 0.219 0.348 -0.794 -2.112 -2.496 -1.65 -0.856 -1.106 -2.125 -1.589 -2.348 -3.162 -2.492 -1.888 -1.606 -1.301 -1.173 -0.431 -0.072
0.429 -0.126 0.038 0.934 2.064 2.601 2.687 2.675 2.513 1.917 0.811 0.747 0.309 -0.081 -0.058 -0.616 -0.964 -0.194 -0.099 0.041 0.216 0.984 2.065 2.664 2.9 2.736 2.201 1.209 1.071 1.32 1.535 1.682 1.793 1.625 1.361 0.356 -1.215 -1.99 -2.295 -2.227 -1.855 -1.702 -1.285 -1.896 -2.815 -2.414 -3.422 -3.744 -2.827 -2.326 -1.395 -0.143 0.268 0.768 0.756 0.896 2.187 1.088 -1.003 0.021 -1.133 -2.211 -2.417 -1.971 -1.515 -1.52 -2.159 -1.242 -2.196 -2.626 -2.066 -1.326 -0.599 -0.221 -0.109 0.773 1.284
0.201 1.068 1.706 2.288 2.669 2.688 2.678 2.478 1.525 0.603 -0.022 0.574 -0.32 -0.908 -1.145 -0.964 -0.779 -0.705 -1.37 -0.712 -0.851 -0.372 0.62 1.551 2.116 2.392 2.707 2.465 2.355 2.058 1.663 1.037 0.354 0.07 0.237 0.025 -1.505 -2.226 -2.707 -3.04 -2.438 -1.945 -2.098 -2.447 -3.906 -2.909 -2.951 -3.833 -3.298 -2.523 -1.729 -1.195 -1.338 -0.495 0.841 1.885 2.01 0.151 -1.563 -0.296 -1.217 -1.99 -2.72 -2.666 -2.24 -1.769 -2.025 -1.196 -1.472 -1.952 -1.356 -0.75 0.002 0.712 1.178 1.631 1.573
1.532 2.342 2.646 2.716 2.709 2.545 2.074 1.442 0.017 -0.706 -0.545 -0.209 -0.616 -1.54 -1.673 -1.765 -1.901 -1.984 -1.312 -1.146 -1.366 -0.427 0.515 0.865 0.673 1.316 2.372 2.932 2.358 0.892 -0.061 -0.754 -1.15 -1.685 -1.264 0.057 -0.581 -1.285 -2.015 -2.946 -3.125 -3.211 -3.202 -3.334 -4.43 -2.987 -1.939 -2.962 -3.368 -2.798 -2.725 -2.223 -1.699 -0.663 0.739 2.139 1.094 -0.706 -2.09 -0.979 -0.971 -2.335 -3.21 -2.794 -2.681 -1.398 -1.33 -1.1 -0.428 -0.96 -0.808 -0.058 0.55 1.19 1.55 1.511 0.559
2.533 2.655 2.718 2.696 2.56 1.66 0.593 0.413 -0.728 -1.256 -0.895 -0.643 -0.724 -1.946 -2.532 -2.92 -2.622 -1.96 -1.612 -1.487 -0.985 -0.212 0.668 0.137 -0.315 0.204 1.776 2.392 2.338 0.354 -1.049 -1.504 -1.903 -2.508 -2.116 -1.182 -0.552 -0.36 -1.727 -3.047 -3.947 -4.017 -3.794 -3.901 -4.327 -3.11 -1.727 -1.69 -2.559 -3.219 -3.225 -2.134 -1.307 -0.652 0.898 1.944 0.247 -1.377 -2.52 -1.495 -1.264 -2.752 -3.165 -2.184 -2.217 -1.421 -0.475 -0.355 0.408 0.143 0.043 -0.053 0.65 1.285 1.136 0.928 -0.51
2.719 2.688 2.561 2.238 1.667 0.366 -0.843 -1.026 -1.236 -1.463 -1.248 -1.255 -0.99 -1.663 -2.466 -2.806 -2.089 -1.496 -0.992 -0.543 -0.065 0.565 0.369 -0.937 -0.883 1.485 2.099 1.171 2.201 1.377 -0.073 -0.821 -1.362 -2.155 -2.506 -2.099 -1.262 -0.542 -1.853 -3.29 -3.954 -3.407 -3.194 -3.289 -3.677 -3.33 -2.375 -1.541 -1.108 -2.15 -2.631 -1.585 -1.077 -0.721 0.761 1.81 -0.218 -1.686 -2.663 -2.114 -1.676 -2.653 -2.177 -2.039 -0.865 -0.74 0.241 0.73 0.987 1.081 1.166 1.174 1.227 1.045 0.543 0.921 0.362
2.705 2.432 1.922 1.211 0.251 -0.619 -1.635 -1.548 -1.658 -2.007 -2.208 -2.167 -1.751 -1.977 -2.075 -2.059 -1.612 -1.05 -0.673 0.013 0.109 0.098 -0.261 -1.843 -0.579 2.369 1.302 -0.292 1.296 2.048 1.574 0.284 -0.294 -1.26 -2.284 -2.826 -2.222 -1.695 -2.23 -3.169 -3.974 -3.075 -2.054 -1.98 -2.756 -3.203 -3.045 -2.012 -0.744 -0.544 -1.057 -0.582 -0.026 0.528 1.301 1.72 0.171 -0.996 -2.286 -2.387 -2.056 -2.038 -1.208 -1.493 -0.449 0.136 0.671 0.867 0.381 0.732 0.529 0.533 0.154 0.155 0.69 0.945 0.237
2.476 1.526 0.782 0.341 -0.738 -1.127 -1.555 -1.964 -2.04 -2.104 -2.353 -1.975 -1.82 -1.782 -1.391 -1.125 -0.986 -0.705 -0.268 -0.106 -1.181 -1.378 -0.845 -1.918 -0.31 2.156 0.398 -1.353 0.166 1.275 1.967 1.491 0.959 -0.405 -1.801 -3.019 -3.063 -2.972 -2.73 -3.062 -3.893 -3.694 -2.165 -1.299 -1.348 -2.244 -2.607 -2.029 -1.35 -0.639 0.361 0.863 1.163 1.022 1.248 0.752 -0.473 -1.501 -1.811 -1.427 -1.192 -1.071 -0.973 -0.691 -0.176 0.405 0.353 -0.396 -0.323 0.302 -0.569 -0.104 -0.727 -0.497 0.42 0.634 -0.716
2.19 0.704 -0.24 -0.584 -0.512 -0.598 -1.052 -1.433 -1.413 -1.124 -1.557 -1.441 -1.273 -0.875 -0.684 -0.286 -0.295 -0.705 -0.844 -1.212 -2.674 -2.572 -2.034 -1.61 -0.2 1.555 -0.227 -2.137 -1.208 -0.282 1.141 1.745 1.8 0.5 -0.966 -2.677 -3.468 -3.814 -3.262 -3.333 -4.228 -4.544 -3.361 -2.085 -0.997 -0.763 -1.276 -1.001 -0.377 0.224 0.503 0.125 -0.254 -0.702 0.725 -0.239 -1.24 -1.372 -0.783 -1.041 -1.687 -0.994 -0.718 0.006 0.345 -0.366 -0.926 -1.417 -0.262 -0.321 -1.307 -0.673 -1.538 -0.958 0.492 0.331 -1.308
2.431 1.21 -0.102 -0.011 0.474 0.342 0.183 0.223 -0.147 -0.19 -0.312 -0.137 -0.541 -0.025 0.26 0.442 0.209 -0.973 -3.008 -3.124 -3.527 -3.327 -3.092 -1.852 -0.588 0.811 -0.074 -1.632 -2.205 -1.125 -0.201 0.381 1.418 0.961 -1.281 -2.578 -2.803 -4.012 -3.618 -3.582 -4.25 -4.698 -4.229 -2.819 -1.839 -0.798 -0.112 -0.074 -0.041 -0.461 -1.022 -1.522 -1.667 -0.995 0.42 0.391 -0.344 -0.391 -0.908 -1.916 -2.325 -1.154 -0.288 -0.453 -0.364 -1.604 -1.805 -1.475 -0.303 -1.039 -1.805 -1.397 -1.846 -0.96 0.413 0.146 -1.043
1.942 2.159 1.454 1.646 1.801 1.802 1.766 1.766 1.474 1.064 1.026 0.92 0.455 0.806 1.05 1.041 0.332 -2.038 -4.356 -4.634 -4.249 -3.802 -3.514 -2.325 -1.484 -0.573 -0.455 -0.621 -1.671 -2.571 -1.941 -1.005 0.613 1.021 -1.183 -2.069 -2.253 -3.781 -4.063 -3.701 -3.826 -4.494 -4.166 -2.852 -1.428 -1.041 -1.65 -1.289 -1.875 -2.212 -2.335 -2.172 -1.227 -0.03 0.934 0.921 0.466 -0.087 -0.995 -2.191 -2.303 -1.574 -1.129 -1.419 -0.491 -2.032 -2.184 -1.251 -0.528 -1.592 -2.144 -1.968 -1.355 -0.168 0.338 -0.419 -1.17
