data/climatemaps/RS_maps/climate_winter_pr_2008.asc
NCOLS 369 
NROWS 228 
XLLCORNER 479000 
YLLCORNER 73000 
CELLSIZE 1000 
NODATA_value -9 
[rows 170 to 203 of 228, columns 152 to 227 of 369]
-0.49 -0.46 -0.505 -0.446 -0.295 -0.239 -0.218 -0.298 -0.309 -0.378 -0.546 -0.631 -0.648 -0.628 -0.544 -0.325 -0.033 0.275 0.592 0.913 1.141 1.267 1.395 1.373 1.237 1.148 1.066 1.092 1.329 1.429 1.315 1.059 0.891 0.82 0.826 0.912 0.974 1.083 1.264 1.224 1 0.66 0.629 0.906 1.13 1.505 1.873 1.975 1.918 1.743 1.572 1.341 1.21 1.053 1.037 1.085 0.956 0.568 0.182 0.301 0.536 0.705 0.888 1.075 1.214 1.287 1.183 1.246 1.35 1.452 1.598 1.6 1.108 0.583 0.484 0.692
-0.765 -0.756 -0.736 -0.656 -0.56 -0.511 -0.496 -0.552 -0.587 -0.619 -0.666 -0.674 -0.643 -0.598 -0.506 -0.286 0.005 0.258 0.494 0.844 1.128 1.318 1.486 1.473 1.321 1.321 1.326 1.274 1.497 1.46 1.316 1.055 0.809 0.771 0.779 0.761 0.782 0.96 1.057 0.942 0.666 0.429 0.683 1.088 1.421 1.653 1.987 1.949 1.785 1.575 1.422 1.226 0.98 0.765 0.682 0.733 0.652 0.433 0.218 0.276 0.513 0.595 0.692 0.933 0.984 1.215 1.328 1.294 1.191 1.167 1.323 1.382 1.115 0.648 0.62 0.784
-0.936 -0.926 -0.898 -0.839 -0.795 -0.754 -0.746 -0.756 -0.749 -0.71 -0.651 -0.609 -0.571 -0.508 -0.399 -0.238 -0.061 0.126 0.382 0.711 1.019 1.296 1.5 1.522 1.355 1.378 1.45 1.445 1.522 1.467 1.397 1.134 0.764 0.706 0.668 0.563 0.644 0.797 0.758 0.566 0.367 0.413 0.765 1.205 1.596 1.859 2.08 2.006 1.842 1.639 1.468 1.227 0.926 0.633 0.557 0.653 0.648 0.605 0.464 0.324 0.335 0.395 0.524 0.708 0.806 0.966 1.115 1.236 1.396 1.334 1.25 1.168 0.994 0.725 0.832 1.012
-0.972 -0.964 -0.971 -0.969 -0.957 -0.934 -0.895 -0.823 -0.749 -0.594 -0.465 -0.404 -0.381 -0.381 -0.325 -0.267 -0.18 -0.029 0.248 0.594 0.959 1.307 1.449 1.411 1.371 1.315 1.338 1.447 1.502 1.518 1.518 1.112 0.603 0.519 0.523 0.416 0.601 0.649 0.45 0.198 0.194 0.515 0.876 1.336 1.748 2.001 2.082 2.067 1.79 1.46 1.228 1.019 0.729 0.521 0.652 1.021 1.048 0.991 0.877 0.589 0.334 0.282 0.331 0.432 0.599 0.666 0.86 1.087 1.343 1.436 1.444 1.268 1.023 0.798 0.927 1.104
-0.856 -0.872 -0.95 -0.991 -0.957 -0.925 -0.829 -0.709 -0.639 -0.405 -0.173 -0.066 -0.108 -0.229 -0.245 -0.188 -0.11 0.02 0.231 0.561 0.933 1.208 1.243 1.178 1.134 1.059 1.132 1.303 1.407 1.456 1.383 1.056 0.658 0.395 0.278 0.304 0.45 0.448 0.238 0.01 0.148 0.583 1.045 1.435 1.707 1.919 1.983 1.899 1.668 1.301 1.056 0.887 0.706 0.688 0.953 1.257 1.334 1.318 1.267 0.966 0.691 0.507 0.34 0.293 0.376 0.492 0.769 1.019 1.074 1.323 1.542 1.516 1.272 0.948 0.872 1.044
-0.699 -0.746 -0.886 -0.978 -0.9 -0.793 -0.64 -0.514 -0.518 -0.2 0.095 0.237 0.112 -0.028 -0.103 -0.005 0.049 0.17 0.358 0.622 0.988 1.044 0.995 0.895 0.855 0.843 0.961 1.113 1.171 1.255 1.188 1.086 0.896 0.49 0.191 0.117 0.213 0.213 0.003 -0.134 0.115 0.572 1.102 1.494 1.727 1.83 1.867 1.72 1.55 1.314 1.25 1.182 0.973 0.992 1.217 1.525 1.638 1.66 1.546 1.251 1.114 0.914 0.638 0.409 0.315 0.399 0.66 0.829 0.831 1.113 1.418 1.582 1.489 1.224 0.946 0.944
-0.579 -0.684 -0.861 -0.945 -0.861 -0.721 -0.529 -0.369 -0.34 -0.054 0.261 0.355 0.286 0.255 0.115 0.109 0.166 0.286 0.536 0.754 0.92 0.983 0.886 0.767 0.73 0.753 0.814 0.884 1.031 1.187 1.305 1.255 1.023 0.717 0.308 0.024 -0.067 -0.083 -0.18 -0.115 0.207 0.659 1.156 1.464 1.705 1.815 1.911 1.973 1.814 1.572 1.587 1.497 1.423 1.44 1.562 1.708 1.791 1.837 1.766 1.611 1.566 1.338 1.067 0.685 0.399 0.358 0.52 0.571 0.644 0.917 1.204 1.538 1.599 1.427 1.162 0.91
-0.454 -0.638 -0.867 -0.92 -0.833 -0.687 -0.492 -0.249 -0.194 0.09 0.42 0.496 0.516 0.501 0.288 0.154 0.257 0.403 0.633 0.744 0.939 1.101 0.942 0.779 0.631 0.581 0.52 0.594 0.821 1.012 1.252 1.295 1.104 0.854 0.42 0.064 -0.18 -0.238 -0.236 -0.053 0.305 0.729 1.201 1.476 1.712 1.913 2.178 2.202 1.998 1.793 1.809 1.754 1.719 1.72 1.787 1.818 1.822 1.861 1.93 1.871 1.847 1.627 1.31 0.943 0.597 0.386 0.384 0.426 0.591 0.882 1.14 1.44 1.576 1.584 1.467 1.23
-0.404 -0.607 -0.841 -0.878 -0.789 -0.657 -0.444 -0.21 -0.102 0.144 0.421 0.529 0.543 0.46 0.3 0.169 0.206 0.361 0.613 0.903 1.143 1.147 1 0.882 0.548 0.289 0.229 0.289 0.426 0.618 0.831 1.031 1.045 0.794 0.489 0.158 -0.133 -0.261 -0.166 0.073 0.39 0.791 1.199 1.486 1.781 2.085 2.279 2.252 2.127 1.977 1.904 1.796 1.702 1.652 1.698 1.776 1.76 1.675 1.88 1.803 1.851 1.681 1.434 1.257 0.888 0.507 0.331 0.358 0.542 0.768 0.975 1.269 1.566 1.699 1.668 1.538
-0.425 -0.609 -0.85 -0.837 -0.772 -0.668 -0.418 -0.142 -0.07 0.145 0.418 0.509 0.445 0.35 0.298 0.245 0.235 0.342 0.626 0.955 1.188 1.081 0.98 0.919 0.518 0.254 0.136 0.032 0.08 0.272 0.477 0.679 0.778 0.624 0.425 0.177 -0.092 -0.236 -0.108 0.116 0.425 0.81 1.154 1.382 1.716 2.074 2.232 2.274 2.253 2.075 1.906 1.739 1.583 1.486 1.496 1.556 1.569 1.498 1.649 1.581 1.667 1.655 1.618 1.528 1.191 0.76 0.443 0.317 0.353 0.506 0.745 1.071 1.374 1.613 1.599 1.415
-0.55 -0.708 -0.843 -0.807 -0.685 -0.591 -0.389 -0.12 0.021 0.176 0.422 0.454 0.374 0.288 0.306 0.291 0.28 0.301 0.551 0.753 0.948 1.001 0.943 0.825 0.504 0.36 0.228 0.001 -0.125 -0.027 0.178 0.344 0.442 0.444 0.3 0.11 -0.08 -0.187 -0.073 0.174 0.503 0.76 1.043 1.273 1.687 1.951 2.049 2.175 2.333 2.232 2.086 1.883 1.691 1.565 1.571 1.493 1.42 1.345 1.296 1.278 1.368 1.52 1.671 1.566 1.252 0.942 0.612 0.351 0.251 0.298 0.527 0.816 1.153 1.54 1.532 1.417
-0.686 -0.786 -0.848 -0.801 -0.639 -0.51 -0.334 -0.08 0.075 0.163 0.452 0.466 0.342 0.26 0.219 0.174 0.161 0.173 0.41 0.476 0.64 0.766 0.812 0.703 0.419 0.283 0.11 -0.043 -0.198 -0.226 -0.113 0.022 0.112 0.258 0.25 0.069 -0.083 -0.153 0.049 0.364 0.621 0.64 0.851 1.153 1.499 1.713 1.924 2.178 2.214 2.232 2.127 2.04 1.928 1.823 1.801 1.702 1.636 1.533 1.29 1.037 1.125 1.355 1.425 1.341 1.186 1.05 0.847 0.552 0.355 0.264 0.399 0.631 0.963 1.397 1.567 1.519
-0.744 -0.699 -0.752 -0.795 -0.66 -0.48 -0.305 -0.07 0.092 0.179 0.446 0.508 0.422 0.342 0.133 0.015 0.027 0.106 0.263 0.249 0.311 0.419 0.489 0.441 0.238 0.03 -0.166 -0.245 -0.272 -0.309 -0.299 -0.228 -0.142 0.09 0.247 0.089 -0.085 -0.096 0.179 0.494 0.656 0.591 0.839 1.23 1.475 1.651 1.917 2.101 2.06 2.014 1.938 1.879 1.857 1.817 1.788 1.733 1.62 1.513 1.315 0.993 1.026 1.154 1.163 1.048 0.95 0.966 0.956 0.744 0.474 0.298 0.416 0.696 0.99 1.253 1.325 1.294
-0.671 -0.555 -0.566 -0.747 -0.693 -0.526 -0.344 -0.107 0.092 0.225 0.394 0.549 0.583 0.487 0.273 -0.006 -0.038 0.027 0.138 0.154 0.061 0.105 0.114 0.09 -0.093 -0.265 -0.382 -0.416 -0.39 -0.354 -0.347 -0.316 -0.256 -0.033 0.247 0.148 -0.091 -0.067 0.251 0.537 0.552 0.518 0.9 1.318 1.55 1.652 1.903 2.041 2.013 1.908 1.776 1.632 1.636 1.64 1.675 1.655 1.441 1.301 1.16 0.927 0.866 0.88 0.871 0.753 0.7 0.773 0.881 0.725 0.453 0.275 0.335 0.626 0.902 1.108 1.12 1.138
-0.603 -0.475 -0.417 -0.628 -0.702 -0.571 -0.382 -0.149 0.074 0.238 0.385 0.595 0.642 0.517 0.357 0.083 -0.07 -0.092 -0.009 0.008 -0.117 -0.111 -0.159 -0.208 -0.288 -0.335 -0.33 -0.28 -0.21 -0.127 -0.093 -0.117 -0.165 -0.076 0.2 0.172 -0.071 -0.045 0.245 0.424 0.44 0.587 0.909 1.225 1.521 1.703 1.878 1.95 1.96 1.989 1.886 1.703 1.66 1.597 1.552 1.523 1.498 1.473 1.318 1.07 0.903 0.746 0.707 0.668 0.623 0.581 0.652 0.61 0.425 0.298 0.276 0.514 0.759 0.871 0.866 0.819
-0.546 -0.389 -0.316 -0.457 -0.641 -0.579 -0.391 -0.222 -0.037 0.162 0.385 0.61 0.633 0.538 0.471 0.306 0.057 -0.156 -0.184 -0.188 -0.135 -0.068 -0.239 -0.308 -0.171 -0.122 -0.019 0.054 0.169 0.265 0.322 0.26 0.136 -0.06 0.143 0.227 -0.025 -0.1 0.162 0.275 0.434 0.622 0.861 1.235 1.527 1.597 1.661 1.764 1.726 1.94 1.849 1.808 1.922 1.762 1.772 1.714 1.77 1.686 1.542 1.253 1.088 0.816 0.803 0.749 0.674 0.528 0.532 0.47 0.366 0.289 0.242 0.416 0.579 0.591 0.562 0.522
-0.463 -0.292 -0.217 -0.303 -0.522 -0.571 -0.417 -0.297 -0.146 0.059 0.306 0.584 0.699 0.698 0.661 0.538 0.296 -0.052 -0.144 -0.095 -0.025 -0.051 -0.209 -0.118 0.049 0.129 0.233 0.326 0.387 0.458 0.556 0.549 0.418 0.089 0.084 0.112 -0.09 -0.135 0.055 0.188 0.334 0.534 0.872 1.241 1.437 1.451 1.413 1.441 1.55 1.721 1.804 1.855 1.948 1.88 1.905 1.847 1.791 1.718 1.562 1.29 1.037 0.867 0.767 0.665 0.599 0.524 0.53 0.531 0.456 0.337 0.26 0.282 0.341 0.338 0.322 0.307
-0.376 -0.189 -0.152 -0.219 -0.364 -0.559 -0.454 -0.338 -0.209 -0.044 0.184 0.527 0.811 0.87 0.811 0.682 0.434 0.062 0.082 0.108 0.001 -0.137 -0.078 0.092 0.216 0.235 0.305 0.4 0.427 0.437 0.626 0.675 0.531 0.151 0.006 -0.035 -0.21 -0.176 -0.026 0.086 0.225 0.549 0.889 1.248 1.295 1.287 1.208 1.185 1.345 1.468 1.67 1.71 1.877 1.893 1.907 1.822 1.645 1.492 1.351 1.092 0.846 0.755 0.66 0.596 0.598 0.622 0.734 0.763 0.64 0.439 0.306 0.23 0.209 0.2 0.194 0.192
-0.348 -0.15 -0.1 -0.083 -0.146 -0.403 -0.494 -0.413 -0.308 -0.139 0.12 0.435 0.752 0.807 0.76 0.654 0.394 0.222 0.28 0.219 0.022 -0.061 0.081 0.181 0.244 0.238 0.254 0.28 0.3 0.379 0.554 0.563 0.438 0.166 -0.044 -0.139 -0.23 -9 -9 0.075 0.354 0.733 1.039 1.217 1.279 1.31 1.207 1.065 1.213 1.279 1.365 1.419 1.584 1.694 1.653 1.596 1.463 1.198 1.024 0.861 0.742 0.702 0.719 0.799 0.835 0.902 1.002 1.008 0.791 0.531 0.353 0.242 0.181 0.156 0.147 0.148
-0.323 -0.106 -0.014 0.075 0.063 -0.196 -0.493 -0.492 -0.362 -0.189 0.017 0.285 0.681 0.667 0.622 0.559 0.324 0.365 0.416 0.321 0.055 0.098 0.275 0.272 0.33 0.291 0.213 0.144 0.126 0.296 0.495 0.513 0.407 0.199 -0.075 -0.202 -0.259 -9 -9 -9 0.525 0.832 1.041 1.065 1.115 1.134 1.07 0.889 0.963 0.981 1.075 1.143 1.285 1.393 1.379 1.304 1.244 1.008 0.863 0.832 0.817 0.856 0.947 1.127 1.231 1.284 1.248 1.108 0.794 0.537 0.371 0.262 0.193 0.161 0.155 0.168
-0.285 -0.058 0.136 0.229 0.123 -0.108 -0.421 -0.507 -0.41 -0.289 -0.117 0.152 0.479 0.589 0.601 0.622 0.561 0.543 0.508 0.336 0.153 0.297 0.406 0.416 0.424 0.383 0.254 0.083 0.029 0.13 0.353 0.436 0.37 0.176 -0.118 -0.238 -0.272 -9 -9 -9 -9 -9 0.825 0.883 0.91 0.873 0.811 0.726 0.716 0.739 0.807 0.917 1.043 1.126 1.085 0.997 0.945 0.874 0.9 1.037 1.059 1.155 1.284 1.535 1.633 1.58 1.403 1.069 0.724 0.528 0.392 0.297 0.235 0.215 0.227 0.275
-0.232 -0.01 0.225 0.305 0.14 -0.067 -0.378 -0.527 -0.461 -0.383 -0.191 0.074 0.409 0.647 0.617 0.711 0.653 0.667 0.629 0.331 0.294 0.455 0.492 0.485 0.391 0.326 0.204 -0.019 -0.083 -0.034 0.128 0.217 0.162 0.005 -0.21 -0.271 -0.287 -9 -9 -9 -9 -9 -9 0.72 0.763 0.742 0.723 0.696 0.692 0.687 0.707 0.784 0.86 0.903 0.862 0.864 0.899 0.93 1.055 1.265 1.365 1.541 1.686 1.945 1.828 1.637 1.392 1.014 0.725 0.551 0.423 0.345 0.308 0.326 0.411 0.555
-0.11 0.074 0.237 0.283 0.242 0.066 -0.274 -0.546 -0.471 -0.372 -0.195 0.057 0.388 0.667 0.643 0.763 0.714 0.676 0.483 0.305 0.388 0.468 0.421 0.404 0.323 0.127 0.039 -0.097 -0.187 -0.182 -0.116 -0.06 -0.07 -0.163 -0.255 -0.293 -9 -9 -9 -9 -9 -9 -9 -9 0.847 0.887 0.933 0.943 0.9 0.863 0.85 0.856 0.859 0.858 0.89 1 1.092 1.141 1.249 1.432 1.637 1.845 2.031 2.175 1.996 1.702 1.349 0.995 0.745 0.572 0.456 0.405 0.427 0.549 0.74 0.95
-0.055 0.142 0.292 0.326 0.231 0.084 -0.21 -0.494 -0.465 -0.335 -0.181 0.01 0.244 0.493 0.653 0.689 0.625 0.534 0.38 0.361 0.403 0.359 0.289 0.261 0.174 0.053 0.012 -0.072 -0.16 -0.204 -0.151 -0.112 -0.121 -0.2 -0.279 -0.311 -9 -9 -9 -9 -9 -9 -9 -9 -9 1.207 1.28 1.284 1.127 1.186 1.214 1.196 1.123 1.032 1.089 1.158 1.263 1.261 1.244 1.346 1.654 1.821 2.076 2.26 2.048 1.739 1.297 0.974 0.751 0.588 0.495 0.483 0.617 0.83 1.1 1.323
-0.031 0.233 0.351 0.338 0.198 0.028 -0.211 -0.442 -0.466 -0.33 -0.206 -0.101 0.097 0.358 0.58 0.619 0.543 0.448 0.352 0.36 0.363 0.302 0.256 0.212 0.147 0.128 0.17 0.11 -0.016 -0.076 -0.005 -0.001 -0.062 -0.181 -0.285 -0.321 -9 -9 -9 -9 -9 -9 -9 -9 -9 -9 1.528 1.48 1.361 1.494 1.598 1.52 1.36 1.203 1.146 1.212 1.23 1.171 1.093 1.287 1.561 1.661 1.928 2.127 1.955 1.634 1.248 0.958 0.75 0.628 0.59 0.665 0.875 1.135 1.364 1.46
-0.016 0.257 0.327 0.284 0.161 -0.045 -0.18 -0.277 -0.434 -0.406 -0.283 -0.191 -0.007 0.273 0.558 0.631 0.559 0.427 0.281 0.183 0.17 0.24 0.307 0.324 0.297 0.29 0.338 0.277 0.155 0.141 0.189 0.089 -0.049 -0.193 -0.304 -0.328 -9 -9 -9 -9 -9 -9 -9 -9 -9 -9 -9 1.579 1.685 1.714 1.89 1.725 1.525 1.452 1.199 1.154 1.058 0.986 0.95 1.203 1.432 1.443 1.848 2.014 1.839 1.487 1.159 0.923 0.742 0.703 0.75 0.879 1.113 1.356 1.505 1.43
0.02 0.298 0.288 0.239 0.155 0.016 -0.028 -0.063 -0.315 -0.416 -0.249 -0.14 -0.002 0.231 0.494 0.532 0.453 0.335 0.225 0.1 -0.011 0.029 0.141 0.252 0.277 0.266 0.302 0.232 0.172 0.217 0.243 0.099 -0.095 -0.25 -0.325 -9 -9 -9 -9 -9 -9 -9 -9 -9 -9 -9 -9 1.833 1.907 1.905 2.035 1.885 1.815 1.692 1.432 1.357 1.178 1.072 0.943 1.097 1.323 1.35 1.589 1.814 1.687 1.382 1.098 0.881 0.762 0.812 0.919 1.037 1.212 1.387 1.462 1.372
0.03 0.281 0.307 0.294 0.263 0.169 0.143 0.097 -0.195 -0.341 -0.229 -0.087 0.086 0.271 0.461 0.436 0.375 0.344 0.329 0.175 -0.075 -0.224 -0.109 0.067 0.203 0.184 0.142 0.13 0.025 0.053 0.127 0.001 -0.199 -0.312 -9 -9 -9 -9 -9 -9 -9 -9 -9 -9 -9 -9 -9 -9 2.034 1.95 2.136 1.987 2.13 1.852 1.686 1.689 1.413 1.295 0.996 1.068 1.241 1.264 1.313 1.634 1.589 1.297 1.03 0.837 0.751 0.867 0.999 1.133 1.26 1.364 1.344 1.286
0.019 0.279 0.369 0.366 0.342 0.275 0.243 0.169 -0.112 -0.245 -0.16 -0.113 0.072 0.303 0.458 0.441 0.437 0.434 0.324 0.06 -0.175 -0.38 -0.282 -0.09 0.026 0.025 0.077 0.083 -0.068 -0.136 -0.09 -0.145 -0.281 -0.338 -9 -9 -9 -9 -9 -9 -9 -9 -9 -9 -9 -9 -9 -9 -9 2.134 2.193 2.211 2.215 2.095 2.011 1.823 1.558 1.352 1.125 1.065 1.071 1.146 1.236 1.382 1.387 1.213 0.994 0.809 0.703 0.799 0.969 1.116 1.207 1.204 1.203 1.319
0.019 0.3 0.444 0.427 0.398 0.382 0.331 0.229 -0.029 -0.163 -0.027 -0.064 0.025 0.308 0.494 0.427 0.454 0.458 0.234 -0.157 -0.363 -0.518 -0.44 -0.234 -0.218 -0.221 -0.109 -0.077 -0.171 -0.271 -0.259 -0.264 -0.33 -9 -9 -9 -9 -9 -9 -9 -9 -9 -9 -9 -9 -9 -9 -9 -9 2.241 2.317 2.257 2.27 2.283 2.149 1.953 1.884 1.674 1.41 1.329 1.217 1.309 1.378 1.402 1.338 1.214 1.018 0.808 0.682 0.749 0.902 0.998 1.076 1.11 1.182 1.368
0.05 0.275 0.444 0.477 0.479 0.458 0.377 0.264 0.054 -0.058 0.063 0.062 0.073 0.309 0.547 0.529 0.435 0.325 0.099 -0.204 -0.357 -0.482 -0.542 -0.473 -0.433 -0.393 -0.362 -0.326 -0.312 -0.267 -0.16 -0.201 -9 -9 -9 -9 -9 -9 -9 -9 -9 -9 -9 -9 -9 -9 -9 -9 -9 -9 2.088 2.019 2.069 2.265 2.251 2.231 2.225 1.985 1.817 1.628 1.585 1.714 1.776 1.735 1.63 1.441 1.124 0.826 0.681 0.681 0.784 0.883 1 1.171 1.269 1.404
0.08 0.246 0.4 0.525 0.576 0.488 0.416 0.339 0.152 0.004 0.12 0.18 0.205 0.335 0.62 0.669 0.517 0.258 0.047 -0.024 -0.091 -0.199 -0.427 -0.593 -0.602 -0.563 -0.484 -0.358 -0.253 -0.125 -0.042 -9 -9 -9 -9 -9 -9 -9 -9 -9 -9 -9 -9 -9 -9 -9 -9 -9 -9 -9 -9 1.768 1.933 2.255 2.284 2.34 2.371 2.204 2.092 1.929 1.942 2.031 2.052 1.996 1.865 1.628 1.221 0.842 0.674 0.62 0.724 0.861 0.978 1.14 1.269 1.412
0.096 0.253 0.403 0.526 0.527 0.542 0.526 0.41 0.184 0.044 0.159 0.262 0.397 0.464 0.583 0.665 0.611 0.248 0.207 0.26 0.186 0.029 -0.188 -0.35 -0.44 -0.401 -0.283 -0.161 -0.122 -0.032 -9 -9 -9 -9 -9 -9 -9 -9 -9 -9 -9 -9 -9 -9 -9 -9 -9 -9 -9 -9 -9 -9 -9 2.12 2.099 2.137 2.234 2.215 2.178 2.173 2.237 2.218 2.127 2.005 1.805 1.555 1.185 0.831 0.656 0.581 0.66 0.791 0.902 1.025 1.174 1.335
0.167 0.308 0.469 0.586 0.597 0.643 0.597 0.441 0.297 0.129 0.156 0.221 0.385 0.562 0.605 0.578 0.482 0.346 0.371 0.393 0.365 0.216 0.047 -0.083 -0.214 -0.232 -0.252 -0.271 -0.31 -9 -9 -9 -9 -9 -9 -9 -9 -9 -9 -9 -9 -9 -9 -9 -9 -9 -9 -9 -9 -9 -9 -9 -9 -9 1.974 2.032 2.037 2.054 2.165 2.209 2.296 2.342 2.232 1.957 1.617 1.315 1.022 0.772 0.622 0.551 0.588 0.696 0.796 0.908 1.081 1.267
