data/climatemaps/RS_maps/climate_winter_pr_2009.asc
NCOLS 369 
NROWS 228 
XLLCORNER 479000 
YLLCORNER 73000 
CELLSIZE 1000 
NODATA_value -9 
[rows 33 to 65 of 228, columns 150 to 224 of 369]
-0.138 -0.126 -0.111 -0.102 -0.104 -0.116 -0.132 -0.14 -0.138 -0.126 -0.111 -0.099 -0.093 -0.096 -0.116 -0.137 -0.156 -0.165 -0.159 -0.184 -0.179 -0.15 -0.165 -0.184 -0.174 -0.148 -0.111 -0.117 -0.143 -0.212 -0.313 -0.383 -0.421 -0.423 -0.402 -0.342 -0.285 -0.272 -0.263 -0.272 -0.305 -0.326 -0.337 -0.379 -0.412 -0.448 -0.476 -0.493 -0.537 -0.57 -0.59 -0.606 -0.607 -0.587 -0.574 -0.556 -0.498 -0.46 -0.449 -0.45 -0.445 -0.449 -0.466 -0.502 -0.554 -0.596 -0.623 -0.633 -0.623 -0.614 -0.617 -0.629 -0.644 -0.659 -0.673
-0.164 -0.149 -0.134 -0.121 -0.108 -0.117 -0.137 -0.156 -0.167 -0.171 -0.169 -0.169 -0.174 -0.182 -0.196 -0.21 -0.22 -0.207 -0.17 -0.186 -0.178 -0.138 -0.145 -0.16 -0.129 -0.122 -0.082 -0.08 -0.099 -0.181 -0.295 -0.366 -0.406 -0.403 -0.378 -0.31 -0.242 -0.216 -0.207 -0.22 -0.238 -0.276 -0.288 -0.325 -0.348 -0.381 -0.411 -0.455 -0.507 -0.543 -0.564 -0.588 -0.599 -0.588 -0.566 -0.548 -0.498 -0.441 -0.406 -0.398 -0.391 -0.395 -0.419 -0.473 -0.538 -0.59 -0.625 -0.637 -0.628 -0.609 -0.597 -0.608 -0.622 -0.629 -0.633
-0.169 -0.146 -0.127 -0.121 -0.1 -0.091 -0.107 -0.135 -0.147 -0.162 -0.174 -0.186 -0.203 -0.213 -0.227 -0.24 -0.252 -0.234 -0.198 -0.175 -0.176 -0.128 -0.118 -0.126 -0.081 -0.073 -0.056 -0.052 -0.096 -0.186 -0.29 -0.359 -0.395 -0.378 -0.344 -0.285 -0.225 -0.195 -0.17 -0.179 -0.201 -0.23 -0.249 -0.262 -0.299 -0.317 -0.347 -0.392 -0.469 -0.515 -0.539 -0.572 -0.593 -0.586 -0.558 -0.528 -0.505 -0.453 -0.406 -0.374 -0.365 -0.379 -0.409 -0.468 -0.528 -0.583 -0.622 -0.637 -0.635 -0.618 -0.602 -0.601 -0.601 -0.599 -0.593
-0.169 -0.14 -0.114 -0.104 -0.091 -0.081 -0.071 -0.09 -0.114 -0.119 -0.131 -0.153 -0.19 -0.22 -0.23 -0.24 -0.262 -0.243 -0.193 -0.167 -0.159 -0.088 -0.059 -0.076 -0.047 -0.039 -0.03 -0.052 -0.112 -0.217 -0.304 -0.363 -0.379 -0.349 -0.296 -0.242 -0.211 -0.189 -0.166 -0.168 -0.192 -0.207 -0.215 -0.217 -0.231 -0.283 -0.313 -0.364 -0.44 -0.497 -0.529 -0.571 -0.594 -0.591 -0.564 -0.516 -0.494 -0.466 -0.429 -0.402 -0.385 -0.395 -0.431 -0.476 -0.516 -0.573 -0.608 -0.626 -0.626 -0.621 -0.615 -0.607 -0.596 -0.579 -0.558
-0.166 -0.146 -0.113 -0.081 -0.066 -0.067 -0.057 -0.049 -0.061 -0.073 -0.081 -0.102 -0.145 -0.203 -0.238 -0.248 -0.249 -0.243 -0.178 -0.143 -0.118 -0.076 -0.037 -0.035 -0.031 -0.035 -0.072 -0.11 -0.148 -0.256 -0.334 -0.37 -0.347 -0.314 -0.248 -0.184 -0.165 -0.174 -0.189 -0.193 -0.218 -0.208 -0.19 -0.186 -0.19 -0.225 -0.28 -0.333 -0.415 -0.485 -0.532 -0.575 -0.599 -0.601 -0.574 -0.52 -0.479 -0.466 -0.441 -0.414 -0.415 -0.423 -0.441 -0.472 -0.511 -0.559 -0.588 -0.616 -0.612 -0.609 -0.618 -0.612 -0.596 -0.567 -0.528
-0.163 -0.132 -0.115 -0.072 -0.041 -0.026 -0.027 -0.031 -0.015 -0.017 -0.032 -0.048 -0.099 -0.174 -0.232 -0.248 -0.221 -0.221 -0.19 -0.156 -0.133 -0.081 -0.027 -0.024 -0.041 -0.074 -0.119 -0.185 -0.245 -0.307 -0.367 -0.383 -0.356 -0.31 -0.238 -0.17 -0.145 -0.168 -0.205 -0.223 -0.238 -0.225 -0.187 -0.171 -0.165 -0.194 -0.251 -0.318 -0.399 -0.479 -0.533 -0.578 -0.603 -0.609 -0.582 -0.526 -0.476 -0.465 -0.445 -0.403 -0.4 -0.406 -0.413 -0.44 -0.488 -0.529 -0.563 -0.601 -0.609 -0.608 -0.619 -0.611 -0.593 -0.559 -0.516
-0.171 -0.133 -0.113 -0.078 -0.036 -0.005 -0.001 -0.014 0.004 0.028 0.03 -0.004 -0.08 -0.159 -0.218 -0.254 -0.263 -0.257 -0.23 -0.208 -0.185 -0.116 -0.057 -0.018 -0.034 -0.059 -0.135 -0.228 -0.291 -0.333 -0.396 -0.429 -0.41 -0.347 -0.272 -0.205 -0.173 -0.196 -0.23 -0.245 -0.236 -0.229 -0.212 -0.191 -0.179 -0.195 -0.251 -0.321 -0.401 -0.48 -0.538 -0.58 -0.604 -0.613 -0.592 -0.538 -0.485 -0.465 -0.453 -0.41 -0.388 -0.375 -0.367 -0.394 -0.43 -0.476 -0.527 -0.57 -0.593 -0.607 -0.613 -0.593 -0.573 -0.548 -0.503
-0.19 -0.146 -0.114 -0.076 -0.047 -0.018 -0.007 -0.008 0.022 0.077 0.082 0.013 -0.079 -0.151 -0.189 -0.214 -0.245 -0.252 -0.262 -0.253 -0.218 -0.167 -0.1 -0.045 -0.053 -0.095 -0.168 -0.269 -0.322 -0.371 -0.442 -0.462 -0.453 -0.415 -0.352 -0.286 -0.239 -0.243 -0.262 -0.263 -0.24 -0.218 -0.203 -0.192 -0.192 -0.21 -0.263 -0.334 -0.411 -0.482 -0.537 -0.578 -0.605 -0.617 -0.603 -0.555 -0.505 -0.475 -0.459 -0.428 -0.395 -0.361 -0.337 -0.347 -0.364 -0.414 -0.483 -0.517 -0.548 -0.584 -0.596 -0.577 -0.549 -0.524 -0.475
-0.22 -0.196 -0.157 -0.114 -0.1 -0.065 -0.038 0.002 0.043 0.074 0.049 -0.005 -0.078 -0.128 -0.15 -0.185 -0.233 -0.242 -0.252 -0.249 -0.224 -0.174 -0.107 -0.066 -0.083 -0.134 -0.22 -0.318 -0.38 -0.432 -0.473 -0.479 -0.459 -0.44 -0.402 -0.363 -0.331 -0.307 -0.3 -0.289 -0.265 -0.241 -0.219 -0.203 -0.2 -0.219 -0.27 -0.345 -0.418 -0.483 -0.533 -0.573 -0.603 -0.618 -0.615 -0.58 -0.534 -0.498 -0.461 -0.435 -0.397 -0.362 -0.327 -0.316 -0.316 -0.369 -0.438 -0.463 -0.489 -0.527 -0.559 -0.56 -0.534 -0.493 -0.451
-0.269 -0.265 -0.24 -0.207 -0.18 -0.129 -0.093 -0.03 0.013 0.04 0.013 -0.027 -0.074 -0.109 -0.14 -0.168 -0.204 -0.222 -0.213 -0.213 -0.179 -0.135 -0.092 -0.072 -0.117 -0.194 -0.289 -0.371 -0.421 -0.459 -0.492 -0.493 -0.467 -0.442 -0.418 -0.402 -0.403 -0.385 -0.363 -0.354 -0.339 -0.318 -0.303 -0.28 -0.262 -0.263 -0.296 -0.358 -0.423 -0.48 -0.528 -0.562 -0.596 -0.616 -0.623 -0.608 -0.569 -0.531 -0.487 -0.451 -0.407 -0.368 -0.333 -0.309 -0.301 -0.334 -0.398 -0.427 -0.447 -0.481 -0.511 -0.521 -0.512 -0.482 -0.426
-0.359 -0.348 -0.331 -0.301 -0.26 -0.22 -0.16 -0.109 -0.051 -0.007 -0.021 -0.026 -0.072 -0.105 -0.12 -0.133 -0.165 -0.174 -0.156 -0.153 -0.115 -0.086 -0.059 -0.075 -0.16 -0.263 -0.341 -0.4 -0.445 -0.478 -0.506 -0.513 -0.5 -0.471 -0.452 -0.438 -0.448 -0.446 -0.439 -0.432 -0.422 -0.415 -0.408 -0.386 -0.361 -0.342 -0.352 -0.381 -0.431 -0.477 -0.519 -0.551 -0.586 -0.609 -0.625 -0.626 -0.608 -0.576 -0.531 -0.486 -0.443 -0.398 -0.36 -0.327 -0.31 -0.323 -0.364 -0.377 -0.423 -0.44 -0.461 -0.474 -0.483 -0.456 -0.416
-0.434 -0.406 -0.385 -0.352 -0.31 -0.265 -0.228 -0.169 -0.1 -0.053 -0.044 -0.026 -0.061 -0.095 -0.086 -0.07 -0.1 -0.112 -0.087 -0.086 -0.053 -0.036 -0.036 -0.103 -0.206 -0.311 -0.376 -0.426 -0.471 -0.496 -0.517 -0.538 -0.538 -0.52 -0.503 -0.477 -0.48 -0.485 -0.482 -0.476 -0.467 -0.483 -0.486 -0.476 -0.458 -0.438 -0.431 -0.435 -0.457 -0.479 -0.507 -0.537 -0.568 -0.597 -0.619 -0.631 -0.628 -0.61 -0.578 -0.536 -0.494 -0.454 -0.407 -0.369 -0.342 -0.341 -0.362 -0.348 -0.368 -0.365 -0.379 -0.422 -0.445 -0.434 -0.41
-0.456 -0.425 -0.396 -0.373 -0.338 -0.291 -0.249 -0.204 -0.141 -0.081 -0.055 -0.005 -0.016 -0.057 -0.041 -0.015 -0.038 -0.064 -0.034 -0.028 -0.03 -0.039 -0.073 -0.16 -0.263 -0.36 -0.418 -0.469 -0.503 -0.518 -0.531 -0.551 -0.567 -0.563 -0.55 -0.524 -0.494 -0.487 -0.497 -0.495 -0.496 -0.516 -0.527 -0.528 -0.523 -0.51 -0.497 -0.492 -0.499 -0.509 -0.516 -0.527 -0.547 -0.582 -0.61 -0.628 -0.63 -0.619 -0.601 -0.582 -0.55 -0.511 -0.471 -0.429 -0.396 -0.388 -0.381 -0.346 -0.333 -0.322 -0.336 -0.358 -0.384 -0.409 -0.411
-0.455 -0.442 -0.403 -0.369 -0.344 -0.31 -0.268 -0.216 -0.16 -0.084 -0.049 0.014 0.029 -0.01 -0.001 -0.004 -0.015 -0.043 -0.03 -0.04 -0.072 -0.095 -0.132 -0.212 -0.318 -0.414 -0.455 -0.497 -0.528 -0.539 -0.548 -0.566 -0.586 -0.591 -0.588 -0.567 -0.52 -0.486 -0.489 -0.495 -0.502 -0.516 -0.53 -0.539 -0.544 -0.544 -0.539 -0.537 -0.535 -0.539 -0.543 -0.542 -0.544 -0.566 -0.595 -0.619 -0.626 -0.618 -0.604 -0.598 -0.589 -0.562 -0.522 -0.488 -0.453 -0.434 -0.409 -0.368 -0.333 -0.312 -0.317 -0.309 -0.319 -0.355 -0.365
-0.455 -0.444 -0.415 -0.371 -0.333 -0.304 -0.263 -0.204 -0.149 -0.065 -0.018 0.025 0.036 0.02 0.013 -0.032 -0.055 -0.083 -0.075 -0.099 -0.135 -0.146 -0.183 -0.268 -0.378 -0.477 -0.502 -0.517 -0.543 -0.557 -0.562 -0.579 -0.601 -0.614 -0.616 -0.604 -0.565 -0.508 -0.475 -0.474 -0.486 -0.511 -0.545 -0.565 -0.577 -0.574 -0.564 -0.559 -0.557 -0.557 -0.556 -0.555 -0.557 -0.566 -0.585 -0.608 -0.619 -0.612 -0.606 -0.607 -0.609 -0.594 -0.567 -0.538 -0.502 -0.477 -0.447 -0.41 -0.366 -0.333 -0.308 -0.292 -0.276 -0.302 -0.311
-0.453 -0.44 -0.409 -0.364 -0.319 -0.283 -0.237 -0.168 -0.113 -0.051 0.004 0.011 -0.005 -0.014 -0.036 -0.102 -0.163 -0.192 -0.192 -0.214 -0.228 -0.25 -0.297 -0.376 -0.463 -0.543 -0.567 -0.569 -0.565 -0.57 -0.581 -0.591 -0.612 -0.636 -0.641 -0.637 -0.612 -0.554 -0.484 -0.446 -0.452 -0.482 -0.525 -0.575 -0.607 -0.615 -0.614 -0.581 -0.565 -0.556 -0.549 -0.552 -0.555 -0.566 -0.582 -0.599 -0.606 -0.599 -0.597 -0.602 -0.611 -0.607 -0.589 -0.569 -0.546 -0.518 -0.487 -0.457 -0.412 -0.368 -0.321 -0.285 -0.261 -0.273 -0.271
-0.439 -0.427 -0.387 -0.338 -0.286 -0.255 -0.212 -0.153 -0.091 -0.075 -0.042 -0.049 -0.086 -0.115 -0.154 -0.207 -0.276 -0.324 -0.351 -0.375 -0.388 -0.409 -0.444 -0.496 -0.551 -0.601 -0.626 -0.629 -0.615 -0.601 -0.597 -0.599 -0.618 -0.645 -0.661 -0.664 -0.651 -0.601 -0.519 -0.447 -0.415 -0.446 -0.492 -0.55 -0.605 -0.636 -0.646 -0.632 -0.605 -0.578 -0.553 -0.544 -0.547 -0.569 -0.582 -0.586 -0.585 -0.578 -0.572 -0.576 -0.591 -0.606 -0.603 -0.591 -0.577 -0.552 -0.521 -0.495 -0.459 -0.411 -0.356 -0.295 -0.275 -0.252 -0.243
-0.391 -0.391 -0.351 -0.295 -0.238 -0.227 -0.175 -0.137 -0.116 -0.122 -0.129 -0.129 -0.169 -0.232 -0.273 -0.316 -0.386 -0.44 -0.473 -0.495 -0.507 -0.522 -0.545 -0.577 -0.61 -0.641 -0.66 -0.657 -0.645 -0.63 -0.597 -0.588 -0.6 -0.629 -0.663 -0.681 -0.678 -0.647 -0.563 -0.469 -0.405 -0.41 -0.455 -0.516 -0.578 -0.621 -0.643 -0.639 -0.621 -0.6 -0.577 -0.557 -0.554 -0.575 -0.579 -0.561 -0.549 -0.538 -0.529 -0.531 -0.55 -0.579 -0.599 -0.606 -0.604 -0.583 -0.551 -0.524 -0.498 -0.455 -0.399 -0.337 -0.3 -0.245 -0.218
-0.335 -0.33 -0.323 -0.272 -0.233 -0.209 -0.164 -0.168 -0.193 -0.205 -0.241 -0.268 -0.298 -0.352 -0.396 -0.439 -0.491 -0.533 -0.561 -0.578 -0.587 -0.597 -0.612 -0.631 -0.651 -0.671 -0.681 -0.672 -0.66 -0.649 -0.624 -0.602 -0.609 -0.615 -0.649 -0.686 -0.695 -0.677 -0.611 -0.513 -0.424 -0.401 -0.426 -0.478 -0.537 -0.588 -0.608 -0.606 -0.6 -0.591 -0.582 -0.578 -0.585 -0.595 -0.582 -0.537 -0.507 -0.485 -0.469 -0.472 -0.494 -0.531 -0.569 -0.6 -0.615 -0.609 -0.585 -0.55 -0.521 -0.49 -0.443 -0.387 -0.326 -0.261 -0.21
-0.272 -0.268 -0.275 -0.26 -0.237 -0.204 -0.193 -0.229 -0.286 -0.329 -0.367 -0.387 -0.408 -0.462 -0.501 -0.535 -0.565 -0.598 -0.622 -0.637 -0.642 -0.647 -0.654 -0.662 -0.676 -0.686 -0.691 -0.677 -0.66 -0.653 -0.642 -0.628 -0.617 -0.618 -0.643 -0.684 -0.704 -0.7 -0.655 -0.565 -0.466 -0.42 -0.42 -0.449 -0.492 -0.545 -0.55 -0.547 -0.549 -0.556 -0.558 -0.565 -0.584 -0.604 -0.597 -0.55 -0.499 -0.445 -0.405 -0.397 -0.425 -0.468 -0.519 -0.568 -0.603 -0.616 -0.606 -0.579 -0.54 -0.512 -0.475 -0.43 -0.367 -0.297 -0.238
-0.219 -0.202 -0.225 -0.25 -0.253 -0.254 -0.291 -0.344 -0.387 -0.435 -0.469 -0.484 -0.511 -0.552 -0.565 -0.581 -0.605 -0.636 -0.654 -0.667 -0.665 -0.663 -0.666 -0.663 -0.683 -0.687 -0.691 -0.676 -0.649 -0.644 -0.64 -0.636 -0.627 -0.62 -0.643 -0.68 -0.706 -0.717 -0.692 -0.622 -0.531 -0.469 -0.444 -0.437 -0.46 -0.502 -0.507 -0.496 -0.488 -0.497 -0.512 -0.529 -0.559 -0.594 -0.61 -0.583 -0.519 -0.435 -0.364 -0.328 -0.336 -0.388 -0.453 -0.517 -0.57 -0.604 -0.615 -0.598 -0.562 -0.521 -0.492 -0.46 -0.41 -0.347 -0.287
-0.16 -0.182 -0.223 -0.272 -0.318 -0.351 -0.396 -0.445 -0.486 -0.526 -0.554 -0.578 -0.6 -0.61 -0.602 -0.617 -0.642 -0.659 -0.67 -0.676 -0.672 -0.658 -0.654 -0.656 -0.677 -0.682 -0.677 -0.661 -0.642 -0.625 -0.626 -0.63 -0.634 -0.629 -0.641 -0.669 -0.699 -0.719 -0.717 -0.675 -0.595 -0.532 -0.476 -0.432 -0.436 -0.463 -0.47 -0.457 -0.436 -0.42 -0.44 -0.478 -0.523 -0.571 -0.61 -0.608 -0.554 -0.461 -0.368 -0.29 -0.264 -0.289 -0.371 -0.451 -0.521 -0.572 -0.605 -0.607 -0.585 -0.542 -0.507 -0.482 -0.444 -0.39 -0.318
-0.138 -0.17 -0.214 -0.291 -0.367 -0.437 -0.491 -0.529 -0.563 -0.589 -0.608 -0.623 -0.633 -0.63 -0.621 -0.641 -0.663 -0.674 -0.666 -0.66 -0.667 -0.655 -0.641 -0.638 -0.662 -0.671 -0.667 -0.646 -0.627 -0.601 -0.606 -0.618 -0.628 -0.637 -0.64 -0.653 -0.682 -0.707 -0.724 -0.709 -0.647 -0.581 -0.508 -0.444 -0.422 -0.434 -0.442 -0.426 -0.402 -0.363 -0.36 -0.418 -0.482 -0.541 -0.597 -0.616 -0.586 -0.5 -0.396 -0.29 -0.225 -0.213 -0.277 -0.374 -0.457 -0.524 -0.574 -0.596 -0.589 -0.56 -0.519 -0.494 -0.466 -0.422 -0.336
-0.179 -0.222 -0.285 -0.356 -0.436 -0.504 -0.551 -0.577 -0.602 -0.613 -0.616 -0.618 -0.62 -0.618 -0.618 -0.649 -0.667 -0.675 -0.65 -0.639 -0.642 -0.65 -0.637 -0.625 -0.638 -0.657 -0.661 -0.649 -0.62 -0.584 -0.58 -0.595 -0.611 -0.622 -0.632 -0.64 -0.66 -0.684 -0.715 -0.723 -0.688 -0.622 -0.551 -0.478 -0.437 -0.42 -0.416 -0.397 -0.38 -0.349 -0.311 -0.355 -0.439 -0.506 -0.575 -0.615 -0.604 -0.53 -0.43 -0.322 -0.221 -0.166 -0.189 -0.288 -0.382 -0.466 -0.533 -0.573 -0.583 -0.567 -0.529 -0.502 -0.48 -0.443 -0.378
-0.241 -0.311 -0.383 -0.451 -0.507 -0.557 -0.595 -0.603 -0.604 -0.597 -0.587 -0.578 -0.582 -0.59 -0.603 -0.639 -0.662 -0.67 -0.644 -0.627 -0.617 -0.632 -0.624 -0.606 -0.609 -0.633 -0.646 -0.645 -0.616 -0.579 -0.561 -0.573 -0.587 -0.592 -0.61 -0.624 -0.638 -0.659 -0.692 -0.719 -0.712 -0.663 -0.595 -0.525 -0.465 -0.42 -0.395 -0.366 -0.367 -0.328 -0.292 -0.292 -0.391 -0.46 -0.542 -0.6 -0.614 -0.556 -0.46 -0.355 -0.245 -0.14 -0.129 -0.202 -0.303 -0.399 -0.482 -0.541 -0.566 -0.561 -0.537 -0.515 -0.491 -0.457 -0.407
-0.341 -0.408 -0.466 -0.507 -0.54 -0.59 -0.621 -0.614 -0.606 -0.583 -0.559 -0.544 -0.547 -0.554 -0.575 -0.617 -0.648 -0.663 -0.641 -0.615 -0.601 -0.615 -0.607 -0.589 -0.585 -0.599 -0.617 -0.627 -0.616 -0.586 -0.561 -0.559 -0.565 -0.557 -0.564 -0.59 -0.613 -0.636 -0.665 -0.702 -0.719 -0.7 -0.642 -0.571 -0.503 -0.442 -0.397 -0.355 -0.36 -0.307 -0.271 -0.265 -0.346 -0.409 -0.492 -0.574 -0.615 -0.583 -0.51 -0.414 -0.29 -0.168 -0.113 -0.133 -0.222 -0.329 -0.423 -0.499 -0.548 -0.555 -0.542 -0.521 -0.498 -0.469 -0.428
-0.448 -0.494 -0.523 -0.533 -0.554 -0.62 -0.646 -0.646 -0.641 -0.616 -0.578 -0.544 -0.524 -0.518 -0.543 -0.589 -0.627 -0.652 -0.636 -0.607 -0.585 -0.598 -0.588 -0.577 -0.568 -0.563 -0.573 -0.599 -0.609 -0.596 -0.571 -0.56 -0.542 -0.523 -0.507 -0.531 -0.573 -0.604 -0.631 -0.671 -0.706 -0.714 -0.68 -0.617 -0.55 -0.484 -0.414 -0.382 -0.362 -0.291 -0.252 -0.222 -0.305 -0.363 -0.436 -0.538 -0.6 -0.606 -0.555 -0.454 -0.343 -0.226 -0.125 -0.098 -0.16 -0.261 -0.364 -0.451 -0.517 -0.544 -0.543 -0.523 -0.499 -0.477 -0.445
-0.534 -0.565 -0.579 -0.583 -0.602 -0.644 -0.663 -0.673 -0.671 -0.644 -0.59 -0.538 -0.495 -0.481 -0.508 -0.554 -0.598 -0.634 -0.622 -0.595 -0.578 -0.59 -0.577 -0.554 -0.535 -0.529 -0.534 -0.563 -0.592 -0.6 -0.583 -0.569 -0.53 -0.487 -0.464 -0.463 -0.517 -0.56 -0.597 -0.635 -0.68 -0.709 -0.7 -0.654 -0.602 -0.528 -0.469 -0.433 -0.359 -0.284 -0.24 -0.169 -0.242 -0.315 -0.379 -0.49 -0.571 -0.608 -0.579 -0.495 -0.386 -0.272 -0.148 -0.089 -0.132 -0.21 -0.308 -0.405 -0.482 -0.524 -0.539 -0.524 -0.502 -0.478 -0.453
-0.601 -0.623 -0.635 -0.639 -0.643 -0.653 -0.665 -0.679 -0.683 -0.657 -0.599 -0.54 -0.485 -0.466 -0.484 -0.524 -0.574 -0.612 -0.608 -0.582 -0.562 -0.57 -0.569 -0.541 -0.517 -0.498 -0.498 -0.511 -0.564 -0.593 -0.588 -0.568 -0.521 -0.454 -0.411 -0.398 -0.448 -0.502 -0.552 -0.598 -0.647 -0.691 -0.703 -0.682 -0.642 -0.578 -0.533 -0.455 -0.359 -0.283 -0.218 -0.127 -0.185 -0.253 -0.315 -0.428 -0.53 -0.59 -0.598 -0.536 -0.448 -0.339 -0.211 -0.122 -0.134 -0.196 -0.274 -0.365 -0.442 -0.498 -0.527 -0.522 -0.504 -0.478 -0.454
-0.645 -0.658 -0.664 -0.654 -0.643 -0.648 -0.658 -0.674 -0.686 -0.67 -0.619 -0.557 -0.489 -0.459 -0.469 -0.491 -0.554 -0.581 -0.591 -0.581 -0.546 -0.534 -0.544 -0.537 -0.513 -0.491 -0.467 -0.47 -0.532 -0.578 -0.584 -0.564 -0.51 -0.43 -0.364 -0.34 -0.374 -0.432 -0.492 -0.545 -0.607 -0.664 -0.691 -0.689 -0.663 -0.622 -0.576 -0.495 -0.387 -0.281 -0.208 -0.093 -0.12 -0.196 -0.264 -0.354 -0.47 -0.553 -0.594 -0.568 -0.507 -0.422 -0.314 -0.208 -0.17 -0.207 -0.273 -0.349 -0.409 -0.46 -0.498 -0.508 -0.498 -0.477 -0.455
-0.667 -0.675 -0.665 -0.646 -0.634 -0.635 -0.645 -0.659 -0.682 -0.676 -0.632 -0.565 -0.507 -0.474 -0.462 -0.462 -0.526 -0.566 -0.558 -0.556 -0.535 -0.499 -0.486 -0.503 -0.506 -0.486 -0.46 -0.448 -0.509 -0.562 -0.578 -0.556 -0.507 -0.422 -0.324 -0.285 -0.292 -0.35 -0.423 -0.484 -0.557 -0.628 -0.669 -0.683 -0.67 -0.637 -0.602 -0.534 -0.421 -0.308 -0.206 -0.088 -0.067 -0.13 -0.21 -0.277 -0.388 -0.495 -0.561 -0.582 -0.556 -0.499 -0.421 -0.331 -0.267 -0.253 -0.294 -0.354 -0.398 -0.431 -0.465 -0.485 -0.483 -0.47 -0.453
-0.676 -0.679 -0.663 -0.636 -0.622 -0.629 -0.632 -0.645 -0.672 -0.676 -0.646 -0.59 -0.525 -0.493 -0.451 -0.436 -0.491 -0.542 -0.542 -0.522 -0.501 -0.46 -0.414 -0.429 -0.461 -0.464 -0.432 -0.422 -0.487 -0.547 -0.573 -0.552 -0.504 -0.419 -0.302 -0.233 -0.223 -0.262 -0.345 -0.422 -0.501 -0.585 -0.638 -0.668 -0.668 -0.642 -0.613 -0.555 -0.457 -0.326 -0.219 -0.135 -0.047 -0.056 -0.138 -0.208 -0.29 -0.417 -0.505 -0.557 -0.573 -0.553 -0.511 -0.453 -0.398 -0.352 -0.341 -0.371 -0.402 -0.418 -0.442 -0.46 -0.462 -0.459 -0.45
-0.674 -0.666 -0.646 -0.625 -0.613 -0.62 -0.616 -0.622 -0.65 -0.67 -0.659 -0.605 -0.544 -0.5 -0.443 -0.42 -0.466 -0.523 -0.523 -0.495 -0.459 -0.417 -0.356 -0.351 -0.387 -0.424 -0.428 -0.419 -0.464 -0.526 -0.561 -0.555 -0.499 -0.42 -0.301 -0.196 -0.164 -0.184 -0.26 -0.352 -0.435 -0.535 -0.601 -0.644 -0.659 -0.647 -0.621 -0.566 -0.482 -0.363 -0.249 -0.165 -0.075 -0.022 -0.063 -0.145 -0.194 -0.316 -0.43 -0.501 -0.547 -0.566 -0.56 -0.538 -0.505 -0.465 -0.423 -0.405 -0.41 -0.417 -0.429 -0.451 -0.452 -0.448 -0.447
