data/climatemaps/RS_maps/climate_winter_pr_2004.asc
NCOLS 369 
NROWS 228 
XLLCORNER 479000 
YLLCORNER 73000 
CELLSIZE 1000 
NODATA_value -9 
[rows 170 to 203 of 228, columns 0 to 74 of 369]
-9 -9 0.172 0.129 0.08 0.034 0.003 0 0.015 0.033 0.024 -0.06 -0.211 -0.385 -0.529 -0.622 -0.659 -0.662 -0.649 -0.637 -0.635 -0.643 -0.663 -0.685 -0.705 -0.723 -0.736 -0.745 -0.748 -0.74 -0.714 -0.678 -0.638 -0.597 -0.554 -0.509 -0.463 -0.425 -0.401 -0.401 -0.407 -0.412 -0.413 -0.402 -0.348 -0.296 -0.264 -0.223 -0.171 -0.088 -9 -9 -9 -9 -9 -9 -9 -9 -0.024 -0.028 -0.037 -0.06 -0.001 0.102 0.214 0.319 0.365 0.448 0.549 0.632 0.731 0.792 0.817 0.805 0.765
-9 0.21 0.177 0.132 0.079 0.025 -0.001 -0.005 0.009 0.011 -0.023 -0.127 -0.285 -0.45 -0.578 -0.659 -0.689 -0.69 -0.674 -0.66 -0.653 -0.659 -0.677 -0.698 -0.72 -0.738 -0.751 -0.756 -0.752 -0.733 -0.7 -0.661 -0.62 -0.575 -0.522 -0.459 -0.385 -0.319 -0.289 -0.315 -0.339 -0.356 -0.37 -0.372 -0.327 -0.275 -0.228 -0.165 -0.081 -9 -9 -9 -9 -9 -9 -9 -9 -9 0.018 0.063 0.045 -0.012 -0.051 0.026 0.132 0.217 0.292 0.394 0.505 0.54 0.556 0.679 0.772 0.813 0.759
0.218 0.199 0.167 0.124 0.07 0.027 0.002 -0.003 0.003 -0.02 -0.09 -0.215 -0.373 -0.516 -0.622 -0.686 -0.705 -0.701 -0.685 -0.671 -0.666 -0.673 -0.691 -0.715 -0.737 -0.755 -0.767 -0.766 -0.753 -0.724 -0.685 -0.642 -0.596 -0.547 -0.48 -0.393 -0.312 -0.248 -0.229 -0.259 -0.291 -0.318 -0.342 -0.345 -0.313 -9 -9 -9 -9 -9 -9 -9 -9 -9 -9 -9 -9 -9 0.016 0.108 0.126 0.052 -0.012 0.081 0.148 0.18 0.245 0.32 0.383 0.409 0.41 0.525 0.641 0.723 0.712
0.197 0.177 0.146 0.106 0.059 0.028 0.007 -0.001 -0.013 -0.069 -0.175 -0.317 -0.463 -0.582 -0.662 -0.705 -0.712 -0.701 -0.686 -0.677 -0.678 -0.688 -0.708 -0.733 -0.756 -0.773 -0.782 -0.775 -0.752 -0.714 -0.669 -0.621 -0.572 -0.517 -0.44 -0.348 -0.269 -0.215 -0.205 -0.226 -0.255 -0.288 -0.315 -0.315 -0.286 -9 -9 -9 -9 -9 -9 -9 -9 -9 -9 -9 -9 -9 0.051 0.16 0.176 0.043 0.015 0.126 0.193 0.212 0.179 0.143 0.16 0.194 0.232 0.323 0.455 0.587 0.673
0.167 0.147 0.117 0.081 0.046 0.023 0.009 -0.01 -0.051 -0.141 -0.275 -0.422 -0.55 -0.643 -0.697 -0.719 -0.713 -0.698 -0.685 -0.683 -0.688 -0.702 -0.726 -0.752 -0.776 -0.792 -0.796 -0.78 -0.746 -0.703 -0.653 -0.6 -0.548 -0.49 -0.408 -0.318 -0.244 -0.196 -0.178 -0.191 -0.218 -0.25 -0.269 -0.262 -0.222 -9 -9 -9 -9 -9 -9 -9 -9 -9 -9 -9 -9 -9 -9 0.106 0.114 0.075 0.068 0.079 0.134 0.153 0.072 0.019 0.056 0.122 0.199 0.248 0.317 0.45 0.554
0.13 0.11 0.082 0.05 0.025 0.011 0 -0.038 -0.114 -0.235 -0.382 -0.52 -0.626 -0.695 -0.724 -0.728 -0.713 -0.696 -0.687 -0.689 -0.699 -0.718 -0.744 -0.773 -0.797 -0.81 -0.808 -0.782 -0.741 -0.692 -0.637 -0.581 -0.528 -0.467 -0.387 -0.297 -0.226 -0.171 -0.144 -0.15 -0.169 -0.187 -0.191 -0.17 -0.118 -9 -9 -9 -9 -9 -9 -9 -9 -9 -9 -9 -9 -9 -9 -9 0.111 0.138 0.137 0.112 0.105 0.049 0.053 0.085 0.145 0.212 0.336 0.351 0.316 0.333 0.417
0.084 0.061 0.035 0.011 -0.003 -0.011 -0.028 -0.091 -0.199 -0.341 -0.486 -0.606 -0.689 -0.735 -0.745 -0.734 -0.715 -0.699 -0.694 -0.699 -0.711 -0.735 -0.765 -0.795 -0.819 -0.828 -0.818 -0.783 -0.736 -0.682 -0.623 -0.566 -0.512 -0.453 -0.374 -0.285 -0.203 -0.134 -0.097 -0.092 -0.097 -0.092 -0.07 -0.034 0.012 0.072 -9 -9 -9 -9 -9 -9 -9 -9 -9 -9 -9 -9 -9 -9 0.076 0.153 0.199 0.26 0.234 0.133 0.127 0.19 0.261 0.353 0.473 0.493 0.502 0.425 0.358
0.025 -0.002 -0.024 -0.035 -0.037 -0.048 -0.083 -0.169 -0.301 -0.448 -0.578 -0.677 -0.737 -0.763 -0.759 -0.742 -0.723 -0.71 -0.706 -0.713 -0.729 -0.756 -0.789 -0.818 -0.839 -0.842 -0.824 -0.785 -0.733 -0.675 -0.614 -0.556 -0.503 -0.444 -0.365 -0.269 -0.16 -0.071 -0.02 -0.001 0.011 0.035 0.07 0.098 0.118 0.123 -9 -9 -9 -9 -9 -9 -9 -9 -9 -9 -9 -9 -9 -9 -9 0.138 0.182 0.305 0.306 0.24 0.163 0.203 0.328 0.527 0.639 0.651 0.657 0.524 0.364
-0.04 -0.077 -0.084 -0.084 -0.08 -0.103 -0.161 -0.268 -0.409 -0.546 -0.657 -0.733 -0.771 -0.782 -0.77 -0.753 -0.736 -0.724 -0.722 -0.731 -0.75 -0.78 -0.814 -0.841 -0.859 -0.854 -0.83 -0.789 -0.735 -0.674 -0.613 -0.555 -0.5 -0.439 -0.357 -0.242 -0.093 0.024 0.094 0.127 0.145 0.173 0.199 0.18 0.166 0.138 -9 -9 -9 -9 -9 -9 -9 -9 -9 -9 -9 -9 -9 -9 -0.053 -0.012 0.097 0.288 0.344 0.293 0.332 0.303 0.366 0.535 0.639 0.627 0.587 0.517 0.489
-0.108 -0.14 -0.139 -0.134 -0.135 -0.174 -0.255 -0.377 -0.512 -0.632 -0.72 -0.774 -0.794 -0.795 -0.783 -0.766 -0.75 -0.742 -0.743 -0.751 -0.771 -0.806 -0.839 -0.865 -0.877 -0.864 -0.837 -0.797 -0.743 -0.681 -0.621 -0.562 -0.504 -0.438 -0.344 -0.202 -0.018 0.136 0.216 0.238 0.24 0.271 0.27 0.204 0.157 0.135 -9 -9 -9 -9 -9 -9 -9 -9 -9 -9 -9 -9 -9 -9 -0.146 -0.085 0.062 0.261 0.327 0.347 0.469 0.429 0.416 0.547 0.634 0.585 0.632 0.661 0.665
-0.174 -0.184 -0.183 -0.183 -0.202 -0.262 -0.359 -0.483 -0.604 -0.701 -0.765 -0.799 -0.808 -0.807 -0.795 -0.779 -0.767 -0.765 -0.768 -0.777 -0.8 -0.836 -0.866 -0.887 -0.891 -0.871 -0.846 -0.808 -0.758 -0.696 -0.636 -0.576 -0.514 -0.441 -0.329 -0.156 0.056 0.241 0.308 0.286 0.278 0.297 0.264 0.177 0.123 0.155 -9 -9 -9 -9 -9 -9 -9 -9 -9 -9 -9 -9 -9 -9 -0.147 -0.085 0.038 0.181 0.34 0.434 0.518 0.51 0.539 0.598 0.605 0.645 0.768 0.78 0.68
-0.216 -0.217 -0.219 -0.235 -0.277 -0.359 -0.467 -0.58 -0.68 -0.754 -0.796 -0.814 -0.821 -0.82 -0.808 -0.796 -0.79 -0.792 -0.797 -0.811 -0.837 -0.868 -0.894 -0.907 -0.899 -0.885 -0.863 -0.824 -0.775 -0.717 -0.657 -0.596 -0.532 -0.445 -0.309 -0.113 0.099 0.282 0.334 0.294 0.262 0.257 0.195 0.117 0.111 0.191 -9 -9 -9 -9 -9 -9 -9 -9 -9 -9 -9 -9 -9 -9 -0.066 -0.102 -0.032 0.103 0.28 0.372 0.479 0.534 0.56 0.624 0.611 0.699 0.836 0.832 0.669
-0.237 -0.239 -0.25 -0.29 -0.359 -0.457 -0.565 -0.662 -0.739 -0.794 -0.821 -0.833 -0.838 -0.834 -0.825 -0.819 -0.819 -0.823 -0.832 -0.849 -0.873 -0.898 -0.918 -0.924 -0.916 -0.901 -0.876 -0.837 -0.79 -0.737 -0.681 -0.622 -0.548 -0.443 -0.292 -0.1 0.109 0.28 0.33 0.281 0.221 0.185 0.131 0.092 0.129 -9 -9 -9 -9 -9 -9 -9 -9 -9 -9 -9 -9 -9 -9 0.296 0.107 -0.071 -0.064 0.056 0.157 0.2 0.31 0.397 0.46 0.587 0.659 0.735 0.842 0.796 0.724
-0.246 -0.249 -0.28 -0.348 -0.442 -0.546 -0.647 -0.725 -0.783 -0.824 -0.844 -0.853 -0.857 -0.854 -0.848 -0.846 -0.849 -0.855 -0.865 -0.884 -0.906 -0.925 -0.938 -0.939 -0.93 -0.912 -0.881 -0.843 -0.8 -0.752 -0.699 -0.642 -0.568 -0.448 -0.297 -0.113 0.093 0.246 0.291 0.24 0.178 0.152 0.139 0.115 0.166 -9 -9 -9 -9 -9 -9 -9 -9 -9 -9 -9 -9 -9 -9 0.47 0.305 0.021 -0.069 -0.049 -0.012 0.093 0.205 0.335 0.438 0.54 0.641 0.784 0.83 0.788 0.837
-0.248 -0.255 -0.309 -0.406 -0.518 -0.624 -0.713 -0.774 -0.817 -0.848 -0.864 -0.873 -0.875 -0.874 -0.871 -0.871 -0.876 -0.884 -0.895 -0.914 -0.933 -0.945 -0.951 -0.948 -0.935 -0.909 -0.875 -0.837 -0.797 -0.754 -0.711 -0.664 -0.595 -0.487 -0.342 -0.159 0.041 0.181 0.216 0.179 0.14 0.146 0.137 0.134 0.196 -9 -9 -9 -9 -9 -9 -9 -9 -9 -9 -9 -9 -9 -9 0.623 0.45 0.155 -0.025 -0.094 -0.043 0.093 0.213 0.334 0.454 0.565 0.644 0.79 0.854 0.854 0.897
-0.253 -0.265 -0.34 -0.459 -0.582 -0.687 -0.766 -0.815 -0.849 -0.872 -0.883 -0.89 -0.891 -0.891 -0.89 -0.892 -0.898 -0.908 -0.921 -0.937 -0.952 -0.959 -0.958 -0.946 -0.924 -0.888 -0.848 -0.811 -0.778 -0.742 -0.713 -0.683 -0.629 -0.541 -0.41 -0.241 -0.054 0.083 0.102 0.095 0.107 0.134 0.105 0.141 0.21 -9 -9 -9 -9 -9 -9 -9 -9 -9 -9 -9 -9 -9 -9 0.704 0.555 0.292 0.084 -0.043 -0.027 0.095 0.152 0.234 0.38 0.568 0.695 0.815 0.901 0.905 0.854
-0.263 -0.28 -0.372 -0.502 -0.63 -0.735 -0.807 -0.853 -0.879 -0.894 -0.9 -0.905 -0.905 -0.905 -0.905 -0.908 -0.918 -0.929 -0.939 -0.951 -0.959 -0.96 -0.951 -0.927 -0.89 -0.841 -0.786 -0.749 -0.739 -0.723 -0.709 -0.693 -0.656 -0.592 -0.485 -0.341 -0.184 -0.057 -0.019 0.044 0.077 0.071 0.084 0.16 -9 -9 -9 -9 -9 -9 -9 -9 -9 -9 -9 -9 -9 -9 -9 0.741 0.615 0.43 0.243 0.099 0.013 0.082 0.199 0.312 0.437 0.622 0.748 0.86 0.916 0.894 0.843
-0.279 -0.297 -0.397 -0.531 -0.663 -0.768 -0.839 -0.883 -0.904 -0.914 -0.918 -0.92 -0.92 -0.92 -0.921 -0.925 -0.934 -0.941 -0.947 -0.952 -0.954 -0.946 -0.924 -0.883 -0.823 -0.753 -0.689 -0.664 -0.685 -0.696 -0.699 -0.696 -0.674 -0.63 -0.554 -0.446 -0.316 -0.196 -0.137 -0.035 0.006 -0.001 0.058 -9 -9 -9 -9 -9 -9 -9 -9 -9 -9 -9 -9 -9 -9 -9 0.805 0.815 0.731 0.548 0.389 0.303 0.12 0.184 0.362 0.495 0.577 0.739 0.835 0.883 0.897 0.871 0.816
-0.297 -0.312 -0.412 -0.548 -0.684 -0.791 -0.862 -0.906 -0.925 -0.932 -0.936 -0.938 -0.937 -0.935 -0.937 -0.939 -0.94 -0.941 -0.941 -0.941 -0.935 -0.914 -0.872 -0.806 -0.707 -0.618 -0.587 -0.594 -0.622 -0.658 -0.681 -0.693 -0.686 -0.656 -0.599 -0.515 -0.415 -0.313 -0.223 -0.123 -0.089 -0.065 0.033 -9 -9 -9 -9 -9 -9 -9 -9 -9 -9 -9 -9 -9 -9 -9 0.744 0.768 0.682 0.534 0.483 0.417 0.278 0.25 0.351 0.495 0.609 0.717 0.825 0.847 0.829 0.786 0.707
-0.322 -0.329 -0.425 -0.56 -0.696 -0.805 -0.878 -0.921 -0.939 -0.948 -0.952 -0.952 -0.949 -0.945 -0.944 -0.94 -0.935 -0.931 -0.926 -0.917 -0.899 -0.859 -0.788 -0.685 -0.564 -0.495 -0.498 -0.519 -0.556 -0.613 -0.655 -0.681 -0.689 -0.674 -0.634 -0.564 -0.472 -0.371 -0.286 -0.206 -0.164 -0.119 -9 -9 -9 -9 -9 -9 -9 -9 -9 -9 -9 -9 -9 -9 -9 -9 0.669 0.627 0.527 0.477 0.512 0.484 0.418 0.445 0.334 0.393 0.503 0.609 0.779 0.805 0.809 0.768 0.701
-0.362 -0.361 -0.449 -0.574 -0.701 -0.808 -0.88 -0.923 -0.943 -0.954 -0.958 -0.956 -0.95 -0.943 -0.936 -0.928 -0.917 -0.908 -0.898 -0.879 -0.846 -0.783 -0.678 -0.532 -0.436 -0.409 -0.426 -0.439 -0.491 -0.56 -0.618 -0.656 -0.678 -0.679 -0.657 -0.602 -0.509 -0.401 -0.32 -0.262 -0.209 -9 -9 -9 -9 -9 -9 -9 -9 -9 -9 -9 -9 -9 -9 -9 -9 -9 0.49 0.442 0.44 0.491 0.507 0.518 0.497 0.55 0.499 0.434 0.485 0.568 0.722 0.819 0.821 0.801 0.8
-0.423 -0.414 -0.487 -0.59 -0.7 -0.796 -0.865 -0.908 -0.931 -0.945 -0.947 -0.943 -0.935 -0.921 -0.909 -0.898 -0.884 -0.871 -0.853 -0.822 -0.772 -0.692 -0.564 -0.422 -0.36 -0.352 -0.355 -0.364 -0.43 -0.506 -0.573 -0.622 -0.655 -0.67 -0.665 -0.628 -0.544 -0.431 -0.34 -0.282 -9 -9 -9 -9 -9 -9 -9 -9 -9 -9 -9 -9 -9 -9 -9 -9 -9 -9 -9 0.349 0.404 0.479 0.48 0.527 0.516 0.589 0.575 0.518 0.574 0.586 0.735 0.891 0.929 0.938 1.004
-0.497 -0.484 -0.525 -0.602 -0.689 -0.77 -0.834 -0.879 -0.906 -0.92 -0.923 -0.917 -0.903 -0.884 -0.866 -0.851 -0.836 -0.818 -0.79 -0.744 -0.679 -0.584 -0.457 -0.354 -0.309 -0.303 -0.29 -0.311 -0.377 -0.451 -0.519 -0.576 -0.621 -0.647 -0.658 -0.639 -0.577 -0.466 -9 -9 -9 -9 -9 -9 -9 -9 -9 -9 -9 -9 -9 -9 -9 -9 -9 -9 -9 -9 -9 0.329 0.356 0.416 0.452 0.461 0.497 0.535 0.472 0.505 0.543 0.649 0.753 0.847 0.992 1.011 1.065
-0.574 -0.545 -0.555 -0.606 -0.667 -0.73 -0.788 -0.835 -0.867 -0.882 -0.882 -0.872 -0.851 -0.829 -0.806 -0.787 -0.77 -0.75 -0.712 -0.655 -0.581 -0.471 -0.353 -0.296 -0.268 -0.262 -0.239 -0.267 -0.323 -0.382 -0.454 -0.517 -0.573 -0.613 -0.638 -0.637 -0.601 -9 -9 -9 -9 -9 -9 -9 -9 -9 -9 -9 -9 -9 -9 -9 -9 -9 -9 -9 -9 -9 -9 0.239 0.307 0.359 0.356 0.32 0.383 0.405 0.315 0.308 0.425 0.535 0.663 0.82 0.94 0.938 0.926
-0.64 -0.603 -0.583 -0.601 -0.638 -0.68 -0.728 -0.775 -0.81 -0.826 -0.824 -0.81 -0.784 -0.757 -0.731 -0.709 -0.692 -0.669 -0.63 -0.567 -0.477 -0.373 -0.299 -0.263 -0.24 -0.214 -0.204 -0.228 -0.253 -0.296 -0.373 -0.448 -0.516 -0.571 -0.61 -9 -9 -9 -9 -9 -9 -9 -9 -9 -9 -9 -9 -9 -9 -9 -9 -9 -9 -9 -9 -9 -9 -9 -9 0.077 0.166 0.231 0.215 0.179 0.23 0.243 0.153 0.122 0.307 0.434 0.581 0.77 0.914 0.912 0.783
-0.693 -0.654 -0.612 -0.597 -0.603 -0.626 -0.665 -0.711 -0.748 -0.766 -0.764 -0.746 -0.716 -0.684 -0.652 -0.628 -0.614 -0.592 -0.549 -0.48 -0.379 -0.31 -0.278 -0.251 -0.219 -0.177 -0.173 -0.188 -0.18 -0.211 -0.283 -0.372 -0.451 -0.521 -9 -9 -9 -9 -9 -9 -9 -9 -9 -9 -9 -9 -9 -9 -9 -9 -9 -9 -9 -9 -9 -9 -9 -9 -9 -9 -0.027 0.028 0.04 0.033 0.042 0.053 0.019 -0.009 0.219 0.398 0.571 0.711 0.798 0.813 0.627
-0.726 -0.686 -0.638 -0.596 -0.576 -0.584 -0.618 -0.661 -0.699 -0.72 -0.72 -0.699 -0.666 -0.628 -0.591 -0.566 -0.55 -0.523 -0.465 -0.389 -0.332 -0.295 -0.273 -0.249 -0.203 -0.166 -0.151 -0.136 -0.12 -0.136 -0.192 -0.286 -0.376 -9 -9 -9 -9 -9 -9 -9 -9 -9 -9 -9 -9 -9 -9 -9 -9 -9 -9 -9 -9 -9 -9 -9 -9 -9 -9 -9 -0.076 -0.057 -0.052 -0.06 -0.073 -0.086 -0.102 -0.064 0.17 0.337 0.49 0.571 0.63 0.655 0.444
-0.74 -0.706 -0.66 -0.607 -0.567 -0.564 -0.597 -0.638 -0.674 -0.696 -0.697 -0.678 -0.646 -0.609 -0.568 -0.535 -0.509 -0.472 -0.403 -0.339 -0.318 -0.3 -0.284 -0.246 -0.194 -0.157 -0.128 -0.098 -0.07 -0.068 -0.112 -0.203 -9 -9 -9 -9 -9 -9 -9 -9 -9 -9 -9 -9 -9 -9 -9 -9 -9 -9 -9 -9 -9 -9 -9 -9 -9 -9 -9 -9 -9 0.014 -0.002 -0.03 -0.07 -0.126 -0.169 -0.103 0.039 0.181 0.328 0.35 0.424 0.417 0.266
-0.748 -0.727 -0.688 -0.634 -0.577 -0.563 -0.596 -0.64 -0.673 -0.692 -0.694 -0.685 -0.662 -0.627 -0.58 -0.536 -0.49 -0.43 -0.372 -0.335 -0.319 -0.307 -0.287 -0.236 -0.192 -0.151 -0.112 -0.072 -0.041 -0.031 -0.054 -9 -9 -9 -9 -9 -9 -9 -9 -9 -9 -9 -9 -9 -9 -9 -9 -9 -9 -9 -9 -9 -9 -9 -9 -9 -9 -9 -9 -9 -9 -9 0.179 0.16 0.096 0 -0.11 -0.131 -0.033 0.073 0.114 0.117 0.188 0.234 0.209
-0.767 -0.757 -0.726 -0.674 -0.616 -0.588 -0.611 -0.656 -0.691 -0.705 -0.712 -0.714 -0.696 -0.658 -0.606 -0.554 -0.493 -0.423 -0.373 -0.345 -0.332 -0.324 -0.295 -0.245 -0.201 -0.157 -0.113 -0.072 -0.039 -9 -9 -9 -9 -9 -9 -9 -9 -9 -9 -9 -9 -9 -9 -9 -9 -9 -9 -9 -9 -9 -9 -9 -9 -9 -9 -9 -9 -9 -9 -9 -9 -9 0.429 0.479 0.417 0.28 0.066 -0.063 -0.034 -0.016 -0.081 -0.028 0.127 0.299 0.313
-0.797 -0.793 -0.769 -0.723 -0.673 -0.639 -0.647 -0.69 -0.72 -0.731 -0.746 -0.752 -0.733 -0.689 -0.639 -0.58 -0.512 -0.444 -0.393 -0.365 -0.353 -0.342 -0.305 -0.265 -0.221 -0.178 -0.136 -0.095 -9 -9 -9 -9 -9 -9 -9 -9 -9 -9 -9 -9 -9 -9 -9 -9 -9 -9 -9 -9 -9 -9 -9 -9 -9 -9 -9 -9 -9 -9 -9 -9 -9 -9 -9 0.773 0.727 0.587 0.401 0.176 0.029 -0.042 -0.044 0.087 0.26 0.437 0.557
-0.828 -0.828 -0.808 -0.774 -0.734 -0.706 -0.706 -0.736 -0.757 -0.768 -0.783 -0.789 -0.766 -0.72 -0.665 -0.601 -0.528 -0.462 -0.412 -0.379 -0.369 -0.355 -0.316 -0.281 -0.243 -0.204 -9 -9 -9 -9 -9 -9 -9 -9 -9 -9 -9 -9 -9 -9 -9 -9 -9 -9 -9 -9 -9 -9 -9 -9 -9 -9 -9 -9 -9 -9 -9 -9 -9 -9 -9 -9 -9 -9 0.99 0.908 0.845 0.586 0.221 0.093 0.142 0.283 0.441 0.628 0.822
-9 -0.86 -0.846 -0.821 -0.794 -0.776 -0.772 -0.783 -0.798 -0.813 -0.824 -0.814 -0.777 -0.723 -0.669 -9 -0.533 -0.463 -0.416 -0.384 -0.375 -0.363 -9 -9 -9 -9 -9 -9 -9 -9 -9 -9 -9 -9 -9 -9 -9 -9 -9 -9 -9 -9 -9 -9 -9 -9 -9 -9 -9 -9 -9 -9 -9 -9 -9 -9 -9 -9 -9 -9 -9 -9 -9 -9 -9 1.272 1.139 0.855 0.508 0.314 0.386 0.517 0.649 0.716 0.877
-9 -9 -9 -9 -9 -0.83 -0.817 -0.824 -0.841 -0.852 -9 -9 -9 -9 -9 -9 -9 -9 -9 -9 -9 -9 -9 -9 -9 -9 -9 -9 -9 -9 -9 -9 -9 -9 -9 -9 -9 -9 -9 -9 -9 -9 -9 -9 -9 -9 -9 -9 -9 -9 -9 -9 -9 -9 -9 -9 -9 -9 -9 -9 -9 -9 -9 -9 -9 -9 1.37 1.198 0.855 0.604 0.576 0.631 0.63 0.715 0.974
