data/climatemaps/RS_maps/climate_breeding_pr_2017.asc
NCOLS 369 
NROWS 228 
XLLCORNER 479000 
YLLCORNER 73000 
CELLSIZE 1000 
NODATA_value -9 
[rows 0 to 33 of 228, columns 152 to 227 of 369]
-9 -9 -9 -9 -9 -9 -9 -9 -9 -9 -9 -9 -9 -9 -9 -9 -9 -9 -9 -9 -9 -9 -9 -9 -9 -9 -9 -9 -9 -9 -9 -9 -9 -9 -9 -9 -9 -9 -1.256 -1.265 -1.28 -1.295 -1.307 -1.321 -1.324 -1.318 -1.308 -1.288 -1.269 -1.218 -1.176 -1.148 -1.128 -1.108 -1.093 -1.081 -1.074 -1.072 -1.079 -1.091 -1.103 -1.114 -1.117 -1.11 -1.099 -1.091 -1.102 -1.134 -1.18 -1.213 -1.23 -1.22 -1.192 -1.156 -9 -9
-9 -9 -9 -9 -9 -9 -9 -9 -9 -9 -9 -9 -9 -9 -9 -9 -9 -9 -9 -9 -9 -9 -9 -9 -9 -9 -9 -9 -9 -9 -9 -9 -9 -9 -9 -9 -9 -1.26 -1.258 -1.263 -1.273 -1.274 -1.275 -1.287 -1.299 -1.306 -1.312 -1.314 -1.297 -1.245 -1.206 -1.173 -1.145 -1.12 -1.099 -1.082 -1.078 -1.078 -1.087 -1.102 -1.118 -1.133 -1.141 -1.139 -1.13 -1.122 -1.126 -1.15 -1.192 -1.222 -1.243 -1.244 -1.227 -1.202 -1.175 -1.149
-9 -9 -9 -9 -9 -9 -9 -9 -9 -9 -9 -9 -9 -9 -9 -9 -9 -9 -9 -9 -9 -9 -9 -9 -9 -9 -9 -9 -9 -9 -9 -9 -9 -9 -9 -9 -9 -1.239 -1.239 -1.236 -1.236 -1.235 -1.24 -1.247 -1.256 -1.269 -1.29 -1.306 -1.309 -1.27 -1.226 -1.194 -1.159 -1.125 -1.1 -1.082 -1.079 -1.083 -1.096 -1.117 -1.139 -1.159 -1.174 -1.175 -1.168 -1.157 -1.154 -1.172 -1.202 -1.227 -1.246 -1.253 -1.247 -1.232 -1.214 -1.194
-9 -9 -9 -9 -9 -9 -9 -9 -9 -9 -9 -9 -9 -9 -9 -9 -9 -9 -9 -9 -9 -9 -9 -9 -9 -9 -9 -9 -9 -9 -9 -9 -9 -9 -9 -9 -1.21 -1.206 -1.201 -1.195 -1.194 -1.197 -1.203 -1.211 -1.226 -1.247 -1.266 -1.284 -1.301 -1.282 -1.244 -1.216 -1.172 -1.128 -1.097 -1.078 -1.076 -1.086 -1.108 -1.135 -1.163 -1.19 -1.21 -1.215 -1.209 -1.199 -1.191 -1.193 -1.204 -1.218 -1.234 -1.244 -1.248 -1.245 -1.237 -1.225
-9 -9 -9 -9 -9 -9 -9 -9 -9 -9 -9 -9 -9 -9 -9 -9 -9 -9 -9 -9 -9 -9 -9 -9 -9 -9 -9 -9 -9 -9 -9 -9 -9 -9 -9 -1.175 -1.189 -1.185 -1.176 -1.169 -1.167 -1.171 -1.179 -1.193 -1.214 -1.242 -1.26 -1.279 -1.293 -1.293 -1.268 -1.234 -1.178 -1.129 -1.092 -1.073 -1.072 -1.088 -1.117 -1.151 -1.186 -1.219 -1.247 -1.254 -1.251 -1.24 -1.22 -1.201 -1.19 -1.188 -1.2 -1.215 -1.23 -1.24 -1.244 -1.241
-9 -9 -9 -9 -9 -9 -9 -9 -9 -9 -9 -9 -9 -9 -9 -9 -9 -9 -9 -9 -9 -9 -9 -9 -9 -9 -9 -9 -9 -9 -9 -9 -9 -9 -9 -1.157 -1.177 -1.178 -1.169 -1.164 -1.162 -1.168 -1.177 -1.195 -1.216 -1.245 -1.271 -1.288 -1.3 -1.297 -1.279 -1.232 -1.17 -1.124 -1.088 -1.067 -1.069 -1.088 -1.122 -1.159 -1.2 -1.24 -1.275 -1.292 -1.293 -1.274 -1.233 -1.192 -1.168 -1.153 -1.154 -1.166 -1.193 -1.22 -1.237 -1.243
-9 -9 -9 -9 -9 -9 -9 -9 -9 -9 -9 -9 -9 -9 -9 -9 -9 -9 -9 -9 -9 -9 -9 -9 -9 -9 -9 -9 -9 -9 -9 -9 -9 -9 -1.103 -1.146 -1.171 -1.181 -1.175 -1.177 -1.176 -1.18 -1.191 -1.213 -1.232 -1.259 -1.282 -1.307 -1.311 -1.301 -1.276 -1.226 -1.161 -1.115 -1.082 -1.063 -1.067 -1.086 -1.12 -1.158 -1.202 -1.249 -1.293 -1.319 -1.322 -1.293 -1.238 -1.185 -1.146 -1.126 -1.117 -1.126 -1.153 -1.194 -1.222 -1.237
-9 -9 -9 -9 -9 -9 -9 -9 -9 -9 -9 -9 -9 -9 -9 -9 -9 -9 -9 -9 -9 -9 -9 -9 -9 -9 -9 -9 -9 -9 -9 -9 -9 -1.037 -1.091 -1.14 -1.166 -1.183 -1.185 -1.191 -1.2 -1.198 -1.212 -1.237 -1.26 -1.288 -1.301 -1.321 -1.325 -1.303 -1.266 -1.217 -1.151 -1.098 -1.068 -1.054 -1.061 -1.084 -1.116 -1.153 -1.193 -1.242 -1.289 -1.323 -1.332 -1.302 -1.247 -1.186 -1.137 -1.109 -1.095 -1.1 -1.13 -1.173 -1.206 -1.227
-9 -9 -9 -9 -9 -9 -9 -9 -9 -9 -9 -9 -9 -9 -9 -9 -9 -9 -9 -9 -9 -9 -9 -9 -9 -9 -9 -9 -9 -9 -9 -9 -0.988 -1.04 -1.09 -1.14 -1.169 -1.182 -1.187 -1.195 -1.21 -1.219 -1.239 -1.262 -1.288 -1.316 -1.329 -1.34 -1.329 -1.292 -1.261 -1.215 -1.152 -1.088 -1.055 -1.044 -1.056 -1.083 -1.108 -1.137 -1.172 -1.219 -1.267 -1.307 -1.326 -1.307 -1.256 -1.196 -1.145 -1.114 -1.097 -1.096 -1.123 -1.163 -1.195 -1.217
-9 -9 -9 -9 -9 -9 -9 -9 -9 -9 -9 -9 -9 -9 -9 -9 -9 -9 -9 -9 -9 -9 -9 -9 -9 -9 -9 -9 -9 -9 -9 -9 -0.996 -1.04 -1.089 -1.139 -1.175 -1.186 -1.191 -1.197 -1.198 -1.206 -1.226 -1.253 -1.281 -1.315 -1.348 -1.351 -1.327 -1.299 -1.262 -1.214 -1.145 -1.081 -1.052 -1.046 -1.06 -1.08 -1.102 -1.123 -1.145 -1.186 -1.239 -1.282 -1.311 -1.306 -1.267 -1.213 -1.168 -1.137 -1.116 -1.108 -1.127 -1.162 -1.192 -1.212
-9 -9 -9 -9 -9 -9 -9 -9 -9 -9 -9 -9 -9 -9 -9 -9 -9 -9 -9 -9 -9 -9 -9 -9 -9 -9 -9 -9 -9 -9 -9 -0.975 -1.005 -1.045 -1.086 -1.133 -1.179 -1.2 -1.2 -1.198 -1.199 -1.208 -1.228 -1.256 -1.287 -1.324 -1.354 -1.348 -1.335 -1.3 -1.252 -1.195 -1.126 -1.073 -1.047 -1.043 -1.066 -1.084 -1.104 -1.121 -1.136 -1.165 -1.216 -1.263 -1.294 -1.296 -1.273 -1.232 -1.19 -1.159 -1.14 -1.13 -1.143 -1.171 -1.194 -1.209
-9 -9 -9 -9 -9 -9 -9 -9 -9 -9 -9 -9 -9 -9 -9 -9 -9 -9 -9 -9 -9 -9 -9 -9 -9 -9 -9 -9 -9 -9 -0.972 -0.993 -1.024 -1.059 -1.095 -1.136 -1.182 -1.204 -1.207 -1.205 -1.206 -1.213 -1.231 -1.269 -1.301 -1.339 -1.353 -1.353 -1.329 -1.286 -1.228 -1.167 -1.113 -1.067 -1.044 -1.041 -1.062 -1.091 -1.112 -1.129 -1.144 -1.168 -1.211 -1.257 -1.285 -1.287 -1.272 -1.239 -1.199 -1.17 -1.16 -1.154 -1.163 -1.181 -1.196 -1.204
-9 -9 -9 -9 -9 -9 -9 -9 -9 -9 -9 -9 -9 -9 -9 -9 -9 -9 -9 -9 -9 -9 -9 -9 -9 -9 -9 -9 -9 -9 -1.005 -1.019 -1.041 -1.074 -1.108 -1.143 -1.183 -1.207 -1.209 -1.215 -1.221 -1.228 -1.244 -1.279 -1.325 -1.343 -1.355 -1.35 -1.319 -1.278 -1.217 -1.154 -1.104 -1.068 -1.045 -1.045 -1.063 -1.101 -1.126 -1.148 -1.165 -1.189 -1.223 -1.257 -1.281 -1.284 -1.27 -1.24 -1.206 -1.183 -1.176 -1.172 -1.175 -1.188 -1.196 -1.194
-9 -9 -9 -9 -9 -9 -9 -9 -9 -9 -9 -9 -9 -9 -9 -9 -9 -9 -9 -9 -9 -9 -9 -9 -9 -9 -9 -9 -9 -9 -1.041 -1.05 -1.067 -1.095 -1.129 -1.156 -1.191 -1.215 -1.219 -1.233 -1.242 -1.246 -1.266 -1.297 -1.334 -1.339 -1.347 -1.344 -1.317 -1.273 -1.213 -1.154 -1.113 -1.082 -1.063 -1.062 -1.078 -1.117 -1.149 -1.176 -1.199 -1.223 -1.243 -1.264 -1.279 -1.278 -1.265 -1.239 -1.21 -1.189 -1.18 -1.18 -1.184 -1.191 -1.189 -1.176
-9 -9 -9 -9 -9 -9 -9 -9 -9 -9 -9 -9 -9 -9 -9 -9 -9 -9 -9 -9 -9 -9 -9 -9 -0.894 -0.929 -0.987 -1.022 -1.049 -1.075 -1.08 -1.089 -1.103 -1.126 -1.157 -1.181 -1.212 -1.237 -1.238 -1.26 -1.26 -1.272 -1.298 -1.322 -1.345 -1.343 -1.342 -1.344 -1.323 -1.285 -1.234 -1.177 -1.136 -1.108 -1.088 -1.088 -1.105 -1.141 -1.18 -1.212 -1.24 -1.257 -1.267 -1.281 -1.288 -1.277 -1.256 -1.231 -1.204 -1.183 -1.176 -1.179 -1.187 -1.187 -1.175 -1.151
-9 -9 -9 -9 -9 -9 -9 -9 -9 -9 -9 -9 -9 -9 -9 -9 -9 -9 -9 -9 -0.812 -0.851 -0.87 -0.889 -0.907 -0.941 -0.992 -1.055 -1.074 -1.104 -1.118 -1.13 -1.142 -1.162 -1.188 -1.21 -1.239 -1.26 -1.26 -1.286 -1.282 -1.301 -1.333 -1.349 -1.352 -1.353 -1.359 -1.357 -1.339 -1.311 -1.262 -1.207 -1.169 -1.147 -1.126 -1.127 -1.142 -1.175 -1.215 -1.25 -1.273 -1.284 -1.291 -1.3 -1.302 -1.282 -1.254 -1.222 -1.194 -1.173 -1.168 -1.176 -1.184 -1.177 -1.152 -1.115
-9 -9 -9 -9 -9 -9 -9 -9 -9 -9 -9 -9 -9 -9 -9 -9 -9 -9 -9 -0.763 -0.838 -0.861 -0.886 -0.905 -0.925 -0.96 -1.007 -1.082 -1.105 -1.132 -1.154 -1.169 -1.179 -1.197 -1.216 -1.236 -1.27 -1.279 -1.281 -1.311 -1.313 -1.336 -1.358 -1.36 -1.362 -1.372 -1.385 -1.38 -1.363 -1.338 -1.296 -1.249 -1.213 -1.191 -1.177 -1.177 -1.191 -1.221 -1.256 -1.282 -1.295 -1.301 -1.306 -1.311 -1.311 -1.293 -1.261 -1.227 -1.193 -1.167 -1.158 -1.172 -1.179 -1.159 -1.121 -1.071
-9 -9 -9 -9 -9 -9 -9 -9 -9 -9 -9 -9 -9 -9 -9 -9 -9 -0.663 -0.728 -0.795 -0.861 -0.882 -0.905 -0.923 -0.948 -0.981 -1.029 -1.093 -1.14 -1.163 -1.184 -1.204 -1.214 -1.226 -1.241 -1.269 -1.298 -1.297 -1.303 -1.326 -1.348 -1.366 -1.369 -1.37 -1.383 -1.4 -1.409 -1.403 -1.387 -1.36 -1.324 -1.287 -1.259 -1.243 -1.236 -1.237 -1.246 -1.271 -1.296 -1.308 -1.309 -1.306 -1.305 -1.307 -1.309 -1.3 -1.28 -1.248 -1.212 -1.184 -1.168 -1.17 -1.175 -1.153 -1.107 -1.054
-0.374 -0.329 -0.292 -0.255 -0.222 -0.206 -9 -9 -9 -9 -9 -9 -9 -9 -9 -9 -0.628 -0.698 -0.767 -0.829 -0.891 -0.909 -0.924 -0.94 -0.964 -0.996 -1.042 -1.091 -1.153 -1.196 -1.221 -1.236 -1.24 -1.247 -1.271 -1.304 -1.312 -1.317 -1.329 -1.348 -1.373 -1.377 -1.376 -1.382 -1.407 -1.423 -1.427 -1.42 -1.4 -1.369 -1.332 -1.298 -1.28 -1.272 -1.272 -1.28 -1.293 -1.317 -1.326 -1.321 -1.312 -1.298 -1.288 -1.288 -1.292 -1.292 -1.284 -1.264 -1.236 -1.207 -1.184 -1.174 -1.168 -1.146 -1.099 -1.044
-0.424 -0.372 -0.324 -0.286 -0.243 -0.225 -0.236 -0.257 -0.283 -0.308 -9 -9 -9 -9 -0.515 -0.584 -0.656 -0.733 -0.802 -0.865 -0.916 -0.933 -0.946 -0.958 -0.976 -1.006 -1.049 -1.1 -1.155 -1.217 -1.253 -1.253 -1.256 -1.27 -1.303 -1.328 -1.33 -1.342 -1.357 -1.381 -1.387 -1.382 -1.385 -1.403 -1.429 -1.44 -1.438 -1.422 -1.393 -1.35 -1.31 -1.274 -1.261 -1.262 -1.277 -1.304 -1.33 -1.351 -1.346 -1.323 -1.297 -1.271 -1.256 -1.254 -1.258 -1.262 -1.266 -1.257 -1.237 -1.21 -1.186 -1.17 -1.155 -1.13 -1.085 -1.038
-0.482 -0.436 -0.384 -0.34 -0.288 -0.27 -0.266 -0.264 -0.27 -0.297 -0.337 -9 -9 -0.475 -0.53 -0.602 -0.679 -0.763 -0.833 -0.901 -0.936 -0.956 -0.966 -0.975 -0.995 -1.026 -1.067 -1.117 -1.163 -1.231 -1.272 -1.27 -1.279 -1.297 -1.332 -1.358 -1.359 -1.372 -1.388 -1.407 -1.398 -1.39 -1.403 -1.426 -1.445 -1.452 -1.445 -1.415 -1.37 -1.32 -1.277 -1.249 -1.236 -1.245 -1.273 -1.314 -1.35 -1.369 -1.362 -1.332 -1.29 -1.246 -1.219 -1.216 -1.218 -1.225 -1.237 -1.238 -1.225 -1.199 -1.176 -1.155 -1.132 -1.108 -1.074 -1.032
-0.53 -0.495 -0.453 -0.411 -0.356 -0.331 -0.295 -0.268 -0.263 -0.291 -0.337 -0.388 -0.441 -0.492 -0.553 -0.624 -0.701 -0.787 -0.865 -0.926 -0.956 -0.98 -0.986 -0.991 -1.011 -1.04 -1.083 -1.143 -1.187 -1.253 -1.287 -1.295 -1.314 -1.33 -1.361 -1.39 -1.396 -1.411 -1.425 -1.424 -1.406 -1.399 -1.419 -1.44 -1.454 -1.459 -1.447 -1.411 -1.353 -1.297 -1.252 -1.223 -1.215 -1.23 -1.267 -1.313 -1.355 -1.379 -1.375 -1.344 -1.29 -1.236 -1.198 -1.188 -1.186 -1.193 -1.205 -1.21 -1.208 -1.196 -1.167 -1.13 -1.097 -1.07 -1.044 -1.019
-0.562 -0.542 -0.52 -0.488 -0.437 -0.399 -0.337 -0.287 -0.271 -0.293 -0.34 -0.4 -0.457 -0.516 -0.579 -0.65 -0.728 -0.813 -0.894 -0.944 -0.981 -1.001 -1.007 -1.009 -1.032 -1.069 -1.105 -1.157 -1.221 -1.287 -1.315 -1.331 -1.359 -1.371 -1.403 -1.427 -1.434 -1.451 -1.455 -1.433 -1.412 -1.418 -1.432 -1.446 -1.457 -1.455 -1.429 -1.393 -1.334 -1.28 -1.24 -1.213 -1.209 -1.229 -1.265 -1.31 -1.358 -1.384 -1.384 -1.356 -1.305 -1.244 -1.197 -1.174 -1.167 -1.168 -1.174 -1.18 -1.185 -1.179 -1.145 -1.096 -1.052 -1.017 -0.988 -0.971
-0.585 -0.577 -0.573 -0.56 -0.524 -0.463 -0.39 -0.328 -0.297 -0.308 -0.355 -0.418 -0.48 -0.543 -0.608 -0.678 -0.755 -0.842 -0.915 -0.966 -1.005 -1.023 -1.026 -1.043 -1.065 -1.1 -1.152 -1.189 -1.248 -1.325 -1.354 -1.386 -1.413 -1.432 -1.455 -1.467 -1.474 -1.485 -1.472 -1.439 -1.427 -1.434 -1.437 -1.443 -1.447 -1.436 -1.395 -1.356 -1.313 -1.273 -1.239 -1.217 -1.215 -1.233 -1.266 -1.312 -1.359 -1.386 -1.388 -1.365 -1.322 -1.266 -1.215 -1.181 -1.162 -1.155 -1.154 -1.157 -1.164 -1.161 -1.129 -1.076 -1.022 -0.971 -0.929 -0.908
-0.607 -0.605 -0.613 -0.62 -0.599 -0.52 -0.437 -0.372 -0.336 -0.341 -0.38 -0.442 -0.504 -0.569 -0.634 -0.705 -0.781 -0.863 -0.939 -0.992 -1.023 -1.044 -1.07 -1.085 -1.124 -1.146 -1.204 -1.24 -1.293 -1.366 -1.413 -1.448 -1.474 -1.491 -1.502 -1.504 -1.509 -1.504 -1.481 -1.451 -1.432 -1.433 -1.427 -1.426 -1.425 -1.399 -1.372 -1.333 -1.297 -1.265 -1.24 -1.23 -1.228 -1.239 -1.274 -1.317 -1.361 -1.388 -1.391 -1.372 -1.336 -1.291 -1.246 -1.207 -1.181 -1.164 -1.153 -1.149 -1.15 -1.148 -1.124 -1.077 -1.018 -0.957 -0.902 -0.87
-0.636 -0.638 -0.651 -0.674 -0.663 -0.585 -0.491 -0.422 -0.38 -0.38 -0.42 -0.479 -0.536 -0.6 -0.663 -0.731 -0.806 -0.891 -0.963 -1.015 -1.053 -1.092 -1.127 -1.147 -1.19 -1.219 -1.271 -1.322 -1.359 -1.411 -1.461 -1.493 -1.509 -1.525 -1.532 -1.532 -1.527 -1.51 -1.488 -1.461 -1.439 -1.421 -1.407 -1.397 -1.385 -1.365 -1.345 -1.322 -1.299 -1.275 -1.258 -1.249 -1.246 -1.258 -1.289 -1.327 -1.365 -1.389 -1.394 -1.378 -1.347 -1.31 -1.273 -1.238 -1.212 -1.191 -1.171 -1.155 -1.146 -1.141 -1.123 -1.086 -1.037 -0.978 -0.915 -0.869
-0.678 -0.68 -0.694 -0.725 -0.725 -0.66 -0.561 -0.481 -0.434 -0.427 -0.46 -0.521 -0.582 -0.637 -0.693 -0.755 -0.821 -0.908 -0.978 -1.044 -1.106 -1.159 -1.194 -1.227 -1.268 -1.317 -1.364 -1.403 -1.425 -1.469 -1.501 -1.523 -1.537 -1.539 -1.538 -1.537 -1.532 -1.514 -1.489 -1.459 -1.427 -1.401 -1.373 -1.352 -1.347 -1.347 -1.335 -1.322 -1.311 -1.3 -1.292 -1.286 -1.281 -1.283 -1.306 -1.339 -1.371 -1.39 -1.394 -1.379 -1.353 -1.323 -1.293 -1.265 -1.243 -1.221 -1.197 -1.171 -1.151 -1.139 -1.123 -1.094 -1.06 -1.016 -0.963 -0.913
-0.738 -0.745 -0.755 -0.784 -0.799 -0.744 -0.646 -0.555 -0.497 -0.483 -0.509 -0.563 -0.625 -0.687 -0.742 -0.793 -0.858 -0.938 -1.019 -1.093 -1.161 -1.215 -1.256 -1.3 -1.343 -1.381 -1.413 -1.452 -1.482 -1.508 -1.524 -1.541 -1.551 -1.551 -1.533 -1.52 -1.52 -1.499 -1.469 -1.431 -1.394 -1.365 -1.339 -1.332 -1.323 -1.33 -1.328 -1.329 -1.333 -1.335 -1.334 -1.327 -1.316 -1.308 -1.322 -1.348 -1.373 -1.387 -1.388 -1.375 -1.355 -1.332 -1.307 -1.283 -1.265 -1.245 -1.218 -1.193 -1.17 -1.15 -1.128 -1.102 -1.076 -1.046 -1.009 -0.965
-0.818 -0.835 -0.846 -0.863 -0.88 -0.837 -0.742 -0.644 -0.578 -0.552 -0.572 -0.618 -0.674 -0.736 -0.795 -0.846 -0.909 -0.994 -1.071 -1.147 -1.215 -1.273 -1.32 -1.356 -1.385 -1.412 -1.435 -1.474 -1.505 -1.521 -1.525 -1.532 -1.545 -1.546 -1.535 -1.513 -1.499 -1.471 -1.433 -1.39 -1.356 -1.341 -1.335 -1.33 -1.332 -1.339 -1.344 -1.355 -1.368 -1.374 -1.369 -1.357 -1.342 -1.331 -1.336 -1.351 -1.369 -1.379 -1.377 -1.366 -1.349 -1.328 -1.307 -1.289 -1.274 -1.258 -1.238 -1.218 -1.197 -1.175 -1.149 -1.121 -1.097 -1.071 -1.042 -1.006
-0.914 -0.926 -0.94 -0.953 -0.966 -0.926 -0.839 -0.744 -0.671 -0.639 -0.651 -0.693 -0.742 -0.802 -0.863 -0.922 -0.982 -1.056 -1.136 -1.209 -1.271 -1.323 -1.357 -1.381 -1.401 -1.418 -1.443 -1.479 -1.507 -1.518 -1.513 -1.507 -1.522 -1.528 -1.521 -1.506 -1.48 -1.444 -1.404 -1.371 -1.349 -1.349 -1.347 -1.348 -1.363 -1.372 -1.381 -1.391 -1.401 -1.403 -1.393 -1.376 -1.356 -1.341 -1.341 -1.345 -1.353 -1.358 -1.353 -1.341 -1.322 -1.306 -1.29 -1.276 -1.265 -1.253 -1.241 -1.225 -1.208 -1.195 -1.181 -1.161 -1.134 -1.104 -1.08 -1.052
-1.001 -1.009 -1.023 -1.039 -1.045 -1.012 -0.94 -0.854 -0.785 -0.754 -0.762 -0.795 -0.84 -0.894 -0.95 -1.009 -1.069 -1.131 -1.199 -1.261 -1.305 -1.343 -1.357 -1.367 -1.384 -1.398 -1.429 -1.462 -1.493 -1.511 -1.506 -1.488 -1.49 -1.492 -1.49 -1.477 -1.451 -1.408 -1.382 -1.368 -1.363 -1.366 -1.362 -1.369 -1.39 -1.4 -1.408 -1.414 -1.418 -1.417 -1.405 -1.38 -1.353 -1.334 -1.329 -1.322 -1.32 -1.318 -1.311 -1.297 -1.277 -1.271 -1.265 -1.256 -1.245 -1.233 -1.218 -1.209 -1.198 -1.188 -1.181 -1.173 -1.161 -1.145 -1.126 -1.106
-1.062 -1.067 -1.078 -1.096 -1.107 -1.088 -1.04 -0.972 -0.919 -0.895 -0.897 -0.924 -0.961 -1.007 -1.053 -1.104 -1.154 -1.206 -1.256 -1.293 -1.31 -1.329 -1.337 -1.339 -1.346 -1.363 -1.387 -1.422 -1.462 -1.493 -1.5 -1.478 -1.465 -1.446 -1.442 -1.433 -1.415 -1.389 -1.376 -1.372 -1.37 -1.372 -1.379 -1.389 -1.403 -1.41 -1.416 -1.417 -1.412 -1.407 -1.402 -1.38 -1.345 -1.316 -1.298 -1.279 -1.271 -1.263 -1.257 -1.246 -1.228 -1.224 -1.234 -1.232 -1.222 -1.209 -1.189 -1.175 -1.168 -1.161 -1.159 -1.16 -1.159 -1.152 -1.14 -1.126
-1.104 -1.106 -1.116 -1.132 -1.147 -1.145 -1.125 -1.089 -1.057 -1.04 -1.035 -1.051 -1.084 -1.121 -1.156 -1.192 -1.229 -1.265 -1.293 -1.302 -1.315 -1.324 -1.332 -1.322 -1.306 -1.316 -1.331 -1.369 -1.423 -1.463 -1.478 -1.468 -1.447 -1.406 -1.378 -1.365 -1.347 -1.347 -1.346 -1.347 -1.347 -1.356 -1.372 -1.385 -1.394 -1.396 -1.404 -1.41 -1.407 -1.396 -1.387 -1.358 -1.335 -1.301 -1.255 -1.221 -1.21 -1.201 -1.188 -1.178 -1.17 -1.172 -1.199 -1.208 -1.206 -1.197 -1.174 -1.152 -1.144 -1.137 -1.13 -1.135 -1.14 -1.137 -1.129 -1.119
-1.128 -1.127 -1.135 -1.15 -1.167 -1.177 -1.178 -1.168 -1.157 -1.15 -1.151 -1.161 -1.184 -1.21 -1.235 -1.254 -1.261 -1.29 -1.296 -1.284 -1.301 -1.317 -1.311 -1.291 -1.262 -1.262 -1.276 -1.319 -1.385 -1.427 -1.446 -1.44 -1.416 -1.364 -1.314 -1.294 -1.277 -1.274 -1.288 -1.293 -1.29 -1.31 -1.323 -1.339 -1.348 -1.348 -1.37 -1.383 -1.385 -1.384 -1.371 -1.339 -1.313 -1.284 -1.218 -1.169 -1.144 -1.131 -1.112 -1.104 -1.107 -1.13 -1.167 -1.194 -1.203 -1.195 -1.167 -1.141 -1.125 -1.119 -1.116 -1.114 -1.112 -1.107 -1.099 -1.088
