data/climatemaps/RS_maps/climate_postbreed_tmp_2000.asc
NCOLS 369 
NROWS 228 
XLLCORNER 479000 
YLLCORNER 73000 
CELLSIZE 1000 
NODATA_value -9 
[rows 136 to 169 of 228, columns 231 to 307 of 369]
-1.745 -1.859 -2.085 -2.082 -1.728 -1.818 -1.822 -1.807 -1.636 -1.284 -1.333 -1.577 -1.317 -1.215 -1.27 -0.752 -0.688 -1.277 -1.809 -1.815 -1.391 -0.988 -0.44 -0.066 -0.54 -1.095 -1.546 -1.665 -1.405 -1.015 -0.637 -0.898 -1.736 -1.791 -1.474 -1.298 -1.112 -0.962 -0.884 -0.663 -0.378 0.087 0.419 0.131 -0.646 -1.302 -1.407 -1.524 -1.533 -1.281 -1.04 -0.638 -0.247 0.031 0.222 -0.168 -0.717 -1.016 -1.586 -1.741 -1.747 -1.687 -1.485 -1.917 -1.625 -1.407 -0.958 -0.4 -0.901 -1.11 -1.265 -1.511 -1.675 -1.601 -1.694 -2.096 -1.995
-2.058 -2.132 -2.159 -1.732 -1.374 -1.505 -1.484 -1.453 -1.348 -1.311 -1.503 -1.717 -1.352 -1.12 -0.967 -0.649 -1 -1.751 -1.876 -1.48 -1.1 -0.633 -0.178 -0.184 -0.741 -1.145 -1.19 -1.45 -1.386 -1.051 -0.726 -0.787 -1.489 -1.739 -1.523 -1.341 -1.232 -1.072 -1.033 -0.917 -0.537 0.163 0.409 -0.068 -0.715 -1.108 -1.442 -1.811 -1.503 -1.1 -0.796 -0.594 -0.375 -0.132 0.157 0.024 -0.398 -0.941 -1.343 -1.376 -1.605 -1.714 -1.684 -2.061 -1.827 -1.605 -1.126 -0.576 -1.009 -1.306 -1.459 -1.617 -1.84 -1.978 -1.904 -1.881 -1.714
-1.89 -1.986 -1.964 -1.473 -1.02 -1.477 -1.707 -1.695 -1.477 -1.285 -1.707 -1.844 -1.866 -1.356 -0.833 -0.9 -1.395 -1.821 -1.585 -1.252 -0.814 -0.461 -0.401 -0.514 -0.65 -1.23 -1.257 -1.557 -1.433 -1.155 -0.857 -0.802 -1.444 -1.733 -1.604 -1.495 -1.399 -1.362 -1.262 -0.977 -0.523 0.143 0.334 -0.289 -1 -1.212 -1.315 -1.72 -1.424 -0.96 -0.981 -0.873 -0.597 -0.25 0.071 0.139 -0.172 -0.766 -0.959 -0.973 -1.417 -1.44 -1.544 -1.912 -1.804 -1.437 -1.144 -0.745 -0.745 -0.92 -1.229 -1.552 -1.848 -1.773 -1.57 -1.417 -1.333
-1.319 -1.483 -1.71 -1.535 -0.856 -1.211 -1.567 -1.364 -1.157 -1.205 -1.359 -1.707 -1.903 -1.527 -1.288 -1.243 -1.724 -1.821 -1.471 -1.006 -0.664 -0.68 -0.938 -0.905 -0.566 -1.061 -1.492 -1.613 -1.404 -1.116 -1.023 -1.246 -1.683 -1.795 -1.515 -1.32 -1.177 -1.195 -1.066 -0.935 -0.637 -0.017 0.09 -0.522 -1.197 -1.503 -1.506 -1.621 -1.373 -1.196 -1.33 -1.132 -0.75 -0.299 -0.153 -0.043 0.078 -0.372 -0.581 -0.628 -0.929 -1.091 -1.358 -1.926 -1.814 -1.464 -1.25 -1.008 -1.101 -0.945 -1.019 -1.163 -1.392 -1.416 -1.418 -1.418 -1.465
-1.249 -1.557 -1.73 -1.204 -0.546 -0.712 -1.173 -1 -0.891 -0.832 -1.02 -1.368 -1.889 -1.871 -1.558 -1.56 -1.901 -1.562 -1.104 -0.733 -0.868 -1.114 -1.323 -1.135 -0.649 -0.938 -1.588 -1.69 -1.492 -1.286 -1.359 -1.516 -1.652 -1.717 -1.611 -1.21 -0.847 -0.748 -0.743 -0.898 -0.715 -0.086 0.083 -0.481 -0.979 -1.101 -1.354 -1.613 -1.45 -1.46 -1.471 -1.116 -0.704 -0.408 -0.569 -0.461 -0.053 -0.063 -0.402 -0.716 -1.017 -1.251 -1.248 -1.574 -1.896 -1.713 -1.392 -1.221 -1.573 -1.424 -1.281 -1.309 -1.493 -1.58 -1.623 -1.676 -1.828
-1.497 -1.458 -1.517 -1.095 -0.424 -0.422 -1.013 -0.783 -0.608 -0.787 -1.106 -1.515 -1.851 -1.851 -1.564 -1.554 -1.567 -1.096 -0.857 -0.884 -1.27 -1.459 -1.504 -1.132 -0.77 -1.06 -1.471 -1.762 -1.623 -1.5 -1.412 -1.323 -1.223 -1.37 -1.485 -0.975 -0.526 -0.228 -0.202 -0.304 -0.39 -0.136 -0.253 -0.151 -0.724 -1.24 -1.413 -1.563 -1.655 -1.544 -1.278 -0.979 -0.669 -0.667 -0.994 -0.834 -0.381 -0.152 -0.493 -0.916 -1.138 -1.424 -1.382 -1.314 -1.842 -1.827 -1.577 -1.64 -1.837 -1.7 -1.386 -1.163 -1.063 -0.919 -0.839 -0.957 -1.17
-1.301 -0.998 -0.922 -0.874 -0.27 -0.143 -0.686 -0.6 -0.478 -0.923 -1.444 -1.83 -1.726 -1.301 -1.129 -1.04 -1.014 -0.864 -1.184 -1.305 -1.497 -1.63 -1.402 -0.972 -1.08 -1.479 -1.589 -1.563 -1.432 -1.425 -1.497 -1.297 -1.104 -0.794 -0.786 -0.423 -0.202 -0.201 -0.433 -0.296 -0.421 -0.603 -0.492 -0.184 -0.675 -1.18 -1.546 -1.647 -1.685 -1.398 -1.118 -0.82 -0.749 -1.134 -1.327 -0.933 -0.493 -0.184 -0.572 -1.041 -1.357 -1.656 -1.741 -1.455 -1.705 -2.028 -1.936 -1.902 -1.648 -1.321 -1.174 -1.391 -1.589 -1.403 -0.939 -0.817 -0.663
-0.962 -0.638 -0.394 -0.397 -0.097 -0.043 -0.413 -0.609 -0.871 -0.967 -1.435 -1.91 -1.585 -1.121 -1.325 -1.213 -1.006 -0.954 -1.556 -1.675 -1.635 -1.429 -1.137 -1.159 -1.411 -1.59 -1.393 -1.159 -1.007 -1.066 -1.129 -0.903 -0.682 -0.511 -0.248 -0.292 -0.484 -0.77 -0.993 -0.618 -0.915 -0.956 -0.441 -0.173 -0.686 -1.052 -1.331 -1.513 -1.527 -1.244 -1.043 -0.858 -0.893 -1.527 -1.416 -1.058 -0.575 -0.216 -0.73 -1.2 -1.413 -1.708 -2.196 -2.016 -2.01 -2.05 -1.864 -1.469 -1.258 -1.303 -1.58 -1.91 -1.896 -1.65 -1.338 -1.161 -0.823
-0.907 -0.71 -0.519 -0.438 -0.114 -0.212 -0.584 -0.839 -1.247 -1.341 -1.386 -1.866 -1.443 -1.29 -1.684 -1.524 -1.318 -0.978 -1.62 -1.965 -1.757 -1.481 -1.476 -1.349 -1.202 -1.236 -1.086 -0.736 -0.567 -0.551 -0.527 -0.351 -0.268 -0.29 -0.346 -0.652 -0.957 -1.227 -1.225 -0.753 -1.283 -1.177 -0.579 -0.359 -1.047 -1.222 -1.405 -1.418 -1.406 -1.129 -1.275 -1.103 -0.975 -1.742 -1.667 -1.386 -0.802 -0.307 -0.745 -1.052 -1.281 -1.614 -2.119 -2.263 -2.031 -2.059 -1.597 -1.349 -1.557 -1.554 -1.949 -1.927 -1.897 -1.687 -1.401 -0.807 -0.556
-0.894 -0.707 -0.579 -0.624 -0.166 -0.021 -0.451 -0.777 -1.22 -1.65 -1.679 -1.962 -1.378 -1.484 -1.896 -1.749 -1.43 -1.048 -1.665 -2.001 -1.776 -1.847 -1.624 -1.214 -0.823 -0.733 -0.59 -0.397 -0.34 -0.315 -0.409 -0.601 -0.753 -0.823 -0.636 -0.851 -1.184 -1.472 -1.219 -0.883 -1.52 -1.36 -0.56 -0.477 -1.29 -1.652 -1.709 -1.557 -1.419 -1.271 -1.496 -1.14 -1.24 -1.893 -1.707 -1.32 -0.783 -0.323 -0.661 -0.853 -1.204 -1.666 -1.924 -2.218 -1.961 -1.69 -1.455 -1.686 -1.819 -1.641 -2.033 -1.845 -1.754 -1.615 -1.243 -0.675 -0.487
-0.633 -0.43 -0.178 -0.018 0.182 0.383 -0.341 -0.991 -0.918 -1.453 -1.886 -1.995 -1.296 -1.685 -1.975 -1.669 -1.223 -1.27 -1.674 -2.026 -1.816 -1.635 -1.248 -0.752 -0.443 -0.485 -0.65 -0.925 -0.607 -0.766 -1.332 -1.465 -1.134 -0.968 -0.772 -0.862 -1.355 -1.596 -1.213 -1.207 -1.651 -1.31 -0.542 -0.397 -0.969 -1.513 -1.604 -1.63 -1.519 -1.481 -1.463 -1.183 -1.733 -1.766 -1.4 -1.084 -0.601 -0.326 -0.494 -0.792 -1.057 -1.436 -1.753 -2.293 -1.999 -1.838 -1.662 -2.002 -1.876 -1.862 -1.943 -1.65 -1.476 -1.29 -0.946 -0.588 -0.5
-0.344 -0.202 0.009 0.191 0.399 0.446 -0.221 -1.081 -0.913 -1.067 -1.634 -1.979 -1.397 -1.863 -2.213 -1.694 -1.372 -1.509 -1.852 -1.624 -1.254 -0.799 -0.538 -0.454 -0.676 -1.068 -0.985 -1.387 -0.96 -0.868 -1.703 -1.503 -1.176 -1.073 -0.917 -0.838 -1.451 -1.782 -1.446 -1.639 -1.623 -1.155 -0.691 -0.476 -0.514 -0.844 -1.041 -1.288 -1.425 -1.509 -1.491 -1.577 -1.806 -1.466 -1.072 -0.832 -0.867 -0.512 -0.531 -0.85 -1.068 -1.354 -1.66 -2.105 -2.06 -2.177 -1.89 -2.007 -1.819 -1.875 -1.902 -1.672 -1.413 -1.167 -0.809 -0.566 -0.564
-0.337 -0.342 -0.355 -0.196 0.242 0.49 -0.055 -0.955 -1.114 -0.921 -1.589 -2.025 -1.579 -1.951 -2.393 -1.958 -1.805 -1.801 -1.764 -1.34 -0.667 -0.684 -0.892 -0.809 -1.052 -1.415 -1.409 -1.673 -1.292 -0.815 -1.424 -1.523 -1.347 -1.351 -1.074 -1.011 -1.524 -1.858 -1.79 -1.783 -1.403 -0.925 -1.007 -1.037 -0.572 -0.528 -0.884 -1.192 -1.356 -1.452 -1.64 -1.669 -1.39 -1.123 -0.891 -1.148 -1.128 -0.769 -0.453 -0.844 -1.177 -1.382 -1.629 -1.909 -1.899 -2.041 -1.941 -2.008 -1.805 -1.622 -1.689 -1.562 -1.262 -0.939 -0.658 -0.611 -0.648
-0.862 -0.857 -0.774 -0.448 0.096 0.612 0.142 -0.502 -0.976 -0.917 -1.576 -2.112 -2.061 -2.046 -1.865 -1.653 -1.554 -1.597 -1.403 -0.837 -0.987 -1.272 -1.1 -0.91 -1.143 -1.621 -1.547 -1.511 -1.352 -0.899 -1.347 -1.834 -1.637 -1.589 -1.194 -1.137 -1.371 -1.584 -1.69 -1.472 -1.116 -0.941 -1.422 -1.37 -0.714 -0.639 -0.854 -1.432 -1.61 -1.707 -1.693 -1.488 -1.408 -1.39 -1.207 -1.284 -1.445 -1.032 -0.549 -0.654 -1.075 -1.312 -1.589 -1.722 -1.733 -1.866 -1.752 -1.962 -2.01 -1.554 -1.365 -1.203 -0.966 -0.754 -0.606 -0.704 -0.832
-1.116 -0.916 -0.698 -0.34 0.156 0.674 0.461 0.048 -0.21 -0.717 -1.463 -1.877 -2.384 -2.026 -1.54 -1.572 -1.458 -1.146 -1.011 -1.222 -1.69 -1.492 -1.091 -0.96 -1.106 -1.358 -1.299 -1.474 -1.487 -1.043 -1.547 -1.966 -1.612 -1.383 -1.017 -0.889 -0.955 -1.189 -1.515 -1.35 -1.062 -1.224 -1.677 -1.325 -0.74 -0.812 -0.572 -1.138 -1.442 -1.632 -1.901 -1.881 -2.022 -2.039 -1.429 -1.591 -1.519 -1.134 -0.663 -0.64 -1.079 -1.508 -1.703 -1.628 -1.488 -1.713 -1.587 -1.793 -1.884 -1.805 -1.338 -0.894 -0.715 -0.651 -0.791 -1.111 -1.304
-1.021 -0.611 -0.281 0.03 0.425 0.717 0.534 -0.229 -0.358 -0.566 -1.162 -1.523 -1.882 -2.056 -1.976 -1.95 -1.768 -1.571 -1.606 -1.771 -1.627 -1.258 -0.951 -0.876 -0.872 -1.081 -1.473 -1.758 -1.446 -1.073 -1.647 -1.807 -1.351 -1.13 -0.981 -0.904 -0.736 -0.996 -1.277 -1.322 -1.198 -1.586 -1.842 -1.341 -0.779 -0.99 -0.663 -0.712 -0.904 -1.219 -1.589 -1.639 -1.952 -1.945 -1.5 -1.834 -1.555 -1.194 -0.816 -0.638 -1.021 -1.398 -1.385 -1.391 -1.249 -1.418 -1.321 -1.358 -1.358 -1.574 -1.16 -0.702 -0.662 -0.835 -1.219 -1.662 -1.8
-0.846 -0.51 -0.003 0.514 0.803 0.814 0.414 -0.532 -1.111 -1.42 -1.337 -1.033 -1.492 -1.915 -2.118 -2.108 -2.121 -1.892 -1.85 -1.744 -1.498 -1.255 -0.955 -0.686 -0.637 -0.936 -1.608 -1.814 -1.49 -1.145 -1.76 -1.809 -1.467 -1.166 -0.936 -0.896 -0.712 -0.88 -0.909 -1.201 -1.54 -1.973 -1.852 -1.309 -0.808 -1.185 -0.839 -0.854 -0.827 -0.848 -1.073 -1.435 -1.712 -1.88 -1.754 -1.968 -1.73 -1.334 -1.064 -0.693 -0.775 -1.035 -0.998 -1.1 -1.198 -1.462 -1.495 -1.468 -1.288 -1.149 -0.869 -0.621 -0.733 -1.184 -1.681 -2.009 -1.708
-0.712 -0.303 0.02 0.467 0.903 0.795 0.077 -0.894 -1.503 -1.739 -1.233 -0.868 -0.91 -1.33 -1.574 -1.599 -2.029 -1.758 -1.329 -1.45 -1.635 -1.409 -1.072 -0.616 -0.467 -0.726 -1.295 -1.729 -1.462 -1.2 -1.779 -1.899 -1.483 -1.094 -0.564 -0.551 -0.704 -0.742 -0.754 -1.389 -1.811 -1.882 -1.518 -1.021 -0.962 -1.356 -0.72 -1.074 -1.274 -1.017 -0.862 -1.093 -1.432 -1.757 -1.824 -1.927 -1.712 -1.416 -1.028 -0.844 -0.737 -0.895 -0.986 -1.223 -1.349 -1.687 -1.837 -1.726 -1.506 -1.122 -0.696 -0.59 -0.813 -1.453 -2.014 -2.082 -1.317
-0.731 -0.322 0.04 0.422 0.844 0.838 0.012 -1.075 -1.262 -1.714 -1.354 -0.995 -0.576 -0.56 -0.866 -1.14 -1.773 -1.785 -1.215 -1.172 -1.63 -1.363 -1.067 -0.668 -0.396 -0.534 -0.795 -1.46 -1.453 -1.566 -1.922 -1.723 -1.223 -0.897 -0.416 -0.336 -0.659 -0.553 -0.653 -1.299 -1.784 -1.64 -1.379 -0.866 -1.039 -1.391 -0.724 -1.122 -1.545 -1.283 -1.172 -0.964 -1.013 -1.249 -1.376 -1.632 -1.613 -1.326 -1.086 -1.072 -0.852 -1.216 -1.353 -1.555 -1.55 -1.913 -1.956 -1.624 -1.185 -0.778 -0.596 -0.689 -1.026 -1.454 -1.948 -1.761 -1.054
-0.923 -0.61 -0.153 0.337 0.723 0.89 0.169 -0.538 -0.798 -1.471 -1.408 -1.078 -0.658 -0.206 -0.62 -1.301 -1.935 -1.688 -1.039 -1.172 -1.544 -1.345 -1.105 -0.735 -0.391 -0.424 -0.595 -1.291 -1.69 -1.771 -1.659 -1.394 -1.144 -0.811 -0.34 -0.06 -0.504 -0.394 -0.658 -1.398 -1.876 -1.598 -1.374 -0.818 -1.074 -1.393 -0.75 -1.191 -1.686 -1.484 -1.484 -1.182 -0.913 -1.239 -1.166 -1.359 -1.637 -1.325 -1.293 -1.183 -0.966 -1.266 -1.549 -1.725 -1.653 -1.642 -1.38 -1.015 -0.689 -0.607 -0.762 -1.019 -1.332 -1.564 -1.813 -1.459 -0.991
-0.902 -0.996 -0.539 0.037 0.557 0.899 0.621 0.095 -0.385 -1.066 -1.141 -0.952 -0.54 -0.103 -0.402 -1.429 -2.026 -1.481 -0.779 -0.934 -1.082 -1.044 -1.071 -0.812 -0.37 -0.32 -0.269 -0.775 -1.331 -1.408 -1.407 -1.102 -0.851 -0.506 -0.384 -0.084 -0.331 -0.347 -0.669 -1.177 -1.611 -1.636 -1.272 -0.742 -1.211 -1.41 -0.85 -1.091 -1.618 -1.716 -1.643 -1.201 -1.038 -1.602 -1.424 -1.238 -1.616 -1.544 -1.425 -1.134 -1.168 -1.436 -1.657 -1.519 -1.27 -1.022 -0.72 -0.611 -0.633 -0.783 -1.16 -1.426 -1.679 -1.836 -1.764 -1.234 -1.083
-0.441 -0.946 -0.854 -0.339 0.159 0.58 0.936 0.746 0.223 -0.569 -0.538 -0.321 -0.045 0.074 -0.317 -1.259 -1.826 -1.462 -0.778 -0.461 -0.63 -0.982 -1.244 -0.942 -0.391 -0.033 0.104 -0.218 -0.968 -1.534 -1.396 -1.011 -0.79 -0.798 -0.812 -0.22 -0.131 -0.461 -0.693 -0.931 -1.415 -1.508 -1.128 -0.759 -1.397 -1.527 -1.105 -0.869 -1.212 -1.721 -1.661 -1.23 -1.084 -1.657 -1.753 -1.335 -1.591 -1.626 -1.361 -1.243 -1.465 -1.683 -1.591 -1.287 -0.92 -0.698 -0.583 -0.636 -0.731 -1.092 -1.465 -1.64 -2.008 -2.247 -1.825 -1.119 -1.246
0.039 -0.553 -0.879 -0.657 -0.285 0.086 0.632 1.022 0.777 -0.037 0.078 0.178 -0.053 -0.309 -0.401 -0.764 -1.232 -1.548 -0.989 -0.455 -0.435 -1.201 -1.353 -0.936 -0.7 -0.379 -0.008 0.145 -0.364 -1.39 -1.708 -1.492 -1.189 -1.044 -0.861 -0.232 0.021 -0.526 -0.783 -1.128 -1.547 -1.571 -1.201 -0.803 -1.409 -1.693 -1.364 -1.035 -0.967 -1.595 -1.727 -1.341 -1.143 -1.62 -1.9 -1.613 -1.801 -1.62 -1.372 -1.393 -1.559 -1.625 -1.227 -0.893 -0.671 -0.585 -0.656 -0.857 -0.908 -1.055 -1.61 -1.816 -2.235 -2.291 -1.76 -1.143 -1.303
0.427 -0.132 -0.558 -0.808 -0.632 -0.199 0.413 0.996 1.056 0.483 0.288 -0.098 -0.222 -0.639 -0.898 -1.074 -1.193 -1.546 -1.119 -0.429 -0.347 -1.13 -1.369 -1.302 -1.151 -0.823 -0.185 0.334 0.099 -0.862 -1.05 -1.516 -1.253 -0.96 -0.661 -0.296 0.224 -0.203 -0.47 -0.952 -1.406 -1.448 -1.298 -0.936 -1.237 -1.785 -1.581 -1.318 -0.932 -1.462 -1.752 -1.437 -1.377 -1.752 -1.954 -1.787 -1.83 -1.556 -1.238 -1.186 -1.118 -0.968 -0.721 -0.617 -0.676 -0.868 -1.095 -1.002 -1.188 -0.95 -1.366 -1.73 -2.268 -2.124 -1.557 -1.285 -1.489
0.855 0.326 -0.17 -0.591 -0.777 -0.346 0.287 0.979 1.172 0.682 -0.054 -0.617 -0.65 -0.543 -0.789 -1.207 -1.512 -1.539 -1.088 -0.405 -0.303 -0.837 -1.065 -1.057 -1.065 -0.503 0.01 0.518 0.347 -0.443 -0.991 -1.519 -1.161 -0.882 -0.812 -0.567 0.133 0.136 -0.297 -0.615 -0.918 -1.164 -1.466 -1.244 -1.192 -1.751 -1.773 -1.385 -0.964 -1.39 -1.772 -1.584 -1.59 -1.932 -1.856 -1.531 -1.235 -1.074 -0.795 -0.726 -0.53 -0.322 -0.431 -0.605 -0.887 -1.379 -1.551 -1.156 -1.296 -1.05 -1.202 -1.664 -2.17 -1.937 -1.392 -1.5 -1.906
1.095 0.853 0.267 -0.114 -0.622 -0.432 0.206 0.922 1.22 0.721 -0.176 -0.696 -0.93 -0.986 -1.01 -1.17 -1.63 -1.541 -0.903 -0.3 -0.418 -0.669 -0.853 -1.132 -1.127 -0.625 -0.04 0.581 0.497 -0.288 -1.306 -1.691 -1.305 -1.172 -1.014 -0.662 0.073 0.114 -0.635 -0.966 -1.052 -1.27 -1.704 -1.54 -1.27 -1.762 -1.759 -1.232 -1.188 -1.291 -1.572 -1.76 -1.8 -1.948 -1.695 -1.475 -1.22 -1.059 -1.211 -1.091 -0.403 -0.303 -0.821 -0.841 -0.842 -1.615 -1.859 -1.372 -1.3 -1.28 -1.01 -1.562 -2.18 -2.03 -1.604 -1.741 -2.184
0.826 1.128 0.787 0.45 -0.105 -0.344 0.234 0.975 1.229 0.771 0.336 0.085 -0.193 -0.472 -0.76 -1.212 -1.661 -1.16 -0.58 -0.061 -0.577 -1.154 -1.398 -1.526 -1.181 -0.709 -0.09 0.603 0.594 -0.21 -1.193 -1.84 -1.55 -1.404 -1.234 -0.814 0.018 0.233 -0.547 -1.143 -1.378 -1.547 -1.913 -1.569 -1.475 -1.901 -1.621 -1.412 -1.476 -1.626 -1.503 -1.716 -1.904 -1.699 -1.816 -1.921 -1.483 -1.263 -1.08 -0.892 -0.28 -0.369 -1.073 -1.219 -0.862 -1.443 -1.925 -1.553 -1.304 -1.544 -1.134 -1.412 -2.185 -2.301 -2.057 -2.174 -2.341
0.103 0.717 1.107 1.046 0.538 0.047 0.266 1.054 1.17 0.505 0.185 0.279 0.277 0.075 -0.255 -0.444 -0.873 -1.095 -0.561 0.02 -0.369 -0.818 -1.245 -1.435 -0.982 -0.404 0.176 0.737 0.448 -0.269 -1.201 -1.827 -1.406 -1.201 -1.341 -0.883 -0.218 0.362 -0.162 -0.639 -0.94 -1.185 -1.727 -1.634 -1.591 -1.647 -1.62 -1.848 -1.711 -1.882 -1.767 -1.897 -1.751 -1.637 -1.523 -1.506 -1.283 -0.977 -0.515 -0.351 -0.128 -0.486 -1.263 -1.535 -1.031 -1.21 -1.886 -1.709 -1.364 -1.841 -1.446 -1.353 -2.013 -2.318 -2.46 -2.49 -2.511
-0.441 0.177 0.618 1.197 1.18 0.753 0.568 1.177 0.98 0.268 -0.532 -0.409 -0.437 -0.296 -0.265 -0.797 -0.835 -1.049 -0.531 0.103 -0.161 -0.82 -1.303 -1.351 -0.9 -0.303 0.49 0.873 0.154 -0.397 -1.15 -1.677 -1.399 -1.081 -1.092 -0.96 -0.342 0.396 0.235 -0.354 -0.663 -0.943 -1.369 -1.381 -1.077 -0.966 -1.259 -1.802 -1.514 -1.289 -1.322 -1.243 -1.039 -0.954 -0.744 -0.726 -0.581 -0.264 -0.031 0.092 -0.121 -0.762 -1.478 -1.66 -1.171 -1.348 -1.779 -1.953 -1.575 -2.025 -1.787 -1.506 -2.076 -2.373 -2.287 -2.159 -1.99
-0.504 -0.441 -0.065 0.641 1.023 1.256 1.214 1.313 0.912 0.004 -0.802 -0.951 -0.856 -0.61 -0.489 -1.049 -1.141 -1.129 -0.573 0.129 -0.209 -0.688 -1.095 -1.103 -0.698 -0.117 0.652 0.864 0.215 -0.189 -0.825 -1.326 -1.485 -1.178 -0.671 -0.528 -0.363 0.347 0.535 -0.309 -0.933 -1.095 -0.817 -0.771 -0.581 -0.508 -1.194 -1.022 -0.846 -0.537 -0.589 -0.504 -0.43 -0.143 -0.007 0.001 0.113 0.26 0.222 -0.107 -0.351 -1.148 -1.807 -1.574 -1.315 -1.805 -1.663 -1.905 -1.915 -2.039 -2.159 -1.857 -2.006 -2.204 -2.378 -2.149 -1.839
-0.929 -0.831 -0.313 0.46 0.387 0.655 1.238 1.335 0.991 -0.072 -0.578 -1.075 -1.039 -0.884 -0.984 -1.257 -1.488 -1.105 -0.473 0.248 -0.335 -0.831 -1.087 -0.79 -0.448 0.099 0.837 0.759 0.102 -0.192 -0.389 -0.898 -1.37 -1.147 -0.408 -0.086 0.045 0.445 0.833 0.023 -0.585 -0.382 -0.105 -0.041 -0.002 -0.338 -0.584 -0.281 -0.246 0.101 0.112 0.218 0.221 0.443 0.361 0.32 0.234 0.056 -0.288 -0.747 -0.792 -1.541 -2.046 -1.575 -1.425 -2.025 -1.786 -1.406 -1.885 -2.175 -2.234 -1.595 -1.42 -1.697 -1.99 -1.92 -1.952
-0.837 -0.471 0.154 0.252 -0.243 0.146 0.964 1.328 1.166 -0.051 -0.817 -1.166 -1.135 -1.133 -1.303 -1.579 -1.324 -0.798 -0.238 0.312 -0.319 -0.869 -1.2 -0.864 -0.523 0.281 1.059 0.478 -0.162 -0.627 -0.562 -0.646 -1.264 -0.945 -0.465 -0.478 -0.196 0.357 0.962 0.48 0.087 0.608 0.763 0.707 0.527 0.267 0.393 0.443 0.472 0.613 0.627 0.543 0.508 0.368 0.042 -0.132 -0.394 -0.696 -1.137 -1.179 -1.116 -1.593 -1.978 -1.641 -1.459 -1.874 -1.708 -1.28 -1.336 -1.657 -1.583 -1.224 -0.99 -1.3 -1.242 -1.414 -1.858
-0.319 0.041 0.143 -0.299 -0.566 -0.076 0.708 1.273 1.313 0.279 -0.614 -0.614 -0.646 -0.759 -1.057 -1.416 -1.035 -0.538 -0.076 0.387 -0.284 -0.776 -1.18 -0.653 -0.221 0.676 1.095 0.452 0.049 -0.482 -0.789 -0.845 -1.045 -1.016 -0.826 -0.884 -0.286 0.411 0.953 0.909 0.797 1.173 1.22 1.176 1.065 0.933 0.829 0.775 0.728 0.565 0.395 0.179 -0.008 0.013 -0.165 -0.347 -0.74 -1.233 -1.695 -1.363 -1.22 -1.636 -1.913 -1.751 -1.551 -1.946 -1.699 -1.258 -0.899 -1.004 -0.834 -0.59 -0.536 -0.695 -0.754 -1.1 -1.536
-0.502 -0.343 -0.324 -0.763 -0.485 0.074 0.558 1.152 1.355 0.56 -0.232 -0.108 -0.524 -0.704 -1.06 -1.368 -1.084 -0.646 -0.082 0.446 -0.257 -0.974 -1.238 -0.599 0.162 0.989 0.944 0.25 -0.184 -0.124 -0.523 -1.144 -1.245 -1.02 -0.816 -0.803 -0.28 0.147 0.629 1.185 1.336 1.224 0.843 0.756 0.815 0.605 0.414 0.188 0.166 0.053 -0.065 -0.331 -0.69 -0.658 -0.404 -0.532 -0.63 -1.201 -1.756 -1.414 -1.357 -1.896 -2.236 -1.855 -1.656 -1.984 -1.933 -1.412 -0.828 -0.474 -0.559 -0.717 -0.451 -0.307 -0.467 -0.753 -1.132
