data/climatemaps/RS_maps/climate_winter_tmin_2010.asc
NCOLS 369 
NROWS 228 
XLLCORNER 479000 
YLLCORNER 73000 
CELLSIZE 1000 
NODATA_value -9 
[rows 102 to 135 of 228, columns 77 to 153 of 369]
0.963 0.959 0.947 0.941 0.93 0.925 0.919 0.911 0.904 0.876 0.852 0.827 0.795 0.801 0.841 0.858 0.86 0.859 0.857 0.853 0.834 0.812 0.766 0.743 0.764 0.776 0.776 0.758 0.774 0.731 0.683 0.67 0.661 0.675 0.679 0.681 0.666 0.653 0.667 0.658 0.658 0.642 0.658 0.661 0.676 0.655 0.643 0.636 0.614 0.573 0.539 0.539 0.603 0.566 0.485 0.455 0.507 0.483 0.393 0.391 0.392 0.356 0.331 0.272 0.353 0.41 0.49 0.536 0.512 0.513 0.52 0.509 0.485 0.428 0.33 0.344 0.406
0.966 0.962 0.953 0.944 0.936 0.931 0.919 0.911 0.874 0.843 0.799 0.794 0.788 0.837 0.867 0.865 0.862 0.857 0.856 0.837 0.804 0.768 0.736 0.731 0.742 0.754 0.76 0.748 0.769 0.724 0.697 0.674 0.667 0.658 0.646 0.641 0.618 0.613 0.639 0.649 0.609 0.604 0.637 0.629 0.632 0.653 0.646 0.638 0.62 0.616 0.595 0.577 0.589 0.585 0.536 0.504 0.473 0.483 0.462 0.417 0.38 0.346 0.309 0.257 0.344 0.439 0.525 0.501 0.45 0.427 0.419 0.466 0.503 0.441 0.357 0.438 0.366
0.978 0.963 0.958 0.947 0.941 0.931 0.922 0.896 0.855 0.828 0.828 0.834 0.859 0.876 0.873 0.866 0.862 0.854 0.84 0.82 0.786 0.749 0.728 0.725 0.723 0.747 0.744 0.738 0.764 0.708 0.683 0.669 0.65 0.637 0.636 0.616 0.6 0.595 0.631 0.599 0.594 0.616 0.611 0.529 0.485 0.593 0.64 0.66 0.638 0.595 0.601 0.597 0.563 0.571 0.57 0.528 0.469 0.465 0.454 0.387 0.335 0.331 0.339 0.346 0.358 0.456 0.509 0.496 0.398 0.336 0.294 0.373 0.433 0.479 0.471 0.438 0.366
0.979 0.97 0.962 0.952 0.942 0.93 0.907 0.869 0.855 0.847 0.864 0.88 0.88 0.873 0.873 0.869 0.855 0.845 0.823 0.8 0.767 0.743 0.724 0.711 0.719 0.75 0.74 0.736 0.757 0.718 0.697 0.654 0.634 0.621 0.616 0.606 0.597 0.605 0.603 0.569 0.586 0.577 0.57 0.541 0.487 0.516 0.621 0.654 0.653 0.627 0.6 0.599 0.588 0.572 0.554 0.523 0.491 0.461 0.442 0.379 0.375 0.38 0.363 0.358 0.423 0.468 0.439 0.469 0.463 0.408 0.301 0.262 0.326 0.37 0.374 0.361 0.374
0.981 0.975 0.964 0.954 0.941 0.916 0.887 0.863 0.855 0.875 0.89 0.888 0.88 0.873 0.87 0.856 0.836 0.828 0.804 0.755 0.72 0.74 0.741 0.728 0.729 0.729 0.733 0.735 0.745 0.703 0.678 0.668 0.655 0.646 0.627 0.609 0.599 0.608 0.569 0.523 0.556 0.555 0.527 0.435 0.467 0.48 0.513 0.616 0.644 0.64 0.623 0.611 0.585 0.577 0.547 0.48 0.434 0.403 0.427 0.458 0.471 0.469 0.447 0.437 0.466 0.432 0.349 0.345 0.448 0.428 0.352 0.301 0.244 0.322 0.299 0.271 0.238
0.989 0.979 0.967 0.948 0.924 0.904 0.883 0.865 0.867 0.891 0.894 0.888 0.879 0.872 0.856 0.838 0.831 0.801 0.762 0.724 0.728 0.739 0.733 0.732 0.715 0.708 0.742 0.723 0.709 0.709 0.701 0.686 0.675 0.671 0.663 0.633 0.618 0.608 0.554 0.568 0.554 0.532 0.491 0.407 0.39 0.38 0.412 0.529 0.622 0.629 0.624 0.623 0.593 0.571 0.531 0.455 0.361 0.341 0.432 0.488 0.483 0.451 0.421 0.452 0.433 0.374 0.362 0.271 0.338 0.433 0.445 0.329 0.215 0.255 0.213 0.143 0.2
0.994 0.979 0.956 0.933 0.914 0.9 0.897 0.891 0.891 0.899 0.895 0.889 0.877 0.864 0.839 0.816 0.811 0.779 0.758 0.729 0.732 0.713 0.699 0.697 0.707 0.712 0.72 0.694 0.666 0.661 0.663 0.661 0.641 0.639 0.631 0.609 0.597 0.621 0.56 0.544 0.516 0.478 0.456 0.394 0.35 0.345 0.386 0.466 0.597 0.566 0.559 0.617 0.609 0.574 0.529 0.47 0.401 0.423 0.49 0.468 0.413 0.361 0.342 0.386 0.331 0.311 0.311 0.248 0.234 0.343 0.441 0.336 0.25 0.199 0.175 0.077 0.168
0.996 0.968 0.939 0.92 0.914 0.908 0.913 0.913 0.908 0.899 0.895 0.89 0.869 0.842 0.806 0.798 0.767 0.758 0.751 0.736 0.714 0.684 0.673 0.689 0.711 0.711 0.693 0.674 0.645 0.629 0.629 0.629 0.623 0.624 0.591 0.557 0.548 0.593 0.538 0.493 0.483 0.452 0.434 0.419 0.363 0.339 0.375 0.479 0.594 0.463 0.442 0.576 0.607 0.587 0.544 0.508 0.479 0.491 0.492 0.409 0.347 0.275 0.289 0.294 0.227 0.208 0.253 0.256 0.21 0.304 0.377 0.426 0.344 0.255 0.186 0.075 0.153
0.985 0.955 0.932 0.917 0.924 0.927 0.926 0.917 0.914 0.899 0.892 0.88 0.844 0.8 0.777 0.779 0.739 0.732 0.73 0.718 0.693 0.653 0.665 0.706 0.705 0.687 0.665 0.645 0.63 0.618 0.609 0.602 0.586 0.589 0.563 0.522 0.506 0.551 0.526 0.471 0.454 0.411 0.366 0.383 0.392 0.36 0.37 0.496 0.596 0.44 0.387 0.487 0.588 0.593 0.547 0.497 0.441 0.454 0.468 0.338 0.275 0.184 0.196 0.172 0.169 0.186 0.258 0.311 0.292 0.326 0.354 0.418 0.372 0.273 0.159 0.109 0.099
0.972 0.947 0.934 0.93 0.941 0.937 0.932 0.917 0.912 0.893 0.879 0.839 0.806 0.777 0.78 0.757 0.737 0.724 0.712 0.683 0.689 0.659 0.687 0.706 0.686 0.657 0.63 0.611 0.593 0.6 0.603 0.583 0.559 0.554 0.54 0.47 0.495 0.523 0.496 0.475 0.458 0.394 0.359 0.34 0.331 0.331 0.348 0.477 0.591 0.44 0.364 0.413 0.549 0.589 0.554 0.486 0.405 0.431 0.423 0.246 0.201 0.166 0.184 0.197 0.222 0.262 0.296 0.324 0.297 0.317 0.321 0.354 0.356 0.287 0.185 0.156 0.086
0.969 0.953 0.936 0.948 0.95 0.939 0.934 0.92 0.909 0.881 0.844 0.784 0.75 0.758 0.771 0.741 0.723 0.702 0.672 0.654 0.687 0.706 0.7 0.685 0.67 0.639 0.609 0.589 0.579 0.577 0.585 0.568 0.53 0.51 0.522 0.484 0.502 0.489 0.446 0.44 0.442 0.411 0.395 0.361 0.312 0.258 0.287 0.437 0.579 0.492 0.383 0.374 0.521 0.588 0.565 0.495 0.401 0.426 0.417 0.299 0.27 0.249 0.243 0.251 0.233 0.23 0.294 0.283 0.206 0.214 0.219 0.31 0.307 0.275 0.207 0.118 0
0.974 0.962 0.962 0.964 0.955 0.94 0.933 0.917 0.902 0.861 0.806 0.762 0.743 0.767 0.748 0.727 0.708 0.666 0.666 0.674 0.703 0.713 0.687 0.674 0.646 0.627 0.601 0.582 0.563 0.541 0.562 0.544 0.512 0.481 0.476 0.494 0.473 0.431 0.444 0.443 0.409 0.388 0.364 0.346 0.326 0.266 0.264 0.399 0.553 0.556 0.477 0.408 0.511 0.582 0.57 0.514 0.444 0.474 0.461 0.376 0.305 0.24 0.18 0.195 0.167 0.182 0.259 0.235 0.141 0.099 0.12 0.257 0.32 0.259 0.164 0.035 0.071
0.983 0.982 0.982 0.967 0.956 0.94 0.933 0.912 0.887 0.848 0.811 0.796 0.773 0.74 0.717 0.706 0.691 0.67 0.696 0.702 0.683 0.682 0.69 0.659 0.609 0.596 0.591 0.577 0.55 0.531 0.535 0.511 0.499 0.456 0.46 0.491 0.434 0.395 0.436 0.434 0.426 0.394 0.333 0.257 0.262 0.252 0.251 0.372 0.51 0.567 0.545 0.486 0.505 0.561 0.569 0.532 0.512 0.504 0.413 0.263 0.177 0.109 0.121 0.171 0.181 0.185 0.225 0.243 0.164 0.133 0.083 0.165 0.259 0.273 0.169 0.177 0.255
0.988 0.983 0.967 0.964 0.956 0.94 0.914 0.899 0.882 0.856 0.791 0.772 0.723 0.7 0.695 0.646 0.664 0.698 0.705 0.666 0.652 0.655 0.667 0.655 0.586 0.581 0.581 0.573 0.541 0.526 0.488 0.452 0.452 0.45 0.465 0.434 0.407 0.393 0.399 0.386 0.389 0.386 0.298 0.266 0.272 0.267 0.27 0.341 0.456 0.554 0.556 0.491 0.51 0.54 0.566 0.549 0.535 0.5 0.336 0.2 0.144 0.14 0.221 0.216 0.218 0.21 0.199 0.238 0.253 0.213 0.157 0.068 0.06 0.249 0.312 0.341 0.315
0.967 0.967 0.94 0.95 0.956 0.932 0.901 0.877 0.813 0.829 0.796 0.758 0.725 0.699 0.665 0.651 0.683 0.678 0.663 0.658 0.639 0.618 0.653 0.63 0.576 0.578 0.563 0.532 0.507 0.497 0.452 0.404 0.412 0.428 0.433 0.393 0.382 0.363 0.366 0.377 0.391 0.368 0.35 0.348 0.346 0.341 0.329 0.364 0.429 0.537 0.547 0.484 0.513 0.515 0.556 0.545 0.527 0.474 0.358 0.323 0.277 0.282 0.29 0.242 0.253 0.25 0.25 0.248 0.2 0.151 0.086 0.061 0.014 0.074 0.087 0.138 0.225
0.929 0.937 0.928 0.952 0.954 0.92 0.874 0.809 0.772 0.796 0.788 0.743 0.713 0.683 0.643 0.663 0.68 0.657 0.639 0.609 0.6 0.603 0.649 0.632 0.575 0.566 0.566 0.529 0.481 0.454 0.444 0.396 0.406 0.39 0.373 0.336 0.353 0.319 0.323 0.35 0.367 0.382 0.344 0.269 0.25 0.278 0.336 0.353 0.374 0.507 0.541 0.487 0.508 0.521 0.55 0.53 0.51 0.424 0.407 0.371 0.336 0.309 0.314 0.305 0.284 0.265 0.242 0.208 0.125 -0.005 -0.086 -0.159 -0.162 -0.13 -0.059 0.053 0.032
0.892 0.934 0.948 0.962 0.949 0.905 0.859 0.789 0.77 0.771 0.758 0.758 0.734 0.723 0.694 0.68 0.651 0.641 0.634 0.605 0.601 0.617 0.634 0.583 0.538 0.53 0.536 0.523 0.49 0.469 0.44 0.406 0.395 0.387 0.317 0.315 0.316 0.27 0.284 0.3 0.334 0.344 0.261 0.184 0.127 0.166 0.24 0.326 0.343 0.491 0.526 0.495 0.476 0.519 0.547 0.532 0.527 0.376 0.406 0.339 0.301 0.335 0.349 0.334 0.31 0.257 0.206 0.127 0.067 0.002 0.034 -0.024 -0.001 -0.026 0.018 -0.071 -0.166
0.918 0.954 0.967 0.964 0.942 0.891 0.837 0.77 0.765 0.761 0.739 0.72 0.695 0.688 0.674 0.649 0.653 0.661 0.668 0.65 0.643 0.642 0.624 0.558 0.508 0.504 0.513 0.476 0.468 0.453 0.436 0.409 0.353 0.355 0.279 0.271 0.234 0.188 0.21 0.275 0.305 0.325 0.297 0.222 0.199 0.208 0.233 0.247 0.31 0.467 0.509 0.491 0.477 0.519 0.541 0.544 0.545 0.461 0.456 0.447 0.42 0.407 0.382 0.355 0.309 0.29 0.206 0.161 0.171 0.15 0.132 0.106 0.106 0.106 0.036 -0.166 -0.492
0.936 0.969 0.973 0.961 0.917 0.836 0.776 0.745 0.747 0.738 0.706 0.666 0.637 0.642 0.648 0.645 0.655 0.66 0.634 0.647 0.644 0.624 0.595 0.556 0.513 0.497 0.482 0.44 0.391 0.389 0.379 0.382 0.342 0.309 0.216 0.16 0.118 0.107 0.161 0.246 0.258 0.281 0.243 0.234 0.224 0.183 0.176 0.19 0.313 0.472 0.465 0.453 0.451 0.494 0.527 0.533 0.539 0.525 0.52 0.479 0.381 0.296 0.23 0.177 0.135 0.209 0.248 0.188 0.127 0.048 -0.013 -0.093 -0.045 0.003 -0.009 -0.338 -0.537
0.937 0.97 0.982 0.937 0.863 0.796 0.74 0.73 0.731 0.713 0.682 0.636 0.632 0.627 0.63 0.643 0.647 0.636 0.626 0.64 0.609 0.591 0.56 0.548 0.52 0.493 0.452 0.415 0.348 0.326 0.32 0.34 0.338 0.294 0.206 0.124 0.066 0.097 0.159 0.157 0.167 0.18 0.171 0.141 0.094 0.063 0.095 0.215 0.374 0.476 0.414 0.423 0.447 0.467 0.512 0.524 0.531 0.532 0.524 0.405 0.29 0.195 0.123 0.078 0.084 0.121 0.177 0.101 0.02 -0.059 -0.144 -0.225 -0.108 -0.286 -0.255 -0.329 -0.339
0.948 0.982 0.968 0.895 0.837 0.776 0.725 0.724 0.71 0.678 0.67 0.648 0.638 0.624 0.642 0.638 0.623 0.625 0.639 0.611 0.564 0.535 0.512 0.491 0.501 0.493 0.439 0.396 0.353 0.308 0.255 0.28 0.312 0.342 0.248 0.2 0.142 0.068 0.042 0.009 0.002 0.035 0.043 0.022 -0.022 -0.092 0.006 0.163 0.347 0.443 0.421 0.407 0.432 0.451 0.498 0.517 0.523 0.528 0.528 0.371 0.266 0.189 0.094 0.002 0.018 0.04 0.101 0.026 -0.096 -0.123 -0.238 -0.387 -0.347 -0.536 -0.451 -0.287 -0.204
0.983 0.981 0.928 0.856 0.811 0.755 0.714 0.71 0.686 0.661 0.664 0.643 0.634 0.631 0.647 0.608 0.595 0.61 0.619 0.57 0.513 0.48 0.474 0.467 0.469 0.462 0.424 0.387 0.349 0.258 0.202 0.247 0.295 0.333 0.273 0.22 0.113 -0.019 -0.12 -0.177 -0.152 -0.106 -0.129 -0.137 -0.145 -0.237 -0.096 0.098 0.288 0.398 0.411 0.397 0.415 0.443 0.484 0.507 0.516 0.523 0.53 0.476 0.369 0.206 0.1 0.025 -0.089 -0.052 0.038 -0.108 -0.233 -0.229 -0.397 -0.484 -0.563 -0.567 -0.403 -0.179 -0.148
1.005 0.96 0.876 0.808 0.766 0.714 0.689 0.682 0.688 0.687 0.678 0.661 0.651 0.647 0.641 0.603 0.585 0.585 0.595 0.553 0.496 0.467 0.43 0.45 0.432 0.416 0.377 0.36 0.35 0.268 0.237 0.266 0.296 0.3 0.186 0.069 -0.065 -0.192 -0.276 -0.284 -0.278 -0.259 -0.323 -0.301 -0.296 -0.313 -0.121 0.084 0.227 0.366 0.384 0.362 0.388 0.431 0.457 0.494 0.507 0.519 0.53 0.534 0.478 0.323 0.202 0.057 -0.04 0.02 0.009 -0.16 -0.32 -0.444 -0.431 -0.357 -0.612 -0.518 -0.348 -0.101 -0.02
0.989 0.903 0.829 0.764 0.721 0.677 0.662 0.684 0.697 0.692 0.696 0.679 0.67 0.652 0.626 0.591 0.589 0.57 0.575 0.538 0.483 0.438 0.408 0.383 0.366 0.325 0.313 0.285 0.305 0.291 0.222 0.229 0.266 0.25 0.073 -0.092 -0.168 -0.207 -0.252 -0.197 -0.284 -0.333 -0.357 -0.394 -0.391 -0.29 -0.144 -0.061 0.079 0.303 0.351 0.363 0.369 0.411 0.434 0.46 0.487 0.515 0.53 0.537 0.534 0.489 0.354 0.152 0.082 0.151 0.004 -0.201 -0.471 -0.507 -0.238 -0.493 -0.624 -0.44 -0.33 -0.092 0.094
0.928 0.861 0.792 0.725 0.688 0.668 0.685 0.706 0.696 0.699 0.664 0.642 0.636 0.616 0.595 0.585 0.568 0.56 0.549 0.498 0.419 0.369 0.37 0.308 0.268 0.211 0.177 0.138 0.2 0.222 0.091 0.081 0.161 0.21 0.101 0.006 -0.042 -0.084 -0.126 -0.077 -0.173 -0.216 -0.248 -0.329 -0.424 -0.302 -0.297 -0.218 -0.084 0.093 0.232 0.32 0.361 0.382 0.403 0.424 0.456 0.487 0.523 0.534 0.541 0.546 0.503 0.338 0.273 0.22 0.05 -0.246 -0.425 -0.226 -0.377 -0.664 -0.513 -0.348 -0.151 0.083 0.198
0.885 0.827 0.752 0.717 0.729 0.712 0.723 0.705 0.692 0.676 0.626 0.6 0.589 0.547 0.528 0.541 0.524 0.523 0.529 0.44 0.343 0.29 0.358 0.238 0.133 0.044 0.013 0.074 0.177 0.072 -0.116 -0.143 -0.086 0.094 0.138 0.07 0.061 0.042 -0.02 -0.11 -0.114 -0.262 -0.307 -0.458 -0.51 -0.518 -0.535 -0.448 -0.393 -0.273 -0.098 0.045 0.257 0.373 0.398 0.365 0.375 0.455 0.481 0.518 0.538 0.547 0.552 0.521 0.476 0.377 0.224 -0.142 -0.103 -0.379 -0.615 -0.528 -0.232 -0.282 0.021 0.275 0.021
0.835 0.791 0.733 0.752 0.753 0.732 0.713 0.683 0.668 0.615 0.578 0.557 0.516 0.493 0.474 0.475 0.499 0.545 0.495 0.424 0.389 0.399 0.315 0.147 -0.008 -0.126 -0.036 0.102 0.089 -0.006 -0.219 -0.279 -0.12 0.094 0.032 -0.182 -0.085 -0.085 -0.179 -0.285 -0.184 -0.47 -0.54 -0.706 -0.697 -0.689 -0.65 -0.683 -0.682 -0.624 -0.551 -0.437 -0.148 0.07 0.282 0.412 0.436 0.461 0.477 0.461 0.512 0.548 0.553 0.564 0.566 0.569 0.472 0.192 -0.137 -0.507 -0.437 -0.174 -0.061 -0.049 0.36 0.159 -0.13
0.809 0.76 0.75 0.763 0.734 0.69 0.647 0.671 0.611 0.529 0.51 0.465 0.427 0.325 0.322 0.389 0.454 0.535 0.533 0.442 0.452 0.359 0.219 0.039 -0.202 -0.163 0.018 -0.021 -0.069 -0.082 -0.326 -0.274 -0.085 0.081 -0.104 -0.317 -0.12 -0.153 -0.346 -0.417 -0.298 -0.583 -0.777 -0.71 -0.705 -0.665 -0.428 -0.348 -0.349 -0.386 -0.594 -0.69 -0.486 -0.351 -0.085 0.024 0.322 0.434 0.477 0.456 0.449 0.511 0.529 0.56 0.572 0.578 0.585 0.36 -0.131 -0.19 -0.081 0.172 0.037 0.229 0.513 0.191 0.384
0.776 0.759 0.757 0.758 0.73 0.649 0.624 0.646 0.561 0.492 0.429 0.359 0.335 0.252 0.294 0.391 0.449 0.501 0.535 0.501 0.378 0.282 0.137 -0.087 -0.25 -0.133 -0.033 -0.094 -0.206 -0.167 -0.315 -0.199 -0.044 -0.018 -0.258 -0.366 -0.193 -0.106 -0.357 -0.444 -0.438 -0.697 -0.626 -0.517 -0.351 -0.595 -0.482 -0.219 -0.387 -0.664 -0.647 -0.627 -0.712 -0.615 -0.474 -0.204 0.105 0.265 0.387 0.461 0.455 0.466 0.49 0.544 0.571 0.578 0.589 0.497 0.262 0.292 0.352 0.491 0.349 0.527 0.637 0.636 0.668
0.763 0.75 0.752 0.768 0.711 0.634 0.641 0.609 0.521 0.445 0.396 0.32 0.303 0.312 0.394 0.469 0.525 0.54 0.522 0.433 0.271 0.175 0.024 -0.173 -0.298 -0.252 -0.191 -0.139 -0.301 -0.28 -0.343 -0.173 -0.006 -0.073 -0.277 -0.331 -0.281 -0.178 -0.477 -0.592 -0.61 -0.722 -0.679 -0.624 -0.259 -0.193 -0.177 -0.192 -0.496 -0.551 -0.539 -0.439 -0.386 -0.328 -0.258 -0.268 -0.119 -0.016 0.343 0.441 0.451 0.428 0.4 0.481 0.555 0.578 0.588 0.596 0.589 0.612 0.624 0.634 0.642 0.648 0.651 0.631 0.655
0.745 0.754 0.76 0.759 0.701 0.652 0.638 0.555 0.491 0.431 0.387 0.344 0.365 0.404 0.448 0.5 0.532 0.531 0.488 0.37 0.209 0.024 -0.113 -0.172 -0.251 -0.294 -0.249 -0.231 -0.344 -0.287 -0.235 -0.029 -0.005 -0.19 -0.453 -0.421 -0.314 -0.325 -0.586 -0.72 -0.77 -0.625 -0.479 -0.272 -0.123 0.013 -0.062 -0.122 -0.164 -0.103 -0.103 -0.073 0.016 0.064 0.134 0.187 0.298 0.291 0.271 0.338 0.364 0.414 0.353 0.388 0.473 0.546 0.566 0.592 0.607 0.616 0.627 0.626 0.643 0.624 0.476 0.499 0.661
0.756 0.77 0.759 0.722 0.679 0.66 0.606 0.51 0.455 0.417 0.379 0.364 0.378 0.407 0.466 0.512 0.51 0.504 0.464 0.306 0.118 -0.075 -0.094 -0.095 -0.09 -0.085 -0.14 -0.157 -0.277 -0.274 -0.166 -0.038 -0.162 -0.309 -0.542 -0.534 -0.538 -0.607 -0.63 -0.588 -0.495 -0.291 -0.102 0.034 0.119 0.135 0.162 0.154 0.156 0.162 0.189 0.218 0.246 0.265 0.327 0.323 0.272 0.206 0.079 -0.078 -0.03 0.283 0.362 0.29 0.316 0.392 0.426 0.523 0.582 0.6 0.574 0.541 0.547 0.342 0.062 0.375 0.587
0.76 0.751 0.72 0.673 0.65 0.639 0.596 0.533 0.477 0.429 0.388 0.359 0.35 0.393 0.469 0.507 0.485 0.491 0.448 0.269 0.033 -0.076 0.033 0.047 0.058 0.051 -0.002 -0.1 -0.29 -0.382 -0.332 -0.243 -0.292 -0.455 -0.73 -0.709 -0.739 -0.752 -0.66 -0.453 -0.242 -0.046 0.125 0.13 0.075 0.058 0.11 0.135 0.108 0.099 0.108 0.151 0.112 0.184 0.247 0.128 -0.018 -0.138 -0.357 -0.661 -0.662 -0.118 0.302 0.296 0.231 0.226 0.19 0.277 0.402 0.435 0.382 0.257 0.148 -0.169 -0.001 0.173 0.37
0.771 0.712 0.664 0.619 0.611 0.618 0.594 0.561 0.516 0.458 0.383 0.329 0.352 0.43 0.486 0.49 0.475 0.496 0.443 0.249 -0.028 -0.077 0.103 0.173 0.086 -0.06 -0.08 -0.147 -0.419 -0.537 -0.443 -0.461 -0.396 -0.678 -0.817 -0.747 -0.647 -0.724 -0.526 -0.361 -0.147 0.047 0.098 -0.005 -0.103 -0.178 -0.164 -0.181 -0.287 -0.321 -0.227 -0.123 -0.137 0.151 0.093 -0.133 -0.384 -0.5 -0.655 -0.872 -0.831 -0.387 0.133 0.338 0.239 0.16 0.07 -0.035 0.029 0.045 0.102 -0.126 -0.384 -0.281 0.044 -0.222 -0.072
