data/climatemaps/RS_maps/climate_postbreed_tmp_2013.asc
NCOLS 369 
NROWS 228 
XLLCORNER 479000 
YLLCORNER 73000 
CELLSIZE 1000 
NODATA_value -9 
[rows 0 to 33 of 228, columns 154 to 230 of 369]
-9 -9 -9 -9 -9 -9 -9 -9 -9 -9 -9 -9 -9 -9 -9 -9 -9 -9 -9 -9 -9 -9 -9 -9 -9 -9 -9 -9 -9 -9 -9 -9 -9 -9 -9 -9 0.446 0.46 0.472 0.495 0.499 0.527 0.523 0.512 0.51 0.477 0.531 0.407 0.349 0.384 0.43 0.432 0.439 0.443 0.454 0.411 0.421 0.426 0.389 0.42 0.452 0.475 0.471 0.49 0.528 0.594 0.661 0.642 0.666 0.666 0.661 0.673 -9 -9 -9 -9 -9
-9 -9 -9 -9 -9 -9 -9 -9 -9 -9 -9 -9 -9 -9 -9 -9 -9 -9 -9 -9 -9 -9 -9 -9 -9 -9 -9 -9 -9 -9 -9 -9 -9 -9 -9 0.469 0.465 0.473 0.496 0.481 0.467 0.483 0.514 0.537 0.547 0.574 0.588 0.449 0.414 0.441 0.467 0.456 0.443 0.4 0.441 0.407 0.392 0.417 0.426 0.464 0.5 0.533 0.516 0.523 0.504 0.605 0.681 0.659 0.672 0.706 0.694 0.705 0.722 0.732 0.727 -9 -9
-9 -9 -9 -9 -9 -9 -9 -9 -9 -9 -9 -9 -9 -9 -9 -9 -9 -9 -9 -9 -9 -9 -9 -9 -9 -9 -9 -9 -9 -9 -9 -9 -9 -9 -9 0.422 0.446 0.448 0.453 0.424 0.435 0.436 0.439 0.454 0.499 0.553 0.607 0.507 0.414 0.457 0.46 0.418 0.406 0.375 0.426 0.406 0.382 0.444 0.477 0.511 0.545 0.538 0.535 0.578 0.552 0.66 0.702 0.709 0.716 0.727 0.721 0.727 0.728 0.739 0.753 0.754 -9
-9 -9 -9 -9 -9 -9 -9 -9 -9 -9 -9 -9 -9 -9 -9 -9 -9 -9 -9 -9 -9 -9 -9 -9 -9 -9 -9 -9 -9 -9 -9 -9 -9 -9 0.335 0.327 0.353 0.367 0.386 0.382 0.396 0.403 0.421 0.451 0.452 0.478 0.563 0.533 0.454 0.507 0.489 0.397 0.384 0.378 0.416 0.414 0.448 0.492 0.525 0.545 0.575 0.539 0.565 0.622 0.655 0.693 0.718 0.723 0.738 0.739 0.739 0.739 0.735 0.758 0.774 0.776 0.75
-9 -9 -9 -9 -9 -9 -9 -9 -9 -9 -9 -9 -9 -9 -9 -9 -9 -9 -9 -9 -9 -9 -9 -9 -9 -9 -9 -9 -9 -9 -9 -9 -9 0.334 0.349 0.334 0.34 0.357 0.373 0.378 0.396 0.421 0.461 0.518 0.487 0.493 0.537 0.584 0.553 0.568 0.498 0.407 0.378 0.397 0.424 0.465 0.505 0.54 0.56 0.582 0.616 0.577 0.605 0.646 0.67 0.658 0.649 0.633 0.696 0.74 0.759 0.76 0.76 0.761 0.777 0.78 0.78
-9 -9 -9 -9 -9 -9 -9 -9 -9 -9 -9 -9 -9 -9 -9 -9 -9 -9 -9 -9 -9 -9 -9 -9 -9 -9 -9 -9 -9 -9 -9 -9 -9 0.371 0.389 0.377 0.374 0.4 0.407 0.414 0.418 0.447 0.469 0.525 0.55 0.538 0.579 0.582 0.598 0.54 0.401 0.401 0.415 0.42 0.463 0.492 0.544 0.554 0.608 0.608 0.633 0.623 0.662 0.698 0.677 0.634 0.652 0.625 0.618 0.644 0.739 0.78 0.778 0.779 0.784 0.782 0.771
-9 -9 -9 -9 -9 -9 -9 -9 -9 -9 -9 -9 -9 -9 -9 -9 -9 -9 -9 -9 -9 -9 -9 -9 -9 -9 -9 -9 -9 -9 -9 -9 0.376 0.404 0.409 0.423 0.417 0.464 0.47 0.449 0.443 0.48 0.477 0.519 0.529 0.593 0.592 0.592 0.585 0.535 0.366 0.404 0.465 0.471 0.516 0.492 0.524 0.555 0.605 0.651 0.666 0.686 0.704 0.687 0.558 0.491 0.625 0.673 0.654 0.629 0.704 0.78 0.784 0.784 0.789 0.763 0.746
-9 -9 -9 -9 -9 -9 -9 -9 -9 -9 -9 -9 -9 -9 -9 -9 -9 -9 -9 -9 -9 -9 -9 -9 -9 -9 -9 -9 -9 -9 -9 0.328 0.371 0.424 0.407 0.429 0.44 0.495 0.537 0.483 0.492 0.524 0.531 0.573 0.548 0.583 0.634 0.611 0.558 0.53 0.359 0.316 0.41 0.445 0.492 0.525 0.543 0.597 0.625 0.655 0.685 0.683 0.679 0.659 0.561 0.511 0.597 0.665 0.678 0.636 0.74 0.78 0.794 0.793 0.781 0.76 0.768
-9 -9 -9 -9 -9 -9 -9 -9 -9 -9 -9 -9 -9 -9 -9 -9 -9 -9 -9 -9 -9 -9 -9 -9 -9 -9 -9 -9 -9 -9 0.327 0.373 0.403 0.456 0.438 0.406 0.413 0.478 0.553 0.56 0.584 0.606 0.625 0.648 0.61 0.639 0.636 0.546 0.574 0.558 0.492 0.31 0.352 0.382 0.447 0.548 0.47 0.565 0.629 0.694 0.672 0.694 0.693 0.685 0.626 0.582 0.633 0.677 0.697 0.671 0.757 0.781 0.78 0.782 0.773 0.784 0.799
-9 -9 -9 -9 -9 -9 -9 -9 -9 -9 -9 -9 -9 -9 -9 -9 -9 -9 -9 -9 -9 -9 -9 -9 -9 -9 -9 -9 -9 -9 0.345 0.369 0.414 0.46 0.476 0.407 0.414 0.466 0.479 0.487 0.524 0.547 0.553 0.588 0.68 0.667 0.602 0.611 0.603 0.612 0.536 0.347 0.406 0.495 0.547 0.516 0.447 0.493 0.552 0.643 0.708 0.677 0.693 0.718 0.693 0.651 0.71 0.727 0.723 0.693 0.735 0.788 0.789 0.792 0.793 0.806 0.817
-9 -9 -9 -9 -9 -9 -9 -9 -9 -9 -9 -9 -9 -9 -9 -9 -9 -9 -9 -9 -9 -9 -9 -9 -9 -9 -9 -9 -9 0.335 0.342 0.374 0.385 0.427 0.499 0.489 0.444 0.447 0.473 0.498 0.537 0.566 0.582 0.627 0.692 0.632 0.666 0.646 0.622 0.589 0.454 0.364 0.449 0.507 0.602 0.567 0.506 0.536 0.551 0.575 0.699 0.695 0.693 0.703 0.736 0.738 0.742 0.742 0.743 0.721 0.744 0.8 0.8 0.802 0.807 0.817 0.822
-9 -9 -9 -9 -9 -9 -9 -9 -9 -9 -9 -9 -9 -9 -9 -9 -9 -9 -9 -9 -9 -9 -9 -9 -9 -9 -9 -9 0.291 0.33 0.386 0.414 0.422 0.438 0.509 0.514 0.475 0.462 0.482 0.505 0.526 0.613 0.629 0.704 0.682 0.684 0.66 0.614 0.547 0.441 0.428 0.391 0.47 0.512 0.577 0.614 0.565 0.562 0.59 0.613 0.681 0.738 0.726 0.706 0.738 0.743 0.705 0.703 0.749 0.748 0.779 0.804 0.808 0.81 0.816 0.82 0.832
-9 -9 -9 -9 -9 -9 -9 -9 -9 -9 -9 -9 -9 -9 -9 -9 -9 -9 -9 -9 -9 -9 -9 -9 -9 -9 -9 -9 0.332 0.348 0.39 0.432 0.447 0.446 0.502 0.521 0.473 0.494 0.519 0.536 0.554 0.62 0.728 0.705 0.706 0.687 0.635 0.619 0.52 0.392 0.384 0.438 0.476 0.504 0.54 0.65 0.6 0.606 0.626 0.668 0.716 0.736 0.742 0.751 0.765 0.758 0.732 0.738 0.769 0.77 0.751 0.801 0.818 0.818 0.806 0.829 0.846
-9 -9 -9 -9 -9 -9 -9 -9 -9 -9 -9 -9 -9 -9 -9 -9 -9 -9 -9 -9 -9 -9 -9 -9 -9 -9 -9 -9 0.364 0.379 0.405 0.439 0.483 0.46 0.503 0.527 0.484 0.538 0.568 0.547 0.583 0.643 0.715 0.664 0.67 0.672 0.645 0.585 0.459 0.368 0.419 0.491 0.553 0.568 0.573 0.67 0.65 0.646 0.679 0.721 0.729 0.726 0.725 0.733 0.768 0.781 0.785 0.784 0.784 0.785 0.782 0.814 0.82 0.82 0.814 0.816 0.822
-9 -9 -9 -9 -9 -9 -9 -9 -9 -9 -9 -9 -9 -9 -9 -9 -9 -9 -9 -9 -9 -9 0.256 0.315 0.453 0.403 0.371 0.43 0.407 0.433 0.448 0.476 0.521 0.506 0.54 0.583 0.524 0.614 0.574 0.583 0.654 0.679 0.719 0.665 0.625 0.664 0.653 0.615 0.558 0.449 0.466 0.543 0.544 0.587 0.609 0.666 0.693 0.698 0.737 0.745 0.724 0.732 0.739 0.724 0.734 0.777 0.794 0.801 0.797 0.793 0.816 0.815 0.82 0.831 0.85 0.855 0.856
-9 -9 -9 -9 -9 -9 -9 -9 -9 -9 -9 -9 -9 -9 -9 -9 -9 -9 0.479 0.398 0.27 0.288 0.297 0.332 0.394 0.518 0.39 0.435 0.456 0.481 0.502 0.524 0.562 0.548 0.584 0.616 0.563 0.67 0.586 0.624 0.711 0.723 0.685 0.662 0.673 0.69 0.681 0.695 0.644 0.519 0.518 0.615 0.563 0.596 0.624 0.672 0.717 0.757 0.756 0.74 0.74 0.762 0.766 0.728 0.699 0.731 0.778 0.79 0.806 0.811 0.82 0.819 0.807 0.815 0.815 0.814 0.841
-9 -9 -9 -9 -9 -9 -9 -9 -9 -9 -9 -9 -9 -9 -9 -9 -9 0.374 0.5 0.34 0.317 0.347 0.368 0.4 0.426 0.584 0.471 0.463 0.505 0.533 0.535 0.571 0.578 0.568 0.64 0.627 0.586 0.706 0.649 0.698 0.736 0.699 0.666 0.683 0.746 0.735 0.731 0.731 0.712 0.646 0.629 0.64 0.621 0.619 0.648 0.713 0.756 0.763 0.756 0.747 0.77 0.786 0.789 0.758 0.705 0.675 0.66 0.659 0.704 0.81 0.821 0.75 0.648 0.639 0.659 0.651 0.673
-9 -9 -9 -9 -9 -9 -9 -9 -9 -9 -9 -9 -9 -9 -9 0.3 0.323 0.379 0.493 0.355 0.362 0.39 0.455 0.465 0.501 0.577 0.588 0.53 0.53 0.575 0.585 0.593 0.59 0.635 0.682 0.624 0.613 0.681 0.732 0.757 0.716 0.686 0.705 0.756 0.785 0.774 0.767 0.761 0.757 0.746 0.74 0.728 0.728 0.712 0.692 0.739 0.79 0.787 0.765 0.772 0.804 0.81 0.805 0.793 0.786 0.766 0.743 0.764 0.759 0.764 0.832 0.792 0.665 0.692 0.679 0.626 0.614
0.41 0.429 0.405 0.338 -9 -9 -9 -9 -9 -9 -9 -9 -9 -9 0.332 0.352 0.38 0.399 0.518 0.404 0.388 0.413 0.478 0.492 0.522 0.524 0.596 0.617 0.615 0.623 0.598 0.582 0.636 0.701 0.659 0.631 0.653 0.694 0.775 0.74 0.7 0.677 0.757 0.792 0.793 0.791 0.779 0.773 0.757 0.746 0.771 0.766 0.724 0.714 0.695 0.765 0.777 0.762 0.794 0.811 0.814 0.813 0.807 0.809 0.807 0.813 0.813 0.807 0.781 0.797 0.839 0.816 0.751 0.708 0.669 0.656 0.657
0.456 0.53 0.391 0.351 0.448 0.465 0.415 0.259 -9 -9 -9 -9 0.296 0.37 0.39 0.429 0.414 0.444 0.516 0.441 0.435 0.456 0.475 0.483 0.504 0.529 0.562 0.653 0.686 0.611 0.566 0.6 0.691 0.717 0.651 0.654 0.693 0.771 0.765 0.717 0.688 0.728 0.8 0.803 0.775 0.754 0.744 0.71 0.703 0.649 0.684 0.693 0.693 0.725 0.759 0.804 0.758 0.665 0.694 0.738 0.802 0.813 0.799 0.773 0.806 0.815 0.805 0.794 0.792 0.831 0.841 0.824 0.739 0.727 0.692 0.716 0.684
0.617 0.62 0.425 0.471 0.533 0.464 0.314 0.277 0.298 -9 -9 0.3 0.294 0.363 0.403 0.464 0.452 0.529 0.504 0.482 0.483 0.491 0.522 0.543 0.557 0.576 0.561 0.674 0.711 0.608 0.583 0.626 0.715 0.756 0.684 0.695 0.73 0.811 0.756 0.71 0.741 0.789 0.813 0.798 0.774 0.711 0.648 0.598 0.605 0.643 0.63 0.655 0.708 0.769 0.802 0.792 0.762 0.717 0.681 0.661 0.737 0.804 0.773 0.773 0.79 0.811 0.798 0.746 0.762 0.792 0.817 0.835 0.813 0.749 0.758 0.793 0.769
0.729 0.704 0.516 0.607 0.483 0.345 0.241 0.305 0.351 0.344 0.353 0.317 0.338 0.392 0.404 0.467 0.523 0.551 0.508 0.542 0.53 0.505 0.538 0.539 0.575 0.655 0.632 0.72 0.707 0.621 0.639 0.661 0.73 0.787 0.741 0.753 0.796 0.799 0.736 0.71 0.772 0.811 0.813 0.812 0.79 0.752 0.663 0.607 0.615 0.634 0.651 0.686 0.749 0.789 0.81 0.822 0.798 0.767 0.704 0.669 0.725 0.795 0.787 0.773 0.792 0.792 0.8 0.818 0.792 0.764 0.79 0.821 0.855 0.847 0.861 0.86 0.856
0.803 0.789 0.641 0.691 0.475 0.289 0.238 0.29 0.341 0.38 0.353 0.35 0.394 0.432 0.453 0.508 0.583 0.549 0.565 0.584 0.566 0.516 0.556 0.598 0.585 0.627 0.707 0.782 0.729 0.66 0.705 0.675 0.762 0.802 0.767 0.81 0.832 0.757 0.705 0.771 0.805 0.818 0.813 0.807 0.745 0.762 0.688 0.664 0.68 0.695 0.708 0.754 0.78 0.792 0.836 0.827 0.824 0.806 0.778 0.724 0.719 0.765 0.773 0.772 0.775 0.782 0.809 0.82 0.765 0.665 0.697 0.767 0.81 0.832 0.866 0.882 0.887
0.832 0.849 0.779 0.698 0.527 0.374 0.286 0.299 0.352 0.393 0.376 0.388 0.439 0.478 0.514 0.582 0.602 0.582 0.617 0.608 0.556 0.583 0.596 0.609 0.688 0.642 0.696 0.831 0.748 0.748 0.754 0.771 0.817 0.816 0.802 0.85 0.812 0.715 0.741 0.815 0.828 0.812 0.802 0.789 0.659 0.657 0.691 0.723 0.725 0.723 0.734 0.78 0.786 0.812 0.852 0.837 0.829 0.819 0.815 0.779 0.754 0.747 0.754 0.76 0.761 0.773 0.809 0.822 0.775 0.671 0.66 0.692 0.709 0.751 0.808 0.81 0.799
0.823 0.875 0.86 0.628 0.424 0.394 0.376 0.386 0.38 0.413 0.375 0.405 0.46 0.522 0.571 0.606 0.645 0.647 0.602 0.589 0.64 0.621 0.707 0.636 0.735 0.682 0.724 0.848 0.86 0.862 0.859 0.866 0.867 0.827 0.848 0.852 0.787 0.752 0.751 0.833 0.82 0.8 0.803 0.707 0.681 0.656 0.666 0.692 0.697 0.735 0.75 0.737 0.795 0.819 0.844 0.839 0.83 0.819 0.816 0.817 0.808 0.783 0.773 0.764 0.766 0.77 0.797 0.818 0.805 0.764 0.731 0.699 0.653 0.681 0.745 0.755 0.729
0.814 0.89 0.875 0.636 0.379 0.391 0.419 0.445 0.48 0.486 0.413 0.436 0.492 0.568 0.635 0.689 0.699 0.661 0.627 0.669 0.722 0.69 0.759 0.712 0.753 0.798 0.786 0.825 0.897 0.898 0.856 0.874 0.872 0.867 0.865 0.826 0.807 0.8 0.818 0.835 0.827 0.792 0.755 0.688 0.681 0.709 0.73 0.713 0.703 0.71 0.712 0.748 0.808 0.832 0.845 0.841 0.844 0.832 0.825 0.82 0.82 0.805 0.803 0.793 0.769 0.768 0.773 0.809 0.813 0.801 0.798 0.772 0.705 0.673 0.681 0.698 0.667
0.801 0.874 0.876 0.716 0.42 0.393 0.449 0.494 0.502 0.549 0.523 0.49 0.51 0.566 0.602 0.694 0.679 0.698 0.737 0.787 0.792 0.791 0.825 0.882 0.919 0.908 0.824 0.892 0.903 0.902 0.893 0.849 0.831 0.848 0.863 0.853 0.844 0.847 0.83 0.831 0.764 0.7 0.708 0.759 0.746 0.748 0.748 0.748 0.755 0.762 0.76 0.761 0.805 0.849 0.863 0.85 0.854 0.839 0.829 0.827 0.822 0.807 0.819 0.813 0.796 0.77 0.757 0.778 0.799 0.795 0.82 0.825 0.804 0.788 0.743 0.715 0.67
0.809 0.843 0.911 0.798 0.506 0.43 0.465 0.509 0.519 0.553 0.568 0.599 0.62 0.601 0.642 0.7 0.746 0.766 0.805 0.818 0.827 0.868 0.916 0.922 0.892 0.911 0.896 0.909 0.888 0.904 0.913 0.896 0.794 0.759 0.828 0.829 0.821 0.794 0.76 0.73 0.656 0.671 0.638 0.718 0.72 0.742 0.768 0.79 0.814 0.813 0.802 0.768 0.799 0.857 0.873 0.853 0.841 0.838 0.85 0.856 0.847 0.833 0.838 0.831 0.799 0.782 0.773 0.771 0.767 0.759 0.792 0.812 0.832 0.828 0.833 0.826 0.812
0.881 0.841 0.927 0.848 0.598 0.47 0.505 0.52 0.56 0.576 0.574 0.623 0.662 0.651 0.673 0.762 0.779 0.807 0.839 0.868 0.918 0.926 0.924 0.905 0.852 0.892 0.909 0.882 0.845 0.842 0.905 0.912 0.87 0.788 0.784 0.768 0.734 0.671 0.63 0.654 0.681 0.672 0.692 0.719 0.731 0.763 0.813 0.844 0.833 0.824 0.811 0.803 0.828 0.87 0.878 0.866 0.846 0.848 0.87 0.869 0.85 0.847 0.856 0.86 0.853 0.849 0.835 0.813 0.783 0.755 0.768 0.788 0.808 0.807 0.812 0.848 0.86
0.918 0.879 0.938 0.844 0.623 0.514 0.508 0.54 0.577 0.624 0.617 0.66 0.709 0.737 0.743 0.785 0.833 0.866 0.894 0.924 0.925 0.911 0.895 0.869 0.871 0.908 0.916 0.871 0.801 0.76 0.86 0.911 0.899 0.868 0.806 0.758 0.692 0.678 0.68 0.749 0.755 0.734 0.798 0.812 0.827 0.835 0.853 0.855 0.834 0.827 0.82 0.813 0.874 0.889 0.89 0.876 0.848 0.838 0.825 0.835 0.819 0.813 0.822 0.836 0.864 0.871 0.865 0.878 0.879 0.865 0.822 0.788 0.809 0.811 0.828 0.857 0.872
0.973 0.971 0.963 0.862 0.672 0.56 0.539 0.582 0.633 0.684 0.696 0.731 0.758 0.793 0.812 0.828 0.867 0.902 0.888 0.891 0.838 0.799 0.822 0.818 0.875 0.908 0.93 0.9 0.824 0.733 0.8 0.859 0.905 0.895 0.836 0.717 0.707 0.752 0.804 0.84 0.784 0.778 0.85 0.864 0.873 0.866 0.867 0.864 0.848 0.794 0.789 0.796 0.887 0.899 0.894 0.86 0.829 0.8 0.771 0.81 0.819 0.806 0.801 0.801 0.807 0.851 0.867 0.878 0.886 0.891 0.896 0.895 0.895 0.896 0.909 0.911 0.913
0.938 0.965 0.984 0.904 0.78 0.66 0.646 0.686 0.712 0.767 0.777 0.797 0.815 0.845 0.858 0.887 0.911 0.899 0.804 0.784 0.752 0.721 0.748 0.794 0.835 0.874 0.915 0.926 0.889 0.774 0.79 0.788 0.862 0.893 0.882 0.809 0.814 0.851 0.869 0.86 0.85 0.836 0.879 0.882 0.885 0.849 0.796 0.795 0.849 0.845 0.794 0.779 0.831 0.85 0.853 0.832 0.826 0.812 0.771 0.773 0.813 0.8 0.78 0.78 0.765 0.791 0.819 0.833 0.854 0.875 0.888 0.903 0.904 0.909 0.913 0.911 0.913
0.942 0.952 0.988 0.942 0.887 0.855 0.845 0.844 0.815 0.814 0.847 0.873 0.881 0.896 0.908 0.934 0.924 0.848 0.815 0.787 0.804 0.765 0.723 0.779 0.789 0.828 0.897 0.918 0.896 0.842 0.84 0.777 0.782 0.82 0.798 0.829 0.835 0.848 0.838 0.836 0.867 0.879 0.883 0.848 0.853 0.876 0.849 0.804 0.834 0.777 0.834 0.816 0.757 0.743 0.813 0.823 0.78 0.773 0.752 0.736 0.808 0.801 0.781 0.782 0.779 0.775 0.819 0.822 0.807 0.838 0.869 0.884 0.887 0.89 0.906 0.901 0.908
0.943 0.968 0.989 0.97 0.948 0.951 0.959 0.953 0.929 0.906 0.919 0.931 0.937 0.918 0.848 0.908 0.863 0.762 0.807 0.846 0.829 0.787 0.721 0.752 0.779 0.824 0.906 0.901 0.881 0.853 0.857 0.788 0.717 0.763 0.757 0.749 0.806 0.796 0.75 0.8 0.801 0.832 0.82 0.756 0.821 0.849 0.837 0.863 0.849 0.79 0.809 0.859 0.708 0.635 0.715 0.776 0.756 0.73 0.718 0.756 0.801 0.816 0.803 0.799 0.768 0.78 0.804 0.824 0.84 0.85 0.851 0.872 0.875 0.871 0.874 0.872 0.889
