data/climatemaps/RS_maps/climate_winter_tmin_2013.asc
NCOLS 369 
NROWS 228 
XLLCORNER 479000 
YLLCORNER 73000 
CELLSIZE 1000 
NODATA_value -9 
[rows 136 to 169 of 228, columns 0 to 76 of 369]
-9 -9 -9 -9 -9 -9 -9 -9 0.927 0.901 0.898 0.886 0.886 0.885 0.818 0.783 0.746 0.742 0.734 0.734 0.736 0.782 0.707 0.695 0.668 0.663 0.706 0.776 0.832 0.891 0.935 0.953 0.907 0.787 0.702 0.693 0.705 0.744 0.834 0.952 1.058 1.125 1.169 1.211 1.22 1.231 1.25 1.276 1.248 1.263 1.295 1.34 1.313 1.279 1.271 1.264 1.267 1.271 1.267 1.248 1.223 1.201 1.193 1.168 1.145 1.102 1.096 1.121 1.176 1.187 1.183 1.156 1.175 1.142 1.098 1.027 0.955
-9 -9 -9 -9 -9 -9 -9 -9 0.94 0.899 0.876 0.867 0.855 0.806 0.734 0.731 0.753 0.765 0.767 0.765 0.767 0.765 0.676 0.667 0.659 0.7 0.758 0.824 0.89 0.937 0.947 0.905 0.8 0.726 0.682 0.678 0.688 0.755 0.857 1.031 1.135 1.181 1.212 1.222 1.234 1.248 1.267 1.274 1.253 1.277 1.343 1.338 1.331 1.31 1.282 1.274 1.274 1.278 1.271 1.243 1.219 1.194 1.185 1.144 1.134 1.093 1.076 1.113 1.169 1.173 1.171 1.139 1.184 1.157 1.121 1.054 0.966
-9 -9 -9 -9 -9 -9 -9 -9 0.918 0.874 0.862 0.841 0.766 0.73 0.72 0.736 0.763 0.787 0.786 0.784 0.776 0.695 0.651 0.663 0.697 0.755 0.812 0.873 0.931 0.948 0.895 0.803 0.738 0.713 0.666 0.642 0.655 0.817 0.96 1.109 1.19 1.222 1.231 1.237 1.247 1.264 1.281 1.27 1.268 1.293 1.353 1.345 1.337 1.318 1.282 1.279 1.279 1.278 1.264 1.238 1.215 1.198 1.167 1.139 1.131 1.096 1.078 1.137 1.168 1.166 1.176 1.137 1.165 1.177 1.124 1.035 0.97
-9 -9 -9 -9 -9 -9 -9 0.918 0.909 0.88 0.835 0.756 0.709 0.702 0.718 0.738 0.763 0.786 0.789 0.797 0.711 0.633 0.656 0.712 0.759 0.818 0.871 0.923 0.934 0.881 0.801 0.758 0.724 0.676 0.607 0.612 0.705 0.872 1.068 1.165 1.22 1.235 1.24 1.245 1.259 1.274 1.294 1.293 1.296 1.312 1.347 1.372 1.345 1.329 1.285 1.293 1.296 1.286 1.263 1.237 1.221 1.197 1.158 1.152 1.122 1.102 1.107 1.146 1.178 1.17 1.175 1.139 1.17 1.196 1.107 1.016 0.978
-9 -9 -9 -9 -9 -9 -9 0.899 0.879 0.872 0.769 0.725 0.728 0.71 0.717 0.741 0.753 0.758 0.772 0.764 0.645 0.657 0.696 0.749 0.812 0.86 0.915 0.93 0.844 0.767 0.743 0.745 0.693 0.619 0.597 0.664 0.76 0.889 1.11 1.208 1.235 1.246 1.239 1.258 1.273 1.284 1.306 1.315 1.324 1.335 1.362 1.395 1.366 1.338 1.298 1.31 1.309 1.288 1.26 1.239 1.231 1.198 1.176 1.148 1.109 1.09 1.106 1.14 1.177 1.17 1.169 1.15 1.172 1.19 1.09 1.026 0.993
-9 -9 -9 -9 -9 -9 -9 0.875 0.878 0.854 0.787 0.764 0.759 0.759 0.764 0.736 0.737 0.758 0.76 0.668 0.65 0.702 0.739 0.774 0.826 0.894 0.917 0.855 0.737 0.718 0.739 0.704 0.635 0.619 0.657 0.724 0.807 0.969 1.167 1.229 1.245 1.247 1.246 1.266 1.29 1.301 1.323 1.334 1.35 1.367 1.391 1.409 1.39 1.347 1.316 1.324 1.32 1.296 1.265 1.252 1.224 1.19 1.172 1.141 1.111 1.087 1.099 1.141 1.153 1.168 1.149 1.156 1.182 1.186 1.101 1.048 0.99
-9 -9 -9 -9 -9 -9 -9 0.869 0.849 0.806 0.783 0.769 0.793 0.789 0.745 0.72 0.736 0.757 0.679 0.658 0.67 0.709 0.734 0.79 0.871 0.883 0.825 0.778 0.726 0.742 0.741 0.665 0.633 0.668 0.692 0.776 0.932 1.116 1.219 1.247 1.253 1.251 1.258 1.277 1.306 1.324 1.338 1.355 1.377 1.396 1.416 1.425 1.4 1.37 1.344 1.341 1.329 1.311 1.273 1.249 1.207 1.169 1.158 1.152 1.124 1.103 1.111 1.141 1.13 1.151 1.15 1.152 1.194 1.189 1.119 1.056 0.978
-9 -9 -9 -9 -9 -9 -9 0.842 0.792 0.765 0.779 0.8 0.823 0.787 0.725 0.756 0.75 0.694 0.657 0.694 0.708 0.735 0.775 0.866 0.869 0.795 0.753 0.727 0.723 0.747 0.719 0.653 0.697 0.734 0.775 0.935 1.114 1.212 1.243 1.251 1.257 1.255 1.264 1.279 1.316 1.346 1.354 1.377 1.391 1.407 1.427 1.434 1.417 1.396 1.387 1.366 1.34 1.322 1.28 1.246 1.211 1.186 1.157 1.144 1.13 1.123 1.123 1.123 1.128 1.127 1.149 1.161 1.199 1.193 1.134 1.044 1.006
-9 -9 -9 -9 -9 -9 -9 0.765 0.755 0.738 0.756 0.839 0.829 0.783 0.789 0.783 0.692 0.651 0.67 0.697 0.724 0.752 0.849 0.832 0.771 0.742 0.724 0.743 0.749 0.721 0.687 0.689 0.758 0.802 0.96 1.121 1.209 1.242 1.258 1.251 1.261 1.26 1.275 1.3 1.329 1.367 1.374 1.392 1.391 1.419 1.422 1.445 1.437 1.422 1.423 1.399 1.361 1.33 1.303 1.259 1.222 1.206 1.168 1.153 1.147 1.125 1.112 1.116 1.14 1.135 1.139 1.171 1.193 1.178 1.149 1.078 1.016
-9 -9 -9 -9 -9 -9 -9 0.721 0.746 0.746 0.796 0.863 0.841 0.83 0.813 0.711 0.632 0.651 0.677 0.699 0.722 0.808 0.815 0.729 0.714 0.682 0.71 0.746 0.732 0.702 0.741 0.806 0.843 0.944 1.115 1.2 1.235 1.251 1.244 1.249 1.267 1.263 1.29 1.322 1.349 1.389 1.389 1.391 1.396 1.429 1.426 1.444 1.457 1.456 1.451 1.43 1.391 1.346 1.327 1.288 1.256 1.228 1.196 1.18 1.169 1.136 1.125 1.137 1.165 1.161 1.157 1.172 1.165 1.173 1.151 1.093 1.016
-9 -9 -9 -9 -9 -9 -9 0.72 0.752 0.79 0.884 0.911 0.905 0.844 0.726 0.639 0.638 0.657 0.67 0.704 0.781 0.793 0.687 0.662 0.627 0.649 0.725 0.74 0.73 0.793 0.862 0.923 0.988 1.091 1.174 1.238 1.257 1.267 1.253 1.253 1.266 1.272 1.304 1.339 1.372 1.41 1.393 1.399 1.414 1.436 1.443 1.444 1.468 1.474 1.472 1.457 1.426 1.377 1.345 1.311 1.299 1.271 1.239 1.213 1.181 1.158 1.157 1.172 1.198 1.191 1.177 1.161 1.137 1.166 1.138 1.084 1.033
-9 -9 -9 -9 -9 -9 0.707 0.737 0.805 0.892 0.895 0.865 0.924 0.756 0.654 0.635 0.642 0.646 0.677 0.766 0.794 0.695 0.629 0.59 0.613 0.7 0.719 0.684 0.743 0.851 0.925 0.967 1.012 1.111 1.198 1.255 1.269 1.282 1.275 1.274 1.302 1.313 1.321 1.357 1.394 1.407 1.413 1.418 1.42 1.44 1.455 1.472 1.484 1.478 1.482 1.479 1.46 1.421 1.381 1.353 1.339 1.303 1.288 1.229 1.192 1.177 1.19 1.203 1.219 1.21 1.179 1.155 1.147 1.145 1.113 1.071 1.04
-9 -9 -9 -9 -9 0.8 0.749 0.847 0.919 0.887 0.802 0.785 0.901 0.736 0.638 0.622 0.618 0.662 0.759 0.783 0.695 0.63 0.569 0.587 0.658 0.734 0.7 0.68 0.765 0.865 0.982 1.002 1.05 1.165 1.217 1.256 1.279 1.294 1.3 1.289 1.324 1.338 1.356 1.395 1.405 1.407 1.435 1.449 1.458 1.482 1.486 1.478 1.492 1.481 1.49 1.497 1.489 1.458 1.43 1.396 1.379 1.365 1.337 1.275 1.248 1.219 1.218 1.203 1.211 1.202 1.186 1.158 1.131 1.034 1.084 1.049 1.012
-9 -9 -9 -9 -9 0.847 0.849 0.935 0.893 0.796 0.734 0.737 0.887 0.75 0.618 0.613 0.647 0.736 0.786 0.704 0.592 0.563 0.563 0.641 0.71 0.73 0.695 0.753 0.851 0.961 1.056 1.098 1.15 1.194 1.232 1.256 1.275 1.281 1.316 1.335 1.338 1.373 1.401 1.421 1.418 1.425 1.457 1.468 1.492 1.499 1.499 1.494 1.492 1.494 1.509 1.509 1.507 1.501 1.479 1.456 1.454 1.442 1.404 1.371 1.308 1.245 1.211 1.151 1.167 1.201 1.2 1.165 1.062 0.961 1.064 1.024 0.967
-9 -9 -9 -9 -9 0.989 0.991 0.944 0.82 0.727 0.695 0.724 0.884 0.781 0.654 0.662 0.732 0.773 0.738 0.609 0.535 0.533 0.618 0.701 0.736 0.709 0.729 0.836 0.944 1.037 1.069 1.119 1.178 1.209 1.233 1.253 1.263 1.292 1.319 1.371 1.376 1.391 1.4 1.427 1.434 1.448 1.468 1.482 1.499 1.499 1.499 1.502 1.508 1.508 1.51 1.51 1.515 1.515 1.512 1.503 1.503 1.501 1.486 1.465 1.379 1.262 1.218 1.171 1.148 1.215 1.206 1.155 1.002 0.921 1.038 1.031 0.928
-9 -9 -9 -9 -9 1.004 0.898 0.835 0.749 0.718 0.715 0.727 0.88 0.809 0.713 0.707 0.75 0.754 0.637 0.514 0.528 0.585 0.669 0.708 0.758 0.752 0.831 0.927 1.03 1.101 1.096 1.127 1.157 1.181 1.216 1.243 1.254 1.28 1.321 1.365 1.406 1.426 1.417 1.43 1.446 1.462 1.478 1.492 1.498 1.498 1.498 1.494 1.495 1.499 1.499 1.499 1.504 1.505 1.507 1.504 1.504 1.499 1.499 1.495 1.474 1.385 1.35 1.321 1.208 1.23 1.18 1.129 0.985 0.848 0.976 1.026 0.935
-9 -9 -9 -9 1.038 0.862 0.832 0.785 0.749 0.729 0.718 0.804 0.83 0.802 0.704 0.707 0.725 0.706 0.554 0.504 0.549 0.633 0.677 0.72 0.79 0.833 0.937 1.017 1.094 1.143 1.12 1.121 1.122 1.157 1.198 1.228 1.259 1.29 1.348 1.405 1.426 1.445 1.434 1.443 1.456 1.472 1.486 1.489 1.491 1.493 1.492 1.492 1.493 1.498 1.498 1.498 1.5 1.504 1.499 1.499 1.499 1.499 1.494 1.488 1.483 1.473 1.458 1.453 1.346 1.25 1.191 1.123 1.038 0.939 0.947 1.019 1.023
-9 -9 -9 -9 0.895 0.843 0.831 0.786 0.749 0.664 0.724 0.781 0.737 0.746 0.72 0.696 0.697 0.655 0.59 0.549 0.577 0.618 0.679 0.764 0.825 0.91 1.001 1.078 1.131 1.172 1.159 1.126 1.141 1.195 1.257 1.302 1.346 1.382 1.417 1.436 1.441 1.452 1.449 1.459 1.464 1.478 1.482 1.482 1.482 1.485 1.484 1.484 1.483 1.49 1.491 1.491 1.491 1.496 1.497 1.496 1.492 1.491 1.484 1.482 1.478 1.472 1.462 1.457 1.433 1.354 1.307 1.227 1.144 1.119 1.112 1.146 1.168
-9 -9 -9 -9 0.89 0.852 0.8 0.768 0.68 0.646 0.644 0.697 0.669 0.673 0.715 0.696 0.65 0.61 0.601 0.601 0.608 0.625 0.689 0.795 0.862 0.922 1.037 1.123 1.162 1.196 1.177 1.156 1.21 1.287 1.354 1.396 1.428 1.445 1.45 1.456 1.455 1.455 1.46 1.468 1.472 1.475 1.471 1.474 1.474 1.474 1.477 1.479 1.477 1.48 1.48 1.482 1.482 1.482 1.487 1.486 1.482 1.482 1.482 1.474 1.472 1.464 1.456 1.445 1.437 1.421 1.406 1.382 1.344 1.315 1.29 1.263 1.198
-9 -9 -9 -9 0.887 0.82 0.758 0.716 0.646 0.586 0.56 0.559 0.614 0.631 0.644 0.647 0.625 0.626 0.66 0.659 0.66 0.692 0.762 0.83 0.887 0.979 1.086 1.166 1.192 1.212 1.187 1.214 1.314 1.361 1.392 1.421 1.447 1.454 1.456 1.461 1.459 1.457 1.459 1.462 1.462 1.463 1.463 1.462 1.465 1.465 1.466 1.468 1.471 1.471 1.47 1.472 1.474 1.474 1.476 1.477 1.474 1.475 1.475 1.466 1.463 1.457 1.446 1.436 1.428 1.414 1.396 1.385 1.366 1.345 1.325 1.282 1.232
-9 -9 -9 -9 0.841 0.787 0.724 0.671 0.639 0.582 0.539 0.509 0.533 0.617 0.57 0.524 0.603 0.611 0.578 0.643 0.707 0.748 0.818 0.906 0.961 1.055 1.158 1.203 1.245 1.242 1.258 1.328 1.376 1.382 1.402 1.431 1.44 1.444 1.445 1.446 1.45 1.45 1.449 1.45 1.45 1.455 1.453 1.451 1.453 1.453 1.457 1.457 1.459 1.457 1.457 1.457 1.463 1.465 1.465 1.462 1.462 1.463 1.461 1.458 1.45 1.447 1.434 1.429 1.421 1.403 1.391 1.372 1.358 1.337 1.317 1.294 1.262
-9 -9 -9 0.853 0.807 0.76 0.706 0.667 0.628 0.577 0.516 0.499 0.559 0.57 0.512 0.506 0.573 0.522 0.465 0.544 0.617 0.716 0.831 1.002 1.116 1.178 1.227 1.253 1.27 1.307 1.335 1.371 1.384 1.388 1.415 1.427 1.428 1.428 1.431 1.433 1.434 1.439 1.439 1.439 1.439 1.441 1.436 1.44 1.44 1.44 1.441 1.441 1.442 1.443 1.447 1.449 1.451 1.453 1.453 1.452 1.452 1.451 1.447 1.446 1.441 1.433 1.428 1.42 1.411 1.394 1.384 1.366 1.347 1.327 1.306 1.287 1.266
-9 -9 -9 0.824 0.768 0.695 0.682 0.657 0.63 0.584 0.541 0.548 0.531 0.505 0.508 0.544 0.506 0.431 0.443 0.487 0.572 0.747 0.947 1.072 1.156 1.21 1.252 1.285 1.298 1.324 1.351 1.365 1.374 1.393 1.415 1.412 1.419 1.416 1.419 1.422 1.426 1.427 1.423 1.423 1.424 1.424 1.423 1.424 1.424 1.421 1.425 1.425 1.429 1.434 1.435 1.436 1.436 1.437 1.439 1.44 1.443 1.439 1.438 1.433 1.43 1.423 1.419 1.409 1.398 1.387 1.37 1.357 1.34 1.319 1.3 1.283 1.262
-9 -9 -9 0.801 0.73 0.687 0.677 0.642 0.613 0.584 0.565 0.512 0.468 0.498 0.579 0.562 0.512 0.431 0.478 0.598 0.711 0.897 1.054 1.136 1.188 1.223 1.262 1.293 1.317 1.333 1.347 1.362 1.385 1.395 1.399 1.399 1.399 1.404 1.41 1.41 1.411 1.406 1.406 1.411 1.407 1.407 1.407 1.407 1.407 1.407 1.409 1.415 1.417 1.415 1.417 1.419 1.423 1.424 1.429 1.428 1.427 1.425 1.426 1.423 1.419 1.413 1.41 1.397 1.386 1.378 1.36 1.346 1.33 1.311 1.295 1.276 1.254
-9 -9 -9 0.796 0.737 0.684 0.655 0.636 0.592 0.599 0.516 0.461 0.47 0.565 0.613 0.55 0.503 0.489 0.551 0.679 0.853 1.035 1.126 1.175 1.213 1.24 1.267 1.291 1.309 1.332 1.349 1.351 1.373 1.382 1.387 1.383 1.393 1.393 1.393 1.393 1.392 1.394 1.394 1.389 1.389 1.395 1.395 1.39 1.39 1.394 1.395 1.397 1.397 1.401 1.404 1.402 1.412 1.408 1.409 1.413 1.412 1.411 1.409 1.409 1.404 1.402 1.394 1.385 1.376 1.366 1.351 1.334 1.32 1.301 1.284 1.265 1.243
-9 -9 -9 -9 0.703 0.669 0.661 0.643 0.609 0.581 0.502 0.518 0.577 0.637 0.564 0.517 0.488 0.539 0.627 0.768 0.973 1.109 1.165 1.19 1.217 1.243 1.264 1.282 1.306 1.323 1.337 1.348 1.364 1.366 1.367 1.371 1.376 1.377 1.376 1.377 1.377 1.377 1.373 1.377 1.377 1.373 1.373 1.373 1.382 1.374 1.375 1.383 1.384 1.385 1.385 1.39 1.391 1.389 1.379 1.377 1.382 1.379 1.358 1.306 1.203 1.249 1.265 1.318 1.356 1.351 1.341 1.323 1.311 1.293 1.276 1.256 1.235
-9 -9 -9 -9 0.719 0.717 0.69 0.642 0.591 0.541 0.532 0.614 0.696 0.64 0.534 0.479 0.501 0.59 0.695 0.902 1.056 1.144 1.178 1.191 1.215 1.242 1.264 1.284 1.302 1.321 1.34 1.345 1.349 1.353 1.355 1.36 1.362 1.363 1.359 1.359 1.36 1.356 1.36 1.358 1.355 1.356 1.356 1.355 1.345 1.349 1.35 1.354 1.345 1.331 1.313 1.291 1.292 1.294 1.29 1.285 1.268 1.251 1.196 1.081 0.931 0.959 0.945 1.015 1.16 1.25 1.31 1.311 1.299 1.28 1.267 1.249 1.225
-9 -9 -9 -9 0.772 0.734 0.645 0.632 0.594 0.561 0.567 0.694 0.683 0.548 0.449 0.454 0.512 0.643 0.841 1.018 1.104 1.144 1.181 1.197 1.223 1.246 1.268 1.286 1.301 1.325 1.332 1.334 1.335 1.337 1.341 1.345 1.345 1.342 1.344 1.342 1.343 1.343 1.343 1.339 1.338 1.341 1.339 1.328 1.321 1.317 1.301 1.257 1.229 1.206 1.182 1.159 1.146 1.146 1.136 1.09 1.049 1.004 0.947 0.904 0.821 0.729 0.653 0.699 0.733 0.922 0.97 1.116 1.175 1.215 1.235 1.214 1.213
-9 -9 -9 -9 0.792 0.668 0.64 0.634 0.608 0.624 0.69 0.626 0.514 0.471 0.466 0.504 0.546 0.761 0.969 1.092 1.126 1.148 1.189 1.204 1.221 1.24 1.258 1.282 1.307 1.315 1.318 1.318 1.321 1.325 1.325 1.323 1.323 1.327 1.329 1.325 1.326 1.325 1.325 1.325 1.321 1.319 1.313 1.294 1.284 1.271 1.205 1.153 1.109 1.072 1.039 1.011 1 0.995 0.982 0.958 0.931 0.846 0.686 0.744 0.577 0.37 0.273 0.283 0.343 0.504 0.452 0.757 0.841 0.916 1.007 1.086 1.188
-9 -9 -9 -9 -9 0.627 0.6 0.59 0.669 0.71 0.552 0.473 0.569 0.597 0.711 0.683 0.741 0.849 1.017 1.101 1.141 1.169 1.19 1.195 1.207 1.232 1.254 1.283 1.3 1.301 1.304 1.306 1.306 1.304 1.294 1.287 1.29 1.311 1.308 1.308 1.309 1.308 1.307 1.303 1.297 1.283 1.265 1.246 1.24 1.212 1.15 1.088 1.05 1.002 0.976 0.954 0.94 0.937 0.917 0.894 0.863 0.717 0.657 0.598 0.44 0.351 0.242 0.096 0.149 0.315 0.571 0.788 0.556 0.408 0.442 0.67 0.936
-9 -9 -9 -9 -9 -9 0.568 0.61 0.747 0.575 0.411 0.491 0.708 0.784 0.861 0.893 0.92 0.924 1.024 1.029 1.136 1.174 1.182 1.187 1.206 1.231 1.262 1.278 1.287 1.287 1.292 1.288 1.278 1.268 1.256 1.245 1.253 1.283 1.292 1.291 1.29 1.286 1.273 1.271 1.255 1.237 1.225 1.201 1.168 1.136 1.156 1.079 1.027 0.973 0.944 0.919 0.901 0.894 0.867 0.865 0.85 0.798 0.775 0.687 0.601 0.434 0.14 0.134 0.333 0.49 0.437 0.443 0.073 -0.119 -0.015 0.341 0.761
-9 -9 -9 -9 -9 -9 0.589 0.702 0.688 0.452 0.371 0.672 0.858 0.918 0.961 1 1.014 1.015 0.992 1.074 1.149 1.164 1.169 1.179 1.207 1.239 1.263 1.267 1.272 1.276 1.274 1.269 1.244 1.238 1.232 1.227 1.235 1.262 1.275 1.274 1.27 1.254 1.231 1.222 1.209 1.2 1.184 1.151 1.107 1.072 1.096 1.083 1.042 0.988 0.932 0.883 0.859 0.859 0.875 0.845 0.758 0.696 0.619 0.617 0.551 0.238 -0.023 0.034 0.113 0.186 0.005 -0.067 -0.197 -0.156 0.047 0.347 0.545
-9 -9 -9 -9 -9 -9 0.671 0.733 0.527 0.399 0.431 0.702 0.75 0.931 1.013 1.044 1.042 0.987 1.017 1.116 1.148 1.161 1.161 1.184 1.208 1.233 1.248 1.256 1.263 1.26 1.259 1.233 1.21 1.214 1.216 1.222 1.227 1.243 1.25 1.252 1.243 1.217 1.2 1.182 1.157 1.151 1.133 1.106 1.075 1.052 1.012 0.989 1.004 1.037 -9 -9 -9 0.901 0.918 0.833 0.689 0.563 0.407 0.407 0.347 0.179 0.058 -0.08 -0.07 -0.085 -0.227 -0.2 -0.151 -0.006 0.126 0.223 0.325
-9 -9 -9 -9 0.632 0.666 0.785 0.667 0.452 0.356 0.456 0.589 0.762 0.986 1.043 1.062 1.051 1.041 1.083 1.122 1.147 1.142 1.166 1.187 1.208 1.23 1.241 1.242 1.247 1.243 1.234 1.205 1.192 1.2 1.205 1.212 1.213 1.22 1.219 1.217 1.199 1.175 1.167 1.152 1.117 1.059 1.067 1.068 1.049 0.989 0.914 0.756 -9 -9 -9 -9 -9 0.885 0.885 0.88 0.848 0.753 0.538 0.409 0.262 0.147 0.106 0.012 0.049 0.046 -0.332 -0.327 -0.197 -0.051 0.149 0.383 0.547
