data/climatemaps/RS_maps/climate_breeding_pr_2003.asc
NCOLS 369 
NROWS 228 
XLLCORNER 479000 
YLLCORNER 73000 
CELLSIZE 1000 
NODATA_value -9 
[rows 33 to 65 of 228, columns 225 to 299 of 369]
-1.47 -1.47 -1.467 -1.465 -1.464 -1.47 -1.463 -1.446 -1.418 -1.382 -1.335 -1.278 -1.224 -1.198 -1.207 -1.238 -1.278 -1.308 -1.331 -1.344 -1.352 -1.35 -1.347 -1.339 -1.331 -1.32 -1.305 -1.284 -1.263 -1.24 -1.208 -1.179 -1.159 -1.15 -1.149 -1.152 -1.157 -1.16 -1.164 -1.17 -1.177 -1.185 -1.193 -1.2 -1.204 -1.205 -1.206 -1.204 -1.201 -1.196 -1.188 -1.18 -1.17 -1.161 -1.152 -1.143 -1.136 -1.129 -1.121 -1.11 -1.092 -1.067 -1.036 -1.005 -0.977 -0.956 -0.939 -0.926 -0.907 -0.868 -0.775 -0.583 -9 -9 -9
-1.43 -1.427 -1.425 -1.419 -1.421 -1.436 -1.442 -1.433 -1.41 -1.381 -1.333 -1.275 -1.222 -1.197 -1.206 -1.229 -1.25 -1.267 -1.279 -1.277 -1.276 -1.281 -1.284 -1.282 -1.287 -1.284 -1.274 -1.258 -1.234 -1.205 -1.169 -1.138 -1.114 -1.107 -1.108 -1.11 -1.117 -1.122 -1.13 -1.138 -1.146 -1.155 -1.163 -1.172 -1.179 -1.183 -1.186 -1.187 -1.186 -1.182 -1.177 -1.17 -1.162 -1.154 -1.147 -1.14 -1.133 -1.127 -1.119 -1.108 -1.09 -1.064 -1.032 -0.999 -0.97 -0.947 -0.93 -0.918 -0.901 -0.863 -0.759 -0.56 -0.322 -9 -9
-1.38 -1.371 -1.37 -1.369 -1.377 -1.392 -1.415 -1.423 -1.411 -1.387 -1.337 -1.283 -1.246 -1.237 -1.235 -1.239 -1.24 -1.235 -1.221 -1.2 -1.191 -1.191 -1.204 -1.21 -1.218 -1.221 -1.218 -1.209 -1.192 -1.158 -1.128 -1.102 -1.083 -1.074 -1.07 -1.069 -1.076 -1.083 -1.091 -1.101 -1.11 -1.12 -1.129 -1.139 -1.148 -1.155 -1.162 -1.166 -1.167 -1.167 -1.164 -1.159 -1.153 -1.147 -1.141 -1.135 -1.129 -1.124 -1.116 -1.105 -1.087 -1.06 -1.028 -0.993 -0.962 -0.937 -0.919 -0.906 -0.89 -0.853 -0.741 -0.533 -0.306 -9 -9
-1.333 -1.314 -1.308 -1.319 -1.332 -1.354 -1.385 -1.408 -1.41 -1.397 -1.367 -1.331 -1.301 -1.28 -1.26 -1.245 -1.227 -1.193 -1.153 -1.121 -1.104 -1.1 -1.11 -1.118 -1.13 -1.135 -1.132 -1.132 -1.137 -1.113 -1.086 -1.067 -1.057 -1.049 -1.039 -1.034 -1.037 -1.045 -1.052 -1.063 -1.075 -1.086 -1.096 -1.106 -1.115 -1.124 -1.133 -1.141 -1.145 -1.147 -1.146 -1.144 -1.14 -1.136 -1.132 -1.127 -1.123 -1.119 -1.112 -1.102 -1.083 -1.056 -1.022 -0.987 -0.953 -0.927 -0.906 -0.892 -0.875 -0.837 -0.733 -0.518 -0.31 -0.186 -9
-1.291 -1.262 -1.255 -1.261 -1.278 -1.319 -1.357 -1.382 -1.393 -1.388 -1.376 -1.355 -1.327 -1.3 -1.274 -1.247 -1.205 -1.154 -1.1 -1.047 -1.013 -1.011 -1.021 -1.03 -1.039 -1.045 -1.051 -1.054 -1.067 -1.072 -1.046 -1.036 -1.033 -1.021 -1.008 -0.999 -0.997 -1.001 -1.007 -1.017 -1.03 -1.044 -1.058 -1.07 -1.08 -1.09 -1.1 -1.11 -1.118 -1.123 -1.125 -1.125 -1.123 -1.12 -1.118 -1.116 -1.113 -1.11 -1.105 -1.094 -1.077 -1.05 -1.017 -0.98 -0.945 -0.916 -0.892 -0.874 -0.856 -0.813 -0.712 -0.512 -0.347 -0.264 -0.177
-1.26 -1.226 -1.212 -1.208 -1.24 -1.286 -1.319 -1.345 -1.363 -1.371 -1.362 -1.343 -1.322 -1.304 -1.281 -1.241 -1.188 -1.122 -1.057 -0.998 -0.954 -0.951 -0.957 -0.96 -0.967 -0.973 -0.984 -0.991 -1.004 -1.029 -1.022 -1.019 -1.002 -0.98 -0.966 -0.961 -0.957 -0.956 -0.957 -0.964 -0.975 -0.99 -1.005 -1.02 -1.036 -1.049 -1.06 -1.074 -1.084 -1.093 -1.097 -1.099 -1.099 -1.099 -1.098 -1.097 -1.096 -1.096 -1.092 -1.083 -1.067 -1.041 -1.009 -0.972 -0.936 -0.905 -0.879 -0.858 -0.836 -0.789 -0.684 -0.539 -0.416 -0.328 -0.241
-1.213 -1.163 -1.16 -1.175 -1.204 -1.241 -1.271 -1.293 -1.324 -1.336 -1.335 -1.326 -1.314 -1.298 -1.275 -1.234 -1.168 -1.107 -1.035 -0.969 -0.94 -0.934 -0.915 -0.917 -0.92 -0.926 -0.941 -0.946 -0.957 -0.99 -1 -0.982 -0.954 -0.931 -0.912 -0.907 -0.898 -0.9 -0.902 -0.908 -0.92 -0.934 -0.947 -0.963 -0.98 -0.994 -1.01 -1.029 -1.045 -1.057 -1.064 -1.066 -1.066 -1.066 -1.068 -1.07 -1.072 -1.073 -1.073 -1.065 -1.051 -1.027 -0.996 -0.961 -0.925 -0.893 -0.866 -0.843 -0.819 -0.778 -0.696 -0.584 -0.457 -0.325 -0.189
-1.169 -1.1 -1.087 -1.11 -1.129 -1.169 -1.216 -1.243 -1.253 -1.271 -1.286 -1.292 -1.292 -1.284 -1.263 -1.226 -1.163 -1.097 -1.036 -0.982 -0.952 -0.94 -0.918 -0.921 -0.92 -0.92 -0.925 -0.923 -0.934 -0.964 -0.965 -0.937 -0.916 -0.892 -0.868 -0.85 -0.829 -0.826 -0.836 -0.856 -0.872 -0.885 -0.898 -0.911 -0.926 -0.939 -0.956 -0.979 -0.999 -1.011 -1.018 -1.017 -1.013 -1.01 -1.016 -1.028 -1.036 -1.044 -1.045 -1.039 -1.028 -1.007 -0.979 -0.945 -0.911 -0.88 -0.852 -0.828 -0.805 -0.77 -0.701 -0.573 -0.409 -0.248 -0.108
-1.131 -1.062 -1.033 -1.026 -1.057 -1.095 -1.142 -1.175 -1.185 -1.198 -1.221 -1.24 -1.253 -1.254 -1.24 -1.207 -1.149 -1.091 -1.048 -1.002 -0.984 -0.98 -0.961 -0.958 -0.948 -0.932 -0.918 -0.919 -0.936 -0.947 -0.936 -0.91 -0.888 -0.859 -0.824 -0.79 -0.753 -0.741 -0.752 -0.784 -0.824 -0.845 -0.855 -0.864 -0.877 -0.888 -0.908 -0.929 -0.944 -0.951 -0.952 -0.938 -0.924 -0.92 -0.941 -0.973 -0.988 -1 -1.005 -1.004 -0.997 -0.98 -0.956 -0.925 -0.893 -0.863 -0.836 -0.813 -0.792 -0.761 -0.691 -0.553 -0.381 -0.208 -0.075
-1.09 -1.024 -0.976 -0.957 -0.974 -1.012 -1.038 -1.089 -1.118 -1.136 -1.164 -1.184 -1.207 -1.211 -1.197 -1.175 -1.136 -1.096 -1.061 -1.034 -1.027 -1.016 -0.999 -0.982 -0.959 -0.94 -0.928 -0.933 -0.935 -0.925 -0.904 -0.88 -0.857 -0.826 -0.779 -0.722 -0.673 -0.653 -0.661 -0.711 -0.773 -0.808 -0.813 -0.817 -0.823 -0.834 -0.858 -0.873 -0.875 -0.872 -0.86 -0.835 -0.826 -0.842 -0.876 -0.903 -0.916 -0.923 -0.934 -0.943 -0.954 -0.947 -0.928 -0.902 -0.872 -0.843 -0.818 -0.798 -0.78 -0.753 -0.7 -0.578 -0.394 -0.209 -0.086
-1.067 -0.999 -0.936 -0.901 -0.911 -0.94 -0.96 -0.997 -1.043 -1.087 -1.117 -1.144 -1.163 -1.153 -1.14 -1.13 -1.11 -1.089 -1.073 -1.056 -1.038 -1.02 -1.006 -0.989 -0.969 -0.952 -0.939 -0.924 -0.902 -0.889 -0.869 -0.846 -0.828 -0.794 -0.735 -0.673 -0.617 -0.581 -0.594 -0.653 -0.733 -0.766 -0.753 -0.765 -0.771 -0.786 -0.809 -0.801 -0.789 -0.784 -0.764 -0.746 -0.755 -0.781 -0.801 -0.817 -0.827 -0.827 -0.84 -0.859 -0.884 -0.896 -0.897 -0.876 -0.849 -0.822 -0.8 -0.782 -0.769 -0.747 -0.703 -0.597 -0.434 -0.264 -0.139
-1.065 -1.007 -0.949 -0.908 -0.874 -0.907 -0.902 -0.931 -0.968 -1.002 -1.046 -1.091 -1.11 -1.093 -1.086 -1.075 -1.067 -1.057 -1.049 -1.029 -1.007 -0.988 -0.974 -0.963 -0.949 -0.932 -0.907 -0.875 -0.855 -0.849 -0.839 -0.826 -0.805 -0.766 -0.71 -0.647 -0.594 -0.562 -0.583 -0.632 -0.702 -0.722 -0.707 -0.725 -0.723 -0.738 -0.746 -0.722 -0.714 -0.711 -0.695 -0.68 -0.684 -0.713 -0.734 -0.748 -0.769 -0.759 -0.77 -0.806 -0.835 -0.864 -0.871 -0.851 -0.826 -0.802 -0.783 -0.768 -0.759 -0.743 -0.702 -0.576 -0.408 -0.242 -0.093
-1.067 -1.03 -0.983 -0.926 -0.88 -0.882 -0.84 -0.851 -0.881 -0.92 -0.973 -1.032 -1.051 -1.038 -1.029 -1.01 -1.005 -0.997 -1.001 -0.986 -0.961 -0.934 -0.904 -0.902 -0.894 -0.878 -0.855 -0.827 -0.814 -0.808 -0.805 -0.803 -0.781 -0.745 -0.697 -0.635 -0.592 -0.553 -0.582 -0.633 -0.694 -0.694 -0.69 -0.693 -0.674 -0.668 -0.687 -0.676 -0.679 -0.658 -0.634 -0.614 -0.621 -0.649 -0.675 -0.692 -0.728 -0.735 -0.763 -0.815 -0.851 -0.861 -0.852 -0.831 -0.807 -0.785 -0.768 -0.757 -0.751 -0.737 -0.697 -0.564 -0.365 -0.176 -0.02
-1.026 -1.017 -0.99 -0.937 -0.894 -0.855 -0.799 -0.781 -0.798 -0.849 -0.904 -0.96 -0.972 -0.964 -0.949 -0.932 -0.931 -0.923 -0.938 -0.939 -0.913 -0.881 -0.851 -0.835 -0.816 -0.799 -0.795 -0.78 -0.768 -0.76 -0.763 -0.766 -0.747 -0.72 -0.688 -0.643 -0.605 -0.6 -0.624 -0.665 -0.688 -0.674 -0.668 -0.638 -0.603 -0.588 -0.603 -0.607 -0.63 -0.606 -0.591 -0.573 -0.567 -0.584 -0.625 -0.665 -0.714 -0.747 -0.78 -0.831 -0.859 -0.856 -0.84 -0.816 -0.793 -0.772 -0.758 -0.748 -0.741 -0.727 -0.686 -0.545 -0.348 -0.154 0.003
-0.944 -0.964 -0.963 -0.912 -0.866 -0.815 -0.761 -0.728 -0.73 -0.763 -0.816 -0.87 -0.882 -0.883 -0.869 -0.863 -0.86 -0.856 -0.875 -0.887 -0.848 -0.807 -0.773 -0.742 -0.721 -0.705 -0.706 -0.706 -0.712 -0.705 -0.713 -0.721 -0.716 -0.706 -0.68 -0.65 -0.631 -0.652 -0.671 -0.682 -0.668 -0.657 -0.63 -0.589 -0.55 -0.517 -0.509 -0.526 -0.567 -0.564 -0.552 -0.533 -0.53 -0.538 -0.578 -0.631 -0.684 -0.739 -0.783 -0.827 -0.852 -0.854 -0.834 -0.809 -0.785 -0.766 -0.753 -0.741 -0.728 -0.706 -0.659 -0.544 -0.378 -0.21 -0.027
-0.873 -0.895 -0.922 -0.886 -0.842 -0.794 -0.721 -0.672 -0.661 -0.667 -0.718 -0.772 -0.78 -0.794 -0.785 -0.788 -0.784 -0.79 -0.823 -0.836 -0.79 -0.736 -0.69 -0.64 -0.619 -0.602 -0.609 -0.615 -0.632 -0.643 -0.654 -0.665 -0.668 -0.67 -0.659 -0.653 -0.655 -0.663 -0.678 -0.668 -0.645 -0.633 -0.603 -0.561 -0.519 -0.48 -0.465 -0.47 -0.486 -0.496 -0.499 -0.494 -0.49 -0.534 -0.599 -0.665 -0.738 -0.811 -0.858 -0.877 -0.874 -0.859 -0.835 -0.808 -0.784 -0.765 -0.751 -0.734 -0.706 -0.67 -0.613 -0.545 -0.446 -0.305 -0.121
-0.813 -0.823 -0.854 -0.846 -0.799 -0.761 -0.691 -0.626 -0.584 -0.58 -0.616 -0.659 -0.675 -0.686 -0.697 -0.708 -0.715 -0.726 -0.78 -0.793 -0.752 -0.71 -0.661 -0.602 -0.546 -0.516 -0.49 -0.497 -0.518 -0.535 -0.563 -0.581 -0.584 -0.596 -0.591 -0.605 -0.618 -0.624 -0.647 -0.648 -0.632 -0.615 -0.584 -0.552 -0.525 -0.491 -0.456 -0.423 -0.41 -0.412 -0.405 -0.426 -0.477 -0.562 -0.669 -0.761 -0.836 -0.887 -0.903 -0.902 -0.889 -0.867 -0.84 -0.81 -0.784 -0.764 -0.745 -0.714 -0.663 -0.597 -0.503 -0.482 -0.475 -0.388 -0.224
-0.749 -0.75 -0.787 -0.77 -0.732 -0.689 -0.627 -0.569 -0.52 -0.494 -0.52 -0.543 -0.566 -0.598 -0.631 -0.653 -0.675 -0.697 -0.732 -0.762 -0.726 -0.658 -0.598 -0.523 -0.47 -0.424 -0.384 -0.384 -0.398 -0.409 -0.446 -0.481 -0.488 -0.517 -0.529 -0.536 -0.548 -0.566 -0.606 -0.619 -0.633 -0.616 -0.598 -0.578 -0.546 -0.498 -0.45 -0.411 -0.379 -0.348 -0.331 -0.393 -0.506 -0.628 -0.745 -0.838 -0.892 -0.921 -0.927 -0.919 -0.9 -0.874 -0.844 -0.814 -0.786 -0.761 -0.727 -0.666 -0.551 -0.419 -0.303 -0.316 -0.421 -0.389 -0.263
-0.693 -0.697 -0.725 -0.712 -0.665 -0.619 -0.554 -0.484 -0.442 -0.411 -0.403 -0.438 -0.452 -0.495 -0.533 -0.569 -0.614 -0.648 -0.698 -0.726 -0.71 -0.656 -0.587 -0.507 -0.445 -0.375 -0.319 -0.29 -0.287 -0.301 -0.335 -0.354 -0.375 -0.429 -0.472 -0.481 -0.489 -0.521 -0.571 -0.578 -0.626 -0.625 -0.608 -0.599 -0.571 -0.525 -0.49 -0.448 -0.365 -0.32 -0.322 -0.405 -0.518 -0.661 -0.79 -0.866 -0.913 -0.938 -0.94 -0.927 -0.904 -0.876 -0.846 -0.815 -0.784 -0.747 -0.685 -0.565 -0.372 -0.178 -0.106 -0.155 -0.285 -0.291 -0.193
-0.68 -0.666 -0.648 -0.647 -0.578 -0.527 -0.483 -0.424 -0.368 -0.313 -0.309 -0.352 -0.388 -0.436 -0.49 -0.534 -0.57 -0.61 -0.656 -0.691 -0.661 -0.613 -0.58 -0.514 -0.424 -0.355 -0.291 -0.229 -0.2 -0.19 -0.213 -0.217 -0.269 -0.345 -0.394 -0.432 -0.456 -0.507 -0.541 -0.547 -0.601 -0.618 -0.586 -0.579 -0.581 -0.571 -0.534 -0.467 -0.415 -0.388 -0.35 -0.409 -0.541 -0.688 -0.808 -0.881 -0.924 -0.946 -0.945 -0.929 -0.902 -0.873 -0.842 -0.81 -0.773 -0.716 -0.61 -0.431 -0.201 0.006 0.042 -0.007 -0.132 -0.16 -0.1
-0.68 -0.623 -0.573 -0.573 -0.543 -0.483 -0.443 -0.377 -0.32 -0.242 -0.247 -0.266 -0.319 -0.363 -0.427 -0.457 -0.503 -0.54 -0.598 -0.649 -0.607 -0.547 -0.52 -0.499 -0.414 -0.339 -0.263 -0.191 -0.129 -0.077 -0.104 -0.106 -0.167 -0.256 -0.311 -0.388 -0.455 -0.489 -0.499 -0.518 -0.574 -0.606 -0.58 -0.579 -0.562 -0.553 -0.549 -0.528 -0.492 -0.444 -0.417 -0.465 -0.579 -0.717 -0.826 -0.89 -0.93 -0.95 -0.946 -0.925 -0.896 -0.865 -0.834 -0.796 -0.746 -0.658 -0.505 -0.294 -0.048 0.138 0.141 0.071 -0.008 -0.001 0.046
-0.666 -0.584 -0.5 -0.49 -0.459 -0.412 -0.381 -0.343 -0.287 -0.222 -0.215 -0.196 -0.207 -0.25 -0.316 -0.332 -0.404 -0.466 -0.541 -0.601 -0.574 -0.502 -0.463 -0.467 -0.367 -0.297 -0.226 -0.158 -0.055 0.007 0.001 -0.02 -0.065 -0.156 -0.255 -0.365 -0.439 -0.448 -0.438 -0.449 -0.511 -0.576 -0.602 -0.598 -0.595 -0.575 -0.572 -0.571 -0.53 -0.473 -0.441 -0.488 -0.595 -0.724 -0.83 -0.891 -0.931 -0.95 -0.944 -0.919 -0.886 -0.855 -0.82 -0.772 -0.693 -0.53 -0.336 -0.135 0.08 0.153 0.131 0.131 0.127 0.16 0.25
-0.639 -0.548 -0.469 -0.44 -0.356 -0.291 -0.264 -0.225 -0.243 -0.209 -0.172 -0.14 -0.113 -0.146 -0.192 -0.192 -0.288 -0.374 -0.466 -0.541 -0.538 -0.462 -0.417 -0.424 -0.326 -0.239 -0.148 -0.095 -0.008 0.065 0.088 0.086 0.037 -0.083 -0.207 -0.334 -0.41 -0.407 -0.392 -0.367 -0.41 -0.474 -0.556 -0.617 -0.616 -0.602 -0.603 -0.577 -0.538 -0.484 -0.475 -0.536 -0.628 -0.734 -0.825 -0.886 -0.928 -0.948 -0.939 -0.906 -0.864 -0.842 -0.801 -0.731 -0.612 -0.41 -0.23 -0.008 0.165 0.165 0.141 0.224 0.265 0.275 0.342
-0.641 -0.53 -0.455 -0.387 -0.296 -0.208 -0.149 -0.131 -0.169 -0.16 -0.117 -0.055 -0.024 -0.051 -0.028 -0.052 -0.153 -0.264 -0.367 -0.456 -0.482 -0.404 -0.356 -0.363 -0.267 -0.16 -0.079 -0.04 -0.021 0.057 0.12 0.108 0.06 -0.026 -0.148 -0.294 -0.379 -0.37 -0.337 -0.346 -0.39 -0.43 -0.488 -0.578 -0.627 -0.636 -0.623 -0.605 -0.582 -0.54 -0.52 -0.551 -0.628 -0.722 -0.808 -0.871 -0.924 -0.946 -0.937 -0.904 -0.858 -0.831 -0.774 -0.679 -0.535 -0.354 -0.156 0.042 0.183 0.208 0.168 0.258 0.394 0.398 0.383
-0.662 -0.555 -0.463 -0.365 -0.243 -0.159 -0.076 -0.086 -0.088 -0.074 -0.023 0.025 0.105 0.105 0.114 0.062 -0.009 -0.092 -0.211 -0.342 -0.411 -0.35 -0.279 -0.277 -0.237 -0.165 -0.105 -0.076 -0.026 0.032 0.058 0.082 0.096 0.054 -0.073 -0.252 -0.36 -0.359 -0.35 -0.366 -0.389 -0.412 -0.449 -0.499 -0.574 -0.627 -0.646 -0.629 -0.578 -0.523 -0.474 -0.483 -0.564 -0.658 -0.762 -0.85 -0.921 -0.945 -0.939 -0.91 -0.868 -0.822 -0.744 -0.651 -0.515 -0.349 -0.189 -0.005 0.126 0.181 0.178 0.246 0.397 0.373 0.375
-0.68 -0.566 -0.45 -0.336 -0.224 -0.093 -0.044 -0.056 -0.019 0.016 0.035 0.125 0.225 0.244 0.213 0.18 0.184 0.114 -0.044 -0.197 -0.331 -0.276 -0.201 -0.161 -0.148 -0.13 -0.098 -0.099 -0.071 -0.048 0.006 0.09 0.153 0.083 -0.051 -0.239 -0.329 -0.343 -0.351 -0.354 -0.319 -0.331 -0.37 -0.395 -0.463 -0.561 -0.63 -0.613 -0.552 -0.473 -0.402 -0.42 -0.486 -0.594 -0.713 -0.839 -0.918 -0.947 -0.941 -0.914 -0.872 -0.813 -0.751 -0.671 -0.538 -0.39 -0.226 -0.099 -0.046 0.057 0.167 0.226 0.387 0.373 -9
-0.689 -0.58 -0.456 -0.331 -0.201 -0.048 -0.031 -0.037 0.034 0.113 0.115 0.171 0.307 0.364 0.339 0.359 0.393 0.276 0.119 -0.073 -0.225 -0.19 -0.146 -0.106 -0.063 -0.035 -0.045 -0.084 -0.094 -0.047 0.027 0.112 0.149 0.081 -0.074 -0.202 -0.235 -0.238 -0.259 -0.259 -0.217 -0.215 -0.269 -0.307 -0.388 -0.494 -0.591 -0.601 -0.559 -0.48 -0.396 -0.363 -0.404 -0.554 -0.697 -0.842 -0.92 -0.953 -0.949 -0.92 -0.879 -0.832 -0.783 -0.711 -0.579 -0.414 -0.339 -0.24 -0.155 -0.049 0.071 0.184 0.371 0.479 -9
-0.691 -0.602 -0.487 -0.36 -0.208 -0.044 -0.025 -0.046 0.042 0.163 0.166 0.243 0.328 0.411 0.484 0.525 0.542 0.432 0.286 0.088 -0.14 -0.16 -0.143 -0.081 -0.011 0.006 0.019 -0.001 -0.061 -0.013 0.02 0.091 0.17 0.13 -0.047 -0.108 -0.128 -0.144 -0.143 -0.091 -0.083 -0.096 -0.18 -0.256 -0.358 -0.434 -0.53 -0.567 -0.561 -0.49 -0.388 -0.312 -0.395 -0.568 -0.751 -0.865 -0.93 -0.963 -0.96 -0.93 -0.889 -0.847 -0.804 -0.739 -0.639 -0.517 -0.372 -0.199 -0.09 -0.083 -0.022 0.134 0.321 -9 -9
-0.682 -0.615 -0.521 -0.391 -0.224 -0.042 -0.03 -0.061 0.016 0.136 0.18 0.32 0.375 0.4 0.534 0.639 0.61 0.521 0.384 0.189 -0.034 -0.122 -0.125 -0.089 -0.031 0.041 0.081 0.039 -0.033 0 0.044 0.141 0.225 0.196 0.026 -0.006 -0.002 -0.013 0.036 0.089 0.048 -0.02 -0.114 -0.179 -0.228 -0.303 -0.471 -0.481 -0.51 -0.473 -0.352 -0.333 -0.493 -0.659 -0.8 -0.888 -0.947 -0.977 -0.974 -0.944 -0.904 -0.863 -0.826 -0.777 -0.686 -0.55 -0.4 -0.257 -0.128 -0.062 -0.006 0.141 -9 -9 -9
-0.675 -0.62 -0.546 -0.43 -0.257 -0.096 -0.053 -0.087 -0.023 0.079 0.209 0.298 0.283 0.341 0.472 0.644 0.667 0.65 0.532 0.355 0.102 -0.058 -0.098 -0.051 0.013 0.082 0.103 0.073 -0.001 0.048 0.1 0.19 0.282 0.294 0.158 0.105 0.139 0.134 0.17 0.175 0.14 0.095 0.047 0.056 -0.025 -0.224 -0.356 -0.308 -0.371 -0.426 -0.374 -0.431 -0.613 -0.758 -0.844 -0.914 -0.967 -0.991 -0.988 -0.958 -0.921 -0.884 -0.849 -0.802 -0.709 -0.569 -0.413 -0.294 -0.188 -0.092 -9 -9 -9 -9 -9
-0.67 -0.628 -0.568 -0.475 -0.328 -0.203 -0.137 -0.143 -0.052 0.062 0.168 0.197 0.185 0.314 0.5 0.608 0.564 0.569 0.527 0.384 0.25 0.066 -0.053 -0.041 0.009 0.059 0.077 0.069 0.011 0.027 0.089 0.202 0.335 0.381 0.33 0.222 0.198 0.196 0.249 0.287 0.303 0.315 0.326 0.232 0.038 -0.099 -0.154 -0.236 -0.355 -0.377 -0.454 -0.624 -0.755 -0.827 -0.89 -0.948 -0.991 -1.009 -1.001 -0.973 -0.937 -0.902 -0.867 -0.814 -0.734 -0.621 -0.51 -0.395 -0.287 -0.208 -9 -9 -9 -9 -9
-0.658 -0.629 -0.585 -0.512 -0.412 -0.303 -0.228 -0.186 -0.115 -0.042 0.065 0.1 0.121 0.293 0.375 0.428 0.474 0.475 0.468 0.485 0.463 0.249 0.035 -0.038 -0.034 -0.015 0.009 0.008 0.01 0.071 0.09 0.173 0.284 0.356 0.437 0.371 0.281 0.307 0.351 0.437 0.57 0.62 0.485 0.284 0.266 0.154 -0.064 -0.203 -0.264 -0.42 -0.61 -0.767 -0.841 -0.889 -0.938 -0.985 -1.016 -1.026 -1.014 -0.98 -0.949 -0.907 -0.873 -0.845 -0.747 -0.64 -0.557 -0.479 -0.398 -9 -9 -9 -9 -9 -9
-0.642 -0.622 -0.596 -0.54 -0.454 -0.344 -0.232 -0.181 -0.176 -0.143 -0.067 -0.03 0.04 0.149 0.222 0.33 0.366 0.412 0.505 0.615 0.633 0.462 0.207 0.026 -0.071 -0.091 -0.088 -0.066 -0.02 0.053 0.1 0.153 0.247 0.347 0.447 0.456 0.407 0.428 0.49 0.667 0.796 0.702 0.573 0.465 0.463 0.235 0.027 -0.091 -0.348 -0.596 -0.768 -0.849 -0.9 -0.94 -0.981 -1.016 -1.033 -1.032 -1.025 -0.975 -0.951 -0.895 -0.884 -0.881 -0.77 -0.663 -0.554 -0.446 -9 -9 -9 -9 -9 -9 -9
