data/climatemaps/RS_maps/climate_breeding_pr_2006.asc
NCOLS 369 
NROWS 228 
XLLCORNER 479000 
YLLCORNER 73000 
CELLSIZE 1000 
NODATA_value -9 
[rows 66 to 98 of 228, columns 228 to 303 of 369]
-0.176 -0.092 0.018 0.103 0.161 0.197 0.231 0.277 0.323 0.375 0.462 0.571 0.677 0.782 0.949 1.12 1.281 1.334 1.195 0.972 0.696 0.491 0.361 0.275 0.271 0.334 0.376 0.388 0.443 0.565 0.713 0.859 0.92 0.969 1.044 1.258 1.345 1.404 1.258 1.196 1.143 0.977 0.868 0.545 0.194 -0.15 -0.376 -0.482 -0.531 -0.568 -0.594 -0.615 -0.619 -0.588 -0.578 -0.562 -0.491 -0.433 -0.369 -0.362 -0.33 -0.216 -0.101 0.062 0.286 -9 -9 -9 -9 -9 -9 -9 -9 -9 -9 -9
-0.192 -0.137 -0.069 0.011 0.074 0.116 0.136 0.156 0.197 0.248 0.31 0.391 0.49 0.642 0.86 1.046 1.225 1.335 1.303 1.166 0.91 0.697 0.543 0.333 0.199 0.182 0.182 0.205 0.331 0.476 0.651 0.78 0.93 1.008 1.2 1.28 1.154 1.168 1.309 1.278 1.175 1.107 0.824 0.361 -0.014 -0.284 -0.452 -0.535 -0.582 -0.617 -0.636 -0.644 -0.626 -0.61 -0.62 -0.569 -0.509 -0.462 -0.434 -0.417 -0.391 -0.353 -0.274 -0.133 -9 -9 -9 -9 -9 -9 -9 -9 -9 -9 -9 -9
-0.194 -0.158 -0.106 -0.045 0.005 0.041 0.066 0.079 0.094 0.135 0.182 0.243 0.327 0.456 0.659 0.864 1.064 1.218 1.338 1.297 1.104 0.821 0.722 0.474 0.249 0.115 0.081 0.141 0.322 0.577 0.703 0.802 1.041 1.186 1.197 1.032 0.923 1.16 1.198 1.065 1.022 0.885 0.537 0.186 -0.127 -0.376 -0.504 -0.578 -0.624 -0.656 -0.66 -0.662 -0.663 -0.675 -0.642 -0.551 -0.49 -0.486 -0.478 -0.472 -0.466 -0.453 -0.404 -9 -9 -9 -9 -9 -9 -9 -9 -9 -9 -9 -9 -9
-0.203 -0.171 -0.124 -0.072 -0.033 0 0.021 0.023 0.018 0.03 0.065 0.118 0.186 0.283 0.441 0.655 0.85 1.067 1.297 1.381 1.229 0.915 0.844 0.648 0.386 0.174 0.076 0.11 0.299 0.536 0.701 0.896 1.127 1.143 0.986 0.756 0.799 0.904 0.838 0.835 0.801 0.572 0.298 0.002 -0.265 -0.454 -0.555 -0.618 -0.662 -0.692 -0.7 -0.716 -0.727 -0.698 -0.607 -0.443 -0.377 -0.421 -0.46 -0.491 -0.504 -0.502 -0.484 -9 -9 -9 -9 -9 -9 -9 -9 -9 -9 -9 -9 -9
-0.192 -0.164 -0.12 -0.086 -0.054 -0.022 0.001 0.001 -0.009 -0.014 -0.001 0.027 0.071 0.14 0.265 0.468 0.712 0.918 1.203 1.352 1.249 1.056 1.048 0.833 0.591 0.396 0.224 0.151 0.277 0.482 0.763 0.821 0.882 0.897 0.751 0.637 0.664 0.617 0.591 0.57 0.472 0.35 0.121 -0.149 -0.386 -0.523 -0.602 -0.657 -0.701 -0.736 -0.761 -0.771 -0.748 -0.658 -0.473 -0.284 -0.281 -0.365 -0.377 -0.431 -0.479 -0.51 -0.516 -9 -9 -9 -9 -9 -9 -9 -9 -9 -9 -9 -9 -9
-0.16 -0.139 -0.11 -0.068 -0.007 0.023 0.019 0.001 -0.016 -0.026 -0.023 -0.009 0.015 0.048 0.13 0.336 0.614 0.823 1.058 1.316 1.299 1.283 1.206 0.947 0.839 0.647 0.415 0.261 0.258 0.509 0.674 0.73 0.724 0.668 0.546 0.484 0.454 0.411 0.351 0.305 0.237 0.122 -0.059 -0.28 -0.472 -0.578 -0.644 -0.696 -0.74 -0.779 -0.804 -0.8 -0.736 -0.554 -0.303 -0.155 -0.247 -0.285 -0.239 -0.295 -0.383 -0.455 -9 -9 -9 -9 -9 -9 -9 -9 -9 -9 -9 -9 -9 -9
-0.104 -0.089 -0.065 -0.024 0.037 0.054 0.028 0.002 -0.007 -0.015 -0.018 -0.007 0.021 0.008 0.06 0.202 0.484 0.775 0.945 1.249 1.402 1.465 1.32 1.109 0.879 0.676 0.577 0.463 0.369 0.503 0.574 0.587 0.507 0.496 0.466 0.449 0.422 0.404 0.351 0.272 0.16 0.015 -0.167 -0.355 -0.519 -0.613 -0.678 -0.73 -0.776 -0.816 -0.836 -0.812 -0.672 -0.429 -0.135 -0.085 -0.188 -0.178 -0.076 -0.135 -0.274 -0.371 -9 -9 -9 -9 -9 -9 -9 -9 -9 -9 -9 -9 -9 -9
-0.02 -0.017 -0.005 0.016 0.039 0.049 0.053 0.034 0.026 0.015 0.008 0.03 0.047 -0.007 0.011 0.098 0.36 0.684 1.008 1.205 1.501 1.469 1.303 1.153 1.019 0.927 0.945 0.805 0.717 0.553 0.523 0.536 0.598 0.649 0.625 0.596 0.558 0.552 0.487 0.387 0.251 0.068 -0.147 -0.348 -0.522 -0.628 -0.701 -0.759 -0.808 -0.847 -0.856 -0.797 -0.588 -0.3 -0.006 0.007 -0.116 0.004 0.124 0.044 -0.108 -0.197 -9 -9 -9 -9 -9 -9 -9 -9 -9 -9 -9 -9 -9 -9
0.112 0.089 0.077 0.078 0.083 0.088 0.093 0.086 0.077 0.064 0.05 0.057 0.041 -0.005 -0.009 0.049 0.272 0.614 1.03 1.233 1.404 1.463 1.388 1.265 1.254 1.186 1.165 1.129 1.007 0.858 0.83 0.839 0.894 0.856 0.82 0.817 0.776 0.757 0.647 0.484 0.324 0.122 -0.078 -0.266 -0.466 -0.612 -0.707 -0.779 -0.833 -0.871 -0.864 -0.776 -0.526 -0.151 0.109 0.087 -0.034 0.198 0.298 0.133 0.062 0.025 -0.164 -0.317 -0.256 -0.23 -9 -9 -9 -9 -9 -9 -9 -9 -9 -9
0.322 0.272 0.213 0.177 0.17 0.17 0.182 0.18 0.167 0.138 0.111 0.084 0.052 0.015 -0.004 0.036 0.285 0.686 1 1.065 1.196 1.415 1.393 1.305 1.333 1.368 1.333 1.258 1.148 1.167 1.21 1.138 1.082 1.028 1.019 1.042 0.977 0.916 0.754 0.531 0.374 0.258 0.126 -0.102 -0.344 -0.509 -0.676 -0.786 -0.85 -0.888 -0.86 -0.744 -0.459 -0.088 0.029 -0.001 0.094 0.268 0.395 0.249 0.191 0.113 -0.04 -0.25 -0.171 -0.046 0.045 -0.006 -0.128 -0.233 -9 -9 -9 -9 -9 -9
0.603 0.531 0.421 0.333 0.372 0.393 0.415 0.429 0.368 0.281 0.227 0.163 0.107 0.055 0.022 0.054 0.35 0.743 0.854 0.818 1.051 1.104 1.087 1.114 1.219 1.256 1.333 1.306 1.327 1.387 1.376 1.281 1.195 1.122 1.13 1.092 0.998 0.88 0.709 0.512 0.5 0.521 0.304 0.095 -0.123 -0.373 -0.622 -0.78 -0.858 -0.899 -0.869 -0.739 -0.453 -0.113 -0.019 -0.013 0.252 0.385 0.466 0.347 0.244 0.18 0.018 -0.213 -0.15 0.016 0.131 0.071 -0.027 -0.14 -0.288 -0.393 -0.477 -9 -9 -9
0.864 0.833 0.624 0.448 0.586 0.621 0.624 0.663 0.682 0.58 0.52 0.404 0.225 0.116 0.059 0.081 0.366 0.57 0.54 0.537 0.764 0.735 0.771 0.901 0.998 1.057 1.208 1.301 1.357 1.326 1.225 1.106 0.963 0.837 0.857 0.877 0.835 0.763 0.677 0.571 0.644 0.671 0.526 0.32 0.054 -0.275 -0.551 -0.748 -0.86 -0.907 -0.889 -0.734 -0.413 -0.122 -0.041 -0.009 0.205 0.363 0.435 0.346 0.3 0.186 -0.033 -0.16 -0.063 0.082 0.144 0.116 0.029 -0.102 -0.244 -0.273 -0.366 -0.434 -0.497 -0.548
1.077 0.991 0.754 0.511 0.518 0.577 0.663 0.81 0.889 0.865 0.826 0.708 0.472 0.227 0.106 0.094 0.227 0.34 0.268 0.259 0.393 0.397 0.456 0.584 0.66 0.744 0.862 0.923 0.928 0.889 0.767 0.657 0.494 0.34 0.311 0.383 0.447 0.47 0.595 0.646 0.705 0.694 0.625 0.437 0.123 -0.163 -0.453 -0.714 -0.856 -0.911 -0.906 -0.771 -0.483 -0.228 -0.154 0.045 0.246 0.271 0.382 0.385 0.287 0.031 -0.074 -0.049 0.035 0.171 0.145 0.136 0.092 -0.079 -0.158 -0.005 -0.092 -0.106 -0.232 -0.498
1.175 1.046 0.789 0.602 0.577 0.549 0.628 0.787 0.971 1.027 1.019 0.989 0.796 0.46 0.2 0.082 0.087 0.103 0.089 0.108 0.146 0.187 0.212 0.237 0.26 0.296 0.324 0.318 0.317 0.297 0.238 0.168 0.057 -0.046 -0.101 -0.091 -0.009 0.127 0.364 0.366 0.479 0.645 0.543 0.371 0.275 -0.031 -0.39 -0.693 -0.849 -0.914 -0.919 -0.834 -0.594 -0.35 -0.202 0.074 0.276 0.269 0.357 0.378 0.176 -0.052 0.025 0.035 0.152 0.203 0.112 0.024 -0.035 -0.1 0.053 0.299 0.267 0.243 0.101 -0.285
1.172 1.104 0.9 0.729 0.674 0.663 0.66 0.771 1.018 1.144 1.152 1.073 0.887 0.643 0.326 0.108 0.048 0.03 0.053 0.128 0.218 0.241 0.199 0.145 0.091 0.053 0.031 0.017 0.001 -0.026 -0.071 -0.129 -0.201 -0.266 -0.318 -0.354 -0.355 -0.235 0.02 0.071 0.188 0.389 0.477 0.427 0.375 0.021 -0.364 -0.648 -0.836 -0.917 -0.931 -0.88 -0.689 -0.452 -0.239 -0.008 0.152 0.251 0.383 0.335 0.092 -0.048 0.109 0.119 0.192 0.208 0.132 -0.053 -0.091 0.129 0.185 0.56 0.624 0.574 0.306 -0.172
1.2 1.195 1.146 0.828 0.671 0.691 0.765 0.805 1.081 1.21 1.209 1.146 1.014 0.792 0.458 0.151 0.052 0.056 0.165 0.316 0.428 0.451 0.4 0.271 0.142 0.041 -0.028 -0.082 -0.123 -0.161 -0.204 -0.24 -0.31 -0.365 -0.396 -0.485 -0.529 -0.523 -0.317 -0.162 0.001 0.154 0.376 0.433 0.302 0.003 -0.346 -0.619 -0.815 -0.92 -0.942 -0.901 -0.738 -0.493 -0.231 -0.099 0.093 0.199 0.366 0.284 0.029 -0.018 0.116 0.176 0.235 0.274 0.156 -0.039 0.089 0.34 0.448 0.694 0.918 0.715 0.305 -0.078
1.222 1.304 1.355 1.02 0.734 0.67 0.795 0.849 1.07 1.265 1.261 1.147 1.007 0.831 0.599 0.216 0.056 0.119 0.338 0.57 0.678 0.701 0.657 0.487 0.376 0.209 0.116 -0.031 -0.04 -0.111 -0.181 -0.204 -0.21 -0.242 -0.328 -0.456 -0.584 -0.626 -0.562 -0.339 -0.131 -0.004 0.144 0.301 0.205 -0.045 -0.382 -0.643 -0.814 -0.926 -0.951 -0.915 -0.75 -0.477 -0.18 -0.099 0.135 0.21 0.315 0.267 0.008 0.025 0.138 0.274 0.31 0.305 0.191 0.074 0.357 0.598 0.731 0.935 1.001 0.74 0.429 0.037
1.104 1.297 1.284 1.094 0.767 0.631 0.731 0.96 1.146 1.274 1.277 1.136 0.902 0.736 0.544 0.225 0.051 0.105 0.378 0.715 0.932 0.917 0.985 0.76 0.728 0.502 0.342 0.083 0.196 0.126 0.009 -0.051 0.014 -0.083 -0.221 -0.397 -0.575 -0.657 -0.668 -0.576 -0.393 -0.177 -0.079 0.044 0 -0.194 -0.463 -0.698 -0.852 -0.941 -0.96 -0.909 -0.714 -0.447 -0.147 -0.057 0.134 0.311 0.377 0.313 0.052 0.099 0.232 0.327 0.363 0.508 0.493 0.252 0.56 0.853 0.919 1.005 0.945 0.823 0.55 0.207
0.948 1.172 1.198 1.08 0.822 0.612 0.721 1.069 1.245 1.299 1.188 1.001 0.816 0.687 0.579 0.195 0.039 0.074 0.367 0.685 1.035 1.022 1.351 1.096 1.063 0.832 0.442 0.316 0.44 0.41 0.277 0.212 0.153 0.029 -0.127 -0.332 -0.502 -0.62 -0.682 -0.695 -0.629 -0.434 -0.293 -0.151 -0.2 -0.359 -0.585 -0.78 -0.903 -0.963 -0.969 -0.871 -0.643 -0.359 -0.089 -0.008 0.105 0.361 0.454 0.331 0.179 0.204 0.285 0.435 0.508 0.719 0.582 0.46 0.683 0.965 0.942 0.938 0.922 0.885 0.704 0.519
0.79 0.987 1.112 1.079 0.824 0.625 0.773 1.037 1.332 1.35 1.139 1.065 0.981 0.882 0.718 0.162 0.045 0.179 0.448 0.711 1.065 1.179 1.611 1.369 1.29 1.058 0.608 0.657 0.672 0.656 0.548 0.444 0.295 0.107 -0.121 -0.286 -0.386 -0.509 -0.61 -0.696 -0.739 -0.7 -0.525 -0.336 -0.339 -0.499 -0.719 -0.868 -0.951 -0.99 -0.97 -0.761 -0.54 -0.38 -0.091 0.089 0.139 0.354 0.435 0.359 0.428 0.394 0.431 0.645 0.765 0.85 0.765 0.823 0.786 1.025 1.046 1.024 1.071 1.152 1.007 0.823
0.559 0.785 1.016 1.03 0.779 0.699 0.946 1.17 1.37 1.237 1.283 1.332 1.271 1.189 0.696 0.113 0.067 0.289 0.566 0.891 1.135 1.299 1.715 1.547 1.325 1.117 0.773 0.918 0.962 0.88 0.769 0.616 0.376 0.084 -0.132 -0.15 -0.216 -0.358 -0.496 -0.62 -0.742 -0.803 -0.754 -0.628 -0.559 -0.691 -0.862 -0.948 -0.997 -1.022 -0.985 -0.722 -0.479 -0.34 -0.167 0.115 0.247 0.486 0.525 0.489 0.597 0.555 0.653 0.814 0.923 1.034 1.03 1.135 0.986 1.098 1.163 1.185 1.142 1.289 1.195 0.945
0.472 0.829 1.143 1.106 0.805 0.885 1.116 1.322 1.298 1.282 1.469 1.471 1.364 1.161 0.501 0.07 0.076 0.252 0.545 0.894 1.177 1.417 1.601 1.573 1.583 1.404 0.965 1.109 1.194 1.067 0.886 0.658 0.357 0.049 -0.006 0.025 -0.074 -0.214 -0.369 -0.526 -0.668 -0.795 -0.857 -0.855 -0.821 -0.893 -0.968 -1.003 -1.016 -1.03 -1.017 -0.812 -0.575 -0.308 -0.093 0.119 0.306 0.392 0.553 0.606 0.597 0.496 0.523 0.674 0.874 1.057 1.1 1.086 1.027 1.129 1.253 1.24 1.233 1.366 1.3 0.989
0.532 0.796 1.134 1.068 0.887 1.025 1.241 1.411 1.306 1.421 1.487 1.37 1.126 0.723 0.288 0.039 -0.005 0.177 0.464 0.844 1.224 1.457 1.546 1.721 1.759 1.487 1.18 1.308 1.36 1.203 1.027 0.723 0.363 0.166 0.197 0.145 0.014 -0.119 -0.264 -0.434 -0.577 -0.717 -0.839 -0.918 -0.945 -0.984 -1.022 -1.049 -1.027 -0.99 -1.043 -0.961 -0.711 -0.384 -0.161 -0.026 0.148 0.283 0.366 0.436 0.431 0.326 0.346 0.459 0.613 0.823 0.933 0.966 1.022 1.123 1.185 1.237 1.316 1.334 1.28 1.056
0.741 0.844 1.162 1.096 1.151 1.25 1.351 1.359 1.284 1.316 1.206 1 0.645 0.375 0.179 0.027 -0.077 -0.02 0.309 0.764 1.119 1.428 1.59 1.7 1.697 1.543 1.496 1.511 1.497 1.385 1.25 0.934 0.51 0.356 0.393 0.223 0.05 -0.055 -0.168 -0.343 -0.523 -0.673 -0.779 -0.9 -0.968 -1.012 -1.049 -1.081 -1.102 -1.073 -1.031 -1.043 -0.928 -0.701 -0.447 -0.117 0.019 0.155 0.235 0.238 0.157 0.158 0.217 0.301 0.447 0.589 0.731 0.836 0.913 0.929 0.949 1.12 1.356 1.352 1.239 1.159
0.822 1.037 1.278 1.242 1.29 1.244 1.112 1.089 1.119 1.068 0.777 0.601 0.515 0.455 0.28 0.109 -0.087 -0.159 0.035 0.484 0.885 1.324 1.558 1.59 1.738 1.71 1.62 1.567 1.612 1.557 1.421 1.104 0.677 0.564 0.533 0.28 0.165 0.053 -0.103 -0.303 -0.544 -0.576 -0.647 -0.831 -0.937 -1.005 -1.052 -1.095 -1.133 -1.159 -1.154 -1.112 -1.058 -0.875 -0.63 -0.298 -0.062 0.138 0.262 0.245 0.05 -0.016 0.062 0.177 0.366 0.519 0.567 0.637 0.703 0.628 0.679 0.923 1.157 1.336 1.315 1.359
0.918 1.281 1.269 1.226 1.163 0.911 0.771 0.727 0.731 0.707 0.634 0.643 0.734 0.721 0.709 0.395 -0.023 -0.198 -0.125 0.284 0.715 1.111 1.432 1.483 1.608 1.62 1.454 1.464 1.605 1.604 1.469 1.159 0.899 0.773 0.63 0.414 0.29 0.12 -0.092 -0.382 -0.554 -0.459 -0.508 -0.708 -0.831 -0.93 -1.007 -1.084 -1.143 -1.187 -1.209 -1.198 -1.16 -1.024 -0.829 -0.499 -0.191 0.107 0.221 0.184 -0.032 -0.165 -0.019 0.127 0.304 0.357 0.305 0.366 0.411 0.312 0.372 0.643 0.852 1.074 1.263 1.416
1.154 1.366 1.233 1.126 1.066 0.837 0.816 0.837 0.778 0.788 1.002 1.161 1.211 1.158 1.029 0.511 -0.004 -0.23 -0.213 0.147 0.511 0.819 1.165 1.189 1.165 1.25 1.164 1.331 1.454 1.457 1.438 1.279 1.128 0.93 0.743 0.52 0.313 0.055 -0.237 -0.496 -0.436 -0.352 -0.387 -0.555 -0.689 -0.771 -0.875 -0.985 -1.115 -1.196 -1.238 -1.251 -1.236 -1.147 -0.982 -0.698 -0.385 -0.057 0.037 -0.012 -0.189 -0.303 -0.177 -0.028 0.127 0.093 -0.026 0.087 0.073 -0.021 0.134 0.377 0.658 0.969 1.06 1.108
1.238 1.329 1.285 1.42 1.475 1.1 1.179 1.35 1.271 1.297 1.504 1.693 1.65 1.443 0.924 0.371 -0.07 -0.29 -0.276 -0.04 0.15 0.426 0.755 0.749 0.651 0.824 0.941 1.176 1.135 1.228 1.405 1.343 1.205 0.956 0.689 0.444 0.19 -0.068 -0.419 -0.484 -0.329 -0.222 -0.26 -0.407 -0.541 -0.589 -0.727 -0.859 -1.04 -1.174 -1.239 -1.274 -1.276 -1.228 -1.115 -0.891 -0.63 -0.359 -0.246 -0.269 -0.39 -0.451 -0.336 -0.225 -0.148 -0.18 -0.307 -0.185 -0.259 -0.212 0.032 0.261 0.471 0.749 0.872 0.858
1.218 1.243 1.451 1.702 1.797 1.543 1.353 1.447 1.458 1.595 1.714 1.829 1.671 1.304 0.803 0.234 -0.19 -0.358 -0.361 -0.259 -0.196 -0.044 0.195 0.223 0.297 0.583 0.796 0.941 0.819 1.053 1.329 1.203 1.086 0.941 0.517 0.175 -0.091 -0.337 -0.482 -0.424 -0.297 -0.118 -0.11 -0.265 -0.339 -0.423 -0.6 -0.787 -1.02 -1.134 -1.19 -1.265 -1.29 -1.27 -1.202 -1.058 -0.846 -0.628 -0.537 -0.523 -0.586 -0.585 -0.533 -0.485 -0.43 -0.481 -0.539 -0.499 -0.508 -0.414 -0.225 -0.04 0.229 0.551 0.627 0.59
0.894 1.11 1.48 1.82 1.977 1.887 1.656 1.462 1.522 1.653 1.753 1.716 1.344 1.013 0.538 0.005 -0.307 -0.353 -0.344 -0.153 -0.127 -0.237 -0.241 -0.204 0.002 0.302 0.532 0.662 0.568 0.865 1.173 0.982 0.944 0.751 0.326 -0.079 -0.291 -0.427 -0.431 -0.306 -0.249 -0.03 0.03 -0.063 -0.146 -0.293 -0.514 -0.769 -1.034 -1.07 -1.086 -1.2 -1.275 -1.284 -1.246 -1.168 -1.018 -0.85 -0.764 -0.744 -0.748 -0.732 -0.712 -0.708 -0.696 -0.727 -0.727 -0.656 -0.543 -0.441 -0.351 -0.162 0.078 0.201 0.256 0.327
0.721 1.015 1.408 1.774 1.963 1.999 1.904 1.787 1.741 1.773 1.681 1.475 1.09 0.722 0.199 -0.215 -0.329 -0.263 -0.278 -0.056 0.069 -0.092 -0.273 -0.422 -0.267 0.011 0.189 0.398 0.376 0.698 1.018 0.911 0.677 0.455 0.114 -0.058 -0.121 -0.248 -0.409 -0.221 -0.176 0.029 0.137 0.068 -0.07 -0.278 -0.542 -0.803 -1.035 -0.999 -0.997 -1.081 -1.208 -1.278 -1.267 -1.222 -1.143 -1.018 -0.9 -0.854 -0.804 -0.755 -0.76 -0.82 -0.85 -0.82 -0.737 -0.631 -0.513 -0.393 -0.298 -0.214 -0.164 -0.144 0.029 0.206
0.636 0.893 1.257 1.648 1.921 2.02 1.992 2.123 1.933 1.697 1.442 1.153 0.79 0.346 -0.121 -0.324 -0.276 -0.164 -0.217 0.013 0.209 0.103 -0.082 -0.4 -0.492 -0.267 -0.088 0.086 0.19 0.607 0.936 0.819 0.517 0.359 0.181 0.075 0.01 -0.102 -0.314 -0.174 -0.054 0.109 0.161 0.06 -0.157 -0.383 -0.637 -0.873 -1.03 -0.944 -0.948 -1.035 -1.183 -1.28 -1.28 -1.251 -1.193 -0.998 -0.925 -0.821 -0.683 -0.595 -0.575 -0.705 -0.873 -0.912 -0.799 -0.708 -0.615 -0.455 -0.317 -0.28 -0.35 -0.305 -0.019 0.181
0.514 0.731 1.048 1.464 1.896 2.029 2.109 2.257 2.031 1.724 1.4 1.015 0.624 0.058 -0.331 -0.32 -0.131 -0.082 -0.083 0.094 0.3 0.274 0.067 -0.261 -0.574 -0.5 -0.347 -0.153 0.18 0.665 0.939 0.787 0.63 0.584 0.345 0.175 0.128 -0.03 -0.204 -0.128 0.024 0.147 0.177 0.066 -0.124 -0.349 -0.559 -0.863 -1.011 -0.894 -0.897 -1.035 -1.201 -1.292 -1.294 -1.27 -1.203 -1.002 -0.914 -0.735 -0.514 -0.434 -0.418 -0.526 -0.772 -0.971 -0.939 -0.846 -0.746 -0.584 -0.441 -0.444 -0.553 -0.427 -0.161 0.082
