data/climatemaps/RS_maps/climate_postbreed_tmp_2018.asc
NCOLS 369 
NROWS 228 
XLLCORNER 479000 
YLLCORNER 73000 
CELLSIZE 1000 
NODATA_value -9 
[rows 140 to 174 of 228, columns 154 to 230 of 369]
-0.508 0.078 0.799 0.787 0.272 -0.491 -0.769 -0.454 -0.19 -0.089 -0.246 -0.496 -1.002 -0.533 0.084 -0.517 -0.96 -1.663 -2.429 -2.291 -1.719 -1.419 -1.645 -1.741 -1.487 -1.51 -1.507 -1.384 -1.562 -1.285 -1.235 -1.15 -0.991 -0.608 -0.056 -0.444 -1.053 -1.61 -1.348 -1.08 -1.446 -1.571 -1.226 -1.044 -0.751 -0.621 -0.566 -0.178 -0.082 -0.475 -0.737 -0.892 -0.49 -0.477 -0.795 -1.23 -1.418 -1.265 -1 -0.795 -0.704 -0.949 -1.131 -1.414 -1.184 -1.223 -1.357 -1.198 -1.182 -0.922 -0.795 -0.427 -0.861 -1.306 -1.202 -0.637 -0.827
-0.572 -0.012 0.575 0.79 0.103 -0.555 -0.721 -0.454 -0.457 -0.644 -1.194 -1.639 -1.566 -0.831 -0.108 -0.223 -0.624 -1.331 -2.199 -2.633 -2.193 -1.528 -1.202 -1.479 -1.747 -1.758 -1.793 -1.546 -1.658 -1.421 -1.154 -1.025 -0.897 -0.768 -0.352 -0.329 -0.942 -1.385 -1.119 -0.896 -1.229 -1.421 -1.014 -0.722 -0.67 -0.586 -0.443 -0.21 -0.417 -0.855 -1.048 -0.965 -0.533 -0.801 -1.021 -1.086 -1.391 -1.436 -1.129 -0.819 -0.972 -1.133 -1.225 -1.478 -1.196 -1.405 -1.33 -1.377 -1.142 -0.769 -0.502 -0.554 -1.134 -1.651 -1.274 -0.981 -1.249
-0.686 -0.216 0.411 0.661 -0.116 -0.412 -0.475 -0.645 -0.955 -1.838 -2.492 -1.907 -1.515 -1.131 -0.742 -0.882 -1.15 -1.158 -1.842 -2.225 -2.304 -1.869 -1.269 -1.076 -1.245 -1.237 -1.372 -1.201 -1.192 -1.237 -1.196 -1.182 -0.988 -0.81 -0.482 -0.307 -0.846 -1.006 -0.648 -0.631 -0.932 -1.181 -0.976 -0.928 -1.069 -0.962 -0.649 -0.334 -0.622 -1.036 -1.086 -0.88 -0.536 -0.807 -1.138 -1.189 -1.302 -1.36 -1.286 -0.979 -1.173 -0.972 -1.025 -1.276 -1.255 -1.31 -1.259 -1.337 -1.168 -0.749 -0.391 -0.651 -1.303 -1.829 -1.44 -1.346 -1.347
-0.732 -0.302 0.505 0.623 0.021 -0.106 -0.306 -0.752 -1.327 -2.181 -2.435 -1.926 -1.722 -1.461 -1.257 -1.449 -1.617 -1.28 -1.7 -1.959 -1.793 -2.035 -1.581 -1.078 -0.962 -0.903 -0.858 -0.781 -0.697 -0.667 -0.685 -0.763 -0.638 -0.573 -0.607 -0.516 -0.749 -0.517 -0.387 -0.666 -0.881 -0.992 -1.236 -1.254 -1.16 -0.901 -0.688 -0.574 -0.723 -1.168 -0.985 -0.741 -0.58 -0.812 -1.154 -0.986 -1.009 -1.157 -1.201 -0.881 -0.652 -0.542 -1 -1.13 -1.019 -1.043 -1.059 -0.948 -0.913 -0.68 -0.624 -0.463 -0.889 -1.424 -1.36 -1.119 -0.887
-0.406 -0.107 0.788 0.17 -0.3 -0.422 -0.726 -1.218 -1.773 -2.539 -2.637 -2.397 -2.312 -2.132 -2.013 -2.117 -2.128 -1.716 -1.764 -2.076 -1.654 -1.65 -1.509 -1.108 -1.235 -1.217 -1.012 -1.026 -1.073 -0.979 -0.762 -0.575 -0.66 -0.898 -1.011 -0.772 -0.643 -0.257 -0.559 -0.86 -1.211 -1.191 -1.42 -1.217 -0.967 -0.875 -0.959 -0.961 -0.807 -1.232 -0.849 -0.923 -0.751 -0.638 -0.822 -0.847 -1.036 -1.009 -0.698 -0.36 -0.362 -0.744 -0.771 -0.74 -0.586 -0.91 -1.08 -1.155 -0.883 -0.969 -0.752 -0.402 -0.483 -0.84 -0.967 -0.829 -0.665
-0.271 0.154 0.83 -0.292 -1.041 -1.384 -1.804 -1.971 -2.078 -2.542 -2.591 -2.508 -2.33 -2.409 -2.667 -2.75 -2.436 -2.323 -2.333 -2.261 -1.87 -1.396 -1.251 -1.395 -1.746 -1.631 -1.498 -1.441 -1.328 -1.096 -0.933 -0.973 -1.114 -1.19 -0.984 -0.688 -0.447 -0.026 -0.376 -0.902 -1.182 -1.378 -1.538 -1.311 -1.168 -1.248 -1.262 -1.069 -0.857 -1.267 -1.062 -1.196 -1.018 -0.469 -0.553 -0.765 -0.757 -0.536 -0.223 0.034 -0.409 -0.721 -0.508 -0.385 -0.437 -0.555 -0.652 -0.757 -0.876 -1.115 -0.842 -0.465 -0.315 -0.414 -0.742 -0.738 -0.637
0.057 0.25 0.731 -0.108 -1.055 -1.9 -2.473 -2.597 -2.327 -2.233 -2.349 -2.586 -2.286 -2.188 -2.468 -2.716 -2.25 -2.267 -2.54 -2.646 -2.045 -1.684 -1.513 -1.889 -1.906 -1.638 -1.409 -1.221 -1.081 -1.02 -1.152 -1.293 -1.189 -1.026 -0.773 -0.384 0.011 0.22 -0.203 -0.654 -0.985 -1.308 -1.212 -1.436 -1.468 -1.584 -1.352 -1.221 -1.157 -1.285 -1.208 -0.949 -0.939 -0.496 -0.099 -0.079 -0.007 0.07 0.25 -0.02 -0.462 -0.506 -0.28 -0.43 -0.586 -0.731 -0.726 -0.806 -0.89 -0.946 -0.754 -0.632 -0.433 -0.281 -0.253 -0.374 -0.344
-0.115 -0.085 0.509 0.03 -0.842 -1.681 -2.283 -2.622 -2.295 -1.989 -1.993 -2.22 -2.179 -2.083 -2.246 -2.647 -2.303 -1.994 -2.25 -2.6 -2.319 -2.1 -1.958 -2.065 -1.746 -1.492 -1.379 -1.368 -1.406 -1.369 -1.32 -1.201 -1.023 -0.748 -0.438 0.019 0.33 0.187 0.022 -0.216 -0.638 -0.972 -0.9 -1.453 -1.346 -1.404 -1.56 -1.196 -1.055 -0.863 -0.777 -0.474 -0.373 -0.132 0.211 0.448 0.543 0.545 0.451 0.074 -0.123 -0.148 0.015 -0.264 -0.334 -0.534 -0.721 -0.986 -1.03 -1.009 -0.922 -0.851 -0.747 -0.539 -0.289 -0.169 -0.04
-0.56 -0.217 0.304 -0.208 -0.944 -1.45 -1.703 -2.374 -2.456 -2.058 -1.756 -1.736 -1.836 -1.938 -2.155 -2.478 -2.299 -1.947 -1.892 -2.006 -2.12 -2.136 -1.925 -2.048 -1.935 -1.71 -1.492 -1.229 -1.347 -1.209 -1.128 -0.826 -0.612 -0.393 0.031 0.324 0.177 -0.284 -0.333 -0.344 -0.349 -0.351 -1.003 -1.206 -1.087 -1.531 -1.532 -1.003 -0.733 -0.483 -0.267 0.053 0.277 0.308 0.264 0.205 0.257 0.278 0.5 0.517 0.452 0.517 0.533 0.432 0.341 0.122 -0.134 -0.72 -0.873 -0.934 -0.933 -0.849 -0.949 -0.897 -0.707 -0.364 -0.071
-0.391 -0.064 -0.007 -0.604 -1.359 -1.898 -2.191 -2.573 -2.37 -2.267 -1.918 -1.587 -1.557 -1.706 -2.008 -2.028 -2.191 -1.995 -1.741 -1.646 -1.656 -1.815 -1.725 -1.963 -2.114 -1.723 -1.455 -0.984 -0.703 -1.025 -0.702 -0.573 -0.177 0.166 0.366 0.16 -0.266 -0.698 -0.749 -0.681 -0.678 -0.733 -0.645 -0.874 -1.349 -1.46 -1.191 -0.661 -0.293 0.009 0.19 0.217 -0.014 -0.113 -0.35 -0.376 -0.326 -0.2 0.038 0.154 0.229 0.392 0.581 0.668 0.687 0.544 0.287 -0.239 -0.309 -0.348 -0.427 -0.419 -0.599 -0.65 -0.794 -0.782 -0.635
-0.498 -0.44 -0.651 -1.219 -1.894 -2.539 -2.747 -2.563 -2.132 -1.982 -1.785 -1.548 -1.452 -1.471 -1.709 -2.074 -2.4 -2.2 -1.898 -1.694 -1.499 -1.444 -1.648 -1.942 -2.002 -1.675 -1.59 -1.111 -0.467 -0.614 -0.432 0.016 0.297 0.374 0.268 -0.056 -0.454 -0.902 -1.157 -1.245 -0.999 -1.16 -0.919 -1.08 -1.345 -1.061 -0.738 -0.285 0.059 0.076 -0.191 -0.234 -0.561 -0.535 -0.887 -0.805 -0.756 -0.575 -0.39 -0.256 -0.234 -0.234 0.004 0.115 0.316 0.632 0.608 0.277 0.41 0.311 0.199 0.086 -0.173 -0.247 -0.511 -0.692 -0.964
-0.799 -0.834 -1.154 -1.87 -2.58 -2.602 -2.511 -2.324 -2.017 -1.751 -1.604 -1.5 -1.43 -1.375 -1.481 -2.001 -2.36 -2.539 -2.338 -2.048 -1.514 -1.272 -1.885 -1.633 -1.665 -1.299 -1.125 -1.16 -0.672 -0.053 0.064 0.334 0.332 0.089 -0.218 -0.268 -0.245 -0.609 -1.032 -1.433 -1.398 -1.292 -1.203 -1.246 -1.062 -0.651 -0.267 -0.041 -0.042 -0.431 -0.661 -0.65 -0.869 -0.993 -1.019 -0.774 -0.614 -0.601 -0.666 -0.58 -0.547 -0.679 -0.479 -0.544 -0.426 0.179 0.646 0.7 0.764 0.772 0.803 0.582 0.265 0.107 -0.092 -0.431 -0.948
-1.278 -1.547 -2.029 -2.313 -2.277 -2.478 -2.325 -2.058 -1.875 -1.718 -1.664 -1.682 -1.664 -1.306 -1.261 -1.474 -1.828 -2.397 -2.29 -1.891 -1.317 -1.084 -1.814 -1.436 -1.197 -1.316 -0.761 -0.817 -0.412 0.082 0.334 0.291 -0.039 -0.422 -0.713 -0.805 -0.798 -0.397 -0.776 -1.131 -1.257 -1.172 -0.98 -0.863 -0.653 -0.308 -0.156 -0.352 -0.469 -0.762 -0.994 -0.922 -0.944 -0.999 -0.799 -0.551 -0.4 -0.22 -0.349 -0.57 -0.797 -0.954 -0.922 -1.003 -0.687 -0.227 0.153 0.597 0.633 0.658 0.921 1.007 0.804 0.499 0.126 -0.326 -0.675
-2.171 -1.966 -1.897 -2.077 -1.888 -2.151 -2.258 -2.002 -1.864 -2.02 -2.237 -2.453 -2.098 -1.508 -1.179 -1.133 -1.527 -2.034 -1.806 -1.528 -0.96 -1.002 -1.714 -1.327 -0.83 -0.907 -0.676 -0.277 0.09 0.369 0.242 -0.102 -0.402 -0.811 -1.072 -1.173 -0.989 -0.684 -0.519 -0.998 -1.138 -0.887 -0.686 -0.635 -0.473 -0.356 -0.509 -0.794 -0.969 -1.04 -1.19 -1.094 -1.017 -0.942 -0.911 -0.805 -0.698 -0.414 -0.108 -0.107 -0.576 -0.82 -1.031 -1.024 -0.795 -0.564 -0.229 0.043 0.214 0.491 0.593 0.89 1.116 0.809 0.289 -0.212 -0.584
-1.858 -1.342 -1.374 -1.665 -1.663 -1.664 -1.809 -2.269 -2.333 -2.808 -2.407 -2.123 -2.23 -1.816 -1.267 -1.078 -1.24 -1.837 -1.47 -0.884 -0.62 -1.089 -1.558 -1.312 -0.901 -0.388 -0.33 0.123 0.361 0.32 -0.062 -0.551 -0.569 -0.973 -1.266 -1.197 -0.972 -0.882 -0.682 -1.112 -1.171 -0.995 -0.839 -0.788 -0.719 -0.739 -0.895 -1.09 -1.192 -1.166 -1.209 -1.294 -1.036 -0.843 -0.795 -0.811 -0.975 -0.688 -0.314 -0.023 -0.043 -0.449 -0.653 -0.661 -0.897 -0.922 -0.63 -0.407 -0.073 0.184 0.079 0.312 0.63 1.047 0.486 -0.09 -0.572
-1.541 -1.146 -1.093 -1.256 -1.246 -1.572 -2.162 -2.026 -2.264 -2.668 -2.197 -1.685 -1.759 -1.934 -1.391 -1.023 -1.093 -1.664 -1.382 -0.684 -0.421 -1.09 -1.281 -1.046 -0.703 -0.161 0.141 0.36 0.265 -0.001 -0.287 -0.79 -0.864 -0.886 -1.352 -1.301 -1.19 -1.18 -0.966 -1.264 -1.321 -1.208 -1.125 -0.97 -0.934 -1.139 -1.221 -1.22 -1.031 -0.86 -1.009 -1.228 -1.085 -0.941 -0.663 -0.426 -0.89 -0.943 -0.759 -0.402 0.097 -0.086 -0.372 -0.525 -0.977 -0.981 -0.661 -0.441 -0.081 0.135 -0.136 0.238 0.45 1.042 0.823 0.259 -0.322
-1.116 -0.832 -0.725 -0.906 -1.256 -2.041 -2.245 -1.701 -1.761 -2.122 -2.216 -1.669 -1.348 -1.556 -1.447 -0.947 -0.999 -1.451 -1.165 -0.647 -0.161 -0.72 -1.043 -0.744 -0.299 0.137 0.386 0.262 -0.142 -0.497 -0.312 -0.867 -1.154 -1.134 -1.52 -1.502 -1.333 -1.254 -0.886 -1.179 -1.46 -1.246 -1.051 -0.815 -0.929 -1.41 -1.402 -1.235 -0.932 -0.535 -0.677 -1.053 -1.216 -0.89 -0.501 -0.221 -0.501 -0.938 -0.743 -0.461 0.157 0.147 -0.51 -0.814 -1.111 -0.848 -0.59 -0.273 0.038 -0.025 -0.556 -0.035 0.216 0.804 1.125 0.665 0.042
-0.592 -0.502 -0.668 -1.123 -1.666 -2.025 -2.179 -1.635 -1.382 -1.849 -2.376 -1.972 -1.604 -1.233 -1.044 -0.855 -0.937 -1.166 -1.071 -0.561 0.127 -0.18 -0.619 -0.413 0.121 0.363 0.217 -0.181 -0.533 -0.949 -0.493 -0.65 -1.223 -1.562 -1.742 -1.634 -1.469 -1.276 -0.864 -0.767 -1.143 -1.063 -0.866 -0.766 -0.944 -1.291 -1.201 -0.956 -0.714 -0.315 -0.641 -1.159 -1.174 -0.81 -0.57 -0.127 -0.328 -0.943 -0.64 -0.142 0.321 0.212 -0.357 -0.778 -1.329 -1.389 -1.064 -0.644 -0.738 -0.911 -1.016 -0.572 -0.171 0.349 1.077 1.057 0.511
-0.546 -0.816 -1.148 -1.616 -1.693 -1.565 -1.831 -1.408 -1.337 -1.944 -2.309 -2.034 -1.762 -1.279 -0.75 -0.77 -1 -1.251 -1.041 -0.483 0.327 0.224 -0.17 0.049 0.355 0.179 -0.19 -0.65 -0.87 -1.173 -0.804 -0.487 -1.151 -1.856 -1.896 -1.796 -1.371 -1.072 -0.905 -0.585 -0.568 -0.583 -0.613 -0.765 -0.98 -1.306 -1.084 -0.943 -0.681 -0.359 -0.285 -0.915 -1.069 -0.662 -0.289 0.209 0.039 -0.607 -0.684 -0.179 0.416 0.238 -0.32 -0.787 -1.062 -1.313 -1.468 -1.198 -1.168 -1.132 -1.017 -0.515 -0.109 0.28 0.871 1.223 0.991
-1.074 -1.608 -1.913 -1.859 -1.633 -1.417 -1.391 -1.156 -1.249 -1.752 -1.937 -1.629 -1.396 -0.999 -0.645 -0.764 -1.195 -1.263 -0.842 -0.282 0.391 0.466 0.174 0.363 0.166 -0.249 -0.631 -0.967 -1.172 -1.317 -1.194 -0.926 -1.209 -1.932 -1.856 -1.655 -1.204 -1.255 -1.268 -0.786 -0.33 -0.303 -0.343 -0.849 -1.235 -1.611 -1.504 -1.263 -0.938 -0.006 0.083 -0.57 -0.882 -0.913 -0.657 0.002 0.597 0.02 -0.174 0.119 0.484 -0.061 -0.56 -0.815 -0.585 -0.726 -1.151 -1.13 -0.874 -0.698 -0.511 -0.124 0.289 0.573 0.781 1.186 1.36
-1.74 -2.105 -2.28 -2.149 -2.137 -1.723 -1.371 -1.337 -1.131 -1.162 -1.388 -1.131 -0.991 -0.618 -0.565 -0.927 -1.237 -0.985 -0.604 -0.077 0.506 0.544 0.418 0.166 -0.242 -0.682 -0.983 -1.093 -1.123 -1.414 -1.695 -1.535 -1.575 -1.69 -1.513 -1.267 -1.15 -1.407 -1.345 -0.833 -0.732 -0.252 -0.496 -0.832 -1.183 -1.673 -1.819 -1.624 -0.92 0.077 0.642 0.223 -0.516 -1.016 -0.611 -0.098 0.483 0.611 0.648 0.76 0.536 -0.225 -0.727 -0.481 -0.174 -0.332 -0.93 -1.139 -0.75 -0.43 -0.135 0.1 0.259 0.28 0.426 0.937 1.396
-2.034 -1.97 -1.857 -2.045 -2.027 -2.05 -1.795 -1.657 -1.46 -0.993 -0.81 -0.641 -0.495 -0.425 -0.63 -0.949 -0.914 -0.69 -0.278 0.227 0.644 0.542 0.27 -0.157 -0.669 -0.907 -0.877 -0.849 -1.249 -1.575 -1.72 -1.686 -1.765 -1.783 -1.66 -1.287 -1.364 -1.529 -1.275 -0.984 -0.966 -0.265 -0.128 -0.861 -1.21 -1.616 -1.446 -1.077 -0.504 0.034 0.603 0.716 -0.222 -0.588 -0.782 -0.359 0.213 0.061 0.266 0.791 0.794 0.119 -0.202 0.021 -0.046 -0.498 -0.92 -0.975 -0.907 -0.677 -0.362 -0.184 -0.466 -0.269 0.356 0.428 0.978
-1.733 -1.57 -1.511 -1.566 -1.5 -1.924 -1.662 -1.433 -1.375 -0.887 -0.388 -0.181 -0.341 -0.682 -0.675 -0.643 -0.582 -0.223 0.174 0.593 0.692 0.324 -0.189 -0.328 -0.537 -0.615 -0.794 -1.193 -1.304 -1.311 -1.281 -1.089 -1.402 -1.529 -1.633 -1.453 -1.384 -1.287 -1.295 -1.401 -0.962 -0.42 0.131 -0.587 -1.013 -1.247 -1.266 -0.804 -0.65 -0.455 0.189 0.948 0.319 -0.29 -0.825 -0.495 -0.293 -0.459 -0.029 0.403 0.929 0.702 0.426 0.48 -0.119 -0.607 -0.857 -0.476 -0.506 -0.561 -0.354 -0.369 -0.833 -0.449 -0.139 -0.213 0.456
-1.531 -1.114 -1.411 -1.395 -1.11 -1.693 -1.218 -0.985 -1.039 -0.599 -0.046 -0.28 -0.613 -0.64 -0.449 -0.314 -0.019 0.174 0.537 0.722 0.515 0.122 -0.001 -0.515 -0.737 -0.983 -1.173 -1.011 -1.028 -1.028 -0.877 -1.014 -1.11 -1.426 -1.794 -1.607 -1.253 -0.952 -0.962 -1.037 -0.972 -0.455 0.225 -0.202 -0.734 -1.232 -1.064 -0.79 -0.889 -0.513 -0.003 0.814 0.572 -0.211 -0.651 -0.775 -0.657 -0.607 -0.301 0.167 0.821 0.959 0.443 0.394 -0.119 -0.717 -0.958 -0.449 -0.149 -0.046 0.12 0.163 -0.45 -0.75 -0.717 -0.284 0.357
-1.329 -1.001 -1.204 -1.379 -0.759 -1.36 -0.975 -0.746 -0.75 -0.447 0.013 -0.467 -0.417 -0.283 0.037 0.329 0.55 0.754 0.795 0.644 0.423 0.377 -0.122 -0.56 -0.801 -0.644 -0.514 -0.642 -0.584 -0.553 -0.641 -0.778 -0.985 -1.359 -1.471 -1.41 -1.108 -0.864 -0.999 -0.858 -0.652 -0.382 0.204 0.011 -0.598 -1.144 -1.182 -0.842 -0.843 -0.555 -0.053 0.693 0.864 0.424 0.022 -0.376 -0.398 -0.571 -0.184 0.321 0.937 0.816 0.199 -0.056 -0.117 -0.658 -0.934 -0.718 -0.597 -0.409 -0.078 0.501 -0.102 -0.826 -0.756 -0.317 -0.317
-0.722 -0.62 -1.205 -1.386 -0.536 -1.081 -0.837 -0.574 -0.352 -0.042 0.081 -0.428 0.045 0.353 0.583 0.863 0.845 0.712 0.557 0.212 -0.183 0.097 -0.013 -0.393 -0.151 -0.062 -0.088 -0.294 -0.56 -0.826 -1.096 -1.141 -1.065 -0.969 -1.018 -1.21 -1.269 -1.035 -1.241 -1.281 -0.961 -0.582 0.078 0.218 -0.449 -1.031 -1.101 -0.753 -0.416 -0.412 0.095 0.611 0.708 0.889 0.808 0.358 -0.168 -0.204 0.371 0.815 1.068 0.52 -0.09 -0.335 -0.477 -0.593 -0.449 -0.249 -0.391 -0.466 0.061 0.653 -0.039 -0.819 -0.975 -0.849 -0.457
-0.306 -0.804 -1.392 -1.477 -0.516 -0.678 -0.818 -0.321 0.14 0.281 -0.035 -0.255 0.368 0.782 0.927 0.609 0.36 0.171 0.101 -0.44 -0.745 -0.579 0.038 0.118 -0.012 -0.356 -0.447 -0.52 -1.073 -1.396 -1.443 -1.216 -1.067 -0.629 -0.884 -1.117 -1.324 -1.222 -1.152 -1.388 -1.328 -0.891 -0.087 0.221 -0.547 -1.082 -1.064 -0.647 -0.102 0.145 0.305 0.103 -0.141 0.355 0.971 0.963 0.402 0.607 0.954 1.08 0.876 0.239 -0.32 -0.5 -0.849 -0.853 -0.314 0.283 0.414 0.255 0.588 0.479 -0.326 -0.622 -0.548 -0.832 -0.596
-0.187 -0.451 -1.003 -1.377 -0.625 -0.38 -0.905 -0.294 0.449 0.425 -0.036 0.225 0.709 0.955 0.563 0.134 -0.236 -0.545 -0.415 -0.887 -1.135 -0.924 -0.439 0.027 -0.352 -0.752 -0.847 -0.758 -1.102 -1.298 -1.338 -0.904 -0.771 -0.604 -0.899 -1.146 -1.29 -1.071 -0.8 -1.004 -0.935 -0.582 0.044 0.156 -0.6 -1.188 -1.1 -0.749 -0.369 -0.158 -0.224 -0.637 -0.503 -0.058 0.301 0.933 1.176 1.219 0.846 0.704 0.355 0.331 -0.121 -0.641 -0.702 -0.863 -0.418 -0.009 0.115 0.624 0.738 0.812 0.285 0.101 0.125 -0.429 -0.893
-0.036 -0.224 -0.78 -1.29 -0.756 -0.199 -0.841 -0.392 0.521 0.606 0.497 0.754 0.969 0.629 0.116 -0.139 -0.658 -1.1 -1.08 -1.097 -0.903 -0.673 -0.49 -0.07 -0.406 -0.909 -1.14 -1.176 -1.214 -1.125 -1.16 -0.792 -0.515 -0.642 -0.891 -1.099 -1.172 -0.704 -0.263 -0.356 -0.177 0.108 0.312 0.052 -0.502 -1.047 -1.107 -1.023 -0.913 -0.806 -0.763 -0.824 -0.708 -0.458 -0.125 0.412 1.234 1.285 0.617 0.268 0.254 -0.086 -0.176 -0.523 -0.183 -0.613 -0.877 -0.675 -0.232 -0.016 0.204 0.812 0.728 0.371 -0.114 -0.418 -0.488
0.072 -0.091 -0.758 -0.879 -0.729 -0.096 -0.488 -0.162 0.659 0.882 0.977 1.058 0.774 0.297 -0.096 -0.667 -1.086 -1.491 -1.267 -0.971 -0.745 -0.764 -0.583 -0.341 -0.428 -0.936 -1.311 -1.615 -1.321 -0.885 -0.78 -0.595 -0.5 -0.805 -1.04 -1.112 -1.173 -0.715 -0.235 0.158 0.557 0.545 0.199 -0.268 -0.678 -1.022 -0.846 -0.734 -0.783 -0.645 -0.675 -0.502 -0.563 -0.693 -0.312 0.366 1.274 1.105 0.596 0.254 -0.125 -0.281 -0.598 -0.409 0.107 -0.368 -0.598 -0.678 -0.614 -0.515 0.19 0.783 0.674 -0.133 -0.704 -0.723 -0.241
0.293 0.156 -0.329 -0.352 -0.402 0.037 0.119 0.356 0.879 1.141 1.118 0.974 0.683 0.056 -0.564 -1.025 -1.32 -1.391 -1.163 -0.881 -0.98 -0.979 -0.772 -0.844 -0.837 -1.023 -1.558 -1.615 -1.113 -0.513 -0.315 -0.365 -0.595 -0.926 -0.986 -0.987 -1.111 -0.699 -0.155 0.511 0.579 0.055 -0.115 -0.524 -0.941 -0.847 -0.521 -0.216 -0.132 0.009 -0.065 0.027 -0.034 -0.209 -0.022 0.671 1.431 0.768 0.117 -0.179 -0.384 -0.537 -0.542 -0.401 0.141 0.179 0.105 -0.005 -0.329 -0.561 0.141 0.865 0.708 0.062 -0.52 -0.734 -0.488
0.697 0.434 0.176 0.081 0.117 0.425 0.668 0.887 1.133 1.19 1.047 0.88 0.614 0.025 -0.676 -0.989 -0.998 -1.224 -1.232 -1.142 -1.261 -1.166 -0.917 -1.168 -1.38 -1.174 -1.539 -1.178 -0.716 -0.34 -0.168 -0.404 -0.703 -0.729 -0.657 -0.928 -0.918 -0.404 0.233 0.759 0.147 -0.5 -0.778 -0.709 -0.994 -0.622 -0.228 -0.014 -0.013 0.011 0.18 0.402 0.562 0.477 0.664 1.101 1.489 1.064 0.337 0.204 0.135 -0.27 -0.055 -0.374 -0.374 -0.042 0.329 0.563 0.34 0.077 0.245 0.987 0.639 0.04 -0.52 -0.424 -0.088
1.062 0.834 0.718 0.59 0.698 0.919 1.091 1.141 1.078 1.059 0.996 0.714 0.302 -0.138 -0.432 -0.57 -0.82 -0.948 -1.054 -1.196 -1.501 -1.51 -1.019 -1.42 -1.795 -1.545 -1.344 -0.828 -0.662 -0.487 -0.034 -0.434 -0.674 -0.271 -0.499 -0.871 -0.533 0.077 0.73 0.565 -0.105 -0.812 -1.137 -1.034 -1.086 -0.641 -0.453 -0.411 -0.583 -0.409 -0.008 0.499 0.895 0.798 1.023 0.958 1.126 1.425 1.036 0.811 0.51 0.106 0.27 -0.023 -0.124 -0.128 -0.349 0.155 0.577 0.687 0.629 1.088 0.404 -0.327 -0.38 -0.055 0.032
1.216 1.194 1.152 1.077 1.067 0.996 0.981 0.7 0.548 0.576 0.595 0.537 0.289 0.115 -0.005 -0.155 -0.504 -0.795 -1.14 -1.487 -1.553 -1.387 -1.364 -1.451 -1.567 -1.556 -1.223 -0.897 -0.868 -0.334 0.347 0.006 -0.36 -0.159 -0.73 -0.779 -0.101 0.627 0.73 0.064 -0.411 -1.014 -1.257 -1.11 -0.835 -0.724 -0.35 -0.051 0.021 0.094 0.435 0.839 0.601 -0.039 0.12 0.323 0.419 0.91 1.421 1.403 1.164 0.92 0.51 0.599 0.356 0.008 -0.284 -0.242 -0.064 0.425 0.775 1.125 0.46 -0.211 -0.207 0.308 -0.05
1.045 1.196 0.888 0.923 0.652 0.401 0.64 0.17 -0.251 -0.345 0.021 0.444 0.379 0.051 -0.177 -0.329 -0.421 -0.793 -1.237 -1.485 -1.177 -0.919 -1.038 -0.963 -1.205 -1.404 -1.145 -0.898 -0.576 -0.153 0.235 0.462 0.352 -0.033 -0.693 -0.624 0.032 0.909 0.596 -0.251 -0.971 -1.181 -0.869 -0.698 -0.424 -0.342 -0.148 0.156 0.389 0.491 0.67 0.642 0.054 -0.336 -0.154 0.128 -0.027 0.438 0.89 1.183 1.515 1.507 1.055 0.899 0.333 -0.126 0.215 -0.138 -0.416 -0.104 0.362 1.011 0.906 0.27 -0.097 0.506 0.346
