data/climatemaps/RS_maps/climate_winter_tmin_2019.asc
NCOLS 369 
NROWS 228 
XLLCORNER 479000 
YLLCORNER 73000 
CELLSIZE 1000 
NODATA_value -9 
[rows 170 to 203 of 228, columns 231 to 307 of 369]
-0.177 -0.084 -0.001 0.003 0.381 0.453 0.77 1.268 1.537 1.246 0.723 0.393 0.196 0.114 -0.06 -0.463 -0.348 0.056 0.563 0.723 0.227 -0.298 -0.185 0.284 1.022 1.385 0.954 0.501 0.375 0.191 0.355 -0.268 -0.456 -0.26 0.074 0.396 0.567 0.868 1.079 1.468 1.548 1.282 0.836 0.572 0.526 0.365 0.478 0.195 0.001 0.053 -0.041 -0.225 -0.535 -0.71 -0.435 -0.492 -0.4 -0.712 -1.186 -0.871 -0.986 -1.406 -1.616 -1.23 -1.295 -1.566 -1.247 -0.872 -0.464 -0.394 -0.681 -0.941 -0.707 -0.273 -0.057 -0.213 -0.474
-0.111 -0.248 -0.182 -0.015 0.172 0.086 0.528 1.108 1.527 1.452 0.952 0.504 0.407 0.034 -0.191 -0.44 -0.165 0.232 0.729 0.703 0.218 -0.216 0.306 0.706 1.379 1.301 0.722 0.322 0.475 -0.035 0.327 -0.136 -0.274 0.03 0.128 0.465 0.86 1.156 1.449 1.583 1.509 1.226 0.864 0.507 0.152 -0.133 0.102 0.044 -0.328 -0.454 -0.501 -0.529 -0.511 -0.753 -0.912 -1.083 -1.069 -1.112 -1.242 -0.972 -1.049 -1.255 -1.498 -1.422 -1.423 -1.478 -1.092 -0.731 -0.639 -0.742 -0.692 -1.08 -0.955 -0.593 -0.082 -0.084 -0.454
-0.071 -0.088 -0.088 -0.192 0.012 0.188 0.553 1.014 1.452 1.534 1.155 0.671 0.271 -0.149 -0.46 -0.322 -0.079 0.262 0.724 0.8 0.284 -0.083 0.538 1.183 1.453 1.073 0.5 0.103 0.444 -0.057 0.17 -0.197 -0.171 0.122 0.338 0.402 0.812 1.235 1.552 1.62 1.516 1.181 0.822 0.484 0.203 -0.188 -0.297 -0.246 -0.519 -0.788 -0.547 -0.22 -0.18 -0.669 -1.075 -1.086 -1.119 -1.307 -1.34 -1.262 -1.107 -0.813 -1.114 -1.282 -1.389 -1.408 -1.149 -0.958 -1.136 -1.031 -0.805 -1.263 -1.1 -0.839 -0.183 0.13 -0.156
0.154 0.313 0.006 0.003 0.322 0.575 0.749 0.83 1.341 1.565 1.373 0.923 0.453 0.047 -0.291 -0.09 0.103 0.198 0.587 0.942 0.293 0.291 0.669 1.329 1.364 0.776 0.205 -0.141 0.217 -0.03 -0.11 -0.185 0.038 0.264 0.421 0.526 0.805 1.095 1.524 1.638 1.623 1.374 0.781 0.275 -0.031 -0.289 -0.373 -0.413 -0.481 -0.591 -0.327 0.119 -0.158 -0.878 -0.961 -0.767 -0.713 -1.062 -1.023 -1.067 -0.821 -0.528 -0.682 -0.809 -0.929 -1.119 -1.348 -1.423 -1.582 -1.302 -1.044 -1.183 -1.042 -0.749 -0.207 0.265 0.286
0.526 0.321 -0.055 0.056 0.288 0.547 0.572 0.541 1.257 1.572 1.546 1.185 0.802 0.5 -0.007 -0.031 0.21 0.575 0.868 0.748 0.317 0.617 1.032 1.485 1.128 0.53 0.035 -0.157 -0.088 -0.127 -0.24 0.045 0.238 0.378 0.516 0.584 0.873 0.938 1.321 1.647 1.656 1.549 0.997 0.466 -0.018 -0.268 -0.189 -0.033 -0.004 -0.083 0.025 0.286 -0.158 -0.774 -0.711 -0.434 -0.504 -0.908 -0.63 -0.681 -0.598 -0.289 -0.185 -0.361 -0.544 -0.906 -1.337 -1.688 -1.789 -1.455 -1.306 -1.099 -0.794 -0.424 -0.061 0.375 0.372
0.495 0.117 -0.077 -0.172 0.118 0.555 0.322 0.421 0.987 1.486 1.582 1.436 1.102 0.627 0.151 -0.1 0.243 0.634 1.026 0.638 0.577 0.857 1.276 1.493 0.996 0.6 0.475 0.302 -0.106 -0.244 -0.052 0.414 0.524 0.657 0.688 0.782 0.654 0.627 1.134 1.618 1.673 1.651 1.313 0.696 0.4 0.002 0.072 0.432 0.525 0.478 0.458 0.32 -0.211 -0.621 -0.576 -0.171 -0.457 -0.748 -0.28 -0.192 -0.087 0.148 0.122 -0.246 -0.57 -0.973 -1.265 -1.483 -1.549 -1.428 -1.282 -0.906 -0.6 -0.292 0.003 0.461 0.207
0.617 0.436 0.231 -0.153 0.174 0.315 0.41 0.812 0.972 1.266 1.575 1.58 1.332 0.932 0.461 0.175 0.187 0.543 0.943 1.047 1.002 1.087 1.442 1.394 0.852 0.521 0.408 0.53 0.203 -0.124 0.251 0.461 0.234 0.566 0.416 0.575 0.34 0.629 1.134 1.516 1.673 1.678 1.612 1.277 0.834 0.389 0.365 0.7 0.297 0.078 -0.086 -0.016 -0.344 -0.64 -0.341 0.104 -0.063 -0.283 0.004 0.396 0.321 0.086 -0.277 -0.594 -0.911 -1.02 -1.057 -1.291 -1.169 -1.159 -1.098 -0.875 -0.588 -0.238 -0.079 0.444 0.24
0.595 0.506 0.468 0.024 -0.111 0.191 0.639 0.598 0.556 0.928 1.452 1.586 1.506 1.166 0.697 0.653 0.585 0.685 0.877 1.097 1.271 1.394 1.515 1.244 0.659 0.273 0.06 0.302 0.408 -0.007 0.38 0.183 0.134 0.429 0.136 0.305 0.234 0.724 0.902 1.307 1.625 1.692 1.682 1.598 1.116 0.594 0.61 0.706 -0.006 -0.27 -0.547 -0.475 -0.588 -0.59 -0.168 0.181 0.362 0.371 0.505 0.547 -0.07 -0.48 -0.671 -0.789 -0.87 -0.771 -1.015 -1.275 -0.965 -0.844 -0.766 -0.653 -0.444 -0.132 0.114 0.444 0.466
0.193 0.051 0.112 0.148 -0.007 0.38 0.417 0.346 0.301 0.746 1.26 1.549 1.591 1.249 0.79 1.097 1.167 1.22 1.304 1.316 1.397 1.524 1.368 1.022 0.599 0.281 -0.013 0 0.227 -0.022 0.192 -0.097 0.013 0.061 -0.127 0.017 0.061 0.343 0.571 1.046 1.456 1.694 1.694 1.678 1.259 0.655 0.893 0.778 0.366 -0.002 -0.582 -0.848 -0.917 -0.751 -0.395 -0.259 0.122 0.244 0.519 0.617 -0.133 -0.619 -0.616 -0.62 -0.589 -0.745 -1.065 -1.131 -0.907 -0.886 -0.771 -0.678 -0.601 -0.327 -0.125 -9 -9
0.427 0.12 -0.089 -0.08 -0.027 0.03 0.204 0.113 0.379 0.734 1.02 1.4 1.608 1.465 1.168 1.453 1.525 1.557 1.567 1.543 1.511 1.286 0.932 0.746 0.609 0.419 -0.032 -0.235 -0.059 -0.069 0.02 0.022 0.094 0.041 -0.099 -0.115 -0.022 -0.056 0.34 0.893 1.26 1.562 -9 1.692 1.586 1.136 1.115 0.787 0.274 -0.181 -0.682 -0.607 -0.628 -0.871 -0.721 -0.555 -0.359 -0.361 0.263 0.738 0.121 -0.164 -0.12 -0.227 -0.485 -0.71 -0.95 -1.041 -0.749 -0.933 -0.884 -0.875 -0.733 -0.552 -0.442 -9 -9
0.841 0.508 0.216 0.199 0.136 -0.067 0.048 0.087 0.415 0.682 0.891 1.216 1.545 1.602 1.521 1.478 1.362 1.333 1.319 1.3 1.291 1.197 0.898 0.558 0.356 0.316 0.058 -0.211 0.117 0.09 0.266 0.443 0.54 0.436 0.129 0.173 0.226 -0.167 0.196 0.689 0.734 0.954 -9 -9 1.681 1.612 1.28 0.906 0.514 0.05 -0.399 -0.261 -0.339 -0.734 -0.648 -0.609 -0.554 -0.331 0.228 0.803 0.42 0.159 -0.168 -0.29 -0.363 -0.593 -0.694 -0.842 -0.643 -0.645 -0.704 -0.673 -0.772 -0.825 -9 -9 -9
1.093 0.784 0.594 0.468 0.254 0.108 0.3 0.39 0.548 0.784 0.968 1.223 1.495 1.612 1.515 1.246 0.95 0.832 0.825 0.842 1.005 1.094 1.05 0.722 0.279 -0.029 -0.103 -0.091 0.39 0.204 0.321 0.351 0.475 0.725 0.253 0.468 0.219 0.043 0.194 0.342 0.306 -9 -9 -9 -9 -9 1.285 0.686 0.479 0.273 0.071 0.004 -0.283 -0.698 -0.572 -0.379 -0.238 -0.026 0.486 0.807 0.305 0.136 -0.029 -0.062 0.067 -0.071 -0.328 -0.359 -0.344 -0.263 -0.464 -0.22 -9 -9 -9 -9 -9
0.916 0.762 0.608 0.48 0.452 0.306 0.553 0.745 0.603 0.725 1.016 1.41 1.591 1.563 1.246 1.114 0.98 0.802 0.582 0.496 0.732 0.692 0.879 0.845 0.507 0.144 0.02 0.117 0.512 0.228 0.017 0.118 0.481 0.882 0.704 0.719 0.358 0.49 0.51 0.602 0.486 -9 -9 -9 -9 -9 -9 0.796 0.632 0.393 0.139 -0.102 -0.445 -0.752 -0.67 -0.333 0.013 0.322 0.749 0.589 0.252 0.485 0.365 0.364 0.524 0.406 0.084 0.074 0.115 0.088 -0.052 -9 -9 -9 -9 -9 -9
0.95 0.732 0.614 0.66 0.787 0.563 0.641 0.944 0.974 1.03 1.264 1.607 1.631 1.448 0.967 0.804 0.857 0.848 0.711 0.413 0.402 0.469 0.611 0.736 0.446 0.158 0.394 0.625 0.728 0.354 0.33 0.457 0.737 1.032 1.12 1.003 0.665 0.822 0.754 0.902 0.81 -9 -9 -9 -9 -9 -9 -9 -9 -9 -9 -0.366 -0.522 -0.567 -0.399 -0.341 -0.003 0.522 0.943 0.543 0.63 0.853 0.801 0.818 0.886 0.628 0.326 -9 -9 -9 -9 -9 -9 -9 -9 -9 -9
1.121 1.07 0.99 1.03 1.038 0.869 0.912 1.036 1.234 1.432 1.537 1.645 1.583 1.357 0.94 0.586 0.551 0.575 0.582 0.386 0.137 0.315 0.411 0.453 0.44 0.071 0.249 0.69 0.941 0.67 0.676 0.779 0.761 1.012 1.293 1.132 0.823 1.094 1.032 1.21 1.209 -9 -9 -9 -9 -9 -9 -9 -9 -9 -9 -9 -9 -9 -9 -9 0.244 0.695 1.093 0.776 1.055 1.206 -9 -9 -9 -9 -9 -9 -9 -9 -9 -9 -9 -9 -9 -9 -9
1.499 1.436 1.362 1.384 1.358 1.264 1.322 1.369 1.492 1.629 1.641 1.643 1.515 1.278 0.954 0.679 0.635 0.535 0.428 0.322 0.162 0.146 0.297 0.195 0.264 0.067 0.402 0.773 1.058 0.839 0.891 1.063 0.83 0.963 1.295 1.233 0.987 1.306 1.474 1.542 -9 -9 -9 -9 -9 -9 -9 -9 -9 -9 -9 -9 -9 -9 -9 -9 -9 -9 -9 -9 -9 -9 -9 -9 -9 -9 -9 -9 -9 -9 -9 -9 -9 -9 -9 -9 -9
1.681 1.662 1.625 1.626 1.626 1.594 1.606 1.619 1.646 1.662 1.653 1.626 1.471 1.243 1.085 1.051 1.027 0.891 0.786 0.688 0.546 0.31 0.099 0.016 0.151 0.419 0.675 0.911 1.15 1.079 1.088 1.252 1.14 1.212 1.315 1.404 1.298 1.584 1.692 -9 -9 -9 -9 -9 -9 -9 -9 -9 -9 -9 -9 -9 -9 -9 -9 -9 -9 -9 -9 -9 -9 -9 -9 -9 -9 -9 -9 -9 -9 -9 -9 -9 -9 -9 -9 -9 -9
1.694 1.694 1.689 1.678 1.678 1.676 1.675 1.675 1.676 1.663 1.641 1.524 1.332 1.308 1.248 1.18 0.998 0.952 0.826 0.721 0.494 0.399 0.276 0.297 0.419 0.616 0.788 0.899 0.994 1.179 1.259 1.337 1.422 1.388 1.356 1.56 1.626 1.725 1.742 -9 -9 -9 -9 -9 -9 -9 -9 -9 -9 -9 -9 -9 -9 -9 -9 -9 -9 -9 -9 -9 -9 -9 -9 -9 -9 -9 -9 -9 -9 -9 -9 -9 -9 -9 -9 -9 -9
1.694 1.694 1.682 1.686 1.689 1.678 1.678 1.667 1.659 1.594 1.461 1.255 0.998 0.868 0.817 0.931 0.748 0.588 0.448 0.639 0.361 0.375 0.617 0.61 0.567 0.561 0.61 0.647 0.739 0.95 1.099 1.223 1.483 1.61 1.597 1.68 1.739 1.742 -9 -9 -9 -9 -9 -9 -9 -9 -9 -9 -9 -9 -9 -9 -9 -9 -9 -9 -9 -9 -9 -9 -9 -9 -9 -9 -9 -9 -9 -9 -9 -9 -9 -9 -9 -9 -9 -9 -9
1.542 1.467 1.541 1.533 1.567 1.566 1.555 1.468 1.381 1.305 1.092 0.893 0.653 0.598 0.513 0.562 0.798 0.599 0.33 0.48 0.319 0.551 0.719 0.834 0.862 0.849 0.837 0.765 0.884 1.01 1.137 1.313 1.572 1.725 1.749 1.749 1.742 -9 -9 -9 -9 -9 -9 -9 -9 -9 -9 -9 -9 -9 -9 -9 -9 -9 -9 -9 -9 -9 -9 -9 -9 -9 -9 -9 -9 -9 -9 -9 -9 -9 -9 -9 -9 -9 -9 -9 -9
1.091 1.076 1.34 1.377 1.351 1.169 1.205 1.146 1.063 1.029 1.093 0.982 0.79 0.598 0.358 0.269 0.489 0.524 0.269 0.321 0.319 0.365 0.516 0.696 0.877 0.978 1.099 1.115 1.211 1.323 1.391 1.532 1.712 1.753 1.757 1.756 1.744 -9 -9 -9 -9 -9 -9 -9 -9 -9 -9 -9 -9 -9 -9 -9 -9 -9 -9 -9 -9 -9 -9 -9 -9 -9 -9 -9 -9 -9 -9 -9 -9 -9 -9 -9 -9 -9 -9 -9 -9
0.726 1.01 1.028 1.241 1.446 1.148 0.929 1.03 1.053 1.181 1.068 0.999 0.898 0.675 0.468 0.334 0.29 0.359 0.291 0.459 0.473 0.261 0.314 0.461 0.538 0.695 0.922 1.062 1.164 1.235 1.248 1.467 1.732 1.757 1.75 1.723 1.739 -9 -9 -9 -9 -9 -9 -9 -9 -9 -9 -9 -9 -9 -9 -9 -9 -9 -9 -9 -9 -9 -9 -9 -9 -9 -9 -9 -9 -9 -9 -9 -9 -9 -9 -9 -9 -9 -9 -9 -9
0.713 0.911 0.749 1.102 1.431 1.343 1.14 1.22 1.166 1.13 0.842 0.756 0.768 0.693 0.618 0.449 0.25 0.361 0.493 0.707 0.634 0.402 0.272 0.313 0.307 0.385 0.617 0.755 0.794 0.927 1.203 1.565 1.751 1.757 1.748 1.648 -9 -9 -9 -9 -9 -9 -9 -9 -9 -9 -9 -9 -9 -9 -9 -9 -9 -9 -9 -9 -9 -9 -9 -9 -9 -9 -9 -9 -9 -9 -9 -9 -9 -9 -9 -9 -9 -9 -9 -9 -9
0.664 0.637 0.694 1.054 1.349 1.473 1.331 1.234 1.186 0.971 0.731 0.573 0.629 0.604 0.675 0.625 0.367 0.467 0.656 0.898 0.829 0.581 0.538 0.525 0.388 0.326 0.322 0.437 0.478 0.868 1.263 1.611 1.757 1.757 1.757 -9 -9 -9 -9 -9 -9 -9 -9 -9 -9 -9 -9 -9 -9 -9 -9 -9 -9 -9 -9 -9 -9 -9 -9 -9 -9 -9 -9 -9 -9 -9 -9 -9 -9 -9 -9 -9 -9 -9 -9 -9 -9
0.541 0.595 0.701 1.053 1.358 1.466 1.201 1.084 1.111 0.847 0.712 0.637 0.743 0.78 0.907 0.903 0.588 0.522 0.758 0.999 0.959 0.724 0.821 0.716 0.685 0.444 0.315 0.275 0.42 0.789 1.169 1.584 1.749 1.757 1.749 -9 -9 -9 -9 -9 -9 -9 -9 -9 -9 -9 -9 -9 -9 -9 -9 -9 -9 -9 -9 -9 -9 -9 -9 -9 -9 -9 -9 -9 -9 -9 -9 -9 -9 -9 -9 -9 -9 -9 -9 -9 -9
0.615 0.817 0.933 1.245 1.516 1.371 1.098 1.099 1.24 0.935 0.877 0.889 0.956 1.049 1.088 1.042 0.818 0.632 0.832 1.067 1.129 0.977 1.05 0.947 0.791 0.588 0.662 0.472 0.488 0.871 1.231 1.584 1.748 1.757 -9 -9 -9 -9 -9 -9 -9 -9 -9 -9 -9 -9 -9 -9 -9 -9 -9 -9 -9 -9 -9 -9 -9 -9 -9 -9 -9 -9 -9 -9 -9 -9 -9 -9 -9 -9 -9 -9 -9 -9 -9 -9 -9
0.613 0.769 1.088 1.319 1.544 1.363 1.171 1.158 1.33 1.108 1.111 1.175 1.181 1.162 1.063 1.03 0.801 0.708 0.859 0.95 1.089 1.248 1.247 1.092 0.751 0.853 0.752 0.479 0.545 0.924 1.259 1.555 -9 -9 -9 -9 -9 -9 -9 -9 -9 -9 -9 -9 -9 -9 -9 -9 -9 -9 -9 -9 -9 -9 -9 -9 -9 -9 -9 -9 -9 -9 -9 -9 -9 -9 -9 -9 -9 -9 -9 -9 -9 -9 -9 -9 -9
0.754 0.827 0.985 1.24 1.496 1.527 1.345 1.311 1.389 1.311 1.281 1.24 1.126 0.99 0.923 0.893 0.719 0.787 0.98 1.007 0.917 1.205 1.249 0.957 0.875 1.064 0.898 0.66 0.82 1.004 1.336 -9 -9 -9 -9 -9 -9 -9 -9 -9 -9 -9 -9 -9 -9 -9 -9 -9 -9 -9 -9 -9 -9 -9 -9 -9 -9 -9 -9 -9 -9 -9 -9 -9 -9 -9 -9 -9 -9 -9 -9 -9 -9 -9 -9 -9 -9
0.878 1.013 0.924 1.201 1.497 1.589 1.506 1.445 1.454 1.403 1.299 1.271 1.115 0.907 0.763 0.67 0.601 0.725 0.907 1.09 1.057 1.185 1.25 0.856 1.012 1.129 0.829 0.732 1.011 1.263 -9 -9 -9 -9 -9 -9 -9 -9 -9 -9 -9 -9 -9 -9 -9 -9 -9 -9 -9 -9 -9 -9 -9 -9 -9 -9 -9 -9 -9 -9 -9 -9 -9 -9 -9 -9 -9 -9 -9 -9 -9 -9 -9 -9 -9 -9 -9
0.962 1.154 1.045 1.261 1.553 1.58 1.55 1.456 1.487 1.483 1.364 1.201 0.955 0.884 0.899 0.749 0.725 0.93 1.066 1.236 1.217 1.411 1.426 1.247 1.189 1.259 1.235 1.079 1.26 -9 -9 -9 -9 -9 -9 -9 -9 -9 -9 -9 -9 -9 -9 -9 -9 -9 -9 -9 -9 -9 -9 -9 -9 -9 -9 -9 -9 -9 -9 -9 -9 -9 -9 -9 -9 -9 -9 -9 -9 -9 -9 -9 -9 -9 -9 -9 -9
1.05 1.234 1.239 1.319 1.592 1.598 1.554 1.438 1.571 1.543 1.378 1.089 0.942 1.061 1.08 1.074 1.072 0.885 1.025 1.356 1.491 1.58 1.616 1.605 1.504 1.361 1.416 1.33 1.441 -9 -9 -9 -9 -9 -9 -9 -9 -9 -9 -9 -9 -9 -9 -9 -9 -9 -9 -9 -9 -9 -9 -9 -9 -9 -9 -9 -9 -9 -9 -9 -9 -9 -9 -9 -9 -9 -9 -9 -9 -9 -9 -9 -9 -9 -9 -9 -9
1.236 1.328 1.27 1.355 1.615 1.642 1.572 1.512 1.611 1.519 1.27 1.008 1.08 1.272 1.406 1.428 1.265 1.031 1.275 1.555 1.678 1.685 1.659 1.647 1.632 1.577 1.51 1.494 1.528 -9 -9 -9 -9 -9 -9 -9 -9 -9 -9 -9 -9 -9 -9 -9 -9 -9 -9 -9 -9 -9 -9 -9 -9 -9 -9 -9 -9 -9 -9 -9 -9 -9 -9 -9 -9 -9 -9 -9 -9 -9 -9 -9 -9 -9 -9 -9 -9
1.378 1.365 1.25 1.425 1.637 1.664 1.565 1.583 1.646 1.472 1.087 0.924 1.148 1.339 1.546 1.579 1.478 1.493 1.643 1.69 1.644 1.547 1.406 1.373 1.438 1.554 1.583 1.589 -9 -9 -9 -9 -9 -9 -9 -9 -9 -9 -9 -9 -9 -9 -9 -9 -9 -9 -9 -9 -9 -9 -9 -9 -9 -9 -9 -9 -9 -9 -9 -9 -9 -9 -9 -9 -9 -9 -9 -9 -9 -9 -9 -9 -9 -9 -9 -9 -9
1.423 1.274 1.355 1.565 1.676 1.649 1.58 1.642 1.65 1.425 1.139 1.188 1.504 1.665 1.687 1.689 1.694 1.698 1.692 1.621 1.368 1.22 0.986 0.92 1.084 1.223 1.375 1.493 -9 -9 -9 -9 -9 -9 -9 -9 -9 -9 -9 -9 -9 -9 -9 -9 -9 -9 -9 -9 -9 -9 -9 -9 -9 -9 -9 -9 -9 -9 -9 -9 -9 -9 -9 -9 -9 -9 -9 -9 -9 -9 -9 -9 -9 -9 -9 -9 -9
