data/climatemaps/RS_maps/climate_winter_pr_2010.asc
NCOLS 369 
NROWS 228 
XLLCORNER 479000 
YLLCORNER 73000 
CELLSIZE 1000 
NODATA_value -9 
[rows 66 to 98 of 228, columns 74 to 147 of 369]
-0.089 -0.087 -0.097 -0.111 -0.12 -0.112 -0.086 -0.072 -0.094 -0.177 -0.233 -0.238 -0.226 -0.187 -0.145 -0.124 -0.128 -0.156 -0.194 -0.235 -0.269 -0.293 -0.307 -0.314 -0.321 -0.332 -0.354 -0.383 -0.414 -0.442 -0.453 -0.433 -0.391 -0.339 -0.305 -0.294 -0.308 -0.332 -0.357 -0.379 -0.4 -0.387 -0.371 -0.344 -0.313 -0.279 -0.25 -0.238 -0.251 -0.26 -0.265 -0.26 -0.242 -0.228 -0.229 -0.25 -0.284 -0.331 -0.374 -0.408 -0.44 -0.468 -0.498 -0.539 -0.577 -0.623 -0.673 -0.724 -0.77 -0.805 -0.825 -0.847 -0.858 -0.866
-0.108 -0.113 -0.127 -0.139 -0.145 -0.132 -0.106 -0.094 -0.123 -0.204 -0.251 -0.246 -0.234 -0.196 -0.158 -0.144 -0.156 -0.19 -0.233 -0.271 -0.298 -0.316 -0.323 -0.32 -0.316 -0.32 -0.342 -0.38 -0.419 -0.455 -0.469 -0.445 -0.404 -0.36 -0.332 -0.321 -0.327 -0.337 -0.348 -0.365 -0.362 -0.339 -0.315 -0.285 -0.254 -0.222 -0.21 -0.211 -0.217 -0.222 -0.227 -0.236 -0.235 -0.237 -0.251 -0.297 -0.35 -0.403 -0.45 -0.493 -0.533 -0.564 -0.594 -0.625 -0.653 -0.685 -0.72 -0.759 -0.791 -0.816 -0.837 -0.856 -0.863 -0.862
-0.126 -0.14 -0.157 -0.168 -0.168 -0.15 -0.129 -0.125 -0.152 -0.219 -0.253 -0.244 -0.234 -0.205 -0.176 -0.173 -0.195 -0.236 -0.279 -0.315 -0.338 -0.348 -0.345 -0.33 -0.317 -0.314 -0.336 -0.386 -0.438 -0.484 -0.503 -0.484 -0.447 -0.402 -0.374 -0.365 -0.365 -0.365 -0.359 -0.359 -0.345 -0.322 -0.294 -0.263 -0.232 -0.202 -0.181 -0.18 -0.191 -0.211 -0.246 -0.27 -0.288 -0.31 -0.341 -0.38 -0.428 -0.486 -0.545 -0.597 -0.635 -0.662 -0.685 -0.705 -0.723 -0.74 -0.762 -0.784 -0.808 -0.832 -0.847 -0.857 -0.857 -0.852
-0.137 -0.158 -0.177 -0.19 -0.186 -0.171 -0.159 -0.168 -0.194 -0.23 -0.232 -0.23 -0.225 -0.205 -0.191 -0.2 -0.233 -0.279 -0.323 -0.359 -0.38 -0.386 -0.379 -0.361 -0.344 -0.341 -0.363 -0.411 -0.465 -0.509 -0.527 -0.509 -0.469 -0.425 -0.392 -0.372 -0.363 -0.357 -0.348 -0.33 -0.302 -0.277 -0.247 -0.215 -0.192 -0.189 -0.19 -0.21 -0.236 -0.273 -0.311 -0.345 -0.373 -0.402 -0.431 -0.466 -0.513 -0.572 -0.633 -0.685 -0.719 -0.742 -0.758 -0.769 -0.777 -0.789 -0.8 -0.81 -0.826 -0.84 -0.844 -0.845 -0.847 -0.85
-0.142 -0.167 -0.19 -0.205 -0.203 -0.197 -0.201 -0.212 -0.216 -0.21 -0.209 -0.21 -0.205 -0.195 -0.196 -0.22 -0.262 -0.311 -0.358 -0.395 -0.42 -0.433 -0.43 -0.417 -0.396 -0.386 -0.4 -0.439 -0.489 -0.521 -0.523 -0.492 -0.441 -0.388 -0.347 -0.32 -0.302 -0.289 -0.276 -0.257 -0.236 -0.217 -0.197 -0.189 -0.203 -0.228 -0.26 -0.296 -0.327 -0.364 -0.401 -0.435 -0.466 -0.495 -0.521 -0.563 -0.611 -0.663 -0.714 -0.756 -0.784 -0.799 -0.806 -0.803 -0.801 -0.808 -0.817 -0.828 -0.834 -0.833 -0.83 -0.832 -0.837 -0.841
-0.149 -0.18 -0.204 -0.22 -0.227 -0.238 -0.247 -0.227 -0.198 -0.184 -0.181 -0.176 -0.169 -0.173 -0.193 -0.231 -0.278 -0.328 -0.38 -0.424 -0.459 -0.477 -0.477 -0.465 -0.447 -0.438 -0.445 -0.473 -0.51 -0.521 -0.509 -0.47 -0.412 -0.351 -0.299 -0.264 -0.24 -0.225 -0.217 -0.209 -0.202 -0.197 -0.199 -0.221 -0.263 -0.305 -0.351 -0.39 -0.427 -0.463 -0.499 -0.531 -0.56 -0.586 -0.615 -0.654 -0.696 -0.739 -0.777 -0.809 -0.827 -0.832 -0.829 -0.819 -0.81 -0.813 -0.821 -0.826 -0.827 -0.821 -0.821 -0.824 -0.828 -0.831
-0.162 -0.195 -0.217 -0.238 -0.269 -0.28 -0.255 -0.214 -0.182 -0.158 -0.141 -0.128 -0.131 -0.15 -0.182 -0.227 -0.278 -0.333 -0.39 -0.442 -0.484 -0.51 -0.521 -0.521 -0.512 -0.502 -0.501 -0.513 -0.527 -0.522 -0.506 -0.467 -0.411 -0.351 -0.299 -0.256 -0.224 -0.203 -0.196 -0.198 -0.209 -0.228 -0.258 -0.302 -0.351 -0.401 -0.451 -0.492 -0.527 -0.562 -0.594 -0.62 -0.644 -0.667 -0.691 -0.722 -0.757 -0.79 -0.819 -0.84 -0.85 -0.845 -0.834 -0.823 -0.815 -0.814 -0.819 -0.819 -0.817 -0.814 -0.812 -0.812 -0.817 -0.822
-0.176 -0.21 -0.236 -0.268 -0.312 -0.291 -0.254 -0.21 -0.165 -0.125 -0.099 -0.09 -0.103 -0.128 -0.165 -0.213 -0.269 -0.33 -0.393 -0.457 -0.51 -0.551 -0.578 -0.588 -0.584 -0.573 -0.564 -0.558 -0.545 -0.537 -0.528 -0.498 -0.459 -0.4 -0.336 -0.277 -0.237 -0.216 -0.214 -0.229 -0.261 -0.307 -0.358 -0.409 -0.455 -0.503 -0.547 -0.583 -0.614 -0.642 -0.667 -0.688 -0.706 -0.722 -0.741 -0.765 -0.791 -0.817 -0.839 -0.853 -0.856 -0.848 -0.834 -0.821 -0.811 -0.808 -0.812 -0.81 -0.807 -0.801 -0.799 -0.802 -0.806 -0.814
-0.195 -0.23 -0.267 -0.313 -0.333 -0.3 -0.263 -0.209 -0.149 -0.102 -0.077 -0.072 -0.085 -0.112 -0.152 -0.205 -0.269 -0.339 -0.413 -0.488 -0.546 -0.586 -0.607 -0.614 -0.607 -0.59 -0.575 -0.565 -0.555 -0.555 -0.547 -0.529 -0.502 -0.436 -0.371 -0.316 -0.283 -0.265 -0.27 -0.299 -0.344 -0.402 -0.46 -0.511 -0.556 -0.596 -0.629 -0.655 -0.675 -0.693 -0.709 -0.724 -0.735 -0.745 -0.761 -0.786 -0.808 -0.828 -0.843 -0.851 -0.851 -0.841 -0.825 -0.809 -0.797 -0.798 -0.801 -0.798 -0.793 -0.789 -0.791 -0.792 -0.794 -0.805
-0.213 -0.263 -0.323 -0.353 -0.342 -0.317 -0.276 -0.215 -0.151 -0.103 -0.078 -0.072 -0.086 -0.113 -0.16 -0.224 -0.299 -0.376 -0.452 -0.507 -0.541 -0.555 -0.553 -0.555 -0.545 -0.52 -0.502 -0.492 -0.5 -0.504 -0.499 -0.512 -0.516 -0.462 -0.42 -0.378 -0.34 -0.332 -0.35 -0.391 -0.443 -0.501 -0.553 -0.6 -0.64 -0.671 -0.689 -0.7 -0.705 -0.708 -0.714 -0.722 -0.73 -0.745 -0.768 -0.796 -0.816 -0.83 -0.838 -0.843 -0.838 -0.825 -0.806 -0.793 -0.787 -0.787 -0.787 -0.784 -0.782 -0.781 -0.776 -0.77 -0.778 -0.795
-0.234 -0.307 -0.359 -0.375 -0.362 -0.337 -0.294 -0.232 -0.167 -0.12 -0.098 -0.093 -0.104 -0.137 -0.195 -0.271 -0.354 -0.419 -0.459 -0.471 -0.467 -0.462 -0.456 -0.45 -0.433 -0.412 -0.396 -0.386 -0.397 -0.41 -0.431 -0.476 -0.522 -0.508 -0.474 -0.442 -0.437 -0.445 -0.463 -0.497 -0.542 -0.589 -0.634 -0.675 -0.706 -0.724 -0.724 -0.713 -0.702 -0.689 -0.685 -0.695 -0.714 -0.741 -0.771 -0.794 -0.813 -0.824 -0.83 -0.83 -0.821 -0.807 -0.79 -0.782 -0.775 -0.766 -0.768 -0.768 -0.765 -0.754 -0.741 -0.739 -0.753 -0.781
-0.252 -0.318 -0.38 -0.383 -0.379 -0.353 -0.31 -0.253 -0.194 -0.151 -0.135 -0.131 -0.148 -0.188 -0.257 -0.331 -0.384 -0.403 -0.398 -0.385 -0.37 -0.358 -0.346 -0.334 -0.317 -0.299 -0.287 -0.287 -0.309 -0.355 -0.406 -0.466 -0.516 -0.546 -0.546 -0.545 -0.541 -0.537 -0.547 -0.579 -0.621 -0.663 -0.699 -0.73 -0.75 -0.751 -0.728 -0.699 -0.675 -0.655 -0.651 -0.671 -0.7 -0.734 -0.764 -0.787 -0.804 -0.815 -0.819 -0.819 -0.809 -0.794 -0.779 -0.77 -0.751 -0.737 -0.741 -0.734 -0.722 -0.715 -0.704 -0.7 -0.726 -0.768
-0.267 -0.336 -0.361 -0.369 -0.383 -0.362 -0.326 -0.279 -0.23 -0.199 -0.192 -0.2 -0.225 -0.272 -0.321 -0.342 -0.332 -0.321 -0.301 -0.277 -0.257 -0.241 -0.235 -0.224 -0.218 -0.21 -0.214 -0.225 -0.259 -0.302 -0.359 -0.428 -0.509 -0.582 -0.615 -0.619 -0.608 -0.611 -0.634 -0.664 -0.693 -0.721 -0.745 -0.763 -0.767 -0.748 -0.712 -0.679 -0.65 -0.632 -0.63 -0.644 -0.674 -0.719 -0.755 -0.783 -0.797 -0.806 -0.808 -0.806 -0.798 -0.784 -0.77 -0.751 -0.73 -0.711 -0.715 -0.689 -0.681 -0.676 -0.663 -0.666 -0.709 -0.75
-0.285 -0.32 -0.343 -0.363 -0.374 -0.36 -0.335 -0.302 -0.269 -0.255 -0.266 -0.284 -0.314 -0.326 -0.315 -0.294 -0.264 -0.222 -0.187 -0.159 -0.146 -0.141 -0.146 -0.15 -0.15 -0.144 -0.148 -0.175 -0.21 -0.24 -0.314 -0.419 -0.533 -0.613 -0.654 -0.668 -0.669 -0.684 -0.71 -0.729 -0.748 -0.762 -0.772 -0.773 -0.763 -0.731 -0.693 -0.659 -0.632 -0.607 -0.605 -0.626 -0.668 -0.716 -0.753 -0.781 -0.795 -0.797 -0.799 -0.795 -0.783 -0.771 -0.75 -0.72 -0.704 -0.677 -0.682 -0.648 -0.634 -0.627 -0.613 -0.641 -0.684 -0.727
-0.253 -0.288 -0.326 -0.346 -0.355 -0.346 -0.333 -0.319 -0.31 -0.32 -0.335 -0.339 -0.323 -0.305 -0.278 -0.238 -0.185 -0.129 -0.088 -0.075 -0.079 -0.094 -0.098 -0.092 -0.086 -0.096 -0.124 -0.153 -0.169 -0.236 -0.337 -0.456 -0.556 -0.631 -0.676 -0.709 -0.728 -0.743 -0.759 -0.773 -0.779 -0.777 -0.776 -0.765 -0.75 -0.716 -0.68 -0.641 -0.608 -0.593 -0.593 -0.62 -0.678 -0.722 -0.756 -0.78 -0.793 -0.794 -0.793 -0.788 -0.77 -0.75 -0.717 -0.695 -0.685 -0.667 -0.644 -0.615 -0.586 -0.579 -0.574 -0.603 -0.646 -0.688
-0.212 -0.261 -0.3 -0.317 -0.325 -0.321 -0.322 -0.329 -0.337 -0.343 -0.33 -0.317 -0.299 -0.272 -0.23 -0.167 -0.108 -0.062 -0.046 -0.051 -0.065 -0.077 -0.064 -0.071 -0.097 -0.125 -0.141 -0.16 -0.211 -0.31 -0.413 -0.5 -0.581 -0.651 -0.7 -0.734 -0.759 -0.775 -0.789 -0.795 -0.783 -0.774 -0.777 -0.761 -0.742 -0.706 -0.667 -0.635 -0.612 -0.607 -0.616 -0.659 -0.703 -0.734 -0.761 -0.782 -0.792 -0.791 -0.788 -0.781 -0.765 -0.738 -0.709 -0.687 -0.674 -0.648 -0.611 -0.585 -0.544 -0.528 -0.537 -0.563 -0.604 -0.637
-0.172 -0.227 -0.263 -0.279 -0.287 -0.289 -0.302 -0.32 -0.32 -0.316 -0.308 -0.289 -0.259 -0.221 -0.168 -0.101 -0.054 -0.044 -0.048 -0.062 -0.077 -0.08 -0.088 -0.115 -0.145 -0.161 -0.182 -0.233 -0.314 -0.402 -0.474 -0.543 -0.608 -0.668 -0.714 -0.747 -0.775 -0.793 -0.803 -0.805 -0.793 -0.787 -0.779 -0.758 -0.732 -0.701 -0.673 -0.649 -0.642 -0.654 -0.677 -0.703 -0.725 -0.747 -0.769 -0.784 -0.791 -0.788 -0.783 -0.776 -0.756 -0.735 -0.714 -0.685 -0.667 -0.624 -0.591 -0.554 -0.512 -0.482 -0.5 -0.516 -0.563 -0.602
-0.136 -0.189 -0.22 -0.233 -0.24 -0.245 -0.258 -0.269 -0.276 -0.285 -0.281 -0.26 -0.225 -0.179 -0.114 -0.063 -0.048 -0.054 -0.071 -0.093 -0.108 -0.118 -0.135 -0.156 -0.181 -0.213 -0.267 -0.344 -0.422 -0.481 -0.536 -0.585 -0.628 -0.671 -0.713 -0.747 -0.783 -0.801 -0.807 -0.805 -0.795 -0.782 -0.77 -0.754 -0.729 -0.707 -0.695 -0.689 -0.699 -0.709 -0.718 -0.726 -0.74 -0.758 -0.775 -0.785 -0.789 -0.787 -0.781 -0.77 -0.741 -0.723 -0.709 -0.685 -0.657 -0.612 -0.575 -0.523 -0.482 -0.457 -0.47 -0.483 -0.526 -0.562
-0.103 -0.15 -0.176 -0.187 -0.189 -0.182 -0.189 -0.208 -0.235 -0.259 -0.266 -0.25 -0.212 -0.149 -0.085 -0.061 -0.061 -0.079 -0.108 -0.135 -0.151 -0.16 -0.169 -0.192 -0.237 -0.301 -0.372 -0.449 -0.507 -0.555 -0.593 -0.621 -0.648 -0.685 -0.727 -0.764 -0.79 -0.803 -0.801 -0.791 -0.777 -0.764 -0.758 -0.758 -0.751 -0.746 -0.749 -0.744 -0.739 -0.737 -0.733 -0.734 -0.748 -0.764 -0.776 -0.784 -0.787 -0.785 -0.779 -0.762 -0.728 -0.711 -0.702 -0.676 -0.639 -0.604 -0.565 -0.511 -0.461 -0.436 -0.442 -0.458 -0.492 -0.526
-0.071 -0.112 -0.128 -0.136 -0.127 -0.119 -0.137 -0.17 -0.216 -0.25 -0.263 -0.249 -0.204 -0.125 -0.075 -0.07 -0.079 -0.109 -0.155 -0.186 -0.199 -0.2 -0.214 -0.256 -0.329 -0.403 -0.472 -0.534 -0.586 -0.621 -0.639 -0.649 -0.676 -0.712 -0.743 -0.773 -0.795 -0.801 -0.791 -0.777 -0.764 -0.758 -0.766 -0.779 -0.788 -0.792 -0.783 -0.769 -0.76 -0.751 -0.737 -0.736 -0.75 -0.764 -0.775 -0.781 -0.784 -0.783 -0.776 -0.758 -0.731 -0.71 -0.697 -0.667 -0.622 -0.581 -0.536 -0.489 -0.453 -0.414 -0.426 -0.447 -0.475 -0.509
-0.046 -0.07 -0.08 -0.083 -0.076 -0.092 -0.133 -0.188 -0.241 -0.278 -0.285 -0.267 -0.203 -0.114 -0.076 -0.084 -0.1 -0.156 -0.213 -0.247 -0.258 -0.265 -0.304 -0.363 -0.426 -0.487 -0.549 -0.608 -0.654 -0.673 -0.678 -0.688 -0.71 -0.732 -0.755 -0.781 -0.8 -0.801 -0.787 -0.773 -0.758 -0.759 -0.779 -0.795 -0.807 -0.807 -0.793 -0.779 -0.767 -0.754 -0.735 -0.735 -0.747 -0.759 -0.771 -0.777 -0.781 -0.78 -0.771 -0.754 -0.737 -0.718 -0.695 -0.658 -0.615 -0.565 -0.506 -0.459 -0.433 -0.405 -0.423 -0.435 -0.453 -0.476
-0.024 -0.035 -0.031 -0.04 -0.064 -0.111 -0.181 -0.257 -0.317 -0.356 -0.351 -0.304 -0.202 -0.116 -0.095 -0.114 -0.153 -0.225 -0.29 -0.326 -0.348 -0.377 -0.418 -0.458 -0.501 -0.557 -0.616 -0.67 -0.703 -0.718 -0.727 -0.734 -0.741 -0.752 -0.769 -0.789 -0.804 -0.804 -0.791 -0.776 -0.758 -0.765 -0.783 -0.799 -0.814 -0.813 -0.797 -0.782 -0.765 -0.748 -0.729 -0.732 -0.739 -0.75 -0.767 -0.774 -0.777 -0.777 -0.768 -0.754 -0.738 -0.719 -0.692 -0.655 -0.615 -0.559 -0.488 -0.445 -0.419 -0.403 -0.416 -0.417 -0.426 -0.433
-0.014 -0.005 0.005 -0.024 -0.081 -0.167 -0.268 -0.356 -0.41 -0.427 -0.395 -0.314 -0.201 -0.138 -0.135 -0.164 -0.231 -0.316 -0.39 -0.433 -0.461 -0.482 -0.504 -0.529 -0.567 -0.617 -0.669 -0.714 -0.744 -0.763 -0.769 -0.766 -0.765 -0.769 -0.781 -0.794 -0.8 -0.797 -0.791 -0.781 -0.769 -0.775 -0.788 -0.803 -0.814 -0.812 -0.796 -0.779 -0.757 -0.742 -0.734 -0.735 -0.734 -0.747 -0.764 -0.77 -0.769 -0.77 -0.76 -0.751 -0.741 -0.723 -0.689 -0.671 -0.623 -0.556 -0.496 -0.454 -0.421 -0.408 -0.418 -0.412 -0.41 -0.398
-0.006 0.023 0.02 -0.043 -0.14 -0.251 -0.357 -0.436 -0.468 -0.454 -0.391 -0.297 -0.2 -0.167 -0.183 -0.241 -0.336 -0.418 -0.482 -0.52 -0.54 -0.553 -0.566 -0.587 -0.619 -0.659 -0.699 -0.739 -0.772 -0.787 -0.79 -0.786 -0.781 -0.781 -0.786 -0.79 -0.783 -0.776 -0.772 -0.765 -0.758 -0.763 -0.778 -0.792 -0.797 -0.796 -0.783 -0.768 -0.754 -0.744 -0.74 -0.74 -0.741 -0.752 -0.764 -0.767 -0.765 -0.758 -0.743 -0.733 -0.73 -0.724 -0.7 -0.683 -0.632 -0.567 -0.529 -0.478 -0.441 -0.424 -0.435 -0.428 -0.412 -0.399
0.013 0.034 0.002 -0.087 -0.209 -0.333 -0.433 -0.489 -0.488 -0.438 -0.354 -0.256 -0.205 -0.222 -0.255 -0.337 -0.424 -0.497 -0.55 -0.578 -0.591 -0.604 -0.614 -0.629 -0.65 -0.674 -0.709 -0.753 -0.78 -0.796 -0.801 -0.796 -0.79 -0.786 -0.784 -0.776 -0.753 -0.743 -0.727 -0.72 -0.721 -0.736 -0.756 -0.769 -0.776 -0.77 -0.764 -0.758 -0.759 -0.753 -0.746 -0.747 -0.751 -0.755 -0.76 -0.759 -0.755 -0.734 -0.713 -0.698 -0.704 -0.717 -0.702 -0.674 -0.626 -0.586 -0.567 -0.522 -0.486 -0.469 -0.474 -0.448 -0.45 -0.436
0.033 0.029 -0.031 -0.144 -0.281 -0.403 -0.486 -0.512 -0.471 -0.393 -0.301 -0.234 -0.247 -0.277 -0.331 -0.417 -0.493 -0.559 -0.597 -0.602 -0.625 -0.644 -0.644 -0.639 -0.651 -0.672 -0.722 -0.757 -0.779 -0.798 -0.804 -0.799 -0.791 -0.78 -0.77 -0.742 -0.72 -0.695 -0.673 -0.655 -0.654 -0.678 -0.713 -0.732 -0.747 -0.757 -0.759 -0.757 -0.759 -0.752 -0.748 -0.754 -0.756 -0.75 -0.748 -0.743 -0.721 -0.712 -0.686 -0.675 -0.671 -0.695 -0.686 -0.664 -0.635 -0.628 -0.612 -0.559 -0.524 -0.533 -0.528 -0.519 -0.495 -0.45
0.044 0.007 -0.083 -0.211 -0.346 -0.453 -0.509 -0.498 -0.427 -0.338 -0.28 -0.273 -0.304 -0.34 -0.409 -0.482 -0.554 -0.603 -0.62 -0.649 -0.667 -0.669 -0.653 -0.641 -0.654 -0.695 -0.73 -0.76 -0.786 -0.801 -0.804 -0.797 -0.781 -0.765 -0.748 -0.714 -0.68 -0.637 -0.599 -0.576 -0.584 -0.605 -0.643 -0.659 -0.672 -0.696 -0.728 -0.749 -0.759 -0.757 -0.754 -0.758 -0.753 -0.736 -0.716 -0.714 -0.702 -0.679 -0.638 -0.636 -0.613 -0.657 -0.68 -0.664 -0.672 -0.671 -0.629 -0.6 -0.582 -0.602 -0.592 -0.568 -0.516 -0.46
0.021 -0.046 -0.153 -0.278 -0.401 -0.486 -0.514 -0.47 -0.39 -0.335 -0.319 -0.335 -0.371 -0.419 -0.475 -0.544 -0.608 -0.643 -0.668 -0.691 -0.696 -0.681 -0.66 -0.659 -0.685 -0.713 -0.733 -0.764 -0.791 -0.803 -0.802 -0.786 -0.771 -0.758 -0.719 -0.677 -0.634 -0.585 -0.532 -0.511 -0.523 -0.553 -0.586 -0.608 -0.63 -0.658 -0.692 -0.722 -0.745 -0.763 -0.769 -0.76 -0.739 -0.712 -0.679 -0.668 -0.664 -0.636 -0.602 -0.591 -0.559 -0.592 -0.657 -0.684 -0.697 -0.68 -0.653 -0.641 -0.653 -0.658 -0.623 -0.596 -0.567 -0.511
-0.035 -0.121 -0.233 -0.351 -0.453 -0.51 -0.518 -0.469 -0.411 -0.38 -0.381 -0.409 -0.446 -0.492 -0.545 -0.605 -0.658 -0.694 -0.716 -0.726 -0.722 -0.702 -0.692 -0.694 -0.714 -0.729 -0.749 -0.777 -0.799 -0.807 -0.797 -0.779 -0.773 -0.734 -0.691 -0.64 -0.591 -0.539 -0.491 -0.489 -0.494 -0.534 -0.563 -0.584 -0.607 -0.644 -0.68 -0.712 -0.741 -0.761 -0.766 -0.75 -0.711 -0.671 -0.64 -0.623 -0.631 -0.59 -0.556 -0.535 -0.493 -0.53 -0.606 -0.662 -0.697 -0.698 -0.693 -0.7 -0.705 -0.691 -0.665 -0.654 -0.602 -0.539
-0.123 -0.22 -0.33 -0.431 -0.509 -0.545 -0.543 -0.508 -0.467 -0.447 -0.456 -0.481 -0.517 -0.562 -0.611 -0.659 -0.699 -0.727 -0.745 -0.753 -0.751 -0.741 -0.735 -0.736 -0.745 -0.757 -0.774 -0.795 -0.81 -0.812 -0.793 -0.786 -0.777 -0.729 -0.687 -0.631 -0.578 -0.533 -0.508 -0.512 -0.53 -0.555 -0.579 -0.599 -0.625 -0.664 -0.693 -0.727 -0.755 -0.766 -0.76 -0.72 -0.673 -0.628 -0.606 -0.594 -0.587 -0.544 -0.505 -0.466 -0.45 -0.484 -0.529 -0.611 -0.657 -0.689 -0.707 -0.719 -0.718 -0.719 -0.702 -0.664 -0.616 -0.555
-0.238 -0.337 -0.438 -0.521 -0.576 -0.597 -0.589 -0.564 -0.536 -0.521 -0.526 -0.549 -0.584 -0.625 -0.666 -0.703 -0.732 -0.752 -0.766 -0.772 -0.773 -0.771 -0.77 -0.77 -0.775 -0.786 -0.799 -0.814 -0.824 -0.819 -0.804 -0.794 -0.788 -0.754 -0.709 -0.665 -0.624 -0.583 -0.562 -0.57 -0.574 -0.589 -0.614 -0.644 -0.671 -0.696 -0.724 -0.763 -0.786 -0.787 -0.763 -0.71 -0.66 -0.619 -0.584 -0.561 -0.528 -0.487 -0.452 -0.409 -0.402 -0.417 -0.466 -0.552 -0.587 -0.631 -0.666 -0.696 -0.719 -0.733 -0.713 -0.675 -0.631 -0.576
-0.368 -0.459 -0.547 -0.612 -0.646 -0.653 -0.64 -0.617 -0.596 -0.585 -0.592 -0.612 -0.643 -0.676 -0.708 -0.735 -0.756 -0.77 -0.78 -0.784 -0.785 -0.786 -0.789 -0.793 -0.8 -0.809 -0.819 -0.83 -0.837 -0.829 -0.82 -0.808 -0.808 -0.788 -0.746 -0.714 -0.674 -0.639 -0.624 -0.631 -0.629 -0.644 -0.668 -0.695 -0.715 -0.735 -0.762 -0.806 -0.823 -0.825 -0.795 -0.754 -0.681 -0.616 -0.562 -0.561 -0.514 -0.468 -0.415 -0.382 -0.353 -0.378 -0.434 -0.483 -0.506 -0.563 -0.603 -0.631 -0.673 -0.727 -0.735 -0.703 -0.666 -0.603
-0.496 -0.573 -0.639 -0.684 -0.703 -0.698 -0.682 -0.661 -0.647 -0.642 -0.65 -0.668 -0.691 -0.715 -0.737 -0.755 -0.769 -0.78 -0.787 -0.787 -0.785 -0.789 -0.798 -0.806 -0.815 -0.824 -0.832 -0.84 -0.844 -0.841 -0.84 -0.833 -0.837 -0.819 -0.793 -0.765 -0.728 -0.698 -0.689 -0.699 -0.71 -0.722 -0.741 -0.757 -0.77 -0.788 -0.811 -0.838 -0.854 -0.859 -0.847 -0.811 -0.735 -0.659 -0.601 -0.608 -0.546 -0.495 -0.427 -0.362 -0.344 -0.375 -0.38 -0.412 -0.436 -0.496 -0.521 -0.554 -0.59 -0.682 -0.73 -0.712 -0.677 -0.614
