data/climatemaps/RS_maps/climate_breeding_pr_2019.asc
NCOLS 369 
NROWS 228 
XLLCORNER 479000 
YLLCORNER 73000 
CELLSIZE 1000 
NODATA_value -9 
[rows 102 to 135 of 228, columns 225 to 299 of 369]
1.124 0.831 0.38 0.468 0.71 0.831 1.032 1.284 1.478 1.533 1.533 1.231 0.756 0.156 -0.311 -0.527 -0.474 -0.211 -0.121 0.073 0.361 0.582 0.584 0.541 0.376 0.122 -0.178 -0.474 -0.52 -0.308 -0.141 0.119 0.483 0.985 1.214 1.144 0.962 0.781 0.619 0.473 0.347 0.223 0.178 0.281 0.227 0.004 0.004 -0.161 -0.431 -0.63 -0.547 -0.261 -0.297 -0.505 -0.728 -0.96 -1.15 -1.194 -1.119 -0.874 -0.612 -0.511 -0.366 -0.099 -0.035 -0.195 -0.464 -0.62 -0.703 -0.866 -0.993 -1.084 -1.14 -1.198 -1.243
1.454 1.2 0.651 0.623 0.82 0.886 0.979 1.096 1.239 1.375 1.221 0.881 0.476 -0.079 -0.481 -0.512 -0.446 -0.218 0.034 0.215 0.445 0.683 0.681 0.473 0.25 -0.013 -0.278 -0.457 -0.464 -0.315 -0.048 0.213 0.602 1.058 1.195 1.102 0.988 0.911 0.837 0.695 0.611 0.467 0.32 0.153 0.011 -0.204 -0.373 -0.534 -0.679 -0.621 -0.308 -0.116 -0.114 -0.321 -0.614 -0.904 -1.143 -1.191 -1.088 -0.851 -0.571 -0.359 -0.302 -0.085 0.053 -0.089 -0.325 -0.517 -0.525 -0.635 -0.788 -0.943 -1.005 -1.07 -1.162
1.737 1.461 0.958 0.743 0.825 0.959 1.023 1.188 1.178 0.987 0.715 0.451 0.106 -0.3 -0.509 -0.382 -0.314 -0.286 -0.013 0.29 0.504 0.637 0.625 0.452 0.123 -0.151 -0.308 -0.288 -0.181 -0.128 0.146 0.43 0.747 1.008 1.165 1.184 1.132 1.103 1.074 0.987 0.937 0.796 0.629 0.51 0.437 0.189 -0.182 -0.599 -0.655 -0.335 0.002 0.048 -0.05 -0.274 -0.599 -0.932 -1.151 -1.187 -1.076 -0.855 -0.547 -0.249 -0.212 -0.058 0.125 0.04 -0.163 -0.388 -0.342 -0.385 -0.543 -0.75 -0.784 -0.826 -0.963
1.654 1.461 1.192 1.076 1.275 1.253 1.213 1.065 0.774 0.568 0.477 0.347 0.068 -0.349 -0.497 -0.349 -0.15 -0.186 -0.051 0.307 0.531 0.57 0.483 0.324 0.059 -0.125 -0.09 0.074 0.161 0.163 0.409 0.643 0.806 0.953 1.054 1.109 1.011 0.98 1.011 0.967 0.943 0.926 0.878 0.761 0.419 0.091 -0.261 -0.623 -0.524 -0.233 0.032 0.025 -0.056 -0.314 -0.695 -1.011 -1.157 -1.175 -1.066 -0.819 -0.545 -0.218 -0.125 0.045 0.219 0.156 -0.073 -0.217 -0.205 -0.158 -0.318 -0.509 -0.539 -0.594 -0.723
1.605 1.489 1.45 1.37 1.489 1.41 1.119 0.772 0.591 0.573 0.573 0.464 0.139 -0.342 -0.45 -0.254 -0.039 0.006 0.024 0.418 0.627 0.579 0.403 0.256 0.108 0.163 0.259 0.443 0.472 0.488 0.746 0.786 0.788 0.887 0.953 0.882 0.798 0.735 0.789 0.809 0.83 0.806 0.685 0.636 0.405 0.064 -0.355 -0.57 -0.399 -0.096 -0.038 -0.041 -0.159 -0.429 -0.808 -1.071 -1.164 -1.155 -1.041 -0.77 -0.479 -0.187 -0.039 0.195 0.26 0.168 0.018 0.004 -0.037 0.011 -0.143 -0.253 -0.312 -0.342 -0.486
1.535 1.573 1.622 1.672 1.687 1.39 0.991 0.805 0.75 0.705 0.57 0.402 0.074 -0.331 -0.315 -0.114 0.146 0.196 0.221 0.646 0.774 0.709 0.609 0.501 0.315 0.505 0.71 0.757 0.769 0.835 0.96 0.911 0.785 0.831 0.885 0.873 0.815 0.605 0.539 0.634 0.717 0.728 0.649 0.481 0.234 -0.093 -0.422 -0.439 -0.293 -0.11 -0.139 -0.216 -0.373 -0.656 -0.959 -1.133 -1.183 -1.137 -0.992 -0.696 -0.368 -0.123 0.055 0.231 0.22 0.181 0.174 0.163 0.084 0.087 -0.05 -0.044 -0.1 -0.126 -0.253
1.201 1.346 1.508 1.679 1.646 1.336 1.15 1.055 0.971 0.793 0.602 0.387 0.062 -0.26 -0.121 0.089 0.321 0.381 0.541 0.874 1.02 1.019 0.983 0.786 0.576 0.807 0.948 0.937 0.919 0.937 0.939 0.942 0.829 0.662 0.592 0.642 0.622 0.559 0.313 0.37 0.492 0.535 0.534 0.354 0.132 -0.213 -0.43 -0.334 -0.24 -0.251 -0.325 -0.49 -0.684 -0.918 -1.097 -1.19 -1.207 -1.113 -0.906 -0.629 -0.38 -0.224 -0.019 0.109 0.163 0.169 0.171 0.131 0.107 0.06 0.012 0.04 0.038 -0.012 -0.096
0.753 0.979 1.325 1.517 1.562 1.431 1.415 1.277 1.236 0.989 0.75 0.502 0.109 -0.133 0.024 0.245 0.386 0.515 0.824 0.948 1.138 1.134 1.112 0.979 0.877 1.02 0.966 0.971 0.95 0.919 0.873 0.808 0.708 0.492 0.305 0.269 0.317 0.311 0.131 0.054 0.162 0.277 0.284 0.152 -0.016 -0.338 -0.492 -0.403 -0.417 -0.53 -0.642 -0.809 -0.98 -1.098 -1.18 -1.232 -1.196 -1.043 -0.837 -0.696 -0.567 -0.438 -0.26 -0.192 -0.103 -0.092 -0.062 -0.08 -0.074 -0.011 0.017 -0.002 -0.02 -0.051 -0.049
0.726 0.971 1.357 1.606 1.646 1.598 1.634 1.567 1.417 1.168 0.866 0.499 0.149 0.23 0.15 0.284 0.419 0.563 0.898 0.964 1.125 1.204 1.095 1.072 1.017 0.985 0.895 0.905 0.907 0.814 0.744 0.627 0.491 0.308 0.03 -0.074 -0.091 -0.032 -0.102 -0.258 -0.218 -0.055 -0.015 -0.094 -0.295 -0.593 -0.723 -0.698 -0.78 -0.905 -0.995 -1.077 -1.143 -1.181 -1.211 -1.237 -1.181 -1.006 -0.913 -0.862 -0.768 -0.65 -0.525 -0.465 -0.394 -0.396 -0.357 -0.346 -0.302 -0.21 -0.151 -0.197 -0.153 -0.044 0.039
1.031 1.22 1.445 1.791 1.837 1.87 1.881 1.754 1.449 1.216 0.864 0.36 0.326 0.582 0.406 0.305 0.404 0.692 0.938 1.021 1.085 1.159 1.023 1.02 0.875 0.859 0.749 0.771 0.864 0.769 0.642 0.481 0.269 0.083 -0.171 -0.355 -0.472 -0.473 -0.509 -0.594 -0.593 -0.455 -0.399 -0.431 -0.596 -0.846 -0.992 -1.041 -1.118 -1.17 -1.191 -1.197 -1.175 -1.145 -1.082 -1.127 -1.194 -1.101 -1.063 -1.017 -0.939 -0.859 -0.782 -0.733 -0.69 -0.672 -0.664 -0.64 -0.543 -0.456 -0.364 -0.375 -0.204 -0.039 0.032
1.386 1.463 1.647 1.964 2.032 2.081 1.999 1.745 1.389 1.167 0.803 0.378 0.541 0.779 0.695 0.512 0.503 0.819 0.879 1.058 1.088 0.967 0.715 0.753 0.639 0.702 0.594 0.585 0.678 0.649 0.529 0.394 0.146 -0.121 -0.381 -0.56 -0.698 -0.76 -0.802 -0.862 -0.889 -0.844 -0.803 -0.83 -0.919 -1.057 -1.173 -1.234 -1.271 -1.267 -1.236 -1.178 -1.073 -0.945 -0.869 -0.997 -1.12 -1.109 -1.045 -0.985 -0.944 -0.927 -0.892 -0.855 -0.837 -0.825 -0.818 -0.813 -0.774 -0.711 -0.612 -0.543 -0.323 -0.184 -0.104
1.691 1.784 1.892 1.982 2.023 2.069 2.006 1.667 1.424 1.343 1.082 0.654 0.673 0.926 0.854 0.661 0.711 0.89 0.876 0.923 1.003 0.969 0.634 0.378 0.41 0.544 0.5 0.377 0.449 0.434 0.253 0.132 -0.069 -0.338 -0.572 -0.72 -0.823 -0.898 -0.951 -1.015 -1.065 -1.075 -1.091 -1.121 -1.168 -1.233 -1.285 -1.307 -1.314 -1.226 -1.119 -1.006 -0.841 -0.672 -0.697 -0.867 -0.989 -0.894 -0.832 -0.778 -0.727 -0.763 -0.767 -0.762 -0.727 -0.719 -0.721 -0.752 -0.853 -0.849 -0.75 -0.626 -0.476 -0.332 -0.173
1.84 1.883 1.986 1.928 1.938 2.025 1.967 1.699 1.655 1.63 1.259 0.913 0.919 1.03 0.917 0.808 0.928 0.892 0.887 0.816 0.746 0.681 0.459 0.079 0.158 0.344 0.315 0.188 0.19 0.158 -0.044 -0.181 -0.3 -0.501 -0.734 -0.848 -0.904 -0.99 -1.061 -1.117 -1.168 -1.207 -1.221 -1.253 -1.287 -1.324 -1.353 -1.331 -1.248 -1.081 -0.924 -0.786 -0.602 -0.438 -0.557 -0.774 -0.84 -0.715 -0.599 -0.56 -0.5 -0.541 -0.533 -0.48 -0.456 -0.462 -0.498 -0.579 -0.782 -0.827 -0.702 -0.586 -0.438 -0.326 -0.124
1.723 1.63 1.802 1.846 1.912 2.02 1.876 1.856 1.97 1.835 1.345 1.174 1.318 1.207 1.075 0.997 0.948 0.762 0.688 0.714 0.583 0.362 0.16 -0.151 -0.13 0.031 0.016 -0.046 -0.086 -0.085 -0.305 -0.485 -0.564 -0.698 -0.887 -0.969 -1.008 -1.094 -1.155 -1.189 -1.239 -1.233 -1.237 -1.28 -1.307 -1.358 -1.365 -1.257 -1.106 -0.931 -0.751 -0.58 -0.351 -0.263 -0.418 -0.653 -0.693 -0.575 -0.448 -0.356 -0.294 -0.276 -0.275 -0.142 -0.151 -0.216 -0.327 -0.478 -0.706 -0.726 -0.618 -0.477 -0.291 -0.186 -0.09
1.45 1.545 1.662 1.809 1.92 1.954 1.666 1.662 1.839 1.703 1.5 1.512 1.46 1.237 1.045 0.879 0.765 0.602 0.428 0.508 0.413 0.16 -0.068 -0.314 -0.421 -0.303 -0.33 -0.323 -0.355 -0.326 -0.507 -0.729 -0.82 -0.9 -1.016 -1.082 -1.115 -1.148 -1.144 -1.133 -1.189 -1.23 -1.178 -1.17 -1.248 -1.353 -1.339 -1.168 -1.053 -0.884 -0.693 -0.488 -0.261 -0.129 -0.237 -0.492 -0.592 -0.499 -0.393 -0.206 -0.115 -0.018 -0.045 0.141 0.115 -0.02 -0.205 -0.404 -0.602 -0.565 -0.482 -0.352 -0.165 -0.077 -0.072
1.333 1.659 1.779 1.898 1.758 1.767 1.535 1.541 1.6 1.601 1.467 1.351 1.329 1.125 0.959 0.865 0.79 0.565 0.263 0.175 0.114 -0.083 -0.3 -0.475 -0.641 -0.619 -0.642 -0.619 -0.635 -0.613 -0.73 -0.903 -1.026 -1.072 -1.105 -1.112 -1.091 -1.074 -1.01 -0.947 -1.04 -1.183 -1.108 -1.002 -1.127 -1.292 -1.35 -1.226 -1.062 -0.958 -0.783 -0.522 -0.215 -0.048 -0.112 -0.355 -0.519 -0.48 -0.389 -0.186 0.027 0.123 0.189 0.327 0.245 0.09 -0.115 -0.345 -0.446 -0.37 -0.256 -0.126 -0.065 -0.071 -0.127
1.415 1.672 1.68 1.792 1.791 1.538 1.334 1.356 1.305 1.299 1.273 1.108 1.168 1.123 0.944 0.745 0.592 0.363 0.083 -0.169 -0.239 -0.361 -0.552 -0.687 -0.807 -0.844 -0.861 -0.843 -0.863 -0.862 -0.936 -1.039 -1.117 -1.125 -1.079 -0.987 -0.887 -0.86 -0.777 -0.705 -0.88 -1.045 -1.073 -0.892 -0.983 -1.173 -1.307 -1.276 -1.106 -1.082 -0.901 -0.58 -0.212 -0.04 -0.087 -0.214 -0.409 -0.5 -0.407 -0.195 0.111 0.224 0.374 0.406 0.306 0.156 -0.023 -0.25 -0.23 -0.18 -0.091 -0.026 0.017 -0.05 -0.228
1.365 1.583 1.607 1.587 1.736 1.47 1.141 1.154 1.049 1.091 1.118 0.952 0.78 0.772 0.564 0.358 0.173 -0.055 -0.288 -0.468 -0.557 -0.626 -0.741 -0.858 -0.92 -0.914 -0.89 -0.887 -0.924 -0.961 -1.023 -1.081 -1.104 -1.038 -0.857 -0.683 -0.578 -0.564 -0.557 -0.492 -0.651 -0.823 -1.014 -0.859 -0.853 -0.992 -1.178 -1.323 -1.254 -1.182 -0.968 -0.7 -0.34 -0.063 0.003 -0.049 -0.244 -0.457 -0.423 -0.209 0.116 0.329 0.493 0.474 0.365 0.334 0.182 -0.092 -0.018 0.022 0.091 0.109 -0.002 -0.094 -0.341
1.404 1.638 1.703 1.537 1.498 1.285 0.957 0.973 0.887 0.815 0.772 0.722 0.451 0.273 0.115 -0.058 -0.243 -0.418 -0.608 -0.721 -0.789 -0.83 -0.899 -0.931 -0.872 -0.81 -0.76 -0.735 -0.756 -0.831 -0.962 -1.042 -0.995 -0.84 -0.637 -0.428 -0.307 -0.26 -0.296 -0.166 -0.327 -0.644 -0.912 -0.808 -0.716 -0.893 -1.143 -1.308 -1.319 -1.244 -1.051 -0.812 -0.535 -0.179 0.067 0.001 -0.172 -0.399 -0.4 -0.202 0.102 0.359 0.476 0.514 0.475 0.474 0.227 0.167 0.109 0.145 0.158 0.109 0.036 -0.157 -0.476
1.546 1.809 1.721 1.592 1.414 1.111 0.722 0.687 0.647 0.493 0.42 0.33 0.151 -0.171 -0.328 -0.469 -0.592 -0.709 -0.824 -0.885 -0.906 -0.896 -0.878 -0.796 -0.714 -0.632 -0.552 -0.509 -0.548 -0.671 -0.833 -0.992 -0.918 -0.719 -0.519 -0.259 0.008 0.108 0.059 0.07 -0.165 -0.478 -0.779 -0.692 -0.625 -0.828 -1.066 -1.254 -1.307 -1.282 -1.148 -0.909 -0.641 -0.288 -0.012 -0.045 -0.214 -0.399 -0.354 -0.166 0.134 0.414 0.501 0.622 0.658 0.473 0.355 0.355 0.237 0.226 0.168 0.058 -0.082 -0.291 -0.554
1.71 1.81 1.689 1.599 1.5 1.187 0.616 0.376 0.393 0.2 0.086 -0.11 -0.268 -0.508 -0.665 -0.76 -0.823 -0.861 -0.84 -0.804 -0.766 -0.727 -0.693 -0.596 -0.508 -0.433 -0.354 -0.287 -0.36 -0.49 -0.689 -0.917 -0.896 -0.775 -0.604 -0.296 0.121 0.447 0.402 0.219 -0.155 -0.475 -0.648 -0.522 -0.543 -0.749 -0.992 -1.193 -1.287 -1.291 -1.215 -0.954 -0.633 -0.31 -0.121 -0.156 -0.311 -0.435 -0.345 -0.145 0.152 0.374 0.578 0.647 0.602 0.443 0.459 0.435 0.284 0.163 0.104 0.01 -0.062 -0.313 -0.59
1.844 1.835 1.703 1.572 1.371 1.025 0.53 0.116 0.113 -0.076 -0.247 -0.442 -0.59 -0.713 -0.776 -0.815 -0.799 -0.73 -0.608 -0.531 -0.521 -0.461 -0.433 -0.361 -0.271 -0.208 -0.125 -0.182 -0.286 -0.443 -0.657 -0.872 -0.861 -0.761 -0.58 -0.247 0.2 0.605 0.585 0.313 -0.171 -0.451 -0.424 -0.348 -0.473 -0.675 -0.922 -1.136 -1.254 -1.287 -1.247 -0.993 -0.704 -0.466 -0.236 -0.275 -0.4 -0.494 -0.422 -0.186 0.049 0.292 0.492 0.527 0.506 0.531 0.498 0.325 0.14 -0.083 -0.106 -0.171 -0.25 -0.488 -0.614
1.792 1.717 1.53 1.272 1.004 0.651 0.268 -0.132 -0.225 -0.37 -0.496 -0.628 -0.696 -0.656 -0.607 -0.645 -0.514 -0.393 -0.26 -0.186 -0.233 -0.162 -0.166 -0.165 -0.034 -0.039 -0.108 -0.203 -0.336 -0.51 -0.71 -0.815 -0.73 -0.558 -0.372 -0.036 0.415 0.698 0.56 0.307 -0.162 -0.309 -0.195 -0.272 -0.426 -0.61 -0.847 -1.068 -1.216 -1.274 -1.256 -1.074 -0.867 -0.597 -0.331 -0.378 -0.466 -0.57 -0.515 -0.24 -0.04 0.245 0.368 0.461 0.498 0.423 0.261 0.097 -0.08 -0.336 -0.42 -0.441 -0.49 -0.659 -0.612
1.503 1.37 1.136 0.893 0.539 0.245 -0.086 -0.36 -0.458 -0.521 -0.577 -0.624 -0.559 -0.386 -0.306 -0.344 -0.192 0.013 0.122 0.144 0.064 0.142 0.122 0.069 0.097 0.005 -0.116 -0.255 -0.42 -0.587 -0.724 -0.725 -0.639 -0.423 -0.172 0.127 0.532 0.694 0.497 0.202 -0.162 -0.177 -0.094 -0.214 -0.377 -0.57 -0.803 -1.014 -1.171 -1.253 -1.257 -1.138 -0.923 -0.734 -0.479 -0.469 -0.557 -0.67 -0.608 -0.312 -0.008 0.147 0.23 0.2 0.226 0.082 -0.071 -0.2 -0.376 -0.583 -0.725 -0.709 -0.696 -0.655 -0.588
1.186 0.949 0.677 0.421 0.057 -0.193 -0.356 -0.397 -0.374 -0.358 -0.337 -0.419 -0.318 -0.144 -0.059 0.023 0.103 0.413 0.501 0.458 0.369 0.4 0.392 0.325 0.214 0.034 -0.127 -0.306 -0.465 -0.618 -0.662 -0.612 -0.547 -0.362 -0.087 0.215 0.542 0.699 0.502 0.172 -0.123 0.004 -0.02 -0.148 -0.315 -0.517 -0.741 -0.952 -1.114 -1.224 -1.252 -1.207 -1.061 -0.848 -0.642 -0.627 -0.709 -0.78 -0.708 -0.469 -0.154 -0.051 0.012 -0.07 -0.104 -0.218 -0.412 -0.497 -0.668 -0.833 -0.914 -0.854 -0.761 -0.537 -0.497
0.854 0.585 0.257 -0.023 -0.257 -0.357 -0.275 -0.158 -0.059 0.01 0.108 -0.146 -0.123 0.028 0.2 0.338 0.421 0.755 0.793 0.737 0.68 0.683 0.552 0.447 0.258 0.074 -0.145 -0.322 -0.478 -0.579 -0.516 -0.389 -0.407 -0.264 0.042 0.353 0.663 0.722 0.526 0.179 -0.017 0.15 0.054 -0.099 -0.272 -0.475 -0.68 -0.89 -1.065 -1.163 -1.139 -1.161 -1.138 -1.016 -0.844 -0.846 -0.885 -0.838 -0.805 -0.636 -0.375 -0.269 -0.3 -0.366 -0.441 -0.488 -0.681 -0.779 -0.935 -1.018 -0.964 -0.839 -0.676 -0.472 -0.379
0.543 0.287 0.003 -0.212 -0.321 -0.219 -0.006 0.181 0.338 0.472 0.459 0.17 0.039 0.169 0.371 0.622 0.722 0.997 1.07 1.02 0.938 0.922 0.716 0.503 0.274 0.07 -0.153 -0.305 -0.415 -0.478 -0.346 -0.204 -0.149 -0.164 0.136 0.496 0.794 0.711 0.475 0.161 0.165 0.251 0.105 -0.08 -0.259 -0.437 -0.636 -0.8 -0.959 -1.07 -0.993 -0.932 -0.914 -0.935 -0.936 -0.922 -0.933 -0.893 -0.905 -0.816 -0.64 -0.571 -0.623 -0.692 -0.727 -0.768 -0.913 -1.008 -1.074 -1.031 -0.892 -0.763 -0.608 -0.443 -0.331
0.42 0.169 -0.07 -0.183 -0.215 0.024 0.196 0.451 0.687 0.737 0.7 0.493 0.248 0.367 0.571 0.769 0.944 1.117 1.218 1.192 1.143 1.035 0.801 0.531 0.235 0.022 -0.121 -0.155 -0.262 -0.361 -0.182 -0.021 0.106 0.114 0.281 0.646 0.864 0.7 0.393 0.175 0.281 0.327 0.203 -0.026 -0.218 -0.362 -0.446 -0.492 -0.747 -0.958 -0.902 -0.698 -0.622 -0.68 -0.711 -0.786 -0.875 -0.946 -0.984 -0.966 -0.881 -0.865 -0.906 -0.944 -0.952 -0.987 -1.042 -1.094 -1.119 -0.988 -0.856 -0.763 -0.65 -0.451 -0.326
0.233 0.136 0.056 0.012 -0.109 0.008 0.245 0.639 0.968 1.054 1.045 0.963 0.66 0.443 0.56 0.77 1.042 1.209 1.318 1.314 1.184 0.969 0.69 0.412 0.138 0.043 0.062 0.152 -0.068 -0.245 -0.086 0.073 0.254 0.388 0.545 0.897 0.898 0.687 0.368 0.428 0.406 0.409 0.451 0.214 0.05 -0.016 -0.052 -0.142 -0.474 -0.845 -0.82 -0.651 -0.471 -0.448 -0.381 -0.453 -0.64 -0.861 -1.009 -1.06 -1.069 -1.077 -1.072 -1.055 -1.022 -1 -0.959 -0.994 -1.101 -1.037 -0.937 -0.887 -0.773 -0.581 -0.484
0.509 0.514 0.417 0.195 0.053 0.169 0.412 0.835 1.234 1.341 1.364 1.361 1.152 0.661 0.527 0.805 1.088 1.26 1.363 1.364 1.246 0.949 0.583 0.292 0.195 0.273 0.375 0.463 0.147 -0.17 -0.106 0.073 0.338 0.615 0.873 1.037 0.907 0.619 0.538 0.689 0.696 0.571 0.767 0.616 0.497 0.393 0.289 0.026 -0.329 -0.756 -0.721 -0.491 -0.243 -0.16 -0.036 -0.119 -0.366 -0.65 -0.909 -1.054 -1.082 -1.056 -1.029 -0.969 -0.859 -0.81 -0.674 -0.731 -0.865 -1.017 -1.046 -0.942 -0.779 -0.675 -0.586
0.925 0.957 0.808 0.474 0.321 0.531 0.611 0.98 1.405 1.584 1.686 1.634 1.395 0.937 0.642 0.938 1.246 1.398 1.441 1.447 1.365 1.003 0.575 0.372 0.418 0.618 0.663 0.693 0.365 -0.043 -0.022 0.24 0.536 0.867 1.042 1.081 0.888 0.643 0.711 0.875 0.926 0.848 1.135 1.045 0.856 0.627 0.372 0.039 -0.322 -0.698 -0.707 -0.438 -0.095 0.105 0.228 0.128 -0.098 -0.415 -0.74 -0.961 -0.979 -0.862 -0.837 -0.713 -0.589 -0.544 -0.364 -0.44 -0.473 -0.687 -0.93 -0.958 -0.816 -0.704 -0.701
1.322 1.404 1.176 0.711 0.609 0.857 0.852 1.131 1.548 1.735 1.777 1.705 1.514 1.228 1.012 1.09 1.42 1.559 1.493 1.412 1.294 0.938 0.607 0.67 0.711 0.822 0.993 0.929 0.629 0.122 0.158 0.313 0.527 0.944 1.153 1.188 0.934 0.827 0.937 1.085 1.116 1.145 1.309 1.167 0.937 0.691 0.399 0.012 -0.408 -0.698 -0.656 -0.407 -0.059 0.282 0.424 0.35 0.149 -0.189 -0.55 -0.821 -0.886 -0.71 -0.64 -0.517 -0.344 -0.263 -0.086 -0.138 -0.171 -0.259 -0.601 -0.821 -0.861 -0.847 -0.858
1.764 1.768 1.452 0.959 0.866 1.038 1.116 1.27 1.647 1.822 1.84 1.87 1.796 1.671 1.571 1.358 1.546 1.668 1.611 1.466 1.182 0.931 0.754 0.935 1.065 1.04 1.214 1.107 0.726 0.19 0.235 0.396 0.51 0.908 1.18 1.215 0.987 0.984 1.186 1.272 1.273 1.361 1.378 1.223 1.028 0.718 0.362 -0.055 -0.452 -0.661 -0.525 -0.276 0.05 0.428 0.611 0.554 0.376 0.028 -0.359 -0.705 -0.852 -0.715 -0.54 -0.362 -0.167 -0.038 0.163 0.16 0.071 0.043 -0.239 -0.548 -0.76 -0.832 -0.779
2.154 1.938 1.508 1.179 1.198 1.255 1.372 1.516 1.866 2.087 2.014 2.111 2.068 2.025 1.891 1.64 1.633 1.775 1.654 1.506 1.445 1.161 0.962 1.134 1.289 1.395 1.358 1.105 0.692 0.2 0.205 0.507 0.704 1.009 1.2 1.242 1.018 1.068 1.303 1.314 1.312 1.401 1.387 1.292 1.101 0.765 0.338 -0.078 -0.447 -0.586 -0.363 -0.073 0.192 0.569 0.765 0.774 0.642 0.239 -0.23 -0.608 -0.827 -0.724 -0.554 -0.322 -0.039 0.148 0.305 0.393 0.316 0.346 0.138 -0.131 -0.484 -0.702 -0.679
