data/climatemaps/RS_maps/climate_winter_pr_2001.asc
NCOLS 369 
NROWS 228 
XLLCORNER 479000 
YLLCORNER 73000 
CELLSIZE 1000 
NODATA_value -9 
[rows 66 to 98 of 228, columns 75 to 149 of 369]
-0.425 -0.438 -0.452 -0.463 -0.456 -0.434 -0.422 -0.443 -0.518 -0.569 -0.574 -0.56 -0.525 -0.489 -0.477 -0.486 -0.515 -0.552 -0.587 -0.612 -0.625 -0.626 -0.62 -0.614 -0.612 -0.624 -0.643 -0.66 -0.669 -0.653 -0.602 -0.526 -0.444 -0.391 -0.369 -0.378 -0.4 -0.425 -0.445 -0.456 -0.428 -0.388 -0.335 -0.279 -0.222 -0.177 -0.156 -0.163 -0.158 -0.142 -0.114 -0.077 -0.057 -0.061 -0.094 -0.142 -0.195 -0.239 -0.272 -0.305 -0.339 -0.376 -0.427 -0.476 -0.536 -0.599 -0.665 -0.726 -0.775 -0.808 -0.841 -0.863 -0.882 -0.896 -0.907
-0.431 -0.446 -0.459 -0.466 -0.455 -0.432 -0.424 -0.451 -0.524 -0.568 -0.563 -0.55 -0.517 -0.486 -0.479 -0.496 -0.53 -0.569 -0.6 -0.62 -0.629 -0.624 -0.61 -0.596 -0.59 -0.603 -0.632 -0.658 -0.674 -0.662 -0.608 -0.536 -0.465 -0.419 -0.399 -0.4 -0.407 -0.414 -0.421 -0.403 -0.357 -0.304 -0.244 -0.187 -0.133 -0.107 -0.102 -0.104 -0.097 -0.083 -0.071 -0.052 -0.048 -0.067 -0.127 -0.193 -0.253 -0.304 -0.348 -0.394 -0.432 -0.472 -0.512 -0.553 -0.598 -0.648 -0.702 -0.75 -0.79 -0.824 -0.854 -0.871 -0.879 -0.882 -0.897
-0.437 -0.454 -0.466 -0.468 -0.453 -0.435 -0.433 -0.46 -0.521 -0.553 -0.545 -0.535 -0.51 -0.489 -0.49 -0.516 -0.554 -0.593 -0.621 -0.637 -0.639 -0.628 -0.605 -0.584 -0.574 -0.589 -0.63 -0.669 -0.695 -0.689 -0.643 -0.58 -0.511 -0.468 -0.449 -0.44 -0.432 -0.416 -0.4 -0.365 -0.314 -0.255 -0.193 -0.136 -0.084 -0.049 -0.042 -0.051 -0.063 -0.084 -0.091 -0.095 -0.115 -0.152 -0.202 -0.261 -0.327 -0.393 -0.452 -0.499 -0.534 -0.567 -0.598 -0.628 -0.659 -0.695 -0.733 -0.772 -0.811 -0.838 -0.858 -0.867 -0.87 -0.882 -0.891
-0.438 -0.457 -0.47 -0.468 -0.456 -0.447 -0.457 -0.482 -0.517 -0.52 -0.518 -0.514 -0.498 -0.49 -0.503 -0.536 -0.578 -0.616 -0.643 -0.657 -0.658 -0.644 -0.62 -0.597 -0.588 -0.606 -0.646 -0.687 -0.711 -0.705 -0.661 -0.598 -0.533 -0.485 -0.451 -0.43 -0.411 -0.385 -0.348 -0.295 -0.241 -0.181 -0.12 -0.071 -0.049 -0.036 -0.05 -0.074 -0.107 -0.135 -0.157 -0.177 -0.206 -0.241 -0.286 -0.344 -0.413 -0.485 -0.547 -0.591 -0.623 -0.65 -0.671 -0.692 -0.718 -0.742 -0.767 -0.797 -0.824 -0.838 -0.85 -0.859 -0.87 -0.875 -0.879
-0.435 -0.457 -0.473 -0.473 -0.469 -0.474 -0.486 -0.491 -0.487 -0.487 -0.489 -0.485 -0.48 -0.485 -0.511 -0.551 -0.594 -0.633 -0.662 -0.681 -0.687 -0.679 -0.659 -0.634 -0.621 -0.631 -0.665 -0.702 -0.713 -0.692 -0.636 -0.561 -0.486 -0.427 -0.383 -0.348 -0.316 -0.283 -0.242 -0.196 -0.151 -0.107 -0.076 -0.069 -0.076 -0.094 -0.123 -0.152 -0.185 -0.216 -0.244 -0.271 -0.303 -0.337 -0.391 -0.451 -0.516 -0.579 -0.633 -0.671 -0.695 -0.71 -0.717 -0.726 -0.746 -0.768 -0.792 -0.811 -0.821 -0.828 -0.84 -0.853 -0.864 -0.864 -0.865
-0.436 -0.461 -0.477 -0.485 -0.497 -0.506 -0.49 -0.466 -0.454 -0.452 -0.448 -0.444 -0.452 -0.474 -0.511 -0.555 -0.6 -0.644 -0.681 -0.708 -0.719 -0.714 -0.696 -0.675 -0.662 -0.666 -0.689 -0.713 -0.705 -0.67 -0.604 -0.521 -0.436 -0.362 -0.305 -0.259 -0.22 -0.191 -0.16 -0.131 -0.105 -0.09 -0.096 -0.124 -0.149 -0.182 -0.213 -0.245 -0.279 -0.312 -0.343 -0.373 -0.405 -0.443 -0.496 -0.552 -0.61 -0.661 -0.702 -0.729 -0.741 -0.744 -0.743 -0.745 -0.759 -0.779 -0.796 -0.808 -0.812 -0.822 -0.834 -0.846 -0.857 -0.858 -0.858
-0.441 -0.464 -0.485 -0.514 -0.525 -0.505 -0.469 -0.441 -0.421 -0.407 -0.397 -0.403 -0.422 -0.454 -0.498 -0.547 -0.597 -0.649 -0.695 -0.729 -0.748 -0.752 -0.745 -0.731 -0.717 -0.713 -0.72 -0.724 -0.701 -0.662 -0.596 -0.512 -0.424 -0.345 -0.276 -0.218 -0.172 -0.142 -0.123 -0.114 -0.117 -0.136 -0.17 -0.21 -0.248 -0.286 -0.318 -0.35 -0.384 -0.416 -0.445 -0.473 -0.504 -0.539 -0.584 -0.632 -0.68 -0.719 -0.749 -0.764 -0.764 -0.759 -0.755 -0.757 -0.767 -0.783 -0.793 -0.801 -0.807 -0.816 -0.825 -0.837 -0.85 -0.85 -0.852
-0.446 -0.473 -0.504 -0.544 -0.527 -0.493 -0.455 -0.414 -0.38 -0.359 -0.355 -0.369 -0.394 -0.43 -0.477 -0.532 -0.591 -0.653 -0.71 -0.755 -0.786 -0.803 -0.806 -0.795 -0.779 -0.766 -0.756 -0.734 -0.712 -0.682 -0.625 -0.556 -0.466 -0.372 -0.283 -0.215 -0.168 -0.144 -0.139 -0.153 -0.186 -0.229 -0.273 -0.314 -0.354 -0.39 -0.42 -0.449 -0.479 -0.507 -0.533 -0.558 -0.583 -0.611 -0.647 -0.685 -0.722 -0.752 -0.771 -0.778 -0.773 -0.763 -0.758 -0.757 -0.765 -0.778 -0.786 -0.792 -0.796 -0.804 -0.816 -0.829 -0.843 -0.842 -0.843
-0.455 -0.492 -0.535 -0.555 -0.525 -0.491 -0.442 -0.389 -0.348 -0.33 -0.329 -0.345 -0.373 -0.413 -0.466 -0.53 -0.599 -0.672 -0.739 -0.788 -0.817 -0.828 -0.827 -0.813 -0.79 -0.77 -0.754 -0.738 -0.724 -0.699 -0.656 -0.598 -0.5 -0.4 -0.313 -0.252 -0.208 -0.192 -0.202 -0.231 -0.277 -0.329 -0.376 -0.418 -0.454 -0.482 -0.506 -0.527 -0.548 -0.57 -0.592 -0.611 -0.629 -0.653 -0.687 -0.719 -0.745 -0.764 -0.775 -0.776 -0.768 -0.755 -0.746 -0.744 -0.755 -0.768 -0.775 -0.778 -0.784 -0.797 -0.809 -0.819 -0.837 -0.832 -0.829
-0.477 -0.535 -0.564 -0.554 -0.531 -0.493 -0.438 -0.381 -0.34 -0.322 -0.321 -0.339 -0.371 -0.42 -0.484 -0.559 -0.636 -0.708 -0.755 -0.78 -0.786 -0.776 -0.768 -0.749 -0.717 -0.692 -0.678 -0.679 -0.673 -0.652 -0.64 -0.613 -0.523 -0.445 -0.369 -0.302 -0.27 -0.269 -0.293 -0.332 -0.38 -0.427 -0.472 -0.512 -0.54 -0.556 -0.565 -0.571 -0.578 -0.591 -0.608 -0.624 -0.647 -0.679 -0.713 -0.738 -0.755 -0.763 -0.768 -0.762 -0.75 -0.734 -0.728 -0.731 -0.742 -0.753 -0.759 -0.766 -0.775 -0.782 -0.787 -0.804 -0.829 -0.825 -0.819
-0.509 -0.56 -0.576 -0.563 -0.54 -0.501 -0.445 -0.387 -0.348 -0.332 -0.332 -0.351 -0.391 -0.455 -0.532 -0.612 -0.675 -0.711 -0.719 -0.708 -0.695 -0.678 -0.662 -0.635 -0.604 -0.582 -0.569 -0.575 -0.579 -0.585 -0.604 -0.615 -0.566 -0.495 -0.43 -0.398 -0.384 -0.385 -0.405 -0.438 -0.479 -0.52 -0.56 -0.592 -0.608 -0.604 -0.591 -0.579 -0.569 -0.572 -0.593 -0.622 -0.658 -0.696 -0.723 -0.743 -0.753 -0.756 -0.754 -0.742 -0.728 -0.714 -0.713 -0.716 -0.717 -0.729 -0.739 -0.745 -0.745 -0.745 -0.756 -0.781 -0.816 -0.823 -0.818
-0.512 -0.573 -0.577 -0.572 -0.548 -0.509 -0.459 -0.408 -0.373 -0.362 -0.365 -0.39 -0.439 -0.514 -0.587 -0.638 -0.655 -0.649 -0.632 -0.611 -0.591 -0.57 -0.545 -0.518 -0.49 -0.472 -0.47 -0.487 -0.522 -0.556 -0.589 -0.606 -0.601 -0.566 -0.535 -0.505 -0.481 -0.475 -0.495 -0.528 -0.565 -0.599 -0.63 -0.649 -0.647 -0.618 -0.585 -0.559 -0.543 -0.547 -0.579 -0.619 -0.663 -0.699 -0.723 -0.738 -0.745 -0.744 -0.739 -0.725 -0.71 -0.698 -0.696 -0.685 -0.68 -0.694 -0.697 -0.695 -0.701 -0.703 -0.714 -0.751 -0.804 -0.822 -0.819
-0.523 -0.551 -0.559 -0.572 -0.552 -0.52 -0.479 -0.439 -0.415 -0.416 -0.431 -0.463 -0.517 -0.571 -0.592 -0.582 -0.567 -0.545 -0.519 -0.498 -0.478 -0.463 -0.441 -0.421 -0.404 -0.402 -0.41 -0.438 -0.47 -0.508 -0.55 -0.599 -0.637 -0.638 -0.614 -0.58 -0.564 -0.573 -0.593 -0.615 -0.638 -0.658 -0.674 -0.676 -0.651 -0.608 -0.57 -0.539 -0.526 -0.533 -0.559 -0.601 -0.656 -0.697 -0.725 -0.733 -0.735 -0.731 -0.722 -0.71 -0.695 -0.683 -0.67 -0.656 -0.645 -0.657 -0.641 -0.643 -0.65 -0.652 -0.673 -0.73 -0.783 -0.797 -0.81
-0.504 -0.528 -0.549 -0.559 -0.548 -0.526 -0.499 -0.475 -0.47 -0.487 -0.513 -0.548 -0.566 -0.561 -0.539 -0.505 -0.46 -0.424 -0.399 -0.389 -0.384 -0.382 -0.373 -0.36 -0.347 -0.345 -0.367 -0.393 -0.411 -0.463 -0.54 -0.621 -0.672 -0.685 -0.673 -0.653 -0.651 -0.664 -0.675 -0.685 -0.692 -0.696 -0.693 -0.677 -0.639 -0.594 -0.555 -0.529 -0.508 -0.516 -0.549 -0.604 -0.661 -0.703 -0.727 -0.734 -0.727 -0.72 -0.708 -0.691 -0.677 -0.656 -0.629 -0.619 -0.599 -0.612 -0.585 -0.58 -0.585 -0.589 -0.636 -0.697 -0.754 -0.77 -0.79
-0.469 -0.508 -0.529 -0.54 -0.534 -0.524 -0.515 -0.513 -0.529 -0.552 -0.565 -0.559 -0.547 -0.522 -0.479 -0.423 -0.367 -0.329 -0.321 -0.33 -0.346 -0.344 -0.327 -0.31 -0.311 -0.33 -0.351 -0.358 -0.406 -0.482 -0.572 -0.645 -0.694 -0.715 -0.725 -0.725 -0.724 -0.728 -0.732 -0.73 -0.719 -0.709 -0.69 -0.668 -0.627 -0.583 -0.541 -0.509 -0.502 -0.512 -0.552 -0.623 -0.675 -0.711 -0.731 -0.736 -0.725 -0.715 -0.701 -0.675 -0.65 -0.616 -0.596 -0.59 -0.577 -0.56 -0.536 -0.515 -0.521 -0.534 -0.584 -0.649 -0.709 -0.764 -0.79
-0.437 -0.479 -0.498 -0.509 -0.51 -0.515 -0.525 -0.538 -0.55 -0.546 -0.543 -0.534 -0.511 -0.47 -0.407 -0.349 -0.31 -0.3 -0.311 -0.328 -0.34 -0.323 -0.319 -0.331 -0.347 -0.354 -0.362 -0.397 -0.472 -0.551 -0.614 -0.672 -0.719 -0.746 -0.759 -0.766 -0.767 -0.769 -0.764 -0.742 -0.722 -0.716 -0.692 -0.663 -0.619 -0.575 -0.542 -0.523 -0.527 -0.548 -0.604 -0.66 -0.698 -0.725 -0.739 -0.74 -0.726 -0.712 -0.694 -0.669 -0.636 -0.603 -0.582 -0.571 -0.547 -0.513 -0.49 -0.456 -0.452 -0.48 -0.529 -0.594 -0.649 -0.721 -0.761
-0.4 -0.44 -0.458 -0.469 -0.476 -0.494 -0.515 -0.521 -0.524 -0.523 -0.514 -0.492 -0.459 -0.406 -0.344 -0.305 -0.305 -0.318 -0.337 -0.353 -0.355 -0.355 -0.369 -0.385 -0.389 -0.398 -0.432 -0.491 -0.556 -0.607 -0.655 -0.702 -0.741 -0.767 -0.782 -0.792 -0.794 -0.791 -0.781 -0.758 -0.741 -0.723 -0.693 -0.659 -0.621 -0.59 -0.567 -0.566 -0.588 -0.625 -0.664 -0.696 -0.721 -0.741 -0.75 -0.745 -0.728 -0.711 -0.69 -0.661 -0.632 -0.606 -0.574 -0.557 -0.513 -0.48 -0.445 -0.409 -0.39 -0.428 -0.466 -0.54 -0.603 -0.671 -0.709
-0.36 -0.395 -0.41 -0.418 -0.429 -0.446 -0.465 -0.48 -0.495 -0.497 -0.486 -0.458 -0.416 -0.355 -0.312 -0.307 -0.326 -0.353 -0.378 -0.391 -0.396 -0.403 -0.413 -0.425 -0.442 -0.478 -0.534 -0.59 -0.63 -0.666 -0.698 -0.724 -0.75 -0.774 -0.79 -0.807 -0.809 -0.801 -0.786 -0.764 -0.741 -0.72 -0.696 -0.665 -0.638 -0.624 -0.622 -0.641 -0.662 -0.684 -0.703 -0.724 -0.744 -0.758 -0.759 -0.75 -0.733 -0.713 -0.688 -0.647 -0.62 -0.6 -0.572 -0.541 -0.492 -0.454 -0.403 -0.367 -0.353 -0.385 -0.421 -0.491 -0.551 -0.62 -0.667
-0.32 -0.348 -0.36 -0.363 -0.361 -0.375 -0.404 -0.44 -0.472 -0.487 -0.478 -0.447 -0.389 -0.331 -0.316 -0.329 -0.358 -0.394 -0.421 -0.433 -0.435 -0.437 -0.448 -0.478 -0.524 -0.574 -0.631 -0.67 -0.701 -0.723 -0.737 -0.749 -0.77 -0.794 -0.813 -0.822 -0.818 -0.801 -0.776 -0.751 -0.728 -0.716 -0.711 -0.7 -0.692 -0.697 -0.697 -0.701 -0.709 -0.718 -0.728 -0.747 -0.762 -0.77 -0.766 -0.756 -0.738 -0.716 -0.685 -0.637 -0.61 -0.593 -0.561 -0.518 -0.478 -0.438 -0.384 -0.339 -0.324 -0.348 -0.386 -0.446 -0.503 -0.577 -0.632
-0.28 -0.298 -0.306 -0.3 -0.298 -0.322 -0.367 -0.424 -0.467 -0.487 -0.481 -0.442 -0.37 -0.327 -0.333 -0.355 -0.393 -0.439 -0.467 -0.475 -0.471 -0.476 -0.506 -0.56 -0.615 -0.665 -0.709 -0.746 -0.767 -0.771 -0.769 -0.781 -0.801 -0.816 -0.829 -0.833 -0.823 -0.797 -0.769 -0.745 -0.731 -0.735 -0.747 -0.754 -0.758 -0.752 -0.743 -0.743 -0.744 -0.74 -0.746 -0.763 -0.775 -0.778 -0.771 -0.761 -0.743 -0.72 -0.687 -0.645 -0.613 -0.591 -0.552 -0.499 -0.452 -0.404 -0.358 -0.328 -0.299 -0.327 -0.369 -0.419 -0.475 -0.534 -0.578
-0.236 -0.247 -0.253 -0.253 -0.275 -0.323 -0.387 -0.451 -0.497 -0.51 -0.499 -0.442 -0.364 -0.335 -0.354 -0.381 -0.438 -0.491 -0.519 -0.526 -0.527 -0.555 -0.599 -0.646 -0.691 -0.737 -0.78 -0.813 -0.82 -0.814 -0.811 -0.82 -0.827 -0.835 -0.844 -0.846 -0.83 -0.801 -0.775 -0.751 -0.747 -0.765 -0.781 -0.794 -0.795 -0.784 -0.776 -0.771 -0.767 -0.756 -0.76 -0.773 -0.78 -0.784 -0.776 -0.766 -0.749 -0.724 -0.691 -0.661 -0.629 -0.596 -0.548 -0.495 -0.437 -0.373 -0.326 -0.307 -0.289 -0.322 -0.352 -0.388 -0.429 -0.471 -0.504
-0.198 -0.197 -0.213 -0.247 -0.303 -0.379 -0.46 -0.527 -0.571 -0.571 -0.532 -0.442 -0.37 -0.36 -0.387 -0.432 -0.5 -0.557 -0.587 -0.603 -0.625 -0.655 -0.684 -0.716 -0.758 -0.802 -0.842 -0.864 -0.868 -0.866 -0.861 -0.856 -0.852 -0.855 -0.86 -0.859 -0.843 -0.817 -0.792 -0.768 -0.773 -0.79 -0.809 -0.825 -0.825 -0.812 -0.802 -0.792 -0.781 -0.768 -0.772 -0.776 -0.781 -0.788 -0.783 -0.771 -0.756 -0.732 -0.704 -0.675 -0.642 -0.603 -0.554 -0.503 -0.436 -0.359 -0.317 -0.297 -0.289 -0.316 -0.331 -0.355 -0.376 -0.4 -0.432
-0.169 -0.164 -0.203 -0.274 -0.369 -0.473 -0.561 -0.618 -0.638 -0.612 -0.541 -0.443 -0.394 -0.401 -0.435 -0.502 -0.579 -0.644 -0.681 -0.702 -0.718 -0.732 -0.75 -0.779 -0.816 -0.856 -0.889 -0.908 -0.915 -0.91 -0.897 -0.885 -0.876 -0.875 -0.874 -0.865 -0.848 -0.831 -0.814 -0.799 -0.804 -0.818 -0.836 -0.849 -0.848 -0.836 -0.822 -0.805 -0.794 -0.787 -0.787 -0.782 -0.788 -0.796 -0.789 -0.775 -0.761 -0.738 -0.717 -0.695 -0.665 -0.617 -0.586 -0.525 -0.446 -0.378 -0.337 -0.307 -0.302 -0.323 -0.327 -0.335 -0.333 -0.34 -0.367
-0.144 -0.157 -0.233 -0.341 -0.458 -0.564 -0.642 -0.674 -0.665 -0.61 -0.529 -0.445 -0.425 -0.448 -0.506 -0.594 -0.668 -0.724 -0.758 -0.773 -0.781 -0.79 -0.805 -0.829 -0.859 -0.889 -0.918 -0.939 -0.944 -0.937 -0.923 -0.908 -0.896 -0.889 -0.88 -0.859 -0.841 -0.828 -0.817 -0.809 -0.816 -0.834 -0.85 -0.857 -0.857 -0.845 -0.832 -0.821 -0.812 -0.807 -0.805 -0.801 -0.804 -0.806 -0.798 -0.784 -0.766 -0.74 -0.719 -0.705 -0.688 -0.651 -0.62 -0.554 -0.476 -0.431 -0.378 -0.343 -0.331 -0.35 -0.35 -0.339 -0.331 -0.316 -0.304
-0.139 -0.186 -0.289 -0.418 -0.543 -0.64 -0.694 -0.695 -0.652 -0.579 -0.495 -0.455 -0.478 -0.515 -0.592 -0.671 -0.737 -0.786 -0.81 -0.821 -0.83 -0.837 -0.847 -0.862 -0.878 -0.904 -0.936 -0.952 -0.959 -0.954 -0.94 -0.924 -0.91 -0.896 -0.876 -0.843 -0.822 -0.801 -0.792 -0.794 -0.811 -0.834 -0.849 -0.857 -0.852 -0.846 -0.84 -0.841 -0.834 -0.826 -0.822 -0.821 -0.818 -0.815 -0.804 -0.79 -0.761 -0.731 -0.708 -0.705 -0.707 -0.679 -0.636 -0.572 -0.52 -0.494 -0.445 -0.409 -0.395 -0.404 -0.381 -0.385 -0.372 -0.347 -0.324
-0.155 -0.232 -0.356 -0.496 -0.615 -0.693 -0.718 -0.682 -0.614 -0.535 -0.48 -0.496 -0.53 -0.584 -0.663 -0.734 -0.794 -0.83 -0.835 -0.854 -0.869 -0.867 -0.861 -0.869 -0.883 -0.92 -0.944 -0.958 -0.967 -0.964 -0.951 -0.934 -0.914 -0.893 -0.855 -0.823 -0.79 -0.766 -0.748 -0.748 -0.774 -0.811 -0.831 -0.846 -0.855 -0.856 -0.854 -0.854 -0.846 -0.839 -0.84 -0.836 -0.824 -0.816 -0.803 -0.775 -0.759 -0.727 -0.71 -0.701 -0.715 -0.693 -0.656 -0.611 -0.591 -0.567 -0.508 -0.471 -0.482 -0.476 -0.467 -0.442 -0.393 -0.358 -0.293
-0.19 -0.294 -0.429 -0.563 -0.665 -0.717 -0.707 -0.646 -0.568 -0.519 -0.517 -0.551 -0.589 -0.655 -0.723 -0.789 -0.836 -0.854 -0.879 -0.895 -0.895 -0.881 -0.868 -0.876 -0.907 -0.932 -0.953 -0.969 -0.976 -0.971 -0.956 -0.932 -0.907 -0.88 -0.839 -0.796 -0.749 -0.71 -0.688 -0.696 -0.719 -0.756 -0.773 -0.786 -0.809 -0.838 -0.857 -0.865 -0.861 -0.855 -0.854 -0.843 -0.822 -0.797 -0.79 -0.773 -0.747 -0.704 -0.699 -0.673 -0.707 -0.718 -0.687 -0.678 -0.664 -0.612 -0.577 -0.556 -0.573 -0.562 -0.535 -0.476 -0.412 -0.365 -0.314
-0.255 -0.371 -0.499 -0.618 -0.698 -0.723 -0.685 -0.615 -0.568 -0.557 -0.575 -0.613 -0.662 -0.717 -0.781 -0.841 -0.875 -0.899 -0.921 -0.924 -0.91 -0.89 -0.888 -0.907 -0.927 -0.94 -0.962 -0.979 -0.983 -0.975 -0.953 -0.931 -0.908 -0.862 -0.813 -0.764 -0.713 -0.661 -0.641 -0.653 -0.681 -0.712 -0.733 -0.753 -0.78 -0.812 -0.84 -0.862 -0.875 -0.877 -0.864 -0.838 -0.807 -0.773 -0.759 -0.752 -0.724 -0.69 -0.678 -0.647 -0.674 -0.727 -0.739 -0.735 -0.705 -0.667 -0.648 -0.654 -0.654 -0.614 -0.58 -0.543 -0.478 -0.392 -0.321
-0.338 -0.456 -0.572 -0.668 -0.722 -0.729 -0.687 -0.635 -0.61 -0.615 -0.644 -0.683 -0.729 -0.781 -0.838 -0.888 -0.923 -0.946 -0.955 -0.951 -0.934 -0.923 -0.922 -0.936 -0.945 -0.958 -0.977 -0.99 -0.992 -0.976 -0.953 -0.939 -0.894 -0.843 -0.787 -0.734 -0.681 -0.636 -0.633 -0.637 -0.674 -0.7 -0.72 -0.74 -0.776 -0.81 -0.84 -0.867 -0.882 -0.882 -0.861 -0.818 -0.775 -0.743 -0.725 -0.732 -0.694 -0.663 -0.645 -0.607 -0.641 -0.707 -0.748 -0.768 -0.756 -0.739 -0.737 -0.733 -0.712 -0.677 -0.658 -0.594 -0.518 -0.408 -0.315
-0.441 -0.552 -0.648 -0.721 -0.755 -0.754 -0.723 -0.688 -0.673 -0.684 -0.711 -0.749 -0.794 -0.843 -0.89 -0.928 -0.956 -0.975 -0.982 -0.981 -0.971 -0.964 -0.962 -0.966 -0.973 -0.984 -0.997 -1.005 -1.001 -0.979 -0.965 -0.949 -0.896 -0.848 -0.787 -0.731 -0.686 -0.662 -0.666 -0.682 -0.705 -0.727 -0.745 -0.769 -0.806 -0.834 -0.865 -0.89 -0.895 -0.883 -0.838 -0.786 -0.739 -0.714 -0.703 -0.698 -0.661 -0.627 -0.594 -0.584 -0.62 -0.661 -0.731 -0.764 -0.782 -0.787 -0.787 -0.775 -0.765 -0.737 -0.687 -0.624 -0.547 -0.435 -0.325
-0.555 -0.654 -0.732 -0.783 -0.802 -0.797 -0.775 -0.753 -0.743 -0.751 -0.776 -0.812 -0.854 -0.896 -0.933 -0.962 -0.983 -0.997 -1.004 -1.004 -1.002 -0.998 -0.996 -0.997 -1.002 -1.009 -1.017 -1.022 -1.011 -0.993 -0.978 -0.965 -0.926 -0.875 -0.825 -0.782 -0.742 -0.723 -0.732 -0.736 -0.75 -0.773 -0.801 -0.826 -0.85 -0.877 -0.912 -0.928 -0.923 -0.892 -0.834 -0.779 -0.734 -0.699 -0.678 -0.649 -0.615 -0.588 -0.554 -0.554 -0.576 -0.625 -0.702 -0.729 -0.76 -0.782 -0.799 -0.807 -0.805 -0.771 -0.716 -0.655 -0.582 -0.467 -0.347
-0.672 -0.755 -0.815 -0.847 -0.854 -0.844 -0.826 -0.81 -0.804 -0.814 -0.837 -0.87 -0.904 -0.938 -0.965 -0.988 -1.004 -1.014 -1.019 -1.019 -1.019 -1.019 -1.02 -1.022 -1.026 -1.031 -1.036 -1.037 -1.026 -1.013 -0.997 -0.99 -0.963 -0.916 -0.879 -0.838 -0.805 -0.793 -0.802 -0.803 -0.818 -0.84 -0.865 -0.884 -0.903 -0.928 -0.964 -0.973 -0.966 -0.928 -0.881 -0.804 -0.738 -0.685 -0.685 -0.644 -0.606 -0.564 -0.54 -0.522 -0.555 -0.613 -0.661 -0.68 -0.725 -0.754 -0.769 -0.794 -0.828 -0.816 -0.764 -0.706 -0.622 -0.517 -0.399
-0.779 -0.84 -0.881 -0.898 -0.896 -0.884 -0.869 -0.86 -0.86 -0.871 -0.892 -0.917 -0.944 -0.968 -0.988 -1.005 -1.017 -1.025 -1.026 -1.024 -1.027 -1.031 -1.035 -1.039 -1.043 -1.046 -1.049 -1.049 -1.043 -1.037 -1.026 -1.023 -0.999 -0.967 -0.936 -0.899 -0.873 -0.869 -0.881 -0.894 -0.908 -0.926 -0.942 -0.954 -0.97 -0.988 -1.007 -1.013 -1.007 -0.983 -0.94 -0.861 -0.786 -0.73 -0.738 -0.685 -0.642 -0.586 -0.534 -0.527 -0.566 -0.579 -0.612 -0.635 -0.686 -0.704 -0.726 -0.747 -0.813 -0.836 -0.794 -0.735 -0.648 -0.563 -0.468
