data/climatemaps/RS_maps/climate_breeding_tmp_2019.asc
NCOLS 369 
NROWS 228 
XLLCORNER 479000 
YLLCORNER 73000 
CELLSIZE 1000 
NODATA_value -9 
[rows 68 to 101 of 228, columns 77 to 153 of 369]
0.521 0.479 0.379 0.313 0.324 0.43 0.653 0.653 0.286 0.271 0.261 0.261 0.23 0.202 0.209 0.209 0.212 0.194 0.176 0.147 0.08 0.07 0.075 0.162 0.386 0.441 0.515 0.532 0.471 0.489 0.49 0.522 0.564 0.569 0.563 0.529 0.538 0.516 0.452 0.418 0.396 0.322 0.132 -0.046 -0.05 -0.008 0.02 0.193 0.249 0.271 0.412 0.617 0.778 0.847 0.9 0.942 0.969 0.984 0.983 1.008 1.014 0.997 0.951 0.951 0.942 0.954 0.998 1.023 1.041 1.016 0.965 0.991 1.004 0.988 0.898 0.892 0.893
0.482 0.385 0.31 0.332 0.478 0.585 0.678 0.397 0.186 0.255 0.242 0.226 0.192 0.189 0.22 0.219 0.221 0.196 0.166 0.143 0.13 0.149 0.241 0.387 0.496 0.5 0.525 0.561 0.568 0.559 0.572 0.594 0.598 0.585 0.581 0.584 0.553 0.428 0.347 0.241 0.077 -0.065 -0.007 -0.04 0.126 0.278 0.472 0.589 0.667 0.722 0.794 0.832 0.833 0.869 0.919 0.978 1.009 1.006 1.012 1.037 1.033 1.012 1.014 0.991 0.965 0.995 1.027 1.018 1.001 0.989 0.998 0.983 0.973 0.986 0.972 0.929 0.911
0.445 0.33 0.307 0.463 0.605 0.635 0.453 0.282 0.252 0.269 0.229 0.197 0.203 0.218 0.227 0.233 0.219 0.226 0.255 0.299 0.343 0.301 0.304 0.38 0.464 0.523 0.549 0.509 0.451 0.397 0.375 0.361 0.348 0.298 0.258 0.254 0.16 0.042 -0.043 -0.136 -0.14 0.03 0.205 0.381 0.583 0.695 0.782 0.831 0.853 0.882 0.903 0.872 0.936 0.971 0.991 1.018 1.029 1.039 1.038 1.037 0.992 0.967 0.985 0.993 1.021 1.025 0.997 0.97 0.971 0.979 0.988 0.953 0.93 0.937 0.984 0.932 0.864
0.41 0.369 0.474 0.637 0.559 0.379 0.271 0.264 0.237 0.174 0.166 0.2 0.243 0.23 0.19 0.203 0.229 0.29 0.29 0.27 0.22 0.182 0.213 0.276 0.41 0.505 0.423 0.312 0.192 0.105 0.06 0.013 0.024 0.002 0 0.067 0.059 0.022 -0.028 -0.018 0.129 0.412 0.553 0.714 0.789 0.846 0.887 0.92 0.943 0.958 0.959 0.957 1.001 1.007 1.025 1.022 1.027 1.033 1.01 1.002 0.973 0.953 0.967 0.988 1.003 1 0.963 0.964 0.974 0.977 0.974 0.947 0.919 0.912 0.961 0.92 0.851
0.361 0.534 0.626 0.518 0.308 0.249 0.241 0.193 0.108 0.122 0.183 0.219 0.23 0.183 0.12 0.108 0.128 0.145 0.139 0.161 0.228 0.27 0.304 0.325 0.392 0.393 0.157 0.092 0.038 0.047 0.108 0.179 0.213 0.172 0.135 0.141 0.15 0.179 0.239 0.382 0.578 0.733 0.824 0.896 0.929 0.951 0.989 1.009 1.014 1.014 1.014 1.008 1.019 1.023 1.023 1.015 1.024 1.018 0.985 0.965 0.962 0.965 0.982 1.002 0.987 0.977 0.967 0.965 0.954 0.957 0.962 0.924 0.912 0.901 0.932 0.927 0.837
0.399 0.685 0.504 0.332 0.233 0.205 0.168 0.106 0.091 0.168 0.201 0.183 0.132 0.059 0.002 -0.007 0.077 0.165 0.296 0.412 0.508 0.578 0.584 0.575 0.532 0.338 0.225 0.309 0.331 0.462 0.492 0.472 0.359 0.291 0.256 0.27 0.31 0.434 0.618 0.794 0.891 0.918 0.953 0.991 0.999 1.016 1.028 1.028 1.027 1.023 1.014 1.003 0.999 0.998 1.009 1.016 1.021 1.011 0.991 0.97 0.973 0.978 0.982 1.001 0.979 0.962 0.935 0.934 0.944 0.939 0.948 0.901 0.887 0.852 0.871 0.924 0.835
0.546 0.605 0.361 0.268 0.212 0.15 0.144 0.154 0.173 0.182 0.137 0.051 -0.011 -0.024 0.028 0.203 0.393 0.503 0.594 0.636 0.66 0.66 0.624 0.613 0.599 0.545 0.575 0.624 0.602 0.666 0.513 0.414 0.396 0.448 0.441 0.468 0.569 0.703 0.839 0.948 0.989 1.002 1.015 1.022 1.029 1.028 1.025 1.009 1.002 0.972 0.945 0.938 0.972 0.992 1.006 1.012 1.012 1.01 0.994 0.973 0.966 0.957 0.979 0.996 0.968 0.938 0.923 0.947 0.949 0.918 0.933 0.863 0.813 0.81 0.849 0.877 0.863
0.616 0.438 0.292 0.222 0.201 0.204 0.224 0.22 0.189 0.136 0.033 -0.044 -0.025 0.11 0.327 0.544 0.634 0.63 0.577 0.449 0.482 0.458 0.29 0.247 0.268 0.466 0.49 0.35 0.505 0.685 0.388 0.435 0.502 0.455 0.525 0.638 0.765 0.892 0.973 1.006 1.021 1.029 1.031 1.032 1.03 1.015 0.987 0.959 0.94 0.889 0.885 0.92 0.983 1.007 1.01 1.002 1.008 0.993 0.977 0.945 0.95 0.967 0.988 0.994 0.959 0.949 0.956 0.948 0.901 0.892 0.923 0.838 0.752 0.772 0.829 0.862 0.835
0.56 0.398 0.267 0.247 0.221 0.218 0.23 0.2 0.125 0.019 -0.049 0.025 0.219 0.431 0.578 0.616 0.544 0.345 0.192 0.135 0.156 0.084 -0.008 -0.022 -0.006 0.172 0.179 0.162 0.423 0.736 0.619 0.495 0.521 0.736 0.883 0.938 0.975 1.005 1.028 1.03 1.032 1.036 1.033 1.017 0.972 0.963 0.914 0.884 0.877 0.889 0.917 0.967 0.984 1.006 1.005 1.006 1 0.972 0.958 0.938 0.962 0.978 0.957 0.968 0.974 0.963 0.918 0.869 0.844 0.844 0.896 0.84 0.769 0.715 0.768 0.821 0.748
0.529 0.414 0.277 0.214 0.219 0.205 0.153 0.091 -0.013 -0.053 0.049 0.359 0.517 0.575 0.508 0.335 0.139 0.031 -0.006 -0.015 -0.025 -0.067 -0.117 -0.09 0.006 0.224 0.477 0.615 0.713 0.735 0.776 0.766 0.911 0.975 0.95 0.911 0.941 1.001 1.038 1.037 1.04 1.037 1.015 0.938 0.892 0.883 0.853 0.861 0.91 0.943 0.971 0.978 0.984 0.992 0.999 1 1.002 0.98 0.957 0.951 0.977 0.933 0.902 0.94 0.918 0.875 0.859 0.812 0.742 0.784 0.889 0.866 0.792 0.667 0.71 0.736 0.72
0.29 0.424 0.3 0.231 0.193 0.121 0.047 0.01 0.016 0.14 0.442 0.574 0.536 0.307 0.1 -0.056 -0.153 -0.158 -0.166 -0.088 -0.106 -0.077 -0.035 0.117 0.265 0.528 0.636 0.66 0.644 0.747 0.913 1.004 0.998 0.927 0.932 0.982 1.027 1.039 1.045 1.047 1.048 1.025 0.948 0.874 0.861 0.864 0.879 0.898 0.896 0.907 0.966 0.976 0.996 0.978 0.988 0.987 0.986 0.988 0.977 0.98 0.974 0.938 0.894 0.945 0.847 0.841 0.844 0.762 0.708 0.809 0.868 0.783 0.779 0.639 0.654 0.704 0.7
0.3 0.367 0.292 0.218 0.142 0.061 0.061 0.15 0.29 0.486 0.482 0.381 0.249 0.041 -0.212 -0.32 -0.356 -0.262 -0.164 -0.032 0.025 0.034 0.02 0.086 0.341 0.524 0.415 0.51 0.729 0.965 1.032 1.026 0.98 0.94 0.984 1.046 1.048 1.048 1.048 1.046 1.026 0.981 0.906 0.866 0.865 0.898 0.864 0.88 0.897 0.952 0.989 0.988 0.996 0.989 0.965 0.978 0.979 0.966 0.983 0.971 0.907 0.913 0.819 0.918 0.801 0.793 0.795 0.688 0.768 0.812 0.846 0.725 0.704 0.699 0.68 0.697 0.714
0.294 0.335 0.237 0.164 0.147 0.188 0.37 0.452 0.426 0.283 0.17 0.088 0.011 -0.149 -0.35 -0.426 -0.308 -0.097 0.131 0.153 0.005 -0.123 -0.063 0.164 0.325 0.255 0.444 0.729 0.969 1.038 1.026 0.988 1.014 1.04 1.046 1.053 1.05 1.041 1.005 0.993 0.957 0.956 0.899 0.885 0.84 0.804 0.815 0.803 0.839 0.972 0.998 0.987 0.986 0.985 0.969 0.98 0.983 0.95 0.938 0.865 0.85 0.89 0.874 0.84 0.792 0.725 0.753 0.691 0.749 0.77 0.779 0.817 0.785 0.753 0.676 0.654 0.678
0.252 0.263 0.197 0.19 0.267 0.382 0.378 0.238 0.142 0.117 0.113 0.054 -0.173 -0.292 -0.342 -0.194 0.004 0.18 0.284 0.062 0.023 0.15 0.298 0.303 0.263 0.427 0.807 1.042 1.053 1.051 1.037 1.022 1.009 1.048 1.053 1.053 1.036 0.948 0.91 0.984 0.956 0.945 0.884 0.835 0.804 0.784 0.802 0.814 0.931 0.996 0.989 0.978 0.978 0.978 0.961 0.974 0.982 0.967 0.915 0.869 0.858 0.875 0.848 0.775 0.774 0.664 0.667 0.699 0.721 0.729 0.669 0.76 0.749 0.768 0.666 0.643 0.681
0.207 0.24 0.223 0.306 0.385 0.258 0.113 0.054 0.046 0.067 0.106 0.002 -0.227 -0.26 -0.038 0.159 0.294 0.354 0.305 0.276 0.394 0.498 0.446 0.39 0.526 0.834 1.029 1.064 1.045 1.036 1.035 1.032 1.025 1.049 1.053 1.05 1.036 0.987 1.004 1 0.945 0.906 0.856 0.839 0.823 0.838 0.903 0.961 0.989 0.982 0.967 0.977 0.978 0.975 0.961 0.967 0.971 0.948 0.935 0.92 0.858 0.883 0.78 0.759 0.719 0.644 0.582 0.679 0.644 0.687 0.655 0.708 0.663 0.76 0.69 0.664 0.69
0.163 0.235 0.298 0.316 0.241 0.084 0.04 0.027 0.059 0.134 0.166 -0.03 -0.116 0.067 0.264 0.396 0.471 0.476 0.469 0.514 0.554 0.55 0.547 0.655 0.888 1.047 1.073 1.056 1.019 0.974 0.961 0.971 0.966 1.039 1.052 1.051 1.042 1.032 0.998 0.972 0.929 0.852 0.799 0.835 0.893 0.97 0.998 0.993 0.965 0.958 0.96 0.975 0.975 0.968 0.963 0.964 0.962 0.896 0.896 0.901 0.882 0.859 0.768 0.748 0.654 0.608 0.587 0.66 0.624 0.651 0.605 0.647 0.635 0.736 0.7 0.698 0.661
0.179 0.266 0.181 0.101 0.062 0.094 0.14 0.208 0.268 0.325 0.185 0 0.129 0.315 0.424 0.519 0.547 0.547 0.545 0.529 0.537 0.636 0.789 0.921 1.06 1.073 1.067 1.04 0.991 0.956 0.968 1.015 1.042 1.053 1.051 1.028 0.996 0.974 0.944 0.925 0.916 0.885 0.89 0.966 0.991 0.993 0.98 0.955 0.924 0.95 0.966 0.973 0.966 0.961 0.959 0.957 0.941 0.851 0.85 0.881 0.853 0.804 0.788 0.773 0.692 0.6 0.578 0.612 0.605 0.605 0.569 0.643 0.674 0.71 0.637 0.665 0.625
0.156 0.095 -0.052 -0.08 -0.027 0.151 0.24 0.313 0.39 0.399 0.101 0.053 0.271 0.388 0.437 0.554 0.569 0.543 0.498 0.513 0.652 0.878 1.015 1.07 1.075 1.073 1.052 0.986 0.927 0.975 1.045 1.057 1.055 1.053 1.031 0.983 0.96 0.948 0.936 0.95 0.968 0.97 0.99 0.974 0.951 0.956 0.944 0.903 0.898 0.939 0.965 0.969 0.958 0.955 0.951 0.949 0.922 0.863 0.84 0.857 0.822 0.752 0.725 0.698 0.663 0.639 0.544 0.607 0.632 0.626 0.631 0.661 0.658 0.672 0.606 0.623 0.577
0.048 -0.088 -0.135 -0.092 0.049 0.208 0.303 0.35 0.451 0.384 0.033 0.091 0.318 0.332 0.465 0.577 0.577 0.527 0.531 0.736 0.95 1.057 1.083 1.082 1.082 1.072 1.002 0.936 0.944 1.02 1.06 1.06 1.055 1.051 1.016 0.957 0.944 0.918 0.924 0.975 0.979 0.978 0.958 0.919 0.903 0.91 0.913 0.867 0.891 0.934 0.952 0.966 0.949 0.947 0.946 0.935 0.898 0.885 0.861 0.834 0.769 0.723 0.677 0.606 0.571 0.597 0.547 0.635 0.636 0.619 0.61 0.614 0.601 0.628 0.573 0.577 0.501
-0.05 -0.021 -0.002 0.084 0.258 0.434 0.555 0.573 0.565 0.269 0.017 0.212 0.392 0.446 0.603 0.689 0.677 0.701 0.837 1.015 1.083 1.078 1.088 1.088 1.086 1.03 0.981 0.986 1.022 1.049 1.063 1.061 1.051 1.052 1.021 0.97 0.944 0.889 0.918 0.945 0.946 0.959 0.938 0.891 0.885 0.884 0.878 0.843 0.889 0.919 0.926 0.957 0.946 0.938 0.941 0.933 0.903 0.884 0.838 0.786 0.714 0.702 0.657 0.541 0.539 0.562 0.56 0.626 0.591 0.572 0.541 0.533 0.557 0.585 0.536 0.53 0.454
-0.054 0.084 0.248 0.449 0.579 0.647 0.671 0.635 0.543 0.17 0.15 0.407 0.519 0.679 0.812 0.916 0.952 1.004 1.054 1.086 1.088 1.087 1.092 1.092 1.068 1.03 1.042 1.05 1.052 1.061 1.063 1.063 1.052 1.041 1.006 0.999 0.983 0.941 0.949 0.945 0.952 0.947 0.925 0.892 0.876 0.853 0.86 0.874 0.905 0.9 0.925 0.953 0.939 0.916 0.931 0.918 0.916 0.901 0.854 0.741 0.757 0.706 0.617 0.567 0.571 0.553 0.562 0.614 0.558 0.526 0.462 0.442 0.504 0.509 0.478 0.437 0.398
0.083 0.353 0.529 0.61 0.662 0.689 0.678 0.629 0.444 0.17 0.325 0.57 0.748 0.97 1.044 1.067 1.081 1.09 1.092 1.092 1.092 1.093 1.093 1.064 1.056 1.066 1.063 1.065 1.066 1.063 1.063 1.059 1.047 1.006 0.991 0.995 0.987 0.96 0.943 0.944 0.937 0.913 0.9 0.867 0.851 0.855 0.861 0.889 0.913 0.924 0.94 0.952 0.937 0.916 0.914 0.894 0.89 0.889 0.876 0.784 0.779 0.692 0.598 0.654 0.601 0.564 0.534 0.599 0.559 0.497 0.464 0.415 0.372 0.387 0.355 0.297 0.304
0.261 0.486 0.602 0.65 0.677 0.679 0.638 0.53 0.22 0.271 0.668 0.801 0.996 1.08 1.091 1.093 1.082 1.071 1.093 1.093 1.093 1.08 1.042 1.027 1.071 1.056 1.072 1.071 1.068 1.063 1.063 1.063 1.041 0.96 0.968 0.944 0.945 0.941 0.952 0.954 0.926 0.911 0.862 0.848 0.854 0.888 0.889 0.893 0.92 0.942 0.945 0.944 0.922 0.912 0.856 0.827 0.814 0.853 0.891 0.813 0.715 0.584 0.579 0.681 0.651 0.604 0.583 0.612 0.511 0.557 0.559 0.526 0.495 0.422 0.38 0.32 0.188
0.398 0.585 0.639 0.687 0.699 0.643 0.46 0.249 0.177 0.612 0.842 0.955 1.086 1.089 1.096 1.058 0.937 1.012 1.093 1.067 0.999 0.985 0.963 1.063 1.069 1.044 1.068 1.073 1.069 1.066 1.045 1.046 0.96 0.952 0.923 0.917 0.875 0.858 0.886 0.939 0.927 0.934 0.933 0.919 0.892 0.9 0.878 0.89 0.924 0.948 0.939 0.928 0.902 0.821 0.845 0.803 0.827 0.828 0.882 0.782 0.668 0.563 0.662 0.714 0.634 0.571 0.646 0.624 0.617 0.597 0.508 0.492 0.362 0.348 0.268 0.286 0.278
0.558 0.628 0.667 0.71 0.68 0.449 0.175 0.225 0.532 0.863 0.931 1.065 1.076 1.084 1.046 0.929 0.996 1.07 1.073 1.006 0.923 0.939 1.042 1.081 1.076 1.083 1.083 1.077 1.068 1.033 1.01 1.015 0.962 0.931 0.865 0.787 0.737 0.757 0.781 0.841 0.808 0.778 0.828 0.899 0.938 0.935 0.905 0.89 0.931 0.943 0.924 0.866 0.876 0.842 0.804 0.696 0.798 0.725 0.846 0.843 0.693 0.713 0.743 0.651 0.617 0.596 0.683 0.672 0.633 0.508 0.415 0.413 0.391 0.219 0.196 0.17 0.192
0.599 0.648 0.688 0.72 0.556 0.299 0.36 0.613 0.863 0.986 1.056 1.053 1.076 1.096 1.016 1 1.055 1.064 1.013 0.937 0.938 1.031 1.081 1.053 1.073 1.083 1.083 1.075 1.034 1.019 1.037 0.962 0.905 0.871 0.802 0.674 0.637 0.687 0.748 0.778 0.762 0.753 0.81 0.86 0.892 0.909 0.925 0.94 0.932 0.923 0.893 0.822 0.806 0.805 0.752 0.692 0.769 0.663 0.745 0.862 0.829 0.791 0.704 0.622 0.618 0.685 0.709 0.602 0.546 0.55 0.488 0.392 0.344 0.336 0.209 0.116 0.064
0.611 0.641 0.658 0.711 0.593 0.583 0.742 0.917 1.05 1.095 1.089 1.076 1.095 1.099 1.1 1.096 1.087 1.068 1.003 0.996 1.006 1.071 1.079 1.07 1.089 1.084 1.081 1.037 0.996 1.039 0.943 0.87 0.775 0.733 0.668 0.584 0.642 0.653 0.756 0.778 0.749 0.744 0.816 0.854 0.874 0.886 0.896 0.905 0.903 0.852 0.809 0.789 0.748 0.815 0.712 0.67 0.712 0.58 0.676 0.805 0.836 0.839 0.765 0.722 0.744 0.741 0.683 0.601 0.616 0.535 0.478 0.329 0.251 0.27 0.257 0.224 0.08
0.622 0.645 0.678 0.779 0.822 0.892 0.983 1.077 1.116 1.118 1.107 1.105 1.108 1.104 1.101 1.1 1.1 1.093 1.067 1.06 1.069 1.084 1.096 1.098 1.094 1.088 1.065 0.989 1.007 1.023 0.893 0.821 0.698 0.638 0.608 0.633 0.71 0.773 0.807 0.812 0.791 0.799 0.857 0.863 0.882 0.889 0.867 0.856 0.766 0.713 0.701 0.751 0.768 0.781 0.689 0.639 0.613 0.606 0.694 0.689 0.795 0.793 0.806 0.803 0.792 0.736 0.7 0.637 0.528 0.469 0.44 0.317 0.203 0.166 0.148 0.183 0.06
0.738 0.79 0.853 0.936 1.012 1.074 1.11 1.118 1.118 1.118 1.118 1.118 1.118 1.117 1.101 1.104 1.105 1.102 1.102 1.099 1.088 1.09 1.1 1.1 1.102 1.091 1.043 0.992 0.983 1.006 0.936 0.846 0.779 0.768 0.73 0.745 0.816 0.807 0.803 0.817 0.852 0.865 0.877 0.886 0.926 0.908 0.861 0.793 0.661 0.631 0.676 0.712 0.713 0.648 0.572 0.562 0.545 0.596 0.608 0.635 0.751 0.701 0.726 0.745 0.776 0.775 0.739 0.625 0.49 0.442 0.43 0.316 0.178 0.236 0.2 0.128 -0.024
0.935 0.987 1.035 1.078 1.113 1.122 1.123 1.123 1.121 1.121 1.119 1.118 1.118 1.117 1.104 1.106 1.108 1.102 1.108 1.104 1.096 1.103 1.103 1.103 1.102 1.088 1.031 0.999 0.964 1.001 0.974 0.895 0.88 0.844 0.814 0.819 0.849 0.817 0.817 0.835 0.865 0.872 0.881 0.892 0.967 0.938 0.902 0.809 0.759 0.632 0.58 0.554 0.683 0.584 0.515 0.467 0.521 0.514 0.595 0.674 0.682 0.598 0.663 0.688 0.683 0.712 0.779 0.716 0.572 0.523 0.453 0.369 0.234 0.31 0.225 0.073 0.007
1.062 1.101 1.116 1.122 1.123 1.123 1.123 1.123 1.123 1.123 1.122 1.118 1.119 1.111 1.106 1.108 1.108 1.094 1.103 1.106 1.105 1.103 1.103 1.103 1.098 1.07 1.027 1.006 0.973 1.015 0.987 0.969 0.962 0.919 0.882 0.878 0.897 0.901 0.887 0.899 0.905 0.904 0.917 0.934 0.955 0.943 0.92 0.888 0.846 0.7 0.588 0.541 0.717 0.596 0.535 0.471 0.441 0.52 0.662 0.604 0.589 0.531 0.621 0.6 0.604 0.577 0.726 0.752 0.614 0.528 0.413 0.379 0.318 0.346 0.207 0.074 0.086
1.107 1.13 1.128 1.127 1.127 1.127 1.123 1.123 1.123 1.123 1.123 1.122 1.115 1.108 1.103 1.076 1.007 0.962 1.024 1.104 1.105 1.106 1.103 1.1 1.074 1.056 1.033 1.018 1.005 1.024 0.971 0.97 0.974 0.966 0.946 0.95 0.97 0.976 0.959 0.967 0.938 0.918 0.915 0.916 0.935 0.918 0.904 0.911 0.892 0.84 0.731 0.666 0.758 0.631 0.587 0.491 0.432 0.568 0.583 0.486 0.496 0.536 0.606 0.528 0.529 0.464 0.667 0.758 0.629 0.484 0.495 0.399 0.413 0.303 0.266 0.207 0.207
1.121 1.133 1.132 1.132 1.132 1.128 1.127 1.127 1.123 1.123 1.123 1.115 1.099 1.083 1.059 1.016 0.93 0.989 1.072 1.113 1.104 1.105 1.098 1.065 1.019 1.027 1.03 1.007 1.026 0.997 0.922 0.864 0.842 0.874 0.864 0.89 0.919 0.914 0.909 0.947 0.914 0.905 0.904 0.898 0.935 0.901 0.888 0.899 0.853 0.833 0.83 0.82 0.818 0.719 0.602 0.506 0.422 0.596 0.525 0.412 0.454 0.516 0.532 0.457 0.451 0.457 0.646 0.748 0.605 0.519 0.509 0.454 0.435 0.366 0.349 0.321 0.279
1.126 1.138 1.134 1.133 1.133 1.131 1.128 1.128 1.127 1.124 1.097 1.083 1.038 1.016 1.022 1.036 1.061 1.1 1.116 1.118 1.112 1.103 1.071 1.019 0.991 0.996 1.013 0.988 1.032 0.961 0.867 0.799 0.765 0.838 0.852 0.893 0.904 0.903 0.911 0.913 0.906 0.915 0.916 0.924 0.941 0.912 0.889 0.898 0.79 0.732 0.721 0.828 0.861 0.758 0.602 0.526 0.514 0.642 0.465 0.381 0.393 0.357 0.384 0.358 0.412 0.504 0.619 0.733 0.694 0.643 0.572 0.507 0.515 0.48 0.341 0.37 0.293
