data/climatemaps/RS_maps/climate_winter_tmin_2000.asc
NCOLS 369 
NROWS 228 
XLLCORNER 479000 
YLLCORNER 73000 
CELLSIZE 1000 
NODATA_value -9 
[rows 34 to 67 of 228, columns 154 to 230 of 369]
1.207 1.228 1.258 1.265 1.262 1.269 1.266 1.258 1.256 1.248 1.244 1.241 1.236 1.199 1.118 1.164 1.165 1.11 1.134 1.164 1.116 1.132 1.082 1.088 1.087 1.135 1.204 1.19 1.179 1.153 1.165 1.114 1.061 1.066 1.066 1.07 1.065 1.11 1.08 1.112 1.087 1.102 1.084 1.116 1.153 1.154 1.141 1.148 1.159 1.146 1.132 1.169 1.124 1.036 1.011 1.056 1.063 1.041 1.058 1.104 1.139 1.148 1.143 1.137 1.12 1.11 1.105 1.133 1.15 1.153 1.149 1.156 1.17 1.173 1.154 1.151 1.184
1.174 1.154 1.182 1.219 1.196 1.222 1.234 1.239 1.246 1.217 1.21 1.207 1.216 1.186 1.143 1.128 1.174 1.125 1.134 1.156 1.087 1.087 1.07 1.056 1.099 1.154 1.194 1.189 1.182 1.14 1.149 1.135 1.105 1.103 1.053 1.048 1.049 1.082 1.092 1.075 1.117 1.083 1.047 1.047 1.147 1.152 1.13 1.138 1.155 1.142 1.123 1.121 1.167 1.129 1.067 1.032 1.042 1.075 1.088 1.128 1.145 1.151 1.149 1.137 1.132 1.124 1.118 1.126 1.132 1.132 1.135 1.118 1.127 1.142 1.13 1.135 1.146
1.179 1.172 1.119 1.148 1.178 1.161 1.164 1.183 1.216 1.22 1.176 1.156 1.194 1.168 1.109 1.116 1.16 1.077 1.063 1.123 1.078 1.055 1.024 1.034 1.1 1.174 1.198 1.193 1.168 1.138 1.127 1.127 1.148 1.138 1.099 1.051 1.064 1.068 1.074 1.057 1.051 1.127 1.1 1.102 1.152 1.158 1.124 1.155 1.162 1.148 1.138 1.102 1.144 1.171 1.138 1.127 1.1 1.113 1.141 1.155 1.127 1.147 1.136 1.122 1.118 1.129 1.132 1.136 1.131 1.123 1.111 1.09 1.09 1.104 1.123 1.124 1.135
1.143 1.189 1.159 1.116 1.128 1.148 1.141 1.148 1.169 1.212 1.208 1.174 1.149 1.161 1.061 1.055 1.085 1.076 1.059 1.094 1.088 1.068 1.094 1.105 1.087 1.175 1.204 1.182 1.103 1.099 1.079 1.068 1.106 1.138 1.139 1.105 1.111 1.079 1.047 1.046 1.037 1.079 1.116 1.105 1.145 1.162 1.142 1.165 1.168 1.162 1.15 1.106 1.102 1.157 1.149 1.122 1.147 1.158 1.156 1.154 1.144 1.148 1.122 1.128 1.109 1.103 1.136 1.142 1.13 1.116 1.093 1.088 1.079 1.1 1.098 1.092 1.137
1.096 1.103 1.136 1.149 1.11 1.116 1.144 1.119 1.14 1.19 1.223 1.178 1.078 1.102 1.068 1.061 1.103 1.078 1.038 1.084 1.115 1.141 1.141 1.167 1.178 1.192 1.193 1.15 1.099 1.08 1.063 1.041 1.062 1.115 1.144 1.129 1.127 1.12 1.064 1.052 1.038 1.066 1.099 1.117 1.138 1.164 1.152 1.173 1.167 1.171 1.148 1.099 1.077 1.149 1.146 1.082 1.091 1.115 1.115 1.124 1.154 1.147 1.132 1.14 1.129 1.113 1.144 1.142 1.133 1.115 1.105 1.113 1.115 1.121 1.097 1.119 1.154
1.087 1.058 1.1 1.148 1.134 1.104 1.078 1.091 1.156 1.193 1.213 1.208 1.183 1.158 1.122 1.119 1.137 1.081 1.055 1.043 1.085 1.087 1.122 1.17 1.18 1.151 1.179 1.2 1.167 1.119 1.081 1.053 1.043 1.112 1.136 1.136 1.105 1.12 1.133 1.124 1.108 1.1 1.124 1.134 1.154 1.174 1.173 1.173 1.159 1.165 1.151 1.105 1.074 1.127 1.152 1.091 1.067 1.065 1.056 1.1 1.121 1.13 1.14 1.146 1.142 1.14 1.146 1.109 1.103 1.118 1.116 1.096 1.082 1.122 1.14 1.149 1.152
1.077 1.07 1.104 1.155 1.14 1.03 1.001 1.103 1.18 1.202 1.17 1.13 1.145 1.139 1.162 1.161 1.14 1.121 1.092 1.056 1.082 1.106 1.12 1.178 1.154 1.148 1.207 1.21 1.194 1.188 1.16 1.125 1.072 1.104 1.121 1.111 1.071 1.064 1.084 1.097 1.113 1.121 1.139 1.16 1.173 1.178 1.168 1.173 1.167 1.167 1.158 1.113 1.082 1.116 1.139 1.122 1.099 1.065 1.041 1.072 1.075 1.101 1.145 1.121 1.117 1.146 1.146 1.106 1.076 1.093 1.092 1.078 1.031 1.078 1.121 1.11 1.113
1.124 1.102 1.107 1.074 1.048 1.03 1.108 1.138 1.173 1.157 1.106 1.106 1.153 1.144 1.155 1.152 1.146 1.123 1.083 1.068 1.095 1.114 1.141 1.186 1.189 1.208 1.215 1.188 1.145 1.167 1.176 1.171 1.151 1.115 1.086 1.059 1.018 1.008 1.018 1.023 1.035 1.063 1.112 1.158 1.18 1.179 1.169 1.173 1.173 1.173 1.17 1.132 1.1 1.111 1.095 1.109 1.094 1.078 1.055 1.059 1.04 1.1 1.142 1.107 1.078 1.101 1.128 1.121 1.089 1.05 1.069 1.061 1.036 1.065 1.071 1.102 1.108
1.139 1.082 1.09 1.012 1.013 1.036 1.127 1.147 1.147 1.119 1.111 1.11 1.138 1.159 1.131 1.139 1.114 1.09 1.079 1.072 1.114 1.151 1.188 1.209 1.199 1.199 1.209 1.173 1.117 1.105 1.123 1.144 1.187 1.158 1.097 1.076 1.055 1.045 1.07 1.059 1.035 1.039 1.085 1.146 1.171 1.173 1.176 1.168 1.183 1.178 1.177 1.159 1.125 1.117 1.095 1.092 1.07 1.066 1.061 1.057 1.054 1.085 1.137 1.119 1.087 1.09 1.11 1.109 1.091 1.076 1.029 1.016 1.012 1.017 1.025 1.057 1.081
1.151 1.138 1.075 1.072 1.053 1.048 1.125 1.096 1.127 1.117 1.101 1.095 1.134 1.142 1.111 1.115 1.076 1.064 1.05 1.079 1.148 1.207 1.199 1.181 1.179 1.186 1.201 1.18 1.145 1.103 1.118 1.133 1.182 1.185 1.166 1.143 1.128 1.127 1.151 1.133 1.114 1.098 1.112 1.128 1.156 1.162 1.173 1.168 1.189 1.184 1.186 1.18 1.165 1.146 1.12 1.098 1.092 1.081 1.072 1.066 1.067 1.084 1.109 1.079 1.125 1.109 1.118 1.101 1.105 1.065 1.037 1.004 0.993 0.965 0.955 1.007 1.043
1.126 1.093 1.106 1.087 1.048 1.058 1.111 1.076 1.116 1.131 1.088 1.029 1.088 1.108 1.064 1.077 1.03 1.022 1.026 1.113 1.175 1.214 1.177 1.158 1.179 1.184 1.193 1.2 1.184 1.157 1.152 1.134 1.172 1.194 1.191 1.167 1.135 1.165 1.178 1.174 1.171 1.167 1.168 1.163 1.159 1.144 1.147 1.16 1.175 1.187 1.193 1.182 1.178 1.171 1.154 1.136 1.12 1.115 1.095 1.081 1.078 1.091 1.116 1.059 1.073 1.038 1.053 1.104 1.116 1.082 1.061 1.041 1.016 0.997 0.991 0.96 1.061
1.117 1.078 1.065 1.081 1.067 1.062 1.098 1.024 1.052 1.12 1.066 0.986 1.032 1.092 1.025 1.019 1.032 1.05 1.088 1.168 1.208 1.223 1.177 1.178 1.195 1.195 1.193 1.2 1.204 1.188 1.175 1.155 1.122 1.148 1.202 1.187 1.167 1.183 1.183 1.177 1.183 1.19 1.191 1.191 1.181 1.171 1.154 1.143 1.154 1.182 1.194 1.193 1.175 1.158 1.157 1.167 1.155 1.134 1.125 1.108 1.1 1.117 1.118 1.057 1.031 1.015 1.052 1.077 1.088 1.108 1.097 1.087 1.075 1.064 1.024 0.988 1.06
1.102 1.097 1.083 1.069 1.073 1.03 1.074 0.986 0.98 1.074 1.031 1.013 1.013 1.062 1.024 1.036 1.1 1.12 1.132 1.17 1.211 1.225 1.158 1.163 1.193 1.199 1.199 1.201 1.204 1.193 1.191 1.172 1.101 1.08 1.17 1.201 1.2 1.173 1.148 1.122 1.119 1.155 1.177 1.194 1.193 1.188 1.187 1.175 1.158 1.17 1.189 1.194 1.18 1.159 1.145 1.158 1.168 1.157 1.129 1.12 1.111 1.124 1.115 1.071 1.029 1.023 1.068 1.048 1.046 1.083 1.07 1.076 1.08 1.077 1.051 1.035 1.034
1.083 1.092 1.082 1.049 1.045 0.968 0.991 0.959 0.97 1.004 0.982 1.039 1.038 1.062 1.01 1.042 1.101 1.076 1.077 1.13 1.183 1.225 1.153 1.112 1.165 1.194 1.188 1.202 1.212 1.201 1.194 1.179 1.138 1.062 1.093 1.173 1.213 1.215 1.213 1.172 1.147 1.122 1.124 1.157 1.182 1.189 1.189 1.194 1.194 1.189 1.19 1.195 1.192 1.174 1.159 1.166 1.179 1.17 1.145 1.14 1.12 1.126 1.119 1.102 1.067 1.054 1.052 1.046 1.01 1.054 1.048 1.016 1.061 1.074 1.026 0.996 0.98
1.081 1.082 1.065 0.991 0.968 0.938 0.909 0.959 1.022 1.01 0.998 1.072 1.121 1.121 1.072 1.084 1.081 1.084 1.114 1.162 1.192 1.229 1.188 1.148 1.139 1.166 1.196 1.199 1.208 1.232 1.208 1.192 1.177 1.119 1.055 1.1 1.186 1.217 1.225 1.228 1.208 1.178 1.186 1.123 1.128 1.149 1.161 1.185 1.187 1.19 1.196 1.204 1.202 1.182 1.177 1.186 1.187 1.175 1.149 1.141 1.134 1.13 1.122 1.117 1.096 1.077 1.048 1.025 1.006 1.051 1.042 0.994 1.035 1.079 1.034 1.001 0.996
1.023 1.063 1.06 0.997 0.921 0.981 0.962 1.013 1.094 1.097 1.113 1.124 1.162 1.179 1.178 1.19 1.182 1.188 1.199 1.217 1.222 1.226 1.217 1.204 1.191 1.183 1.194 1.197 1.216 1.239 1.238 1.213 1.202 1.167 1.083 1.061 1.117 1.204 1.229 1.236 1.236 1.227 1.227 1.215 1.2 1.183 1.156 1.16 1.168 1.194 1.201 1.201 1.204 1.206 1.195 1.197 1.196 1.194 1.169 1.145 1.141 1.135 1.123 1.124 1.118 1.1 1.07 1.01 1.034 1.027 1.033 1.001 1.014 1.056 1.05 1.003 1.015
0.916 1.031 0.987 0.959 0.952 1.007 1.043 1.026 1.085 1.157 1.155 1.141 1.183 1.209 1.214 1.219 1.214 1.212 1.22 1.225 1.212 1.205 1.215 1.199 1.199 1.204 1.157 1.133 1.147 1.186 1.231 1.237 1.226 1.206 1.122 1.05 1.056 1.153 1.21 1.234 1.239 1.232 1.24 1.238 1.236 1.228 1.207 1.177 1.157 1.185 1.187 1.166 1.181 1.2 1.205 1.204 1.201 1.201 1.188 1.17 1.165 1.142 1.122 1.122 1.134 1.12 1.092 1.052 1.049 0.996 1 0.981 0.991 1.05 1.017 0.98 0.97
0.955 0.99 0.936 0.992 1.064 1.059 1.106 1.126 1.136 1.186 1.194 1.191 1.214 1.215 1.215 1.21 1.205 1.204 1.215 1.215 1.204 1.209 1.21 1.198 1.197 1.213 1.185 1.147 1.162 1.143 1.191 1.242 1.24 1.223 1.166 1.076 1.035 1.113 1.186 1.217 1.229 1.234 1.219 1.212 1.227 1.24 1.243 1.233 1.222 1.211 1.185 1.11 1.117 1.159 1.187 1.204 1.204 1.204 1.2 1.193 1.183 1.167 1.143 1.124 1.125 1.129 1.115 1.09 1.052 0.997 0.969 0.953 0.998 1.05 1.032 0.983 0.957
0.979 0.935 0.939 1.036 1.127 1.152 1.161 1.143 1.129 1.196 1.217 1.219 1.202 1.205 1.209 1.215 1.204 1.203 1.205 1.206 1.21 1.208 1.212 1.186 1.184 1.205 1.216 1.2 1.175 1.149 1.181 1.237 1.25 1.244 1.203 1.12 1.045 1.093 1.166 1.197 1.199 1.227 1.173 1.157 1.187 1.23 1.247 1.246 1.244 1.237 1.204 1.131 1.101 1.109 1.132 1.171 1.2 1.21 1.208 1.202 1.196 1.182 1.16 1.143 1.119 1.129 1.127 1.115 1.079 1.026 0.993 0.995 1.035 1.025 1.041 0.949 0.908
0.999 0.979 1.063 1.147 1.158 1.178 1.173 1.145 1.152 1.207 1.19 1.172 1.168 1.193 1.198 1.211 1.191 1.188 1.196 1.171 1.209 1.196 1.206 1.194 1.163 1.192 1.217 1.221 1.197 1.156 1.183 1.227 1.255 1.267 1.242 1.174 1.1 1.117 1.173 1.18 1.189 1.219 1.178 1.138 1.143 1.198 1.238 1.243 1.243 1.243 1.232 1.19 1.131 1.082 1.078 1.121 1.155 1.198 1.214 1.214 1.204 1.196 1.182 1.16 1.133 1.111 1.123 1.125 1.108 1.076 1.055 1.041 1.017 0.977 1.027 1.021 0.974
1.115 1.115 1.145 1.176 1.185 1.195 1.187 1.193 1.207 1.203 1.156 1.163 1.188 1.187 1.195 1.204 1.197 1.166 1.166 1.164 1.204 1.193 1.188 1.169 1.165 1.168 1.206 1.225 1.226 1.188 1.187 1.215 1.247 1.265 1.269 1.225 1.153 1.16 1.171 1.142 1.179 1.207 1.189 1.162 1.126 1.126 1.183 1.231 1.241 1.245 1.248 1.225 1.178 1.113 1.089 1.091 1.113 1.148 1.209 1.22 1.217 1.202 1.197 1.182 1.165 1.125 1.122 1.134 1.129 1.106 1.062 1.038 0.988 0.91 0.979 0.995 0.983
1.116 1.171 1.2 1.195 1.204 1.204 1.209 1.212 1.214 1.185 1.148 1.171 1.197 1.198 1.174 1.167 1.195 1.175 1.149 1.141 1.192 1.194 1.185 1.148 1.139 1.117 1.187 1.226 1.236 1.229 1.208 1.207 1.23 1.249 1.27 1.259 1.19 1.171 1.141 1.11 1.146 1.195 1.208 1.183 1.149 1.086 1.095 1.2 1.243 1.248 1.263 1.245 1.208 1.156 1.118 1.085 1.083 1.11 1.17 1.22 1.22 1.209 1.204 1.193 1.17 1.152 1.12 1.135 1.139 1.128 1.049 0.996 0.949 0.916 0.977 0.919 0.889
1.15 1.184 1.197 1.174 1.192 1.199 1.201 1.201 1.191 1.169 1.146 1.185 1.199 1.196 1.132 1.128 1.16 1.194 1.169 1.147 1.17 1.202 1.201 1.181 1.142 1.083 1.133 1.205 1.233 1.236 1.237 1.219 1.22 1.227 1.261 1.272 1.232 1.179 1.144 1.114 1.15 1.178 1.199 1.184 1.172 1.145 1.071 1.154 1.24 1.252 1.267 1.264 1.225 1.164 1.123 1.103 1.077 1.071 1.119 1.204 1.22 1.22 1.205 1.196 1.186 1.16 1.131 1.121 1.141 1.135 1.095 1.015 0.937 0.938 0.95 0.907 0.854
1.182 1.182 1.186 1.149 1.128 1.136 1.154 1.155 1.161 1.163 1.156 1.191 1.199 1.189 1.126 1.115 1.127 1.179 1.172 1.138 1.142 1.192 1.207 1.202 1.156 1.08 1.088 1.176 1.218 1.221 1.246 1.239 1.229 1.221 1.241 1.273 1.263 1.213 1.166 1.143 1.153 1.158 1.177 1.155 1.187 1.157 1.108 1.095 1.23 1.243 1.27 1.272 1.243 1.171 1.109 1.092 1.08 1.032 1.072 1.163 1.214 1.231 1.221 1.213 1.191 1.161 1.137 1.136 1.137 1.136 1.114 1.069 1.009 0.992 0.958 0.884 0.867
1.136 1.163 1.166 1.107 1.078 1.069 1.095 1.119 1.15 1.157 1.158 1.186 1.191 1.184 1.137 1.107 1.116 1.171 1.165 1.135 1.125 1.167 1.198 1.211 1.19 1.131 1.1 1.153 1.199 1.201 1.214 1.245 1.25 1.237 1.241 1.266 1.284 1.264 1.208 1.17 1.152 1.15 1.154 1.132 1.198 1.152 1.125 1.124 1.221 1.232 1.252 1.273 1.271 1.202 1.148 1.13 1.1 1.05 1.063 1.118 1.185 1.229 1.236 1.221 1.218 1.177 1.151 1.137 1.143 1.136 1.125 1.103 1.035 0.976 0.934 0.901 0.811
1.063 1.179 1.172 1.142 1.132 1.131 1.13 1.14 1.148 1.146 1.155 1.182 1.18 1.183 1.144 1.11 1.095 1.16 1.149 1.148 1.13 1.14 1.164 1.211 1.215 1.18 1.137 1.161 1.169 1.184 1.176 1.216 1.257 1.251 1.237 1.25 1.282 1.29 1.251 1.202 1.171 1.158 1.125 1.16 1.198 1.147 1.14 1.106 1.233 1.235 1.232 1.273 1.273 1.242 1.184 1.124 1.107 1.091 1.05 1.073 1.147 1.201 1.23 1.226 1.221 1.196 1.169 1.144 1.135 1.136 1.134 1.122 1.057 0.988 0.936 0.879 0.761
1.122 1.198 1.187 1.182 1.176 1.161 1.13 1.116 1.103 1.11 1.137 1.159 1.164 1.177 1.136 1.101 1.115 1.175 1.155 1.123 1.087 1.101 1.132 1.199 1.225 1.218 1.175 1.182 1.165 1.15 1.167 1.179 1.247 1.257 1.25 1.247 1.274 1.299 1.282 1.228 1.209 1.169 1.172 1.209 1.176 1.141 1.153 1.063 1.194 1.244 1.22 1.272 1.28 1.267 1.206 1.134 1.083 1.065 1.007 1.01 1.111 1.169 1.203 1.223 1.227 1.211 1.191 1.162 1.145 1.136 1.133 1.131 1.094 1.036 0.983 0.891 0.758
1.185 1.194 1.189 1.189 1.184 1.156 1.116 1.096 1.081 1.107 1.136 1.148 1.162 1.166 1.136 1.1 1.104 1.163 1.183 1.134 1.085 1.059 1.089 1.135 1.217 1.233 1.2 1.178 1.157 1.113 1.134 1.154 1.228 1.256 1.267 1.267 1.278 1.304 1.301 1.267 1.238 1.202 1.222 1.19 1.137 1.13 1.127 1.035 1.168 1.217 1.205 1.251 1.287 1.282 1.247 1.165 1.112 1.067 0.998 0.975 1.062 1.152 1.183 1.209 1.217 1.223 1.215 1.181 1.162 1.14 1.133 1.124 1.115 1.084 1.014 0.896 0.736
1.163 1.177 1.182 1.182 1.181 1.163 1.121 1.102 1.063 1.09 1.132 1.119 1.167 1.136 1.14 1.141 1.105 1.133 1.179 1.172 1.131 1.093 1.054 1.079 1.198 1.24 1.216 1.182 1.142 1.093 1.105 1.142 1.214 1.248 1.264 1.262 1.279 1.31 1.303 1.284 1.26 1.239 1.242 1.21 1.145 1.095 1.118 1.012 1.115 1.207 1.214 1.222 1.272 1.289 1.277 1.206 1.157 1.113 1.058 0.996 1.016 1.114 1.17 1.202 1.199 1.2 1.206 1.19 1.172 1.149 1.137 1.133 1.127 1.109 1.055 0.917 0.796
1.147 1.156 1.169 1.162 1.181 1.165 1.118 1.065 1.065 1.105 1.135 1.102 1.159 1.167 1.103 1.122 1.135 1.119 1.137 1.176 1.175 1.142 1.094 1.067 1.193 1.246 1.228 1.178 1.144 1.095 1.066 1.118 1.171 1.227 1.259 1.257 1.276 1.311 1.315 1.297 1.271 1.243 1.246 1.234 1.163 1.116 1.099 1.016 1.054 1.164 1.216 1.201 1.24 1.284 1.288 1.262 1.214 1.174 1.136 1.085 1.057 1.076 1.138 1.189 1.19 1.177 1.185 1.185 1.174 1.154 1.148 1.152 1.146 1.135 1.096 0.996 0.931
1.139 1.161 1.158 1.155 1.177 1.171 1.132 1.094 1.061 1.12 1.106 1.068 1.133 1.162 1.119 1.081 1.113 1.116 1.079 1.138 1.182 1.166 1.087 1.055 1.178 1.247 1.24 1.182 1.14 1.096 1.048 1.079 1.145 1.19 1.242 1.257 1.273 1.315 1.315 1.312 1.282 1.247 1.246 1.235 1.188 1.109 1.085 1.097 1.029 1.077 1.177 1.195 1.196 1.27 1.289 1.285 1.266 1.234 1.211 1.181 1.152 1.116 1.103 1.15 1.17 1.164 1.168 1.173 1.165 1.164 1.153 1.161 1.162 1.156 1.13 1.09 1.042
1.138 1.167 1.147 1.136 1.155 1.178 1.154 1.089 1.049 1.103 1.069 1.044 1.126 1.172 1.13 1.068 1.066 1.1 1.064 1.107 1.157 1.185 1.167 1.119 1.175 1.244 1.248 1.207 1.131 1.099 1.06 1.047 1.111 1.161 1.215 1.252 1.26 1.312 1.316 1.319 1.297 1.269 1.253 1.233 1.201 1.135 1.098 1.114 1.066 1.032 1.104 1.183 1.151 1.228 1.286 1.289 1.288 1.275 1.266 1.254 1.232 1.197 1.143 1.124 1.138 1.15 1.151 1.177 1.165 1.159 1.16 1.167 1.167 1.176 1.153 1.104 1.045
1.139 1.161 1.138 1.114 1.134 1.172 1.173 1.126 1.064 1.073 1.084 1.051 1.125 1.173 1.136 1.076 1.057 1.076 1.067 1.075 1.126 1.162 1.186 1.184 1.167 1.219 1.251 1.229 1.155 1.115 1.069 1.019 1.067 1.132 1.188 1.234 1.257 1.299 1.318 1.32 1.301 1.281 1.27 1.242 1.201 1.152 1.151 1.141 1.109 1.072 1.03 1.139 1.152 1.155 1.239 1.266 1.282 1.28 1.278 1.278 1.272 1.259 1.214 1.159 1.117 1.137 1.152 1.176 1.181 1.177 1.163 1.167 1.175 1.194 1.171 1.134 1.075
1.115 1.144 1.132 1.12 1.12 1.144 1.17 1.151 1.12 1.072 1.058 1.056 1.119 1.171 1.15 1.084 1.041 1.017 1.064 1.069 1.063 1.09 1.162 1.183 1.146 1.17 1.245 1.244 1.184 1.13 1.076 1.016 1.024 1.094 1.164 1.208 1.25 1.28 1.316 1.32 1.308 1.279 1.272 1.259 1.232 1.176 1.171 1.162 1.142 1.131 1.024 1.05 1.159 1.133 1.146 1.207 1.247 1.253 1.267 1.278 1.278 1.277 1.268 1.233 1.198 1.174 1.176 1.198 1.214 1.207 1.18 1.174 1.187 1.195 1.193 1.166 1.157
