data/climatemaps/RS_maps/climate_winter_tmin_2011.asc
NCOLS 369 
NROWS 228 
XLLCORNER 479000 
YLLCORNER 73000 
CELLSIZE 1000 
NODATA_value -9 
[rows 34 to 67 of 228, columns 154 to 230 of 369]
0.812 0.83 0.853 0.86 0.852 0.858 0.852 0.849 0.845 0.838 0.838 0.837 0.841 0.806 0.725 0.785 0.795 0.74 0.776 0.82 0.772 0.797 0.75 0.762 0.767 0.823 0.903 0.895 0.884 0.862 0.872 0.818 0.756 0.762 0.761 0.763 0.756 0.806 0.769 0.809 0.775 0.791 0.768 0.806 0.844 0.846 0.825 0.834 0.846 0.825 0.814 0.857 0.798 0.698 0.656 0.715 0.716 0.696 0.708 0.765 0.803 0.81 0.807 0.792 0.776 0.752 0.749 0.78 0.798 0.798 0.786 0.791 0.797 0.797 0.772 0.766 0.799
0.781 0.757 0.774 0.812 0.788 0.813 0.823 0.829 0.841 0.808 0.808 0.804 0.822 0.796 0.759 0.748 0.806 0.759 0.776 0.814 0.741 0.748 0.739 0.727 0.782 0.849 0.903 0.894 0.886 0.851 0.861 0.844 0.809 0.805 0.752 0.738 0.743 0.775 0.788 0.76 0.808 0.762 0.722 0.719 0.839 0.844 0.814 0.825 0.843 0.825 0.798 0.797 0.853 0.8 0.725 0.68 0.694 0.728 0.748 0.794 0.806 0.809 0.807 0.79 0.789 0.768 0.76 0.771 0.769 0.768 0.764 0.74 0.747 0.76 0.742 0.74 0.753
0.788 0.774 0.716 0.743 0.777 0.753 0.754 0.775 0.815 0.817 0.774 0.756 0.805 0.778 0.73 0.737 0.795 0.717 0.703 0.78 0.731 0.714 0.691 0.707 0.783 0.875 0.907 0.9 0.877 0.839 0.836 0.837 0.86 0.847 0.795 0.748 0.758 0.761 0.764 0.739 0.737 0.816 0.784 0.781 0.836 0.846 0.809 0.841 0.85 0.831 0.818 0.767 0.823 0.842 0.811 0.788 0.759 0.772 0.809 0.816 0.78 0.801 0.789 0.772 0.765 0.776 0.778 0.777 0.765 0.753 0.734 0.707 0.701 0.71 0.73 0.727 0.739
0.751 0.796 0.759 0.71 0.727 0.739 0.733 0.745 0.767 0.812 0.81 0.775 0.763 0.778 0.673 0.678 0.715 0.714 0.701 0.743 0.747 0.732 0.772 0.783 0.775 0.877 0.909 0.888 0.81 0.8 0.779 0.772 0.812 0.844 0.849 0.808 0.812 0.774 0.731 0.729 0.712 0.761 0.8 0.781 0.833 0.855 0.83 0.852 0.852 0.847 0.83 0.776 0.771 0.834 0.816 0.786 0.814 0.821 0.828 0.812 0.797 0.801 0.77 0.777 0.747 0.745 0.777 0.78 0.763 0.742 0.705 0.703 0.687 0.7 0.699 0.689 0.736
0.707 0.708 0.74 0.75 0.709 0.713 0.737 0.716 0.738 0.794 0.827 0.787 0.689 0.711 0.687 0.685 0.731 0.716 0.683 0.737 0.778 0.81 0.818 0.856 0.877 0.89 0.904 0.862 0.798 0.779 0.757 0.735 0.756 0.817 0.85 0.835 0.831 0.816 0.75 0.735 0.714 0.742 0.785 0.801 0.822 0.856 0.836 0.861 0.848 0.852 0.827 0.768 0.738 0.82 0.814 0.733 0.745 0.77 0.77 0.779 0.811 0.802 0.773 0.792 0.768 0.749 0.78 0.775 0.764 0.739 0.721 0.73 0.727 0.729 0.69 0.714 0.753
0.699 0.667 0.709 0.756 0.739 0.706 0.677 0.691 0.755 0.798 0.824 0.819 0.798 0.785 0.748 0.75 0.775 0.728 0.701 0.7 0.748 0.755 0.797 0.861 0.879 0.85 0.885 0.907 0.878 0.822 0.779 0.745 0.736 0.814 0.844 0.841 0.806 0.817 0.828 0.82 0.796 0.784 0.809 0.822 0.837 0.862 0.857 0.858 0.843 0.843 0.83 0.767 0.729 0.793 0.821 0.744 0.716 0.711 0.697 0.746 0.768 0.778 0.781 0.792 0.781 0.776 0.783 0.737 0.731 0.736 0.728 0.705 0.684 0.732 0.739 0.743 0.747
0.691 0.679 0.713 0.76 0.74 0.624 0.596 0.707 0.782 0.812 0.783 0.745 0.761 0.763 0.789 0.798 0.777 0.765 0.743 0.707 0.742 0.775 0.799 0.869 0.849 0.843 0.921 0.922 0.911 0.899 0.876 0.832 0.771 0.806 0.82 0.812 0.766 0.753 0.772 0.79 0.798 0.803 0.826 0.849 0.864 0.868 0.853 0.857 0.848 0.845 0.833 0.773 0.737 0.776 0.803 0.781 0.75 0.706 0.671 0.71 0.713 0.74 0.79 0.759 0.75 0.776 0.783 0.73 0.693 0.709 0.701 0.678 0.621 0.669 0.718 0.699 0.702
0.746 0.712 0.718 0.682 0.653 0.63 0.709 0.738 0.783 0.767 0.717 0.717 0.773 0.766 0.783 0.787 0.787 0.766 0.735 0.722 0.754 0.787 0.822 0.881 0.89 0.91 0.925 0.898 0.854 0.879 0.887 0.879 0.86 0.818 0.786 0.75 0.694 0.685 0.69 0.698 0.707 0.739 0.792 0.845 0.868 0.866 0.853 0.857 0.854 0.852 0.843 0.797 0.759 0.769 0.747 0.761 0.738 0.719 0.685 0.689 0.672 0.735 0.785 0.736 0.703 0.722 0.753 0.744 0.696 0.653 0.668 0.654 0.625 0.659 0.654 0.691 0.695
0.757 0.697 0.7 0.62 0.624 0.643 0.736 0.757 0.753 0.726 0.723 0.725 0.76 0.785 0.764 0.775 0.753 0.738 0.73 0.729 0.782 0.827 0.873 0.904 0.904 0.901 0.919 0.882 0.82 0.806 0.822 0.853 0.902 0.86 0.795 0.769 0.744 0.729 0.751 0.735 0.706 0.709 0.761 0.83 0.854 0.857 0.86 0.851 0.863 0.855 0.854 0.829 0.785 0.771 0.739 0.736 0.711 0.698 0.689 0.683 0.681 0.712 0.772 0.747 0.708 0.712 0.736 0.728 0.702 0.674 0.623 0.6 0.598 0.595 0.604 0.635 0.662
0.769 0.754 0.687 0.679 0.663 0.655 0.731 0.707 0.736 0.728 0.718 0.705 0.758 0.769 0.741 0.752 0.717 0.709 0.7 0.738 0.822 0.89 0.89 0.875 0.879 0.889 0.911 0.889 0.849 0.805 0.822 0.841 0.895 0.89 0.871 0.845 0.825 0.826 0.843 0.824 0.799 0.774 0.791 0.808 0.836 0.842 0.85 0.847 0.867 0.858 0.863 0.849 0.831 0.803 0.771 0.743 0.733 0.712 0.703 0.69 0.689 0.706 0.739 0.696 0.741 0.725 0.733 0.708 0.708 0.665 0.626 0.587 0.566 0.53 0.52 0.574 0.619
0.748 0.713 0.724 0.701 0.661 0.672 0.72 0.689 0.73 0.746 0.703 0.638 0.711 0.738 0.7 0.715 0.667 0.668 0.674 0.775 0.852 0.904 0.866 0.848 0.875 0.888 0.897 0.911 0.894 0.861 0.863 0.837 0.882 0.905 0.897 0.873 0.828 0.869 0.874 0.871 0.868 0.861 0.858 0.845 0.839 0.818 0.82 0.834 0.85 0.862 0.866 0.853 0.844 0.833 0.813 0.783 0.762 0.754 0.726 0.709 0.699 0.712 0.739 0.666 0.683 0.642 0.653 0.715 0.725 0.686 0.647 0.623 0.598 0.565 0.562 0.522 0.632
0.741 0.696 0.682 0.699 0.685 0.674 0.711 0.636 0.662 0.738 0.687 0.6 0.655 0.719 0.654 0.65 0.674 0.7 0.742 0.834 0.887 0.909 0.862 0.869 0.89 0.896 0.896 0.907 0.918 0.893 0.882 0.864 0.817 0.856 0.909 0.894 0.865 0.885 0.875 0.874 0.877 0.883 0.88 0.875 0.867 0.848 0.827 0.812 0.818 0.851 0.867 0.859 0.841 0.817 0.812 0.818 0.797 0.768 0.758 0.737 0.726 0.738 0.738 0.662 0.631 0.609 0.651 0.676 0.691 0.71 0.691 0.674 0.658 0.641 0.595 0.55 0.626
0.73 0.715 0.703 0.687 0.691 0.641 0.682 0.596 0.589 0.689 0.649 0.628 0.635 0.688 0.65 0.672 0.747 0.774 0.79 0.84 0.888 0.913 0.842 0.85 0.891 0.897 0.9 0.908 0.918 0.901 0.897 0.878 0.794 0.773 0.873 0.906 0.899 0.872 0.833 0.802 0.799 0.839 0.86 0.878 0.872 0.866 0.861 0.849 0.831 0.839 0.858 0.863 0.842 0.816 0.795 0.806 0.817 0.796 0.757 0.748 0.736 0.744 0.729 0.677 0.627 0.616 0.666 0.644 0.636 0.677 0.658 0.661 0.661 0.656 0.621 0.601 0.598
0.709 0.713 0.707 0.666 0.66 0.584 0.597 0.572 0.584 0.614 0.596 0.664 0.665 0.692 0.642 0.68 0.751 0.728 0.729 0.795 0.861 0.914 0.837 0.793 0.857 0.891 0.891 0.908 0.92 0.914 0.895 0.884 0.835 0.747 0.782 0.871 0.914 0.91 0.906 0.86 0.83 0.801 0.8 0.835 0.857 0.863 0.867 0.865 0.862 0.857 0.852 0.854 0.847 0.819 0.811 0.812 0.821 0.807 0.775 0.76 0.741 0.743 0.729 0.705 0.664 0.645 0.642 0.635 0.593 0.638 0.63 0.589 0.635 0.646 0.593 0.558 0.536
0.706 0.703 0.688 0.607 0.583 0.551 0.518 0.574 0.639 0.631 0.618 0.704 0.756 0.76 0.711 0.729 0.733 0.738 0.771 0.829 0.872 0.914 0.878 0.836 0.828 0.863 0.897 0.904 0.918 0.943 0.916 0.893 0.876 0.808 0.739 0.782 0.888 0.922 0.925 0.924 0.897 0.858 0.867 0.788 0.789 0.817 0.828 0.849 0.855 0.855 0.858 0.867 0.86 0.836 0.824 0.828 0.829 0.81 0.772 0.761 0.755 0.745 0.73 0.723 0.695 0.672 0.632 0.607 0.58 0.628 0.616 0.561 0.606 0.65 0.601 0.561 0.547
0.645 0.687 0.684 0.615 0.537 0.596 0.58 0.631 0.716 0.731 0.746 0.759 0.8 0.828 0.824 0.842 0.843 0.857 0.867 0.893 0.907 0.915 0.905 0.902 0.882 0.881 0.893 0.897 0.912 0.945 0.944 0.914 0.907 0.856 0.766 0.743 0.804 0.904 0.929 0.928 0.929 0.917 0.913 0.902 0.872 0.852 0.82 0.818 0.828 0.857 0.855 0.862 0.863 0.853 0.844 0.837 0.836 0.827 0.792 0.764 0.756 0.743 0.725 0.726 0.713 0.695 0.654 0.584 0.607 0.599 0.602 0.566 0.579 0.621 0.616 0.555 0.564
0.537 0.657 0.609 0.576 0.572 0.631 0.664 0.645 0.713 0.79 0.793 0.778 0.825 0.865 0.869 0.876 0.877 0.883 0.893 0.899 0.893 0.894 0.904 0.884 0.894 0.896 0.847 0.825 0.847 0.885 0.935 0.942 0.927 0.91 0.809 0.719 0.727 0.84 0.908 0.925 0.928 0.92 0.923 0.917 0.911 0.903 0.876 0.84 0.813 0.842 0.841 0.815 0.826 0.849 0.849 0.841 0.836 0.83 0.813 0.789 0.775 0.749 0.722 0.718 0.728 0.714 0.678 0.625 0.622 0.563 0.559 0.541 0.547 0.613 0.572 0.528 0.516
0.581 0.62 0.56 0.616 0.689 0.685 0.736 0.759 0.771 0.821 0.833 0.837 0.859 0.867 0.871 0.871 0.867 0.873 0.884 0.888 0.885 0.893 0.896 0.883 0.893 0.912 0.88 0.839 0.858 0.837 0.887 0.95 0.946 0.923 0.858 0.748 0.697 0.785 0.874 0.902 0.917 0.918 0.899 0.888 0.9 0.918 0.912 0.899 0.885 0.869 0.832 0.744 0.75 0.796 0.823 0.84 0.836 0.83 0.824 0.811 0.796 0.773 0.742 0.714 0.716 0.72 0.7 0.667 0.621 0.562 0.522 0.507 0.555 0.611 0.59 0.529 0.499
0.61 0.56 0.558 0.664 0.763 0.786 0.803 0.785 0.769 0.837 0.859 0.861 0.848 0.857 0.865 0.876 0.871 0.874 0.878 0.883 0.893 0.892 0.899 0.875 0.873 0.905 0.911 0.897 0.873 0.836 0.873 0.937 0.954 0.942 0.896 0.799 0.705 0.758 0.851 0.875 0.882 0.904 0.841 0.82 0.853 0.902 0.913 0.909 0.907 0.897 0.851 0.761 0.728 0.734 0.753 0.795 0.828 0.83 0.826 0.817 0.807 0.787 0.756 0.732 0.704 0.714 0.707 0.694 0.646 0.586 0.551 0.552 0.588 0.576 0.593 0.487 0.449
0.625 0.6 0.696 0.783 0.799 0.82 0.815 0.782 0.791 0.853 0.836 0.819 0.818 0.842 0.851 0.873 0.854 0.855 0.865 0.844 0.886 0.878 0.894 0.878 0.849 0.881 0.908 0.915 0.889 0.842 0.873 0.924 0.956 0.964 0.935 0.857 0.765 0.783 0.85 0.855 0.866 0.894 0.844 0.796 0.796 0.856 0.902 0.904 0.904 0.904 0.883 0.829 0.755 0.698 0.688 0.733 0.771 0.814 0.827 0.822 0.811 0.793 0.78 0.751 0.712 0.69 0.698 0.699 0.676 0.633 0.608 0.593 0.564 0.522 0.578 0.566 0.516
0.75 0.752 0.781 0.813 0.826 0.84 0.835 0.835 0.851 0.851 0.799 0.811 0.839 0.846 0.852 0.867 0.861 0.832 0.834 0.833 0.88 0.877 0.869 0.852 0.845 0.851 0.898 0.917 0.924 0.881 0.875 0.906 0.941 0.962 0.964 0.912 0.827 0.829 0.84 0.804 0.848 0.876 0.858 0.821 0.771 0.766 0.834 0.883 0.901 0.902 0.901 0.871 0.805 0.731 0.7 0.694 0.716 0.759 0.814 0.828 0.819 0.795 0.788 0.769 0.743 0.699 0.689 0.703 0.695 0.667 0.618 0.589 0.531 0.447 0.521 0.536 0.519
0.759 0.814 0.842 0.839 0.847 0.852 0.862 0.861 0.859 0.834 0.796 0.825 0.851 0.86 0.833 0.829 0.863 0.845 0.818 0.811 0.87 0.876 0.864 0.826 0.817 0.791 0.872 0.92 0.93 0.926 0.894 0.888 0.92 0.938 0.963 0.95 0.868 0.838 0.804 0.765 0.803 0.854 0.873 0.838 0.797 0.718 0.728 0.848 0.897 0.901 0.908 0.89 0.843 0.775 0.728 0.686 0.683 0.703 0.766 0.826 0.821 0.799 0.788 0.774 0.749 0.719 0.69 0.697 0.701 0.685 0.598 0.537 0.49 0.448 0.517 0.452 0.416
0.789 0.832 0.836 0.821 0.835 0.849 0.856 0.85 0.841 0.821 0.796 0.841 0.855 0.853 0.79 0.785 0.824 0.866 0.84 0.816 0.843 0.881 0.882 0.86 0.817 0.75 0.811 0.893 0.923 0.931 0.921 0.9 0.903 0.911 0.949 0.961 0.912 0.844 0.807 0.769 0.802 0.837 0.86 0.834 0.82 0.788 0.698 0.79 0.891 0.9 0.917 0.907 0.862 0.787 0.733 0.705 0.668 0.665 0.707 0.8 0.82 0.811 0.794 0.775 0.755 0.73 0.689 0.683 0.696 0.687 0.645 0.555 0.474 0.475 0.482 0.437 0.381
0.829 0.831 0.834 0.798 0.773 0.781 0.799 0.803 0.811 0.815 0.807 0.847 0.855 0.849 0.785 0.773 0.788 0.849 0.843 0.806 0.809 0.867 0.889 0.883 0.827 0.748 0.758 0.854 0.899 0.906 0.931 0.925 0.909 0.901 0.923 0.955 0.949 0.883 0.825 0.798 0.805 0.81 0.835 0.806 0.839 0.801 0.74 0.724 0.876 0.885 0.917 0.912 0.879 0.79 0.714 0.685 0.675 0.621 0.659 0.753 0.804 0.815 0.805 0.789 0.758 0.727 0.696 0.69 0.696 0.688 0.666 0.606 0.549 0.526 0.493 0.412 0.394
0.779 0.807 0.815 0.752 0.722 0.716 0.737 0.767 0.8 0.811 0.809 0.845 0.85 0.846 0.8 0.76 0.778 0.839 0.835 0.803 0.795 0.839 0.878 0.888 0.864 0.805 0.769 0.823 0.877 0.88 0.894 0.931 0.929 0.915 0.916 0.948 0.965 0.944 0.871 0.824 0.804 0.796 0.801 0.776 0.845 0.794 0.759 0.747 0.865 0.866 0.889 0.918 0.903 0.818 0.763 0.732 0.689 0.634 0.642 0.701 0.765 0.811 0.81 0.798 0.782 0.738 0.71 0.693 0.693 0.688 0.673 0.64 0.573 0.508 0.463 0.428 0.327
0.698 0.824 0.825 0.79 0.78 0.781 0.78 0.789 0.803 0.801 0.812 0.837 0.844 0.849 0.81 0.768 0.755 0.828 0.817 0.812 0.802 0.809 0.838 0.891 0.895 0.858 0.809 0.833 0.844 0.861 0.846 0.896 0.935 0.926 0.906 0.921 0.959 0.973 0.924 0.862 0.824 0.805 0.762 0.8 0.845 0.785 0.771 0.727 0.87 0.876 0.86 0.914 0.915 0.87 0.798 0.726 0.696 0.674 0.626 0.651 0.726 0.781 0.803 0.795 0.788 0.756 0.729 0.697 0.686 0.688 0.678 0.658 0.595 0.518 0.46 0.403 0.275
0.766 0.84 0.844 0.834 0.824 0.813 0.781 0.768 0.76 0.76 0.795 0.819 0.825 0.838 0.796 0.761 0.773 0.841 0.823 0.785 0.746 0.765 0.8 0.875 0.906 0.893 0.849 0.855 0.834 0.815 0.835 0.847 0.925 0.935 0.923 0.919 0.95 0.982 0.956 0.892 0.871 0.816 0.819 0.862 0.817 0.773 0.783 0.675 0.83 0.881 0.852 0.905 0.915 0.892 0.815 0.73 0.668 0.644 0.57 0.579 0.683 0.742 0.774 0.791 0.788 0.766 0.746 0.712 0.689 0.681 0.677 0.668 0.63 0.565 0.505 0.412 0.273
0.838 0.843 0.845 0.844 0.838 0.812 0.763 0.745 0.731 0.76 0.793 0.807 0.824 0.827 0.795 0.761 0.762 0.83 0.851 0.795 0.745 0.714 0.754 0.799 0.894 0.911 0.873 0.852 0.822 0.771 0.793 0.815 0.902 0.934 0.935 0.935 0.946 0.979 0.972 0.931 0.906 0.854 0.874 0.837 0.773 0.762 0.762 0.653 0.797 0.851 0.832 0.883 0.912 0.907 0.861 0.764 0.695 0.643 0.562 0.532 0.624 0.719 0.749 0.773 0.775 0.776 0.766 0.731 0.705 0.677 0.671 0.661 0.646 0.61 0.538 0.414 0.249
0.812 0.829 0.833 0.839 0.841 0.821 0.776 0.755 0.714 0.743 0.791 0.777 0.834 0.803 0.802 0.805 0.768 0.797 0.847 0.842 0.797 0.754 0.709 0.733 0.869 0.918 0.886 0.854 0.802 0.743 0.753 0.8 0.882 0.92 0.936 0.93 0.948 0.987 0.976 0.954 0.921 0.897 0.899 0.858 0.78 0.722 0.742 0.617 0.734 0.833 0.841 0.842 0.893 0.907 0.892 0.813 0.744 0.694 0.629 0.558 0.572 0.672 0.733 0.76 0.752 0.75 0.756 0.739 0.713 0.686 0.672 0.666 0.654 0.637 0.574 0.434 0.31
0.797 0.808 0.819 0.819 0.841 0.826 0.771 0.718 0.717 0.761 0.792 0.763 0.825 0.83 0.766 0.79 0.799 0.782 0.8 0.845 0.843 0.807 0.747 0.724 0.861 0.92 0.903 0.841 0.799 0.748 0.718 0.772 0.828 0.893 0.929 0.926 0.945 0.984 0.985 0.965 0.927 0.895 0.903 0.88 0.801 0.746 0.719 0.626 0.664 0.782 0.843 0.817 0.859 0.904 0.903 0.869 0.808 0.759 0.713 0.653 0.617 0.629 0.695 0.741 0.738 0.725 0.729 0.729 0.71 0.69 0.674 0.683 0.676 0.659 0.617 0.516 0.451
0.783 0.818 0.815 0.81 0.84 0.83 0.789 0.749 0.714 0.785 0.759 0.725 0.796 0.83 0.787 0.743 0.779 0.774 0.732 0.8 0.847 0.832 0.742 0.703 0.846 0.92 0.916 0.845 0.796 0.749 0.696 0.726 0.793 0.847 0.908 0.925 0.94 0.984 0.988 0.977 0.945 0.899 0.899 0.882 0.83 0.733 0.708 0.716 0.636 0.685 0.799 0.813 0.807 0.888 0.904 0.89 0.862 0.825 0.792 0.755 0.719 0.674 0.659 0.699 0.72 0.704 0.713 0.714 0.697 0.693 0.681 0.688 0.689 0.678 0.645 0.603 0.562
0.787 0.819 0.802 0.79 0.818 0.832 0.817 0.742 0.702 0.761 0.725 0.702 0.794 0.841 0.794 0.726 0.723 0.76 0.721 0.764 0.825 0.853 0.832 0.778 0.84 0.912 0.923 0.871 0.791 0.752 0.705 0.69 0.76 0.817 0.872 0.919 0.924 0.979 0.987 0.985 0.96 0.925 0.905 0.879 0.842 0.76 0.72 0.733 0.679 0.634 0.713 0.797 0.756 0.838 0.901 0.892 0.886 0.868 0.851 0.83 0.805 0.759 0.694 0.668 0.682 0.686 0.69 0.715 0.694 0.683 0.686 0.693 0.693 0.697 0.67 0.628 0.556
0.791 0.818 0.793 0.767 0.788 0.83 0.836 0.787 0.722 0.726 0.741 0.707 0.791 0.845 0.799 0.737 0.713 0.734 0.721 0.733 0.792 0.826 0.856 0.846 0.826 0.881 0.925 0.896 0.807 0.762 0.707 0.655 0.706 0.779 0.84 0.894 0.917 0.964 0.983 0.985 0.964 0.937 0.922 0.89 0.842 0.782 0.778 0.768 0.73 0.682 0.631 0.747 0.761 0.755 0.841 0.866 0.878 0.874 0.867 0.86 0.845 0.821 0.769 0.704 0.663 0.676 0.684 0.71 0.708 0.707 0.689 0.693 0.696 0.709 0.694 0.65 0.591
0.764 0.797 0.789 0.777 0.776 0.804 0.834 0.814 0.783 0.73 0.717 0.71 0.785 0.841 0.815 0.744 0.698 0.669 0.718 0.727 0.719 0.743 0.825 0.842 0.8 0.828 0.917 0.91 0.843 0.778 0.718 0.647 0.655 0.732 0.813 0.863 0.908 0.943 0.979 0.983 0.971 0.935 0.928 0.909 0.878 0.807 0.803 0.79 0.768 0.745 0.622 0.649 0.768 0.733 0.736 0.806 0.841 0.843 0.851 0.862 0.847 0.839 0.826 0.786 0.745 0.714 0.713 0.732 0.741 0.742 0.704 0.695 0.713 0.71 0.707 0.689 0.672
