data/climatemaps/RS_maps/climate_winter_tmin_2014.asc
NCOLS 369 
NROWS 228 
XLLCORNER 479000 
YLLCORNER 73000 
CELLSIZE 1000 
NODATA_value -9 
[rows 0 to 33 of 228, columns 231 to 307 of 369]
-9 -9 -9 -9 -9 -9 -9 -9 -9 -9 -9 -9 -9 -9 -9 -9 -9 -9 -9 -9 -9 -9 -9 -9 -9 -9 -9 -9 -9 -9 -9 -9 -9 -9 -9 -9 -9 -9 -9 -9 -9 -9 -9 -9 -9 -9 -9 -9 -9 -9 -9 -9 -9 -9 -9 -9 -9 -9 -9 -9 -9 -9 -9 -9 -9 -9 -9 -9 -9 -9 -9 -9 -9 -9 -9 -9 -9
-9 -9 -9 -9 -9 -9 -9 -9 -9 -9 -9 -9 -9 -9 -9 -9 -9 -9 -9 -9 -9 -9 -9 -9 -9 -9 -9 -9 -9 -9 -9 -9 -9 -9 -9 -9 -9 -9 -9 -9 -9 -9 -9 -9 -9 -9 -9 -9 -9 -9 -9 -9 -9 -9 -9 -9 -9 -9 -9 -9 -9 -9 -9 -9 -9 -9 -9 -9 -9 -9 -9 -9 -9 -9 -9 -9 -9
-9 -9 -9 -9 -9 -9 -9 -9 -9 -9 -9 -9 -9 -9 -9 -9 -9 -9 -9 -9 -9 -9 -9 -9 -9 -9 -9 -9 -9 -9 -9 -9 -9 -9 -9 -9 -9 -9 -9 -9 -9 -9 -9 -9 -9 -9 -9 -9 -9 -9 -9 -9 -9 -9 -9 -9 -9 -9 -9 -9 -9 -9 -9 -9 -9 -9 -9 -9 -9 -9 -9 -9 -9 -9 -9 -9 -9
0.902 -9 -9 -9 -9 -9 -9 -9 -9 -9 -9 -9 -9 -9 -9 -9 -9 -9 -9 -9 -9 -9 -9 -9 -9 -9 -9 -9 -9 -9 -9 -9 -9 -9 -9 -9 -9 -9 -9 -9 -9 -9 -9 -9 -9 -9 -9 -9 -9 -9 -9 -9 -9 -9 -9 -9 -9 -9 -9 -9 -9 -9 -9 -9 -9 -9 -9 -9 -9 -9 -9 -9 -9 -9 -9 -9 -9
0.919 0.875 -9 -9 -9 -9 -9 -9 -9 -9 -9 -9 -9 -9 -9 -9 -9 -9 -9 -9 -9 -9 -9 -9 -9 -9 -9 -9 -9 -9 -9 -9 -9 -9 -9 -9 -9 -9 -9 -9 -9 -9 -9 -9 -9 -9 -9 -9 -9 -9 -9 -9 -9 -9 -9 -9 -9 -9 -9 -9 -9 -9 -9 -9 -9 -9 -9 -9 -9 -9 -9 -9 -9 -9 -9 -9 -9
0.921 0.919 0.884 -9 -9 -9 -9 -9 -9 -9 -9 -9 -9 -9 -9 -9 -9 -9 -9 -9 -9 -9 -9 -9 -9 -9 -9 -9 -9 -9 -9 -9 -9 -9 -9 -9 -9 -9 -9 -9 -9 -9 -9 -9 -9 -9 -9 -9 -9 -9 -9 -9 -9 -9 -9 -9 -9 -9 -9 -9 -9 -9 -9 -9 -9 -9 -9 -9 -9 -9 -9 -9 -9 -9 -9 -9 -9
0.916 0.936 0.898 0.874 -9 0.927 0.857 0.87 0.87 0.867 0.92 0.963 0.965 0.963 0.954 0.93 -9 -9 -9 -9 -9 -9 -9 -9 -9 -9 -9 -9 -9 -9 -9 -9 -9 -9 -9 -9 -9 -9 -9 -9 -9 -9 -9 -9 -9 -9 -9 -9 -9 -9 -9 -9 -9 -9 -9 -9 -9 -9 -9 -9 -9 -9 -9 -9 -9 -9 -9 -9 -9 -9 -9 -9 -9 -9 -9 -9 -9
0.934 0.948 0.92 0.909 0.921 0.925 0.869 0.861 0.871 0.842 0.858 0.926 0.967 0.971 0.966 0.963 0.935 0.911 0.903 0.897 -9 -9 -9 -9 -9 -9 -9 -9 -9 -9 -9 -9 -9 -9 -9 -9 -9 -9 -9 -9 -9 -9 -9 -9 -9 -9 -9 -9 -9 -9 -9 -9 -9 -9 -9 -9 -9 -9 -9 -9 -9 -9 -9 -9 -9 -9 -9 -9 -9 -9 -9 -9 -9 -9 -9 -9 -9
0.946 0.953 0.946 0.946 0.941 0.946 0.93 0.902 0.902 0.881 0.864 0.876 0.919 0.965 0.969 0.967 0.964 0.946 0.937 0.931 0.907 0.904 0.917 0.909 0.902 0.901 0.894 0.91 0.931 -9 -9 -9 -9 -9 -9 -9 -9 -9 -9 -9 -9 -9 -9 -9 -9 -9 -9 -9 -9 -9 -9 -9 -9 -9 -9 -9 -9 -9 -9 -9 -9 -9 -9 -9 -9 -9 -9 -9 -9 -9 -9 -9 -9 -9 -9 -9 -9
0.952 0.96 0.962 0.959 0.956 0.951 0.96 0.955 0.932 0.917 0.898 0.893 0.899 0.918 0.938 0.964 0.972 0.964 0.961 0.955 0.929 0.922 0.92 0.925 0.922 0.923 0.91 0.92 0.931 0.931 0.927 0.898 0.872 -9 -9 -9 -9 -9 -9 -9 -9 -9 -9 -9 -9 -9 -9 -9 -9 -9 -9 -9 -9 -9 -9 -9 -9 -9 -9 -9 -9 -9 -9 -9 -9 -9 -9 -9 -9 -9 -9 -9 -9 -9 -9 -9 -9
0.961 0.97 0.971 0.971 0.974 0.965 0.963 0.969 0.966 0.964 0.956 0.939 0.917 0.9 0.906 0.924 0.96 0.971 0.967 0.965 0.962 0.953 0.93 0.923 0.922 0.927 0.916 0.92 0.931 0.931 0.934 0.93 0.906 0.89 0.888 -9 -9 -9 -9 -9 -9 -9 -9 -9 -9 -9 -9 -9 -9 -9 -9 -9 -9 -9 -9 -9 -9 -9 -9 -9 -9 -9 -9 -9 -9 -9 -9 -9 -9 -9 -9 -9 -9 -9 -9 -9 -9
0.97 0.975 0.984 0.981 0.982 0.981 0.98 0.978 0.96 0.954 0.962 0.946 0.923 0.91 0.897 0.905 0.934 0.966 0.966 0.967 0.968 0.96 0.959 0.947 0.936 0.938 0.936 0.935 0.932 0.931 0.937 0.939 0.927 0.904 0.898 0.873 0.829 -9 -9 -9 -9 -9 -9 -9 -9 -9 -9 -9 -9 -9 -9 -9 -9 -9 -9 -9 -9 -9 -9 -9 -9 -9 -9 -9 -9 -9 -9 -9 -9 -9 -9 -9 -9 -9 -9 -9 -9
0.977 0.986 0.988 0.988 0.988 0.988 0.993 0.987 0.969 0.957 0.958 0.967 0.952 0.948 0.938 0.932 0.937 0.943 0.954 0.961 0.972 0.968 0.967 0.964 0.955 0.946 0.939 0.942 0.942 0.94 0.936 0.944 0.943 0.925 0.918 0.901 0.875 0.848 0.839 -9 -9 -9 -9 -9 -9 -9 -9 -9 -9 -9 -9 -9 -9 -9 -9 -9 -9 -9 -9 -9 -9 -9 -9 -9 -9 -9 -9 -9 -9 -9 -9 -9 -9 -9 -9 -9 -9
0.983 0.988 0.99 0.993 0.993 0.998 0.997 0.999 0.995 0.985 0.974 0.969 0.968 0.959 0.943 0.944 0.935 0.929 0.935 0.944 0.973 0.97 0.967 0.967 0.957 0.935 0.912 0.915 0.941 0.949 0.947 0.951 0.95 0.946 0.94 0.94 0.929 0.909 0.905 0.929 0.947 -9 -9 -9 -9 -9 -9 -9 -9 -9 -9 -9 -9 -9 -9 -9 -9 -9 -9 -9 -9 -9 -9 -9 -9 -9 -9 -9 -9 -9 -9 -9 -9 -9 -9 -9 -9
0.983 0.988 0.988 0.993 0.999 0.999 1.002 1.003 1.003 0.999 0.999 0.986 0.979 0.967 0.959 0.939 0.933 0.931 0.926 0.932 0.969 0.973 0.967 0.967 0.961 0.928 0.902 0.887 0.904 0.931 0.945 0.946 0.954 0.945 0.945 0.956 0.954 0.949 0.942 0.95 0.952 0.952 0.949 -9 -9 -9 -9 -9 -9 -9 -9 -9 -9 -9 -9 -9 -9 -9 -9 -9 -9 -9 -9 -9 -9 -9 -9 -9 -9 -9 -9 -9 -9 -9 -9 -9 -9
0.976 0.986 0.987 0.988 0.986 0.997 1.004 1.004 1.005 1.001 0.999 0.999 0.995 0.986 0.976 0.954 0.946 0.942 0.936 0.933 0.961 0.971 0.967 0.967 0.967 0.955 0.923 0.9 0.894 0.91 0.929 0.933 0.95 0.948 0.948 0.952 0.957 0.957 0.945 0.948 0.946 0.952 0.951 0.939 0.928 -9 -9 -9 -9 -9 -9 -9 -9 -9 -9 -9 -9 -9 -9 -9 -9 -9 -9 -9 -9 -9 -9 -9 -9 -9 -9 -9 -9 -9 -9 -9 -9
0.901 0.925 0.95 0.977 0.958 0.98 0.996 1.005 1.01 1.01 0.999 0.999 0.997 0.997 0.995 0.977 0.966 0.961 0.955 0.94 0.947 0.967 0.97 0.967 0.967 0.967 0.954 0.927 0.92 0.921 0.925 0.931 0.938 0.945 0.948 0.96 0.957 0.966 0.957 0.944 0.947 0.947 0.952 0.949 0.942 0.948 0.955 -9 -9 -9 -9 -9 -9 -9 -9 -9 -9 -9 -9 -9 -9 -9 -9 -9 -9 -9 -9 -9 -9 -9 -9 -9 -9 -9 -9 -9 -9
0.831 0.851 0.884 0.93 0.959 0.974 0.988 1.01 1.011 1.015 1.006 1.002 0.996 0.999 0.999 0.992 0.986 0.978 0.969 0.954 0.949 0.96 0.963 0.971 0.971 0.968 0.967 0.96 0.95 0.934 0.93 0.928 0.926 0.941 0.946 0.96 0.965 0.963 0.961 0.944 0.948 0.955 0.953 0.96 0.96 0.959 0.958 0.964 -9 -9 -9 -9 -9 -9 -9 -9 -9 -9 -9 -9 -9 -9 -9 -9 -9 -9 -9 -9 -9 -9 -9 -9 -9 -9 -9 -9 -9
0.842 0.842 0.87 0.916 0.96 0.988 1.006 1.02 1.017 1.015 1.015 1.01 1.004 1.005 1.001 0.997 0.994 0.989 0.984 0.969 0.958 0.957 0.957 0.971 0.973 0.972 0.972 0.972 0.968 0.964 0.952 0.941 0.936 0.947 0.949 0.961 0.968 0.969 0.965 0.957 0.957 0.957 0.957 0.973 0.97 0.966 0.96 0.967 0.955 0.951 -9 -9 -9 -9 -9 -9 -9 -9 -9 -9 -9 -9 -9 -9 -9 -9 -9 -9 -9 -9 -9 -9 -9 -9 -9 -9 -9
0.884 0.892 0.927 0.957 0.991 1.012 1.015 1.007 1.001 0.993 0.994 0.996 1.001 1.007 1.004 1.002 0.994 0.994 0.99 0.983 0.974 0.966 0.957 0.971 0.973 0.973 0.973 0.973 0.973 0.973 0.977 0.969 0.959 0.956 0.964 0.964 0.973 0.979 0.973 0.962 0.958 0.959 0.962 0.973 0.973 0.967 0.957 0.962 0.954 0.948 0.941 -9 -9 -9 -9 -9 -9 -9 -9 -9 -9 -9 -9 -9 -9 -9 -9 -9 -9 -9 -9 -9 -9 -9 -9 -9 -9
0.934 0.954 0.982 1.004 1.015 1.015 0.995 0.964 0.942 0.934 0.934 0.952 0.969 0.981 0.986 0.995 0.994 0.994 0.991 0.987 0.982 0.981 0.976 0.975 0.973 0.973 0.973 0.973 0.973 0.973 0.973 0.978 0.978 0.969 0.974 0.974 0.975 0.981 0.982 0.978 0.968 0.968 0.973 0.974 0.973 0.967 0.954 0.957 0.954 0.946 0.933 0.909 -9 -9 -9 -9 -9 -9 -9 -9 -9 -9 -9 -9 -9 -9 -9 -9 -9 -9 -9 -9 -9 -9 -9 -9 -9
0.983 1.005 1.013 1.008 1 0.981 0.946 0.901 0.875 0.869 0.871 0.902 0.933 0.94 0.949 0.953 0.975 0.993 0.989 0.988 0.983 0.983 0.983 0.978 0.973 0.973 0.973 0.973 0.973 0.973 0.973 0.977 0.978 0.978 0.978 0.978 0.979 0.978 0.979 0.981 0.98 0.977 0.975 0.977 0.976 0.97 0.957 0.961 0.955 0.946 0.926 0.899 0.875 -9 -9 -9 -9 -9 -9 -9 -9 -9 -9 -9 -9 -9 -9 -9 -9 -9 -9 -9 -9 -9 -9 -9 -9
1.009 1.004 0.965 0.948 0.946 0.94 0.914 0.867 0.854 0.849 0.866 0.879 0.898 0.911 0.918 0.921 0.935 0.953 0.963 0.968 0.972 0.977 0.977 0.975 0.973 0.973 0.973 0.973 0.973 0.973 0.973 0.974 0.978 0.978 0.978 0.978 0.981 0.98 0.979 0.978 0.98 0.978 0.978 0.978 0.978 0.973 0.964 0.962 0.951 0.938 0.93 0.909 0.892 0.89 0.907 -9 -9 -9 -9 -9 -9 -9 -9 -9 -9 -9 -9 -9 -9 -9 -9 -9 -9 -9 -9 -9 -9
0.966 0.958 0.903 0.915 0.929 0.931 0.922 0.893 0.889 0.888 0.899 0.909 0.904 0.897 0.906 0.911 0.913 0.92 0.935 0.931 0.944 0.955 0.958 0.968 0.97 0.972 0.973 0.973 0.973 0.973 0.973 0.973 0.978 0.978 0.978 0.978 0.978 0.983 0.982 0.978 0.978 0.978 0.978 0.978 0.978 0.975 0.97 0.963 0.945 0.936 0.933 0.933 0.929 0.918 0.899 0.888 -9 -9 -9 -9 -9 -9 -9 -9 -9 -9 -9 -9 -9 -9 -9 -9 -9 -9 -9 -9 -9
0.926 0.923 0.902 0.916 0.94 0.944 0.93 0.927 0.922 0.928 0.929 0.929 0.925 0.912 0.915 0.909 0.91 0.911 0.913 0.919 0.917 0.928 0.932 0.94 0.95 0.962 0.968 0.969 0.973 0.973 0.973 0.973 0.975 0.975 0.978 0.978 0.978 0.982 0.983 0.978 0.978 0.978 0.978 0.978 0.978 0.973 0.972 0.963 0.945 0.941 0.941 0.939 0.906 0.887 0.88 0.87 0.867 0.86 -9 -9 -9 -9 -9 -9 -9 -9 -9 -9 -9 -9 -9 -9 -9 -9 -9 -9 -9
0.895 0.923 0.931 0.938 0.96 0.958 0.955 0.96 0.961 0.962 0.958 0.958 0.945 0.938 0.933 0.927 0.921 0.924 0.919 0.909 0.908 0.906 0.911 0.914 0.925 0.937 0.949 0.956 0.966 0.973 0.973 0.973 0.973 0.973 0.975 0.978 0.978 0.982 0.983 0.982 0.98 0.978 0.978 0.973 0.973 0.973 0.972 0.962 0.952 0.952 0.944 0.935 0.905 0.893 0.885 0.874 0.869 0.869 0.863 -9 -9 -9 -9 -9 -9 -9 -9 -9 -9 -9 -9 -9 -9 -9 -9 -9 -9
0.898 0.949 0.955 0.968 0.978 0.981 0.985 0.985 1 1.005 0.993 0.983 0.968 0.956 0.956 0.946 0.943 0.938 0.927 0.91 0.901 0.888 0.889 0.897 0.905 0.916 0.927 0.942 0.956 0.966 0.968 0.973 0.973 0.973 0.973 0.974 0.974 0.978 0.98 0.983 0.981 0.978 0.973 0.973 0.973 0.973 0.972 0.964 0.956 0.955 0.947 0.946 0.927 0.9 0.89 0.882 0.876 0.874 0.87 -9 -9 -9 -9 -9 -9 -9 -9 -9 -9 -9 -9 -9 -9 -9 -9 -9 -9
0.97 0.974 0.98 1.005 1.006 1.018 1.023 1.023 1.025 1.022 1.014 1.002 0.993 0.978 0.968 0.96 0.944 0.935 0.925 0.906 0.895 0.882 0.88 0.888 0.888 0.898 0.913 0.92 0.938 0.951 0.958 0.966 0.973 0.973 0.973 0.973 0.973 0.973 0.973 0.978 0.978 0.973 0.973 0.973 0.973 0.972 0.967 0.967 0.958 0.95 0.95 0.948 0.937 0.913 0.9 0.892 0.887 0.878 0.877 0.867 -9 -9 -9 -9 -9 -9 -9 -9 -9 -9 -9 -9 -9 -9 -9 -9 -9
1.004 1.004 1.02 1.027 1.036 1.041 1.04 1.036 1.036 1.032 1.025 1.021 1.011 0.98 0.936 0.924 0.905 0.896 0.897 0.899 0.894 0.888 0.882 0.883 0.883 0.891 0.902 0.899 0.915 0.926 0.934 0.95 0.961 0.973 0.973 0.973 0.973 0.973 0.974 0.978 0.978 0.973 0.973 0.973 0.972 0.967 0.967 0.967 0.962 0.959 0.953 0.952 0.943 0.92 0.915 0.902 0.892 0.886 0.88 0.872 0.857 -9 -9 -9 -9 -9 -9 -9 -9 -9 -9 -9 -9 -9 -9 -9 -9
1.019 1.028 1.032 1.041 1.041 1.04 1.036 1.029 1.029 1.032 1.031 1.023 1.02 0.992 0.932 0.89 0.872 0.866 0.876 0.897 0.901 0.895 0.894 0.893 0.894 0.898 0.906 0.905 0.909 0.911 0.921 0.933 0.941 0.955 0.966 0.973 0.973 0.973 0.973 0.973 0.977 0.973 0.972 0.971 0.967 0.967 0.967 0.964 0.962 0.961 0.956 0.95 0.943 0.932 0.93 0.921 0.907 0.898 0.893 0.89 0.876 -9 -9 -9 -9 -9 -9 -9 -9 -9 -9 -9 -9 -9 -9 -9 -9
1.038 1.037 1.038 1.034 1.025 1.012 1 0.989 0.993 0.999 1.012 1.016 1.02 1.016 0.994 0.945 0.916 0.912 0.913 0.924 0.922 0.92 0.917 0.917 0.911 0.912 0.914 0.912 0.919 0.923 0.922 0.93 0.929 0.937 0.949 0.964 0.972 0.972 0.972 0.972 0.972 0.972 0.969 0.967 0.967 0.967 0.966 0.962 0.962 0.958 0.957 0.946 0.942 0.936 0.936 0.93 0.921 0.913 0.91 0.907 0.901 -9 -9 -9 -9 -9 -9 -9 -9 -9 -9 -9 -9 -9 -9 -9 -9
1.032 1.026 1.012 0.992 0.956 0.93 0.924 0.931 0.949 0.954 0.973 0.996 1.009 1.015 1.01 0.993 0.973 0.973 0.968 0.961 0.952 0.942 0.938 0.932 0.924 0.928 0.933 0.933 0.935 0.935 0.935 0.936 0.934 0.937 0.949 0.957 0.967 0.967 0.967 0.967 0.967 0.966 0.966 0.966 0.967 0.965 0.962 0.962 0.957 0.954 0.954 0.943 0.942 0.936 0.936 0.931 0.928 0.923 0.923 0.916 0.913 0.906 0.895 -9 -9 -9 -9 -9 -9 -9 -9 -9 -9 -9 -9 -9 -9
1.015 0.984 0.961 0.936 0.905 0.894 0.889 0.899 0.93 0.942 0.961 0.974 0.986 0.999 1 0.995 0.992 0.988 0.979 0.973 0.963 0.951 0.941 0.941 0.937 0.94 0.941 0.941 0.941 0.941 0.941 0.941 0.941 0.946 0.955 0.962 0.967 0.967 0.967 0.967 0.967 0.963 0.962 0.96 0.963 0.96 0.96 0.957 0.952 0.952 0.948 0.943 0.94 0.936 0.934 0.931 0.927 0.925 0.921 0.92 0.924 0.921 0.904 0.899 -9 -9 -9 -9 -9 -9 -9 -9 -9 -9 -9 -9 -9
0.998 0.969 0.94 0.925 0.926 0.921 0.912 0.903 0.928 0.946 0.962 0.96 0.968 0.976 0.986 0.979 0.981 0.978 0.973 0.966 0.961 0.943 0.939 0.94 0.929 0.914 0.918 0.923 0.923 0.923 0.931 0.933 0.939 0.941 0.95 0.952 0.961 0.964 0.967 0.967 0.965 0.96 0.96 0.957 0.957 0.957 0.955 0.952 0.952 0.95 0.946 0.942 0.937 0.936 0.931 0.931 0.927 0.925 0.921 0.92 0.925 0.92 0.912 0.901 0.857 0.701 -9 -9 -9 -9 -9 -9 -9 -9 -9 -9 -9
