data/climatemaps/RS_maps/climate_breeding_tmp_2011.asc
NCOLS 369 
NROWS 228 
XLLCORNER 479000 
YLLCORNER 73000 
CELLSIZE 1000 
NODATA_value -9 
[rows 102 to 135 of 228, columns 154 to 230 of 369]
0.423 0.258 0.186 0.109 0.184 0.286 0.383 0.48 0.56 0.611 0.6 0.355 -0.13 -0.261 -0.032 0.083 -0.081 -0.373 -0.428 -0.03 -0.164 -0.428 -0.504 -0.413 -0.35 -0.158 0.252 0.543 0.794 0.937 1.008 0.928 0.81 0.884 0.473 -0.174 -0.223 -0.137 0.359 0.924 0.682 0.084 -0.3 -0.442 -0.178 -0.376 -0.516 -0.287 0.07 -0.19 -0.508 -0.659 -0.102 0.795 1.059 1.061 0.83 0.053 -0.551 -0.668 -0.686 -0.753 -0.799 -0.96 -1.202 -1.261 -0.948 -0.536 -0.312 -0.926 -0.95 -0.694 -0.487 0.103 -0.286 -0.874 -0.952
0.357 0.251 0.094 0.041 0.244 0.371 0.501 0.546 0.481 0.415 0.553 0.25 -0.253 -0.193 -0.065 -0.188 -0.226 -0.261 -0.09 -0.147 -0.443 -0.458 -0.286 -0.186 -0.08 -0.023 0.104 0.439 0.731 0.934 0.981 0.848 0.832 0.747 0.143 -0.491 -0.26 0.122 0.563 0.905 0.702 0.278 -0.062 -0.424 -0.391 -0.519 -0.724 -0.605 -0.364 -0.494 -0.598 -0.554 -0.095 0.463 0.884 1.06 0.916 0.364 -0.224 -0.504 -0.915 -1.055 -0.996 -1.232 -1.251 -1.025 -0.855 -0.562 -0.604 -0.931 -0.995 -0.985 -0.833 -0.086 -0.313 -0.851 -0.952
0.35 0.295 0.157 0.216 0.372 0.468 0.463 0.354 0.144 0.029 0.382 0.217 -0.071 -0.184 -0.343 -0.557 -0.391 -0.337 -0.239 -0.453 -0.473 -0.276 -0.34 -0.285 -0.309 -0.329 -0.074 0.463 0.785 0.98 0.941 0.849 0.789 0.582 0.23 -0.211 -0.059 0.156 0.358 0.813 0.651 0.028 -0.17 -0.314 -0.602 -0.846 -1.061 -0.925 -0.677 -0.381 -0.07 0.07 0.248 0.363 0.726 1.057 1.039 0.782 0.223 -0.176 -0.68 -0.915 -0.988 -1.142 -1.126 -1.016 -0.806 -0.615 -1.008 -1.15 -1.187 -1.278 -0.992 -0.33 -0.161 -0.463 -0.863
0.493 0.341 0.268 0.296 0.433 0.42 0.307 0.053 -0.215 -0.166 0.364 0.204 -0.029 -0.365 -0.76 -0.553 -0.627 -0.504 -0.333 -0.5 -0.366 -0.398 -0.544 -0.427 -0.385 -0.19 0.233 0.612 0.907 0.993 0.895 0.856 0.727 0.371 0.008 -0.233 -0.146 -0.187 0.063 0.748 0.527 -0.256 -0.612 -0.679 -0.953 -1.075 -1 -0.707 -0.382 0.098 0.058 -0.048 0.254 0.125 0.704 1.059 1.06 0.876 0.059 -0.406 -0.652 -0.732 -0.731 -0.782 -0.833 -1.077 -1.031 -0.894 -1.156 -1.355 -1.15 -0.969 -0.725 -0.474 -0.472 -1.125 -1.254
0.451 0.504 0.436 0.413 0.452 0.316 0.093 -0.355 -0.375 0.03 0.397 0.246 -0.108 -0.576 -0.687 -0.714 -0.824 -0.522 -0.435 -0.384 -0.457 -0.467 -0.33 -0.179 -0.047 0.122 0.418 0.728 0.971 0.958 0.867 0.764 0.597 0.199 -0.321 -0.501 -0.331 -0.219 0.305 0.806 0.467 -0.047 -0.408 -0.759 -1.164 -1.137 -0.809 -0.491 -0.264 0.094 -0.502 -0.306 -0.053 -0.018 0.659 1.047 1.055 0.919 0.189 -0.45 -0.599 -0.388 -0.332 -0.437 -0.541 -0.908 -1.117 -1.22 -1.424 -1.455 -1.302 -0.968 -0.722 -0.75 -0.744 -1.236 -1.279
0.322 0.439 0.473 0.467 0.328 0.165 -0.201 -0.544 -0.283 -0.028 0.316 0.226 -0.322 -0.512 -0.633 -0.813 -0.775 -0.548 -0.41 -0.287 -0.433 -0.319 -0.081 0.086 0.251 0.395 0.6 0.88 0.983 0.907 0.806 0.629 0.447 0.046 -0.523 -0.739 -0.442 -0.037 0.685 0.662 0.182 0.308 0.004 -0.463 -0.764 -0.881 -0.828 -0.716 -0.499 -0.117 -0.697 -0.271 -0.222 -0.413 0.236 0.934 1.048 1.038 0.812 0.16 0.081 0.186 0.158 -0.031 -0.127 -0.448 -0.583 -0.75 -0.94 -1.31 -1.532 -1.138 -1.076 -1.123 -1.28 -1.435 -0.958
0.274 0.431 0.422 0.449 0.2 -0.12 -0.395 -0.378 -0.207 -0.082 0.305 0.229 -0.466 -0.32 -0.435 -0.602 -0.682 -0.562 -0.402 -0.314 -0.151 -0.028 0.152 0.328 0.462 0.571 0.812 0.984 0.952 0.832 0.739 0.546 0.19 -0.311 -0.728 -0.746 -0.376 0.184 0.783 0.566 0.155 0.245 0.022 -0.484 -0.812 -1.192 -0.937 -0.677 -0.31 -0.337 -0.856 -0.316 -0.592 -1.09 -0.174 0.583 1.007 1.043 1.01 0.834 0.708 0.646 0.53 0.433 0.3 0.028 -0.15 -0.271 -0.506 -0.694 -0.863 -0.882 -0.939 -1.066 -1.334 -1.246 -0.702
0.228 0.399 0.461 0.447 0.148 -0.191 -0.222 -0.15 -0.136 0.071 0.281 0.273 -0.129 -0.118 -0.3 -0.539 -0.644 -0.615 -0.526 -0.434 -0.036 0.229 0.416 0.574 0.695 0.834 0.968 1.002 0.916 0.742 0.655 0.268 -0.258 -0.616 -0.855 -0.884 -0.338 0.437 0.792 0.429 -0.111 -0.452 -0.42 -0.712 -1.021 -1.307 -1.119 -0.857 -0.41 -0.822 -1.485 -1.138 -1.369 -1.178 -0.237 0.206 0.711 1.024 1.009 0.964 0.724 0.401 0.201 -0.013 0.149 0.193 0.113 0.019 -0.073 -0.166 -0.22 -0.336 -0.5 -0.91 -1.093 -1.064 -0.842
0.233 0.354 0.48 0.287 0.073 0.013 -0.009 -0.095 -0.25 -0.145 0.115 0.292 0.065 -0.076 -0.279 -0.545 -0.46 -0.575 -0.404 -0.203 0.073 0.377 0.641 0.814 0.922 0.985 0.996 0.943 0.774 0.494 0.43 0.329 -0.056 -0.182 -0.605 -0.837 -0.006 0.665 0.535 -0.146 -0.709 -1.164 -0.947 -1.04 -1.218 -1.588 -1.499 -1.523 -0.928 -1.135 -1.872 -1.73 -1.225 -0.406 -0.11 -0.267 0.312 0.914 1.014 0.913 0.492 0.074 0.051 -0.363 -0.46 -0.425 -0.427 -0.176 0.152 -0.216 -0.339 -0.407 -0.641 -1.131 -1.39 -1.285 -1.183
0.163 0.311 0.432 0.035 -0.19 -0.13 -0.061 -0.289 -0.553 -0.428 0.086 0.181 -0.193 -0.319 -0.298 -0.558 -0.353 -0.334 -0.165 0.104 0.297 0.583 0.865 0.95 0.988 0.992 0.892 0.735 0.437 0.118 -0.205 0.268 0.334 -0.118 -0.621 -0.491 0.055 0.597 0.352 -0.237 -0.813 -1.469 -1.405 -1.322 -1.416 -1.671 -1.679 -1.81 -1.708 -1.547 -1.746 -1.854 -1.012 -0.406 -0.556 -0.409 0.223 0.762 1 0.653 0.259 0 -0.151 -0.443 -0.878 -0.966 -1.045 -0.613 -0.046 -0.728 -0.942 -0.946 -1.12 -1.298 -1.806 -1.723 -1.788
0.121 0.328 0.254 -0.008 -0.237 -0.305 -0.26 -0.765 -0.677 -0.319 0.124 0.029 -0.479 -0.521 -0.384 -0.571 -0.337 -0.113 0.062 0.328 0.556 0.775 0.921 0.975 0.992 0.858 0.581 0.373 -0.002 -0.363 -0.622 -0.048 0.378 -0.058 -0.529 -0.385 -0.297 0.351 0.477 -0.191 -0.706 -1.042 -0.955 -0.887 -1.207 -1.372 -1.531 -1.777 -1.749 -1.543 -1.798 -1.759 -1.035 -0.639 -0.619 -0.392 0.034 0.618 0.987 0.394 -0.292 -0.462 -0.468 -0.748 -1.219 -1.266 -0.892 -0.481 -0.242 -0.971 -1.344 -1.46 -1.464 -1.63 -2.141 -2.156 -2.252
0.294 0.206 -0.076 -0.058 -0.125 -0.331 -0.648 -0.86 -0.503 -0.149 0.121 -0.057 -0.607 -0.724 -0.614 -0.521 -0.297 -0.052 0.077 0.154 0.515 0.866 0.936 0.965 0.794 0.459 0.012 -0.111 -0.349 -0.763 -0.469 0.285 0.272 -0.229 -0.783 -0.91 -0.752 -0.08 0.39 -0.018 -0.413 -0.594 -0.251 -0.54 -1.215 -1.464 -1.687 -1.526 -1.209 -1.026 -1.421 -1.379 -1.016 -0.656 -0.665 -0.605 -0.2 0.449 0.966 0.566 -0.394 -1.002 -1.053 -1.233 -1.309 -1.23 -0.864 -0.384 -0.391 -0.993 -1.493 -1.78 -1.951 -2.058 -2.121 -2.12 -2.208
0.261 -0.061 -0.162 -0.039 -0.13 -0.428 -0.933 -0.71 -0.36 -0.106 0.045 0.031 -0.214 -0.54 -0.664 -0.418 -0.203 -0.213 -0.129 0.078 0.467 0.795 0.866 0.931 0.513 0.271 -0.259 -0.611 -0.785 -0.719 -0.185 0.279 0.019 -0.493 -1.049 -1.085 -0.8 -0.031 0.315 0.065 -0.084 -0.078 0.062 -0.583 -1.288 -1.425 -1.65 -1.174 -0.854 -0.928 -1.178 -1.473 -1.293 -1.195 -1.066 -0.795 -0.399 0.261 0.852 0.86 0.046 -0.747 -1.082 -1.401 -1.289 -1.165 -0.921 -0.43 -0.664 -1.388 -1.813 -1.798 -1.982 -2.186 -1.974 -1.917 -2.09
0.25 0.155 0.152 0.09 -0.119 -0.604 -0.882 -0.559 -0.267 -0.135 -0.183 -0.056 0.02 -0.135 -0.429 -0.465 -0.418 -0.481 -0.389 -0.292 0.137 0.306 0.62 0.678 -0.024 -0.065 0.002 -0.604 -0.983 -0.589 -0.321 0.216 -0.16 -0.815 -1.215 -0.889 -0.435 -0.128 0.156 0.185 0.192 0.206 0.112 -0.492 -1.006 -1.218 -1.551 -1.064 -0.73 -1.217 -1.597 -1.619 -1.267 -1.07 -0.605 -0.19 0.023 0.247 0.516 0.924 0.522 -0.123 -0.626 -1.096 -1.222 -1.665 -1.467 -1.213 -1.663 -1.911 -1.752 -1.398 -1.34 -1.768 -1.808 -1.852 -2.063
0.344 0.345 0.335 0.311 0.105 -0.492 -0.639 -0.343 -0.151 -0.182 -0.306 -0.288 -0.166 -0.057 -0.151 -0.283 -0.412 -0.678 -0.688 -0.303 -0.166 0.177 0.63 0.353 -0.506 -0.264 0.053 -0.415 -0.921 -0.771 -0.319 0.175 -0.305 -0.887 -1.324 -1.415 -0.78 -0.343 -0.208 -0.121 -0.014 -0.034 0.092 -0.045 -0.421 -0.998 -1.131 -0.657 -0.763 -1.712 -1.912 -1.25 -0.824 -0.67 -0.57 -0.264 -0.246 -0.333 0.044 0.721 0.855 0.406 -0.341 -1.056 -1.504 -1.908 -1.697 -1.682 -1.652 -1.637 -1.382 -0.887 -1.272 -1.566 -1.788 -1.894 -1.931
0.076 0.062 0.082 0.118 0.168 0.032 -0.056 -0.061 -0.186 -0.215 -0.362 -0.482 -0.375 -0.319 -0.309 -0.406 -0.459 -0.782 -0.746 -0.462 -0.27 0.442 0.643 0.143 -0.63 -0.269 -0.175 -0.494 -0.841 -0.682 -0.075 0.03 -0.451 -0.895 -1.268 -1.569 -1.368 -0.774 -0.591 -0.527 -0.363 -0.585 -0.378 -0.143 -0.105 -0.465 -0.479 -0.374 -0.93 -1.798 -1.77 -1.204 -1.04 -0.896 -1.131 -1.02 -1.078 -0.857 -0.392 0.378 0.907 0.569 -0.3 -1.291 -1.815 -1.59 -1.417 -1.272 -1.132 -0.967 -0.631 -0.895 -1.776 -2.021 -2.106 -1.561 -1.56
-0.246 -0.328 -0.407 -0.388 -0.348 -0.113 0.052 -0.14 -0.287 -0.368 -0.484 -0.719 -0.863 -0.866 -0.831 -0.891 -0.813 -0.937 -0.703 -0.45 0.015 0.594 0.559 0.087 -0.602 -0.335 -0.515 -0.742 -0.877 -0.735 -0.268 -0.387 -0.712 -1.161 -1.338 -1.429 -1.445 -1.296 -1.029 -0.808 -0.791 -1.151 -1.059 -0.926 -0.276 -0.291 -0.487 -0.828 -1.38 -1.96 -1.945 -1.709 -1.674 -1.596 -1.663 -1.399 -1.078 -1.092 -0.706 -0.065 0.744 0.64 -0.194 -1.087 -1.327 -1.104 -1.133 -0.905 -0.625 -0.351 -0.502 -1.292 -1.993 -1.905 -1.915 -1.689 -1.142
-0.759 -0.904 -0.844 -0.64 -0.339 -0.035 -0.08 -0.314 -0.488 -0.707 -0.787 -0.79 -0.979 -0.993 -0.813 -0.83 -0.871 -0.844 -0.523 -0.131 0.384 0.655 0.445 -0.095 -0.565 -0.38 -0.603 -0.999 -1.017 -0.761 -0.697 -0.898 -0.998 -1.19 -1.117 -1.043 -1.1 -1.309 -1.295 -1.14 -1.12 -1.494 -1.808 -1.491 -0.888 -0.956 -1.098 -1.605 -1.963 -2.127 -2.139 -1.949 -1.861 -1.931 -1.636 -1.358 -1.035 -0.804 -0.748 -0.127 0.748 0.612 -0.089 -0.636 -0.48 -0.412 -0.455 -0.258 -0.147 -0.416 -0.822 -1.23 -1.774 -1.694 -1.407 -1.611 -1.177
-0.639 -0.779 -0.6 -0.422 -0.237 -0.059 -0.273 -0.572 -0.785 -0.819 -0.603 -0.313 -0.379 -0.383 -0.264 -0.28 -0.314 -0.64 -0.518 0.019 0.38 0.495 0.158 -0.407 -0.756 -0.643 -0.566 -1.084 -1.12 -0.896 -0.889 -0.976 -1.035 -1.016 -0.792 -0.775 -0.919 -1.042 -1.23 -1.485 -1.652 -1.769 -2.087 -1.773 -1.637 -1.743 -1.703 -1.788 -1.77 -1.755 -1.966 -1.805 -1.409 -1.713 -1.692 -1.292 -1.089 -0.613 -0.257 0.129 0.756 0.649 0.434 0.233 0.161 0.046 -0.057 -0.21 -0.626 -1.24 -1.399 -1.241 -1.768 -1.803 -1.242 -1.125 -0.991
-0.49 -0.599 -0.457 -0.338 -0.285 -0.17 -0.525 -0.72 -0.543 -0.22 0.081 0.237 0.27 0.262 0.276 0.201 0.228 -0.175 -0.374 -0.031 0.228 0.251 -0.088 -0.44 -0.675 -0.727 -0.756 -1.002 -1.165 -1.247 -1.033 -1.014 -1.066 -0.761 -0.554 -0.827 -1.103 -1.471 -1.679 -1.673 -1.461 -1.268 -1.572 -1.765 -1.814 -1.773 -1.767 -1.361 -1.077 -1.503 -1.889 -1.762 -1.069 -1.393 -1.408 -1.008 -0.643 -0.342 0.145 0.586 0.63 0.069 -0.156 0.151 0.02 -0.239 -0.469 -0.908 -1.335 -1.803 -1.543 -1.395 -1.957 -1.696 -1.348 -1.063 -0.847
-0.519 -0.567 -0.451 -0.395 -0.294 -0.47 -0.613 -0.35 0.175 0.522 0.695 0.734 0.709 0.685 0.643 0.595 0.606 0.428 0.113 0.154 0.278 0.153 0.07 -0.085 -0.33 -0.516 -0.712 -0.861 -0.869 -1.146 -1.364 -1.139 -0.808 -0.429 -0.805 -1.297 -1.445 -1.451 -1.309 -0.876 -0.729 -1.037 -1.606 -1.986 -1.528 -1.301 -1.4 -1.28 -0.817 -1.425 -1.444 -1.796 -1.094 -0.744 -0.91 -1.14 -0.792 -0.23 0.384 0.504 0.025 -0.67 -0.97 -0.434 -0.233 -0.677 -0.977 -1.456 -1.948 -1.968 -1.438 -1.564 -1.756 -1.526 -1.43 -1.482 -1.302
-0.503 -0.551 -0.475 -0.511 -0.602 -0.524 -0.145 0.359 0.715 0.841 0.86 0.861 0.855 0.841 0.792 0.765 0.776 0.751 0.627 0.61 0.593 0.511 0.36 0.251 0.009 -0.197 -0.374 -0.637 -0.834 -1.067 -1.237 -0.684 -0.279 -0.659 -1.059 -0.977 -0.656 -0.511 -0.506 -0.619 -1.015 -1.458 -1.721 -1.825 -1.49 -0.905 -0.776 -0.867 -0.715 -0.925 -1.025 -1.286 -1.346 -1.181 -0.707 -0.741 -0.581 0.118 0.491 0.168 -0.564 -1.421 -1.433 -0.765 -0.261 -0.925 -1.359 -1.663 -2.219 -2.105 -1.653 -1.761 -1.753 -1.632 -1.6 -1.55 -1.341
-0.255 -0.383 -0.43 -0.689 -0.65 -0.037 0.497 0.788 0.864 0.869 0.866 0.83 0.734 0.699 0.773 0.791 0.804 0.813 0.812 0.78 0.794 0.8 0.725 0.485 0.214 0.104 -0.189 -0.583 -0.935 -1.092 -0.667 -0.188 -0.476 -0.855 -0.698 -0.25 -0.035 -0.052 -0.135 -0.453 -0.749 -1.164 -1.268 -1.469 -1.208 -0.979 -1.143 -0.888 -0.697 -0.513 -0.537 -0.666 -0.919 -1.203 -1.028 -0.456 -0.31 0.342 0.291 -0.101 -0.913 -1.744 -1.703 -1.027 -0.509 -1.108 -1.719 -1.661 -1.902 -2.071 -1.856 -1.754 -1.678 -1.56 -1.369 -1.247 -0.977
-0.02 -0.177 -0.439 -0.563 -0.077 0.552 0.824 0.874 0.877 0.861 0.699 0.403 0.184 0.09 0.137 0.222 0.114 0.21 0.28 0.302 0.381 0.713 0.822 0.803 0.657 0.343 0.076 -0.321 -0.746 -0.643 -0.155 -0.288 -0.358 -0.137 -0.137 -0.033 -0.465 -0.736 -0.773 -0.718 -0.785 -0.942 -0.942 -1.208 -1.299 -1.295 -1.802 -1.589 -1.352 -0.924 -0.656 -0.327 -0.324 -0.532 -0.888 -0.57 0.129 0.355 -0.403 -0.395 -0.937 -1.535 -1.713 -1.314 -0.941 -1.074 -1.542 -1.32 -1.651 -2.002 -1.705 -1.438 -1.317 -1.177 -1.118 -0.783 -0.616
-0.079 -0.372 -0.32 0.075 0.596 0.84 0.877 0.879 0.826 0.583 0.05 -0.028 -0.212 -0.38 -0.361 -0.616 -0.806 -0.433 -0.379 -0.341 -0.249 0.067 0.486 0.705 0.773 0.694 0.432 -0.035 -0.101 0.013 0.131 0.196 0.258 0.222 0.085 -0.386 -1.054 -1.378 -1.489 -1.439 -1.311 -1.286 -1.104 -1.378 -1.763 -1.586 -2.079 -2.196 -1.781 -1.555 -1.158 -0.601 -0.405 -0.224 -0.277 -0.24 0.354 -0.082 -0.977 -0.571 -1.1 -1.587 -1.68 -1.46 -1.247 -1.262 -1.563 -1.17 -1.588 -1.777 -1.528 -1.196 -0.875 -0.71 -0.657 -0.253 -0.009
-0.222 0.149 0.435 0.69 0.87 0.879 0.877 0.802 0.425 -0.027 -0.382 -0.146 -0.548 -0.794 -0.902 -0.852 -0.763 -0.72 -1.054 -0.762 -0.823 -0.629 -0.204 0.23 0.475 0.575 0.659 0.509 0.453 0.346 0.229 0.003 -0.279 -0.369 -0.321 -0.531 -1.246 -1.574 -1.781 -1.904 -1.615 -1.384 -1.435 -1.612 -2.256 -1.844 -1.907 -2.293 -2.044 -1.69 -1.325 -1.054 -1.119 -0.781 -0.231 0.201 0.289 -0.496 -1.26 -0.721 -1.146 -1.495 -1.808 -1.778 -1.588 -1.391 -1.521 -1.153 -1.281 -1.495 -1.227 -0.951 -0.61 -0.295 -0.09 0.133 0.146
0.363 0.719 0.86 0.884 0.883 0.834 0.655 0.341 -0.304 -0.693 -0.655 -0.52 -0.718 -1.119 -1.164 -1.198 -1.282 -1.359 -1.089 -1.02 -1.135 -0.724 -0.303 -0.089 -0.149 0.12 0.509 0.719 0.451 -0.165 -0.514 -0.789 -0.978 -1.193 -1.022 -0.508 -0.851 -1.19 -1.506 -1.895 -1.939 -1.943 -1.941 -2.022 -2.527 -1.904 -1.468 -1.934 -2.111 -1.833 -1.773 -1.556 -1.354 -0.907 -0.297 0.317 -0.104 -0.886 -1.509 -1.028 -1.041 -1.637 -2.031 -1.858 -1.817 -1.252 -1.232 -1.128 -0.833 -1.068 -0.997 -0.653 -0.371 -0.082 0.096 0.102 -0.276
0.819 0.864 0.89 0.876 0.825 0.468 0.016 -0.139 -0.724 -0.99 -0.842 -0.729 -0.795 -1.349 -1.605 -1.786 -1.682 -1.409 -1.258 -1.223 -1.009 -0.669 -0.244 -0.436 -0.677 -0.478 0.195 0.495 0.445 -0.451 -1.065 -1.264 -1.438 -1.692 -1.503 -1.064 -0.83 -0.778 -1.379 -1.947 -2.33 -2.365 -2.276 -2.331 -2.528 -1.982 -1.366 -1.375 -1.774 -2.051 -2.041 -1.57 -1.218 -0.922 -0.242 0.223 -0.498 -1.209 -1.724 -1.269 -1.17 -1.836 -2.04 -1.609 -1.636 -1.279 -0.863 -0.817 -0.469 -0.59 -0.626 -0.657 -0.331 -0.033 -0.067 -0.158 -0.783
0.889 0.878 0.821 0.691 0.444 -0.153 -0.704 -0.842 -0.994 -1.103 -0.998 -1.008 -0.924 -1.251 -1.626 -1.793 -1.487 -1.231 -1.018 -0.825 -0.605 -0.321 -0.381 -0.952 -0.992 0.027 0.317 -0.018 0.402 -0.021 -0.685 -1.026 -1.261 -1.596 -1.739 -1.516 -1.14 -0.822 -1.425 -2.068 -2.365 -2.133 -2.056 -2.105 -2.275 -2.101 -1.654 -1.299 -1.139 -1.613 -1.825 -1.362 -1.144 -0.983 -0.326 0.151 -0.731 -1.382 -1.815 -1.563 -1.369 -1.816 -1.627 -1.557 -1.047 -0.994 -0.556 -0.337 -0.208 -0.158 -0.118 -0.109 -0.059 -0.117 -0.333 -0.17 -0.41
0.878 0.77 0.54 0.22 -0.22 -0.673 -1.165 -1.129 -1.207 -1.369 -1.464 -1.464 -1.289 -1.42 -1.489 -1.492 -1.292 -1.051 -0.885 -0.566 -0.473 -0.489 -0.686 -1.409 -0.882 0.402 -0.028 -0.667 0.007 0.287 0.03 -0.556 -0.824 -1.235 -1.673 -1.878 -1.575 -1.306 -1.584 -2.035 -2.391 -1.988 -1.558 -1.54 -1.885 -2.074 -1.983 -1.525 -0.983 -0.918 -1.158 -0.944 -0.689 -0.447 -0.105 0.114 -0.564 -1.09 -1.67 -1.715 -1.559 -1.563 -1.198 -1.329 -0.867 -0.61 -0.357 -0.241 -0.437 -0.296 -0.353 -0.355 -0.486 -0.491 -0.278 -0.164 -0.45
0.758 0.356 0.033 -0.222 -0.76 -0.972 -1.182 -1.371 -1.425 -1.464 -1.582 -1.424 -1.367 -1.37 -1.212 -1.103 -1.037 -0.9 -0.667 -0.559 -0.985 -1.11 -0.956 -1.481 -0.78 0.304 -0.436 -1.184 -0.502 -0.008 0.223 -0.027 -0.289 -0.88 -1.48 -1.996 -1.984 -1.9 -1.817 -1.999 -2.363 -2.249 -1.575 -1.221 -1.275 -1.677 -1.83 -1.572 -1.267 -0.961 -0.529 -0.307 -0.136 -0.182 -0.104 -0.304 -0.834 -1.314 -1.474 -1.307 -1.191 -1.149 -1.103 -0.988 -0.747 -0.47 -0.455 -0.749 -0.754 -0.48 -0.826 -0.622 -0.873 -0.788 -0.404 -0.296 -0.863
0.591 -0.092 -0.518 -0.72 -0.728 -0.784 -0.998 -1.184 -1.187 -1.065 -1.269 -1.224 -1.157 -0.997 -0.921 -0.75 -0.749 -0.867 -0.805 -0.988 -1.697 -1.66 -1.486 -1.362 -0.739 0.033 -0.743 -1.596 -1.152 -0.704 -0.113 0.139 0.092 -0.497 -1.125 -1.861 -2.202 -2.325 -2.08 -2.122 -2.514 -2.642 -2.093 -1.549 -1.108 -1.03 -1.262 -1.14 -0.858 -0.584 -0.416 -0.526 -0.673 -0.91 -0.339 -0.763 -1.218 -1.293 -1.035 -1.121 -1.389 -1.1 -0.992 -0.667 -0.506 -0.762 -0.979 -1.227 -0.749 -0.75 -1.165 -0.878 -1.254 -1.012 -0.373 -0.43 -1.14
0.673 0.076 -0.542 -0.521 -0.302 -0.369 -0.463 -0.476 -0.651 -0.678 -0.746 -0.678 -0.859 -0.64 -0.525 -0.444 -0.534 -0.984 -1.733 -1.836 -2.141 -2.059 -1.981 -1.462 -0.891 -0.267 -0.688 -1.42 -1.658 -1.126 -0.661 -0.418 -0.054 -0.299 -1.268 -1.836 -1.949 -2.458 -2.263 -2.249 -2.547 -2.743 -2.515 -1.902 -1.481 -1.038 -0.735 -0.711 -0.653 -0.786 -1.019 -1.248 -1.367 -1.116 -0.507 -0.523 -0.859 -0.878 -1.085 -1.497 -1.669 -1.165 -0.784 -0.837 -0.802 -1.317 -1.396 -1.289 -0.772 -1.065 -1.398 -1.207 -1.422 -1.037 -0.417 -0.506 -1.029
0.47 0.489 0.126 0.212 0.312 0.321 0.252 0.212 0.065 -0.141 -0.17 -0.227 -0.443 -0.293 -0.183 -0.185 -0.488 -1.513 -2.489 -2.611 -2.494 -2.32 -2.198 -1.661 -1.252 -0.841 -0.841 -0.997 -1.461 -1.807 -1.49 -1.11 -0.446 -0.291 -1.25 -1.646 -1.723 -2.378 -2.483 -2.321 -2.39 -2.68 -2.525 -1.947 -1.321 -1.123 -1.338 -1.17 -1.398 -1.594 -1.684 -1.638 -1.252 -0.734 -0.299 -0.287 -0.488 -0.73 -1.127 -1.645 -1.686 -1.348 -1.144 -1.27 -0.869 -1.537 -1.601 -1.199 -0.87 -1.313 -1.551 -1.477 -1.226 -0.697 -0.449 -0.743 -1.063
