data/climatemaps/RS_maps/climate_breeding_tmp_2004.asc
NCOLS 369 
NROWS 228 
XLLCORNER 479000 
YLLCORNER 73000 
CELLSIZE 1000 
NODATA_value -9 
[rows 102 to 135 of 228, columns 152 to 227 of 369]
0.077 0.191 0.124 -0.036 -0.103 -0.172 -0.092 -0.002 0.11 0.21 0.289 0.342 0.335 0.091 -0.399 -0.531 -0.297 -0.186 -0.343 -0.647 -0.703 -0.3 -0.426 -0.693 -0.774 -0.681 -0.615 -0.426 -0.013 0.279 0.532 0.674 0.751 0.672 0.557 0.63 0.22 -0.423 -0.472 -0.384 0.108 0.675 0.433 -0.161 -0.546 -0.689 -0.421 -0.62 -0.757 -0.524 -0.175 -0.427 -0.745 -0.902 -0.349 0.543 0.801 0.804 0.57 -0.2 -0.813 -0.93 -0.95 -1.021 -1.069 -1.227 -1.47 -1.533 -1.224 -0.81 -0.589 -1.207 -1.231 -0.974 -0.779 -0.186
0.255 0.12 0.057 -0.049 -0.195 -0.244 -0.042 0.091 0.227 0.275 0.207 0.141 0.29 -0.022 -0.527 -0.464 -0.33 -0.459 -0.492 -0.53 -0.355 -0.418 -0.713 -0.728 -0.555 -0.452 -0.35 -0.294 -0.16 0.178 0.473 0.673 0.721 0.59 0.575 0.494 -0.113 -0.74 -0.509 -0.133 0.31 0.655 0.454 0.03 -0.31 -0.669 -0.632 -0.761 -0.964 -0.845 -0.608 -0.736 -0.835 -0.798 -0.342 0.211 0.627 0.802 0.656 0.11 -0.485 -0.764 -1.178 -1.317 -1.266 -1.493 -1.52 -1.295 -1.13 -0.841 -0.884 -1.208 -1.268 -1.268 -1.116 -0.375
0.258 0.127 0.055 0.001 -0.128 -0.073 0.087 0.183 0.186 0.07 -0.135 -0.242 0.108 -0.057 -0.342 -0.458 -0.618 -0.832 -0.659 -0.607 -0.507 -0.726 -0.742 -0.548 -0.607 -0.552 -0.578 -0.597 -0.339 0.198 0.526 0.719 0.681 0.59 0.534 0.325 -0.025 -0.467 -0.315 -0.097 0.111 0.565 0.408 -0.217 -0.415 -0.559 -0.841 -1.088 -1.303 -1.169 -0.919 -0.628 -0.316 -0.177 -0.005 0.11 0.474 0.8 0.781 0.524 -0.035 -0.432 -0.941 -1.182 -1.255 -1.409 -1.395 -1.285 -1.073 -0.893 -1.28 -1.422 -1.457 -1.549 -1.275 -0.615
0.141 0.156 0.198 0.049 -0.021 0.004 0.148 0.136 0.027 -0.23 -0.494 -0.443 0.09 -0.072 -0.304 -0.642 -1.035 -0.831 -0.902 -0.778 -0.608 -0.77 -0.638 -0.665 -0.819 -0.698 -0.655 -0.46 -0.03 0.35 0.649 0.728 0.633 0.594 0.476 0.117 -0.248 -0.49 -0.403 -0.441 -0.187 0.502 0.285 -0.503 -0.857 -0.919 -1.191 -1.314 -1.243 -0.951 -0.622 -0.152 -0.186 -0.293 0.006 -0.124 0.457 0.802 0.798 0.616 -0.198 -0.664 -0.914 -0.989 -0.991 -1.045 -1.102 -1.349 -1.305 -1.167 -1.42 -1.623 -1.42 -1.252 -1.002 -0.749
0.002 -0.055 0.153 0.213 0.148 0.122 0.166 0.035 -0.187 -0.637 -0.654 -0.245 0.124 -0.027 -0.381 -0.86 -0.962 -0.99 -1.1 -0.794 -0.71 -0.656 -0.728 -0.737 -0.603 -0.447 -0.312 -0.147 0.159 0.465 0.71 0.698 0.606 0.506 0.34 -0.058 -0.577 -0.756 -0.591 -0.47 0.054 0.555 0.213 -0.295 -0.653 -1.004 -1.402 -1.378 -1.046 -0.732 -0.502 -0.156 -0.747 -0.55 -0.298 -0.271 0.406 0.789 0.798 0.663 -0.065 -0.704 -0.859 -0.648 -0.594 -0.705 -0.81 -1.172 -1.381 -1.487 -1.693 -1.724 -1.572 -1.242 -0.997 -1.024
-0.193 -0.103 0.026 0.14 0.188 0.178 0.038 -0.12 -0.483 -0.832 -0.566 -0.309 0.041 -0.05 -0.596 -0.795 -0.906 -1.092 -1.053 -0.823 -0.684 -0.562 -0.705 -0.586 -0.348 -0.184 -0.014 0.13 0.342 0.614 0.724 0.649 0.549 0.369 0.19 -0.211 -0.782 -0.996 -0.7 -0.289 0.435 0.41 -0.067 0.063 -0.244 -0.71 -1.001 -1.121 -1.07 -0.956 -0.742 -0.365 -0.939 -0.515 -0.466 -0.661 -0.01 0.677 0.793 0.783 0.556 -0.095 -0.186 -0.074 -0.107 -0.294 -0.388 -0.714 -0.847 -1.009 -1.203 -1.578 -1.803 -1.406 -1.35 -1.394
-0.287 -0.147 -0.025 0.132 0.134 0.159 -0.091 -0.411 -0.683 -0.665 -0.489 -0.368 0.025 -0.047 -0.748 -0.599 -0.705 -0.88 -0.961 -0.839 -0.675 -0.588 -0.426 -0.296 -0.115 0.058 0.195 0.309 0.554 0.716 0.697 0.569 0.475 0.283 -0.068 -0.569 -0.987 -1.001 -0.628 -0.068 0.527 0.315 -0.097 0.004 -0.221 -0.728 -1.053 -1.436 -1.178 -0.916 -0.553 -0.579 -1.102 -0.56 -0.841 -1.332 -0.424 0.333 0.751 0.783 0.754 0.58 0.444 0.382 0.265 0.17 0.033 -0.242 -0.411 -0.531 -0.762 -0.964 -1.133 -1.15 -1.207 -1.337
-0.276 -0.159 -0.069 0.102 0.169 0.155 -0.142 -0.483 -0.511 -0.442 -0.417 -0.213 0.003 -0.006 -0.411 -0.396 -0.576 -0.82 -0.926 -0.895 -0.802 -0.712 -0.31 -0.04 0.147 0.307 0.426 0.568 0.702 0.732 0.66 0.481 0.393 0.004 -0.518 -0.88 -1.117 -1.135 -0.595 0.181 0.538 0.175 -0.361 -0.701 -0.668 -0.962 -1.269 -1.547 -1.362 -1.101 -0.65 -1.067 -1.726 -1.383 -1.605 -1.421 -0.477 -0.045 0.456 0.763 0.752 0.706 0.47 0.141 -0.064 -0.277 -0.111 -0.073 -0.148 -0.243 -0.336 -0.43 -0.487 -0.598 -0.77 -1.173
-0.211 -0.233 -0.061 0.058 0.189 -0.003 -0.221 -0.275 -0.298 -0.384 -0.536 -0.43 -0.165 0.011 -0.214 -0.355 -0.562 -0.83 -0.741 -0.852 -0.688 -0.476 -0.203 0.104 0.374 0.546 0.659 0.714 0.726 0.677 0.511 0.233 0.165 0.066 -0.316 -0.443 -0.865 -1.092 -0.267 0.406 0.284 -0.403 -0.954 -1.412 -1.201 -1.283 -1.462 -1.821 -1.743 -1.762 -1.168 -1.38 -2.113 -1.966 -1.461 -0.651 -0.359 -0.51 0.059 0.66 0.759 0.656 0.235 -0.183 -0.203 -0.619 -0.717 -0.683 -0.688 -0.44 -0.113 -0.477 -0.604 -0.672 -0.906 -1.394
-0.129 -0.247 -0.135 0.02 0.139 -0.259 -0.488 -0.418 -0.353 -0.58 -0.843 -0.714 -0.198 -0.106 -0.477 -0.6 -0.576 -0.842 -0.629 -0.61 -0.441 -0.166 0.026 0.308 0.596 0.681 0.727 0.725 0.626 0.468 0.168 -0.151 -0.466 0.003 0.071 -0.378 -0.878 -0.755 -0.2 0.338 0.101 -0.485 -1.058 -1.716 -1.65 -1.57 -1.66 -1.915 -1.919 -2.041 -1.951 -1.787 -1.986 -2.096 -1.259 -0.651 -0.802 -0.658 -0.028 0.508 0.746 0.404 0.006 -0.251 -0.406 -0.693 -1.131 -1.22 -1.301 -0.87 -0.306 -0.989 -1.204 -1.207 -1.378 -1.557
-0.183 -0.368 -0.175 0.034 -0.043 -0.302 -0.53 -0.598 -0.554 -1.06 -0.969 -0.61 -0.157 -0.255 -0.768 -0.804 -0.663 -0.853 -0.619 -0.392 -0.22 0.054 0.286 0.509 0.649 0.709 0.726 0.592 0.312 0.108 -0.272 -0.631 -0.886 -0.313 0.113 -0.314 -0.789 -0.645 -0.552 0.096 0.219 -0.437 -0.952 -1.292 -1.209 -1.135 -1.451 -1.613 -1.772 -2.012 -1.996 -1.789 -2.04 -1.997 -1.279 -0.882 -0.867 -0.637 -0.218 0.363 0.734 0.146 -0.539 -0.712 -0.718 -0.997 -1.472 -1.518 -1.144 -0.737 -0.499 -1.229 -1.6 -1.714 -1.722 -1.887
-0.304 -0.254 -0.009 -0.09 -0.371 -0.355 -0.419 -0.629 -0.94 -1.154 -0.797 -0.443 -0.165 -0.341 -0.893 -1.01 -0.902 -0.808 -0.576 -0.327 -0.2 -0.12 0.238 0.587 0.66 0.696 0.524 0.188 -0.254 -0.38 -0.613 -1.028 -0.734 0.02 0.014 -0.485 -1.042 -1.174 -1.01 -0.337 0.14 -0.274 -0.667 -0.848 -0.501 -0.791 -1.46 -1.711 -1.929 -1.762 -1.454 -1.272 -1.664 -1.622 -1.258 -0.897 -0.908 -0.849 -0.447 0.199 0.715 0.316 -0.643 -1.244 -1.298 -1.48 -1.556 -1.476 -1.112 -0.638 -0.646 -1.247 -1.747 -2.032 -2.204 -2.313
-0.088 0.019 -0.044 -0.358 -0.453 -0.335 -0.426 -0.72 -1.23 -1 -0.652 -0.396 -0.241 -0.257 -0.507 -0.825 -0.944 -0.7 -0.491 -0.495 -0.415 -0.192 0.189 0.52 0.598 0.666 0.241 -0.001 -0.529 -0.884 -1.051 -0.988 -0.449 0.017 -0.244 -0.757 -1.307 -1.344 -1.056 -0.291 0.057 -0.193 -0.334 -0.333 -0.188 -0.834 -1.536 -1.672 -1.894 -1.416 -1.098 -1.168 -1.422 -1.715 -1.534 -1.435 -1.308 -1.037 -0.649 0.013 0.599 0.611 -0.2 -0.992 -1.331 -1.645 -1.533 -1.41 -1.167 -0.68 -0.915 -1.637 -2.057 -2.051 -2.232 -2.44
0.151 0.102 -0.045 -0.144 -0.143 -0.211 -0.418 -0.899 -1.175 -0.849 -0.556 -0.433 -0.471 -0.342 -0.265 -0.422 -0.709 -0.757 -0.703 -0.765 -0.675 -0.574 -0.14 0.035 0.348 0.407 -0.294 -0.34 -0.265 -0.878 -1.251 -0.858 -0.583 -0.051 -0.422 -1.079 -1.476 -1.149 -0.693 -0.387 -0.101 -0.068 -0.06 -0.046 -0.139 -0.742 -1.25 -1.466 -1.798 -1.309 -0.974 -1.462 -1.837 -1.861 -1.511 -1.311 -0.847 -0.436 -0.226 -0.003 0.263 0.669 0.275 -0.372 -0.873 -1.344 -1.466 -1.906 -1.712 -1.457 -1.905 -2.154 -2.003 -1.646 -1.593 -2.019
-0.13 -0.017 0.045 0.045 0.04 0.015 -0.191 -0.784 -0.934 -0.642 -0.453 -0.467 -0.596 -0.581 -0.448 -0.341 -0.436 -0.566 -0.697 -0.959 -0.972 -0.582 -0.445 -0.099 0.36 0.076 -0.779 -0.539 -0.216 -0.685 -1.188 -1.04 -0.584 -0.087 -0.569 -1.15 -1.584 -1.675 -1.038 -0.6 -0.463 -0.376 -0.269 -0.291 -0.16 -0.295 -0.67 -1.244 -1.378 -0.901 -1.005 -1.952 -2.15 -1.492 -1.068 -0.914 -0.813 -0.51 -0.489 -0.577 -0.207 0.473 0.608 0.154 -0.585 -1.294 -1.745 -2.147 -1.94 -1.926 -1.896 -1.882 -1.632 -1.134 -1.523 -1.82
-0.241 -0.28 -0.224 -0.24 -0.214 -0.181 -0.131 -0.264 -0.352 -0.36 -0.481 -0.507 -0.656 -0.773 -0.664 -0.61 -0.595 -0.688 -0.744 -1.067 -1.027 -0.739 -0.546 0.162 0.37 -0.129 -0.904 -0.539 -0.444 -0.764 -1.114 -0.95 -0.336 -0.233 -0.714 -1.156 -1.529 -1.829 -1.62 -1.034 -0.844 -0.779 -0.617 -0.839 -0.626 -0.398 -0.354 -0.713 -0.73 -0.619 -1.17 -2.04 -2.01 -1.446 -1.282 -1.141 -1.376 -1.261 -1.318 -1.098 -0.637 0.133 0.657 0.319 -0.545 -1.526 -2.057 -1.826 -1.658 -1.512 -1.372 -1.207 -0.871 -1.142 -2.016 -2.271
-0.406 -0.552 -0.549 -0.63 -0.707 -0.688 -0.645 -0.414 -0.241 -0.438 -0.583 -0.668 -0.78 -1.016 -1.153 -1.161 -1.123 -1.179 -1.101 -1.227 -0.986 -0.731 -0.261 0.316 0.287 -0.189 -0.878 -0.605 -0.781 -1.013 -1.145 -1.004 -0.532 -0.648 -0.976 -1.423 -1.599 -1.689 -1.701 -1.556 -1.282 -1.06 -1.048 -1.404 -1.31 -1.178 -0.529 -0.54 -0.733 -1.072 -1.623 -2.201 -2.189 -1.953 -1.914 -1.84 -1.905 -1.638 -1.318 -1.332 -0.942 -0.31 0.496 0.396 -0.434 -1.327 -1.566 -1.348 -1.373 -1.145 -0.869 -0.596 -0.747 -1.534 -2.233 -2.145
-0.53 -0.981 -1.055 -1.206 -1.143 -0.943 -0.642 -0.331 -0.379 -0.609 -0.787 -1.006 -1.082 -1.089 -1.274 -1.287 -1.105 -1.117 -1.16 -1.131 -0.808 -0.41 0.109 0.379 0.173 -0.374 -0.84 -0.652 -0.873 -1.269 -1.285 -1.032 -0.968 -1.162 -1.26 -1.453 -1.379 -1.3 -1.361 -1.566 -1.55 -1.394 -1.375 -1.747 -2.06 -1.736 -1.139 -1.203 -1.345 -1.852 -2.205 -2.366 -2.378 -2.185 -2.101 -2.172 -1.876 -1.6 -1.275 -1.046 -0.987 -0.368 0.503 0.372 -0.334 -0.88 -0.719 -0.652 -0.699 -0.496 -0.385 -0.662 -1.066 -1.468 -2.014 -1.937
-0.753 -1.034 -0.942 -1.08 -0.901 -0.726 -0.536 -0.357 -0.573 -0.869 -1.083 -1.116 -0.902 -0.61 -0.671 -0.674 -0.552 -0.57 -0.598 -0.922 -0.8 -0.261 0.104 0.218 -0.117 -0.681 -1.032 -0.917 -0.837 -1.354 -1.386 -1.165 -1.159 -1.242 -1.295 -1.28 -1.053 -1.036 -1.177 -1.301 -1.492 -1.736 -1.908 -2.02 -2.334 -2.019 -1.883 -1.985 -1.947 -2.029 -2.014 -1.999 -2.21 -2.04 -1.651 -1.949 -1.93 -1.53 -1.324 -0.853 -0.502 -0.113 0.512 0.404 0.19 -0.003 -0.081 -0.198 -0.298 -0.445 -0.863 -1.481 -1.637 -1.478 -2.003 -2.041
-0.734 -0.758 -0.795 -0.901 -0.758 -0.636 -0.579 -0.467 -0.825 -1.021 -0.84 -0.518 -0.22 -0.055 -0.019 -0.026 -0.011 -0.085 -0.058 -0.457 -0.656 -0.313 -0.053 -0.024 -0.361 -0.712 -0.95 -1.003 -1.023 -1.273 -1.433 -1.513 -1.299 -1.28 -1.326 -1.022 -0.819 -1.085 -1.363 -1.73 -1.938 -1.922 -1.712 -1.518 -1.821 -2.012 -2.059 -2.022 -2.014 -1.607 -1.327 -1.743 -2.127 -2.002 -1.308 -1.632 -1.654 -1.238 -0.873 -0.582 -0.09 0.341 0.388 -0.172 -0.395 -0.088 -0.218 -0.482 -0.706 -1.141 -1.566 -2.04 -1.779 -1.63 -2.197 -1.934
-0.671 -0.57 -0.819 -0.872 -0.75 -0.695 -0.592 -0.77 -0.913 -0.65 -0.12 0.227 0.398 0.442 0.418 0.395 0.354 0.309 0.321 0.145 -0.167 -0.128 -0.002 -0.128 -0.206 -0.36 -0.599 -0.794 -0.983 -1.129 -1.135 -1.415 -1.629 -1.404 -1.071 -0.691 -1.066 -1.556 -1.701 -1.714 -1.571 -1.134 -0.984 -1.297 -1.856 -2.234 -1.768 -1.548 -1.654 -1.529 -1.062 -1.665 -1.688 -2.031 -1.341 -0.989 -1.159 -1.377 -1.028 -0.473 0.144 0.258 -0.209 -0.907 -1.204 -0.671 -0.471 -0.91 -1.214 -1.686 -2.178 -2.2 -1.678 -1.801 -1.994 -1.763
-0.521 -0.492 -0.805 -0.853 -0.777 -0.813 -0.905 -0.826 -0.443 0.061 0.42 0.551 0.567 0.57 0.564 0.553 0.499 0.479 0.487 0.468 0.348 0.33 0.312 0.234 0.081 -0.027 -0.266 -0.475 -0.646 -0.904 -1.099 -1.33 -1.501 -0.946 -0.54 -0.924 -1.321 -1.238 -0.915 -0.776 -0.764 -0.87 -1.27 -1.708 -1.97 -2.074 -1.745 -1.154 -1.029 -1.113 -0.964 -1.17 -1.269 -1.531 -1.591 -1.424 -0.951 -0.983 -0.821 -0.124 0.251 -0.069 -0.799 -1.658 -1.666 -0.999 -0.499 -1.155 -1.593 -1.893 -2.45 -2.333 -1.89 -1.996 -1.987 -1.867
-0.409 -0.321 -0.553 -0.685 -0.733 -0.988 -0.95 -0.339 0.199 0.492 0.573 0.575 0.574 0.541 0.441 0.408 0.486 0.505 0.514 0.529 0.533 0.501 0.515 0.525 0.449 0.214 -0.053 -0.167 -0.462 -0.852 -1.212 -1.358 -0.932 -0.454 -0.74 -1.116 -0.958 -0.514 -0.293 -0.312 -0.395 -0.708 -1.007 -1.42 -1.513 -1.723 -1.454 -1.224 -1.389 -1.136 -0.941 -0.762 -0.786 -0.915 -1.164 -1.438 -1.268 -0.694 -0.553 0.097 0.051 -0.341 -1.15 -1.978 -1.932 -1.259 -0.743 -1.34 -1.952 -1.893 -2.135 -2.301 -2.091 -1.99 -1.917 -1.794
-0.392 -0.162 -0.315 -0.477 -0.739 -0.86 -0.376 0.256 0.527 0.575 0.577 0.566 0.407 0.106 -0.107 -0.199 -0.148 -0.069 -0.176 -0.077 -0.004 0.021 0.101 0.437 0.546 0.528 0.382 0.073 -0.197 -0.589 -1.006 -0.906 -0.414 -0.555 -0.626 -0.395 -0.398 -0.293 -0.726 -0.995 -1.032 -0.968 -1.04 -1.2 -1.194 -1.465 -1.553 -1.54 -2.049 -1.83 -1.596 -1.174 -0.901 -0.575 -0.574 -0.772 -1.127 -0.809 -0.11 0.113 -0.64 -0.637 -1.172 -1.769 -1.943 -1.548 -1.176 -1.306 -1.775 -1.555 -1.885 -2.234 -1.94 -1.675 -1.555 -1.411
-0.165 -0.034 -0.376 -0.67 -0.62 -0.225 0.294 0.542 0.578 0.579 0.533 0.288 -0.247 -0.323 -0.51 -0.667 -0.647 -0.903 -1.096 -0.72 -0.659 -0.624 -0.524 -0.204 0.208 0.435 0.503 0.424 0.159 -0.3 -0.377 -0.257 -0.133 -0.071 -0.002 -0.04 -0.172 -0.642 -1.313 -1.641 -1.743 -1.69 -1.562 -1.54 -1.359 -1.627 -2.014 -1.831 -2.322 -2.435 -2.02 -1.806 -1.402 -0.846 -0.652 -0.469 -0.521 -0.481 0.11 -0.323 -1.208 -0.808 -1.332 -1.815 -1.911 -1.694 -1.478 -1.488 -1.795 -1.399 -1.822 -2.012 -1.763 -1.434 -1.113 -0.943
0.087 -0.259 -0.522 -0.15 0.131 0.395 0.566 0.583 0.581 0.507 0.131 -0.327 -0.681 -0.441 -0.843 -1.088 -1.201 -1.141 -1.058 -1.005 -1.339 -1.04 -1.105 -0.908 -0.475 -0.045 0.205 0.305 0.393 0.243 0.189 0.082 -0.035 -0.257 -0.539 -0.632 -0.579 -0.785 -1.5 -1.831 -2.034 -2.158 -1.868 -1.635 -1.691 -1.857 -2.507 -2.091 -2.15 -2.534 -2.285 -1.933 -1.568 -1.299 -1.36 -1.021 -0.477 -0.048 0.044 -0.736 -1.493 -0.955 -1.381 -1.724 -2.041 -2.008 -1.812 -1.622 -1.759 -1.389 -1.517 -1.732 -1.454 -1.182 -0.848 -0.535
-0.061 -0.442 0.064 0.427 0.551 0.584 0.584 0.538 0.355 0.046 -0.598 -0.993 -0.95 -0.815 -1.017 -1.414 -1.454 -1.49 -1.576 -1.647 -1.375 -1.301 -1.413 -1.006 -0.573 -0.362 -0.417 -0.154 0.239 0.454 0.19 -0.428 -0.775 -1.053 -1.237 -1.45 -1.276 -0.764 -1.108 -1.445 -1.762 -2.15 -2.191 -2.192 -2.192 -2.267 -2.771 -2.158 -1.72 -2.178 -2.354 -2.074 -2.014 -1.797 -1.594 -1.152 -0.543 0.063 -0.349 -1.124 -1.746 -1.265 -1.276 -1.869 -2.264 -2.09 -2.042 -1.483 -1.466 -1.36 -1.068 -1.304 -1.229 -0.887 -0.606 -0.319
-0.013 0.221 0.515 0.564 0.586 0.576 0.523 0.169 -0.283 -0.438 -1.02 -1.294 -1.135 -1.027 -1.091 -1.64 -1.896 -2.079 -1.975 -1.695 -1.55 -1.504 -1.293 -0.941 -0.523 -0.707 -0.949 -0.746 -0.074 0.233 0.184 -0.714 -1.329 -1.524 -1.697 -1.951 -1.756 -1.324 -1.086 -1.031 -1.635 -2.2 -2.578 -2.612 -2.523 -2.577 -2.77 -2.23 -1.618 -1.625 -2.016 -2.294 -2.281 -1.811 -1.458 -1.172 -0.491 -0.024 -0.739 -1.45 -1.96 -1.505 -1.405 -2.066 -2.27 -1.843 -1.87 -1.51 -1.097 -1.051 -0.704 -0.82 -0.865 -0.898 -0.572 -0.263
0.556 0.586 0.59 0.578 0.519 0.39 0.153 -0.447 -0.999 -1.137 -1.287 -1.399 -1.295 -1.299 -1.219 -1.544 -1.92 -2.087 -1.773 -1.515 -1.3 -1.108 -0.88 -0.596 -0.657 -1.227 -1.263 -0.238 0.048 -0.279 0.14 -0.285 -0.953 -1.283 -1.519 -1.859 -1.994 -1.774 -1.395 -1.077 -1.679 -2.32 -2.612 -2.385 -2.304 -2.349 -2.517 -2.348 -1.901 -1.549 -1.385 -1.856 -2.065 -1.606 -1.386 -1.228 -0.568 -0.094 -0.969 -1.622 -2.048 -1.798 -1.599 -2.052 -1.857 -1.794 -1.281 -1.228 -0.794 -0.576 -0.438 -0.393 -0.355 -0.344 -0.294 -0.351
0.548 0.564 0.579 0.474 0.249 -0.076 -0.513 -0.972 -1.463 -1.426 -1.504 -1.667 -1.76 -1.759 -1.583 -1.709 -1.777 -1.783 -1.581 -1.335 -1.162 -0.842 -0.752 -0.764 -0.957 -1.686 -1.151 0.137 -0.295 -0.931 -0.256 0.025 -0.238 -0.814 -1.079 -1.494 -1.93 -2.132 -1.829 -1.562 -1.837 -2.284 -2.639 -2.239 -1.808 -1.788 -2.132 -2.321 -2.231 -1.773 -1.229 -1.162 -1.401 -1.191 -0.932 -0.691 -0.346 -0.131 -0.808 -1.333 -1.901 -1.947 -1.801 -1.803 -1.441 -1.564 -1.098 -0.84 -0.592 -0.471 -0.671 -0.526 -0.588 -0.586 -0.727 -0.725
0.384 0.573 0.459 0.058 -0.264 -0.517 -1.053 -1.272 -1.48 -1.665 -1.717 -1.759 -1.875 -1.719 -1.658 -1.655 -1.497 -1.388 -1.322 -1.179 -0.944 -0.835 -1.267 -1.385 -1.226 -1.758 -1.044 0.037 -0.703 -1.449 -0.765 -0.272 -0.039 -0.289 -0.546 -1.139 -1.74 -2.252 -2.241 -2.151 -2.069 -2.247 -2.611 -2.496 -1.828 -1.47 -1.52 -1.92 -2.076 -1.821 -1.515 -1.207 -0.773 -0.552 -0.384 -0.431 -0.35 -0.539 -1.077 -1.546 -1.709 -1.546 -1.43 -1.384 -1.343 -1.219 -0.986 -0.703 -0.69 -0.988 -0.989 -0.711 -1.063 -0.861 -1.107 -1.024
0.232 0.481 0.293 -0.392 -0.818 -1.018 -1.028 -1.078 -1.297 -1.478 -1.475 -1.357 -1.559 -1.514 -1.446 -1.281 -1.205 -1.032 -1.032 -1.149 -1.082 -1.266 -1.977 -1.937 -1.76 -1.631 -1.004 -0.236 -1.01 -1.864 -1.415 -0.969 -0.371 -0.124 -0.168 -0.751 -1.379 -2.117 -2.457 -2.575 -2.332 -2.375 -2.763 -2.884 -2.341 -1.801 -1.356 -1.278 -1.511 -1.386 -1.107 -0.831 -0.664 -0.771 -0.92 -1.15 -0.584 -1.007 -1.46 -1.528 -1.271 -1.354 -1.623 -1.335 -1.227 -0.902 -0.741 -1 -1.214 -1.459 -0.986 -0.986 -1.399 -1.113 -1.485 -1.248
-0.021 0.219 0.378 -0.221 -0.837 -0.816 -0.598 -0.657 -0.759 -0.768 -0.939 -0.968 -1.033 -0.96 -1.147 -0.923 -0.808 -0.724 -0.813 -1.264 -2.013 -2.114 -2.42 -2.333 -2.257 -1.728 -1.158 -0.537 -0.952 -1.686 -1.923 -1.391 -0.923 -0.675 -0.313 -0.555 -1.518 -2.093 -2.196 -2.704 -2.512 -2.499 -2.799 -2.991 -2.762 -2.152 -1.727 -1.288 -0.98 -0.958 -0.898 -1.034 -1.258 -1.494 -1.607 -1.365 -0.756 -0.767 -1.098 -1.11 -1.318 -1.729 -1.901 -1.399 -1.023 -1.073 -1.038 -1.551 -1.629 -1.525 -1.007 -1.3 -1.63 -1.443 -1.654 -1.272
-0.507 -0.331 0.178 0.195 -0.166 -0.084 0.018 0.029 -0.039 -0.081 -0.226 -0.431 -0.457 -0.51 -0.727 -0.573 -0.467 -0.468 -0.767 -1.793 -2.772 -2.89 -2.763 -2.589 -2.469 -1.926 -1.517 -1.111 -1.105 -1.257 -1.725 -2.063 -1.743 -1.373 -0.702 -0.546 -1.504 -1.899 -1.976 -2.627 -2.734 -2.571 -2.635 -2.92 -2.768 -2.196 -1.569 -1.373 -1.583 -1.423 -1.652 -1.832 -1.931 -1.886 -1.493 -0.974 -0.544 -0.532 -0.726 -0.974 -1.366 -1.881 -1.92 -1.584 -1.381 -1.5 -1.107 -1.767 -1.833 -1.439 -1.106 -1.542 -1.784 -1.714 -1.462 -0.935
