data/climatemaps/RS_maps/climate_breeding_pr_2014.asc
NCOLS 369 
NROWS 228 
XLLCORNER 479000 
YLLCORNER 73000 
CELLSIZE 1000 
NODATA_value -9 
[rows 136 to 169 of 228, columns 231 to 307 of 369]
0.912 1.1 1.375 1.536 1.462 1.442 1.338 1.281 1.203 1.068 1.086 1.196 1.113 1.055 0.983 0.597 0.422 0.515 0.641 0.654 0.508 0.288 -0.09 -0.379 -0.306 -0.086 0.168 0.414 0.557 0.576 0.361 0.382 0.546 0.56 0.611 0.719 0.73 0.655 0.537 0.288 -0.045 -0.456 -0.756 -0.801 -0.571 -0.276 -0.016 0.287 0.51 0.516 0.373 0.048 -0.349 -0.674 -0.904 -0.892 -0.743 -0.579 -0.261 -0.002 0.206 0.35 0.363 0.511 0.362 0.184 -0.147 -0.547 -0.544 -0.56 -0.54 -0.44 -0.329 -0.277 -0.187 -0.012 0.04
1.142 1.293 1.475 1.452 1.354 1.35 1.252 1.202 1.164 1.152 1.217 1.294 1.163 1.061 0.924 0.635 0.649 0.791 0.781 0.651 0.485 0.196 -0.154 -0.316 -0.209 -0.058 0.07 0.342 0.546 0.591 0.413 0.359 0.509 0.583 0.657 0.756 0.794 0.718 0.615 0.402 0.04 -0.458 -0.74 -0.729 -0.533 -0.309 0.012 0.397 0.516 0.482 0.332 0.089 -0.238 -0.566 -0.85 -0.94 -0.866 -0.664 -0.424 -0.222 0.051 0.27 0.382 0.565 0.488 0.356 0.048 -0.382 -0.427 -0.458 -0.478 -0.427 -0.322 -0.219 -0.175 -0.12 -0.103
1.229 1.349 1.462 1.371 1.216 1.328 1.332 1.303 1.241 1.181 1.331 1.365 1.359 1.162 0.895 0.81 0.888 0.934 0.809 0.675 0.442 0.158 -0.024 -0.148 -0.188 0.003 0.104 0.374 0.552 0.624 0.492 0.401 0.536 0.617 0.695 0.802 0.835 0.808 0.688 0.424 0.05 -0.44 -0.705 -0.642 -0.446 -0.27 -0.02 0.368 0.494 0.45 0.428 0.246 -0.084 -0.459 -0.772 -0.943 -0.947 -0.763 -0.617 -0.455 -0.14 0.058 0.241 0.461 0.484 0.36 0.148 -0.223 -0.416 -0.501 -0.494 -0.432 -0.338 -0.309 -0.31 -0.304 -0.284
1.177 1.269 1.407 1.377 1.094 1.175 1.238 1.154 1.112 1.152 1.213 1.318 1.368 1.228 1.108 1.004 1.079 1.042 0.88 0.665 0.432 0.316 0.259 0.088 -0.145 0.012 0.204 0.397 0.532 0.595 0.574 0.58 0.64 0.653 0.648 0.69 0.689 0.682 0.564 0.376 0.077 -0.389 -0.631 -0.559 -0.384 -0.187 0.032 0.329 0.473 0.537 0.57 0.372 0.025 -0.373 -0.632 -0.839 -0.99 -0.897 -0.786 -0.653 -0.394 -0.168 0.08 0.395 0.462 0.389 0.247 -0.02 -0.181 -0.391 -0.49 -0.492 -0.441 -0.416 -0.39 -0.363 -0.333
1.277 1.373 1.416 1.193 0.86 0.859 0.992 0.945 0.946 0.952 1.077 1.192 1.37 1.369 1.236 1.165 1.208 1.036 0.821 0.602 0.575 0.566 0.484 0.278 -0.02 0.048 0.282 0.435 0.541 0.614 0.664 0.655 0.625 0.614 0.627 0.56 0.455 0.387 0.347 0.293 0.065 -0.376 -0.617 -0.562 -0.431 -0.294 -0.02 0.308 0.48 0.623 0.627 0.391 0.045 -0.266 -0.399 -0.621 -0.895 -0.963 -0.869 -0.69 -0.459 -0.221 -0.038 0.227 0.457 0.471 0.329 0.146 0.081 -0.128 -0.302 -0.372 -0.37 -0.36 -0.353 -0.344 -0.318
1.45 1.367 1.295 1.038 0.648 0.564 0.777 0.734 0.722 0.884 1.088 1.251 1.382 1.404 1.288 1.22 1.153 0.915 0.761 0.706 0.784 0.755 0.652 0.402 0.152 0.185 0.307 0.473 0.554 0.62 0.616 0.543 0.455 0.471 0.518 0.375 0.176 0.044 0.008 -0.023 -0.109 -0.353 -0.511 -0.64 -0.476 -0.249 -0.013 0.273 0.528 0.635 0.558 0.355 0.063 -0.09 -0.146 -0.384 -0.717 -0.893 -0.836 -0.66 -0.488 -0.25 -0.073 0.102 0.415 0.504 0.413 0.343 0.26 0.066 -0.156 -0.32 -0.408 -0.496 -0.557 -0.542 -0.528
1.408 1.189 1.006 0.815 0.41 0.267 0.472 0.508 0.585 0.892 1.18 1.377 1.385 1.261 1.189 1.091 0.99 0.847 0.917 0.903 0.904 0.889 0.732 0.485 0.393 0.41 0.395 0.417 0.448 0.509 0.547 0.46 0.368 0.25 0.226 0.071 -0.034 -0.042 0.025 -0.05 -0.068 -0.137 -0.371 -0.587 -0.461 -0.244 0.025 0.285 0.519 0.573 0.499 0.291 0.137 0.154 0.059 -0.235 -0.578 -0.812 -0.778 -0.633 -0.472 -0.249 -0.035 0.1 0.351 0.564 0.549 0.476 0.284 0.052 -0.111 -0.144 -0.154 -0.248 -0.45 -0.569 -0.697
1.275 1.006 0.708 0.488 0.183 0.062 0.208 0.393 0.66 0.865 1.15 1.425 1.395 1.26 1.329 1.22 1.042 0.929 1.086 1.052 0.995 0.901 0.754 0.669 0.613 0.521 0.368 0.279 0.252 0.297 0.327 0.25 0.144 0.073 -0.013 -0.008 0.066 0.207 0.292 0.163 0.214 0.101 -0.262 -0.494 -0.388 -0.236 -0.024 0.237 0.454 0.507 0.471 0.319 0.249 0.356 0.186 -0.085 -0.439 -0.722 -0.681 -0.582 -0.478 -0.278 0.035 0.216 0.418 0.564 0.541 0.375 0.215 0.119 0.094 0.109 0.054 -0.061 -0.221 -0.387 -0.64
1.221 0.992 0.686 0.406 0.071 -0.019 0.147 0.376 0.714 0.936 1.112 1.434 1.406 1.392 1.525 1.415 1.255 1.013 1.151 1.193 1.092 0.997 0.964 0.83 0.63 0.472 0.299 0.098 0.008 0.005 0.006 -0.035 -0.034 0.007 0.042 0.178 0.314 0.41 0.456 0.338 0.467 0.315 -0.078 -0.314 -0.184 -0.136 0.014 0.2 0.395 0.449 0.55 0.449 0.33 0.499 0.358 0.117 -0.264 -0.62 -0.627 -0.594 -0.516 -0.333 -0.034 0.236 0.386 0.544 0.453 0.352 0.342 0.246 0.277 0.212 0.158 0.046 -0.131 -0.45 -0.702
1.18 0.949 0.662 0.401 0.003 -0.168 0.012 0.268 0.635 0.986 1.189 1.482 1.431 1.517 1.656 1.56 1.371 1.119 1.23 1.275 1.177 1.203 1.092 0.855 0.536 0.317 0.128 -0.008 -0.064 -0.072 -0.012 0.092 0.189 0.277 0.242 0.363 0.463 0.567 0.556 0.503 0.677 0.528 0.074 -0.139 -0.018 0.027 0.105 0.218 0.364 0.463 0.588 0.501 0.472 0.587 0.45 0.187 -0.191 -0.537 -0.622 -0.616 -0.54 -0.362 -0.126 0.16 0.313 0.403 0.408 0.449 0.417 0.33 0.345 0.26 0.186 0.07 -0.148 -0.489 -0.728
1.048 0.813 0.489 0.179 -0.141 -0.331 -0.108 0.225 0.496 0.875 1.212 1.478 1.459 1.62 1.731 1.602 1.407 1.285 1.33 1.347 1.258 1.184 1.008 0.707 0.433 0.287 0.233 0.282 0.166 0.221 0.401 0.45 0.44 0.471 0.441 0.476 0.596 0.663 0.623 0.7 0.821 0.649 0.217 -0.039 -0.007 0.057 0.095 0.216 0.34 0.47 0.537 0.494 0.659 0.614 0.431 0.201 -0.178 -0.484 -0.623 -0.618 -0.57 -0.424 -0.218 0.118 0.242 0.354 0.391 0.51 0.442 0.388 0.381 0.261 0.159 0.014 -0.225 -0.535 -0.737
0.902 0.712 0.425 0.101 -0.226 -0.393 -0.199 0.186 0.417 0.7 1.101 1.455 1.465 1.696 1.843 1.654 1.502 1.454 1.49 1.36 1.207 0.982 0.76 0.572 0.51 0.545 0.452 0.575 0.481 0.47 0.735 0.689 0.637 0.667 0.633 0.585 0.7 0.749 0.702 0.836 0.889 0.711 0.393 0.124 -0.022 -0.031 0.01 0.125 0.258 0.399 0.495 0.56 0.655 0.565 0.391 0.21 -0.011 -0.343 -0.559 -0.574 -0.549 -0.451 -0.271 -0.01 0.174 0.341 0.389 0.448 0.401 0.395 0.393 0.298 0.154 -0.032 -0.306 -0.558 -0.721
0.94 0.828 0.597 0.237 -0.19 -0.43 -0.293 0.081 0.375 0.624 1.051 1.424 1.519 1.709 1.851 1.748 1.667 1.613 1.54 1.364 1.124 1.042 0.95 0.753 0.694 0.672 0.657 0.756 0.73 0.659 0.829 0.875 0.852 0.893 0.807 0.728 0.754 0.761 0.785 0.859 0.828 0.682 0.619 0.463 0.103 -0.064 0.007 0.091 0.18 0.301 0.46 0.548 0.516 0.465 0.344 0.385 0.209 -0.15 -0.49 -0.521 -0.501 -0.451 -0.321 -0.111 0.049 0.236 0.318 0.392 0.359 0.346 0.351 0.262 0.09 -0.142 -0.39 -0.555 -0.671
1.142 1.053 0.798 0.372 -0.136 -0.482 -0.399 -0.092 0.289 0.558 1.019 1.429 1.604 1.698 1.692 1.66 1.64 1.634 1.534 1.288 1.326 1.38 1.187 0.923 0.792 0.793 0.76 0.827 0.868 0.795 0.953 1.076 1.035 1.051 0.904 0.776 0.703 0.661 0.702 0.737 0.719 0.709 0.801 0.675 0.291 0.064 0.059 0.14 0.189 0.28 0.392 0.454 0.508 0.553 0.511 0.503 0.383 0.054 -0.346 -0.494 -0.486 -0.455 -0.351 -0.21 -0.065 0.099 0.188 0.309 0.37 0.317 0.249 0.129 -0.062 -0.274 -0.429 -0.49 -0.546
1.163 1.048 0.777 0.343 -0.159 -0.502 -0.503 -0.276 0.049 0.461 0.941 1.321 1.595 1.633 1.578 1.617 1.616 1.559 1.527 1.558 1.635 1.542 1.296 1.026 0.847 0.751 0.726 0.84 0.932 0.923 1.091 1.189 1.11 1.043 0.878 0.684 0.531 0.479 0.548 0.601 0.643 0.777 0.908 0.762 0.439 0.244 0.073 0.12 0.139 0.212 0.339 0.436 0.572 0.652 0.579 0.611 0.493 0.195 -0.212 -0.43 -0.44 -0.416 -0.361 -0.272 -0.176 -0.006 0.075 0.214 0.31 0.346 0.199 -0.041 -0.233 -0.358 -0.364 -0.326 -0.356
1.017 0.896 0.613 0.197 -0.24 -0.527 -0.529 -0.267 0.053 0.435 0.864 1.181 1.439 1.568 1.597 1.644 1.662 1.676 1.744 1.785 1.738 1.594 1.356 1.054 0.824 0.706 0.75 0.866 0.902 0.924 1.153 1.215 1.092 1.004 0.855 0.637 0.37 0.321 0.378 0.479 0.584 0.831 0.994 0.845 0.548 0.472 0.155 0.023 0.015 0.09 0.231 0.324 0.503 0.597 0.546 0.682 0.55 0.301 -0.069 -0.357 -0.407 -0.413 -0.413 -0.336 -0.254 -0.092 -0.008 0.106 0.181 0.245 0.083 -0.192 -0.317 -0.31 -0.223 -0.144 -0.189
0.787 0.726 0.424 0.013 -0.343 -0.546 -0.492 -0.136 0.244 0.628 0.894 1.016 1.276 1.462 1.555 1.597 1.676 1.755 1.878 1.871 1.783 1.663 1.426 1.049 0.752 0.657 0.726 0.806 0.823 0.883 1.155 1.234 1.137 1.006 0.795 0.546 0.27 0.173 0.189 0.346 0.576 0.856 0.979 0.882 0.686 0.621 0.311 0.137 0.045 -0.009 0.082 0.218 0.369 0.5 0.557 0.66 0.595 0.392 0.087 -0.263 -0.428 -0.477 -0.491 -0.398 -0.253 -0.071 0.046 0.137 0.143 0.083 -0.098 -0.308 -0.344 -0.216 -0.084 0.007 -0.102
0.551 0.51 0.316 -0.015 -0.351 -0.506 -0.366 -0.016 0.336 0.686 0.858 0.958 1.046 1.185 1.259 1.312 1.52 1.665 1.721 1.811 1.888 1.77 1.522 1.075 0.703 0.566 0.578 0.677 0.7 0.799 1.111 1.261 1.166 0.984 0.608 0.339 0.175 0.034 0.023 0.281 0.566 0.8 0.893 0.845 0.778 0.765 0.352 0.306 0.227 0.073 -0.009 0.112 0.259 0.411 0.5 0.596 0.564 0.418 0.154 -0.154 -0.385 -0.446 -0.439 -0.324 -0.168 0.031 0.165 0.205 0.155 -0.002 -0.236 -0.374 -0.336 -0.165 0 0.043 -0.139
0.361 0.359 0.234 -0.021 -0.329 -0.475 -0.299 0.062 0.308 0.683 0.845 0.923 0.845 0.864 0.957 1.071 1.366 1.61 1.666 1.762 1.916 1.784 1.544 1.122 0.699 0.47 0.408 0.508 0.592 0.769 1.057 1.184 1.109 0.915 0.493 0.188 0.064 -0.099 -0.075 0.186 0.483 0.699 0.844 0.809 0.834 0.79 0.424 0.395 0.362 0.226 0.154 0.107 0.139 0.248 0.324 0.445 0.488 0.378 0.211 0.005 -0.257 -0.264 -0.258 -0.155 -0.041 0.169 0.265 0.21 0.062 -0.172 -0.342 -0.389 -0.29 -0.142 0.038 0.025 -0.214
0.247 0.338 0.258 0.02 -0.251 -0.416 -0.308 -0.071 0.177 0.556 0.79 0.865 0.775 0.636 0.783 1.046 1.348 1.543 1.619 1.783 1.882 1.751 1.533 1.173 0.725 0.429 0.297 0.384 0.542 0.719 0.915 1.048 1.062 0.862 0.429 0.052 -0.044 -0.206 -0.141 0.146 0.46 0.638 0.826 0.775 0.855 0.838 0.466 0.482 0.486 0.36 0.327 0.229 0.138 0.245 0.26 0.35 0.449 0.382 0.29 0.124 -0.111 -0.141 -0.123 -0.044 0.043 0.146 0.155 0.053 -0.128 -0.273 -0.324 -0.279 -0.197 -0.076 0.036 -0.021 -0.2
0.12 0.326 0.323 0.123 -0.142 -0.352 -0.356 -0.217 0.025 0.393 0.627 0.71 0.623 0.492 0.66 1.018 1.324 1.482 1.551 1.675 1.715 1.609 1.475 1.202 0.758 0.4 0.17 0.204 0.354 0.536 0.756 0.911 0.949 0.778 0.466 0.064 -0.142 -0.234 -0.167 0.045 0.339 0.595 0.756 0.757 0.909 0.857 0.572 0.523 0.549 0.509 0.44 0.31 0.266 0.404 0.366 0.332 0.457 0.464 0.377 0.18 0.036 -0.014 -0.008 -0.017 -0.003 -0.002 -0.083 -0.154 -0.225 -0.259 -0.208 -0.182 -0.094 0.028 0.084 -0.046 -0.162
-0.127 0.176 0.33 0.24 0.042 -0.181 -0.355 -0.367 -0.171 0.18 0.345 0.39 0.362 0.379 0.596 0.958 1.27 1.481 1.551 1.439 1.453 1.487 1.449 1.227 0.808 0.372 0.065 -0.01 0.188 0.446 0.644 0.784 0.866 0.856 0.663 0.141 -0.165 -0.207 -0.179 -0.045 0.243 0.509 0.667 0.73 0.957 0.927 0.708 0.539 0.557 0.592 0.522 0.384 0.353 0.502 0.506 0.428 0.517 0.534 0.426 0.275 0.173 0.103 0.032 -0.035 -0.092 -0.149 -0.176 -0.182 -0.202 -0.172 -0.147 -0.119 0.015 0.171 0.152 -0.057 -0.078
-0.348 -0.032 0.229 0.276 0.209 0.022 -0.237 -0.392 -0.324 -0.053 0.075 0.156 0.285 0.469 0.651 0.884 1.171 1.505 1.611 1.386 1.303 1.419 1.37 1.211 0.974 0.573 0.147 -0.108 -0.016 0.291 0.575 0.791 0.907 0.914 0.704 0.216 -0.157 -0.186 -0.178 -0.035 0.214 0.447 0.618 0.71 0.934 0.994 0.854 0.683 0.559 0.627 0.59 0.459 0.415 0.558 0.632 0.577 0.651 0.594 0.468 0.354 0.24 0.138 -0.014 -0.118 -0.203 -0.206 -0.167 -0.099 -0.118 -0.144 -0.083 -0.058 0.095 0.241 0.191 -0.017 -0.027
-0.495 -0.242 0.024 0.232 0.287 0.157 -0.115 -0.35 -0.404 -0.255 -0.078 0.165 0.332 0.601 0.823 0.992 1.178 1.545 1.645 1.343 1.156 1.305 1.278 1.252 1.134 0.804 0.266 -0.152 -0.188 0.133 0.369 0.715 0.864 0.897 0.713 0.298 -0.155 -0.247 -0.253 -0.1 0.127 0.34 0.554 0.674 0.859 1.006 0.947 0.826 0.608 0.64 0.617 0.505 0.495 0.626 0.701 0.673 0.685 0.596 0.431 0.273 0.102 -0.046 -0.168 -0.223 -0.173 -0.06 0.035 0.04 0.036 -0.097 -0.092 -0.042 0.11 0.216 0.17 0.081 0.074
-0.545 -0.406 -0.167 0.074 0.238 0.177 -0.063 -0.33 -0.438 -0.331 -0.057 0.242 0.437 0.629 0.845 1.062 1.297 1.556 1.607 1.292 1.062 1.099 1.068 1.115 1.087 0.765 0.276 -0.15 -0.246 -0.002 0.307 0.62 0.781 0.87 0.792 0.447 -0.07 -0.313 -0.314 -0.203 -0.037 0.199 0.49 0.666 0.778 0.948 0.982 0.86 0.659 0.629 0.607 0.526 0.544 0.659 0.693 0.647 0.587 0.489 0.326 0.137 -0.121 -0.285 -0.278 -0.226 -0.077 0.12 0.208 0.16 0.165 0.016 -0.078 -0.018 0.115 0.181 0.142 0.169 0.227
-0.463 -0.482 -0.342 -0.146 0.078 0.109 -0.078 -0.335 -0.453 -0.35 -0.052 0.24 0.493 0.709 0.906 1.117 1.38 1.555 1.519 1.184 1.019 0.98 0.948 1.066 1.078 0.805 0.328 -0.135 -0.28 -0.058 0.306 0.607 0.771 0.924 0.867 0.544 -0.014 -0.307 -0.257 -0.169 -0.064 0.146 0.453 0.625 0.688 0.884 0.926 0.778 0.683 0.58 0.537 0.528 0.546 0.631 0.614 0.586 0.513 0.402 0.32 0.124 -0.243 -0.361 -0.196 -0.125 -0.027 0.255 0.367 0.284 0.272 0.167 -0.047 0.011 0.138 0.199 0.193 0.248 0.331
-0.225 -0.44 -0.447 -0.354 -0.128 0.004 -0.144 -0.381 -0.473 -0.358 -0.148 0.074 0.352 0.65 0.911 1.191 1.469 1.479 1.371 1.017 1.011 1.006 0.987 1.11 1.078 0.83 0.36 -0.127 -0.295 -0.087 0.275 0.596 0.773 0.953 0.925 0.615 0.038 -0.317 -0.281 -0.172 -0.06 0.126 0.395 0.527 0.616 0.779 0.784 0.724 0.666 0.583 0.48 0.462 0.488 0.497 0.542 0.564 0.462 0.318 0.147 -0.049 -0.327 -0.346 -0.107 0.031 0.063 0.28 0.444 0.392 0.335 0.319 0.07 0.025 0.168 0.261 0.286 0.347 0.377
0.215 -0.144 -0.374 -0.453 -0.345 -0.186 -0.237 -0.417 -0.445 -0.271 -0.045 0.11 0.305 0.541 0.823 1.098 1.323 1.471 1.309 0.926 0.826 0.835 0.893 1.033 0.999 0.724 0.264 -0.152 -0.247 -0.068 0.256 0.549 0.683 0.849 0.935 0.639 0.124 -0.35 -0.397 -0.295 -0.171 0.007 0.284 0.421 0.516 0.592 0.62 0.671 0.584 0.553 0.443 0.421 0.372 0.356 0.346 0.342 0.257 0.101 -0.119 -0.273 -0.404 -0.298 -0.015 0.177 0.19 0.332 0.509 0.482 0.4 0.433 0.203 0.068 0.16 0.254 0.318 0.362 0.369
0.701 0.283 -0.088 -0.413 -0.481 -0.386 -0.342 -0.471 -0.41 -0.149 0.213 0.373 0.575 0.698 0.882 1.237 1.371 1.505 1.269 0.815 0.676 0.757 0.86 0.987 0.949 0.641 0.155 -0.189 -0.199 -0.048 0.225 0.486 0.63 0.766 0.825 0.611 0.157 -0.353 -0.493 -0.365 -0.229 -0.071 0.12 0.232 0.264 0.295 0.376 0.439 0.356 0.271 0.209 0.145 0.087 0.043 -0.002 -0.025 -0.095 -0.234 -0.367 -0.422 -0.379 -0.156 0.111 0.295 0.338 0.476 0.558 0.598 0.474 0.497 0.312 0.121 0.181 0.237 0.226 0.221 0.194
0.981 0.743 0.33 -0.128 -0.335 -0.411 -0.455 -0.475 -0.364 -0.044 0.301 0.563 0.754 0.891 1.057 1.377 1.564 1.557 1.248 0.75 0.64 0.685 0.789 0.898 0.866 0.538 0.07 -0.203 -0.208 -0.097 0.142 0.374 0.611 0.733 0.633 0.45 0.14 -0.348 -0.56 -0.381 -0.197 -0.091 -0.074 -0.007 0.013 0.032 0.201 0.14 0.068 -0.043 -0.077 -0.137 -0.188 -0.283 -0.335 -0.348 -0.395 -0.445 -0.436 -0.355 -0.23 0.042 0.292 0.405 0.488 0.678 0.636 0.63 0.548 0.501 0.37 0.174 0.128 0.14 0.154 0.127 0.088
1.26 1.097 0.661 0.132 -0.006 -0.181 -0.396 -0.446 -0.354 0.005 0.303 0.636 0.835 0.989 1.211 1.504 1.725 1.588 1.179 0.669 0.646 0.696 0.787 0.828 0.775 0.422 -0.015 -0.199 -0.161 -0.071 0.063 0.261 0.533 0.65 0.492 0.284 0.013 -0.366 -0.586 -0.465 -0.316 -0.305 -0.318 -0.279 -0.228 -0.132 -0.074 -0.13 -0.186 -0.292 -0.35 -0.4 -0.442 -0.493 -0.49 -0.473 -0.441 -0.368 -0.224 -0.074 0.033 0.287 0.496 0.521 0.625 0.86 0.764 0.543 0.555 0.502 0.365 0.077 -0.053 -0.042 -0.002 -0.013 0.02
1.269 1.063 0.667 0.444 0.41 0.157 -0.199 -0.364 -0.339 0.002 0.355 0.634 0.835 1.034 1.279 1.606 1.686 1.485 1.049 0.608 0.622 0.71 0.841 0.842 0.752 0.306 -0.122 -0.155 -0.071 0.056 0.094 0.183 0.474 0.542 0.439 0.339 0.042 -0.343 -0.616 -0.556 -0.464 -0.565 -0.576 -0.521 -0.434 -0.336 -0.345 -0.365 -0.394 -0.451 -0.481 -0.485 -0.49 -0.466 -0.401 -0.331 -0.22 -0.076 0.116 0.213 0.276 0.474 0.641 0.665 0.743 0.926 0.832 0.575 0.434 0.332 0.148 -0.081 -0.217 -0.236 -0.267 -0.222 -0.116
1.127 0.94 0.774 0.821 0.769 0.454 0.017 -0.26 -0.332 -0.055 0.287 0.491 0.695 0.919 1.188 1.544 1.594 1.388 0.951 0.549 0.595 0.712 0.848 0.769 0.58 0.136 -0.172 -0.16 -0.09 0.034 0.133 0.226 0.406 0.515 0.494 0.393 0.065 -0.31 -0.56 -0.625 -0.634 -0.687 -0.672 -0.623 -0.562 -0.49 -0.437 -0.407 -0.402 -0.382 -0.352 -0.296 -0.233 -0.225 -0.194 -0.105 0.069 0.271 0.467 0.452 0.478 0.649 0.77 0.804 0.843 1.022 0.909 0.64 0.311 0.154 -0.077 -0.311 -0.438 -0.467 -0.486 -0.397 -0.262
1.272 1.21 1.131 1.157 0.936 0.613 0.234 -0.114 -0.278 -0.126 0.148 0.315 0.619 0.85 1.122 1.456 1.553 1.372 0.906 0.49 0.578 0.771 0.869 0.692 0.355 -0.045 -0.2 -0.123 -0.035 -0.044 0.094 0.309 0.437 0.504 0.483 0.39 0.075 -0.227 -0.477 -0.661 -0.728 -0.726 -0.639 -0.571 -0.53 -0.434 -0.345 -0.243 -0.206 -0.162 -0.1 0.013 0.149 0.173 0.135 0.206 0.289 0.504 0.713 0.656 0.677 0.858 0.974 0.899 0.907 1.071 1.042 0.762 0.343 0.011 -0.14 -0.246 -0.455 -0.608 -0.633 -0.557 -0.438
