data/climatemaps/RS_maps/climate_postbreed_tmp_2018.asc
NCOLS 369 
NROWS 228 
XLLCORNER 479000 
YLLCORNER 73000 
CELLSIZE 1000 
NODATA_value -9 
[rows 175 to 209 of 228, columns 77 to 153 of 369]
-0.069 0.083 0.625 1.233 1.478 1.511 1.515 1.513 1.5 1.504 1.363 1.107 1.048 0.773 0.538 0.506 0.456 0.348 0.183 -0.003 -0.131 -0.482 -0.562 -0.623 -0.64 -0.457 0.008 0.168 0.176 -0.434 -1.008 -0.798 -0.444 -0.036 0.306 0.629 -0.109 -0.049 0.365 0.406 0.518 0.763 1.012 0.978 0.692 0.765 0.924 1.032 1.272 1.454 1.5 1.464 1.296 0.862 0.484 0.15 0.091 0.392 0.547 0.172 0.404 0.502 0.341 0.398 0.705 0.146 -0.247 -0.384 -0.276 0.024 0.266 0.378 0.455 0.291 0.138 0.182 0.307
-0.065 -0.144 0.285 0.901 1.284 1.396 1.513 1.515 1.515 1.493 1.445 1.316 1.085 0.84 0.711 0.72 0.408 0.087 -0.137 -0.375 -0.516 -0.44 -0.673 -0.917 -0.972 -0.544 -0.149 -0.151 0.375 -0.121 -0.834 -0.598 -0.14 0.352 0.671 0.504 0.124 0.397 0.706 0.687 0.785 0.988 1.205 0.909 0.917 1.181 1.341 1.406 1.49 1.52 1.41 1.139 1.103 0.503 0.201 -0.081 -0.226 -0.172 -0.056 -0.407 -0.331 -0.26 -0.43 -0.066 0.43 -0.165 -0.77 -0.871 -0.632 -0.256 -0.004 -0.037 0.157 0.147 -0.057 -0.058 0.253
-0.246 -0.398 -0.081 0.415 0.914 1.325 1.513 1.521 1.521 1.503 1.419 1.304 1.298 1.078 0.925 0.863 0.339 0.147 -0.045 -0.296 -0.304 -0.659 -1.033 -1.154 -0.819 -0.432 -0.711 -0.439 0.45 0.035 -0.603 -0.237 0.281 0.591 0.884 0.498 0.532 0.738 0.963 0.949 1.013 1.246 1.311 1.136 1.339 1.478 1.523 1.532 1.499 1.403 1.055 0.634 0.921 0.804 0.429 -0.112 -0.62 -0.912 -0.621 -0.831 -0.75 -0.896 -0.88 -0.468 0.068 -0.138 -0.948 -1.195 -0.887 -0.558 -0.322 -0.469 -0.314 -0.159 -0.323 -0.328 0.225
-0.302 -0.438 -0.19 0.265 0.867 1.311 1.492 1.515 1.529 1.521 1.488 1.41 1.352 0.787 0.458 0.6 0.57 0.496 0.297 0.088 -0.435 -1.031 -1.34 -1.113 -0.73 -0.784 -0.995 -0.391 0.377 0.244 -0.299 0.132 0.571 0.9 1.031 0.816 0.891 1.023 1.155 1.124 1.244 1.42 1.5 1.496 1.527 1.54 1.478 1.34 1.226 0.939 0.573 0.488 0.775 0.909 0.641 -0.184 -0.589 -0.919 -0.932 -1.072 -1.013 -1.249 -1.063 -0.713 -0.152 -0.245 -0.946 -1.332 -1.105 -0.645 -0.662 -0.891 -0.784 -0.523 -0.497 -0.456 0.153
0.023 -0.015 -0.004 0.451 0.993 1.285 1.401 1.455 1.499 1.535 1.513 1.482 1.345 0.667 0.049 0.018 0.047 -0.096 0.023 -0.624 -0.942 -1.232 -1.212 -0.994 -0.976 -1.25 -0.927 -0.465 0.236 0.658 0.236 0.504 0.851 1.18 1.24 1.083 1.133 1.2 1.287 1.389 1.52 1.555 1.554 1.508 1.363 1.224 1.02 0.852 0.794 0.362 0.118 0.178 0.392 0.64 0.727 0.116 -0.314 -0.791 -1.099 -1.303 -1.359 -1.307 -0.937 -0.749 -0.31 -0.455 -1.141 -1.33 -1.207 -0.807 -1.032 -1.31 -1.189 -0.764 -0.319 -0.226 0.192
0.073 0.168 0.378 0.685 1.062 0.997 1.032 1.049 1.18 1.499 1.471 1.392 1.274 0.641 -0.12 -0.301 -0.5 -0.27 -0.054 -1.162 -1.502 -1.272 -1.085 -1.161 -1.259 -1.311 -1.126 -0.569 0.152 0.867 0.671 1.006 1.176 1.364 1.406 1.322 1.303 1.439 1.496 1.562 1.556 1.546 1.35 0.897 0.728 0.784 0.408 0.201 0.447 0.102 -0.331 -0.122 -0.047 0.364 0.786 0.074 -0.53 -0.92 -1.043 -1.192 -1.5 -1.282 -1.209 -1.085 -0.489 -0.441 -1.215 -1.5 -1.226 -1.009 -1.232 -1.455 -1.206 -0.873 -0.282 0.216 0.479
-0.089 0.117 0.557 0.926 0.839 0.54 0.496 0.621 1.011 1.318 1.487 1.381 1.164 0.36 -0.35 -0.609 -0.657 -0.084 -0.274 -0.832 -1.104 -0.981 -0.567 -0.402 -0.308 -0.257 -0.343 -0.156 0.465 1.009 1.102 1.397 1.486 1.524 1.507 1.409 1.501 1.56 1.55 1.539 1.5 1.432 0.879 0.486 0.356 0.343 -0.083 -0.293 0.047 0.104 -0.542 -0.641 -0.188 0.336 0.751 0.178 -0.348 -0.621 -0.816 -1.066 -1.285 -1.406 -1.224 -0.981 -0.456 -0.471 -1.081 -1.382 -1.428 -1.23 -1.314 -1.223 -1.025 -0.625 -0.063 0.571 0.826
0.065 0.365 0.822 0.782 0.389 0.117 0.022 0.346 0.913 1.153 1.489 1.406 0.821 0.155 -0.468 -0.855 -0.75 -0.266 -0.838 -1.043 -0.74 -0.787 -0.422 0.108 0.295 0.605 0.61 0.404 0.618 1.167 1.468 1.559 1.563 1.553 1.55 1.569 1.553 1.493 1.39 1.26 1.107 1.245 0.934 0.349 -0.032 -0.135 -0.357 -0.703 -0.364 -0.048 -0.629 -0.906 -0.47 0.116 0.623 0.422 -0.015 -0.283 -0.675 -0.974 -1.149 -1.27 -1.11 -0.857 -0.377 -0.552 -1.016 -1.26 -1.551 -1.396 -1.31 -0.867 -0.476 -0.077 0.47 0.676 0.364
0.122 0.49 0.83 0.503 0.072 -0.214 -0.259 0.228 0.771 1.15 1.521 1.333 0.608 0.146 -0.503 -1.206 -1.017 -0.918 -1.184 -0.955 -0.616 -0.264 -0.086 0.199 0.62 0.836 1.011 0.976 0.985 1.392 1.549 1.563 1.575 1.564 1.537 1.474 1.322 1.097 0.884 0.737 0.838 1.169 0.973 0.417 -0.007 -0.392 -0.615 -0.909 -0.685 -0.353 -0.838 -0.979 -0.635 -0.198 0.382 0.581 0.036 -0.462 -0.669 -0.982 -1.24 -1.294 -1.034 -0.705 -0.345 -0.751 -1.147 -1.387 -1.552 -1.293 -1.074 -0.726 -0.133 0.431 0.67 0.242 -0.281
0.247 0.715 0.665 0.267 -0.099 -0.48 -0.154 0.321 0.489 0.868 1.482 1.445 0.932 0.191 -0.516 -1.252 -1.35 -1.33 -1.021 -0.831 -0.637 -0.262 0.202 0.393 0.632 0.724 1.118 1.348 1.437 1.538 1.558 1.531 1.452 1.356 1.326 1.093 0.784 0.581 0.402 0.35 0.593 1.071 0.984 0.409 0.082 -0.226 -0.562 -0.948 -0.979 -0.653 -0.966 -1.068 -0.834 -0.437 0.159 0.538 0.014 -0.637 -0.905 -1.124 -1.398 -1.418 -1.142 -0.593 -0.53 -1.038 -1.328 -1.511 -1.526 -1.306 -1.063 -0.7 0.06 0.609 0.326 -0.086 -0.521
0.407 0.782 0.373 -0.156 -0.188 -0.618 -0.16 0.08 -0.012 0.378 1.242 1.445 1.272 0.544 -0.186 -0.822 -1.317 -1.187 -1.081 -0.888 -0.59 -0.464 0.113 0.567 0.936 1.052 1.33 1.461 1.514 1.556 1.451 1.24 0.954 0.845 1.014 0.844 0.374 0.084 -0.065 -0.04 0.327 0.939 1.038 0.54 0.257 -0.026 -0.471 -0.966 -1.037 -0.886 -1.158 -1.204 -0.923 -0.552 0.041 0.483 0.044 -0.606 -1.045 -1.115 -1.365 -1.37 -1.076 -0.546 -0.68 -1.211 -1.537 -1.577 -1.346 -1.191 -0.831 -0.237 0.425 0.419 0.066 -0.351 -0.851
0.62 0.567 0.164 -0.374 -0.55 -0.912 -0.747 -0.486 -0.087 0.458 1 1.373 1.435 0.877 0.06 -0.556 -1.006 -0.879 -1.28 -0.988 -0.371 -0.48 0.009 0.652 1.241 1.478 1.546 1.54 1.545 1.311 1.006 0.668 0.448 0.479 0.741 0.754 0.301 -0.135 -0.435 -0.264 0.201 0.813 1.132 0.649 0.157 -0.244 -0.693 -1.077 -1.105 -1.08 -1.316 -1.115 -0.817 -0.452 0.057 0.354 0.198 -0.374 -0.876 -1.087 -1.38 -1.394 -1.106 -0.601 -0.842 -1.271 -1.666 -1.599 -1.455 -1.36 -0.744 0.11 0.57 0.218 -0.21 -0.761 -1.234
0.573 0.091 -0.309 -0.715 -1.175 -1.585 -1.269 -0.491 0.202 0.349 0.64 1.321 1.49 1.004 0.08 -0.719 -0.937 -0.722 -1.053 -0.612 -0.081 -0.033 0.443 1.11 1.474 1.561 1.568 1.522 1.28 0.714 0.358 0.146 0.054 0.144 0.518 0.493 0.067 -0.226 -0.634 -0.263 0.285 0.822 0.993 0.788 0.267 -0.179 -0.668 -1.113 -1.246 -1.278 -1.397 -1.106 -0.781 -0.291 -0.002 -0.082 0.183 -0.081 -0.677 -1.033 -1.349 -1.54 -1.217 -0.708 -1.118 -1.409 -1.733 -1.777 -1.601 -1.239 -0.407 0.472 0.375 -0.041 -0.434 -1.111 -1.562
0.235 -0.418 -0.667 -1.275 -1.731 -1.603 -1.275 -0.694 -0.036 -0.175 0.258 1.107 1.512 1.232 0.301 -0.496 -0.867 -0.576 -0.36 0.094 0.475 0.718 1.191 1.507 1.562 1.578 1.558 1.194 0.989 0.35 -0.081 -0.343 -0.448 -0.221 0.339 0.044 -0.391 -0.584 -0.754 -0.137 0.479 0.672 0.587 0.824 0.624 0.12 -0.475 -0.948 -1.287 -1.439 -1.462 -1.281 -0.837 -0.215 -0.388 -0.613 -0.201 0.069 -0.484 -0.965 -1.237 -1.539 -1.302 -0.788 -1.179 -1.453 -1.821 -1.714 -1.374 -0.965 -0.173 0.608 0.052 -0.605 -0.602 -1.168 -1.636
0.122 -0.589 -1.211 -1.46 -1.435 -1.056 -0.85 -0.964 -0.588 -0.673 -0.157 0.845 1.469 1.387 0.541 -0.188 -0.628 -0.111 0.456 0.885 1.232 1.401 1.525 1.571 1.574 1.529 1.268 0.677 0.693 0.516 0.067 -0.435 -0.759 -0.472 0.14 -0.268 -0.712 -0.925 -0.781 -0.08 0.508 0.221 0.11 0.42 0.725 0.383 -0.183 -0.609 -0.973 -1.223 -1.354 -1.227 -1.02 -0.46 -0.787 -1.063 -0.692 -0.104 -0.275 -0.991 -1.462 -1.704 -1.348 -0.913 -1.207 -1.639 -2.053 -1.839 -1.371 -0.739 -0.032 0.493 -0.152 -0.957 -0.832 -1.26 -1.715
0.006 -0.837 -1.023 -1.137 -0.918 -0.643 -0.546 -0.557 -0.405 -0.394 -0.248 0.558 1.436 1.463 0.73 -0.071 -0.155 0.6 1.114 1.423 1.535 1.56 1.568 1.509 1.44 1.206 0.704 0.23 0.339 0.381 0.226 -0.2 -0.719 -0.62 -0.031 -0.388 -0.84 -1.139 -0.82 -0.138 0.379 -0.162 -0.491 -0.241 0.223 0.59 0.16 -0.415 -0.868 -1.277 -1.439 -1.304 -1.297 -0.816 -0.817 -1.262 -0.936 -0.365 -0.127 -0.739 -1.367 -1.995 -1.716 -1.282 -1.464 -1.622 -1.986 -1.865 -1.427 -0.969 -0.048 0.324 -0.564 -1.347 -1.329 -1.363 -1.834
-0.546 -0.642 -0.955 -1.487 -1.171 -0.578 -0.491 -0.631 -0.645 -0.033 0.048 0.537 1.301 1.534 1.236 0.429 0.521 1.187 1.479 1.558 1.567 1.569 1.386 1.104 0.87 0.597 0.073 -0.21 -0.042 0.043 -0.223 -0.267 -0.83 -0.649 -0.207 -0.586 -1.027 -1.186 -0.778 -0.222 0.239 -0.323 -0.804 -0.759 -0.192 0.371 0.418 -0.347 -0.826 -1.149 -1.603 -1.443 -1.356 -0.939 -0.771 -1.327 -0.985 -0.49 -0.054 -0.489 -1.276 -1.886 -1.87 -1.81 -1.85 -1.807 -1.975 -1.874 -1.489 -0.836 -0.056 0.363 -0.622 -1.51 -1.761 -1.666 -2
-0.923 -1.095 -1.379 -1.705 -1.639 -0.849 -0.755 -0.997 -1.101 -0.732 -0.252 0.561 1.057 1.465 1.513 1.063 1.236 1.539 1.556 1.564 1.567 1.428 0.925 0.612 0.429 -0.1 -0.474 -0.608 -0.409 -0.236 -0.65 -0.677 -0.968 -0.645 -0.267 -0.728 -1.274 -1.24 -0.767 -0.213 0.05 -0.39 -0.907 -0.985 -0.557 -0.181 0.409 0.036 -0.372 -0.979 -1.245 -1.412 -1.121 -0.844 -0.833 -1.524 -1.268 -0.636 -0.056 -0.385 -1.153 -1.599 -1.867 -2.098 -2.282 -2.094 -2.081 -2.29 -1.874 -1.099 -0.074 0.278 -0.714 -1.512 -1.946 -2.26 -2.344
-1.065 -1.421 -1.447 -1.341 -1.579 -1.18 -0.985 -1.108 -0.762 -0.286 0.256 0.808 0.979 1.292 1.53 1.503 1.54 1.557 1.566 1.556 1.441 0.907 0.348 0.129 -0.066 -0.644 -0.801 -0.674 -0.625 -0.518 -0.697 -1.121 -1.027 -0.59 -0.414 -0.88 -1.294 -1.474 -0.97 -0.45 0.043 -0.45 -1.124 -1.149 -0.864 -0.36 0.174 0.378 0.034 -0.572 -0.847 -1.327 -1.312 -0.96 -0.913 -1.47 -1.662 -0.989 -0.14 -0.449 -1.099 -1.289 -1.697 -2.252 -2.479 -2.709 -2.345 -2.163 -1.512 -0.866 0.058 0.06 -0.79 -1.414 -1.969 -2.635 -2.583
-0.764 -1.424 -1.102 -0.985 -1.367 -0.816 -0.634 -0.582 -0.345 0.122 0.644 0.922 0.583 0.715 1.339 1.543 1.547 1.554 1.517 1.342 0.914 0.249 -0.009 -0.092 -0.124 -0.586 -0.364 -0.255 -0.325 -0.717 -0.869 -1.274 -0.927 -0.619 -0.714 -0.863 -1.369 -1.614 -1.219 -0.781 -0.053 -0.479 -1.156 -1.292 -0.807 -0.459 -0.286 0.176 0.355 -0.129 -0.495 -1.015 -1.413 -1.171 -0.919 -1.303 -1.626 -1.261 -0.378 -0.523 -1.112 -1.437 -1.648 -2.045 -2.511 -2.718 -2.277 -1.673 -1.052 -0.495 0.2 -0.13 -0.755 -1.5 -2.125 -2.611 -2.983
-1.142 -1.48 -0.858 -0.79 -1.182 -1.09 -0.936 -0.728 -0.127 0.507 0.82 0.414 0.113 0.5 1.091 1.518 1.481 1.356 1.111 0.699 0.29 0.057 0.26 0.428 0.26 -0.112 0.122 0.111 -0.086 -0.558 -1.112 -1.38 -1.193 -0.889 -1.074 -0.866 -1.163 -1.629 -1.417 -0.891 -0.247 -0.351 -0.951 -1.164 -0.733 -0.909 -0.815 -0.263 0.276 0.147 -0.325 -0.869 -1.365 -1.421 -1.033 -1.024 -1.487 -1.092 -0.624 -0.398 -0.8 -1.097 -1.409 -1.748 -2.307 -2.793 -2.322 -1.727 -1.01 -0.224 0.25 -0.245 -0.961 -1.798 -2.279 -2.601 -3.028
-1.281 -1.324 -0.7 -0.601 -0.998 -1.091 -0.796 -0.475 0.019 0.666 0.453 -0.085 0.209 0.842 1.346 1.317 1.157 0.885 0.555 0.419 0.199 0.352 0.669 0.795 0.705 0.512 0.567 0.317 -0.063 -0.535 -1.014 -1.353 -1.373 -1.353 -1.53 -1.265 -1.132 -1.439 -1.395 -1.121 -0.516 -0.341 -0.942 -1.252 -0.81 -1.215 -1.105 -0.553 0.047 0.236 -0.229 -0.732 -1.111 -1.346 -1.343 -1.103 -1.508 -1.228 -0.786 -0.477 -0.899 -1.08 -1.316 -1.594 -2.324 -2.445 -2.031 -1.81 -1.155 -0.335 0.219 -0.403 -1.084 -1.731 -2.179 -2.715 -3.151
-0.947 -1.164 -0.719 -0.518 -0.968 -0.944 -0.396 0.113 0.449 0.467 -0.117 -0.02 0.556 1.143 1.298 1.033 1.027 0.937 0.774 0.821 0.849 0.817 1.074 1.06 0.881 0.915 0.94 0.584 0.032 -0.51 -0.841 -0.968 -1.343 -1.554 -1.754 -1.546 -1.323 -1.46 -1.506 -1.281 -0.795 -0.65 -1.142 -1.5 -1.207 -1.397 -1.025 -0.537 0.041 0.237 -0.063 -0.514 -0.875 -1.188 -1.581 -1.422 -1.678 -1.626 -0.874 -0.781 -1.477 -1.649 -1.642 -1.85 -2.472 -1.834 -1.352 -1.279 -0.795 -0.14 0.183 -0.493 -1.161 -1.653 -2.148 -2.607 -2.991
-1.048 -1.258 -0.979 -0.505 -0.647 -0.684 -0.098 0.496 0.454 -0.051 -0.418 0.227 0.722 0.971 1.147 1.129 1.01 0.703 0.54 0.706 0.962 1.117 1.076 0.799 0.389 0.618 0.974 0.89 0.442 -0.172 -0.518 -0.833 -1.298 -1.609 -1.638 -1.62 -1.532 -1.714 -1.517 -1.271 -0.949 -1.052 -1.669 -1.868 -1.704 -1.541 -1 -0.463 0.05 -0.066 -0.054 -0.165 -0.666 -1.253 -1.745 -1.891 -1.944 -1.772 -0.939 -1.048 -1.713 -2.08 -2.146 -2.342 -2.306 -1.533 -1.038 -0.904 -0.704 -0.026 0.159 -0.553 -1.32 -1.758 -2.001 -2.307 -2.833
-1.238 -1.005 -0.881 -0.636 -0.412 -0.287 0.246 0.445 0.09 0.018 -0.17 0.282 0.262 0.243 0.548 0.864 0.502 -0.082 -0.365 -0.013 0.599 1.032 0.773 0.177 -0.128 0.273 0.738 0.932 0.818 0.352 -0.051 -0.536 -1.186 -1.508 -1.328 -1.54 -1.674 -1.848 -1.515 -1.207 -0.839 -1.207 -1.829 -2.02 -1.799 -1.503 -1.172 -0.497 -0.131 -0.685 -0.652 -0.278 -0.461 -1.096 -1.591 -2.072 -2.227 -1.852 -1.082 -1.136 -1.61 -2.005 -2.324 -2.567 -2.219 -1.69 -1.326 -1.262 -0.985 -0.046 0.098 -0.544 -1.011 -1.386 -1.701 -2.058 -2.764
-1.211 -1.017 -0.992 -0.904 -0.302 0.206 0.413 0.122 -0.258 0.229 -0.127 -0.172 -0.34 -0.464 -0.061 0.541 0.36 -0.308 -0.872 -0.332 0.52 0.97 0.577 -0.103 -0.376 0.072 0.379 0.701 0.853 0.759 0.492 -0.02 -0.845 -1.135 -1.088 -1.353 -1.581 -1.811 -1.426 -1.259 -0.805 -1.112 -1.656 -1.902 -1.707 -1.295 -1.01 -0.428 -0.395 -1.129 -1.345 -0.895 -0.387 -0.777 -1.397 -1.825 -2.25 -2.172 -1.507 -1.215 -1.439 -1.736 -2.286 -2.389 -2.192 -1.945 -1.725 -1.67 -0.953 0.072 -0.107 -0.846 -0.911 -0.973 -1.555 -1.912 -2.437
-1.242 -1.259 -0.997 -0.762 -0.1 0.341 0.112 -0.276 -0.364 0.24 -0.341 -0.778 -0.839 -0.631 -0.095 0.014 0.248 -0.006 -0.772 -0.435 0.545 0.926 0.441 -0.279 -0.575 -0.299 0.01 0.397 0.341 0.428 0.584 0.367 -0.385 -0.778 -0.9 -1.168 -1.576 -1.775 -1.634 -1.458 -0.892 -0.96 -1.599 -1.814 -1.516 -1.12 -0.765 -0.296 -0.494 -1.225 -1.701 -1.309 -0.57 -0.592 -1.227 -1.636 -2.162 -2.225 -1.757 -1.46 -1.522 -1.956 -2.319 -2.025 -1.756 -1.642 -1.628 -1.465 -0.677 0.07 -0.463 -1.238 -1.349 -0.946 -1.251 -1.73 -2.116
-1.058 -1.222 -0.628 -0.433 0.209 0.115 -0.363 -0.619 -0.485 0.052 -0.252 -1.041 -1.126 -0.828 -0.562 -0.613 -0.194 0.16 -0.236 -0.195 0.611 0.89 0.371 -0.43 -0.795 -0.703 -0.237 0.015 -0.196 -0.221 0.066 0.154 0.143 -0.176 -0.579 -1.078 -1.357 -1.611 -1.908 -1.441 -1.02 -0.879 -1.475 -1.783 -1.631 -1.297 -0.866 -0.33 -0.608 -1.351 -1.887 -1.393 -0.725 -0.768 -1.046 -1.601 -2.209 -2.488 -2.021 -1.789 -1.997 -2.28 -2.31 -1.831 -1.357 -1.213 -1.404 -0.967 -0.251 -0.213 -0.902 -1.466 -1.631 -1.398 -1.106 -1.511 -1.939
-0.67 -0.854 -0.46 0.018 0.363 -0.199 -0.634 -0.778 -0.664 -0.643 -0.311 -0.528 -1.248 -1.285 -1.179 -0.736 -0.257 -0.104 0.079 0.163 0.696 0.884 0.344 -0.212 -0.53 -0.792 -0.492 -0.384 -0.669 -0.692 -0.528 -0.324 -0.053 -0.025 -0.085 -0.586 -1.053 -1.508 -1.946 -1.613 -1.161 -1.028 -1.198 -1.673 -1.472 -1.274 -0.807 -0.36 -0.76 -1.356 -1.877 -1.229 -0.919 -1.096 -1.087 -1.579 -2.277 -2.59 -2.197 -2.178 -2.152 -1.87 -2.127 -1.849 -1.403 -1.012 -0.891 -0.526 -0.007 -0.398 -0.998 -1.468 -1.802 -1.639 -1.46 -1.533 -1.946
-1.064 -0.471 -0.052 0.243 0.047 -0.527 -0.444 -0.714 -1.167 -1.062 -0.697 -0.531 -1.022 -1.239 -0.831 -0.515 -0.537 -0.666 -0.207 0.489 0.868 0.853 0.527 0.102 -0.414 -0.905 -0.752 -0.821 -1.193 -1.092 -0.849 -0.671 -0.507 -0.797 -0.292 0.012 -0.589 -1.147 -2.089 -1.781 -1.372 -1.504 -1.269 -1.462 -1.19 -1.042 -0.646 -0.434 -0.951 -1.541 -2.087 -1.5 -1.396 -1.369 -1.272 -1.723 -2.268 -2.175 -1.978 -2.027 -2.021 -1.429 -1.731 -1.628 -1.537 -1.235 -0.756 -0.054 -0.094 -0.575 -0.991 -1.541 -1.638 -1.717 -1.77 -1.808 -2.137
-0.595 -0.431 -0.557 0.018 -0.136 -0.33 -0.236 -0.719 -1.26 -1.316 -1.293 -1.295 -1.342 -1.191 -1.111 -1.325 -1.053 -0.515 0.086 0.613 0.438 0.326 0.647 0.305 -0.185 -0.805 -1.057 -1.433 -1.492 -1.301 -0.943 -1.161 -0.794 -0.968 -0.939 -0.222 -0.187 -1.058 -2.021 -1.994 -1.95 -1.688 -1.431 -1.448 -1.211 -0.994 -0.864 -0.505 -1.114 -1.694 -2.006 -1.749 -1.706 -1.814 -1.721 -1.985 -2.115 -1.569 -1.79 -1.62 -1.292 -0.986 -1.091 -0.929 -0.825 -0.827 -0.338 -0.008 -0.347 -0.584 -0.778 -0.994 -1.141 -1.225 -1.418 -1.677 -1.958
-0.639 -1.047 -0.917 -0.2 -0.015 0.05 -0.081 -0.723 -1.375 -1.749 -1.946 -1.918 -1.812 -1.784 -1.624 -1.409 -1.027 -0.615 -0.101 0.567 0.25 -0.199 0.333 0.474 0.053 -0.432 -0.862 -1.366 -1.63 -1.377 -1.191 -1.289 -1.007 -1.108 -1.252 -0.559 -0.235 -0.953 -1.549 -1.8 -1.978 -1.703 -1.576 -1.783 -1.76 -1.366 -1.27 -0.739 -0.865 -1.41 -1.74 -1.908 -1.855 -2.088 -2.037 -2.124 -2.018 -1.334 -1.322 -1.122 -0.827 -0.721 -0.683 -0.692 -0.676 -0.454 -0.195 -0.342 -0.73 -0.874 -0.948 -1.059 -1.134 -1.275 -1.451 -1.62 -1.799
-1.189 -1.236 -0.88 -0.255 0.282 -0.008 -0.435 -0.876 -1.348 -1.654 -2.087 -2.105 -1.985 -1.96 -1.714 -1.134 -0.627 -0.566 -0.08 0.522 0.264 -0.332 0.096 0.438 0.266 -0.444 -0.858 -1.221 -1.647 -1.58 -1.64 -1.702 -1.238 -1.299 -1.5 -1.013 -0.62 -0.559 -1.326 -1.85 -1.938 -2.035 -2.176 -2.136 -2.082 -1.984 -1.609 -1.179 -0.823 -1.276 -1.528 -2.018 -2.012 -2.157 -2.293 -2.142 -1.766 -1.389 -1.096 -1.096 -1.136 -1.16 -1.121 -1.099 -1.034 -0.824 -0.403 -0.716 -1.063 -1.321 -1.367 -1.578 -1.614 -1.689 -1.772 -1.92 -1.935
-1.294 -1.047 -0.662 -0.037 0.398 -0.02 -0.634 -1.177 -1.572 -1.731 -2.038 -2.194 -2.068 -1.932 -1.576 -0.945 -0.433 -0.077 0.223 0.51 0.037 -0.439 -0.036 0.193 0.345 -0.058 -0.587 -1.038 -1.374 -1.773 -2.182 -2.077 -1.545 -1.318 -1.646 -1.458 -0.72 -0.4 -1.141 -1.924 -2.062 -2.284 -2.228 -2.384 -2.401 -2.246 -1.81 -1.395 -1.222 -1.38 -1.281 -1.832 -2.124 -2.09 -2.349 -2.211 -1.699 -1.377 -1.328 -1.637 -1.985 -1.839 -1.548 -1.381 -1.211 -1.079 -0.75 -0.899 -1.214 -1.39 -1.527 -1.619 -1.708 -1.84 -2.014 -2.135 -2.151
-1.076 -0.733 -0.238 0.321 0.274 -0.029 -0.412 -0.966 -1.609 -1.997 -2.186 -2.182 -1.9 -1.657 -1.407 -1.256 -0.956 -0.335 0.296 0.333 -0.278 -0.658 -0.276 -0.208 0.003 0.141 -0.289 -0.782 -1.162 -1.671 -2.239 -2.289 -1.805 -1.468 -1.877 -1.738 -0.881 -0.359 -1.114 -1.851 -2.192 -2.147 -1.861 -2.222 -2.288 -1.891 -1.702 -1.694 -1.837 -1.876 -1.382 -1.741 -1.888 -1.793 -2.195 -2.206 -2.107 -1.922 -1.757 -1.803 -2.061 -2.062 -1.685 -1.427 -1.45 -1.416 -1.287 -0.967 -1.023 -1.117 -1.227 -1.256 -1.319 -1.557 -1.757 -1.967 -2.203
