data/climatemaps/RS_maps/climate_winter_pr_2005.asc
NCOLS 369 
NROWS 228 
XLLCORNER 479000 
YLLCORNER 73000 
CELLSIZE 1000 
NODATA_value -9 
[rows 66 to 98 of 228, columns 225 to 299 of 369]
-0.741 -0.735 -0.729 -0.704 -0.659 -0.597 -0.548 -0.514 -0.491 -0.47 -0.442 -0.415 -0.385 -0.336 -0.274 -0.213 -0.147 -0.039 0.077 0.189 0.237 0.167 0.043 -0.119 -0.242 -0.323 -0.378 -0.382 -0.347 -0.326 -0.325 -0.299 -0.233 -0.149 -0.067 -0.035 -0.011 0.028 0.148 0.198 0.236 0.158 0.127 0.104 0.024 -0.012 -0.163 -0.335 -0.514 -0.639 -0.703 -0.745 -0.79 -0.83 -0.864 -0.886 -0.881 -0.885 -0.88 -0.84 -0.807 -0.771 -0.769 -0.752 -0.688 -0.624 -0.531 -0.402 -9 -9 -9 -9 -9 -9 -9
-0.74 -0.734 -0.725 -0.708 -0.678 -0.64 -0.594 -0.556 -0.53 -0.517 -0.504 -0.481 -0.451 -0.417 -0.371 -0.315 -0.223 -0.087 0.038 0.16 0.24 0.234 0.162 0.014 -0.112 -0.209 -0.339 -0.422 -0.435 -0.438 -0.427 -0.357 -0.275 -0.174 -0.102 -0.019 0.022 0.131 0.176 0.104 0.116 0.205 0.192 0.141 0.121 -0.015 -0.252 -0.442 -0.581 -0.675 -0.731 -0.777 -0.822 -0.856 -0.879 -0.881 -0.881 -0.891 -0.86 -0.823 -0.793 -0.776 -0.767 -0.754 -0.734 -0.689 -0.606 -9 -9 -9 -9 -9 -9 -9 -9
-0.75 -0.733 -0.721 -0.702 -0.682 -0.654 -0.618 -0.588 -0.565 -0.549 -0.541 -0.532 -0.508 -0.483 -0.448 -0.4 -0.323 -0.196 -0.061 0.072 0.177 0.258 0.243 0.134 -0.032 -0.094 -0.249 -0.388 -0.47 -0.493 -0.458 -0.354 -0.206 -0.136 -0.082 0.056 0.141 0.148 0.051 -0.012 0.131 0.159 0.088 0.075 0.018 -0.156 -0.33 -0.489 -0.622 -0.698 -0.753 -0.802 -0.844 -0.867 -0.883 -0.893 -0.904 -0.883 -0.823 -0.78 -0.772 -0.765 -0.762 -0.762 -0.757 -0.73 -9 -9 -9 -9 -9 -9 -9 -9 -9
-0.739 -0.723 -0.712 -0.7 -0.682 -0.656 -0.625 -0.6 -0.579 -0.566 -0.564 -0.567 -0.56 -0.54 -0.511 -0.472 -0.413 -0.312 -0.174 -0.045 0.094 0.238 0.294 0.211 0.03 -0.014 -0.137 -0.299 -0.429 -0.488 -0.469 -0.358 -0.222 -0.13 -0.018 0.118 0.132 0.046 -0.087 -0.062 0.001 -0.034 -0.027 -0.03 -0.137 -0.267 -0.414 -0.554 -0.657 -0.72 -0.773 -0.821 -0.862 -0.884 -0.906 -0.919 -0.901 -0.839 -0.728 -0.676 -0.694 -0.715 -0.733 -0.745 -0.748 -0.741 -9 -9 -9 -9 -9 -9 -9 -9 -9
-0.714 -0.7 -0.691 -0.682 -0.667 -0.642 -0.622 -0.603 -0.582 -0.567 -0.566 -0.572 -0.575 -0.568 -0.554 -0.528 -0.485 -0.404 -0.274 -0.117 0.014 0.187 0.278 0.223 0.116 0.113 -0.019 -0.168 -0.288 -0.391 -0.435 -0.361 -0.242 -0.082 -0.051 -0.012 0.006 -0.071 -0.136 -0.12 -0.149 -0.161 -0.162 -0.2 -0.238 -0.342 -0.48 -0.611 -0.687 -0.741 -0.79 -0.839 -0.881 -0.912 -0.927 -0.917 -0.858 -0.733 -0.599 -0.582 -0.622 -0.621 -0.652 -0.685 -0.709 -0.719 -9 -9 -9 -9 -9 -9 -9 -9 -9
-0.672 -0.661 -0.653 -0.647 -0.637 -0.621 -0.597 -0.561 -0.541 -0.542 -0.553 -0.562 -0.569 -0.569 -0.563 -0.549 -0.527 -0.473 -0.342 -0.166 -0.034 0.106 0.256 0.249 0.248 0.208 0.056 -0.009 -0.126 -0.266 -0.358 -0.359 -0.212 -0.117 -0.086 -0.086 -0.111 -0.176 -0.209 -0.228 -0.253 -0.284 -0.299 -0.316 -0.351 -0.427 -0.54 -0.648 -0.709 -0.757 -0.804 -0.852 -0.897 -0.927 -0.933 -0.894 -0.774 -0.602 -0.488 -0.529 -0.538 -0.493 -0.521 -0.578 -0.629 -9 -9 -9 -9 -9 -9 -9 -9 -9 -9
-0.61 -0.602 -0.598 -0.593 -0.587 -0.575 -0.552 -0.515 -0.505 -0.519 -0.535 -0.541 -0.547 -0.551 -0.548 -0.533 -0.54 -0.505 -0.413 -0.236 -0.056 0.042 0.216 0.307 0.352 0.276 0.159 0.025 -0.098 -0.158 -0.226 -0.282 -0.203 -0.161 -0.153 -0.198 -0.199 -0.211 -0.218 -0.233 -0.241 -0.265 -0.297 -0.339 -0.393 -0.472 -0.569 -0.662 -0.719 -0.766 -0.813 -0.862 -0.906 -0.933 -0.927 -0.84 -0.679 -0.473 -0.418 -0.467 -0.444 -0.358 -0.382 -0.468 -0.531 -9 -9 -9 -9 -9 -9 -9 -9 -9 -9
-0.518 -0.519 -0.522 -0.52 -0.52 -0.515 -0.504 -0.491 -0.484 -0.482 -0.494 -0.5 -0.509 -0.517 -0.509 -0.502 -0.536 -0.524 -0.467 -0.304 -0.106 0.083 0.193 0.366 0.352 0.267 0.192 0.116 0.061 0.072 -0.012 -0.064 -0.164 -0.182 -0.173 -0.133 -0.097 -0.108 -0.122 -0.142 -0.14 -0.168 -0.208 -0.262 -0.339 -0.44 -0.548 -0.648 -0.713 -0.765 -0.816 -0.866 -0.91 -0.931 -0.903 -0.773 -0.585 -0.376 -0.34 -0.404 -0.311 -0.211 -0.244 -0.33 -0.376 -9 -9 -9 -9 -9 -9 -9 -9 -9 -9
-0.382 -0.396 -0.408 -0.42 -0.432 -0.44 -0.439 -0.437 -0.434 -0.431 -0.436 -0.444 -0.456 -0.469 -0.471 -0.486 -0.519 -0.523 -0.489 -0.353 -0.147 0.101 0.217 0.316 0.356 0.325 0.267 0.265 0.223 0.21 0.188 0.114 0.022 0.005 0.012 0.049 0.031 0.013 0.016 -0.004 -0.007 -0.06 -0.137 -0.204 -0.292 -0.383 -0.48 -0.596 -0.686 -0.751 -0.81 -0.864 -0.909 -0.921 -0.876 -0.723 -0.48 -0.29 -0.275 -0.34 -0.177 -0.093 -0.178 -0.196 -0.19 -0.299 -0.392 -0.339 -0.315 -9 -9 -9 -9 -9 -9
-0.225 -0.229 -0.244 -0.276 -0.299 -0.332 -0.352 -0.355 -0.355 -0.349 -0.351 -0.362 -0.384 -0.406 -0.43 -0.457 -0.488 -0.507 -0.488 -0.341 -0.102 0.087 0.127 0.205 0.341 0.34 0.301 0.321 0.34 0.318 0.272 0.204 0.214 0.24 0.198 0.167 0.139 0.14 0.16 0.127 0.099 0.015 -0.1 -0.166 -0.198 -0.243 -0.362 -0.501 -0.599 -0.711 -0.795 -0.854 -0.901 -0.901 -0.839 -0.666 -0.429 -0.335 -0.327 -0.249 -0.128 -0.026 -0.094 -0.092 -0.103 -0.172 -0.299 -0.229 -0.129 -0.049 -0.077 -0.164 -0.248 -9 -9
-0.071 -0.065 -0.091 -0.094 -0.126 -0.184 -0.232 -0.204 -0.19 -0.178 -0.171 -0.213 -0.271 -0.311 -0.357 -0.4 -0.443 -0.475 -0.466 -0.295 -0.062 0.006 -0.011 0.134 0.169 0.169 0.196 0.263 0.283 0.33 0.315 0.326 0.361 0.355 0.299 0.251 0.213 0.225 0.209 0.157 0.092 -0.002 -0.104 -0.081 -0.028 -0.128 -0.229 -0.343 -0.491 -0.654 -0.77 -0.84 -0.89 -0.89 -0.82 -0.647 -0.432 -0.358 -0.33 -0.138 -0.043 0.029 -0.018 -0.041 -0.031 -0.098 -0.237 -0.178 -0.046 0.058 0.03 -0.032 -0.121 -0.251 -0.352
0.014 0.04 0.037 0.066 0.065 -0.048 -0.146 -0.051 -0.026 -0.027 -0.006 0.001 -0.067 -0.108 -0.185 -0.306 -0.386 -0.436 -0.436 -0.275 -0.157 -0.173 -0.169 -0.025 -0.039 -0.009 0.08 0.143 0.179 0.274 0.334 0.368 0.35 0.289 0.218 0.135 0.064 0.084 0.103 0.083 0.041 -0.006 -0.057 0.016 0.067 0.011 -0.082 -0.219 -0.413 -0.588 -0.726 -0.82 -0.876 -0.887 -0.801 -0.603 -0.421 -0.362 -0.323 -0.165 -0.049 0.02 -0.004 0.017 -0.003 -0.11 -0.17 -0.085 0.033 0.1 0.105 0.057 -0.044 -0.171 -0.215
0.018 0.088 0.144 0.191 0.157 0.033 -0.101 -0.085 -0.043 0.009 0.097 0.141 0.123 0.097 0.022 -0.133 -0.299 -0.391 -0.415 -0.347 -0.284 -0.327 -0.326 -0.238 -0.231 -0.188 -0.102 -0.05 0.005 0.082 0.123 0.128 0.106 0.034 -0.03 -0.127 -0.218 -0.23 -0.178 -0.133 -0.117 -0.036 0.006 0.064 0.083 0.072 -0.008 -0.174 -0.328 -0.504 -0.686 -0.8 -0.861 -0.882 -0.81 -0.631 -0.473 -0.424 -0.278 -0.131 -0.099 0.002 0.045 0.033 -0.092 -0.119 -0.066 0.008 0.122 0.127 0.153 0.143 0.008 -0.071 0.028
-0.034 0.071 0.209 0.242 0.182 0.047 -0.047 -0.046 -0.058 -0.011 0.083 0.192 0.225 0.223 0.208 0.085 -0.138 -0.318 -0.41 -0.42 -0.416 -0.424 -0.407 -0.377 -0.346 -0.325 -0.304 -0.285 -0.258 -0.237 -0.236 -0.234 -0.243 -0.276 -0.315 -0.38 -0.44 -0.468 -0.457 -0.4 -0.31 -0.157 -0.152 -0.066 0.061 0.023 -0.054 -0.071 -0.234 -0.45 -0.658 -0.779 -0.848 -0.877 -0.837 -0.688 -0.535 -0.439 -0.247 -0.098 -0.084 0.007 0.068 -0.018 -0.127 -0.022 0.01 0.109 0.161 0.121 0.087 0.062 0.008 0.115 0.288
-0.044 0.057 0.182 0.235 0.208 0.106 0.025 0.01 0.01 0.006 0.066 0.213 0.29 0.3 0.261 0.149 -0.011 -0.225 -0.381 -0.432 -0.449 -0.434 -0.382 -0.32 -0.299 -0.32 -0.35 -0.38 -0.4 -0.408 -0.413 -0.419 -0.432 -0.457 -0.489 -0.529 -0.565 -0.592 -0.609 -0.605 -0.523 -0.353 -0.318 -0.236 -0.089 -0.007 -0.008 -0.001 -0.195 -0.425 -0.615 -0.758 -0.837 -0.872 -0.855 -0.738 -0.587 -0.447 -0.289 -0.168 -0.075 0.054 0.07 -0.048 -0.095 0.063 0.083 0.145 0.175 0.152 0.039 0.024 0.199 0.221 0.499
-0.028 0.066 0.185 0.251 0.258 0.25 0.076 -0.002 0.021 0.064 0.077 0.24 0.32 0.328 0.304 0.232 0.092 -0.131 -0.342 -0.418 -0.422 -0.352 -0.253 -0.177 -0.156 -0.183 -0.261 -0.339 -0.398 -0.437 -0.466 -0.488 -0.508 -0.531 -0.549 -0.589 -0.618 -0.632 -0.683 -0.704 -0.694 -0.551 -0.446 -0.334 -0.222 -0.054 0.011 -0.041 -0.2 -0.404 -0.586 -0.734 -0.83 -0.868 -0.857 -0.757 -0.6 -0.425 -0.334 -0.188 -0.087 0.073 0.067 -0.063 -0.045 0.086 0.136 0.185 0.234 0.18 0.055 0.169 0.357 0.417 0.597
-0.028 0.023 0.138 0.269 0.324 0.374 0.189 0.029 -0.002 0.073 0.094 0.22 0.345 0.356 0.304 0.231 0.124 -0.031 -0.29 -0.404 -0.371 -0.232 -0.082 -0.007 0.012 -0.012 -0.117 -0.184 -0.285 -0.337 -0.424 -0.425 -0.465 -0.506 -0.516 -0.513 -0.528 -0.576 -0.653 -0.728 -0.748 -0.698 -0.543 -0.398 -0.304 -0.187 -0.057 -0.089 -0.22 -0.422 -0.598 -0.728 -0.828 -0.866 -0.856 -0.755 -0.577 -0.377 -0.316 -0.134 -0.05 0.067 0.086 -0.053 0.008 0.116 0.22 0.248 0.261 0.208 0.144 0.373 0.544 0.623 0.776
-0.104 -0.077 0.04 0.204 0.325 0.331 0.232 0.043 -0.034 0.025 0.155 0.259 0.346 0.368 0.299 0.168 0.069 -0.058 -0.275 -0.397 -0.368 -0.195 0.021 0.162 0.155 0.2 0.059 0.045 -0.091 -0.184 -0.343 -0.263 -0.304 -0.375 -0.408 -0.357 -0.413 -0.496 -0.603 -0.712 -0.757 -0.756 -0.686 -0.555 -0.398 -0.316 -0.211 -0.211 -0.311 -0.473 -0.634 -0.753 -0.834 -0.864 -0.842 -0.718 -0.547 -0.341 -0.268 -0.109 0.051 0.142 0.145 -0.003 0.074 0.193 0.263 0.29 0.421 0.442 0.272 0.515 0.726 0.757 0.824
-0.184 -0.109 0.019 0.12 0.259 0.284 0.224 0.076 -0.05 0.013 0.217 0.316 0.361 0.313 0.215 0.114 0.041 -0.028 -0.284 -0.394 -0.377 -0.191 0.01 0.233 0.225 0.435 0.274 0.261 0.124 -0.116 -0.189 -0.104 -0.118 -0.197 -0.231 -0.259 -0.329 -0.422 -0.549 -0.652 -0.722 -0.754 -0.753 -0.698 -0.554 -0.443 -0.324 -0.332 -0.416 -0.557 -0.694 -0.789 -0.846 -0.864 -0.806 -0.658 -0.473 -0.286 -0.214 -0.106 0.112 0.22 0.172 0.097 0.148 0.223 0.338 0.396 0.576 0.493 0.414 0.589 0.8 0.771 0.773
-0.198 -0.168 -0.068 0.036 0.157 0.24 0.23 0.082 -0.04 0.045 0.196 0.372 0.393 0.281 0.251 0.215 0.168 0.069 -0.295 -0.379 -0.298 -0.131 0.031 0.252 0.323 0.597 0.446 0.406 0.271 -0.008 0.029 0.042 0.037 -0.025 -0.08 -0.16 -0.269 -0.408 -0.508 -0.563 -0.635 -0.692 -0.741 -0.76 -0.722 -0.587 -0.435 -0.413 -0.507 -0.651 -0.757 -0.823 -0.862 -0.858 -0.717 -0.572 -0.475 -0.272 -0.127 -0.063 0.127 0.221 0.197 0.283 0.28 0.32 0.488 0.583 0.661 0.614 0.676 0.649 0.837 0.856 0.849
-0.198 -0.186 -0.18 -0.094 0.045 0.189 0.207 0.062 0.014 0.158 0.285 0.405 0.329 0.371 0.416 0.396 0.368 0.064 -0.316 -0.352 -0.215 -0.046 0.148 0.294 0.395 0.66 0.558 0.429 0.311 0.098 0.193 0.223 0.175 0.114 0.031 -0.103 -0.277 -0.409 -0.409 -0.44 -0.522 -0.602 -0.675 -0.747 -0.778 -0.731 -0.625 -0.557 -0.638 -0.754 -0.814 -0.855 -0.881 -0.862 -0.677 -0.514 -0.431 -0.311 -0.093 0.03 0.238 0.298 0.3 0.408 0.392 0.474 0.6 0.686 0.783 0.797 0.898 0.79 0.888 0.951 0.982
-0.179 -0.123 -0.139 -0.138 0.085 0.28 0.264 0.089 0.143 0.277 0.396 0.378 0.373 0.499 0.512 0.461 0.359 -0.051 -0.331 -0.334 -0.226 -0.049 0.154 0.322 0.471 0.59 0.577 0.597 0.498 0.224 0.316 0.372 0.296 0.191 0.061 -0.111 -0.295 -0.321 -0.289 -0.341 -0.419 -0.505 -0.597 -0.68 -0.755 -0.785 -0.77 -0.732 -0.775 -0.825 -0.85 -0.864 -0.88 -0.877 -0.731 -0.568 -0.391 -0.243 -0.08 0.08 0.172 0.324 0.394 0.41 0.341 0.361 0.472 0.626 0.778 0.829 0.84 0.811 0.907 1.021 1.024
-0.099 -0.033 -0.036 -0.096 0.072 0.282 0.248 0.15 0.245 0.377 0.48 0.413 0.49 0.539 0.474 0.332 0.093 -0.176 -0.339 -0.374 -0.261 -0.09 0.132 0.358 0.505 0.564 0.682 0.719 0.559 0.369 0.453 0.487 0.392 0.291 0.113 -0.102 -0.214 -0.184 -0.213 -0.286 -0.353 -0.427 -0.52 -0.598 -0.678 -0.749 -0.792 -0.803 -0.827 -0.854 -0.876 -0.863 -0.84 -0.884 -0.828 -0.65 -0.426 -0.276 -0.176 -0.034 0.089 0.182 0.268 0.287 0.21 0.217 0.291 0.405 0.577 0.682 0.733 0.8 0.9 0.965 1.019
-0.074 0.032 0.09 0.035 0.105 0.307 0.273 0.327 0.405 0.474 0.481 0.435 0.46 0.396 0.27 0.049 -0.114 -0.234 -0.336 -0.409 -0.378 -0.177 0.095 0.306 0.5 0.608 0.685 0.695 0.608 0.585 0.597 0.59 0.525 0.451 0.263 0.003 -0.085 -0.055 -0.166 -0.268 -0.312 -0.355 -0.444 -0.544 -0.626 -0.679 -0.752 -0.794 -0.824 -0.855 -0.885 -0.907 -0.89 -0.861 -0.874 -0.795 -0.64 -0.467 -0.231 -0.128 -0.012 0.078 0.117 0.079 0.082 0.113 0.16 0.264 0.382 0.514 0.624 0.712 0.748 0.779 0.926
-0.005 0.122 0.196 0.08 0.227 0.386 0.376 0.429 0.42 0.348 0.339 0.361 0.331 0.144 0.033 -0.017 -0.05 -0.161 -0.274 -0.406 -0.457 -0.341 -0.066 0.177 0.453 0.607 0.636 0.743 0.734 0.681 0.649 0.682 0.653 0.577 0.385 0.118 0.055 0.037 -0.129 -0.192 -0.237 -0.303 -0.405 -0.546 -0.535 -0.555 -0.673 -0.742 -0.792 -0.833 -0.874 -0.91 -0.937 -0.94 -0.911 -0.876 -0.749 -0.58 -0.347 -0.182 -0.03 0.091 0.12 -0.002 -0.052 -0.008 0.061 0.197 0.323 0.382 0.466 0.548 0.515 0.572 0.776
-0.02 0.164 0.196 0.133 0.378 0.384 0.377 0.363 0.224 0.149 0.128 0.128 0.111 0.061 0.068 0.132 0.127 0.125 -0.079 -0.354 -0.471 -0.43 -0.173 0.093 0.339 0.549 0.593 0.685 0.697 0.59 0.598 0.693 0.7 0.621 0.429 0.27 0.197 0.106 -0.033 -0.1 -0.185 -0.288 -0.453 -0.543 -0.433 -0.43 -0.555 -0.635 -0.706 -0.77 -0.838 -0.895 -0.938 -0.964 -0.961 -0.937 -0.84 -0.705 -0.475 -0.264 -0.051 0.057 0.072 -0.066 -0.167 -0.068 0.028 0.156 0.206 0.185 0.261 0.327 0.275 0.339 0.563
-0.017 0.152 0.236 0.275 0.428 0.364 0.322 0.312 0.191 0.196 0.218 0.173 0.172 0.307 0.409 0.444 0.414 0.338 0.004 -0.332 -0.481 -0.472 -0.238 -0.011 0.177 0.403 0.43 0.422 0.478 0.418 0.527 0.61 0.618 0.614 0.519 0.43 0.309 0.194 0.057 -0.067 -0.216 -0.379 -0.527 -0.45 -0.348 -0.333 -0.428 -0.51 -0.56 -0.639 -0.731 -0.845 -0.922 -0.966 -0.985 -0.979 -0.916 -0.799 -0.602 -0.388 -0.157 -0.074 -0.076 -0.187 -0.27 -0.18 -0.074 0.042 0.024 -0.054 0.059 0.075 0.024 0.164 0.365
0.08 0.183 0.28 0.328 0.403 0.399 0.515 0.583 0.368 0.444 0.567 0.509 0.515 0.643 0.762 0.736 0.609 0.277 -0.079 -0.365 -0.509 -0.499 -0.342 -0.224 -0.053 0.166 0.17 0.108 0.217 0.288 0.441 0.415 0.482 0.607 0.575 0.493 0.339 0.178 0.032 -0.124 -0.278 -0.495 -0.512 -0.372 -0.26 -0.25 -0.326 -0.398 -0.406 -0.499 -0.601 -0.757 -0.879 -0.944 -0.984 -0.994 -0.962 -0.882 -0.725 -0.546 -0.356 -0.268 -0.264 -0.339 -0.377 -0.286 -0.198 -0.136 -0.156 -0.246 -0.131 -0.168 -0.11 0.103 0.291
0.122 0.173 0.236 0.326 0.354 0.507 0.695 0.788 0.654 0.555 0.632 0.638 0.722 0.793 0.866 0.764 0.534 0.216 -0.154 -0.432 -0.542 -0.542 -0.473 -0.434 -0.339 -0.177 -0.152 -0.103 0.078 0.21 0.303 0.222 0.382 0.575 0.499 0.43 0.35 0.086 -0.124 -0.291 -0.446 -0.526 -0.464 -0.355 -0.199 -0.16 -0.238 -0.252 -0.273 -0.382 -0.52 -0.718 -0.823 -0.882 -0.957 -0.989 -0.98 -0.934 -0.833 -0.682 -0.528 -0.463 -0.445 -0.482 -0.469 -0.417 -0.367 -0.317 -0.353 -0.393 -0.349 -0.341 -0.249 -0.085 0.065
-0.072 -0.046 0.013 0.14 0.282 0.53 0.769 0.898 0.872 0.75 0.639 0.684 0.771 0.838 0.813 0.571 0.365 0.062 -0.29 -0.498 -0.526 -0.517 -0.386 -0.37 -0.447 -0.447 -0.417 -0.28 -0.089 0.055 0.139 0.074 0.275 0.491 0.371 0.357 0.242 -0.025 -0.282 -0.414 -0.497 -0.483 -0.378 -0.327 -0.15 -0.077 -0.104 -0.114 -0.171 -0.303 -0.489 -0.712 -0.749 -0.775 -0.883 -0.958 -0.975 -0.953 -0.9 -0.793 -0.672 -0.613 -0.597 -0.593 -0.567 -0.531 -0.509 -0.487 -0.507 -0.504 -0.439 -0.336 -0.243 -0.166 -0.014
-0.22 -0.164 -0.078 0.052 0.24 0.497 0.747 0.892 0.947 0.915 0.858 0.836 0.865 0.812 0.682 0.431 0.197 -0.145 -0.423 -0.499 -0.45 -0.461 -0.311 -0.227 -0.335 -0.452 -0.549 -0.444 -0.262 -0.148 -0.009 -0.031 0.184 0.409 0.348 0.199 0.059 -0.159 -0.259 -0.288 -0.366 -0.47 -0.321 -0.28 -0.116 -0.012 -0.019 -0.064 -0.161 -0.322 -0.509 -0.702 -0.673 -0.68 -0.763 -0.884 -0.954 -0.956 -0.928 -0.874 -0.784 -0.698 -0.664 -0.617 -0.56 -0.538 -0.562 -0.571 -0.54 -0.467 -0.375 -0.274 -0.173 -0.097 -0.035
-0.192 -0.155 -0.084 0.023 0.186 0.422 0.685 0.881 0.974 0.983 1.092 0.976 0.831 0.676 0.496 0.262 -0.031 -0.345 -0.483 -0.447 -0.368 -0.409 -0.26 -0.129 -0.197 -0.312 -0.522 -0.583 -0.429 -0.31 -0.194 -0.133 0.145 0.376 0.31 0.112 0.011 -0.102 -0.163 -0.198 -0.267 -0.408 -0.294 -0.195 -0.061 -0.002 -0.035 -0.14 -0.252 -0.402 -0.565 -0.69 -0.614 -0.623 -0.706 -0.845 -0.941 -0.953 -0.939 -0.902 -0.751 -0.7 -0.619 -0.497 -0.402 -0.349 -0.424 -0.547 -0.577 -0.48 -0.404 -0.33 -0.199 -0.09 -0.068
-0.254 -0.175 -0.096 -0.027 0.11 0.314 0.591 0.891 1.002 1.079 1.198 1.061 0.873 0.677 0.436 0.182 -0.204 -0.473 -0.465 -0.332 -0.3 -0.31 -0.202 -0.068 -0.08 -0.205 -0.415 -0.627 -0.574 -0.468 -0.338 -0.119 0.205 0.398 0.308 0.211 0.186 0.023 -0.091 -0.116 -0.219 -0.332 -0.264 -0.138 -0.033 0.008 -0.036 -0.125 -0.235 -0.342 -0.557 -0.67 -0.563 -0.566 -0.691 -0.845 -0.937 -0.954 -0.946 -0.902 -0.747 -0.682 -0.537 -0.341 -0.24 -0.179 -0.226 -0.418 -0.592 -0.569 -0.496 -0.418 -0.287 -0.173 -0.185
