data/climatemaps/RS_maps/climate_winter_tmin_2009.asc
NCOLS 369 
NROWS 228 
XLLCORNER 479000 
YLLCORNER 73000 
CELLSIZE 1000 
NODATA_value -9 
[rows 102 to 135 of 228, columns 228 to 303 of 369]
-0.451 -0.911 -0.982 -1.033 -1.133 -1.227 -1.278 -1.436 -1.216 -0.846 -0.33 0.106 0.235 -0.118 -0.746 -0.766 -0.91 -1.22 -1.415 -1.313 -1.306 -1.212 -1 -0.688 -0.27 -0.226 -0.607 -0.702 -0.879 -1.208 -1.795 -1.846 -1.506 -1.215 -1.096 -1.041 -0.978 -0.906 -0.812 -0.856 -1.216 -1.267 -0.947 -1.177 -1.036 -0.653 -0.292 -0.469 -1.076 -0.98 -0.625 -0.4 -0.147 0.145 0.157 -0.017 -0.53 -0.916 -0.739 -0.738 -1.083 -1.114 -0.839 -0.546 -0.533 -0.65 -0.485 -0.363 -0.297 -0.306 -0.301 -0.355 -0.418 -0.571 -0.814 -1.06
-0.48 -0.904 -0.987 -0.981 -0.962 -1.086 -1.362 -1.287 -1.007 -0.734 -0.207 0.245 0.003 -0.263 -0.747 -1.151 -1.233 -1.373 -1.602 -1.503 -1.147 -0.95 -0.74 -0.486 -0.267 -0.291 -0.518 -0.863 -1.089 -1.55 -2.075 -1.924 -1.493 -1.274 -1.309 -1.421 -1.331 -1.322 -1.149 -0.986 -0.834 -0.761 -0.575 -0.519 -0.462 -0.275 -0.426 -1.015 -1.292 -1.241 -0.92 -0.563 -0.248 0.139 0.137 -0.127 -0.55 -0.926 -1.029 -0.793 -1.016 -1.243 -0.994 -0.758 -0.621 -0.876 -0.87 -0.716 -0.512 -0.563 -0.583 -0.537 -0.457 -0.402 -0.512 -0.731
-0.38 -0.608 -0.931 -1.026 -1.287 -1.255 -0.98 -0.683 -0.548 -0.349 0.026 0.117 -0.416 -0.6 -0.525 -0.961 -1.354 -1.468 -1.471 -1.371 -1.107 -0.705 -0.445 -0.338 -0.496 -0.758 -0.719 -1.11 -1.461 -1.814 -1.987 -1.961 -1.785 -1.665 -1.753 -1.941 -1.966 -2.014 -1.826 -1.585 -1.515 -1.632 -1.451 -1.014 -0.421 -0.425 -1.14 -1.753 -1.573 -1.263 -0.941 -0.553 -0.146 0.149 0.1 -0.176 -0.513 -0.915 -1.223 -0.918 -0.993 -1.314 -1.178 -0.964 -0.727 -1.057 -1.212 -1.025 -0.709 -0.868 -0.998 -0.872 -0.733 -0.628 -0.558 -0.461
-0.62 -1.136 -1.246 -1.295 -1.134 -0.709 -0.513 -0.553 -0.606 -0.477 -0.007 0.002 -0.471 -0.955 -0.686 -0.762 -1.286 -1.45 -1.267 -1.042 -0.858 -0.571 -0.402 -0.636 -1.091 -1.233 -1.045 -1.408 -1.688 -1.771 -1.822 -1.814 -1.797 -1.585 -1.635 -1.903 -1.997 -2.092 -2.158 -2.13 -2.012 -1.5 -1.157 -0.8 -0.347 -0.732 -1.384 -1.778 -1.469 -1.231 -0.854 -0.362 0.046 0.111 0.021 -0.208 -0.598 -0.865 -1.236 -1.062 -1.183 -1.455 -1.339 -1.002 -0.915 -1.108 -1.456 -1.235 -0.959 -1.12 -1.25 -1.163 -1.038 -0.922 -0.802 -0.583
-0.847 -1.238 -1.279 -0.965 -0.621 -0.546 -0.705 -0.908 -1.004 -0.725 -0.066 -0.102 -0.651 -1.13 -1.018 -0.78 -1.378 -1.522 -1.173 -0.82 -0.687 -0.574 -0.833 -1.165 -1.619 -1.558 -1.397 -1.808 -1.712 -1.545 -1.636 -1.709 -1.532 -1.373 -1.327 -1.589 -1.782 -1.959 -1.98 -1.749 -1.721 -1.425 -1.057 -0.604 -0.451 -0.986 -1.699 -1.615 -1.388 -1.111 -0.737 -0.218 0.106 0.044 -0.077 -0.28 -0.703 -1.023 -1.29 -1.256 -1.53 -1.525 -1.3 -1.082 -1.236 -1.292 -1.583 -1.344 -1.24 -1.304 -1.481 -1.347 -1.2 -1.119 -1.113 -1.041
-1.276 -1.402 -1.039 -0.635 -0.657 -0.874 -1.038 -1.009 -0.945 -0.613 -0.061 -0.364 -0.901 -1.475 -1.324 -1.034 -1.675 -1.629 -1.268 -1.087 -1.003 -0.782 -1.321 -1.871 -1.934 -1.811 -1.793 -1.942 -1.745 -1.424 -1.539 -1.719 -1.77 -1.715 -1.327 -1.274 -1.591 -1.878 -1.943 -1.779 -1.454 -1.088 -0.781 -0.482 -0.73 -1.216 -1.672 -1.464 -1.169 -0.867 -0.46 -0.032 0.121 0.008 -0.165 -0.416 -0.898 -1.345 -1.494 -1.55 -1.689 -1.506 -1.375 -1.439 -1.548 -1.478 -1.597 -1.356 -1.497 -1.507 -1.641 -1.518 -1.37 -1.348 -1.417 -1.404
-1.33 -1.265 -0.85 -0.813 -1.004 -1.263 -1.228 -1.092 -0.919 -0.584 -0.174 -0.706 -1.29 -1.768 -1.594 -1.57 -1.922 -1.891 -1.696 -1.65 -1.377 -1.076 -1.699 -2.04 -1.952 -1.792 -1.722 -1.679 -1.688 -1.51 -1.29 -1.315 -1.581 -1.652 -1.586 -1.082 -1.268 -1.612 -1.736 -1.736 -1.362 -1.031 -0.667 -0.553 -1.033 -1.432 -1.427 -1.2 -0.799 -0.458 -0.105 0.103 0.11 -0.008 -0.273 -0.686 -1.142 -1.395 -1.361 -1.551 -1.615 -1.595 -1.559 -1.602 -1.59 -1.609 -1.548 -1.472 -1.602 -1.68 -1.665 -1.599 -1.571 -1.587 -1.725 -1.684
-1.154 -1.134 -0.971 -1.165 -1.31 -1.681 -1.534 -1.342 -1.131 -0.641 -0.373 -0.894 -1.504 -1.735 -1.739 -2.029 -1.846 -1.893 -1.708 -1.703 -1.58 -1.515 -1.926 -1.804 -1.757 -1.652 -1.557 -1.476 -1.428 -1.373 -1.134 -0.981 -1.127 -1.396 -1.462 -1.068 -0.932 -1.22 -1.504 -1.516 -1.246 -1.012 -0.647 -0.628 -1.091 -1.214 -0.969 -0.718 -0.364 -0.038 0.097 0.119 0.087 -0.129 -0.544 -0.981 -1.054 -1.039 -1.044 -1.257 -1.234 -1.346 -1.324 -1.42 -1.423 -1.469 -1.636 -1.686 -1.612 -1.556 -1.498 -1.568 -1.689 -1.79 -1.823 -1.666
-1.395 -1.321 -1.249 -1.494 -1.717 -1.834 -1.702 -1.435 -1.027 -0.631 -1.079 -1.017 -1.351 -1.569 -1.681 -2.055 -1.728 -1.703 -1.695 -1.525 -1.658 -1.707 -1.737 -1.539 -1.539 -1.55 -1.39 -1.319 -1.217 -1.143 -1.032 -0.774 -0.785 -0.916 -1.162 -1.021 -0.702 -0.809 -1.207 -1.306 -1.158 -0.819 -0.426 -0.412 -0.708 -0.632 -0.353 -0.147 0.016 0.123 0.111 0.068 0.026 -0.213 -0.695 -0.79 -0.706 -0.739 -0.815 -0.962 -0.979 -1.082 -1.056 -1.166 -1.22 -1.321 -1.528 -1.609 -1.385 -1.402 -1.619 -1.798 -1.916 -1.948 -1.841 -1.608
-1.732 -1.674 -1.733 -1.881 -1.902 -1.646 -1.544 -1.237 -0.647 -0.895 -1.761 -1.427 -1.11 -1.253 -1.799 -2.047 -1.78 -1.564 -1.558 -1.364 -1.57 -1.443 -1.512 -1.287 -1.341 -1.596 -1.489 -1.341 -1.18 -0.977 -0.894 -0.703 -0.583 -0.498 -0.586 -0.551 -0.4 -0.431 -0.765 -0.9 -0.875 -0.611 -0.235 -0.103 -0.167 -0.063 0.05 0.106 0.117 0.036 -0.085 -0.355 -0.305 -0.094 -0.361 -0.343 -0.318 -0.398 -0.494 -0.608 -0.674 -0.758 -0.808 -0.855 -0.939 -1.14 -1.306 -1.457 -1.274 -1.558 -1.831 -1.884 -2.061 -2.032 -1.901 -1.647
-2.004 -2.02 -2.107 -2.043 -1.754 -1.336 -1.228 -0.939 -0.55 -1.204 -2.008 -1.841 -1.298 -1.201 -1.89 -1.827 -1.844 -1.608 -1.256 -0.904 -1.214 -1.148 -1.381 -1.163 -1.169 -1.451 -1.518 -1.416 -1.34 -1.071 -0.807 -0.59 -0.478 -0.356 -0.323 -0.277 -0.178 -0.148 -0.278 -0.391 -0.371 -0.268 -0.084 0.048 0.08 0.117 0.125 0.094 0 -0.227 -0.528 -0.775 -0.503 -0.172 -0.169 -0.277 -0.336 -0.326 -0.278 -0.348 -0.463 -0.528 -0.588 -0.657 -0.736 -0.878 -1.011 -1.176 -1.19 -1.533 -1.673 -1.679 -1.853 -2.003 -1.838 -1.585
-2.001 -2.007 -2.08 -2.031 -1.556 -1.315 -1.444 -1.299 -0.924 -1.238 -2.05 -1.883 -1.315 -1.382 -1.824 -1.728 -1.6 -1.572 -1.474 -1.008 -0.837 -1.024 -1.392 -1.297 -1.04 -1.284 -1.4 -1.185 -1.158 -0.981 -0.677 -0.481 -0.403 -0.353 -0.298 -0.251 -0.155 -0.07 -0.09 -0.06 -0.021 0.021 0.08 0.088 0.061 0.092 -0.103 -0.265 -0.389 -0.643 -0.977 -0.915 -0.588 -0.343 -0.622 -0.692 -0.73 -0.768 -0.598 -0.579 -0.619 -0.754 -0.833 -0.912 -0.945 -0.805 -0.878 -1.064 -1.211 -1.34 -1.449 -1.631 -1.778 -1.876 -1.663 -1.374
-1.897 -1.863 -1.998 -1.96 -1.641 -1.775 -1.953 -1.514 -1.168 -1.506 -1.955 -1.716 -1.379 -1.629 -1.666 -1.701 -1.477 -1.271 -1.206 -1.03 -0.618 -0.927 -1.396 -1.325 -1.033 -1.099 -1.174 -0.923 -0.863 -0.844 -0.652 -0.392 -0.35 -0.389 -0.295 -0.199 -0.133 -0.066 -0.004 -0.017 0.031 0.066 0.086 0.1 -0.004 -0.209 -0.541 -0.715 -0.774 -0.972 -1.213 -0.894 -0.521 -0.49 -0.845 -1.116 -1.071 -1.057 -0.863 -0.87 -1.052 -1.181 -1.255 -1.318 -1.289 -0.972 -0.984 -1.25 -1.38 -1.51 -1.508 -1.823 -1.782 -1.642 -1.427 -1.157
-1.772 -1.819 -1.989 -1.819 -2.012 -2.482 -2.398 -1.637 -1.564 -2.123 -2.081 -1.841 -1.631 -1.576 -1.353 -1.34 -1.465 -1.264 -0.941 -0.844 -0.542 -0.746 -1.16 -1.125 -0.976 -0.922 -1.069 -0.754 -0.579 -0.616 -0.52 -0.277 -0.259 -0.293 -0.145 -0.047 -0.039 0.03 -0.095 -0.136 -0.044 -0.033 0.065 0.036 -0.315 -0.664 -0.975 -1.134 -1.163 -1.367 -1.311 -0.907 -0.545 -0.627 -0.989 -1.325 -1.403 -1.316 -1.151 -1.08 -1.473 -1.542 -1.517 -1.45 -1.312 -1.014 -1.129 -1.362 -1.585 -1.806 -1.8 -1.882 -1.659 -1.416 -1.171 -1.078
-1.774 -1.862 -1.899 -1.5 -1.78 -2.407 -2.277 -1.99 -2.189 -2.292 -2.02 -1.708 -1.4 -1.268 -1.133 -0.985 -1.346 -1.327 -0.975 -0.792 -0.585 -0.505 -0.844 -0.789 -0.824 -0.766 -0.959 -0.705 -0.391 -0.359 -0.328 -0.163 -0.08 -0.044 0.005 -0.066 -0.174 -0.111 -0.075 -0.308 -0.374 -0.215 0.048 -0.066 -0.598 -0.825 -1.091 -1.253 -1.305 -1.41 -1.397 -1.066 -0.678 -0.656 -0.99 -1.282 -1.609 -1.511 -1.448 -1.21 -1.686 -1.715 -1.557 -1.369 -1.235 -1.051 -1.281 -1.493 -1.689 -1.923 -1.934 -1.882 -1.687 -1.319 -1.064 -1.298
-2.03 -1.61 -1.62 -1.374 -1.741 -2.181 -2.287 -2.064 -1.931 -2.044 -1.828 -1.634 -1.552 -1.552 -1.323 -0.966 -1.039 -1.155 -0.928 -0.708 -0.595 -0.349 -0.48 -0.446 -0.535 -0.504 -0.647 -0.516 -0.259 -0.072 -0.052 -0.017 0.008 -0.031 -0.072 -0.267 -0.5 -0.378 -0.078 -0.394 -0.771 -0.47 -0.073 0.035 -0.38 -0.787 -0.878 -1.012 -1.21 -1.479 -1.481 -1.186 -0.796 -0.652 -0.92 -1.159 -1.517 -1.697 -1.54 -1.448 -1.726 -1.606 -1.425 -1.281 -1.137 -1.153 -1.484 -1.793 -1.982 -1.923 -1.789 -1.723 -1.511 -1.163 -1.116 -1.483
-1.889 -1.722 -1.299 -1.196 -1.638 -1.892 -1.972 -1.911 -1.629 -1.897 -2.037 -1.895 -1.674 -1.565 -1.337 -1.021 -0.771 -0.858 -0.776 -0.534 -0.406 -0.214 -0.165 -0.123 -0.189 -0.152 -0.238 -0.179 -0.048 0.064 0.04 -0.045 -0.186 -0.333 -0.323 -0.529 -0.816 -0.505 -0.279 -0.325 -0.929 -0.725 -0.308 -0.027 -0.196 -0.703 -0.596 -0.79 -1.18 -1.593 -1.53 -1.186 -0.958 -0.758 -0.785 -1.044 -1.424 -1.833 -1.663 -1.693 -1.652 -1.461 -1.316 -1.256 -1.107 -1.376 -1.656 -1.871 -1.902 -1.882 -1.714 -1.472 -1.226 -1.019 -1.218 -1.516
-1.501 -1.671 -1.332 -1.115 -1.568 -1.733 -1.904 -1.925 -1.622 -1.429 -1.692 -1.554 -1.374 -1.22 -0.97 -0.733 -0.603 -0.588 -0.576 -0.431 -0.199 -0.065 -0.091 -0.147 -0.138 -0.04 -0.011 0.022 0.043 0.006 -0.162 -0.496 -0.698 -0.708 -0.62 -0.622 -0.907 -0.734 -0.609 -0.299 -0.808 -0.911 -0.655 -0.327 0.01 -0.281 -0.4 -0.768 -1.029 -1.435 -1.605 -1.436 -1.247 -1.012 -0.812 -0.974 -1.355 -1.822 -1.874 -1.876 -1.66 -1.413 -1.52 -1.476 -1.21 -1.6 -1.854 -2.005 -1.961 -1.653 -1.545 -1.33 -1.061 -1.154 -1.253 -1.292
-1.384 -1.301 -1.197 -1.068 -1.576 -1.809 -1.734 -1.616 -1.571 -1.182 -1.104 -1.102 -1.013 -0.859 -0.707 -0.488 -0.408 -0.359 -0.335 -0.181 -0.093 -0.251 -0.354 -0.42 -0.439 -0.412 -0.31 -0.1 -0.026 -0.256 -0.592 -0.892 -1.06 -0.977 -0.868 -0.762 -1.246 -1.165 -0.741 -0.367 -0.728 -1.087 -0.741 -0.276 0.052 -0.04 -0.266 -0.656 -0.902 -1.121 -1.492 -1.689 -1.387 -1.116 -0.905 -0.994 -1.35 -1.782 -1.951 -1.826 -1.692 -1.556 -1.7 -1.4 -1.564 -1.659 -1.874 -1.923 -1.784 -1.676 -1.438 -1.114 -1.074 -1.369 -1.554 -1.272
-1.474 -1.258 -1.091 -0.911 -1.337 -1.696 -1.471 -1.329 -1.225 -1.052 -0.658 -0.629 -0.577 -0.514 -0.409 -0.235 -0.155 -0.141 -0.187 -0.22 -0.395 -0.517 -0.608 -0.714 -0.784 -0.703 -0.51 -0.308 -0.049 -0.359 -0.801 -1.033 -1.233 -1.401 -1.325 -1.146 -1.37 -1.205 -0.893 -0.494 -0.824 -1.116 -0.73 -0.348 -0.001 -0.007 -0.147 -0.447 -0.779 -1.02 -1.406 -1.653 -1.373 -1.067 -0.905 -1.067 -1.421 -1.862 -2.102 -1.911 -1.921 -1.923 -1.632 -1.589 -1.86 -1.807 -1.914 -1.837 -1.629 -1.437 -1.261 -1.019 -1.181 -1.517 -1.748 -1.502
-1.542 -1.595 -1.454 -0.954 -1.014 -1.489 -1.228 -1.06 -0.773 -0.649 -0.36 -0.221 -0.192 -0.176 -0.165 -0.255 -0.323 -0.388 -0.447 -0.478 -0.639 -0.74 -0.823 -0.932 -1.065 -0.924 -0.729 -0.497 -0.135 -0.316 -0.547 -0.654 -0.919 -1.401 -1.756 -1.544 -1.362 -0.959 -0.713 -0.595 -1.045 -1.122 -0.754 -0.395 -0.057 0.037 -0.073 -0.274 -0.768 -1.231 -1.556 -1.584 -1.268 -0.977 -0.876 -1.105 -1.481 -1.929 -2.055 -2.131 -2.02 -1.836 -1.588 -1.826 -2.037 -1.917 -1.789 -1.766 -1.658 -1.669 -1.35 -1.034 -1.288 -1.595 -1.912 -1.78
-1.684 -1.655 -1.494 -1.085 -0.778 -1.15 -0.945 -0.721 -0.445 -0.271 -0.14 -0.146 -0.162 -0.251 -0.414 -0.629 -0.709 -0.656 -0.732 -0.753 -0.862 -1.01 -1.084 -1.223 -1.07 -0.888 -0.683 -0.457 -0.132 -0.286 -0.453 -0.591 -0.868 -1.362 -1.848 -1.675 -1.325 -0.776 -0.599 -0.894 -1.261 -1.098 -0.774 -0.426 -0.088 0.047 -0.022 -0.18 -0.746 -1.199 -1.358 -1.531 -1.197 -0.952 -0.863 -1.015 -1.445 -1.732 -1.935 -2.025 -1.856 -1.734 -1.889 -2.041 -1.935 -1.766 -1.446 -1.55 -1.519 -1.496 -1.166 -1.078 -1.494 -1.703 -2.001 -2.009
-1.511 -1.421 -1.218 -0.964 -0.574 -0.671 -0.529 -0.386 -0.191 -0.151 -0.366 -0.544 -0.427 -0.686 -0.838 -1.037 -1.083 -0.865 -0.992 -0.97 -0.96 -1.256 -1.221 -1.048 -0.865 -0.682 -0.508 -0.265 -0.211 -0.511 -0.801 -0.884 -1.162 -1.645 -1.873 -1.47 -1.185 -0.701 -0.741 -1.22 -1.236 -1.022 -0.785 -0.481 -0.157 0.034 0.006 -0.135 -0.576 -0.859 -1.207 -1.545 -1.196 -0.992 -0.859 -0.954 -1.425 -1.627 -1.952 -1.899 -1.88 -1.913 -1.878 -1.764 -1.693 -1.576 -1.243 -1.226 -1.268 -1.268 -0.972 -1.17 -1.542 -1.847 -2.079 -2.162
-1.322 -1.062 -0.941 -0.661 -0.324 -0.282 -0.231 -0.179 -0.17 -0.437 -0.855 -0.991 -0.756 -0.948 -1.256 -1.338 -1.255 -1.012 -1.2 -1.194 -1.13 -1.257 -1.096 -0.878 -0.696 -0.505 -0.326 -0.191 -0.373 -0.58 -0.926 -1.141 -1.322 -1.72 -1.735 -1.258 -0.935 -0.617 -0.871 -1.28 -1.183 -0.966 -0.743 -0.462 -0.198 -0.006 0.017 -0.098 -0.42 -0.829 -0.999 -1.392 -1.23 -0.989 -0.816 -0.917 -1.454 -1.924 -1.949 -1.845 -1.591 -1.644 -1.471 -1.379 -1.389 -1.282 -1.097 -0.927 -1.032 -1.065 -1.128 -1.251 -1.523 -1.833 -2.058 -2.22
-0.961 -0.654 -0.467 -0.326 -0.362 -0.457 -0.481 -0.544 -0.43 -0.721 -1.093 -1.186 -1.166 -1.091 -1.55 -1.544 -1.342 -1.14 -1.276 -1.376 -1.367 -1.253 -0.973 -0.77 -0.55 -0.384 -0.212 -0.278 -0.501 -0.624 -0.843 -1.066 -1.272 -1.557 -1.634 -1.217 -0.858 -0.6 -1.109 -1.278 -1.165 -0.962 -0.741 -0.497 -0.256 -0.086 0.01 -0.038 -0.174 -0.486 -0.83 -1.137 -1.049 -0.865 -0.744 -0.881 -1.308 -1.863 -1.812 -1.722 -1.393 -1.346 -1.245 -1.057 -1.158 -1.039 -0.879 -0.799 -0.954 -1.061 -1.488 -1.439 -1.517 -1.808 -2.004 -2.127
-0.52 -0.357 -0.347 -0.593 -0.76 -0.817 -0.836 -1.032 -0.587 -0.755 -1.065 -1.386 -1.487 -1.358 -1.78 -1.617 -1.388 -1.299 -1.445 -1.367 -1.356 -1.148 -0.929 -0.657 -0.445 -0.283 -0.234 -0.522 -0.863 -0.72 -0.842 -1.081 -1.313 -1.616 -1.567 -1.217 -0.84 -0.715 -1.262 -1.258 -1.093 -0.915 -0.711 -0.51 -0.288 -0.105 -0.071 -0.301 -0.235 -0.198 -0.386 -0.718 -0.64 -0.562 -0.765 -0.831 -1.134 -1.637 -1.675 -1.41 -1.179 -1.064 -1.113 -0.874 -0.908 -0.755 -0.721 -0.942 -1.195 -1.433 -1.718 -1.733 -1.521 -1.831 -2.156 -2.075
-0.39 -0.386 -0.689 -1.041 -1.22 -1.254 -1.298 -1.162 -0.721 -0.641 -0.941 -1.377 -1.783 -1.682 -1.893 -1.751 -1.517 -1.414 -1.581 -1.44 -1.271 -1.033 -0.829 -0.541 -0.358 -0.307 -0.362 -0.761 -1.094 -1.071 -0.781 -1.008 -1.339 -1.686 -1.434 -1.099 -0.761 -0.946 -1.287 -1.152 -0.948 -0.787 -0.626 -0.412 -0.322 -0.237 -0.203 -0.57 -0.728 -0.678 -0.47 -0.329 -0.356 -0.421 -0.682 -0.71 -0.88 -1.242 -1.279 -1.039 -0.857 -0.827 -0.846 -0.636 -0.614 -0.666 -0.927 -1.38 -1.627 -1.802 -1.91 -1.903 -1.778 -2.008 -2.085 -2.224
-0.526 -0.596 -1.093 -1.263 -1.451 -1.516 -1.256 -1.011 -0.798 -0.562 -0.964 -1.46 -1.813 -1.9 -1.859 -1.727 -1.522 -1.509 -1.554 -1.426 -1.197 -0.88 -0.644 -0.457 -0.491 -0.466 -0.462 -0.955 -1.319 -1.403 -1.064 -0.998 -1.355 -1.617 -1.295 -0.921 -0.695 -1.012 -1.214 -1.092 -0.829 -0.628 -0.512 -0.557 -0.769 -0.527 -0.312 -0.608 -1.15 -1.171 -0.822 -0.627 -0.433 -0.356 -0.423 -0.528 -0.647 -0.851 -0.829 -0.684 -0.552 -0.545 -0.502 -0.466 -0.507 -0.65 -1.172 -1.623 -1.776 -1.82 -2.03 -2.025 -1.974 -1.918 -2.032 -2.239
-0.737 -0.615 -0.807 -1.056 -1.509 -1.688 -1.417 -1.18 -1.136 -0.87 -0.75 -1.117 -1.546 -1.901 -1.842 -1.703 -1.531 -1.389 -1.271 -1.124 -0.922 -0.636 -0.552 -0.61 -0.852 -0.631 -0.53 -0.99 -1.313 -1.479 -1.362 -1.216 -1.566 -1.467 -1.153 -0.787 -1.023 -1.033 -1.117 -1.295 -0.96 -0.83 -0.871 -1.026 -1.224 -0.895 -0.387 -0.624 -0.991 -1.218 -0.974 -0.978 -0.852 -0.652 -0.422 -0.343 -0.413 -0.476 -0.454 -0.434 -0.42 -0.457 -0.502 -0.681 -0.733 -0.583 -0.959 -1.316 -1.377 -1.512 -1.78 -1.723 -1.732 -1.992 -2.231 -2.016
-0.695 -0.611 -0.84 -1.104 -1.597 -1.889 -1.607 -1.377 -1.436 -1.319 -0.81 -0.811 -1.359 -1.777 -1.758 -1.626 -1.477 -1.376 -1.137 -0.901 -0.664 -0.643 -0.799 -0.967 -1.198 -0.797 -0.472 -0.776 -1.094 -1.433 -1.595 -1.61 -1.57 -1.277 -0.98 -0.991 -1.327 -1.391 -1.151 -1.594 -1.387 -1.315 -1.332 -1.429 -1.288 -0.979 -0.412 -0.704 -1.178 -1.474 -1.275 -1.323 -1.16 -0.887 -0.669 -0.434 -0.333 -0.446 -0.568 -0.598 -0.642 -0.796 -0.791 -1.132 -1.085 -0.932 -0.713 -0.795 -1.154 -1.511 -1.62 -1.629 -1.968 -1.953 -1.802 -1.679
-0.803 -0.721 -1.17 -1.146 -1.556 -1.91 -1.767 -1.67 -1.609 -1.429 -0.98 -0.725 -1.319 -1.806 -1.803 -1.608 -1.511 -1.504 -1.162 -0.832 -0.695 -0.866 -1.244 -1.274 -1.38 -0.943 -0.532 -0.798 -1.311 -1.708 -1.937 -1.734 -1.43 -1.121 -0.904 -1.129 -1.546 -1.63 -1.41 -1.972 -1.884 -1.686 -1.484 -1.313 -1.082 -0.841 -0.43 -0.594 -1.109 -1.554 -1.546 -1.503 -1.28 -1.069 -0.865 -0.62 -0.423 -0.633 -1.032 -1.006 -1.14 -1.199 -1.066 -1.438 -1.293 -1.433 -1.144 -0.763 -0.872 -1.325 -1.6 -1.463 -1.509 -1.381 -1.376 -1.42
-0.783 -0.831 -1.391 -1.253 -1.511 -1.879 -1.792 -1.607 -1.507 -1.381 -1.163 -1.013 -1.227 -1.789 -1.845 -1.519 -1.327 -1.289 -1.02 -0.77 -1.039 -1.177 -1.389 -1.675 -1.584 -1.244 -0.698 -1.041 -1.33 -1.536 -1.95 -1.804 -1.465 -1.079 -1.08 -1.433 -1.831 -1.791 -1.705 -1.978 -1.786 -1.525 -1.337 -1.153 -0.895 -0.569 -0.321 -0.611 -1.015 -1.395 -1.648 -1.575 -1.378 -1.228 -1 -0.775 -0.586 -0.721 -1.311 -1.406 -1.452 -1.528 -1.367 -1.618 -1.471 -1.581 -1.658 -1.148 -0.877 -0.995 -1.149 -1.134 -1.294 -1.507 -1.68 -1.72
-0.822 -0.895 -1.309 -1.405 -1.449 -1.778 -1.727 -1.55 -1.645 -1.712 -1.683 -1.658 -1.337 -1.674 -1.775 -1.555 -1.312 -1.034 -0.938 -0.876 -1.294 -1.625 -1.56 -1.861 -1.714 -1.25 -0.707 -1.088 -1.41 -1.401 -1.77 -1.747 -1.403 -1.082 -1.219 -1.835 -2.098 -1.922 -1.877 -1.832 -1.611 -1.437 -1.171 -0.94 -0.686 -0.393 -0.33 -0.815 -1.198 -1.457 -1.728 -1.697 -1.492 -1.379 -1.139 -0.914 -0.643 -0.649 -1.16 -1.596 -1.769 -1.812 -1.671 -1.842 -1.711 -1.595 -1.778 -1.411 -1.054 -0.863 -0.973 -1.288 -1.645 -1.886 -2.012 -2.045
-0.85 -1.085 -1.342 -1.571 -1.637 -1.94 -2.014 -1.72 -1.958 -2.072 -2.135 -1.972 -1.566 -1.56 -1.747 -1.468 -1.233 -1.301 -1.141 -1.021 -1.448 -1.819 -2.006 -1.918 -1.547 -1.104 -0.662 -0.949 -1.593 -1.767 -1.909 -1.71 -1.376 -1.079 -1.267 -1.99 -2.098 -1.869 -1.778 -1.65 -1.535 -1.373 -1.098 -0.803 -0.572 -0.34 -0.452 -1.087 -1.563 -1.63 -1.855 -1.813 -1.704 -1.663 -1.302 -0.941 -0.666 -0.555 -1.043 -1.517 -1.875 -2.126 -2.047 -1.997 -1.955 -1.747 -1.963 -1.738 -1.468 -1.102 -0.998 -1.348 -1.641 -1.851 -2.04 -2.132
