data/climatemaps/RS_maps/climate_winter_pr_2004.asc
NCOLS 369 
NROWS 228 
XLLCORNER 479000 
YLLCORNER 73000 
CELLSIZE 1000 
NODATA_value -9 
[rows 136 to 169 of 228, columns 225 to 299 of 369]
-0.349 -0.511 -0.642 -0.702 -0.632 -0.583 -0.495 -0.394 -0.262 -0.19 -0.229 -0.242 -0.291 -0.318 -0.354 -0.413 -0.404 -0.353 -0.393 -0.422 -0.46 -0.643 -0.732 -0.701 -0.649 -0.642 -0.705 -0.802 -0.968 -1.093 -1.054 -0.951 -0.837 -0.737 -0.693 -0.704 -0.807 -0.802 -0.736 -0.737 -0.724 -0.683 -0.676 -0.697 -0.73 -0.819 -0.951 -1.126 -1.26 -1.283 -1.184 -1.051 -0.926 -0.774 -0.651 -0.622 -0.662 -0.793 -0.969 -1.125 -1.241 -1.243 -1.18 -1.108 -0.958 -0.83 -0.727 -0.656 -0.652 -0.583 -0.656 -0.742 -0.901 -1.097 -1.103
-0.314 -0.504 -0.544 -0.637 -0.597 -0.505 -0.414 -0.331 -0.244 -0.257 -0.305 -0.308 -0.352 -0.374 -0.392 -0.399 -0.372 -0.34 -0.404 -0.455 -0.523 -0.658 -0.66 -0.605 -0.613 -0.669 -0.739 -0.864 -1.016 -1.083 -1.031 -0.962 -0.908 -0.799 -0.729 -0.73 -0.816 -0.843 -0.782 -0.755 -0.731 -0.695 -0.678 -0.701 -0.729 -0.803 -0.944 -1.152 -1.274 -1.272 -1.189 -1.087 -0.934 -0.747 -0.674 -0.668 -0.715 -0.807 -0.945 -1.097 -1.236 -1.285 -1.257 -1.167 -1.057 -0.963 -0.835 -0.734 -0.685 -0.601 -0.637 -0.697 -0.839 -1.041 -1.065
-0.293 -0.481 -0.462 -0.552 -0.609 -0.491 -0.396 -0.33 -0.276 -0.318 -0.39 -0.341 -0.338 -0.351 -0.38 -0.411 -0.349 -0.341 -0.351 -0.445 -0.57 -0.614 -0.588 -0.575 -0.631 -0.686 -0.785 -0.906 -0.983 -1.032 -1.044 -0.961 -0.92 -0.815 -0.759 -0.747 -0.813 -0.853 -0.798 -0.768 -0.741 -0.703 -0.689 -0.694 -0.732 -0.826 -0.969 -1.169 -1.279 -1.254 -1.171 -1.09 -0.968 -0.782 -0.709 -0.713 -0.705 -0.769 -0.905 -1.075 -1.221 -1.305 -1.311 -1.23 -1.166 -1.094 -0.953 -0.868 -0.789 -0.69 -0.679 -0.733 -0.826 -0.993 -1.081
-0.351 -0.441 -0.409 -0.474 -0.565 -0.497 -0.44 -0.389 -0.327 -0.341 -0.466 -0.431 -0.404 -0.44 -0.461 -0.449 -0.431 -0.393 -0.381 -0.453 -0.514 -0.567 -0.542 -0.563 -0.633 -0.721 -0.819 -0.869 -0.891 -0.958 -1.053 -0.985 -0.908 -0.838 -0.799 -0.789 -0.807 -0.807 -0.782 -0.778 -0.784 -0.772 -0.774 -0.774 -0.813 -0.876 -0.985 -1.17 -1.267 -1.237 -1.164 -1.074 -0.966 -0.823 -0.746 -0.705 -0.677 -0.749 -0.89 -1.064 -1.182 -1.277 -1.348 -1.307 -1.259 -1.205 -1.095 -1 -0.894 -0.754 -0.725 -0.755 -0.815 -0.929 -1.001
-0.364 -0.362 -0.361 -0.402 -0.482 -0.434 -0.42 -0.371 -0.351 -0.447 -0.593 -0.595 -0.539 -0.558 -0.558 -0.562 -0.518 -0.479 -0.417 -0.431 -0.499 -0.539 -0.528 -0.604 -0.692 -0.78 -0.792 -0.798 -0.831 -0.912 -1.03 -1.001 -0.908 -0.855 -0.826 -0.811 -0.799 -0.803 -0.813 -0.817 -0.815 -0.846 -0.889 -0.915 -0.924 -0.936 -1.015 -1.185 -1.279 -1.255 -1.2 -1.136 -1.009 -0.856 -0.77 -0.7 -0.687 -0.776 -0.913 -1.045 -1.102 -1.2 -1.322 -1.353 -1.313 -1.241 -1.147 -1.05 -0.973 -0.858 -0.758 -0.752 -0.811 -0.887 -0.915
-0.331 -0.325 -0.312 -0.388 -0.414 -0.353 -0.375 -0.406 -0.435 -0.545 -0.713 -0.752 -0.663 -0.679 -0.68 -0.616 -0.541 -0.488 -0.45 -0.458 -0.52 -0.558 -0.593 -0.693 -0.755 -0.775 -0.743 -0.758 -0.8 -0.897 -0.994 -0.978 -0.931 -0.872 -0.851 -0.836 -0.844 -0.872 -0.904 -0.896 -0.878 -0.937 -1.017 -1.067 -1.077 -1.082 -1.107 -1.196 -1.254 -1.303 -1.235 -1.137 -1.028 -0.897 -0.779 -0.727 -0.75 -0.824 -0.937 -0.996 -1.018 -1.119 -1.261 -1.338 -1.316 -1.246 -1.181 -1.085 -1.013 -0.939 -0.806 -0.769 -0.808 -0.837 -0.872
-0.329 -0.309 -0.296 -0.369 -0.363 -0.348 -0.426 -0.517 -0.593 -0.675 -0.848 -0.911 -0.826 -0.805 -0.767 -0.641 -0.532 -0.471 -0.489 -0.559 -0.604 -0.654 -0.7 -0.761 -0.734 -0.737 -0.735 -0.743 -0.805 -0.901 -0.934 -0.923 -0.928 -0.924 -0.92 -0.904 -0.895 -0.929 -0.961 -1.003 -1.012 -1.072 -1.115 -1.119 -1.09 -1.113 -1.112 -1.131 -1.216 -1.297 -1.245 -1.153 -1.036 -0.92 -0.815 -0.785 -0.807 -0.882 -0.935 -0.921 -0.958 -1.079 -1.22 -1.319 -1.308 -1.254 -1.196 -1.108 -1.021 -0.966 -0.862 -0.775 -0.784 -0.815 -0.897
-0.39 -0.391 -0.366 -0.391 -0.414 -0.444 -0.515 -0.631 -0.756 -0.85 -0.979 -1.032 -0.971 -0.887 -0.768 -0.683 -0.578 -0.49 -0.528 -0.603 -0.595 -0.648 -0.723 -0.77 -0.712 -0.722 -0.741 -0.778 -0.834 -0.867 -0.884 -0.913 -0.967 -1.004 -1.018 -1.007 -1 -1.031 -1.068 -1.093 -1.123 -1.122 -1.097 -1.046 -1.011 -1.054 -1.028 -1.061 -1.191 -1.275 -1.232 -1.169 -1.079 -0.967 -0.872 -0.843 -0.849 -0.901 -0.919 -0.868 -0.933 -1.04 -1.181 -1.298 -1.285 -1.252 -1.219 -1.143 -1.017 -0.944 -0.863 -0.807 -0.82 -0.89 -0.958
-0.437 -0.479 -0.464 -0.463 -0.48 -0.514 -0.572 -0.678 -0.811 -0.931 -1.067 -1.103 -1.032 -0.929 -0.782 -0.69 -0.629 -0.527 -0.568 -0.598 -0.567 -0.62 -0.687 -0.78 -0.73 -0.713 -0.748 -0.782 -0.794 -0.842 -0.91 -0.961 -1.021 -1.095 -1.132 -1.137 -1.14 -1.158 -1.156 -1.139 -1.125 -1.075 -1.028 -0.994 -0.976 -1.014 -0.959 -1.004 -1.14 -1.222 -1.17 -1.15 -1.088 -1.009 -0.926 -0.896 -0.848 -0.878 -0.916 -0.841 -0.892 -0.982 -1.131 -1.275 -1.281 -1.276 -1.255 -1.187 -1.07 -0.964 -0.905 -0.846 -0.887 -0.932 -0.94
-0.458 -0.545 -0.553 -0.518 -0.522 -0.558 -0.626 -0.739 -0.868 -0.981 -1.136 -1.197 -1.12 -1.007 -0.849 -0.706 -0.634 -0.548 -0.6 -0.595 -0.565 -0.613 -0.688 -0.782 -0.744 -0.727 -0.76 -0.749 -0.786 -0.867 -0.976 -1.047 -1.11 -1.159 -1.182 -1.188 -1.17 -1.135 -1.1 -1.067 -1.078 -1.034 -1 -0.964 -0.966 -0.98 -0.91 -0.952 -1.105 -1.174 -1.126 -1.108 -1.077 -1.029 -0.966 -0.92 -0.863 -0.887 -0.891 -0.838 -0.885 -0.981 -1.125 -1.261 -1.298 -1.304 -1.283 -1.221 -1.132 -1.022 -0.964 -0.933 -0.936 -0.926 -0.945
-0.484 -0.56 -0.616 -0.63 -0.622 -0.654 -0.719 -0.836 -0.979 -1.108 -1.228 -1.292 -1.198 -1.056 -0.936 -0.782 -0.658 -0.585 -0.628 -0.599 -0.582 -0.641 -0.717 -0.764 -0.751 -0.746 -0.775 -0.796 -0.853 -0.952 -1.042 -1.087 -1.102 -1.086 -1.129 -1.115 -1.056 -1.039 -1.041 -1.028 -1.036 -1.022 -0.98 -0.956 -0.967 -0.936 -0.886 -0.935 -1.075 -1.157 -1.141 -1.117 -1.103 -1.055 -1.002 -0.945 -0.911 -0.919 -0.849 -0.859 -0.923 -1.004 -1.144 -1.261 -1.318 -1.323 -1.315 -1.267 -1.193 -1.066 -1.021 -0.982 -0.974 -0.936 -0.969
-0.548 -0.579 -0.627 -0.68 -0.714 -0.761 -0.819 -0.917 -1.045 -1.174 -1.292 -1.344 -1.26 -1.102 -0.997 -0.878 -0.73 -0.625 -0.658 -0.609 -0.583 -0.663 -0.724 -0.746 -0.738 -0.784 -0.834 -0.904 -0.972 -1.03 -1.046 -1.029 -1.06 -1.02 -1.056 -1.064 -0.976 -0.99 -1.006 -0.992 -1.001 -1.014 -0.972 -0.953 -0.965 -0.915 -0.89 -0.941 -1.038 -1.122 -1.167 -1.169 -1.155 -1.112 -1.058 -0.999 -0.955 -0.923 -0.881 -0.909 -0.968 -1.029 -1.106 -1.229 -1.312 -1.325 -1.325 -1.297 -1.236 -1.142 -1.076 -1.018 -1.005 -0.99 -1.016
-0.675 -0.67 -0.688 -0.712 -0.753 -0.803 -0.853 -0.92 -1.024 -1.162 -1.309 -1.382 -1.319 -1.168 -1.041 -0.934 -0.777 -0.665 -0.667 -0.635 -0.614 -0.667 -0.706 -0.732 -0.762 -0.823 -0.9 -0.922 -0.946 -1.003 -1.016 -1.021 -1.026 -0.997 -1.01 -1.036 -0.981 -0.962 -0.966 -0.949 -0.973 -0.995 -0.983 -0.977 -0.965 -0.935 -0.939 -0.979 -0.987 -1.028 -1.145 -1.201 -1.177 -1.148 -1.111 -1.061 -0.996 -0.956 -0.961 -0.974 -1.014 -0.993 -1.051 -1.18 -1.306 -1.323 -1.326 -1.317 -1.277 -1.205 -1.149 -1.086 -1.061 -1.042 -1.062
-0.88 -0.856 -0.846 -0.812 -0.789 -0.795 -0.829 -0.885 -0.992 -1.147 -1.316 -1.422 -1.379 -1.254 -1.099 -0.986 -0.818 -0.691 -0.663 -0.663 -0.692 -0.723 -0.746 -0.76 -0.801 -0.883 -0.874 -0.853 -0.908 -0.984 -1.02 -1.017 -1.028 -1.01 -1 -1.025 -0.974 -0.929 -0.938 -0.928 -0.971 -1.007 -1.027 -1.038 -1.021 -1.005 -1.004 -0.999 -0.955 -0.984 -1.105 -1.178 -1.181 -1.152 -1.132 -1.094 -1.047 -1.018 -0.993 -0.972 -0.982 -0.98 -1.018 -1.131 -1.273 -1.332 -1.338 -1.336 -1.308 -1.263 -1.216 -1.163 -1.136 -1.101 -1.088
-1.09 -1.056 -1.027 -0.971 -0.907 -0.857 -0.866 -0.925 -1.03 -1.181 -1.345 -1.449 -1.434 -1.339 -1.207 -1.048 -0.875 -0.755 -0.687 -0.703 -0.747 -0.758 -0.778 -0.813 -0.836 -0.835 -0.815 -0.842 -0.913 -0.989 -1.038 -1.065 -1.073 -1.04 -1.014 -1.016 -0.961 -0.925 -0.944 -0.96 -1.008 -1.064 -1.109 -1.125 -1.101 -1.079 -1.057 -1.005 -0.95 -0.986 -1.082 -1.141 -1.198 -1.182 -1.173 -1.143 -1.092 -1.053 -1 -0.967 -0.988 -0.972 -1.008 -1.107 -1.247 -1.327 -1.338 -1.339 -1.329 -1.305 -1.278 -1.225 -1.202 -1.162 -1.137
-1.265 -1.236 -1.197 -1.136 -1.051 -0.964 -0.953 -1.007 -1.109 -1.249 -1.389 -1.474 -1.462 -1.359 -1.231 -1.084 -0.93 -0.827 -0.757 -0.735 -0.749 -0.759 -0.779 -0.8 -0.8 -0.8 -0.821 -0.865 -0.932 -1.015 -1.079 -1.113 -1.1 -1.067 -1.055 -1.047 -0.974 -0.948 -0.98 -1.003 -1.043 -1.105 -1.185 -1.2 -1.182 -1.146 -1.104 -1.017 -0.954 -0.991 -1.076 -1.093 -1.195 -1.237 -1.237 -1.207 -1.155 -1.118 -1.053 -1.015 -1.028 -0.978 -1.018 -1.098 -1.221 -1.32 -1.343 -1.353 -1.362 -1.345 -1.325 -1.278 -1.255 -1.224 -1.205
-1.372 -1.372 -1.337 -1.269 -1.176 -1.088 -1.06 -1.089 -1.192 -1.325 -1.438 -1.498 -1.471 -1.342 -1.197 -1.051 -0.949 -0.905 -0.824 -0.775 -0.763 -0.775 -0.782 -0.793 -0.786 -0.808 -0.844 -0.883 -0.948 -1.05 -1.131 -1.159 -1.141 -1.118 -1.111 -1.09 -1.004 -0.974 -0.997 -1.031 -1.088 -1.158 -1.239 -1.27 -1.266 -1.214 -1.135 -1.038 -0.99 -1.01 -1.063 -1.076 -1.17 -1.223 -1.249 -1.262 -1.228 -1.179 -1.124 -1.076 -1.053 -1.014 -1.031 -1.094 -1.192 -1.309 -1.367 -1.39 -1.403 -1.382 -1.344 -1.293 -1.262 -1.239 -1.241
-1.379 -1.428 -1.427 -1.37 -1.282 -1.198 -1.162 -1.181 -1.248 -1.354 -1.458 -1.503 -1.453 -1.331 -1.197 -1.063 -0.989 -0.945 -0.912 -0.869 -0.856 -0.862 -0.833 -0.833 -0.856 -0.857 -0.85 -0.889 -0.957 -1.075 -1.175 -1.215 -1.214 -1.186 -1.177 -1.144 -1.049 -0.998 -1.019 -1.067 -1.17 -1.243 -1.291 -1.334 -1.338 -1.26 -1.166 -1.085 -1.046 -1.052 -1.065 -1.062 -1.184 -1.194 -1.213 -1.257 -1.278 -1.235 -1.184 -1.131 -1.098 -1.063 -1.069 -1.112 -1.195 -1.294 -1.372 -1.396 -1.402 -1.375 -1.336 -1.282 -1.248 -1.24 -1.259
-1.316 -1.412 -1.481 -1.447 -1.37 -1.282 -1.248 -1.253 -1.295 -1.375 -1.468 -1.509 -1.453 -1.332 -1.236 -1.096 -1.021 -0.978 -0.991 -0.979 -0.955 -0.939 -0.884 -0.864 -0.896 -0.902 -0.88 -0.923 -0.986 -1.094 -1.205 -1.269 -1.288 -1.262 -1.236 -1.182 -1.095 -1.052 -1.065 -1.113 -1.227 -1.31 -1.345 -1.393 -1.388 -1.312 -1.217 -1.142 -1.09 -1.092 -1.077 -1.083 -1.187 -1.19 -1.193 -1.229 -1.246 -1.257 -1.243 -1.206 -1.179 -1.137 -1.12 -1.151 -1.201 -1.266 -1.351 -1.357 -1.363 -1.34 -1.314 -1.26 -1.238 -1.259 -1.307
-1.27 -1.385 -1.485 -1.509 -1.456 -1.378 -1.311 -1.287 -1.312 -1.382 -1.461 -1.507 -1.473 -1.394 -1.302 -1.165 -1.067 -1.019 -1.03 -1.064 -1.019 -0.954 -0.9 -0.901 -0.935 -0.928 -0.925 -0.968 -1.024 -1.113 -1.226 -1.305 -1.342 -1.321 -1.277 -1.224 -1.165 -1.121 -1.108 -1.155 -1.268 -1.369 -1.396 -1.442 -1.427 -1.345 -1.249 -1.186 -1.123 -1.13 -1.099 -1.097 -1.2 -1.188 -1.179 -1.209 -1.213 -1.239 -1.263 -1.228 -1.221 -1.189 -1.155 -1.174 -1.201 -1.252 -1.326 -1.34 -1.342 -1.325 -1.307 -1.285 -1.29 -1.324 -1.381
-1.214 -1.337 -1.472 -1.548 -1.53 -1.46 -1.375 -1.321 -1.32 -1.374 -1.446 -1.503 -1.501 -1.455 -1.372 -1.243 -1.144 -1.091 -1.098 -1.127 -1.073 -0.978 -0.925 -0.94 -0.98 -0.988 -1.002 -1.039 -1.073 -1.138 -1.246 -1.337 -1.396 -1.389 -1.35 -1.3 -1.236 -1.188 -1.168 -1.204 -1.281 -1.387 -1.442 -1.468 -1.452 -1.393 -1.306 -1.224 -1.17 -1.161 -1.111 -1.118 -1.193 -1.2 -1.183 -1.186 -1.2 -1.234 -1.244 -1.2 -1.208 -1.215 -1.175 -1.171 -1.197 -1.257 -1.303 -1.322 -1.327 -1.336 -1.339 -1.345 -1.375 -1.401 -1.426
-1.144 -1.289 -1.432 -1.55 -1.581 -1.542 -1.468 -1.389 -1.346 -1.366 -1.415 -1.472 -1.515 -1.512 -1.449 -1.333 -1.257 -1.216 -1.202 -1.183 -1.116 -1.021 -0.967 -0.968 -1.009 -1.077 -1.098 -1.1 -1.112 -1.163 -1.262 -1.366 -1.441 -1.461 -1.412 -1.346 -1.292 -1.25 -1.219 -1.213 -1.255 -1.388 -1.466 -1.478 -1.472 -1.436 -1.353 -1.271 -1.219 -1.194 -1.123 -1.123 -1.178 -1.218 -1.204 -1.185 -1.197 -1.232 -1.237 -1.19 -1.185 -1.206 -1.177 -1.171 -1.203 -1.249 -1.283 -1.309 -1.335 -1.36 -1.381 -1.404 -1.418 -1.425 -1.438
-1.136 -1.288 -1.421 -1.545 -1.608 -1.603 -1.548 -1.468 -1.398 -1.381 -1.392 -1.435 -1.498 -1.535 -1.511 -1.425 -1.365 -1.314 -1.252 -1.183 -1.129 -1.074 -1.028 -0.994 -1.023 -1.117 -1.161 -1.145 -1.162 -1.198 -1.25 -1.34 -1.439 -1.5 -1.479 -1.406 -1.335 -1.276 -1.239 -1.227 -1.272 -1.389 -1.481 -1.488 -1.488 -1.451 -1.381 -1.31 -1.255 -1.223 -1.155 -1.13 -1.161 -1.201 -1.226 -1.198 -1.201 -1.232 -1.239 -1.194 -1.168 -1.181 -1.158 -1.174 -1.212 -1.246 -1.283 -1.318 -1.367 -1.401 -1.429 -1.436 -1.432 -1.421 -1.435
-1.187 -1.335 -1.446 -1.53 -1.605 -1.635 -1.605 -1.542 -1.474 -1.417 -1.395 -1.42 -1.483 -1.541 -1.552 -1.505 -1.437 -1.343 -1.268 -1.175 -1.112 -1.079 -1.062 -1.018 -1.045 -1.154 -1.22 -1.198 -1.21 -1.217 -1.239 -1.307 -1.427 -1.524 -1.535 -1.462 -1.407 -1.321 -1.277 -1.259 -1.294 -1.389 -1.496 -1.518 -1.521 -1.484 -1.422 -1.358 -1.294 -1.256 -1.199 -1.152 -1.16 -1.186 -1.236 -1.219 -1.217 -1.241 -1.237 -1.196 -1.17 -1.175 -1.17 -1.195 -1.243 -1.29 -1.34 -1.386 -1.426 -1.447 -1.439 -1.415 -1.397 -1.403 -1.414
-1.228 -1.342 -1.42 -1.491 -1.573 -1.629 -1.634 -1.601 -1.543 -1.48 -1.432 -1.438 -1.491 -1.556 -1.582 -1.548 -1.46 -1.353 -1.269 -1.198 -1.139 -1.096 -1.068 -1.051 -1.087 -1.192 -1.264 -1.268 -1.283 -1.273 -1.273 -1.337 -1.441 -1.537 -1.562 -1.51 -1.442 -1.367 -1.321 -1.29 -1.298 -1.371 -1.49 -1.548 -1.55 -1.524 -1.479 -1.412 -1.332 -1.281 -1.244 -1.193 -1.176 -1.201 -1.245 -1.246 -1.244 -1.258 -1.246 -1.209 -1.195 -1.205 -1.22 -1.247 -1.293 -1.346 -1.418 -1.466 -1.47 -1.463 -1.431 -1.387 -1.372 -1.392 -1.401
-1.223 -1.288 -1.365 -1.447 -1.504 -1.579 -1.631 -1.636 -1.604 -1.555 -1.496 -1.481 -1.52 -1.579 -1.606 -1.575 -1.485 -1.382 -1.283 -1.206 -1.155 -1.118 -1.087 -1.089 -1.139 -1.242 -1.295 -1.316 -1.331 -1.306 -1.297 -1.347 -1.446 -1.548 -1.583 -1.539 -1.461 -1.392 -1.346 -1.3 -1.301 -1.366 -1.492 -1.56 -1.549 -1.529 -1.501 -1.443 -1.362 -1.314 -1.291 -1.235 -1.216 -1.245 -1.263 -1.282 -1.286 -1.282 -1.27 -1.242 -1.241 -1.245 -1.263 -1.292 -1.314 -1.367 -1.466 -1.5 -1.462 -1.452 -1.436 -1.372 -1.351 -1.381 -1.394
-1.24 -1.269 -1.342 -1.387 -1.417 -1.505 -1.593 -1.642 -1.644 -1.621 -1.567 -1.532 -1.56 -1.611 -1.629 -1.596 -1.53 -1.448 -1.347 -1.251 -1.186 -1.136 -1.104 -1.144 -1.202 -1.302 -1.318 -1.331 -1.344 -1.317 -1.318 -1.361 -1.455 -1.56 -1.6 -1.561 -1.486 -1.414 -1.367 -1.315 -1.308 -1.368 -1.494 -1.574 -1.566 -1.541 -1.513 -1.465 -1.397 -1.36 -1.333 -1.287 -1.277 -1.284 -1.292 -1.306 -1.325 -1.323 -1.311 -1.303 -1.286 -1.275 -1.299 -1.335 -1.379 -1.43 -1.503 -1.511 -1.455 -1.429 -1.43 -1.384 -1.35 -1.372 -1.396
-1.321 -1.318 -1.328 -1.341 -1.379 -1.442 -1.511 -1.592 -1.643 -1.66 -1.635 -1.597 -1.603 -1.639 -1.641 -1.594 -1.526 -1.462 -1.385 -1.308 -1.241 -1.194 -1.177 -1.179 -1.242 -1.343 -1.377 -1.386 -1.383 -1.355 -1.356 -1.404 -1.493 -1.579 -1.603 -1.572 -1.507 -1.443 -1.406 -1.358 -1.326 -1.38 -1.489 -1.592 -1.602 -1.578 -1.55 -1.508 -1.442 -1.406 -1.38 -1.357 -1.343 -1.322 -1.336 -1.337 -1.358 -1.358 -1.365 -1.364 -1.36 -1.356 -1.373 -1.41 -1.465 -1.503 -1.537 -1.514 -1.449 -1.41 -1.415 -1.387 -1.351 -1.367 -1.398
-1.4 -1.38 -1.334 -1.335 -1.36 -1.363 -1.419 -1.513 -1.596 -1.665 -1.679 -1.658 -1.645 -1.667 -1.648 -1.583 -1.486 -1.422 -1.345 -1.297 -1.256 -1.195 -1.201 -1.203 -1.275 -1.386 -1.426 -1.42 -1.408 -1.383 -1.386 -1.44 -1.532 -1.601 -1.606 -1.581 -1.529 -1.474 -1.435 -1.396 -1.37 -1.404 -1.495 -1.603 -1.632 -1.602 -1.573 -1.539 -1.495 -1.468 -1.457 -1.446 -1.421 -1.399 -1.412 -1.426 -1.436 -1.446 -1.455 -1.462 -1.467 -1.468 -1.48 -1.511 -1.543 -1.557 -1.547 -1.495 -1.435 -1.398 -1.396 -1.37 -1.357 -1.357 -1.398
-1.436 -1.411 -1.36 -1.333 -1.32 -1.328 -1.369 -1.427 -1.52 -1.618 -1.662 -1.677 -1.682 -1.68 -1.651 -1.575 -1.485 -1.401 -1.328 -1.278 -1.245 -1.196 -1.192 -1.222 -1.303 -1.416 -1.449 -1.45 -1.438 -1.418 -1.419 -1.477 -1.564 -1.617 -1.621 -1.605 -1.56 -1.512 -1.456 -1.421 -1.428 -1.455 -1.512 -1.612 -1.655 -1.614 -1.575 -1.554 -1.55 -1.534 -1.527 -1.52 -1.477 -1.485 -1.496 -1.516 -1.519 -1.529 -1.537 -1.555 -1.563 -1.561 -1.568 -1.578 -1.576 -1.557 -1.527 -1.464 -1.41 -1.39 -1.377 -1.339 -1.357 -1.368 -1.398
-1.453 -1.415 -1.393 -1.375 -1.314 -1.305 -1.317 -1.361 -1.459 -1.573 -1.605 -1.64 -1.679 -1.684 -1.66 -1.577 -1.5 -1.404 -1.333 -1.283 -1.24 -1.202 -1.189 -1.243 -1.338 -1.45 -1.463 -1.463 -1.453 -1.445 -1.45 -1.513 -1.594 -1.629 -1.624 -1.612 -1.59 -1.549 -1.488 -1.454 -1.474 -1.504 -1.552 -1.626 -1.669 -1.641 -1.61 -1.609 -1.612 -1.602 -1.589 -1.567 -1.551 -1.559 -1.567 -1.586 -1.595 -1.602 -1.608 -1.617 -1.612 -1.604 -1.593 -1.574 -1.541 -1.506 -1.482 -1.425 -1.38 -1.38 -1.363 -1.316 -1.346 -1.404 -1.413
-1.487 -1.486 -1.466 -1.429 -1.351 -1.294 -1.319 -1.372 -1.462 -1.516 -1.529 -1.58 -1.647 -1.674 -1.664 -1.588 -1.504 -1.422 -1.353 -1.296 -1.252 -1.21 -1.225 -1.288 -1.383 -1.477 -1.482 -1.474 -1.456 -1.455 -1.467 -1.547 -1.627 -1.633 -1.619 -1.6 -1.596 -1.577 -1.514 -1.491 -1.499 -1.507 -1.558 -1.631 -1.684 -1.67 -1.65 -1.672 -1.674 -1.661 -1.642 -1.62 -1.62 -1.621 -1.624 -1.632 -1.635 -1.633 -1.632 -1.623 -1.604 -1.583 -1.555 -1.522 -1.478 -1.457 -1.444 -1.4 -1.366 -1.365 -1.354 -1.32 -1.348 -1.413 -1.453
-1.499 -1.533 -1.505 -1.435 -1.363 -1.314 -1.351 -1.401 -1.445 -1.445 -1.461 -1.524 -1.607 -1.658 -1.669 -1.608 -1.529 -1.466 -1.399 -1.342 -1.295 -1.248 -1.268 -1.327 -1.419 -1.502 -1.502 -1.489 -1.468 -1.481 -1.51 -1.59 -1.648 -1.646 -1.635 -1.616 -1.601 -1.581 -1.54 -1.509 -1.502 -1.509 -1.564 -1.633 -1.681 -1.692 -1.693 -1.704 -1.701 -1.69 -1.677 -1.662 -1.649 -1.641 -1.637 -1.629 -1.619 -1.604 -1.589 -1.584 -1.571 -1.546 -1.506 -1.461 -1.418 -1.421 -1.416 -1.379 -1.356 -1.353 -1.35 -1.317 -1.35 -1.415 -1.491
-1.487 -1.522 -1.469 -1.402 -1.346 -1.327 -1.327 -1.353 -1.38 -1.383 -1.43 -1.493 -1.565 -1.631 -1.661 -1.628 -1.564 -1.511 -1.428 -1.372 -1.327 -1.286 -1.295 -1.346 -1.441 -1.527 -1.519 -1.492 -1.477 -1.506 -1.563 -1.635 -1.663 -1.65 -1.637 -1.642 -1.618 -1.577 -1.546 -1.523 -1.516 -1.521 -1.573 -1.626 -1.672 -1.707 -1.72 -1.719 -1.701 -1.687 -1.679 -1.66 -1.641 -1.619 -1.607 -1.595 -1.578 -1.552 -1.522 -1.514 -1.516 -1.495 -1.475 -1.429 -1.383 -1.394 -1.39 -1.352 -1.33 -1.351 -1.355 -1.326 -1.339 -1.404 -1.497
