data/climatemaps/RS_maps/climate_winter_pr_2017.asc
NCOLS 369 
NROWS 228 
XLLCORNER 479000 
YLLCORNER 73000 
CELLSIZE 1000 
NODATA_value -9 
[rows 105 to 139 of 228, columns 79 to 157 of 369]
0.493 0.48 0.465 0.454 0.455 0.468 0.472 0.459 0.42 0.376 0.335 0.292 0.247 0.208 0.176 0.156 0.153 0.169 0.204 0.231 0.254 0.264 0.232 0.167 0.119 0.08 0.039 0.071 0.121 0.202 0.271 0.311 0.323 0.319 0.303 0.263 0.228 0.22 0.17 0.15 0.161 0.201 0.257 0.233 0.12 0.046 0.007 -0.004 0.005 0 0.034 0.082 0.157 0.277 0.42 0.544 0.644 0.749 0.791 0.817 0.86 0.872 0.783 0.665 0.609 0.499 0.432 0.443 0.513 0.544 0.516 0.504 0.53 0.572 0.574 0.541 0.614 0.654 0.671
0.486 0.474 0.462 0.46 0.471 0.48 0.47 0.434 0.387 0.348 0.306 0.264 0.225 0.195 0.175 0.161 0.171 0.205 0.24 0.234 0.233 0.236 0.215 0.176 0.126 0.084 0.062 0.097 0.136 0.175 0.215 0.238 0.263 0.273 0.262 0.237 0.248 0.255 0.208 0.202 0.24 0.343 0.35 0.351 0.299 0.149 0.063 0.013 -0.005 -0.008 0.023 0.064 0.147 0.289 0.436 0.567 0.627 0.637 0.65 0.676 0.723 0.74 0.688 0.673 0.684 0.617 0.477 0.448 0.494 0.527 0.58 0.563 0.624 0.693 0.733 0.602 0.525 0.52 0.53
0.479 0.473 0.467 0.468 0.471 0.472 0.452 0.408 0.366 0.327 0.286 0.246 0.216 0.199 0.18 0.187 0.211 0.24 0.245 0.237 0.235 0.223 0.214 0.185 0.123 0.112 0.114 0.116 0.128 0.15 0.168 0.168 0.177 0.197 0.201 0.202 0.243 0.216 0.214 0.241 0.307 0.424 0.49 0.518 0.467 0.299 0.134 0.06 0.02 -0.001 0.019 0.064 0.146 0.294 0.47 0.59 0.601 0.578 0.611 0.67 0.728 0.702 0.704 0.718 0.685 0.699 0.605 0.477 0.43 0.508 0.598 0.613 0.709 0.83 0.822 0.727 0.579 0.478 0.456
0.478 0.477 0.472 0.465 0.455 0.441 0.417 0.38 0.346 0.31 0.275 0.247 0.234 0.226 0.21 0.219 0.231 0.254 0.253 0.266 0.265 0.245 0.213 0.178 0.153 0.169 0.19 0.196 0.186 0.18 0.184 0.17 0.17 0.187 0.193 0.171 0.218 0.227 0.249 0.3 0.359 0.476 0.579 0.616 0.556 0.414 0.203 0.152 0.105 0.029 0.024 0.065 0.141 0.269 0.418 0.504 0.524 0.588 0.679 0.765 0.812 0.788 0.818 0.803 0.752 0.753 0.719 0.581 0.445 0.495 0.562 0.636 0.732 0.893 0.878 0.797 0.613 0.498 0.444
0.481 0.478 0.467 0.45 0.429 0.406 0.382 0.355 0.327 0.301 0.284 0.279 0.284 0.266 0.269 0.264 0.259 0.267 0.282 0.297 0.289 0.25 0.205 0.189 0.201 0.225 0.257 0.272 0.262 0.235 0.214 0.189 0.202 0.226 0.233 0.191 0.232 0.272 0.284 0.33 0.394 0.481 0.598 0.66 0.606 0.436 0.241 0.275 0.233 0.094 0.049 0.066 0.129 0.224 0.337 0.418 0.499 0.643 0.756 0.863 0.897 0.919 0.959 0.934 0.847 0.792 0.777 0.648 0.513 0.429 0.477 0.571 0.691 0.868 0.878 0.823 0.634 0.479 0.438
0.475 0.468 0.447 0.422 0.399 0.378 0.356 0.334 0.316 0.308 0.32 0.342 0.344 0.32 0.334 0.321 0.305 0.306 0.315 0.327 0.296 0.236 0.217 0.227 0.259 0.294 0.322 0.333 0.323 0.297 0.275 0.239 0.24 0.266 0.28 0.233 0.247 0.289 0.307 0.362 0.446 0.507 0.577 0.649 0.625 0.435 0.261 0.32 0.306 0.196 0.089 0.077 0.128 0.219 0.341 0.418 0.499 0.695 0.824 0.968 1.018 1.073 1.065 1.013 0.896 0.792 0.756 0.669 0.57 0.453 0.449 0.536 0.671 0.797 0.873 0.794 0.637 0.461 0.509
0.46 0.444 0.418 0.395 0.375 0.355 0.336 0.325 0.325 0.351 0.381 0.403 0.389 0.387 0.387 0.368 0.357 0.358 0.334 0.327 0.277 0.235 0.242 0.274 0.325 0.368 0.404 0.4 0.376 0.355 0.336 0.302 0.286 0.326 0.304 0.265 0.278 0.287 0.295 0.363 0.434 0.519 0.605 0.657 0.638 0.456 0.277 0.332 0.34 0.275 0.14 0.089 0.124 0.218 0.343 0.406 0.504 0.739 0.868 0.986 1.044 1.082 1.061 0.993 0.9 0.818 0.802 0.733 0.666 0.559 0.497 0.534 0.635 0.718 0.82 0.771 0.613 0.46 0.612
0.438 0.412 0.389 0.37 0.353 0.335 0.325 0.331 0.361 0.415 0.46 0.465 0.45 0.455 0.446 0.43 0.423 0.405 0.342 0.291 0.263 0.254 0.267 0.311 0.374 0.427 0.462 0.467 0.435 0.412 0.401 0.375 0.335 0.341 0.312 0.307 0.324 0.309 0.292 0.327 0.375 0.466 0.585 0.687 0.667 0.49 0.287 0.289 0.333 0.307 0.172 0.1 0.115 0.196 0.318 0.367 0.46 0.655 0.78 0.889 0.976 1.026 1.054 1.033 0.924 0.888 0.92 0.874 0.825 0.681 0.607 0.588 0.63 0.711 0.812 0.716 0.546 0.511 0.607
0.407 0.384 0.365 0.35 0.336 0.327 0.33 0.354 0.406 0.459 0.501 0.501 0.52 0.524 0.51 0.501 0.46 0.406 0.337 0.288 0.273 0.27 0.299 0.341 0.403 0.461 0.507 0.531 0.492 0.47 0.454 0.44 0.405 0.358 0.352 0.367 0.329 0.296 0.304 0.317 0.359 0.433 0.524 0.635 0.654 0.511 0.3 0.229 0.258 0.283 0.179 0.108 0.111 0.167 0.255 0.289 0.377 0.546 0.704 0.849 0.981 1.031 1.075 1.052 0.951 0.938 0.989 1.003 0.968 0.814 0.695 0.673 0.697 0.754 0.711 0.562 0.546 0.613 0.593
0.394 0.37 0.35 0.335 0.329 0.332 0.351 0.382 0.424 0.459 0.506 0.558 0.587 0.592 0.573 0.534 0.458 0.397 0.365 0.325 0.28 0.287 0.338 0.377 0.419 0.473 0.53 0.553 0.541 0.53 0.499 0.494 0.45 0.383 0.402 0.405 0.338 0.299 0.273 0.287 0.35 0.454 0.524 0.596 0.622 0.508 0.327 0.216 0.194 0.215 0.178 0.122 0.108 0.138 0.179 0.234 0.38 0.586 0.75 0.898 0.97 0.988 1.009 0.998 0.938 0.897 0.957 0.993 1.044 0.976 0.852 0.753 0.745 0.664 0.54 0.517 0.612 0.603 0.545
0.402 0.369 0.341 0.33 0.343 0.356 0.38 0.413 0.466 0.5 0.567 0.613 0.642 0.672 0.627 0.539 0.469 0.442 0.408 0.357 0.306 0.298 0.365 0.396 0.426 0.47 0.527 0.552 0.584 0.598 0.564 0.525 0.467 0.451 0.44 0.419 0.379 0.343 0.291 0.275 0.35 0.411 0.467 0.534 0.562 0.503 0.361 0.227 0.189 0.209 0.18 0.139 0.108 0.118 0.145 0.218 0.413 0.599 0.732 0.825 0.833 0.889 0.905 0.906 0.889 0.838 0.833 0.915 1.016 1.115 1.102 0.871 0.703 0.566 0.482 0.486 0.489 0.441 0.462
0.427 0.379 0.337 0.336 0.364 0.407 0.47 0.47 0.495 0.536 0.579 0.629 0.68 0.69 0.629 0.571 0.52 0.466 0.427 0.391 0.315 0.317 0.375 0.392 0.43 0.486 0.534 0.564 0.607 0.637 0.609 0.556 0.503 0.499 0.475 0.462 0.422 0.362 0.293 0.276 0.29 0.325 0.377 0.431 0.477 0.457 0.375 0.243 0.2 0.226 0.184 0.154 0.114 0.119 0.147 0.227 0.378 0.485 0.603 0.673 0.723 0.802 0.804 0.8 0.778 0.769 0.833 0.939 1.065 1.158 1.208 1.086 0.944 0.757 0.576 0.467 0.419 0.39 0.394
0.439 0.372 0.336 0.35 0.408 0.498 0.558 0.548 0.544 0.566 0.596 0.64 0.694 0.684 0.633 0.598 0.544 0.504 0.449 0.393 0.313 0.314 0.366 0.386 0.411 0.464 0.528 0.571 0.596 0.626 0.6 0.575 0.553 0.547 0.513 0.516 0.479 0.405 0.328 0.276 0.298 0.378 0.434 0.457 0.443 0.444 0.416 0.276 0.22 0.235 0.198 0.16 0.124 0.132 0.16 0.259 0.33 0.427 0.528 0.611 0.662 0.7 0.727 0.738 0.739 0.765 0.851 1.018 1.178 1.322 1.355 1.267 1.088 0.873 0.783 0.694 0.675 0.656 0.633
0.429 0.363 0.34 0.375 0.455 0.563 0.62 0.627 0.611 0.585 0.59 0.609 0.647 0.659 0.655 0.601 0.534 0.49 0.434 0.366 0.313 0.344 0.389 0.405 0.413 0.441 0.485 0.523 0.566 0.595 0.581 0.551 0.577 0.558 0.556 0.582 0.548 0.486 0.396 0.333 0.388 0.46 0.53 0.54 0.513 0.463 0.44 0.299 0.243 0.246 0.233 0.172 0.137 0.138 0.155 0.29 0.319 0.427 0.525 0.567 0.604 0.654 0.689 0.727 0.759 0.814 0.882 1.002 1.083 1.221 1.246 1.21 1.073 1.016 1.001 0.97 1.026 1.096 1.096
0.408 0.356 0.351 0.411 0.517 0.634 0.687 0.696 0.677 0.65 0.645 0.649 0.663 0.678 0.641 0.563 0.481 0.425 0.373 0.327 0.314 0.364 0.404 0.414 0.416 0.454 0.477 0.509 0.536 0.556 0.579 0.544 0.577 0.579 0.626 0.678 0.653 0.562 0.475 0.405 0.406 0.467 0.504 0.523 0.529 0.53 0.477 0.331 0.273 0.267 0.25 0.19 0.153 0.143 0.149 0.233 0.275 0.33 0.423 0.5 0.581 0.657 0.718 0.73 0.785 0.822 0.842 0.923 1.037 1.151 1.193 1.147 1.113 1.166 1.324 1.356 1.484 1.521 1.44
0.386 0.352 0.383 0.487 0.613 0.721 0.762 0.767 0.747 0.731 0.721 0.707 0.699 0.678 0.62 0.544 0.488 0.404 0.355 0.336 0.34 0.364 0.398 0.412 0.426 0.468 0.518 0.548 0.566 0.55 0.556 0.542 0.59 0.647 0.719 0.778 0.753 0.663 0.597 0.525 0.521 0.524 0.539 0.587 0.599 0.593 0.487 0.338 0.327 0.319 0.293 0.227 0.177 0.163 0.163 0.188 0.226 0.307 0.448 0.589 0.718 0.834 0.912 0.868 0.822 0.877 0.954 1.082 1.226 1.377 1.388 1.313 1.244 1.39 1.473 1.429 1.572 1.565 1.514
0.366 0.369 0.444 0.565 0.701 0.797 0.831 0.828 0.797 0.777 0.747 0.735 0.717 0.67 0.612 0.547 0.477 0.399 0.378 0.371 0.383 0.387 0.402 0.415 0.447 0.48 0.542 0.581 0.601 0.569 0.523 0.513 0.564 0.651 0.763 0.821 0.824 0.833 0.788 0.731 0.697 0.7 0.729 0.754 0.718 0.616 0.457 0.357 0.389 0.37 0.324 0.273 0.214 0.19 0.183 0.191 0.224 0.358 0.513 0.661 0.805 0.93 0.999 1.008 0.961 1.037 1.132 1.258 1.416 1.569 1.528 1.642 1.538 1.496 1.44 1.457 1.588 1.61 1.607
0.364 0.411 0.505 0.639 0.777 0.858 0.889 0.878 0.823 0.778 0.746 0.734 0.692 0.655 0.613 0.535 0.447 0.415 0.423 0.435 0.454 0.47 0.456 0.445 0.476 0.506 0.544 0.592 0.64 0.597 0.514 0.436 0.498 0.568 0.708 0.887 1.001 1.071 1.066 1.001 0.954 0.945 0.957 0.989 0.877 0.718 0.522 0.415 0.419 0.415 0.37 0.321 0.256 0.224 0.209 0.205 0.225 0.374 0.51 0.645 0.806 0.976 1.058 1.101 1.078 1.164 1.301 1.393 1.576 1.779 1.797 1.93 1.787 1.562 1.423 1.545 1.635 1.673 1.717
0.394 0.47 0.578 0.72 0.847 0.914 0.928 0.898 0.826 0.774 0.736 0.706 0.661 0.656 0.612 0.525 0.445 0.441 0.474 0.505 0.531 0.551 0.548 0.534 0.545 0.549 0.567 0.636 0.675 0.612 0.512 0.422 0.46 0.547 0.739 0.997 1.217 1.347 1.348 1.288 1.282 1.263 1.234 1.261 1.084 0.863 0.644 0.511 0.481 0.474 0.431 0.375 0.311 0.267 0.242 0.227 0.226 0.29 0.411 0.591 0.754 0.912 1.092 1.143 1.128 1.289 1.451 1.532 1.757 1.91 2.025 2.021 1.827 1.539 1.421 1.568 1.639 1.691 1.785
0.446 0.551 0.67 0.812 0.915 0.962 0.928 0.861 0.791 0.739 0.7 0.667 0.644 0.643 0.597 0.528 0.454 0.454 0.502 0.552 0.623 0.642 0.673 0.672 0.675 0.642 0.61 0.657 0.666 0.605 0.52 0.458 0.539 0.668 0.889 1.163 1.398 1.52 1.571 1.566 1.621 1.59 1.553 1.51 1.262 1.004 0.811 0.636 0.589 0.582 0.527 0.449 0.387 0.326 0.286 0.256 0.238 0.243 0.305 0.461 0.62 0.809 0.972 1.018 1.096 1.302 1.518 1.713 1.804 1.831 2.083 2.009 1.811 1.491 1.316 1.418 1.509 1.601 1.797
0.522 0.641 0.766 0.893 0.966 0.963 0.9 0.828 0.755 0.709 0.679 0.665 0.66 0.647 0.59 0.532 0.463 0.468 0.531 0.612 0.704 0.787 0.844 0.879 0.856 0.814 0.732 0.701 0.732 0.687 0.592 0.541 0.659 0.81 0.975 1.167 1.37 1.449 1.607 1.699 1.758 1.818 1.809 1.672 1.462 1.297 1.094 0.834 0.745 0.698 0.644 0.553 0.48 0.411 0.351 0.298 0.264 0.245 0.248 0.305 0.448 0.653 0.776 0.809 1 1.249 1.571 1.723 1.634 1.919 2.076 1.922 1.769 1.448 1.183 1.228 1.31 1.469 1.555
0.6 0.731 0.85 0.939 0.962 0.928 0.876 0.807 0.779 0.76 0.741 0.738 0.725 0.686 0.624 0.548 0.483 0.502 0.591 0.696 0.794 0.938 1.039 1.112 1.109 1.075 0.939 0.861 0.928 0.897 0.77 0.644 0.682 0.766 0.879 1.041 1.215 1.292 1.471 1.584 1.699 1.847 1.975 1.85 1.785 1.624 1.422 1.193 1.014 0.878 0.778 0.685 0.596 0.518 0.442 0.372 0.307 0.267 0.241 0.237 0.288 0.433 0.527 0.628 0.839 1.162 1.435 1.438 1.674 1.989 1.933 1.782 1.555 1.238 1.053 1.178 1.278 1.232 1.01
0.682 0.8 0.87 0.929 0.924 0.908 0.867 0.833 0.842 0.845 0.852 0.878 0.864 0.787 0.707 0.594 0.506 0.549 0.653 0.779 0.848 1.065 1.253 1.377 1.388 1.267 1.09 1.115 1.229 1.203 1.086 0.828 0.715 0.763 0.808 0.908 1.076 1.257 1.358 1.594 1.762 2.023 2.16 2.189 2.164 2.001 1.868 1.686 1.465 1.278 1.017 0.834 0.718 0.66 0.586 0.465 0.385 0.316 0.26 0.228 0.216 0.244 0.301 0.411 0.598 0.966 1.095 1.434 1.739 1.778 1.616 1.613 1.298 1.002 1.092 1.131 0.875 0.669 0.504
0.753 0.82 0.865 0.903 0.92 0.916 0.893 0.915 0.931 0.957 1.006 1.03 1.016 0.937 0.793 0.606 0.534 0.553 0.614 0.701 0.907 1.185 1.439 1.616 1.537 1.356 1.296 1.315 1.457 1.45 1.232 0.924 0.892 1.047 0.993 1.057 1.219 1.389 1.394 1.767 1.986 2.293 2.395 2.424 2.356 2.318 2.239 2.115 1.998 1.843 1.523 1.249 0.962 0.752 0.639 0.539 0.459 0.403 0.313 0.247 0.209 0.189 0.194 0.224 0.351 0.639 0.994 1.371 1.46 1.376 1.343 1.286 0.913 0.956 1.043 0.706 0.451 0.33 0.287
0.803 0.841 0.889 0.942 0.965 0.927 0.956 1.012 1.046 1.115 1.184 1.282 1.252 1.097 0.894 0.638 0.503 0.514 0.549 0.73 0.993 1.294 1.635 1.687 1.543 1.556 1.548 1.511 1.681 1.57 1.311 1.029 1.115 1.258 1.12 1.196 1.418 1.535 1.515 1.879 2.21 2.298 2.402 2.391 2.12 1.975 1.913 1.904 2.079 2.157 1.931 1.737 1.392 1.174 0.826 0.642 0.528 0.47 0.406 0.313 0.251 0.199 0.179 0.182 0.23 0.452 0.869 1.027 1.064 0.969 1.085 0.918 0.67 0.779 0.596 0.38 0.287 0.231 0.233
0.851 0.866 0.903 0.961 0.963 0.936 1.004 1.077 1.165 1.271 1.341 1.424 1.343 1.145 0.914 0.661 0.483 0.458 0.594 0.791 1.061 1.403 1.68 1.661 1.611 1.675 1.766 1.691 1.785 1.605 1.359 1.207 1.346 1.425 1.31 1.279 1.538 1.649 1.697 2.009 2.053 2.055 1.961 2.195 2.038 1.721 1.82 2.044 2.033 2.03 2.109 1.972 1.736 1.387 1.041 0.827 0.653 0.532 0.478 0.412 0.333 0.25 0.203 0.186 0.204 0.32 0.543 0.613 0.641 0.614 0.719 0.602 0.499 0.442 0.359 0.289 0.241 0.241 0.33
0.899 0.882 0.917 0.956 0.934 0.952 1.033 1.125 1.22 1.336 1.402 1.398 1.272 1.06 0.811 0.593 0.462 0.491 0.675 0.877 1.159 1.471 1.699 1.746 1.753 1.736 1.895 1.859 1.882 1.645 1.364 1.335 1.462 1.527 1.54 1.494 1.791 1.901 1.92 2.045 2.042 2.018 1.687 1.591 1.52 1.471 1.682 1.709 1.71 1.654 1.627 1.567 1.441 1.366 1.176 1.047 0.739 0.624 0.568 0.523 0.47 0.351 0.259 0.214 0.211 0.244 0.305 0.354 0.401 0.441 0.471 0.473 0.459 0.428 0.363 0.308 0.32 0.416 0.619
0.933 0.917 0.937 0.94 0.922 0.98 1.046 1.131 1.228 1.321 1.342 1.297 1.172 0.957 0.733 0.539 0.445 0.52 0.719 0.997 1.266 1.448 1.618 1.737 1.767 1.796 1.936 1.888 1.818 1.535 1.413 1.512 1.711 1.735 1.723 1.789 2.041 2.13 2.117 1.942 1.759 1.526 1.33 1.143 1.153 1.163 1.158 1.079 1.089 1.094 1.044 1.015 0.945 0.884 0.795 0.817 0.849 0.801 0.745 0.639 0.593 0.488 0.367 0.281 0.257 0.258 0.29 0.331 0.373 0.419 0.455 0.501 0.594 0.55 0.423 0.427 0.58 0.735 0.922
0.977 0.983 0.976 0.94 0.948 1.003 1.056 1.122 1.209 1.274 1.286 1.23 1.07 0.856 0.663 0.487 0.417 0.538 0.774 1.061 1.223 1.331 1.407 1.462 1.582 1.667 1.84 1.873 1.769 1.569 1.615 1.682 1.877 1.955 2.064 2.188 2.195 2.068 1.864 1.564 1.287 1.073 0.933 0.87 0.812 0.776 0.735 0.7 0.676 0.673 0.679 0.688 0.66 0.7 0.796 0.926 1.097 1.246 1.178 0.861 0.683 0.624 0.528 0.43 0.397 0.356 0.355 0.389 0.453 0.53 0.589 0.761 0.936 0.738 0.572 0.599 0.874 1.057 1.209
1.058 1.067 1.039 0.984 0.964 0.978 1.018 1.079 1.155 1.222 1.24 1.157 0.965 0.76 0.59 0.425 0.377 0.529 0.805 1.029 1.065 1.129 1.167 1.219 1.335 1.517 1.784 1.936 1.921 1.802 1.787 1.867 2.116 2.2 2.342 2.412 2.266 1.927 1.552 1.2 0.937 0.868 0.892 0.899 0.844 0.8 0.792 0.768 0.738 0.706 0.743 0.696 0.689 0.857 1.079 1.296 1.575 1.844 1.802 1.282 0.821 0.684 0.641 0.603 0.625 0.602 0.573 0.608 0.699 0.854 0.996 1.232 1.153 1.03 0.848 0.689 0.891 1.132 1.142
1.139 1.151 1.112 1.037 0.98 0.952 0.968 1.023 1.109 1.174 1.154 1.025 0.843 0.675 0.513 0.354 0.326 0.501 0.803 0.975 0.929 0.912 1.019 1.184 1.269 1.437 1.794 1.998 1.972 1.98 1.873 2.073 2.213 2.258 2.279 2.396 2.113 1.764 1.334 0.992 0.861 0.94 1.067 1.176 1.181 1.178 1.231 1.213 1.094 0.988 0.982 0.752 0.85 1.131 1.464 1.709 1.966 2.174 2.076 1.582 1.003 0.696 0.68 0.713 0.803 0.927 0.96 1.026 1.074 1.311 1.553 1.528 1.34 1.479 1.311 0.933 0.799 0.879 0.812
1.201 1.222 1.172 1.094 1.021 0.969 0.955 0.971 1.03 1.058 0.997 0.883 0.751 0.608 0.47 0.303 0.278 0.47 0.772 0.859 0.78 0.805 0.977 1.16 1.274 1.364 1.716 1.93 1.973 1.971 1.895 1.986 2.099 2.257 2.075 2.005 1.834 1.406 1.048 0.899 1.032 1.166 1.312 1.586 1.6 1.713 1.715 1.61 1.394 1.262 1.063 0.852 1.066 1.394 1.773 2.144 2.314 2.166 1.926 1.533 1.022 0.692 0.713 0.818 0.967 1.103 1.273 1.425 1.524 1.789 1.911 1.693 1.728 1.95 1.761 1.416 1.045 0.732 0.749
1.243 1.247 1.21 1.149 1.069 1.012 0.971 0.949 0.945 0.933 0.884 0.805 0.693 0.559 0.428 0.268 0.236 0.437 0.641 0.663 0.657 0.731 0.874 1.041 1.218 1.325 1.643 1.828 1.858 1.707 1.719 1.636 1.802 1.985 1.884 1.636 1.406 1.099 1.012 1.086 1.321 1.485 1.65 2.018 2.012 2.05 1.933 1.739 1.58 1.281 1.049 1.022 1.299 1.624 2.01 2.448 2.377 2.086 1.699 1.326 0.875 0.692 0.781 0.99 1.222 1.354 1.404 1.632 1.996 2.198 2.101 1.962 2.184 2.403 2.158 1.818 1.352 0.852 1.076
1.249 1.26 1.23 1.172 1.104 1.051 1.021 0.992 0.965 0.926 0.867 0.781 0.66 0.529 0.396 0.256 0.211 0.369 0.476 0.564 0.656 0.697 0.772 0.905 0.975 1.233 1.5 1.499 1.46 1.31 1.327 1.322 1.615 1.888 1.803 1.523 1.224 0.992 1.11 1.272 1.547 1.832 2.091 2.351 2.237 2.053 1.894 1.638 1.439 1.225 1.215 1.276 1.555 1.855 2.272 2.476 2.255 1.894 1.461 1.029 0.77 0.72 0.89 1.233 1.515 1.697 1.64 1.92 2.171 2.428 2.431 2.303 2.577 2.709 2.446 1.996 1.464 1.013 1.202
1.269 1.258 1.23 1.164 1.119 1.114 1.135 1.124 1.072 1.008 0.929 0.814 0.662 0.523 0.389 0.26 0.222 0.334 0.499 0.682 0.854 0.959 0.823 0.733 0.765 1.01 1.081 1.066 1.131 1.179 1.168 1.156 1.536 1.755 1.709 1.491 1.152 0.946 1.173 1.396 1.703 2.15 2.36 2.411 2.36 2.249 1.88 1.591 1.494 1.488 1.547 1.531 1.876 2.21 2.542 2.428 2.107 1.631 1.14 0.866 0.815 0.833 0.963 1.367 1.709 1.871 2.019 2.385 2.393 2.503 2.786 2.723 2.984 2.955 2.57 2.201 1.788 1.148 1.143
