data/climatemaps/RS_maps/climate_winter_tmin_2003.asc
NCOLS 369 
NROWS 228 
XLLCORNER 479000 
YLLCORNER 73000 
CELLSIZE 1000 
NODATA_value -9 
[rows 68 to 101 of 228, columns 154 to 230 of 369]
0.863 0.876 0.853 0.866 0.865 0.881 0.907 0.898 0.848 0.805 0.794 0.787 0.842 0.903 0.908 0.845 0.76 0.724 0.771 0.81 0.776 0.761 0.862 0.918 0.892 0.879 0.976 1.003 0.964 0.888 0.843 0.786 0.765 0.803 0.888 0.941 0.984 1.017 1.064 1.078 1.077 1.057 1.039 1.025 1.016 0.975 0.944 0.92 0.914 0.898 0.848 0.769 0.851 0.857 0.817 0.874 0.924 0.914 0.941 0.992 1.001 0.998 0.989 0.986 0.969 0.945 0.946 0.938 0.938 0.95 0.939 0.918 0.901 0.896 0.872 0.867 0.855
0.845 0.872 0.844 0.827 0.83 0.861 0.901 0.892 0.842 0.802 0.79 0.758 0.808 0.89 0.909 0.891 0.792 0.741 0.767 0.785 0.802 0.769 0.842 0.901 0.892 0.862 0.946 1.004 0.989 0.921 0.86 0.807 0.768 0.767 0.858 0.935 0.974 1.01 1.05 1.075 1.085 1.074 1.058 1.037 1.03 1.004 0.974 0.936 0.929 0.911 0.889 0.833 0.838 0.869 0.784 0.822 0.887 0.889 0.884 0.946 0.99 0.999 0.99 0.987 0.983 0.976 0.972 0.962 0.956 0.952 0.949 0.933 0.922 0.915 0.903 0.895 0.875
0.832 0.862 0.836 0.782 0.81 0.86 0.883 0.895 0.882 0.824 0.787 0.768 0.791 0.844 0.905 0.916 0.844 0.796 0.789 0.78 0.806 0.824 0.848 0.88 0.888 0.848 0.911 0.996 1.001 0.968 0.894 0.836 0.782 0.749 0.823 0.928 0.976 1.005 1.031 1.074 1.083 1.074 1.056 1.045 1.043 1.013 0.989 0.961 0.935 0.943 0.914 0.899 0.883 0.894 0.803 0.791 0.824 0.865 0.838 0.851 0.913 0.955 0.985 0.986 0.978 0.975 0.967 0.959 0.956 0.951 0.945 0.937 0.929 0.922 0.92 0.902 0.877
0.831 0.835 0.807 0.787 0.829 0.852 0.871 0.892 0.898 0.831 0.81 0.823 0.814 0.822 0.89 0.924 0.899 0.845 0.802 0.782 0.777 0.822 0.83 0.863 0.876 0.832 0.868 0.978 1.007 0.997 0.933 0.871 0.819 0.765 0.804 0.91 0.98 1.012 1.024 1.062 1.079 1.075 1.054 1.051 1.041 1.028 0.998 0.969 0.958 0.956 0.974 0.949 0.908 0.875 0.868 0.819 0.804 0.821 0.83 0.823 0.85 0.875 0.947 0.979 0.976 0.963 0.958 0.956 0.953 0.945 0.941 0.935 0.93 0.925 0.917 0.907 0.899
0.818 0.809 0.769 0.792 0.833 0.828 0.877 0.89 0.866 0.865 0.869 0.883 0.872 0.854 0.879 0.926 0.924 0.884 0.827 0.774 0.754 0.817 0.828 0.853 0.864 0.817 0.819 0.942 1.005 1.01 0.977 0.926 0.873 0.816 0.818 0.897 0.973 1.014 1.023 1.068 1.078 1.078 1.068 1.049 1.051 1.045 1.022 0.998 1.007 1.02 0.995 0.885 0.844 0.834 0.85 0.838 0.802 0.786 0.804 0.809 0.826 0.851 0.901 0.931 0.944 0.922 0.924 0.922 0.919 0.913 0.92 0.93 0.926 0.923 0.909 0.899 0.886
0.806 0.777 0.754 0.784 0.812 0.797 0.855 0.887 0.829 0.815 0.816 0.846 0.882 0.879 0.881 0.915 0.931 0.921 0.87 0.795 0.762 0.824 0.817 0.832 0.863 0.814 0.787 0.887 0.99 1.018 1.003 0.966 0.93 0.871 0.843 0.901 0.968 1.013 1.038 1.069 1.08 1.075 1.067 1.058 1.047 1.054 1.051 1.04 1.037 1.027 0.99 0.942 0.86 0.788 0.78 0.795 0.818 0.773 0.764 0.784 0.798 0.806 0.826 0.828 0.855 0.834 0.815 0.802 0.798 0.813 0.843 0.885 0.896 0.908 0.898 0.893 0.879
0.807 0.769 0.758 0.792 0.806 0.789 0.846 0.891 0.848 0.83 0.821 0.853 0.865 0.862 0.873 0.907 0.929 0.935 0.92 0.856 0.83 0.832 0.793 0.81 0.857 0.832 0.78 0.829 0.939 1.017 1.02 0.997 0.962 0.925 0.886 0.912 0.974 1.012 1.03 1.073 1.083 1.071 1.053 1.057 1.058 1.058 1.058 1.057 1.046 1.034 0.967 0.898 0.813 0.751 0.745 0.766 0.801 0.771 0.742 0.749 0.763 0.74 0.743 0.76 0.755 0.692 0.622 0.585 0.629 0.645 0.684 0.748 0.801 0.838 0.859 0.876 0.873
0.826 0.765 0.76 0.795 0.825 0.827 0.853 0.887 0.883 0.876 0.888 0.896 0.898 0.894 0.904 0.914 0.925 0.937 0.94 0.913 0.857 0.832 0.791 0.79 0.836 0.856 0.796 0.806 0.886 0.987 1.02 1.005 0.99 0.955 0.93 0.93 0.976 1.008 1.032 1.073 1.083 1.062 1.031 1.057 1.068 1.065 1.062 1.059 1.051 1.016 0.934 0.87 0.787 0.72 0.697 0.725 0.761 0.771 0.735 0.723 0.697 0.611 0.592 0.661 0.653 0.606 0.515 0.494 0.504 0.462 0.465 0.557 0.609 0.659 0.736 0.768 0.807
0.817 0.771 0.746 0.759 0.797 0.808 0.84 0.883 0.884 0.886 0.9 0.904 0.904 0.908 0.912 0.915 0.921 0.932 0.94 0.944 0.906 0.84 0.818 0.801 0.81 0.838 0.821 0.807 0.868 0.952 1.016 1.012 1.004 0.98 0.96 0.953 0.986 1.009 1.031 1.073 1.083 1.051 1.038 1.059 1.073 1.069 1.062 1.062 1.045 0.958 0.842 0.819 0.766 0.673 0.671 0.667 0.683 0.693 0.642 0.605 0.528 0.44 0.442 0.516 0.569 0.566 0.521 0.517 0.51 0.415 0.331 0.335 0.397 0.506 0.516 0.563 0.638
0.791 0.79 0.768 0.748 0.767 0.782 0.819 0.85 0.873 0.88 0.89 0.904 0.896 0.841 0.837 0.866 0.901 0.926 0.94 0.952 0.948 0.893 0.838 0.826 0.819 0.826 0.833 0.833 0.863 0.93 1.007 1.016 1.001 0.997 0.996 0.99 1.007 1.014 1.025 1.074 1.085 1.049 1.054 1.056 1.072 1.071 1.064 1.064 1.029 0.863 0.732 0.771 0.751 0.636 0.596 0.558 0.518 0.522 0.442 0.439 0.408 0.437 0.464 0.518 0.551 0.533 0.509 0.496 0.505 0.456 0.341 0.222 0.272 0.365 0.322 0.285 0.472
0.77 0.747 0.778 0.732 0.734 0.776 0.84 0.848 0.861 0.885 0.888 0.888 0.866 0.815 0.812 0.8 0.864 0.909 0.936 0.953 0.962 0.954 0.923 0.888 0.865 0.857 0.856 0.856 0.878 0.929 0.996 1.015 1.005 1.002 1.016 1.011 1.017 1.012 1.019 1.078 1.089 1.063 1.062 1.055 1.074 1.07 1.067 1.066 0.999 0.778 0.656 0.745 0.755 0.642 0.578 0.548 0.518 0.498 0.439 0.411 0.449 0.519 0.531 0.551 0.527 0.503 0.503 0.507 0.508 0.482 0.384 0.248 0.232 0.226 0.181 0.233 0.422
0.755 0.72 0.76 0.781 0.753 0.762 0.799 0.846 0.859 0.87 0.876 0.885 0.881 0.86 0.847 0.811 0.825 0.873 0.919 0.947 0.961 0.965 0.968 0.95 0.929 0.918 0.902 0.897 0.908 0.937 0.985 1.007 1.005 1.006 1.033 1.032 1.021 1.001 1.021 1.082 1.083 1.06 1.058 1.052 1.058 1.07 1.07 1.06 0.927 0.716 0.625 0.73 0.756 0.719 0.691 0.682 0.648 0.574 0.511 0.437 0.425 0.524 0.519 0.478 0.433 0.476 0.508 0.498 0.504 0.471 0.373 0.36 0.285 0.127 0.163 0.318 0.507
0.759 0.726 0.746 0.804 0.803 0.813 0.816 0.812 0.832 0.865 0.81 0.856 0.882 0.886 0.857 0.837 0.813 0.819 0.887 0.919 0.95 0.966 0.975 0.98 0.964 0.946 0.935 0.927 0.935 0.951 0.981 1 1.007 1.021 1.044 1.049 1.028 1.001 1.046 1.085 1.035 1.015 1.002 1.032 1.047 1.071 1.073 1.014 0.768 0.633 0.597 0.702 0.734 0.749 0.751 0.745 0.73 0.659 0.503 0.407 0.476 0.529 0.494 0.347 0.451 0.507 0.496 0.456 0.496 0.487 0.424 0.333 0.276 0.18 0.219 0.336 0.474
0.767 0.76 0.784 0.777 0.753 0.76 0.764 0.777 0.8 0.846 0.802 0.809 0.857 0.886 0.879 0.841 0.811 0.836 0.852 0.858 0.902 0.945 0.972 0.983 0.974 0.959 0.951 0.946 0.946 0.96 0.978 0.997 1.019 1.039 1.064 1.072 1.063 1.045 1.078 1.074 0.951 0.907 0.955 1.033 1.061 1.073 1.069 0.97 0.754 0.61 0.587 0.602 0.661 0.732 0.715 0.72 0.736 0.718 0.558 0.461 0.532 0.51 0.416 0.302 0.417 0.506 0.414 0.376 0.48 0.479 0.381 0.234 0.176 0.103 0.153 0.249 0.226
0.741 0.757 0.772 0.764 0.737 0.761 0.775 0.8 0.808 0.833 0.819 0.819 0.841 0.877 0.888 0.879 0.868 0.869 0.831 0.814 0.832 0.884 0.934 0.967 0.978 0.97 0.957 0.955 0.957 0.974 0.987 1.011 1.038 1.051 1.079 1.085 1.086 1.08 1.082 1.021 0.859 0.86 0.976 1.054 1.045 1.032 1.059 1.019 0.849 0.642 0.568 0.496 0.584 0.649 0.504 0.474 0.657 0.725 0.643 0.45 0.527 0.419 0.252 0.212 0.42 0.451 0.381 0.417 0.455 0.478 0.371 0.173 0.189 0.112 0.019 0.044 -0.049
0.718 0.734 0.759 0.763 0.744 0.758 0.786 0.793 0.775 0.805 0.843 0.831 0.854 0.858 0.876 0.888 0.887 0.869 0.823 0.803 0.793 0.809 0.877 0.925 0.962 0.975 0.962 0.972 0.971 0.99 1.007 1.029 1.049 1.068 1.083 1.086 1.079 1.072 1.055 0.896 0.82 0.903 1.004 1.05 1.004 1.032 1.071 1.063 0.978 0.749 0.588 0.46 0.56 0.613 0.518 0.392 0.528 0.716 0.627 0.387 0.505 0.387 0.234 0.306 0.45 0.307 0.271 0.341 0.331 0.451 0.377 0.311 0.338 0.219 0.032 -0.071 0
0.699 0.705 0.739 0.743 0.722 0.747 0.787 0.761 0.775 0.77 0.829 0.807 0.839 0.832 0.846 0.867 0.874 0.856 0.792 0.763 0.751 0.756 0.808 0.875 0.927 0.965 0.966 0.976 0.987 1.006 1.023 1.047 1.07 1.081 1.079 1.071 1.071 1.062 0.959 0.818 0.875 0.953 1.007 1.022 1.048 1.07 1.073 1.07 1.05 0.887 0.652 0.492 0.419 0.435 0.337 0.302 0.41 0.672 0.571 0.421 0.483 0.335 0.189 0.31 0.422 0.183 0.198 0.138 0.146 0.316 0.425 0.441 0.303 0.127 0.068 -0.067 0.004
0.673 0.692 0.713 0.707 0.707 0.726 0.766 0.739 0.764 0.733 0.792 0.8 0.828 0.826 0.832 0.845 0.862 0.857 0.815 0.78 0.753 0.749 0.76 0.832 0.897 0.955 0.96 0.976 0.995 1.01 1.035 1.063 1.081 1.083 1.061 1.066 1.06 0.959 0.932 0.915 0.944 0.978 1.019 1.036 0.964 1.049 1.072 1.067 1.061 0.947 0.657 0.428 0.247 0.202 0.154 0.302 0.5 0.656 0.56 0.469 0.38 0.253 0.048 0.227 0.376 0.09 0.135 0 0.045 0.122 0.286 0.439 0.359 0.21 0.111 0.015 -0.028
0.647 0.676 0.693 0.696 0.691 0.718 0.737 0.698 0.737 0.694 0.75 0.745 0.807 0.823 0.824 0.84 0.833 0.862 0.85 0.842 0.819 0.778 0.76 0.8 0.88 0.952 0.964 0.981 0.994 1.01 1.048 1.074 1.079 1.066 1.057 1.049 0.966 0.899 0.925 0.958 0.934 0.981 1.05 0.991 0.826 0.861 1.005 1.052 1.062 1.002 0.692 0.347 0.231 0.268 0.347 0.484 0.624 0.646 0.501 0.327 0.174 0.188 0.023 0.22 0.335 0.034 0.057 -0.054 0.025 0.111 0.283 0.417 0.347 0.383 0.29 0.141 -0.046
0.625 0.651 0.652 0.69 0.668 0.711 0.707 0.67 0.693 0.666 0.678 0.682 0.729 0.8 0.825 0.807 0.825 0.861 0.821 0.811 0.834 0.829 0.805 0.831 0.887 0.941 0.97 0.978 0.987 1.031 1.066 1.072 1.055 1.065 1.032 0.979 0.96 0.973 0.961 0.928 0.989 1.054 1.046 0.92 0.682 0.585 0.666 0.927 1.056 1.042 0.896 0.597 0.524 0.502 0.556 0.633 0.704 0.589 0.371 0.22 0.054 0.087 0.021 0.269 0.241 0.016 -0.041 -0.01 0.094 0.214 0.375 0.373 0.2 0.254 0.331 -0.051 -0.368
0.61 0.599 0.624 0.666 0.632 0.693 0.686 0.642 0.665 0.606 0.629 0.657 0.677 0.738 0.815 0.807 0.841 0.829 0.765 0.764 0.773 0.818 0.845 0.86 0.886 0.931 0.967 0.988 1.006 1.056 1.048 1.055 1.06 1.04 1 0.953 0.99 0.956 0.949 0.998 1.065 1.073 1.013 0.782 0.531 0.353 0.254 0.593 0.969 1.028 0.995 0.831 0.767 0.714 0.744 0.782 0.78 0.593 0.334 0.23 0.051 0.03 0.095 0.291 0.121 -0.031 -0.017 0.113 0.226 0.291 0.368 0.193 -0.006 0.036 0.255 -0.012 -0.39
0.556 0.554 0.604 0.655 0.606 0.648 0.651 0.594 0.63 0.563 0.579 0.634 0.699 0.721 0.8 0.841 0.864 0.87 0.825 0.745 0.719 0.747 0.801 0.859 0.905 0.961 0.993 1.016 1.029 1.019 1.002 1.026 1.052 1.071 1.074 1.057 1.003 0.972 1.014 1.062 1.073 1.063 0.943 0.611 0.371 0.149 0.074 0.263 0.706 0.92 0.96 0.936 0.921 0.898 0.905 0.916 0.886 0.72 0.506 0.354 0.208 0.055 0.164 0.258 0.071 -0.075 -0.009 0.147 0.274 0.23 0.345 0.168 -0.123 -0.214 0.031 -0.012 -0.378
0.503 0.532 0.571 0.614 0.591 0.621 0.625 0.563 0.525 0.569 0.607 0.605 0.628 0.687 0.784 0.78 0.738 0.751 0.86 0.87 0.816 0.813 0.887 0.954 0.995 1.009 1.017 1.014 0.979 0.915 0.939 0.975 1.054 1.063 1.077 1.076 1.02 1.034 1.062 1.073 1.06 1.032 0.929 0.639 0.343 0.223 0.203 0.242 0.466 0.681 0.828 0.89 0.947 0.97 0.973 0.965 0.945 0.86 0.717 0.552 0.359 0.056 0.174 0.189 0.027 -0.097 0.002 0.122 0.245 0.191 0.298 0.037 -0.291 -0.392 0.034 -0.182 -0.451
0.448 0.49 0.553 0.579 0.575 0.562 0.584 0.522 0.515 0.53 0.569 0.668 0.705 0.722 0.767 0.769 0.667 0.615 0.721 0.841 0.935 0.945 0.96 0.954 0.921 0.882 0.873 0.903 0.908 0.933 0.986 1.025 1.056 1.022 1.037 1.08 1.065 1.064 1.077 1.073 1.045 1.034 1.014 0.921 0.698 0.523 0.329 0.181 0.257 0.337 0.566 0.712 0.816 0.895 0.929 0.954 0.92 0.918 0.827 0.702 0.487 0.124 0.078 0.055 -0.036 -0.083 0.032 0.147 0.142 -0.042 0.105 0.122 -0.339 -0.328 -0.001 -0.426 -0.323
0.482 0.421 0.481 0.555 0.521 0.523 0.534 0.559 0.593 0.606 0.625 0.652 0.667 0.749 0.784 0.75 0.638 0.582 0.663 0.811 0.88 0.879 0.861 0.806 0.749 0.673 0.666 0.828 0.869 0.865 0.926 1.005 1.06 1.016 1.005 1.074 1.076 1.077 1.075 1.073 1.063 1.06 1.061 1.047 0.979 0.853 0.597 0.2 0.133 0.171 0.32 0.411 0.557 0.658 0.706 0.731 0.727 0.921 0.891 0.822 0.654 0.381 0.125 -0.011 -0.005 -0.039 0.058 -0.009 -0.011 -0.241 0.009 0.14 -0.286 -0.398 -0.299 -0.465 -0.169
0.445 0.392 0.441 0.484 0.475 0.482 0.462 0.512 0.542 0.544 0.598 0.642 0.71 0.714 0.772 0.728 0.59 0.589 0.694 0.821 0.783 0.739 0.74 0.709 0.684 0.602 0.559 0.728 0.691 0.664 0.759 0.909 1.039 1.046 1.013 1.066 1.073 1.074 1.073 1.073 1.069 1.067 1.059 1.057 1.054 1.018 0.86 0.487 0.282 0.343 0.438 0.28 0.257 0.345 0.431 0.623 0.847 0.941 0.917 0.864 0.764 0.549 0.296 0.206 0.128 -0.049 -0.07 -0.211 -0.178 -0.13 0.044 -0.136 -0.42 -0.552 -0.459 -0.401 -0.198
0.347 0.364 0.378 0.386 0.372 0.362 0.377 0.428 0.452 0.49 0.572 0.658 0.69 0.649 0.766 0.7 0.577 0.619 0.656 0.768 0.703 0.684 0.714 0.71 0.646 0.565 0.539 0.612 0.562 0.524 0.599 0.778 0.975 1.063 1.024 1.065 1.073 1.066 1.056 0.991 0.995 1.044 1.044 1.038 1.049 1.045 0.955 0.588 0.394 0.625 0.609 0.277 0.387 0.621 0.756 0.875 0.947 0.94 0.92 0.824 0.636 0.567 0.443 0.265 0.182 0.073 -0.063 -0.249 -0.285 -0.236 -0.295 -0.407 -0.548 -0.58 -0.572 -0.365 -0.473
0.315 0.349 0.314 0.391 0.306 0.316 0.328 0.39 0.415 0.49 0.537 0.599 0.672 0.653 0.753 0.661 0.555 0.551 0.583 0.678 0.707 0.682 0.626 0.603 0.532 0.446 0.519 0.493 0.428 0.406 0.513 0.697 0.918 1.064 1.062 1.068 1.069 0.951 0.848 0.723 0.743 0.87 0.919 0.964 1.014 1.04 0.94 0.739 0.757 0.893 0.643 0.582 0.865 0.966 0.97 0.965 0.888 0.832 0.8 0.728 0.636 0.665 0.501 0.389 0.318 0.289 0.081 -0.112 -0.174 -0.161 -0.09 -0.097 -0.159 -0.185 -0.27 -0.333 -0.618
0.375 0.405 0.354 0.414 0.345 0.362 0.403 0.461 0.471 0.527 0.509 0.612 0.654 0.685 0.73 0.611 0.52 0.493 0.474 0.602 0.658 0.528 0.461 0.367 0.301 0.265 0.467 0.371 0.237 0.315 0.511 0.735 0.92 1.063 1.07 1.067 0.978 0.785 0.719 0.701 0.87 0.98 1.024 1.033 1.037 1.036 1.027 1.005 1.012 1.008 0.957 0.976 0.993 0.97 0.926 0.964 0.786 0.623 0.501 0.503 0.406 0.506 0.562 0.667 0.606 0.459 0.262 0.144 0.306 0.366 0.283 0.117 -0.022 -0.128 -0.231 -0.402 -0.679
0.405 0.445 0.408 0.418 0.399 0.342 0.381 0.441 0.501 0.561 0.571 0.592 0.649 0.713 0.688 0.587 0.507 0.426 0.378 0.518 0.563 0.411 0.346 0.208 0.215 0.305 0.346 0.18 -0.067 -0.003 0.343 0.682 0.836 0.966 1.012 1.043 0.865 0.724 0.82 0.953 1.035 1.048 1.05 1.046 1.038 1.036 1.032 1.024 1.016 1.012 0.999 0.983 0.879 0.739 0.77 0.956 0.778 0.359 -0.018 -0.02 0.085 0.155 0.151 0.299 0.481 0.621 0.583 0.567 0.588 0.543 0.224 -0.033 -0.134 -0.237 -0.327 -0.443 -0.65
0.438 0.487 0.469 0.466 0.426 0.328 0.414 0.461 0.502 0.507 0.543 0.616 0.703 0.654 0.618 0.608 0.549 0.449 0.396 0.384 0.376 0.255 0.208 0.018 -0.017 0.102 -0.018 -0.125 -0.17 -0.023 0.373 0.775 0.918 0.946 1.032 1.054 0.96 0.945 1.032 1.039 1.028 0.999 0.966 0.967 1.001 1.014 1.015 1.015 1.003 0.954 0.865 0.717 0.54 0.496 0.741 0.956 0.733 0.155 -0.263 -0.14 -0.084 -0.095 -0.073 -0.055 0.013 0.294 0.458 0.411 0.419 0.311 0.24 0.182 -0.102 -0.276 -0.318 -0.397 -0.528
0.452 0.51 0.51 0.45 0.382 0.37 0.429 0.434 0.447 0.505 0.612 0.689 0.643 0.546 0.512 0.502 0.508 0.511 0.482 0.394 0.251 0.024 -0.04 0.067 0.098 0.144 0.048 0.031 -0.008 0.191 0.625 1 1.057 1.047 0.986 0.973 1.038 1.037 1.03 0.992 0.911 0.831 0.644 0.588 0.835 0.869 0.899 0.9 0.832 0.701 0.614 0.521 0.487 0.577 0.743 0.949 0.821 0.369 -0.035 -0.164 -0.218 -0.247 -0.226 -0.247 -0.157 -0.027 0.022 -0.048 0.123 -0.134 -0.014 0.236 0.173 -0.134 -0.247 -0.376 -0.602
0.459 0.54 0.463 0.425 0.378 0.429 0.45 0.418 0.502 0.59 0.681 0.666 0.513 0.441 0.372 0.387 0.47 0.414 0.39 0.461 0.232 0.032 -0.015 0.12 0.207 0.309 0.325 0.288 0.371 0.639 0.965 1.056 0.985 0.803 0.938 0.915 0.914 0.94 0.998 0.961 0.773 0.541 0.254 0.382 0.599 0.531 0.507 0.488 0.524 0.503 0.344 0.186 0.229 0.488 0.845 0.943 0.908 0.618 0.316 0.172 0.026 -0.058 -0.117 -0.234 -0.251 -0.285 -0.424 -0.304 -0.028 -0.431 -0.402 -0.119 0.308 0.051 -0.22 -0.453 -0.635
0.533 0.522 0.43 0.345 0.345 0.403 0.477 0.506 0.579 0.646 0.687 0.597 0.368 0.301 0.239 0.399 0.384 0.258 0.213 0.384 0.249 0.067 0.03 0.107 0.093 0.21 0.487 0.665 0.789 0.934 1.027 1.033 0.842 0.893 0.891 0.637 0.606 0.614 0.773 0.962 0.735 0.255 0.003 0.223 0.36 0.208 0.132 0.177 0.348 0.26 0.004 -0.15 0.091 0.626 0.937 0.94 0.862 0.415 0.102 0.095 0.063 -0.047 -0.166 -0.313 -0.495 -0.64 -0.701 -0.357 -0.106 -0.643 -0.602 -0.289 0.049 0.207 -0.171 -0.611 -0.617
