data/climatemaps/RS_maps/climate_winter_tmin_2016.asc
NCOLS 369 
NROWS 228 
XLLCORNER 479000 
YLLCORNER 73000 
CELLSIZE 1000 
NODATA_value -9 
[rows 68 to 101 of 228, columns 231 to 307 of 369]
0.688 0.692 0.681 0.672 0.665 0.662 0.625 0.609 0.58 0.548 0.47 0.322 0.202 0.111 0.047 -0.06 -0.065 0.026 0.183 0.028 0.139 0.257 0.311 0.25 0.135 -0.091 -0.366 -0.305 -0.196 -0.408 -0.565 -0.591 -0.376 -0.289 -0.824 -0.948 -0.738 -0.733 -0.647 -0.247 0.051 0.286 0.498 0.529 0.542 0.542 0.532 0.47 0.434 0.434 0.519 0.523 0.413 0.39 0.486 0.519 0.519 0.531 0.551 0.508 -9 -9 -9 -9 -9 -9 -9 -9 -9 -9 -9 -9 -9 -9 -9 -9 -9
0.715 0.719 0.714 0.701 0.707 0.719 0.713 0.692 0.655 0.618 0.563 0.458 0.312 0.231 0.106 -0.094 -0.187 -0.07 0.171 -0.01 0.004 0.154 0.268 0.275 0.173 -0.082 -0.333 -0.38 -0.442 -0.602 -0.536 -0.32 -0.059 -0.271 -0.548 -0.466 -0.521 -0.548 -0.298 -0.049 0.169 0.383 0.515 0.535 0.544 0.546 0.526 0.477 0.484 0.53 0.531 0.41 0.106 0.088 0.302 0.426 0.508 0.545 0.559 0.562 -9 -9 -9 -9 -9 -9 -9 -9 -9 -9 -9 -9 -9 -9 -9 -9 -9
0.748 0.752 0.744 0.715 0.717 0.726 0.731 0.728 0.715 0.687 0.645 0.555 0.392 0.212 0.127 -0.093 -0.198 -0.065 0.048 -0.188 -0.108 -0.014 0.043 0.133 0.181 0.01 -0.23 -0.546 -0.379 -0.275 -0.241 -0.098 -0.087 -0.233 -0.227 -0.235 -0.267 -0.187 -0.168 -0.006 0.226 0.452 0.524 0.54 0.545 0.546 0.541 0.538 0.547 0.537 0.427 0.08 -0.238 -0.051 0.223 0.209 0.326 0.446 0.528 0.557 -9 -9 -9 -9 -9 -9 -9 -9 -9 -9 -9 -9 -9 -9 -9 -9 -9
0.75 0.687 0.67 0.69 0.719 0.736 0.734 0.734 0.725 0.704 0.694 0.639 0.426 0.165 0.07 -0.021 -0.227 -0.158 -0.233 -0.276 -0.09 -0.202 -0.142 0.039 0.162 0.158 -0.207 -0.375 -0.309 -0.164 -0.073 0.026 -0.004 -0.05 -0.067 -0.042 -0.036 -0.026 0.004 0.112 0.302 0.49 0.536 0.549 0.551 0.551 0.554 0.554 0.555 0.49 0.193 -0.271 -0.389 0.044 0.123 -0.087 0.022 0.226 0.39 -9 -9 -9 -9 -9 -9 -9 -9 -9 -9 -9 -9 -9 -9 -9 -9 -9 -9
0.729 0.659 0.66 0.714 0.751 0.753 0.744 0.741 0.722 0.661 0.709 0.657 0.526 0.224 -0.018 -0.004 -0.232 -0.361 -0.451 -0.308 -0.17 -0.015 0.09 0.042 0.074 0.164 -0.051 -0.115 -0.095 0.061 0.059 0.031 -0.048 -0.086 -0.157 -0.168 -0.144 -0.08 0.019 0.164 0.333 0.499 0.541 0.557 0.558 0.557 0.563 0.56 0.535 0.301 -0.081 -0.571 -0.356 0.054 0.003 -0.37 -0.257 0.076 0.256 -9 -9 -9 -9 -9 -9 -9 -9 -9 -9 -9 -9 -9 -9 -9 -9 -9 -9
0.747 0.734 0.738 0.733 0.756 0.753 0.75 0.744 0.69 0.632 0.726 0.7 0.626 0.321 0.017 -0.268 -0.298 -0.569 -0.43 -0.21 -0.106 -0.074 -0.091 -0.294 -0.171 -0.139 0.086 0.081 0.041 -0.1 -0.226 -0.259 -0.296 -0.304 -0.401 -0.395 -0.361 -0.283 -0.126 0.077 0.286 0.477 0.548 0.562 0.565 0.565 0.563 0.554 0.456 0.085 -0.377 -0.758 -0.426 0.036 -0.286 -0.664 -0.49 -0.185 -0.12 -9 -9 -9 -9 -9 -9 -9 -9 -9 -9 -9 -9 -9 -9 -9 -9 -9 -9
0.753 0.749 0.755 0.756 0.754 0.752 0.753 0.746 0.701 0.696 0.735 0.727 0.671 0.402 0.035 -0.424 -0.465 -0.506 -0.486 -0.359 -0.225 -0.311 -0.309 -0.35 -0.379 -0.256 -0.136 -0.267 -0.318 -0.454 -0.46 -0.511 -0.621 -0.605 -0.652 -0.544 -0.387 -0.277 -0.112 0.032 0.17 0.384 0.519 0.56 0.567 0.569 0.566 0.535 0.389 -0.063 -0.727 -0.923 -0.485 -0.026 -0.557 -0.849 -0.457 -0.418 -0.529 -0.172 0.147 -0.082 -0.115 -9 -9 -9 -9 -9 -9 -9 -9 -9 -9 -9 -9 -9 -9
0.71 0.704 0.7 0.679 0.675 0.691 0.727 0.738 0.747 0.745 0.741 0.738 0.691 0.335 -0.2 -0.476 -0.306 -0.318 -0.532 -0.428 -0.291 -0.363 -0.456 -0.433 -0.347 -0.239 -0.41 -0.644 -0.619 -0.607 -0.633 -0.766 -0.919 -0.848 -0.793 -0.586 -0.312 -0.22 -0.298 -0.268 -0.044 0.201 0.294 0.486 0.569 0.572 0.572 0.489 0.281 -0.245 -0.842 -0.617 -0.182 -0.271 -0.588 -0.901 -0.583 -0.583 -0.578 -0.405 0.01 -0.212 -0.539 -0.714 -0.447 -0.071 0.152 -9 -9 -9 -9 -9 -9 -9 -9 -9 -9
0.576 0.439 0.362 0.314 0.292 0.398 0.585 0.652 0.717 0.743 0.746 0.745 0.672 0.183 -0.382 -0.323 -0.038 -0.289 -0.212 -0.092 -0.106 -0.265 -0.308 -0.448 -0.421 -0.522 -0.714 -0.811 -0.794 -0.797 -0.821 -1.003 -1.026 -0.896 -0.719 -0.491 -0.274 -0.481 -0.768 -0.455 -0.285 -0.14 0.105 0.405 0.563 0.577 0.577 0.503 0.263 -0.26 -0.775 -0.5 -0.178 -0.612 -0.83 -0.998 -0.753 -0.635 -0.693 -0.513 -0.09 -0.238 -0.601 -0.8 -0.519 -0.247 -0.026 0.284 0.452 0.593 -9 -9 -9 -9 -9 -9 -9
0.52 0.18 0.061 0.056 0.001 -0.024 0.188 0.27 0.406 0.641 0.736 0.747 0.65 0.137 -0.122 0.112 0.256 -0.041 0.145 0.149 -0.032 -0.161 -0.23 -0.483 -0.646 -0.76 -0.748 -0.669 -0.625 -0.543 -0.47 -0.678 -0.827 -0.796 -0.707 -0.65 -0.594 -0.871 -0.984 -0.782 -0.559 -0.295 0.062 0.319 0.505 0.588 0.588 0.556 0.225 -0.436 -0.807 -0.512 -0.267 -0.533 -0.781 -0.919 -0.753 -0.796 -0.709 -0.392 -0.277 -0.499 -0.75 -0.75 -0.593 -0.358 -0.062 0.247 0.181 0.361 0.449 0.551 0.649 0.473 -9 -9 -9
0.526 0.409 0.246 0.084 -0.131 -0.193 -0.105 -0.044 0.046 0.303 0.638 0.739 0.666 0.408 0.248 0.463 0.555 0.4 0.466 0.406 0.21 0.1 -0.038 -0.216 -0.289 -0.29 -0.258 -0.147 -0.111 0.005 0.152 0.079 -0.156 -0.333 -0.45 -0.831 -1.012 -1.129 -1.062 -0.911 -0.633 -0.222 -0.035 0.167 0.471 0.593 0.593 0.585 0.304 -0.268 -0.589 -0.31 -0.525 -0.774 -0.636 -0.862 -0.935 -0.824 -0.379 -0.386 -0.651 -0.775 -0.948 -0.706 -0.63 -0.529 -0.087 0.137 -0.343 -0.102 -0.182 -0.022 0.629 0.527 -0.05 -0.503 -0.605
0.49 0.359 0.322 0.183 -0.01 -0.214 -0.208 -0.162 -0.233 -0.089 0.318 0.633 0.748 0.679 0.646 0.707 0.729 0.728 0.692 0.673 0.623 0.572 0.493 0.455 0.485 0.485 0.482 0.491 0.464 0.507 0.568 0.569 0.471 0.206 -0.133 -0.744 -0.693 -0.87 -1.147 -0.809 -0.449 -0.507 -0.227 0.128 0.487 0.592 0.595 0.595 0.449 -0.013 -0.344 -0.336 -0.744 -0.98 -0.761 -0.911 -1.01 -0.628 -0.311 -0.787 -0.889 -1.036 -0.913 -0.543 -0.325 -0.193 0.001 -0.248 -0.821 -0.678 -0.722 -0.517 0.225 0.62 0.421 -0.092 -0.441
0.397 0.278 0.155 0.122 0.034 -0.241 -0.306 -0.25 -0.219 -0.1 0.102 0.466 0.742 0.765 0.767 0.736 0.614 0.509 0.516 0.612 0.681 0.727 0.732 0.728 0.715 0.717 0.715 0.708 0.694 0.695 0.695 0.682 0.677 0.603 0.246 -0.36 -0.391 -0.532 -0.853 -0.924 -0.76 -0.757 -0.279 0.14 0.39 0.566 0.604 0.606 0.542 0.18 -0.16 -0.382 -0.631 -0.745 -0.811 -1.078 -0.974 -0.517 -0.428 -1.063 -1.07 -0.981 -0.736 -0.507 -0.109 -0.006 -0.515 -0.306 -1.037 -1.12 -1.027 -0.603 0.229 0.638 0.563 0.051 -0.258
0.351 0.357 0.148 -0.066 -0.035 -0.333 -0.361 -0.258 -0.26 -0.253 -0.103 0.285 0.683 0.771 0.702 0.489 0.238 0.134 0.185 0.264 0.42 0.521 0.585 0.613 0.645 0.641 0.636 0.648 0.588 0.587 0.575 0.526 0.658 0.683 0.636 0.097 -0.19 -0.468 -0.653 -1.025 -1.032 -0.705 -0.294 0.08 0.313 0.491 0.605 0.611 0.553 0.257 -0.132 -0.526 -0.464 -0.682 -0.734 -1.067 -0.866 -0.425 -0.526 -1.026 -1.097 -0.892 -0.679 -0.409 -0.011 -0.37 -0.855 -0.753 -0.972 -1.355 -0.932 -0.234 0.211 0.603 0.569 0.188 -0.091
0.137 0.295 0.208 -0.095 -0.128 -0.317 -0.433 -0.307 -0.225 -0.201 -0.126 0.057 0.572 0.772 0.569 0.178 -0.167 -0.21 -0.097 -0.027 0.167 0.115 0.22 0.221 0.43 0.266 0.322 0.389 0.332 0.164 0.097 0.196 0.372 0.612 0.674 0.499 -0.054 -0.492 -0.643 -0.808 -1.036 -0.747 -0.366 0.08 0.345 0.459 0.602 0.614 0.577 0.263 -0.223 -0.733 -0.516 -0.847 -0.805 -0.93 -0.794 -0.36 -0.578 -0.962 -1.181 -0.859 -0.507 -0.268 -0.078 -0.787 -1.225 -1.131 -1.225 -1.164 -0.653 -0.283 0.139 0.507 0.641 0.537 0.357
0.045 0.274 0.287 0.042 -0.334 -0.461 -0.431 -0.317 -0.202 -0.032 0.047 0.175 0.562 0.781 0.608 0.165 -0.315 -0.494 -0.252 -0.411 -0.108 -0.361 -0.212 -0.091 0.277 -0.198 -0.16 -0.014 0 -0.331 -0.236 -0.04 0.215 0.527 0.655 0.649 0.394 -0.031 -0.525 -0.61 -0.772 -0.593 -0.254 0.114 0.401 0.534 0.616 0.614 0.538 0.127 -0.325 -0.83 -0.654 -0.826 -1.075 -1.067 -0.852 -0.392 -0.649 -1.036 -1.094 -0.767 -0.812 -0.734 -0.222 -0.909 -1.472 -1.227 -1.065 -0.75 -0.605 -0.337 -0.038 0.182 0.461 0.535 0.579
0.011 0.184 0.33 0.081 -0.497 -0.605 -0.457 -0.144 0.007 0.06 0.027 0.052 0.617 0.786 0.666 0.204 -0.149 -0.513 -0.221 -0.823 -0.462 -0.662 -0.57 -0.039 -0.116 -0.537 -0.613 -0.446 -0.474 -0.496 -0.397 -0.216 0.097 0.33 0.526 0.614 0.623 0.439 -0.078 -0.384 -0.699 -0.494 -0.154 0.218 0.499 0.607 0.628 0.614 0.358 -0.123 -0.603 -0.999 -0.802 -0.73 -1.153 -1.192 -0.792 -0.578 -0.725 -0.94 -1.175 -1.045 -1.15 -0.661 -0.468 -0.812 -1.348 -0.978 -0.686 -0.539 -0.56 -0.451 -0.509 -0.296 0.096 0.258 0.507
-0.098 0.158 0.326 0.025 -0.358 -0.682 -0.487 -0.049 -0.137 -0.296 -0.406 -0.251 0.674 0.736 0.383 0.01 -0.203 -0.505 -0.388 -1.036 -0.664 -0.75 -0.687 -0.138 -0.584 -0.778 -0.838 -0.765 -0.746 -0.665 -0.491 -0.165 0.014 0.045 0.232 0.381 0.555 0.638 0.491 -0.031 -0.574 -0.546 -0.135 0.327 0.57 0.63 0.634 0.562 -0.045 -0.497 -0.534 -0.999 -1.12 -0.861 -1.105 -1.072 -0.774 -1.071 -1.052 -1.154 -1.589 -1.59 -1.351 -0.965 -1.024 -0.741 -1.177 -1.019 -0.766 -0.747 -0.995 -0.892 -0.835 -0.492 -0.079 -0.052 0.167
-0.148 0.187 0.21 -0.238 -0.541 -0.672 -0.233 -0.297 -0.595 -0.779 -0.924 -0.178 0.749 0.639 0.142 -0.262 -0.627 -0.667 -0.579 -1.072 -0.759 -0.562 -0.517 -0.212 -0.787 -1.054 -0.968 -0.887 -0.808 -0.64 -0.325 -0.096 -0.354 -0.367 -0.108 0.119 0.304 0.539 0.639 0.438 0.025 -0.211 0.124 0.52 0.621 0.63 0.63 0.535 -0.222 -0.738 -0.791 -0.859 -1.268 -1.215 -1.459 -1.282 -1.082 -1.365 -1.302 -1.568 -1.842 -1.827 -1.757 -1.493 -1.534 -1.027 -1.183 -1.181 -1.049 -0.795 -1.128 -1.044 -0.754 -0.37 -0.348 -0.48 -0.142
-0.385 0.098 -0.094 -0.494 -0.761 -0.5 -0.347 -0.684 -0.836 -0.906 -0.837 0.202 0.782 0.561 0.188 -0.274 -0.697 -0.836 -0.856 -0.825 -0.685 -0.854 -0.822 -0.327 -0.836 -1.16 -0.986 -0.766 -0.569 -0.375 -0.141 -0.404 -0.773 -0.644 -0.397 -0.146 0.088 0.273 0.499 0.608 0.549 0.384 0.534 0.642 0.614 0.537 0.515 0.524 -0.006 -0.537 -1.067 -1.287 -1.399 -1.429 -1.199 -1.328 -1.329 -1.3 -1.08 -1.149 -1.401 -1.667 -1.812 -1.619 -1.35 -1.093 -1.233 -1.366 -1.152 -0.979 -1.193 -1.092 -0.62 -0.368 -0.773 -0.873 -0.392
-0.325 -0.053 -0.332 -0.692 -0.907 -0.566 -0.715 -0.84 -0.786 -0.583 -0.092 0.442 0.745 0.678 0.237 -0.234 -0.758 -1.086 -1.063 -0.814 -0.926 -1.02 -0.766 -0.518 -0.95 -1.15 -0.912 -0.73 -0.413 -0.202 -0.294 -0.852 -0.948 -0.739 -0.541 -0.353 -0.107 0.049 0.239 0.469 0.635 0.633 0.657 0.654 0.636 0.442 0.224 0.457 0.333 -0.293 -1.06 -1.29 -1.164 -1.11 -0.995 -0.869 -0.911 -0.909 -0.703 -0.743 -0.906 -1.078 -1.335 -1.343 -1.213 -1.219 -1.331 -1.296 -1.231 -1.238 -1.114 -0.965 -0.656 -0.64 -1.087 -0.913 -0.516
-0.337 -0.5 -0.693 -0.861 -0.821 -0.622 -0.674 -0.539 -0.427 0.097 0.378 0.532 0.658 0.762 0.567 -0.068 -0.794 -1.078 -1.202 -1.062 -0.948 -0.888 -0.799 -0.965 -1.134 -1.176 -1.028 -0.939 -0.627 -0.321 -0.534 -1.148 -0.961 -0.687 -0.615 -0.572 -0.323 -0.043 0.182 0.289 0.552 0.646 0.658 0.661 0.656 0.642 0.445 0.219 0.38 0.183 -0.249 -0.642 -1.166 -0.967 -0.805 -0.666 -0.531 -0.373 -0.472 -0.596 -0.669 -0.846 -0.969 -1.095 -1.169 -1.223 -1.112 -0.974 -1.173 -1.505 -1.289 -0.937 -0.9 -1.005 -1.286 -1.088 -0.838
-0.505 -0.631 -0.592 -0.379 -0.35 -0.435 -0.413 -0.003 0.118 0.1 0.06 0.27 0.403 0.715 0.781 0.368 -0.414 -0.86 -1.26 -1.235 -0.938 -1.09 -1.156 -1.134 -1.146 -1.299 -1.246 -1.126 -0.795 -0.459 -0.781 -1.204 -0.868 -0.856 -0.838 -0.718 -0.42 0.066 -0.091 -0.083 0.379 0.566 0.637 0.651 0.652 0.661 0.669 0.579 0.405 0.346 -0.011 -0.4 -0.935 -1.018 -1.006 -0.95 -0.724 -0.31 -0.251 -0.438 -0.6 -0.925 -1.103 -0.996 -1.014 -1.076 -0.754 -0.721 -1.054 -1.312 -1.481 -1.286 -1.402 -1.525 -1.313 -1.264 -1.119
-0.353 -0.293 0.04 0.182 0.204 0.157 0.119 0.14 0.057 -0.218 -0.305 -0.496 -0.119 0.53 0.755 0.541 -0.22 -0.812 -1.15 -1.311 -1.045 -1.105 -1.168 -0.939 -1.038 -1.337 -1.347 -1.185 -0.813 -0.796 -1.04 -1.154 -1.008 -1.056 -0.951 -0.733 -0.199 0.091 -0.417 -0.405 0.084 0.266 0.4 0.491 0.59 0.643 0.662 0.643 0.56 0.488 0.201 -0.073 -0.631 -0.947 -1.219 -1.092 -0.787 -0.293 -0.079 -0.472 -0.768 -1.104 -1.017 -0.678 -0.737 -0.79 -0.503 -0.481 -0.803 -0.965 -1.177 -1.398 -1.643 -1.244 -1.197 -1.416 -1.348
-0.113 -0.079 0.221 0.117 -0.094 -0.04 -0.099 -0.525 -0.836 -0.973 -1.003 -0.98 -0.225 0.466 0.713 0.562 -0.172 -0.683 -0.913 -1.207 -0.92 -0.689 -0.848 -0.696 -1.053 -1.23 -1.176 -1.207 -1.1 -1.206 -1.232 -1.258 -1.175 -1.071 -0.784 -0.381 0.068 -0.329 -0.701 -0.641 -0.233 -0.052 -0.091 0.038 0.201 0.495 0.629 0.66 0.642 0.603 0.424 0.159 -0.298 -0.695 -1.1 -0.917 -0.562 -0.158 0.035 -0.318 -0.67 -0.994 -0.707 -0.278 -0.52 -0.446 -0.174 -0.385 -0.621 -0.957 -1.358 -1.256 -1.168 -0.944 -1.113 -1.467 -1.452
-0.576 -0.714 -0.11 -0.347 -0.85 -0.86 -1.013 -1.438 -1.725 -1.603 -1.356 -0.61 0.061 0.525 0.726 0.524 -0.01 -0.232 -0.481 -0.89 -0.625 -0.314 -0.588 -0.782 -1.177 -0.869 -0.932 -1.315 -1.305 -1.348 -1.244 -1.117 -1.033 -0.865 -0.623 -0.024 -0.094 -0.655 -1.055 -0.879 -0.481 -0.336 -0.538 -0.352 -0.186 0.204 0.507 0.611 0.669 0.656 0.581 0.418 0.051 -0.276 -0.599 -0.518 -0.257 0.059 0.158 -0.207 -0.462 -0.611 -0.424 -0.014 -0.353 -0.098 -0.183 -0.592 -0.832 -0.953 -1.263 -1.226 -0.936 -0.725 -0.93 -1.298 -1.308
-0.984 -1.058 -0.597 -0.333 -0.657 -0.918 -1.392 -1.642 -1.742 -1.403 -0.972 -0.457 0.176 0.647 0.731 0.572 0.279 0.214 0.125 -0.274 -0.201 -0.284 -0.801 -1.143 -1.199 -0.59 -0.877 -1.366 -1.111 -1.143 -1.302 -0.813 -0.529 -0.432 -0.2 -0.026 -0.39 -0.756 -1.294 -1.177 -0.706 -0.792 -0.882 -0.649 -0.348 0.176 0.338 0.38 0.606 0.674 0.662 0.592 0.393 0.072 -0.181 -0.103 0.039 0.291 0.246 0.077 -0.048 -0.201 -0.037 0.161 0.06 0.143 -0.032 -0.312 -0.436 -0.753 -1.23 -1.063 -0.711 -0.822 -1.077 -1.316 -1.286
-1.14 -1.169 -0.906 -0.57 -0.4 -0.779 -1.257 -1.526 -1.421 -0.762 -0.518 -0.153 0.44 0.734 0.511 0.376 -0.134 -0.218 0.147 0.25 0.185 -0.257 -0.84 -1.166 -1.106 -0.483 -0.793 -1.251 -0.768 -0.96 -0.999 -0.59 -0.193 -0.142 -0.16 -0.308 -0.766 -0.912 -1.466 -1.407 -1.101 -1.124 -1.076 -0.812 -0.355 0.24 0.089 -0.008 0.338 0.607 0.681 0.664 0.614 0.374 0.156 0.192 0.373 0.539 0.526 0.437 0.326 0.256 0.331 0.313 0.098 -0.189 -0.307 -0.282 -0.488 -0.772 -0.755 -0.605 -0.536 -0.958 -1.373 -1.461 -1.142
-1.118 -1.072 -0.929 -0.788 -0.836 -1.008 -1.29 -1.268 -0.99 -0.471 -0.251 0.21 0.668 0.544 0.138 0.169 -0.38 -0.762 -0.38 -0.046 0.332 -0.093 -0.653 -0.838 -0.951 -0.461 -0.721 -1.138 -0.806 -0.567 -0.584 -0.29 -0.445 -0.808 -0.768 -0.345 -0.99 -1.121 -1.545 -1.533 -1.244 -1.093 -0.941 -0.624 -0.235 0.225 -0.15 -0.277 -0.079 0.345 0.654 0.692 0.68 0.624 0.463 0.322 0.448 0.432 0.33 0.339 0.497 0.518 0.255 -0.09 -0.344 -0.557 -0.708 -0.722 -0.636 -0.52 -0.359 -0.541 -0.655 -0.845 -1.308 -1.419 -1.115
-1.051 -1.077 -0.963 -0.872 -1.33 -1.212 -1.009 -0.784 -0.525 -0.238 0.086 0.564 0.63 0.191 -0.14 0.049 -0.474 -1.01 -0.846 -0.567 0.034 0.207 -0.336 -0.508 -0.573 -0.347 -0.799 -1.186 -0.783 -0.384 -0.536 -0.642 -0.856 -1.164 -1.088 -0.548 -1.047 -1.448 -1.709 -1.47 -1.065 -0.677 -0.509 -0.291 -0.023 0.202 -0.291 -0.385 -0.161 0.29 0.669 0.698 0.696 0.647 0.093 0.202 0.145 -0.116 -0.231 -0.323 -0.072 0.387 0.366 -0.136 -0.357 -0.469 -0.762 -0.975 -0.82 -0.439 -0.398 -0.86 -1.008 -0.883 -1.163 -1.431 -1.214
-0.933 -1.216 -1.098 -1.145 -1.524 -1.333 -1.075 -0.85 -0.585 -0.372 0.24 0.708 0.323 -0.287 -0.312 -0.221 -0.557 -1.083 -1.154 -0.886 -0.39 0.282 0.061 -0.134 -0.277 -0.63 -1.215 -1.383 -0.813 -0.718 -1.129 -1.075 -1.125 -1.387 -1.147 -0.786 -1.115 -1.614 -1.752 -1.499 -1.093 -0.79 -0.651 -0.578 -0.06 0.162 -0.42 -0.515 -0.104 0.378 0.695 0.708 0.701 0.583 0.042 0.125 -0.096 -0.51 -0.539 -0.613 -0.515 -0.042 0.473 0.198 -0.089 -0.266 -0.623 -0.922 -0.72 -0.289 -0.487 -0.93 -1.193 -1.218 -1.168 -1.452 -1.397
-1.053 -1.235 -1.169 -1.258 -1.324 -1.214 -0.973 -0.744 -0.546 -0.293 0.38 0.62 -0.045 -0.654 -0.472 -0.63 -0.679 -1.054 -0.991 -0.597 -0.31 0.21 -0.012 -0.52 -0.876 -1.215 -1.345 -1.336 -0.963 -1.05 -1.352 -1.374 -1.46 -1.46 -1.201 -1.13 -1.36 -1.727 -1.551 -1.692 -1.446 -1.2 -1.188 -0.872 -0.174 0.101 -0.599 -0.479 0.001 0.467 0.713 0.714 0.66 0.399 -0.101 0.086 -0.262 -0.621 -0.742 -0.6 -0.332 0.047 0.487 0.313 -0.072 -0.408 -0.605 -0.608 -0.331 -0.16 -0.598 -1.097 -1.198 -1.527 -1.55 -1.633 -1.54
-0.985 -1.007 -1.032 -1.092 -1.098 -0.973 -0.668 -0.454 -0.311 0.082 0.628 0.352 -0.23 -0.676 -0.625 -0.755 -0.83 -1.141 -1.167 -0.85 -0.477 0.143 -0.161 -0.879 -1.106 -1.08 -1.131 -1.236 -1.085 -1.268 -1.478 -1.473 -1.379 -1.323 -1.238 -1.273 -1.379 -1.672 -1.312 -1.575 -1.494 -1.12 -1.024 -0.773 -0.132 -0.191 -0.736 -0.368 0.046 0.521 0.716 0.711 0.579 0.287 -0.15 -0.053 -0.196 -0.548 -0.738 -0.559 -0.137 0.228 0.435 0.396 -0.014 -0.257 -0.267 -0.222 -0.029 -0.247 -0.713 -1.065 -1.254 -1.546 -1.653 -1.686 -1.508
-0.869 -0.864 -1.003 -1.217 -1.2 -0.836 -0.477 -0.099 0.042 0.52 0.535 -0.218 -0.235 -0.616 -0.844 -1.009 -1.015 -1.232 -1.239 -0.98 -0.562 0.08 -0.062 -0.7 -0.782 -0.819 -1.009 -1.475 -1.504 -1.497 -1.377 -1.238 -1.02 -0.948 -0.906 -0.997 -1.11 -1.445 -1.293 -1.172 -1.501 -1.218 -0.753 -0.373 -0.001 -0.635 -0.724 -0.25 0.198 0.591 0.714 0.7 0.541 0.149 -0.363 -0.165 -0.306 -0.664 -0.684 -0.387 0.016 0.126 0.171 0.381 0.318 0.205 0.147 0.167 0.11 -0.137 -0.413 -0.673 -0.934 -1.249 -1.397 -1.458 -1.219
