data/climatemaps/RS_maps/climate_postbreed_tmp_2011.asc
NCOLS 369 
NROWS 228 
XLLCORNER 479000 
YLLCORNER 73000 
CELLSIZE 1000 
NODATA_value -9 
[rows 136 to 169 of 228, columns 231 to 307 of 369]
-1.373 -1.486 -1.711 -1.711 -1.354 -1.44 -1.442 -1.433 -1.25 -0.902 -0.947 -1.196 -0.934 -0.832 -0.888 -0.365 -0.304 -0.896 -1.434 -1.441 -1.026 -0.615 -0.067 0.302 -0.179 -0.737 -1.185 -1.314 -1.052 -0.667 -0.289 -0.55 -1.396 -1.444 -1.138 -0.965 -0.784 -0.635 -0.566 -0.342 -0.063 0.398 0.723 0.437 -0.342 -0.999 -1.112 -1.23 -1.242 -0.998 -0.767 -0.371 0.016 0.289 0.476 0.083 -0.471 -0.78 -1.352 -1.514 -1.528 -1.474 -1.276 -1.717 -1.429 -1.215 -0.77 -0.213 -0.721 -0.934 -1.094 -1.342 -1.515 -1.44 -1.536 -1.936 -1.842
-1.691 -1.763 -1.789 -1.362 -0.995 -1.124 -1.103 -1.072 -0.961 -0.927 -1.115 -1.329 -0.976 -0.738 -0.579 -0.261 -0.622 -1.383 -1.5 -1.112 -0.727 -0.27 0.18 0.183 -0.382 -0.788 -0.835 -1.098 -1.036 -0.705 -0.379 -0.442 -1.148 -1.395 -1.191 -1.008 -0.905 -0.745 -0.714 -0.6 -0.222 0.471 0.71 0.234 -0.413 -0.807 -1.15 -1.523 -1.218 -0.819 -0.524 -0.329 -0.114 0.126 0.411 0.264 -0.152 -0.707 -1.114 -1.156 -1.391 -1.508 -1.478 -1.863 -1.635 -1.418 -0.938 -0.393 -0.837 -1.134 -1.291 -1.455 -1.68 -1.825 -1.75 -1.73 -1.563
-1.517 -1.618 -1.594 -1.093 -0.633 -1.091 -1.321 -1.307 -1.095 -0.9 -1.319 -1.459 -1.48 -0.97 -0.45 -0.513 -1.011 -1.447 -1.214 -0.884 -0.444 -0.089 -0.035 -0.153 -0.293 -0.872 -0.9 -1.206 -1.08 -0.812 -0.514 -0.461 -1.104 -1.399 -1.271 -1.165 -1.071 -1.037 -0.936 -0.663 -0.214 0.446 0.635 0.008 -0.699 -0.92 -1.023 -1.427 -1.14 -0.686 -0.709 -0.607 -0.336 0.007 0.319 0.376 0.067 -0.537 -0.738 -0.756 -1.205 -1.236 -1.344 -1.721 -1.618 -1.249 -0.959 -0.567 -0.573 -0.755 -1.069 -1.393 -1.693 -1.62 -1.418 -1.266 -1.185
-0.943 -1.103 -1.335 -1.154 -0.471 -0.825 -1.187 -0.976 -0.775 -0.82 -0.97 -1.326 -1.526 -1.143 -0.91 -0.861 -1.344 -1.452 -1.103 -0.63 -0.297 -0.308 -0.574 -0.543 -0.207 -0.706 -1.136 -1.263 -1.056 -0.774 -0.684 -0.906 -1.35 -1.464 -1.181 -0.988 -0.849 -0.874 -0.743 -0.62 -0.324 0.284 0.391 -0.228 -0.902 -1.209 -1.212 -1.333 -1.092 -0.922 -1.056 -0.871 -0.491 -0.052 0.089 0.193 0.31 -0.146 -0.366 -0.414 -0.722 -0.888 -1.158 -1.738 -1.629 -1.28 -1.073 -0.838 -0.933 -0.782 -0.864 -1.005 -1.234 -1.268 -1.266 -1.274 -1.322
-0.874 -1.182 -1.355 -0.829 -0.158 -0.318 -0.786 -0.612 -0.497 -0.439 -0.626 -0.978 -1.507 -1.49 -1.178 -1.178 -1.527 -1.19 -0.733 -0.354 -0.5 -0.752 -0.96 -0.774 -0.29 -0.586 -1.24 -1.343 -1.15 -0.944 -1.02 -1.18 -1.322 -1.379 -1.275 -0.881 -0.529 -0.429 -0.429 -0.589 -0.406 0.218 0.373 -0.188 -0.69 -0.812 -1.066 -1.325 -1.169 -1.185 -1.208 -0.851 -0.454 -0.161 -0.328 -0.229 0.176 0.16 -0.188 -0.505 -0.814 -1.056 -1.052 -1.386 -1.712 -1.536 -1.217 -1.049 -1.409 -1.257 -1.122 -1.16 -1.344 -1.439 -1.481 -1.531 -1.686
-1.123 -1.089 -1.146 -0.715 -0.032 -0.033 -0.631 -0.388 -0.214 -0.397 -0.717 -1.13 -1.465 -1.471 -1.183 -1.169 -1.191 -0.715 -0.485 -0.512 -0.901 -1.095 -1.143 -0.774 -0.416 -0.706 -1.127 -1.415 -1.281 -1.154 -1.072 -0.992 -0.891 -1.039 -1.155 -0.653 -0.21 0.085 0.1 0.003 -0.088 0.162 0.048 0.139 -0.438 -0.954 -1.125 -1.276 -1.381 -1.267 -1.012 -0.72 -0.419 -0.426 -0.756 -0.601 -0.15 0.067 -0.282 -0.703 -0.938 -1.232 -1.189 -1.133 -1.662 -1.653 -1.406 -1.468 -1.68 -1.538 -1.225 -1.004 -0.921 -0.772 -0.699 -0.821 -1.023
-0.931 -0.618 -0.543 -0.496 0.124 0.251 -0.297 -0.207 -0.085 -0.531 -1.058 -1.446 -1.343 -0.923 -0.737 -0.657 -0.638 -0.486 -0.809 -0.937 -1.126 -1.267 -1.038 -0.61 -0.728 -1.124 -1.247 -1.215 -1.094 -1.08 -1.157 -0.964 -0.772 -0.466 -0.461 -0.114 0.11 0.108 -0.128 0 -0.12 -0.305 -0.197 0.11 -0.399 -0.899 -1.261 -1.367 -1.411 -1.135 -0.86 -0.566 -0.503 -0.891 -1.083 -0.699 -0.266 0.033 -0.365 -0.833 -1.158 -1.465 -1.552 -1.275 -1.532 -1.859 -1.768 -1.734 -1.494 -1.16 -1.019 -1.247 -1.448 -1.256 -0.805 -0.679 -0.519
-0.59 -0.256 -0.013 -0.005 0.297 0.346 -0.019 -0.218 -0.48 -0.573 -1.049 -1.524 -1.197 -0.736 -0.942 -0.826 -0.632 -0.583 -1.186 -1.307 -1.266 -1.067 -0.776 -0.798 -1.061 -1.236 -1.041 -0.813 -0.673 -0.728 -0.793 -0.573 -0.354 -0.183 0.061 0.016 -0.172 -0.461 -0.683 -0.316 -0.614 -0.66 -0.147 0.113 -0.403 -0.771 -1.051 -1.239 -1.256 -0.976 -0.79 -0.601 -0.647 -1.28 -1.168 -0.828 -0.351 0 -0.522 -0.995 -1.214 -1.518 -2.014 -1.835 -1.839 -1.888 -1.7 -1.302 -1.102 -1.144 -1.426 -1.759 -1.76 -1.509 -1.198 -1.026 -0.683
-0.532 -0.332 -0.137 -0.053 0.276 0.18 -0.194 -0.449 -0.858 -0.954 -0.997 -1.483 -1.055 -0.905 -1.304 -1.139 -0.946 -0.609 -1.249 -1.601 -1.39 -1.115 -1.12 -0.989 -0.849 -0.885 -0.741 -0.391 -0.232 -0.22 -0.199 -0.023 0.049 0.029 -0.027 -0.338 -0.643 -0.913 -0.915 -0.451 -0.982 -0.875 -0.285 -0.078 -0.757 -0.94 -1.124 -1.143 -1.135 -0.864 -1.02 -0.846 -0.731 -1.498 -1.426 -1.159 -0.58 -0.092 -0.537 -0.853 -1.08 -1.424 -1.934 -2.086 -1.853 -1.892 -1.429 -1.189 -1.403 -1.4 -1.795 -1.786 -1.752 -1.547 -1.26 -0.668 -0.418
-0.519 -0.332 -0.197 -0.241 0.223 0.377 -0.059 -0.39 -0.831 -1.266 -1.296 -1.582 -0.994 -1.1 -1.518 -1.367 -1.053 -0.674 -1.293 -1.634 -1.41 -1.479 -1.267 -0.859 -0.469 -0.383 -0.248 -0.062 -0.006 0.013 -0.081 -0.277 -0.429 -0.505 -0.318 -0.542 -0.872 -1.158 -0.912 -0.578 -1.218 -1.061 -0.267 -0.194 -1.007 -1.369 -1.428 -1.285 -1.149 -1.01 -1.239 -0.885 -0.995 -1.649 -1.47 -1.089 -0.569 -0.11 -0.457 -0.653 -1.004 -1.473 -1.737 -2.038 -1.792 -1.522 -1.287 -1.531 -1.669 -1.486 -1.882 -1.702 -1.611 -1.474 -1.102 -0.533 -0.351
-0.252 -0.052 0.205 0.37 0.572 0.781 0.049 -0.603 -0.527 -1.067 -1.506 -1.608 -0.914 -1.303 -1.6 -1.283 -0.841 -0.897 -1.298 -1.652 -1.451 -1.273 -0.887 -0.398 -0.097 -0.135 -0.315 -0.584 -0.272 -0.438 -0.998 -1.132 -0.811 -0.65 -0.459 -0.549 -1.04 -1.281 -0.909 -0.904 -1.345 -1.01 -0.253 -0.109 -0.684 -1.232 -1.323 -1.358 -1.249 -1.217 -1.205 -0.929 -1.481 -1.518 -1.169 -0.86 -0.382 -0.118 -0.287 -0.59 -0.862 -1.245 -1.566 -2.113 -1.821 -1.675 -1.498 -1.841 -1.727 -1.704 -1.796 -1.502 -1.33 -1.146 -0.805 -0.446 -0.36
0.034 0.177 0.391 0.579 0.792 0.843 0.167 -0.693 -0.524 -0.679 -1.249 -1.594 -1.02 -1.483 -1.833 -1.313 -0.987 -1.132 -1.483 -1.255 -0.889 -0.443 -0.183 -0.106 -0.331 -0.727 -0.639 -1.045 -0.625 -0.537 -1.368 -1.176 -0.853 -0.75 -0.598 -0.526 -1.137 -1.468 -1.138 -1.332 -1.318 -0.859 -0.403 -0.193 -0.233 -0.567 -0.764 -1.017 -1.156 -1.247 -1.227 -1.318 -1.555 -1.224 -0.835 -0.612 -0.652 -0.299 -0.327 -0.649 -0.873 -1.167 -1.479 -1.922 -1.887 -2.01 -1.723 -1.846 -1.661 -1.724 -1.752 -1.525 -1.267 -1.024 -0.671 -0.422 -0.424
0.044 0.037 0.02 0.187 0.628 0.88 0.333 -0.572 -0.729 -0.533 -1.201 -1.642 -1.193 -1.567 -2.023 -1.575 -1.423 -1.428 -1.395 -0.971 -0.308 -0.311 -0.534 -0.455 -0.705 -1.071 -1.061 -1.328 -0.961 -0.487 -1.09 -1.197 -1.018 -1.027 -0.755 -0.693 -1.208 -1.541 -1.477 -1.476 -1.103 -0.629 -0.716 -0.75 -0.291 -0.253 -0.61 -0.919 -1.079 -1.186 -1.376 -1.409 -1.15 -0.883 -0.656 -0.921 -0.905 -0.55 -0.244 -0.639 -0.976 -1.188 -1.438 -1.727 -1.72 -1.872 -1.773 -1.849 -1.644 -1.464 -1.532 -1.412 -1.111 -0.794 -0.521 -0.467 -0.508
-0.49 -0.483 -0.404 -0.067 0.487 1.001 0.533 -0.11 -0.594 -0.534 -1.2 -1.726 -1.684 -1.662 -1.484 -1.275 -1.173 -1.227 -1.042 -0.476 -0.618 -0.906 -0.739 -0.561 -0.792 -1.269 -1.202 -1.171 -1.014 -0.571 -1.015 -1.503 -1.305 -1.264 -0.875 -0.826 -1.054 -1.27 -1.381 -1.164 -0.818 -0.641 -1.128 -1.08 -0.432 -0.36 -0.58 -1.156 -1.335 -1.438 -1.428 -1.234 -1.159 -1.149 -0.969 -1.05 -1.218 -0.817 -0.337 -0.455 -0.878 -1.115 -1.41 -1.544 -1.555 -1.692 -1.581 -1.801 -1.85 -1.399 -1.206 -1.049 -0.812 -0.604 -0.459 -0.554 -0.687
-0.753 -0.547 -0.325 0.04 0.545 1.062 0.856 0.437 0.177 -0.336 -1.08 -1.499 -2.002 -1.647 -1.165 -1.198 -1.083 -0.772 -0.65 -0.852 -1.329 -1.136 -0.737 -0.607 -0.758 -1.011 -0.961 -1.136 -1.145 -0.712 -1.216 -1.635 -1.281 -1.057 -0.7 -0.582 -0.645 -0.881 -1.207 -1.046 -0.762 -0.927 -1.378 -1.035 -0.459 -0.534 -0.294 -0.863 -1.174 -1.364 -1.642 -1.629 -1.772 -1.785 -1.194 -1.357 -1.289 -0.912 -0.442 -0.432 -0.877 -1.313 -1.509 -1.437 -1.311 -1.538 -1.416 -1.621 -1.721 -1.644 -1.174 -0.732 -0.556 -0.497 -0.636 -0.957 -1.158
-0.654 -0.245 0.094 0.405 0.802 1.104 0.92 0.153 0.024 -0.178 -0.778 -1.146 -1.504 -1.679 -1.596 -1.575 -1.394 -1.203 -1.242 -1.403 -1.266 -0.899 -0.592 -0.527 -0.526 -0.734 -1.132 -1.415 -1.107 -0.739 -1.313 -1.472 -1.02 -0.807 -0.663 -0.592 -0.426 -0.685 -0.964 -1.015 -0.897 -1.277 -1.543 -1.049 -0.498 -0.71 -0.387 -0.442 -0.636 -0.951 -1.323 -1.378 -1.691 -1.686 -1.26 -1.597 -1.329 -0.972 -0.599 -0.425 -0.813 -1.198 -1.189 -1.199 -1.063 -1.236 -1.144 -1.181 -1.187 -1.407 -0.99 -0.535 -0.497 -0.677 -1.059 -1.505 -1.649
-0.483 -0.142 0.371 0.887 1.179 1.2 0.791 -0.151 -0.73 -1.045 -0.956 -0.653 -1.111 -1.533 -1.742 -1.731 -1.745 -1.522 -1.483 -1.383 -1.137 -0.898 -0.6 -0.336 -0.293 -0.591 -1.267 -1.467 -1.149 -0.814 -1.423 -1.473 -1.135 -0.841 -0.619 -0.584 -0.399 -0.575 -0.6 -0.893 -1.234 -1.67 -1.551 -1.017 -0.523 -0.9 -0.558 -0.58 -0.566 -0.581 -0.812 -1.172 -1.455 -1.628 -1.502 -1.722 -1.494 -1.105 -0.84 -0.478 -0.567 -0.83 -0.795 -0.899 -1 -1.273 -1.311 -1.286 -1.11 -0.976 -0.695 -0.44 -0.561 -1.013 -1.515 -1.848 -1.542
-0.344 0.062 0.395 0.841 1.278 1.176 0.456 -0.524 -1.129 -1.358 -0.852 -0.492 -0.53 -0.951 -1.198 -1.225 -1.65 -1.385 -0.961 -1.086 -1.275 -1.053 -0.71 -0.268 -0.123 -0.382 -0.958 -1.383 -1.122 -0.867 -1.436 -1.564 -1.153 -0.771 -0.249 -0.238 -0.395 -0.438 -0.446 -1.076 -1.501 -1.568 -1.218 -0.728 -0.672 -1.063 -0.438 -0.799 -1.003 -0.745 -0.599 -0.827 -1.171 -1.496 -1.572 -1.682 -1.47 -1.182 -0.798 -0.623 -0.523 -0.687 -0.771 -1.017 -1.148 -1.488 -1.65 -1.537 -1.317 -0.938 -0.515 -0.412 -0.628 -1.279 -1.84 -1.902 -1.148
-0.371 0.046 0.408 0.792 1.218 1.216 0.387 -0.693 -0.885 -1.335 -0.974 -0.616 -0.202 -0.191 -0.491 -0.766 -1.398 -1.414 -0.848 -0.805 -1.266 -1.006 -0.707 -0.32 -0.052 -0.191 -0.458 -1.113 -1.114 -1.226 -1.583 -1.39 -0.895 -0.579 -0.102 -0.024 -0.347 -0.241 -0.345 -0.991 -1.47 -1.325 -1.072 -0.578 -0.745 -1.099 -0.447 -0.835 -1.257 -1.003 -0.896 -0.694 -0.75 -0.988 -1.123 -1.378 -1.367 -1.088 -0.852 -0.838 -0.63 -1 -1.132 -1.344 -1.348 -1.712 -1.753 -1.43 -0.982 -0.591 -0.404 -0.498 -0.837 -1.274 -1.771 -1.587 -0.873
-0.563 -0.252 0.213 0.705 1.091 1.263 0.545 -0.156 -0.426 -1.098 -1.031 -0.703 -0.285 0.163 -0.245 -0.926 -1.564 -1.315 -0.678 -0.808 -1.176 -0.986 -0.746 -0.381 -0.051 -0.079 -0.258 -0.948 -1.35 -1.435 -1.32 -1.058 -0.811 -0.496 -0.026 0.245 -0.189 -0.089 -0.356 -1.085 -1.559 -1.284 -1.069 -0.522 -0.775 -1.097 -0.463 -0.9 -1.396 -1.197 -1.198 -0.904 -0.643 -0.971 -0.907 -1.102 -1.387 -1.08 -1.052 -0.942 -0.739 -1.041 -1.322 -1.502 -1.441 -1.43 -1.167 -0.815 -0.482 -0.405 -0.555 -0.822 -1.138 -1.369 -1.626 -1.271 -0.802
-0.551 -0.639 -0.177 0.4 0.921 1.266 0.994 0.462 -0.011 -0.698 -0.766 -0.578 -0.167 0.265 -0.036 -1.059 -1.655 -1.112 -0.42 -0.575 -0.723 -0.691 -0.715 -0.465 -0.033 0.027 0.066 -0.444 -0.993 -1.073 -1.066 -0.767 -0.522 -0.188 -0.063 0.227 -0.017 -0.034 -0.354 -0.854 -1.294 -1.325 -0.963 -0.436 -0.908 -1.105 -0.553 -0.798 -1.323 -1.423 -1.351 -0.923 -0.764 -1.328 -1.157 -0.974 -1.358 -1.291 -1.176 -0.889 -0.93 -1.199 -1.422 -1.288 -1.044 -0.802 -0.5 -0.4 -0.425 -0.572 -0.947 -1.221 -1.475 -1.632 -1.564 -1.032 -0.884
-0.087 -0.592 -0.493 0.013 0.522 0.944 1.303 1.112 0.594 -0.203 -0.167 0.047 0.324 0.441 0.044 -0.89 -1.456 -1.099 -0.42 -0.108 -0.284 -0.628 -0.894 -0.601 -0.049 0.303 0.432 0.116 -0.637 -1.194 -1.061 -0.677 -0.455 -0.471 -0.484 0.098 0.184 -0.14 -0.379 -0.614 -1.094 -1.187 -0.815 -0.455 -1.089 -1.214 -0.805 -0.577 -0.917 -1.425 -1.365 -0.947 -0.81 -1.383 -1.477 -1.063 -1.324 -1.36 -1.107 -0.99 -1.214 -1.437 -1.352 -1.048 -0.686 -0.467 -0.354 -0.412 -0.509 -0.871 -1.249 -1.425 -1.797 -2.037 -1.616 -0.91 -1.039
0.39 -0.199 -0.523 -0.302 0.07 0.45 0.999 1.386 1.139 0.325 0.443 0.543 0.309 0.055 -0.041 -0.401 -0.865 -1.185 -0.633 -0.098 -0.089 -0.843 -1 -0.589 -0.362 -0.045 0.318 0.473 -0.036 -1.042 -1.365 -1.157 -0.854 -0.717 -0.534 0.087 0.332 -0.209 -0.468 -0.803 -1.224 -1.249 -0.885 -0.495 -1.097 -1.376 -1.057 -0.734 -0.67 -1.294 -1.421 -1.046 -0.855 -1.337 -1.615 -1.332 -1.525 -1.352 -1.105 -1.134 -1.299 -1.378 -0.977 -0.659 -0.424 -0.351 -0.422 -0.621 -0.673 -0.827 -1.381 -1.589 -2.011 -2.073 -1.542 -0.923 -1.084
0.77 0.217 -0.21 -0.457 -0.277 0.164 0.773 1.352 1.413 0.837 0.653 0.27 0.14 -0.278 -0.535 -0.708 -0.831 -1.185 -0.763 -0.074 0.006 -0.779 -1.014 -0.948 -0.805 -0.482 0.145 0.656 0.422 -0.528 -0.716 -1.182 -0.921 -0.627 -0.333 0.026 0.521 0.112 -0.156 -0.629 -1.08 -1.125 -0.983 -0.623 -0.921 -1.46 -1.269 -1.007 -0.63 -1.156 -1.444 -1.139 -1.074 -1.46 -1.661 -1.5 -1.544 -1.275 -0.965 -0.914 -0.851 -0.707 -0.46 -0.356 -0.421 -0.614 -0.849 -0.75 -0.945 -0.705 -1.128 -1.491 -2.032 -1.896 -1.322 -1.053 -1.258
1.191 0.665 0.174 -0.244 -0.419 0.011 0.638 1.338 1.527 1.032 0.305 -0.249 -0.286 -0.182 -0.431 -0.839 -1.149 -1.182 -0.732 -0.057 0.045 -0.482 -0.711 -0.709 -0.718 -0.165 0.335 0.833 0.664 -0.115 -0.658 -1.182 -0.826 -0.553 -0.484 -0.243 0.442 0.445 0.018 -0.291 -0.599 -0.84 -1.143 -0.924 -0.872 -1.428 -1.454 -1.07 -0.656 -1.081 -1.463 -1.275 -1.287 -1.632 -1.567 -1.24 -0.953 -0.793 -0.519 -0.451 -0.256 -0.053 -0.163 -0.337 -0.622 -1.122 -1.291 -0.9 -1.044 -0.797 -0.952 -1.418 -1.929 -1.694 -1.139 -1.26 -1.668
1.427 1.189 0.605 0.229 -0.275 -0.075 0.558 1.27 1.564 1.072 0.179 -0.334 -0.568 -0.63 -0.656 -0.809 -1.271 -1.18 -0.547 0.052 -0.07 -0.318 -0.505 -0.781 -0.78 -0.284 0.287 0.898 0.812 0.041 -0.967 -1.345 -0.961 -0.834 -0.686 -0.331 0.392 0.431 -0.314 -0.638 -0.727 -0.941 -1.367 -1.211 -0.948 -1.436 -1.433 -0.918 -0.875 -0.977 -1.257 -1.443 -1.493 -1.633 -1.394 -1.175 -0.92 -0.767 -0.923 -0.803 -0.123 -0.022 -0.54 -0.562 -0.567 -1.347 -1.591 -1.109 -1.035 -1.019 -0.753 -1.305 -1.926 -1.774 -1.348 -1.491 -1.931
1.15 1.458 1.117 0.79 0.236 0.006 0.583 1.316 1.571 1.119 0.685 0.439 0.162 -0.117 -0.396 -0.851 -1.3 -0.8 -0.231 0.285 -0.225 -0.802 -1.043 -1.172 -0.828 -0.369 0.24 0.92 0.911 0.123 -0.855 -1.479 -1.203 -1.062 -0.897 -0.479 0.337 0.551 -0.22 -0.812 -1.04 -1.207 -1.568 -1.234 -1.138 -1.563 -1.292 -1.086 -1.15 -1.3 -1.182 -1.399 -1.582 -1.378 -1.495 -1.616 -1.176 -0.961 -0.785 -0.597 0.008 -0.083 -0.786 -0.925 -0.577 -1.168 -1.647 -1.28 -1.029 -1.273 -0.863 -1.142 -1.917 -2.036 -1.791 -1.91 -2.076
0.431 1.049 1.43 1.377 0.874 0.383 0.608 1.389 1.506 0.846 0.539 0.629 0.625 0.423 0.096 -0.095 -0.519 -0.741 -0.213 0.36 -0.023 -0.476 -0.893 -1.083 -0.635 -0.066 0.507 1.058 0.77 0.065 -0.859 -1.466 -1.059 -0.862 -0.994 -0.545 0.107 0.682 0.165 -0.312 -0.608 -0.848 -1.383 -1.292 -1.253 -1.308 -1.286 -1.503 -1.377 -1.541 -1.43 -1.564 -1.428 -1.316 -1.203 -1.19 -0.98 -0.669 -0.211 -0.047 0.164 -0.186 -0.966 -1.236 -0.739 -0.92 -1.599 -1.421 -1.077 -1.554 -1.162 -1.067 -1.727 -2.041 -2.181 -2.212 -2.238
-0.114 0.505 0.948 1.521 1.512 1.084 0.903 1.512 1.309 0.609 -0.184 -0.066 -0.089 0.052 0.079 -0.441 -0.486 -0.696 -0.189 0.439 0.182 -0.474 -0.956 -0.998 -0.552 0.031 0.813 1.197 0.481 -0.062 -0.81 -1.32 -1.054 -0.743 -0.745 -0.617 -0.012 0.715 0.562 -0.026 -0.335 -0.603 -1.023 -1.04 -0.738 -0.626 -0.924 -1.466 -1.173 -0.954 -0.992 -0.915 -0.713 -0.636 -0.432 -0.404 -0.265 0.047 0.285 0.404 0.183 -0.458 -1.171 -1.353 -0.869 -1.046 -1.477 -1.648 -1.279 -1.726 -1.491 -1.216 -1.777 -2.084 -2.001 -1.873 -1.705
-0.181 -0.114 0.263 0.969 1.345 1.578 1.535 1.64 1.24 0.339 -0.455 -0.594 -0.503 -0.262 -0.141 -0.692 -0.789 -0.774 -0.229 0.465 0.127 -0.34 -0.745 -0.755 -0.356 0.214 0.967 1.185 0.541 0.145 -0.487 -0.973 -1.138 -0.831 -0.331 -0.189 -0.032 0.668 0.855 0.023 -0.594 -0.754 -0.481 -0.436 -0.246 -0.173 -0.853 -0.681 -0.514 -0.204 -0.259 -0.176 -0.1 0.184 0.315 0.321 0.434 0.578 0.543 0.215 -0.037 -0.833 -1.492 -1.257 -1.002 -1.497 -1.353 -1.591 -1.61 -1.737 -1.853 -1.554 -1.699 -1.901 -2.073 -1.85 -1.538
-0.601 -0.502 0.018 0.779 0.712 0.978 1.552 1.658 1.312 0.267 -0.236 -0.723 -0.691 -0.534 -0.633 -0.907 -1.132 -0.751 -0.128 0.578 0.004 -0.487 -0.736 -0.446 -0.117 0.427 1.151 1.079 0.428 0.14 -0.051 -0.55 -1.02 -0.792 -0.069 0.249 0.379 0.766 1.154 0.356 -0.249 -0.047 0.236 0.294 0.327 0.006 -0.24 0.065 0.082 0.43 0.438 0.544 0.548 0.772 0.688 0.646 0.56 0.388 0.04 -0.411 -0.461 -1.212 -1.721 -1.248 -1.101 -1.703 -1.465 -1.087 -1.566 -1.858 -1.919 -1.281 -1.105 -1.384 -1.682 -1.606 -1.644
-0.52 -0.151 0.469 0.574 0.08 0.471 1.277 1.639 1.485 0.286 -0.477 -0.815 -0.787 -0.781 -0.949 -1.224 -0.973 -0.456 0.103 0.643 0.019 -0.521 -0.849 -0.519 -0.19 0.61 1.374 0.801 0.175 -0.288 -0.216 -0.303 -0.911 -0.601 -0.121 -0.133 0.136 0.685 1.284 0.805 0.427 0.93 1.089 1.035 0.855 0.606 0.723 0.776 0.802 0.947 0.96 0.869 0.844 0.706 0.377 0.209 -0.053 -0.354 -0.795 -0.835 -0.778 -1.249 -1.641 -1.305 -1.13 -1.541 -1.375 -0.948 -1.004 -1.325 -1.258 -0.898 -0.669 -0.975 -0.915 -1.092 -1.537
-0.005 0.351 0.453 0.019 -0.241 0.245 1.021 1.582 1.623 0.609 -0.279 -0.275 -0.302 -0.417 -0.711 -1.059 -0.684 -0.197 0.257 0.715 0.051 -0.431 -0.83 -0.31 0.11 0.996 1.404 0.775 0.379 -0.144 -0.441 -0.498 -0.696 -0.663 -0.475 -0.536 0.054 0.742 1.272 1.232 1.124 1.491 1.535 1.499 1.387 1.263 1.163 1.105 1.061 0.905 0.737 0.522 0.339 0.363 0.183 -0.001 -0.389 -0.879 -1.343 -1.014 -0.872 -1.284 -1.567 -1.401 -1.213 -1.601 -1.359 -0.923 -0.559 -0.663 -0.492 -0.255 -0.201 -0.355 -0.418 -0.764 -1.205
-0.192 -0.029 -0.012 -0.438 -0.165 0.392 0.877 1.459 1.656 0.88 0.097 0.216 -0.183 -0.365 -0.714 -1.012 -0.735 -0.301 0.251 0.77 0.078 -0.626 -0.888 -0.261 0.486 1.301 1.257 0.579 0.149 0.209 -0.181 -0.793 -0.886 -0.66 -0.455 -0.455 0.06 0.481 0.959 1.501 1.655 1.545 1.169 1.092 1.142 0.942 0.751 0.527 0.509 0.402 0.287 0.02 -0.334 -0.303 -0.049 -0.179 -0.273 -0.841 -1.393 -1.053 -1.007 -1.534 -1.878 -1.5 -1.294 -1.635 -1.579 -1.058 -0.477 -0.12 -0.207 -0.369 -0.099 0.042 -0.119 -0.406 -0.787
