data/climatemaps/RS_maps/climate_breeding_tmp_2009.asc
NCOLS 369 
NROWS 228 
XLLCORNER 479000 
YLLCORNER 73000 
CELLSIZE 1000 
NODATA_value -9 
[rows 68 to 101 of 228, columns 231 to 307 of 369]
1.037 1.044 1.046 1.038 1.034 1.037 0.992 0.972 0.94 0.894 0.784 0.574 0.408 0.283 0.203 0.077 0.107 0.252 0.464 0.251 0.429 0.596 0.658 0.57 0.414 0.112 -0.254 -0.148 0.023 -0.264 -0.504 -0.597 -0.304 -0.158 -0.923 -1.099 -0.792 -0.773 -0.641 -0.057 0.39 0.748 1.063 1.135 1.15 1.157 1.141 1.055 1.005 0.997 1.11 1.137 1.016 0.976 1.077 1.092 1.087 1.088 1.1 1.025 -9 -9 -9 -9 -9 -9 -9 -9 -9 -9 -9 -9 -9 -9 -9 -9 -9
1.072 1.088 1.086 1.081 1.09 1.117 1.118 1.088 1.042 0.994 0.914 0.765 0.572 0.468 0.3 0.034 -0.077 0.097 0.453 0.209 0.242 0.468 0.63 0.632 0.479 0.109 -0.246 -0.27 -0.345 -0.6 -0.518 -0.214 0.168 -0.111 -0.524 -0.411 -0.468 -0.501 -0.13 0.251 0.574 0.892 1.093 1.137 1.152 1.152 1.126 1.049 1.061 1.126 1.142 1.021 0.663 0.593 0.841 0.993 1.083 1.115 1.118 1.099 -9 -9 -9 -9 -9 -9 -9 -9 -9 -9 -9 -9 -9 -9 -9 -9 -9
1.118 1.144 1.132 1.103 1.101 1.123 1.143 1.138 1.121 1.091 1.035 0.906 0.686 0.453 0.346 0.031 -0.098 0.097 0.306 -0.032 0.06 0.243 0.342 0.447 0.49 0.232 -0.099 -0.531 -0.29 -0.153 -0.11 0.107 0.151 -0.053 -0.048 -0.062 -0.095 0.028 0.071 0.327 0.661 0.991 1.105 1.138 1.15 1.149 1.14 1.133 1.141 1.142 1.023 0.622 0.193 0.368 0.724 0.739 0.882 1.001 1.079 1.104 -9 -9 -9 -9 -9 -9 -9 -9 -9 -9 -9 -9 -9 -9 -9 -9 -9
1.119 1.045 1.022 1.053 1.095 1.125 1.14 1.139 1.133 1.116 1.1 1.027 0.733 0.379 0.276 0.132 -0.141 -0.006 -0.072 -0.16 0.078 -0.06 0.025 0.298 0.476 0.451 -0.062 -0.309 -0.2 0.01 0.146 0.303 0.281 0.218 0.202 0.256 0.266 0.282 0.328 0.491 0.77 1.044 1.117 1.139 1.148 1.149 1.154 1.156 1.155 1.089 0.729 0.155 -0.065 0.468 0.592 0.382 0.521 0.732 0.917 -9 -9 -9 -9 -9 -9 -9 -9 -9 -9 -9 -9 -9 -9 -9 -9 -9 -9
1.077 0.986 0.99 1.074 1.135 1.138 1.138 1.138 1.127 1.052 1.116 1.052 0.865 0.461 0.145 0.187 -0.129 -0.268 -0.389 -0.226 -0.026 0.183 0.34 0.318 0.379 0.501 0.166 0.051 0.106 0.354 0.372 0.355 0.262 0.207 0.13 0.127 0.161 0.251 0.381 0.582 0.824 1.06 1.122 1.141 1.143 1.147 1.157 1.158 1.132 0.851 0.383 -0.264 -0.047 0.479 0.453 0.027 0.142 0.545 0.763 -9 -9 -9 -9 -9 -9 -9 -9 -9 -9 -9 -9 -9 -9 -9 -9 -9 -9
1.094 1.079 1.086 1.084 1.133 1.135 1.134 1.134 1.069 0.995 1.125 1.097 0.992 0.59 0.185 -0.151 -0.196 -0.57 -0.382 -0.082 0.064 0.137 0.131 -0.118 0.061 0.107 0.381 0.394 0.351 0.198 0.033 0.014 -0.021 -0.029 -0.159 -0.164 -0.131 -0.023 0.188 0.471 0.769 1.036 1.126 1.146 1.147 1.146 1.151 1.14 1.027 0.565 0.003 -0.529 -0.134 0.471 0.11 -0.363 -0.188 0.237 0.382 -9 -9 -9 -9 -9 -9 -9 -9 -9 -9 -9 -9 -9 -9 -9 -9 -9 -9
1.098 1.1 1.113 1.117 1.131 1.133 1.133 1.133 1.076 1.068 1.132 1.121 1.052 0.707 0.233 -0.369 -0.438 -0.516 -0.462 -0.268 -0.08 -0.172 -0.141 -0.218 -0.251 -0.083 0.125 0.062 -0.035 -0.253 -0.27 -0.305 -0.418 -0.405 -0.497 -0.384 -0.187 -0.038 0.209 0.433 0.632 0.923 1.102 1.138 1.147 1.143 1.148 1.113 0.927 0.361 -0.483 -0.793 -0.228 0.408 -0.261 -0.623 -0.154 -0.073 -0.181 0.246 0.607 0.366 0.389 -9 -9 -9 -9 -9 -9 -9 -9 -9 -9 -9 -9 -9 -9
1.048 1.06 1.072 1.054 1.064 1.075 1.105 1.122 1.13 1.126 1.133 1.13 1.074 0.631 -0.058 -0.455 -0.257 -0.263 -0.537 -0.394 -0.192 -0.273 -0.382 -0.342 -0.223 -0.041 -0.205 -0.478 -0.469 -0.48 -0.511 -0.663 -0.854 -0.77 -0.729 -0.466 -0.087 0.064 0.075 0.079 0.366 0.704 0.822 1.044 1.141 1.145 1.148 1.044 0.778 0.111 -0.672 -0.413 0.159 0.116 -0.297 -0.705 -0.306 -0.294 -0.291 -0.068 0.425 0.148 -0.179 -0.354 -0.067 0.334 0.557 -9 -9 -9 -9 -9 -9 -9 -9 -9 -9
0.86 0.719 0.662 0.62 0.61 0.771 0.959 1.041 1.113 1.126 1.123 1.125 1.043 0.425 -0.33 -0.286 0.085 -0.226 -0.132 0.03 0.035 -0.161 -0.204 -0.363 -0.304 -0.389 -0.637 -0.788 -0.77 -0.779 -0.811 -1.042 -1.063 -0.881 -0.655 -0.327 0.012 -0.179 -0.509 -0.164 0.065 0.253 0.543 0.933 1.132 1.143 1.143 1.039 0.749 0.081 -0.59 -0.25 0.183 -0.338 -0.615 -0.837 -0.521 -0.365 -0.44 -0.232 0.299 0.119 -0.315 -0.554 -0.232 0.088 0.318 0.642 0.832 0.986 -9 -9 -9 -9 -9 -9 -9
0.754 0.312 0.171 0.196 0.162 0.192 0.485 0.597 0.755 1.035 1.12 1.117 0.999 0.326 -0.024 0.264 0.463 0.091 0.328 0.345 0.132 -0.032 -0.113 -0.426 -0.619 -0.756 -0.758 -0.671 -0.604 -0.494 -0.402 -0.666 -0.84 -0.782 -0.647 -0.507 -0.333 -0.668 -0.87 -0.608 -0.325 0.004 0.474 0.816 1.051 1.143 1.143 1.099 0.682 -0.156 -0.648 -0.268 0.096 -0.244 -0.583 -0.749 -0.515 -0.558 -0.483 -0.099 0.097 -0.164 -0.489 -0.528 -0.339 -0.063 0.255 0.615 0.605 0.805 0.894 0.925 0.918 0.706 -9 -9 -9
0.756 0.594 0.375 0.174 -0.076 -0.119 0.043 0.14 0.309 0.661 1.015 1.105 1.001 0.654 0.431 0.717 0.849 0.645 0.749 0.675 0.429 0.287 0.118 -0.112 -0.207 -0.201 -0.159 -0.007 0.044 0.21 0.399 0.316 0.026 -0.202 -0.313 -0.759 -0.953 -1.106 -1.02 -0.817 -0.459 0.091 0.349 0.611 0.993 1.143 1.143 1.135 0.767 0.027 -0.376 -0.009 -0.212 -0.515 -0.388 -0.665 -0.728 -0.618 -0.088 -0.049 -0.311 -0.479 -0.73 -0.486 -0.406 -0.281 0.221 0.508 0.063 0.32 0.221 0.346 0.926 0.753 0.122 -0.338 -0.385
0.695 0.536 0.49 0.311 0.063 -0.17 -0.134 -0.062 -0.13 0.079 0.601 0.983 1.095 0.987 0.94 1.037 1.088 1.095 1.06 1.034 0.964 0.893 0.799 0.749 0.79 0.799 0.797 0.821 0.796 0.867 0.951 0.963 0.836 0.503 0.086 -0.677 -0.607 -0.82 -1.157 -0.697 -0.208 -0.245 0.107 0.545 1.009 1.136 1.141 1.14 0.937 0.346 -0.067 -0.03 -0.51 -0.8 -0.527 -0.701 -0.831 -0.392 0.011 -0.488 -0.611 -0.813 -0.714 -0.302 -0.067 0.085 0.372 0.08 -0.493 -0.3 -0.368 -0.261 0.479 0.85 0.599 0.048 -0.322
0.583 0.421 0.276 0.252 0.133 -0.204 -0.267 -0.19 -0.146 0.019 0.304 0.765 1.082 1.096 1.108 1.098 1.009 0.886 0.892 1.002 1.07 1.122 1.131 1.123 1.117 1.116 1.121 1.126 1.115 1.122 1.134 1.133 1.123 1.017 0.569 -0.2 -0.219 -0.383 -0.782 -0.824 -0.555 -0.565 0.019 0.55 0.879 1.102 1.138 1.138 1.055 0.593 0.178 -0.078 -0.398 -0.537 -0.598 -0.9 -0.794 -0.257 -0.119 -0.847 -0.86 -0.789 -0.522 -0.261 0.187 0.325 -0.162 0.021 -0.823 -0.843 -0.823 -0.424 0.459 0.87 0.767 0.197 -0.144
0.54 0.517 0.251 0.008 0.056 -0.316 -0.342 -0.21 -0.208 -0.187 0.023 0.529 1.008 1.101 1.034 0.823 0.604 0.472 0.508 0.599 0.778 0.929 1.011 1.034 1.062 1.087 1.094 1.088 1.022 1.089 1.088 0.981 1.129 1.137 1.066 0.379 0.04 -0.278 -0.508 -0.959 -0.923 -0.52 0.001 0.472 0.768 1.002 1.134 1.137 1.066 0.695 0.229 -0.235 -0.183 -0.436 -0.503 -0.902 -0.669 -0.144 -0.243 -0.83 -0.912 -0.693 -0.457 -0.147 0.319 -0.01 -0.525 -0.435 -0.762 -1.205 -0.78 -0.04 0.444 0.847 0.781 0.336 0.017
0.253 0.444 0.32 -0.053 -0.055 -0.285 -0.427 -0.275 -0.172 -0.144 -0.04 0.213 0.85 1.092 0.856 0.414 0.051 0.028 0.135 0.238 0.478 0.493 0.635 0.594 0.812 0.69 0.78 0.847 0.767 0.62 0.538 0.593 0.79 1.06 1.122 0.889 0.204 -0.318 -0.488 -0.697 -0.965 -0.588 -0.098 0.458 0.793 0.942 1.123 1.134 1.09 0.715 0.127 -0.475 -0.227 -0.624 -0.56 -0.725 -0.575 -0.06 -0.31 -0.76 -1.019 -0.652 -0.24 0.037 0.259 -0.501 -0.974 -0.901 -1.058 -1.029 -0.481 -0.074 0.378 0.768 0.861 0.704 0.484
0.109 0.406 0.414 0.113 -0.309 -0.448 -0.43 -0.298 -0.151 0.07 0.171 0.337 0.81 1.081 0.881 0.354 -0.207 -0.396 -0.098 -0.209 0.162 -0.093 0.103 0.153 0.612 0.124 0.207 0.39 0.412 -0.007 0.072 0.279 0.572 0.956 1.11 1.092 0.759 0.231 -0.364 -0.45 -0.638 -0.402 0.03 0.489 0.847 1.013 1.127 1.132 1.055 0.571 0.022 -0.588 -0.383 -0.61 -0.872 -0.87 -0.631 -0.078 -0.38 -0.842 -0.908 -0.524 -0.538 -0.474 0.11 -0.684 -1.316 -1.066 -0.917 -0.586 -0.415 -0.114 0.236 0.476 0.706 0.733 0.737
0.07 0.289 0.467 0.172 -0.52 -0.631 -0.457 -0.089 0.11 0.229 0.265 0.229 0.862 1.074 0.962 0.404 -0.025 -0.451 -0.08 -0.721 -0.272 -0.539 -0.427 0.182 0.201 -0.328 -0.368 -0.148 -0.178 -0.282 -0.197 0.006 0.404 0.723 0.966 1.069 1.057 0.812 0.172 -0.182 -0.541 -0.269 0.15 0.604 0.956 1.093 1.13 1.123 0.891 0.319 -0.324 -0.797 -0.545 -0.482 -0.979 -1.029 -0.563 -0.248 -0.441 -0.711 -0.954 -0.71 -0.895 -0.367 -0.071 -0.59 -1.207 -0.8 -0.492 -0.329 -0.331 -0.186 -0.217 -0.034 0.337 0.477 0.7
-0.061 0.25 0.467 0.127 -0.346 -0.736 -0.501 0.043 0.026 -0.093 -0.191 -0.136 0.914 1.011 0.637 0.203 -0.049 -0.421 -0.274 -1.026 -0.575 -0.708 -0.622 0.054 -0.394 -0.625 -0.719 -0.606 -0.59 -0.535 -0.343 0.055 0.327 0.426 0.64 0.809 0.997 1.078 0.872 0.241 -0.405 -0.347 0.165 0.731 1.037 1.118 1.128 1.055 0.39 -0.131 -0.238 -0.811 -0.913 -0.589 -0.903 -0.875 -0.509 -0.77 -0.779 -0.905 -1.372 -1.307 -1.101 -0.595 -0.657 -0.482 -1.016 -0.828 -0.544 -0.534 -0.777 -0.651 -0.626 -0.3 0.144 0.187 0.383
-0.112 0.286 0.344 -0.163 -0.533 -0.72 -0.194 -0.208 -0.492 -0.694 -0.903 -0.103 0.99 0.89 0.324 -0.134 -0.539 -0.587 -0.48 -1.091 -0.723 -0.47 -0.418 -0.038 -0.693 -0.996 -0.914 -0.826 -0.746 -0.546 -0.163 0.16 -0.05 -0.043 0.239 0.497 0.708 0.989 1.081 0.813 0.308 0.037 0.46 0.953 1.097 1.125 1.128 1.018 0.119 -0.485 -0.507 -0.615 -1.084 -0.992 -1.322 -1.11 -0.831 -1.18 -1.127 -1.438 -1.746 -1.698 -1.58 -1.23 -1.309 -0.804 -1.001 -0.985 -0.838 -0.583 -0.946 -0.864 -0.589 -0.187 -0.102 -0.228 0.069
-0.401 0.191 0.001 -0.463 -0.79 -0.51 -0.29 -0.647 -0.843 -0.958 -0.895 0.312 1.02 0.779 0.35 -0.181 -0.654 -0.78 -0.788 -0.807 -0.62 -0.79 -0.763 -0.166 -0.768 -1.148 -0.952 -0.698 -0.469 -0.241 0.07 -0.15 -0.55 -0.431 -0.139 0.168 0.446 0.677 0.94 1.041 0.95 0.752 0.946 1.098 1.082 1.011 1.003 0.989 0.34 -0.288 -0.872 -1.107 -1.268 -1.3 -1.052 -1.191 -1.184 -1.159 -0.918 -0.999 -1.286 -1.571 -1.714 -1.484 -1.192 -0.89 -1.044 -1.197 -0.958 -0.764 -1.027 -0.931 -0.442 -0.163 -0.534 -0.673 -0.201
-0.35 0.049 -0.259 -0.708 -0.98 -0.588 -0.729 -0.888 -0.848 -0.62 -0.031 0.639 0.976 0.891 0.375 -0.15 -0.73 -1.084 -1.033 -0.763 -0.89 -1.005 -0.707 -0.359 -0.882 -1.144 -0.859 -0.631 -0.262 -0.018 -0.083 -0.648 -0.819 -0.594 -0.341 -0.094 0.206 0.39 0.629 0.895 1.074 1.066 1.101 1.114 1.095 0.879 0.628 0.91 0.732 -0.019 -0.912 -1.171 -1.003 -0.947 -0.813 -0.681 -0.731 -0.741 -0.495 -0.542 -0.726 -0.921 -1.21 -1.206 -1.044 -1.039 -1.17 -1.145 -1.056 -1.033 -0.94 -0.8 -0.45 -0.401 -0.883 -0.748 -0.328
-0.363 -0.484 -0.729 -0.957 -0.92 -0.669 -0.714 -0.557 -0.299 0.211 0.556 0.78 0.909 0.986 0.743 0.019 -0.801 -1.107 -1.212 -1.03 -0.923 -0.85 -0.716 -0.858 -1.093 -1.161 -0.962 -0.851 -0.486 -0.126 -0.345 -1.04 -0.868 -0.534 -0.427 -0.351 -0.061 0.252 0.545 0.706 0.993 1.094 1.113 1.11 1.112 1.094 0.855 0.61 0.784 0.535 0.022 -0.431 -1.018 -0.767 -0.57 -0.411 -0.28 -0.12 -0.229 -0.369 -0.449 -0.639 -0.782 -0.925 -0.999 -1.058 -0.957 -0.811 -1.013 -1.345 -1.108 -0.733 -0.607 -0.736 -1.12 -0.92 -0.644
-0.569 -0.706 -0.67 -0.419 -0.379 -0.446 -0.364 0.154 0.368 0.367 0.324 0.562 0.699 0.94 0.985 0.51 -0.363 -0.858 -1.291 -1.234 -0.902 -1.07 -1.121 -1.105 -1.13 -1.294 -1.208 -1.07 -0.681 -0.257 -0.618 -1.135 -0.76 -0.712 -0.679 -0.543 -0.204 0.372 0.255 0.3 0.807 1.02 1.099 1.111 1.113 1.113 1.107 0.998 0.803 0.727 0.309 -0.143 -0.749 -0.818 -0.767 -0.7 -0.471 -0.03 0.019 -0.179 -0.347 -0.697 -0.913 -0.817 -0.84 -0.909 -0.578 -0.536 -0.892 -1.164 -1.33 -1.087 -1.16 -1.356 -1.169 -1.1 -0.943
-0.396 -0.316 0.071 0.253 0.287 0.259 0.274 0.406 0.321 0.017 -0.073 -0.307 0.068 0.727 0.958 0.714 -0.137 -0.795 -1.178 -1.338 -1.03 -1.114 -1.174 -0.911 -1.009 -1.342 -1.34 -1.148 -0.697 -0.59 -0.904 -1.077 -0.899 -0.945 -0.834 -0.591 0.032 0.42 -0.103 -0.091 0.477 0.704 0.874 0.975 1.074 1.102 1.11 1.081 0.975 0.882 0.551 0.233 -0.404 -0.753 -1.025 -0.887 -0.559 -0.017 0.215 -0.213 -0.53 -0.905 -0.839 -0.481 -0.547 -0.608 -0.308 -0.274 -0.622 -0.797 -1.012 -1.241 -1.502 -1.114 -1.059 -1.262 -1.185
-0.072 -0.019 0.323 0.254 0.122 0.188 0.131 -0.331 -0.66 -0.812 -0.863 -0.921 -0.146 0.622 0.904 0.741 -0.085 -0.661 -0.922 -1.24 -0.906 -0.656 -0.819 -0.629 -1.008 -1.225 -1.163 -1.166 -1.002 -1.081 -1.142 -1.202 -1.098 -0.984 -0.658 -0.198 0.354 -0.023 -0.408 -0.375 0.108 0.35 0.376 0.512 0.663 0.947 1.077 1.098 1.07 1.01 0.803 0.496 -0.032 -0.476 -0.931 -0.722 -0.328 0.125 0.337 -0.058 -0.447 -0.815 -0.512 -0.052 -0.31 -0.246 0.055 -0.157 -0.421 -0.764 -1.196 -1.101 -1.032 -0.8 -0.971 -1.328 -1.314
-0.503 -0.619 0.037 -0.28 -0.798 -0.768 -0.902 -1.363 -1.698 -1.576 -1.354 -0.598 0.144 0.666 0.905 0.691 0.117 -0.114 -0.436 -0.892 -0.593 -0.229 -0.499 -0.686 -1.128 -0.825 -0.882 -1.277 -1.264 -1.299 -1.18 -1.053 -0.964 -0.775 -0.481 0.22 0.193 -0.415 -0.828 -0.644 -0.178 0.055 -0.125 0.053 0.195 0.604 0.94 1.055 1.107 1.076 0.981 0.783 0.358 -0.011 -0.381 -0.288 0.005 0.356 0.461 0.056 -0.237 -0.409 -0.212 0.235 -0.138 0.139 0.053 -0.38 -0.637 -0.768 -1.098 -1.073 -0.787 -0.561 -0.77 -1.155 -1.169
-0.998 -1.064 -0.53 -0.269 -0.693 -0.95 -1.416 -1.684 -1.841 -1.491 -1.018 -0.441 0.263 0.794 0.912 0.749 0.486 0.469 0.261 -0.181 -0.12 -0.18 -0.718 -1.07 -1.16 -0.502 -0.806 -1.335 -1.066 -1.095 -1.263 -0.72 -0.395 -0.239 0.068 0.247 -0.095 -0.544 -1.119 -0.977 -0.406 -0.438 -0.569 -0.338 -0.038 0.536 0.757 0.832 1.056 1.107 1.076 0.977 0.74 0.379 0.079 0.17 0.322 0.609 0.558 0.357 0.207 0.03 0.212 0.426 0.315 0.414 0.223 -0.092 -0.235 -0.565 -1.069 -0.913 -0.549 -0.636 -0.889 -1.157 -1.147
-1.226 -1.256 -0.941 -0.536 -0.359 -0.789 -1.318 -1.618 -1.52 -0.798 -0.526 -0.116 0.545 0.891 0.7 0.558 0.044 0.046 0.391 0.436 0.322 -0.15 -0.778 -1.137 -1.07 -0.369 -0.703 -1.211 -0.678 -0.896 -0.931 -0.457 0.003 0.134 0.175 -0.053 -0.518 -0.702 -1.33 -1.25 -0.869 -0.893 -0.875 -0.585 -0.077 0.602 0.483 0.408 0.785 1.041 1.098 1.061 0.992 0.711 0.46 0.501 0.702 0.884 0.873 0.757 0.665 0.528 0.61 0.617 0.398 0.122 -0.012 -0.019 -0.265 -0.582 -0.593 -0.433 -0.352 -0.785 -1.191 -1.304 -0.995
-1.219 -1.162 -0.982 -0.788 -0.756 -0.994 -1.359 -1.347 -1.047 -0.465 -0.228 0.28 0.81 0.715 0.311 0.326 -0.263 -0.588 -0.123 0.213 0.522 0.021 -0.591 -0.794 -0.908 -0.336 -0.619 -1.071 -0.701 -0.438 -0.386 -0.094 -0.208 -0.498 -0.467 -0.071 -0.802 -0.914 -1.412 -1.411 -1.084 -0.934 -0.761 -0.4 0.042 0.584 0.201 0.072 0.296 0.74 1.057 1.088 1.071 0.999 0.822 0.667 0.817 0.875 0.802 0.806 0.914 0.826 0.543 0.202 -0.064 -0.303 -0.441 -0.441 -0.401 -0.329 -0.172 -0.332 -0.436 -0.665 -1.145 -1.261 -0.956
-1.141 -1.15 -1.005 -0.877 -1.304 -1.213 -1.045 -0.81 -0.526 -0.198 0.145 0.668 0.783 0.395 0.003 0.191 -0.376 -0.927 -0.68 -0.374 0.231 0.363 -0.244 -0.417 -0.462 -0.189 -0.659 -1.089 -0.659 -0.203 -0.281 -0.392 -0.63 -0.94 -0.895 -0.296 -0.875 -1.29 -1.595 -1.345 -0.89 -0.461 -0.266 0.004 0.284 0.558 0.025 -0.077 0.157 0.65 1.06 1.092 1.082 1.043 0.448 0.549 0.52 0.326 0.217 0.105 0.361 0.742 0.65 0.114 -0.125 -0.247 -0.545 -0.753 -0.608 -0.245 -0.194 -0.64 -0.776 -0.677 -0.994 -1.262 -1.041
-0.995 -1.29 -1.144 -1.168 -1.577 -1.379 -1.1 -0.858 -0.568 -0.334 0.327 0.827 0.482 -0.113 -0.182 -0.072 -0.452 -1.036 -1.089 -0.801 -0.264 0.45 0.204 0.018 -0.086 -0.383 -1.084 -1.301 -0.68 -0.525 -0.904 -0.84 -0.913 -1.243 -1 -0.555 -0.93 -1.482 -1.661 -1.362 -0.885 -0.527 -0.337 -0.271 0.264 0.518 -0.117 -0.239 0.208 0.731 1.085 1.098 1.09 0.979 0.382 0.458 0.236 -0.175 -0.192 -0.313 -0.225 0.256 0.762 0.452 0.149 -0.03 -0.409 -0.733 -0.531 -0.091 -0.265 -0.722 -0.99 -0.987 -0.963 -1.266 -1.21
-1.112 -1.315 -1.232 -1.306 -1.385 -1.27 -1 -0.756 -0.531 -0.264 0.476 0.756 0.083 -0.55 -0.367 -0.515 -0.58 -1 -0.932 -0.503 -0.182 0.38 0.147 -0.343 -0.681 -1.084 -1.264 -1.265 -0.832 -0.88 -1.203 -1.218 -1.327 -1.357 -1.066 -0.939 -1.201 -1.618 -1.446 -1.58 -1.269 -0.983 -0.955 -0.627 0.13 0.462 -0.315 -0.213 0.32 0.822 1.097 1.098 1.037 0.771 0.218 0.411 0.028 -0.352 -0.477 -0.349 -0.087 0.312 0.773 0.573 0.167 -0.183 -0.404 -0.429 -0.143 0.051 -0.384 -0.896 -1.01 -1.319 -1.338 -1.442 -1.365
-1.048 -1.064 -1.083 -1.125 -1.131 -1.002 -0.669 -0.447 -0.294 0.128 0.737 0.538 -0.13 -0.613 -0.534 -0.649 -0.733 -1.075 -1.103 -0.753 -0.356 0.306 -0.014 -0.768 -1.012 -0.996 -1.046 -1.138 -0.918 -1.121 -1.373 -1.378 -1.282 -1.221 -1.115 -1.135 -1.254 -1.572 -1.178 -1.468 -1.349 -0.936 -0.841 -0.547 0.175 0.163 -0.47 -0.094 0.364 0.881 1.093 1.089 0.95 0.643 0.168 0.267 0.098 -0.281 -0.498 -0.321 0.11 0.507 0.734 0.668 0.223 -0.046 -0.069 -0.033 0.167 -0.039 -0.521 -0.891 -1.083 -1.37 -1.47 -1.511 -1.35
-0.908 -0.897 -1.03 -1.243 -1.211 -0.824 -0.443 -0.064 0.078 0.606 0.665 -0.027 -0.09 -0.537 -0.743 -0.897 -0.918 -1.169 -1.189 -0.907 -0.455 0.236 0.089 -0.6 -0.69 -0.717 -0.898 -1.351 -1.326 -1.376 -1.284 -1.12 -0.887 -0.799 -0.744 -0.782 -0.912 -1.326 -1.158 -1.028 -1.378 -1.063 -0.555 -0.114 0.364 -0.315 -0.459 0.041 0.532 0.971 1.091 1.074 0.901 0.502 -0.047 0.154 -0.017 -0.403 -0.434 -0.131 0.281 0.418 0.493 0.687 0.582 0.432 0.366 0.381 0.322 0.059 -0.239 -0.515 -0.777 -1.089 -1.238 -1.3 -1.068
