data/climatemaps/RS_maps/climate_breeding_tmp_2018.asc
NCOLS 369 
NROWS 228 
XLLCORNER 479000 
YLLCORNER 73000 
CELLSIZE 1000 
NODATA_value -9 
[rows 170 to 203 of 228, columns 154 to 230 of 369]
0.307 0.168 -0.307 -0.323 -0.375 0.06 0.14 0.381 0.903 1.158 1.136 0.994 0.711 0.09 -0.523 -0.975 -1.273 -1.341 -1.115 -0.84 -0.936 -0.929 -0.726 -0.798 -0.788 -0.975 -1.506 -1.565 -1.066 -0.472 -0.276 -0.334 -0.563 -0.896 -0.956 -0.961 -1.094 -0.687 -0.146 0.515 0.583 0.049 -0.123 -0.544 -0.963 -0.881 -0.554 -0.249 -0.169 -0.028 -0.107 -0.008 -0.073 -0.266 -0.07 0.628 1.407 0.725 0.051 -0.247 -0.457 -0.616 -0.633 -0.489 0.074 0.11 0.033 -0.082 -0.414 -0.661 0.069 0.819 0.665 -0.004 -0.61 -0.832 -0.572
0.712 0.453 0.198 0.104 0.147 0.452 0.688 0.913 1.161 1.211 1.067 0.912 0.645 0.064 -0.629 -0.936 -0.948 -1.169 -1.177 -1.09 -1.209 -1.111 -0.863 -1.111 -1.321 -1.121 -1.486 -1.126 -0.667 -0.294 -0.125 -0.365 -0.664 -0.701 -0.624 -0.903 -0.898 -0.393 0.243 0.771 0.153 -0.508 -0.795 -0.731 -1.022 -0.647 -0.252 -0.044 -0.046 -0.022 0.143 0.374 0.527 0.448 0.629 1.075 1.465 1.03 0.285 0.144 0.081 -0.345 -0.125 -0.456 -0.458 -0.121 0.263 0.497 0.268 0.005 0.174 0.941 0.583 -0.033 -0.612 -0.516 -0.166
1.083 0.858 0.742 0.619 0.731 0.945 1.119 1.174 1.109 1.09 1.029 0.752 0.341 -0.095 -0.381 -0.516 -0.765 -0.888 -0.995 -1.141 -1.437 -1.449 -0.961 -1.36 -1.731 -1.487 -1.286 -0.771 -0.613 -0.437 0.011 -0.386 -0.634 -0.232 -0.469 -0.846 -0.502 0.099 0.751 0.576 -0.104 -0.813 -1.15 -1.049 -1.112 -0.664 -0.482 -0.439 -0.619 -0.452 -0.047 0.471 0.871 0.771 0.99 0.931 1.1 1.403 1 0.766 0.464 0.042 0.217 -0.1 -0.2 -0.215 -0.438 0.078 0.513 0.632 0.569 1.045 0.339 -0.42 -0.476 -0.136 -0.047
1.243 1.219 1.181 1.11 1.097 1.027 1.016 0.74 0.588 0.615 0.636 0.583 0.333 0.164 0.046 -0.102 -0.447 -0.739 -1.077 -1.427 -1.487 -1.326 -1.298 -1.382 -1.505 -1.491 -1.16 -0.837 -0.809 -0.278 0.395 0.057 -0.316 -0.111 -0.695 -0.75 -0.065 0.659 0.758 0.077 -0.408 -1.019 -1.273 -1.13 -0.846 -0.752 -0.375 -0.08 -0.003 0.063 0.411 0.816 0.57 -0.086 0.073 0.278 0.37 0.875 1.402 1.38 1.141 0.884 0.455 0.547 0.291 -0.074 -0.377 -0.342 -0.153 0.36 0.719 1.081 0.394 -0.3 -0.299 0.238 -0.133
1.073 1.217 0.919 0.964 0.686 0.441 0.679 0.214 -0.2 -0.295 0.075 0.492 0.434 0.106 -0.12 -0.274 -0.358 -0.733 -1.174 -1.423 -1.106 -0.854 -0.974 -0.9 -1.142 -1.33 -1.083 -0.838 -0.517 -0.087 0.302 0.517 0.395 0.011 -0.658 -0.589 0.07 0.94 0.619 -0.235 -0.962 -1.185 -0.881 -0.71 -0.438 -0.363 -0.169 0.135 0.368 0.472 0.642 0.619 0.018 -0.388 -0.21 0.08 -0.087 0.388 0.853 1.155 1.494 1.488 1.017 0.854 0.265 -0.215 0.134 -0.236 -0.52 -0.194 0.29 0.962 0.853 0.194 -0.191 0.439 0.272
0.83 1.133 0.665 0.353 -0.036 -0.129 0.418 -0.176 -0.722 -0.843 -0.18 0.197 0.267 -0.244 -0.488 -0.696 -0.791 -0.939 -1.323 -0.929 -0.564 -0.391 -0.501 -0.68 -1.029 -1.122 -0.772 -0.592 -0.275 -0.248 -0.222 0.266 0.634 0.501 0.029 -0.087 0.527 1.034 0.537 -0.189 -0.93 -1.071 -0.757 -0.34 -0.182 0.044 0.078 0.199 -0.004 -0.105 0.218 0.179 -0.126 -0.59 -0.531 -0.352 -0.093 0.434 0.391 0.626 0.968 1.37 1.467 1.056 0.359 0.159 0.547 0.179 -0.248 -0.45 -0.145 0.391 1.026 0.757 0.314 0.601 0.61
0.831 1.027 0.557 0.116 -0.414 -0.532 0.111 -0.312 -0.969 -0.801 -0.231 -0.323 -0.069 -0.399 -0.75 -0.98 -1.434 -1.373 -0.954 -0.575 -0.306 -0.18 -0.409 -0.818 -1.129 -0.928 -0.922 -0.914 -1.017 -0.942 -0.505 -0.172 0.499 0.93 0.84 0.553 0.989 0.855 0.204 -0.476 -1.072 -0.807 -0.538 -0.211 -0.073 -0.327 -0.317 -0.085 -0.502 -0.46 -0.398 -0.424 -0.535 -0.627 -0.519 -0.362 -0.149 0.106 -0.143 0.197 0.398 1.021 1.54 1.307 0.682 0.723 0.829 0.475 0.116 -0.437 -0.36 0.152 0.731 1.068 1.047 1.004 0.793
0.966 0.983 0.53 0.079 -0.323 -0.668 -0.187 -0.536 -1.154 -1.052 -0.849 -0.823 -0.425 -0.384 -0.98 -1.38 -1.613 -1.188 -1.025 -0.982 -0.507 -0.341 -0.327 -0.478 -0.43 -0.518 -0.858 -1.017 -1.356 -1.337 -0.87 -0.456 0.295 0.78 1.136 1.07 1.027 0.589 -0.04 -0.625 -1.042 -0.773 -0.481 -0.38 -0.721 -0.753 -0.496 -0.308 -0.65 -0.724 -0.796 -0.794 -0.812 -0.645 -0.351 -0.19 -0.429 -0.406 -0.518 -0.174 0.413 0.899 1.328 1.569 1.218 1.076 0.71 0.163 -0.071 -0.388 -0.282 -0.173 0.134 0.462 0.973 1.16 0.573
0.992 0.851 0.352 -0.007 -0.412 -0.678 -0.254 -0.523 -1.055 -1.074 -0.961 -0.65 -0.441 -0.348 -0.757 -1.285 -1.58 -1.735 -1.742 -1.238 -0.701 -0.707 -0.171 0.199 0.131 -0.104 -0.256 -0.479 -0.72 -1.158 -1.124 -0.462 0.102 0.55 1.081 1.28 0.858 0.254 -0.217 -0.721 -0.967 -0.773 -0.675 -0.823 -1.011 -0.807 -0.626 -0.482 -0.58 -0.495 -0.458 -0.381 -0.415 -0.434 -0.183 0.187 -0.373 -0.274 -0.468 -0.115 0.424 0.544 0.954 1.52 1.593 1.281 0.728 0.356 0.218 -0.102 -0.435 -0.441 -0.217 -0.077 0.685 1.304 0.322
1.002 0.707 0.395 0.132 -0.429 -0.829 -0.348 -0.465 -0.948 -0.989 -0.625 -0.417 -0.525 -0.796 -1.095 -1.384 -1.836 -2.07 -1.998 -1.236 -0.881 -0.954 -0.267 0.01 0.056 0.312 0.251 -0.061 -0.344 -0.619 -0.695 -0.232 0.2 0.553 1.018 1.326 0.808 0.396 -0.118 -0.659 -0.755 -0.426 -0.525 -0.908 -0.936 -0.87 -0.832 -0.44 -0.167 -0.025 0.117 0.233 0.242 0.197 0.163 0.385 -0.07 0.111 -0.189 -0.127 -0.012 -0.004 0.412 1.006 1.505 1.609 1.383 1.012 0.689 0.18 -0.143 -0.359 0.05 0.522 0.969 1.344 0.634
1.036 0.577 0.013 -0.077 -0.507 -0.969 -0.582 -0.531 -0.998 -0.841 -0.48 -0.36 -0.688 -1.167 -1.532 -1.442 -1.895 -1.769 -1.681 -1.366 -1.077 -1.035 -0.442 -0.532 -0.549 0.122 0.51 0.35 0.001 -0.172 -0.213 -0.079 0.388 0.729 1.07 1.341 0.901 0.452 -0.169 -0.393 -0.408 -0.201 -0.555 -0.751 -0.622 -0.674 -0.928 -0.642 -0.404 -0.188 -0.001 0.134 0.11 0.325 0.458 0.594 0.552 0.507 0.278 -0.005 -0.264 -0.05 0.453 0.794 1.191 1.611 1.71 1.578 1.111 0.705 0.257 -0.276 0.126 0.451 0.887 1.355 1.075
0.96 0.589 -0.091 -0.497 -0.828 -1.169 -0.898 -0.536 -1.089 -0.937 -0.464 -0.36 -0.473 -0.746 -1.022 -1.106 -1.606 -1.241 -1.156 -1.136 -1.206 -1.087 -0.629 -0.621 -0.413 -0.103 0.378 0.627 0.498 0.353 0.346 0.144 0.306 0.778 1.132 1.329 0.725 0.025 -0.333 0.098 0.108 -0.006 -0.232 -0.286 -0.425 -0.735 -0.645 -0.614 -0.461 -0.474 -0.463 -0.4 -0.389 -0.125 0.018 0.142 0.462 0.842 0.597 0.084 0.045 0.302 0.54 0.563 0.73 1.152 1.424 1.664 1.367 1.045 0.58 -0.106 -0.123 0.119 0.474 1.034 1.403
0.532 0.655 0.006 -0.649 -1.056 -1.384 -1.11 -0.679 -1.166 -1.104 -0.688 -0.581 -0.251 -0.214 -0.576 -0.98 -1.369 -0.849 -0.537 -0.626 -0.791 -0.841 -0.52 -0.214 0.166 0.378 0.463 0.692 0.938 0.907 0.847 0.405 0.061 0.628 1.202 1.269 0.464 -0.244 -0.354 0.277 0.137 -0.337 -0.371 -0.248 -0.552 -0.626 -0.329 -0.096 -0.043 -0.037 -0.243 -0.34 -0.264 -0.134 0.139 0.214 0.233 0.913 0.525 0.213 0.288 0.746 0.943 0.671 0.303 0.608 0.968 1.596 1.071 0.571 0.171 -0.012 0.329 0.602 0.846 1.144 1.377
-0.191 0.624 0.187 -0.453 -0.991 -1.455 -1.347 -1.022 -1.16 -1.3 -1.184 -0.963 -0.525 -0.042 -0.314 -0.703 -1.09 -0.822 -0.149 -0.171 -0.173 -0.267 0.096 0.428 0.699 0.881 0.89 0.914 1.162 1.232 1.204 0.728 0.016 0.42 1.228 1.213 0.353 -0.248 0.073 0.533 0.02 -0.569 -0.643 -0.398 -0.61 -0.621 -0.359 -0.029 0.195 0.4 0.303 0.244 0.178 0.207 0.59 0.768 0.802 1.035 0.953 0.806 0.815 1.126 1.247 0.991 0.541 0.732 1.259 1.629 1.434 0.737 0.28 0.133 0.489 0.594 0.9 1.438 1.286
-0.712 0.175 0.426 -0.215 -0.87 -1.497 -1.646 -1.46 -1.348 -1.619 -1.369 -0.87 -0.481 -0.098 0.032 -0.165 -0.574 -0.555 0.145 0.179 0.27 0.378 0.559 0.599 0.601 0.53 0.54 0.489 0.608 0.831 1.173 1.067 0.219 0.351 1.236 1.112 0.358 0.148 0.568 0.345 0.002 -0.283 -0.682 -0.723 -0.778 -0.602 -0.463 -0.476 -0.145 0.31 0.426 0.521 0.653 0.703 0.664 0.473 0.603 0.889 0.975 1.201 1.205 1.204 1.276 1.405 1.081 0.944 1.365 1.528 1.686 1.002 0.488 0.488 0.807 1.096 1.156 1.554 1.286
-0.981 -0.268 0.358 -0.121 -0.847 -1.364 -1.535 -1.548 -1.659 -1.864 -1.438 -0.897 -0.65 -0.446 -0.085 0.191 0.072 0.053 0.035 -0.163 0.286 0.489 0.103 -0.007 -0.203 -0.253 -0.345 -0.371 -0.279 0.082 0.548 1.192 0.536 0.215 1.006 1.316 0.652 0.611 0.499 0.376 0.183 -0.408 -0.749 -0.51 -0.324 -0.324 -0.115 -0.486 -0.165 0.069 -0.077 0.275 0.218 0.331 0.097 0.079 0.111 0.463 0.475 0.845 0.678 0.752 0.893 1.32 1.363 1.523 1.697 1.742 1.796 1.227 0.884 1.116 1.383 1.564 1.647 1.771 1.705
-1.206 -0.691 0.089 0.033 -0.7 -1.124 -1.347 -1.567 -1.743 -2.053 -1.791 -1.486 -1.154 -0.929 -0.634 0.153 0.185 -0.098 -0.455 -0.306 0.293 -0.106 -0.622 -0.739 -0.873 -0.964 -0.819 -0.754 -0.774 -0.529 -0.113 1.007 0.804 0.554 1.202 1.469 0.904 0.857 0.726 0.797 0.206 -0.476 -0.67 -0.269 0.141 0.171 0.017 -0.341 -0.341 -0.265 -0.317 0.077 -0.053 0.103 0.005 -0.121 -0.1 0.204 0.483 0.608 0.665 0.934 1.107 1.399 1.567 1.573 1.633 1.778 1.843 1.653 1.499 1.644 1.801 1.869 1.908 1.914 1.921
-1.282 -0.769 -0.264 0.177 -0.455 -1.003 -1.346 -1.535 -1.691 -2.178 -2.428 -2.117 -1.573 -1.167 -0.69 0.075 -0.209 -0.484 -0.251 0.133 -0.013 -0.506 -0.842 -0.747 -0.77 -0.861 -0.725 -0.5 -0.749 -0.616 -0.068 0.932 1.14 1.076 1.577 1.467 1.123 1.087 1.108 0.686 0.248 -0.387 -0.24 0.042 0.364 0.481 0.19 -0.02 -0.344 -0.185 -0.359 -0.222 -0.101 0.072 0.357 0.432 0.381 0.676 1.005 1.012 1.175 1.321 1.389 1.419 1.148 1.049 1.243 1.627 1.757 1.855 1.851 1.879 1.919 1.934 1.943 1.944 1.942
-1.276 -1.05 -0.915 -0.12 -0.084 -0.694 -1.078 -1.459 -1.917 -2.225 -2.63 -2.128 -1.489 -1.021 -0.34 -0.133 -0.558 -0.578 -0.063 0.177 -0.257 -0.457 -0.586 -0.439 -0.382 -0.318 -0.281 -0.229 -0.523 -0.185 0.388 1.03 1.421 1.407 1.632 -9 -9 1.26 0.832 0.286 -0.157 -0.36 -0.293 -0.22 0.185 0.579 0.127 0.04 0.001 0.173 -0.06 -0.134 0.232 0.346 0.573 0.935 0.987 1.138 1.283 1.321 1.286 1.122 1.191 1.122 0.83 0.7 1.085 1.546 1.748 1.869 1.907 1.918 1.928 1.942 1.946 1.947 1.947
-1.543 -1.528 -1.424 -0.623 -0.011 -0.402 -1.005 -1.529 -1.776 -2.014 -2.641 -1.891 -1.184 -0.739 -0.15 -0.406 -0.76 -0.652 -0.019 -0.127 -0.614 -0.54 -0.645 -0.461 -0.16 0.059 0.167 -0.136 -0.455 -0.183 0.326 0.797 1.392 1.589 1.656 -9 -9 -9 0.383 0.057 -0.093 0.083 0.097 0.146 0.314 0.688 0.499 0.504 0.391 0.44 0.314 0.242 0.42 0.647 0.669 1.007 1.232 1.151 1.21 1.172 1.101 0.852 0.699 0.606 0.623 0.777 1.397 1.765 1.873 1.911 1.923 1.927 1.939 1.942 1.947 1.928 1.824
-2.175 -2.167 -1.48 -0.745 -0.098 -0.33 -0.871 -1.319 -1.429 -1.781 -2.253 -1.771 -1.184 -0.994 -0.786 -0.899 -0.937 -0.561 -0.01 -0.571 -0.917 -0.815 -0.845 -0.682 -0.246 0.21 0.356 0.277 -0.292 -0.228 0.185 0.647 1.449 1.677 1.675 -9 -9 -9 -9 -9 0.471 0.512 0.523 0.634 0.734 0.89 0.887 0.869 0.807 0.717 0.6 0.532 0.72 0.976 1.048 1.126 1.056 0.72 0.861 0.839 0.787 0.435 0.335 0.472 0.72 1.232 1.795 1.917 1.922 1.93 1.931 1.938 1.934 1.867 1.771 1.67 1.305
-2.367 -2.241 -1.397 -0.691 -0.133 -0.162 -0.66 -0.955 -1.38 -1.791 -2.24 -2.252 -1.491 -1.411 -1.159 -1.293 -1.297 -0.496 -0.462 -0.958 -1.022 -0.91 -0.548 -0.338 -0.037 0.485 0.618 0.574 0.33 0.331 0.689 1.11 1.644 1.703 1.696 -9 -9 -9 -9 -9 -9 0.908 0.862 0.922 0.936 0.971 0.966 1.009 1.046 0.958 0.903 0.892 1.06 1.092 1.01 0.948 0.709 0.341 0.368 0.269 0.258 -0.063 0.421 0.889 1.143 1.632 1.911 1.923 1.926 1.934 1.941 1.916 1.752 1.463 1.241 1.253 0.79
-2.376 -2.093 -1.659 -1.037 -0.351 0.047 -0.575 -1.041 -1.515 -1.949 -2.393 -2.541 -1.789 -1.752 -1.468 -1.386 -0.86 -0.429 -0.756 -0.99 -0.757 -0.623 -0.314 0.26 0.446 0.738 0.94 0.998 0.996 1.06 1.235 1.51 1.684 1.711 -9 -9 -9 -9 -9 -9 -9 -9 0.815 0.76 0.653 0.633 0.71 0.882 0.968 1.027 1.031 1.067 1.025 0.745 0.549 0.47 0.259 -0.031 -0.199 -0.289 -0.336 -0.278 0.371 1.078 1.499 1.858 1.926 1.928 1.935 1.937 1.911 1.619 1.252 0.924 0.598 0.701 0.58
-2.559 -2.203 -1.521 -1.052 -0.487 0.018 -0.504 -1.192 -1.658 -1.981 -2.074 -2.177 -2.071 -1.76 -1.339 -1.063 -0.539 -0.638 -0.896 -0.734 -0.384 -0.24 0.059 0.459 0.585 0.755 0.925 1.119 1.108 1.169 1.286 1.515 1.679 1.717 -9 -9 -9 -9 -9 -9 -9 -9 -9 0.307 0.189 0.236 0.62 0.569 0.547 0.61 0.728 0.87 0.724 0.569 0.3 0.34 0.478 0.428 -0.007 0.029 -0.13 -0.173 0.503 1.121 1.712 1.924 1.931 1.933 1.937 1.904 1.564 1.205 0.751 0.429 0.094 0.339 0.377
-2.739 -2.138 -1.33 -0.72 -0.386 -0.137 -0.347 -1.037 -1.447 -1.496 -1.639 -1.867 -2.018 -1.692 -1.208 -0.877 -0.652 -0.788 -0.908 -0.753 -0.513 -0.229 0.063 0.176 0.089 0.196 0.563 0.786 0.615 0.697 0.941 1.305 1.615 1.726 -9 -9 -9 -9 -9 -9 -9 -9 -9 -9 -0.069 0.207 0.598 0.372 0.069 0.299 0.63 0.866 0.929 0.607 0.545 0.627 0.997 0.6 0.156 0.519 0.337 0.187 0.794 1.358 1.848 1.931 1.931 1.892 1.857 1.636 1.184 0.701 0.326 0.384 0.463 0.572 0.202
-2.614 -1.872 -1.147 -0.466 -0.374 -0.555 -0.252 -0.557 -0.952 -1.087 -1.318 -1.707 -2.126 -1.88 -1.354 -0.9 -0.549 -0.394 -0.491 -0.79 -0.922 -0.78 -0.494 -0.317 -0.345 -0.19 0.201 0.271 0.134 0.488 0.908 1.324 1.664 1.743 -9 -9 -9 -9 -9 -9 -9 -9 -9 -9 -9 0.333 0.263 0.317 -0.033 0.354 0.712 0.683 1.081 1.026 1.121 1.147 1.215 0.723 0.434 0.854 0.338 0.361 0.905 1.575 1.925 1.937 1.927 1.676 1.449 1.215 0.796 0.415 0.296 0.773 0.937 0.709 0.255
-2.281 -1.568 -1.068 -0.659 -0.821 -1.131 -0.502 -0.329 -1.007 -1.396 -1.415 -1.608 -1.961 -1.536 -1 -0.561 -0.389 -0.255 -0.07 -0.306 -0.609 -0.861 -0.625 -0.295 -0.252 0.103 0.217 0.024 -0.009 0.489 1.058 1.565 1.75 -9 -9 -9 -9 -9 -9 -9 -9 -9 -9 -9 -9 -0.088 -0.009 0.285 0.007 0.462 0.507 0.488 0.97 0.839 1.135 1.028 1.347 0.985 0.466 1.002 0.744 0.59 1.096 1.666 1.931 1.936 1.813 1.374 1.063 0.976 0.749 0.544 0.531 0.99 1.001 0.633 0.102
-2.289 -1.725 -1.428 -1.115 -1.329 -1.554 -0.702 -0.386 -0.884 -1.489 -1.719 -1.768 -1.872 -1.258 -0.801 -0.652 -0.783 -0.603 -0.081 0.194 -0.154 -0.602 -0.714 -0.316 0.041 0.254 0.572 0.515 0.372 0.79 1.38 1.726 -9 -9 -9 -9 -9 -9 -9 -9 -9 -9 -9 -9 -9 -9 -0.175 0.25 0.029 0.428 0.087 0.561 0.761 0.553 0.887 0.792 1.297 1.06 0.761 0.979 1.277 0.834 1.038 1.62 1.925 1.936 1.776 1.205 0.902 0.738 0.681 0.661 0.937 1.225 0.969 0.508 0.106
-2.56 -2.028 -1.724 -1.493 -1.599 -1.562 -0.733 -0.495 -0.926 -1.022 -1.542 -1.888 -1.786 -1.284 -1.069 -1.091 -0.924 -0.301 -0.088 0.468 0.051 -0.455 -0.541 -0.142 -0.19 -0.003 0.667 0.998 0.949 1.136 1.627 1.754 -9 -9 -9 -9 -9 -9 -9 -9 -9 -9 -9 -9 -9 -9 -9 -0.13 0.038 0.034 0.054 0.312 0.306 0.628 1.098 1.184 1.369 1.403 1.385 1.34 1.458 1.357 1.359 1.696 1.93 1.94 1.92 1.412 1.02 0.798 0.843 1.093 1.266 1.097 0.924 0.69 0.276
-2.787 -2.266 -1.944 -1.853 -1.801 -1.586 -0.824 -0.55 -1.193 -1.096 -1.232 -1.759 -1.782 -1.131 -1.026 -1.078 -0.597 0.262 0.47 0.773 0.403 -0.156 0.029 0.342 0.229 0.343 0.767 1.234 1.351 1.435 1.68 -9 -9 -9 -9 -9 -9 -9 -9 -9 -9 -9 -9 -9 -9 -9 -9 -0.439 -0.343 -0.055 -0.028 -0.061 0.285 0.716 0.667 0.818 1.056 1.024 1.29 1.197 1.279 1.435 1.647 1.778 1.846 1.947 1.937 1.529 1.184 1.226 1.296 1.352 1.313 0.898 0.678 0.603 0.308
-2.741 -2.426 -2.221 -2.099 -1.804 -1.473 -0.867 -0.67 -1.373 -1.54 -1.133 -1.551 -1.842 -1.287 -0.714 -0.463 -0.109 0.567 0.626 0.769 0.926 0.558 0.582 0.577 0.87 1.077 1.219 1.225 0.877 1.065 -9 -9 -9 -9 -9 -9 -9 -9 -9 -9 -9 -9 -9 -9 -9 -9 -9 -9 -0.022 0.362 0.326 -0.103 0.145 0.342 0.222 0.601 0.598 0.893 0.96 0.738 0.805 1.033 1.214 1.374 1.66 1.947 1.947 1.716 1.494 1.501 1.447 1.137 1.031 0.753 0.461 0.302 0.474
-2.424 -2.561 -2.502 -2.062 -1.767 -1.531 -1.026 -0.734 -1.36 -1.719 -1.48 -1.406 -1.767 -1.485 -0.846 -0.184 0.154 0.077 -0.035 0.003 0.519 1.021 1.114 1.134 1.09 0.922 0.812 0.656 0.574 -9 -9 -9 -9 -9 -9 -9 -9 -9 -9 -9 -9 -9 -9 -9 -9 -9 -9 -9 -9 0.63 0.355 -0.241 -0.057 0.116 0.182 0.444 0.495 0.735 0.719 0.642 0.704 0.827 0.912 1.055 1.51 1.936 1.951 1.876 1.618 1.437 1.37 1.147 0.951 0.665 0.289 0.438 0.78
-2.303 -2.495 -2.247 -2.108 -1.955 -1.574 -0.959 -0.734 -1.323 -1.783 -1.921 -1.579 -1.39 -1.241 -0.932 -0.029 -0.108 -0.531 -0.63 -0.433 0.041 0.397 0.656 0.6 0.398 0.214 0.341 0.293 -9 -9 -9 -9 -9 -9 -9 -9 -9 -9 -9 -9 -9 -9 -9 -9 -9 -9 -9 -9 -9 -9 -9 -0.214 0.207 0.572 0.534 0.621 0.634 0.514 0.419 0.706 1.003 1.148 1.247 1.262 1.569 1.93 1.955 1.949 1.747 1.554 1.448 1.381 1.162 0.846 0.454 0.789 1.078
-2.453 -2.716 -2.328 -2.343 -2.095 -1.445 -1.138 -0.744 -1.078 -1.297 -1.601 -1.744 -1.24 -0.773 -0.387 -0.081 -0.356 -0.717 -0.991 -0.817 -0.517 -0.348 0.041 -0.039 0.119 0.412 0.875 -9 -9 -9 -9 -9 -9 -9 -9 -9 -9 -9 -9 -9 -9 -9 -9 -9 -9 -9 -9 -9 -9 -9 -9 -9 0.311 0.691 0.886 0.953 0.735 0.601 0.517 0.639 0.91 1.295 1.64 1.75 1.856 1.946 1.956 1.957 1.878 1.698 1.622 1.556 1.264 0.896 0.854 1.1 1.284
