data/climatemaps/RS_maps/climate_postbreed_tmp_2014.asc
NCOLS 369 
NROWS 228 
XLLCORNER 479000 
YLLCORNER 73000 
CELLSIZE 1000 
NODATA_value -9 
[rows 68 to 101 of 228, columns 231 to 307 of 369]
1.182 1.186 1.184 1.18 1.172 1.175 1.127 1.115 1.084 1.043 0.952 0.768 0.632 0.525 0.458 0.349 0.373 0.498 0.677 0.497 0.651 0.791 0.841 0.764 0.638 0.387 0.076 0.163 0.312 0.068 -0.131 -0.207 0.038 0.156 -0.474 -0.624 -0.371 -0.351 -0.243 0.24 0.613 0.91 1.169 1.225 1.248 1.248 1.235 1.165 1.117 1.108 1.206 1.222 1.12 1.085 1.174 1.187 1.182 1.184 1.195 1.131 -9 -9 -9 -9 -9 -9 -9 -9 -9 -9 -9 -9 -9 -9 -9 -9 -9
1.219 1.224 1.223 1.221 1.227 1.251 1.245 1.221 1.176 1.134 1.069 0.941 0.773 0.682 0.537 0.309 0.218 0.362 0.668 0.461 0.488 0.684 0.824 0.82 0.695 0.385 0.078 0.057 -0.005 -0.22 -0.15 0.105 0.429 0.199 -0.155 -0.053 -0.106 -0.132 0.183 0.496 0.766 1.033 1.199 1.236 1.248 1.248 1.223 1.161 1.165 1.221 1.237 1.13 0.822 0.762 0.972 1.103 1.179 1.211 1.21 1.198 -9 -9 -9 -9 -9 -9 -9 -9 -9 -9 -9 -9 -9 -9 -9 -9 -9
1.261 1.279 1.272 1.248 1.242 1.256 1.275 1.267 1.252 1.226 1.175 1.067 0.875 0.67 0.577 0.31 0.199 0.365 0.538 0.256 0.334 0.49 0.569 0.663 0.702 0.481 0.202 -0.171 0.034 0.157 0.192 0.374 0.41 0.239 0.246 0.233 0.207 0.311 0.35 0.556 0.841 1.12 1.216 1.238 1.251 1.251 1.242 1.235 1.239 1.24 1.136 0.791 0.422 0.571 0.879 0.885 1.006 1.118 1.189 1.202 -9 -9 -9 -9 -9 -9 -9 -9 -9 -9 -9 -9 -9 -9 -9 -9 -9
1.269 1.205 1.186 1.209 1.244 1.269 1.282 1.278 1.272 1.258 1.239 1.175 0.916 0.611 0.518 0.396 0.158 0.277 0.22 0.14 0.352 0.23 0.314 0.537 0.686 0.668 0.234 0.023 0.112 0.29 0.405 0.54 0.516 0.47 0.455 0.499 0.507 0.523 0.56 0.696 0.937 1.166 1.228 1.244 1.251 1.255 1.255 1.255 1.253 1.199 0.889 0.391 0.198 0.652 0.767 0.58 0.693 0.879 1.045 -9 -9 -9 -9 -9 -9 -9 -9 -9 -9 -9 -9 -9 -9 -9 -9 -9 -9
1.239 1.159 1.166 1.234 1.285 1.288 1.288 1.286 1.275 1.21 1.265 1.205 1.037 0.687 0.404 0.445 0.166 0.051 -0.054 0.081 0.258 0.444 0.574 0.56 0.611 0.716 0.427 0.329 0.372 0.58 0.603 0.588 0.504 0.461 0.392 0.391 0.421 0.498 0.606 0.78 0.983 1.181 1.234 1.254 1.252 1.255 1.259 1.259 1.239 0.999 0.59 0.03 0.21 0.663 0.639 0.262 0.364 0.716 0.91 -9 -9 -9 -9 -9 -9 -9 -9 -9 -9 -9 -9 -9 -9 -9 -9 -9 -9
1.264 1.249 1.257 1.248 1.294 1.293 1.293 1.291 1.232 1.168 1.273 1.253 1.155 0.8 0.443 0.158 0.11 -0.218 -0.051 0.206 0.341 0.4 0.4 0.178 0.336 0.376 0.614 0.619 0.587 0.449 0.309 0.294 0.267 0.256 0.146 0.14 0.174 0.263 0.442 0.689 0.937 1.161 1.236 1.26 1.259 1.257 1.261 1.251 1.153 0.755 0.262 -0.201 0.135 0.661 0.346 -0.082 0.077 0.44 0.566 -9 -9 -9 -9 -9 -9 -9 -9 -9 -9 -9 -9 -9 -9 -9 -9 -9 -9
1.272 1.272 1.287 1.283 1.295 1.295 1.295 1.294 1.243 1.233 1.292 1.282 1.219 0.905 0.491 -0.044 -0.103 -0.168 -0.126 0.045 0.209 0.134 0.157 0.096 0.064 0.209 0.39 0.334 0.253 0.06 0.045 0.016 -0.081 -0.071 -0.147 -0.052 0.12 0.251 0.459 0.657 0.821 1.07 1.221 1.258 1.261 1.258 1.261 1.229 1.069 0.578 -0.155 -0.434 0.053 0.604 0.019 -0.318 0.1 0.167 0.068 0.446 0.771 0.552 0.574 -9 -9 -9 -9 -9 -9 -9 -9 -9 -9 -9 -9 -9 -9
1.238 1.25 1.261 1.245 1.243 1.256 1.281 1.296 1.298 1.296 1.301 1.297 1.244 0.855 0.233 -0.114 0.06 0.053 -0.196 -0.065 0.115 0.046 -0.06 -0.018 0.087 0.245 0.101 -0.138 -0.128 -0.14 -0.169 -0.298 -0.467 -0.392 -0.351 -0.124 0.2 0.334 0.345 0.347 0.592 0.889 0.985 1.181 1.264 1.266 1.267 1.17 0.942 0.354 -0.323 -0.11 0.388 0.346 -0.013 -0.392 -0.038 -0.029 -0.031 0.165 0.61 0.359 0.058 -0.104 0.154 0.529 0.734 -9 -9 -9 -9 -9 -9 -9 -9 -9 -9
1.081 0.96 0.907 0.871 0.859 0.991 1.162 1.231 1.289 1.299 1.302 1.304 1.231 0.67 -0.008 0.035 0.363 0.082 0.169 0.313 0.316 0.14 0.098 -0.043 0.018 -0.067 -0.28 -0.414 -0.398 -0.408 -0.431 -0.632 -0.654 -0.496 -0.288 -0.007 0.292 0.124 -0.164 0.137 0.337 0.497 0.746 1.082 1.258 1.268 1.268 1.177 0.919 0.335 -0.253 0.033 0.411 -0.049 -0.298 -0.508 -0.227 -0.094 -0.167 0.017 0.493 0.331 -0.064 -0.288 0.005 0.299 0.513 0.823 1.005 1.153 -9 -9 -9 -9 -9 -9 -9
1.003 0.604 0.477 0.497 0.464 0.488 0.744 0.839 0.986 1.225 1.307 1.305 1.196 0.587 0.268 0.529 0.707 0.365 0.586 0.594 0.405 0.257 0.179 -0.101 -0.269 -0.395 -0.389 -0.314 -0.253 -0.156 -0.073 -0.304 -0.461 -0.413 -0.289 -0.167 -0.013 -0.307 -0.48 -0.254 -0.007 0.282 0.688 0.982 1.187 1.275 1.269 1.227 0.859 0.122 -0.308 0.017 0.338 0.033 -0.271 -0.428 -0.224 -0.268 -0.205 0.142 0.31 0.075 -0.227 -0.263 -0.095 0.159 0.456 0.801 0.792 0.988 1.076 1.114 1.113 0.922 -9 -9 -9
1.002 0.863 0.666 0.479 0.251 0.214 0.344 0.44 0.582 0.902 1.226 1.305 1.205 0.889 0.683 0.938 1.062 0.876 0.967 0.898 0.68 0.545 0.392 0.184 0.101 0.1 0.141 0.273 0.323 0.463 0.635 0.557 0.299 0.103 -0.001 -0.396 -0.563 -0.697 -0.616 -0.441 -0.13 0.36 0.587 0.809 1.144 1.275 1.275 1.267 0.938 0.287 -0.075 0.246 0.065 -0.211 -0.098 -0.355 -0.418 -0.324 0.156 0.187 -0.061 -0.21 -0.453 -0.223 -0.157 -0.041 0.429 0.701 0.281 0.529 0.436 0.562 1.124 0.97 0.364 -0.081 -0.121
0.959 0.808 0.778 0.602 0.381 0.166 0.191 0.253 0.192 0.376 0.856 1.198 1.295 1.203 1.158 1.242 1.284 1.294 1.256 1.226 1.163 1.094 1.011 0.964 0.996 0.999 0.996 1.018 0.996 1.052 1.125 1.139 1.024 0.724 0.351 -0.325 -0.265 -0.45 -0.746 -0.337 0.092 0.063 0.367 0.751 1.162 1.273 1.276 1.276 1.093 0.569 0.204 0.23 -0.204 -0.469 -0.227 -0.395 -0.51 -0.123 0.246 -0.214 -0.331 -0.522 -0.44 -0.054 0.156 0.299 0.569 0.295 -0.236 -0.057 -0.123 -0.018 0.701 1.059 0.823 0.292 -0.066
0.864 0.714 0.583 0.554 0.448 0.132 0.074 0.143 0.182 0.328 0.584 1.003 1.294 1.313 1.319 1.304 1.217 1.106 1.108 1.199 1.264 1.306 1.312 1.305 1.297 1.296 1.296 1.298 1.288 1.294 1.3 1.297 1.28 1.185 0.785 0.097 0.078 -0.062 -0.417 -0.456 -0.215 -0.228 0.289 0.762 1.054 1.248 1.281 1.281 1.2 0.787 0.416 0.188 -0.105 -0.235 -0.296 -0.576 -0.484 0.004 0.126 -0.543 -0.566 -0.5 -0.26 -0.021 0.399 0.524 0.07 0.247 -0.555 -0.579 -0.56 -0.173 0.674 1.081 0.987 0.44 0.111
0.839 0.811 0.569 0.337 0.383 0.038 0.01 0.127 0.127 0.143 0.336 0.793 1.238 1.325 1.259 1.056 0.852 0.731 0.761 0.839 1.002 1.14 1.209 1.231 1.256 1.271 1.276 1.268 1.206 1.263 1.263 1.165 1.294 1.301 1.24 0.617 0.311 0.025 -0.176 -0.582 -0.544 -0.193 0.273 0.697 0.958 1.159 1.279 1.281 1.214 0.882 0.46 0.046 0.086 -0.149 -0.211 -0.579 -0.369 0.106 0.014 -0.533 -0.613 -0.415 -0.201 0.087 0.524 0.21 -0.272 -0.184 -0.5 -0.923 -0.516 0.191 0.665 1.056 0.998 0.576 0.264
0.584 0.746 0.634 0.287 0.285 0.073 -0.066 0.068 0.164 0.179 0.28 0.508 1.099 1.321 1.099 0.687 0.348 0.325 0.419 0.517 0.729 0.743 0.869 0.834 1.019 0.917 0.994 1.058 0.971 0.845 0.767 0.816 0.991 1.235 1.287 1.075 0.463 -0.01 -0.164 -0.351 -0.591 -0.255 0.184 0.68 0.98 1.107 1.271 1.28 1.238 0.903 0.372 -0.174 0.048 -0.317 -0.268 -0.416 -0.285 0.18 -0.045 -0.47 -0.713 -0.379 -0.001 0.258 0.471 -0.247 -0.69 -0.625 -0.778 -0.763 -0.233 0.159 0.593 0.979 1.084 0.936 0.723
0.454 0.716 0.723 0.446 0.056 -0.081 -0.067 0.051 0.188 0.382 0.476 0.631 1.071 1.322 1.135 0.634 0.109 -0.064 0.205 0.1 0.441 0.202 0.378 0.431 0.85 0.397 0.477 0.642 0.655 0.276 0.344 0.529 0.798 1.145 1.276 1.258 0.958 0.481 -0.059 -0.136 -0.302 -0.089 0.296 0.711 1.034 1.179 1.276 1.281 1.21 0.773 0.277 -0.28 -0.095 -0.306 -0.551 -0.552 -0.335 0.166 -0.111 -0.547 -0.612 -0.259 -0.267 -0.215 0.324 -0.418 -1.018 -0.783 -0.647 -0.338 -0.171 0.12 0.463 0.691 0.928 0.959 0.974
0.421 0.616 0.783 0.501 -0.141 -0.253 -0.093 0.253 0.433 0.533 0.571 0.533 1.13 1.327 1.212 0.687 0.282 -0.122 0.224 -0.378 0.04 -0.213 -0.109 0.453 0.473 -0.019 -0.066 0.144 0.119 0.025 0.097 0.286 0.648 0.934 1.156 1.244 1.234 1.007 0.431 0.107 -0.215 0.027 0.4 0.815 1.131 1.253 1.283 1.277 1.065 0.547 -0.033 -0.468 -0.243 -0.188 -0.651 -0.694 -0.276 0.008 -0.172 -0.427 -0.659 -0.434 -0.611 -0.118 0.156 -0.331 -0.914 -0.532 -0.244 -0.086 -0.088 0.047 0.023 0.202 0.567 0.707 0.936
0.3 0.585 0.786 0.466 0.02 -0.349 -0.136 0.377 0.354 0.244 0.152 0.2 1.185 1.274 0.913 0.502 0.26 -0.093 0.044 -0.673 -0.235 -0.365 -0.296 0.34 -0.078 -0.301 -0.392 -0.283 -0.266 -0.213 -0.044 0.328 0.578 0.66 0.86 1.013 1.182 1.253 1.068 0.495 -0.088 -0.043 0.416 0.929 1.206 1.279 1.286 1.22 0.619 0.138 0.044 -0.483 -0.584 -0.289 -0.581 -0.564 -0.223 -0.476 -0.485 -0.607 -1.051 -0.993 -0.803 -0.329 -0.399 -0.23 -0.736 -0.559 -0.291 -0.282 -0.515 -0.398 -0.374 -0.054 0.38 0.428 0.618
0.261 0.621 0.675 0.2 -0.153 -0.337 0.158 0.144 -0.133 -0.327 -0.528 0.226 1.254 1.163 0.614 0.188 -0.197 -0.244 -0.15 -0.733 -0.383 -0.145 -0.1 0.25 -0.362 -0.649 -0.575 -0.492 -0.414 -0.231 0.122 0.421 0.227 0.231 0.492 0.727 0.921 1.176 1.26 1.013 0.556 0.302 0.685 1.137 1.263 1.286 1.288 1.183 0.371 -0.184 -0.199 -0.308 -0.749 -0.661 -0.968 -0.775 -0.533 -0.852 -0.813 -1.103 -1.396 -1.358 -1.251 -0.934 -1.011 -0.534 -0.727 -0.71 -0.572 -0.328 -0.675 -0.599 -0.334 0.051 0.141 0.022 0.31
-0.005 0.537 0.358 -0.08 -0.391 -0.135 0.063 -0.273 -0.468 -0.569 -0.519 0.626 1.292 1.062 0.651 0.138 -0.311 -0.432 -0.446 -0.46 -0.292 -0.448 -0.43 0.132 -0.441 -0.794 -0.612 -0.375 -0.164 0.051 0.339 0.133 -0.24 -0.131 0.144 0.424 0.679 0.892 1.132 1.222 1.138 0.948 1.13 1.268 1.253 1.181 1.176 1.163 0.572 -0.003 -0.539 -0.766 -0.908 -0.949 -0.728 -0.864 -0.859 -0.839 -0.617 -0.694 -0.974 -1.245 -1.382 -1.171 -0.9 -0.621 -0.765 -0.914 -0.689 -0.503 -0.755 -0.668 -0.198 0.082 -0.282 -0.419 0.042
0.042 0.406 0.112 -0.315 -0.573 -0.204 -0.349 -0.507 -0.468 -0.261 0.304 0.94 1.257 1.176 0.683 0.174 -0.383 -0.724 -0.68 -0.42 -0.547 -0.664 -0.379 -0.051 -0.55 -0.793 -0.532 -0.318 0.033 0.258 0.194 -0.339 -0.496 -0.284 -0.048 0.179 0.46 0.626 0.84 1.093 1.259 1.247 1.274 1.287 1.268 1.059 0.837 1.099 0.924 0.238 -0.583 -0.828 -0.676 -0.631 -0.507 -0.389 -0.443 -0.451 -0.228 -0.269 -0.451 -0.633 -0.911 -0.913 -0.764 -0.758 -0.886 -0.867 -0.782 -0.764 -0.674 -0.539 -0.208 -0.146 -0.627 -0.49 -0.083
0.028 -0.09 -0.326 -0.551 -0.523 -0.286 -0.332 -0.182 0.059 0.542 0.873 1.079 1.201 1.271 1.031 0.341 -0.448 -0.751 -0.853 -0.682 -0.581 -0.521 -0.39 -0.529 -0.754 -0.818 -0.636 -0.527 -0.184 0.151 -0.06 -0.71 -0.548 -0.231 -0.134 -0.067 0.205 0.498 0.771 0.917 1.18 1.273 1.281 1.286 1.287 1.265 1.054 0.816 0.975 0.747 0.277 -0.147 -0.693 -0.465 -0.285 -0.143 -0.02 0.127 0.022 -0.109 -0.192 -0.371 -0.509 -0.651 -0.723 -0.777 -0.685 -0.549 -0.741 -1.065 -0.837 -0.481 -0.359 -0.482 -0.858 -0.669 -0.391
-0.171 -0.295 -0.264 -0.039 -0.007 -0.075 0.006 0.496 0.699 0.701 0.649 0.874 1.008 1.235 1.274 0.813 -0.036 -0.521 -0.937 -0.881 -0.565 -0.732 -0.782 -0.771 -0.796 -0.949 -0.868 -0.741 -0.377 0.023 -0.319 -0.804 -0.449 -0.4 -0.372 -0.243 0.073 0.612 0.497 0.548 1.01 1.205 1.281 1.281 1.288 1.283 1.281 1.181 0.997 0.926 0.542 0.117 -0.45 -0.518 -0.47 -0.413 -0.196 0.21 0.255 0.068 -0.096 -0.43 -0.638 -0.549 -0.569 -0.639 -0.326 -0.284 -0.625 -0.896 -1.053 -0.822 -0.896 -1.091 -0.907 -0.843 -0.685
-0.001 0.063 0.433 0.605 0.64 0.603 0.614 0.738 0.654 0.359 0.267 0.039 0.397 1.026 1.25 1.012 0.178 -0.46 -0.829 -0.985 -0.694 -0.779 -0.842 -0.592 -0.688 -1.001 -1.002 -0.822 -0.394 -0.297 -0.593 -0.753 -0.586 -0.63 -0.52 -0.297 0.29 0.659 0.163 0.175 0.703 0.914 1.07 1.167 1.251 1.275 1.281 1.255 1.158 1.071 0.762 0.464 -0.125 -0.456 -0.718 -0.59 -0.284 0.224 0.439 0.034 -0.27 -0.625 -0.565 -0.23 -0.293 -0.353 -0.065 -0.033 -0.376 -0.544 -0.751 -0.972 -1.233 -0.857 -0.801 -1.006 -0.927
0.301 0.351 0.677 0.603 0.479 0.54 0.481 0.025 -0.299 -0.447 -0.5 -0.557 0.187 0.929 1.201 1.034 0.232 -0.335 -0.589 -0.896 -0.582 -0.347 -0.505 -0.326 -0.688 -0.9 -0.843 -0.847 -0.687 -0.763 -0.824 -0.88 -0.783 -0.679 -0.358 0.073 0.586 0.24 -0.127 -0.093 0.357 0.583 0.61 0.738 0.879 1.14 1.258 1.275 1.246 1.197 0.998 0.707 0.218 -0.203 -0.629 -0.438 -0.069 0.352 0.553 0.18 -0.193 -0.54 -0.255 0.183 -0.066 -0.007 0.285 0.081 -0.179 -0.513 -0.926 -0.839 -0.772 -0.55 -0.717 -1.069 -1.054
-0.107 -0.221 0.4 0.095 -0.41 -0.388 -0.519 -0.976 -1.304 -1.194 -0.98 -0.247 0.468 0.976 1.204 0.984 0.421 0.196 -0.123 -0.568 -0.28 0.066 -0.198 -0.384 -0.812 -0.523 -0.577 -0.96 -0.945 -0.982 -0.869 -0.75 -0.663 -0.482 -0.198 0.458 0.433 -0.138 -0.522 -0.353 0.09 0.307 0.132 0.304 0.433 0.813 1.131 1.236 1.281 1.255 1.166 0.974 0.578 0.232 -0.112 -0.032 0.236 0.566 0.676 0.286 0.006 -0.158 0.026 0.457 0.095 0.36 0.275 -0.135 -0.39 -0.515 -0.841 -0.815 -0.539 -0.316 -0.523 -0.904 -0.92
-0.581 -0.658 -0.141 0.101 -0.311 -0.566 -1.022 -1.295 -1.449 -1.111 -0.659 -0.097 0.585 1.099 1.213 1.042 0.783 0.761 0.554 0.116 0.176 0.106 -0.414 -0.758 -0.848 -0.216 -0.511 -1.023 -0.764 -0.798 -0.959 -0.435 -0.124 0.023 0.313 0.487 0.157 -0.258 -0.805 -0.672 -0.13 -0.161 -0.286 -0.064 0.212 0.754 0.954 1.025 1.236 1.277 1.253 1.158 0.936 0.595 0.322 0.402 0.543 0.81 0.764 0.568 0.428 0.256 0.432 0.641 0.535 0.633 0.447 0.147 0.003 -0.318 -0.818 -0.667 -0.307 -0.393 -0.638 -0.901 -0.898
-0.809 -0.843 -0.545 -0.159 0.009 -0.413 -0.935 -1.239 -1.145 -0.442 -0.181 0.215 0.864 1.195 1.005 0.858 0.348 0.342 0.682 0.712 0.593 0.135 -0.485 -0.828 -0.773 -0.097 -0.423 -0.914 -0.402 -0.609 -0.652 -0.19 0.258 0.37 0.411 0.2 -0.25 -0.419 -1.013 -0.934 -0.576 -0.594 -0.574 -0.3 0.172 0.815 0.695 0.629 0.982 1.22 1.273 1.236 1.172 0.908 0.674 0.713 0.903 1.075 1.061 0.951 0.862 0.736 0.814 0.818 0.612 0.349 0.22 0.212 -0.025 -0.342 -0.349 -0.189 -0.119 -0.533 -0.945 -1.05 -0.75
-0.809 -0.754 -0.594 -0.409 -0.386 -0.617 -0.98 -0.979 -0.689 -0.123 0.109 0.603 1.117 1.019 0.622 0.629 0.044 -0.279 0.165 0.495 0.788 0.295 -0.308 -0.508 -0.624 -0.064 -0.344 -0.785 -0.432 -0.182 -0.128 0.15 0.042 -0.24 -0.209 0.171 -0.523 -0.626 -1.097 -1.091 -0.782 -0.636 -0.473 -0.132 0.284 0.796 0.434 0.314 0.519 0.938 1.237 1.266 1.248 1.176 1.012 0.869 1.015 1.065 0.999 1.001 1.102 1.024 0.75 0.422 0.161 -0.064 -0.203 -0.203 -0.165 -0.091 0.064 -0.095 -0.202 -0.418 -0.9 -1.011 -0.711
-0.741 -0.75 -0.616 -0.5 -0.923 -0.841 -0.679 -0.459 -0.182 0.132 0.473 0.981 1.093 0.697 0.313 0.492 -0.071 -0.626 -0.388 -0.087 0.502 0.629 0.027 -0.151 -0.195 0.055 -0.396 -0.82 -0.403 0.041 -0.032 -0.144 -0.37 -0.671 -0.623 -0.054 -0.601 -0.997 -1.281 -1.043 -0.607 -0.199 -0.009 0.243 0.511 0.768 0.267 0.165 0.385 0.848 1.241 1.268 1.259 1.22 0.656 0.757 0.729 0.539 0.439 0.333 0.57 0.94 0.854 0.342 0.103 -0.019 -0.305 -0.502 -0.367 -0.008 0.041 -0.398 -0.539 -0.434 -0.751 -1.013 -0.793
-0.607 -0.895 -0.758 -0.796 -1.196 -1.01 -0.743 -0.511 -0.223 -0.001 0.643 1.133 0.791 0.198 0.118 0.216 -0.159 -0.738 -0.798 -0.514 0.009 0.704 0.454 0.266 0.16 -0.137 -0.818 -1.032 -0.428 -0.278 -0.651 -0.585 -0.658 -0.975 -0.734 -0.306 -0.662 -1.19 -1.354 -1.072 -0.612 -0.274 -0.088 -0.023 0.484 0.726 0.123 0.008 0.425 0.926 1.263 1.274 1.264 1.156 0.593 0.665 0.458 0.061 0.037 -0.078 0.007 0.472 0.961 0.66 0.367 0.2 -0.17 -0.488 -0.295 0.142 -0.033 -0.482 -0.747 -0.742 -0.724 -1.023 -0.968
-0.724 -0.932 -0.851 -0.943 -1.023 -0.912 -0.652 -0.418 -0.2 0.061 0.786 1.063 0.384 -0.244 -0.069 -0.219 -0.289 -0.707 -0.647 -0.23 0.071 0.629 0.392 -0.096 -0.431 -0.83 -1.009 -1.002 -0.586 -0.635 -0.951 -0.961 -1.068 -1.09 -0.808 -0.68 -0.932 -1.326 -1.16 -1.287 -0.984 -0.713 -0.683 -0.366 0.356 0.668 -0.073 0.023 0.529 1.009 1.268 1.274 1.221 0.959 0.439 0.617 0.254 -0.113 -0.239 -0.11 0.143 0.525 0.967 0.781 0.388 0.049 -0.17 -0.188 0.087 0.277 -0.144 -0.657 -0.767 -1.074 -1.098 -1.203 -1.126
-0.668 -0.698 -0.717 -0.768 -0.783 -0.659 -0.338 -0.117 0.027 0.437 1.036 0.837 0.176 -0.319 -0.243 -0.356 -0.455 -0.798 -0.828 -0.486 -0.095 0.551 0.23 -0.518 -0.767 -0.757 -0.808 -0.89 -0.681 -0.876 -1.129 -1.125 -1.035 -0.972 -0.862 -0.881 -0.991 -1.298 -0.92 -1.187 -1.069 -0.674 -0.581 -0.297 0.391 0.384 -0.217 0.131 0.56 1.064 1.268 1.262 1.131 0.84 0.384 0.479 0.312 -0.052 -0.264 -0.084 0.332 0.711 0.932 0.874 0.437 0.177 0.156 0.197 0.393 0.188 -0.285 -0.652 -0.841 -1.133 -1.233 -1.272 -1.109
-0.54 -0.535 -0.67 -0.888 -0.862 -0.491 -0.114 0.253 0.391 0.911 0.957 0.267 0.199 -0.25 -0.457 -0.611 -0.643 -0.904 -0.926 -0.648 -0.204 0.468 0.319 -0.367 -0.46 -0.486 -0.672 -1.119 -1.091 -1.141 -1.046 -0.887 -0.662 -0.574 -0.514 -0.554 -0.678 -1.071 -0.907 -0.778 -1.112 -0.801 -0.317 0.11 0.57 -0.081 -0.217 0.258 0.728 1.143 1.265 1.237 1.077 0.698 0.178 0.367 0.204 -0.171 -0.198 0.09 0.497 0.623 0.693 0.89 0.786 0.641 0.579 0.599 0.538 0.285 -0.011 -0.282 -0.538 -0.855 -1.001 -1.061 -0.831
