data/climatemaps/RS_maps/climate_breeding_tmp_2011.asc
NCOLS 369 
NROWS 228 
XLLCORNER 479000 
YLLCORNER 73000 
CELLSIZE 1000 
NODATA_value -9 
[rows 102 to 135 of 228, columns 231 to 307 of 369]
-1.009 -1.115 -1.234 -1.281 -1.472 -1.183 -0.706 -0.05 0.508 0.681 0.241 -0.532 -0.544 -0.721 -1.094 -1.329 -1.198 -1.187 -1.06 -0.787 -0.387 0.142 0.203 -0.265 -0.369 -0.588 -0.986 -1.72 -1.778 -1.339 -0.964 -0.806 -0.726 -0.639 -0.531 -0.401 -0.446 -0.896 -0.958 -0.537 -0.823 -0.634 -0.121 0.362 0.137 -0.642 -0.509 -0.038 0.275 0.609 1.004 1.024 0.804 0.137 -0.362 -0.116 -0.11 -0.555 -0.582 -0.218 0.169 0.193 0.051 0.274 0.437 0.527 0.521 0.536 0.472 0.403 0.211 -0.089 -0.401 -0.893 -1.08 -1.205 -0.917
-0.926 -0.898 -1.038 -1.382 -1.264 -0.904 -0.553 0.117 0.691 0.395 0.074 -0.527 -1.02 -1.11 -1.28 -1.561 -1.427 -0.977 -0.721 -0.45 -0.131 0.154 0.131 -0.141 -0.564 -0.842 -1.411 -2.067 -1.864 -1.309 -1.029 -1.066 -1.206 -1.076 -1.05 -0.826 -0.61 -0.399 -0.293 -0.046 0.041 0.134 0.376 0.2 -0.565 -0.919 -0.846 -0.415 0.073 0.485 0.998 1.005 0.666 0.118 -0.363 -0.492 -0.174 -0.457 -0.742 -0.416 -0.099 0.087 -0.24 -0.219 -0.015 0.258 0.197 0.172 0.244 0.363 0.431 0.298 0.028 -0.522 -0.778 -0.918 -0.686
-0.975 -1.296 -1.241 -0.88 -0.494 -0.314 -0.053 0.418 0.537 -0.121 -0.338 -0.239 -0.775 -1.249 -1.387 -1.384 -1.254 -0.918 -0.408 -0.076 0.066 -0.125 -0.442 -0.38 -0.869 -1.296 -1.74 -1.947 -1.903 -1.676 -1.517 -1.618 -1.851 -1.873 -1.935 -1.69 -1.369 -1.267 -1.424 -1.171 -0.599 0.187 0.185 -0.735 -1.518 -1.279 -0.861 -0.429 0.087 0.623 1.017 0.962 0.613 0.179 -0.338 -0.734 -0.329 -0.418 -0.828 -0.645 -0.359 -0.046 -0.471 -0.657 -0.417 0.005 -0.194 -0.359 -0.182 0.006 0.145 0.247 0.38 0.083 -0.343 -0.435 -0.334
-1.302 -1.083 -0.535 -0.28 -0.323 -0.379 -0.209 0.385 0.404 -0.181 -0.777 -0.427 -0.515 -1.156 -1.354 -1.119 -0.835 -0.6 -0.23 -0.015 -0.296 -0.858 -1.03 -0.782 -1.23 -1.574 -1.678 -1.731 -1.715 -1.681 -1.408 -1.462 -1.795 -1.904 -2.024 -2.093 -2.057 -1.897 -1.233 -0.78 -0.317 0.283 -0.2 -1.038 -1.541 -1.13 -0.81 -0.316 0.343 0.879 0.978 0.869 0.578 0.077 -0.267 -0.742 -0.511 -0.658 -1.004 -0.842 -0.409 -0.281 -0.53 -0.965 -0.679 -0.311 -0.513 -0.675 -0.558 -0.382 -0.225 -0.061 0.224 0.31 0.161 0.092 -0.157
-0.87 -0.417 -0.317 -0.512 -0.757 -0.87 -0.508 0.322 0.287 -0.391 -0.98 -0.831 -0.526 -1.265 -1.44 -1 -0.548 -0.37 -0.224 -0.545 -0.952 -1.506 -1.426 -1.22 -1.724 -1.596 -1.379 -1.487 -1.57 -1.344 -1.135 -1.064 -1.388 -1.627 -1.846 -1.86 -1.558 -1.517 -1.124 -0.653 -0.049 0.161 -0.525 -1.439 -1.32 -1.018 -0.649 -0.153 0.537 0.965 0.9 0.747 0.488 -0.055 -0.467 -0.804 -0.754 -1.1 -1.09 -0.788 -0.503 -0.694 -0.763 -1.126 -0.81 -0.673 -0.746 -0.966 -0.783 -0.587 -0.478 -0.452 -0.35 -0.096 0.117 0.172 -0.011
-0.433 -0.452 -0.717 -0.914 -0.874 -0.78 -0.354 0.34 -0.025 -0.691 -1.4 -1.204 -0.835 -1.627 -1.56 -1.108 -0.869 -0.762 -0.476 -1.145 -1.823 -1.896 -1.729 -1.703 -1.891 -1.632 -1.218 -1.353 -1.576 -1.636 -1.549 -1.058 -0.984 -1.376 -1.731 -1.807 -1.59 -1.164 -0.69 -0.276 0.115 -0.191 -0.813 -1.395 -1.119 -0.726 -0.324 0.219 0.788 0.99 0.854 0.635 0.316 -0.309 -0.88 -1.062 -1.133 -1.309 -1.061 -0.88 -0.955 -1.09 -0.996 -1.138 -0.82 -0.989 -1.003 -1.154 -0.999 -0.798 -0.762 -0.837 -0.807 -0.563 -0.316 -0.059 0.086
-0.645 -0.879 -1.197 -1.145 -0.966 -0.734 -0.308 0.21 -0.449 -1.167 -1.762 -1.535 -1.499 -1.926 -1.878 -1.629 -1.561 -1.215 -0.833 -1.61 -2.028 -1.902 -1.697 -1.612 -1.544 -1.547 -1.316 -1.033 -1.057 -1.391 -1.47 -1.374 -0.725 -0.956 -1.389 -1.539 -1.523 -1.043 -0.608 -0.124 0.031 -0.577 -1.088 -1.067 -0.765 -0.238 0.217 0.69 0.97 0.985 0.837 0.5 -0.032 -0.618 -0.939 -0.884 -1.128 -1.204 -1.173 -1.107 -1.165 -1.139 -1.157 -1.071 -0.964 -1.12 -1.213 -1.186 -1.093 -1.05 -1.066 -1.223 -1.16 -1.015 -0.668 -0.276 0.003
-1.08 -1.255 -1.715 -1.525 -1.269 -0.986 -0.366 -0.023 -0.673 -1.424 -1.71 -1.704 -2.062 -1.817 -1.87 -1.634 -1.618 -1.461 -1.373 -1.876 -1.722 -1.656 -1.516 -1.385 -1.284 -1.213 -1.138 -0.834 -0.636 -0.807 -1.133 -1.213 -0.705 -0.518 -0.879 -1.231 -1.236 -0.887 -0.577 -0.092 -0.057 -0.642 -0.796 -0.466 -0.131 0.333 0.773 0.955 0.994 0.963 0.688 0.16 -0.402 -0.497 -0.467 -0.467 -0.741 -0.7 -0.84 -0.799 -0.919 -0.918 -0.968 -1.176 -1.23 -1.128 -1.049 -0.966 -1.047 -1.189 -1.314 -1.344 -1.134 -0.992 -0.715 -0.336 -0.25
-1.487 -1.759 -1.893 -1.72 -1.371 -0.853 -0.346 -0.898 -0.815 -1.223 -1.489 -1.616 -2.084 -1.664 -1.623 -1.606 -1.394 -1.549 -1.605 -1.629 -1.379 -1.369 -1.376 -1.174 -1.08 -0.944 -0.838 -0.695 -0.358 -0.373 -0.523 -0.823 -0.641 -0.221 -0.347 -0.845 -0.959 -0.764 -0.317 0.202 0.231 -0.143 -0.031 0.343 0.611 0.839 0.985 0.978 0.93 0.885 0.579 -0.035 -0.142 -0.036 -0.069 -0.17 -0.345 -0.369 -0.492 -0.442 -0.585 -0.648 -0.774 -1.031 -1.124 -0.834 -0.85 -1.113 -1.341 -1.477 -1.513 -1.357 -1.055 -0.671 -0.485 -0.346 -0.508
-1.963 -1.982 -1.643 -1.511 -1.112 -0.367 -0.668 -1.743 -1.319 -0.914 -1.088 -1.756 -2.06 -1.722 -1.446 -1.428 -1.18 -1.426 -1.262 -1.339 -1.06 -1.124 -1.432 -1.293 -1.1 -0.892 -0.628 -0.517 -0.264 -0.107 0.016 -0.084 -0.034 0.163 0.141 -0.277 -0.435 -0.393 -0.043 0.451 0.637 0.562 0.712 0.863 0.947 0.984 0.873 0.731 0.392 0.465 0.744 0.407 0.445 0.471 0.369 0.26 0.117 0.04 -0.065 -0.124 -0.177 -0.276 -0.531 -0.741 -0.929 -0.685 -1.045 -1.381 -1.448 -1.658 -1.614 -1.428 -1.107 -0.613 -0.428 -0.528 -0.864
-2.16 -1.78 -1.237 -1.098 -0.721 -0.225 -1.04 -2.042 -1.83 -1.131 -1.008 -1.861 -1.779 -1.794 -1.487 -1.042 -0.596 -0.969 -0.887 -1.175 -0.895 -0.888 -1.245 -1.318 -1.185 -1.082 -0.739 -0.4 -0.115 0.037 0.204 0.257 0.323 0.456 0.51 0.351 0.223 0.258 0.399 0.648 0.835 0.891 0.948 0.968 0.94 0.83 0.541 0.165 -0.151 0.205 0.646 0.658 0.525 0.454 0.471 0.545 0.46 0.313 0.239 0.162 0.079 -0.015 -0.192 -0.355 -0.56 -0.577 -1.004 -1.176 -1.182 -1.393 -1.574 -1.348 -1.025 -0.553 -0.414 -0.761 -1.198
-2.127 -1.517 -1.203 -1.355 -1.163 -0.682 -1.08 -2.08 -1.871 -1.146 -1.221 -1.772 -1.634 -1.478 -1.436 -1.307 -0.716 -0.501 -0.724 -1.172 -1.054 -0.725 -1.023 -1.159 -0.886 -0.844 -0.615 -0.228 0.028 0.139 0.217 0.293 0.364 0.498 0.616 0.599 0.653 0.709 0.775 0.862 0.889 0.872 0.919 0.675 0.481 0.335 0.012 -0.42 -0.328 0.107 0.441 0.078 -0.013 -0.051 -0.086 0.136 0.159 0.118 -0.052 -0.145 -0.243 -0.283 -0.094 -0.181 -0.41 -0.598 -0.756 -0.883 -1.115 -1.293 -1.409 -1.125 -0.747 -0.403 -0.473 -0.841 -0.993
-2.026 -1.614 -1.772 -1.991 -1.428 -0.984 -1.399 -1.963 -1.643 -1.215 -1.522 -1.562 -1.598 -1.315 -1.055 -0.965 -0.735 -0.215 -0.595 -1.174 -1.079 -0.706 -0.785 -0.873 -0.545 -0.463 -0.433 -0.187 0.151 0.214 0.175 0.303 0.437 0.532 0.628 0.719 0.714 0.786 0.845 0.88 0.916 0.787 0.535 0.119 -0.094 -0.159 -0.413 -0.713 -0.299 0.194 0.246 -0.212 -0.549 -0.484 -0.467 -0.202 -0.207 -0.432 -0.59 -0.686 -0.759 -0.718 -0.306 -0.311 -0.646 -0.806 -0.966 -0.959 -1.348 -1.289 -1.103 -0.826 -0.472 -0.358 -0.608 -0.713 -0.786
-1.836 -2.072 -2.648 -2.537 -1.57 -1.472 -2.158 -2.108 -1.794 -1.525 -1.445 -1.162 -1.132 -1.292 -1.035 -0.621 -0.492 -0.106 -0.353 -0.867 -0.82 -0.629 -0.555 -0.732 -0.324 -0.097 -0.14 -0.011 0.3 0.341 0.303 0.501 0.637 0.66 0.759 0.614 0.566 0.699 0.722 0.859 0.837 0.396 -0.039 -0.431 -0.637 -0.662 -0.913 -0.835 -0.305 0.175 0.076 -0.388 -0.818 -0.908 -0.792 -0.572 -0.47 -0.971 -1.057 -1.019 -0.924 -0.741 -0.353 -0.494 -0.784 -1.069 -1.346 -1.329 -1.425 -1.129 -0.812 -0.493 -0.369 -0.457 -0.497 -0.886 -1.256
-1.41 -1.763 -2.549 -2.375 -2.001 -2.239 -2.369 -2.021 -1.616 -1.227 -1.051 -0.874 -0.688 -1.137 -1.103 -0.648 -0.415 -0.152 -0.045 -0.462 -0.389 -0.428 -0.345 -0.584 -0.255 0.149 0.197 0.238 0.453 0.572 0.627 0.698 0.616 0.485 0.585 0.636 0.359 0.276 0.495 0.846 0.709 0.037 -0.247 -0.577 -0.784 -0.845 -0.971 -0.943 -0.508 0 0.04 -0.387 -0.757 -1.17 -1.043 -0.949 -0.635 -1.241 -1.278 -1.067 -0.814 -0.634 -0.396 -0.689 -0.952 -1.198 -1.49 -1.493 -1.419 -1.156 -0.682 -0.353 -0.642 -1.035 -0.785 -0.566 -1.056
-1.237 -1.703 -2.25 -2.383 -2.085 -1.903 -2.049 -1.759 -1.509 -1.399 -1.396 -1.104 -0.651 -0.737 -0.876 -0.585 -0.304 -0.158 0.159 0 0.052 -0.054 -0.01 -0.187 -0.012 0.323 0.565 0.594 0.641 0.687 0.649 0.609 0.368 0.078 0.251 0.64 0.251 -0.223 0.175 0.693 0.844 0.326 -0.195 -0.296 -0.462 -0.718 -1.057 -1.048 -0.655 -0.147 0.047 -0.288 -0.591 -1.049 -1.275 -1.067 -0.941 -1.29 -1.13 -0.891 -0.7 -0.509 -0.524 -0.942 -1.328 -1.566 -1.481 -1.299 -1.208 -0.932 -0.483 -0.41 -0.881 -1.261 -1.3 -0.709 -0.761
-1.006 -1.564 -1.875 -1.97 -1.88 -1.514 -1.844 -2.015 -1.831 -1.542 -1.405 -1.112 -0.711 -0.39 -0.493 -0.384 -0.079 0.089 0.339 0.405 0.465 0.388 0.44 0.334 0.421 0.59 0.743 0.722 0.617 0.45 0.276 0.297 0.035 -0.313 0.088 0.389 0.346 -0.413 -0.143 0.401 0.77 0.563 -0.083 0.069 -0.171 -0.665 -1.188 -1.107 -0.653 -0.348 -0.084 -0.111 -0.439 -0.923 -1.441 -1.222 -1.254 -1.187 -0.937 -0.747 -0.665 -0.471 -0.803 -1.153 -1.427 -1.46 -1.421 -1.206 -0.892 -0.572 -0.3 -0.541 -0.904 -1.306 -1.467 -1.146 -0.733
-0.892 -1.461 -1.67 -1.873 -1.889 -1.497 -1.247 -1.573 -1.392 -1.162 -0.963 -0.638 -0.342 -0.173 -0.154 -0.124 0.065 0.352 0.538 0.506 0.445 0.459 0.586 0.633 0.686 0.713 0.677 0.47 0.053 -0.191 -0.199 -0.076 -0.073 -0.426 -0.187 -0.021 0.383 -0.26 -0.377 -0.042 0.386 0.838 0.473 0.327 -0.142 -0.468 -0.981 -1.196 -0.971 -0.717 -0.408 -0.141 -0.349 -0.834 -1.423 -1.488 -1.485 -1.198 -0.876 -1.004 -0.948 -0.594 -1.088 -1.399 -1.595 -1.525 -1.125 -0.984 -0.698 -0.351 -0.465 -0.584 -0.621 -1.06 -1.437 -1.43 -1.023
-0.817 -1.456 -1.751 -1.649 -1.485 -1.428 -0.93 -0.827 -0.814 -0.697 -0.499 -0.301 -0.027 0.084 0.145 0.19 0.392 0.497 0.31 0.186 0.105 0.084 0.129 0.26 0.537 0.636 0.352 -0.069 -0.433 -0.641 -0.534 -0.381 -0.238 -0.845 -0.736 -0.186 0.305 -0.159 -0.602 -0.147 0.457 0.894 0.781 0.505 0.005 -0.3 -0.576 -1.044 -1.293 -0.894 -0.542 -0.256 -0.371 -0.819 -1.371 -1.58 -1.412 -1.234 -1.059 -1.228 -0.84 -1.045 -1.167 -1.438 -1.483 -1.3 -1.152 -0.848 -0.428 -0.363 -0.735 -0.963 -0.598 -0.84 -1.284 -1.49 -1.343
-0.611 -1.144 -1.596 -1.302 -1.117 -0.983 -0.761 -0.254 -0.212 -0.14 -0.058 0.077 0.301 0.41 0.435 0.383 0.343 0.129 -0.019 -0.133 -0.26 -0.337 -0.226 0.019 0.281 0.612 0.222 -0.324 -0.61 -0.855 -1.062 -0.955 -0.721 -1 -0.785 -0.375 0.139 -0.271 -0.634 -0.129 0.372 0.825 0.828 0.658 0.28 -0.141 -0.444 -0.93 -1.243 -0.875 -0.473 -0.252 -0.459 -0.906 -1.469 -1.772 -1.517 -1.526 -1.52 -1.14 -1.084 -1.418 -1.341 -1.475 -1.368 -1.107 -0.851 -0.623 -0.304 -0.504 -0.918 -1.203 -0.885 -0.764 -1.193 -1.529 -1.542
-0.659 -0.722 -1.325 -0.985 -0.772 -0.408 -0.241 0.136 0.312 0.351 0.378 0.395 0.292 0.198 0.129 0.06 0.031 -0.169 -0.299 -0.39 -0.523 -0.688 -0.499 -0.252 0.041 0.513 0.284 0.002 -0.124 -0.457 -1.049 -1.497 -1.224 -0.984 -0.467 -0.139 0.015 -0.549 -0.639 -0.161 0.312 0.759 0.887 0.75 0.506 -0.122 -0.709 -1.117 -1.147 -0.733 -0.355 -0.212 -0.506 -0.985 -1.548 -1.703 -1.797 -1.652 -1.408 -1.077 -1.38 -1.637 -1.479 -1.312 -1.277 -1.138 -1.138 -0.734 -0.32 -0.64 -1.016 -1.413 -1.235 -0.824 -1.012 -1.472 -1.632
-0.814 -0.415 -0.887 -0.62 -0.332 0.022 0.242 0.413 0.413 0.401 0.291 0.093 -0.175 -0.272 -0.197 -0.289 -0.308 -0.445 -0.63 -0.71 -0.884 -0.69 -0.452 -0.182 0.102 0.516 0.333 0.128 -0.038 -0.389 -0.998 -1.611 -1.385 -0.934 -0.228 0.005 -0.362 -0.818 -0.603 -0.181 0.273 0.716 0.903 0.822 0.626 -0.089 -0.664 -0.857 -1.072 -0.643 -0.323 -0.196 -0.386 -0.932 -1.294 -1.55 -1.658 -1.43 -1.27 -1.461 -1.65 -1.507 -1.287 -0.871 -1.001 -0.954 -0.914 -0.492 -0.378 -0.897 -1.153 -1.523 -1.527 -0.997 -0.872 -1.444 -1.644
-0.65 -0.148 -0.272 -0.085 0.102 0.352 0.403 0.136 -0.08 0.073 -0.245 -0.432 -0.672 -0.736 -0.456 -0.614 -0.569 -0.554 -0.929 -0.878 -0.658 -0.427 -0.185 0.039 0.351 0.429 0.057 -0.306 -0.402 -0.749 -1.359 -1.639 -1.118 -0.751 -0.131 -0.173 -0.772 -0.784 -0.499 -0.189 0.204 0.628 0.884 0.865 0.688 0.131 -0.23 -0.665 -1.088 -0.638 -0.368 -0.191 -0.305 -0.91 -1.16 -1.566 -1.487 -1.46 -1.496 -1.447 -1.288 -1.196 -1.044 -0.608 -0.587 -0.634 -0.625 -0.246 -0.492 -0.951 -1.337 -1.619 -1.714 -1.205 -0.848 -1.207 -1.509
-0.251 0.175 0.236 0.297 0.371 0.392 0.057 -0.462 -0.63 -0.328 -0.568 -0.947 -1.049 -0.95 -0.63 -0.862 -0.851 -0.764 -0.917 -0.709 -0.443 -0.202 0.043 0.272 0.453 0.223 -0.023 -0.459 -0.726 -0.946 -1.447 -1.459 -0.849 -0.425 -0.018 -0.331 -0.841 -0.709 -0.425 -0.135 0.231 0.585 0.835 0.874 0.737 0.331 -0.184 -0.398 -0.894 -0.68 -0.365 -0.13 -0.257 -0.935 -1.532 -1.561 -1.42 -1.091 -1.149 -0.92 -0.802 -0.811 -0.673 -0.425 -0.204 -0.331 -0.366 -0.447 -0.592 -0.928 -1.315 -1.594 -1.788 -1.399 -1.052 -1.301 -1.225
0.171 0.134 0.015 -0.008 -0.078 0.065 -0.3 -0.762 -0.868 -0.84 -0.736 -1.32 -1.297 -1.041 -0.784 -0.956 -1.074 -1.055 -0.914 -0.556 -0.289 -0.011 0.202 0.424 0.342 0.065 -0.079 -0.351 -0.629 -0.882 -1.232 -1.326 -0.79 -0.324 0.006 -0.632 -0.835 -0.684 -0.418 -0.131 0.192 0.507 0.732 0.865 0.81 0.647 0.258 -0.177 -0.569 -0.439 -0.204 -0.044 -0.208 -0.748 -1.459 -1.379 -1.259 -0.836 -0.771 -0.637 -0.392 -0.513 -0.364 -0.148 -0.041 -0.234 -0.363 -0.898 -0.828 -0.922 -1.284 -1.525 -1.673 -1.36 -1.466 -1.681 -1.344
-0.158 -0.359 -0.432 -0.454 -0.693 -0.128 -0.324 -0.718 -1.118 -1.236 -1.07 -1.596 -1.381 -1.087 -0.98 -1.153 -1.054 -1.032 -0.77 -0.491 -0.141 0.128 0.338 0.4 0.039 -0.378 -0.197 -0.345 -0.642 -0.927 -1.306 -1.242 -0.793 -0.303 -0.134 -0.821 -0.81 -0.593 -0.355 -0.086 0.174 0.472 0.709 0.762 0.472 0.57 0.63 0.392 -0.016 0.082 0.188 -0.07 -0.145 -0.526 -1.165 -1.206 -0.858 -0.568 -0.414 -0.472 -0.158 -0.197 0.009 0.05 -0.224 -0.542 -0.836 -1.188 -1.199 -0.927 -1.312 -1.721 -1.607 -1.553 -1.828 -1.79 -1.727
-0.712 -0.94 -0.978 -1.028 -0.845 -0.282 -0.177 -0.55 -1.092 -1.597 -1.464 -1.729 -1.542 -1.246 -1.116 -1.315 -1.132 -0.918 -0.618 -0.356 0.009 0.243 0.312 0.246 -0.253 -0.662 -0.634 -0.27 -0.544 -0.953 -1.39 -1.063 -0.631 -0.203 -0.425 -0.854 -0.668 -0.404 -0.191 0.023 0.303 0.43 0.544 0.591 0.132 -0.065 0.01 0.286 0.47 0.44 0.365 0.038 0.007 -0.208 -0.664 -0.7 -0.391 -0.156 -0.109 -0.126 0.144 0.178 0.122 -0.207 -0.779 -1.086 -1.299 -1.431 -1.418 -1.246 -1.537 -1.624 -1.798 -1.922 -1.595 -1.645 -1.706
-0.994 -1.23 -1.297 -0.964 -0.648 -0.369 -0.071 -0.57 -1.188 -1.629 -1.735 -1.675 -1.51 -1.246 -1.228 -1.277 -1.111 -0.819 -0.417 -0.117 0.119 0.083 0.114 0.122 -0.491 -0.948 -1.051 -0.616 -0.527 -0.968 -1.296 -0.883 -0.404 -0.116 -0.513 -0.757 -0.595 -0.252 0.011 0.166 0.115 -0.145 0.174 0.454 0.083 -0.595 -0.621 -0.165 0.085 0.343 0.446 0.368 0.237 0.092 -0.165 -0.128 0.058 0.231 0.248 0.312 0.361 0.312 0.134 -0.523 -1.087 -1.278 -1.325 -1.581 -1.573 -1.496 -1.418 -1.564 -1.816 -1.69 -1.404 -1.861 -1.736
-0.722 -1.287 -1.504 -1.161 -0.846 -0.786 -0.45 -0.294 -0.749 -1.284 -1.726 -1.646 -1.475 -1.249 -1.067 -0.912 -0.725 -0.47 -0.102 0.006 -0.065 -0.366 -0.084 0.048 -0.533 -0.936 -1.143 -0.986 -0.798 -1.235 -1.106 -0.702 -0.236 -0.529 -0.528 -0.631 -0.846 -0.414 -0.245 -0.288 -0.48 -0.723 -0.296 0.358 0.067 -0.392 -0.678 -0.358 -0.362 -0.195 0.068 0.369 0.474 0.388 0.316 0.349 0.379 0.4 0.358 0.312 0.086 0.026 0.213 -0.247 -0.702 -0.771 -0.936 -1.266 -1.191 -1.198 -1.52 -1.817 -1.535 -1.155 -1.39 -1.861 -1.707
-0.774 -1.391 -1.754 -1.391 -1.094 -1.162 -1.006 -0.363 -0.354 -1.037 -1.561 -1.536 -1.363 -1.168 -1.041 -0.739 -0.438 -0.14 -0.107 -0.302 -0.507 -0.793 -0.286 0.127 -0.258 -0.655 -1.076 -1.275 -1.293 -1.242 -0.863 -0.476 -0.491 -0.904 -0.987 -0.676 -1.222 -0.954 -0.853 -0.868 -0.988 -0.803 -0.403 0.323 -0.041 -0.632 -1.005 -0.741 -0.797 -0.589 -0.23 0.054 0.352 0.489 0.35 0.2 0.17 0.121 -0.071 -0.061 -0.487 -0.425 -0.229 0.063 -0.037 -0.492 -0.941 -1.068 -1.077 -1.493 -1.469 -1.274 -1.112 -0.989 -1.515 -1.907 -1.652
-0.824 -1.334 -1.777 -1.589 -1.454 -1.377 -1.14 -0.566 -0.234 -0.978 -1.593 -1.588 -1.332 -1.208 -1.195 -0.761 -0.343 -0.168 -0.38 -0.856 -0.891 -1.024 -0.475 0.05 -0.28 -0.921 -1.416 -1.706 -1.447 -1.052 -0.659 -0.38 -0.663 -1.178 -1.274 -0.99 -1.705 -1.582 -1.325 -1.068 -0.839 -0.537 -0.226 0.303 0.102 -0.546 -1.105 -1.082 -1.028 -0.739 -0.463 -0.199 0.111 0.374 0.113 -0.392 -0.351 -0.516 -0.586 -0.411 -0.879 -0.689 -0.86 -0.486 -0.005 -0.134 -0.7 -1.038 -0.865 -0.91 -0.753 -0.741 -0.782 -0.994 -1.362 -1.691 -1.677
-0.952 -1.269 -1.733 -1.615 -1.371 -1.24 -1.073 -0.788 -0.592 -0.855 -1.565 -1.63 -1.218 -0.971 -0.919 -0.574 -0.259 -0.596 -0.763 -1.033 -1.391 -1.273 -0.842 -0.155 -0.578 -0.938 -1.201 -1.721 -1.523 -1.1 -0.607 -0.597 -1.043 -1.539 -1.482 -1.367 -1.702 -1.458 -1.113 -0.87 -0.634 -0.301 0.117 0.443 0.08 -0.431 -0.904 -1.215 -1.119 -0.859 -0.664 -0.372 -0.083 0.164 0.001 -0.747 -0.863 -0.913 -1.006 -0.793 -1.108 -0.919 -1.048 -1.14 -0.484 -0.141 -0.286 -0.477 -0.454 -0.644 -0.909 -1.12 -1.164 -1.04 -1.457 -1.829 -1.843
-1.139 -1.185 -1.597 -1.523 -1.293 -1.406 -1.484 -1.44 -1.403 -0.992 -1.413 -1.531 -1.25 -0.945 -0.587 -0.46 -0.384 -0.914 -1.324 -1.239 -1.62 -1.43 -0.853 -0.157 -0.634 -1.04 -1.021 -1.483 -1.45 -1.013 -0.607 -0.769 -1.544 -1.867 -1.64 -1.584 -1.518 -1.236 -1.005 -0.659 -0.358 -0.04 0.341 0.427 -0.178 -0.663 -0.982 -1.323 -1.275 -1.006 -0.859 -0.548 -0.266 0.086 0.089 -0.553 -1.099 -1.31 -1.362 -1.174 -1.387 -1.217 -1.067 -1.286 -0.82 -0.366 -0.118 -0.255 -0.65 -1.092 -1.389 -1.54 -1.572 -1.124 -1.512 -1.974 -2.151
-1.344 -1.419 -1.798 -1.881 -1.503 -1.794 -1.935 -2.001 -1.793 -1.275 -1.256 -1.494 -1.136 -0.837 -0.916 -0.713 -0.563 -1.09 -1.559 -1.802 -1.691 -1.215 -0.657 -0.099 -0.459 -1.263 -1.484 -1.658 -1.399 -0.98 -0.597 -0.832 -1.742 -1.862 -1.576 -1.455 -1.286 -1.132 -0.927 -0.571 -0.189 0.106 0.405 0.272 -0.527 -1.122 -1.2 -1.476 -1.422 -1.275 -1.217 -0.758 -0.294 0.061 0.202 -0.401 -1.005 -1.439 -1.76 -1.657 -1.586 -1.53 -1.26 -1.523 -1.238 -0.889 -0.424 -0.283 -0.725 -1.089 -1.347 -1.578 -1.683 -1.305 -1.498 -1.974 -2.18
