data/climatemaps/RS_maps/climate_breeding_pr_2016.asc
NCOLS 369 
NROWS 228 
XLLCORNER 479000 
YLLCORNER 73000 
CELLSIZE 1000 
NODATA_value -9 
[rows 35 to 69 of 228, columns 156 to 233 of 369]
-0.06 -0.118 -0.154 -0.191 -0.221 -0.252 -0.286 -0.312 -0.34 -0.366 -0.39 -0.379 -0.348 -0.331 -0.339 -0.282 -0.266 -0.264 -0.194 -0.165 -0.123 -0.094 -0.125 -0.214 -0.319 -0.376 -0.385 -0.323 -0.241 -0.126 -0.011 0.059 0.121 0.131 0.119 0.093 0.077 0.069 0.023 0.005 -0.03 -0.088 -0.192 -0.244 -0.261 -0.285 -0.291 -0.254 -0.185 -0.116 -0.061 0.038 0.126 0.182 0.199 0.171 0.11 -0.001 -0.11 -0.204 -0.26 -0.277 -0.267 -0.236 -0.208 -0.2 -0.194 -0.182 -0.165 -0.137 -0.129 -0.135 -0.14 -0.163 -0.199 -0.241 -0.252 -0.22
0.019 -0.034 -0.091 -0.121 -0.158 -0.207 -0.269 -0.318 -0.336 -0.351 -0.382 -0.365 -0.311 -0.285 -0.279 -0.189 -0.143 -0.15 -0.096 -0.065 -0.033 -0.037 -0.091 -0.2 -0.286 -0.331 -0.314 -0.234 -0.124 -0.013 0.06 0.119 0.175 0.195 0.178 0.171 0.169 0.175 0.162 0.092 0.051 -0.019 -0.126 -0.197 -0.228 -0.266 -0.274 -0.241 -0.171 -0.07 -0.014 0.047 0.118 0.168 0.195 0.169 0.096 0.004 -0.079 -0.178 -0.232 -0.254 -0.248 -0.238 -0.223 -0.204 -0.178 -0.141 -0.095 -0.046 -0.018 -0.017 -0.048 -0.083 -0.133 -0.194 -0.234 -0.229
0.074 0.053 0.005 -0.041 -0.08 -0.133 -0.206 -0.288 -0.333 -0.343 -0.341 -0.333 -0.256 -0.214 -0.181 -0.12 -0.058 -0.036 -0.013 0.003 -0.025 -0.053 -0.08 -0.197 -0.273 -0.287 -0.218 -0.132 0 0.123 0.18 0.191 0.193 0.206 0.186 0.215 0.253 0.268 0.268 0.219 0.139 0.06 -0.061 -0.156 -0.208 -0.25 -0.259 -0.233 -0.162 -0.05 0.038 0.076 0.128 0.176 0.171 0.146 0.101 0.029 -0.055 -0.143 -0.191 -0.231 -0.222 -0.213 -0.222 -0.205 -0.166 -0.105 -0.028 0.034 0.083 0.085 0.062 0.016 -0.071 -0.148 -0.195 -0.208
0.161 0.119 0.103 0.064 0.009 -0.044 -0.13 -0.237 -0.308 -0.32 -0.277 -0.271 -0.228 -0.181 -0.145 -0.067 0.02 0.045 0.041 0.016 -0.026 -0.095 -0.152 -0.21 -0.263 -0.251 -0.175 -0.072 0.068 0.199 0.263 0.253 0.219 0.21 0.205 0.238 0.305 0.338 0.352 0.311 0.223 0.119 -0.004 -0.119 -0.183 -0.23 -0.24 -0.221 -0.15 -0.035 0.069 0.103 0.146 0.219 0.221 0.198 0.17 0.103 0.005 -0.076 -0.138 -0.2 -0.209 -0.203 -0.216 -0.193 -0.148 -0.073 0.014 0.094 0.153 0.168 0.162 0.086 -0.014 -0.083 -0.133 -0.165
0.255 0.196 0.18 0.17 0.131 0.048 -0.078 -0.193 -0.267 -0.301 -0.299 -0.278 -0.233 -0.196 -0.154 -0.047 0.051 0.121 0.119 0.101 0.014 -0.093 -0.157 -0.189 -0.248 -0.263 -0.201 -0.074 0.071 0.202 0.276 0.264 0.231 0.226 0.257 0.281 0.317 0.356 0.379 0.355 0.265 0.152 0.027 -0.089 -0.162 -0.204 -0.215 -0.202 -0.143 -0.031 0.077 0.127 0.155 0.232 0.265 0.276 0.273 0.209 0.129 0.036 -0.059 -0.134 -0.173 -0.193 -0.195 -0.148 -0.096 -0.033 0.064 0.187 0.277 0.27 0.225 0.155 0.069 0.002 -0.044 -0.103
0.311 0.266 0.264 0.293 0.253 0.116 -0.038 -0.148 -0.196 -0.216 -0.24 -0.233 -0.229 -0.2 -0.135 -0.047 0.063 0.156 0.161 0.118 0.032 -0.091 -0.142 -0.186 -0.258 -0.257 -0.211 -0.124 0.002 0.131 0.227 0.242 0.232 0.247 0.299 0.346 0.381 0.405 0.407 0.377 0.289 0.17 0.047 -0.059 -0.129 -0.172 -0.189 -0.183 -0.137 -0.036 0.066 0.132 0.168 0.225 0.28 0.328 0.357 0.324 0.275 0.173 0.042 -0.024 -0.078 -0.136 -0.149 -0.103 -0.036 0.031 0.139 0.272 0.4 0.413 0.353 0.3 0.207 0.103 0.045 0.02
0.33 0.341 0.354 0.349 0.264 0.144 0.009 -0.076 -0.105 -0.139 -0.183 -0.172 -0.164 -0.136 -0.08 0.011 0.123 0.198 0.189 0.13 0.023 -0.1 -0.166 -0.216 -0.249 -0.231 -0.172 -0.114 -0.028 0.058 0.132 0.189 0.219 0.253 0.307 0.359 0.404 0.436 0.443 0.409 0.32 0.192 0.073 -0.024 -0.09 -0.132 -0.157 -0.16 -0.134 -0.055 0.04 0.116 0.191 0.242 0.306 0.361 0.412 0.417 0.401 0.291 0.157 0.101 0.05 -0.014 -0.061 -0.052 0.013 0.11 0.21 0.345 0.473 0.516 0.515 0.439 0.35 0.244 0.169 0.142
0.306 0.352 0.367 0.358 0.272 0.169 0.068 0.001 -0.041 -0.065 -0.092 -0.091 -0.051 -0.024 0.048 0.135 0.215 0.26 0.209 0.111 -0.013 -0.116 -0.169 -0.201 -0.225 -0.201 -0.137 -0.072 -0.007 0.042 0.062 0.11 0.162 0.193 0.232 0.28 0.314 0.357 0.388 0.383 0.321 0.212 0.105 0.017 -0.046 -0.082 -0.118 -0.131 -0.125 -0.082 0.001 0.082 0.171 0.245 0.325 0.391 0.446 0.476 0.474 0.401 0.272 0.209 0.164 0.102 0.054 0.044 0.079 0.155 0.281 0.42 0.543 0.626 0.647 0.598 0.509 0.444 0.33 0.263
0.254 0.287 0.326 0.346 0.282 0.233 0.135 0.073 0.052 0.049 0.027 0.042 0.096 0.131 0.211 0.277 0.336 0.326 0.215 0.074 -0.027 -0.099 -0.146 -0.174 -0.195 -0.184 -0.14 -0.072 -0.017 0.028 0.031 0.051 0.078 0.105 0.135 0.16 0.18 0.224 0.266 0.293 0.27 0.215 0.132 0.061 0.004 -0.03 -0.071 -0.093 -0.105 -0.092 -0.045 0.027 0.121 0.215 0.297 0.378 0.443 0.493 0.511 0.473 0.385 0.347 0.257 0.22 0.182 0.166 0.164 0.232 0.326 0.458 0.583 0.698 0.752 0.716 0.645 0.591 0.504 0.402
0.191 0.241 0.304 0.336 0.314 0.307 0.232 0.173 0.187 0.223 0.204 0.214 0.279 0.309 0.384 0.429 0.445 0.358 0.213 0.065 -0.019 -0.08 -0.13 -0.149 -0.161 -0.175 -0.156 -0.107 -0.058 0.006 0.019 0.027 0.045 0.068 0.095 0.079 0.084 0.108 0.139 0.17 0.177 0.166 0.13 0.099 0.063 0.026 -0.012 -0.047 -0.073 -0.08 -0.059 -0.012 0.062 0.152 0.238 0.314 0.399 0.463 0.504 0.495 0.444 0.457 0.411 0.408 0.378 0.304 0.27 0.304 0.365 0.453 0.559 0.663 0.729 0.781 0.705 0.699 0.627 0.541
0.193 0.23 0.295 0.359 0.376 0.429 0.398 0.331 0.358 0.408 0.396 0.383 0.455 0.488 0.506 0.509 0.468 0.343 0.193 0.052 -0.024 -0.088 -0.125 -0.132 -0.136 -0.151 -0.159 -0.134 -0.094 -0.031 0.036 0.062 0.057 0.072 0.078 0.052 0.042 0.047 0.059 0.081 0.102 0.108 0.099 0.089 0.086 0.079 0.054 0.004 -0.035 -0.054 -0.041 -0.004 0.044 0.093 0.164 0.243 0.319 0.395 0.453 0.462 0.468 0.521 0.536 0.547 0.516 0.472 0.426 0.387 0.393 0.437 0.503 0.585 0.682 0.76 0.743 0.811 0.774 0.701
0.205 0.264 0.33 0.433 0.477 0.563 0.58 0.518 0.535 0.541 0.542 0.522 0.563 0.566 0.531 0.505 0.454 0.331 0.171 0.027 -0.024 -0.077 -0.112 -0.115 -0.116 -0.13 -0.148 -0.14 -0.118 -0.066 0.031 0.102 0.107 0.105 0.098 0.079 0.061 0.051 0.048 0.052 0.062 0.068 0.074 0.074 0.075 0.083 0.085 0.055 0.012 -0.017 -0.015 0.017 0.057 0.083 0.113 0.172 0.254 0.322 0.389 0.424 0.468 0.539 0.6 0.631 0.615 0.622 0.598 0.528 0.511 0.506 0.516 0.558 0.648 0.721 0.785 0.88 0.9 0.852
0.269 0.351 0.43 0.559 0.631 0.697 0.711 0.685 0.677 0.614 0.592 0.564 0.593 0.567 0.519 0.506 0.447 0.311 0.138 -0.015 -0.045 -0.057 -0.086 -0.097 -0.095 -0.11 -0.134 -0.141 -0.128 -0.091 -0.008 0.104 0.17 0.177 0.157 0.117 0.059 0.029 0.015 0.028 0.051 0.062 0.069 0.075 0.083 0.088 0.089 0.078 0.054 0.026 0.019 0.045 0.07 0.08 0.091 0.13 0.193 0.256 0.329 0.383 0.444 0.514 0.598 0.658 0.699 0.718 0.735 0.675 0.649 0.652 0.604 0.595 0.682 0.76 0.848 0.942 0.992 0.973
0.385 0.498 0.59 0.694 0.786 0.795 0.766 0.75 0.715 0.613 0.522 0.485 0.493 0.465 0.447 0.41 0.33 0.199 0.058 -0.069 -0.1 -0.092 -0.074 -0.074 -0.084 -0.09 -0.115 -0.142 -0.137 -0.111 -0.053 0.062 0.193 0.263 0.252 0.197 0.119 0.036 -0.014 -0.019 -0.012 0.051 0.084 0.103 0.118 0.116 0.114 0.101 0.083 0.065 0.064 0.087 0.102 0.101 0.098 0.118 0.166 0.217 0.274 0.338 0.408 0.474 0.565 0.652 0.739 0.796 0.825 0.784 0.77 0.78 0.724 0.661 0.717 0.792 0.877 1.006 1.088 1.096
0.515 0.624 0.738 0.77 0.828 0.813 0.747 0.693 0.624 0.537 0.424 0.348 0.308 0.269 0.248 0.208 0.147 0.057 -0.036 -0.116 -0.149 -0.147 -0.114 -0.084 -0.069 -0.065 -0.088 -0.124 -0.138 -0.125 -0.087 0.017 0.171 0.302 0.357 0.297 0.21 0.106 0.013 -0.035 -0.047 -0.019 0.031 0.08 0.125 0.145 0.147 0.118 0.109 0.113 0.126 0.147 0.163 0.161 0.143 0.13 0.151 0.192 0.236 0.299 0.374 0.438 0.521 0.621 0.729 0.84 0.861 0.884 0.88 0.888 0.852 0.779 0.782 0.863 0.928 1.051 1.166 1.233
0.68 0.759 0.808 0.801 0.789 0.785 0.705 0.589 0.512 0.433 0.311 0.216 0.159 0.122 0.098 0.069 0.025 -0.032 -0.089 -0.139 -0.164 -0.15 -0.125 -0.094 -0.032 -0.01 -0.024 -0.064 -0.109 -0.126 -0.104 -0.033 0.13 0.304 0.418 0.402 0.311 0.198 0.086 0.011 -0.026 -0.017 0.012 0.047 0.091 0.132 0.151 0.13 0.14 0.188 0.22 0.245 0.263 0.262 0.232 0.189 0.169 0.177 0.202 0.261 0.341 0.411 0.48 0.579 0.695 0.816 0.876 0.962 0.988 1.005 0.984 0.899 0.918 0.981 1.053 1.162 1.263 1.344
0.808 0.813 0.774 0.756 0.686 0.629 0.565 0.457 0.369 0.283 0.182 0.104 0.05 0.019 0 -0.019 -0.049 -0.083 -0.117 -0.149 -0.16 -0.138 -0.112 -0.09 -0.042 0 -0.007 -0.009 -0.057 -0.107 -0.105 -0.055 0.078 0.263 0.426 0.462 0.405 0.3 0.184 0.088 0.049 0.048 0.053 0.064 0.083 0.1 0.107 0.113 0.159 0.261 0.328 0.372 0.401 0.396 0.356 0.294 0.236 0.199 0.194 0.227 0.295 0.383 0.461 0.542 0.648 0.765 0.878 0.991 1.067 1.109 1.081 1.011 1.021 1.098 1.177 1.291 1.413 1.479
0.856 0.801 0.698 0.615 0.538 0.49 0.435 0.321 0.236 0.159 0.092 0.026 -0.023 -0.052 -0.063 -0.073 -0.087 -0.101 -0.125 -0.139 -0.142 -0.111 -0.077 -0.063 -0.043 -0.015 0.009 0.015 -0.019 -0.079 -0.096 -0.072 0.027 0.202 0.388 0.468 0.457 0.389 0.296 0.187 0.166 0.162 0.147 0.129 0.128 0.127 0.115 0.109 0.152 0.266 0.376 0.482 0.558 0.573 0.516 0.436 0.35 0.273 0.227 0.227 0.269 0.345 0.445 0.522 0.614 0.716 0.844 0.976 1.074 1.13 1.137 1.152 1.14 1.257 1.341 1.414 1.513 1.607
0.764 0.666 0.58 0.482 0.407 0.361 0.294 0.2 0.156 0.111 0.053 -0.011 -0.049 -0.076 -0.074 -0.071 -0.076 -0.07 -0.104 -0.107 -0.108 -0.077 -0.026 -0.015 -0.008 0 0.018 0.037 0.005 -0.049 -0.08 -0.079 -0.016 0.129 0.304 0.416 0.452 0.448 0.386 0.288 0.262 0.265 0.265 0.241 0.215 0.196 0.166 0.137 0.144 0.228 0.373 0.541 0.681 0.748 0.726 0.623 0.499 0.386 0.302 0.26 0.264 0.321 0.417 0.521 0.602 0.685 0.793 0.922 1.033 1.128 1.218 1.294 1.277 1.317 1.417 1.479 1.591 1.683
0.631 0.537 0.448 0.358 0.286 0.222 0.16 0.121 0.116 0.07 0.012 -0.025 -0.049 -0.061 -0.058 -0.033 -0.025 -0.028 -0.063 -0.067 -0.055 -0.02 0.017 0.048 0.044 0.035 0.029 0.043 0.029 -0.01 -0.049 -0.066 -0.041 0.054 0.214 0.333 0.427 0.493 0.463 0.389 0.353 0.354 0.376 0.394 0.358 0.298 0.239 0.185 0.156 0.202 0.335 0.533 0.72 0.871 0.912 0.853 0.687 0.533 0.41 0.332 0.293 0.316 0.383 0.495 0.59 0.661 0.754 0.874 1.023 1.152 1.29 1.432 1.432 1.472 1.543 1.586 1.643 1.731
0.497 0.418 0.338 0.27 0.212 0.161 0.119 0.103 0.101 0.047 -0.002 -0.027 -0.014 -0.005 -0.019 0 0.027 0.035 -0.007 -0.02 -0.007 0.035 0.072 0.119 0.106 0.081 0.062 0.048 0.047 0.032 -0.006 -0.031 -0.039 0.009 0.139 0.269 0.4 0.505 0.526 0.478 0.436 0.442 0.467 0.528 0.529 0.428 0.327 0.249 0.187 0.2 0.299 0.491 0.708 0.92 1.039 1.047 0.91 0.712 0.554 0.438 0.362 0.346 0.387 0.469 0.579 0.653 0.733 0.842 1.032 1.199 1.358 1.492 1.527 1.663 1.763 1.794 1.847 1.798
0.414 0.352 0.288 0.246 0.217 0.188 0.159 0.141 0.123 0.052 0.01 -0.005 0.043 0.062 0.054 0.037 0.062 0.086 0.065 0.032 0.031 0.057 0.112 0.177 0.18 0.146 0.113 0.09 0.074 0.067 0.044 0.019 -0.012 -0.005 0.079 0.214 0.346 0.474 0.534 0.543 0.528 0.538 0.55 0.593 0.656 0.572 0.427 0.327 0.239 0.213 0.279 0.458 0.679 0.901 1.097 1.191 1.126 0.917 0.724 0.567 0.455 0.402 0.409 0.468 0.572 0.655 0.726 0.829 0.984 1.19 1.391 1.518 1.627 1.773 1.913 1.996 2.008 1.921
0.347 0.318 0.298 0.291 0.288 0.28 0.249 0.211 0.168 0.088 0.042 0.026 0.078 0.111 0.128 0.098 0.112 0.148 0.144 0.103 0.084 0.09 0.145 0.212 0.239 0.209 0.176 0.162 0.129 0.106 0.091 0.072 0.034 0.009 0.044 0.151 0.286 0.415 0.517 0.586 0.612 0.647 0.625 0.683 0.735 0.727 0.544 0.431 0.311 0.248 0.271 0.428 0.648 0.873 1.092 1.289 1.294 1.129 0.912 0.72 0.568 0.476 0.451 0.49 0.568 0.644 0.725 0.826 0.957 1.142 1.338 1.5 1.667 1.87 1.997 2.124 2.079 2.054
0.303 0.304 0.303 0.331 0.356 0.362 0.333 0.296 0.238 0.147 0.087 0.061 0.106 0.158 0.182 0.155 0.168 0.204 0.215 0.192 0.162 0.145 0.167 0.219 0.26 0.256 0.237 0.245 0.229 0.179 0.144 0.118 0.085 0.041 0.036 0.092 0.215 0.353 0.481 0.586 0.657 0.719 0.691 0.774 0.827 0.825 0.664 0.552 0.418 0.303 0.272 0.386 0.568 0.782 1.037 1.278 1.371 1.31 1.112 0.888 0.704 0.572 0.498 0.515 0.572 0.647 0.728 0.824 0.942 1.097 1.309 1.519 1.717 1.902 2.116 2.176 2.125 2.169
0.255 0.241 0.24 0.273 0.332 0.378 0.394 0.383 0.317 0.22 0.144 0.101 0.137 0.194 0.236 0.208 0.226 0.25 0.271 0.283 0.266 0.217 0.198 0.22 0.262 0.276 0.302 0.329 0.354 0.304 0.228 0.18 0.148 0.098 0.058 0.069 0.154 0.287 0.422 0.545 0.672 0.72 0.741 0.861 0.916 0.957 0.783 0.669 0.543 0.379 0.303 0.343 0.489 0.718 0.958 1.197 1.391 1.425 1.278 1.059 0.848 0.683 0.574 0.55 0.583 0.659 0.744 0.827 0.93 1.066 1.27 1.498 1.72 1.941 2.196 2.195 2.154 2.261
0.216 0.186 0.181 0.223 0.318 0.404 0.468 0.475 0.405 0.306 0.217 0.154 0.181 0.236 0.267 0.244 0.27 0.316 0.355 0.369 0.361 0.303 0.247 0.228 0.258 0.28 0.347 0.423 0.459 0.453 0.347 0.267 0.208 0.156 0.101 0.077 0.121 0.23 0.345 0.493 0.605 0.667 0.8 0.929 0.994 1.111 0.95 0.796 0.676 0.482 0.362 0.341 0.443 0.648 0.892 1.135 1.382 1.488 1.376 1.199 0.989 0.797 0.661 0.606 0.609 0.672 0.756 0.841 0.932 1.048 1.213 1.427 1.657 1.923 2.201 2.206 2.138 2.275
0.201 0.167 0.155 0.2 0.306 0.411 0.502 0.521 0.471 0.382 0.28 0.211 0.223 0.276 0.316 0.301 0.303 0.359 0.408 0.447 0.445 0.418 0.314 0.258 0.267 0.303 0.391 0.513 0.588 0.602 0.495 0.381 0.287 0.213 0.152 0.104 0.115 0.184 0.283 0.418 0.513 0.664 0.847 0.981 1.09 1.245 1.109 0.957 0.828 0.618 0.449 0.375 0.405 0.569 0.778 1.02 1.285 1.458 1.413 1.264 1.088 0.904 0.762 0.677 0.65 0.695 0.768 0.858 0.946 1.048 1.174 1.349 1.588 1.886 2.203 2.197 2.114 2.232
0.203 0.168 0.144 0.176 0.272 0.385 0.506 0.552 0.518 0.463 0.336 0.285 0.269 0.293 0.362 0.386 0.369 0.385 0.432 0.474 0.518 0.509 0.388 0.301 0.291 0.332 0.438 0.591 0.71 0.742 0.657 0.525 0.398 0.301 0.214 0.144 0.135 0.173 0.249 0.348 0.449 0.617 0.832 1.032 1.159 1.365 1.284 1.112 0.962 0.784 0.576 0.449 0.408 0.502 0.66 0.86 1.095 1.311 1.374 1.276 1.125 0.968 0.856 0.777 0.729 0.741 0.798 0.877 0.96 1.044 1.149 1.289 1.501 1.814 2.096 2.155 2.071 2.167
0.215 0.186 0.145 0.16 0.248 0.375 0.482 0.537 0.548 0.535 0.406 0.329 0.347 0.354 0.399 0.471 0.499 0.468 0.462 0.5 0.544 0.564 0.442 0.341 0.317 0.367 0.468 0.636 0.817 0.877 0.84 0.698 0.532 0.409 0.295 0.2 0.168 0.18 0.238 0.327 0.413 0.563 0.799 1.02 1.21 1.425 1.439 1.286 1.105 0.963 0.751 0.564 0.468 0.466 0.557 0.701 0.881 1.076 1.197 1.212 1.114 0.988 0.908 0.863 0.821 0.813 0.849 0.911 0.981 1.038 1.119 1.232 1.403 1.668 1.89 1.996 1.969 2.12
0.228 0.205 0.156 0.155 0.218 0.33 0.455 0.51 0.584 0.601 0.489 0.388 0.391 0.434 0.48 0.565 0.659 0.631 0.566 0.555 0.611 0.623 0.492 0.377 0.337 0.389 0.495 0.665 0.887 1.004 0.997 0.886 0.692 0.53 0.395 0.27 0.215 0.201 0.24 0.322 0.403 0.539 0.751 1.019 1.227 1.376 1.526 1.478 1.288 1.131 0.965 0.724 0.576 0.507 0.512 0.582 0.692 0.825 0.939 1.029 1.046 0.984 0.932 0.919 0.896 0.889 0.918 0.955 1.008 1.048 1.102 1.182 1.316 1.498 1.691 1.82 1.886 2.004
0.249 0.239 0.191 0.161 0.193 0.305 0.426 0.507 0.612 0.648 0.551 0.441 0.442 0.502 0.58 0.671 0.794 0.803 0.728 0.65 0.631 0.636 0.542 0.422 0.366 0.395 0.518 0.68 0.91 1.099 1.137 1.06 0.875 0.674 0.518 0.355 0.275 0.239 0.255 0.313 0.395 0.53 0.72 0.974 1.202 1.358 1.515 1.594 1.481 1.294 1.183 0.94 0.727 0.612 0.548 0.541 0.577 0.641 0.718 0.806 0.897 0.941 0.945 0.951 0.95 0.932 0.963 1 1.033 1.064 1.1 1.145 1.246 1.403 1.603 1.803 1.888 1.886
0.272 0.28 0.239 0.186 0.182 0.262 0.386 0.497 0.592 0.67 0.601 0.497 0.493 0.553 0.651 0.775 0.913 0.977 0.928 0.829 0.725 0.667 0.625 0.506 0.413 0.407 0.519 0.677 0.909 1.158 1.258 1.214 1.056 0.841 0.648 0.461 0.347 0.29 0.288 0.327 0.39 0.515 0.7 0.929 1.122 1.299 1.463 1.58 1.631 1.459 1.337 1.197 0.956 0.787 0.664 0.598 0.575 0.58 0.611 0.658 0.738 0.836 0.917 0.941 0.947 0.939 0.958 0.995 1.041 1.074 1.096 1.118 1.19 1.319 1.489 1.619 1.706 1.756
0.293 0.3 0.28 0.229 0.197 0.234 0.325 0.471 0.594 0.682 0.647 0.551 0.529 0.593 0.711 0.884 1.011 1.112 1.149 1.08 0.913 0.795 0.756 0.645 0.488 0.44 0.512 0.664 0.886 1.163 1.346 1.352 1.221 1.02 0.79 0.583 0.431 0.351 0.328 0.362 0.407 0.5 0.652 0.876 1.058 1.231 1.389 1.506 1.666 1.631 1.455 1.387 1.244 1.028 0.856 0.744 0.665 0.615 0.608 0.619 0.652 0.714 0.792 0.856 0.886 0.898 0.917 0.959 1.023 1.064 1.08 1.106 1.156 1.24 1.344 1.467 1.564 1.624
0.336 0.33 0.32 0.272 0.223 0.237 0.329 0.458 0.585 0.698 0.694 0.598 0.553 0.611 0.763 0.955 1.105 1.217 1.322 1.317 1.139 0.954 0.882 0.794 0.597 0.499 0.521 0.659 0.849 1.12 1.363 1.457 1.361 1.178 0.939 0.712 0.526 0.419 0.375 0.387 0.43 0.504 0.614 0.8 0.991 1.17 1.311 1.43 1.565 1.68 1.592 1.531 1.473 1.287 1.084 0.959 0.832 0.714 0.666 0.65 0.651 0.669 0.706 0.76 0.798 0.837 0.875 0.91 0.959 1.011 1.057 1.091 1.142 1.199 1.279 1.373 1.447 1.5
0.371 0.4 0.392 0.332 0.261 0.257 0.329 0.442 0.564 0.703 0.726 0.64 0.572 0.585 0.744 0.939 1.112 1.277 1.378 1.433 1.304 1.119 1.02 0.938 0.742 0.588 0.55 0.641 0.814 1.062 1.333 1.508 1.465 1.294 1.068 0.831 0.633 0.493 0.43 0.418 0.447 0.517 0.604 0.749 0.918 1.097 1.231 1.35 1.468 1.593 1.632 1.591 1.627 1.483 1.279 1.131 1.014 0.868 0.771 0.723 0.7 0.694 0.705 0.729 0.762 0.803 0.849 0.9 0.951 1.003 1.046 1.08 1.119 1.17 1.244 1.323 1.383 1.431
