data/climatemaps/RS_maps/climate_winter_pr_2018.asc
NCOLS 369 
NROWS 228 
XLLCORNER 479000 
YLLCORNER 73000 
CELLSIZE 1000 
NODATA_value -9 
[rows 136 to 169 of 228, columns 0 to 76 of 369]
-9 -9 -9 -9 -9 -9 -9 -9 1.088 1.064 1.072 1.103 1.139 1.171 1.199 1.225 1.251 1.278 1.303 1.323 1.338 1.35 1.357 1.357 1.343 1.304 1.24 1.15 1.041 0.919 0.796 0.714 0.7 0.728 0.792 0.851 0.86 0.774 0.618 0.429 0.255 0.124 0.026 -0.046 -0.1 -0.145 -0.186 -0.22 -0.237 -0.269 -0.315 -0.356 -0.366 -0.333 -0.272 -0.191 -0.118 -0.061 -0.016 0.026 0.066 0.101 0.127 0.159 0.189 0.228 0.247 0.235 0.171 0.099 0.013 -0.076 -0.18 -0.225 -0.2 -0.124 -0.028
-9 -9 -9 -9 -9 -9 -9 -9 1.114 1.098 1.116 1.16 1.208 1.247 1.271 1.287 1.298 1.308 1.318 1.328 1.339 1.35 1.357 1.354 1.333 1.282 1.202 1.098 0.975 0.848 0.763 0.731 0.746 0.807 0.897 0.966 0.966 0.85 0.659 0.436 0.238 0.098 0.005 -0.055 -0.098 -0.136 -0.172 -0.196 -0.212 -0.249 -0.301 -0.333 -0.34 -0.306 -0.232 -0.144 -0.075 -0.025 0.018 0.063 0.106 0.147 0.183 0.225 0.255 0.294 0.313 0.291 0.224 0.155 0.066 -0.023 -0.149 -0.21 -0.201 -0.131 -0.025
-9 -9 -9 -9 -9 -9 -9 -9 1.141 1.135 1.164 1.217 1.272 1.316 1.339 1.347 1.343 1.338 1.334 1.335 1.341 1.347 1.351 1.34 1.305 1.239 1.146 1.03 0.907 0.819 0.781 0.78 0.828 0.913 1.011 1.076 1.058 0.908 0.682 0.434 0.22 0.081 -0.001 -0.05 -0.085 -0.118 -0.147 -0.165 -0.187 -0.225 -0.277 -0.307 -0.311 -0.273 -0.188 -0.102 -0.035 0.012 0.059 0.105 0.151 0.197 0.248 0.291 0.323 0.355 0.374 0.337 0.275 0.21 0.118 0.033 -0.096 -0.186 -0.182 -0.106 -0.018
-9 -9 -9 -9 -9 -9 -9 1.203 1.174 1.178 1.213 1.27 1.328 1.372 1.391 1.392 1.379 1.364 1.351 1.345 1.344 1.344 1.341 1.317 1.267 1.184 1.076 0.956 0.873 0.834 0.833 0.868 0.94 1.032 1.121 1.165 1.12 0.938 0.683 0.421 0.207 0.078 0.009 -0.031 -0.059 -0.087 -0.113 -0.134 -0.161 -0.199 -0.247 -0.282 -0.281 -0.237 -0.151 -0.069 -0.004 0.048 0.099 0.147 0.197 0.253 0.312 0.351 0.392 0.417 0.421 0.388 0.326 0.265 0.176 0.089 -0.047 -0.153 -0.141 -0.078 -0.007
-9 -9 -9 -9 -9 -9 -9 1.23 1.214 1.228 1.264 1.318 1.371 1.408 1.423 1.42 1.404 1.384 1.367 1.356 1.348 1.342 1.327 1.29 1.225 1.126 1.008 0.92 0.873 0.866 0.908 0.975 1.059 1.143 1.207 1.217 1.139 0.933 0.661 0.398 0.199 0.087 0.034 0.002 -0.019 -0.04 -0.07 -0.1 -0.133 -0.171 -0.218 -0.254 -0.251 -0.203 -0.119 -0.041 0.023 0.08 0.136 0.188 0.245 0.311 0.367 0.418 0.462 0.488 0.484 0.449 0.386 0.324 0.242 0.144 0.002 -0.107 -0.096 -0.056 0.002
-9 -9 -9 -9 -9 -9 -9 1.268 1.267 1.285 1.317 1.358 1.397 1.424 1.434 1.43 1.415 1.399 1.382 1.366 1.354 1.339 1.313 1.263 1.188 1.081 0.984 0.92 0.895 0.92 0.99 1.076 1.159 1.223 1.253 1.22 1.106 0.88 0.61 0.365 0.194 0.107 0.071 0.051 0.035 0.016 -0.018 -0.057 -0.098 -0.141 -0.187 -0.221 -0.22 -0.171 -0.094 -0.02 0.043 0.104 0.168 0.225 0.298 0.372 0.431 0.485 0.524 0.551 0.546 0.511 0.468 0.392 0.321 0.204 0.055 -0.055 -0.065 -0.042 0.023
-9 -9 -9 -9 -9 -9 -9 1.315 1.325 1.344 1.363 1.383 1.404 1.418 1.423 1.422 1.416 1.406 1.391 1.375 1.359 1.336 1.301 1.246 1.163 1.077 0.998 0.946 0.943 0.986 1.066 1.151 1.219 1.256 1.248 1.17 1.017 0.782 0.53 0.324 0.193 0.136 0.122 0.117 0.104 0.08 0.041 -0.007 -0.058 -0.104 -0.15 -0.182 -0.183 -0.144 -0.078 -0.007 0.058 0.12 0.193 0.263 0.351 0.434 0.495 0.539 0.577 0.602 0.598 0.571 0.545 0.474 0.39 0.266 0.107 -0.006 -0.037 -0.018 0.045
-9 -9 -9 -9 -9 -9 -9 1.37 1.385 1.397 1.4 1.397 1.396 1.397 1.4 1.408 1.41 1.405 1.395 1.38 1.36 1.334 1.298 1.239 1.174 1.102 1.037 1 1.008 1.053 1.123 1.189 1.227 1.231 1.184 1.062 0.883 0.656 0.44 0.286 0.2 0.178 0.187 0.199 0.186 0.153 0.106 0.048 -0.005 -0.054 -0.1 -0.135 -0.143 -0.12 -0.073 -0.006 0.063 0.131 0.213 0.297 0.389 0.474 0.545 0.591 0.623 0.642 0.643 0.633 0.602 0.547 0.453 0.319 0.163 0.046 -0.002 0.018 0.052
-9 -9 -9 -9 -9 -9 -9 1.427 1.442 1.443 1.425 1.399 1.378 1.368 1.375 1.388 1.397 1.4 1.394 1.378 1.358 1.334 1.301 1.264 1.213 1.153 1.102 1.073 1.078 1.109 1.152 1.182 1.182 1.145 1.056 0.907 0.72 0.525 0.363 0.262 0.22 0.232 0.264 0.287 0.274 0.229 0.175 0.114 0.061 0.007 -0.039 -0.083 -0.104 -0.098 -0.071 -0.014 0.056 0.133 0.218 0.316 0.415 0.501 0.578 0.624 0.652 0.675 0.688 0.679 0.642 0.593 0.511 0.37 0.224 0.109 0.039 0.036 0.068
-9 -9 -9 -9 -9 -9 -9 1.476 1.486 1.474 1.437 1.383 1.347 1.337 1.346 1.362 1.38 1.39 1.387 1.372 1.354 1.338 1.323 1.3 1.265 1.222 1.179 1.15 1.142 1.146 1.149 1.134 1.092 1.014 0.895 0.735 0.565 0.415 0.309 0.255 0.254 0.296 0.343 0.371 0.355 0.302 0.243 0.183 0.126 0.069 0.023 -0.027 -0.069 -0.083 -0.073 -0.031 0.037 0.122 0.214 0.319 0.422 0.514 0.589 0.634 0.662 0.69 0.703 0.693 0.658 0.612 0.538 0.419 0.301 0.177 0.096 0.074 0.099
-9 -9 -9 -9 -9 -9 -9 1.506 1.509 1.487 1.429 1.356 1.312 1.306 1.313 1.334 1.36 1.375 1.374 1.363 1.351 1.346 1.346 1.341 1.321 1.288 1.247 1.211 1.183 1.154 1.114 1.056 0.976 0.87 0.74 0.587 0.445 0.338 0.28 0.268 0.3 0.361 0.416 0.443 0.419 0.361 0.3 0.236 0.176 0.119 0.068 0.015 -0.041 -0.073 -0.079 -0.053 0.008 0.098 0.2 0.312 0.41 0.504 0.575 0.624 0.659 0.683 0.692 0.683 0.646 0.603 0.548 0.469 0.375 0.248 0.173 0.141 0.136
-9 -9 -9 -9 -9 -9 1.501 1.514 1.509 1.475 1.421 1.356 1.298 1.282 1.281 1.304 1.333 1.352 1.356 1.352 1.35 1.358 1.372 1.378 1.366 1.333 1.287 1.241 1.191 1.13 1.053 0.965 0.865 0.753 0.629 0.498 0.386 0.312 0.287 0.304 0.35 0.417 0.471 0.486 0.457 0.399 0.329 0.261 0.201 0.143 0.086 0.027 -0.032 -0.071 -0.089 -0.076 -0.024 0.062 0.17 0.282 0.381 0.472 0.54 0.598 0.635 0.657 0.664 0.656 0.628 0.594 0.554 0.5 0.425 0.34 0.27 0.227 0.199
-9 -9 -9 -9 -9 1.487 1.5 1.504 1.487 1.468 1.429 1.367 1.287 1.254 1.244 1.263 1.293 1.318 1.331 1.34 1.35 1.37 1.393 1.403 1.387 1.346 1.288 1.228 1.16 1.074 0.972 0.87 0.77 0.668 0.568 0.469 0.389 0.34 0.33 0.36 0.403 0.456 0.496 0.499 0.468 0.411 0.331 0.258 0.194 0.132 0.074 0.019 -0.04 -0.08 -0.105 -0.1 -0.055 0.024 0.128 0.238 0.335 0.416 0.481 0.543 0.577 0.606 0.621 0.632 0.62 0.586 0.546 0.509 0.479 0.469 0.372 0.325 0.291
-9 -9 -9 -9 -9 1.472 1.483 1.479 1.479 1.475 1.43 1.364 1.27 1.22 1.194 1.205 1.236 1.27 1.297 1.322 1.349 1.38 1.405 1.407 1.377 1.32 1.246 1.167 1.082 0.981 0.874 0.781 0.7 0.629 0.561 0.497 0.444 0.411 0.399 0.417 0.453 0.486 0.502 0.491 0.454 0.392 0.31 0.233 0.164 0.104 0.048 -0.006 -0.058 -0.097 -0.12 -0.114 -0.075 -0.007 0.087 0.186 0.27 0.338 0.394 0.441 0.489 0.54 0.572 0.603 0.6 0.557 0.515 0.506 0.539 0.546 0.452 0.405 0.383
-9 -9 -9 -9 -9 1.429 1.444 1.466 1.49 1.48 1.436 1.365 1.251 1.182 1.142 1.14 1.17 1.211 1.259 1.303 1.347 1.384 1.403 1.388 1.334 1.255 1.16 1.062 0.963 0.861 0.771 0.708 0.667 0.635 0.602 0.564 0.528 0.497 0.48 0.474 0.487 0.499 0.497 0.468 0.421 0.352 0.271 0.193 0.124 0.068 0.016 -0.033 -0.078 -0.111 -0.126 -0.115 -0.077 -0.018 0.059 0.138 0.205 0.257 0.295 0.325 0.382 0.459 0.496 0.529 0.546 0.496 0.472 0.492 0.567 0.587 0.491 0.436 0.434
-9 -9 -9 -9 -9 1.402 1.44 1.475 1.495 1.491 1.45 1.373 1.242 1.155 1.102 1.086 1.11 1.16 1.222 1.286 1.344 1.381 1.383 1.343 1.261 1.157 1.043 0.93 0.824 0.731 0.669 0.649 0.655 0.662 0.656 0.63 0.597 0.566 0.539 0.513 0.497 0.484 0.468 0.43 0.372 0.3 0.22 0.145 0.081 0.031 -0.013 -0.054 -0.088 -0.111 -0.117 -0.101 -0.062 -0.008 0.055 0.116 0.166 0.203 0.224 0.24 0.266 0.314 0.341 0.369 0.42 0.42 0.431 0.467 0.536 0.579 0.512 0.442 0.417
-9 -9 -9 -9 1.37 1.409 1.446 1.48 1.504 1.507 1.469 1.392 1.262 1.164 1.091 1.06 1.074 1.127 1.198 1.274 1.337 1.365 1.344 1.274 1.162 1.035 0.906 0.787 0.684 0.608 0.579 0.598 0.641 0.671 0.677 0.654 0.617 0.578 0.538 0.499 0.468 0.44 0.412 0.369 0.31 0.238 0.163 0.097 0.042 0 -0.034 -0.062 -0.085 -0.097 -0.095 -0.073 -0.033 0.014 0.065 0.109 0.142 0.163 0.172 0.177 0.185 0.2 0.212 0.228 0.276 0.32 0.351 0.398 0.452 0.493 0.465 0.391 0.329
-9 -9 -9 -9 1.377 1.415 1.454 1.49 1.515 1.519 1.488 1.421 1.314 1.204 1.116 1.072 1.075 1.124 1.196 1.273 1.329 1.338 1.289 1.185 1.045 0.899 0.765 0.648 0.557 0.502 0.503 0.548 0.607 0.642 0.643 0.61 0.563 0.516 0.472 0.435 0.403 0.371 0.336 0.293 0.238 0.174 0.11 0.055 0.013 -0.017 -0.038 -0.054 -0.065 -0.067 -0.056 -0.03 0.007 0.048 0.087 0.115 0.134 0.141 0.14 0.139 0.139 0.14 0.142 0.148 0.161 0.2 0.225 0.273 0.322 0.337 0.318 0.262 0.208
-9 -9 -9 -9 1.384 1.427 1.468 1.502 1.522 1.526 1.502 1.448 1.359 1.26 1.174 1.123 1.117 1.157 1.222 1.288 1.326 1.308 1.223 1.086 0.92 0.764 0.63 0.521 0.445 0.414 0.434 0.489 0.548 0.569 0.56 0.518 0.466 0.419 0.381 0.349 0.319 0.289 0.254 0.213 0.165 0.114 0.064 0.023 -0.005 -0.019 -0.027 -0.029 -0.029 -0.022 -0.005 0.021 0.055 0.087 0.114 0.13 0.136 0.133 0.126 0.119 0.114 0.11 0.106 0.104 0.105 0.112 0.12 0.136 0.155 0.163 0.158 0.142 0.126
-9 -9 -9 -9 1.396 1.444 1.483 1.51 1.526 1.527 1.509 1.47 1.406 1.33 1.255 1.209 1.199 1.229 1.279 1.323 1.331 1.276 1.152 0.981 0.797 0.634 0.509 0.412 0.353 0.338 0.364 0.413 0.455 0.469 0.457 0.415 0.367 0.326 0.293 0.266 0.239 0.211 0.179 0.144 0.105 0.066 0.029 0.005 -0.008 -0.008 -0.002 0.007 0.018 0.032 0.051 0.076 0.102 0.124 0.139 0.144 0.141 0.132 0.121 0.111 0.102 0.095 0.087 0.08 0.074 0.07 0.069 0.071 0.075 0.075 0.07 0.064 0.055
-9 -9 -9 -9 1.406 1.459 1.493 1.514 1.522 1.521 1.51 1.486 1.446 1.398 1.343 1.308 1.302 1.322 1.352 1.368 1.337 1.239 1.072 0.872 0.677 0.516 0.4 0.321 0.276 0.269 0.286 0.316 0.348 0.361 0.349 0.314 0.277 0.245 0.22 0.198 0.174 0.147 0.119 0.089 0.059 0.031 0.009 -0.001 0.001 0.013 0.03 0.048 0.067 0.087 0.107 0.126 0.143 0.155 0.159 0.156 0.147 0.135 0.122 0.111 0.101 0.093 0.083 0.073 0.064 0.057 0.053 0.052 0.051 0.047 0.04 0.027 0.011
-9 -9 -9 1.333 1.403 1.462 1.494 1.508 1.511 1.507 1.501 1.491 1.473 1.448 1.417 1.398 1.396 1.408 1.421 1.404 1.331 1.186 0.979 0.757 0.557 0.404 0.307 0.247 0.215 0.206 0.212 0.231 0.253 0.261 0.249 0.226 0.202 0.181 0.163 0.145 0.123 0.098 0.073 0.049 0.028 0.012 0.003 0.005 0.018 0.04 0.065 0.09 0.115 0.137 0.156 0.17 0.177 0.179 0.175 0.167 0.155 0.141 0.129 0.119 0.111 0.103 0.095 0.084 0.074 0.065 0.06 0.056 0.053 0.047 0.036 0.019 -0.005
-9 -9 -9 1.293 1.379 1.447 1.481 1.492 1.49 1.485 1.482 1.481 1.478 1.471 1.461 1.458 1.461 1.47 1.466 1.417 1.3 1.108 0.868 0.636 0.447 0.316 0.239 0.193 0.169 0.158 0.158 0.168 0.18 0.182 0.175 0.163 0.15 0.137 0.123 0.107 0.086 0.064 0.042 0.025 0.013 0.007 0.009 0.02 0.041 0.069 0.099 0.128 0.156 0.18 0.197 0.206 0.206 0.2 0.191 0.18 0.167 0.154 0.143 0.135 0.131 0.126 0.12 0.111 0.101 0.092 0.085 0.081 0.076 0.067 0.052 0.031 0.003
-9 -9 -9 1.224 1.329 1.412 1.453 1.465 1.461 1.456 1.454 1.456 1.46 1.467 1.474 1.483 1.494 1.501 1.481 1.399 1.236 1.005 0.745 0.516 0.354 0.249 0.191 0.156 0.136 0.125 0.121 0.124 0.128 0.13 0.129 0.125 0.118 0.108 0.096 0.079 0.06 0.041 0.025 0.016 0.014 0.017 0.027 0.044 0.069 0.099 0.131 0.162 0.191 0.216 0.233 0.239 0.235 0.225 0.214 0.201 0.188 0.177 0.169 0.166 0.167 0.167 0.166 0.16 0.151 0.14 0.131 0.123 0.115 0.103 0.085 0.06 0.028
-9 -9 -9 1.123 1.251 1.355 1.409 1.428 1.425 1.419 1.417 1.419 1.426 1.439 1.454 1.474 1.494 1.498 1.46 1.343 1.141 0.883 0.619 0.411 0.279 0.2 0.159 0.135 0.118 0.104 0.096 0.094 0.095 0.1 0.105 0.105 0.099 0.088 0.072 0.055 0.038 0.025 0.019 0.02 0.027 0.039 0.054 0.075 0.101 0.131 0.162 0.194 0.226 0.253 0.271 0.278 0.274 0.265 0.253 0.242 0.231 0.223 0.221 0.227 0.238 0.246 0.249 0.246 0.235 0.22 0.204 0.189 0.175 0.158 0.135 0.107 0.071
-9 -9 -9 -9 1.152 1.281 1.353 1.382 1.382 1.376 1.373 1.375 1.38 1.39 1.405 1.432 1.459 1.457 1.397 1.25 1.019 0.749 0.505 0.328 0.225 0.169 0.142 0.126 0.11 0.093 0.079 0.075 0.077 0.086 0.095 0.097 0.088 0.07 0.05 0.03 0.019 0.015 0.02 0.032 0.048 0.067 0.088 0.111 0.138 0.167 0.199 0.233 0.27 0.304 0.329 0.344 0.344 0.338 0.331 0.324 0.317 0.318 0.334 0.376 0.438 0.447 0.449 0.426 0.386 0.348 0.315 0.286 0.261 0.236 0.209 0.175 0.132
-9 -9 -9 -9 1.05 1.201 1.29 1.331 1.335 1.329 1.327 1.327 1.323 1.324 1.333 1.358 1.385 1.375 1.295 1.126 0.88 0.622 0.41 0.265 0.189 0.151 0.134 0.121 0.105 0.084 0.067 0.063 0.069 0.084 0.096 0.098 0.083 0.058 0.031 0.01 0.003 0.009 0.026 0.049 0.074 0.1 0.124 0.152 0.182 0.211 0.246 0.288 0.336 0.385 0.425 0.454 0.463 0.461 0.457 0.458 0.464 0.482 0.52 0.6 0.696 0.734 0.762 0.734 0.651 0.562 0.489 0.43 0.387 0.35 0.315 0.273 0.217
-9 -9 -9 -9 0.962 1.123 1.225 1.275 1.285 1.283 1.282 1.278 1.264 1.248 1.24 1.253 1.27 1.249 1.154 0.976 0.741 0.514 0.335 0.22 0.166 0.142 0.132 0.12 0.1 0.076 0.059 0.056 0.067 0.087 0.103 0.105 0.085 0.052 0.02 -0.002 -0.004 0.011 0.038 0.071 0.104 0.136 0.166 0.199 0.231 0.261 0.311 0.375 0.44 0.502 0.555 0.596 0.618 0.622 0.625 0.645 0.674 0.708 0.758 0.82 0.907 1.001 1.075 1.062 1.03 0.887 0.81 0.666 0.587 0.524 0.471 0.417 0.331
-9 -9 -9 -9 0.9 1.056 1.164 1.221 1.236 1.239 1.242 1.229 1.201 1.162 1.128 1.116 1.116 1.083 0.984 0.815 0.613 0.425 0.279 0.192 0.156 0.142 0.135 0.119 0.095 0.07 0.052 0.052 0.068 0.094 0.114 0.118 0.095 0.057 0.021 -0.001 0.001 0.023 0.057 0.098 0.139 0.178 0.215 0.254 0.286 0.327 0.397 0.473 0.55 0.624 0.683 0.73 0.759 0.774 0.784 0.8 0.827 0.892 0.976 1.02 1.141 1.276 1.362 1.395 1.367 1.271 1.19 1.015 0.934 0.886 0.799 0.671 0.501
-9 -9 -9 -9 -9 1.012 1.11 1.166 1.19 1.199 1.204 1.185 1.136 1.064 0.991 0.947 0.927 0.892 0.805 0.667 0.504 0.353 0.242 0.179 0.155 0.145 0.136 0.115 0.089 0.063 0.047 0.05 0.071 0.105 0.132 0.141 0.118 0.076 0.039 0.019 0.023 0.048 0.088 0.133 0.181 0.229 0.274 0.316 0.349 0.394 0.469 0.555 0.636 0.717 0.776 0.819 0.853 0.872 0.888 0.907 0.938 1.034 1.102 1.17 1.301 1.388 1.483 1.609 1.611 1.524 1.351 1.195 1.301 1.359 1.297 1.068 0.757
-9 -9 -9 -9 -9 -9 1.07 1.116 1.147 1.164 1.176 1.148 1.066 0.948 0.83 0.752 0.716 0.69 0.634 0.546 0.417 0.302 0.222 0.177 0.156 0.144 0.13 0.107 0.08 0.055 0.043 0.051 0.082 0.124 0.158 0.171 0.152 0.111 0.076 0.059 0.064 0.09 0.134 0.183 0.235 0.289 0.336 0.378 0.421 0.467 0.514 0.605 0.697 0.777 0.828 0.865 0.893 0.913 0.927 0.939 0.974 1.034 1.091 1.162 1.257 1.403 1.585 1.64 1.603 1.555 1.573 1.583 1.74 1.82 1.708 1.4 1
-9 -9 -9 -9 -9 -9 1.037 1.072 1.104 1.136 1.16 1.114 0.991 0.818 0.654 0.546 0.505 0.496 0.477 0.429 0.346 0.27 0.214 0.177 0.154 0.137 0.12 0.096 0.07 0.048 0.041 0.059 0.1 0.147 0.184 0.2 0.191 0.162 0.135 0.121 0.125 0.151 0.195 0.245 0.298 0.351 0.399 0.444 0.489 0.539 0.578 0.654 0.734 0.799 0.843 0.875 0.893 0.9 0.897 0.918 0.983 1.054 1.132 1.181 1.265 1.485 1.687 1.708 1.726 1.723 1.868 1.941 2.051 2.053 1.889 1.574 1.236
-9 -9 -9 -9 -9 -9 1.006 1.03 1.066 1.112 1.141 1.077 0.915 0.7 0.5 0.373 0.331 0.337 0.347 0.328 0.29 0.249 0.208 0.173 0.148 0.127 0.107 0.083 0.058 0.042 0.044 0.075 0.123 0.17 0.209 0.233 0.239 0.232 0.219 0.208 0.21 0.23 0.262 0.308 0.365 0.417 0.466 0.508 0.552 0.603 0.675 0.757 0.798 0.793 -9 -9 -9 0.832 0.817 0.863 0.962 1.072 1.194 1.253 1.354 1.495 1.617 1.756 1.821 1.876 2.017 2.071 2.111 2.083 1.951 1.721 1.409
-9 -9 -9 -9 1.001 0.984 0.973 0.993 1.035 1.089 1.115 1.029 0.835 0.593 0.382 0.252 0.212 0.224 0.247 0.255 0.248 0.229 0.196 0.164 0.137 0.112 0.089 0.067 0.048 0.041 0.056 0.096 0.146 0.194 0.239 0.278 0.309 0.328 0.333 0.325 0.32 0.323 0.335 0.368 0.427 0.492 0.537 0.577 0.628 0.704 0.805 0.921 -9 -9 -9 -9 -9 0.813 0.809 0.821 0.874 0.963 1.109 1.206 1.345 1.462 1.54 1.682 1.755 1.821 2.06 2.136 2.156 2.132 1.985 1.726 1.422
