data/climatemaps/RS_maps/climate_breeding_pr_2006.asc
NCOLS 369 
NROWS 228 
XLLCORNER 479000 
YLLCORNER 73000 
CELLSIZE 1000 
NODATA_value -9 
[rows 66 to 98 of 228, columns 76 to 151 of 369]
-0.22 -0.219 -0.213 -0.181 -0.129 -0.09 -0.098 -0.186 -0.238 -0.222 -0.183 -0.112 -0.039 0.002 0.013 -0.009 -0.045 -0.084 -0.113 -0.128 -0.129 -0.12 -0.113 -0.114 -0.136 -0.168 -0.202 -0.227 -0.221 -0.168 -0.082 0.018 0.085 0.113 0.097 0.061 0.02 -0.013 -0.036 -0.001 0.049 0.115 0.187 0.263 0.326 0.358 0.348 0.352 0.37 0.405 0.458 0.495 0.5 0.464 0.403 0.328 0.267 0.225 0.184 0.147 0.105 0.044 -0.013 -0.088 -0.168 -0.252 -0.328 -0.386 -0.417 -0.452 -0.469 -0.482 -0.492 -0.497 -0.494 -0.465
-0.232 -0.229 -0.217 -0.18 -0.126 -0.092 -0.11 -0.196 -0.237 -0.207 -0.169 -0.101 -0.035 -0.002 -0.004 -0.034 -0.077 -0.111 -0.134 -0.143 -0.136 -0.117 -0.099 -0.093 -0.118 -0.166 -0.213 -0.25 -0.249 -0.191 -0.109 -0.023 0.035 0.061 0.06 0.046 0.033 0.015 0.034 0.093 0.16 0.236 0.308 0.382 0.419 0.429 0.43 0.439 0.454 0.466 0.49 0.501 0.485 0.407 0.318 0.234 0.164 0.105 0.047 0.002 -0.042 -0.088 -0.131 -0.181 -0.239 -0.303 -0.356 -0.398 -0.431 -0.462 -0.471 -0.467 -0.457 -0.472 -0.467 -0.427
-0.245 -0.24 -0.221 -0.178 -0.131 -0.107 -0.124 -0.191 -0.216 -0.182 -0.147 -0.091 -0.039 -0.02 -0.035 -0.074 -0.117 -0.149 -0.166 -0.168 -0.151 -0.12 -0.092 -0.081 -0.109 -0.178 -0.246 -0.298 -0.307 -0.258 -0.184 -0.098 -0.042 -0.017 -0.006 0.001 0.019 0.033 0.076 0.139 0.213 0.29 0.364 0.435 0.488 0.504 0.497 0.479 0.441 0.424 0.415 0.391 0.346 0.284 0.206 0.114 0.024 -0.055 -0.114 -0.153 -0.188 -0.217 -0.244 -0.269 -0.304 -0.341 -0.381 -0.421 -0.444 -0.458 -0.456 -0.445 -0.449 -0.452 -0.443 -0.403
-0.252 -0.248 -0.223 -0.186 -0.152 -0.145 -0.16 -0.188 -0.17 -0.146 -0.12 -0.076 -0.042 -0.04 -0.068 -0.113 -0.156 -0.188 -0.204 -0.204 -0.185 -0.154 -0.124 -0.116 -0.147 -0.215 -0.287 -0.337 -0.344 -0.298 -0.219 -0.136 -0.072 -0.028 -0.002 0.02 0.049 0.093 0.16 0.227 0.302 0.377 0.439 0.465 0.485 0.47 0.442 0.395 0.349 0.312 0.281 0.245 0.204 0.15 0.075 -0.018 -0.116 -0.198 -0.25 -0.285 -0.309 -0.323 -0.334 -0.353 -0.369 -0.384 -0.411 -0.432 -0.435 -0.434 -0.433 -0.435 -0.43 -0.423 -0.422 -0.408
-0.255 -0.255 -0.234 -0.209 -0.196 -0.192 -0.179 -0.151 -0.129 -0.111 -0.084 -0.053 -0.038 -0.054 -0.093 -0.14 -0.187 -0.222 -0.246 -0.255 -0.247 -0.224 -0.19 -0.174 -0.195 -0.253 -0.319 -0.35 -0.333 -0.267 -0.171 -0.074 0.004 0.062 0.104 0.141 0.177 0.227 0.282 0.337 0.391 0.423 0.419 0.4 0.373 0.335 0.3 0.256 0.21 0.171 0.133 0.095 0.057 -0.01 -0.087 -0.17 -0.253 -0.32 -0.364 -0.385 -0.392 -0.383 -0.376 -0.387 -0.399 -0.415 -0.423 -0.417 -0.409 -0.409 -0.413 -0.416 -0.402 -0.39 -0.39 -0.397
-0.264 -0.266 -0.259 -0.256 -0.25 -0.207 -0.151 -0.112 -0.088 -0.06 -0.031 -0.018 -0.027 -0.059 -0.104 -0.153 -0.207 -0.255 -0.293 -0.311 -0.307 -0.285 -0.257 -0.242 -0.254 -0.295 -0.342 -0.342 -0.305 -0.226 -0.119 -0.008 0.088 0.159 0.213 0.255 0.285 0.318 0.349 0.376 0.39 0.369 0.316 0.27 0.219 0.178 0.139 0.097 0.054 0.016 -0.021 -0.056 -0.099 -0.163 -0.232 -0.303 -0.366 -0.415 -0.442 -0.445 -0.434 -0.413 -0.396 -0.397 -0.407 -0.412 -0.41 -0.395 -0.39 -0.392 -0.395 -0.396 -0.383 -0.368 -0.364 -0.375
-0.275 -0.284 -0.308 -0.307 -0.259 -0.188 -0.127 -0.077 -0.034 0.004 0.02 0.015 -0.008 -0.049 -0.098 -0.155 -0.217 -0.279 -0.328 -0.358 -0.369 -0.365 -0.348 -0.331 -0.33 -0.347 -0.361 -0.339 -0.298 -0.219 -0.117 -0.006 0.092 0.176 0.244 0.293 0.323 0.339 0.341 0.328 0.294 0.235 0.168 0.107 0.05 0.007 -0.03 -0.069 -0.106 -0.137 -0.166 -0.197 -0.234 -0.285 -0.342 -0.397 -0.442 -0.475 -0.486 -0.472 -0.447 -0.423 -0.406 -0.401 -0.404 -0.399 -0.392 -0.381 -0.374 -0.369 -0.372 -0.377 -0.362 -0.35 -0.341 -0.349
-0.294 -0.32 -0.362 -0.321 -0.256 -0.182 -0.104 -0.033 0.02 0.052 0.057 0.045 0.016 -0.028 -0.084 -0.151 -0.225 -0.304 -0.371 -0.421 -0.453 -0.463 -0.452 -0.431 -0.415 -0.405 -0.38 -0.36 -0.334 -0.272 -0.196 -0.087 0.03 0.139 0.218 0.269 0.288 0.283 0.252 0.197 0.128 0.059 -0.003 -0.062 -0.111 -0.148 -0.178 -0.208 -0.234 -0.258 -0.28 -0.301 -0.327 -0.366 -0.408 -0.45 -0.482 -0.501 -0.5 -0.479 -0.448 -0.421 -0.4 -0.391 -0.392 -0.384 -0.372 -0.356 -0.348 -0.348 -0.351 -0.359 -0.341 -0.327 -0.308 -0.311
-0.329 -0.374 -0.387 -0.331 -0.267 -0.18 -0.083 -0.003 0.048 0.075 0.079 0.065 0.033 -0.019 -0.087 -0.168 -0.26 -0.354 -0.427 -0.476 -0.499 -0.503 -0.486 -0.454 -0.426 -0.407 -0.389 -0.384 -0.367 -0.329 -0.271 -0.154 -0.033 0.07 0.136 0.181 0.19 0.162 0.109 0.037 -0.042 -0.11 -0.168 -0.215 -0.248 -0.271 -0.287 -0.302 -0.317 -0.333 -0.342 -0.353 -0.374 -0.412 -0.446 -0.475 -0.494 -0.5 -0.492 -0.467 -0.432 -0.399 -0.375 -0.372 -0.372 -0.361 -0.346 -0.334 -0.333 -0.331 -0.328 -0.341 -0.315 -0.294 -0.28 -0.285
-0.397 -0.424 -0.398 -0.353 -0.283 -0.188 -0.087 -0.005 0.046 0.075 0.078 0.061 0.018 -0.05 -0.135 -0.227 -0.32 -0.384 -0.422 -0.434 -0.423 -0.418 -0.394 -0.349 -0.314 -0.293 -0.304 -0.31 -0.299 -0.311 -0.302 -0.201 -0.118 -0.034 0.039 0.068 0.055 0.009 -0.056 -0.129 -0.198 -0.259 -0.309 -0.34 -0.352 -0.352 -0.344 -0.337 -0.336 -0.342 -0.346 -0.365 -0.397 -0.438 -0.465 -0.481 -0.486 -0.485 -0.468 -0.437 -0.398 -0.37 -0.354 -0.349 -0.346 -0.334 -0.325 -0.317 -0.305 -0.289 -0.296 -0.319 -0.296 -0.268 -0.259 -0.262
-0.438 -0.449 -0.421 -0.376 -0.306 -0.208 -0.107 -0.027 0.022 0.051 0.055 0.028 -0.035 -0.121 -0.219 -0.293 -0.332 -0.335 -0.317 -0.299 -0.281 -0.264 -0.228 -0.187 -0.154 -0.134 -0.15 -0.171 -0.202 -0.262 -0.315 -0.277 -0.205 -0.139 -0.117 -0.114 -0.128 -0.165 -0.217 -0.277 -0.334 -0.385 -0.421 -0.433 -0.416 -0.381 -0.347 -0.312 -0.296 -0.305 -0.33 -0.369 -0.413 -0.443 -0.465 -0.473 -0.472 -0.463 -0.437 -0.404 -0.367 -0.347 -0.33 -0.31 -0.309 -0.304 -0.291 -0.266 -0.239 -0.23 -0.249 -0.292 -0.286 -0.261 -0.234 -0.228
-0.461 -0.455 -0.44 -0.394 -0.324 -0.235 -0.141 -0.066 -0.023 0.001 -0.003 -0.043 -0.123 -0.209 -0.265 -0.275 -0.25 -0.215 -0.18 -0.151 -0.125 -0.096 -0.061 -0.023 0.004 0.008 -0.024 -0.094 -0.17 -0.25 -0.311 -0.34 -0.32 -0.302 -0.28 -0.261 -0.263 -0.297 -0.347 -0.399 -0.444 -0.48 -0.497 -0.484 -0.428 -0.364 -0.308 -0.264 -0.247 -0.273 -0.314 -0.364 -0.406 -0.436 -0.453 -0.459 -0.454 -0.441 -0.413 -0.377 -0.344 -0.323 -0.284 -0.254 -0.257 -0.238 -0.211 -0.192 -0.167 -0.155 -0.194 -0.264 -0.279 -0.257 -0.21 -0.2
-0.431 -0.43 -0.44 -0.4 -0.341 -0.263 -0.183 -0.124 -0.097 -0.09 -0.106 -0.155 -0.209 -0.223 -0.194 -0.163 -0.12 -0.069 -0.027 0.008 0.027 0.053 0.076 0.097 0.101 0.09 0.04 -0.027 -0.108 -0.201 -0.309 -0.399 -0.429 -0.418 -0.386 -0.378 -0.4 -0.433 -0.465 -0.496 -0.521 -0.536 -0.53 -0.482 -0.406 -0.334 -0.271 -0.229 -0.217 -0.233 -0.277 -0.345 -0.396 -0.432 -0.442 -0.443 -0.432 -0.416 -0.391 -0.357 -0.324 -0.286 -0.243 -0.204 -0.203 -0.152 -0.13 -0.114 -0.086 -0.086 -0.157 -0.225 -0.229 -0.237 -0.193 -0.177
-0.399 -0.416 -0.42 -0.392 -0.346 -0.286 -0.228 -0.194 -0.191 -0.2 -0.224 -0.226 -0.196 -0.153 -0.099 -0.03 0.032 0.085 0.117 0.135 0.139 0.145 0.159 0.177 0.181 0.145 0.095 0.051 -0.052 -0.198 -0.35 -0.453 -0.494 -0.496 -0.483 -0.493 -0.52 -0.539 -0.555 -0.564 -0.566 -0.555 -0.525 -0.458 -0.378 -0.305 -0.246 -0.193 -0.181 -0.208 -0.272 -0.345 -0.398 -0.43 -0.44 -0.428 -0.415 -0.395 -0.362 -0.332 -0.286 -0.227 -0.191 -0.136 -0.137 -0.07 -0.036 -0.015 0.014 -0.03 -0.104 -0.175 -0.178 -0.196 -0.196 -0.177
-0.371 -0.386 -0.389 -0.367 -0.336 -0.302 -0.275 -0.271 -0.278 -0.27 -0.236 -0.195 -0.144 -0.075 0.008 0.092 0.156 0.186 0.191 0.179 0.184 0.205 0.227 0.225 0.194 0.158 0.137 0.043 -0.096 -0.259 -0.391 -0.484 -0.532 -0.562 -0.575 -0.584 -0.598 -0.608 -0.606 -0.59 -0.575 -0.543 -0.505 -0.433 -0.356 -0.276 -0.207 -0.173 -0.163 -0.201 -0.291 -0.357 -0.404 -0.431 -0.438 -0.423 -0.405 -0.382 -0.337 -0.292 -0.224 -0.177 -0.151 -0.11 -0.061 0.001 0.061 0.082 0.097 0.049 -0.026 -0.098 -0.171 -0.198 -0.193 -0.164
-0.33 -0.342 -0.343 -0.329 -0.316 -0.308 -0.302 -0.294 -0.263 -0.235 -0.2 -0.151 -0.08 0.02 0.109 0.175 0.2 0.199 0.188 0.179 0.207 0.207 0.183 0.156 0.145 0.127 0.06 -0.075 -0.215 -0.328 -0.433 -0.517 -0.57 -0.6 -0.622 -0.633 -0.642 -0.641 -0.611 -0.584 -0.576 -0.536 -0.489 -0.413 -0.334 -0.267 -0.215 -0.198 -0.205 -0.268 -0.335 -0.38 -0.415 -0.436 -0.437 -0.418 -0.397 -0.37 -0.327 -0.268 -0.206 -0.157 -0.124 -0.068 0.008 0.066 0.149 0.185 0.175 0.132 0.061 0.003 -0.097 -0.145 -0.173 -0.14
-0.277 -0.286 -0.286 -0.278 -0.282 -0.289 -0.271 -0.25 -0.227 -0.194 -0.146 -0.085 0 0.103 0.174 0.189 0.182 0.165 0.149 0.151 0.148 0.12 0.09 0.081 0.064 0.004 -0.1 -0.215 -0.307 -0.393 -0.474 -0.543 -0.59 -0.62 -0.645 -0.657 -0.661 -0.652 -0.622 -0.602 -0.575 -0.528 -0.471 -0.405 -0.343 -0.291 -0.266 -0.276 -0.308 -0.344 -0.376 -0.403 -0.429 -0.442 -0.437 -0.415 -0.39 -0.359 -0.311 -0.26 -0.211 -0.147 -0.106 -0.018 0.054 0.132 0.218 0.28 0.253 0.229 0.145 0.075 -0.014 -0.057 -0.13 -0.12
-0.214 -0.217 -0.214 -0.211 -0.214 -0.213 -0.207 -0.205 -0.19 -0.157 -0.104 -0.033 0.067 0.146 0.173 0.165 0.139 0.108 0.089 0.081 0.065 0.044 0.02 -0.01 -0.07 -0.165 -0.26 -0.331 -0.397 -0.453 -0.5 -0.545 -0.588 -0.618 -0.654 -0.665 -0.663 -0.646 -0.619 -0.588 -0.558 -0.518 -0.464 -0.413 -0.378 -0.355 -0.361 -0.369 -0.379 -0.388 -0.403 -0.425 -0.441 -0.445 -0.435 -0.413 -0.386 -0.349 -0.283 -0.237 -0.197 -0.143 -0.08 0.013 0.092 0.197 0.282 0.335 0.317 0.298 0.221 0.156 0.068 0.013 -0.071 -0.081
-0.146 -0.146 -0.135 -0.115 -0.11 -0.122 -0.146 -0.17 -0.175 -0.15 -0.093 0.002 0.101 0.143 0.147 0.122 0.08 0.042 0.021 0.014 0.008 -0.015 -0.066 -0.141 -0.224 -0.315 -0.382 -0.434 -0.475 -0.501 -0.524 -0.561 -0.604 -0.64 -0.661 -0.663 -0.647 -0.618 -0.585 -0.555 -0.535 -0.522 -0.498 -0.474 -0.466 -0.447 -0.43 -0.419 -0.409 -0.404 -0.421 -0.437 -0.446 -0.443 -0.432 -0.411 -0.381 -0.335 -0.259 -0.213 -0.181 -0.121 -0.041 0.036 0.118 0.227 0.327 0.381 0.377 0.352 0.291 0.23 0.134 0.064 0.004 0.004
-0.072 -0.067 -0.041 -0.018 -0.029 -0.063 -0.116 -0.159 -0.175 -0.155 -0.088 0.031 0.113 0.127 0.117 0.076 0.013 -0.03 -0.046 -0.044 -0.055 -0.103 -0.192 -0.28 -0.36 -0.429 -0.487 -0.522 -0.532 -0.532 -0.557 -0.593 -0.622 -0.647 -0.662 -0.654 -0.624 -0.59 -0.558 -0.539 -0.542 -0.553 -0.554 -0.549 -0.523 -0.49 -0.468 -0.446 -0.418 -0.411 -0.426 -0.439 -0.443 -0.438 -0.427 -0.406 -0.375 -0.327 -0.262 -0.208 -0.169 -0.099 -0.004 0.084 0.178 0.272 0.347 0.425 0.411 0.377 0.329 0.268 0.197 0.146 0.1 0.096
0.005 0.017 0.039 0.03 -0.014 -0.079 -0.146 -0.194 -0.204 -0.179 -0.085 0.047 0.111 0.107 0.087 0.014 -0.064 -0.109 -0.122 -0.126 -0.173 -0.242 -0.317 -0.387 -0.458 -0.524 -0.573 -0.584 -0.577 -0.578 -0.596 -0.612 -0.631 -0.651 -0.662 -0.646 -0.61 -0.576 -0.544 -0.536 -0.559 -0.576 -0.585 -0.574 -0.541 -0.509 -0.482 -0.455 -0.418 -0.411 -0.422 -0.43 -0.437 -0.43 -0.42 -0.4 -0.367 -0.319 -0.274 -0.221 -0.166 -0.082 0.012 0.118 0.237 0.333 0.39 0.448 0.422 0.404 0.375 0.337 0.293 0.26 0.215 0.206
0.087 0.088 0.067 0.015 -0.07 -0.165 -0.244 -0.296 -0.288 -0.221 -0.076 0.051 0.088 0.069 0.021 -0.074 -0.16 -0.207 -0.234 -0.269 -0.317 -0.361 -0.408 -0.471 -0.538 -0.598 -0.63 -0.636 -0.635 -0.633 -0.63 -0.63 -0.641 -0.655 -0.66 -0.643 -0.609 -0.575 -0.539 -0.542 -0.563 -0.582 -0.597 -0.585 -0.549 -0.517 -0.483 -0.448 -0.41 -0.406 -0.408 -0.414 -0.427 -0.423 -0.41 -0.394 -0.361 -0.32 -0.277 -0.225 -0.159 -0.075 0.014 0.132 0.274 0.361 0.417 0.455 0.436 0.441 0.428 0.419 0.401 0.369 0.334 0.328
0.151 0.125 0.057 -0.05 -0.179 -0.292 -0.364 -0.387 -0.34 -0.225 -0.063 0.031 0.042 0.009 -0.077 -0.188 -0.286 -0.342 -0.376 -0.4 -0.42 -0.444 -0.484 -0.538 -0.597 -0.644 -0.672 -0.686 -0.682 -0.666 -0.652 -0.644 -0.648 -0.653 -0.646 -0.624 -0.603 -0.578 -0.551 -0.554 -0.568 -0.586 -0.595 -0.584 -0.55 -0.514 -0.471 -0.439 -0.417 -0.409 -0.396 -0.406 -0.42 -0.414 -0.396 -0.38 -0.348 -0.317 -0.283 -0.236 -0.158 -0.107 -0.002 0.134 0.258 0.344 0.414 0.444 0.431 0.451 0.459 0.485 0.494 0.466 0.455 0.452
0.187 0.114 -0.008 -0.15 -0.289 -0.392 -0.434 -0.415 -0.326 -0.192 -0.05 0.001 -0.014 -0.085 -0.207 -0.315 -0.398 -0.447 -0.47 -0.48 -0.489 -0.507 -0.538 -0.579 -0.621 -0.664 -0.697 -0.706 -0.699 -0.682 -0.664 -0.651 -0.645 -0.637 -0.609 -0.584 -0.566 -0.546 -0.529 -0.532 -0.55 -0.566 -0.567 -0.557 -0.527 -0.495 -0.465 -0.439 -0.424 -0.414 -0.405 -0.41 -0.416 -0.405 -0.387 -0.361 -0.322 -0.29 -0.27 -0.244 -0.184 -0.134 -0.024 0.11 0.193 0.296 0.371 0.411 0.396 0.416 0.453 0.482 0.525 0.563 0.568 0.583
0.178 0.068 -0.087 -0.248 -0.379 -0.453 -0.452 -0.383 -0.265 -0.125 -0.047 -0.063 -0.1 -0.203 -0.314 -0.408 -0.476 -0.51 -0.523 -0.534 -0.538 -0.547 -0.563 -0.583 -0.617 -0.667 -0.692 -0.706 -0.701 -0.685 -0.665 -0.647 -0.631 -0.604 -0.553 -0.522 -0.487 -0.468 -0.463 -0.483 -0.509 -0.524 -0.529 -0.512 -0.493 -0.475 -0.468 -0.448 -0.429 -0.419 -0.415 -0.409 -0.404 -0.389 -0.368 -0.32 -0.273 -0.234 -0.231 -0.239 -0.196 -0.127 -0.023 0.067 0.116 0.208 0.282 0.32 0.318 0.372 0.377 0.41 0.464 0.518 0.587 0.629
0.149 0.006 -0.17 -0.329 -0.439 -0.475 -0.419 -0.31 -0.18 -0.082 -0.092 -0.126 -0.19 -0.298 -0.395 -0.478 -0.525 -0.526 -0.552 -0.571 -0.562 -0.543 -0.546 -0.562 -0.618 -0.656 -0.677 -0.696 -0.694 -0.678 -0.656 -0.628 -0.6 -0.542 -0.491 -0.435 -0.391 -0.355 -0.347 -0.381 -0.432 -0.456 -0.474 -0.482 -0.477 -0.466 -0.461 -0.44 -0.424 -0.422 -0.414 -0.393 -0.377 -0.357 -0.309 -0.283 -0.228 -0.199 -0.183 -0.21 -0.178 -0.12 -0.049 -0.018 0.025 0.131 0.202 0.193 0.211 0.236 0.286 0.377 0.445 0.568 0.628 0.712
0.094 -0.07 -0.244 -0.384 -0.46 -0.446 -0.35 -0.225 -0.139 -0.123 -0.158 -0.198 -0.282 -0.371 -0.461 -0.522 -0.539 -0.573 -0.594 -0.588 -0.556 -0.527 -0.532 -0.577 -0.615 -0.646 -0.673 -0.686 -0.681 -0.662 -0.628 -0.593 -0.554 -0.487 -0.415 -0.333 -0.26 -0.216 -0.222 -0.251 -0.305 -0.324 -0.339 -0.371 -0.415 -0.442 -0.45 -0.438 -0.423 -0.419 -0.399 -0.36 -0.315 -0.302 -0.272 -0.224 -0.146 -0.136 -0.088 -0.152 -0.177 -0.131 -0.124 -0.106 -0.016 0.047 0.088 0.06 0.084 0.135 0.24 0.351 0.437 0.532 0.686 0.766
0.015 -0.146 -0.306 -0.418 -0.456 -0.398 -0.289 -0.21 -0.181 -0.195 -0.235 -0.291 -0.358 -0.442 -0.522 -0.561 -0.59 -0.617 -0.617 -0.587 -0.546 -0.535 -0.559 -0.586 -0.603 -0.638 -0.666 -0.676 -0.665 -0.633 -0.601 -0.569 -0.496 -0.414 -0.328 -0.235 -0.14 -0.097 -0.109 -0.151 -0.196 -0.224 -0.252 -0.292 -0.341 -0.383 -0.414 -0.434 -0.435 -0.409 -0.364 -0.306 -0.241 -0.215 -0.2 -0.147 -0.082 -0.057 0.004 -0.046 -0.145 -0.176 -0.179 -0.132 -0.069 -0.037 -0.05 -0.052 0.02 0.076 0.138 0.25 0.399 0.525 0.625 0.766
-0.08 -0.232 -0.365 -0.441 -0.452 -0.386 -0.304 -0.258 -0.253 -0.282 -0.323 -0.375 -0.437 -0.511 -0.574 -0.618 -0.643 -0.65 -0.636 -0.601 -0.575 -0.566 -0.583 -0.594 -0.611 -0.642 -0.663 -0.667 -0.642 -0.608 -0.59 -0.518 -0.436 -0.339 -0.243 -0.145 -0.057 -0.044 -0.044 -0.101 -0.139 -0.166 -0.196 -0.251 -0.305 -0.351 -0.393 -0.417 -0.414 -0.376 -0.298 -0.22 -0.159 -0.123 -0.131 -0.057 0.006 0.045 0.12 0.062 -0.06 -0.143 -0.188 -0.174 -0.151 -0.153 -0.151 -0.119 -0.064 -0.036 0.068 0.194 0.382 0.542 0.64 0.737
-0.198 -0.329 -0.431 -0.479 -0.476 -0.428 -0.369 -0.336 -0.34 -0.364 -0.404 -0.455 -0.513 -0.57 -0.617 -0.649 -0.668 -0.672 -0.662 -0.639 -0.62 -0.611 -0.611 -0.619 -0.633 -0.653 -0.667 -0.659 -0.622 -0.603 -0.58 -0.492 -0.412 -0.305 -0.203 -0.116 -0.065 -0.062 -0.083 -0.115 -0.147 -0.172 -0.208 -0.267 -0.309 -0.361 -0.401 -0.409 -0.387 -0.307 -0.214 -0.127 -0.079 -0.054 -0.037 0.039 0.109 0.179 0.206 0.147 0.074 -0.06 -0.127 -0.169 -0.187 -0.196 -0.184 -0.176 -0.136 -0.06 0.038 0.159 0.347 0.534 0.667 0.777
-0.333 -0.441 -0.514 -0.541 -0.529 -0.492 -0.45 -0.423 -0.42 -0.441 -0.479 -0.526 -0.574 -0.617 -0.65 -0.671 -0.683 -0.685 -0.677 -0.666 -0.654 -0.644 -0.641 -0.645 -0.654 -0.666 -0.672 -0.654 -0.623 -0.6 -0.58 -0.514 -0.426 -0.339 -0.257 -0.177 -0.133 -0.139 -0.137 -0.153 -0.186 -0.23 -0.267 -0.305 -0.347 -0.407 -0.436 -0.427 -0.375 -0.27 -0.17 -0.088 -0.019 0.026 0.088 0.16 0.22 0.294 0.305 0.276 0.19 0.045 -0.007 -0.074 -0.123 -0.166 -0.195 -0.209 -0.163 -0.082 0.007 0.119 0.306 0.506 0.596 0.717
-0.471 -0.557 -0.602 -0.609 -0.587 -0.552 -0.517 -0.495 -0.494 -0.513 -0.545 -0.582 -0.618 -0.648 -0.67 -0.683 -0.689 -0.687 -0.679 -0.672 -0.666 -0.661 -0.662 -0.664 -0.669 -0.674 -0.675 -0.655 -0.631 -0.604 -0.594 -0.548 -0.465 -0.398 -0.318 -0.25 -0.217 -0.22 -0.211 -0.228 -0.261 -0.3 -0.328 -0.357 -0.398 -0.464 -0.483 -0.475 -0.41 -0.325 -0.184 -0.061 0.042 0.049 0.135 0.216 0.307 0.363 0.409 0.36 0.259 0.172 0.136 0.044 -0.017 -0.058 -0.122 -0.207 -0.208 -0.136 -0.056 0.068 0.234 0.427 0.504 0.65
-0.59 -0.649 -0.67 -0.66 -0.632 -0.599 -0.572 -0.557 -0.559 -0.574 -0.597 -0.622 -0.645 -0.663 -0.675 -0.683 -0.685 -0.677 -0.664 -0.662 -0.664 -0.666 -0.669 -0.671 -0.673 -0.674 -0.671 -0.657 -0.646 -0.626 -0.622 -0.579 -0.521 -0.462 -0.388 -0.331 -0.309 -0.318 -0.331 -0.345 -0.371 -0.393 -0.411 -0.435 -0.469 -0.507 -0.523 -0.518 -0.481 -0.404 -0.257 -0.113 -0.003 -0.01 0.1 0.192 0.309 0.42 0.446 0.384 0.371 0.313 0.27 0.167 0.126 0.073 0.016 -0.134 -0.204 -0.156 -0.079 0.047 0.173 0.32 0.413 0.581
