data/climatemaps/RS_maps/climate_breeding_pr_2006.asc
NCOLS 369 
NROWS 228 
XLLCORNER 479000 
YLLCORNER 73000 
CELLSIZE 1000 
NODATA_value -9 
[rows 33 to 65 of 228, columns 228 to 303 of 369]
-1.099 -1.103 -1.114 -1.111 -1.093 -1.063 -1.022 -0.965 -0.895 -0.831 -0.801 -0.814 -0.856 -0.909 -0.952 -0.984 -1.007 -1.021 -1.024 -1.024 -1.019 -1.012 -1.001 -0.985 -0.961 -0.936 -0.909 -0.871 -0.837 -0.813 -0.804 -0.803 -0.804 -0.809 -0.81 -0.812 -0.813 -0.816 -0.819 -0.821 -0.822 -0.819 -0.813 -0.805 -0.795 -0.783 -0.768 -0.751 -0.731 -0.711 -0.691 -0.671 -0.653 -0.636 -0.621 -0.604 -0.584 -0.555 -0.518 -0.475 -0.432 -0.393 -0.365 -0.344 -0.328 -0.304 -0.253 -0.129 0.128 -9 -9 -9 -9 -9 -9 -9
-1.035 -1.041 -1.066 -1.079 -1.072 -1.049 -1.016 -0.96 -0.89 -0.826 -0.797 -0.812 -0.844 -0.874 -0.9 -0.92 -0.923 -0.928 -0.94 -0.949 -0.951 -0.962 -0.961 -0.951 -0.933 -0.905 -0.87 -0.829 -0.792 -0.763 -0.755 -0.756 -0.758 -0.764 -0.767 -0.774 -0.779 -0.782 -0.785 -0.788 -0.79 -0.791 -0.788 -0.782 -0.775 -0.765 -0.753 -0.738 -0.72 -0.702 -0.683 -0.665 -0.648 -0.632 -0.617 -0.601 -0.581 -0.551 -0.513 -0.468 -0.422 -0.38 -0.35 -0.327 -0.311 -0.289 -0.239 -0.098 0.17 0.49 -9 -9 -9 -9 -9 -9
-0.966 -0.98 -1.005 -1.039 -1.056 -1.047 -1.022 -0.963 -0.898 -0.856 -0.847 -0.848 -0.857 -0.863 -0.861 -0.847 -0.829 -0.823 -0.828 -0.851 -0.864 -0.879 -0.886 -0.886 -0.877 -0.856 -0.817 -0.782 -0.752 -0.729 -0.718 -0.713 -0.711 -0.717 -0.723 -0.73 -0.737 -0.743 -0.747 -0.751 -0.754 -0.756 -0.756 -0.755 -0.751 -0.744 -0.734 -0.721 -0.706 -0.69 -0.673 -0.657 -0.642 -0.627 -0.612 -0.596 -0.575 -0.546 -0.506 -0.459 -0.41 -0.366 -0.331 -0.306 -0.288 -0.267 -0.216 -0.065 0.218 0.524 -9 -9 -9 -9 -9 -9
-0.899 -0.919 -0.952 -0.999 -1.035 -1.045 -1.034 -1.001 -0.959 -0.925 -0.902 -0.881 -0.865 -0.847 -0.809 -0.765 -0.731 -0.715 -0.717 -0.735 -0.752 -0.772 -0.782 -0.782 -0.784 -0.792 -0.764 -0.733 -0.711 -0.699 -0.689 -0.677 -0.67 -0.672 -0.68 -0.686 -0.695 -0.704 -0.71 -0.714 -0.718 -0.72 -0.721 -0.723 -0.722 -0.718 -0.711 -0.701 -0.688 -0.674 -0.66 -0.645 -0.632 -0.619 -0.605 -0.589 -0.568 -0.538 -0.497 -0.448 -0.397 -0.35 -0.312 -0.283 -0.262 -0.238 -0.186 -0.044 0.25 0.531 0.695 -9 -9 -9 -9 -9
-0.823 -0.849 -0.906 -0.961 -1.002 -1.022 -1.024 -1.012 -0.99 -0.959 -0.929 -0.899 -0.869 -0.821 -0.761 -0.698 -0.638 -0.602 -0.606 -0.625 -0.642 -0.659 -0.671 -0.684 -0.69 -0.708 -0.716 -0.686 -0.674 -0.671 -0.657 -0.641 -0.63 -0.626 -0.63 -0.634 -0.643 -0.653 -0.663 -0.672 -0.678 -0.682 -0.684 -0.685 -0.687 -0.686 -0.683 -0.675 -0.665 -0.653 -0.641 -0.629 -0.616 -0.605 -0.592 -0.578 -0.557 -0.528 -0.486 -0.436 -0.383 -0.333 -0.291 -0.256 -0.23 -0.204 -0.144 -0.005 0.268 0.493 0.603 0.713 -9 -9 -9 -9
-0.757 -0.802 -0.867 -0.915 -0.956 -0.987 -1.003 -0.997 -0.978 -0.956 -0.935 -0.911 -0.864 -0.8 -0.721 -0.644 -0.576 -0.526 -0.529 -0.543 -0.553 -0.568 -0.582 -0.6 -0.612 -0.631 -0.664 -0.656 -0.654 -0.634 -0.608 -0.591 -0.585 -0.58 -0.578 -0.576 -0.582 -0.59 -0.6 -0.612 -0.622 -0.631 -0.637 -0.641 -0.646 -0.648 -0.649 -0.644 -0.636 -0.626 -0.615 -0.604 -0.593 -0.583 -0.573 -0.56 -0.541 -0.512 -0.471 -0.421 -0.366 -0.314 -0.268 -0.23 -0.199 -0.168 -0.102 0.043 0.241 0.411 0.528 0.641 -9 -9 -9 -9
-0.72 -0.76 -0.814 -0.86 -0.895 -0.941 -0.962 -0.966 -0.96 -0.948 -0.932 -0.906 -0.857 -0.778 -0.704 -0.617 -0.537 -0.507 -0.505 -0.488 -0.496 -0.508 -0.52 -0.544 -0.556 -0.573 -0.616 -0.629 -0.609 -0.576 -0.548 -0.527 -0.521 -0.511 -0.511 -0.512 -0.516 -0.527 -0.537 -0.546 -0.556 -0.568 -0.575 -0.583 -0.596 -0.604 -0.608 -0.605 -0.597 -0.587 -0.577 -0.568 -0.561 -0.553 -0.545 -0.534 -0.516 -0.488 -0.45 -0.4 -0.346 -0.292 -0.245 -0.204 -0.17 -0.136 -0.078 0.036 0.19 0.366 0.543 0.724 -9 -9 -9 -9
-0.643 -0.671 -0.728 -0.796 -0.836 -0.856 -0.884 -0.908 -0.92 -0.923 -0.917 -0.894 -0.85 -0.773 -0.692 -0.617 -0.554 -0.521 -0.511 -0.489 -0.499 -0.505 -0.51 -0.522 -0.524 -0.542 -0.583 -0.587 -0.554 -0.53 -0.502 -0.474 -0.452 -0.428 -0.423 -0.433 -0.456 -0.473 -0.483 -0.491 -0.499 -0.508 -0.513 -0.523 -0.539 -0.552 -0.555 -0.553 -0.54 -0.523 -0.508 -0.504 -0.509 -0.508 -0.508 -0.499 -0.481 -0.456 -0.42 -0.373 -0.319 -0.266 -0.219 -0.177 -0.142 -0.108 -0.058 0.039 0.216 0.441 0.661 0.848 -9 -9 -9 -9
-0.543 -0.587 -0.641 -0.708 -0.755 -0.773 -0.795 -0.828 -0.857 -0.877 -0.882 -0.867 -0.828 -0.758 -0.686 -0.633 -0.579 -0.56 -0.56 -0.541 -0.543 -0.537 -0.523 -0.512 -0.518 -0.544 -0.561 -0.551 -0.522 -0.497 -0.463 -0.422 -0.38 -0.335 -0.319 -0.333 -0.371 -0.418 -0.441 -0.446 -0.449 -0.455 -0.457 -0.469 -0.484 -0.49 -0.485 -0.475 -0.445 -0.414 -0.396 -0.411 -0.44 -0.448 -0.452 -0.448 -0.435 -0.415 -0.381 -0.337 -0.286 -0.235 -0.187 -0.147 -0.112 -0.08 -0.036 0.061 0.253 0.49 0.727 0.905 0.918 -9 -9 -9
-0.464 -0.491 -0.543 -0.581 -0.651 -0.692 -0.718 -0.759 -0.788 -0.822 -0.83 -0.815 -0.79 -0.743 -0.694 -0.652 -0.62 -0.615 -0.606 -0.589 -0.573 -0.551 -0.533 -0.523 -0.535 -0.543 -0.534 -0.512 -0.486 -0.46 -0.424 -0.367 -0.298 -0.238 -0.212 -0.223 -0.285 -0.361 -0.403 -0.402 -0.4 -0.397 -0.399 -0.416 -0.421 -0.41 -0.393 -0.364 -0.318 -0.292 -0.299 -0.33 -0.352 -0.355 -0.352 -0.354 -0.354 -0.355 -0.333 -0.295 -0.247 -0.198 -0.152 -0.113 -0.082 -0.055 -0.016 0.058 0.228 0.483 0.738 0.901 0.916 -9 -9 -9
-0.4 -0.418 -0.459 -0.488 -0.539 -0.6 -0.66 -0.702 -0.739 -0.768 -0.758 -0.744 -0.734 -0.712 -0.687 -0.67 -0.651 -0.631 -0.612 -0.599 -0.584 -0.563 -0.548 -0.537 -0.524 -0.502 -0.49 -0.471 -0.445 -0.426 -0.385 -0.314 -0.239 -0.169 -0.126 -0.144 -0.219 -0.319 -0.358 -0.338 -0.343 -0.34 -0.346 -0.363 -0.34 -0.31 -0.289 -0.249 -0.208 -0.204 -0.223 -0.234 -0.24 -0.24 -0.226 -0.228 -0.24 -0.257 -0.26 -0.247 -0.205 -0.159 -0.115 -0.079 -0.052 -0.031 0 0.061 0.211 0.438 0.673 0.838 0.955 -9 -9 -9
-0.417 -0.378 -0.423 -0.42 -0.46 -0.51 -0.556 -0.616 -0.676 -0.703 -0.684 -0.679 -0.666 -0.658 -0.648 -0.642 -0.62 -0.595 -0.574 -0.561 -0.553 -0.539 -0.524 -0.499 -0.465 -0.445 -0.443 -0.436 -0.423 -0.399 -0.353 -0.285 -0.208 -0.144 -0.105 -0.135 -0.199 -0.288 -0.312 -0.289 -0.302 -0.288 -0.295 -0.292 -0.249 -0.223 -0.204 -0.167 -0.13 -0.117 -0.136 -0.149 -0.151 -0.164 -0.135 -0.133 -0.166 -0.188 -0.21 -0.204 -0.164 -0.12 -0.079 -0.047 -0.024 -0.009 0.015 0.073 0.248 0.483 0.712 0.91 1.063 -9 -9 -9
-0.448 -0.392 -0.398 -0.348 -0.366 -0.406 -0.458 -0.528 -0.605 -0.631 -0.618 -0.607 -0.586 -0.582 -0.575 -0.584 -0.568 -0.541 -0.51 -0.477 -0.479 -0.473 -0.458 -0.435 -0.406 -0.398 -0.396 -0.396 -0.398 -0.373 -0.331 -0.273 -0.198 -0.147 -0.103 -0.142 -0.209 -0.287 -0.286 -0.276 -0.27 -0.235 -0.216 -0.226 -0.197 -0.186 -0.142 -0.094 -0.048 -0.038 -0.056 -0.072 -0.077 -0.109 -0.1 -0.119 -0.172 -0.202 -0.199 -0.171 -0.128 -0.085 -0.047 -0.019 0 0.01 0.03 0.087 0.274 0.551 0.812 1.018 1.14 -9 -9 -9
-0.468 -0.416 -0.37 -0.303 -0.284 -0.307 -0.374 -0.446 -0.519 -0.535 -0.527 -0.509 -0.489 -0.49 -0.484 -0.508 -0.514 -0.483 -0.447 -0.413 -0.396 -0.377 -0.362 -0.362 -0.351 -0.343 -0.34 -0.349 -0.356 -0.336 -0.305 -0.268 -0.217 -0.173 -0.171 -0.206 -0.26 -0.29 -0.272 -0.258 -0.211 -0.155 -0.124 -0.127 -0.118 -0.129 -0.08 -0.042 0.001 0.028 0.027 -0.007 -0.041 -0.086 -0.111 -0.137 -0.187 -0.206 -0.184 -0.145 -0.1 -0.057 -0.021 0.004 0.02 0.032 0.053 0.111 0.308 0.583 0.849 1.055 1.122 -9 -9 -9
-0.444 -0.389 -0.327 -0.262 -0.224 -0.229 -0.273 -0.34 -0.41 -0.427 -0.429 -0.412 -0.405 -0.403 -0.403 -0.431 -0.451 -0.405 -0.358 -0.318 -0.282 -0.26 -0.246 -0.253 -0.261 -0.277 -0.276 -0.293 -0.307 -0.304 -0.295 -0.267 -0.235 -0.217 -0.249 -0.276 -0.293 -0.277 -0.26 -0.221 -0.159 -0.098 -0.043 -0.017 -0.021 -0.054 -0.031 0.005 0.049 0.074 0.084 0.053 0.006 -0.043 -0.094 -0.132 -0.172 -0.186 -0.172 -0.129 -0.082 -0.039 -0.005 0.018 0.037 0.058 0.09 0.156 0.317 0.547 0.775 1.018 1.116 -9 -9 -9
-0.42 -0.367 -0.309 -0.22 -0.162 -0.149 -0.16 -0.225 -0.293 -0.305 -0.322 -0.311 -0.314 -0.311 -0.323 -0.368 -0.39 -0.337 -0.271 -0.216 -0.156 -0.134 -0.117 -0.134 -0.15 -0.18 -0.203 -0.225 -0.243 -0.252 -0.259 -0.251 -0.25 -0.26 -0.277 -0.299 -0.29 -0.262 -0.242 -0.196 -0.134 -0.069 -0.005 0.031 0.043 0.044 0.052 0.069 0.097 0.123 0.087 0.025 -0.037 -0.109 -0.184 -0.224 -0.23 -0.209 -0.17 -0.123 -0.074 -0.03 0.003 0.028 0.055 0.095 0.147 0.227 0.321 0.456 0.646 0.888 1.041 1.005 -9 -9
-0.379 -0.321 -0.276 -0.192 -0.112 -0.062 -0.059 -0.105 -0.16 -0.18 -0.194 -0.206 -0.219 -0.23 -0.247 -0.318 -0.339 -0.292 -0.242 -0.181 -0.108 -0.041 -0.009 0.015 -0.003 -0.04 -0.071 -0.117 -0.147 -0.158 -0.18 -0.18 -0.205 -0.229 -0.244 -0.276 -0.28 -0.258 -0.231 -0.183 -0.131 -0.084 -0.026 0.035 0.097 0.134 0.154 0.186 0.182 0.138 0.049 -0.066 -0.161 -0.236 -0.279 -0.279 -0.257 -0.221 -0.175 -0.122 -0.071 -0.025 0.009 0.042 0.088 0.162 0.256 0.389 0.415 0.42 0.531 0.745 0.932 1.015 -9 -9
-0.293 -0.247 -0.196 -0.121 -0.051 0.008 0.039 0.006 -0.023 -0.051 -0.09 -0.13 -0.158 -0.185 -0.215 -0.262 -0.303 -0.262 -0.179 -0.105 -0.012 0.053 0.106 0.147 0.137 0.108 0.082 0.024 -0.03 -0.049 -0.093 -0.116 -0.134 -0.158 -0.186 -0.239 -0.256 -0.269 -0.241 -0.208 -0.17 -0.117 -0.042 0.036 0.106 0.168 0.232 0.277 0.221 0.097 -0.038 -0.167 -0.262 -0.307 -0.319 -0.304 -0.273 -0.23 -0.178 -0.123 -0.071 -0.023 0.019 0.072 0.161 0.327 0.513 0.676 0.655 0.499 0.532 0.691 0.876 1.032 -9 -9
-0.231 -0.174 -0.118 -0.04 0.045 0.095 0.133 0.142 0.1 0.083 0.03 -0.015 -0.06 -0.115 -0.158 -0.223 -0.262 -0.245 -0.179 -0.094 0.007 0.083 0.165 0.227 0.251 0.244 0.215 0.16 0.122 0.084 0.007 -0.055 -0.077 -0.096 -0.142 -0.206 -0.216 -0.269 -0.26 -0.229 -0.204 -0.154 -0.082 -0.02 0.054 0.179 0.26 0.283 0.201 0.077 -0.085 -0.228 -0.299 -0.332 -0.338 -0.318 -0.28 -0.232 -0.178 -0.123 -0.069 -0.016 0.042 0.135 0.309 0.583 0.857 0.959 0.886 0.692 0.671 0.791 0.937 1.049 -9 -9
-0.16 -0.076 -0.015 0.037 0.108 0.177 0.244 0.248 0.196 0.153 0.096 0.031 -0.023 -0.067 -0.117 -0.175 -0.223 -0.188 -0.13 -0.088 -0.004 0.106 0.187 0.259 0.326 0.351 0.351 0.309 0.289 0.211 0.105 0.033 -0.025 -0.064 -0.133 -0.178 -0.186 -0.248 -0.262 -0.212 -0.188 -0.174 -0.145 -0.08 0.023 0.111 0.168 0.24 0.187 0.04 -0.125 -0.255 -0.32 -0.348 -0.349 -0.324 -0.281 -0.228 -0.172 -0.117 -0.061 0.002 0.088 0.244 0.5 0.828 1.12 1.17 1.097 0.911 0.858 0.924 1.05 1.163 -9 -9
-0.079 -0.044 0.028 0.075 0.155 0.224 0.32 0.314 0.293 0.229 0.178 0.101 0.066 0.009 -0.036 -0.108 -0.175 -0.126 -0.053 -0.018 0.01 0.113 0.202 0.289 0.37 0.437 0.489 0.443 0.424 0.334 0.21 0.127 0.021 -0.069 -0.116 -0.133 -0.158 -0.223 -0.255 -0.214 -0.198 -0.16 -0.132 -0.107 -0.059 0.007 0.089 0.146 0.107 -0.017 -0.17 -0.282 -0.335 -0.358 -0.357 -0.327 -0.278 -0.221 -0.163 -0.105 -0.041 0.04 0.172 0.394 0.695 1.043 1.305 1.31 1.207 1.088 1.087 1.137 1.287 -9 -9 -9
0.012 0.048 0.104 0.141 0.186 0.254 0.334 0.342 0.369 0.358 0.308 0.229 0.212 0.124 0.048 -0.044 -0.12 -0.09 -0.002 0.047 0.045 0.168 0.249 0.33 0.407 0.524 0.591 0.57 0.528 0.456 0.328 0.19 0.043 -0.056 -0.074 -0.068 -0.083 -0.156 -0.227 -0.249 -0.229 -0.208 -0.166 -0.143 -0.122 -0.049 0.043 0.104 0.067 -0.045 -0.184 -0.293 -0.342 -0.365 -0.362 -0.329 -0.274 -0.211 -0.151 -0.088 -0.008 0.114 0.351 0.631 0.917 1.222 1.323 1.292 1.292 1.281 1.317 1.43 1.476 -9 -9 -9
0.062 0.163 0.242 0.273 0.319 0.297 0.339 0.385 0.425 0.46 0.423 0.37 0.373 0.257 0.153 0.039 -0.054 -0.052 0.041 0.099 0.092 0.214 0.316 0.421 0.478 0.577 0.657 0.672 0.654 0.576 0.412 0.243 0.074 -0.027 -0.032 -0.02 0.006 -0.044 -0.113 -0.201 -0.26 -0.243 -0.208 -0.189 -0.138 -0.069 0.018 0.051 -0.004 -0.096 -0.205 -0.295 -0.344 -0.37 -0.368 -0.331 -0.263 -0.185 -0.138 -0.065 0.046 0.227 0.521 0.78 1.095 1.338 1.335 1.301 1.419 1.473 1.482 1.564 1.521 -9 -9 -9
0.116 0.226 0.332 0.402 0.423 0.377 0.386 0.439 0.516 0.557 0.526 0.558 0.534 0.412 0.278 0.152 0.042 0.01 0.106 0.167 0.161 0.281 0.408 0.498 0.538 0.553 0.64 0.704 0.674 0.598 0.474 0.308 0.117 0.004 0.005 0.039 0.026 -0.024 -0.067 -0.127 -0.22 -0.263 -0.257 -0.223 -0.182 -0.135 -0.063 -0.018 -0.035 -0.106 -0.2 -0.284 -0.336 -0.377 -0.377 -0.339 -0.269 -0.186 -0.129 -0.033 0.115 0.331 0.597 0.881 1.162 1.358 1.389 1.332 1.46 1.652 1.653 1.622 1.483 -9 -9 -9
0.132 0.279 0.378 0.479 0.465 0.461 0.478 0.54 0.6 0.699 0.703 0.719 0.659 0.576 0.478 0.333 0.172 0.088 0.164 0.252 0.258 0.308 0.393 0.458 0.484 0.535 0.596 0.618 0.634 0.634 0.565 0.392 0.162 0.022 0.015 0.02 0 -0.025 -0.048 -0.084 -0.131 -0.206 -0.253 -0.259 -0.22 -0.14 -0.054 0.025 0.037 -0.039 -0.132 -0.238 -0.323 -0.386 -0.389 -0.352 -0.288 -0.208 -0.124 0.002 0.149 0.353 0.599 0.831 1.091 1.273 1.345 1.339 1.435 1.648 1.612 1.606 -9 -9 -9 -9
0.156 0.289 0.447 0.505 0.488 0.531 0.573 0.596 0.706 0.83 0.857 0.824 0.789 0.798 0.716 0.525 0.338 0.175 0.243 0.337 0.39 0.407 0.424 0.455 0.443 0.466 0.486 0.541 0.631 0.692 0.592 0.414 0.175 0.055 0.032 0.018 0.013 0.055 0.045 0.006 -0.014 -0.082 -0.182 -0.247 -0.21 -0.12 -0.006 0.1 0.1 0.044 -0.066 -0.19 -0.324 -0.398 -0.404 -0.368 -0.303 -0.223 -0.121 -0.016 0.113 0.313 0.534 0.773 0.953 1.026 1.165 1.316 1.397 1.625 1.604 -9 -9 -9 -9 -9
0.151 0.306 0.489 0.508 0.498 0.582 0.676 0.677 0.748 0.913 0.986 0.962 0.991 1.037 0.898 0.71 0.476 0.292 0.335 0.391 0.444 0.498 0.527 0.506 0.447 0.424 0.471 0.551 0.644 0.678 0.584 0.385 0.218 0.166 0.154 0.125 0.125 0.175 0.18 0.121 0.084 0.001 -0.111 -0.21 -0.206 -0.14 -0.028 0.094 0.157 0.13 -0.03 -0.184 -0.341 -0.412 -0.423 -0.388 -0.322 -0.242 -0.158 -0.071 0.046 0.246 0.49 0.605 0.747 0.866 1.01 1.174 1.332 1.593 1.743 -9 -9 -9 -9 -9
0.106 0.287 0.482 0.503 0.476 0.578 0.721 0.725 0.82 0.925 1.028 1.12 1.176 1.201 1.071 0.897 0.657 0.382 0.359 0.383 0.462 0.547 0.564 0.571 0.535 0.451 0.497 0.527 0.606 0.693 0.637 0.416 0.328 0.293 0.265 0.262 0.321 0.331 0.317 0.222 0.138 0.028 -0.05 -0.148 -0.176 -0.153 -0.052 0.09 0.205 0.127 -0.061 -0.264 -0.38 -0.433 -0.445 -0.411 -0.345 -0.267 -0.19 -0.113 -0.006 0.148 0.333 0.547 0.795 0.95 0.955 1.037 1.253 1.513 -9 -9 -9 -9 -9 -9
0.06 0.258 0.474 0.486 0.447 0.536 0.678 0.731 0.898 0.967 1.001 1.165 1.295 1.265 1.16 0.997 0.764 0.496 0.391 0.39 0.438 0.509 0.592 0.63 0.569 0.471 0.499 0.543 0.653 0.748 0.708 0.499 0.449 0.441 0.42 0.471 0.531 0.484 0.405 0.296 0.223 0.172 0.096 -0.087 -0.084 -0.103 -0.042 0.122 0.168 -0.004 -0.185 -0.335 -0.416 -0.46 -0.469 -0.437 -0.373 -0.298 -0.225 -0.157 -0.074 0.067 0.271 0.492 0.7 0.884 0.975 1.051 1.251 -9 -9 -9 -9 -9 -9 -9
0.004 0.21 0.399 0.449 0.407 0.48 0.6 0.754 0.861 0.846 0.917 1.076 1.285 1.316 1.299 1.158 0.948 0.645 0.455 0.41 0.468 0.545 0.625 0.641 0.596 0.496 0.544 0.597 0.699 0.806 0.815 0.649 0.577 0.606 0.59 0.626 0.629 0.589 0.537 0.482 0.495 0.406 0.185 0.043 0.114 0.055 0.007 0.089 0.041 -0.158 -0.313 -0.394 -0.454 -0.491 -0.494 -0.464 -0.403 -0.333 -0.266 -0.203 -0.124 0.018 0.227 0.456 0.633 0.785 0.92 -9 -9 -9 -9 -9 -9 -9 -9 -9
-0.056 0.117 0.264 0.341 0.333 0.438 0.572 0.696 0.731 0.718 0.873 1.095 1.226 1.178 1.186 1.137 0.967 0.809 0.591 0.448 0.464 0.523 0.58 0.595 0.578 0.5 0.509 0.575 0.704 0.857 0.909 0.845 0.708 0.67 0.659 0.714 0.755 0.774 0.79 0.806 0.7 0.481 0.33 0.277 0.194 0.069 0.061 -0.012 -0.196 -0.335 -0.401 -0.454 -0.5 -0.527 -0.523 -0.49 -0.434 -0.369 -0.306 -0.244 -0.156 -0.033 0.136 0.302 0.472 0.628 0.742 -9 -9 -9 -9 -9 -9 -9 -9 -9
-0.107 0.011 0.138 0.226 0.275 0.357 0.441 0.567 0.607 0.634 0.838 0.935 0.999 1.057 1.061 1.053 1.074 1.049 0.794 0.539 0.452 0.455 0.475 0.499 0.492 0.486 0.55 0.566 0.66 0.788 0.87 0.961 0.876 0.761 0.783 0.827 0.923 1.078 1.139 0.989 0.762 0.747 0.625 0.382 0.231 0.173 0.006 -0.2 -0.37 -0.44 -0.478 -0.514 -0.548 -0.563 -0.552 -0.518 -0.456 -0.399 -0.329 -0.268 -0.217 -0.07 0.089 0.214 0.331 0.451 -9 -9 -9 -9 -9 -9 -9 -9 -9 -9
-0.145 -0.044 0.086 0.217 0.276 0.279 0.316 0.404 0.448 0.531 0.659 0.744 0.872 0.918 0.975 1.086 1.216 1.238 1.034 0.73 0.513 0.397 0.37 0.37 0.391 0.44 0.519 0.569 0.627 0.735 0.849 0.963 0.966 0.901 0.917 0.983 1.185 1.334 1.23 1.088 0.971 0.976 0.719 0.487 0.36 0.072 -0.204 -0.39 -0.469 -0.512 -0.54 -0.568 -0.59 -0.59 -0.569 -0.543 -0.463 -0.417 -0.33 -0.301 -0.282 -0.12 0.037 0.194 0.349 -9 -9 -9 -9 -9 -9 -9 -9 -9 -9 -9
