data/climatemaps/RS_maps/climate_breeding_pr_2000.asc
NCOLS 369 
NROWS 228 
XLLCORNER 479000 
YLLCORNER 73000 
CELLSIZE 1000 
NODATA_value -9 
[rows 165 to 197 of 228, columns 0 to 75 of 369]
-9 -9 -9 -9 -9 -0.322 -0.27 -0.248 -0.245 -0.247 -0.249 -0.27 -0.314 -0.374 -0.431 -0.467 -0.486 -0.515 -0.578 -0.675 -0.79 -0.898 -0.982 -1.03 -1.049 -1.054 -1.056 -1.063 -1.073 -1.082 -1.084 -1.072 -1.044 -1.007 -0.974 -0.955 -0.962 -0.985 -1.006 -1.014 -1.003 -0.977 -0.938 -0.893 -0.848 -0.802 -0.761 -0.725 -0.698 -0.664 -0.607 -0.543 -0.483 -0.425 -0.386 -0.361 -0.343 -0.333 -0.32 -0.299 -0.265 -0.174 -0.097 -0.009 0.136 0.24 0.337 0.438 0.416 0.31 0.136 -0.009 0.064 0.094 0.022 -0.178
-9 -9 -9 -9 -9 -9 -0.29 -0.273 -0.262 -0.256 -0.254 -0.284 -0.353 -0.447 -0.538 -0.599 -0.63 -0.654 -0.694 -0.758 -0.851 -0.936 -0.998 -1.034 -1.049 -1.055 -1.06 -1.068 -1.078 -1.087 -1.086 -1.068 -1.033 -0.989 -0.951 -0.929 -0.934 -0.958 -0.978 -0.985 -0.974 -0.946 -0.903 -0.855 -0.804 -0.753 -0.711 -0.674 -0.641 -0.606 -0.573 -0.505 -0.438 -0.381 -0.35 -0.328 -0.311 -0.297 -0.28 -0.259 -0.216 -0.146 -0.069 0.03 0.15 0.305 0.474 0.515 0.459 0.385 0.366 0.353 0.465 0.502 0.374 0.094
-9 -9 -9 -9 -9 -9 -0.305 -0.293 -0.277 -0.259 -0.253 -0.299 -0.4 -0.533 -0.657 -0.74 -0.776 -0.788 -0.804 -0.84 -0.902 -0.96 -1.005 -1.034 -1.051 -1.059 -1.066 -1.075 -1.085 -1.09 -1.085 -1.059 -1.016 -0.967 -0.927 -0.904 -0.903 -0.919 -0.934 -0.939 -0.93 -0.901 -0.858 -0.808 -0.755 -0.704 -0.66 -0.622 -0.587 -0.551 -0.525 -0.47 -0.414 -0.371 -0.344 -0.323 -0.311 -0.302 -0.295 -0.263 -0.189 -0.101 0.002 0.089 0.203 0.421 0.605 0.613 0.604 0.569 0.66 0.7 0.771 0.738 0.557 0.255
-9 -9 -9 -9 -9 -9 -0.32 -0.311 -0.288 -0.261 -0.255 -0.319 -0.449 -0.612 -0.761 -0.859 -0.897 -0.899 -0.896 -0.913 -0.943 -0.977 -1.009 -1.036 -1.054 -1.065 -1.073 -1.082 -1.091 -1.092 -1.08 -1.044 -0.994 -0.944 -0.903 -0.875 -0.864 -0.865 -0.871 -0.874 -0.867 -0.843 -0.808 -0.76 -0.703 -0.652 -0.606 -0.571 -0.538 -0.502 -0.452 -0.395 -0.371 -0.383 -9 -9 -9 -0.35 -0.348 -0.292 -0.186 -0.06 0.087 0.187 0.319 0.469 0.58 0.689 0.72 0.738 0.833 0.859 0.871 0.81 0.648 0.403
-9 -9 -9 -9 -0.29 -0.317 -0.335 -0.325 -0.295 -0.266 -0.267 -0.348 -0.501 -0.683 -0.84 -0.942 -0.98 -0.979 -0.968 -0.965 -0.974 -0.99 -1.017 -1.04 -1.058 -1.072 -1.082 -1.091 -1.096 -1.091 -1.068 -1.024 -0.971 -0.921 -0.875 -0.836 -0.807 -0.789 -0.782 -0.784 -0.783 -0.773 -0.753 -0.715 -0.655 -0.592 -0.549 -0.517 -0.479 -0.425 -0.354 -0.271 -9 -9 -9 -9 -9 -0.361 -0.342 -0.308 -0.239 -0.129 0.039 0.174 0.34 0.47 0.543 0.655 0.697 0.729 0.91 0.955 0.948 0.889 0.711 0.436
-9 -9 -0.192 -0.233 -0.281 -0.323 -0.343 -0.33 -0.299 -0.276 -0.294 -0.394 -0.561 -0.749 -0.901 -0.998 -1.034 -1.034 -1.016 -1.002 -0.997 -1.005 -1.026 -1.047 -1.066 -1.082 -1.093 -1.099 -1.099 -1.084 -1.05 -1.001 -0.947 -0.892 -0.838 -0.785 -0.733 -0.691 -0.671 -0.677 -0.691 -0.699 -0.696 -0.676 -0.606 -0.539 -0.499 -0.455 -0.403 -0.318 -9 -9 -9 -9 -9 -9 -9 -9 -0.225 -0.197 -0.181 -0.181 -0.079 0.081 0.252 0.4 0.461 0.556 0.665 0.743 0.836 0.889 0.898 0.852 0.758 0.56
-9 -0.147 -0.178 -0.222 -0.275 -0.324 -0.335 -0.324 -0.298 -0.296 -0.343 -0.463 -0.638 -0.815 -0.951 -1.036 -1.066 -1.063 -1.043 -1.024 -1.015 -1.019 -1.037 -1.058 -1.079 -1.096 -1.106 -1.108 -1.099 -1.072 -1.028 -0.974 -0.918 -0.858 -0.792 -0.717 -0.632 -0.56 -0.533 -0.574 -0.612 -0.635 -0.649 -0.641 -0.578 -0.511 -0.452 -0.381 -0.291 -9 -9 -9 -9 -9 -9 -9 -9 -9 -0.159 -0.071 -0.067 -0.114 -0.136 -0.011 0.151 0.277 0.378 0.504 0.631 0.649 0.64 0.767 0.86 0.878 0.771 0.58
-0.133 -0.147 -0.178 -0.223 -0.276 -0.31 -0.32 -0.311 -0.3 -0.33 -0.414 -0.556 -0.729 -0.883 -0.996 -1.062 -1.08 -1.072 -1.051 -1.034 -1.027 -1.033 -1.05 -1.073 -1.095 -1.111 -1.119 -1.115 -1.095 -1.055 -1.003 -0.944 -0.882 -0.816 -0.733 -0.629 -0.536 -0.467 -0.457 -0.505 -0.555 -0.591 -0.616 -0.608 -0.56 -9 -9 -9 -9 -9 -9 -9 -9 -9 -9 -9 -9 -9 -0.144 -0.002 0.044 -0.027 -0.085 0.054 0.163 0.222 0.313 0.408 0.478 0.488 0.46 0.577 0.696 0.768 0.72 0.56
-0.142 -0.159 -0.191 -0.231 -0.274 -0.295 -0.303 -0.302 -0.316 -0.383 -0.505 -0.664 -0.823 -0.951 -1.035 -1.079 -1.083 -1.068 -1.049 -1.037 -1.036 -1.046 -1.065 -1.09 -1.112 -1.128 -1.132 -1.12 -1.087 -1.037 -0.976 -0.911 -0.844 -0.772 -0.675 -0.566 -0.476 -0.421 -0.422 -0.464 -0.512 -0.557 -0.584 -0.572 -0.524 -9 -9 -9 -9 -9 -9 -9 -9 -9 -9 -9 -9 -9 -0.086 0.077 0.12 -0.028 -0.049 0.102 0.203 0.239 0.206 0.164 0.182 0.207 0.229 0.315 0.452 0.587 0.665 0.585
-0.161 -0.181 -0.212 -0.246 -0.273 -0.287 -0.291 -0.309 -0.357 -0.462 -0.612 -0.775 -0.913 -1.013 -1.068 -1.089 -1.079 -1.059 -1.043 -1.039 -1.044 -1.058 -1.081 -1.108 -1.132 -1.145 -1.145 -1.121 -1.076 -1.017 -0.95 -0.879 -0.808 -0.731 -0.628 -0.521 -0.438 -0.392 -0.387 -0.421 -0.469 -0.513 -0.531 -0.509 -0.446 -9 -9 -9 -9 -9 -9 -9 -9 -9 -9 -9 -9 -9 -9 0.027 0.062 0.027 0.025 0.04 0.112 0.138 0.041 -0.021 0.026 0.099 0.174 0.206 0.261 0.398 0.508 0.547
-0.191 -0.213 -0.24 -0.266 -0.281 -0.287 -0.295 -0.339 -0.427 -0.563 -0.725 -0.877 -0.991 -1.064 -1.093 -1.093 -1.073 -1.051 -1.04 -1.041 -1.052 -1.071 -1.098 -1.128 -1.152 -1.163 -1.155 -1.119 -1.064 -0.998 -0.924 -0.849 -0.776 -0.697 -0.595 -0.489 -0.411 -0.359 -0.345 -0.373 -0.412 -0.441 -0.441 -0.402 -0.321 -9 -9 -9 -9 -9 -9 -9 -9 -9 -9 -9 -9 -9 -9 -9 0.076 0.123 0.121 0.081 0.062 -0.016 -0.014 0.03 0.113 0.195 0.33 0.317 0.241 0.236 0.325 0.455
-0.234 -0.258 -0.279 -0.294 -0.297 -0.301 -0.323 -0.397 -0.519 -0.677 -0.835 -0.966 -1.055 -1.103 -1.11 -1.094 -1.068 -1.049 -1.042 -1.046 -1.061 -1.086 -1.118 -1.15 -1.173 -1.179 -1.163 -1.117 -1.054 -0.982 -0.903 -0.824 -0.751 -0.671 -0.572 -0.467 -0.377 -0.31 -0.288 -0.304 -0.327 -0.328 -0.298 -0.239 -0.162 -0.066 -9 -9 -9 -9 -9 -9 -9 -9 -9 -9 -9 -9 -9 -9 0.048 0.161 0.215 0.269 0.211 0.067 0.052 0.136 0.237 0.358 0.492 0.483 0.451 0.329 0.236 0.365
-0.292 -0.319 -0.331 -0.33 -0.323 -0.336 -0.381 -0.481 -0.629 -0.79 -0.933 -1.04 -1.103 -1.128 -1.119 -1.096 -1.07 -1.053 -1.049 -1.057 -1.076 -1.106 -1.142 -1.173 -1.194 -1.194 -1.168 -1.116 -1.048 -0.97 -0.887 -0.807 -0.733 -0.653 -0.554 -0.44 -0.318 -0.228 -0.191 -0.193 -0.196 -0.172 -0.124 -0.072 -0.023 0.01 -9 -9 -9 -9 -9 -9 -9 -9 -9 -9 -9 -9 -9 -9 -9 0.147 0.203 0.333 0.301 0.192 0.087 0.139 0.307 0.559 0.687 0.669 0.632 0.438 0.231 0.352
-0.357 -0.392 -0.385 -0.372 -0.364 -0.392 -0.465 -0.588 -0.744 -0.895 -1.015 -1.097 -1.136 -1.143 -1.126 -1.102 -1.078 -1.063 -1.061 -1.072 -1.094 -1.129 -1.166 -1.197 -1.215 -1.205 -1.173 -1.12 -1.048 -0.964 -0.881 -0.801 -0.724 -0.641 -0.536 -0.398 -0.227 -0.105 -0.048 -0.033 -0.028 0.006 0.048 0.046 0.057 0.051 -9 -9 -9 -9 -9 -9 -9 -9 -9 -9 -9 -9 -9 -9 -0.133 -0.053 0.093 0.319 0.359 0.266 0.296 0.259 0.343 0.556 0.675 0.636 0.553 0.434 0.375 0.371
-0.423 -0.451 -0.434 -0.418 -0.42 -0.47 -0.567 -0.704 -0.854 -0.985 -1.08 -1.138 -1.157 -1.153 -1.133 -1.109 -1.088 -1.077 -1.078 -1.089 -1.114 -1.154 -1.192 -1.22 -1.232 -1.215 -1.179 -1.127 -1.055 -0.971 -0.887 -0.806 -0.724 -0.634 -0.511 -0.338 -0.124 0.041 0.109 0.109 0.099 0.143 0.16 0.107 0.076 0.075 -9 -9 -9 -9 -9 -9 -9 -9 -9 -9 -9 -9 -9 -9 -0.28 -0.173 0.033 0.284 0.347 0.346 0.474 0.414 0.397 0.557 0.659 0.585 0.614 0.614 0.583 0.387
-0.485 -0.487 -0.474 -0.469 -0.493 -0.567 -0.68 -0.819 -0.951 -1.057 -1.126 -1.161 -1.167 -1.16 -1.141 -1.118 -1.101 -1.097 -1.1 -1.112 -1.141 -1.183 -1.219 -1.243 -1.246 -1.221 -1.189 -1.139 -1.072 -0.989 -0.905 -0.821 -0.733 -0.631 -0.482 -0.267 -0.018 0.185 0.234 0.181 0.163 0.199 0.186 0.109 0.071 0.131 -9 -9 -9 -9 -9 -9 -9 -9 -9 -9 -9 -9 -9 -9 -0.321 -0.213 -0.029 0.167 0.359 0.46 0.543 0.519 0.546 0.614 0.62 0.657 0.783 0.763 0.603 0.426
-0.52 -0.513 -0.509 -0.527 -0.578 -0.674 -0.797 -0.923 -1.032 -1.112 -1.156 -1.173 -1.176 -1.169 -1.149 -1.13 -1.12 -1.121 -1.127 -1.145 -1.177 -1.214 -1.247 -1.263 -1.253 -1.235 -1.208 -1.158 -1.093 -1.015 -0.932 -0.847 -0.753 -0.63 -0.447 -0.199 0.054 0.253 0.283 0.207 0.165 0.18 0.136 0.075 0.094 0.209 -9 -9 -9 -9 -9 -9 -9 -9 -9 -9 -9 -9 -9 -9 -0.263 -0.278 -0.158 0.034 0.263 0.374 0.495 0.553 0.576 0.651 0.633 0.728 0.87 0.827 0.591 0.523
-0.531 -0.53 -0.543 -0.59 -0.671 -0.783 -0.904 -1.012 -1.095 -1.153 -1.179 -1.188 -1.189 -1.18 -1.163 -1.15 -1.146 -1.15 -1.16 -1.182 -1.212 -1.245 -1.271 -1.279 -1.271 -1.254 -1.223 -1.175 -1.113 -1.042 -0.964 -0.88 -0.773 -0.623 -0.418 -0.169 0.084 0.27 0.298 0.214 0.142 0.124 0.095 0.08 0.152 -9 -9 -9 -9 -9 -9 -9 -9 -9 -9 -9 -9 -9 -9 0.121 -0.097 -0.283 -0.243 -0.066 0.081 0.146 0.281 0.385 0.46 0.614 0.699 0.775 0.876 0.781 0.65 0.616
-0.532 -0.538 -0.577 -0.658 -0.766 -0.884 -0.994 -1.08 -1.141 -1.183 -1.201 -1.207 -1.206 -1.196 -1.184 -1.176 -1.175 -1.18 -1.193 -1.217 -1.246 -1.272 -1.291 -1.294 -1.287 -1.267 -1.233 -1.186 -1.13 -1.066 -0.991 -0.909 -0.8 -0.629 -0.419 -0.176 0.078 0.247 0.273 0.191 0.12 0.118 0.14 0.144 0.228 -9 -9 -9 -9 -9 -9 -9 -9 -9 -9 -9 -9 -9 -9 0.304 0.105 -0.209 -0.287 -0.23 -0.155 -0.008 0.139 0.303 0.433 0.56 0.677 0.83 0.853 0.76 0.767 0.653
-0.528 -0.545 -0.613 -0.727 -0.853 -0.971 -1.067 -1.132 -1.176 -1.207 -1.22 -1.224 -1.222 -1.214 -1.205 -1.199 -1.2 -1.208 -1.222 -1.247 -1.274 -1.293 -1.304 -1.305 -1.293 -1.267 -1.23 -1.186 -1.134 -1.076 -1.013 -0.941 -0.837 -0.679 -0.475 -0.229 0.024 0.183 0.204 0.147 0.108 0.145 0.171 0.197 0.29 -9 -9 -9 -9 -9 -9 -9 -9 -9 -9 -9 -9 -9 -9 0.47 0.255 -0.078 -0.264 -0.313 -0.223 -0.035 0.127 0.288 0.444 0.583 0.671 0.822 0.861 0.816 0.814 0.646
-0.529 -0.557 -0.65 -0.788 -0.925 -1.041 -1.125 -1.176 -1.209 -1.23 -1.237 -1.24 -1.236 -1.229 -1.223 -1.218 -1.221 -1.231 -1.247 -1.272 -1.294 -1.307 -1.312 -1.304 -1.283 -1.248 -1.207 -1.166 -1.122 -1.071 -1.023 -0.971 -0.885 -0.753 -0.566 -0.335 -0.093 0.072 0.087 0.075 0.102 0.163 0.16 0.229 0.323 -9 -9 -9 -9 -9 -9 -9 -9 -9 -9 -9 -9 -9 -9 0.559 0.366 0.065 -0.154 -0.275 -0.228 -0.058 0.033 0.154 0.345 0.575 0.717 0.828 0.887 0.843 0.73 0.544
-0.538 -0.574 -0.686 -0.835 -0.978 -1.093 -1.17 -1.216 -1.24 -1.251 -1.254 -1.253 -1.248 -1.242 -1.236 -1.233 -1.241 -1.252 -1.268 -1.286 -1.302 -1.309 -1.305 -1.283 -1.248 -1.2 -1.144 -1.105 -1.089 -1.06 -1.027 -0.991 -0.928 -0.826 -0.67 -0.47 -0.26 -0.096 -0.046 0.039 0.097 0.115 0.157 0.272 -9 -9 -9 -9 -9 -9 -9 -9 -9 -9 -9 -9 -9 -9 -9 0.601 0.433 0.216 0.018 -0.124 -0.199 -0.092 0.071 0.232 0.402 0.626 0.757 0.851 0.864 0.786 0.669 0.473
-0.553 -0.593 -0.714 -0.867 -1.014 -1.129 -1.204 -1.248 -1.265 -1.27 -1.27 -1.268 -1.263 -1.256 -1.252 -1.251 -1.257 -1.265 -1.275 -1.288 -1.296 -1.294 -1.273 -1.232 -1.171 -1.101 -1.038 -1.016 -1.038 -1.038 -1.025 -1.004 -0.959 -0.886 -0.771 -0.616 -0.434 -0.27 -0.182 -0.038 0.032 0.046 0.141 -9 -9 -9 -9 -9 -9 -9 -9 -9 -9 -9 -9 -9 -9 -9 0.7 0.69 0.57 0.353 0.184 0.104 -0.083 0.014 0.25 0.437 0.557 0.75 0.836 0.844 0.801 0.711 0.59 0.395
-0.571 -0.607 -0.729 -0.885 -1.036 -1.154 -1.229 -1.272 -1.286 -1.289 -1.289 -1.286 -1.281 -1.273 -1.27 -1.267 -1.265 -1.266 -1.269 -1.274 -1.272 -1.254 -1.21 -1.137 -1.03 -0.941 -0.921 -0.939 -0.973 -1.003 -1.013 -1.009 -0.984 -0.932 -0.844 -0.72 -0.572 -0.422 -0.287 -0.138 -0.074 -0.025 0.114 -9 -9 -9 -9 -9 -9 -9 -9 -9 -9 -9 -9 -9 -9 -9 0.633 0.647 0.527 0.349 0.3 0.241 0.099 0.087 0.227 0.422 0.577 0.703 0.802 0.775 0.69 0.58 0.436 0.242
-0.598 -0.624 -0.741 -0.896 -1.049 -1.169 -1.245 -1.287 -1.301 -1.305 -1.305 -1.302 -1.295 -1.286 -1.278 -1.27 -1.261 -1.255 -1.251 -1.245 -1.228 -1.184 -1.102 -0.983 -0.85 -0.787 -0.811 -0.852 -0.9 -0.957 -0.991 -1.005 -0.999 -0.967 -0.902 -0.798 -0.661 -0.508 -0.373 -0.243 -0.168 -0.095 -9 -9 -9 -9 -9 -9 -9 -9 -9 -9 -9 -9 -9 -9 -9 -9 0.562 0.503 0.372 0.307 0.353 0.333 0.271 0.316 0.197 0.283 0.427 0.551 0.73 0.711 0.653 0.547 0.423 0.25
-0.645 -0.66 -0.767 -0.911 -1.054 -1.172 -1.247 -1.288 -1.304 -1.311 -1.311 -1.306 -1.296 -1.284 -1.271 -1.257 -1.241 -1.229 -1.216 -1.196 -1.157 -1.084 -0.959 -0.788 -0.685 -0.672 -0.717 -0.754 -0.824 -0.9 -0.954 -0.985 -0.996 -0.985 -0.945 -0.861 -0.725 -0.562 -0.427 -0.322 -0.231 -9 -9 -9 -9 -9 -9 -9 -9 -9 -9 -9 -9 -9 -9 -9 -9 -9 0.374 0.31 0.294 0.347 0.368 0.389 0.373 0.438 0.381 0.31 0.377 0.479 0.647 0.719 0.665 0.59 0.543 0.505
-0.722 -0.723 -0.811 -0.929 -1.052 -1.158 -1.23 -1.271 -1.29 -1.3 -1.299 -1.293 -1.281 -1.261 -1.242 -1.224 -1.202 -1.183 -1.159 -1.12 -1.058 -0.96 -0.807 -0.642 -0.582 -0.594 -0.623 -0.659 -0.749 -0.837 -0.907 -0.952 -0.979 -0.985 -0.967 -0.907 -0.784 -0.616 -0.467 -0.358 -9 -9 -9 -9 -9 -9 -9 -9 -9 -9 -9 -9 -9 -9 -9 -9 -9 -9 -9 0.215 0.267 0.347 0.348 0.405 0.395 0.478 0.457 0.387 0.456 0.478 0.649 0.795 0.788 0.748 0.781 0.706
-0.815 -0.806 -0.856 -0.944 -1.039 -1.127 -1.194 -1.237 -1.261 -1.272 -1.271 -1.263 -1.245 -1.219 -1.193 -1.168 -1.142 -1.114 -1.075 -1.015 -0.933 -0.813 -0.661 -0.548 -0.512 -0.528 -0.538 -0.586 -0.679 -0.769 -0.845 -0.903 -0.946 -0.967 -0.969 -0.932 -0.838 -0.674 -9 -9 -9 -9 -9 -9 -9 -9 -9 -9 -9 -9 -9 -9 -9 -9 -9 -9 -9 -9 -9 0.196 0.212 0.271 0.308 0.317 0.357 0.396 0.316 0.35 0.399 0.535 0.659 0.737 0.851 0.825 0.848 0.74
-0.911 -0.879 -0.891 -0.948 -1.015 -1.081 -1.14 -1.186 -1.215 -1.227 -1.224 -1.211 -1.184 -1.153 -1.12 -1.088 -1.059 -1.024 -0.97 -0.894 -0.797 -0.661 -0.524 -0.471 -0.457 -0.472 -0.467 -0.521 -0.603 -0.681 -0.765 -0.837 -0.896 -0.935 -0.955 -0.941 -0.88 -9 -9 -9 -9 -9 -9 -9 -9 -9 -9 -9 -9 -9 -9 -9 -9 -9 -9 -9 -9 -9 -9 0.082 0.144 0.189 0.174 0.126 0.193 0.215 0.107 0.099 0.24 0.385 0.54 0.692 0.777 0.73 0.683 0.581
-0.992 -0.948 -0.924 -0.942 -0.979 -1.022 -1.07 -1.116 -1.149 -1.162 -1.157 -1.137 -1.103 -1.065 -1.024 -0.986 -0.953 -0.915 -0.856 -0.77 -0.654 -0.53 -0.452 -0.427 -0.419 -0.405 -0.412 -0.459 -0.504 -0.567 -0.662 -0.752 -0.829 -0.889 -0.929 -9 -9 -9 -9 -9 -9 -9 -9 -9 -9 -9 -9 -9 -9 -9 -9 -9 -9 -9 -9 -9 -9 -9 -9 -0.128 -0.043 0.012 -0.023 -0.076 -0.025 -0.014 -0.117 -0.149 0.072 0.242 0.425 0.614 0.727 0.68 0.508 0.319
-1.056 -1.008 -0.956 -0.934 -0.936 -0.956 -0.994 -1.04 -1.076 -1.091 -1.084 -1.059 -1.017 -0.969 -0.919 -0.876 -0.845 -0.805 -0.741 -0.646 -0.52 -0.447 -0.426 -0.411 -0.388 -0.351 -0.36 -0.393 -0.4 -0.45 -0.545 -0.655 -0.75 -0.833 -9 -9 -9 -9 -9 -9 -9 -9 -9 -9 -9 -9 -9 -9 -9 -9 -9 -9 -9 -9 -9 -9 -9 -9 -9 -9 -0.296 -0.256 -0.265 -0.29 -0.289 -0.281 -0.318 -0.342 -0.073 0.162 0.382 0.518 0.571 0.546 0.318 0.104
-1.098 -1.046 -0.984 -0.929 -0.9 -0.903 -0.936 -0.979 -1.017 -1.034 -1.026 -0.995 -0.946 -0.889 -0.831 -0.783 -0.749 -0.702 -0.62 -0.521 -0.455 -0.427 -0.419 -0.404 -0.359 -0.325 -0.318 -0.314 -0.31 -0.343 -0.422 -0.543 -0.658 -9 -9 -9 -9 -9 -9 -9 -9 -9 -9 -9 -9 -9 -9 -9 -9 -9 -9 -9 -9 -9 -9 -9 -9 -9 -9 -9 -0.389 -0.394 -0.417 -0.449 -0.475 -0.493 -0.508 -0.459 -0.181 0.043 0.247 0.325 0.354 0.346 0.102 0.024
-1.117 -1.07 -1.009 -0.937 -0.883 -0.873 -0.908 -0.949 -0.983 -1 -0.992 -0.959 -0.91 -0.849 -0.783 -0.724 -0.676 -0.617 -0.525 -0.449 -0.434 -0.431 -0.428 -0.391 -0.336 -0.3 -0.276 -0.253 -0.233 -0.245 -0.311 -0.431 -9 -9 -9 -9 -9 -9 -9 -9 -9 -9 -9 -9 -9 -9 -9 -9 -9 -9 -9 -9 -9 -9 -9 -9 -9 -9 -9 -9 -9 -0.363 -0.416 -0.474 -0.531 -0.594 -0.634 -0.553 -0.379 -0.186 0.009 0.033 0.093 0.062 -0.106 -0.034
