data/climatemaps/RS_maps/climate_winter_pr_2016.asc
NCOLS 369 
NROWS 228 
XLLCORNER 479000 
YLLCORNER 73000 
CELLSIZE 1000 
NODATA_value -9 
[rows 66 to 98 of 228, columns 74 to 147 of 369]
-1.018 -1.015 -1.018 -1.023 -1.026 -1.019 -1.004 -0.992 -1.001 -1.044 -1.074 -1.076 -1.068 -1.046 -1.022 -1.013 -1.017 -1.035 -1.059 -1.085 -1.107 -1.123 -1.133 -1.14 -1.147 -1.156 -1.173 -1.194 -1.216 -1.235 -1.244 -1.235 -1.215 -1.19 -1.177 -1.179 -1.193 -1.213 -1.233 -1.25 -1.265 -1.262 -1.254 -1.24 -1.223 -1.204 -1.188 -1.181 -1.186 -1.187 -1.184 -1.175 -1.16 -1.15 -1.148 -1.156 -1.171 -1.189 -1.204 -1.215 -1.224 -1.232 -1.24 -1.254 -1.266 -1.283 -1.301 -1.322 -1.339 -1.351 -1.354 -1.358 -1.356 -1.353
-1.02 -1.021 -1.026 -1.03 -1.031 -1.022 -1.005 -0.996 -1.009 -1.052 -1.077 -1.074 -1.066 -1.046 -1.026 -1.02 -1.029 -1.051 -1.078 -1.101 -1.12 -1.133 -1.14 -1.142 -1.144 -1.151 -1.168 -1.194 -1.22 -1.244 -1.254 -1.243 -1.222 -1.202 -1.193 -1.194 -1.203 -1.215 -1.226 -1.239 -1.241 -1.232 -1.219 -1.203 -1.185 -1.167 -1.16 -1.159 -1.16 -1.158 -1.154 -1.152 -1.145 -1.142 -1.147 -1.169 -1.194 -1.216 -1.235 -1.251 -1.266 -1.277 -1.287 -1.296 -1.305 -1.315 -1.327 -1.341 -1.352 -1.358 -1.362 -1.365 -1.361 -1.352
-1.022 -1.028 -1.034 -1.038 -1.036 -1.024 -1.01 -1.005 -1.018 -1.054 -1.073 -1.067 -1.062 -1.046 -1.032 -1.032 -1.047 -1.072 -1.099 -1.121 -1.137 -1.146 -1.149 -1.145 -1.143 -1.147 -1.165 -1.198 -1.232 -1.261 -1.273 -1.265 -1.247 -1.227 -1.216 -1.218 -1.223 -1.228 -1.23 -1.233 -1.228 -1.217 -1.202 -1.185 -1.167 -1.149 -1.137 -1.134 -1.137 -1.143 -1.153 -1.159 -1.162 -1.17 -1.184 -1.202 -1.225 -1.252 -1.278 -1.301 -1.317 -1.326 -1.333 -1.338 -1.342 -1.345 -1.35 -1.356 -1.362 -1.369 -1.369 -1.367 -1.359 -1.347
-1.023 -1.033 -1.04 -1.045 -1.041 -1.031 -1.022 -1.025 -1.038 -1.057 -1.058 -1.056 -1.054 -1.044 -1.038 -1.044 -1.065 -1.092 -1.119 -1.14 -1.155 -1.163 -1.163 -1.159 -1.155 -1.16 -1.179 -1.211 -1.247 -1.274 -1.287 -1.278 -1.259 -1.239 -1.226 -1.221 -1.221 -1.222 -1.221 -1.214 -1.202 -1.189 -1.173 -1.155 -1.14 -1.136 -1.134 -1.141 -1.151 -1.165 -1.178 -1.188 -1.198 -1.209 -1.223 -1.24 -1.263 -1.291 -1.321 -1.345 -1.36 -1.368 -1.372 -1.373 -1.372 -1.373 -1.373 -1.372 -1.374 -1.374 -1.369 -1.361 -1.353 -1.347
-1.024 -1.036 -1.045 -1.051 -1.048 -1.043 -1.043 -1.048 -1.05 -1.045 -1.045 -1.046 -1.043 -1.038 -1.039 -1.054 -1.078 -1.106 -1.134 -1.156 -1.173 -1.184 -1.187 -1.185 -1.18 -1.181 -1.196 -1.225 -1.258 -1.28 -1.284 -1.269 -1.244 -1.219 -1.202 -1.192 -1.187 -1.183 -1.18 -1.172 -1.164 -1.154 -1.144 -1.138 -1.142 -1.151 -1.163 -1.178 -1.19 -1.203 -1.216 -1.228 -1.241 -1.253 -1.265 -1.287 -1.312 -1.338 -1.363 -1.384 -1.396 -1.4 -1.399 -1.393 -1.387 -1.385 -1.384 -1.384 -1.38 -1.371 -1.361 -1.354 -1.348 -1.342
-1.028 -1.042 -1.053 -1.059 -1.061 -1.066 -1.07 -1.058 -1.042 -1.034 -1.031 -1.028 -1.024 -1.026 -1.037 -1.058 -1.085 -1.113 -1.142 -1.169 -1.191 -1.204 -1.209 -1.207 -1.203 -1.205 -1.217 -1.24 -1.267 -1.278 -1.275 -1.256 -1.228 -1.198 -1.174 -1.16 -1.151 -1.146 -1.145 -1.143 -1.141 -1.14 -1.142 -1.151 -1.17 -1.186 -1.205 -1.221 -1.235 -1.249 -1.262 -1.275 -1.287 -1.299 -1.313 -1.335 -1.357 -1.38 -1.399 -1.413 -1.421 -1.419 -1.413 -1.403 -1.394 -1.389 -1.387 -1.383 -1.377 -1.365 -1.356 -1.349 -1.343 -1.336
-1.036 -1.052 -1.061 -1.071 -1.086 -1.091 -1.077 -1.054 -1.036 -1.022 -1.012 -1.003 -1.004 -1.014 -1.031 -1.055 -1.083 -1.114 -1.146 -1.177 -1.202 -1.22 -1.23 -1.235 -1.235 -1.236 -1.243 -1.258 -1.273 -1.276 -1.272 -1.253 -1.226 -1.196 -1.17 -1.151 -1.138 -1.131 -1.13 -1.133 -1.141 -1.152 -1.168 -1.19 -1.212 -1.234 -1.255 -1.271 -1.284 -1.298 -1.31 -1.321 -1.332 -1.343 -1.356 -1.373 -1.392 -1.41 -1.423 -1.433 -1.435 -1.428 -1.418 -1.407 -1.397 -1.391 -1.387 -1.38 -1.371 -1.361 -1.351 -1.342 -1.336 -1.33
-1.045 -1.062 -1.074 -1.09 -1.113 -1.101 -1.079 -1.055 -1.029 -1.007 -0.991 -0.984 -0.99 -1.002 -1.021 -1.046 -1.077 -1.111 -1.147 -1.184 -1.215 -1.24 -1.259 -1.268 -1.271 -1.271 -1.273 -1.278 -1.279 -1.282 -1.282 -1.269 -1.249 -1.218 -1.186 -1.157 -1.14 -1.133 -1.135 -1.145 -1.164 -1.188 -1.216 -1.241 -1.264 -1.285 -1.304 -1.318 -1.33 -1.34 -1.351 -1.359 -1.367 -1.376 -1.386 -1.399 -1.413 -1.426 -1.437 -1.441 -1.44 -1.431 -1.419 -1.407 -1.396 -1.388 -1.384 -1.375 -1.365 -1.353 -1.343 -1.336 -1.329 -1.324
-1.058 -1.075 -1.093 -1.117 -1.127 -1.109 -1.088 -1.058 -1.023 -0.996 -0.98 -0.975 -0.981 -0.993 -1.013 -1.041 -1.076 -1.116 -1.158 -1.201 -1.234 -1.258 -1.273 -1.28 -1.281 -1.277 -1.276 -1.278 -1.281 -1.288 -1.29 -1.284 -1.27 -1.235 -1.2 -1.172 -1.159 -1.154 -1.16 -1.178 -1.203 -1.234 -1.266 -1.292 -1.314 -1.333 -1.346 -1.356 -1.364 -1.37 -1.376 -1.383 -1.387 -1.392 -1.401 -1.414 -1.425 -1.435 -1.44 -1.442 -1.437 -1.428 -1.414 -1.4 -1.388 -1.382 -1.377 -1.367 -1.356 -1.345 -1.337 -1.329 -1.321 -1.318
-1.071 -1.096 -1.127 -1.143 -1.136 -1.122 -1.098 -1.064 -1.027 -0.998 -0.982 -0.976 -0.981 -0.994 -1.017 -1.052 -1.093 -1.137 -1.18 -1.211 -1.231 -1.24 -1.242 -1.246 -1.244 -1.236 -1.233 -1.235 -1.248 -1.258 -1.262 -1.273 -1.276 -1.245 -1.221 -1.199 -1.184 -1.184 -1.198 -1.223 -1.253 -1.284 -1.313 -1.338 -1.358 -1.372 -1.379 -1.381 -1.381 -1.381 -1.382 -1.385 -1.389 -1.396 -1.408 -1.422 -1.431 -1.437 -1.438 -1.437 -1.43 -1.419 -1.403 -1.391 -1.382 -1.375 -1.368 -1.358 -1.348 -1.338 -1.327 -1.314 -1.309 -1.309
-1.086 -1.123 -1.15 -1.157 -1.15 -1.135 -1.111 -1.075 -1.037 -1.008 -0.993 -0.987 -0.991 -1.007 -1.038 -1.078 -1.124 -1.161 -1.183 -1.19 -1.188 -1.187 -1.185 -1.185 -1.18 -1.173 -1.172 -1.175 -1.19 -1.205 -1.224 -1.252 -1.275 -1.266 -1.245 -1.229 -1.23 -1.24 -1.255 -1.277 -1.303 -1.33 -1.355 -1.377 -1.393 -1.401 -1.398 -1.39 -1.381 -1.372 -1.369 -1.373 -1.383 -1.396 -1.412 -1.423 -1.431 -1.434 -1.433 -1.43 -1.42 -1.408 -1.393 -1.383 -1.373 -1.361 -1.354 -1.346 -1.335 -1.32 -1.304 -1.293 -1.292 -1.299
-1.098 -1.133 -1.165 -1.165 -1.162 -1.146 -1.122 -1.089 -1.053 -1.026 -1.014 -1.009 -1.015 -1.036 -1.073 -1.113 -1.141 -1.15 -1.147 -1.14 -1.132 -1.127 -1.123 -1.119 -1.114 -1.11 -1.111 -1.12 -1.141 -1.173 -1.207 -1.243 -1.269 -1.284 -1.281 -1.281 -1.282 -1.285 -1.297 -1.319 -1.344 -1.369 -1.389 -1.406 -1.416 -1.415 -1.401 -1.383 -1.367 -1.355 -1.352 -1.362 -1.376 -1.394 -1.409 -1.42 -1.426 -1.429 -1.427 -1.422 -1.412 -1.398 -1.385 -1.374 -1.357 -1.342 -1.336 -1.323 -1.307 -1.293 -1.278 -1.266 -1.271 -1.288
-1.109 -1.145 -1.157 -1.16 -1.167 -1.153 -1.132 -1.104 -1.073 -1.053 -1.046 -1.047 -1.059 -1.083 -1.109 -1.118 -1.11 -1.101 -1.089 -1.076 -1.068 -1.061 -1.061 -1.058 -1.058 -1.06 -1.07 -1.085 -1.111 -1.142 -1.178 -1.219 -1.264 -1.301 -1.317 -1.319 -1.316 -1.323 -1.341 -1.362 -1.382 -1.399 -1.413 -1.423 -1.425 -1.413 -1.392 -1.371 -1.354 -1.342 -1.341 -1.347 -1.363 -1.387 -1.405 -1.417 -1.421 -1.422 -1.419 -1.413 -1.403 -1.39 -1.377 -1.361 -1.341 -1.323 -1.316 -1.293 -1.278 -1.265 -1.247 -1.24 -1.257 -1.272
-1.121 -1.138 -1.149 -1.158 -1.163 -1.154 -1.138 -1.117 -1.095 -1.085 -1.087 -1.095 -1.109 -1.113 -1.105 -1.09 -1.07 -1.043 -1.022 -1.008 -1.005 -1.006 -1.011 -1.017 -1.02 -1.024 -1.033 -1.057 -1.083 -1.106 -1.151 -1.211 -1.274 -1.317 -1.338 -1.345 -1.348 -1.362 -1.38 -1.397 -1.41 -1.42 -1.427 -1.428 -1.422 -1.403 -1.381 -1.359 -1.344 -1.329 -1.327 -1.337 -1.36 -1.385 -1.403 -1.414 -1.419 -1.416 -1.412 -1.405 -1.393 -1.38 -1.363 -1.339 -1.322 -1.298 -1.292 -1.262 -1.243 -1.228 -1.211 -1.218 -1.236 -1.253
-1.105 -1.122 -1.141 -1.15 -1.153 -1.146 -1.137 -1.126 -1.118 -1.12 -1.126 -1.125 -1.114 -1.102 -1.084 -1.058 -1.025 -0.99 -0.967 -0.962 -0.969 -0.981 -0.986 -0.985 -0.985 -0.997 -1.019 -1.042 -1.058 -1.1 -1.159 -1.228 -1.284 -1.326 -1.35 -1.368 -1.381 -1.393 -1.406 -1.418 -1.426 -1.427 -1.428 -1.422 -1.414 -1.394 -1.371 -1.348 -1.329 -1.32 -1.319 -1.334 -1.364 -1.387 -1.403 -1.413 -1.416 -1.412 -1.406 -1.398 -1.382 -1.365 -1.339 -1.32 -1.306 -1.287 -1.264 -1.236 -1.208 -1.193 -1.179 -1.188 -1.206 -1.223
-1.084 -1.109 -1.128 -1.135 -1.137 -1.133 -1.131 -1.132 -1.133 -1.133 -1.122 -1.113 -1.101 -1.083 -1.057 -1.018 -0.982 -0.956 -0.948 -0.953 -0.964 -0.974 -0.968 -0.974 -0.991 -1.011 -1.026 -1.043 -1.076 -1.136 -1.197 -1.248 -1.296 -1.336 -1.363 -1.382 -1.398 -1.41 -1.421 -1.428 -1.425 -1.423 -1.426 -1.418 -1.406 -1.385 -1.362 -1.343 -1.329 -1.326 -1.33 -1.352 -1.376 -1.392 -1.404 -1.412 -1.412 -1.407 -1.4 -1.39 -1.375 -1.353 -1.33 -1.309 -1.293 -1.269 -1.237 -1.21 -1.175 -1.155 -1.149 -1.156 -1.173 -1.185
-1.062 -1.09 -1.109 -1.114 -1.116 -1.115 -1.119 -1.126 -1.123 -1.118 -1.11 -1.098 -1.079 -1.056 -1.023 -0.982 -0.955 -0.95 -0.954 -0.964 -0.974 -0.977 -0.982 -0.998 -1.016 -1.029 -1.046 -1.079 -1.128 -1.182 -1.226 -1.268 -1.308 -1.344 -1.37 -1.39 -1.406 -1.418 -1.427 -1.43 -1.427 -1.426 -1.423 -1.412 -1.398 -1.38 -1.363 -1.349 -1.343 -1.348 -1.361 -1.374 -1.386 -1.396 -1.406 -1.411 -1.409 -1.402 -1.393 -1.382 -1.365 -1.346 -1.327 -1.302 -1.283 -1.248 -1.218 -1.185 -1.148 -1.119 -1.119 -1.12 -1.141 -1.158
-1.043 -1.07 -1.085 -1.089 -1.089 -1.089 -1.093 -1.097 -1.098 -1.101 -1.096 -1.082 -1.061 -1.034 -0.994 -0.964 -0.954 -0.959 -0.971 -0.984 -0.994 -0.999 -1.008 -1.019 -1.034 -1.055 -1.089 -1.137 -1.184 -1.222 -1.257 -1.288 -1.316 -1.344 -1.369 -1.389 -1.409 -1.42 -1.426 -1.427 -1.423 -1.419 -1.414 -1.407 -1.393 -1.38 -1.372 -1.367 -1.371 -1.376 -1.381 -1.386 -1.392 -1.4 -1.406 -1.407 -1.404 -1.397 -1.387 -1.374 -1.351 -1.334 -1.317 -1.295 -1.27 -1.234 -1.201 -1.159 -1.123 -1.096 -1.094 -1.093 -1.112 -1.127
-1.025 -1.049 -1.06 -1.062 -1.059 -1.053 -1.053 -1.062 -1.075 -1.087 -1.089 -1.079 -1.056 -1.019 -0.981 -0.966 -0.965 -0.976 -0.994 -1.009 -1.017 -1.021 -1.025 -1.037 -1.063 -1.101 -1.145 -1.192 -1.229 -1.259 -1.285 -1.305 -1.325 -1.349 -1.374 -1.396 -1.411 -1.419 -1.419 -1.415 -1.41 -1.405 -1.404 -1.406 -1.402 -1.398 -1.398 -1.394 -1.39 -1.389 -1.387 -1.387 -1.394 -1.4 -1.403 -1.403 -1.398 -1.391 -1.38 -1.364 -1.337 -1.32 -1.307 -1.283 -1.252 -1.221 -1.188 -1.145 -1.104 -1.077 -1.07 -1.071 -1.084 -1.097
-1.008 -1.027 -1.033 -1.033 -1.024 -1.017 -1.023 -1.04 -1.064 -1.082 -1.088 -1.08 -1.054 -1.008 -0.977 -0.973 -0.978 -0.995 -1.02 -1.037 -1.043 -1.041 -1.047 -1.07 -1.112 -1.156 -1.198 -1.236 -1.27 -1.294 -1.308 -1.318 -1.338 -1.361 -1.381 -1.398 -1.41 -1.414 -1.41 -1.404 -1.398 -1.397 -1.404 -1.413 -1.418 -1.42 -1.413 -1.405 -1.399 -1.394 -1.386 -1.385 -1.391 -1.397 -1.398 -1.396 -1.392 -1.384 -1.373 -1.355 -1.332 -1.313 -1.297 -1.27 -1.235 -1.201 -1.164 -1.125 -1.092 -1.058 -1.055 -1.058 -1.067 -1.08
-0.993 -1.003 -1.004 -1.002 -0.995 -1 -1.02 -1.049 -1.077 -1.097 -1.1 -1.091 -1.054 -1.003 -0.98 -0.984 -0.992 -1.022 -1.053 -1.07 -1.074 -1.075 -1.095 -1.128 -1.164 -1.201 -1.239 -1.276 -1.306 -1.32 -1.327 -1.337 -1.353 -1.368 -1.384 -1.399 -1.41 -1.41 -1.404 -1.397 -1.392 -1.395 -1.408 -1.418 -1.425 -1.425 -1.416 -1.407 -1.4 -1.393 -1.382 -1.38 -1.385 -1.389 -1.391 -1.388 -1.384 -1.377 -1.365 -1.347 -1.33 -1.311 -1.29 -1.259 -1.224 -1.184 -1.139 -1.1 -1.073 -1.045 -1.046 -1.044 -1.047 -1.052
-0.98 -0.982 -0.975 -0.977 -0.988 -1.01 -1.046 -1.086 -1.119 -1.14 -1.137 -1.111 -1.055 -1.005 -0.992 -1.001 -1.021 -1.061 -1.095 -1.113 -1.122 -1.136 -1.157 -1.18 -1.206 -1.24 -1.276 -1.31 -1.332 -1.344 -1.352 -1.36 -1.367 -1.375 -1.387 -1.4 -1.408 -1.408 -1.402 -1.396 -1.389 -1.396 -1.408 -1.418 -1.426 -1.425 -1.415 -1.406 -1.396 -1.386 -1.374 -1.374 -1.375 -1.378 -1.382 -1.38 -1.376 -1.369 -1.357 -1.342 -1.325 -1.306 -1.282 -1.251 -1.218 -1.174 -1.12 -1.084 -1.057 -1.037 -1.036 -1.026 -1.022 -1.017
-0.973 -0.964 -0.953 -0.966 -0.996 -1.041 -1.094 -1.141 -1.17 -1.179 -1.161 -1.116 -1.054 -1.018 -1.014 -1.029 -1.065 -1.111 -1.149 -1.171 -1.184 -1.194 -1.204 -1.219 -1.242 -1.273 -1.305 -1.333 -1.353 -1.367 -1.373 -1.375 -1.377 -1.381 -1.39 -1.398 -1.402 -1.401 -1.399 -1.397 -1.393 -1.399 -1.408 -1.417 -1.423 -1.421 -1.412 -1.401 -1.388 -1.378 -1.371 -1.369 -1.366 -1.369 -1.374 -1.372 -1.365 -1.359 -1.347 -1.334 -1.321 -1.303 -1.275 -1.255 -1.217 -1.166 -1.119 -1.083 -1.052 -1.034 -1.031 -1.017 -1.006 -0.987
-0.966 -0.946 -0.944 -0.976 -1.027 -1.086 -1.143 -1.185 -1.201 -1.194 -1.159 -1.107 -1.053 -1.034 -1.041 -1.072 -1.123 -1.166 -1.2 -1.218 -1.227 -1.232 -1.239 -1.252 -1.271 -1.295 -1.321 -1.346 -1.367 -1.378 -1.383 -1.382 -1.382 -1.384 -1.389 -1.392 -1.388 -1.386 -1.386 -1.385 -1.385 -1.39 -1.4 -1.408 -1.41 -1.408 -1.4 -1.39 -1.381 -1.373 -1.368 -1.366 -1.363 -1.365 -1.367 -1.363 -1.357 -1.347 -1.332 -1.318 -1.309 -1.299 -1.276 -1.257 -1.216 -1.166 -1.134 -1.092 -1.059 -1.039 -1.037 -1.022 -1.001 -0.981
-0.953 -0.938 -0.953 -1 -1.064 -1.13 -1.183 -1.213 -1.212 -1.185 -1.14 -1.085 -1.056 -1.064 -1.081 -1.124 -1.17 -1.209 -1.236 -1.249 -1.254 -1.26 -1.265 -1.275 -1.288 -1.303 -1.325 -1.352 -1.369 -1.381 -1.386 -1.385 -1.384 -1.383 -1.383 -1.38 -1.368 -1.363 -1.357 -1.357 -1.361 -1.372 -1.384 -1.39 -1.393 -1.389 -1.384 -1.378 -1.377 -1.371 -1.365 -1.361 -1.36 -1.359 -1.357 -1.352 -1.344 -1.326 -1.308 -1.293 -1.289 -1.289 -1.272 -1.246 -1.208 -1.173 -1.151 -1.114 -1.082 -1.063 -1.057 -1.03 -1.021 -1.001
-0.941 -0.94 -0.97 -1.03 -1.102 -1.167 -1.212 -1.225 -1.203 -1.16 -1.11 -1.073 -1.078 -1.093 -1.122 -1.167 -1.208 -1.242 -1.261 -1.261 -1.272 -1.282 -1.282 -1.28 -1.288 -1.301 -1.33 -1.352 -1.366 -1.38 -1.385 -1.384 -1.381 -1.376 -1.371 -1.356 -1.344 -1.331 -1.323 -1.316 -1.319 -1.334 -1.353 -1.363 -1.37 -1.374 -1.374 -1.371 -1.37 -1.363 -1.358 -1.357 -1.355 -1.347 -1.342 -1.335 -1.318 -1.307 -1.286 -1.273 -1.264 -1.271 -1.258 -1.236 -1.208 -1.194 -1.175 -1.133 -1.103 -1.1 -1.087 -1.072 -1.046 -1.006
-0.935 -0.951 -0.998 -1.065 -1.136 -1.193 -1.224 -1.218 -1.179 -1.13 -1.098 -1.094 -1.109 -1.127 -1.163 -1.202 -1.24 -1.265 -1.272 -1.286 -1.295 -1.295 -1.286 -1.28 -1.288 -1.312 -1.333 -1.352 -1.368 -1.378 -1.381 -1.378 -1.371 -1.363 -1.354 -1.335 -1.315 -1.293 -1.274 -1.265 -1.272 -1.285 -1.306 -1.313 -1.319 -1.332 -1.348 -1.358 -1.362 -1.358 -1.353 -1.351 -1.344 -1.33 -1.315 -1.309 -1.298 -1.28 -1.251 -1.243 -1.223 -1.242 -1.248 -1.23 -1.226 -1.217 -1.181 -1.154 -1.135 -1.14 -1.125 -1.101 -1.056 -1.009
-0.946 -0.979 -1.035 -1.1 -1.166 -1.212 -1.227 -1.202 -1.158 -1.128 -1.119 -1.127 -1.145 -1.17 -1.199 -1.235 -1.269 -1.286 -1.298 -1.31 -1.311 -1.301 -1.289 -1.289 -1.304 -1.32 -1.333 -1.352 -1.368 -1.376 -1.376 -1.369 -1.361 -1.353 -1.331 -1.307 -1.282 -1.256 -1.229 -1.219 -1.228 -1.246 -1.264 -1.275 -1.285 -1.301 -1.319 -1.334 -1.345 -1.352 -1.352 -1.342 -1.326 -1.306 -1.283 -1.273 -1.266 -1.246 -1.22 -1.207 -1.182 -1.196 -1.229 -1.238 -1.237 -1.218 -1.193 -1.177 -1.177 -1.172 -1.141 -1.115 -1.087 -1.04
-0.976 -1.019 -1.077 -1.139 -1.194 -1.225 -1.229 -1.202 -1.169 -1.152 -1.153 -1.167 -1.186 -1.209 -1.237 -1.268 -1.295 -1.314 -1.324 -1.329 -1.325 -1.313 -1.307 -1.308 -1.319 -1.328 -1.34 -1.357 -1.369 -1.375 -1.37 -1.361 -1.357 -1.334 -1.308 -1.278 -1.25 -1.221 -1.196 -1.197 -1.202 -1.224 -1.24 -1.251 -1.262 -1.283 -1.302 -1.319 -1.334 -1.342 -1.34 -1.326 -1.299 -1.271 -1.249 -1.235 -1.236 -1.207 -1.182 -1.163 -1.132 -1.149 -1.19 -1.218 -1.232 -1.225 -1.214 -1.211 -1.206 -1.19 -1.165 -1.15 -1.106 -1.055
-1.022 -1.072 -1.129 -1.183 -1.224 -1.243 -1.242 -1.223 -1.2 -1.188 -1.192 -1.205 -1.223 -1.246 -1.272 -1.297 -1.317 -1.331 -1.34 -1.343 -1.341 -1.334 -1.331 -1.331 -1.335 -1.342 -1.352 -1.364 -1.373 -1.374 -1.364 -1.36 -1.355 -1.325 -1.3 -1.265 -1.233 -1.207 -1.195 -1.199 -1.211 -1.226 -1.239 -1.249 -1.263 -1.285 -1.301 -1.319 -1.332 -1.335 -1.326 -1.298 -1.264 -1.233 -1.215 -1.204 -1.196 -1.166 -1.138 -1.109 -1.094 -1.111 -1.134 -1.18 -1.202 -1.215 -1.22 -1.22 -1.212 -1.205 -1.186 -1.153 -1.112 -1.062
-1.084 -1.135 -1.188 -1.232 -1.261 -1.272 -1.267 -1.253 -1.238 -1.228 -1.23 -1.241 -1.258 -1.279 -1.301 -1.319 -1.334 -1.344 -1.351 -1.354 -1.353 -1.351 -1.35 -1.349 -1.352 -1.357 -1.365 -1.373 -1.379 -1.375 -1.367 -1.361 -1.356 -1.334 -1.305 -1.276 -1.251 -1.226 -1.216 -1.223 -1.227 -1.236 -1.25 -1.267 -1.281 -1.295 -1.31 -1.331 -1.341 -1.337 -1.318 -1.28 -1.244 -1.214 -1.188 -1.171 -1.146 -1.117 -1.091 -1.06 -1.051 -1.057 -1.085 -1.134 -1.151 -1.173 -1.189 -1.202 -1.21 -1.212 -1.191 -1.157 -1.118 -1.072
-1.153 -1.2 -1.247 -1.281 -1.299 -1.302 -1.295 -1.282 -1.269 -1.262 -1.264 -1.274 -1.289 -1.306 -1.322 -1.336 -1.346 -1.353 -1.358 -1.36 -1.359 -1.359 -1.36 -1.362 -1.365 -1.37 -1.374 -1.38 -1.383 -1.378 -1.373 -1.365 -1.363 -1.348 -1.32 -1.297 -1.272 -1.251 -1.244 -1.25 -1.25 -1.26 -1.274 -1.289 -1.299 -1.31 -1.325 -1.347 -1.354 -1.35 -1.326 -1.295 -1.245 -1.2 -1.162 -1.157 -1.124 -1.091 -1.054 -1.028 -1.006 -1.02 -1.052 -1.081 -1.091 -1.123 -1.143 -1.155 -1.176 -1.205 -1.203 -1.172 -1.138 -1.086
-1.222 -1.262 -1.297 -1.32 -1.33 -1.326 -1.317 -1.304 -1.295 -1.291 -1.294 -1.302 -1.314 -1.325 -1.336 -1.345 -1.352 -1.358 -1.361 -1.36 -1.359 -1.361 -1.364 -1.368 -1.373 -1.377 -1.38 -1.384 -1.385 -1.383 -1.381 -1.376 -1.376 -1.361 -1.342 -1.322 -1.298 -1.28 -1.276 -1.283 -1.291 -1.299 -1.31 -1.319 -1.325 -1.334 -1.346 -1.359 -1.364 -1.361 -1.347 -1.32 -1.267 -1.214 -1.173 -1.173 -1.131 -1.094 -1.047 -1.001 -0.987 -1.004 -1.005 -1.023 -1.035 -1.07 -1.083 -1.099 -1.118 -1.172 -1.196 -1.175 -1.142 -1.089
