data/climatemaps/RS_maps/climate_winter_pr_2009.asc
NCOLS 369 
NROWS 228 
XLLCORNER 479000 
YLLCORNER 73000 
CELLSIZE 1000 
NODATA_value -9 
[rows 132 to 164 of 228, columns 75 to 149 of 369]
-0.037 -0.007 0.049 0.074 0.071 0.06 0.071 0.066 0.042 0.069 0.1 0.147 0.206 0.264 0.277 0.249 0.17 0.027 -0.133 -0.285 -0.386 -0.387 -0.316 -0.192 -0.064 0.026 0.121 0.194 0.21 0.217 0.286 0.25 0.207 0.044 -0.028 0.021 0.116 0.099 0.063 0.078 0.203 0.243 0.229 0.126 0.018 -0.118 -0.231 -0.333 -0.324 -0.313 -0.316 -0.362 -0.359 -0.356 -0.377 -0.381 -0.402 -0.42 -0.458 -0.441 -0.423 -0.455 -0.492 -0.56 -0.596 -0.665 -0.744 -0.798 -0.815 -0.815 -0.797 -0.774 -0.749 -0.721 -0.697
-0.021 0.029 0.075 0.092 0.099 0.106 0.099 0.065 0.056 0.078 0.098 0.13 0.182 0.224 0.232 0.199 0.095 -0.051 -0.196 -0.342 -0.43 -0.402 -0.306 -0.176 -0.111 -0.064 -0.024 0.006 0.07 0.105 0.19 0.201 0.14 0.024 0.046 0.068 0.152 0.164 0.197 0.246 0.241 0.172 0.065 -0.094 -0.245 -0.363 -0.441 -0.474 -0.503 -0.519 -0.541 -0.561 -0.575 -0.577 -0.572 -0.563 -0.572 -0.544 -0.486 -0.413 -0.319 -0.236 -0.274 -0.452 -0.556 -0.598 -0.661 -0.722 -0.743 -0.765 -0.764 -0.742 -0.702 -0.655 -0.617
-0.023 0.036 0.086 0.12 0.149 0.161 0.14 0.092 0.063 0.054 0.064 0.095 0.141 0.186 0.202 0.15 0.023 -0.123 -0.258 -0.402 -0.478 -0.43 -0.307 -0.214 -0.221 -0.198 -0.181 -0.157 -0.1 -0.013 0.121 0.199 0.188 0.115 0.096 0.119 0.23 0.246 0.301 0.325 0.248 0.074 -0.116 -0.299 -0.44 -0.478 -0.465 -0.459 -0.487 -0.508 -0.511 -0.523 -0.54 -0.557 -0.537 -0.564 -0.569 -0.479 -0.362 -0.248 -0.101 0.048 0.035 -0.243 -0.497 -0.578 -0.61 -0.636 -0.625 -0.635 -0.646 -0.621 -0.565 -0.472 -0.386
-0.035 0.031 0.079 0.15 0.195 0.211 0.183 0.122 0.067 0.029 0.025 0.053 0.11 0.158 0.149 0.065 -0.059 -0.185 -0.32 -0.465 -0.528 -0.465 -0.324 -0.258 -0.31 -0.333 -0.276 -0.19 -0.156 -0.082 0.099 0.203 0.182 0.176 0.101 0.186 0.235 0.233 0.229 0.288 0.146 -0.024 -0.24 -0.418 -0.489 -0.451 -0.385 -0.326 -0.32 -0.316 -0.283 -0.29 -0.353 -0.412 -0.416 -0.545 -0.498 -0.356 -0.189 -0.071 0.058 0.175 0.14 -0.111 -0.42 -0.589 -0.603 -0.588 -0.538 -0.465 -0.441 -0.397 -0.362 -0.223 -0.08
-0.057 0.026 0.075 0.163 0.221 0.246 0.212 0.151 0.087 0.035 0.013 0.019 0.061 0.086 0.051 -0.024 -0.118 -0.234 -0.358 -0.511 -0.572 -0.497 -0.353 -0.333 -0.401 -0.397 -0.302 -0.207 -0.161 -0.136 0.038 0.144 0.16 0.146 0.085 0.109 0.143 0.205 0.1 0.067 -0.011 -0.221 -0.401 -0.479 -0.413 -0.353 -0.285 -0.142 -0.129 -0.06 -0.05 -0.099 -0.211 -0.282 -0.391 -0.512 -0.407 -0.248 -0.067 0.11 0.191 0.124 0.019 -0.17 -0.436 -0.612 -0.605 -0.55 -0.465 -0.385 -0.285 -0.195 -0.132 0.022 0.097
-0.074 0.014 0.072 0.16 0.228 0.242 0.219 0.173 0.108 0.057 0.022 0.005 0.008 0.008 -0.017 -0.07 -0.154 -0.269 -0.395 -0.545 -0.61 -0.526 -0.437 -0.453 -0.472 -0.436 -0.357 -0.271 -0.191 -0.16 -0.008 0.081 0.089 -0.009 -0.022 -0.093 -0.029 0.051 -0.006 -0.129 -0.238 -0.39 -0.432 -0.398 -0.288 -0.222 -0.152 0.034 0.036 0.072 0.027 -0.063 -0.143 -0.301 -0.427 -0.448 -0.316 -0.166 0.011 0.221 0.181 0.044 -0.134 -0.311 -0.539 -0.636 -0.591 -0.48 -0.35 -0.271 -0.237 -0.108 0.094 0.211 0.165
-0.059 0.009 0.077 0.152 0.203 0.223 0.207 0.166 0.115 0.072 0.051 0.034 0.023 0.007 -0.024 -0.083 -0.176 -0.294 -0.424 -0.562 -0.635 -0.576 -0.542 -0.511 -0.468 -0.449 -0.409 -0.341 -0.323 -0.204 -0.081 -0.097 -0.129 -0.225 -0.234 -0.259 -0.125 0.005 -0.042 -0.18 -0.33 -0.452 -0.396 -0.326 -0.208 -0.088 0.021 0.145 0.096 0.023 -0.037 -0.154 -0.253 -0.365 -0.373 -0.349 -0.22 -0.088 0.103 0.195 0.086 -0.083 -0.285 -0.492 -0.62 -0.647 -0.559 -0.376 -0.22 -0.115 -0.139 0.012 0.149 0.289 0.294
-0.038 0.007 0.072 0.137 0.184 0.189 0.176 0.133 0.103 0.1 0.117 0.116 0.09 0.057 0.012 -0.066 -0.182 -0.305 -0.436 -0.568 -0.636 -0.606 -0.534 -0.443 -0.348 -0.289 -0.373 -0.435 -0.435 -0.319 -0.304 -0.329 -0.304 -0.291 -0.314 -0.339 -0.153 -0.052 -0.077 -0.186 -0.364 -0.482 -0.382 -0.295 -0.17 0.023 0.103 0.121 0.107 0.077 -0.084 -0.215 -0.26 -0.265 -0.239 -0.255 -0.095 0.053 0.202 0.14 -0.013 -0.237 -0.47 -0.601 -0.623 -0.614 -0.546 -0.332 -0.145 -0.052 0.027 0.218 0.221 0.278 0.424
-0.025 0.004 0.071 0.135 0.157 0.132 0.111 0.09 0.104 0.153 0.213 0.226 0.18 0.123 0.09 -0.016 -0.164 -0.297 -0.44 -0.569 -0.601 -0.507 -0.377 -0.274 -0.278 -0.149 -0.205 -0.374 -0.393 -0.419 -0.433 -0.293 -0.205 -0.188 -0.159 -0.278 -0.212 -0.127 -0.09 -0.195 -0.391 -0.495 -0.406 -0.279 -0.129 0.057 0.102 0.228 0.236 0.217 -0.081 -0.053 -0.084 -0.116 -0.18 -0.138 -0.001 0.139 0.189 0.031 -0.168 -0.395 -0.581 -0.63 -0.571 -0.483 -0.52 -0.396 -0.233 -0.039 0.195 0.3 0.266 0.32 0.565
-0.02 0.013 0.073 0.107 0.103 0.093 0.07 0.068 0.132 0.23 0.307 0.298 0.226 0.197 0.225 0.065 -0.097 -0.262 -0.415 -0.55 -0.519 -0.372 -0.228 -0.179 -0.197 -0.09 -0.13 -0.301 -0.212 -0.271 -0.315 -0.162 -0.122 -0.072 -0.059 -0.234 -0.177 -0.095 -0.092 -0.241 -0.41 -0.524 -0.458 -0.287 -0.103 0.033 0.155 0.314 0.32 0.156 -0.067 0.009 0.056 0.023 -0.128 -0.004 0.125 0.155 0.087 -0.068 -0.316 -0.507 -0.633 -0.62 -0.492 -0.376 -0.409 -0.424 -0.258 0.03 0.171 0.177 0.31 0.433 0.557
-0.008 0.024 0.051 0.064 0.072 0.064 0.048 0.074 0.173 0.287 0.329 0.265 0.228 0.279 0.289 0.153 -0.007 -0.203 -0.38 -0.525 -0.492 -0.408 -0.232 -0.115 -0.12 -0.012 -0.037 -0.19 -0.058 -0.02 -0.056 -0.117 -0.009 0.03 -0.076 -0.148 -0.032 0.013 -0.071 -0.229 -0.356 -0.524 -0.503 -0.315 -0.172 0.026 0.184 0.217 0.169 0.011 0.003 0.125 0.16 0.054 -0.038 0.048 0.258 0.192 -0.023 -0.164 -0.378 -0.545 -0.653 -0.597 -0.438 -0.261 -0.261 -0.293 -0.272 -0.121 -0.017 0.099 0.253 0.298 0.476
0.016 0.02 0.033 0.062 0.06 0.033 0.036 0.087 0.184 0.29 0.301 0.26 0.269 0.316 0.297 0.184 0.098 -0.126 -0.359 -0.515 -0.526 -0.404 -0.17 -0.106 -0.029 0.179 0.06 -0.091 0.077 0.069 0.009 -0.028 0.097 0.083 -0.039 0.021 0.112 0.103 -0.036 -0.155 -0.35 -0.552 -0.524 -0.414 -0.245 -0.02 0.169 0.336 0.215 0.011 0.027 0.058 0.146 0.151 0.109 0.056 0.256 0.109 -0.063 -0.271 -0.43 -0.511 -0.642 -0.59 -0.431 -0.183 -0.13 -0.117 -0.185 0 -0.003 -0.012 0.06 0.175 0.351
0.02 0.025 0.056 0.06 0.039 0.016 0.035 0.117 0.226 0.31 0.298 0.294 0.355 0.372 0.358 0.26 0.203 -0.073 -0.349 -0.518 -0.515 -0.346 -0.15 -0.121 0.079 0.251 0.172 0.036 0.078 0.09 0.066 0.128 0.183 0.096 0.074 0.19 0.201 0.108 0.045 -0.092 -0.378 -0.566 -0.552 -0.429 -0.249 -0.039 0.166 0.251 0.115 0.09 0.025 0.125 0.136 0.223 0.194 0.131 0.212 0.021 -0.191 -0.345 -0.365 -0.372 -0.6 -0.571 -0.391 -0.146 0.001 -0.001 -0.107 -0.017 0.085 0.108 0.157 0.272 0.397
0.042 0.044 0.062 0.057 0.036 0.013 0.044 0.147 0.259 0.309 0.283 0.336 0.432 0.493 0.401 0.358 0.246 -0.063 -0.368 -0.504 -0.45 -0.303 -0.116 -0.042 0.156 0.334 0.273 0.099 0.107 0.176 0.181 0.204 0.155 0.118 0.198 0.272 0.22 0.176 0.101 -0.075 -0.393 -0.567 -0.555 -0.462 -0.336 -0.127 0.066 0.125 0.151 0.208 0.055 0.113 0.194 0.252 0.324 0.304 0.147 -0.084 -0.303 -0.336 -0.251 -0.252 -0.533 -0.538 -0.348 -0.079 0.093 0.111 0.014 -0.042 0.016 0.131 0.288 0.37 0.437
0.091 0.066 0.072 0.067 0.038 0.016 0.051 0.139 0.224 0.274 0.265 0.368 0.499 0.512 0.415 0.358 0.181 -0.155 -0.384 -0.469 -0.375 -0.232 -0.058 0.105 0.256 0.332 0.211 0.114 0.147 0.187 0.121 0.129 0.178 0.187 0.232 0.228 0.17 0.148 0.076 -0.146 -0.373 -0.543 -0.577 -0.501 -0.367 -0.173 0.036 0.157 0.209 0.243 0.113 0.094 0.212 0.251 0.32 0.25 0.039 -0.185 -0.344 -0.265 -0.126 -0.097 -0.412 -0.492 -0.311 -0.09 0.119 0.212 0.159 0.133 0.094 0.083 0.199 0.337 0.431
0.155 0.11 0.093 0.08 0.041 0.02 0.05 0.1 0.149 0.21 0.253 0.386 0.476 0.404 0.344 0.27 0.034 -0.241 -0.379 -0.416 -0.342 -0.232 -0.017 0.19 0.291 0.283 0.182 0.126 0.146 0.121 0.05 0.04 0.153 0.15 0.173 0.177 0.103 0.037 -0.031 -0.184 -0.291 -0.481 -0.577 -0.452 -0.366 -0.212 -0.043 0.073 0.147 0.231 0.154 0.106 0.176 0.245 0.228 0.125 -0.05 -0.248 -0.327 -0.203 -0.03 0.032 -0.238 -0.434 -0.338 -0.18 0.021 0.168 0.219 0.285 0.261 0.178 0.154 0.26 0.39
0.226 0.177 0.137 0.11 0.046 0.026 0.067 0.106 0.126 0.169 0.265 0.358 0.407 0.398 0.357 0.152 -0.117 -0.303 -0.352 -0.358 -0.319 -0.189 0.03 0.204 0.253 0.221 0.107 0.106 0.035 0.041 -0.003 -0.05 0.06 0.085 0.044 0.023 -0.022 -0.058 -0.089 -0.102 -0.186 -0.432 -0.541 -0.442 -0.393 -0.31 -0.276 -0.164 -0.033 0.118 0.199 0.204 0.23 0.275 0.154 0.022 -0.154 -0.307 -0.272 -0.141 0.004 0.076 -0.081 -0.367 -0.417 -0.262 -0.088 0.117 0.266 0.339 0.374 0.302 0.21 0.257 0.411
0.276 0.239 0.193 0.124 0.044 0.04 0.093 0.148 0.157 0.202 0.292 0.375 0.451 0.456 0.354 0.065 -0.209 -0.335 -0.316 -0.293 -0.271 -0.148 0.059 0.15 0.126 0.069 0.018 -0.013 -0.094 -0.05 -0.089 -0.148 -0.039 -0.042 -0.098 -0.138 -0.116 -0.058 -0.036 0.006 -0.101 -0.38 -0.52 -0.487 -0.454 -0.432 -0.408 -0.264 -0.143 -0.01 0.142 0.273 0.309 0.234 0.081 -0.055 -0.232 -0.32 -0.227 -0.104 0.017 0.111 -0.001 -0.313 -0.429 -0.282 -0.132 0.019 0.161 0.299 0.398 0.421 0.349 0.298 0.407
0.275 0.26 0.212 0.079 0.038 0.09 0.093 0.131 0.17 0.259 0.357 0.46 0.551 0.458 0.253 -0.032 -0.266 -0.336 -0.285 -0.23 -0.22 -0.083 0.059 0.054 -0.033 -0.103 -0.125 -0.188 -0.169 -0.136 -0.2 -0.261 -0.175 -0.232 -0.281 -0.244 -0.144 -0.023 0.021 0.099 -0.026 -0.278 -0.474 -0.546 -0.522 -0.537 -0.436 -0.302 -0.169 -0.009 0.117 0.288 0.315 0.191 0.072 -0.077 -0.277 -0.305 -0.195 -0.08 0.073 0.168 0.023 -0.297 -0.439 -0.335 -0.266 -0.179 -0.078 0.157 0.335 0.501 0.485 0.393 0.396
0.251 0.217 0.131 0.033 0.057 0.139 0.137 0.149 0.205 0.274 0.361 0.489 0.517 0.381 0.148 -0.11 -0.282 -0.319 -0.308 -0.24 -0.168 -0.079 -0.056 -0.08 -0.111 -0.186 -0.278 -0.318 -0.305 -0.305 -0.358 -0.395 -0.373 -0.418 -0.419 -0.306 -0.175 -0.048 0.031 0.108 0.021 -0.167 -0.336 -0.48 -0.578 -0.589 -0.499 -0.395 -0.229 0.003 0.122 0.205 0.2 0.16 0.046 -0.149 -0.295 -0.275 -0.164 -0.029 0.114 0.122 -0.053 -0.336 -0.455 -0.437 -0.397 -0.34 -0.217 0.059 0.314 0.513 0.577 0.532 0.462
0.18 0.113 0.03 -0.009 0.055 0.15 0.145 0.188 0.267 0.329 0.388 0.521 0.497 0.31 0.075 -0.146 -0.256 -0.278 -0.303 -0.263 -0.207 -0.187 -0.229 -0.237 -0.197 -0.267 -0.382 -0.408 -0.412 -0.414 -0.431 -0.464 -0.505 -0.541 -0.511 -0.371 -0.238 -0.13 -0.029 0.055 0.05 -0.056 -0.157 -0.314 -0.54 -0.609 -0.532 -0.46 -0.322 -0.074 0.044 0.067 0.055 0.043 -0.063 -0.224 -0.276 -0.256 -0.14 0.024 0.126 0.07 -0.132 -0.358 -0.391 -0.387 -0.357 -0.289 -0.179 0.019 0.286 0.48 0.497 0.466 0.442
0.048 -0.011 -0.044 -0.061 0.004 0.116 0.078 0.2 0.312 0.374 0.443 0.56 0.474 0.254 0.077 -0.138 -0.258 -0.301 -0.346 -0.348 -0.313 -0.375 -0.416 -0.397 -0.355 -0.402 -0.425 -0.385 -0.327 -0.317 -0.321 -0.354 -0.488 -0.576 -0.575 -0.451 -0.369 -0.287 -0.174 -0.064 0.055 0.036 -0.011 -0.168 -0.43 -0.618 -0.567 -0.464 -0.366 -0.149 -0.053 -0.017 0.045 -0.041 -0.109 -0.244 -0.182 -0.212 -0.065 0.127 0.126 0.007 -0.187 -0.343 -0.235 -0.216 -0.22 -0.129 -0.056 0.051 0.279 0.328 0.3 0.347 0.402
-0.069 -0.092 -0.116 -0.133 -0.094 -0.028 0.002 0.099 0.225 0.309 0.463 0.509 0.4 0.303 0.226 -0.074 -0.284 -0.389 -0.48 -0.488 -0.485 -0.518 -0.504 -0.474 -0.449 -0.395 -0.276 -0.19 -0.125 -0.113 -0.136 -0.245 -0.357 -0.523 -0.593 -0.558 -0.464 -0.333 -0.169 -0.059 0.046 0.115 0.059 -0.058 -0.323 -0.575 -0.617 -0.543 -0.43 -0.241 -0.092 -0.002 0.035 -0.01 -0.051 -0.193 -0.106 -0.013 0.101 0.173 0.047 -0.031 -0.185 -0.259 -0.178 -0.155 -0.14 -0.064 0.06 0.09 0.134 0.176 0.252 0.36 0.446
-0.142 -0.16 -0.182 -0.203 -0.194 -0.15 -0.08 0.01 0.139 0.216 0.419 0.46 0.338 0.393 0.397 0.088 -0.209 -0.395 -0.491 -0.53 -0.557 -0.539 -0.473 -0.423 -0.394 -0.311 -0.107 0.013 0.109 0.062 -0.034 -0.147 -0.229 -0.465 -0.568 -0.58 -0.444 -0.339 -0.153 -0.009 -0.011 0.184 0.112 0.042 -0.264 -0.525 -0.633 -0.594 -0.482 -0.308 -0.117 -0.061 -0.021 0.008 0.007 -0.173 -0.041 0.162 0.256 0.128 -0.001 0.075 -0.1 -0.302 -0.277 -0.24 -0.217 -0.12 0.031 -0.039 -0.088 0.083 0.268 0.413 0.483
-0.177 -0.203 -0.233 -0.261 -0.266 -0.214 -0.131 -0.096 -0.004 0.13 0.335 0.429 0.411 0.413 0.416 0.231 0.025 -0.155 -0.287 -0.385 -0.434 -0.421 -0.34 -0.307 -0.259 -0.218 -0.06 0.113 0.141 0.103 0.021 -0.071 -0.229 -0.432 -0.461 -0.514 -0.463 -0.307 -0.18 0.001 -0.013 0.124 0.146 0.007 -0.202 -0.425 -0.586 -0.572 -0.458 -0.322 -0.185 -0.088 0.001 0.091 0.078 -0.037 0.028 0.124 0.168 0.085 0.067 0.034 -0.042 -0.097 -0.213 -0.258 -0.281 -0.237 -0.157 -0.188 -0.107 0.126 0.309 0.367 0.374
-0.186 -0.221 -0.261 -0.298 -0.324 -0.3 -0.238 -0.207 -0.072 0.098 0.316 0.462 0.491 0.427 0.416 0.341 0.219 0.035 -0.103 -0.178 -0.238 -0.317 -0.251 -0.185 -0.121 -0.121 0.012 0.178 0.147 0.132 0.075 -0.052 -0.255 -0.395 -0.339 -0.456 -0.501 -0.31 -0.223 -0.037 -0.061 0.072 0.095 -0.002 -0.106 -0.302 -0.528 -0.558 -0.452 -0.32 -0.19 -0.083 0.009 0.186 0.159 0.078 0.106 0.184 0.182 0.095 0.1 0.002 0.011 0.072 -0.001 -0.046 -0.105 -0.264 -0.243 -0.203 -0.006 0.176 0.271 0.253 0.218
-0.178 -0.218 -0.264 -0.314 -0.359 -0.376 -0.33 -0.239 -0.123 0.069 0.283 0.437 0.505 0.493 0.408 0.387 0.254 0.111 0.07 0.013 -0.073 -0.196 -0.217 -0.146 -0.059 -0.003 0.103 0.192 0.197 0.16 0.122 0.026 -0.202 -0.348 -0.311 -0.421 -0.537 -0.436 -0.319 -0.183 -0.103 0.007 0.035 0.044 -0.03 -0.245 -0.423 -0.496 -0.481 -0.37 -0.242 -0.116 0.049 0.136 0.114 0.108 0.153 0.23 0.24 0.184 0.093 0.062 0.04 0.139 0.177 0.168 0.082 -0.042 -0.002 0.07 0.099 0.117 0.125 0.116 0.073
-0.155 -0.2 -0.252 -0.309 -0.366 -0.41 -0.39 -0.288 -0.165 -0.005 0.161 0.352 0.495 0.564 0.479 0.4 0.29 0.195 0.174 0.123 0.053 -0.035 -0.119 -0.13 -0.066 -0.015 0.057 0.164 0.231 0.209 0.204 0.093 -0.181 -0.352 -0.321 -0.394 -0.558 -0.545 -0.445 -0.324 -0.181 -0.058 -0.013 0.045 -0.026 -0.231 -0.299 -0.349 -0.435 -0.407 -0.283 -0.138 0.024 0.121 0.159 0.176 0.232 0.302 0.288 0.203 0.11 0.144 0.068 0.152 0.247 0.304 0.18 0.132 0.197 0.222 0.096 -0.004 -0.042 -0.065 -0.106
-0.113 -0.165 -0.224 -0.289 -0.355 -0.412 -0.432 -0.327 -0.208 -0.139 0.01 0.284 0.51 0.571 0.542 0.465 0.406 0.321 0.277 0.194 0.132 0.123 0.062 -0.038 -0.024 0.014 0.002 0.134 0.251 0.195 0.126 0.01 -0.222 -0.353 -0.332 -0.388 -0.524 -0.584 -0.505 -0.385 -0.267 -0.118 -0.041 -0.016 -0.052 -0.187 -0.209 -0.16 -0.256 -0.314 -0.209 -0.035 0.068 0.199 0.279 0.306 0.322 0.339 0.298 0.188 0.127 0.172 0.162 0.099 0.127 0.18 0.211 0.205 0.202 0.144 -0.003 -0.136 -0.236 -0.3 -0.299
-0.049 -0.109 -0.179 -0.256 -0.333 -0.402 -0.442 -0.387 -0.29 -0.177 0.008 0.257 0.438 0.53 0.599 0.566 0.511 0.444 0.381 0.249 0.173 0.172 0.144 0.057 0.057 0.105 0.014 0.115 0.202 0.12 0.078 -0.017 -0.229 -0.344 -0.321 -0.364 -0.457 -0.551 -0.492 -0.37 -0.272 -0.139 -0.077 -0.047 -0.028 -0.102 -0.141 -0.046 -0.067 -0.143 -0.074 0.052 0.152 0.266 0.285 0.302 0.297 0.294 0.279 0.176 0.115 0.103 0.061 -0.037 -0.049 0.048 0.188 0.181 0.135 0.027 -0.156 -0.314 -0.417 -0.441 -0.333
0.045 -0.031 -0.117 -0.211 -0.302 -0.383 -0.437 -0.42 -0.274 -0.089 0.071 0.221 0.392 0.553 0.676 0.636 0.577 0.527 0.4 0.248 0.189 0.166 0.16 0.131 0.11 0.129 0.061 0.128 0.144 0.107 0.136 0.037 -0.201 -0.321 -0.303 -0.303 -0.359 -0.452 -0.42 -0.296 -0.204 -0.117 -0.068 -0.006 0.011 -0.026 -0.046 0.041 0.084 0.032 0.034 0.09 0.177 0.238 0.22 0.2 0.197 0.214 0.234 0.126 0.02 -0.087 -0.182 -0.217 -0.148 0.006 0.127 0.147 0.097 -0.09 -0.327 -0.464 -0.488 -0.422 -0.265
0.178 0.074 -0.036 -0.154 -0.264 -0.359 -0.426 -0.42 -0.202 -0.052 0.041 0.192 0.417 0.638 0.716 0.631 0.615 0.505 0.337 0.196 0.209 0.199 0.198 0.218 0.172 0.136 0.105 0.15 0.096 0.123 0.166 0.047 -0.198 -0.297 -0.245 -0.213 -0.256 -0.291 -0.31 -0.237 -0.139 -0.023 0.009 0.029 0.025 0.073 0.077 0.116 0.149 0.134 0.108 0.108 0.137 0.162 0.199 0.191 0.21 0.239 0.269 -0.014 -0.2 -0.306 -0.346 -0.276 -0.124 -0.007 0.075 0.101 0.063 -0.182 -0.449 -0.473 -0.432 -0.349 -0.2
0.404 0.228 0.061 -0.089 -0.223 -0.334 -0.397 -0.342 -0.169 -0.055 0.055 0.243 0.471 0.648 0.654 0.535 0.456 0.348 0.212 0.157 0.208 0.208 0.193 0.195 0.173 0.136 0.128 0.138 0.098 0.134 0.106 -0.034 -0.172 -0.238 -0.181 -0.099 -0.089 -0.14 -0.171 -0.118 -0.04 0.052 0.091 0.13 0.128 0.138 0.122 0.132 0.137 0.126 0.104 0.09 0.089 0.084 0.1 0.137 0.174 0.189 0.153 -0.128 -0.341 -0.364 -0.322 -0.242 -0.151 -0.092 -0.006 0.038 -0.015 -0.267 -0.486 -0.443 -0.391 -0.298 -0.176
