data/climatemaps/RS_maps/climate_winter_pr_2015.asc
NCOLS 369 
NROWS 228 
XLLCORNER 479000 
YLLCORNER 73000 
CELLSIZE 1000 
NODATA_value -9 
[rows 105 to 139 of 228, columns 156 to 233 of 369]
0.571 0.596 0.574 0.662 0.82 1.028 1.186 1.1 0.72 0.735 0.888 1.225 1.684 1.833 2.057 2.052 1.916 1.926 1.772 1.761 1.888 1.91 1.968 1.879 1.577 1.226 0.929 0.757 0.682 0.616 0.678 0.98 1.461 1.955 2.185 2.272 1.928 1.256 1.178 1.58 1.93 2.255 2.713 3.021 3.059 2.813 2.431 1.921 1.777 1.725 1.482 1.433 0.986 0.667 0.529 0.531 0.87 1.148 1.381 1.55 1.682 1.829 1.976 2.204 2.28 2.281 2.441 2.562 2.503 2.445 2.281 2.024 1.9 2.101 2.07 2.026 1.868 1.555
0.468 0.483 0.518 0.697 0.942 1.287 1.35 1.08 0.749 0.738 0.935 1.337 1.663 1.962 2.241 2.157 2.088 1.971 1.912 1.85 1.768 1.721 1.693 1.605 1.373 1.09 0.846 0.731 0.667 0.647 0.751 1.097 1.672 2.141 2.314 2.295 1.769 1.215 1.197 1.461 1.816 2.302 2.857 3.115 3.029 2.785 2.447 1.993 2.142 1.894 1.653 1.516 1.022 0.692 0.549 0.512 0.778 1.081 1.23 1.241 1.316 1.46 1.61 1.879 2.066 2.179 2.319 2.387 2.399 2.325 2.234 2.216 2.135 2.265 2.195 1.902 1.539 1.335
0.45 0.432 0.559 0.765 1.107 1.44 1.372 1.169 0.82 0.763 1.04 1.298 1.631 2.027 2.243 2.224 2.139 1.978 1.943 1.774 1.59 1.483 1.393 1.301 1.132 0.909 0.765 0.709 0.679 0.717 0.848 1.204 1.81 2.29 2.359 2.141 1.509 1.26 1.329 1.267 1.592 2.147 2.638 2.992 3.109 3.017 2.689 2.21 2.321 1.921 1.773 1.735 1.262 0.775 0.583 0.48 0.512 0.766 0.849 0.846 0.92 1.078 1.219 1.467 1.592 1.707 1.83 2.056 2.262 2.203 2.259 2.32 2.377 2.404 2.12 1.723 1.529 1.452
0.488 0.437 0.614 0.894 1.219 1.389 1.367 1.227 0.841 0.768 1.105 1.189 1.506 1.894 2.186 2.244 2.153 2.008 1.778 1.576 1.381 1.229 1.125 1.034 0.869 0.741 0.702 0.712 0.716 0.789 1.015 1.419 1.938 2.276 2.257 1.915 1.391 1.284 1.357 1.314 1.598 2.174 2.683 3.2 3.214 3.063 2.666 2.455 2.501 2.013 2.018 2.122 1.514 0.977 0.643 0.5 0.421 0.448 0.505 0.563 0.667 0.779 0.907 1.089 1.204 1.272 1.4 1.527 1.693 1.828 1.978 2.142 2.319 2.297 1.999 1.82 1.717 1.604
0.483 0.443 0.636 0.926 1.139 1.279 1.338 1.155 0.858 0.74 0.932 1.071 1.414 1.839 2.146 2.264 2.211 2.054 1.667 1.361 1.14 0.976 0.86 0.749 0.654 0.626 0.664 0.754 0.792 0.98 1.29 1.615 2.017 2.32 2.156 1.657 1.318 1.338 1.504 1.698 1.866 2.314 2.799 3.249 3.322 3.212 2.817 2.854 2.955 2.549 2.508 2.244 1.603 1.212 0.812 0.528 0.404 0.349 0.422 0.572 0.727 0.911 0.939 0.982 1.023 1.026 1.041 1.097 1.188 1.344 1.565 1.904 2.097 2.15 2.029 2.015 1.859 1.783
0.477 0.525 0.668 0.826 1.028 1.244 1.399 1.279 0.964 0.732 0.838 1.048 1.394 1.826 2.012 2.201 2.09 1.855 1.539 1.204 0.939 0.76 0.637 0.559 0.536 0.586 0.724 0.926 0.986 1.027 1.255 1.428 1.879 2.254 1.869 1.439 1.387 1.619 1.799 2.067 2.15 2.469 2.856 3.335 3.482 3.596 3.184 3.129 3.288 2.989 2.54 1.931 1.612 1.506 1.03 0.583 0.384 0.32 0.442 0.638 0.755 1.056 1.231 1.308 1.326 1.156 0.954 1.085 1.166 1.275 1.51 1.884 2.131 2.177 2.134 2.162 2.07 1.885
0.485 0.634 0.777 0.882 1.04 1.338 1.569 1.449 1.005 0.819 0.997 1.188 1.413 1.835 1.932 2.008 1.873 1.585 1.333 1.035 0.777 0.638 0.538 0.489 0.538 0.688 0.957 1.235 1.442 1.168 1.114 1.437 1.894 2.023 1.774 1.418 1.439 1.651 1.851 2.214 2.349 2.55 2.854 3.244 3.452 3.677 3.644 3.425 3.319 3.185 2.544 2.019 1.903 1.63 1.11 0.647 0.367 0.368 0.484 0.626 0.811 1.101 1.468 1.667 1.755 1.509 1.164 1.405 1.473 1.521 1.699 1.915 2.259 2.312 2.344 2.343 2.19 1.855
0.543 0.632 0.775 0.942 1.116 1.576 1.642 1.414 1.013 0.949 1.191 1.336 1.493 1.861 1.92 1.833 1.666 1.391 1.14 0.905 0.731 0.608 0.52 0.542 0.709 0.936 1.305 1.647 1.835 1.452 1.161 1.448 1.857 1.953 1.985 1.553 1.369 1.61 1.792 1.981 2.062 2.21 2.58 2.884 3.182 3.508 3.587 3.419 3.406 3.225 2.652 2.223 1.991 1.657 1.218 0.702 0.348 0.418 0.638 0.75 0.905 1.228 1.68 1.939 1.892 1.66 1.441 1.676 1.75 1.799 1.873 2.053 2.369 2.446 2.493 2.4 2.129 1.752
0.652 0.618 0.691 0.914 1.263 1.589 1.535 1.338 1.048 1.056 1.331 1.51 1.674 1.866 1.904 1.779 1.643 1.492 1.167 0.873 0.741 0.633 0.632 0.774 1.056 1.287 1.632 2.039 1.917 1.39 1.299 1.607 2.039 2.283 2.28 1.848 1.432 1.523 1.64 1.715 1.613 1.894 2.404 2.728 3.054 3.164 3.116 3.029 3.168 3.037 2.695 2.283 2.045 1.776 1.334 0.763 0.328 0.312 0.609 0.873 1.065 1.386 1.738 2.014 2.038 1.794 1.708 1.865 1.952 2.027 2.119 2.229 2.327 2.376 2.42 2.349 2.005 1.744
0.644 0.569 0.646 0.896 1.331 1.438 1.417 1.307 1.13 1.071 1.216 1.499 1.764 1.842 1.874 1.929 1.84 1.614 1.263 0.964 0.818 0.699 0.839 0.949 1.291 1.67 2.017 2.161 1.874 1.464 1.524 1.828 2.258 2.457 2.389 1.902 1.532 1.493 1.453 1.39 1.331 1.776 2.267 2.502 2.806 2.743 2.701 2.811 2.922 3.043 2.846 2.588 2.258 1.864 1.411 0.827 0.347 0.165 0.373 0.704 0.998 1.379 1.686 1.993 2.136 1.966 2.016 2.173 2.195 2.108 2.154 2.258 2.213 2.231 2.313 2.251 1.986 1.92
0.479 0.481 0.612 0.924 1.224 1.275 1.302 1.31 1.32 1.196 1.143 1.344 1.688 1.908 2.036 2.141 2.077 1.94 1.554 1.288 0.987 0.878 1.195 1.21 1.259 1.793 2.259 2.204 2.052 1.578 1.715 2.093 2.447 2.447 2.289 2.065 1.723 1.503 1.332 1.228 1.249 1.633 2.006 2.243 2.561 2.467 2.397 2.759 2.986 3.019 2.784 2.506 2.001 1.54 1.194 0.835 0.471 0.121 0.149 0.404 0.753 1.175 1.572 2.139 2.36 2.381 2.535 2.448 2.2 1.945 1.861 2.026 2.073 2.14 2.24 2.103 2.077 2.165
0.42 0.404 0.518 0.864 1.06 1.095 1.171 1.306 1.418 1.41 1.333 1.343 1.555 1.817 2.045 2.305 2.327 2.018 1.796 1.395 0.999 1.084 1.508 1.4 1.318 1.799 2.338 2.416 2.138 1.686 1.902 2.235 2.616 2.87 2.616 2.337 2.092 1.817 1.552 1.434 1.302 1.397 1.672 2.062 2.219 2.047 2.193 2.779 2.96 2.687 2.462 2.249 1.97 1.571 1.332 1.12 0.692 0.197 0.019 0.171 0.576 1.065 1.57 2.113 2.347 2.505 2.456 2.26 1.966 1.64 1.724 1.834 1.973 2.079 2.109 1.843 1.835 1.983
0.671 0.63 0.593 0.673 0.784 0.903 1.136 1.294 1.45 1.557 1.529 1.579 1.693 1.894 2.062 2.372 2.376 2.126 1.853 1.216 0.963 1.189 1.602 1.465 1.534 1.933 2.378 2.443 2.056 1.881 2.114 2.355 2.693 3.068 3.077 2.734 2.487 2.238 1.932 1.894 1.693 1.556 1.548 1.78 1.813 1.756 2.094 2.594 2.69 2.524 2.491 2.324 2.239 1.945 1.732 1.38 0.918 0.346 0.009 0.095 0.506 1.057 1.553 1.815 2.036 2.136 2.054 1.823 1.473 1.479 1.76 1.871 1.984 1.861 1.869 1.659 1.66 1.706
1.087 1.072 1.018 0.85 0.762 0.948 1.173 1.341 1.487 1.675 1.805 1.887 1.975 2.132 2.206 2.394 2.282 2.056 1.602 1.059 0.944 1.181 1.581 1.532 1.789 2.133 2.446 2.526 2.261 2.268 2.397 2.625 2.833 3.064 3.2 3.139 2.876 2.567 2.359 2.391 2.249 2.147 1.781 1.762 1.834 1.948 2.178 2.48 2.598 2.643 2.723 2.625 2.47 2.119 1.737 1.496 1.066 0.536 0.07 0.067 0.428 0.899 1.226 1.425 1.678 1.726 1.564 1.318 1.244 1.489 1.7 1.71 1.815 1.817 1.596 1.417 1.434 1.389
1.479 1.389 1.195 0.955 0.942 1.101 1.272 1.471 1.573 1.618 1.766 1.838 1.822 1.932 2.067 2.156 2.006 1.71 1.244 0.928 0.935 1.217 1.52 1.545 1.844 2.288 2.528 2.549 2.59 2.686 2.675 2.752 2.783 2.872 3.011 3.172 3.098 2.872 2.693 2.755 2.834 2.628 2.287 2.268 2.239 2.344 2.39 2.441 2.549 2.62 2.697 2.705 2.401 2.07 1.706 1.356 1.066 0.551 0.074 0.07 0.348 0.665 0.777 0.934 1.116 1.142 1.127 1.183 1.268 1.373 1.546 1.569 1.558 1.694 1.471 1.191 1.204 1.118
1.487 1.432 1.305 1.123 1.183 1.31 1.428 1.455 1.341 1.185 1.236 1.279 1.274 1.362 1.482 1.771 1.758 1.41 1.082 0.9 1.012 1.3 1.551 1.63 1.77 2.279 2.525 2.58 2.688 2.761 2.76 2.722 2.626 2.7 2.855 2.96 3.041 3.104 3.082 3.028 3.123 2.922 2.839 2.825 2.648 2.487 2.308 2.223 2.367 2.414 2.336 2.476 2.342 1.982 1.685 1.224 0.806 0.411 0.069 0.072 0.177 0.306 0.422 0.578 0.741 0.906 1.132 1.372 1.402 1.331 1.518 1.574 1.439 1.415 1.249 0.982 1.003 0.94
1.493 1.491 1.456 1.322 1.427 1.444 1.283 1.043 0.828 0.707 0.678 0.704 0.743 0.844 0.92 1.248 1.427 1.233 1.014 0.926 1.06 1.231 1.419 1.576 1.765 2.112 2.426 2.672 2.681 2.728 2.758 2.557 2.442 2.651 2.847 3.078 3.192 3.149 2.957 2.77 2.882 2.978 3.013 2.925 2.761 2.347 2.028 2.106 2.265 2.277 2.027 2.177 2.082 1.747 1.394 1.009 0.54 0.219 0.12 0.302 0.424 0.372 0.463 0.62 0.782 1.032 1.248 1.461 1.41 1.381 1.591 1.518 1.414 1.275 1.042 0.738 0.722 0.701
1.515 1.562 1.517 1.546 1.503 1.237 0.84 0.556 0.384 0.311 0.307 0.334 0.391 0.469 0.536 0.721 0.951 0.948 0.851 0.875 0.895 0.973 1.141 1.337 1.588 1.861 2.077 2.431 2.701 2.645 2.478 2.238 2.476 2.762 2.85 2.868 2.8 2.553 2.435 2.563 2.834 3.047 2.827 2.667 2.589 2.344 1.922 2.093 2.033 2.19 1.894 1.704 1.692 1.661 1.327 0.834 0.374 0.226 0.362 0.654 0.83 0.71 0.659 0.844 0.954 1.139 1.373 1.472 1.37 1.456 1.53 1.427 1.354 1.283 1.05 0.607 0.426 0.452
1.494 1.591 1.653 1.537 1.194 0.78 0.472 0.305 0.221 0.178 0.176 0.202 0.263 0.324 0.384 0.465 0.584 0.621 0.623 0.638 0.679 0.723 0.863 1.033 1.241 1.538 1.834 2.144 2.382 2.151 1.939 2.197 2.428 2.382 2.205 2.109 2.102 2.16 2.418 2.643 2.763 2.835 2.71 2.364 2.197 2.093 1.858 1.881 1.841 1.899 1.883 1.744 1.436 1.32 1.077 0.571 0.281 0.342 0.649 1.026 1.146 1.017 0.838 1.059 1.133 1.202 1.431 1.491 1.432 1.516 1.5 1.389 1.279 1.124 0.869 0.495 0.173 0.179
1.377 1.571 1.558 1.155 0.74 0.462 0.322 0.244 0.203 0.207 0.265 0.313 0.325 0.368 0.424 0.478 0.527 0.569 0.562 0.531 0.521 0.577 0.674 0.748 0.972 1.294 1.639 1.881 1.792 1.584 1.807 2.078 2.019 1.752 1.619 1.639 1.711 1.907 2.137 2.376 2.415 2.535 2.436 2.298 2.345 2.111 1.893 1.694 1.601 1.588 1.603 1.622 1.422 1.038 0.794 0.394 0.321 0.472 0.854 1.268 1.407 1.296 1.108 1.26 1.333 1.222 1.302 1.428 1.438 1.439 1.374 1.218 1.004 0.792 0.526 0.24 -0.072 -0.146
1.231 1.323 1.078 0.686 0.457 0.349 0.295 0.28 0.365 0.53 0.684 0.785 0.817 0.842 0.964 0.969 0.975 0.983 0.924 0.707 0.575 0.493 0.47 0.552 0.693 0.97 1.287 1.375 1.216 1.348 1.475 1.441 1.48 1.468 1.72 1.9 1.973 2.008 2.11 2.23 2.21 2.345 2.393 2.376 2.588 2.438 2.279 2.003 1.744 1.426 1.276 1.24 1.237 0.939 0.499 0.333 0.578 0.643 0.959 1.322 1.554 1.553 1.432 1.365 1.345 1.123 1.175 1.309 1.258 1.183 1.078 0.885 0.682 0.397 0.169 -0.086 -0.303 -0.387
1 0.805 0.537 0.391 0.336 0.32 0.359 0.521 0.849 0.966 1.128 1.278 1.338 1.55 1.732 1.607 1.63 1.625 1.531 1.251 0.886 0.628 0.457 0.378 0.433 0.651 0.761 0.793 0.827 0.9 0.976 1.086 1.233 1.556 1.952 2.138 2.262 2.342 2.385 2.433 2.321 2.42 2.567 2.441 2.655 2.702 2.498 2.367 2.089 1.64 1.345 1.046 0.879 0.681 0.338 0.455 0.82 0.781 1.121 1.457 1.655 1.714 1.651 1.508 1.39 1.058 1.08 1.102 1.024 0.905 0.721 0.501 0.289 -0.006 -0.207 -0.341 -0.387 -0.387
0.48 0.338 0.258 0.267 0.302 0.398 0.665 1 1.293 1.288 1.578 1.78 1.913 1.968 2.019 2.084 2.336 2.165 2.114 1.841 1.409 0.97 0.66 0.442 0.298 0.316 0.369 0.489 0.642 0.853 1.098 1.267 1.366 1.595 2.018 2.215 2.382 2.548 2.542 2.514 2.538 2.562 2.805 2.541 2.554 2.756 2.648 2.466 2.214 1.933 1.733 1.303 0.798 0.436 0.312 0.597 0.945 0.903 1.24 1.52 1.783 1.893 1.817 1.575 1.365 0.998 0.873 0.849 0.73 0.605 0.396 0.136 -0.091 -0.283 -0.373 -0.331 -0.27 -0.224
0.179 0.152 0.177 0.274 0.466 0.75 1.212 1.554 1.685 1.729 1.914 2.19 2.27 2.379 2.547 2.705 2.614 2.554 2.496 2.056 1.587 1.253 1.063 0.721 0.381 0.213 0.318 0.65 0.913 1.147 1.357 1.602 1.69 1.587 1.856 2.074 2.272 2.536 2.697 2.818 2.841 2.821 2.975 2.6 2.374 2.62 2.707 2.543 2.428 2.173 1.854 1.371 0.803 0.365 0.437 0.743 1.057 1.077 1.286 1.656 1.915 1.925 1.88 1.48 1.204 0.899 0.61 0.559 0.469 0.308 0.109 -0.115 -0.287 -0.379 -0.321 -0.191 -0.092 -0.015
0.108 0.125 0.215 0.512 0.909 1.181 1.646 1.948 2.002 2.039 2.133 2.48 2.664 2.858 2.928 2.892 2.882 2.82 2.546 2.103 1.624 1.525 1.421 1.082 0.571 0.335 0.338 0.776 1.117 1.301 1.499 1.772 1.879 1.864 1.86 1.904 2.248 2.572 2.896 3.056 3.066 3.049 3.038 2.682 2.36 2.369 2.542 2.62 2.513 2.145 1.774 1.362 0.76 0.383 0.591 0.864 1.153 1.209 1.396 1.783 1.926 1.78 1.724 1.392 0.981 0.682 0.356 0.27 0.211 0.14 -0.056 -0.24 -0.33 -0.362 -0.205 -0.11 0.03 0.157
0.143 0.242 0.456 0.913 1.398 1.696 1.967 2.177 2.23 2.311 2.308 2.517 2.763 2.94 2.881 2.852 2.795 2.627 2.33 1.914 1.735 1.857 1.66 0.915 0.598 0.647 0.426 0.621 0.957 1.17 1.368 1.664 1.914 2.014 1.996 1.933 2.301 2.667 2.944 2.973 3.012 3.009 2.974 2.772 2.497 2.301 2.185 2.339 2.325 1.966 1.674 1.34 0.758 0.4 0.682 0.934 1.2 1.336 1.494 1.789 1.742 1.681 1.374 1.151 0.717 0.4 0.187 0.064 -0.017 -0.081 -0.165 -0.233 -0.268 -0.354 -0.281 -0.138 0.096 0.284
0.332 0.538 0.869 1.274 1.735 1.94 2.156 2.373 2.515 2.581 2.529 2.632 2.707 2.781 2.768 2.726 2.669 2.404 2.206 2.007 1.926 2.139 1.666 0.789 0.855 1.079 0.709 0.543 0.657 0.934 1.124 1.424 1.766 2.039 2.102 2.145 2.39 2.7 3.012 2.944 2.807 2.783 2.83 2.768 2.616 2.335 2.022 1.912 1.917 1.672 1.357 1.018 0.635 0.414 0.637 0.852 1.158 1.387 1.553 1.671 1.542 1.505 1.167 0.821 0.512 0.307 0.235 0.106 0.064 0.015 0 -0.074 -0.222 -0.312 -0.236 -0.085 0.171 0.407
0.655 0.839 1.207 1.491 1.785 2.057 2.228 2.354 2.485 2.457 2.478 2.524 2.481 2.487 2.531 2.523 2.39 2.283 2.446 2.346 2.08 2.207 1.657 0.903 1.167 1.458 1.079 0.768 0.607 0.695 0.845 1.195 1.558 1.93 2.145 2.346 2.488 2.719 3.045 3.122 2.861 2.66 2.551 2.579 2.503 2.281 2.073 1.817 1.484 1.255 1.033 0.86 0.629 0.581 0.762 0.941 1.095 1.216 1.365 1.467 1.469 1.304 0.983 0.663 0.495 0.484 0.392 0.238 0.292 0.194 0.197 0.095 -0.114 -0.204 -0.063 -0.013 0.215 0.474
0.975 1.116 1.227 1.392 1.633 1.852 1.954 1.963 2.112 2.134 2.149 2.12 2.135 2.093 2.161 2.296 2.271 2.372 2.717 2.586 2.36 2.169 1.685 1.11 1.426 1.778 1.503 1.203 0.839 0.678 0.687 0.978 1.317 1.732 2.096 2.434 2.562 2.782 3.141 3.342 3.155 2.865 2.475 2.249 2.224 2.04 1.791 1.553 1.379 1.338 1.299 1.214 0.766 0.799 0.915 0.948 0.943 1.11 1.369 1.394 1.36 1.095 0.848 0.769 0.7 0.673 0.471 0.418 0.475 0.355 0.391 0.25 -0.031 -0.085 0.081 0.086 0.267 0.528
1.047 1.041 0.988 1.096 1.234 1.326 1.482 1.536 1.587 1.581 1.716 1.652 1.63 1.635 1.765 2.083 2.509 2.609 2.795 2.719 2.613 2.245 1.825 1.346 1.495 1.797 1.832 1.505 1.219 1.039 0.806 0.889 1.322 1.627 1.865 2.375 2.571 2.809 3.141 3.378 3.364 3.055 2.728 2.273 1.928 1.778 1.66 1.668 1.689 1.682 1.603 1.332 0.878 0.738 0.827 0.836 0.965 1.204 1.401 1.362 1.255 1.17 0.992 0.997 0.882 0.786 0.589 0.619 0.653 0.553 0.545 0.357 0.066 0.018 0.136 0.202 0.314 0.557
0.794 0.708 0.655 0.689 0.778 0.848 0.96 1.062 1.063 1.097 1.236 1.194 1.173 1.239 1.493 2.065 2.621 2.784 2.816 2.769 2.702 2.363 2.062 1.74 1.653 1.664 1.809 1.894 1.697 1.477 1.06 0.911 1.296 1.497 1.687 2.233 2.588 2.79 3.02 3.311 3.334 3.06 2.665 2.423 2.346 2.092 2.055 2.018 1.944 1.819 1.549 1.197 0.813 0.68 0.703 0.803 1.015 1.254 1.365 1.386 1.402 1.381 1.087 1.14 1.041 0.879 0.739 0.815 0.817 0.743 0.605 0.349 0.155 0.17 0.219 0.316 0.431 0.662
0.64 0.631 0.709 0.746 0.779 0.861 0.936 0.865 0.749 0.776 0.855 0.862 0.901 1.018 1.379 1.912 2.256 2.642 2.849 2.811 2.703 2.599 2.448 2.183 1.927 1.651 1.759 2.068 1.854 1.6 1.195 0.943 1.253 1.371 1.63 2.054 2.491 2.709 2.868 3.153 3.27 3.034 2.793 2.761 2.611 2.409 2.306 2.02 1.826 1.584 1.35 1.004 0.827 0.852 0.833 0.85 0.959 1.196 1.389 1.451 1.448 1.417 1.157 1.22 1.144 1.005 0.895 0.998 0.993 0.855 0.598 0.382 0.268 0.353 0.383 0.472 0.589 0.775
0.741 0.927 1.102 1.236 1.24 1.257 1.19 0.953 0.74 0.67 0.686 0.739 0.923 1.206 1.333 1.574 1.962 2.407 2.703 2.707 2.564 2.458 2.419 2.184 1.882 1.722 1.909 2.105 1.881 1.66 1.362 0.972 1.261 1.237 1.468 1.862 2.295 2.624 2.782 3.053 3.242 3.16 3.062 2.873 2.65 2.417 2.152 1.795 1.484 1.247 1.064 0.917 0.971 1.095 1.132 1.17 1.064 1.115 1.383 1.484 1.437 1.466 1.264 1.312 1.291 1.112 1.098 1.19 1.135 0.916 0.613 0.552 0.381 0.415 0.519 0.615 0.708 0.827
0.875 1.027 1.194 1.474 1.525 1.526 1.391 1.144 0.935 0.821 0.807 0.856 1.275 1.682 1.655 1.648 1.871 2.207 2.591 2.716 2.578 2.348 2.194 1.973 1.823 1.837 2.063 2.05 1.869 1.581 1.341 1.026 1.125 1.283 1.454 1.838 2.188 2.443 2.741 3.138 3.217 3.08 2.939 2.744 2.441 2.139 1.797 1.483 1.198 1.096 1.056 0.948 1.129 1.211 1.337 1.414 1.377 1.227 1.323 1.48 1.46 1.551 1.379 1.376 1.406 1.212 1.305 1.313 1.176 0.953 0.653 0.69 0.522 0.396 0.55 0.659 0.731 0.804
0.977 0.946 1.114 1.511 1.697 1.677 1.59 1.399 1.262 1.208 1.302 1.302 1.388 1.727 1.897 1.975 2.017 2.132 2.35 2.556 2.58 2.364 2.094 1.917 1.873 1.976 2.018 1.88 1.819 1.699 1.621 1.221 1.086 1.391 1.629 1.922 2.123 2.369 2.742 3.05 3.097 3.054 2.878 2.673 2.415 1.906 1.471 1.289 1.225 1.25 1.17 0.986 1.19 1.34 1.474 1.544 1.571 1.47 1.353 1.501 1.487 1.579 1.461 1.424 1.471 1.335 1.445 1.356 1.159 0.864 0.724 0.776 0.65 0.473 0.55 0.606 0.661 0.752
