data/climatemaps/RS_maps/climate_winter_pr_2012.asc
NCOLS 369 
NROWS 228 
XLLCORNER 479000 
YLLCORNER 73000 
CELLSIZE 1000 
NODATA_value -9 
[rows 136 to 169 of 228, columns 77 to 153 of 369]
0.52 0.601 0.645 0.657 0.611 0.543 0.48 0.434 0.422 0.433 0.48 0.501 0.447 0.35 0.239 0.118 0 -0.144 -0.172 -0.027 0.206 0.268 0.2 0.217 0.351 0.492 0.572 0.627 0.886 1.041 1.064 1.053 0.982 1.042 1.121 1.242 1.111 1.071 0.953 0.632 0.358 0.244 0.349 0.458 0.583 0.818 0.854 0.972 1 0.934 0.768 0.665 0.502 0.323 0.488 0.747 1.053 1.359 1.507 1.408 1.238 0.936 0.522 0.256 0.286 0.393 0.548 0.696 0.877 1.043 1.162 1.434 1.577 1.402 1.453 1.669 1.499
0.54 0.623 0.679 0.678 0.644 0.591 0.523 0.473 0.437 0.417 0.411 0.397 0.353 0.284 0.189 0.077 -0.036 -0.173 -0.208 -0.054 0.102 0.111 0.102 0.158 0.269 0.396 0.525 0.594 0.826 0.958 0.971 0.845 0.844 0.771 0.893 1.037 0.972 0.798 0.633 0.402 0.334 0.387 0.566 0.695 0.832 1.14 1.161 1.225 1.161 1.026 0.909 0.668 0.478 0.45 0.665 0.918 1.226 1.587 1.542 1.328 1.038 0.752 0.391 0.247 0.335 0.53 0.756 0.902 0.98 1.214 1.572 1.789 1.736 1.637 1.862 2.076 1.854
0.569 0.642 0.682 0.688 0.66 0.611 0.553 0.507 0.48 0.453 0.426 0.389 0.337 0.263 0.161 0.05 -0.064 -0.185 -0.228 -0.108 -0.03 0.034 0.102 0.131 0.187 0.287 0.332 0.521 0.715 0.703 0.664 0.54 0.546 0.536 0.761 0.977 0.925 0.728 0.506 0.325 0.41 0.525 0.73 0.948 1.155 1.375 1.313 1.201 1.106 0.924 0.774 0.603 0.594 0.639 0.854 1.085 1.42 1.593 1.431 1.16 0.83 0.493 0.292 0.26 0.417 0.726 0.994 1.183 1.169 1.45 1.709 1.977 2.016 1.93 2.204 2.339 2.102
0.59 0.657 0.696 0.685 0.66 0.604 0.566 0.56 0.574 0.561 0.512 0.454 0.386 0.289 0.162 0.045 -0.069 -0.182 -0.219 -0.138 -0.012 0.128 0.262 0.34 0.227 0.149 0.166 0.348 0.391 0.37 0.414 0.447 0.435 0.423 0.719 0.896 0.875 0.723 0.464 0.296 0.458 0.612 0.836 1.175 1.34 1.396 1.384 1.332 1.074 0.866 0.798 0.795 0.841 0.824 1.094 1.355 1.623 1.543 1.304 0.939 0.557 0.347 0.316 0.343 0.468 0.827 1.145 1.315 1.476 1.833 1.878 2.015 2.306 2.281 2.546 2.536 2.192
0.613 0.688 0.701 0.657 0.621 0.588 0.598 0.65 0.711 0.712 0.64 0.552 0.497 0.367 0.2 0.068 -0.062 -0.172 -0.163 0.004 0.21 0.365 0.36 0.53 0.452 0.231 0.218 0.202 0.203 0.415 0.554 0.599 0.662 0.517 0.638 0.788 0.86 0.715 0.434 0.295 0.451 0.679 0.95 1.284 1.393 1.62 1.636 1.597 1.116 1.158 1.115 1.072 0.977 1.056 1.292 1.538 1.64 1.395 1.075 0.704 0.4 0.324 0.431 0.588 0.539 0.751 1.025 1.363 1.786 2.006 1.997 2.138 2.617 2.797 2.781 2.544 2.282
0.641 0.686 0.674 0.65 0.612 0.599 0.667 0.775 0.853 0.827 0.722 0.671 0.691 0.493 0.304 0.129 -0.018 -0.138 -0.047 0.196 0.424 0.506 0.482 0.623 0.568 0.341 0.474 0.41 0.369 0.606 0.687 0.781 0.824 0.596 0.703 0.849 0.87 0.659 0.42 0.271 0.401 0.705 1.037 1.296 1.525 1.803 1.815 1.539 1.173 1.295 1.379 1.34 1.107 1.319 1.544 1.608 1.508 1.258 0.852 0.537 0.334 0.362 0.588 0.797 0.754 0.732 1.012 1.503 1.769 1.821 2.103 2.375 2.651 2.914 2.893 2.633 2.646
0.637 0.662 0.67 0.653 0.623 0.645 0.755 0.879 0.912 0.817 0.76 0.811 0.81 0.636 0.443 0.222 0.039 -0.095 0.001 0.162 0.437 0.615 0.61 0.757 0.725 0.52 0.711 0.781 0.756 0.699 0.881 0.962 0.834 0.752 0.945 1.036 0.926 0.699 0.52 0.29 0.357 0.691 0.963 1.321 1.611 1.683 1.606 1.34 1.32 1.521 1.59 1.435 1.3 1.455 1.813 1.71 1.356 1.122 0.767 0.493 0.319 0.424 0.705 1.02 1.034 0.984 1.017 1.277 1.469 1.7 2.016 2.153 2.529 2.806 2.8 2.741 2.869
0.636 0.687 0.687 0.648 0.644 0.698 0.805 0.92 0.913 0.847 0.851 0.902 0.866 0.715 0.604 0.34 0.083 -0.066 -0.029 0.185 0.543 0.653 0.767 1.057 0.897 0.695 0.94 0.95 0.893 0.871 1.082 1.086 0.931 1.042 1.201 1.209 1.012 0.839 0.554 0.269 0.343 0.556 0.87 1.275 1.616 1.91 1.714 1.372 1.395 1.449 1.61 1.641 1.591 1.517 1.856 1.609 1.315 0.964 0.697 0.565 0.355 0.455 0.741 1.181 1.289 1.318 1.197 1.511 1.511 1.518 1.682 1.935 2.307 2.659 2.742 2.872 2.785
0.682 0.705 0.686 0.656 0.676 0.772 0.896 0.984 0.946 0.929 1.001 1.018 0.99 0.852 0.769 0.433 0.115 -0.054 0.005 0.286 0.595 0.66 0.951 1.2 1.097 0.915 0.99 1.031 1.026 1.149 1.257 1.153 1.143 1.34 1.38 1.256 1.171 0.966 0.537 0.268 0.319 0.549 0.881 1.264 1.635 1.799 1.581 1.538 1.429 1.601 1.636 1.804 1.779 1.687 1.823 1.492 1.124 0.86 0.824 0.818 0.444 0.506 0.831 1.273 1.545 1.552 1.366 1.514 1.686 1.735 1.847 2.098 2.38 2.689 2.829 2.807 2.584
0.705 0.719 0.703 0.678 0.718 0.844 0.976 1.021 0.967 1.023 1.143 1.218 1.09 1.018 0.86 0.474 0.114 -0.015 0.115 0.372 0.674 0.802 1.093 1.354 1.28 1.048 1.08 1.206 1.245 1.309 1.264 1.23 1.372 1.507 1.448 1.396 1.288 1.023 0.542 0.289 0.331 0.513 0.756 1.137 1.49 1.615 1.671 1.769 1.517 1.622 1.777 1.897 2.043 2.02 1.746 1.341 0.958 0.895 1.04 1.044 0.577 0.583 0.925 1.414 1.735 1.779 1.611 1.506 1.594 1.791 2.08 2.265 2.442 2.53 2.636 2.527 2.32
0.732 0.749 0.726 0.706 0.756 0.867 0.967 1.014 0.987 1.11 1.276 1.286 1.148 1.057 0.814 0.388 0.121 0.059 0.247 0.501 0.786 1.041 1.268 1.387 1.231 1.112 1.186 1.273 1.205 1.245 1.343 1.377 1.463 1.475 1.404 1.383 1.281 0.944 0.601 0.348 0.317 0.467 0.721 1.077 1.458 1.69 1.798 1.866 1.655 1.633 1.849 1.936 2.073 1.961 1.59 1.192 0.909 1.04 1.279 1.338 0.808 0.681 1.009 1.416 1.807 1.99 1.902 1.848 1.764 1.734 1.941 2.216 2.431 2.363 2.316 2.225 2.049
0.778 0.783 0.751 0.737 0.784 0.849 0.906 0.971 1.014 1.179 1.289 1.185 1.091 0.978 0.661 0.311 0.16 0.164 0.326 0.535 0.877 1.194 1.351 1.352 1.226 1.17 1.229 1.222 1.141 1.151 1.342 1.355 1.405 1.425 1.327 1.238 1.144 0.915 0.759 0.473 0.341 0.566 0.738 1.026 1.343 1.567 1.717 1.879 1.763 1.692 1.827 1.963 1.945 1.768 1.457 1.103 0.958 1.171 1.476 1.593 1.135 0.805 0.985 1.283 1.66 1.941 2.041 2.154 2.096 1.936 1.894 2.104 2.372 2.367 2.183 2.008 1.909
0.859 0.845 0.782 0.771 0.839 0.893 0.914 0.959 1.073 1.185 1.238 1.212 1.139 0.855 0.496 0.266 0.235 0.28 0.395 0.63 0.977 1.246 1.326 1.294 1.15 1.179 1.105 1.141 1.098 1.046 1.231 1.281 1.229 1.208 1.154 1.113 1.082 1.078 0.961 0.582 0.423 0.604 0.711 0.88 0.967 1.184 1.433 1.713 1.872 1.897 1.958 2.047 1.841 1.609 1.293 1.017 1.072 1.303 1.568 1.706 1.44 0.946 0.869 1.159 1.49 1.874 2.154 2.284 2.339 2.202 2.04 2.138 2.44 2.499 2.145 2.157 2.208
0.957 0.89 0.805 0.821 0.907 0.988 0.996 1.046 1.152 1.247 1.332 1.319 1.161 0.766 0.406 0.26 0.326 0.412 0.5 0.72 1.049 1.196 1.17 1.101 1.048 1.031 0.941 1.03 0.988 0.915 1.096 1.101 1.023 0.974 1.025 1.136 1.196 1.286 1.135 0.699 0.484 0.555 0.63 0.69 0.759 1.03 1.263 1.518 1.803 2.05 2.129 2.003 1.733 1.489 1.17 1.009 1.171 1.394 1.624 1.803 1.612 1.065 0.867 1.142 1.43 1.72 1.991 2.244 2.422 2.463 2.337 2.257 2.467 2.617 2.417 2.426 2.293
1.013 0.858 0.828 0.922 0.942 1.002 1.053 1.164 1.281 1.399 1.497 1.346 1.051 0.662 0.358 0.293 0.411 0.544 0.61 0.846 1.076 1.082 0.964 0.874 0.859 0.788 0.839 0.908 0.824 0.745 0.891 0.813 0.748 0.822 1 1.216 1.317 1.473 1.293 0.899 0.589 0.484 0.538 0.531 0.724 0.979 1.235 1.54 1.787 2.108 2.167 1.95 1.735 1.464 1.103 1.05 1.245 1.462 1.753 1.935 1.68 1.111 0.864 1.06 1.201 1.378 1.58 2.016 2.344 2.65 2.625 2.467 2.479 2.648 2.493 2.409 2.172
0.931 0.821 0.883 1.021 1.035 1.061 1.139 1.223 1.321 1.469 1.477 1.266 0.932 0.581 0.363 0.348 0.417 0.568 0.718 0.879 0.931 0.907 0.871 0.773 0.647 0.601 0.635 0.645 0.574 0.532 0.58 0.525 0.539 0.737 0.97 1.202 1.363 1.522 1.406 1.115 0.848 0.619 0.466 0.462 0.634 0.836 1.15 1.583 1.821 1.988 1.988 1.916 1.705 1.35 1.083 1.117 1.319 1.576 1.852 1.877 1.563 1.054 0.842 0.884 0.972 1.096 1.34 1.861 2.335 2.702 2.826 2.748 2.622 2.579 2.464 2.4 2.23
0.815 0.787 0.904 1.063 1.075 1.146 1.259 1.333 1.391 1.543 1.476 1.193 0.856 0.556 0.423 0.432 0.452 0.564 0.686 0.74 0.691 0.688 0.761 0.667 0.503 0.472 0.473 0.474 0.456 0.419 0.37 0.334 0.402 0.645 0.889 1.095 1.295 1.468 1.489 1.334 1.179 0.925 0.553 0.448 0.594 0.742 1.009 1.472 1.704 1.763 1.75 1.726 1.53 1.232 1.132 1.168 1.385 1.696 1.897 1.804 1.435 1.02 0.959 0.973 1.042 1.191 1.417 1.798 2.3 2.661 2.695 2.64 2.598 2.593 2.562 2.572 2.424
0.727 0.729 0.849 1.033 0.999 1.183 1.346 1.424 1.497 1.628 1.475 1.145 0.885 0.591 0.443 0.421 0.407 0.453 0.538 0.469 0.421 0.46 0.532 0.472 0.448 0.516 0.61 0.629 0.63 0.591 0.401 0.283 0.308 0.531 0.695 0.861 1.083 1.3 1.529 1.522 1.459 1.201 0.764 0.451 0.553 0.753 0.949 1.358 1.551 1.632 1.749 1.595 1.463 1.215 1.319 1.268 1.544 1.906 1.92 1.704 1.343 1.05 1.235 1.272 1.283 1.474 1.639 1.858 2.29 2.386 2.337 2.425 2.528 2.619 2.705 2.771 2.662
0.632 0.636 0.719 0.838 0.9 1.052 1.239 1.355 1.553 1.588 1.404 1.243 1.121 0.707 0.43 0.314 0.225 0.251 0.283 0.254 0.289 0.344 0.394 0.49 0.686 0.83 0.94 0.966 0.937 0.779 0.621 0.38 0.291 0.373 0.555 0.804 1.114 1.335 1.545 1.688 1.61 1.419 0.972 0.546 0.484 0.633 0.854 1.212 1.499 1.676 1.749 1.669 1.589 1.326 1.479 1.651 1.87 2.016 1.797 1.648 1.351 1.201 1.336 1.38 1.423 1.584 1.839 1.921 2.016 2.101 2.244 2.446 2.607 2.673 2.682 2.599 2.491
0.541 0.539 0.579 0.667 0.789 0.934 1.131 1.242 1.519 1.553 1.352 1.407 1.398 0.965 0.56 0.323 0.215 0.186 0.169 0.214 0.328 0.419 0.481 0.629 0.964 1.171 1.338 1.274 1.132 0.965 0.846 0.491 0.347 0.352 0.604 0.812 1.162 1.442 1.475 1.836 1.73 1.618 1.097 0.652 0.473 0.558 0.776 1.108 1.468 1.586 1.666 1.722 1.718 1.389 1.626 1.999 2.182 1.96 1.724 1.848 1.509 1.129 1.166 1.235 1.288 1.483 1.78 1.674 1.6 1.924 2.267 2.538 2.675 2.634 2.565 2.425 2.214
0.469 0.457 0.477 0.576 0.717 0.789 0.941 1.141 1.43 1.546 1.495 1.477 1.468 1.205 0.921 0.682 0.516 0.396 0.343 0.38 0.521 0.596 0.696 0.791 1.066 1.365 1.433 1.387 1.264 1.124 0.88 0.569 0.538 0.474 0.59 0.883 1.135 1.48 1.493 1.757 1.814 1.582 1.225 0.843 0.57 0.61 0.829 1.093 1.36 1.55 1.726 1.898 1.877 1.668 1.785 1.965 2.054 1.903 1.862 1.782 1.622 1.51 1.3 1.225 1.191 1.281 1.438 1.397 1.557 1.995 2.338 2.455 2.481 2.484 2.355 2.323 2.08
0.428 0.403 0.393 0.452 0.568 0.637 0.856 1.118 1.434 1.631 1.652 1.541 1.514 1.404 1.234 0.983 0.798 0.705 0.632 0.535 0.658 0.789 0.926 0.968 1.214 1.51 1.489 1.48 1.397 1.196 0.872 0.655 0.758 0.589 0.545 0.894 1.08 1.434 1.427 1.685 1.745 1.587 1.413 1.076 0.687 0.647 0.852 1.108 1.362 1.576 1.761 2.098 2.057 1.911 1.964 2.109 2.108 1.942 1.933 1.734 1.732 1.837 1.71 1.637 1.535 1.247 1.288 1.368 1.737 2.081 2.266 2.248 2.204 2.362 2.141 2.125 1.873
0.423 0.379 0.343 0.344 0.439 0.597 0.794 1.096 1.419 1.638 1.718 1.684 1.55 1.515 1.326 1.125 1.078 1.006 0.893 0.732 0.727 0.871 1.049 1.183 1.393 1.574 1.612 1.571 1.519 1.363 0.992 0.76 0.831 0.67 0.502 0.699 0.93 1.197 1.369 1.587 1.657 1.687 1.564 1.193 0.888 0.771 0.814 1.031 1.281 1.532 1.856 2.034 2.005 1.998 2.085 2.226 2.239 2.123 1.936 1.86 1.809 1.992 2.07 2.062 1.903 1.67 1.738 1.866 1.927 1.971 2.002 2.004 1.952 1.991 1.926 1.798 1.747
0.441 0.388 0.335 0.299 0.356 0.533 0.744 1.007 1.271 1.555 1.753 1.838 1.7 1.578 1.42 1.288 1.269 1.206 1.116 1.004 0.908 0.929 1.073 1.198 1.355 1.566 1.707 1.691 1.692 1.51 1.059 0.783 0.842 0.738 0.485 0.53 0.727 0.966 1.245 1.488 1.59 1.708 1.593 1.24 1.127 1.052 0.911 0.978 1.223 1.51 1.83 2.029 2.115 2.153 2.258 2.386 2.351 2.178 1.986 2.035 1.895 2.057 2.241 2.347 2.111 2.008 2.113 2.15 1.923 1.754 1.703 1.684 1.638 1.627 1.689 1.772 1.884
0.479 0.418 0.354 0.3 0.3 0.483 0.69 0.826 1.073 1.494 1.821 1.895 1.837 1.718 1.634 1.519 1.467 1.357 1.281 1.292 1.23 1.114 1.178 1.28 1.3 1.552 1.773 1.702 1.597 1.405 1.022 0.809 0.853 0.773 0.561 0.479 0.637 0.871 1.108 1.398 1.559 1.62 1.571 1.341 1.312 1.414 1.254 1.165 1.377 1.72 1.932 2.197 2.362 2.419 2.452 2.479 2.39 2.17 2.042 2.123 2.112 2.004 2.06 2.154 2.195 2.162 2.138 2.018 1.749 1.52 1.36 1.267 1.297 1.516 1.819 2.03 2.202
0.536 0.463 0.387 0.318 0.289 0.402 0.58 0.786 1.096 1.487 1.752 1.874 1.964 1.912 1.836 1.752 1.675 1.494 1.4 1.425 1.413 1.314 1.352 1.466 1.356 1.553 1.726 1.609 1.548 1.394 1.039 0.851 0.897 0.839 0.697 0.555 0.678 0.916 1.117 1.381 1.517 1.591 1.64 1.521 1.462 1.647 1.624 1.504 1.649 1.903 2.111 2.342 2.391 2.431 2.424 2.414 2.374 2.17 2.05 2.032 1.967 1.793 1.772 1.943 2.182 2.14 2.032 1.82 1.482 1.208 1.042 1.026 1.257 1.614 1.987 2.237 2.381
0.611 0.521 0.429 0.347 0.3 0.359 0.613 0.933 1.213 1.46 1.712 1.942 2.117 2.059 1.982 1.928 1.757 1.548 1.483 1.476 1.498 1.486 1.486 1.55 1.469 1.608 1.659 1.616 1.674 1.513 1.114 0.916 0.955 0.969 0.89 0.749 0.827 1.069 1.261 1.444 1.559 1.693 1.742 1.691 1.667 1.839 1.933 1.853 1.875 1.999 2.179 2.31 2.286 2.255 2.252 2.281 2.311 2.103 1.906 1.715 1.55 1.494 1.623 1.898 2.097 2.104 1.986 1.625 1.188 0.949 0.933 1.087 1.413 1.752 2.104 2.381 2.403
0.708 0.591 0.477 0.381 0.317 0.362 0.727 0.999 1.183 1.434 1.774 2.099 2.209 2.087 2.083 1.942 1.711 1.518 1.571 1.586 1.614 1.679 1.633 1.6 1.575 1.674 1.605 1.668 1.752 1.555 1.143 0.98 1.079 1.15 1.096 1.059 1.05 1.203 1.405 1.643 1.726 1.786 1.797 1.903 1.924 2.01 2.085 2.072 2.04 2.055 2.121 2.181 2.26 2.251 2.29 2.343 2.398 1.863 1.52 1.334 1.272 1.417 1.706 1.908 2.032 2.048 1.953 1.483 0.989 0.96 1.066 1.254 1.569 1.893 2.142 2.364 2.371
0.825 0.666 0.525 0.412 0.358 0.477 0.778 1.001 1.215 1.526 1.877 2.137 2.142 1.971 1.874 1.739 1.557 1.503 1.613 1.644 1.648 1.68 1.668 1.631 1.64 1.679 1.631 1.709 1.672 1.441 1.212 1.106 1.218 1.377 1.42 1.356 1.328 1.449 1.614 1.809 1.905 1.999 2.016 2.051 2.035 2.065 2.087 2.079 2.053 2.038 2.047 2.047 2.085 2.162 2.234 2.264 2.195 1.666 1.276 1.252 1.352 1.517 1.69 1.785 1.92 1.971 1.846 1.36 0.954 1.054 1.181 1.389 1.651 1.812 1.902 2.06 2.14
0.951 0.741 0.571 0.438 0.4 0.606 0.849 1.05 1.275 1.612 1.926 2.022 1.969 1.787 1.545 1.478 1.358 1.431 1.523 1.511 1.476 1.462 1.507 1.473 1.529 1.639 1.676 1.656 1.475 1.406 1.452 1.422 1.377 1.621 1.719 1.584 1.559 1.82 1.819 1.966 2.133 2.141 2.044 2.06 2.09 2.006 1.903 1.982 1.982 1.909 1.863 1.793 1.783 1.92 2.004 1.951 1.758 1.371 1.157 1.337 1.427 1.542 1.49 1.552 1.794 1.787 1.736 1.217 0.824 1.036 1.24 1.428 1.589 1.597 1.542 1.761 1.919
1.111 0.809 0.607 0.456 0.388 0.496 0.749 0.953 1.097 1.409 1.748 1.789 1.69 1.491 1.297 1.215 1.16 1.183 1.263 1.274 1.245 1.221 1.242 1.275 1.359 1.473 1.541 1.507 1.443 1.596 1.776 1.743 1.65 1.726 1.795 1.711 1.743 1.944 2.054 2.092 2.096 2.028 1.903 1.945 1.917 1.797 1.705 1.73 1.769 1.766 1.593 1.489 1.554 1.652 1.742 1.688 1.353 1.096 1.117 1.214 1.271 1.339 1.303 1.372 1.597 1.671 1.55 1.089 0.669 0.823 1.071 1.163 1.287 1.358 1.285 1.575 1.63
1.282 0.869 0.634 0.464 0.359 0.374 0.563 0.73 0.916 1.24 1.565 1.513 1.397 1.198 1.122 1.149 1.109 1.104 1.123 1.145 1.128 1.06 1.021 1.074 1.163 1.277 1.414 1.552 1.639 1.761 2.057 1.985 1.802 1.88 1.935 1.857 1.962 2.093 2.207 2.118 2.067 1.976 1.635 1.566 1.576 1.542 1.411 1.435 1.498 1.505 1.377 1.164 1.23 1.326 1.419 1.457 1.05 0.811 0.89 0.986 1.018 1.122 1.077 1.154 1.375 1.371 1.264 0.829 0.41 0.639 0.899 0.879 0.976 1.05 0.95 1.354 1.395
1.465 0.938 0.657 0.469 0.346 0.306 0.413 0.541 0.798 1.105 1.234 1.228 1.123 1.045 1.169 1.271 1.302 1.389 1.43 1.463 1.369 1.202 1.025 1.069 1.221 1.387 1.616 1.828 1.851 1.909 2.12 2.027 1.876 1.9 2.003 1.981 1.958 1.998 2.024 1.966 2.01 1.973 1.732 1.401 1.185 1.196 1.145 1.244 1.216 1.149 1.082 0.919 0.831 0.907 1.018 1.042 0.862 0.591 0.546 0.651 0.766 0.847 0.801 0.872 0.986 0.951 0.817 0.42 0.226 0.467 0.6 0.564 0.632 0.647 0.661 0.937 0.96
1.505 0.983 0.681 0.474 0.335 0.254 0.279 0.365 0.658 0.885 0.91 0.931 0.872 0.956 1.2 1.392 1.413 1.567 1.624 1.713 1.59 1.397 1.125 1.221 1.459 1.628 1.842 2.05 1.955 2.047 2.211 2.023 1.887 1.891 1.934 1.827 1.765 1.789 1.883 1.875 1.867 1.713 1.563 1.246 0.837 0.899 0.975 1.018 0.927 0.823 0.709 0.587 0.429 0.481 0.549 0.58 0.583 0.353 0.225 0.356 0.474 0.514 0.405 0.475 0.555 0.489 0.391 0.038 -0.022 0.228 0.232 0.173 0.235 0.206 0.29 0.473 0.539
