data/climatemaps/RS_maps/climate_breeding_tmp_2017.asc
NCOLS 369 
NROWS 228 
XLLCORNER 479000 
YLLCORNER 73000 
CELLSIZE 1000 
NODATA_value -9 
[rows 170 to 203 of 228, columns 0 to 76 of 369]
-9 -9 0.155 0.126 0.185 0.442 0.521 0.111 -0.206 -0.32 -0.055 0.352 0.812 1.05 1.112 1.137 1.147 1.15 1.186 1.212 1.233 1.237 1.275 1.299 1.328 1.37 1.378 1.378 1.378 1.371 1.323 1.291 1.283 1.285 1.299 1.3 1.301 1.302 1.276 1.258 1.241 1.219 1.208 1.213 1.059 0.97 1.04 1.048 1.015 0.826 -9 -9 -9 -9 -9 -9 -9 -9 0.355 0.385 0.548 0.718 0.544 0.234 -0.015 -0.24 -0.234 -0.285 -0.371 -0.459 -0.736 -0.684 -0.47 -0.239 -0.152 0.013 0.277
-9 0.169 0.094 0.128 0.325 0.574 0.34 -0.028 -0.297 -0.142 0.261 0.651 0.993 1.095 1.145 1.17 1.188 1.194 1.219 1.243 1.249 1.257 1.286 1.318 1.363 1.378 1.378 1.378 1.378 1.359 1.306 1.295 1.298 1.298 1.298 1.276 1.182 1.046 1.014 1.182 1.204 1.178 1.168 1.185 1.05 1.008 1.032 1.012 0.889 -9 -9 -9 -9 -9 -9 -9 -9 -9 0.235 0.014 0.239 0.536 0.698 0.473 0.16 -0.015 -0.094 -0.261 -0.448 -0.344 -0.184 -0.398 -0.518 -0.487 -0.253 -0.02 0.113
0.175 0.133 0.07 0.148 0.523 0.488 0.1 -0.133 -0.249 0.064 0.487 0.845 1.075 1.117 1.17 1.204 1.212 1.223 1.234 1.244 1.261 1.275 1.3 1.349 1.382 1.378 1.378 1.378 1.374 1.328 1.302 1.294 1.302 1.293 1.251 1.081 0.957 0.897 1.01 1.179 1.191 1.164 1.158 1.145 1.086 -9 -9 -9 -9 -9 -9 -9 -9 -9 -9 -9 -9 -9 0.458 -0.111 -0.084 0.316 0.63 0.17 -0.055 -0.034 -0.14 -0.3 -0.343 -0.232 0.048 -0.11 -0.324 -0.418 -0.321 -0.032 0.053
0.117 0.053 0.053 0.267 0.586 0.185 -0.174 -0.26 -0.105 0.314 0.721 1.011 1.127 1.152 1.19 1.224 1.225 1.221 1.227 1.254 1.275 1.295 1.322 1.375 1.383 1.379 1.379 1.378 1.362 1.322 1.3 1.293 1.287 1.28 1.192 1.061 1.023 1.069 1.155 1.19 1.171 1.157 1.148 1.109 1.064 -9 -9 -9 -9 -9 -9 -9 -9 -9 -9 -9 -9 -9 0.391 -0.252 -0.222 0.438 0.567 0.13 -0.173 -0.249 -0.085 0.102 0.158 0.218 0.337 0.257 0.025 -0.241 -0.462 -0.291 -0.189
0.015 -0.005 0.097 0.436 0.488 -0.13 -0.386 -0.177 0.148 0.601 0.956 1.127 1.174 1.198 1.219 1.236 1.233 1.218 1.238 1.275 1.29 1.31 1.336 1.379 1.383 1.383 1.382 1.366 1.328 1.316 1.295 1.285 1.276 1.256 1.157 1.059 1.096 1.15 1.166 1.174 1.164 1.152 1.124 1.071 1.004 -9 -9 -9 -9 -9 -9 -9 -9 -9 -9 -9 -9 -9 -9 0.046 0.111 0.395 0.385 0.498 0.238 -0.042 0.287 0.457 0.367 0.282 0.292 0.367 0.344 -0.01 -0.261 -0.428 -0.536
-0.029 0.062 0.354 0.563 0.149 -0.378 -0.3 0.167 0.541 0.891 1.107 1.185 1.218 1.236 1.242 1.247 1.234 1.228 1.258 1.29 1.301 1.316 1.338 1.381 1.385 1.383 1.38 1.33 1.308 1.306 1.293 1.272 1.267 1.231 1.155 1.086 1.121 1.145 1.159 1.162 1.142 1.107 1.062 0.964 0.803 -9 -9 -9 -9 -9 -9 -9 -9 -9 -9 -9 -9 -9 -9 -9 -0.05 0.039 0.231 0.415 0.412 0.506 0.342 0.205 0.017 -0.049 -0.213 0.045 0.335 0.338 0.092 -0.299 -0.598
0.155 0.229 0.598 0.175 -0.279 -0.336 -0.067 0.488 0.87 1.091 1.187 1.22 1.242 1.255 1.252 1.249 1.236 1.252 1.285 1.3 1.298 1.316 1.351 1.384 1.388 1.38 1.361 1.308 1.298 1.296 1.286 1.263 1.251 1.219 1.155 1.11 1.123 1.121 1.125 1.122 1.087 1.006 0.869 0.7 0.536 0.374 -9 -9 -9 -9 -9 -9 -9 -9 -9 -9 -9 -9 -9 -9 -0.079 -0.22 -0.063 -0.141 0.099 0.437 0.253 -0.118 -0.362 -0.444 -0.643 -0.226 -0.112 0.127 0.336 -0.095 -0.486
0.174 0.665 0.475 -0.097 -0.39 -0.104 0.383 0.756 1.066 1.188 1.229 1.252 1.259 1.266 1.25 1.241 1.261 1.286 1.308 1.317 1.314 1.343 1.38 1.388 1.387 1.363 1.328 1.294 1.294 1.286 1.268 1.246 1.236 1.204 1.163 1.132 1.044 1.028 1.031 1.018 0.921 0.762 0.528 0.396 0.336 0.452 -9 -9 -9 -9 -9 -9 -9 -9 -9 -9 -9 -9 -9 -9 -9 -0.307 -0.118 -0.263 -0.044 0.21 0.388 0.226 -0.227 -0.833 -0.923 -0.594 -0.376 0.013 0.326 -0.13 -0.427
0.34 0.803 0.635 0.052 -0.188 0.27 0.652 0.953 1.155 1.233 1.257 1.267 1.269 1.259 1.253 1.274 1.296 1.302 1.305 1.323 1.323 1.359 1.388 1.388 1.385 1.338 1.303 1.294 1.292 1.273 1.261 1.238 1.223 1.199 1.174 1.112 0.861 0.805 0.804 0.768 0.663 0.473 0.25 0.313 0.343 0.563 -9 -9 -9 -9 -9 -9 -9 -9 -9 -9 -9 -9 -9 -9 0.159 0.183 0.084 -0.418 -0.308 0.23 0.012 0.191 -0.003 -0.526 -0.657 -0.274 0.111 0.268 0.089 -0.128 -0.557
0.72 0.83 0.53 -0.018 0.094 0.555 0.856 1.088 1.216 1.265 1.285 1.288 1.274 1.268 1.283 1.309 1.295 1.306 1.32 1.294 1.287 1.354 1.388 1.388 1.382 1.304 1.28 1.295 1.302 1.267 1.254 1.235 1.206 1.188 1.166 1.018 0.643 0.434 0.474 0.549 0.614 0.307 0.192 0.433 0.565 0.644 -9 -9 -9 -9 -9 -9 -9 -9 -9 -9 -9 -9 -9 -9 0.574 0.297 -0.108 -0.519 -0.373 -0.102 -0.369 -0.052 0.062 -0.25 -0.365 0.009 -0.051 -0.163 -0.358 -0.068 -0.229
0.919 0.637 0.162 0.053 0.421 0.797 0.995 1.162 1.252 1.286 1.29 1.27 1.243 1.29 1.313 1.293 1.296 1.313 1.306 1.267 1.281 1.363 1.388 1.388 1.345 1.248 1.267 1.288 1.307 1.273 1.247 1.221 1.194 1.19 1.13 0.858 0.402 0.092 0.268 0.593 0.67 0.376 0.347 0.596 0.71 0.581 -9 -9 -9 -9 -9 -9 -9 -9 -9 -9 -9 -9 -9 -9 0.717 0.235 -0.218 -0.466 -0.71 -0.607 -0.602 -0.193 -0.23 -0.271 -0.116 -0.094 -0.511 -0.532 -0.324 -0.03 -0.022
0.813 0.311 -0.045 0.353 0.757 0.99 1.127 1.219 1.27 1.304 1.268 1.217 1.257 1.317 1.306 1.298 1.295 1.319 1.302 1.291 1.322 1.373 1.388 1.376 1.256 1.26 1.296 1.308 1.307 1.274 1.239 1.206 1.211 1.174 1.031 0.65 0.286 0.047 0.305 0.667 0.748 0.593 0.634 0.755 0.7 0.404 -9 -9 -9 -9 -9 -9 -9 -9 -9 -9 -9 -9 -9 -9 0.622 0.456 0.118 -0.278 -0.638 -0.566 -0.577 -0.467 -0.335 -0.38 -0.173 -0.328 -0.685 -0.631 -0.13 -0.263 -0.359
0.578 0.09 0.206 0.674 0.947 1.108 1.206 1.246 1.273 1.316 1.262 1.246 1.316 1.319 1.316 1.316 1.33 1.332 1.312 1.323 1.344 1.373 1.386 1.338 1.28 1.303 1.313 1.313 1.302 1.269 1.245 1.232 1.181 1.079 0.864 0.561 0.265 0.03 0.302 0.701 0.842 0.809 0.799 0.784 0.611 -9 -9 -9 -9 -9 -9 -9 -9 -9 -9 -9 -9 -9 -9 0.19 0.36 0.594 0.313 -0.224 -0.334 -0.075 -0.103 -0.067 -0.047 -0.288 -0.42 -0.492 -0.741 -0.425 -0.222 -0.468 -0.351
0.262 0.122 0.529 0.897 1.058 1.155 1.228 1.237 1.26 1.321 1.307 1.308 1.354 1.356 1.35 1.348 1.357 1.338 1.328 1.346 1.37 1.37 1.355 1.322 1.31 1.313 1.313 1.309 1.299 1.278 1.225 1.192 1.151 0.931 0.732 0.513 0.229 0.14 0.4 0.745 0.88 0.804 0.664 0.63 0.416 -9 -9 -9 -9 -9 -9 -9 -9 -9 -9 -9 -9 -9 -9 0.01 0.102 0.589 0.49 0.202 0.226 0.152 0.093 -0.008 -0.089 -0.195 -0.405 -0.685 -0.697 -0.337 -0.523 -0.542 -0.263
0.059 0.366 0.804 1.042 1.139 1.188 1.239 1.215 1.241 1.314 1.344 1.354 1.381 1.376 1.363 1.345 1.341 1.348 1.328 1.349 1.38 1.35 1.326 1.319 1.326 1.321 1.319 1.315 1.296 1.268 1.228 1.193 1.148 0.989 0.797 0.528 0.202 0.174 0.533 0.788 0.893 0.702 0.539 0.526 0.262 -9 -9 -9 -9 -9 -9 -9 -9 -9 -9 -9 -9 -9 -9 -0.187 0.022 0.446 0.614 0.556 0.272 -0.085 -0.228 -0.222 -0.313 -0.422 -0.364 -0.65 -0.724 -0.603 -0.724 -0.559 -0.287
0.214 0.612 0.95 1.161 1.209 1.22 1.243 1.221 1.287 1.356 1.369 1.383 1.351 1.342 1.334 1.328 1.319 1.32 1.331 1.363 1.369 1.352 1.341 1.329 1.347 1.337 1.341 1.329 1.3 1.224 1.213 1.217 1.194 1.113 0.958 0.715 0.432 0.362 0.752 0.867 0.82 0.591 0.654 0.482 0.269 -9 -9 -9 -9 -9 -9 -9 -9 -9 -9 -9 -9 -9 -9 -0.12 0.032 0.352 0.523 0.573 0.34 -0.031 0.034 0.108 -0.054 -0.41 -0.531 -0.695 -0.816 -0.706 -0.519 -0.329 -0.131
0.34 0.771 1.086 1.216 1.254 1.246 1.259 1.28 1.358 1.377 1.351 1.334 1.312 1.308 1.297 1.287 1.321 1.339 1.35 1.357 1.35 1.339 1.335 1.335 1.356 1.354 1.292 1.238 1.299 1.247 1.207 1.232 1.225 1.203 1.095 0.921 0.727 0.611 0.943 0.745 0.637 0.679 0.684 0.372 -9 -9 -9 -9 -9 -9 -9 -9 -9 -9 -9 -9 -9 -9 -9 0.035 0.176 0.215 0.354 0.391 0.512 0.281 0.056 -0.1 -0.159 -0.537 -0.623 -0.824 -0.776 -0.564 -0.459 -0.28 0.119
0.309 0.892 1.187 1.258 1.271 1.28 1.282 1.341 1.379 1.345 1.319 1.305 1.29 1.285 1.284 1.299 1.335 1.343 1.33 1.328 1.321 1.324 1.321 1.319 1.309 1.198 1.027 1.074 1.271 1.281 1.251 1.236 1.217 1.22 1.198 1.131 1.009 0.908 1.021 0.767 0.701 0.799 0.647 -9 -9 -9 -9 -9 -9 -9 -9 -9 -9 -9 -9 -9 -9 -9 -0.111 -0.232 -0.163 0.092 0.206 0.103 0.422 0.138 -0.36 -0.618 -0.602 -0.885 -0.898 -0.803 -0.622 -0.444 -0.336 -0.203 0.367
0.259 0.882 1.188 1.258 1.312 1.293 1.316 1.398 1.38 1.332 1.319 1.3 1.294 1.282 1.316 1.327 1.314 1.303 1.284 1.284 1.29 1.302 1.294 1.258 1.007 0.762 0.878 1.133 1.232 1.286 1.273 1.257 1.241 1.227 1.202 1.175 1.137 1.111 1.067 0.823 0.897 0.904 0.622 -9 -9 -9 -9 -9 -9 -9 -9 -9 -9 -9 -9 -9 -9 -9 -0.015 -0.268 -0.079 0.252 0.095 -0.032 0.248 0.338 0.018 -0.462 -0.687 -0.744 -0.867 -0.608 -0.28 -0.14 0.02 0.162 0.436
0.127 0.78 1.18 1.258 1.314 1.342 1.38 1.417 1.393 1.365 1.329 1.311 1.298 1.29 1.309 1.3 1.281 1.266 1.258 1.252 1.258 1.244 1.173 0.968 0.477 0.533 0.962 1.124 1.165 1.286 1.301 1.288 1.282 1.27 1.24 1.194 1.12 1.06 1.07 0.995 1.012 0.98 -9 -9 -9 -9 -9 -9 -9 -9 -9 -9 -9 -9 -9 -9 -9 -9 -0.068 0.029 0.252 0.274 0.058 -0.049 0.013 -0.173 0.249 0.141 -0.04 -0.221 -0.617 -0.472 -0.305 -0.203 -0.101 0.115 -0.032
0.148 0.691 1.233 1.354 1.423 1.405 1.407 1.38 1.346 1.344 1.32 1.296 1.274 1.268 1.279 1.264 1.246 1.227 1.223 1.218 1.202 1.136 0.882 0.373 0.285 0.692 1.048 1.04 1.122 1.232 1.279 1.275 1.283 1.293 1.292 1.241 1.101 0.994 1.022 1.087 1.079 -9 -9 -9 -9 -9 -9 -9 -9 -9 -9 -9 -9 -9 -9 -9 -9 -9 0.129 0.314 0.291 0.114 -0.007 -0.171 -0.127 -0.475 -0.147 0.177 0.094 -0.023 -0.353 -0.556 -0.362 -0.212 -0.27 -0.593 -0.431
0.678 0.858 1.331 1.43 1.427 1.418 1.388 1.321 1.297 1.304 1.269 1.241 1.241 1.215 1.205 1.222 1.203 1.199 1.183 1.152 1.107 1.016 0.615 0.197 0.481 0.908 1 0.935 1.06 1.173 1.244 1.262 1.276 1.294 1.318 1.289 1.14 0.973 0.955 1.046 -9 -9 -9 -9 -9 -9 -9 -9 -9 -9 -9 -9 -9 -9 -9 -9 -9 -9 -9 0.267 0.139 -0.088 -0.075 -0.24 -0.218 -0.487 -0.401 -0.122 -0.22 -0.129 -0.524 -0.926 -0.931 -0.884 -1.114 -1.095 -0.888
1.079 1.21 1.333 1.353 1.333 1.304 1.308 1.28 1.275 1.262 1.238 1.237 1.224 1.171 1.177 1.179 1.179 1.15 1.111 1.034 0.972 0.797 0.382 0.337 0.681 0.973 0.884 0.895 1.028 1.143 1.205 1.236 1.265 1.281 1.309 1.316 1.229 1.009 -9 -9 -9 -9 -9 -9 -9 -9 -9 -9 -9 -9 -9 -9 -9 -9 -9 -9 -9 -9 -9 0.035 0.037 -0.099 -0.186 -0.145 -0.278 -0.446 -0.163 -0.239 -0.256 -0.504 -0.736 -0.918 -1.267 -1.184 -1.346 -1.206 -0.937
1.243 1.113 1.071 1.267 1.284 1.268 1.267 1.254 1.252 1.229 1.21 1.196 1.158 1.166 1.156 1.136 1.135 1.105 1.004 0.87 0.75 0.454 0.155 0.418 0.711 0.925 0.8 0.873 0.991 1.054 1.15 1.199 1.244 1.264 1.299 1.321 1.298 -9 -9 -9 -9 -9 -9 -9 -9 -9 -9 -9 -9 -9 -9 -9 -9 -9 -9 -9 -9 -9 -9 0.082 -0.034 -0.118 -0.071 0.186 -0.091 -0.258 0.146 0.163 -0.076 -0.319 -0.625 -1.005 -1.212 -0.938 -0.922 -0.838 -0.71
1.251 1.238 0.848 1.127 1.222 1.21 1.201 1.194 1.184 1.163 1.126 1.123 1.095 1.111 1.107 1.078 1.069 1.023 0.937 0.759 0.474 0.117 0.196 0.564 0.782 0.793 0.757 0.893 0.862 0.906 1.084 1.167 1.219 1.256 1.282 -9 -9 -9 -9 -9 -9 -9 -9 -9 -9 -9 -9 -9 -9 -9 -9 -9 -9 -9 -9 -9 -9 -9 -9 0.54 0.317 0.147 0.229 0.36 0.175 0.054 0.297 0.47 0.014 -0.236 -0.585 -1.004 -1.288 -1.093 -0.546 -0.145 -0.052
1.314 1.342 0.852 0.95 1.09 1.106 1.084 1.09 1.056 1.025 1.017 1.031 1.017 1.016 0.994 0.976 1.011 0.981 0.859 0.569 0.121 0.145 0.47 0.699 0.749 0.64 0.736 0.869 0.753 0.81 0.987 1.14 1.206 1.253 -9 -9 -9 -9 -9 -9 -9 -9 -9 -9 -9 -9 -9 -9 -9 -9 -9 -9 -9 -9 -9 -9 -9 -9 -9 -9 0.866 0.71 0.646 0.619 0.557 0.413 0.417 0.638 -0.016 -0.457 -0.877 -1.024 -1.061 -0.954 -0.238 0.277 -0.278
1.32 1.269 0.95 0.745 0.904 1.02 1.034 1.016 0.949 0.929 0.934 0.93 0.896 0.869 0.812 0.821 0.938 0.899 0.597 0.19 0.139 0.391 0.685 0.773 0.705 0.636 0.751 0.775 0.689 0.733 0.884 1.083 1.166 -9 -9 -9 -9 -9 -9 -9 -9 -9 -9 -9 -9 -9 -9 -9 -9 -9 -9 -9 -9 -9 -9 -9 -9 -9 -9 -9 0.994 0.989 0.955 0.904 0.838 0.743 0.686 0.488 -0.3 -0.682 -0.981 -0.758 -0.619 -0.63 0.114 0.206 -0.814
1.271 1.194 1.02 0.753 0.715 0.964 1.094 1.08 1.013 0.983 0.947 0.903 0.873 0.862 0.787 0.765 0.795 0.737 0.346 0.146 0.424 0.678 0.817 0.784 0.653 0.643 0.694 0.699 0.638 0.643 0.782 0.99 -9 -9 -9 -9 -9 -9 -9 -9 -9 -9 -9 -9 -9 -9 -9 -9 -9 -9 -9 -9 -9 -9 -9 -9 -9 -9 -9 -9 -9 0.892 0.964 0.991 0.971 0.961 0.918 0.507 0.015 -0.382 -0.702 -0.259 -0.188 -0.078 0.495 0.212 -0.716
1.224 1.209 1.093 0.924 0.641 0.84 1.104 1.156 1.102 1.055 0.946 1.004 1.014 1.033 0.924 0.848 0.714 0.47 0.256 0.352 0.634 0.793 0.84 0.699 0.611 0.607 0.648 0.624 0.617 0.646 0.72 -9 -9 -9 -9 -9 -9 -9 -9 -9 -9 -9 -9 -9 -9 -9 -9 -9 -9 -9 -9 -9 -9 -9 -9 -9 -9 -9 -9 -9 -9 -9 0.765 0.776 0.828 0.848 0.947 0.807 0.271 -0.203 -0.063 0.298 0.485 0.459 0.559 0.321 -0.516
1.239 1.277 1.18 1.047 0.794 0.67 1.063 1.194 1.177 1.069 1.017 1.123 1.148 1.126 1.021 0.959 0.736 0.425 0.389 0.571 0.774 0.876 0.851 0.697 0.618 0.62 0.642 0.671 0.705 -9 -9 -9 -9 -9 -9 -9 -9 -9 -9 -9 -9 -9 -9 -9 -9 -9 -9 -9 -9 -9 -9 -9 -9 -9 -9 -9 -9 -9 -9 -9 -9 -9 0.465 0.328 0.371 0.467 0.801 0.893 0.446 0.213 0.59 0.647 0.416 0.051 0.177 -0.069 -0.915
1.345 1.384 1.257 1.13 0.99 0.812 1.027 1.219 1.213 1.085 1.118 1.216 1.225 1.159 1.12 1.058 0.86 0.636 0.588 0.738 0.868 0.938 0.853 0.766 0.675 0.674 0.72 0.748 -9 -9 -9 -9 -9 -9 -9 -9 -9 -9 -9 -9 -9 -9 -9 -9 -9 -9 -9 -9 -9 -9 -9 -9 -9 -9 -9 -9 -9 -9 -9 -9 -9 -9 -9 -0.08 0.055 0.334 0.412 0.729 0.767 0.765 0.613 0.237 -0.087 -0.45 -0.687 -0.794 -1.299
1.408 1.406 1.244 1.186 1.121 1.053 1.111 1.253 1.208 1.122 1.15 1.289 1.298 1.254 1.208 1.124 0.968 0.804 0.747 0.781 0.906 0.941 0.858 0.785 0.731 0.735 -9 -9 -9 -9 -9 -9 -9 -9 -9 -9 -9 -9 -9 -9 -9 -9 -9 -9 -9 -9 -9 -9 -9 -9 -9 -9 -9 -9 -9 -9 -9 -9 -9 -9 -9 -9 -9 -9 0.019 0.115 -0.154 0.092 0.716 0.733 0.339 -0.139 -0.584 -1.021 -1.432 -1.444 -1.503
-9 1.449 1.323 1.23 1.228 1.226 1.261 1.233 1.173 1.206 1.26 1.314 1.233 1.197 1.24 -9 1.038 0.854 0.78 0.785 0.911 0.973 -9 -9 -9 -9 -9 -9 -9 -9 -9 -9 -9 -9 -9 -9 -9 -9 -9 -9 -9 -9 -9 -9 -9 -9 -9 -9 -9 -9 -9 -9 -9 -9 -9 -9 -9 -9 -9 -9 -9 -9 -9 -9 -9 -0.309 -0.222 0.112 0.532 0.669 0.096 -0.529 -0.994 -1.012 -1.282 -1.555 -1.27
-9 -9 -9 -9 -9 1.394 1.184 1.193 1.269 1.336 -9 -9 -9 -9 -9 -9 -9 -9 -9 -9 -9 -9 -9 -9 -9 -9 -9 -9 -9 -9 -9 -9 -9 -9 -9 -9 -9 -9 -9 -9 -9 -9 -9 -9 -9 -9 -9 -9 -9 -9 -9 -9 -9 -9 -9 -9 -9 -9 -9 -9 -9 -9 -9 -9 -9 -9 -0.271 -0.273 0.121 0.53 0.109 -0.341 -0.297 -0.372 -1.226 -1.711 -1.198
