data/climatemaps/RS_maps/climate_breeding_pr_2011.asc
NCOLS 369 
NROWS 228 
XLLCORNER 479000 
YLLCORNER 73000 
CELLSIZE 1000 
NODATA_value -9 
[rows 34 to 67 of 228, columns 228 to 303 of 369]
-1.128 -1.124 -1.136 -1.135 -1.113 -1.073 -1.024 -0.951 -0.864 -0.783 -0.739 -0.742 -0.764 -0.783 -0.8 -0.807 -0.797 -0.79 -0.79 -0.79 -0.783 -0.787 -0.78 -0.765 -0.742 -0.711 -0.67 -0.623 -0.581 -0.548 -0.538 -0.537 -0.536 -0.538 -0.538 -0.541 -0.542 -0.54 -0.538 -0.537 -0.535 -0.532 -0.523 -0.512 -0.498 -0.483 -0.466 -0.446 -0.423 -0.4 -0.377 -0.355 -0.334 -0.315 -0.296 -0.276 -0.25 -0.215 -0.168 -0.113 -0.057 -0.007 0.032 0.061 0.082 0.109 0.169 0.335 0.65 1.022 -9 -9 -9 -9 -9 -9
-1.067 -1.071 -1.084 -1.103 -1.104 -1.078 -1.036 -0.96 -0.879 -0.821 -0.798 -0.787 -0.784 -0.779 -0.766 -0.739 -0.706 -0.687 -0.681 -0.695 -0.7 -0.709 -0.711 -0.705 -0.692 -0.667 -0.62 -0.579 -0.543 -0.515 -0.501 -0.492 -0.487 -0.491 -0.493 -0.496 -0.499 -0.5 -0.5 -0.5 -0.5 -0.498 -0.493 -0.487 -0.477 -0.465 -0.449 -0.432 -0.412 -0.391 -0.371 -0.351 -0.332 -0.314 -0.296 -0.276 -0.25 -0.213 -0.166 -0.108 -0.049 0.005 0.047 0.079 0.101 0.128 0.188 0.366 0.696 1.052 -9 -9 -9 -9 -9 -9
-1.006 -1.017 -1.039 -1.07 -1.09 -1.081 -1.053 -1.005 -0.948 -0.899 -0.862 -0.828 -0.801 -0.77 -0.719 -0.659 -0.61 -0.581 -0.572 -0.581 -0.591 -0.605 -0.61 -0.604 -0.603 -0.607 -0.572 -0.533 -0.505 -0.489 -0.475 -0.458 -0.447 -0.446 -0.45 -0.452 -0.457 -0.461 -0.465 -0.466 -0.466 -0.464 -0.46 -0.457 -0.451 -0.442 -0.429 -0.414 -0.397 -0.379 -0.361 -0.344 -0.327 -0.31 -0.294 -0.274 -0.248 -0.212 -0.162 -0.103 -0.041 0.016 0.062 0.098 0.124 0.153 0.215 0.381 0.723 1.049 1.238 -9 -9 -9 -9 -9
-0.934 -0.952 -0.996 -1.037 -1.061 -1.064 -1.049 -1.022 -0.986 -0.941 -0.897 -0.855 -0.812 -0.75 -0.677 -0.599 -0.522 -0.471 -0.464 -0.475 -0.485 -0.496 -0.502 -0.51 -0.511 -0.526 -0.529 -0.491 -0.473 -0.465 -0.446 -0.426 -0.41 -0.402 -0.402 -0.4 -0.405 -0.411 -0.419 -0.425 -0.428 -0.429 -0.426 -0.423 -0.42 -0.414 -0.405 -0.393 -0.378 -0.363 -0.347 -0.332 -0.317 -0.303 -0.288 -0.269 -0.244 -0.208 -0.157 -0.098 -0.034 0.027 0.078 0.12 0.152 0.184 0.255 0.417 0.734 0.994 1.121 1.245 -9 -9 -9 -9
-0.869 -0.906 -0.958 -0.993 -1.018 -1.033 -1.034 -1.013 -0.979 -0.944 -0.911 -0.874 -0.814 -0.738 -0.644 -0.553 -0.469 -0.404 -0.396 -0.401 -0.403 -0.412 -0.419 -0.432 -0.438 -0.452 -0.482 -0.468 -0.46 -0.433 -0.399 -0.377 -0.368 -0.357 -0.35 -0.343 -0.344 -0.348 -0.356 -0.365 -0.372 -0.379 -0.381 -0.381 -0.382 -0.38 -0.375 -0.366 -0.354 -0.34 -0.326 -0.313 -0.3 -0.288 -0.276 -0.259 -0.235 -0.199 -0.15 -0.09 -0.024 0.039 0.094 0.141 0.178 0.216 0.294 0.463 0.693 0.89 1.025 1.152 -9 -9 -9 -9
-0.828 -0.861 -0.904 -0.937 -0.958 -0.99 -0.997 -0.988 -0.968 -0.944 -0.914 -0.875 -0.815 -0.723 -0.637 -0.535 -0.442 -0.398 -0.385 -0.357 -0.357 -0.361 -0.366 -0.384 -0.388 -0.4 -0.439 -0.447 -0.419 -0.377 -0.342 -0.315 -0.304 -0.289 -0.284 -0.279 -0.278 -0.285 -0.293 -0.298 -0.306 -0.315 -0.318 -0.324 -0.334 -0.339 -0.339 -0.332 -0.32 -0.306 -0.293 -0.282 -0.274 -0.264 -0.254 -0.24 -0.217 -0.183 -0.136 -0.077 -0.01 0.054 0.111 0.16 0.202 0.244 0.313 0.446 0.625 0.829 1.034 1.24 -9 -9 -9 -9
-0.748 -0.768 -0.816 -0.871 -0.9 -0.908 -0.924 -0.936 -0.935 -0.926 -0.907 -0.871 -0.816 -0.727 -0.634 -0.548 -0.472 -0.427 -0.406 -0.373 -0.373 -0.371 -0.367 -0.372 -0.367 -0.378 -0.414 -0.411 -0.369 -0.336 -0.301 -0.265 -0.237 -0.205 -0.195 -0.2 -0.219 -0.231 -0.238 -0.243 -0.247 -0.253 -0.255 -0.263 -0.277 -0.289 -0.289 -0.284 -0.266 -0.246 -0.228 -0.223 -0.228 -0.226 -0.225 -0.212 -0.19 -0.158 -0.113 -0.056 0.009 0.073 0.131 0.181 0.225 0.267 0.327 0.441 0.647 0.908 1.162 1.374 -9 -9 -9 -9
-0.646 -0.681 -0.725 -0.782 -0.819 -0.828 -0.84 -0.862 -0.88 -0.888 -0.88 -0.853 -0.802 -0.721 -0.639 -0.576 -0.511 -0.481 -0.47 -0.441 -0.433 -0.418 -0.394 -0.375 -0.373 -0.391 -0.402 -0.383 -0.344 -0.31 -0.267 -0.217 -0.166 -0.111 -0.088 -0.096 -0.132 -0.178 -0.197 -0.198 -0.196 -0.198 -0.198 -0.209 -0.223 -0.228 -0.22 -0.206 -0.172 -0.136 -0.116 -0.131 -0.163 -0.171 -0.174 -0.167 -0.151 -0.123 -0.082 -0.027 0.035 0.098 0.155 0.205 0.248 0.288 0.342 0.457 0.681 0.957 1.23 1.432 1.442 -9 -9 -9
-0.563 -0.582 -0.626 -0.656 -0.717 -0.75 -0.768 -0.8 -0.818 -0.84 -0.837 -0.81 -0.774 -0.717 -0.659 -0.607 -0.565 -0.55 -0.53 -0.504 -0.477 -0.444 -0.417 -0.399 -0.403 -0.402 -0.385 -0.352 -0.316 -0.281 -0.234 -0.166 -0.085 -0.014 0.021 0.017 -0.044 -0.121 -0.159 -0.153 -0.146 -0.138 -0.137 -0.155 -0.159 -0.145 -0.125 -0.092 -0.041 -0.012 -0.02 -0.054 -0.078 -0.08 -0.075 -0.074 -0.071 -0.068 -0.039 0.009 0.067 0.128 0.184 0.232 0.272 0.307 0.354 0.444 0.644 0.94 1.233 1.417 1.43 -9 -9 -9
-0.497 -0.508 -0.542 -0.564 -0.607 -0.661 -0.714 -0.749 -0.777 -0.795 -0.774 -0.749 -0.729 -0.697 -0.663 -0.636 -0.607 -0.577 -0.549 -0.525 -0.5 -0.47 -0.445 -0.425 -0.404 -0.371 -0.35 -0.32 -0.283 -0.254 -0.202 -0.118 -0.03 0.053 0.107 0.096 0.022 -0.08 -0.116 -0.087 -0.088 -0.081 -0.084 -0.1 -0.073 -0.039 -0.015 0.029 0.072 0.074 0.052 0.04 0.033 0.036 0.054 0.054 0.045 0.029 0.031 0.051 0.103 0.16 0.215 0.26 0.295 0.323 0.363 0.439 0.616 0.88 1.149 1.336 1.463 -9 -9 -9
-0.512 -0.468 -0.505 -0.497 -0.53 -0.574 -0.614 -0.668 -0.72 -0.738 -0.709 -0.694 -0.672 -0.655 -0.635 -0.619 -0.587 -0.551 -0.521 -0.498 -0.48 -0.457 -0.432 -0.398 -0.353 -0.324 -0.311 -0.293 -0.271 -0.236 -0.177 -0.096 -0.005 0.072 0.122 0.097 0.037 -0.052 -0.071 -0.039 -0.048 -0.029 -0.032 -0.025 0.024 0.054 0.075 0.113 0.151 0.162 0.137 0.122 0.119 0.108 0.143 0.149 0.117 0.096 0.076 0.088 0.138 0.194 0.245 0.285 0.316 0.339 0.371 0.443 0.649 0.921 1.183 1.407 1.574 -9 -9 -9
-0.54 -0.481 -0.481 -0.427 -0.439 -0.473 -0.52 -0.584 -0.655 -0.674 -0.653 -0.634 -0.604 -0.591 -0.574 -0.572 -0.545 -0.507 -0.466 -0.422 -0.415 -0.4 -0.376 -0.343 -0.303 -0.284 -0.272 -0.261 -0.253 -0.217 -0.162 -0.091 -0.003 0.06 0.117 0.084 0.02 -0.057 -0.047 -0.03 -0.018 0.026 0.052 0.044 0.078 0.092 0.139 0.189 0.235 0.242 0.217 0.197 0.19 0.158 0.171 0.153 0.1 0.07 0.078 0.115 0.169 0.223 0.27 0.306 0.333 0.35 0.378 0.449 0.668 0.988 1.285 1.517 1.649 -9 -9 -9
-0.561 -0.506 -0.455 -0.384 -0.36 -0.378 -0.439 -0.507 -0.575 -0.586 -0.572 -0.547 -0.52 -0.511 -0.495 -0.507 -0.499 -0.458 -0.41 -0.366 -0.34 -0.311 -0.286 -0.276 -0.255 -0.237 -0.223 -0.221 -0.218 -0.186 -0.143 -0.094 -0.03 0.026 0.038 0.009 -0.04 -0.064 -0.036 -0.014 0.043 0.11 0.149 0.15 0.163 0.151 0.203 0.242 0.284 0.308 0.301 0.26 0.222 0.173 0.148 0.124 0.074 0.058 0.087 0.135 0.191 0.244 0.289 0.322 0.345 0.364 0.394 0.466 0.694 1.01 1.313 1.545 1.616 -9 -9 -9
-0.538 -0.48 -0.415 -0.346 -0.303 -0.303 -0.342 -0.406 -0.472 -0.485 -0.483 -0.46 -0.447 -0.436 -0.425 -0.44 -0.447 -0.388 -0.328 -0.277 -0.23 -0.198 -0.174 -0.172 -0.169 -0.175 -0.163 -0.17 -0.173 -0.16 -0.14 -0.101 -0.057 -0.027 -0.052 -0.072 -0.08 -0.054 -0.028 0.023 0.096 0.169 0.235 0.267 0.266 0.231 0.254 0.29 0.332 0.354 0.359 0.32 0.265 0.212 0.158 0.122 0.082 0.071 0.092 0.144 0.202 0.254 0.297 0.328 0.355 0.384 0.425 0.505 0.691 0.954 1.215 1.488 1.595 -9 -9 -9
-0.515 -0.459 -0.397 -0.305 -0.243 -0.226 -0.232 -0.294 -0.36 -0.369 -0.383 -0.368 -0.365 -0.354 -0.355 -0.386 -0.394 -0.326 -0.247 -0.18 -0.108 -0.075 -0.048 -0.055 -0.061 -0.081 -0.094 -0.106 -0.114 -0.113 -0.11 -0.091 -0.079 -0.079 -0.086 -0.101 -0.081 -0.041 -0.011 0.046 0.121 0.198 0.272 0.316 0.333 0.335 0.342 0.358 0.382 0.402 0.356 0.283 0.212 0.133 0.053 0.013 0.011 0.04 0.087 0.144 0.203 0.255 0.297 0.33 0.366 0.417 0.48 0.573 0.682 0.837 1.052 1.326 1.496 1.448 -9 -9
-0.473 -0.414 -0.365 -0.277 -0.194 -0.139 -0.132 -0.175 -0.228 -0.247 -0.259 -0.268 -0.276 -0.28 -0.286 -0.343 -0.349 -0.286 -0.222 -0.148 -0.063 0.015 0.058 0.093 0.085 0.058 0.036 0 -0.021 -0.021 -0.033 -0.022 -0.037 -0.051 -0.055 -0.079 -0.072 -0.039 -0.002 0.057 0.121 0.178 0.245 0.317 0.388 0.43 0.451 0.483 0.471 0.414 0.309 0.177 0.07 -0.011 -0.056 -0.052 -0.023 0.02 0.075 0.136 0.198 0.252 0.295 0.338 0.395 0.482 0.591 0.741 0.772 0.779 0.907 1.149 1.357 1.446 -9 -9
-0.386 -0.338 -0.284 -0.206 -0.132 -0.068 -0.034 -0.063 -0.091 -0.118 -0.156 -0.193 -0.217 -0.239 -0.258 -0.291 -0.317 -0.26 -0.163 -0.075 0.031 0.108 0.172 0.226 0.226 0.206 0.19 0.141 0.096 0.086 0.051 0.039 0.033 0.02 0.003 -0.042 -0.049 -0.055 -0.015 0.027 0.074 0.138 0.223 0.313 0.394 0.464 0.533 0.578 0.509 0.364 0.208 0.062 -0.044 -0.092 -0.102 -0.083 -0.046 0.005 0.064 0.128 0.19 0.247 0.299 0.364 0.468 0.656 0.866 1.048 1.024 0.852 0.891 1.072 1.279 1.452 -9 -9
-0.319 -0.262 -0.204 -0.123 -0.035 0.02 0.062 0.074 0.034 0.017 -0.036 -0.08 -0.121 -0.171 -0.205 -0.257 -0.28 -0.246 -0.165 -0.066 0.048 0.135 0.23 0.305 0.342 0.345 0.325 0.278 0.249 0.219 0.15 0.097 0.088 0.081 0.046 -0.01 -0.01 -0.058 -0.039 0.001 0.034 0.093 0.176 0.247 0.331 0.471 0.559 0.579 0.48 0.336 0.151 -0.009 -0.088 -0.122 -0.126 -0.101 -0.059 -0.003 0.058 0.122 0.185 0.248 0.318 0.426 0.623 0.931 1.238 1.349 1.267 1.052 1.03 1.167 1.332 1.459 -9 -9
-0.241 -0.159 -0.098 -0.042 0.032 0.104 0.175 0.181 0.131 0.089 0.032 -0.033 -0.086 -0.125 -0.167 -0.212 -0.244 -0.193 -0.119 -0.063 0.033 0.156 0.251 0.337 0.418 0.455 0.464 0.431 0.42 0.348 0.248 0.186 0.139 0.112 0.053 0.017 0.02 -0.037 -0.045 0.017 0.048 0.067 0.103 0.176 0.292 0.389 0.451 0.525 0.459 0.29 0.103 -0.043 -0.114 -0.141 -0.141 -0.112 -0.064 -0.003 0.059 0.123 0.189 0.263 0.363 0.54 0.827 1.192 1.517 1.571 1.488 1.282 1.225 1.303 1.447 1.575 -9 -9
-0.152 -0.119 -0.047 0.002 0.084 0.156 0.252 0.249 0.229 0.166 0.114 0.038 0.003 -0.05 -0.088 -0.149 -0.2 -0.134 -0.045 0.003 0.044 0.161 0.264 0.367 0.462 0.543 0.606 0.568 0.558 0.474 0.354 0.281 0.183 0.104 0.067 0.063 0.047 -0.015 -0.041 0.011 0.034 0.078 0.113 0.143 0.196 0.27 0.358 0.416 0.366 0.223 0.052 -0.074 -0.131 -0.154 -0.15 -0.117 -0.063 0.001 0.066 0.132 0.206 0.3 0.449 0.697 1.033 1.419 1.709 1.713 1.599 1.469 1.47 1.53 1.701 -9 -9 -9
-0.049 -0.017 0.037 0.074 0.121 0.189 0.27 0.279 0.306 0.296 0.246 0.166 0.15 0.066 -0.004 -0.086 -0.147 -0.1 0.003 0.066 0.075 0.212 0.309 0.405 0.497 0.629 0.709 0.697 0.664 0.599 0.475 0.343 0.203 0.113 0.108 0.128 0.123 0.053 -0.016 -0.032 -0.005 0.023 0.072 0.1 0.125 0.204 0.303 0.365 0.318 0.189 0.033 -0.088 -0.139 -0.161 -0.156 -0.12 -0.059 0.011 0.077 0.149 0.239 0.376 0.64 0.95 1.267 1.604 1.717 1.683 1.683 1.674 1.72 1.849 1.903 -9 -9 -9
0.015 0.109 0.182 0.212 0.257 0.236 0.278 0.324 0.365 0.401 0.365 0.313 0.315 0.202 0.103 -0.002 -0.081 -0.065 0.043 0.114 0.12 0.255 0.372 0.493 0.564 0.678 0.772 0.799 0.791 0.721 0.56 0.396 0.231 0.139 0.148 0.174 0.214 0.17 0.102 0.015 -0.043 -0.019 0.024 0.047 0.105 0.18 0.272 0.304 0.238 0.133 0.011 -0.087 -0.139 -0.165 -0.161 -0.12 -0.046 0.039 0.092 0.173 0.296 0.494 0.817 1.102 1.45 1.718 1.719 1.683 1.815 1.88 1.896 1.991 1.946 -9 -9 -9
0.082 0.184 0.282 0.346 0.365 0.32 0.33 0.383 0.461 0.503 0.475 0.507 0.482 0.363 0.232 0.113 0.015 -0.004 0.106 0.18 0.185 0.317 0.458 0.565 0.619 0.646 0.747 0.827 0.808 0.74 0.622 0.459 0.272 0.166 0.182 0.231 0.229 0.185 0.147 0.091 -0.003 -0.044 -0.031 0.01 0.057 0.109 0.185 0.231 0.208 0.125 0.02 -0.071 -0.125 -0.167 -0.166 -0.125 -0.05 0.041 0.102 0.206 0.367 0.601 0.89 1.201 1.509 1.726 1.764 1.706 1.853 2.067 2.074 2.045 1.896 -9 -9 -9
0.113 0.251 0.341 0.433 0.416 0.411 0.427 0.489 0.551 0.652 0.659 0.676 0.617 0.535 0.438 0.297 0.145 0.073 0.161 0.262 0.28 0.341 0.438 0.517 0.555 0.62 0.695 0.73 0.76 0.773 0.712 0.543 0.314 0.179 0.187 0.206 0.196 0.179 0.163 0.135 0.091 0.018 -0.027 -0.028 0.017 0.106 0.2 0.285 0.293 0.206 0.102 -0.013 -0.103 -0.169 -0.172 -0.133 -0.066 0.02 0.109 0.244 0.4 0.618 0.882 1.132 1.416 1.617 1.701 1.704 1.816 2.054 2.018 2.016 -9 -9 -9 -9
0.151 0.276 0.423 0.472 0.45 0.49 0.532 0.557 0.667 0.793 0.823 0.792 0.757 0.765 0.682 0.494 0.314 0.16 0.239 0.345 0.409 0.437 0.466 0.507 0.507 0.541 0.573 0.644 0.752 0.829 0.736 0.562 0.322 0.209 0.199 0.199 0.206 0.263 0.263 0.231 0.221 0.156 0.055 -0.012 0.033 0.134 0.26 0.376 0.373 0.306 0.183 0.049 -0.095 -0.172 -0.18 -0.142 -0.077 0.007 0.114 0.223 0.358 0.569 0.802 1.056 1.252 1.333 1.492 1.667 1.766 2.02 1.999 -9 -9 -9 -9 -9
0.159 0.307 0.48 0.49 0.474 0.555 0.649 0.651 0.722 0.889 0.964 0.941 0.97 1.014 0.874 0.686 0.456 0.278 0.331 0.399 0.462 0.527 0.568 0.556 0.506 0.493 0.552 0.649 0.759 0.809 0.724 0.527 0.361 0.322 0.325 0.311 0.325 0.392 0.411 0.361 0.334 0.253 0.14 0.036 0.044 0.12 0.245 0.38 0.446 0.412 0.234 0.066 -0.103 -0.179 -0.192 -0.159 -0.093 -0.011 0.075 0.164 0.284 0.492 0.748 0.867 1.018 1.149 1.313 1.503 1.686 1.977 2.141 -9 -9 -9 -9 -9
0.125 0.301 0.489 0.502 0.469 0.57 0.713 0.716 0.81 0.915 1.019 1.111 1.165 1.189 1.056 0.881 0.643 0.372 0.356 0.39 0.479 0.576 0.603 0.62 0.594 0.518 0.576 0.621 0.717 0.822 0.776 0.555 0.474 0.452 0.442 0.456 0.536 0.563 0.564 0.478 0.402 0.294 0.216 0.113 0.086 0.114 0.228 0.386 0.51 0.421 0.211 -0.012 -0.137 -0.194 -0.21 -0.179 -0.114 -0.035 0.043 0.119 0.227 0.386 0.576 0.8 1.063 1.23 1.245 1.347 1.594 1.884 -9 -9 -9 -9 -9 -9
0.088 0.285 0.497 0.502 0.459 0.547 0.689 0.741 0.907 0.973 1.005 1.169 1.297 1.265 1.158 0.992 0.756 0.491 0.391 0.397 0.455 0.537 0.632 0.681 0.629 0.54 0.579 0.638 0.766 0.879 0.85 0.642 0.601 0.609 0.608 0.682 0.764 0.732 0.665 0.567 0.504 0.462 0.387 0.189 0.196 0.179 0.249 0.43 0.479 0.286 0.085 -0.079 -0.168 -0.218 -0.232 -0.203 -0.141 -0.066 0.007 0.075 0.156 0.3 0.51 0.739 0.958 1.156 1.262 1.357 1.588 -9 -9 -9 -9 -9 -9 -9
0.04 0.247 0.436 0.482 0.437 0.51 0.63 0.784 0.888 0.868 0.936 1.093 1.301 1.329 1.307 1.164 0.95 0.646 0.458 0.418 0.485 0.574 0.665 0.695 0.659 0.567 0.627 0.695 0.816 0.941 0.964 0.802 0.74 0.787 0.794 0.852 0.875 0.85 0.812 0.774 0.807 0.725 0.49 0.339 0.423 0.362 0.311 0.402 0.347 0.125 -0.047 -0.136 -0.204 -0.248 -0.256 -0.23 -0.171 -0.101 -0.035 0.028 0.106 0.251 0.466 0.704 0.889 1.053 1.204 -9 -9 -9 -9 -9 -9 -9 -9 -9
-0.014 0.16 0.309 0.386 0.376 0.483 0.617 0.742 0.773 0.755 0.907 1.128 1.257 1.204 1.207 1.154 0.98 0.817 0.598 0.458 0.48 0.55 0.62 0.649 0.643 0.574 0.594 0.675 0.823 0.998 1.067 1.013 0.885 0.864 0.875 0.954 1.016 1.054 1.09 1.128 1.032 0.807 0.652 0.603 0.518 0.384 0.378 0.296 0.091 -0.063 -0.136 -0.196 -0.249 -0.284 -0.287 -0.258 -0.202 -0.137 -0.075 -0.013 0.075 0.2 0.375 0.546 0.724 0.891 1.018 -9 -9 -9 -9 -9 -9 -9 -9 -9
-0.062 0.058 0.188 0.278 0.327 0.412 0.497 0.624 0.661 0.684 0.887 0.981 1.041 1.096 1.094 1.082 1.096 1.065 0.806 0.549 0.466 0.478 0.513 0.55 0.557 0.563 0.639 0.669 0.78 0.93 1.032 1.143 1.07 0.97 1.015 1.082 1.203 1.387 1.472 1.327 1.097 1.098 0.978 0.721 0.563 0.506 0.323 0.094 -0.095 -0.174 -0.216 -0.259 -0.3 -0.323 -0.317 -0.286 -0.223 -0.166 -0.095 -0.035 0.015 0.168 0.333 0.464 0.587 0.715 -9 -9 -9 -9 -9 -9 -9 -9 -9 -9
-0.099 0.005 0.138 0.274 0.336 0.341 0.379 0.467 0.509 0.59 0.717 0.799 0.925 0.966 1.018 1.125 1.25 1.263 1.051 0.742 0.526 0.417 0.402 0.416 0.452 0.515 0.608 0.674 0.749 0.877 1.014 1.152 1.175 1.128 1.167 1.256 1.49 1.668 1.572 1.435 1.324 1.348 1.081 0.839 0.711 0.399 0.094 -0.113 -0.201 -0.249 -0.282 -0.316 -0.346 -0.351 -0.334 -0.312 -0.228 -0.182 -0.092 -0.066 -0.05 0.123 0.29 0.457 0.626 -9 -9 -9 -9 -9 -9 -9 -9 -9 -9 -9
-0.127 -0.042 0.072 0.161 0.223 0.261 0.295 0.342 0.386 0.436 0.523 0.631 0.735 0.837 1.001 1.168 1.323 1.367 1.217 0.987 0.71 0.508 0.388 0.314 0.324 0.403 0.462 0.488 0.559 0.702 0.875 1.048 1.135 1.208 1.309 1.556 1.667 1.747 1.606 1.555 1.514 1.351 1.248 0.908 0.531 0.157 -0.092 -0.209 -0.264 -0.308 -0.34 -0.368 -0.377 -0.348 -0.342 -0.33 -0.255 -0.196 -0.129 -0.126 -0.094 0.028 0.151 0.33 0.575 -9 -9 -9 -9 -9 -9 -9 -9 -9 -9 -9
-0.142 -0.086 -0.016 0.068 0.135 0.179 0.199 0.219 0.258 0.309 0.37 0.451 0.549 0.7 0.917 1.099 1.273 1.374 1.331 1.186 0.924 0.712 0.563 0.365 0.244 0.244 0.26 0.3 0.445 0.611 0.813 0.97 1.151 1.256 1.48 1.584 1.465 1.496 1.667 1.65 1.555 1.499 1.205 0.709 0.304 0.014 -0.17 -0.263 -0.318 -0.36 -0.386 -0.399 -0.383 -0.37 -0.386 -0.333 -0.271 -0.223 -0.195 -0.178 -0.152 -0.113 -0.027 0.128 -9 -9 -9 -9 -9 -9 -9 -9 -9 -9 -9 -9
