data/climatemaps/RS_maps/climate_postbreed_tmp_2004.asc
NCOLS 369 
NROWS 228 
XLLCORNER 479000 
YLLCORNER 73000 
CELLSIZE 1000 
NODATA_value -9 
[rows 102 to 135 of 228, columns 0 to 76 of 369]
-9 -9 -9 -9 -9 -9 -9 -9 -9 -9 -9 -9 -9 -9 -9 -9 -9 -9 -9 -9 -9 -9 -9 -9 -9 -9 -9 -9 -9 -9 -9 -9 0.568 0.556 0.544 0.612 0.632 0.635 0.616 0.562 0.466 0.376 0.399 0.417 0.392 0.304 0.227 0.22 0.246 0.265 0.244 0.232 0.227 0.242 0.243 0.244 0.285 0.34 0.455 0.527 0.53 0.657 0.701 0.657 0.51 0.188 0.141 0.138 0.056 0.076 0.212 0.544 0.799 0.954 0.967 1.009 1.035
-9 -9 -9 -9 -9 -9 -9 -9 -9 -9 -9 -9 -9 -9 -9 -9 -9 -9 -9 -9 -9 -9 -9 -9 -9 -9 -9 -9 -9 -9 -9 -9 0.561 0.571 0.608 0.638 0.632 0.632 0.595 0.47 0.413 0.437 0.432 0.368 0.264 0.237 0.206 0.226 0.248 0.287 0.323 0.308 0.301 0.305 0.289 0.254 0.32 0.465 0.586 0.667 0.674 0.62 0.558 0.38 0.198 0.061 -0.022 -0.008 0.086 0.315 0.53 0.746 0.882 0.996 1.011 1.039 1.046
-9 -9 -9 -9 -9 -9 -9 -9 -9 -9 -9 -9 -9 -9 -9 -9 -9 -9 -9 -9 -9 -9 -9 -9 -9 -9 -9 -9 -9 -9 -9 -9 0.596 0.619 0.641 0.64 0.632 0.628 0.584 0.483 0.49 0.454 0.368 0.239 0.179 0.218 0.249 0.294 0.366 0.415 0.425 0.395 0.39 0.418 0.437 0.336 0.533 0.667 0.695 0.645 0.52 0.386 0.297 0.196 0.131 0.07 0.039 0.152 0.403 0.628 0.775 0.872 0.966 1.043 1.049 1.047 1.047
-9 -9 -9 -9 -9 -9 -9 -9 -9 -9 -9 -9 -9 -9 -9 -9 -9 -9 -9 -9 -9 -9 -9 -9 -9 -9 -9 -9 -9 -9 -9 -9 0.628 0.643 0.646 0.644 0.631 0.622 0.605 0.554 0.494 0.417 0.259 0.192 0.231 0.319 0.389 0.444 0.463 0.437 0.396 0.374 0.4 0.521 0.591 0.551 0.692 0.718 0.658 0.482 0.329 0.266 0.181 0.133 0.128 0.087 0.187 0.48 0.667 0.796 0.896 0.972 1.046 1.062 1.062 1.05 1.047
-9 -9 -9 -9 -9 -9 -9 -9 -9 -9 -9 -9 -9 -9 -9 -9 -9 -9 -9 -9 -9 -9 -9 -9 -9 -9 -9 -9 -9 -9 -9 -9 -9 0.646 0.646 0.646 0.631 0.613 0.584 0.573 0.424 0.333 0.269 0.281 0.355 0.454 0.455 0.385 0.338 0.294 0.257 0.264 0.328 0.472 0.59 0.693 0.63 0.61 0.506 0.35 0.27 0.187 0.108 0.154 0.209 0.223 0.447 0.681 0.808 0.905 0.99 1.049 1.067 1.067 1.067 1.062 1.051
-9 -9 -9 -9 -9 -9 -9 -9 -9 -9 -9 -9 -9 -9 -9 -9 -9 -9 -9 -9 -9 -9 -9 -9 -9 -9 -9 -9 -9 -9 -9 -9 -9 0.64 0.628 0.628 0.615 0.519 0.511 0.49 0.354 0.326 0.351 0.407 0.466 0.414 0.295 0.242 0.222 0.213 0.241 0.323 0.474 0.582 0.584 0.521 0.4 0.394 0.261 0.209 0.197 0.163 0.205 0.284 0.342 0.45 0.646 0.776 0.878 0.981 1.054 1.072 1.068 1.067 1.067 1.067 1.062
-9 -9 -9 -9 -9 -9 -9 -9 -9 -9 -9 -9 -9 -9 -9 -9 -9 -9 -9 -9 -9 -9 -9 -9 -9 -9 -9 -9 -9 -9 -9 -9 -9 0.616 0.606 0.576 0.482 0.432 0.454 0.557 0.409 0.423 0.487 0.485 0.39 0.268 0.211 0.232 0.248 0.282 0.351 0.485 0.474 0.415 0.303 0.173 0.158 0.211 0.147 0.151 0.176 0.212 0.28 0.304 0.316 0.452 0.698 0.827 0.933 1.043 1.083 1.083 1.075 1.072 1.067 1.067 1.066
-9 -9 -9 -9 -9 -9 -9 -9 -9 -9 -9 -9 -9 -9 -9 -9 -9 -9 -9 -9 -9 -9 -9 -9 -9 -9 -9 -9 -9 -9 -9 -9 -9 0.508 0.5 0.454 0.429 0.429 0.463 0.564 0.565 0.535 0.459 0.354 0.269 0.24 0.245 0.287 0.331 0.391 0.437 0.431 0.159 0.118 0.077 -0.003 0.071 0.117 0.121 0.151 0.14 0.187 0.224 0.206 0.244 0.487 0.751 0.868 0.992 1.081 1.087 1.087 1.085 1.081 1.075 1.069 1.067
-9 -9 -9 -9 -9 -9 -9 -9 -9 -9 -9 -9 -9 -9 -9 -9 -9 -9 -9 -9 -9 -9 -9 -9 -9 -9 -9 -9 -9 -9 -9 -9 -9 0.458 0.457 0.452 0.463 0.511 0.562 0.57 0.489 0.419 0.301 0.235 0.253 0.285 0.328 0.35 0.399 0.358 0.407 0.153 0.054 -0.022 0.011 0.057 0.177 0.18 0.141 0.19 0.21 0.346 0.416 0.47 0.587 0.754 0.873 0.945 1.054 1.092 1.092 1.09 1.087 1.086 1.08 1.077 1.068
-9 -9 -9 -9 -9 -9 -9 -9 -9 -9 -9 -9 -9 -9 -9 -9 -9 -9 -9 -9 -9 -9 -9 -9 -9 -9 -9 -9 -9 -9 -9 -9 -9 0.469 0.516 0.539 0.579 0.579 0.481 0.519 0.373 0.284 0.268 0.247 0.26 0.305 0.357 0.374 0.332 0.3 0.337 0.194 -0.048 -0.02 0.128 0.217 0.213 0.263 0.355 0.459 0.545 0.612 0.68 0.801 0.921 0.999 1.038 1.073 1.095 1.098 1.094 1.093 1.092 1.087 1.085 1.077 1.051
-9 -9 -9 -9 -9 -9 -9 -9 -9 -9 -9 -9 -9 -9 -9 -9 -9 -9 -9 -9 -9 -9 -9 -9 -9 -9 -9 -9 -9 -9 -9 -9 0.469 0.518 0.526 0.528 0.579 0.539 0.474 0.471 0.39 0.339 0.321 0.277 0.239 0.273 0.318 0.304 0.289 0.311 0.164 -0.016 -0.05 0.105 0.217 0.24 0.286 0.53 0.713 0.756 0.776 0.815 0.899 0.991 1.047 1.086 1.103 1.106 1.106 1.106 1.105 1.094 1.094 1.093 1.081 1.06 1.032
-9 -9 -9 -9 -9 -9 -9 -9 -9 -9 -9 -9 -9 -9 -9 -9 -9 -9 -9 -9 -9 -9 -9 -9 -9 -9 -9 -9 -9 -9 -9 -9 0.522 0.523 0.493 0.549 0.588 0.529 0.45 0.44 0.36 0.35 0.323 0.286 0.278 0.303 0.33 0.349 0.35 0.246 0.075 0.001 0.108 0.224 0.296 0.463 0.706 0.861 0.914 0.953 0.99 1.023 1.065 1.069 1.087 1.113 1.114 1.114 1.114 1.114 1.108 1.106 1.1 1.069 1.039 1.032 1.027
-9 -9 -9 -9 -9 -9 -9 -9 -9 -9 -9 -9 -9 -9 -9 -9 -9 -9 -9 -9 -9 -9 -9 -9 -9 -9 -9 -9 -9 -9 -9 -9 0.544 0.512 0.538 0.611 0.566 0.445 0.397 0.415 0.325 0.3 0.267 0.265 0.307 0.347 0.372 0.357 0.31 0.279 0.209 0.244 0.279 0.361 0.597 0.867 0.946 0.971 0.982 1.024 1.064 1.082 1.101 1.107 1.114 1.114 1.114 1.114 1.114 1.114 1.114 1.109 1.056 0.952 0.95 1.009 1.022
-9 -9 -9 -9 -9 -9 -9 -9 -9 -9 -9 -9 -9 -9 -9 -9 -9 -9 -9 -9 -9 -9 -9 -9 -9 -9 -9 -9 -9 -9 -9 0.559 0.536 0.53 0.595 0.604 0.487 0.397 0.371 0.388 0.272 0.234 0.238 0.27 0.327 0.345 0.35 0.311 0.272 0.38 0.402 0.454 0.476 0.615 0.888 0.945 0.926 0.957 1.001 1.043 1.079 1.098 1.112 1.121 1.122 1.122 1.116 1.116 1.116 1.115 1.113 1.085 0.931 0.917 0.942 0.961 1.009
-9 -9 -9 -9 -9 -9 -9 -9 -9 -9 -9 -9 -9 -9 -9 -9 -9 -9 -9 -9 -9 -9 -9 -9 -9 -9 -9 -9 -9 0.537 0.599 0.582 0.541 0.584 0.604 0.537 0.416 0.375 0.397 0.369 0.26 0.208 0.222 0.263 0.315 0.319 0.28 0.219 0.271 0.325 0.346 0.409 0.713 0.884 0.951 0.948 0.959 0.981 1.016 1.048 1.085 1.118 1.124 1.124 1.131 1.133 1.13 1.132 1.13 1.12 1.08 0.972 0.882 0.914 0.925 0.972 0.983
-9 -9 -9 -9 -9 -9 -9 -9 -9 -9 -9 -9 -9 -9 -9 -9 -9 -9 -9 -9 -9 -9 -9 -9 -9 -9 -9 -9 0.485 0.536 0.556 0.604 0.582 0.614 0.543 0.449 0.388 0.376 0.401 0.381 0.24 0.175 0.203 0.264 0.283 0.245 0.179 0.112 0.168 0.297 0.418 0.523 0.846 0.946 0.986 0.998 1.025 1.043 1.06 1.097 1.126 1.13 1.134 1.134 1.121 1.114 1.112 1.124 1.126 1.078 0.958 0.886 0.896 0.909 0.925 0.947 0.913
-9 -9 -9 -9 -9 -9 -9 -9 -9 -9 -9 -9 -9 -9 -9 -9 -9 -9 -9 -9 -9 -9 -9 -9 -9 -9 0.386 0.463 0.478 0.47 0.539 0.58 0.623 0.585 0.459 0.397 0.391 0.441 0.428 0.4 0.259 0.218 0.254 0.246 0.231 0.208 0.178 0.096 0.205 0.47 0.727 0.809 0.91 0.969 1.009 1.049 1.07 1.085 1.106 1.121 1.134 1.134 1.123 1.098 1.065 1.069 1.104 1.109 1.066 0.972 0.863 0.866 0.892 0.885 0.941 0.878 0.852
-9 -9 -9 -9 -9 -9 -9 -9 -9 -9 -9 -9 -9 -9 -9 -9 -9 -9 -9 -9 -9 -9 -9 -9 -9 0.382 0.427 0.427 0.432 0.47 0.516 0.6 0.626 0.564 0.488 0.448 0.47 0.507 0.451 0.418 0.326 0.289 0.311 0.274 0.281 0.262 0.157 0.105 0.326 0.673 0.874 0.898 0.939 0.979 1.023 1.078 1.044 1.087 1.128 1.124 1.131 1.122 1.068 1.001 1.02 1.063 1.083 1.049 0.989 0.907 0.865 0.856 0.86 0.912 0.9 0.822 0.84
-9 -9 -9 -9 -9 -9 -9 -9 -9 -9 -9 -9 -9 -9 -9 -9 -9 -9 -9 -9 -9 -9 -9 0.425 0.396 0.389 0.364 0.42 0.47 0.542 0.582 0.638 0.613 0.54 0.486 0.482 0.533 0.506 0.47 0.429 0.39 0.361 0.382 0.407 0.335 0.166 0.014 0.144 0.537 0.832 0.914 0.93 0.994 1.029 1.082 1.082 1.033 1.094 1.134 1.131 1.129 1.082 0.998 0.964 1.015 1.036 1.04 0.983 0.965 0.91 0.881 0.844 0.879 0.912 0.854 0.806 0.894
-9 -9 -9 -9 -9 -9 -9 -9 -9 -9 -9 -9 -9 -9 -9 -9 -9 -9 -9 -9 -9 -9 0.45 0.38 0.385 0.37 0.376 0.477 0.542 0.591 0.628 0.606 0.567 0.538 0.514 0.555 0.512 0.427 0.336 0.386 0.447 0.482 0.413 0.281 0.122 0.102 0.119 0.397 0.733 0.898 0.927 0.961 1.037 1.067 1.116 1.111 1.108 1.127 1.138 1.134 1.121 1.05 0.987 0.997 0.968 0.967 1.017 0.949 0.929 0.879 0.87 0.855 0.886 0.882 0.834 0.869 0.951
-9 -9 -9 -9 -9 -9 -9 -9 -9 -9 -9 -9 -9 -9 -9 -9 -9 -9 -9 -9 -9 0.473 0.433 0.37 0.345 0.386 0.429 0.506 0.521 0.528 0.559 0.523 0.49 0.523 0.574 0.533 0.425 0.201 0.208 0.43 0.571 0.411 0.267 0.187 0.139 0.224 0.408 0.693 0.858 0.94 0.982 1.036 1.069 1.11 1.131 1.134 1.139 1.142 1.144 1.119 1.092 1.041 1.008 0.987 0.969 1.024 0.996 0.946 0.89 0.854 0.864 0.87 0.879 0.888 0.885 0.949 0.943
-9 -9 -9 -9 -9 -9 -9 -9 -9 -9 -9 -9 -9 -9 -9 -9 -9 -9 -9 -9 0.478 0.435 0.424 0.357 0.325 0.419 0.458 0.458 0.477 0.515 0.556 0.535 0.543 0.561 0.501 0.412 0.32 0.175 0.219 0.551 0.527 0.333 0.324 0.345 0.377 0.558 0.686 0.798 0.89 0.939 1.002 1.056 1.101 1.134 1.14 1.14 1.146 1.133 1.083 1.076 1.067 1.022 0.992 0.979 1.034 1.06 0.96 0.913 0.845 0.846 0.871 0.868 0.867 0.886 0.929 0.893 0.911
-9 -9 -9 -9 -9 -9 -9 -9 -9 -9 -9 -9 -9 -9 -9 -9 -9 -9 -9 0.473 0.445 0.387 0.353 0.316 0.368 0.412 0.421 0.458 0.511 0.556 0.545 0.524 0.499 0.453 0.372 0.279 0.214 0.125 0.242 0.521 0.625 0.531 0.482 0.534 0.66 0.769 0.806 0.829 0.899 0.947 1.027 1.072 1.126 1.141 1.141 1.142 1.067 1.059 1.037 1.062 1.032 0.99 0.963 0.991 1.055 1.05 0.946 0.893 0.831 0.836 0.852 0.823 0.867 0.894 0.891 0.863 0.945
-9 -9 -9 -9 -9 -9 -9 -9 -9 -9 -9 -9 -9 -9 -9 -9 -9 -9 0.488 0.415 0.322 0.291 0.324 0.374 0.448 0.418 0.456 0.51 0.546 0.549 0.477 0.399 0.348 0.327 0.292 0.235 0.174 0.112 0.174 0.469 0.68 0.661 0.687 0.735 0.783 0.829 0.887 0.91 0.943 0.984 1.055 1.093 1.137 1.148 1.148 1.121 1.007 1.006 0.997 1.038 0.994 0.93 0.926 0.999 1.069 1.026 0.957 0.854 0.774 0.778 0.782 0.83 0.851 0.844 0.891 0.893 1.011
-9 -9 -9 -9 -9 -9 -9 -9 -9 -9 -9 -9 -9 -9 -9 -9 -9 0.518 0.427 0.3 0.279 0.336 0.393 0.439 0.454 0.489 0.528 0.53 0.514 0.46 0.365 0.291 0.273 0.286 0.277 0.251 0.213 0.173 0.267 0.501 0.721 0.749 0.775 0.722 0.578 0.702 0.801 0.898 0.94 1.012 1.044 1.091 1.145 1.154 1.153 1.105 1.017 0.987 0.988 1.02 0.966 0.899 0.928 1.007 1.063 1.018 0.948 0.837 0.801 0.76 0.779 0.842 0.806 0.875 0.915 0.942 1.061
-9 -9 -9 -9 -9 -9 -9 -9 -9 -9 -9 -9 -9 -9 -9 -9 0.475 0.383 0.308 0.304 0.365 0.409 0.42 0.427 0.472 0.544 0.519 0.451 0.397 0.337 0.277 0.234 0.266 0.281 0.304 0.332 0.341 0.384 0.598 0.697 0.687 0.624 0.548 0.486 0.534 0.707 0.806 0.915 0.95 1.025 1.03 1.072 1.152 1.156 1.147 1.114 1.054 0.998 1.005 1.006 0.949 0.909 0.94 1.023 1.047 1.026 0.943 0.869 0.823 0.796 0.812 0.797 0.836 0.934 0.998 1.066 1.014
-9 -9 -9 -9 -9 -9 -9 -9 -9 -9 -9 -9 -9 -9 -9 0.413 0.318 0.287 0.325 0.368 0.393 0.42 0.418 0.454 0.502 0.484 0.408 0.337 0.298 0.233 0.219 0.233 0.273 0.328 0.345 0.38 0.444 0.587 0.632 0.502 0.495 0.488 0.462 0.521 0.676 0.774 0.83 0.922 0.965 1.018 1.033 1.091 1.167 1.167 1.147 1.104 1.049 1.005 1.007 0.993 0.943 0.91 0.96 1.04 1.025 1.018 0.934 0.854 0.819 0.789 0.794 0.82 0.918 0.94 1.033 1.078 0.968
-9 -9 -9 -9 -9 -9 -9 -9 -9 -9 -9 -9 -9 0.526 0.432 0.318 0.278 0.318 0.359 0.385 0.417 0.448 0.468 0.444 0.435 0.379 0.308 0.284 0.255 0.222 0.207 0.26 0.297 0.327 0.32 0.334 0.428 0.48 0.36 0.374 0.5 0.479 0.496 0.533 0.692 0.809 0.856 0.927 0.972 1.024 1.062 1.127 1.178 1.181 1.152 1.088 1.023 0.995 1.012 0.981 0.938 0.923 0.989 1.036 1.007 1 0.911 0.825 0.78 0.787 0.808 0.859 0.939 0.942 1.061 1.019 0.929
-9 -9 -9 -9 -9 -9 -9 -9 -9 -9 -9 -9 0.573 0.446 0.352 0.308 0.341 0.402 0.414 0.451 0.469 0.463 0.355 0.322 0.376 0.356 0.319 0.305 0.261 0.224 0.229 0.276 0.29 0.311 0.333 0.379 0.432 0.281 0.306 0.438 0.524 0.377 0.327 0.442 0.664 0.799 0.864 0.938 0.989 1.047 1.095 1.158 1.186 1.185 1.129 1.075 1.029 0.994 1.007 0.971 0.944 0.959 1.007 1.019 0.993 0.979 0.907 0.814 0.748 0.796 0.84 0.916 0.959 1.035 1.043 0.912 0.877
-9 -9 -9 -9 -9 -9 -9 -9 -9 -9 -9 0.638 0.549 0.441 0.361 0.402 0.457 0.485 0.51 0.449 0.427 0.378 0.274 0.309 0.361 0.345 0.324 0.283 0.219 0.201 0.197 0.258 0.337 0.372 0.435 0.497 0.436 0.291 0.39 0.457 0.411 0.292 0.334 0.565 0.741 0.831 0.891 0.966 1.018 1.07 1.118 1.165 1.196 1.185 1.089 1.064 1.025 1 1.008 0.976 0.969 0.992 1 0.998 0.988 0.944 0.895 0.835 0.775 0.806 0.858 0.974 1.063 1.065 0.932 0.834 0.833
-9 -9 -9 -9 -9 -9 -9 -9 -9 -9 0.744 0.687 0.578 0.502 0.453 0.529 0.581 0.546 0.467 0.396 0.321 0.334 0.277 0.275 0.324 0.304 0.269 0.23 0.144 0.11 0.207 0.334 0.403 0.452 0.493 0.539 0.451 0.391 0.443 0.423 0.325 0.349 0.539 0.721 0.814 0.876 0.94 1.008 1.045 1.097 1.138 1.156 1.178 1.16 1.057 1.054 1.036 1.016 1.007 0.992 0.993 1.004 0.99 0.985 0.984 0.92 0.886 0.866 0.842 0.852 0.941 1.078 1.056 0.953 0.86 0.781 0.785
-9 -9 -9 -9 -9 -9 -9 -9 -9 -9 0.694 0.707 0.65 0.534 0.556 0.57 0.536 0.445 0.342 0.275 0.301 0.319 0.263 0.246 0.245 0.252 0.217 0.172 0.105 0.192 0.349 0.43 0.458 0.504 0.53 0.531 0.394 0.349 0.415 0.362 0.389 0.517 0.703 0.808 0.879 0.941 1.005 1.052 1.083 1.141 1.176 1.142 1.175 1.161 1.047 1.062 1.046 1.043 1.031 1.018 1.014 1.011 0.985 0.987 0.967 0.902 0.885 0.886 0.901 0.94 1.002 1.084 0.972 0.885 0.842 0.761 0.746
-9 -9 -9 -9 -9 -9 -9 -9 -9 0.593 0.568 0.603 0.632 0.623 0.59 0.524 0.452 0.335 0.254 0.238 0.273 0.32 0.279 0.244 0.203 0.2 0.154 0.133 0.182 0.333 0.421 0.456 0.516 0.546 0.521 0.41 0.251 0.197 0.366 0.451 0.532 0.676 0.803 0.873 0.945 1.009 1.034 1.062 1.089 1.138 1.171 1.183 1.215 1.127 1.062 1.076 1.062 1.063 1.058 1.046 1.033 1.014 0.981 0.977 0.941 0.889 0.872 0.89 0.952 0.989 1.05 1.073 1 0.912 0.864 0.76 0.742
-9 -9 -9 -9 -9 -9 -9 -9 0.594 0.551 0.535 0.56 0.598 0.626 0.566 0.491 0.377 0.303 0.249 0.248 0.27 0.342 0.283 0.226 0.192 0.158 0.139 0.207 0.299 0.405 0.462 0.531 0.552 0.503 0.298 0.235 0.199 0.206 0.39 0.538 0.655 0.775 0.87 0.953 1.008 1.038 1.043 1.109 1.082 1.106 1.134 1.196 1.227 1.103 1.089 1.086 1.084 1.079 1.07 1.055 1.032 0.998 0.98 0.946 0.923 0.853 0.839 0.884 0.961 1.018 1.037 1.034 1.014 0.966 0.888 0.781 0.746
