data/climatemaps/RS_maps/climate_postbreed_tmp_2019.asc
NCOLS 369 
NROWS 228 
XLLCORNER 479000 
YLLCORNER 73000 
CELLSIZE 1000 
NODATA_value -9 
[rows 68 to 101 of 228, columns 77 to 153 of 369]
0.642 0.606 0.526 0.478 0.477 0.559 0.735 0.737 0.448 0.434 0.432 0.432 0.408 0.384 0.389 0.391 0.389 0.374 0.368 0.339 0.299 0.288 0.292 0.359 0.528 0.571 0.626 0.638 0.592 0.604 0.605 0.632 0.665 0.669 0.665 0.634 0.637 0.628 0.573 0.55 0.535 0.483 0.343 0.211 0.202 0.24 0.256 0.386 0.421 0.443 0.538 0.691 0.806 0.855 0.898 0.923 0.944 0.948 0.949 0.966 0.965 0.95 0.927 0.923 0.92 0.922 0.952 0.968 0.983 0.969 0.928 0.945 0.96 0.945 0.882 0.877 0.882
0.611 0.534 0.473 0.491 0.602 0.681 0.756 0.538 0.372 0.423 0.414 0.399 0.372 0.372 0.395 0.399 0.395 0.381 0.357 0.334 0.329 0.349 0.415 0.528 0.612 0.617 0.634 0.657 0.666 0.663 0.671 0.686 0.684 0.676 0.672 0.679 0.652 0.564 0.5 0.418 0.301 0.195 0.239 0.211 0.336 0.45 0.586 0.677 0.729 0.77 0.82 0.85 0.847 0.872 0.907 0.947 0.971 0.964 0.967 0.984 0.98 0.966 0.965 0.944 0.932 0.952 0.981 0.965 0.958 0.946 0.953 0.942 0.934 0.94 0.936 0.906 0.891
0.58 0.487 0.473 0.592 0.707 0.721 0.581 0.444 0.418 0.435 0.408 0.375 0.382 0.392 0.4 0.408 0.392 0.402 0.421 0.457 0.493 0.464 0.459 0.522 0.585 0.633 0.652 0.617 0.579 0.54 0.518 0.512 0.502 0.461 0.436 0.428 0.359 0.274 0.21 0.143 0.144 0.268 0.394 0.521 0.67 0.753 0.816 0.854 0.866 0.888 0.896 0.88 0.922 0.948 0.957 0.98 0.987 0.987 0.986 0.983 0.954 0.934 0.941 0.95 0.97 0.973 0.954 0.936 0.937 0.944 0.947 0.924 0.904 0.911 0.946 0.911 0.862
0.55 0.518 0.603 0.729 0.667 0.518 0.438 0.431 0.404 0.36 0.357 0.378 0.411 0.402 0.37 0.384 0.405 0.45 0.451 0.434 0.4 0.372 0.394 0.446 0.544 0.615 0.556 0.473 0.382 0.318 0.281 0.251 0.257 0.241 0.242 0.295 0.285 0.259 0.223 0.227 0.34 0.548 0.654 0.767 0.821 0.863 0.891 0.92 0.932 0.945 0.944 0.942 0.97 0.974 0.986 0.983 0.987 0.987 0.97 0.96 0.939 0.92 0.933 0.952 0.957 0.954 0.929 0.933 0.94 0.941 0.942 0.918 0.897 0.896 0.931 0.905 0.853
0.513 0.648 0.72 0.634 0.466 0.419 0.417 0.375 0.307 0.319 0.366 0.394 0.399 0.359 0.319 0.312 0.327 0.337 0.335 0.356 0.406 0.439 0.461 0.479 0.529 0.531 0.354 0.303 0.266 0.272 0.317 0.373 0.396 0.37 0.342 0.349 0.352 0.38 0.418 0.523 0.669 0.783 0.851 0.899 0.923 0.94 0.966 0.984 0.986 0.983 0.981 0.977 0.985 0.987 0.987 0.977 0.987 0.981 0.953 0.938 0.934 0.932 0.947 0.962 0.946 0.942 0.934 0.935 0.927 0.929 0.933 0.906 0.895 0.886 0.912 0.908 0.845
0.543 0.771 0.62 0.487 0.407 0.39 0.357 0.305 0.297 0.351 0.379 0.364 0.326 0.269 0.226 0.221 0.285 0.352 0.452 0.545 0.621 0.671 0.678 0.668 0.637 0.487 0.408 0.469 0.486 0.584 0.607 0.593 0.511 0.46 0.433 0.445 0.47 0.57 0.7 0.83 0.903 0.921 0.945 0.97 0.978 0.988 0.997 0.997 0.994 0.987 0.98 0.973 0.971 0.97 0.976 0.981 0.983 0.975 0.96 0.945 0.947 0.947 0.947 0.964 0.946 0.934 0.913 0.912 0.924 0.917 0.926 0.89 0.88 0.854 0.87 0.908 0.846
0.655 0.701 0.51 0.438 0.391 0.346 0.335 0.342 0.365 0.365 0.328 0.26 0.213 0.209 0.245 0.382 0.528 0.612 0.684 0.714 0.737 0.732 0.709 0.695 0.69 0.649 0.673 0.706 0.69 0.738 0.624 0.55 0.533 0.572 0.567 0.587 0.663 0.764 0.866 0.946 0.975 0.983 0.991 0.995 0.998 0.999 0.998 0.989 0.977 0.956 0.933 0.929 0.953 0.965 0.977 0.982 0.976 0.975 0.964 0.95 0.941 0.931 0.952 0.961 0.943 0.919 0.905 0.925 0.932 0.904 0.919 0.862 0.832 0.826 0.859 0.874 0.865
0.708 0.563 0.45 0.398 0.379 0.38 0.396 0.394 0.368 0.326 0.248 0.192 0.199 0.313 0.477 0.64 0.711 0.71 0.672 0.57 0.599 0.576 0.455 0.418 0.438 0.589 0.607 0.493 0.618 0.752 0.532 0.567 0.614 0.578 0.627 0.711 0.812 0.904 0.964 0.985 0.997 1.001 1.004 1.002 1 0.992 0.97 0.951 0.932 0.898 0.891 0.916 0.963 0.978 0.978 0.973 0.973 0.963 0.954 0.931 0.931 0.943 0.96 0.957 0.935 0.927 0.934 0.929 0.899 0.89 0.912 0.852 0.787 0.804 0.847 0.87 0.85
0.671 0.535 0.432 0.409 0.397 0.39 0.404 0.379 0.321 0.235 0.178 0.242 0.388 0.555 0.666 0.698 0.64 0.493 0.376 0.332 0.351 0.292 0.222 0.214 0.23 0.367 0.369 0.357 0.555 0.788 0.702 0.611 0.633 0.788 0.897 0.937 0.967 0.99 1.006 1.009 1.011 1.012 1.012 0.994 0.965 0.954 0.919 0.894 0.889 0.895 0.915 0.952 0.965 0.977 0.974 0.973 0.973 0.95 0.937 0.927 0.939 0.953 0.939 0.945 0.949 0.941 0.903 0.873 0.855 0.855 0.892 0.851 0.806 0.767 0.803 0.842 0.794
0.634 0.552 0.437 0.386 0.395 0.381 0.338 0.293 0.21 0.174 0.264 0.492 0.619 0.666 0.614 0.474 0.334 0.249 0.222 0.217 0.21 0.177 0.139 0.158 0.238 0.403 0.599 0.704 0.776 0.79 0.822 0.814 0.92 0.97 0.947 0.918 0.943 0.988 1.011 1.014 1.014 1.014 0.994 0.936 0.898 0.893 0.875 0.879 0.914 0.938 0.96 0.96 0.967 0.974 0.974 0.974 0.973 0.959 0.942 0.933 0.952 0.92 0.901 0.925 0.907 0.882 0.872 0.835 0.782 0.816 0.905 0.882 0.826 0.732 0.765 0.784 0.772
0.447 0.549 0.451 0.403 0.37 0.313 0.259 0.226 0.23 0.329 0.571 0.665 0.636 0.461 0.299 0.176 0.111 0.108 0.095 0.159 0.148 0.177 0.206 0.319 0.44 0.63 0.721 0.734 0.719 0.8 0.925 0.988 0.989 0.932 0.935 0.975 1.003 1.011 1.013 1.014 1.014 1.004 0.943 0.887 0.875 0.88 0.894 0.909 0.905 0.91 0.955 0.962 0.973 0.964 0.971 0.97 0.974 0.973 0.954 0.968 0.959 0.933 0.894 0.941 0.864 0.861 0.866 0.803 0.763 0.842 0.881 0.818 0.818 0.716 0.731 0.766 0.762
0.452 0.515 0.445 0.395 0.332 0.269 0.272 0.333 0.444 0.6 0.591 0.517 0.41 0.254 0.063 -0.022 -0.048 0.026 0.108 0.201 0.252 0.262 0.248 0.297 0.493 0.635 0.547 0.622 0.79 0.962 1.019 1.01 0.971 0.94 0.974 1.025 1.023 1.014 1.017 1.019 1.004 0.972 0.912 0.883 0.882 0.904 0.885 0.896 0.908 0.946 0.97 0.973 0.974 0.972 0.955 0.96 0.967 0.957 0.973 0.957 0.906 0.913 0.841 0.921 0.83 0.824 0.827 0.749 0.806 0.841 0.87 0.782 0.767 0.764 0.751 0.765 0.777
0.447 0.482 0.403 0.346 0.333 0.365 0.507 0.572 0.551 0.445 0.359 0.292 0.229 0.106 -0.048 -0.107 -0.018 0.15 0.327 0.342 0.236 0.138 0.179 0.356 0.483 0.426 0.569 0.785 0.964 1.02 1.009 0.982 1.001 1.02 1.022 1.027 1.026 1.021 0.987 0.982 0.955 0.953 0.911 0.898 0.871 0.843 0.856 0.84 0.866 0.966 0.983 0.973 0.973 0.972 0.956 0.967 0.973 0.939 0.942 0.885 0.876 0.904 0.89 0.867 0.826 0.779 0.797 0.76 0.794 0.819 0.824 0.858 0.834 0.805 0.751 0.735 0.753
0.414 0.429 0.369 0.368 0.431 0.512 0.512 0.402 0.332 0.313 0.307 0.262 0.088 0.001 -0.039 0.073 0.229 0.361 0.443 0.273 0.244 0.344 0.457 0.466 0.433 0.553 0.844 1.027 1.031 1.021 1.016 1.007 0.995 1.021 1.027 1.027 1.017 0.944 0.92 0.973 0.953 0.947 0.903 0.866 0.852 0.827 0.841 0.85 0.933 0.986 0.977 0.967 0.972 0.973 0.962 0.969 0.973 0.958 0.922 0.884 0.881 0.894 0.873 0.824 0.811 0.741 0.742 0.765 0.781 0.788 0.746 0.819 0.812 0.825 0.742 0.736 0.761
0.378 0.41 0.392 0.459 0.52 0.418 0.305 0.26 0.255 0.269 0.305 0.223 0.044 0.026 0.192 0.346 0.445 0.496 0.458 0.437 0.529 0.606 0.572 0.534 0.631 0.862 1.016 1.04 1.027 1.016 1.014 1.012 1.008 1.024 1.028 1.027 1.015 0.974 0.99 0.987 0.948 0.92 0.882 0.866 0.857 0.867 0.915 0.96 0.978 0.979 0.964 0.968 0.972 0.97 0.961 0.963 0.97 0.951 0.938 0.924 0.883 0.901 0.829 0.803 0.781 0.725 0.679 0.753 0.729 0.76 0.738 0.782 0.748 0.821 0.767 0.75 0.774
0.341 0.406 0.452 0.465 0.407 0.285 0.245 0.241 0.266 0.319 0.346 0.194 0.13 0.276 0.423 0.526 0.581 0.591 0.588 0.619 0.647 0.646 0.646 0.727 0.9 1.027 1.04 1.035 1.002 0.973 0.963 0.968 0.968 1.019 1.033 1.027 1.023 1.01 0.993 0.969 0.938 0.885 0.842 0.864 0.91 0.967 0.987 0.982 0.967 0.953 0.965 0.969 0.967 0.965 0.96 0.962 0.96 0.915 0.911 0.918 0.905 0.888 0.82 0.802 0.733 0.701 0.687 0.746 0.715 0.736 0.706 0.743 0.732 0.811 0.782 0.777 0.754
0.359 0.426 0.36 0.296 0.268 0.289 0.326 0.378 0.43 0.472 0.362 0.22 0.32 0.467 0.549 0.618 0.64 0.646 0.644 0.627 0.637 0.712 0.835 0.927 1.032 1.04 1.036 1.017 0.981 0.956 0.971 1 1.026 1.032 1.03 1.01 0.986 0.974 0.952 0.931 0.932 0.905 0.905 0.959 0.98 0.986 0.978 0.954 0.935 0.953 0.962 0.97 0.967 0.963 0.96 0.96 0.948 0.882 0.879 0.905 0.892 0.846 0.837 0.826 0.761 0.698 0.681 0.71 0.703 0.707 0.681 0.735 0.763 0.79 0.738 0.759 0.734
0.34 0.288 0.173 0.152 0.195 0.331 0.406 0.46 0.524 0.528 0.298 0.255 0.432 0.518 0.56 0.647 0.66 0.64 0.602 0.615 0.728 0.899 1.004 1.045 1.047 1.047 1.024 0.978 0.935 0.973 1.025 1.034 1.034 1.034 1.014 0.977 0.959 0.954 0.944 0.953 0.968 0.966 0.98 0.97 0.952 0.962 0.953 0.921 0.916 0.952 0.966 0.969 0.963 0.96 0.957 0.958 0.936 0.895 0.874 0.89 0.871 0.812 0.791 0.773 0.744 0.733 0.66 0.706 0.73 0.728 0.73 0.75 0.751 0.766 0.717 0.729 0.699
0.25 0.143 0.108 0.143 0.252 0.377 0.448 0.489 0.57 0.514 0.244 0.288 0.465 0.477 0.577 0.664 0.667 0.633 0.632 0.786 0.952 1.033 1.054 1.054 1.054 1.045 0.987 0.946 0.952 1.008 1.037 1.036 1.034 1.031 1.001 0.961 0.949 0.928 0.937 0.973 0.978 0.977 0.954 0.931 0.92 0.929 0.928 0.899 0.914 0.942 0.96 0.972 0.957 0.958 0.954 0.95 0.918 0.915 0.893 0.876 0.833 0.795 0.762 0.709 0.682 0.701 0.669 0.732 0.74 0.725 0.717 0.724 0.716 0.738 0.692 0.7 0.643
0.174 0.197 0.215 0.281 0.421 0.549 0.644 0.661 0.656 0.426 0.232 0.382 0.522 0.561 0.682 0.75 0.742 0.768 0.87 0.999 1.052 1.047 1.054 1.054 1.054 1.009 0.977 0.985 1.008 1.029 1.04 1.037 1.034 1.032 1.008 0.967 0.952 0.907 0.93 0.95 0.953 0.965 0.942 0.916 0.907 0.913 0.907 0.882 0.916 0.929 0.946 0.965 0.956 0.951 0.954 0.948 0.93 0.911 0.881 0.844 0.791 0.783 0.748 0.66 0.663 0.679 0.679 0.73 0.704 0.687 0.667 0.66 0.686 0.706 0.665 0.667 0.609
0.173 0.277 0.403 0.569 0.668 0.722 0.739 0.713 0.631 0.349 0.336 0.538 0.619 0.736 0.844 0.926 0.951 0.996 1.032 1.052 1.054 1.051 1.054 1.058 1.04 1.013 1.023 1.03 1.03 1.038 1.04 1.035 1.034 1.021 0.993 0.987 0.978 0.954 0.955 0.954 0.956 0.955 0.941 0.915 0.906 0.887 0.894 0.906 0.927 0.922 0.943 0.964 0.954 0.94 0.949 0.938 0.937 0.928 0.893 0.815 0.823 0.785 0.72 0.682 0.691 0.672 0.681 0.726 0.684 0.655 0.603 0.594 0.643 0.65 0.625 0.602 0.568
0.284 0.488 0.628 0.688 0.734 0.752 0.746 0.703 0.56 0.342 0.466 0.661 0.792 0.967 1.024 1.041 1.046 1.053 1.054 1.054 1.059 1.059 1.059 1.041 1.031 1.037 1.038 1.04 1.039 1.04 1.035 1.034 1.032 0.998 0.979 0.992 0.985 0.963 0.953 0.954 0.946 0.931 0.92 0.898 0.887 0.89 0.895 0.917 0.936 0.946 0.954 0.965 0.95 0.943 0.937 0.923 0.923 0.927 0.91 0.846 0.844 0.778 0.707 0.756 0.711 0.677 0.667 0.716 0.686 0.634 0.613 0.579 0.549 0.561 0.535 0.487 0.497
0.421 0.598 0.689 0.724 0.739 0.746 0.712 0.629 0.392 0.425 0.734 0.843 0.989 1.051 1.06 1.06 1.055 1.043 1.054 1.06 1.06 1.05 1.023 1.008 1.048 1.035 1.044 1.04 1.04 1.04 1.034 1.034 1.023 0.964 0.969 0.954 0.953 0.954 0.962 0.964 0.945 0.929 0.892 0.885 0.887 0.912 0.917 0.92 0.94 0.959 0.959 0.96 0.945 0.939 0.894 0.872 0.867 0.9 0.922 0.87 0.795 0.701 0.696 0.771 0.749 0.719 0.7 0.731 0.651 0.686 0.692 0.67 0.646 0.58 0.559 0.515 0.41
0.529 0.675 0.716 0.758 0.765 0.715 0.576 0.411 0.349 0.693 0.868 0.951 1.057 1.06 1.06 1.033 0.939 0.996 1.054 1.042 0.985 0.983 0.965 1.04 1.041 1.028 1.046 1.053 1.053 1.038 1.028 1.024 0.968 0.963 0.932 0.927 0.903 0.884 0.904 0.947 0.94 0.944 0.95 0.934 0.919 0.927 0.912 0.917 0.947 0.966 0.953 0.948 0.934 0.866 0.881 0.857 0.879 0.873 0.922 0.846 0.766 0.678 0.753 0.802 0.736 0.697 0.754 0.74 0.738 0.722 0.651 0.639 0.543 0.534 0.47 0.49 0.478
0.653 0.712 0.735 0.771 0.741 0.57 0.351 0.389 0.632 0.888 0.941 1.036 1.051 1.054 1.027 0.931 0.987 1.04 1.05 0.992 0.933 0.942 1.024 1.052 1.053 1.054 1.054 1.054 1.052 1.023 1.002 1.008 0.966 0.943 0.894 0.838 0.793 0.819 0.835 0.874 0.849 0.835 0.868 0.922 0.953 0.953 0.936 0.921 0.948 0.966 0.946 0.899 0.912 0.89 0.86 0.784 0.859 0.804 0.896 0.893 0.785 0.793 0.824 0.751 0.726 0.713 0.79 0.776 0.748 0.657 0.58 0.58 0.564 0.432 0.419 0.396 0.412
0.686 0.724 0.752 0.781 0.649 0.452 0.498 0.694 0.886 0.984 1.035 1.037 1.054 1.061 1.002 0.984 1.029 1.04 1.002 0.943 0.944 1.018 1.053 1.03 1.045 1.054 1.054 1.046 1.014 1.007 1.025 0.965 0.923 0.896 0.846 0.755 0.721 0.768 0.806 0.836 0.811 0.813 0.851 0.896 0.919 0.93 0.943 0.958 0.958 0.944 0.925 0.875 0.857 0.865 0.822 0.785 0.842 0.759 0.818 0.911 0.889 0.862 0.799 0.733 0.731 0.785 0.806 0.723 0.685 0.689 0.642 0.569 0.534 0.525 0.43 0.347 0.31
0.7 0.717 0.731 0.771 0.679 0.672 0.799 0.931 1.027 1.064 1.059 1.054 1.069 1.067 1.068 1.064 1.059 1.045 0.993 0.986 0.997 1.045 1.049 1.041 1.055 1.054 1.053 1.015 0.99 1.02 0.952 0.894 0.823 0.792 0.749 0.681 0.726 0.738 0.817 0.824 0.81 0.806 0.858 0.89 0.901 0.917 0.925 0.933 0.929 0.891 0.864 0.852 0.82 0.867 0.794 0.761 0.793 0.693 0.767 0.867 0.897 0.897 0.845 0.813 0.832 0.831 0.789 0.728 0.74 0.681 0.638 0.52 0.453 0.473 0.462 0.435 0.317
0.707 0.724 0.749 0.822 0.86 0.912 0.987 1.058 1.082 1.081 1.077 1.076 1.081 1.071 1.071 1.074 1.074 1.068 1.044 1.039 1.042 1.053 1.059 1.067 1.06 1.056 1.043 0.984 0.996 1.013 0.912 0.861 0.77 0.719 0.704 0.717 0.775 0.83 0.853 0.854 0.84 0.849 0.895 0.9 0.908 0.917 0.902 0.887 0.832 0.79 0.778 0.822 0.838 0.848 0.775 0.738 0.718 0.716 0.789 0.784 0.865 0.862 0.878 0.871 0.869 0.83 0.805 0.756 0.676 0.626 0.603 0.508 0.417 0.388 0.376 0.406 0.304
0.802 0.84 0.889 0.951 1.008 1.057 1.086 1.092 1.089 1.084 1.084 1.084 1.083 1.082 1.074 1.074 1.074 1.073 1.07 1.067 1.059 1.059 1.067 1.067 1.067 1.062 1.027 0.989 0.983 1.001 0.945 0.878 0.827 0.817 0.791 0.8 0.857 0.853 0.849 0.86 0.887 0.894 0.904 0.917 0.944 0.936 0.904 0.844 0.749 0.726 0.761 0.79 0.794 0.742 0.684 0.68 0.669 0.705 0.718 0.739 0.829 0.788 0.813 0.827 0.859 0.862 0.835 0.746 0.643 0.605 0.599 0.509 0.4 0.445 0.42 0.365 0.238
0.958 0.997 1.033 1.068 1.091 1.098 1.1 1.098 1.097 1.091 1.089 1.087 1.087 1.086 1.078 1.076 1.074 1.072 1.074 1.074 1.07 1.07 1.068 1.067 1.067 1.059 1.019 0.995 0.97 0.998 0.971 0.911 0.9 0.874 0.856 0.855 0.878 0.857 0.861 0.872 0.896 0.9 0.908 0.922 0.975 0.957 0.936 0.859 0.825 0.728 0.689 0.668 0.773 0.694 0.637 0.604 0.645 0.642 0.71 0.768 0.78 0.713 0.769 0.783 0.788 0.812 0.873 0.823 0.711 0.673 0.62 0.55 0.444 0.51 0.439 0.318 0.266
1.063 1.089 1.098 1.105 1.101 1.101 1.101 1.101 1.1 1.098 1.095 1.091 1.089 1.083 1.081 1.084 1.078 1.068 1.07 1.074 1.074 1.074 1.07 1.068 1.067 1.048 1.016 0.998 0.972 1.009 0.985 0.971 0.963 0.934 0.906 0.902 0.918 0.92 0.913 0.923 0.923 0.929 0.942 0.953 0.973 0.96 0.947 0.918 0.891 0.778 0.693 0.66 0.8 0.703 0.655 0.609 0.582 0.649 0.762 0.716 0.708 0.662 0.734 0.718 0.726 0.707 0.831 0.853 0.738 0.677 0.587 0.56 0.51 0.54 0.426 0.318 0.329
1.098 1.113 1.109 1.107 1.106 1.101 1.101 1.101 1.101 1.101 1.1 1.098 1.086 1.081 1.081 1.059 1.002 0.968 1.011 1.072 1.074 1.074 1.072 1.068 1.053 1.042 1.023 1.009 0.994 1.013 0.975 0.972 0.979 0.975 0.957 0.96 0.976 0.983 0.966 0.978 0.952 0.94 0.94 0.936 0.956 0.942 0.938 0.936 0.923 0.886 0.801 0.76 0.829 0.731 0.694 0.623 0.58 0.687 0.699 0.624 0.635 0.668 0.725 0.669 0.668 0.623 0.782 0.86 0.753 0.639 0.648 0.581 0.588 0.502 0.475 0.427 0.429
1.106 1.12 1.118 1.113 1.113 1.103 1.101 1.101 1.101 1.101 1.101 1.09 1.075 1.063 1.044 1.01 0.947 0.989 1.052 1.083 1.071 1.079 1.07 1.045 1.009 1.014 1.021 1.002 1.009 0.995 0.936 0.894 0.875 0.902 0.897 0.916 0.932 0.934 0.93 0.963 0.938 0.928 0.929 0.927 0.952 0.931 0.92 0.931 0.895 0.886 0.877 0.88 0.873 0.796 0.707 0.632 0.573 0.713 0.65 0.567 0.603 0.652 0.666 0.616 0.604 0.62 0.769 0.852 0.742 0.669 0.664 0.626 0.609 0.552 0.544 0.525 0.497
1.12 1.125 1.121 1.12 1.12 1.115 1.111 1.102 1.101 1.101 1.076 1.065 1.039 1.014 1.017 1.027 1.046 1.074 1.086 1.087 1.081 1.08 1.051 1.009 0.988 0.992 1.005 0.988 1.018 0.969 0.891 0.844 0.813 0.874 0.885 0.918 0.924 0.925 0.932 0.94 0.932 0.932 0.938 0.948 0.958 0.94 0.922 0.93 0.847 0.814 0.792 0.879 0.908 0.827 0.708 0.653 0.65 0.747 0.612 0.545 0.555 0.524 0.549 0.533 0.571 0.653 0.749 0.84 0.809 0.775 0.721 0.672 0.677 0.65 0.537 0.572 0.508
