data/climatemaps/RS_maps/climate_breeding_tmp_2013.asc
NCOLS 369 
NROWS 228 
XLLCORNER 479000 
YLLCORNER 73000 
CELLSIZE 1000 
NODATA_value -9 
[rows 136 to 169 of 228, columns 76 to 151 of 369]
0.377 0.457 0.359 0.296 0.252 0.312 0.377 0.392 0.397 0.377 0.353 0.284 0.262 0.354 0.45 0.496 0.502 0.475 0.578 0.528 0.208 -0.227 -0.116 0.204 0.22 -0.043 -0.329 -0.408 -0.343 -0.715 -0.865 -0.791 -0.765 -0.694 -0.898 -1.023 -1.083 -0.607 -0.463 -0.373 -0.032 0.201 0.233 -0.047 -0.165 -0.229 -0.544 -0.487 -0.716 -0.828 -0.788 -0.527 -0.382 -0.103 0.251 -0.01 -0.379 -0.757 -1.088 -1.146 -0.89 -0.671 -0.327 0.177 0.489 0.308 0.125 -0.036 -0.132 -0.264 -0.365 -0.351 -0.677 -0.764 -0.292 -0.355
0.392 0.431 0.341 0.256 0.253 0.284 0.318 0.359 0.365 0.377 0.383 0.392 0.398 0.425 0.452 0.471 0.481 0.465 0.571 0.545 0.191 -0.028 0.174 0.317 0.222 -0.031 -0.341 -0.575 -0.546 -0.861 -0.94 -0.83 -0.547 -0.62 -0.503 -0.708 -0.809 -0.477 -0.105 0.071 0.268 0.135 -0.093 -0.434 -0.469 -0.454 -0.837 -0.736 -0.892 -0.878 -0.756 -0.638 -0.243 0.065 0.125 -0.203 -0.553 -0.92 -1.357 -1.079 -0.673 -0.298 -0.05 0.378 0.479 0.237 -0.064 -0.314 -0.317 -0.174 -0.354 -0.783 -0.955 -0.642 -0.356 -0.757
0.393 0.386 0.331 0.29 0.266 0.277 0.307 0.338 0.361 0.351 0.369 0.364 0.378 0.393 0.421 0.461 0.479 0.483 0.552 0.55 0.278 0.283 0.318 0.287 0.255 0.064 -0.221 -0.285 -0.607 -0.853 -0.595 -0.39 -0.14 -0.222 -0.215 -0.589 -0.86 -0.555 -0.135 0.144 0.285 -0.096 -0.374 -0.651 -0.747 -0.762 -0.9 -0.654 -0.514 -0.509 -0.372 -0.232 0.018 -0.018 -0.077 -0.402 -0.71 -1.128 -1.226 -0.803 -0.39 -0.049 0.308 0.481 0.419 0.114 -0.369 -0.65 -0.693 -0.296 -0.519 -0.713 -0.957 -0.833 -0.562 -1.04
0.407 0.365 0.33 0.284 0.293 0.288 0.338 0.343 0.319 0.231 0.214 0.26 0.296 0.331 0.382 0.472 0.491 0.497 0.536 0.529 0.379 0.282 0.175 0.013 -0.163 0.027 0.097 0.032 -0.313 -0.246 -0.028 -0.027 -0.096 -0.092 -0.063 -0.573 -0.772 -0.563 -0.227 0.102 0.242 -0.249 -0.539 -0.733 -0.978 -0.814 -0.597 -0.472 -0.499 -0.279 -0.121 -0.132 -0.186 -0.292 -0.225 -0.689 -1.073 -1.361 -1.035 -0.575 -0.107 0.294 0.443 0.328 0.252 0.109 -0.428 -0.796 -0.79 -0.752 -1.093 -0.822 -0.804 -1.138 -0.957 -1.376
0.434 0.356 0.28 0.288 0.365 0.363 0.354 0.309 0.171 0.002 -0.037 0.075 0.178 0.171 0.317 0.475 0.511 0.531 0.555 0.428 0.044 -0.223 -0.271 -0.007 -0.4 -0.333 0.023 -0.049 0.026 0.133 -0.198 -0.382 -0.41 -0.535 -0.208 -0.354 -0.507 -0.554 -0.272 0.09 0.163 -0.271 -0.669 -0.886 -1.024 -0.687 -0.77 -0.711 -0.801 -0.201 -0.488 -0.54 -0.512 -0.327 -0.443 -0.868 -1.256 -1.263 -0.701 -0.227 0.167 0.442 0.347 0.049 -0.204 0.108 -0.087 -0.345 -0.768 -1.308 -1.368 -0.973 -0.947 -1.592 -1.737 -1.612
0.424 0.327 0.322 0.372 0.359 0.364 0.341 0.177 -0.074 -0.246 -0.187 0.014 0.039 -0.151 0.168 0.376 0.483 0.499 0.53 0.153 -0.434 -0.672 -0.423 -0.059 -0.332 -0.323 0.009 -0.464 -0.313 -0.141 -0.562 -0.6 -0.705 -0.722 -0.194 -0.334 -0.505 -0.501 -0.16 0.094 0.173 -0.182 -0.73 -1.042 -0.956 -0.813 -0.953 -0.883 -0.557 -0.175 -0.6 -0.905 -0.86 -0.372 -0.716 -1.146 -1.217 -0.91 -0.45 0.084 0.358 0.447 0.18 -0.296 -0.556 -0.13 0.188 -0.155 -0.94 -1.236 -1.017 -1.207 -1.415 -1.659 -1.911 -1.724
0.402 0.389 0.412 0.384 0.354 0.353 0.263 -0.009 -0.28 -0.306 -0.063 0.041 -0.163 -0.265 0.003 0.231 0.41 0.448 0.479 0.079 -0.233 -0.557 -0.508 -0.135 -0.354 -0.384 -0.117 -0.737 -0.961 -0.814 -0.531 -0.801 -0.839 -0.456 -0.256 -0.57 -0.683 -0.463 -0.162 -0.099 0.112 -0.129 -0.731 -0.886 -1.003 -0.942 -0.66 -0.414 -0.17 -0.363 -0.933 -1.203 -0.908 -0.559 -0.762 -1.443 -1.261 -0.577 -0.255 0.155 0.373 0.421 0.042 -0.494 -0.881 -0.45 -0.063 0.061 -0.301 -0.555 -0.813 -1.156 -1.126 -1.558 -1.803 -1.594
0.445 0.436 0.374 0.358 0.379 0.324 0.158 -0.085 -0.317 -0.241 -0.052 -0.067 -0.233 -0.218 0.006 0.02 0.257 0.436 0.459 0.241 -0.194 -0.714 -0.437 -0.292 -0.793 -0.485 -0.209 -0.942 -0.996 -0.782 -0.588 -0.91 -0.761 -0.34 -0.517 -0.817 -0.793 -0.433 -0.297 -0.094 0.181 -0.143 -0.464 -0.764 -0.991 -1.016 -1.103 -0.602 -0.202 -0.435 -0.702 -1.151 -1.197 -0.964 -0.702 -1.342 -0.951 -0.503 -0.047 0.26 0.234 0.4 0.05 -0.438 -1.033 -0.715 -0.41 -0.059 -0.612 -0.558 -0.5 -0.633 -0.879 -1.319 -1.686 -1.605
0.47 0.363 0.357 0.376 0.369 0.279 0.011 -0.27 -0.421 -0.266 -0.173 -0.324 -0.369 -0.349 -0.162 -0.247 0.137 0.425 0.502 0.236 -0.363 -0.715 -0.305 -0.548 -0.898 -0.686 -0.419 -0.729 -0.842 -0.743 -0.885 -0.974 -0.605 -0.494 -0.848 -0.908 -0.642 -0.59 -0.44 0.009 0.195 -0.11 -0.513 -0.9 -1.102 -1.18 -0.982 -0.409 -0.454 -0.411 -0.891 -1.089 -1.414 -1.195 -0.878 -1.16 -0.683 -0.223 0.095 0.032 -0.176 0.359 0.09 -0.465 -1.053 -1.07 -0.627 -0.159 -0.416 -0.775 -0.887 -1.042 -1.373 -1.655 -1.92 -1.897
0.473 0.379 0.368 0.359 0.347 0.213 -0.135 -0.428 -0.465 -0.26 -0.328 -0.56 -0.713 -0.439 -0.434 -0.386 0.081 0.477 0.467 0.045 -0.449 -0.765 -0.517 -0.745 -1.094 -0.909 -0.511 -0.703 -0.989 -0.981 -1.002 -0.772 -0.574 -0.77 -1 -0.854 -0.765 -0.703 -0.472 0.053 0.182 -0.144 -0.482 -0.718 -0.983 -1.059 -0.775 -0.626 -0.792 -0.486 -0.803 -1.219 -1.461 -1.574 -1.407 -0.976 -0.443 0.024 0.021 -0.286 -0.427 0.298 0.137 -0.489 -1.244 -1.392 -0.983 -0.427 -0.199 -0.446 -0.894 -1.523 -1.818 -1.944 -1.783 -1.682
0.502 0.414 0.356 0.352 0.328 0.169 -0.134 -0.347 -0.395 -0.247 -0.458 -0.775 -0.759 -0.464 -0.455 -0.25 0.282 0.466 0.342 -0.175 -0.629 -0.893 -0.968 -1.047 -1.073 -0.697 -0.534 -0.81 -1.001 -0.758 -0.74 -0.844 -0.807 -0.885 -0.848 -0.671 -0.657 -0.619 -0.253 -0.008 0.11 -0.079 -0.389 -0.735 -1.028 -1.216 -1.123 -0.993 -1.011 -0.661 -0.711 -1.201 -1.383 -1.529 -1.261 -0.711 -0.265 0.065 -0.236 -0.645 -0.802 0.077 0.166 -0.517 -1.194 -1.585 -1.431 -0.869 -0.654 -0.589 -0.653 -1.152 -1.724 -2.014 -1.583 -1.222
0.515 0.446 0.377 0.363 0.321 0.181 0.024 -0.091 -0.211 -0.224 -0.558 -0.687 -0.387 -0.198 -0.26 0.08 0.402 0.368 0.15 -0.23 -0.518 -0.928 -1.255 -1.199 -0.996 -0.631 -0.661 -0.923 -0.878 -0.605 -0.54 -0.862 -0.813 -0.795 -0.809 -0.556 -0.382 -0.316 -0.141 -0.212 -0.072 -0.009 -0.643 -0.882 -1.143 -1.258 -1.156 -1.091 -1.216 -0.897 -0.702 -1 -1.35 -1.197 -0.865 -0.561 -0.17 -0.066 -0.446 -0.981 -1.16 -0.324 0.162 -0.346 -0.905 -1.357 -1.507 -1.192 -1.103 -1.063 -0.868 -0.872 -1.378 -1.887 -1.689 -0.996
0.471 0.43 0.343 0.373 0.315 0.127 0.002 -0.02 -0.087 -0.272 -0.462 -0.465 -0.368 -0.288 -0.032 0.339 0.414 0.159 -0.078 -0.263 -0.589 -1.021 -1.276 -1.102 -0.887 -0.522 -0.784 -0.748 -0.82 -0.638 -0.456 -0.779 -0.833 -0.604 -0.559 -0.377 -0.256 -0.207 -0.35 -0.436 -0.125 -0.045 -0.661 -0.868 -1.009 -0.74 -0.71 -0.844 -1.127 -1.199 -1.029 -1.133 -1.396 -0.942 -0.605 -0.38 -0.083 -0.3 -0.676 -1.094 -1.238 -0.717 0.04 -0.051 -0.716 -1.189 -1.624 -1.623 -1.462 -1.515 -1.232 -0.983 -1.278 -1.918 -1.961 -1.036
0.398 0.295 0.311 0.417 0.324 0.031 -0.236 -0.146 -0.192 -0.328 -0.435 -0.579 -0.643 -0.439 0.066 0.422 0.342 -0.13 -0.421 -0.427 -0.658 -1.146 -1.05 -0.702 -0.47 -0.527 -0.608 -0.498 -0.808 -0.631 -0.386 -0.832 -0.72 -0.495 -0.328 -0.316 -0.408 -0.439 -0.712 -0.602 -0.079 0.035 -0.363 -0.649 -0.649 -0.543 -0.834 -0.857 -0.877 -1.096 -1.403 -1.491 -1.096 -0.67 -0.484 -0.231 -0.147 -0.501 -0.858 -1.062 -1.294 -0.946 -0.135 -0.065 -0.906 -1.457 -1.683 -1.59 -1.682 -1.78 -1.764 -1.485 -1.295 -1.809 -2.232 -1.818
0.345 0.246 0.451 0.42 0.137 0.063 -0.093 -0.152 -0.342 -0.502 -0.654 -0.822 -0.6 -0.189 0.182 0.397 0.147 -0.407 -0.761 -0.658 -0.922 -1.171 -0.832 -0.381 -0.212 -0.357 -0.319 -0.539 -0.785 -0.533 -0.322 -0.691 -0.45 -0.286 -0.311 -0.487 -0.71 -0.711 -0.991 -0.722 -0.23 0.056 -0.043 -0.397 -0.389 -0.7 -1.013 -1.132 -1.225 -1.243 -1.521 -1.48 -0.963 -0.708 -0.54 -0.199 -0.278 -0.661 -0.975 -1.273 -1.472 -1.021 -0.245 -0.13 -0.819 -1.119 -1.196 -1.079 -1.517 -1.833 -2.205 -2.037 -1.696 -1.811 -2.248 -1.99
0.367 0.44 0.565 0.316 -0.15 -0.111 -0.081 -0.227 -0.287 -0.398 -0.668 -0.599 -0.304 0.008 0.294 0.335 -0.044 -0.397 -0.801 -1.025 -1.108 -0.846 -0.527 -0.407 -0.284 -0.12 -0.212 -0.316 -0.343 -0.183 -0.16 -0.279 -0.186 -0.182 -0.458 -0.733 -0.893 -0.895 -1.053 -0.749 -0.353 -0.201 -0.084 -0.028 -0.289 -0.607 -0.878 -1.259 -1.754 -1.559 -1.34 -1.033 -1.003 -0.783 -0.418 -0.198 -0.472 -0.837 -1.186 -1.471 -1.285 -0.757 -0.165 -0.116 -0.441 -0.683 -0.717 -0.779 -1.528 -2.136 -2.491 -2.676 -2.516 -2.189 -2.049 -1.895
0.528 0.656 0.556 0.22 -0.291 -0.163 -0.3 -0.475 -0.567 -0.42 -0.746 -0.535 -0.083 0.174 0.331 0.062 -0.481 -0.684 -0.927 -0.993 -0.842 -0.346 -0.243 -0.469 -0.312 0.007 0.023 0.036 0.025 0.009 0.039 0.04 -0.005 -0.146 -0.59 -0.898 -0.873 -0.862 -0.899 -0.804 -0.523 -0.543 -0.469 -0.02 -0.154 -0.645 -0.808 -1.058 -1.685 -1.421 -0.853 -0.61 -0.616 -0.498 -0.25 -0.332 -0.475 -0.872 -1.333 -1.485 -1.182 -0.657 -0.117 -0.455 -0.691 -0.992 -1.18 -1.242 -1.594 -2.284 -2.826 -2.523 -2.206 -2.106 -2.194 -2.132
0.771 0.691 0.58 0.261 -0.197 -0.021 -0.398 -0.679 -0.698 -0.651 -0.766 -0.382 0.052 0.144 0.215 0.022 -0.359 -0.535 -0.634 -0.671 -0.24 0.023 0.007 -0.136 0.027 0.097 -0.02 -0.178 -0.179 -0.212 -0.283 -0.039 0.049 -0.075 -0.455 -0.534 -0.465 -0.488 -0.535 -0.783 -0.749 -0.825 -0.672 -0.265 -0.029 -0.492 -0.931 -1.109 -1.509 -1.201 -0.751 -0.745 -0.469 -0.447 -0.262 -0.645 -0.613 -1.128 -1.652 -1.407 -0.944 -0.543 -0.292 -1.007 -1.437 -1.627 -1.961 -1.973 -1.986 -2.44 -2.285 -1.937 -1.964 -2.098 -2.284 -2.478
0.833 0.758 0.672 0.448 0.144 0.123 -0.163 -0.506 -0.546 -0.848 -0.616 -0.133 0.032 -0.229 0.191 0.188 -0.036 0.067 -0.079 -0.093 0.162 0.193 0.141 0.116 -0.016 -0.334 -0.491 -0.607 -0.607 -0.671 -0.34 -0.336 -0.038 0 -0.135 -0.281 -0.465 -0.717 -0.656 -0.832 -0.999 -0.889 -0.851 -0.435 0.023 -0.241 -0.58 -0.918 -1.288 -1.222 -0.986 -0.819 -0.552 -0.686 -0.349 -0.881 -1.358 -1.686 -1.899 -0.971 -0.757 -0.504 -0.7 -1.337 -1.769 -2.045 -2.341 -2.75 -2.362 -2.085 -1.755 -1.827 -2.106 -2.367 -2.487 -2.519
0.901 0.839 0.774 0.641 0.437 0.19 -0.054 -0.353 -0.364 -0.714 -0.495 0.013 -0.233 -0.632 -0.257 0.051 0.186 0.184 0.157 0.237 0.176 -0.026 -0.166 -0.178 -0.28 -0.828 -1.024 -1.168 -0.882 -0.589 -0.451 -0.541 -0.108 -0.04 -0.102 -0.538 -0.666 -0.982 -1.09 -0.739 -1.259 -1.018 -0.99 -0.401 -0.03 -0.028 -0.342 -0.672 -1.039 -1.233 -0.895 -0.742 -0.69 -0.79 -0.422 -1.008 -1.84 -2.107 -1.474 -0.888 -1.191 -0.872 -0.486 -0.791 -1.138 -1.374 -1.82 -2.321 -1.754 -1.214 -1.57 -2.058 -2.424 -2.547 -2.375 -2.225
0.958 0.924 0.884 0.773 0.484 0.111 0.104 -0.001 -0.189 -0.604 -0.449 -0.177 -0.217 -0.551 -0.514 -0.468 -0.333 -0.259 -0.035 0.068 -0.081 -0.438 -0.495 -0.599 -0.464 -0.787 -1.212 -1.021 -0.755 -0.489 -0.585 -0.419 -0.051 -0.299 -0.282 -0.501 -1.067 -1.082 -1.531 -0.841 -1.196 -1.2 -0.752 -0.408 -0.159 0.03 -0.313 -0.719 -0.992 -1.056 -0.904 -0.968 -1.009 -1.022 -0.695 -1.111 -1.515 -1.677 -1.191 -1.119 -1.12 -1.045 -1.203 -0.852 -0.833 -0.762 -1.047 -1.426 -1.083 -1.113 -1.844 -2.423 -2.41 -2.234 -2.047 -1.757
0.982 0.972 0.939 0.889 0.687 0.4 0.319 -0.031 -0.383 -0.755 -0.782 -0.498 -0.208 -0.341 -0.637 -0.786 -0.597 -0.432 -0.343 -0.279 -0.08 -0.421 -0.757 -0.954 -0.685 -0.899 -1.228 -0.854 -0.708 -0.581 -0.47 -0.235 -0.125 -0.683 -0.449 -0.387 -1.114 -1.182 -1.54 -0.988 -1.152 -1.024 -0.712 -0.621 -0.423 0.005 -0.135 -0.585 -0.95 -1.136 -1.155 -1.178 -1.554 -1.341 -1.087 -1.309 -1.686 -1.641 -1.268 -1.256 -1.064 -1.383 -1.873 -1.748 -1.555 -1.342 -0.77 -0.87 -1.009 -1.663 -2.233 -2.378 -2.061 -1.673 -1.873 -1.407
0.984 0.98 0.978 0.974 0.899 0.612 0.237 -0.053 -0.517 -0.895 -0.9 -0.646 -0.362 -0.159 -0.554 -0.544 -0.407 -0.635 -0.613 -0.44 -0.11 -0.188 -0.59 -0.963 -0.98 -1.159 -1.228 -0.972 -0.739 -0.634 -0.677 -0.363 -0.222 -0.816 -0.551 -0.264 -0.732 -1.026 -1.302 -1.091 -1.154 -0.927 -0.909 -0.837 -0.459 -0.128 -0.067 -0.294 -0.665 -0.949 -1.155 -1.561 -1.561 -1.227 -1.182 -1.4 -1.757 -1.765 -1.586 -1.263 -1.338 -1.622 -2.225 -2.436 -2.214 -1.862 -1.24 -1.43 -1.803 -2.117 -2.174 -2.028 -1.752 -1.276 -1.311 -1.156
0.982 0.978 0.978 0.978 0.964 0.78 0.318 -0.124 -0.477 -0.572 -0.725 -0.717 -0.656 -0.331 -0.304 -0.311 -0.336 -0.522 -0.543 -0.463 -0.386 -0.236 -0.277 -0.532 -0.621 -0.74 -1.047 -1.198 -1.028 -1.06 -0.961 -0.386 -0.235 -0.68 -0.735 -0.254 -0.374 -0.623 -0.868 -1.088 -1.143 -0.971 -1.004 -0.781 -0.346 -0.384 -0.386 -0.173 -0.314 -0.654 -1.101 -1.478 -1.619 -1.603 -1.526 -1.727 -1.985 -1.88 -1.593 -1.438 -1.868 -1.866 -2.3 -2.72 -2.787 -2.047 -1.782 -2.06 -2.28 -1.986 -1.717 -1.561 -1.348 -1.027 -0.792 -0.811
0.982 0.978 0.978 0.977 0.973 0.922 0.377 -0.078 -0.113 -0.183 -0.651 -0.882 -0.711 -0.417 -0.325 -0.441 -0.477 -0.576 -0.487 -0.462 -0.668 -0.608 -0.365 -0.475 -0.563 -0.479 -0.956 -1.353 -1.051 -0.813 -0.669 -0.255 -0.237 -0.636 -0.772 -0.354 -0.237 -0.48 -0.748 -0.947 -1.136 -1.049 -0.897 -0.719 -0.407 -0.501 -0.803 -0.555 -0.448 -0.794 -1.513 -1.723 -2.049 -2.199 -2.099 -2.103 -2.111 -1.876 -1.534 -1.587 -2.148 -2.396 -2.217 -2.373 -2.409 -2.155 -1.989 -1.974 -1.886 -1.591 -1.301 -1.078 -0.813 -0.659 -0.79 -1.195
0.983 0.982 0.979 0.974 0.974 0.956 0.619 0.333 0.05 -0.324 -0.737 -0.648 -0.498 -0.546 -0.514 -0.599 -0.724 -0.853 -0.542 -0.483 -0.679 -0.765 -0.565 -0.639 -0.965 -0.505 -0.875 -1.171 -0.704 -0.607 -0.554 -0.23 -0.235 -0.647 -0.737 -0.546 -0.246 -0.462 -0.824 -1.007 -1.181 -1.014 -0.838 -0.853 -0.711 -0.571 -1.018 -1.11 -0.932 -1.263 -1.807 -2.181 -2.498 -2.306 -2.214 -2.075 -1.913 -1.798 -1.518 -1.726 -2.072 -2.159 -1.829 -1.709 -1.907 -2.223 -1.821 -1.583 -1.35 -1.094 -0.85 -0.611 -0.525 -0.808 -1.223 -1.752
0.983 0.98 0.975 0.973 0.974 0.965 0.795 0.198 -0.458 -0.736 -0.63 -0.57 -0.58 -0.81 -0.703 -0.764 -1.036 -0.863 -0.516 -0.537 -0.629 -0.822 -0.861 -0.815 -1.021 -0.599 -0.959 -0.946 -0.657 -0.898 -0.764 -0.284 -0.241 -0.579 -0.865 -0.721 -0.373 -0.494 -1.03 -1.229 -1.247 -1.068 -1.115 -1.047 -0.883 -0.835 -1.339 -1.676 -1.51 -1.623 -1.921 -2.323 -2.51 -2.232 -1.946 -1.746 -1.633 -1.652 -1.397 -1.473 -1.468 -1.353 -1.28 -1.511 -1.971 -2.078 -1.786 -1.492 -1.02 -0.63 -0.461 -0.585 -0.829 -1.321 -1.72 -2.249
0.974 0.969 0.969 0.971 0.966 0.968 0.812 -0.095 -0.534 -0.559 -0.557 -0.753 -0.972 -0.97 -0.738 -0.974 -1.005 -0.717 -0.475 -0.778 -0.939 -1.108 -1.314 -1.179 -1.067 -0.897 -1.063 -0.768 -0.783 -1.007 -0.764 -0.255 -0.233 -0.644 -1.01 -0.881 -0.732 -0.669 -1.031 -1.34 -1.565 -1.405 -1.302 -1.154 -1.298 -1.408 -1.713 -1.956 -1.957 -1.95 -2.024 -2.188 -2.283 -2.337 -2.142 -2.01 -1.912 -1.906 -1.022 -0.809 -0.825 -0.931 -1.306 -1.916 -2.146 -2.029 -1.759 -1.481 -0.898 -0.426 -0.742 -1.092 -1.43 -1.871 -2.239 -2.476
0.955 0.974 0.968 0.969 0.968 0.96 0.55 -0.198 -0.424 -0.572 -0.819 -1.026 -1.226 -0.922 -0.544 -0.622 -0.668 -0.48 -0.598 -1.111 -1.309 -1.378 -1.478 -1.468 -1.308 -1.233 -1.149 -0.795 -0.962 -0.804 -0.444 -0.243 -0.206 -0.683 -1.257 -1.424 -1.118 -0.964 -1.261 -1.614 -1.811 -1.693 -1.743 -1.684 -1.703 -1.715 -1.975 -2.136 -2.117 -2.087 -2.116 -2.173 -2.183 -2.17 -2.264 -2.213 -2.05 -1.824 -0.823 -0.421 -0.748 -1.266 -1.766 -2.126 -2.016 -1.981 -1.789 -1.385 -0.828 -0.489 -1.194 -1.608 -2.052 -2.374 -2.244 -2.043
0.604 0.961 0.964 0.966 0.973 0.841 0.158 -0.382 -0.611 -0.779 -1.086 -1.267 -1.057 -0.72 -0.441 -0.228 -0.388 -0.347 -0.645 -0.968 -0.991 -0.966 -0.984 -1.138 -1.042 -1.087 -1.163 -1.026 -0.849 -0.48 -0.401 -0.586 -0.677 -0.78 -1.528 -1.785 -1.363 -1.262 -1.866 -1.867 -2.019 -2.107 -1.939 -1.681 -1.772 -1.986 -2.02 -1.949 -2.157 -2.178 -2.031 -1.938 -1.815 -1.797 -2.041 -2.029 -1.707 -1.2 -0.576 -0.429 -1.081 -1.567 -1.938 -1.769 -1.683 -1.928 -1.638 -1.447 -0.752 -0.455 -1.337 -2.021 -2.356 -2.374 -1.943 -1.465
0.364 0.892 0.963 0.964 0.963 0.94 0.52 -0.208 -0.539 -0.364 -0.686 -1.118 -0.794 -0.355 -0.173 0.032 -0.051 -0.145 -0.216 -0.411 -0.426 -0.428 -0.47 -0.591 -0.691 -0.852 -0.941 -0.833 -0.581 -0.351 -0.719 -1.257 -1.248 -1.194 -1.481 -1.749 -1.434 -1.443 -1.987 -2.296 -2.241 -1.957 -1.645 -1.387 -1.772 -1.89 -1.841 -1.813 -1.933 -2.039 -2.121 -1.55 -1.391 -1.673 -1.889 -1.911 -1.628 -0.728 -0.362 -0.71 -1.108 -1.481 -1.716 -1.541 -1.49 -1.868 -1.881 -1.543 -0.897 -0.337 -1.091 -1.974 -1.982 -1.948 -1.778 -1.056
0.082 0.645 0.956 0.964 0.967 0.963 0.77 0.265 0.022 -0.143 -0.566 -0.942 -0.519 -0.192 0.128 0.114 -0.126 -0.121 -0.102 -0.079 -0.107 -0.144 -0.148 -0.227 -0.417 -0.543 -0.613 -0.667 -0.753 -0.794 -1.031 -1.713 -1.611 -1.347 -1.734 -1.972 -1.778 -1.986 -2.299 -2.518 -2.213 -1.933 -1.611 -0.977 -1.038 -1.338 -1.549 -1.466 -1.602 -1.751 -1.751 -1.48 -1.083 -1.311 -1.547 -1.631 -1.557 -0.625 -0.224 -0.544 -0.919 -1.176 -1.487 -1.333 -1.391 -1.773 -1.647 -1.44 -0.781 -0.239 -1.045 -1.854 -1.676 -1.638 -1.5 -0.972
-0.215 0.32 0.917 0.965 0.962 0.958 0.911 0.454 0.343 -0.06 -0.614 -0.527 -0.258 -0.055 0.201 -0.217 -0.426 -0.519 -0.638 -0.56 -0.576 -0.455 -0.33 -0.131 -0.322 -0.571 -0.813 -1.222 -1.5 -1.368 -1.278 -1.895 -1.64 -1.382 -1.687 -2.229 -2.231 -2.127 -2.229 -2.179 -1.893 -1.906 -1.845 -1.398 -0.886 -0.739 -1.114 -1.075 -1.581 -1.468 -1.287 -1.273 -0.985 -0.821 -1.083 -1.304 -1.239 -0.726 -0.135 -0.22 -0.536 -0.977 -1.289 -1.105 -1.232 -1.452 -1.31 -1.12 -0.434 -0.185 -1.118 -1.607 -1.352 -1.369 -1.186 -0.877
0.119 0.467 0.899 0.962 0.96 0.957 0.945 0.772 0.62 0.003 -0.301 -0.064 0.049 0.249 0.114 -0.406 -0.848 -0.752 -0.941 -0.864 -0.963 -0.723 -0.542 -0.265 -0.605 -1.172 -1.476 -1.762 -1.994 -1.569 -1.698 -2.002 -1.6 -1.431 -1.696 -2.012 -1.898 -1.83 -1.909 -2.068 -1.94 -1.77 -1.383 -1.193 -0.875 -0.399 -0.764 -1.141 -1.331 -1.142 -0.936 -0.779 -0.661 -0.412 -0.583 -0.692 -0.66 -0.639 -0.148 0.097 -0.348 -0.715 -0.882 -0.586 -0.783 -0.987 -0.857 -0.773 -0.085 -0.18 -0.998 -1.028 -0.788 -0.876 -0.645 -0.769
