data/climatemaps/RS_maps/climate_breeding_pr_2013.asc
NCOLS 369 
NROWS 228 
XLLCORNER 479000 
YLLCORNER 73000 
CELLSIZE 1000 
NODATA_value -9 
[rows 102 to 135 of 228, columns 0 to 75 of 369]
-9 -9 -9 -9 -9 -9 -9 -9 -9 -9 -9 -9 -9 -9 -9 -9 -9 -9 -9 -9 -9 -9 -9 -9 -9 -9 -9 -9 -9 -9 -9 -9 0.237 0.23 0.226 0.196 0.142 0.087 0.055 0.064 0.119 0.201 0.281 0.344 0.387 0.42 0.441 0.446 0.436 0.409 0.369 0.316 0.26 0.207 0.162 0.119 0.07 0.013 -0.064 -0.142 -0.21 -0.269 -0.295 -0.276 -0.209 -0.117 -0.031 0.044 0.086 0.071 -0.013 -0.155 -0.31 -0.453 -0.553 -0.622
-9 -9 -9 -9 -9 -9 -9 -9 -9 -9 -9 -9 -9 -9 -9 -9 -9 -9 -9 -9 -9 -9 -9 -9 -9 -9 -9 -9 -9 -9 -9 -9 0.237 0.21 0.179 0.129 0.068 0.012 -0.014 0.007 0.07 0.159 0.26 0.346 0.407 0.436 0.444 0.431 0.402 0.353 0.291 0.224 0.155 0.091 0.032 -0.024 -0.086 -0.159 -0.237 -0.302 -0.33 -0.323 -0.287 -0.209 -0.114 -0.006 0.091 0.15 0.139 0.061 -0.066 -0.216 -0.363 -0.49 -0.577 -0.634
-9 -9 -9 -9 -9 -9 -9 -9 -9 -9 -9 -9 -9 -9 -9 -9 -9 -9 -9 -9 -9 -9 -9 -9 -9 -9 -9 -9 -9 -9 -9 -9 0.211 0.165 0.113 0.053 -0.009 -0.063 -0.08 -0.05 0.022 0.128 0.247 0.349 0.412 0.434 0.43 0.402 0.35 0.282 0.209 0.129 0.046 -0.038 -0.111 -0.172 -0.25 -0.324 -0.372 -0.38 -0.35 -0.288 -0.21 -0.106 0.008 0.116 0.19 0.201 0.12 -0.009 -0.161 -0.31 -0.441 -0.542 -0.607 -0.645
-9 -9 -9 -9 -9 -9 -9 -9 -9 -9 -9 -9 -9 -9 -9 -9 -9 -9 -9 -9 -9 -9 -9 -9 -9 -9 -9 -9 -9 -9 -9 -9 0.171 0.11 0.047 -0.017 -0.079 -0.124 -0.134 -0.094 -0.006 0.111 0.236 0.334 0.39 0.407 0.393 0.358 0.308 0.239 0.161 0.07 -0.027 -0.129 -0.22 -0.283 -0.357 -0.402 -0.406 -0.366 -0.302 -0.212 -0.101 0.018 0.129 0.215 0.24 0.187 0.059 -0.104 -0.272 -0.415 -0.524 -0.591 -0.633 -0.655
-9 -9 -9 -9 -9 -9 -9 -9 -9 -9 -9 -9 -9 -9 -9 -9 -9 -9 -9 -9 -9 -9 -9 -9 -9 -9 -9 -9 -9 -9 -9 -9 -9 0.064 -0.004 -0.071 -0.127 -0.159 -0.16 -0.115 -0.015 0.102 0.217 0.303 0.352 0.362 0.359 0.334 0.292 0.23 0.148 0.052 -0.047 -0.149 -0.247 -0.311 -0.348 -0.364 -0.343 -0.285 -0.202 -0.091 0.028 0.135 0.216 0.259 0.225 0.127 -0.034 -0.216 -0.383 -0.512 -0.592 -0.634 -0.656 -0.665
-9 -9 -9 -9 -9 -9 -9 -9 -9 -9 -9 -9 -9 -9 -9 -9 -9 -9 -9 -9 -9 -9 -9 -9 -9 -9 -9 -9 -9 -9 -9 -9 -9 0.043 -0.025 -0.09 -0.138 -0.164 -0.161 -0.113 -0.015 0.094 0.196 0.272 0.315 0.336 0.338 0.315 0.272 0.213 0.138 0.053 -0.04 -0.126 -0.186 -0.229 -0.252 -0.256 -0.226 -0.163 -0.074 0.033 0.135 0.213 0.255 0.245 0.166 0.036 -0.141 -0.326 -0.483 -0.589 -0.647 -0.67 -0.678 -0.677
-9 -9 -9 -9 -9 -9 -9 -9 -9 -9 -9 -9 -9 -9 -9 -9 -9 -9 -9 -9 -9 -9 -9 -9 -9 -9 -9 -9 -9 -9 -9 -9 -9 0.06 -0.007 -0.07 -0.116 -0.144 -0.144 -0.107 -0.015 0.084 0.177 0.252 0.303 0.323 0.314 0.28 0.234 0.177 0.117 0.052 0.01 -0.032 -0.062 -0.09 -0.112 -0.118 -0.093 -0.038 0.037 0.119 0.191 0.237 0.242 0.192 0.081 -0.068 -0.247 -0.424 -0.56 -0.645 -0.686 -0.697 -0.696 -0.689
-9 -9 -9 -9 -9 -9 -9 -9 -9 -9 -9 -9 -9 -9 -9 -9 -9 -9 -9 -9 -9 -9 -9 -9 -9 -9 -9 -9 -9 -9 -9 -9 -9 0.099 0.033 -0.03 -0.083 -0.115 -0.118 -0.096 -0.019 0.08 0.178 0.256 0.302 0.31 0.288 0.242 0.187 0.133 0.086 0.073 0.079 0.083 0.077 0.058 0.033 0.016 0.021 0.052 0.097 0.145 0.183 0.196 0.169 0.093 -0.03 -0.178 -0.349 -0.505 -0.616 -0.684 -0.713 -0.716 -0.709 -0.699
-9 -9 -9 -9 -9 -9 -9 -9 -9 -9 -9 -9 -9 -9 -9 -9 -9 -9 -9 -9 -9 -9 -9 -9 -9 -9 -9 -9 -9 -9 -9 -9 -9 0.13 0.061 -0.006 -0.06 -0.094 -0.097 -0.07 0.009 0.099 0.191 0.263 0.301 0.298 0.263 0.203 0.141 0.094 0.076 0.098 0.139 0.178 0.189 0.168 0.128 0.09 0.068 0.068 0.08 0.091 0.095 0.079 0.029 -0.054 -0.171 -0.303 -0.449 -0.574 -0.661 -0.712 -0.731 -0.728 -0.717 -0.705
-9 -9 -9 -9 -9 -9 -9 -9 -9 -9 -9 -9 -9 -9 -9 -9 -9 -9 -9 -9 -9 -9 -9 -9 -9 -9 -9 -9 -9 -9 -9 -9 -9 0.135 0.06 -0.01 -0.065 -0.089 -0.069 -0.03 0.043 0.128 0.21 0.271 0.3 0.284 0.237 0.169 0.106 0.069 0.072 0.117 0.18 0.23 0.234 0.194 0.128 0.06 0.009 -0.019 -0.034 -0.044 -0.06 -0.095 -0.156 -0.235 -0.333 -0.44 -0.548 -0.639 -0.703 -0.736 -0.744 -0.734 -0.72 -0.705
-9 -9 -9 -9 -9 -9 -9 -9 -9 -9 -9 -9 -9 -9 -9 -9 -9 -9 -9 -9 -9 -9 -9 -9 -9 -9 -9 -9 -9 -9 -9 -9 0.184 0.109 0.033 -0.031 -0.084 -0.081 -0.049 0.004 0.08 0.161 0.234 0.284 0.301 0.273 0.216 0.144 0.084 0.057 0.072 0.124 0.183 0.22 0.202 0.132 0.035 -0.061 -0.136 -0.184 -0.213 -0.233 -0.259 -0.297 -0.348 -0.411 -0.486 -0.564 -0.639 -0.7 -0.74 -0.755 -0.751 -0.734 -0.714 -0.694
-9 -9 -9 -9 -9 -9 -9 -9 -9 -9 -9 -9 -9 -9 -9 -9 -9 -9 -9 -9 -9 -9 -9 -9 -9 -9 -9 -9 -9 -9 -9 -9 0.129 0.052 -0.018 -0.073 -0.101 -0.074 -0.025 0.042 0.121 0.199 0.263 0.3 0.303 0.265 0.203 0.133 0.078 0.054 0.063 0.097 0.129 0.135 0.087 -0.009 -0.125 -0.239 -0.327 -0.38 -0.413 -0.435 -0.457 -0.483 -0.518 -0.563 -0.615 -0.669 -0.717 -0.753 -0.769 -0.767 -0.748 -0.716 -0.687 -0.671
-9 -9 -9 -9 -9 -9 -9 -9 -9 -9 -9 -9 -9 -9 -9 -9 -9 -9 -9 -9 -9 -9 -9 -9 -9 -9 -9 -9 -9 -9 -9 -9 0.044 -0.03 -0.089 -0.13 -0.112 -0.063 0.001 0.078 0.16 0.234 0.289 0.314 0.308 0.265 0.205 0.141 0.088 0.055 0.039 0.031 0.016 -0.019 -0.094 -0.205 -0.322 -0.423 -0.498 -0.544 -0.574 -0.592 -0.608 -0.627 -0.65 -0.68 -0.715 -0.748 -0.776 -0.79 -0.786 -0.765 -0.722 -0.665 -0.638 -0.637
-9 -9 -9 -9 -9 -9 -9 -9 -9 -9 -9 -9 -9 -9 -9 -9 -9 -9 -9 -9 -9 -9 -9 -9 -9 -9 -9 -9 -9 -9 -9 0.032 -0.053 -0.121 -0.17 -0.171 -0.119 -0.055 0.022 0.104 0.184 0.253 0.302 0.321 0.312 0.272 0.22 0.164 0.11 0.059 0.002 -0.061 -0.131 -0.208 -0.304 -0.41 -0.503 -0.578 -0.635 -0.669 -0.692 -0.705 -0.716 -0.728 -0.743 -0.761 -0.782 -0.8 -0.81 -0.806 -0.783 -0.738 -0.663 -0.618 -0.596 -0.591
-9 -9 -9 -9 -9 -9 -9 -9 -9 -9 -9 -9 -9 -9 -9 -9 -9 -9 -9 -9 -9 -9 -9 -9 -9 -9 -9 -9 -9 0.166 0.051 -0.055 -0.142 -0.208 -0.232 -0.195 -0.128 -0.051 0.029 0.109 0.182 0.245 0.291 0.313 0.311 0.284 0.246 0.2 0.142 0.06 -0.046 -0.166 -0.282 -0.392 -0.493 -0.578 -0.648 -0.7 -0.738 -0.76 -0.775 -0.783 -0.787 -0.791 -0.797 -0.806 -0.817 -0.824 -0.82 -0.798 -0.751 -0.675 -0.603 -0.567 -0.548 -0.556
-9 -9 -9 -9 -9 -9 -9 -9 -9 -9 -9 -9 -9 -9 -9 -9 -9 -9 -9 -9 -9 -9 -9 -9 -9 -9 -9 -9 0.243 0.138 0.006 -0.125 -0.221 -0.273 -0.265 -0.217 -0.14 -0.058 0.018 0.089 0.151 0.206 0.253 0.284 0.299 0.294 0.274 0.238 0.167 0.052 -0.101 -0.269 -0.42 -0.542 -0.631 -0.699 -0.75 -0.784 -0.807 -0.821 -0.829 -0.83 -0.826 -0.82 -0.816 -0.816 -0.821 -0.82 -0.803 -0.757 -0.677 -0.598 -0.54 -0.508 -0.501 -0.506
-9 -9 -9 -9 -9 -9 -9 -9 -9 -9 -9 -9 -9 -9 -9 -9 -9 -9 -9 -9 -9 -9 -9 -9 -9 -9 0.392 0.332 0.24 0.113 -0.035 -0.176 -0.281 -0.312 -0.295 -0.239 -0.158 -0.076 -0.008 0.048 0.094 0.139 0.186 0.23 0.268 0.29 0.29 0.257 0.171 0.025 -0.169 -0.371 -0.536 -0.652 -0.727 -0.779 -0.813 -0.835 -0.849 -0.857 -0.859 -0.854 -0.839 -0.82 -0.806 -0.802 -0.804 -0.793 -0.756 -0.683 -0.592 -0.521 -0.468 -0.444 -0.456 -0.446
-9 -9 -9 -9 -9 -9 -9 -9 -9 -9 -9 -9 -9 -9 -9 -9 -9 -9 -9 -9 -9 -9 -9 -9 -9 0.453 0.416 0.344 0.233 0.086 -0.072 -0.219 -0.317 -0.34 -0.321 -0.264 -0.184 -0.107 -0.047 -0.008 0.017 0.048 0.092 0.149 0.212 0.26 0.273 0.235 0.132 -0.041 -0.262 -0.471 -0.628 -0.73 -0.791 -0.828 -0.847 -0.863 -0.873 -0.876 -0.873 -0.86 -0.831 -0.798 -0.783 -0.778 -0.772 -0.745 -0.689 -0.603 -0.514 -0.44 -0.393 -0.399 -0.405 -0.403
-9 -9 -9 -9 -9 -9 -9 -9 -9 -9 -9 -9 -9 -9 -9 -9 -9 -9 -9 -9 -9 -9 -9 0.482 0.486 0.474 0.431 0.345 0.217 0.06 -0.111 -0.255 -0.332 -0.354 -0.338 -0.285 -0.211 -0.137 -0.085 -0.066 -0.066 -0.056 -0.021 0.046 0.125 0.189 0.209 0.163 0.045 -0.148 -0.367 -0.561 -0.702 -0.787 -0.834 -0.858 -0.867 -0.878 -0.885 -0.883 -0.874 -0.851 -0.809 -0.773 -0.758 -0.746 -0.73 -0.686 -0.619 -0.527 -0.435 -0.363 -0.338 -0.358 -0.363 -0.384
-9 -9 -9 -9 -9 -9 -9 -9 -9 -9 -9 -9 -9 -9 -9 -9 -9 -9 -9 -9 -9 -9 0.488 0.497 0.502 0.485 0.432 0.334 0.197 0.026 -0.138 -0.256 -0.322 -0.351 -0.337 -0.291 -0.219 -0.15 -0.109 -0.11 -0.138 -0.154 -0.14 -0.079 0.002 0.076 0.099 0.046 -0.086 -0.28 -0.476 -0.643 -0.759 -0.827 -0.862 -0.878 -0.884 -0.887 -0.887 -0.879 -0.863 -0.83 -0.786 -0.752 -0.724 -0.708 -0.689 -0.627 -0.546 -0.445 -0.356 -0.298 -0.293 -0.316 -0.341 -0.398
-9 -9 -9 -9 -9 -9 -9 -9 -9 -9 -9 -9 -9 -9 -9 -9 -9 -9 -9 -9 -9 0.502 0.505 0.512 0.51 0.483 0.419 0.313 0.174 0.02 -0.129 -0.236 -0.303 -0.327 -0.316 -0.265 -0.196 -0.134 -0.102 -0.124 -0.187 -0.237 -0.253 -0.212 -0.142 -0.077 -0.059 -0.116 -0.25 -0.419 -0.581 -0.715 -0.805 -0.856 -0.881 -0.891 -0.893 -0.886 -0.875 -0.859 -0.836 -0.799 -0.758 -0.721 -0.699 -0.692 -0.651 -0.575 -0.475 -0.37 -0.287 -0.246 -0.255 -0.295 -0.351 -0.427
-9 -9 -9 -9 -9 -9 -9 -9 -9 -9 -9 -9 -9 -9 -9 -9 -9 -9 -9 -9 0.539 0.525 0.524 0.522 0.508 0.466 0.391 0.281 0.148 0.008 -0.116 -0.207 -0.259 -0.279 -0.262 -0.217 -0.153 -0.095 -0.075 -0.121 -0.215 -0.3 -0.346 -0.331 -0.288 -0.244 -0.241 -0.303 -0.415 -0.547 -0.672 -0.772 -0.839 -0.877 -0.895 -0.9 -0.893 -0.875 -0.849 -0.824 -0.794 -0.754 -0.712 -0.684 -0.685 -0.675 -0.611 -0.524 -0.41 -0.307 -0.233 -0.202 -0.221 -0.283 -0.362 -0.412
-9 -9 -9 -9 -9 -9 -9 -9 -9 -9 -9 -9 -9 -9 -9 -9 -9 -9 -9 0.597 0.569 0.552 0.542 0.526 0.493 0.434 0.349 0.241 0.12 0.003 -0.09 -0.154 -0.191 -0.203 -0.191 -0.154 -0.1 -0.055 -0.051 -0.12 -0.245 -0.345 -0.417 -0.428 -0.411 -0.4 -0.413 -0.465 -0.55 -0.648 -0.74 -0.812 -0.862 -0.891 -0.905 -0.903 -0.881 -0.849 -0.811 -0.777 -0.738 -0.69 -0.652 -0.642 -0.658 -0.646 -0.574 -0.478 -0.357 -0.253 -0.182 -0.157 -0.197 -0.273 -0.347 -0.408
-9 -9 -9 -9 -9 -9 -9 -9 -9 -9 -9 -9 -9 -9 -9 -9 -9 -9 0.667 0.632 0.602 0.578 0.555 0.522 0.469 0.394 0.301 0.196 0.094 0.015 -0.04 -0.08 -0.102 -0.112 -0.107 -0.084 -0.049 -0.026 -0.045 -0.131 -0.274 -0.392 -0.471 -0.5 -0.501 -0.504 -0.526 -0.573 -0.639 -0.713 -0.78 -0.834 -0.873 -0.898 -0.91 -0.9 -0.863 -0.816 -0.766 -0.722 -0.665 -0.612 -0.583 -0.59 -0.618 -0.608 -0.54 -0.432 -0.303 -0.199 -0.13 -0.133 -0.176 -0.249 -0.349 -0.432
-9 -9 -9 -9 -9 -9 -9 -9 -9 -9 -9 -9 -9 -9 -9 -9 -9 0.726 0.697 0.662 0.628 0.596 0.56 0.511 0.443 0.354 0.255 0.169 0.098 0.053 0.023 0.004 -0.007 -0.019 -0.026 -0.021 -0.009 -0.01 -0.048 -0.151 -0.296 -0.416 -0.497 -0.528 -0.538 -0.552 -0.584 -0.632 -0.688 -0.746 -0.797 -0.841 -0.878 -0.902 -0.91 -0.894 -0.848 -0.785 -0.721 -0.661 -0.589 -0.534 -0.514 -0.536 -0.571 -0.568 -0.502 -0.391 -0.268 -0.158 -0.1 -0.116 -0.152 -0.257 -0.37 -0.466
-9 -9 -9 -9 -9 -9 -9 -9 -9 -9 -9 -9 -9 -9 -9 -9 0.76 0.746 0.717 0.68 0.641 0.601 0.556 0.498 0.424 0.329 0.245 0.179 0.132 0.108 0.097 0.089 0.078 0.057 0.035 0.02 0.012 -0.008 -0.061 -0.166 -0.293 -0.401 -0.479 -0.525 -0.552 -0.578 -0.613 -0.661 -0.711 -0.759 -0.8 -0.841 -0.879 -0.902 -0.908 -0.886 -0.834 -0.755 -0.678 -0.599 -0.518 -0.464 -0.451 -0.485 -0.52 -0.523 -0.458 -0.355 -0.236 -0.135 -0.085 -0.088 -0.155 -0.282 -0.405 -0.506
-9 -9 -9 -9 -9 -9 -9 -9 -9 -9 -9 -9 -9 -9 -9 0.747 0.761 0.752 0.723 0.684 0.64 0.595 0.546 0.489 0.419 0.339 0.269 0.217 0.189 0.179 0.175 0.165 0.142 0.107 0.067 0.035 0.011 -0.023 -0.076 -0.164 -0.269 -0.37 -0.452 -0.505 -0.546 -0.585 -0.627 -0.675 -0.72 -0.763 -0.8 -0.841 -0.879 -0.9 -0.902 -0.872 -0.81 -0.72 -0.632 -0.539 -0.455 -0.404 -0.401 -0.44 -0.467 -0.472 -0.407 -0.308 -0.196 -0.103 -0.06 -0.085 -0.182 -0.291 -0.417 -0.496
-9 -9 -9 -9 -9 -9 -9 -9 -9 -9 -9 -9 -9 0.626 0.68 0.722 0.741 0.737 0.711 0.672 0.629 0.586 0.541 0.489 0.429 0.366 0.309 0.273 0.258 0.254 0.246 0.224 0.183 0.129 0.072 0.025 -0.008 -0.043 -0.086 -0.161 -0.253 -0.34 -0.416 -0.478 -0.532 -0.583 -0.631 -0.678 -0.722 -0.763 -0.802 -0.843 -0.878 -0.897 -0.892 -0.85 -0.776 -0.679 -0.583 -0.482 -0.401 -0.355 -0.364 -0.397 -0.414 -0.415 -0.349 -0.253 -0.147 -0.077 -0.053 -0.098 -0.199 -0.297 -0.414 -0.448
-9 -9 -9 -9 -9 -9 -9 -9 -9 -9 -9 -9 0.514 0.572 0.627 0.67 0.693 0.695 0.677 0.649 0.616 0.582 0.545 0.503 0.456 0.406 0.361 0.335 0.324 0.316 0.298 0.259 0.197 0.125 0.055 0.001 -0.036 -0.068 -0.106 -0.167 -0.243 -0.319 -0.391 -0.459 -0.523 -0.581 -0.632 -0.68 -0.723 -0.764 -0.804 -0.843 -0.874 -0.888 -0.874 -0.823 -0.739 -0.635 -0.535 -0.431 -0.358 -0.322 -0.333 -0.351 -0.363 -0.355 -0.294 -0.2 -0.103 -0.058 -0.058 -0.127 -0.225 -0.329 -0.388 -0.359
-9 -9 -9 -9 -9 -9 -9 -9 -9 -9 -9 0.417 0.462 0.514 0.564 0.605 0.629 0.638 0.635 0.622 0.605 0.584 0.56 0.531 0.495 0.455 0.419 0.393 0.377 0.358 0.325 0.268 0.188 0.102 0.027 -0.031 -0.06 -0.089 -0.124 -0.178 -0.244 -0.312 -0.383 -0.455 -0.524 -0.585 -0.638 -0.686 -0.727 -0.766 -0.804 -0.84 -0.868 -0.875 -0.845 -0.787 -0.697 -0.588 -0.487 -0.39 -0.326 -0.299 -0.298 -0.306 -0.312 -0.288 -0.233 -0.155 -0.074 -0.044 -0.07 -0.171 -0.278 -0.337 -0.317 -0.265
-9 -9 -9 -9 -9 -9 -9 -9 -9 -9 0.375 0.388 0.423 0.465 0.506 0.543 0.565 0.584 0.599 0.603 0.601 0.594 0.581 0.562 0.537 0.505 0.471 0.441 0.413 0.377 0.325 0.249 0.159 0.07 -0.007 -0.053 -0.065 -0.091 -0.13 -0.186 -0.251 -0.32 -0.393 -0.466 -0.535 -0.596 -0.649 -0.694 -0.731 -0.768 -0.802 -0.832 -0.856 -0.854 -0.81 -0.744 -0.651 -0.542 -0.442 -0.355 -0.302 -0.276 -0.261 -0.261 -0.258 -0.22 -0.17 -0.11 -0.054 -0.044 -0.109 -0.226 -0.288 -0.292 -0.257 -0.191
-9 -9 -9 -9 -9 -9 -9 -9 -9 -9 0.394 0.387 0.408 0.435 0.465 0.495 0.525 0.556 0.58 0.598 0.608 0.61 0.604 0.591 0.572 0.545 0.511 0.473 0.428 0.372 0.297 0.207 0.113 0.026 -0.023 -0.032 -0.035 -0.064 -0.115 -0.185 -0.263 -0.341 -0.417 -0.488 -0.555 -0.614 -0.664 -0.704 -0.735 -0.768 -0.799 -0.822 -0.842 -0.829 -0.771 -0.698 -0.603 -0.5 -0.406 -0.329 -0.281 -0.249 -0.224 -0.216 -0.196 -0.15 -0.104 -0.058 -0.035 -0.057 -0.137 -0.239 -0.266 -0.257 -0.226 -0.136
-9 -9 -9 -9 -9 -9 -9 -9 -9 0.46 0.426 0.415 0.415 0.427 0.449 0.477 0.509 0.542 0.575 0.601 0.616 0.623 0.621 0.613 0.599 0.572 0.535 0.485 0.423 0.344 0.25 0.15 0.055 0.003 0.007 0.021 0.025 -0.009 -0.08 -0.177 -0.279 -0.369 -0.448 -0.518 -0.581 -0.634 -0.675 -0.707 -0.731 -0.758 -0.788 -0.813 -0.826 -0.796 -0.73 -0.649 -0.552 -0.456 -0.373 -0.306 -0.258 -0.215 -0.181 -0.159 -0.125 -0.076 -0.029 0.003 -0.011 -0.054 -0.14 -0.23 -0.271 -0.26 -0.213 -0.101
-9 -9 -9 -9 -9 -9 -9 -9 0.537 0.483 0.455 0.449 0.45 0.451 0.469 0.49 0.515 0.546 0.576 0.601 0.617 0.626 0.628 0.624 0.613 0.585 0.54 0.476 0.395 0.299 0.192 0.086 0.028 0.032 0.059 0.097 0.11 0.063 -0.035 -0.166 -0.294 -0.398 -0.481 -0.549 -0.604 -0.646 -0.678 -0.706 -0.718 -0.737 -0.767 -0.798 -0.804 -0.76 -0.69 -0.597 -0.499 -0.41 -0.335 -0.274 -0.221 -0.168 -0.13 -0.09 -0.049 0.009 0.056 0.072 0.038 -0.026 -0.105 -0.19 -0.258 -0.269 -0.204 -0.08
