data/climatemaps/RS_maps/climate_winter_pr_2017.asc
NCOLS 369 
NROWS 228 
XLLCORNER 479000 
YLLCORNER 73000 
CELLSIZE 1000 
NODATA_value -9 
[rows 35 to 69 of 228, columns 158 to 236 of 369]
0.592 0.594 0.599 0.602 0.598 0.601 0.595 0.588 0.581 0.609 0.656 0.681 0.669 0.728 0.732 0.713 0.768 0.772 0.788 0.785 0.714 0.58 0.431 0.339 0.3 0.336 0.389 0.475 0.557 0.593 0.62 0.596 0.552 0.496 0.45 0.414 0.345 0.302 0.247 0.174 0.062 -0.003 -0.034 -0.071 -0.09 -0.072 -0.026 0.021 0.057 0.13 0.195 0.235 0.244 0.218 0.167 0.078 -0.008 -0.082 -0.127 -0.14 -0.131 -0.104 -0.081 -0.074 -0.07 -0.062 -0.05 -0.029 -0.023 -0.028 -0.034 -0.054 -0.087 -0.13 -0.152 -0.142 -0.112 -0.043 0.031
0.628 0.638 0.638 0.62 0.584 0.557 0.56 0.562 0.543 0.576 0.648 0.68 0.683 0.777 0.814 0.783 0.818 0.822 0.826 0.786 0.692 0.54 0.415 0.339 0.328 0.382 0.463 0.542 0.581 0.606 0.627 0.613 0.565 0.528 0.497 0.475 0.436 0.348 0.289 0.206 0.094 0.015 -0.027 -0.074 -0.094 -0.078 -0.031 0.042 0.079 0.121 0.172 0.206 0.224 0.201 0.142 0.07 0.006 -0.072 -0.115 -0.132 -0.126 -0.116 -0.104 -0.088 -0.068 -0.039 -0.004 0.034 0.057 0.057 0.032 0.004 -0.039 -0.096 -0.141 -0.152 -0.139 -0.102 -0.055
0.697 0.691 0.689 0.667 0.618 0.552 0.523 0.529 0.544 0.564 0.659 0.707 0.739 0.796 0.849 0.849 0.848 0.834 0.772 0.707 0.645 0.49 0.38 0.337 0.38 0.439 0.54 0.63 0.652 0.63 0.599 0.581 0.532 0.529 0.535 0.522 0.496 0.429 0.336 0.247 0.125 0.027 -0.032 -0.08 -0.1 -0.09 -0.041 0.041 0.105 0.128 0.162 0.195 0.187 0.166 0.13 0.076 0.012 -0.056 -0.092 -0.125 -0.115 -0.107 -0.114 -0.1 -0.07 -0.023 0.037 0.085 0.124 0.126 0.11 0.074 0.003 -0.064 -0.113 -0.136 -0.138 -0.126 -0.102
0.762 0.765 0.747 0.726 0.661 0.569 0.509 0.511 0.571 0.585 0.637 0.688 0.722 0.796 0.873 0.876 0.844 0.787 0.71 0.606 0.515 0.425 0.343 0.328 0.377 0.452 0.56 0.656 0.685 0.643 0.579 0.542 0.508 0.51 0.544 0.548 0.536 0.477 0.38 0.271 0.148 0.036 -0.033 -0.083 -0.102 -0.097 -0.048 0.037 0.113 0.132 0.159 0.212 0.209 0.19 0.169 0.119 0.045 -0.017 -0.064 -0.111 -0.117 -0.11 -0.119 -0.101 -0.067 -0.01 0.057 0.118 0.165 0.178 0.176 0.118 0.039 -0.018 -0.066 -0.103 -0.123 -0.118 -0.096
0.801 0.834 0.832 0.78 0.675 0.575 0.513 0.488 0.5 0.528 0.579 0.616 0.655 0.757 0.844 0.896 0.866 0.817 0.695 0.553 0.459 0.399 0.312 0.272 0.308 0.405 0.516 0.612 0.65 0.608 0.548 0.515 0.515 0.51 0.517 0.527 0.525 0.483 0.386 0.271 0.149 0.038 -0.036 -0.082 -0.101 -0.1 -0.061 0.023 0.101 0.133 0.148 0.204 0.226 0.233 0.232 0.184 0.125 0.055 -0.016 -0.073 -0.101 -0.114 -0.114 -0.077 -0.038 0.008 0.081 0.175 0.246 0.242 0.21 0.158 0.093 0.04 -0.001 -0.055 -0.081 -0.088 -0.081
0.841 0.913 0.912 0.804 0.672 0.58 0.546 0.537 0.519 0.529 0.533 0.558 0.618 0.699 0.797 0.872 0.85 0.776 0.658 0.504 0.425 0.356 0.259 0.234 0.254 0.313 0.406 0.499 0.559 0.544 0.506 0.493 0.513 0.53 0.535 0.534 0.514 0.469 0.376 0.259 0.141 0.04 -0.03 -0.076 -0.099 -0.103 -0.074 -0.001 0.073 0.118 0.139 0.177 0.216 0.253 0.276 0.253 0.219 0.144 0.046 -0.002 -0.04 -0.082 -0.091 -0.054 -0.004 0.044 0.124 0.226 0.326 0.337 0.293 0.257 0.188 0.109 0.062 0.038 0.004 -0.026 -0.042
0.884 0.922 0.874 0.786 0.676 0.611 0.598 0.574 0.533 0.546 0.552 0.574 0.622 0.703 0.801 0.856 0.82 0.733 0.596 0.447 0.355 0.282 0.225 0.218 0.25 0.28 0.335 0.388 0.429 0.454 0.454 0.458 0.481 0.503 0.519 0.525 0.511 0.463 0.372 0.25 0.138 0.045 -0.019 -0.064 -0.093 -0.104 -0.09 -0.035 0.032 0.085 0.136 0.169 0.214 0.255 0.296 0.302 0.294 0.213 0.115 0.077 0.044 -0.002 -0.037 -0.028 0.021 0.092 0.164 0.265 0.364 0.399 0.401 0.347 0.284 0.205 0.149 0.127 0.1 0.059 0.023
0.85 0.882 0.833 0.763 0.689 0.644 0.617 0.604 0.581 0.582 0.62 0.639 0.701 0.775 0.837 0.861 0.786 0.661 0.511 0.385 0.309 0.254 0.207 0.206 0.243 0.278 0.313 0.333 0.325 0.343 0.365 0.368 0.38 0.4 0.408 0.425 0.432 0.41 0.343 0.239 0.139 0.056 -0.005 -0.044 -0.082 -0.099 -0.103 -0.076 -0.018 0.036 0.098 0.148 0.204 0.253 0.295 0.321 0.325 0.274 0.182 0.14 0.112 0.07 0.037 0.031 0.056 0.111 0.203 0.307 0.4 0.465 0.485 0.452 0.389 0.344 0.26 0.211 0.179 0.13 0.095
0.765 0.822 0.795 0.778 0.709 0.668 0.663 0.671 0.654 0.669 0.72 0.745 0.814 0.864 0.904 0.873 0.739 0.575 0.451 0.358 0.289 0.24 0.196 0.183 0.2 0.239 0.265 0.28 0.259 0.254 0.254 0.256 0.261 0.264 0.263 0.282 0.299 0.306 0.273 0.216 0.137 0.069 0.014 -0.023 -0.064 -0.089 -0.107 -0.105 -0.076 -0.029 0.035 0.099 0.157 0.215 0.265 0.307 0.326 0.304 0.244 0.223 0.161 0.14 0.116 0.106 0.104 0.154 0.222 0.32 0.414 0.504 0.549 0.526 0.477 0.441 0.38 0.307 0.235 0.185 0.141
0.699 0.766 0.777 0.801 0.754 0.717 0.747 0.794 0.78 0.79 0.85 0.871 0.932 0.961 0.959 0.852 0.688 0.52 0.415 0.335 0.264 0.223 0.188 0.153 0.148 0.169 0.19 0.224 0.212 0.197 0.192 0.191 0.195 0.165 0.152 0.156 0.167 0.178 0.171 0.151 0.111 0.077 0.039 0.001 -0.038 -0.073 -0.102 -0.115 -0.108 -0.081 -0.033 0.027 0.087 0.142 0.206 0.258 0.294 0.294 0.263 0.281 0.255 0.261 0.244 0.191 0.167 0.191 0.236 0.301 0.382 0.463 0.516 0.561 0.507 0.508 0.459 0.4 0.345 0.275 0.204
0.647 0.74 0.787 0.866 0.863 0.818 0.86 0.921 0.915 0.902 0.969 0.992 0.999 0.986 0.928 0.787 0.62 0.463 0.369 0.286 0.229 0.2 0.174 0.138 0.109 0.109 0.123 0.156 0.193 0.194 0.17 0.163 0.151 0.113 0.09 0.08 0.076 0.081 0.086 0.081 0.064 0.047 0.036 0.021 -0.006 -0.053 -0.092 -0.115 -0.115 -0.097 -0.069 -0.04 0.007 0.064 0.121 0.181 0.229 0.243 0.255 0.303 0.323 0.34 0.323 0.296 0.265 0.236 0.241 0.275 0.325 0.39 0.468 0.532 0.523 0.58 0.558 0.51 0.448 0.367 0.277
0.634 0.76 0.83 0.94 0.98 0.941 0.975 0.992 0.999 0.981 1.018 1.014 0.97 0.931 0.865 0.727 0.554 0.398 0.328 0.258 0.203 0.179 0.155 0.12 0.083 0.07 0.069 0.094 0.156 0.196 0.181 0.161 0.138 0.107 0.079 0.058 0.043 0.035 0.032 0.027 0.022 0.015 0.007 0.005 -0.002 -0.034 -0.076 -0.108 -0.116 -0.101 -0.08 -0.068 -0.051 -0.011 0.05 0.104 0.158 0.19 0.229 0.291 0.344 0.376 0.371 0.383 0.372 0.324 0.315 0.314 0.324 0.359 0.432 0.49 0.543 0.62 0.641 0.613 0.535 0.452 0.367
0.678 0.825 0.919 1.008 1.045 1.042 1.051 1.003 0.989 0.966 0.991 0.962 0.908 0.882 0.81 0.662 0.48 0.318 0.271 0.238 0.191 0.159 0.138 0.104 0.062 0.036 0.029 0.042 0.093 0.167 0.203 0.191 0.159 0.111 0.052 0.017 -0.006 -0.006 0.002 0.003 -0.001 -0.005 -0.006 -0.01 -0.018 -0.036 -0.064 -0.096 -0.111 -0.101 -0.09 -0.09 -0.087 -0.061 -0.014 0.034 0.093 0.137 0.188 0.247 0.316 0.368 0.406 0.429 0.451 0.415 0.403 0.411 0.38 0.377 0.448 0.511 0.582 0.656 0.699 0.693 0.642 0.564 0.483
0.772 0.894 1.005 1.041 1.039 1.044 1.029 0.946 0.868 0.838 0.847 0.817 0.792 0.745 0.655 0.515 0.367 0.231 0.184 0.172 0.166 0.144 0.114 0.087 0.045 0.004 -0.008 -0.004 0.028 0.105 0.194 0.233 0.208 0.151 0.076 -0.001 -0.05 -0.063 -0.066 -0.025 -0.009 -0.001 0.003 -0.007 -0.017 -0.038 -0.062 -0.086 -0.097 -0.089 -0.086 -0.093 -0.098 -0.086 -0.051 -0.012 0.033 0.085 0.14 0.195 0.268 0.338 0.409 0.461 0.494 0.474 0.475 0.492 0.457 0.416 0.465 0.526 0.593 0.694 0.761 0.775 0.763 0.688 0.609
0.852 0.909 0.989 1.003 0.966 0.938 0.892 0.823 0.729 0.663 0.628 0.59 0.563 0.515 0.444 0.344 0.243 0.154 0.106 0.088 0.097 0.102 0.093 0.075 0.037 -0.01 -0.038 -0.044 -0.027 0.041 0.15 0.238 0.266 0.206 0.125 0.033 -0.048 -0.094 -0.111 -0.096 -0.065 -0.035 -0.008 -0.001 -0.01 -0.043 -0.061 -0.069 -0.07 -0.064 -0.059 -0.065 -0.082 -0.092 -0.076 -0.046 -0.011 0.039 0.098 0.149 0.215 0.294 0.379 0.47 0.496 0.526 0.536 0.555 0.538 0.493 0.502 0.569 0.622 0.718 0.809 0.866 0.87 0.817 0.754
0.864 0.887 0.904 0.926 0.878 0.795 0.741 0.682 0.58 0.499 0.449 0.412 0.384 0.347 0.293 0.226 0.16 0.098 0.059 0.052 0.055 0.062 0.092 0.091 0.061 0.01 -0.042 -0.07 -0.066 -0.022 0.093 0.215 0.291 0.265 0.182 0.083 -0.012 -0.077 -0.112 -0.111 -0.095 -0.074 -0.049 -0.026 -0.022 -0.05 -0.055 -0.032 -0.02 -0.01 -0.004 -0.009 -0.033 -0.064 -0.078 -0.07 -0.049 -0.002 0.06 0.114 0.169 0.245 0.335 0.43 0.485 0.561 0.595 0.623 0.62 0.567 0.591 0.645 0.705 0.791 0.87 0.938 0.973 0.936 0.903
0.791 0.803 0.77 0.744 0.709 0.634 0.571 0.506 0.424 0.359 0.312 0.281 0.257 0.23 0.19 0.145 0.101 0.057 0.03 0.031 0.034 0.034 0.053 0.069 0.045 0.028 -0.026 -0.08 -0.09 -0.063 0.029 0.161 0.274 0.29 0.233 0.141 0.044 -0.036 -0.072 -0.077 -0.078 -0.075 -0.068 -0.064 -0.069 -0.077 -0.057 0.004 0.041 0.064 0.078 0.071 0.041 -0.002 -0.042 -0.065 -0.066 -0.038 0.015 0.083 0.143 0.205 0.286 0.376 0.468 0.563 0.633 0.679 0.673 0.635 0.653 0.721 0.786 0.876 0.972 1.028 1.072 1.084 1.038
0.688 0.644 0.603 0.583 0.557 0.475 0.416 0.36 0.308 0.254 0.211 0.181 0.165 0.146 0.122 0.095 0.061 0.033 0.014 0.024 0.034 0.026 0.024 0.029 0.031 0.021 -0.021 -0.081 -0.106 -0.098 -0.031 0.093 0.224 0.273 0.252 0.189 0.11 0.021 0.001 -0.006 -0.02 -0.04 -0.046 -0.056 -0.075 -0.092 -0.075 -0.007 0.06 0.125 0.173 0.179 0.14 0.086 0.028 -0.022 -0.051 -0.047 -0.013 0.046 0.122 0.181 0.25 0.328 0.428 0.534 0.619 0.675 0.696 0.722 0.726 0.825 0.896 0.957 1.036 1.114 1.192 1.199 1.143
0.555 0.498 0.457 0.44 0.402 0.337 0.313 0.284 0.241 0.188 0.154 0.126 0.121 0.113 0.098 0.089 0.047 0.03 0.013 0.023 0.047 0.038 0.026 0.015 0.014 0.014 -0.025 -0.079 -0.114 -0.123 -0.084 0.017 0.141 0.214 0.229 0.215 0.161 0.082 0.058 0.057 0.054 0.031 0.005 -0.016 -0.048 -0.082 -0.092 -0.047 0.043 0.152 0.244 0.287 0.272 0.204 0.124 0.05 -0.005 -0.03 -0.022 0.022 0.095 0.173 0.233 0.296 0.38 0.481 0.573 0.655 0.736 0.809 0.811 0.854 0.939 0.993 1.085 1.163 1.273 1.269 1.251
0.418 0.366 0.328 0.294 0.259 0.24 0.247 0.218 0.173 0.143 0.121 0.106 0.102 0.114 0.109 0.095 0.051 0.034 0.029 0.042 0.055 0.063 0.042 0.019 -0.001 -0.004 -0.028 -0.07 -0.11 -0.131 -0.122 -0.057 0.054 0.132 0.192 0.231 0.201 0.141 0.111 0.109 0.122 0.131 0.099 0.048 -0.004 -0.055 -0.092 -0.076 0.004 0.132 0.256 0.358 0.389 0.354 0.246 0.147 0.067 0.017 -0.005 0.014 0.067 0.15 0.22 0.275 0.345 0.437 0.552 0.656 0.771 0.892 0.908 0.953 1.019 1.063 1.115 1.193 1.287 1.3 1.336
0.304 0.27 0.241 0.217 0.198 0.198 0.206 0.169 0.131 0.112 0.121 0.123 0.105 0.112 0.123 0.117 0.07 0.046 0.042 0.06 0.074 0.095 0.068 0.032 0.003 -0.021 -0.034 -0.056 -0.095 -0.122 -0.137 -0.108 -0.019 0.066 0.154 0.223 0.231 0.191 0.158 0.159 0.175 0.216 0.212 0.133 0.051 -0.017 -0.077 -0.085 -0.031 0.092 0.236 0.38 0.465 0.479 0.393 0.266 0.165 0.09 0.041 0.034 0.067 0.129 0.211 0.266 0.325 0.407 0.549 0.678 0.805 0.917 0.96 1.077 1.169 1.208 1.262 1.24 1.291 1.348 1.4
0.244 0.229 0.223 0.215 0.206 0.203 0.197 0.145 0.114 0.103 0.14 0.151 0.138 0.115 0.125 0.133 0.103 0.063 0.048 0.054 0.082 0.118 0.104 0.063 0.023 -0.007 -0.031 -0.047 -0.073 -0.099 -0.131 -0.134 -0.08 0.01 0.099 0.184 0.222 0.224 0.209 0.215 0.221 0.249 0.292 0.227 0.115 0.032 -0.046 -0.081 -0.05 0.062 0.207 0.357 0.495 0.569 0.536 0.403 0.28 0.18 0.107 0.074 0.082 0.128 0.205 0.267 0.318 0.393 0.508 0.661 0.815 0.92 1.015 1.142 1.266 1.349 1.378 1.331 1.347 1.412 1.506
0.235 0.247 0.26 0.268 0.256 0.236 0.209 0.15 0.115 0.103 0.145 0.167 0.173 0.139 0.141 0.159 0.143 0.097 0.067 0.059 0.088 0.125 0.131 0.093 0.054 0.032 -0.005 -0.032 -0.052 -0.074 -0.11 -0.138 -0.12 -0.05 0.04 0.127 0.194 0.24 0.256 0.278 0.26 0.3 0.336 0.327 0.189 0.099 0 -0.061 -0.06 0.036 0.179 0.33 0.483 0.628 0.644 0.545 0.409 0.286 0.188 0.127 0.113 0.144 0.203 0.259 0.317 0.389 0.485 0.621 0.767 0.894 1.03 1.198 1.316 1.436 1.427 1.429 1.454 1.529 1.604
0.225 0.263 0.298 0.315 0.304 0.284 0.244 0.176 0.129 0.109 0.144 0.181 0.194 0.163 0.164 0.181 0.177 0.147 0.109 0.083 0.086 0.113 0.13 0.113 0.086 0.08 0.057 0.011 -0.024 -0.051 -0.084 -0.125 -0.139 -0.107 -0.026 0.068 0.155 0.225 0.273 0.315 0.294 0.352 0.389 0.385 0.265 0.179 0.072 -0.023 -0.06 0.005 0.12 0.263 0.439 0.613 0.691 0.665 0.544 0.402 0.283 0.196 0.149 0.164 0.207 0.263 0.32 0.389 0.473 0.585 0.74 0.899 1.055 1.21 1.393 1.467 1.456 1.511 1.565 1.598 1.728
0.164 0.204 0.264 0.313 0.336 0.335 0.289 0.214 0.155 0.121 0.148 0.189 0.215 0.184 0.19 0.198 0.203 0.199 0.173 0.122 0.094 0.098 0.117 0.114 0.122 0.131 0.139 0.094 0.028 -0.016 -0.049 -0.095 -0.133 -0.135 -0.081 0.008 0.099 0.182 0.27 0.302 0.316 0.4 0.439 0.466 0.339 0.254 0.157 0.03 -0.037 -0.024 0.066 0.218 0.382 0.553 0.699 0.74 0.655 0.519 0.384 0.277 0.205 0.191 0.217 0.272 0.333 0.392 0.466 0.562 0.71 0.879 1.049 1.229 1.442 1.474 1.472 1.574 1.687 1.696 1.781
0.108 0.154 0.241 0.32 0.38 0.393 0.342 0.265 0.195 0.144 0.164 0.203 0.222 0.195 0.206 0.232 0.251 0.25 0.23 0.173 0.118 0.091 0.102 0.106 0.145 0.191 0.208 0.194 0.106 0.039 -0.014 -0.062 -0.111 -0.138 -0.115 -0.044 0.032 0.132 0.209 0.251 0.344 0.435 0.48 0.562 0.447 0.335 0.246 0.101 0.005 -0.023 0.035 0.17 0.336 0.507 0.689 0.778 0.719 0.615 0.483 0.359 0.269 0.234 0.237 0.284 0.344 0.405 0.47 0.552 0.67 0.826 0.999 1.21 1.438 1.474 1.453 1.577 1.746 1.757 1.87
0.08 0.128 0.222 0.314 0.394 0.415 0.379 0.309 0.229 0.173 0.18 0.217 0.243 0.223 0.216 0.249 0.277 0.295 0.281 0.248 0.157 0.104 0.098 0.114 0.168 0.248 0.293 0.294 0.206 0.113 0.034 -0.029 -0.083 -0.128 -0.128 -0.086 -0.022 0.069 0.133 0.237 0.364 0.458 0.534 0.643 0.546 0.439 0.346 0.194 0.066 0.004 0.013 0.118 0.259 0.428 0.62 0.755 0.742 0.657 0.552 0.436 0.343 0.286 0.269 0.303 0.356 0.421 0.483 0.555 0.645 0.772 0.95 1.182 1.435 1.461 1.428 1.537 1.706 1.772 1.969
0.066 0.101 0.186 0.284 0.386 0.426 0.402 0.359 0.258 0.216 0.201 0.216 0.265 0.276 0.253 0.256 0.282 0.302 0.325 0.308 0.204 0.127 0.109 0.127 0.195 0.297 0.374 0.387 0.315 0.208 0.106 0.027 -0.046 -0.106 -0.121 -0.102 -0.055 0.01 0.077 0.192 0.34 0.479 0.568 0.713 0.657 0.537 0.433 0.307 0.155 0.058 0.02 0.077 0.182 0.321 0.49 0.652 0.713 0.664 0.577 0.48 0.41 0.359 0.327 0.338 0.38 0.438 0.498 0.557 0.633 0.734 0.893 1.133 1.358 1.427 1.39 1.483 1.627 1.81 1.937
0.061 0.083 0.161 0.268 0.357 0.403 0.413 0.403 0.3 0.237 0.25 0.251 0.282 0.33 0.343 0.309 0.293 0.312 0.335 0.341 0.238 0.151 0.121 0.147 0.21 0.322 0.444 0.476 0.438 0.324 0.195 0.097 0.005 -0.072 -0.104 -0.104 -0.069 -0.013 0.043 0.143 0.304 0.457 0.589 0.739 0.751 0.648 0.525 0.426 0.276 0.141 0.066 0.058 0.116 0.215 0.345 0.489 0.589 0.617 0.566 0.492 0.446 0.42 0.394 0.391 0.419 0.465 0.516 0.558 0.618 0.701 0.831 1.035 1.214 1.313 1.315 1.447 1.607 1.756 1.802
0.067 0.075 0.133 0.226 0.328 0.373 0.432 0.443 0.354 0.273 0.273 0.303 0.334 0.393 0.458 0.426 0.365 0.346 0.38 0.379 0.27 0.173 0.13 0.156 0.222 0.335 0.485 0.559 0.541 0.451 0.301 0.177 0.071 -0.029 -0.077 -0.095 -0.075 -0.024 0.027 0.117 0.259 0.442 0.585 0.689 0.797 0.769 0.642 0.537 0.423 0.254 0.146 0.093 0.092 0.14 0.219 0.318 0.409 0.487 0.516 0.487 0.461 0.459 0.448 0.447 0.47 0.499 0.539 0.57 0.613 0.676 0.781 0.925 1.08 1.193 1.261 1.366 1.471 1.622 1.675
0.092 0.076 0.107 0.201 0.299 0.363 0.444 0.471 0.393 0.305 0.303 0.347 0.404 0.468 0.555 0.552 0.483 0.414 0.389 0.384 0.303 0.2 0.146 0.154 0.232 0.338 0.493 0.617 0.631 0.566 0.423 0.271 0.151 0.026 -0.041 -0.075 -0.072 -0.038 0.013 0.101 0.226 0.398 0.554 0.662 0.776 0.837 0.766 0.643 0.571 0.404 0.255 0.172 0.126 0.12 0.148 0.198 0.26 0.332 0.411 0.455 0.468 0.481 0.487 0.478 0.504 0.534 0.561 0.589 0.621 0.662 0.745 0.872 1.031 1.195 1.274 1.289 1.342 1.451 1.508
0.127 0.092 0.095 0.163 0.263 0.35 0.422 0.481 0.425 0.342 0.337 0.38 0.452 0.543 0.641 0.68 0.632 0.545 0.457 0.403 0.359 0.258 0.175 0.157 0.226 0.327 0.483 0.649 0.708 0.665 0.542 0.38 0.234 0.092 0.002 -0.046 -0.055 -0.035 0.002 0.081 0.202 0.355 0.485 0.608 0.725 0.813 0.857 0.747 0.671 0.58 0.415 0.299 0.215 0.172 0.159 0.168 0.196 0.237 0.303 0.383 0.45 0.475 0.486 0.486 0.504 0.535 0.575 0.606 0.632 0.658 0.721 0.828 0.966 1.077 1.157 1.209 1.258 1.32 1.379
0.157 0.123 0.103 0.137 0.212 0.325 0.42 0.486 0.457 0.38 0.36 0.407 0.495 0.623 0.712 0.781 0.798 0.733 0.595 0.494 0.452 0.355 0.224 0.174 0.213 0.309 0.457 0.642 0.759 0.75 0.646 0.494 0.322 0.168 0.053 -0.011 -0.034 -0.018 0.006 0.062 0.16 0.308 0.429 0.547 0.659 0.748 0.867 0.854 0.744 0.706 0.614 0.471 0.357 0.286 0.238 0.21 0.211 0.225 0.253 0.304 0.365 0.418 0.447 0.462 0.481 0.52 0.574 0.613 0.637 0.666 0.714 0.788 0.878 0.984 1.07 1.13 1.163 1.194 1.248
0.187 0.154 0.121 0.137 0.211 0.313 0.41 0.496 0.491 0.414 0.377 0.419 0.533 0.675 0.783 0.859 0.928 0.912 0.763 0.609 0.54 0.459 0.297 0.21 0.212 0.298 0.421 0.601 0.759 0.811 0.731 0.591 0.413 0.246 0.109 0.028 -0.009 -0.008 0.014 0.058 0.126 0.247 0.373 0.494 0.594 0.682 0.785 0.876 0.827 0.797 0.77 0.653 0.524 0.451 0.374 0.301 0.274 0.268 0.271 0.286 0.316 0.359 0.393 0.43 0.466 0.501 0.547 0.596 0.64 0.675 0.723 0.776 0.849 0.933 1.003 1.055 1.094 1.117 1.141
0.243 0.199 0.148 0.149 0.209 0.298 0.393 0.499 0.514 0.445 0.39 0.398 0.518 0.663 0.788 0.905 0.97 0.998 0.885 0.73 0.638 0.56 0.399 0.269 0.227 0.278 0.387 0.55 0.726 0.834 0.79 0.658 0.49 0.317 0.174 0.07 0.021 0.005 0.018 0.059 0.112 0.205 0.315 0.435 0.529 0.616 0.706 0.804 0.844 0.83 0.871 0.79 0.668 0.585 0.524 0.436 0.376 0.347 0.332 0.326 0.334 0.355 0.386 0.426 0.47 0.519 0.568 0.617 0.657 0.691 0.728 0.776 0.843 0.915 0.973 1.021 1.053 1.064 1.064
