data/climatemaps/RS_maps/climate_breeding_pr_2014.asc
NCOLS 369 
NROWS 228 
XLLCORNER 479000 
YLLCORNER 73000 
CELLSIZE 1000 
NODATA_value -9 
[rows 136 to 169 of 228, columns 0 to 76 of 369]
-9 -9 -9 -9 -9 -9 -9 -9 0.179 0.134 0.115 0.115 0.121 0.128 0.134 0.141 0.15 0.162 0.174 0.184 0.192 0.198 0.201 0.2 0.189 0.16 0.113 0.046 -0.035 -0.126 -0.216 -0.272 -0.271 -0.234 -0.168 -0.104 -0.082 -0.137 -0.251 -0.398 -0.536 -0.637 -0.709 -0.76 -0.794 -0.819 -0.84 -0.852 -0.846 -0.853 -0.873 -0.889 -0.871 -0.811 -0.719 -0.603 -0.496 -0.404 -0.326 -0.251 -0.18 -0.116 -0.061 0.002 0.065 0.143 0.202 0.228 0.19 0.146 0.083 0.017 -0.072 -0.082 0.005 0.163 0.348
-9 -9 -9 -9 -9 -9 -9 -9 0.189 0.15 0.139 0.15 0.167 0.179 0.183 0.182 0.177 0.174 0.172 0.173 0.177 0.183 0.187 0.186 0.17 0.133 0.075 -0.003 -0.094 -0.188 -0.246 -0.259 -0.234 -0.171 -0.085 -0.014 0.003 -0.076 -0.221 -0.396 -0.553 -0.661 -0.728 -0.768 -0.793 -0.812 -0.828 -0.83 -0.823 -0.834 -0.858 -0.864 -0.843 -0.781 -0.674 -0.55 -0.443 -0.358 -0.28 -0.2 -0.123 -0.051 0.016 0.092 0.158 0.236 0.296 0.31 0.271 0.23 0.165 0.099 -0.015 -0.044 0.025 0.18 0.383
-9 -9 -9 -9 -9 -9 -9 -9 0.2 0.168 0.166 0.186 0.208 0.224 0.227 0.218 0.202 0.185 0.171 0.164 0.164 0.167 0.171 0.163 0.14 0.091 0.022 -0.063 -0.153 -0.213 -0.231 -0.22 -0.169 -0.088 0.005 0.073 0.076 -0.031 -0.205 -0.401 -0.571 -0.678 -0.735 -0.765 -0.782 -0.795 -0.805 -0.802 -0.799 -0.811 -0.834 -0.837 -0.813 -0.744 -0.625 -0.502 -0.397 -0.312 -0.228 -0.145 -0.065 0.016 0.102 0.181 0.25 0.322 0.382 0.379 0.346 0.312 0.243 0.184 0.068 0.005 0.072 0.24 0.423
-9 -9 -9 -9 -9 -9 -9 0.265 0.214 0.191 0.194 0.216 0.241 0.257 0.256 0.242 0.217 0.192 0.17 0.158 0.153 0.153 0.153 0.137 0.101 0.04 -0.039 -0.126 -0.182 -0.202 -0.191 -0.151 -0.082 0.004 0.091 0.144 0.126 -0.009 -0.207 -0.415 -0.584 -0.682 -0.728 -0.749 -0.759 -0.767 -0.774 -0.774 -0.775 -0.785 -0.805 -0.812 -0.782 -0.708 -0.587 -0.465 -0.361 -0.269 -0.178 -0.093 -0.005 0.088 0.186 0.262 0.342 0.406 0.448 0.45 0.417 0.389 0.327 0.269 0.147 0.066 0.148 0.303 0.465
-9 -9 -9 -9 -9 -9 -9 0.275 0.234 0.218 0.222 0.241 0.262 0.272 0.267 0.249 0.222 0.193 0.169 0.154 0.145 0.142 0.134 0.109 0.062 -0.011 -0.098 -0.158 -0.183 -0.176 -0.132 -0.067 0.011 0.092 0.159 0.185 0.141 -0.014 -0.228 -0.437 -0.593 -0.676 -0.708 -0.721 -0.724 -0.726 -0.734 -0.742 -0.748 -0.759 -0.777 -0.785 -0.754 -0.675 -0.554 -0.436 -0.331 -0.231 -0.135 -0.044 0.053 0.16 0.256 0.346 0.432 0.496 0.53 0.528 0.497 0.47 0.42 0.351 0.225 0.142 0.227 0.354 0.5
-9 -9 -9 -9 -9 -9 -9 0.292 0.263 0.251 0.25 0.258 0.266 0.267 0.258 0.24 0.215 0.191 0.169 0.151 0.141 0.133 0.117 0.083 0.03 -0.049 -0.118 -0.158 -0.165 -0.134 -0.067 0.012 0.09 0.156 0.197 0.189 0.114 -0.059 -0.273 -0.467 -0.599 -0.66 -0.677 -0.679 -0.677 -0.676 -0.688 -0.702 -0.716 -0.73 -0.748 -0.754 -0.725 -0.644 -0.53 -0.415 -0.309 -0.205 -0.098 0 0.117 0.233 0.334 0.429 0.509 0.575 0.607 0.606 0.602 0.561 0.528 0.439 0.305 0.223 0.283 0.387 0.547
-9 -9 -9 -9 -9 -9 -9 0.316 0.296 0.282 0.271 0.26 0.253 0.244 0.231 0.217 0.201 0.184 0.166 0.15 0.139 0.125 0.104 0.067 0.008 -0.051 -0.105 -0.135 -0.127 -0.082 -0.008 0.071 0.139 0.185 0.196 0.15 0.041 -0.141 -0.341 -0.502 -0.601 -0.636 -0.634 -0.622 -0.617 -0.619 -0.633 -0.655 -0.677 -0.695 -0.713 -0.717 -0.691 -0.62 -0.518 -0.405 -0.296 -0.189 -0.071 0.045 0.179 0.308 0.411 0.495 0.571 0.635 0.669 0.679 0.698 0.667 0.622 0.526 0.381 0.298 0.328 0.428 0.589
-9 -9 -9 -9 -9 -9 -9 0.345 0.328 0.31 0.284 0.254 0.229 0.209 0.196 0.189 0.182 0.172 0.161 0.149 0.136 0.121 0.098 0.059 0.017 -0.031 -0.072 -0.091 -0.075 -0.029 0.038 0.103 0.149 0.169 0.149 0.064 -0.07 -0.247 -0.416 -0.534 -0.595 -0.6 -0.578 -0.551 -0.544 -0.554 -0.574 -0.604 -0.628 -0.648 -0.667 -0.674 -0.655 -0.599 -0.516 -0.407 -0.293 -0.18 -0.051 0.082 0.222 0.354 0.47 0.556 0.624 0.68 0.721 0.754 0.769 0.762 0.707 0.601 0.462 0.374 0.379 0.482 0.601
-9 -9 -9 -9 -9 -9 -9 0.375 0.358 0.33 0.286 0.238 0.198 0.17 0.162 0.162 0.162 0.161 0.155 0.144 0.132 0.119 0.099 0.078 0.047 0.011 -0.02 -0.033 -0.019 0.017 0.063 0.101 0.116 0.104 0.048 -0.062 -0.204 -0.356 -0.48 -0.553 -0.577 -0.552 -0.511 -0.474 -0.466 -0.486 -0.512 -0.544 -0.568 -0.593 -0.611 -0.627 -0.62 -0.581 -0.517 -0.419 -0.304 -0.181 -0.048 0.1 0.249 0.382 0.505 0.591 0.656 0.719 0.775 0.812 0.822 0.823 0.786 0.673 0.548 0.462 0.436 0.505 0.622
-9 -9 -9 -9 -9 -9 -9 0.398 0.376 0.337 0.279 0.209 0.158 0.133 0.128 0.133 0.141 0.147 0.145 0.136 0.126 0.12 0.116 0.106 0.089 0.064 0.041 0.028 0.032 0.048 0.064 0.067 0.049 0.001 -0.081 -0.201 -0.332 -0.447 -0.524 -0.557 -0.546 -0.496 -0.44 -0.398 -0.394 -0.42 -0.451 -0.482 -0.509 -0.537 -0.555 -0.577 -0.589 -0.57 -0.523 -0.44 -0.329 -0.198 -0.059 0.098 0.249 0.39 0.512 0.598 0.667 0.738 0.797 0.835 0.848 0.853 0.828 0.743 0.656 0.557 0.513 0.553 0.662
-9 -9 -9 -9 -9 -9 -9 0.403 0.376 0.329 0.255 0.173 0.118 0.099 0.094 0.104 0.119 0.13 0.131 0.125 0.121 0.124 0.132 0.138 0.132 0.116 0.094 0.076 0.066 0.056 0.039 0.01 -0.039 -0.111 -0.204 -0.321 -0.43 -0.509 -0.546 -0.545 -0.504 -0.437 -0.374 -0.334 -0.337 -0.368 -0.4 -0.434 -0.465 -0.493 -0.516 -0.539 -0.565 -0.563 -0.533 -0.467 -0.366 -0.231 -0.083 0.079 0.225 0.369 0.487 0.581 0.662 0.734 0.791 0.832 0.843 0.853 0.851 0.818 0.763 0.656 0.619 0.642 0.708
-9 -9 -9 -9 -9 -9 0.41 0.389 0.355 0.3 0.233 0.16 0.097 0.072 0.063 0.074 0.093 0.106 0.111 0.113 0.116 0.129 0.15 0.165 0.167 0.151 0.126 0.101 0.076 0.041 -0.005 -0.06 -0.125 -0.202 -0.292 -0.391 -0.475 -0.527 -0.538 -0.511 -0.458 -0.387 -0.324 -0.294 -0.302 -0.334 -0.375 -0.414 -0.445 -0.474 -0.502 -0.531 -0.559 -0.565 -0.549 -0.499 -0.409 -0.282 -0.129 0.032 0.179 0.319 0.435 0.544 0.634 0.71 0.77 0.814 0.836 0.857 0.874 0.872 0.838 0.786 0.752 0.758 0.789
-9 -9 -9 -9 -9 0.412 0.39 0.361 0.318 0.278 0.226 0.158 0.081 0.045 0.029 0.038 0.057 0.075 0.087 0.098 0.112 0.136 0.163 0.183 0.182 0.161 0.128 0.093 0.053 -0.001 -0.068 -0.132 -0.198 -0.266 -0.338 -0.411 -0.47 -0.501 -0.498 -0.46 -0.41 -0.349 -0.3 -0.282 -0.291 -0.322 -0.374 -0.419 -0.455 -0.488 -0.516 -0.542 -0.571 -0.579 -0.572 -0.534 -0.454 -0.338 -0.191 -0.033 0.111 0.239 0.354 0.473 0.565 0.655 0.73 0.801 0.844 0.865 0.88 0.898 0.921 0.968 0.891 0.889 0.914
-9 -9 -9 -9 -9 0.385 0.36 0.324 0.297 0.271 0.217 0.15 0.064 0.015 -0.011 -0.009 0.01 0.034 0.056 0.079 0.107 0.14 0.17 0.185 0.173 0.141 0.095 0.046 -0.007 -0.073 -0.143 -0.202 -0.251 -0.295 -0.34 -0.384 -0.419 -0.438 -0.436 -0.408 -0.363 -0.321 -0.293 -0.288 -0.303 -0.34 -0.394 -0.443 -0.484 -0.517 -0.543 -0.569 -0.592 -0.602 -0.596 -0.561 -0.489 -0.386 -0.252 -0.109 0.02 0.133 0.24 0.343 0.456 0.577 0.677 0.776 0.834 0.842 0.854 0.906 1.01 1.076 0.997 0.995 1.036
-9 -9 -9 -9 -9 0.336 0.314 0.301 0.295 0.266 0.216 0.147 0.047 -0.015 -0.053 -0.06 -0.043 -0.014 0.023 0.061 0.102 0.141 0.167 0.168 0.14 0.091 0.029 -0.035 -0.1 -0.166 -0.224 -0.258 -0.276 -0.288 -0.303 -0.325 -0.346 -0.361 -0.364 -0.356 -0.331 -0.307 -0.295 -0.306 -0.332 -0.375 -0.43 -0.481 -0.522 -0.551 -0.575 -0.597 -0.615 -0.621 -0.61 -0.573 -0.505 -0.414 -0.3 -0.181 -0.072 0.024 0.111 0.195 0.319 0.473 0.58 0.683 0.767 0.767 0.8 0.889 1.047 1.129 1.045 1.028 1.095
-9 -9 -9 -9 -9 0.302 0.3 0.299 0.291 0.271 0.225 0.153 0.041 -0.034 -0.082 -0.101 -0.09 -0.055 -0.008 0.045 0.097 0.136 0.151 0.134 0.083 0.015 -0.063 -0.139 -0.209 -0.269 -0.303 -0.303 -0.283 -0.264 -0.257 -0.268 -0.285 -0.299 -0.31 -0.318 -0.319 -0.317 -0.318 -0.337 -0.373 -0.421 -0.476 -0.524 -0.561 -0.586 -0.604 -0.618 -0.628 -0.626 -0.609 -0.568 -0.502 -0.418 -0.32 -0.223 -0.134 -0.056 0.012 0.079 0.164 0.28 0.374 0.469 0.596 0.658 0.735 0.844 0.994 1.105 1.062 1.019 1.05
-9 -9 -9 -9 0.303 0.3 0.296 0.296 0.295 0.282 0.24 0.17 0.06 -0.023 -0.087 -0.118 -0.115 -0.08 -0.027 0.035 0.091 0.123 0.121 0.08 0.006 -0.081 -0.17 -0.252 -0.32 -0.367 -0.375 -0.344 -0.295 -0.257 -0.24 -0.248 -0.266 -0.287 -0.308 -0.328 -0.34 -0.35 -0.362 -0.387 -0.425 -0.474 -0.524 -0.566 -0.596 -0.614 -0.624 -0.628 -0.628 -0.618 -0.593 -0.548 -0.483 -0.407 -0.325 -0.247 -0.179 -0.119 -0.067 -0.014 0.046 0.119 0.189 0.266 0.386 0.503 0.603 0.725 0.854 0.961 0.971 0.921 0.892
-9 -9 -9 -9 0.303 0.298 0.297 0.3 0.302 0.292 0.258 0.197 0.105 0.013 -0.063 -0.106 -0.112 -0.081 -0.027 0.035 0.085 0.103 0.079 0.012 -0.085 -0.188 -0.281 -0.362 -0.423 -0.454 -0.439 -0.387 -0.325 -0.283 -0.27 -0.285 -0.312 -0.338 -0.362 -0.379 -0.392 -0.406 -0.423 -0.449 -0.484 -0.527 -0.568 -0.601 -0.621 -0.629 -0.629 -0.623 -0.612 -0.593 -0.561 -0.513 -0.45 -0.382 -0.315 -0.255 -0.204 -0.161 -0.122 -0.081 -0.035 0.015 0.069 0.129 0.2 0.307 0.395 0.514 0.633 0.704 0.726 0.7 0.677
-9 -9 -9 -9 0.305 0.303 0.304 0.307 0.307 0.3 0.273 0.223 0.145 0.06 -0.016 -0.065 -0.079 -0.054 -0.007 0.047 0.083 0.081 0.028 -0.066 -0.184 -0.295 -0.389 -0.465 -0.514 -0.527 -0.498 -0.438 -0.376 -0.346 -0.342 -0.364 -0.394 -0.419 -0.437 -0.449 -0.459 -0.471 -0.489 -0.513 -0.542 -0.575 -0.605 -0.625 -0.634 -0.63 -0.618 -0.601 -0.581 -0.554 -0.516 -0.467 -0.41 -0.351 -0.297 -0.253 -0.218 -0.187 -0.159 -0.128 -0.093 -0.054 -0.013 0.033 0.085 0.146 0.209 0.282 0.358 0.416 0.455 0.482 0.514
-9 -9 -9 -9 0.313 0.314 0.314 0.313 0.311 0.302 0.281 0.243 0.185 0.116 0.048 0.002 -0.015 0.002 0.038 0.075 0.088 0.057 -0.028 -0.149 -0.282 -0.399 -0.489 -0.557 -0.593 -0.592 -0.559 -0.505 -0.457 -0.432 -0.429 -0.45 -0.476 -0.496 -0.508 -0.515 -0.523 -0.533 -0.547 -0.566 -0.588 -0.611 -0.63 -0.638 -0.634 -0.619 -0.595 -0.568 -0.539 -0.506 -0.466 -0.419 -0.37 -0.322 -0.282 -0.25 -0.226 -0.205 -0.185 -0.161 -0.134 -0.104 -0.073 -0.037 0.002 0.045 0.094 0.146 0.199 0.245 0.284 0.323 0.364
-9 -9 -9 -9 0.321 0.326 0.324 0.317 0.31 0.299 0.282 0.256 0.216 0.168 0.115 0.077 0.063 0.072 0.094 0.109 0.093 0.027 -0.091 -0.236 -0.379 -0.496 -0.58 -0.635 -0.66 -0.654 -0.626 -0.588 -0.549 -0.524 -0.52 -0.534 -0.55 -0.56 -0.566 -0.568 -0.574 -0.582 -0.593 -0.607 -0.621 -0.634 -0.642 -0.638 -0.624 -0.598 -0.565 -0.531 -0.495 -0.457 -0.417 -0.375 -0.336 -0.301 -0.272 -0.251 -0.234 -0.219 -0.203 -0.183 -0.16 -0.136 -0.11 -0.081 -0.049 -0.012 0.029 0.074 0.119 0.16 0.194 0.224 0.253
-9 -9 -9 0.304 0.322 0.331 0.327 0.316 0.302 0.288 0.274 0.258 0.234 0.204 0.168 0.142 0.132 0.136 0.146 0.137 0.088 -0.015 -0.166 -0.33 -0.477 -0.589 -0.659 -0.699 -0.714 -0.71 -0.691 -0.662 -0.63 -0.608 -0.602 -0.606 -0.61 -0.61 -0.609 -0.608 -0.612 -0.618 -0.626 -0.634 -0.64 -0.644 -0.641 -0.628 -0.604 -0.571 -0.533 -0.492 -0.451 -0.412 -0.374 -0.339 -0.311 -0.287 -0.269 -0.254 -0.242 -0.23 -0.216 -0.198 -0.176 -0.153 -0.128 -0.102 -0.074 -0.041 -0.004 0.037 0.077 0.114 0.145 0.168 0.184
-9 -9 -9 0.278 0.309 0.325 0.321 0.306 0.287 0.27 0.257 0.246 0.233 0.215 0.196 0.183 0.178 0.182 0.181 0.148 0.063 -0.077 -0.255 -0.427 -0.568 -0.665 -0.719 -0.747 -0.756 -0.753 -0.739 -0.715 -0.69 -0.672 -0.662 -0.655 -0.649 -0.642 -0.637 -0.634 -0.636 -0.641 -0.646 -0.648 -0.646 -0.641 -0.63 -0.609 -0.579 -0.542 -0.5 -0.457 -0.414 -0.374 -0.339 -0.311 -0.292 -0.278 -0.267 -0.258 -0.249 -0.238 -0.225 -0.206 -0.184 -0.159 -0.133 -0.107 -0.079 -0.049 -0.014 0.023 0.061 0.095 0.122 0.142 0.152
-9 -9 -9 0.229 0.276 0.305 0.305 0.289 0.266 0.246 0.232 0.221 0.213 0.206 0.2 0.197 0.201 0.205 0.193 0.133 0.012 -0.159 -0.353 -0.525 -0.646 -0.722 -0.762 -0.781 -0.785 -0.781 -0.77 -0.752 -0.732 -0.713 -0.696 -0.682 -0.67 -0.66 -0.654 -0.651 -0.652 -0.654 -0.653 -0.648 -0.639 -0.625 -0.607 -0.581 -0.549 -0.511 -0.469 -0.426 -0.383 -0.343 -0.311 -0.288 -0.275 -0.267 -0.262 -0.257 -0.249 -0.238 -0.223 -0.202 -0.176 -0.146 -0.116 -0.087 -0.06 -0.032 -0.003 0.03 0.064 0.095 0.12 0.137 0.144
-9 -9 -9 0.156 0.222 0.268 0.278 0.265 0.241 0.219 0.201 0.189 0.182 0.179 0.181 0.188 0.2 0.204 0.178 0.093 -0.059 -0.254 -0.452 -0.61 -0.709 -0.765 -0.79 -0.8 -0.801 -0.799 -0.791 -0.775 -0.756 -0.734 -0.712 -0.693 -0.68 -0.672 -0.667 -0.665 -0.663 -0.66 -0.652 -0.638 -0.621 -0.599 -0.575 -0.547 -0.514 -0.477 -0.437 -0.395 -0.352 -0.312 -0.281 -0.26 -0.25 -0.246 -0.243 -0.239 -0.231 -0.218 -0.198 -0.167 -0.128 -0.088 -0.051 -0.02 0.003 0.021 0.04 0.061 0.086 0.112 0.134 0.149 0.154
-9 -9 -9 -9 0.152 0.217 0.242 0.237 0.214 0.189 0.169 0.155 0.145 0.14 0.142 0.158 0.177 0.177 0.134 0.026 -0.149 -0.354 -0.541 -0.677 -0.754 -0.792 -0.805 -0.807 -0.807 -0.806 -0.802 -0.788 -0.768 -0.741 -0.714 -0.693 -0.682 -0.679 -0.68 -0.68 -0.675 -0.664 -0.646 -0.622 -0.596 -0.568 -0.539 -0.508 -0.475 -0.44 -0.401 -0.359 -0.314 -0.269 -0.233 -0.208 -0.197 -0.193 -0.189 -0.182 -0.171 -0.149 -0.109 -0.035 0.065 0.114 0.156 0.165 0.15 0.136 0.127 0.126 0.136 0.152 0.169 0.18 0.179
-9 -9 -9 -9 0.079 0.163 0.202 0.205 0.184 0.159 0.138 0.122 0.104 0.094 0.091 0.107 0.127 0.121 0.062 -0.063 -0.249 -0.447 -0.613 -0.726 -0.784 -0.808 -0.811 -0.81 -0.809 -0.811 -0.809 -0.795 -0.77 -0.738 -0.707 -0.686 -0.68 -0.683 -0.69 -0.692 -0.683 -0.664 -0.636 -0.602 -0.567 -0.532 -0.499 -0.465 -0.429 -0.396 -0.355 -0.307 -0.252 -0.196 -0.147 -0.112 -0.096 -0.09 -0.084 -0.07 -0.045 -0.005 0.063 0.185 0.332 0.423 0.501 0.507 0.44 0.358 0.296 0.253 0.236 0.234 0.241 0.241 0.228
-9 -9 -9 -9 0.017 0.113 0.161 0.173 0.156 0.133 0.113 0.094 0.069 0.046 0.031 0.037 0.049 0.034 -0.036 -0.169 -0.349 -0.526 -0.669 -0.761 -0.802 -0.814 -0.811 -0.808 -0.81 -0.814 -0.812 -0.796 -0.767 -0.729 -0.695 -0.673 -0.672 -0.682 -0.695 -0.699 -0.686 -0.659 -0.622 -0.579 -0.535 -0.494 -0.456 -0.416 -0.378 -0.344 -0.291 -0.223 -0.153 -0.086 -0.027 0.019 0.046 0.055 0.069 0.104 0.154 0.216 0.304 0.417 0.567 0.73 0.864 0.888 0.874 0.727 0.65 0.504 0.44 0.402 0.38 0.362 0.312
-9 -9 -9 -9 -0.023 0.071 0.126 0.142 0.13 0.112 0.097 0.072 0.037 -0.004 -0.04 -0.055 -0.057 -0.081 -0.155 -0.284 -0.439 -0.589 -0.709 -0.781 -0.807 -0.811 -0.805 -0.805 -0.81 -0.815 -0.812 -0.794 -0.761 -0.718 -0.679 -0.655 -0.657 -0.674 -0.69 -0.695 -0.679 -0.647 -0.602 -0.551 -0.5 -0.451 -0.404 -0.358 -0.322 -0.278 -0.206 -0.126 -0.046 0.031 0.095 0.144 0.178 0.2 0.225 0.26 0.313 0.414 0.546 0.652 0.851 1.065 1.217 1.295 1.287 1.187 1.101 0.912 0.84 0.81 0.739 0.624 0.468
-9 -9 -9 -9 -9 0.049 0.097 0.114 0.108 0.097 0.085 0.056 0.006 -0.062 -0.129 -0.17 -0.19 -0.217 -0.282 -0.388 -0.516 -0.64 -0.734 -0.786 -0.803 -0.803 -0.8 -0.803 -0.81 -0.815 -0.811 -0.79 -0.752 -0.702 -0.657 -0.629 -0.632 -0.653 -0.672 -0.676 -0.659 -0.623 -0.573 -0.516 -0.457 -0.399 -0.344 -0.296 -0.259 -0.21 -0.133 -0.046 0.038 0.121 0.183 0.23 0.269 0.298 0.332 0.377 0.442 0.584 0.709 0.851 1.071 1.237 1.398 1.58 1.607 1.518 1.321 1.15 1.286 1.371 1.316 1.068 0.738
-9 -9 -9 -9 -9 -9 0.079 0.09 0.093 0.09 0.084 0.048 -0.03 -0.136 -0.239 -0.309 -0.342 -0.365 -0.407 -0.475 -0.578 -0.674 -0.743 -0.781 -0.795 -0.797 -0.798 -0.803 -0.811 -0.815 -0.809 -0.783 -0.735 -0.677 -0.627 -0.596 -0.597 -0.619 -0.638 -0.64 -0.623 -0.585 -0.53 -0.468 -0.404 -0.338 -0.282 -0.233 -0.186 -0.138 -0.089 0.003 0.096 0.178 0.23 0.271 0.308 0.342 0.379 0.424 0.498 0.612 0.735 0.888 1.07 1.3 1.555 1.653 1.634 1.59 1.615 1.634 1.832 1.936 1.812 1.458 1.009
-9 -9 -9 -9 -9 -9 0.068 0.073 0.079 0.089 0.093 0.042 -0.07 -0.221 -0.363 -0.459 -0.499 -0.51 -0.524 -0.561 -0.629 -0.693 -0.742 -0.773 -0.788 -0.794 -0.798 -0.805 -0.813 -0.815 -0.804 -0.768 -0.712 -0.649 -0.596 -0.563 -0.558 -0.57 -0.584 -0.585 -0.568 -0.529 -0.474 -0.41 -0.343 -0.277 -0.219 -0.167 -0.119 -0.068 -0.028 0.048 0.128 0.193 0.239 0.277 0.307 0.332 0.356 0.414 0.526 0.66 0.816 0.952 1.123 1.432 1.704 1.758 1.799 1.81 1.987 2.087 2.233 2.247 2.055 1.681 1.291
-9 -9 -9 -9 -9 -9 0.059 0.058 0.07 0.093 0.101 0.033 -0.112 -0.298 -0.47 -0.584 -0.628 -0.629 -0.622 -0.637 -0.669 -0.704 -0.739 -0.766 -0.783 -0.793 -0.8 -0.808 -0.815 -0.812 -0.793 -0.746 -0.682 -0.619 -0.565 -0.527 -0.508 -0.504 -0.506 -0.505 -0.492 -0.459 -0.413 -0.351 -0.279 -0.212 -0.152 -0.103 -0.056 -0.006 0.064 0.145 0.184 0.18 -9 -9 -9 0.267 0.284 0.371 0.522 0.704 0.914 1.064 1.257 1.475 1.649 1.833 1.925 2.003 2.184 2.267 2.335 2.316 2.161 1.878 1.504
-9 -9 -9 -9 0.121 0.078 0.048 0.048 0.068 0.096 0.101 0.015 -0.156 -0.366 -0.55 -0.669 -0.714 -0.712 -0.697 -0.69 -0.696 -0.712 -0.739 -0.763 -0.781 -0.795 -0.804 -0.812 -0.815 -0.805 -0.775 -0.719 -0.653 -0.589 -0.529 -0.478 -0.438 -0.412 -0.399 -0.397 -0.391 -0.374 -0.346 -0.296 -0.219 -0.138 -0.081 -0.035 0.018 0.091 0.187 0.299 -9 -9 -9 -9 -9 0.25 0.285 0.343 0.448 0.607 0.842 1.035 1.269 1.46 1.581 1.763 1.861 1.952 2.25 2.363 2.408 2.394 2.219 1.897 1.523
