data/climatemaps/RS_maps/climate_breeding_tmp_2016.asc
NCOLS 369 
NROWS 228 
XLLCORNER 479000 
YLLCORNER 73000 
CELLSIZE 1000 
NODATA_value -9 
[rows 136 to 169 of 228, columns 0 to 75 of 369]
-9 -9 -9 -9 -9 -9 -9 -9 0.385 0.351 0.352 0.333 0.34 0.336 0.21 0.13 0.052 0.027 -0.004 -0.018 -0.031 0.028 -0.122 -0.169 -0.244 -0.268 -0.207 -0.09 -0.008 0.094 0.175 0.195 0.109 -0.13 -0.305 -0.325 -0.306 -0.239 -0.058 0.171 0.382 0.525 0.617 0.701 0.721 0.743 0.787 0.834 0.779 0.81 0.871 0.964 0.903 0.825 0.797 0.773 0.768 0.756 0.74 0.693 0.646 0.59 0.577 0.517 0.485 0.394 0.393 0.455 0.592 0.627 0.646 0.621 0.688 0.669 0.604 0.508
-9 -9 -9 -9 -9 -9 -9 -9 0.423 0.36 0.321 0.313 0.292 0.198 0.064 0.042 0.068 0.071 0.059 0.047 0.025 -0.005 -0.188 -0.228 -0.265 -0.207 -0.122 -0.011 0.096 0.174 0.184 0.092 -0.112 -0.272 -0.362 -0.376 -0.36 -0.232 -0.038 0.306 0.512 0.611 0.676 0.698 0.723 0.754 0.793 0.8 0.761 0.81 0.943 0.935 0.905 0.856 0.791 0.765 0.756 0.756 0.731 0.669 0.618 0.561 0.529 0.455 0.439 0.361 0.337 0.434 0.56 0.59 0.616 0.586 0.695 0.687 0.649 0.562
-9 -9 -9 -9 -9 -9 -9 -9 0.407 0.334 0.305 0.277 0.146 0.067 0.044 0.059 0.093 0.117 0.096 0.081 0.039 -0.139 -0.24 -0.246 -0.204 -0.118 -0.029 0.063 0.164 0.182 0.068 -0.119 -0.249 -0.314 -0.406 -0.461 -0.443 -0.131 0.155 0.451 0.607 0.664 0.686 0.705 0.726 0.764 0.797 0.773 0.777 0.82 0.942 0.92 0.902 0.854 0.757 0.754 0.748 0.743 0.692 0.645 0.587 0.542 0.473 0.425 0.41 0.351 0.327 0.463 0.55 0.568 0.61 0.572 0.654 0.719 0.652 0.519
-9 -9 -9 -9 -9 -9 -9 0.392 0.397 0.349 0.271 0.135 0.051 0.028 0.047 0.065 0.091 0.119 0.109 0.099 -0.082 -0.25 -0.23 -0.154 -0.098 -0.011 0.073 0.157 0.161 0.04 -0.125 -0.22 -0.29 -0.401 -0.538 -0.542 -0.368 -0.042 0.343 0.541 0.641 0.676 0.682 0.698 0.724 0.763 0.797 0.791 0.802 0.833 0.903 0.959 0.887 0.844 0.758 0.762 0.757 0.727 0.667 0.611 0.575 0.524 0.444 0.431 0.376 0.354 0.378 0.467 0.549 0.56 0.602 0.564 0.656 0.741 0.615 0.477
-9 -9 -9 -9 -9 -9 -9 0.367 0.348 0.348 0.17 0.091 0.101 0.055 0.053 0.085 0.082 0.071 0.082 0.039 -0.2 -0.208 -0.165 -0.089 0 0.066 0.149 0.166 -0.017 -0.187 -0.244 -0.257 -0.373 -0.52 -0.582 -0.455 -0.277 -0.03 0.408 0.606 0.653 0.672 0.665 0.7 0.732 0.75 0.799 0.827 0.836 0.857 0.905 0.976 0.909 0.839 0.759 0.768 0.758 0.71 0.644 0.607 0.578 0.513 0.47 0.412 0.338 0.307 0.353 0.453 0.54 0.556 0.583 0.574 0.663 0.734 0.573 0.485
-9 -9 -9 -9 -9 -9 -9 0.344 0.357 0.33 0.207 0.162 0.158 0.15 0.143 0.08 0.062 0.08 0.065 -0.133 -0.194 -0.131 -0.094 -0.051 0.027 0.123 0.143 0.012 -0.24 -0.293 -0.263 -0.349 -0.499 -0.533 -0.478 -0.356 -0.201 0.112 0.498 0.63 0.658 0.662 0.665 0.7 0.748 0.765 0.811 0.845 0.865 0.898 0.944 0.983 0.94 0.843 0.77 0.778 0.763 0.713 0.63 0.612 0.544 0.478 0.446 0.386 0.338 0.294 0.342 0.436 0.474 0.546 0.54 0.578 0.666 0.716 0.589 0.536
-9 -9 -9 -9 -9 -9 -9 0.336 0.321 0.249 0.214 0.181 0.222 0.201 0.118 0.06 0.069 0.082 -0.083 -0.15 -0.154 -0.116 -0.088 -0.022 0.105 0.098 -0.029 -0.146 -0.27 -0.253 -0.272 -0.43 -0.507 -0.454 -0.412 -0.268 0.03 0.393 0.592 0.645 0.659 0.655 0.666 0.701 0.759 0.795 0.826 0.859 0.907 0.939 0.971 0.996 0.943 0.87 0.814 0.796 0.763 0.723 0.639 0.591 0.495 0.422 0.402 0.396 0.357 0.318 0.357 0.432 0.428 0.502 0.529 0.575 0.684 0.711 0.624 0.549
-9 -9 -9 -9 -9 -9 -9 0.298 0.229 0.184 0.211 0.251 0.284 0.208 0.085 0.127 0.095 -0.031 -0.125 -0.08 -0.081 -0.069 -0.026 0.119 0.091 -0.066 -0.175 -0.253 -0.278 -0.252 -0.325 -0.464 -0.392 -0.333 -0.262 0.032 0.382 0.572 0.636 0.647 0.657 0.647 0.66 0.69 0.764 0.828 0.841 0.892 0.915 0.947 0.984 1 0.952 0.907 0.878 0.834 0.775 0.728 0.637 0.57 0.493 0.445 0.391 0.374 0.362 0.352 0.373 0.393 0.422 0.457 0.524 0.59 0.691 0.716 0.65 0.528
-9 -9 -9 -9 -9 -9 -9 0.174 0.177 0.149 0.183 0.332 0.311 0.212 0.208 0.178 -0.007 -0.11 -0.101 -0.077 -0.07 -0.031 0.117 0.051 -0.094 -0.172 -0.24 -0.221 -0.241 -0.313 -0.392 -0.404 -0.286 -0.21 0.086 0.396 0.563 0.629 0.642 0.63 0.662 0.646 0.673 0.711 0.781 0.858 0.869 0.902 0.902 0.962 0.968 1.006 0.984 0.943 0.941 0.882 0.805 0.734 0.674 0.588 0.514 0.479 0.41 0.39 0.382 0.357 0.347 0.371 0.445 0.467 0.503 0.602 0.682 0.694 0.681 0.589
-9 -9 -9 -9 -9 -9 -9 0.103 0.164 0.17 0.256 0.386 0.338 0.31 0.258 0.055 -0.113 -0.106 -0.081 -0.069 -0.056 0.065 0.04 -0.142 -0.204 -0.292 -0.272 -0.216 -0.275 -0.35 -0.29 -0.178 -0.13 0.055 0.379 0.542 0.611 0.639 0.614 0.615 0.647 0.63 0.697 0.739 0.81 0.891 0.888 0.888 0.9 0.967 0.961 0.994 1.016 1 0.99 0.935 0.851 0.763 0.712 0.632 0.576 0.522 0.458 0.437 0.426 0.378 0.372 0.416 0.487 0.511 0.539 0.604 0.63 0.682 0.686 0.625
-9 -9 -9 -9 -9 -9 -9 0.111 0.178 0.26 0.427 0.471 0.458 0.335 0.103 -0.075 -0.1 -0.092 -0.093 -0.061 0.057 0.045 -0.185 -0.263 -0.371 -0.362 -0.25 -0.223 -0.279 -0.192 -0.062 0.04 0.157 0.347 0.497 0.61 0.644 0.654 0.619 0.619 0.635 0.643 0.717 0.778 0.852 0.917 0.889 0.893 0.92 0.972 0.983 0.977 1.029 1.029 1.016 0.984 0.919 0.814 0.746 0.675 0.652 0.597 0.543 0.496 0.453 0.418 0.438 0.483 0.554 0.578 0.58 0.587 0.586 0.675 0.667 0.612
-9 -9 -9 -9 -9 -9 0.083 0.149 0.283 0.451 0.458 0.397 0.503 0.18 -0.02 -0.073 -0.083 -0.106 -0.072 0.06 0.085 -0.14 -0.293 -0.395 -0.389 -0.263 -0.254 -0.349 -0.254 -0.073 0.052 0.123 0.205 0.369 0.542 0.635 0.665 0.681 0.66 0.651 0.709 0.721 0.739 0.809 0.885 0.919 0.929 0.938 0.941 0.976 1.005 1.028 1.055 1.03 1.037 1.019 0.975 0.896 0.812 0.753 0.727 0.663 0.638 0.532 0.475 0.454 0.499 0.549 0.597 0.614 0.592 0.586 0.607 0.636 0.623 0.593
-9 -9 -9 -9 -9 0.235 0.166 0.354 0.495 0.45 0.295 0.267 0.468 0.147 -0.037 -0.091 -0.119 -0.069 0.082 0.095 -0.098 -0.265 -0.403 -0.401 -0.302 -0.193 -0.29 -0.361 -0.211 -0.048 0.162 0.196 0.278 0.487 0.586 0.647 0.685 0.714 0.714 0.686 0.752 0.787 0.813 0.885 0.903 0.908 0.968 0.985 1.014 1.049 1.063 1.038 1.061 1.042 1.054 1.061 1.032 0.974 0.913 0.852 0.817 0.78 0.737 0.622 0.584 0.534 0.559 0.562 0.591 0.606 0.61 0.6 0.584 0.451 0.577 0.559
-9 -9 -9 -9 -9 0.332 0.357 0.525 0.459 0.291 0.176 0.183 0.445 0.184 -0.069 -0.104 -0.062 0.075 0.139 -0.045 -0.281 -0.38 -0.415 -0.293 -0.2 -0.194 -0.283 -0.215 -0.039 0.151 0.314 0.387 0.473 0.551 0.608 0.653 0.676 0.688 0.758 0.785 0.777 0.85 0.899 0.941 0.932 0.954 1.007 1.036 1.072 1.088 1.088 1.077 1.066 1.067 1.082 1.082 1.074 1.057 1.012 0.962 0.953 0.937 0.875 0.821 0.707 0.599 0.559 0.471 0.523 0.611 0.643 0.614 0.471 0.337 0.556 0.527
-9 -9 -9 -9 -9 0.595 0.615 0.544 0.335 0.17 0.114 0.17 0.446 0.247 -0.003 -0.009 0.096 0.149 0.059 -0.216 -0.389 -0.428 -0.3 -0.176 -0.148 -0.226 -0.215 -0.046 0.137 0.302 0.348 0.435 0.536 0.578 0.621 0.647 0.661 0.71 0.76 0.861 0.87 0.898 0.905 0.965 0.973 0.997 1.031 1.064 1.093 1.101 1.094 1.092 1.092 1.088 1.088 1.084 1.081 1.078 1.072 1.07 1.064 1.061 1.037 1.003 0.848 0.635 0.58 0.518 0.497 0.648 0.665 0.609 0.375 0.274 0.518 0.553
-9 -9 -9 -9 -9 0.623 0.455 0.361 0.212 0.156 0.155 0.18 0.452 0.302 0.11 0.083 0.142 0.117 -0.127 -0.386 -0.397 -0.324 -0.199 -0.158 -0.1 -0.136 -0.014 0.135 0.313 0.428 0.412 0.459 0.504 0.536 0.596 0.637 0.655 0.699 0.773 0.861 0.934 0.971 0.947 0.976 1.006 1.037 1.068 1.093 1.103 1.103 1.103 1.099 1.094 1.093 1.092 1.089 1.088 1.084 1.081 1.074 1.073 1.073 1.069 1.068 1.045 0.883 0.836 0.808 0.615 0.687 0.629 0.576 0.361 0.165 0.431 0.553
-9 -9 -9 -9 0.678 0.375 0.336 0.27 0.217 0.191 0.165 0.324 0.366 0.298 0.112 0.088 0.097 0.035 -0.272 -0.408 -0.349 -0.232 -0.174 -0.123 -0.027 0.028 0.198 0.324 0.453 0.526 0.472 0.464 0.452 0.506 0.576 0.623 0.681 0.73 0.841 0.952 0.992 1.018 1.002 1.018 1.04 1.075 1.101 1.103 1.103 1.103 1.103 1.1 1.097 1.094 1.093 1.093 1.091 1.089 1.084 1.083 1.078 1.077 1.074 1.074 1.069 1.056 1.051 1.051 0.891 0.74 0.663 0.575 0.473 0.332 0.389 0.565
-9 -9 -9 -9 0.417 0.356 0.33 0.282 0.22 0.083 0.186 0.293 0.201 0.204 0.134 0.077 0.047 -0.055 -0.199 -0.309 -0.288 -0.244 -0.165 -0.034 0.06 0.193 0.332 0.464 0.535 0.6 0.554 0.482 0.508 0.596 0.708 0.783 0.864 0.929 0.994 1.026 1.039 1.056 1.051 1.061 1.073 1.094 1.103 1.103 1.103 1.103 1.103 1.101 1.099 1.098 1.095 1.093 1.093 1.092 1.086 1.083 1.08 1.079 1.079 1.078 1.074 1.071 1.069 1.068 1.057 0.942 0.889 0.773 0.667 0.658 0.689 0.789
-9 -9 -9 -9 0.416 0.362 0.284 0.251 0.097 0.044 0.033 0.138 0.079 0.084 0.133 0.083 -0.03 -0.131 -0.171 -0.209 -0.22 -0.225 -0.128 0.034 0.139 0.215 0.412 0.561 0.615 0.66 0.606 0.558 0.656 0.797 0.909 0.984 1.039 1.069 1.077 1.081 1.082 1.084 1.09 1.099 1.106 1.107 1.105 1.103 1.103 1.103 1.103 1.103 1.102 1.099 1.098 1.095 1.093 1.088 1.088 1.084 1.083 1.083 1.083 1.079 1.079 1.077 1.075 1.071 1.079 1.076 1.068 1.066 1.028 1.018 1.002 0.994
-9 -9 -9 -9 0.407 0.317 0.222 0.162 0.038 -0.064 -0.105 -0.108 -0.019 0 -0.001 -0.01 -0.071 -0.095 -0.056 -0.088 -0.117 -0.085 0.025 0.122 0.194 0.345 0.524 0.651 0.689 0.715 0.654 0.691 0.871 0.956 1.004 1.06 1.102 1.108 1.11 1.113 1.108 1.105 1.112 1.113 1.112 1.11 1.108 1.106 1.106 1.104 1.103 1.103 1.103 1.101 1.098 1.098 1.095 1.092 1.089 1.088 1.085 1.083 1.083 1.083 1.083 1.083 1.083 1.083 1.083 1.083 1.083 1.079 1.079 1.076 1.075 1.047
-9 -9 -9 -9 0.334 0.256 0.162 0.076 0.029 -0.071 -0.151 -0.2 -0.166 -0.023 -0.124 -0.231 -0.097 -0.106 -0.201 -0.104 -0.019 0.027 0.141 0.272 0.362 0.504 0.681 0.744 0.805 0.788 0.809 0.93 1.014 1.025 1.051 1.099 1.117 1.117 1.117 1.113 1.113 1.114 1.114 1.113 1.116 1.11 1.108 1.108 1.108 1.107 1.106 1.106 1.103 1.103 1.101 1.098 1.098 1.098 1.094 1.09 1.088 1.083 1.083 1.083 1.083 1.083 1.083 1.083 1.083 1.083 1.083 1.08 1.084 1.083 1.083 1.083
-9 -9 -9 0.337 0.272 0.204 0.124 0.064 0.007 -0.078 -0.19 -0.217 -0.114 -0.099 -0.223 -0.258 -0.155 -0.278 -0.403 -0.28 -0.17 -0.018 0.175 0.466 0.664 0.747 0.825 0.861 0.873 0.927 0.979 1.035 1.055 1.054 1.096 1.117 1.118 1.118 1.118 1.117 1.117 1.117 1.117 1.117 1.118 1.116 1.115 1.112 1.112 1.111 1.111 1.111 1.109 1.107 1.105 1.101 1.098 1.098 1.098 1.093 1.091 1.087 1.086 1.085 1.083 1.083 1.083 1.083 1.084 1.085 1.085 1.085 1.087 1.085 1.083 1.085
-9 -9 -9 0.286 0.2 0.088 0.087 0.052 0.009 -0.068 -0.136 -0.127 -0.155 -0.221 -0.227 -0.173 -0.277 -0.435 -0.439 -0.383 -0.245 0.05 0.403 0.62 0.756 0.845 0.891 0.942 0.95 0.989 1.032 1.051 1.064 1.093 1.121 1.118 1.118 1.118 1.118 1.118 1.118 1.118 1.118 1.118 1.118 1.118 1.118 1.117 1.113 1.113 1.113 1.113 1.113 1.112 1.111 1.107 1.105 1.101 1.101 1.096 1.093 1.095 1.091 1.09 1.086 1.086 1.086 1.086 1.087 1.088 1.088 1.088 1.088 1.086 1.088 1.091
-9 -9 -9 0.246 0.133 0.075 0.076 0.029 -0.018 -0.065 -0.089 -0.198 -0.276 -0.239 -0.097 -0.14 -0.255 -0.43 -0.365 -0.16 0.03 0.357 0.624 0.767 0.835 0.88 0.935 0.987 1.012 1.032 1.045 1.07 1.101 1.122 1.123 1.123 1.123 1.123 1.123 1.123 1.118 1.118 1.118 1.118 1.122 1.118 1.118 1.118 1.117 1.117 1.113 1.113 1.113 1.113 1.113 1.112 1.112 1.11 1.104 1.101 1.097 1.098 1.097 1.095 1.094 1.091 1.091 1.088 1.089 1.091 1.091 1.091 1.093 1.092 1.096 1.093
-9 -9 -9 0.233 0.151 0.068 0.033 0.014 -0.052 -0.033 -0.183 -0.291 -0.279 -0.109 -0.034 -0.157 -0.268 -0.316 -0.219 0.006 0.31 0.636 0.776 0.86 0.902 0.934 0.969 1.004 1.023 1.053 1.07 1.082 1.108 1.123 1.123 1.123 1.123 1.123 1.123 1.123 1.123 1.123 1.123 1.123 1.123 1.123 1.123 1.123 1.122 1.118 1.118 1.114 1.113 1.113 1.113 1.113 1.113 1.113 1.111 1.106 1.099 1.098 1.098 1.098 1.098 1.097 1.096 1.092 1.092 1.096 1.095 1.096 1.097 1.098 1.098 1.096
-9 -9 -9 -9 0.087 0.039 0.047 0.028 -0.023 -0.065 -0.215 -0.183 -0.072 0.032 -0.121 -0.218 -0.291 -0.211 -0.058 0.182 0.553 0.788 0.868 0.903 0.931 0.96 0.985 1.013 1.037 1.062 1.084 1.094 1.124 1.123 1.123 1.123 1.123 1.123 1.124 1.124 1.124 1.124 1.124 1.123 1.123 1.123 1.123 1.123 1.123 1.12 1.119 1.123 1.121 1.114 1.113 1.113 1.109 1.095 1.082 1.07 1.076 1.073 1.038 0.955 0.782 0.874 0.908 1.008 1.079 1.098 1.098 1.098 1.098 1.098 1.101 1.102
-9 -9 -9 -9 0.112 0.133 0.101 0.027 -0.059 -0.141 -0.156 -0.003 0.152 0.04 -0.169 -0.285 -0.258 -0.109 0.076 0.447 0.73 0.868 0.911 0.926 0.951 0.981 1.013 1.039 1.059 1.086 1.111 1.116 1.128 1.125 1.124 1.124 1.124 1.124 1.126 1.128 1.128 1.128 1.128 1.124 1.124 1.128 1.124 1.12 1.102 1.106 1.107 1.105 1.087 1.05 1.015 0.981 0.969 0.969 0.962 0.942 0.915 0.881 0.805 0.608 0.367 0.42 0.411 0.542 0.782 0.959 1.067 1.098 1.097 1.099 1.103 1.107
-9 -9 -9 -9 0.216 0.156 0.015 -0.001 -0.056 -0.103 -0.093 0.153 0.121 -0.131 -0.326 -0.322 -0.231 -0.005 0.364 0.677 0.837 0.887 0.938 0.962 0.988 1.013 1.042 1.067 1.086 1.118 1.128 1.128 1.128 1.128 1.128 1.128 1.128 1.128 1.129 1.13 1.129 1.129 1.129 1.129 1.129 1.129 1.129 1.109 1.086 1.088 1.043 0.964 0.908 0.865 0.817 0.769 0.737 0.738 0.721 0.644 0.566 0.498 0.414 0.339 0.221 0.079 -0.023 0.067 0.143 0.466 0.559 0.819 0.925 1.018 1.077 1.072
-9 -9 -9 -9 0.257 0.042 0.007 0.003 -0.03 0.014 0.153 0.024 -0.19 -0.271 -0.296 -0.223 -0.154 0.223 0.622 0.828 0.882 0.907 0.968 0.991 1.002 1.026 1.049 1.087 1.116 1.128 1.128 1.131 1.133 1.131 1.127 1.124 1.124 1.13 1.132 1.133 1.133 1.133 1.133 1.133 1.133 1.128 1.119 1.076 1.061 1.035 0.912 0.819 0.738 0.666 0.604 0.553 0.53 0.527 0.493 0.461 0.41 0.266 0.008 0.115 -0.14 -0.462 -0.594 -0.549 -0.429 -0.164 -0.201 0.287 0.447 0.592 0.755 0.903
-9 -9 -9 -9 -9 -0.037 -0.074 -0.074 0.086 0.175 -0.113 -0.265 -0.081 -0.032 0.176 0.117 0.216 0.408 0.729 0.873 0.919 0.964 0.993 0.99 1.003 1.032 1.059 1.112 1.131 1.131 1.131 1.137 1.137 1.121 1.111 1.095 1.097 1.133 1.134 1.135 1.135 1.135 1.133 1.132 1.123 1.099 1.062 1.029 1.014 0.962 0.853 0.738 0.676 0.585 0.535 0.497 0.466 0.454 0.419 0.384 0.331 0.102 0.005 -0.083 -0.329 -0.443 -0.598 -0.796 -0.69 -0.418 0.011 0.366 0.051 -0.133 -0.049 0.322
-9 -9 -9 -9 -9 -9 -0.129 -0.039 0.229 -0.075 -0.376 -0.232 0.179 0.33 0.478 0.52 0.563 0.553 0.736 0.746 0.933 0.995 0.998 0.993 1.015 1.049 1.1 1.13 1.133 1.136 1.137 1.136 1.112 1.083 1.067 1.055 1.065 1.121 1.137 1.138 1.138 1.129 1.111 1.103 1.086 1.048 1.019 0.981 0.921 0.872 0.898 0.759 0.671 0.57 0.52 0.474 0.447 0.422 0.379 0.375 0.349 0.269 0.238 0.107 -0.023 -0.272 -0.722 -0.7 -0.366 -0.101 -0.154 -0.114 -0.635 -0.875 -0.683 -0.127
-9 -9 -9 -9 -9 -9 -0.102 0.133 0.121 -0.311 -0.467 0.115 0.469 0.578 0.666 0.736 0.75 0.74 0.696 0.848 0.977 0.998 0.992 1.003 1.039 1.088 1.132 1.137 1.137 1.138 1.138 1.119 1.078 1.056 1.049 1.056 1.066 1.107 1.134 1.139 1.137 1.104 1.071 1.05 1.038 1.015 0.984 0.923 0.852 0.793 0.833 0.807 0.729 0.634 0.535 0.45 0.409 0.404 0.422 0.379 0.242 0.142 0.028 0.028 -0.06 -0.534 -0.923 -0.809 -0.661 -0.521 -0.763 -0.834 -0.984 -0.897 -0.551 -0.091
-9 -9 -9 -9 -9 -9 0.056 0.199 -0.181 -0.42 -0.358 0.167 0.273 0.615 0.766 0.819 0.813 0.707 0.745 0.935 0.988 0.997 0.992 1.028 1.063 1.11 1.138 1.138 1.138 1.136 1.136 1.088 1.05 1.048 1.054 1.07 1.083 1.109 1.128 1.132 1.121 1.075 1.054 1.015 0.975 0.964 0.928 0.886 0.833 0.79 0.727 0.683 0.702 0.756 -9 -9 -9 0.507 0.53 0.393 0.163 -0.033 -0.275 -0.266 -0.344 -0.588 -0.751 -0.94 -0.891 -0.9 -1.067 -0.988 -0.884 -0.645 -0.417 -0.246
-9 -9 -9 -9 -0.055 0.031 0.276 0.065 -0.337 -0.508 -0.303 -0.043 0.298 0.719 0.829 0.861 0.839 0.815 0.887 0.957 0.991 0.978 1.016 1.049 1.08 1.117 1.138 1.138 1.143 1.142 1.114 1.06 1.039 1.059 1.071 1.085 1.087 1.105 1.113 1.103 1.071 1.037 1.025 1.001 0.933 0.841 0.845 0.855 0.825 0.723 0.596 0.324 -9 -9 -9 -9 -9 0.517 0.513 0.5 0.449 0.303 -0.032 -0.224 -0.436 -0.596 -0.639 -0.752 -0.678 -0.662 -1.176 -1.133 -0.913 -0.672 -0.352 0.007
