data/climatemaps/RS_maps/climate_winter_pr_2006.asc
NCOLS 369 
NROWS 228 
XLLCORNER 479000 
YLLCORNER 73000 
CELLSIZE 1000 
NODATA_value -9 
[rows 99 to 131 of 228, columns 0 to 75 of 369]
-9 -9 -9 -9 -9 -9 -9 -9 -9 -9 -9 -9 -9 -9 -9 -9 -9 -9 -9 -9 -9 -9 -9 -9 -9 -9 -9 -9 -9 -9 -9 -9 -9 0.724 0.773 0.822 0.857 0.872 0.88 0.899 0.924 0.949 0.958 0.968 0.957 0.94 0.925 0.928 0.94 0.932 0.897 0.833 0.764 0.704 0.674 0.676 0.693 0.702 0.698 0.674 0.636 0.584 0.521 0.44 0.347 0.257 0.202 0.169 0.155 0.135 0.098 0.061 -0.006 -0.099 -0.193 -0.272
-9 -9 -9 -9 -9 -9 -9 -9 -9 -9 -9 -9 -9 -9 -9 -9 -9 -9 -9 -9 -9 -9 -9 -9 -9 -9 -9 -9 -9 -9 -9 -9 -9 0.793 0.837 0.869 0.874 0.856 0.839 0.844 0.868 0.901 0.948 0.974 0.971 0.959 0.959 0.972 0.986 0.968 0.929 0.869 0.806 0.755 0.722 0.705 0.694 0.675 0.646 0.588 0.528 0.462 0.389 0.318 0.22 0.163 0.143 0.146 0.142 0.128 0.104 0.057 -0.056 -0.175 -0.27 -0.336
-9 -9 -9 -9 -9 -9 -9 -9 -9 -9 -9 -9 -9 -9 -9 -9 -9 -9 -9 -9 -9 -9 -9 -9 -9 -9 -9 -9 -9 -9 -9 -9 0.828 0.849 0.877 0.883 0.852 0.808 0.778 0.779 0.818 0.884 0.944 0.975 0.981 0.983 0.993 1.002 0.997 0.969 0.925 0.87 0.812 0.758 0.713 0.678 0.64 0.6 0.537 0.454 0.378 0.304 0.22 0.164 0.142 0.17 0.197 0.22 0.23 0.233 0.185 0.075 -0.071 -0.205 -0.299 -0.358
-9 -9 -9 -9 -9 -9 -9 -9 -9 -9 -9 -9 -9 -9 -9 -9 -9 -9 -9 -9 -9 -9 -9 -9 -9 -9 -9 -9 -9 -9 -9 -9 0.872 0.875 0.879 0.852 0.8 0.746 0.715 0.725 0.78 0.858 0.928 0.976 1.001 1.017 1.02 1.009 0.985 0.943 0.891 0.824 0.756 0.693 0.638 0.586 0.53 0.465 0.382 0.296 0.22 0.149 0.11 0.11 0.155 0.221 0.281 0.329 0.345 0.308 0.21 0.064 -0.088 -0.22 -0.31 -0.369
-9 -9 -9 -9 -9 -9 -9 -9 -9 -9 -9 -9 -9 -9 -9 -9 -9 -9 -9 -9 -9 -9 -9 -9 -9 -9 -9 -9 -9 -9 -9 -9 0.886 0.866 0.84 0.791 0.73 0.673 0.648 0.67 0.735 0.822 0.913 0.985 1.029 1.039 1.03 1 0.956 0.891 0.815 0.734 0.654 0.579 0.51 0.444 0.373 0.293 0.207 0.134 0.095 0.087 0.106 0.164 0.236 0.319 0.389 0.421 0.388 0.295 0.159 0.008 -0.134 -0.252 -0.329 -0.38
-9 -9 -9 -9 -9 -9 -9 -9 -9 -9 -9 -9 -9 -9 -9 -9 -9 -9 -9 -9 -9 -9 -9 -9 -9 -9 -9 -9 -9 -9 -9 -9 0.87 0.829 0.778 0.717 0.653 0.598 0.581 0.614 0.69 0.795 0.907 0.996 1.041 1.044 1.021 0.976 0.907 0.822 0.734 0.64 0.544 0.449 0.365 0.294 0.207 0.123 0.067 0.048 0.064 0.109 0.169 0.252 0.344 0.428 0.477 0.466 0.37 0.231 0.075 -0.074 -0.2 -0.293 -0.353 -0.389
-9 -9 -9 -9 -9 -9 -9 -9 -9 -9 -9 -9 -9 -9 -9 -9 -9 -9 -9 -9 -9 -9 -9 -9 -9 -9 -9 -9 -9 -9 -9 -9 0.836 0.776 0.712 0.645 0.581 0.535 0.525 0.57 0.664 0.782 0.903 0.989 1.027 1.024 0.99 0.935 0.867 0.78 0.685 0.579 0.468 0.354 0.252 0.176 0.092 0.036 0.021 0.05 0.099 0.173 0.265 0.364 0.454 0.519 0.523 0.453 0.315 0.147 -0.023 -0.164 -0.268 -0.333 -0.373 -0.397
-9 -9 -9 -9 -9 -9 -9 -9 -9 -9 -9 -9 -9 -9 -9 -9 -9 -9 -9 -9 -9 -9 -9 -9 -9 -9 -9 -9 -9 -9 -9 -9 -9 0.729 0.658 0.588 0.529 0.498 0.5 0.551 0.658 0.779 0.89 0.964 0.996 0.985 0.961 0.914 0.851 0.769 0.67 0.557 0.442 0.326 0.216 0.139 0.088 0.059 0.07 0.118 0.189 0.284 0.385 0.472 0.535 0.559 0.509 0.399 0.231 0.048 -0.119 -0.245 -0.325 -0.367 -0.392 -0.408
-9 -9 -9 -9 -9 -9 -9 -9 -9 -9 -9 -9 -9 -9 -9 -9 -9 -9 -9 -9 -9 -9 -9 -9 -9 -9 -9 -9 -9 -9 -9 -9 -9 0.707 0.634 0.566 0.516 0.493 0.501 0.557 0.663 0.776 0.874 0.938 0.963 0.962 0.942 0.895 0.831 0.75 0.657 0.554 0.446 0.345 0.269 0.211 0.173 0.156 0.175 0.23 0.309 0.402 0.488 0.548 0.573 0.547 0.455 0.316 0.134 -0.05 -0.204 -0.31 -0.369 -0.397 -0.412 -0.42
-9 -9 -9 -9 -9 -9 -9 -9 -9 -9 -9 -9 -9 -9 -9 -9 -9 -9 -9 -9 -9 -9 -9 -9 -9 -9 -9 -9 -9 -9 -9 -9 -9 0.724 0.653 0.587 0.54 0.516 0.523 0.568 0.668 0.77 0.859 0.921 0.954 0.951 0.918 0.86 0.79 0.713 0.634 0.553 0.495 0.438 0.391 0.346 0.308 0.289 0.304 0.352 0.418 0.489 0.547 0.576 0.565 0.501 0.379 0.222 0.039 -0.137 -0.271 -0.358 -0.403 -0.422 -0.43 -0.434
-9 -9 -9 -9 -9 -9 -9 -9 -9 -9 -9 -9 -9 -9 -9 -9 -9 -9 -9 -9 -9 -9 -9 -9 -9 -9 -9 -9 -9 -9 -9 -9 -9 0.767 0.696 0.63 0.579 0.551 0.555 0.585 0.669 0.77 0.863 0.927 0.953 0.937 0.89 0.819 0.741 0.666 0.603 0.576 0.568 0.557 0.534 0.497 0.456 0.427 0.423 0.446 0.484 0.522 0.548 0.546 0.505 0.414 0.28 0.123 -0.051 -0.208 -0.321 -0.393 -0.428 -0.441 -0.445 -0.448
-9 -9 -9 -9 -9 -9 -9 -9 -9 -9 -9 -9 -9 -9 -9 -9 -9 -9 -9 -9 -9 -9 -9 -9 -9 -9 -9 -9 -9 -9 -9 -9 -9 0.801 0.729 0.662 0.609 0.581 0.585 0.619 0.703 0.793 0.878 0.934 0.95 0.922 0.861 0.778 0.693 0.627 0.593 0.604 0.634 0.658 0.652 0.614 0.56 0.51 0.48 0.472 0.477 0.481 0.474 0.444 0.38 0.283 0.154 0.01 -0.141 -0.27 -0.363 -0.42 -0.447 -0.456 -0.459 -0.461
-9 -9 -9 -9 -9 -9 -9 -9 -9 -9 -9 -9 -9 -9 -9 -9 -9 -9 -9 -9 -9 -9 -9 -9 -9 -9 -9 -9 -9 -9 -9 -9 -9 0.812 0.734 0.665 0.613 0.595 0.622 0.667 0.743 0.825 0.896 0.94 0.946 0.905 0.832 0.74 0.656 0.602 0.593 0.629 0.679 0.714 0.703 0.647 0.569 0.492 0.433 0.399 0.378 0.361 0.335 0.287 0.213 0.119 0.007 -0.113 -0.23 -0.33 -0.401 -0.444 -0.464 -0.469 -0.47 -0.471
-9 -9 -9 -9 -9 -9 -9 -9 -9 -9 -9 -9 -9 -9 -9 -9 -9 -9 -9 -9 -9 -9 -9 -9 -9 -9 -9 -9 -9 -9 -9 -9 0.87 0.791 0.714 0.652 0.603 0.613 0.652 0.71 0.785 0.859 0.918 0.949 0.942 0.889 0.808 0.713 0.633 0.591 0.596 0.639 0.687 0.708 0.673 0.59 0.485 0.383 0.303 0.249 0.214 0.186 0.151 0.101 0.035 -0.043 -0.133 -0.226 -0.314 -0.387 -0.438 -0.466 -0.476 -0.477 -0.475 -0.473
-9 -9 -9 -9 -9 -9 -9 -9 -9 -9 -9 -9 -9 -9 -9 -9 -9 -9 -9 -9 -9 -9 -9 -9 -9 -9 -9 -9 -9 -9 -9 -9 0.817 0.739 0.67 0.618 0.595 0.63 0.685 0.754 0.83 0.898 0.946 0.962 0.941 0.879 0.792 0.7 0.626 0.588 0.588 0.614 0.635 0.624 0.561 0.455 0.333 0.214 0.122 0.064 0.025 -0.006 -0.038 -0.077 -0.126 -0.187 -0.255 -0.325 -0.388 -0.438 -0.469 -0.482 -0.482 -0.472 -0.463 -0.466
-9 -9 -9 -9 -9 -9 -9 -9 -9 -9 -9 -9 -9 -9 -9 -9 -9 -9 -9 -9 -9 -9 -9 -9 -9 -9 -9 -9 -9 -9 -9 -9 0.731 0.658 0.602 0.567 0.594 0.65 0.719 0.796 0.872 0.934 0.971 0.974 0.943 0.877 0.793 0.707 0.636 0.59 0.564 0.549 0.521 0.471 0.384 0.264 0.141 0.036 -0.044 -0.097 -0.134 -0.161 -0.188 -0.22 -0.259 -0.305 -0.355 -0.406 -0.448 -0.478 -0.491 -0.488 -0.468 -0.438 -0.433 -0.448
-9 -9 -9 -9 -9 -9 -9 -9 -9 -9 -9 -9 -9 -9 -9 -9 -9 -9 -9 -9 -9 -9 -9 -9 -9 -9 -9 -9 -9 -9 -9 0.719 0.633 0.568 0.524 0.532 0.594 0.666 0.745 0.826 0.899 0.954 0.983 0.98 0.947 0.884 0.809 0.732 0.66 0.594 0.526 0.453 0.372 0.283 0.176 0.061 -0.037 -0.118 -0.182 -0.224 -0.255 -0.278 -0.301 -0.328 -0.358 -0.393 -0.429 -0.463 -0.489 -0.5 -0.496 -0.473 -0.427 -0.408 -0.407 -0.42
-9 -9 -9 -9 -9 -9 -9 -9 -9 -9 -9 -9 -9 -9 -9 -9 -9 -9 -9 -9 -9 -9 -9 -9 -9 -9 -9 -9 -9 0.865 0.74 0.629 0.544 0.482 0.466 0.514 0.59 0.674 0.756 0.833 0.898 0.947 0.973 0.973 0.948 0.899 0.839 0.771 0.693 0.594 0.474 0.343 0.218 0.097 -0.012 -0.106 -0.182 -0.241 -0.287 -0.319 -0.344 -0.364 -0.382 -0.401 -0.424 -0.449 -0.475 -0.497 -0.508 -0.502 -0.475 -0.426 -0.383 -0.372 -0.374 -0.397
-9 -9 -9 -9 -9 -9 -9 -9 -9 -9 -9 -9 -9 -9 -9 -9 -9 -9 -9 -9 -9 -9 -9 -9 -9 -9 -9 -9 0.953 0.837 0.695 0.558 0.464 0.418 0.436 0.496 0.582 0.67 0.748 0.814 0.867 0.908 0.936 0.947 0.94 0.914 0.873 0.813 0.721 0.586 0.416 0.235 0.075 -0.056 -0.152 -0.228 -0.286 -0.329 -0.361 -0.385 -0.404 -0.42 -0.431 -0.442 -0.456 -0.474 -0.493 -0.506 -0.502 -0.474 -0.418 -0.366 -0.334 -0.326 -0.339 -0.361
-9 -9 -9 -9 -9 -9 -9 -9 -9 -9 -9 -9 -9 -9 -9 -9 -9 -9 -9 -9 -9 -9 -9 -9 -9 -9 1.122 1.056 0.954 0.815 0.656 0.509 0.406 0.383 0.41 0.476 0.566 0.652 0.72 0.771 0.807 0.839 0.869 0.895 0.914 0.917 0.896 0.837 0.726 0.556 0.344 0.129 -0.046 -0.168 -0.251 -0.31 -0.352 -0.383 -0.409 -0.427 -0.442 -0.452 -0.456 -0.455 -0.461 -0.474 -0.489 -0.492 -0.469 -0.416 -0.35 -0.303 -0.275 -0.274 -0.304 -0.315
-9 -9 -9 -9 -9 -9 -9 -9 -9 -9 -9 -9 -9 -9 -9 -9 -9 -9 -9 -9 -9 -9 -9 -9 -9 1.196 1.154 1.074 0.952 0.792 0.622 0.469 0.373 0.359 0.387 0.453 0.54 0.619 0.677 0.709 0.724 0.742 0.773 0.817 0.864 0.894 0.884 0.817 0.685 0.485 0.246 0.023 -0.142 -0.25 -0.318 -0.362 -0.391 -0.416 -0.439 -0.454 -0.465 -0.469 -0.46 -0.447 -0.451 -0.463 -0.47 -0.456 -0.415 -0.35 -0.284 -0.235 -0.213 -0.237 -0.263 -0.282
-9 -9 -9 -9 -9 -9 -9 -9 -9 -9 -9 -9 -9 -9 -9 -9 -9 -9 -9 -9 -9 -9 -9 1.24 1.241 1.226 1.178 1.082 0.941 0.77 0.586 0.437 0.363 0.348 0.372 0.432 0.51 0.586 0.632 0.643 0.632 0.631 0.656 0.714 0.782 0.827 0.822 0.744 0.593 0.372 0.135 -0.072 -0.219 -0.31 -0.363 -0.395 -0.416 -0.438 -0.458 -0.47 -0.477 -0.471 -0.451 -0.435 -0.438 -0.442 -0.438 -0.408 -0.356 -0.285 -0.216 -0.169 -0.166 -0.203 -0.23 -0.268
-9 -9 -9 -9 -9 -9 -9 -9 -9 -9 -9 -9 -9 -9 -9 -9 -9 -9 -9 -9 -9 -9 1.258 1.264 1.267 1.247 1.187 1.078 0.928 0.742 0.564 0.442 0.377 0.353 0.374 0.426 0.499 0.568 0.602 0.591 0.551 0.525 0.532 0.586 0.657 0.713 0.709 0.621 0.454 0.232 0.019 -0.159 -0.28 -0.353 -0.395 -0.419 -0.437 -0.453 -0.467 -0.475 -0.476 -0.462 -0.439 -0.425 -0.414 -0.413 -0.404 -0.357 -0.292 -0.213 -0.148 -0.114 -0.129 -0.17 -0.215 -0.282
-9 -9 -9 -9 -9 -9 -9 -9 -9 -9 -9 -9 -9 -9 -9 -9 -9 -9 -9 -9 -9 1.283 1.283 1.288 1.285 1.254 1.182 1.064 0.91 0.74 0.579 0.466 0.4 0.38 0.395 0.452 0.521 0.58 0.604 0.571 0.495 0.435 0.412 0.447 0.507 0.552 0.541 0.449 0.28 0.085 -0.094 -0.237 -0.33 -0.386 -0.418 -0.437 -0.451 -0.459 -0.464 -0.466 -0.46 -0.443 -0.421 -0.403 -0.396 -0.4 -0.37 -0.31 -0.229 -0.147 -0.089 -0.072 -0.099 -0.156 -0.225 -0.309
-9 -9 -9 -9 -9 -9 -9 -9 -9 -9 -9 -9 -9 -9 -9 -9 -9 -9 -9 -9 1.332 1.314 1.311 1.309 1.291 1.245 1.16 1.038 0.889 0.733 0.596 0.5 0.447 0.43 0.452 0.5 0.565 0.618 0.629 0.57 0.463 0.366 0.312 0.318 0.349 0.371 0.344 0.247 0.103 -0.053 -0.193 -0.3 -0.37 -0.411 -0.436 -0.45 -0.456 -0.454 -0.446 -0.44 -0.429 -0.408 -0.386 -0.373 -0.385 -0.385 -0.334 -0.262 -0.171 -0.092 -0.043 -0.037 -0.075 -0.151 -0.239 -0.302
-9 -9 -9 -9 -9 -9 -9 -9 -9 -9 -9 -9 -9 -9 -9 -9 -9 -9 -9 1.404 1.372 1.351 1.339 1.322 1.285 1.219 1.123 1.001 0.863 0.731 0.628 0.559 0.523 0.512 0.527 0.567 0.62 0.66 0.653 0.569 0.43 0.315 0.232 0.207 0.208 0.195 0.152 0.068 -0.046 -0.165 -0.269 -0.347 -0.398 -0.431 -0.45 -0.458 -0.449 -0.435 -0.416 -0.402 -0.382 -0.354 -0.334 -0.337 -0.36 -0.357 -0.298 -0.22 -0.123 -0.046 -0.003 -0.003 -0.06 -0.148 -0.234 -0.303
-9 -9 -9 -9 -9 -9 -9 -9 -9 -9 -9 -9 -9 -9 -9 -9 -9 -9 1.49 1.449 1.415 1.388 1.362 1.326 1.268 1.183 1.077 0.957 0.84 0.748 0.686 0.643 0.621 0.613 0.618 0.642 0.676 0.692 0.66 0.557 0.396 0.261 0.165 0.119 0.097 0.068 0.017 -0.058 -0.148 -0.238 -0.316 -0.375 -0.417 -0.444 -0.46 -0.459 -0.435 -0.407 -0.377 -0.352 -0.317 -0.284 -0.272 -0.29 -0.323 -0.321 -0.266 -0.178 -0.077 -0.002 0.036 0.01 -0.051 -0.136 -0.242 -0.328
-9 -9 -9 -9 -9 -9 -9 -9 -9 -9 -9 -9 -9 -9 -9 -9 -9 1.567 1.531 1.491 1.453 1.417 1.378 1.324 1.248 1.146 1.033 0.932 0.848 0.795 0.76 0.741 0.73 0.719 0.71 0.713 0.722 0.712 0.659 0.537 0.369 0.228 0.128 0.074 0.039 -0.001 -0.061 -0.133 -0.208 -0.281 -0.34 -0.389 -0.428 -0.453 -0.465 -0.456 -0.424 -0.379 -0.335 -0.295 -0.246 -0.211 -0.206 -0.238 -0.278 -0.282 -0.23 -0.142 -0.049 0.028 0.055 0.017 -0.038 -0.151 -0.265 -0.361
-9 -9 -9 -9 -9 -9 -9 -9 -9 -9 -9 -9 -9 -9 -9 -9 1.622 1.6 1.564 1.523 1.479 1.434 1.383 1.318 1.233 1.124 1.027 0.948 0.893 0.864 0.851 0.843 0.831 0.809 0.783 0.765 0.75 0.719 0.648 0.52 0.368 0.234 0.133 0.061 0.007 -0.045 -0.105 -0.175 -0.24 -0.301 -0.349 -0.394 -0.434 -0.457 -0.465 -0.451 -0.411 -0.35 -0.292 -0.235 -0.176 -0.143 -0.145 -0.188 -0.23 -0.241 -0.192 -0.113 -0.025 0.041 0.06 0.032 -0.051 -0.18 -0.301 -0.398
-9 -9 -9 -9 -9 -9 -9 -9 -9 -9 -9 -9 -9 -9 -9 1.632 1.639 1.621 1.586 1.54 1.49 1.438 1.383 1.316 1.234 1.141 1.058 0.997 0.965 0.954 0.951 0.939 0.913 0.874 0.828 0.789 0.756 0.707 0.634 0.52 0.386 0.256 0.147 0.067 0 -0.064 -0.129 -0.195 -0.255 -0.308 -0.352 -0.397 -0.436 -0.457 -0.461 -0.438 -0.387 -0.315 -0.247 -0.176 -0.114 -0.083 -0.097 -0.145 -0.181 -0.195 -0.148 -0.075 0.004 0.061 0.072 0.024 -0.082 -0.195 -0.317 -0.395
-9 -9 -9 -9 -9 -9 -9 -9 -9 -9 -9 -9 -9 1.519 1.581 1.62 1.634 1.622 1.588 1.543 1.491 1.439 1.385 1.323 1.251 1.176 1.109 1.069 1.053 1.05 1.042 1.017 0.97 0.908 0.843 0.787 0.742 0.689 0.623 0.519 0.396 0.278 0.172 0.083 0.004 -0.07 -0.138 -0.202 -0.259 -0.31 -0.355 -0.4 -0.435 -0.453 -0.451 -0.416 -0.353 -0.273 -0.197 -0.118 -0.06 -0.035 -0.06 -0.104 -0.133 -0.146 -0.101 -0.032 0.039 0.074 0.067 0.003 -0.106 -0.207 -0.32 -0.36
-9 -9 -9 -9 -9 -9 -9 -9 -9 -9 -9 -9 1.391 1.468 1.534 1.579 1.599 1.594 1.569 1.532 1.488 1.443 1.396 1.343 1.286 1.227 1.176 1.148 1.139 1.132 1.112 1.067 0.996 0.913 0.833 0.768 0.716 0.664 0.6 0.509 0.401 0.293 0.191 0.097 0.009 -0.071 -0.14 -0.204 -0.259 -0.31 -0.356 -0.399 -0.43 -0.444 -0.432 -0.388 -0.317 -0.229 -0.147 -0.066 -0.016 -0.001 -0.029 -0.063 -0.088 -0.095 -0.056 0.006 0.067 0.079 0.053 -0.031 -0.136 -0.241 -0.304 -0.294
-9 -9 -9 -9 -9 -9 -9 -9 -9 -9 -9 1.266 1.333 1.407 1.472 1.521 1.545 1.549 1.538 1.515 1.484 1.451 1.416 1.378 1.335 1.29 1.25 1.224 1.209 1.189 1.15 1.084 0.993 0.896 0.809 0.737 0.692 0.64 0.578 0.493 0.396 0.296 0.197 0.099 0.007 -0.075 -0.145 -0.208 -0.261 -0.31 -0.354 -0.393 -0.421 -0.428 -0.403 -0.352 -0.274 -0.181 -0.098 -0.023 0.017 0.022 0.004 -0.023 -0.045 -0.041 -0.011 0.036 0.082 0.08 0.032 -0.078 -0.187 -0.253 -0.252 -0.222
