data/climatemaps/RS_maps/climate_postbreed_tmp_2016.asc
NCOLS 369 
NROWS 228 
XLLCORNER 479000 
YLLCORNER 73000 
CELLSIZE 1000 
NODATA_value -9 
[rows 0 to 33 of 228, columns 231 to 307 of 369]
-9 -9 -9 -9 -9 -9 -9 -9 -9 -9 -9 -9 -9 -9 -9 -9 -9 -9 -9 -9 -9 -9 -9 -9 -9 -9 -9 -9 -9 -9 -9 -9 -9 -9 -9 -9 -9 -9 -9 -9 -9 -9 -9 -9 -9 -9 -9 -9 -9 -9 -9 -9 -9 -9 -9 -9 -9 -9 -9 -9 -9 -9 -9 -9 -9 -9 -9 -9 -9 -9 -9 -9 -9 -9 -9 -9 -9
-9 -9 -9 -9 -9 -9 -9 -9 -9 -9 -9 -9 -9 -9 -9 -9 -9 -9 -9 -9 -9 -9 -9 -9 -9 -9 -9 -9 -9 -9 -9 -9 -9 -9 -9 -9 -9 -9 -9 -9 -9 -9 -9 -9 -9 -9 -9 -9 -9 -9 -9 -9 -9 -9 -9 -9 -9 -9 -9 -9 -9 -9 -9 -9 -9 -9 -9 -9 -9 -9 -9 -9 -9 -9 -9 -9 -9
-9 -9 -9 -9 -9 -9 -9 -9 -9 -9 -9 -9 -9 -9 -9 -9 -9 -9 -9 -9 -9 -9 -9 -9 -9 -9 -9 -9 -9 -9 -9 -9 -9 -9 -9 -9 -9 -9 -9 -9 -9 -9 -9 -9 -9 -9 -9 -9 -9 -9 -9 -9 -9 -9 -9 -9 -9 -9 -9 -9 -9 -9 -9 -9 -9 -9 -9 -9 -9 -9 -9 -9 -9 -9 -9 -9 -9
0.864 -9 -9 -9 -9 -9 -9 -9 -9 -9 -9 -9 -9 -9 -9 -9 -9 -9 -9 -9 -9 -9 -9 -9 -9 -9 -9 -9 -9 -9 -9 -9 -9 -9 -9 -9 -9 -9 -9 -9 -9 -9 -9 -9 -9 -9 -9 -9 -9 -9 -9 -9 -9 -9 -9 -9 -9 -9 -9 -9 -9 -9 -9 -9 -9 -9 -9 -9 -9 -9 -9 -9 -9 -9 -9 -9 -9
0.919 0.74 -9 -9 -9 -9 -9 -9 -9 -9 -9 -9 -9 -9 -9 -9 -9 -9 -9 -9 -9 -9 -9 -9 -9 -9 -9 -9 -9 -9 -9 -9 -9 -9 -9 -9 -9 -9 -9 -9 -9 -9 -9 -9 -9 -9 -9 -9 -9 -9 -9 -9 -9 -9 -9 -9 -9 -9 -9 -9 -9 -9 -9 -9 -9 -9 -9 -9 -9 -9 -9 -9 -9 -9 -9 -9 -9
0.922 0.907 0.762 -9 -9 -9 -9 -9 -9 -9 -9 -9 -9 -9 -9 -9 -9 -9 -9 -9 -9 -9 -9 -9 -9 -9 -9 -9 -9 -9 -9 -9 -9 -9 -9 -9 -9 -9 -9 -9 -9 -9 -9 -9 -9 -9 -9 -9 -9 -9 -9 -9 -9 -9 -9 -9 -9 -9 -9 -9 -9 -9 -9 -9 -9 -9 -9 -9 -9 -9 -9 -9 -9 -9 -9 -9 -9
0.883 0.957 0.786 0.666 -9 0.902 0.595 0.639 0.641 0.624 0.847 1.072 1.1 1.109 1.083 0.993 -9 -9 -9 -9 -9 -9 -9 -9 -9 -9 -9 -9 -9 -9 -9 -9 -9 -9 -9 -9 -9 -9 -9 -9 -9 -9 -9 -9 -9 -9 -9 -9 -9 -9 -9 -9 -9 -9 -9 -9 -9 -9 -9 -9 -9 -9 -9 -9 -9 -9 -9 -9 -9 -9 -9 -9 -9 -9 -9 -9 -9
0.942 0.977 0.874 0.81 0.876 0.869 0.65 0.611 0.641 0.522 0.582 0.883 1.063 1.094 1.099 1.094 0.997 0.895 0.874 0.858 -9 -9 -9 -9 -9 -9 -9 -9 -9 -9 -9 -9 -9 -9 -9 -9 -9 -9 -9 -9 -9 -9 -9 -9 -9 -9 -9 -9 -9 -9 -9 -9 -9 -9 -9 -9 -9 -9 -9 -9 -9 -9 -9 -9 -9 -9 -9 -9 -9 -9 -9 -9 -9 -9 -9 -9 -9
0.977 0.996 0.974 0.953 0.942 0.941 0.891 0.786 0.765 0.688 0.605 0.655 0.831 1.033 1.084 1.091 1.087 1.027 0.998 0.986 0.894 0.862 0.925 0.912 0.873 0.871 0.857 0.907 0.98 -9 -9 -9 -9 -9 -9 -9 -9 -9 -9 -9 -9 -9 -9 -9 -9 -9 -9 -9 -9 -9 -9 -9 -9 -9 -9 -9 -9 -9 -9 -9 -9 -9 -9 -9 -9 -9 -9 -9 -9 -9 -9 -9 -9 -9 -9 -9 -9
0.987 1.01 1.012 0.99 0.984 0.956 0.998 0.981 0.887 0.826 0.751 0.724 0.749 0.808 0.906 1.048 1.091 1.09 1.089 1.072 0.98 0.934 0.942 0.977 0.957 0.957 0.903 0.936 0.981 0.988 0.955 0.813 0.698 -9 -9 -9 -9 -9 -9 -9 -9 -9 -9 -9 -9 -9 -9 -9 -9 -9 -9 -9 -9 -9 -9 -9 -9 -9 -9 -9 -9 -9 -9 -9 -9 -9 -9 -9 -9 -9 -9 -9 -9 -9 -9 -9 -9
1.007 1.034 1.039 1.037 1.039 0.997 0.99 1.032 1.012 1.009 0.976 0.897 0.813 0.757 0.765 0.855 1.026 1.094 1.094 1.094 1.092 1.064 0.977 0.957 0.95 0.971 0.933 0.935 0.981 0.992 0.997 0.958 0.838 0.752 0.742 -9 -9 -9 -9 -9 -9 -9 -9 -9 -9 -9 -9 -9 -9 -9 -9 -9 -9 -9 -9 -9 -9 -9 -9 -9 -9 -9 -9 -9 -9 -9 -9 -9 -9 -9 -9 -9 -9 -9 -9 -9 -9
1.038 1.052 1.062 1.063 1.061 1.063 1.058 1.039 0.954 0.957 0.982 0.921 0.835 0.765 0.725 0.79 0.924 1.057 1.074 1.09 1.094 1.094 1.089 1.042 1.013 1.011 1.006 0.99 0.977 0.989 0.992 0.996 0.917 0.826 0.781 0.664 0.459 -9 -9 -9 -9 -9 -9 -9 -9 -9 -9 -9 -9 -9 -9 -9 -9 -9 -9 -9 -9 -9 -9 -9 -9 -9 -9 -9 -9 -9 -9 -9 -9 -9 -9 -9 -9 -9 -9 -9 -9
1.058 1.06 1.067 1.072 1.07 1.069 1.088 1.068 0.98 0.931 0.943 0.983 0.963 0.945 0.919 0.911 0.926 0.948 1.005 1.045 1.094 1.095 1.097 1.101 1.078 1.032 1.002 1.019 1.014 1.012 0.986 1.001 1 0.926 0.868 0.801 0.665 0.529 0.49 -9 -9 -9 -9 -9 -9 -9 -9 -9 -9 -9 -9 -9 -9 -9 -9 -9 -9 -9 -9 -9 -9 -9 -9 -9 -9 -9 -9 -9 -9 -9 -9 -9 -9 -9 -9 -9 -9
1.05 1.061 1.07 1.08 1.083 1.086 1.081 1.094 1.094 1.055 1.014 1.002 1.022 0.982 0.916 0.93 0.896 0.873 0.922 0.967 1.088 1.099 1.101 1.101 1.075 0.97 0.871 0.88 0.99 1.026 1.018 1.018 1.024 0.996 0.97 0.948 0.903 0.82 0.791 0.882 0.955 -9 -9 -9 -9 -9 -9 -9 -9 -9 -9 -9 -9 -9 -9 -9 -9 -9 -9 -9 -9 -9 -9 -9 -9 -9 -9 -9 -9 -9 -9 -9 -9 -9 -9 -9 -9
1.035 1.04 1.05 1.071 1.079 1.087 1.094 1.093 1.098 1.101 1.1 1.062 1.044 1.004 0.963 0.901 0.874 0.878 0.875 0.91 1.069 1.101 1.101 1.101 1.078 0.944 0.832 0.757 0.826 0.944 0.997 1.001 1.022 0.98 0.972 1.012 1.001 0.984 0.958 0.969 0.968 0.969 0.948 -9 -9 -9 -9 -9 -9 -9 -9 -9 -9 -9 -9 -9 -9 -9 -9 -9 -9 -9 -9 -9 -9 -9 -9 -9 -9 -9 -9 -9 -9 -9 -9 -9 -9
0.986 1.003 1.009 1.02 1.011 1.067 1.083 1.1 1.101 1.101 1.098 1.101 1.089 1.067 1.031 0.969 0.936 0.93 0.923 0.912 1.05 1.095 1.101 1.104 1.102 1.053 0.929 0.841 0.794 0.853 0.926 0.953 1.003 0.988 0.975 1.008 1.02 1.009 0.945 0.954 0.934 0.954 0.953 0.925 0.9 -9 -9 -9 -9 -9 -9 -9 -9 -9 -9 -9 -9 -9 -9 -9 -9 -9 -9 -9 -9 -9 -9 -9 -9 -9 -9 -9 -9 -9 -9 -9 -9
0.631 0.717 0.823 0.933 0.871 0.96 1.036 1.092 1.101 1.101 1.088 1.088 1.09 1.101 1.097 1.051 1.013 1.007 0.997 0.945 0.981 1.078 1.102 1.111 1.113 1.115 1.061 0.972 0.904 0.897 0.92 0.924 0.961 0.994 0.993 1.019 1.017 1.031 0.984 0.949 0.949 0.956 0.975 0.977 0.961 0.994 1.035 -9 -9 -9 -9 -9 -9 -9 -9 -9 -9 -9 -9 -9 -9 -9 -9 -9 -9 -9 -9 -9 -9 -9 -9 -9 -9 -9 -9 -9 -9
0.353 0.416 0.559 0.734 0.863 0.932 0.994 1.087 1.098 1.101 1.093 1.076 1.07 1.099 1.102 1.095 1.077 1.071 1.044 1.003 0.972 1.03 1.057 1.116 1.119 1.121 1.117 1.102 1.035 0.973 0.937 0.92 0.919 0.975 0.987 1.022 1.048 1.031 1.034 0.956 0.97 0.985 0.988 1.037 1.038 1.037 1.046 1.085 -9 -9 -9 -9 -9 -9 -9 -9 -9 -9 -9 -9 -9 -9 -9 -9 -9 -9 -9 -9 -9 -9 -9 -9 -9 -9 -9 -9 -9
0.415 0.388 0.509 0.678 0.852 0.985 1.057 1.091 1.091 1.095 1.094 1.096 1.085 1.102 1.105 1.105 1.102 1.102 1.085 1.066 1.03 1.027 1.041 1.116 1.121 1.121 1.123 1.127 1.121 1.103 1.048 0.996 0.974 1.001 1.013 1.029 1.078 1.073 1.048 0.993 1.008 1.012 1.036 1.069 1.076 1.07 1.061 1.097 1.094 1.094 -9 -9 -9 -9 -9 -9 -9 -9 -9 -9 -9 -9 -9 -9 -9 -9 -9 -9 -9 -9 -9 -9 -9 -9 -9 -9 -9
0.577 0.609 0.74 0.856 0.983 1.065 1.073 1.018 0.991 0.981 0.989 1.007 1.058 1.088 1.104 1.107 1.107 1.107 1.105 1.101 1.085 1.067 1.041 1.11 1.127 1.127 1.127 1.127 1.127 1.127 1.128 1.115 1.067 1.05 1.074 1.077 1.104 1.112 1.088 1.033 1.029 1.033 1.054 1.081 1.096 1.079 1.066 1.099 1.096 1.101 1.079 -9 -9 -9 -9 -9 -9 -9 -9 -9 -9 -9 -9 -9 -9 -9 -9 -9 -9 -9 -9 -9 -9 -9 -9 -9 -9
0.77 0.845 0.954 1.029 1.071 1.056 0.967 0.813 0.722 0.699 0.71 0.808 0.901 0.964 1.013 1.071 1.083 1.107 1.107 1.104 1.102 1.121 1.113 1.126 1.127 1.127 1.13 1.134 1.131 1.129 1.133 1.135 1.135 1.109 1.12 1.127 1.127 1.127 1.127 1.101 1.078 1.061 1.085 1.097 1.107 1.083 1.073 1.1 1.101 1.089 1.062 0.975 -9 -9 -9 -9 -9 -9 -9 -9 -9 -9 -9 -9 -9 -9 -9 -9 -9 -9 -9 -9 -9 -9 -9 -9 -9
0.96 1.027 1.047 1.019 0.97 0.889 0.752 0.55 0.443 0.423 0.449 0.593 0.732 0.798 0.841 0.881 0.984 1.06 1.082 1.099 1.102 1.127 1.127 1.128 1.135 1.141 1.141 1.141 1.141 1.141 1.137 1.141 1.141 1.136 1.136 1.13 1.127 1.127 1.129 1.13 1.128 1.116 1.117 1.125 1.128 1.098 1.084 1.113 1.109 1.08 1.034 0.956 0.893 -9 -9 -9 -9 -9 -9 -9 -9 -9 -9 -9 -9 -9 -9 -9 -9 -9 -9 -9 -9 -9 -9 -9 -9
1.046 0.997 0.823 0.75 0.724 0.716 0.616 0.433 0.376 0.36 0.449 0.505 0.596 0.668 0.717 0.736 0.816 0.911 0.971 1.017 1.053 1.096 1.116 1.131 1.14 1.142 1.148 1.144 1.144 1.144 1.143 1.143 1.143 1.143 1.143 1.141 1.136 1.134 1.135 1.138 1.138 1.138 1.14 1.141 1.145 1.134 1.111 1.124 1.099 1.07 1.057 1.009 0.961 0.994 1.063 -9 -9 -9 -9 -9 -9 -9 -9 -9 -9 -9 -9 -9 -9 -9 -9 -9 -9 -9 -9 -9 -9
0.836 0.794 0.57 0.598 0.656 0.678 0.632 0.546 0.527 0.538 0.599 0.623 0.633 0.606 0.659 0.693 0.731 0.77 0.833 0.867 0.918 0.985 1.038 1.08 1.12 1.138 1.147 1.156 1.156 1.156 1.154 1.152 1.148 1.147 1.147 1.147 1.147 1.145 1.145 1.145 1.145 1.145 1.145 1.146 1.147 1.156 1.141 1.138 1.091 1.067 1.077 1.112 1.113 1.107 1.048 1.041 -9 -9 -9 -9 -9 -9 -9 -9 -9 -9 -9 -9 -9 -9 -9 -9 -9 -9 -9 -9 -9
0.67 0.657 0.554 0.623 0.712 0.729 0.672 0.666 0.668 0.689 0.695 0.697 0.699 0.69 0.701 0.697 0.706 0.736 0.769 0.811 0.825 0.876 0.914 0.97 1.027 1.077 1.117 1.146 1.159 1.161 1.164 1.163 1.158 1.158 1.155 1.153 1.151 1.152 1.152 1.152 1.152 1.152 1.152 1.155 1.158 1.163 1.159 1.145 1.088 1.086 1.13 1.136 1.034 0.966 0.983 0.957 0.964 0.975 -9 -9 -9 -9 -9 -9 -9 -9 -9 -9 -9 -9 -9 -9 -9 -9 -9 -9 -9
0.529 0.67 0.687 0.725 0.784 0.77 0.78 0.793 0.814 0.814 0.817 0.813 0.801 0.784 0.774 0.775 0.775 0.808 0.8 0.795 0.783 0.816 0.834 0.863 0.93 0.982 1.046 1.097 1.132 1.157 1.168 1.168 1.168 1.168 1.165 1.161 1.159 1.159 1.159 1.159 1.164 1.165 1.165 1.166 1.167 1.17 1.178 1.16 1.138 1.154 1.155 1.141 1.059 1.003 0.999 0.986 0.997 1.014 1.025 -9 -9 -9 -9 -9 -9 -9 -9 -9 -9 -9 -9 -9 -9 -9 -9 -9 -9
0.57 0.77 0.775 0.827 0.852 0.87 0.889 0.903 0.968 0.966 0.964 0.932 0.879 0.871 0.858 0.862 0.866 0.867 0.836 0.796 0.765 0.757 0.768 0.802 0.856 0.911 0.975 1.043 1.09 1.137 1.162 1.176 1.173 1.176 1.173 1.171 1.171 1.168 1.166 1.166 1.168 1.168 1.168 1.169 1.18 1.181 1.181 1.177 1.169 1.174 1.176 1.173 1.149 1.066 1.041 1.03 1.036 1.049 1.061 -9 -9 -9 -9 -9 -9 -9 -9 -9 -9 -9 -9 -9 -9 -9 -9 -9 -9
0.85 0.842 0.885 0.976 0.979 1.005 1.029 1.05 1.06 1.034 1.02 1.001 0.969 0.927 0.913 0.888 0.862 0.844 0.82 0.78 0.741 0.727 0.745 0.78 0.795 0.859 0.913 0.961 1.031 1.082 1.126 1.168 1.183 1.181 1.18 1.18 1.18 1.179 1.179 1.174 1.177 1.18 1.181 1.181 1.181 1.188 1.195 1.198 1.191 1.186 1.189 1.206 1.182 1.117 1.087 1.091 1.078 1.079 1.09 1.077 -9 -9 -9 -9 -9 -9 -9 -9 -9 -9 -9 -9 -9 -9 -9 -9 -9
0.981 0.981 1.033 1.059 1.081 1.087 1.085 1.083 1.083 1.069 1.061 1.065 1.037 0.931 0.783 0.735 0.698 0.679 0.71 0.76 0.751 0.753 0.766 0.786 0.786 0.851 0.893 0.902 0.955 0.986 1.044 1.106 1.149 1.184 1.192 1.187 1.187 1.187 1.187 1.187 1.188 1.188 1.188 1.19 1.195 1.201 1.202 1.207 1.209 1.206 1.212 1.227 1.222 1.161 1.156 1.145 1.119 1.117 1.127 1.108 1.085 -9 -9 -9 -9 -9 -9 -9 -9 -9 -9 -9 -9 -9 -9 -9 -9
1.029 1.057 1.07 1.087 1.085 1.076 1.05 1.037 1.038 1.058 1.077 1.074 1.073 0.991 0.776 0.631 0.577 0.569 0.643 0.761 0.797 0.801 0.825 0.839 0.851 0.891 0.922 0.931 0.956 0.965 0.998 1.042 1.085 1.127 1.171 1.196 1.201 1.194 1.195 1.2 1.199 1.195 1.201 1.202 1.203 1.206 1.209 1.216 1.219 1.226 1.237 1.241 1.245 1.221 1.218 1.218 1.187 1.18 1.183 1.186 1.159 -9 -9 -9 -9 -9 -9 -9 -9 -9 -9 -9 -9 -9 -9 -9 -9
1.101 1.097 1.079 1.054 0.997 0.934 0.882 0.873 0.889 0.919 0.993 1.042 1.074 1.078 1.026 0.876 0.788 0.781 0.815 0.879 0.907 0.917 0.924 0.933 0.94 0.958 0.971 0.973 1.009 1.034 1.037 1.052 1.047 1.08 1.133 1.175 1.207 1.209 1.209 1.209 1.203 1.204 1.205 1.209 1.214 1.218 1.219 1.226 1.233 1.237 1.243 1.248 1.256 1.259 1.265 1.269 1.249 1.242 1.258 1.258 1.255 -9 -9 -9 -9 -9 -9 -9 -9 -9 -9 -9 -9 -9 -9 -9 -9
1.071 1.029 0.962 0.879 0.711 0.609 0.582 0.634 0.715 0.745 0.843 0.967 1.025 1.076 1.082 1.067 1.035 1.032 1.042 1.039 1.035 1.016 1.001 1.002 1.003 1.025 1.055 1.064 1.087 1.09 1.093 1.094 1.079 1.106 1.148 1.181 1.22 1.219 1.216 1.217 1.216 1.216 1.221 1.219 1.224 1.23 1.231 1.237 1.241 1.247 1.25 1.255 1.267 1.272 1.285 1.288 1.287 1.295 1.312 1.301 1.321 1.321 1.296 -9 -9 -9 -9 -9 -9 -9 -9 -9 -9 -9 -9 -9 -9
1.002 0.871 0.764 0.665 0.547 0.494 0.476 0.528 0.656 0.718 0.811 0.889 0.937 1.018 1.047 1.072 1.089 1.09 1.095 1.091 1.077 1.051 1.031 1.052 1.068 1.094 1.105 1.107 1.109 1.125 1.135 1.145 1.142 1.164 1.183 1.206 1.224 1.229 1.226 1.227 1.225 1.226 1.226 1.23 1.235 1.238 1.238 1.244 1.248 1.257 1.267 1.267 1.276 1.284 1.291 1.299 1.31 1.321 1.327 1.335 1.353 1.36 1.36 1.344 -9 -9 -9 -9 -9 -9 -9 -9 -9 -9 -9 -9 -9
0.935 0.816 0.694 0.638 0.648 0.628 0.6 0.577 0.67 0.746 0.821 0.848 0.889 0.94 0.99 0.998 1.028 1.05 1.067 1.077 1.069 1.02 1.034 1.065 1.036 1.019 1.028 1.056 1.074 1.085 1.11 1.113 1.149 1.17 1.179 1.197 1.214 1.237 1.241 1.241 1.24 1.24 1.241 1.241 1.243 1.249 1.253 1.255 1.263 1.27 1.275 1.282 1.285 1.297 1.305 1.313 1.32 1.331 1.341 1.351 1.362 1.38 1.379 1.366 1.23 0.688 -9 -9 -9 -9 -9 -9 -9 -9 -9 -9 -9
