data/climatemaps/RS_maps/climate_breeding_pr_2014.asc
NCOLS 369 
NROWS 228 
XLLCORNER 479000 
YLLCORNER 73000 
CELLSIZE 1000 
NODATA_value -9 
[rows 170 to 203 of 228, columns 154 to 230 of 369]
-0.592 -0.518 -0.315 -0.241 -0.229 -0.35 -0.378 -0.475 -0.695 -0.815 -0.851 -0.836 -0.735 -0.462 -0.09 0.322 0.753 1.176 1.45 1.579 1.699 1.626 1.422 1.303 1.224 1.305 1.645 1.77 1.593 1.223 0.97 0.86 0.87 0.994 1.091 1.228 1.396 1.261 0.926 0.5 0.455 0.775 1.024 1.428 1.82 1.9 1.781 1.524 1.291 1.015 0.855 0.672 0.64 0.67 0.509 0.091 -0.306 -0.174 0.081 0.28 0.506 0.746 0.928 1.017 0.893 0.942 1.04 1.149 1.314 1.315 0.777 0.218 0.133 0.405 0.766 1.102 1.269
-0.919 -0.817 -0.691 -0.626 -0.614 -0.695 -0.746 -0.792 -0.859 -0.88 -0.857 -0.809 -0.697 -0.42 -0.045 0.301 0.637 1.105 1.462 1.684 1.863 1.811 1.594 1.586 1.612 1.584 1.891 1.827 1.596 1.21 0.859 0.797 0.816 0.812 0.855 1.078 1.152 0.937 0.55 0.247 0.536 1.01 1.388 1.622 1.957 1.855 1.599 1.297 1.085 0.85 0.575 0.34 0.244 0.285 0.185 -0.051 -0.272 -0.202 0.056 0.165 0.301 0.588 0.662 0.907 1.012 0.957 0.837 0.817 0.998 1.065 0.772 0.275 0.267 0.492 0.82 1.009 1.14
-1.145 -1.067 -1.009 -0.958 -0.951 -0.967 -0.966 -0.924 -0.861 -0.82 -0.786 -0.715 -0.576 -0.365 -0.128 0.137 0.498 0.944 1.345 1.688 1.922 1.922 1.693 1.722 1.833 1.853 1.961 1.856 1.702 1.306 0.802 0.72 0.684 0.569 0.678 0.868 0.787 0.498 0.216 0.249 0.655 1.17 1.611 1.872 2.061 1.899 1.632 1.335 1.102 0.823 0.496 0.185 0.104 0.198 0.181 0.127 -0.015 -0.15 -0.125 -0.044 0.116 0.331 0.443 0.609 0.757 0.875 1.046 0.996 0.924 0.837 0.639 0.348 0.484 0.726 0.838 0.896 1.096
-1.25 -1.239 -1.222 -1.195 -1.148 -1.063 -0.981 -0.801 -0.655 -0.592 -0.576 -0.575 -0.497 -0.406 -0.275 -0.056 0.327 0.801 1.288 1.728 1.883 1.809 1.75 1.688 1.743 1.906 1.973 1.942 1.867 1.291 0.619 0.503 0.51 0.386 0.613 0.669 0.405 0.065 0.029 0.391 0.811 1.344 1.8 2.042 2.06 1.953 1.56 1.133 0.842 0.602 0.289 0.07 0.209 0.591 0.608 0.539 0.422 0.133 -0.12 -0.162 -0.099 0.015 0.193 0.262 0.465 0.709 0.995 1.118 1.147 0.956 0.674 0.426 0.578 0.811 0.847 0.796 1.033
-1.235 -1.274 -1.229 -1.189 -1.071 -0.928 -0.855 -0.582 -0.314 -0.197 -0.26 -0.404 -0.406 -0.31 -0.182 0.014 0.315 0.771 1.271 1.616 1.627 1.519 1.46 1.385 1.51 1.755 1.883 1.892 1.727 1.254 0.716 0.373 0.22 0.246 0.419 0.41 0.14 -0.158 -0.011 0.498 1.039 1.482 1.766 1.954 1.952 1.772 1.437 0.979 0.679 0.482 0.282 0.262 0.544 0.866 0.935 0.907 0.852 0.544 0.264 0.074 -0.1 -0.151 -0.065 0.059 0.353 0.63 0.71 1.004 1.262 1.235 0.954 0.594 0.518 0.733 0.865 0.702 0.818
-1.169 -1.267 -1.162 -1.027 -0.837 -0.689 -0.707 -0.333 0.017 0.177 0.009 -0.162 -0.235 -0.079 0.033 0.229 0.503 0.874 1.363 1.414 1.304 1.147 1.097 1.105 1.294 1.52 1.598 1.669 1.528 1.348 1.062 0.521 0.127 0.023 0.131 0.122 -0.145 -0.324 -0.036 0.511 1.137 1.575 1.805 1.865 1.839 1.601 1.344 1.031 0.924 0.829 0.595 0.611 0.853 1.183 1.294 1.305 1.181 0.869 0.721 0.504 0.205 -0.04 -0.14 -0.049 0.23 0.419 0.441 0.77 1.127 1.317 1.208 0.909 0.603 0.617 0.702 0.57 0.627
-1.149 -1.234 -1.117 -0.934 -0.693 -0.501 -0.479 -0.139 0.244 0.347 0.239 0.19 0.036 0.077 0.209 0.419 0.776 1.085 1.3 1.346 1.16 0.97 0.92 0.973 1.09 1.218 1.427 1.615 1.734 1.631 1.285 0.841 0.287 -0.081 -0.202 -0.231 -0.361 -0.298 0.086 0.638 1.23 1.566 1.798 1.867 1.917 1.925 1.683 1.362 1.334 1.206 1.107 1.115 1.244 1.402 1.484 1.523 1.439 1.267 1.209 0.955 0.655 0.246 -0.056 -0.096 0.078 0.139 0.228 0.542 0.883 1.27 1.346 1.149 0.848 0.58 0.463 0.408 0.51
-1.163 -1.209 -1.083 -0.884 -0.632 -0.332 -0.28 0.061 0.472 0.557 0.547 0.51 0.27 0.16 0.365 0.618 0.954 1.115 1.361 1.523 1.247 0.99 0.788 0.74 0.698 0.833 1.156 1.411 1.711 1.737 1.438 1.046 0.444 -0.021 -0.329 -0.41 -0.421 -0.215 0.218 0.743 1.312 1.605 1.83 2.007 2.255 2.227 1.94 1.654 1.621 1.516 1.442 1.422 1.486 1.519 1.517 1.549 1.613 1.542 1.508 1.264 0.917 0.522 0.154 -0.066 -0.066 -0.019 0.16 0.486 0.794 1.155 1.329 1.339 1.196 0.934 0.566 0.404 0.584
-1.132 -1.156 -1.022 -0.833 -0.547 -0.253 -0.138 0.156 0.506 0.63 0.61 0.489 0.318 0.22 0.343 0.609 0.976 1.373 1.675 1.631 1.368 1.156 0.7 0.374 0.325 0.436 0.642 0.905 1.182 1.417 1.386 0.993 0.548 0.108 -0.262 -0.428 -0.326 -0.052 0.335 0.839 1.331 1.64 1.938 2.238 2.409 2.327 2.128 1.898 1.755 1.576 1.424 1.338 1.371 1.448 1.423 1.323 1.531 1.448 1.503 1.324 1.056 0.858 0.462 0.059 -0.123 -0.093 0.104 0.353 0.598 0.953 1.316 1.48 1.436 1.285 0.772 0.401 0.722
-1.137 -1.099 -0.99 -0.83 -0.484 -0.128 -0.061 0.191 0.539 0.641 0.522 0.39 0.358 0.361 0.422 0.623 1.036 1.487 1.783 1.598 1.403 1.258 0.696 0.349 0.218 0.11 0.193 0.455 0.721 0.963 1.051 0.794 0.489 0.15 -0.196 -0.384 -0.241 0.017 0.395 0.877 1.293 1.537 1.89 2.261 2.393 2.387 2.305 2.037 1.776 1.521 1.293 1.15 1.137 1.187 1.187 1.1 1.251 1.185 1.291 1.291 1.249 1.143 0.776 0.318 -0.012 -0.138 -0.096 0.071 0.339 0.724 1.103 1.394 1.38 1.17 0.768 0.489 0.647
-1.115 -1.049 -0.865 -0.71 -0.415 -0.054 0.103 0.279 0.591 0.618 0.479 0.357 0.412 0.459 0.514 0.599 0.973 1.253 1.497 1.535 1.41 1.193 0.722 0.516 0.361 0.085 -0.066 0.067 0.329 0.529 0.626 0.583 0.357 0.091 -0.161 -0.306 -0.18 0.109 0.505 0.824 1.165 1.423 1.882 2.148 2.212 2.301 2.42 2.232 1.988 1.686 1.417 1.241 1.217 1.112 1.013 0.916 0.859 0.846 0.957 1.13 1.289 1.169 0.828 0.497 0.156 -0.108 -0.205 -0.15 0.103 0.446 0.861 1.317 1.314 1.181 0.837 0.503 0.512
-1.103 -1.024 -0.79 -0.584 -0.312 0.046 0.231 0.322 0.693 0.695 0.501 0.38 0.344 0.333 0.373 0.447 0.81 0.905 1.104 1.247 1.275 1.08 0.658 0.46 0.241 0.052 -0.146 -0.184 -0.043 0.119 0.213 0.368 0.324 0.069 -0.141 -0.243 -0.01 0.363 0.664 0.679 0.931 1.289 1.681 1.894 2.091 2.326 2.3 2.242 2.043 1.87 1.691 1.538 1.48 1.342 1.238 1.103 0.84 0.581 0.683 0.93 1.003 0.91 0.74 0.595 0.388 0.093 -0.101 -0.186 -0.031 0.249 0.653 1.158 1.352 1.293 1.029 0.638 0.416
-0.959 -0.995 -0.795 -0.524 -0.242 0.106 0.315 0.413 0.758 0.823 0.68 0.555 0.279 0.147 0.206 0.369 0.626 0.612 0.67 0.792 0.866 0.769 0.465 0.173 -0.086 -0.188 -0.225 -0.281 -0.277 -0.196 -0.1 0.177 0.351 0.125 -0.117 -0.149 0.174 0.546 0.721 0.621 0.916 1.393 1.678 1.846 2.106 2.257 2.138 2.009 1.844 1.71 1.634 1.553 1.485 1.385 1.225 1.081 0.86 0.524 0.56 0.692 0.7 0.58 0.478 0.494 0.49 0.283 0.019 -0.151 -0.01 0.32 0.677 0.993 1.079 1.045 0.853 0.564 0.427
-0.689 -0.908 -0.818 -0.563 -0.265 0.099 0.376 0.544 0.761 0.957 0.98 0.825 0.519 0.147 0.131 0.263 0.457 0.488 0.339 0.378 0.38 0.33 0.061 -0.182 -0.343 -0.39 -0.362 -0.327 -0.33 -0.301 -0.232 0.041 0.382 0.231 -0.098 -0.09 0.286 0.618 0.607 0.537 0.995 1.517 1.794 1.873 2.111 2.207 2.104 1.909 1.685 1.456 1.405 1.368 1.361 1.295 1.034 0.858 0.694 0.444 0.376 0.389 0.379 0.259 0.207 0.285 0.404 0.258 -0.007 -0.176 -0.093 0.244 0.573 0.821 0.846 0.872 0.698 0.421 0.386
-0.447 -0.719 -0.805 -0.603 -0.293 0.079 0.404 0.625 0.82 1.101 1.149 0.95 0.699 0.309 0.105 0.101 0.248 0.286 0.102 0.101 0.03 -0.047 -0.169 -0.243 -0.244 -0.185 -0.101 -0.007 0.02 -0.024 -0.097 0.009 0.352 0.293 -0.047 -0.04 0.298 0.494 0.482 0.632 1.02 1.424 1.783 1.956 2.099 2.115 2.061 2.026 1.833 1.553 1.437 1.314 1.214 1.139 1.08 1.028 0.847 0.576 0.398 0.236 0.197 0.159 0.117 0.08 0.162 0.132 -0.041 -0.152 -0.155 0.121 0.41 0.553 0.562 0.524 0.452 0.29 0.303
-0.249 -0.448 -0.693 -0.592 -0.284 0.005 0.29 0.575 0.889 1.201 1.222 1.062 0.931 0.666 0.303 0.016 0.001 0.013 0.088 0.18 -0.059 -0.157 0.026 0.082 0.21 0.295 0.436 0.548 0.605 0.503 0.324 0.053 0.307 0.394 0.039 -0.088 0.214 0.323 0.487 0.689 0.98 1.458 1.808 1.84 1.844 1.898 1.795 1.988 1.814 1.686 1.733 1.49 1.436 1.323 1.344 1.233 1.062 0.747 0.571 0.294 0.282 0.23 0.159 0.017 0.031 -0.018 -0.107 -0.166 -0.191 0.016 0.213 0.246 0.231 0.205 0.171 0.101 0.105
-0.04 -0.176 -0.49 -0.554 -0.302 -0.082 0.168 0.479 0.837 1.234 1.393 1.369 1.276 1.05 0.665 0.172 0.06 0.149 0.254 0.221 0.005 0.139 0.372 0.471 0.593 0.699 0.766 0.852 0.972 0.939 0.737 0.279 0.257 0.273 -0.021 -0.111 0.097 0.231 0.38 0.599 1.013 1.483 1.706 1.657 1.534 1.502 1.58 1.736 1.774 1.758 1.785 1.638 1.588 1.457 1.354 1.251 1.067 0.772 0.507 0.334 0.234 0.135 0.073 0.002 0.02 0.036 -0.021 -0.12 -0.176 -0.127 -0.042 -0.024 -0.024 -0.02 -0.027 -0.042 -0.044
0.13 0.015 -0.218 -0.505 -0.337 -0.127 0.102 0.372 0.713 1.215 1.624 1.692 1.57 1.325 0.905 0.357 0.397 0.455 0.312 0.122 0.214 0.468 0.653 0.665 0.732 0.837 0.86 0.875 1.136 1.173 0.935 0.395 0.183 0.105 -0.155 -0.144 0.014 0.121 0.261 0.636 1.049 1.502 1.53 1.444 1.268 1.177 1.321 1.432 1.622 1.608 1.731 1.678 1.608 1.435 1.196 1.007 0.842 0.563 0.306 0.212 0.118 0.058 0.063 0.092 0.216 0.265 0.161 -0.019 -0.129 -0.182 -0.179 -0.167 -0.154 -0.136 -0.124 -0.114 -0.094
0.282 0.286 0.152 -0.25 -0.373 -0.221 -0.019 0.271 0.67 1.135 1.599 1.667 1.571 1.358 0.91 0.628 0.717 0.651 0.375 0.262 0.477 0.637 0.74 0.714 0.699 0.703 0.722 0.843 1.096 1.077 0.853 0.449 0.144 -0.008 -0.159 -9 -9 0.124 0.439 0.879 1.246 1.463 1.499 1.455 1.246 1.018 1.149 1.199 1.264 1.278 1.413 1.473 1.348 1.202 1.005 0.699 0.502 0.323 0.195 0.151 0.174 0.26 0.297 0.367 0.48 0.508 0.313 0.074 -0.08 -0.168 -0.206 -0.21 -0.198 -0.175 -0.147 -0.108 -0.054
0.475 0.588 0.517 0.089 -0.345 -0.317 -0.075 0.232 0.561 0.963 1.554 1.52 1.432 1.292 0.883 0.904 0.98 0.853 0.473 0.54 0.809 0.82 0.908 0.828 0.673 0.544 0.51 0.762 1.052 1.047 0.85 0.529 0.129 -0.069 -0.177 -9 -9 -9 0.67 1.017 1.251 1.264 1.281 1.23 1.075 0.805 0.85 0.842 0.916 0.951 1.066 1.131 1.047 0.895 0.779 0.505 0.338 0.292 0.268 0.304 0.406 0.596 0.698 0.749 0.726 0.608 0.316 0.082 -0.06 -0.145 -0.191 -0.201 -0.184 -0.145 -0.088 -0.002 0.128
0.76 0.877 0.663 0.266 -0.209 -0.317 -0.122 0.112 0.397 0.807 1.298 1.455 1.458 1.456 1.314 1.254 1.194 0.942 0.673 0.891 1.063 1.085 1.085 0.99 0.759 0.486 0.404 0.555 0.876 0.968 0.836 0.532 0.097 -0.097 -0.176 -9 -9 -9 -9 -9 0.983 1.026 1.016 0.912 0.774 0.62 0.566 0.556 0.596 0.677 0.774 0.817 0.718 0.571 0.474 0.373 0.381 0.507 0.52 0.615 0.76 1.024 1.112 1.049 0.882 0.569 0.247 0.075 -0.036 -0.107 -0.145 -0.141 -0.101 -0.018 0.092 0.238 0.505
0.945 1.046 0.739 0.371 -0.113 -0.325 -0.179 -0.008 0.311 0.723 1.233 1.588 1.531 1.654 1.533 1.525 1.449 0.996 0.94 1.185 1.244 1.227 1.063 0.929 0.712 0.369 0.277 0.35 0.577 0.685 0.577 0.326 -0.005 -0.121 -0.179 -9 -9 -9 -9 -9 -9 0.818 0.834 0.763 0.688 0.601 0.544 0.497 0.477 0.519 0.559 0.562 0.473 0.432 0.431 0.438 0.553 0.759 0.856 1.035 1.197 1.467 1.327 1.114 0.876 0.518 0.251 0.101 -0.002 -0.057 -0.069 -0.021 0.104 0.302 0.504 0.648 0.996
1.006 1.055 0.937 0.607 0.067 -0.337 -0.182 0.022 0.324 0.723 1.231 1.656 1.611 1.784 1.689 1.603 1.287 1.006 1.13 1.251 1.174 1.129 0.976 0.65 0.496 0.288 0.161 0.169 0.257 0.321 0.281 0.12 -0.04 -0.131 -9 -9 -9 -9 -9 -9 -9 -9 0.951 0.964 0.968 0.915 0.803 0.71 0.647 0.605 0.561 0.515 0.505 0.579 0.638 0.666 0.77 0.96 1.17 1.384 1.585 1.732 1.516 1.19 0.839 0.504 0.276 0.125 0.031 0.006 0.057 0.219 0.465 0.75 1.019 1.168 1.402
1.128 1.159 0.957 0.669 0.186 -0.244 -0.165 0.084 0.353 0.663 1.029 1.415 1.661 1.709 1.594 1.43 1.168 1.125 1.188 1.118 1 0.931 0.768 0.559 0.483 0.359 0.238 0.175 0.245 0.283 0.243 0.098 -0.05 -0.135 -9 -9 -9 -9 -9 -9 -9 -9 -9 1.395 1.427 1.357 1.099 1.108 1.081 1.001 0.865 0.716 0.73 0.757 0.827 0.801 0.781 0.892 1.213 1.386 1.652 1.831 1.579 1.235 0.793 0.488 0.286 0.142 0.071 0.086 0.259 0.524 0.857 1.161 1.464 1.551 1.718
1.25 1.209 0.94 0.619 0.216 -0.147 -0.163 0.083 0.31 0.495 0.815 1.226 1.574 1.628 1.496 1.324 1.146 1.142 1.143 1.051 0.974 0.888 0.761 0.705 0.753 0.667 0.493 0.409 0.504 0.488 0.366 0.156 -0.034 -0.131 -9 -9 -9 -9 -9 -9 -9 -9 -9 -9 1.781 1.64 1.422 1.508 1.557 1.393 1.15 0.925 0.814 0.834 0.81 0.719 0.631 0.833 1.114 1.212 1.483 1.677 1.474 1.128 0.747 0.476 0.287 0.182 0.165 0.273 0.536 0.855 1.139 1.295 1.431 1.586 1.891
1.238 1.151 0.913 0.544 0.299 0.128 -0.109 -0.046 0.181 0.358 0.663 1.112 1.561 1.671 1.542 1.307 1.046 0.873 0.849 0.966 1.082 1.104 1.038 0.999 1.049 0.958 0.792 0.78 0.842 0.664 0.42 0.166 -0.041 -0.125 -9 -9 -9 -9 -9 -9 -9 -9 -9 -9 -9 1.809 1.856 1.815 1.936 1.66 1.363 1.226 0.898 0.798 0.649 0.541 0.486 0.735 0.958 0.957 1.364 1.525 1.336 0.975 0.66 0.443 0.279 0.255 0.323 0.49 0.784 1.087 1.278 1.237 1.291 1.545 1.91
1.195 1.102 0.934 0.675 0.571 0.485 0.08 -0.069 0.225 0.442 0.685 1.063 1.483 1.534 1.391 1.174 0.964 0.742 0.566 0.646 0.848 1.033 1.057 1.01 1.038 0.928 0.856 0.936 0.965 0.715 0.381 0.104 -0.056 -9 -9 -9 -9 -9 -9 -9 -9 -9 -9 -9 -9 2.151 2.161 2.079 2.143 1.877 1.722 1.525 1.181 1.038 0.795 0.643 0.48 0.617 0.825 0.836 1.068 1.293 1.168 0.869 0.602 0.403 0.299 0.362 0.483 0.633 0.867 1.097 1.206 1.148 1.257 1.575 1.96
1.246 1.208 1.129 0.946 0.873 0.765 0.282 0.05 0.26 0.534 0.839 1.146 1.452 1.404 1.288 1.2 1.129 0.857 0.468 0.259 0.472 0.767 0.973 0.918 0.829 0.811 0.664 0.715 0.817 0.593 0.246 0.03 -9 -9 -9 -9 -9 -9 -9 -9 -9 -9 -9 -9 -9 -9 2.324 2.148 2.283 2.024 2.113 1.744 1.491 1.418 1.058 0.891 0.547 0.592 0.742 0.745 0.784 1.107 1.07 0.79 0.54 0.361 0.286 0.409 0.546 0.702 0.879 1.033 1.048 1.034 1.247 1.59 1.949
1.365 1.34 1.275 1.141 1.062 0.909 0.434 0.216 0.382 0.508 0.835 1.218 1.47 1.433 1.404 1.355 1.127 0.685 0.321 0.027 0.206 0.525 0.705 0.691 0.761 0.773 0.549 0.447 0.502 0.388 0.14 0.002 -9 -9 -9 -9 -9 -9 -9 -9 -9 -9 -9 -9 -9 -9 -9 2.353 2.348 2.296 2.242 2.049 1.879 1.585 1.233 0.973 0.702 0.61 0.587 0.64 0.717 0.861 0.876 0.715 0.511 0.335 0.234 0.329 0.496 0.653 0.781 0.822 0.867 1.055 1.249 1.503 1.868
1.503 1.451 1.381 1.332 1.227 1.032 0.592 0.368 0.612 0.604 0.779 1.247 1.549 1.428 1.441 1.397 0.987 0.354 0.044 -0.176 -0.035 0.299 0.326 0.319 0.495 0.554 0.415 0.255 0.256 0.221 0.079 -9 -9 -9 -9 -9 -9 -9 -9 -9 -9 -9 -9 -9 -9 -9 -9 2.44 2.458 2.337 2.312 2.278 2.056 1.752 1.607 1.341 1.03 0.914 0.765 0.829 0.878 0.893 0.834 0.723 0.538 0.334 0.209 0.27 0.413 0.51 0.614 0.691 0.823 1.098 1.306 1.516 1.817
1.516 1.543 1.522 1.47 1.319 1.111 0.749 0.561 0.78 0.823 0.873 1.267 1.652 1.601 1.406 1.173 0.767 0.287 0.07 -0.1 -0.183 -0.069 -0.001 0.067 0.123 0.186 0.213 0.278 0.428 0.334 -9 -9 -9 -9 -9 -9 -9 -9 -9 -9 -9 -9 -9 -9 -9 -9 -9 -9 2.136 2.024 2.061 2.253 2.18 2.081 2.007 1.705 1.491 1.258 1.173 1.265 1.296 1.236 1.131 0.953 0.644 0.35 0.205 0.198 0.289 0.384 0.52 0.736 0.901 1.128 1.367 1.6 1.728
1.453 1.629 1.688 1.527 1.394 1.25 0.928 0.685 0.892 1.029 1.099 1.324 1.785 1.832 1.523 1.049 0.677 0.572 0.504 0.368 0.016 -0.245 -0.252 -0.182 -0.049 0.158 0.328 0.522 0.632 -9 -9 -9 -9 -9 -9 -9 -9 -9 -9 -9 -9 -9 -9 -9 -9 -9 -9 -9 -9 1.684 1.868 2.218 2.214 2.214 2.187 1.96 1.803 1.598 1.567 1.608 1.586 1.503 1.367 1.139 0.739 0.362 0.194 0.134 0.229 0.364 0.494 0.697 0.892 1.124 1.395 1.51 1.572
1.464 1.635 1.613 1.62 1.579 1.376 0.997 0.769 0.972 1.173 1.42 1.544 1.733 1.827 1.668 1.03 0.931 1.03 0.962 0.75 0.412 0.158 0.026 0.101 0.297 0.496 0.555 0.688 -9 -9 -9 -9 -9 -9 -9 -9 -9 -9 -9 -9 -9 -9 -9 -9 -9 -9 -9 -9 -9 -9 -9 2.036 1.992 1.983 2.033 1.966 1.892 1.856 1.88 1.807 1.666 1.512 1.303 1.059 0.697 0.347 0.174 0.095 0.167 0.296 0.421 0.577 0.783 1.019 1.252 1.321 1.39
1.573 1.734 1.728 1.783 1.694 1.431 1.187 0.916 0.978 1.113 1.402 1.704 1.771 1.693 1.477 1.205 1.22 1.272 1.272 1.063 0.796 0.597 0.409 0.397 0.369 0.337 0.267 -9 -9 -9 -9 -9 -9 -9 -9 -9 -9 -9 -9 -9 -9 -9 -9 -9 -9 -9 -9 -9 -9 -9 -9 -9 1.823 1.835 1.786 1.76 1.848 1.871 1.927 1.928 1.77 1.462 1.11 0.813 0.528 0.284 0.137 0.065 0.098 0.208 0.32 0.458 0.676 0.92 1.057 1.125 1.218
