data/climatemaps/RS_maps/climate_winter_tmin_2018.asc
NCOLS 369 
NROWS 228 
XLLCORNER 479000 
YLLCORNER 73000 
CELLSIZE 1000 
NODATA_value -9 
[rows 170 to 203 of 228, columns 154 to 230 of 369]
-0.26 -0.355 -0.724 -0.736 -0.766 -0.411 -0.343 -0.15 0.279 0.488 0.477 0.369 0.145 -0.349 -0.833 -1.198 -1.426 -1.479 -1.295 -1.067 -1.148 -1.138 -0.97 -1.025 -1.014 -1.16 -1.579 -1.624 -1.22 -0.738 -0.573 -0.611 -0.782 -1.037 -1.076 -1.066 -1.16 -0.826 -0.394 0.129 0.189 -0.213 -0.336 -0.647 -0.962 -0.88 -0.625 -0.381 -0.311 -0.203 -0.256 -0.177 -0.215 -0.35 -0.197 0.322 0.9 0.405 -0.079 -0.295 -0.444 -0.554 -0.563 -0.455 -0.044 -0.019 -0.067 -0.151 -0.389 -0.563 -0.041 0.496 0.381 -0.102 -0.535 -0.695 -0.52
0.049 -0.141 -0.337 -0.403 -0.363 -0.111 0.086 0.265 0.474 0.52 0.414 0.292 0.082 -0.375 -0.927 -1.169 -1.173 -1.35 -1.355 -1.278 -1.373 -1.291 -1.092 -1.288 -1.453 -1.287 -1.573 -1.28 -0.906 -0.605 -0.462 -0.64 -0.871 -0.888 -0.821 -1.027 -1.007 -0.601 -0.098 0.321 -0.145 -0.644 -0.85 -0.786 -0.999 -0.7 -0.394 -0.226 -0.215 -0.197 -0.061 0.117 0.234 0.182 0.323 0.655 0.952 0.633 0.097 -0.001 -0.046 -0.347 -0.179 -0.417 -0.416 -0.169 0.11 0.277 0.114 -0.074 0.047 0.592 0.333 -0.11 -0.525 -0.456 -0.212
0.334 0.163 0.083 -0.008 0.089 0.268 0.415 0.465 0.422 0.415 0.372 0.156 -0.166 -0.51 -0.739 -0.837 -1.036 -1.134 -1.218 -1.329 -1.563 -1.574 -1.178 -1.491 -1.786 -1.586 -1.419 -1.004 -0.874 -0.726 -0.36 -0.667 -0.855 -0.53 -0.702 -0.989 -0.707 -0.227 0.288 0.165 -0.346 -0.877 -1.122 -1.028 -1.066 -0.712 -0.56 -0.517 -0.643 -0.506 -0.199 0.193 0.493 0.431 0.596 0.554 0.685 0.909 0.622 0.458 0.241 -0.06 0.071 -0.147 -0.217 -0.219 -0.38 -0.007 0.299 0.382 0.337 0.671 0.172 -0.368 -0.411 -0.172 -0.112
0.451 0.438 0.419 0.37 0.372 0.325 0.325 0.112 0.003 0.029 0.05 0.011 -0.181 -0.314 -0.402 -0.515 -0.794 -1.023 -1.291 -1.567 -1.614 -1.482 -1.454 -1.516 -1.611 -1.599 -1.325 -1.064 -1.041 -0.606 -0.062 -0.325 -0.609 -0.442 -0.885 -0.919 -0.371 0.2 0.292 -0.218 -0.579 -1.035 -1.211 -1.087 -0.857 -0.774 -0.481 -0.243 -0.181 -0.123 0.147 0.452 0.279 -0.192 -0.071 0.087 0.162 0.53 0.916 0.904 0.736 0.553 0.254 0.322 0.142 -0.107 -0.321 -0.291 -0.16 0.2 0.455 0.705 0.223 -0.269 -0.268 0.106 -0.159
0.309 0.434 0.205 0.244 0.044 -0.142 0.052 -0.313 -0.632 -0.705 -0.404 -0.069 -0.111 -0.369 -0.538 -0.657 -0.727 -1.02 -1.374 -1.568 -1.314 -1.105 -1.201 -1.14 -1.324 -1.475 -1.269 -1.074 -0.811 -0.464 -0.146 0.032 -0.053 -0.343 -0.859 -0.792 -0.269 0.416 0.185 -0.458 -1.004 -1.16 -0.915 -0.765 -0.545 -0.475 -0.317 -0.08 0.105 0.19 0.321 0.309 -0.122 -0.412 -0.27 -0.056 -0.163 0.189 0.529 0.749 0.998 0.991 0.66 0.55 0.137 -0.195 0.052 -0.203 -0.403 -0.173 0.164 0.634 0.558 0.091 -0.178 0.26 0.139
0.113 0.36 0.001 -0.242 -0.531 -0.602 -0.162 -0.628 -1.051 -1.142 -0.614 -0.308 -0.25 -0.651 -0.843 -1.004 -1.074 -1.191 -1.5 -1.18 -0.886 -0.745 -0.835 -0.969 -1.246 -1.311 -1.027 -0.885 -0.622 -0.596 -0.567 -0.169 0.124 0.027 -0.329 -0.404 0.083 0.484 0.117 -0.429 -0.983 -1.07 -0.817 -0.484 -0.348 -0.172 -0.128 -0.033 -0.169 -0.235 0.012 -0.004 -0.223 -0.547 -0.497 -0.356 -0.162 0.226 0.201 0.375 0.624 0.917 0.987 0.697 0.211 0.076 0.347 0.097 -0.2 -0.336 -0.124 0.246 0.688 0.496 0.187 0.382 0.383
0.111 0.271 -0.089 -0.425 -0.839 -0.922 -0.406 -0.74 -1.251 -1.115 -0.66 -0.725 -0.517 -0.778 -1.054 -1.238 -1.594 -1.54 -1.206 -0.904 -0.687 -0.582 -0.764 -1.086 -1.328 -1.164 -1.155 -1.138 -1.212 -1.145 -0.792 -0.523 0.014 0.361 0.301 0.091 0.441 0.342 -0.141 -0.648 -1.085 -0.868 -0.649 -0.389 -0.268 -0.442 -0.422 -0.239 -0.532 -0.488 -0.435 -0.439 -0.512 -0.567 -0.482 -0.355 -0.192 0 -0.169 0.081 0.229 0.675 1.042 0.879 0.447 0.48 0.552 0.311 0.07 -0.313 -0.261 0.095 0.49 0.72 0.7 0.669 0.52
0.211 0.233 -0.114 -0.456 -0.77 -1.034 -0.65 -0.92 -1.407 -1.314 -1.152 -1.131 -0.803 -0.768 -1.24 -1.556 -1.739 -1.397 -1.263 -1.235 -0.851 -0.72 -0.709 -0.816 -0.777 -0.841 -1.109 -1.223 -1.48 -1.459 -1.082 -0.744 -0.147 0.239 0.526 0.489 0.464 0.134 -0.327 -0.76 -1.06 -0.835 -0.602 -0.508 -0.75 -0.756 -0.549 -0.396 -0.634 -0.676 -0.715 -0.702 -0.702 -0.569 -0.347 -0.224 -0.385 -0.359 -0.424 -0.174 0.246 0.59 0.898 1.067 0.825 0.733 0.481 0.105 -0.047 -0.268 -0.193 -0.117 0.09 0.306 0.658 0.785 0.376
0.226 0.127 -0.259 -0.536 -0.841 -1.045 -0.703 -0.917 -1.332 -1.342 -1.244 -0.992 -0.817 -0.744 -1.068 -1.485 -1.717 -1.834 -1.841 -1.437 -1.009 -1.014 -0.581 -0.285 -0.335 -0.517 -0.635 -0.804 -0.992 -1.322 -1.28 -0.758 -0.301 0.054 0.479 0.649 0.33 -0.121 -0.465 -0.832 -1 -0.832 -0.742 -0.838 -0.958 -0.792 -0.639 -0.515 -0.578 -0.502 -0.462 -0.397 -0.406 -0.407 -0.22 0.056 -0.335 -0.253 -0.381 -0.127 0.26 0.35 0.642 1.039 1.09 0.879 0.501 0.248 0.158 -0.064 -0.288 -0.288 -0.135 -0.042 0.473 0.891 0.217
0.235 0.014 -0.227 -0.422 -0.86 -1.168 -0.781 -0.869 -1.249 -1.274 -0.979 -0.809 -0.889 -1.101 -1.335 -1.562 -1.915 -2.103 -2.047 -1.437 -1.152 -1.208 -0.657 -0.436 -0.395 -0.189 -0.236 -0.474 -0.693 -0.9 -0.947 -0.578 -0.225 0.058 0.43 0.681 0.291 -0.009 -0.387 -0.783 -0.835 -0.569 -0.627 -0.89 -0.895 -0.832 -0.783 -0.483 -0.27 -0.151 -0.039 0.054 0.07 0.05 0.033 0.205 -0.112 0.024 -0.177 -0.125 -0.03 -0.018 0.275 0.687 1.032 1.11 0.959 0.701 0.488 0.142 -0.074 -0.222 0.057 0.373 0.673 0.927 0.44
0.255 -0.087 -0.526 -0.589 -0.922 -1.281 -0.966 -0.923 -1.285 -1.153 -0.866 -0.763 -1.021 -1.399 -1.685 -1.609 -1.966 -1.866 -1.794 -1.54 -1.309 -1.277 -0.799 -0.866 -0.873 -0.34 -0.034 -0.155 -0.42 -0.544 -0.57 -0.454 -0.082 0.195 0.468 0.687 0.363 0.036 -0.423 -0.579 -0.571 -0.4 -0.644 -0.77 -0.656 -0.677 -0.844 -0.621 -0.429 -0.264 -0.118 -0.007 -0.019 0.146 0.249 0.352 0.336 0.306 0.158 -0.028 -0.195 -0.043 0.306 0.548 0.824 1.118 1.184 1.093 0.783 0.51 0.211 -0.155 0.121 0.336 0.624 0.933 0.744
0.2 -0.082 -0.61 -0.923 -1.176 -1.437 -1.216 -0.932 -1.358 -1.229 -0.856 -0.764 -0.846 -1.059 -1.276 -1.339 -1.738 -1.449 -1.375 -1.36 -1.414 -1.31 -0.948 -0.939 -0.769 -0.518 -0.141 0.065 -0.026 -0.135 -0.134 -0.28 -0.149 0.23 0.515 0.676 0.228 -0.29 -0.544 -0.205 -0.181 -0.248 -0.398 -0.422 -0.503 -0.716 -0.633 -0.595 -0.466 -0.464 -0.44 -0.382 -0.365 -0.166 -0.057 0.047 0.278 0.547 0.384 0.039 0.022 0.206 0.375 0.403 0.517 0.804 0.996 1.155 0.962 0.744 0.434 -0.025 -0.036 0.12 0.362 0.725 0.971
-0.136 -0.024 -0.533 -1.037 -1.35 -1.606 -1.389 -1.041 -1.418 -1.364 -1.029 -0.941 -0.669 -0.64 -0.924 -1.241 -1.547 -1.133 -0.883 -0.951 -1.084 -1.116 -0.862 -0.615 -0.312 -0.137 -0.073 0.118 0.318 0.296 0.258 -0.078 -0.334 0.116 0.569 0.632 0.031 -0.491 -0.556 -0.065 -0.154 -0.487 -0.495 -0.384 -0.587 -0.63 -0.394 -0.213 -0.162 -0.142 -0.28 -0.331 -0.268 -0.163 0.04 0.108 0.123 0.604 0.346 0.142 0.202 0.52 0.663 0.482 0.24 0.446 0.7 1.113 0.768 0.438 0.172 0.053 0.279 0.454 0.62 0.809 0.96
-0.698 -0.047 -0.386 -0.885 -1.3 -1.663 -1.575 -1.309 -1.413 -1.522 -1.423 -1.239 -0.886 -0.506 -0.714 -1.022 -1.323 -1.113 -0.578 -0.589 -0.592 -0.66 -0.374 -0.105 0.111 0.259 0.264 0.293 0.489 0.549 0.538 0.176 -0.365 -0.039 0.592 0.59 -0.052 -0.488 -0.233 0.13 -0.234 -0.657 -0.686 -0.484 -0.622 -0.613 -0.405 -0.159 0.021 0.176 0.115 0.086 0.05 0.086 0.364 0.493 0.526 0.697 0.644 0.552 0.569 0.781 0.865 0.701 0.406 0.54 0.894 1.141 1.017 0.558 0.255 0.156 0.394 0.462 0.656 1.011 0.906
-1.105 -0.399 -0.193 -0.693 -1.206 -1.697 -1.81 -1.655 -1.56 -1.773 -1.568 -1.164 -0.85 -0.542 -0.432 -0.591 -0.914 -0.899 -0.341 -0.31 -0.237 -0.145 -0.005 0.03 0.036 -0.016 -0.007 -0.038 0.057 0.239 0.517 0.441 -0.202 -0.093 0.604 0.518 -0.043 -0.188 0.145 -0.003 -0.241 -0.436 -0.71 -0.716 -0.738 -0.592 -0.474 -0.467 -0.215 0.116 0.208 0.287 0.394 0.443 0.423 0.303 0.398 0.592 0.667 0.826 0.836 0.843 0.894 0.987 0.781 0.687 0.965 1.078 1.181 0.738 0.402 0.4 0.614 0.794 0.835 1.092 0.914
-1.315 -0.745 -0.243 -0.617 -1.185 -1.59 -1.718 -1.726 -1.805 -1.964 -1.621 -1.188 -0.982 -0.815 -0.522 -0.308 -0.4 -0.413 -0.424 -0.577 -0.222 -0.054 -0.359 -0.443 -0.594 -0.625 -0.694 -0.704 -0.625 -0.336 0.03 0.54 0.042 -0.191 0.429 0.671 0.182 0.164 0.095 0.017 -0.103 -0.519 -0.755 -0.562 -0.4 -0.384 -0.213 -0.467 -0.224 -0.046 -0.134 0.124 0.095 0.189 0.038 0.039 0.074 0.318 0.336 0.594 0.489 0.547 0.649 0.933 0.968 1.077 1.19 1.225 1.258 0.891 0.672 0.819 0.993 1.106 1.161 1.235 1.189
-1.492 -1.078 -0.454 -0.49 -1.066 -1.393 -1.567 -1.739 -1.873 -2.114 -1.904 -1.656 -1.382 -1.2 -0.959 -0.332 -0.305 -0.527 -0.807 -0.686 -0.207 -0.523 -0.928 -1.015 -1.117 -1.177 -1.058 -0.999 -1.007 -0.806 -0.477 0.401 0.252 0.071 0.578 0.788 0.375 0.358 0.268 0.338 -0.079 -0.561 -0.678 -0.373 -0.06 -0.022 -0.109 -0.348 -0.338 -0.268 -0.289 -0.004 -0.076 0.041 -0.017 -0.089 -0.059 0.155 0.348 0.439 0.492 0.676 0.794 0.993 1.107 1.114 1.156 1.249 1.291 1.169 1.075 1.164 1.268 1.309 1.331 1.33 1.331
-1.546 -1.136 -0.729 -0.363 -0.869 -1.296 -1.565 -1.709 -1.828 -2.212 -2.405 -2.155 -1.713 -1.386 -1.001 -0.39 -0.614 -0.829 -0.64 -0.334 -0.449 -0.835 -1.095 -1.02 -1.031 -1.098 -0.98 -0.8 -0.983 -0.871 -0.43 0.347 0.519 0.474 0.865 0.791 0.552 0.537 0.563 0.262 -0.04 -0.492 -0.36 -0.141 0.111 0.207 0.018 -0.119 -0.325 -0.2 -0.314 -0.202 -0.103 0.031 0.231 0.294 0.276 0.481 0.708 0.716 0.836 0.937 0.986 1.016 0.841 0.781 0.91 1.156 1.241 1.306 1.304 1.321 1.347 1.354 1.356 1.353 1.348
-1.539 -1.356 -1.243 -0.597 -0.566 -1.049 -1.35 -1.645 -2.01 -2.248 -2.568 -2.157 -1.64 -1.264 -0.722 -0.551 -0.885 -0.9 -0.485 -0.294 -0.632 -0.79 -0.891 -0.767 -0.718 -0.664 -0.628 -0.575 -0.798 -0.528 -0.081 0.426 0.731 0.726 0.91 -9 -9 0.664 0.359 -0.024 -0.332 -0.463 -0.389 -0.318 -0.012 0.28 -0.018 -0.065 -0.074 0.055 -0.096 -0.131 0.131 0.222 0.39 0.643 0.685 0.794 0.898 0.929 0.911 0.81 0.863 0.828 0.643 0.566 0.815 1.11 1.241 1.321 1.34 1.349 1.356 1.361 1.361 1.361 1.357
-1.747 -1.729 -1.647 -0.999 -0.5 -0.806 -1.285 -1.698 -1.896 -2.079 -2.579 -1.971 -1.398 -1.034 -0.565 -0.761 -1.038 -0.955 -0.448 -0.534 -0.913 -0.845 -0.933 -0.778 -0.536 -0.364 -0.277 -0.504 -0.741 -0.52 -0.114 0.253 0.718 0.869 0.93 -9 -9 -9 0.035 -0.187 -0.274 -0.126 -0.104 -0.047 0.088 0.363 0.251 0.266 0.201 0.245 0.177 0.138 0.267 0.437 0.463 0.7 0.853 0.805 0.858 0.841 0.796 0.646 0.556 0.503 0.521 0.623 1.02 1.253 1.324 1.352 1.356 1.358 1.362 1.366 1.365 1.352 1.282
-2.249 -2.241 -1.687 -1.089 -0.565 -0.744 -1.176 -1.525 -1.614 -1.888 -2.264 -1.865 -1.392 -1.236 -1.068 -1.151 -1.177 -0.878 -0.435 -0.88 -1.146 -1.057 -1.083 -0.945 -0.602 -0.237 -0.119 -0.175 -0.606 -0.546 -0.222 0.148 0.766 0.944 0.949 -9 -9 -9 -9 -9 0.141 0.188 0.21 0.305 0.391 0.51 0.527 0.524 0.493 0.441 0.381 0.346 0.48 0.663 0.722 0.781 0.745 0.531 0.638 0.63 0.605 0.388 0.332 0.429 0.591 0.917 1.274 1.354 1.361 1.366 1.366 1.366 1.359 1.316 1.262 1.193 0.966
-2.397 -2.294 -1.612 -1.039 -0.586 -0.601 -0.991 -1.234 -1.571 -1.892 -2.249 -2.255 -1.634 -1.565 -1.362 -1.461 -1.466 -0.818 -0.789 -1.176 -1.222 -1.13 -0.842 -0.672 -0.432 -0.012 0.09 0.066 -0.116 -0.108 0.167 0.504 0.914 0.967 0.968 -9 -9 -9 -9 -9 -9 0.477 0.455 0.513 0.539 0.573 0.586 0.627 0.662 0.612 0.588 0.592 0.713 0.745 0.705 0.672 0.529 0.298 0.325 0.274 0.278 0.087 0.4 0.699 0.866 1.169 1.353 1.363 1.367 1.372 1.372 1.355 1.256 1.081 0.941 0.943 0.66
-2.405 -2.175 -1.817 -1.314 -0.751 -0.429 -0.925 -1.296 -1.667 -2.017 -2.369 -2.481 -1.867 -1.839 -1.603 -1.534 -1.105 -0.755 -1.016 -1.192 -1.003 -0.895 -0.651 -0.19 -0.042 0.187 0.348 0.403 0.4 0.456 0.594 0.813 0.95 0.981 -9 -9 -9 -9 -9 -9 -9 -9 0.429 0.404 0.349 0.35 0.42 0.549 0.617 0.67 0.684 0.716 0.699 0.527 0.409 0.367 0.247 0.069 -0.024 -0.063 -0.087 -0.035 0.377 0.823 1.092 1.314 1.365 1.369 1.372 1.375 1.359 1.182 0.962 0.754 0.558 0.617 0.543
-2.549 -2.264 -1.706 -1.321 -0.858 -0.439 -0.86 -1.41 -1.779 -2.036 -2.104 -2.183 -2.094 -1.84 -1.492 -1.266 -0.839 -0.917 -1.122 -0.981 -0.701 -0.586 -0.349 -0.027 0.077 0.209 0.343 0.501 0.493 0.548 0.642 0.825 0.951 0.991 -9 -9 -9 -9 -9 -9 -9 -9 -9 0.095 0.035 0.084 0.364 0.342 0.341 0.398 0.488 0.594 0.511 0.42 0.26 0.292 0.394 0.374 0.108 0.149 0.059 0.043 0.47 0.862 1.23 1.36 1.37 1.374 1.378 1.36 1.156 0.942 0.672 0.471 0.272 0.409 0.429
-2.691 -2.207 -1.543 -1.049 -0.77 -0.564 -0.725 -1.277 -1.608 -1.637 -1.75 -1.929 -2.044 -1.779 -1.384 -1.111 -0.925 -1.031 -1.122 -0.991 -0.797 -0.57 -0.338 -0.243 -0.303 -0.221 0.071 0.249 0.121 0.193 0.386 0.671 0.91 0.999 -9 -9 -9 -9 -9 -9 -9 -9 -9 -9 -0.136 0.069 0.354 0.22 0.031 0.195 0.43 0.598 0.651 0.451 0.426 0.487 0.734 0.494 0.218 0.465 0.365 0.28 0.656 1.011 1.319 1.368 1.375 1.353 1.334 1.2 0.933 0.647 0.427 0.455 0.502 0.562 0.339
-2.587 -1.984 -1.389 -0.834 -0.751 -0.895 -0.641 -0.883 -1.2 -1.302 -1.481 -1.794 -2.124 -1.923 -1.498 -1.125 -0.837 -0.71 -0.783 -1.011 -1.113 -0.996 -0.765 -0.625 -0.635 -0.511 -0.199 -0.14 -0.238 0.04 0.369 0.69 0.952 1.016 -9 -9 -9 -9 -9 -9 -9 -9 -9 -9 -9 0.169 0.138 0.196 -0.029 0.243 0.492 0.487 0.757 0.729 0.803 0.828 0.883 0.581 0.408 0.681 0.376 0.393 0.736 1.154 1.364 1.373 1.371 1.225 1.095 0.959 0.708 0.485 0.423 0.698 0.793 0.655 0.387
-2.317 -1.734 -1.323 -0.984 -1.109 -1.353 -0.839 -0.689 -1.236 -1.549 -1.556 -1.711 -1.987 -1.638 -1.2 -0.846 -0.702 -0.588 -0.437 -0.618 -0.856 -1.051 -0.86 -0.598 -0.556 -0.277 -0.18 -0.319 -0.338 0.052 0.49 0.879 1.019 -9 -9 -9 -9 -9 -9 -9 -9 -9 -9 -9 -9 -0.105 -0.033 0.179 0.008 0.322 0.364 0.371 0.688 0.619 0.818 0.757 0.965 0.757 0.436 0.777 0.632 0.545 0.862 1.211 1.373 1.379 1.312 1.055 0.872 0.826 0.693 0.576 0.566 0.832 0.839 0.623 0.31
-2.317 -1.854 -1.61 -1.345 -1.518 -1.693 -0.996 -0.729 -1.131 -1.618 -1.799 -1.833 -1.91 -1.408 -1.034 -0.91 -1.011 -0.86 -0.437 -0.217 -0.493 -0.842 -0.923 -0.601 -0.32 -0.15 0.099 0.068 -0.036 0.285 0.737 1.006 -9 -9 -9 -9 -9 -9 -9 -9 -9 -9 -9 -9 -9 -9 -0.134 0.166 0.035 0.312 0.106 0.422 0.57 0.446 0.666 0.62 0.945 0.806 0.63 0.771 0.965 0.705 0.833 1.185 1.373 1.384 1.293 0.958 0.791 0.698 0.666 0.651 0.813 0.977 0.829 0.561 0.323
-2.538 -2.096 -1.844 -1.651 -1.733 -1.692 -1.013 -0.812 -1.159 -1.231 -1.648 -1.926 -1.834 -1.426 -1.243 -1.256 -1.115 -0.611 -0.434 0.007 -0.32 -0.718 -0.783 -0.458 -0.489 -0.334 0.179 0.443 0.409 0.556 0.935 1.03 -9 -9 -9 -9 -9 -9 -9 -9 -9 -9 -9 -9 -9 -9 -9 -0.076 0.053 0.064 0.095 0.269 0.282 0.502 0.808 0.872 0.994 1.027 1.022 1.002 1.083 1.025 1.031 1.233 1.38 1.39 1.38 1.085 0.866 0.741 0.768 0.911 1.01 0.908 0.812 0.674 0.435
-2.721 -2.286 -2.017 -1.939 -1.891 -1.701 -1.079 -0.854 -1.373 -1.29 -1.392 -1.818 -1.823 -1.298 -1.198 -1.239 -0.849 -0.155 0.016 0.254 -0.037 -0.471 -0.325 -0.076 -0.159 -0.06 0.267 0.629 0.718 0.792 0.977 -9 -9 -9 -9 -9 -9 -9 -9 -9 -9 -9 -9 -9 -9 -9 -9 -0.266 -0.184 0.02 0.053 0.051 0.279 0.566 0.552 0.651 0.809 0.799 0.968 0.922 0.978 1.075 1.207 1.291 1.332 1.396 1.394 1.159 0.968 0.995 1.035 1.068 1.04 0.805 0.68 0.635 0.465
-2.678 -2.413 -2.241 -2.138 -1.889 -1.609 -1.108 -0.94 -1.513 -1.645 -1.303 -1.637 -1.867 -1.412 -0.943 -0.735 -0.454 0.095 0.139 0.256 0.38 0.093 0.115 0.116 0.345 0.509 0.618 0.627 0.37 0.52 -9 -9 -9 -9 -9 -9 -9 -9 -9 -9 -9 -9 -9 -9 -9 -9 -9 -9 0.033 0.295 0.29 0.035 0.203 0.343 0.287 0.529 0.541 0.727 0.777 0.658 0.702 0.847 0.96 1.064 1.228 1.399 1.403 1.272 1.149 1.155 1.126 0.951 0.89 0.734 0.568 0.476 0.57
-2.413 -2.517 -2.464 -2.103 -1.852 -1.661 -1.23 -0.987 -1.496 -1.783 -1.582 -1.516 -1.796 -1.567 -1.045 -0.505 -0.23 -0.289 -0.377 -0.348 0.071 0.461 0.535 0.551 0.52 0.385 0.317 0.2 0.149 -9 -9 -9 -9 -9 -9 -9 -9 -9 -9 -9 -9 -9 -9 -9 -9 -9 -9 -9 -9 0.479 0.319 -0.04 0.091 0.214 0.27 0.444 0.489 0.644 0.641 0.607 0.654 0.735 0.792 0.885 1.15 1.396 1.408 1.369 1.223 1.123 1.089 0.963 0.852 0.689 0.481 0.561 0.747
-2.307 -2.46 -2.256 -2.134 -2.006 -1.685 -1.172 -0.986 -1.457 -1.832 -1.936 -1.651 -1.49 -1.365 -1.111 -0.371 -0.437 -0.765 -0.844 -0.681 -0.306 -0.015 0.186 0.147 -0.006 -0.142 -0.039 -0.069 -9 -9 -9 -9 -9 -9 -9 -9 -9 -9 -9 -9 -9 -9 -9 -9 -9 -9 -9 -9 -9 -9 -9 -0.012 0.266 0.503 0.496 0.555 0.578 0.519 0.476 0.651 0.836 0.927 0.992 1.009 1.188 1.394 1.411 1.411 1.3 1.194 1.138 1.099 0.979 0.801 0.582 0.767 0.929
-2.426 -2.642 -2.318 -2.32 -2.117 -1.576 -1.315 -0.983 -1.25 -1.43 -1.668 -1.778 -1.361 -0.975 -0.666 -0.408 -0.629 -0.914 -1.127 -0.975 -0.737 -0.598 -0.289 -0.342 -0.213 0.018 0.373 -9 -9 -9 -9 -9 -9 -9 -9 -9 -9 -9 -9 -9 -9 -9 -9 -9 -9 -9 -9 -9 -9 -9 -9 -9 0.338 0.583 0.713 0.764 0.644 0.576 0.539 0.621 0.787 1.016 1.22 1.29 1.352 1.405 1.416 1.419 1.377 1.277 1.239 1.2 1.046 0.837 0.817 0.946 1.042
