data/climatemaps/RS_maps/climate_breeding_pr_1999.asc
NCOLS 369 
NROWS 228 
XLLCORNER 479000 
YLLCORNER 73000 
CELLSIZE 1000 
NODATA_value -9 
[rows 136 to 169 of 228, columns 78 to 155 of 369]
0.392 0.472 0.514 0.486 0.429 0.375 0.338 0.335 0.357 0.417 0.443 0.38 0.266 0.136 0 -0.128 -0.284 -0.299 -0.096 0.219 0.32 0.25 0.28 0.458 0.651 0.777 0.883 1.252 1.468 1.504 1.498 1.425 1.535 1.668 1.842 1.657 1.582 1.396 0.946 0.569 0.413 0.549 0.693 0.85 1.138 1.159 1.277 1.281 1.172 0.945 0.804 0.599 0.38 0.6 0.942 1.346 1.731 1.89 1.71 1.437 1.02 0.498 0.169 0.198 0.311 0.464 0.601 0.768 0.917 1.01 1.271 1.389 1.168 1.199 1.409 1.198 0.825 0.437
0.43 0.523 0.547 0.531 0.489 0.428 0.384 0.352 0.335 0.332 0.318 0.266 0.186 0.077 -0.049 -0.171 -0.32 -0.344 -0.134 0.082 0.113 0.113 0.188 0.332 0.504 0.69 0.811 1.141 1.323 1.345 1.189 1.207 1.137 1.321 1.521 1.421 1.163 0.919 0.597 0.499 0.569 0.811 0.987 1.163 1.541 1.533 1.569 1.445 1.241 1.069 0.758 0.52 0.494 0.779 1.123 1.534 1.98 1.881 1.554 1.143 0.76 0.31 0.129 0.222 0.43 0.658 0.785 0.832 1.057 1.418 1.618 1.526 1.396 1.621 1.828 1.553 1.172 0.68
0.462 0.535 0.565 0.555 0.516 0.465 0.424 0.403 0.377 0.348 0.307 0.246 0.16 0.044 -0.081 -0.205 -0.335 -0.372 -0.207 -0.09 0.005 0.097 0.135 0.206 0.339 0.416 0.684 0.957 0.952 0.905 0.754 0.776 0.783 1.092 1.382 1.299 1.011 0.7 0.456 0.566 0.726 1.009 1.308 1.576 1.835 1.71 1.513 1.34 1.072 0.861 0.636 0.62 0.685 0.977 1.298 1.735 1.932 1.676 1.286 0.844 0.418 0.166 0.118 0.285 0.616 0.884 1.057 1.001 1.28 1.534 1.795 1.81 1.701 1.981 2.099 1.798 1.295 0.732
0.484 0.555 0.566 0.557 0.511 0.481 0.487 0.513 0.504 0.45 0.384 0.303 0.19 0.043 -0.089 -0.214 -0.335 -0.366 -0.246 -0.073 0.112 0.279 0.375 0.233 0.143 0.178 0.428 0.503 0.487 0.549 0.599 0.592 0.588 0.978 1.209 1.168 0.944 0.596 0.382 0.601 0.823 1.138 1.596 1.808 1.848 1.778 1.644 1.262 0.961 0.851 0.832 0.884 0.875 1.235 1.588 1.924 1.794 1.445 0.957 0.475 0.213 0.166 0.185 0.307 0.687 1.005 1.157 1.304 1.671 1.697 1.825 2.124 2.082 2.346 2.299 1.871 1.436 0.976
0.519 0.562 0.535 0.513 0.494 0.52 0.592 0.675 0.682 0.6 0.499 0.435 0.281 0.085 -0.067 -0.212 -0.33 -0.302 -0.076 0.196 0.395 0.386 0.59 0.492 0.224 0.218 0.213 0.23 0.509 0.698 0.763 0.848 0.664 0.817 1.006 1.083 0.877 0.513 0.347 0.568 0.894 1.277 1.726 1.861 2.113 2.067 1.932 1.272 1.273 1.198 1.137 1.02 1.123 1.438 1.757 1.864 1.524 1.09 0.618 0.247 0.152 0.268 0.433 0.349 0.553 0.822 1.167 1.61 1.834 1.812 1.957 2.469 2.644 2.595 2.291 1.938 1.75 1.103
0.51 0.525 0.523 0.501 0.504 0.599 0.739 0.839 0.815 0.696 0.638 0.662 0.428 0.202 -0.003 -0.169 -0.295 -0.166 0.155 0.456 0.564 0.526 0.693 0.622 0.346 0.515 0.447 0.412 0.726 0.846 0.972 1.024 0.732 0.858 1.032 1.042 0.76 0.457 0.285 0.479 0.907 1.37 1.722 2.007 2.317 2.253 1.819 1.301 1.403 1.49 1.441 1.161 1.416 1.701 1.776 1.616 1.268 0.752 0.367 0.128 0.162 0.415 0.632 0.551 0.488 0.762 1.274 1.551 1.603 1.908 2.209 2.509 2.767 2.699 2.358 2.278 1.841 1.192
0.471 0.511 0.518 0.507 0.552 0.699 0.858 0.904 0.798 0.736 0.8 0.799 0.59 0.356 0.095 -0.11 -0.252 -0.113 0.111 0.471 0.696 0.681 0.853 0.809 0.56 0.799 0.898 0.884 0.836 1.08 1.183 1.017 0.908 1.139 1.238 1.079 0.775 0.549 0.28 0.394 0.856 1.244 1.724 2.084 2.128 1.951 1.538 1.446 1.648 1.731 1.558 1.395 1.569 1.976 1.82 1.348 1.024 0.585 0.263 0.069 0.193 0.507 0.843 0.823 0.728 0.727 0.983 1.181 1.431 1.783 1.947 2.359 2.626 2.564 2.427 2.458 1.89 1.291
0.485 0.518 0.502 0.522 0.607 0.751 0.9 0.897 0.823 0.834 0.9 0.856 0.67 0.53 0.22 -0.072 -0.227 -0.154 0.138 0.601 0.745 0.875 1.222 1.02 0.774 1.082 1.109 1.058 1.051 1.325 1.325 1.123 1.259 1.449 1.437 1.163 0.921 0.561 0.225 0.344 0.646 1.086 1.626 2.054 2.372 2.049 1.548 1.513 1.551 1.754 1.814 1.751 1.632 1.976 1.621 1.216 0.771 0.446 0.293 0.066 0.185 0.505 0.98 1.069 1.06 0.888 1.191 1.178 1.19 1.384 1.679 2.083 2.423 2.445 2.499 2.307 1.839 1.281
0.489 0.502 0.5 0.549 0.683 0.849 0.967 0.926 0.908 1 1.024 0.987 0.813 0.703 0.309 -0.049 -0.223 -0.116 0.26 0.668 0.755 1.103 1.395 1.262 1.043 1.147 1.214 1.224 1.394 1.536 1.398 1.375 1.617 1.656 1.478 1.335 1.05 0.515 0.196 0.278 0.595 1.053 1.57 2.039 2.2 1.861 1.733 1.544 1.723 1.783 2.012 1.97 1.807 1.878 1.407 0.925 0.591 0.533 0.524 0.12 0.197 0.559 1.043 1.323 1.292 1.044 1.16 1.32 1.374 1.515 1.806 2.108 2.387 2.454 2.347 2.028 1.553 1.093
0.488 0.508 0.513 0.586 0.757 0.931 0.999 0.939 1.007 1.153 1.242 1.083 0.983 0.784 0.334 -0.068 -0.187 0.012 0.366 0.766 0.93 1.274 1.578 1.477 1.202 1.257 1.427 1.488 1.582 1.532 1.481 1.644 1.803 1.715 1.62 1.448 1.09 0.494 0.191 0.258 0.508 0.853 1.37 1.821 1.945 1.959 2.01 1.649 1.741 1.939 2.104 2.249 2.144 1.719 1.161 0.676 0.575 0.722 0.724 0.223 0.234 0.615 1.161 1.512 1.527 1.289 1.128 1.193 1.394 1.714 1.928 2.105 2.137 2.159 1.965 1.681 1.329 0.842
0.506 0.519 0.532 0.618 0.771 0.907 0.975 0.947 1.094 1.291 1.298 1.124 0.998 0.702 0.212 -0.076 -0.109 0.166 0.523 0.903 1.218 1.476 1.602 1.404 1.27 1.38 1.5 1.424 1.482 1.608 1.641 1.733 1.733 1.623 1.567 1.405 0.968 0.537 0.234 0.204 0.408 0.76 1.246 1.74 2.01 2.104 2.13 1.817 1.747 2.002 2.109 2.22 1.998 1.462 0.926 0.567 0.686 0.941 1.001 0.43 0.296 0.659 1.128 1.575 1.748 1.589 1.471 1.35 1.307 1.528 1.82 2.022 1.883 1.747 1.582 1.349 1.008 0.699
0.527 0.532 0.552 0.636 0.736 0.818 0.907 0.961 1.154 1.283 1.153 1.024 0.872 0.498 0.105 -0.041 0.009 0.258 0.559 1.004 1.388 1.552 1.531 1.375 1.324 1.419 1.419 1.323 1.339 1.575 1.581 1.625 1.632 1.488 1.353 1.209 0.907 0.698 0.349 0.192 0.476 0.724 1.124 1.546 1.826 1.99 2.144 1.945 1.81 1.946 2.08 1.988 1.685 1.231 0.764 0.568 0.788 1.122 1.243 0.741 0.385 0.591 0.95 1.396 1.688 1.732 1.787 1.687 1.5 1.447 1.654 1.897 1.822 1.558 1.322 1.176 1.007 0.787
0.577 0.55 0.575 0.681 0.767 0.807 0.871 1.007 1.137 1.195 1.149 1.039 0.695 0.284 0.038 0.039 0.143 0.335 0.663 1.104 1.42 1.485 1.426 1.253 1.308 1.243 1.292 1.238 1.176 1.397 1.444 1.364 1.321 1.237 1.167 1.107 1.076 0.908 0.443 0.247 0.466 0.628 0.879 1.03 1.315 1.618 1.931 2.068 2.037 2.058 2.101 1.77 1.406 0.97 0.614 0.646 0.897 1.201 1.342 1.028 0.494 0.429 0.781 1.185 1.601 1.847 1.926 1.938 1.762 1.571 1.646 1.913 1.91 1.495 1.452 1.455 1.207 0.852
0.607 0.557 0.611 0.738 0.854 0.879 0.946 1.072 1.179 1.267 1.229 1.02 0.559 0.158 0.019 0.139 0.296 0.453 0.753 1.159 1.318 1.256 1.155 1.095 1.094 1.005 1.114 1.06 0.969 1.179 1.169 1.06 0.991 1.041 1.158 1.211 1.295 1.085 0.545 0.277 0.36 0.472 0.588 0.717 1.077 1.374 1.668 1.961 2.181 2.192 1.959 1.548 1.178 0.764 0.555 0.716 0.971 1.243 1.422 1.172 0.578 0.387 0.723 1.082 1.41 1.664 1.881 2.018 2.015 1.846 1.728 1.898 1.996 1.75 1.716 1.548 1.168 0.85
0.551 0.56 0.701 0.755 0.846 0.922 1.058 1.192 1.317 1.41 1.213 0.853 0.41 0.082 0.045 0.232 0.445 0.569 0.875 1.148 1.136 0.97 0.85 0.834 0.76 0.828 0.906 0.8 0.703 0.869 0.765 0.679 0.762 0.969 1.217 1.324 1.486 1.241 0.743 0.362 0.239 0.314 0.345 0.615 0.96 1.293 1.648 1.889 2.177 2.146 1.796 1.448 1.063 0.633 0.558 0.769 1.025 1.357 1.526 1.201 0.584 0.343 0.593 0.798 1.011 1.205 1.623 1.914 2.177 2.103 1.901 1.874 2.002 1.815 1.705 1.446 1.189 1.047
0.489 0.596 0.786 0.835 0.891 0.998 1.102 1.21 1.359 1.34 1.075 0.682 0.292 0.069 0.092 0.227 0.458 0.672 0.876 0.927 0.879 0.819 0.694 0.544 0.489 0.524 0.526 0.433 0.378 0.431 0.364 0.381 0.615 0.892 1.164 1.347 1.515 1.343 0.963 0.624 0.355 0.193 0.215 0.454 0.735 1.134 1.635 1.849 1.944 1.838 1.651 1.324 0.876 0.566 0.599 0.832 1.13 1.429 1.42 1.033 0.483 0.28 0.369 0.515 0.672 0.918 1.426 1.864 2.187 2.263 2.143 1.984 1.912 1.775 1.693 1.509 1.347 1.297
0.427 0.592 0.804 0.852 0.962 1.109 1.202 1.258 1.403 1.29 0.95 0.564 0.239 0.114 0.166 0.243 0.422 0.595 0.662 0.59 0.573 0.646 0.53 0.335 0.289 0.276 0.259 0.222 0.172 0.118 0.082 0.17 0.461 0.755 1.005 1.237 1.424 1.414 1.191 0.972 0.665 0.251 0.154 0.352 0.562 0.902 1.427 1.626 1.591 1.475 1.351 1.063 0.701 0.583 0.636 0.892 1.235 1.434 1.288 0.851 0.406 0.356 0.417 0.542 0.726 0.954 1.317 1.782 2.1 2.093 2.005 1.934 1.905 1.855 1.85 1.695 1.592 1.595
0.336 0.502 0.739 0.74 0.975 1.18 1.275 1.344 1.456 1.245 0.857 0.566 0.255 0.114 0.126 0.155 0.248 0.367 0.29 0.222 0.256 0.333 0.261 0.227 0.294 0.381 0.375 0.35 0.292 0.083 -0.035 0.011 0.281 0.49 0.702 0.964 1.205 1.439 1.391 1.27 0.942 0.444 0.114 0.249 0.505 0.756 1.212 1.365 1.358 1.386 1.138 0.934 0.644 0.752 0.732 1.047 1.423 1.402 1.125 0.708 0.396 0.59 0.677 0.746 0.975 1.138 1.334 1.728 1.786 1.707 1.766 1.843 1.911 1.977 2.029 1.915 1.968 1.809
0.207 0.33 0.497 0.602 0.801 1.031 1.167 1.37 1.374 1.132 0.931 0.793 0.357 0.075 -0.027 -0.095 -0.041 0.009 -0.02 0.012 0.07 0.125 0.232 0.447 0.603 0.708 0.701 0.629 0.435 0.259 0.014 -0.059 0.056 0.289 0.598 0.965 1.217 1.437 1.567 1.425 1.151 0.629 0.169 0.115 0.302 0.57 0.962 1.223 1.327 1.319 1.159 1.018 0.729 0.903 1.117 1.367 1.498 1.222 1.009 0.67 0.51 0.659 0.754 0.851 1.046 1.298 1.355 1.417 1.473 1.59 1.764 1.898 1.942 1.933 1.841 1.727 1.755 1.547
0.074 0.15 0.28 0.446 0.638 0.879 1.01 1.3 1.304 1.046 1.077 1.061 0.608 0.185 -0.056 -0.159 -0.179 -0.19 -0.137 -0.012 0.092 0.167 0.338 0.713 0.941 1.109 0.998 0.796 0.584 0.447 0.083 -0.046 -0.015 0.295 0.566 0.982 1.304 1.335 1.712 1.532 1.327 0.715 0.229 0.044 0.152 0.404 0.764 1.113 1.176 1.193 1.188 1.131 0.784 1.047 1.46 1.659 1.403 1.102 1.159 0.795 0.429 0.486 0.594 0.688 0.903 1.193 1.07 0.975 1.274 1.591 1.834 1.942 1.877 1.785 1.633 1.42 1.574 1.359
-0.041 0.011 0.148 0.333 0.443 0.635 0.867 1.174 1.27 1.174 1.125 1.107 0.832 0.535 0.284 0.109 -0.019 -0.076 -0.035 0.122 0.219 0.35 0.474 0.787 1.117 1.177 1.084 0.9 0.713 0.439 0.122 0.11 0.071 0.234 0.599 0.912 1.309 1.32 1.585 1.578 1.237 0.792 0.369 0.084 0.138 0.382 0.667 0.93 1.096 1.238 1.368 1.3 1.068 1.202 1.408 1.496 1.308 1.205 1.077 0.902 0.801 0.62 0.575 0.564 0.661 0.809 0.758 0.903 1.317 1.639 1.732 1.729 1.694 1.535 1.476 1.232 1.271 1.129
-0.124 -0.107 -0.016 0.136 0.241 0.505 0.807 1.151 1.34 1.321 1.171 1.127 1.007 0.823 0.555 0.352 0.243 0.159 0.056 0.196 0.361 0.544 0.62 0.906 1.234 1.2 1.149 1.008 0.755 0.396 0.174 0.298 0.15 0.142 0.562 0.803 1.209 1.199 1.449 1.44 1.175 0.918 0.54 0.139 0.11 0.332 0.606 0.874 1.091 1.269 1.586 1.503 1.327 1.379 1.53 1.516 1.315 1.256 1.03 1.021 1.134 1.027 0.968 0.873 0.59 0.621 0.691 1.042 1.368 1.537 1.501 1.429 1.535 1.282 1.233 0.98 0.977 0.893
-0.173 -0.186 -0.16 -0.034 0.161 0.401 0.749 1.108 1.327 1.375 1.3 1.137 1.086 0.878 0.658 0.593 0.501 0.372 0.204 0.213 0.392 0.619 0.796 1.045 1.253 1.288 1.208 1.101 0.895 0.488 0.25 0.338 0.197 0.056 0.302 0.583 0.888 1.07 1.27 1.268 1.2 0.997 0.588 0.275 0.169 0.226 0.461 0.739 1.021 1.363 1.535 1.472 1.432 1.501 1.63 1.621 1.475 1.253 1.16 1.112 1.3 1.382 1.369 1.204 0.966 1.019 1.13 1.18 1.214 1.233 1.218 1.142 1.141 1.041 0.893 0.827 0.92 1.025
-0.188 -0.22 -0.234 -0.15 0.06 0.313 0.621 0.923 1.22 1.396 1.443 1.265 1.115 0.935 0.785 0.748 0.665 0.56 0.444 0.36 0.409 0.591 0.752 0.941 1.185 1.339 1.291 1.244 1.011 0.527 0.247 0.32 0.234 0 0.07 0.298 0.564 0.856 1.079 1.116 1.142 0.951 0.568 0.448 0.385 0.265 0.355 0.641 0.977 1.329 1.532 1.593 1.599 1.679 1.781 1.718 1.518 1.303 1.337 1.205 1.367 1.543 1.631 1.383 1.265 1.346 1.36 1.122 0.944 0.884 0.851 0.791 0.76 0.795 0.851 0.937 1.127 1.304
-0.18 -0.224 -0.257 -0.234 -0.02 0.227 0.403 0.691 1.137 1.455 1.487 1.383 1.228 1.121 0.987 0.918 0.793 0.707 0.715 0.664 0.567 0.655 0.782 0.827 1.113 1.357 1.26 1.109 0.871 0.46 0.246 0.303 0.24 0.039 -0.037 0.134 0.385 0.63 0.905 1.01 0.992 0.877 0.622 0.586 0.696 0.562 0.508 0.769 1.171 1.421 1.694 1.842 1.871 1.872 1.866 1.744 1.497 1.35 1.418 1.41 1.309 1.355 1.428 1.444 1.388 1.337 1.19 0.902 0.661 0.498 0.404 0.425 0.62 0.891 1.075 1.221 1.381 1.504
-0.156 -0.212 -0.26 -0.266 -0.125 0.091 0.341 0.698 1.116 1.371 1.453 1.497 1.406 1.307 1.204 1.11 0.919 0.825 0.852 0.846 0.758 0.808 0.936 0.842 1.066 1.256 1.118 1.019 0.823 0.443 0.256 0.317 0.275 0.137 -0.013 0.109 0.358 0.569 0.824 0.92 0.933 0.928 0.787 0.727 0.918 0.918 0.837 1.036 1.348 1.59 1.83 1.865 1.878 1.838 1.787 1.704 1.469 1.329 1.306 1.251 1.087 1.06 1.208 1.411 1.338 1.196 0.953 0.601 0.321 0.156 0.139 0.35 0.679 1.022 1.247 1.372 1.46 1.473
-0.12 -0.189 -0.248 -0.272 -0.185 0.11 0.48 0.807 1.076 1.32 1.513 1.641 1.544 1.445 1.373 1.186 0.974 0.917 0.917 0.941 0.931 0.934 1.003 0.931 1.083 1.14 1.079 1.104 0.903 0.482 0.286 0.34 0.373 0.294 0.134 0.203 0.455 0.665 0.849 0.941 1.034 1.046 0.977 0.954 1.136 1.251 1.209 1.278 1.447 1.653 1.786 1.747 1.691 1.652 1.634 1.606 1.359 1.145 0.963 0.82 0.778 0.9 1.148 1.309 1.268 1.1 0.718 0.285 0.045 0.021 0.162 0.466 0.779 1.099 1.348 1.365 1.332 1.307
-0.071 -0.157 -0.229 -0.267 -0.193 0.213 0.536 0.764 1.038 1.376 1.664 1.723 1.562 1.539 1.381 1.136 0.946 1.011 1.033 1.059 1.119 1.07 1.038 1.016 1.114 1.04 1.083 1.136 0.908 0.482 0.321 0.433 0.524 0.47 0.409 0.39 0.557 0.782 1.027 1.104 1.146 1.136 1.226 1.251 1.354 1.455 1.473 1.473 1.515 1.593 1.65 1.712 1.675 1.675 1.67 1.65 1.084 0.732 0.561 0.526 0.682 0.961 1.14 1.224 1.178 1.017 0.535 0.062 0.016 0.108 0.287 0.582 0.875 1.092 1.289 1.295 1.187 1.07
-0.015 -0.123 -0.209 -0.238 -0.09 0.251 0.522 0.784 1.123 1.471 1.691 1.637 1.427 1.316 1.169 0.979 0.926 1.045 1.078 1.072 1.095 1.078 1.042 1.053 1.085 1.022 1.076 1.014 0.766 0.53 0.427 0.55 0.726 0.772 0.692 0.66 0.797 0.985 1.192 1.292 1.379 1.385 1.414 1.407 1.462 1.514 1.532 1.524 1.518 1.524 1.513 1.533 1.582 1.611 1.575 1.425 0.859 0.466 0.452 0.576 0.758 0.927 1.003 1.094 1.071 0.873 0.378 -0.011 0.063 0.181 0.38 0.622 0.757 0.825 0.965 1.039 0.963 0.898
0.044 -0.092 -0.194 -0.207 0.025 0.305 0.553 0.826 1.195 1.507 1.557 1.443 1.222 0.969 0.898 0.776 0.846 0.936 0.914 0.863 0.836 0.877 0.85 0.91 1.012 1.03 0.986 0.788 0.712 0.754 0.728 0.698 0.955 1.062 0.929 0.909 1.18 1.201 1.361 1.532 1.54 1.437 1.452 1.497 1.446 1.376 1.48 1.486 1.405 1.344 1.256 1.227 1.337 1.376 1.257 0.985 0.555 0.329 0.506 0.626 0.761 0.714 0.756 0.943 0.865 0.73 0.21 -0.159 0.015 0.203 0.382 0.524 0.514 0.452 0.647 0.793 0.571 0.573
0.099 -0.067 -0.186 -0.228 -0.096 0.188 0.432 0.62 0.962 1.304 1.303 1.148 0.913 0.711 0.632 0.576 0.594 0.659 0.648 0.595 0.556 0.575 0.619 0.712 0.824 0.877 0.82 0.74 0.888 1.07 1.045 0.967 1.059 1.145 1.077 1.121 1.332 1.453 1.5 1.508 1.439 1.308 1.349 1.34 1.259 1.205 1.254 1.29 1.265 1.065 0.938 0.981 1.053 1.099 0.982 0.582 0.278 0.27 0.369 0.455 0.538 0.498 0.54 0.71 0.71 0.52 0.061 -0.323 -0.197 0.027 0.118 0.218 0.258 0.182 0.438 0.5 0.243 0.379
0.151 -0.049 -0.186 -0.265 -0.227 -0.014 0.185 0.406 0.757 1.087 1.005 0.847 0.621 0.541 0.571 0.531 0.515 0.51 0.499 0.45 0.367 0.329 0.395 0.5 0.621 0.749 0.865 0.935 1.058 1.356 1.295 1.127 1.219 1.296 1.242 1.363 1.503 1.623 1.536 1.485 1.388 1.039 0.965 0.992 1.002 0.914 0.962 1.013 0.983 0.82 0.582 0.625 0.693 0.745 0.725 0.273 -0.002 0.044 0.135 0.182 0.285 0.228 0.272 0.435 0.376 0.22 -0.196 -0.567 -0.378 -0.151 -0.16 -0.085 -0.039 -0.132 0.218 0.27 -0.088 0.03
0.215 -0.033 -0.19 -0.286 -0.305 -0.179 -0.028 0.255 0.584 0.72 0.699 0.571 0.477 0.596 0.7 0.728 0.799 0.806 0.795 0.665 0.483 0.316 0.375 0.546 0.722 0.95 1.148 1.164 1.224 1.437 1.353 1.216 1.254 1.376 1.38 1.377 1.428 1.456 1.394 1.429 1.379 1.121 0.783 0.584 0.638 0.632 0.755 0.705 0.591 0.485 0.297 0.188 0.238 0.311 0.29 0.071 -0.219 -0.283 -0.195 -0.089 -0.023 -0.086 -0.053 0.016 -0.051 -0.204 -0.564 -0.736 -0.539 -0.423 -0.451 -0.398 -0.394 -0.385 -0.145 -0.108 -0.355 -0.302
0.26 -0.013 -0.19 -0.305 -0.367 -0.326 -0.223 0.087 0.33 0.364 0.383 0.316 0.393 0.635 0.828 0.842 0.975 0.993 1.034 0.876 0.671 0.415 0.524 0.776 0.958 1.177 1.38 1.288 1.38 1.543 1.367 1.241 1.255 1.318 1.239 1.2 1.239 1.333 1.316 1.29 1.114 0.939 0.613 0.222 0.319 0.433 0.494 0.378 0.226 0.076 -0.069 -0.243 -0.215 -0.177 -0.179 -0.21 -0.449 -0.586 -0.483 -0.388 -0.368 -0.485 -0.45 -0.405 -0.484 -0.586 -0.889 -0.943 -0.737 -0.732 -0.78 -0.73 -0.756 -0.686 -0.523 -0.453 -0.645 -0.573
