data/climatemaps/RS_maps/climate_winter_pr_1999.asc
NCOLS 369 
NROWS 228 
XLLCORNER 479000 
YLLCORNER 73000 
CELLSIZE 1000 
NODATA_value -9 
[rows 102 to 135 of 228, columns 154 to 230 of 369]
0.496 0.632 0.729 0.828 0.836 0.794 0.669 0.53 0.393 0.275 0.216 0.343 0.644 0.879 0.965 1.054 1.211 1.37 1.366 1.133 1.211 1.418 1.603 1.721 1.8 1.704 1.382 1.069 0.833 0.697 0.613 0.609 0.662 0.705 1.111 1.698 1.941 1.929 1.497 1.006 1.029 1.393 1.781 2.115 2.184 2.429 2.504 2.25 1.885 1.912 2.03 2.1 1.797 1.244 0.981 0.862 0.918 1.333 1.771 2.048 2.309 2.596 2.834 3.082 3.321 3.394 3.215 2.932 2.721 2.983 2.894 2.63 2.318 1.786 1.922 2.253 2.44
0.425 0.519 0.643 0.729 0.691 0.629 0.536 0.473 0.447 0.397 0.263 0.404 0.717 0.897 1.073 1.332 1.467 1.506 1.373 1.347 1.479 1.529 1.552 1.645 1.69 1.667 1.498 1.147 0.856 0.669 0.591 0.613 0.638 0.78 1.336 1.98 2.106 1.93 1.483 1.062 1.034 1.315 1.702 2.194 2.454 2.718 2.866 2.666 2.305 2.183 2.103 2.019 1.737 1.347 1.016 0.829 0.839 1.125 1.532 1.856 2.289 2.594 2.777 3.087 3.235 3.188 3.142 2.974 2.976 3.109 3.088 2.998 2.742 2.097 2.087 2.36 2.474
0.346 0.402 0.494 0.523 0.499 0.478 0.504 0.579 0.658 0.634 0.389 0.446 0.661 0.933 1.287 1.654 1.727 1.745 1.644 1.68 1.628 1.524 1.634 1.72 1.827 1.844 1.607 1.154 0.836 0.643 0.592 0.598 0.652 0.879 1.34 1.917 2.093 2.001 1.662 1.139 1.069 1.448 1.781 2.197 2.698 3.094 3.288 3.074 2.658 2.216 1.832 1.651 1.493 1.339 1.041 0.796 0.75 0.882 1.243 1.594 2.032 2.348 2.576 2.839 2.981 3.036 3 2.939 3.179 3.254 3.281 3.305 3.025 2.446 2.203 2.328 2.526
0.25 0.316 0.355 0.375 0.351 0.425 0.564 0.748 0.885 0.795 0.445 0.477 0.662 1.042 1.549 1.748 2.003 2.008 1.868 1.862 1.687 1.651 1.757 1.769 1.815 1.712 1.401 1.05 0.767 0.627 0.6 0.586 0.682 1.003 1.493 1.985 2.196 2.245 1.857 1.179 1.125 1.586 2.019 2.438 2.99 3.366 3.41 3.101 2.616 2.005 1.791 1.698 1.444 1.414 1.017 0.77 0.716 0.802 1.244 1.6 1.88 2.075 2.233 2.416 2.596 2.858 2.935 2.925 3.112 3.269 3.218 3.163 2.98 2.695 2.58 2.854 2.852
0.286 0.216 0.213 0.227 0.263 0.432 0.663 0.982 1.036 0.777 0.468 0.475 0.704 1.151 1.536 1.889 2.204 2.131 2.052 1.909 1.812 1.712 1.604 1.546 1.511 1.419 1.19 0.919 0.698 0.618 0.599 0.622 0.751 1.11 1.694 2.161 2.311 2.252 1.689 1.132 1.14 1.465 1.903 2.492 3.154 3.478 3.388 3.079 2.639 2.084 2.162 1.864 1.602 1.475 1.023 0.761 0.702 0.753 1.125 1.519 1.715 1.738 1.838 2.02 2.206 2.521 2.729 2.85 3.015 3.109 3.138 3.065 2.97 2.964 2.894 3.067 2.989
0.381 0.246 0.156 0.142 0.269 0.473 0.804 1.121 1.057 0.858 0.529 0.496 0.799 1.114 1.509 1.96 2.215 2.205 2.102 1.906 1.821 1.607 1.395 1.279 1.192 1.108 0.953 0.752 0.635 0.612 0.618 0.687 0.833 1.195 1.81 2.288 2.33 2.075 1.418 1.168 1.266 1.268 1.67 2.323 2.914 3.339 3.467 3.322 2.898 2.32 2.361 1.907 1.728 1.681 1.236 0.81 0.699 0.685 0.805 1.148 1.278 1.294 1.395 1.593 1.767 2.058 2.197 2.323 2.468 2.743 3 2.947 3.028 3.118 3.203 3.242 2.889
0.426 0.259 0.156 0.114 0.291 0.57 0.894 1.068 1.049 0.905 0.542 0.495 0.856 1.01 1.389 1.831 2.156 2.217 2.1 1.91 1.63 1.381 1.163 1.011 0.92 0.848 0.709 0.604 0.59 0.625 0.652 0.74 0.971 1.375 1.902 2.237 2.193 1.822 1.285 1.185 1.294 1.316 1.672 2.339 2.945 3.545 3.569 3.376 2.892 2.604 2.588 2.037 2 2.072 1.469 0.982 0.722 0.669 0.674 0.771 0.876 0.967 1.102 1.243 1.398 1.608 1.738 1.812 1.963 2.124 2.334 2.511 2.706 2.918 3.14 3.112 2.736
0.434 0.262 0.124 0.094 0.287 0.58 0.805 0.956 1.012 0.831 0.548 0.461 0.691 0.897 1.301 1.772 2.104 2.213 2.125 1.916 1.483 1.141 0.907 0.755 0.665 0.585 0.517 0.509 0.563 0.665 0.711 0.897 1.201 1.525 1.933 2.234 2.049 1.535 1.196 1.23 1.441 1.7 1.938 2.467 3.045 3.576 3.675 3.541 3.079 3.064 3.112 2.638 2.537 2.215 1.548 1.19 0.856 0.66 0.623 0.637 0.766 0.967 1.16 1.378 1.41 1.458 1.5 1.502 1.526 1.608 1.734 1.937 2.217 2.635 2.872 2.932 2.768
0.393 0.25 0.095 0.145 0.298 0.477 0.694 0.914 1.057 0.932 0.633 0.446 0.599 0.873 1.278 1.748 1.949 2.117 1.964 1.677 1.316 0.957 0.696 0.541 0.454 0.412 0.415 0.478 0.62 0.818 0.872 0.907 1.125 1.3 1.752 2.119 1.726 1.29 1.24 1.492 1.727 2.063 2.21 2.603 3.074 3.638 3.829 3.952 3.489 3.397 3.52 3.151 2.618 1.925 1.551 1.453 1.038 0.677 0.565 0.577 0.77 1.026 1.172 1.518 1.711 1.795 1.811 1.618 1.399 1.573 1.695 1.849 2.15 2.61 2.912 2.967 2.905
0.356 0.217 0.085 0.225 0.382 0.519 0.701 0.994 1.206 1.078 0.665 0.52 0.741 1.001 1.289 1.738 1.839 1.887 1.708 1.372 1.08 0.77 0.527 0.417 0.357 0.346 0.415 0.567 0.827 1.088 1.273 1.002 0.95 1.269 1.723 1.853 1.594 1.238 1.267 1.507 1.761 2.189 2.385 2.65 3.031 3.502 3.767 4.024 3.983 3.738 3.598 3.401 2.655 2.025 1.827 1.547 1.08 0.701 0.509 0.598 0.792 0.992 1.213 1.539 1.946 2.166 2.265 1.992 1.618 1.925 2.042 2.135 2.373 2.651 3.072 3.142 3.181
0.293 0.147 0.12 0.215 0.376 0.571 0.772 1.213 1.273 1.048 0.673 0.638 0.92 1.136 1.354 1.739 1.793 1.677 1.468 1.151 0.871 0.627 0.468 0.377 0.331 0.385 0.563 0.784 1.133 1.449 1.61 1.232 0.961 1.248 1.658 1.757 1.769 1.344 1.18 1.449 1.682 1.926 2.058 2.262 2.704 3.079 3.438 3.81 3.907 3.736 3.708 3.466 2.782 2.232 1.901 1.546 1.148 0.714 0.449 0.619 0.935 1.108 1.297 1.658 2.159 2.451 2.401 2.15 1.926 2.234 2.366 2.466 2.587 2.825 3.218 3.323 3.389
0.146 0.135 0.199 0.196 0.299 0.546 0.907 1.23 1.179 0.985 0.713 0.743 1.051 1.293 1.511 1.717 1.747 1.595 1.418 1.223 0.88 0.587 0.467 0.39 0.422 0.586 0.873 1.095 1.421 1.795 1.659 1.149 1.068 1.381 1.819 2.065 2.043 1.616 1.231 1.35 1.51 1.633 1.575 1.902 2.474 2.861 3.244 3.393 3.366 3.295 3.442 3.264 2.821 2.283 1.936 1.632 1.223 0.734 0.389 0.468 0.872 1.221 1.459 1.824 2.22 2.537 2.574 2.312 2.244 2.469 2.618 2.749 2.893 3.049 3.184 3.259 3.327
0.091 0.178 0.181 0.148 0.256 0.527 0.966 1.094 1.077 0.968 0.802 0.771 0.952 1.275 1.576 1.672 1.699 1.725 1.601 1.34 0.973 0.673 0.536 0.443 0.599 0.732 1.077 1.447 1.777 1.904 1.61 1.207 1.27 1.59 2.039 2.251 2.169 1.684 1.333 1.315 1.312 1.291 1.268 1.746 2.284 2.569 2.918 2.884 2.868 3.01 3.141 3.239 2.956 2.573 2.127 1.694 1.268 0.762 0.369 0.274 0.582 1.008 1.37 1.817 2.176 2.537 2.714 2.54 2.629 2.855 2.927 2.866 2.952 3.1 3.063 3.098 3.211
0.053 0.063 0.036 0.069 0.223 0.546 0.863 0.944 0.979 0.987 0.999 0.907 0.897 1.128 1.491 1.721 1.847 1.934 1.84 1.663 1.258 0.98 0.694 0.603 0.916 0.962 1.04 1.565 2.015 1.952 1.78 1.315 1.453 1.854 2.247 2.282 2.117 1.877 1.538 1.333 1.191 1.118 1.166 1.574 1.977 2.247 2.597 2.529 2.485 2.89 3.153 3.179 2.876 2.487 1.88 1.379 1.045 0.745 0.46 0.196 0.31 0.653 1.085 1.592 2.068 2.736 3.009 3.055 3.265 3.205 2.954 2.686 2.614 2.83 2.901 2.99 3.123
0.03 0 -0.011 0.007 0.141 0.487 0.711 0.781 0.872 1.009 1.125 1.14 1.099 1.139 1.367 1.634 1.861 2.102 2.096 1.757 1.501 1.092 0.716 0.798 1.208 1.141 1.101 1.583 2.107 2.168 1.875 1.428 1.644 2.01 2.442 2.736 2.487 2.192 1.933 1.66 1.413 1.317 1.209 1.321 1.611 2.018 2.195 2.045 2.218 2.853 3.081 2.815 2.548 2.251 1.881 1.434 1.188 1.014 0.659 0.246 0.144 0.374 0.874 1.467 2.079 2.731 3.028 3.235 3.205 3.005 2.686 2.325 2.445 2.595 2.773 2.907 2.952
0.22 0.217 0.216 0.21 0.21 0.319 0.462 0.612 0.859 1.031 1.199 1.322 1.321 1.389 1.517 1.723 1.891 2.18 2.155 1.869 1.564 0.94 0.696 0.912 1.317 1.222 1.324 1.734 2.17 2.218 1.821 1.634 1.867 2.15 2.548 2.973 2.995 2.642 2.373 2.11 1.81 1.78 1.596 1.472 1.472 1.711 1.755 1.715 2.077 2.623 2.775 2.637 2.593 2.366 2.199 1.844 1.603 1.275 0.871 0.378 0.11 0.27 0.778 1.447 2.054 2.395 2.683 2.825 2.75 2.493 2.096 2.118 2.468 2.617 2.762 2.621 2.637
0.46 0.523 0.598 0.61 0.589 0.479 0.448 0.665 0.918 1.11 1.278 1.48 1.625 1.717 1.81 1.97 2.043 2.209 2.069 1.805 1.335 0.804 0.696 0.931 1.331 1.315 1.594 1.955 2.267 2.33 2.05 2.036 2.169 2.439 2.714 3.009 3.172 3.108 2.821 2.488 2.272 2.302 2.167 2.07 1.709 1.689 1.761 1.881 2.13 2.475 2.654 2.744 2.837 2.702 2.478 2.062 1.641 1.4 1.011 0.554 0.156 0.22 0.668 1.242 1.659 1.929 2.255 2.337 2.164 1.882 1.8 2.096 2.359 2.387 2.52 2.528 2.274
0.799 0.926 0.975 0.918 0.77 0.591 0.627 0.825 1.038 1.269 1.397 1.463 1.618 1.693 1.679 1.787 1.913 1.979 1.801 1.475 1.003 0.693 0.707 0.996 1.313 1.365 1.682 2.14 2.386 2.396 2.412 2.484 2.48 2.597 2.696 2.85 3.029 3.199 3.105 2.854 2.661 2.718 2.8 2.592 2.246 2.214 2.17 2.264 2.315 2.401 2.566 2.688 2.789 2.781 2.424 2.035 1.628 1.27 1.008 0.56 0.146 0.204 0.554 0.945 1.11 1.323 1.562 1.616 1.613 1.682 1.784 1.914 2.127 2.168 2.165 2.328 2.078
0.881 1.022 1.035 1.003 0.907 0.773 0.874 1.046 1.212 1.283 1.202 1.067 1.12 1.159 1.149 1.23 1.337 1.595 1.55 1.185 0.852 0.678 0.8 1.105 1.38 1.486 1.649 2.172 2.427 2.478 2.567 2.619 2.618 2.61 2.571 2.706 2.904 3.027 3.099 3.145 3.112 3.054 3.152 2.947 2.849 2.808 2.596 2.403 2.211 2.145 2.334 2.427 2.372 2.51 2.343 1.94 1.606 1.141 0.75 0.414 0.132 0.189 0.34 0.509 0.663 0.862 1.072 1.282 1.557 1.841 1.886 1.815 2.041 2.12 1.972 1.951 1.773
0.93 1.062 1.099 1.108 1.086 0.992 1.131 1.2 1.099 0.907 0.719 0.609 0.576 0.591 0.619 0.709 0.773 1.068 1.215 1.006 0.788 0.712 0.866 1.069 1.289 1.471 1.681 2.048 2.376 2.624 2.621 2.65 2.674 2.492 2.419 2.68 2.916 3.171 3.283 3.228 3.025 2.834 2.95 3.042 3.058 2.931 2.714 2.254 1.908 1.984 2.171 2.221 1.994 2.145 2.035 1.675 1.304 0.925 0.489 0.221 0.179 0.415 0.575 0.539 0.653 0.843 1.047 1.351 1.62 1.883 1.845 1.826 2.077 2.007 1.897 1.748 1.499
1.035 1.134 1.182 1.23 1.192 1.237 1.235 1.031 0.691 0.444 0.285 0.211 0.195 0.207 0.249 0.314 0.37 0.534 0.738 0.724 0.634 0.674 0.728 0.847 1.049 1.269 1.541 1.836 2.07 2.433 2.697 2.623 2.446 2.217 2.483 2.809 2.928 2.959 2.885 2.625 2.497 2.623 2.898 3.102 2.853 2.65 2.518 2.218 1.766 1.918 1.879 2.056 1.786 1.605 1.585 1.542 1.21 0.745 0.328 0.232 0.424 0.767 0.976 0.86 0.814 1.027 1.172 1.408 1.703 1.849 1.762 1.875 1.972 1.868 1.796 1.73 1.487
1.088 1.17 1.228 1.315 1.367 1.267 0.974 0.613 0.341 0.19 0.104 0.05 0.029 0.037 0.081 0.129 0.181 0.255 0.365 0.402 0.416 0.456 0.533 0.619 0.794 0.99 1.222 1.543 1.86 2.184 2.418 2.169 1.946 2.209 2.459 2.434 2.265 2.168 2.151 2.199 2.448 2.668 2.781 2.836 2.679 2.295 2.083 1.932 1.665 1.668 1.635 1.703 1.697 1.567 1.27 1.16 0.939 0.481 0.24 0.352 0.713 1.139 1.281 1.15 0.965 1.205 1.31 1.427 1.724 1.837 1.805 1.918 1.914 1.799 1.689 1.531 1.265
0.989 1.085 1.174 1.347 1.319 0.941 0.563 0.313 0.182 0.099 0.043 0.024 0.056 0.084 0.085 0.121 0.173 0.228 0.28 0.329 0.343 0.345 0.375 0.473 0.608 0.715 0.966 1.315 1.684 1.942 1.847 1.622 1.836 2.109 2.055 1.79 1.654 1.665 1.722 1.903 2.118 2.343 2.37 2.468 2.342 2.173 2.181 1.918 1.675 1.465 1.37 1.357 1.371 1.387 1.2 0.85 0.645 0.305 0.284 0.483 0.915 1.371 1.529 1.415 1.218 1.379 1.479 1.409 1.553 1.745 1.794 1.815 1.756 1.59 1.363 1.14 0.86
0.847 0.931 1.076 1.147 0.895 0.514 0.296 0.188 0.122 0.084 0.131 0.252 0.368 0.448 0.476 0.505 0.624 0.64 0.657 0.678 0.644 0.478 0.397 0.365 0.388 0.507 0.68 0.988 1.33 1.432 1.269 1.39 1.506 1.464 1.497 1.477 1.721 1.89 1.946 1.963 2.044 2.145 2.11 2.222 2.247 2.208 2.389 2.22 2.04 1.753 1.49 1.177 1.027 0.987 0.988 0.731 0.355 0.246 0.542 0.653 1.01 1.406 1.66 1.662 1.531 1.458 1.456 1.271 1.39 1.595 1.583 1.519 1.412 1.205 0.987 0.68 0.437
0.818 0.915 0.872 0.667 0.391 0.233 0.164 0.128 0.137 0.249 0.504 0.579 0.706 0.84 0.909 1.119 1.304 1.21 1.238 1.239 1.166 0.939 0.645 0.452 0.338 0.306 0.398 0.647 0.783 0.83 0.867 0.931 0.994 1.089 1.22 1.525 1.907 2.081 2.193 2.255 2.279 2.306 2.179 2.258 2.383 2.25 2.445 2.477 2.263 2.11 1.815 1.366 1.071 0.783 0.635 0.476 0.199 0.367 0.783 0.787 1.159 1.526 1.745 1.81 1.736 1.579 1.468 1.17 1.257 1.344 1.305 1.193 0.999 0.762 0.533 0.212 -0.006
0.781 0.556 0.368 0.213 0.112 0.094 0.1 0.159 0.37 0.634 0.858 0.833 1.083 1.28 1.436 1.529 1.608 1.683 1.91 1.742 1.688 1.45 1.088 0.73 0.488 0.327 0.23 0.282 0.363 0.501 0.664 0.871 1.103 1.248 1.318 1.52 1.92 2.108 2.269 2.427 2.413 2.375 2.385 2.392 2.611 2.347 2.353 2.539 2.422 2.221 1.945 1.641 1.42 1.004 0.546 0.242 0.174 0.506 0.904 0.901 1.265 1.573 1.859 1.974 1.885 1.62 1.408 1.069 1 1.034 0.947 0.831 0.611 0.332 0.088 -0.12 -0.218
0.394 0.167 0.054 0.006 0.003 0.062 0.207 0.438 0.829 1.111 1.212 1.245 1.423 1.707 1.838 1.997 2.195 2.353 2.253 2.16 2.069 1.651 1.235 0.958 0.822 0.544 0.266 0.143 0.279 0.634 0.912 1.15 1.346 1.561 1.611 1.477 1.72 1.928 2.128 2.398 2.568 2.691 2.707 2.671 2.799 2.418 2.188 2.413 2.483 2.303 2.156 1.869 1.527 1.056 0.54 0.17 0.291 0.645 1.01 1.065 1.298 1.695 1.973 1.984 1.92 1.492 1.208 0.927 0.68 0.675 0.614 0.46 0.254 0.019 -0.162 -0.26 -0.198
0.087 0.003 -0.054 -0.063 -0.009 0.231 0.564 0.797 1.21 1.483 1.54 1.588 1.705 2.075 2.32 2.572 2.684 2.654 2.613 2.494 2.177 1.728 1.275 1.191 1.117 0.837 0.4 0.217 0.26 0.721 1.085 1.28 1.472 1.715 1.78 1.727 1.702 1.742 2.09 2.434 2.783 2.962 2.971 2.933 2.888 2.508 2.171 2.161 2.311 2.362 2.226 1.834 1.443 1.034 0.49 0.179 0.432 0.758 1.096 1.186 1.394 1.804 1.96 1.804 1.723 1.363 0.944 0.662 0.368 0.315 0.278 0.216 0.018 -0.169 -0.258 -0.284 -0.117
-0.019 -0.062 -0.069 -0.004 0.163 0.551 0.976 1.252 1.517 1.735 1.816 1.925 1.967 2.226 2.536 2.773 2.756 2.723 2.628 2.399 2.047 1.605 1.403 1.496 1.316 0.65 0.384 0.466 0.299 0.525 0.887 1.121 1.324 1.601 1.814 1.877 1.839 1.778 2.155 2.549 2.862 2.917 2.952 2.921 2.839 2.59 2.281 2.063 1.932 2.054 2.01 1.635 1.322 0.991 0.472 0.186 0.51 0.817 1.13 1.301 1.479 1.786 1.74 1.658 1.323 1.074 0.637 0.335 0.146 0.044 -0.024 -0.082 -0.165 -0.228 -0.254 -0.328 -0.242
-0.031 -0.022 0.056 0.221 0.495 0.848 1.274 1.492 1.731 1.976 2.155 2.267 2.273 2.436 2.576 2.704 2.719 2.666 2.572 2.254 2 1.755 1.626 1.78 1.323 0.517 0.589 0.824 0.518 0.402 0.55 0.854 1.065 1.36 1.682 1.929 1.976 2.02 2.281 2.62 2.965 2.918 2.77 2.707 2.693 2.566 2.358 2.046 1.721 1.594 1.571 1.313 0.995 0.673 0.342 0.186 0.458 0.726 1.074 1.337 1.522 1.641 1.497 1.427 1.057 0.694 0.385 0.192 0.134 0.019 -0.016 -0.062 -0.076 -0.141 -0.27 -0.338 -0.242
0.04 0.171 0.302 0.455 0.771 1.035 1.333 1.63 1.842 2.017 2.198 2.228 2.303 2.405 2.415 2.461 2.523 2.504 2.342 2.193 2.303 2.151 1.837 1.894 1.339 0.619 0.853 1.135 0.819 0.566 0.456 0.583 0.764 1.127 1.491 1.855 2.066 2.27 2.428 2.684 3.033 3.117 2.833 2.586 2.41 2.359 2.213 1.945 1.708 1.443 1.117 0.885 0.663 0.502 0.317 0.322 0.559 0.792 0.99 1.145 1.312 1.402 1.373 1.166 0.812 0.479 0.306 0.296 0.217 0.077 0.13 0.037 0.041 -0.045 -0.223 -0.282 -0.116
0.156 0.39 0.547 0.676 0.783 0.954 1.215 1.468 1.621 1.687 1.884 1.962 2.028 2.046 2.099 2.085 2.166 2.299 2.26 2.337 2.646 2.473 2.193 1.936 1.412 0.826 1.086 1.407 1.179 0.933 0.633 0.525 0.576 0.896 1.257 1.686 2.061 2.411 2.554 2.79 3.158 3.353 3.133 2.789 2.33 2.029 1.924 1.686 1.408 1.159 0.977 0.915 0.861 0.784 0.417 0.501 0.678 0.769 0.808 1.005 1.273 1.283 1.21 0.901 0.616 0.507 0.426 0.4 0.222 0.179 0.234 0.125 0.161 0.043 -0.192 -0.211 -0.015
0.204 0.377 0.585 0.601 0.578 0.705 0.87 0.999 1.19 1.289 1.389 1.433 1.609 1.585 1.594 1.622 1.768 2.099 2.534 2.632 2.804 2.7 2.541 2.099 1.606 1.076 1.162 1.422 1.465 1.187 0.952 0.822 0.65 0.781 1.25 1.591 1.86 2.393 2.603 2.849 3.179 3.4 3.347 2.979 2.574 2.045 1.634 1.424 1.261 1.23 1.217 1.185 1.096 0.862 0.497 0.426 0.569 0.627 0.784 1.043 1.247 1.193 1.049 0.909 0.687 0.653 0.531 0.443 0.275 0.309 0.344 0.258 0.256 0.1 -0.14 -0.149 0.007
0.383 0.278 0.353 0.309 0.294 0.356 0.466 0.562 0.697 0.827 0.868 0.94 1.113 1.108 1.117 1.208 1.486 2.09 2.679 2.863 2.899 2.837 2.723 2.3 1.9 1.486 1.332 1.314 1.444 1.53 1.366 1.19 0.849 0.77 1.204 1.456 1.692 2.275 2.65 2.854 3.071 3.337 3.32 2.987 2.514 2.185 2.015 1.697 1.595 1.512 1.409 1.274 1.025 0.729 0.426 0.355 0.427 0.556 0.776 1.024 1.143 1.15 1.126 1.051 0.731 0.743 0.64 0.496 0.381 0.458 0.465 0.401 0.283 0.067 -0.085 -0.035 0.062
