data/climatemaps/RS_maps/climate_breeding_tmp_2016.asc
NCOLS 369 
NROWS 228 
XLLCORNER 479000 
YLLCORNER 73000 
CELLSIZE 1000 
NODATA_value -9 
[rows 68 to 101 of 228, columns 76 to 151 of 369]
0.36 0.357 0.321 0.22 0.157 0.16 0.272 0.503 0.505 0.133 0.121 0.111 0.113 0.084 0.057 0.061 0.064 0.066 0.049 0.027 -0.001 -0.066 -0.074 -0.07 0.02 0.243 0.306 0.372 0.393 0.333 0.35 0.349 0.39 0.438 0.436 0.437 0.397 0.407 0.39 0.318 0.283 0.261 0.184 -0.011 -0.195 -0.195 -0.15 -0.123 0.058 0.106 0.137 0.272 0.494 0.662 0.724 0.789 0.823 0.86 0.873 0.868 0.893 0.896 0.883 0.837 0.836 0.829 0.84 0.88 0.906 0.928 0.901 0.857 0.885 0.894 0.883 0.792
0.312 0.317 0.222 0.151 0.176 0.32 0.424 0.529 0.247 0.036 0.106 0.09 0.076 0.043 0.044 0.073 0.071 0.076 0.052 0.018 -0.007 -0.017 0.006 0.099 0.246 0.353 0.369 0.392 0.425 0.431 0.426 0.442 0.461 0.467 0.449 0.447 0.449 0.425 0.29 0.211 0.099 -0.068 -0.214 -0.154 -0.182 -0.014 0.147 0.342 0.457 0.541 0.594 0.672 0.718 0.717 0.752 0.804 0.863 0.898 0.889 0.897 0.919 0.922 0.9 0.898 0.878 0.851 0.879 0.92 0.903 0.887 0.876 0.89 0.876 0.864 0.882 0.87
0.262 0.279 0.166 0.15 0.306 0.452 0.479 0.304 0.129 0.102 0.116 0.084 0.046 0.053 0.072 0.079 0.087 0.073 0.081 0.109 0.157 0.202 0.161 0.157 0.236 0.322 0.388 0.405 0.369 0.311 0.259 0.239 0.221 0.212 0.159 0.119 0.111 0.017 -0.107 -0.191 -0.287 -0.291 -0.114 0.07 0.241 0.459 0.567 0.658 0.711 0.733 0.765 0.784 0.76 0.818 0.857 0.876 0.905 0.914 0.925 0.923 0.925 0.881 0.848 0.865 0.874 0.907 0.915 0.882 0.855 0.86 0.871 0.884 0.843 0.823 0.832 0.878
0.267 0.242 0.202 0.31 0.48 0.403 0.219 0.113 0.113 0.085 0.022 0.018 0.048 0.093 0.081 0.043 0.055 0.082 0.145 0.148 0.127 0.078 0.036 0.067 0.134 0.267 0.367 0.277 0.168 0.044 -0.041 -0.089 -0.137 -0.121 -0.144 -0.147 -0.073 -0.088 -0.128 -0.173 -0.172 -0.017 0.276 0.424 0.588 0.665 0.724 0.765 0.802 0.826 0.846 0.841 0.844 0.884 0.896 0.911 0.907 0.912 0.919 0.895 0.886 0.858 0.834 0.849 0.878 0.889 0.887 0.847 0.851 0.868 0.867 0.868 0.842 0.809 0.805 0.856
0.203 0.191 0.372 0.465 0.361 0.148 0.089 0.085 0.041 -0.047 -0.032 0.031 0.067 0.081 0.033 -0.028 -0.037 -0.017 -0.003 -0.009 0.015 0.084 0.127 0.157 0.182 0.249 0.251 0.01 -0.057 -0.111 -0.103 -0.043 0.028 0.063 0.027 -0.009 0.002 0.006 0.036 0.096 0.238 0.443 0.605 0.701 0.776 0.803 0.832 0.868 0.894 0.9 0.899 0.896 0.894 0.903 0.911 0.909 0.9 0.909 0.904 0.868 0.849 0.844 0.85 0.867 0.887 0.872 0.862 0.851 0.85 0.848 0.847 0.854 0.818 0.805 0.791 0.824
0.142 0.233 0.528 0.345 0.173 0.072 0.048 0.01 -0.049 -0.061 0.009 0.049 0.028 -0.017 -0.088 -0.148 -0.156 -0.072 0.017 0.148 0.268 0.364 0.434 0.445 0.428 0.392 0.19 0.078 0.16 0.19 0.321 0.352 0.328 0.214 0.148 0.111 0.128 0.171 0.299 0.483 0.665 0.766 0.794 0.835 0.873 0.879 0.897 0.91 0.913 0.912 0.908 0.898 0.884 0.883 0.884 0.894 0.901 0.906 0.898 0.876 0.859 0.861 0.863 0.869 0.886 0.866 0.848 0.824 0.816 0.839 0.827 0.84 0.791 0.779 0.743 0.762
0.201 0.378 0.442 0.2 0.105 0.048 -0.007 -0.015 -0.008 0.026 0.027 -0.018 -0.103 -0.167 -0.169 -0.122 0.054 0.244 0.358 0.449 0.492 0.514 0.518 0.487 0.467 0.459 0.402 0.436 0.479 0.465 0.531 0.373 0.271 0.248 0.308 0.301 0.326 0.437 0.568 0.71 0.826 0.864 0.883 0.894 0.902 0.909 0.912 0.905 0.891 0.886 0.857 0.827 0.815 0.855 0.875 0.891 0.898 0.9 0.899 0.881 0.861 0.85 0.84 0.868 0.883 0.855 0.826 0.807 0.832 0.841 0.807 0.827 0.75 0.703 0.697 0.74
0.46 0.451 0.278 0.134 0.061 0.036 0.041 0.067 0.067 0.033 -0.016 -0.121 -0.198 -0.183 -0.039 0.18 0.398 0.488 0.488 0.431 0.301 0.329 0.315 0.143 0.096 0.118 0.322 0.348 0.199 0.362 0.548 0.24 0.292 0.356 0.314 0.387 0.499 0.639 0.764 0.847 0.88 0.896 0.907 0.907 0.909 0.907 0.896 0.866 0.84 0.818 0.768 0.762 0.799 0.864 0.891 0.895 0.887 0.894 0.88 0.859 0.83 0.836 0.853 0.874 0.876 0.848 0.839 0.843 0.835 0.788 0.78 0.809 0.727 0.64 0.665 0.723
0.475 0.4 0.233 0.101 0.083 0.066 0.059 0.07 0.039 -0.03 -0.143 -0.206 -0.129 0.065 0.277 0.432 0.468 0.394 0.197 0.043 -0.018 0.005 -0.068 -0.161 -0.179 -0.162 0.027 0.026 0.008 0.276 0.596 0.474 0.35 0.38 0.598 0.748 0.807 0.85 0.88 0.903 0.907 0.907 0.91 0.912 0.896 0.848 0.839 0.792 0.755 0.753 0.765 0.796 0.847 0.865 0.886 0.886 0.887 0.885 0.86 0.84 0.821 0.847 0.867 0.846 0.856 0.864 0.853 0.808 0.755 0.729 0.73 0.788 0.728 0.66 0.606 0.663
0.556 0.361 0.249 0.114 0.05 0.063 0.045 -0.012 -0.072 -0.172 -0.213 -0.103 0.21 0.364 0.425 0.361 0.179 -0.014 -0.126 -0.169 -0.172 -0.187 -0.224 -0.274 -0.257 -0.152 0.074 0.334 0.477 0.572 0.595 0.635 0.63 0.779 0.844 0.817 0.781 0.813 0.868 0.909 0.913 0.916 0.912 0.891 0.814 0.763 0.751 0.729 0.729 0.787 0.823 0.851 0.854 0.863 0.875 0.879 0.882 0.887 0.86 0.844 0.832 0.866 0.819 0.783 0.827 0.805 0.762 0.749 0.695 0.627 0.674 0.784 0.757 0.685 0.553 0.601
0.33 0.12 0.255 0.134 0.066 0.032 -0.043 -0.118 -0.15 -0.14 -0.022 0.296 0.424 0.381 0.152 -0.057 -0.215 -0.309 -0.316 -0.326 -0.25 -0.265 -0.235 -0.191 -0.044 0.11 0.378 0.49 0.52 0.496 0.608 0.778 0.867 0.867 0.793 0.798 0.855 0.898 0.909 0.918 0.918 0.915 0.894 0.818 0.74 0.731 0.732 0.751 0.769 0.773 0.778 0.841 0.852 0.873 0.858 0.872 0.867 0.875 0.873 0.86 0.87 0.861 0.828 0.776 0.833 0.727 0.731 0.734 0.644 0.593 0.702 0.762 0.669 0.67 0.529 0.549
0.131 0.131 0.201 0.127 0.051 -0.022 -0.098 -0.104 -0.014 0.13 0.329 0.33 0.224 0.085 -0.119 -0.374 -0.485 -0.521 -0.426 -0.324 -0.189 -0.139 -0.126 -0.14 -0.07 0.188 0.374 0.264 0.365 0.584 0.825 0.897 0.889 0.85 0.802 0.855 0.916 0.918 0.918 0.918 0.917 0.894 0.855 0.776 0.737 0.731 0.768 0.741 0.749 0.773 0.822 0.864 0.873 0.872 0.867 0.849 0.858 0.854 0.848 0.873 0.857 0.788 0.797 0.7 0.803 0.682 0.678 0.68 0.571 0.653 0.705 0.737 0.609 0.594 0.59 0.573
0.114 0.127 0.166 0.068 -0.004 -0.02 0.025 0.206 0.294 0.267 0.127 0.017 -0.069 -0.15 -0.314 -0.52 -0.595 -0.475 -0.258 -0.021 -0.008 -0.16 -0.284 -0.222 0.004 0.173 0.095 0.291 0.583 0.831 0.902 0.891 0.851 0.879 0.91 0.915 0.918 0.917 0.911 0.868 0.858 0.819 0.825 0.76 0.75 0.709 0.672 0.684 0.668 0.71 0.847 0.873 0.867 0.866 0.865 0.849 0.856 0.872 0.83 0.819 0.745 0.736 0.771 0.759 0.724 0.672 0.606 0.638 0.575 0.635 0.66 0.669 0.711 0.684 0.644 0.572
0.114 0.084 0.094 0.026 0.023 0.106 0.215 0.218 0.074 -0.019 -0.043 -0.051 -0.109 -0.335 -0.459 -0.509 -0.364 -0.155 0.021 0.125 -0.1 -0.144 -0.01 0.143 0.145 0.107 0.265 0.667 0.907 0.919 0.91 0.899 0.885 0.87 0.913 0.918 0.918 0.901 0.813 0.777 0.849 0.823 0.817 0.752 0.697 0.673 0.649 0.671 0.676 0.805 0.871 0.865 0.852 0.857 0.858 0.841 0.852 0.858 0.848 0.795 0.75 0.742 0.76 0.737 0.655 0.655 0.548 0.554 0.582 0.61 0.62 0.559 0.653 0.647 0.664 0.562
0.09 0.037 0.073 0.055 0.142 0.223 0.094 -0.052 -0.114 -0.117 -0.101 -0.059 -0.164 -0.393 -0.418 -0.201 -0.005 0.131 0.198 0.15 0.116 0.237 0.343 0.29 0.236 0.375 0.688 0.891 0.925 0.905 0.898 0.899 0.896 0.887 0.914 0.918 0.918 0.902 0.847 0.866 0.87 0.812 0.772 0.717 0.695 0.681 0.698 0.769 0.831 0.859 0.85 0.843 0.845 0.854 0.852 0.84 0.845 0.851 0.828 0.818 0.804 0.745 0.768 0.662 0.639 0.601 0.521 0.462 0.563 0.529 0.58 0.546 0.6 0.557 0.661 0.591
0.032 -0.008 0.068 0.134 0.151 0.077 -0.082 -0.13 -0.14 -0.1 -0.03 0.004 -0.199 -0.283 -0.089 0.103 0.239 0.311 0.321 0.314 0.359 0.393 0.394 0.394 0.505 0.741 0.909 0.927 0.917 0.875 0.833 0.82 0.829 0.821 0.905 0.918 0.917 0.907 0.893 0.866 0.841 0.794 0.716 0.66 0.695 0.76 0.839 0.868 0.861 0.836 0.82 0.837 0.846 0.846 0.843 0.839 0.843 0.841 0.775 0.773 0.785 0.765 0.746 0.649 0.63 0.535 0.484 0.469 0.542 0.507 0.542 0.499 0.545 0.526 0.639 0.601
-0.007 0.01 0.096 0.015 -0.068 -0.106 -0.075 -0.025 0.041 0.111 0.163 0.024 -0.169 -0.034 0.157 0.264 0.359 0.391 0.391 0.388 0.369 0.382 0.482 0.639 0.771 0.914 0.93 0.921 0.895 0.846 0.812 0.826 0.872 0.907 0.918 0.915 0.89 0.859 0.837 0.805 0.781 0.783 0.745 0.746 0.828 0.857 0.862 0.852 0.819 0.793 0.819 0.833 0.844 0.839 0.838 0.837 0.838 0.819 0.73 0.727 0.764 0.736 0.69 0.671 0.657 0.574 0.48 0.459 0.496 0.485 0.495 0.46 0.539 0.57 0.61 0.537
-0.065 -0.011 -0.075 -0.224 -0.256 -0.201 -0.017 0.073 0.147 0.227 0.238 -0.066 -0.114 0.11 0.228 0.276 0.394 0.413 0.385 0.336 0.356 0.5 0.73 0.871 0.928 0.933 0.933 0.905 0.84 0.782 0.831 0.905 0.918 0.918 0.917 0.894 0.839 0.817 0.806 0.794 0.807 0.831 0.829 0.85 0.835 0.814 0.821 0.812 0.766 0.764 0.812 0.832 0.837 0.829 0.833 0.827 0.828 0.802 0.743 0.716 0.741 0.706 0.632 0.609 0.581 0.546 0.523 0.427 0.493 0.515 0.52 0.522 0.556 0.557 0.572 0.506
-0.097 -0.127 -0.265 -0.313 -0.263 -0.123 0.039 0.14 0.187 0.284 0.221 -0.135 -0.074 0.155 0.17 0.302 0.415 0.419 0.37 0.369 0.583 0.803 0.911 0.938 0.938 0.938 0.926 0.851 0.787 0.801 0.878 0.918 0.916 0.913 0.912 0.872 0.812 0.799 0.776 0.781 0.833 0.84 0.84 0.814 0.776 0.766 0.773 0.776 0.73 0.755 0.801 0.822 0.837 0.821 0.823 0.819 0.81 0.772 0.763 0.736 0.715 0.653 0.603 0.559 0.486 0.454 0.481 0.432 0.526 0.53 0.516 0.501 0.507 0.499 0.528 0.472
-0.205 -0.227 -0.197 -0.174 -0.084 0.089 0.267 0.395 0.409 0.399 0.105 -0.15 0.043 0.229 0.286 0.44 0.528 0.525 0.545 0.688 0.866 0.935 0.929 0.938 0.938 0.937 0.883 0.834 0.839 0.88 0.906 0.918 0.915 0.909 0.911 0.877 0.822 0.798 0.746 0.773 0.803 0.803 0.818 0.793 0.747 0.746 0.745 0.739 0.706 0.753 0.781 0.795 0.826 0.821 0.81 0.819 0.807 0.777 0.759 0.713 0.664 0.597 0.579 0.536 0.419 0.422 0.448 0.448 0.519 0.484 0.464 0.428 0.423 0.455 0.485 0.437
-0.275 -0.229 -0.092 0.076 0.287 0.414 0.488 0.507 0.475 0.377 0.001 -0.016 0.245 0.359 0.516 0.656 0.761 0.802 0.853 0.909 0.938 0.938 0.935 0.938 0.942 0.92 0.882 0.895 0.902 0.908 0.916 0.915 0.916 0.909 0.895 0.857 0.85 0.837 0.797 0.806 0.808 0.808 0.803 0.78 0.747 0.736 0.711 0.717 0.735 0.765 0.763 0.792 0.819 0.809 0.79 0.804 0.789 0.784 0.778 0.729 0.623 0.638 0.584 0.499 0.446 0.454 0.437 0.448 0.505 0.444 0.417 0.347 0.332 0.4 0.409 0.379
-0.313 -0.085 0.183 0.359 0.442 0.497 0.528 0.518 0.462 0.274 -0.001 0.155 0.41 0.586 0.818 0.888 0.921 0.928 0.936 0.943 0.941 0.938 0.938 0.938 0.914 0.907 0.916 0.912 0.915 0.92 0.917 0.914 0.91 0.905 0.857 0.841 0.846 0.843 0.815 0.798 0.801 0.789 0.766 0.759 0.722 0.708 0.712 0.725 0.748 0.777 0.789 0.808 0.818 0.804 0.788 0.784 0.763 0.763 0.764 0.755 0.662 0.659 0.569 0.478 0.538 0.486 0.443 0.423 0.491 0.452 0.387 0.357 0.309 0.269 0.286 0.255
-0.158 0.089 0.316 0.432 0.485 0.503 0.514 0.473 0.365 0.05 0.109 0.503 0.641 0.846 0.934 0.937 0.938 0.935 0.913 0.939 0.941 0.938 0.925 0.895 0.874 0.921 0.911 0.925 0.926 0.923 0.914 0.909 0.908 0.896 0.815 0.821 0.794 0.796 0.801 0.807 0.809 0.781 0.762 0.71 0.706 0.701 0.74 0.75 0.76 0.776 0.806 0.811 0.809 0.79 0.78 0.723 0.697 0.689 0.724 0.77 0.688 0.595 0.46 0.462 0.571 0.534 0.495 0.465 0.506 0.402 0.45 0.459 0.431 0.398 0.318 0.278
-0.031 0.225 0.419 0.472 0.522 0.538 0.478 0.29 0.079 0.004 0.447 0.682 0.795 0.931 0.938 0.938 0.9 0.774 0.852 0.938 0.916 0.849 0.835 0.808 0.913 0.917 0.89 0.921 0.928 0.928 0.923 0.891 0.896 0.81 0.801 0.774 0.763 0.72 0.704 0.736 0.794 0.781 0.789 0.788 0.772 0.747 0.757 0.739 0.743 0.784 0.813 0.797 0.794 0.772 0.683 0.706 0.671 0.698 0.703 0.763 0.663 0.548 0.443 0.542 0.609 0.516 0.455 0.533 0.519 0.512 0.495 0.403 0.394 0.261 0.252 0.171
0.158 0.388 0.459 0.5 0.54 0.511 0.279 0.004 0.05 0.37 0.702 0.772 0.91 0.924 0.936 0.892 0.769 0.845 0.918 0.914 0.854 0.768 0.783 0.892 0.927 0.928 0.929 0.929 0.928 0.923 0.889 0.865 0.875 0.812 0.776 0.714 0.636 0.579 0.607 0.633 0.693 0.656 0.629 0.677 0.755 0.793 0.793 0.764 0.749 0.791 0.808 0.785 0.732 0.743 0.712 0.666 0.564 0.677 0.601 0.722 0.727 0.579 0.594 0.626 0.535 0.501 0.49 0.581 0.569 0.528 0.405 0.306 0.308 0.289 0.127 0.098
0.342 0.428 0.48 0.52 0.551 0.387 0.13 0.189 0.441 0.7 0.832 0.901 0.898 0.923 0.936 0.853 0.845 0.901 0.914 0.862 0.781 0.787 0.88 0.932 0.902 0.925 0.938 0.931 0.921 0.887 0.864 0.896 0.814 0.75 0.716 0.648 0.514 0.477 0.532 0.593 0.631 0.608 0.606 0.656 0.712 0.747 0.761 0.785 0.8 0.799 0.784 0.758 0.691 0.671 0.665 0.621 0.559 0.634 0.535 0.625 0.746 0.715 0.674 0.59 0.509 0.507 0.58 0.601 0.501 0.442 0.446 0.387 0.288 0.25 0.234 0.107
0.405 0.443 0.468 0.485 0.541 0.423 0.416 0.582 0.755 0.892 0.942 0.935 0.92 0.939 0.938 0.94 0.94 0.936 0.912 0.849 0.84 0.855 0.924 0.926 0.916 0.939 0.938 0.936 0.887 0.851 0.892 0.796 0.717 0.618 0.573 0.509 0.42 0.483 0.495 0.604 0.627 0.6 0.596 0.664 0.706 0.729 0.746 0.755 0.763 0.76 0.712 0.67 0.646 0.617 0.68 0.578 0.537 0.583 0.447 0.553 0.686 0.719 0.728 0.655 0.616 0.636 0.635 0.577 0.496 0.515 0.434 0.378 0.23 0.151 0.169 0.159
0.454 0.451 0.473 0.509 0.61 0.654 0.726 0.823 0.918 0.958 0.958 0.953 0.945 0.955 0.944 0.943 0.948 0.946 0.944 0.912 0.907 0.916 0.935 0.941 0.943 0.942 0.94 0.915 0.841 0.856 0.88 0.74 0.666 0.541 0.478 0.452 0.473 0.553 0.623 0.655 0.662 0.64 0.653 0.712 0.716 0.736 0.743 0.725 0.707 0.627 0.574 0.557 0.609 0.632 0.654 0.553 0.506 0.482 0.478 0.574 0.571 0.682 0.681 0.694 0.695 0.687 0.628 0.598 0.531 0.426 0.368 0.339 0.217 0.101 0.064 0.048
0.545 0.57 0.62 0.687 0.772 0.847 0.912 0.948 0.955 0.958 0.958 0.958 0.958 0.958 0.957 0.942 0.955 0.958 0.952 0.949 0.944 0.939 0.942 0.945 0.945 0.947 0.942 0.89 0.843 0.836 0.858 0.787 0.692 0.626 0.608 0.577 0.59 0.66 0.657 0.652 0.667 0.701 0.719 0.73 0.735 0.779 0.769 0.721 0.649 0.517 0.489 0.536 0.572 0.578 0.512 0.426 0.43 0.412 0.466 0.486 0.516 0.638 0.584 0.615 0.639 0.676 0.67 0.641 0.522 0.388 0.339 0.332 0.217 0.08 0.14 0.105
0.685 0.769 0.818 0.873 0.916 0.949 0.958 0.958 0.958 0.958 0.958 0.958 0.958 0.958 0.958 0.951 0.957 0.958 0.949 0.956 0.952 0.944 0.951 0.95 0.949 0.947 0.934 0.882 0.843 0.813 0.849 0.822 0.741 0.727 0.691 0.664 0.668 0.696 0.665 0.664 0.686 0.714 0.726 0.731 0.746 0.824 0.798 0.765 0.666 0.618 0.489 0.439 0.411 0.549 0.443 0.372 0.333 0.389 0.388 0.47 0.553 0.567 0.481 0.553 0.578 0.579 0.612 0.684 0.617 0.475 0.426 0.361 0.272 0.138 0.222 0.132
0.823 0.895 0.935 0.953 0.958 0.958 0.958 0.959 0.961 0.961 0.959 0.96 0.958 0.958 0.957 0.955 0.958 0.958 0.942 0.948 0.955 0.954 0.957 0.954 0.949 0.945 0.921 0.876 0.852 0.823 0.866 0.835 0.819 0.815 0.769 0.733 0.728 0.746 0.749 0.738 0.75 0.758 0.757 0.772 0.79 0.815 0.804 0.781 0.75 0.709 0.561 0.445 0.397 0.587 0.46 0.399 0.334 0.306 0.395 0.54 0.486 0.47 0.412 0.515 0.49 0.497 0.478 0.632 0.656 0.512 0.432 0.318 0.284 0.225 0.259 0.117
0.893 0.941 0.966 0.964 0.962 0.962 0.962 0.962 0.963 0.963 0.962 0.962 0.962 0.958 0.958 0.95 0.921 0.851 0.805 0.872 0.949 0.953 0.958 0.956 0.946 0.925 0.908 0.884 0.865 0.856 0.873 0.821 0.822 0.824 0.821 0.798 0.804 0.823 0.829 0.813 0.821 0.793 0.776 0.775 0.773 0.795 0.777 0.767 0.775 0.755 0.705 0.593 0.529 0.627 0.498 0.452 0.358 0.3 0.444 0.463 0.363 0.38 0.417 0.501 0.421 0.423 0.363 0.568 0.665 0.528 0.387 0.399 0.304 0.325 0.215 0.177
0.941 0.955 0.972 0.972 0.971 0.964 0.963 0.963 0.963 0.963 0.963 0.963 0.959 0.947 0.93 0.904 0.859 0.774 0.832 0.922 0.958 0.947 0.958 0.947 0.914 0.867 0.876 0.882 0.859 0.874 0.845 0.769 0.714 0.691 0.721 0.718 0.747 0.768 0.766 0.763 0.803 0.775 0.765 0.761 0.759 0.792 0.76 0.752 0.767 0.716 0.7 0.693 0.692 0.684 0.585 0.467 0.376 0.295 0.472 0.401 0.287 0.336 0.402 0.423 0.352 0.345 0.352 0.548 0.657 0.513 0.42 0.414 0.363 0.346 0.279 0.267
0.95 0.961 0.973 0.973 0.973 0.972 0.965 0.967 0.963 0.965 0.964 0.937 0.924 0.884 0.857 0.863 0.881 0.902 0.945 0.962 0.963 0.957 0.957 0.916 0.858 0.836 0.847 0.868 0.838 0.878 0.811 0.712 0.645 0.612 0.683 0.706 0.745 0.759 0.757 0.767 0.772 0.768 0.771 0.771 0.786 0.801 0.773 0.752 0.764 0.652 0.601 0.581 0.697 0.731 0.628 0.475 0.398 0.397 0.521 0.344 0.264 0.277 0.239 0.272 0.253 0.303 0.399 0.522 0.638 0.6 0.549 0.481 0.416 0.425 0.394 0.259
