data/climatemaps/RS_maps/climate_breeding_pr_2001.asc
NCOLS 369 
NROWS 228 
XLLCORNER 479000 
YLLCORNER 73000 
CELLSIZE 1000 
NODATA_value -9 
[rows 136 to 169 of 228, columns 234 to 311 of 369]
2.536 2.458 2.456 2.352 2.299 2.213 2.06 2.1 2.256 2.156 2.079 1.986 1.507 1.312 1.474 1.675 1.709 1.52 1.23 0.736 0.369 0.496 0.826 1.195 1.528 1.699 1.699 1.407 1.453 1.697 1.723 1.77 1.888 1.885 1.776 1.614 1.281 0.834 0.28 -0.131 -0.206 0.083 0.468 0.818 1.228 1.533 1.553 1.38 0.969 0.453 0.015 -0.305 -0.309 -0.13 0.082 0.507 0.855 1.136 1.33 1.353 1.557 1.354 1.104 0.659 0.131 0.135 0.116 0.147 0.289 0.445 0.523 0.649 0.886 0.953 0.971 0.903 0.887 0.794
2.448 2.336 2.351 2.254 2.207 2.173 2.178 2.283 2.404 2.246 2.114 1.937 1.577 1.623 1.846 1.863 1.704 1.489 1.11 0.657 0.464 0.64 0.881 1.078 1.443 1.689 1.716 1.469 1.41 1.633 1.743 1.824 1.933 1.964 1.85 1.704 1.414 0.926 0.258 -0.125 -0.121 0.131 0.43 0.868 1.39 1.556 1.517 1.329 1.019 0.593 0.152 -0.239 -0.376 -0.292 -0.031 0.285 0.553 0.912 1.203 1.359 1.613 1.513 1.326 0.915 0.351 0.297 0.256 0.232 0.308 0.457 0.602 0.666 0.738 0.756 0.775 0.75 0.648 0.47
2.367 2.175 2.331 2.36 2.34 2.277 2.223 2.444 2.516 2.526 2.275 1.931 1.832 1.955 2.045 1.901 1.732 1.431 1.067 0.843 0.701 0.683 0.979 1.138 1.498 1.705 1.764 1.575 1.464 1.665 1.783 1.873 1.991 2.012 1.958 1.784 1.424 0.92 0.265 -0.091 -0.012 0.247 0.49 0.838 1.366 1.538 1.479 1.452 1.217 0.783 0.28 -0.145 -0.384 -0.401 -0.164 0.026 0.235 0.644 0.904 1.154 1.461 1.498 1.329 1.049 0.567 0.319 0.206 0.215 0.301 0.433 0.48 0.481 0.485 0.507 0.5 0.473 0.416 0.143
2.39 2.032 2.144 2.246 2.157 2.12 2.199 2.311 2.48 2.567 2.39 2.238 2.111 2.226 2.198 1.997 1.717 1.419 1.286 1.234 1.032 0.751 1.001 1.285 1.539 1.687 1.734 1.694 1.712 1.807 1.83 1.806 1.838 1.81 1.777 1.604 1.342 0.939 0.32 -0.001 0.094 0.33 0.608 0.919 1.324 1.516 1.595 1.634 1.369 0.91 0.379 0.029 -0.253 -0.46 -0.343 -0.199 -0.032 0.302 0.597 0.932 1.364 1.462 1.369 1.185 0.844 0.639 0.358 0.223 0.221 0.293 0.331 0.367 0.399 0.435 0.435 0.309 0.057 -0.107
2.178 1.75 1.755 1.942 1.899 1.92 1.959 2.16 2.343 2.596 2.6 2.429 2.342 2.411 2.198 1.923 1.638 1.615 1.629 1.547 1.295 0.926 1.054 1.395 1.596 1.709 1.773 1.828 1.82 1.787 1.77 1.77 1.653 1.486 1.373 1.303 1.219 0.912 0.331 0.015 0.092 0.273 0.473 0.857 1.305 1.531 1.708 1.701 1.381 0.923 0.508 0.327 0.028 -0.338 -0.431 -0.31 -0.081 0.214 0.525 0.774 1.14 1.457 1.481 1.303 1.073 0.995 0.714 0.476 0.38 0.383 0.398 0.408 0.417 0.45 0.368 0.12 -0.144 -0.147
1.995 1.496 1.393 1.677 1.639 1.648 1.896 2.205 2.449 2.636 2.664 2.509 2.423 2.343 2.043 1.851 1.785 1.905 1.891 1.776 1.464 1.155 1.234 1.424 1.647 1.733 1.793 1.774 1.673 1.551 1.562 1.607 1.392 1.102 0.907 0.846 0.797 0.68 0.36 0.157 -0.006 0.218 0.537 0.871 1.262 1.597 1.722 1.601 1.323 0.936 0.734 0.656 0.335 -0.108 -0.34 -0.268 -0.041 0.18 0.492 0.733 0.978 1.404 1.531 1.422 1.34 1.236 0.976 0.675 0.451 0.332 0.214 0.133 0.153 0.171 0.084 -0.155 -0.213 0.001
1.72 1.207 1.029 1.299 1.363 1.491 1.934 2.36 2.644 2.661 2.49 2.387 2.256 2.13 1.954 2.061 2.057 2.075 2.076 1.883 1.566 1.467 1.525 1.528 1.561 1.588 1.649 1.686 1.558 1.422 1.245 1.193 0.965 0.808 0.782 0.861 0.76 0.737 0.65 0.348 0.07 0.245 0.549 0.924 1.278 1.582 1.635 1.518 1.235 1.031 1.054 0.925 0.53 0.074 -0.237 -0.193 -0.004 0.206 0.501 0.79 0.98 1.324 1.616 1.605 1.517 1.265 0.958 0.737 0.689 0.672 0.544 0.276 0.119 -0.05 -0.187 -0.267 -0.136 0.182
1.314 0.93 0.779 0.974 1.231 1.609 1.929 2.353 2.735 2.69 2.499 2.578 2.43 2.199 2.063 2.286 2.259 2.2 2.091 1.902 1.795 1.738 1.646 1.465 1.353 1.311 1.355 1.381 1.261 1.099 0.98 0.847 0.837 0.924 1.102 1.211 1.044 1.118 0.976 0.501 0.2 0.349 0.565 0.86 1.211 1.49 1.544 1.479 1.271 1.18 1.323 1.096 0.73 0.254 -0.121 -0.068 0.062 0.201 0.469 0.89 1.14 1.417 1.619 1.594 1.377 1.168 1.044 1.012 1.029 0.951 0.795 0.583 0.365 0.031 -0.219 -0.246 -0.01 0.268
1.215 0.795 0.684 0.907 1.225 1.705 2.051 2.332 2.768 2.718 2.683 2.845 2.693 2.483 2.175 2.37 2.442 2.324 2.209 2.167 1.987 1.733 1.546 1.34 1.082 0.961 0.945 0.931 0.856 0.834 0.865 0.891 1.057 1.237 1.369 1.432 1.283 1.464 1.272 0.752 0.443 0.625 0.702 0.91 1.157 1.406 1.462 1.584 1.446 1.291 1.516 1.326 0.996 0.483 0.011 0.001 0.047 0.152 0.402 0.806 1.171 1.376 1.591 1.474 1.34 1.33 1.209 1.253 1.165 1.09 0.936 0.703 0.282 -0.052 -0.225 -0.155 0.071 0.339
1.212 0.713 0.502 0.746 1.105 1.629 2.149 2.464 2.858 2.767 2.86 3.028 2.892 2.641 2.314 2.469 2.538 2.419 2.464 2.318 2 1.585 1.315 1.086 0.915 0.841 0.82 0.883 1.001 1.105 1.196 1.132 1.284 1.427 1.58 1.574 1.51 1.75 1.558 0.955 0.674 0.842 0.914 1.025 1.173 1.358 1.478 1.635 1.516 1.48 1.631 1.444 1.086 0.576 0.118 0.007 0.016 0.122 0.364 0.685 1.07 1.277 1.4 1.409 1.466 1.426 1.316 1.338 1.222 1.119 0.964 0.675 0.225 -0.092 -0.22 -0.083 0.062 0.28
0.935 0.536 0.302 0.605 1.068 1.475 2.036 2.53 2.885 2.829 3.015 3.138 2.957 2.693 2.532 2.593 2.617 2.504 2.416 2.187 1.793 1.441 1.269 1.217 1.291 1.13 1.188 1.408 1.453 1.418 1.437 1.384 1.43 1.605 1.717 1.673 1.778 1.941 1.713 1.137 0.799 0.847 0.943 1.001 1.162 1.321 1.484 1.567 1.509 1.725 1.661 1.41 1.097 0.592 0.188 0.005 0.013 0.08 0.28 0.56 1.007 1.175 1.328 1.382 1.543 1.457 1.389 1.377 1.213 1.074 0.881 0.565 0.155 -0.113 -0.24 -0.125 0.025 0.206
0.84 0.432 0.23 0.499 1.034 1.396 1.836 2.422 2.896 2.872 3.14 3.302 3.034 2.823 2.755 2.796 2.616 2.412 2.124 1.843 1.609 1.546 1.618 1.512 1.678 1.536 1.497 1.828 1.751 1.666 1.689 1.634 1.576 1.747 1.838 1.787 1.963 2.027 1.786 1.358 1.003 0.815 0.813 0.874 1.031 1.206 1.388 1.511 1.594 1.716 1.588 1.347 1.102 0.808 0.372 0.09 0.069 0.106 0.24 0.482 0.828 1.073 1.299 1.371 1.456 1.398 1.39 1.384 1.251 1.057 0.811 0.449 0.116 -0.101 -0.26 -0.249 -0.035 0.157
1.014 0.482 0.189 0.387 0.912 1.363 1.765 2.392 2.897 2.984 3.19 3.337 3.173 3.047 2.965 2.856 2.609 2.287 2.183 2.077 1.84 1.792 1.794 1.787 1.913 1.853 1.731 1.934 1.984 1.943 1.984 1.864 1.766 1.821 1.856 1.896 1.991 1.94 1.736 1.646 1.439 0.968 0.755 0.855 0.972 1.095 1.254 1.461 1.574 1.528 1.451 1.281 1.327 1.096 0.626 0.181 0.138 0.163 0.234 0.408 0.683 0.893 1.147 1.265 1.373 1.334 1.315 1.316 1.193 0.965 0.66 0.332 0.114 -0.044 -0.216 -0.323 -0.172 0.036
1.184 0.551 0.125 0.256 0.699 1.268 1.7 2.38 2.941 3.137 3.213 3.158 3.079 3.026 2.998 2.847 2.506 2.543 2.613 2.373 2.051 1.912 1.947 1.917 1.996 2.022 1.897 2.085 2.241 2.18 2.191 1.991 1.827 1.749 1.716 1.78 1.822 1.787 1.764 1.878 1.709 1.204 0.91 0.908 1.025 1.097 1.22 1.365 1.443 1.509 1.561 1.495 1.481 1.323 0.892 0.366 0.169 0.179 0.223 0.36 0.541 0.729 0.95 1.079 1.25 1.336 1.265 1.17 1.01 0.76 0.483 0.279 0.195 0.117 -0.063 -0.282 -0.278 -0.107
1.145 0.52 0.098 0.126 0.466 0.962 1.586 2.294 2.821 3.161 3.167 3.048 3.057 3.019 2.91 2.841 2.86 2.945 2.817 2.502 2.167 1.964 1.872 1.855 1.997 2.093 2.054 2.259 2.383 2.273 2.177 1.952 1.7 1.513 1.463 1.561 1.629 1.677 1.845 2.01 1.813 1.387 1.132 0.913 0.984 1.018 1.118 1.284 1.407 1.581 1.681 1.579 1.619 1.464 1.072 0.535 0.247 0.232 0.265 0.337 0.447 0.569 0.797 0.915 1.11 1.243 1.289 1.095 0.781 0.533 0.371 0.364 0.411 0.367 0.133 -0.154 -0.19 -0.271
0.96 0.418 0.069 0.095 0.485 0.978 1.563 2.199 2.647 2.978 3.121 3.124 3.143 3.116 3.084 3.133 3.158 3.079 2.877 2.565 2.182 1.906 1.782 1.858 2.008 2.037 2.044 2.331 2.407 2.239 2.112 1.909 1.623 1.286 1.236 1.319 1.454 1.587 1.903 2.107 1.906 1.514 1.416 1.007 0.843 0.84 0.942 1.125 1.244 1.476 1.597 1.528 1.705 1.532 1.202 0.711 0.333 0.267 0.26 0.259 0.353 0.455 0.671 0.792 0.952 1.057 1.143 0.933 0.577 0.419 0.433 0.55 0.654 0.59 0.27 0.116 0.043 -0.213
0.735 0.293 0.05 0.147 0.661 1.237 1.826 2.239 2.423 2.774 3.017 3.124 3.138 3.183 3.216 3.317 3.27 3.13 2.956 2.639 2.151 1.78 1.678 1.788 1.898 1.911 1.976 2.322 2.419 2.28 2.094 1.809 1.486 1.135 1.019 1.052 1.263 1.563 1.92 2.069 1.934 1.675 1.594 1.195 0.976 0.864 0.796 0.913 1.086 1.285 1.456 1.531 1.666 1.58 1.309 0.903 0.444 0.231 0.169 0.148 0.263 0.446 0.686 0.847 0.974 0.99 0.918 0.686 0.418 0.378 0.553 0.731 0.851 0.708 0.327 0.345 0.311 0.014
0.712 0.295 0.109 0.313 0.816 1.354 1.895 2.178 2.338 2.467 2.667 2.765 2.804 3.021 3.124 3.118 3.185 3.256 3.081 2.744 2.156 1.68 1.518 1.552 1.694 1.726 1.85 2.249 2.435 2.296 2.039 1.543 1.196 0.989 0.816 0.814 1.16 1.533 1.829 1.934 1.86 1.775 1.764 1.234 1.179 1.086 0.889 0.781 0.936 1.127 1.326 1.443 1.569 1.527 1.331 0.978 0.574 0.277 0.201 0.208 0.352 0.548 0.807 0.985 1.046 0.99 0.793 0.495 0.321 0.377 0.61 0.833 0.894 0.66 0.419 0.553 0.574 0.352
0.719 0.335 0.157 0.4 0.911 1.299 1.868 2.137 2.276 2.188 2.236 2.373 2.508 2.849 3.073 3.048 3.111 3.274 3.079 2.749 2.189 1.639 1.351 1.289 1.436 1.557 1.79 2.16 2.314 2.196 1.924 1.372 0.981 0.825 0.624 0.669 1.019 1.406 1.678 1.847 1.789 1.825 1.779 1.312 1.278 1.246 1.076 0.983 0.92 0.962 1.102 1.201 1.358 1.413 1.265 1.039 0.769 0.432 0.427 0.436 0.563 0.704 0.972 1.097 1.034 0.853 0.558 0.343 0.287 0.423 0.626 0.87 0.859 0.558 0.517 0.712 0.758 0.563
0.785 0.446 0.239 0.385 0.721 1.097 1.66 2.03 2.173 2.081 1.915 2.136 2.488 2.845 2.994 2.979 3.121 3.207 3.013 2.712 2.225 1.638 1.261 1.106 1.237 1.461 1.702 1.953 2.112 2.109 1.832 1.269 0.788 0.668 0.469 0.565 0.947 1.356 1.578 1.8 1.721 1.829 1.82 1.346 1.373 1.389 1.238 1.197 1.069 0.951 1.086 1.103 1.22 1.349 1.257 1.129 0.911 0.609 0.572 0.597 0.696 0.8 0.928 0.937 0.814 0.591 0.411 0.351 0.414 0.527 0.696 0.852 0.787 0.569 0.711 0.849 0.844 0.686
0.929 0.595 0.325 0.32 0.514 0.864 1.4 1.771 1.932 1.853 1.703 1.954 2.447 2.815 2.912 2.879 2.959 2.963 2.803 2.61 2.234 1.65 1.191 0.911 0.974 1.187 1.437 1.723 1.909 1.937 1.7 1.294 0.783 0.524 0.415 0.515 0.798 1.18 1.502 1.687 1.675 1.874 1.82 1.46 1.402 1.448 1.411 1.328 1.161 1.102 1.277 1.226 1.183 1.345 1.351 1.23 0.971 0.784 0.719 0.726 0.709 0.721 0.719 0.615 0.529 0.446 0.41 0.482 0.522 0.645 0.815 0.898 0.739 0.606 0.84 0.965 0.938 0.826
1.084 0.836 0.546 0.317 0.305 0.579 1.077 1.351 1.465 1.474 1.532 1.85 2.351 2.731 2.899 2.863 2.63 2.597 2.617 2.551 2.24 1.689 1.132 0.751 0.672 0.942 1.29 1.55 1.721 1.808 1.773 1.516 0.857 0.475 0.431 0.48 0.663 1.038 1.372 1.554 1.62 1.911 1.882 1.606 1.396 1.432 1.492 1.412 1.238 1.198 1.388 1.392 1.293 1.41 1.427 1.281 1.081 0.945 0.849 0.753 0.661 0.584 0.51 0.475 0.472 0.453 0.498 0.539 0.586 0.77 0.981 0.967 0.708 0.7 0.926 1.045 1.075 0.952
1.129 1.049 0.806 0.466 0.263 0.358 0.738 0.954 1.117 1.346 1.638 1.908 2.229 2.575 2.91 2.92 2.537 2.374 2.498 2.422 2.197 1.877 1.364 0.832 0.523 0.655 1.06 1.431 1.704 1.834 1.821 1.54 0.927 0.464 0.436 0.46 0.654 0.979 1.273 1.473 1.574 1.857 1.94 1.763 1.55 1.405 1.506 1.471 1.311 1.258 1.44 1.537 1.468 1.564 1.487 1.319 1.165 1.014 0.873 0.67 0.532 0.422 0.416 0.467 0.554 0.535 0.51 0.597 0.644 0.853 1.05 0.996 0.741 0.747 0.927 1.075 1.179 1.038
1.064 1.143 0.973 0.616 0.308 0.238 0.447 0.717 1.095 1.384 1.797 2.123 2.352 2.558 2.938 2.941 2.456 2.159 2.325 2.281 2.229 2.06 1.636 0.963 0.447 0.414 0.831 1.141 1.581 1.755 1.773 1.526 1.003 0.445 0.339 0.344 0.549 0.846 1.117 1.374 1.51 1.739 1.926 1.852 1.701 1.438 1.492 1.476 1.342 1.335 1.503 1.602 1.568 1.582 1.464 1.248 1.041 0.818 0.623 0.458 0.381 0.439 0.581 0.702 0.711 0.708 0.547 0.563 0.641 0.848 0.993 0.945 0.845 0.857 0.88 1.017 1.214 1.114
0.848 1.064 0.987 0.672 0.323 0.18 0.328 0.716 1.166 1.496 1.81 2.127 2.42 2.686 2.924 2.863 2.365 2.015 2.042 1.997 2.043 1.99 1.575 0.96 0.433 0.32 0.637 1.034 1.433 1.623 1.713 1.598 1.163 0.527 0.236 0.246 0.396 0.615 0.917 1.272 1.478 1.613 1.824 1.867 1.717 1.475 1.448 1.432 1.339 1.366 1.515 1.562 1.506 1.428 1.298 1.086 0.844 0.517 0.305 0.306 0.362 0.544 0.79 0.905 0.848 0.853 0.67 0.559 0.647 0.827 0.921 0.885 0.935 1.03 1 1.066 1.276 1.237
0.551 0.842 0.883 0.639 0.303 0.149 0.288 0.7 1.136 1.54 1.884 2.177 2.459 2.761 2.888 2.719 2.202 1.939 1.872 1.829 1.967 1.966 1.609 1.008 0.434 0.26 0.543 1.006 1.388 1.584 1.752 1.664 1.257 0.574 0.222 0.292 0.413 0.555 0.825 1.202 1.404 1.476 1.718 1.768 1.589 1.478 1.359 1.312 1.307 1.335 1.444 1.428 1.394 1.299 1.155 1.048 0.801 0.342 0.195 0.395 0.475 0.593 0.944 1.091 0.991 0.975 0.846 0.583 0.663 0.831 0.918 0.923 1.011 1.135 1.173 1.176 1.312 1.33
0.271 0.563 0.731 0.54 0.234 0.112 0.264 0.557 0.893 1.32 1.769 2.144 2.516 2.834 2.747 2.498 1.966 1.907 1.882 1.857 2.001 1.946 1.622 1.03 0.428 0.223 0.485 0.94 1.345 1.558 1.761 1.709 1.321 0.617 0.189 0.24 0.382 0.532 0.77 1.1 1.257 1.36 1.557 1.565 1.497 1.429 1.332 1.21 1.191 1.223 1.238 1.296 1.325 1.197 1.016 0.802 0.559 0.219 0.196 0.491 0.656 0.692 0.963 1.176 1.117 1.049 1.027 0.718 0.663 0.845 0.97 1.013 1.107 1.163 1.227 1.196 1.144 1.287
0.135 0.274 0.477 0.409 0.175 0.135 0.359 0.668 0.912 1.225 1.586 1.983 2.343 2.587 2.69 2.383 1.827 1.655 1.648 1.715 1.879 1.822 1.468 0.893 0.381 0.264 0.487 0.891 1.258 1.419 1.605 1.695 1.326 0.7 0.131 0.078 0.206 0.364 0.59 0.93 1.094 1.206 1.296 1.333 1.401 1.299 1.262 1.128 1.101 1.04 1.02 1.012 1.01 0.906 0.716 0.446 0.261 0.103 0.239 0.59 0.824 0.838 1.016 1.246 1.222 1.123 1.162 0.873 0.702 0.814 0.936 1.027 1.096 1.119 1.092 1.027 0.993 1.089
0.178 0.094 0.212 0.265 0.096 0.168 0.499 0.972 1.221 1.541 1.753 2.017 2.472 2.59 2.681 2.296 1.661 1.448 1.53 1.647 1.792 1.729 1.339 0.74 0.319 0.305 0.491 0.829 1.153 1.326 1.477 1.535 1.269 0.72 0.109 -0.059 0.096 0.264 0.461 0.694 0.829 0.867 0.903 1.004 1.085 0.987 0.883 0.807 0.728 0.655 0.601 0.549 0.526 0.443 0.278 0.12 0.057 0.115 0.394 0.728 0.955 1.009 1.183 1.296 1.356 1.206 1.231 0.994 0.751 0.816 0.889 0.884 0.891 0.867 0.797 0.754 0.803 0.917
0.53 0.269 0.171 0.111 0.081 0.213 0.613 1.058 1.43 1.734 1.964 2.2 2.6 2.779 2.693 2.23 1.556 1.383 1.419 1.534 1.653 1.598 1.191 0.619 0.286 0.278 0.414 0.707 0.994 1.276 1.409 1.278 1.053 0.679 0.095 -0.159 0.053 0.273 0.403 0.427 0.507 0.531 0.553 0.757 0.688 0.602 0.469 0.428 0.354 0.29 0.177 0.118 0.107 0.054 -0.002 0.014 0.117 0.277 0.617 0.931 1.074 1.179 1.418 1.378 1.381 1.283 1.22 1.049 0.796 0.731 0.744 0.767 0.741 0.701 0.635 0.577 0.632 0.731
0.849 0.671 0.447 0.173 0.104 0.212 0.656 1.036 1.488 1.798 2.047 2.352 2.707 2.925 2.68 2.107 1.43 1.371 1.411 1.507 1.542 1.464 1.03 0.501 0.276 0.319 0.428 0.592 0.834 1.157 1.284 1.085 0.832 0.505 0.053 -0.211 -0.07 0.104 0.119 0.105 0.152 0.212 0.325 0.395 0.331 0.265 0.14 0.07 0.01 -0.04 -0.099 -0.092 -0.067 -0.023 0.069 0.248 0.436 0.577 0.895 1.159 1.198 1.33 1.625 1.518 1.255 1.27 1.199 1.02 0.657 0.489 0.5 0.551 0.54 0.585 0.481 0.415 0.516 0.594
1.226 1.178 0.855 0.405 0.193 0.218 0.635 1.077 1.454 1.759 2.061 2.394 2.785 2.821 2.504 1.913 1.333 1.323 1.408 1.549 1.536 1.416 0.875 0.359 0.316 0.412 0.563 0.611 0.719 1.063 1.131 0.998 0.872 0.517 0.059 -0.266 -0.198 -0.092 -0.21 -0.223 -0.157 -0.056 0.058 0.048 0.025 -0.009 -0.076 -0.112 -0.116 -0.123 -0.091 -0.01 0.079 0.217 0.396 0.634 0.762 0.85 1.101 1.312 1.351 1.455 1.683 1.577 1.269 1.095 0.964 0.731 0.444 0.272 0.246 0.209 0.264 0.393 0.358 0.315 0.379 0.416
1.684 1.609 1.208 0.655 0.305 0.211 0.549 0.973 1.249 1.546 1.868 2.228 2.655 2.658 2.344 1.765 1.242 1.273 1.392 1.537 1.43 1.195 0.661 0.288 0.297 0.377 0.522 0.64 0.751 0.958 1.075 1.038 0.911 0.521 0.078 -0.217 -0.296 -0.308 -0.37 -0.353 -0.296 -0.225 -0.143 -0.082 -0.048 -0.042 -0.02 0.015 0.08 0.153 0.165 0.208 0.321 0.535 0.784 1.027 1.025 1.071 1.286 1.442 1.492 1.549 1.772 1.641 1.317 0.917 0.719 0.435 0.147 -0.011 -0.048 -0.072 0.036 0.197 0.268 0.154 0.177 0.236
2.082 1.798 1.384 0.902 0.465 0.262 0.448 0.787 1.01 1.416 1.737 2.097 2.496 2.565 2.292 1.688 1.156 1.236 1.445 1.546 1.323 0.916 0.435 0.244 0.33 0.429 0.416 0.576 0.828 0.974 1.039 1.002 0.885 0.511 0.156 -0.138 -0.353 -0.433 -0.431 -0.331 -0.254 -0.206 -0.097 0.005 0.12 0.163 0.213 0.283 0.412 0.569 0.6 0.565 0.658 0.767 1.032 1.292 1.242 1.281 1.507 1.654 1.574 1.593 1.797 1.768 1.432 0.925 0.523 0.338 0.207 -0.046 -0.229 -0.259 -0.169 -0.026 0.081 0.047 -0.02 0.056
