data/climatemaps/RS_maps/climate_winter_tmin_2002.asc
NCOLS 369 
NROWS 228 
XLLCORNER 479000 
YLLCORNER 73000 
CELLSIZE 1000 
NODATA_value -9 
[rows 102 to 135 of 228, columns 228 to 303 of 369]
-0.391 -0.852 -0.915 -0.978 -1.075 -1.173 -1.22 -1.382 -1.163 -0.794 -0.269 0.174 0.304 -0.06 -0.692 -0.709 -0.856 -1.164 -1.359 -1.258 -1.256 -1.156 -0.947 -0.635 -0.217 -0.172 -0.559 -0.653 -0.829 -1.16 -1.75 -1.798 -1.463 -1.178 -1.062 -1.014 -0.954 -0.89 -0.804 -0.852 -1.213 -1.273 -0.962 -1.192 -1.062 -0.682 -0.334 -0.509 -1.114 -1.027 -0.67 -0.442 -0.2 0.097 0.11 -0.062 -0.579 -0.964 -0.78 -0.774 -1.121 -1.15 -0.869 -0.565 -0.55 -0.665 -0.49 -0.361 -0.289 -0.289 -0.271 -0.321 -0.377 -0.528 -0.765 -1.014
-0.417 -0.845 -0.928 -0.921 -0.904 -1.026 -1.309 -1.225 -0.951 -0.674 -0.143 0.313 0.07 -0.202 -0.69 -1.094 -1.175 -1.324 -1.549 -1.448 -1.092 -0.891 -0.682 -0.429 -0.207 -0.233 -0.464 -0.81 -1.037 -1.496 -2.025 -1.872 -1.446 -1.234 -1.276 -1.39 -1.304 -1.302 -1.136 -0.981 -0.83 -0.759 -0.588 -0.532 -0.478 -0.304 -0.457 -1.047 -1.325 -1.277 -0.959 -0.599 -0.291 0.094 0.097 -0.165 -0.584 -0.964 -1.064 -0.822 -1.047 -1.271 -1.016 -0.774 -0.633 -0.89 -0.874 -0.712 -0.502 -0.546 -0.559 -0.505 -0.409 -0.342 -0.446 -0.665
-0.311 -0.545 -0.869 -0.968 -1.229 -1.196 -0.925 -0.623 -0.483 -0.285 0.098 0.187 -0.354 -0.533 -0.463 -0.901 -1.296 -1.414 -1.415 -1.312 -1.049 -0.646 -0.384 -0.275 -0.434 -0.7 -0.66 -1.054 -1.407 -1.762 -1.934 -1.908 -1.738 -1.619 -1.713 -1.905 -1.932 -1.992 -1.811 -1.571 -1.505 -1.633 -1.457 -1.025 -0.437 -0.445 -1.166 -1.774 -1.603 -1.293 -0.97 -0.584 -0.18 0.113 0.068 -0.205 -0.538 -0.944 -1.252 -0.941 -1.016 -1.338 -1.194 -0.977 -0.732 -1.066 -1.215 -1.022 -0.693 -0.852 -0.982 -0.841 -0.681 -0.572 -0.484 -0.376
-0.556 -1.074 -1.187 -1.233 -1.073 -0.641 -0.446 -0.487 -0.534 -0.409 0.07 0.078 -0.405 -0.892 -0.619 -0.696 -1.226 -1.394 -1.206 -0.978 -0.794 -0.507 -0.336 -0.571 -1.03 -1.172 -0.986 -1.347 -1.632 -1.716 -1.769 -1.761 -1.75 -1.538 -1.593 -1.864 -1.961 -2.061 -2.132 -2.12 -1.997 -1.49 -1.152 -0.813 -0.361 -0.742 -1.403 -1.793 -1.489 -1.255 -0.885 -0.39 0.019 0.089 0.002 -0.226 -0.62 -0.886 -1.26 -1.081 -1.199 -1.473 -1.351 -1.01 -0.913 -1.106 -1.455 -1.226 -0.937 -1.1 -1.227 -1.133 -0.996 -0.864 -0.733 -0.499
-0.774 -1.175 -1.214 -0.901 -0.544 -0.477 -0.642 -0.841 -0.934 -0.655 0.011 -0.021 -0.579 -1.069 -0.951 -0.71 -1.318 -1.467 -1.109 -0.751 -0.615 -0.503 -0.765 -1.102 -1.56 -1.495 -1.337 -1.749 -1.653 -1.483 -1.581 -1.653 -1.48 -1.326 -1.284 -1.546 -1.75 -1.928 -1.954 -1.722 -1.703 -1.41 -1.053 -0.603 -0.456 -0.992 -1.709 -1.627 -1.404 -1.13 -0.757 -0.235 0.09 0.031 -0.087 -0.29 -0.716 -1.036 -1.302 -1.271 -1.545 -1.535 -1.305 -1.079 -1.237 -1.291 -1.582 -1.333 -1.219 -1.278 -1.458 -1.312 -1.149 -1.069 -1.044 -0.961
-1.208 -1.344 -0.971 -0.56 -0.585 -0.805 -0.975 -0.942 -0.875 -0.536 0.021 -0.284 -0.829 -1.42 -1.26 -0.968 -1.619 -1.57 -1.203 -1.016 -0.933 -0.709 -1.26 -1.812 -1.875 -1.748 -1.73 -1.888 -1.684 -1.357 -1.481 -1.661 -1.717 -1.659 -1.275 -1.229 -1.548 -1.842 -1.914 -1.748 -1.434 -1.072 -0.769 -0.475 -0.73 -1.213 -1.677 -1.475 -1.179 -0.878 -0.468 -0.04 0.113 0.003 -0.169 -0.424 -0.906 -1.354 -1.5 -1.558 -1.704 -1.512 -1.375 -1.438 -1.547 -1.47 -1.585 -1.335 -1.47 -1.485 -1.61 -1.481 -1.32 -1.293 -1.349 -1.326
-1.264 -1.202 -0.779 -0.738 -0.933 -1.199 -1.162 -1.025 -0.843 -0.503 -0.084 -0.631 -1.223 -1.718 -1.537 -1.517 -1.866 -1.836 -1.634 -1.587 -1.308 -1.001 -1.642 -1.979 -1.888 -1.724 -1.661 -1.616 -1.622 -1.446 -1.221 -1.249 -1.526 -1.596 -1.534 -1.027 -1.225 -1.572 -1.702 -1.704 -1.338 -1.013 -0.647 -0.541 -1.022 -1.423 -1.422 -1.202 -0.802 -0.459 -0.105 0.106 0.111 -0.005 -0.271 -0.688 -1.142 -1.397 -1.362 -1.552 -1.622 -1.598 -1.55 -1.597 -1.584 -1.594 -1.53 -1.456 -1.575 -1.648 -1.627 -1.555 -1.523 -1.528 -1.658 -1.61
-1.08 -1.067 -0.9 -1.097 -1.244 -1.624 -1.472 -1.278 -1.057 -0.556 -0.28 -0.818 -1.439 -1.68 -1.682 -1.981 -1.787 -1.836 -1.646 -1.637 -1.517 -1.446 -1.864 -1.738 -1.691 -1.584 -1.487 -1.408 -1.357 -1.3 -1.062 -0.914 -1.061 -1.333 -1.407 -1.012 -0.88 -1.174 -1.463 -1.481 -1.216 -0.983 -0.618 -0.608 -1.071 -1.201 -0.958 -0.709 -0.354 -0.027 0.107 0.127 0.102 -0.116 -0.531 -0.973 -1.045 -1.03 -1.035 -1.248 -1.225 -1.333 -1.304 -1.402 -1.401 -1.44 -1.609 -1.658 -1.578 -1.516 -1.449 -1.515 -1.632 -1.729 -1.758 -1.582
-1.324 -1.252 -1.177 -1.43 -1.659 -1.776 -1.641 -1.369 -0.95 -0.544 -1.004 -0.94 -1.282 -1.507 -1.617 -2.003 -1.665 -1.638 -1.629 -1.458 -1.594 -1.641 -1.668 -1.462 -1.462 -1.477 -1.319 -1.245 -1.141 -1.069 -0.96 -0.696 -0.709 -0.844 -1.095 -0.96 -0.64 -0.753 -1.16 -1.26 -1.12 -0.777 -0.387 -0.378 -0.68 -0.606 -0.331 -0.128 0.04 0.139 0.131 0.087 0.047 -0.193 -0.679 -0.766 -0.689 -0.715 -0.795 -0.934 -0.958 -1.055 -1.018 -1.13 -1.178 -1.287 -1.491 -1.571 -1.335 -1.349 -1.566 -1.746 -1.86 -1.888 -1.769 -1.512
-1.668 -1.613 -1.667 -1.822 -1.841 -1.58 -1.48 -1.159 -0.556 -0.811 -1.7 -1.358 -1.032 -1.181 -1.74 -1.99 -1.719 -1.491 -1.485 -1.289 -1.492 -1.366 -1.438 -1.21 -1.261 -1.522 -1.413 -1.258 -1.1 -0.897 -0.814 -0.619 -0.496 -0.414 -0.506 -0.478 -0.335 -0.363 -0.708 -0.845 -0.829 -0.566 -0.192 -0.058 -0.127 -0.026 0.081 0.135 0.15 0.062 -0.056 -0.329 -0.275 -0.064 -0.328 -0.307 -0.285 -0.366 -0.457 -0.564 -0.63 -0.711 -0.76 -0.806 -0.88 -1.089 -1.255 -1.406 -1.211 -1.503 -1.78 -1.83 -2.003 -1.966 -1.82 -1.548
-1.943 -1.964 -2.047 -1.985 -1.688 -1.258 -1.152 -0.846 -0.455 -1.118 -1.95 -1.783 -1.216 -1.121 -1.827 -1.759 -1.786 -1.537 -1.173 -0.81 -1.124 -1.061 -1.3 -1.078 -1.076 -1.37 -1.441 -1.333 -1.259 -0.984 -0.718 -0.498 -0.386 -0.263 -0.231 -0.193 -0.105 -0.073 -0.211 -0.326 -0.313 -0.212 -0.033 0.102 0.13 0.166 0.169 0.137 0.037 -0.192 -0.496 -0.749 -0.47 -0.132 -0.127 -0.24 -0.294 -0.282 -0.224 -0.291 -0.405 -0.468 -0.527 -0.597 -0.666 -0.809 -0.939 -1.106 -1.115 -1.466 -1.605 -1.608 -1.779 -1.929 -1.747 -1.477
-1.939 -1.945 -2.024 -1.972 -1.486 -1.237 -1.366 -1.219 -0.835 -1.159 -1.988 -1.818 -1.234 -1.301 -1.759 -1.655 -1.521 -1.493 -1.397 -0.914 -0.738 -0.93 -1.304 -1.213 -0.945 -1.196 -1.313 -1.097 -1.07 -0.884 -0.579 -0.381 -0.304 -0.255 -0.201 -0.159 -0.068 0.013 -0.009 0.019 0.049 0.088 0.141 0.146 0.122 0.144 -0.055 -0.218 -0.339 -0.599 -0.946 -0.884 -0.55 -0.293 -0.577 -0.65 -0.683 -0.712 -0.541 -0.524 -0.555 -0.693 -0.766 -0.845 -0.873 -0.722 -0.793 -0.981 -1.13 -1.259 -1.362 -1.549 -1.694 -1.79 -1.559 -1.25
-1.829 -1.792 -1.938 -1.901 -1.568 -1.704 -1.89 -1.436 -1.084 -1.43 -1.897 -1.649 -1.298 -1.552 -1.594 -1.626 -1.396 -1.184 -1.116 -0.935 -0.507 -0.824 -1.308 -1.235 -0.933 -1.004 -1.079 -0.822 -0.759 -0.741 -0.548 -0.287 -0.241 -0.287 -0.192 -0.097 -0.035 0.027 0.089 0.071 0.113 0.142 0.162 0.171 0.061 -0.153 -0.489 -0.667 -0.727 -0.93 -1.171 -0.854 -0.472 -0.437 -0.797 -1.072 -1.021 -1.008 -0.802 -0.81 -0.989 -1.119 -1.194 -1.253 -1.218 -0.888 -0.89 -1.164 -1.299 -1.426 -1.418 -1.735 -1.69 -1.536 -1.302 -1.017
-1.707 -1.745 -1.931 -1.756 -1.954 -2.436 -2.345 -1.564 -1.485 -2.063 -2.027 -1.773 -1.556 -1.492 -1.263 -1.252 -1.385 -1.165 -0.838 -0.737 -0.424 -0.632 -1.061 -1.028 -0.873 -0.818 -0.966 -0.645 -0.465 -0.502 -0.406 -0.163 -0.141 -0.183 -0.033 0.064 0.069 0.133 0.003 -0.043 0.044 0.05 0.149 0.119 -0.241 -0.605 -0.915 -1.085 -1.117 -1.321 -1.264 -0.854 -0.481 -0.569 -0.933 -1.276 -1.351 -1.262 -1.091 -1.011 -1.415 -1.487 -1.455 -1.381 -1.236 -0.923 -1.032 -1.272 -1.503 -1.728 -1.713 -1.797 -1.553 -1.288 -1.029 -0.93
-1.704 -1.793 -1.828 -1.416 -1.709 -2.354 -2.225 -1.918 -2.128 -2.236 -1.958 -1.629 -1.312 -1.173 -1.032 -0.88 -1.256 -1.233 -0.863 -0.677 -0.465 -0.377 -0.731 -0.675 -0.708 -0.651 -0.847 -0.589 -0.264 -0.231 -0.205 -0.038 0.047 0.081 0.127 0.049 -0.067 -0.001 0.025 -0.21 -0.288 -0.126 0.136 0.018 -0.521 -0.757 -1.033 -1.2 -1.251 -1.362 -1.344 -1.007 -0.614 -0.588 -0.929 -1.224 -1.554 -1.454 -1.386 -1.137 -1.626 -1.656 -1.485 -1.288 -1.147 -0.951 -1.19 -1.402 -1.602 -1.841 -1.841 -1.785 -1.575 -1.182 -0.91 -1.152
-1.965 -1.533 -1.539 -1.284 -1.663 -2.121 -2.234 -1.994 -1.855 -1.98 -1.753 -1.547 -1.46 -1.468 -1.223 -0.853 -0.93 -1.053 -0.812 -0.582 -0.47 -0.212 -0.349 -0.312 -0.403 -0.375 -0.521 -0.385 -0.125 0.067 0.085 0.121 0.141 0.103 0.055 -0.15 -0.392 -0.27 0.037 -0.292 -0.681 -0.373 0.021 0.125 -0.292 -0.718 -0.802 -0.946 -1.149 -1.426 -1.427 -1.122 -0.727 -0.577 -0.847 -1.088 -1.454 -1.635 -1.476 -1.375 -1.663 -1.534 -1.344 -1.191 -1.039 -1.05 -1.391 -1.703 -1.896 -1.833 -1.684 -1.607 -1.382 -1.016 -0.956 -1.336
-1.818 -1.644 -1.208 -1.095 -1.558 -1.817 -1.902 -1.836 -1.541 -1.822 -1.971 -1.818 -1.583 -1.476 -1.237 -0.908 -0.644 -0.737 -0.65 -0.4 -0.267 -0.066 -0.015 0.027 -0.042 -0.008 -0.096 -0.035 0.098 0.212 0.192 0.094 -0.052 -0.205 -0.196 -0.415 -0.707 -0.395 -0.163 -0.214 -0.834 -0.628 -0.211 0.076 -0.099 -0.625 -0.51 -0.709 -1.109 -1.529 -1.47 -1.115 -0.887 -0.677 -0.701 -0.963 -1.351 -1.766 -1.595 -1.622 -1.575 -1.376 -1.223 -1.157 -0.999 -1.272 -1.557 -1.779 -1.812 -1.784 -1.605 -1.342 -1.084 -0.861 -1.058 -1.357
-1.414 -1.587 -1.239 -1.009 -1.481 -1.655 -1.832 -1.847 -1.534 -1.331 -1.607 -1.461 -1.269 -1.113 -0.849 -0.606 -0.465 -0.457 -0.438 -0.287 -0.05 0.096 0.065 0.007 0.015 0.111 0.145 0.177 0.199 0.159 -0.015 -0.362 -0.571 -0.582 -0.498 -0.502 -0.799 -0.618 -0.493 -0.182 -0.707 -0.816 -0.554 -0.228 0.117 -0.183 -0.305 -0.678 -0.951 -1.363 -1.537 -1.365 -1.171 -0.928 -0.722 -0.886 -1.276 -1.751 -1.805 -1.804 -1.579 -1.323 -1.427 -1.378 -1.097 -1.5 -1.754 -1.915 -1.861 -1.531 -1.417 -1.182 -0.896 -0.986 -1.091 -1.121
-1.29 -1.2 -1.095 -0.958 -1.484 -1.728 -1.652 -1.525 -1.479 -1.07 -0.991 -0.985 -0.892 -0.73 -0.569 -0.346 -0.257 -0.208 -0.182 -0.019 0.067 -0.097 -0.201 -0.275 -0.295 -0.266 -0.157 0.058 0.131 -0.107 -0.457 -0.761 -0.939 -0.856 -0.744 -0.641 -1.133 -1.058 -0.626 -0.241 -0.622 -0.989 -0.635 -0.165 0.172 0.068 -0.16 -0.562 -0.814 -1.036 -1.415 -1.619 -1.306 -1.031 -0.81 -0.899 -1.265 -1.706 -1.875 -1.742 -1.604 -1.463 -1.603 -1.295 -1.459 -1.551 -1.778 -1.814 -1.668 -1.551 -1.295 -0.957 -0.906 -1.209 -1.394 -1.093
-1.38 -1.159 -0.982 -0.792 -1.233 -1.607 -1.373 -1.221 -1.115 -0.935 -0.521 -0.485 -0.434 -0.368 -0.253 -0.072 0.01 0.028 -0.021 -0.055 -0.24 -0.369 -0.468 -0.572 -0.641 -0.561 -0.357 -0.15 0.117 -0.209 -0.663 -0.9 -1.113 -1.289 -1.208 -1.026 -1.26 -1.093 -0.775 -0.371 -0.71 -1.015 -0.617 -0.231 0.12 0.11 -0.032 -0.342 -0.682 -0.926 -1.323 -1.576 -1.286 -0.974 -0.8 -0.964 -1.328 -1.782 -2.03 -1.824 -1.837 -1.833 -1.529 -1.484 -1.757 -1.697 -1.803 -1.727 -1.507 -1.297 -1.117 -0.852 -1.015 -1.359 -1.591 -1.326
-1.448 -1.502 -1.356 -0.836 -0.892 -1.385 -1.115 -0.94 -0.635 -0.506 -0.198 -0.054 -0.025 -0.01 0.006 -0.087 -0.164 -0.228 -0.292 -0.324 -0.486 -0.597 -0.677 -0.794 -0.932 -0.785 -0.582 -0.349 0.033 -0.159 -0.398 -0.508 -0.785 -1.277 -1.65 -1.431 -1.246 -0.837 -0.583 -0.468 -0.928 -1.018 -0.64 -0.276 0.072 0.168 0.049 -0.158 -0.662 -1.136 -1.468 -1.497 -1.173 -0.878 -0.765 -0.997 -1.383 -1.842 -1.973 -2.052 -1.934 -1.737 -1.475 -1.716 -1.936 -1.806 -1.676 -1.645 -1.53 -1.53 -1.2 -0.856 -1.121 -1.434 -1.758 -1.615
-1.594 -1.561 -1.395 -0.967 -0.641 -1.033 -0.816 -0.578 -0.287 -0.106 0.033 0.03 0.016 -0.082 -0.253 -0.473 -0.564 -0.501 -0.585 -0.6 -0.719 -0.873 -0.947 -1.091 -0.934 -0.745 -0.531 -0.298 0.033 -0.119 -0.295 -0.433 -0.728 -1.229 -1.738 -1.564 -1.205 -0.641 -0.461 -0.77 -1.149 -0.984 -0.658 -0.303 0.047 0.186 0.109 -0.053 -0.633 -1.1 -1.256 -1.433 -1.094 -0.843 -0.744 -0.902 -1.335 -1.633 -1.842 -1.932 -1.754 -1.628 -1.785 -1.939 -1.825 -1.65 -1.307 -1.412 -1.378 -1.347 -1 -0.901 -1.327 -1.543 -1.846 -1.851
-1.412 -1.318 -1.102 -0.837 -0.429 -0.528 -0.378 -0.221 -0.016 0.025 -0.202 -0.382 -0.262 -0.534 -0.689 -0.898 -0.945 -0.72 -0.852 -0.824 -0.812 -1.124 -1.088 -0.91 -0.717 -0.527 -0.348 -0.092 -0.039 -0.349 -0.651 -0.734 -1.021 -1.526 -1.763 -1.347 -1.054 -0.563 -0.606 -1.1 -1.12 -0.9 -0.661 -0.35 -0.019 0.179 0.148 0.001 -0.453 -0.747 -1.098 -1.444 -1.088 -0.872 -0.734 -0.83 -1.314 -1.519 -1.856 -1.792 -1.774 -1.806 -1.765 -1.64 -1.566 -1.44 -1.084 -1.065 -1.105 -1.1 -0.788 -0.99 -1.367 -1.688 -1.922 -2.002
-1.209 -0.942 -0.807 -0.512 -0.161 -0.117 -0.066 -0.006 0.01 -0.269 -0.704 -0.846 -0.603 -0.8 -1.119 -1.206 -1.127 -0.871 -1.061 -1.058 -0.986 -1.115 -0.948 -0.731 -0.534 -0.336 -0.148 -0.009 -0.205 -0.414 -0.778 -0.997 -1.185 -1.6 -1.616 -1.124 -0.79 -0.47 -0.731 -1.154 -1.056 -0.838 -0.61 -0.322 -0.05 0.141 0.166 0.047 -0.287 -0.708 -0.877 -1.283 -1.116 -0.866 -0.684 -0.785 -1.331 -1.82 -1.842 -1.732 -1.472 -1.516 -1.333 -1.235 -1.244 -1.132 -0.928 -0.744 -0.852 -0.878 -0.947 -1.067 -1.344 -1.664 -1.894 -2.058
-0.837 -0.512 -0.316 -0.169 -0.198 -0.297 -0.317 -0.375 -0.261 -0.569 -0.958 -1.053 -1.029 -0.949 -1.429 -1.422 -1.209 -1 -1.141 -1.245 -1.231 -1.115 -0.822 -0.609 -0.38 -0.208 -0.028 -0.1 -0.33 -0.46 -0.686 -0.92 -1.132 -1.424 -1.507 -1.076 -0.705 -0.443 -0.974 -1.144 -1.031 -0.823 -0.6 -0.353 -0.107 0.066 0.167 0.115 -0.028 -0.344 -0.696 -1.011 -0.914 -0.726 -0.601 -0.738 -1.174 -1.747 -1.69 -1.598 -1.257 -1.2 -1.091 -0.891 -0.992 -0.868 -0.692 -0.604 -0.765 -0.871 -1.315 -1.25 -1.327 -1.631 -1.829 -1.956
-0.376 -0.196 -0.189 -0.44 -0.611 -0.669 -0.69 -0.894 -0.426 -0.599 -0.924 -1.255 -1.358 -1.228 -1.669 -1.492 -1.251 -1.162 -1.313 -1.231 -1.215 -1 -0.771 -0.485 -0.265 -0.096 -0.044 -0.347 -0.696 -0.553 -0.682 -0.93 -1.166 -1.481 -1.437 -1.076 -0.685 -0.554 -1.124 -1.117 -0.955 -0.767 -0.557 -0.357 -0.127 0.057 0.094 -0.152 -0.081 -0.031 -0.232 -0.564 -0.488 -0.403 -0.615 -0.681 -0.988 -1.506 -1.543 -1.263 -1.028 -0.9 -0.949 -0.699 -0.724 -0.56 -0.521 -0.749 -1.011 -1.254 -1.546 -1.551 -1.326 -1.649 -1.985 -1.899
-0.233 -0.223 -0.532 -0.9 -1.092 -1.123 -1.169 -1.025 -0.56 -0.476 -0.789 -1.241 -1.669 -1.56 -1.785 -1.633 -1.383 -1.277 -1.453 -1.297 -1.123 -0.875 -0.662 -0.36 -0.17 -0.118 -0.173 -0.588 -0.932 -0.908 -0.614 -0.846 -1.188 -1.549 -1.288 -0.943 -0.601 -0.794 -1.147 -1.001 -0.797 -0.635 -0.469 -0.252 -0.154 -0.072 -0.036 -0.419 -0.583 -0.522 -0.309 -0.161 -0.193 -0.252 -0.522 -0.547 -0.719 -1.094 -1.125 -0.876 -0.682 -0.645 -0.661 -0.444 -0.41 -0.46 -0.728 -1.197 -1.451 -1.628 -1.739 -1.731 -1.588 -1.83 -1.903 -2.045
-0.363 -0.437 -0.951 -1.139 -1.33 -1.396 -1.118 -0.864 -0.632 -0.385 -0.806 -1.331 -1.695 -1.788 -1.743 -1.601 -1.388 -1.371 -1.42 -1.281 -1.041 -0.706 -0.465 -0.268 -0.303 -0.28 -0.274 -0.783 -1.165 -1.254 -0.899 -0.832 -1.197 -1.473 -1.139 -0.754 -0.524 -0.855 -1.063 -0.934 -0.664 -0.464 -0.344 -0.393 -0.611 -0.372 -0.147 -0.45 -1.002 -1.028 -0.662 -0.465 -0.26 -0.182 -0.245 -0.352 -0.47 -0.681 -0.651 -0.499 -0.355 -0.345 -0.29 -0.256 -0.29 -0.437 -0.975 -1.447 -1.6 -1.646 -1.86 -1.854 -1.79 -1.725 -1.843 -2.055
-0.588 -0.453 -0.659 -0.91 -1.384 -1.568 -1.289 -1.036 -0.984 -0.708 -0.58 -0.965 -1.414 -1.785 -1.722 -1.577 -1.398 -1.241 -1.116 -0.963 -0.751 -0.447 -0.361 -0.422 -0.675 -0.445 -0.338 -0.818 -1.153 -1.328 -1.203 -1.054 -1.416 -1.318 -0.989 -0.614 -0.855 -0.87 -0.956 -1.141 -0.795 -0.661 -0.707 -0.87 -1.076 -0.737 -0.208 -0.455 -0.831 -1.07 -0.813 -0.818 -0.686 -0.477 -0.236 -0.153 -0.218 -0.28 -0.256 -0.226 -0.209 -0.247 -0.284 -0.471 -0.516 -0.361 -0.743 -1.12 -1.173 -1.316 -1.588 -1.525 -1.533 -1.797 -2.047 -1.81
-0.538 -0.445 -0.688 -0.959 -1.472 -1.775 -1.482 -1.242 -1.299 -1.179 -0.641 -0.639 -1.208 -1.649 -1.632 -1.491 -1.332 -1.223 -0.971 -0.727 -0.48 -0.454 -0.617 -0.79 -1.029 -0.612 -0.273 -0.595 -0.924 -1.274 -1.441 -1.458 -1.414 -1.115 -0.801 -0.822 -1.162 -1.228 -0.983 -1.442 -1.23 -1.154 -1.178 -1.279 -1.136 -0.816 -0.232 -0.534 -1.022 -1.326 -1.12 -1.163 -0.997 -0.711 -0.483 -0.241 -0.129 -0.244 -0.366 -0.391 -0.433 -0.588 -0.582 -0.931 -0.878 -0.716 -0.478 -0.567 -0.935 -1.311 -1.418 -1.421 -1.772 -1.751 -1.589 -1.456
-0.645 -0.558 -1.026 -1.005 -1.426 -1.798 -1.646 -1.541 -1.482 -1.29 -0.816 -0.542 -1.163 -1.678 -1.678 -1.469 -1.367 -1.355 -0.995 -0.65 -0.507 -0.684 -1.076 -1.111 -1.219 -0.766 -0.335 -0.615 -1.137 -1.553 -1.793 -1.584 -1.262 -0.944 -0.721 -0.959 -1.383 -1.469 -1.248 -1.824 -1.735 -1.535 -1.329 -1.154 -0.912 -0.664 -0.243 -0.411 -0.945 -1.398 -1.388 -1.347 -1.112 -0.896 -0.68 -0.424 -0.214 -0.431 -0.841 -0.808 -0.946 -1.002 -0.857 -1.245 -1.091 -1.233 -0.922 -0.523 -0.629 -1.099 -1.386 -1.236 -1.285 -1.147 -1.132 -1.172
-0.623 -0.672 -1.26 -1.111 -1.377 -1.763 -1.671 -1.475 -1.372 -1.237 -1.002 -0.846 -1.064 -1.659 -1.715 -1.373 -1.168 -1.127 -0.848 -0.582 -0.86 -1.004 -1.225 -1.525 -1.426 -1.07 -0.507 -0.862 -1.156 -1.374 -1.801 -1.647 -1.297 -0.899 -0.893 -1.266 -1.675 -1.634 -1.549 -1.828 -1.628 -1.359 -1.167 -0.978 -0.713 -0.379 -0.124 -0.424 -0.842 -1.23 -1.488 -1.415 -1.205 -1.051 -0.812 -0.58 -0.376 -0.514 -1.121 -1.215 -1.266 -1.34 -1.165 -1.426 -1.27 -1.378 -1.458 -0.915 -0.63 -0.747 -0.91 -0.887 -1.051 -1.271 -1.447 -1.484
-0.659 -0.738 -1.172 -1.269 -1.31 -1.656 -1.596 -1.413 -1.511 -1.576 -1.548 -1.521 -1.182 -1.536 -1.633 -1.402 -1.149 -0.854 -0.752 -0.687 -1.125 -1.468 -1.399 -1.713 -1.56 -1.081 -0.507 -0.906 -1.238 -1.221 -1.61 -1.584 -1.229 -0.9 -1.035 -1.674 -1.947 -1.762 -1.719 -1.671 -1.447 -1.262 -0.988 -0.749 -0.494 -0.192 -0.127 -0.625 -1.019 -1.287 -1.567 -1.532 -1.319 -1.201 -0.947 -0.716 -0.433 -0.428 -0.955 -1.409 -1.582 -1.625 -1.476 -1.65 -1.51 -1.388 -1.573 -1.187 -0.809 -0.604 -0.719 -1.042 -1.416 -1.664 -1.789 -1.821
-0.687 -0.933 -1.199 -1.438 -1.506 -1.823 -1.898 -1.588 -1.837 -1.956 -2.018 -1.849 -1.42 -1.407 -1.603 -1.312 -1.066 -1.131 -0.965 -0.841 -1.276 -1.666 -1.861 -1.77 -1.383 -0.921 -0.461 -0.755 -1.422 -1.603 -1.746 -1.54 -1.199 -0.889 -1.082 -1.829 -1.935 -1.705 -1.614 -1.48 -1.361 -1.192 -0.911 -0.605 -0.369 -0.13 -0.244 -0.9 -1.39 -1.456 -1.682 -1.64 -1.527 -1.485 -1.113 -0.729 -0.444 -0.325 -0.829 -1.323 -1.684 -1.949 -1.864 -1.805 -1.76 -1.539 -1.764 -1.526 -1.237 -0.846 -0.735 -1.102 -1.402 -1.622 -1.814 -1.907
