data/climatemaps/RS_maps/climate_breeding_pr_2002.asc
NCOLS 369 
NROWS 228 
XLLCORNER 479000 
YLLCORNER 73000 
CELLSIZE 1000 
NODATA_value -9 
[rows 68 to 101 of 228, columns 76 to 151 of 369]
-0.521 -0.524 -0.514 -0.482 -0.446 -0.432 -0.454 -0.521 -0.55 -0.525 -0.497 -0.45 -0.407 -0.394 -0.413 -0.454 -0.497 -0.53 -0.548 -0.551 -0.536 -0.506 -0.48 -0.471 -0.496 -0.558 -0.617 -0.66 -0.662 -0.613 -0.541 -0.461 -0.409 -0.387 -0.379 -0.373 -0.357 -0.341 -0.297 -0.233 -0.159 -0.084 -0.013 0.053 0.101 0.114 0.106 0.091 0.063 0.052 0.045 0.021 -0.027 -0.091 -0.168 -0.255 -0.339 -0.415 -0.472 -0.512 -0.549 -0.58 -0.61 -0.639 -0.678 -0.717 -0.759 -0.801 -0.827 -0.844 -0.847 -0.843 -0.85 -0.856 -0.851 -0.82
-0.534 -0.538 -0.523 -0.495 -0.47 -0.471 -0.491 -0.523 -0.513 -0.496 -0.476 -0.441 -0.415 -0.417 -0.447 -0.493 -0.535 -0.567 -0.583 -0.583 -0.565 -0.536 -0.507 -0.5 -0.528 -0.588 -0.652 -0.693 -0.693 -0.646 -0.571 -0.493 -0.434 -0.394 -0.37 -0.35 -0.322 -0.277 -0.21 -0.142 -0.067 0.006 0.065 0.091 0.11 0.097 0.071 0.03 -0.008 -0.038 -0.065 -0.101 -0.145 -0.201 -0.276 -0.365 -0.458 -0.537 -0.59 -0.626 -0.654 -0.672 -0.689 -0.713 -0.735 -0.756 -0.786 -0.811 -0.819 -0.824 -0.827 -0.832 -0.831 -0.828 -0.83 -0.82
-0.544 -0.551 -0.539 -0.522 -0.515 -0.517 -0.512 -0.492 -0.478 -0.466 -0.446 -0.423 -0.416 -0.436 -0.475 -0.522 -0.567 -0.6 -0.622 -0.63 -0.62 -0.597 -0.567 -0.552 -0.571 -0.622 -0.679 -0.703 -0.682 -0.616 -0.525 -0.434 -0.361 -0.307 -0.267 -0.231 -0.194 -0.145 -0.089 -0.032 0.023 0.057 0.059 0.046 0.024 -0.009 -0.04 -0.079 -0.12 -0.155 -0.19 -0.229 -0.271 -0.339 -0.416 -0.498 -0.579 -0.646 -0.691 -0.716 -0.728 -0.727 -0.728 -0.745 -0.763 -0.783 -0.797 -0.798 -0.796 -0.801 -0.808 -0.813 -0.804 -0.796 -0.798 -0.805
-0.559 -0.567 -0.566 -0.568 -0.567 -0.533 -0.489 -0.458 -0.441 -0.42 -0.399 -0.393 -0.408 -0.444 -0.49 -0.539 -0.589 -0.633 -0.667 -0.681 -0.676 -0.654 -0.628 -0.614 -0.625 -0.661 -0.7 -0.697 -0.657 -0.578 -0.476 -0.369 -0.278 -0.209 -0.156 -0.114 -0.082 -0.047 -0.013 0.017 0.034 0.021 -0.021 -0.058 -0.1 -0.135 -0.171 -0.21 -0.251 -0.287 -0.324 -0.362 -0.409 -0.476 -0.546 -0.619 -0.682 -0.733 -0.764 -0.772 -0.769 -0.757 -0.749 -0.756 -0.771 -0.782 -0.786 -0.779 -0.779 -0.784 -0.789 -0.792 -0.783 -0.772 -0.77 -0.78
-0.576 -0.589 -0.615 -0.617 -0.578 -0.518 -0.468 -0.426 -0.392 -0.362 -0.353 -0.363 -0.392 -0.436 -0.488 -0.544 -0.603 -0.659 -0.702 -0.726 -0.733 -0.727 -0.711 -0.695 -0.694 -0.709 -0.719 -0.695 -0.651 -0.571 -0.47 -0.361 -0.264 -0.18 -0.113 -0.062 -0.03 -0.01 -0.003 -0.011 -0.038 -0.087 -0.143 -0.194 -0.242 -0.28 -0.315 -0.353 -0.39 -0.423 -0.455 -0.49 -0.533 -0.589 -0.649 -0.707 -0.755 -0.791 -0.806 -0.799 -0.783 -0.768 -0.759 -0.761 -0.769 -0.771 -0.769 -0.763 -0.762 -0.761 -0.766 -0.771 -0.76 -0.751 -0.744 -0.751
-0.6 -0.626 -0.666 -0.631 -0.575 -0.512 -0.445 -0.384 -0.34 -0.316 -0.318 -0.336 -0.369 -0.418 -0.476 -0.544 -0.616 -0.687 -0.744 -0.785 -0.809 -0.815 -0.804 -0.785 -0.771 -0.761 -0.737 -0.714 -0.683 -0.617 -0.537 -0.426 -0.31 -0.2 -0.12 -0.068 -0.045 -0.044 -0.067 -0.114 -0.173 -0.233 -0.287 -0.338 -0.383 -0.416 -0.447 -0.479 -0.508 -0.536 -0.563 -0.591 -0.624 -0.667 -0.714 -0.76 -0.795 -0.816 -0.82 -0.806 -0.785 -0.767 -0.755 -0.752 -0.758 -0.755 -0.749 -0.739 -0.735 -0.739 -0.743 -0.751 -0.736 -0.725 -0.709 -0.711
-0.637 -0.678 -0.691 -0.641 -0.585 -0.509 -0.424 -0.355 -0.313 -0.294 -0.297 -0.317 -0.355 -0.41 -0.481 -0.563 -0.65 -0.734 -0.796 -0.834 -0.851 -0.851 -0.835 -0.806 -0.781 -0.764 -0.746 -0.735 -0.712 -0.666 -0.601 -0.48 -0.357 -0.251 -0.18 -0.132 -0.118 -0.138 -0.181 -0.245 -0.314 -0.375 -0.428 -0.472 -0.504 -0.528 -0.548 -0.567 -0.588 -0.61 -0.627 -0.646 -0.674 -0.716 -0.753 -0.786 -0.808 -0.818 -0.814 -0.796 -0.77 -0.748 -0.732 -0.734 -0.738 -0.732 -0.722 -0.714 -0.717 -0.717 -0.717 -0.728 -0.707 -0.689 -0.676 -0.679
-0.702 -0.726 -0.703 -0.662 -0.6 -0.515 -0.427 -0.357 -0.314 -0.294 -0.298 -0.323 -0.371 -0.441 -0.527 -0.618 -0.705 -0.763 -0.793 -0.799 -0.786 -0.778 -0.755 -0.715 -0.683 -0.664 -0.67 -0.67 -0.653 -0.65 -0.625 -0.517 -0.425 -0.333 -0.255 -0.221 -0.227 -0.265 -0.321 -0.386 -0.448 -0.505 -0.553 -0.584 -0.599 -0.603 -0.603 -0.603 -0.611 -0.625 -0.638 -0.664 -0.702 -0.745 -0.775 -0.794 -0.802 -0.804 -0.792 -0.769 -0.739 -0.72 -0.711 -0.711 -0.71 -0.703 -0.697 -0.693 -0.685 -0.674 -0.682 -0.702 -0.682 -0.658 -0.648 -0.649
-0.744 -0.753 -0.727 -0.684 -0.622 -0.535 -0.446 -0.377 -0.337 -0.318 -0.322 -0.356 -0.423 -0.509 -0.604 -0.678 -0.718 -0.72 -0.702 -0.682 -0.662 -0.643 -0.61 -0.572 -0.541 -0.522 -0.533 -0.547 -0.567 -0.605 -0.633 -0.579 -0.496 -0.42 -0.386 -0.376 -0.383 -0.414 -0.461 -0.516 -0.569 -0.618 -0.655 -0.669 -0.658 -0.632 -0.608 -0.585 -0.579 -0.597 -0.629 -0.672 -0.719 -0.752 -0.776 -0.787 -0.789 -0.783 -0.763 -0.737 -0.708 -0.695 -0.685 -0.671 -0.671 -0.669 -0.659 -0.64 -0.62 -0.616 -0.634 -0.67 -0.665 -0.641 -0.615 -0.608
-0.77 -0.763 -0.748 -0.705 -0.641 -0.563 -0.481 -0.418 -0.384 -0.367 -0.379 -0.424 -0.505 -0.59 -0.647 -0.663 -0.646 -0.614 -0.58 -0.55 -0.523 -0.494 -0.461 -0.426 -0.4 -0.394 -0.419 -0.475 -0.532 -0.589 -0.624 -0.629 -0.592 -0.56 -0.528 -0.503 -0.501 -0.531 -0.576 -0.626 -0.669 -0.705 -0.725 -0.716 -0.67 -0.617 -0.574 -0.543 -0.538 -0.57 -0.617 -0.67 -0.715 -0.746 -0.765 -0.773 -0.77 -0.76 -0.737 -0.709 -0.683 -0.667 -0.637 -0.614 -0.617 -0.602 -0.579 -0.565 -0.547 -0.541 -0.576 -0.637 -0.648 -0.626 -0.583 -0.57
-0.751 -0.75 -0.754 -0.716 -0.662 -0.595 -0.527 -0.477 -0.458 -0.457 -0.478 -0.529 -0.584 -0.603 -0.584 -0.562 -0.527 -0.482 -0.442 -0.407 -0.386 -0.36 -0.338 -0.316 -0.31 -0.317 -0.357 -0.409 -0.471 -0.539 -0.616 -0.677 -0.686 -0.662 -0.623 -0.608 -0.625 -0.654 -0.685 -0.714 -0.74 -0.756 -0.754 -0.715 -0.65 -0.591 -0.541 -0.511 -0.51 -0.535 -0.584 -0.653 -0.706 -0.741 -0.753 -0.755 -0.747 -0.733 -0.712 -0.684 -0.657 -0.627 -0.592 -0.559 -0.558 -0.514 -0.494 -0.483 -0.462 -0.466 -0.531 -0.59 -0.592 -0.596 -0.554 -0.536
-0.73 -0.744 -0.744 -0.717 -0.675 -0.624 -0.576 -0.55 -0.551 -0.563 -0.589 -0.595 -0.574 -0.54 -0.495 -0.437 -0.386 -0.338 -0.308 -0.289 -0.282 -0.274 -0.259 -0.24 -0.235 -0.263 -0.302 -0.334 -0.413 -0.527 -0.645 -0.72 -0.742 -0.733 -0.712 -0.715 -0.736 -0.753 -0.768 -0.778 -0.781 -0.774 -0.748 -0.691 -0.623 -0.561 -0.516 -0.477 -0.476 -0.51 -0.578 -0.65 -0.704 -0.736 -0.746 -0.737 -0.726 -0.709 -0.68 -0.654 -0.615 -0.564 -0.534 -0.486 -0.486 -0.425 -0.394 -0.377 -0.356 -0.399 -0.468 -0.533 -0.535 -0.547 -0.541 -0.52
-0.71 -0.723 -0.724 -0.702 -0.675 -0.646 -0.625 -0.625 -0.633 -0.63 -0.603 -0.57 -0.525 -0.465 -0.392 -0.32 -0.267 -0.24 -0.233 -0.241 -0.234 -0.214 -0.194 -0.193 -0.216 -0.244 -0.257 -0.33 -0.44 -0.57 -0.673 -0.743 -0.775 -0.793 -0.798 -0.801 -0.811 -0.819 -0.817 -0.802 -0.789 -0.761 -0.727 -0.665 -0.599 -0.532 -0.478 -0.456 -0.458 -0.502 -0.591 -0.658 -0.706 -0.732 -0.739 -0.726 -0.711 -0.69 -0.65 -0.609 -0.55 -0.508 -0.484 -0.447 -0.401 -0.343 -0.289 -0.271 -0.261 -0.309 -0.38 -0.447 -0.511 -0.532 -0.523 -0.493
-0.676 -0.687 -0.687 -0.674 -0.664 -0.658 -0.655 -0.65 -0.624 -0.601 -0.57 -0.525 -0.461 -0.372 -0.293 -0.238 -0.218 -0.218 -0.226 -0.232 -0.206 -0.204 -0.223 -0.243 -0.25 -0.262 -0.313 -0.421 -0.533 -0.622 -0.703 -0.769 -0.808 -0.828 -0.842 -0.848 -0.853 -0.85 -0.821 -0.796 -0.787 -0.752 -0.709 -0.643 -0.575 -0.52 -0.482 -0.476 -0.492 -0.558 -0.628 -0.675 -0.711 -0.731 -0.733 -0.715 -0.695 -0.67 -0.631 -0.577 -0.521 -0.477 -0.445 -0.392 -0.321 -0.265 -0.189 -0.156 -0.168 -0.212 -0.281 -0.338 -0.428 -0.468 -0.488 -0.454
-0.629 -0.637 -0.638 -0.632 -0.637 -0.645 -0.631 -0.613 -0.592 -0.561 -0.515 -0.457 -0.378 -0.287 -0.226 -0.215 -0.223 -0.238 -0.249 -0.246 -0.247 -0.271 -0.295 -0.3 -0.311 -0.358 -0.44 -0.532 -0.604 -0.671 -0.734 -0.788 -0.824 -0.846 -0.864 -0.87 -0.87 -0.859 -0.829 -0.809 -0.783 -0.739 -0.689 -0.631 -0.58 -0.538 -0.524 -0.542 -0.581 -0.624 -0.661 -0.692 -0.719 -0.731 -0.726 -0.704 -0.68 -0.65 -0.605 -0.558 -0.512 -0.452 -0.411 -0.329 -0.259 -0.185 -0.104 -0.048 -0.074 -0.101 -0.183 -0.251 -0.333 -0.37 -0.431 -0.418
-0.571 -0.575 -0.573 -0.572 -0.576 -0.578 -0.574 -0.572 -0.555 -0.521 -0.468 -0.399 -0.307 -0.237 -0.216 -0.227 -0.251 -0.276 -0.29 -0.296 -0.308 -0.326 -0.346 -0.37 -0.417 -0.494 -0.57 -0.625 -0.674 -0.717 -0.752 -0.787 -0.82 -0.843 -0.87 -0.876 -0.87 -0.851 -0.823 -0.793 -0.763 -0.727 -0.679 -0.635 -0.608 -0.594 -0.607 -0.624 -0.643 -0.66 -0.682 -0.706 -0.724 -0.727 -0.716 -0.694 -0.666 -0.63 -0.567 -0.524 -0.484 -0.431 -0.371 -0.281 -0.204 -0.104 -0.024 0.026 0.008 -0.015 -0.09 -0.154 -0.236 -0.286 -0.358 -0.363
-0.508 -0.508 -0.5 -0.483 -0.482 -0.495 -0.517 -0.535 -0.534 -0.505 -0.447 -0.356 -0.265 -0.23 -0.231 -0.255 -0.292 -0.322 -0.337 -0.342 -0.347 -0.366 -0.41 -0.473 -0.542 -0.617 -0.669 -0.709 -0.738 -0.754 -0.77 -0.797 -0.832 -0.86 -0.874 -0.872 -0.853 -0.822 -0.789 -0.758 -0.739 -0.728 -0.708 -0.689 -0.686 -0.675 -0.668 -0.668 -0.668 -0.673 -0.694 -0.712 -0.722 -0.718 -0.705 -0.682 -0.651 -0.605 -0.533 -0.488 -0.454 -0.394 -0.316 -0.24 -0.16 -0.056 0.039 0.091 0.085 0.059 -0.002 -0.062 -0.151 -0.216 -0.268 -0.265
-0.438 -0.435 -0.413 -0.395 -0.406 -0.439 -0.485 -0.519 -0.525 -0.499 -0.431 -0.319 -0.245 -0.236 -0.25 -0.287 -0.34 -0.373 -0.384 -0.38 -0.39 -0.434 -0.511 -0.586 -0.653 -0.71 -0.756 -0.782 -0.785 -0.779 -0.796 -0.823 -0.845 -0.864 -0.872 -0.861 -0.828 -0.793 -0.761 -0.741 -0.744 -0.755 -0.759 -0.757 -0.738 -0.715 -0.702 -0.691 -0.675 -0.675 -0.694 -0.708 -0.712 -0.704 -0.69 -0.666 -0.634 -0.585 -0.521 -0.468 -0.427 -0.358 -0.265 -0.177 -0.085 0.007 0.079 0.153 0.139 0.106 0.059 -0.001 -0.068 -0.115 -0.156 -0.158
-0.366 -0.357 -0.341 -0.35 -0.391 -0.449 -0.506 -0.543 -0.543 -0.51 -0.418 -0.296 -0.238 -0.247 -0.268 -0.333 -0.397 -0.432 -0.44 -0.443 -0.484 -0.547 -0.613 -0.674 -0.733 -0.789 -0.828 -0.834 -0.822 -0.817 -0.827 -0.837 -0.85 -0.865 -0.869 -0.85 -0.812 -0.778 -0.745 -0.738 -0.76 -0.776 -0.788 -0.781 -0.756 -0.733 -0.716 -0.698 -0.671 -0.67 -0.683 -0.692 -0.697 -0.687 -0.673 -0.65 -0.614 -0.566 -0.518 -0.465 -0.408 -0.325 -0.232 -0.127 -0.012 0.082 0.138 0.195 0.172 0.155 0.126 0.089 0.048 0.018 -0.023 -0.029
-0.291 -0.293 -0.315 -0.365 -0.44 -0.522 -0.586 -0.624 -0.607 -0.537 -0.4 -0.285 -0.252 -0.273 -0.318 -0.401 -0.473 -0.51 -0.53 -0.56 -0.604 -0.645 -0.688 -0.743 -0.801 -0.851 -0.876 -0.877 -0.871 -0.863 -0.855 -0.85 -0.856 -0.864 -0.864 -0.844 -0.808 -0.775 -0.74 -0.744 -0.765 -0.784 -0.801 -0.793 -0.765 -0.741 -0.715 -0.689 -0.66 -0.659 -0.662 -0.667 -0.678 -0.67 -0.653 -0.633 -0.598 -0.554 -0.508 -0.455 -0.388 -0.303 -0.213 -0.097 0.04 0.127 0.183 0.222 0.207 0.212 0.2 0.192 0.177 0.149 0.118 0.114
-0.234 -0.261 -0.326 -0.423 -0.536 -0.631 -0.686 -0.695 -0.643 -0.531 -0.38 -0.295 -0.287 -0.319 -0.396 -0.493 -0.576 -0.622 -0.649 -0.67 -0.689 -0.713 -0.75 -0.798 -0.849 -0.889 -0.911 -0.919 -0.91 -0.89 -0.871 -0.859 -0.858 -0.858 -0.847 -0.823 -0.8 -0.776 -0.752 -0.756 -0.772 -0.791 -0.802 -0.794 -0.767 -0.737 -0.703 -0.676 -0.659 -0.653 -0.642 -0.65 -0.66 -0.65 -0.63 -0.611 -0.575 -0.541 -0.504 -0.454 -0.374 -0.319 -0.213 -0.079 0.042 0.129 0.198 0.231 0.222 0.242 0.253 0.28 0.292 0.269 0.262 0.261
-0.203 -0.274 -0.386 -0.512 -0.631 -0.714 -0.74 -0.711 -0.62 -0.492 -0.36 -0.314 -0.329 -0.395 -0.504 -0.598 -0.669 -0.709 -0.728 -0.737 -0.747 -0.765 -0.794 -0.831 -0.867 -0.903 -0.93 -0.934 -0.922 -0.9 -0.878 -0.861 -0.851 -0.84 -0.809 -0.783 -0.764 -0.746 -0.732 -0.737 -0.757 -0.774 -0.778 -0.771 -0.746 -0.719 -0.693 -0.671 -0.657 -0.648 -0.64 -0.643 -0.646 -0.632 -0.611 -0.583 -0.542 -0.508 -0.483 -0.452 -0.389 -0.333 -0.222 -0.089 -0.004 0.098 0.174 0.216 0.207 0.23 0.269 0.302 0.348 0.389 0.399 0.417
-0.214 -0.317 -0.457 -0.598 -0.706 -0.76 -0.747 -0.672 -0.556 -0.423 -0.349 -0.363 -0.398 -0.492 -0.591 -0.673 -0.734 -0.762 -0.772 -0.781 -0.787 -0.796 -0.812 -0.829 -0.859 -0.901 -0.921 -0.928 -0.919 -0.898 -0.874 -0.853 -0.833 -0.804 -0.753 -0.722 -0.689 -0.673 -0.67 -0.691 -0.72 -0.735 -0.742 -0.728 -0.711 -0.696 -0.689 -0.672 -0.653 -0.643 -0.638 -0.631 -0.625 -0.608 -0.585 -0.538 -0.49 -0.451 -0.442 -0.442 -0.393 -0.319 -0.212 -0.119 -0.064 0.029 0.104 0.145 0.15 0.206 0.218 0.256 0.314 0.373 0.445 0.491
-0.243 -0.374 -0.531 -0.666 -0.753 -0.77 -0.707 -0.597 -0.47 -0.375 -0.381 -0.411 -0.471 -0.569 -0.657 -0.731 -0.773 -0.773 -0.794 -0.812 -0.804 -0.788 -0.791 -0.805 -0.853 -0.884 -0.9 -0.912 -0.906 -0.885 -0.859 -0.828 -0.797 -0.739 -0.69 -0.638 -0.597 -0.565 -0.561 -0.594 -0.644 -0.669 -0.686 -0.694 -0.689 -0.68 -0.674 -0.654 -0.638 -0.635 -0.627 -0.606 -0.589 -0.569 -0.522 -0.495 -0.442 -0.412 -0.392 -0.41 -0.372 -0.307 -0.229 -0.19 -0.141 -0.033 0.04 0.039 0.063 0.093 0.149 0.243 0.318 0.445 0.512 0.601
-0.293 -0.441 -0.593 -0.708 -0.762 -0.733 -0.633 -0.508 -0.422 -0.401 -0.432 -0.468 -0.546 -0.628 -0.711 -0.766 -0.782 -0.811 -0.829 -0.823 -0.794 -0.768 -0.772 -0.811 -0.842 -0.868 -0.89 -0.896 -0.887 -0.863 -0.826 -0.788 -0.746 -0.68 -0.612 -0.536 -0.469 -0.431 -0.438 -0.467 -0.518 -0.538 -0.552 -0.582 -0.622 -0.646 -0.654 -0.642 -0.627 -0.621 -0.6 -0.563 -0.52 -0.507 -0.478 -0.432 -0.359 -0.347 -0.299 -0.351 -0.366 -0.311 -0.294 -0.266 -0.172 -0.104 -0.058 -0.077 -0.046 0.01 0.119 0.237 0.33 0.433 0.593 0.68
-0.364 -0.506 -0.642 -0.73 -0.748 -0.679 -0.566 -0.483 -0.449 -0.458 -0.493 -0.545 -0.608 -0.686 -0.761 -0.797 -0.823 -0.846 -0.845 -0.817 -0.78 -0.768 -0.788 -0.811 -0.824 -0.853 -0.875 -0.879 -0.864 -0.828 -0.793 -0.756 -0.682 -0.602 -0.522 -0.436 -0.348 -0.31 -0.322 -0.362 -0.405 -0.431 -0.458 -0.495 -0.54 -0.58 -0.608 -0.627 -0.625 -0.599 -0.555 -0.5 -0.439 -0.413 -0.399 -0.349 -0.289 -0.264 -0.206 -0.247 -0.332 -0.349 -0.341 -0.287 -0.217 -0.178 -0.181 -0.174 -0.097 -0.034 0.036 0.156 0.312 0.448 0.557 0.707
-0.447 -0.578 -0.687 -0.741 -0.734 -0.658 -0.57 -0.517 -0.506 -0.529 -0.567 -0.616 -0.676 -0.745 -0.804 -0.844 -0.866 -0.872 -0.858 -0.824 -0.799 -0.789 -0.802 -0.81 -0.822 -0.847 -0.863 -0.863 -0.835 -0.797 -0.773 -0.699 -0.616 -0.522 -0.431 -0.339 -0.259 -0.248 -0.248 -0.302 -0.338 -0.363 -0.392 -0.444 -0.494 -0.538 -0.577 -0.598 -0.593 -0.554 -0.479 -0.404 -0.346 -0.312 -0.319 -0.251 -0.193 -0.156 -0.086 -0.139 -0.247 -0.315 -0.348 -0.323 -0.292 -0.284 -0.272 -0.231 -0.168 -0.131 -0.018 0.117 0.315 0.485 0.595 0.704
-0.549 -0.658 -0.738 -0.766 -0.746 -0.687 -0.621 -0.581 -0.579 -0.6 -0.637 -0.686 -0.741 -0.795 -0.839 -0.868 -0.885 -0.886 -0.876 -0.852 -0.833 -0.822 -0.82 -0.823 -0.833 -0.848 -0.858 -0.847 -0.807 -0.783 -0.754 -0.665 -0.583 -0.478 -0.381 -0.299 -0.253 -0.251 -0.271 -0.302 -0.332 -0.356 -0.39 -0.446 -0.487 -0.535 -0.572 -0.577 -0.553 -0.474 -0.383 -0.299 -0.252 -0.228 -0.213 -0.143 -0.079 -0.016 0.008 -0.047 -0.113 -0.233 -0.288 -0.318 -0.325 -0.323 -0.299 -0.279 -0.229 -0.143 -0.034 0.1 0.3 0.5 0.646 0.769
-0.666 -0.752 -0.804 -0.812 -0.787 -0.739 -0.691 -0.657 -0.651 -0.669 -0.704 -0.749 -0.794 -0.834 -0.866 -0.883 -0.893 -0.893 -0.884 -0.871 -0.857 -0.844 -0.838 -0.839 -0.843 -0.851 -0.854 -0.833 -0.799 -0.771 -0.745 -0.676 -0.586 -0.499 -0.419 -0.343 -0.303 -0.31 -0.309 -0.326 -0.358 -0.4 -0.436 -0.472 -0.513 -0.569 -0.594 -0.581 -0.527 -0.423 -0.324 -0.243 -0.176 -0.134 -0.077 -0.011 0.044 0.111 0.118 0.088 0.005 -0.128 -0.172 -0.226 -0.263 -0.292 -0.307 -0.306 -0.248 -0.155 -0.051 0.075 0.277 0.493 0.598 0.734
-0.783 -0.848 -0.875 -0.868 -0.836 -0.792 -0.75 -0.724 -0.719 -0.735 -0.765 -0.8 -0.833 -0.861 -0.88 -0.89 -0.894 -0.89 -0.879 -0.87 -0.861 -0.852 -0.849 -0.848 -0.849 -0.851 -0.847 -0.824 -0.798 -0.766 -0.75 -0.699 -0.614 -0.544 -0.466 -0.401 -0.371 -0.376 -0.37 -0.388 -0.42 -0.458 -0.486 -0.514 -0.553 -0.613 -0.627 -0.614 -0.545 -0.459 -0.32 -0.199 -0.099 -0.094 -0.014 0.062 0.146 0.195 0.234 0.183 0.085 0.003 -0.029 -0.109 -0.159 -0.186 -0.234 -0.301 -0.286 -0.199 -0.102 0.04 0.223 0.433 0.526 0.688
-0.884 -0.924 -0.931 -0.911 -0.875 -0.835 -0.802 -0.783 -0.781 -0.794 -0.814 -0.836 -0.857 -0.872 -0.882 -0.886 -0.885 -0.874 -0.859 -0.853 -0.85 -0.847 -0.846 -0.845 -0.844 -0.842 -0.835 -0.818 -0.804 -0.779 -0.768 -0.721 -0.659 -0.597 -0.524 -0.469 -0.45 -0.462 -0.476 -0.493 -0.519 -0.541 -0.559 -0.583 -0.613 -0.646 -0.655 -0.643 -0.6 -0.52 -0.374 -0.233 -0.126 -0.134 -0.031 0.055 0.165 0.267 0.287 0.223 0.206 0.15 0.111 0.018 -0.014 -0.054 -0.097 -0.226 -0.277 -0.212 -0.114 0.031 0.177 0.342 0.453 0.637
-0.954 -0.973 -0.966 -0.939 -0.904 -0.87 -0.846 -0.833 -0.831 -0.838 -0.848 -0.857 -0.864 -0.868 -0.87 -0.87 -0.856 -0.826 -0.804 -0.813 -0.834 -0.835 -0.835 -0.833 -0.827 -0.818 -0.815 -0.812 -0.809 -0.799 -0.783 -0.728 -0.67 -0.611 -0.56 -0.523 -0.521 -0.543 -0.568 -0.587 -0.61 -0.616 -0.622 -0.632 -0.646 -0.667 -0.667 -0.657 -0.635 -0.573 -0.474 -0.341 -0.234 -0.211 -0.092 0.005 0.142 0.275 0.29 0.308 0.335 0.289 0.222 0.145 0.143 0.095 0.051 -0.126 -0.238 -0.198 -0.099 -0.028 0.12 0.233 0.396 0.522
-0.993 -0.997 -0.982 -0.954 -0.923 -0.895 -0.876 -0.866 -0.864 -0.864 -0.864 -0.86 -0.854 -0.846 -0.838 -0.831 -0.814 -0.785 -0.792 -0.813 -0.824 -0.821 -0.819 -0.81 -0.79 -0.772 -0.781 -0.795 -0.799 -0.806 -0.777 -0.709 -0.628 -0.554 -0.515 -0.491 -0.509 -0.545 -0.573 -0.601 -0.639 -0.643 -0.649 -0.655 -0.663 -0.682 -0.671 -0.66 -0.645 -0.581 -0.509 -0.433 -0.362 -0.304 -0.188 -0.048 0.1 0.254 0.268 0.355 0.417 0.384 0.334 0.302 0.306 0.256 0.166 -0.035 -0.181 -0.164 -0.113 -0.061 0.045 0.146 0.276 0.378
-1.003 -1.002 -0.985 -0.959 -0.932 -0.909 -0.893 -0.884 -0.879 -0.873 -0.863 -0.845 -0.824 -0.802 -0.787 -0.791 -0.798 -0.803 -0.815 -0.821 -0.82 -0.812 -0.799 -0.772 -0.74 -0.727 -0.74 -0.768 -0.778 -0.799 -0.759 -0.679 -0.588 -0.504 -0.475 -0.463 -0.495 -0.531 -0.563 -0.6 -0.628 -0.642 -0.655 -0.665 -0.675 -0.685 -0.673 -0.657 -0.645 -0.566 -0.493 -0.426 -0.413 -0.379 -0.263 -0.102 0.044 0.172 0.218 0.374 0.45 0.463 0.489 0.477 0.472 0.394 0.252 0.056 -0.12 -0.173 -0.168 -0.117 -0.033 0.03 0.125 0.274
