data/climatemaps/RS_maps/climate_winter_pr_2012.asc
NCOLS 369 
NROWS 228 
XLLCORNER 479000 
YLLCORNER 73000 
CELLSIZE 1000 
NODATA_value -9 
[rows 136 to 169 of 228, columns 154 to 230 of 369]
1.183 0.845 0.563 0.59 0.706 0.776 0.832 0.932 1.023 0.963 0.855 0.894 0.987 1.005 1.058 1.19 1.573 2.129 2.476 2.861 3.044 2.953 2.764 2.553 2.279 1.897 1.556 1.232 1.274 1.503 1.294 1.07 0.733 0.532 0.811 0.912 1.136 1.498 1.862 2.026 2.131 2.333 2.382 2.131 1.869 1.771 1.575 1.348 1.21 0.952 0.779 0.586 0.414 0.172 0.062 0.106 0.116 0.144 0.234 0.42 0.571 0.615 0.603 0.556 0.333 0.36 0.296 0.199 0.126 0.21 0.212 0.114 -0.072 -0.224 -0.295 -0.208 -0.155
1.542 1.114 0.655 0.875 1.096 1.269 1.298 1.328 1.27 1.032 0.816 0.748 0.772 0.838 1.046 1.357 1.501 1.759 2.165 2.622 2.909 2.868 2.647 2.436 2.271 1.915 1.529 1.307 1.418 1.542 1.316 1.111 0.858 0.537 0.796 0.778 0.981 1.32 1.683 1.941 2.041 2.229 2.334 2.209 2.061 1.835 1.581 1.326 1.063 0.751 0.494 0.31 0.179 0.084 0.141 0.252 0.296 0.334 0.258 0.298 0.498 0.577 0.543 0.554 0.388 0.413 0.393 0.267 0.266 0.342 0.306 0.146 -0.075 -0.114 -0.229 -0.182 -0.073
1.689 1.2 0.787 0.971 1.185 1.51 1.585 1.597 1.463 1.209 0.989 0.867 0.855 0.917 1.367 1.81 1.805 1.814 2.059 2.41 2.795 2.88 2.664 2.328 2.057 1.725 1.486 1.427 1.573 1.514 1.318 1.044 0.829 0.566 0.657 0.797 0.949 1.282 1.575 1.77 1.989 2.278 2.288 2.114 1.932 1.702 1.387 1.083 0.764 0.488 0.254 0.169 0.144 0.08 0.226 0.301 0.402 0.465 0.438 0.327 0.398 0.523 0.518 0.586 0.453 0.446 0.467 0.33 0.406 0.417 0.32 0.157 -0.062 -0.028 -0.14 -0.215 -0.071
1.858 1.481 0.895 0.894 1.109 1.551 1.764 1.753 1.666 1.462 1.306 1.236 1.323 1.33 1.436 1.807 2.014 2.127 2.198 2.324 2.535 2.702 2.65 2.328 1.949 1.671 1.542 1.57 1.558 1.391 1.294 1.153 1.062 0.716 0.602 0.868 1.078 1.332 1.497 1.688 1.97 2.183 2.163 2.061 1.848 1.609 1.33 0.87 0.486 0.307 0.232 0.24 0.19 0.076 0.237 0.358 0.461 0.514 0.534 0.459 0.378 0.498 0.504 0.58 0.494 0.466 0.5 0.403 0.488 0.426 0.284 0.07 -0.029 0.017 -0.063 -0.177 -0.095
2.204 1.653 1.033 0.891 1.129 1.601 1.912 1.93 1.874 1.771 1.716 1.72 1.915 1.709 1.403 1.655 1.764 2.023 2.402 2.491 2.394 2.342 2.435 2.319 1.986 1.81 1.681 1.555 1.587 1.457 1.407 1.326 1.194 0.97 0.678 0.81 1.042 1.33 1.451 1.602 1.915 2.064 1.982 1.912 1.692 1.444 1.143 0.677 0.397 0.357 0.313 0.283 0.151 0.121 0.195 0.322 0.44 0.499 0.503 0.459 0.402 0.448 0.488 0.56 0.489 0.473 0.487 0.447 0.439 0.346 0.241 0.038 0.048 0.053 0.004 -0.093 -0.033
2.338 1.791 1.197 0.937 1.244 1.66 1.933 1.998 2.098 2.171 2.332 2.441 2.36 1.996 1.599 1.576 1.672 1.902 2.282 2.607 2.563 2.331 2.147 2.112 2.014 1.84 1.74 1.582 1.603 1.498 1.369 1.274 1.173 1.075 0.847 0.811 1.041 1.266 1.359 1.505 1.795 1.966 1.858 1.741 1.612 1.378 1.026 0.611 0.445 0.394 0.324 0.257 0.137 0.182 0.219 0.256 0.399 0.497 0.482 0.414 0.422 0.435 0.441 0.499 0.425 0.462 0.438 0.455 0.404 0.294 0.138 0.063 0.075 0.092 0.001 -0.027 0.053
2.437 1.937 1.312 1.019 1.362 1.612 1.838 2.104 2.376 2.834 3.098 2.729 2.495 2.271 2.024 1.99 1.983 1.89 2.173 2.431 2.595 2.453 2.129 1.886 1.766 1.603 1.553 1.429 1.4 1.407 1.366 1.327 1.223 1.132 0.965 0.868 1.069 1.17 1.171 1.353 1.621 1.805 1.772 1.749 1.703 1.468 1.063 0.615 0.464 0.382 0.293 0.214 0.126 0.173 0.224 0.241 0.317 0.392 0.414 0.341 0.364 0.291 0.286 0.341 0.338 0.351 0.347 0.381 0.355 0.246 0.068 0.049 0.076 0.093 0.006 0.018 0.044
2.44 1.968 1.27 1.044 1.294 1.467 1.745 2.137 2.539 3.02 3.141 2.852 2.716 2.534 2.353 2.336 2.291 2.046 2.207 2.375 2.371 2.526 2.264 1.891 1.669 1.503 1.375 1.282 1.213 1.183 1.158 1.17 1.124 1.116 1.103 1.041 1.098 1.013 1.037 1.3 1.51 1.633 1.766 1.764 1.632 1.36 1.02 0.677 0.455 0.381 0.246 0.172 0.132 0.164 0.199 0.141 0.161 0.217 0.238 0.156 0.085 0.045 0.14 0.172 0.157 0.174 0.197 0.203 0.216 0.161 0.088 -0.04 -0.039 -0.007 -0.035 -0.057 -0.085
2.207 1.81 1.116 1.228 1.413 1.573 1.9 2.323 2.726 3.191 3.278 3.154 3.083 2.938 2.797 2.746 2.648 2.381 2.374 2.537 2.371 2.383 2.265 1.956 1.86 1.72 1.521 1.45 1.417 1.344 1.231 1.16 1.219 1.34 1.371 1.234 1.111 0.889 1.044 1.276 1.502 1.573 1.697 1.61 1.433 1.245 1.036 0.764 0.457 0.38 0.2 0.203 0.164 0.106 0.082 0.035 0.05 0.023 -0.065 -0.16 -0.172 -0.092 -0.082 -0.074 -0.086 0.005 0.071 0.126 0.103 0.129 0.053 -0.112 -0.159 -0.138 -0.132 -0.147 -0.178
2.032 1.575 1.045 1.389 1.672 1.926 2.334 2.644 2.857 3.189 3.261 3.224 3.109 3.105 3.172 3.14 2.912 2.812 2.798 2.758 2.574 2.341 2.225 2.177 2.194 2.024 1.865 1.749 1.628 1.485 1.405 1.433 1.52 1.573 1.477 1.279 1.045 0.746 0.875 1.144 1.327 1.473 1.57 1.48 1.355 1.25 1.052 0.752 0.45 0.375 0.232 0.241 0.193 0.031 -0.031 -0.071 -0.138 -0.24 -0.357 -0.451 -0.353 -0.288 -0.316 -0.318 -0.279 -0.225 -0.166 -0.098 -0.03 0.04 -0.023 -0.156 -0.25 -0.255 -0.208 -0.207 -0.24
1.743 1.445 1.04 1.275 1.631 2.088 2.585 2.912 2.971 3.028 3.13 3.249 3.063 2.974 3.079 3.169 2.904 2.899 3.034 3.078 2.771 2.575 2.444 2.513 2.395 2.18 1.995 1.824 1.683 1.594 1.62 1.679 1.662 1.605 1.461 1.174 0.813 0.576 0.672 0.901 1.086 1.266 1.271 1.342 1.289 1.215 0.976 0.732 0.494 0.345 0.223 0.128 0.113 -0.026 -0.214 -0.317 -0.419 -0.519 -0.618 -0.597 -0.513 -0.503 -0.528 -0.479 -0.422 -0.363 -0.321 -0.253 -0.184 -0.136 -0.162 -0.204 -0.284 -0.343 -0.353 -0.335 -0.363
1.77 1.552 1.139 1.232 1.555 1.977 2.495 2.891 2.96 2.921 2.949 3.037 2.948 2.862 2.925 3.078 2.927 2.836 2.976 3.136 2.967 2.841 2.717 2.68 2.475 2.295 2.16 2.048 1.959 1.862 1.807 1.743 1.653 1.512 1.291 0.93 0.632 0.503 0.502 0.612 0.81 0.954 1.011 1.12 1.06 1.003 0.885 0.636 0.39 0.185 0.044 -0.064 -0.117 -0.226 -0.371 -0.489 -0.591 -0.682 -0.751 -0.746 -0.714 -0.718 -0.73 -0.676 -0.632 -0.568 -0.496 -0.4 -0.335 -0.29 -0.281 -0.295 -0.323 -0.372 -0.425 -0.455 -0.5
1.987 1.624 1.245 1.367 1.622 1.896 2.24 2.785 3.038 2.941 2.805 2.75 2.719 2.707 2.778 2.92 2.882 2.797 2.83 2.908 2.948 2.93 2.771 2.758 2.659 2.525 2.385 2.193 2.148 1.974 1.854 1.666 1.515 1.321 0.967 0.671 0.547 0.575 0.515 0.498 0.543 0.599 0.842 0.88 0.791 0.852 0.755 0.476 0.231 0.011 -0.157 -0.299 -0.373 -0.403 -0.439 -0.496 -0.587 -0.683 -0.8 -0.861 -0.884 -0.909 -0.91 -0.88 -0.848 -0.789 -0.712 -0.591 -0.53 -0.481 -0.455 -0.455 -0.443 -0.456 -0.475 -0.511 -0.56
1.935 1.616 1.45 1.619 1.853 2.135 2.468 2.877 3.014 2.99 2.833 2.645 2.541 2.519 2.582 2.653 2.758 2.773 2.767 2.78 2.799 2.81 2.735 2.787 2.79 2.65 2.515 2.262 2.054 1.956 1.737 1.532 1.253 0.974 0.733 0.608 0.613 0.608 0.557 0.534 0.569 0.631 0.64 0.671 0.703 0.66 0.513 0.275 0.017 -0.199 -0.319 -0.37 -0.352 -0.343 -0.315 -0.36 -0.447 -0.574 -0.706 -0.8 -0.857 -0.904 -0.938 -0.946 -0.945 -0.924 -0.872 -0.784 -0.76 -0.736 -0.71 -0.696 -0.665 -0.646 -0.599 -0.562 -0.561
1.938 1.806 1.8 1.957 2.186 2.536 2.83 2.962 2.917 2.888 2.777 2.592 2.434 2.333 2.368 2.537 2.752 2.781 2.777 2.771 2.708 2.647 2.702 2.816 2.84 2.704 2.655 2.374 1.95 1.823 1.56 1.181 0.912 0.741 0.636 0.61 0.63 0.627 0.604 0.599 0.57 0.675 0.609 0.606 0.61 0.455 0.285 0.058 -0.165 -0.269 -0.273 -0.284 -0.216 -0.219 -0.181 -0.247 -0.336 -0.462 -0.581 -0.684 -0.75 -0.791 -0.834 -0.847 -0.875 -0.933 -0.953 -0.934 -0.962 -0.968 -0.958 -0.939 -0.895 -0.857 -0.786 -0.707 -0.641
2.085 2.045 2.11 2.305 2.53 2.699 2.846 2.92 2.884 2.804 2.697 2.557 2.406 2.257 2.231 2.392 2.612 2.804 2.879 2.862 2.697 2.586 2.744 2.698 2.691 2.591 2.472 2.352 1.977 1.516 1.19 0.917 0.791 0.772 0.772 0.696 0.584 0.533 0.539 0.576 0.603 0.648 0.633 0.584 0.467 0.273 0.078 -0.084 -0.169 -0.159 -0.139 -0.149 -0.108 -0.079 -0.095 -0.185 -0.293 -0.396 -0.486 -0.581 -0.651 -0.68 -0.701 -0.688 -0.714 -0.824 -0.939 -1.009 -1.069 -1.112 -1.142 -1.138 -1.1 -1.051 -0.978 -0.879 -0.773
2.329 2.343 2.442 2.545 2.605 2.752 2.837 2.854 2.84 2.791 2.729 2.653 2.495 2.248 2.136 2.188 2.388 2.693 2.806 2.77 2.576 2.472 2.675 2.566 2.489 2.489 2.27 2.109 1.746 1.253 0.949 0.805 0.82 0.909 0.932 0.876 0.74 0.52 0.47 0.506 0.546 0.579 0.554 0.487 0.339 0.134 0.011 -0.021 -0.058 -0.053 -0.026 -0.041 -0.004 0.011 -0.035 -0.142 -0.255 -0.399 -0.485 -0.526 -0.562 -0.59 -0.592 -0.569 -0.613 -0.703 -0.823 -0.971 -1.06 -1.133 -1.215 -1.259 -1.256 -1.214 -1.133 -1.026 -0.921
2.727 2.571 2.493 2.572 2.516 2.717 2.858 2.814 2.792 2.873 2.943 2.976 2.712 2.345 2.125 2.056 2.244 2.548 2.587 2.58 2.355 2.321 2.582 2.425 2.236 2.264 2.059 1.733 1.344 0.991 0.852 0.858 0.923 1.015 1.075 1.051 0.896 0.646 0.449 0.48 0.501 0.492 0.462 0.414 0.282 0.155 0.125 0.139 0.096 0.058 0.073 0.061 0.086 0.082 0.043 -0.056 -0.174 -0.339 -0.485 -0.561 -0.57 -0.586 -0.568 -0.545 -0.557 -0.6 -0.695 -0.83 -0.961 -1.084 -1.18 -1.267 -1.321 -1.318 -1.251 -1.15 -1.05
2.53 2.324 2.299 2.419 2.457 2.555 2.73 2.876 2.952 3.109 2.958 2.794 2.741 2.531 2.237 2.095 2.171 2.45 2.432 2.25 2.116 2.25 2.348 2.279 2.137 1.904 1.697 1.328 1.05 0.892 0.904 0.993 0.98 1.07 1.18 1.13 0.985 0.809 0.577 0.543 0.502 0.488 0.468 0.432 0.36 0.3 0.285 0.278 0.22 0.152 0.131 0.151 0.137 0.111 0.063 -0.027 -0.111 -0.279 -0.437 -0.588 -0.68 -0.655 -0.634 -0.608 -0.536 -0.516 -0.59 -0.7 -0.853 -0.999 -1.079 -1.198 -1.304 -1.383 -1.342 -1.252 -1.149
2.388 2.173 2.145 2.258 2.304 2.487 2.811 2.78 2.882 3.062 2.818 2.561 2.588 2.625 2.325 2.121 2.124 2.398 2.35 2.038 1.859 2.07 2.068 2 1.881 1.566 1.299 1.057 0.955 0.931 0.976 1.084 1.083 1.113 1.264 1.232 1.122 0.976 0.72 0.623 0.536 0.494 0.465 0.427 0.4 0.409 0.411 0.381 0.273 0.158 0.12 0.145 0.148 0.12 0.027 -0.107 -0.17 -0.283 -0.414 -0.569 -0.748 -0.77 -0.709 -0.65 -0.553 -0.519 -0.57 -0.666 -0.818 -0.943 -1.014 -1.149 -1.276 -1.388 -1.414 -1.352 -1.26
2.132 1.985 1.925 2.091 2.321 2.665 2.817 2.63 2.605 2.738 2.757 2.52 2.403 2.432 2.355 2.121 2.104 2.269 2.204 1.913 1.575 1.689 1.743 1.648 1.47 1.205 1.029 0.995 1.08 1.127 1.021 1.156 1.226 1.237 1.357 1.344 1.23 1.071 0.768 0.65 0.579 0.46 0.38 0.324 0.358 0.479 0.495 0.444 0.304 0.109 0.044 0.074 0.122 0.06 -0.06 -0.231 -0.309 -0.352 -0.485 -0.626 -0.833 -0.879 -0.757 -0.676 -0.576 -0.568 -0.597 -0.681 -0.809 -0.89 -0.925 -1.091 -1.223 -1.374 -1.46 -1.437 -1.356
1.878 1.786 1.868 2.131 2.418 2.668 2.775 2.547 2.416 2.569 2.748 2.557 2.41 2.273 2.203 2.056 2.049 2.153 2.083 1.752 1.258 1.256 1.355 1.265 1.057 0.937 0.959 1.094 1.229 1.309 1.133 1.17 1.312 1.391 1.455 1.422 1.302 1.119 0.814 0.606 0.502 0.369 0.27 0.239 0.303 0.431 0.461 0.418 0.28 0.059 -0.014 0.002 0.01 -0.054 -0.148 -0.343 -0.426 -0.466 -0.6 -0.767 -0.94 -0.963 -0.848 -0.736 -0.609 -0.544 -0.559 -0.631 -0.692 -0.761 -0.854 -1.015 -1.17 -1.329 -1.462 -1.497 -1.451
1.858 1.971 2.129 2.334 2.397 2.449 2.595 2.432 2.393 2.58 2.648 2.514 2.409 2.227 2.006 1.962 2.023 2.128 1.976 1.584 1.004 0.867 0.937 0.839 0.753 0.87 1.061 1.249 1.345 1.43 1.3 1.16 1.343 1.535 1.53 1.493 1.293 1.08 0.858 0.564 0.347 0.212 0.14 0.161 0.238 0.378 0.396 0.388 0.247 0.013 -0.154 -0.136 -0.138 -0.212 -0.299 -0.503 -0.595 -0.6 -0.701 -0.876 -1.048 -1.04 -0.92 -0.794 -0.673 -0.577 -0.538 -0.592 -0.645 -0.726 -0.837 -1.009 -1.171 -1.317 -1.457 -1.528 -1.521
2.103 2.297 2.423 2.486 2.424 2.394 2.452 2.338 2.327 2.448 2.435 2.28 2.179 2.015 1.842 1.872 1.983 2.016 1.782 1.365 0.799 0.586 0.577 0.545 0.665 0.934 1.164 1.334 1.433 1.512 1.473 1.353 1.42 1.559 1.514 1.435 1.256 1.129 0.954 0.631 0.313 0.113 0.041 0.108 0.21 0.361 0.431 0.415 0.239 -0.11 -0.332 -0.337 -0.326 -0.319 -0.371 -0.552 -0.749 -0.799 -0.883 -1.021 -1.116 -1.054 -0.948 -0.846 -0.773 -0.695 -0.627 -0.64 -0.717 -0.804 -0.916 -1.068 -1.227 -1.348 -1.442 -1.525 -1.558
2.388 2.527 2.609 2.643 2.68 2.551 2.443 2.411 2.239 2.122 2.113 1.954 1.879 1.706 1.67 1.804 1.872 1.746 1.517 1.098 0.59 0.382 0.321 0.448 0.705 1 1.224 1.347 1.408 1.546 1.652 1.576 1.535 1.489 1.391 1.287 1.201 1.173 0.998 0.671 0.446 0.101 0.027 0.063 0.146 0.327 0.453 0.447 0.198 -0.219 -0.535 -0.6 -0.523 -0.44 -0.493 -0.621 -0.824 -0.949 -1.053 -1.148 -1.177 -1.084 -0.983 -0.924 -0.867 -0.786 -0.696 -0.686 -0.773 -0.868 -0.982 -1.116 -1.237 -1.32 -1.397 -1.488 -1.549
2.487 2.507 2.515 2.599 2.653 2.651 2.558 2.475 2.274 1.961 1.762 1.597 1.527 1.493 1.534 1.615 1.577 1.42 1.161 0.757 0.386 0.245 0.256 0.438 0.701 0.942 1.11 1.235 1.39 1.532 1.593 1.557 1.526 1.462 1.37 1.256 1.22 1.169 0.986 0.745 0.504 0.152 -0.042 0.034 0.111 0.248 0.322 0.275 0.07 -0.244 -0.584 -0.767 -0.708 -0.641 -0.604 -0.675 -0.809 -0.884 -1.005 -1.15 -1.219 -1.164 -1.091 -1.027 -0.926 -0.803 -0.74 -0.748 -0.8 -0.887 -1.003 -1.112 -1.178 -1.259 -1.347 -1.407 -1.489
2.373 2.352 2.372 2.396 2.408 2.558 2.461 2.316 2.162 1.795 1.399 1.238 1.288 1.375 1.359 1.319 1.222 1.034 0.743 0.429 0.223 0.189 0.279 0.409 0.597 0.791 0.981 1.163 1.292 1.364 1.373 1.336 1.349 1.326 1.302 1.231 1.17 1.079 0.963 0.811 0.551 0.202 -0.082 -0.026 0.053 0.165 0.228 0.174 0.04 -0.209 -0.584 -0.877 -0.882 -0.792 -0.72 -0.744 -0.785 -0.826 -0.945 -1.099 -1.232 -1.246 -1.184 -1.12 -0.962 -0.827 -0.779 -0.839 -0.886 -0.95 -1.056 -1.131 -1.157 -1.234 -1.278 -1.305 -1.401
2.258 2.132 2.288 2.272 2.146 2.404 2.171 1.994 1.883 1.505 1.049 1.073 1.184 1.172 1.074 0.986 0.797 0.626 0.386 0.201 0.138 0.168 0.193 0.386 0.544 0.746 0.932 0.983 1.069 1.121 1.097 1.142 1.129 1.169 1.247 1.177 1.057 0.925 0.846 0.743 0.567 0.246 -0.105 -0.101 -0.01 0.125 0.153 0.117 0.031 -0.238 -0.593 -0.941 -1.002 -0.918 -0.85 -0.825 -0.819 -0.845 -0.936 -1.071 -1.231 -1.274 -1.202 -1.129 -0.983 -0.849 -0.803 -0.876 -0.951 -1.032 -1.146 -1.22 -1.212 -1.217 -1.224 -1.259 -1.326
2.065 1.997 2.113 2.124 1.934 2.105 1.927 1.722 1.541 1.198 0.869 0.916 0.871 0.792 0.644 0.495 0.372 0.266 0.183 0.141 0.132 0.09 0.172 0.325 0.426 0.491 0.574 0.682 0.752 0.795 0.858 0.925 0.959 1.006 1.017 1.003 0.929 0.835 0.801 0.675 0.485 0.247 -0.07 -0.156 -0.052 0.073 0.131 0.079 -0.047 -0.288 -0.635 -0.969 -1.097 -1.091 -1.038 -0.981 -0.946 -0.925 -1.004 -1.122 -1.251 -1.253 -1.159 -1.07 -0.994 -0.879 -0.829 -0.869 -0.931 -1.034 -1.172 -1.308 -1.279 -1.22 -1.214 -1.236 -1.231
1.675 1.683 1.934 1.987 1.624 1.851 1.681 1.432 1.154 0.804 0.613 0.707 0.487 0.321 0.21 0.106 0.105 0.133 0.161 0.256 0.35 0.18 0.145 0.255 0.186 0.184 0.244 0.382 0.542 0.673 0.788 0.828 0.809 0.779 0.772 0.83 0.849 0.768 0.776 0.683 0.489 0.274 -0.058 -0.207 -0.097 0.027 0.074 -0.001 -0.177 -0.385 -0.698 -0.972 -1.102 -1.18 -1.186 -1.141 -1.07 -1.056 -1.137 -1.213 -1.266 -1.212 -1.109 -1.028 -0.963 -0.901 -0.9 -0.946 -0.992 -1.076 -1.225 -1.345 -1.311 -1.247 -1.209 -1.186 -1.188
1.34 1.503 1.733 1.745 1.45 1.477 1.455 1.112 0.71 0.471 0.459 0.405 0.159 -0.006 -0.022 0.068 0.185 0.281 0.349 0.541 0.608 0.474 0.214 0.091 0.11 0.212 0.267 0.361 0.548 0.669 0.714 0.68 0.644 0.55 0.603 0.675 0.739 0.707 0.642 0.592 0.471 0.264 -0.068 -0.233 -0.105 -0.001 0.013 -0.087 -0.309 -0.558 -0.766 -0.885 -0.969 -1.103 -1.224 -1.254 -1.201 -1.225 -1.269 -1.282 -1.256 -1.163 -1.062 -0.998 -0.915 -0.885 -0.947 -1.053 -1.12 -1.178 -1.304 -1.361 -1.311 -1.281 -1.253 -1.175 -1.158
0.972 1.104 1.335 1.476 1.197 1.101 1.24 0.863 0.379 0.215 0.258 0.087 -0.121 -0.204 -0.064 0.158 0.38 0.581 0.614 0.811 0.87 0.712 0.414 0.142 0.209 0.32 0.355 0.381 0.513 0.586 0.598 0.49 0.438 0.369 0.455 0.537 0.602 0.549 0.432 0.366 0.248 0.071 -0.182 -0.272 -0.129 -0.03 -0.035 -0.134 -0.324 -0.542 -0.697 -0.781 -0.884 -1.012 -1.139 -1.254 -1.305 -1.33 -1.309 -1.269 -1.212 -1.146 -1.061 -0.98 -0.935 -0.905 -0.95 -1.02 -1.098 -1.208 -1.317 -1.395 -1.387 -1.359 -1.311 -1.212 -1.14
0.656 0.701 0.957 1.103 0.957 0.789 0.913 0.659 0.193 -0.007 -0.093 -0.231 -0.297 -0.211 -0.003 0.245 0.526 0.824 0.94 1.007 0.925 0.76 0.534 0.252 0.276 0.385 0.443 0.511 0.543 0.506 0.479 0.36 0.235 0.246 0.311 0.389 0.438 0.322 0.151 0.046 -0.102 -0.245 -0.343 -0.3 -0.182 -0.092 -0.087 -0.151 -0.283 -0.461 -0.624 -0.749 -0.841 -0.94 -1.055 -1.187 -1.337 -1.372 -1.305 -1.231 -1.188 -1.1 -1.054 -0.981 -1.001 -0.939 -0.914 -0.957 -1.049 -1.14 -1.258 -1.402 -1.436 -1.397 -1.31 -1.22 -1.156
0.295 0.359 0.616 0.691 0.645 0.439 0.549 0.362 -0.042 -0.228 -0.341 -0.417 -0.36 -0.187 0.042 0.357 0.657 0.994 1.097 1.093 0.986 0.871 0.667 0.424 0.376 0.472 0.581 0.683 0.611 0.442 0.338 0.213 0.113 0.158 0.209 0.264 0.305 0.181 -0.025 -0.236 -0.393 -0.439 -0.397 -0.272 -0.174 -0.133 -0.186 -0.278 -0.4 -0.562 -0.7 -0.825 -0.887 -0.935 -1.043 -1.192 -1.348 -1.37 -1.306 -1.233 -1.156 -1.084 -1.019 -1.002 -1.03 -0.988 -0.97 -0.981 -1.015 -1.087 -1.237 -1.382 -1.416 -1.348 -1.263 -1.191 -1.165
