data/climatemaps/RS_maps/climate_winter_tmin_1999.asc
NCOLS 369 
NROWS 228 
XLLCORNER 479000 
YLLCORNER 73000 
CELLSIZE 1000 
NODATA_value -9 
[rows 170 to 203 of 228, columns 231 to 307 of 369]
-1.067 -0.973 -0.894 -0.888 -0.51 -0.44 -0.123 0.383 0.662 0.365 -0.169 -0.505 -0.703 -0.79 -0.963 -1.375 -1.254 -0.843 -0.324 -0.163 -0.659 -1.198 -1.08 -0.599 0.151 0.52 0.087 -0.382 -0.496 -0.688 -0.529 -1.148 -1.346 -1.137 -0.797 -0.474 -0.3 -0.004 0.208 0.607 0.687 0.407 -0.039 -0.306 -0.349 -0.511 -0.399 -0.68 -0.884 -0.828 -0.918 -1.102 -1.413 -1.588 -1.308 -1.367 -1.271 -1.586 -2.053 -1.736 -1.853 -2.275 -2.479 -2.093 -2.15 -2.422 -2.097 -1.719 -1.303 -1.233 -1.523 -1.78 -1.547 -1.102 -0.888 -1.044 -1.307
-1.005 -1.142 -1.08 -0.905 -0.722 -0.808 -0.367 0.222 0.644 0.576 0.067 -0.395 -0.494 -0.873 -1.098 -1.351 -1.074 -0.669 -0.156 -0.179 -0.673 -1.115 -0.584 -0.174 0.508 0.436 -0.147 -0.554 -0.409 -0.919 -0.553 -1.016 -1.161 -0.853 -0.749 -0.408 -0.014 0.29 0.579 0.725 0.639 0.355 -0.013 -0.374 -0.733 -1.015 -0.78 -0.836 -1.216 -1.345 -1.39 -1.413 -1.393 -1.641 -1.797 -1.966 -1.948 -1.996 -2.118 -1.843 -1.918 -2.124 -2.372 -2.285 -2.287 -2.345 -1.953 -1.585 -1.483 -1.591 -1.535 -1.929 -1.801 -1.434 -0.917 -0.92 -1.288
-0.964 -0.973 -0.985 -1.09 -0.884 -0.706 -0.34 0.13 0.566 0.656 0.277 -0.221 -0.626 -1.056 -1.371 -1.233 -0.984 -0.643 -0.158 -0.088 -0.606 -0.982 -0.346 0.307 0.594 0.203 -0.376 -0.779 -0.431 -0.941 -0.709 -1.079 -1.06 -0.759 -0.539 -0.482 -0.063 0.362 0.685 0.758 0.649 0.307 -0.055 -0.396 -0.684 -1.077 -1.19 -1.133 -1.405 -1.682 -1.439 -1.105 -1.065 -1.559 -1.967 -1.967 -2.003 -2.196 -2.224 -2.139 -1.979 -1.682 -1.978 -2.151 -2.258 -2.274 -2.005 -1.814 -1.992 -1.885 -1.66 -2.117 -1.947 -1.687 -1.025 -0.709 -0.995
-0.732 -0.567 -0.885 -0.899 -0.569 -0.319 -0.14 -0.053 0.463 0.693 0.499 0.041 -0.447 -0.852 -1.201 -0.989 -0.788 -0.697 -0.302 0.052 -0.597 -0.595 -0.219 0.461 0.496 -0.103 -0.682 -1.034 -0.67 -0.912 -0.989 -1.069 -0.843 -0.615 -0.461 -0.354 -0.067 0.222 0.661 0.777 0.762 0.502 -0.095 -0.606 -0.923 -1.183 -1.265 -1.311 -1.376 -1.478 -1.214 -0.77 -1.043 -1.768 -1.85 -1.652 -1.598 -1.946 -1.897 -1.952 -1.694 -1.397 -1.555 -1.676 -1.797 -1.981 -2.216 -2.289 -2.448 -2.163 -1.905 -2.044 -1.896 -1.594 -1.056 -0.579 -0.556
-0.356 -0.558 -0.946 -0.837 -0.604 -0.337 -0.315 -0.346 0.378 0.703 0.676 0.31 -0.085 -0.398 -0.908 -0.938 -0.68 -0.319 -0.015 -0.137 -0.572 -0.271 0.166 0.616 0.259 -0.345 -0.855 -1.043 -0.982 -1.012 -1.131 -0.834 -0.638 -0.5 -0.364 -0.292 0 0.059 0.453 0.778 0.793 0.684 0.122 -0.418 -0.911 -1.157 -1.076 -0.93 -0.892 -0.963 -0.864 -0.594 -1.044 -1.664 -1.596 -1.329 -1.389 -1.792 -1.513 -1.563 -1.467 -1.161 -1.053 -1.232 -1.41 -1.773 -2.204 -2.558 -2.66 -2.32 -2.173 -1.964 -1.651 -1.273 -0.913 -0.472 -0.474
-0.38 -0.762 -0.969 -1.066 -0.773 -0.334 -0.573 -0.471 0.106 0.612 0.713 0.564 0.222 -0.264 -0.741 -1.002 -0.649 -0.25 0.143 -0.249 -0.305 -0.018 0.409 0.625 0.126 -0.276 -0.409 -0.576 -0.993 -1.134 -0.945 -0.463 -0.353 -0.221 -0.183 -0.095 -0.227 -0.255 0.262 0.753 0.806 0.785 0.437 -0.182 -0.486 -0.886 -0.813 -0.452 -0.356 -0.407 -0.426 -0.554 -1.094 -1.521 -1.464 -1.056 -1.344 -1.633 -1.163 -1.069 -0.957 -0.721 -0.746 -1.117 -1.439 -1.844 -2.139 -2.358 -2.423 -2.296 -2.149 -1.771 -1.461 -1.145 -0.854 -0.387 -0.644
-0.256 -0.446 -0.647 -1.035 -0.716 -0.567 -0.481 -0.068 0.094 0.399 0.698 0.711 0.454 0.056 -0.429 -0.72 -0.71 -0.345 0.069 0.177 0.122 0.216 0.575 0.525 -0.024 -0.355 -0.472 -0.348 -0.677 -1.009 -0.632 -0.413 -0.642 -0.307 -0.46 -0.305 -0.544 -0.253 0.264 0.657 0.812 0.817 0.75 0.403 -0.048 -0.495 -0.525 -0.18 -0.587 -0.807 -0.976 -0.903 -1.227 -1.534 -1.225 -0.783 -0.945 -1.167 -0.88 -0.477 -0.553 -0.788 -1.157 -1.475 -1.784 -1.899 -1.934 -2.166 -2.048 -2.028 -1.966 -1.744 -1.45 -1.098 -0.938 -0.412 -0.613
-0.272 -0.369 -0.403 -0.855 -1.001 -0.688 -0.243 -0.282 -0.324 0.052 0.588 0.722 0.638 0.299 -0.187 -0.236 -0.296 -0.192 0.007 0.228 0.404 0.535 0.656 0.376 -0.215 -0.605 -0.819 -0.574 -0.466 -0.89 -0.495 -0.696 -0.743 -0.448 -0.743 -0.574 -0.647 -0.152 0.028 0.44 0.766 0.824 0.819 0.737 0.24 -0.292 -0.271 -0.175 -0.9 -1.165 -1.447 -1.363 -1.486 -1.477 -1.053 -0.698 -0.522 -0.508 -0.37 -0.327 -0.954 -1.368 -1.558 -1.675 -1.751 -1.657 -1.892 -2.157 -1.851 -1.714 -1.637 -1.531 -1.307 -0.996 -0.756 -0.415 -0.403
-0.679 -0.821 -0.766 -0.733 -0.884 -0.505 -0.46 -0.533 -0.585 -0.131 0.398 0.695 0.73 0.383 -0.087 0.227 0.304 0.357 0.44 0.451 0.538 0.664 0.506 0.159 -0.27 -0.598 -0.899 -0.88 -0.649 -0.903 -0.682 -0.977 -0.864 -0.82 -1.017 -0.869 -0.819 -0.533 -0.307 0.181 0.593 0.825 0.824 0.805 0.393 -0.223 0.019 -0.104 -0.524 -0.891 -1.476 -1.747 -1.817 -1.649 -1.282 -1.148 -0.76 -0.638 -0.359 -0.256 -1.021 -1.509 -1.506 -1.506 -1.474 -1.637 -1.953 -2.019 -1.793 -1.767 -1.652 -1.56 -1.481 -1.201 -0.997 -9 -9
-0.432 -0.747 -0.972 -0.955 -0.901 -0.848 -0.677 -0.762 -0.495 -0.14 0.151 0.543 0.752 0.602 0.308 0.592 0.667 0.698 0.72 0.689 0.656 0.423 0.067 -0.116 -0.257 -0.45 -0.916 -1.118 -0.937 -0.95 -0.861 -0.852 -0.778 -0.832 -0.982 -0.996 -0.905 -0.942 -0.536 0.019 0.391 0.698 -9 0.833 0.721 0.263 0.242 -0.084 -0.607 -1.063 -1.571 -1.5 -1.527 -1.773 -1.613 -1.447 -1.249 -1.247 -0.621 -0.136 -0.769 -1.051 -1.011 -1.112 -1.378 -1.606 -1.838 -1.939 -1.647 -1.82 -1.773 -1.763 -1.62 -1.443 -1.327 -9 -9
-0.01 -0.343 -0.646 -0.662 -0.729 -0.933 -0.824 -0.785 -0.449 -0.178 0.028 0.357 0.689 0.752 0.678 0.621 0.504 0.481 0.472 0.446 0.434 0.34 0.038 -0.304 -0.513 -0.545 -0.814 -1.083 -0.753 -0.787 -0.601 -0.422 -0.32 -0.434 -0.746 -0.695 -0.649 -1.047 -0.672 -0.175 -0.133 0.082 -9 -9 0.821 0.75 0.411 0.032 -0.36 -0.835 -1.284 -1.144 -1.228 -1.628 -1.539 -1.507 -1.445 -1.224 -0.658 -0.077 -0.473 -0.726 -1.06 -1.186 -1.257 -1.495 -1.594 -1.742 -1.54 -1.536 -1.604 -1.565 -1.676 -1.716 -9 -9 -9
0.255 -0.064 -0.261 -0.389 -0.599 -0.75 -0.561 -0.467 -0.309 -0.069 0.119 0.372 0.651 0.775 0.672 0.398 0.1 -0.019 -0.029 -0.014 0.154 0.246 0.198 -0.134 -0.589 -0.899 -0.974 -0.962 -0.47 -0.667 -0.541 -0.517 -0.385 -0.134 -0.621 -0.395 -0.641 -0.82 -0.672 -0.53 -0.564 -9 -9 -9 -9 -9 0.422 -0.186 -0.393 -0.61 -0.81 -0.875 -1.165 -1.589 -1.464 -1.275 -1.128 -0.917 -0.402 -0.08 -0.59 -0.753 -0.926 -0.959 -0.833 -0.971 -1.234 -1.259 -1.257 -1.172 -1.37 -1.127 -9 -9 -9 -9 -9
0.082 -0.082 -0.237 -0.366 -0.39 -0.55 -0.299 -0.096 -0.244 -0.121 0.179 0.576 0.759 0.729 0.405 0.272 0.138 -0.044 -0.273 -0.354 -0.122 -0.153 0.035 0 -0.351 -0.713 -0.84 -0.743 -0.334 -0.619 -0.836 -0.748 -0.378 0.027 -0.144 -0.129 -0.5 -0.365 -0.356 -0.257 -0.373 -9 -9 -9 -9 -9 -9 -0.068 -0.234 -0.482 -0.74 -0.985 -1.332 -1.641 -1.56 -1.223 -0.877 -0.564 -0.14 -0.301 -0.641 -0.413 -0.533 -0.54 -0.38 -0.491 -0.819 -0.829 -0.796 -0.815 -0.968 -9 -9 -9 -9 -9 -9
0.117 -0.099 -0.223 -0.167 -0.046 -0.278 -0.199 0.111 0.145 0.199 0.441 0.783 0.81 0.619 0.132 -0.037 0.021 0.006 -0.123 -0.434 -0.448 -0.369 -0.226 -0.111 -0.402 -0.696 -0.455 -0.213 -0.107 -0.49 -0.52 -0.394 -0.111 0.196 0.284 0.159 -0.188 -0.028 -0.097 0.052 -0.046 -9 -9 -9 -9 -9 -9 -9 -9 -9 -9 -1.25 -1.409 -1.454 -1.285 -1.234 -0.897 -0.365 0.06 -0.346 -0.261 -0.046 -0.097 -0.078 -0.02 -0.274 -0.587 -9 -9 -9 -9 -9 -9 -9 -9 -9 -9
0.301 0.255 0.173 0.22 0.216 0.052 0.088 0.214 0.417 0.615 0.725 0.837 0.773 0.538 0.119 -0.247 -0.282 -0.258 -0.249 -0.456 -0.71 -0.525 -0.432 -0.381 -0.392 -0.78 -0.591 -0.147 0.108 -0.162 -0.159 -0.052 -0.075 0.184 0.465 0.296 -0.01 0.247 0.19 0.363 0.366 -9 -9 -9 -9 -9 -9 -9 -9 -9 -9 -9 -9 -9 -9 -9 -0.639 -0.189 0.202 -0.116 0.158 0.313 -9 -9 -9 -9 -9 -9 -9 -9 -9 -9 -9 -9 -9 -9 -9
0.699 0.636 0.562 0.588 0.557 0.464 0.52 0.564 0.689 0.825 0.846 0.849 0.711 0.466 0.139 -0.145 -0.192 -0.29 -0.404 -0.501 -0.68 -0.684 -0.533 -0.639 -0.571 -0.761 -0.422 -0.047 0.244 0.018 0.066 0.236 0.002 0.136 0.48 0.404 0.157 0.472 0.651 0.712 -9 -9 -9 -9 -9 -9 -9 -9 -9 -9 -9 -9 -9 -9 -9 -9 -9 -9 -9 -9 -9 -9 -9 -9 -9 -9 -9 -9 -9 -9 -9 -9 -9 -9 -9 -9 -9
0.891 0.87 0.841 0.84 0.839 0.811 0.826 0.839 0.862 0.878 0.867 0.832 0.679 0.451 0.286 0.248 0.22 0.089 -0.031 -0.116 -0.271 -0.513 -0.724 -0.81 -0.677 -0.404 -0.143 0.103 0.337 0.267 0.28 0.441 0.324 0.394 0.503 0.586 0.48 0.764 0.875 -9 -9 -9 -9 -9 -9 -9 -9 -9 -9 -9 -9 -9 -9 -9 -9 -9 -9 -9 -9 -9 -9 -9 -9 -9 -9 -9 -9 -9 -9 -9 -9 -9 -9 -9 -9 -9 -9
0.918 0.917 0.914 0.909 0.909 0.909 0.901 0.901 0.901 0.893 0.865 0.751 0.551 0.527 0.461 0.393 0.212 0.154 0.026 -0.074 -0.315 -0.405 -0.533 -0.506 -0.389 -0.185 -0.014 0.1 0.189 0.376 0.46 0.531 0.619 0.586 0.55 0.75 0.818 0.918 0.928 -9 -9 -9 -9 -9 -9 -9 -9 -9 -9 -9 -9 -9 -9 -9 -9 -9 -9 -9 -9 -9 -9 -9 -9 -9 -9 -9 -9 -9 -9 -9 -9 -9 -9 -9 -9 -9 -9
0.933 0.933 0.924 0.923 0.923 0.924 0.917 0.902 0.896 0.839 0.699 0.481 0.213 0.093 0.043 0.154 -0.036 -0.209 -0.346 -0.149 -0.438 -0.418 -0.177 -0.181 -0.233 -0.234 -0.188 -0.152 -0.055 0.15 0.308 0.43 0.694 0.822 0.808 0.887 0.944 0.943 -9 -9 -9 -9 -9 -9 -9 -9 -9 -9 -9 -9 -9 -9 -9 -9 -9 -9 -9 -9 -9 -9 -9 -9 -9 -9 -9 -9 -9 -9 -9 -9 -9 -9 -9 -9 -9 -9 -9
0.797 0.716 0.792 0.777 0.812 0.823 0.814 0.716 0.631 0.556 0.34 0.13 -0.11 -0.176 -0.262 -0.218 0.025 -0.179 -0.455 -0.298 -0.467 -0.236 -0.058 0.06 0.078 0.07 0.056 -0.015 0.1 0.227 0.353 0.534 0.787 0.945 0.964 0.963 0.96 -9 -9 -9 -9 -9 -9 -9 -9 -9 -9 -9 -9 -9 -9 -9 -9 -9 -9 -9 -9 -9 -9 -9 -9 -9 -9 -9 -9 -9 -9 -9 -9 -9 -9 -9 -9 -9 -9 -9 -9
0.344 0.331 0.592 0.636 0.608 0.421 0.46 0.401 0.318 0.277 0.346 0.23 0.04 -0.162 -0.404 -0.503 -0.281 -0.244 -0.506 -0.447 -0.453 -0.41 -0.262 -0.071 0.109 0.212 0.331 0.346 0.444 0.557 0.624 0.761 0.936 0.978 0.98 0.974 0.968 -9 -9 -9 -9 -9 -9 -9 -9 -9 -9 -9 -9 -9 -9 -9 -9 -9 -9 -9 -9 -9 -9 -9 -9 -9 -9 -9 -9 -9 -9 -9 -9 -9 -9 -9 -9 -9 -9 -9 -9
-0.015 0.276 0.3 0.507 0.72 0.423 0.191 0.302 0.319 0.451 0.333 0.26 0.162 -0.064 -0.28 -0.424 -0.463 -0.392 -0.464 -0.298 -0.285 -0.504 -0.448 -0.301 -0.218 -0.066 0.158 0.3 0.404 0.473 0.488 0.705 0.974 0.991 0.98 0.951 0.972 -9 -9 -9 -9 -9 -9 -9 -9 -9 -9 -9 -9 -9 -9 -9 -9 -9 -9 -9 -9 -9 -9 -9 -9 -9 -9 -9 -9 -9 -9 -9 -9 -9 -9 -9 -9 -9 -9 -9 -9
-0.015 0.19 0.023 0.379 0.717 0.63 0.424 0.502 0.451 0.416 0.118 0.03 0.038 -0.034 -0.112 -0.29 -0.491 -0.38 -0.248 -0.029 -0.103 -0.349 -0.476 -0.443 -0.443 -0.371 -0.138 0.001 0.038 0.168 0.445 0.811 0.997 1.002 0.99 0.887 -9 -9 -9 -9 -9 -9 -9 -9 -9 -9 -9 -9 -9 -9 -9 -9 -9 -9 -9 -9 -9 -9 -9 -9 -9 -9 -9 -9 -9 -9 -9 -9 -9 -9 -9 -9 -9 -9 -9 -9 -9
-0.047 -0.077 -0.016 0.347 0.649 0.778 0.63 0.539 0.484 0.263 0.02 -0.149 -0.091 -0.114 -0.039 -0.098 -0.358 -0.258 -0.067 0.177 0.106 -0.152 -0.195 -0.213 -0.357 -0.418 -0.423 -0.308 -0.273 0.118 0.515 0.867 1.015 1.014 1.01 -9 -9 -9 -9 -9 -9 -9 -9 -9 -9 -9 -9 -9 -9 -9 -9 -9 -9 -9 -9 -9 -9 -9 -9 -9 -9 -9 -9 -9 -9 -9 -9 -9 -9 -9 -9 -9 -9 -9 -9 -9 -9
-0.159 -0.107 0.005 0.355 0.662 0.78 0.515 0.397 0.422 0.146 0.015 -0.07 0.039 0.082 0.206 0.196 -0.117 -0.193 0.049 0.295 0.245 0.007 0.101 -0.01 -0.038 -0.284 -0.416 -0.469 -0.313 0.054 0.436 0.847 1.018 1.025 1.014 -9 -9 -9 -9 -9 -9 -9 -9 -9 -9 -9 -9 -9 -9 -9 -9 -9 -9 -9 -9 -9 -9 -9 -9 -9 -9 -9 -9 -9 -9 -9 -9 -9 -9 -9 -9 -9 -9 -9 -9 -9 -9
-0.074 0.124 0.25 0.567 0.837 0.695 0.423 0.424 0.562 0.25 0.197 0.211 0.275 0.366 0.406 0.353 0.126 -0.07 0.138 0.371 0.433 0.277 0.346 0.247 0.084 -0.13 -0.065 -0.253 -0.235 0.143 0.513 0.862 1.032 1.041 -9 -9 -9 -9 -9 -9 -9 -9 -9 -9 -9 -9 -9 -9 -9 -9 -9 -9 -9 -9 -9 -9 -9 -9 -9 -9 -9 -9 -9 -9 -9 -9 -9 -9 -9 -9 -9 -9 -9 -9 -9 -9 -9
-0.071 0.086 0.416 0.658 0.883 0.699 0.51 0.496 0.67 0.444 0.445 0.517 0.519 0.494 0.396 0.358 0.123 0.028 0.175 0.26 0.406 0.565 0.553 0.402 0.046 0.149 0.05 -0.23 -0.17 0.211 0.544 0.845 -9 -9 -9 -9 -9 -9 -9 -9 -9 -9 -9 -9 -9 -9 -9 -9 -9 -9 -9 -9 -9 -9 -9 -9 -9 -9 -9 -9 -9 -9 -9 -9 -9 -9 -9 -9 -9 -9 -9 -9 -9 -9 -9 -9 -9
0.088 0.164 0.325 0.587 0.851 0.881 0.701 0.664 0.746 0.667 0.635 0.588 0.474 0.333 0.264 0.224 0.045 0.121 0.313 0.336 0.241 0.533 0.576 0.278 0.19 0.374 0.209 -0.039 0.125 0.308 0.626 -9 -9 -9 -9 -9 -9 -9 -9 -9 -9 -9 -9 -9 -9 -9 -9 -9 -9 -9 -9 -9 -9 -9 -9 -9 -9 -9 -9 -9 -9 -9 -9 -9 -9 -9 -9 -9 -9 -9 -9 -9 -9 -9 -9 -9 -9
0.227 0.367 0.274 0.557 0.865 0.96 0.876 0.814 0.828 0.769 0.672 0.638 0.473 0.258 0.115 0.01 -0.055 0.067 0.254 0.435 0.39 0.521 0.579 0.183 0.333 0.456 0.143 0.041 0.323 0.576 -9 -9 -9 -9 -9 -9 -9 -9 -9 -9 -9 -9 -9 -9 -9 -9 -9 -9 -9 -9 -9 -9 -9 -9 -9 -9 -9 -9 -9 -9 -9 -9 -9 -9 -9 -9 -9 -9 -9 -9 -9 -9 -9 -9 -9 -9 -9
0.325 0.518 0.403 0.63 0.93 0.957 0.935 0.837 0.873 0.868 0.749 0.579 0.32 0.245 0.261 0.101 0.082 0.287 0.418 0.603 0.57 0.764 0.768 0.59 0.531 0.599 0.572 0.4 0.587 -9 -9 -9 -9 -9 -9 -9 -9 -9 -9 -9 -9 -9 -9 -9 -9 -9 -9 -9 -9 -9 -9 -9 -9 -9 -9 -9 -9 -9 -9 -9 -9 -9 -9 -9 -9 -9 -9 -9 -9 -9 -9 -9 -9 -9 -9 -9 -9
0.421 0.613 0.616 0.7 0.984 0.994 0.943 0.833 0.96 0.936 0.771 0.477 0.317 0.448 0.463 0.453 0.44 0.254 0.396 0.725 0.856 0.942 0.976 0.957 0.855 0.708 0.757 0.668 0.775 -9 -9 -9 -9 -9 -9 -9 -9 -9 -9 -9 -9 -9 -9 -9 -9 -9 -9 -9 -9 -9 -9 -9 -9 -9 -9 -9 -9 -9 -9 -9 -9 -9 -9 -9 -9 -9 -9 -9 -9 -9 -9 -9 -9 -9 -9 -9 -9
0.621 0.72 0.664 0.741 1.013 1.045 0.976 0.919 1.015 0.923 0.659 0.401 0.476 0.67 0.807 0.814 0.652 0.417 0.653 0.938 1.063 1.055 1.023 1.015 0.997 0.931 0.863 0.844 0.87 -9 -9 -9 -9 -9 -9 -9 -9 -9 -9 -9 -9 -9 -9 -9 -9 -9 -9 -9 -9 -9 -9 -9 -9 -9 -9 -9 -9 -9 -9 -9 -9 -9 -9 -9 -9 -9 -9 -9 -9 -9 -9 -9 -9 -9 -9 -9 -9
0.776 0.768 0.649 0.833 1.046 1.074 0.979 0.997 1.062 0.883 0.497 0.32 0.553 0.743 0.952 0.989 0.88 0.9 1.038 1.096 1.032 0.926 0.78 0.742 0.81 0.914 0.943 0.947 -9 -9 -9 -9 -9 -9 -9 -9 -9 -9 -9 -9 -9 -9 -9 -9 -9 -9 -9 -9 -9 -9 -9 -9 -9 -9 -9 -9 -9 -9 -9 -9 -9 -9 -9 -9 -9 -9 -9 -9 -9 -9 -9 -9 -9 -9 -9 -9 -9
0.822 0.684 0.764 0.99 1.093 1.076 1.007 1.071 1.076 0.85 0.555 0.607 0.922 1.084 1.108 1.111 1.115 1.115 1.1 1.031 0.762 0.608 0.37 0.295 0.458 0.591 0.745 0.861 -9 -9 -9 -9 -9 -9 -9 -9 -9 -9 -9 -9 -9 -9 -9 -9 -9 -9 -9 -9 -9 -9 -9 -9 -9 -9 -9 -9 -9 -9 -9 -9 -9 -9 -9 -9 -9 -9 -9 -9 -9 -9 -9 -9 -9 -9 -9 -9 -9
