data/climatemaps/RS_maps/climate_winter_pr_2012.asc
NCOLS 369 
NROWS 228 
XLLCORNER 479000 
YLLCORNER 73000 
CELLSIZE 1000 
NODATA_value -9 
[rows 102 to 135 of 228, columns 231 to 307 of 369]
2.237 2.558 2.81 2.894 2.905 2.552 1.988 1.272 0.717 0.466 0.545 0.871 0.955 1.135 1.402 1.585 1.532 1.451 1.261 0.993 0.684 0.376 0.34 0.573 0.732 0.993 1.375 1.908 2.13 2.009 1.758 1.509 1.284 1.085 0.915 0.76 0.691 0.775 0.716 0.503 0.508 0.346 0.09 -0.09 0 0.29 0.283 0.122 -0.072 -0.305 -0.517 -0.591 -0.551 -0.342 -0.109 -0.012 0.166 0.493 0.636 0.55 0.336 0.221 0.161 -0.009 -0.142 -0.232 -0.281 -0.331 -0.364 -0.383 -0.348 -0.248 -0.081 0.189 0.403 0.608 0.651
2.136 2.29 2.471 2.641 2.463 2.064 1.586 0.936 0.474 0.459 0.557 0.83 1.09 1.233 1.426 1.634 1.589 1.338 1.093 0.816 0.537 0.352 0.354 0.515 0.787 1.051 1.461 1.942 2.062 1.92 1.744 1.606 1.473 1.276 1.146 0.969 0.797 0.615 0.472 0.272 0.116 -0.04 -0.183 -0.127 0.17 0.353 0.388 0.244 -0.005 -0.286 -0.541 -0.616 -0.548 -0.353 -0.106 0.1 0.197 0.476 0.695 0.629 0.457 0.304 0.333 0.231 0.079 -0.078 -0.127 -0.179 -0.268 -0.362 -0.425 -0.408 -0.306 -0.068 0.119 0.273 0.299
2.145 2.343 2.333 2.109 1.789 1.479 1.078 0.616 0.395 0.576 0.675 0.697 0.968 1.242 1.419 1.521 1.482 1.281 0.926 0.631 0.459 0.482 0.606 0.662 0.948 1.241 1.573 1.842 1.983 1.962 1.852 1.762 1.674 1.531 1.43 1.251 1.055 0.914 0.836 0.612 0.27 -0.132 -0.196 0.095 0.398 0.439 0.383 0.229 -0.043 -0.359 -0.585 -0.643 -0.567 -0.388 -0.119 0.165 0.245 0.459 0.717 0.711 0.58 0.399 0.488 0.47 0.326 0.122 0.117 0.1 -0.035 -0.181 -0.298 -0.38 -0.425 -0.33 -0.167 -0.082 -0.057
2.315 2.144 1.797 1.543 1.424 1.269 0.955 0.496 0.357 0.561 0.807 0.744 0.848 1.184 1.38 1.391 1.286 1.112 0.826 0.619 0.642 0.809 0.909 0.915 1.177 1.424 1.595 1.741 1.824 1.841 1.683 1.595 1.57 1.471 1.394 1.33 1.242 1.101 0.77 0.474 0.154 -0.192 -0.114 0.136 0.365 0.361 0.323 0.136 -0.187 -0.481 -0.627 -0.664 -0.588 -0.385 -0.152 0.153 0.281 0.505 0.746 0.762 0.607 0.517 0.569 0.656 0.524 0.354 0.362 0.341 0.227 0.079 -0.069 -0.204 -0.338 -0.391 -0.372 -0.358 -0.285
2.147 1.744 1.511 1.455 1.431 1.305 0.953 0.44 0.35 0.603 0.858 0.882 0.858 1.239 1.429 1.359 1.168 1.01 0.845 0.886 0.964 1.144 1.179 1.207 1.487 1.535 1.538 1.635 1.682 1.568 1.428 1.312 1.315 1.279 1.242 1.166 1.008 0.935 0.713 0.406 0.025 -0.181 -0.041 0.214 0.258 0.262 0.187 -0.017 -0.341 -0.581 -0.671 -0.678 -0.594 -0.371 -0.127 0.137 0.308 0.585 0.715 0.698 0.621 0.666 0.665 0.757 0.641 0.572 0.555 0.571 0.453 0.312 0.179 0.074 -0.05 -0.21 -0.344 -0.423 -0.422
1.925 1.696 1.592 1.497 1.326 1.143 0.804 0.389 0.434 0.684 0.98 1.015 1.011 1.439 1.555 1.472 1.36 1.238 1.031 1.212 1.405 1.442 1.458 1.536 1.676 1.63 1.502 1.547 1.585 1.533 1.416 1.153 1.041 1.078 1.093 1.042 0.924 0.75 0.521 0.227 -0.075 -0.104 0.013 0.167 0.14 0.081 -0.037 -0.264 -0.522 -0.676 -0.724 -0.692 -0.577 -0.333 -0.062 0.151 0.339 0.553 0.607 0.634 0.692 0.737 0.701 0.749 0.656 0.716 0.707 0.732 0.646 0.525 0.433 0.362 0.248 0.052 -0.163 -0.362 -0.484
2.003 1.868 1.727 1.486 1.26 1.04 0.718 0.401 0.572 0.822 1.084 1.142 1.306 1.654 1.8 1.787 1.733 1.509 1.275 1.503 1.639 1.622 1.602 1.62 1.624 1.63 1.516 1.344 1.259 1.273 1.197 1.084 0.799 0.797 0.843 0.819 0.774 0.599 0.398 0.087 -0.117 -0.049 0.021 0.012 -0.045 -0.181 -0.339 -0.531 -0.68 -0.76 -0.776 -0.698 -0.526 -0.3 -0.101 0.027 0.229 0.386 0.491 0.555 0.612 0.623 0.644 0.642 0.643 0.722 0.767 0.767 0.733 0.692 0.64 0.611 0.478 0.282 0.008 -0.282 -0.467
2.193 2.006 1.905 1.594 1.325 1.079 0.696 0.466 0.648 0.904 1.073 1.222 1.563 1.707 1.91 1.895 1.848 1.685 1.565 1.709 1.656 1.66 1.63 1.585 1.528 1.46 1.361 1.142 0.941 0.87 0.867 0.814 0.598 0.468 0.503 0.547 0.513 0.385 0.236 -0.055 -0.205 -0.146 -0.168 -0.259 -0.345 -0.481 -0.622 -0.715 -0.78 -0.822 -0.791 -0.658 -0.486 -0.378 -0.283 -0.179 -0.011 0.081 0.205 0.262 0.334 0.361 0.407 0.512 0.585 0.608 0.628 0.637 0.69 0.744 0.76 0.714 0.54 0.331 0.047 -0.253 -0.387
2.347 2.232 2.019 1.706 1.371 1.005 0.666 0.755 0.699 0.869 1.039 1.22 1.6 1.693 1.871 1.945 1.811 1.766 1.7 1.669 1.584 1.595 1.579 1.458 1.367 1.242 1.108 0.925 0.633 0.497 0.435 0.451 0.343 0.145 0.124 0.22 0.221 0.138 -0.042 -0.31 -0.435 -0.429 -0.507 -0.608 -0.677 -0.737 -0.785 -0.808 -0.826 -0.845 -0.796 -0.645 -0.571 -0.537 -0.467 -0.37 -0.253 -0.178 -0.082 -0.046 0.026 0.072 0.149 0.275 0.37 0.355 0.423 0.566 0.694 0.779 0.8 0.719 0.523 0.229 -0.045 -0.253 -0.291
2.548 2.374 2.006 1.707 1.316 0.81 0.771 1.022 0.879 0.826 0.972 1.306 1.6 1.717 1.795 1.868 1.717 1.703 1.548 1.535 1.432 1.452 1.523 1.39 1.232 1.059 0.85 0.663 0.395 0.182 0.029 -0.009 -0.079 -0.201 -0.245 -0.161 -0.142 -0.184 -0.335 -0.559 -0.694 -0.744 -0.814 -0.855 -0.867 -0.863 -0.831 -0.792 -0.727 -0.763 -0.822 -0.744 -0.717 -0.683 -0.619 -0.55 -0.476 -0.416 -0.354 -0.308 -0.272 -0.222 -0.105 0.005 0.122 0.132 0.317 0.503 0.607 0.742 0.764 0.686 0.489 0.147 -0.112 -0.21 -0.186
2.622 2.327 1.914 1.628 1.222 0.784 0.923 1.147 1.101 0.982 1.031 1.397 1.502 1.716 1.763 1.64 1.379 1.415 1.294 1.36 1.257 1.245 1.311 1.241 1.086 0.934 0.686 0.415 0.141 -0.062 -0.229 -0.322 -0.395 -0.484 -0.543 -0.532 -0.519 -0.556 -0.641 -0.767 -0.871 -0.927 -0.96 -0.956 -0.925 -0.866 -0.763 -0.638 -0.56 -0.664 -0.771 -0.765 -0.715 -0.666 -0.631 -0.611 -0.571 -0.522 -0.485 -0.45 -0.42 -0.394 -0.341 -0.264 -0.153 -0.073 0.151 0.303 0.407 0.553 0.654 0.565 0.367 0.036 -0.169 -0.16 -0.105
2.572 2.205 1.918 1.775 1.464 1.019 1.016 1.251 1.22 1.095 1.204 1.432 1.462 1.541 1.644 1.62 1.278 1.012 1.037 1.169 1.13 1.001 1.046 0.991 0.777 0.636 0.424 0.148 -0.1 -0.27 -0.398 -0.499 -0.578 -0.665 -0.737 -0.767 -0.797 -0.834 -0.881 -0.942 -0.988 -1.009 -1.015 -0.943 -0.85 -0.745 -0.592 -0.43 -0.436 -0.571 -0.675 -0.597 -0.55 -0.506 -0.461 -0.481 -0.47 -0.447 -0.393 -0.359 -0.337 -0.347 -0.431 -0.42 -0.32 -0.195 -0.043 0.11 0.286 0.421 0.494 0.378 0.151 -0.113 -0.214 -0.168 -0.154
2.462 2.183 2.107 2.026 1.613 1.245 1.228 1.333 1.261 1.213 1.385 1.4 1.437 1.396 1.353 1.303 1.079 0.681 0.745 0.92 0.893 0.763 0.738 0.672 0.443 0.284 0.147 -0.068 -0.313 -0.447 -0.529 -0.637 -0.727 -0.803 -0.869 -0.919 -0.942 -0.976 -1.011 -1.044 -1.069 -1.051 -0.984 -0.849 -0.718 -0.596 -0.431 -0.275 -0.354 -0.522 -0.572 -0.469 -0.38 -0.355 -0.302 -0.321 -0.296 -0.227 -0.176 -0.148 -0.151 -0.203 -0.384 -0.427 -0.314 -0.206 -0.059 0.066 0.284 0.335 0.293 0.141 -0.08 -0.225 -0.237 -0.226 -0.203
2.29 2.268 2.359 2.184 1.67 1.47 1.583 1.483 1.391 1.365 1.368 1.236 1.205 1.265 1.161 0.952 0.743 0.41 0.406 0.546 0.528 0.462 0.401 0.373 0.134 -0.063 -0.162 -0.313 -0.513 -0.613 -0.676 -0.78 -0.859 -0.913 -0.974 -0.984 -0.995 -1.035 -1.06 -1.1 -1.105 -1.019 -0.898 -0.758 -0.614 -0.477 -0.284 -0.19 -0.289 -0.461 -0.483 -0.384 -0.291 -0.231 -0.18 -0.148 -0.125 0.013 0.042 0.03 -0.029 -0.139 -0.341 -0.369 -0.284 -0.162 0.017 0.141 0.266 0.218 0.086 -0.111 -0.232 -0.272 -0.309 -0.208 -0.101
1.996 1.996 2.159 2.007 1.784 1.762 1.695 1.49 1.335 1.215 1.151 1.043 0.918 1.033 0.961 0.711 0.467 0.193 0.058 0.146 0.111 0.11 0.061 0.066 -0.127 -0.353 -0.459 -0.555 -0.683 -0.765 -0.821 -0.876 -0.902 -0.919 -0.982 -1.025 -0.992 -0.989 -1.049 -1.126 -1.112 -0.978 -0.886 -0.754 -0.609 -0.457 -0.277 -0.151 -0.204 -0.378 -0.44 -0.36 -0.29 -0.163 -0.097 0 0.002 0.184 0.205 0.145 0.032 -0.113 -0.287 -0.27 -0.217 -0.11 0.071 0.185 0.234 0.154 -0.08 -0.276 -0.249 -0.182 -0.257 -0.316 -0.152
1.777 1.792 1.855 1.854 1.718 1.59 1.555 1.367 1.227 1.164 1.134 0.968 0.721 0.668 0.622 0.416 0.176 -0.032 -0.226 -0.233 -0.27 -0.259 -0.289 -0.288 -0.41 -0.58 -0.703 -0.761 -0.81 -0.841 -0.852 -0.868 -0.848 -0.828 -0.917 -1.032 -0.98 -0.904 -0.994 -1.111 -1.147 -1.05 -0.923 -0.843 -0.715 -0.531 -0.303 -0.157 -0.171 -0.323 -0.425 -0.385 -0.331 -0.202 -0.05 0.042 0.119 0.263 0.244 0.174 0.053 -0.112 -0.202 -0.16 -0.084 0.024 0.104 0.141 0.137 0.004 -0.255 -0.364 -0.269 -0.2 -0.174 -0.29 -0.252
1.496 1.532 1.506 1.521 1.507 1.35 1.395 1.353 1.196 1.027 0.914 0.736 0.503 0.28 0.213 0.072 -0.145 -0.312 -0.459 -0.52 -0.555 -0.555 -0.585 -0.597 -0.672 -0.767 -0.84 -0.858 -0.838 -0.79 -0.742 -0.755 -0.725 -0.701 -0.846 -0.973 -0.994 -0.865 -0.926 -1.055 -1.142 -1.112 -0.983 -0.963 -0.836 -0.614 -0.353 -0.216 -0.218 -0.27 -0.385 -0.442 -0.388 -0.26 -0.049 0.048 0.19 0.253 0.225 0.162 0.066 -0.094 -0.085 -0.069 -0.011 0.049 0.121 0.111 -0.001 -0.213 -0.405 -0.422 -0.342 -0.244 -0.17 -0.193 -0.291
1.234 1.269 1.207 1.285 1.338 1.193 1.034 1.025 0.837 0.654 0.497 0.301 0.095 -0.077 -0.176 -0.271 -0.414 -0.556 -0.645 -0.669 -0.673 -0.688 -0.731 -0.772 -0.826 -0.872 -0.887 -0.838 -0.712 -0.606 -0.561 -0.588 -0.616 -0.599 -0.73 -0.857 -0.988 -0.88 -0.87 -0.957 -1.077 -1.171 -1.116 -1.063 -0.913 -0.734 -0.488 -0.289 -0.214 -0.204 -0.308 -0.452 -0.444 -0.321 -0.108 0.054 0.204 0.234 0.203 0.232 0.159 -0.037 0.014 0.021 0.068 0.099 0.052 0.022 -0.151 -0.37 -0.443 -0.473 -0.473 -0.334 -0.207 -0.166 -0.246
0.993 1.039 1.004 0.99 0.99 0.959 0.714 0.553 0.407 0.247 0.078 -0.086 -0.271 -0.397 -0.489 -0.56 -0.655 -0.717 -0.703 -0.684 -0.67 -0.671 -0.702 -0.766 -0.861 -0.909 -0.859 -0.734 -0.591 -0.466 -0.419 -0.428 -0.488 -0.427 -0.554 -0.774 -0.952 -0.879 -0.811 -0.92 -1.079 -1.184 -1.185 -1.131 -0.999 -0.842 -0.66 -0.418 -0.227 -0.224 -0.305 -0.455 -0.474 -0.368 -0.179 0.006 0.12 0.195 0.217 0.263 0.114 0.085 0.034 0.046 0.055 0.039 0.023 -0.09 -0.323 -0.447 -0.42 -0.41 -0.51 -0.414 -0.269 -0.197 -0.224
0.724 0.734 0.739 0.653 0.624 0.557 0.396 0.105 -0.041 -0.175 -0.298 -0.419 -0.549 -0.641 -0.699 -0.73 -0.752 -0.722 -0.691 -0.658 -0.625 -0.614 -0.656 -0.745 -0.847 -0.937 -0.857 -0.693 -0.552 -0.396 -0.257 -0.236 -0.306 -0.322 -0.49 -0.7 -0.897 -0.837 -0.785 -0.907 -1.053 -1.17 -1.2 -1.18 -1.091 -0.935 -0.763 -0.533 -0.33 -0.308 -0.387 -0.504 -0.491 -0.396 -0.217 -0.021 0.071 0.204 0.279 0.185 0.127 0.14 0.05 0.038 0.001 -0.06 -0.132 -0.261 -0.449 -0.488 -0.428 -0.387 -0.444 -0.45 -0.309 -0.232 -0.24
0.574 0.418 0.465 0.336 0.262 0.097 -0.048 -0.266 -0.413 -0.509 -0.584 -0.645 -0.669 -0.688 -0.706 -0.717 -0.726 -0.688 -0.655 -0.629 -0.596 -0.571 -0.628 -0.711 -0.822 -0.942 -0.891 -0.78 -0.659 -0.472 -0.239 -0.074 -0.14 -0.277 -0.526 -0.734 -0.847 -0.764 -0.765 -0.885 -1.03 -1.153 -1.211 -1.211 -1.16 -0.99 -0.787 -0.581 -0.445 -0.432 -0.503 -0.578 -0.534 -0.433 -0.261 -0.11 0.06 0.155 0.171 0.092 0.126 0.118 0.012 -0.073 -0.106 -0.154 -0.18 -0.343 -0.541 -0.521 -0.456 -0.37 -0.363 -0.434 -0.367 -0.277 -0.271
0.445 0.147 0.166 0.029 -0.105 -0.274 -0.41 -0.528 -0.599 -0.654 -0.672 -0.655 -0.608 -0.6 -0.639 -0.64 -0.655 -0.636 -0.602 -0.583 -0.55 -0.597 -0.666 -0.755 -0.861 -0.961 -0.913 -0.815 -0.688 -0.49 -0.245 -0.034 -0.078 -0.267 -0.578 -0.759 -0.746 -0.693 -0.756 -0.867 -1.012 -1.141 -1.213 -1.232 -1.203 -1.04 -0.858 -0.71 -0.556 -0.553 -0.61 -0.664 -0.631 -0.508 -0.379 -0.217 -0.055 0.014 0.043 0.091 0.087 -0.027 -0.153 -0.304 -0.311 -0.343 -0.381 -0.536 -0.621 -0.523 -0.475 -0.371 -0.31 -0.387 -0.421 -0.305 -0.304
0.175 -0.118 -0.183 -0.296 -0.402 -0.52 -0.592 -0.582 -0.57 -0.631 -0.574 -0.531 -0.481 -0.472 -0.546 -0.543 -0.581 -0.606 -0.548 -0.567 -0.62 -0.684 -0.761 -0.849 -0.939 -0.964 -0.866 -0.722 -0.596 -0.404 -0.165 -0.033 -0.145 -0.317 -0.616 -0.716 -0.652 -0.688 -0.763 -0.858 -0.992 -1.123 -1.212 -1.246 -1.232 -1.116 -0.986 -0.818 -0.645 -0.656 -0.695 -0.755 -0.731 -0.582 -0.475 -0.291 -0.183 -0.081 -0.016 -0.037 -0.132 -0.237 -0.355 -0.525 -0.576 -0.583 -0.608 -0.717 -0.679 -0.568 -0.48 -0.378 -0.286 -0.347 -0.439 -0.372 -0.352
-0.164 -0.369 -0.449 -0.509 -0.565 -0.617 -0.589 -0.485 -0.456 -0.522 -0.463 -0.371 -0.337 -0.352 -0.439 -0.436 -0.488 -0.545 -0.547 -0.613 -0.691 -0.773 -0.859 -0.934 -0.98 -0.939 -0.845 -0.679 -0.519 -0.358 -0.152 -0.094 -0.234 -0.426 -0.66 -0.684 -0.639 -0.697 -0.771 -0.866 -0.994 -1.116 -1.209 -1.255 -1.254 -1.178 -1.044 -0.925 -0.763 -0.745 -0.787 -0.852 -0.82 -0.655 -0.48 -0.382 -0.306 -0.291 -0.242 -0.311 -0.399 -0.479 -0.593 -0.727 -0.819 -0.805 -0.795 -0.768 -0.718 -0.618 -0.517 -0.413 -0.301 -0.326 -0.396 -0.365 -0.42
-0.435 -0.48 -0.484 -0.492 -0.498 -0.573 -0.523 -0.423 -0.392 -0.376 -0.367 -0.209 -0.179 -0.224 -0.312 -0.344 -0.393 -0.461 -0.543 -0.655 -0.753 -0.851 -0.926 -0.984 -0.971 -0.9 -0.823 -0.688 -0.523 -0.366 -0.212 -0.155 -0.288 -0.494 -0.683 -0.628 -0.643 -0.7 -0.772 -0.869 -0.988 -1.105 -1.198 -1.259 -1.272 -1.241 -1.148 -1.015 -0.884 -0.866 -0.906 -0.944 -0.901 -0.765 -0.582 -0.517 -0.463 -0.491 -0.49 -0.545 -0.658 -0.708 -0.815 -0.919 -0.97 -0.931 -0.876 -0.735 -0.708 -0.654 -0.551 -0.46 -0.367 -0.378 -0.341 -0.312 -0.408
-0.454 -0.405 -0.371 -0.35 -0.304 -0.492 -0.498 -0.414 -0.323 -0.268 -0.247 -0.064 -0.049 -0.095 -0.166 -0.222 -0.348 -0.44 -0.567 -0.683 -0.811 -0.904 -0.97 -0.991 -0.913 -0.796 -0.774 -0.675 -0.504 -0.35 -0.212 -0.21 -0.337 -0.545 -0.673 -0.595 -0.646 -0.713 -0.786 -0.881 -0.985 -1.097 -1.192 -1.244 -1.225 -1.233 -1.215 -1.137 -1.028 -1.019 -1.033 -0.995 -0.972 -0.874 -0.72 -0.655 -0.667 -0.696 -0.729 -0.747 -0.859 -0.914 -1.009 -1.059 -1.023 -0.945 -0.852 -0.735 -0.68 -0.684 -0.58 -0.468 -0.437 -0.402 -0.327 -0.335 -0.359
-0.358 -0.279 -0.22 -0.159 -0.184 -0.387 -0.49 -0.421 -0.311 -0.181 -0.133 0.033 0.083 0.045 -0.045 -0.119 -0.293 -0.447 -0.598 -0.728 -0.858 -0.936 -0.972 -0.966 -0.847 -0.721 -0.663 -0.666 -0.51 -0.336 -0.208 -0.284 -0.43 -0.612 -0.627 -0.59 -0.662 -0.744 -0.818 -0.895 -0.991 -1.071 -1.152 -1.208 -1.161 -1.123 -1.108 -1.113 -1.104 -1.084 -1.078 -1.042 -1.043 -0.989 -0.884 -0.843 -0.873 -0.91 -0.925 -0.942 -1.024 -1.076 -1.112 -1.082 -0.993 -0.917 -0.837 -0.754 -0.694 -0.673 -0.59 -0.543 -0.472 -0.411 -0.452 -0.433 -0.413
-0.32 -0.206 -0.105 -0.094 -0.128 -0.277 -0.446 -0.386 -0.274 -0.169 -0.065 0.056 0.132 0.11 0.038 -0.089 -0.279 -0.468 -0.656 -0.791 -0.88 -0.898 -0.93 -0.937 -0.791 -0.657 -0.565 -0.564 -0.493 -0.324 -0.239 -0.354 -0.534 -0.662 -0.62 -0.602 -0.66 -0.76 -0.835 -0.888 -0.916 -0.926 -1.054 -1.164 -1.131 -1.016 -0.972 -0.997 -1.002 -1.028 -1.062 -1.088 -1.102 -1.087 -1.036 -1.029 -1.054 -1.076 -1.076 -1.091 -1.116 -1.14 -1.15 -1.066 -0.984 -0.936 -0.885 -0.789 -0.73 -0.692 -0.672 -0.621 -0.548 -0.543 -0.577 -0.478 -0.478
-0.38 -0.182 -0.025 0.011 -0.003 -0.079 -0.281 -0.41 -0.347 -0.233 -0.069 0.055 0.138 0.13 0.018 -0.161 -0.371 -0.565 -0.741 -0.817 -0.826 -0.785 -0.868 -0.91 -0.777 -0.648 -0.536 -0.474 -0.417 -0.26 -0.286 -0.419 -0.602 -0.591 -0.611 -0.612 -0.586 -0.684 -0.736 -0.74 -0.734 -0.762 -0.927 -1.122 -1.108 -1.02 -0.924 -0.904 -0.85 -0.866 -0.945 -1.053 -1.128 -1.154 -1.16 -1.167 -1.165 -1.156 -1.132 -1.112 -1.077 -1.088 -1.148 -1.106 -1.048 -1.028 -0.979 -0.89 -0.853 -0.809 -0.728 -0.654 -0.677 -0.721 -0.669 -0.569 -0.56
-0.368 -0.148 0.054 0.105 0.109 0.076 -0.073 -0.348 -0.421 -0.27 -0.101 0.024 0.102 0.099 0 -0.213 -0.464 -0.662 -0.75 -0.74 -0.709 -0.668 -0.794 -0.903 -0.823 -0.692 -0.544 -0.414 -0.31 -0.255 -0.343 -0.507 -0.572 -0.52 -0.524 -0.582 -0.484 -0.533 -0.553 -0.565 -0.588 -0.7 -0.873 -1.095 -1.08 -0.966 -0.841 -0.791 -0.703 -0.713 -0.813 -0.946 -1.08 -1.161 -1.179 -1.168 -1.156 -1.123 -1.055 -1.017 -0.922 -0.942 -1.015 -1.106 -1.128 -1.077 -0.999 -0.963 -0.933 -0.839 -0.811 -0.816 -0.828 -0.842 -0.73 -0.644 -0.643
-0.338 -0.138 0.087 0.181 0.226 0.166 0.002 -0.252 -0.408 -0.249 -0.072 0.036 0.079 0.082 0.009 -0.231 -0.508 -0.663 -0.681 -0.61 -0.6 -0.585 -0.715 -0.868 -0.813 -0.648 -0.489 -0.339 -0.283 -0.294 -0.41 -0.549 -0.543 -0.487 -0.467 -0.498 -0.357 -0.373 -0.419 -0.485 -0.577 -0.722 -0.896 -1.088 -1.1 -0.973 -0.807 -0.699 -0.609 -0.617 -0.69 -0.83 -0.996 -1.12 -1.134 -1.073 -1.066 -1.002 -0.928 -0.891 -0.768 -0.794 -0.802 -0.927 -1.077 -1.103 -1.036 -0.993 -1.012 -0.989 -0.997 -0.982 -0.962 -0.913 -0.824 -0.75 -0.702
-0.285 -0.119 0.111 0.211 0.22 0.15 0.015 -0.148 -0.262 -0.216 -0.034 0.059 0.042 0.002 -0.083 -0.312 -0.536 -0.564 -0.581 -0.543 -0.47 -0.496 -0.613 -0.813 -0.756 -0.65 -0.539 -0.35 -0.281 -0.297 -0.441 -0.513 -0.491 -0.443 -0.428 -0.407 -0.321 -0.358 -0.421 -0.492 -0.597 -0.766 -0.969 -1.116 -1.104 -0.993 -0.832 -0.658 -0.557 -0.542 -0.588 -0.73 -0.906 -1.056 -1.098 -1.009 -0.984 -0.926 -0.831 -0.774 -0.654 -0.663 -0.668 -0.713 -0.913 -1.047 -1.081 -1.089 -1.114 -1.083 -1.027 -0.97 -0.947 -0.95 -0.864 -0.784 -0.729
-0.217 -0.104 0.112 0.207 0.201 0.186 0.115 0.034 -0.022 -0.123 -0.019 0.055 0.038 -0.033 -0.196 -0.365 -0.51 -0.484 -0.457 -0.471 -0.39 -0.434 -0.589 -0.806 -0.752 -0.65 -0.591 -0.416 -0.319 -0.336 -0.465 -0.491 -0.429 -0.407 -0.403 -0.353 -0.331 -0.372 -0.419 -0.519 -0.653 -0.834 -1.023 -1.129 -1.072 -0.966 -0.819 -0.632 -0.511 -0.484 -0.511 -0.646 -0.828 -1.014 -1.101 -1.039 -0.963 -0.884 -0.786 -0.707 -0.579 -0.561 -0.596 -0.605 -0.757 -0.926 -1.047 -1.1 -1.088 -1.033 -0.992 -0.956 -0.929 -0.97 -0.896 -0.804 -0.725
-0.151 -0.032 0.172 0.29 0.239 0.262 0.213 0.175 0.103 -0.019 -0.019 0.055 -0.001 -0.074 -0.124 -0.304 -0.455 -0.432 -0.391 -0.343 -0.351 -0.456 -0.628 -0.829 -0.801 -0.642 -0.545 -0.42 -0.36 -0.373 -0.498 -0.499 -0.422 -0.43 -0.426 -0.376 -0.366 -0.38 -0.426 -0.539 -0.705 -0.884 -1.055 -1.125 -1.03 -0.907 -0.79 -0.608 -0.483 -0.423 -0.423 -0.578 -0.794 -0.99 -1.114 -1.073 -1.005 -0.908 -0.774 -0.673 -0.576 -0.512 -0.541 -0.516 -0.614 -0.743 -0.928 -1.053 -1.056 -1.037 -1.023 -0.989 -0.956 -0.979 -0.932 -0.838 -0.758
