data/climatemaps/RS_maps/climate_breeding_tmp_2007.asc
NCOLS 369 
NROWS 228 
XLLCORNER 479000 
YLLCORNER 73000 
CELLSIZE 1000 
NODATA_value -9 
[rows 170 to 203 of 228, columns 154 to 230 of 369]
0.05 -0.091 -0.572 -0.59 -0.641 -0.202 -0.123 0.117 0.643 0.901 0.881 0.734 0.447 -0.171 -0.787 -1.242 -1.535 -1.606 -1.379 -1.095 -1.196 -1.191 -0.983 -1.053 -1.043 -1.23 -1.758 -1.818 -1.321 -0.723 -0.528 -0.582 -0.809 -1.144 -1.203 -1.208 -1.337 -0.928 -0.386 0.285 0.351 -0.183 -0.356 -0.775 -1.197 -1.11 -0.777 -0.467 -0.387 -0.245 -0.325 -0.233 -0.287 -0.476 -0.282 0.424 1.2 0.522 -0.145 -0.446 -0.657 -0.819 -0.837 -0.689 -0.122 -0.086 -0.158 -0.272 -0.607 -0.851 -0.12 0.635 0.482 -0.19 -0.798 -1.016 -0.754
0.457 0.191 -0.066 -0.156 -0.116 0.189 0.43 0.652 0.903 0.954 0.815 0.649 0.385 -0.197 -0.89 -1.201 -1.208 -1.431 -1.441 -1.345 -1.468 -1.37 -1.121 -1.366 -1.574 -1.374 -1.739 -1.379 -0.918 -0.543 -0.37 -0.61 -0.91 -0.944 -0.866 -1.147 -1.136 -0.629 0.007 0.542 -0.077 -0.74 -1.026 -0.959 -1.249 -0.876 -0.476 -0.262 -0.262 -0.241 -0.069 0.159 0.319 0.239 0.422 0.872 1.274 0.838 0.081 -0.053 -0.118 -0.549 -0.324 -0.658 -0.652 -0.315 0.073 0.312 0.084 -0.187 -0.009 0.759 0.401 -0.22 -0.797 -0.701 -0.347
0.829 0.601 0.481 0.357 0.475 0.684 0.864 0.912 0.854 0.834 0.771 0.496 0.085 -0.352 -0.64 -0.775 -1.026 -1.148 -1.256 -1.396 -1.695 -1.709 -1.218 -1.611 -1.984 -1.739 -1.534 -1.022 -0.866 -0.682 -0.228 -0.626 -0.874 -0.475 -0.709 -1.078 -0.742 -0.14 0.519 0.346 -0.331 -1.047 -1.381 -1.278 -1.341 -0.889 -0.706 -0.659 -0.832 -0.669 -0.258 0.261 0.666 0.571 0.79 0.73 0.903 1.212 0.806 0.573 0.265 -0.156 0.018 -0.294 -0.394 -0.41 -0.635 -0.11 0.328 0.447 0.385 0.87 0.157 -0.606 -0.663 -0.319 -0.225
0.99 0.966 0.924 0.852 0.843 0.772 0.76 0.48 0.336 0.355 0.375 0.328 0.072 -0.091 -0.211 -0.359 -0.707 -0.995 -1.339 -1.685 -1.744 -1.578 -1.555 -1.633 -1.757 -1.736 -1.412 -1.083 -1.06 -0.52 0.162 -0.187 -0.558 -0.355 -0.935 -0.985 -0.303 0.428 0.527 -0.149 -0.634 -1.246 -1.499 -1.354 -1.076 -0.979 -0.599 -0.294 -0.222 -0.156 0.2 0.615 0.367 -0.292 -0.131 0.077 0.174 0.681 1.211 1.193 0.947 0.693 0.262 0.356 0.099 -0.267 -0.569 -0.535 -0.339 0.175 0.537 0.91 0.211 -0.485 -0.481 0.06 -0.314
0.819 0.965 0.664 0.709 0.43 0.186 0.426 -0.043 -0.46 -0.558 -0.188 0.235 0.171 -0.148 -0.378 -0.526 -0.618 -0.984 -1.436 -1.675 -1.361 -1.1 -1.224 -1.146 -1.388 -1.582 -1.329 -1.084 -0.758 -0.33 0.054 0.276 0.159 -0.217 -0.888 -0.819 -0.162 0.715 0.389 -0.46 -1.187 -1.413 -1.106 -0.929 -0.657 -0.578 -0.383 -0.075 0.159 0.263 0.438 0.415 -0.188 -0.6 -0.413 -0.124 -0.291 0.193 0.658 0.964 1.314 1.305 0.831 0.671 0.077 -0.406 -0.053 -0.423 -0.709 -0.382 0.107 0.79 0.677 0.014 -0.37 0.265 0.096
0.575 0.88 0.412 0.102 -0.292 -0.384 0.162 -0.434 -0.982 -1.102 -0.444 -0.061 0.015 -0.496 -0.741 -0.951 -1.046 -1.188 -1.581 -1.183 -0.814 -0.64 -0.752 -0.921 -1.269 -1.364 -1.017 -0.837 -0.52 -0.488 -0.461 0.035 0.395 0.261 -0.204 -0.321 0.298 0.8 0.306 -0.414 -1.154 -1.293 -0.982 -0.559 -0.393 -0.173 -0.132 -0.014 -0.21 -0.313 0.011 -0.026 -0.328 -0.797 -0.738 -0.557 -0.295 0.239 0.195 0.433 0.785 1.19 1.29 0.87 0.174 -0.03 0.361 -0.003 -0.437 -0.634 -0.329 0.211 0.852 0.58 0.14 0.427 0.436
0.583 0.773 0.307 -0.142 -0.67 -0.787 -0.145 -0.568 -1.225 -1.063 -0.483 -0.576 -0.319 -0.649 -1.001 -1.235 -1.691 -1.627 -1.204 -0.829 -0.553 -0.43 -0.652 -1.07 -1.377 -1.168 -1.166 -1.157 -1.252 -1.174 -0.745 -0.408 0.267 0.701 0.607 0.333 0.766 0.63 -0.02 -0.699 -1.289 -1.033 -0.761 -0.434 -0.285 -0.539 -0.532 -0.297 -0.715 -0.669 -0.603 -0.63 -0.74 -0.833 -0.723 -0.565 -0.347 -0.089 -0.341 0.002 0.21 0.838 1.362 1.127 0.503 0.546 0.646 0.295 -0.064 -0.617 -0.544 -0.025 0.555 0.897 0.877 0.836 0.625
0.718 0.733 0.276 -0.177 -0.58 -0.923 -0.441 -0.792 -1.417 -1.304 -1.108 -1.078 -0.679 -0.635 -1.232 -1.636 -1.862 -1.434 -1.27 -1.227 -0.747 -0.595 -0.58 -0.718 -0.671 -0.759 -1.094 -1.256 -1.587 -1.565 -1.1 -0.687 0.066 0.552 0.908 0.85 0.803 0.365 -0.261 -0.84 -1.26 -0.988 -0.699 -0.596 -0.937 -0.964 -0.707 -0.517 -0.862 -0.929 -1.001 -0.998 -1.018 -0.846 -0.553 -0.387 -0.626 -0.603 -0.713 -0.367 0.229 0.714 1.145 1.395 1.041 0.904 0.534 -0.02 -0.256 -0.569 -0.463 -0.351 -0.046 0.285 0.806 0.994 0.404
0.747 0.601 0.105 -0.262 -0.665 -0.933 -0.503 -0.776 -1.313 -1.328 -1.22 -0.901 -0.69 -0.598 -1.006 -1.535 -1.831 -1.985 -1.988 -1.491 -0.948 -0.955 -0.414 -0.037 -0.108 -0.342 -0.495 -0.714 -0.962 -1.391 -1.353 -0.695 -0.124 0.323 0.859 1.062 0.637 0.033 -0.431 -0.936 -1.182 -0.985 -0.888 -1.039 -1.226 -1.02 -0.833 -0.686 -0.788 -0.701 -0.659 -0.58 -0.613 -0.631 -0.382 -0.007 -0.57 -0.468 -0.663 -0.305 0.241 0.36 0.778 1.349 1.426 1.11 0.553 0.175 0.04 -0.281 -0.621 -0.621 -0.392 -0.252 0.52 1.147 0.154
0.759 0.462 0.147 -0.118 -0.681 -1.079 -0.599 -0.715 -1.202 -1.245 -0.875 -0.667 -0.775 -1.045 -1.344 -1.629 -2.08 -2.316 -2.242 -1.476 -1.122 -1.193 -0.502 -0.223 -0.178 0.081 0.016 -0.292 -0.577 -0.848 -0.921 -0.462 -0.022 0.33 0.795 1.111 0.591 0.175 -0.331 -0.874 -0.971 -0.634 -0.736 -1.118 -1.146 -1.081 -1.039 -0.645 -0.364 -0.226 -0.078 0.034 0.051 0.006 -0.03 0.197 -0.262 -0.079 -0.382 -0.317 -0.2 -0.187 0.234 0.832 1.34 1.443 1.216 0.839 0.518 0.01 -0.324 -0.539 -0.126 0.352 0.806 1.184 0.469
0.791 0.337 -0.237 -0.327 -0.757 -1.224 -0.832 -0.781 -1.249 -1.093 -0.725 -0.609 -0.935 -1.413 -1.776 -1.688 -2.142 -2.016 -1.925 -1.606 -1.313 -1.271 -0.675 -0.763 -0.778 -0.108 0.277 0.122 -0.225 -0.397 -0.439 -0.301 0.169 0.513 0.853 1.123 0.687 0.242 -0.382 -0.603 -0.619 -0.408 -0.762 -0.956 -0.829 -0.879 -1.132 -0.845 -0.599 -0.387 -0.199 -0.063 -0.083 0.138 0.265 0.409 0.37 0.321 0.097 -0.192 -0.451 -0.234 0.273 0.618 1.022 1.453 1.55 1.42 0.945 0.539 0.089 -0.455 -0.047 0.281 0.72 1.186 0.916
0.719 0.346 -0.337 -0.746 -1.079 -1.422 -1.144 -0.785 -1.338 -1.182 -0.708 -0.606 -0.713 -0.99 -1.261 -1.346 -1.851 -1.484 -1.396 -1.374 -1.441 -1.319 -0.862 -0.854 -0.641 -0.333 0.15 0.403 0.28 0.131 0.131 -0.077 0.084 0.564 0.921 1.115 0.515 -0.18 -0.539 -0.107 -0.098 -0.209 -0.437 -0.488 -0.627 -0.941 -0.85 -0.815 -0.664 -0.673 -0.662 -0.596 -0.586 -0.311 -0.177 -0.044 0.282 0.662 0.415 -0.101 -0.137 0.119 0.361 0.389 0.555 0.985 1.264 1.508 1.21 0.88 0.41 -0.283 -0.298 -0.054 0.31 0.869 1.245
0.291 0.416 -0.236 -0.897 -1.301 -1.634 -1.36 -0.927 -1.415 -1.35 -0.932 -0.826 -0.489 -0.455 -0.815 -1.218 -1.608 -1.087 -0.77 -0.859 -1.023 -1.071 -0.752 -0.442 -0.06 0.156 0.238 0.472 0.721 0.688 0.634 0.188 -0.159 0.418 0.993 1.062 0.256 -0.446 -0.56 0.078 -0.065 -0.543 -0.577 -0.446 -0.751 -0.83 -0.53 -0.292 -0.24 -0.226 -0.435 -0.531 -0.456 -0.324 -0.041 0.033 0.046 0.742 0.347 0.035 0.11 0.579 0.785 0.501 0.125 0.435 0.809 1.434 0.912 0.405 -0.008 -0.188 0.164 0.438 0.689 0.982 1.219
-0.432 0.391 -0.052 -0.696 -1.237 -1.702 -1.594 -1.267 -1.407 -1.545 -1.427 -1.203 -0.76 -0.278 -0.547 -0.934 -1.322 -1.057 -0.38 -0.396 -0.399 -0.492 -0.131 0.208 0.476 0.657 0.666 0.695 0.942 1.016 0.993 0.516 -0.195 0.214 1.023 1.009 0.149 -0.448 -0.13 0.338 -0.176 -0.778 -0.846 -0.593 -0.803 -0.814 -0.555 -0.222 -0.004 0.213 0.115 0.061 -0.007 0.022 0.415 0.593 0.627 0.87 0.778 0.639 0.645 0.966 1.087 0.826 0.369 0.562 1.099 1.474 1.285 0.576 0.11 -0.04 0.326 0.43 0.738 1.286 1.137
-0.956 -0.059 0.192 -0.453 -1.111 -1.741 -1.89 -1.702 -1.587 -1.858 -1.609 -1.109 -0.713 -0.329 -0.193 -0.393 -0.803 -0.785 -0.081 -0.046 0.048 0.156 0.335 0.381 0.381 0.313 0.317 0.274 0.392 0.62 0.963 0.861 0.014 0.148 1.036 0.912 0.162 -0.052 0.373 0.15 -0.189 -0.483 -0.88 -0.92 -0.975 -0.799 -0.657 -0.668 -0.336 0.125 0.242 0.342 0.478 0.535 0.496 0.302 0.428 0.719 0.81 1.036 1.043 1.041 1.117 1.254 0.928 0.78 1.207 1.382 1.54 0.848 0.322 0.324 0.653 0.938 1.007 1.406 1.14
-1.224 -0.504 0.127 -0.355 -1.081 -1.605 -1.774 -1.791 -1.894 -2.1 -1.674 -1.133 -0.88 -0.677 -0.307 -0.04 -0.154 -0.172 -0.184 -0.385 0.064 0.276 -0.116 -0.217 -0.421 -0.466 -0.557 -0.578 -0.486 -0.123 0.338 0.99 0.328 0.017 0.803 1.12 0.455 0.416 0.309 0.181 -0.005 -0.599 -0.948 -0.708 -0.515 -0.513 -0.3 -0.677 -0.355 -0.113 -0.267 0.094 0.043 0.151 -0.083 -0.097 -0.064 0.292 0.304 0.678 0.512 0.588 0.734 1.17 1.207 1.375 1.549 1.601 1.652 1.079 0.731 0.964 1.242 1.418 1.504 1.631 1.565
-1.447 -0.927 -0.142 -0.199 -0.932 -1.357 -1.583 -1.804 -1.978 -2.293 -2.023 -1.716 -1.383 -1.156 -0.854 -0.071 -0.033 -0.317 -0.67 -0.522 0.08 -0.315 -0.836 -0.951 -1.084 -1.167 -1.02 -0.955 -0.978 -0.728 -0.314 0.809 0.607 0.358 1.003 1.274 0.715 0.672 0.541 0.617 0.019 -0.666 -0.855 -0.461 -0.044 -0.017 -0.163 -0.525 -0.526 -0.447 -0.501 -0.105 -0.228 -0.074 -0.176 -0.303 -0.274 0.031 0.313 0.437 0.502 0.776 0.953 1.252 1.424 1.425 1.491 1.637 1.704 1.513 1.357 1.501 1.667 1.734 1.767 1.777 1.788
-1.517 -1.001 -0.498 -0.042 -0.685 -1.233 -1.583 -1.769 -1.925 -2.414 -2.658 -2.344 -1.799 -1.391 -0.91 -0.147 -0.427 -0.696 -0.468 -0.081 -0.223 -0.715 -1.048 -0.961 -0.977 -1.067 -0.927 -0.7 -0.945 -0.814 -0.259 0.742 0.946 0.881 1.383 1.281 0.942 0.902 0.927 0.502 0.072 -0.572 -0.424 -0.138 0.187 0.306 0.01 -0.202 -0.526 -0.364 -0.538 -0.401 -0.275 -0.101 0.184 0.262 0.214 0.51 0.85 0.854 1.02 1.171 1.239 1.275 1.001 0.893 1.1 1.487 1.617 1.72 1.717 1.747 1.788 1.802 1.806 1.809 1.807
-1.508 -1.283 -1.148 -0.346 -0.31 -0.927 -1.311 -1.687 -2.152 -2.456 -2.864 -2.352 -1.713 -1.237 -0.563 -0.346 -0.769 -0.792 -0.272 -0.029 -0.459 -0.658 -0.793 -0.639 -0.579 -0.517 -0.476 -0.419 -0.713 -0.371 0.194 0.838 1.231 1.222 1.453 -9 -9 1.082 0.655 0.115 -0.336 -0.544 -0.473 -0.403 0.007 0.409 -0.049 -0.135 -0.168 0.001 -0.237 -0.308 0.06 0.174 0.408 0.781 0.83 0.985 1.136 1.168 1.136 0.965 1.038 0.974 0.676 0.543 0.939 1.409 1.611 1.742 1.78 1.789 1.804 1.813 1.815 1.819 1.82
-1.777 -1.762 -1.656 -0.849 -0.233 -0.628 -1.228 -1.753 -2.004 -2.242 -2.867 -2.116 -1.404 -0.953 -0.36 -0.616 -0.97 -0.862 -0.226 -0.331 -0.816 -0.735 -0.849 -0.656 -0.355 -0.136 -0.025 -0.326 -0.646 -0.375 0.145 0.618 1.208 1.409 1.477 -9 -9 -9 0.203 -0.115 -0.267 -0.092 -0.081 -0.032 0.145 0.519 0.333 0.338 0.223 0.273 0.148 0.072 0.25 0.487 0.512 0.858 1.083 1 1.064 1.025 0.952 0.7 0.542 0.443 0.466 0.627 1.263 1.635 1.751 1.793 1.798 1.803 1.812 1.817 1.822 1.804 1.699
-2.412 -2.397 -1.71 -0.965 -0.313 -0.551 -1.096 -1.543 -1.651 -2.001 -2.477 -1.988 -1.394 -1.204 -0.996 -1.111 -1.137 -0.768 -0.215 -0.771 -1.111 -1.009 -1.043 -0.872 -0.431 0.022 0.168 0.089 -0.476 -0.411 0.002 0.471 1.271 1.499 1.501 -9 -9 -9 -9 -9 0.303 0.341 0.353 0.47 0.57 0.725 0.73 0.71 0.645 0.556 0.441 0.372 0.56 0.823 0.898 0.978 0.907 0.563 0.712 0.689 0.635 0.276 0.175 0.315 0.568 1.096 1.672 1.797 1.807 1.811 1.81 1.814 1.811 1.738 1.646 1.538 1.171
-2.6 -2.481 -1.626 -0.906 -0.348 -0.377 -0.872 -1.178 -1.595 -2.005 -2.455 -2.469 -1.701 -1.623 -1.368 -1.5 -1.505 -0.693 -0.663 -1.146 -1.212 -1.099 -0.735 -0.527 -0.224 0.305 0.435 0.396 0.154 0.157 0.511 0.939 1.473 1.533 1.529 -9 -9 -9 -9 -9 -9 0.748 0.696 0.767 0.779 0.812 0.812 0.853 0.89 0.803 0.749 0.743 0.91 0.943 0.863 0.801 0.556 0.184 0.212 0.107 0.096 -0.227 0.267 0.741 1.008 1.503 1.794 1.808 1.811 1.812 1.817 1.791 1.636 1.337 1.105 1.114 0.649
-2.61 -2.32 -1.876 -1.252 -0.563 -0.167 -0.786 -1.254 -1.726 -2.166 -2.61 -2.756 -1.995 -1.959 -1.669 -1.589 -1.059 -0.619 -0.951 -1.179 -0.945 -0.809 -0.5 0.077 0.268 0.561 0.764 0.828 0.824 0.888 1.064 1.341 1.524 1.55 -9 -9 -9 -9 -9 -9 -9 -9 0.655 0.603 0.498 0.475 0.556 0.729 0.815 0.879 0.881 0.924 0.874 0.596 0.397 0.318 0.097 -0.196 -0.364 -0.451 -0.511 -0.443 0.217 0.937 1.373 1.741 1.814 1.816 1.821 1.821 1.8 1.496 1.122 0.783 0.448 0.558 0.428
-2.785 -2.432 -1.74 -1.267 -0.694 -0.188 -0.712 -1.407 -1.869 -2.193 -2.283 -2.384 -2.279 -1.965 -1.539 -1.259 -0.725 -0.829 -1.089 -0.916 -0.563 -0.426 -0.12 0.281 0.415 0.583 0.754 0.951 0.941 1.003 1.122 1.352 1.523 1.56 -9 -9 -9 -9 -9 -9 -9 -9 -9 0.15 0.033 0.075 0.47 0.414 0.394 0.459 0.575 0.728 0.576 0.422 0.142 0.184 0.325 0.274 -0.172 -0.131 -0.292 -0.333 0.35 0.986 1.595 1.818 1.822 1.827 1.827 1.794 1.444 1.078 0.61 0.279 -0.066 0.179 0.222
-2.965 -2.363 -1.54 -0.931 -0.589 -0.344 -0.547 -1.248 -1.653 -1.699 -1.842 -2.073 -2.222 -1.893 -1.401 -1.066 -0.839 -0.981 -1.095 -0.931 -0.691 -0.405 -0.111 0.004 -0.077 0.026 0.4 0.622 0.452 0.536 0.78 1.146 1.467 1.573 -9 -9 -9 -9 -9 -9 -9 -9 -9 -9 -0.226 0.047 0.449 0.22 -0.085 0.144 0.485 0.724 0.781 0.457 0.397 0.478 0.86 0.453 -0.004 0.371 0.19 0.032 0.654 1.229 1.744 1.823 1.827 1.79 1.747 1.514 1.053 0.561 0.176 0.235 0.312 0.424 0.049
-2.838 -2.091 -1.35 -0.666 -0.572 -0.753 -0.449 -0.756 -1.148 -1.283 -1.513 -1.909 -2.328 -2.076 -1.548 -1.086 -0.733 -0.582 -0.669 -0.961 -1.098 -0.95 -0.663 -0.485 -0.509 -0.355 0.041 0.109 -0.025 0.327 0.753 1.171 1.516 1.595 -9 -9 -9 -9 -9 -9 -9 -9 -9 -9 -9 0.184 0.111 0.166 -0.189 0.206 0.568 0.541 0.94 0.888 0.986 1.02 1.089 0.582 0.282 0.717 0.192 0.21 0.768 1.456 1.817 1.828 1.817 1.572 1.334 1.091 0.658 0.267 0.145 0.634 0.803 0.572 0.104
-2.5 -1.78 -1.27 -0.857 -1.023 -1.328 -0.699 -0.519 -1.202 -1.595 -1.606 -1.803 -2.156 -1.728 -1.184 -0.742 -0.569 -0.433 -0.24 -0.475 -0.778 -1.027 -0.792 -0.457 -0.411 -0.056 0.059 -0.132 -0.163 0.339 0.914 1.421 1.606 -9 -9 -9 -9 -9 -9 -9 -9 -9 -9 -9 -9 -0.237 -0.159 0.134 -0.148 0.314 0.363 0.343 0.835 0.701 1 0.891 1.217 0.852 0.317 0.873 0.607 0.442 0.972 1.556 1.829 1.836 1.708 1.259 0.939 0.85 0.614 0.403 0.381 0.858 0.867 0.492 -0.055
-2.502 -1.933 -1.632 -1.311 -1.533 -1.752 -0.897 -0.573 -1.076 -1.684 -1.909 -1.959 -2.06 -1.445 -0.98 -0.829 -0.961 -0.779 -0.248 0.031 -0.32 -0.762 -0.877 -0.47 -0.115 0.103 0.422 0.371 0.226 0.645 1.239 1.586 -9 -9 -9 -9 -9 -9 -9 -9 -9 -9 -9 -9 -9 -9 -0.325 0.101 -0.12 0.291 -0.054 0.421 0.625 0.409 0.758 0.658 1.177 0.931 0.621 0.845 1.159 0.699 0.91 1.509 1.826 1.842 1.676 1.083 0.776 0.606 0.544 0.52 0.806 1.103 0.838 0.363 -0.052
-2.779 -2.236 -1.924 -1.686 -1.798 -1.757 -0.923 -0.68 -1.115 -1.212 -1.726 -2.078 -1.971 -1.468 -1.247 -1.265 -1.096 -0.467 -0.248 0.309 -0.107 -0.614 -0.702 -0.293 -0.341 -0.145 0.521 0.851 0.804 1 1.492 1.617 -9 -9 -9 -9 -9 -9 -9 -9 -9 -9 -9 -9 -9 -9 -9 -0.28 -0.106 -0.117 -0.09 0.164 0.161 0.492 0.971 1.058 1.257 1.29 1.27 1.225 1.348 1.242 1.245 1.588 1.831 1.849 1.828 1.298 0.896 0.669 0.714 0.97 1.151 0.972 0.799 0.553 0.127
-3.003 -2.473 -2.143 -2.046 -1.997 -1.774 -1.011 -0.735 -1.382 -1.285 -1.413 -1.941 -1.96 -1.308 -1.195 -1.25 -0.767 0.1 0.314 0.613 0.252 -0.304 -0.119 0.193 0.081 0.199 0.629 1.097 1.218 1.303 1.547 -9 -9 -9 -9 -9 -9 -9 -9 -9 -9 -9 -9 -9 -9 -9 -9 -0.589 -0.497 -0.205 -0.179 -0.209 0.144 0.585 0.53 0.688 0.931 0.899 1.175 1.081 1.164 1.326 1.542 1.684 1.75 1.856 1.848 1.42 1.068 1.11 1.188 1.245 1.196 0.769 0.545 0.465 0.164
-2.951 -2.628 -2.421 -2.295 -1.999 -1.658 -1.052 -0.851 -1.557 -1.721 -1.306 -1.727 -2.014 -1.458 -0.876 -0.627 -0.274 0.411 0.468 0.612 0.77 0.409 0.439 0.432 0.733 0.937 1.086 1.099 0.745 0.93 -9 -9 -9 -9 -9 -9 -9 -9 -9 -9 -9 -9 -9 -9 -9 -9 -9 -9 -0.167 0.225 0.191 -0.251 0 0.2 0.077 0.468 0.462 0.769 0.833 0.608 0.679 0.911 1.098 1.265 1.559 1.862 1.862 1.62 1.392 1.4 1.343 1.024 0.905 0.623 0.318 0.153 0.336
-2.629 -2.759 -2.701 -2.254 -1.956 -1.719 -1.202 -0.914 -1.543 -1.898 -1.651 -1.58 -1.937 -1.653 -1.006 -0.343 -0.002 -0.078 -0.186 -0.152 0.374 0.88 0.974 0.994 0.958 0.782 0.685 0.527 0.449 -9 -9 -9 -9 -9 -9 -9 -9 -9 -9 -9 -9 -9 -9 -9 -9 -9 -9 -9 -9 0.504 0.22 -0.389 -0.204 -0.029 0.041 0.306 0.364 0.613 0.585 0.511 0.577 0.699 0.792 0.935 1.407 1.851 1.867 1.789 1.519 1.335 1.27 1.034 0.824 0.533 0.142 0.293 0.649
-2.5 -2.693 -2.446 -2.298 -2.148 -1.759 -1.136 -0.909 -1.491 -1.962 -2.099 -1.749 -1.56 -1.409 -1.101 -0.179 -0.263 -0.678 -0.78 -0.576 -0.103 0.261 0.52 0.465 0.268 0.081 0.212 0.164 -9 -9 -9 -9 -9 -9 -9 -9 -9 -9 -9 -9 -9 -9 -9 -9 -9 -9 -9 -9 -9 -9 -9 -0.356 0.071 0.443 0.404 0.491 0.504 0.383 0.282 0.577 0.893 1.036 1.141 1.155 1.472 1.848 1.871 1.87 1.655 1.463 1.351 1.274 1.052 0.722 0.313 0.665 0.965
-2.645 -2.917 -2.525 -2.532 -2.279 -1.625 -1.316 -0.914 -1.25 -1.476 -1.769 -1.91 -1.402 -0.933 -0.546 -0.235 -0.506 -0.864 -1.143 -0.958 -0.659 -0.488 -0.098 -0.168 -0.009 0.287 0.751 -9 -9 -9 -9 -9 -9 -9 -9 -9 -9 -9 -9 -9 -9 -9 -9 -9 -9 -9 -9 -9 -9 -9 -9 -9 0.175 0.567 0.767 0.837 0.608 0.47 0.386 0.511 0.796 1.186 1.545 1.669 1.773 1.869 1.88 1.882 1.798 1.609 1.537 1.463 1.161 0.772 0.731 0.987 1.183
