data/climatemaps/RS_maps/climate_postbreed_tmp_2000.asc
NCOLS 369 
NROWS 228 
XLLCORNER 479000 
YLLCORNER 73000 
CELLSIZE 1000 
NODATA_value -9 
[rows 68 to 101 of 228, columns 231 to 307 of 369]
0.924 0.926 0.927 0.916 0.916 0.914 0.866 0.848 0.816 0.771 0.674 0.482 0.338 0.214 0.146 0.033 0.057 0.188 0.374 0.185 0.344 0.49 0.545 0.462 0.324 0.052 -0.271 -0.182 -0.029 -0.287 -0.497 -0.582 -0.329 -0.203 -0.866 -1.025 -0.761 -0.744 -0.633 -0.131 0.249 0.555 0.821 0.885 0.893 0.893 0.883 0.809 0.76 0.753 0.846 0.867 0.759 0.725 0.81 0.826 0.816 0.819 0.831 0.77 -9 -9 -9 -9 -9 -9 -9 -9 -9 -9 -9 -9 -9 -9 -9 -9 -9
0.96 0.972 0.966 0.961 0.97 0.988 0.978 0.955 0.911 0.865 0.792 0.659 0.481 0.382 0.233 -0.003 -0.106 0.048 0.366 0.146 0.176 0.374 0.516 0.518 0.378 0.056 -0.268 -0.291 -0.359 -0.585 -0.513 -0.246 0.081 -0.162 -0.524 -0.431 -0.48 -0.511 -0.192 0.135 0.414 0.678 0.851 0.887 0.893 0.892 0.873 0.8 0.807 0.863 0.877 0.766 0.45 0.388 0.602 0.736 0.82 0.845 0.846 0.836 -9 -9 -9 -9 -9 -9 -9 -9 -9 -9 -9 -9 -9 -9 -9 -9 -9
1.002 1.026 1.011 0.985 0.98 0.994 1.007 1.006 0.988 0.955 0.903 0.79 0.583 0.376 0.273 -0.007 -0.128 0.051 0.235 -0.07 0.014 0.165 0.254 0.349 0.389 0.16 -0.139 -0.52 -0.311 -0.191 -0.155 0.033 0.069 -0.111 -0.118 -0.125 -0.158 -0.056 -0.023 0.199 0.486 0.769 0.866 0.888 0.893 0.888 0.883 0.874 0.882 0.879 0.773 0.418 0.033 0.187 0.504 0.509 0.641 0.752 0.818 0.841 -9 -9 -9 -9 -9 -9 -9 -9 -9 -9 -9 -9 -9 -9 -9 -9 -9
1.004 0.938 0.917 0.942 0.979 1.005 1.013 1.014 1 0.985 0.972 0.901 0.631 0.312 0.213 0.08 -0.167 -0.047 -0.103 -0.188 0.031 -0.104 -0.024 0.219 0.374 0.349 -0.103 -0.324 -0.235 -0.049 0.064 0.206 0.183 0.12 0.104 0.148 0.154 0.164 0.202 0.335 0.58 0.816 0.877 0.889 0.89 0.889 0.895 0.897 0.896 0.838 0.517 0.006 -0.198 0.279 0.392 0.193 0.32 0.505 0.67 -9 -9 -9 -9 -9 -9 -9 -9 -9 -9 -9 -9 -9 -9 -9 -9 -9 -9
0.973 0.885 0.891 0.959 1.018 1.016 1.014 1.014 0.996 0.934 0.987 0.921 0.752 0.382 0.094 0.13 -0.163 -0.287 -0.388 -0.253 -0.064 0.123 0.259 0.236 0.295 0.406 0.099 0.002 0.037 0.251 0.269 0.251 0.169 0.114 0.043 0.031 0.062 0.136 0.247 0.419 0.629 0.833 0.883 0.895 0.895 0.894 0.9 0.9 0.877 0.629 0.209 -0.363 -0.182 0.288 0.259 -0.129 -0.017 0.338 0.537 -9 -9 -9 -9 -9 -9 -9 -9 -9 -9 -9 -9 -9 -9 -9 -9 -9 -9
0.992 0.975 0.981 0.972 1.021 1.019 1.019 1.017 0.956 0.887 1.002 0.973 0.877 0.5 0.132 -0.175 -0.215 -0.561 -0.394 -0.122 0.019 0.081 0.076 -0.155 0.005 0.046 0.288 0.3 0.261 0.114 -0.028 -0.053 -0.09 -0.099 -0.218 -0.226 -0.199 -0.109 0.073 0.324 0.58 0.812 0.882 0.9 0.9 0.897 0.9 0.89 0.784 0.371 -0.125 -0.608 -0.257 0.269 -0.042 -0.478 -0.318 0.055 0.19 -9 -9 -9 -9 -9 -9 -9 -9 -9 -9 -9 -9 -9 -9 -9 -9 -9 -9
0.997 1.004 1.009 1.009 1.021 1.021 1.022 1.02 0.964 0.952 1.013 1.003 0.936 0.612 0.174 -0.372 -0.437 -0.509 -0.458 -0.285 -0.12 -0.201 -0.178 -0.242 -0.28 -0.129 0.06 0.011 -0.091 -0.292 -0.307 -0.339 -0.447 -0.437 -0.518 -0.423 -0.252 -0.121 0.093 0.289 0.459 0.709 0.863 0.9 0.9 0.899 0.9 0.859 0.696 0.189 -0.556 -0.842 -0.348 0.209 -0.381 -0.718 -0.294 -0.225 -0.327 0.064 0.389 0.173 0.189 -9 -9 -9 -9 -9 -9 -9 -9 -9 -9 -9 -9 -9 -9
0.957 0.967 0.975 0.96 0.969 0.972 1.003 1.01 1.011 1.011 1.014 1.014 0.954 0.545 -0.084 -0.459 -0.275 -0.281 -0.532 -0.399 -0.217 -0.29 -0.395 -0.358 -0.25 -0.087 -0.238 -0.484 -0.483 -0.498 -0.523 -0.662 -0.836 -0.764 -0.73 -0.495 -0.164 -0.032 -0.023 -0.025 0.223 0.517 0.619 0.82 0.897 0.9 0.9 0.801 0.567 -0.037 -0.736 -0.506 -0.003 -0.033 -0.413 -0.793 -0.43 -0.427 -0.426 -0.229 0.222 -0.028 -0.335 -0.505 -0.237 0.138 0.347 -9 -9 -9 -9 -9 -9 -9 -9 -9 -9
0.793 0.662 0.607 0.566 0.55 0.704 0.874 0.945 1.008 1.018 1.014 1.012 0.929 0.362 -0.338 -0.297 0.041 -0.244 -0.162 -0.011 -0.006 -0.19 -0.236 -0.383 -0.32 -0.407 -0.631 -0.771 -0.756 -0.766 -0.797 -1.004 -1.026 -0.869 -0.665 -0.373 -0.073 -0.246 -0.549 -0.243 -0.048 0.122 0.373 0.72 0.89 0.902 0.894 0.805 0.544 -0.061 -0.667 -0.37 0.016 -0.456 -0.704 -0.911 -0.63 -0.492 -0.562 -0.376 0.105 -0.058 -0.462 -0.691 -0.392 -0.095 0.12 0.435 0.616 0.764 -9 -9 -9 -9 -9 -9 -9
0.702 0.287 0.163 0.171 0.143 0.173 0.434 0.534 0.686 0.941 1.018 1.011 0.9 0.275 -0.057 0.212 0.398 0.046 0.269 0.284 0.081 -0.069 -0.149 -0.44 -0.613 -0.745 -0.745 -0.662 -0.61 -0.509 -0.427 -0.667 -0.833 -0.785 -0.659 -0.541 -0.386 -0.69 -0.872 -0.646 -0.393 -0.105 0.314 0.614 0.819 0.904 0.9 0.856 0.482 -0.278 -0.721 -0.381 -0.055 -0.371 -0.679 -0.838 -0.633 -0.672 -0.603 -0.255 -0.084 -0.32 -0.627 -0.663 -0.493 -0.236 0.061 0.408 0.4 0.595 0.683 0.72 0.717 0.519 -9 -9 -9
0.702 0.554 0.356 0.165 -0.079 -0.12 0.022 0.119 0.268 0.592 0.924 1.009 0.909 0.582 0.371 0.636 0.759 0.564 0.66 0.592 0.361 0.23 0.071 -0.149 -0.235 -0.234 -0.196 -0.058 -0.016 0.128 0.306 0.224 -0.049 -0.254 -0.363 -0.771 -0.949 -1.091 -1.015 -0.836 -0.518 -0.028 0.202 0.429 0.774 0.904 0.9 0.892 0.556 -0.114 -0.483 -0.153 -0.337 -0.625 -0.509 -0.764 -0.829 -0.73 -0.243 -0.211 -0.458 -0.614 -0.858 -0.624 -0.556 -0.436 0.034 0.311 -0.117 0.132 0.035 0.161 0.73 0.568 -0.044 -0.489 -0.54
0.662 0.502 0.458 0.288 0.057 -0.167 -0.139 -0.077 -0.143 0.048 0.545 0.895 0.998 0.9 0.854 0.941 0.987 0.989 0.955 0.928 0.863 0.791 0.702 0.653 0.688 0.691 0.686 0.707 0.678 0.734 0.812 0.817 0.695 0.381 -0.003 -0.703 -0.641 -0.836 -1.14 -0.727 -0.292 -0.331 -0.018 0.376 0.787 0.897 0.9 0.9 0.712 0.175 -0.199 -0.173 -0.61 -0.88 -0.637 -0.8 -0.925 -0.526 -0.153 -0.617 -0.734 -0.932 -0.84 -0.454 -0.235 -0.095 0.18 -0.093 -0.641 -0.458 -0.525 -0.424 0.294 0.661 0.421 -0.116 -0.481
0.55 0.4 0.261 0.235 0.12 -0.2 -0.263 -0.194 -0.152 -0.004 0.266 0.695 0.993 1.012 1.017 1.006 0.92 0.801 0.805 0.901 0.963 1.008 1.011 1.004 0.996 0.993 0.988 0.99 0.978 0.979 0.981 0.982 0.96 0.857 0.441 -0.267 -0.29 -0.442 -0.806 -0.855 -0.608 -0.617 -0.096 0.38 0.675 0.868 0.9 0.899 0.819 0.4 0.02 -0.216 -0.509 -0.639 -0.705 -0.988 -0.897 -0.397 -0.275 -0.955 -0.97 -0.907 -0.659 -0.416 0.002 0.129 -0.323 -0.153 -0.957 -0.98 -0.966 -0.58 0.277 0.682 0.585 0.033 -0.303
0.528 0.494 0.245 0.008 0.052 -0.305 -0.327 -0.209 -0.21 -0.192 0.006 0.478 0.937 1.016 0.949 0.751 0.541 0.419 0.449 0.533 0.693 0.836 0.904 0.927 0.945 0.97 0.968 0.954 0.891 0.953 0.947 0.845 0.975 0.966 0.906 0.263 -0.057 -0.35 -0.564 -0.976 -0.94 -0.583 -0.113 0.311 0.571 0.782 0.898 0.895 0.832 0.492 0.064 -0.359 -0.319 -0.554 -0.618 -0.994 -0.781 -0.299 -0.392 -0.939 -1.02 -0.819 -0.597 -0.314 0.128 -0.189 -0.675 -0.586 -0.901 -1.332 -0.922 -0.211 0.261 0.653 0.596 0.171 -0.146
0.261 0.425 0.309 -0.044 -0.048 -0.271 -0.41 -0.264 -0.174 -0.149 -0.053 0.183 0.789 1.011 0.789 0.37 0.017 0.002 0.095 0.199 0.415 0.426 0.556 0.519 0.716 0.604 0.685 0.746 0.657 0.525 0.442 0.495 0.66 0.91 0.953 0.737 0.1 -0.384 -0.544 -0.741 -0.99 -0.651 -0.206 0.298 0.598 0.728 0.889 0.894 0.856 0.509 -0.026 -0.582 -0.359 -0.727 -0.674 -0.825 -0.697 -0.218 -0.452 -0.878 -1.116 -0.781 -0.39 -0.137 0.069 -0.648 -1.098 -1.027 -1.182 -1.17 -0.641 -0.248 0.199 0.582 0.676 0.532 0.31
0.124 0.399 0.396 0.114 -0.288 -0.423 -0.413 -0.288 -0.151 0.053 0.148 0.303 0.756 1.013 0.827 0.316 -0.223 -0.402 -0.125 -0.227 0.121 -0.124 0.057 0.106 0.536 0.073 0.142 0.312 0.33 -0.065 0.006 0.188 0.46 0.811 0.948 0.926 0.611 0.118 -0.434 -0.518 -0.694 -0.481 -0.089 0.327 0.652 0.797 0.891 0.897 0.826 0.377 -0.125 -0.69 -0.503 -0.718 -0.963 -0.961 -0.747 -0.234 -0.512 -0.95 -1.019 -0.662 -0.68 -0.619 -0.067 -0.826 -1.427 -1.192 -1.051 -0.741 -0.574 -0.286 0.061 0.293 0.521 0.56 0.566
0.083 0.29 0.452 0.17 -0.489 -0.6 -0.437 -0.088 0.099 0.207 0.242 0.201 0.814 1.014 0.899 0.365 -0.047 -0.462 -0.108 -0.718 -0.288 -0.546 -0.441 0.129 0.153 -0.35 -0.395 -0.186 -0.217 -0.321 -0.242 -0.055 0.31 0.6 0.823 0.906 0.888 0.657 0.062 -0.272 -0.605 -0.359 0.021 0.431 0.75 0.873 0.899 0.894 0.679 0.148 -0.439 -0.885 -0.656 -0.602 -1.062 -1.113 -0.682 -0.399 -0.576 -0.838 -1.071 -0.84 -1.021 -0.52 -0.239 -0.73 -1.323 -0.939 -0.647 -0.494 -0.49 -0.353 -0.377 -0.203 0.161 0.306 0.532
-0.038 0.254 0.456 0.13 -0.322 -0.702 -0.481 0.04 0.021 -0.098 -0.192 -0.139 0.87 0.96 0.593 0.175 -0.073 -0.427 -0.287 -1.013 -0.58 -0.705 -0.63 0.014 -0.411 -0.636 -0.732 -0.622 -0.607 -0.559 -0.379 -0.011 0.239 0.322 0.523 0.667 0.838 0.904 0.71 0.123 -0.48 -0.433 0.031 0.547 0.827 0.9 0.9 0.829 0.222 -0.266 -0.364 -0.898 -0.999 -0.702 -1 -0.979 -0.631 -0.877 -0.896 -1.015 -1.464 -1.408 -1.223 -0.735 -0.803 -0.632 -1.146 -0.964 -0.7 -0.69 -0.921 -0.803 -0.781 -0.462 -0.023 0.023 0.217
-0.079 0.29 0.347 -0.14 -0.499 -0.688 -0.182 -0.2 -0.473 -0.675 -0.88 -0.11 0.944 0.845 0.293 -0.146 -0.533 -0.59 -0.485 -1.074 -0.718 -0.48 -0.429 -0.069 -0.699 -0.992 -0.911 -0.833 -0.754 -0.574 -0.208 0.085 -0.116 -0.114 0.148 0.377 0.576 0.826 0.909 0.651 0.183 -0.083 0.307 0.761 0.882 0.905 0.9 0.794 -0.031 -0.598 -0.613 -0.723 -1.158 -1.079 -1.382 -1.194 -0.948 -1.271 -1.228 -1.518 -1.815 -1.775 -1.671 -1.343 -1.424 -0.942 -1.131 -1.119 -0.981 -0.736 -1.085 -1.008 -0.746 -0.354 -0.265 -0.387 -0.092
-0.357 0.204 0.02 -0.43 -0.748 -0.483 -0.274 -0.62 -0.816 -0.929 -0.874 0.296 0.972 0.743 0.324 -0.187 -0.642 -0.771 -0.783 -0.805 -0.629 -0.783 -0.759 -0.196 -0.774 -1.138 -0.95 -0.711 -0.498 -0.282 0.007 -0.208 -0.589 -0.479 -0.208 0.073 0.327 0.543 0.781 0.865 0.776 0.582 0.757 0.899 0.87 0.804 0.788 0.78 0.17 -0.415 -0.956 -1.183 -1.342 -1.376 -1.144 -1.284 -1.269 -1.248 -1.028 -1.109 -1.389 -1.662 -1.795 -1.581 -1.31 -1.025 -1.173 -1.322 -1.098 -0.912 -1.165 -1.076 -0.603 -0.328 -0.689 -0.831 -0.361
-0.31 0.07 -0.229 -0.667 -0.934 -0.554 -0.696 -0.86 -0.819 -0.602 -0.033 0.612 0.939 0.859 0.356 -0.158 -0.723 -1.067 -1.021 -0.754 -0.885 -1.002 -0.71 -0.378 -0.88 -1.13 -0.861 -0.651 -0.301 -0.069 -0.142 -0.683 -0.849 -0.639 -0.401 -0.174 0.104 0.274 0.486 0.73 0.893 0.881 0.905 0.913 0.886 0.678 0.446 0.705 0.536 -0.165 -0.996 -1.243 -1.097 -1.046 -0.921 -0.799 -0.85 -0.859 -0.632 -0.683 -0.859 -1.046 -1.319 -1.321 -1.173 -1.168 -1.294 -1.275 -1.196 -1.172 -1.082 -0.943 -0.612 -0.56 -1.036 -0.903 -0.491
-0.316 -0.439 -0.679 -0.899 -0.877 -0.634 -0.678 -0.529 -0.279 0.208 0.54 0.753 0.879 0.952 0.71 0.008 -0.787 -1.09 -1.196 -1.015 -0.915 -0.849 -0.718 -0.858 -1.085 -1.148 -0.966 -0.86 -0.519 -0.172 -0.389 -1.056 -0.894 -0.581 -0.485 -0.417 -0.147 0.143 0.416 0.558 0.818 0.908 0.919 0.92 0.91 0.889 0.663 0.422 0.583 0.351 -0.129 -0.557 -1.107 -0.882 -0.699 -0.552 -0.424 -0.278 -0.387 -0.521 -0.598 -0.783 -0.915 -1.055 -1.125 -1.187 -1.097 -0.954 -1.151 -1.476 -1.244 -0.882 -0.767 -0.886 -1.269 -1.068 -0.799
-0.514 -0.65 -0.619 -0.384 -0.353 -0.418 -0.339 0.162 0.367 0.367 0.323 0.551 0.679 0.916 0.955 0.489 -0.362 -0.848 -1.28 -1.215 -0.897 -1.06 -1.113 -1.096 -1.124 -1.286 -1.199 -1.071 -0.704 -0.302 -0.647 -1.151 -0.789 -0.746 -0.723 -0.596 -0.28 0.252 0.138 0.176 0.654 0.84 0.908 0.92 0.913 0.908 0.894 0.793 0.609 0.532 0.142 -0.291 -0.864 -0.931 -0.885 -0.823 -0.603 -0.192 -0.152 -0.34 -0.499 -0.835 -1.044 -0.955 -0.975 -1.047 -0.731 -0.691 -1.032 -1.307 -1.461 -1.229 -1.301 -1.498 -1.318 -1.251 -1.093
-0.342 -0.278 0.092 0.266 0.305 0.272 0.281 0.409 0.321 0.023 -0.07 -0.292 0.067 0.708 0.934 0.694 -0.146 -0.79 -1.164 -1.317 -1.023 -1.105 -1.165 -0.913 -1.008 -1.333 -1.332 -1.153 -0.72 -0.625 -0.927 -1.095 -0.925 -0.971 -0.871 -0.646 -0.058 0.305 -0.194 -0.196 0.342 0.546 0.702 0.787 0.881 0.904 0.901 0.873 0.77 0.683 0.365 0.06 -0.537 -0.866 -1.132 -0.999 -0.691 -0.181 0.036 -0.374 -0.675 -1.03 -0.973 -0.637 -0.697 -0.76 -0.471 -0.436 -0.779 -0.943 -1.159 -1.38 -1.639 -1.264 -1.209 -1.409 -1.337
-0.037 0.011 0.338 0.273 0.141 0.204 0.145 -0.311 -0.636 -0.79 -0.844 -0.898 -0.142 0.609 0.886 0.72 -0.093 -0.661 -0.913 -1.226 -0.909 -0.665 -0.82 -0.643 -1.011 -1.223 -1.167 -1.173 -1.015 -1.093 -1.158 -1.215 -1.118 -1.014 -0.708 -0.269 0.245 -0.115 -0.488 -0.461 -0.011 0.215 0.235 0.357 0.498 0.76 0.872 0.893 0.86 0.809 0.598 0.308 -0.186 -0.608 -1.04 -0.847 -0.477 -0.046 0.155 -0.225 -0.597 -0.943 -0.662 -0.219 -0.469 -0.409 -0.117 -0.326 -0.581 -0.923 -1.335 -1.249 -1.184 -0.952 -1.125 -1.476 -1.467
-0.454 -0.571 0.067 -0.245 -0.758 -0.731 -0.868 -1.323 -1.657 -1.541 -1.326 -0.588 0.144 0.656 0.89 0.672 0.104 -0.12 -0.444 -0.89 -0.601 -0.245 -0.517 -0.699 -1.131 -0.835 -0.892 -1.279 -1.273 -1.307 -1.203 -1.077 -0.999 -0.818 -0.544 0.128 0.093 -0.487 -0.884 -0.718 -0.283 -0.069 -0.245 -0.076 0.052 0.431 0.751 0.853 0.897 0.872 0.767 0.585 0.182 -0.171 -0.526 -0.438 -0.164 0.171 0.276 -0.121 -0.396 -0.56 -0.376 0.056 -0.307 -0.041 -0.121 -0.543 -0.798 -0.926 -1.248 -1.221 -0.939 -0.722 -0.931 -1.307 -1.324
-0.935 -1.006 -0.484 -0.24 -0.654 -0.913 -1.374 -1.646 -1.799 -1.454 -1 -0.435 0.263 0.783 0.9 0.737 0.477 0.45 0.246 -0.193 -0.138 -0.198 -0.727 -1.077 -1.163 -0.524 -0.822 -1.338 -1.079 -1.115 -1.286 -0.756 -0.451 -0.304 -0.013 0.154 -0.183 -0.619 -1.169 -1.04 -0.498 -0.532 -0.667 -0.449 -0.17 0.371 0.575 0.64 0.85 0.896 0.861 0.776 0.543 0.198 -0.085 0.001 0.144 0.413 0.363 0.17 0.022 -0.145 0.033 0.24 0.13 0.233 0.043 -0.265 -0.4 -0.72 -1.226 -1.071 -0.712 -0.801 -1.048 -1.311 -1.298
-1.159 -1.195 -0.889 -0.499 -0.328 -0.756 -1.279 -1.583 -1.485 -0.778 -0.511 -0.108 0.544 0.889 0.697 0.552 0.042 0.035 0.381 0.415 0.297 -0.168 -0.789 -1.137 -1.076 -0.392 -0.722 -1.224 -0.706 -0.917 -0.96 -0.504 -0.061 0.057 0.093 -0.136 -0.59 -0.774 -1.372 -1.304 -0.942 -0.964 -0.955 -0.683 -0.206 0.431 0.313 0.243 0.598 0.839 0.889 0.851 0.784 0.518 0.279 0.316 0.498 0.677 0.665 0.556 0.466 0.336 0.413 0.417 0.214 -0.053 -0.187 -0.197 -0.433 -0.747 -0.756 -0.596 -0.52 -0.946 -1.347 -1.459 -1.155
-1.153 -1.104 -0.935 -0.746 -0.723 -0.954 -1.318 -1.316 -1.019 -0.45 -0.215 0.284 0.804 0.717 0.311 0.321 -0.264 -0.593 -0.136 0.198 0.496 0.008 -0.604 -0.804 -0.922 -0.365 -0.641 -1.091 -0.73 -0.481 -0.429 -0.156 -0.272 -0.56 -0.531 -0.156 -0.864 -0.978 -1.457 -1.463 -1.15 -1.008 -0.851 -0.51 -0.094 0.419 0.051 -0.078 0.136 0.555 0.858 0.878 0.86 0.788 0.623 0.472 0.614 0.664 0.598 0.604 0.708 0.63 0.353 0.02 -0.239 -0.464 -0.603 -0.606 -0.568 -0.496 -0.34 -0.498 -0.607 -0.831 -1.302 -1.416 -1.117
-1.082 -1.094 -0.961 -0.83 -1.261 -1.177 -1.013 -0.789 -0.509 -0.185 0.152 0.67 0.781 0.39 0.005 0.184 -0.379 -0.925 -0.695 -0.385 0.209 0.339 -0.267 -0.439 -0.485 -0.233 -0.685 -1.11 -0.697 -0.255 -0.332 -0.445 -0.681 -0.99 -0.946 -0.376 -0.936 -1.341 -1.636 -1.402 -0.965 -0.559 -0.376 -0.128 0.134 0.394 -0.114 -0.215 0.003 0.466 0.861 0.885 0.872 0.831 0.266 0.366 0.334 0.147 0.045 -0.066 0.17 0.545 0.455 -0.064 -0.292 -0.41 -0.708 -0.907 -0.771 -0.415 -0.367 -0.804 -0.94 -0.844 -1.154 -1.421 -1.204
-0.946 -1.236 -1.098 -1.13 -1.532 -1.344 -1.077 -0.836 -0.545 -0.317 0.332 0.835 0.485 -0.115 -0.187 -0.081 -0.456 -1.039 -1.099 -0.815 -0.277 0.419 0.173 -0.013 -0.12 -0.423 -1.107 -1.32 -0.71 -0.568 -0.943 -0.885 -0.961 -1.286 -1.055 -0.624 -0.991 -1.529 -1.704 -1.42 -0.968 -0.626 -0.446 -0.389 0.113 0.353 -0.254 -0.376 0.049 0.546 0.882 0.892 0.879 0.774 0.203 0.276 0.063 -0.337 -0.358 -0.473 -0.389 0.075 0.566 0.265 -0.029 -0.203 -0.576 -0.889 -0.697 -0.26 -0.443 -0.885 -1.155 -1.151 -1.127 -1.428 -1.379
-1.06 -1.268 -1.186 -1.267 -1.356 -1.239 -0.981 -0.74 -0.521 -0.252 0.479 0.761 0.085 -0.552 -0.366 -0.519 -0.584 -1.007 -0.936 -0.517 -0.204 0.352 0.119 -0.365 -0.703 -1.108 -1.288 -1.287 -0.866 -0.915 -1.239 -1.257 -1.37 -1.397 -1.119 -1.003 -1.253 -1.662 -1.497 -1.634 -1.339 -1.068 -1.042 -0.731 -0.009 0.302 -0.437 -0.356 0.151 0.635 0.892 0.893 0.833 0.584 0.048 0.229 -0.138 -0.508 -0.633 -0.508 -0.257 0.128 0.574 0.384 -0.012 -0.354 -0.569 -0.591 -0.317 -0.122 -0.554 -1.059 -1.175 -1.48 -1.503 -1.608 -1.534
-0.997 -1.022 -1.041 -1.095 -1.107 -0.977 -0.649 -0.429 -0.282 0.131 0.74 0.542 -0.122 -0.619 -0.537 -0.656 -0.744 -1.085 -1.114 -0.764 -0.374 0.28 -0.037 -0.791 -1.033 -1.023 -1.078 -1.162 -0.955 -1.15 -1.411 -1.417 -1.323 -1.271 -1.173 -1.195 -1.308 -1.619 -1.241 -1.525 -1.416 -1.02 -0.934 -0.658 0.031 0.018 -0.589 -0.235 0.191 0.687 0.893 0.882 0.746 0.459 -0.001 0.091 -0.073 -0.445 -0.655 -0.478 -0.063 0.316 0.545 0.472 0.043 -0.218 -0.242 -0.208 -0.011 -0.211 -0.686 -1.059 -1.248 -1.535 -1.636 -1.679 -1.516
-0.87 -0.862 -0.991 -1.21 -1.183 -0.803 -0.429 -0.045 0.083 0.61 0.663 -0.023 -0.086 -0.538 -0.747 -0.899 -0.925 -1.182 -1.206 -0.921 -0.476 0.21 0.059 -0.63 -0.718 -0.745 -0.935 -1.383 -1.357 -1.413 -1.323 -1.167 -0.939 -0.861 -0.809 -0.853 -0.984 -1.385 -1.23 -1.107 -1.448 -1.147 -0.665 -0.239 0.216 -0.441 -0.591 -0.107 0.366 0.779 0.891 0.868 0.71 0.318 -0.211 -0.02 -0.185 -0.557 -0.591 -0.303 0.104 0.231 0.304 0.492 0.392 0.25 0.181 0.202 0.139 -0.116 -0.411 -0.686 -0.941 -1.256 -1.402 -1.465 -1.237
