data/climatemaps/RS_maps/climate_winter_tmin_2007.asc
NCOLS 369 
NROWS 228 
XLLCORNER 479000 
YLLCORNER 73000 
CELLSIZE 1000 
NODATA_value -9 
[rows 102 to 135 of 228, columns 154 to 230 of 369]
0.633 0.548 0.512 0.472 0.515 0.561 0.622 0.673 0.719 0.746 0.746 0.617 0.344 0.278 0.404 0.477 0.388 0.226 0.197 0.426 0.351 0.203 0.161 0.21 0.248 0.363 0.596 0.774 0.917 0.998 1.045 0.997 0.927 0.965 0.715 0.319 0.284 0.33 0.632 0.968 0.817 0.438 0.192 0.095 0.253 0.124 0.026 0.165 0.388 0.216 0.003 -0.108 0.253 0.837 1.005 1.005 0.849 0.325 -0.092 -0.177 -0.197 -0.254 -0.291 -0.412 -0.59 -0.641 -0.432 -0.142 0.004 -0.441 -0.468 -0.29 -0.153 0.27 -0.019 -0.466 -0.529
0.592 0.537 0.451 0.423 0.534 0.605 0.675 0.704 0.669 0.631 0.716 0.544 0.267 0.297 0.375 0.308 0.283 0.271 0.37 0.341 0.168 0.166 0.264 0.323 0.387 0.418 0.497 0.7 0.872 0.994 1.021 0.942 0.926 0.871 0.499 0.108 0.245 0.473 0.742 0.948 0.817 0.543 0.323 0.088 0.102 0.01 -0.128 -0.059 0.093 -0.003 -0.076 -0.057 0.244 0.606 0.88 0.995 0.896 0.524 0.116 -0.081 -0.371 -0.478 -0.446 -0.62 -0.644 -0.488 -0.381 -0.181 -0.215 -0.459 -0.512 -0.514 -0.416 0.123 -0.048 -0.459 -0.539
0.583 0.549 0.477 0.51 0.593 0.647 0.645 0.59 0.47 0.41 0.609 0.515 0.351 0.288 0.193 0.074 0.176 0.208 0.266 0.14 0.132 0.25 0.215 0.245 0.234 0.218 0.377 0.702 0.896 1.014 0.989 0.928 0.892 0.76 0.541 0.259 0.345 0.48 0.599 0.88 0.771 0.372 0.238 0.138 -0.051 -0.222 -0.369 -0.287 -0.13 0.053 0.254 0.338 0.451 0.529 0.768 0.989 0.974 0.8 0.413 0.13 -0.224 -0.4 -0.456 -0.577 -0.575 -0.504 -0.355 -0.234 -0.518 -0.633 -0.667 -0.749 -0.546 -0.07 0.048 -0.178 -0.484
0.657 0.571 0.531 0.548 0.626 0.616 0.554 0.407 0.252 0.284 0.589 0.499 0.361 0.163 -0.066 0.055 0.013 0.086 0.188 0.094 0.174 0.158 0.071 0.14 0.167 0.285 0.545 0.781 0.964 1.015 0.951 0.924 0.846 0.621 0.384 0.224 0.271 0.242 0.395 0.833 0.683 0.17 -0.067 -0.114 -0.299 -0.393 -0.353 -0.164 0.042 0.353 0.323 0.246 0.448 0.353 0.748 0.983 0.982 0.85 0.282 -0.044 -0.227 -0.284 -0.289 -0.332 -0.384 -0.564 -0.539 -0.442 -0.637 -0.793 -0.657 -0.532 -0.362 -0.182 -0.188 -0.682 -0.787
0.626 0.659 0.626 0.606 0.632 0.551 0.422 0.158 0.147 0.389 0.603 0.515 0.305 0.021 -0.044 -0.061 -0.123 0.06 0.11 0.142 0.1 0.096 0.181 0.275 0.356 0.463 0.653 0.843 0.996 0.986 0.927 0.86 0.752 0.49 0.156 0.033 0.132 0.203 0.538 0.857 0.633 0.29 0.046 -0.188 -0.462 -0.458 -0.247 -0.038 0.105 0.333 -0.066 0.054 0.223 0.238 0.703 0.966 0.969 0.879 0.361 -0.09 -0.199 -0.052 -0.025 -0.11 -0.185 -0.455 -0.616 -0.698 -0.852 -0.889 -0.781 -0.545 -0.372 -0.396 -0.402 -0.78 -0.819
0.549 0.617 0.643 0.639 0.554 0.455 0.238 0.031 0.188 0.341 0.55 0.496 0.159 0.043 -0.03 -0.14 -0.116 0.023 0.109 0.185 0.098 0.172 0.32 0.424 0.533 0.624 0.757 0.932 0.997 0.949 0.884 0.766 0.646 0.373 0.004 -0.143 0.043 0.304 0.773 0.753 0.434 0.512 0.299 -0.016 -0.219 -0.307 -0.286 -0.212 -0.071 0.177 -0.215 0.067 0.086 -0.047 0.4 0.883 0.962 0.951 0.789 0.327 0.265 0.338 0.314 0.173 0.1 -0.138 -0.242 -0.368 -0.518 -0.797 -0.97 -0.685 -0.648 -0.693 -0.818 -0.945 -0.589
0.52 0.609 0.607 0.623 0.472 0.272 0.108 0.118 0.224 0.296 0.536 0.489 0.054 0.146 0.08 -0.027 -0.082 -0.005 0.098 0.153 0.259 0.339 0.458 0.569 0.658 0.727 0.888 0.993 0.974 0.894 0.831 0.701 0.465 0.128 -0.154 -0.17 0.072 0.439 0.827 0.68 0.399 0.456 0.297 -0.05 -0.275 -0.54 -0.377 -0.208 0.042 0.011 -0.346 0.018 -0.182 -0.532 0.103 0.629 0.926 0.946 0.925 0.8 0.704 0.651 0.573 0.499 0.399 0.195 0.068 -0.028 -0.204 -0.356 -0.49 -0.51 -0.554 -0.661 -0.872 -0.815 -0.407
0.486 0.589 0.625 0.62 0.434 0.224 0.203 0.247 0.255 0.384 0.516 0.508 0.258 0.263 0.146 -0.006 -0.076 -0.06 0 0.058 0.321 0.494 0.618 0.72 0.8 0.892 0.98 0.999 0.946 0.827 0.77 0.506 0.152 -0.095 -0.262 -0.283 0.075 0.593 0.825 0.576 0.204 -0.033 -0.015 -0.224 -0.443 -0.644 -0.525 -0.354 -0.046 -0.341 -0.803 -0.573 -0.735 -0.609 0.047 0.351 0.706 0.926 0.914 0.883 0.709 0.47 0.323 0.16 0.28 0.302 0.244 0.17 0.103 0.03 -0.02 -0.109 -0.241 -0.557 -0.702 -0.689 -0.526
0.486 0.56 0.637 0.516 0.379 0.345 0.327 0.27 0.17 0.237 0.403 0.514 0.372 0.279 0.144 -0.027 0.029 -0.046 0.062 0.198 0.378 0.582 0.76 0.875 0.949 0.988 0.995 0.957 0.843 0.652 0.607 0.537 0.274 0.179 -0.111 -0.277 0.282 0.733 0.645 0.172 -0.219 -0.536 -0.4 -0.466 -0.593 -0.852 -0.81 -0.835 -0.424 -0.577 -1.101 -1.005 -0.659 -0.09 0.116 0.001 0.412 0.841 0.914 0.84 0.534 0.222 0.205 -0.106 -0.183 -0.16 -0.169 0.014 0.255 -0.02 -0.122 -0.177 -0.359 -0.737 -0.942 -0.868 -0.796
0.436 0.533 0.606 0.353 0.207 0.243 0.285 0.134 -0.041 0.041 0.377 0.437 0.191 0.106 0.121 -0.052 0.084 0.101 0.212 0.393 0.52 0.712 0.905 0.964 0.991 0.99 0.928 0.814 0.611 0.39 0.168 0.483 0.525 0.211 -0.144 -0.058 0.313 0.683 0.508 0.092 -0.31 -0.773 -0.734 -0.682 -0.753 -0.943 -0.954 -1.052 -0.993 -0.888 -1.037 -1.121 -0.531 -0.102 -0.214 -0.119 0.335 0.723 0.895 0.644 0.352 0.16 0.044 -0.177 -0.502 -0.574 -0.64 -0.321 0.094 -0.421 -0.588 -0.597 -0.733 -0.876 -1.277 -1.219 -1.274
0.412 0.539 0.488 0.316 0.172 0.121 0.142 -0.193 -0.135 0.099 0.399 0.33 -0.013 -0.038 0.053 -0.073 0.08 0.232 0.351 0.54 0.69 0.848 0.943 0.983 0.989 0.898 0.704 0.559 0.299 0.046 -0.143 0.254 0.552 0.241 -0.091 -0.003 0.055 0.503 0.584 0.115 -0.249 -0.496 -0.444 -0.402 -0.635 -0.751 -0.876 -1.051 -1.047 -0.908 -1.094 -1.069 -0.564 -0.282 -0.273 -0.115 0.187 0.61 0.877 0.445 -0.062 -0.195 -0.202 -0.415 -0.77 -0.815 -0.538 -0.233 -0.06 -0.619 -0.904 -0.997 -1.009 -1.146 -1.541 -1.56 -1.643
0.512 0.459 0.272 0.28 0.233 0.092 -0.124 -0.271 -0.03 0.207 0.389 0.267 -0.111 -0.194 -0.119 -0.052 0.101 0.272 0.36 0.414 0.658 0.908 0.953 0.973 0.856 0.613 0.305 0.217 0.043 -0.248 -0.049 0.478 0.469 0.108 -0.291 -0.384 -0.281 0.188 0.518 0.22 -0.067 -0.197 0.043 -0.173 -0.66 -0.845 -1.009 -0.894 -0.682 -0.561 -0.848 -0.817 -0.566 -0.31 -0.323 -0.283 0.01 0.479 0.858 0.562 -0.149 -0.605 -0.647 -0.788 -0.849 -0.8 -0.528 -0.173 -0.181 -0.646 -1.033 -1.255 -1.397 -1.485 -1.543 -1.548 -1.62
0.488 0.279 0.212 0.287 0.225 0.018 -0.331 -0.178 0.054 0.229 0.333 0.326 0.151 -0.078 -0.164 0.007 0.153 0.145 0.205 0.356 0.624 0.859 0.911 0.955 0.651 0.477 0.098 -0.155 -0.28 -0.239 0.141 0.471 0.277 -0.096 -0.498 -0.531 -0.334 0.212 0.454 0.269 0.158 0.156 0.255 -0.22 -0.735 -0.836 -1.005 -0.667 -0.442 -0.502 -0.69 -0.909 -0.783 -0.717 -0.63 -0.435 -0.146 0.334 0.77 0.772 0.168 -0.429 -0.685 -0.928 -0.848 -0.763 -0.584 -0.219 -0.401 -0.959 -1.289 -1.283 -1.43 -1.598 -1.441 -1.405 -1.54
0.486 0.417 0.421 0.368 0.224 -0.113 -0.31 -0.087 0.119 0.202 0.175 0.263 0.312 0.2 -0.009 -0.039 -0.007 -0.053 0.01 0.079 0.389 0.508 0.738 0.775 0.268 0.231 0.281 -0.168 -0.439 -0.159 0.032 0.414 0.139 -0.343 -0.637 -0.408 -0.082 0.132 0.332 0.351 0.347 0.354 0.277 -0.168 -0.543 -0.703 -0.954 -0.603 -0.366 -0.731 -1.014 -1.037 -0.781 -0.641 -0.302 0 0.152 0.311 0.509 0.813 0.513 0.023 -0.354 -0.713 -0.815 -1.157 -1.018 -0.827 -1.175 -1.369 -1.261 -0.985 -0.951 -1.289 -1.322 -1.365 -1.54
0.549 0.547 0.54 0.526 0.377 -0.038 -0.15 0.054 0.187 0.168 0.073 0.089 0.178 0.251 0.181 0.088 -0.012 -0.202 -0.216 0.066 0.165 0.413 0.745 0.537 -0.095 0.078 0.308 -0.038 -0.411 -0.306 0.022 0.384 0.025 -0.409 -0.736 -0.808 -0.349 -0.033 0.059 0.119 0.188 0.163 0.256 0.151 -0.132 -0.558 -0.664 -0.32 -0.404 -1.105 -1.261 -0.778 -0.47 -0.36 -0.292 -0.068 -0.059 -0.129 0.149 0.657 0.757 0.416 -0.148 -0.699 -1.043 -1.356 -1.205 -1.196 -1.178 -1.173 -0.984 -0.608 -0.909 -1.144 -1.323 -1.41 -1.448
0.353 0.35 0.364 0.387 0.415 0.324 0.257 0.249 0.16 0.141 0.027 -0.062 0.012 0.053 0.057 -0.012 -0.054 -0.295 -0.271 -0.058 0.081 0.607 0.753 0.382 -0.195 0.069 0.134 -0.104 -0.365 -0.251 0.194 0.271 -0.094 -0.428 -0.712 -0.942 -0.793 -0.366 -0.233 -0.189 -0.074 -0.248 -0.099 0.066 0.091 -0.18 -0.198 -0.122 -0.539 -1.19 -1.176 -0.756 -0.643 -0.543 -0.722 -0.645 -0.691 -0.527 -0.183 0.395 0.791 0.531 -0.128 -0.884 -1.294 -1.126 -0.999 -0.891 -0.788 -0.671 -0.412 -0.622 -1.312 -1.511 -1.582 -1.167 -1.169
0.126 0.07 0.014 0.023 0.047 0.21 0.336 0.189 0.082 0.019 -0.069 -0.243 -0.354 -0.36 -0.34 -0.382 -0.324 -0.421 -0.249 -0.06 0.286 0.717 0.694 0.335 -0.188 0.016 -0.125 -0.301 -0.403 -0.304 0.044 -0.05 -0.3 -0.643 -0.782 -0.855 -0.868 -0.768 -0.572 -0.409 -0.404 -0.68 -0.617 -0.525 -0.044 -0.06 -0.217 -0.475 -0.89 -1.329 -1.321 -1.15 -1.131 -1.081 -1.135 -0.942 -0.701 -0.715 -0.428 0.052 0.661 0.584 -0.058 -0.74 -0.934 -0.767 -0.791 -0.623 -0.41 -0.201 -0.325 -0.936 -1.494 -1.427 -1.441 -1.274 -0.85
-0.239 -0.353 -0.31 -0.169 0.047 0.267 0.234 0.06 -0.076 -0.244 -0.301 -0.304 -0.447 -0.459 -0.33 -0.346 -0.38 -0.362 -0.121 0.176 0.564 0.767 0.608 0.191 -0.166 -0.025 -0.2 -0.51 -0.523 -0.336 -0.29 -0.444 -0.528 -0.68 -0.628 -0.577 -0.625 -0.789 -0.784 -0.67 -0.663 -0.947 -1.192 -0.96 -0.51 -0.566 -0.683 -1.068 -1.341 -1.468 -1.482 -1.348 -1.285 -1.349 -1.127 -0.922 -0.684 -0.512 -0.475 0.002 0.661 0.562 0.02 -0.411 -0.293 -0.246 -0.279 -0.131 -0.046 -0.259 -0.58 -0.9 -1.329 -1.277 -1.055 -1.222 -0.883
-0.168 -0.271 -0.146 -0.021 0.117 0.247 0.086 -0.14 -0.302 -0.335 -0.168 0.048 -0.003 -0.004 0.081 0.065 0.038 -0.213 -0.123 0.289 0.562 0.651 0.388 -0.051 -0.319 -0.236 -0.181 -0.582 -0.613 -0.447 -0.446 -0.512 -0.565 -0.558 -0.388 -0.381 -0.496 -0.599 -0.749 -0.943 -1.082 -1.167 -1.415 -1.187 -1.085 -1.169 -1.148 -1.212 -1.208 -1.199 -1.365 -1.248 -0.957 -1.191 -1.183 -0.883 -0.735 -0.371 -0.112 0.185 0.664 0.587 0.415 0.26 0.197 0.102 0.021 -0.101 -0.43 -0.91 -1.039 -0.921 -1.337 -1.369 -0.934 -0.85 -0.746
-0.07 -0.147 -0.045 0.041 0.08 0.161 -0.109 -0.259 -0.124 0.116 0.349 0.468 0.491 0.49 0.496 0.436 0.455 0.142 -0.015 0.25 0.446 0.462 0.199 -0.078 -0.261 -0.308 -0.333 -0.526 -0.657 -0.725 -0.562 -0.549 -0.598 -0.367 -0.214 -0.429 -0.649 -0.938 -1.104 -1.101 -0.944 -0.799 -1.035 -1.193 -1.235 -1.209 -1.212 -0.912 -0.7 -1.02 -1.318 -1.231 -0.709 -0.963 -0.977 -0.674 -0.398 -0.175 0.202 0.534 0.567 0.132 -0.05 0.185 0.081 -0.126 -0.305 -0.649 -0.989 -1.36 -1.16 -1.045 -1.495 -1.294 -1.026 -0.81 -0.638
-0.097 -0.133 -0.045 -0.006 0.066 -0.07 -0.182 0.02 0.423 0.686 0.824 0.853 0.832 0.818 0.779 0.742 0.75 0.614 0.364 0.393 0.487 0.384 0.321 0.196 0.003 -0.147 -0.305 -0.424 -0.435 -0.656 -0.829 -0.655 -0.401 -0.119 -0.413 -0.8 -0.921 -0.932 -0.828 -0.5 -0.392 -0.638 -1.076 -1.373 -1.024 -0.858 -0.941 -0.857 -0.507 -0.974 -0.992 -1.265 -0.74 -0.471 -0.606 -0.784 -0.522 -0.096 0.376 0.467 0.093 -0.449 -0.684 -0.271 -0.12 -0.466 -0.709 -1.084 -1.472 -1.497 -1.087 -1.189 -1.349 -1.169 -1.095 -1.147 -1.004
-0.09 -0.128 -0.073 -0.103 -0.176 -0.12 0.176 0.567 0.841 0.935 0.957 0.958 0.953 0.944 0.9 0.881 0.882 0.87 0.773 0.751 0.737 0.668 0.548 0.459 0.266 0.102 -0.039 -0.252 -0.413 -0.599 -0.736 -0.306 0.008 -0.3 -0.613 -0.558 -0.317 -0.206 -0.21 -0.302 -0.614 -0.966 -1.175 -1.257 -1.015 -0.567 -0.471 -0.543 -0.434 -0.599 -0.68 -0.891 -0.943 -0.817 -0.453 -0.488 -0.364 0.17 0.456 0.205 -0.37 -1.041 -1.05 -0.533 -0.148 -0.665 -1.014 -1.252 -1.691 -1.608 -1.264 -1.353 -1.351 -1.259 -1.233 -1.206 -1.044
0.093 -0.007 -0.048 -0.247 -0.216 0.254 0.672 0.899 0.96 0.965 0.966 0.938 0.86 0.832 0.893 0.909 0.912 0.922 0.922 0.895 0.901 0.903 0.839 0.649 0.437 0.338 0.1 -0.213 -0.495 -0.624 -0.292 0.083 -0.153 -0.453 -0.341 0.007 0.168 0.146 0.076 -0.179 -0.419 -0.747 -0.829 -0.993 -0.794 -0.627 -0.756 -0.565 -0.421 -0.288 -0.314 -0.421 -0.617 -0.837 -0.705 -0.266 -0.161 0.341 0.3 -0.01 -0.647 -1.294 -1.267 -0.744 -0.346 -0.814 -1.301 -1.259 -1.452 -1.592 -1.427 -1.355 -1.297 -1.209 -1.058 -0.969 -0.765
0.266 0.146 -0.057 -0.154 0.222 0.712 0.925 0.964 0.969 0.963 0.835 0.601 0.428 0.352 0.395 0.452 0.369 0.441 0.497 0.519 0.575 0.84 0.927 0.904 0.787 0.525 0.309 -0.004 -0.345 -0.269 0.122 0.003 -0.061 0.112 0.106 0.177 -0.17 -0.389 -0.428 -0.388 -0.449 -0.58 -0.582 -0.798 -0.878 -0.878 -1.275 -1.112 -0.934 -0.613 -0.405 -0.159 -0.163 -0.324 -0.604 -0.359 0.177 0.351 -0.244 -0.245 -0.668 -1.139 -1.281 -0.976 -0.687 -0.792 -1.169 -0.999 -1.262 -1.549 -1.315 -1.11 -1.018 -0.915 -0.865 -0.606 -0.48
0.214 -0.007 0.023 0.336 0.742 0.937 0.968 0.972 0.934 0.74 0.319 0.257 0.109 -0.025 -0.007 -0.219 -0.369 -0.072 -0.027 -0.003 0.073 0.323 0.661 0.834 0.886 0.814 0.601 0.228 0.163 0.253 0.344 0.388 0.436 0.394 0.285 -0.096 -0.637 -0.9 -0.989 -0.95 -0.863 -0.854 -0.715 -0.937 -1.236 -1.108 -1.495 -1.588 -1.269 -1.105 -0.799 -0.374 -0.225 -0.092 -0.136 -0.105 0.348 0.008 -0.692 -0.387 -0.799 -1.184 -1.259 -1.097 -0.932 -0.947 -1.191 -0.885 -1.219 -1.378 -1.18 -0.925 -0.673 -0.546 -0.507 -0.191 -0.006
0.096 0.388 0.613 0.815 0.956 0.97 0.973 0.912 0.612 0.252 -0.031 0.163 -0.163 -0.363 -0.453 -0.407 -0.343 -0.305 -0.58 -0.339 -0.393 -0.235 0.109 0.457 0.65 0.733 0.794 0.67 0.618 0.527 0.427 0.241 0.01 -0.07 -0.039 -0.212 -0.786 -1.054 -1.223 -1.325 -1.108 -0.929 -0.978 -1.12 -1.635 -1.315 -1.368 -1.674 -1.479 -1.215 -0.934 -0.731 -0.783 -0.527 -0.106 0.233 0.296 -0.322 -0.921 -0.506 -0.844 -1.117 -1.372 -1.352 -1.204 -1.059 -1.165 -0.879 -0.984 -1.161 -0.947 -0.736 -0.47 -0.223 -0.063 0.113 0.121
0.548 0.829 0.939 0.965 0.968 0.941 0.797 0.546 0.029 -0.283 -0.253 -0.143 -0.304 -0.631 -0.662 -0.696 -0.767 -0.829 -0.604 -0.55 -0.647 -0.316 0.029 0.204 0.148 0.359 0.675 0.843 0.624 0.125 -0.164 -0.393 -0.55 -0.728 -0.599 -0.189 -0.478 -0.752 -1.011 -1.322 -1.36 -1.37 -1.375 -1.442 -1.849 -1.368 -1.03 -1.4 -1.539 -1.331 -1.288 -1.121 -0.973 -0.625 -0.157 0.319 -0.014 -0.628 -1.123 -0.75 -0.763 -1.238 -1.553 -1.42 -1.389 -0.952 -0.943 -0.869 -0.635 -0.827 -0.774 -0.502 -0.286 -0.059 0.078 0.083 -0.226
0.895 0.939 0.96 0.959 0.923 0.636 0.281 0.16 -0.312 -0.528 -0.405 -0.32 -0.369 -0.819 -1.025 -1.178 -1.091 -0.867 -0.751 -0.716 -0.545 -0.264 0.075 -0.076 -0.276 -0.119 0.422 0.672 0.626 -0.106 -0.611 -0.772 -0.918 -1.131 -0.984 -0.633 -0.458 -0.427 -0.909 -1.37 -1.672 -1.705 -1.643 -1.689 -1.852 -1.43 -0.956 -0.966 -1.284 -1.507 -1.502 -1.139 -0.871 -0.645 -0.114 0.245 -0.324 -0.887 -1.296 -0.941 -0.867 -1.397 -1.561 -1.231 -1.259 -0.976 -0.654 -0.618 -0.354 -0.451 -0.484 -0.513 -0.255 -0.021 -0.053 -0.129 -0.635
0.956 0.949 0.91 0.809 0.622 0.143 -0.303 -0.41 -0.535 -0.627 -0.539 -0.544 -0.476 -0.744 -1.05 -1.188 -0.934 -0.723 -0.549 -0.395 -0.211 0.024 -0.031 -0.5 -0.53 0.3 0.531 0.258 0.594 0.244 -0.3 -0.577 -0.772 -1.053 -1.172 -0.996 -0.701 -0.459 -0.944 -1.468 -1.701 -1.526 -1.474 -1.515 -1.654 -1.526 -1.183 -0.907 -0.792 -1.165 -1.334 -0.979 -0.814 -0.695 -0.183 0.187 -0.508 -1.026 -1.369 -1.175 -1.026 -1.391 -1.236 -1.194 -0.797 -0.758 -0.417 -0.243 -0.142 -0.114 -0.082 -0.08 -0.045 -0.091 -0.269 -0.144 -0.344
0.941 0.861 0.685 0.433 0.084 -0.28 -0.677 -0.647 -0.712 -0.851 -0.922 -0.919 -0.778 -0.887 -0.94 -0.945 -0.778 -0.578 -0.438 -0.178 -0.106 -0.114 -0.276 -0.871 -0.437 0.612 0.257 -0.271 0.278 0.502 0.284 -0.196 -0.415 -0.755 -1.117 -1.286 -1.052 -0.843 -1.072 -1.439 -1.723 -1.414 -1.079 -1.071 -1.351 -1.506 -1.443 -1.085 -0.668 -0.617 -0.81 -0.653 -0.457 -0.274 -0.006 0.157 -0.381 -0.8 -1.258 -1.296 -1.186 -1.194 -0.908 -1.02 -0.654 -0.457 -0.263 -0.168 -0.332 -0.226 -0.276 -0.274 -0.391 -0.391 -0.231 -0.142 -0.375
0.84 0.528 0.274 0.073 -0.355 -0.529 -0.7 -0.852 -0.895 -0.929 -1.026 -0.9 -0.845 -0.848 -0.714 -0.63 -0.572 -0.451 -0.261 -0.173 -0.526 -0.626 -0.493 -0.928 -0.345 0.537 -0.073 -0.69 -0.133 0.265 0.446 0.237 0.02 -0.465 -0.957 -1.384 -1.379 -1.316 -1.256 -1.405 -1.704 -1.626 -1.091 -0.819 -0.867 -1.192 -1.323 -1.121 -0.89 -0.656 -0.32 -0.151 -0.027 -0.064 -0.012 -0.166 -0.595 -0.976 -1.106 -0.984 -0.896 -0.865 -0.835 -0.748 -0.569 -0.347 -0.344 -0.581 -0.587 -0.374 -0.652 -0.497 -0.702 -0.632 -0.332 -0.252 -0.704
0.7 0.164 -0.175 -0.336 -0.336 -0.383 -0.558 -0.704 -0.704 -0.606 -0.773 -0.738 -0.677 -0.543 -0.479 -0.337 -0.335 -0.426 -0.372 -0.526 -1.107 -1.077 -0.929 -0.825 -0.31 0.318 -0.322 -1.02 -0.662 -0.3 0.183 0.378 0.334 -0.148 -0.665 -1.273 -1.552 -1.657 -1.463 -1.506 -1.826 -1.934 -1.505 -1.079 -0.732 -0.681 -0.875 -0.78 -0.57 -0.358 -0.234 -0.321 -0.445 -0.642 -0.197 -0.536 -0.9 -0.959 -0.764 -0.835 -1.054 -0.831 -0.751 -0.497 -0.375 -0.586 -0.762 -0.962 -0.588 -0.595 -0.927 -0.703 -1.006 -0.82 -0.317 -0.366 -0.934
0.766 0.294 -0.198 -0.18 -0.004 -0.049 -0.128 -0.133 -0.273 -0.292 -0.346 -0.286 -0.436 -0.252 -0.151 -0.084 -0.153 -0.523 -1.137 -1.221 -1.473 -1.402 -1.34 -0.907 -0.433 0.074 -0.268 -0.872 -1.073 -0.64 -0.26 -0.065 0.221 0.016 -0.778 -1.247 -1.342 -1.759 -1.609 -1.609 -1.853 -2.009 -1.841 -1.36 -1.033 -0.689 -0.455 -0.447 -0.404 -0.522 -0.705 -0.892 -0.994 -0.808 -0.332 -0.352 -0.617 -0.636 -0.801 -1.137 -1.277 -0.882 -0.588 -0.635 -0.613 -1.024 -1.091 -1.012 -0.61 -0.845 -1.115 -0.971 -1.145 -0.845 -0.354 -0.429 -0.851
0.599 0.621 0.333 0.41 0.488 0.502 0.454 0.426 0.306 0.145 0.123 0.083 -0.093 0.035 0.13 0.129 -0.118 -0.963 -1.769 -1.865 -1.764 -1.613 -1.516 -1.069 -0.73 -0.391 -0.391 -0.519 -0.905 -1.192 -0.931 -0.632 -0.087 0.029 -0.758 -1.089 -1.162 -1.698 -1.787 -1.664 -1.73 -1.962 -1.846 -1.395 -0.907 -0.753 -0.93 -0.812 -0.995 -1.156 -1.233 -1.203 -0.902 -0.504 -0.166 -0.164 -0.326 -0.524 -0.841 -1.254 -1.29 -1.029 -0.872 -0.981 -0.669 -1.201 -1.256 -0.945 -0.69 -1.047 -1.239 -1.188 -0.992 -0.578 -0.384 -0.621 -0.883
