data/climatemaps/RS_maps/climate_breeding_tmp_2002.asc
NCOLS 369 
NROWS 228 
XLLCORNER 479000 
YLLCORNER 73000 
CELLSIZE 1000 
NODATA_value -9 
[rows 68 to 101 of 228, columns 228 to 303 of 369]
0.929 0.927 0.917 0.9 0.904 0.904 0.899 0.891 0.893 0.848 0.829 0.8 0.753 0.644 0.434 0.272 0.146 0.066 -0.056 -0.03 0.113 0.327 0.116 0.3 0.464 0.527 0.437 0.282 -0.019 -0.383 -0.281 -0.107 -0.397 -0.635 -0.73 -0.439 -0.295 -1.054 -1.238 -0.932 -0.912 -0.783 -0.199 0.248 0.602 0.914 0.983 0.998 0.998 0.991 0.905 0.855 0.842 0.959 0.984 0.864 0.823 0.928 0.943 0.935 0.938 0.951 0.879 -9 -9 -9 -9 -9 -9 -9 -9 -9 -9 -9 -9 -9
0.982 0.973 0.955 0.935 0.949 0.952 0.942 0.949 0.979 0.976 0.949 0.902 0.851 0.777 0.628 0.435 0.331 0.165 -0.099 -0.208 -0.039 0.318 0.075 0.112 0.334 0.503 0.498 0.35 -0.016 -0.373 -0.405 -0.48 -0.728 -0.649 -0.346 0.033 -0.243 -0.657 -0.549 -0.609 -0.637 -0.269 0.111 0.431 0.746 0.944 0.988 0.998 0.998 0.978 0.901 0.911 0.974 0.993 0.87 0.516 0.447 0.698 0.845 0.937 0.969 0.97 0.957 -9 -9 -9 -9 -9 -9 -9 -9 -9 -9 -9 -9 -9
1.009 1.001 0.965 0.983 1.007 0.998 0.965 0.962 0.984 1.003 1 0.984 0.952 0.9 0.769 0.55 0.319 0.214 -0.1 -0.228 -0.034 0.171 -0.159 -0.066 0.108 0.208 0.315 0.363 0.107 -0.224 -0.657 -0.416 -0.281 -0.239 -0.024 0.016 -0.185 -0.185 -0.193 -0.228 -0.113 -0.067 0.185 0.517 0.848 0.962 0.991 1 0.998 0.991 0.984 0.994 0.992 0.876 0.476 0.048 0.223 0.584 0.592 0.733 0.854 0.932 0.955 -9 -9 -9 -9 -9 -9 -9 -9 -9 -9 -9 -9 -9
1.018 1.016 1.009 0.985 0.913 0.891 0.92 0.96 0.991 1.006 1.005 0.998 0.979 0.966 0.891 0.599 0.25 0.144 0.006 -0.271 -0.135 -0.201 -0.289 -0.047 -0.186 -0.098 0.171 0.344 0.325 -0.187 -0.435 -0.324 -0.117 0.013 0.173 0.148 0.084 0.067 0.122 0.129 0.142 0.184 0.349 0.629 0.903 0.977 0.996 1.001 1 1.004 1.009 1.013 0.943 0.585 0.015 -0.202 0.322 0.454 0.241 0.38 0.589 0.772 -9 -9 -9 -9 -9 -9 -9 -9 -9 -9 -9 -9 -9 -9
1.011 1.006 0.992 0.947 0.856 0.862 0.942 1.004 1.008 1.011 1.01 0.995 0.918 0.985 0.92 0.73 0.328 0.019 0.061 -0.258 -0.392 -0.513 -0.349 -0.15 0.058 0.216 0.195 0.258 0.377 0.039 -0.074 -0.022 0.221 0.244 0.231 0.136 0.078 -0.001 -0.006 0.026 0.118 0.241 0.446 0.684 0.918 0.979 1 0.999 1.001 1.004 1.009 0.989 0.71 0.243 -0.404 -0.185 0.334 0.313 -0.115 0.011 0.406 0.619 -9 -9 -9 -9 -9 -9 -9 -9 -9 -9 -9 -9 -9 -9
0.995 0.998 0.989 0.968 0.955 0.961 0.954 1.007 1.008 1.009 1.008 0.939 0.865 0.996 0.971 0.863 0.459 0.055 -0.267 -0.316 -0.692 -0.508 -0.205 -0.052 0.015 0.01 -0.242 -0.062 -0.016 0.261 0.272 0.23 0.071 -0.09 -0.113 -0.149 -0.157 -0.284 -0.298 -0.259 -0.155 0.054 0.344 0.631 0.896 0.983 1.002 1.002 1.001 1.004 0.998 0.883 0.426 -0.134 -0.665 -0.269 0.327 -0.021 -0.5 -0.318 0.098 0.247 -9 -9 -9 -9 -9 -9 -9 -9 -9 -9 -9 -9 -9 -9
0.943 0.976 0.983 0.976 0.977 0.988 0.991 1.006 1.008 1.008 1.007 0.946 0.938 1.003 0.993 0.925 0.579 0.108 -0.484 -0.56 -0.632 -0.582 -0.388 -0.2 -0.291 -0.264 -0.335 -0.37 -0.202 0.002 -0.053 -0.156 -0.374 -0.395 -0.43 -0.54 -0.53 -0.625 -0.514 -0.314 -0.168 0.077 0.308 0.493 0.781 0.958 1.001 1.003 1.001 1.003 0.969 0.785 0.22 -0.613 -0.923 -0.36 0.265 -0.392 -0.756 -0.284 -0.211 -0.31 0.113 0.467 0.233 0.258 -9 -9 -9 -9 -9 -9 -9 -9 -9 -9
0.763 0.818 0.885 0.928 0.939 0.949 0.933 0.94 0.954 0.983 0.997 1 0.999 1.003 1.003 0.952 0.505 -0.172 -0.57 -0.372 -0.383 -0.657 -0.512 -0.311 -0.389 -0.501 -0.46 -0.339 -0.158 -0.325 -0.593 -0.583 -0.6 -0.631 -0.78 -0.974 -0.888 -0.859 -0.593 -0.213 -0.065 -0.057 -0.053 0.232 0.566 0.682 0.906 1.001 1.003 1.003 0.899 0.639 -0.024 -0.802 -0.548 0.022 -0.019 -0.428 -0.835 -0.433 -0.424 -0.418 -0.201 0.294 0.022 -0.305 -0.48 -0.193 0.209 0.43 -9 -9 -9 -9 -9 -9
0.444 0.52 0.637 0.748 0.607 0.55 0.506 0.494 0.656 0.842 0.919 0.99 1.001 1.003 1.005 0.923 0.305 -0.443 -0.4 -0.032 -0.341 -0.245 -0.086 -0.082 -0.276 -0.322 -0.481 -0.417 -0.508 -0.75 -0.902 -0.886 -0.896 -0.924 -1.154 -1.185 -1.001 -0.781 -0.456 -0.11 -0.302 -0.638 -0.289 -0.065 0.119 0.41 0.798 0.993 1.006 1.003 0.901 0.606 -0.049 -0.719 -0.384 0.046 -0.472 -0.741 -0.965 -0.653 -0.493 -0.568 -0.358 0.166 -0.008 -0.441 -0.679 -0.354 -0.04 0.192 0.519 0.709 0.861 -9 -9 -9
0.165 0.115 0.407 0.648 0.198 0.07 0.081 0.052 0.087 0.375 0.477 0.644 0.917 1 0.998 0.884 0.214 -0.143 0.151 0.349 -0.026 0.215 0.233 0.02 -0.143 -0.226 -0.54 -0.733 -0.868 -0.868 -0.783 -0.718 -0.612 -0.513 -0.777 -0.96 -0.901 -0.765 -0.629 -0.456 -0.788 -0.996 -0.732 -0.454 -0.126 0.341 0.681 0.912 1.008 1.008 0.964 0.543 -0.29 -0.777 -0.4 -0.036 -0.375 -0.71 -0.874 -0.643 -0.68 -0.604 -0.224 -0.035 -0.287 -0.615 -0.647 -0.459 -0.186 0.133 0.489 0.484 0.686 0.774 0.803 0.803
-0.042 0.05 0.342 0.646 0.487 0.269 0.074 -0.18 -0.219 -0.072 0.032 0.188 0.549 0.898 0.991 0.887 0.541 0.318 0.607 0.739 0.535 0.635 0.565 0.323 0.179 0.008 -0.223 -0.319 -0.312 -0.272 -0.118 -0.067 0.09 0.29 0.199 -0.089 -0.319 -0.432 -0.877 -1.07 -1.228 -1.143 -0.938 -0.584 -0.039 0.222 0.484 0.861 1.008 1.001 1 0.629 -0.107 -0.504 -0.138 -0.34 -0.646 -0.515 -0.79 -0.851 -0.739 -0.214 -0.172 -0.443 -0.597 -0.854 -0.602 -0.518 -0.397 0.102 0.387 -0.059 0.204 0.101 0.231 0.806
-0.052 0.181 0.478 0.594 0.426 0.392 0.207 -0.038 -0.271 -0.236 -0.167 -0.236 -0.03 0.491 0.867 0.982 0.877 0.831 0.929 0.978 0.987 0.951 0.926 0.857 0.784 0.69 0.643 0.682 0.688 0.686 0.711 0.685 0.751 0.841 0.847 0.722 0.384 -0.034 -0.794 -0.722 -0.94 -1.277 -0.813 -0.332 -0.366 -0.018 0.415 0.875 1.006 1.008 1.005 0.806 0.213 -0.194 -0.158 -0.637 -0.927 -0.65 -0.827 -0.952 -0.519 -0.114 -0.608 -0.734 -0.932 -0.834 -0.419 -0.187 -0.03 0.252 -0.031 -0.604 -0.414 -0.474 -0.372 0.373
0.036 0.225 0.437 0.481 0.315 0.174 0.152 0.032 -0.307 -0.369 -0.295 -0.251 -0.084 0.196 0.655 0.974 0.991 0.998 0.993 0.903 0.781 0.786 0.892 0.961 1.011 1.021 1.019 1.011 1.012 1.014 1.017 1.005 1.015 1.024 1.026 1.004 0.903 0.458 -0.315 -0.344 -0.499 -0.902 -0.944 -0.673 -0.688 -0.109 0.425 0.749 0.974 1.007 1.003 0.92 0.462 0.048 -0.204 -0.526 -0.664 -0.721 -1.027 -0.917 -0.381 -0.239 -0.967 -0.979 -0.907 -0.641 -0.381 0.067 0.206 -0.276 -0.093 -0.933 -0.953 -0.929 -0.533 0.349
-0.044 0.101 0.091 0.455 0.419 0.157 -0.091 -0.044 -0.413 -0.44 -0.311 -0.308 -0.283 -0.077 0.426 0.906 0.997 0.927 0.718 0.501 0.371 0.406 0.492 0.672 0.826 0.905 0.935 0.953 0.984 0.989 0.982 0.912 0.979 0.978 0.871 1.016 1.023 0.951 0.262 -0.079 -0.396 -0.628 -1.077 -1.035 -0.64 -0.128 0.348 0.638 0.869 1.001 1.003 0.933 0.568 0.101 -0.36 -0.308 -0.561 -0.624 -1.02 -0.79 -0.268 -0.361 -0.947 -1.029 -0.81 -0.569 -0.265 0.202 -0.127 -0.635 -0.544 -0.872 -1.314 -0.885 -0.147 0.33
-0.224 -0.175 -0.299 0.167 0.345 0.228 -0.149 -0.153 -0.375 -0.522 -0.37 -0.271 -0.242 -0.138 0.111 0.75 0.989 0.752 0.315 -0.047 -0.066 0.033 0.137 0.378 0.389 0.533 0.495 0.706 0.588 0.68 0.747 0.659 0.52 0.436 0.488 0.68 0.945 1.005 0.775 0.092 -0.435 -0.606 -0.813 -1.08 -0.71 -0.223 0.336 0.666 0.813 0.993 1.003 0.96 0.589 0.002 -0.598 -0.349 -0.745 -0.682 -0.844 -0.693 -0.181 -0.427 -0.874 -1.13 -0.767 -0.35 -0.079 0.149 -0.611 -1.083 -1.01 -1.164 -1.139 -0.591 -0.191 0.267
-0.196 -0.327 -0.22 0.021 0.318 0.322 0.022 -0.401 -0.538 -0.524 -0.385 -0.24 -0.03 0.071 0.238 0.714 0.983 0.785 0.258 -0.302 -0.487 -0.196 -0.301 0.062 -0.19 0.003 0.059 0.508 0.024 0.112 0.29 0.312 -0.11 -0.032 0.166 0.467 0.842 0.998 0.983 0.642 0.116 -0.48 -0.566 -0.754 -0.523 -0.092 0.367 0.724 0.883 0.995 1.002 0.925 0.444 -0.102 -0.707 -0.5 -0.729 -0.987 -0.986 -0.748 -0.198 -0.496 -0.957 -1.019 -0.639 -0.652 -0.584 -0.005 -0.794 -1.418 -1.171 -1.02 -0.697 -0.523 -0.228 0.129
-0.131 -0.308 -0.202 -0.015 0.201 0.38 0.085 -0.607 -0.719 -0.547 -0.172 0.021 0.133 0.17 0.133 0.764 0.983 0.864 0.307 -0.121 -0.55 -0.176 -0.815 -0.37 -0.635 -0.524 0.078 0.105 -0.417 -0.472 -0.244 -0.278 -0.379 -0.291 -0.091 0.301 0.614 0.859 0.959 0.944 0.699 0.054 -0.296 -0.656 -0.384 0.027 0.486 0.832 0.966 1.003 0.997 0.764 0.191 -0.445 -0.914 -0.667 -0.599 -1.091 -1.14 -0.678 -0.368 -0.555 -0.828 -1.067 -0.823 -1.01 -0.474 -0.189 -0.697 -1.311 -0.908 -0.599 -0.44 -0.438 -0.297 -0.322
-0.057 -0.186 -0.235 -0.143 0.166 0.385 0.04 -0.437 -0.824 -0.591 -0.042 -0.065 -0.18 -0.278 -0.222 0.82 0.917 0.546 0.11 -0.143 -0.511 -0.365 -1.125 -0.667 -0.802 -0.718 -0.046 -0.485 -0.724 -0.818 -0.706 -0.687 -0.635 -0.441 -0.04 0.228 0.318 0.536 0.7 0.889 0.962 0.757 0.133 -0.517 -0.454 0.046 0.61 0.916 0.993 1.003 0.93 0.268 -0.249 -0.361 -0.926 -1.03 -0.705 -1.018 -0.994 -0.624 -0.885 -0.887 -1.019 -1.481 -1.416 -1.214 -0.7 -0.771 -0.594 -1.117 -0.932 -0.651 -0.637 -0.878 -0.756 -0.729
0.203 0.004 -0.247 -0.186 0.205 0.264 -0.241 -0.616 -0.808 -0.279 -0.297 -0.58 -0.783 -0.99 -0.193 0.895 0.798 0.23 -0.226 -0.62 -0.679 -0.573 -1.185 -0.807 -0.564 -0.506 -0.13 -0.785 -1.089 -1.008 -0.918 -0.833 -0.637 -0.253 0.06 -0.148 -0.147 0.134 0.39 0.601 0.876 0.969 0.703 0.194 -0.077 0.342 0.833 0.973 1 1.002 0.89 0.001 -0.601 -0.627 -0.73 -1.199 -1.107 -1.436 -1.22 -0.948 -1.286 -1.237 -1.542 -1.849 -1.798 -1.683 -1.336 -1.417 -0.909 -1.105 -1.087 -0.94 -0.685 -1.046 -0.964 -0.69
0.265 -0.257 -0.687 -0.471 0.115 -0.079 -0.542 -0.865 -0.593 -0.374 -0.732 -0.929 -1.039 -0.977 0.226 0.926 0.694 0.26 -0.268 -0.734 -0.864 -0.876 -0.893 -0.718 -0.872 -0.851 -0.256 -0.859 -1.241 -1.04 -0.792 -0.561 -0.333 -0.024 -0.243 -0.649 -0.533 -0.24 0.063 0.34 0.57 0.83 0.927 0.835 0.634 0.823 0.978 0.961 0.886 0.875 0.868 0.22 -0.403 -0.983 -1.221 -1.383 -1.418 -1.166 -1.309 -1.294 -1.265 -1.028 -1.106 -1.394 -1.673 -1.813 -1.581 -1.295 -0.992 -1.151 -1.297 -1.062 -0.866 -1.126 -1.037 -0.548
0.168 -0.193 -0.707 -0.423 -0.026 -0.335 -0.782 -1.059 -0.66 -0.806 -0.968 -0.927 -0.704 -0.111 0.55 0.887 0.807 0.29 -0.237 -0.818 -1.168 -1.119 -0.845 -0.977 -1.095 -0.796 -0.445 -0.968 -1.231 -0.943 -0.724 -0.355 -0.109 -0.178 -0.743 -0.915 -0.696 -0.439 -0.198 0.103 0.282 0.519 0.779 0.966 0.952 0.984 0.993 0.978 0.755 0.508 0.79 0.611 -0.134 -1.026 -1.279 -1.121 -1.062 -0.923 -0.79 -0.841 -0.848 -0.607 -0.652 -0.836 -1.024 -1.309 -1.306 -1.145 -1.142 -1.272 -1.247 -1.157 -1.131 -1.036 -0.896 -0.558
-0.132 -0.186 -0.678 -0.429 -0.55 -0.799 -1.027 -0.992 -0.746 -0.795 -0.633 -0.374 0.123 0.475 0.691 0.823 0.898 0.655 -0.065 -0.877 -1.189 -1.297 -1.114 -1.008 -0.938 -0.801 -0.946 -1.18 -1.244 -1.052 -0.941 -0.576 -0.217 -0.44 -1.133 -0.962 -0.635 -0.527 -0.456 -0.165 0.145 0.435 0.591 0.88 0.984 0.993 0.993 0.993 0.97 0.74 0.49 0.665 0.415 -0.091 -0.545 -1.124 -0.884 -0.681 -0.525 -0.388 -0.23 -0.344 -0.477 -0.558 -0.749 -0.885 -1.025 -1.099 -1.162 -1.06 -0.914 -1.109 -1.438 -1.204 -0.831 -0.706
-0.115 -0.407 -0.779 -0.636 -0.766 -0.735 -0.496 -0.458 -0.522 -0.437 0.078 0.289 0.291 0.249 0.486 0.619 0.86 0.901 0.427 -0.446 -0.941 -1.375 -1.316 -0.983 -1.153 -1.203 -1.188 -1.219 -1.377 -1.293 -1.158 -0.771 -0.35 -0.71 -1.226 -0.851 -0.805 -0.773 -0.644 -0.309 0.263 0.147 0.197 0.697 0.903 0.989 0.993 0.993 0.993 0.992 0.887 0.686 0.605 0.194 -0.259 -0.86 -0.93 -0.882 -0.81 -0.579 -0.141 -0.091 -0.286 -0.457 -0.805 -1.018 -0.918 -0.941 -1.015 -0.682 -0.638 -0.991 -1.269 -1.421 -1.182 -1.257
-0.155 -0.737 -0.578 -0.458 -0.388 0.005 0.181 0.213 0.19 0.201 0.332 0.246 -0.061 -0.149 -0.382 -0.012 0.645 0.876 0.635 -0.225 -0.879 -1.256 -1.42 -1.112 -1.194 -1.255 -0.991 -1.094 -1.425 -1.424 -1.234 -0.783 -0.682 -0.994 -1.169 -0.99 -1.036 -0.924 -0.695 -0.066 0.32 -0.206 -0.198 0.372 0.595 0.764 0.861 0.959 0.984 0.993 0.962 0.858 0.768 0.435 0.117 -0.515 -0.859 -1.134 -0.996 -0.667 -0.127 0.105 -0.32 -0.637 -1.007 -0.942 -0.586 -0.648 -0.715 -0.412 -0.376 -0.73 -0.897 -1.115 -1.338 -1.597
-0.565 -0.78 -0.366 -0.138 -0.086 0.254 0.185 0.053 0.119 0.058 -0.405 -0.731 -0.882 -0.941 -0.995 -0.228 0.541 0.824 0.658 -0.168 -0.743 -0.999 -1.317 -0.989 -0.739 -0.9 -0.712 -1.089 -1.31 -1.248 -1.252 -1.087 -1.167 -1.232 -1.29 -1.189 -1.078 -0.75 -0.293 0.254 -0.127 -0.509 -0.477 -0.001 0.246 0.266 0.402 0.554 0.837 0.964 0.984 0.955 0.9 0.684 0.378 -0.144 -0.588 -1.034 -0.831 -0.44 0.016 0.222 -0.166 -0.553 -0.912 -0.612 -0.156 -0.416 -0.349 -0.053 -0.262 -0.521 -0.867 -1.287 -1.199 -1.133
-0.776 -0.684 -0.392 -0.564 -0.683 -0.029 -0.345 -0.863 -0.837 -0.974 -1.431 -1.766 -1.647 -1.432 -0.67 0.061 0.588 0.83 0.611 0.037 -0.192 -0.516 -0.969 -0.673 -0.306 -0.584 -0.768 -1.21 -0.91 -0.965 -1.359 -1.349 -1.383 -1.27 -1.143 -1.055 -0.866 -0.58 0.12 0.093 -0.505 -0.923 -0.745 -0.282 -0.051 -0.235 -0.057 0.086 0.493 0.826 0.941 0.99 0.96 0.865 0.666 0.244 -0.125 -0.489 -0.398 -0.112 0.243 0.352 -0.054 -0.344 -0.515 -0.313 0.13 -0.239 0.031 -0.053 -0.482 -0.742 -0.87 -1.202 -1.168 -0.886
-0.92 -0.623 -0.76 -1.058 -1.127 -0.596 -0.335 -0.758 -1.019 -1.487 -1.757 -1.906 -1.564 -1.094 -0.516 0.184 0.714 0.834 0.669 0.411 0.393 0.181 -0.258 -0.197 -0.258 -0.798 -1.149 -1.241 -0.583 -0.884 -1.419 -1.151 -1.18 -1.353 -0.805 -0.488 -0.331 -0.026 0.153 -0.194 -0.636 -1.218 -1.077 -0.51 -0.544 -0.676 -0.448 -0.145 0.427 0.64 0.715 0.939 0.983 0.961 0.86 0.624 0.264 -0.029 0.064 0.217 0.499 0.449 0.246 0.093 -0.08 0.105 0.321 0.204 0.309 0.122 -0.195 -0.339 -0.664 -1.174 -1.014 -0.652
-0.498 -0.566 -0.955 -1.286 -1.316 -1.005 -0.602 -0.426 -0.854 -1.386 -1.69 -1.589 -0.87 -0.599 -0.188 0.467 0.813 0.626 0.484 -0.029 -0.029 0.315 0.352 0.24 -0.226 -0.859 -1.213 -1.15 -0.449 -0.786 -1.296 -0.763 -0.977 -1.015 -0.545 -0.083 0.041 0.08 -0.145 -0.615 -0.801 -1.428 -1.351 -0.972 -0.995 -0.977 -0.691 -0.185 0.492 0.37 0.296 0.672 0.925 0.981 0.941 0.877 0.6 0.35 0.397 0.587 0.773 0.759 0.644 0.553 0.423 0.508 0.512 0.295 0.018 -0.115 -0.13 -0.365 -0.686 -0.697 -0.53 -0.458
-0.433 -0.657 -1.018 -1.279 -1.222 -1.045 -0.853 -0.825 -1.061 -1.424 -1.417 -1.119 -0.536 -0.302 0.207 0.731 0.64 0.24 0.25 -0.339 -0.665 -0.206 0.131 0.447 -0.049 -0.669 -0.873 -0.991 -0.411 -0.698 -1.151 -0.785 -0.526 -0.468 -0.186 -0.298 -0.59 -0.562 -0.167 -0.898 -1.009 -1.508 -1.511 -1.185 -1.032 -0.866 -0.503 -0.063 0.473 0.093 -0.034 0.184 0.632 0.946 0.975 0.955 0.882 0.713 0.56 0.707 0.764 0.692 0.694 0.802 0.722 0.433 0.097 -0.168 -0.398 -0.538 -0.542 -0.501 -0.43 -0.272 -0.432 -0.54
-0.558 -0.707 -0.968 -1.2 -1.212 -1.068 -0.942 -1.371 -1.283 -1.115 -0.879 -0.597 -0.27 0.072 0.593 0.707 0.316 -0.069 0.119 -0.451 -1.004 -0.765 -0.449 0.156 0.289 -0.323 -0.496 -0.544 -0.279 -0.739 -1.173 -0.742 -0.285 -0.366 -0.482 -0.717 -1.03 -0.984 -0.392 -0.972 -1.387 -1.69 -1.443 -0.992 -0.561 -0.368 -0.102 0.179 0.449 -0.082 -0.184 0.05 0.541 0.95 0.982 0.967 0.924 0.338 0.439 0.41 0.218 0.112 0 0.255 0.631 0.544 0.008 -0.23 -0.347 -0.649 -0.854 -0.712 -0.344 -0.295 -0.741 -0.879
-0.533 -0.643 -0.801 -1.056 -1.352 -1.206 -1.233 -1.641 -1.446 -1.175 -0.929 -0.635 -0.407 0.254 0.76 0.41 -0.188 -0.261 -0.15 -0.53 -1.113 -1.172 -0.884 -0.34 0.37 0.124 -0.062 -0.17 -0.471 -1.164 -1.381 -0.762 -0.608 -0.994 -0.923 -1.006 -1.331 -1.088 -0.647 -1.02 -1.577 -1.755 -1.46 -0.987 -0.631 -0.438 -0.373 0.157 0.411 -0.222 -0.346 0.099 0.622 0.976 0.983 0.979 0.864 0.274 0.348 0.134 -0.28 -0.301 -0.418 -0.33 0.147 0.659 0.344 0.038 -0.129 -0.508 -0.831 -0.638 -0.189 -0.369 -0.823 -1.088
-0.431 -0.599 -0.894 -1.172 -1.378 -1.295 -1.371 -1.453 -1.338 -1.075 -0.828 -0.604 -0.337 0.398 0.682 0.005 -0.625 -0.44 -0.587 -0.656 -1.075 -1.004 -0.577 -0.266 0.303 0.068 -0.423 -0.762 -1.165 -1.345 -1.345 -0.914 -0.964 -1.29 -1.305 -1.417 -1.446 -1.157 -1.032 -1.288 -1.71 -1.54 -1.674 -1.368 -1.083 -1.055 -0.727 0.025 0.355 -0.419 -0.322 0.207 0.715 0.983 0.983 0.93 0.662 0.11 0.306 -0.074 -0.458 -0.582 -0.454 -0.187 0.203 0.667 0.47 0.066 -0.284 -0.505 -0.529 -0.249 -0.052 -0.484 -0.999 -1.105
-0.388 -0.687 -0.923 -1.11 -1.128 -1.147 -1.193 -1.2 -1.072 -0.744 -0.52 -0.368 0.055 0.663 0.464 -0.202 -0.692 -0.611 -0.719 -0.811 -1.151 -1.182 -0.828 -0.434 0.231 -0.091 -0.847 -1.092 -1.08 -1.129 -1.219 -1 -1.202 -1.458 -1.463 -1.37 -1.308 -1.205 -1.225 -1.345 -1.664 -1.273 -1.561 -1.445 -1.032 -0.937 -0.652 0.069 0.062 -0.571 -0.199 0.254 0.773 0.983 0.979 0.84 0.537 0.068 0.162 -0.011 -0.389 -0.602 -0.419 0.013 0.4 0.626 0.561 0.12 -0.152 -0.173 -0.136 0.063 -0.142 -0.623 -0.993 -1.179
-0.313 -0.895 -0.894 -0.973 -0.957 -1.095 -1.309 -1.281 -0.898 -0.514 -0.136 0.008 0.531 0.59 -0.102 -0.163 -0.612 -0.819 -0.967 -0.994 -1.248 -1.266 -0.981 -0.529 0.16 0.006 -0.679 -0.768 -0.798 -0.98 -1.436 -1.408 -1.459 -1.365 -1.203 -0.972 -0.887 -0.83 -0.874 -1.007 -1.414 -1.252 -1.123 -1.474 -1.162 -0.652 -0.214 0.264 -0.413 -0.564 -0.061 0.431 0.866 0.976 0.964 0.794 0.392 -0.149 0.045 -0.124 -0.507 -0.534 -0.237 0.18 0.311 0.382 0.577 0.476 0.329 0.261 0.276 0.216 -0.041 -0.341 -0.617 -0.876
