data/climatemaps/RS_maps/climate_breeding_tmp_2017.asc
NCOLS 369 
NROWS 228 
XLLCORNER 479000 
YLLCORNER 73000 
CELLSIZE 1000 
NODATA_value -9 
[rows 136 to 169 of 228, columns 231 to 307 of 369]
-1.628 -1.739 -1.962 -1.956 -1.599 -1.692 -1.685 -1.674 -1.493 -1.15 -1.193 -1.439 -1.17 -1.074 -1.126 -0.604 -0.543 -1.121 -1.656 -1.659 -1.243 -0.835 -0.288 0.084 -0.389 -0.937 -1.386 -1.504 -1.243 -0.856 -0.476 -0.739 -1.569 -1.618 -1.305 -1.128 -0.944 -0.788 -0.713 -0.489 -0.204 0.264 0.588 0.306 -0.466 -1.118 -1.22 -1.33 -1.339 -1.089 -0.849 -0.45 -0.062 0.206 0.397 0.018 -0.523 -0.827 -1.382 -1.538 -1.537 -1.478 -1.275 -1.7 -1.417 -1.2 -0.761 -0.218 -0.698 -0.9 -1.048 -1.277 -1.444 -1.361 -1.45 -1.838 -1.728
-1.942 -2.01 -2.034 -1.605 -1.24 -1.376 -1.358 -1.32 -1.205 -1.173 -1.354 -1.562 -1.212 -0.977 -0.819 -0.492 -0.85 -1.602 -1.714 -1.322 -0.944 -0.478 -0.027 -0.027 -0.587 -0.984 -1.03 -1.284 -1.223 -0.888 -0.553 -0.62 -1.315 -1.562 -1.353 -1.169 -1.06 -0.893 -0.86 -0.736 -0.357 0.342 0.585 0.113 -0.531 -0.92 -1.253 -1.618 -1.308 -0.906 -0.605 -0.407 -0.184 0.052 0.341 0.195 -0.207 -0.751 -1.14 -1.177 -1.403 -1.509 -1.469 -1.841 -1.611 -1.393 -0.92 -0.386 -0.801 -1.087 -1.236 -1.382 -1.6 -1.728 -1.65 -1.621 -1.455
-1.765 -1.863 -1.834 -1.34 -0.887 -1.339 -1.565 -1.551 -1.333 -1.142 -1.557 -1.692 -1.713 -1.205 -0.692 -0.75 -1.238 -1.668 -1.426 -1.095 -0.657 -0.3 -0.244 -0.357 -0.49 -1.064 -1.089 -1.389 -1.261 -0.99 -0.687 -0.63 -1.269 -1.558 -1.426 -1.32 -1.219 -1.181 -1.078 -0.791 -0.344 0.322 0.517 -0.107 -0.81 -1.019 -1.119 -1.519 -1.227 -0.77 -0.788 -0.682 -0.406 -0.066 0.243 0.308 0.009 -0.578 -0.765 -0.778 -1.207 -1.238 -1.332 -1.694 -1.588 -1.229 -0.937 -0.548 -0.55 -0.713 -1.01 -1.323 -1.604 -1.526 -1.327 -1.165 -1.086
-1.192 -1.354 -1.577 -1.397 -0.724 -1.074 -1.425 -1.218 -1.013 -1.057 -1.216 -1.559 -1.751 -1.372 -1.131 -1.083 -1.564 -1.661 -1.311 -0.846 -0.506 -0.516 -0.771 -0.739 -0.403 -0.891 -1.32 -1.443 -1.23 -0.946 -0.854 -1.075 -1.511 -1.624 -1.329 -1.14 -0.992 -1.014 -0.88 -0.751 -0.447 0.165 0.272 -0.333 -1.006 -1.307 -1.308 -1.421 -1.179 -0.996 -1.129 -0.932 -0.556 -0.117 0.028 0.133 0.255 -0.193 -0.395 -0.442 -0.732 -0.89 -1.151 -1.706 -1.595 -1.25 -1.043 -0.802 -0.895 -0.74 -0.809 -0.939 -1.156 -1.181 -1.173 -1.173 -1.213
-1.12 -1.428 -1.594 -1.071 -0.409 -0.573 -1.033 -0.857 -0.738 -0.682 -0.868 -1.212 -1.734 -1.711 -1.395 -1.4 -1.738 -1.401 -0.938 -0.573 -0.703 -0.949 -1.156 -0.96 -0.481 -0.766 -1.413 -1.515 -1.314 -1.112 -1.183 -1.344 -1.475 -1.533 -1.422 -1.023 -0.661 -0.561 -0.549 -0.71 -0.526 0.105 0.269 -0.29 -0.782 -0.899 -1.155 -1.406 -1.244 -1.251 -1.267 -0.913 -0.51 -0.215 -0.378 -0.279 0.125 0.111 -0.217 -0.529 -0.821 -1.051 -1.044 -1.36 -1.668 -1.489 -1.174 -1.014 -1.348 -1.198 -1.057 -1.084 -1.256 -1.338 -1.37 -1.419 -1.557
-1.376 -1.331 -1.381 -0.964 -0.283 -0.286 -0.869 -0.63 -0.463 -0.639 -0.953 -1.358 -1.69 -1.689 -1.401 -1.388 -1.402 -0.932 -0.687 -0.72 -1.1 -1.293 -1.333 -0.959 -0.6 -0.881 -1.296 -1.581 -1.444 -1.318 -1.23 -1.14 -1.038 -1.187 -1.295 -0.789 -0.336 -0.046 -0.019 -0.111 -0.197 0.05 -0.061 0.04 -0.529 -1.037 -1.206 -1.356 -1.444 -1.326 -1.07 -0.777 -0.473 -0.474 -0.795 -0.638 -0.189 0.029 -0.307 -0.719 -0.94 -1.22 -1.174 -1.108 -1.614 -1.608 -1.352 -1.42 -1.599 -1.46 -1.154 -0.933 -0.842 -0.695 -0.615 -0.722 -0.917
-1.174 -0.863 -0.788 -0.735 -0.128 0.008 -0.538 -0.447 -0.331 -0.769 -1.287 -1.669 -1.561 -1.144 -0.959 -0.871 -0.846 -0.696 -1.01 -1.135 -1.323 -1.458 -1.223 -0.794 -0.907 -1.293 -1.412 -1.38 -1.25 -1.24 -1.306 -1.111 -0.913 -0.605 -0.596 -0.237 -0.006 -0.016 -0.241 -0.112 -0.229 -0.411 -0.295 0.013 -0.483 -0.978 -1.334 -1.435 -1.476 -1.192 -0.913 -0.62 -0.548 -0.925 -1.115 -0.729 -0.299 -0.002 -0.384 -0.84 -1.151 -1.437 -1.517 -1.243 -1.482 -1.795 -1.7 -1.667 -1.42 -1.089 -0.949 -1.161 -1.351 -1.162 -0.708 -0.587 -0.42
-0.829 -0.5 -0.262 -0.251 0.052 0.107 -0.266 -0.458 -0.712 -0.806 -1.274 -1.744 -1.414 -0.956 -1.156 -1.037 -0.836 -0.786 -1.382 -1.501 -1.455 -1.25 -0.957 -0.978 -1.23 -1.402 -1.211 -0.974 -0.823 -0.874 -0.941 -0.711 -0.488 -0.314 -0.057 -0.097 -0.289 -0.574 -0.797 -0.417 -0.717 -0.753 -0.251 0.021 -0.482 -0.846 -1.124 -1.305 -1.317 -1.036 -0.836 -0.652 -0.688 -1.306 -1.197 -0.85 -0.377 -0.031 -0.533 -0.996 -1.201 -1.483 -1.962 -1.785 -1.776 -1.815 -1.628 -1.239 -1.04 -1.076 -1.336 -1.656 -1.646 -1.395 -1.089 -0.915 -0.58
-0.77 -0.57 -0.379 -0.292 0.034 -0.059 -0.427 -0.682 -1.086 -1.175 -1.22 -1.698 -1.271 -1.118 -1.51 -1.344 -1.148 -0.806 -1.442 -1.791 -1.57 -1.294 -1.299 -1.167 -1.009 -1.05 -0.903 -0.545 -0.383 -0.363 -0.339 -0.154 -0.073 -0.095 -0.149 -0.45 -0.755 -1.017 -1.021 -0.549 -1.072 -0.966 -0.378 -0.162 -0.837 -1.012 -1.189 -1.203 -1.192 -0.917 -1.063 -0.887 -0.766 -1.516 -1.44 -1.171 -0.603 -0.114 -0.543 -0.847 -1.066 -1.394 -1.883 -2.024 -1.795 -1.817 -1.37 -1.121 -1.329 -1.316 -1.693 -1.676 -1.637 -1.435 -1.149 -0.57 -0.32
-0.752 -0.562 -0.431 -0.472 -0.016 0.137 -0.291 -0.614 -1.055 -1.481 -1.509 -1.79 -1.203 -1.309 -1.721 -1.566 -1.255 -0.868 -1.478 -1.817 -1.592 -1.656 -1.439 -1.032 -0.628 -0.543 -0.395 -0.205 -0.145 -0.123 -0.212 -0.399 -0.549 -0.629 -0.435 -0.647 -0.976 -1.265 -1.013 -0.674 -1.309 -1.145 -0.35 -0.274 -1.077 -1.43 -1.481 -1.334 -1.199 -1.049 -1.275 -0.92 -1.024 -1.663 -1.478 -1.096 -0.585 -0.13 -0.466 -0.651 -0.99 -1.436 -1.686 -1.976 -1.726 -1.456 -1.228 -1.453 -1.578 -1.405 -1.772 -1.594 -1.497 -1.362 -0.995 -0.437 -0.248
-0.485 -0.281 -0.024 0.136 0.337 0.545 -0.18 -0.822 -0.748 -1.283 -1.717 -1.816 -1.117 -1.505 -1.797 -1.483 -1.038 -1.084 -1.483 -1.835 -1.628 -1.45 -1.059 -0.559 -0.248 -0.287 -0.462 -0.723 -0.404 -0.566 -1.125 -1.26 -0.93 -0.766 -0.566 -0.654 -1.145 -1.379 -1.003 -0.995 -1.434 -1.09 -0.33 -0.183 -0.751 -1.289 -1.375 -1.401 -1.292 -1.25 -1.238 -0.963 -1.5 -1.531 -1.175 -0.867 -0.396 -0.13 -0.296 -0.59 -0.843 -1.213 -1.513 -2.04 -1.756 -1.599 -1.428 -1.754 -1.63 -1.609 -1.688 -1.4 -1.225 -1.042 -0.699 -0.35 -0.254
-0.194 -0.051 0.165 0.355 0.564 0.617 -0.051 -0.913 -0.742 -0.891 -1.458 -1.796 -1.217 -1.681 -2.033 -1.507 -1.182 -1.32 -1.666 -1.439 -1.058 -0.605 -0.335 -0.255 -0.482 -0.872 -0.777 -1.181 -0.751 -0.659 -1.492 -1.297 -0.967 -0.863 -0.705 -0.627 -1.233 -1.561 -1.23 -1.417 -1.403 -0.937 -0.476 -0.259 -0.299 -0.626 -0.814 -1.062 -1.194 -1.277 -1.257 -1.339 -1.566 -1.237 -0.846 -0.619 -0.655 -0.306 -0.332 -0.639 -0.849 -1.131 -1.426 -1.852 -1.812 -1.927 -1.641 -1.754 -1.569 -1.619 -1.641 -1.42 -1.16 -0.922 -0.572 -0.321 -0.317
-0.18 -0.189 -0.198 -0.032 0.41 0.664 0.122 -0.785 -0.939 -0.746 -1.412 -1.843 -1.394 -1.768 -2.213 -1.768 -1.61 -1.611 -1.572 -1.142 -0.465 -0.475 -0.684 -0.6 -0.852 -1.217 -1.197 -1.466 -1.085 -0.596 -1.211 -1.314 -1.132 -1.133 -0.858 -0.792 -1.3 -1.631 -1.565 -1.55 -1.179 -0.705 -0.784 -0.811 -0.349 -0.308 -0.658 -0.963 -1.117 -1.219 -1.397 -1.425 -1.159 -0.894 -0.671 -0.916 -0.903 -0.553 -0.245 -0.628 -0.951 -1.153 -1.391 -1.664 -1.653 -1.788 -1.689 -1.753 -1.554 -1.37 -1.434 -1.309 -1.012 -0.694 -0.42 -0.364 -0.393
-0.706 -0.699 -0.614 -0.279 0.272 0.793 0.327 -0.318 -0.796 -0.737 -1.395 -1.928 -1.877 -1.856 -1.674 -1.46 -1.355 -1.402 -1.21 -0.637 -0.781 -1.068 -0.891 -0.704 -0.932 -1.408 -1.336 -1.3 -1.141 -0.686 -1.13 -1.617 -1.415 -1.365 -0.972 -0.914 -1.142 -1.355 -1.462 -1.238 -0.885 -0.717 -1.192 -1.137 -0.486 -0.412 -0.625 -1.196 -1.365 -1.461 -1.447 -1.246 -1.166 -1.159 -0.97 -1.048 -1.203 -0.808 -0.336 -0.445 -0.85 -1.081 -1.351 -1.48 -1.49 -1.614 -1.501 -1.706 -1.748 -1.306 -1.117 -0.957 -0.719 -0.507 -0.363 -0.45 -0.565
-0.961 -0.754 -0.533 -0.167 0.338 0.859 0.653 0.238 -0.017 -0.53 -1.277 -1.69 -2.196 -1.837 -1.354 -1.377 -1.263 -0.941 -0.812 -1.012 -1.484 -1.288 -0.878 -0.746 -0.895 -1.14 -1.084 -1.256 -1.268 -0.823 -1.324 -1.743 -1.388 -1.152 -0.788 -0.661 -0.729 -0.96 -1.286 -1.113 -0.828 -0.989 -1.434 -1.089 -0.508 -0.577 -0.342 -0.9 -1.203 -1.38 -1.655 -1.631 -1.766 -1.773 -1.183 -1.344 -1.27 -0.896 -0.435 -0.425 -0.85 -1.271 -1.45 -1.379 -1.248 -1.466 -1.344 -1.537 -1.622 -1.541 -1.086 -0.652 -0.476 -0.406 -0.538 -0.84 -1.024
-0.855 -0.443 -0.105 0.207 0.617 0.918 0.73 -0.036 -0.166 -0.37 -0.964 -1.338 -1.689 -1.862 -1.776 -1.751 -1.563 -1.37 -1.404 -1.568 -1.42 -1.048 -0.732 -0.656 -0.654 -0.858 -1.251 -1.538 -1.221 -0.843 -1.419 -1.577 -1.116 -0.899 -0.745 -0.666 -0.501 -0.757 -1.04 -1.081 -0.957 -1.335 -1.595 -1.09 -0.537 -0.743 -0.42 -0.474 -0.667 -0.972 -1.33 -1.384 -1.686 -1.683 -1.252 -1.576 -1.303 -0.951 -0.586 -0.415 -0.788 -1.158 -1.139 -1.147 -1.009 -1.176 -1.081 -1.108 -1.109 -1.312 -0.908 -0.461 -0.417 -0.586 -0.943 -1.368 -1.498
-0.676 -0.334 0.184 0.706 1.001 1.023 0.614 -0.332 -0.918 -1.237 -1.138 -0.832 -1.295 -1.717 -1.917 -1.905 -1.916 -1.683 -1.641 -1.535 -1.29 -1.039 -0.735 -0.46 -0.413 -0.706 -1.383 -1.587 -1.26 -0.914 -1.525 -1.574 -1.225 -0.927 -0.697 -0.656 -0.467 -0.637 -0.664 -0.953 -1.287 -1.717 -1.597 -1.056 -0.563 -0.937 -0.586 -0.603 -0.587 -0.599 -0.823 -1.18 -1.45 -1.614 -1.487 -1.697 -1.465 -1.085 -0.82 -0.466 -0.543 -0.801 -0.762 -0.856 -0.952 -1.209 -1.241 -1.207 -1.036 -0.901 -0.621 -0.37 -0.48 -0.911 -1.388 -1.699 -1.406
-0.535 -0.115 0.221 0.663 1.11 1.006 0.287 -0.698 -1.312 -1.538 -1.025 -0.657 -0.699 -1.118 -1.362 -1.39 -1.824 -1.544 -1.108 -1.23 -1.419 -1.19 -0.843 -0.379 -0.232 -0.486 -1.065 -1.492 -1.223 -0.961 -1.536 -1.656 -1.234 -0.846 -0.321 -0.307 -0.458 -0.491 -0.504 -1.135 -1.553 -1.616 -1.258 -0.768 -0.709 -1.092 -0.468 -0.821 -1.017 -0.761 -0.613 -0.834 -1.166 -1.482 -1.551 -1.652 -1.444 -1.155 -0.781 -0.605 -0.499 -0.657 -0.74 -0.971 -1.092 -1.416 -1.565 -1.451 -1.237 -0.865 -0.454 -0.343 -0.548 -1.167 -1.708 -1.764 -1.021
-0.54 -0.131 0.245 0.628 1.061 1.056 0.226 -0.865 -1.061 -1.514 -1.143 -0.782 -0.354 -0.338 -0.643 -0.917 -1.554 -1.566 -0.987 -0.943 -1.405 -1.135 -0.833 -0.427 -0.152 -0.29 -0.55 -1.221 -1.207 -1.323 -1.678 -1.474 -0.972 -0.646 -0.166 -0.087 -0.405 -0.297 -0.395 -1.039 -1.518 -1.366 -1.114 -0.615 -0.777 -1.121 -0.471 -0.852 -1.268 -1.013 -0.907 -0.701 -0.757 -0.979 -1.11 -1.357 -1.34 -1.063 -0.828 -0.812 -0.604 -0.964 -1.088 -1.288 -1.286 -1.634 -1.672 -1.351 -0.918 -0.53 -0.345 -0.428 -0.749 -1.158 -1.638 -1.451 -0.755
-0.726 -0.417 0.048 0.555 0.947 1.118 0.395 -0.313 -0.587 -1.262 -1.191 -0.863 -0.431 0.031 -0.384 -1.074 -1.716 -1.463 -0.808 -0.937 -1.306 -1.106 -0.864 -0.486 -0.141 -0.168 -0.343 -1.045 -1.443 -1.525 -1.404 -1.136 -0.886 -0.554 -0.073 0.191 -0.24 -0.139 -0.402 -1.132 -1.602 -1.323 -1.104 -0.557 -0.8 -1.114 -0.483 -0.914 -1.404 -1.197 -1.198 -0.907 -0.647 -0.96 -0.896 -1.083 -1.355 -1.057 -1.021 -0.912 -0.706 -1.005 -1.27 -1.447 -1.38 -1.362 -1.106 -0.754 -0.434 -0.357 -0.491 -0.741 -1.04 -1.265 -1.502 -1.142 -0.689
-0.708 -0.796 -0.335 0.26 0.787 1.137 0.858 0.33 -0.153 -0.845 -0.917 -0.725 -0.301 0.145 -0.161 -1.201 -1.802 -1.25 -0.535 -0.691 -0.832 -0.796 -0.82 -0.558 -0.113 -0.053 -0.001 -0.519 -1.078 -1.146 -1.144 -0.843 -0.582 -0.24 -0.11 0.181 -0.064 -0.075 -0.399 -0.896 -1.335 -1.355 -0.992 -0.464 -0.931 -1.125 -0.573 -0.813 -1.331 -1.42 -1.346 -0.919 -0.761 -1.309 -1.14 -0.955 -1.325 -1.261 -1.141 -0.861 -0.897 -1.156 -1.366 -1.238 -0.995 -0.754 -0.463 -0.357 -0.371 -0.514 -0.867 -1.129 -1.37 -1.515 -1.439 -0.918 -0.768
-0.228 -0.739 -0.642 -0.12 0.391 0.821 1.188 1 0.472 -0.334 -0.298 -0.08 0.209 0.331 -0.07 -1.02 -1.592 -1.225 -0.527 -0.206 -0.376 -0.728 -0.992 -0.687 -0.128 0.239 0.38 0.059 -0.702 -1.269 -1.124 -0.734 -0.507 -0.522 -0.532 0.058 0.146 -0.181 -0.415 -0.646 -1.13 -1.22 -0.841 -0.481 -1.106 -1.224 -0.816 -0.588 -0.923 -1.416 -1.355 -0.942 -0.801 -1.358 -1.449 -1.042 -1.293 -1.329 -1.073 -0.962 -1.175 -1.387 -1.297 -1.006 -0.649 -0.434 -0.324 -0.372 -0.455 -0.802 -1.163 -1.328 -1.685 -1.913 -1.499 -0.804 -0.919
0.269 -0.336 -0.663 -0.432 -0.056 0.333 0.895 1.293 1.043 0.213 0.333 0.44 0.208 -0.054 -0.149 -0.51 -0.986 -1.302 -0.736 -0.185 -0.171 -0.942 -1.096 -0.671 -0.429 -0.105 0.273 0.432 -0.085 -1.11 -1.431 -1.214 -0.906 -0.764 -0.576 0.055 0.302 -0.24 -0.495 -0.836 -1.252 -1.274 -0.905 -0.515 -1.11 -1.38 -1.063 -0.741 -0.674 -1.286 -1.413 -1.036 -0.839 -1.315 -1.585 -1.307 -1.493 -1.317 -1.073 -1.103 -1.254 -1.324 -0.937 -0.619 -0.394 -0.321 -0.386 -0.576 -0.62 -0.764 -1.293 -1.492 -1.893 -1.949 -1.427 -0.819 -0.966
0.668 0.104 -0.327 -0.58 -0.398 0.052 0.677 1.275 1.336 0.75 0.559 0.169 0.045 -0.384 -0.648 -0.82 -0.939 -1.297 -0.86 -0.151 -0.07 -0.868 -1.106 -1.035 -0.879 -0.543 0.101 0.634 0.395 -0.576 -0.768 -1.234 -0.969 -0.667 -0.368 -0.004 0.509 0.09 -0.171 -0.654 -1.104 -1.142 -0.996 -0.636 -0.933 -1.462 -1.267 -1.006 -0.631 -1.15 -1.432 -1.124 -1.061 -1.434 -1.627 -1.467 -1.51 -1.245 -0.932 -0.885 -0.822 -0.679 -0.432 -0.334 -0.394 -0.579 -0.804 -0.706 -0.886 -0.648 -1.049 -1.399 -1.92 -1.779 -1.217 -0.952 -1.142
1.111 0.581 0.08 -0.348 -0.535 -0.094 0.553 1.271 1.469 0.964 0.215 -0.354 -0.385 -0.274 -0.526 -0.946 -1.256 -1.289 -0.826 -0.126 -0.018 -0.558 -0.791 -0.78 -0.783 -0.215 0.311 0.818 0.648 -0.145 -0.699 -1.236 -0.869 -0.585 -0.511 -0.263 0.432 0.433 0.007 -0.31 -0.613 -0.851 -1.152 -0.932 -0.877 -1.425 -1.448 -1.065 -0.653 -1.068 -1.445 -1.256 -1.265 -1.599 -1.532 -1.21 -0.922 -0.773 -0.496 -0.435 -0.242 -0.047 -0.147 -0.32 -0.589 -1.067 -1.23 -0.849 -0.985 -0.741 -0.887 -1.329 -1.82 -1.587 -1.044 -1.153 -1.546
1.372 1.129 0.533 0.147 -0.375 -0.171 0.483 1.218 1.523 1.016 0.101 -0.428 -0.663 -0.725 -0.749 -0.902 -1.377 -1.279 -0.627 -0.01 -0.128 -0.379 -0.566 -0.847 -0.838 -0.326 0.265 0.888 0.805 0.022 -1.011 -1.393 -1.002 -0.868 -0.706 -0.351 0.386 0.425 -0.321 -0.648 -0.738 -0.951 -1.375 -1.213 -0.947 -1.43 -1.423 -0.913 -0.87 -0.969 -1.234 -1.42 -1.46 -1.603 -1.367 -1.15 -0.901 -0.744 -0.889 -0.776 -0.112 -0.011 -0.52 -0.535 -0.537 -1.289 -1.525 -1.049 -0.978 -0.958 -0.692 -1.227 -1.82 -1.668 -1.249 -1.382 -1.81
1.104 1.421 1.071 0.733 0.164 -0.075 0.522 1.28 1.542 1.08 0.634 0.376 0.098 -0.187 -0.477 -0.938 -1.403 -0.892 -0.292 0.247 -0.277 -0.869 -1.115 -1.247 -0.881 -0.406 0.223 0.919 0.919 0.109 -0.89 -1.531 -1.24 -1.096 -0.925 -0.494 0.341 0.554 -0.224 -0.819 -1.05 -1.215 -1.576 -1.235 -1.139 -1.559 -1.281 -1.08 -1.139 -1.287 -1.164 -1.368 -1.551 -1.353 -1.469 -1.574 -1.143 -0.937 -0.758 -0.574 0.018 -0.07 -0.758 -0.889 -0.546 -1.117 -1.579 -1.222 -0.977 -1.206 -0.807 -1.068 -1.82 -1.927 -1.688 -1.8 -1.96
0.373 1.012 1.41 1.357 0.837 0.329 0.561 1.372 1.492 0.811 0.491 0.584 0.588 0.379 0.047 -0.154 -0.586 -0.81 -0.262 0.336 -0.061 -0.519 -0.955 -1.149 -0.683 -0.088 0.506 1.076 0.779 0.057 -0.889 -1.513 -1.085 -0.88 -1.02 -0.554 0.11 0.694 0.168 -0.313 -0.606 -0.852 -1.385 -1.292 -1.244 -1.303 -1.271 -1.491 -1.355 -1.52 -1.407 -1.543 -1.402 -1.281 -1.178 -1.158 -0.952 -0.642 -0.201 -0.042 0.17 -0.175 -0.934 -1.191 -0.707 -0.88 -1.533 -1.364 -1.024 -1.484 -1.096 -1.001 -1.641 -1.94 -2.074 -2.098 -2.117
-0.178 0.463 0.922 1.518 1.509 1.069 0.882 1.513 1.311 0.579 -0.242 -0.114 -0.134 0 0.04 -0.504 -0.541 -0.761 -0.228 0.426 0.158 -0.514 -1.014 -1.055 -0.587 0.021 0.83 1.223 0.491 -0.068 -0.831 -1.357 -1.077 -0.751 -0.763 -0.629 -0.008 0.732 0.569 -0.019 -0.323 -0.597 -1.02 -1.034 -0.73 -0.619 -0.905 -1.445 -1.153 -0.932 -0.971 -0.894 -0.689 -0.611 -0.412 -0.389 -0.248 0.052 0.285 0.398 0.188 -0.439 -1.134 -1.306 -0.836 -1.006 -1.418 -1.588 -1.22 -1.654 -1.416 -1.148 -1.695 -1.986 -1.902 -1.773 -1.601
-0.236 -0.163 0.223 0.954 1.349 1.597 1.555 1.66 1.245 0.311 -0.513 -0.664 -0.564 -0.319 -0.189 -0.758 -0.852 -0.84 -0.263 0.461 0.114 -0.369 -0.792 -0.791 -0.377 0.22 1.001 1.224 0.562 0.149 -0.496 -0.997 -1.161 -0.84 -0.332 -0.185 -0.019 0.693 0.878 0.038 -0.584 -0.743 -0.472 -0.422 -0.234 -0.158 -0.836 -0.67 -0.492 -0.189 -0.241 -0.164 -0.088 0.194 0.318 0.326 0.435 0.576 0.537 0.215 -0.029 -0.803 -1.444 -1.218 -0.968 -1.445 -1.301 -1.53 -1.549 -1.668 -1.773 -1.477 -1.626 -1.815 -1.983 -1.756 -1.445
-0.67 -0.562 -0.023 0.776 0.699 0.981 1.587 1.697 1.344 0.246 -0.283 -0.797 -0.753 -0.59 -0.692 -0.972 -1.208 -0.811 -0.147 0.592 -0.007 -0.516 -0.775 -0.467 -0.122 0.448 1.198 1.125 0.452 0.153 -0.046 -0.556 -1.038 -0.809 -0.055 0.265 0.402 0.798 1.192 0.377 -0.232 -0.027 0.252 0.308 0.343 0.018 -0.227 0.076 0.105 0.449 0.458 0.557 0.55 0.77 0.688 0.647 0.56 0.385 0.043 -0.399 -0.452 -1.172 -1.667 -1.211 -1.068 -1.648 -1.416 -1.042 -1.512 -1.79 -1.848 -1.221 -1.048 -1.312 -1.6 -1.527 -1.554
-0.571 -0.198 0.466 0.569 0.056 0.46 1.314 1.698 1.533 0.272 -0.526 -0.882 -0.849 -0.842 -1.016 -1.298 -1.034 -0.492 0.097 0.663 0.013 -0.547 -0.889 -0.538 -0.193 0.643 1.433 0.845 0.195 -0.284 -0.209 -0.302 -0.922 -0.599 -0.103 -0.114 0.166 0.721 1.326 0.841 0.45 0.962 1.12 1.06 0.879 0.624 0.739 0.793 0.818 0.953 0.967 0.884 0.847 0.706 0.386 0.217 -0.043 -0.34 -0.773 -0.812 -0.758 -1.212 -1.589 -1.266 -1.09 -1.494 -1.329 -0.905 -0.967 -1.276 -1.206 -0.859 -0.624 -0.915 -0.863 -1.025 -1.452
-0.024 0.343 0.456 0.001 -0.272 0.236 1.055 1.649 1.693 0.618 -0.305 -0.303 -0.331 -0.456 -0.763 -1.127 -0.73 -0.212 0.269 0.747 0.056 -0.447 -0.861 -0.313 0.127 1.053 1.48 0.824 0.416 -0.127 -0.441 -0.493 -0.697 -0.664 -0.463 -0.52 0.082 0.776 1.322 1.277 1.156 1.53 1.576 1.534 1.42 1.287 1.18 1.125 1.078 0.92 0.748 0.538 0.352 0.368 0.195 0.013 -0.371 -0.855 -1.307 -0.985 -0.845 -1.248 -1.518 -1.365 -1.175 -1.555 -1.315 -0.892 -0.532 -0.635 -0.468 -0.23 -0.172 -0.321 -0.374 -0.711 -1.138
-0.214 -0.047 -0.025 -0.478 -0.188 0.4 0.908 1.535 1.741 0.917 0.096 0.224 -0.209 -0.389 -0.762 -1.073 -0.779 -0.318 0.27 0.815 0.09 -0.643 -0.918 -0.258 0.528 1.379 1.335 0.623 0.179 0.235 -0.17 -0.792 -0.889 -0.658 -0.453 -0.439 0.089 0.519 1.007 1.56 1.708 1.59 1.211 1.12 1.178 0.965 0.778 0.552 0.533 0.421 0.304 0.042 -0.308 -0.284 -0.037 -0.159 -0.26 -0.818 -1.359 -1.029 -0.975 -1.497 -1.831 -1.462 -1.267 -1.594 -1.534 -1.029 -0.462 -0.105 -0.184 -0.341 -0.077 0.06 -0.09 -0.36 -0.727
