data/climatemaps/RS_maps/climate_winter_tmin_2006.asc
NCOLS 369 
NROWS 228 
XLLCORNER 479000 
YLLCORNER 73000 
CELLSIZE 1000 
NODATA_value -9 
[rows 68 to 101 of 228, columns 231 to 307 of 369]
1.149 1.154 1.151 1.14 1.136 1.136 1.107 1.09 1.069 1.035 0.97 0.838 0.738 0.659 0.605 0.531 0.544 0.628 0.753 0.624 0.728 0.825 0.867 0.804 0.705 0.516 0.293 0.35 0.453 0.269 0.117 0.056 0.225 0.307 -0.167 -0.285 -0.1 -0.098 -0.025 0.324 0.593 0.801 0.989 1.028 1.034 1.028 1.017 0.962 0.923 0.91 0.977 0.987 0.911 0.88 0.941 0.946 0.937 0.934 0.944 0.892 -9 -9 -9 -9 -9 -9 -9 -9 -9 -9 -9 -9 -9 -9 -9 -9 -9
1.166 1.174 1.168 1.161 1.163 1.182 1.177 1.154 1.122 1.087 1.044 0.947 0.83 0.762 0.654 0.491 0.421 0.524 0.739 0.587 0.605 0.738 0.842 0.838 0.739 0.51 0.285 0.267 0.212 0.047 0.094 0.273 0.497 0.327 0.064 0.12 0.082 0.055 0.279 0.502 0.693 0.883 1.003 1.024 1.028 1.02 1.001 0.945 0.949 0.983 0.992 0.909 0.676 0.625 0.779 0.872 0.932 0.946 0.945 0.935 -9 -9 -9 -9 -9 -9 -9 -9 -9 -9 -9 -9 -9 -9 -9 -9 -9
1.186 1.199 1.189 1.168 1.164 1.178 1.183 1.178 1.168 1.143 1.108 1.025 0.891 0.748 0.674 0.478 0.397 0.518 0.639 0.434 0.485 0.591 0.649 0.709 0.738 0.57 0.364 0.091 0.236 0.312 0.331 0.465 0.48 0.351 0.344 0.328 0.304 0.371 0.387 0.54 0.743 0.941 1.004 1.016 1.02 1.011 1.004 0.99 0.993 0.988 0.906 0.645 0.364 0.47 0.697 0.7 0.793 0.868 0.914 0.924 -9 -9 -9 -9 -9 -9 -9 -9 -9 -9 -9 -9 -9 -9 -9 -9 -9
1.181 1.134 1.118 1.132 1.157 1.17 1.175 1.175 1.168 1.155 1.143 1.093 0.91 0.687 0.622 0.532 0.355 0.44 0.397 0.339 0.485 0.395 0.446 0.609 0.718 0.7 0.377 0.216 0.276 0.407 0.48 0.577 0.552 0.502 0.487 0.512 0.512 0.515 0.536 0.63 0.803 0.965 1.005 1.011 1.009 1.002 1.003 0.998 0.993 0.948 0.713 0.338 0.191 0.527 0.607 0.46 0.547 0.68 0.796 -9 -9 -9 -9 -9 -9 -9 -9 -9 -9 -9 -9 -9 -9 -9 -9 -9 -9
1.153 1.091 1.09 1.139 1.174 1.173 1.173 1.17 1.155 1.108 1.145 1.103 0.984 0.731 0.532 0.553 0.352 0.265 0.186 0.286 0.409 0.537 0.631 0.616 0.647 0.724 0.509 0.431 0.458 0.605 0.615 0.599 0.532 0.488 0.431 0.422 0.435 0.488 0.561 0.681 0.826 0.968 0.999 1.004 1.001 0.999 0.999 0.989 0.972 0.787 0.48 0.06 0.188 0.523 0.502 0.215 0.293 0.548 0.686 -9 -9 -9 -9 -9 -9 -9 -9 -9 -9 -9 -9 -9 -9 -9 -9 -9 -9
1.156 1.144 1.142 1.142 1.169 1.169 1.163 1.16 1.118 1.066 1.145 1.128 1.059 0.8 0.547 0.335 0.302 0.06 0.175 0.361 0.458 0.498 0.49 0.329 0.438 0.465 0.632 0.64 0.604 0.496 0.391 0.37 0.341 0.329 0.242 0.228 0.243 0.304 0.431 0.603 0.782 0.944 0.996 0.999 0.996 0.992 0.991 0.976 0.896 0.594 0.222 -0.13 0.123 0.506 0.265 -0.05 0.062 0.332 0.421 -9 -9 -9 -9 -9 -9 -9 -9 -9 -9 -9 -9 -9 -9 -9 -9 -9 -9
1.151 1.151 1.153 1.157 1.163 1.159 1.157 1.157 1.118 1.107 1.146 1.136 1.092 0.87 0.57 0.181 0.135 0.087 0.114 0.233 0.35 0.292 0.302 0.255 0.228 0.332 0.459 0.416 0.346 0.199 0.184 0.156 0.077 0.076 0.013 0.075 0.196 0.283 0.435 0.573 0.689 0.862 0.973 0.991 0.99 0.98 0.979 0.946 0.824 0.453 -0.105 -0.315 0.05 0.456 0.012 -0.238 0.07 0.115 0.041 0.32 0.557 0.393 0.403 -9 -9 -9 -9 -9 -9 -9 -9 -9 -9 -9 -9 -9 -9
1.115 1.12 1.126 1.114 1.117 1.117 1.135 1.142 1.14 1.14 1.141 1.135 1.097 0.817 0.374 0.115 0.237 0.229 0.055 0.142 0.271 0.215 0.137 0.16 0.235 0.348 0.235 0.057 0.06 0.042 0.015 -0.085 -0.219 -0.171 -0.15 0.012 0.247 0.336 0.336 0.331 0.507 0.716 0.783 0.924 0.978 0.973 0.968 0.897 0.722 0.27 -0.242 -0.08 0.29 0.257 -0.022 -0.307 -0.048 -0.044 -0.051 0.094 0.426 0.236 0.007 -0.123 0.07 0.346 0.5 -9 -9 -9 -9 -9 -9 -9 -9 -9 -9
0.99 0.902 0.862 0.833 0.821 0.917 1.04 1.09 1.132 1.137 1.13 1.13 1.077 0.676 0.188 0.212 0.449 0.245 0.305 0.406 0.404 0.275 0.241 0.133 0.174 0.109 -0.053 -0.155 -0.151 -0.163 -0.189 -0.345 -0.37 -0.258 -0.115 0.088 0.3 0.169 -0.055 0.164 0.303 0.416 0.597 0.842 0.967 0.969 0.957 0.888 0.689 0.246 -0.199 0.021 0.294 -0.056 -0.25 -0.409 -0.202 -0.103 -0.161 -0.025 0.327 0.203 -0.1 -0.274 -0.051 0.163 0.324 0.555 0.692 0.799 -9 -9 -9 -9 -9 -9 -9
0.921 0.631 0.543 0.555 0.529 0.542 0.724 0.794 0.897 1.072 1.123 1.119 1.044 0.602 0.371 0.56 0.686 0.435 0.593 0.598 0.459 0.35 0.29 0.079 -0.048 -0.141 -0.147 -0.093 -0.057 0.008 0.066 -0.113 -0.242 -0.207 -0.129 -0.04 0.063 -0.161 -0.304 -0.14 0.037 0.244 0.544 0.757 0.901 0.96 0.952 0.921 0.639 0.077 -0.25 -0.005 0.23 -0.006 -0.237 -0.358 -0.209 -0.247 -0.201 0.054 0.176 -0.002 -0.231 -0.263 -0.136 0.049 0.273 0.525 0.519 0.662 0.731 0.756 0.757 0.606 -9 -9 -9
0.907 0.808 0.662 0.532 0.365 0.331 0.427 0.494 0.593 0.824 1.054 1.109 1.041 0.809 0.659 0.849 0.932 0.792 0.859 0.81 0.645 0.549 0.432 0.277 0.21 0.213 0.234 0.333 0.357 0.458 0.58 0.519 0.314 0.164 0.078 -0.221 -0.355 -0.466 -0.417 -0.288 -0.065 0.295 0.452 0.619 0.861 0.954 0.946 0.937 0.686 0.192 -0.084 0.155 0.009 -0.201 -0.121 -0.313 -0.365 -0.299 0.055 0.076 -0.113 -0.228 -0.41 -0.242 -0.191 -0.113 0.238 0.439 0.122 0.309 0.233 0.325 0.75 0.631 0.168 -0.174 -0.206
0.867 0.758 0.729 0.605 0.444 0.287 0.307 0.348 0.303 0.437 0.777 1.023 1.097 1.021 0.991 1.054 1.083 1.083 1.061 1.039 0.989 0.942 0.875 0.84 0.859 0.863 0.856 0.866 0.841 0.886 0.935 0.937 0.843 0.614 0.331 -0.183 -0.143 -0.289 -0.523 -0.226 0.086 0.056 0.281 0.567 0.859 0.939 0.94 0.936 0.798 0.391 0.11 0.128 -0.203 -0.405 -0.228 -0.355 -0.446 -0.156 0.111 -0.236 -0.326 -0.472 -0.412 -0.126 0.033 0.139 0.335 0.127 -0.282 -0.151 -0.195 -0.125 0.422 0.692 0.507 0.107 -0.178
0.789 0.678 0.581 0.562 0.478 0.253 0.208 0.255 0.281 0.387 0.571 0.873 1.086 1.093 1.096 1.088 1.028 0.941 0.942 1.008 1.052 1.085 1.085 1.08 1.076 1.068 1.067 1.06 1.049 1.05 1.051 1.045 1.025 0.953 0.641 0.125 0.099 -0.013 -0.286 -0.326 -0.154 -0.166 0.209 0.556 0.769 0.916 0.933 0.926 0.863 0.545 0.261 0.085 -0.137 -0.239 -0.286 -0.506 -0.437 -0.075 0.013 -0.493 -0.51 -0.467 -0.289 -0.111 0.201 0.299 -0.053 0.08 -0.533 -0.55 -0.543 -0.253 0.389 0.698 0.625 0.202 -0.049
0.756 0.732 0.552 0.391 0.419 0.171 0.147 0.23 0.232 0.24 0.376 0.708 1.03 1.088 1.039 0.896 0.749 0.658 0.679 0.734 0.851 0.954 1.001 1.019 1.03 1.042 1.043 1.031 0.984 1.022 1.018 0.934 1.03 1.029 0.973 0.499 0.26 0.041 -0.119 -0.433 -0.41 -0.154 0.188 0.497 0.689 0.84 0.919 0.916 0.864 0.608 0.285 -0.031 -0.004 -0.185 -0.233 -0.515 -0.361 -0.008 -0.08 -0.495 -0.557 -0.413 -0.247 -0.036 0.284 0.052 -0.319 -0.26 -0.503 -0.823 -0.516 0.019 0.369 0.668 0.625 0.299 0.061
0.555 0.672 0.588 0.341 0.334 0.181 0.076 0.18 0.243 0.256 0.322 0.488 0.919 1.078 0.918 0.615 0.367 0.349 0.416 0.487 0.643 0.653 0.741 0.717 0.854 0.767 0.829 0.866 0.802 0.703 0.634 0.67 0.793 0.966 0.999 0.836 0.366 0.004 -0.119 -0.269 -0.454 -0.21 0.109 0.48 0.698 0.79 0.903 0.907 0.875 0.614 0.21 -0.206 -0.043 -0.325 -0.287 -0.405 -0.306 0.039 -0.135 -0.46 -0.644 -0.393 -0.104 0.078 0.232 -0.312 -0.65 -0.605 -0.723 -0.713 -0.312 -0.02 0.313 0.601 0.677 0.564 0.401
0.447 0.644 0.644 0.44 0.153 0.056 0.064 0.152 0.248 0.391 0.456 0.567 0.884 1.07 0.934 0.567 0.183 0.053 0.248 0.171 0.421 0.246 0.373 0.407 0.714 0.376 0.428 0.549 0.555 0.268 0.307 0.439 0.636 0.886 0.984 0.966 0.733 0.367 -0.044 -0.112 -0.25 -0.099 0.187 0.491 0.727 0.833 0.901 0.9 0.845 0.505 0.128 -0.299 -0.159 -0.325 -0.511 -0.518 -0.358 0.017 -0.196 -0.528 -0.575 -0.315 -0.325 -0.291 0.119 -0.45 -0.904 -0.733 -0.63 -0.398 -0.273 -0.06 0.203 0.377 0.551 0.578 0.581
0.411 0.556 0.673 0.47 -0.002 -0.081 0.037 0.283 0.415 0.489 0.512 0.484 0.918 1.063 0.98 0.597 0.294 0.001 0.253 -0.194 0.113 -0.069 -0.001 0.409 0.424 0.059 0.022 0.171 0.14 0.069 0.119 0.252 0.516 0.722 0.883 0.944 0.93 0.753 0.308 0.058 -0.197 -0.021 0.258 0.559 0.793 0.879 0.899 0.891 0.725 0.327 -0.117 -0.452 -0.288 -0.247 -0.599 -0.638 -0.323 -0.104 -0.246 -0.45 -0.624 -0.456 -0.594 -0.222 -0.022 -0.387 -0.833 -0.55 -0.333 -0.22 -0.219 -0.12 -0.142 -0.009 0.264 0.376 0.543
0.313 0.52 0.668 0.43 0.104 -0.166 -0.008 0.364 0.345 0.26 0.19 0.227 0.947 1.015 0.75 0.448 0.27 0.005 0.111 -0.421 -0.109 -0.203 -0.149 0.314 0.006 -0.163 -0.235 -0.161 -0.156 -0.118 0.004 0.276 0.455 0.513 0.652 0.759 0.883 0.928 0.779 0.338 -0.114 -0.083 0.261 0.638 0.845 0.894 0.894 0.841 0.373 0.01 -0.071 -0.475 -0.551 -0.333 -0.56 -0.547 -0.293 -0.48 -0.5 -0.595 -0.927 -0.888 -0.755 -0.393 -0.452 -0.326 -0.713 -0.582 -0.381 -0.377 -0.557 -0.469 -0.453 -0.214 0.114 0.149 0.296
0.27 0.536 0.576 0.225 -0.032 -0.167 0.194 0.181 -0.023 -0.165 -0.311 0.24 0.992 0.928 0.525 0.207 -0.08 -0.116 -0.047 -0.476 -0.22 -0.05 -0.014 0.242 -0.216 -0.436 -0.384 -0.325 -0.273 -0.139 0.122 0.334 0.184 0.176 0.368 0.538 0.678 0.86 0.922 0.725 0.368 0.173 0.456 0.787 0.873 0.886 0.886 0.804 0.175 -0.249 -0.27 -0.349 -0.684 -0.628 -0.862 -0.722 -0.537 -0.782 -0.755 -0.976 -1.206 -1.176 -1.103 -0.86 -0.924 -0.566 -0.712 -0.708 -0.601 -0.42 -0.69 -0.632 -0.433 -0.142 -0.076 -0.173 0.052
0.06 0.467 0.329 0.005 -0.224 -0.031 0.113 -0.134 -0.277 -0.361 -0.322 0.524 1.015 0.847 0.539 0.164 -0.175 -0.269 -0.275 -0.29 -0.167 -0.285 -0.272 0.146 -0.286 -0.552 -0.421 -0.249 -0.096 0.062 0.273 0.111 -0.179 -0.102 0.096 0.299 0.485 0.64 0.816 0.871 0.805 0.657 0.781 0.878 0.859 0.806 0.79 0.78 0.319 -0.123 -0.534 -0.706 -0.82 -0.855 -0.689 -0.797 -0.789 -0.782 -0.616 -0.678 -0.895 -1.098 -1.207 -1.049 -0.845 -0.639 -0.754 -0.869 -0.7 -0.564 -0.762 -0.697 -0.337 -0.134 -0.409 -0.516 -0.164
0.083 0.358 0.14 -0.177 -0.369 -0.095 -0.203 -0.324 -0.296 -0.142 0.276 0.741 0.982 0.918 0.552 0.175 -0.237 -0.494 -0.463 -0.272 -0.363 -0.449 -0.243 0 -0.377 -0.565 -0.367 -0.215 0.04 0.209 0.152 -0.253 -0.38 -0.225 -0.055 0.111 0.309 0.434 0.592 0.766 0.885 0.871 0.886 0.884 0.867 0.707 0.526 0.719 0.583 0.054 -0.573 -0.762 -0.653 -0.621 -0.528 -0.445 -0.485 -0.493 -0.328 -0.367 -0.505 -0.646 -0.856 -0.862 -0.753 -0.754 -0.855 -0.843 -0.781 -0.768 -0.706 -0.604 -0.355 -0.315 -0.682 -0.58 -0.269
0.067 -0.022 -0.194 -0.362 -0.343 -0.169 -0.203 -0.095 0.091 0.442 0.687 0.839 0.93 0.98 0.806 0.286 -0.299 -0.521 -0.601 -0.471 -0.399 -0.353 -0.261 -0.368 -0.538 -0.591 -0.457 -0.382 -0.131 0.121 -0.042 -0.542 -0.424 -0.196 -0.126 -0.083 0.11 0.328 0.525 0.629 0.82 0.882 0.884 0.88 0.871 0.85 0.68 0.496 0.617 0.441 0.071 -0.255 -0.673 -0.505 -0.367 -0.265 -0.175 -0.064 -0.152 -0.255 -0.315 -0.457 -0.56 -0.669 -0.73 -0.778 -0.708 -0.61 -0.758 -1.007 -0.837 -0.565 -0.475 -0.57 -0.862 -0.718 -0.512
-0.088 -0.185 -0.165 0.006 0.031 -0.019 0.035 0.398 0.552 0.549 0.517 0.679 0.776 0.95 0.976 0.632 0.001 -0.356 -0.674 -0.633 -0.399 -0.524 -0.561 -0.556 -0.58 -0.7 -0.644 -0.548 -0.283 0.016 -0.248 -0.622 -0.36 -0.331 -0.315 -0.23 0.003 0.401 0.311 0.336 0.686 0.828 0.873 0.873 0.867 0.859 0.849 0.771 0.624 0.565 0.264 -0.062 -0.497 -0.55 -0.517 -0.478 -0.318 -0.01 0.018 -0.127 -0.249 -0.506 -0.668 -0.604 -0.627 -0.679 -0.44 -0.418 -0.678 -0.889 -1.009 -0.835 -0.898 -1.043 -0.911 -0.864 -0.748
0.024 0.076 0.347 0.476 0.494 0.48 0.481 0.576 0.509 0.293 0.221 0.054 0.316 0.788 0.952 0.775 0.153 -0.323 -0.601 -0.72 -0.505 -0.569 -0.613 -0.432 -0.504 -0.75 -0.755 -0.619 -0.301 -0.235 -0.463 -0.595 -0.473 -0.509 -0.438 -0.275 0.161 0.432 0.05 0.049 0.445 0.599 0.711 0.773 0.833 0.85 0.844 0.82 0.741 0.672 0.429 0.198 -0.26 -0.512 -0.716 -0.621 -0.391 -0.007 0.155 -0.157 -0.391 -0.663 -0.622 -0.368 -0.421 -0.47 -0.252 -0.232 -0.494 -0.626 -0.788 -0.959 -1.159 -0.874 -0.833 -0.994 -0.942
0.241 0.275 0.52 0.469 0.369 0.417 0.376 0.037 -0.202 -0.317 -0.361 -0.403 0.15 0.706 0.909 0.784 0.185 -0.239 -0.431 -0.663 -0.427 -0.252 -0.371 -0.237 -0.514 -0.68 -0.639 -0.646 -0.534 -0.596 -0.647 -0.694 -0.625 -0.551 -0.325 0.001 0.383 0.106 -0.182 -0.161 0.173 0.336 0.351 0.441 0.541 0.734 0.82 0.83 0.806 0.761 0.6 0.377 0.001 -0.326 -0.66 -0.515 -0.236 0.087 0.236 -0.052 -0.339 -0.609 -0.395 -0.064 -0.255 -0.212 0.006 -0.153 -0.35 -0.612 -0.929 -0.869 -0.818 -0.644 -0.778 -1.052 -1.046
-0.075 -0.16 0.305 0.08 -0.3 -0.283 -0.382 -0.72 -0.964 -0.884 -0.726 -0.177 0.353 0.735 0.906 0.741 0.322 0.152 -0.093 -0.424 -0.207 0.052 -0.152 -0.29 -0.615 -0.402 -0.446 -0.743 -0.737 -0.767 -0.683 -0.6 -0.544 -0.415 -0.208 0.288 0.258 -0.182 -0.49 -0.362 -0.038 0.121 -0.013 0.107 0.198 0.482 0.713 0.795 0.824 0.799 0.72 0.577 0.271 -0.003 -0.273 -0.211 -0.006 0.244 0.321 0.021 -0.194 -0.325 -0.182 0.137 -0.135 0.063 -0.005 -0.325 -0.527 -0.621 -0.871 -0.854 -0.641 -0.478 -0.634 -0.93 -0.947
-0.439 -0.492 -0.108 0.078 -0.232 -0.422 -0.765 -0.969 -1.081 -0.832 -0.493 -0.076 0.436 0.823 0.907 0.784 0.59 0.572 0.413 0.086 0.132 0.079 -0.321 -0.582 -0.65 -0.173 -0.397 -0.796 -0.599 -0.628 -0.764 -0.368 -0.136 -0.035 0.179 0.3 0.046 -0.286 -0.712 -0.616 -0.21 -0.242 -0.347 -0.187 0.019 0.432 0.577 0.627 0.783 0.812 0.784 0.712 0.537 0.269 0.054 0.114 0.223 0.423 0.383 0.234 0.121 -0.016 0.115 0.275 0.188 0.258 0.116 -0.119 -0.225 -0.479 -0.861 -0.744 -0.475 -0.543 -0.734 -0.942 -0.934
-0.616 -0.643 -0.414 -0.127 -0.002 -0.314 -0.703 -0.933 -0.862 -0.337 -0.141 0.159 0.64 0.891 0.746 0.64 0.26 0.252 0.506 0.535 0.44 0.091 -0.375 -0.641 -0.597 -0.09 -0.342 -0.717 -0.33 -0.493 -0.529 -0.188 0.141 0.227 0.25 0.074 -0.273 -0.411 -0.874 -0.824 -0.556 -0.581 -0.577 -0.373 -0.013 0.471 0.377 0.318 0.584 0.761 0.799 0.765 0.712 0.506 0.323 0.348 0.489 0.618 0.611 0.515 0.449 0.345 0.403 0.408 0.241 0.034 -0.062 -0.073 -0.256 -0.5 -0.505 -0.392 -0.332 -0.659 -0.974 -1.06 -0.829
-0.622 -0.586 -0.455 -0.321 -0.305 -0.476 -0.743 -0.746 -0.529 -0.104 0.072 0.443 0.827 0.755 0.454 0.464 0.023 -0.226 0.117 0.361 0.582 0.213 -0.246 -0.395 -0.489 -0.071 -0.282 -0.624 -0.363 -0.171 -0.134 0.065 -0.027 -0.242 -0.227 0.052 -0.49 -0.578 -0.946 -0.955 -0.72 -0.618 -0.504 -0.247 0.064 0.45 0.168 0.069 0.221 0.54 0.77 0.783 0.763 0.71 0.579 0.464 0.57 0.606 0.551 0.548 0.627 0.565 0.349 0.096 -0.104 -0.281 -0.388 -0.392 -0.362 -0.314 -0.2 -0.321 -0.403 -0.578 -0.946 -1.034 -0.808
-0.579 -0.587 -0.484 -0.394 -0.716 -0.65 -0.528 -0.358 -0.156 0.084 0.34 0.72 0.803 0.507 0.217 0.351 -0.076 -0.485 -0.31 -0.08 0.367 0.454 0.002 -0.13 -0.171 0.017 -0.327 -0.653 -0.338 -0.01 -0.073 -0.161 -0.343 -0.581 -0.55 -0.122 -0.553 -0.862 -1.094 -0.923 -0.591 -0.285 -0.15 0.035 0.232 0.424 0.035 -0.047 0.117 0.47 0.766 0.783 0.769 0.735 0.299 0.373 0.347 0.201 0.115 0.036 0.217 0.492 0.429 0.031 -0.15 -0.245 -0.475 -0.63 -0.524 -0.258 -0.225 -0.562 -0.672 -0.595 -0.836 -1.045 -0.878
-0.486 -0.702 -0.6 -0.623 -0.926 -0.784 -0.586 -0.41 -0.193 -0.023 0.464 0.835 0.575 0.124 0.069 0.143 -0.14 -0.58 -0.623 -0.417 -0.01 0.511 0.324 0.175 0.097 -0.135 -0.653 -0.82 -0.365 -0.255 -0.547 -0.502 -0.566 -0.815 -0.637 -0.319 -0.602 -1.015 -1.156 -0.944 -0.599 -0.345 -0.214 -0.171 0.209 0.387 -0.076 -0.174 0.149 0.525 0.778 0.779 0.77 0.684 0.243 0.297 0.134 -0.169 -0.191 -0.281 -0.222 0.133 0.504 0.27 0.042 -0.091 -0.38 -0.624 -0.479 -0.146 -0.286 -0.633 -0.837 -0.836 -0.821 -1.057 -1.018
-0.581 -0.733 -0.674 -0.736 -0.797 -0.715 -0.517 -0.343 -0.174 0.016 0.563 0.777 0.27 -0.208 -0.078 -0.188 -0.248 -0.563 -0.514 -0.199 0.03 0.452 0.269 -0.098 -0.354 -0.66 -0.802 -0.803 -0.492 -0.532 -0.779 -0.796 -0.882 -0.908 -0.7 -0.614 -0.814 -1.127 -1.009 -1.113 -0.892 -0.689 -0.677 -0.438 0.109 0.342 -0.23 -0.168 0.22 0.585 0.778 0.778 0.728 0.53 0.122 0.26 -0.026 -0.312 -0.409 -0.318 -0.13 0.168 0.503 0.356 0.05 -0.216 -0.38 -0.4 -0.193 -0.042 -0.374 -0.772 -0.856 -1.097 -1.117 -1.2 -1.144
-0.54 -0.557 -0.575 -0.616 -0.625 -0.526 -0.284 -0.119 -0.009 0.301 0.756 0.604 0.1 -0.272 -0.214 -0.305 -0.377 -0.633 -0.66 -0.398 -0.1 0.39 0.142 -0.426 -0.612 -0.608 -0.652 -0.721 -0.566 -0.722 -0.917 -0.927 -0.863 -0.821 -0.75 -0.772 -0.866 -1.11 -0.826 -1.043 -0.963 -0.662 -0.6 -0.397 0.13 0.116 -0.353 -0.086 0.241 0.621 0.771 0.763 0.659 0.43 0.077 0.149 0.017 -0.268 -0.433 -0.302 0.013 0.306 0.471 0.423 0.087 -0.12 -0.134 -0.111 0.039 -0.118 -0.487 -0.773 -0.918 -1.146 -1.227 -1.26 -1.139
-0.453 -0.445 -0.55 -0.713 -0.692 -0.408 -0.126 0.158 0.26 0.655 0.694 0.172 0.121 -0.218 -0.379 -0.501 -0.523 -0.718 -0.734 -0.525 -0.186 0.328 0.209 -0.313 -0.382 -0.407 -0.556 -0.901 -0.884 -0.927 -0.862 -0.742 -0.58 -0.52 -0.485 -0.522 -0.627 -0.937 -0.818 -0.73 -0.996 -0.766 -0.404 -0.082 0.264 -0.243 -0.354 0.007 0.372 0.679 0.765 0.747 0.618 0.314 -0.09 0.054 -0.076 -0.367 -0.391 -0.171 0.137 0.235 0.287 0.434 0.353 0.237 0.184 0.195 0.148 -0.053 -0.28 -0.492 -0.693 -0.942 -1.05 -1.105 -0.931
