data/climatemaps/RS_maps/climate_winter_tmin_2001.asc
NCOLS 369 
NROWS 228 
XLLCORNER 479000 
YLLCORNER 73000 
CELLSIZE 1000 
NODATA_value -9 
[rows 136 to 169 of 228, columns 0 to 75 of 369]
-9 -9 -9 -9 -9 -9 -9 -9 0.757 0.734 0.73 0.722 0.726 0.732 0.671 0.64 0.61 0.605 0.599 0.603 0.609 0.653 0.589 0.576 0.549 0.55 0.591 0.658 0.708 0.765 0.814 0.824 0.785 0.668 0.59 0.584 0.595 0.631 0.718 0.833 0.937 1.004 1.047 1.089 1.102 1.11 1.134 1.155 1.127 1.143 1.18 1.229 1.203 1.176 1.171 1.169 1.177 1.181 1.18 1.165 1.151 1.132 1.132 1.105 1.088 1.046 1.042 1.066 1.118 1.124 1.114 1.086 1.097 1.063 1.01 0.934
-9 -9 -9 -9 -9 -9 -9 -9 0.775 0.735 0.715 0.712 0.699 0.661 0.599 0.592 0.617 0.629 0.634 0.637 0.643 0.641 0.56 0.552 0.544 0.587 0.644 0.707 0.769 0.813 0.826 0.788 0.686 0.613 0.57 0.568 0.579 0.644 0.743 0.911 1.011 1.06 1.091 1.102 1.116 1.128 1.149 1.154 1.137 1.161 1.227 1.231 1.226 1.207 1.183 1.183 1.186 1.195 1.188 1.168 1.15 1.126 1.114 1.089 1.076 1.036 1.023 1.06 1.107 1.11 1.105 1.069 1.103 1.077 1.03 0.959
-9 -9 -9 -9 -9 -9 -9 -9 0.76 0.718 0.708 0.69 0.626 0.592 0.588 0.603 0.629 0.651 0.655 0.658 0.654 0.578 0.535 0.547 0.582 0.639 0.695 0.754 0.811 0.829 0.778 0.693 0.63 0.604 0.562 0.538 0.551 0.708 0.85 0.995 1.074 1.1 1.112 1.125 1.132 1.149 1.168 1.159 1.159 1.185 1.24 1.24 1.236 1.218 1.183 1.191 1.195 1.198 1.186 1.163 1.147 1.13 1.101 1.078 1.07 1.045 1.016 1.078 1.104 1.101 1.103 1.064 1.084 1.089 1.032 0.936
-9 -9 -9 -9 -9 -9 -9 0.754 0.751 0.725 0.68 0.618 0.577 0.569 0.59 0.607 0.631 0.651 0.667 0.67 0.592 0.524 0.545 0.601 0.64 0.699 0.748 0.806 0.818 0.768 0.691 0.65 0.618 0.57 0.506 0.509 0.602 0.764 0.956 1.054 1.104 1.12 1.123 1.133 1.146 1.164 1.182 1.179 1.186 1.205 1.24 1.27 1.244 1.227 1.196 1.206 1.21 1.201 1.183 1.159 1.15 1.134 1.093 1.086 1.06 1.046 1.054 1.082 1.115 1.103 1.102 1.065 1.084 1.102 1.011 0.916
-9 -9 -9 -9 -9 -9 -9 0.741 0.727 0.719 0.635 0.589 0.599 0.583 0.591 0.618 0.628 0.631 0.652 0.643 0.536 0.548 0.583 0.639 0.694 0.743 0.796 0.814 0.734 0.663 0.638 0.639 0.588 0.521 0.498 0.566 0.657 0.781 0.997 1.095 1.122 1.129 1.129 1.143 1.163 1.17 1.194 1.207 1.217 1.227 1.253 1.293 1.264 1.24 1.207 1.219 1.221 1.207 1.183 1.17 1.159 1.129 1.115 1.09 1.047 1.028 1.039 1.077 1.107 1.102 1.094 1.066 1.084 1.095 0.99 0.915
-9 -9 -9 -9 -9 -9 -9 0.725 0.726 0.709 0.648 0.628 0.631 0.628 0.638 0.615 0.616 0.642 0.645 0.558 0.544 0.593 0.627 0.663 0.714 0.779 0.802 0.749 0.633 0.618 0.632 0.602 0.531 0.52 0.557 0.62 0.707 0.862 1.056 1.118 1.135 1.135 1.14 1.155 1.182 1.187 1.216 1.226 1.243 1.259 1.286 1.307 1.289 1.254 1.225 1.232 1.235 1.216 1.187 1.178 1.151 1.121 1.109 1.078 1.052 1.022 1.035 1.075 1.076 1.097 1.073 1.069 1.089 1.086 0.993 0.932
-9 -9 -9 -9 -9 -9 -9 0.719 0.707 0.665 0.651 0.637 0.662 0.657 0.623 0.6 0.62 0.64 0.573 0.552 0.565 0.604 0.628 0.681 0.764 0.771 0.718 0.673 0.625 0.642 0.639 0.565 0.535 0.569 0.599 0.674 0.828 1.011 1.111 1.135 1.144 1.144 1.152 1.17 1.201 1.216 1.233 1.246 1.275 1.29 1.312 1.323 1.305 1.273 1.259 1.251 1.243 1.231 1.195 1.175 1.132 1.098 1.09 1.086 1.062 1.036 1.042 1.071 1.056 1.075 1.066 1.069 1.093 1.086 1.007 0.939
-9 -9 -9 -9 -9 -9 -9 0.696 0.654 0.632 0.646 0.663 0.692 0.657 0.607 0.64 0.636 0.586 0.552 0.589 0.603 0.627 0.67 0.757 0.756 0.689 0.652 0.626 0.623 0.647 0.619 0.556 0.601 0.636 0.678 0.832 1.009 1.104 1.141 1.146 1.151 1.149 1.157 1.174 1.21 1.242 1.248 1.274 1.287 1.306 1.327 1.337 1.32 1.3 1.295 1.277 1.257 1.238 1.199 1.172 1.137 1.116 1.089 1.079 1.067 1.052 1.053 1.051 1.053 1.045 1.061 1.072 1.095 1.08 1.016 0.919
-9 -9 -9 -9 -9 -9 -9 0.634 0.63 0.609 0.633 0.706 0.705 0.663 0.671 0.666 0.584 0.546 0.565 0.592 0.614 0.651 0.743 0.727 0.668 0.647 0.621 0.648 0.647 0.625 0.59 0.593 0.658 0.706 0.857 1.016 1.108 1.138 1.154 1.147 1.16 1.156 1.171 1.194 1.228 1.266 1.272 1.289 1.287 1.317 1.327 1.347 1.34 1.327 1.329 1.31 1.274 1.246 1.219 1.185 1.147 1.133 1.098 1.085 1.079 1.056 1.036 1.04 1.061 1.049 1.046 1.074 1.084 1.064 1.024 0.941
-9 -9 -9 -9 -9 -9 -9 0.595 0.621 0.623 0.669 0.735 0.716 0.711 0.692 0.601 0.531 0.55 0.576 0.599 0.622 0.702 0.712 0.633 0.616 0.583 0.61 0.651 0.632 0.607 0.644 0.713 0.742 0.846 1.005 1.097 1.139 1.153 1.143 1.151 1.162 1.159 1.189 1.217 1.249 1.285 1.291 1.289 1.294 1.328 1.326 1.348 1.363 1.361 1.357 1.339 1.302 1.264 1.241 1.208 1.181 1.155 1.121 1.104 1.095 1.066 1.049 1.059 1.078 1.071 1.061 1.07 1.052 1.05 1.023 0.954
-9 -9 -9 -9 -9 -9 -9 0.597 0.628 0.666 0.754 0.779 0.777 0.723 0.616 0.535 0.535 0.559 0.571 0.603 0.681 0.692 0.593 0.569 0.533 0.554 0.628 0.646 0.635 0.693 0.77 0.823 0.892 0.994 1.074 1.14 1.157 1.167 1.153 1.153 1.165 1.171 1.204 1.234 1.272 1.306 1.296 1.296 1.311 1.334 1.345 1.345 1.373 1.378 1.374 1.366 1.336 1.292 1.261 1.227 1.219 1.191 1.162 1.133 1.103 1.08 1.077 1.088 1.106 1.099 1.076 1.052 1.02 1.04 1.002 0.941
-9 -9 -9 -9 -9 -9 0.586 0.614 0.679 0.76 0.766 0.738 0.799 0.643 0.551 0.533 0.546 0.547 0.581 0.666 0.697 0.599 0.54 0.506 0.522 0.605 0.622 0.592 0.649 0.748 0.828 0.871 0.917 1.01 1.098 1.152 1.169 1.184 1.18 1.171 1.205 1.213 1.219 1.257 1.294 1.31 1.316 1.319 1.324 1.34 1.356 1.368 1.386 1.38 1.391 1.386 1.365 1.333 1.289 1.265 1.255 1.219 1.203 1.147 1.11 1.091 1.099 1.111 1.12 1.111 1.073 1.042 1.022 1.007 0.97 0.919
-9 -9 -9 -9 -9 0.664 0.625 0.716 0.784 0.759 0.68 0.67 0.781 0.625 0.542 0.526 0.529 0.568 0.659 0.683 0.605 0.539 0.482 0.501 0.568 0.641 0.606 0.58 0.674 0.769 0.885 0.907 0.955 1.07 1.121 1.161 1.184 1.196 1.2 1.19 1.225 1.243 1.261 1.295 1.306 1.307 1.339 1.346 1.358 1.382 1.386 1.375 1.393 1.388 1.395 1.405 1.391 1.364 1.335 1.311 1.291 1.273 1.248 1.183 1.159 1.124 1.12 1.108 1.106 1.096 1.072 1.039 1.001 0.899 0.933 0.89
-9 -9 -9 -9 -9 0.713 0.719 0.799 0.765 0.678 0.619 0.626 0.767 0.644 0.526 0.519 0.555 0.642 0.691 0.612 0.505 0.477 0.476 0.557 0.617 0.64 0.607 0.657 0.761 0.868 0.958 1.003 1.056 1.098 1.134 1.16 1.176 1.186 1.223 1.236 1.239 1.278 1.302 1.322 1.318 1.327 1.359 1.371 1.388 1.394 1.394 1.394 1.393 1.396 1.407 1.415 1.409 1.406 1.382 1.362 1.355 1.343 1.314 1.274 1.213 1.147 1.115 1.051 1.061 1.086 1.08 1.038 0.929 0.825 0.908 0.858
-9 -9 -9 -9 -9 0.843 0.848 0.807 0.699 0.615 0.587 0.617 0.768 0.678 0.556 0.566 0.634 0.679 0.648 0.523 0.451 0.451 0.534 0.613 0.642 0.621 0.641 0.744 0.848 0.942 0.974 1.024 1.085 1.113 1.142 1.159 1.166 1.197 1.224 1.273 1.28 1.295 1.301 1.335 1.337 1.348 1.368 1.38 1.394 1.396 1.399 1.394 1.399 1.399 1.399 1.408 1.41 1.41 1.407 1.403 1.4 1.396 1.382 1.36 1.278 1.157 1.118 1.063 1.032 1.095 1.082 1.024 0.864 0.775 0.873 0.858
-9 -9 -9 -9 -9 0.852 0.765 0.71 0.636 0.612 0.609 0.621 0.769 0.704 0.613 0.611 0.653 0.66 0.548 0.432 0.443 0.503 0.584 0.62 0.668 0.662 0.74 0.832 0.936 1.006 1.003 1.034 1.059 1.087 1.123 1.146 1.162 1.185 1.226 1.269 1.308 1.326 1.315 1.334 1.346 1.362 1.378 1.39 1.393 1.393 1.392 1.392 1.393 1.397 1.398 1.398 1.399 1.399 1.404 1.404 1.404 1.392 1.388 1.385 1.363 1.269 1.234 1.201 1.087 1.105 1.043 0.988 0.838 0.7 0.807 0.842
-9 -9 -9 -9 0.888 0.729 0.707 0.668 0.638 0.619 0.614 0.698 0.722 0.7 0.614 0.612 0.634 0.615 0.473 0.421 0.468 0.55 0.592 0.635 0.703 0.741 0.847 0.925 1.001 1.054 1.03 1.032 1.033 1.065 1.111 1.136 1.169 1.196 1.252 1.308 1.331 1.347 1.338 1.346 1.357 1.372 1.386 1.387 1.386 1.386 1.383 1.383 1.388 1.389 1.388 1.388 1.39 1.392 1.392 1.387 1.387 1.381 1.377 1.373 1.362 1.343 1.335 1.315 1.215 1.115 1.05 0.97 0.881 0.776 0.772 0.834
-9 -9 -9 -9 0.76 0.72 0.703 0.674 0.641 0.564 0.621 0.681 0.636 0.649 0.625 0.603 0.603 0.568 0.515 0.471 0.494 0.538 0.592 0.679 0.742 0.827 0.91 0.993 1.038 1.083 1.064 1.037 1.054 1.107 1.169 1.21 1.254 1.289 1.323 1.34 1.346 1.359 1.355 1.358 1.366 1.377 1.381 1.382 1.377 1.376 1.38 1.38 1.379 1.379 1.379 1.379 1.38 1.38 1.376 1.375 1.372 1.369 1.364 1.356 1.349 1.339 1.326 1.31 1.288 1.202 1.155 1.059 0.974 0.934 0.921 0.948
-9 -9 -9 -9 0.754 0.725 0.677 0.658 0.575 0.551 0.545 0.599 0.58 0.583 0.621 0.61 0.56 0.527 0.522 0.521 0.524 0.542 0.61 0.711 0.779 0.835 0.948 1.039 1.075 1.108 1.085 1.068 1.124 1.203 1.263 1.303 1.336 1.353 1.358 1.358 1.36 1.365 1.365 1.37 1.372 1.371 1.371 1.371 1.368 1.367 1.367 1.367 1.364 1.364 1.364 1.364 1.364 1.363 1.359 1.359 1.358 1.353 1.344 1.34 1.331 1.323 1.307 1.293 1.28 1.26 1.233 1.205 1.158 1.118 1.087 1.047
-9 -9 -9 -9 0.751 0.699 0.647 0.611 0.547 0.492 0.475 0.474 0.525 0.547 0.551 0.56 0.546 0.547 0.581 0.58 0.577 0.613 0.684 0.751 0.805 0.893 0.999 1.078 1.107 1.132 1.106 1.13 1.226 1.275 1.306 1.333 1.357 1.364 1.364 1.361 1.363 1.364 1.364 1.363 1.362 1.357 1.357 1.357 1.357 1.353 1.352 1.352 1.352 1.352 1.352 1.353 1.35 1.346 1.345 1.343 1.339 1.332 1.328 1.321 1.31 1.301 1.291 1.272 1.255 1.238 1.215 1.195 1.168 1.137 1.107 1.058
-9 -9 -9 -9 0.715 0.671 0.617 0.566 0.543 0.489 0.453 0.425 0.449 0.531 0.49 0.448 0.524 0.532 0.504 0.566 0.624 0.665 0.736 0.827 0.882 0.971 1.073 1.122 1.157 1.16 1.171 1.242 1.291 1.297 1.318 1.346 1.357 1.358 1.359 1.357 1.356 1.355 1.354 1.35 1.348 1.345 1.345 1.346 1.343 1.336 1.335 1.335 1.335 1.336 1.334 1.333 1.33 1.329 1.327 1.323 1.317 1.315 1.304 1.297 1.291 1.279 1.268 1.251 1.233 1.216 1.196 1.172 1.146 1.119 1.092 1.062
-9 -9 -9 0.725 0.685 0.647 0.599 0.561 0.533 0.487 0.432 0.419 0.477 0.492 0.435 0.433 0.495 0.444 0.392 0.474 0.544 0.638 0.752 0.918 1.034 1.093 1.141 1.169 1.186 1.219 1.259 1.289 1.299 1.305 1.327 1.343 1.344 1.344 1.344 1.345 1.348 1.34 1.34 1.335 1.334 1.33 1.33 1.331 1.322 1.319 1.319 1.319 1.316 1.316 1.315 1.314 1.313 1.306 1.306 1.304 1.296 1.293 1.284 1.276 1.268 1.256 1.245 1.229 1.21 1.195 1.173 1.149 1.125 1.1 1.07 1.04
-9 -9 -9 0.701 0.648 0.589 0.58 0.559 0.536 0.493 0.461 0.468 0.458 0.43 0.438 0.473 0.434 0.363 0.373 0.417 0.5 0.668 0.863 0.989 1.075 1.13 1.168 1.203 1.219 1.245 1.272 1.286 1.3 1.314 1.331 1.332 1.332 1.332 1.332 1.332 1.333 1.327 1.327 1.322 1.319 1.317 1.317 1.314 1.307 1.307 1.307 1.298 1.295 1.295 1.296 1.292 1.292 1.287 1.284 1.281 1.275 1.268 1.261 1.253 1.245 1.232 1.22 1.206 1.188 1.172 1.151 1.126 1.103 1.079 1.046 1.02
-9 -9 -9 0.681 0.616 0.582 0.576 0.55 0.522 0.493 0.483 0.432 0.397 0.424 0.503 0.485 0.443 0.364 0.407 0.525 0.64 0.818 0.973 1.061 1.108 1.141 1.184 1.215 1.238 1.257 1.273 1.283 1.301 1.318 1.32 1.32 1.32 1.321 1.321 1.321 1.318 1.315 1.308 1.305 1.301 1.301 1.293 1.292 1.291 1.286 1.283 1.281 1.281 1.277 1.273 1.272 1.27 1.264 1.26 1.257 1.251 1.244 1.238 1.227 1.222 1.206 1.198 1.181 1.165 1.148 1.128 1.103 1.082 1.056 1.025 1.001
-9 -9 -9 0.676 0.628 0.582 0.553 0.542 0.503 0.513 0.436 0.387 0.394 0.488 0.536 0.479 0.434 0.42 0.481 0.608 0.78 0.958 1.046 1.097 1.133 1.164 1.194 1.218 1.23 1.256 1.271 1.277 1.295 1.303 1.303 1.304 1.304 1.304 1.304 1.304 1.299 1.294 1.294 1.289 1.289 1.282 1.279 1.279 1.265 1.264 1.264 1.257 1.256 1.255 1.253 1.246 1.246 1.243 1.235 1.234 1.223 1.219 1.212 1.202 1.195 1.18 1.169 1.157 1.139 1.12 1.101 1.08 1.056 1.034 1.005 0.978
-9 -9 -9 -9 0.596 0.566 0.564 0.552 0.52 0.496 0.423 0.44 0.495 0.561 0.493 0.447 0.419 0.472 0.558 0.699 0.899 1.034 1.086 1.115 1.142 1.169 1.19 1.212 1.231 1.25 1.264 1.272 1.291 1.291 1.291 1.291 1.292 1.292 1.292 1.287 1.284 1.282 1.278 1.275 1.263 1.262 1.262 1.252 1.251 1.244 1.242 1.242 1.235 1.232 1.232 1.218 1.218 1.212 1.197 1.186 1.184 1.175 1.149 1.091 0.983 1.023 1.032 1.079 1.101 1.095 1.078 1.057 1.03 1.006 0.984 0.957
-9 -9 -9 -9 0.612 0.612 0.592 0.552 0.503 0.457 0.453 0.531 0.611 0.564 0.463 0.412 0.432 0.521 0.622 0.83 0.983 1.067 1.1 1.124 1.145 1.168 1.192 1.216 1.233 1.25 1.268 1.273 1.275 1.275 1.275 1.276 1.276 1.276 1.273 1.27 1.265 1.26 1.259 1.253 1.249 1.245 1.24 1.23 1.213 1.215 1.213 1.213 1.192 1.174 1.15 1.127 1.116 1.109 1.099 1.086 1.064 1.036 0.981 0.86 0.709 0.726 0.709 0.77 0.9 0.987 1.032 1.03 1.007 0.984 0.961 0.933
-9 -9 -9 -9 0.662 0.625 0.548 0.535 0.508 0.478 0.488 0.611 0.599 0.474 0.379 0.388 0.443 0.572 0.769 0.941 1.033 1.07 1.108 1.133 1.155 1.176 1.201 1.221 1.233 1.255 1.261 1.263 1.262 1.262 1.262 1.262 1.263 1.261 1.257 1.253 1.249 1.245 1.238 1.233 1.228 1.223 1.222 1.201 1.184 1.179 1.15 1.109 1.07 1.042 1.011 0.979 0.963 0.956 0.937 0.89 0.835 0.787 0.726 0.675 0.589 0.492 0.413 0.448 0.474 0.651 0.684 0.822 0.87 0.905 0.92 0.892
-9 -9 -9 -9 0.682 0.568 0.549 0.542 0.522 0.54 0.61 0.546 0.442 0.402 0.397 0.439 0.48 0.684 0.899 1.017 1.055 1.078 1.12 1.138 1.155 1.176 1.194 1.219 1.238 1.247 1.247 1.251 1.249 1.248 1.247 1.244 1.242 1.243 1.238 1.235 1.231 1.223 1.219 1.215 1.211 1.202 1.192 1.16 1.146 1.128 1.057 1.001 0.951 0.904 0.869 0.832 0.811 0.801 0.777 0.75 0.715 0.62 0.453 0.505 0.34 0.131 0.031 0.037 0.085 0.226 0.175 0.461 0.536 0.599 0.686 0.754
-9 -9 -9 -9 -9 0.537 0.509 0.505 0.583 0.622 0.478 0.402 0.497 0.523 0.638 0.61 0.67 0.775 0.947 1.035 1.068 1.1 1.124 1.133 1.145 1.168 1.19 1.218 1.235 1.235 1.239 1.24 1.235 1.227 1.224 1.211 1.208 1.226 1.22 1.218 1.212 1.204 1.199 1.192 1.185 1.164 1.14 1.109 1.097 1.065 0.996 0.929 0.89 0.833 0.798 0.776 0.743 0.73 0.703 0.671 0.634 0.488 0.414 0.351 0.19 0.1 -0.016 -0.163 -0.116 0.03 0.27 0.477 0.245 0.096 0.118 0.34
-9 -9 -9 -9 -9 -9 0.481 0.519 0.652 0.496 0.343 0.417 0.625 0.707 0.788 0.816 0.843 0.846 0.95 0.962 1.066 1.106 1.118 1.121 1.143 1.167 1.199 1.216 1.224 1.224 1.226 1.223 1.209 1.193 1.182 1.174 1.176 1.198 1.204 1.198 1.192 1.182 1.168 1.155 1.137 1.114 1.093 1.063 1.021 0.989 0.997 0.913 0.856 0.796 0.759 0.73 0.7 0.678 0.647 0.637 0.607 0.548 0.524 0.425 0.334 0.165 -0.133 -0.142 0.046 0.19 0.129 0.124 -0.241 -0.435 -0.338 0.003
-9 -9 -9 -9 -9 -9 0.497 0.61 0.6 0.379 0.302 0.592 0.778 0.833 0.882 0.926 0.935 0.936 0.923 1.005 1.083 1.105 1.106 1.119 1.147 1.176 1.203 1.211 1.212 1.212 1.213 1.201 1.179 1.165 1.156 1.155 1.158 1.174 1.183 1.179 1.171 1.15 1.126 1.105 1.088 1.071 1.049 1.007 0.959 0.92 0.937 0.91 0.862 0.8 0.738 0.682 0.647 0.634 0.64 0.602 0.51 0.436 0.355 0.338 0.272 -0.037 -0.302 -0.255 -0.182 -0.118 -0.3 -0.379 -0.509 -0.483 -0.287 -0.002
-9 -9 -9 -9 -9 -9 0.575 0.644 0.449 0.33 0.358 0.619 0.677 0.853 0.933 0.965 0.97 0.914 0.943 1.047 1.086 1.093 1.1 1.124 1.149 1.176 1.195 1.196 1.196 1.197 1.195 1.167 1.147 1.141 1.143 1.148 1.151 1.157 1.16 1.155 1.143 1.111 1.095 1.063 1.033 1.02 0.992 0.96 0.924 0.892 0.851 0.814 0.816 0.84 -9 -9 -9 0.665 0.67 0.58 0.431 0.298 0.136 0.122 0.058 -0.111 -0.235 -0.377 -0.374 -0.406 -0.543 -0.524 -0.484 -0.35 -0.229 -0.138
-9 -9 -9 -9 0.535 0.571 0.686 0.58 0.38 0.285 0.388 0.515 0.686 0.903 0.96 0.983 0.978 0.968 1.01 1.054 1.078 1.076 1.104 1.127 1.144 1.174 1.184 1.184 1.184 1.184 1.166 1.141 1.126 1.132 1.134 1.138 1.131 1.132 1.13 1.12 1.096 1.07 1.055 1.031 0.987 0.927 0.922 0.918 0.892 0.826 0.746 0.583 -9 -9 -9 -9 -9 0.64 0.623 0.611 0.569 0.467 0.249 0.113 -0.038 -0.154 -0.206 -0.299 -0.276 -0.29 -0.658 -0.661 -0.541 -0.41 -0.219 0.003
