data/climatemaps/RS_maps/climate_winter_pr_2010.asc
NCOLS 369 
NROWS 228 
XLLCORNER 479000 
YLLCORNER 73000 
CELLSIZE 1000 
NODATA_value -9 
[rows 132 to 164 of 228, columns 148 to 221 of 369]
-0.907 -0.883 -0.852 -0.797 -0.81 -0.867 -0.865 -0.793 -0.723 -0.639 -0.465 -0.332 -0.197 -0.074 -0.001 0.05 0.105 0.083 0.084 0.095 0.064 0.061 0.078 0.073 0.009 -0.044 0.033 -0.009 -0.124 -0.049 -0.298 -0.649 -0.508 -0.354 -0.531 -0.676 -0.749 -0.7 -0.62 -0.439 -0.253 -0.062 0.053 0.165 0.247 0.377 0.558 0.611 0.489 0.398 0.356 0.387 0.362 0.26 0.164 0.038 -0.134 -0.252 -0.365 -0.454 -0.579 -0.607 -0.512 -0.424 -0.349 -0.289 -0.21 -0.154 -0.15 -0.236 -0.407 -0.581 -0.672 -0.679
-0.847 -0.809 -0.715 -0.62 -0.709 -0.787 -0.776 -0.649 -0.572 -0.513 -0.468 -0.396 -0.287 -0.19 -0.15 -0.154 -0.089 -0.085 -0.086 -0.11 -0.111 -0.137 -0.108 -0.045 -0.058 -0.012 0.15 0.093 -0.004 -0.081 -0.297 -0.559 -0.39 -0.205 -0.329 -0.466 -0.637 -0.71 -0.701 -0.551 -0.379 -0.168 0.021 0.202 0.278 0.403 0.602 0.722 0.641 0.506 0.317 0.215 0.219 0.137 0.018 -0.1 -0.185 -0.198 -0.208 -0.246 -0.495 -0.478 -0.421 -0.413 -0.426 -0.341 -0.201 -0.185 -0.201 -0.342 -0.474 -0.517 -0.555 -0.569
-0.685 -0.604 -0.478 -0.507 -0.561 -0.649 -0.732 -0.644 -0.544 -0.559 -0.595 -0.551 -0.492 -0.455 -0.387 -0.368 -0.349 -0.358 -0.3 -0.339 -0.356 -0.359 -0.303 -0.156 0.042 0.089 0.177 0.145 0.103 -0.058 -0.242 -0.454 -0.365 -0.204 -0.173 -0.32 -0.451 -0.53 -0.641 -0.597 -0.378 -0.225 -0.102 0.164 0.274 0.41 0.597 0.737 0.747 0.604 0.452 0.23 0.064 0 -0.049 -0.032 -0.009 0 -0.031 -0.174 -0.425 -0.506 -0.463 -0.469 -0.406 -0.28 -0.174 -0.195 -0.251 -0.294 -0.39 -0.387 -0.452 -0.506
-0.467 -0.335 -0.336 -0.42 -0.346 -0.428 -0.619 -0.697 -0.677 -0.731 -0.766 -0.757 -0.72 -0.692 -0.644 -0.601 -0.605 -0.594 -0.533 -0.559 -0.575 -0.55 -0.437 -0.174 0.082 0.159 0.177 0.159 0.134 -0.013 -0.139 -0.272 -0.296 -0.274 -0.189 -0.132 -0.214 -0.31 -0.512 -0.585 -0.391 -0.293 -0.197 0.086 0.277 0.394 0.529 0.698 0.729 0.604 0.418 0.311 0.292 0.174 0.172 0.166 0.137 0.082 -0.056 -0.243 -0.456 -0.533 -0.527 -0.479 -0.37 -0.243 -0.184 -0.172 -0.162 -0.171 -0.334 -0.306 -0.362 -0.454
-0.254 -0.18 -0.276 -0.253 -0.141 -0.23 -0.401 -0.592 -0.761 -0.776 -0.748 -0.737 -0.726 -0.691 -0.661 -0.7 -0.76 -0.751 -0.719 -0.72 -0.707 -0.659 -0.498 -0.255 -0.098 0.083 0.182 0.168 0.125 0.088 0.035 -0.068 -0.17 -0.285 -0.217 -0.049 -0.138 -0.249 -0.442 -0.566 -0.411 -0.357 -0.227 -0.01 0.22 0.345 0.445 0.612 0.692 0.589 0.484 0.492 0.435 0.349 0.313 0.173 0.081 -0.041 -0.158 -0.345 -0.442 -0.43 -0.448 -0.446 -0.391 -0.264 -0.16 -0.127 -0.128 -0.145 -0.29 -0.257 -0.301 -0.38
-0.092 -0.124 -0.183 -0.074 0.036 -0.076 -0.237 -0.465 -0.719 -0.64 -0.566 -0.509 -0.511 -0.509 -0.546 -0.665 -0.77 -0.808 -0.804 -0.784 -0.703 -0.578 -0.527 -0.421 -0.243 -0.036 0.104 0.11 0.051 0.014 0.014 -0.075 -0.197 -0.255 -0.147 -0.034 -0.126 -0.217 -0.355 -0.548 -0.403 -0.422 -0.309 -0.11 0.117 0.296 0.395 0.555 0.674 0.654 0.626 0.55 0.457 0.355 0.235 0.057 -0.1 -0.219 -0.311 -0.387 -0.355 -0.286 -0.272 -0.257 -0.321 -0.297 -0.152 -0.098 -0.125 -0.109 -0.224 -0.198 -0.213 -0.314
-0.027 -0.018 -0.072 0.057 0.125 0.012 -0.189 -0.438 -0.662 -0.599 -0.529 -0.403 -0.384 -0.389 -0.46 -0.583 -0.687 -0.745 -0.756 -0.737 -0.547 -0.366 -0.387 -0.395 -0.294 -0.138 0.042 0.105 0.051 -0.043 -0.096 -0.179 -0.229 -0.203 -0.074 -0.063 -0.132 -0.257 -0.364 -0.518 -0.469 -0.395 -0.315 -0.123 0.058 0.198 0.369 0.594 0.659 0.612 0.563 0.484 0.347 0.21 0.047 -0.107 -0.25 -0.295 -0.307 -0.363 -0.259 -0.215 -0.149 -0.109 -0.134 -0.222 -0.173 -0.088 -0.102 -0.052 -0.149 -0.152 -0.136 -0.246
-0.04 0.089 0.061 0.181 0.177 0.017 -0.134 -0.317 -0.621 -0.645 -0.574 -0.393 -0.312 -0.328 -0.377 -0.473 -0.544 -0.574 -0.535 -0.537 -0.501 -0.352 -0.284 -0.254 -0.235 -0.181 -0.078 0.025 0.047 -0.038 -0.144 -0.207 -0.206 -0.138 -0.099 -0.149 -0.16 -0.199 -0.222 -0.417 -0.486 -0.339 -0.226 -0.082 0.023 0.158 0.366 0.546 0.597 0.601 0.534 0.452 0.342 0.091 -0.124 -0.206 -0.227 -0.2 -0.235 -0.335 -0.218 -0.136 -0.064 -0.027 -0.013 -0.073 -0.143 -0.064 -0.074 -0.023 -0.089 -0.11 -0.084 -0.161
-0.008 0.205 0.272 0.253 0.14 0.026 0.007 -0.253 -0.566 -0.657 -0.574 -0.382 -0.258 -0.262 -0.297 -0.345 -0.366 -0.358 -0.265 -0.359 -0.507 -0.41 -0.386 -0.295 -0.146 -0.11 -0.139 -0.132 -0.043 -0.03 -0.116 -0.132 -0.137 -0.155 -0.097 -0.126 -0.108 -0.106 -0.144 -0.257 -0.429 -0.36 -0.234 -0.07 0.006 0.116 0.341 0.484 0.499 0.528 0.461 0.374 0.247 -0.012 -0.151 -0.123 -0.118 -0.123 -0.23 -0.265 -0.222 -0.133 -0.044 0.002 0.005 -0.03 -0.083 -0.065 -0.051 -0.004 -0.061 -0.071 -0.058 -0.09
0.087 0.193 0.295 0.273 0.152 0.172 0.047 -0.205 -0.498 -0.645 -0.529 -0.366 -0.264 -0.249 -0.214 -0.182 -0.105 -0.048 -0.079 -0.239 -0.422 -0.446 -0.426 -0.347 -0.197 -0.057 -0.062 -0.13 -0.164 -0.115 -0.09 -0.11 -0.107 -0.144 -0.094 -0.111 -0.137 -0.143 -0.159 -0.191 -0.321 -0.351 -0.223 -0.096 -0.039 0.066 0.278 0.437 0.438 0.441 0.438 0.365 0.203 -0.02 -0.069 -0.048 -0.065 -0.106 -0.206 -0.182 -0.171 -0.157 -0.045 0.038 0.03 -0.026 -0.027 -0.036 -0.052 -0.015 -0.075 -0.04 -0.055 -0.038
-0.033 0.119 0.226 0.209 0.184 0.26 0.077 -0.148 -0.453 -0.613 -0.481 -0.397 -0.32 -0.218 -0.108 0.092 0.212 0.051 -0.049 -0.142 -0.25 -0.274 -0.296 -0.355 -0.243 -0.13 -0.041 -0.068 -0.163 -0.214 -0.205 -0.226 -0.202 -0.226 -0.205 -0.162 -0.141 -0.116 -0.134 -0.16 -0.251 -0.314 -0.2 -0.145 -0.142 -0.016 0.183 0.35 0.403 0.471 0.533 0.465 0.269 0.023 -0.013 -0.014 -0.05 -0.104 -0.184 -0.16 -0.14 -0.142 -0.081 -0.013 0.015 -0.044 -0.034 -0.114 -0.137 -0.101 -0.102 -0.085 -0.082 -0.048
-0.14 0.009 0.152 0.176 0.238 0.211 0.068 -0.143 -0.482 -0.607 -0.519 -0.473 -0.374 -0.218 -0.054 0.15 0.198 0.068 0.011 -0.062 -0.136 -0.146 -0.178 -0.296 -0.231 -0.153 -0.136 -0.031 -0.098 -0.21 -0.255 -0.281 -0.299 -0.308 -0.309 -0.289 -0.263 -0.215 -0.205 -0.184 -0.18 -0.216 -0.183 -0.234 -0.214 -0.037 0.128 0.26 0.421 0.509 0.513 0.42 0.271 0.106 0.016 0.022 -0.054 -0.109 -0.149 -0.14 -0.131 -0.195 -0.178 -0.121 -0.092 -0.158 -0.227 -0.277 -0.214 -0.193 -0.204 -0.183 -0.157 -0.146
-0.058 0.047 0.169 0.22 0.21 0.115 -0.047 -0.226 -0.562 -0.526 -0.47 -0.432 -0.315 -0.15 0.011 0.201 0.23 0.169 0.137 0.077 0.022 0 -0.047 -0.167 -0.168 -0.087 -0.139 -0.098 -0.103 -0.188 -0.173 -0.187 -0.239 -0.232 -0.21 -0.211 -0.236 -0.241 -0.175 -0.078 -0.043 -0.116 -0.182 -0.305 -0.198 -0.034 0.145 0.246 0.402 0.432 0.404 0.367 0.315 0.205 0.046 0.052 -0.066 -0.053 -0.096 -0.164 -0.201 -0.25 -0.233 -0.244 -0.309 -0.388 -0.403 -0.346 -0.35 -0.349 -0.358 -0.274 -0.213 -0.161
0.024 0.081 0.101 0.138 0.087 -0.003 -0.13 -0.343 -0.602 -0.456 -0.357 -0.28 -0.131 -0.021 0.051 0.181 0.201 0.177 0.121 0.119 0.15 0.137 0.039 -0.002 0 -0.003 -0.059 -0.128 -0.135 -0.103 -0.035 -0.062 -0.09 -0.101 -0.12 -0.156 -0.164 -0.117 -0.037 0.02 -0.014 -0.112 -0.231 -0.388 -0.286 -0.091 0.065 0.214 0.351 0.376 0.382 0.404 0.358 0.223 0.066 0.073 -0.012 0.006 -0.044 -0.201 -0.265 -0.3 -0.35 -0.427 -0.521 -0.6 -0.515 -0.464 -0.499 -0.505 -0.469 -0.419 -0.366 -0.306
-0.006 0.076 0.026 -0.007 -0.049 -0.127 -0.268 -0.409 -0.609 -0.517 -0.384 -0.216 -0.031 0.084 0.087 0.097 0.129 0.171 0.082 0.039 0.082 0.119 0.008 0.013 0.084 0.121 0.014 -0.037 -0.053 0.03 0.031 -0.019 -0.058 -0.095 -0.123 -0.129 -0.081 -0.019 0 -0.002 -0.057 -0.194 -0.375 -0.484 -0.39 -0.21 -0.051 0.12 0.191 0.321 0.374 0.416 0.335 0.24 0.133 0.074 0.006 -0.068 -0.085 -0.216 -0.386 -0.47 -0.549 -0.627 -0.71 -0.684 -0.607 -0.604 -0.633 -0.591 -0.537 -0.483 -0.447 -0.391
-0.074 0.039 0.024 -0.069 -0.151 -0.195 -0.258 -0.364 -0.569 -0.544 -0.428 -0.276 -0.082 0.063 0.071 0.041 0.042 0.069 0.021 -0.025 -0.004 0.058 -0.002 -0.031 0.045 0.135 0.089 0.068 0.053 0.083 0.038 0.003 -0.011 -0.016 -0.013 -0.021 -0.018 -0.027 -0.048 -0.092 -0.18 -0.348 -0.481 -0.512 -0.467 -0.355 -0.183 -0.039 0.063 0.214 0.255 0.305 0.311 0.204 0.081 -0.035 -0.125 -0.211 -0.256 -0.353 -0.476 -0.57 -0.648 -0.72 -0.779 -0.77 -0.742 -0.75 -0.766 -0.715 -0.673 -0.614 -0.55 -0.466
-0.08 0.055 0.076 -0.096 -0.089 -0.062 -0.165 -0.339 -0.528 -0.491 -0.408 -0.323 -0.205 0.006 0.096 0.042 -0.026 -0.059 -0.084 -0.1 -0.078 -0.022 -0.033 -0.058 -0.025 0.029 0.073 0.097 0.061 0.097 0.097 0.082 0.066 0.025 0.05 0.002 -0.031 -0.107 -0.16 -0.227 -0.379 -0.498 -0.517 -0.441 -0.424 -0.385 -0.311 -0.226 0.003 0.1 0.113 0.249 0.266 0.123 -0.012 -0.154 -0.274 -0.391 -0.449 -0.464 -0.476 -0.507 -0.573 -0.653 -0.764 -0.826 -0.852 -0.881 -0.885 -0.857 -0.825 -0.769 -0.698 -0.586
-0.048 0.047 0.114 0.018 0.023 -0.037 -0.205 -0.358 -0.446 -0.389 -0.318 -0.232 -0.12 0.034 0.078 0.058 -0.018 -0.107 -0.161 -0.182 -0.164 -0.139 -0.091 -0.074 -0.058 -0.03 0.002 0.034 0.03 0.089 0.133 0.116 0.103 0.03 -0.027 -0.038 -0.123 -0.205 -0.323 -0.432 -0.513 -0.524 -0.453 -0.385 -0.351 -0.311 -0.238 -0.146 -0.082 0.01 0.113 0.164 0.131 0.008 -0.154 -0.303 -0.384 -0.411 -0.373 -0.34 -0.279 -0.291 -0.35 -0.463 -0.595 -0.695 -0.759 -0.814 -0.855 -0.866 -0.867 -0.85 -0.801 -0.717
0.027 0.031 0.109 0.036 -0.003 -0.114 -0.224 -0.291 -0.306 -0.259 -0.194 -0.079 0.018 0.056 0.027 0.009 -0.043 -0.129 -0.205 -0.257 -0.251 -0.186 -0.096 -0.073 -0.057 -0.039 -0.045 -0.05 -0.001 0.082 0.135 0.122 0.15 0.063 -0.103 -0.131 -0.235 -0.402 -0.51 -0.555 -0.555 -0.498 -0.407 -0.328 -0.27 -0.213 -0.182 -0.056 -0.044 0.025 0.11 0.068 0.004 -0.124 -0.268 -0.319 -0.286 -0.268 -0.17 -0.139 -0.061 -0.09 -0.149 -0.263 -0.383 -0.496 -0.574 -0.625 -0.68 -0.699 -0.735 -0.803 -0.83 -0.815
0.138 0.079 0.058 0.003 -0.027 -0.108 -0.179 -0.206 -0.194 -0.136 -0.075 -0.037 0.001 0.021 0.003 -0.032 -0.079 -0.142 -0.213 -0.283 -0.302 -0.241 -0.152 -0.065 -0.018 -0.007 -0.059 -0.09 -0.001 0.01 0.05 0.053 0.047 0.035 -0.109 -0.301 -0.434 -0.539 -0.564 -0.521 -0.453 -0.415 -0.398 -0.346 -0.267 -0.177 -0.104 -0.019 0.033 0.072 0.061 -0.019 -0.117 -0.198 -0.22 -0.159 -0.094 -0.068 0.009 0.079 0.105 0.051 -0.029 -0.117 -0.205 -0.31 -0.394 -0.436 -0.47 -0.461 -0.497 -0.625 -0.758 -0.839
0.073 0.053 0.049 0.033 0.034 -0.04 -0.091 -0.1 -0.081 -0.068 -0.08 -0.047 -0.029 -0.027 -0.029 -0.044 -0.068 -0.101 -0.171 -0.28 -0.333 -0.32 -0.242 -0.112 -0.054 -0.054 -0.122 -0.153 -0.05 -0.066 -0.058 -0.009 -0.062 -0.097 -0.235 -0.442 -0.557 -0.589 -0.531 -0.42 -0.331 -0.275 -0.265 -0.32 -0.275 -0.184 -0.099 -0.021 0.026 0.051 0.012 -0.085 -0.125 -0.09 -0.065 -0.003 0.074 0.099 0.175 0.233 0.229 0.157 0.071 -0.067 -0.151 -0.191 -0.235 -0.276 -0.29 -0.269 -0.325 -0.429 -0.566 -0.738
-0.037 0.01 0.051 0.087 0.111 0.051 0.064 -0.029 -0.094 -0.095 -0.154 -0.096 -0.05 -0.067 -0.066 -0.02 0.018 0.036 -0.076 -0.234 -0.332 -0.369 -0.3 -0.175 -0.153 -0.144 -0.226 -0.231 -0.105 -0.144 -0.187 -0.127 -0.176 -0.29 -0.439 -0.572 -0.597 -0.544 -0.452 -0.335 -0.221 -0.144 -0.142 -0.21 -0.261 -0.166 -0.091 -0.042 0.002 0.041 0.011 -0.023 0.021 0.102 0.127 0.151 0.219 0.25 0.314 0.353 0.36 0.298 0.206 0.044 -0.113 -0.196 -0.205 -0.231 -0.218 -0.194 -0.206 -0.248 -0.351 -0.504
-0.034 0.04 0.068 0.068 0.02 -0.044 -0.048 -0.166 -0.21 -0.193 -0.21 -0.192 -0.13 -0.064 -0.017 0.065 0.016 -0.045 -0.064 -0.153 -0.282 -0.351 -0.33 -0.219 -0.223 -0.29 -0.336 -0.271 -0.216 -0.219 -0.244 -0.304 -0.356 -0.49 -0.582 -0.613 -0.552 -0.448 -0.395 -0.278 -0.137 -0.078 -0.068 -0.081 -0.147 -0.09 -0.053 -0.001 0.051 0.099 0.116 0.141 0.2 0.266 0.281 0.279 0.314 0.38 0.403 0.418 0.416 0.365 0.313 0.146 -0.026 -0.2 -0.312 -0.283 -0.261 -0.229 -0.129 -0.085 -0.156 -0.274
0.004 0.065 0.044 0.005 -0.072 -0.184 -0.131 -0.254 -0.299 -0.283 -0.294 -0.24 -0.116 -0.123 -0.065 0.03 -0.055 -0.15 -0.133 -0.116 -0.246 -0.341 -0.352 -0.245 -0.262 -0.383 -0.447 -0.349 -0.338 -0.345 -0.365 -0.466 -0.547 -0.619 -0.621 -0.576 -0.49 -0.37 -0.31 -0.231 -0.069 -0.001 0.031 0.044 -0.028 -0.005 0.009 0.044 0.09 0.13 0.18 0.264 0.339 0.387 0.357 0.31 0.328 0.401 0.445 0.46 0.408 0.303 0.272 0.168 0.029 -0.151 -0.37 -0.396 -0.319 -0.239 -0.098 -0.03 -0.065 -0.162
-0.038 -0.029 -0.034 -0.103 -0.132 -0.26 -0.26 -0.352 -0.406 -0.366 -0.297 -0.176 -0.123 -0.195 -0.193 -0.121 -0.095 -0.179 -0.219 -0.204 -0.24 -0.348 -0.366 -0.303 -0.325 -0.434 -0.563 -0.504 -0.471 -0.495 -0.547 -0.63 -0.671 -0.641 -0.543 -0.452 -0.44 -0.302 -0.203 -0.139 0.002 0.08 0.109 0.117 0.017 0.037 0.075 0.053 0.052 0.067 0.162 0.343 0.433 0.467 0.41 0.281 0.271 0.351 0.448 0.425 0.342 0.186 0.133 0.109 -0.034 -0.195 -0.451 -0.503 -0.34 -0.225 -0.077 -0.035 -0.037 -0.117
-0.136 -0.161 -0.1 -0.212 -0.235 -0.365 -0.385 -0.448 -0.438 -0.352 -0.257 -0.172 -0.138 -0.231 -0.278 -0.204 -0.114 -0.178 -0.229 -0.283 -0.316 -0.385 -0.397 -0.357 -0.376 -0.498 -0.69 -0.678 -0.625 -0.652 -0.723 -0.747 -0.698 -0.583 -0.452 -0.336 -0.357 -0.274 -0.135 -0.032 0.074 0.139 0.164 0.158 0.061 0.02 0.04 0.007 -0.014 0.013 0.126 0.309 0.415 0.459 0.408 0.255 0.235 0.302 0.355 0.329 0.274 0.084 0.017 -0.003 -0.15 -0.345 -0.556 -0.576 -0.415 -0.256 -0.067 0.056 0.079 0.019
-0.253 -0.284 -0.277 -0.321 -0.394 -0.433 -0.404 -0.376 -0.33 -0.264 -0.256 -0.248 -0.198 -0.269 -0.287 -0.207 -0.169 -0.212 -0.247 -0.319 -0.414 -0.438 -0.418 -0.372 -0.421 -0.565 -0.79 -0.833 -0.792 -0.824 -0.847 -0.769 -0.642 -0.497 -0.38 -0.26 -0.256 -0.271 -0.11 0.062 0.13 0.195 0.168 0.139 0.105 0.002 -0.068 -0.103 -0.107 -0.04 0.08 0.273 0.37 0.454 0.405 0.239 0.117 0.186 0.225 0.184 0.129 -0.08 -0.162 -0.139 -0.241 -0.448 -0.658 -0.636 -0.463 -0.282 -0.101 0.065 0.17 0.141
-0.406 -0.435 -0.452 -0.438 -0.417 -0.385 -0.308 -0.242 -0.206 -0.194 -0.231 -0.253 -0.236 -0.292 -0.307 -0.263 -0.266 -0.324 -0.361 -0.427 -0.5 -0.491 -0.445 -0.423 -0.502 -0.653 -0.87 -0.944 -0.933 -0.937 -0.871 -0.727 -0.584 -0.448 -0.33 -0.216 -0.165 -0.166 -0.067 0.078 0.127 0.168 0.155 0.186 0.189 0.069 -0.08 -0.172 -0.179 -0.073 0.068 0.275 0.427 0.514 0.434 0.143 -0.043 0.001 0.052 0.099 0.08 -0.106 -0.326 -0.36 -0.439 -0.598 -0.706 -0.603 -0.449 -0.301 -0.188 -0.048 0.101 0.132
-0.604 -0.6 -0.514 -0.394 -0.317 -0.259 -0.193 -0.147 -0.125 -0.121 -0.112 -0.171 -0.222 -0.247 -0.333 -0.393 -0.403 -0.469 -0.5 -0.571 -0.587 -0.533 -0.499 -0.538 -0.611 -0.762 -0.953 -1.022 -1.032 -0.963 -0.835 -0.681 -0.544 -0.435 -0.342 -0.205 -0.079 -0.054 -0.01 0.033 0.055 0.083 0.131 0.231 0.235 0.112 0.043 -0.171 -0.175 -0.1 0.024 0.259 0.474 0.579 0.429 0.063 -0.235 -0.266 -0.138 -0.003 -0.033 -0.158 -0.387 -0.519 -0.628 -0.732 -0.747 -0.596 -0.442 -0.358 -0.27 -0.124 0.057 0.122
-0.724 -0.632 -0.487 -0.337 -0.242 -0.192 -0.157 -0.157 -0.165 -0.138 -0.119 -0.122 -0.165 -0.212 -0.312 -0.456 -0.547 -0.619 -0.652 -0.669 -0.653 -0.618 -0.624 -0.673 -0.758 -0.901 -1.034 -1.071 -1.047 -0.951 -0.819 -0.691 -0.586 -0.484 -0.354 -0.222 -0.125 -0.079 -0.028 0.01 0.042 0.07 0.155 0.24 0.236 0.18 0.101 -0.115 -0.223 -0.109 0.007 0.198 0.362 0.427 0.326 0.078 -0.251 -0.427 -0.323 -0.212 -0.132 -0.186 -0.325 -0.385 -0.518 -0.693 -0.767 -0.669 -0.552 -0.458 -0.301 -0.091 0.05 0.085
-0.712 -0.581 -0.445 -0.304 -0.195 -0.194 -0.211 -0.226 -0.228 -0.227 -0.226 -0.164 -0.207 -0.277 -0.356 -0.521 -0.692 -0.765 -0.752 -0.722 -0.728 -0.741 -0.77 -0.83 -0.927 -1.033 -1.094 -1.083 -1.02 -0.946 -0.848 -0.745 -0.634 -0.512 -0.403 -0.315 -0.253 -0.213 -0.139 -0.077 -0.001 0.058 0.131 0.187 0.228 0.238 0.145 -0.062 -0.248 -0.148 -0.031 0.134 0.285 0.346 0.328 0.162 -0.209 -0.524 -0.502 -0.363 -0.239 -0.235 -0.246 -0.258 -0.387 -0.58 -0.753 -0.756 -0.65 -0.551 -0.302 -0.07 0.046 -0.005
-0.657 -0.532 -0.402 -0.305 -0.216 -0.217 -0.267 -0.325 -0.269 -0.285 -0.342 -0.236 -0.334 -0.413 -0.47 -0.636 -0.831 -0.828 -0.792 -0.802 -0.841 -0.872 -0.938 -0.99 -1.067 -1.118 -1.116 -1.075 -1.042 -0.937 -0.853 -0.746 -0.64 -0.587 -0.507 -0.436 -0.398 -0.317 -0.262 -0.168 -0.032 0.028 0.061 0.085 0.146 0.187 0.16 -0.02 -0.262 -0.207 -0.079 0.109 0.227 0.31 0.352 0.167 -0.179 -0.569 -0.621 -0.488 -0.37 -0.301 -0.249 -0.241 -0.333 -0.503 -0.722 -0.77 -0.643 -0.523 -0.285 -0.05 0.064 -0.012
-0.618 -0.515 -0.453 -0.42 -0.356 -0.324 -0.357 -0.39 -0.349 -0.354 -0.437 -0.367 -0.441 -0.529 -0.609 -0.757 -0.897 -0.885 -0.911 -0.948 -1.008 -1.063 -1.101 -1.126 -1.136 -1.123 -1.095 -1.087 -1.028 -0.942 -0.885 -0.844 -0.79 -0.712 -0.645 -0.584 -0.505 -0.419 -0.342 -0.25 -0.164 -0.079 -0.02 0.028 0.121 0.137 0.09 -0.02 -0.229 -0.253 -0.107 0.075 0.226 0.296 0.297 0.145 -0.194 -0.571 -0.713 -0.685 -0.587 -0.475 -0.388 -0.319 -0.402 -0.552 -0.729 -0.711 -0.545 -0.391 -0.261 -0.05 0.073 0.049
