data/climatemaps/RS_maps/climate_postbreed_tmp_2019.asc
NCOLS 369 
NROWS 228 
XLLCORNER 479000 
YLLCORNER 73000 
CELLSIZE 1000 
NODATA_value -9 
[rows 0 to 33 of 228, columns 231 to 307 of 369]
-9 -9 -9 -9 -9 -9 -9 -9 -9 -9 -9 -9 -9 -9 -9 -9 -9 -9 -9 -9 -9 -9 -9 -9 -9 -9 -9 -9 -9 -9 -9 -9 -9 -9 -9 -9 -9 -9 -9 -9 -9 -9 -9 -9 -9 -9 -9 -9 -9 -9 -9 -9 -9 -9 -9 -9 -9 -9 -9 -9 -9 -9 -9 -9 -9 -9 -9 -9 -9 -9 -9 -9 -9 -9 -9 -9 -9
-9 -9 -9 -9 -9 -9 -9 -9 -9 -9 -9 -9 -9 -9 -9 -9 -9 -9 -9 -9 -9 -9 -9 -9 -9 -9 -9 -9 -9 -9 -9 -9 -9 -9 -9 -9 -9 -9 -9 -9 -9 -9 -9 -9 -9 -9 -9 -9 -9 -9 -9 -9 -9 -9 -9 -9 -9 -9 -9 -9 -9 -9 -9 -9 -9 -9 -9 -9 -9 -9 -9 -9 -9 -9 -9 -9 -9
-9 -9 -9 -9 -9 -9 -9 -9 -9 -9 -9 -9 -9 -9 -9 -9 -9 -9 -9 -9 -9 -9 -9 -9 -9 -9 -9 -9 -9 -9 -9 -9 -9 -9 -9 -9 -9 -9 -9 -9 -9 -9 -9 -9 -9 -9 -9 -9 -9 -9 -9 -9 -9 -9 -9 -9 -9 -9 -9 -9 -9 -9 -9 -9 -9 -9 -9 -9 -9 -9 -9 -9 -9 -9 -9 -9 -9
0.835 -9 -9 -9 -9 -9 -9 -9 -9 -9 -9 -9 -9 -9 -9 -9 -9 -9 -9 -9 -9 -9 -9 -9 -9 -9 -9 -9 -9 -9 -9 -9 -9 -9 -9 -9 -9 -9 -9 -9 -9 -9 -9 -9 -9 -9 -9 -9 -9 -9 -9 -9 -9 -9 -9 -9 -9 -9 -9 -9 -9 -9 -9 -9 -9 -9 -9 -9 -9 -9 -9 -9 -9 -9 -9 -9 -9
0.861 0.792 -9 -9 -9 -9 -9 -9 -9 -9 -9 -9 -9 -9 -9 -9 -9 -9 -9 -9 -9 -9 -9 -9 -9 -9 -9 -9 -9 -9 -9 -9 -9 -9 -9 -9 -9 -9 -9 -9 -9 -9 -9 -9 -9 -9 -9 -9 -9 -9 -9 -9 -9 -9 -9 -9 -9 -9 -9 -9 -9 -9 -9 -9 -9 -9 -9 -9 -9 -9 -9 -9 -9 -9 -9 -9 -9
0.872 0.862 0.807 -9 -9 -9 -9 -9 -9 -9 -9 -9 -9 -9 -9 -9 -9 -9 -9 -9 -9 -9 -9 -9 -9 -9 -9 -9 -9 -9 -9 -9 -9 -9 -9 -9 -9 -9 -9 -9 -9 -9 -9 -9 -9 -9 -9 -9 -9 -9 -9 -9 -9 -9 -9 -9 -9 -9 -9 -9 -9 -9 -9 -9 -9 -9 -9 -9 -9 -9 -9 -9 -9 -9 -9 -9 -9
0.86 0.887 0.825 0.777 -9 0.882 0.765 0.785 0.786 0.784 0.875 0.957 0.964 0.964 0.952 0.917 -9 -9 -9 -9 -9 -9 -9 -9 -9 -9 -9 -9 -9 -9 -9 -9 -9 -9 -9 -9 -9 -9 -9 -9 -9 -9 -9 -9 -9 -9 -9 -9 -9 -9 -9 -9 -9 -9 -9 -9 -9 -9 -9 -9 -9 -9 -9 -9 -9 -9 -9 -9 -9 -9 -9 -9 -9 -9 -9 -9 -9
0.887 0.907 0.862 0.834 0.865 0.871 0.783 0.77 0.785 0.739 0.772 0.895 0.962 0.967 0.967 0.962 0.922 0.885 0.877 0.88 -9 -9 -9 -9 -9 -9 -9 -9 -9 -9 -9 -9 -9 -9 -9 -9 -9 -9 -9 -9 -9 -9 -9 -9 -9 -9 -9 -9 -9 -9 -9 -9 -9 -9 -9 -9 -9 -9 -9 -9 -9 -9 -9 -9 -9 -9 -9 -9 -9 -9 -9 -9 -9 -9 -9 -9 -9
0.903 0.916 0.903 0.9 0.895 0.901 0.876 0.839 0.834 0.803 0.779 0.806 0.88 0.957 0.972 0.978 0.974 0.944 0.933 0.931 0.901 0.887 0.912 0.906 0.894 0.89 0.891 0.909 0.94 -9 -9 -9 -9 -9 -9 -9 -9 -9 -9 -9 -9 -9 -9 -9 -9 -9 -9 -9 -9 -9 -9 -9 -9 -9 -9 -9 -9 -9 -9 -9 -9 -9 -9 -9 -9 -9 -9 -9 -9 -9 -9 -9 -9 -9 -9 -9 -9
0.914 0.927 0.927 0.923 0.92 0.911 0.927 0.921 0.885 0.861 0.834 0.825 0.845 0.876 0.911 0.966 0.98 0.978 0.978 0.968 0.931 0.921 0.921 0.939 0.932 0.936 0.914 0.927 0.943 0.955 0.941 0.889 0.849 -9 -9 -9 -9 -9 -9 -9 -9 -9 -9 -9 -9 -9 -9 -9 -9 -9 -9 -9 -9 -9 -9 -9 -9 -9 -9 -9 -9 -9 -9 -9 -9 -9 -9 -9 -9 -9 -9 -9 -9 -9 -9 -9 -9
0.925 0.938 0.94 0.943 0.947 0.93 0.933 0.946 0.943 0.939 0.923 0.9 0.868 0.849 0.857 0.894 0.964 0.98 0.98 0.981 0.981 0.972 0.942 0.932 0.93 0.943 0.925 0.928 0.953 0.96 0.962 0.947 0.906 0.871 0.872 -9 -9 -9 -9 -9 -9 -9 -9 -9 -9 -9 -9 -9 -9 -9 -9 -9 -9 -9 -9 -9 -9 -9 -9 -9 -9 -9 -9 -9 -9 -9 -9 -9 -9 -9 -9 -9 -9 -9 -9 -9 -9
0.937 0.948 0.956 0.957 0.961 0.962 0.961 0.956 0.927 0.93 0.94 0.921 0.882 0.849 0.837 0.868 0.924 0.977 0.979 0.986 0.987 0.987 0.987 0.968 0.956 0.965 0.958 0.954 0.956 0.96 0.962 0.965 0.937 0.903 0.89 0.847 0.769 -9 -9 -9 -9 -9 -9 -9 -9 -9 -9 -9 -9 -9 -9 -9 -9 -9 -9 -9 -9 -9 -9 -9 -9 -9 -9 -9 -9 -9 -9 -9 -9 -9 -9 -9 -9 -9 -9 -9 -9
0.951 0.958 0.962 0.966 0.966 0.967 0.981 0.974 0.942 0.917 0.928 0.94 0.935 0.923 0.917 0.916 0.926 0.934 0.96 0.974 0.987 0.989 0.989 0.989 0.985 0.979 0.965 0.971 0.969 0.969 0.963 0.972 0.97 0.944 0.926 0.897 0.848 0.8 0.785 -9 -9 -9 -9 -9 -9 -9 -9 -9 -9 -9 -9 -9 -9 -9 -9 -9 -9 -9 -9 -9 -9 -9 -9 -9 -9 -9 -9 -9 -9 -9 -9 -9 -9 -9 -9 -9 -9
0.954 0.964 0.968 0.973 0.982 0.986 0.987 0.987 0.987 0.973 0.957 0.955 0.961 0.94 0.92 0.931 0.918 0.907 0.929 0.945 0.987 0.997 0.999 0.999 0.985 0.959 0.915 0.922 0.966 0.979 0.977 0.981 0.984 0.978 0.968 0.961 0.939 0.912 0.907 0.942 0.972 -9 -9 -9 -9 -9 -9 -9 -9 -9 -9 -9 -9 -9 -9 -9 -9 -9 -9 -9 -9 -9 -9 -9 -9 -9 -9 -9 -9 -9 -9 -9 -9 -9 -9 -9 -9
0.954 0.956 0.967 0.978 0.986 0.987 0.987 0.987 0.988 0.995 0.995 0.977 0.974 0.959 0.943 0.924 0.911 0.911 0.913 0.926 0.987 1.005 1.007 1.007 0.994 0.947 0.899 0.875 0.906 0.951 0.972 0.981 0.986 0.971 0.971 0.99 0.984 0.977 0.973 0.978 0.98 0.983 0.972 -9 -9 -9 -9 -9 -9 -9 -9 -9 -9 -9 -9 -9 -9 -9 -9 -9 -9 -9 -9 -9 -9 -9 -9 -9 -9 -9 -9 -9 -9 -9 -9 -9 -9
0.944 0.952 0.963 0.965 0.962 0.982 0.986 0.99 0.999 1 1 1 0.995 0.984 0.974 0.946 0.934 0.933 0.928 0.93 0.985 1.005 1.007 1.007 1.006 0.985 0.937 0.903 0.893 0.918 0.947 0.963 0.982 0.978 0.978 0.988 0.999 0.997 0.973 0.976 0.967 0.98 0.98 0.97 0.957 -9 -9 -9 -9 -9 -9 -9 -9 -9 -9 -9 -9 -9 -9 -9 -9 -9 -9 -9 -9 -9 -9 -9 -9 -9 -9 -9 -9 -9 -9 -9 -9
0.813 0.85 0.892 0.934 0.914 0.943 0.972 1 1 1 1 0.998 1.001 1.004 1.002 0.982 0.967 0.965 0.963 0.945 0.96 0.998 1.007 1.007 1.007 1.005 0.989 0.952 0.933 0.933 0.945 0.954 0.965 0.983 0.986 0.999 1 1.006 0.991 0.978 0.976 0.981 0.987 0.99 0.979 0.991 1.004 -9 -9 -9 -9 -9 -9 -9 -9 -9 -9 -9 -9 -9 -9 -9 -9 -9 -9 -9 -9 -9 -9 -9 -9 -9 -9 -9 -9 -9 -9
0.702 0.732 0.79 0.861 0.908 0.936 0.96 1 1 1.004 1.006 0.999 1.001 1.007 1.007 1.004 0.996 0.994 0.986 0.969 0.954 0.978 0.991 1.01 1.012 1.012 1.012 1.009 0.986 0.961 0.953 0.95 0.949 0.974 0.98 0.998 1.01 1.002 1.005 0.984 0.987 0.99 0.992 1.011 1.012 1.013 1.01 1.023 -9 -9 -9 -9 -9 -9 -9 -9 -9 -9 -9 -9 -9 -9 -9 -9 -9 -9 -9 -9 -9 -9 -9 -9 -9 -9 -9 -9 -9
0.721 0.714 0.763 0.835 0.896 0.956 0.989 1.006 1.006 1.011 1.014 1.01 1.011 1.014 1.015 1.015 1.007 1.007 1.002 0.994 0.977 0.977 0.982 1.017 1.014 1.014 1.019 1.02 1.018 1.013 0.994 0.98 0.967 0.985 0.996 1.001 1.021 1.022 1.014 0.993 1.002 1.006 1.009 1.028 1.029 1.028 1.02 1.027 1.027 1.022 -9 -9 -9 -9 -9 -9 -9 -9 -9 -9 -9 -9 -9 -9 -9 -9 -9 -9 -9 -9 -9 -9 -9 -9 -9 -9 -9
0.781 0.799 0.852 0.897 0.95 0.987 0.999 0.988 0.981 0.975 0.979 0.983 1.005 1.012 1.025 1.025 1.017 1.017 1.017 1.009 1.002 0.996 0.981 1.013 1.02 1.02 1.02 1.02 1.024 1.027 1.027 1.022 1.009 1.003 1.011 1.018 1.033 1.037 1.031 1.014 1.011 1.012 1.021 1.031 1.034 1.029 1.027 1.027 1.027 1.027 1.01 -9 -9 -9 -9 -9 -9 -9 -9 -9 -9 -9 -9 -9 -9 -9 -9 -9 -9 -9 -9 -9 -9 -9 -9 -9 -9
0.86 0.893 0.938 0.975 0.993 0.995 0.967 0.911 0.884 0.87 0.875 0.913 0.949 0.968 0.995 1.01 1.015 1.02 1.02 1.017 1.016 1.018 1.017 1.02 1.02 1.026 1.02 1.027 1.027 1.028 1.028 1.028 1.029 1.031 1.032 1.041 1.047 1.047 1.049 1.04 1.033 1.024 1.033 1.038 1.04 1.031 1.029 1.028 1.027 1.027 1.007 0.965 -9 -9 -9 -9 -9 -9 -9 -9 -9 -9 -9 -9 -9 -9 -9 -9 -9 -9 -9 -9 -9 -9 -9 -9 -9
0.939 0.973 0.991 0.982 0.97 0.939 0.888 0.809 0.769 0.759 0.77 0.828 0.881 0.91 0.922 0.941 0.979 1.003 1.012 1.019 1.019 1.023 1.027 1.027 1.027 1.028 1.03 1.034 1.028 1.034 1.035 1.037 1.042 1.047 1.047 1.047 1.048 1.05 1.054 1.054 1.054 1.047 1.044 1.051 1.051 1.034 1.032 1.041 1.032 1.022 0.998 0.959 0.931 -9 -9 -9 -9 -9 -9 -9 -9 -9 -9 -9 -9 -9 -9 -9 -9 -9 -9 -9 -9 -9 -9 -9 -9
0.983 0.975 0.915 0.885 0.878 0.873 0.833 0.76 0.735 0.729 0.762 0.785 0.826 0.857 0.877 0.886 0.92 0.955 0.972 0.989 1 1.019 1.019 1.029 1.034 1.034 1.034 1.034 1.034 1.034 1.038 1.044 1.047 1.047 1.047 1.049 1.051 1.054 1.054 1.054 1.054 1.054 1.054 1.054 1.054 1.049 1.043 1.047 1.032 1.015 1.006 0.979 0.953 0.96 0.982 -9 -9 -9 -9 -9 -9 -9 -9 -9 -9 -9 -9 -9 -9 -9 -9 -9 -9 -9 -9 -9 -9
0.914 0.898 0.816 0.823 0.846 0.854 0.838 0.798 0.791 0.801 0.825 0.833 0.838 0.831 0.843 0.86 0.877 0.892 0.915 0.927 0.95 0.975 0.998 1.008 1.029 1.03 1.033 1.034 1.035 1.038 1.041 1.047 1.047 1.047 1.047 1.053 1.054 1.054 1.054 1.054 1.054 1.062 1.063 1.063 1.064 1.065 1.056 1.047 1.029 1.014 1.013 1.018 1.018 1.012 0.981 0.972 -9 -9 -9 -9 -9 -9 -9 -9 -9 -9 -9 -9 -9 -9 -9 -9 -9 -9 -9 -9 -9
0.848 0.842 0.8 0.833 0.864 0.876 0.852 0.848 0.851 0.856 0.858 0.859 0.86 0.86 0.861 0.861 0.862 0.88 0.888 0.906 0.91 0.935 0.946 0.968 0.994 1.005 1.022 1.031 1.039 1.047 1.047 1.047 1.047 1.049 1.051 1.054 1.054 1.054 1.058 1.058 1.063 1.067 1.067 1.067 1.067 1.067 1.064 1.049 1.025 1.02 1.033 1.032 0.987 0.96 0.956 0.948 0.941 0.936 -9 -9 -9 -9 -9 -9 -9 -9 -9 -9 -9 -9 -9 -9 -9 -9 -9 -9 -9
0.787 0.844 0.851 0.871 0.897 0.898 0.899 0.905 0.909 0.907 0.908 0.909 0.903 0.897 0.891 0.892 0.891 0.905 0.904 0.9 0.895 0.904 0.915 0.924 0.951 0.969 0.998 1.016 1.032 1.047 1.047 1.047 1.047 1.052 1.054 1.054 1.054 1.057 1.061 1.065 1.067 1.067 1.067 1.067 1.067 1.067 1.067 1.058 1.047 1.047 1.044 1.039 0.993 0.973 0.963 0.956 0.952 0.953 0.952 -9 -9 -9 -9 -9 -9 -9 -9 -9 -9 -9 -9 -9 -9 -9 -9 -9 -9
0.795 0.889 0.891 0.907 0.92 0.931 0.941 0.948 0.976 0.976 0.976 0.957 0.937 0.933 0.933 0.933 0.932 0.928 0.919 0.9 0.887 0.884 0.888 0.901 0.921 0.939 0.969 0.989 1.015 1.035 1.044 1.047 1.05 1.054 1.054 1.056 1.059 1.06 1.062 1.067 1.067 1.067 1.067 1.067 1.067 1.067 1.067 1.063 1.059 1.055 1.054 1.044 1.031 0.995 0.98 0.974 0.969 0.968 0.969 -9 -9 -9 -9 -9 -9 -9 -9 -9 -9 -9 -9 -9 -9 -9 -9 -9 -9
0.916 0.91 0.934 0.968 0.976 0.991 1.002 1.003 1.016 1.004 1 0.996 0.979 0.962 0.956 0.944 0.935 0.921 0.914 0.896 0.875 0.872 0.874 0.891 0.896 0.917 0.943 0.959 0.989 1.009 1.029 1.047 1.052 1.054 1.058 1.06 1.061 1.061 1.067 1.067 1.067 1.067 1.067 1.067 1.067 1.068 1.068 1.068 1.067 1.063 1.06 1.061 1.05 1.015 1.001 0.995 0.984 0.982 0.98 0.97 -9 -9 -9 -9 -9 -9 -9 -9 -9 -9 -9 -9 -9 -9 -9 -9 -9
0.969 0.967 0.998 1.008 1.021 1.025 1.02 1.02 1.023 1.024 1.022 1.023 1.005 0.963 0.908 0.888 0.872 0.86 0.873 0.883 0.878 0.879 0.878 0.888 0.887 0.912 0.933 0.935 0.96 0.966 0.998 1.027 1.039 1.055 1.06 1.061 1.061 1.067 1.067 1.067 1.067 1.067 1.068 1.069 1.074 1.074 1.074 1.074 1.074 1.074 1.071 1.065 1.064 1.033 1.024 1.017 1.001 0.997 0.993 0.981 0.969 -9 -9 -9 -9 -9 -9 -9 -9 -9 -9 -9 -9 -9 -9 -9 -9
0.99 1.005 1.015 1.028 1.029 1.026 1.015 1.013 1.016 1.027 1.034 1.028 1.02 0.987 0.897 0.842 0.816 0.812 0.839 0.88 0.893 0.892 0.901 0.904 0.909 0.927 0.933 0.942 0.954 0.954 0.976 0.998 1.015 1.032 1.052 1.063 1.074 1.074 1.074 1.074 1.074 1.075 1.079 1.076 1.076 1.075 1.076 1.076 1.076 1.076 1.076 1.077 1.073 1.056 1.053 1.046 1.028 1.018 1.012 1.008 1 -9 -9 -9 -9 -9 -9 -9 -9 -9 -9 -9 -9 -9 -9 -9 -9
1.023 1.027 1.025 1.018 1.003 0.981 0.96 0.96 0.965 0.975 1.004 1.015 1.024 1.025 0.998 0.93 0.89 0.887 0.898 0.922 0.932 0.936 0.939 0.942 0.945 0.949 0.949 0.952 0.972 0.977 0.984 0.994 0.992 1.011 1.037 1.056 1.073 1.074 1.074 1.074 1.075 1.081 1.087 1.087 1.084 1.081 1.081 1.081 1.081 1.081 1.081 1.081 1.079 1.074 1.075 1.067 1.053 1.046 1.048 1.041 1.033 -9 -9 -9 -9 -9 -9 -9 -9 -9 -9 -9 -9 -9 -9 -9 -9
1.016 1.004 0.984 0.956 0.89 0.852 0.843 0.865 0.894 0.909 0.946 0.987 1.01 1.024 1.022 1.006 0.989 0.987 0.989 0.986 0.987 0.974 0.971 0.969 0.965 0.973 0.983 0.993 0.998 0.999 1.002 1.007 1.005 1.017 1.038 1.053 1.073 1.074 1.074 1.075 1.08 1.087 1.087 1.087 1.087 1.083 1.083 1.081 1.081 1.081 1.081 1.081 1.081 1.081 1.081 1.073 1.069 1.069 1.071 1.058 1.057 1.053 1.039 -9 -9 -9 -9 -9 -9 -9 -9 -9 -9 -9 -9 -9 -9
0.99 0.939 0.901 0.867 0.818 0.798 0.797 0.813 0.862 0.887 0.927 0.955 0.978 1.005 1.015 1.014 1.018 1.014 1.014 1.012 1.004 0.992 0.98 0.987 0.997 0.999 1 1 1.003 1.02 1.02 1.026 1.027 1.04 1.053 1.062 1.072 1.075 1.076 1.083 1.087 1.087 1.087 1.087 1.087 1.087 1.087 1.084 1.081 1.081 1.081 1.085 1.083 1.085 1.081 1.084 1.081 1.079 1.074 1.072 1.079 1.075 1.065 1.049 -9 -9 -9 -9 -9 -9 -9 -9 -9 -9 -9 -9 -9
0.962 0.919 0.87 0.849 0.851 0.849 0.833 0.824 0.866 0.891 0.926 0.938 0.953 0.973 0.993 0.99 0.994 1.006 1.003 1.004 1.001 0.983 0.98 0.993 0.978 0.973 0.977 0.984 0.997 0.997 1.012 1.016 1.028 1.04 1.045 1.06 1.065 1.076 1.083 1.087 1.087 1.087 1.087 1.087 1.087 1.087 1.087 1.089 1.085 1.085 1.085 1.087 1.087 1.087 1.086 1.087 1.087 1.081 1.08 1.08 1.081 1.081 1.077 1.062 1.005 0.774 -9 -9 -9 -9 -9 -9 -9 -9 -9 -9 -9
