data/climatemaps/RS_maps/climate_winter_tmin_2003.asc
NCOLS 369 
NROWS 228 
XLLCORNER 479000 
YLLCORNER 73000 
CELLSIZE 1000 
NODATA_value -9 
[rows 136 to 169 of 228, columns 0 to 76 of 369]
-9 -9 -9 -9 -9 -9 -9 -9 0.652 0.628 0.628 0.619 0.624 0.629 0.566 0.532 0.504 0.503 0.497 0.505 0.514 0.562 0.496 0.485 0.461 0.463 0.51 0.585 0.642 0.709 0.762 0.779 0.735 0.607 0.518 0.514 0.527 0.569 0.669 0.797 0.917 0.989 1.038 1.085 1.099 1.115 1.139 1.165 1.138 1.162 1.194 1.252 1.224 1.187 1.186 1.173 1.183 1.187 1.183 1.164 1.145 1.123 1.117 1.087 1.072 1.022 1.017 1.047 1.112 1.123 1.118 1.091 1.112 1.084 1.03 0.955 0.884
-9 -9 -9 -9 -9 -9 -9 -9 0.666 0.63 0.606 0.605 0.597 0.555 0.485 0.484 0.509 0.524 0.533 0.542 0.548 0.547 0.465 0.458 0.457 0.499 0.566 0.637 0.707 0.764 0.776 0.732 0.626 0.547 0.503 0.5 0.513 0.584 0.692 0.884 0.995 1.051 1.085 1.105 1.118 1.132 1.159 1.164 1.148 1.177 1.247 1.248 1.241 1.223 1.193 1.185 1.189 1.194 1.185 1.164 1.137 1.115 1.103 1.064 1.053 1.01 1 1.041 1.101 1.102 1.105 1.073 1.122 1.099 1.055 0.984 0.892
-9 -9 -9 -9 -9 -9 -9 -9 0.653 0.608 0.594 0.581 0.514 0.479 0.472 0.494 0.522 0.552 0.557 0.562 0.559 0.48 0.438 0.454 0.495 0.557 0.622 0.687 0.752 0.774 0.722 0.63 0.563 0.535 0.489 0.465 0.477 0.651 0.811 0.975 1.059 1.093 1.106 1.12 1.129 1.15 1.175 1.164 1.166 1.192 1.262 1.254 1.251 1.231 1.184 1.193 1.196 1.203 1.181 1.153 1.131 1.114 1.077 1.052 1.044 1.018 0.994 1.059 1.099 1.095 1.108 1.069 1.098 1.114 1.056 0.962 0.892
-9 -9 -9 -9 -9 -9 -9 0.649 0.645 0.616 0.572 0.504 0.456 0.453 0.474 0.496 0.525 0.555 0.565 0.576 0.495 0.421 0.45 0.511 0.559 0.623 0.682 0.745 0.761 0.7 0.622 0.584 0.55 0.497 0.429 0.429 0.53 0.714 0.927 1.037 1.091 1.112 1.118 1.129 1.143 1.169 1.185 1.188 1.192 1.211 1.251 1.286 1.255 1.237 1.196 1.206 1.21 1.2 1.176 1.153 1.137 1.113 1.068 1.063 1.033 1.018 1.023 1.064 1.104 1.096 1.106 1.066 1.098 1.128 1.036 0.937 0.897
-9 -9 -9 -9 -9 -9 -9 0.633 0.617 0.613 0.515 0.472 0.484 0.467 0.475 0.507 0.521 0.528 0.55 0.549 0.432 0.447 0.492 0.552 0.616 0.67 0.733 0.755 0.672 0.586 0.567 0.568 0.514 0.44 0.414 0.488 0.591 0.731 0.969 1.083 1.113 1.121 1.121 1.143 1.157 1.177 1.201 1.214 1.225 1.239 1.268 1.31 1.277 1.248 1.213 1.22 1.222 1.204 1.175 1.159 1.145 1.112 1.09 1.062 1.016 1.001 1.017 1.058 1.097 1.097 1.095 1.075 1.102 1.126 1.011 0.936 0.913
-9 -9 -9 -9 -9 -9 -9 0.614 0.615 0.6 0.53 0.511 0.514 0.517 0.527 0.5 0.506 0.537 0.54 0.454 0.439 0.493 0.534 0.578 0.636 0.708 0.734 0.681 0.56 0.535 0.562 0.524 0.452 0.442 0.478 0.553 0.643 0.818 1.028 1.107 1.123 1.127 1.132 1.155 1.178 1.193 1.219 1.237 1.251 1.275 1.301 1.322 1.308 1.262 1.23 1.238 1.234 1.215 1.176 1.168 1.133 1.099 1.084 1.048 1.019 0.99 1.006 1.054 1.064 1.091 1.073 1.074 1.105 1.111 1.019 0.963 0.902
-9 -9 -9 -9 -9 -9 -9 0.608 0.591 0.556 0.533 0.517 0.551 0.546 0.513 0.489 0.509 0.542 0.463 0.445 0.459 0.501 0.538 0.601 0.687 0.703 0.643 0.599 0.543 0.566 0.567 0.489 0.458 0.492 0.522 0.608 0.778 0.978 1.092 1.126 1.131 1.135 1.145 1.166 1.199 1.216 1.236 1.255 1.284 1.305 1.326 1.342 1.317 1.285 1.257 1.256 1.242 1.226 1.184 1.164 1.113 1.074 1.066 1.056 1.032 1.006 1.023 1.053 1.041 1.068 1.065 1.073 1.115 1.104 1.035 0.97 0.884
-9 -9 -9 -9 -9 -9 -9 0.583 0.533 0.512 0.529 0.553 0.581 0.546 0.491 0.534 0.531 0.474 0.441 0.487 0.508 0.535 0.585 0.68 0.682 0.612 0.569 0.548 0.548 0.573 0.544 0.474 0.526 0.565 0.614 0.779 0.978 1.083 1.125 1.132 1.141 1.136 1.15 1.169 1.211 1.245 1.253 1.281 1.298 1.317 1.343 1.354 1.328 1.313 1.3 1.282 1.254 1.235 1.188 1.157 1.119 1.092 1.063 1.053 1.04 1.024 1.028 1.031 1.037 1.039 1.06 1.077 1.113 1.105 1.048 0.952 0.905
-9 -9 -9 -9 -9 -9 -9 0.514 0.507 0.489 0.514 0.598 0.595 0.552 0.56 0.558 0.472 0.431 0.454 0.492 0.514 0.557 0.66 0.645 0.584 0.567 0.537 0.568 0.571 0.547 0.511 0.515 0.588 0.64 0.81 0.981 1.077 1.121 1.134 1.131 1.15 1.141 1.161 1.185 1.224 1.268 1.275 1.298 1.297 1.33 1.339 1.364 1.353 1.338 1.342 1.316 1.276 1.243 1.212 1.167 1.13 1.111 1.071 1.06 1.05 1.027 1.013 1.02 1.046 1.045 1.049 1.081 1.105 1.09 1.058 0.978 0.917
-9 -9 -9 -9 -9 -9 -9 0.473 0.5 0.502 0.552 0.626 0.608 0.604 0.584 0.49 0.415 0.437 0.466 0.498 0.523 0.611 0.622 0.543 0.526 0.498 0.527 0.577 0.558 0.528 0.574 0.641 0.682 0.789 0.971 1.071 1.117 1.133 1.122 1.127 1.149 1.146 1.181 1.206 1.246 1.293 1.292 1.299 1.304 1.338 1.339 1.363 1.378 1.375 1.369 1.345 1.306 1.261 1.236 1.196 1.162 1.133 1.098 1.083 1.071 1.038 1.025 1.042 1.068 1.065 1.065 1.082 1.074 1.081 1.057 0.993 0.914
-9 -9 -9 -9 -9 -9 -9 0.471 0.508 0.549 0.642 0.676 0.672 0.618 0.496 0.419 0.426 0.445 0.461 0.501 0.588 0.602 0.498 0.473 0.437 0.46 0.544 0.571 0.556 0.62 0.7 0.765 0.839 0.951 1.042 1.111 1.136 1.146 1.132 1.132 1.15 1.156 1.196 1.232 1.271 1.311 1.3 1.303 1.321 1.35 1.357 1.358 1.388 1.393 1.388 1.378 1.343 1.289 1.254 1.216 1.206 1.174 1.142 1.114 1.085 1.058 1.056 1.074 1.099 1.096 1.081 1.069 1.04 1.071 1.039 0.984 0.928
-9 -9 -9 -9 -9 -9 0.461 0.49 0.563 0.654 0.659 0.633 0.695 0.53 0.43 0.418 0.433 0.432 0.472 0.569 0.605 0.504 0.439 0.402 0.425 0.517 0.541 0.504 0.571 0.683 0.762 0.812 0.869 0.967 1.066 1.129 1.148 1.163 1.159 1.154 1.189 1.202 1.211 1.252 1.293 1.315 1.32 1.324 1.33 1.353 1.371 1.386 1.405 1.396 1.402 1.401 1.376 1.336 1.291 1.262 1.246 1.207 1.19 1.128 1.09 1.073 1.085 1.103 1.119 1.11 1.08 1.06 1.045 1.039 1.005 0.965 0.93
-9 -9 -9 -9 -9 0.551 0.504 0.603 0.676 0.655 0.568 0.556 0.676 0.511 0.423 0.41 0.411 0.453 0.558 0.587 0.503 0.435 0.377 0.397 0.474 0.558 0.521 0.499 0.597 0.7 0.825 0.85 0.908 1.034 1.09 1.134 1.158 1.175 1.184 1.173 1.213 1.233 1.248 1.295 1.31 1.313 1.348 1.356 1.369 1.393 1.402 1.394 1.408 1.399 1.408 1.418 1.407 1.374 1.341 1.311 1.292 1.27 1.241 1.17 1.146 1.114 1.109 1.104 1.11 1.101 1.086 1.059 1.021 0.924 0.969 0.932 0.896
-9 -9 -9 -9 -9 0.605 0.61 0.696 0.657 0.565 0.503 0.51 0.664 0.53 0.406 0.398 0.437 0.532 0.591 0.508 0.4 0.37 0.371 0.458 0.529 0.558 0.524 0.584 0.691 0.807 0.906 0.958 1.014 1.065 1.106 1.132 1.15 1.164 1.209 1.225 1.223 1.267 1.299 1.322 1.321 1.327 1.363 1.379 1.403 1.415 1.415 1.415 1.413 1.406 1.421 1.429 1.427 1.412 1.394 1.367 1.36 1.351 1.318 1.279 1.208 1.144 1.109 1.044 1.062 1.094 1.096 1.054 0.948 0.846 0.945 0.899 0.839
-9 -9 -9 -9 -9 0.747 0.75 0.707 0.587 0.495 0.466 0.502 0.666 0.565 0.44 0.448 0.523 0.572 0.543 0.413 0.34 0.34 0.432 0.521 0.558 0.535 0.558 0.671 0.786 0.887 0.924 0.982 1.046 1.079 1.107 1.127 1.138 1.173 1.204 1.26 1.271 1.285 1.296 1.334 1.337 1.353 1.369 1.392 1.409 1.414 1.415 1.415 1.416 1.42 1.42 1.42 1.425 1.426 1.422 1.419 1.415 1.412 1.398 1.372 1.279 1.15 1.108 1.061 1.038 1.105 1.098 1.04 0.88 0.796 0.915 0.905 0.798
-9 -9 -9 -9 -9 0.757 0.662 0.606 0.521 0.491 0.49 0.506 0.667 0.594 0.501 0.501 0.546 0.552 0.439 0.318 0.332 0.396 0.489 0.529 0.583 0.581 0.663 0.765 0.88 0.954 0.952 0.991 1.025 1.048 1.09 1.118 1.131 1.16 1.208 1.258 1.303 1.322 1.31 1.327 1.347 1.367 1.383 1.399 1.409 1.407 1.409 1.409 1.409 1.41 1.414 1.414 1.414 1.415 1.417 1.415 1.415 1.413 1.409 1.4 1.379 1.279 1.245 1.218 1.092 1.118 1.064 1.008 0.859 0.712 0.85 0.895 0.804
-9 -9 -9 -9 0.801 0.629 0.595 0.557 0.525 0.508 0.496 0.588 0.619 0.59 0.501 0.502 0.525 0.507 0.361 0.305 0.358 0.447 0.497 0.547 0.617 0.664 0.777 0.863 0.952 1.002 0.982 0.987 0.991 1.022 1.072 1.104 1.14 1.175 1.235 1.301 1.327 1.343 1.332 1.345 1.357 1.377 1.393 1.395 1.4 1.401 1.401 1.402 1.404 1.407 1.407 1.404 1.406 1.408 1.408 1.407 1.403 1.402 1.394 1.393 1.388 1.37 1.357 1.344 1.241 1.136 1.073 1.001 0.912 0.797 0.81 0.887 0.89
-9 -9 -9 -9 0.663 0.615 0.599 0.568 0.53 0.448 0.505 0.57 0.526 0.54 0.515 0.494 0.497 0.462 0.4 0.356 0.386 0.432 0.496 0.591 0.659 0.752 0.846 0.931 0.987 1.031 1.019 0.99 1.009 1.067 1.133 1.181 1.229 1.273 1.309 1.332 1.339 1.349 1.348 1.359 1.364 1.38 1.39 1.389 1.385 1.385 1.387 1.392 1.394 1.394 1.398 1.396 1.395 1.396 1.394 1.391 1.388 1.39 1.382 1.379 1.371 1.365 1.354 1.346 1.32 1.237 1.187 1.096 1.013 0.983 0.975 1.008 1.024
-9 -9 -9 -9 0.659 0.624 0.574 0.547 0.462 0.43 0.427 0.488 0.461 0.471 0.514 0.5 0.459 0.415 0.411 0.415 0.419 0.437 0.514 0.625 0.697 0.762 0.886 0.98 1.021 1.055 1.039 1.02 1.078 1.169 1.233 1.282 1.314 1.334 1.346 1.35 1.352 1.355 1.358 1.366 1.37 1.376 1.376 1.376 1.372 1.373 1.379 1.379 1.38 1.38 1.384 1.38 1.38 1.38 1.383 1.379 1.379 1.378 1.371 1.365 1.359 1.351 1.338 1.329 1.312 1.296 1.28 1.257 1.216 1.182 1.154 1.12 1.052
-9 -9 -9 -9 0.658 0.596 0.535 0.496 0.434 0.375 0.354 0.351 0.409 0.43 0.44 0.449 0.425 0.434 0.476 0.475 0.476 0.516 0.588 0.671 0.725 0.82 0.938 1.025 1.056 1.076 1.054 1.084 1.19 1.244 1.278 1.309 1.336 1.346 1.35 1.352 1.357 1.357 1.36 1.356 1.357 1.362 1.362 1.361 1.357 1.358 1.365 1.366 1.366 1.364 1.368 1.366 1.367 1.366 1.365 1.364 1.362 1.359 1.357 1.348 1.34 1.333 1.325 1.311 1.302 1.286 1.266 1.248 1.228 1.206 1.181 1.137 1.079
-9 -9 -9 -9 0.618 0.571 0.508 0.455 0.433 0.373 0.333 0.308 0.334 0.42 0.375 0.329 0.414 0.424 0.394 0.464 0.529 0.57 0.653 0.743 0.808 0.903 1.01 1.061 1.107 1.107 1.13 1.204 1.255 1.266 1.291 1.319 1.33 1.338 1.339 1.339 1.344 1.346 1.344 1.342 1.342 1.345 1.347 1.345 1.343 1.343 1.346 1.346 1.346 1.344 1.347 1.349 1.348 1.347 1.348 1.35 1.346 1.34 1.338 1.332 1.319 1.315 1.306 1.293 1.284 1.269 1.251 1.233 1.211 1.193 1.168 1.144 1.104
-9 -9 -9 0.633 0.588 0.547 0.494 0.454 0.421 0.375 0.315 0.297 0.365 0.38 0.32 0.316 0.385 0.334 0.279 0.358 0.438 0.538 0.668 0.839 0.966 1.03 1.087 1.117 1.138 1.175 1.208 1.249 1.267 1.27 1.301 1.316 1.317 1.322 1.323 1.328 1.329 1.333 1.329 1.328 1.329 1.329 1.33 1.329 1.329 1.327 1.326 1.329 1.33 1.33 1.328 1.329 1.328 1.327 1.327 1.327 1.327 1.319 1.315 1.31 1.302 1.296 1.288 1.275 1.264 1.25 1.231 1.217 1.191 1.176 1.151 1.129 1.102
-9 -9 -9 0.606 0.554 0.489 0.476 0.454 0.426 0.383 0.344 0.352 0.343 0.312 0.322 0.362 0.322 0.243 0.259 0.303 0.391 0.574 0.784 0.92 1.009 1.072 1.114 1.15 1.167 1.2 1.225 1.244 1.258 1.276 1.295 1.3 1.305 1.306 1.311 1.307 1.308 1.309 1.311 1.313 1.31 1.309 1.309 1.308 1.306 1.309 1.309 1.31 1.308 1.311 1.31 1.31 1.31 1.307 1.306 1.305 1.304 1.299 1.293 1.289 1.285 1.276 1.268 1.255 1.241 1.227 1.211 1.197 1.174 1.156 1.133 1.109 1.087
-9 -9 -9 0.59 0.522 0.482 0.476 0.444 0.413 0.387 0.375 0.32 0.281 0.307 0.391 0.379 0.329 0.245 0.298 0.425 0.541 0.736 0.897 0.994 1.043 1.085 1.129 1.163 1.19 1.208 1.221 1.241 1.263 1.278 1.28 1.289 1.289 1.289 1.287 1.29 1.29 1.29 1.287 1.288 1.291 1.291 1.291 1.286 1.286 1.287 1.284 1.288 1.287 1.288 1.289 1.289 1.289 1.287 1.283 1.284 1.28 1.279 1.27 1.269 1.264 1.254 1.246 1.235 1.222 1.207 1.192 1.177 1.155 1.133 1.115 1.092 1.07
-9 -9 -9 0.59 0.535 0.485 0.456 0.442 0.398 0.409 0.327 0.276 0.281 0.377 0.431 0.37 0.324 0.309 0.374 0.511 0.688 0.882 0.976 1.033 1.067 1.101 1.135 1.158 1.18 1.202 1.223 1.229 1.252 1.265 1.266 1.262 1.267 1.272 1.272 1.272 1.276 1.273 1.273 1.273 1.274 1.267 1.264 1.267 1.264 1.265 1.264 1.265 1.265 1.266 1.266 1.262 1.266 1.266 1.26 1.258 1.257 1.257 1.251 1.247 1.238 1.229 1.225 1.212 1.203 1.189 1.174 1.154 1.137 1.114 1.098 1.072 1.05
-9 -9 -9 -9 0.502 0.471 0.47 0.455 0.422 0.395 0.317 0.337 0.393 0.457 0.385 0.339 0.309 0.363 0.458 0.604 0.816 0.957 1.019 1.05 1.076 1.105 1.131 1.149 1.175 1.195 1.21 1.219 1.239 1.244 1.246 1.249 1.251 1.254 1.254 1.254 1.25 1.251 1.25 1.251 1.251 1.251 1.252 1.241 1.241 1.237 1.238 1.242 1.241 1.238 1.241 1.243 1.239 1.234 1.223 1.216 1.22 1.213 1.187 1.13 1.017 1.065 1.079 1.138 1.166 1.168 1.15 1.131 1.115 1.093 1.074 1.053 1.033
-9 -9 -9 -9 0.523 0.525 0.501 0.461 0.407 0.356 0.351 0.431 0.52 0.467 0.356 0.303 0.327 0.417 0.53 0.739 0.907 0.993 1.032 1.051 1.075 1.102 1.132 1.15 1.172 1.193 1.208 1.219 1.223 1.229 1.231 1.232 1.231 1.233 1.228 1.232 1.232 1.231 1.228 1.228 1.228 1.224 1.224 1.217 1.207 1.208 1.209 1.213 1.194 1.174 1.153 1.133 1.126 1.126 1.119 1.112 1.091 1.068 1.018 0.889 0.732 0.758 0.742 0.814 0.957 1.06 1.105 1.104 1.09 1.074 1.054 1.037 1.016
-9 -9 -9 -9 0.582 0.541 0.463 0.449 0.413 0.384 0.388 0.52 0.509 0.375 0.276 0.281 0.34 0.474 0.683 0.858 0.96 0.997 1.04 1.058 1.085 1.11 1.134 1.154 1.172 1.194 1.201 1.208 1.209 1.211 1.211 1.213 1.21 1.216 1.213 1.21 1.21 1.206 1.205 1.205 1.205 1.205 1.201 1.186 1.168 1.172 1.144 1.098 1.066 1.041 1.005 0.979 0.963 0.962 0.947 0.904 0.85 0.802 0.747 0.696 0.61 0.514 0.436 0.483 0.513 0.708 0.748 0.905 0.952 0.999 1.016 0.99 0.989
-9 -9 -9 -9 0.61 0.488 0.459 0.456 0.43 0.455 0.524 0.455 0.34 0.304 0.293 0.337 0.378 0.593 0.819 0.941 0.98 1.007 1.044 1.067 1.083 1.103 1.121 1.149 1.175 1.185 1.187 1.191 1.192 1.195 1.192 1.187 1.189 1.195 1.193 1.192 1.19 1.186 1.183 1.181 1.179 1.174 1.168 1.142 1.127 1.115 1.04 0.984 0.937 0.888 0.854 0.816 0.802 0.801 0.777 0.76 0.721 0.63 0.459 0.521 0.354 0.135 0.037 0.052 0.113 0.268 0.221 0.525 0.61 0.685 0.776 0.855 0.961
-9 -9 -9 -9 -9 0.452 0.423 0.414 0.5 0.546 0.385 0.307 0.4 0.434 0.55 0.523 0.582 0.69 0.872 0.957 0.991 1.031 1.049 1.055 1.069 1.094 1.117 1.151 1.166 1.171 1.169 1.171 1.172 1.166 1.161 1.148 1.152 1.169 1.17 1.169 1.166 1.164 1.162 1.154 1.151 1.131 1.109 1.088 1.079 1.044 0.977 0.909 0.868 0.816 0.782 0.758 0.738 0.729 0.703 0.676 0.641 0.493 0.43 0.366 0.202 0.115 -0.005 -0.147 -0.092 0.068 0.333 0.551 0.319 0.17 0.201 0.435 0.698
-9 -9 -9 -9 -9 -9 0.397 0.44 0.578 0.41 0.253 0.325 0.545 0.628 0.713 0.737 0.77 0.77 0.877 0.887 0.992 1.033 1.043 1.045 1.068 1.094 1.125 1.145 1.15 1.153 1.152 1.152 1.14 1.124 1.116 1.105 1.111 1.138 1.147 1.144 1.144 1.138 1.126 1.115 1.1 1.077 1.06 1.032 0.996 0.963 0.977 0.892 0.836 0.773 0.743 0.715 0.695 0.678 0.652 0.644 0.623 0.567 0.546 0.449 0.36 0.186 -0.115 -0.12 0.085 0.246 0.189 0.195 -0.176 -0.37 -0.257 0.096 0.509
-9 -9 -9 -9 -9 -9 0.424 0.534 0.525 0.292 0.208 0.519 0.704 0.767 0.814 0.853 0.871 0.872 0.851 0.936 1.009 1.027 1.033 1.042 1.07 1.1 1.126 1.133 1.135 1.135 1.139 1.131 1.103 1.088 1.084 1.085 1.088 1.108 1.12 1.121 1.117 1.101 1.076 1.059 1.046 1.032 1.012 0.972 0.926 0.892 0.91 0.891 0.841 0.78 0.722 0.669 0.64 0.635 0.647 0.617 0.523 0.452 0.376 0.365 0.299 -0.017 -0.287 -0.226 -0.143 -0.07 -0.251 -0.322 -0.449 -0.411 -0.201 0.091 0.288
-9 -9 -9 -9 -9 -9 0.508 0.577 0.368 0.239 0.273 0.547 0.603 0.782 0.867 0.897 0.902 0.845 0.87 0.974 1.012 1.02 1.024 1.047 1.071 1.096 1.116 1.115 1.122 1.122 1.122 1.094 1.069 1.066 1.066 1.076 1.078 1.088 1.092 1.097 1.086 1.057 1.039 1.014 0.986 0.976 0.953 0.92 0.889 0.86 0.819 0.79 0.798 0.829 -9 -9 -9 0.673 0.688 0.594 0.445 0.31 0.146 0.143 0.082 -0.088 -0.211 -0.348 -0.332 -0.355 -0.495 -0.466 -0.413 -0.271 -0.14 -0.043 0.061
-9 -9 -9 -9 0.463 0.502 0.626 0.512 0.294 0.198 0.301 0.437 0.62 0.842 0.906 0.921 0.912 0.899 0.942 0.985 1.004 1.005 1.025 1.05 1.066 1.088 1.105 1.105 1.105 1.104 1.091 1.055 1.046 1.053 1.056 1.06 1.057 1.059 1.061 1.054 1.034 1.008 0.997 0.98 0.933 0.878 0.879 0.876 0.857 0.794 0.709 0.543 -9 -9 -9 -9 -9 0.649 0.643 0.632 0.598 0.498 0.274 0.138 -0.01 -0.126 -0.169 -0.257 -0.222 -0.228 -0.605 -0.6 -0.466 -0.323 -0.123 0.106 0.275
