data/climatemaps/RS_maps/climate_breeding_pr_1999.asc
NCOLS 369 
NROWS 228 
XLLCORNER 479000 
YLLCORNER 73000 
CELLSIZE 1000 
NODATA_value -9 
[rows 102 to 135 of 228, columns 0 to 77 of 369]
-9 -9 -9 -9 -9 -9 -9 -9 -9 -9 -9 -9 -9 -9 -9 -9 -9 -9 -9 -9 -9 -9 -9 -9 -9 -9 -9 -9 -9 -9 -9 -9 0.153 0.164 0.178 0.166 0.129 0.091 0.075 0.101 0.174 0.275 0.373 0.454 0.514 0.566 0.604 0.625 0.631 0.616 0.588 0.544 0.494 0.447 0.406 0.367 0.321 0.263 0.184 0.1 0.028 -0.039 -0.069 -0.051 0.019 0.115 0.204 0.279 0.319 0.298 0.201 0.044 -0.126 -0.279 -0.384 -0.454 -0.497 -0.504
-9 -9 -9 -9 -9 -9 -9 -9 -9 -9 -9 -9 -9 -9 -9 -9 -9 -9 -9 -9 -9 -9 -9 -9 -9 -9 -9 -9 -9 -9 -9 -9 0.147 0.138 0.126 0.093 0.049 0.01 0 0.037 0.119 0.226 0.345 0.45 0.53 0.576 0.602 0.605 0.59 0.553 0.501 0.44 0.377 0.317 0.261 0.207 0.145 0.071 -0.011 -0.08 -0.111 -0.104 -0.066 0.017 0.118 0.231 0.331 0.388 0.369 0.279 0.136 -0.029 -0.188 -0.324 -0.414 -0.472 -0.501 -0.504
-9 -9 -9 -9 -9 -9 -9 -9 -9 -9 -9 -9 -9 -9 -9 -9 -9 -9 -9 -9 -9 -9 -9 -9 -9 -9 -9 -9 -9 -9 -9 -9 0.116 0.089 0.054 0.012 -0.034 -0.072 -0.073 -0.026 0.064 0.188 0.326 0.447 0.529 0.569 0.581 0.568 0.53 0.472 0.409 0.335 0.255 0.174 0.101 0.041 -0.038 -0.115 -0.164 -0.172 -0.139 -0.072 0.012 0.124 0.246 0.359 0.432 0.435 0.341 0.195 0.027 -0.136 -0.277 -0.384 -0.451 -0.488 -0.504 -0.504
-9 -9 -9 -9 -9 -9 -9 -9 -9 -9 -9 -9 -9 -9 -9 -9 -9 -9 -9 -9 -9 -9 -9 -9 -9 -9 -9 -9 -9 -9 -9 -9 0.072 0.029 -0.017 -0.064 -0.11 -0.14 -0.134 -0.077 0.029 0.164 0.309 0.426 0.5 0.535 0.538 0.517 0.48 0.422 0.352 0.266 0.172 0.071 -0.021 -0.085 -0.161 -0.206 -0.209 -0.163 -0.093 0.005 0.125 0.253 0.371 0.46 0.479 0.412 0.267 0.086 -0.099 -0.254 -0.37 -0.441 -0.483 -0.503 -0.51 -0.507
-9 -9 -9 -9 -9 -9 -9 -9 -9 -9 -9 -9 -9 -9 -9 -9 -9 -9 -9 -9 -9 -9 -9 -9 -9 -9 -9 -9 -9 -9 -9 -9 -9 -0.022 -0.073 -0.124 -0.164 -0.181 -0.166 -0.104 0.014 0.15 0.284 0.388 0.456 0.483 0.497 0.487 0.459 0.407 0.333 0.242 0.145 0.043 -0.056 -0.121 -0.158 -0.173 -0.147 -0.08 0.012 0.132 0.26 0.373 0.458 0.499 0.455 0.34 0.16 -0.04 -0.224 -0.363 -0.448 -0.492 -0.514 -0.52 -0.52 -0.514
-9 -9 -9 -9 -9 -9 -9 -9 -9 -9 -9 -9 -9 -9 -9 -9 -9 -9 -9 -9 -9 -9 -9 -9 -9 -9 -9 -9 -9 -9 -9 -9 -9 -0.048 -0.1 -0.149 -0.181 -0.191 -0.172 -0.107 0.008 0.136 0.257 0.351 0.412 0.45 0.47 0.461 0.432 0.383 0.317 0.238 0.149 0.064 0.004 -0.037 -0.059 -0.061 -0.026 0.047 0.146 0.262 0.37 0.451 0.491 0.474 0.382 0.235 0.038 -0.164 -0.335 -0.45 -0.511 -0.535 -0.542 -0.539 -0.532 -0.524
-9 -9 -9 -9 -9 -9 -9 -9 -9 -9 -9 -9 -9 -9 -9 -9 -9 -9 -9 -9 -9 -9 -9 -9 -9 -9 -9 -9 -9 -9 -9 -9 -9 -0.037 -0.088 -0.134 -0.164 -0.176 -0.159 -0.104 0.004 0.122 0.232 0.325 0.394 0.431 0.438 0.419 0.385 0.34 0.29 0.234 0.199 0.163 0.136 0.11 0.089 0.085 0.114 0.177 0.261 0.35 0.425 0.469 0.469 0.41 0.283 0.116 -0.082 -0.275 -0.422 -0.515 -0.559 -0.57 -0.567 -0.557 -0.547 -0.537
-9 -9 -9 -9 -9 -9 -9 -9 -9 -9 -9 -9 -9 -9 -9 -9 -9 -9 -9 -9 -9 -9 -9 -9 -9 -9 -9 -9 -9 -9 -9 -9 -9 -0.005 -0.054 -0.1 -0.135 -0.151 -0.137 -0.098 -0.004 0.112 0.228 0.323 0.387 0.411 0.405 0.372 0.329 0.287 0.252 0.254 0.272 0.285 0.284 0.268 0.243 0.227 0.234 0.269 0.321 0.372 0.41 0.419 0.385 0.297 0.158 -0.008 -0.196 -0.367 -0.488 -0.562 -0.593 -0.596 -0.587 -0.575 -0.562 -0.549
-9 -9 -9 -9 -9 -9 -9 -9 -9 -9 -9 -9 -9 -9 -9 -9 -9 -9 -9 -9 -9 -9 -9 -9 -9 -9 -9 -9 -9 -9 -9 -9 -9 0.021 -0.03 -0.079 -0.116 -0.132 -0.118 -0.075 0.021 0.127 0.236 0.325 0.38 0.392 0.372 0.326 0.276 0.241 0.237 0.277 0.334 0.385 0.401 0.383 0.342 0.303 0.28 0.281 0.295 0.308 0.31 0.288 0.23 0.134 0.002 -0.148 -0.309 -0.447 -0.543 -0.598 -0.618 -0.615 -0.602 -0.589 -0.574 -0.554
-9 -9 -9 -9 -9 -9 -9 -9 -9 -9 -9 -9 -9 -9 -9 -9 -9 -9 -9 -9 -9 -9 -9 -9 -9 -9 -9 -9 -9 -9 -9 -9 -9 0.024 -0.033 -0.084 -0.122 -0.129 -0.093 -0.037 0.051 0.152 0.25 0.328 0.373 0.373 0.34 0.285 0.233 0.209 0.229 0.293 0.372 0.433 0.442 0.403 0.335 0.264 0.21 0.181 0.166 0.156 0.138 0.096 0.026 -0.065 -0.177 -0.299 -0.42 -0.522 -0.592 -0.63 -0.639 -0.629 -0.613 -0.597 -0.578 -0.555
-9 -9 -9 -9 -9 -9 -9 -9 -9 -9 -9 -9 -9 -9 -9 -9 -9 -9 -9 -9 -9 -9 -9 -9 -9 -9 -9 -9 -9 -9 -9 -9 0.054 -0.003 -0.06 -0.106 -0.141 -0.123 -0.074 -0.006 0.084 0.18 0.268 0.335 0.368 0.355 0.312 0.253 0.205 0.192 0.224 0.294 0.367 0.412 0.395 0.324 0.224 0.125 0.047 -0.003 -0.032 -0.053 -0.082 -0.125 -0.185 -0.258 -0.345 -0.436 -0.523 -0.593 -0.638 -0.656 -0.653 -0.636 -0.615 -0.593 -0.574 -0.558
-9 -9 -9 -9 -9 -9 -9 -9 -9 -9 -9 -9 -9 -9 -9 -9 -9 -9 -9 -9 -9 -9 -9 -9 -9 -9 -9 -9 -9 -9 -9 -9 0 -0.058 -0.11 -0.148 -0.159 -0.117 -0.054 0.027 0.121 0.213 0.292 0.345 0.363 0.341 0.293 0.235 0.193 0.182 0.207 0.257 0.3 0.309 0.26 0.162 0.043 -0.075 -0.166 -0.22 -0.254 -0.276 -0.301 -0.332 -0.374 -0.427 -0.49 -0.554 -0.612 -0.654 -0.675 -0.675 -0.656 -0.625 -0.594 -0.577 -0.566 -0.557
-9 -9 -9 -9 -9 -9 -9 -9 -9 -9 -9 -9 -9 -9 -9 -9 -9 -9 -9 -9 -9 -9 -9 -9 -9 -9 -9 -9 -9 -9 -9 -9 -0.083 -0.138 -0.18 -0.204 -0.171 -0.109 -0.031 0.059 0.154 0.242 0.313 0.354 0.362 0.335 0.288 0.236 0.196 0.176 0.173 0.177 0.168 0.134 0.057 -0.057 -0.177 -0.28 -0.357 -0.404 -0.434 -0.453 -0.471 -0.494 -0.525 -0.562 -0.605 -0.648 -0.681 -0.7 -0.7 -0.679 -0.636 -0.578 -0.55 -0.549 -0.55 -0.55
-9 -9 -9 -9 -9 -9 -9 -9 -9 -9 -9 -9 -9 -9 -9 -9 -9 -9 -9 -9 -9 -9 -9 -9 -9 -9 -9 -9 -9 -9 -9 -0.111 -0.177 -0.227 -0.259 -0.245 -0.18 -0.103 -0.014 0.08 0.174 0.257 0.321 0.356 0.361 0.337 0.298 0.255 0.212 0.172 0.124 0.068 0.001 -0.076 -0.175 -0.284 -0.378 -0.454 -0.511 -0.546 -0.569 -0.583 -0.597 -0.613 -0.634 -0.659 -0.687 -0.711 -0.726 -0.724 -0.703 -0.657 -0.581 -0.536 -0.513 -0.507 -0.521 -0.533
-9 -9 -9 -9 -9 -9 -9 -9 -9 -9 -9 -9 -9 -9 -9 -9 -9 -9 -9 -9 -9 -9 -9 -9 -9 -9 -9 -9 -9 -0.014 -0.109 -0.196 -0.263 -0.311 -0.32 -0.27 -0.192 -0.103 -0.011 0.081 0.168 0.246 0.307 0.343 0.356 0.345 0.32 0.287 0.238 0.164 0.062 -0.055 -0.17 -0.281 -0.383 -0.47 -0.539 -0.591 -0.628 -0.651 -0.667 -0.677 -0.684 -0.692 -0.703 -0.718 -0.734 -0.745 -0.744 -0.723 -0.674 -0.597 -0.524 -0.487 -0.467 -0.474 -0.481 -0.497
-9 -9 -9 -9 -9 -9 -9 -9 -9 -9 -9 -9 -9 -9 -9 -9 -9 -9 -9 -9 -9 -9 -9 -9 -9 -9 -9 -9 0.044 -0.043 -0.153 -0.263 -0.341 -0.375 -0.354 -0.293 -0.206 -0.113 -0.026 0.057 0.133 0.203 0.264 0.31 0.34 0.351 0.346 0.32 0.258 0.147 -0.005 -0.173 -0.326 -0.448 -0.537 -0.604 -0.654 -0.687 -0.71 -0.724 -0.733 -0.737 -0.736 -0.734 -0.734 -0.739 -0.748 -0.749 -0.732 -0.685 -0.602 -0.52 -0.461 -0.429 -0.421 -0.425 -0.424 -0.446
-9 -9 -9 -9 -9 -9 -9 -9 -9 -9 -9 -9 -9 -9 -9 -9 -9 -9 -9 -9 -9 -9 -9 -9 -9 -9 0.157 0.114 0.04 -0.066 -0.192 -0.312 -0.398 -0.414 -0.384 -0.318 -0.227 -0.135 -0.055 0.013 0.072 0.132 0.193 0.253 0.306 0.344 0.36 0.335 0.255 0.11 -0.085 -0.288 -0.456 -0.57 -0.644 -0.695 -0.727 -0.748 -0.762 -0.769 -0.773 -0.77 -0.759 -0.743 -0.733 -0.733 -0.738 -0.728 -0.689 -0.613 -0.518 -0.443 -0.389 -0.364 -0.376 -0.365 -0.374 -0.404
-9 -9 -9 -9 -9 -9 -9 -9 -9 -9 -9 -9 -9 -9 -9 -9 -9 -9 -9 -9 -9 -9 -9 -9 -9 0.202 0.179 0.124 0.033 -0.092 -0.228 -0.354 -0.434 -0.442 -0.412 -0.345 -0.256 -0.169 -0.098 -0.046 -0.008 0.037 0.095 0.168 0.247 0.311 0.338 0.307 0.206 0.033 -0.19 -0.401 -0.559 -0.659 -0.717 -0.752 -0.769 -0.783 -0.794 -0.797 -0.796 -0.785 -0.759 -0.729 -0.717 -0.715 -0.71 -0.683 -0.623 -0.533 -0.438 -0.361 -0.312 -0.318 -0.325 -0.323 -0.352 -0.408
-9 -9 -9 -9 -9 -9 -9 -9 -9 -9 -9 -9 -9 -9 -9 -9 -9 -9 -9 -9 -9 -9 -9 0.208 0.222 0.222 0.194 0.125 0.018 -0.118 -0.266 -0.389 -0.45 -0.459 -0.431 -0.368 -0.286 -0.201 -0.14 -0.108 -0.095 -0.071 -0.022 0.061 0.157 0.236 0.266 0.225 0.107 -0.087 -0.307 -0.502 -0.642 -0.724 -0.768 -0.788 -0.796 -0.807 -0.814 -0.813 -0.805 -0.783 -0.744 -0.71 -0.697 -0.687 -0.671 -0.624 -0.552 -0.455 -0.357 -0.281 -0.255 -0.276 -0.283 -0.304 -0.365 -0.426
-9 -9 -9 -9 -9 -9 -9 -9 -9 -9 -9 -9 -9 -9 -9 -9 -9 -9 -9 -9 -9 -9 0.206 0.224 0.238 0.233 0.195 0.115 -0.001 -0.149 -0.293 -0.393 -0.444 -0.46 -0.434 -0.377 -0.297 -0.218 -0.167 -0.156 -0.171 -0.174 -0.145 -0.069 0.028 0.115 0.147 0.096 -0.037 -0.232 -0.428 -0.594 -0.708 -0.771 -0.802 -0.815 -0.819 -0.822 -0.821 -0.814 -0.799 -0.768 -0.726 -0.693 -0.666 -0.651 -0.63 -0.564 -0.477 -0.369 -0.275 -0.214 -0.209 -0.233 -0.262 -0.32 -0.394 -0.442
-9 -9 -9 -9 -9 -9 -9 -9 -9 -9 -9 -9 -9 -9 -9 -9 -9 -9 -9 -9 -9 0.21 0.222 0.238 0.247 0.232 0.183 0.095 -0.023 -0.158 -0.287 -0.377 -0.429 -0.441 -0.419 -0.357 -0.278 -0.207 -0.165 -0.175 -0.225 -0.261 -0.263 -0.207 -0.123 -0.047 -0.023 -0.079 -0.216 -0.384 -0.545 -0.676 -0.761 -0.807 -0.827 -0.834 -0.833 -0.826 -0.815 -0.8 -0.777 -0.742 -0.701 -0.665 -0.644 -0.636 -0.592 -0.51 -0.403 -0.291 -0.203 -0.161 -0.17 -0.213 -0.272 -0.352 -0.404 -0.463
-9 -9 -9 -9 -9 -9 -9 -9 -9 -9 -9 -9 -9 -9 -9 -9 -9 -9 -9 -9 0.238 0.233 0.24 0.249 0.245 0.216 0.157 0.065 -0.049 -0.171 -0.279 -0.354 -0.393 -0.4 -0.371 -0.315 -0.24 -0.173 -0.143 -0.178 -0.258 -0.329 -0.361 -0.333 -0.278 -0.227 -0.219 -0.281 -0.394 -0.524 -0.647 -0.742 -0.802 -0.834 -0.846 -0.847 -0.837 -0.818 -0.792 -0.767 -0.738 -0.698 -0.657 -0.629 -0.631 -0.62 -0.551 -0.456 -0.335 -0.225 -0.147 -0.116 -0.136 -0.202 -0.285 -0.338 -0.403 -0.493
-9 -9 -9 -9 -9 -9 -9 -9 -9 -9 -9 -9 -9 -9 -9 -9 -9 -9 -9 0.286 0.267 0.259 0.258 0.253 0.232 0.187 0.117 0.025 -0.079 -0.18 -0.259 -0.309 -0.333 -0.333 -0.308 -0.259 -0.194 -0.139 -0.125 -0.183 -0.293 -0.38 -0.438 -0.44 -0.413 -0.396 -0.407 -0.457 -0.541 -0.637 -0.724 -0.79 -0.831 -0.853 -0.861 -0.854 -0.829 -0.795 -0.755 -0.722 -0.682 -0.635 -0.597 -0.587 -0.603 -0.589 -0.51 -0.407 -0.279 -0.168 -0.095 -0.069 -0.113 -0.193 -0.272 -0.334 -0.427 -0.511
-9 -9 -9 -9 -9 -9 -9 -9 -9 -9 -9 -9 -9 -9 -9 -9 -9 -9 0.347 0.32 0.299 0.284 0.271 0.249 0.21 0.149 0.07 -0.02 -0.108 -0.174 -0.216 -0.244 -0.253 -0.25 -0.233 -0.197 -0.15 -0.117 -0.126 -0.199 -0.329 -0.433 -0.502 -0.522 -0.516 -0.515 -0.534 -0.578 -0.641 -0.711 -0.772 -0.819 -0.849 -0.866 -0.87 -0.854 -0.812 -0.763 -0.711 -0.666 -0.609 -0.555 -0.526 -0.533 -0.561 -0.549 -0.474 -0.358 -0.222 -0.113 -0.042 -0.047 -0.093 -0.17 -0.274 -0.359 -0.462 -0.503
-9 -9 -9 -9 -9 -9 -9 -9 -9 -9 -9 -9 -9 -9 -9 -9 -9 0.4 0.377 0.35 0.325 0.302 0.276 0.24 0.184 0.108 0.025 -0.049 -0.108 -0.142 -0.161 -0.167 -0.166 -0.164 -0.159 -0.141 -0.117 -0.108 -0.135 -0.225 -0.358 -0.466 -0.537 -0.562 -0.567 -0.577 -0.605 -0.649 -0.7 -0.752 -0.795 -0.831 -0.859 -0.873 -0.874 -0.851 -0.799 -0.732 -0.665 -0.603 -0.529 -0.473 -0.452 -0.476 -0.51 -0.503 -0.432 -0.314 -0.185 -0.071 -0.012 -0.03 -0.07 -0.18 -0.297 -0.394 -0.48 -0.457
-9 -9 -9 -9 -9 -9 -9 -9 -9 -9 -9 -9 -9 -9 -9 -9 0.434 0.422 0.399 0.37 0.34 0.309 0.273 0.227 0.164 0.082 0.011 -0.044 -0.079 -0.093 -0.092 -0.088 -0.088 -0.095 -0.105 -0.106 -0.103 -0.112 -0.154 -0.247 -0.363 -0.462 -0.532 -0.572 -0.594 -0.615 -0.646 -0.688 -0.731 -0.772 -0.803 -0.835 -0.863 -0.877 -0.874 -0.844 -0.785 -0.701 -0.62 -0.538 -0.453 -0.398 -0.385 -0.42 -0.455 -0.455 -0.385 -0.276 -0.152 -0.048 0.002 -0.003 -0.075 -0.208 -0.334 -0.435 -0.452 -0.392
-9 -9 -9 -9 -9 -9 -9 -9 -9 -9 -9 -9 -9 -9 -9 0.431 0.441 0.433 0.41 0.378 0.342 0.305 0.265 0.217 0.157 0.088 0.029 -0.011 -0.027 -0.026 -0.018 -0.017 -0.028 -0.051 -0.078 -0.097 -0.11 -0.133 -0.176 -0.254 -0.351 -0.443 -0.517 -0.565 -0.599 -0.633 -0.669 -0.709 -0.747 -0.781 -0.808 -0.839 -0.866 -0.877 -0.869 -0.831 -0.76 -0.664 -0.571 -0.473 -0.385 -0.333 -0.33 -0.37 -0.397 -0.4 -0.33 -0.226 -0.11 -0.016 0.026 -0.002 -0.104 -0.218 -0.346 -0.425 -0.398 -0.305
-9 -9 -9 -9 -9 -9 -9 -9 -9 -9 -9 -9 -9 0.335 0.381 0.415 0.429 0.425 0.403 0.371 0.335 0.298 0.26 0.215 0.163 0.11 0.064 0.04 0.038 0.045 0.049 0.038 0.008 -0.033 -0.076 -0.111 -0.133 -0.159 -0.194 -0.261 -0.345 -0.425 -0.494 -0.549 -0.596 -0.64 -0.68 -0.719 -0.754 -0.785 -0.813 -0.843 -0.866 -0.874 -0.859 -0.808 -0.725 -0.62 -0.518 -0.41 -0.326 -0.279 -0.288 -0.322 -0.34 -0.339 -0.269 -0.168 -0.06 0.01 0.031 -0.017 -0.124 -0.224 -0.343 -0.374 -0.323 -0.219
-9 -9 -9 -9 -9 -9 -9 -9 -9 -9 -9 -9 0.239 0.29 0.338 0.375 0.393 0.394 0.378 0.355 0.325 0.295 0.262 0.226 0.185 0.145 0.112 0.099 0.101 0.105 0.098 0.07 0.02 -0.04 -0.096 -0.138 -0.166 -0.19 -0.222 -0.276 -0.345 -0.414 -0.479 -0.54 -0.595 -0.645 -0.687 -0.726 -0.759 -0.789 -0.817 -0.845 -0.864 -0.866 -0.84 -0.779 -0.685 -0.572 -0.464 -0.355 -0.278 -0.241 -0.253 -0.272 -0.284 -0.275 -0.211 -0.115 -0.017 0.026 0.023 -0.05 -0.152 -0.259 -0.316 -0.281 -0.225 -0.114
-9 -9 -9 -9 -9 -9 -9 -9 -9 -9 -9 0.152 0.192 0.239 0.284 0.321 0.341 0.348 0.345 0.333 0.316 0.296 0.274 0.249 0.22 0.19 0.166 0.155 0.152 0.145 0.122 0.075 0.008 -0.064 -0.126 -0.174 -0.194 -0.218 -0.248 -0.295 -0.355 -0.416 -0.479 -0.543 -0.603 -0.655 -0.697 -0.735 -0.765 -0.793 -0.819 -0.842 -0.857 -0.851 -0.81 -0.741 -0.64 -0.521 -0.411 -0.308 -0.241 -0.213 -0.213 -0.222 -0.229 -0.206 -0.149 -0.07 0.011 0.038 0.009 -0.098 -0.207 -0.267 -0.243 -0.183 -0.121 -0.014
-9 -9 -9 -9 -9 -9 -9 -9 -9 -9 0.114 0.125 0.156 0.195 0.233 0.266 0.286 0.302 0.315 0.317 0.312 0.304 0.293 0.278 0.26 0.238 0.217 0.201 0.186 0.161 0.119 0.054 -0.024 -0.099 -0.163 -0.2 -0.205 -0.227 -0.262 -0.312 -0.37 -0.431 -0.495 -0.56 -0.618 -0.669 -0.711 -0.746 -0.772 -0.797 -0.819 -0.835 -0.845 -0.83 -0.773 -0.695 -0.59 -0.471 -0.362 -0.269 -0.212 -0.185 -0.172 -0.174 -0.172 -0.135 -0.085 -0.026 0.029 0.036 -0.034 -0.156 -0.22 -0.221 -0.18 -0.105 -0.023 0.082
-9 -9 -9 -9 -9 -9 -9 -9 -9 -9 0.13 0.122 0.14 0.165 0.193 0.221 0.248 0.275 0.296 0.311 0.316 0.317 0.313 0.307 0.295 0.278 0.256 0.231 0.199 0.152 0.088 0.009 -0.072 -0.146 -0.185 -0.185 -0.183 -0.207 -0.255 -0.32 -0.39 -0.458 -0.525 -0.586 -0.642 -0.69 -0.729 -0.757 -0.777 -0.798 -0.815 -0.825 -0.83 -0.803 -0.732 -0.646 -0.538 -0.424 -0.321 -0.238 -0.187 -0.155 -0.13 -0.124 -0.107 -0.063 -0.018 0.026 0.046 0.02 -0.065 -0.171 -0.198 -0.185 -0.146 -0.047 0.06 0.148
-9 -9 -9 -9 -9 -9 -9 -9 -9 0.19 0.156 0.144 0.143 0.154 0.174 0.2 0.228 0.259 0.288 0.31 0.322 0.328 0.331 0.33 0.324 0.307 0.28 0.241 0.189 0.121 0.038 -0.05 -0.133 -0.174 -0.161 -0.14 -0.13 -0.16 -0.228 -0.319 -0.411 -0.492 -0.56 -0.618 -0.67 -0.712 -0.741 -0.763 -0.774 -0.789 -0.805 -0.815 -0.814 -0.769 -0.688 -0.594 -0.483 -0.376 -0.284 -0.211 -0.16 -0.117 -0.084 -0.065 -0.033 0.013 0.057 0.087 0.069 0.02 -0.07 -0.163 -0.203 -0.187 -0.131 -0.01 0.111 0.201
-9 -9 -9 -9 -9 -9 -9 -9 0.262 0.208 0.179 0.171 0.17 0.171 0.187 0.205 0.228 0.256 0.284 0.307 0.322 0.333 0.34 0.344 0.34 0.32 0.284 0.229 0.158 0.072 -0.023 -0.116 -0.163 -0.151 -0.117 -0.072 -0.052 -0.095 -0.19 -0.313 -0.431 -0.524 -0.594 -0.651 -0.694 -0.725 -0.746 -0.762 -0.762 -0.768 -0.784 -0.799 -0.791 -0.731 -0.645 -0.538 -0.427 -0.326 -0.243 -0.176 -0.12 -0.067 -0.03 0.006 0.044 0.099 0.144 0.156 0.117 0.048 -0.036 -0.123 -0.19 -0.196 -0.121 0.014 0.147 0.234
