data/climatemaps/RS_maps/climate_postbreed_tmp_2013.asc
NCOLS 369 
NROWS 228 
XLLCORNER 479000 
YLLCORNER 73000 
CELLSIZE 1000 
NODATA_value -9 
[rows 170 to 203 of 228, columns 77 to 153 of 369]
0.477 1 1.184 1.188 1.179 1.173 1.15 1.036 0.555 0.427 0.588 0.608 0.302 0.04 -0.517 -0.77 -0.691 -0.728 -0.705 -0.696 -0.523 -0.362 -0.391 -0.299 -0.916 -1.599 -1.933 -1.959 -1.663 -1.653 -1.45 -1.309 -1.223 -1.336 -1.591 -1.655 -1.487 -1.505 -1.615 -1.722 -1.579 -1.281 -0.971 -0.638 -0.074 -0.531 -0.969 -0.83 -0.551 -0.315 -0.03 0.071 0.239 0.167 0.216 0.24 0.195 0.358 0.569 0.201 0.028 -0.089 0.129 -0.106 -0.148 -0.081 0.016 0.573 0.258 0.043 -0.057 0.042 0.054 0.046 -0.223 -0.271 -0.263
0.343 0.812 1.155 1.181 1.176 1.169 1.158 1.12 0.934 0.801 0.705 0.42 -0.065 -0.388 -0.54 -0.627 -0.656 -0.627 -0.532 -0.522 -0.632 -0.609 -0.857 -0.643 -1.083 -1.735 -2.016 -1.944 -1.76 -1.604 -1.446 -1.291 -1.061 -0.855 -1.172 -1.276 -1.155 -1.446 -1.272 -1.356 -1.23 -0.955 -0.642 -0.314 0.144 -0.46 -0.577 -0.488 -0.245 0.02 0.342 0.545 0.576 0.664 0.738 0.677 0.704 0.796 0.803 0.633 0.526 0.372 0.418 0.413 0.486 0.517 0.621 0.854 0.718 0.716 0.581 0.556 0.574 0.41 0.34 0.324 0.406
0.296 0.714 1.043 1.177 1.175 1.168 1.162 1.135 1.014 0.777 0.616 0.268 -0.145 -0.271 -0.227 -0.415 -0.382 -0.333 -0.38 -0.451 -0.701 -0.986 -1.424 -1.493 -1.727 -2.084 -1.671 -1.604 -1.556 -1.469 -1.36 -1.348 -1.034 -0.593 -0.632 -0.684 -0.94 -1.467 -0.948 -0.963 -0.947 -0.599 -0.217 0.118 0.143 -0.271 -0.306 -0.195 0.034 0.249 0.512 0.753 0.83 0.918 0.964 0.954 0.975 0.956 0.907 0.87 0.854 0.774 0.799 0.887 0.914 0.937 0.936 0.908 0.871 0.871 0.918 0.924 0.888 0.893 0.808 0.797 0.85
0.116 0.476 0.789 1.174 1.171 1.166 1.161 1.147 1.076 0.937 0.73 0.254 0.061 0.107 -0.024 -0.248 -0.213 -0.328 -0.552 -0.634 -0.736 -0.943 -1.296 -1.526 -1.719 -1.694 -1.095 -0.812 -0.908 -0.926 -1.146 -1.374 -1.166 -0.775 -0.416 -0.229 -0.914 -1.387 -0.75 -0.593 -0.589 -0.253 0.078 0.331 0.025 -0.159 -0.153 -0.003 0.261 0.566 0.768 0.911 0.961 0.998 0.992 0.961 0.901 0.846 0.802 0.799 0.889 0.946 0.944 0.858 0.854 0.677 0.619 0.524 0.388 0.428 0.61 0.733 0.783 0.834 0.863 0.86 0.881
-0.193 0.082 0.536 1.114 1.168 1.162 1.161 1.148 1.102 1.106 0.851 0.462 0.406 0.38 0.15 -0.033 -0.138 -0.293 -0.455 -0.496 -0.466 -0.677 -0.902 -1.063 -1.16 -1.02 -0.636 -0.328 -0.383 -0.767 -1.243 -1.301 -1.09 -0.783 -0.378 0.039 -0.747 -0.983 -0.466 -0.361 -0.247 0.031 0.3 0.446 0.12 -0.012 0.061 0.232 0.481 0.808 0.96 1.011 1.01 0.904 0.718 0.547 0.293 0.299 0.571 0.391 0.581 0.7 0.611 0.478 0.617 0.218 0.019 -0.111 -0.21 -0.053 0.165 0.365 0.379 0.313 0.321 0.323 0.367
-0.366 -0.215 0.314 0.904 1.134 1.161 1.161 1.152 1.124 1.118 0.98 0.73 0.659 0.392 0.154 0.119 0.073 -0.043 -0.201 -0.389 -0.518 -0.867 -0.943 -1.009 -1.027 -0.861 -0.411 -0.252 -0.252 -0.847 -1.412 -1.213 -0.87 -0.474 -0.148 0.163 -0.562 -0.505 -0.108 -0.072 0.041 0.275 0.52 0.495 0.214 0.28 0.44 0.551 0.791 0.975 1.025 0.996 0.834 0.402 0.035 -0.293 -0.343 -0.033 0.137 -0.242 0.004 0.112 -0.042 0.023 0.339 -0.221 -0.61 -0.74 -0.629 -0.317 -0.071 0.052 0.128 -0.023 -0.177 -0.128 -0.001
-0.36 -0.45 -0.027 0.576 0.943 1.041 1.153 1.152 1.14 1.114 1.052 0.934 0.692 0.454 0.327 0.328 0.021 -0.298 -0.516 -0.752 -0.894 -0.829 -1.05 -1.294 -1.354 -0.946 -0.565 -0.568 -0.063 -0.551 -1.245 -1.015 -0.579 -0.097 0.205 0.04 -0.334 -0.073 0.228 0.2 0.304 0.5 0.71 0.419 0.432 0.694 0.855 0.917 1.007 1.045 0.94 0.671 0.64 0.042 -0.25 -0.524 -0.663 -0.6 -0.479 -0.829 -0.738 -0.653 -0.823 -0.45 0.062 -0.533 -1.135 -1.232 -0.99 -0.598 -0.347 -0.373 -0.176 -0.177 -0.377 -0.372 -0.055
-0.544 -0.693 -0.389 0.091 0.57 0.968 1.151 1.151 1.141 1.119 1.031 0.915 0.902 0.683 0.526 0.463 -0.049 -0.24 -0.437 -0.677 -0.69 -1.039 -1.402 -1.526 -1.205 -0.833 -1.11 -0.85 0.003 -0.396 -1.017 -0.665 -0.171 0.127 0.418 0.031 0.067 0.258 0.476 0.466 0.532 0.75 0.822 0.647 0.845 0.985 1.031 1.039 1.012 0.922 0.578 0.165 0.454 0.348 -0.022 -0.558 -1.057 -1.346 -1.045 -1.249 -1.159 -1.298 -1.281 -0.86 -0.31 -0.512 -1.32 -1.562 -1.243 -0.905 -0.667 -0.804 -0.645 -0.486 -0.65 -0.65 -0.089
-0.601 -0.739 -0.493 -0.058 0.529 0.954 1.131 1.141 1.147 1.139 1.094 1.011 0.947 0.397 0.069 0.206 0.172 0.102 -0.101 -0.305 -0.823 -1.4 -1.698 -1.49 -1.123 -1.183 -1.39 -0.81 -0.061 -0.194 -0.728 -0.308 0.114 0.427 0.557 0.336 0.411 0.54 0.665 0.63 0.754 0.923 1.005 1.002 1.032 1.045 0.989 0.847 0.739 0.462 0.092 0.019 0.307 0.448 0.186 -0.631 -1.034 -1.358 -1.356 -1.492 -1.427 -1.657 -1.47 -1.106 -0.532 -0.62 -1.321 -1.701 -1.463 -0.999 -1.01 -1.231 -1.118 -0.852 -0.831 -0.775 -0.162
-0.279 -0.321 -0.313 0.127 0.657 0.924 1.034 1.082 1.118 1.142 1.123 1.077 0.95 0.283 -0.324 -0.364 -0.335 -0.477 -0.364 -0.999 -1.312 -1.594 -1.584 -1.371 -1.37 -1.632 -1.322 -0.885 -0.199 0.207 -0.202 0.046 0.377 0.693 0.752 0.608 0.648 0.716 0.792 0.897 1.029 1.054 1.059 1.013 0.868 0.729 0.527 0.368 0.312 -0.115 -0.353 -0.291 -0.069 0.179 0.277 -0.327 -0.758 -1.225 -1.522 -1.739 -1.774 -1.712 -1.332 -1.145 -0.691 -0.831 -1.519 -1.698 -1.57 -1.155 -1.38 -1.657 -1.531 -1.093 -0.643 -0.541 -0.112
-0.228 -0.141 0.062 0.362 0.716 0.64 0.673 0.682 0.805 1.114 1.079 0.995 0.872 0.252 -0.485 -0.674 -0.865 -0.651 -0.438 -1.518 -1.857 -1.635 -1.453 -1.533 -1.635 -1.694 -1.509 -0.979 -0.286 0.409 0.223 0.538 0.695 0.875 0.921 0.845 0.807 0.95 1.007 1.061 1.06 1.048 0.855 0.402 0.24 0.296 -0.079 -0.281 -0.035 -0.38 -0.807 -0.596 -0.512 -0.092 0.332 -0.373 -0.967 -1.359 -1.472 -1.617 -1.921 -1.694 -1.617 -1.483 -0.875 -0.817 -1.586 -1.87 -1.591 -1.358 -1.581 -1.802 -1.553 -1.2 -0.606 -0.098 0.171
-0.393 -0.194 0.233 0.585 0.495 0.196 0.15 0.262 0.631 0.932 1.081 0.983 0.764 -0.018 -0.717 -0.97 -1.018 -0.467 -0.659 -1.204 -1.473 -1.359 -0.956 -0.8 -0.718 -0.674 -0.755 -0.583 0.014 0.543 0.632 0.922 0.996 1.035 1.016 0.914 1.004 1.06 1.057 1.045 0.995 0.935 0.384 0 -0.12 -0.141 -0.571 -0.778 -0.43 -0.376 -1.018 -1.105 -0.65 -0.125 0.297 -0.269 -0.784 -1.056 -1.24 -1.488 -1.71 -1.817 -1.627 -1.378 -0.841 -0.845 -1.46 -1.755 -1.797 -1.587 -1.669 -1.572 -1.365 -0.952 -0.39 0.258 0.522
-0.242 0.045 0.494 0.443 0.054 -0.22 -0.315 -0.003 0.54 0.766 1.087 1 0.431 -0.22 -0.831 -1.207 -1.108 -0.648 -1.206 -1.407 -1.118 -1.169 -0.817 -0.312 -0.136 0.164 0.171 -0.038 0.161 0.699 0.984 1.071 1.073 1.06 1.062 1.075 1.058 0.994 0.896 0.77 0.618 0.749 0.441 -0.138 -0.508 -0.617 -0.841 -1.178 -0.843 -0.518 -1.095 -1.379 -0.934 -0.34 0.168 -0.027 -0.454 -0.719 -1.105 -1.399 -1.56 -1.681 -1.516 -1.254 -0.762 -0.927 -1.39 -1.629 -1.917 -1.757 -1.664 -1.222 -0.813 -0.402 0.149 0.361 0.049
-0.183 0.17 0.502 0.169 -0.257 -0.545 -0.59 -0.12 0.403 0.77 1.119 0.931 0.226 -0.229 -0.86 -1.546 -1.371 -1.281 -1.538 -1.325 -0.995 -0.666 -0.493 -0.222 0.182 0.386 0.552 0.518 0.521 0.915 1.063 1.075 1.081 1.076 1.048 0.985 0.831 0.607 0.396 0.261 0.346 0.676 0.484 -0.066 -0.487 -0.877 -1.09 -1.385 -1.159 -0.828 -1.307 -1.449 -1.098 -0.659 -0.073 0.131 -0.407 -0.897 -1.094 -1.403 -1.656 -1.709 -1.437 -1.099 -0.728 -1.131 -1.522 -1.763 -1.923 -1.658 -1.427 -1.069 -0.469 0.108 0.348 -0.075 -0.6
-0.061 0.389 0.334 -0.062 -0.424 -0.801 -0.491 -0.032 0.124 0.494 1.08 1.043 0.539 -0.187 -0.874 -1.593 -1.69 -1.679 -1.38 -1.205 -1.017 -0.664 -0.216 -0.037 0.199 0.276 0.655 0.877 0.969 1.056 1.08 1.047 0.965 0.87 0.841 0.61 0.307 0.103 -0.074 -0.122 0.106 0.585 0.495 -0.07 -0.394 -0.709 -1.038 -1.422 -1.449 -1.124 -1.437 -1.538 -1.299 -0.896 -0.295 0.095 -0.42 -1.074 -1.337 -1.544 -1.813 -1.837 -1.547 -0.986 -0.915 -1.425 -1.706 -1.892 -1.898 -1.678 -1.418 -1.053 -0.276 0.282 0.003 -0.405 -0.842
0.092 0.452 0.044 -0.474 -0.515 -0.936 -0.493 -0.264 -0.359 0.015 0.847 1.045 0.868 0.157 -0.555 -1.177 -1.659 -1.541 -1.441 -1.259 -0.971 -0.861 -0.298 0.133 0.489 0.594 0.869 0.991 1.043 1.073 0.976 0.768 0.485 0.369 0.539 0.369 -0.089 -0.382 -0.533 -0.505 -0.151 0.456 0.55 0.057 -0.221 -0.508 -0.945 -1.435 -1.509 -1.348 -1.624 -1.664 -1.381 -1.004 -0.408 0.039 -0.392 -1.044 -1.476 -1.534 -1.783 -1.778 -1.48 -0.941 -1.067 -1.597 -1.922 -1.956 -1.716 -1.559 -1.185 -0.594 0.091 0.091 -0.258 -0.676 -1.169
0.3 0.244 -0.165 -0.685 -0.871 -1.224 -1.066 -0.817 -0.427 0.093 0.614 0.974 1.028 0.482 -0.323 -0.921 -1.359 -1.245 -1.634 -1.355 -0.76 -0.873 -0.398 0.216 0.787 1.009 1.071 1.066 1.067 0.841 0.54 0.213 -0.006 0.015 0.272 0.283 -0.162 -0.596 -0.892 -0.723 -0.27 0.334 0.644 0.168 -0.325 -0.719 -1.164 -1.548 -1.576 -1.543 -1.783 -1.574 -1.274 -0.9 -0.392 -0.09 -0.239 -0.81 -1.302 -1.51 -1.798 -1.807 -1.51 -0.996 -1.232 -1.656 -2.05 -1.978 -1.828 -1.724 -1.099 -0.237 0.235 -0.11 -0.537 -1.094 -1.558
0.252 -0.224 -0.624 -1.02 -1.477 -1.883 -1.574 -0.824 -0.149 -0.017 0.263 0.918 1.084 0.604 -0.299 -1.083 -1.294 -1.094 -1.414 -0.993 -0.479 -0.436 0.02 0.66 1.015 1.096 1.099 1.049 0.817 0.26 -0.092 -0.297 -0.389 -0.31 0.057 0.028 -0.395 -0.683 -1.089 -0.723 -0.188 0.347 0.513 0.307 -0.207 -0.65 -1.14 -1.583 -1.712 -1.745 -1.864 -1.568 -1.234 -0.743 -0.452 -0.525 -0.252 -0.509 -1.104 -1.453 -1.764 -1.956 -1.618 -1.106 -1.505 -1.792 -2.116 -2.16 -1.974 -1.601 -0.764 0.131 0.039 -0.373 -0.766 -1.444 -1.89
-0.077 -0.731 -0.975 -1.575 -2.026 -1.899 -1.586 -1.021 -0.376 -0.526 -0.101 0.712 1.107 0.824 -0.082 -0.862 -1.225 -0.947 -0.744 -0.305 0.058 0.292 0.744 1.047 1.1 1.107 1.092 0.732 0.535 -0.098 -0.519 -0.772 -0.879 -0.66 -0.115 -0.413 -0.841 -1.033 -1.202 -0.603 0.005 0.197 0.112 0.348 0.147 -0.349 -0.942 -1.415 -1.748 -1.903 -1.925 -1.743 -1.293 -0.665 -0.835 -1.054 -0.635 -0.354 -0.908 -1.382 -1.655 -1.952 -1.704 -1.182 -1.571 -1.835 -2.207 -2.096 -1.744 -1.331 -0.531 0.262 -0.288 -0.949 -0.937 -1.498 -1.969
-0.198 -0.9 -1.508 -1.757 -1.734 -1.373 -1.175 -1.283 -0.923 -1.009 -0.51 0.461 1.058 0.974 0.153 -0.566 -0.994 -0.496 0.051 0.461 0.795 0.954 1.075 1.113 1.102 1.065 0.811 0.232 0.239 0.072 -0.373 -0.868 -1.185 -0.906 -0.307 -0.713 -1.159 -1.367 -1.227 -0.54 0.043 -0.244 -0.36 -0.05 0.254 -0.084 -0.649 -1.072 -1.437 -1.68 -1.811 -1.684 -1.471 -0.908 -1.229 -1.504 -1.125 -0.528 -0.691 -1.409 -1.878 -2.119 -1.755 -1.309 -1.602 -2.028 -2.434 -2.215 -1.743 -1.102 -0.387 0.145 -0.501 -1.3 -1.171 -1.594 -2.046
-0.313 -1.138 -1.329 -1.446 -1.231 -0.967 -0.868 -0.894 -0.735 -0.735 -0.599 0.186 1.028 1.055 0.335 -0.447 -0.535 0.188 0.692 0.984 1.09 1.111 1.115 1.054 0.982 0.753 0.262 -0.2 -0.101 -0.063 -0.216 -0.636 -1.143 -1.059 -0.479 -0.83 -1.279 -1.57 -1.264 -0.598 -0.084 -0.621 -0.953 -0.704 -0.245 0.131 -0.297 -0.875 -1.325 -1.732 -1.892 -1.758 -1.745 -1.264 -1.258 -1.703 -1.367 -0.791 -0.543 -1.154 -1.786 -2.408 -2.119 -1.68 -1.858 -2.012 -2.376 -2.241 -1.803 -1.336 -0.403 -0.018 -0.912 -1.704 -1.67 -1.697 -2.162
-0.852 -0.944 -1.262 -1.788 -1.478 -0.902 -0.819 -0.965 -0.97 -0.395 -0.313 0.166 0.902 1.126 0.828 0.035 0.126 0.764 1.047 1.118 1.127 1.121 0.943 0.665 0.428 0.165 -0.345 -0.63 -0.473 -0.385 -0.652 -0.701 -1.258 -1.078 -0.647 -1.021 -1.452 -1.616 -1.224 -0.674 -0.222 -0.778 -1.253 -1.211 -0.649 -0.093 -0.043 -0.804 -1.281 -1.599 -2.054 -1.887 -1.795 -1.387 -1.209 -1.768 -1.417 -0.912 -0.465 -0.903 -1.686 -2.301 -2.271 -2.204 -2.25 -2.199 -2.368 -2.257 -1.866 -1.198 -0.411 0.022 -0.973 -1.872 -2.109 -2.008 -2.338
-1.227 -1.391 -1.68 -2 -1.938 -1.169 -1.075 -1.318 -1.424 -1.061 -0.599 0.194 0.669 1.059 1.101 0.661 0.823 1.105 1.128 1.128 1.126 0.993 0.496 0.188 0.001 -0.511 -0.888 -1.02 -0.824 -0.656 -1.065 -1.097 -1.384 -1.073 -0.708 -1.163 -1.701 -1.668 -1.2 -0.662 -0.404 -0.832 -1.361 -1.437 -1.012 -0.632 -0.051 -0.413 -0.822 -1.434 -1.695 -1.854 -1.563 -1.278 -1.265 -1.952 -1.689 -1.056 -0.465 -0.802 -1.563 -2.003 -2.268 -2.506 -2.682 -2.484 -2.469 -2.678 -2.254 -1.468 -0.429 -0.076 -1.068 -1.86 -2.29 -2.605 -2.683
-1.362 -1.721 -1.749 -1.644 -1.877 -1.493 -1.303 -1.426 -1.097 -0.629 -0.108 0.429 0.59 0.893 1.116 1.088 1.122 1.134 1.135 1.119 1.011 0.479 -0.066 -0.281 -0.486 -1.045 -1.203 -1.078 -1.04 -0.933 -1.11 -1.529 -1.444 -1.018 -0.845 -1.307 -1.715 -1.895 -1.396 -0.889 -0.41 -0.898 -1.566 -1.594 -1.306 -0.815 -0.28 -0.07 -0.411 -1.016 -1.298 -1.763 -1.741 -1.395 -1.344 -1.903 -2.094 -1.404 -0.555 -0.863 -1.513 -1.699 -2.104 -2.656 -2.881 -3.109 -2.733 -2.549 -1.89 -1.229 -0.298 -0.288 -1.142 -1.762 -2.318 -2.978 -2.922
-1.068 -1.721 -1.409 -1.297 -1.675 -1.138 -0.964 -0.915 -0.682 -0.232 0.273 0.545 0.207 0.326 0.933 1.129 1.133 1.128 1.096 0.911 0.5 -0.155 -0.411 -0.494 -0.528 -0.986 -0.778 -0.669 -0.743 -1.134 -1.281 -1.676 -1.341 -1.051 -1.138 -1.285 -1.789 -2.034 -1.647 -1.216 -0.494 -0.92 -1.597 -1.729 -1.249 -0.909 -0.737 -0.267 -0.091 -0.57 -0.939 -1.445 -1.85 -1.6 -1.342 -1.726 -2.053 -1.685 -0.794 -0.933 -1.52 -1.843 -2.048 -2.442 -2.91 -3.112 -2.664 -2.051 -1.422 -0.856 -0.158 -0.486 -1.112 -1.85 -2.475 -2.953 -3.325
-1.44 -1.78 -1.173 -1.104 -1.492 -1.406 -1.253 -1.056 -0.471 0.137 0.451 0.051 -0.248 0.124 0.69 1.103 1.067 0.941 0.696 0.295 -0.111 -0.342 -0.141 0.011 -0.155 -0.52 -0.296 -0.308 -0.505 -0.969 -1.517 -1.782 -1.597 -1.307 -1.49 -1.292 -1.588 -2.049 -1.84 -1.318 -0.686 -0.79 -1.384 -1.598 -1.178 -1.346 -1.251 -0.705 -0.163 -0.288 -0.766 -1.305 -1.798 -1.853 -1.462 -1.452 -1.911 -1.508 -1.043 -0.805 -1.208 -1.496 -1.805 -2.143 -2.702 -3.184 -2.711 -2.111 -1.382 -0.585 -0.105 -0.605 -1.317 -2.154 -2.632 -2.943 -3.369
-1.586 -1.628 -1.02 -0.92 -1.312 -1.409 -1.123 -0.809 -0.328 0.299 0.095 -0.434 -0.158 0.461 0.945 0.91 0.753 0.487 0.156 0.02 -0.198 -0.054 0.264 0.374 0.288 0.09 0.142 -0.104 -0.481 -0.941 -1.413 -1.756 -1.772 -1.759 -1.938 -1.68 -1.551 -1.861 -1.814 -1.554 -0.949 -0.777 -1.372 -1.681 -1.244 -1.648 -1.541 -0.993 -0.387 -0.198 -0.663 -1.169 -1.544 -1.766 -1.767 -1.529 -1.925 -1.641 -1.195 -0.883 -1.306 -1.482 -1.713 -1.989 -2.718 -2.837 -2.417 -2.194 -1.53 -0.698 -0.138 -0.764 -1.44 -2.087 -2.532 -3.061 -3.498
-1.258 -1.472 -1.036 -0.839 -1.282 -1.262 -0.73 -0.229 0.088 0.112 -0.467 -0.374 0.184 0.759 0.903 0.639 0.63 0.534 0.373 0.408 0.443 0.404 0.654 0.635 0.464 0.487 0.515 0.158 -0.385 -0.922 -1.243 -1.376 -1.74 -1.953 -2.16 -1.958 -1.738 -1.877 -1.928 -1.706 -1.223 -1.079 -1.572 -1.928 -1.637 -1.823 -1.461 -0.967 -0.385 -0.192 -0.492 -0.942 -1.298 -1.606 -2.009 -1.842 -2.091 -2.037 -1.283 -1.187 -1.881 -2.052 -2.033 -2.242 -2.866 -2.221 -1.734 -1.662 -1.168 -0.505 -0.179 -0.855 -1.517 -2.004 -2.503 -2.955 -3.337
-1.357 -1.564 -1.296 -0.83 -0.965 -1.01 -0.44 0.145 0.099 -0.394 -0.764 -0.133 0.348 0.59 0.763 0.734 0.611 0.314 0.149 0.301 0.56 0.701 0.657 0.384 -0.016 0.201 0.546 0.461 0.021 -0.588 -0.922 -1.243 -1.7 -2.003 -2.039 -2.028 -1.943 -2.121 -1.932 -1.692 -1.372 -1.474 -2.087 -2.286 -2.123 -1.967 -1.425 -0.891 -0.372 -0.491 -0.478 -0.587 -1.083 -1.671 -2.167 -2.312 -2.357 -2.185 -1.347 -1.45 -2.114 -2.48 -2.544 -2.738 -2.7 -1.922 -1.42 -1.283 -1.079 -0.39 -0.202 -0.911 -1.68 -2.116 -2.355 -2.652 -3.181
-1.545 -1.317 -1.196 -0.959 -0.734 -0.618 -0.103 0.093 -0.253 -0.326 -0.519 -0.078 -0.099 -0.119 0.179 0.481 0.122 -0.448 -0.734 -0.399 0.205 0.618 0.368 -0.224 -0.522 -0.137 0.313 0.505 0.393 -0.068 -0.462 -0.95 -1.588 -1.903 -1.731 -1.944 -2.079 -2.251 -1.928 -1.625 -1.254 -1.624 -2.243 -2.435 -2.217 -1.924 -1.593 -0.917 -0.552 -1.106 -1.073 -0.694 -0.871 -1.51 -2.006 -2.486 -2.641 -2.261 -1.486 -1.535 -2.011 -2.405 -2.718 -2.963 -2.613 -2.079 -1.707 -1.643 -1.354 -0.411 -0.262 -0.899 -1.372 -1.743 -2.05 -2.402 -3.111
-1.525 -1.331 -1.311 -1.223 -0.633 -0.13 0.066 -0.221 -0.595 -0.121 -0.477 -0.519 -0.688 -0.809 -0.418 0.17 -0.017 -0.668 -1.232 -0.707 0.127 0.563 0.175 -0.5 -0.768 -0.334 -0.034 0.285 0.431 0.338 0.075 -0.435 -1.246 -1.534 -1.495 -1.754 -1.98 -2.213 -1.836 -1.67 -1.221 -1.525 -2.067 -2.315 -2.121 -1.711 -1.427 -0.839 -0.814 -1.544 -1.758 -1.306 -0.795 -1.192 -1.807 -2.233 -2.661 -2.577 -1.91 -1.616 -1.837 -2.137 -2.682 -2.783 -2.587 -2.335 -2.106 -2.048 -1.323 -0.289 -0.47 -1.206 -1.268 -1.327 -1.905 -2.253 -2.783
-1.562 -1.575 -1.318 -1.085 -0.44 0 -0.235 -0.612 -0.704 -0.112 -0.682 -1.109 -1.179 -0.972 -0.45 -0.35 -0.124 -0.375 -1.129 -0.803 0.153 0.522 0.044 -0.664 -0.96 -0.689 -0.394 -0.011 -0.071 0.015 0.169 -0.048 -0.789 -1.18 -1.306 -1.569 -1.968 -2.169 -2.04 -1.861 -1.308 -1.372 -2.003 -2.219 -1.924 -1.532 -1.175 -0.704 -0.909 -1.642 -2.107 -1.721 -0.977 -0.997 -1.632 -2.044 -2.567 -2.626 -2.152 -1.856 -1.916 -2.353 -2.716 -2.415 -2.146 -2.029 -2.01 -1.851 -1.054 -0.295 -0.828 -1.599 -1.706 -1.296 -1.602 -2.075 -2.462
-1.376 -1.539 -0.949 -0.758 -0.132 -0.219 -0.702 -0.95 -0.826 -0.295 -0.595 -1.37 -1.461 -1.175 -0.914 -0.958 -0.558 -0.214 -0.608 -0.574 0.223 0.49 -0.019 -0.815 -1.176 -1.083 -0.638 -0.387 -0.598 -0.619 -0.344 -0.256 -0.267 -0.583 -0.985 -1.474 -1.751 -2.01 -2.307 -1.842 -1.429 -1.284 -1.882 -2.187 -2.039 -1.703 -1.274 -0.738 -1.017 -1.756 -2.289 -1.802 -1.132 -1.174 -1.449 -2.004 -2.613 -2.894 -2.424 -2.187 -2.391 -2.672 -2.7 -2.219 -1.745 -1.595 -1.779 -1.338 -0.625 -0.581 -1.266 -1.833 -1.989 -1.751 -1.458 -1.864 -2.281
-0.997 -1.173 -0.78 -0.323 0.016 -0.534 -0.962 -1.106 -0.992 -0.977 -0.659 -0.875 -1.586 -1.62 -1.519 -1.084 -0.614 -0.467 -0.294 -0.212 0.305 0.489 -0.05 -0.594 -0.911 -1.173 -0.882 -0.773 -1.058 -1.085 -0.924 -0.731 -0.459 -0.439 -0.495 -0.987 -1.453 -1.908 -2.335 -2.005 -1.567 -1.433 -1.606 -2.077 -1.88 -1.669 -1.21 -0.76 -1.158 -1.762 -2.284 -1.637 -1.322 -1.492 -1.485 -1.985 -2.673 -2.99 -2.591 -2.568 -2.546 -2.258 -2.515 -2.237 -1.79 -1.39 -1.266 -0.891 -0.374 -0.759 -1.361 -1.836 -2.163 -1.994 -1.814 -1.881 -2.284
