data/climatemaps/RS_maps/climate_breeding_tmp_2006.asc
NCOLS 369 
NROWS 228 
XLLCORNER 479000 
YLLCORNER 73000 
CELLSIZE 1000 
NODATA_value -9 
[rows 170 to 203 of 228, columns 154 to 230 of 369]
0.112 -0.025 -0.498 -0.521 -0.567 -0.133 -0.058 0.177 0.693 0.949 0.927 0.782 0.498 -0.118 -0.724 -1.171 -1.464 -1.531 -1.308 -1.034 -1.132 -1.127 -0.927 -0.998 -0.99 -1.177 -1.706 -1.765 -1.269 -0.681 -0.486 -0.543 -0.768 -1.098 -1.16 -1.168 -1.296 -0.888 -0.347 0.315 0.379 -0.151 -0.319 -0.741 -1.157 -1.074 -0.747 -0.439 -0.357 -0.222 -0.296 -0.203 -0.264 -0.452 -0.258 0.439 1.222 0.539 -0.135 -0.436 -0.656 -0.816 -0.827 -0.68 -0.12 -0.08 -0.158 -0.276 -0.617 -0.86 -0.124 0.629 0.472 -0.204 -0.82 -1.039 -0.779
0.518 0.259 0.005 -0.083 -0.045 0.256 0.491 0.711 0.956 1.002 0.865 0.703 0.439 -0.136 -0.82 -1.124 -1.134 -1.359 -1.364 -1.276 -1.394 -1.303 -1.056 -1.307 -1.512 -1.315 -1.681 -1.324 -0.869 -0.501 -0.328 -0.561 -0.865 -0.894 -0.824 -1.107 -1.094 -0.589 0.046 0.575 -0.044 -0.701 -0.983 -0.92 -1.209 -0.839 -0.442 -0.234 -0.235 -0.212 -0.042 0.188 0.344 0.264 0.445 0.891 1.289 0.853 0.093 -0.045 -0.108 -0.542 -0.315 -0.652 -0.653 -0.311 0.073 0.311 0.076 -0.193 -0.019 0.754 0.39 -0.231 -0.822 -0.723 -0.374
0.893 0.663 0.548 0.425 0.54 0.748 0.918 0.97 0.912 0.89 0.827 0.553 0.148 -0.284 -0.572 -0.701 -0.95 -1.078 -1.176 -1.318 -1.617 -1.636 -1.15 -1.542 -1.91 -1.672 -1.473 -0.965 -0.809 -0.634 -0.187 -0.576 -0.828 -0.425 -0.664 -1.038 -0.695 -0.096 0.556 0.385 -0.291 -1.001 -1.335 -1.241 -1.306 -0.847 -0.671 -0.627 -0.801 -0.634 -0.23 0.291 0.691 0.591 0.813 0.75 0.923 1.227 0.821 0.587 0.278 -0.153 0.023 -0.293 -0.396 -0.404 -0.639 -0.113 0.325 0.444 0.38 0.865 0.141 -0.626 -0.681 -0.339 -0.248
1.055 1.032 0.987 0.917 0.909 0.84 0.825 0.547 0.402 0.426 0.446 0.392 0.145 -0.021 -0.141 -0.287 -0.633 -0.918 -1.254 -1.602 -1.665 -1.503 -1.479 -1.558 -1.68 -1.67 -1.344 -1.025 -1.004 -0.469 0.203 -0.14 -0.506 -0.305 -0.881 -0.936 -0.26 0.465 0.568 -0.108 -0.593 -1.205 -1.455 -1.314 -1.031 -0.939 -0.56 -0.26 -0.187 -0.125 0.23 0.637 0.392 -0.267 -0.108 0.097 0.195 0.695 1.228 1.206 0.968 0.702 0.268 0.36 0.101 -0.263 -0.574 -0.538 -0.348 0.171 0.528 0.905 0.199 -0.507 -0.5 0.039 -0.337
0.891 1.039 0.735 0.775 0.508 0.262 0.495 0.032 -0.374 -0.473 -0.11 0.306 0.245 -0.073 -0.299 -0.449 -0.543 -0.905 -1.347 -1.594 -1.281 -1.032 -1.149 -1.078 -1.317 -1.508 -1.263 -1.023 -0.703 -0.278 0.108 0.324 0.208 -0.171 -0.838 -0.769 -0.11 0.75 0.435 -0.416 -1.143 -1.366 -1.062 -0.889 -0.617 -0.545 -0.347 -0.041 0.193 0.294 0.473 0.445 -0.163 -0.574 -0.393 -0.103 -0.268 0.205 0.679 0.981 1.328 1.318 0.842 0.675 0.076 -0.406 -0.057 -0.429 -0.722 -0.392 0.094 0.782 0.668 -0.005 -0.394 0.243 0.071
0.652 0.951 0.485 0.175 -0.202 -0.299 0.239 -0.35 -0.884 -1.006 -0.357 0.015 0.09 -0.415 -0.663 -0.871 -0.959 -1.105 -1.493 -1.099 -0.741 -0.571 -0.682 -0.852 -1.2 -1.293 -0.943 -0.773 -0.456 -0.43 -0.403 0.088 0.443 0.314 -0.156 -0.271 0.346 0.849 0.356 -0.373 -1.113 -1.249 -0.932 -0.516 -0.353 -0.131 -0.092 0.026 -0.179 -0.282 0.042 0.001 -0.302 -0.767 -0.72 -0.533 -0.275 0.256 0.211 0.448 0.794 1.202 1.304 0.879 0.174 -0.026 0.359 -0.009 -0.446 -0.647 -0.344 0.198 0.842 0.568 0.118 0.404 0.414
0.659 0.851 0.385 -0.051 -0.576 -0.694 -0.06 -0.483 -1.129 -0.965 -0.397 -0.49 -0.24 -0.563 -0.918 -1.144 -1.595 -1.532 -1.121 -0.754 -0.477 -0.356 -0.582 -0.994 -1.301 -1.101 -1.096 -1.087 -1.187 -1.114 -0.685 -0.348 0.321 0.751 0.657 0.378 0.814 0.676 0.025 -0.65 -1.245 -0.982 -0.712 -0.386 -0.247 -0.5 -0.492 -0.259 -0.68 -0.638 -0.575 -0.602 -0.714 -0.807 -0.699 -0.545 -0.33 -0.074 -0.327 0.016 0.218 0.848 1.377 1.135 0.509 0.549 0.643 0.29 -0.072 -0.631 -0.562 -0.043 0.541 0.883 0.86 0.813 0.604
0.795 0.813 0.36 -0.086 -0.488 -0.828 -0.354 -0.697 -1.314 -1.207 -1.009 -0.983 -0.59 -0.545 -1.14 -1.536 -1.769 -1.344 -1.185 -1.142 -0.67 -0.515 -0.5 -0.648 -0.601 -0.688 -1.024 -1.184 -1.517 -1.501 -1.038 -0.621 0.125 0.606 0.957 0.897 0.855 0.415 -0.209 -0.796 -1.214 -0.946 -0.65 -0.553 -0.893 -0.926 -0.667 -0.481 -0.826 -0.898 -0.976 -0.975 -0.996 -0.823 -0.531 -0.365 -0.611 -0.59 -0.703 -0.359 0.236 0.727 1.163 1.404 1.056 0.908 0.534 -0.029 -0.264 -0.584 -0.479 -0.371 -0.064 0.262 0.787 0.977 0.373
0.825 0.686 0.187 -0.171 -0.562 -0.825 -0.41 -0.685 -1.206 -1.233 -1.121 -0.812 -0.591 -0.507 -0.914 -1.439 -1.727 -1.889 -1.895 -1.4 -0.868 -0.871 -0.338 0.031 -0.043 -0.273 -0.423 -0.645 -0.888 -1.321 -1.286 -0.633 -0.066 0.377 0.909 1.116 0.686 0.085 -0.381 -0.886 -1.138 -0.942 -0.842 -0.997 -1.186 -0.978 -0.795 -0.651 -0.753 -0.669 -0.632 -0.554 -0.592 -0.611 -0.358 0.015 -0.554 -0.453 -0.654 -0.295 0.249 0.37 0.788 1.357 1.437 1.115 0.55 0.169 0.029 -0.297 -0.64 -0.642 -0.418 -0.282 0.496 1.127 0.127
0.837 0.542 0.23 -0.023 -0.587 -0.979 -0.501 -0.623 -1.103 -1.143 -0.784 -0.579 -0.676 -0.947 -1.248 -1.534 -1.978 -2.216 -2.142 -1.386 -1.039 -1.113 -0.431 -0.156 -0.113 0.145 0.082 -0.229 -0.509 -0.787 -0.863 -0.401 0.033 0.385 0.852 1.165 0.64 0.232 -0.28 -0.826 -0.923 -0.592 -0.695 -1.076 -1.108 -1.043 -1.004 -0.612 -0.333 -0.189 -0.047 0.067 0.075 0.028 -0.007 0.22 -0.245 -0.067 -0.374 -0.309 -0.194 -0.185 0.238 0.838 1.342 1.452 1.22 0.842 0.506 -0.013 -0.344 -0.567 -0.148 0.336 0.791 1.168 0.438
0.868 0.412 -0.145 -0.236 -0.664 -1.123 -0.735 -0.686 -1.149 -0.988 -0.635 -0.514 -0.842 -1.315 -1.678 -1.591 -2.044 -1.917 -1.828 -1.516 -1.229 -1.192 -0.597 -0.688 -0.708 -0.04 0.341 0.184 -0.16 -0.335 -0.376 -0.239 0.226 0.569 0.906 1.179 0.738 0.297 -0.332 -0.56 -0.572 -0.363 -0.724 -0.915 -0.791 -0.842 -1.1 -0.814 -0.571 -0.352 -0.166 -0.033 -0.061 0.164 0.289 0.434 0.389 0.331 0.108 -0.184 -0.449 -0.235 0.278 0.624 1.03 1.459 1.551 1.422 0.936 0.531 0.068 -0.484 -0.072 0.255 0.702 1.17 0.893
0.796 0.425 -0.248 -0.654 -0.98 -1.315 -1.046 -0.693 -1.237 -1.083 -0.621 -0.514 -0.626 -0.895 -1.172 -1.25 -1.751 -1.392 -1.308 -1.287 -1.359 -1.237 -0.789 -0.783 -0.574 -0.264 0.211 0.466 0.34 0.189 0.187 -0.015 0.144 0.62 0.973 1.17 0.565 -0.132 -0.495 -0.064 -0.052 -0.164 -0.395 -0.449 -0.589 -0.906 -0.813 -0.78 -0.634 -0.642 -0.632 -0.572 -0.567 -0.29 -0.157 -0.026 0.3 0.68 0.43 -0.092 -0.137 0.126 0.366 0.39 0.556 0.987 1.264 1.51 1.205 0.874 0.391 -0.307 -0.329 -0.084 0.281 0.845 1.226
0.368 0.494 -0.149 -0.799 -1.201 -1.522 -1.256 -0.837 -1.314 -1.25 -0.84 -0.735 -0.407 -0.372 -0.729 -1.126 -1.515 -1.002 -0.692 -0.781 -0.945 -0.989 -0.68 -0.37 0.002 0.222 0.299 0.535 0.776 0.744 0.685 0.248 -0.096 0.471 1.047 1.11 0.309 -0.403 -0.512 0.12 -0.019 -0.498 -0.532 -0.407 -0.711 -0.793 -0.494 -0.255 -0.207 -0.196 -0.406 -0.511 -0.435 -0.303 -0.028 0.044 0.064 0.762 0.36 0.033 0.115 0.587 0.789 0.503 0.124 0.431 0.804 1.437 0.906 0.395 -0.023 -0.209 0.14 0.416 0.662 0.963 1.199
-0.344 0.467 0.03 -0.606 -1.138 -1.595 -1.49 -1.175 -1.31 -1.446 -1.329 -1.111 -0.678 -0.199 -0.465 -0.852 -1.234 -0.973 -0.303 -0.326 -0.331 -0.417 -0.062 0.275 0.535 0.719 0.726 0.758 0.998 1.071 1.046 0.571 -0.139 0.267 1.074 1.058 0.198 -0.408 -0.084 0.382 -0.132 -0.733 -0.803 -0.554 -0.77 -0.786 -0.521 -0.189 0.035 0.247 0.144 0.09 0.015 0.045 0.435 0.608 0.647 0.885 0.798 0.646 0.659 0.975 1.092 0.832 0.365 0.566 1.094 1.475 1.279 0.566 0.087 -0.061 0.305 0.407 0.714 1.27 1.114
-0.864 0.022 0.265 -0.37 -1.017 -1.639 -1.788 -1.602 -1.492 -1.757 -1.509 -1.019 -0.636 -0.252 -0.118 -0.32 -0.723 -0.71 -0.011 0.021 0.112 0.223 0.401 0.44 0.439 0.37 0.379 0.336 0.447 0.675 1.021 0.912 0.064 0.2 1.087 0.963 0.206 -0.008 0.419 0.195 -0.144 -0.44 -0.845 -0.882 -0.938 -0.766 -0.627 -0.638 -0.305 0.15 0.275 0.365 0.503 0.552 0.516 0.314 0.441 0.733 0.822 1.05 1.057 1.05 1.123 1.253 0.926 0.779 1.202 1.38 1.534 0.837 0.303 0.303 0.63 0.92 0.984 1.385 1.114
-1.128 -0.421 0.195 -0.276 -0.994 -1.509 -1.678 -1.692 -1.797 -2.001 -1.58 -1.047 -0.802 -0.599 -0.236 0.032 -0.085 -0.103 -0.119 -0.316 0.129 0.334 -0.049 -0.161 -0.356 -0.405 -0.497 -0.519 -0.428 -0.07 0.394 1.04 0.382 0.069 0.853 1.17 0.502 0.461 0.351 0.226 0.038 -0.566 -0.907 -0.674 -0.481 -0.484 -0.266 -0.65 -0.33 -0.089 -0.237 0.12 0.06 0.175 -0.068 -0.086 -0.053 0.302 0.31 0.688 0.519 0.59 0.737 1.17 1.213 1.379 1.546 1.602 1.644 1.07 0.714 0.947 1.225 1.406 1.487 1.613 1.544
-1.354 -0.842 -0.073 -0.127 -0.848 -1.266 -1.491 -1.71 -1.882 -2.188 -1.931 -1.628 -1.297 -1.078 -0.777 -0.004 0.03 -0.252 -0.604 -0.455 0.14 -0.257 -0.768 -0.885 -1.02 -1.103 -0.963 -0.902 -0.923 -0.673 -0.268 0.859 0.658 0.407 1.052 1.319 0.759 0.712 0.581 0.657 0.059 -0.622 -0.817 -0.431 -0.01 0.021 -0.132 -0.503 -0.505 -0.427 -0.477 -0.081 -0.21 -0.059 -0.163 -0.292 -0.271 0.038 0.324 0.446 0.507 0.785 0.956 1.256 1.423 1.425 1.487 1.639 1.699 1.506 1.344 1.492 1.655 1.726 1.754 1.765 1.768
-1.427 -0.918 -0.424 0.017 -0.609 -1.15 -1.496 -1.679 -1.829 -2.316 -2.557 -2.252 -1.713 -1.313 -0.834 -0.083 -0.362 -0.633 -0.405 -0.021 -0.164 -0.651 -0.985 -0.897 -0.92 -1.008 -0.872 -0.645 -0.894 -0.764 -0.214 0.785 0.991 0.928 1.429 1.327 0.987 0.951 0.97 0.542 0.103 -0.546 -0.393 -0.107 0.221 0.337 0.044 -0.18 -0.503 -0.344 -0.519 -0.384 -0.264 -0.085 0.196 0.276 0.227 0.526 0.86 0.862 1.03 1.18 1.246 1.278 0.993 0.887 1.09 1.485 1.612 1.715 1.713 1.738 1.78 1.787 1.791 1.792 1.788
-1.423 -1.203 -1.067 -0.28 -0.243 -0.851 -1.233 -1.598 -2.056 -2.363 -2.763 -2.261 -1.628 -1.168 -0.494 -0.286 -0.703 -0.728 -0.214 0.026 -0.402 -0.602 -0.736 -0.589 -0.526 -0.463 -0.426 -0.37 -0.664 -0.332 0.242 0.883 1.271 1.26 1.498 -9 -9 1.124 0.693 0.149 -0.304 -0.513 -0.438 -0.37 0.034 0.438 -0.022 -0.11 -0.151 0.02 -0.22 -0.295 0.073 0.191 0.424 0.794 0.845 0.997 1.145 1.181 1.145 0.97 1.043 0.976 0.668 0.534 0.929 1.403 1.609 1.732 1.771 1.781 1.791 1.798 1.799 1.799 1.799
-1.694 -1.679 -1.577 -0.779 -0.175 -0.562 -1.157 -1.672 -1.918 -2.156 -2.773 -2.031 -1.328 -0.888 -0.309 -0.556 -0.905 -0.807 -0.174 -0.282 -0.761 -0.685 -0.792 -0.606 -0.308 -0.087 0.019 -0.28 -0.6 -0.334 0.182 0.66 1.252 1.44 1.521 -9 -9 -9 0.24 -0.088 -0.24 -0.057 -0.048 -0.002 0.17 0.548 0.363 0.362 0.246 0.289 0.162 0.09 0.263 0.502 0.525 0.871 1.1 1.008 1.072 1.032 0.958 0.697 0.536 0.44 0.455 0.616 1.255 1.63 1.745 1.783 1.786 1.795 1.8 1.806 1.805 1.786 1.674
-2.316 -2.308 -1.632 -0.9 -0.263 -0.499 -1.027 -1.468 -1.575 -1.923 -2.396 -1.912 -1.328 -1.144 -0.941 -1.049 -1.082 -0.716 -0.166 -0.722 -1.058 -0.959 -0.996 -0.823 -0.394 0.062 0.212 0.132 -0.433 -0.37 0.045 0.51 1.311 1.535 1.54 -9 -9 -9 -9 -9 0.334 0.376 0.383 0.493 0.597 0.753 0.756 0.739 0.668 0.573 0.46 0.389 0.575 0.84 0.911 0.993 0.921 0.567 0.713 0.691 0.634 0.268 0.163 0.306 0.559 1.083 1.67 1.79 1.797 1.805 1.8 1.805 1.801 1.728 1.626 1.515 1.138
-2.506 -2.387 -1.552 -0.85 -0.3 -0.322 -0.817 -1.118 -1.531 -1.931 -2.384 -2.391 -1.64 -1.561 -1.308 -1.435 -1.447 -0.643 -0.61 -1.096 -1.162 -1.051 -0.689 -0.483 -0.186 0.34 0.468 0.435 0.191 0.189 0.545 0.971 1.51 1.563 1.563 -9 -9 -9 -9 -9 -9 0.78 0.729 0.789 0.806 0.839 0.839 0.882 0.915 0.825 0.771 0.755 0.928 0.96 0.875 0.81 0.562 0.179 0.205 0.104 0.09 -0.241 0.254 0.734 0.999 1.503 1.791 1.8 1.809 1.813 1.815 1.785 1.617 1.316 1.077 1.086 0.608
-2.521 -2.246 -1.807 -1.196 -0.518 -0.118 -0.737 -1.2 -1.663 -2.1 -2.538 -2.681 -1.93 -1.9 -1.61 -1.532 -1.009 -0.58 -0.905 -1.131 -0.903 -0.767 -0.463 0.114 0.302 0.595 0.795 0.857 0.855 0.919 1.093 1.371 1.554 1.581 -9 -9 -9 -9 -9 -9 -9 -9 0.682 0.628 0.522 0.496 0.576 0.748 0.838 0.898 0.903 0.939 0.892 0.607 0.4 0.317 0.098 -0.205 -0.378 -0.467 -0.526 -0.47 0.203 0.928 1.369 1.738 1.814 1.812 1.817 1.817 1.781 1.482 1.097 0.752 0.412 0.518 0.385
-2.703 -2.356 -1.68 -1.214 -0.654 -0.149 -0.672 -1.351 -1.81 -2.128 -2.219 -2.321 -2.22 -1.908 -1.488 -1.213 -0.689 -0.788 -1.046 -0.878 -0.525 -0.385 -0.089 0.311 0.444 0.611 0.78 0.98 0.966 1.032 1.148 1.38 1.551 1.592 -9 -9 -9 -9 -9 -9 -9 -9 -9 0.169 0.048 0.094 0.486 0.43 0.41 0.472 0.594 0.739 0.585 0.433 0.145 0.184 0.326 0.274 -0.179 -0.144 -0.314 -0.359 0.337 0.977 1.592 1.813 1.817 1.817 1.817 1.787 1.43 1.055 0.584 0.235 -0.11 0.139 0.173
-2.884 -2.294 -1.488 -0.888 -0.554 -0.31 -0.515 -1.198 -1.603 -1.647 -1.79 -2.014 -2.166 -1.84 -1.359 -1.028 -0.804 -0.941 -1.059 -0.9 -0.656 -0.372 -0.086 0.031 -0.052 0.051 0.419 0.646 0.473 0.56 0.804 1.175 1.489 1.601 -9 -9 -9 -9 -9 -9 -9 -9 -9 -9 -0.217 0.06 0.464 0.234 -0.08 0.154 0.494 0.734 0.794 0.467 0.398 0.477 0.864 0.454 -0.017 0.364 0.173 0.007 0.641 1.223 1.739 1.823 1.827 1.782 1.746 1.5 1.033 0.527 0.137 0.193 0.269 0.38 -0.003
-2.764 -2.027 -1.311 -0.632 -0.544 -0.723 -0.422 -0.722 -1.113 -1.246 -1.472 -1.856 -2.271 -2.028 -1.507 -1.051 -0.704 -0.551 -0.643 -0.934 -1.064 -0.921 -0.639 -0.462 -0.489 -0.33 0.061 0.129 -0.006 0.348 0.776 1.197 1.536 1.62 -9 -9 -9 -9 -9 -9 -9 -9 -9 -9 -9 0.197 0.118 0.176 -0.187 0.216 0.578 0.546 0.955 0.898 0.99 1.02 1.092 0.581 0.27 0.711 0.176 0.195 0.763 1.451 1.819 1.828 1.816 1.557 1.317 1.069 0.627 0.228 0.105 0.6 0.764 0.526 0.053
-2.437 -1.731 -1.237 -0.827 -0.989 -1.293 -0.675 -0.498 -1.167 -1.555 -1.568 -1.758 -2.111 -1.688 -1.152 -0.717 -0.546 -0.406 -0.222 -0.453 -0.753 -1.001 -0.77 -0.437 -0.394 -0.037 0.076 -0.113 -0.148 0.353 0.932 1.438 1.623 -9 -9 -9 -9 -9 -9 -9 -9 -9 -9 -9 -9 -0.236 -0.158 0.144 -0.142 0.324 0.361 0.349 0.836 0.704 1.009 0.891 1.223 0.851 0.305 0.868 0.595 0.427 0.959 1.55 1.827 1.831 1.699 1.241 0.91 0.822 0.576 0.361 0.342 0.825 0.831 0.448 -0.109
-2.444 -1.886 -1.594 -1.281 -1.496 -1.714 -0.875 -0.557 -1.05 -1.648 -1.872 -1.92 -2.024 -1.417 -0.959 -0.809 -0.936 -0.753 -0.233 0.042 -0.305 -0.746 -0.857 -0.456 -0.101 0.114 0.431 0.383 0.236 0.657 1.252 1.601 -9 -9 -9 -9 -9 -9 -9 -9 -9 -9 -9 -9 -9 -9 -0.328 0.108 -0.124 0.291 -0.062 0.416 0.629 0.409 0.753 0.656 1.174 0.928 0.613 0.844 1.149 0.685 0.897 1.5 1.826 1.836 1.662 1.062 0.747 0.574 0.509 0.482 0.771 1.072 0.799 0.316 -0.109
-2.72 -2.187 -1.888 -1.661 -1.762 -1.725 -0.906 -0.67 -1.095 -1.189 -1.702 -2.045 -1.936 -1.444 -1.226 -1.245 -1.074 -0.454 -0.241 0.314 -0.098 -0.6 -0.69 -0.286 -0.328 -0.135 0.525 0.865 0.817 1.014 1.506 1.634 -9 -9 -9 -9 -9 -9 -9 -9 -9 -9 -9 -9 -9 -9 -9 -0.281 -0.108 -0.122 -0.095 0.164 0.152 0.488 0.971 1.059 1.257 1.29 1.268 1.218 1.341 1.234 1.232 1.582 1.825 1.839 1.816 1.278 0.868 0.637 0.677 0.941 1.119 0.937 0.754 0.506 0.069
-2.948 -2.426 -2.106 -2.016 -1.965 -1.751 -0.995 -0.725 -1.363 -1.266 -1.398 -1.915 -1.936 -1.294 -1.182 -1.235 -0.759 0.102 0.312 0.614 0.254 -0.301 -0.117 0.197 0.09 0.209 0.629 1.103 1.22 1.312 1.557 -9 -9 -9 -9 -9 -9 -9 -9 -9 -9 -9 -9 -9 -9 -9 -9 -0.603 -0.51 -0.213 -0.185 -0.218 0.13 0.578 0.529 0.681 0.928 0.894 1.167 1.068 1.152 1.322 1.535 1.677 1.739 1.844 1.835 1.404 1.044 1.085 1.158 1.214 1.166 0.728 0.497 0.416 0.104
-2.901 -2.586 -2.385 -2.263 -1.969 -1.638 -1.042 -0.845 -1.541 -1.703 -1.298 -1.706 -1.994 -1.447 -0.874 -0.625 -0.278 0.406 0.467 0.61 0.772 0.404 0.437 0.437 0.728 0.937 1.084 1.095 0.747 0.94 -9 -9 -9 -9 -9 -9 -9 -9 -9 -9 -9 -9 -9 -9 -9 -9 -9 -9 -0.177 0.218 0.18 -0.267 -0.015 0.191 0.068 0.46 0.45 0.759 0.822 0.593 0.655 0.898 1.081 1.252 1.546 1.852 1.849 1.605 1.37 1.375 1.316 0.989 0.872 0.579 0.269 0.098 0.276
-2.591 -2.72 -2.666 -2.226 -1.932 -1.699 -1.199 -0.913 -1.527 -1.876 -1.642 -1.568 -1.922 -1.642 -1.006 -0.349 -0.003 -0.086 -0.186 -0.152 0.364 0.87 0.967 0.988 0.95 0.782 0.677 0.527 0.449 -9 -9 -9 -9 -9 -9 -9 -9 -9 -9 -9 -9 -9 -9 -9 -9 -9 -9 -9 -9 0.501 0.208 -0.41 -0.223 -0.042 0.021 0.291 0.347 0.594 0.569 0.487 0.555 0.679 0.766 0.915 1.391 1.843 1.856 1.777 1.498 1.31 1.237 0.998 0.786 0.485 0.088 0.239 0.597
-2.469 -2.657 -2.413 -2.269 -2.123 -1.748 -1.136 -0.909 -1.491 -1.943 -2.084 -1.739 -1.553 -1.402 -1.096 -0.191 -0.272 -0.682 -0.78 -0.583 -0.11 0.25 0.508 0.464 0.258 0.075 0.204 0.156 -9 -9 -9 -9 -9 -9 -9 -9 -9 -9 -9 -9 -9 -9 -9 -9 -9 -9 -9 -9 -9 -9 -9 -0.381 0.05 0.432 0.389 0.476 0.487 0.363 0.258 0.557 0.872 1.02 1.122 1.133 1.455 1.835 1.857 1.85 1.637 1.434 1.319 1.245 1.013 0.675 0.258 0.614 0.919
-2.617 -2.877 -2.494 -2.504 -2.264 -1.615 -1.316 -0.913 -1.246 -1.475 -1.767 -1.91 -1.406 -0.939 -0.561 -0.245 -0.516 -0.874 -1.144 -0.965 -0.669 -0.493 -0.107 -0.18 -0.018 0.277 0.745 -9 -9 -9 -9 -9 -9 -9 -9 -9 -9 -9 -9 -9 -9 -9 -9 -9 -9 -9 -9 -9 -9 -9 -9 -9 0.159 0.553 0.759 0.827 0.59 0.452 0.361 0.489 0.77 1.173 1.531 1.654 1.759 1.851 1.861 1.865 1.779 1.584 1.513 1.429 1.123 0.723 0.688 0.942 1.142
