data/climatemaps/RS_maps/climate_postbreed_tmp_2009.asc
NCOLS 369 
NROWS 228 
XLLCORNER 479000 
YLLCORNER 73000 
CELLSIZE 1000 
NODATA_value -9 
[rows 68 to 101 of 228, columns 231 to 307 of 369]
1.034 1.042 1.047 1.037 1.038 1.038 0.999 0.98 0.953 0.91 0.814 0.625 0.482 0.367 0.299 0.181 0.21 0.338 0.53 0.341 0.496 0.648 0.7 0.62 0.484 0.213 -0.107 -0.015 0.145 -0.116 -0.323 -0.408 -0.155 -0.02 -0.698 -0.857 -0.583 -0.564 -0.454 0.064 0.453 0.768 1.041 1.106 1.121 1.121 1.111 1.033 0.985 0.977 1.078 1.097 0.99 0.954 1.041 1.057 1.046 1.049 1.061 0.997 -9 -9 -9 -9 -9 -9 -9 -9 -9 -9 -9 -9 -9 -9 -9 -9 -9
1.07 1.086 1.084 1.081 1.09 1.115 1.114 1.086 1.046 1.003 0.935 0.802 0.628 0.535 0.383 0.144 0.046 0.201 0.52 0.302 0.328 0.532 0.676 0.679 0.542 0.217 -0.095 -0.123 -0.189 -0.415 -0.339 -0.075 0.262 0.019 -0.349 -0.251 -0.298 -0.329 0.001 0.332 0.617 0.902 1.072 1.112 1.123 1.122 1.1 1.031 1.039 1.094 1.111 1.001 0.678 0.613 0.831 0.965 1.05 1.077 1.08 1.065 -9 -9 -9 -9 -9 -9 -9 -9 -9 -9 -9 -9 -9 -9 -9 -9 -9
1.109 1.132 1.125 1.105 1.102 1.123 1.14 1.135 1.122 1.096 1.044 0.928 0.733 0.526 0.425 0.145 0.032 0.206 0.389 0.093 0.179 0.331 0.417 0.517 0.558 0.327 0.032 -0.359 -0.141 -0.02 0.021 0.214 0.251 0.071 0.071 0.06 0.03 0.135 0.179 0.404 0.697 0.992 1.091 1.116 1.127 1.125 1.115 1.108 1.113 1.113 1.006 0.646 0.257 0.413 0.731 0.741 0.873 0.979 1.051 1.073 -9 -9 -9 -9 -9 -9 -9 -9 -9 -9 -9 -9 -9 -9 -9 -9 -9
1.112 1.051 1.032 1.062 1.1 1.127 1.141 1.141 1.141 1.123 1.108 1.044 0.775 0.46 0.367 0.238 -0.01 0.107 0.055 -0.029 0.193 0.067 0.148 0.382 0.548 0.522 0.067 -0.156 -0.056 0.131 0.25 0.39 0.37 0.31 0.295 0.343 0.351 0.367 0.407 0.552 0.797 1.04 1.107 1.125 1.127 1.127 1.131 1.135 1.133 1.072 0.745 0.231 0.027 0.504 0.62 0.422 0.542 0.741 0.904 -9 -9 -9 -9 -9 -9 -9 -9 -9 -9 -9 -9 -9 -9 -9 -9 -9 -9
1.081 1.002 1.006 1.083 1.138 1.142 1.145 1.145 1.132 1.07 1.122 1.071 0.895 0.529 0.248 0.291 -0.003 -0.122 -0.233 -0.084 0.091 0.284 0.433 0.41 0.469 0.575 0.268 0.171 0.222 0.433 0.449 0.439 0.356 0.303 0.235 0.233 0.26 0.342 0.456 0.634 0.846 1.056 1.114 1.13 1.132 1.13 1.138 1.14 1.113 0.863 0.441 -0.141 0.043 0.516 0.497 0.099 0.21 0.566 0.771 -9 -9 -9 -9 -9 -9 -9 -9 -9 -9 -9 -9 -9 -9 -9 -9 -9 -9
1.099 1.09 1.095 1.099 1.144 1.146 1.147 1.147 1.085 1.024 1.137 1.115 1.019 0.648 0.286 -0.008 -0.058 -0.398 -0.23 0.045 0.187 0.249 0.244 0.018 0.181 0.22 0.465 0.48 0.445 0.302 0.152 0.13 0.1 0.095 -0.02 -0.026 0.001 0.098 0.286 0.542 0.804 1.04 1.121 1.134 1.139 1.136 1.141 1.134 1.02 0.606 0.098 -0.387 -0.032 0.513 0.183 -0.258 -0.085 0.286 0.424 -9 -9 -9 -9 -9 -9 -9 -9 -9 -9 -9 -9 -9 -9 -9 -9 -9 -9
1.106 1.111 1.123 1.131 1.147 1.147 1.147 1.147 1.096 1.089 1.147 1.142 1.078 0.759 0.335 -0.205 -0.28 -0.343 -0.297 -0.126 0.052 -0.034 -0.011 -0.075 -0.111 0.05 0.237 0.19 0.092 -0.105 -0.123 -0.158 -0.256 -0.243 -0.324 -0.226 -0.051 0.085 0.309 0.516 0.682 0.945 1.101 1.138 1.146 1.14 1.146 1.107 0.944 0.428 -0.342 -0.622 -0.117 0.461 -0.156 -0.495 -0.067 0.009 -0.094 0.299 0.624 0.407 0.427 -9 -9 -9 -9 -9 -9 -9 -9 -9 -9 -9 -9 -9 -9
1.066 1.078 1.094 1.08 1.084 1.098 1.128 1.143 1.145 1.149 1.154 1.154 1.102 0.702 0.069 -0.293 -0.112 -0.119 -0.369 -0.235 -0.05 -0.122 -0.226 -0.186 -0.075 0.093 -0.061 -0.307 -0.298 -0.311 -0.338 -0.476 -0.653 -0.572 -0.536 -0.3 0.041 0.179 0.187 0.188 0.446 0.752 0.854 1.057 1.145 1.146 1.147 1.046 0.813 0.198 -0.515 -0.279 0.235 0.196 -0.187 -0.567 -0.207 -0.192 -0.198 0.01 0.464 0.208 -0.101 -0.27 -0.001 0.376 0.589 -9 -9 -9 -9 -9 -9 -9 -9 -9 -9
0.901 0.772 0.727 0.692 0.677 0.825 0.997 1.074 1.142 1.156 1.155 1.157 1.083 0.511 -0.183 -0.138 0.203 -0.078 0.005 0.156 0.161 -0.021 -0.06 -0.208 -0.148 -0.227 -0.455 -0.591 -0.577 -0.582 -0.609 -0.819 -0.844 -0.677 -0.467 -0.176 0.134 -0.041 -0.34 -0.026 0.176 0.345 0.608 0.957 1.137 1.147 1.147 1.053 0.785 0.175 -0.436 -0.13 0.258 -0.216 -0.476 -0.686 -0.401 -0.257 -0.334 -0.142 0.354 0.181 -0.225 -0.46 -0.152 0.143 0.366 0.683 0.865 1.017 -9 -9 -9 -9 -9 -9 -9
0.81 0.41 0.277 0.302 0.27 0.294 0.567 0.671 0.823 1.076 1.157 1.16 1.046 0.426 0.101 0.366 0.553 0.207 0.433 0.449 0.247 0.101 0.025 -0.263 -0.442 -0.563 -0.567 -0.481 -0.424 -0.324 -0.236 -0.476 -0.646 -0.589 -0.459 -0.339 -0.174 -0.482 -0.666 -0.433 -0.172 0.122 0.549 0.851 1.067 1.148 1.148 1.11 0.723 -0.041 -0.491 -0.143 0.186 -0.134 -0.444 -0.602 -0.395 -0.436 -0.372 -0.016 0.166 -0.083 -0.388 -0.427 -0.251 0.009 0.313 0.655 0.647 0.845 0.936 0.968 0.971 0.767 -9 -9 -9
0.815 0.666 0.465 0.285 0.053 0.007 0.155 0.254 0.404 0.734 1.058 1.149 1.05 0.73 0.525 0.792 0.914 0.727 0.821 0.757 0.532 0.401 0.241 0.03 -0.057 -0.049 -0.012 0.127 0.175 0.32 0.503 0.424 0.15 -0.055 -0.162 -0.567 -0.746 -0.887 -0.804 -0.623 -0.298 0.206 0.44 0.675 1.02 1.161 1.151 1.146 0.805 0.129 -0.245 0.1 -0.097 -0.383 -0.262 -0.523 -0.587 -0.488 -0.005 0.033 -0.218 -0.371 -0.615 -0.379 -0.31 -0.193 0.281 0.558 0.131 0.382 0.29 0.411 0.978 0.812 0.205 -0.24 -0.286
0.764 0.616 0.578 0.408 0.182 -0.039 0 0.066 0.003 0.195 0.682 1.034 1.142 1.044 1.003 1.098 1.142 1.15 1.119 1.092 1.03 0.962 0.875 0.831 0.868 0.875 0.875 0.896 0.867 0.933 1.012 1.024 0.902 0.592 0.209 -0.496 -0.427 -0.629 -0.932 -0.512 -0.069 -0.104 0.22 0.618 1.036 1.159 1.162 1.156 0.97 0.426 0.042 0.077 -0.373 -0.644 -0.393 -0.563 -0.684 -0.281 0.092 -0.375 -0.491 -0.684 -0.598 -0.205 0.011 0.159 0.429 0.149 -0.39 -0.209 -0.271 -0.17 0.554 0.916 0.675 0.138 -0.227
0.662 0.514 0.382 0.357 0.243 -0.066 -0.124 -0.047 -0.01 0.142 0.407 0.84 1.138 1.149 1.164 1.156 1.074 0.959 0.964 1.065 1.13 1.179 1.189 1.183 1.177 1.175 1.182 1.184 1.172 1.18 1.187 1.19 1.17 1.082 0.656 -0.052 -0.076 -0.22 -0.59 -0.634 -0.385 -0.395 0.141 0.627 0.928 1.133 1.168 1.165 1.084 0.653 0.266 0.033 -0.267 -0.4 -0.457 -0.746 -0.648 -0.15 -0.022 -0.711 -0.727 -0.662 -0.413 -0.168 0.254 0.389 -0.069 0.106 -0.71 -0.734 -0.716 -0.326 0.526 0.94 0.84 0.287 -0.05
0.628 0.602 0.363 0.132 0.177 -0.17 -0.192 -0.067 -0.065 -0.047 0.15 0.625 1.074 1.16 1.096 0.9 0.693 0.579 0.608 0.699 0.862 1.007 1.078 1.108 1.131 1.154 1.163 1.154 1.093 1.155 1.155 1.052 1.193 1.191 1.121 0.484 0.164 -0.128 -0.339 -0.755 -0.718 -0.354 0.122 0.558 0.83 1.04 1.165 1.168 1.097 0.753 0.318 -0.106 -0.067 -0.31 -0.367 -0.746 -0.531 -0.042 -0.14 -0.694 -0.774 -0.567 -0.344 -0.057 0.384 0.066 -0.421 -0.338 -0.651 -1.083 -0.671 0.049 0.52 0.914 0.853 0.424 0.109
0.361 0.534 0.422 0.076 0.079 -0.134 -0.272 -0.129 -0.03 -0.008 0.087 0.329 0.934 1.156 0.932 0.522 0.178 0.162 0.261 0.362 0.585 0.6 0.73 0.702 0.897 0.791 0.874 0.936 0.851 0.719 0.646 0.702 0.875 1.128 1.185 0.962 0.328 -0.158 -0.327 -0.513 -0.761 -0.416 0.033 0.546 0.854 0.989 1.157 1.168 1.124 0.775 0.228 -0.332 -0.107 -0.479 -0.422 -0.582 -0.442 0.043 -0.193 -0.628 -0.874 -0.529 -0.142 0.121 0.335 -0.394 -0.846 -0.779 -0.931 -0.91 -0.38 0.007 0.454 0.839 0.939 0.787 0.575
0.227 0.506 0.513 0.236 -0.161 -0.286 -0.274 -0.15 -0.009 0.195 0.286 0.451 0.899 1.154 0.968 0.472 -0.06 -0.232 0.047 -0.061 0.291 0.056 0.242 0.287 0.717 0.264 0.343 0.508 0.531 0.137 0.207 0.395 0.677 1.027 1.169 1.154 0.842 0.351 -0.205 -0.282 -0.461 -0.247 0.153 0.58 0.908 1.065 1.164 1.167 1.097 0.643 0.13 -0.438 -0.249 -0.468 -0.711 -0.715 -0.492 0.026 -0.255 -0.702 -0.767 -0.41 -0.414 -0.362 0.188 -0.571 -1.171 -0.936 -0.796 -0.486 -0.317 -0.026 0.32 0.551 0.778 0.817 0.823
0.193 0.397 0.566 0.288 -0.359 -0.463 -0.301 0.048 0.236 0.345 0.386 0.348 0.951 1.154 1.046 0.523 0.115 -0.289 0.067 -0.539 -0.12 -0.366 -0.258 0.316 0.34 -0.159 -0.207 0.007 -0.022 -0.117 -0.036 0.153 0.525 0.821 1.047 1.144 1.129 0.895 0.299 -0.036 -0.371 -0.121 0.268 0.694 1.012 1.143 1.173 1.165 0.948 0.41 -0.184 -0.631 -0.397 -0.343 -0.809 -0.861 -0.424 -0.132 -0.316 -0.581 -0.813 -0.583 -0.765 -0.259 0.022 -0.473 -1.063 -0.68 -0.386 -0.236 -0.232 -0.096 -0.119 0.061 0.423 0.565 0.786
0.069 0.361 0.566 0.247 -0.195 -0.567 -0.346 0.174 0.156 0.047 -0.049 0.007 1.009 1.1 0.746 0.335 0.088 -0.26 -0.119 -0.84 -0.399 -0.531 -0.447 0.197 -0.224 -0.445 -0.533 -0.427 -0.408 -0.357 -0.178 0.203 0.457 0.547 0.749 0.901 1.079 1.145 0.954 0.365 -0.241 -0.192 0.285 0.813 1.097 1.168 1.174 1.106 0.483 -0.005 -0.104 -0.644 -0.738 -0.441 -0.746 -0.725 -0.373 -0.623 -0.632 -0.761 -1.201 -1.143 -0.962 -0.474 -0.542 -0.369 -0.886 -0.705 -0.435 -0.423 -0.659 -0.542 -0.518 -0.195 0.236 0.286 0.475
0.027 0.399 0.459 -0.022 -0.368 -0.557 -0.05 -0.067 -0.337 -0.528 -0.731 0.035 1.079 0.989 0.446 0.011 -0.371 -0.417 -0.313 -0.895 -0.546 -0.3 -0.249 0.119 -0.512 -0.795 -0.717 -0.634 -0.551 -0.366 -0.001 0.304 0.1 0.102 0.374 0.611 0.81 1.069 1.153 0.907 0.428 0.169 0.56 1.024 1.154 1.172 1.177 1.073 0.229 -0.337 -0.357 -0.466 -0.903 -0.82 -1.134 -0.936 -0.681 -1.011 -0.964 -1.263 -1.557 -1.517 -1.412 -1.082 -1.165 -0.676 -0.874 -0.854 -0.715 -0.471 -0.82 -0.747 -0.48 -0.089 -0.007 -0.125 0.169
-0.242 0.311 0.128 -0.309 -0.614 -0.358 -0.146 -0.481 -0.672 -0.782 -0.722 0.436 1.113 0.886 0.471 -0.029 -0.485 -0.604 -0.611 -0.62 -0.448 -0.606 -0.58 -0.008 -0.584 -0.946 -0.756 -0.51 -0.291 -0.076 0.224 0.012 -0.375 -0.262 0.018 0.304 0.564 0.781 1.029 1.121 1.033 0.841 1.019 1.16 1.145 1.072 1.063 1.054 0.439 -0.151 -0.702 -0.929 -1.088 -1.118 -0.888 -1.022 -1.017 -0.992 -0.765 -0.847 -1.122 -1.398 -1.541 -1.322 -1.048 -0.761 -0.909 -1.059 -0.833 -0.647 -0.901 -0.811 -0.342 -0.059 -0.429 -0.565 -0.099
-0.2 0.177 -0.117 -0.543 -0.796 -0.423 -0.567 -0.715 -0.675 -0.455 0.11 0.752 1.08 0.998 0.503 -0.001 -0.555 -0.899 -0.843 -0.58 -0.703 -0.811 -0.526 -0.19 -0.687 -0.94 -0.667 -0.451 -0.097 0.142 0.077 -0.467 -0.631 -0.415 -0.174 0.058 0.343 0.511 0.735 0.986 1.153 1.142 1.173 1.185 1.161 0.952 0.717 0.986 0.813 0.107 -0.74 -0.987 -0.83 -0.784 -0.657 -0.529 -0.581 -0.594 -0.368 -0.414 -0.589 -0.778 -1.056 -1.056 -0.904 -0.9 -1.03 -1.01 -0.925 -0.905 -0.814 -0.679 -0.347 -0.291 -0.768 -0.637 -0.225
-0.209 -0.326 -0.566 -0.776 -0.744 -0.503 -0.551 -0.396 -0.146 0.341 0.677 0.893 1.019 1.093 0.857 0.163 -0.618 -0.92 -1.02 -0.841 -0.736 -0.668 -0.531 -0.669 -0.893 -0.954 -0.77 -0.658 -0.315 0.034 -0.177 -0.841 -0.675 -0.36 -0.255 -0.192 0.089 0.388 0.66 0.81 1.079 1.172 1.187 1.188 1.185 1.163 0.937 0.703 0.868 0.631 0.141 -0.287 -0.844 -0.612 -0.425 -0.281 -0.151 -0.002 -0.109 -0.247 -0.322 -0.508 -0.643 -0.785 -0.863 -0.921 -0.828 -0.685 -0.878 -1.205 -0.98 -0.616 -0.497 -0.624 -1.001 -0.806 -0.538
-0.407 -0.536 -0.505 -0.263 -0.228 -0.296 -0.212 0.288 0.491 0.494 0.453 0.685 0.817 1.057 1.102 0.639 -0.208 -0.684 -1.1 -1.04 -0.719 -0.877 -0.924 -0.908 -0.932 -1.086 -0.999 -0.87 -0.5 -0.09 -0.439 -0.932 -0.569 -0.525 -0.494 -0.37 -0.049 0.5 0.389 0.429 0.909 1.104 1.181 1.19 1.193 1.188 1.175 1.075 0.887 0.813 0.419 -0.015 -0.594 -0.663 -0.613 -0.553 -0.332 0.088 0.134 -0.062 -0.225 -0.564 -0.771 -0.684 -0.706 -0.783 -0.462 -0.418 -0.768 -1.035 -1.189 -0.961 -1.033 -1.231 -1.05 -0.99 -0.827
-0.241 -0.165 0.205 0.379 0.412 0.39 0.406 0.531 0.45 0.154 0.067 -0.155 0.204 0.851 1.079 0.843 0.01 -0.623 -0.989 -1.142 -0.843 -0.918 -0.979 -0.718 -0.816 -1.139 -1.133 -0.951 -0.51 -0.412 -0.714 -0.876 -0.71 -0.751 -0.643 -0.413 0.184 0.556 0.052 0.058 0.596 0.806 0.969 1.058 1.156 1.185 1.182 1.159 1.056 0.965 0.647 0.346 -0.262 -0.593 -0.865 -0.729 -0.416 0.103 0.322 -0.093 -0.4 -0.759 -0.696 -0.355 -0.419 -0.487 -0.194 -0.162 -0.507 -0.68 -0.885 -1.111 -1.371 -0.991 -0.945 -1.148 -1.074
0.064 0.116 0.444 0.382 0.251 0.323 0.268 -0.181 -0.501 -0.648 -0.697 -0.749 -0.002 0.754 1.027 0.868 0.067 -0.492 -0.745 -1.046 -0.727 -0.478 -0.636 -0.447 -0.812 -1.031 -0.964 -0.97 -0.806 -0.888 -0.944 -1.002 -0.903 -0.789 -0.476 -0.035 0.486 0.127 -0.246 -0.212 0.248 0.472 0.497 0.625 0.773 1.039 1.153 1.174 1.152 1.095 0.892 0.594 0.092 -0.334 -0.769 -0.571 -0.195 0.239 0.439 0.063 -0.319 -0.665 -0.384 0.059 -0.189 -0.129 0.163 -0.046 -0.307 -0.65 -1.066 -0.98 -0.91 -0.684 -0.863 -1.215 -1.202
-0.346 -0.463 0.169 -0.13 -0.635 -0.605 -0.736 -1.182 -1.509 -1.394 -1.176 -0.437 0.282 0.8 1.031 0.823 0.26 0.041 -0.273 -0.713 -0.418 -0.059 -0.326 -0.505 -0.934 -0.645 -0.695 -1.077 -1.065 -1.095 -0.977 -0.859 -0.771 -0.589 -0.31 0.368 0.333 -0.24 -0.643 -0.474 -0.029 0.195 0.021 0.185 0.325 0.71 1.032 1.139 1.19 1.156 1.064 0.873 0.467 0.11 -0.242 -0.157 0.124 0.462 0.562 0.171 -0.116 -0.283 -0.09 0.341 -0.024 0.246 0.156 -0.264 -0.524 -0.649 -0.974 -0.951 -0.667 -0.454 -0.66 -1.044 -1.06
-0.824 -0.892 -0.379 -0.124 -0.53 -0.783 -1.235 -1.499 -1.653 -1.312 -0.851 -0.287 0.403 0.926 1.04 0.884 0.631 0.611 0.411 -0.021 0.047 -0.016 -0.541 -0.883 -0.972 -0.33 -0.622 -1.137 -0.873 -0.901 -1.059 -0.535 -0.224 -0.072 0.223 0.39 0.06 -0.372 -0.93 -0.791 -0.246 -0.277 -0.406 -0.189 0.1 0.649 0.856 0.925 1.138 1.187 1.156 1.064 0.834 0.487 0.204 0.287 0.436 0.704 0.655 0.455 0.318 0.141 0.318 0.528 0.414 0.514 0.329 0.021 -0.118 -0.449 -0.951 -0.797 -0.44 -0.528 -0.778 -1.043 -1.036
-1.048 -1.076 -0.775 -0.382 -0.208 -0.628 -1.145 -1.441 -1.347 -0.639 -0.373 0.032 0.684 1.026 0.837 0.699 0.196 0.197 0.541 0.578 0.476 0.014 -0.595 -0.948 -0.882 -0.198 -0.524 -1.015 -0.502 -0.709 -0.746 -0.286 0.166 0.289 0.323 0.108 -0.351 -0.533 -1.134 -1.051 -0.691 -0.715 -0.696 -0.423 0.068 0.711 0.597 0.523 0.882 1.13 1.184 1.142 1.076 0.815 0.57 0.608 0.797 0.974 0.964 0.843 0.761 0.629 0.701 0.704 0.502 0.228 0.105 0.09 -0.146 -0.472 -0.476 -0.321 -0.248 -0.671 -1.082 -1.191 -0.891
-1.044 -0.989 -0.818 -0.629 -0.606 -0.833 -1.184 -1.179 -0.888 -0.317 -0.078 0.422 0.937 0.852 0.458 0.473 -0.106 -0.424 0.03 0.367 0.674 0.181 -0.416 -0.611 -0.724 -0.158 -0.44 -0.884 -0.522 -0.267 -0.215 0.07 -0.045 -0.328 -0.296 0.086 -0.624 -0.739 -1.211 -1.212 -0.897 -0.754 -0.589 -0.243 0.18 0.699 0.332 0.208 0.415 0.846 1.148 1.177 1.156 1.087 0.921 0.767 0.914 0.965 0.899 0.894 1.002 0.924 0.647 0.308 0.048 -0.183 -0.322 -0.324 -0.285 -0.218 -0.062 -0.223 -0.33 -0.555 -1.035 -1.146 -0.852
-0.971 -0.986 -0.844 -0.714 -1.139 -1.049 -0.884 -0.656 -0.378 -0.058 0.288 0.8 0.917 0.535 0.154 0.344 -0.214 -0.755 -0.516 -0.211 0.388 0.513 -0.075 -0.247 -0.292 -0.025 -0.481 -0.907 -0.484 -0.039 -0.117 -0.227 -0.456 -0.756 -0.709 -0.132 -0.697 -1.102 -1.392 -1.157 -0.714 -0.303 -0.11 0.142 0.412 0.676 0.162 0.063 0.283 0.758 1.153 1.181 1.172 1.127 0.559 0.65 0.627 0.439 0.326 0.229 0.469 0.84 0.748 0.224 -0.007 -0.128 -0.424 -0.626 -0.486 -0.134 -0.082 -0.525 -0.667 -0.568 -0.885 -1.147 -0.934
-0.834 -1.124 -0.982 -1.007 -1.406 -1.217 -0.945 -0.706 -0.417 -0.186 0.465 0.957 0.619 0.032 -0.036 0.075 -0.295 -0.87 -0.925 -0.641 -0.098 0.602 0.361 0.174 0.073 -0.217 -0.903 -1.117 -0.506 -0.356 -0.731 -0.664 -0.736 -1.054 -0.818 -0.385 -0.752 -1.285 -1.458 -1.176 -0.711 -0.365 -0.18 -0.12 0.393 0.638 0.026 -0.095 0.332 0.84 1.18 1.187 1.18 1.068 0.497 0.57 0.352 -0.046 -0.07 -0.185 -0.106 0.37 0.862 0.555 0.259 0.087 -0.289 -0.609 -0.417 0.021 -0.162 -0.605 -0.871 -0.875 -0.852 -1.154 -1.105
-0.954 -1.155 -1.065 -1.149 -1.225 -1.113 -0.847 -0.609 -0.388 -0.122 0.605 0.892 0.225 -0.399 -0.215 -0.359 -0.42 -0.832 -0.767 -0.341 -0.029 0.537 0.306 -0.177 -0.507 -0.902 -1.084 -1.081 -0.66 -0.708 -1.025 -1.038 -1.139 -1.171 -0.888 -0.763 -1.015 -1.421 -1.254 -1.387 -1.083 -0.806 -0.784 -0.465 0.267 0.587 -0.166 -0.074 0.442 0.928 1.193 1.188 1.134 0.878 0.338 0.527 0.154 -0.22 -0.345 -0.218 0.031 0.422 0.873 0.68 0.28 -0.065 -0.287 -0.305 -0.033 0.162 -0.273 -0.781 -0.895 -1.204 -1.227 -1.336 -1.26
-0.891 -0.913 -0.931 -0.975 -0.985 -0.848 -0.531 -0.304 -0.154 0.26 0.868 0.675 0.015 -0.466 -0.386 -0.495 -0.581 -0.912 -0.94 -0.59 -0.194 0.463 0.146 -0.597 -0.837 -0.822 -0.872 -0.958 -0.747 -0.942 -1.192 -1.197 -1.099 -1.04 -0.935 -0.956 -1.071 -1.379 -0.999 -1.282 -1.164 -0.759 -0.672 -0.391 0.308 0.3 -0.321 0.046 0.486 0.986 1.191 1.184 1.051 0.753 0.29 0.385 0.217 -0.155 -0.365 -0.191 0.227 0.608 0.837 0.771 0.335 0.067 0.043 0.083 0.277 0.072 -0.405 -0.776 -0.969 -1.26 -1.362 -1.406 -1.242
-0.76 -0.749 -0.878 -1.089 -1.063 -0.68 -0.308 0.069 0.21 0.736 0.796 0.111 0.053 -0.39 -0.589 -0.744 -0.76 -1.013 -1.032 -0.747 -0.294 0.386 0.243 -0.438 -0.524 -0.547 -0.728 -1.176 -1.146 -1.199 -1.104 -0.943 -0.715 -0.631 -0.573 -0.618 -0.743 -1.142 -0.979 -0.855 -1.197 -0.886 -0.395 0.034 0.491 -0.166 -0.305 0.174 0.654 1.074 1.199 1.17 1.005 0.606 0.079 0.273 0.106 -0.268 -0.298 -0.007 0.396 0.524 0.599 0.791 0.687 0.536 0.47 0.485 0.428 0.169 -0.126 -0.402 -0.665 -0.982 -1.128 -1.189 -0.965
