data/climatemaps/RS_maps/climate_breeding_pr_2011.asc
NCOLS 369 
NROWS 228 
XLLCORNER 479000 
YLLCORNER 73000 
CELLSIZE 1000 
NODATA_value -9 
[rows 0 to 33 of 228, columns 228 to 303 of 369]
-9 -9 -9 -9 -9 -9 -9 -9 -9 -9 -9 -9 -9 -9 -9 -9 -9 -9 -9 -9 -9 -9 -9 -9 -9 -9 -9 -9 -9 -9 -9 -9 -9 -9 -9 -9 -9 -9 -9 -9 -9 -9 -9 -9 -9 -9 -9 -9 -9 -9 -9 -9 -9 -9 -9 -9 -9 -9 -9 -9 -9 -9 -9 -9 -9 -9 -9 -9 -9 -9 -9 -9 -9 -9 -9 -9
-1.34 -9 -9 -9 -9 -9 -9 -9 -9 -9 -9 -9 -9 -9 -9 -9 -9 -9 -9 -9 -9 -9 -9 -9 -9 -9 -9 -9 -9 -9 -9 -9 -9 -9 -9 -9 -9 -9 -9 -9 -9 -9 -9 -9 -9 -9 -9 -9 -9 -9 -9 -9 -9 -9 -9 -9 -9 -9 -9 -9 -9 -9 -9 -9 -9 -9 -9 -9 -9 -9 -9 -9 -9 -9 -9 -9
-1.385 -1.36 -9 -9 -9 -9 -9 -9 -9 -9 -9 -9 -9 -9 -9 -9 -9 -9 -9 -9 -9 -9 -9 -9 -9 -9 -9 -9 -9 -9 -9 -9 -9 -9 -9 -9 -9 -9 -9 -9 -9 -9 -9 -9 -9 -9 -9 -9 -9 -9 -9 -9 -9 -9 -9 -9 -9 -9 -9 -9 -9 -9 -9 -9 -9 -9 -9 -9 -9 -9 -9 -9 -9 -9 -9 -9
-1.418 -1.391 -1.358 -1.326 -9 -9 -9 -9 -9 -9 -9 -9 -9 -9 -9 -9 -9 -9 -9 -9 -9 -9 -9 -9 -9 -9 -9 -9 -9 -9 -9 -9 -9 -9 -9 -9 -9 -9 -9 -9 -9 -9 -9 -9 -9 -9 -9 -9 -9 -9 -9 -9 -9 -9 -9 -9 -9 -9 -9 -9 -9 -9 -9 -9 -9 -9 -9 -9 -9 -9 -9 -9 -9 -9 -9 -9
-1.437 -1.411 -1.376 -1.337 -1.291 -9 -9 -9 -9 -9 -9 -9 -9 -9 -9 -9 -9 -9 -9 -9 -9 -9 -9 -9 -9 -9 -9 -9 -9 -9 -9 -9 -9 -9 -9 -9 -9 -9 -9 -9 -9 -9 -9 -9 -9 -9 -9 -9 -9 -9 -9 -9 -9 -9 -9 -9 -9 -9 -9 -9 -9 -9 -9 -9 -9 -9 -9 -9 -9 -9 -9 -9 -9 -9 -9 -9
-1.444 -1.418 -1.38 -1.341 -1.298 -1.258 -9 -9 -9 -9 -9 -9 -9 -9 -9 -9 -9 -9 -9 -9 -9 -9 -9 -9 -9 -9 -9 -9 -9 -9 -9 -9 -9 -9 -9 -9 -9 -9 -9 -9 -9 -9 -9 -9 -9 -9 -9 -9 -9 -9 -9 -9 -9 -9 -9 -9 -9 -9 -9 -9 -9 -9 -9 -9 -9 -9 -9 -9 -9 -9 -9 -9 -9 -9 -9 -9
-1.442 -1.417 -1.379 -1.343 -1.308 -1.266 -1.238 -9 -1.233 -1.227 -1.231 -1.226 -1.22 -1.23 -1.253 -1.275 -1.289 -1.284 -1.257 -9 -9 -9 -9 -9 -9 -9 -9 -9 -9 -9 -9 -9 -9 -9 -9 -9 -9 -9 -9 -9 -9 -9 -9 -9 -9 -9 -9 -9 -9 -9 -9 -9 -9 -9 -9 -9 -9 -9 -9 -9 -9 -9 -9 -9 -9 -9 -9 -9 -9 -9 -9 -9 -9 -9 -9 -9
-1.435 -1.414 -1.382 -1.352 -1.323 -1.288 -1.261 -1.249 -1.24 -1.226 -1.218 -1.205 -1.188 -1.186 -1.206 -1.238 -1.263 -1.275 -1.269 -1.239 -1.198 -1.162 -1.132 -9 -9 -9 -9 -9 -9 -9 -9 -9 -9 -9 -9 -9 -9 -9 -9 -9 -9 -9 -9 -9 -9 -9 -9 -9 -9 -9 -9 -9 -9 -9 -9 -9 -9 -9 -9 -9 -9 -9 -9 -9 -9 -9 -9 -9 -9 -9 -9 -9 -9 -9 -9 -9
-1.428 -1.414 -1.391 -1.366 -1.344 -1.322 -1.301 -1.286 -1.272 -1.256 -1.236 -1.213 -1.188 -1.17 -1.169 -1.19 -1.222 -1.244 -1.254 -1.249 -1.229 -1.207 -1.183 -1.157 -1.137 -1.123 -1.103 -1.077 -1.05 -1.03 -1.027 -1.029 -9 -9 -9 -9 -9 -9 -9 -9 -9 -9 -9 -9 -9 -9 -9 -9 -9 -9 -9 -9 -9 -9 -9 -9 -9 -9 -9 -9 -9 -9 -9 -9 -9 -9 -9 -9 -9 -9 -9 -9 -9 -9 -9 -9
-1.423 -1.415 -1.398 -1.38 -1.368 -1.356 -1.343 -1.329 -1.313 -1.298 -1.276 -1.246 -1.212 -1.179 -1.16 -1.159 -1.173 -1.198 -1.224 -1.237 -1.239 -1.234 -1.221 -1.2 -1.178 -1.158 -1.137 -1.107 -1.075 -1.044 -1.028 -1.023 -1.015 -0.993 -0.94 -0.872 -9 -9 -9 -9 -9 -9 -9 -9 -9 -9 -9 -9 -9 -9 -9 -9 -9 -9 -9 -9 -9 -9 -9 -9 -9 -9 -9 -9 -9 -9 -9 -9 -9 -9 -9 -9 -9 -9 -9 -9
-1.419 -1.413 -1.402 -1.393 -1.388 -1.385 -1.379 -1.369 -1.354 -1.337 -1.318 -1.288 -1.253 -1.215 -1.18 -1.156 -1.151 -1.161 -1.181 -1.209 -1.227 -1.233 -1.232 -1.224 -1.208 -1.186 -1.162 -1.131 -1.098 -1.06 -1.033 -1.019 -1.011 -0.996 -0.958 -0.896 -0.822 -0.748 -9 -9 -9 -9 -9 -9 -9 -9 -9 -9 -9 -9 -9 -9 -9 -9 -9 -9 -9 -9 -9 -9 -9 -9 -9 -9 -9 -9 -9 -9 -9 -9 -9 -9 -9 -9 -9 -9
-1.409 -1.404 -1.4 -1.398 -1.401 -1.404 -1.403 -1.397 -1.387 -1.372 -1.352 -1.322 -1.287 -1.252 -1.21 -1.174 -1.153 -1.147 -1.154 -1.177 -1.201 -1.214 -1.221 -1.223 -1.218 -1.206 -1.184 -1.154 -1.119 -1.078 -1.041 -1.014 -1.001 -0.989 -0.965 -0.917 -0.848 -0.772 -0.683 -0.589 -9 -9 -9 -9 -9 -9 -9 -9 -9 -9 -9 -9 -9 -9 -9 -9 -9 -9 -9 -9 -9 -9 -9 -9 -9 -9 -9 -9 -9 -9 -9 -9 -9 -9 -9 -9
-1.39 -1.385 -1.385 -1.39 -1.398 -1.407 -1.411 -1.41 -1.405 -1.395 -1.379 -1.351 -1.317 -1.283 -1.247 -1.212 -1.183 -1.164 -1.157 -1.161 -1.172 -1.185 -1.197 -1.207 -1.21 -1.206 -1.193 -1.167 -1.128 -1.08 -1.037 -1.002 -0.982 -0.969 -0.956 -0.926 -0.872 -0.802 -0.719 -0.628 -0.542 -0.478 -9 -9 -9 -9 -9 -9 -9 -9 -9 -9 -9 -9 -9 -9 -9 -9 -9 -9 -9 -9 -9 -9 -9 -9 -9 -9 -9 -9 -9 -9 -9 -9 -9 -9
-1.363 -1.35 -1.35 -1.361 -1.375 -1.389 -1.399 -1.404 -1.405 -1.4 -1.39 -1.372 -1.345 -1.313 -1.28 -1.25 -1.218 -1.19 -1.173 -1.16 -1.153 -1.158 -1.167 -1.183 -1.191 -1.192 -1.185 -1.161 -1.117 -1.06 -1.009 -0.974 -0.954 -0.942 -0.936 -0.921 -0.884 -0.832 -0.767 -0.69 -0.613 -0.55 -0.521 -0.52 -9 -9 -9 -9 -9 -9 -9 -9 -9 -9 -9 -9 -9 -9 -9 -9 -9 -9 -9 -9 -9 -9 -9 -9 -9 -9 -9 -9 -9 -9 -9 -9
-1.328 -1.308 -1.303 -1.312 -1.329 -1.348 -1.365 -1.377 -1.386 -1.388 -1.384 -1.374 -1.356 -1.333 -1.305 -1.279 -1.251 -1.222 -1.194 -1.171 -1.155 -1.143 -1.143 -1.159 -1.168 -1.171 -1.167 -1.148 -1.102 -1.041 -0.981 -0.937 -0.917 -0.91 -0.908 -0.904 -0.88 -0.845 -0.803 -0.747 -0.687 -0.63 -0.591 -0.567 -0.564 -0.569 -9 -9 -9 -9 -9 -9 -9 -9 -9 -9 -9 -9 -9 -9 -9 -9 -9 -9 -9 -9 -9 -9 -9 -9 -9 -9 -9 -9 -9 -9
-1.28 -1.249 -1.238 -1.244 -1.261 -1.283 -1.305 -1.325 -1.347 -1.361 -1.366 -1.361 -1.349 -1.333 -1.316 -1.297 -1.277 -1.253 -1.224 -1.195 -1.171 -1.149 -1.134 -1.143 -1.149 -1.152 -1.149 -1.134 -1.098 -1.038 -0.975 -0.922 -0.891 -0.881 -0.88 -0.881 -0.867 -0.844 -0.817 -0.781 -0.738 -0.686 -0.643 -0.607 -0.589 -0.581 -0.573 -0.566 -9 -9 -9 -9 -9 -9 -9 -9 -9 -9 -9 -9 -9 -9 -9 -9 -9 -9 -9 -9 -9 -9 -9 -9 -9 -9 -9 -9
-1.225 -1.181 -1.156 -1.152 -1.164 -1.191 -1.224 -1.253 -1.291 -1.321 -1.336 -1.336 -1.328 -1.316 -1.304 -1.294 -1.283 -1.268 -1.245 -1.219 -1.194 -1.167 -1.141 -1.133 -1.137 -1.136 -1.132 -1.119 -1.092 -1.046 -0.988 -0.932 -0.892 -0.87 -0.86 -0.856 -0.849 -0.834 -0.818 -0.797 -0.771 -0.729 -0.684 -0.644 -0.613 -0.596 -0.582 -0.569 -0.567 -0.568 -9 -9 -9 -9 -9 -9 -9 -9 -9 -9 -9 -9 -9 -9 -9 -9 -9 -9 -9 -9 -9 -9 -9 -9 -9 -9
-1.196 -1.139 -1.101 -1.08 -1.082 -1.102 -1.14 -1.188 -1.238 -1.276 -1.297 -1.297 -1.288 -1.276 -1.268 -1.264 -1.263 -1.258 -1.247 -1.23 -1.209 -1.183 -1.154 -1.133 -1.127 -1.122 -1.118 -1.105 -1.083 -1.05 -1.006 -0.956 -0.911 -0.877 -0.854 -0.837 -0.83 -0.821 -0.812 -0.804 -0.786 -0.757 -0.712 -0.672 -0.636 -0.608 -0.592 -0.577 -0.565 -0.557 -0.555 -9 -9 -9 -9 -9 -9 -9 -9 -9 -9 -9 -9 -9 -9 -9 -9 -9 -9 -9 -9 -9 -9 -9 -9 -9
-1.18 -1.125 -1.083 -1.052 -1.043 -1.057 -1.094 -1.146 -1.202 -1.238 -1.25 -1.241 -1.223 -1.209 -1.204 -1.207 -1.216 -1.223 -1.225 -1.219 -1.207 -1.187 -1.164 -1.14 -1.123 -1.112 -1.108 -1.095 -1.075 -1.048 -1.015 -0.975 -0.937 -0.9 -0.867 -0.842 -0.827 -0.815 -0.809 -0.805 -0.792 -0.766 -0.726 -0.688 -0.65 -0.618 -0.598 -0.579 -0.561 -0.546 -0.536 -0.52 -0.492 -9 -9 -9 -9 -9 -9 -9 -9 -9 -9 -9 -9 -9 -9 -9 -9 -9 -9 -9 -9 -9 -9 -9
-1.18 -1.137 -1.095 -1.068 -1.056 -1.067 -1.097 -1.141 -1.182 -1.2 -1.19 -1.162 -1.129 -1.108 -1.105 -1.119 -1.142 -1.163 -1.178 -1.184 -1.183 -1.173 -1.158 -1.14 -1.122 -1.105 -1.098 -1.085 -1.067 -1.043 -1.015 -0.983 -0.951 -0.92 -0.89 -0.859 -0.836 -0.82 -0.808 -0.801 -0.789 -0.766 -0.729 -0.691 -0.653 -0.621 -0.597 -0.576 -0.553 -0.532 -0.516 -0.493 -0.459 -0.403 -9 -9 -9 -9 -9 -9 -9 -9 -9 -9 -9 -9 -9 -9 -9 -9 -9 -9 -9 -9 -9 -9
-1.186 -1.159 -1.127 -1.103 -1.094 -1.099 -1.117 -1.139 -1.155 -1.147 -1.109 -1.059 -1.011 -0.981 -0.982 -1.004 -1.039 -1.073 -1.104 -1.124 -1.136 -1.138 -1.133 -1.124 -1.113 -1.099 -1.087 -1.073 -1.055 -1.034 -1.01 -0.983 -0.955 -0.928 -0.9 -0.873 -0.846 -0.825 -0.808 -0.794 -0.779 -0.758 -0.728 -0.69 -0.651 -0.62 -0.594 -0.57 -0.542 -0.516 -0.496 -0.465 -0.425 -0.363 -0.272 -9 -9 -9 -9 -9 -9 -9 -9 -9 -9 -9 -9 -9 -9 -9 -9 -9 -9 -9 -9 -9
-1.182 -1.166 -1.147 -1.13 -1.121 -1.113 -1.109 -1.107 -1.1 -1.071 -1.016 -0.953 -0.896 -0.861 -0.861 -0.886 -0.921 -0.959 -0.996 -1.033 -1.062 -1.078 -1.086 -1.087 -1.084 -1.076 -1.065 -1.052 -1.037 -1.019 -0.998 -0.975 -0.951 -0.926 -0.901 -0.874 -0.848 -0.824 -0.802 -0.783 -0.765 -0.743 -0.717 -0.684 -0.648 -0.616 -0.588 -0.562 -0.531 -0.501 -0.476 -0.44 -0.392 -0.325 -0.235 -0.134 -9 -9 -9 -9 -9 -9 -9 -9 -9 -9 -9 -9 -9 -9 -9 -9 -9 -9 -9 -9
-1.143 -1.138 -1.132 -1.124 -1.108 -1.077 -1.059 -1.044 -1.028 -0.993 -0.934 -0.872 -0.813 -0.781 -0.771 -0.787 -0.818 -0.852 -0.885 -0.924 -0.963 -0.993 -1.015 -1.028 -1.034 -1.033 -1.028 -1.02 -1.009 -0.995 -0.978 -0.959 -0.939 -0.917 -0.894 -0.869 -0.844 -0.818 -0.794 -0.772 -0.75 -0.726 -0.7 -0.671 -0.639 -0.608 -0.58 -0.552 -0.522 -0.488 -0.458 -0.415 -0.364 -0.303 -0.221 -0.131 -0.05 0.012 -9 -9 -9 -9 -9 -9 -9 -9 -9 -9 -9 -9 -9 -9 -9 -9 -9 -9
-1.084 -1.08 -1.075 -1.074 -1.058 -1.025 -1.006 -0.989 -0.97 -0.938 -0.888 -0.834 -0.785 -0.754 -0.74 -0.742 -0.754 -0.777 -0.802 -0.83 -0.862 -0.896 -0.924 -0.945 -0.96 -0.969 -0.971 -0.971 -0.967 -0.959 -0.947 -0.933 -0.917 -0.9 -0.88 -0.858 -0.834 -0.81 -0.785 -0.761 -0.737 -0.711 -0.684 -0.656 -0.626 -0.596 -0.568 -0.54 -0.511 -0.478 -0.442 -0.394 -0.343 -0.292 -0.229 -0.15 -0.066 0.022 0.086 -9 -9 -9 -9 -9 -9 -9 -9 -9 -9 -9 -9 -9 -9 -9 -9 -9
-1.033 -1.025 -1.016 -1.014 -1.002 -0.98 -0.967 -0.955 -0.94 -0.914 -0.882 -0.843 -0.807 -0.778 -0.761 -0.754 -0.753 -0.756 -0.76 -0.771 -0.79 -0.813 -0.838 -0.857 -0.875 -0.885 -0.893 -0.9 -0.904 -0.906 -0.904 -0.898 -0.888 -0.876 -0.861 -0.842 -0.821 -0.798 -0.774 -0.75 -0.725 -0.698 -0.671 -0.642 -0.613 -0.584 -0.556 -0.528 -0.5 -0.467 -0.428 -0.38 -0.335 -0.293 -0.235 -0.143 -0.048 0.035 0.111 0.163 0.198 -9 -9 -9 -9 -9 -9 -9 -9 -9 -9 -9 -9 -9 -9 -9
-1.005 -0.988 -0.97 -0.961 -0.96 -0.952 -0.946 -0.945 -0.938 -0.928 -0.912 -0.893 -0.869 -0.85 -0.832 -0.815 -0.797 -0.777 -0.758 -0.746 -0.745 -0.751 -0.763 -0.777 -0.791 -0.801 -0.809 -0.819 -0.829 -0.84 -0.847 -0.851 -0.851 -0.846 -0.835 -0.821 -0.803 -0.783 -0.761 -0.738 -0.713 -0.687 -0.66 -0.631 -0.602 -0.573 -0.545 -0.518 -0.489 -0.458 -0.421 -0.379 -0.34 -0.298 -0.244 -0.159 -0.067 0.02 0.099 0.156 0.193 0.218 -9 -9 -9 -9 -9 -9 -9 -9 -9 -9 -9 -9 -9 -9
-1.018 -0.984 -0.954 -0.942 -0.947 -0.946 -0.953 -0.959 -0.965 -0.968 -0.965 -0.963 -0.952 -0.938 -0.919 -0.894 -0.865 -0.828 -0.787 -0.75 -0.723 -0.707 -0.7 -0.707 -0.717 -0.725 -0.732 -0.741 -0.754 -0.769 -0.785 -0.798 -0.807 -0.809 -0.805 -0.794 -0.781 -0.764 -0.746 -0.725 -0.702 -0.677 -0.65 -0.622 -0.594 -0.566 -0.538 -0.51 -0.482 -0.451 -0.417 -0.38 -0.343 -0.305 -0.259 -0.193 -0.105 -0.019 0.061 0.124 0.166 0.193 -9 -9 -9 -9 -9 -9 -9 -9 -9 -9 -9 -9 -9 -9
-1.065 -1.029 -0.997 -0.98 -0.974 -0.979 -0.994 -1.002 -1.012 -1.019 -1.022 -1.021 -1.016 -1.007 -0.992 -0.967 -0.928 -0.878 -0.817 -0.754 -0.703 -0.67 -0.652 -0.652 -0.659 -0.666 -0.672 -0.676 -0.687 -0.703 -0.72 -0.74 -0.756 -0.765 -0.769 -0.764 -0.755 -0.742 -0.727 -0.71 -0.69 -0.667 -0.641 -0.615 -0.587 -0.56 -0.533 -0.505 -0.477 -0.447 -0.415 -0.38 -0.346 -0.312 -0.276 -0.22 -0.145 -0.066 0.009 0.076 0.124 0.154 0.18 -9 -9 -9 -9 -9 -9 -9 -9 -9 -9 -9 -9 -9
-1.102 -1.079 -1.058 -1.042 -1.034 -1.038 -1.043 -1.048 -1.049 -1.048 -1.048 -1.049 -1.049 -1.047 -1.041 -1.019 -0.973 -0.903 -0.83 -0.753 -0.686 -0.646 -0.631 -0.627 -0.632 -0.635 -0.635 -0.633 -0.641 -0.653 -0.667 -0.687 -0.703 -0.716 -0.726 -0.728 -0.725 -0.717 -0.706 -0.692 -0.675 -0.655 -0.631 -0.606 -0.58 -0.554 -0.527 -0.5 -0.472 -0.442 -0.411 -0.38 -0.349 -0.319 -0.287 -0.244 -0.181 -0.114 -0.045 0.023 0.074 0.109 0.136 0.166 -9 -9 -9 -9 -9 -9 -9 -9 -9 -9 -9 -9
-1.149 -1.129 -1.111 -1.099 -1.091 -1.085 -1.079 -1.067 -1.051 -1.035 -1.026 -1.028 -1.039 -1.049 -1.051 -1.04 -1.003 -0.931 -0.852 -0.773 -0.704 -0.662 -0.647 -0.642 -0.64 -0.638 -0.631 -0.623 -0.623 -0.63 -0.64 -0.657 -0.669 -0.679 -0.686 -0.688 -0.688 -0.687 -0.682 -0.671 -0.658 -0.64 -0.619 -0.596 -0.571 -0.546 -0.521 -0.494 -0.466 -0.436 -0.406 -0.377 -0.349 -0.322 -0.295 -0.26 -0.212 -0.158 -0.098 -0.033 0.021 0.059 0.086 0.117 -9 -9 -9 -9 -9 -9 -9 -9 -9 -9 -9 -9
-1.198 -1.179 -1.162 -1.148 -1.133 -1.115 -1.088 -1.05 -1.005 -0.966 -0.947 -0.95 -0.971 -1.001 -1.022 -1.027 -1.013 -0.97 -0.901 -0.83 -0.769 -0.728 -0.708 -0.697 -0.688 -0.676 -0.659 -0.641 -0.631 -0.627 -0.632 -0.646 -0.655 -0.659 -0.658 -0.652 -0.651 -0.652 -0.653 -0.648 -0.637 -0.622 -0.604 -0.583 -0.561 -0.537 -0.512 -0.486 -0.459 -0.43 -0.401 -0.372 -0.346 -0.321 -0.297 -0.269 -0.234 -0.189 -0.137 -0.078 -0.026 0.015 0.044 0.072 -9 -9 -9 -9 -9 -9 -9 -9 -9 -9 -9 -9
-1.219 -1.204 -1.189 -1.173 -1.15 -1.116 -1.067 -0.998 -0.924 -0.867 -0.843 -0.85 -0.879 -0.924 -0.966 -0.987 -0.99 -0.972 -0.934 -0.885 -0.84 -0.805 -0.779 -0.76 -0.741 -0.717 -0.691 -0.663 -0.645 -0.636 -0.634 -0.639 -0.644 -0.644 -0.639 -0.629 -0.625 -0.625 -0.626 -0.624 -0.616 -0.603 -0.587 -0.568 -0.548 -0.526 -0.503 -0.478 -0.451 -0.423 -0.394 -0.367 -0.342 -0.319 -0.298 -0.274 -0.245 -0.206 -0.159 -0.105 -0.055 -0.012 0.021 0.045 0.075 0.117 -9 -9 -9 -9 -9 -9 -9 -9 -9 -9
-1.214 -1.204 -1.194 -1.175 -1.141 -1.096 -1.036 -0.957 -0.873 -0.8 -0.767 -0.776 -0.81 -0.859 -0.903 -0.929 -0.943 -0.939 -0.921 -0.895 -0.866 -0.839 -0.816 -0.793 -0.768 -0.738 -0.709 -0.677 -0.651 -0.633 -0.623 -0.621 -0.623 -0.622 -0.619 -0.61 -0.605 -0.603 -0.602 -0.599 -0.592 -0.582 -0.568 -0.551 -0.533 -0.514 -0.492 -0.468 -0.442 -0.415 -0.388 -0.362 -0.339 -0.317 -0.297 -0.275 -0.249 -0.213 -0.168 -0.116 -0.065 -0.019 0.014 0.039 0.063 0.098 0.159 -9 -9 -9 -9 -9 -9 -9 -9 -9
-1.183 -1.176 -1.175 -1.159 -1.127 -1.081 -1.023 -0.95 -0.863 -0.782 -0.736 -0.736 -0.769 -0.814 -0.847 -0.868 -0.877 -0.879 -0.87 -0.859 -0.844 -0.83 -0.813 -0.792 -0.763 -0.735 -0.705 -0.663 -0.626 -0.6 -0.589 -0.585 -0.585 -0.586 -0.583 -0.581 -0.578 -0.575 -0.573 -0.571 -0.567 -0.558 -0.546 -0.533 -0.517 -0.499 -0.48 -0.457 -0.433 -0.408 -0.382 -0.358 -0.336 -0.315 -0.296 -0.276 -0.25 -0.215 -0.169 -0.117 -0.064 -0.016 0.02 0.046 0.068 0.099 0.161 0.307 0.611 -9 -9 -9 -9 -9 -9 -9
