data/climatemaps/RS_maps/climate_breeding_tmp_2003.asc
NCOLS 369 
NROWS 228 
XLLCORNER 479000 
YLLCORNER 73000 
CELLSIZE 1000 
NODATA_value -9 
[rows 102 to 135 of 228, columns 0 to 76 of 369]
-9 -9 -9 -9 -9 -9 -9 -9 -9 -9 -9 -9 -9 -9 -9 -9 -9 -9 -9 -9 -9 -9 -9 -9 -9 -9 -9 -9 -9 -9 -9 -9 0.74 0.728 0.708 0.797 0.829 0.829 0.806 0.743 0.618 0.506 0.534 0.556 0.532 0.416 0.325 0.318 0.35 0.375 0.343 0.334 0.332 0.342 0.339 0.339 0.393 0.453 0.598 0.691 0.689 0.844 0.9 0.852 0.666 0.264 0.204 0.201 0.099 0.125 0.295 0.719 1.033 1.227 1.253 1.298 1.339
-9 -9 -9 -9 -9 -9 -9 -9 -9 -9 -9 -9 -9 -9 -9 -9 -9 -9 -9 -9 -9 -9 -9 -9 -9 -9 -9 -9 -9 -9 -9 -9 0.732 0.744 0.793 0.825 0.829 0.825 0.778 0.62 0.552 0.586 0.574 0.494 0.37 0.335 0.299 0.322 0.352 0.401 0.438 0.428 0.416 0.413 0.394 0.351 0.433 0.61 0.754 0.861 0.867 0.801 0.729 0.502 0.268 0.105 0 0.017 0.138 0.417 0.689 0.97 1.145 1.284 1.303 1.341 1.349
-9 -9 -9 -9 -9 -9 -9 -9 -9 -9 -9 -9 -9 -9 -9 -9 -9 -9 -9 -9 -9 -9 -9 -9 -9 -9 -9 -9 -9 -9 -9 -9 0.772 0.8 0.828 0.829 0.827 0.815 0.76 0.633 0.643 0.606 0.493 0.33 0.265 0.31 0.346 0.404 0.495 0.556 0.563 0.527 0.521 0.555 0.572 0.45 0.695 0.858 0.894 0.828 0.674 0.503 0.401 0.267 0.181 0.112 0.068 0.208 0.526 0.81 0.992 1.126 1.245 1.34 1.358 1.358 1.357
-9 -9 -9 -9 -9 -9 -9 -9 -9 -9 -9 -9 -9 -9 -9 -9 -9 -9 -9 -9 -9 -9 -9 -9 -9 -9 -9 -9 -9 -9 -9 -9 0.815 0.826 0.829 0.829 0.826 0.807 0.782 0.723 0.646 0.55 0.362 0.28 0.327 0.428 0.518 0.587 0.609 0.576 0.527 0.499 0.529 0.679 0.764 0.715 0.891 0.917 0.844 0.621 0.437 0.354 0.248 0.188 0.176 0.131 0.255 0.619 0.857 1.018 1.146 1.24 1.34 1.359 1.359 1.359 1.359
-9 -9 -9 -9 -9 -9 -9 -9 -9 -9 -9 -9 -9 -9 -9 -9 -9 -9 -9 -9 -9 -9 -9 -9 -9 -9 -9 -9 -9 -9 -9 -9 -9 0.829 0.829 0.829 0.822 0.796 0.758 0.743 0.559 0.441 0.367 0.387 0.469 0.596 0.596 0.514 0.453 0.396 0.354 0.359 0.439 0.614 0.764 0.886 0.81 0.787 0.647 0.457 0.354 0.254 0.151 0.21 0.278 0.291 0.576 0.869 1.031 1.154 1.261 1.338 1.364 1.365 1.364 1.364 1.363
-9 -9 -9 -9 -9 -9 -9 -9 -9 -9 -9 -9 -9 -9 -9 -9 -9 -9 -9 -9 -9 -9 -9 -9 -9 -9 -9 -9 -9 -9 -9 -9 -9 0.824 0.811 0.811 0.793 0.68 0.666 0.644 0.471 0.432 0.466 0.535 0.609 0.548 0.394 0.334 0.302 0.293 0.327 0.432 0.616 0.753 0.753 0.668 0.523 0.517 0.341 0.279 0.262 0.22 0.263 0.367 0.441 0.573 0.82 0.985 1.116 1.248 1.339 1.366 1.368 1.368 1.368 1.367 1.365
-9 -9 -9 -9 -9 -9 -9 -9 -9 -9 -9 -9 -9 -9 -9 -9 -9 -9 -9 -9 -9 -9 -9 -9 -9 -9 -9 -9 -9 -9 -9 -9 -9 0.789 0.788 0.734 0.626 0.561 0.583 0.724 0.535 0.56 0.629 0.634 0.506 0.358 0.292 0.318 0.332 0.378 0.462 0.63 0.618 0.54 0.403 0.241 0.218 0.282 0.197 0.203 0.232 0.281 0.355 0.39 0.406 0.571 0.881 1.045 1.181 1.326 1.369 1.37 1.37 1.37 1.37 1.368 1.368
-9 -9 -9 -9 -9 -9 -9 -9 -9 -9 -9 -9 -9 -9 -9 -9 -9 -9 -9 -9 -9 -9 -9 -9 -9 -9 -9 -9 -9 -9 -9 -9 -9 0.655 0.642 0.585 0.564 0.549 0.597 0.722 0.723 0.686 0.594 0.468 0.356 0.321 0.332 0.379 0.431 0.51 0.569 0.558 0.224 0.163 0.111 0.022 0.104 0.159 0.163 0.195 0.187 0.241 0.284 0.264 0.311 0.613 0.941 1.09 1.251 1.368 1.372 1.373 1.373 1.373 1.373 1.371 1.371
-9 -9 -9 -9 -9 -9 -9 -9 -9 -9 -9 -9 -9 -9 -9 -9 -9 -9 -9 -9 -9 -9 -9 -9 -9 -9 -9 -9 -9 -9 -9 -9 -9 0.597 0.595 0.585 0.596 0.654 0.72 0.731 0.629 0.539 0.403 0.314 0.339 0.372 0.43 0.461 0.512 0.467 0.53 0.207 0.084 -0.016 0.023 0.091 0.238 0.234 0.185 0.245 0.265 0.442 0.522 0.583 0.737 0.95 1.099 1.19 1.327 1.376 1.376 1.376 1.376 1.376 1.376 1.374 1.369
-9 -9 -9 -9 -9 -9 -9 -9 -9 -9 -9 -9 -9 -9 -9 -9 -9 -9 -9 -9 -9 -9 -9 -9 -9 -9 -9 -9 -9 -9 -9 -9 -9 0.607 0.66 0.689 0.734 0.736 0.615 0.668 0.479 0.366 0.357 0.318 0.347 0.399 0.458 0.477 0.431 0.391 0.435 0.254 -0.044 -0.007 0.17 0.278 0.277 0.338 0.454 0.578 0.675 0.764 0.848 1.001 1.158 1.248 1.304 1.346 1.376 1.381 1.378 1.378 1.378 1.378 1.378 1.372 1.344
-9 -9 -9 -9 -9 -9 -9 -9 -9 -9 -9 -9 -9 -9 -9 -9 -9 -9 -9 -9 -9 -9 -9 -9 -9 -9 -9 -9 -9 -9 -9 -9 0.602 0.664 0.665 0.675 0.731 0.684 0.6 0.596 0.498 0.442 0.413 0.363 0.318 0.354 0.414 0.396 0.379 0.398 0.222 -0.002 -0.051 0.14 0.28 0.302 0.367 0.667 0.894 0.949 0.975 1.018 1.119 1.239 1.309 1.353 1.378 1.382 1.383 1.387 1.383 1.382 1.382 1.382 1.376 1.345 1.313
-9 -9 -9 -9 -9 -9 -9 -9 -9 -9 -9 -9 -9 -9 -9 -9 -9 -9 -9 -9 -9 -9 -9 -9 -9 -9 -9 -9 -9 -9 -9 -9 0.665 0.661 0.629 0.694 0.743 0.668 0.569 0.559 0.46 0.447 0.411 0.365 0.359 0.388 0.427 0.444 0.445 0.315 0.1 0.008 0.142 0.289 0.375 0.577 0.888 1.069 1.139 1.191 1.226 1.272 1.326 1.329 1.352 1.386 1.388 1.388 1.388 1.387 1.383 1.383 1.383 1.353 1.315 1.307 1.308
-9 -9 -9 -9 -9 -9 -9 -9 -9 -9 -9 -9 -9 -9 -9 -9 -9 -9 -9 -9 -9 -9 -9 -9 -9 -9 -9 -9 -9 -9 -9 -9 0.683 0.643 0.675 0.76 0.714 0.562 0.507 0.526 0.416 0.385 0.34 0.337 0.386 0.441 0.471 0.454 0.393 0.354 0.261 0.313 0.351 0.448 0.747 1.08 1.176 1.207 1.225 1.27 1.313 1.342 1.364 1.376 1.385 1.388 1.391 1.393 1.393 1.388 1.388 1.386 1.325 1.203 1.2 1.275 1.301
-9 -9 -9 -9 -9 -9 -9 -9 -9 -9 -9 -9 -9 -9 -9 -9 -9 -9 -9 -9 -9 -9 -9 -9 -9 -9 -9 -9 -9 -9 -9 0.698 0.668 0.663 0.745 0.752 0.612 0.501 0.465 0.493 0.352 0.299 0.301 0.338 0.41 0.434 0.441 0.393 0.347 0.475 0.5 0.564 0.589 0.763 1.108 1.173 1.145 1.186 1.242 1.291 1.329 1.357 1.377 1.388 1.393 1.393 1.393 1.393 1.393 1.388 1.387 1.35 1.166 1.154 1.19 1.209 1.278
-9 -9 -9 -9 -9 -9 -9 -9 -9 -9 -9 -9 -9 -9 -9 -9 -9 -9 -9 -9 -9 -9 -9 -9 -9 -9 -9 -9 -9 0.679 0.747 0.722 0.677 0.729 0.758 0.669 0.517 0.468 0.49 0.464 0.327 0.261 0.281 0.329 0.389 0.396 0.349 0.274 0.342 0.404 0.426 0.505 0.879 1.092 1.174 1.17 1.185 1.211 1.255 1.292 1.339 1.378 1.389 1.392 1.393 1.392 1.39 1.392 1.389 1.385 1.347 1.202 1.103 1.143 1.161 1.224 1.24
-9 -9 -9 -9 -9 -9 -9 -9 -9 -9 -9 -9 -9 -9 -9 -9 -9 -9 -9 -9 -9 -9 -9 -9 -9 -9 -9 -9 0.607 0.669 0.686 0.749 0.722 0.762 0.674 0.554 0.482 0.465 0.497 0.472 0.296 0.215 0.251 0.325 0.347 0.293 0.222 0.142 0.201 0.361 0.515 0.648 1.041 1.167 1.211 1.23 1.264 1.283 1.308 1.349 1.383 1.386 1.393 1.393 1.375 1.371 1.373 1.386 1.379 1.335 1.184 1.097 1.107 1.137 1.158 1.187 1.155
-9 -9 -9 -9 -9 -9 -9 -9 -9 -9 -9 -9 -9 -9 -9 -9 -9 -9 -9 -9 -9 -9 -9 -9 -9 -9 0.493 0.581 0.592 0.581 0.664 0.717 0.761 0.716 0.563 0.492 0.486 0.541 0.527 0.491 0.315 0.267 0.306 0.295 0.282 0.248 0.214 0.113 0.242 0.571 0.89 0.997 1.114 1.192 1.237 1.287 1.316 1.33 1.354 1.375 1.384 1.392 1.378 1.342 1.302 1.31 1.353 1.359 1.308 1.187 1.062 1.07 1.1 1.1 1.174 1.098 1.073
-9 -9 -9 -9 -9 -9 -9 -9 -9 -9 -9 -9 -9 -9 -9 -9 -9 -9 -9 -9 -9 -9 -9 -9 -9 0.479 0.535 0.54 0.545 0.581 0.63 0.738 0.761 0.688 0.597 0.548 0.573 0.616 0.55 0.508 0.394 0.351 0.369 0.33 0.336 0.316 0.181 0.11 0.391 0.815 1.066 1.096 1.143 1.202 1.251 1.318 1.279 1.324 1.373 1.374 1.378 1.368 1.303 1.212 1.24 1.29 1.324 1.278 1.201 1.105 1.052 1.05 1.055 1.126 1.119 1.02 1.053
-9 -9 -9 -9 -9 -9 -9 -9 -9 -9 -9 -9 -9 -9 -9 -9 -9 -9 -9 -9 -9 -9 -9 0.536 0.502 0.489 0.452 0.52 0.581 0.666 0.712 0.787 0.743 0.657 0.59 0.576 0.638 0.618 0.568 0.515 0.463 0.434 0.462 0.48 0.402 0.191 0 0.159 0.643 1.006 1.107 1.13 1.204 1.257 1.314 1.319 1.256 1.329 1.378 1.377 1.369 1.306 1.205 1.164 1.226 1.244 1.259 1.19 1.163 1.103 1.067 1.024 1.066 1.121 1.057 0.995 1.115
-9 -9 -9 -9 -9 -9 -9 -9 -9 -9 -9 -9 -9 -9 -9 -9 -9 -9 -9 -9 -9 -9 0.569 0.484 0.486 0.461 0.466 0.592 0.673 0.723 0.763 0.737 0.694 0.65 0.618 0.664 0.617 0.51 0.397 0.458 0.538 0.583 0.492 0.331 0.132 0.102 0.122 0.459 0.879 1.084 1.122 1.165 1.252 1.293 1.353 1.346 1.341 1.368 1.378 1.375 1.349 1.262 1.186 1.199 1.157 1.156 1.221 1.142 1.119 1.054 1.045 1.032 1.071 1.077 1.03 1.071 1.184
-9 -9 -9 -9 -9 -9 -9 -9 -9 -9 -9 -9 -9 -9 -9 -9 -9 -9 -9 -9 -9 0.601 0.545 0.473 0.439 0.48 0.537 0.62 0.631 0.64 0.681 0.629 0.584 0.625 0.691 0.641 0.502 0.23 0.241 0.504 0.681 0.488 0.3 0.208 0.138 0.245 0.474 0.825 1.028 1.135 1.182 1.246 1.286 1.338 1.362 1.367 1.373 1.373 1.372 1.346 1.305 1.244 1.208 1.171 1.148 1.221 1.182 1.125 1.063 1.018 1.029 1.045 1.063 1.072 1.086 1.167 1.168
-9 -9 -9 -9 -9 -9 -9 -9 -9 -9 -9 -9 -9 -9 -9 -9 -9 -9 -9 -9 0.605 0.551 0.533 0.452 0.406 0.518 0.565 0.555 0.574 0.619 0.669 0.641 0.646 0.667 0.592 0.485 0.368 0.189 0.243 0.653 0.618 0.377 0.371 0.392 0.434 0.649 0.812 0.951 1.059 1.128 1.198 1.27 1.325 1.361 1.363 1.37 1.373 1.357 1.293 1.283 1.269 1.212 1.171 1.156 1.221 1.26 1.137 1.076 0.995 0.997 1.031 1.036 1.037 1.069 1.127 1.092 1.12
-9 -9 -9 -9 -9 -9 -9 -9 -9 -9 -9 -9 -9 -9 -9 -9 -9 -9 -9 0.603 0.566 0.486 0.445 0.397 0.457 0.509 0.511 0.552 0.61 0.665 0.652 0.624 0.588 0.53 0.433 0.318 0.233 0.123 0.267 0.605 0.725 0.619 0.556 0.621 0.768 0.905 0.951 0.983 1.062 1.128 1.222 1.275 1.347 1.358 1.362 1.362 1.262 1.255 1.214 1.252 1.221 1.166 1.121 1.157 1.242 1.231 1.106 1.041 0.966 0.976 0.994 0.966 1.027 1.074 1.075 1.054 1.157
-9 -9 -9 -9 -9 -9 -9 -9 -9 -9 -9 -9 -9 -9 -9 -9 -9 -9 0.623 0.531 0.411 0.364 0.409 0.463 0.543 0.507 0.546 0.611 0.65 0.65 0.562 0.464 0.397 0.372 0.324 0.258 0.185 0.098 0.173 0.53 0.788 0.768 0.794 0.853 0.916 0.969 1.044 1.068 1.113 1.157 1.249 1.303 1.348 1.353 1.357 1.321 1.173 1.172 1.153 1.212 1.155 1.072 1.071 1.157 1.246 1.191 1.107 0.982 0.891 0.898 0.905 0.974 1.001 1.002 1.065 1.078 1.232
-9 -9 -9 -9 -9 -9 -9 -9 -9 -9 -9 -9 -9 -9 -9 -9 -9 0.663 0.547 0.386 0.355 0.421 0.488 0.535 0.545 0.589 0.63 0.63 0.607 0.534 0.417 0.324 0.297 0.314 0.298 0.269 0.222 0.165 0.278 0.57 0.833 0.862 0.891 0.829 0.654 0.802 0.923 1.041 1.097 1.19 1.224 1.28 1.345 1.352 1.351 1.289 1.182 1.138 1.137 1.181 1.111 1.02 1.058 1.163 1.228 1.178 1.091 0.943 0.896 0.862 0.889 0.98 0.934 1.033 1.085 1.129 1.286
-9 -9 -9 -9 -9 -9 -9 -9 -9 -9 -9 -9 -9 -9 -9 -9 0.61 0.489 0.396 0.393 0.459 0.511 0.514 0.516 0.567 0.647 0.614 0.527 0.461 0.379 0.303 0.252 0.277 0.299 0.323 0.358 0.366 0.419 0.678 0.8 0.784 0.705 0.607 0.526 0.584 0.793 0.922 1.056 1.1 1.188 1.189 1.243 1.343 1.347 1.335 1.287 1.216 1.14 1.145 1.15 1.079 1.021 1.059 1.166 1.196 1.168 1.067 0.977 0.919 0.893 0.912 0.909 0.97 1.096 1.172 1.275 1.222
-9 -9 -9 -9 -9 -9 -9 -9 -9 -9 -9 -9 -9 -9 -9 0.545 0.427 0.375 0.418 0.463 0.492 0.513 0.507 0.545 0.603 0.568 0.467 0.384 0.331 0.249 0.221 0.245 0.286 0.343 0.372 0.405 0.482 0.654 0.707 0.545 0.538 0.522 0.49 0.565 0.746 0.869 0.939 1.048 1.1 1.168 1.181 1.257 1.344 1.344 1.32 1.264 1.2 1.129 1.142 1.12 1.051 1.009 1.072 1.175 1.149 1.143 1.04 0.947 0.904 0.871 0.874 0.921 1.048 1.092 1.214 1.278 1.153
-9 -9 -9 -9 -9 -9 -9 -9 -9 -9 -9 -9 -9 0.684 0.57 0.419 0.368 0.416 0.459 0.483 0.515 0.544 0.562 0.525 0.512 0.44 0.348 0.31 0.261 0.225 0.201 0.265 0.309 0.335 0.334 0.342 0.451 0.51 0.366 0.375 0.525 0.497 0.521 0.568 0.754 0.901 0.959 1.049 1.099 1.166 1.211 1.291 1.347 1.347 1.31 1.23 1.151 1.108 1.129 1.087 1.031 1.011 1.092 1.151 1.113 1.099 0.999 0.896 0.835 0.854 0.887 0.962 1.068 1.084 1.231 1.195 1.093
-9 -9 -9 -9 -9 -9 -9 -9 -9 -9 -9 -9 0.747 0.59 0.473 0.418 0.441 0.51 0.523 0.557 0.575 0.561 0.426 0.375 0.428 0.404 0.354 0.325 0.273 0.221 0.216 0.269 0.289 0.311 0.336 0.39 0.446 0.258 0.282 0.444 0.544 0.361 0.296 0.442 0.712 0.875 0.954 1.05 1.105 1.179 1.238 1.305 1.346 1.341 1.265 1.2 1.133 1.093 1.111 1.057 1.023 1.043 1.1 1.11 1.083 1.063 0.977 0.86 0.788 0.848 0.914 1.009 1.077 1.175 1.202 1.05 1.015
-9 -9 -9 -9 -9 -9 -9 -9 -9 -9 -9 0.83 0.715 0.582 0.475 0.525 0.582 0.607 0.634 0.559 0.518 0.454 0.318 0.354 0.405 0.385 0.348 0.291 0.211 0.18 0.175 0.244 0.333 0.371 0.443 0.519 0.438 0.259 0.378 0.456 0.398 0.244 0.299 0.577 0.796 0.897 0.974 1.067 1.127 1.195 1.248 1.304 1.34 1.321 1.201 1.173 1.112 1.083 1.093 1.042 1.033 1.063 1.075 1.071 1.055 1.008 0.945 0.873 0.807 0.841 0.919 1.068 1.191 1.2 1.047 0.939 0.945
-9 -9 -9 -9 -9 -9 -9 -9 -9 -9 0.957 0.886 0.748 0.656 0.591 0.671 0.728 0.68 0.576 0.482 0.381 0.395 0.309 0.308 0.351 0.321 0.284 0.221 0.113 0.064 0.182 0.331 0.405 0.461 0.505 0.55 0.449 0.371 0.431 0.399 0.275 0.304 0.536 0.753 0.871 0.937 1.025 1.096 1.149 1.21 1.258 1.283 1.299 1.273 1.149 1.141 1.104 1.083 1.073 1.043 1.047 1.058 1.045 1.037 1.031 0.957 0.918 0.899 0.87 0.887 1.007 1.18 1.165 1.05 0.945 0.863 0.878
-9 -9 -9 -9 -9 -9 -9 -9 -9 -9 0.901 0.912 0.842 0.692 0.708 0.725 0.674 0.563 0.424 0.339 0.353 0.377 0.299 0.262 0.262 0.258 0.204 0.143 0.054 0.159 0.338 0.427 0.464 0.513 0.543 0.539 0.369 0.306 0.385 0.319 0.339 0.492 0.727 0.846 0.933 1.004 1.086 1.142 1.18 1.254 1.284 1.244 1.283 1.256 1.12 1.131 1.11 1.102 1.081 1.059 1.058 1.058 1.021 1.02 0.997 0.917 0.898 0.905 0.932 0.977 1.067 1.177 1.045 0.953 0.912 0.826 0.818
-9 -9 -9 -9 -9 -9 -9 -9 -9 0.78 0.752 0.786 0.82 0.797 0.746 0.665 0.573 0.422 0.315 0.287 0.322 0.366 0.311 0.255 0.206 0.19 0.123 0.091 0.139 0.321 0.417 0.454 0.52 0.562 0.522 0.374 0.175 0.11 0.309 0.4 0.504 0.682 0.833 0.913 1.002 1.085 1.111 1.146 1.174 1.232 1.27 1.282 1.314 1.206 1.117 1.133 1.117 1.113 1.099 1.075 1.065 1.035 0.995 0.991 0.951 0.881 0.863 0.893 0.975 1.024 1.109 1.151 1.067 0.969 0.927 0.813 0.808
-9 -9 -9 -9 -9 -9 -9 -9 0.782 0.728 0.714 0.733 0.775 0.799 0.718 0.625 0.48 0.377 0.303 0.296 0.316 0.387 0.307 0.227 0.178 0.127 0.104 0.172 0.276 0.39 0.46 0.53 0.552 0.49 0.235 0.15 0.102 0.107 0.339 0.506 0.644 0.783 0.898 0.994 1.067 1.102 1.108 1.179 1.147 1.177 1.21 1.28 1.303 1.162 1.135 1.135 1.119 1.116 1.102 1.076 1.048 0.997 0.978 0.936 0.909 0.82 0.799 0.871 0.965 1.043 1.081 1.084 1.067 1.019 0.949 0.818 0.798
