data/climatemaps/RS_maps/climate_winter_tmin_1999.asc
NCOLS 369 
NROWS 228 
XLLCORNER 479000 
YLLCORNER 73000 
CELLSIZE 1000 
NODATA_value -9 
[rows 170 to 203 of 228, columns 0 to 76 of 369]
-9 -9 0.496 0.473 0.504 0.63 0.67 0.455 0.282 0.22 0.358 0.569 0.814 0.942 0.981 0.997 1.008 1.013 1.036 1.055 1.068 1.077 1.101 1.122 1.144 1.167 1.172 1.173 1.173 1.173 1.154 1.129 1.119 1.122 1.125 1.123 1.116 1.112 1.093 1.081 1.065 1.045 1.036 1.032 0.935 0.879 0.914 0.914 0.892 0.77 -9 -9 -9 -9 -9 -9 -9 -9 0.434 0.447 0.549 0.652 0.53 0.319 0.14 -0.022 -0.034 -0.081 -0.162 -0.242 -0.459 -0.443 -0.321 -0.181 -0.145 -0.051 0.112
-9 0.515 0.471 0.479 0.575 0.704 0.581 0.382 0.238 0.313 0.524 0.726 0.912 0.967 0.998 1.014 1.027 1.035 1.053 1.066 1.075 1.082 1.102 1.122 1.145 1.162 1.157 1.167 1.166 1.155 1.123 1.115 1.115 1.11 1.107 1.088 1.029 0.946 0.922 1.018 1.026 1.007 0.994 0.999 0.908 0.878 0.887 0.87 0.79 -9 -9 -9 -9 -9 -9 -9 -9 -9 0.331 0.178 0.317 0.507 0.604 0.45 0.233 0.101 0.028 -0.097 -0.247 -0.192 -0.101 -0.275 -0.383 -0.391 -0.249 -0.103 -0.031
0.519 0.498 0.458 0.492 0.68 0.662 0.454 0.329 0.265 0.425 0.647 0.835 0.958 0.981 1.011 1.029 1.04 1.047 1.057 1.063 1.075 1.086 1.103 1.13 1.145 1.154 1.154 1.155 1.147 1.12 1.105 1.098 1.095 1.092 1.062 0.957 0.883 0.84 0.904 0.995 0.997 0.975 0.969 0.952 0.911 -9 -9 -9 -9 -9 -9 -9 -9 -9 -9 -9 -9 -9 0.45 0.07 0.073 0.336 0.535 0.218 0.06 0.057 -0.028 -0.153 -0.2 -0.145 0.036 -0.097 -0.272 -0.368 -0.328 -0.136 -0.101
0.491 0.458 0.453 0.555 0.714 0.508 0.313 0.266 0.342 0.56 0.772 0.924 0.986 1 1.021 1.038 1.044 1.042 1.048 1.064 1.075 1.089 1.108 1.134 1.14 1.14 1.138 1.141 1.125 1.104 1.094 1.082 1.074 1.064 1.011 0.93 0.902 0.924 0.969 0.987 0.969 0.952 0.941 0.911 0.876 -9 -9 -9 -9 -9 -9 -9 -9 -9 -9 -9 -9 -9 0.381 -0.051 -0.046 0.392 0.471 0.165 -0.052 -0.115 -0.019 0.095 0.126 0.149 0.218 0.137 -0.046 -0.264 -0.454 -0.354 -0.309
0.443 0.431 0.473 0.642 0.667 0.348 0.211 0.311 0.478 0.711 0.898 0.986 1.012 1.021 1.036 1.044 1.044 1.036 1.047 1.067 1.079 1.089 1.11 1.131 1.132 1.132 1.128 1.12 1.095 1.088 1.076 1.063 1.057 1.036 0.98 0.914 0.929 0.958 0.955 0.956 0.945 0.932 0.91 0.874 0.824 -9 -9 -9 -9 -9 -9 -9 -9 -9 -9 -9 -9 -9 -9 0.12 0.15 0.334 0.321 0.39 0.205 0.004 0.214 0.324 0.242 0.167 0.16 0.193 0.16 -0.119 -0.332 -0.482 -0.587
0.421 0.465 0.61 0.714 0.497 0.221 0.25 0.49 0.684 0.864 0.981 1.017 1.032 1.04 1.046 1.046 1.042 1.037 1.054 1.074 1.079 1.089 1.103 1.123 1.123 1.121 1.118 1.087 1.074 1.072 1.061 1.044 1.035 1.011 0.957 0.912 0.925 0.935 0.934 0.931 0.913 0.886 0.855 0.789 0.685 -9 -9 -9 -9 -9 -9 -9 -9 -9 -9 -9 -9 -9 -9 -9 0.023 0.069 0.196 0.313 0.302 0.354 0.231 0.123 -0.031 -0.094 -0.235 -0.062 0.129 0.115 -0.094 -0.409 -0.66
0.515 0.545 0.735 0.515 0.278 0.244 0.373 0.657 0.859 0.969 1.022 1.033 1.048 1.054 1.05 1.046 1.037 1.048 1.06 1.077 1.073 1.082 1.101 1.115 1.117 1.11 1.095 1.064 1.055 1.054 1.041 1.023 1.012 0.986 0.944 0.914 0.914 0.907 0.901 0.893 0.868 0.806 0.722 0.61 0.502 0.395 -9 -9 -9 -9 -9 -9 -9 -9 -9 -9 -9 -9 -9 -9 -0.023 -0.129 -0.034 -0.095 0.06 0.281 0.141 -0.136 -0.318 -0.4 -0.568 -0.282 -0.219 -0.062 0.071 -0.274 -0.597
0.525 0.773 0.669 0.381 0.222 0.361 0.611 0.795 0.955 1.021 1.042 1.049 1.053 1.057 1.045 1.042 1.049 1.064 1.072 1.076 1.076 1.087 1.104 1.107 1.105 1.094 1.068 1.048 1.043 1.032 1.021 1 0.991 0.969 0.935 0.911 0.856 0.837 0.828 0.816 0.753 0.645 0.499 0.407 0.36 0.422 -9 -9 -9 -9 -9 -9 -9 -9 -9 -9 -9 -9 -9 -9 -9 -0.213 -0.097 -0.206 -0.058 0.101 0.22 0.088 -0.251 -0.705 -0.8 -0.581 -0.436 -0.168 0.045 -0.32 -0.566
0.608 0.838 0.754 0.453 0.323 0.555 0.747 0.899 1.001 1.042 1.054 1.057 1.057 1.052 1.041 1.055 1.065 1.067 1.065 1.073 1.074 1.09 1.104 1.102 1.098 1.069 1.047 1.039 1.032 1.012 1.005 0.985 0.97 0.952 0.928 0.886 0.734 0.689 0.681 0.653 0.581 0.453 0.311 0.341 0.347 0.472 -9 -9 -9 -9 -9 -9 -9 -9 -9 -9 -9 -9 -9 -9 0.091 0.101 0.027 -0.337 -0.27 0.1 -0.068 0.042 -0.11 -0.51 -0.623 -0.357 -0.089 0.006 -0.147 -0.337 -0.693
0.799 0.852 0.7 0.416 0.468 0.701 0.857 0.97 1.034 1.061 1.064 1.067 1.06 1.052 1.059 1.071 1.058 1.063 1.062 1.05 1.042 1.079 1.096 1.095 1.088 1.042 1.02 1.029 1.026 0.999 0.991 0.967 0.949 0.93 0.91 0.819 0.589 0.456 0.47 0.505 0.535 0.34 0.26 0.397 0.469 0.507 -9 -9 -9 -9 -9 -9 -9 -9 -9 -9 -9 -9 -9 -9 0.359 0.158 -0.126 -0.425 -0.339 -0.162 -0.362 -0.146 -0.082 -0.323 -0.426 -0.165 -0.231 -0.336 -0.507 -0.307 -0.456
0.898 0.754 0.513 0.453 0.635 0.825 0.929 1.012 1.05 1.07 1.071 1.06 1.036 1.058 1.069 1.056 1.052 1.061 1.053 1.035 1.035 1.075 1.089 1.085 1.058 0.999 1.004 1.007 1.015 0.995 0.972 0.954 0.931 0.918 0.874 0.708 0.429 0.237 0.332 0.516 0.55 0.366 0.339 0.479 0.542 0.454 -9 -9 -9 -9 -9 -9 -9 -9 -9 -9 -9 -9 -9 -9 0.438 0.098 -0.226 -0.41 -0.596 -0.54 -0.554 -0.27 -0.311 -0.356 -0.263 -0.268 -0.599 -0.637 -0.499 -0.291 -0.304
0.845 0.589 0.408 0.604 0.804 0.922 0.989 1.038 1.059 1.076 1.054 1.027 1.043 1.073 1.062 1.056 1.052 1.058 1.044 1.038 1.051 1.075 1.078 1.069 1 0.991 1.013 1.009 1.005 0.981 0.959 0.934 0.925 0.895 0.804 0.572 0.347 0.192 0.342 0.545 0.585 0.484 0.497 0.563 0.522 0.325 -9 -9 -9 -9 -9 -9 -9 -9 -9 -9 -9 -9 -9 -9 0.356 0.235 -0.013 -0.303 -0.569 -0.529 -0.556 -0.49 -0.408 -0.46 -0.321 -0.453 -0.75 -0.729 -0.361 -0.486 -0.576
0.726 0.477 0.534 0.766 0.901 0.982 1.029 1.05 1.058 1.08 1.049 1.039 1.069 1.072 1.06 1.057 1.064 1.066 1.052 1.05 1.053 1.072 1.075 1.038 1 1.012 1.008 1.004 0.99 0.969 0.947 0.929 0.894 0.825 0.696 0.502 0.32 0.168 0.32 0.552 0.63 0.601 0.585 0.565 0.452 -9 -9 -9 -9 -9 -9 -9 -9 -9 -9 -9 -9 -9 -9 0.046 0.157 0.313 0.107 -0.284 -0.372 -0.199 -0.234 -0.218 -0.218 -0.414 -0.528 -0.596 -0.807 -0.587 -0.449 -0.659 -0.585
0.569 0.492 0.695 0.878 0.959 1.003 1.042 1.044 1.047 1.083 1.069 1.067 1.088 1.082 1.077 1.07 1.073 1.057 1.05 1.053 1.067 1.055 1.041 1.019 1.006 1.001 0.997 0.989 0.978 0.957 0.922 0.893 0.865 0.729 0.603 0.466 0.284 0.222 0.368 0.568 0.636 0.583 0.486 0.458 0.316 -9 -9 -9 -9 -9 -9 -9 -9 -9 -9 -9 -9 -9 -9 -0.095 -0.043 0.289 0.213 0.002 0.009 -0.055 -0.11 -0.194 -0.267 -0.361 -0.537 -0.759 -0.791 -0.534 -0.699 -0.734 -0.529
0.467 0.614 0.828 0.951 0.998 1.022 1.046 1.029 1.038 1.076 1.087 1.089 1.1 1.095 1.079 1.066 1.062 1.055 1.039 1.048 1.059 1.035 1.019 1.006 1.007 0.998 0.989 0.98 0.966 0.938 0.915 0.887 0.848 0.749 0.633 0.46 0.253 0.228 0.433 0.577 0.634 0.504 0.398 0.377 0.204 -9 -9 -9 -9 -9 -9 -9 -9 -9 -9 -9 -9 -9 -9 -0.252 -0.117 0.17 0.286 0.238 0.021 -0.247 -0.36 -0.371 -0.451 -0.547 -0.521 -0.75 -0.829 -0.751 -0.872 -0.761 -0.563
0.545 0.736 0.905 1.008 1.032 1.037 1.046 1.03 1.061 1.097 1.099 1.099 1.078 1.07 1.058 1.051 1.04 1.036 1.034 1.047 1.046 1.029 1.017 1.005 1.008 0.992 0.991 0.983 0.955 0.907 0.889 0.89 0.866 0.81 0.708 0.562 0.377 0.324 0.551 0.615 0.576 0.422 0.456 0.339 0.192 -9 -9 -9 -9 -9 -9 -9 -9 -9 -9 -9 -9 -9 -9 -0.223 -0.126 0.09 0.206 0.233 0.056 -0.224 -0.183 -0.147 -0.274 -0.556 -0.662 -0.808 -0.915 -0.846 -0.725 -0.594 -0.45
0.608 0.815 0.973 1.035 1.049 1.046 1.051 1.055 1.095 1.103 1.084 1.072 1.051 1.045 1.034 1.022 1.037 1.038 1.039 1.037 1.025 1.014 1.006 0.998 1.002 0.991 0.951 0.915 0.946 0.902 0.875 0.885 0.867 0.848 0.776 0.667 0.546 0.461 0.658 0.521 0.448 0.466 0.457 0.25 -9 -9 -9 -9 -9 -9 -9 -9 -9 -9 -9 -9 -9 -9 -9 -0.137 -0.044 -0.027 0.066 0.082 0.165 -0.014 -0.192 -0.313 -0.371 -0.673 -0.754 -0.922 -0.904 -0.754 -0.69 -0.568 -0.262
0.584 0.878 1.022 1.055 1.058 1.063 1.059 1.088 1.103 1.081 1.064 1.056 1.038 1.026 1.025 1.023 1.037 1.033 1.02 1.013 1.002 0.994 0.987 0.978 0.965 0.892 0.788 0.812 0.917 0.913 0.887 0.876 0.857 0.851 0.827 0.778 0.696 0.626 0.692 0.521 0.478 0.525 0.418 -9 -9 -9 -9 -9 -9 -9 -9 -9 -9 -9 -9 -9 -9 -9 -0.244 -0.344 -0.301 -0.132 -0.061 -0.142 0.081 -0.136 -0.518 -0.724 -0.723 -0.952 -0.984 -0.916 -0.796 -0.676 -0.604 -0.518 -0.074
0.561 0.868 1.016 1.053 1.079 1.064 1.075 1.114 1.1 1.073 1.061 1.045 1.037 1.021 1.035 1.033 1.02 1.006 0.985 0.979 0.982 0.976 0.963 0.935 0.785 0.635 0.693 0.833 0.879 0.905 0.891 0.873 0.855 0.841 0.818 0.79 0.763 0.737 0.704 0.547 0.582 0.577 0.391 -9 -9 -9 -9 -9 -9 -9 -9 -9 -9 -9 -9 -9 -9 -9 -0.195 -0.388 -0.262 -0.035 -0.158 -0.261 -0.06 -0.006 -0.249 -0.616 -0.807 -0.861 -0.97 -0.788 -0.552 -0.45 -0.337 -0.237 -0.021
0.492 0.818 1.016 1.053 1.078 1.091 1.105 1.12 1.103 1.085 1.063 1.04 1.033 1.018 1.027 1.015 0.995 0.981 0.965 0.953 0.952 0.934 0.888 0.764 0.476 0.492 0.73 0.816 0.827 0.887 0.894 0.881 0.864 0.854 0.83 0.79 0.74 0.693 0.692 0.64 0.64 0.613 -9 -9 -9 -9 -9 -9 -9 -9 -9 -9 -9 -9 -9 -9 -9 -9 -0.251 -0.194 -0.04 -0.038 -0.199 -0.289 -0.256 -0.399 -0.096 -0.187 -0.336 -0.482 -0.795 -0.696 -0.589 -0.513 -0.439 -0.283 -0.406
0.505 0.77 1.041 1.097 1.127 1.117 1.116 1.095 1.077 1.072 1.048 1.027 1.016 1.004 1.001 0.99 0.968 0.951 0.941 0.925 0.911 0.861 0.719 0.418 0.358 0.574 0.768 0.755 0.79 0.842 0.865 0.86 0.854 0.855 0.846 0.808 0.714 0.64 0.65 0.681 0.67 -9 -9 -9 -9 -9 -9 -9 -9 -9 -9 -9 -9 -9 -9 -9 -9 -9 -0.127 -0.002 -0.032 -0.17 -0.266 -0.397 -0.376 -0.64 -0.408 -0.179 -0.245 -0.353 -0.615 -0.782 -0.64 -0.528 -0.583 -0.862 -0.739
0.764 0.851 1.086 1.133 1.132 1.121 1.101 1.061 1.046 1.044 1.02 1 0.996 0.97 0.96 0.961 0.939 0.925 0.908 0.884 0.848 0.788 0.554 0.31 0.459 0.687 0.731 0.682 0.744 0.8 0.834 0.84 0.838 0.843 0.851 0.827 0.725 0.616 0.596 0.642 -9 -9 -9 -9 -9 -9 -9 -9 -9 -9 -9 -9 -9 -9 -9 -9 -9 -9 -9 -0.052 -0.159 -0.333 -0.332 -0.464 -0.461 -0.672 -0.619 -0.419 -0.5 -0.444 -0.761 -1.084 -1.094 -1.072 -1.27 -1.268 -1.113
0.966 1.025 1.084 1.089 1.081 1.063 1.059 1.044 1.03 1.016 1 0.991 0.979 0.946 0.941 0.929 0.915 0.895 0.857 0.811 0.766 0.66 0.411 0.378 0.558 0.714 0.652 0.645 0.714 0.772 0.798 0.812 0.82 0.822 0.834 0.83 0.772 0.627 -9 -9 -9 -9 -9 -9 -9 -9 -9 -9 -9 -9 -9 -9 -9 -9 -9 -9 -9 -9 -9 -0.234 -0.246 -0.354 -0.434 -0.411 -0.524 -0.658 -0.455 -0.522 -0.544 -0.747 -0.938 -1.091 -1.379 -1.324 -1.466 -1.364 -1.156
1.04 0.973 0.95 1.044 1.054 1.036 1.033 1.025 1.017 0.999 0.982 0.964 0.94 0.93 0.919 0.903 0.886 0.859 0.795 0.71 0.634 0.458 0.279 0.412 0.564 0.677 0.592 0.625 0.678 0.711 0.755 0.778 0.797 0.801 0.814 0.818 0.801 -9 -9 -9 -9 -9 -9 -9 -9 -9 -9 -9 -9 -9 -9 -9 -9 -9 -9 -9 -9 -9 -9 -0.22 -0.313 -0.387 -0.363 -0.182 -0.397 -0.534 -0.238 -0.232 -0.421 -0.618 -0.861 -1.172 -1.344 -1.14 -1.134 -1.079 -0.986
1.045 1.034 0.836 0.97 1.018 1.006 0.998 0.989 0.976 0.96 0.935 0.925 0.9 0.9 0.887 0.863 0.841 0.811 0.753 0.637 0.475 0.258 0.288 0.483 0.597 0.586 0.558 0.625 0.594 0.609 0.706 0.749 0.77 0.785 0.788 -9 -9 -9 -9 -9 -9 -9 -9 -9 -9 -9 -9 -9 -9 -9 -9 -9 -9 -9 -9 -9 -9 -9 -9 0.097 -0.072 -0.208 -0.155 -0.065 -0.213 -0.306 -0.136 -0.008 -0.366 -0.567 -0.843 -1.185 -1.42 -1.271 -0.841 -0.529 -0.462
1.071 1.085 0.834 0.877 0.948 0.954 0.935 0.93 0.908 0.888 0.873 0.875 0.855 0.845 0.821 0.797 0.804 0.779 0.697 0.528 0.271 0.266 0.434 0.551 0.565 0.488 0.531 0.595 0.519 0.543 0.638 0.719 0.751 0.771 -9 -9 -9 -9 -9 -9 -9 -9 -9 -9 -9 -9 -9 -9 -9 -9 -9 -9 -9 -9 -9 -9 -9 -9 -9 -9 0.317 0.197 0.139 0.116 0.063 -0.052 -0.058 0.109 -0.402 -0.753 -1.09 -1.214 -1.252 -1.171 -0.605 -0.198 -0.647
1.071 1.045 0.881 0.774 0.85 0.905 0.907 0.888 0.849 0.831 0.829 0.815 0.786 0.761 0.718 0.711 0.764 0.73 0.551 0.307 0.273 0.393 0.543 0.579 0.527 0.479 0.532 0.53 0.469 0.486 0.56 0.676 0.714 -9 -9 -9 -9 -9 -9 -9 -9 -9 -9 -9 -9 -9 -9 -9 -9 -9 -9 -9 -9 -9 -9 -9 -9 -9 -9 -9 0.399 0.392 0.358 0.315 0.263 0.184 0.136 -0.02 -0.636 -0.94 -1.184 -1.014 -0.912 -0.923 -0.332 -0.265 -1.087
1.047 1.003 0.916 0.778 0.753 0.87 0.933 0.92 0.877 0.852 0.83 0.797 0.768 0.748 0.699 0.673 0.681 0.635 0.406 0.277 0.419 0.543 0.606 0.575 0.489 0.467 0.485 0.475 0.431 0.422 0.492 0.605 -9 -9 -9 -9 -9 -9 -9 -9 -9 -9 -9 -9 -9 -9 -9 -9 -9 -9 -9 -9 -9 -9 -9 -9 -9 -9 -9 -9 -9 0.305 0.357 0.371 0.351 0.339 0.306 -0.014 -0.402 -0.716 -0.972 -0.63 -0.576 -0.49 -0.032 -0.26 -1.013
1.019 1.006 0.949 0.856 0.71 0.803 0.934 0.955 0.921 0.889 0.822 0.842 0.836 0.832 0.764 0.711 0.626 0.483 0.35 0.384 0.523 0.598 0.612 0.519 0.456 0.44 0.448 0.422 0.412 0.416 0.441 -9 -9 -9 -9 -9 -9 -9 -9 -9 -9 -9 -9 -9 -9 -9 -9 -9 -9 -9 -9 -9 -9 -9 -9 -9 -9 -9 -9 -9 -9 -9 0.192 0.196 0.231 0.241 0.318 0.21 -0.215 -0.586 -0.48 -0.197 -0.049 -0.068 0.015 -0.173 -0.854
1.027 1.039 0.99 0.919 0.786 0.716 0.912 0.967 0.954 0.891 0.856 0.9 0.902 0.875 0.813 0.765 0.631 0.45 0.411 0.496 0.595 0.635 0.608 0.513 0.449 0.439 0.438 0.443 0.45 -9 -9 -9 -9 -9 -9 -9 -9 -9 -9 -9 -9 -9 -9 -9 -9 -9 -9 -9 -9 -9 -9 -9 -9 -9 -9 -9 -9 -9 -9 -9 -9 -9 -0.047 -0.152 -0.132 -0.061 0.195 0.264 -0.089 -0.266 0.031 0.072 -0.107 -0.401 -0.299 -0.5 -1.185
1.073 1.088 1.025 0.958 0.882 0.784 0.888 0.974 0.967 0.894 0.901 0.944 0.94 0.889 0.862 0.813 0.694 0.557 0.515 0.578 0.641 0.662 0.599 0.543 0.47 0.459 0.472 0.476 -9 -9 -9 -9 -9 -9 -9 -9 -9 -9 -9 -9 -9 -9 -9 -9 -9 -9 -9 -9 -9 -9 -9 -9 -9 -9 -9 -9 -9 -9 -9 -9 -9 -9 -9 -0.471 -0.383 -0.174 -0.115 0.128 0.155 0.156 0.039 -0.261 -0.52 -0.809 -1.003 -1.096 -1.505
1.101 1.093 1.015 0.985 0.946 0.905 0.927 0.992 0.962 0.909 0.914 0.977 0.97 0.934 0.903 0.842 0.741 0.64 0.596 0.601 0.652 0.656 0.592 0.541 0.491 0.484 -9 -9 -9 -9 -9 -9 -9 -9 -9 -9 -9 -9 -9 -9 -9 -9 -9 -9 -9 -9 -9 -9 -9 -9 -9 -9 -9 -9 -9 -9 -9 -9 -9 -9 -9 -9 -9 -9 -0.421 -0.355 -0.564 -0.377 0.11 0.125 -0.192 -0.571 -0.928 -1.28 -1.614 -1.626 -1.671
-9 1.113 1.053 0.997 0.997 0.992 1.002 0.979 0.944 0.949 0.964 0.982 0.928 0.897 0.912 -9 0.775 0.661 0.607 0.595 0.645 0.668 -9 -9 -9 -9 -9 -9 -9 -9 -9 -9 -9 -9 -9 -9 -9 -9 -9 -9 -9 -9 -9 -9 -9 -9 -9 -9 -9 -9 -9 -9 -9 -9 -9 -9 -9 -9 -9 -9 -9 -9 -9 -9 -9 -0.695 -0.63 -0.375 -0.042 0.064 -0.386 -0.888 -1.259 -1.277 -1.498 -1.719 -1.486
-9 -9 -9 -9 -9 1.069 0.954 0.953 0.987 1.009 -9 -9 -9 -9 -9 -9 -9 -9 -9 -9 -9 -9 -9 -9 -9 -9 -9 -9 -9 -9 -9 -9 -9 -9 -9 -9 -9 -9 -9 -9 -9 -9 -9 -9 -9 -9 -9 -9 -9 -9 -9 -9 -9 -9 -9 -9 -9 -9 -9 -9 -9 -9 -9 -9 -9 -9 -0.673 -0.683 -0.376 -0.056 -0.382 -0.745 -0.71 -0.77 -1.453 -1.849 -1.438
