data/climatemaps/RS_maps/climate_breeding_tmp_2008.asc
NCOLS 369 
NROWS 228 
XLLCORNER 479000 
YLLCORNER 73000 
CELLSIZE 1000 
NODATA_value -9 
[rows 136 to 169 of 228, columns 152 to 227 of 369]
-0.779 -0.609 -0.243 0.142 0.515 0.338 0.106 0.094 0.13 0.043 -0.101 -0.026 0.145 0.036 -0.089 -0.037 -0.027 -0.139 -0.719 -1.726 -2.262 -2.768 -2.89 -2.629 -2.359 -2.209 -2.048 -1.715 -1.389 -1.008 -1.359 -2.15 -1.739 -1.251 -0.645 -0.366 -1.19 -1.437 -1.774 -2.228 -2.513 -2.332 -2.242 -2.509 -2.529 -1.993 -1.612 -1.779 -1.857 -1.853 -2.019 -1.73 -1.593 -1.28 -0.975 -0.499 -0.376 -0.666 -0.691 -0.701 -0.836 -1.386 -1.793 -1.644 -1.374 -1.376 -0.967 -1.553 -1.621 -1.268 -1.029 -1.572 -1.809 -1.543 -0.936 -0.65
-1.177 -0.95 -0.657 -0.162 0.496 -0.163 -0.635 -0.848 -0.68 -0.582 -0.44 -0.1 0.175 0.233 0.206 0.163 -0.133 -0.632 -0.836 -1.252 -1.897 -2.516 -2.784 -2.56 -2.183 -2.006 -2.046 -1.755 -1.311 -1.139 -1.674 -2.182 -1.702 -1.263 -0.904 -0.36 -1.151 -1.066 -1.421 -1.895 -2.216 -2.248 -2.126 -2.369 -2.501 -2.23 -2.088 -1.941 -1.885 -1.851 -1.716 -1.317 -0.963 -0.712 -0.569 -0.425 -0.72 -1.153 -1.285 -1.263 -0.854 -0.931 -1.638 -1.714 -1.363 -1.461 -1.1 -1.56 -1.734 -1.25 -1.293 -1.829 -1.93 -1.429 -0.768 -0.952
-1.293 -1.066 -0.616 -0.067 0.4 -0.202 -0.64 -1.163 -1.029 -0.847 -0.549 -0.225 -0.036 0.062 0.085 0.042 -0.785 -1.707 -1.669 -1.568 -1.864 -2.273 -2.717 -2.695 -2.31 -1.904 -1.73 -1.45 -1.289 -1.461 -2.054 -2.061 -1.638 -1.023 -0.751 -0.386 -0.791 -1.103 -1.376 -1.903 -2.058 -1.921 -2.074 -2.535 -2.441 -2.037 -1.801 -1.644 -1.448 -1.306 -1.062 -0.811 -0.587 -0.583 -0.708 -0.594 -1.129 -1.433 -1.71 -1.685 -1.353 -0.952 -1.251 -1.607 -1.42 -1.673 -1.316 -1.548 -1.82 -1.28 -1.644 -1.891 -1.757 -1.317 -0.757 -1.219
-1.336 -0.909 -0.631 -0.358 0.363 0.098 -0.314 -1.056 -1.174 -0.88 -0.635 -0.41 -0.361 -0.404 -0.627 -0.62 -0.762 -1.61 -2.161 -2.384 -2.35 -2.288 -2.381 -2.506 -2.433 -2.094 -1.716 -1.526 -1.558 -1.888 -2.018 -1.695 -1.526 -1.276 -1.239 -0.659 -0.573 -1.263 -1.758 -2.126 -1.957 -1.792 -2.073 -2.351 -2.17 -1.919 -1.615 -1.466 -1.418 -0.965 -0.613 -0.609 -0.762 -1.029 -1.018 -0.713 -1.34 -1.773 -1.953 -1.81 -1.609 -1.297 -1.107 -1.55 -1.5 -1.776 -1.521 -1.582 -1.85 -1.47 -1.855 -1.764 -1.453 -0.96 -0.899 -1.452
-1.115 -0.825 -1.029 -0.461 0.235 0.22 -0.284 -1.041 -1.315 -1.006 -0.758 -0.661 -0.819 -1.055 -1.555 -1.107 -0.516 -1.092 -1.523 -2.192 -2.93 -2.803 -2.265 -1.966 -2.186 -2.283 -2.039 -2.063 -2.062 -1.944 -2.11 -1.837 -1.792 -1.715 -1.556 -1.182 -0.651 -1.019 -1.615 -2.154 -1.895 -1.635 -1.992 -2.109 -1.774 -1.589 -1.303 -1.163 -1.108 -0.723 -0.626 -1.013 -1.27 -1.416 -1.021 -0.999 -1.312 -1.737 -1.922 -1.766 -1.499 -1.287 -1.193 -1.434 -1.611 -1.891 -1.657 -1.691 -1.824 -1.66 -1.638 -1.369 -1.246 -0.877 -1.299 -1.737
-1.149 -1.315 -1.092 -0.55 0.02 0.224 -0.452 -1.093 -1.261 -1.005 -1.009 -1.198 -1.729 -2.158 -2.091 -1.388 -0.696 -0.808 -1.191 -1.87 -2.708 -3.131 -2.706 -2.071 -1.756 -2.027 -2.283 -2.294 -2.326 -2.093 -2.197 -1.971 -1.713 -1.589 -1.461 -1.335 -0.932 -0.905 -1.501 -1.932 -1.667 -1.449 -1.775 -1.957 -1.56 -1.271 -1.214 -1.125 -0.985 -0.749 -0.952 -1.384 -1.569 -1.484 -1.059 -1.32 -1.533 -1.589 -1.892 -1.93 -1.625 -1.313 -1.459 -1.611 -1.705 -1.952 -1.671 -1.875 -1.795 -1.836 -1.594 -1.217 -0.947 -0.998 -1.571 -2.083
-1.334 -1.671 -1.201 -0.742 -0.14 0.1 -0.663 -0.955 -1.021 -1.182 -1.49 -2.341 -2.979 -2.409 -2.038 -1.673 -1.299 -1.436 -1.691 -1.703 -2.362 -2.733 -2.813 -2.397 -1.815 -1.635 -1.797 -1.786 -1.916 -1.756 -1.746 -1.795 -1.748 -1.738 -1.545 -1.373 -1.053 -0.881 -1.407 -1.559 -1.204 -1.185 -1.478 -1.711 -1.518 -1.473 -1.599 -1.493 -1.191 -0.872 -1.154 -1.559 -1.607 -1.398 -1.058 -1.322 -1.65 -1.69 -1.801 -1.852 -1.779 -1.469 -1.658 -1.455 -1.504 -1.747 -1.718 -1.77 -1.72 -1.794 -1.62 -1.2 -0.838 -1.093 -1.742 -2.245
-1.645 -1.577 -1.25 -0.826 -0.042 0.065 -0.529 -0.653 -0.852 -1.288 -1.844 -2.672 -2.921 -2.425 -2.234 -1.982 -1.785 -1.975 -2.138 -1.82 -2.223 -2.475 -2.311 -2.55 -2.112 -1.634 -1.525 -1.465 -1.417 -1.351 -1.266 -1.239 -1.252 -1.327 -1.201 -1.143 -1.166 -1.081 -1.305 -1.08 -0.95 -1.217 -1.421 -1.531 -1.767 -1.789 -1.686 -1.439 -1.22 -1.104 -1.249 -1.685 -1.504 -1.254 -1.094 -1.319 -1.655 -1.485 -1.507 -1.651 -1.693 -1.369 -1.14 -1.027 -1.478 -1.603 -1.482 -1.504 -1.514 -1.406 -1.363 -1.121 -1.064 -0.906 -1.321 -1.849
-1.665 -1.347 -0.928 -0.633 0.237 -0.371 -0.831 -0.959 -1.258 -1.732 -2.276 -3.011 -3.116 -2.879 -2.799 -2.628 -2.514 -2.613 -2.627 -2.236 -2.28 -2.584 -2.177 -2.18 -2.037 -1.658 -1.784 -1.768 -1.562 -1.58 -1.627 -1.534 -1.322 -1.141 -1.221 -1.454 -1.558 -1.325 -1.197 -0.817 -1.113 -1.405 -1.742 -1.727 -1.948 -1.748 -1.5 -1.408 -1.478 -1.482 -1.324 -1.745 -1.364 -1.432 -1.265 -1.147 -1.322 -1.347 -1.531 -1.501 -1.189 -0.85 -0.843 -1.217 -1.243 -1.213 -1.057 -1.374 -1.534 -1.609 -1.334 -1.414 -1.196 -0.844 -0.915 -1.267
-1.304 -1.036 -0.791 -0.382 0.277 -0.82 -1.555 -1.892 -2.293 -2.457 -2.564 -3.014 -3.063 -2.985 -2.814 -2.891 -3.138 -3.223 -2.919 -2.815 -2.827 -2.759 -2.381 -1.928 -1.793 -1.93 -2.268 -2.163 -2.034 -1.982 -1.87 -1.643 -1.482 -1.52 -1.656 -1.731 -1.533 -1.237 -1.004 -0.587 -0.927 -1.44 -1.71 -1.903 -2.06 -1.834 -1.689 -1.766 -1.779 -1.587 -1.373 -1.775 -1.571 -1.705 -1.515 -0.978 -1.057 -1.262 -1.248 -1.031 -0.714 -0.448 -0.89 -1.2 -0.976 -0.854 -0.909 -1.016 -1.115 -1.212 -1.33 -1.558 -1.284 -0.903 -0.746 -0.844
-0.936 -0.743 -0.464 -0.287 0.174 -0.641 -1.563 -2.385 -2.94 -3.059 -2.803 -2.712 -2.827 -3.058 -2.766 -2.673 -2.944 -3.188 -2.739 -2.757 -3.024 -3.125 -2.552 -2.2 -2.043 -2.406 -2.421 -2.166 -1.946 -1.761 -1.625 -1.563 -1.699 -1.827 -1.725 -1.565 -1.325 -0.94 -0.547 -0.346 -0.756 -1.192 -1.514 -1.834 -1.732 -1.957 -1.979 -2.093 -1.866 -1.729 -1.67 -1.789 -1.712 -1.455 -1.441 -0.999 -0.599 -0.583 -0.5 -0.423 -0.236 -0.511 -0.947 -0.984 -0.751 -0.902 -1.056 -1.19 -1.188 -1.262 -1.343 -1.39 -1.196 -1.068 -0.865 -0.7
-0.667 -0.618 -0.637 -0.612 -0.037 -0.503 -1.354 -2.168 -2.754 -3.081 -2.772 -2.474 -2.483 -2.702 -2.66 -2.564 -2.725 -3.119 -2.788 -2.49 -2.74 -3.08 -2.811 -2.603 -2.467 -2.567 -2.265 -2.018 -1.913 -1.897 -1.936 -1.903 -1.857 -1.735 -1.562 -1.295 -0.992 -0.545 -0.235 -0.372 -0.537 -0.764 -1.169 -1.495 -1.419 -1.972 -1.859 -1.915 -2.066 -1.707 -1.565 -1.359 -1.282 -0.98 -0.871 -0.638 -0.288 -0.047 0.048 0.053 -0.03 -0.412 -0.607 -0.627 -0.461 -0.731 -0.795 -0.995 -1.174 -1.441 -1.476 -1.454 -1.359 -1.283 -1.172 -0.962
-1.016 -1.246 -1.074 -0.735 -0.23 -0.73 -1.448 -1.942 -2.185 -2.838 -2.92 -2.532 -2.248 -2.23 -2.327 -2.423 -2.636 -2.951 -2.78 -2.438 -2.386 -2.507 -2.612 -2.634 -2.421 -2.543 -2.445 -2.225 -2.019 -1.76 -1.879 -1.744 -1.668 -1.364 -1.156 -0.948 -0.527 -0.247 -0.385 -0.832 -0.872 -0.883 -0.889 -0.881 -1.521 -1.72 -1.601 -2.04 -2.032 -1.512 -1.241 -0.984 -0.776 -0.456 -0.224 -0.19 -0.231 -0.289 -0.237 -0.212 0.02 0.036 -0.027 0.042 0.063 -0.031 -0.12 -0.337 -0.59 -1.171 -1.319 -1.379 -1.374 -1.282 -1.379 -1.318
-1.819 -1.556 -0.904 -0.585 -0.532 -1.112 -1.847 -2.375 -2.654 -3.032 -2.835 -2.732 -2.396 -2.08 -2.048 -2.198 -2.495 -2.508 -2.67 -2.487 -2.241 -2.149 -2.161 -2.315 -2.231 -2.461 -2.611 -2.239 -1.973 -1.52 -1.249 -1.56 -1.245 -1.127 -0.739 -0.401 -0.205 -0.401 -0.807 -1.224 -1.276 -1.201 -1.201 -1.252 -1.16 -1.391 -1.852 -1.956 -1.698 -1.167 -0.8 -0.498 -0.309 -0.291 -0.513 -0.608 -0.841 -0.866 -0.818 -0.685 -0.442 -0.328 -0.246 -0.079 0.112 0.203 0.226 0.086 -0.168 -0.688 -0.757 -0.791 -0.865 -0.852 -1.029 -1.07
-1.784 -1.358 -1.004 -0.949 -1.156 -1.709 -2.37 -2.995 -3.193 -3.018 -2.598 -2.454 -2.267 -2.04 -1.946 -1.964 -2.199 -2.544 -2.864 -2.675 -2.388 -2.193 -2.005 -1.954 -2.155 -2.439 -2.499 -2.183 -2.094 -1.632 -1.013 -1.151 -0.979 -0.545 -0.268 -0.182 -0.284 -0.602 -0.986 -1.423 -1.671 -1.755 -1.507 -1.672 -1.428 -1.592 -1.846 -1.562 -1.247 -0.797 -0.454 -0.43 -0.685 -0.726 -1.048 -1.021 -1.375 -1.289 -1.242 -1.059 -0.864 -0.733 -0.709 -0.702 -0.462 -0.344 -0.145 0.176 0.154 -0.174 -0.033 -0.129 -0.236 -0.346 -0.6 -0.667
-1.722 -1.474 -1.296 -1.336 -1.647 -2.34 -3.035 -3.056 -2.963 -2.781 -2.483 -2.229 -2.086 -1.993 -1.926 -1.87 -1.972 -2.477 -2.827 -3.001 -2.803 -2.532 -2.016 -1.779 -2.378 -2.139 -2.167 -1.815 -1.645 -1.681 -1.207 -0.603 -0.493 -0.231 -0.231 -0.465 -0.761 -0.803 -0.781 -1.129 -1.547 -1.938 -1.896 -1.791 -1.709 -1.75 -1.565 -1.16 -0.777 -0.55 -0.547 -0.926 -1.15 -1.139 -1.357 -1.475 -1.503 -1.261 -1.09 -1.08 -1.141 -1.052 -1.018 -1.141 -0.941 -1.005 -0.887 -0.277 0.196 0.252 0.319 0.335 0.369 0.154 -0.163 -0.31
-2.19 -1.897 -1.765 -2.027 -2.491 -2.765 -2.739 -2.936 -2.779 -2.523 -2.345 -2.194 -2.14 -2.165 -2.142 -1.8 -1.761 -1.97 -2.312 -2.858 -2.756 -2.376 -1.819 -1.597 -2.308 -1.944 -1.707 -1.828 -1.293 -1.344 -0.948 -0.472 -0.223 -0.264 -0.582 -0.956 -1.235 -1.324 -1.316 -0.922 -1.291 -1.635 -1.755 -1.672 -1.484 -1.365 -1.159 -0.816 -0.661 -0.85 -0.96 -1.251 -1.478 -1.409 -1.429 -1.482 -1.282 -1.035 -0.872 -0.697 -0.823 -1.041 -1.262 -1.415 -1.386 -1.464 -1.146 -0.679 -0.293 0.152 0.187 0.221 0.498 0.579 0.384 0.087
-2.553 -2.418 -2.637 -2.438 -2.364 -2.546 -2.353 -2.612 -2.711 -2.467 -2.327 -2.486 -2.697 -2.905 -2.559 -1.987 -1.676 -1.629 -2.017 -2.505 -2.289 -2.018 -1.467 -1.513 -2.202 -1.826 -1.351 -1.426 -1.206 -0.813 -0.459 -0.182 -0.304 -0.641 -0.926 -1.328 -1.576 -1.675 -1.492 -1.2 -1.035 -1.498 -1.632 -1.389 -1.19 -1.134 -0.976 -0.853 -1.005 -1.285 -1.454 -1.526 -1.67 -1.578 -1.5 -1.419 -1.392 -1.278 -1.172 -0.889 -0.582 -0.578 -1.04 -1.288 -1.496 -1.484 -1.255 -1.017 -0.678 -0.403 -0.225 0.059 0.158 0.469 0.701 0.396
-2.258 -2.088 -2.325 -1.82 -1.855 -2.141 -2.135 -2.137 -2.284 -2.722 -2.781 -3.241 -2.859 -2.583 -2.682 -2.28 -1.754 -1.574 -1.731 -2.311 -1.953 -1.393 -1.138 -1.595 -2.049 -1.808 -1.414 -0.915 -0.856 -0.42 -0.185 -0.223 -0.593 -1.07 -1.087 -1.479 -1.763 -1.697 -1.472 -1.389 -1.19 -1.605 -1.663 -1.485 -1.33 -1.281 -1.212 -1.231 -1.382 -1.577 -1.671 -1.642 -1.686 -1.772 -1.511 -1.324 -1.268 -1.285 -1.451 -1.159 -0.785 -0.491 -0.508 -0.908 -1.115 -1.116 -1.351 -1.384 -1.078 -0.858 -0.515 -0.258 -0.358 -0.109 0.213 0.639
-1.896 -1.551 -2.019 -1.641 -1.58 -1.737 -1.725 -2.042 -2.615 -2.485 -2.711 -3.106 -2.651 -2.158 -2.226 -2.39 -1.867 -1.516 -1.581 -2.14 -1.864 -1.193 -0.939 -1.588 -1.775 -1.547 -1.214 -0.687 -0.392 -0.179 -0.269 -0.531 -0.806 -1.291 -1.365 -1.391 -1.841 -1.79 -1.681 -1.673 -1.457 -1.749 -1.804 -1.692 -1.607 -1.453 -1.422 -1.622 -1.701 -1.705 -1.509 -1.341 -1.485 -1.701 -1.559 -1.42 -1.136 -0.898 -1.356 -1.413 -1.225 -0.863 -0.367 -0.542 -0.83 -0.974 -1.436 -1.436 -1.111 -0.894 -0.525 -0.296 -0.568 -0.187 0.023 0.632
-1.748 -1.206 -1.602 -1.33 -1.222 -1.395 -1.73 -2.495 -2.692 -2.168 -2.223 -2.574 -2.666 -2.131 -1.82 -2.023 -1.922 -1.436 -1.489 -1.926 -1.649 -1.151 -0.681 -1.221 -1.537 -1.243 -0.817 -0.387 -0.143 -0.267 -0.661 -1.004 -0.821 -1.358 -1.643 -1.626 -1.998 -1.98 -1.815 -1.736 -1.373 -1.66 -1.933 -1.726 -1.53 -1.299 -1.412 -1.883 -1.88 -1.709 -1.408 -1.014 -1.153 -1.525 -1.689 -1.361 -0.971 -0.693 -0.966 -1.411 -1.208 -0.916 -0.3 -0.317 -0.964 -1.275 -1.565 -1.304 -1.036 -0.717 -0.396 -0.461 -0.993 -0.455 -0.209 0.4
-1.32 -0.979 -1.091 -1.002 -1.16 -1.605 -2.138 -2.478 -2.631 -2.098 -1.849 -2.31 -2.817 -2.423 -2.071 -1.71 -1.522 -1.343 -1.424 -1.643 -1.552 -1.06 -0.39 -0.689 -1.118 -0.916 -0.402 -0.163 -0.297 -0.69 -1.032 -1.435 -0.992 -1.145 -1.701 -2.033 -2.211 -2.104 -1.944 -1.752 -1.348 -1.252 -1.618 -1.541 -1.344 -1.241 -1.412 -1.762 -1.675 -1.432 -1.189 -0.787 -1.115 -1.63 -1.644 -1.278 -1.037 -0.588 -0.79 -1.406 -1.106 -0.596 -0.138 -0.244 -0.818 -1.236 -1.786 -1.845 -1.52 -1.09 -1.186 -1.355 -1.457 -1.008 -0.594 -0.066
-0.812 -0.803 -1.041 -1.303 -1.626 -2.083 -2.156 -2.028 -2.287 -1.866 -1.805 -2.395 -2.75 -2.483 -2.221 -1.75 -1.23 -1.255 -1.478 -1.723 -1.516 -0.976 -0.19 -0.289 -0.669 -0.463 -0.168 -0.335 -0.692 -1.135 -1.351 -1.646 -1.287 -0.976 -1.622 -2.316 -2.349 -2.258 -1.841 -1.548 -1.378 -1.063 -1.047 -1.064 -1.091 -1.239 -1.447 -1.772 -1.555 -1.415 -1.149 -0.829 -0.757 -1.377 -1.531 -1.127 -0.753 -0.251 -0.431 -1.069 -1.149 -0.636 -0.037 -0.21 -0.773 -1.242 -1.516 -1.775 -1.924 -1.651 -1.617 -1.576 -1.46 -0.945 -0.53 -0.136
-0.862 -1.124 -1.559 -2.075 -2.371 -2.318 -2.096 -1.882 -1.853 -1.62 -1.715 -2.201 -2.387 -2.086 -1.858 -1.473 -1.128 -1.24 -1.661 -1.726 -1.321 -0.773 -0.123 -0.044 -0.332 -0.146 -0.335 -0.74 -1.11 -1.436 -1.637 -1.776 -1.66 -1.394 -1.669 -2.381 -2.306 -2.106 -1.671 -1.715 -1.729 -1.259 -0.805 -0.778 -0.823 -1.32 -1.704 -2.072 -1.962 -1.731 -1.401 -0.479 -0.383 -1.038 -1.345 -1.377 -1.118 -0.461 0.146 -0.44 -0.625 -0.335 0.033 -0.515 -1.02 -1.265 -1.037 -1.177 -1.603 -1.584 -1.321 -1.142 -0.947 -0.552 -0.129 0.159
-1.463 -1.826 -2.211 -2.564 -2.729 -2.599 -2.587 -2.18 -1.831 -1.799 -1.596 -1.621 -1.849 -1.595 -1.459 -1.096 -1.046 -1.394 -1.698 -1.448 -1.083 -0.566 0.003 0.041 -0.085 -0.328 -0.721 -1.155 -1.444 -1.556 -1.582 -1.866 -2.144 -1.99 -2.022 -2.132 -1.966 -1.725 -1.606 -1.861 -1.799 -1.296 -1.199 -0.716 -0.956 -1.294 -1.646 -2.136 -2.274 -2.084 -1.382 -0.388 0.174 -0.241 -0.976 -1.479 -1.074 -0.552 0.034 0.156 0.196 0.313 0.088 -0.675 -1.179 -0.934 -0.619 -0.776 -1.382 -1.589 -1.203 -0.871 -0.568 -0.33 -0.155 -0.14
-2.09 -2.364 -2.496 -2.43 -2.316 -2.494 -2.477 -2.501 -2.248 -2.111 -1.917 -1.457 -1.281 -1.113 -0.969 -0.901 -1.103 -1.407 -1.377 -1.154 -0.754 -0.262 0.147 0.045 -0.219 -0.631 -1.134 -1.366 -1.334 -1.306 -1.7 -2.014 -2.156 -2.121 -2.199 -2.221 -2.1 -1.734 -1.81 -1.977 -1.727 -1.438 -1.418 -0.724 -0.589 -1.317 -1.664 -2.069 -1.905 -1.535 -0.96 -0.426 0.146 0.266 -0.676 -1.047 -1.236 -0.812 -0.232 -0.393 -0.181 0.35 0.36 -0.326 -0.652 -0.43 -0.489 -0.95 -1.374 -1.427 -1.361 -1.122 -0.804 -0.619 -0.893 -0.698
-2.647 -2.439 -2.196 -2.035 -1.976 -2.024 -1.96 -2.375 -2.115 -1.888 -1.826 -1.349 -0.857 -0.656 -0.815 -1.146 -1.14 -1.112 -1.053 -0.695 -0.303 0.099 0.202 -0.153 -0.655 -0.788 -0.999 -1.069 -1.25 -1.629 -1.74 -1.747 -1.718 -1.532 -1.84 -1.956 -2.068 -1.893 -1.823 -1.724 -1.735 -1.846 -1.411 -0.874 -0.33 -1.04 -1.463 -1.694 -1.721 -1.255 -1.105 -0.915 -0.262 0.508 -0.129 -0.746 -1.281 -0.95 -0.746 -0.915 -0.477 -0.04 0.499 0.264 -0.011 0.042 -0.561 -1.058 -1.316 -0.918 -0.95 -1.005 -0.797 -0.805 -1.271 -0.884
-2.643 -2.445 -2.001 -1.583 -1.878 -1.854 -1.572 -2.145 -1.672 -1.448 -1.495 -1.066 -0.516 -0.748 -1.078 -1.094 -0.911 -0.782 -0.491 -0.294 0.055 0.239 0.04 -0.338 -0.466 -0.963 -1.181 -1.42 -1.605 -1.447 -1.466 -1.464 -1.315 -1.455 -1.547 -1.861 -2.225 -2.036 -1.688 -1.39 -1.401 -1.478 -1.421 -0.903 -0.222 -0.651 -1.182 -1.678 -1.512 -1.242 -1.339 -0.965 -0.451 0.378 0.128 -0.661 -1.103 -1.226 -1.108 -1.059 -0.752 -0.276 0.392 0.533 0.006 -0.043 -0.563 -1.166 -1.414 -0.893 -0.587 -0.476 -0.313 -0.263 -0.885 -1.191
-2.027 -2.104 -1.796 -1.472 -1.669 -1.839 -1.224 -1.815 -1.432 -1.205 -1.208 -0.911 -0.459 -0.927 -0.882 -0.749 -0.428 -0.136 0.076 0.277 0.321 0.174 -0.035 -0.083 -0.576 -0.994 -1.237 -1.082 -0.954 -1.082 -1.026 -0.994 -1.072 -1.209 -1.419 -1.779 -1.892 -1.838 -1.537 -1.3 -1.429 -1.295 -1.097 -0.824 -0.236 -0.434 -1.043 -1.587 -1.627 -1.286 -1.287 -1.002 -0.494 0.259 0.428 -0.013 -0.42 -0.821 -0.847 -1.022 -0.633 -0.119 0.51 0.39 -0.24 -0.497 -0.564 -1.107 -1.393 -1.166 -1.047 -0.848 -0.51 0.078 -0.537 -1.274
-1.624 -1.862 -1.193 -1.09 -1.669 -1.842 -1.002 -1.534 -1.291 -1.037 -0.813 -0.507 -0.38 -0.883 -0.423 -0.11 0.117 0.396 0.379 0.243 0.098 -0.235 -0.623 -0.349 -0.455 -0.829 -0.589 -0.502 -0.521 -0.725 -0.989 -1.25 -1.512 -1.556 -1.486 -1.389 -1.438 -1.632 -1.692 -1.46 -1.662 -1.708 -1.395 -1.011 -0.357 -0.215 -0.886 -1.475 -1.54 -1.196 -0.861 -0.858 -0.342 0.174 0.278 0.458 0.377 -0.077 -0.613 -0.647 -0.068 0.386 0.646 0.085 -0.535 -0.782 -0.931 -1.049 -0.901 -0.687 -0.837 -0.911 -0.371 0.239 -0.468 -1.265
-1.627 -1.644 -0.778 -1.274 -1.851 -1.924 -0.975 -1.137 -1.27 -0.774 -0.328 -0.181 -0.497 -0.709 -0.09 0.323 0.459 0.154 -0.092 -0.272 -0.342 -0.876 -1.172 -1.001 -0.402 -0.317 -0.445 -0.78 -0.869 -0.941 -1.48 -1.802 -1.85 -1.627 -1.478 -1.044 -1.299 -1.531 -1.739 -1.639 -1.568 -1.805 -1.745 -1.32 -0.517 -0.207 -0.979 -1.52 -1.5 -1.087 -0.534 -0.293 -0.128 -0.334 -0.576 -0.08 0.542 0.539 -0.03 0.182 0.531 0.658 0.453 -0.196 -0.769 -0.953 -1.311 -1.317 -0.764 -0.158 -0.016 -0.17 0.168 0.056 -0.766 -1.069
-1.667 -1.69 -0.656 -0.919 -1.456 -1.829 -1.081 -0.839 -1.36 -0.75 -0.007 -0.035 -0.485 -0.23 0.25 0.49 0.112 -0.305 -0.675 -0.974 -0.843 -1.307 -1.547 -1.34 -0.857 -0.394 -0.769 -1.16 -1.256 -1.163 -1.502 -1.701 -1.742 -1.307 -1.178 -1.015 -1.308 -1.551 -1.698 -1.484 -1.215 -1.421 -1.35 -1.004 -0.382 -0.271 -1.032 -1.62 -1.534 -1.184 -0.801 -0.59 -0.658 -1.083 -0.943 -0.493 -0.134 0.511 0.761 0.804 0.419 0.276 -0.08 -0.103 -0.563 -1.098 -1.161 -1.321 -0.871 -0.455 -0.324 0.198 0.315 0.402 -0.139 -0.322
-1.493 -1.426 -0.505 -0.698 -1.238 -1.744 -1.209 -0.652 -1.288 -0.841 0.071 0.151 0.047 0.304 0.517 0.18 -0.323 -0.57 -1.082 -1.516 -1.49 -1.507 -1.312 -1.081 -0.903 -0.482 -0.821 -1.305 -1.53 -1.572 -1.606 -1.519 -1.558 -1.188 -0.917 -1.045 -1.293 -1.5 -1.57 -1.112 -0.673 -0.767 -0.594 -0.305 -0.107 -0.367 -0.93 -1.478 -1.541 -1.455 -1.351 -1.246 -1.204 -1.261 -1.151 -0.895 -0.565 -0.013 0.824 0.872 0.195 -0.157 -0.177 -0.528 -0.617 -0.976 -0.631 -1.075 -1.341 -1.138 -0.681 -0.461 -0.226 0.4 0.314 -0.055
-0.982 -1.078 -0.399 -0.562 -1.214 -1.332 -1.177 -0.548 -0.932 -0.608 0.21 0.432 0.527 0.609 0.332 -0.139 -0.526 -1.088 -1.499 -1.899 -1.668 -1.378 -1.152 -1.164 -0.989 -0.743 -0.83 -1.33 -1.698 -1.997 -1.707 -1.275 -1.169 -0.984 -0.893 -1.199 -1.434 -1.506 -1.568 -1.113 -0.639 -0.244 0.15 0.142 -0.215 -0.686 -1.101 -1.448 -1.276 -1.167 -1.216 -1.078 -1.111 -0.932 -0.998 -1.134 -0.753 -0.055 0.864 0.696 0.172 -0.179 -0.566 -0.727 -1.059 -0.853 -0.334 -0.827 -1.061 -1.136 -1.08 -0.964 -0.241 0.361 0.258 -0.574
