data/climatemaps/RS_maps/climate_winter_tmin_2015.asc
NCOLS 369 
NROWS 228 
XLLCORNER 479000 
YLLCORNER 73000 
CELLSIZE 1000 
NODATA_value -9 
[rows 102 to 135 of 228, columns 77 to 153 of 369]
1.378 1.368 1.367 1.36 1.352 1.347 1.345 1.337 1.328 1.303 1.278 1.26 1.235 1.242 1.275 1.297 1.298 1.299 1.299 1.291 1.276 1.254 1.212 1.186 1.211 1.219 1.219 1.206 1.222 1.181 1.131 1.119 1.109 1.128 1.129 1.134 1.118 1.11 1.125 1.116 1.123 1.103 1.121 1.128 1.139 1.118 1.107 1.1 1.071 1.032 0.99 0.987 1.053 1.01 0.919 0.89 0.937 0.909 0.808 0.803 0.797 0.753 0.728 0.666 0.737 0.802 0.87 0.914 0.882 0.882 0.888 0.869 0.841 0.785 0.682 0.688 0.751
1.378 1.373 1.364 1.362 1.357 1.352 1.347 1.335 1.303 1.279 1.236 1.236 1.227 1.274 1.308 1.309 1.3 1.299 1.293 1.277 1.251 1.219 1.187 1.183 1.19 1.202 1.209 1.201 1.222 1.174 1.15 1.132 1.125 1.119 1.103 1.099 1.077 1.076 1.104 1.116 1.077 1.069 1.105 1.095 1.095 1.121 1.119 1.107 1.088 1.075 1.058 1.033 1.037 1.032 0.982 0.944 0.905 0.907 0.879 0.838 0.792 0.753 0.709 0.657 0.736 0.832 0.909 0.886 0.823 0.803 0.788 0.828 0.866 0.797 0.716 0.791 0.711
1.38 1.373 1.373 1.363 1.357 1.354 1.343 1.322 1.288 1.265 1.265 1.271 1.293 1.306 1.31 1.31 1.305 1.296 1.282 1.262 1.232 1.2 1.182 1.173 1.179 1.199 1.195 1.197 1.213 1.166 1.141 1.124 1.105 1.101 1.098 1.08 1.065 1.063 1.099 1.068 1.066 1.093 1.08 1.003 0.959 1.07 1.113 1.133 1.11 1.065 1.065 1.06 1.014 1.02 1.018 0.971 0.906 0.899 0.88 0.808 0.75 0.742 0.745 0.746 0.756 0.851 0.897 0.88 0.774 0.714 0.663 0.744 0.797 0.834 0.824 0.787 0.711
1.385 1.374 1.373 1.366 1.357 1.351 1.328 1.298 1.285 1.281 1.3 1.315 1.312 1.31 1.31 1.307 1.297 1.287 1.27 1.243 1.212 1.199 1.184 1.169 1.179 1.199 1.2 1.195 1.212 1.176 1.16 1.12 1.099 1.09 1.089 1.08 1.066 1.074 1.075 1.044 1.061 1.059 1.045 1.015 0.957 0.989 1.096 1.134 1.132 1.098 1.067 1.072 1.05 1.03 1.016 0.974 0.929 0.903 0.875 0.808 0.797 0.794 0.777 0.769 0.826 0.872 0.83 0.857 0.852 0.793 0.671 0.631 0.699 0.727 0.732 0.717 0.723
1.39 1.38 1.375 1.366 1.355 1.335 1.31 1.29 1.285 1.302 1.321 1.315 1.315 1.305 1.304 1.298 1.279 1.273 1.248 1.212 1.178 1.196 1.2 1.187 1.186 1.189 1.194 1.204 1.21 1.165 1.143 1.138 1.125 1.121 1.098 1.087 1.08 1.088 1.047 1.007 1.037 1.032 1.011 0.918 0.951 0.965 0.991 1.102 1.124 1.124 1.106 1.088 1.056 1.041 1.007 0.942 0.887 0.849 0.869 0.896 0.902 0.897 0.869 0.849 0.872 0.834 0.743 0.737 0.839 0.816 0.731 0.675 0.617 0.686 0.662 0.622 0.59
1.394 1.385 1.375 1.359 1.345 1.321 1.308 1.294 1.293 1.317 1.326 1.316 1.315 1.308 1.301 1.282 1.274 1.248 1.213 1.184 1.188 1.201 1.195 1.198 1.178 1.174 1.209 1.195 1.185 1.182 1.177 1.166 1.151 1.152 1.138 1.113 1.105 1.094 1.04 1.058 1.043 1.018 0.978 0.893 0.873 0.866 0.895 1.018 1.111 1.112 1.109 1.1 1.073 1.039 1.002 0.917 0.817 0.793 0.877 0.933 0.921 0.884 0.841 0.874 0.847 0.783 0.765 0.669 0.734 0.823 0.827 0.709 0.587 0.621 0.574 0.502 0.55
1.395 1.384 1.362 1.345 1.331 1.321 1.317 1.317 1.319 1.325 1.326 1.318 1.315 1.304 1.285 1.26 1.257 1.231 1.217 1.189 1.196 1.174 1.167 1.169 1.175 1.186 1.193 1.168 1.145 1.142 1.147 1.147 1.125 1.128 1.114 1.097 1.087 1.112 1.055 1.039 1.009 0.974 0.952 0.888 0.846 0.834 0.877 0.958 1.092 1.06 1.046 1.103 1.093 1.054 1.008 0.939 0.866 0.883 0.944 0.921 0.86 0.799 0.772 0.814 0.753 0.72 0.723 0.65 0.635 0.735 0.829 0.718 0.628 0.573 0.538 0.438 0.52
1.395 1.374 1.345 1.335 1.328 1.327 1.331 1.335 1.334 1.328 1.326 1.317 1.31 1.284 1.253 1.248 1.222 1.212 1.214 1.201 1.18 1.153 1.149 1.162 1.188 1.189 1.174 1.154 1.128 1.115 1.115 1.118 1.117 1.115 1.081 1.054 1.044 1.088 1.042 0.991 0.979 0.952 0.936 0.916 0.865 0.832 0.872 0.981 1.099 0.955 0.931 1.07 1.1 1.074 1.028 0.987 0.951 0.957 0.954 0.864 0.796 0.72 0.725 0.726 0.649 0.626 0.666 0.667 0.616 0.701 0.766 0.811 0.721 0.63 0.553 0.441 0.507
1.383 1.36 1.337 1.333 1.337 1.342 1.346 1.339 1.334 1.331 1.324 1.313 1.288 1.246 1.224 1.233 1.195 1.192 1.198 1.186 1.165 1.127 1.143 1.183 1.182 1.17 1.149 1.13 1.121 1.108 1.102 1.097 1.083 1.086 1.064 1.025 1.006 1.054 1.034 0.979 0.955 0.915 0.872 0.888 0.899 0.861 0.873 1.005 1.105 0.941 0.882 0.985 1.09 1.086 1.04 0.981 0.918 0.926 0.938 0.796 0.728 0.633 0.638 0.606 0.601 0.609 0.678 0.725 0.703 0.729 0.749 0.808 0.755 0.648 0.531 0.477 0.455
1.371 1.352 1.336 1.341 1.352 1.355 1.349 1.341 1.334 1.324 1.312 1.278 1.251 1.225 1.233 1.21 1.193 1.189 1.181 1.156 1.164 1.135 1.164 1.183 1.167 1.147 1.118 1.104 1.093 1.096 1.101 1.087 1.064 1.057 1.05 0.978 1.002 1.036 1.009 0.987 0.969 0.907 0.87 0.852 0.844 0.841 0.859 0.992 1.106 0.951 0.865 0.911 1.055 1.094 1.055 0.974 0.89 0.909 0.894 0.707 0.661 0.617 0.633 0.64 0.66 0.696 0.722 0.742 0.712 0.728 0.723 0.746 0.742 0.666 0.558 0.523 0.445
1.369 1.356 1.341 1.358 1.365 1.359 1.353 1.345 1.336 1.309 1.279 1.227 1.198 1.207 1.227 1.198 1.185 1.169 1.141 1.128 1.166 1.181 1.18 1.168 1.159 1.134 1.102 1.09 1.083 1.08 1.089 1.072 1.04 1.019 1.035 0.997 1.016 1.008 0.967 0.959 0.964 0.928 0.914 0.879 0.831 0.771 0.803 0.953 1.099 1.011 0.889 0.884 1.03 1.098 1.072 0.991 0.895 0.911 0.898 0.767 0.735 0.715 0.699 0.702 0.68 0.669 0.727 0.709 0.625 0.626 0.625 0.706 0.696 0.663 0.584 0.483 0.358
1.373 1.362 1.368 1.371 1.367 1.359 1.353 1.342 1.325 1.296 1.243 1.205 1.191 1.218 1.204 1.185 1.171 1.135 1.139 1.15 1.183 1.194 1.174 1.162 1.139 1.123 1.1 1.087 1.068 1.049 1.075 1.054 1.026 0.994 0.997 1.013 0.995 0.956 0.968 0.972 0.933 0.912 0.889 0.869 0.855 0.793 0.787 0.918 1.081 1.085 0.992 0.927 1.025 1.091 1.076 1.019 0.947 0.967 0.95 0.857 0.78 0.714 0.647 0.652 0.618 0.63 0.697 0.666 0.567 0.518 0.533 0.662 0.713 0.649 0.539 0.4 0.43
1.378 1.382 1.378 1.375 1.367 1.359 1.349 1.333 1.313 1.285 1.251 1.239 1.22 1.192 1.178 1.168 1.154 1.143 1.17 1.181 1.166 1.166 1.177 1.153 1.106 1.1 1.096 1.087 1.06 1.047 1.052 1.03 1.023 0.98 0.982 1.016 0.962 0.926 0.966 0.967 0.96 0.925 0.86 0.787 0.786 0.782 0.781 0.9 1.044 1.103 1.08 1.015 1.033 1.083 1.08 1.045 1.022 1.003 0.91 0.747 0.656 0.579 0.587 0.637 0.633 0.638 0.672 0.682 0.596 0.558 0.504 0.571 0.658 0.661 0.547 0.546 0.614
1.383 1.381 1.373 1.372 1.368 1.356 1.333 1.326 1.313 1.283 1.229 1.216 1.175 1.158 1.153 1.115 1.138 1.167 1.176 1.148 1.138 1.148 1.157 1.15 1.089 1.086 1.091 1.088 1.06 1.051 1.013 0.973 0.978 0.98 0.996 0.965 0.939 0.925 0.931 0.923 0.93 0.925 0.834 0.805 0.811 0.797 0.806 0.874 0.992 1.096 1.094 1.023 1.036 1.062 1.083 1.065 1.051 1.007 0.836 0.688 0.631 0.615 0.699 0.685 0.676 0.667 0.653 0.682 0.692 0.644 0.573 0.478 0.469 0.641 0.688 0.706 0.673
1.365 1.366 1.345 1.352 1.366 1.343 1.323 1.299 1.248 1.271 1.241 1.202 1.177 1.162 1.128 1.117 1.157 1.155 1.137 1.141 1.129 1.112 1.152 1.13 1.078 1.089 1.079 1.055 1.034 1.024 0.983 0.933 0.939 0.958 0.969 0.93 0.921 0.9 0.903 0.92 0.939 0.917 0.897 0.888 0.888 0.885 0.866 0.901 0.969 1.084 1.091 1.025 1.045 1.05 1.083 1.067 1.043 0.985 0.863 0.822 0.771 0.775 0.771 0.716 0.718 0.708 0.704 0.693 0.637 0.579 0.517 0.48 0.419 0.471 0.472 0.514 0.59
1.322 1.338 1.334 1.36 1.362 1.338 1.297 1.235 1.209 1.238 1.234 1.193 1.168 1.147 1.116 1.129 1.154 1.13 1.124 1.095 1.097 1.104 1.15 1.132 1.086 1.083 1.08 1.055 1.008 0.984 0.971 0.933 0.944 0.933 0.916 0.883 0.896 0.862 0.872 0.896 0.917 0.932 0.897 0.823 0.798 0.829 0.889 0.902 0.92 1.054 1.083 1.035 1.051 1.059 1.088 1.059 1.033 0.943 0.918 0.874 0.835 0.804 0.797 0.785 0.758 0.729 0.701 0.663 0.569 0.431 0.35 0.26 0.257 0.267 0.334 0.435 0.397
1.294 1.336 1.353 1.368 1.36 1.32 1.285 1.218 1.209 1.214 1.204 1.208 1.192 1.181 1.161 1.149 1.125 1.12 1.119 1.102 1.095 1.117 1.142 1.09 1.054 1.052 1.057 1.05 1.026 1.009 0.973 0.941 0.937 0.932 0.862 0.863 0.865 0.819 0.834 0.854 0.883 0.904 0.815 0.738 0.67 0.715 0.789 0.879 0.896 1.044 1.077 1.044 1.024 1.064 1.085 1.067 1.06 0.905 0.923 0.85 0.806 0.828 0.841 0.819 0.79 0.731 0.669 0.581 0.517 0.447 0.467 0.4 0.41 0.379 0.409 0.315 0.208
1.313 1.354 1.373 1.368 1.353 1.308 1.26 1.205 1.204 1.202 1.185 1.175 1.158 1.149 1.141 1.123 1.128 1.141 1.155 1.143 1.14 1.142 1.132 1.071 1.027 1.03 1.036 1.012 1.002 0.995 0.98 0.954 0.902 0.902 0.831 0.823 0.787 0.746 0.766 0.832 0.863 0.881 0.856 0.785 0.754 0.769 0.787 0.805 0.86 1.02 1.067 1.045 1.027 1.063 1.082 1.079 1.083 0.991 0.977 0.967 0.927 0.912 0.882 0.845 0.793 0.768 0.673 0.624 0.625 0.602 0.57 0.532 0.523 0.511 0.434 0.222 -0.11
1.331 1.368 1.377 1.369 1.327 1.258 1.207 1.179 1.19 1.177 1.158 1.119 1.099 1.107 1.115 1.12 1.136 1.147 1.127 1.147 1.147 1.127 1.104 1.076 1.037 1.025 1.014 0.975 0.933 0.932 0.931 0.934 0.891 0.863 0.77 0.71 0.675 0.663 0.72 0.806 0.824 0.843 0.807 0.797 0.789 0.74 0.737 0.749 0.869 1.031 1.021 1.011 1 1.047 1.081 1.081 1.08 1.063 1.044 0.997 0.891 0.803 0.734 0.669 0.621 0.686 0.724 0.652 0.583 0.495 0.427 0.337 0.377 0.411 0.393 0.055 -0.156
1.331 1.366 1.383 1.349 1.277 1.221 1.172 1.167 1.17 1.16 1.137 1.092 1.095 1.095 1.103 1.121 1.13 1.123 1.122 1.138 1.114 1.098 1.075 1.066 1.047 1.025 0.99 0.956 0.892 0.878 0.87 0.891 0.893 0.85 0.761 0.681 0.628 0.659 0.722 0.721 0.734 0.741 0.736 0.708 0.66 0.623 0.66 0.776 0.944 1.042 0.975 0.982 1.002 1.021 1.069 1.074 1.073 1.071 1.054 0.931 0.802 0.704 0.627 0.573 0.572 0.607 0.657 0.57 0.481 0.393 0.301 0.207 0.318 0.127 0.154 0.062 0.042
1.342 1.381 1.369 1.309 1.257 1.203 1.159 1.164 1.151 1.13 1.123 1.104 1.102 1.093 1.115 1.117 1.108 1.115 1.135 1.111 1.072 1.05 1.03 1.015 1.03 1.028 0.98 0.942 0.898 0.859 0.81 0.836 0.874 0.904 0.808 0.764 0.707 0.626 0.602 0.575 0.568 0.599 0.611 0.584 0.542 0.472 0.568 0.731 0.919 1.013 0.991 0.974 0.993 1.008 1.053 1.066 1.072 1.073 1.061 0.9 0.786 0.701 0.599 0.498 0.51 0.525 0.581 0.499 0.366 0.332 0.205 0.049 0.082 -0.119 -0.04 0.105 0.178
1.378 1.382 1.329 1.271 1.232 1.185 1.151 1.152 1.131 1.113 1.114 1.103 1.099 1.103 1.121 1.088 1.085 1.099 1.118 1.077 1.024 0.998 0.995 0.994 1.002 1.002 0.965 0.936 0.897 0.811 0.76 0.806 0.857 0.897 0.836 0.783 0.679 0.544 0.443 0.389 0.415 0.46 0.438 0.424 0.416 0.325 0.467 0.667 0.861 0.972 0.983 0.968 0.98 1.002 1.041 1.059 1.065 1.07 1.072 1.008 0.896 0.724 0.607 0.524 0.405 0.43 0.516 0.368 0.233 0.227 0.047 -0.046 -0.131 -0.147 0.004 0.217 0.235
1.397 1.36 1.285 1.224 1.191 1.148 1.125 1.125 1.134 1.136 1.13 1.121 1.114 1.12 1.115 1.083 1.075 1.077 1.09 1.059 1.007 0.983 0.954 0.983 0.966 0.959 0.921 0.911 0.901 0.824 0.792 0.827 0.856 0.866 0.752 0.639 0.505 0.376 0.291 0.28 0.289 0.308 0.241 0.26 0.268 0.247 0.444 0.656 0.798 0.943 0.959 0.934 0.955 0.991 1.017 1.048 1.056 1.067 1.073 1.07 1.006 0.844 0.717 0.561 0.459 0.508 0.494 0.315 0.147 0.015 0.018 0.082 -0.177 -0.094 0.06 0.299 0.361
1.383 1.308 1.239 1.181 1.145 1.113 1.102 1.126 1.146 1.144 1.152 1.141 1.136 1.122 1.1 1.076 1.079 1.067 1.075 1.043 0.996 0.961 0.936 0.92 0.903 0.866 0.856 0.838 0.857 0.851 0.782 0.792 0.833 0.815 0.644 0.475 0.405 0.365 0.316 0.37 0.285 0.238 0.21 0.171 0.174 0.273 0.423 0.51 0.651 0.878 0.93 0.936 0.934 0.975 0.996 1.017 1.041 1.064 1.073 1.076 1.068 1.015 0.867 0.655 0.585 0.644 0.49 0.279 -0.003 -0.045 0.214 -0.049 -0.187 -0.014 0.08 0.306 0.476
1.328 1.269 1.203 1.148 1.117 1.105 1.124 1.152 1.148 1.153 1.128 1.107 1.103 1.093 1.077 1.07 1.062 1.061 1.055 1.01 0.936 0.895 0.901 0.845 0.81 0.757 0.729 0.689 0.76 0.783 0.659 0.651 0.729 0.778 0.672 0.574 0.532 0.494 0.449 0.496 0.397 0.363 0.325 0.241 0.144 0.264 0.269 0.351 0.486 0.667 0.805 0.894 0.931 0.95 0.97 0.984 1.009 1.038 1.069 1.072 1.078 1.074 1.017 0.843 0.778 0.715 0.54 0.233 0.047 0.239 0.08 -0.218 -0.081 0.073 0.256 0.482 0.577
1.28 1.235 1.172 1.137 1.16 1.145 1.157 1.152 1.145 1.125 1.085 1.068 1.057 1.022 1.012 1.031 1.02 1.029 1.035 0.95 0.861 0.821 0.893 0.776 0.675 0.593 0.567 0.629 0.736 0.633 0.449 0.423 0.483 0.666 0.712 0.643 0.636 0.621 0.559 0.467 0.462 0.315 0.26 0.111 0.055 0.046 0.029 0.117 0.17 0.293 0.465 0.607 0.829 0.942 0.966 0.924 0.925 1.004 1.029 1.057 1.077 1.074 1.072 1.035 0.984 0.876 0.717 0.337 0.372 0.084 -0.161 -0.078 0.204 0.144 0.43 0.669 0.405
1.24 1.2 1.154 1.178 1.185 1.168 1.153 1.126 1.121 1.069 1.042 1.023 0.995 0.974 0.964 0.968 0.998 1.046 1.002 0.938 0.912 0.926 0.847 0.69 0.537 0.423 0.517 0.659 0.652 0.56 0.345 0.292 0.449 0.671 0.611 0.392 0.489 0.495 0.399 0.289 0.397 0.101 0.023 -0.141 -0.129 -0.123 -0.084 -0.12 -0.127 -0.07 0.005 0.121 0.411 0.629 0.849 0.97 0.99 1.013 1.02 1.001 1.044 1.071 1.073 1.072 1.068 1.065 0.959 0.676 0.336 -0.039 0.022 0.282 0.366 0.375 0.77 0.56 0.263
1.216 1.176 1.171 1.188 1.166 1.127 1.093 1.119 1.062 0.994 0.982 0.943 0.906 0.814 0.818 0.887 0.953 1.038 1.04 0.962 0.97 0.885 0.754 0.582 0.351 0.392 0.57 0.536 0.499 0.482 0.243 0.299 0.485 0.655 0.467 0.262 0.454 0.431 0.232 0.157 0.28 -0.008 -0.209 -0.141 -0.141 -0.105 0.145 0.224 0.22 0.177 -0.04 -0.141 0.066 0.202 0.468 0.577 0.875 0.982 1.025 0.995 0.985 1.036 1.049 1.072 1.073 1.078 1.075 0.844 0.346 0.279 0.379 0.622 0.48 0.658 0.924 0.598 0.77
1.187 1.174 1.176 1.187 1.16 1.087 1.07 1.099 1.02 0.956 0.902 0.839 0.819 0.747 0.794 0.892 0.95 1.008 1.047 1.013 0.904 0.81 0.679 0.457 0.303 0.422 0.525 0.467 0.353 0.399 0.255 0.375 0.527 0.557 0.318 0.209 0.384 0.469 0.221 0.129 0.136 -0.128 -0.058 0.057 0.218 -0.029 0.087 0.354 0.178 -0.106 -0.089 -0.064 -0.158 -0.068 0.078 0.347 0.659 0.81 0.935 1.005 0.986 0.989 1.011 1.057 1.074 1.078 1.083 0.977 0.739 0.759 0.811 0.934 0.791 0.953 1.048 1.04 1.059
1.175 1.163 1.176 1.19 1.148 1.081 1.087 1.063 0.983 0.916 0.869 0.806 0.792 0.808 0.889 0.968 1.026 1.049 1.037 0.953 0.803 0.712 0.564 0.374 0.257 0.308 0.364 0.42 0.263 0.284 0.225 0.402 0.567 0.501 0.301 0.244 0.294 0.397 0.101 -0.022 -0.032 -0.15 -0.114 -0.053 0.311 0.382 0.397 0.38 0.07 0.005 0.018 0.12 0.173 0.223 0.296 0.279 0.427 0.525 0.89 0.981 0.987 0.953 0.919 0.996 1.061 1.078 1.078 1.08 1.068 1.08 1.083 1.083 1.079 1.079 1.067 1.031 1.047
1.161 1.169 1.184 1.185 1.139 1.099 1.087 1.015 0.958 0.909 0.863 0.825 0.849 0.895 0.942 1.002 1.033 1.041 1.002 0.891 0.737 0.562 0.43 0.377 0.301 0.263 0.307 0.335 0.223 0.283 0.333 0.54 0.565 0.385 0.122 0.153 0.264 0.254 -0.014 -0.149 -0.195 -0.053 0.097 0.304 0.453 0.593 0.519 0.449 0.41 0.471 0.467 0.493 0.584 0.627 0.693 0.745 0.855 0.838 0.814 0.878 0.899 0.94 0.873 0.899 0.983 1.047 1.057 1.075 1.083 1.083 1.083 1.077 1.083 1.052 0.897 0.904 1.054
1.173 1.192 1.187 1.16 1.123 1.109 1.057 0.971 0.925 0.895 0.861 0.848 0.865 0.9 0.957 1.011 1.013 1.017 0.978 0.831 0.647 0.467 0.448 0.454 0.458 0.471 0.421 0.409 0.287 0.296 0.402 0.536 0.412 0.267 0.034 0.038 0.034 -0.028 -0.06 -0.013 0.082 0.287 0.481 0.616 0.704 0.724 0.748 0.736 0.736 0.742 0.765 0.791 0.815 0.829 0.895 0.879 0.823 0.75 0.619 0.452 0.498 0.805 0.881 0.801 0.822 0.891 0.919 1.006 1.058 1.067 1.035 0.993 0.993 0.772 0.488 0.784 0.983
1.179 1.176 1.149 1.114 1.093 1.087 1.048 0.994 0.949 0.904 0.872 0.845 0.84 0.886 0.967 1.012 0.996 1.008 0.965 0.795 0.568 0.464 0.575 0.591 0.611 0.611 0.557 0.462 0.273 0.184 0.233 0.326 0.28 0.114 -0.157 -0.141 -0.17 -0.177 -0.088 0.122 0.34 0.536 0.708 0.715 0.658 0.642 0.694 0.716 0.687 0.677 0.682 0.72 0.676 0.747 0.808 0.68 0.529 0.404 0.175 -0.137 -0.142 0.404 0.818 0.805 0.735 0.721 0.679 0.763 0.878 0.901 0.845 0.711 0.591 0.269 0.425 0.586 0.775
1.193 1.14 1.097 1.057 1.053 1.066 1.05 1.022 0.987 0.931 0.868 0.817 0.844 0.922 0.989 0.995 0.989 1.016 0.963 0.777 0.509 0.462 0.647 0.719 0.638 0.497 0.48 0.411 0.146 0.029 0.126 0.107 0.176 -0.107 -0.246 -0.174 -0.074 -0.155 0.048 0.218 0.436 0.633 0.685 0.579 0.477 0.398 0.414 0.399 0.286 0.247 0.341 0.446 0.425 0.716 0.646 0.416 0.16 0.039 -0.123 -0.348 -0.313 0.132 0.648 0.848 0.74 0.658 0.559 0.449 0.508 0.514 0.566 0.331 0.062 0.159 0.473 0.201 0.341
