data/climatemaps/RS_maps/climate_breeding_pr_2007.asc
NCOLS 369 
NROWS 228 
XLLCORNER 479000 
YLLCORNER 73000 
CELLSIZE 1000 
NODATA_value -9 
[rows 105 to 139 of 228, columns 0 to 76 of 369]
-9 -9 -9 -9 -9 -9 -9 -9 -9 -9 -9 -9 -9 -9 -9 -9 -9 -9 -9 -9 -9 -9 -9 -9 -9 -9 -9 -9 -9 -9 -9 -9 0.306 0.26 0.21 0.158 0.107 0.073 0.075 0.132 0.241 0.377 0.522 0.633 0.697 0.718 0.704 0.666 0.612 0.537 0.45 0.348 0.239 0.125 0.022 -0.05 -0.132 -0.181 -0.185 -0.137 -0.063 0.042 0.171 0.311 0.441 0.543 0.572 0.51 0.366 0.183 -0.005 -0.162 -0.278 -0.343 -0.379 -0.393 -0.394
-9 -9 -9 -9 -9 -9 -9 -9 -9 -9 -9 -9 -9 -9 -9 -9 -9 -9 -9 -9 -9 -9 -9 -9 -9 -9 -9 -9 -9 -9 -9 -9 -9 0.215 0.16 0.103 0.058 0.038 0.05 0.113 0.233 0.372 0.504 0.602 0.659 0.672 0.669 0.642 0.596 0.526 0.434 0.325 0.212 0.096 -0.015 -0.089 -0.132 -0.15 -0.124 -0.054 0.044 0.174 0.313 0.439 0.537 0.589 0.553 0.442 0.262 0.059 -0.127 -0.267 -0.35 -0.388 -0.404 -0.405 -0.399
-9 -9 -9 -9 -9 -9 -9 -9 -9 -9 -9 -9 -9 -9 -9 -9 -9 -9 -9 -9 -9 -9 -9 -9 -9 -9 -9 -9 -9 -9 -9 -9 -9 0.196 0.139 0.085 0.047 0.034 0.052 0.118 0.236 0.365 0.484 0.571 0.621 0.645 0.648 0.621 0.574 0.506 0.421 0.324 0.218 0.119 0.048 -0.002 -0.03 -0.035 0.001 0.078 0.185 0.312 0.433 0.526 0.578 0.571 0.485 0.34 0.142 -0.064 -0.236 -0.35 -0.408 -0.426 -0.427 -0.419 -0.408
-9 -9 -9 -9 -9 -9 -9 -9 -9 -9 -9 -9 -9 -9 -9 -9 -9 -9 -9 -9 -9 -9 -9 -9 -9 -9 -9 -9 -9 -9 -9 -9 -9 0.217 0.16 0.108 0.073 0.058 0.073 0.128 0.239 0.357 0.465 0.551 0.609 0.631 0.621 0.583 0.53 0.465 0.397 0.324 0.274 0.225 0.188 0.153 0.125 0.119 0.15 0.219 0.311 0.411 0.498 0.555 0.565 0.513 0.391 0.225 0.024 -0.172 -0.32 -0.411 -0.451 -0.457 -0.448 -0.434 -0.419
-9 -9 -9 -9 -9 -9 -9 -9 -9 -9 -9 -9 -9 -9 -9 -9 -9 -9 -9 -9 -9 -9 -9 -9 -9 -9 -9 -9 -9 -9 -9 -9 -9 0.261 0.206 0.153 0.113 0.093 0.105 0.142 0.238 0.354 0.468 0.557 0.609 0.617 0.592 0.54 0.476 0.415 0.362 0.35 0.357 0.359 0.349 0.324 0.293 0.274 0.283 0.324 0.383 0.445 0.494 0.514 0.488 0.405 0.268 0.103 -0.088 -0.261 -0.383 -0.454 -0.481 -0.479 -0.465 -0.448 -0.432
-9 -9 -9 -9 -9 -9 -9 -9 -9 -9 -9 -9 -9 -9 -9 -9 -9 -9 -9 -9 -9 -9 -9 -9 -9 -9 -9 -9 -9 -9 -9 -9 -9 0.297 0.24 0.184 0.141 0.12 0.132 0.173 0.27 0.377 0.483 0.565 0.607 0.603 0.563 0.496 0.425 0.372 0.353 0.382 0.43 0.472 0.481 0.454 0.407 0.365 0.344 0.349 0.37 0.391 0.403 0.389 0.337 0.246 0.115 -0.035 -0.199 -0.338 -0.434 -0.487 -0.503 -0.495 -0.479 -0.461 -0.442
-9 -9 -9 -9 -9 -9 -9 -9 -9 -9 -9 -9 -9 -9 -9 -9 -9 -9 -9 -9 -9 -9 -9 -9 -9 -9 -9 -9 -9 -9 -9 -9 -9 0.306 0.241 0.184 0.14 0.129 0.164 0.219 0.309 0.408 0.502 0.573 0.605 0.588 0.534 0.457 0.387 0.346 0.353 0.409 0.481 0.534 0.536 0.488 0.413 0.339 0.285 0.26 0.251 0.247 0.236 0.201 0.136 0.048 -0.064 -0.186 -0.308 -0.411 -0.481 -0.516 -0.521 -0.507 -0.488 -0.468 -0.444
-9 -9 -9 -9 -9 -9 -9 -9 -9 -9 -9 -9 -9 -9 -9 -9 -9 -9 -9 -9 -9 -9 -9 -9 -9 -9 -9 -9 -9 -9 -9 -9 0.347 0.283 0.217 0.165 0.123 0.141 0.189 0.258 0.348 0.442 0.527 0.585 0.604 0.573 0.509 0.429 0.363 0.335 0.357 0.42 0.487 0.525 0.5 0.42 0.312 0.21 0.131 0.083 0.057 0.041 0.019 -0.02 -0.076 -0.147 -0.233 -0.324 -0.41 -0.48 -0.525 -0.54 -0.534 -0.513 -0.488 -0.463 -0.439
-9 -9 -9 -9 -9 -9 -9 -9 -9 -9 -9 -9 -9 -9 -9 -9 -9 -9 -9 -9 -9 -9 -9 -9 -9 -9 -9 -9 -9 -9 -9 -9 0.293 0.227 0.167 0.124 0.108 0.151 0.216 0.298 0.392 0.482 0.556 0.599 0.604 0.563 0.495 0.417 0.356 0.333 0.348 0.391 0.427 0.429 0.371 0.263 0.138 0.015 -0.077 -0.131 -0.162 -0.181 -0.201 -0.228 -0.267 -0.317 -0.379 -0.443 -0.5 -0.541 -0.56 -0.557 -0.535 -0.499 -0.465 -0.444 -0.431
-9 -9 -9 -9 -9 -9 -9 -9 -9 -9 -9 -9 -9 -9 -9 -9 -9 -9 -9 -9 -9 -9 -9 -9 -9 -9 -9 -9 -9 -9 -9 -9 0.206 0.142 0.094 0.065 0.099 0.164 0.244 0.337 0.433 0.518 0.583 0.613 0.607 0.561 0.495 0.424 0.367 0.334 0.32 0.316 0.299 0.256 0.17 0.046 -0.081 -0.188 -0.267 -0.315 -0.343 -0.359 -0.374 -0.393 -0.42 -0.455 -0.497 -0.538 -0.57 -0.587 -0.584 -0.56 -0.512 -0.449 -0.417 -0.414 -0.413
-9 -9 -9 -9 -9 -9 -9 -9 -9 -9 -9 -9 -9 -9 -9 -9 -9 -9 -9 -9 -9 -9 -9 -9 -9 -9 -9 -9 -9 -9 -9 0.183 0.106 0.048 0.01 0.023 0.092 0.173 0.265 0.363 0.457 0.538 0.595 0.618 0.61 0.568 0.511 0.45 0.392 0.337 0.276 0.209 0.131 0.044 -0.065 -0.182 -0.282 -0.362 -0.422 -0.457 -0.479 -0.491 -0.502 -0.515 -0.533 -0.556 -0.582 -0.604 -0.616 -0.611 -0.585 -0.534 -0.451 -0.402 -0.376 -0.368 -0.38
-9 -9 -9 -9 -9 -9 -9 -9 -9 -9 -9 -9 -9 -9 -9 -9 -9 -9 -9 -9 -9 -9 -9 -9 -9 -9 -9 -9 -9 0.307 0.196 0.094 0.015 -0.042 -0.055 -0.002 0.081 0.175 0.271 0.365 0.453 0.527 0.582 0.608 0.608 0.582 0.541 0.491 0.426 0.336 0.218 0.086 -0.041 -0.164 -0.275 -0.369 -0.444 -0.5 -0.539 -0.562 -0.578 -0.585 -0.59 -0.596 -0.605 -0.617 -0.631 -0.639 -0.634 -0.608 -0.553 -0.468 -0.388 -0.347 -0.325 -0.33 -0.334
-9 -9 -9 -9 -9 -9 -9 -9 -9 -9 -9 -9 -9 -9 -9 -9 -9 -9 -9 -9 -9 -9 -9 -9 -9 -9 -9 -9 0.385 0.282 0.152 0.023 -0.067 -0.11 -0.09 -0.026 0.067 0.165 0.257 0.341 0.416 0.483 0.538 0.576 0.595 0.594 0.575 0.534 0.454 0.325 0.153 -0.033 -0.2 -0.334 -0.431 -0.505 -0.56 -0.596 -0.621 -0.635 -0.643 -0.646 -0.643 -0.639 -0.637 -0.64 -0.646 -0.643 -0.621 -0.567 -0.475 -0.384 -0.318 -0.281 -0.272 -0.274 -0.269
-9 -9 -9 -9 -9 -9 -9 -9 -9 -9 -9 -9 -9 -9 -9 -9 -9 -9 -9 -9 -9 -9 -9 -9 -9 -9 0.532 0.477 0.388 0.262 0.114 -0.027 -0.128 -0.15 -0.121 -0.052 0.046 0.143 0.225 0.294 0.351 0.407 0.463 0.516 0.562 0.591 0.595 0.556 0.457 0.291 0.073 -0.151 -0.333 -0.459 -0.54 -0.597 -0.633 -0.656 -0.672 -0.68 -0.683 -0.679 -0.666 -0.648 -0.635 -0.633 -0.635 -0.62 -0.574 -0.488 -0.382 -0.297 -0.236 -0.207 -0.219 -0.205 -0.211
-9 -9 -9 -9 -9 -9 -9 -9 -9 -9 -9 -9 -9 -9 -9 -9 -9 -9 -9 -9 -9 -9 -9 -9 -9 0.599 0.566 0.497 0.387 0.239 0.079 -0.069 -0.165 -0.179 -0.15 -0.08 0.015 0.106 0.179 0.229 0.263 0.303 0.357 0.427 0.502 0.56 0.577 0.53 0.41 0.212 -0.035 -0.267 -0.44 -0.55 -0.615 -0.653 -0.674 -0.691 -0.703 -0.706 -0.705 -0.693 -0.665 -0.631 -0.618 -0.614 -0.605 -0.57 -0.501 -0.399 -0.293 -0.205 -0.149 -0.152 -0.158 -0.154 -0.183
-9 -9 -9 -9 -9 -9 -9 -9 -9 -9 -9 -9 -9 -9 -9 -9 -9 -9 -9 -9 -9 -9 -9 0.629 0.638 0.63 0.591 0.506 0.377 0.217 0.041 -0.104 -0.179 -0.194 -0.168 -0.103 -0.017 0.071 0.133 0.161 0.167 0.185 0.23 0.313 0.408 0.482 0.504 0.446 0.307 0.086 -0.157 -0.372 -0.525 -0.616 -0.665 -0.69 -0.7 -0.713 -0.721 -0.721 -0.713 -0.69 -0.648 -0.611 -0.596 -0.583 -0.561 -0.505 -0.423 -0.312 -0.201 -0.114 -0.082 -0.102 -0.108 -0.129 -0.192
-9 -9 -9 -9 -9 -9 -9 -9 -9 -9 -9 -9 -9 -9 -9 -9 -9 -9 -9 -9 -9 -9 0.645 0.657 0.666 0.653 0.601 0.502 0.362 0.186 0.016 -0.104 -0.168 -0.192 -0.169 -0.111 -0.028 0.054 0.103 0.108 0.083 0.073 0.097 0.173 0.27 0.355 0.378 0.31 0.153 -0.067 -0.285 -0.468 -0.593 -0.664 -0.7 -0.716 -0.723 -0.728 -0.729 -0.722 -0.707 -0.674 -0.629 -0.594 -0.563 -0.543 -0.515 -0.438 -0.337 -0.216 -0.107 -0.037 -0.027 -0.051 -0.079 -0.14 -0.217
-9 -9 -9 -9 -9 -9 -9 -9 -9 -9 -9 -9 -9 -9 -9 -9 -9 -9 -9 -9 -9 0.67 0.675 0.685 0.686 0.661 0.596 0.487 0.344 0.182 0.028 -0.083 -0.149 -0.168 -0.149 -0.086 -0.006 0.068 0.107 0.087 0.024 -0.023 -0.032 0.023 0.106 0.179 0.194 0.121 -0.038 -0.229 -0.409 -0.554 -0.649 -0.701 -0.726 -0.736 -0.737 -0.732 -0.722 -0.707 -0.684 -0.647 -0.603 -0.563 -0.538 -0.525 -0.471 -0.377 -0.254 -0.127 -0.026 0.025 0.02 -0.024 -0.086 -0.169 -0.223
-9 -9 -9 -9 -9 -9 -9 -9 -9 -9 -9 -9 -9 -9 -9 -9 -9 -9 -9 -9 0.72 0.707 0.708 0.709 0.695 0.653 0.575 0.461 0.321 0.173 0.042 -0.053 -0.105 -0.12 -0.093 -0.037 0.039 0.107 0.132 0.086 -0.011 -0.097 -0.138 -0.115 -0.063 -0.016 -0.019 -0.097 -0.23 -0.38 -0.518 -0.625 -0.692 -0.729 -0.746 -0.749 -0.741 -0.723 -0.698 -0.674 -0.644 -0.602 -0.557 -0.525 -0.522 -0.504 -0.423 -0.314 -0.176 -0.051 0.039 0.079 0.061 -0.008 -0.095 -0.15 -0.218
-9 -9 -9 -9 -9 -9 -9 -9 -9 -9 -9 -9 -9 -9 -9 -9 -9 -9 -9 0.795 0.766 0.749 0.739 0.724 0.691 0.629 0.539 0.423 0.293 0.168 0.069 0.003 -0.033 -0.041 -0.02 0.028 0.094 0.147 0.154 0.082 -0.048 -0.152 -0.223 -0.232 -0.211 -0.202 -0.224 -0.289 -0.39 -0.502 -0.601 -0.677 -0.724 -0.751 -0.761 -0.756 -0.733 -0.699 -0.66 -0.627 -0.585 -0.535 -0.492 -0.478 -0.49 -0.468 -0.377 -0.258 -0.111 0.014 0.099 0.132 0.09 0.006 -0.077 -0.141 -0.239
-9 -9 -9 -9 -9 -9 -9 -9 -9 -9 -9 -9 -9 -9 -9 -9 -9 -9 0.882 0.846 0.815 0.789 0.765 0.731 0.675 0.595 0.493 0.379 0.268 0.181 0.123 0.081 0.062 0.057 0.069 0.101 0.146 0.175 0.157 0.066 -0.086 -0.209 -0.292 -0.322 -0.325 -0.333 -0.364 -0.423 -0.5 -0.582 -0.654 -0.708 -0.744 -0.765 -0.771 -0.757 -0.715 -0.666 -0.614 -0.568 -0.508 -0.45 -0.416 -0.42 -0.443 -0.422 -0.334 -0.202 -0.047 0.077 0.159 0.159 0.114 0.034 -0.076 -0.164 -0.271
-9 -9 -9 -9 -9 -9 -9 -9 -9 -9 -9 -9 -9 -9 -9 -9 -9 0.96 0.929 0.893 0.857 0.822 0.783 0.731 0.657 0.558 0.45 0.353 0.274 0.224 0.191 0.174 0.165 0.158 0.155 0.167 0.186 0.189 0.149 0.04 -0.116 -0.243 -0.33 -0.366 -0.381 -0.403 -0.444 -0.501 -0.564 -0.628 -0.68 -0.722 -0.755 -0.774 -0.777 -0.754 -0.702 -0.634 -0.566 -0.501 -0.423 -0.362 -0.337 -0.357 -0.387 -0.372 -0.287 -0.151 -0.005 0.124 0.194 0.179 0.142 0.026 -0.097 -0.198 -0.286
-9 -9 -9 -9 -9 -9 -9 -9 -9 -9 -9 -9 -9 -9 -9 -9 1.013 0.998 0.967 0.928 0.886 0.841 0.791 0.727 0.643 0.537 0.443 0.367 0.314 0.287 0.275 0.269 0.259 0.242 0.222 0.212 0.207 0.188 0.132 0.019 -0.119 -0.237 -0.323 -0.377 -0.412 -0.446 -0.489 -0.544 -0.599 -0.65 -0.689 -0.728 -0.761 -0.778 -0.777 -0.748 -0.688 -0.602 -0.517 -0.432 -0.341 -0.282 -0.264 -0.295 -0.326 -0.318 -0.234 -0.109 0.032 0.151 0.21 0.211 0.138 -0.001 -0.133 -0.239 -0.25
-9 -9 -9 -9 -9 -9 -9 -9 -9 -9 -9 -9 -9 -9 -9 1.019 1.033 1.022 0.991 0.948 0.899 0.848 0.792 0.726 0.644 0.553 0.472 0.413 0.381 0.37 0.366 0.356 0.333 0.298 0.259 0.228 0.205 0.17 0.112 0.015 -0.102 -0.214 -0.306 -0.369 -0.418 -0.466 -0.514 -0.567 -0.615 -0.659 -0.694 -0.733 -0.765 -0.779 -0.773 -0.734 -0.662 -0.562 -0.465 -0.363 -0.268 -0.211 -0.204 -0.241 -0.262 -0.258 -0.175 -0.054 0.077 0.185 0.237 0.213 0.108 -0.01 -0.144 -0.222 -0.184
-9 -9 -9 -9 -9 -9 -9 -9 -9 -9 -9 -9 -9 0.906 0.968 1.012 1.031 1.024 0.995 0.952 0.902 0.851 0.796 0.734 0.661 0.587 0.52 0.479 0.463 0.458 0.45 0.426 0.381 0.325 0.266 0.218 0.184 0.145 0.097 0.012 -0.092 -0.192 -0.279 -0.351 -0.413 -0.472 -0.525 -0.576 -0.622 -0.663 -0.699 -0.737 -0.765 -0.776 -0.762 -0.711 -0.625 -0.515 -0.408 -0.295 -0.205 -0.153 -0.159 -0.189 -0.201 -0.192 -0.109 0.008 0.131 0.213 0.243 0.197 0.088 -0.014 -0.137 -0.161 -0.095
-9 -9 -9 -9 -9 -9 -9 -9 -9 -9 -9 -9 0.795 0.865 0.928 0.976 0.999 0.999 0.977 0.942 0.901 0.857 0.809 0.756 0.696 0.636 0.584 0.554 0.542 0.534 0.513 0.469 0.401 0.324 0.25 0.193 0.153 0.116 0.07 -0.001 -0.089 -0.177 -0.26 -0.339 -0.411 -0.475 -0.531 -0.582 -0.625 -0.665 -0.703 -0.738 -0.762 -0.767 -0.742 -0.679 -0.583 -0.464 -0.351 -0.235 -0.153 -0.111 -0.12 -0.135 -0.141 -0.123 -0.047 0.064 0.178 0.231 0.235 0.163 0.06 -0.049 -0.102 -0.054 0.02
-9 -9 -9 -9 -9 -9 -9 -9 -9 -9 -9 0.691 0.751 0.817 0.876 0.923 0.948 0.955 0.947 0.928 0.901 0.869 0.833 0.793 0.746 0.697 0.654 0.626 0.609 0.587 0.548 0.482 0.394 0.302 0.222 0.159 0.127 0.09 0.046 -0.018 -0.096 -0.176 -0.258 -0.34 -0.416 -0.483 -0.539 -0.589 -0.63 -0.668 -0.703 -0.734 -0.754 -0.751 -0.71 -0.639 -0.534 -0.41 -0.294 -0.185 -0.113 -0.081 -0.077 -0.082 -0.082 -0.049 0.019 0.112 0.206 0.243 0.219 0.111 0.001 -0.054 -0.016 0.061 0.141
-9 -9 -9 -9 -9 -9 -9 -9 -9 -9 0.642 0.67 0.72 0.775 0.826 0.87 0.893 0.911 0.922 0.919 0.906 0.888 0.865 0.836 0.8 0.76 0.721 0.688 0.656 0.613 0.551 0.465 0.364 0.269 0.186 0.136 0.121 0.086 0.036 -0.032 -0.109 -0.189 -0.272 -0.354 -0.43 -0.495 -0.551 -0.598 -0.634 -0.669 -0.701 -0.725 -0.74 -0.727 -0.669 -0.589 -0.48 -0.356 -0.241 -0.142 -0.081 -0.05 -0.033 -0.03 -0.022 0.025 0.086 0.158 0.225 0.24 0.173 0.049 -0.01 0.001 0.059 0.155 0.259
-9 -9 -9 -9 -9 -9 -9 -9 -9 -9 0.671 0.677 0.711 0.75 0.79 0.826 0.859 0.89 0.911 0.922 0.921 0.912 0.897 0.877 0.851 0.816 0.775 0.73 0.678 0.61 0.523 0.42 0.316 0.222 0.169 0.16 0.153 0.114 0.05 -0.035 -0.126 -0.215 -0.3 -0.38 -0.452 -0.515 -0.566 -0.607 -0.637 -0.668 -0.694 -0.711 -0.722 -0.697 -0.624 -0.535 -0.423 -0.304 -0.196 -0.108 -0.053 -0.017 0.012 0.023 0.048 0.102 0.158 0.213 0.242 0.222 0.14 0.035 0.018 0.046 0.104 0.229 0.361
-9 -9 -9 -9 -9 -9 -9 -9 -9 0.734 0.712 0.713 0.725 0.748 0.778 0.812 0.847 0.881 0.911 0.93 0.937 0.934 0.926 0.912 0.891 0.857 0.81 0.75 0.674 0.581 0.472 0.359 0.253 0.197 0.203 0.219 0.22 0.174 0.086 -0.029 -0.146 -0.248 -0.336 -0.411 -0.479 -0.535 -0.576 -0.609 -0.631 -0.655 -0.68 -0.698 -0.702 -0.657 -0.574 -0.477 -0.363 -0.251 -0.155 -0.077 -0.022 0.026 0.063 0.088 0.127 0.183 0.238 0.278 0.267 0.224 0.136 0.046 0.017 0.05 0.128 0.279 0.427
-9 -9 -9 -9 -9 -9 -9 -9 0.809 0.766 0.75 0.756 0.767 0.778 0.803 0.829 0.856 0.888 0.915 0.935 0.944 0.946 0.944 0.936 0.918 0.88 0.823 0.744 0.646 0.531 0.408 0.29 0.225 0.23 0.262 0.305 0.317 0.256 0.135 -0.018 -0.164 -0.28 -0.37 -0.443 -0.501 -0.545 -0.577 -0.604 -0.613 -0.628 -0.653 -0.677 -0.673 -0.613 -0.525 -0.414 -0.299 -0.195 -0.108 -0.037 0.023 0.081 0.123 0.166 0.211 0.277 0.332 0.353 0.32 0.256 0.176 0.095 0.037 0.048 0.148 0.315 0.478
-9 -9 -9 -9 -9 -9 -9 -9 0.831 0.795 0.788 0.804 0.826 0.844 0.861 0.874 0.888 0.906 0.921 0.934 0.941 0.948 0.95 0.946 0.927 0.881 0.809 0.711 0.595 0.468 0.343 0.262 0.252 0.287 0.356 0.421 0.432 0.345 0.187 -0.003 -0.178 -0.305 -0.397 -0.463 -0.507 -0.541 -0.569 -0.587 -0.586 -0.6 -0.629 -0.651 -0.635 -0.571 -0.471 -0.347 -0.233 -0.138 -0.058 0.017 0.086 0.148 0.196 0.252 0.306 0.376 0.425 0.44 0.389 0.332 0.257 0.182 0.086 0.075 0.166 0.332 0.525
-9 -9 -9 -9 -9 -9 -9 -9 0.851 0.823 0.826 0.855 0.89 0.916 0.928 0.932 0.931 0.929 0.928 0.929 0.934 0.942 0.947 0.942 0.916 0.859 0.772 0.66 0.532 0.402 0.318 0.291 0.312 0.38 0.474 0.547 0.548 0.43 0.233 0.008 -0.189 -0.326 -0.412 -0.465 -0.498 -0.525 -0.546 -0.554 -0.552 -0.57 -0.605 -0.617 -0.598 -0.53 -0.413 -0.28 -0.167 -0.08 -0.001 0.078 0.154 0.222 0.282 0.35 0.405 0.475 0.526 0.528 0.475 0.422 0.345 0.271 0.146 0.114 0.185 0.347 0.558
-9 -9 -9 -9 -9 -9 -9 -9 0.871 0.851 0.865 0.905 0.946 0.978 0.989 0.985 0.969 0.951 0.936 0.929 0.93 0.936 0.939 0.926 0.889 0.816 0.717 0.596 0.471 0.384 0.35 0.354 0.409 0.5 0.602 0.67 0.652 0.497 0.263 0.013 -0.201 -0.337 -0.411 -0.452 -0.476 -0.497 -0.512 -0.513 -0.517 -0.536 -0.57 -0.579 -0.556 -0.482 -0.351 -0.218 -0.108 -0.022 0.063 0.146 0.223 0.299 0.378 0.448 0.506 0.569 0.619 0.603 0.557 0.511 0.431 0.362 0.234 0.164 0.232 0.407 0.597
-9 -9 -9 -9 -9 -9 -9 0.937 0.894 0.884 0.905 0.947 0.992 1.023 1.032 1.021 0.996 0.969 0.946 0.933 0.931 0.932 0.93 0.904 0.85 0.762 0.649 0.528 0.446 0.412 0.416 0.457 0.535 0.633 0.726 0.772 0.726 0.537 0.274 0.008 -0.206 -0.332 -0.393 -0.423 -0.439 -0.453 -0.466 -0.471 -0.48 -0.499 -0.528 -0.542 -0.513 -0.432 -0.299 -0.169 -0.06 0.034 0.125 0.21 0.294 0.382 0.473 0.538 0.608 0.662 0.694 0.683 0.637 0.597 0.522 0.454 0.317 0.227 0.31 0.471 0.638
