data/climatemaps/RS_maps/climate_winter_tmin_2017.asc
NCOLS 369 
NROWS 228 
XLLCORNER 479000 
YLLCORNER 73000 
CELLSIZE 1000 
NODATA_value -9 
[rows 170 to 203 of 228, columns 77 to 153 of 369]
0.435 0.836 0.972 0.965 0.947 0.932 0.902 0.806 0.422 0.304 0.425 0.431 0.181 -0.038 -0.488 -0.701 -0.649 -0.687 -0.675 -0.681 -0.55 -0.427 -0.455 -0.391 -0.899 -1.454 -1.729 -1.757 -1.533 -1.527 -1.366 -1.264 -1.202 -1.298 -1.504 -1.562 -1.436 -1.455 -1.548 -1.635 -1.528 -1.295 -1.059 -0.792 -0.354 -0.716 -1.071 -0.963 -0.744 -0.561 -0.341 -0.271 -0.14 -0.197 -0.166 -0.145 -0.182 -0.054 0.109 -0.182 -0.317 -0.413 -0.243 -0.428 -0.461 -0.407 -0.333 0.102 -0.138 -0.307 -0.387 -0.305 -0.299 -0.307 -0.514 -0.55 -0.54
0.323 0.677 0.937 0.951 0.939 0.919 0.904 0.865 0.706 0.592 0.509 0.271 -0.12 -0.391 -0.52 -0.602 -0.634 -0.62 -0.551 -0.55 -0.649 -0.64 -0.844 -0.681 -1.042 -1.575 -1.806 -1.759 -1.619 -1.497 -1.376 -1.255 -1.08 -0.918 -1.184 -1.268 -1.182 -1.417 -1.285 -1.353 -1.264 -1.049 -0.806 -0.551 -0.189 -0.674 -0.773 -0.706 -0.518 -0.311 -0.061 0.097 0.121 0.184 0.24 0.189 0.202 0.276 0.282 0.152 0.062 -0.057 -0.025 -0.031 0.025 0.052 0.132 0.318 0.207 0.208 0.105 0.09 0.103 -0.027 -0.077 -0.089 -0.021
0.274 0.585 0.835 0.937 0.924 0.908 0.896 0.864 0.76 0.562 0.428 0.138 -0.198 -0.309 -0.281 -0.441 -0.426 -0.393 -0.439 -0.507 -0.712 -0.956 -1.311 -1.377 -1.573 -1.866 -1.542 -1.494 -1.463 -1.399 -1.319 -1.316 -1.07 -0.717 -0.76 -0.802 -1.018 -1.447 -1.04 -1.055 -1.047 -0.779 -0.477 -0.217 -0.202 -0.534 -0.57 -0.484 -0.312 -0.14 0.063 0.251 0.31 0.372 0.409 0.398 0.409 0.393 0.354 0.329 0.305 0.248 0.268 0.333 0.356 0.372 0.373 0.355 0.323 0.325 0.361 0.365 0.345 0.348 0.285 0.275 0.322
0.116 0.385 0.624 0.923 0.911 0.894 0.881 0.864 0.8 0.68 0.503 0.121 -0.045 -0.017 -0.128 -0.318 -0.297 -0.4 -0.589 -0.668 -0.752 -0.929 -1.218 -1.413 -1.575 -1.565 -1.09 -0.865 -0.951 -0.974 -1.159 -1.346 -1.187 -0.88 -0.595 -0.449 -1.008 -1.395 -0.891 -0.771 -0.771 -0.513 -0.254 -0.056 -0.309 -0.456 -0.459 -0.345 -0.139 0.099 0.255 0.363 0.399 0.423 0.421 0.393 0.345 0.3 0.264 0.26 0.329 0.374 0.375 0.304 0.306 0.166 0.117 0.046 -0.059 -0.026 0.116 0.21 0.259 0.301 0.323 0.32 0.346
-0.139 0.069 0.415 0.862 0.897 0.885 0.873 0.856 0.809 0.809 0.591 0.276 0.221 0.192 0.001 -0.151 -0.246 -0.381 -0.517 -0.561 -0.546 -0.721 -0.911 -1.05 -1.134 -1.028 -0.732 -0.483 -0.537 -0.853 -1.249 -1.298 -1.137 -0.898 -0.574 -0.243 -0.882 -1.083 -0.672 -0.591 -0.508 -0.296 -0.084 0.025 -0.244 -0.352 -0.3 -0.17 0.027 0.283 0.398 0.436 0.429 0.344 0.194 0.063 -0.14 -0.14 0.071 -0.068 0.084 0.178 0.104 0 0.115 -0.2 -0.354 -0.459 -0.533 -0.41 -0.239 -0.077 -0.063 -0.114 -0.107 -0.104 -0.065
-0.284 -0.18 0.229 0.689 0.859 0.874 0.865 0.85 0.819 0.814 0.688 0.479 0.415 0.192 -0.002 -0.039 -0.086 -0.189 -0.323 -0.485 -0.599 -0.888 -0.955 -1.015 -1.036 -0.908 -0.555 -0.435 -0.44 -0.927 -1.392 -1.238 -0.969 -0.657 -0.398 -0.155 -0.743 -0.708 -0.394 -0.369 -0.289 -0.107 0.085 0.054 -0.176 -0.129 -0.007 0.075 0.26 0.405 0.441 0.415 0.282 -0.059 -0.351 -0.609 -0.648 -0.41 -0.276 -0.569 -0.378 -0.295 -0.414 -0.361 -0.111 -0.545 -0.848 -0.956 -0.865 -0.621 -0.43 -0.329 -0.264 -0.384 -0.499 -0.459 -0.358
-0.295 -0.378 -0.052 0.416 0.7 0.77 0.853 0.841 0.821 0.794 0.743 0.633 0.438 0.235 0.122 0.121 -0.138 -0.4 -0.587 -0.785 -0.909 -0.861 -1.052 -1.254 -1.312 -0.987 -0.688 -0.699 -0.292 -0.696 -1.264 -1.087 -0.739 -0.357 -0.12 -0.265 -0.57 -0.367 -0.131 -0.161 -0.088 0.061 0.226 -0.012 -0.014 0.188 0.311 0.357 0.424 0.445 0.361 0.147 0.122 -0.353 -0.581 -0.8 -0.911 -0.859 -0.764 -1.036 -0.961 -0.898 -1.026 -0.731 -0.335 -0.797 -1.265 -1.339 -1.148 -0.844 -0.645 -0.659 -0.504 -0.503 -0.662 -0.656 -0.401
-0.449 -0.577 -0.351 0.024 0.401 0.704 0.836 0.829 0.815 0.792 0.714 0.613 0.595 0.41 0.276 0.219 -0.202 -0.366 -0.526 -0.732 -0.754 -1.044 -1.343 -1.452 -1.197 -0.909 -1.134 -0.939 -0.245 -0.582 -1.09 -0.81 -0.419 -0.179 0.04 -0.279 -0.259 -0.107 0.059 0.038 0.084 0.252 0.306 0.157 0.308 0.414 0.447 0.446 0.425 0.345 0.07 -0.258 -0.032 -0.12 -0.412 -0.829 -1.229 -1.451 -1.215 -1.371 -1.299 -1.406 -1.391 -1.055 -0.628 -0.787 -1.411 -1.598 -1.353 -1.086 -0.898 -1.005 -0.88 -0.753 -0.875 -0.872 -0.428
-0.504 -0.624 -0.441 -0.108 0.35 0.687 0.813 0.813 0.815 0.8 0.757 0.684 0.623 0.174 -0.097 0.005 -0.032 -0.098 -0.268 -0.441 -0.866 -1.341 -1.596 -1.43 -1.141 -1.195 -1.371 -0.905 -0.305 -0.423 -0.866 -0.531 -0.199 0.057 0.145 -0.04 0.008 0.11 0.205 0.173 0.259 0.385 0.441 0.432 0.455 0.456 0.41 0.286 0.195 -0.028 -0.319 -0.378 -0.154 -0.051 -0.254 -0.896 -1.211 -1.464 -1.462 -1.567 -1.513 -1.693 -1.541 -1.257 -0.803 -0.876 -1.418 -1.713 -1.526 -1.164 -1.168 -1.338 -1.254 -1.041 -1.012 -0.976 -0.486
-0.26 -0.302 -0.305 0.036 0.442 0.654 0.735 0.76 0.78 0.795 0.774 0.73 0.612 0.074 -0.423 -0.459 -0.45 -0.565 -0.493 -1.013 -1.275 -1.513 -1.505 -1.344 -1.341 -1.568 -1.319 -0.973 -0.429 -0.105 -0.443 -0.248 0.016 0.258 0.306 0.174 0.199 0.239 0.3 0.371 0.47 0.484 0.477 0.435 0.316 0.196 0.035 -0.099 -0.152 -0.489 -0.677 -0.628 -0.462 -0.264 -0.184 -0.665 -0.996 -1.369 -1.603 -1.76 -1.796 -1.742 -1.438 -1.287 -0.933 -1.043 -1.578 -1.72 -1.613 -1.293 -1.468 -1.673 -1.573 -1.23 -0.88 -0.798 -0.456
-0.227 -0.171 -0.018 0.207 0.489 0.419 0.435 0.434 0.523 0.764 0.728 0.654 0.551 0.045 -0.561 -0.72 -0.884 -0.722 -0.554 -1.438 -1.718 -1.551 -1.408 -1.481 -1.57 -1.625 -1.482 -1.062 -0.507 0.049 -0.106 0.141 0.266 0.405 0.428 0.356 0.322 0.427 0.467 0.501 0.489 0.473 0.315 -0.057 -0.195 -0.156 -0.458 -0.625 -0.431 -0.703 -1.041 -0.88 -0.813 -0.487 -0.147 -0.708 -1.171 -1.474 -1.568 -1.676 -1.908 -1.733 -1.663 -1.562 -1.084 -1.038 -1.634 -1.859 -1.63 -1.449 -1.623 -1.793 -1.591 -1.322 -0.852 -0.451 -0.24
-0.368 -0.226 0.112 0.383 0.306 0.056 0.01 0.092 0.382 0.611 0.725 0.64 0.46 -0.184 -0.751 -0.968 -1.015 -0.575 -0.738 -1.191 -1.414 -1.328 -1.019 -0.891 -0.832 -0.805 -0.881 -0.744 -0.261 0.159 0.224 0.444 0.5 0.517 0.498 0.409 0.473 0.508 0.497 0.482 0.436 0.378 -0.07 -0.381 -0.489 -0.504 -0.851 -1.02 -0.749 -0.71 -1.215 -1.29 -0.928 -0.514 -0.177 -0.624 -1.03 -1.246 -1.391 -1.578 -1.748 -1.828 -1.681 -1.485 -1.058 -1.058 -1.533 -1.766 -1.793 -1.637 -1.69 -1.617 -1.451 -1.128 -0.68 -0.176 0.03
-0.256 -0.042 0.306 0.26 -0.062 -0.284 -0.371 -0.127 0.305 0.474 0.726 0.649 0.182 -0.352 -0.852 -1.165 -1.093 -0.73 -1.192 -1.358 -1.134 -1.182 -0.909 -0.501 -0.368 -0.133 -0.138 -0.307 -0.148 0.274 0.503 0.565 0.558 0.539 0.53 0.53 0.509 0.453 0.368 0.254 0.127 0.223 -0.027 -0.495 -0.8 -0.888 -1.073 -1.343 -1.08 -0.825 -1.285 -1.503 -1.157 -0.688 -0.285 -0.441 -0.778 -0.981 -1.282 -1.512 -1.642 -1.727 -1.599 -1.389 -0.998 -1.128 -1.486 -1.673 -1.895 -1.768 -1.692 -1.344 -1.02 -0.701 -0.262 -0.094 -0.331
-0.224 0.051 0.299 0.032 -0.318 -0.552 -0.597 -0.228 0.184 0.466 0.748 0.583 0.007 -0.365 -0.885 -1.451 -1.313 -1.246 -1.466 -1.301 -1.042 -0.782 -0.648 -0.432 -0.115 0.043 0.17 0.139 0.133 0.445 0.561 0.566 0.558 0.543 0.515 0.452 0.325 0.132 -0.04 -0.16 -0.095 0.162 0.002 -0.447 -0.785 -1.101 -1.277 -1.511 -1.339 -1.078 -1.455 -1.567 -1.288 -0.941 -0.479 -0.315 -0.742 -1.123 -1.282 -1.52 -1.714 -1.749 -1.535 -1.275 -0.978 -1.29 -1.595 -1.778 -1.903 -1.688 -1.507 -1.231 -0.757 -0.303 -0.107 -0.44 -0.847
-0.135 0.222 0.163 -0.161 -0.461 -0.768 -0.523 -0.164 -0.046 0.238 0.706 0.666 0.253 -0.337 -0.903 -1.495 -1.58 -1.575 -1.343 -1.209 -1.067 -0.787 -0.427 -0.291 -0.106 -0.053 0.254 0.423 0.488 0.552 0.568 0.537 0.462 0.37 0.345 0.147 -0.103 -0.277 -0.423 -0.473 -0.289 0.082 0.005 -0.453 -0.717 -0.971 -1.241 -1.544 -1.572 -1.314 -1.558 -1.64 -1.45 -1.133 -0.657 -0.351 -0.754 -1.267 -1.472 -1.633 -1.84 -1.851 -1.622 -1.187 -1.126 -1.522 -1.742 -1.876 -1.883 -1.704 -1.503 -1.216 -0.608 -0.167 -0.381 -0.7 -1.04
-0.021 0.26 -0.074 -0.495 -0.536 -0.882 -0.536 -0.362 -0.446 -0.152 0.511 0.661 0.515 -0.068 -0.649 -1.165 -1.56 -1.473 -1.396 -1.257 -1.037 -0.949 -0.502 -0.157 0.124 0.202 0.416 0.508 0.543 0.561 0.478 0.302 0.065 -0.031 0.094 -0.051 -0.428 -0.673 -0.794 -0.784 -0.502 -0.023 0.046 -0.355 -0.582 -0.816 -1.167 -1.563 -1.621 -1.498 -1.713 -1.746 -1.52 -1.222 -0.751 -0.396 -0.733 -1.247 -1.582 -1.627 -1.817 -1.814 -1.576 -1.151 -1.247 -1.66 -1.909 -1.927 -1.742 -1.619 -1.325 -0.855 -0.322 -0.319 -0.59 -0.913 -1.301
0.138 0.082 -0.249 -0.675 -0.827 -1.123 -1.007 -0.811 -0.509 -0.094 0.317 0.598 0.639 0.19 -0.463 -0.961 -1.323 -1.239 -1.562 -1.34 -0.867 -0.965 -0.592 -0.093 0.359 0.533 0.578 0.564 0.56 0.364 0.12 -0.157 -0.34 -0.328 -0.127 -0.127 -0.492 -0.849 -1.092 -0.963 -0.605 -0.125 0.118 -0.27 -0.663 -0.986 -1.344 -1.653 -1.672 -1.653 -1.842 -1.675 -1.435 -1.142 -0.741 -0.497 -0.615 -1.064 -1.451 -1.61 -1.835 -1.84 -1.599 -1.195 -1.378 -1.708 -2.013 -1.95 -1.834 -1.752 -1.259 -0.582 -0.21 -0.48 -0.811 -1.242 -1.605
0.089 -0.298 -0.626 -0.952 -1.327 -1.657 -1.42 -0.823 -0.291 -0.187 0.027 0.551 0.677 0.281 -0.453 -1.092 -1.272 -1.122 -1.389 -1.051 -0.643 -0.614 -0.255 0.26 0.537 0.597 0.592 0.549 0.353 -0.109 -0.398 -0.573 -0.652 -0.597 -0.305 -0.333 -0.685 -0.924 -1.254 -0.967 -0.543 -0.122 0.009 -0.16 -0.577 -0.936 -1.327 -1.682 -1.784 -1.814 -1.905 -1.674 -1.407 -1.021 -0.789 -0.845 -0.629 -0.832 -1.297 -1.57 -1.811 -1.955 -1.691 -1.286 -1.595 -1.816 -2.069 -2.095 -1.951 -1.655 -0.996 -0.293 -0.366 -0.688 -0.99 -1.52 -1.866
-0.187 -0.711 -0.909 -1.399 -1.771 -1.68 -1.432 -0.99 -0.482 -0.607 -0.276 0.38 0.69 0.456 -0.287 -0.92 -1.226 -1.008 -0.848 -0.499 -0.216 -0.032 0.33 0.568 0.604 0.602 0.584 0.283 0.121 -0.399 -0.752 -0.959 -1.052 -0.887 -0.449 -0.694 -1.046 -1.21 -1.345 -0.869 -0.387 -0.242 -0.313 -0.132 -0.296 -0.7 -1.174 -1.551 -1.817 -1.937 -1.955 -1.814 -1.453 -0.96 -1.093 -1.266 -0.936 -0.714 -1.142 -1.517 -1.728 -1.953 -1.758 -1.346 -1.644 -1.854 -2.135 -2.045 -1.77 -1.446 -0.814 -0.192 -0.623 -1.134 -1.122 -1.566 -1.93
-0.287 -0.85 -1.35 -1.554 -1.54 -1.259 -1.114 -1.21 -0.925 -1.001 -0.607 0.167 0.651 0.574 -0.099 -0.683 -1.041 -0.649 -0.21 0.117 0.376 0.497 0.59 0.613 0.605 0.561 0.352 -0.129 -0.124 -0.271 -0.634 -1.042 -1.301 -1.087 -0.61 -0.942 -1.304 -1.48 -1.372 -0.828 -0.362 -0.598 -0.696 -0.453 -0.215 -0.489 -0.943 -1.278 -1.571 -1.767 -1.87 -1.771 -1.598 -1.156 -1.406 -1.627 -1.322 -0.849 -0.975 -1.533 -1.901 -2.084 -1.797 -1.446 -1.67 -2.005 -2.316 -2.146 -1.771 -1.271 -0.708 -0.289 -0.787 -1.419 -1.311 -1.638 -1.989
-0.384 -1.056 -1.21 -1.308 -1.151 -0.945 -0.877 -0.894 -0.783 -0.79 -0.681 -0.059 0.615 0.632 0.042 -0.602 -0.674 -0.095 0.303 0.536 0.615 0.626 0.62 0.563 0.493 0.305 -0.102 -0.483 -0.404 -0.383 -0.509 -0.857 -1.272 -1.208 -0.75 -1.038 -1.407 -1.646 -1.402 -0.869 -0.468 -0.903 -1.17 -0.974 -0.617 -0.32 -0.667 -1.126 -1.485 -1.807 -1.935 -1.832 -1.816 -1.437 -1.434 -1.786 -1.511 -1.058 -0.863 -1.337 -1.828 -2.315 -2.084 -1.74 -1.873 -1.994 -2.275 -2.17 -1.821 -1.453 -0.72 -0.414 -1.115 -1.732 -1.704 -1.717 -2.087
-0.828 -0.909 -1.163 -1.593 -1.353 -0.897 -0.84 -0.962 -0.977 -0.512 -0.454 -0.081 0.507 0.687 0.437 -0.209 -0.147 0.37 0.591 0.641 0.635 0.629 0.472 0.244 0.048 -0.174 -0.596 -0.836 -0.715 -0.649 -0.869 -0.913 -1.37 -1.232 -0.89 -1.193 -1.551 -1.683 -1.37 -0.935 -0.584 -1.03 -1.412 -1.384 -0.941 -0.499 -0.462 -1.069 -1.452 -1.706 -2.064 -1.933 -1.865 -1.534 -1.392 -1.834 -1.554 -1.151 -0.803 -1.144 -1.757 -2.233 -2.204 -2.156 -2.182 -2.138 -2.267 -2.175 -1.873 -1.347 -0.728 -0.392 -1.16 -1.858 -2.05 -1.967 -2.218
-1.13 -1.271 -1.511 -1.768 -1.732 -1.118 -1.057 -1.256 -1.342 -1.062 -0.699 -0.063 0.311 0.618 0.657 0.285 0.41 0.638 0.646 0.644 0.63 0.521 0.108 -0.152 -0.304 -0.728 -1.037 -1.15 -1.001 -0.868 -1.208 -1.242 -1.478 -1.234 -0.939 -1.31 -1.75 -1.734 -1.362 -0.924 -0.728 -1.075 -1.502 -1.563 -1.228 -0.934 -0.472 -0.765 -1.089 -1.575 -1.78 -1.907 -1.677 -1.448 -1.44 -1.984 -1.774 -1.269 -0.804 -1.059 -1.661 -2.003 -2.207 -2.383 -2.522 -2.363 -2.348 -2.504 -2.172 -1.559 -0.74 -0.459 -1.235 -1.854 -2.192 -2.434 -2.489
-1.246 -1.542 -1.57 -1.492 -1.69 -1.386 -1.238 -1.347 -1.085 -0.716 -0.301 0.126 0.247 0.485 0.663 0.63 0.654 0.659 0.646 0.632 0.534 0.102 -0.352 -0.54 -0.705 -1.165 -1.3 -1.206 -1.177 -1.098 -1.25 -1.592 -1.529 -1.191 -1.05 -1.434 -1.764 -1.914 -1.521 -1.115 -0.734 -1.129 -1.669 -1.694 -1.465 -1.075 -0.656 -0.494 -0.765 -1.242 -1.464 -1.84 -1.823 -1.54 -1.503 -1.94 -2.087 -1.542 -0.873 -1.113 -1.614 -1.759 -2.072 -2.506 -2.677 -2.849 -2.559 -2.41 -1.893 -1.369 -0.637 -0.627 -1.294 -1.781 -2.211 -2.725 -2.683
-1.025 -1.55 -1.304 -1.224 -1.527 -1.109 -0.977 -0.937 -0.762 -0.402 -0.004 0.207 -0.071 0.022 0.507 0.659 0.659 0.645 0.61 0.459 0.113 -0.42 -0.637 -0.711 -0.75 -1.122 -0.958 -0.876 -0.94 -1.262 -1.387 -1.713 -1.453 -1.217 -1.294 -1.416 -1.827 -2.024 -1.721 -1.377 -0.805 -1.147 -1.697 -1.803 -1.424 -1.153 -1.022 -0.651 -0.51 -0.895 -1.184 -1.589 -1.904 -1.706 -1.503 -1.8 -2.053 -1.758 -1.057 -1.167 -1.627 -1.873 -2.03 -2.335 -2.702 -2.857 -2.499 -2.017 -1.526 -1.083 -0.53 -0.787 -1.27 -1.849 -2.335 -2.711 -2.995
-1.331 -1.603 -1.12 -1.074 -1.395 -1.329 -1.214 -1.056 -0.598 -0.105 0.136 -0.191 -0.441 -0.146 0.309 0.641 0.597 0.493 0.288 -0.049 -0.378 -0.576 -0.421 -0.302 -0.448 -0.746 -0.569 -0.589 -0.753 -1.134 -1.582 -1.803 -1.661 -1.426 -1.579 -1.417 -1.67 -2.04 -1.876 -1.464 -0.96 -1.049 -1.526 -1.695 -1.364 -1.505 -1.429 -0.999 -0.569 -0.673 -1.045 -1.473 -1.864 -1.904 -1.597 -1.585 -1.944 -1.625 -1.254 -1.07 -1.378 -1.604 -1.846 -2.1 -2.539 -2.914 -2.539 -2.068 -1.494 -0.867 -0.483 -0.875 -1.43 -2.085 -2.457 -2.701 -3.032
-1.452 -1.486 -1.005 -0.933 -1.254 -1.337 -1.112 -0.865 -0.489 0.015 -0.156 -0.586 -0.369 0.124 0.51 0.477 0.342 0.12 -0.155 -0.278 -0.455 -0.35 -0.099 -0.015 -0.094 -0.255 -0.22 -0.429 -0.739 -1.116 -1.506 -1.783 -1.803 -1.791 -1.943 -1.74 -1.641 -1.891 -1.853 -1.652 -1.175 -1.037 -1.515 -1.765 -1.418 -1.743 -1.662 -1.226 -0.749 -0.599 -0.965 -1.365 -1.66 -1.844 -1.837 -1.644 -1.959 -1.732 -1.378 -1.129 -1.455 -1.59 -1.771 -1.981 -2.555 -2.642 -2.309 -2.129 -1.608 -0.957 -0.512 -0.997 -1.525 -2.034 -2.378 -2.794 -3.134
-1.197 -1.37 -1.026 -0.874 -1.236 -1.226 -0.798 -0.407 -0.152 -0.145 -0.611 -0.544 -0.097 0.358 0.472 0.248 0.238 0.156 0.016 0.04 0.056 0.02 0.214 0.193 0.049 0.061 0.074 -0.22 -0.663 -1.1 -1.373 -1.477 -1.774 -1.952 -2.119 -1.962 -1.792 -1.907 -1.944 -1.776 -1.392 -1.278 -1.672 -1.963 -1.733 -1.883 -1.595 -1.206 -0.747 -0.592 -0.832 -1.192 -1.47 -1.709 -2.024 -1.888 -2.087 -2.042 -1.448 -1.365 -1.908 -2.037 -2.024 -2.183 -2.668 -2.158 -1.772 -1.713 -1.324 -0.802 -0.544 -1.068 -1.584 -1.972 -2.354 -2.71 -3.008
-1.283 -1.453 -1.24 -0.872 -0.991 -1.027 -0.567 -0.114 -0.151 -0.557 -0.854 -0.35 0.03 0.22 0.351 0.321 0.218 -0.031 -0.17 -0.049 0.145 0.256 0.211 -0.013 -0.344 -0.175 0.096 0.025 -0.337 -0.833 -1.114 -1.371 -1.743 -1.995 -2.029 -2.018 -1.956 -2.108 -1.952 -1.764 -1.507 -1.596 -2.089 -2.251 -2.121 -1.997 -1.571 -1.145 -0.733 -0.828 -0.82 -0.909 -1.302 -1.76 -2.149 -2.258 -2.296 -2.157 -1.497 -1.573 -2.093 -2.375 -2.421 -2.566 -2.531 -1.922 -1.522 -1.416 -1.254 -0.712 -0.562 -1.114 -1.713 -2.054 -2.238 -2.472 -2.885
-1.44 -1.264 -1.166 -0.979 -0.812 -0.718 -0.305 -0.159 -0.44 -0.505 -0.662 -0.31 -0.335 -0.362 -0.125 0.112 -0.183 -0.653 -0.889 -0.619 -0.143 0.187 -0.025 -0.508 -0.757 -0.451 -0.093 0.058 -0.039 -0.418 -0.745 -1.134 -1.659 -1.916 -1.783 -1.952 -2.066 -2.21 -1.952 -1.71 -1.419 -1.717 -2.218 -2.368 -2.198 -1.968 -1.701 -1.168 -0.877 -1.318 -1.289 -0.99 -1.136 -1.633 -2.025 -2.397 -2.519 -2.217 -1.605 -1.638 -2.012 -2.314 -2.555 -2.741 -2.468 -2.043 -1.752 -1.698 -1.47 -0.731 -0.607 -1.104 -1.471 -1.763 -1.999 -2.275 -2.828
-1.429 -1.277 -1.265 -1.199 -0.731 -0.332 -0.178 -0.418 -0.715 -0.343 -0.631 -0.674 -0.815 -0.919 -0.608 -0.146 -0.295 -0.832 -1.288 -0.872 -0.209 0.14 -0.182 -0.734 -0.957 -0.611 -0.375 -0.124 -0.014 -0.095 -0.312 -0.729 -1.385 -1.625 -1.59 -1.803 -1.989 -2.175 -1.878 -1.75 -1.392 -1.639 -2.076 -2.269 -2.125 -1.796 -1.571 -1.106 -1.083 -1.662 -1.834 -1.477 -1.073 -1.383 -1.867 -2.2 -2.535 -2.465 -1.939 -1.7 -1.873 -2.099 -2.524 -2.603 -2.449 -2.242 -2.064 -2.013 -1.447 -0.634 -0.769 -1.344 -1.39 -1.436 -1.887 -2.157 -2.567
-1.461 -1.477 -1.273 -1.095 -0.578 -0.233 -0.421 -0.732 -0.807 -0.34 -0.801 -1.15 -1.212 -1.053 -0.635 -0.563 -0.387 -0.599 -1.216 -0.954 -0.19 0.101 -0.293 -0.87 -1.116 -0.902 -0.673 -0.366 -0.42 -0.353 -0.238 -0.415 -1.019 -1.337 -1.44 -1.653 -1.979 -2.144 -2.037 -1.907 -1.46 -1.517 -2.027 -2.195 -1.962 -1.653 -1.375 -0.998 -1.156 -1.739 -2.114 -1.805 -1.212 -1.232 -1.729 -2.051 -2.464 -2.504 -2.13 -1.891 -1.932 -2.272 -2.553 -2.314 -2.096 -1.999 -1.986 -1.857 -1.228 -0.634 -1.047 -1.65 -1.733 -1.413 -1.652 -2.017 -2.313
-1.321 -1.453 -0.988 -0.836 -0.335 -0.417 -0.804 -1.005 -0.907 -0.489 -0.731 -1.365 -1.439 -1.214 -1.01 -1.061 -0.739 -0.466 -0.794 -0.768 -0.139 0.071 -0.35 -0.997 -1.289 -1.224 -0.866 -0.67 -0.845 -0.868 -0.652 -0.583 -0.597 -0.856 -1.185 -1.58 -1.805 -2.017 -2.255 -1.887 -1.563 -1.452 -1.925 -2.171 -2.051 -1.788 -1.448 -1.024 -1.246 -1.833 -2.256 -1.863 -1.333 -1.363 -1.582 -2.019 -2.495 -2.706 -2.333 -2.146 -2.308 -2.526 -2.541 -2.16 -1.783 -1.666 -1.805 -1.457 -0.894 -0.857 -1.389 -1.828 -1.951 -1.769 -1.53 -1.842 -2.174
-1.027 -1.168 -0.856 -0.491 -0.229 -0.672 -1.015 -1.133 -1.05 -1.038 -0.79 -0.962 -1.542 -1.58 -1.499 -1.158 -0.787 -0.673 -0.538 -0.485 -0.072 0.065 -0.37 -0.816 -1.08 -1.298 -1.062 -0.988 -1.221 -1.243 -1.116 -0.964 -0.754 -0.74 -0.793 -1.189 -1.568 -1.935 -2.28 -2.022 -1.667 -1.567 -1.706 -2.085 -1.927 -1.764 -1.399 -1.044 -1.362 -1.835 -2.249 -1.735 -1.484 -1.625 -1.607 -2 -2.541 -2.786 -2.468 -2.45 -2.427 -2.202 -2.391 -2.172 -1.82 -1.5 -1.401 -1.107 -0.694 -1.001 -1.461 -1.834 -2.084 -1.949 -1.804 -1.859 -2.172
