data/climatemaps/RS_maps/climate_winter_pr_2001.asc
NCOLS 369 
NROWS 228 
XLLCORNER 479000 
YLLCORNER 73000 
CELLSIZE 1000 
NODATA_value -9 
[rows 66 to 98 of 228, columns 225 to 299 of 369]
-0.489 -0.47 -0.452 -0.412 -0.347 -0.262 -0.194 -0.145 -0.112 -0.081 -0.042 -0.005 0.036 0.101 0.181 0.256 0.329 0.445 0.561 0.665 0.69 0.582 0.418 0.22 0.074 -0.017 -0.075 -0.074 -0.025 0.009 0.021 0.062 0.148 0.252 0.353 0.395 0.427 0.477 0.622 0.679 0.717 0.609 0.553 0.499 0.371 0.288 0.07 -0.164 -0.391 -0.54 -0.609 -0.644 -0.676 -0.705 -0.734 -0.754 -0.749 -0.756 -0.757 -0.721 -0.695 -0.666 -0.673 -0.664 -0.601 -0.536 -0.437 -0.299 -9 -9 -9 -9 -9 -9 -9
-0.493 -0.476 -0.456 -0.426 -0.379 -0.324 -0.259 -0.206 -0.168 -0.146 -0.126 -0.092 -0.051 -0.003 0.058 0.131 0.239 0.393 0.52 0.638 0.703 0.668 0.561 0.373 0.218 0.106 -0.038 -0.127 -0.13 -0.123 -0.1 -0.007 0.096 0.219 0.308 0.413 0.467 0.6 0.653 0.56 0.566 0.659 0.625 0.538 0.478 0.278 -0.036 -0.284 -0.461 -0.572 -0.629 -0.668 -0.702 -0.729 -0.749 -0.752 -0.754 -0.77 -0.742 -0.709 -0.685 -0.677 -0.677 -0.672 -0.656 -0.613 -0.526 -9 -9 -9 -9 -9 -9 -9 -9
-0.515 -0.485 -0.46 -0.428 -0.394 -0.35 -0.298 -0.255 -0.221 -0.196 -0.181 -0.165 -0.131 -0.094 -0.045 0.018 0.112 0.258 0.401 0.536 0.633 0.704 0.662 0.514 0.306 0.23 0.057 -0.094 -0.178 -0.191 -0.139 -0.006 0.175 0.263 0.332 0.501 0.605 0.612 0.493 0.411 0.573 0.592 0.489 0.448 0.344 0.1 -0.136 -0.343 -0.506 -0.591 -0.645 -0.686 -0.722 -0.739 -0.755 -0.769 -0.787 -0.769 -0.711 -0.671 -0.67 -0.672 -0.678 -0.686 -0.687 -0.663 -9 -9 -9 -9 -9 -9 -9 -9 -9
-0.516 -0.488 -0.463 -0.436 -0.404 -0.362 -0.317 -0.28 -0.25 -0.228 -0.221 -0.22 -0.206 -0.177 -0.135 -0.083 -0.01 0.107 0.258 0.393 0.538 0.687 0.73 0.608 0.376 0.317 0.178 0 -0.137 -0.193 -0.157 -0.017 0.152 0.267 0.404 0.57 0.586 0.477 0.312 0.336 0.403 0.35 0.339 0.307 0.143 -0.047 -0.246 -0.422 -0.543 -0.61 -0.66 -0.703 -0.74 -0.761 -0.786 -0.805 -0.791 -0.731 -0.618 -0.568 -0.596 -0.625 -0.653 -0.672 -0.683 -0.681 -9 -9 -9 -9 -9 -9 -9 -9 -9
-0.509 -0.48 -0.456 -0.432 -0.401 -0.359 -0.326 -0.296 -0.266 -0.244 -0.239 -0.241 -0.24 -0.226 -0.201 -0.165 -0.111 -0.018 0.129 0.303 0.443 0.632 0.719 0.629 0.481 0.465 0.31 0.146 0.02 -0.087 -0.126 -0.028 0.12 0.319 0.359 0.405 0.422 0.323 0.24 0.252 0.211 0.186 0.165 0.091 0.004 -0.153 -0.334 -0.49 -0.575 -0.629 -0.675 -0.72 -0.763 -0.797 -0.817 -0.811 -0.754 -0.627 -0.49 -0.479 -0.528 -0.534 -0.573 -0.615 -0.647 -0.663 -9 -9 -9 -9 -9 -9 -9 -9 -9
-0.492 -0.464 -0.439 -0.414 -0.387 -0.356 -0.316 -0.265 -0.237 -0.234 -0.243 -0.25 -0.252 -0.244 -0.229 -0.205 -0.176 -0.113 0.038 0.239 0.383 0.537 0.7 0.67 0.645 0.582 0.398 0.325 0.201 0.052 -0.043 -0.036 0.147 0.265 0.305 0.304 0.269 0.186 0.141 0.113 0.077 0.029 -0.008 -0.06 -0.14 -0.264 -0.41 -0.535 -0.599 -0.645 -0.69 -0.738 -0.785 -0.82 -0.831 -0.797 -0.675 -0.499 -0.386 -0.437 -0.452 -0.41 -0.445 -0.51 -0.569 -9 -9 -9 -9 -9 -9 -9 -9 -9 -9
-0.459 -0.432 -0.409 -0.385 -0.36 -0.331 -0.29 -0.239 -0.22 -0.234 -0.248 -0.25 -0.25 -0.244 -0.23 -0.202 -0.205 -0.161 -0.055 0.15 0.354 0.463 0.659 0.749 0.782 0.673 0.523 0.366 0.231 0.173 0.105 0.048 0.149 0.202 0.213 0.159 0.154 0.135 0.122 0.099 0.082 0.04 -0.019 -0.1 -0.202 -0.326 -0.449 -0.554 -0.611 -0.656 -0.703 -0.755 -0.803 -0.835 -0.833 -0.748 -0.585 -0.377 -0.328 -0.387 -0.369 -0.284 -0.314 -0.407 -0.476 -9 -9 -9 -9 -9 -9 -9 -9 -9 -9
-0.39 -0.373 -0.358 -0.338 -0.32 -0.298 -0.271 -0.245 -0.231 -0.225 -0.234 -0.236 -0.236 -0.232 -0.209 -0.187 -0.215 -0.195 -0.127 0.064 0.293 0.513 0.636 0.83 0.796 0.677 0.572 0.48 0.421 0.444 0.355 0.301 0.19 0.172 0.183 0.23 0.269 0.253 0.232 0.202 0.195 0.146 0.074 -0.023 -0.151 -0.3 -0.433 -0.544 -0.61 -0.661 -0.713 -0.767 -0.816 -0.842 -0.818 -0.687 -0.497 -0.288 -0.265 -0.34 -0.249 -0.152 -0.19 -0.281 -0.33 -9 -9 -9 -9 -9 -9 -9 -9 -9 -9
-0.265 -0.262 -0.261 -0.259 -0.259 -0.252 -0.239 -0.225 -0.215 -0.208 -0.21 -0.211 -0.213 -0.214 -0.197 -0.197 -0.217 -0.209 -0.161 0.003 0.246 0.536 0.667 0.777 0.811 0.757 0.674 0.667 0.623 0.614 0.596 0.514 0.411 0.394 0.404 0.446 0.422 0.396 0.394 0.362 0.346 0.265 0.15 0.039 -0.103 -0.242 -0.364 -0.493 -0.587 -0.654 -0.716 -0.773 -0.823 -0.84 -0.799 -0.644 -0.399 -0.216 -0.216 -0.294 -0.133 -0.053 -0.144 -0.165 -0.158 -0.268 -0.361 -0.305 -0.277 -9 -9 -9 -9 -9 -9
-0.103 -0.093 -0.098 -0.126 -0.144 -0.171 -0.182 -0.176 -0.169 -0.158 -0.156 -0.161 -0.174 -0.183 -0.19 -0.197 -0.208 -0.207 -0.17 0.015 0.302 0.523 0.562 0.648 0.8 0.786 0.727 0.747 0.773 0.752 0.702 0.624 0.639 0.674 0.625 0.587 0.55 0.546 0.563 0.513 0.465 0.346 0.188 0.08 0 -0.088 -0.239 -0.397 -0.502 -0.62 -0.709 -0.773 -0.824 -0.829 -0.771 -0.598 -0.362 -0.28 -0.289 -0.221 -0.105 -0.007 -0.081 -0.081 -0.09 -0.157 -0.28 -0.204 -0.095 -0.004 -0.017 -0.091 -0.17 -9 -9
0.063 0.084 0.062 0.06 0.026 -0.035 -0.083 -0.046 -0.026 -0.007 0.005 -0.032 -0.085 -0.112 -0.145 -0.169 -0.188 -0.195 -0.158 0.063 0.349 0.428 0.399 0.565 0.601 0.59 0.613 0.69 0.717 0.773 0.755 0.77 0.812 0.807 0.741 0.681 0.631 0.639 0.611 0.539 0.448 0.32 0.18 0.175 0.194 0.042 -0.092 -0.229 -0.392 -0.567 -0.691 -0.766 -0.82 -0.826 -0.762 -0.592 -0.383 -0.324 -0.312 -0.129 -0.04 0.026 -0.026 -0.051 -0.04 -0.101 -0.233 -0.165 -0.021 0.098 0.086 0.039 -0.045 -0.179 -0.289
0.164 0.207 0.211 0.241 0.233 0.102 -0.006 0.096 0.126 0.132 0.163 0.181 0.12 0.088 0.016 -0.096 -0.156 -0.177 -0.143 0.075 0.231 0.213 0.21 0.375 0.355 0.383 0.481 0.554 0.597 0.707 0.775 0.814 0.792 0.72 0.635 0.532 0.442 0.458 0.473 0.438 0.377 0.307 0.228 0.283 0.304 0.203 0.072 -0.096 -0.313 -0.505 -0.654 -0.753 -0.813 -0.831 -0.752 -0.561 -0.391 -0.347 -0.324 -0.177 -0.066 -0.003 -0.031 -0.013 -0.033 -0.133 -0.183 -0.088 0.043 0.128 0.151 0.118 0.022 -0.109 -0.159
0.177 0.273 0.345 0.396 0.35 0.199 0.041 0.052 0.098 0.162 0.268 0.329 0.323 0.304 0.227 0.07 -0.088 -0.153 -0.14 -0.026 0.069 0.024 0.021 0.121 0.124 0.17 0.267 0.325 0.389 0.476 0.522 0.525 0.496 0.409 0.329 0.21 0.097 0.077 0.129 0.171 0.179 0.261 0.293 0.333 0.322 0.275 0.156 -0.047 -0.228 -0.424 -0.618 -0.739 -0.805 -0.834 -0.771 -0.604 -0.46 -0.427 -0.298 -0.161 -0.134 -0.039 -0.002 -0.017 -0.138 -0.159 -0.097 -0.014 0.113 0.136 0.181 0.187 0.056 -0.025 0.074
0.126 0.264 0.433 0.476 0.401 0.235 0.112 0.1 0.085 0.146 0.262 0.397 0.447 0.449 0.427 0.295 0.069 -0.096 -0.156 -0.13 -0.1 -0.099 -0.08 -0.05 -0.019 0.001 0.023 0.043 0.073 0.096 0.093 0.092 0.078 0.035 -0.015 -0.097 -0.173 -0.213 -0.207 -0.149 -0.055 0.11 0.102 0.176 0.29 0.216 0.105 0.061 -0.133 -0.375 -0.596 -0.725 -0.799 -0.836 -0.809 -0.675 -0.538 -0.459 -0.283 -0.145 -0.136 -0.051 0.003 -0.085 -0.19 -0.082 -0.041 0.065 0.128 0.106 0.091 0.08 0.032 0.141 0.316
0.112 0.251 0.411 0.486 0.455 0.324 0.211 0.177 0.173 0.18 0.265 0.446 0.545 0.556 0.497 0.362 0.194 -0.013 -0.145 -0.162 -0.153 -0.121 -0.059 0.009 0.025 -0.006 -0.043 -0.078 -0.101 -0.114 -0.121 -0.132 -0.15 -0.184 -0.226 -0.279 -0.327 -0.365 -0.391 -0.393 -0.308 -0.126 -0.1 -0.027 0.11 0.172 0.145 0.128 -0.098 -0.355 -0.56 -0.71 -0.796 -0.84 -0.837 -0.735 -0.602 -0.48 -0.337 -0.228 -0.143 -0.024 -0.014 -0.131 -0.177 -0.018 0.01 0.077 0.115 0.111 0.017 0.015 0.197 0.22 0.502
0.122 0.255 0.417 0.514 0.529 0.507 0.293 0.187 0.206 0.265 0.302 0.505 0.608 0.612 0.56 0.457 0.3 0.076 -0.12 -0.165 -0.136 -0.037 0.082 0.166 0.18 0.141 0.047 -0.042 -0.111 -0.157 -0.193 -0.22 -0.247 -0.278 -0.304 -0.356 -0.396 -0.418 -0.483 -0.515 -0.511 -0.362 -0.257 -0.151 -0.051 0.105 0.151 0.073 -0.114 -0.344 -0.539 -0.695 -0.797 -0.845 -0.848 -0.765 -0.626 -0.471 -0.394 -0.261 -0.17 -0.024 -0.037 -0.166 -0.149 -0.019 0.037 0.089 0.144 0.108 0.006 0.131 0.326 0.389 0.568
0.113 0.199 0.361 0.537 0.614 0.663 0.439 0.244 0.204 0.298 0.345 0.51 0.66 0.663 0.572 0.459 0.329 0.173 -0.078 -0.165 -0.091 0.09 0.271 0.349 0.361 0.325 0.201 0.124 0.008 -0.053 -0.156 -0.159 -0.21 -0.26 -0.277 -0.279 -0.302 -0.364 -0.458 -0.551 -0.582 -0.536 -0.377 -0.235 -0.155 -0.055 0.061 0.006 -0.15 -0.374 -0.562 -0.699 -0.805 -0.852 -0.857 -0.772 -0.614 -0.434 -0.389 -0.223 -0.15 -0.047 -0.04 -0.178 -0.121 -0.015 0.09 0.121 0.14 0.106 0.064 0.303 0.479 0.56 0.712
0.024 0.083 0.246 0.462 0.616 0.624 0.502 0.278 0.188 0.263 0.43 0.569 0.673 0.683 0.571 0.39 0.265 0.135 -0.073 -0.171 -0.101 0.12 0.377 0.534 0.516 0.56 0.394 0.376 0.218 0.109 -0.076 0.012 -0.038 -0.123 -0.166 -0.114 -0.184 -0.284 -0.413 -0.543 -0.602 -0.611 -0.546 -0.419 -0.271 -0.209 -0.12 -0.139 -0.26 -0.439 -0.61 -0.735 -0.822 -0.862 -0.853 -0.747 -0.594 -0.41 -0.353 -0.213 -0.07 0.004 -0.005 -0.151 -0.081 0.033 0.103 0.132 0.26 0.298 0.157 0.408 0.621 0.655 0.721
-0.067 0.04 0.213 0.358 0.534 0.57 0.498 0.325 0.182 0.261 0.51 0.641 0.694 0.623 0.479 0.332 0.234 0.162 -0.093 -0.178 -0.123 0.114 0.354 0.607 0.589 0.823 0.635 0.615 0.454 0.175 0.087 0.182 0.163 0.067 0.023 -0.015 -0.101 -0.212 -0.363 -0.487 -0.574 -0.62 -0.631 -0.587 -0.453 -0.357 -0.254 -0.28 -0.381 -0.536 -0.681 -0.781 -0.845 -0.873 -0.828 -0.698 -0.533 -0.368 -0.313 -0.224 -0.028 0.06 0.002 -0.076 -0.032 0.04 0.149 0.204 0.377 0.314 0.259 0.441 0.652 0.628 0.631
-0.087 -0.032 0.106 0.25 0.406 0.509 0.499 0.329 0.194 0.298 0.485 0.701 0.728 0.586 0.523 0.449 0.374 0.265 -0.112 -0.169 -0.041 0.177 0.374 0.625 0.7 1.011 0.832 0.778 0.615 0.289 0.328 0.341 0.33 0.253 0.183 0.085 -0.044 -0.208 -0.328 -0.4 -0.491 -0.565 -0.631 -0.667 -0.645 -0.522 -0.383 -0.377 -0.485 -0.641 -0.754 -0.825 -0.871 -0.878 -0.753 -0.626 -0.546 -0.366 -0.243 -0.195 -0.031 0.044 0.01 0.079 0.072 0.108 0.263 0.352 0.427 0.395 0.469 0.46 0.646 0.666 0.66
-0.091 -0.058 -0.026 0.092 0.265 0.437 0.46 0.296 0.244 0.416 0.576 0.726 0.645 0.684 0.708 0.653 0.595 0.257 -0.138 -0.145 0.047 0.269 0.506 0.675 0.789 1.088 0.964 0.804 0.657 0.405 0.509 0.54 0.481 0.403 0.298 0.138 -0.065 -0.22 -0.23 -0.277 -0.38 -0.482 -0.576 -0.67 -0.72 -0.687 -0.593 -0.537 -0.629 -0.753 -0.819 -0.865 -0.899 -0.891 -0.726 -0.584 -0.517 -0.415 -0.224 -0.123 0.057 0.099 0.087 0.176 0.156 0.229 0.343 0.422 0.512 0.534 0.64 0.554 0.652 0.711 0.74
-0.071 0.006 0.011 0.032 0.294 0.521 0.506 0.309 0.37 0.531 0.682 0.676 0.676 0.812 0.806 0.721 0.582 0.127 -0.16 -0.129 0.03 0.26 0.512 0.71 0.88 1.012 0.99 0.999 0.87 0.545 0.645 0.704 0.612 0.482 0.323 0.118 -0.097 -0.133 -0.109 -0.181 -0.283 -0.395 -0.511 -0.618 -0.716 -0.763 -0.76 -0.731 -0.78 -0.835 -0.864 -0.884 -0.908 -0.915 -0.788 -0.647 -0.492 -0.365 -0.225 -0.09 -0.018 0.107 0.156 0.159 0.092 0.107 0.206 0.344 0.482 0.535 0.554 0.536 0.628 0.731 0.734
0.018 0.105 0.123 0.076 0.273 0.515 0.476 0.36 0.464 0.619 0.748 0.687 0.779 0.828 0.739 0.56 0.28 -0.015 -0.173 -0.178 -0.016 0.21 0.484 0.753 0.921 0.984 1.112 1.139 0.937 0.707 0.794 0.828 0.714 0.587 0.37 0.117 -0.018 0.006 -0.036 -0.133 -0.227 -0.328 -0.449 -0.556 -0.661 -0.751 -0.807 -0.823 -0.848 -0.875 -0.899 -0.892 -0.878 -0.931 -0.891 -0.736 -0.539 -0.41 -0.328 -0.208 -0.107 -0.037 0.025 0.03 -0.046 -0.044 0.021 0.122 0.276 0.374 0.425 0.489 0.58 0.636 0.683
0.054 0.184 0.269 0.226 0.314 0.54 0.498 0.543 0.62 0.701 0.72 0.68 0.711 0.635 0.485 0.231 0.043 -0.085 -0.174 -0.223 -0.154 0.103 0.436 0.688 0.914 1.032 1.111 1.107 0.987 0.946 0.95 0.935 0.852 0.754 0.526 0.222 0.113 0.136 0.004 -0.125 -0.196 -0.268 -0.39 -0.522 -0.633 -0.709 -0.794 -0.838 -0.865 -0.891 -0.92 -0.944 -0.935 -0.918 -0.944 -0.883 -0.75 -0.6 -0.393 -0.307 -0.211 -0.144 -0.126 -0.175 -0.182 -0.16 -0.121 -0.031 0.074 0.193 0.293 0.371 0.4 0.424 0.553
0.142 0.297 0.4 0.288 0.458 0.632 0.609 0.646 0.622 0.542 0.539 0.571 0.54 0.334 0.209 0.149 0.109 -0.007 -0.11 -0.226 -0.252 -0.093 0.24 0.531 0.851 1.022 1.044 1.148 1.119 1.044 0.998 1.026 0.983 0.882 0.65 0.338 0.256 0.226 0.032 -0.055 -0.13 -0.229 -0.366 -0.542 -0.565 -0.615 -0.745 -0.814 -0.855 -0.887 -0.921 -0.958 -0.991 -1.002 -0.987 -0.967 -0.861 -0.716 -0.511 -0.368 -0.239 -0.146 -0.14 -0.265 -0.321 -0.291 -0.236 -0.12 -0.01 0.043 0.118 0.186 0.152 0.196 0.373
0.141 0.36 0.419 0.363 0.638 0.641 0.615 0.573 0.402 0.313 0.291 0.3 0.285 0.234 0.245 0.315 0.307 0.306 0.099 -0.177 -0.279 -0.207 0.104 0.42 0.706 0.94 0.975 1.063 1.06 0.927 0.927 1.024 1.02 0.916 0.686 0.494 0.399 0.287 0.122 0.029 -0.088 -0.227 -0.429 -0.555 -0.485 -0.518 -0.657 -0.735 -0.795 -0.843 -0.9 -0.954 -1 -1.034 -1.041 -1.032 -0.954 -0.841 -0.64 -0.457 -0.272 -0.191 -0.2 -0.34 -0.442 -0.368 -0.293 -0.187 -0.144 -0.159 -0.095 -0.043 -0.095 -0.046 0.144
0.162 0.365 0.479 0.536 0.707 0.63 0.563 0.524 0.367 0.359 0.379 0.339 0.345 0.5 0.623 0.669 0.632 0.542 0.186 -0.162 -0.302 -0.268 0.013 0.281 0.5 0.751 0.765 0.741 0.792 0.716 0.83 0.914 0.911 0.891 0.77 0.655 0.507 0.366 0.2 0.047 -0.135 -0.334 -0.517 -0.474 -0.415 -0.44 -0.553 -0.636 -0.676 -0.736 -0.813 -0.918 -0.993 -1.043 -1.071 -1.077 -1.03 -0.935 -0.767 -0.582 -0.383 -0.324 -0.347 -0.462 -0.549 -0.485 -0.405 -0.312 -0.327 -0.39 -0.297 -0.289 -0.339 -0.229 -0.063
0.279 0.411 0.537 0.603 0.689 0.676 0.785 0.833 0.573 0.636 0.76 0.702 0.719 0.871 1.019 1.001 0.852 0.477 0.091 -0.208 -0.344 -0.311 -0.121 0.02 0.216 0.455 0.447 0.365 0.479 0.552 0.716 0.679 0.741 0.866 0.814 0.708 0.524 0.33 0.152 -0.034 -0.218 -0.467 -0.513 -0.406 -0.336 -0.364 -0.461 -0.539 -0.546 -0.621 -0.706 -0.848 -0.963 -1.031 -1.077 -1.098 -1.08 -1.019 -0.888 -0.736 -0.577 -0.513 -0.527 -0.609 -0.658 -0.594 -0.531 -0.484 -0.501 -0.574 -0.48 -0.517 -0.478 -0.312 -0.16
0.331 0.404 0.49 0.6 0.633 0.798 0.994 1.078 0.91 0.782 0.851 0.856 0.953 1.045 1.141 1.037 0.77 0.403 -0.001 -0.291 -0.391 -0.373 -0.284 -0.237 -0.131 0.043 0.06 0.107 0.305 0.447 0.544 0.447 0.613 0.811 0.713 0.623 0.515 0.21 -0.035 -0.229 -0.408 -0.513 -0.475 -0.396 -0.278 -0.275 -0.376 -0.407 -0.432 -0.527 -0.646 -0.823 -0.921 -0.983 -1.061 -1.1 -1.103 -1.073 -0.993 -0.87 -0.745 -0.701 -0.699 -0.746 -0.751 -0.719 -0.688 -0.651 -0.681 -0.714 -0.68 -0.68 -0.616 -0.492 -0.373
0.117 0.159 0.236 0.384 0.546 0.821 1.083 1.219 1.176 1.023 0.886 0.927 1.022 1.102 1.085 0.819 0.575 0.224 -0.158 -0.371 -0.384 -0.359 -0.207 -0.188 -0.277 -0.284 -0.256 -0.109 0.1 0.257 0.343 0.266 0.478 0.7 0.556 0.522 0.379 0.074 -0.217 -0.373 -0.475 -0.48 -0.399 -0.374 -0.23 -0.19 -0.246 -0.28 -0.346 -0.468 -0.632 -0.83 -0.864 -0.893 -1.001 -1.08 -1.106 -1.098 -1.062 -0.978 -0.884 -0.844 -0.842 -0.852 -0.844 -0.827 -0.817 -0.805 -0.822 -0.82 -0.77 -0.696 -0.633 -0.58 -0.464
-0.057 0.017 0.123 0.273 0.487 0.776 1.058 1.222 1.276 1.225 1.148 1.113 1.138 1.078 0.932 0.648 0.373 -0.013 -0.31 -0.38 -0.313 -0.312 -0.144 -0.055 -0.181 -0.315 -0.424 -0.31 -0.111 0.013 0.161 0.134 0.361 0.593 0.511 0.334 0.166 -0.084 -0.208 -0.256 -0.354 -0.477 -0.351 -0.333 -0.199 -0.125 -0.162 -0.235 -0.345 -0.498 -0.665 -0.834 -0.806 -0.817 -0.902 -1.022 -1.095 -1.108 -1.095 -1.059 -0.991 -0.928 -0.911 -0.885 -0.851 -0.845 -0.872 -0.884 -0.86 -0.804 -0.735 -0.665 -0.597 -0.547 -0.504
-0.048 0.007 0.096 0.223 0.41 0.678 0.98 1.208 1.311 1.311 1.418 1.28 1.109 0.925 0.712 0.439 0.105 -0.24 -0.382 -0.333 -0.236 -0.273 -0.111 0.025 -0.058 -0.189 -0.417 -0.481 -0.312 -0.182 -0.058 0.007 0.301 0.538 0.452 0.223 0.098 -0.039 -0.122 -0.175 -0.264 -0.424 -0.332 -0.257 -0.15 -0.115 -0.176 -0.308 -0.435 -0.581 -0.729 -0.837 -0.767 -0.779 -0.862 -0.996 -1.091 -1.114 -1.114 -1.092 -0.975 -0.942 -0.886 -0.799 -0.735 -0.705 -0.773 -0.875 -0.9 -0.826 -0.772 -0.724 -0.635 -0.561 -0.55
-0.141 -0.041 0.059 0.146 0.306 0.542 0.862 1.207 1.335 1.415 1.536 1.373 1.149 0.909 0.62 0.323 -0.103 -0.389 -0.371 -0.218 -0.176 -0.184 -0.071 0.065 0.043 -0.099 -0.326 -0.547 -0.485 -0.37 -0.229 0.005 0.348 0.543 0.43 0.309 0.263 0.075 -0.06 -0.103 -0.226 -0.359 -0.313 -0.212 -0.131 -0.113 -0.183 -0.3 -0.427 -0.54 -0.736 -0.834 -0.737 -0.743 -0.861 -1.006 -1.097 -1.123 -1.128 -1.102 -0.982 -0.939 -0.832 -0.686 -0.62 -0.584 -0.629 -0.784 -0.923 -0.909 -0.858 -0.807 -0.718 -0.64 -0.656
