data/climatemaps/RS_maps/climate_postbreed_tmp_2005.asc
NCOLS 369 
NROWS 228 
XLLCORNER 479000 
YLLCORNER 73000 
CELLSIZE 1000 
NODATA_value -9 
[rows 136 to 169 of 228, columns 0 to 76 of 369]
-9 -9 -9 -9 -9 -9 -9 -9 0.638 0.611 0.612 0.594 0.605 0.603 0.501 0.441 0.38 0.366 0.347 0.338 0.34 0.4 0.281 0.252 0.199 0.181 0.245 0.342 0.418 0.509 0.579 0.598 0.53 0.34 0.203 0.198 0.211 0.276 0.42 0.612 0.785 0.892 0.971 1.04 1.058 1.075 1.115 1.158 1.112 1.137 1.199 1.266 1.221 1.169 1.152 1.134 1.135 1.14 1.131 1.098 1.059 1.024 1.019 0.974 0.942 0.871 0.868 0.915 1.013 1.038 1.044 1.015 1.057 1.03 0.967 0.876 0.776
-9 -9 -9 -9 -9 -9 -9 -9 0.667 0.615 0.586 0.577 0.563 0.489 0.379 0.368 0.394 0.4 0.4 0.393 0.388 0.371 0.233 0.209 0.188 0.236 0.319 0.415 0.509 0.576 0.591 0.52 0.357 0.236 0.166 0.162 0.178 0.283 0.446 0.729 0.895 0.973 1.029 1.049 1.073 1.095 1.132 1.141 1.115 1.156 1.255 1.254 1.241 1.208 1.153 1.142 1.142 1.147 1.132 1.085 1.046 1.014 0.99 0.931 0.915 0.855 0.843 0.903 1.002 1.017 1.026 0.995 1.073 1.053 1.008 0.927 0.798
-9 -9 -9 -9 -9 -9 -9 -9 0.655 0.592 0.572 0.551 0.437 0.376 0.363 0.381 0.414 0.442 0.43 0.427 0.403 0.266 0.191 0.196 0.24 0.318 0.398 0.481 0.566 0.589 0.502 0.36 0.255 0.21 0.139 0.101 0.119 0.372 0.612 0.847 0.972 1.024 1.047 1.064 1.081 1.11 1.141 1.123 1.129 1.172 1.268 1.258 1.241 1.211 1.146 1.142 1.148 1.148 1.115 1.069 1.038 1.012 0.954 0.92 0.905 0.865 0.839 0.938 1.007 1.008 1.033 0.991 1.046 1.085 1.021 0.895 0.809
-9 -9 -9 -9 -9 -9 -9 0.642 0.645 0.604 0.542 0.433 0.358 0.346 0.367 0.383 0.414 0.443 0.438 0.445 0.306 0.175 0.194 0.274 0.325 0.409 0.483 0.557 0.571 0.474 0.35 0.282 0.227 0.144 0.04 0.039 0.189 0.454 0.768 0.926 1.012 1.043 1.05 1.063 1.09 1.121 1.152 1.149 1.159 1.187 1.249 1.295 1.244 1.215 1.149 1.163 1.161 1.148 1.102 1.068 1.041 1.003 0.939 0.932 0.884 0.87 0.883 0.956 1.007 1.011 1.031 0.999 1.052 1.109 0.991 0.868 0.827
-9 -9 -9 -9 -9 -9 -9 0.622 0.602 0.596 0.451 0.385 0.397 0.371 0.371 0.401 0.409 0.406 0.419 0.399 0.212 0.209 0.252 0.33 0.408 0.47 0.547 0.569 0.43 0.298 0.255 0.257 0.168 0.051 0.01 0.117 0.264 0.472 0.823 0.988 1.027 1.047 1.041 1.071 1.101 1.124 1.158 1.184 1.197 1.221 1.254 1.319 1.264 1.223 1.16 1.179 1.172 1.141 1.097 1.065 1.05 0.998 0.974 0.926 0.868 0.845 0.876 0.951 1.005 1.015 1.028 1.014 1.066 1.109 0.966 0.881 0.859
-9 -9 -9 -9 -9 -9 -9 0.598 0.602 0.583 0.489 0.454 0.446 0.442 0.447 0.399 0.388 0.418 0.407 0.256 0.216 0.274 0.319 0.362 0.433 0.525 0.55 0.446 0.252 0.22 0.244 0.182 0.069 0.044 0.098 0.203 0.335 0.593 0.905 1.017 1.039 1.044 1.048 1.078 1.121 1.14 1.177 1.206 1.227 1.256 1.297 1.33 1.295 1.233 1.182 1.194 1.187 1.154 1.093 1.081 1.035 0.985 0.965 0.909 0.875 0.837 0.867 0.944 0.964 1.015 1.002 1.022 1.08 1.098 0.988 0.922 0.855
-9 -9 -9 -9 -9 -9 -9 0.588 0.578 0.518 0.49 0.463 0.502 0.486 0.426 0.378 0.392 0.416 0.291 0.241 0.247 0.293 0.316 0.39 0.505 0.509 0.403 0.323 0.231 0.251 0.244 0.121 0.067 0.117 0.154 0.279 0.529 0.823 0.988 1.032 1.046 1.046 1.062 1.089 1.141 1.172 1.195 1.227 1.266 1.297 1.329 1.347 1.316 1.262 1.223 1.217 1.193 1.164 1.104 1.074 1.003 0.946 0.935 0.929 0.895 0.862 0.89 0.944 0.935 0.984 1 1.026 1.101 1.103 1.025 0.94 0.844
-9 -9 -9 -9 -9 -9 -9 0.558 0.493 0.462 0.485 0.517 0.552 0.492 0.399 0.433 0.418 0.32 0.253 0.298 0.316 0.331 0.381 0.505 0.496 0.372 0.29 0.238 0.226 0.253 0.207 0.1 0.163 0.221 0.281 0.525 0.812 0.97 1.027 1.037 1.045 1.046 1.061 1.088 1.151 1.201 1.215 1.259 1.281 1.31 1.343 1.359 1.331 1.297 1.281 1.249 1.208 1.177 1.111 1.066 1.012 0.97 0.935 0.922 0.907 0.892 0.912 0.922 0.94 0.954 0.999 1.041 1.111 1.115 1.046 0.931 0.889
-9 -9 -9 -9 -9 -9 -9 0.453 0.452 0.429 0.462 0.585 0.574 0.5 0.498 0.485 0.334 0.258 0.276 0.31 0.318 0.365 0.5 0.454 0.344 0.296 0.244 0.272 0.262 0.212 0.154 0.152 0.25 0.326 0.569 0.82 0.962 1.016 1.038 1.029 1.048 1.048 1.074 1.11 1.166 1.231 1.245 1.275 1.277 1.327 1.336 1.369 1.357 1.332 1.332 1.297 1.239 1.191 1.146 1.087 1.031 1.002 0.952 0.937 0.929 0.905 0.887 0.912 0.963 0.968 0.986 1.056 1.106 1.1 1.071 0.981 0.914
-9 -9 -9 -9 -9 -9 -9 0.39 0.445 0.446 0.522 0.63 0.593 0.572 0.536 0.377 0.249 0.263 0.29 0.315 0.331 0.439 0.434 0.298 0.253 0.187 0.218 0.277 0.236 0.183 0.241 0.339 0.386 0.538 0.807 0.943 1.005 1.03 1.02 1.029 1.049 1.043 1.097 1.136 1.189 1.258 1.263 1.265 1.278 1.336 1.334 1.365 1.392 1.386 1.376 1.344 1.284 1.214 1.183 1.126 1.083 1.039 0.996 0.98 0.968 0.924 0.914 0.949 0.999 1.009 1.019 1.062 1.069 1.097 1.08 1.016 0.922
-9 -9 -9 -9 -9 -9 -9 0.394 0.456 0.517 0.66 0.701 0.691 0.598 0.407 0.27 0.26 0.274 0.283 0.321 0.427 0.429 0.252 0.198 0.124 0.142 0.24 0.267 0.235 0.314 0.428 0.516 0.62 0.777 0.901 1.005 1.033 1.046 1.023 1.028 1.047 1.053 1.114 1.164 1.232 1.283 1.267 1.278 1.301 1.341 1.36 1.357 1.403 1.407 1.406 1.385 1.34 1.258 1.213 1.165 1.149 1.103 1.066 1.033 0.993 0.962 0.971 1.007 1.054 1.065 1.057 1.05 1.033 1.092 1.07 1.012 0.952
-9 -9 -9 -9 -9 -9 0.37 0.428 0.539 0.675 0.684 0.634 0.727 0.466 0.304 0.272 0.274 0.261 0.3 0.419 0.45 0.278 0.16 0.087 0.104 0.221 0.242 0.164 0.258 0.411 0.522 0.587 0.661 0.802 0.945 1.025 1.05 1.068 1.063 1.052 1.106 1.118 1.135 1.2 1.262 1.285 1.302 1.311 1.319 1.355 1.379 1.397 1.418 1.412 1.425 1.417 1.391 1.332 1.269 1.228 1.211 1.161 1.14 1.063 1.011 0.993 1.029 1.056 1.092 1.095 1.072 1.05 1.051 1.057 1.035 0.998 0.966
-9 -9 -9 -9 -9 0.5 0.44 0.599 0.714 0.673 0.546 0.525 0.7 0.437 0.293 0.259 0.243 0.289 0.427 0.449 0.297 0.174 0.066 0.082 0.176 0.278 0.209 0.159 0.289 0.433 0.613 0.638 0.724 0.894 0.976 1.035 1.069 1.093 1.098 1.085 1.143 1.171 1.196 1.263 1.281 1.285 1.335 1.353 1.375 1.407 1.419 1.411 1.437 1.421 1.437 1.45 1.435 1.394 1.353 1.305 1.286 1.257 1.221 1.131 1.097 1.061 1.072 1.064 1.084 1.093 1.085 1.064 1.03 0.907 0.995 0.966 0.931
-9 -9 -9 -9 -9 0.584 0.596 0.736 0.682 0.541 0.451 0.459 0.679 0.464 0.265 0.245 0.286 0.407 0.468 0.332 0.144 0.082 0.059 0.169 0.26 0.275 0.213 0.282 0.43 0.59 0.736 0.792 0.874 0.941 0.997 1.036 1.063 1.071 1.132 1.157 1.165 1.228 1.265 1.303 1.303 1.312 1.363 1.389 1.42 1.442 1.442 1.441 1.44 1.442 1.462 1.468 1.467 1.463 1.431 1.393 1.39 1.385 1.337 1.29 1.201 1.109 1.073 0.993 1.034 1.093 1.112 1.074 0.939 0.811 0.978 0.937 0.873
-9 -9 -9 -9 -9 0.798 0.809 0.751 0.577 0.434 0.393 0.444 0.679 0.521 0.317 0.32 0.414 0.469 0.404 0.191 0.055 0.042 0.153 0.26 0.3 0.244 0.267 0.418 0.574 0.712 0.759 0.837 0.924 0.966 1.006 1.031 1.048 1.093 1.136 1.218 1.234 1.258 1.269 1.322 1.33 1.356 1.387 1.415 1.441 1.448 1.449 1.455 1.462 1.462 1.469 1.469 1.475 1.482 1.481 1.48 1.479 1.478 1.464 1.44 1.315 1.137 1.091 1.03 1.006 1.121 1.13 1.07 0.856 0.749 0.948 0.954 0.829
-9 -9 -9 -9 -9 0.817 0.674 0.596 0.468 0.427 0.426 0.45 0.677 0.569 0.41 0.396 0.448 0.44 0.25 0.047 0.045 0.12 0.24 0.277 0.341 0.32 0.429 0.56 0.718 0.818 0.806 0.857 0.891 0.929 0.986 1.023 1.042 1.079 1.145 1.22 1.285 1.314 1.299 1.329 1.349 1.379 1.41 1.431 1.442 1.445 1.449 1.455 1.456 1.462 1.468 1.469 1.475 1.481 1.482 1.483 1.489 1.489 1.489 1.489 1.47 1.336 1.298 1.264 1.101 1.155 1.094 1.032 0.841 0.655 0.867 0.955 0.847
-9 -9 -9 -9 0.865 0.616 0.575 0.521 0.478 0.45 0.435 0.571 0.606 0.553 0.406 0.401 0.409 0.369 0.132 0.028 0.082 0.193 0.256 0.305 0.396 0.449 0.6 0.71 0.828 0.891 0.852 0.853 0.85 0.897 0.965 1.009 1.061 1.103 1.194 1.289 1.327 1.355 1.34 1.357 1.377 1.407 1.432 1.437 1.442 1.444 1.447 1.452 1.455 1.459 1.463 1.468 1.475 1.475 1.482 1.482 1.486 1.488 1.483 1.484 1.483 1.472 1.47 1.469 1.321 1.193 1.124 1.031 0.927 0.804 0.826 0.961 0.986
-9 -9 -9 -9 0.653 0.592 0.57 0.522 0.476 0.361 0.451 0.541 0.465 0.472 0.427 0.389 0.37 0.294 0.189 0.104 0.136 0.181 0.259 0.372 0.464 0.576 0.706 0.821 0.888 0.944 0.919 0.865 0.887 0.968 1.065 1.134 1.2 1.258 1.309 1.346 1.357 1.374 1.373 1.381 1.397 1.422 1.428 1.433 1.437 1.44 1.442 1.446 1.454 1.455 1.457 1.465 1.471 1.475 1.478 1.481 1.482 1.482 1.482 1.482 1.487 1.481 1.48 1.474 1.458 1.36 1.302 1.189 1.092 1.065 1.077 1.15 1.194
-9 -9 -9 -9 0.649 0.6 0.529 0.504 0.374 0.323 0.323 0.414 0.369 0.377 0.42 0.388 0.303 0.231 0.21 0.184 0.182 0.194 0.282 0.43 0.522 0.598 0.767 0.896 0.947 0.987 0.956 0.918 1.002 1.124 1.225 1.287 1.34 1.367 1.371 1.386 1.388 1.389 1.399 1.407 1.415 1.423 1.428 1.428 1.428 1.433 1.437 1.439 1.448 1.453 1.455 1.455 1.457 1.469 1.473 1.474 1.479 1.48 1.48 1.48 1.48 1.477 1.473 1.469 1.466 1.462 1.45 1.427 1.395 1.369 1.343 1.32 1.24
-9 -9 -9 -9 0.64 0.557 0.473 0.418 0.321 0.241 0.202 0.209 0.284 0.308 0.31 0.315 0.27 0.256 0.301 0.289 0.266 0.311 0.405 0.496 0.562 0.691 0.848 0.964 1.002 1.03 0.992 1.021 1.176 1.246 1.291 1.34 1.383 1.388 1.395 1.404 1.402 1.399 1.408 1.415 1.415 1.416 1.424 1.425 1.428 1.428 1.429 1.432 1.437 1.445 1.451 1.452 1.455 1.456 1.463 1.467 1.473 1.473 1.473 1.473 1.473 1.471 1.468 1.467 1.461 1.459 1.445 1.439 1.428 1.415 1.398 1.36 1.304
-9 -9 -9 -9 0.576 0.508 0.428 0.35 0.316 0.234 0.173 0.128 0.162 0.286 0.208 0.129 0.243 0.243 0.182 0.264 0.348 0.395 0.501 0.613 0.699 0.818 0.97 1.036 1.094 1.086 1.111 1.207 1.281 1.295 1.322 1.366 1.385 1.388 1.391 1.392 1.4 1.402 1.403 1.406 1.407 1.411 1.413 1.416 1.421 1.421 1.428 1.428 1.429 1.434 1.443 1.445 1.449 1.452 1.455 1.46 1.463 1.466 1.466 1.466 1.466 1.466 1.465 1.46 1.455 1.447 1.44 1.429 1.425 1.412 1.403 1.382 1.357
-9 -9 -9 0.58 0.525 0.463 0.398 0.344 0.3 0.224 0.135 0.115 0.205 0.219 0.122 0.104 0.199 0.101 0.01 0.114 0.217 0.352 0.524 0.765 0.939 1.015 1.089 1.122 1.138 1.192 1.237 1.29 1.313 1.317 1.354 1.374 1.376 1.377 1.385 1.388 1.391 1.397 1.4 1.402 1.402 1.404 1.404 1.407 1.411 1.411 1.42 1.42 1.424 1.428 1.434 1.434 1.442 1.445 1.448 1.448 1.451 1.455 1.455 1.459 1.459 1.459 1.455 1.45 1.445 1.442 1.433 1.428 1.415 1.405 1.397 1.381 1.371
-9 -9 -9 0.535 0.463 0.367 0.362 0.332 0.297 0.235 0.179 0.187 0.168 0.119 0.12 0.171 0.096 -0.029 -0.024 0.031 0.151 0.4 0.701 0.89 1.008 1.082 1.13 1.179 1.195 1.236 1.267 1.295 1.309 1.334 1.361 1.363 1.375 1.375 1.376 1.377 1.383 1.384 1.385 1.387 1.391 1.396 1.401 1.403 1.403 1.403 1.41 1.41 1.417 1.419 1.421 1.424 1.429 1.434 1.442 1.442 1.444 1.445 1.445 1.448 1.448 1.448 1.444 1.442 1.44 1.435 1.428 1.422 1.408 1.401 1.386 1.38 1.37
-9 -9 -9 0.505 0.403 0.354 0.358 0.312 0.271 0.234 0.219 0.13 0.071 0.104 0.224 0.19 0.111 -0.027 0.032 0.211 0.375 0.653 0.879 1.004 1.068 1.113 1.162 1.208 1.238 1.262 1.276 1.302 1.33 1.348 1.355 1.355 1.362 1.368 1.375 1.375 1.375 1.375 1.38 1.382 1.382 1.383 1.39 1.393 1.396 1.396 1.398 1.398 1.401 1.414 1.416 1.417 1.417 1.424 1.428 1.433 1.433 1.433 1.433 1.437 1.442 1.438 1.434 1.434 1.432 1.428 1.419 1.411 1.403 1.397 1.383 1.376 1.363
-9 -9 -9 0.494 0.416 0.351 0.32 0.301 0.245 0.263 0.138 0.054 0.067 0.206 0.275 0.178 0.098 0.064 0.149 0.342 0.6 0.873 0.999 1.072 1.115 1.149 1.183 1.215 1.233 1.273 1.287 1.299 1.33 1.346 1.348 1.353 1.354 1.355 1.355 1.361 1.366 1.368 1.368 1.369 1.369 1.372 1.376 1.38 1.384 1.389 1.389 1.394 1.395 1.398 1.398 1.41 1.41 1.416 1.417 1.418 1.423 1.423 1.428 1.43 1.432 1.43 1.428 1.428 1.418 1.415 1.408 1.404 1.397 1.386 1.379 1.372 1.357
-9 -9 -9 -9 0.367 0.332 0.328 0.311 0.266 0.234 0.117 0.141 0.228 0.323 0.206 0.124 0.076 0.145 0.276 0.483 0.793 0.992 1.067 1.101 1.133 1.164 1.192 1.213 1.236 1.268 1.286 1.303 1.327 1.332 1.345 1.345 1.347 1.353 1.353 1.353 1.354 1.354 1.354 1.361 1.367 1.368 1.368 1.368 1.369 1.369 1.376 1.381 1.383 1.383 1.395 1.391 1.397 1.391 1.382 1.375 1.386 1.386 1.358 1.289 1.142 1.22 1.251 1.341 1.392 1.404 1.403 1.397 1.387 1.381 1.372 1.367 1.355
-9 -9 -9 -9 0.389 0.405 0.367 0.311 0.236 0.173 0.164 0.286 0.411 0.331 0.161 0.071 0.098 0.227 0.384 0.693 0.932 1.05 1.095 1.112 1.14 1.173 1.206 1.227 1.252 1.278 1.304 1.308 1.322 1.326 1.327 1.328 1.338 1.339 1.34 1.341 1.341 1.347 1.347 1.347 1.347 1.354 1.354 1.353 1.346 1.347 1.355 1.359 1.346 1.316 1.29 1.27 1.26 1.266 1.262 1.251 1.23 1.208 1.145 0.979 0.77 0.814 0.806 0.921 1.128 1.272 1.36 1.384 1.375 1.375 1.369 1.357 1.346
-9 -9 -9 -9 0.47 0.419 0.301 0.285 0.243 0.201 0.211 0.412 0.396 0.186 0.031 0.037 0.114 0.312 0.613 0.875 1.015 1.061 1.11 1.131 1.162 1.191 1.222 1.242 1.266 1.296 1.306 1.31 1.317 1.319 1.321 1.324 1.324 1.326 1.329 1.336 1.338 1.338 1.339 1.34 1.34 1.346 1.346 1.332 1.313 1.322 1.284 1.221 1.179 1.148 1.111 1.081 1.053 1.055 1.042 0.987 0.913 0.859 0.788 0.729 0.626 0.5 0.4 0.48 0.541 0.823 0.9 1.118 1.212 1.291 1.335 1.321 1.336
-9 -9 -9 -9 0.503 0.321 0.295 0.284 0.262 0.295 0.41 0.303 0.139 0.069 0.053 0.119 0.176 0.488 0.818 0.998 1.048 1.074 1.126 1.154 1.167 1.192 1.218 1.251 1.281 1.295 1.298 1.301 1.306 1.309 1.308 1.307 1.307 1.319 1.319 1.319 1.324 1.326 1.326 1.331 1.333 1.328 1.321 1.294 1.283 1.265 1.164 1.084 1.024 0.967 0.917 0.877 0.858 0.858 0.832 0.804 0.772 0.643 0.429 0.511 0.287 0.004 -0.114 -0.085 0.01 0.244 0.2 0.635 0.774 0.886 1.032 1.157 1.316
-9 -9 -9 -9 -9 0.265 0.224 0.227 0.353 0.423 0.192 0.072 0.224 0.266 0.434 0.396 0.483 0.636 0.902 1.026 1.074 1.112 1.139 1.147 1.158 1.187 1.217 1.263 1.284 1.288 1.291 1.294 1.294 1.289 1.279 1.272 1.271 1.306 1.312 1.312 1.315 1.316 1.316 1.316 1.314 1.289 1.265 1.239 1.227 1.188 1.097 1.003 0.951 0.881 0.839 0.815 0.788 0.781 0.752 0.722 0.682 0.484 0.398 0.324 0.106 -0.004 -0.145 -0.333 -0.239 0.005 0.371 0.692 0.39 0.21 0.279 0.613 0.989
-9 -9 -9 -9 -9 -9 0.18 0.248 0.473 0.222 -0.033 0.089 0.427 0.552 0.678 0.717 0.757 0.756 0.905 0.922 1.079 1.128 1.137 1.142 1.162 1.195 1.246 1.271 1.277 1.279 1.284 1.287 1.268 1.252 1.233 1.229 1.234 1.285 1.301 1.301 1.304 1.298 1.282 1.278 1.268 1.235 1.219 1.185 1.134 1.094 1.117 1.003 0.931 0.853 0.81 0.773 0.753 0.734 0.701 0.702 0.675 0.613 0.582 0.468 0.349 0.127 -0.276 -0.263 0.029 0.258 0.206 0.236 -0.251 -0.482 -0.317 0.181 0.756
-9 -9 -9 -9 -9 -9 0.211 0.394 0.383 0.028 -0.096 0.384 0.666 0.755 0.834 0.888 0.909 0.906 0.867 0.999 1.106 1.128 1.129 1.137 1.179 1.216 1.26 1.264 1.265 1.268 1.272 1.263 1.229 1.217 1.21 1.214 1.229 1.264 1.285 1.288 1.29 1.263 1.235 1.22 1.21 1.197 1.177 1.119 1.06 1.013 1.047 1.032 0.967 0.884 0.807 0.734 0.704 0.701 0.72 0.684 0.563 0.48 0.377 0.381 0.297 -0.128 -0.481 -0.383 -0.252 -0.141 -0.368 -0.44 -0.589 -0.516 -0.214 0.205 0.488
-9 -9 -9 -9 -9 -9 0.337 0.444 0.137 -0.061 0 0.42 0.501 0.783 0.912 0.957 0.955 0.867 0.906 1.062 1.11 1.121 1.126 1.152 1.189 1.228 1.255 1.258 1.261 1.262 1.26 1.225 1.194 1.193 1.205 1.214 1.231 1.252 1.267 1.269 1.262 1.225 1.206 1.178 1.145 1.139 1.112 1.073 1.032 0.998 0.943 0.912 0.928 0.971 -9 -9 -9 0.776 0.797 0.679 0.48 0.307 0.092 0.1 0.026 -0.199 -0.344 -0.52 -0.481 -0.5 -0.666 -0.607 -0.516 -0.298 -0.104 0.049 0.207
-9 -9 -9 -9 0.248 0.314 0.511 0.336 0.014 -0.13 0.035 0.244 0.528 0.871 0.959 0.988 0.971 0.955 1.018 1.076 1.109 1.105 1.136 1.165 1.192 1.23 1.248 1.249 1.25 1.255 1.237 1.196 1.176 1.188 1.207 1.22 1.219 1.233 1.241 1.23 1.213 1.182 1.172 1.151 1.101 1.019 1.032 1.037 1.011 0.929 0.817 0.588 -9 -9 -9 -9 -9 0.769 0.766 0.758 0.714 0.585 0.285 0.116 -0.078 -0.226 -0.267 -0.376 -0.311 -0.303 -0.787 -0.759 -0.565 -0.344 -0.061 0.271 0.509
