data/climatemaps/RS_maps/climate_winter_tmin_2017.asc
NCOLS 369 
NROWS 228 
XLLCORNER 479000 
YLLCORNER 73000 
CELLSIZE 1000 
NODATA_value -9 
[rows 136 to 169 of 228, columns 154 to 230 of 369]
-0.098 0.221 0.531 0.396 0.218 0.216 0.254 0.195 0.083 0.146 0.287 0.202 0.104 0.149 0.157 0.066 -0.405 -1.23 -1.668 -2.082 -2.186 -1.975 -1.752 -1.631 -1.5 -1.236 -0.973 -0.663 -0.948 -1.602 -1.271 -0.876 -0.386 -0.168 -0.844 -1.051 -1.328 -1.695 -1.935 -1.796 -1.724 -1.952 -1.972 -1.548 -1.245 -1.387 -1.45 -1.462 -1.599 -1.371 -1.274 -1.032 -0.796 -0.421 -0.335 -0.573 -0.604 -0.617 -0.73 -1.171 -1.496 -1.387 -1.181 -1.187 -0.874 -1.339 -1.397 -1.124 -0.941 -1.372 -1.568 -1.36 -0.886 -0.662 -0.65 -1.092 -1.355
-0.436 -0.035 0.5 -0.018 -0.385 -0.558 -0.412 -0.325 -0.206 0.067 0.299 0.348 0.332 0.298 0.059 -0.352 -0.517 -0.854 -1.379 -1.891 -2.113 -1.932 -1.621 -1.476 -1.511 -1.268 -0.911 -0.777 -1.216 -1.633 -1.246 -0.89 -0.603 -0.164 -0.821 -0.751 -1.048 -1.436 -1.703 -1.73 -1.642 -1.842 -1.953 -1.738 -1.635 -1.525 -1.482 -1.461 -1.361 -1.051 -0.778 -0.59 -0.48 -0.376 -0.614 -0.963 -1.075 -1.062 -0.749 -0.815 -1.376 -1.446 -1.175 -1.259 -0.981 -1.344 -1.491 -1.116 -1.152 -1.577 -1.661 -1.27 -0.76 -0.9 -0.742 -1.063 -1.552
-0.413 0.031 0.417 -0.058 -0.406 -0.823 -0.702 -0.553 -0.305 -0.045 0.118 0.195 0.221 0.192 -0.486 -1.241 -1.211 -1.125 -1.369 -1.703 -2.067 -2.048 -1.732 -1.402 -1.261 -1.03 -0.908 -1.047 -1.536 -1.538 -1.209 -0.704 -0.489 -0.192 -0.535 -0.79 -1.012 -1.452 -1.58 -1.48 -1.605 -1.982 -1.911 -1.595 -1.412 -1.29 -1.14 -1.036 -0.85 -0.655 -0.484 -0.489 -0.594 -0.514 -0.942 -1.189 -1.411 -1.403 -1.143 -0.837 -1.074 -1.366 -1.225 -1.429 -1.153 -1.336 -1.56 -1.145 -1.433 -1.628 -1.525 -1.184 -0.753 -1.119 -0.949 -0.816 -1.356
-0.437 -0.212 0.379 0.176 -0.154 -0.746 -0.833 -0.593 -0.391 -0.2 -0.161 -0.197 -0.369 -0.359 -0.478 -1.17 -1.62 -1.802 -1.768 -1.721 -1.802 -1.905 -1.844 -1.561 -1.258 -1.094 -1.133 -1.401 -1.512 -1.25 -1.117 -0.912 -0.886 -0.422 -0.363 -0.926 -1.332 -1.638 -1.506 -1.381 -1.614 -1.838 -1.697 -1.503 -1.268 -1.156 -1.122 -0.767 -0.495 -0.501 -0.628 -0.845 -0.842 -0.613 -1.109 -1.46 -1.611 -1.503 -1.348 -1.113 -0.964 -1.321 -1.291 -1.511 -1.318 -1.367 -1.585 -1.292 -1.6 -1.534 -1.291 -0.908 -0.869 -1.307 -1.183 -0.829 -1.061
-0.764 -0.301 0.262 0.26 -0.138 -0.743 -0.958 -0.711 -0.502 -0.418 -0.548 -0.738 -1.141 -0.772 -0.29 -0.759 -1.108 -1.657 -2.26 -2.154 -1.711 -1.47 -1.649 -1.729 -1.532 -1.548 -1.549 -1.453 -1.593 -1.379 -1.338 -1.283 -1.148 -0.853 -0.431 -0.736 -1.227 -1.668 -1.463 -1.262 -1.55 -1.654 -1.386 -1.249 -1.021 -0.922 -0.882 -0.581 -0.513 -0.827 -1.033 -1.159 -0.849 -0.841 -1.092 -1.438 -1.591 -1.472 -1.266 -1.108 -1.038 -1.235 -1.379 -1.604 -1.423 -1.46 -1.568 -1.442 -1.431 -1.228 -1.133 -0.846 -1.186 -1.533 -1.456 -1.012 -1.162
-0.825 -0.382 0.08 0.248 -0.287 -0.803 -0.93 -0.721 -0.717 -0.867 -1.304 -1.649 -1.591 -1.013 -0.449 -0.538 -0.85 -1.409 -2.087 -2.437 -2.086 -1.564 -1.306 -1.532 -1.741 -1.751 -1.776 -1.587 -1.676 -1.487 -1.284 -1.184 -1.085 -0.986 -0.663 -0.647 -1.138 -1.49 -1.282 -1.116 -1.385 -1.535 -1.222 -0.999 -0.96 -0.899 -0.788 -0.61 -0.78 -1.126 -1.278 -1.217 -0.888 -1.099 -1.271 -1.326 -1.568 -1.605 -1.371 -1.132 -1.252 -1.379 -1.451 -1.658 -1.438 -1.604 -1.546 -1.579 -1.403 -1.113 -0.904 -0.943 -1.398 -1.81 -1.509 -1.277 -1.492
-0.92 -0.553 -0.06 0.136 -0.467 -0.701 -0.753 -0.878 -1.128 -1.813 -2.324 -1.866 -1.558 -1.26 -0.957 -1.062 -1.27 -1.282 -1.818 -2.119 -2.182 -1.838 -1.363 -1.215 -1.351 -1.34 -1.446 -1.318 -1.312 -1.352 -1.319 -1.312 -1.158 -1.026 -0.768 -0.634 -1.068 -1.198 -0.913 -0.912 -1.152 -1.343 -1.194 -1.167 -1.277 -1.192 -0.952 -0.714 -0.945 -1.268 -1.314 -1.153 -0.887 -1.106 -1.368 -1.409 -1.499 -1.544 -1.495 -1.256 -1.412 -1.255 -1.297 -1.495 -1.479 -1.522 -1.491 -1.549 -1.42 -1.095 -0.821 -1.023 -1.536 -1.94 -1.642 -1.57 -1.564
-0.966 -0.625 0.007 0.103 -0.376 -0.47 -0.627 -0.978 -1.426 -2.097 -2.29 -1.892 -1.734 -1.526 -1.365 -1.516 -1.651 -1.382 -1.71 -1.917 -1.781 -1.976 -1.615 -1.222 -1.135 -1.088 -1.05 -0.99 -0.927 -0.906 -0.92 -0.981 -0.887 -0.84 -0.869 -0.803 -0.99 -0.817 -0.713 -0.941 -1.112 -1.2 -1.402 -1.424 -1.349 -1.152 -0.985 -0.903 -1.021 -1.373 -1.23 -1.046 -0.917 -1.106 -1.382 -1.249 -1.272 -1.389 -1.431 -1.182 -1.002 -0.922 -1.283 -1.384 -1.297 -1.316 -1.333 -1.254 -1.224 -1.036 -0.999 -0.875 -1.205 -1.627 -1.577 -1.39 -1.207
-0.72 -0.485 0.224 -0.259 -0.626 -0.728 -0.966 -1.353 -1.785 -2.384 -2.462 -2.273 -2.206 -2.064 -1.969 -2.05 -2.063 -1.734 -1.77 -2.015 -1.677 -1.681 -1.564 -1.252 -1.356 -1.34 -1.175 -1.186 -1.226 -1.152 -0.983 -0.838 -0.909 -1.102 -1.193 -1.006 -0.907 -0.611 -0.854 -1.095 -1.374 -1.366 -1.551 -1.394 -1.2 -1.135 -1.199 -1.209 -1.09 -1.425 -1.125 -1.189 -1.062 -0.974 -1.113 -1.143 -1.291 -1.269 -1.038 -0.773 -0.776 -1.075 -1.1 -1.084 -0.966 -1.219 -1.345 -1.412 -1.195 -1.266 -1.103 -0.829 -0.892 -1.173 -1.272 -1.163 -1.037
-0.619 -0.288 0.246 -0.635 -1.226 -1.491 -1.815 -1.952 -2.032 -2.395 -2.434 -2.368 -2.227 -2.288 -2.489 -2.556 -2.307 -2.219 -2.226 -2.167 -1.856 -1.484 -1.369 -1.484 -1.762 -1.667 -1.565 -1.521 -1.43 -1.248 -1.125 -1.157 -1.267 -1.333 -1.175 -0.944 -0.76 -0.43 -0.708 -1.128 -1.351 -1.515 -1.647 -1.468 -1.357 -1.429 -1.441 -1.298 -1.129 -1.459 -1.298 -1.407 -1.27 -0.846 -0.908 -1.08 -1.073 -0.906 -0.665 -0.462 -0.811 -1.058 -0.891 -0.801 -0.849 -0.941 -1.023 -1.101 -1.196 -1.383 -1.173 -0.882 -0.76 -0.842 -1.096 -1.092 -1.016
-0.37 -0.221 0.153 -0.502 -1.242 -1.903 -2.347 -2.449 -2.235 -2.163 -2.252 -2.436 -2.2 -2.123 -2.342 -2.541 -2.17 -2.183 -2.397 -2.474 -2.008 -1.715 -1.581 -1.882 -1.892 -1.677 -1.5 -1.352 -1.24 -1.195 -1.306 -1.413 -1.329 -1.204 -1.012 -0.707 -0.398 -0.239 -0.579 -0.935 -1.204 -1.464 -1.392 -1.571 -1.594 -1.686 -1.516 -1.411 -1.368 -1.472 -1.408 -1.215 -1.208 -0.864 -0.557 -0.544 -0.487 -0.434 -0.292 -0.515 -0.858 -0.898 -0.718 -0.84 -0.964 -1.075 -1.074 -1.142 -1.209 -1.252 -1.102 -1.007 -0.851 -0.736 -0.715 -0.81 -0.788
-0.516 -0.491 -0.027 -0.404 -1.082 -1.738 -2.208 -2.473 -2.222 -1.981 -1.982 -2.16 -2.124 -2.048 -2.173 -2.494 -2.22 -1.976 -2.173 -2.448 -2.23 -2.052 -1.937 -2.021 -1.771 -1.57 -1.482 -1.47 -1.502 -1.472 -1.437 -1.344 -1.204 -0.988 -0.745 -0.394 -0.15 -0.263 -0.407 -0.594 -0.928 -1.192 -1.142 -1.59 -1.503 -1.552 -1.677 -1.395 -1.292 -1.134 -1.074 -0.841 -0.757 -0.581 -0.312 -0.128 -0.058 -0.06 -0.133 -0.436 -0.592 -0.616 -0.492 -0.704 -0.763 -0.927 -1.068 -1.284 -1.31 -1.3 -1.232 -1.178 -1.094 -0.939 -0.743 -0.653 -0.554
-0.872 -0.601 -0.195 -0.595 -1.169 -1.566 -1.76 -2.287 -2.354 -2.038 -1.802 -1.787 -1.864 -1.943 -2.107 -2.368 -2.224 -1.942 -1.897 -1.991 -2.074 -2.086 -1.915 -2.012 -1.923 -1.75 -1.574 -1.363 -1.462 -1.347 -1.292 -1.05 -0.884 -0.712 -0.379 -0.152 -0.28 -0.641 -0.688 -0.698 -0.707 -0.708 -1.223 -1.386 -1.297 -1.653 -1.661 -1.244 -1.036 -0.839 -0.682 -0.43 -0.256 -0.231 -0.275 -0.324 -0.283 -0.27 -0.094 -0.091 -0.143 -0.093 -0.086 -0.164 -0.236 -0.415 -0.616 -1.073 -1.189 -1.24 -1.243 -1.179 -1.255 -1.216 -1.074 -0.81 -0.576
-0.747 -0.491 -0.444 -0.91 -1.503 -1.921 -2.15 -2.453 -2.291 -2.21 -1.935 -1.678 -1.652 -1.768 -2.002 -2.018 -2.142 -1.989 -1.786 -1.712 -1.713 -1.836 -1.762 -1.952 -2.068 -1.761 -1.546 -1.175 -0.955 -1.211 -0.955 -0.856 -0.544 -0.274 -0.129 -0.29 -0.625 -0.965 -1.02 -0.957 -0.965 -1.009 -0.943 -1.129 -1.506 -1.592 -1.39 -0.978 -0.69 -0.453 -0.317 -0.301 -0.482 -0.562 -0.754 -0.774 -0.741 -0.642 -0.459 -0.372 -0.317 -0.193 -0.047 0.019 0.032 -0.085 -0.285 -0.696 -0.751 -0.783 -0.847 -0.844 -0.986 -1.024 -1.139 -1.133 -1.016
-0.838 -0.796 -0.955 -1.4 -1.932 -2.433 -2.593 -2.451 -2.113 -1.997 -1.843 -1.654 -1.578 -1.588 -1.768 -2.054 -2.314 -2.152 -1.913 -1.751 -1.594 -1.549 -1.712 -1.938 -1.986 -1.728 -1.653 -1.275 -0.768 -0.878 -0.74 -0.392 -0.171 -0.11 -0.194 -0.457 -0.777 -1.134 -1.332 -1.407 -1.214 -1.352 -1.163 -1.293 -1.503 -1.282 -1.036 -0.684 -0.419 -0.403 -0.613 -0.649 -0.906 -0.89 -1.175 -1.111 -1.072 -0.933 -0.789 -0.69 -0.679 -0.682 -0.497 -0.414 -0.254 -0.016 -0.035 -0.293 -0.193 -0.271 -0.36 -0.45 -0.656 -0.711 -0.916 -1.06 -1.27
-1.079 -1.112 -1.359 -1.921 -2.474 -2.494 -2.417 -2.27 -2.024 -1.822 -1.709 -1.627 -1.565 -1.519 -1.599 -2.006 -2.289 -2.424 -2.261 -2.033 -1.612 -1.417 -1.9 -1.698 -1.721 -1.429 -1.295 -1.319 -0.937 -0.437 -0.357 -0.143 -0.147 -0.337 -0.586 -0.626 -0.609 -0.903 -1.233 -1.555 -1.533 -1.448 -1.39 -1.428 -1.283 -0.962 -0.664 -0.495 -0.495 -0.799 -0.983 -0.976 -1.15 -1.248 -1.273 -1.084 -0.957 -0.957 -1.007 -0.94 -0.921 -1.021 -0.869 -0.924 -0.833 -0.37 -0.007 0.034 0.078 0.087 0.108 -0.063 -0.315 -0.436 -0.594 -0.855 -1.256
-1.465 -1.679 -2.047 -2.268 -2.248 -2.403 -2.277 -2.069 -1.927 -1.803 -1.761 -1.771 -1.752 -1.47 -1.435 -1.602 -1.876 -2.323 -2.231 -1.915 -1.463 -1.274 -1.849 -1.551 -1.354 -1.45 -1.01 -1.049 -0.735 -0.346 -0.145 -0.181 -0.437 -0.749 -0.977 -1.053 -1.049 -0.736 -1.034 -1.321 -1.425 -1.354 -1.213 -1.124 -0.961 -0.696 -0.575 -0.732 -0.826 -1.053 -1.241 -1.191 -1.208 -1.252 -1.099 -0.909 -0.789 -0.658 -0.76 -0.93 -1.112 -1.232 -1.21 -1.276 -1.036 -0.681 -0.383 -0.046 -0.024 -0.005 0.199 0.261 0.103 -0.132 -0.425 -0.776 -1.049
-2.172 -2.01 -1.952 -2.1 -1.944 -2.154 -2.23 -2.033 -1.915 -2.046 -2.216 -2.383 -2.103 -1.63 -1.376 -1.33 -1.646 -2.039 -1.858 -1.633 -1.182 -1.213 -1.775 -1.464 -1.069 -1.132 -0.947 -0.627 -0.343 -0.12 -0.22 -0.494 -0.724 -1.054 -1.258 -1.339 -1.199 -0.962 -0.838 -1.214 -1.328 -1.135 -0.982 -0.941 -0.817 -0.725 -0.853 -1.08 -1.215 -1.272 -1.393 -1.325 -1.266 -1.205 -1.187 -1.103 -1.02 -0.805 -0.571 -0.571 -0.937 -1.128 -1.295 -1.29 -1.115 -0.937 -0.68 -0.473 -0.343 -0.132 -0.063 0.173 0.344 0.106 -0.297 -0.688 -0.978
-1.93 -1.522 -1.55 -1.778 -1.778 -1.776 -1.897 -2.25 -2.296 -2.666 -2.353 -2.129 -2.209 -1.879 -1.445 -1.301 -1.421 -1.888 -1.595 -1.129 -0.92 -1.288 -1.654 -1.46 -1.13 -0.724 -0.672 -0.317 -0.125 -0.16 -0.461 -0.845 -0.864 -1.183 -1.415 -1.363 -1.186 -1.121 -0.961 -1.304 -1.352 -1.219 -1.098 -1.059 -1.011 -1.027 -1.155 -1.308 -1.389 -1.367 -1.404 -1.475 -1.275 -1.13 -1.094 -1.104 -1.236 -1.015 -0.728 -0.509 -0.52 -0.833 -0.998 -1.004 -1.191 -1.211 -0.985 -0.824 -0.563 -0.371 -0.454 -0.273 -0.031 0.292 -0.142 -0.595 -0.969
-1.69 -1.386 -1.341 -1.463 -1.458 -1.71 -2.171 -2.064 -2.251 -2.565 -2.199 -1.79 -1.844 -1.98 -1.549 -1.259 -1.309 -1.756 -1.53 -0.978 -0.767 -1.292 -1.439 -1.251 -0.975 -0.544 -0.304 -0.128 -0.202 -0.416 -0.636 -1.037 -1.097 -1.116 -1.482 -1.446 -1.36 -1.357 -1.184 -1.422 -1.469 -1.384 -1.317 -1.201 -1.179 -1.341 -1.408 -1.408 -1.259 -1.131 -1.245 -1.417 -1.311 -1.201 -0.986 -0.805 -1.165 -1.208 -1.068 -0.796 -0.41 -0.555 -0.779 -0.893 -1.25 -1.256 -1.011 -0.843 -0.568 -0.399 -0.612 -0.331 -0.172 0.284 0.117 -0.319 -0.774
-1.366 -1.146 -1.06 -1.196 -1.466 -2.083 -2.243 -1.817 -1.857 -2.14 -2.217 -1.778 -1.528 -1.686 -1.6 -1.205 -1.241 -1.589 -1.362 -0.95 -0.563 -1.001 -1.251 -1.013 -0.661 -0.31 -0.109 -0.208 -0.528 -0.807 -0.657 -1.098 -1.326 -1.311 -1.615 -1.603 -1.474 -1.41 -1.123 -1.356 -1.58 -1.411 -1.256 -1.081 -1.172 -1.549 -1.548 -1.415 -1.18 -0.878 -0.984 -1.282 -1.413 -1.156 -0.857 -0.641 -0.858 -1.206 -1.052 -0.835 -0.362 -0.374 -0.881 -1.12 -1.345 -1.151 -0.949 -0.71 -0.473 -0.522 -0.932 -0.537 -0.349 0.104 0.345 -0.011 -0.493
-0.965 -0.896 -1.019 -1.374 -1.8 -2.074 -2.201 -1.768 -1.567 -1.936 -2.347 -2.023 -1.738 -1.438 -1.285 -1.138 -1.192 -1.367 -1.293 -0.885 -0.337 -0.576 -0.921 -0.757 -0.333 -0.14 -0.244 -0.561 -0.84 -1.166 -0.805 -0.93 -1.378 -1.647 -1.792 -1.706 -1.58 -1.427 -1.106 -1.036 -1.331 -1.27 -1.114 -1.038 -1.176 -1.456 -1.388 -1.195 -1.009 -0.701 -0.955 -1.36 -1.372 -1.09 -0.907 -0.563 -0.725 -1.196 -0.976 -0.58 -0.233 -0.322 -0.76 -1.086 -1.512 -1.557 -1.312 -0.988 -1.066 -1.203 -1.288 -0.95 -0.638 -0.248 0.309 0.288 -0.135
-0.936 -1.146 -1.402 -1.768 -1.826 -1.721 -1.929 -1.589 -1.536 -2.014 -2.298 -2.081 -1.866 -1.476 -1.059 -1.074 -1.246 -1.441 -1.269 -0.828 -0.183 -0.263 -0.566 -0.394 -0.151 -0.285 -0.576 -0.932 -1.103 -1.347 -1.053 -0.804 -1.323 -1.88 -1.91 -1.832 -1.501 -1.269 -1.138 -0.887 -0.871 -0.891 -0.917 -1.036 -1.208 -1.462 -1.293 -1.184 -0.981 -0.734 -0.679 -1.163 -1.284 -0.973 -0.689 -0.303 -0.437 -0.936 -1.001 -0.615 -0.157 -0.297 -0.726 -1.082 -1.3 -1.494 -1.619 -1.411 -1.393 -1.366 -1.284 -0.895 -0.585 -0.298 0.155 0.416 0.234
-1.358 -1.773 -2.007 -1.965 -1.785 -1.61 -1.584 -1.399 -1.475 -1.861 -2.009 -1.77 -1.581 -1.264 -0.98 -1.069 -1.404 -1.454 -1.116 -0.671 -0.136 -0.072 -0.301 -0.145 -0.297 -0.623 -0.923 -1.182 -1.345 -1.459 -1.36 -1.146 -1.364 -1.938 -1.88 -1.721 -1.37 -1.407 -1.42 -1.042 -0.689 -0.668 -0.702 -1.103 -1.405 -1.7 -1.611 -1.426 -1.173 -0.452 -0.384 -0.894 -1.14 -1.162 -0.969 -0.455 -0.003 -0.455 -0.598 -0.378 -0.098 -0.521 -0.907 -1.099 -0.932 -1.043 -1.368 -1.352 -1.162 -1.031 -0.89 -0.594 -0.286 -0.076 0.085 0.389 0.52
-1.886 -2.17 -2.302 -2.195 -2.186 -1.859 -1.577 -1.547 -1.387 -1.4 -1.583 -1.38 -1.265 -0.97 -0.921 -1.198 -1.441 -1.236 -0.932 -0.513 -0.044 -0.015 -0.112 -0.302 -0.62 -0.968 -1.201 -1.284 -1.304 -1.538 -1.753 -1.624 -1.656 -1.747 -1.614 -1.417 -1.322 -1.523 -1.479 -1.079 -1.003 -0.623 -0.821 -1.084 -1.362 -1.743 -1.853 -1.704 -1.156 -0.387 0.051 -0.27 -0.845 -1.238 -0.928 -0.525 -0.085 0.007 0.035 0.119 -0.055 -0.642 -1.03 -0.84 -0.608 -0.728 -1.191 -1.35 -1.063 -0.819 -0.601 -0.424 -0.3 -0.296 -0.186 0.196 0.543
-2.119 -2.066 -1.976 -2.12 -2.105 -2.121 -1.917 -1.806 -1.649 -1.276 -1.132 -0.994 -0.875 -0.822 -0.973 -1.219 -1.19 -1.002 -0.679 -0.274 0.06 -0.015 -0.228 -0.559 -0.962 -1.148 -1.12 -1.091 -1.404 -1.665 -1.775 -1.747 -1.805 -1.824 -1.72 -1.429 -1.491 -1.623 -1.424 -1.196 -1.176 -0.63 -0.531 -1.101 -1.37 -1.694 -1.561 -1.274 -0.83 -0.414 0.027 0.118 -0.616 -0.904 -1.052 -0.726 -0.283 -0.41 -0.246 0.144 0.148 -0.372 -0.622 -0.458 -0.506 -0.853 -1.181 -1.221 -1.177 -1.002 -0.77 -0.636 -0.851 -0.708 -0.243 -0.19 0.225
-1.888 -1.759 -1.712 -1.748 -1.695 -2.03 -1.818 -1.634 -1.586 -1.196 -0.8 -0.636 -0.761 -1.024 -1.011 -0.984 -0.931 -0.637 -0.321 0.008 0.101 -0.182 -0.59 -0.692 -0.859 -0.911 -1.056 -1.361 -1.45 -1.452 -1.432 -1.278 -1.522 -1.615 -1.703 -1.56 -1.503 -1.426 -1.44 -1.52 -1.178 -0.751 -0.326 -0.887 -1.217 -1.397 -1.415 -1.054 -0.94 -0.793 -0.295 0.3 -0.192 -0.667 -1.083 -0.826 -0.671 -0.803 -0.47 -0.145 0.256 0.079 -0.137 -0.101 -0.556 -0.931 -1.132 -0.836 -0.863 -0.909 -0.761 -0.77 -1.13 -0.844 -0.61 -0.675 -0.173
-1.738 -1.406 -1.64 -1.618 -1.397 -1.852 -1.47 -1.285 -1.323 -0.977 -0.539 -0.719 -0.98 -0.993 -0.838 -0.726 -0.486 -0.325 -0.039 0.112 -0.046 -0.345 -0.443 -0.842 -1.017 -1.202 -1.349 -1.22 -1.233 -1.229 -1.109 -1.218 -1.292 -1.542 -1.827 -1.676 -1.397 -1.164 -1.171 -1.229 -1.181 -0.776 -0.244 -0.579 -0.997 -1.384 -1.25 -1.043 -1.122 -0.83 -0.438 0.201 0.007 -0.602 -0.944 -1.037 -0.943 -0.911 -0.68 -0.321 0.18 0.282 -0.121 -0.161 -0.552 -1.009 -1.197 -0.81 -0.587 -0.514 -0.396 -0.363 -0.839 -1.069 -1.046 -0.724 -0.241
-1.583 -1.323 -1.481 -1.61 -1.123 -1.593 -1.283 -1.101 -1.1 -0.861 -0.494 -0.867 -0.823 -0.713 -0.456 -0.215 -0.042 0.131 0.163 0.046 -0.115 -0.151 -0.543 -0.875 -1.067 -0.938 -0.835 -0.934 -0.89 -0.862 -0.922 -1.024 -1.193 -1.485 -1.575 -1.525 -1.282 -1.095 -1.197 -1.089 -0.931 -0.716 -0.259 -0.411 -0.887 -1.313 -1.343 -1.074 -1.077 -0.861 -0.466 0.109 0.235 -0.108 -0.417 -0.723 -0.742 -0.878 -0.586 -0.196 0.271 0.176 -0.301 -0.493 -0.547 -0.957 -1.172 -1.006 -0.92 -0.783 -0.534 -0.103 -0.571 -1.124 -1.069 -0.749 -0.749
-1.112 -1.03 -1.484 -1.622 -0.949 -1.377 -1.176 -0.965 -0.788 -0.546 -0.441 -0.838 -0.463 -0.212 -0.028 0.205 0.192 0.088 -0.022 -0.29 -0.593 -0.374 -0.453 -0.749 -0.555 -0.478 -0.491 -0.653 -0.865 -1.071 -1.282 -1.314 -1.252 -1.176 -1.212 -1.368 -1.407 -1.227 -1.381 -1.413 -1.165 -0.865 -0.351 -0.247 -0.769 -1.223 -1.271 -1.003 -0.744 -0.745 -0.348 0.047 0.121 0.258 0.19 -0.156 -0.562 -0.59 -0.155 0.186 0.373 -0.048 -0.515 -0.697 -0.812 -0.9 -0.798 -0.644 -0.757 -0.82 -0.427 0.018 -0.513 -1.108 -1.235 -1.142 -0.855
-0.788 -1.175 -1.638 -1.695 -0.937 -1.06 -1.171 -0.773 -0.415 -0.292 -0.542 -0.706 -0.211 0.119 0.241 0 -0.191 -0.334 -0.388 -0.805 -1.044 -0.907 -0.42 -0.343 -0.445 -0.712 -0.783 -0.835 -1.266 -1.521 -1.555 -1.372 -1.251 -0.902 -1.108 -1.291 -1.447 -1.369 -1.307 -1.495 -1.448 -1.106 -0.476 -0.238 -0.84 -1.255 -1.239 -0.916 -0.493 -0.306 -0.183 -0.341 -0.528 -0.144 0.318 0.313 -0.119 0.034 0.298 0.388 0.23 -0.253 -0.684 -0.822 -1.086 -1.093 -0.689 -0.242 -0.144 -0.274 -0.028 -0.111 -0.728 -0.952 -0.904 -1.13 -0.959
-0.7 -0.907 -1.332 -1.629 -1.029 -0.833 -1.248 -0.757 -0.163 -0.183 -0.539 -0.325 0.06 0.253 -0.046 -0.377 -0.667 -0.904 -0.798 -1.165 -1.349 -1.182 -0.788 -0.414 -0.711 -1.025 -1.098 -1.021 -1.289 -1.446 -1.472 -1.125 -1.02 -0.886 -1.117 -1.308 -1.417 -1.248 -1.033 -1.192 -1.135 -0.858 -0.375 -0.286 -0.876 -1.332 -1.26 -0.99 -0.694 -0.532 -0.586 -0.907 -0.801 -0.458 -0.188 0.292 0.478 0.507 0.216 0.109 -0.153 -0.177 -0.524 -0.922 -0.966 -1.087 -0.763 -0.451 -0.367 0.012 0.09 0.14 -0.263 -0.403 -0.395 -0.817 -1.177
-0.585 -0.739 -1.163 -1.563 -1.136 -0.693 -1.194 -0.84 -0.112 -0.039 -0.123 0.09 0.265 0 -0.402 -0.592 -0.999 -1.344 -1.324 -1.334 -1.166 -0.981 -0.833 -0.494 -0.76 -1.148 -1.327 -1.352 -1.378 -1.305 -1.331 -1.033 -0.817 -0.916 -1.109 -1.27 -1.321 -0.956 -0.611 -0.68 -0.541 -0.316 -0.161 -0.364 -0.794 -1.216 -1.26 -1.191 -1.108 -1.03 -0.996 -1.037 -0.952 -0.76 -0.51 -0.099 0.524 0.559 0.05 -0.208 -0.226 -0.491 -0.555 -0.819 -0.568 -0.899 -1.093 -0.947 -0.621 -0.465 -0.299 0.147 0.076 -0.2 -0.563 -0.807 -0.859
-0.512 -0.636 -1.153 -1.244 -1.119 -0.617 -0.922 -0.657 -0.008 0.176 0.256 0.327 0.105 -0.264 -0.571 -1.015 -1.342 -1.652 -1.472 -1.232 -1.046 -1.053 -0.91 -0.71 -0.774 -1.172 -1.46 -1.7 -1.465 -1.115 -1.026 -0.879 -0.803 -1.041 -1.225 -1.275 -1.321 -0.959 -0.584 -0.274 0.037 0.029 -0.244 -0.607 -0.923 -1.188 -1.055 -0.968 -1.001 -0.898 -0.92 -0.779 -0.829 -0.932 -0.644 -0.123 0.563 0.43 0.046 -0.218 -0.505 -0.626 -0.867 -0.725 -0.344 -0.699 -0.878 -0.94 -0.901 -0.826 -0.306 0.126 0.041 -0.571 -1.001 -1.027 -0.669
