data/climatemaps/RS_maps/climate_postbreed_tmp_2004.asc
NCOLS 369 
NROWS 228 
XLLCORNER 479000 
YLLCORNER 73000 
CELLSIZE 1000 
NODATA_value -9 
[rows 68 to 101 of 228, columns 231 to 307 of 369]
0.938 0.945 0.943 0.934 0.931 0.934 0.89 0.872 0.85 0.804 0.712 0.528 0.389 0.27 0.207 0.099 0.12 0.244 0.429 0.246 0.401 0.539 0.594 0.517 0.384 0.126 -0.19 -0.103 0.051 -0.199 -0.398 -0.478 -0.229 -0.105 -0.745 -0.91 -0.638 -0.624 -0.51 -0.012 0.372 0.679 0.948 1.002 1.027 1.027 1.018 0.941 0.897 0.883 0.987 1.005 0.903 0.866 0.956 0.972 0.963 0.965 0.979 0.918 -9 -9 -9 -9 -9 -9 -9 -9 -9 -9 -9 -9 -9 -9 -9 -9 -9
0.968 0.983 0.98 0.974 0.985 1.007 1.004 0.975 0.938 0.894 0.826 0.697 0.53 0.431 0.289 0.06 -0.035 0.113 0.42 0.208 0.241 0.428 0.573 0.573 0.442 0.124 -0.184 -0.205 -0.268 -0.485 -0.419 -0.159 0.175 -0.059 -0.417 -0.319 -0.369 -0.392 -0.076 0.251 0.53 0.803 0.976 1.015 1.027 1.027 1.005 0.94 0.947 1.004 1.018 0.909 0.601 0.537 0.751 0.884 0.965 0.995 1 0.984 -9 -9 -9 -9 -9 -9 -9 -9 -9 -9 -9 -9 -9 -9 -9 -9 -9
1.011 1.033 1.022 0.998 1 1.015 1.034 1.026 1.015 0.983 0.932 0.822 0.631 0.423 0.33 0.059 -0.051 0.114 0.295 0.002 0.081 0.23 0.32 0.41 0.454 0.233 -0.055 -0.427 -0.224 -0.102 -0.067 0.123 0.157 -0.014 -0.01 -0.018 -0.043 0.06 0.099 0.321 0.607 0.89 0.991 1.016 1.027 1.027 1.017 1.013 1.019 1.022 0.916 0.564 0.19 0.344 0.654 0.662 0.787 0.898 0.97 0.987 -9 -9 -9 -9 -9 -9 -9 -9 -9 -9 -9 -9 -9 -9 -9 -9 -9
1.013 0.948 0.932 0.959 0.996 1.02 1.034 1.034 1.034 1.012 0.998 0.929 0.671 0.364 0.27 0.151 -0.093 0.023 -0.033 -0.111 0.098 -0.024 0.059 0.286 0.436 0.421 -0.026 -0.238 -0.148 0.037 0.156 0.294 0.275 0.218 0.207 0.251 0.262 0.282 0.318 0.46 0.699 0.939 1.004 1.019 1.027 1.029 1.031 1.034 1.034 0.979 0.663 0.159 -0.036 0.43 0.54 0.35 0.473 0.658 0.83 -9 -9 -9 -9 -9 -9 -9 -9 -9 -9 -9 -9 -9 -9 -9 -9 -9 -9
0.984 0.902 0.908 0.982 1.034 1.038 1.035 1.037 1.025 0.961 1.014 0.956 0.785 0.434 0.157 0.198 -0.087 -0.204 -0.315 -0.173 0.004 0.193 0.326 0.308 0.359 0.467 0.173 0.076 0.122 0.336 0.354 0.344 0.258 0.209 0.144 0.143 0.172 0.255 0.364 0.54 0.746 0.954 1.01 1.025 1.027 1.033 1.034 1.034 1.017 0.774 0.363 -0.204 -0.024 0.442 0.418 0.032 0.137 0.489 0.69 -9 -9 -9 -9 -9 -9 -9 -9 -9 -9 -9 -9 -9 -9 -9 -9 -9 -9
1.005 0.99 0.995 0.994 1.036 1.04 1.039 1.04 0.978 0.914 1.03 1.007 0.907 0.552 0.195 -0.096 -0.138 -0.474 -0.307 -0.046 0.087 0.149 0.146 -0.073 0.085 0.121 0.362 0.373 0.337 0.2 0.058 0.038 0.008 0.006 -0.104 -0.111 -0.079 0.015 0.195 0.445 0.7 0.935 1.015 1.031 1.032 1.034 1.034 1.024 0.926 0.518 0.03 -0.447 -0.098 0.429 0.119 -0.316 -0.157 0.213 0.344 -9 -9 -9 -9 -9 -9 -9 -9 -9 -9 -9 -9 -9 -9 -9 -9 -9 -9
1.011 1.015 1.022 1.024 1.039 1.04 1.04 1.04 0.984 0.982 1.04 1.031 0.963 0.659 0.236 -0.298 -0.357 -0.422 -0.38 -0.209 -0.041 -0.124 -0.101 -0.165 -0.194 -0.049 0.138 0.089 -0.004 -0.195 -0.212 -0.241 -0.335 -0.327 -0.405 -0.308 -0.131 0 0.217 0.418 0.584 0.839 0.995 1.034 1.034 1.034 1.034 1.004 0.846 0.344 -0.4 -0.676 -0.187 0.375 -0.22 -0.552 -0.128 -0.061 -0.166 0.222 0.549 0.329 0.353 -9 -9 -9 -9 -9 -9 -9 -9 -9 -9 -9 -9 -9 -9
0.971 0.979 0.988 0.973 0.986 0.992 1.022 1.036 1.037 1.039 1.04 1.04 0.989 0.591 -0.021 -0.368 -0.194 -0.206 -0.45 -0.325 -0.144 -0.212 -0.308 -0.276 -0.17 -0.008 -0.156 -0.392 -0.382 -0.397 -0.425 -0.553 -0.724 -0.649 -0.612 -0.379 -0.043 0.093 0.099 0.104 0.357 0.65 0.756 0.955 1.037 1.034 1.034 0.947 0.721 0.121 -0.571 -0.345 0.157 0.123 -0.252 -0.626 -0.264 -0.263 -0.265 -0.064 0.386 0.134 -0.168 -0.332 -0.068 0.305 0.512 -9 -9 -9 -9 -9 -9 -9 -9 -9 -9
0.808 0.688 0.632 0.591 0.589 0.73 0.901 0.97 1.028 1.042 1.041 1.043 0.966 0.415 -0.263 -0.226 0.108 -0.172 -0.085 0.054 0.061 -0.11 -0.15 -0.295 -0.24 -0.318 -0.54 -0.669 -0.652 -0.662 -0.691 -0.891 -0.918 -0.75 -0.545 -0.256 0.044 -0.123 -0.418 -0.11 0.094 0.261 0.517 0.856 1.031 1.044 1.04 0.95 0.691 0.096 -0.505 -0.203 0.177 -0.283 -0.539 -0.742 -0.465 -0.326 -0.399 -0.21 0.268 0.106 -0.296 -0.515 -0.219 0.076 0.292 0.602 0.789 0.937 -9 -9 -9 -9 -9 -9 -9
0.724 0.325 0.207 0.217 0.19 0.22 0.477 0.571 0.719 0.969 1.044 1.045 0.94 0.333 0.009 0.271 0.451 0.111 0.331 0.34 0.147 0.005 -0.068 -0.353 -0.526 -0.646 -0.649 -0.566 -0.507 -0.41 -0.324 -0.556 -0.721 -0.665 -0.543 -0.421 -0.261 -0.559 -0.74 -0.503 -0.252 0.035 0.456 0.755 0.965 1.047 1.047 1.01 0.635 -0.117 -0.553 -0.214 0.109 -0.204 -0.514 -0.664 -0.458 -0.503 -0.436 -0.086 0.086 -0.152 -0.454 -0.491 -0.316 -0.062 0.237 0.574 0.573 0.773 0.857 0.889 0.898 0.696 -9 -9 -9
0.723 0.581 0.386 0.211 -0.02 -0.055 0.081 0.167 0.314 0.635 0.952 1.043 0.944 0.628 0.425 0.685 0.807 0.619 0.711 0.646 0.423 0.296 0.141 -0.071 -0.152 -0.15 -0.11 0.025 0.071 0.222 0.393 0.319 0.051 -0.149 -0.255 -0.648 -0.811 -0.959 -0.872 -0.692 -0.375 0.112 0.345 0.581 0.917 1.047 1.047 1.042 0.712 0.049 -0.313 0.015 -0.169 -0.456 -0.337 -0.593 -0.654 -0.555 -0.072 -0.044 -0.292 -0.441 -0.682 -0.455 -0.376 -0.266 0.209 0.483 0.061 0.308 0.215 0.34 0.898 0.745 0.138 -0.302 -0.349
0.684 0.533 0.493 0.333 0.105 -0.108 -0.08 -0.014 -0.073 0.113 0.587 0.93 1.031 0.939 0.892 0.981 1.027 1.033 1 0.975 0.915 0.848 0.761 0.712 0.753 0.755 0.754 0.774 0.754 0.818 0.893 0.9 0.78 0.483 0.109 -0.576 -0.512 -0.702 -1.004 -0.589 -0.151 -0.178 0.129 0.518 0.934 1.047 1.049 1.05 0.872 0.337 -0.038 -0.004 -0.442 -0.707 -0.466 -0.633 -0.751 -0.353 0.02 -0.446 -0.565 -0.755 -0.67 -0.281 -0.062 0.076 0.348 0.081 -0.463 -0.284 -0.341 -0.239 0.48 0.835 0.601 0.069 -0.294
0.58 0.432 0.296 0.28 0.165 -0.144 -0.2 -0.127 -0.089 0.06 0.321 0.736 1.026 1.047 1.054 1.046 0.963 0.849 0.852 0.948 1.015 1.057 1.065 1.056 1.051 1.053 1.055 1.057 1.048 1.054 1.061 1.063 1.047 0.952 0.552 -0.149 -0.17 -0.311 -0.67 -0.708 -0.465 -0.476 0.045 0.526 0.821 1.019 1.053 1.05 0.977 0.561 0.184 -0.047 -0.343 -0.467 -0.536 -0.817 -0.722 -0.229 -0.105 -0.778 -0.792 -0.735 -0.487 -0.24 0.174 0.302 -0.148 0.027 -0.783 -0.8 -0.781 -0.393 0.458 0.859 0.761 0.214 -0.117
0.545 0.523 0.282 0.057 0.098 -0.248 -0.265 -0.147 -0.145 -0.126 0.064 0.525 0.973 1.054 0.99 0.798 0.593 0.472 0.509 0.589 0.752 0.886 0.957 0.986 1.009 1.03 1.04 1.027 0.966 1.033 1.028 0.931 1.06 1.067 1.006 0.377 0.069 -0.219 -0.424 -0.831 -0.794 -0.441 0.031 0.456 0.723 0.932 1.05 1.053 0.99 0.654 0.232 -0.191 -0.145 -0.38 -0.447 -0.82 -0.604 -0.127 -0.218 -0.764 -0.849 -0.643 -0.423 -0.132 0.303 -0.009 -0.495 -0.405 -0.721 -1.15 -0.734 -0.026 0.441 0.833 0.776 0.354 0.037
0.29 0.456 0.347 0.006 0.001 -0.215 -0.346 -0.21 -0.112 -0.087 0.004 0.238 0.833 1.047 0.83 0.425 0.089 0.069 0.164 0.26 0.478 0.49 0.621 0.587 0.783 0.67 0.758 0.814 0.737 0.605 0.526 0.582 0.754 1.001 1.058 0.848 0.22 -0.256 -0.409 -0.602 -0.843 -0.505 -0.059 0.439 0.746 0.882 1.041 1.056 1.017 0.674 0.141 -0.412 -0.184 -0.557 -0.499 -0.656 -0.517 -0.048 -0.276 -0.698 -0.947 -0.609 -0.222 0.038 0.249 -0.469 -0.913 -0.852 -1.004 -0.983 -0.451 -0.067 0.379 0.758 0.857 0.714 0.496
0.157 0.427 0.433 0.156 -0.231 -0.359 -0.349 -0.227 -0.091 0.113 0.201 0.359 0.798 1.051 0.863 0.371 -0.148 -0.324 -0.053 -0.15 0.19 -0.045 0.141 0.186 0.604 0.153 0.223 0.395 0.418 0.033 0.106 0.284 0.56 0.912 1.052 1.033 0.727 0.247 -0.296 -0.378 -0.548 -0.336 0.057 0.473 0.799 0.952 1.049 1.057 0.99 0.544 0.043 -0.515 -0.328 -0.544 -0.785 -0.793 -0.572 -0.056 -0.342 -0.776 -0.842 -0.488 -0.494 -0.442 0.102 -0.645 -1.241 -1.01 -0.868 -0.559 -0.392 -0.104 0.239 0.476 0.702 0.742 0.747
0.12 0.32 0.486 0.211 -0.428 -0.532 -0.375 -0.03 0.154 0.263 0.294 0.263 0.852 1.051 0.943 0.42 0.018 -0.378 -0.028 -0.626 -0.211 -0.465 -0.354 0.212 0.232 -0.257 -0.301 -0.097 -0.127 -0.221 -0.141 0.051 0.408 0.701 0.925 1.015 1.01 0.78 0.193 -0.134 -0.459 -0.213 0.165 0.583 0.901 1.027 1.058 1.054 0.84 0.31 -0.272 -0.713 -0.482 -0.424 -0.891 -0.935 -0.511 -0.219 -0.403 -0.656 -0.888 -0.665 -0.84 -0.339 -0.064 -0.555 -1.142 -0.755 -0.466 -0.305 -0.309 -0.172 -0.2 -0.015 0.343 0.487 0.712
0.003 0.288 0.489 0.173 -0.271 -0.635 -0.417 0.089 0.077 -0.034 -0.124 -0.073 0.905 0.996 0.646 0.235 -0.001 -0.349 -0.21 -0.921 -0.493 -0.619 -0.541 0.094 -0.324 -0.546 -0.627 -0.525 -0.512 -0.457 -0.278 0.094 0.344 0.431 0.628 0.782 0.955 1.024 0.84 0.259 -0.336 -0.285 0.183 0.697 0.979 1.054 1.062 0.994 0.384 -0.101 -0.201 -0.725 -0.825 -0.527 -0.821 -0.798 -0.46 -0.71 -0.719 -0.841 -1.281 -1.227 -1.037 -0.555 -0.622 -0.46 -0.962 -0.785 -0.516 -0.499 -0.738 -0.623 -0.597 -0.273 0.158 0.206 0.398
-0.042 0.328 0.376 -0.095 -0.442 -0.625 -0.13 -0.144 -0.411 -0.608 -0.8 -0.048 0.979 0.888 0.352 -0.082 -0.459 -0.506 -0.407 -0.983 -0.633 -0.399 -0.343 0.008 -0.603 -0.89 -0.816 -0.727 -0.653 -0.47 -0.11 0.189 -0.003 0 0.258 0.497 0.694 0.947 1.035 0.788 0.316 0.066 0.454 0.909 1.036 1.063 1.067 0.961 0.132 -0.425 -0.44 -0.549 -0.99 -0.906 -1.214 -1.021 -0.764 -1.086 -1.042 -1.337 -1.635 -1.592 -1.486 -1.161 -1.245 -0.762 -0.95 -0.932 -0.796 -0.551 -0.904 -0.824 -0.56 -0.169 -0.083 -0.205 0.089
-0.313 0.238 0.057 -0.375 -0.682 -0.425 -0.221 -0.55 -0.746 -0.85 -0.8 0.347 1.013 0.793 0.377 -0.123 -0.572 -0.694 -0.699 -0.714 -0.541 -0.699 -0.674 -0.111 -0.679 -1.036 -0.852 -0.61 -0.4 -0.185 0.109 -0.096 -0.477 -0.362 -0.09 0.193 0.45 0.665 0.909 0.997 0.913 0.727 0.903 1.046 1.025 0.959 0.95 0.935 0.333 -0.248 -0.785 -1.013 -1.162 -1.192 -0.97 -1.106 -1.097 -1.077 -0.852 -0.929 -1.203 -1.478 -1.615 -1.4 -1.129 -0.841 -0.992 -1.134 -0.911 -0.731 -0.982 -0.895 -0.423 -0.143 -0.508 -0.645 -0.179
-0.266 0.105 -0.184 -0.61 -0.868 -0.498 -0.635 -0.793 -0.749 -0.535 0.026 0.653 0.986 0.901 0.41 -0.088 -0.642 -0.981 -0.929 -0.671 -0.794 -0.905 -0.622 -0.295 -0.788 -1.031 -0.764 -0.551 -0.208 0.026 -0.037 -0.57 -0.73 -0.515 -0.28 -0.049 0.231 0.399 0.622 0.867 1.033 1.02 1.052 1.061 1.045 0.837 0.61 0.871 0.699 0.008 -0.824 -1.071 -0.917 -0.868 -0.745 -0.622 -0.674 -0.679 -0.459 -0.503 -0.678 -0.866 -1.139 -1.139 -0.986 -0.982 -1.11 -1.09 -1.008 -0.992 -0.896 -0.762 -0.432 -0.373 -0.854 -0.72 -0.304
-0.28 -0.393 -0.633 -0.845 -0.811 -0.579 -0.618 -0.469 -0.22 0.254 0.587 0.8 0.92 0.998 0.761 0.07 -0.704 -1.002 -1.099 -0.926 -0.827 -0.762 -0.629 -0.765 -0.991 -1.05 -0.866 -0.761 -0.418 -0.076 -0.285 -0.94 -0.775 -0.462 -0.362 -0.295 -0.024 0.275 0.543 0.689 0.964 1.051 1.061 1.061 1.06 1.038 0.826 0.596 0.754 0.518 0.036 -0.383 -0.932 -0.705 -0.517 -0.375 -0.245 -0.1 -0.208 -0.34 -0.417 -0.602 -0.737 -0.87 -0.944 -1.005 -0.905 -0.772 -0.964 -1.287 -1.061 -0.701 -0.578 -0.705 -1.085 -0.886 -0.617
-0.473 -0.603 -0.572 -0.34 -0.301 -0.363 -0.286 0.205 0.408 0.408 0.368 0.599 0.721 0.958 0.997 0.546 -0.295 -0.773 -1.179 -1.126 -0.808 -0.973 -1.016 -1.002 -1.031 -1.186 -1.099 -0.971 -0.601 -0.201 -0.541 -1.035 -0.675 -0.633 -0.601 -0.475 -0.158 0.382 0.275 0.313 0.789 0.984 1.061 1.061 1.061 1.061 1.058 0.96 0.773 0.7 0.308 -0.116 -0.685 -0.753 -0.714 -0.649 -0.425 -0.015 0.031 -0.162 -0.321 -0.654 -0.865 -0.773 -0.797 -0.867 -0.547 -0.508 -0.855 -1.12 -1.274 -1.047 -1.117 -1.311 -1.137 -1.064 -0.905
-0.308 -0.232 0.126 0.304 0.339 0.309 0.326 0.457 0.367 0.073 -0.011 -0.235 0.119 0.757 0.98 0.744 -0.079 -0.71 -1.076 -1.232 -0.935 -1.017 -1.071 -0.822 -0.915 -1.235 -1.229 -1.047 -0.619 -0.521 -0.814 -0.978 -0.813 -0.858 -0.745 -0.52 0.065 0.436 -0.064 -0.056 0.482 0.69 0.842 0.94 1.029 1.052 1.061 1.039 0.937 0.85 0.537 0.237 -0.365 -0.691 -0.952 -0.824 -0.51 0.001 0.215 -0.193 -0.496 -0.85 -0.791 -0.456 -0.513 -0.58 -0.291 -0.252 -0.6 -0.767 -0.978 -1.199 -1.454 -1.084 -1.022 -1.222 -1.154
-0.003 0.049 0.366 0.303 0.178 0.242 0.183 -0.257 -0.581 -0.724 -0.775 -0.832 -0.084 0.658 0.928 0.771 -0.026 -0.584 -0.833 -1.14 -0.823 -0.579 -0.734 -0.554 -0.914 -1.125 -1.066 -1.069 -0.913 -0.987 -1.045 -1.106 -1.004 -0.89 -0.583 -0.148 0.368 0.013 -0.355 -0.319 0.136 0.358 0.383 0.511 0.654 0.916 1.037 1.056 1.028 0.979 0.776 0.482 -0.018 -0.436 -0.863 -0.668 -0.299 0.133 0.334 -0.041 -0.419 -0.763 -0.478 -0.043 -0.284 -0.227 0.064 -0.145 -0.394 -0.736 -1.148 -1.067 -0.999 -0.777 -0.942 -1.29 -1.281
-0.415 -0.531 0.097 -0.202 -0.707 -0.676 -0.814 -1.256 -1.579 -1.466 -1.251 -0.524 0.195 0.7 0.934 0.725 0.167 -0.058 -0.368 -0.81 -0.521 -0.168 -0.426 -0.607 -1.037 -0.74 -0.798 -1.181 -1.167 -1.197 -1.089 -0.967 -0.879 -0.702 -0.421 0.243 0.219 -0.359 -0.75 -0.575 -0.137 0.078 -0.091 0.078 0.21 0.59 0.91 1.019 1.066 1.044 0.945 0.756 0.353 0.003 -0.346 -0.261 0.017 0.348 0.458 0.066 -0.218 -0.384 -0.187 0.241 -0.12 0.14 0.06 -0.358 -0.611 -0.739 -1.067 -1.04 -0.755 -0.537 -0.747 -1.126 -1.144
-0.885 -0.956 -0.446 -0.194 -0.602 -0.855 -1.309 -1.574 -1.717 -1.385 -0.929 -0.371 0.314 0.832 0.944 0.784 0.529 0.507 0.311 -0.12 -0.06 -0.121 -0.642 -0.989 -1.07 -0.43 -0.73 -1.241 -0.977 -1.006 -1.173 -0.649 -0.338 -0.186 0.105 0.274 -0.061 -0.485 -1.032 -0.895 -0.358 -0.389 -0.514 -0.295 -0.014 0.531 0.732 0.801 1.016 1.066 1.035 0.944 0.717 0.369 0.093 0.176 0.32 0.59 0.544 0.353 0.208 0.035 0.213 0.416 0.311 0.412 0.227 -0.08 -0.219 -0.542 -1.039 -0.885 -0.527 -0.615 -0.864 -1.13 -1.119
-1.111 -1.141 -0.844 -0.454 -0.282 -0.702 -1.216 -1.515 -1.413 -0.716 -0.454 -0.052 0.591 0.929 0.74 0.6 0.103 0.1 0.441 0.477 0.363 -0.093 -0.703 -1.05 -0.985 -0.31 -0.629 -1.123 -0.611 -0.82 -0.859 -0.398 0.046 0.168 0.202 -0.014 -0.467 -0.64 -1.236 -1.163 -0.803 -0.821 -0.803 -0.528 -0.048 0.591 0.476 0.401 0.761 1.005 1.059 1.022 0.959 0.686 0.451 0.493 0.686 0.86 0.846 0.733 0.648 0.516 0.596 0.604 0.392 0.123 0 -0.014 -0.246 -0.562 -0.571 -0.413 -0.336 -0.76 -1.166 -1.278 -0.971
-1.109 -1.059 -0.887 -0.699 -0.676 -0.905 -1.255 -1.253 -0.96 -0.399 -0.164 0.331 0.845 0.752 0.362 0.375 -0.202 -0.522 -0.07 0.261 0.557 0.08 -0.524 -0.723 -0.835 -0.278 -0.551 -0.992 -0.634 -0.377 -0.323 -0.053 -0.159 -0.442 -0.417 -0.041 -0.735 -0.844 -1.319 -1.322 -1.008 -0.861 -0.701 -0.353 0.06 0.575 0.212 0.086 0.301 0.72 1.023 1.052 1.032 0.96 0.797 0.655 0.791 0.851 0.785 0.786 0.883 0.815 0.534 0.201 -0.053 -0.283 -0.42 -0.425 -0.387 -0.312 -0.162 -0.315 -0.418 -0.645 -1.125 -1.238 -0.933
-1.041 -1.056 -0.913 -0.79 -1.213 -1.124 -0.961 -0.729 -0.46 -0.139 0.201 0.707 0.822 0.435 0.058 0.242 -0.315 -0.852 -0.617 -0.312 0.275 0.41 -0.192 -0.359 -0.405 -0.146 -0.597 -1.02 -0.598 -0.158 -0.231 -0.343 -0.569 -0.872 -0.83 -0.258 -0.808 -1.207 -1.497 -1.261 -0.825 -0.418 -0.23 0.024 0.292 0.552 0.047 -0.055 0.17 0.637 1.027 1.059 1.042 1.005 0.44 0.537 0.508 0.319 0.212 0.118 0.352 0.723 0.641 0.117 -0.114 -0.23 -0.526 -0.727 -0.592 -0.232 -0.18 -0.623 -0.756 -0.661 -0.976 -1.246 -1.02
-0.906 -1.198 -1.05 -1.083 -1.48 -1.287 -1.026 -0.78 -0.499 -0.27 0.376 0.869 0.525 -0.062 -0.13 -0.02 -0.394 -0.966 -1.025 -0.745 -0.205 0.49 0.24 0.059 -0.044 -0.336 -1.014 -1.227 -0.622 -0.475 -0.846 -0.778 -0.852 -1.171 -0.939 -0.506 -0.867 -1.399 -1.568 -1.28 -0.825 -0.486 -0.304 -0.24 0.269 0.509 -0.091 -0.214 0.212 0.711 1.049 1.061 1.053 0.948 0.381 0.445 0.243 -0.159 -0.184 -0.296 -0.208 0.253 0.744 0.446 0.153 -0.02 -0.396 -0.708 -0.518 -0.08 -0.257 -0.703 -0.964 -0.965 -0.943 -1.25 -1.194
-1.021 -1.224 -1.139 -1.223 -1.303 -1.184 -0.927 -0.688 -0.468 -0.203 0.522 0.8 0.138 -0.492 -0.309 -0.453 -0.519 -0.938 -0.868 -0.45 -0.137 0.419 0.186 -0.297 -0.624 -1.017 -1.198 -1.195 -0.775 -0.824 -1.143 -1.149 -1.259 -1.285 -1.008 -0.88 -1.131 -1.536 -1.366 -1.494 -1.2 -0.922 -0.899 -0.58 0.137 0.456 -0.287 -0.195 0.316 0.8 1.06 1.061 1.004 0.745 0.218 0.401 0.029 -0.332 -0.459 -0.333 -0.078 0.305 0.757 0.565 0.173 -0.172 -0.391 -0.411 -0.132 0.06 -0.37 -0.88 -0.989 -1.297 -1.321 -1.428 -1.349
-0.957 -0.986 -1.006 -1.049 -1.059 -0.933 -0.612 -0.388 -0.235 0.174 0.775 0.582 -0.073 -0.553 -0.483 -0.589 -0.678 -1.012 -1.045 -0.696 -0.308 0.346 0.025 -0.716 -0.956 -0.939 -0.99 -1.075 -0.866 -1.055 -1.31 -1.309 -1.219 -1.159 -1.056 -1.073 -1.186 -1.5 -1.115 -1.389 -1.281 -0.882 -0.79 -0.514 0.182 0.169 -0.431 -0.078 0.359 0.859 1.061 1.049 0.924 0.62 0.171 0.265 0.097 -0.27 -0.478 -0.301 0.111 0.496 0.721 0.654 0.224 -0.044 -0.062 -0.027 0.17 -0.034 -0.509 -0.877 -1.059 -1.352 -1.456 -1.502 -1.335
-0.833 -0.823 -0.956 -1.168 -1.136 -0.761 -0.389 -0.011 0.123 0.648 0.698 0.018 -0.043 -0.485 -0.689 -0.838 -0.869 -1.115 -1.135 -0.851 -0.41 0.271 0.119 -0.553 -0.642 -0.668 -0.85 -1.296 -1.269 -1.319 -1.227 -1.067 -0.839 -0.753 -0.701 -0.737 -0.864 -1.266 -1.101 -0.978 -1.315 -1.013 -0.518 -0.098 0.364 -0.289 -0.43 0.047 0.521 0.94 1.052 1.038 0.878 0.485 -0.038 0.157 -0.013 -0.387 -0.412 -0.127 0.278 0.409 0.479 0.674 0.573 0.423 0.36 0.382 0.318 0.063 -0.228 -0.504 -0.762 -1.075 -1.222 -1.289 -1.053
