data/climatemaps/RS_maps/climate_breeding_pr_2017.asc
NCOLS 369 
NROWS 228 
XLLCORNER 479000 
YLLCORNER 73000 
CELLSIZE 1000 
NODATA_value -9 
[rows 136 to 169 of 228, columns 228 to 303 of 369]
0.344 0.48 0.54 0.668 0.832 1.095 1.261 1.216 1.226 1.156 1.122 1.06 0.941 0.972 1.098 1.031 0.98 0.923 0.576 0.452 0.602 0.766 0.782 0.617 0.376 -0.027 -0.336 -0.272 -0.051 0.219 0.479 0.613 0.608 0.378 0.401 0.583 0.616 0.67 0.768 0.753 0.642 0.485 0.206 -0.141 -0.54 -0.819 -0.845 -0.595 -0.271 0.017 0.333 0.537 0.495 0.294 -0.064 -0.464 -0.77 -0.971 -0.928 -0.744 -0.537 -0.175 0.118 0.344 0.49 0.498 0.647 0.468 0.247 -0.111 -0.514 -0.492 -0.469 -0.392 -0.222 -0.053
0.518 0.599 0.755 0.89 1.019 1.193 1.182 1.107 1.123 1.05 1.019 0.999 1.007 1.095 1.203 1.097 1.007 0.886 0.629 0.69 0.891 0.912 0.777 0.593 0.283 -0.088 -0.263 -0.16 -0.005 0.138 0.425 0.619 0.639 0.446 0.393 0.561 0.653 0.73 0.817 0.826 0.713 0.574 0.332 -0.043 -0.528 -0.79 -0.76 -0.54 -0.285 0.067 0.467 0.565 0.479 0.269 -0.019 -0.361 -0.674 -0.926 -0.981 -0.867 -0.62 -0.336 -0.097 0.204 0.438 0.556 0.744 0.633 0.448 0.099 -0.346 -0.378 -0.375 -0.341 -0.221 -0.052
0.73 0.601 0.819 0.969 1.073 1.181 1.1 0.961 1.076 1.093 1.077 1.035 1.005 1.189 1.271 1.305 1.132 0.885 0.83 0.951 1.045 0.94 0.799 0.551 0.254 0.061 -0.078 -0.125 0.074 0.191 0.475 0.644 0.693 0.547 0.459 0.61 0.705 0.783 0.875 0.876 0.81 0.654 0.366 -0.019 -0.499 -0.745 -0.66 -0.436 -0.227 0.053 0.456 0.559 0.464 0.378 0.143 -0.212 -0.576 -0.857 -0.989 -0.952 -0.726 -0.538 -0.34 0.014 0.237 0.439 0.671 0.664 0.484 0.224 -0.174 -0.367 -0.428 -0.376 -0.251 -0.093
0.925 0.717 0.83 0.911 0.993 1.122 1.091 0.824 0.902 0.969 0.898 0.872 0.945 1.055 1.222 1.328 1.223 1.13 1.055 1.168 1.168 1.017 0.792 0.549 0.435 0.373 0.181 -0.068 0.099 0.31 0.516 0.642 0.686 0.656 0.667 0.737 0.755 0.742 0.766 0.732 0.688 0.538 0.327 0.018 -0.439 -0.664 -0.568 -0.362 -0.128 0.122 0.43 0.552 0.567 0.535 0.278 -0.098 -0.49 -0.723 -0.891 -1 -0.869 -0.72 -0.551 -0.25 0.016 0.296 0.633 0.673 0.547 0.355 0.054 -0.118 -0.32 -0.39 -0.344 -0.242
1.105 0.92 0.997 0.996 1.081 1.119 0.906 0.589 0.589 0.718 0.677 0.69 0.734 0.914 1.1 1.342 1.387 1.286 1.243 1.32 1.174 0.967 0.742 0.719 0.719 0.628 0.394 0.075 0.152 0.406 0.57 0.669 0.727 0.771 0.761 0.731 0.713 0.714 0.625 0.489 0.39 0.324 0.25 0.013 -0.419 -0.644 -0.566 -0.405 -0.231 0.076 0.421 0.574 0.671 0.609 0.316 -0.06 -0.373 -0.49 -0.677 -0.909 -0.943 -0.812 -0.593 -0.315 -0.024 0.195 0.479 0.698 0.667 0.476 0.254 0.17 -0.046 -0.206 -0.244 -0.205
1.157 1.103 1.225 1.151 1.066 0.995 0.752 0.389 0.314 0.517 0.477 0.475 0.669 0.931 1.169 1.37 1.44 1.355 1.314 1.274 1.061 0.924 0.877 0.968 0.942 0.821 0.537 0.264 0.306 0.443 0.619 0.695 0.75 0.736 0.652 0.551 0.552 0.583 0.419 0.195 0.041 -0.014 -0.059 -0.152 -0.39 -0.534 -0.641 -0.45 -0.185 0.087 0.393 0.636 0.7 0.561 0.306 -0.014 -0.175 -0.224 -0.435 -0.733 -0.877 -0.785 -0.565 -0.34 -0.038 0.182 0.367 0.678 0.734 0.598 0.491 0.379 0.167 -0.055 -0.204 -0.273
1.216 1.256 1.297 1.112 0.896 0.722 0.545 0.176 0.052 0.248 0.279 0.358 0.69 1.038 1.311 1.391 1.311 1.268 1.191 1.116 1.003 1.108 1.113 1.122 1.103 0.916 0.627 0.517 0.543 0.536 0.56 0.586 0.64 0.668 0.562 0.448 0.304 0.26 0.086 -0.03 -0.05 0.006 -0.079 -0.101 -0.166 -0.389 -0.586 -0.433 -0.177 0.13 0.411 0.636 0.651 0.525 0.274 0.097 0.103 0.011 -0.268 -0.589 -0.797 -0.729 -0.537 -0.316 -0.017 0.25 0.389 0.632 0.826 0.772 0.66 0.431 0.175 0.007 -0.013 -0.012
1.173 1.172 1.139 0.992 0.733 0.457 0.259 -0.013 -0.115 0.026 0.195 0.45 0.686 1.032 1.381 1.42 1.33 1.431 1.342 1.185 1.103 1.301 1.287 1.231 1.121 0.935 0.81 0.733 0.643 0.493 0.402 0.372 0.411 0.431 0.333 0.2 0.1 -0.007 -0.015 0.06 0.204 0.283 0.148 0.199 0.09 -0.27 -0.489 -0.354 -0.164 0.084 0.364 0.575 0.598 0.522 0.338 0.252 0.352 0.181 -0.091 -0.44 -0.705 -0.631 -0.482 -0.314 -0.03 0.356 0.543 0.729 0.849 0.788 0.578 0.386 0.275 0.251 0.276 0.218
1.018 1.045 1.034 0.948 0.74 0.464 0.217 -0.084 -0.16 -0.002 0.206 0.529 0.778 1.016 1.409 1.45 1.486 1.657 1.568 1.427 1.205 1.377 1.436 1.327 1.209 1.139 0.957 0.729 0.568 0.398 0.194 0.101 0.093 0.084 0.025 0.002 0.016 0.028 0.156 0.306 0.422 0.468 0.346 0.479 0.327 -0.075 -0.305 -0.144 -0.056 0.127 0.329 0.52 0.553 0.632 0.51 0.38 0.545 0.395 0.139 -0.252 -0.598 -0.574 -0.491 -0.347 -0.074 0.304 0.593 0.719 0.852 0.719 0.579 0.552 0.445 0.48 0.412 0.345
0.921 0.987 0.995 0.921 0.729 0.481 0.254 -0.11 -0.269 -0.1 0.133 0.484 0.853 1.113 1.478 1.496 1.636 1.818 1.744 1.569 1.326 1.458 1.505 1.389 1.397 1.246 0.958 0.61 0.39 0.207 0.072 0.014 0 0.052 0.146 0.222 0.282 0.222 0.336 0.463 0.602 0.598 0.542 0.719 0.561 0.086 -0.126 0.022 0.109 0.22 0.349 0.498 0.589 0.704 0.603 0.567 0.674 0.517 0.229 -0.166 -0.507 -0.564 -0.511 -0.366 -0.094 0.221 0.535 0.668 0.727 0.699 0.718 0.669 0.571 0.585 0.486 0.389
0.738 0.837 0.867 0.819 0.634 0.355 0.081 -0.214 -0.396 -0.189 0.119 0.377 0.771 1.159 1.497 1.545 1.763 1.916 1.807 1.618 1.503 1.551 1.554 1.436 1.336 1.123 0.785 0.495 0.359 0.32 0.378 0.253 0.299 0.475 0.518 0.487 0.488 0.431 0.459 0.613 0.724 0.7 0.777 0.892 0.699 0.238 -0.025 0.026 0.128 0.201 0.348 0.486 0.62 0.684 0.634 0.797 0.732 0.515 0.256 -0.141 -0.443 -0.559 -0.509 -0.396 -0.157 0.132 0.513 0.62 0.706 0.715 0.821 0.734 0.668 0.65 0.504 0.373
0.743 0.745 0.738 0.711 0.571 0.327 0.036 -0.271 -0.435 -0.256 0.102 0.323 0.624 1.074 1.497 1.571 1.858 2.046 1.871 1.724 1.679 1.706 1.539 1.346 1.087 0.837 0.63 0.574 0.639 0.569 0.704 0.594 0.564 0.828 0.778 0.708 0.707 0.643 0.587 0.738 0.839 0.816 0.953 0.988 0.779 0.427 0.144 0.005 0.023 0.099 0.25 0.413 0.571 0.674 0.739 0.826 0.706 0.491 0.279 0.046 -0.286 -0.484 -0.46 -0.371 -0.186 0.078 0.384 0.57 0.725 0.747 0.791 0.721 0.7 0.68 0.554 0.376
0.818 0.809 0.791 0.78 0.713 0.521 0.192 -0.217 -0.454 -0.331 0.018 0.3 0.569 1.046 1.485 1.642 1.884 2.066 1.976 1.9 1.842 1.749 1.528 1.241 1.126 1.013 0.806 0.769 0.789 0.807 0.918 0.873 0.775 0.94 0.988 0.949 0.96 0.841 0.753 0.813 0.876 0.931 1.01 0.954 0.771 0.678 0.502 0.134 -0.021 0.081 0.208 0.34 0.491 0.667 0.757 0.71 0.628 0.468 0.486 0.299 -0.067 -0.401 -0.398 -0.322 -0.191 0.02 0.278 0.449 0.636 0.701 0.76 0.701 0.66 0.64 0.519 0.315
0.73 0.888 0.982 1.006 0.955 0.737 0.341 -0.15 -0.492 -0.421 -0.135 0.234 0.521 1.031 1.503 1.737 1.881 1.909 1.892 1.877 1.867 1.743 1.454 1.455 1.476 1.256 0.982 0.876 0.928 0.932 1.011 1.035 0.934 1.084 1.211 1.154 1.14 0.958 0.819 0.779 0.791 0.869 0.91 0.867 0.828 0.895 0.742 0.334 0.105 0.123 0.252 0.354 0.485 0.618 0.682 0.727 0.751 0.676 0.648 0.514 0.17 -0.238 -0.366 -0.306 -0.202 -0.023 0.164 0.331 0.502 0.58 0.691 0.729 0.637 0.531 0.379 0.16
0.472 0.735 0.982 1.053 0.969 0.728 0.322 -0.163 -0.503 -0.511 -0.301 0.015 0.441 0.965 1.399 1.729 1.817 1.798 1.859 1.864 1.795 1.745 1.751 1.797 1.664 1.382 1.096 0.938 0.889 0.905 1.037 1.119 1.085 1.245 1.34 1.24 1.142 0.944 0.74 0.617 0.616 0.725 0.789 0.815 0.928 1.035 0.856 0.499 0.291 0.133 0.225 0.299 0.418 0.572 0.678 0.816 0.885 0.784 0.802 0.669 0.348 -0.081 -0.29 -0.256 -0.168 -0.05 0.084 0.205 0.395 0.47 0.599 0.67 0.672 0.481 0.202 -0.009
0.167 0.485 0.828 0.932 0.832 0.574 0.184 -0.237 -0.518 -0.525 -0.275 0.039 0.434 0.898 1.257 1.565 1.749 1.828 1.904 1.929 1.931 1.984 2.005 1.927 1.739 1.461 1.134 0.915 0.838 0.929 1.071 1.102 1.105 1.327 1.375 1.222 1.1 0.923 0.699 0.458 0.458 0.558 0.681 0.778 1.008 1.143 0.956 0.623 0.535 0.222 0.122 0.161 0.279 0.45 0.56 0.756 0.851 0.781 0.916 0.766 0.49 0.091 -0.201 -0.218 -0.174 -0.125 -0.004 0.108 0.299 0.383 0.481 0.527 0.562 0.361 0.051 -0.079
-0.076 0.261 0.59 0.721 0.673 0.393 0.006 -0.333 -0.529 -0.478 -0.126 0.253 0.649 0.938 1.086 1.388 1.637 1.795 1.872 1.962 2.027 2.133 2.104 1.985 1.825 1.545 1.135 0.837 0.775 0.893 1.008 1.03 1.077 1.342 1.4 1.263 1.092 0.855 0.608 0.357 0.304 0.366 0.558 0.791 1.053 1.137 0.999 0.775 0.704 0.394 0.242 0.186 0.161 0.279 0.44 0.619 0.765 0.821 0.926 0.848 0.616 0.279 -0.087 -0.235 -0.249 -0.226 -0.088 0.099 0.317 0.441 0.511 0.481 0.387 0.172 -0.059 -0.083
-0.245 0.065 0.366 0.5 0.466 0.29 -0.018 -0.336 -0.483 -0.342 0.009 0.368 0.729 0.913 1.026 1.144 1.345 1.489 1.584 1.811 1.94 1.967 2.038 2.096 1.941 1.65 1.162 0.779 0.666 0.724 0.868 0.907 1.002 1.306 1.427 1.283 1.054 0.654 0.394 0.257 0.154 0.192 0.499 0.798 1.006 1.05 0.959 0.879 0.871 0.453 0.424 0.377 0.242 0.174 0.322 0.502 0.68 0.778 0.881 0.843 0.671 0.373 0.045 -0.179 -0.211 -0.167 -0.008 0.189 0.421 0.561 0.577 0.491 0.298 0.033 -0.111 -0.05
-0.36 -0.093 0.207 0.324 0.324 0.212 -0.024 -0.314 -0.451 -0.272 0.097 0.353 0.74 0.907 0.992 0.936 1.008 1.168 1.332 1.656 1.882 1.899 1.972 2.114 1.954 1.675 1.211 0.768 0.552 0.531 0.68 0.794 0.979 1.256 1.343 1.21 0.969 0.528 0.235 0.138 0.01 0.084 0.4 0.715 0.906 0.999 0.92 0.945 0.914 0.543 0.527 0.525 0.41 0.351 0.317 0.374 0.507 0.598 0.735 0.781 0.649 0.454 0.234 -0.028 0.002 0.047 0.189 0.33 0.562 0.653 0.566 0.382 0.116 -0.069 -0.107 0.026
-0.442 -0.265 -0.004 0.226 0.313 0.241 0.015 -0.243 -0.398 -0.285 -0.038 0.223 0.615 0.855 0.937 0.867 0.767 0.978 1.302 1.637 1.803 1.828 1.969 2.059 1.912 1.665 1.264 0.79 0.498 0.397 0.533 0.733 0.929 1.106 1.193 1.15 0.904 0.454 0.09 0.019 -0.111 0.004 0.351 0.69 0.844 0.981 0.885 0.974 0.978 0.599 0.629 0.664 0.562 0.543 0.452 0.373 0.504 0.531 0.639 0.752 0.669 0.556 0.378 0.147 0.152 0.212 0.323 0.421 0.522 0.509 0.377 0.168 0.01 -0.033 0.037 0.151
-0.462 -0.416 -0.184 0.118 0.315 0.31 0.115 -0.143 -0.344 -0.34 -0.191 0.065 0.446 0.692 0.786 0.717 0.618 0.84 1.264 1.605 1.727 1.736 1.829 1.86 1.753 1.605 1.296 0.822 0.458 0.249 0.323 0.517 0.725 0.935 1.044 1.026 0.81 0.483 0.092 -0.092 -0.152 -0.035 0.229 0.555 0.801 0.912 0.87 1.036 1.008 0.717 0.676 0.734 0.725 0.67 0.544 0.511 0.675 0.646 0.62 0.763 0.766 0.661 0.453 0.325 0.308 0.349 0.353 0.363 0.346 0.233 0.141 0.059 0.033 0.11 0.162 0.282
-0.35 -0.503 -0.381 -0.11 0.181 0.325 0.231 0.035 -0.182 -0.347 -0.349 -0.139 0.228 0.407 0.466 0.458 0.504 0.768 1.191 1.538 1.713 1.719 1.562 1.567 1.615 1.581 1.328 0.874 0.421 0.12 0.073 0.313 0.609 0.808 0.912 0.942 0.884 0.671 0.157 -0.13 -0.138 -0.064 0.119 0.445 0.712 0.827 0.85 1.093 1.085 0.86 0.692 0.741 0.813 0.761 0.627 0.606 0.78 0.797 0.722 0.825 0.841 0.721 0.571 0.494 0.451 0.395 0.327 0.254 0.175 0.127 0.109 0.086 0.133 0.184 0.242 0.416
-0.223 -0.509 -0.521 -0.316 -0.013 0.235 0.272 0.201 0.016 -0.236 -0.379 -0.298 -0.009 0.135 0.232 0.387 0.602 0.822 1.103 1.419 1.725 1.766 1.49 1.392 1.534 1.502 1.319 1.047 0.617 0.183 -0.06 0.067 0.418 0.722 0.923 0.991 0.944 0.703 0.218 -0.137 -0.133 -0.08 0.113 0.405 0.649 0.786 0.841 1.077 1.158 1.014 0.841 0.739 0.847 0.835 0.712 0.677 0.842 0.932 0.879 0.963 0.901 0.77 0.669 0.582 0.5 0.342 0.226 0.122 0.107 0.139 0.201 0.174 0.158 0.251 0.313 0.51
-0.069 -0.406 -0.564 -0.453 -0.211 0.041 0.237 0.284 0.152 -0.116 -0.34 -0.38 -0.214 -0.02 0.244 0.438 0.738 0.997 1.204 1.409 1.75 1.784 1.428 1.225 1.408 1.411 1.369 1.213 0.844 0.284 -0.131 -0.14 0.225 0.492 0.846 0.955 0.93 0.708 0.287 -0.151 -0.211 -0.175 0.027 0.301 0.535 0.73 0.82 1.01 1.175 1.114 0.993 0.791 0.862 0.87 0.769 0.769 0.918 1.005 0.977 0.991 0.898 0.732 0.587 0.436 0.298 0.167 0.102 0.15 0.27 0.366 0.354 0.337 0.197 0.228 0.323 0.526
0.18 -0.191 -0.458 -0.498 -0.369 -0.14 0.091 0.245 0.181 -0.059 -0.316 -0.413 -0.291 0.001 0.321 0.54 0.759 1.006 1.259 1.509 1.735 1.718 1.353 1.115 1.192 1.197 1.235 1.168 0.797 0.279 -0.149 -0.222 0.063 0.412 0.745 0.875 0.908 0.785 0.424 -0.081 -0.294 -0.256 -0.1 0.112 0.38 0.67 0.828 0.938 1.121 1.159 1.038 0.854 0.858 0.868 0.803 0.83 0.957 0.995 0.943 0.878 0.778 0.618 0.441 0.189 0.027 0.042 0.095 0.253 0.468 0.559 0.486 0.471 0.31 0.232 0.342 0.529
0.431 0.18 -0.17 -0.413 -0.442 -0.308 -0.118 0.101 0.128 -0.06 -0.314 -0.423 -0.308 0.003 0.312 0.586 0.823 1.049 1.29 1.567 1.7 1.596 1.222 1.062 1.067 1.076 1.188 1.157 0.829 0.317 -0.148 -0.272 -0.012 0.397 0.725 0.867 0.967 0.859 0.511 -0.039 -0.304 -0.218 -0.085 0.064 0.313 0.635 0.799 0.857 1.065 1.112 0.968 0.894 0.819 0.804 0.816 0.841 0.929 0.908 0.874 0.794 0.683 0.615 0.429 0.048 -0.063 0.13 0.203 0.3 0.611 0.733 0.622 0.59 0.477 0.264 0.374 0.558
0.745 0.625 0.223 -0.177 -0.4 -0.409 -0.316 -0.09 0.04 -0.11 -0.348 -0.437 -0.316 -0.098 0.134 0.425 0.742 1.028 1.339 1.627 1.591 1.419 1.036 1.046 1.091 1.116 1.229 1.15 0.846 0.34 -0.149 -0.299 -0.055 0.351 0.706 0.868 0.997 0.915 0.574 0.001 -0.331 -0.263 -0.116 0.042 0.273 0.569 0.703 0.792 0.964 0.979 0.932 0.896 0.838 0.756 0.754 0.782 0.785 0.827 0.848 0.739 0.594 0.427 0.235 -0.053 -0.058 0.221 0.367 0.386 0.624 0.81 0.743 0.669 0.658 0.407 0.399 0.6
0.977 0.833 0.559 0.26 -0.104 -0.332 -0.407 -0.297 -0.136 -0.19 -0.375 -0.404 -0.226 0.004 0.163 0.363 0.611 0.912 1.215 1.447 1.558 1.339 0.936 0.856 0.916 1.014 1.14 1.056 0.728 0.237 -0.18 -0.258 -0.047 0.319 0.648 0.769 0.887 0.919 0.59 0.075 -0.377 -0.401 -0.27 -0.104 0.123 0.437 0.587 0.687 0.771 0.816 0.894 0.826 0.819 0.723 0.71 0.653 0.625 0.608 0.602 0.514 0.357 0.132 -0.021 -0.153 -0.019 0.311 0.518 0.513 0.667 0.874 0.846 0.754 0.804 0.575 0.462 0.604
1.007 0.934 0.968 0.739 0.323 -0.041 -0.36 -0.425 -0.329 -0.286 -0.422 -0.363 -0.1 0.265 0.425 0.628 0.757 0.955 1.335 1.474 1.577 1.292 0.821 0.705 0.834 0.972 1.079 0.988 0.634 0.124 -0.219 -0.215 -0.035 0.278 0.573 0.706 0.795 0.802 0.556 0.1 -0.392 -0.516 -0.368 -0.196 0.01 0.239 0.369 0.409 0.449 0.555 0.648 0.583 0.51 0.459 0.397 0.329 0.271 0.217 0.193 0.123 -0.017 -0.15 -0.201 -0.142 0.121 0.434 0.634 0.666 0.816 0.92 0.976 0.848 0.894 0.717 0.538 0.641
1.004 1.127 1.149 1.006 0.779 0.383 -0.066 -0.27 -0.347 -0.395 -0.42 -0.314 0.007 0.353 0.615 0.805 0.948 1.128 1.469 1.659 1.622 1.27 0.76 0.673 0.759 0.89 0.973 0.889 0.523 0.037 -0.234 -0.226 -0.09 0.183 0.448 0.677 0.751 0.604 0.393 0.078 -0.397 -0.597 -0.407 -0.194 -0.047 0.003 0.088 0.118 0.148 0.344 0.306 0.25 0.148 0.123 0.064 0.005 -0.103 -0.162 -0.174 -0.218 -0.264 -0.245 -0.148 0.002 0.32 0.616 0.741 0.822 1.033 1.001 1.012 0.939 0.912 0.798 0.609 0.588
0.802 1.149 1.259 1.27 1.126 0.712 0.198 0.067 -0.109 -0.33 -0.388 -0.302 0.057 0.354 0.688 0.888 1.052 1.29 1.601 1.822 1.653 1.206 0.685 0.684 0.769 0.879 0.889 0.786 0.402 -0.046 -0.229 -0.18 -0.068 0.094 0.32 0.587 0.659 0.458 0.227 -0.049 -0.422 -0.635 -0.508 -0.341 -0.298 -0.285 -0.231 -0.167 -0.057 0.021 -0.016 -0.057 -0.154 -0.206 -0.253 -0.298 -0.354 -0.351 -0.33 -0.288 -0.202 -0.038 0.136 0.27 0.57 0.822 0.856 0.966 1.229 1.138 0.912 0.947 0.917 0.796 0.499 0.375
0.545 0.97 1.307 1.263 1.083 0.711 0.509 0.491 0.238 -0.128 -0.303 -0.285 0.053 0.405 0.684 0.891 1.104 1.371 1.715 1.786 1.553 1.082 0.633 0.666 0.783 0.925 0.894 0.757 0.285 -0.149 -0.181 -0.09 0.055 0.117 0.229 0.516 0.542 0.4 0.279 -0.023 -0.405 -0.674 -0.611 -0.508 -0.586 -0.578 -0.509 -0.41 -0.298 -0.291 -0.294 -0.308 -0.357 -0.38 -0.377 -0.38 -0.351 -0.281 -0.202 -0.074 0.091 0.309 0.429 0.517 0.758 0.962 1 1.09 1.298 1.208 0.942 0.805 0.717 0.541 0.306 0.17
0.522 0.909 1.21 1.111 0.954 0.817 0.89 0.852 0.537 0.088 -0.2 -0.28 -0.007 0.334 0.537 0.746 0.987 1.283 1.657 1.695 1.458 0.992 0.582 0.646 0.785 0.925 0.814 0.584 0.121 -0.193 -0.182 -0.106 0.03 0.148 0.262 0.438 0.509 0.451 0.33 -0.003 -0.378 -0.626 -0.688 -0.689 -0.726 -0.697 -0.636 -0.56 -0.475 -0.406 -0.36 -0.342 -0.312 -0.274 -0.21 -0.137 -0.122 -0.084 0.018 0.216 0.448 0.672 0.676 0.725 0.934 1.09 1.141 1.194 1.401 1.289 1.006 0.657 0.502 0.269 0.024 -0.107
0.678 0.992 1.148 1.247 1.222 1.176 1.226 1.014 0.688 0.301 -0.057 -0.228 -0.08 0.191 0.354 0.662 0.911 1.213 1.566 1.653 1.444 0.953 0.532 0.637 0.846 0.943 0.735 0.364 -0.053 -0.213 -0.136 -0.046 -0.048 0.103 0.337 0.461 0.492 0.438 0.325 0.003 -0.301 -0.551 -0.73 -0.79 -0.778 -0.681 -0.6 -0.542 -0.43 -0.323 -0.205 -0.155 -0.103 -0.035 0.088 0.24 0.277 0.246 0.331 0.438 0.688 0.932 0.892 0.937 1.158 1.31 1.245 1.265 1.458 1.438 1.138 0.684 0.329 0.181 0.078 -0.15
