data/climatemaps/RS_maps/climate_breeding_pr_2012.asc
NCOLS 369 
NROWS 228 
XLLCORNER 479000 
YLLCORNER 73000 
CELLSIZE 1000 
NODATA_value -9 
[rows 68 to 101 of 228, columns 152 to 227 of 369]
-0.612 -0.589 -0.571 -0.561 -0.532 -0.527 -0.526 -0.558 -0.597 -0.594 -0.534 -0.441 -0.343 -0.249 -0.239 -0.297 -0.324 -0.282 -0.176 -0.04 0.071 0.159 0.247 0.26 0.148 0.029 -0.009 -0.068 -0.221 -0.307 -0.307 -0.218 -0.085 0.112 0.292 0.366 0.304 0.181 0.012 -0.157 -0.309 -0.409 -0.466 -0.478 -0.465 -0.426 -0.36 -0.239 -0.113 0.006 0.104 0.189 0.286 0.369 0.309 0.267 0.226 0.094 -0.051 -0.141 -0.235 -0.323 -0.364 -0.384 -0.391 -0.386 -0.366 -0.335 -0.314 -0.291 -0.269 -0.248 -0.216 -0.181 -0.152 -0.13
-0.613 -0.582 -0.554 -0.545 -0.508 -0.478 -0.474 -0.514 -0.567 -0.579 -0.536 -0.457 -0.365 -0.253 -0.223 -0.273 -0.316 -0.308 -0.197 -0.06 0.065 0.191 0.275 0.331 0.255 0.139 0.083 0.033 -0.115 -0.24 -0.283 -0.23 -0.113 0.065 0.263 0.394 0.37 0.255 0.099 -0.074 -0.231 -0.355 -0.426 -0.457 -0.455 -0.42 -0.37 -0.279 -0.17 -0.051 0.04 0.122 0.205 0.294 0.323 0.296 0.322 0.223 0.082 -0.023 -0.106 -0.213 -0.288 -0.33 -0.353 -0.366 -0.366 -0.355 -0.337 -0.312 -0.283 -0.25 -0.216 -0.181 -0.154 -0.132
-0.606 -0.564 -0.539 -0.529 -0.482 -0.43 -0.434 -0.48 -0.527 -0.564 -0.557 -0.48 -0.387 -0.284 -0.23 -0.246 -0.313 -0.334 -0.25 -0.125 0.013 0.17 0.275 0.324 0.312 0.236 0.174 0.136 0.008 -0.153 -0.233 -0.236 -0.139 0.011 0.209 0.378 0.405 0.305 0.157 -0.003 -0.153 -0.299 -0.382 -0.423 -0.426 -0.406 -0.37 -0.297 -0.207 -0.11 -0.019 0.039 0.12 0.198 0.258 0.279 0.351 0.312 0.209 0.079 0.01 -0.067 -0.161 -0.232 -0.288 -0.319 -0.332 -0.332 -0.321 -0.298 -0.267 -0.231 -0.195 -0.163 -0.137 -0.118
-0.593 -0.554 -0.53 -0.502 -0.447 -0.406 -0.414 -0.445 -0.492 -0.542 -0.56 -0.493 -0.42 -0.344 -0.27 -0.246 -0.311 -0.353 -0.316 -0.2 -0.052 0.113 0.257 0.318 0.347 0.305 0.258 0.24 0.142 -0.042 -0.16 -0.211 -0.161 -0.038 0.134 0.319 0.398 0.333 0.194 0.047 -0.095 -0.244 -0.339 -0.386 -0.393 -0.385 -0.355 -0.304 -0.231 -0.152 -0.087 -0.035 0.012 0.103 0.207 0.289 0.332 0.345 0.284 0.18 0.088 0.031 -0.039 -0.106 -0.192 -0.252 -0.274 -0.279 -0.274 -0.255 -0.225 -0.187 -0.151 -0.122 -0.1 -0.083
-0.582 -0.542 -0.514 -0.474 -0.415 -0.387 -0.39 -0.402 -0.469 -0.518 -0.525 -0.509 -0.467 -0.409 -0.342 -0.291 -0.315 -0.364 -0.357 -0.274 -0.127 0.047 0.207 0.278 0.339 0.343 0.322 0.334 0.278 0.098 -0.063 -0.151 -0.164 -0.088 0.048 0.225 0.346 0.325 0.215 0.075 -0.053 -0.2 -0.3 -0.352 -0.365 -0.353 -0.34 -0.309 -0.258 -0.202 -0.166 -0.131 -0.048 0.11 0.24 0.335 0.373 0.373 0.343 0.266 0.172 0.106 0.048 -0.009 -0.082 -0.142 -0.178 -0.181 -0.181 -0.165 -0.134 -0.098 -0.073 -0.053 -0.036 -0.026
-0.567 -0.531 -0.498 -0.45 -0.395 -0.366 -0.359 -0.36 -0.433 -0.493 -0.48 -0.468 -0.441 -0.405 -0.38 -0.338 -0.327 -0.363 -0.375 -0.334 -0.214 -0.042 0.117 0.202 0.305 0.352 0.351 0.4 0.395 0.256 0.06 -0.069 -0.134 -0.118 -0.025 0.13 0.268 0.288 0.213 0.094 -0.033 -0.167 -0.265 -0.312 -0.328 -0.325 -0.309 -0.301 -0.277 -0.247 -0.215 -0.163 -0.066 0.065 0.237 0.391 0.463 0.46 0.393 0.34 0.269 0.199 0.149 0.11 0.063 0.019 -0.029 -0.034 -0.023 0 0.033 0.058 0.07 0.071 0.071 0.067
-0.54 -0.524 -0.488 -0.434 -0.387 -0.358 -0.341 -0.336 -0.407 -0.475 -0.476 -0.462 -0.439 -0.419 -0.391 -0.347 -0.333 -0.358 -0.373 -0.359 -0.294 -0.152 -0.014 0.111 0.256 0.334 0.357 0.416 0.466 0.391 0.207 0.023 -0.078 -0.117 -0.074 0.042 0.175 0.231 0.186 0.101 -0.009 -0.141 -0.229 -0.27 -0.276 -0.286 -0.282 -0.281 -0.272 -0.256 -0.225 -0.164 -0.035 0.123 0.306 0.466 0.544 0.547 0.477 0.423 0.376 0.322 0.281 0.272 0.237 0.182 0.144 0.156 0.191 0.228 0.235 0.268 0.286 0.278 0.254 0.228
-0.517 -0.5 -0.484 -0.42 -0.379 -0.353 -0.349 -0.348 -0.397 -0.457 -0.483 -0.49 -0.485 -0.464 -0.43 -0.389 -0.365 -0.359 -0.359 -0.357 -0.328 -0.252 -0.115 0.023 0.171 0.281 0.336 0.392 0.478 0.468 0.335 0.136 -0.008 -0.079 -0.086 -0.007 0.095 0.17 0.151 0.094 0.001 -0.114 -0.195 -0.222 -0.219 -0.244 -0.252 -0.254 -0.253 -0.245 -0.208 -0.119 0.044 0.216 0.402 0.563 0.651 0.652 0.591 0.518 0.489 0.456 0.456 0.496 0.47 0.375 0.324 0.312 0.351 0.376 0.405 0.485 0.543 0.533 0.521 0.484
-0.487 -0.456 -0.464 -0.414 -0.364 -0.334 -0.325 -0.332 -0.377 -0.438 -0.47 -0.486 -0.491 -0.475 -0.445 -0.406 -0.371 -0.351 -0.337 -0.337 -0.328 -0.302 -0.21 -0.067 0.059 0.183 0.282 0.354 0.437 0.478 0.393 0.236 0.061 -0.03 -0.071 -0.035 0.04 0.108 0.105 0.079 0.01 -0.089 -0.159 -0.172 -0.176 -0.198 -0.212 -0.218 -0.226 -0.222 -0.17 -0.016 0.192 0.347 0.514 0.682 0.742 0.759 0.72 0.659 0.649 0.647 0.691 0.74 0.698 0.585 0.484 0.432 0.438 0.445 0.481 0.599 0.728 0.789 0.792 0.732
-0.452 -0.433 -0.434 -0.414 -0.374 -0.329 -0.314 -0.317 -0.356 -0.404 -0.445 -0.465 -0.475 -0.468 -0.434 -0.355 -0.31 -0.29 -0.293 -0.305 -0.311 -0.31 -0.277 -0.168 -0.041 0.073 0.188 0.284 0.366 0.421 0.395 0.283 0.114 0.011 -0.036 -0.036 -0.005 0.043 0.06 0.058 0.018 -0.069 -0.124 -0.126 -0.135 -0.145 -0.163 -0.177 -0.192 -0.189 -0.111 0.12 0.359 0.487 0.626 0.79 0.852 0.873 0.866 0.817 0.838 0.827 0.853 0.831 0.775 0.67 0.576 0.529 0.511 0.515 0.531 0.621 0.773 0.935 0.974 0.954
-0.441 -0.422 -0.412 -0.384 -0.38 -0.327 -0.308 -0.32 -0.37 -0.397 -0.421 -0.446 -0.453 -0.447 -0.407 -0.336 -0.291 -0.237 -0.241 -0.262 -0.279 -0.292 -0.287 -0.248 -0.164 -0.052 0.059 0.16 0.253 0.322 0.334 0.273 0.141 0.046 -0.001 -0.021 -0.025 0.003 0.03 0.047 0.024 -0.051 -0.087 -0.082 -0.082 -0.082 -0.107 -0.132 -0.156 -0.151 -0.04 0.248 0.504 0.609 0.714 0.857 0.903 0.887 0.855 0.82 0.836 0.858 0.85 0.815 0.779 0.706 0.648 0.599 0.561 0.542 0.544 0.609 0.752 0.941 1.062 1.148
-0.437 -0.424 -0.404 -0.373 -0.376 -0.369 -0.333 -0.327 -0.353 -0.391 -0.407 -0.419 -0.419 -0.422 -0.405 -0.363 -0.313 -0.239 -0.2 -0.202 -0.231 -0.253 -0.263 -0.255 -0.225 -0.158 -0.073 0.017 0.116 0.2 0.241 0.225 0.145 0.07 0.029 -0.001 -0.03 -0.018 0.013 0.045 0.022 -0.035 -0.038 -0.015 -0.008 -0.009 -0.035 -0.084 -0.121 -0.111 0.053 0.348 0.603 0.704 0.784 0.85 0.842 0.78 0.728 0.728 0.742 0.808 0.852 0.812 0.81 0.793 0.755 0.654 0.583 0.562 0.544 0.594 0.733 0.85 1.035 1.27
-0.424 -0.414 -0.407 -0.378 -0.38 -0.405 -0.386 -0.373 -0.371 -0.364 -0.377 -0.396 -0.351 -0.375 -0.394 -0.382 -0.327 -0.256 -0.189 -0.15 -0.174 -0.187 -0.209 -0.221 -0.215 -0.194 -0.141 -0.071 0.01 0.094 0.15 0.164 0.131 0.086 0.047 0.005 -0.033 -0.037 -0.007 0.028 0.002 -0.012 0.056 0.102 0.118 0.083 0.034 -0.036 -0.086 -0.049 0.186 0.436 0.667 0.779 0.862 0.871 0.825 0.735 0.643 0.619 0.692 0.772 0.777 0.794 0.848 0.916 0.779 0.654 0.621 0.612 0.552 0.563 0.666 0.825 1.007 1.225
-0.412 -0.412 -0.411 -0.399 -0.41 -0.398 -0.363 -0.35 -0.341 -0.342 -0.354 -0.374 -0.324 -0.321 -0.357 -0.372 -0.343 -0.267 -0.195 -0.159 -0.123 -0.097 -0.112 -0.145 -0.163 -0.166 -0.145 -0.099 -0.04 0.031 0.091 0.119 0.113 0.086 0.044 -0.001 -0.045 -0.058 -0.047 -0.02 -0.018 0.031 0.185 0.261 0.237 0.154 0.089 0.012 -0.051 0.003 0.209 0.457 0.678 0.872 0.963 0.944 0.92 0.81 0.652 0.55 0.61 0.679 0.695 0.797 0.911 0.981 0.842 0.691 0.707 0.692 0.573 0.552 0.663 0.84 1.007 1.224
-0.401 -0.404 -0.389 -0.395 -0.407 -0.39 -0.363 -0.363 -0.359 -0.363 -0.356 -0.356 -0.325 -0.314 -0.328 -0.35 -0.346 -0.307 -0.249 -0.188 -0.098 -0.033 -0.003 -0.025 -0.063 -0.095 -0.11 -0.092 -0.05 0.002 0.053 0.079 0.086 0.066 0.028 -0.011 -0.055 -0.071 -0.07 -0.047 -0.006 0.114 0.313 0.366 0.29 0.203 0.161 0.093 -0.004 -0.006 0.15 0.419 0.661 0.929 1.023 1.05 1.145 1.069 0.774 0.556 0.533 0.662 0.679 0.861 1.051 1.087 0.877 0.77 0.771 0.703 0.618 0.565 0.651 0.827 0.918 1.13
-0.381 -0.371 -0.357 -0.37 -0.389 -0.387 -0.371 -0.366 -0.375 -0.359 -0.325 -0.325 -0.333 -0.313 -0.321 -0.319 -0.32 -0.312 -0.272 -0.195 -0.088 -0.003 0.065 0.092 0.056 0.008 -0.04 -0.056 -0.035 -0.01 0.028 0.047 0.053 0.039 0.007 -0.03 -0.06 -0.072 -0.062 -0.031 0.045 0.252 0.393 0.391 0.311 0.255 0.242 0.153 0.046 -0.001 0.061 0.313 0.59 0.89 1.002 1.08 1.176 1.199 0.954 0.623 0.58 0.735 0.727 0.924 1.107 1.066 0.897 0.932 0.897 0.807 0.766 0.623 0.635 0.688 0.735 0.944
-0.322 -0.32 -0.313 -0.328 -0.36 -0.368 -0.355 -0.36 -0.377 -0.335 -0.318 -0.291 -0.31 -0.28 -0.292 -0.277 -0.276 -0.278 -0.255 -0.184 -0.063 0.037 0.119 0.172 0.163 0.111 0.046 -0.004 -0.003 0.001 0.018 0.027 0.027 0.009 -0.021 -0.048 -0.062 -0.062 -0.045 0.003 0.155 0.344 0.387 0.375 0.331 0.312 0.267 0.199 0.13 0.064 0.04 0.195 0.471 0.769 1.019 1.167 1.307 1.292 1.083 0.705 0.677 0.772 0.794 1.015 1.192 1.11 0.963 1.07 1.01 1.01 0.951 0.767 0.605 0.542 0.663 0.885
-0.244 -0.246 -0.249 -0.281 -0.318 -0.331 -0.338 -0.344 -0.361 -0.314 -0.303 -0.253 -0.265 -0.254 -0.263 -0.248 -0.241 -0.239 -0.229 -0.183 -0.083 0.026 0.125 0.196 0.23 0.182 0.114 0.046 0.03 0.019 0.02 0.023 0.011 -0.013 -0.041 -0.056 -0.052 -0.053 -0.019 0.107 0.204 0.297 0.345 0.348 0.325 0.332 0.404 0.334 0.272 0.192 0.116 0.168 0.421 0.71 1.018 1.227 1.351 1.229 0.988 0.721 0.714 0.785 0.92 1.124 1.341 1.211 1.045 1.195 1.119 1.168 1.072 0.931 0.704 0.505 0.546 0.715
-0.149 -0.145 -0.167 -0.22 -0.267 -0.299 -0.311 -0.33 -0.333 -0.278 -0.275 -0.214 -0.218 -0.192 -0.22 -0.223 -0.214 -0.213 -0.193 -0.181 -0.116 -0.03 0.072 0.172 0.231 0.214 0.144 0.066 0.044 0.032 0.027 0.026 -0.003 -0.027 -0.045 -0.049 -0.048 -0.035 0.06 0.164 0.216 0.262 0.326 0.306 0.283 0.394 0.61 0.646 0.528 0.396 0.264 0.206 0.389 0.672 0.875 0.989 1.022 0.936 0.763 0.663 0.738 0.891 1.093 1.197 1.385 1.244 1.11 1.289 1.233 1.262 1.127 0.952 0.695 0.49 0.498 0.507
-0.042 -0.039 -0.072 -0.138 -0.189 -0.261 -0.271 -0.311 -0.297 -0.247 -0.231 -0.179 -0.151 -0.126 -0.14 -0.183 -0.195 -0.172 -0.171 -0.167 -0.082 -0.009 0.043 0.109 0.173 0.174 0.128 0.07 0.043 0.039 0.037 0.011 -0.011 -0.025 -0.03 -0.047 -0.029 0.021 0.065 0.103 0.18 0.249 0.234 0.205 0.258 0.464 0.798 1.014 1.016 0.714 0.449 0.294 0.284 0.462 0.549 0.64 0.665 0.622 0.534 0.591 0.75 0.924 1.155 1.255 1.374 1.2 1.202 1.341 1.352 1.274 1.104 0.879 0.607 0.506 0.586 0.556
0.082 0.075 0.026 -0.021 -0.105 -0.194 -0.214 -0.274 -0.263 -0.21 -0.193 -0.12 -0.1 -0.091 -0.085 -0.121 -0.176 -0.163 -0.172 -0.138 -0.03 0.025 0.072 0.09 0.107 0.112 0.102 0.062 0.034 0.029 0.021 -0.006 0.008 -0.003 -0.024 -0.026 -0.005 0.035 0.035 0.098 0.154 0.147 0.12 0.136 0.244 0.558 0.949 1.297 1.504 1.175 0.701 0.452 0.307 0.32 0.33 0.371 0.365 0.334 0.319 0.449 0.654 0.817 1.068 1.217 1.254 1.138 1.283 1.394 1.362 1.212 1.01 0.809 0.597 0.625 0.726 0.716
0.216 0.198 0.154 0.097 -0.011 -0.12 -0.146 -0.206 -0.208 -0.152 -0.149 -0.072 -0.048 -0.063 -0.091 -0.097 -0.157 -0.178 -0.17 -0.149 -0.071 0.034 0.092 0.105 0.094 0.067 0.04 0.008 -0.004 -0.004 0.007 0.038 0.063 0.039 -0.006 -0.042 -0.062 -0.053 0.001 0.058 0.059 0.049 0.058 0.089 0.245 0.631 1.042 1.467 1.705 1.554 1.069 0.695 0.47 0.338 0.251 0.211 0.172 0.135 0.128 0.231 0.405 0.591 0.816 1.059 1.09 1.082 1.271 1.41 1.358 1.194 0.966 0.85 0.615 0.655 0.828 0.923
0.269 0.326 0.287 0.213 0.102 -0.011 -0.068 -0.132 -0.144 -0.09 -0.045 -0.048 -0.057 -0.034 -0.038 -0.071 -0.143 -0.124 -0.052 -0.025 -0.084 -0.069 0 0.025 -0.022 -0.055 -0.061 -0.047 -0.029 -0.003 0.056 0.135 0.131 0.092 0.011 -0.026 -0.063 -0.078 -0.037 -0.024 -0.022 -0.006 0.02 0.059 0.2 0.541 0.978 1.315 1.528 1.57 1.341 1.018 0.722 0.509 0.335 0.216 0.129 0.062 0.019 0.038 0.138 0.308 0.551 0.884 0.934 1.016 1.215 1.37 1.321 1.196 0.989 0.903 0.665 0.76 0.974 1.1
0.332 0.356 0.411 0.335 0.215 0.107 0.033 -0.007 -0.04 0.002 0.016 0.015 -0.012 -0.076 -0.1 -0.112 -0.142 -0.11 0.009 0.087 0.04 -0.045 -0.109 -0.111 -0.108 -0.075 -0.017 0.045 0.082 0.087 0.12 0.137 0.112 0.073 0.025 0.021 -0.026 -0.081 -0.081 -0.069 -0.057 -0.034 -0.002 0.019 0.079 0.253 0.579 0.912 1.251 1.491 1.468 1.336 1.036 0.79 0.568 0.377 0.223 0.094 0.014 -0.052 -0.025 0.088 0.312 0.665 0.825 0.955 1.134 1.262 1.234 1.142 1.072 1.085 0.832 0.73 1.041 1.105
0.419 0.445 0.446 0.471 0.362 0.225 0.18 0.126 0.1 0.068 0.033 0.007 -0.025 -0.064 -0.083 -0.151 -0.172 -0.104 0.032 0.123 0.096 -0.012 -0.068 -0.065 -0.036 0.035 0.115 0.203 0.242 0.158 0.166 0.21 0.18 0.108 0.042 0.042 0.012 -0.071 -0.094 -0.088 -0.068 -0.045 -0.026 -0.02 -0.004 0.062 0.216 0.449 0.803 1.254 1.412 1.398 1.245 1.1 0.882 0.665 0.471 0.295 0.143 -0.071 -0.107 -0.064 0.09 0.359 0.633 0.837 0.961 1.102 1.122 1.192 1.158 1.212 0.909 0.732 1.016 1.166
0.466 0.541 0.522 0.558 0.473 0.376 0.321 0.271 0.257 0.197 0.144 0.103 0.017 -0.058 -0.131 -0.143 -0.177 -0.095 0.062 0.124 0.085 -0.01 0.016 0.051 0.063 0.113 0.169 0.267 0.329 0.246 0.32 0.386 0.332 0.209 0.075 0.031 0.015 -0.058 -0.091 -0.086 -0.062 -0.035 -0.023 -0.026 -0.032 -0.021 0.029 0.134 0.371 0.792 1.077 1.114 1.08 1.178 1.125 0.926 0.695 0.395 0.093 -0.081 -0.137 -0.123 -0.035 0.16 0.41 0.567 0.727 0.952 1.063 1.208 1.173 1.066 0.848 0.877 1.053 1.223
0.432 0.558 0.63 0.618 0.576 0.524 0.489 0.46 0.42 0.345 0.278 0.181 0.055 -0.069 -0.127 -0.108 -0.191 -0.089 0.065 0.103 0.116 0.035 0.081 0.098 0.09 0.126 0.211 0.313 0.366 0.354 0.447 0.523 0.48 0.333 0.14 0.031 0.012 -0.052 -0.082 -0.066 -0.025 0.05 0.057 0.008 -0.019 -0.042 -0.049 -0.016 0.124 0.497 0.756 0.692 0.777 1.032 0.925 0.664 0.429 0.196 0.015 -0.084 -0.123 -0.081 0.04 0.121 0.256 0.434 0.57 0.718 0.88 1.044 1.056 0.97 0.92 0.924 1.014 1.129
0.45 0.572 0.657 0.637 0.648 0.554 0.595 0.559 0.524 0.433 0.349 0.208 0.093 -0.027 -0.123 -0.13 -0.2 -0.076 0.067 0.145 0.168 0.103 0.075 0.103 0.168 0.229 0.326 0.432 0.417 0.478 0.588 0.656 0.58 0.414 0.195 0.036 -0.012 -0.054 -0.065 0.034 0.143 0.254 0.253 0.15 0.079 0.004 -0.056 -0.076 0.019 0.224 0.295 0.28 0.514 0.603 0.405 0.277 0.17 0.054 -0.004 -0.028 -0.023 0.038 0.119 0.125 0.238 0.326 0.398 0.46 0.633 0.77 0.792 0.732 0.626 0.588 0.635 0.74
0.455 0.595 0.586 0.567 0.603 0.537 0.577 0.547 0.495 0.401 0.318 0.183 0.105 -0.049 -0.13 -0.175 -0.194 -0.051 0.081 0.175 0.235 0.157 0.111 0.225 0.312 0.439 0.547 0.618 0.5 0.613 0.78 0.768 0.61 0.4 0.196 0.037 -0.02 -0.051 0.008 0.159 0.24 0.284 0.183 0.094 0.035 -0.016 -0.06 -0.087 -0.079 -0.042 -0.007 0.042 0.131 0.158 0.151 0.131 0.08 -0.03 0.006 0.097 0.208 0.276 0.385 0.354 0.325 0.248 0.251 0.318 0.429 0.497 0.37 0.273 0.259 0.322 0.415 0.563
0.44 0.538 0.513 0.491 0.519 0.508 0.52 0.563 0.511 0.411 0.28 0.131 0.027 -0.065 -0.155 -0.208 -0.168 -0.037 0.08 0.205 0.284 0.204 0.185 0.324 0.431 0.612 0.678 0.654 0.65 0.811 1.057 1.047 0.749 0.434 0.244 0.088 0.006 -0.037 0.088 0.203 0.17 0.098 0.051 0.044 0.036 0.015 -0.019 -0.05 -0.07 -0.074 -0.059 -0.021 0.032 0.088 0.165 0.226 0.121 -0.073 -0.017 0.246 0.549 0.682 0.733 0.758 0.774 0.635 0.463 0.306 0.266 0.229 0.167 0.127 0.226 0.332 0.395 0.517
0.376 0.435 0.415 0.384 0.401 0.419 0.469 0.552 0.459 0.364 0.241 0.129 -0.003 -0.125 -0.216 -0.164 -0.101 -0.042 0.054 0.177 0.254 0.286 0.323 0.461 0.577 0.827 0.939 0.896 1.008 1.098 1.164 1.069 0.718 0.33 0.147 0.073 -0.02 -0.042 0.033 0.06 0.011 0.012 0.024 0.064 0.118 0.125 0.08 0.04 0.008 -0.015 -0.013 0.038 0.136 0.277 0.409 0.391 0.14 -0.092 -0.015 0.356 0.725 0.835 0.965 1.08 1.107 1.06 0.933 0.643 0.448 0.394 0.316 0.297 0.244 0.205 0.33 0.463
0.232 0.295 0.316 0.275 0.297 0.383 0.468 0.487 0.407 0.337 0.226 0.072 -0.109 -0.22 -0.183 -0.063 0.015 0.072 0.114 0.146 0.194 0.282 0.424 0.656 0.81 0.851 0.925 0.933 1.004 0.995 1.028 0.875 0.483 0.107 0.002 -0.026 0.003 0.034 0.029 0.046 0.035 0.039 0.089 0.182 0.372 0.459 0.303 0.263 0.215 0.171 0.18 0.27 0.372 0.48 0.51 0.386 0.147 -0.099 -0.085 0.218 0.593 0.867 1.095 1.264 1.33 1.336 1.206 1.011 0.869 0.808 0.618 0.666 0.493 0.239 0.193 0.348
0.083 0.161 0.206 0.169 0.281 0.358 0.434 0.404 0.351 0.294 0.125 -0.06 -0.213 -0.229 -0.082 0.044 0.173 0.226 0.207 0.271 0.296 0.256 0.46 0.678 0.831 0.859 0.891 0.839 0.8 0.774 0.677 0.453 0.144 -0.003 -0.012 0.092 0.05 0.147 0.228 0.232 0.144 0.097 0.197 0.393 0.68 0.701 0.614 0.674 0.662 0.602 0.509 0.508 0.646 0.778 0.739 0.469 0.095 -0.109 -0.159 0.034 0.345 0.608 0.892 1.122 1.279 1.394 1.378 1.319 1.314 1.145 0.885 1.008 0.874 0.584 0.204 0.262
-0.035 0.052 0.043 0.109 0.247 0.372 0.419 0.385 0.278 0.169 0.004 -0.151 -0.248 -0.179 0.03 0.187 0.345 0.319 0.377 0.479 0.501 0.367 0.488 0.688 0.837 0.912 1.014 0.944 0.663 0.43 0.278 0.128 0.003 -0.069 0.012 -0.003 0.101 0.437 0.6 0.632 0.42 0.155 0.244 0.606 0.912 0.925 0.94 1.101 1.128 0.999 0.767 0.781 0.958 1.065 0.872 0.397 0.04 -0.122 -0.164 0.097 0.387 0.557 0.768 1.031 1.258 1.438 1.584 1.645 1.628 1.342 1.097 1.321 1.182 0.87 0.487 0.266
