data/climatemaps/RS_maps/climate_winter_tmin_2019.asc
NCOLS 369 
NROWS 228 
XLLCORNER 479000 
YLLCORNER 73000 
CELLSIZE 1000 
NODATA_value -9 
[rows 136 to 169 of 228, columns 231 to 307 of 369]
-0.985 -1.078 -1.264 -1.27 -0.989 -1.066 -1.066 -1.068 -0.938 -0.665 -0.704 -0.904 -0.702 -0.625 -0.668 -0.26 -0.221 -0.689 -1.117 -1.122 -0.807 -0.483 -0.052 0.227 -0.146 -0.588 -0.942 -1.047 -0.834 -0.54 -0.247 -0.448 -1.114 -1.153 -0.916 -0.777 -0.641 -0.517 -0.464 -0.284 -0.066 0.296 0.553 0.329 -0.282 -0.795 -0.88 -0.973 -0.98 -0.788 -0.597 -0.283 0.022 0.237 0.397 0.092 -0.344 -0.588 -1.037 -1.167 -1.165 -1.13 -0.965 -1.313 -1.073 -0.9 -0.547 -0.105 -0.503 -0.667 -0.797 -0.98 -1.12 -1.053 -1.127 -1.446 -1.37
-1.226 -1.294 -1.318 -0.989 -0.699 -0.812 -0.799 -0.777 -0.695 -0.68 -0.83 -0.999 -0.727 -0.544 -0.43 -0.183 -0.465 -1.062 -1.164 -0.862 -0.556 -0.201 0.143 0.145 -0.303 -0.621 -0.661 -0.87 -0.817 -0.567 -0.309 -0.357 -0.908 -1.106 -0.944 -0.803 -0.721 -0.593 -0.577 -0.477 -0.181 0.363 0.553 0.184 -0.33 -0.64 -0.906 -1.195 -0.949 -0.635 -0.402 -0.24 -0.075 0.118 0.345 0.241 -0.092 -0.529 -0.838 -0.866 -1.052 -1.141 -1.115 -1.422 -1.231 -1.055 -0.673 -0.235 -0.587 -0.822 -0.942 -1.065 -1.245 -1.35 -1.293 -1.271 -1.143
-1.088 -1.174 -1.156 -0.776 -0.417 -0.78 -0.972 -0.967 -0.794 -0.653 -0.99 -1.099 -1.122 -0.728 -0.316 -0.375 -0.766 -1.106 -0.928 -0.667 -0.328 -0.054 -0.021 -0.108 -0.222 -0.678 -0.706 -0.941 -0.846 -0.641 -0.403 -0.36 -0.866 -1.101 -1.001 -0.918 -0.844 -0.817 -0.741 -0.52 -0.171 0.35 0.51 0.016 -0.549 -0.713 -0.799 -1.122 -0.884 -0.523 -0.543 -0.461 -0.24 0.034 0.279 0.331 0.088 -0.386 -0.531 -0.539 -0.902 -0.924 -1.004 -1.296 -1.213 -0.925 -0.689 -0.364 -0.378 -0.518 -0.753 -1.017 -1.249 -1.185 -1.027 -0.898 -0.834
-0.624 -0.766 -0.946 -0.814 -0.286 -0.568 -0.86 -0.702 -0.54 -0.586 -0.705 -0.989 -1.144 -0.848 -0.673 -0.634 -1.023 -1.1 -0.836 -0.464 -0.21 -0.223 -0.429 -0.411 -0.145 -0.54 -0.877 -0.978 -0.821 -0.594 -0.531 -0.706 -1.052 -1.145 -0.923 -0.773 -0.666 -0.676 -0.579 -0.483 -0.251 0.237 0.324 -0.163 -0.695 -0.936 -0.938 -1.033 -0.844 -0.709 -0.814 -0.658 -0.357 -0.003 0.111 0.19 0.292 -0.065 -0.231 -0.269 -0.51 -0.633 -0.854 -1.308 -1.222 -0.944 -0.771 -0.576 -0.66 -0.535 -0.592 -0.704 -0.883 -0.91 -0.903 -0.908 -0.943
-0.571 -0.825 -0.961 -0.547 -0.034 -0.167 -0.536 -0.406 -0.321 -0.276 -0.434 -0.709 -1.127 -1.117 -0.877 -0.879 -1.154 -0.893 -0.542 -0.245 -0.361 -0.561 -0.728 -0.584 -0.209 -0.435 -0.944 -1.033 -0.88 -0.72 -0.781 -0.909 -1.022 -1.067 -0.985 -0.679 -0.397 -0.321 -0.319 -0.447 -0.3 0.193 0.319 -0.122 -0.514 -0.611 -0.817 -1.022 -0.895 -0.911 -0.924 -0.644 -0.321 -0.085 -0.215 -0.129 0.188 0.182 -0.089 -0.335 -0.576 -0.764 -0.764 -1.027 -1.283 -1.137 -0.876 -0.748 -1.028 -0.906 -0.794 -0.821 -0.968 -1.038 -1.069 -1.1 -1.222
-0.762 -0.736 -0.787 -0.466 0.07 0.065 -0.407 -0.223 -0.094 -0.244 -0.503 -0.817 -1.087 -1.103 -0.872 -0.87 -0.885 -0.524 -0.339 -0.359 -0.665 -0.824 -0.862 -0.572 -0.297 -0.521 -0.846 -1.077 -0.976 -0.88 -0.819 -0.751 -0.677 -0.796 -0.884 -0.485 -0.137 0.09 0.11 0.029 -0.038 0.157 0.07 0.135 -0.312 -0.726 -0.853 -0.982 -1.052 -0.967 -0.76 -0.528 -0.288 -0.283 -0.544 -0.415 -0.058 0.116 -0.156 -0.487 -0.671 -0.906 -0.866 -0.821 -1.234 -1.227 -1.026 -1.076 -1.231 -1.122 -0.874 -0.7 -0.621 -0.502 -0.444 -0.532 -0.7
-0.597 -0.362 -0.312 -0.285 0.196 0.295 -0.143 -0.079 0.011 -0.345 -0.758 -1.063 -0.985 -0.663 -0.516 -0.461 -0.442 -0.33 -0.588 -0.685 -0.834 -0.948 -0.769 -0.441 -0.528 -0.837 -0.934 -0.914 -0.815 -0.813 -0.875 -0.721 -0.571 -0.336 -0.329 -0.053 0.124 0.114 -0.067 0.036 -0.062 -0.205 -0.118 0.125 -0.275 -0.668 -0.963 -1.041 -1.076 -0.853 -0.632 -0.401 -0.345 -0.645 -0.799 -0.491 -0.141 0.098 -0.216 -0.587 -0.839 -1.081 -1.145 -0.923 -1.123 -1.381 -1.308 -1.284 -1.081 -0.823 -0.712 -0.88 -1.044 -0.888 -0.519 -0.424 -0.3
-0.324 -0.074 0.106 0.1 0.335 0.364 0.077 -0.082 -0.288 -0.369 -0.745 -1.119 -0.873 -0.512 -0.669 -0.586 -0.432 -0.395 -0.872 -0.97 -0.935 -0.782 -0.555 -0.574 -0.776 -0.915 -0.768 -0.589 -0.477 -0.528 -0.573 -0.399 -0.229 -0.106 0.1 0.066 -0.098 -0.316 -0.496 -0.207 -0.445 -0.473 -0.077 0.133 -0.268 -0.557 -0.786 -0.927 -0.941 -0.723 -0.57 -0.415 -0.454 -0.954 -0.866 -0.588 -0.204 0.077 -0.332 -0.711 -0.878 -1.12 -1.513 -1.369 -1.366 -1.398 -1.249 -0.931 -0.77 -0.809 -1.028 -1.289 -1.29 -1.083 -0.84 -0.697 -0.427
-0.271 -0.128 0.015 0.073 0.324 0.243 -0.054 -0.254 -0.58 -0.663 -0.699 -1.079 -0.756 -0.633 -0.943 -0.829 -0.669 -0.41 -0.91 -1.193 -1.024 -0.815 -0.815 -0.714 -0.601 -0.639 -0.522 -0.253 -0.129 -0.115 -0.099 0.035 0.088 0.067 0.026 -0.216 -0.455 -0.667 -0.672 -0.302 -0.724 -0.641 -0.182 -0.012 -0.543 -0.687 -0.836 -0.849 -0.84 -0.622 -0.746 -0.607 -0.515 -1.118 -1.068 -0.845 -0.385 0.003 -0.338 -0.597 -0.775 -1.04 -1.448 -1.567 -1.381 -1.404 -1.035 -0.835 -1.004 -1.007 -1.321 -1.302 -1.282 -1.114 -0.878 -0.415 -0.218
-0.262 -0.122 -0.028 -0.065 0.29 0.408 0.06 -0.202 -0.558 -0.896 -0.921 -1.145 -0.696 -0.778 -1.103 -0.995 -0.747 -0.456 -0.935 -1.208 -1.035 -1.088 -0.922 -0.608 -0.3 -0.235 -0.132 0.013 0.059 0.071 0.005 -0.15 -0.281 -0.336 -0.193 -0.359 -0.626 -0.861 -0.657 -0.396 -0.902 -0.778 -0.155 -0.098 -0.737 -1.019 -1.071 -0.955 -0.85 -0.736 -0.916 -0.633 -0.721 -1.239 -1.098 -0.785 -0.369 -0.004 -0.271 -0.434 -0.716 -1.079 -1.289 -1.53 -1.321 -1.108 -0.918 -1.11 -1.213 -1.075 -1.387 -1.238 -1.168 -1.054 -0.759 -0.315 -0.16
-0.056 0.101 0.292 0.414 0.565 0.723 0.148 -0.366 -0.314 -0.731 -1.079 -1.164 -0.628 -0.931 -1.161 -0.925 -0.575 -0.618 -0.94 -1.213 -1.058 -0.918 -0.624 -0.244 -0.007 -0.037 -0.179 -0.39 -0.148 -0.27 -0.714 -0.817 -0.567 -0.442 -0.291 -0.366 -0.754 -0.946 -0.65 -0.649 -0.997 -0.727 -0.136 -0.021 -0.473 -0.909 -0.983 -1.002 -0.925 -0.897 -0.888 -0.665 -1.104 -1.134 -0.85 -0.603 -0.216 -0.002 -0.133 -0.388 -0.599 -0.893 -1.143 -1.584 -1.352 -1.225 -1.085 -1.359 -1.264 -1.251 -1.317 -1.08 -0.946 -0.801 -0.522 -0.242 -0.17
0.179 0.282 0.448 0.582 0.745 0.773 0.245 -0.435 -0.302 -0.427 -0.872 -1.144 -0.697 -1.063 -1.339 -0.944 -0.69 -0.801 -1.074 -0.905 -0.609 -0.264 -0.06 -0.004 -0.182 -0.492 -0.415 -0.736 -0.406 -0.342 -0.988 -0.841 -0.587 -0.517 -0.395 -0.339 -0.819 -1.08 -0.825 -0.976 -0.968 -0.603 -0.24 -0.074 -0.106 -0.375 -0.529 -0.727 -0.84 -0.912 -0.898 -0.97 -1.157 -0.887 -0.583 -0.393 -0.429 -0.14 -0.166 -0.421 -0.592 -0.826 -1.084 -1.435 -1.404 -1.496 -1.269 -1.362 -1.221 -1.266 -1.284 -1.103 -0.896 -0.704 -0.423 -0.222 -0.22
0.193 0.177 0.166 0.281 0.62 0.814 0.383 -0.324 -0.456 -0.305 -0.83 -1.176 -0.835 -1.13 -1.478 -1.138 -1.021 -1.025 -1.001 -0.667 -0.152 -0.158 -0.32 -0.272 -0.463 -0.748 -0.743 -0.953 -0.658 -0.294 -0.773 -0.853 -0.712 -0.724 -0.514 -0.465 -0.868 -1.135 -1.087 -1.082 -0.794 -0.419 -0.483 -0.513 -0.152 -0.119 -0.397 -0.649 -0.772 -0.865 -1.005 -1.039 -0.827 -0.606 -0.435 -0.644 -0.633 -0.342 -0.104 -0.416 -0.687 -0.853 -1.045 -1.275 -1.273 -1.386 -1.309 -1.362 -1.208 -1.057 -1.111 -1.014 -0.776 -0.526 -0.304 -0.26 -0.294
-0.21 -0.22 -0.162 0.088 0.51 0.911 0.542 0.033 -0.341 -0.296 -0.819 -1.241 -1.202 -1.193 -1.052 -0.898 -0.822 -0.855 -0.715 -0.273 -0.384 -0.611 -0.485 -0.336 -0.52 -0.898 -0.843 -0.825 -0.703 -0.356 -0.706 -1.083 -0.932 -0.903 -0.597 -0.56 -0.741 -0.919 -0.999 -0.837 -0.56 -0.42 -0.808 -0.772 -0.252 -0.198 -0.368 -0.834 -0.976 -1.057 -1.045 -0.892 -0.834 -0.829 -0.686 -0.747 -0.877 -0.562 -0.178 -0.261 -0.597 -0.793 -1.013 -1.13 -1.142 -1.244 -1.154 -1.335 -1.367 -1.008 -0.855 -0.733 -0.541 -0.376 -0.259 -0.331 -0.441
-0.408 -0.262 -0.098 0.177 0.56 0.956 0.795 0.465 0.264 -0.142 -0.73 -1.049 -1.444 -1.166 -0.79 -0.821 -0.745 -0.5 -0.395 -0.56 -0.927 -0.777 -0.469 -0.368 -0.487 -0.686 -0.65 -0.787 -0.795 -0.456 -0.847 -1.175 -0.903 -0.734 -0.451 -0.357 -0.412 -0.604 -0.854 -0.73 -0.511 -0.64 -0.997 -0.726 -0.267 -0.331 -0.141 -0.598 -0.845 -0.995 -1.222 -1.203 -1.314 -1.331 -0.854 -0.988 -0.931 -0.633 -0.259 -0.243 -0.606 -0.949 -1.103 -1.044 -0.942 -1.127 -1.03 -1.191 -1.266 -1.209 -0.836 -0.483 -0.344 -0.294 -0.405 -0.66 -0.818
-0.334 -0.017 0.237 0.471 0.776 1.001 0.854 0.252 0.151 -0.013 -0.479 -0.774 -1.052 -1.189 -1.124 -1.117 -0.96 -0.818 -0.859 -0.981 -0.868 -0.587 -0.354 -0.294 -0.299 -0.456 -0.769 -0.995 -0.755 -0.467 -0.92 -1.047 -0.691 -0.532 -0.416 -0.357 -0.228 -0.443 -0.659 -0.706 -0.608 -0.915 -1.124 -0.735 -0.29 -0.464 -0.206 -0.254 -0.406 -0.665 -0.947 -1 -1.251 -1.257 -0.904 -1.17 -0.964 -0.68 -0.382 -0.24 -0.55 -0.861 -0.853 -0.857 -0.749 -0.894 -0.818 -0.845 -0.849 -1.021 -0.696 -0.336 -0.305 -0.445 -0.745 -1.102 -1.214
-0.191 0.068 0.461 0.852 1.071 1.079 0.755 0.028 -0.429 -0.679 -0.613 -0.377 -0.737 -1.066 -1.23 -1.226 -1.236 -1.061 -1.037 -0.952 -0.765 -0.574 -0.35 -0.145 -0.109 -0.337 -0.867 -1.026 -0.776 -0.515 -0.998 -1.042 -0.774 -0.55 -0.378 -0.345 -0.205 -0.337 -0.362 -0.604 -0.868 -1.216 -1.122 -0.704 -0.308 -0.614 -0.345 -0.356 -0.35 -0.362 -0.544 -0.838 -1.068 -1.202 -1.106 -1.278 -1.094 -0.787 -0.578 -0.285 -0.356 -0.573 -0.548 -0.627 -0.708 -0.928 -0.956 -0.941 -0.799 -0.69 -0.463 -0.266 -0.365 -0.721 -1.114 -1.382 -1.15
-0.075 0.239 0.489 0.819 1.149 1.06 0.511 -0.249 -0.73 -0.915 -0.517 -0.251 -0.278 -0.607 -0.796 -0.82 -1.155 -0.948 -0.619 -0.711 -0.867 -0.692 -0.43 -0.088 0.032 -0.166 -0.617 -0.948 -0.745 -0.553 -1.002 -1.098 -0.778 -0.488 -0.077 -0.072 -0.19 -0.225 -0.235 -0.738 -1.071 -1.129 -0.853 -0.462 -0.425 -0.74 -0.244 -0.53 -0.695 -0.496 -0.372 -0.555 -0.837 -1.099 -1.16 -1.242 -1.079 -0.851 -0.551 -0.41 -0.328 -0.461 -0.529 -0.727 -0.83 -1.102 -1.231 -1.15 -0.975 -0.673 -0.328 -0.251 -0.428 -0.937 -1.389 -1.438 -0.843
-0.088 0.225 0.492 0.794 1.103 1.099 0.461 -0.379 -0.54 -0.89 -0.608 -0.331 -0.016 -0.009 -0.244 -0.457 -0.945 -0.959 -0.523 -0.49 -0.851 -0.645 -0.417 -0.113 0.094 -0.014 -0.22 -0.733 -0.734 -0.82 -1.106 -0.954 -0.568 -0.323 0.046 0.104 -0.146 -0.07 -0.152 -0.664 -1.045 -0.937 -0.73 -0.348 -0.485 -0.767 -0.25 -0.552 -0.901 -0.697 -0.611 -0.457 -0.504 -0.693 -0.803 -1.009 -0.995 -0.779 -0.588 -0.583 -0.419 -0.719 -0.822 -0.991 -0.992 -1.29 -1.328 -1.07 -0.722 -0.402 -0.26 -0.331 -0.599 -0.953 -1.341 -1.191 -0.629
-0.226 0.01 0.356 0.732 1.015 1.142 0.589 0.039 -0.17 -0.691 -0.642 -0.392 -0.076 0.27 -0.044 -0.573 -1.066 -0.878 -0.375 -0.481 -0.766 -0.621 -0.44 -0.155 0.104 0.082 -0.063 -0.596 -0.908 -0.972 -0.886 -0.691 -0.495 -0.249 0.117 0.324 -0.018 0.059 -0.148 -0.722 -1.101 -0.889 -0.726 -0.298 -0.504 -0.753 -0.254 -0.601 -1.003 -0.85 -0.853 -0.62 -0.413 -0.678 -0.628 -0.786 -1.016 -0.781 -0.755 -0.672 -0.507 -0.756 -0.984 -1.129 -1.078 -1.076 -0.867 -0.588 -0.322 -0.266 -0.389 -0.599 -0.848 -1.039 -1.238 -0.959 -0.586
-0.208 -0.283 0.065 0.502 0.897 1.152 0.938 0.524 0.162 -0.369 -0.429 -0.291 0.023 0.36 0.128 -0.661 -1.121 -0.712 -0.17 -0.292 -0.404 -0.383 -0.406 -0.211 0.131 0.17 0.207 -0.188 -0.619 -0.686 -0.684 -0.454 -0.268 -0.007 0.083 0.311 0.12 0.109 -0.146 -0.55 -0.891 -0.918 -0.632 -0.22 -0.6 -0.757 -0.33 -0.525 -0.944 -1.026 -0.968 -0.632 -0.506 -0.961 -0.831 -0.686 -0.997 -0.951 -0.858 -0.632 -0.668 -0.888 -1.066 -0.966 -0.773 -0.577 -0.341 -0.267 -0.282 -0.416 -0.718 -0.932 -1.129 -1.257 -1.205 -0.784 -0.665
0.157 -0.242 -0.168 0.214 0.591 0.91 1.184 1.031 0.629 0.016 0.04 0.201 0.412 0.505 0.197 -0.523 -0.96 -0.685 -0.168 0.078 -0.053 -0.326 -0.529 -0.302 0.124 0.396 0.499 0.25 -0.333 -0.775 -0.667 -0.37 -0.199 -0.215 -0.227 0.226 0.293 0.024 -0.16 -0.345 -0.727 -0.807 -0.518 -0.233 -0.737 -0.843 -0.519 -0.344 -0.617 -1.024 -0.977 -0.655 -0.547 -1.005 -1.087 -0.762 -0.974 -1.004 -0.808 -0.719 -0.901 -1.087 -1.016 -0.786 -0.502 -0.327 -0.237 -0.284 -0.364 -0.658 -0.959 -1.106 -1.398 -1.592 -1.254 -0.701 -0.797
0.53 0.068 -0.185 -0.021 0.254 0.54 0.959 1.249 1.053 0.429 0.519 0.591 0.411 0.218 0.141 -0.14 -0.5 -0.74 -0.322 0.091 0.1 -0.48 -0.595 -0.282 -0.11 0.138 0.415 0.531 0.141 -0.641 -0.893 -0.733 -0.5 -0.396 -0.252 0.221 0.41 -0.016 -0.218 -0.494 -0.82 -0.847 -0.565 -0.262 -0.739 -0.962 -0.716 -0.464 -0.418 -0.915 -1.028 -0.735 -0.583 -0.974 -1.193 -0.973 -1.138 -0.999 -0.806 -0.841 -0.979 -1.047 -0.732 -0.481 -0.296 -0.239 -0.304 -0.464 -0.506 -0.637 -1.082 -1.243 -1.582 -1.638 -1.207 -0.721 -0.852
0.826 0.395 0.061 -0.128 0.001 0.335 0.787 1.232 1.274 0.826 0.683 0.382 0.289 -0.034 -0.228 -0.367 -0.461 -0.724 -0.406 0.123 0.188 -0.416 -0.603 -0.555 -0.435 -0.196 0.294 0.695 0.505 -0.234 -0.38 -0.736 -0.543 -0.322 -0.096 0.174 0.568 0.24 0.037 -0.345 -0.705 -0.743 -0.629 -0.352 -0.595 -1.028 -0.878 -0.681 -0.382 -0.806 -1.039 -0.805 -0.762 -1.071 -1.236 -1.11 -1.161 -0.949 -0.699 -0.675 -0.627 -0.514 -0.33 -0.249 -0.31 -0.472 -0.651 -0.585 -0.744 -0.556 -0.886 -1.183 -1.613 -1.507 -1.053 -0.839 -1.006
1.151 0.75 0.37 0.042 -0.099 0.225 0.691 1.226 1.374 0.987 0.425 0.005 -0.024 0.054 -0.137 -0.454 -0.689 -0.716 -0.374 0.146 0.216 -0.184 -0.354 -0.351 -0.364 0.066 0.449 0.84 0.709 0.106 -0.324 -0.734 -0.463 -0.252 -0.207 -0.019 0.517 0.514 0.174 -0.075 -0.313 -0.51 -0.747 -0.587 -0.551 -0.996 -1.018 -0.722 -0.4 -0.743 -1.051 -0.906 -0.924 -1.202 -1.165 -0.909 -0.683 -0.562 -0.355 -0.31 -0.164 0 -0.102 -0.241 -0.477 -0.877 -1.017 -0.715 -0.829 -0.641 -0.764 -1.139 -1.541 -1.359 -0.932 -1.023 -1.341
1.339 1.155 0.705 0.41 0.026 0.166 0.645 1.182 1.402 1.025 0.341 -0.048 -0.237 -0.277 -0.298 -0.415 -0.769 -0.706 -0.228 0.233 0.149 -0.045 -0.185 -0.398 -0.397 -0.019 0.425 0.892 0.817 0.231 -0.555 -0.853 -0.564 -0.47 -0.352 -0.085 0.478 0.508 -0.078 -0.338 -0.409 -0.585 -0.926 -0.813 -0.608 -1.002 -0.995 -0.596 -0.571 -0.66 -0.889 -1.036 -1.087 -1.212 -1.024 -0.858 -0.666 -0.557 -0.68 -0.592 -0.063 0.013 -0.414 -0.435 -0.443 -1.076 -1.27 -0.887 -0.839 -0.832 -0.62 -1.062 -1.553 -1.439 -1.107 -1.218 -1.57
1.138 1.369 1.095 0.844 0.425 0.245 0.673 1.223 1.419 1.071 0.74 0.548 0.334 0.114 -0.092 -0.447 -0.781 -0.405 0.028 0.43 0.034 -0.405 -0.598 -0.688 -0.423 -0.071 0.398 0.915 0.907 0.298 -0.46 -0.953 -0.743 -0.637 -0.51 -0.193 0.444 0.608 -0.004 -0.464 -0.65 -0.788 -1.086 -0.824 -0.751 -1.091 -0.883 -0.728 -0.787 -0.908 -0.825 -1.004 -1.156 -1.011 -1.117 -1.213 -0.872 -0.714 -0.584 -0.433 0.04 -0.047 -0.61 -0.734 -0.458 -0.941 -1.323 -1.037 -0.842 -1.042 -0.723 -0.942 -1.562 -1.657 -1.472 -1.568 -1.7
0.604 1.063 1.345 1.299 0.912 0.54 0.7 1.29 1.376 0.875 0.625 0.696 0.699 0.544 0.29 0.148 -0.181 -0.351 0.058 0.499 0.203 -0.143 -0.465 -0.607 -0.264 0.168 0.606 1.032 0.804 0.266 -0.453 -0.932 -0.618 -0.465 -0.575 -0.232 0.275 0.716 0.306 -0.069 -0.304 -0.499 -0.924 -0.86 -0.838 -0.883 -0.876 -1.056 -0.963 -1.107 -1.022 -1.145 -1.034 -0.951 -0.885 -0.866 -0.713 -0.481 -0.124 -0.006 0.155 -0.129 -0.765 -0.986 -0.596 -0.757 -1.298 -1.164 -0.897 -1.274 -0.971 -0.901 -1.434 -1.681 -1.789 -1.823 -1.845
0.2 0.664 0.979 1.418 1.399 1.079 0.928 1.388 1.237 0.701 0.094 0.188 0.17 0.271 0.288 -0.106 -0.14 -0.303 0.09 0.567 0.372 -0.13 -0.499 -0.532 -0.194 0.251 0.85 1.144 0.587 0.178 -0.405 -0.809 -0.602 -0.363 -0.376 -0.277 0.188 0.75 0.622 0.159 -0.085 -0.305 -0.64 -0.656 -0.433 -0.352 -0.583 -1.017 -0.793 -0.635 -0.669 -0.624 -0.468 -0.409 -0.261 -0.256 -0.151 0.083 0.265 0.345 0.162 -0.351 -0.939 -1.091 -0.714 -0.863 -1.215 -1.357 -1.07 -1.426 -1.241 -1.035 -1.482 -1.729 -1.661 -1.565 -1.443
0.163 0.202 0.478 1.006 1.283 1.455 1.415 1.498 1.186 0.509 -0.092 -0.203 -0.133 0.039 0.132 -0.284 -0.361 -0.347 0.067 0.592 0.344 -0.014 -0.331 -0.333 -0.035 0.398 0.984 1.147 0.647 0.345 -0.147 -0.528 -0.656 -0.427 -0.043 0.062 0.184 0.716 0.858 0.206 -0.279 -0.413 -0.215 -0.179 -0.041 0.013 -0.527 -0.407 -0.274 -0.043 -0.091 -0.029 0.013 0.23 0.321 0.316 0.395 0.501 0.463 0.184 -0.023 -0.663 -1.197 -1.024 -0.831 -1.232 -1.123 -1.324 -1.342 -1.452 -1.544 -1.311 -1.434 -1.6 -1.743 -1.562 -1.321
-0.15 -0.077 0.306 0.873 0.821 1.01 1.436 1.513 1.259 0.465 0.081 -0.29 -0.266 -0.15 -0.226 -0.433 -0.609 -0.318 0.158 0.692 0.256 -0.114 -0.315 -0.088 0.159 0.577 1.134 1.074 0.574 0.348 0.195 -0.195 -0.557 -0.396 0.17 0.407 0.501 0.801 1.099 0.472 -0.002 0.151 0.365 0.405 0.421 0.16 -0.05 0.189 0.202 0.462 0.467 0.535 0.53 0.698 0.62 0.574 0.49 0.342 0.059 -0.314 -0.367 -0.972 -1.387 -1.02 -0.919 -1.403 -1.225 -0.936 -1.32 -1.56 -1.614 -1.109 -0.973 -1.199 -1.439 -1.387 -1.415
-0.073 0.19 0.661 0.723 0.351 0.638 1.237 1.507 1.388 0.486 -0.09 -0.349 -0.332 -0.331 -0.454 -0.658 -0.475 -0.09 0.34 0.746 0.272 -0.131 -0.385 -0.136 0.119 0.722 1.302 0.868 0.386 0.034 0.078 0.006 -0.461 -0.228 0.134 0.12 0.329 0.74 1.2 0.832 0.522 0.917 1.042 0.984 0.837 0.629 0.722 0.755 0.771 0.873 0.876 0.79 0.762 0.646 0.372 0.229 0.006 -0.249 -0.61 -0.656 -0.623 -1.01 -1.334 -1.076 -0.946 -1.28 -1.165 -0.83 -0.886 -1.143 -1.105 -0.825 -0.645 -0.891 -0.848 -0.989 -1.343
0.32 0.577 0.657 0.32 0.121 0.481 1.057 1.476 1.5 0.732 0.072 0.069 0.043 -0.04 -0.264 -0.525 -0.247 0.115 0.465 0.806 0.31 -0.052 -0.355 0.03 0.351 1.024 1.342 0.855 0.556 0.15 -0.086 -0.135 -0.29 -0.269 -0.135 -0.18 0.269 0.788 1.2 1.17 1.073 1.36 1.39 1.354 1.261 1.157 1.07 1.022 0.981 0.842 0.698 0.515 0.363 0.368 0.216 0.056 -0.258 -0.665 -1.049 -0.798 -0.697 -1.041 -1.279 -1.163 -1.021 -1.336 -1.155 -0.823 -0.541 -0.636 -0.508 -0.318 -0.286 -0.417 -0.471 -0.744 -1.101
0.193 0.311 0.313 -0.012 0.19 0.602 0.957 1.391 1.527 0.947 0.361 0.45 0.142 0.013 -0.256 -0.476 -0.275 0.05 0.468 0.856 0.339 -0.187 -0.388 0.08 0.647 1.269 1.233 0.708 0.392 0.424 0.122 -0.348 -0.432 -0.255 -0.11 -0.116 0.28 0.605 0.962 1.377 1.497 1.408 1.106 1.032 1.069 0.909 0.751 0.564 0.548 0.45 0.349 0.123 -0.168 -0.162 0.029 -0.089 -0.17 -0.639 -1.096 -0.832 -0.81 -1.247 -1.534 -1.243 -1.095 -1.375 -1.342 -0.932 -0.486 -0.21 -0.285 -0.417 -0.214 -0.12 -0.246 -0.474 -0.777
