data/climatemaps/RS_maps/climate_breeding_pr_2017.asc
NCOLS 369 
NROWS 228 
XLLCORNER 479000 
YLLCORNER 73000 
CELLSIZE 1000 
NODATA_value -9 
[rows 34 to 67 of 228, columns 152 to 227 of 369]
-1.136 -1.131 -1.127 -1.14 -1.162 -1.182 -1.195 -1.201 -1.202 -1.206 -1.215 -1.228 -1.246 -1.264 -1.279 -1.279 -1.262 -1.283 -1.286 -1.262 -1.271 -1.281 -1.257 -1.249 -1.215 -1.208 -1.216 -1.27 -1.346 -1.39 -1.41 -1.4 -1.372 -1.313 -1.253 -1.223 -1.205 -1.205 -1.208 -1.227 -1.225 -1.243 -1.25 -1.264 -1.276 -1.299 -1.33 -1.346 -1.35 -1.355 -1.35 -1.325 -1.291 -1.26 -1.2 -1.133 -1.086 -1.064 -1.045 -1.036 -1.049 -1.093 -1.145 -1.183 -1.201 -1.196 -1.17 -1.134 -1.105 -1.099 -1.095 -1.086 -1.072 -1.06 -1.049 -1.039
-1.118 -1.119 -1.107 -1.108 -1.128 -1.156 -1.172 -1.19 -1.205 -1.22 -1.239 -1.251 -1.267 -1.282 -1.296 -1.289 -1.271 -1.263 -1.269 -1.237 -1.231 -1.233 -1.198 -1.186 -1.168 -1.158 -1.184 -1.245 -1.315 -1.358 -1.375 -1.352 -1.318 -1.264 -1.208 -1.175 -1.145 -1.142 -1.148 -1.161 -1.165 -1.165 -1.184 -1.188 -1.201 -1.227 -1.28 -1.305 -1.313 -1.326 -1.329 -1.307 -1.266 -1.224 -1.187 -1.125 -1.065 -1.023 -1.002 -1.005 -1.026 -1.077 -1.128 -1.171 -1.193 -1.192 -1.174 -1.141 -1.109 -1.09 -1.074 -1.053 -1.031 -1 -0.982 -0.973
-1.092 -1.089 -1.085 -1.086 -1.086 -1.111 -1.139 -1.151 -1.169 -1.195 -1.229 -1.256 -1.266 -1.275 -1.294 -1.284 -1.252 -1.239 -1.237 -1.186 -1.161 -1.17 -1.142 -1.13 -1.117 -1.127 -1.166 -1.238 -1.296 -1.332 -1.334 -1.301 -1.25 -1.198 -1.164 -1.136 -1.108 -1.099 -1.109 -1.11 -1.107 -1.098 -1.1 -1.132 -1.148 -1.18 -1.235 -1.272 -1.287 -1.309 -1.313 -1.294 -1.253 -1.193 -1.157 -1.117 -1.068 -1.03 -1.003 -1.005 -1.033 -1.073 -1.108 -1.154 -1.175 -1.177 -1.162 -1.142 -1.12 -1.095 -1.066 -1.031 -0.99 -0.946 -0.914 -0.9
-1.072 -1.052 -1.046 -1.057 -1.06 -1.065 -1.087 -1.107 -1.125 -1.152 -1.192 -1.24 -1.266 -1.272 -1.271 -1.268 -1.223 -1.2 -1.182 -1.148 -1.115 -1.107 -1.097 -1.093 -1.115 -1.138 -1.161 -1.237 -1.289 -1.307 -1.279 -1.242 -1.179 -1.118 -1.093 -1.09 -1.092 -1.085 -1.096 -1.078 -1.053 -1.04 -1.033 -1.054 -1.092 -1.129 -1.191 -1.242 -1.27 -1.294 -1.299 -1.285 -1.243 -1.177 -1.123 -1.096 -1.059 -1.022 -1.014 -1.016 -1.029 -1.056 -1.092 -1.132 -1.149 -1.163 -1.144 -1.126 -1.12 -1.098 -1.062 -1.012 -0.952 -0.9 -0.856 -0.84
-1.05 -1.021 -1.004 -1.002 -1.016 -1.032 -1.035 -1.05 -1.076 -1.102 -1.149 -1.211 -1.253 -1.26 -1.236 -1.234 -1.209 -1.183 -1.164 -1.121 -1.073 -1.062 -1.068 -1.088 -1.117 -1.163 -1.203 -1.245 -1.283 -1.286 -1.253 -1.206 -1.137 -1.071 -1.04 -1.049 -1.07 -1.075 -1.078 -1.057 -1.017 -0.993 -0.979 -0.995 -1.038 -1.09 -1.154 -1.215 -1.251 -1.277 -1.283 -1.272 -1.231 -1.163 -1.1 -1.075 -1.044 -0.993 -0.981 -0.982 -0.985 -1.01 -1.055 -1.09 -1.116 -1.142 -1.136 -1.12 -1.117 -1.092 -1.053 -0.997 -0.931 -0.869 -0.818 -0.794
-1.022 -0.998 -0.973 -0.959 -0.97 -0.995 -0.996 -0.994 -1.01 -1.052 -1.122 -1.187 -1.23 -1.251 -1.251 -1.24 -1.215 -1.195 -1.172 -1.112 -1.058 -1.02 -1.025 -1.04 -1.095 -1.163 -1.207 -1.232 -1.274 -1.291 -1.265 -1.203 -1.13 -1.064 -1.026 -1.036 -1.055 -1.058 -1.041 -1.025 -1.001 -0.975 -0.956 -0.964 -1.008 -1.065 -1.13 -1.193 -1.233 -1.257 -1.263 -1.256 -1.221 -1.155 -1.09 -1.056 -1.033 -0.98 -0.95 -0.932 -0.921 -0.945 -0.979 -1.022 -1.067 -1.1 -1.113 -1.114 -1.105 -1.065 -1.024 -0.977 -0.906 -0.818 -0.748 -0.738
-0.994 -0.968 -0.952 -0.94 -0.946 -0.963 -0.955 -0.93 -0.944 -1.017 -1.102 -1.163 -1.19 -1.203 -1.217 -1.215 -1.215 -1.199 -1.164 -1.115 -1.053 -1.001 -1.002 -1.03 -1.085 -1.162 -1.198 -1.23 -1.279 -1.287 -1.268 -1.227 -1.163 -1.096 -1.046 -1.04 -1.047 -1.038 -1.008 -0.98 -0.957 -0.939 -0.933 -0.944 -0.987 -1.049 -1.113 -1.17 -1.209 -1.233 -1.243 -1.238 -1.211 -1.151 -1.089 -1.047 -1.02 -0.979 -0.937 -0.898 -0.868 -0.875 -0.891 -0.939 -1.005 -1.033 -1.054 -1.079 -1.077 -1.04 -0.99 -0.941 -0.865 -0.771 -0.678 -0.656
-1.002 -0.972 -0.969 -0.951 -0.944 -0.928 -0.912 -0.905 -0.945 -1.005 -1.078 -1.124 -1.138 -1.158 -1.185 -1.18 -1.177 -1.163 -1.133 -1.082 -1.019 -0.978 -0.986 -1.024 -1.09 -1.166 -1.211 -1.246 -1.272 -1.268 -1.241 -1.216 -1.173 -1.13 -1.091 -1.061 -1.045 -1.026 -0.995 -0.964 -0.935 -0.913 -0.905 -0.918 -0.963 -1.029 -1.093 -1.144 -1.181 -1.205 -1.219 -1.22 -1.203 -1.156 -1.098 -1.05 -1.001 -0.964 -0.918 -0.875 -0.834 -0.819 -0.816 -0.869 -0.937 -0.958 -0.977 -1.006 -1.025 -1.01 -0.963 -0.896 -0.826 -0.733 -0.641 -0.6
-1.049 -1.027 -1.012 -0.98 -0.965 -0.93 -0.911 -0.907 -0.946 -0.997 -1.048 -1.081 -1.103 -1.116 -1.133 -1.134 -1.112 -1.098 -1.059 -1.01 -0.966 -0.942 -0.974 -1.035 -1.11 -1.175 -1.211 -1.236 -1.256 -1.247 -1.216 -1.185 -1.154 -1.13 -1.122 -1.096 -1.068 -1.05 -1.027 -0.998 -0.977 -0.949 -0.928 -0.926 -0.955 -1.012 -1.068 -1.115 -1.15 -1.171 -1.191 -1.197 -1.192 -1.165 -1.114 -1.064 -1.007 -0.958 -0.904 -0.856 -0.814 -0.784 -0.773 -0.805 -0.869 -0.895 -0.91 -0.937 -0.956 -0.954 -0.925 -0.872 -0.787 -0.692 -0.605 -0.541
-1.11 -1.088 -1.061 -1.038 -1.001 -0.974 -0.941 -0.92 -0.947 -0.965 -1.014 -1.044 -1.052 -1.053 -1.065 -1.057 -1.027 -1.009 -0.964 -0.928 -0.895 -0.903 -0.97 -1.055 -1.118 -1.164 -1.196 -1.218 -1.235 -1.233 -1.213 -1.179 -1.152 -1.13 -1.13 -1.12 -1.105 -1.089 -1.072 -1.056 -1.043 -1.015 -0.988 -0.969 -0.976 -1.002 -1.046 -1.084 -1.116 -1.135 -1.158 -1.17 -1.174 -1.165 -1.135 -1.09 -1.032 -0.972 -0.917 -0.862 -0.815 -0.774 -0.753 -0.764 -0.804 -0.815 -0.858 -0.869 -0.882 -0.883 -0.877 -0.829 -0.765 -0.675 -0.587 -0.504
-1.144 -1.12 -1.091 -1.062 -1.042 -1.006 -0.96 -0.932 -0.935 -0.929 -0.964 -0.992 -0.978 -0.955 -0.965 -0.959 -0.922 -0.906 -0.864 -0.839 -0.831 -0.884 -0.97 -1.059 -1.112 -1.151 -1.185 -1.2 -1.212 -1.223 -1.216 -1.191 -1.167 -1.133 -1.128 -1.124 -1.113 -1.099 -1.083 -1.09 -1.087 -1.071 -1.051 -1.03 -1.022 -1.024 -1.041 -1.057 -1.076 -1.097 -1.118 -1.137 -1.15 -1.152 -1.137 -1.107 -1.061 -1.005 -0.949 -0.897 -0.839 -0.792 -0.758 -0.753 -0.772 -0.753 -0.769 -0.759 -0.767 -0.803 -0.817 -0.789 -0.745 -0.683 -0.608 -0.532
-1.144 -1.129 -1.104 -1.072 -1.046 -1.016 -0.97 -0.925 -0.905 -0.865 -0.874 -0.907 -0.886 -0.853 -0.858 -0.865 -0.823 -0.804 -0.794 -0.793 -0.818 -0.892 -0.981 -1.066 -1.112 -1.154 -1.179 -1.187 -1.192 -1.204 -1.212 -1.2 -1.18 -1.146 -1.108 -1.094 -1.096 -1.085 -1.08 -1.093 -1.098 -1.094 -1.086 -1.071 -1.057 -1.05 -1.053 -1.058 -1.058 -1.062 -1.074 -1.102 -1.122 -1.131 -1.122 -1.098 -1.067 -1.035 -0.989 -0.936 -0.885 -0.832 -0.789 -0.774 -0.761 -0.718 -0.698 -0.68 -0.689 -0.706 -0.726 -0.743 -0.732 -0.697 -0.648 -0.587
-1.141 -1.115 -1.098 -1.074 -1.043 -1.002 -0.956 -0.888 -0.854 -0.795 -0.778 -0.807 -0.791 -0.782 -0.779 -0.789 -0.764 -0.762 -0.782 -0.797 -0.826 -0.898 -0.992 -1.078 -1.11 -1.144 -1.168 -1.172 -1.175 -1.186 -1.199 -1.196 -1.185 -1.157 -1.102 -1.06 -1.056 -1.055 -1.056 -1.065 -1.074 -1.079 -1.081 -1.078 -1.071 -1.066 -1.062 -1.061 -1.059 -1.054 -1.051 -1.066 -1.089 -1.105 -1.101 -1.08 -1.054 -1.035 -1.014 -0.974 -0.92 -0.874 -0.827 -0.798 -0.764 -0.711 -0.665 -0.636 -0.637 -0.622 -0.627 -0.661 -0.663 -0.658 -0.643 -0.607
-1.141 -1.104 -1.073 -1.048 -1.012 -0.959 -0.905 -0.823 -0.774 -0.727 -0.711 -0.718 -0.716 -0.747 -0.756 -0.77 -0.751 -0.764 -0.79 -0.796 -0.829 -0.908 -1.009 -1.1 -1.119 -1.128 -1.147 -1.156 -1.157 -1.167 -1.183 -1.189 -1.183 -1.163 -1.115 -1.05 -1.01 -1.002 -1.01 -1.031 -1.062 -1.08 -1.088 -1.082 -1.069 -1.061 -1.058 -1.054 -1.049 -1.045 -1.043 -1.047 -1.059 -1.074 -1.076 -1.058 -1.04 -1.031 -1.021 -0.994 -0.952 -0.91 -0.861 -0.822 -0.779 -0.729 -0.671 -0.626 -0.593 -0.571 -0.55 -0.576 -0.581 -0.569 -0.59 -0.585
-1.122 -1.079 -1.036 -1 -0.953 -0.882 -0.822 -0.754 -0.694 -0.68 -0.688 -0.689 -0.701 -0.754 -0.803 -0.82 -0.811 -0.825 -0.833 -0.851 -0.896 -0.971 -1.053 -1.128 -1.147 -1.143 -1.135 -1.137 -1.144 -1.149 -1.165 -1.182 -1.179 -1.165 -1.132 -1.064 -0.986 -0.942 -0.944 -0.972 -1.016 -1.065 -1.094 -1.099 -1.096 -1.06 -1.041 -1.03 -1.021 -1.022 -1.022 -1.028 -1.037 -1.046 -1.044 -1.028 -1.016 -1.013 -1.011 -0.995 -0.963 -0.929 -0.89 -0.848 -0.801 -0.755 -0.695 -0.636 -0.576 -0.532 -0.502 -0.516 -0.512 -0.493 -0.517 -0.547
-1.079 -1.03 -0.974 -0.936 -0.886 -0.818 -0.746 -0.719 -0.678 -0.677 -0.706 -0.728 -0.76 -0.803 -0.863 -0.902 -0.921 -0.94 -0.949 -0.968 -1.001 -1.052 -1.105 -1.151 -1.171 -1.171 -1.153 -1.136 -1.128 -1.126 -1.141 -1.163 -1.172 -1.165 -1.143 -1.082 -0.989 -0.909 -0.872 -0.903 -0.952 -1.013 -1.068 -1.099 -1.107 -1.093 -1.064 -1.035 -1.009 -0.997 -0.996 -1.012 -1.017 -1.013 -1.003 -0.987 -0.973 -0.97 -0.978 -0.982 -0.966 -0.939 -0.91 -0.869 -0.82 -0.777 -0.723 -0.659 -0.588 -0.512 -0.488 -0.461 -0.45 -0.431 -0.441 -0.476
-1.016 -0.954 -0.889 -0.865 -0.802 -0.75 -0.715 -0.71 -0.707 -0.701 -0.736 -0.793 -0.828 -0.866 -0.93 -0.979 -1.007 -1.024 -1.034 -1.046 -1.069 -1.1 -1.131 -1.159 -1.175 -1.167 -1.153 -1.135 -1.099 -1.086 -1.095 -1.119 -1.146 -1.157 -1.144 -1.102 -1.005 -0.899 -0.827 -0.833 -0.882 -0.948 -1.015 -1.061 -1.085 -1.082 -1.066 -1.046 -1.021 -0.997 -0.986 -0.999 -0.993 -0.963 -0.942 -0.923 -0.908 -0.904 -0.918 -0.94 -0.95 -0.943 -0.926 -0.888 -0.837 -0.792 -0.749 -0.686 -0.612 -0.532 -0.485 -0.419 -0.389 -0.364 -0.364 -0.406
-0.952 -0.891 -0.838 -0.798 -0.738 -0.728 -0.741 -0.742 -0.771 -0.794 -0.82 -0.871 -0.912 -0.953 -1.004 -1.042 -1.067 -1.08 -1.086 -1.093 -1.107 -1.124 -1.142 -1.16 -1.166 -1.153 -1.138 -1.125 -1.097 -1.072 -1.076 -1.077 -1.106 -1.137 -1.136 -1.107 -1.027 -0.914 -0.814 -0.788 -0.819 -0.879 -0.948 -1.006 -1.031 -1.033 -1.031 -1.026 -1.016 -1.007 -1.005 -1.003 -0.976 -0.914 -0.872 -0.842 -0.82 -0.819 -0.838 -0.871 -0.904 -0.925 -0.926 -0.904 -0.861 -0.806 -0.758 -0.708 -0.641 -0.566 -0.488 -0.406 -0.346 -0.307 -0.31 -0.342
-0.863 -0.835 -0.794 -0.744 -0.718 -0.74 -0.789 -0.826 -0.859 -0.876 -0.896 -0.95 -0.988 -1.023 -1.053 -1.084 -1.105 -1.117 -1.118 -1.119 -1.123 -1.128 -1.14 -1.147 -1.149 -1.13 -1.109 -1.101 -1.089 -1.071 -1.057 -1.053 -1.074 -1.11 -1.122 -1.108 -1.048 -0.942 -0.828 -0.777 -0.78 -0.819 -0.873 -0.938 -0.951 -0.955 -0.965 -0.978 -0.98 -0.982 -0.992 -0.998 -0.974 -0.906 -0.839 -0.772 -0.722 -0.708 -0.737 -0.781 -0.83 -0.874 -0.9 -0.899 -0.873 -0.826 -0.764 -0.717 -0.661 -0.595 -0.51 -0.419 -0.347 -0.299 -0.282 -0.26
-0.769 -0.781 -0.766 -0.75 -0.773 -0.819 -0.857 -0.902 -0.934 -0.948 -0.975 -1.018 -1.031 -1.047 -1.071 -1.1 -1.115 -1.125 -1.118 -1.111 -1.109 -1.103 -1.12 -1.121 -1.121 -1.101 -1.071 -1.064 -1.059 -1.054 -1.042 -1.031 -1.05 -1.083 -1.103 -1.103 -1.065 -0.978 -0.871 -0.801 -0.776 -0.776 -0.811 -0.869 -0.885 -0.884 -0.885 -0.901 -0.918 -0.931 -0.952 -0.973 -0.971 -0.923 -0.836 -0.732 -0.644 -0.599 -0.607 -0.664 -0.734 -0.8 -0.85 -0.874 -0.871 -0.837 -0.778 -0.714 -0.664 -0.611 -0.54 -0.454 -0.376 -0.306 -0.238 -0.178
-0.725 -0.762 -0.793 -0.813 -0.848 -0.892 -0.931 -0.971 -1 -1.024 -1.048 -1.059 -1.05 -1.065 -1.09 -1.103 -1.11 -1.111 -1.102 -1.081 -1.071 -1.069 -1.088 -1.089 -1.08 -1.059 -1.036 -1.017 -1.018 -1.023 -1.026 -1.018 -1.026 -1.05 -1.075 -1.086 -1.072 -1.014 -0.917 -0.843 -0.784 -0.741 -0.758 -0.801 -0.823 -0.823 -0.81 -0.799 -0.822 -0.86 -0.898 -0.934 -0.957 -0.933 -0.854 -0.733 -0.617 -0.521 -0.49 -0.52 -0.616 -0.705 -0.777 -0.824 -0.848 -0.835 -0.793 -0.724 -0.666 -0.621 -0.561 -0.483 -0.384 -0.296 -0.199 -0.099
-0.678 -0.745 -0.812 -0.874 -0.922 -0.957 -0.991 -1.018 -1.039 -1.055 -1.067 -1.063 -1.053 -1.073 -1.093 -1.099 -1.083 -1.071 -1.072 -1.054 -1.033 -1.023 -1.046 -1.052 -1.043 -1.018 -0.994 -0.964 -0.971 -0.986 -0.997 -1.005 -1.005 -1.014 -1.038 -1.055 -1.061 -1.033 -0.954 -0.875 -0.793 -0.727 -0.713 -0.742 -0.766 -0.763 -0.748 -0.711 -0.71 -0.773 -0.837 -0.887 -0.929 -0.927 -0.87 -0.754 -0.62 -0.488 -0.41 -0.398 -0.476 -0.591 -0.684 -0.753 -0.8 -0.81 -0.785 -0.734 -0.666 -0.62 -0.57 -0.501 -0.38 -0.27 -0.162 -0.068
-0.72 -0.783 -0.858 -0.922 -0.965 -0.99 -1.015 -1.027 -1.032 -1.035 -1.038 -1.036 -1.034 -1.064 -1.079 -1.08 -1.043 -1.025 -1.022 -1.025 -1.004 -0.985 -0.994 -1.013 -1.013 -0.996 -0.961 -0.92 -0.917 -0.936 -0.956 -0.969 -0.978 -0.983 -0.997 -1.014 -1.035 -1.032 -0.982 -0.9 -0.819 -0.74 -0.702 -0.696 -0.705 -0.699 -0.691 -0.665 -0.625 -0.677 -0.767 -0.831 -0.89 -0.911 -0.874 -0.767 -0.633 -0.495 -0.371 -0.307 -0.339 -0.46 -0.574 -0.668 -0.736 -0.769 -0.765 -0.728 -0.664 -0.613 -0.57 -0.506 -0.409 -0.278 -0.146 -0.057
-0.8 -0.863 -0.914 -0.961 -0.997 -1.004 -1.004 -0.996 -0.986 -0.977 -0.981 -0.989 -1.001 -1.036 -1.054 -1.055 -1.016 -0.989 -0.971 -0.982 -0.967 -0.94 -0.939 -0.962 -0.972 -0.967 -0.932 -0.889 -0.871 -0.888 -0.907 -0.915 -0.935 -0.949 -0.958 -0.971 -0.996 -1.014 -0.994 -0.93 -0.848 -0.769 -0.707 -0.664 -0.648 -0.627 -0.64 -0.604 -0.57 -0.575 -0.688 -0.759 -0.837 -0.881 -0.872 -0.778 -0.645 -0.506 -0.369 -0.242 -0.231 -0.326 -0.453 -0.568 -0.66 -0.717 -0.732 -0.708 -0.659 -0.613 -0.565 -0.505 -0.423 -0.306 -0.18 -0.07
-0.873 -0.908 -0.936 -0.985 -1.016 -1.005 -0.995 -0.967 -0.941 -0.924 -0.926 -0.934 -0.954 -0.995 -1.022 -1.029 -0.993 -0.954 -0.932 -0.941 -0.926 -0.899 -0.888 -0.899 -0.917 -0.925 -0.91 -0.876 -0.849 -0.85 -0.86 -0.854 -0.863 -0.893 -0.915 -0.931 -0.954 -0.984 -0.99 -0.958 -0.884 -0.8 -0.723 -0.659 -0.615 -0.577 -0.593 -0.541 -0.507 -0.507 -0.607 -0.676 -0.762 -0.838 -0.862 -0.797 -0.687 -0.556 -0.397 -0.243 -0.179 -0.21 -0.326 -0.459 -0.569 -0.65 -0.696 -0.686 -0.651 -0.605 -0.557 -0.5 -0.428 -0.331 -0.196 -0.058
-0.923 -0.926 -0.942 -1.01 -1.035 -1.033 -1.023 -0.993 -0.948 -0.908 -0.885 -0.876 -0.901 -0.946 -0.981 -0.998 -0.969 -0.926 -0.893 -0.902 -0.884 -0.863 -0.846 -0.836 -0.845 -0.872 -0.883 -0.867 -0.839 -0.83 -0.812 -0.794 -0.776 -0.805 -0.852 -0.882 -0.904 -0.938 -0.966 -0.963 -0.914 -0.834 -0.752 -0.677 -0.599 -0.57 -0.556 -0.481 -0.446 -0.419 -0.526 -0.596 -0.676 -0.782 -0.833 -0.814 -0.727 -0.587 -0.438 -0.287 -0.161 -0.134 -0.218 -0.348 -0.474 -0.575 -0.642 -0.657 -0.637 -0.592 -0.542 -0.493 -0.429 -0.345 -0.217 -0.069
-0.979 -0.975 -0.991 -1.032 -1.048 -1.056 -1.049 -1.014 -0.949 -0.886 -0.835 -0.816 -0.843 -0.889 -0.931 -0.96 -0.935 -0.894 -0.867 -0.873 -0.85 -0.816 -0.787 -0.775 -0.777 -0.811 -0.843 -0.853 -0.834 -0.819 -0.776 -0.727 -0.702 -0.704 -0.768 -0.817 -0.855 -0.89 -0.929 -0.949 -0.926 -0.861 -0.792 -0.702 -0.634 -0.595 -0.512 -0.432 -0.39 -0.316 -0.415 -0.51 -0.585 -0.708 -0.788 -0.806 -0.747 -0.622 -0.471 -0.318 -0.162 -0.09 -0.153 -0.255 -0.381 -0.497 -0.58 -0.616 -0.615 -0.578 -0.527 -0.477 -0.421 -0.35 -0.246 -0.109
-1.038 -1.034 -1.033 -1.039 -1.047 -1.057 -1.055 -1.019 -0.948 -0.875 -0.809 -0.783 -0.798 -0.837 -0.887 -0.919 -0.904 -0.863 -0.83 -0.832 -0.823 -0.783 -0.747 -0.719 -0.716 -0.73 -0.793 -0.827 -0.82 -0.797 -0.741 -0.662 -0.613 -0.601 -0.666 -0.736 -0.796 -0.844 -0.887 -0.923 -0.92 -0.881 -0.823 -0.741 -0.683 -0.589 -0.475 -0.391 -0.323 -0.225 -0.309 -0.402 -0.483 -0.615 -0.724 -0.775 -0.761 -0.662 -0.533 -0.382 -0.215 -0.103 -0.124 -0.209 -0.313 -0.423 -0.51 -0.565 -0.583 -0.557 -0.513 -0.459 -0.405 -0.342 -0.263 -0.151
-1.069 -1.05 -1.032 -1.031 -1.036 -1.047 -1.052 -1.025 -0.96 -0.882 -0.799 -0.758 -0.764 -0.783 -0.847 -0.868 -0.869 -0.846 -0.795 -0.773 -0.777 -0.76 -0.725 -0.694 -0.662 -0.663 -0.738 -0.791 -0.797 -0.771 -0.704 -0.606 -0.528 -0.504 -0.555 -0.636 -0.716 -0.778 -0.838 -0.887 -0.898 -0.879 -0.834 -0.775 -0.713 -0.609 -0.476 -0.351 -0.272 -0.142 -0.192 -0.299 -0.392 -0.503 -0.636 -0.719 -0.749 -0.694 -0.597 -0.473 -0.326 -0.188 -0.142 -0.196 -0.284 -0.377 -0.446 -0.496 -0.527 -0.521 -0.487 -0.439 -0.388 -0.336 -0.271 -0.182
-1.071 -1.04 -1.019 -1.014 -1.019 -1.027 -1.043 -1.025 -0.965 -0.88 -0.806 -0.76 -0.74 -0.733 -0.799 -0.836 -0.815 -0.802 -0.766 -0.714 -0.689 -0.702 -0.7 -0.67 -0.636 -0.619 -0.694 -0.756 -0.771 -0.74 -0.676 -0.569 -0.451 -0.41 -0.43 -0.517 -0.62 -0.7 -0.776 -0.841 -0.867 -0.864 -0.831 -0.778 -0.726 -0.634 -0.488 -0.35 -0.232 -0.098 -0.088 -0.183 -0.294 -0.383 -0.517 -0.637 -0.701 -0.705 -0.652 -0.563 -0.45 -0.327 -0.247 -0.231 -0.286 -0.36 -0.408 -0.436 -0.463 -0.47 -0.449 -0.41 -0.367 -0.332 -0.281 -0.209
-1.067 -1.027 -1.004 -1.004 -1.001 -1.006 -1.026 -1.019 -0.973 -0.898 -0.814 -0.769 -0.711 -0.688 -0.743 -0.793 -0.782 -0.747 -0.71 -0.65 -0.583 -0.594 -0.627 -0.627 -0.584 -0.571 -0.652 -0.723 -0.749 -0.717 -0.65 -0.541 -0.397 -0.319 -0.32 -0.387 -0.509 -0.611 -0.701 -0.785 -0.826 -0.839 -0.819 -0.771 -0.723 -0.64 -0.509 -0.343 -0.214 -0.122 -0.026 -0.054 -0.172 -0.269 -0.373 -0.526 -0.622 -0.669 -0.669 -0.627 -0.559 -0.476 -0.402 -0.34 -0.323 -0.358 -0.388 -0.395 -0.411 -0.416 -0.398 -0.375 -0.342 -0.317 -0.282 -0.23
-1.046 -1.013 -0.991 -0.991 -0.979 -0.976 -0.996 -1.006 -0.979 -0.904 -0.823 -0.763 -0.687 -0.652 -0.699 -0.755 -0.744 -0.698 -0.642 -0.578 -0.492 -0.478 -0.517 -0.558 -0.563 -0.553 -0.608 -0.684 -0.72 -0.702 -0.625 -0.52 -0.371 -0.247 -0.22 -0.265 -0.381 -0.509 -0.61 -0.719 -0.776 -0.804 -0.799 -0.766 -0.718 -0.637 -0.52 -0.363 -0.222 -0.125 -0.025 0.027 -0.042 -0.158 -0.227 -0.38 -0.516 -0.592 -0.635 -0.642 -0.621 -0.582 -0.532 -0.474 -0.412 -0.38 -0.376 -0.37 -0.371 -0.383 -0.363 -0.34 -0.319 -0.298 -0.274 -0.243
-1.025 -0.999 -0.977 -0.973 -0.955 -0.941 -0.957 -0.981 -0.976 -0.921 -0.838 -0.761 -0.692 -0.632 -0.661 -0.713 -0.705 -0.66 -0.591 -0.505 -0.41 -0.361 -0.382 -0.436 -0.493 -0.522 -0.544 -0.618 -0.678 -0.683 -0.613 -0.511 -0.36 -0.197 -0.129 -0.154 -0.253 -0.39 -0.515 -0.638 -0.718 -0.76 -0.767 -0.747 -0.712 -0.638 -0.525 -0.383 -0.265 -0.154 -0.05 0.026 0.061 -0.045 -0.121 -0.208 -0.361 -0.47 -0.55 -0.594 -0.61 -0.608 -0.589 -0.559 -0.506 -0.441 -0.388 -0.371 -0.367 -0.372 -0.36 -0.337 -0.306 -0.282 -0.266 -0.248
-1.001 -0.968 -0.95 -0.948 -0.933 -0.92 -0.923 -0.946 -0.958 -0.929 -0.866 -0.769 -0.683 -0.617 -0.626 -0.672 -0.675 -0.626 -0.545 -0.428 -0.34 -0.266 -0.232 -0.266 -0.363 -0.43 -0.448 -0.516 -0.617 -0.649 -0.604 -0.507 -0.362 -0.18 -0.06 -0.053 -0.135 -0.263 -0.412 -0.548 -0.651 -0.709 -0.73 -0.715 -0.692 -0.638 -0.547 -0.409 -0.297 -0.189 -0.089 -0.012 0.092 0.073 -0.037 -0.079 -0.169 -0.306 -0.416 -0.488 -0.54 -0.573 -0.579 -0.573 -0.552 -0.512 -0.461 -0.419 -0.4 -0.392 -0.379 -0.351 -0.309 -0.28 -0.265 -0.245
