data/climatemaps/RS_maps/climate_breeding_tmp_1999.asc
NCOLS 369 
NROWS 228 
XLLCORNER 479000 
YLLCORNER 73000 
CELLSIZE 1000 
NODATA_value -9 
[rows 0 to 33 of 228, columns 228 to 303 of 369]
-9 -9 -9 -9 -9 -9 -9 -9 -9 -9 -9 -9 -9 -9 -9 -9 -9 -9 -9 -9 -9 -9 -9 -9 -9 -9 -9 -9 -9 -9 -9 -9 -9 -9 -9 -9 -9 -9 -9 -9 -9 -9 -9 -9 -9 -9 -9 -9 -9 -9 -9 -9 -9 -9 -9 -9 -9 -9 -9 -9 -9 -9 -9 -9 -9 -9 -9 -9 -9 -9 -9 -9 -9 -9 -9 -9
0.786 -9 -9 -9 -9 -9 -9 -9 -9 -9 -9 -9 -9 -9 -9 -9 -9 -9 -9 -9 -9 -9 -9 -9 -9 -9 -9 -9 -9 -9 -9 -9 -9 -9 -9 -9 -9 -9 -9 -9 -9 -9 -9 -9 -9 -9 -9 -9 -9 -9 -9 -9 -9 -9 -9 -9 -9 -9 -9 -9 -9 -9 -9 -9 -9 -9 -9 -9 -9 -9 -9 -9 -9 -9 -9 -9
0.828 0.829 -9 -9 -9 -9 -9 -9 -9 -9 -9 -9 -9 -9 -9 -9 -9 -9 -9 -9 -9 -9 -9 -9 -9 -9 -9 -9 -9 -9 -9 -9 -9 -9 -9 -9 -9 -9 -9 -9 -9 -9 -9 -9 -9 -9 -9 -9 -9 -9 -9 -9 -9 -9 -9 -9 -9 -9 -9 -9 -9 -9 -9 -9 -9 -9 -9 -9 -9 -9 -9 -9 -9 -9 -9 -9
0.844 0.844 0.801 0.796 -9 -9 -9 -9 -9 -9 -9 -9 -9 -9 -9 -9 -9 -9 -9 -9 -9 -9 -9 -9 -9 -9 -9 -9 -9 -9 -9 -9 -9 -9 -9 -9 -9 -9 -9 -9 -9 -9 -9 -9 -9 -9 -9 -9 -9 -9 -9 -9 -9 -9 -9 -9 -9 -9 -9 -9 -9 -9 -9 -9 -9 -9 -9 -9 -9 -9 -9 -9 -9 -9 -9 -9
0.847 0.852 0.839 0.832 0.723 -9 -9 -9 -9 -9 -9 -9 -9 -9 -9 -9 -9 -9 -9 -9 -9 -9 -9 -9 -9 -9 -9 -9 -9 -9 -9 -9 -9 -9 -9 -9 -9 -9 -9 -9 -9 -9 -9 -9 -9 -9 -9 -9 -9 -9 -9 -9 -9 -9 -9 -9 -9 -9 -9 -9 -9 -9 -9 -9 -9 -9 -9 -9 -9 -9 -9 -9 -9 -9 -9 -9
0.856 0.846 0.824 0.84 0.826 0.739 -9 -9 -9 -9 -9 -9 -9 -9 -9 -9 -9 -9 -9 -9 -9 -9 -9 -9 -9 -9 -9 -9 -9 -9 -9 -9 -9 -9 -9 -9 -9 -9 -9 -9 -9 -9 -9 -9 -9 -9 -9 -9 -9 -9 -9 -9 -9 -9 -9 -9 -9 -9 -9 -9 -9 -9 -9 -9 -9 -9 -9 -9 -9 -9 -9 -9 -9 -9 -9 -9
0.854 0.818 0.791 0.819 0.857 0.756 0.692 -9 0.833 0.66 0.689 0.691 0.685 0.815 0.94 0.948 0.946 0.928 0.879 -9 -9 -9 -9 -9 -9 -9 -9 -9 -9 -9 -9 -9 -9 -9 -9 -9 -9 -9 -9 -9 -9 -9 -9 -9 -9 -9 -9 -9 -9 -9 -9 -9 -9 -9 -9 -9 -9 -9 -9 -9 -9 -9 -9 -9 -9 -9 -9 -9 -9 -9 -9 -9 -9 -9 -9 -9
0.837 0.811 0.813 0.854 0.871 0.811 0.776 0.81 0.815 0.682 0.662 0.684 0.614 0.659 0.834 0.938 0.948 0.948 0.939 0.877 0.822 0.809 0.811 -9 -9 -9 -9 -9 -9 -9 -9 -9 -9 -9 -9 -9 -9 -9 -9 -9 -9 -9 -9 -9 -9 -9 -9 -9 -9 -9 -9 -9 -9 -9 -9 -9 -9 -9 -9 -9 -9 -9 -9 -9 -9 -9 -9 -9 -9 -9 -9 -9 -9 -9 -9 -9
0.824 0.836 0.851 0.875 0.887 0.869 0.859 0.85 0.855 0.815 0.754 0.747 0.702 0.661 0.697 0.809 0.923 0.948 0.948 0.946 0.904 0.893 0.884 0.837 0.824 0.856 0.848 0.827 0.823 0.816 0.849 0.893 -9 -9 -9 -9 -9 -9 -9 -9 -9 -9 -9 -9 -9 -9 -9 -9 -9 -9 -9 -9 -9 -9 -9 -9 -9 -9 -9 -9 -9 -9 -9 -9 -9 -9 -9 -9 -9 -9 -9 -9 -9 -9 -9 -9
0.847 0.863 0.874 0.883 0.896 0.894 0.883 0.878 0.863 0.881 0.87 0.815 0.785 0.738 0.731 0.754 0.793 0.853 0.931 0.953 0.949 0.946 0.933 0.88 0.861 0.864 0.887 0.877 0.878 0.846 0.869 0.894 0.897 0.881 0.803 0.737 -9 -9 -9 -9 -9 -9 -9 -9 -9 -9 -9 -9 -9 -9 -9 -9 -9 -9 -9 -9 -9 -9 -9 -9 -9 -9 -9 -9 -9 -9 -9 -9 -9 -9 -9 -9 -9 -9 -9 -9
0.866 0.879 0.875 0.896 0.91 0.913 0.912 0.911 0.885 0.882 0.906 0.898 0.893 0.876 0.83 0.784 0.756 0.769 0.822 0.924 0.948 0.948 0.949 0.948 0.931 0.885 0.879 0.873 0.886 0.864 0.868 0.897 0.902 0.906 0.882 0.814 0.767 0.765 -9 -9 -9 -9 -9 -9 -9 -9 -9 -9 -9 -9 -9 -9 -9 -9 -9 -9 -9 -9 -9 -9 -9 -9 -9 -9 -9 -9 -9 -9 -9 -9 -9 -9 -9 -9 -9 -9
0.874 0.877 0.89 0.913 0.924 0.93 0.93 0.93 0.926 0.924 0.915 0.866 0.871 0.885 0.848 0.795 0.757 0.735 0.777 0.856 0.939 0.944 0.953 0.958 0.958 0.949 0.926 0.905 0.91 0.904 0.9 0.896 0.899 0.906 0.905 0.862 0.809 0.786 0.721 0.601 -9 -9 -9 -9 -9 -9 -9 -9 -9 -9 -9 -9 -9 -9 -9 -9 -9 -9 -9 -9 -9 -9 -9 -9 -9 -9 -9 -9 -9 -9 -9 -9 -9 -9 -9 -9
0.853 0.887 0.905 0.927 0.932 0.933 0.933 0.933 0.934 0.946 0.934 0.882 0.857 0.865 0.884 0.87 0.853 0.845 0.846 0.857 0.877 0.906 0.928 0.958 0.958 0.958 0.958 0.944 0.924 0.907 0.917 0.914 0.913 0.903 0.91 0.907 0.869 0.831 0.792 0.715 0.638 0.619 -9 -9 -9 -9 -9 -9 -9 -9 -9 -9 -9 -9 -9 -9 -9 -9 -9 -9 -9 -9 -9 -9 -9 -9 -9 -9 -9 -9 -9 -9 -9 -9 -9 -9
0.864 0.86 0.87 0.928 0.932 0.936 0.943 0.948 0.948 0.943 0.945 0.944 0.924 0.893 0.892 0.906 0.888 0.842 0.857 0.841 0.829 0.863 0.887 0.954 0.958 0.958 0.958 0.942 0.89 0.838 0.845 0.908 0.923 0.919 0.922 0.922 0.907 0.89 0.878 0.848 0.799 0.784 0.839 0.883 -9 -9 -9 -9 -9 -9 -9 -9 -9 -9 -9 -9 -9 -9 -9 -9 -9 -9 -9 -9 -9 -9 -9 -9 -9 -9 -9 -9 -9 -9 -9 -9
0.908 0.908 0.907 0.924 0.92 0.93 0.937 0.947 0.953 0.953 0.951 0.952 0.955 0.945 0.928 0.922 0.897 0.871 0.838 0.826 0.832 0.831 0.852 0.94 0.958 0.958 0.958 0.946 0.871 0.808 0.77 0.81 0.879 0.904 0.913 0.925 0.896 0.897 0.919 0.908 0.895 0.88 0.889 0.898 0.896 0.877 -9 -9 -9 -9 -9 -9 -9 -9 -9 -9 -9 -9 -9 -9 -9 -9 -9 -9 -9 -9 -9 -9 -9 -9 -9 -9 -9 -9 -9 -9
0.86 0.855 0.886 0.904 0.91 0.911 0.914 0.912 0.941 0.95 0.953 0.954 0.958 0.952 0.953 0.948 0.937 0.913 0.878 0.857 0.855 0.854 0.848 0.931 0.956 0.959 0.961 0.962 0.928 0.856 0.807 0.783 0.823 0.867 0.882 0.913 0.906 0.898 0.915 0.918 0.915 0.877 0.89 0.874 0.879 0.879 0.865 0.846 -9 -9 -9 -9 -9 -9 -9 -9 -9 -9 -9 -9 -9 -9 -9 -9 -9 -9 -9 -9 -9 -9 -9 -9 -9 -9 -9 -9
0.638 0.617 0.644 0.708 0.757 0.814 0.871 0.832 0.88 0.922 0.952 0.956 0.957 0.949 0.947 0.954 0.962 0.955 0.924 0.901 0.897 0.895 0.864 0.893 0.947 0.965 0.966 0.967 0.964 0.929 0.877 0.843 0.842 0.861 0.867 0.888 0.907 0.906 0.918 0.919 0.927 0.9 0.88 0.88 0.88 0.894 0.889 0.874 0.897 0.914 -9 -9 -9 -9 -9 -9 -9 -9 -9 -9 -9 -9 -9 -9 -9 -9 -9 -9 -9 -9 -9 -9 -9 -9 -9 -9
0.668 0.583 0.56 0.535 0.578 0.659 0.758 0.828 0.862 0.901 0.949 0.953 0.955 0.954 0.943 0.939 0.958 0.96 0.954 0.94 0.936 0.921 0.894 0.882 0.917 0.935 0.968 0.968 0.968 0.965 0.953 0.914 0.882 0.865 0.859 0.853 0.888 0.899 0.916 0.934 0.925 0.922 0.884 0.89 0.896 0.9 0.92 0.918 0.919 0.921 0.938 -9 -9 -9 -9 -9 -9 -9 -9 -9 -9 -9 -9 -9 -9 -9 -9 -9 -9 -9 -9 -9 -9 -9 -9 -9
0.647 0.615 0.617 0.556 0.546 0.616 0.716 0.809 0.889 0.932 0.953 0.955 0.958 0.963 0.958 0.954 0.959 0.961 0.961 0.956 0.956 0.945 0.928 0.913 0.912 0.919 0.964 0.968 0.968 0.968 0.973 0.969 0.947 0.924 0.893 0.884 0.902 0.911 0.927 0.95 0.946 0.929 0.901 0.911 0.91 0.919 0.936 0.941 0.933 0.926 0.938 0.935 0.929 -9 -9 -9 -9 -9 -9 -9 -9 -9 -9 -9 -9 -9 -9 -9 -9 -9 -9 -9 -9 -9 -9 -9
0.677 0.697 0.65 0.651 0.66 0.742 0.806 0.883 0.935 0.943 0.924 0.91 0.9 0.909 0.914 0.94 0.955 0.963 0.963 0.96 0.958 0.957 0.95 0.946 0.93 0.915 0.958 0.973 0.973 0.973 0.973 0.973 0.973 0.97 0.961 0.932 0.924 0.937 0.942 0.962 0.964 0.95 0.923 0.917 0.919 0.925 0.942 0.949 0.935 0.924 0.938 0.934 0.93 0.914 -9 -9 -9 -9 -9 -9 -9 -9 -9 -9 -9 -9 -9 -9 -9 -9 -9 -9 -9 -9 -9 -9
0.767 0.806 0.764 0.759 0.798 0.86 0.913 0.945 0.942 0.892 0.809 0.763 0.745 0.755 0.804 0.856 0.888 0.913 0.941 0.951 0.954 0.958 0.953 0.953 0.967 0.954 0.97 0.973 0.973 0.973 0.973 0.973 0.973 0.973 0.973 0.969 0.958 0.962 0.968 0.968 0.97 0.97 0.957 0.94 0.931 0.942 0.951 0.955 0.933 0.926 0.938 0.93 0.925 0.903 0.846 -9 -9 -9 -9 -9 -9 -9 -9 -9 -9 -9 -9 -9 -9 -9 -9 -9 -9 -9 -9 -9
0.901 0.894 0.88 0.87 0.909 0.924 0.919 0.896 0.855 0.775 0.656 0.595 0.586 0.6 0.678 0.755 0.793 0.811 0.841 0.895 0.935 0.948 0.953 0.953 0.973 0.973 0.973 0.973 0.973 0.973 0.973 0.973 0.973 0.973 0.973 0.973 0.972 0.97 0.97 0.971 0.973 0.973 0.973 0.968 0.96 0.958 0.963 0.963 0.941 0.928 0.941 0.932 0.919 0.885 0.831 0.785 -9 -9 -9 -9 -9 -9 -9 -9 -9 -9 -9 -9 -9 -9 -9 -9 -9 -9 -9 -9
0.903 0.92 0.927 0.93 0.905 0.812 0.772 0.756 0.746 0.692 0.581 0.545 0.533 0.581 0.614 0.67 0.713 0.741 0.756 0.803 0.851 0.886 0.911 0.931 0.951 0.956 0.971 0.973 0.973 0.973 0.973 0.973 0.973 0.973 0.973 0.973 0.973 0.974 0.975 0.978 0.974 0.973 0.973 0.972 0.97 0.968 0.968 0.968 0.959 0.938 0.943 0.931 0.907 0.891 0.853 0.824 0.83 0.867 -9 -9 -9 -9 -9 -9 -9 -9 -9 -9 -9 -9 -9 -9 -9 -9 -9 -9
0.819 0.819 0.797 0.818 0.793 0.668 0.679 0.709 0.714 0.691 0.636 0.618 0.628 0.658 0.675 0.678 0.676 0.703 0.724 0.743 0.767 0.804 0.823 0.853 0.891 0.919 0.936 0.964 0.968 0.972 0.973 0.973 0.973 0.973 0.973 0.973 0.973 0.973 0.978 0.978 0.974 0.975 0.973 0.972 0.968 0.968 0.968 0.968 0.968 0.958 0.948 0.918 0.899 0.898 0.905 0.905 0.895 0.854 0.845 -9 -9 -9 -9 -9 -9 -9 -9 -9 -9 -9 -9 -9 -9 -9 -9 -9
0.734 0.738 0.699 0.723 0.711 0.648 0.683 0.735 0.742 0.707 0.698 0.701 0.709 0.711 0.716 0.713 0.714 0.72 0.716 0.722 0.736 0.759 0.782 0.793 0.823 0.841 0.873 0.906 0.931 0.953 0.965 0.973 0.973 0.973 0.973 0.973 0.973 0.973 0.977 0.978 0.974 0.974 0.973 0.973 0.968 0.968 0.968 0.968 0.968 0.963 0.949 0.914 0.903 0.923 0.92 0.859 0.821 0.816 0.799 0.798 0.787 -9 -9 -9 -9 -9 -9 -9 -9 -9 -9 -9 -9 -9 -9 -9
0.642 0.659 0.617 0.638 0.707 0.714 0.738 0.774 0.765 0.77 0.771 0.78 0.774 0.787 0.778 0.773 0.766 0.758 0.76 0.757 0.775 0.771 0.77 0.765 0.782 0.794 0.809 0.844 0.878 0.91 0.935 0.959 0.973 0.973 0.973 0.973 0.974 0.976 0.978 0.978 0.975 0.973 0.973 0.973 0.968 0.968 0.968 0.968 0.968 0.963 0.955 0.938 0.939 0.936 0.922 0.86 0.832 0.822 0.807 0.808 0.808 0.808 -9 -9 -9 -9 -9 -9 -9 -9 -9 -9 -9 -9 -9 -9
0.725 0.678 0.611 0.645 0.765 0.762 0.793 0.808 0.821 0.83 0.832 0.869 0.872 0.866 0.849 0.821 0.811 0.804 0.807 0.81 0.808 0.792 0.769 0.751 0.743 0.752 0.768 0.8 0.831 0.865 0.899 0.931 0.961 0.969 0.973 0.976 0.977 0.978 0.978 0.978 0.978 0.977 0.974 0.973 0.968 0.968 0.968 0.968 0.968 0.963 0.96 0.948 0.944 0.939 0.935 0.911 0.858 0.843 0.828 0.825 0.823 0.824 -9 -9 -9 -9 -9 -9 -9 -9 -9 -9 -9 -9 -9 -9
0.847 0.827 0.803 0.805 0.802 0.829 0.88 0.882 0.895 0.912 0.913 0.926 0.912 0.904 0.892 0.874 0.848 0.839 0.83 0.81 0.8 0.784 0.754 0.734 0.722 0.732 0.749 0.76 0.797 0.827 0.851 0.891 0.926 0.944 0.964 0.978 0.978 0.978 0.978 0.978 0.978 0.978 0.978 0.971 0.968 0.968 0.968 0.968 0.966 0.963 0.963 0.957 0.947 0.946 0.946 0.929 0.887 0.866 0.855 0.843 0.837 0.835 0.821 -9 -9 -9 -9 -9 -9 -9 -9 -9 -9 -9 -9 -9
0.812 0.852 0.869 0.881 0.881 0.912 0.925 0.935 0.947 0.944 0.943 0.946 0.933 0.925 0.928 0.907 0.848 0.767 0.742 0.717 0.708 0.717 0.74 0.732 0.733 0.736 0.749 0.749 0.786 0.805 0.809 0.843 0.862 0.897 0.929 0.957 0.978 0.978 0.978 0.978 0.978 0.978 0.974 0.971 0.968 0.968 0.968 0.968 0.967 0.963 0.963 0.959 0.958 0.955 0.955 0.946 0.905 0.895 0.882 0.865 0.856 0.853 0.835 0.813 -9 -9 -9 -9 -9 -9 -9 -9 -9 -9 -9 -9
0.842 0.864 0.877 0.907 0.926 0.937 0.948 0.948 0.944 0.935 0.925 0.921 0.933 0.935 0.932 0.929 0.877 0.753 0.669 0.638 0.631 0.666 0.731 0.753 0.749 0.763 0.77 0.779 0.797 0.813 0.819 0.837 0.839 0.863 0.885 0.916 0.944 0.958 0.978 0.978 0.978 0.978 0.978 0.976 0.969 0.968 0.968 0.968 0.968 0.964 0.963 0.963 0.958 0.958 0.958 0.953 0.936 0.926 0.918 0.899 0.882 0.875 0.869 0.847 -9 -9 -9 -9 -9 -9 -9 -9 -9 -9 -9 -9
0.938 0.934 0.943 0.95 0.953 0.946 0.93 0.906 0.87 0.845 0.833 0.842 0.856 0.891 0.916 0.926 0.926 0.889 0.797 0.741 0.737 0.756 0.79 0.808 0.813 0.817 0.822 0.827 0.83 0.835 0.836 0.859 0.873 0.876 0.878 0.883 0.903 0.934 0.96 0.978 0.978 0.978 0.978 0.969 0.968 0.968 0.968 0.968 0.967 0.964 0.964 0.963 0.958 0.958 0.958 0.955 0.951 0.946 0.941 0.926 0.913 0.911 0.905 0.893 -9 -9 -9 -9 -9 -9 -9 -9 -9 -9 -9 -9
0.94 0.938 0.941 0.936 0.918 0.879 0.835 0.744 0.686 0.671 0.694 0.74 0.754 0.806 0.868 0.9 0.924 0.924 0.905 0.879 0.878 0.885 0.88 0.875 0.869 0.853 0.858 0.855 0.864 0.873 0.886 0.896 0.898 0.898 0.899 0.899 0.907 0.934 0.954 0.977 0.978 0.978 0.976 0.972 0.97 0.969 0.968 0.968 0.963 0.963 0.965 0.963 0.958 0.958 0.958 0.955 0.953 0.951 0.949 0.94 0.937 0.935 0.925 0.925 0.916 0.891 -9 -9 -9 -9 -9 -9 -9 -9 -9 -9
0.92 0.922 0.927 0.893 0.824 0.764 0.708 0.638 0.605 0.594 0.619 0.693 0.729 0.781 0.821 0.851 0.893 0.905 0.912 0.913 0.913 0.914 0.907 0.898 0.883 0.869 0.879 0.887 0.898 0.907 0.903 0.901 0.918 0.918 0.931 0.919 0.938 0.95 0.961 0.975 0.978 0.978 0.977 0.973 0.973 0.971 0.97 0.968 0.963 0.963 0.963 0.963 0.958 0.958 0.956 0.953 0.953 0.953 0.952 0.949 0.948 0.939 0.937 0.938 0.931 0.92 0.905 -9 -9 -9 -9 -9 -9 -9 -9 -9
0.875 0.876 0.898 0.853 0.785 0.714 0.68 0.683 0.671 0.654 0.638 0.694 0.74 0.778 0.791 0.816 0.843 0.868 0.87 0.881 0.894 0.901 0.9 0.887 0.862 0.869 0.883 0.865 0.858 0.855 0.876 0.881 0.893 0.899 0.912 0.922 0.935 0.942 0.956 0.963 0.974 0.978 0.975 0.974 0.974 0.972 0.973 0.969 0.963 0.966 0.966 0.967 0.958 0.958 0.955 0.953 0.953 0.949 0.95 0.95 0.945 0.944 0.941 0.938 0.938 0.928 0.912 0.831 0.541 -9 -9 -9 -9 -9 -9 -9
