data/climatemaps/RS_maps/climate_breeding_tmp_2003.asc
NCOLS 369 
NROWS 228 
XLLCORNER 479000 
YLLCORNER 73000 
CELLSIZE 1000 
NODATA_value -9 
[rows 0 to 33 of 228, columns 154 to 230 of 369]
-9 -9 -9 -9 -9 -9 -9 -9 -9 -9 -9 -9 -9 -9 -9 -9 -9 -9 -9 -9 -9 -9 -9 -9 -9 -9 -9 -9 -9 -9 -9 -9 -9 -9 -9 -9 0.799 0.819 0.843 0.873 0.883 0.919 0.915 0.897 0.904 0.861 0.938 0.762 0.693 0.736 0.804 0.807 0.819 0.829 0.842 0.792 0.803 0.816 0.757 0.804 0.851 0.885 0.876 0.899 0.954 1.044 1.135 1.11 1.141 1.132 1.128 1.131 -9 -9 -9 -9 -9
-9 -9 -9 -9 -9 -9 -9 -9 -9 -9 -9 -9 -9 -9 -9 -9 -9 -9 -9 -9 -9 -9 -9 -9 -9 -9 -9 -9 -9 -9 -9 -9 -9 -9 -9 0.834 0.826 0.846 0.884 0.86 0.834 0.865 0.91 0.938 0.956 1.002 1.01 0.819 0.783 0.82 0.861 0.85 0.825 0.775 0.829 0.782 0.762 0.803 0.812 0.867 0.919 0.969 0.941 0.949 0.923 1.067 1.17 1.134 1.156 1.188 1.175 1.182 1.201 1.204 1.193 -9 -9
-9 -9 -9 -9 -9 -9 -9 -9 -9 -9 -9 -9 -9 -9 -9 -9 -9 -9 -9 -9 -9 -9 -9 -9 -9 -9 -9 -9 -9 -9 -9 -9 -9 -9 -9 0.773 0.809 0.813 0.82 0.788 0.795 0.804 0.811 0.829 0.896 0.971 1.042 0.909 0.78 0.847 0.853 0.8 0.781 0.739 0.815 0.781 0.753 0.839 0.883 0.936 0.985 0.976 0.973 1.029 0.996 1.141 1.201 1.204 1.207 1.217 1.212 1.213 1.21 1.23 1.237 1.237 -9
-9 -9 -9 -9 -9 -9 -9 -9 -9 -9 -9 -9 -9 -9 -9 -9 -9 -9 -9 -9 -9 -9 -9 -9 -9 -9 -9 -9 -9 -9 -9 -9 -9 -9 0.665 0.653 0.686 0.712 0.726 0.732 0.75 0.76 0.789 0.829 0.832 0.87 0.987 0.948 0.837 0.914 0.889 0.766 0.755 0.744 0.799 0.795 0.85 0.904 0.953 0.985 1.028 0.978 1.011 1.086 1.136 1.192 1.217 1.227 1.236 1.239 1.237 1.223 1.218 1.242 1.256 1.253 1.21
-9 -9 -9 -9 -9 -9 -9 -9 -9 -9 -9 -9 -9 -9 -9 -9 -9 -9 -9 -9 -9 -9 -9 -9 -9 -9 -9 -9 -9 -9 -9 -9 -9 0.665 0.684 0.662 0.673 0.701 0.715 0.731 0.75 0.788 0.843 0.925 0.88 0.891 0.952 1.015 0.985 1.004 0.908 0.781 0.742 0.772 0.811 0.872 0.931 0.98 1.009 1.038 1.089 1.032 1.072 1.129 1.158 1.144 1.136 1.102 1.185 1.241 1.258 1.26 1.243 1.239 1.262 1.262 1.247
-9 -9 -9 -9 -9 -9 -9 -9 -9 -9 -9 -9 -9 -9 -9 -9 -9 -9 -9 -9 -9 -9 -9 -9 -9 -9 -9 -9 -9 -9 -9 -9 -9 0.716 0.736 0.724 0.722 0.757 0.767 0.781 0.781 0.823 0.856 0.934 0.97 0.957 1.01 1.023 1.051 0.973 0.779 0.779 0.795 0.807 0.86 0.912 0.98 1 1.07 1.076 1.118 1.104 1.15 1.2 1.168 1.115 1.137 1.09 1.078 1.105 1.236 1.272 1.267 1.261 1.271 1.257 1.234
-9 -9 -9 -9 -9 -9 -9 -9 -9 -9 -9 -9 -9 -9 -9 -9 -9 -9 -9 -9 -9 -9 -9 -9 -9 -9 -9 -9 -9 -9 -9 -9 0.724 0.757 0.767 0.788 0.777 0.847 0.857 0.832 0.821 0.872 0.865 0.926 0.947 1.035 1.033 1.043 1.029 0.964 0.731 0.782 0.867 0.879 0.942 0.914 0.956 1.003 1.069 1.142 1.169 1.193 1.211 1.186 1.007 0.901 1.089 1.166 1.129 1.085 1.185 1.282 1.28 1.28 1.274 1.232 1.2
-9 -9 -9 -9 -9 -9 -9 -9 -9 -9 -9 -9 -9 -9 -9 -9 -9 -9 -9 -9 -9 -9 -9 -9 -9 -9 -9 -9 -9 -9 -9 0.656 0.723 0.786 0.769 0.794 0.813 0.892 0.946 0.875 0.887 0.935 0.943 1.003 0.969 1.02 1.092 1.072 0.995 0.951 0.72 0.662 0.79 0.847 0.908 0.963 0.989 1.061 1.106 1.147 1.182 1.185 1.182 1.154 1.005 0.932 1.055 1.148 1.155 1.097 1.226 1.291 1.288 1.284 1.26 1.227 1.227
-9 -9 -9 -9 -9 -9 -9 -9 -9 -9 -9 -9 -9 -9 -9 -9 -9 -9 -9 -9 -9 -9 -9 -9 -9 -9 -9 -9 -9 -9 0.654 0.721 0.761 0.826 0.81 0.768 0.775 0.866 0.969 0.987 1.021 1.046 1.069 1.104 1.064 1.103 1.099 0.974 1.018 0.996 0.909 0.65 0.708 0.752 0.848 0.992 0.881 1.015 1.11 1.2 1.172 1.199 1.202 1.181 1.098 1.038 1.102 1.162 1.189 1.145 1.254 1.291 1.279 1.274 1.25 1.258 1.267
-9 -9 -9 -9 -9 -9 -9 -9 -9 -9 -9 -9 -9 -9 -9 -9 -9 -9 -9 -9 -9 -9 -9 -9 -9 -9 -9 -9 -9 -9 0.68 0.723 0.773 0.835 0.865 0.78 0.777 0.85 0.868 0.887 0.935 0.971 0.982 1.026 1.152 1.139 1.053 1.056 1.059 1.068 0.964 0.707 0.793 0.91 0.984 0.947 0.855 0.919 1.004 1.131 1.221 1.175 1.204 1.235 1.196 1.138 1.212 1.23 1.226 1.174 1.217 1.294 1.291 1.285 1.277 1.285 1.29
-9 -9 -9 -9 -9 -9 -9 -9 -9 -9 -9 -9 -9 -9 -9 -9 -9 -9 -9 -9 -9 -9 -9 -9 -9 -9 -9 -9 -9 0.667 0.682 0.725 0.741 0.801 0.895 0.884 0.824 0.827 0.863 0.896 0.96 0.999 1.015 1.082 1.177 1.093 1.149 1.117 1.075 1.039 0.842 0.729 0.851 0.927 1.067 1.013 0.933 0.98 1.008 1.035 1.212 1.204 1.204 1.217 1.258 1.261 1.267 1.255 1.253 1.214 1.231 1.306 1.307 1.299 1.296 1.304 1.296
-9 -9 -9 -9 -9 -9 -9 -9 -9 -9 -9 -9 -9 -9 -9 -9 -9 -9 -9 -9 -9 -9 -9 -9 -9 -9 -9 -9 0.61 0.659 0.74 0.774 0.786 0.811 0.907 0.913 0.866 0.849 0.876 0.909 0.943 1.071 1.089 1.189 1.16 1.169 1.138 1.071 0.978 0.835 0.811 0.767 0.883 0.938 1.031 1.082 1.019 1.017 1.056 1.09 1.194 1.272 1.254 1.22 1.263 1.265 1.215 1.199 1.26 1.25 1.287 1.312 1.313 1.303 1.301 1.303 1.312
-9 -9 -9 -9 -9 -9 -9 -9 -9 -9 -9 -9 -9 -9 -9 -9 -9 -9 -9 -9 -9 -9 -9 -9 -9 -9 -9 -9 0.658 0.686 0.736 0.798 0.817 0.825 0.901 0.927 0.86 0.892 0.932 0.947 0.98 1.071 1.219 1.195 1.198 1.17 1.104 1.082 0.939 0.765 0.754 0.83 0.881 0.93 0.978 1.141 1.075 1.083 1.104 1.172 1.245 1.27 1.275 1.281 1.298 1.284 1.25 1.248 1.291 1.285 1.254 1.308 1.323 1.311 1.289 1.311 1.327
-9 -9 -9 -9 -9 -9 -9 -9 -9 -9 -9 -9 -9 -9 -9 -9 -9 -9 -9 -9 -9 -9 -9 -9 -9 -9 -9 -9 0.702 0.725 0.757 0.808 0.869 0.846 0.908 0.936 0.871 0.959 1.003 0.973 1.024 1.103 1.207 1.135 1.147 1.151 1.116 1.036 0.858 0.724 0.809 0.904 0.989 1.018 1.03 1.167 1.144 1.141 1.177 1.242 1.261 1.249 1.244 1.258 1.304 1.32 1.321 1.318 1.309 1.304 1.292 1.323 1.328 1.32 1.299 1.286 1.292
-9 -9 -9 -9 -9 -9 -9 -9 -9 -9 -9 -9 -9 -9 -9 -9 -9 -9 -9 -9 -9 -9 0.536 0.622 0.815 0.748 0.709 0.775 0.765 0.789 0.82 0.858 0.92 0.905 0.956 1.012 0.927 1.059 1.006 1.02 1.117 1.153 1.215 1.139 1.086 1.14 1.128 1.075 0.991 0.84 0.869 0.974 0.983 1.048 1.081 1.164 1.202 1.213 1.267 1.282 1.251 1.254 1.261 1.246 1.258 1.313 1.337 1.338 1.326 1.315 1.341 1.321 1.328 1.336 1.343 1.341 1.334
-9 -9 -9 -9 -9 -9 -9 -9 -9 -9 -9 -9 -9 -9 -9 -9 -9 -9 0.816 0.713 0.555 0.581 0.6 0.647 0.735 0.899 0.735 0.799 0.827 0.858 0.884 0.926 0.976 0.959 1.017 1.054 0.987 1.134 1.023 1.077 1.199 1.216 1.161 1.13 1.154 1.178 1.168 1.187 1.114 0.938 0.941 1.081 1.012 1.063 1.102 1.167 1.24 1.292 1.296 1.277 1.278 1.301 1.31 1.252 1.204 1.249 1.31 1.326 1.336 1.344 1.348 1.335 1.31 1.308 1.302 1.289 1.315
-9 -9 -9 -9 -9 -9 -9 -9 -9 -9 -9 -9 -9 -9 -9 -9 -9 0.679 0.848 0.638 0.615 0.66 0.692 0.744 0.773 0.993 0.846 0.84 0.89 0.925 0.935 0.989 1.007 0.989 1.092 1.074 1.016 1.182 1.105 1.179 1.237 1.183 1.138 1.159 1.254 1.24 1.238 1.241 1.219 1.122 1.1 1.115 1.096 1.092 1.137 1.228 1.295 1.306 1.293 1.278 1.317 1.342 1.34 1.293 1.216 1.172 1.147 1.141 1.191 1.338 1.346 1.228 1.081 1.054 1.077 1.048 1.071
-9 -9 -9 -9 -9 -9 -9 -9 -9 -9 -9 -9 -9 -9 -9 0.567 0.601 0.687 0.838 0.658 0.667 0.718 0.801 0.827 0.876 0.98 1 0.929 0.922 0.987 1.007 1.022 1.02 1.079 1.143 1.07 1.055 1.156 1.223 1.266 1.209 1.164 1.196 1.264 1.311 1.293 1.289 1.278 1.279 1.265 1.261 1.248 1.241 1.225 1.202 1.267 1.339 1.332 1.303 1.319 1.363 1.379 1.362 1.343 1.332 1.301 1.259 1.28 1.262 1.277 1.357 1.292 1.102 1.129 1.111 1.018 0.994
0.662 0.689 0.657 0.575 -9 -9 -9 -9 -9 -9 -9 -9 -9 -9 0.604 0.635 0.676 0.706 0.872 0.723 0.709 0.745 0.838 0.863 0.906 0.904 1.012 1.04 1.038 1.052 1.024 1.004 1.083 1.172 1.113 1.078 1.115 1.172 1.279 1.243 1.184 1.152 1.267 1.32 1.327 1.322 1.306 1.299 1.278 1.268 1.298 1.295 1.237 1.225 1.202 1.309 1.326 1.297 1.347 1.375 1.382 1.368 1.368 1.365 1.36 1.371 1.364 1.34 1.305 1.321 1.373 1.332 1.222 1.154 1.091 1.056 1.044
0.715 0.818 0.64 0.586 0.719 0.74 0.68 0.486 -9 -9 -9 -9 0.55 0.648 0.679 0.739 0.725 0.765 0.867 0.775 0.776 0.796 0.828 0.846 0.883 0.914 0.96 1.089 1.136 1.035 0.98 1.025 1.154 1.196 1.106 1.11 1.168 1.276 1.272 1.204 1.169 1.224 1.325 1.331 1.305 1.269 1.257 1.213 1.199 1.122 1.173 1.183 1.193 1.243 1.294 1.366 1.299 1.158 1.203 1.269 1.353 1.374 1.348 1.315 1.358 1.369 1.354 1.334 1.316 1.361 1.368 1.33 1.208 1.182 1.121 1.141 1.084
0.926 0.937 0.681 0.743 0.834 0.741 0.549 0.501 0.533 -9 -9 0.545 0.553 0.637 0.699 0.778 0.768 0.876 0.848 0.829 0.833 0.845 0.891 0.922 0.943 0.977 0.955 1.106 1.171 1.031 1.003 1.062 1.195 1.25 1.152 1.167 1.213 1.331 1.259 1.203 1.241 1.307 1.346 1.329 1.301 1.212 1.121 1.043 1.056 1.106 1.101 1.137 1.22 1.302 1.361 1.347 1.299 1.239 1.182 1.161 1.273 1.362 1.32 1.312 1.344 1.362 1.339 1.252 1.273 1.307 1.337 1.353 1.313 1.212 1.213 1.253 1.208
1.073 1.052 0.807 0.924 0.762 0.587 0.45 0.536 0.601 0.6 0.608 0.566 0.602 0.674 0.701 0.782 0.862 0.908 0.852 0.901 0.889 0.864 0.907 0.917 0.972 1.085 1.053 1.173 1.168 1.051 1.08 1.111 1.216 1.292 1.228 1.247 1.311 1.316 1.234 1.192 1.282 1.345 1.348 1.337 1.323 1.265 1.139 1.064 1.068 1.1 1.13 1.186 1.269 1.33 1.368 1.388 1.349 1.309 1.215 1.171 1.253 1.343 1.331 1.311 1.339 1.331 1.341 1.359 1.319 1.267 1.292 1.335 1.361 1.35 1.355 1.345 1.327
1.172 1.162 0.969 1.037 0.751 0.509 0.444 0.519 0.582 0.645 0.61 0.611 0.668 0.727 0.765 0.841 0.949 0.899 0.926 0.957 0.944 0.88 0.93 1.002 0.985 1.045 1.154 1.264 1.196 1.105 1.175 1.134 1.254 1.311 1.268 1.331 1.36 1.258 1.186 1.275 1.338 1.351 1.348 1.336 1.257 1.281 1.173 1.14 1.161 1.178 1.217 1.276 1.317 1.334 1.402 1.391 1.385 1.363 1.324 1.248 1.241 1.302 1.317 1.312 1.315 1.313 1.349 1.363 1.278 1.12 1.157 1.254 1.299 1.325 1.365 1.371 1.375
1.214 1.242 1.15 1.043 0.823 0.62 0.504 0.525 0.599 0.658 0.638 0.663 0.73 0.789 0.844 0.939 0.974 0.943 1.002 0.994 0.932 0.97 0.988 1.02 1.124 1.07 1.139 1.327 1.228 1.222 1.243 1.262 1.331 1.335 1.32 1.386 1.336 1.196 1.235 1.35 1.364 1.348 1.334 1.309 1.124 1.129 1.177 1.228 1.229 1.229 1.249 1.309 1.324 1.363 1.42 1.404 1.391 1.374 1.374 1.32 1.288 1.283 1.287 1.292 1.294 1.303 1.349 1.363 1.287 1.132 1.111 1.145 1.156 1.206 1.283 1.27 1.243
1.205 1.279 1.266 0.949 0.682 0.649 0.621 0.651 0.639 0.679 0.642 0.686 0.761 0.854 0.922 0.967 1.029 1.032 0.976 0.957 1.044 1.027 1.147 1.052 1.191 1.128 1.176 1.351 1.378 1.382 1.386 1.386 1.396 1.359 1.38 1.381 1.294 1.251 1.247 1.367 1.346 1.328 1.334 1.195 1.155 1.123 1.14 1.174 1.184 1.249 1.266 1.251 1.336 1.371 1.411 1.406 1.394 1.375 1.373 1.368 1.37 1.33 1.313 1.297 1.298 1.298 1.332 1.358 1.335 1.27 1.21 1.154 1.076 1.109 1.195 1.191 1.147
1.192 1.299 1.286 0.963 0.617 0.642 0.681 0.725 0.769 0.782 0.689 0.723 0.8 0.907 0.996 1.077 1.103 1.068 1.008 1.078 1.156 1.118 1.214 1.157 1.213 1.284 1.262 1.325 1.423 1.44 1.378 1.411 1.414 1.408 1.409 1.345 1.321 1.32 1.347 1.365 1.359 1.319 1.254 1.167 1.151 1.193 1.225 1.202 1.193 1.206 1.214 1.26 1.35 1.391 1.416 1.41 1.414 1.395 1.387 1.378 1.386 1.362 1.352 1.335 1.303 1.293 1.3 1.342 1.351 1.325 1.299 1.258 1.152 1.095 1.102 1.112 1.07
1.172 1.276 1.274 1.068 0.669 0.644 0.724 0.782 0.803 0.86 0.833 0.794 0.825 0.906 0.963 1.084 1.078 1.106 1.164 1.234 1.246 1.259 1.302 1.381 1.432 1.427 1.323 1.417 1.442 1.44 1.429 1.378 1.354 1.376 1.394 1.388 1.377 1.376 1.367 1.356 1.268 1.181 1.194 1.265 1.25 1.255 1.26 1.255 1.268 1.285 1.278 1.276 1.346 1.415 1.437 1.418 1.428 1.404 1.391 1.388 1.384 1.364 1.373 1.363 1.336 1.296 1.281 1.299 1.322 1.309 1.334 1.331 1.293 1.254 1.189 1.137 1.057
1.177 1.23 1.333 1.174 0.795 0.686 0.737 0.799 0.822 0.871 0.891 0.938 0.97 0.951 1.009 1.095 1.162 1.192 1.248 1.276 1.293 1.363 1.432 1.447 1.403 1.442 1.421 1.44 1.416 1.446 1.463 1.435 1.294 1.246 1.351 1.35 1.346 1.31 1.26 1.216 1.115 1.14 1.092 1.209 1.204 1.246 1.281 1.318 1.351 1.353 1.338 1.292 1.341 1.428 1.448 1.418 1.405 1.401 1.42 1.435 1.42 1.39 1.405 1.395 1.337 1.311 1.296 1.284 1.279 1.259 1.292 1.318 1.331 1.312 1.316 1.289 1.257
1.278 1.229 1.344 1.245 0.913 0.741 0.792 0.824 0.872 0.908 0.906 0.966 1.032 1.014 1.055 1.178 1.205 1.255 1.292 1.346 1.415 1.444 1.446 1.419 1.349 1.407 1.443 1.403 1.352 1.361 1.451 1.46 1.396 1.287 1.285 1.263 1.222 1.139 1.071 1.113 1.144 1.138 1.163 1.206 1.216 1.273 1.339 1.391 1.382 1.359 1.349 1.34 1.377 1.443 1.461 1.437 1.414 1.416 1.455 1.45 1.426 1.415 1.425 1.43 1.415 1.408 1.39 1.347 1.294 1.254 1.26 1.276 1.295 1.288 1.283 1.316 1.328
1.333 1.273 1.364 1.244 0.943 0.803 0.803 0.845 0.895 0.969 0.954 1.026 1.099 1.133 1.144 1.207 1.278 1.332 1.375 1.421 1.425 1.418 1.401 1.371 1.372 1.43 1.449 1.386 1.297 1.24 1.381 1.454 1.445 1.399 1.315 1.251 1.159 1.145 1.144 1.246 1.247 1.224 1.317 1.331 1.354 1.374 1.395 1.401 1.382 1.36 1.354 1.355 1.437 1.463 1.468 1.454 1.41 1.395 1.381 1.395 1.377 1.372 1.375 1.398 1.428 1.446 1.426 1.437 1.428 1.398 1.332 1.28 1.294 1.29 1.311 1.332 1.341
1.405 1.397 1.395 1.27 1.015 0.866 0.842 0.901 0.975 1.048 1.063 1.115 1.153 1.209 1.245 1.269 1.326 1.383 1.369 1.382 1.308 1.261 1.299 1.298 1.376 1.43 1.458 1.426 1.328 1.201 1.297 1.378 1.449 1.435 1.356 1.19 1.179 1.246 1.32 1.374 1.289 1.28 1.388 1.407 1.415 1.417 1.417 1.412 1.398 1.319 1.306 1.322 1.453 1.476 1.469 1.43 1.378 1.346 1.296 1.358 1.366 1.354 1.342 1.348 1.349 1.405 1.433 1.438 1.446 1.443 1.44 1.429 1.415 1.408 1.416 1.405 1.408
1.352 1.393 1.417 1.318 1.16 1.001 0.979 1.042 1.079 1.152 1.17 1.203 1.231 1.28 1.307 1.351 1.386 1.376 1.255 1.232 1.19 1.155 1.193 1.26 1.327 1.383 1.436 1.458 1.419 1.262 1.286 1.277 1.387 1.439 1.421 1.323 1.33 1.383 1.413 1.402 1.39 1.367 1.429 1.432 1.434 1.385 1.313 1.313 1.393 1.395 1.308 1.288 1.378 1.405 1.416 1.392 1.382 1.359 1.287 1.303 1.363 1.348 1.31 1.299 1.292 1.312 1.366 1.367 1.387 1.414 1.425 1.433 1.431 1.429 1.428 1.41 1.409
1.354 1.375 1.424 1.372 1.303 1.255 1.249 1.253 1.215 1.221 1.272 1.309 1.323 1.352 1.371 1.414 1.405 1.308 1.266 1.236 1.258 1.21 1.156 1.235 1.256 1.317 1.414 1.453 1.426 1.357 1.347 1.262 1.269 1.328 1.294 1.345 1.349 1.374 1.36 1.358 1.407 1.417 1.431 1.381 1.391 1.424 1.392 1.33 1.362 1.278 1.37 1.342 1.265 1.246 1.347 1.366 1.309 1.3 1.266 1.25 1.35 1.335 1.304 1.311 1.305 1.294 1.347 1.36 1.336 1.362 1.398 1.408 1.407 1.407 1.407 1.393 1.394
1.357 1.394 1.426 1.411 1.381 1.388 1.404 1.402 1.37 1.34 1.366 1.387 1.395 1.381 1.285 1.375 1.317 1.19 1.247 1.314 1.293 1.234 1.152 1.2 1.237 1.307 1.431 1.428 1.401 1.361 1.368 1.28 1.175 1.246 1.234 1.228 1.302 1.295 1.234 1.311 1.303 1.341 1.335 1.242 1.337 1.391 1.365 1.406 1.38 1.299 1.338 1.406 1.189 1.09 1.206 1.299 1.273 1.233 1.218 1.277 1.337 1.353 1.342 1.328 1.296 1.298 1.327 1.358 1.374 1.375 1.376 1.386 1.388 1.371 1.362 1.352 1.37
