data/climatemaps/RS_maps/climate_winter_tmin_2004.asc
NCOLS 369 
NROWS 228 
XLLCORNER 479000 
YLLCORNER 73000 
CELLSIZE 1000 
NODATA_value -9 
[rows 102 to 135 of 228, columns 152 to 227 of 369]
0.213 0.282 0.243 0.149 0.108 0.063 0.112 0.165 0.232 0.289 0.336 0.369 0.362 0.214 -0.088 -0.167 -0.023 0.047 -0.058 -0.241 -0.281 -0.032 -0.112 -0.28 -0.34 -0.283 -0.244 -0.122 0.133 0.325 0.484 0.571 0.621 0.559 0.482 0.521 0.24 -0.194 -0.236 -0.189 0.139 0.506 0.339 -0.074 -0.342 -0.452 -0.279 -0.425 -0.529 -0.38 -0.139 -0.327 -0.556 -0.669 -0.291 0.333 0.512 0.51 0.339 -0.213 -0.654 -0.742 -0.762 -0.819 -0.863 -0.985 -1.167 -1.219 -1.004 -0.711 -0.549 -1.016 -1.037 -0.857 -0.718 -0.284
0.306 0.229 0.197 0.13 0.035 0.007 0.133 0.21 0.29 0.319 0.278 0.234 0.324 0.139 -0.173 -0.142 -0.063 -0.142 -0.164 -0.191 -0.077 -0.119 -0.31 -0.324 -0.212 -0.155 -0.09 -0.058 0.028 0.245 0.43 0.562 0.59 0.497 0.481 0.421 0.006 -0.424 -0.278 -0.034 0.258 0.483 0.34 0.041 -0.197 -0.452 -0.441 -0.54 -0.691 -0.617 -0.459 -0.556 -0.635 -0.615 -0.301 0.084 0.376 0.496 0.387 -0.007 -0.436 -0.643 -0.946 -1.053 -1.025 -1.198 -1.227 -1.063 -0.951 -0.749 -0.782 -1.037 -1.087 -1.088 -0.984 -0.44
0.302 0.226 0.183 0.147 0.063 0.104 0.197 0.261 0.256 0.184 0.057 -0.013 0.207 0.105 -0.075 -0.15 -0.257 -0.392 -0.284 -0.256 -0.195 -0.336 -0.35 -0.228 -0.27 -0.237 -0.258 -0.275 -0.105 0.245 0.456 0.583 0.55 0.488 0.443 0.299 0.051 -0.26 -0.163 -0.026 0.107 0.413 0.293 -0.145 -0.288 -0.4 -0.605 -0.785 -0.946 -0.86 -0.696 -0.494 -0.286 -0.193 -0.072 0 0.252 0.482 0.465 0.277 -0.129 -0.424 -0.793 -0.971 -1.038 -1.155 -1.151 -1.08 -0.928 -0.8 -1.1 -1.212 -1.248 -1.323 -1.12 -0.633
0.218 0.234 0.256 0.163 0.121 0.138 0.225 0.215 0.149 -0.006 -0.183 -0.149 0.185 0.083 -0.068 -0.284 -0.542 -0.412 -0.459 -0.386 -0.275 -0.387 -0.301 -0.321 -0.425 -0.351 -0.324 -0.201 0.083 0.332 0.529 0.58 0.509 0.482 0.389 0.14 -0.116 -0.293 -0.238 -0.278 -0.112 0.357 0.194 -0.36 -0.614 -0.672 -0.871 -0.965 -0.925 -0.727 -0.507 -0.172 -0.213 -0.293 -0.083 -0.184 0.224 0.472 0.464 0.329 -0.265 -0.61 -0.795 -0.861 -0.864 -0.907 -0.959 -1.143 -1.118 -1.024 -1.217 -1.377 -1.237 -1.116 -0.936 -0.756
0.122 0.089 0.218 0.253 0.219 0.201 0.227 0.142 0.003 -0.286 -0.299 -0.037 0.198 0.096 -0.132 -0.44 -0.512 -0.537 -0.609 -0.415 -0.362 -0.331 -0.379 -0.389 -0.304 -0.203 -0.117 -0.007 0.197 0.399 0.564 0.55 0.481 0.406 0.285 0 -0.361 -0.492 -0.385 -0.316 0.045 0.383 0.141 -0.229 -0.492 -0.748 -1.039 -1.032 -0.808 -0.588 -0.437 -0.192 -0.625 -0.494 -0.317 -0.304 0.177 0.453 0.455 0.354 -0.185 -0.653 -0.771 -0.621 -0.595 -0.675 -0.762 -1.034 -1.191 -1.28 -1.44 -1.473 -1.369 -1.126 -0.95 -0.976
-0.011 0.044 0.128 0.204 0.234 0.229 0.141 0.036 -0.2 -0.423 -0.254 -0.09 0.136 0.076 -0.286 -0.416 -0.495 -0.623 -0.598 -0.449 -0.362 -0.281 -0.38 -0.305 -0.152 -0.039 0.072 0.168 0.307 0.494 0.565 0.506 0.433 0.299 0.172 -0.12 -0.524 -0.679 -0.482 -0.205 0.297 0.274 -0.074 0.006 -0.218 -0.559 -0.774 -0.868 -0.84 -0.769 -0.625 -0.357 -0.775 -0.481 -0.456 -0.601 -0.14 0.36 0.442 0.429 0.255 -0.225 -0.293 -0.22 -0.244 -0.386 -0.464 -0.709 -0.821 -0.949 -1.094 -1.381 -1.562 -1.273 -1.237 -1.279
-0.082 0.004 0.088 0.19 0.189 0.208 0.045 -0.163 -0.344 -0.329 -0.22 -0.139 0.119 0.067 -0.397 -0.305 -0.379 -0.502 -0.558 -0.478 -0.374 -0.317 -0.208 -0.124 -0.003 0.115 0.202 0.278 0.443 0.555 0.534 0.444 0.372 0.228 -0.021 -0.381 -0.684 -0.703 -0.45 -0.058 0.355 0.192 -0.113 -0.053 -0.22 -0.589 -0.833 -1.114 -0.937 -0.761 -0.504 -0.534 -0.913 -0.533 -0.739 -1.106 -0.455 0.096 0.396 0.42 0.393 0.259 0.161 0.112 0.015 -0.06 -0.168 -0.378 -0.51 -0.604 -0.788 -0.939 -1.073 -1.094 -1.144 -1.251
-0.088 -0.015 0.047 0.163 0.201 0.195 0.003 -0.223 -0.242 -0.198 -0.186 -0.05 0.094 0.086 -0.183 -0.183 -0.311 -0.477 -0.552 -0.538 -0.476 -0.416 -0.143 0.036 0.166 0.275 0.354 0.452 0.538 0.557 0.499 0.374 0.303 0.023 -0.354 -0.619 -0.797 -0.822 -0.439 0.104 0.347 0.081 -0.312 -0.567 -0.554 -0.773 -1.007 -1.214 -1.093 -0.912 -0.594 -0.902 -1.388 -1.147 -1.313 -1.188 -0.505 -0.192 0.169 0.397 0.381 0.342 0.16 -0.085 -0.242 -0.406 -0.289 -0.267 -0.332 -0.406 -0.482 -0.554 -0.602 -0.693 -0.83 -1.146
-0.058 -0.074 0.038 0.124 0.21 0.081 -0.062 -0.1 -0.114 -0.176 -0.277 -0.212 -0.029 0.092 -0.066 -0.168 -0.311 -0.498 -0.438 -0.523 -0.411 -0.266 -0.084 0.127 0.317 0.432 0.506 0.55 0.553 0.511 0.391 0.187 0.133 0.057 -0.223 -0.325 -0.637 -0.809 -0.221 0.253 0.158 -0.348 -0.755 -1.096 -0.953 -1.025 -1.162 -1.434 -1.381 -1.41 -0.985 -1.152 -1.695 -1.593 -1.234 -0.639 -0.429 -0.554 -0.135 0.304 0.377 0.297 -0.025 -0.342 -0.365 -0.68 -0.758 -0.743 -0.756 -0.568 -0.33 -0.606 -0.708 -0.765 -0.949 -1.329
-0.019 -0.093 -0.018 0.085 0.171 -0.099 -0.254 -0.207 -0.162 -0.32 -0.501 -0.415 -0.057 0.005 -0.257 -0.349 -0.336 -0.521 -0.379 -0.368 -0.252 -0.058 0.066 0.264 0.467 0.525 0.552 0.547 0.473 0.355 0.139 -0.099 -0.336 -0.003 0.038 -0.289 -0.665 -0.579 -0.19 0.199 0.011 -0.425 -0.852 -1.336 -1.297 -1.248 -1.326 -1.525 -1.536 -1.636 -1.578 -1.464 -1.62 -1.71 -1.102 -0.657 -0.775 -0.673 -0.218 0.181 0.356 0.094 -0.21 -0.406 -0.528 -0.754 -1.086 -1.165 -1.233 -0.91 -0.488 -1.011 -1.181 -1.189 -1.327 -1.472
-0.065 -0.185 -0.057 0.088 0.039 -0.138 -0.296 -0.344 -0.318 -0.667 -0.606 -0.355 -0.041 -0.112 -0.472 -0.507 -0.41 -0.548 -0.387 -0.226 -0.102 0.084 0.244 0.401 0.502 0.54 0.546 0.447 0.241 0.086 -0.195 -0.461 -0.662 -0.241 0.065 -0.252 -0.613 -0.515 -0.458 0.004 0.09 -0.406 -0.789 -1.047 -0.994 -0.946 -1.191 -1.323 -1.448 -1.635 -1.629 -1.481 -1.677 -1.657 -1.13 -0.844 -0.838 -0.676 -0.371 0.067 0.334 -0.115 -0.633 -0.768 -0.781 -0.995 -1.36 -1.408 -1.129 -0.822 -0.647 -1.208 -1.502 -1.597 -1.607 -1.741
-0.157 -0.121 0.046 -0.006 -0.202 -0.187 -0.232 -0.38 -0.602 -0.751 -0.499 -0.249 -0.051 -0.183 -0.581 -0.663 -0.588 -0.528 -0.371 -0.191 -0.101 -0.053 0.21 0.46 0.508 0.529 0.403 0.15 -0.179 -0.276 -0.458 -0.768 -0.557 -0.009 -0.021 -0.403 -0.817 -0.921 -0.808 -0.325 0.018 -0.295 -0.593 -0.729 -0.486 -0.71 -1.214 -1.41 -1.581 -1.47 -1.242 -1.115 -1.416 -1.393 -1.129 -0.869 -0.885 -0.85 -0.552 -0.073 0.308 0.003 -0.726 -1.189 -1.238 -1.376 -1.442 -1.394 -1.118 -0.762 -0.773 -1.242 -1.63 -1.856 -2 -2.087
-0.02 0.058 0.016 -0.202 -0.271 -0.186 -0.246 -0.455 -0.82 -0.658 -0.407 -0.229 -0.116 -0.124 -0.308 -0.548 -0.638 -0.465 -0.315 -0.324 -0.264 -0.113 0.165 0.405 0.457 0.501 0.184 0.001 -0.395 -0.662 -0.797 -0.752 -0.364 -0.02 -0.22 -0.612 -1.031 -1.065 -0.859 -0.297 -0.049 -0.242 -0.359 -0.362 -0.265 -0.761 -1.288 -1.396 -1.568 -1.222 -0.992 -1.055 -1.25 -1.479 -1.354 -1.287 -1.198 -1.003 -0.711 -0.221 0.215 0.217 -0.406 -1.012 -1.276 -1.523 -1.445 -1.358 -1.175 -0.81 -0.995 -1.559 -1.888 -1.889 -2.036 -2.204
0.132 0.11 0.003 -0.062 -0.054 -0.103 -0.25 -0.595 -0.798 -0.561 -0.352 -0.258 -0.293 -0.202 -0.146 -0.261 -0.482 -0.513 -0.486 -0.529 -0.468 -0.4 -0.084 0.038 0.272 0.311 -0.219 -0.255 -0.211 -0.673 -0.959 -0.671 -0.476 -0.078 -0.361 -0.866 -1.172 -0.935 -0.601 -0.38 -0.178 -0.163 -0.162 -0.16 -0.239 -0.703 -1.09 -1.256 -1.516 -1.157 -0.914 -1.291 -1.581 -1.606 -1.35 -1.207 -0.865 -0.56 -0.408 -0.244 -0.049 0.257 -0.054 -0.555 -0.94 -1.305 -1.409 -1.756 -1.614 -1.425 -1.775 -1.971 -1.865 -1.591 -1.557 -1.895
-0.066 0.016 0.069 0.068 0.065 0.051 -0.096 -0.53 -0.635 -0.425 -0.285 -0.296 -0.391 -0.38 -0.29 -0.211 -0.287 -0.384 -0.488 -0.69 -0.7 -0.42 -0.319 -0.067 0.275 0.051 -0.593 -0.417 -0.18 -0.544 -0.927 -0.823 -0.484 -0.113 -0.485 -0.931 -1.268 -1.35 -0.876 -0.548 -0.457 -0.401 -0.328 -0.352 -0.264 -0.375 -0.666 -1.105 -1.216 -0.866 -0.951 -1.677 -1.832 -1.343 -1.029 -0.917 -0.851 -0.627 -0.624 -0.695 -0.42 0.095 0.192 -0.162 -0.731 -1.284 -1.638 -1.952 -1.802 -1.795 -1.778 -1.772 -1.585 -1.211 -1.51 -1.749
-0.158 -0.186 -0.139 -0.147 -0.128 -0.097 -0.06 -0.158 -0.219 -0.225 -0.314 -0.338 -0.444 -0.536 -0.459 -0.42 -0.414 -0.491 -0.537 -0.783 -0.755 -0.547 -0.404 0.131 0.277 -0.109 -0.698 -0.428 -0.364 -0.613 -0.883 -0.768 -0.308 -0.232 -0.608 -0.953 -1.243 -1.487 -1.334 -0.892 -0.757 -0.717 -0.6 -0.778 -0.626 -0.459 -0.439 -0.718 -0.734 -0.662 -1.088 -1.754 -1.743 -1.322 -1.204 -1.104 -1.288 -1.213 -1.263 -1.103 -0.757 -0.177 0.222 -0.043 -0.713 -1.482 -1.891 -1.722 -1.599 -1.495 -1.393 -1.273 -1.012 -1.23 -1.917 -2.117
-0.287 -0.39 -0.385 -0.44 -0.499 -0.483 -0.446 -0.276 -0.144 -0.288 -0.396 -0.462 -0.548 -0.729 -0.837 -0.847 -0.824 -0.871 -0.815 -0.914 -0.739 -0.55 -0.197 0.247 0.212 -0.156 -0.692 -0.487 -0.634 -0.812 -0.924 -0.818 -0.466 -0.558 -0.818 -1.171 -1.312 -1.394 -1.406 -1.302 -1.104 -0.94 -0.937 -1.221 -1.153 -1.064 -0.576 -0.594 -0.753 -1.015 -1.444 -1.887 -1.891 -1.718 -1.7 -1.647 -1.707 -1.515 -1.275 -1.292 -1.002 -0.525 0.096 0.003 -0.64 -1.335 -1.527 -1.362 -1.391 -1.221 -1.011 -0.802 -0.931 -1.543 -2.1 -2.031
-0.386 -0.717 -0.771 -0.877 -0.833 -0.682 -0.454 -0.222 -0.254 -0.426 -0.562 -0.731 -0.788 -0.796 -0.939 -0.953 -0.821 -0.834 -0.868 -0.855 -0.611 -0.311 0.085 0.291 0.121 -0.302 -0.674 -0.533 -0.712 -1.022 -1.039 -0.852 -0.809 -0.967 -1.046 -1.206 -1.157 -1.105 -1.157 -1.323 -1.317 -1.207 -1.199 -1.494 -1.742 -1.502 -1.05 -1.11 -1.229 -1.622 -1.9 -2.034 -2.051 -1.908 -1.854 -1.919 -1.697 -1.49 -1.25 -1.084 -1.045 -0.573 0.09 -0.017 -0.57 -0.996 -0.88 -0.841 -0.877 -0.728 -0.647 -0.866 -1.185 -1.507 -1.943 -1.882
-0.563 -0.772 -0.699 -0.799 -0.662 -0.529 -0.386 -0.247 -0.406 -0.634 -0.799 -0.825 -0.659 -0.438 -0.487 -0.494 -0.404 -0.419 -0.447 -0.706 -0.615 -0.2 0.077 0.164 -0.11 -0.55 -0.83 -0.747 -0.69 -1.099 -1.128 -0.967 -0.965 -1.04 -1.086 -1.081 -0.915 -0.908 -1.026 -1.131 -1.283 -1.482 -1.622 -1.716 -1.968 -1.733 -1.632 -1.725 -1.701 -1.773 -1.762 -1.762 -1.931 -1.811 -1.521 -1.76 -1.752 -1.452 -1.305 -0.942 -0.681 -0.392 0.093 0 -0.17 -0.333 -0.395 -0.488 -0.576 -0.698 -1.029 -1.514 -1.64 -1.524 -1.943 -1.975
-0.563 -0.576 -0.599 -0.676 -0.566 -0.473 -0.428 -0.34 -0.607 -0.759 -0.62 -0.371 -0.137 -0.017 0.007 0.005 0.011 -0.048 -0.03 -0.35 -0.507 -0.242 -0.048 -0.031 -0.304 -0.579 -0.773 -0.822 -0.847 -1.048 -1.18 -1.25 -1.085 -1.08 -1.12 -0.889 -0.738 -0.956 -1.178 -1.474 -1.643 -1.638 -1.482 -1.338 -1.579 -1.74 -1.783 -1.758 -1.764 -1.457 -1.246 -1.57 -1.881 -1.789 -1.267 -1.527 -1.545 -1.232 -0.963 -0.742 -0.372 -0.042 -0.013 -0.455 -0.636 -0.405 -0.509 -0.717 -0.902 -1.249 -1.584 -1.96 -1.762 -1.65 -2.099 -1.901
-0.526 -0.447 -0.634 -0.666 -0.572 -0.529 -0.448 -0.581 -0.686 -0.482 -0.071 0.201 0.336 0.37 0.349 0.331 0.298 0.258 0.262 0.121 -0.13 -0.103 -0.01 -0.118 -0.183 -0.312 -0.505 -0.663 -0.819 -0.944 -0.954 -1.183 -1.356 -1.183 -0.926 -0.637 -0.937 -1.331 -1.453 -1.465 -1.361 -1.032 -0.924 -1.17 -1.618 -1.918 -1.571 -1.401 -1.493 -1.405 -1.051 -1.526 -1.55 -1.828 -1.298 -1.029 -1.164 -1.349 -1.089 -0.662 -0.193 -0.108 -0.486 -1.031 -1.273 -0.864 -0.713 -1.062 -1.305 -1.683 -2.072 -2.096 -1.69 -1.79 -1.949 -1.773
-0.419 -0.397 -0.632 -0.663 -0.6 -0.629 -0.696 -0.632 -0.33 0.068 0.348 0.45 0.468 0.473 0.462 0.452 0.41 0.391 0.393 0.372 0.274 0.255 0.236 0.171 0.043 -0.044 -0.244 -0.414 -0.556 -0.768 -0.929 -1.122 -1.263 -0.832 -0.518 -0.828 -1.144 -1.086 -0.844 -0.733 -0.737 -0.834 -1.15 -1.506 -1.718 -1.806 -1.558 -1.107 -1.014 -1.092 -0.98 -1.146 -1.231 -1.443 -1.498 -1.375 -1.011 -1.049 -0.932 -0.398 -0.114 -0.371 -0.949 -1.621 -1.638 -1.122 -0.739 -1.263 -1.607 -1.85 -2.293 -2.205 -1.865 -1.953 -1.951 -1.862
-0.345 -0.273 -0.449 -0.545 -0.575 -0.778 -0.74 -0.261 0.166 0.403 0.462 0.469 0.473 0.445 0.361 0.338 0.398 0.41 0.414 0.422 0.418 0.391 0.396 0.399 0.333 0.139 -0.076 -0.174 -0.413 -0.729 -1.024 -1.149 -0.818 -0.443 -0.675 -0.98 -0.866 -0.519 -0.354 -0.381 -0.45 -0.706 -0.951 -1.285 -1.368 -1.535 -1.336 -1.168 -1.303 -1.112 -0.968 -0.834 -0.859 -0.968 -1.17 -1.394 -1.264 -0.829 -0.725 -0.227 -0.274 -0.583 -1.226 -1.876 -1.85 -1.332 -0.935 -1.411 -1.894 -1.857 -2.049 -2.185 -2.029 -1.954 -1.9 -1.811
-0.341 -0.164 -0.273 -0.393 -0.591 -0.686 -0.302 0.197 0.417 0.46 0.464 0.459 0.335 0.097 -0.08 -0.15 -0.114 -0.05 -0.141 -0.062 -0.01 0.009 0.064 0.329 0.412 0.393 0.268 0.009 -0.204 -0.526 -0.872 -0.796 -0.409 -0.525 -0.584 -0.416 -0.425 -0.346 -0.694 -0.925 -0.96 -0.92 -0.983 -1.114 -1.123 -1.336 -1.418 -1.424 -1.819 -1.66 -1.486 -1.158 -0.956 -0.708 -0.715 -0.878 -1.164 -0.924 -0.386 -0.221 -0.816 -0.819 -1.248 -1.721 -1.863 -1.56 -1.275 -1.384 -1.761 -1.594 -1.858 -2.143 -1.916 -1.711 -1.62 -1.515
-0.177 -0.065 -0.327 -0.554 -0.51 -0.193 0.221 0.425 0.456 0.457 0.429 0.235 -0.189 -0.253 -0.405 -0.531 -0.517 -0.727 -0.879 -0.58 -0.534 -0.515 -0.443 -0.193 0.143 0.318 0.365 0.293 0.081 -0.293 -0.359 -0.271 -0.183 -0.144 -0.095 -0.128 -0.249 -0.627 -1.17 -1.437 -1.525 -1.489 -1.4 -1.393 -1.253 -1.475 -1.782 -1.652 -2.042 -2.136 -1.82 -1.656 -1.349 -0.925 -0.778 -0.645 -0.695 -0.671 -0.217 -0.562 -1.264 -0.956 -1.379 -1.765 -1.843 -1.68 -1.519 -1.537 -1.781 -1.477 -1.814 -1.974 -1.78 -1.528 -1.277 -1.149
0.009 -0.25 -0.452 -0.154 0.067 0.283 0.431 0.451 0.455 0.397 0.101 -0.263 -0.542 -0.352 -0.677 -0.872 -0.969 -0.923 -0.849 -0.819 -1.092 -0.854 -0.91 -0.756 -0.408 -0.065 0.128 0.202 0.266 0.142 0.086 -0.005 -0.102 -0.292 -0.522 -0.6 -0.572 -0.745 -1.322 -1.592 -1.762 -1.867 -1.646 -1.471 -1.518 -1.662 -2.177 -1.858 -1.911 -2.222 -2.027 -1.762 -1.485 -1.281 -1.339 -1.082 -0.664 -0.33 -0.269 -0.888 -1.494 -1.074 -1.417 -1.693 -1.95 -1.936 -1.787 -1.643 -1.755 -1.473 -1.578 -1.756 -1.546 -1.334 -1.068 -0.822
-0.11 -0.402 0 0.292 0.401 0.431 0.436 0.409 0.27 0.023 -0.489 -0.8 -0.772 -0.66 -0.822 -1.147 -1.182 -1.209 -1.279 -1.346 -1.121 -1.07 -1.166 -0.839 -0.493 -0.327 -0.383 -0.171 0.147 0.312 0.091 -0.415 -0.701 -0.933 -1.082 -1.264 -1.133 -0.728 -1.013 -1.288 -1.548 -1.863 -1.902 -1.913 -1.921 -1.986 -2.391 -1.915 -1.573 -1.946 -2.087 -1.88 -1.841 -1.674 -1.524 -1.187 -0.718 -0.241 -0.576 -1.194 -1.694 -1.322 -1.339 -1.816 -2.131 -2.001 -1.971 -1.534 -1.529 -1.456 -1.228 -1.422 -1.37 -1.097 -0.881 -0.658
-0.082 0.108 0.35 0.396 0.422 0.422 0.391 0.108 -0.245 -0.363 -0.836 -1.058 -0.927 -0.837 -0.89 -1.339 -1.545 -1.694 -1.613 -1.388 -1.274 -1.238 -1.072 -0.792 -0.455 -0.607 -0.808 -0.647 -0.108 0.133 0.09 -0.643 -1.148 -1.312 -1.454 -1.672 -1.519 -1.176 -0.998 -0.962 -1.449 -1.91 -2.216 -2.249 -2.186 -2.232 -2.394 -1.975 -1.496 -1.511 -1.829 -2.057 -2.055 -1.69 -1.42 -1.198 -0.675 -0.316 -0.886 -1.451 -1.865 -1.516 -1.442 -1.972 -2.14 -1.807 -1.835 -1.562 -1.24 -1.212 -0.944 -1.045 -1.075 -1.108 -0.858 -0.623
0.357 0.387 0.401 0.397 0.362 0.266 0.079 -0.394 -0.836 -0.943 -1.063 -1.148 -1.065 -1.071 -1.004 -1.267 -1.574 -1.707 -1.46 -1.248 -1.077 -0.924 -0.74 -0.511 -0.566 -1.03 -1.064 -0.234 -0.01 -0.281 0.052 -0.296 -0.841 -1.12 -1.312 -1.594 -1.71 -1.54 -1.244 -0.999 -1.485 -2.011 -2.245 -2.071 -2.016 -2.057 -2.198 -2.07 -1.724 -1.457 -1.335 -1.715 -1.887 -1.528 -1.364 -1.246 -0.738 -0.373 -1.071 -1.593 -1.938 -1.747 -1.596 -1.961 -1.819 -1.768 -1.376 -1.342 -1.002 -0.832 -0.74 -0.71 -0.677 -0.675 -0.64 -0.689
0.345 0.363 0.383 0.306 0.135 -0.114 -0.459 -0.822 -1.215 -1.185 -1.246 -1.374 -1.45 -1.446 -1.305 -1.414 -1.47 -1.473 -1.307 -1.106 -0.97 -0.713 -0.64 -0.653 -0.813 -1.406 -0.977 0.07 -0.287 -0.81 -0.268 -0.046 -0.262 -0.738 -0.955 -1.299 -1.662 -1.829 -1.594 -1.385 -1.611 -1.979 -2.268 -1.959 -1.622 -1.615 -1.894 -2.053 -1.986 -1.634 -1.211 -1.168 -1.363 -1.205 -1.008 -0.832 -0.565 -0.401 -0.942 -1.363 -1.818 -1.868 -1.755 -1.763 -1.491 -1.592 -1.233 -1.036 -0.848 -0.757 -0.92 -0.816 -0.868 -0.873 -0.986 -0.985
0.205 0.363 0.282 -0.029 -0.283 -0.479 -0.903 -1.075 -1.242 -1.393 -1.431 -1.459 -1.558 -1.427 -1.376 -1.379 -1.245 -1.159 -1.105 -0.987 -0.793 -0.707 -1.065 -1.161 -1.032 -1.467 -0.891 -0.014 -0.618 -1.233 -0.679 -0.284 -0.1 -0.307 -0.526 -1.011 -1.504 -1.924 -1.924 -1.861 -1.799 -1.949 -2.247 -2.169 -1.637 -1.362 -1.41 -1.738 -1.869 -1.673 -1.437 -1.204 -0.87 -0.704 -0.583 -0.626 -0.566 -0.729 -1.159 -1.536 -1.67 -1.548 -1.464 -1.436 -1.414 -1.322 -1.139 -0.925 -0.925 -1.164 -1.171 -0.962 -1.24 -1.086 -1.294 -1.226
0.077 0.282 0.141 -0.393 -0.73 -0.892 -0.889 -0.931 -1.102 -1.247 -1.244 -1.143 -1.309 -1.27 -1.213 -1.078 -1.014 -0.873 -0.87 -0.966 -0.909 -1.063 -1.646 -1.615 -1.468 -1.369 -0.859 -0.235 -0.867 -1.567 -1.209 -0.85 -0.368 -0.171 -0.214 -0.698 -1.216 -1.815 -2.1 -2.204 -2.012 -2.054 -2.373 -2.477 -2.048 -1.626 -1.279 -1.227 -1.423 -1.331 -1.118 -0.907 -0.786 -0.877 -1.002 -1.191 -0.753 -1.1 -1.453 -1.519 -1.327 -1.398 -1.617 -1.4 -1.315 -1.07 -0.952 -1.163 -1.342 -1.536 -1.171 -1.176 -1.507 -1.29 -1.593 -1.408
-0.13 0.068 0.201 -0.268 -0.756 -0.736 -0.552 -0.602 -0.675 -0.682 -0.814 -0.835 -0.888 -0.826 -0.976 -0.791 -0.696 -0.626 -0.694 -1.063 -1.68 -1.763 -2.014 -1.941 -1.881 -1.452 -0.982 -0.479 -0.819 -1.42 -1.62 -1.193 -0.814 -0.62 -0.33 -0.538 -1.328 -1.797 -1.889 -2.307 -2.155 -2.153 -2.4 -2.556 -2.386 -1.907 -1.581 -1.234 -1.003 -0.995 -0.957 -1.064 -1.258 -1.449 -1.551 -1.357 -0.888 -0.909 -1.175 -1.194 -1.366 -1.695 -1.839 -1.453 -1.158 -1.208 -1.183 -1.596 -1.669 -1.584 -1.189 -1.425 -1.693 -1.548 -1.725 -1.428
-0.529 -0.381 0.03 0.052 -0.226 -0.156 -0.066 -0.053 -0.102 -0.127 -0.242 -0.402 -0.424 -0.466 -0.64 -0.512 -0.423 -0.42 -0.664 -1.507 -2.311 -2.406 -2.303 -2.155 -2.058 -1.616 -1.28 -0.947 -0.946 -1.071 -1.455 -1.738 -1.483 -1.183 -0.644 -0.527 -1.31 -1.638 -1.706 -2.242 -2.334 -2.207 -2.271 -2.505 -2.392 -1.942 -1.454 -1.304 -1.478 -1.36 -1.543 -1.704 -1.786 -1.759 -1.451 -1.056 -0.722 -0.717 -0.884 -1.081 -1.401 -1.813 -1.849 -1.596 -1.443 -1.546 -1.242 -1.771 -1.828 -1.518 -1.264 -1.614 -1.814 -1.76 -1.57 -1.162
