data/climatemaps/RS_maps/climate_breeding_tmp_2006.asc
NCOLS 369 
NROWS 228 
XLLCORNER 479000 
YLLCORNER 73000 
CELLSIZE 1000 
NODATA_value -9 
[rows 136 to 169 of 228, columns 231 to 307 of 369]
-1.603 -1.711 -1.932 -1.924 -1.569 -1.661 -1.65 -1.642 -1.461 -1.111 -1.149 -1.4 -1.127 -1.031 -1.083 -0.564 -0.498 -1.081 -1.611 -1.613 -1.198 -0.793 -0.239 0.129 -0.343 -0.89 -1.34 -1.457 -1.196 -0.808 -0.432 -0.686 -1.521 -1.57 -1.257 -1.081 -0.895 -0.738 -0.663 -0.437 -0.154 0.307 0.641 0.356 -0.414 -1.07 -1.17 -1.279 -1.29 -1.039 -0.802 -0.407 -0.022 0.246 0.432 0.052 -0.489 -0.789 -1.344 -1.503 -1.504 -1.452 -1.255 -1.679 -1.391 -1.181 -0.743 -0.202 -0.685 -0.89 -1.041 -1.269 -1.438 -1.353 -1.445 -1.832 -1.73
-1.914 -1.977 -2.003 -1.574 -1.207 -1.346 -1.317 -1.28 -1.171 -1.131 -1.309 -1.523 -1.166 -0.927 -0.774 -0.452 -0.807 -1.557 -1.669 -1.273 -0.896 -0.434 0.019 0.018 -0.538 -0.939 -0.985 -1.238 -1.176 -0.842 -0.509 -0.573 -1.269 -1.516 -1.302 -1.116 -1.007 -0.843 -0.808 -0.684 -0.307 0.385 0.632 0.162 -0.476 -0.868 -1.199 -1.568 -1.259 -0.865 -0.565 -0.364 -0.144 0.087 0.377 0.232 -0.176 -0.716 -1.109 -1.145 -1.367 -1.479 -1.449 -1.821 -1.588 -1.373 -0.904 -0.37 -0.793 -1.078 -1.224 -1.376 -1.595 -1.722 -1.649 -1.623 -1.459
-1.739 -1.832 -1.804 -1.305 -0.852 -1.304 -1.528 -1.509 -1.293 -1.102 -1.516 -1.65 -1.663 -1.162 -0.636 -0.7 -1.189 -1.618 -1.381 -1.046 -0.609 -0.257 -0.196 -0.312 -0.445 -1.019 -1.044 -1.343 -1.215 -0.942 -0.638 -0.582 -1.221 -1.511 -1.378 -1.265 -1.167 -1.131 -1.031 -0.744 -0.298 0.364 0.558 -0.057 -0.762 -0.969 -1.07 -1.469 -1.182 -0.726 -0.745 -0.638 -0.366 -0.023 0.283 0.342 0.047 -0.546 -0.734 -0.744 -1.179 -1.207 -1.31 -1.674 -1.566 -1.207 -0.919 -0.532 -0.539 -0.71 -1.001 -1.314 -1.599 -1.525 -1.32 -1.172 -1.089
-1.166 -1.324 -1.545 -1.367 -0.686 -1.038 -1.392 -1.179 -0.974 -1.017 -1.171 -1.516 -1.709 -1.325 -1.09 -1.038 -1.52 -1.615 -1.266 -0.801 -0.456 -0.466 -0.724 -0.697 -0.36 -0.846 -1.272 -1.394 -1.184 -0.898 -0.805 -1.021 -1.46 -1.569 -1.287 -1.089 -0.946 -0.96 -0.833 -0.7 -0.398 0.209 0.316 -0.283 -0.959 -1.26 -1.255 -1.371 -1.129 -0.956 -1.089 -0.893 -0.513 -0.081 0.064 0.166 0.285 -0.16 -0.364 -0.412 -0.708 -0.863 -1.128 -1.686 -1.572 -1.231 -1.026 -0.789 -0.882 -0.729 -0.801 -0.935 -1.154 -1.176 -1.168 -1.174 -1.215
-1.1 -1.399 -1.562 -1.036 -0.372 -0.533 -0.995 -0.814 -0.698 -0.638 -0.819 -1.167 -1.688 -1.663 -1.353 -1.355 -1.695 -1.353 -0.89 -0.523 -0.653 -0.9 -1.108 -0.919 -0.435 -0.719 -1.366 -1.47 -1.268 -1.064 -1.133 -1.291 -1.426 -1.484 -1.371 -0.974 -0.618 -0.511 -0.503 -0.664 -0.477 0.152 0.309 -0.247 -0.737 -0.854 -1.11 -1.361 -1.198 -1.211 -1.225 -0.877 -0.474 -0.184 -0.343 -0.244 0.155 0.142 -0.19 -0.503 -0.792 -1.024 -1.022 -1.34 -1.65 -1.472 -1.163 -0.997 -1.334 -1.192 -1.054 -1.08 -1.252 -1.335 -1.374 -1.42 -1.558
-1.345 -1.296 -1.351 -0.924 -0.245 -0.243 -0.83 -0.591 -0.422 -0.592 -0.91 -1.309 -1.641 -1.646 -1.352 -1.341 -1.355 -0.887 -0.642 -0.667 -1.053 -1.243 -1.285 -0.911 -0.547 -0.836 -1.248 -1.536 -1.396 -1.271 -1.182 -1.096 -0.995 -1.139 -1.244 -0.736 -0.291 0 0.026 -0.063 -0.156 0.099 -0.011 0.08 -0.488 -0.992 -1.16 -1.309 -1.404 -1.287 -1.029 -0.742 -0.439 -0.436 -0.763 -0.603 -0.159 0.056 -0.277 -0.694 -0.911 -1.198 -1.149 -1.093 -1.597 -1.588 -1.339 -1.406 -1.593 -1.451 -1.149 -0.934 -0.837 -0.698 -0.619 -0.725 -0.928
-1.144 -0.834 -0.752 -0.7 -0.088 0.047 -0.497 -0.406 -0.283 -0.721 -1.243 -1.623 -1.518 -1.095 -0.914 -0.824 -0.799 -0.646 -0.964 -1.09 -1.278 -1.413 -1.177 -0.747 -0.854 -1.252 -1.366 -1.333 -1.204 -1.191 -1.264 -1.064 -0.867 -0.56 -0.55 -0.191 0.039 0.028 -0.194 -0.067 -0.18 -0.366 -0.25 0.05 -0.44 -0.933 -1.291 -1.393 -1.428 -1.155 -0.873 -0.585 -0.513 -0.888 -1.082 -0.698 -0.271 0.026 -0.354 -0.816 -1.128 -1.421 -1.498 -1.228 -1.464 -1.782 -1.687 -1.653 -1.412 -1.088 -0.949 -1.154 -1.345 -1.165 -0.713 -0.59 -0.428
-0.799 -0.472 -0.223 -0.216 0.092 0.144 -0.222 -0.412 -0.672 -0.76 -1.225 -1.697 -1.374 -0.905 -1.11 -0.992 -0.789 -0.737 -1.334 -1.454 -1.409 -1.209 -0.907 -0.927 -1.181 -1.36 -1.167 -0.928 -0.778 -0.832 -0.893 -0.669 -0.446 -0.275 -0.012 -0.056 -0.246 -0.533 -0.747 -0.377 -0.677 -0.715 -0.207 0.058 -0.448 -0.806 -1.082 -1.26 -1.272 -0.997 -0.801 -0.619 -0.656 -1.274 -1.167 -0.823 -0.351 -0.004 -0.509 -0.973 -1.178 -1.467 -1.944 -1.767 -1.76 -1.801 -1.618 -1.225 -1.036 -1.072 -1.336 -1.658 -1.642 -1.4 -1.09 -0.917 -0.589
-0.74 -0.537 -0.345 -0.258 0.075 -0.021 -0.388 -0.638 -1.044 -1.134 -1.175 -1.648 -1.228 -1.069 -1.468 -1.299 -1.097 -0.76 -1.393 -1.741 -1.526 -1.25 -1.247 -1.115 -0.965 -1.002 -0.851 -0.5 -0.338 -0.322 -0.294 -0.113 -0.028 -0.054 -0.108 -0.41 -0.717 -0.976 -0.972 -0.509 -1.036 -0.927 -0.338 -0.125 -0.794 -0.973 -1.151 -1.165 -1.15 -0.881 -1.028 -0.855 -0.736 -1.483 -1.412 -1.142 -0.575 -0.092 -0.526 -0.83 -1.053 -1.373 -1.863 -2.008 -1.777 -1.806 -1.358 -1.111 -1.319 -1.315 -1.688 -1.674 -1.635 -1.435 -1.152 -0.572 -0.327
-0.723 -0.533 -0.402 -0.439 0.026 0.176 -0.25 -0.573 -1.014 -1.441 -1.467 -1.744 -1.158 -1.262 -1.677 -1.519 -1.203 -0.824 -1.434 -1.775 -1.545 -1.615 -1.393 -0.981 -0.584 -0.498 -0.353 -0.162 -0.105 -0.08 -0.168 -0.359 -0.511 -0.581 -0.392 -0.608 -0.937 -1.223 -0.966 -0.634 -1.269 -1.106 -0.31 -0.235 -1.039 -1.393 -1.442 -1.299 -1.163 -1.016 -1.242 -0.891 -0.992 -1.631 -1.451 -1.071 -0.562 -0.107 -0.443 -0.633 -0.98 -1.417 -1.679 -1.964 -1.713 -1.451 -1.22 -1.448 -1.573 -1.401 -1.773 -1.592 -1.5 -1.365 -0.998 -0.447 -0.262
-0.455 -0.252 0.006 0.17 0.377 0.587 -0.138 -0.785 -0.708 -1.239 -1.674 -1.775 -1.079 -1.46 -1.752 -1.436 -0.989 -1.04 -1.441 -1.791 -1.582 -1.405 -1.014 -0.514 -0.204 -0.241 -0.416 -0.683 -0.365 -0.527 -1.085 -1.217 -0.891 -0.723 -0.527 -0.618 -1.106 -1.336 -0.959 -0.958 -1.389 -1.052 -0.292 -0.149 -0.716 -1.256 -1.338 -1.371 -1.261 -1.22 -1.207 -0.934 -1.471 -1.505 -1.149 -0.849 -0.378 -0.113 -0.279 -0.571 -0.833 -1.2 -1.503 -2.03 -1.747 -1.59 -1.422 -1.754 -1.628 -1.605 -1.684 -1.403 -1.233 -1.048 -0.709 -0.359 -0.27
-0.164 -0.022 0.198 0.384 0.602 0.654 -0.013 -0.878 -0.702 -0.851 -1.415 -1.759 -1.182 -1.638 -1.992 -1.465 -1.137 -1.28 -1.621 -1.394 -1.018 -0.56 -0.293 -0.215 -0.439 -0.828 -0.741 -1.142 -0.716 -0.625 -1.453 -1.256 -0.929 -0.825 -0.667 -0.587 -1.197 -1.521 -1.189 -1.381 -1.36 -0.901 -0.444 -0.229 -0.266 -0.597 -0.787 -1.032 -1.164 -1.248 -1.229 -1.312 -1.539 -1.208 -0.825 -0.6 -0.635 -0.291 -0.317 -0.625 -0.838 -1.121 -1.416 -1.844 -1.803 -1.919 -1.64 -1.753 -1.569 -1.622 -1.642 -1.42 -1.164 -0.926 -0.581 -0.331 -0.327
-0.158 -0.164 -0.168 -0.002 0.445 0.695 0.155 -0.75 -0.901 -0.704 -1.372 -1.804 -1.359 -1.727 -2.177 -1.726 -1.574 -1.569 -1.53 -1.097 -0.429 -0.436 -0.645 -0.565 -0.812 -1.176 -1.162 -1.422 -1.05 -0.565 -1.177 -1.269 -1.098 -1.099 -0.823 -0.755 -1.267 -1.596 -1.528 -1.518 -1.144 -0.671 -0.754 -0.782 -0.324 -0.283 -0.631 -0.932 -1.087 -1.192 -1.372 -1.403 -1.139 -0.873 -0.649 -0.901 -0.885 -0.539 -0.235 -0.617 -0.944 -1.146 -1.383 -1.66 -1.646 -1.787 -1.687 -1.753 -1.553 -1.378 -1.436 -1.314 -1.017 -0.7 -0.43 -0.373 -0.408
-0.682 -0.673 -0.586 -0.252 0.303 0.826 0.357 -0.287 -0.759 -0.7 -1.363 -1.891 -1.847 -1.819 -1.639 -1.422 -1.32 -1.365 -1.168 -0.602 -0.744 -1.032 -0.854 -0.669 -0.898 -1.375 -1.304 -1.266 -1.106 -0.651 -1.1 -1.579 -1.382 -1.332 -0.939 -0.885 -1.114 -1.323 -1.43 -1.206 -0.859 -0.682 -1.158 -1.107 -0.462 -0.385 -0.599 -1.165 -1.34 -1.437 -1.42 -1.226 -1.15 -1.139 -0.957 -1.034 -1.191 -0.798 -0.331 -0.434 -0.841 -1.071 -1.35 -1.475 -1.488 -1.618 -1.502 -1.709 -1.751 -1.311 -1.122 -0.96 -0.732 -0.52 -0.373 -0.458 -0.581
-0.94 -0.731 -0.51 -0.138 0.368 0.889 0.687 0.273 0.016 -0.496 -1.249 -1.658 -2.158 -1.798 -1.314 -1.345 -1.228 -0.904 -0.778 -0.977 -1.453 -1.25 -0.848 -0.713 -0.863 -1.102 -1.053 -1.226 -1.235 -0.79 -1.294 -1.714 -1.356 -1.122 -0.762 -0.638 -0.698 -0.926 -1.258 -1.092 -0.802 -0.961 -1.406 -1.059 -0.485 -0.554 -0.317 -0.875 -1.178 -1.358 -1.634 -1.611 -1.746 -1.757 -1.173 -1.334 -1.263 -0.886 -0.43 -0.417 -0.851 -1.263 -1.447 -1.381 -1.252 -1.465 -1.346 -1.54 -1.625 -1.551 -1.095 -0.66 -0.486 -0.418 -0.551 -0.853 -1.036
-0.843 -0.423 -0.088 0.235 0.639 0.944 0.762 -0.01 -0.133 -0.34 -0.934 -1.309 -1.661 -1.832 -1.75 -1.724 -1.528 -1.339 -1.376 -1.533 -1.382 -1.012 -0.7 -0.627 -0.626 -0.827 -1.224 -1.508 -1.191 -0.816 -1.391 -1.55 -1.091 -0.871 -0.725 -0.65 -0.478 -0.735 -1.011 -1.059 -0.935 -1.314 -1.57 -1.069 -0.517 -0.727 -0.4 -0.457 -0.647 -0.954 -1.312 -1.369 -1.671 -1.668 -1.241 -1.561 -1.298 -0.945 -0.585 -0.407 -0.785 -1.154 -1.137 -1.15 -1.011 -1.177 -1.086 -1.114 -1.117 -1.321 -0.919 -0.475 -0.428 -0.599 -0.962 -1.39 -1.516
-0.662 -0.318 0.191 0.73 1.02 1.046 0.639 -0.312 -0.891 -1.213 -1.112 -0.808 -1.268 -1.69 -1.893 -1.878 -1.886 -1.653 -1.621 -1.511 -1.255 -1.009 -0.705 -0.437 -0.387 -0.685 -1.358 -1.562 -1.236 -0.891 -1.501 -1.552 -1.205 -0.901 -0.677 -0.637 -0.449 -0.621 -0.642 -0.932 -1.272 -1.697 -1.576 -1.036 -0.546 -0.919 -0.571 -0.59 -0.577 -0.587 -0.809 -1.17 -1.442 -1.605 -1.484 -1.687 -1.46 -1.079 -0.818 -0.46 -0.55 -0.798 -0.762 -0.863 -0.958 -1.217 -1.249 -1.221 -1.047 -0.91 -0.635 -0.385 -0.494 -0.926 -1.404 -1.718 -1.421
-0.525 -0.107 0.226 0.681 1.125 1.025 0.3 -0.687 -1.295 -1.524 -1.008 -0.638 -0.675 -1.101 -1.343 -1.366 -1.799 -1.523 -1.088 -1.206 -1.394 -1.166 -0.819 -0.363 -0.213 -0.469 -1.044 -1.475 -1.208 -0.945 -1.516 -1.637 -1.215 -0.831 -0.301 -0.29 -0.439 -0.48 -0.49 -1.115 -1.533 -1.605 -1.245 -0.754 -0.697 -1.081 -0.461 -0.807 -1.004 -0.754 -0.607 -0.825 -1.161 -1.478 -1.551 -1.65 -1.44 -1.16 -0.781 -0.607 -0.507 -0.659 -0.748 -0.979 -1.1 -1.428 -1.582 -1.469 -1.248 -0.882 -0.466 -0.355 -0.568 -1.182 -1.725 -1.78 -1.041
-0.54 -0.122 0.245 0.636 1.069 1.068 0.239 -0.85 -1.051 -1.505 -1.128 -0.77 -0.337 -0.323 -0.627 -0.902 -1.541 -1.552 -0.969 -0.924 -1.386 -1.12 -0.813 -0.413 -0.14 -0.276 -0.536 -1.2 -1.196 -1.309 -1.665 -1.463 -0.961 -0.636 -0.155 -0.074 -0.397 -0.283 -0.392 -1.029 -1.506 -1.365 -1.102 -0.606 -0.77 -1.116 -0.462 -0.847 -1.262 -1.008 -0.9 -0.699 -0.754 -0.981 -1.112 -1.359 -1.34 -1.07 -0.833 -0.824 -0.614 -0.97 -1.098 -1.298 -1.297 -1.649 -1.688 -1.364 -0.932 -0.546 -0.367 -0.447 -0.772 -1.183 -1.658 -1.471 -0.783
-0.732 -0.422 0.048 0.556 0.943 1.122 0.404 -0.31 -0.58 -1.26 -1.185 -0.854 -0.423 0.037 -0.378 -1.067 -1.709 -1.455 -0.793 -0.926 -1.295 -1.099 -0.853 -0.474 -0.133 -0.162 -0.337 -1.03 -1.434 -1.518 -1.395 -1.128 -0.873 -0.542 -0.072 0.201 -0.236 -0.132 -0.392 -1.119 -1.589 -1.314 -1.095 -0.549 -0.799 -1.117 -0.482 -0.911 -1.396 -1.198 -1.198 -0.908 -0.649 -0.966 -0.898 -1.088 -1.361 -1.064 -1.033 -0.927 -0.722 -1.017 -1.287 -1.456 -1.391 -1.381 -1.125 -0.773 -0.449 -0.377 -0.515 -0.761 -1.063 -1.281 -1.522 -1.168 -0.718
-0.723 -0.805 -0.337 0.253 0.777 1.135 0.857 0.328 -0.154 -0.851 -0.919 -0.725 -0.302 0.144 -0.158 -1.201 -1.803 -1.247 -0.535 -0.688 -0.836 -0.796 -0.816 -0.556 -0.109 -0.052 0 -0.517 -1.072 -1.149 -1.139 -0.836 -0.579 -0.239 -0.115 0.179 -0.064 -0.075 -0.399 -0.895 -1.328 -1.35 -0.991 -0.469 -0.93 -1.128 -0.578 -0.814 -1.33 -1.424 -1.35 -0.924 -0.769 -1.317 -1.146 -0.964 -1.336 -1.268 -1.156 -0.879 -0.913 -1.179 -1.386 -1.253 -1.016 -0.774 -0.487 -0.381 -0.396 -0.537 -0.896 -1.151 -1.395 -1.543 -1.464 -0.948 -0.801
-0.248 -0.758 -0.657 -0.136 0.377 0.812 1.182 0.994 0.465 -0.347 -0.31 -0.083 0.203 0.329 -0.073 -1.025 -1.6 -1.232 -0.534 -0.211 -0.383 -0.734 -0.995 -0.692 -0.13 0.231 0.371 0.05 -0.71 -1.27 -1.129 -0.74 -0.513 -0.527 -0.542 0.051 0.136 -0.187 -0.417 -0.65 -1.133 -1.219 -0.847 -0.489 -1.113 -1.238 -0.823 -0.593 -0.93 -1.425 -1.367 -0.952 -0.814 -1.371 -1.463 -1.059 -1.305 -1.343 -1.09 -0.978 -1.198 -1.411 -1.317 -1.022 -0.673 -0.459 -0.345 -0.397 -0.485 -0.83 -1.188 -1.358 -1.709 -1.934 -1.525 -0.834 -0.952
0.243 -0.361 -0.689 -0.457 -0.074 0.312 0.877 1.274 1.03 0.194 0.318 0.426 0.191 -0.069 -0.161 -0.523 -1.002 -1.316 -0.748 -0.199 -0.184 -0.953 -1.106 -0.681 -0.442 -0.119 0.256 0.421 -0.099 -1.12 -1.445 -1.232 -0.92 -0.774 -0.588 0.042 0.291 -0.255 -0.504 -0.846 -1.259 -1.284 -0.92 -0.528 -1.122 -1.402 -1.077 -0.752 -0.687 -1.299 -1.426 -1.054 -0.86 -1.331 -1.6 -1.326 -1.51 -1.335 -1.093 -1.122 -1.282 -1.349 -0.961 -0.644 -0.424 -0.347 -0.411 -0.607 -0.655 -0.793 -1.321 -1.519 -1.924 -1.979 -1.458 -0.852 -1.003
0.637 0.074 -0.363 -0.611 -0.423 0.022 0.65 1.247 1.311 0.724 0.537 0.145 0.02 -0.406 -0.671 -0.845 -0.962 -1.32 -0.884 -0.174 -0.089 -0.885 -1.125 -1.054 -0.9 -0.568 0.082 0.609 0.369 -0.597 -0.786 -1.25 -0.983 -0.687 -0.388 -0.022 0.49 0.07 -0.194 -0.672 -1.12 -1.161 -1.013 -0.652 -0.95 -1.487 -1.285 -1.026 -0.648 -1.165 -1.45 -1.142 -1.082 -1.453 -1.654 -1.485 -1.534 -1.269 -0.958 -0.911 -0.845 -0.699 -0.467 -0.369 -0.427 -0.612 -0.83 -0.737 -0.92 -0.683 -1.088 -1.435 -1.957 -1.815 -1.248 -0.985 -1.179
1.074 0.538 0.031 -0.389 -0.574 -0.131 0.52 1.24 1.436 0.928 0.182 -0.386 -0.421 -0.31 -0.559 -0.977 -1.291 -1.315 -0.859 -0.155 -0.052 -0.587 -0.816 -0.804 -0.813 -0.242 0.282 0.789 0.62 -0.176 -0.724 -1.257 -0.892 -0.61 -0.538 -0.29 0.401 0.409 -0.023 -0.333 -0.636 -0.877 -1.172 -0.959 -0.901 -1.45 -1.469 -1.09 -0.673 -1.094 -1.469 -1.283 -1.292 -1.623 -1.554 -1.236 -0.955 -0.804 -0.531 -0.47 -0.28 -0.078 -0.182 -0.356 -0.622 -1.103 -1.265 -0.885 -1.023 -0.776 -0.922 -1.367 -1.859 -1.627 -1.082 -1.194 -1.583
1.327 1.076 0.482 0.1 -0.423 -0.222 0.441 1.175 1.483 0.971 0.055 -0.475 -0.711 -0.765 -0.793 -0.945 -1.42 -1.319 -0.668 -0.047 -0.159 -0.415 -0.602 -0.878 -0.874 -0.365 0.23 0.855 0.766 -0.014 -1.041 -1.422 -1.034 -0.899 -0.741 -0.382 0.348 0.394 -0.356 -0.681 -0.766 -0.983 -1.405 -1.246 -0.979 -1.462 -1.452 -0.941 -0.896 -0.999 -1.264 -1.452 -1.49 -1.631 -1.393 -1.177 -0.927 -0.781 -0.929 -0.812 -0.145 -0.051 -0.557 -0.579 -0.576 -1.329 -1.562 -1.09 -1.021 -0.997 -0.73 -1.263 -1.858 -1.71 -1.292 -1.426 -1.852
1.049 1.365 1.013 0.68 0.107 -0.132 0.469 1.229 1.496 1.029 0.58 0.326 0.044 -0.241 -0.529 -0.992 -1.45 -0.939 -0.342 0.197 -0.324 -0.913 -1.162 -1.286 -0.926 -0.451 0.181 0.88 0.868 0.067 -0.929 -1.568 -1.281 -1.133 -0.962 -0.532 0.297 0.515 -0.264 -0.856 -1.088 -1.253 -1.611 -1.273 -1.174 -1.591 -1.315 -1.114 -1.173 -1.317 -1.198 -1.406 -1.586 -1.387 -1.508 -1.611 -1.178 -0.971 -0.801 -0.61 -0.025 -0.116 -0.799 -0.934 -0.592 -1.158 -1.619 -1.264 -1.02 -1.248 -0.849 -1.109 -1.86 -1.968 -1.733 -1.842 -1.998
0.308 0.949 1.343 1.29 0.776 0.265 0.501 1.314 1.438 0.749 0.426 0.523 0.528 0.323 -0.011 -0.214 -0.645 -0.874 -0.315 0.282 -0.117 -0.576 -1.01 -1.196 -0.733 -0.142 0.453 1.023 0.726 0.009 -0.935 -1.558 -1.133 -0.927 -1.063 -0.601 0.062 0.646 0.119 -0.355 -0.651 -0.895 -1.421 -1.332 -1.287 -1.342 -1.311 -1.53 -1.401 -1.564 -1.442 -1.578 -1.438 -1.323 -1.218 -1.2 -0.989 -0.69 -0.244 -0.085 0.121 -0.221 -0.976 -1.241 -0.754 -0.929 -1.582 -1.407 -1.072 -1.53 -1.148 -1.05 -1.689 -1.981 -2.119 -2.145 -2.163
-0.253 0.389 0.843 1.447 1.439 1 0.803 1.443 1.236 0.51 -0.313 -0.189 -0.21 -0.067 -0.03 -0.571 -0.613 -0.828 -0.293 0.367 0.098 -0.578 -1.073 -1.116 -0.647 -0.039 0.776 1.162 0.431 -0.122 -0.884 -1.41 -1.131 -0.809 -0.812 -0.68 -0.061 0.681 0.517 -0.072 -0.375 -0.646 -1.068 -1.082 -0.779 -0.663 -0.956 -1.486 -1.2 -0.977 -1.018 -0.939 -0.736 -0.661 -0.462 -0.436 -0.3 0.003 0.234 0.347 0.138 -0.486 -1.183 -1.362 -0.883 -1.058 -1.471 -1.634 -1.272 -1.706 -1.47 -1.2 -1.746 -2.034 -1.947 -1.82 -1.651
-0.325 -0.252 0.137 0.874 1.269 1.517 1.47 1.582 1.168 0.225 -0.599 -0.745 -0.646 -0.393 -0.262 -0.839 -0.932 -0.908 -0.334 0.39 0.042 -0.442 -0.861 -0.858 -0.442 0.151 0.937 1.155 0.497 0.084 -0.556 -1.055 -1.219 -0.902 -0.389 -0.246 -0.079 0.635 0.816 -0.023 -0.639 -0.799 -0.527 -0.477 -0.29 -0.211 -0.891 -0.713 -0.55 -0.237 -0.296 -0.211 -0.141 0.138 0.265 0.272 0.377 0.521 0.487 0.16 -0.081 -0.859 -1.497 -1.275 -1.02 -1.5 -1.355 -1.587 -1.605 -1.723 -1.831 -1.534 -1.673 -1.868 -2.028 -1.806 -1.495
-0.767 -0.653 -0.119 0.686 0.612 0.894 1.5 1.606 1.248 0.151 -0.378 -0.884 -0.841 -0.681 -0.781 -1.06 -1.29 -0.89 -0.234 0.511 -0.087 -0.595 -0.854 -0.542 -0.194 0.372 1.128 1.046 0.382 0.079 -0.111 -0.623 -1.105 -0.869 -0.123 0.2 0.334 0.729 1.123 0.312 -0.292 -0.094 0.192 0.246 0.283 -0.043 -0.287 0.019 0.045 0.382 0.394 0.5 0.492 0.71 0.628 0.582 0.497 0.325 -0.009 -0.455 -0.507 -1.233 -1.723 -1.271 -1.125 -1.708 -1.475 -1.106 -1.567 -1.845 -1.901 -1.278 -1.103 -1.371 -1.651 -1.579 -1.609
-0.674 -0.299 0.363 0.471 -0.046 0.359 1.217 1.598 1.432 0.173 -0.632 -0.982 -0.949 -0.944 -1.117 -1.399 -1.127 -0.581 0.003 0.576 -0.074 -0.633 -0.971 -0.622 -0.274 0.559 1.356 0.76 0.115 -0.36 -0.285 -0.376 -0.996 -0.672 -0.177 -0.188 0.092 0.647 1.248 0.768 0.384 0.892 1.049 0.99 0.808 0.556 0.676 0.727 0.752 0.89 0.904 0.818 0.782 0.644 0.321 0.153 -0.105 -0.401 -0.838 -0.874 -0.819 -1.277 -1.652 -1.329 -1.156 -1.554 -1.394 -0.974 -1.032 -1.336 -1.261 -0.91 -0.683 -0.98 -0.92 -1.081 -1.507
-0.135 0.237 0.349 -0.113 -0.385 0.128 0.948 1.544 1.586 0.514 -0.421 -0.415 -0.442 -0.56 -0.868 -1.236 -0.832 -0.312 0.167 0.645 -0.039 -0.542 -0.952 -0.406 0.035 0.964 1.389 0.732 0.327 -0.215 -0.522 -0.577 -0.776 -0.738 -0.545 -0.6 0.005 0.704 1.24 1.195 1.081 1.454 1.501 1.458 1.341 1.214 1.109 1.055 1.011 0.849 0.679 0.468 0.279 0.301 0.124 -0.057 -0.439 -0.918 -1.378 -1.052 -0.914 -1.316 -1.587 -1.431 -1.241 -1.619 -1.385 -0.954 -0.6 -0.699 -0.532 -0.29 -0.232 -0.388 -0.434 -0.773 -1.195
-0.333 -0.158 -0.144 -0.596 -0.303 0.285 0.793 1.418 1.629 0.805 -0.026 0.105 -0.321 -0.506 -0.876 -1.184 -0.889 -0.429 0.159 0.706 -0.016 -0.75 -1.018 -0.358 0.429 1.282 1.24 0.529 0.09 0.149 -0.254 -0.881 -0.976 -0.743 -0.533 -0.52 0.008 0.438 0.921 1.475 1.629 1.51 1.134 1.042 1.098 0.892 0.701 0.477 0.46 0.345 0.232 -0.033 -0.384 -0.359 -0.108 -0.236 -0.327 -0.888 -1.433 -1.1 -1.045 -1.566 -1.901 -1.529 -1.337 -1.662 -1.606 -1.093 -0.532 -0.18 -0.258 -0.415 -0.145 -0.005 -0.154 -0.424 -0.792
