data/climatemaps/RS_maps/climate_breeding_pr_2014.asc
NCOLS 369 
NROWS 228 
XLLCORNER 479000 
YLLCORNER 73000 
CELLSIZE 1000 
NODATA_value -9 
[rows 170 to 203 of 228, columns 77 to 153 of 369]
1.18 0.6 0.24 0.032 -0.105 -0.19 -0.212 -0.144 0.083 0.25 0.294 0.388 0.56 0.757 1.016 1.175 1.246 1.352 1.419 1.439 1.329 1.14 0.971 0.867 1.081 1.345 1.542 1.585 1.503 1.46 1.378 1.26 1.129 1.031 1.018 0.955 0.833 0.824 0.852 0.895 0.866 0.733 0.532 0.247 -0.089 0.041 0.154 0.114 -0.01 -0.164 -0.354 -0.498 -0.606 -0.629 -0.626 -0.596 -0.582 -0.662 -0.734 -0.68 -0.633 -0.625 -0.691 -0.648 -0.638 -0.676 -0.763 -0.954 -0.934 -0.859 -0.819 -0.817 -0.805 -0.756 -0.649 -0.566 -0.529
1.291 0.712 0.277 0.034 -0.123 -0.223 -0.273 -0.26 -0.15 -0.032 0.076 0.28 0.576 0.79 0.928 1.041 1.143 1.234 1.283 1.326 1.35 1.251 1.243 1.065 1.206 1.472 1.594 1.568 1.48 1.381 1.28 1.181 1.007 0.788 0.806 0.744 0.616 0.69 0.602 0.65 0.611 0.468 0.25 -0.028 -0.33 -0.133 -0.117 -0.175 -0.31 -0.481 -0.688 -0.849 -0.932 -0.996 -1.017 -0.971 -0.946 -0.961 -0.977 -0.963 -0.965 -0.957 -0.996 -1.008 -1.039 -1.062 -1.11 -1.194 -1.176 -1.18 -1.142 -1.129 -1.123 -1.055 -1.001 -0.956 -0.943
1.352 0.842 0.378 0.06 -0.126 -0.244 -0.309 -0.319 -0.264 -0.151 -0.01 0.2 0.452 0.608 0.673 0.814 0.902 0.997 1.103 1.207 1.312 1.363 1.467 1.436 1.493 1.622 1.458 1.37 1.272 1.179 1.107 1.081 0.897 0.594 0.498 0.404 0.423 0.557 0.342 0.352 0.325 0.149 -0.104 -0.36 -0.478 -0.353 -0.37 -0.446 -0.58 -0.729 -0.904 -1.068 -1.166 -1.231 -1.244 -1.206 -1.164 -1.131 -1.117 -1.13 -1.157 -1.173 -1.208 -1.248 -1.268 -1.276 -1.277 -1.272 -1.266 -1.271 -1.283 -1.29 -1.285 -1.277 -1.232 -1.199 -1.183
1.47 1.033 0.553 0.1 -0.117 -0.253 -0.331 -0.361 -0.345 -0.286 -0.156 0.07 0.223 0.296 0.428 0.586 0.676 0.84 1.03 1.155 1.22 1.27 1.377 1.448 1.509 1.47 1.207 0.948 0.844 0.774 0.839 0.929 0.825 0.58 0.294 0.09 0.293 0.381 0.125 0.049 0.003 -0.176 -0.405 -0.589 -0.575 -0.534 -0.571 -0.665 -0.804 -0.963 -1.101 -1.225 -1.313 -1.364 -1.362 -1.311 -1.235 -1.175 -1.144 -1.15 -1.198 -1.246 -1.277 -1.281 -1.296 -1.249 -1.218 -1.175 -1.129 -1.143 -1.203 -1.255 -1.284 -1.298 -1.288 -1.264 -1.25
1.613 1.266 0.733 0.184 -0.092 -0.253 -0.347 -0.391 -0.405 -0.394 -0.296 -0.127 -0.038 0.037 0.194 0.343 0.466 0.653 0.845 0.972 1.025 1.104 1.205 1.288 1.338 1.255 0.986 0.652 0.496 0.528 0.669 0.739 0.649 0.443 0.138 -0.129 0.086 0.107 -0.135 -0.222 -0.304 -0.471 -0.657 -0.774 -0.731 -0.728 -0.787 -0.878 -1 -1.138 -1.24 -1.328 -1.39 -1.405 -1.359 -1.264 -1.141 -1.077 -1.059 -1.022 -1.08 -1.146 -1.164 -1.174 -1.214 -1.12 -1.033 -0.959 -0.908 -0.942 -1.036 -1.123 -1.165 -1.168 -1.155 -1.141 -1.153
1.67 1.44 0.893 0.306 -0.053 -0.248 -0.36 -0.419 -0.452 -0.464 -0.423 -0.328 -0.265 -0.122 0.033 0.13 0.246 0.419 0.614 0.798 0.921 1.09 1.161 1.238 1.284 1.197 0.865 0.562 0.339 0.441 0.592 0.545 0.407 0.171 -0.097 -0.307 -0.127 -0.22 -0.426 -0.496 -0.583 -0.729 -0.879 -0.924 -0.892 -0.951 -1.027 -1.085 -1.179 -1.261 -1.32 -1.373 -1.392 -1.326 -1.222 -1.076 -0.97 -0.94 -0.872 -0.74 -0.803 -0.872 -0.877 -0.957 -1.078 -0.934 -0.791 -0.697 -0.68 -0.745 -0.854 -0.941 -1.017 -1.001 -0.956 -0.969 -1.014
1.636 1.519 1.069 0.489 0.055 -0.211 -0.371 -0.448 -0.495 -0.523 -0.519 -0.476 -0.407 -0.276 -0.149 -0.041 0.172 0.409 0.614 0.806 0.928 1.03 1.168 1.318 1.375 1.224 0.978 0.68 0.254 0.284 0.417 0.328 0.139 -0.128 -0.357 -0.421 -0.365 -0.517 -0.69 -0.746 -0.825 -0.948 -1.053 -1.052 -1.076 -1.163 -1.22 -1.25 -1.293 -1.324 -1.327 -1.326 -1.35 -1.27 -1.159 -1.003 -0.841 -0.713 -0.593 -0.434 -0.442 -0.493 -0.521 -0.689 -0.891 -0.772 -0.578 -0.463 -0.453 -0.524 -0.62 -0.692 -0.808 -0.845 -0.815 -0.841 -0.952
1.62 1.59 1.213 0.693 0.187 -0.188 -0.388 -0.476 -0.537 -0.58 -0.59 -0.57 -0.551 -0.427 -0.288 -0.151 0.169 0.386 0.58 0.758 0.822 1.042 1.269 1.414 1.34 1.173 1.186 0.822 0.186 0.168 0.263 0.079 -0.162 -0.384 -0.589 -0.551 -0.636 -0.776 -0.908 -0.956 -1.023 -1.138 -1.201 -1.202 -1.272 -1.315 -1.329 -1.33 -1.33 -1.318 -1.248 -1.183 -1.291 -1.305 -1.189 -0.972 -0.703 -0.444 -0.34 -0.164 -0.147 -0.122 -0.194 -0.416 -0.697 -0.685 -0.428 -0.264 -0.251 -0.293 -0.383 -0.41 -0.545 -0.659 -0.658 -0.702 -0.907
1.556 1.479 1.165 0.688 0.172 -0.197 -0.394 -0.493 -0.57 -0.632 -0.666 -0.669 -0.619 -0.403 -0.167 -0.027 0.166 0.341 0.5 0.689 0.88 1.145 1.348 1.384 1.319 1.293 1.224 0.791 0.21 0.045 0.044 -0.17 -0.419 -0.639 -0.776 -0.792 -0.878 -0.983 -1.071 -1.119 -1.19 -1.273 -1.324 -1.341 -1.36 -1.354 -1.326 -1.285 -1.245 -1.176 -1.091 -1.083 -1.196 -1.271 -1.199 -0.954 -0.7 -0.42 -0.205 -0.017 0.058 0.103 0.004 -0.222 -0.532 -0.57 -0.365 -0.178 -0.105 -0.14 -0.141 -0.141 -0.283 -0.453 -0.549 -0.642 -0.87
1.374 1.247 1.013 0.555 0.082 -0.209 -0.369 -0.476 -0.574 -0.662 -0.722 -0.74 -0.675 -0.371 -0.004 0.219 0.412 0.61 0.649 0.937 1.074 1.251 1.337 1.318 1.336 1.399 1.138 0.75 0.221 -0.175 -0.199 -0.427 -0.655 -0.86 -0.968 -0.996 -1.066 -1.135 -1.197 -1.258 -1.326 -1.369 -1.396 -1.394 -1.354 -1.295 -1.207 -1.126 -1.083 -0.952 -0.885 -0.916 -1.027 -1.157 -1.198 -1 -0.773 -0.472 -0.177 0.064 0.191 0.212 0.065 -0.102 -0.413 -0.473 -0.279 -0.131 -0.017 -0.029 0.076 0.116 -0.044 -0.306 -0.544 -0.657 -0.866
1.316 1.095 0.761 0.36 0.041 -0.094 -0.204 -0.314 -0.472 -0.644 -0.734 -0.751 -0.672 -0.353 0.058 0.38 0.661 0.749 0.806 1.141 1.285 1.285 1.267 1.27 1.244 1.173 0.974 0.605 0.135 -0.307 -0.484 -0.702 -0.874 -1.022 -1.108 -1.147 -1.196 -1.254 -1.296 -1.334 -1.37 -1.394 -1.36 -1.274 -1.212 -1.146 -0.994 -0.881 -0.877 -0.779 -0.665 -0.706 -0.821 -1.02 -1.145 -0.992 -0.76 -0.511 -0.266 -0.027 0.18 0.225 0.191 0.033 -0.311 -0.436 -0.266 -0.098 0.011 0.08 0.187 0.193 -0.005 -0.267 -0.553 -0.791 -0.97
1.323 1.014 0.571 0.215 0.104 0.121 0.059 -0.084 -0.343 -0.573 -0.728 -0.756 -0.663 -0.294 0.152 0.517 0.793 0.762 0.93 1.188 1.292 1.25 1.066 0.915 0.747 0.58 0.465 0.247 -0.139 -0.516 -0.709 -0.921 -1.044 -1.138 -1.199 -1.226 -1.279 -1.313 -1.328 -1.343 -1.36 -1.375 -1.262 -1.142 -1.063 -0.981 -0.774 -0.622 -0.657 -0.638 -0.444 -0.442 -0.642 -0.901 -1.103 -1 -0.816 -0.632 -0.412 -0.159 0.068 0.221 0.207 0.047 -0.316 -0.44 -0.284 -0.118 0.058 0.139 0.222 0.135 -0.08 -0.361 -0.662 -0.936 -1.045
1.213 0.824 0.414 0.25 0.317 0.367 0.34 0.136 -0.203 -0.456 -0.692 -0.75 -0.578 -0.238 0.183 0.584 0.829 0.855 1.189 1.349 1.234 1.227 0.975 0.588 0.305 -0.004 -0.16 -0.206 -0.406 -0.709 -0.914 -1.039 -1.122 -1.184 -1.233 -1.271 -1.288 -1.285 -1.267 -1.248 -1.244 -1.308 -1.251 -1.081 -0.931 -0.81 -0.626 -0.411 -0.42 -0.467 -0.284 -0.229 -0.439 -0.736 -1.012 -1.048 -0.93 -0.781 -0.539 -0.283 -0.061 0.117 0.143 -0.006 -0.345 -0.405 -0.3 -0.16 0.083 0.18 0.196 -0.027 -0.32 -0.603 -0.871 -0.982 -0.911
1.135 0.695 0.391 0.38 0.508 0.607 0.592 0.338 -0.011 -0.349 -0.637 -0.708 -0.533 -0.246 0.169 0.649 0.888 1.086 1.298 1.343 1.24 1.045 0.78 0.425 0.025 -0.279 -0.511 -0.614 -0.718 -0.896 -1.018 -1.093 -1.149 -1.188 -1.212 -1.213 -1.183 -1.132 -1.077 -1.056 -1.119 -1.244 -1.231 -1.072 -0.913 -0.726 -0.524 -0.308 -0.248 -0.27 -0.119 -0.098 -0.28 -0.545 -0.885 -1.06 -0.969 -0.793 -0.615 -0.368 -0.111 0.065 0.088 -0.086 -0.339 -0.32 -0.246 -0.106 0.079 0.133 0.08 -0.131 -0.507 -0.842 -0.949 -0.859 -0.69
1.018 0.587 0.445 0.536 0.677 0.832 0.771 0.526 0.253 -0.138 -0.542 -0.698 -0.597 -0.298 0.114 0.602 0.893 1.132 1.23 1.277 1.223 0.977 0.601 0.246 -0.133 -0.424 -0.709 -0.866 -0.954 -1.031 -1.08 -1.101 -1.105 -1.106 -1.114 -1.068 -0.981 -0.904 -0.843 -0.846 -0.971 -1.171 -1.204 -1.065 -0.932 -0.759 -0.542 -0.291 -0.15 -0.151 -0.005 0.013 -0.138 -0.397 -0.775 -1.041 -0.976 -0.793 -0.635 -0.412 -0.147 0.04 0.068 -0.143 -0.289 -0.212 -0.161 -0.043 0.091 0.114 0.015 -0.224 -0.653 -0.944 -0.905 -0.728 -0.533
0.88 0.537 0.587 0.753 0.804 1.019 0.939 0.794 0.611 0.169 -0.382 -0.657 -0.693 -0.444 -0.051 0.361 0.76 0.956 1.155 1.213 1.114 0.953 0.523 0.06 -0.351 -0.638 -0.866 -0.983 -1.046 -1.084 -1.067 -1.003 -0.918 -0.901 -0.945 -0.906 -0.758 -0.645 -0.594 -0.635 -0.813 -1.082 -1.188 -1.099 -0.991 -0.842 -0.615 -0.344 -0.174 -0.09 0.072 0.089 -0.058 -0.305 -0.695 -1.001 -0.986 -0.826 -0.65 -0.479 -0.226 -0.037 0.005 -0.171 -0.218 -0.13 -0.055 0.018 0.057 0.07 -0.109 -0.45 -0.825 -0.92 -0.814 -0.599 -0.354
0.769 0.615 0.719 0.895 1.017 1.257 1.265 1.102 0.796 0.314 -0.222 -0.592 -0.735 -0.577 -0.195 0.184 0.551 0.749 1.049 1.071 0.875 0.747 0.346 -0.148 -0.564 -0.821 -0.978 -1.043 -1.063 -1.02 -0.919 -0.786 -0.675 -0.668 -0.75 -0.743 -0.584 -0.442 -0.375 -0.47 -0.705 -1.012 -1.174 -1.127 -1.009 -0.86 -0.645 -0.398 -0.225 -0.092 0.086 0.077 -0.058 -0.29 -0.655 -0.938 -1.001 -0.89 -0.713 -0.539 -0.29 -0.089 -0.025 -0.158 -0.134 -0.059 0.034 0.09 0.116 0.086 -0.2 -0.631 -0.895 -0.867 -0.693 -0.428 -0.15
0.744 0.825 0.905 1.045 1.295 1.583 1.562 1.222 0.798 0.454 -0.015 -0.527 -0.747 -0.659 -0.285 0.122 0.394 0.541 0.8 0.724 0.517 0.333 -0.039 -0.469 -0.75 -0.915 -1.015 -1.039 -0.976 -0.803 -0.646 -0.509 -0.412 -0.414 -0.544 -0.531 -0.379 -0.288 -0.203 -0.386 -0.68 -0.977 -1.122 -1.159 -1.059 -0.914 -0.712 -0.471 -0.282 -0.125 0.038 0.033 -0.081 -0.339 -0.6 -0.758 -0.966 -0.965 -0.778 -0.595 -0.364 -0.109 -0.028 -0.123 -0.01 0.034 0.12 0.206 0.207 0.054 -0.346 -0.788 -0.855 -0.759 -0.571 -0.244 0.068
0.856 1.008 1.07 1.241 1.474 1.607 1.596 1.353 0.973 0.683 0.182 -0.42 -0.74 -0.745 -0.439 -0.071 0.199 0.289 0.353 0.229 0.021 -0.19 -0.482 -0.734 -0.877 -0.96 -0.989 -0.92 -0.82 -0.611 -0.407 -0.224 -0.106 -0.149 -0.323 -0.266 -0.131 -0.074 -0.079 -0.349 -0.684 -0.887 -1 -1.132 -1.135 -1.008 -0.806 -0.589 -0.386 -0.209 -0.051 -0.004 -0.098 -0.344 -0.446 -0.544 -0.804 -0.952 -0.823 -0.639 -0.435 -0.175 -0.054 -0.096 0.034 0.113 0.218 0.258 0.191 -0.021 -0.447 -0.818 -0.755 -0.572 -0.448 -0.138 0.195
0.927 1.112 1.269 1.356 1.437 1.432 1.447 1.472 1.179 0.907 0.369 -0.311 -0.738 -0.837 -0.6 -0.301 -0.044 -0.07 -0.181 -0.321 -0.493 -0.642 -0.783 -0.885 -0.945 -0.952 -0.872 -0.675 -0.619 -0.515 -0.283 -0.014 0.174 0.099 -0.134 -0.035 0.087 0.138 0.025 -0.313 -0.664 -0.706 -0.798 -0.986 -1.141 -1.082 -0.906 -0.732 -0.554 -0.374 -0.193 -0.102 -0.093 -0.27 -0.273 -0.33 -0.57 -0.849 -0.857 -0.643 -0.439 -0.205 -0.097 -0.086 0.061 0.223 0.375 0.357 0.225 -0.075 -0.504 -0.806 -0.655 -0.398 -0.332 -0.036 0.326
1.054 1.172 1.224 1.294 1.319 1.305 1.33 1.314 1.111 0.804 0.378 -0.228 -0.713 -0.879 -0.746 -0.497 -0.388 -0.501 -0.622 -0.709 -0.79 -0.867 -0.926 -0.941 -0.919 -0.82 -0.624 -0.411 -0.354 -0.311 -0.149 0.088 0.31 0.273 0.053 0.107 0.222 0.272 0.108 -0.237 -0.561 -0.543 -0.584 -0.748 -0.967 -1.081 -0.998 -0.817 -0.653 -0.472 -0.29 -0.173 -0.092 -0.182 -0.21 -0.202 -0.399 -0.682 -0.835 -0.696 -0.497 -0.221 -0.063 0.015 0.162 0.286 0.431 0.433 0.295 0.006 -0.478 -0.737 -0.515 -0.251 -0.134 0.08 0.456
1.186 1.126 1.185 1.399 1.37 1.241 1.259 1.273 1.128 0.646 0.298 -0.204 -0.702 -0.932 -0.93 -0.718 -0.717 -0.873 -0.933 -0.949 -0.967 -0.993 -0.966 -0.883 -0.768 -0.591 -0.323 -0.124 -0.082 -0.046 0.117 0.211 0.465 0.401 0.186 0.253 0.354 0.375 0.17 -0.153 -0.482 -0.421 -0.408 -0.52 -0.758 -0.992 -1.048 -0.852 -0.715 -0.581 -0.351 -0.248 -0.134 -0.162 -0.206 -0.082 -0.258 -0.514 -0.792 -0.738 -0.528 -0.256 -0.052 0.139 0.299 0.378 0.504 0.518 0.381 0.03 -0.457 -0.738 -0.445 -0.14 0.047 0.215 0.579
1.265 1.235 1.31 1.471 1.529 1.311 1.321 1.368 1.259 0.853 0.365 -0.228 -0.638 -0.92 -1.032 -0.973 -1.014 -1.08 -1.079 -1.071 -1.062 -1.02 -0.869 -0.728 -0.583 -0.308 -0.053 0.114 0.145 0.152 0.356 0.432 0.586 0.476 0.27 0.368 0.499 0.453 0.222 -0.102 -0.374 -0.347 -0.312 -0.385 -0.578 -0.764 -1.001 -0.958 -0.861 -0.694 -0.545 -0.364 -0.287 -0.236 -0.18 0.05 -0.062 -0.346 -0.694 -0.704 -0.518 -0.324 -0.068 0.212 0.444 0.509 0.607 0.752 0.592 0.171 -0.422 -0.695 -0.395 -0.116 0.134 0.448 0.751
1.203 1.267 1.281 1.327 1.458 1.369 1.341 1.323 1.085 0.654 0.158 -0.318 -0.593 -0.84 -1.032 -1.097 -1.127 -1.145 -1.141 -1.116 -1.048 -0.891 -0.701 -0.562 -0.4 -0.125 0.06 0.155 0.231 0.292 0.414 0.592 0.607 0.493 0.395 0.458 0.555 0.557 0.344 0.045 -0.282 -0.272 -0.21 -0.282 -0.436 -0.623 -0.855 -0.996 -0.988 -0.853 -0.718 -0.5 -0.328 -0.257 -0.152 0.075 0.125 -0.119 -0.518 -0.578 -0.452 -0.332 -0.085 0.242 0.516 0.717 0.764 0.759 0.536 0.133 -0.427 -0.603 -0.365 -0.126 0.174 0.57 0.892
1.046 1.217 1.168 1.199 1.39 1.25 1.222 1.145 0.904 0.46 -0.011 -0.347 -0.457 -0.676 -0.979 -1.106 -1.143 -1.15 -1.133 -1.073 -0.936 -0.722 -0.591 -0.486 -0.376 -0.13 -0.07 -0.006 0.102 0.304 0.415 0.623 0.552 0.479 0.489 0.494 0.623 0.665 0.472 0.219 -0.216 -0.215 -0.122 -0.171 -0.354 -0.495 -0.638 -0.91 -1.062 -0.99 -0.857 -0.634 -0.373 -0.267 -0.182 0.063 0.225 0.084 -0.351 -0.452 -0.343 -0.241 -0.063 0.234 0.568 0.817 0.838 0.717 0.459 0.053 -0.464 -0.537 -0.341 -0.086 0.239 0.638 1.064
1.095 1.184 1.091 1.149 1.311 1.339 1.306 1.152 0.78 0.272 -0.051 -0.146 -0.28 -0.57 -0.885 -1.054 -1.085 -1.056 -0.981 -0.877 -0.749 -0.68 -0.675 -0.659 -0.549 -0.382 -0.342 -0.26 -0.106 0.12 0.359 0.542 0.552 0.534 0.585 0.524 0.579 0.684 0.569 0.318 -0.066 -0.199 -0.121 -0.147 -0.291 -0.283 -0.394 -0.697 -0.984 -1.054 -0.927 -0.716 -0.469 -0.278 -0.172 -0.006 0.217 0.126 -0.155 -0.365 -0.32 -0.246 -0.063 0.209 0.579 0.912 0.958 0.846 0.525 0.005 -0.439 -0.465 -0.25 0.023 0.32 0.69 1.129
1.084 1.134 1.054 1.111 1.271 1.332 1.238 1.021 0.639 0.193 0.06 0.043 -0.219 -0.576 -0.847 -0.952 -0.957 -0.893 -0.791 -0.737 -0.678 -0.726 -0.808 -0.833 -0.768 -0.664 -0.639 -0.513 -0.314 -0.081 0.172 0.394 0.48 0.555 0.67 0.606 0.565 0.667 0.604 0.435 0.073 -0.146 -0.057 -0.053 -0.197 -0.095 -0.202 -0.507 -0.875 -1.045 -0.953 -0.773 -0.567 -0.336 -0.15 -0.014 0.253 0.216 0.011 -0.218 -0.186 -0.156 -0.003 0.253 0.656 0.94 0.976 0.939 0.607 0.045 -0.407 -0.375 -0.172 0.079 0.369 0.774 1.218
0.949 1.095 1.1 1.119 1.276 1.257 1.033 0.708 0.401 0.255 0.277 0.078 -0.261 -0.577 -0.742 -0.796 -0.837 -0.807 -0.754 -0.769 -0.8 -0.844 -0.921 -0.923 -0.858 -0.847 -0.845 -0.728 -0.515 -0.271 -0.066 0.104 0.314 0.496 0.644 0.646 0.61 0.67 0.647 0.51 0.236 0.038 0.078 0.084 0.013 0.047 -0.128 -0.425 -0.791 -0.977 -0.963 -0.827 -0.643 -0.41 -0.131 0.052 0.299 0.383 0.152 0.032 0.118 0.118 0.193 0.44 0.803 0.84 0.832 0.804 0.505 -0.012 -0.36 -0.289 -0.089 0.134 0.446 0.815 1.214
0.986 1.151 1.202 1.161 1.201 1.129 0.823 0.485 0.34 0.376 0.383 0.085 -0.212 -0.425 -0.58 -0.668 -0.69 -0.611 -0.566 -0.645 -0.789 -0.884 -0.918 -0.855 -0.751 -0.804 -0.895 -0.868 -0.731 -0.505 -0.312 -0.116 0.147 0.37 0.512 0.583 0.612 0.696 0.638 0.523 0.327 0.207 0.261 0.252 0.206 0.179 -0.042 -0.363 -0.694 -0.812 -0.877 -0.856 -0.676 -0.415 -0.12 0.114 0.359 0.466 0.272 0.239 0.329 0.344 0.428 0.662 0.898 0.85 0.805 0.749 0.477 -0.042 -0.333 -0.217 0.008 0.233 0.506 0.821 1.235
1.127 1.157 1.249 1.245 1.121 0.94 0.603 0.43 0.455 0.381 0.362 0.137 0.045 -0.062 -0.264 -0.465 -0.415 -0.258 -0.195 -0.359 -0.646 -0.842 -0.826 -0.662 -0.572 -0.668 -0.811 -0.883 -0.875 -0.737 -0.559 -0.324 -0.018 0.205 0.284 0.441 0.563 0.665 0.591 0.482 0.289 0.293 0.363 0.359 0.305 0.244 0.092 -0.287 -0.553 -0.527 -0.606 -0.739 -0.678 -0.412 -0.161 0.135 0.421 0.5 0.382 0.37 0.411 0.434 0.588 0.844 0.978 1 0.971 0.897 0.569 -0.045 -0.304 -0.173 0 0.229 0.527 0.841 1.29
1.237 1.289 1.382 1.353 1.082 0.737 0.524 0.535 0.568 0.385 0.437 0.384 0.357 0.28 0.054 -0.212 -0.231 -0.083 0.008 -0.212 -0.583 -0.804 -0.755 -0.555 -0.456 -0.528 -0.645 -0.77 -0.838 -0.82 -0.733 -0.536 -0.221 -0.02 0.077 0.255 0.419 0.546 0.508 0.457 0.267 0.294 0.375 0.39 0.338 0.248 0.097 -0.262 -0.422 -0.323 -0.337 -0.476 -0.58 -0.402 -0.163 0.094 0.416 0.581 0.533 0.479 0.466 0.497 0.687 0.902 1.051 1.129 1.114 0.97 0.506 -0.096 -0.228 -0.039 0.075 0.246 0.593 0.907 1.264
1.376 1.501 1.493 1.383 0.986 0.642 0.623 0.704 0.675 0.42 0.606 0.706 0.657 0.5 0.236 0.106 -0.091 -0.079 0.062 -0.15 -0.585 -0.793 -0.708 -0.487 -0.354 -0.362 -0.432 -0.577 -0.599 -0.663 -0.735 -0.673 -0.413 -0.221 -0.1 0.063 0.274 0.408 0.467 0.471 0.274 0.248 0.406 0.424 0.334 0.233 0.045 -0.295 -0.359 -0.225 -0.129 -0.213 -0.391 -0.354 -0.11 0.088 0.409 0.617 0.634 0.597 0.563 0.668 0.827 0.883 0.978 1.067 1.07 0.851 0.328 -0.175 -0.1 0.15 0.294 0.332 0.624 0.966 1.227
1.441 1.612 1.447 1.302 0.85 0.732 0.821 0.846 0.775 0.553 0.66 0.907 0.872 0.701 0.531 0.433 0.156 -0.075 -0.044 -0.203 -0.609 -0.79 -0.689 -0.439 -0.269 -0.203 -0.27 -0.341 -0.297 -0.334 -0.481 -0.561 -0.565 -0.453 -0.274 -0.069 0.076 0.229 0.43 0.386 0.289 0.221 0.41 0.479 0.438 0.336 0.108 -0.267 -0.292 -0.131 0.029 -0.046 -0.198 -0.166 -0.04 0.168 0.481 0.747 0.747 0.741 0.799 0.881 0.943 0.903 0.88 0.902 0.923 0.578 0.045 -0.149 0.067 0.286 0.474 0.598 0.691 0.994 1.241
1.477 1.559 1.438 1.125 0.847 0.867 0.891 0.893 0.875 0.836 0.774 0.838 0.961 0.912 0.772 0.551 0.282 0.085 -0.089 -0.326 -0.639 -0.783 -0.707 -0.513 -0.337 -0.174 -0.149 -0.12 -0.03 -0.039 -0.138 -0.267 -0.403 -0.428 -0.407 -0.28 -0.115 0.066 0.3 0.336 0.299 0.304 0.384 0.483 0.455 0.369 0.129 -0.196 -0.189 -0.061 0.097 0.048 0.034 0.105 0.129 0.298 0.591 0.807 0.837 0.9 0.912 0.857 0.941 0.949 0.901 0.79 0.636 0.255 -0.12 -0.115 0.111 0.353 0.604 0.792 0.932 1.109 1.33
