data/climatemaps/RS_maps/climate_breeding_tmp_2012.asc
NCOLS 369 
NROWS 228 
XLLCORNER 479000 
YLLCORNER 73000 
CELLSIZE 1000 
NODATA_value -9 
[rows 34 to 67 of 228, columns 76 to 151 of 369]
0.972 0.991 0.941 0.88 0.916 0.989 0.978 0.965 0.949 0.927 0.906 0.906 0.911 0.901 0.895 0.901 0.895 0.884 0.893 0.886 0.875 0.87 0.878 0.894 0.899 0.863 0.87 0.864 0.849 0.852 0.861 0.857 0.856 0.877 0.907 0.918 0.889 0.86 0.845 0.843 0.825 0.822 0.826 0.819 0.808 0.837 0.894 0.922 0.933 0.956 0.982 0.991 1.024 1.038 1.038 1.043 1.051 1.06 1.074 1.064 1.06 1.056 1.019 1.007 0.97 0.977 1.032 1.058 1.059 1.056 1.052 1.036 1.019 1.021 1.019 1.002
0.979 0.993 0.943 0.93 0.953 0.991 0.959 0.959 0.968 0.958 0.938 0.923 0.91 0.893 0.893 0.894 0.888 0.882 0.89 0.881 0.883 0.871 0.865 0.87 0.886 0.879 0.87 0.867 0.854 0.846 0.841 0.854 0.848 0.867 0.857 0.881 0.91 0.869 0.83 0.829 0.83 0.829 0.804 0.797 0.79 0.845 0.877 0.907 0.926 0.943 0.952 0.97 0.979 1.001 1.012 1.023 1.021 1.046 1.07 1.055 1.048 1.068 1.073 1.07 1.064 1.066 1.058 1.051 1.024 0.989 0.963 0.944 0.974 0.961 0.94 0.886
1.001 0.994 0.95 0.976 0.992 0.985 0.944 0.92 0.933 0.948 0.955 0.958 0.927 0.903 0.905 0.897 0.89 0.885 0.885 0.869 0.876 0.869 0.858 0.852 0.864 0.883 0.874 0.862 0.859 0.843 0.83 0.849 0.844 0.843 0.832 0.83 0.889 0.908 0.844 0.803 0.795 0.799 0.776 0.773 0.768 0.803 0.854 0.905 0.932 0.918 0.924 0.947 0.951 0.967 0.99 0.986 0.974 1.032 1.064 1.042 1.045 1.058 1.065 1.067 1.065 1.067 1.042 1.015 0.957 0.917 0.879 0.874 0.964 0.943 0.904 0.814
1.011 1.006 0.998 0.993 0.964 0.965 0.929 0.9 0.911 0.918 0.913 0.96 0.946 0.927 0.928 0.91 0.899 0.891 0.887 0.872 0.875 0.869 0.846 0.835 0.857 0.868 0.869 0.864 0.842 0.842 0.829 0.834 0.833 0.818 0.822 0.814 0.859 0.908 0.888 0.831 0.799 0.775 0.762 0.752 0.747 0.782 0.866 0.921 0.899 0.887 0.936 0.904 0.931 0.962 0.999 0.967 0.963 1.033 1.049 0.992 1.019 0.989 1.035 1.047 1.039 1.029 1.012 0.961 0.948 0.902 0.892 0.864 0.905 0.94 0.853 0.851
1.013 1.009 0.962 0.917 0.912 0.941 0.953 0.917 0.907 0.884 0.895 0.947 0.928 0.901 0.908 0.897 0.895 0.895 0.869 0.878 0.869 0.855 0.833 0.844 0.856 0.853 0.865 0.843 0.845 0.832 0.829 0.823 0.819 0.809 0.811 0.81 0.819 0.897 0.911 0.892 0.862 0.821 0.798 0.756 0.727 0.771 0.834 0.879 0.876 0.901 0.936 0.913 0.937 1 0.988 0.949 0.976 1.044 1.035 0.918 0.929 0.926 0.894 0.953 0.948 0.987 0.998 0.849 0.931 0.938 0.876 0.794 0.858 0.909 0.812 0.738
0.978 0.979 0.932 0.903 0.906 0.932 0.916 0.956 0.935 0.889 0.903 0.934 0.946 0.89 0.835 0.799 0.813 0.874 0.851 0.854 0.85 0.793 0.792 0.832 0.833 0.832 0.851 0.83 0.844 0.826 0.811 0.796 0.76 0.744 0.785 0.809 0.809 0.879 0.893 0.9 0.903 0.893 0.853 0.796 0.774 0.817 0.855 0.918 0.945 0.972 0.982 0.988 1.002 1.025 0.973 0.923 0.992 1.045 1.012 0.787 0.765 0.786 0.709 0.815 0.867 0.965 1.004 0.82 0.796 0.892 0.719 0.682 0.834 0.808 0.809 0.694
0.992 0.941 0.922 0.906 0.906 0.903 0.864 0.939 0.899 0.864 0.925 0.923 0.941 0.862 0.795 0.818 0.866 0.89 0.826 0.753 0.764 0.82 0.793 0.792 0.805 0.796 0.841 0.821 0.83 0.81 0.795 0.67 0.62 0.587 0.644 0.74 0.706 0.733 0.727 0.783 0.855 0.897 0.891 0.859 0.821 0.876 0.931 0.96 0.963 0.962 0.967 0.981 1.006 1.018 0.98 0.972 1.018 1.049 0.996 0.81 0.721 0.62 0.587 0.76 0.863 0.92 1.008 0.865 0.7 0.828 0.698 0.75 0.744 0.762 0.793 0.638
1.013 0.969 0.919 0.903 0.9 0.856 0.833 0.888 0.826 0.844 0.883 0.888 0.895 0.887 0.885 0.869 0.873 0.854 0.873 0.87 0.854 0.849 0.851 0.813 0.791 0.789 0.817 0.833 0.814 0.817 0.755 0.673 0.659 0.653 0.632 0.643 0.629 0.664 0.67 0.75 0.857 0.889 0.894 0.87 0.892 0.942 0.947 0.888 0.799 0.857 0.902 0.976 1.003 0.988 0.989 1.003 1.029 1.041 0.971 0.82 0.707 0.567 0.653 0.712 0.744 0.862 0.986 0.954 0.779 0.768 0.723 0.662 0.629 0.684 0.691 0.734
1.005 0.966 0.931 0.929 0.9 0.827 0.767 0.806 0.768 0.811 0.818 0.821 0.787 0.808 0.893 0.849 0.847 0.852 0.848 0.869 0.859 0.829 0.84 0.848 0.817 0.793 0.81 0.833 0.789 0.757 0.637 0.706 0.688 0.671 0.702 0.709 0.742 0.754 0.778 0.8 0.852 0.883 0.877 0.868 0.92 0.94 0.842 0.702 0.733 0.803 0.782 0.827 0.907 0.963 0.977 1.002 1.023 1.039 0.959 0.795 0.549 0.47 0.563 0.694 0.791 0.823 0.912 0.979 0.969 0.875 0.827 0.772 0.796 0.674 0.552 0.744
0.999 0.964 0.92 0.92 0.875 0.78 0.707 0.724 0.713 0.772 0.751 0.75 0.75 0.803 0.838 0.883 0.811 0.792 0.823 0.858 0.849 0.824 0.838 0.853 0.83 0.814 0.808 0.831 0.771 0.651 0.611 0.677 0.685 0.692 0.728 0.73 0.708 0.744 0.786 0.823 0.855 0.868 0.86 0.862 0.888 0.881 0.766 0.733 0.708 0.692 0.701 0.704 0.716 0.782 0.89 0.968 1.015 1.02 0.885 0.71 0.548 0.498 0.49 0.673 0.841 0.874 0.845 0.964 0.916 0.954 0.935 0.926 0.923 0.842 0.757 0.824
0.968 0.955 0.938 0.921 0.848 0.739 0.686 0.683 0.671 0.708 0.69 0.724 0.748 0.751 0.783 0.886 0.795 0.764 0.773 0.853 0.821 0.813 0.838 0.852 0.826 0.822 0.826 0.802 0.68 0.662 0.628 0.639 0.608 0.557 0.617 0.599 0.572 0.612 0.689 0.749 0.793 0.817 0.824 0.787 0.765 0.747 0.653 0.57 0.515 0.468 0.47 0.5 0.588 0.648 0.756 0.854 0.944 0.962 0.782 0.614 0.558 0.49 0.569 0.736 0.857 0.81 0.84 0.961 0.834 0.83 0.783 0.817 0.918 0.89 0.908 0.841
0.914 0.883 0.921 0.891 0.774 0.687 0.657 0.668 0.66 0.664 0.666 0.722 0.719 0.689 0.767 0.861 0.837 0.75 0.763 0.842 0.794 0.804 0.815 0.828 0.798 0.795 0.817 0.762 0.713 0.643 0.559 0.51 0.489 0.463 0.502 0.482 0.509 0.546 0.627 0.667 0.667 0.699 0.702 0.585 0.566 0.519 0.469 0.453 0.569 0.567 0.643 0.729 0.823 0.81 0.692 0.701 0.887 0.965 0.696 0.576 0.552 0.579 0.749 0.808 0.835 0.818 0.852 0.943 0.873 0.788 0.715 0.716 0.874 0.758 0.835 0.752
0.859 0.838 0.895 0.878 0.753 0.675 0.664 0.66 0.672 0.655 0.669 0.718 0.686 0.671 0.737 0.814 0.851 0.765 0.77 0.81 0.777 0.787 0.774 0.79 0.756 0.763 0.754 0.678 0.64 0.533 0.512 0.513 0.515 0.552 0.59 0.589 0.643 0.667 0.668 0.654 0.638 0.599 0.545 0.443 0.454 0.516 0.587 0.627 0.71 0.764 0.793 0.861 0.926 0.916 0.862 0.818 0.912 0.89 0.667 0.598 0.562 0.637 0.756 0.819 0.799 0.8 0.819 0.875 0.837 0.835 0.728 0.694 0.813 0.733 0.71 0.783
0.83 0.827 0.891 0.858 0.734 0.69 0.685 0.663 0.68 0.668 0.682 0.713 0.661 0.664 0.718 0.773 0.829 0.836 0.806 0.794 0.793 0.811 0.814 0.822 0.785 0.767 0.703 0.623 0.562 0.512 0.52 0.549 0.579 0.578 0.622 0.633 0.697 0.702 0.692 0.699 0.679 0.646 0.606 0.617 0.645 0.69 0.748 0.777 0.789 0.847 0.887 0.959 0.954 0.894 0.882 0.838 0.746 0.716 0.668 0.631 0.641 0.649 0.66 0.711 0.787 0.805 0.834 0.795 0.765 0.795 0.782 0.679 0.789 0.758 0.658 0.757
0.78 0.784 0.865 0.858 0.721 0.723 0.709 0.673 0.698 0.689 0.696 0.682 0.665 0.705 0.741 0.762 0.801 0.863 0.855 0.828 0.837 0.846 0.834 0.827 0.813 0.793 0.755 0.715 0.614 0.545 0.556 0.524 0.525 0.495 0.559 0.505 0.6 0.631 0.561 0.575 0.603 0.71 0.756 0.774 0.723 0.749 0.783 0.842 0.872 0.928 0.963 0.929 0.938 0.89 0.855 0.749 0.593 0.548 0.54 0.592 0.616 0.607 0.566 0.608 0.784 0.729 0.749 0.729 0.714 0.78 0.794 0.681 0.782 0.762 0.67 0.745
0.736 0.781 0.824 0.86 0.746 0.766 0.714 0.687 0.707 0.709 0.702 0.7 0.725 0.754 0.79 0.836 0.86 0.875 0.845 0.828 0.822 0.84 0.828 0.812 0.799 0.79 0.766 0.706 0.577 0.511 0.545 0.436 0.419 0.405 0.482 0.455 0.494 0.555 0.465 0.513 0.57 0.625 0.666 0.676 0.636 0.671 0.736 0.772 0.876 0.962 0.96 0.919 0.948 0.88 0.818 0.731 0.652 0.523 0.436 0.438 0.537 0.58 0.566 0.646 0.727 0.601 0.679 0.642 0.734 0.786 0.783 0.736 0.767 0.78 0.694 0.758
0.75 0.795 0.792 0.879 0.815 0.768 0.71 0.715 0.714 0.722 0.743 0.753 0.774 0.788 0.825 0.869 0.853 0.848 0.822 0.826 0.82 0.816 0.799 0.784 0.73 0.669 0.609 0.641 0.45 0.467 0.532 0.47 0.441 0.378 0.418 0.5 0.496 0.51 0.504 0.617 0.681 0.588 0.632 0.689 0.728 0.808 0.813 0.763 0.872 0.885 0.941 0.923 0.939 0.887 0.783 0.708 0.644 0.572 0.512 0.419 0.489 0.55 0.526 0.67 0.636 0.569 0.58 0.597 0.765 0.701 0.74 0.736 0.744 0.666 0.566 0.712
0.742 0.77 0.838 0.81 0.818 0.722 0.71 0.741 0.74 0.763 0.78 0.794 0.823 0.812 0.79 0.821 0.823 0.827 0.786 0.782 0.787 0.785 0.744 0.644 0.637 0.603 0.528 0.562 0.355 0.415 0.46 0.427 0.376 0.379 0.452 0.538 0.586 0.602 0.627 0.762 0.806 0.797 0.795 0.848 0.86 0.79 0.751 0.806 0.792 0.75 0.888 0.886 0.924 0.866 0.783 0.672 0.633 0.58 0.569 0.522 0.547 0.537 0.598 0.69 0.663 0.513 0.531 0.628 0.74 0.573 0.649 0.551 0.589 0.629 0.505 0.583
0.764 0.813 0.773 0.739 0.725 0.691 0.724 0.732 0.765 0.777 0.779 0.77 0.741 0.71 0.752 0.778 0.764 0.755 0.732 0.71 0.696 0.64 0.623 0.608 0.478 0.381 0.377 0.455 0.335 0.261 0.343 0.335 0.331 0.349 0.39 0.357 0.397 0.539 0.736 0.867 0.828 0.804 0.702 0.736 0.667 0.616 0.672 0.816 0.751 0.65 0.734 0.729 0.856 0.722 0.611 0.541 0.621 0.604 0.505 0.402 0.348 0.351 0.533 0.571 0.628 0.478 0.448 0.554 0.691 0.592 0.514 0.441 0.638 0.644 0.449 0.478
0.752 0.725 0.654 0.586 0.602 0.631 0.662 0.688 0.648 0.669 0.646 0.575 0.559 0.571 0.561 0.525 0.546 0.533 0.542 0.528 0.457 0.357 0.462 0.445 0.424 0.485 0.499 0.412 0.419 0.428 0.457 0.367 0.342 0.358 0.387 0.452 0.57 0.649 0.755 0.774 0.627 0.572 0.517 0.524 0.452 0.383 0.555 0.768 0.731 0.672 0.616 0.628 0.822 0.684 0.541 0.397 0.453 0.404 0.342 0.335 0.193 0.178 0.278 0.241 0.376 0.199 0.226 0.543 0.609 0.422 0.318 0.3 0.535 0.545 0.5 0.338
0.646 0.628 0.61 0.636 0.668 0.693 0.677 0.571 0.462 0.47 0.409 0.433 0.326 0.355 0.344 0.371 0.347 0.355 0.377 0.416 0.462 0.497 0.515 0.681 0.658 0.69 0.557 0.399 0.473 0.669 0.67 0.537 0.54 0.615 0.675 0.755 0.815 0.848 0.901 0.908 0.865 0.803 0.727 0.593 0.505 0.351 0.376 0.476 0.496 0.418 0.379 0.515 0.816 0.638 0.467 0.547 0.472 0.296 0.354 0.407 0.322 0.246 0.113 0.007 0.187 0.095 0.135 0.317 0.495 0.31 0.299 0.229 0.289 0.421 0.392 0.444
0.465 0.466 0.498 0.573 0.624 0.648 0.576 0.458 0.376 0.378 0.409 0.441 0.44 0.416 0.475 0.593 0.526 0.554 0.618 0.656 0.739 0.742 0.767 0.807 0.8 0.513 0.299 0.393 0.662 0.732 0.748 0.705 0.736 0.782 0.817 0.879 0.9 0.918 0.931 0.932 0.922 0.904 0.858 0.752 0.764 0.66 0.697 0.728 0.701 0.698 0.67 0.468 0.473 0.573 0.673 0.666 0.583 0.488 0.501 0.445 0.335 0.182 0.062 0.171 0.396 0.372 0.218 0.172 0.418 0.423 0.401 0.254 0.139 0.288 0.379 0.406
0.518 0.495 0.571 0.694 0.792 0.775 0.751 0.561 0.595 0.586 0.734 0.765 0.635 0.656 0.73 0.801 0.731 0.796 0.763 0.731 0.588 0.588 0.639 0.669 0.774 0.616 0.398 0.64 0.766 0.726 0.789 0.778 0.753 0.812 0.785 0.849 0.914 0.918 0.899 0.921 0.917 0.904 0.878 0.831 0.79 0.747 0.775 0.782 0.75 0.718 0.564 0.367 0.256 0.428 0.446 0.438 0.372 0.504 0.446 0.341 0.387 0.418 0.446 0.501 0.555 0.488 0.36 0.217 0.31 0.454 0.4 0.305 0.228 0.395 0.563 0.575
0.57 0.645 0.759 0.772 0.778 0.803 0.862 0.751 0.749 0.755 0.838 0.81 0.762 0.752 0.719 0.795 0.721 0.645 0.605 0.458 0.389 0.523 0.553 0.775 0.615 0.516 0.617 0.783 0.817 0.793 0.829 0.847 0.823 0.798 0.79 0.871 0.902 0.876 0.8 0.901 0.906 0.873 0.82 0.8 0.826 0.782 0.741 0.743 0.733 0.712 0.516 0.307 0.237 0.262 0.218 0.072 0.161 0.298 0.326 0.366 0.429 0.497 0.539 0.562 0.623 0.637 0.452 0.263 0.279 0.45 0.413 0.341 0.407 0.491 0.653 0.777
0.663 0.816 0.838 0.598 0.568 0.577 0.702 0.663 0.59 0.649 0.718 0.604 0.555 0.492 0.44 0.526 0.42 0.395 0.364 0.397 0.539 0.674 0.684 0.658 0.442 0.502 0.721 0.795 0.829 0.834 0.823 0.845 0.848 0.837 0.851 0.856 0.844 0.814 0.753 0.846 0.836 0.697 0.613 0.62 0.669 0.684 0.598 0.622 0.605 0.584 0.465 0.4 0.331 0.342 0.237 0.054 0.158 0.199 0.154 0.148 0.239 0.287 0.362 0.409 0.5 0.643 0.441 0.407 0.435 0.489 0.431 0.447 0.517 0.667 0.812 0.893
0.83 0.852 0.693 0.474 0.461 0.47 0.431 0.393 0.408 0.494 0.529 0.412 0.386 0.397 0.459 0.387 0.44 0.489 0.544 0.644 0.665 0.603 0.499 0.411 0.498 0.556 0.611 0.658 0.764 0.7 0.655 0.662 0.695 0.696 0.712 0.738 0.724 0.703 0.666 0.68 0.768 0.521 0.56 0.565 0.511 0.615 0.626 0.631 0.553 0.426 0.294 0.162 0.179 0.196 0.073 -0.006 0.11 0.123 0.212 0.313 0.481 0.445 0.443 0.542 0.572 0.725 0.606 0.515 0.478 0.503 0.58 0.723 0.802 0.89 0.924 0.928
0.728 0.699 0.532 0.445 0.459 0.454 0.402 0.408 0.472 0.476 0.586 0.525 0.389 0.494 0.687 0.584 0.668 0.672 0.656 0.652 0.508 0.322 0.3 0.432 0.5 0.408 0.322 0.483 0.665 0.429 0.406 0.454 0.435 0.394 0.422 0.452 0.432 0.47 0.34 0.453 0.634 0.612 0.502 0.373 0.319 0.358 0.441 0.437 0.502 0.41 0.194 0.096 0.161 0.096 -0.002 0.046 0.289 0.415 0.557 0.637 0.761 0.735 0.699 0.757 0.785 0.72 0.566 0.348 0.488 0.689 0.847 0.91 0.924 0.931 0.93 0.919
0.567 0.565 0.518 0.49 0.483 0.433 0.389 0.395 0.437 0.474 0.601 0.702 0.611 0.672 0.7 0.729 0.735 0.477 0.358 0.297 0.278 0.296 0.382 0.399 0.37 0.369 0.404 0.562 0.686 0.504 0.502 0.575 0.495 0.382 0.354 0.297 0.229 0.225 0.144 0.372 0.571 0.639 0.278 0.003 -0.065 0.003 0.088 0.12 0.351 0.478 0.266 0.275 0.231 0.089 0.049 0.261 0.556 0.698 0.758 0.8 0.827 0.808 0.794 0.763 0.787 0.602 0.41 0.419 0.687 0.874 0.923 0.928 0.928 0.933 0.934 0.934
0.459 0.462 0.496 0.472 0.395 0.33 0.338 0.505 0.595 0.618 0.689 0.719 0.642 0.501 0.438 0.412 0.413 0.26 0.232 0.204 0.27 0.343 0.314 0.284 0.312 0.346 0.41 0.485 0.671 0.529 0.538 0.546 0.482 0.477 0.397 0.284 0.128 0.054 0.148 0.399 0.675 0.416 0.098 -0.014 0.016 0.068 0.111 0.176 0.302 0.369 0.194 0.196 0.092 0.068 0.136 0.472 0.717 0.773 0.776 0.767 0.736 0.613 0.489 0.451 0.728 0.694 0.622 0.741 0.875 0.918 0.926 0.921 0.909 0.917 0.938 0.938
0.392 0.454 0.472 0.406 0.318 0.359 0.455 0.669 0.579 0.618 0.607 0.525 0.385 0.27 0.25 0.229 0.213 0.255 0.265 0.301 0.252 0.252 0.231 0.187 0.181 0.178 0.208 0.262 0.485 0.345 0.238 0.251 0.188 0.202 0.164 0.147 0.083 0.123 0.267 0.473 0.632 0.413 0.381 0.451 0.492 0.483 0.469 0.422 0.165 0.146 0.215 0.251 0.247 0.313 0.477 0.612 0.574 0.502 0.478 0.418 0.333 0.217 0.207 0.299 0.708 0.859 0.865 0.897 0.917 0.912 0.9 0.893 0.894 0.917 0.934 0.944
0.44 0.467 0.452 0.391 0.356 0.373 0.495 0.72 0.676 0.584 0.458 0.298 0.23 0.204 0.191 0.205 0.252 0.292 0.299 0.276 0.182 0.19 0.2 0.181 0.152 0.203 0.339 0.378 0.412 0.387 0.302 0.297 0.188 0.129 0.188 0.319 0.373 0.475 0.589 0.702 0.735 0.696 0.682 0.671 0.631 0.611 0.517 0.243 0.067 0.328 0.442 0.527 0.507 0.519 0.457 0.265 0.262 0.143 0.131 0.094 0.101 0.277 0.452 0.623 0.85 0.905 0.912 0.917 0.902 0.86 0.909 0.905 0.93 0.936 0.947 0.957
0.418 0.444 0.447 0.428 0.347 0.284 0.314 0.615 0.586 0.335 0.31 0.208 0.217 0.206 0.224 0.236 0.225 0.224 0.229 0.212 0.183 0.166 0.141 0.107 0.102 0.238 0.37 0.331 0.371 0.353 0.22 0.09 0.092 0.092 0.201 0.295 0.436 0.594 0.713 0.754 0.699 0.686 0.633 0.556 0.399 0.403 0.466 0.197 0.357 0.505 0.498 0.417 0.324 0.163 0.093 0.172 0.288 0.227 0.264 0.353 0.466 0.606 0.691 0.824 0.899 0.912 0.913 0.918 0.881 0.877 0.941 0.949 0.957 0.948 0.958 0.927
0.446 0.457 0.454 0.411 0.323 0.254 0.33 0.701 0.693 0.371 0.235 0.144 0.191 0.242 0.211 0.179 0.145 0.174 0.172 0.164 0.124 0.085 0.116 0.151 0.236 0.221 0.124 0.094 0.086 -0.021 -0.095 -0.206 -0.149 0.002 0.175 0.311 0.401 0.414 0.569 0.347 0.255 0.219 0.226 0.158 0.061 0.086 0.367 0.425 0.385 0.302 0.1 0.023 0.089 0.27 0.442 0.573 0.564 0.493 0.523 0.599 0.695 0.811 0.856 0.901 0.913 0.913 0.908 0.899 0.873 0.934 0.939 0.962 0.967 0.958 0.946 0.891
0.463 0.467 0.447 0.388 0.283 0.222 0.357 0.722 0.662 0.323 0.25 0.193 0.217 0.215 0.183 0.15 0.155 0.157 0.146 0.142 0.133 0.108 0.108 0.124 0.203 0.261 0.165 0.188 0.18 -0.021 -0.05 0.046 0.207 0.352 0.354 0.285 0.214 0.368 0.246 -0.017 -0.053 -0.033 0.02 -0.058 0.058 0.208 0.242 0.107 -0.056 -0.079 -0.154 -0.142 -0.007 0.428 0.7 0.751 0.735 0.722 0.776 0.821 0.872 0.901 0.9 0.901 0.898 0.909 0.894 0.877 0.894 0.951 0.959 0.931 0.873 0.925 0.932 0.839
