data/climatemaps/RS_maps/climate_postbreed_tmp_2012.asc
NCOLS 369 
NROWS 228 
XLLCORNER 479000 
YLLCORNER 73000 
CELLSIZE 1000 
NODATA_value -9 
[rows 102 to 135 of 228, columns 154 to 230 of 369]
0.427 0.3 0.247 0.19 0.251 0.334 0.424 0.513 0.586 0.632 0.633 0.426 0.022 -0.082 0.119 0.213 0.081 -0.162 -0.206 0.146 0.033 -0.184 -0.254 -0.173 -0.116 0.056 0.403 0.659 0.868 0.998 1.063 0.992 0.892 0.951 0.592 0.035 -0.011 0.061 0.489 0.971 0.76 0.238 -0.1 -0.228 -0.005 -0.182 -0.305 -0.107 0.201 -0.028 -0.311 -0.451 0.037 0.832 1.062 1.067 0.859 0.167 -0.391 -0.5 -0.518 -0.584 -0.634 -0.78 -1.008 -1.07 -0.788 -0.398 -0.188 -0.77 -0.797 -0.552 -0.362 0.211 -0.177 -0.741 -0.816
0.377 0.294 0.171 0.136 0.308 0.407 0.525 0.567 0.519 0.467 0.587 0.34 -0.085 -0.032 0.086 -0.017 -0.052 -0.071 0.082 0.029 -0.219 -0.226 -0.074 0.012 0.105 0.154 0.274 0.569 0.819 1 1.036 0.926 0.905 0.836 0.301 -0.245 -0.048 0.278 0.657 0.954 0.772 0.399 0.098 -0.219 -0.194 -0.312 -0.494 -0.393 -0.186 -0.304 -0.397 -0.367 0.039 0.535 0.908 1.062 0.938 0.44 -0.099 -0.356 -0.737 -0.867 -0.823 -1.042 -1.068 -0.859 -0.702 -0.432 -0.473 -0.789 -0.842 -0.84 -0.696 0.016 -0.205 -0.723 -0.814
0.374 0.331 0.223 0.276 0.41 0.493 0.496 0.411 0.233 0.138 0.442 0.311 0.062 -0.026 -0.158 -0.345 -0.192 -0.144 -0.056 -0.238 -0.249 -0.076 -0.13 -0.077 -0.099 -0.113 0.11 0.586 0.87 1.038 1.005 0.924 0.874 0.692 0.378 -0.015 0.114 0.303 0.477 0.875 0.725 0.175 -0.004 -0.133 -0.388 -0.61 -0.802 -0.69 -0.47 -0.213 0.06 0.18 0.337 0.44 0.77 1.063 1.05 0.815 0.307 -0.061 -0.526 -0.752 -0.822 -0.97 -0.962 -0.863 -0.666 -0.492 -0.858 -0.995 -1.035 -1.127 -0.859 -0.223 -0.064 -0.349 -0.738
0.499 0.371 0.317 0.344 0.465 0.455 0.372 0.159 -0.073 -0.023 0.433 0.302 0.096 -0.191 -0.529 -0.349 -0.407 -0.296 -0.145 -0.284 -0.165 -0.186 -0.32 -0.212 -0.171 0.006 0.38 0.714 0.982 1.056 0.967 0.934 0.822 0.501 0.173 -0.043 0.027 -0.01 0.214 0.821 0.618 -0.082 -0.403 -0.464 -0.709 -0.824 -0.762 -0.507 -0.216 0.208 0.17 0.069 0.338 0.223 0.748 1.063 1.063 0.9 0.15 -0.289 -0.514 -0.584 -0.587 -0.636 -0.693 -0.929 -0.887 -0.763 -0.998 -1.202 -1.014 -0.844 -0.608 -0.359 -0.362 -1 -1.132
0.458 0.511 0.463 0.446 0.488 0.374 0.187 -0.197 -0.211 0.145 0.465 0.339 0.031 -0.384 -0.47 -0.497 -0.585 -0.317 -0.241 -0.194 -0.256 -0.259 -0.137 -0.002 0.122 0.275 0.546 0.821 1.04 1.031 0.95 0.855 0.704 0.334 -0.125 -0.287 -0.144 -0.04 0.428 0.869 0.563 0.098 -0.226 -0.544 -0.907 -0.891 -0.601 -0.312 -0.119 0.196 -0.337 -0.167 0.055 0.086 0.703 1.055 1.061 0.942 0.261 -0.324 -0.469 -0.274 -0.227 -0.328 -0.428 -0.776 -0.97 -1.078 -1.274 -1.305 -1.157 -0.847 -0.611 -0.638 -0.633 -1.117 -1.159
0.355 0.461 0.503 0.502 0.384 0.242 -0.068 -0.366 -0.135 0.091 0.401 0.326 -0.158 -0.329 -0.428 -0.596 -0.554 -0.346 -0.225 -0.115 -0.236 -0.13 0.084 0.235 0.391 0.518 0.71 0.96 1.058 0.991 0.897 0.734 0.569 0.196 -0.316 -0.517 -0.248 0.117 0.766 0.741 0.302 0.419 0.14 -0.288 -0.559 -0.671 -0.632 -0.525 -0.339 -0.001 -0.521 -0.139 -0.106 -0.277 0.314 0.952 1.059 1.049 0.835 0.234 0.149 0.261 0.224 0.048 -0.045 -0.348 -0.474 -0.63 -0.819 -1.177 -1.393 -1.017 -0.962 -1.013 -1.166 -1.319 -0.85
0.324 0.46 0.461 0.491 0.274 -0.006 -0.241 -0.223 -0.067 0.045 0.395 0.33 -0.295 -0.157 -0.253 -0.413 -0.48 -0.365 -0.223 -0.14 0.012 0.125 0.295 0.456 0.578 0.68 0.904 1.056 1.034 0.922 0.83 0.655 0.332 -0.13 -0.515 -0.528 -0.193 0.318 0.855 0.652 0.273 0.355 0.146 -0.317 -0.615 -0.966 -0.737 -0.501 -0.173 -0.205 -0.68 -0.19 -0.446 -0.904 -0.07 0.633 1.022 1.047 1.027 0.863 0.736 0.679 0.575 0.482 0.355 0.096 -0.065 -0.182 -0.41 -0.594 -0.764 -0.784 -0.835 -0.961 -1.23 -1.142 -0.608
0.289 0.439 0.496 0.492 0.236 -0.063 -0.089 -0.024 -0.005 0.182 0.377 0.373 0.01 0.024 -0.137 -0.359 -0.451 -0.425 -0.34 -0.255 0.116 0.361 0.54 0.683 0.791 0.925 1.048 1.076 1.003 0.841 0.759 0.397 -0.084 -0.422 -0.643 -0.665 -0.17 0.545 0.859 0.527 0.031 -0.287 -0.265 -0.534 -0.818 -1.081 -0.919 -0.678 -0.267 -0.658 -1.266 -0.954 -1.166 -0.997 -0.127 0.272 0.745 1.031 1.02 0.981 0.754 0.45 0.259 0.054 0.207 0.245 0.177 0.084 -0.004 -0.086 -0.143 -0.255 -0.415 -0.812 -1.002 -0.97 -0.755
0.296 0.404 0.52 0.356 0.165 0.124 0.106 0.025 -0.106 -0.012 0.23 0.397 0.19 0.06 -0.125 -0.369 -0.287 -0.389 -0.235 -0.039 0.211 0.503 0.75 0.91 1.014 1.07 1.076 1.031 0.88 0.61 0.551 0.457 0.101 -0.023 -0.421 -0.64 0.132 0.745 0.628 -0.006 -0.525 -0.948 -0.757 -0.841 -1.01 -1.349 -1.27 -1.296 -0.759 -0.955 -1.639 -1.51 -1.04 -0.288 -0.015 -0.166 0.371 0.928 1.026 0.932 0.534 0.142 0.112 -0.284 -0.378 -0.347 -0.351 -0.111 0.205 -0.141 -0.266 -0.332 -0.563 -1.038 -1.296 -1.197 -1.094
0.23 0.373 0.484 0.135 -0.07 -0.008 0.059 -0.149 -0.388 -0.273 0.211 0.298 -0.05 -0.165 -0.134 -0.385 -0.187 -0.167 -0.009 0.252 0.425 0.699 0.963 1.045 1.081 1.085 0.986 0.841 0.564 0.26 -0.044 0.394 0.456 0.034 -0.439 -0.323 0.184 0.689 0.456 -0.095 -0.635 -1.245 -1.187 -1.119 -1.206 -1.448 -1.451 -1.576 -1.489 -1.342 -1.534 -1.638 -0.86 -0.294 -0.44 -0.309 0.281 0.784 1.011 0.687 0.307 0.068 -0.082 -0.364 -0.778 -0.872 -0.951 -0.532 0.011 -0.649 -0.858 -0.862 -1.034 -1.207 -1.714 -1.639 -1.699
0.204 0.391 0.328 0.098 -0.108 -0.168 -0.129 -0.587 -0.505 -0.171 0.25 0.159 -0.319 -0.354 -0.22 -0.399 -0.179 0.037 0.205 0.462 0.677 0.888 1.023 1.075 1.087 0.964 0.695 0.5 0.145 -0.205 -0.451 0.099 0.506 0.094 -0.361 -0.226 -0.144 0.46 0.575 -0.054 -0.54 -0.858 -0.786 -0.718 -1.015 -1.176 -1.329 -1.559 -1.543 -1.352 -1.59 -1.56 -0.89 -0.518 -0.506 -0.293 0.099 0.652 0.998 0.44 -0.215 -0.385 -0.389 -0.662 -1.115 -1.166 -0.803 -0.41 -0.184 -0.89 -1.253 -1.371 -1.379 -1.545 -2.046 -2.069 -2.161
0.356 0.287 0.029 0.051 -0.006 -0.193 -0.484 -0.682 -0.343 -0.012 0.247 0.087 -0.439 -0.547 -0.44 -0.355 -0.134 0.099 0.22 0.298 0.636 0.978 1.05 1.079 0.909 0.586 0.162 0.037 -0.182 -0.584 -0.31 0.407 0.405 -0.078 -0.606 -0.736 -0.586 0.046 0.497 0.101 -0.271 -0.443 -0.122 -0.4 -1.039 -1.276 -1.487 -1.333 -1.043 -0.88 -1.248 -1.214 -0.875 -0.543 -0.554 -0.499 -0.121 0.491 0.984 0.599 -0.318 -0.908 -0.956 -1.135 -1.207 -1.138 -0.783 -0.321 -0.336 -0.921 -1.405 -1.693 -1.864 -1.974 -2.038 -2.039 -2.126
0.331 0.046 -0.045 0.073 -0.009 -0.284 -0.761 -0.538 -0.207 0.036 0.181 0.172 -0.063 -0.37 -0.484 -0.256 -0.053 -0.056 0.022 0.23 0.592 0.922 0.992 1.056 0.643 0.406 -0.106 -0.447 -0.612 -0.545 -0.033 0.413 0.158 -0.342 -0.871 -0.913 -0.635 0.094 0.417 0.179 0.039 0.039 0.166 -0.446 -1.119 -1.248 -1.468 -1.014 -0.717 -0.793 -1.029 -1.316 -1.144 -1.058 -0.942 -0.686 -0.312 0.309 0.874 0.879 0.097 -0.667 -0.995 -1.3 -1.195 -1.084 -0.843 -0.369 -0.602 -1.314 -1.729 -1.718 -1.902 -2.112 -1.901 -1.842 -2.018
0.335 0.247 0.258 0.193 0.001 -0.448 -0.713 -0.406 -0.114 0.001 -0.032 0.095 0.167 0.018 -0.264 -0.306 -0.262 -0.311 -0.228 -0.138 0.284 0.456 0.758 0.817 0.126 0.082 0.147 -0.448 -0.815 -0.433 -0.169 0.351 -0.015 -0.655 -1.047 -0.727 -0.29 0.001 0.268 0.295 0.299 0.311 0.211 -0.365 -0.86 -1.063 -1.383 -0.92 -0.605 -1.076 -1.437 -1.464 -1.13 -0.947 -0.505 -0.116 0.084 0.293 0.55 0.937 0.551 -0.074 -0.558 -1.02 -1.143 -1.578 -1.39 -1.142 -1.581 -1.826 -1.679 -1.328 -1.283 -1.711 -1.74 -1.783 -1.999
0.423 0.433 0.424 0.412 0.221 -0.341 -0.481 -0.204 -0.013 -0.028 -0.149 -0.133 -0.008 0.1 0.004 -0.122 -0.249 -0.506 -0.523 -0.141 -0.011 0.331 0.777 0.496 -0.348 -0.111 0.199 -0.263 -0.762 -0.617 -0.17 0.311 -0.158 -0.734 -1.162 -1.252 -0.634 -0.209 -0.083 -0.003 0.1 0.071 0.197 0.06 -0.305 -0.859 -0.991 -0.536 -0.641 -1.555 -1.747 -1.118 -0.718 -0.573 -0.48 -0.193 -0.176 -0.263 0.094 0.743 0.875 0.433 -0.286 -0.986 -1.422 -1.819 -1.617 -1.608 -1.582 -1.569 -1.324 -0.837 -1.221 -1.513 -1.737 -1.838 -1.878
0.172 0.168 0.192 0.232 0.283 0.16 0.087 0.081 -0.036 -0.061 -0.201 -0.319 -0.214 -0.16 -0.147 -0.244 -0.295 -0.617 -0.584 -0.297 -0.11 0.596 0.795 0.29 -0.475 -0.113 -0.022 -0.344 -0.696 -0.532 0.066 0.174 -0.305 -0.747 -1.116 -1.415 -1.214 -0.632 -0.455 -0.396 -0.239 -0.459 -0.258 -0.04 0 -0.35 -0.374 -0.267 -0.807 -1.649 -1.623 -1.084 -0.93 -0.796 -1.025 -0.921 -0.984 -0.768 -0.327 0.412 0.924 0.591 -0.254 -1.218 -1.735 -1.514 -1.352 -1.209 -1.072 -0.918 -0.591 -0.847 -1.714 -1.973 -2.055 -1.517 -1.516
-0.128 -0.201 -0.274 -0.252 -0.202 0.024 0.196 0.005 -0.136 -0.213 -0.322 -0.558 -0.702 -0.705 -0.67 -0.728 -0.65 -0.775 -0.544 -0.29 0.179 0.754 0.721 0.241 -0.449 -0.18 -0.36 -0.595 -0.737 -0.587 -0.125 -0.24 -0.57 -1.016 -1.19 -1.284 -1.297 -1.15 -0.889 -0.669 -0.661 -1.014 -0.926 -0.803 -0.17 -0.184 -0.386 -0.714 -1.249 -1.811 -1.802 -1.578 -1.548 -1.478 -1.544 -1.292 -0.987 -1.004 -0.627 -0.019 0.764 0.662 -0.15 -1.028 -1.261 -1.049 -1.077 -0.864 -0.588 -0.317 -0.468 -1.244 -1.945 -1.852 -1.869 -1.651 -1.105
-0.61 -0.756 -0.694 -0.495 -0.194 0.108 0.066 -0.159 -0.332 -0.552 -0.622 -0.629 -0.82 -0.831 -0.652 -0.664 -0.709 -0.683 -0.364 0.037 0.552 0.819 0.61 0.063 -0.413 -0.225 -0.453 -0.854 -0.875 -0.62 -0.554 -0.756 -0.856 -1.05 -0.981 -0.902 -0.965 -1.175 -1.155 -1.005 -0.986 -1.356 -1.667 -1.352 -0.768 -0.835 -0.98 -1.475 -1.822 -1.985 -1.999 -1.81 -1.738 -1.811 -1.532 -1.262 -0.953 -0.733 -0.685 -0.083 0.77 0.639 -0.054 -0.59 -0.44 -0.38 -0.419 -0.226 -0.118 -0.387 -0.789 -1.188 -1.732 -1.654 -1.372 -1.578 -1.138
-0.507 -0.634 -0.459 -0.28 -0.094 0.086 -0.121 -0.417 -0.628 -0.656 -0.438 -0.148 -0.213 -0.217 -0.098 -0.111 -0.139 -0.478 -0.355 0.189 0.554 0.669 0.321 -0.247 -0.606 -0.498 -0.42 -0.942 -0.978 -0.759 -0.751 -0.841 -0.898 -0.881 -0.659 -0.641 -0.79 -0.915 -1.101 -1.354 -1.518 -1.636 -1.943 -1.636 -1.505 -1.604 -1.574 -1.656 -1.644 -1.627 -1.839 -1.684 -1.304 -1.6 -1.59 -1.203 -1.003 -0.549 -0.203 0.168 0.782 0.674 0.462 0.259 0.189 0.069 -0.033 -0.178 -0.594 -1.206 -1.36 -1.203 -1.726 -1.769 -1.213 -1.098 -0.96
-0.359 -0.462 -0.316 -0.195 -0.139 -0.02 -0.371 -0.57 -0.383 -0.051 0.253 0.416 0.448 0.442 0.458 0.38 0.413 -0.003 -0.207 0.14 0.401 0.422 0.078 -0.278 -0.527 -0.581 -0.612 -0.865 -1.026 -1.114 -0.899 -0.884 -0.935 -0.631 -0.426 -0.699 -0.977 -1.349 -1.553 -1.543 -1.333 -1.142 -1.445 -1.637 -1.685 -1.648 -1.642 -1.252 -0.974 -1.385 -1.769 -1.651 -0.978 -1.304 -1.316 -0.922 -0.568 -0.286 0.189 0.617 0.654 0.102 -0.123 0.179 0.048 -0.214 -0.438 -0.875 -1.297 -1.764 -1.506 -1.361 -1.922 -1.668 -1.324 -1.038 -0.82
-0.387 -0.432 -0.309 -0.254 -0.146 -0.319 -0.458 -0.195 0.345 0.697 0.879 0.926 0.901 0.876 0.836 0.79 0.804 0.621 0.293 0.335 0.456 0.321 0.242 0.079 -0.172 -0.369 -0.568 -0.722 -0.726 -1.021 -1.241 -1.011 -0.677 -0.295 -0.675 -1.175 -1.319 -1.334 -1.189 -0.763 -0.61 -0.923 -1.488 -1.863 -1.402 -1.187 -1.289 -1.177 -0.722 -1.319 -1.343 -1.687 -1.007 -0.665 -0.831 -1.06 -0.723 -0.176 0.418 0.531 0.059 -0.627 -0.926 -0.403 -0.206 -0.644 -0.946 -1.418 -1.906 -1.931 -1.404 -1.538 -1.725 -1.495 -1.401 -1.46 -1.277
-0.373 -0.415 -0.341 -0.373 -0.458 -0.375 0.017 0.535 0.9 1.032 1.057 1.062 1.059 1.048 0.995 0.974 0.979 0.957 0.83 0.808 0.785 0.696 0.54 0.425 0.174 -0.046 -0.223 -0.491 -0.694 -0.937 -1.112 -0.551 -0.144 -0.531 -0.936 -0.847 -0.533 -0.391 -0.381 -0.499 -0.906 -1.344 -1.614 -1.713 -1.385 -0.801 -0.679 -0.768 -0.625 -0.834 -0.933 -1.197 -1.258 -1.104 -0.638 -0.675 -0.518 0.16 0.523 0.208 -0.524 -1.373 -1.381 -0.73 -0.237 -0.89 -1.326 -1.631 -2.179 -2.065 -1.624 -1.733 -1.726 -1.606 -1.577 -1.534 -1.324
-0.124 -0.251 -0.296 -0.551 -0.504 0.118 0.67 0.972 1.06 1.067 1.07 1.041 0.941 0.906 0.989 1.005 1.012 1.023 1.023 0.984 0.997 1.004 0.924 0.669 0.394 0.272 -0.034 -0.444 -0.809 -0.972 -0.533 -0.042 -0.343 -0.73 -0.573 -0.125 0.099 0.07 -0.015 -0.341 -0.639 -1.054 -1.161 -1.365 -1.109 -0.878 -1.04 -0.793 -0.603 -0.429 -0.457 -0.589 -0.843 -1.121 -0.954 -0.391 -0.257 0.382 0.325 -0.061 -0.874 -1.695 -1.65 -0.995 -0.484 -1.074 -1.685 -1.631 -1.868 -2.039 -1.832 -1.73 -1.658 -1.539 -1.354 -1.233 -0.966
0.112 -0.043 -0.295 -0.422 0.078 0.725 1.007 1.061 1.07 1.067 0.905 0.598 0.378 0.282 0.33 0.421 0.303 0.4 0.471 0.499 0.578 0.919 1.024 1.005 0.85 0.518 0.237 -0.173 -0.612 -0.51 0 -0.151 -0.226 -0.001 -0.005 0.1 -0.345 -0.616 -0.663 -0.602 -0.676 -0.843 -0.836 -1.107 -1.205 -1.197 -1.697 -1.49 -1.259 -0.845 -0.579 -0.256 -0.26 -0.46 -0.819 -0.511 0.179 0.394 -0.358 -0.357 -0.894 -1.492 -1.665 -1.28 -0.912 -1.041 -1.517 -1.293 -1.626 -1.982 -1.686 -1.42 -1.301 -1.163 -1.102 -0.767 -0.604
0.047 -0.239 -0.181 0.22 0.755 1.02 1.065 1.067 1.031 0.78 0.238 0.148 -0.038 -0.202 -0.178 -0.454 -0.655 -0.263 -0.209 -0.178 -0.078 0.249 0.685 0.911 0.978 0.879 0.606 0.128 0.046 0.163 0.289 0.351 0.417 0.369 0.222 -0.257 -0.949 -1.278 -1.389 -1.334 -1.207 -1.192 -1.01 -1.282 -1.664 -1.49 -1.985 -2.1 -1.689 -1.47 -1.077 -0.528 -0.342 -0.164 -0.222 -0.185 0.399 -0.04 -0.927 -0.532 -1.053 -1.543 -1.639 -1.429 -1.215 -1.227 -1.543 -1.143 -1.569 -1.761 -1.513 -1.185 -0.862 -0.694 -0.645 -0.236 0.003
-0.095 0.285 0.577 0.855 1.04 1.064 1.067 0.998 0.613 0.146 -0.214 0.032 -0.391 -0.636 -0.761 -0.705 -0.612 -0.566 -0.913 -0.61 -0.679 -0.478 -0.031 0.417 0.67 0.771 0.846 0.691 0.628 0.514 0.391 0.153 -0.138 -0.236 -0.193 -0.407 -1.141 -1.476 -1.689 -1.812 -1.527 -1.287 -1.346 -1.517 -2.168 -1.758 -1.818 -2.203 -1.952 -1.606 -1.246 -0.979 -1.047 -0.717 -0.18 0.249 0.328 -0.454 -1.213 -0.681 -1.111 -1.454 -1.77 -1.746 -1.554 -1.365 -1.502 -1.135 -1.266 -1.482 -1.211 -0.938 -0.599 -0.288 -0.075 0.147 0.156
0.499 0.87 1.017 1.054 1.06 1.019 0.848 0.525 -0.138 -0.535 -0.505 -0.351 -0.563 -0.984 -1.029 -1.062 -1.162 -1.238 -0.955 -0.881 -1.004 -0.583 -0.138 0.084 0.015 0.293 0.699 0.911 0.63 -0.015 -0.378 -0.669 -0.861 -1.086 -0.912 -0.385 -0.744 -1.094 -1.413 -1.809 -1.855 -1.854 -1.855 -1.931 -2.442 -1.827 -1.387 -1.849 -2.025 -1.755 -1.699 -1.48 -1.287 -0.846 -0.246 0.359 -0.061 -0.84 -1.469 -0.99 -1.01 -1.607 -1.999 -1.832 -1.785 -1.229 -1.214 -1.114 -0.818 -1.057 -0.984 -0.649 -0.36 -0.072 0.098 0.115 -0.262
0.959 1.018 1.044 1.051 1.005 0.645 0.185 0.027 -0.575 -0.852 -0.692 -0.575 -0.647 -1.229 -1.491 -1.684 -1.574 -1.289 -1.142 -1.096 -0.88 -0.514 -0.082 -0.278 -0.535 -0.326 0.367 0.68 0.627 -0.312 -0.953 -1.162 -1.339 -1.608 -1.411 -0.96 -0.719 -0.677 -1.29 -1.867 -2.253 -2.292 -2.198 -2.246 -2.45 -1.904 -1.286 -1.297 -1.698 -1.979 -1.975 -1.503 -1.156 -0.865 -0.187 0.265 -0.451 -1.167 -1.683 -1.232 -1.137 -1.804 -2.01 -1.584 -1.614 -1.259 -0.85 -0.805 -0.461 -0.585 -0.618 -0.65 -0.322 -0.027 -0.062 -0.148 -0.78
1.032 1.028 0.976 0.862 0.619 0.01 -0.558 -0.702 -0.854 -0.976 -0.863 -0.867 -0.786 -1.128 -1.52 -1.695 -1.374 -1.108 -0.885 -0.685 -0.451 -0.156 -0.225 -0.823 -0.865 0.204 0.492 0.15 0.582 0.134 -0.562 -0.914 -1.156 -1.514 -1.659 -1.433 -1.039 -0.72 -1.339 -1.996 -2.294 -2.061 -1.982 -2.027 -2.197 -2.027 -1.575 -1.227 -1.066 -1.542 -1.76 -1.296 -1.083 -0.928 -0.273 0.2 -0.686 -1.342 -1.777 -1.526 -1.332 -1.789 -1.602 -1.533 -1.031 -0.982 -0.54 -0.328 -0.198 -0.153 -0.114 -0.103 -0.052 -0.107 -0.329 -0.167 -0.41
1.022 0.921 0.699 0.38 -0.073 -0.535 -1.044 -1.005 -1.081 -1.255 -1.351 -1.347 -1.168 -1.308 -1.374 -1.386 -1.177 -0.919 -0.742 -0.413 -0.319 -0.34 -0.541 -1.307 -0.752 0.59 0.132 -0.533 0.169 0.457 0.181 -0.431 -0.699 -1.139 -1.593 -1.802 -1.494 -1.211 -1.504 -1.96 -2.326 -1.917 -1.481 -1.464 -1.811 -2.003 -1.913 -1.46 -0.908 -0.847 -1.091 -0.884 -0.631 -0.391 -0.056 0.16 -0.526 -1.051 -1.629 -1.678 -1.53 -1.541 -1.18 -1.316 -0.851 -0.596 -0.347 -0.232 -0.436 -0.288 -0.35 -0.347 -0.486 -0.482 -0.274 -0.16 -0.445
0.902 0.498 0.17 -0.082 -0.628 -0.852 -1.065 -1.255 -1.313 -1.354 -1.477 -1.313 -1.25 -1.257 -1.088 -0.979 -0.907 -0.759 -0.516 -0.407 -0.863 -0.994 -0.823 -1.386 -0.643 0.487 -0.298 -1.078 -0.367 0.146 0.38 0.118 -0.15 -0.774 -1.397 -1.93 -1.921 -1.827 -1.744 -1.928 -2.299 -2.191 -1.502 -1.142 -1.198 -1.605 -1.766 -1.506 -1.202 -0.893 -0.463 -0.248 -0.085 -0.134 -0.064 -0.264 -0.799 -1.276 -1.437 -1.28 -1.165 -1.126 -1.088 -0.967 -0.731 -0.457 -0.446 -0.74 -0.747 -0.474 -0.822 -0.619 -0.876 -0.787 -0.402 -0.296 -0.865
0.731 0.037 -0.393 -0.599 -0.602 -0.657 -0.879 -1.064 -1.065 -0.938 -1.15 -1.102 -1.034 -0.863 -0.788 -0.605 -0.603 -0.73 -0.664 -0.864 -1.608 -1.574 -1.388 -1.26 -0.604 0.205 -0.62 -1.507 -1.047 -0.581 0.03 0.289 0.24 -0.378 -1.032 -1.796 -2.149 -2.276 -2.015 -2.061 -2.462 -2.585 -2.031 -1.487 -1.032 -0.959 -1.204 -1.075 -0.793 -0.524 -0.362 -0.472 -0.624 -0.859 -0.301 -0.722 -1.184 -1.258 -0.999 -1.097 -1.361 -1.08 -0.976 -0.653 -0.5 -0.758 -0.97 -1.221 -0.748 -0.746 -1.166 -0.882 -1.256 -1.018 -0.38 -0.435 -1.148
0.815 0.211 -0.42 -0.391 -0.163 -0.225 -0.326 -0.329 -0.506 -0.539 -0.605 -0.534 -0.722 -0.493 -0.373 -0.285 -0.378 -0.853 -1.647 -1.761 -2.078 -1.994 -1.912 -1.365 -0.768 -0.117 -0.555 -1.327 -1.58 -1.029 -0.544 -0.291 0.088 -0.176 -1.182 -1.772 -1.885 -2.41 -2.206 -2.192 -2.5 -2.696 -2.464 -1.842 -1.417 -0.968 -0.672 -0.65 -0.594 -0.73 -0.963 -1.201 -1.322 -1.075 -0.47 -0.481 -0.824 -0.847 -1.055 -1.47 -1.648 -1.147 -0.774 -0.826 -0.792 -1.311 -1.392 -1.282 -0.773 -1.063 -1.398 -1.211 -1.427 -1.042 -0.423 -0.51 -1.039
0.607 0.633 0.269 0.365 0.472 0.487 0.424 0.387 0.236 0.019 -0.004 -0.066 -0.29 -0.13 -0.014 -0.02 -0.336 -1.418 -2.45 -2.577 -2.445 -2.267 -2.143 -1.582 -1.148 -0.721 -0.721 -0.891 -1.378 -1.74 -1.407 -1.013 -0.321 -0.164 -1.163 -1.576 -1.657 -2.328 -2.439 -2.268 -2.342 -2.628 -2.478 -1.89 -1.259 -1.062 -1.277 -1.117 -1.352 -1.544 -1.635 -1.597 -1.199 -0.694 -0.26 -0.251 -0.452 -0.699 -1.101 -1.621 -1.665 -1.332 -1.133 -1.256 -0.862 -1.533 -1.597 -1.2 -0.87 -1.309 -1.554 -1.483 -1.234 -0.706 -0.455 -0.749 -1.07
