data/climatemaps/RS_maps/climate_winter_tmin_2013.asc
NCOLS 369 
NROWS 228 
XLLCORNER 479000 
YLLCORNER 73000 
CELLSIZE 1000 
NODATA_value -9 
[rows 170 to 203 of 228, columns 77 to 153 of 369]
0.569 0.965 1.103 1.09 1.071 1.055 1.021 0.919 0.52 0.404 0.528 0.526 0.27 0.041 -0.427 -0.645 -0.591 -0.633 -0.624 -0.631 -0.493 -0.366 -0.398 -0.334 -0.856 -1.431 -1.711 -1.744 -1.508 -1.507 -1.345 -1.24 -1.18 -1.283 -1.499 -1.555 -1.431 -1.455 -1.551 -1.644 -1.537 -1.305 -1.06 -0.801 -0.362 -0.724 -1.075 -0.964 -0.741 -0.555 -0.326 -0.245 -0.096 -0.147 -0.098 -0.064 -0.091 0.056 0.226 -0.04 -0.163 -0.237 -0.055 -0.221 -0.239 -0.176 -0.09 0.351 0.12 -0.037 -0.108 -0.022 -0.005 -0.006 -0.207 -0.239 -0.221
0.46 0.814 1.074 1.084 1.068 1.049 1.025 0.986 0.821 0.704 0.616 0.371 -0.039 -0.321 -0.454 -0.536 -0.569 -0.558 -0.488 -0.491 -0.59 -0.581 -0.793 -0.629 -1.002 -1.553 -1.792 -1.742 -1.599 -1.476 -1.35 -1.23 -1.049 -0.889 -1.166 -1.255 -1.168 -1.411 -1.28 -1.352 -1.264 -1.048 -0.805 -0.549 -0.188 -0.675 -0.769 -0.702 -0.508 -0.298 -0.039 0.126 0.163 0.238 0.309 0.272 0.301 0.388 0.409 0.291 0.223 0.119 0.166 0.177 0.245 0.286 0.374 0.572 0.469 0.482 0.381 0.37 0.394 0.272 0.226 0.219 0.293
0.418 0.733 0.98 1.076 1.062 1.045 1.028 0.996 0.884 0.679 0.535 0.241 -0.11 -0.227 -0.205 -0.367 -0.351 -0.32 -0.368 -0.437 -0.656 -0.904 -1.278 -1.346 -1.547 -1.853 -1.512 -1.465 -1.438 -1.367 -1.286 -1.285 -1.035 -0.681 -0.728 -0.776 -0.999 -1.436 -1.021 -1.039 -1.036 -0.766 -0.468 -0.205 -0.195 -0.526 -0.559 -0.471 -0.292 -0.117 0.093 0.289 0.356 0.433 0.48 0.481 0.509 0.509 0.487 0.472 0.473 0.429 0.458 0.542 0.577 0.607 0.618 0.61 0.585 0.597 0.639 0.648 0.636 0.645 0.588 0.585 0.631
0.264 0.537 0.774 1.072 1.057 1.04 1.024 1.004 0.933 0.81 0.627 0.226 0.054 0.086 -0.039 -0.235 -0.215 -0.321 -0.519 -0.598 -0.693 -0.874 -1.175 -1.375 -1.548 -1.535 -1.043 -0.815 -0.907 -0.927 -1.117 -1.312 -1.152 -0.839 -0.551 -0.407 -0.982 -1.377 -0.868 -0.747 -0.754 -0.494 -0.235 -0.038 -0.291 -0.441 -0.443 -0.323 -0.116 0.128 0.293 0.405 0.456 0.494 0.499 0.482 0.449 0.422 0.402 0.412 0.5 0.556 0.568 0.517 0.535 0.401 0.37 0.304 0.208 0.251 0.4 0.498 0.553 0.6 0.627 0.627 0.654
0.011 0.218 0.568 1.017 1.054 1.037 1.018 0.999 0.952 0.951 0.725 0.395 0.333 0.308 0.104 -0.057 -0.157 -0.295 -0.442 -0.486 -0.471 -0.653 -0.852 -0.996 -1.085 -0.975 -0.67 -0.419 -0.478 -0.799 -1.202 -1.259 -1.096 -0.85 -0.524 -0.195 -0.847 -1.049 -0.638 -0.563 -0.481 -0.263 -0.057 0.049 -0.216 -0.325 -0.272 -0.138 0.056 0.318 0.441 0.483 0.49 0.42 0.278 0.16 -0.026 -0.009 0.217 0.094 0.26 0.367 0.309 0.221 0.344 0.045 -0.094 -0.19 -0.257 -0.129 0.052 0.213 0.231 0.187 0.203 0.208 0.252
-0.138 -0.033 0.381 0.847 1.024 1.035 1.017 1.003 0.974 0.96 0.832 0.614 0.547 0.311 0.106 0.069 0.016 -0.093 -0.234 -0.403 -0.518 -0.821 -0.895 -0.955 -0.978 -0.846 -0.479 -0.359 -0.369 -0.87 -1.345 -1.189 -0.917 -0.595 -0.339 -0.093 -0.698 -0.665 -0.348 -0.328 -0.25 -0.065 0.121 0.088 -0.142 -0.094 0.028 0.113 0.299 0.451 0.494 0.47 0.351 0.028 -0.26 -0.497 -0.518 -0.27 -0.121 -0.394 -0.193 -0.093 -0.199 -0.135 0.123 -0.295 -0.581 -0.673 -0.579 -0.335 -0.136 -0.034 0.038 -0.076 -0.187 -0.142 -0.037
-0.143 -0.231 0.099 0.574 0.862 0.937 1.018 1.001 0.983 0.95 0.895 0.78 0.579 0.365 0.241 0.237 -0.029 -0.308 -0.5 -0.709 -0.838 -0.788 -0.985 -1.203 -1.255 -0.922 -0.613 -0.626 -0.204 -0.624 -1.216 -1.028 -0.674 -0.289 -0.048 -0.2 -0.516 -0.313 -0.078 -0.106 -0.039 0.11 0.27 0.029 0.03 0.228 0.355 0.4 0.468 0.5 0.419 0.209 0.199 -0.258 -0.474 -0.686 -0.777 -0.707 -0.601 -0.851 -0.768 -0.687 -0.798 -0.501 -0.092 -0.539 -0.991 -1.048 -0.856 -0.546 -0.348 -0.356 -0.198 -0.195 -0.344 -0.336 -0.084
-0.291 -0.43 -0.203 0.178 0.559 0.877 1.005 0.999 0.983 0.955 0.87 0.763 0.75 0.556 0.411 0.345 -0.092 -0.259 -0.433 -0.653 -0.672 -0.973 -1.287 -1.399 -1.139 -0.832 -1.069 -0.864 -0.15 -0.501 -1.025 -0.736 -0.34 -0.102 0.126 -0.212 -0.189 -0.041 0.124 0.104 0.145 0.311 0.358 0.21 0.359 0.463 0.499 0.497 0.476 0.405 0.134 -0.183 0.055 -0.02 -0.296 -0.704 -1.084 -1.287 -1.04 -1.179 -1.092 -1.188 -1.154 -0.815 -0.376 -0.522 -1.134 -1.308 -1.055 -0.786 -0.596 -0.695 -0.565 -0.437 -0.554 -0.546 -0.107
-0.341 -0.471 -0.293 0.051 0.522 0.859 0.992 0.994 0.993 0.968 0.923 0.846 0.782 0.317 0.028 0.136 0.094 0.022 -0.154 -0.34 -0.781 -1.279 -1.542 -1.365 -1.07 -1.125 -1.308 -0.829 -0.209 -0.335 -0.79 -0.444 -0.106 0.15 0.237 0.046 0.098 0.191 0.278 0.242 0.328 0.45 0.508 0.494 0.512 0.513 0.468 0.348 0.261 0.043 -0.24 -0.295 -0.06 0.055 -0.133 -0.762 -1.06 -1.294 -1.287 -1.369 -1.298 -1.461 -1.299 -1.01 -0.549 -0.606 -1.135 -1.414 -1.226 -0.86 -0.858 -1.022 -0.935 -0.716 -0.691 -0.646 -0.163
-0.091 -0.135 -0.15 0.202 0.62 0.834 0.914 0.946 0.964 0.973 0.952 0.904 0.78 0.214 -0.307 -0.343 -0.342 -0.464 -0.378 -0.928 -1.198 -1.45 -1.438 -1.271 -1.277 -1.505 -1.251 -0.89 -0.332 0.005 -0.344 -0.149 0.12 0.368 0.408 0.268 0.299 0.332 0.383 0.454 0.55 0.563 0.551 0.506 0.384 0.264 0.099 -0.034 -0.079 -0.411 -0.591 -0.539 -0.357 -0.149 -0.064 -0.523 -0.843 -1.196 -1.415 -1.554 -1.57 -1.51 -1.195 -1.037 -0.674 -0.767 -1.287 -1.416 -1.301 -0.982 -1.149 -1.356 -1.249 -0.906 -0.548 -0.467 -0.129
-0.056 0.002 0.157 0.388 0.668 0.597 0.612 0.611 0.698 0.948 0.913 0.83 0.722 0.188 -0.444 -0.614 -0.786 -0.611 -0.441 -1.364 -1.654 -1.476 -1.332 -1.408 -1.5 -1.557 -1.412 -0.973 -0.4 0.171 0.008 0.263 0.384 0.522 0.547 0.462 0.433 0.527 0.564 0.596 0.579 0.559 0.395 0.02 -0.116 -0.08 -0.383 -0.545 -0.347 -0.614 -0.948 -0.775 -0.7 -0.361 -0.013 -0.558 -1.008 -1.297 -1.37 -1.463 -1.677 -1.493 -1.414 -1.298 -0.814 -0.76 -1.338 -1.546 -1.322 -1.142 -1.301 -1.461 -1.262 -0.988 -0.523 -0.126 0.092
-0.193 -0.047 0.297 0.575 0.488 0.228 0.178 0.258 0.561 0.799 0.923 0.827 0.632 -0.034 -0.636 -0.861 -0.911 -0.456 -0.623 -1.095 -1.33 -1.244 -0.914 -0.789 -0.728 -0.698 -0.776 -0.633 -0.138 0.288 0.356 0.587 0.633 0.653 0.629 0.531 0.589 0.623 0.606 0.583 0.537 0.472 0.019 -0.299 -0.404 -0.421 -0.766 -0.93 -0.657 -0.607 -1.108 -1.173 -0.806 -0.381 -0.038 -0.472 -0.858 -1.059 -1.192 -1.359 -1.512 -1.583 -1.417 -1.216 -0.784 -0.779 -1.236 -1.456 -1.476 -1.315 -1.364 -1.285 -1.12 -0.797 -0.353 0.154 0.356
-0.073 0.15 0.502 0.456 0.122 -0.121 -0.211 0.037 0.486 0.663 0.928 0.845 0.355 -0.202 -0.731 -1.057 -0.985 -0.603 -1.085 -1.268 -1.027 -1.083 -0.793 -0.37 -0.232 0.009 0.003 -0.175 -0.015 0.422 0.653 0.715 0.703 0.678 0.664 0.662 0.635 0.574 0.48 0.363 0.235 0.329 0.065 -0.402 -0.709 -0.796 -0.977 -1.243 -0.975 -0.722 -1.166 -1.375 -1.024 -0.544 -0.136 -0.276 -0.596 -0.788 -1.075 -1.29 -1.4 -1.476 -1.335 -1.116 -0.724 -0.839 -1.185 -1.358 -1.573 -1.441 -1.364 -1.012 -0.691 -0.371 0.065 0.234 -0.001
-0.031 0.25 0.508 0.225 -0.139 -0.39 -0.444 -0.06 0.369 0.666 0.961 0.788 0.178 -0.211 -0.755 -1.348 -1.208 -1.134 -1.365 -1.193 -0.922 -0.651 -0.512 -0.293 0.036 0.201 0.329 0.296 0.289 0.609 0.725 0.722 0.717 0.692 0.662 0.592 0.457 0.263 0.08 -0.046 0.02 0.277 0.108 -0.34 -0.684 -0.995 -1.169 -1.403 -1.22 -0.956 -1.327 -1.427 -1.144 -0.785 -0.32 -0.146 -0.553 -0.923 -1.061 -1.291 -1.47 -1.495 -1.271 -0.993 -0.691 -0.992 -1.287 -1.461 -1.575 -1.361 -1.18 -0.897 -0.426 0.023 0.221 -0.104 -0.503
0.063 0.426 0.37 0.029 -0.284 -0.607 -0.361 0.014 0.139 0.436 0.926 0.885 0.447 -0.173 -0.763 -1.382 -1.473 -1.467 -1.23 -1.082 -0.94 -0.648 -0.276 -0.137 0.047 0.112 0.423 0.602 0.664 0.731 0.743 0.703 0.624 0.53 0.5 0.294 0.036 -0.144 -0.299 -0.353 -0.17 0.207 0.129 -0.337 -0.597 -0.853 -1.121 -1.424 -1.443 -1.183 -1.419 -1.49 -1.291 -0.966 -0.487 -0.169 -0.559 -1.054 -1.244 -1.391 -1.587 -1.588 -1.353 -0.905 -0.835 -1.219 -1.428 -1.555 -1.552 -1.375 -1.173 -0.881 -0.274 0.164 -0.046 -0.356 -0.692
0.187 0.476 0.129 -0.312 -0.358 -0.72 -0.36 -0.181 -0.268 0.035 0.73 0.886 0.734 0.118 -0.491 -1.027 -1.443 -1.35 -1.273 -1.125 -0.901 -0.807 -0.343 0.012 0.297 0.387 0.605 0.695 0.729 0.75 0.659 0.477 0.228 0.126 0.25 0.101 -0.285 -0.534 -0.666 -0.652 -0.369 0.11 0.18 -0.227 -0.451 -0.682 -1.036 -1.427 -1.483 -1.352 -1.558 -1.586 -1.351 -1.048 -0.567 -0.205 -0.532 -1.022 -1.348 -1.377 -1.552 -1.541 -1.294 -0.864 -0.951 -1.349 -1.589 -1.604 -1.409 -1.282 -0.989 -0.52 0.014 0.018 -0.248 -0.562 -0.948
0.359 0.3 -0.043 -0.489 -0.654 -0.959 -0.844 -0.641 -0.328 0.103 0.534 0.832 0.871 0.398 -0.285 -0.805 -1.184 -1.096 -1.431 -1.203 -0.713 -0.814 -0.423 0.092 0.56 0.738 0.783 0.764 0.757 0.557 0.301 0.013 -0.175 -0.162 0.036 0.036 -0.337 -0.703 -0.951 -0.822 -0.46 0.02 0.263 -0.124 -0.521 -0.842 -1.2 -1.502 -1.522 -1.495 -1.674 -1.504 -1.255 -0.955 -0.545 -0.296 -0.402 -0.832 -1.207 -1.354 -1.562 -1.558 -1.312 -0.899 -1.071 -1.387 -1.687 -1.618 -1.496 -1.41 -0.92 -0.245 0.13 -0.137 -0.46 -0.886 -1.244
0.31 -0.091 -0.433 -0.769 -1.161 -1.511 -1.267 -0.645 -0.091 0.017 0.245 0.789 0.92 0.51 -0.262 -0.934 -1.12 -0.966 -1.242 -0.89 -0.466 -0.44 -0.062 0.468 0.759 0.814 0.806 0.755 0.552 0.078 -0.221 -0.401 -0.484 -0.425 -0.133 -0.165 -0.52 -0.767 -1.103 -0.813 -0.384 0.037 0.171 0 -0.42 -0.779 -1.17 -1.518 -1.62 -1.642 -1.728 -1.486 -1.214 -0.821 -0.584 -0.631 -0.402 -0.592 -1.046 -1.304 -1.53 -1.665 -1.394 -0.979 -1.283 -1.491 -1.734 -1.756 -1.61 -1.313 -0.656 0.041 -0.022 -0.34 -0.637 -1.159 -1.5
0.033 -0.512 -0.723 -1.228 -1.619 -1.524 -1.271 -0.809 -0.276 -0.408 -0.065 0.617 0.947 0.703 -0.077 -0.747 -1.055 -0.836 -0.666 -0.306 -0.01 0.179 0.555 0.798 0.834 0.829 0.803 0.495 0.323 -0.212 -0.57 -0.784 -0.883 -0.71 -0.269 -0.519 -0.877 -1.042 -1.186 -0.7 -0.216 -0.068 -0.141 0.038 -0.123 -0.528 -1.003 -1.373 -1.636 -1.751 -1.762 -1.612 -1.246 -0.749 -0.874 -1.037 -0.694 -0.466 -0.883 -1.243 -1.441 -1.656 -1.454 -1.036 -1.327 -1.521 -1.794 -1.7 -1.425 -1.097 -0.471 0.148 -0.27 -0.782 -0.765 -1.199 -1.561
-0.065 -0.65 -1.166 -1.379 -1.369 -1.077 -0.928 -1.027 -0.729 -0.812 -0.398 0.408 0.914 0.831 0.132 -0.487 -0.854 -0.448 0.011 0.348 0.619 0.742 0.835 0.856 0.845 0.798 0.58 0.084 0.089 -0.067 -0.437 -0.856 -1.127 -0.904 -0.418 -0.756 -1.127 -1.3 -1.195 -0.64 -0.178 -0.414 -0.511 -0.268 -0.032 -0.307 -0.757 -1.089 -1.376 -1.566 -1.665 -1.558 -1.375 -0.932 -1.17 -1.38 -1.073 -0.589 -0.709 -1.255 -1.608 -1.782 -1.487 -1.127 -1.341 -1.667 -1.973 -1.792 -1.42 -0.914 -0.355 0.061 -0.429 -1.053 -0.944 -1.269 -1.62
-0.16 -0.855 -1.019 -1.121 -0.954 -0.74 -0.668 -0.69 -0.572 -0.578 -0.47 0.185 0.889 0.9 0.284 -0.383 -0.46 0.143 0.554 0.796 0.877 0.878 0.873 0.817 0.74 0.54 0.125 -0.271 -0.191 -0.167 -0.299 -0.657 -1.082 -1.015 -0.548 -0.84 -1.214 -1.457 -1.211 -0.674 -0.27 -0.708 -0.98 -0.782 -0.415 -0.123 -0.467 -0.919 -1.273 -1.593 -1.717 -1.607 -1.585 -1.197 -1.185 -1.525 -1.251 -0.786 -0.583 -1.047 -1.529 -2.002 -1.764 -1.412 -1.536 -1.645 -1.926 -1.812 -1.464 -1.095 -0.366 -0.066 -0.749 -1.354 -1.329 -1.347 -1.709
-0.613 -0.695 -0.966 -1.407 -1.16 -0.686 -0.618 -0.75 -0.765 -0.282 -0.223 0.174 0.788 0.967 0.708 0.032 0.1 0.633 0.863 0.91 0.905 0.892 0.735 0.49 0.286 0.055 -0.375 -0.621 -0.495 -0.429 -0.658 -0.704 -1.166 -1.023 -0.677 -0.989 -1.353 -1.484 -1.167 -0.724 -0.365 -0.821 -1.208 -1.175 -0.726 -0.284 -0.247 -0.853 -1.23 -1.476 -1.832 -1.697 -1.617 -1.282 -1.137 -1.561 -1.276 -0.871 -0.515 -0.844 -1.449 -1.912 -1.877 -1.815 -1.839 -1.787 -1.91 -1.817 -1.511 -0.989 -0.365 -0.03 -0.794 -1.483 -1.67 -1.589 -1.84
-0.923 -1.064 -1.315 -1.582 -1.542 -0.904 -0.836 -1.044 -1.143 -0.846 -0.464 0.199 0.591 0.917 0.943 0.56 0.696 0.927 0.933 0.92 0.914 0.793 0.363 0.099 -0.062 -0.5 -0.821 -0.931 -0.776 -0.647 -0.992 -1.021 -1.262 -1.013 -0.713 -1.09 -1.535 -1.522 -1.142 -0.706 -0.503 -0.851 -1.281 -1.342 -1.001 -0.703 -0.237 -0.532 -0.856 -1.33 -1.536 -1.659 -1.419 -1.185 -1.172 -1.699 -1.48 -0.973 -0.504 -0.748 -1.34 -1.677 -1.864 -2.04 -2.174 -2.013 -1.984 -2.141 -1.805 -1.191 -0.378 -0.096 -0.864 -1.475 -1.813 -2.055 -2.106
-1.043 -1.338 -1.369 -1.288 -1.493 -1.175 -1.018 -1.132 -0.858 -0.473 -0.04 0.402 0.532 0.779 0.966 0.931 0.95 0.952 0.943 0.924 0.817 0.373 -0.097 -0.287 -0.461 -0.938 -1.072 -0.974 -0.948 -0.866 -1.016 -1.369 -1.304 -0.959 -0.817 -1.202 -1.537 -1.691 -1.291 -0.882 -0.501 -0.892 -1.436 -1.459 -1.227 -0.827 -0.409 -0.247 -0.512 -0.984 -1.208 -1.576 -1.551 -1.26 -1.22 -1.649 -1.785 -1.236 -0.563 -0.799 -1.292 -1.427 -1.735 -2.151 -2.319 -2.488 -2.19 -2.042 -1.522 -0.999 -0.271 -0.253 -0.919 -1.402 -1.83 -2.343 -2.294
-0.8 -1.344 -1.093 -1.001 -1.316 -0.877 -0.741 -0.693 -0.509 -0.137 0.281 0.503 0.213 0.309 0.814 0.965 0.963 0.955 0.913 0.754 0.397 -0.157 -0.38 -0.455 -0.494 -0.882 -0.713 -0.627 -0.691 -1.021 -1.149 -1.475 -1.204 -0.974 -1.048 -1.173 -1.59 -1.79 -1.479 -1.132 -0.555 -0.894 -1.444 -1.551 -1.169 -0.895 -0.761 -0.386 -0.248 -0.622 -0.914 -1.314 -1.62 -1.414 -1.206 -1.498 -1.745 -1.445 -0.738 -0.837 -1.294 -1.53 -1.685 -1.979 -2.337 -2.488 -2.128 -1.646 -1.148 -0.706 -0.153 -0.407 -0.887 -1.467 -1.943 -2.321 -2.608
-1.109 -1.392 -0.894 -0.84 -1.165 -1.096 -0.977 -0.811 -0.331 0.178 0.431 0.095 -0.161 0.142 0.618 0.953 0.916 0.802 0.591 0.24 -0.102 -0.305 -0.145 -0.024 -0.17 -0.485 -0.304 -0.322 -0.486 -0.879 -1.335 -1.553 -1.404 -1.174 -1.325 -1.165 -1.41 -1.789 -1.622 -1.204 -0.693 -0.779 -1.26 -1.431 -1.089 -1.229 -1.154 -0.719 -0.289 -0.39 -0.763 -1.186 -1.565 -1.597 -1.288 -1.268 -1.624 -1.299 -0.921 -0.733 -1.036 -1.253 -1.487 -1.74 -2.167 -2.539 -2.159 -1.688 -1.113 -0.489 -0.103 -0.491 -1.042 -1.694 -2.067 -2.309 -2.642
-1.231 -1.269 -0.76 -0.685 -1.014 -1.095 -0.858 -0.604 -0.208 0.317 0.138 -0.309 -0.076 0.432 0.834 0.793 0.653 0.424 0.145 0.019 -0.168 -0.061 0.192 0.282 0.199 0.029 0.068 -0.148 -0.463 -0.848 -1.24 -1.521 -1.538 -1.526 -1.681 -1.473 -1.37 -1.624 -1.588 -1.375 -0.895 -0.755 -1.238 -1.483 -1.134 -1.457 -1.367 -0.936 -0.455 -0.302 -0.667 -1.061 -1.352 -1.528 -1.515 -1.32 -1.627 -1.395 -1.038 -0.781 -1.11 -1.233 -1.406 -1.615 -2.176 -2.264 -1.927 -1.75 -1.226 -0.572 -0.127 -0.61 -1.135 -1.639 -1.987 -2.397 -2.74
-0.96 -1.14 -0.778 -0.617 -0.988 -0.97 -0.529 -0.118 0.151 0.161 -0.321 -0.251 0.213 0.683 0.8 0.571 0.556 0.47 0.328 0.355 0.368 0.329 0.527 0.507 0.349 0.364 0.38 0.076 -0.374 -0.819 -1.09 -1.197 -1.502 -1.677 -1.848 -1.685 -1.512 -1.624 -1.662 -1.489 -1.102 -0.985 -1.382 -1.666 -1.434 -1.583 -1.293 -0.901 -0.44 -0.282 -0.519 -0.872 -1.147 -1.385 -1.693 -1.555 -1.744 -1.693 -1.097 -1.007 -1.549 -1.673 -1.654 -1.807 -2.29 -1.778 -1.389 -1.324 -0.935 -0.415 -0.151 -0.678 -1.192 -1.572 -1.959 -2.312 -2.609
-1.044 -1.216 -0.993 -0.611 -0.726 -0.756 -0.283 0.196 0.159 -0.255 -0.563 -0.039 0.352 0.551 0.685 0.655 0.547 0.292 0.149 0.271 0.469 0.582 0.535 0.304 -0.041 0.136 0.414 0.335 -0.032 -0.536 -0.818 -1.078 -1.457 -1.711 -1.74 -1.726 -1.661 -1.811 -1.655 -1.464 -1.206 -1.29 -1.782 -1.939 -1.808 -1.682 -1.251 -0.827 -0.417 -0.506 -0.497 -0.578 -0.964 -1.418 -1.807 -1.912 -1.944 -1.8 -1.136 -1.21 -1.72 -2.003 -2.042 -2.187 -2.152 -1.535 -1.133 -1.023 -0.86 -0.32 -0.164 -0.722 -1.314 -1.652 -1.839 -2.073 -2.485
-1.203 -1.013 -0.912 -0.712 -0.531 -0.433 0 0.156 -0.134 -0.198 -0.354 0.011 -0.015 -0.04 0.206 0.449 0.145 -0.338 -0.579 -0.307 0.182 0.52 0.3 -0.196 -0.448 -0.136 0.229 0.38 0.282 -0.106 -0.433 -0.83 -1.355 -1.618 -1.477 -1.649 -1.762 -1.902 -1.643 -1.397 -1.101 -1.398 -1.899 -2.046 -1.869 -1.641 -1.372 -0.839 -0.544 -0.981 -0.954 -0.651 -0.786 -1.28 -1.67 -2.041 -2.157 -1.854 -1.235 -1.268 -1.633 -1.935 -2.174 -2.357 -2.078 -1.653 -1.356 -1.302 -1.075 -0.331 -0.206 -0.709 -1.068 -1.359 -1.596 -1.871 -2.426
-1.186 -1.027 -1.004 -0.933 -0.442 -0.029 0.14 -0.103 -0.411 -0.021 -0.312 -0.356 -0.499 -0.607 -0.281 0.195 0.04 -0.515 -0.981 -0.556 0.123 0.481 0.149 -0.415 -0.643 -0.292 -0.054 0.205 0.319 0.234 0.015 -0.405 -1.069 -1.308 -1.271 -1.487 -1.673 -1.858 -1.554 -1.422 -1.059 -1.309 -1.745 -1.936 -1.782 -1.459 -1.229 -0.767 -0.739 -1.314 -1.481 -1.121 -0.715 -1.015 -1.506 -1.831 -2.164 -2.094 -1.559 -1.321 -1.493 -1.719 -2.138 -2.21 -2.053 -1.848 -1.668 -1.614 -1.045 -0.229 -0.362 -0.942 -0.981 -1.03 -1.481 -1.752 -2.165
-1.213 -1.225 -1.011 -0.821 -0.279 0.08 -0.105 -0.423 -0.493 -0.006 -0.481 -0.838 -0.899 -0.734 -0.302 -0.228 -0.046 -0.267 -0.891 -0.63 0.153 0.448 0.047 -0.54 -0.792 -0.579 -0.344 -0.033 -0.087 -0.02 0.101 -0.083 -0.685 -1.008 -1.111 -1.324 -1.653 -1.816 -1.704 -1.567 -1.12 -1.176 -1.68 -1.85 -1.614 -1.302 -1.017 -0.642 -0.8 -1.377 -1.748 -1.434 -0.846 -0.858 -1.359 -1.67 -2.084 -2.118 -1.742 -1.504 -1.545 -1.883 -2.159 -1.915 -1.697 -1.604 -1.587 -1.451 -0.822 -0.228 -0.636 -1.244 -1.322 -1 -1.238 -1.608 -1.906
-1.063 -1.193 -0.712 -0.552 -0.025 -0.099 -0.493 -0.697 -0.59 -0.155 -0.404 -1.049 -1.123 -0.888 -0.68 -0.724 -0.399 -0.12 -0.456 -0.432 0.215 0.427 -0.002 -0.661 -0.958 -0.896 -0.534 -0.331 -0.508 -0.528 -0.31 -0.243 -0.253 -0.511 -0.841 -1.241 -1.468 -1.676 -1.913 -1.541 -1.206 -1.097 -1.573 -1.816 -1.695 -1.426 -1.084 -0.657 -0.879 -1.461 -1.882 -1.492 -0.955 -0.985 -1.198 -1.631 -2.107 -2.317 -1.942 -1.754 -1.91 -2.126 -2.138 -1.757 -1.379 -1.261 -1.398 -1.05 -0.482 -0.448 -0.978 -1.418 -1.54 -1.353 -1.117 -1.436 -1.76
-0.759 -0.898 -0.573 -0.185 0.092 -0.357 -0.704 -0.819 -0.729 -0.716 -0.453 -0.626 -1.218 -1.253 -1.171 -0.826 -0.443 -0.325 -0.191 -0.134 0.286 0.429 -0.017 -0.472 -0.735 -0.959 -0.721 -0.642 -0.875 -0.901 -0.772 -0.613 -0.402 -0.388 -0.439 -0.834 -1.214 -1.58 -1.928 -1.666 -1.309 -1.2 -1.34 -1.711 -1.56 -1.393 -1.025 -0.668 -0.985 -1.457 -1.864 -1.35 -1.094 -1.228 -1.217 -1.61 -2.148 -2.394 -2.069 -2.049 -2.023 -1.798 -1.986 -1.764 -1.414 -1.09 -0.99 -0.695 -0.286 -0.582 -1.049 -1.419 -1.671 -1.533 -1.394 -1.448 -1.761
