data/climatemaps/RS_maps/climate_winter_tmin_2002.asc
NCOLS 369 
NROWS 228 
XLLCORNER 479000 
YLLCORNER 73000 
CELLSIZE 1000 
NODATA_value -9 
[rows 68 to 101 of 228, columns 152 to 227 of 369]
0.688 0.688 0.692 0.701 0.675 0.686 0.682 0.694 0.714 0.706 0.651 0.616 0.609 0.603 0.655 0.72 0.723 0.667 0.592 0.558 0.605 0.646 0.618 0.61 0.705 0.766 0.746 0.735 0.827 0.854 0.815 0.752 0.708 0.658 0.639 0.678 0.757 0.809 0.85 0.885 0.929 0.941 0.938 0.917 0.901 0.892 0.883 0.84 0.814 0.79 0.781 0.766 0.711 0.635 0.707 0.709 0.67 0.713 0.759 0.745 0.761 0.804 0.815 0.804 0.795 0.781 0.764 0.739 0.736 0.725 0.718 0.726 0.72 0.7 0.675 0.669
0.703 0.692 0.677 0.69 0.669 0.645 0.65 0.674 0.709 0.7 0.651 0.614 0.606 0.576 0.623 0.698 0.723 0.704 0.617 0.573 0.602 0.622 0.64 0.615 0.684 0.748 0.74 0.717 0.797 0.849 0.836 0.777 0.72 0.673 0.641 0.642 0.724 0.799 0.836 0.874 0.913 0.938 0.94 0.934 0.923 0.9 0.895 0.867 0.836 0.8 0.795 0.771 0.748 0.692 0.685 0.72 0.636 0.666 0.719 0.719 0.71 0.763 0.796 0.804 0.79 0.782 0.774 0.767 0.762 0.748 0.745 0.733 0.724 0.707 0.698 0.689
0.706 0.672 0.664 0.687 0.656 0.603 0.627 0.673 0.69 0.703 0.687 0.633 0.603 0.583 0.607 0.659 0.717 0.729 0.664 0.621 0.623 0.617 0.641 0.663 0.689 0.723 0.732 0.703 0.759 0.841 0.847 0.816 0.748 0.697 0.653 0.625 0.686 0.788 0.836 0.865 0.89 0.929 0.937 0.935 0.919 0.904 0.898 0.874 0.847 0.82 0.793 0.796 0.767 0.744 0.731 0.742 0.646 0.633 0.655 0.691 0.664 0.677 0.724 0.761 0.782 0.782 0.774 0.763 0.756 0.746 0.74 0.729 0.724 0.712 0.704 0.695
0.699 0.668 0.664 0.662 0.628 0.605 0.642 0.662 0.676 0.699 0.706 0.638 0.621 0.628 0.626 0.635 0.703 0.735 0.717 0.666 0.632 0.615 0.617 0.661 0.674 0.705 0.72 0.681 0.717 0.821 0.85 0.842 0.785 0.728 0.68 0.636 0.673 0.769 0.836 0.866 0.882 0.919 0.936 0.932 0.911 0.907 0.898 0.873 0.852 0.823 0.811 0.809 0.821 0.796 0.754 0.724 0.705 0.653 0.64 0.65 0.658 0.64 0.66 0.685 0.748 0.779 0.771 0.753 0.748 0.743 0.734 0.725 0.721 0.714 0.704 0.697
0.7 0.662 0.651 0.631 0.597 0.611 0.645 0.643 0.686 0.695 0.67 0.672 0.676 0.684 0.682 0.66 0.691 0.736 0.737 0.705 0.649 0.605 0.592 0.654 0.667 0.691 0.705 0.663 0.669 0.787 0.847 0.851 0.822 0.776 0.73 0.677 0.678 0.756 0.826 0.866 0.878 0.917 0.931 0.929 0.92 0.899 0.899 0.892 0.866 0.846 0.854 0.867 0.836 0.735 0.693 0.678 0.684 0.673 0.638 0.613 0.628 0.629 0.641 0.658 0.703 0.735 0.741 0.714 0.714 0.711 0.703 0.697 0.703 0.709 0.702 0.694
0.7 0.658 0.639 0.605 0.583 0.605 0.627 0.614 0.666 0.691 0.636 0.622 0.627 0.65 0.688 0.684 0.692 0.722 0.743 0.737 0.69 0.626 0.599 0.658 0.653 0.672 0.705 0.661 0.637 0.73 0.827 0.852 0.841 0.811 0.778 0.722 0.701 0.756 0.815 0.865 0.891 0.916 0.931 0.919 0.914 0.902 0.889 0.901 0.893 0.882 0.882 0.869 0.831 0.778 0.699 0.628 0.62 0.628 0.647 0.603 0.585 0.6 0.612 0.618 0.63 0.632 0.656 0.63 0.61 0.596 0.584 0.598 0.631 0.664 0.679 0.682
0.677 0.67 0.639 0.597 0.585 0.613 0.621 0.604 0.658 0.696 0.654 0.639 0.629 0.655 0.672 0.668 0.683 0.712 0.739 0.747 0.736 0.678 0.658 0.658 0.626 0.644 0.695 0.674 0.626 0.676 0.782 0.853 0.856 0.842 0.814 0.773 0.739 0.762 0.825 0.859 0.875 0.916 0.927 0.912 0.891 0.898 0.895 0.904 0.899 0.894 0.888 0.871 0.804 0.735 0.656 0.589 0.582 0.596 0.625 0.596 0.561 0.565 0.577 0.555 0.552 0.565 0.557 0.492 0.424 0.384 0.421 0.433 0.478 0.536 0.588 0.619
0.673 0.657 0.65 0.59 0.586 0.612 0.641 0.638 0.662 0.692 0.688 0.687 0.69 0.698 0.699 0.698 0.706 0.723 0.732 0.747 0.751 0.734 0.683 0.658 0.619 0.627 0.672 0.693 0.641 0.648 0.723 0.822 0.856 0.841 0.831 0.794 0.772 0.773 0.818 0.85 0.874 0.914 0.925 0.899 0.873 0.894 0.904 0.904 0.902 0.895 0.883 0.851 0.772 0.707 0.624 0.56 0.531 0.556 0.588 0.592 0.555 0.544 0.511 0.425 0.404 0.468 0.457 0.409 0.322 0.297 0.299 0.256 0.263 0.349 0.397 0.444
0.654 0.621 0.647 0.602 0.57 0.584 0.61 0.622 0.646 0.689 0.689 0.691 0.704 0.704 0.704 0.708 0.714 0.725 0.73 0.747 0.751 0.757 0.722 0.664 0.641 0.632 0.647 0.675 0.658 0.644 0.709 0.786 0.85 0.842 0.84 0.817 0.8 0.79 0.827 0.85 0.87 0.905 0.915 0.888 0.876 0.894 0.903 0.903 0.899 0.895 0.874 0.791 0.68 0.654 0.599 0.51 0.504 0.497 0.509 0.515 0.465 0.426 0.344 0.257 0.256 0.327 0.377 0.37 0.322 0.321 0.309 0.215 0.124 0.133 0.187 0.292
0.614 0.603 0.617 0.617 0.596 0.569 0.583 0.596 0.629 0.655 0.678 0.683 0.69 0.702 0.696 0.645 0.644 0.676 0.703 0.737 0.75 0.761 0.763 0.714 0.664 0.653 0.65 0.662 0.669 0.67 0.694 0.765 0.836 0.846 0.836 0.828 0.827 0.825 0.838 0.847 0.86 0.904 0.916 0.884 0.884 0.889 0.899 0.899 0.899 0.891 0.857 0.696 0.572 0.605 0.582 0.47 0.43 0.391 0.347 0.351 0.269 0.262 0.229 0.254 0.276 0.332 0.359 0.334 0.311 0.301 0.302 0.252 0.139 0.018 0.066 0.159
0.603 0.595 0.6 0.573 0.602 0.553 0.552 0.582 0.651 0.656 0.662 0.682 0.688 0.693 0.67 0.623 0.613 0.61 0.667 0.719 0.743 0.76 0.771 0.769 0.742 0.708 0.69 0.688 0.689 0.691 0.712 0.754 0.821 0.84 0.834 0.83 0.844 0.842 0.842 0.838 0.85 0.904 0.914 0.891 0.887 0.882 0.898 0.898 0.896 0.885 0.824 0.609 0.496 0.579 0.58 0.47 0.409 0.377 0.341 0.323 0.263 0.233 0.27 0.335 0.34 0.362 0.333 0.307 0.308 0.306 0.307 0.276 0.179 0.043 0.02 0.018
0.602 0.603 0.586 0.551 0.582 0.602 0.566 0.577 0.611 0.652 0.667 0.67 0.674 0.686 0.678 0.66 0.651 0.616 0.63 0.68 0.729 0.756 0.768 0.78 0.784 0.767 0.747 0.736 0.729 0.723 0.734 0.76 0.808 0.836 0.83 0.831 0.856 0.856 0.843 0.826 0.847 0.904 0.905 0.881 0.879 0.871 0.879 0.892 0.89 0.88 0.749 0.548 0.459 0.558 0.577 0.544 0.513 0.5 0.469 0.395 0.332 0.256 0.242 0.339 0.329 0.289 0.242 0.281 0.313 0.302 0.305 0.271 0.168 0.154 0.074 -0.08
0.578 0.587 0.592 0.56 0.573 0.625 0.62 0.623 0.63 0.621 0.631 0.664 0.614 0.655 0.681 0.684 0.661 0.637 0.616 0.629 0.691 0.725 0.76 0.779 0.787 0.794 0.778 0.765 0.756 0.749 0.758 0.775 0.805 0.821 0.825 0.841 0.865 0.87 0.848 0.823 0.868 0.904 0.855 0.831 0.822 0.848 0.867 0.888 0.888 0.833 0.591 0.461 0.426 0.528 0.561 0.571 0.569 0.557 0.543 0.475 0.319 0.22 0.288 0.345 0.301 0.161 0.259 0.317 0.299 0.26 0.296 0.282 0.224 0.135 0.071 -0.029
0.574 0.586 0.598 0.588 0.609 0.597 0.571 0.568 0.575 0.586 0.608 0.645 0.602 0.612 0.659 0.682 0.678 0.642 0.616 0.641 0.656 0.667 0.71 0.759 0.781 0.794 0.789 0.775 0.769 0.762 0.765 0.779 0.799 0.812 0.832 0.852 0.879 0.89 0.879 0.862 0.894 0.889 0.772 0.729 0.77 0.848 0.872 0.888 0.888 0.783 0.576 0.433 0.416 0.429 0.486 0.549 0.531 0.538 0.551 0.529 0.373 0.277 0.347 0.32 0.232 0.117 0.219 0.311 0.216 0.176 0.28 0.282 0.181 0.03 -0.028 -0.103
0.583 0.592 0.575 0.579 0.594 0.58 0.556 0.576 0.587 0.608 0.614 0.634 0.617 0.62 0.644 0.674 0.685 0.682 0.672 0.667 0.638 0.622 0.638 0.693 0.747 0.775 0.789 0.779 0.77 0.77 0.772 0.787 0.801 0.823 0.848 0.863 0.888 0.899 0.899 0.892 0.892 0.835 0.679 0.682 0.787 0.867 0.852 0.844 0.875 0.825 0.662 0.462 0.393 0.322 0.403 0.469 0.324 0.294 0.473 0.535 0.458 0.261 0.338 0.233 0.067 0.023 0.225 0.265 0.184 0.222 0.258 0.279 0.175 -0.025 -0.014 -0.094
0.599 0.576 0.549 0.561 0.576 0.576 0.558 0.57 0.595 0.597 0.58 0.606 0.641 0.633 0.654 0.66 0.671 0.688 0.686 0.667 0.628 0.608 0.599 0.618 0.681 0.727 0.766 0.779 0.774 0.784 0.784 0.801 0.816 0.834 0.858 0.879 0.888 0.893 0.886 0.884 0.865 0.707 0.634 0.715 0.816 0.856 0.809 0.836 0.872 0.869 0.784 0.566 0.404 0.28 0.376 0.429 0.333 0.212 0.336 0.523 0.442 0.197 0.311 0.198 0.049 0.117 0.26 0.109 0.078 0.149 0.133 0.254 0.176 0.108 0.129 0.013
0.582 0.557 0.53 0.535 0.562 0.559 0.538 0.557 0.593 0.567 0.58 0.571 0.629 0.607 0.636 0.633 0.646 0.664 0.671 0.654 0.592 0.567 0.559 0.563 0.612 0.678 0.735 0.77 0.771 0.786 0.792 0.813 0.832 0.854 0.873 0.887 0.884 0.878 0.872 0.867 0.769 0.632 0.686 0.759 0.814 0.823 0.85 0.87 0.873 0.867 0.854 0.69 0.468 0.308 0.24 0.251 0.156 0.123 0.223 0.482 0.381 0.231 0.297 0.147 0.001 0.121 0.23 -0.007 0.003 -0.059 -0.052 0.117 0.221 0.238 0.097 -0.081
0.559 0.532 0.507 0.523 0.54 0.528 0.522 0.537 0.574 0.546 0.567 0.533 0.591 0.598 0.623 0.623 0.628 0.64 0.656 0.654 0.617 0.581 0.558 0.554 0.561 0.635 0.706 0.756 0.763 0.786 0.798 0.811 0.835 0.861 0.885 0.882 0.861 0.869 0.86 0.761 0.732 0.724 0.747 0.778 0.816 0.837 0.765 0.847 0.866 0.864 0.856 0.748 0.464 0.24 0.061 0.017 -0.027 0.12 0.31 0.461 0.369 0.28 0.185 0.062 -0.137 0.037 0.183 -0.1 -0.058 -0.19 -0.149 -0.074 0.085 0.237 0.156 -0.001
0.533 0.492 0.483 0.508 0.521 0.51 0.507 0.526 0.548 0.507 0.541 0.498 0.55 0.542 0.601 0.618 0.618 0.634 0.629 0.653 0.652 0.639 0.62 0.579 0.564 0.605 0.689 0.752 0.765 0.786 0.801 0.81 0.847 0.873 0.878 0.866 0.852 0.846 0.761 0.699 0.723 0.757 0.736 0.781 0.85 0.786 0.626 0.654 0.8 0.849 0.856 0.795 0.493 0.162 0.045 0.078 0.155 0.293 0.429 0.444 0.307 0.136 -0.019 -0.003 -0.165 0.025 0.144 -0.155 -0.135 -0.244 -0.172 -0.084 0.081 0.218 0.147 0.175
0.505 0.463 0.459 0.484 0.48 0.508 0.481 0.52 0.515 0.476 0.497 0.471 0.478 0.479 0.528 0.596 0.619 0.605 0.62 0.65 0.615 0.608 0.628 0.629 0.606 0.629 0.684 0.737 0.772 0.777 0.785 0.825 0.861 0.872 0.859 0.856 0.826 0.776 0.76 0.776 0.753 0.727 0.784 0.848 0.837 0.711 0.483 0.387 0.463 0.724 0.845 0.834 0.691 0.395 0.328 0.311 0.357 0.434 0.504 0.389 0.178 0.025 -0.136 -0.106 -0.169 0.074 0.046 -0.174 -0.237 -0.203 -0.104 0.02 0.176 0.173 -0.004 0.052
0.457 0.429 0.443 0.429 0.449 0.487 0.447 0.499 0.491 0.447 0.466 0.407 0.429 0.455 0.473 0.537 0.605 0.597 0.631 0.628 0.555 0.555 0.571 0.612 0.639 0.657 0.681 0.731 0.761 0.778 0.803 0.85 0.839 0.85 0.855 0.832 0.793 0.749 0.779 0.751 0.742 0.791 0.857 0.86 0.797 0.573 0.332 0.158 0.061 0.392 0.753 0.814 0.786 0.623 0.56 0.515 0.541 0.576 0.579 0.389 0.136 0.032 -0.143 -0.164 -0.092 0.097 -0.074 -0.224 -0.213 -0.085 0.03 0.098 0.171 -0.007 -0.212 -0.168
0.378 0.382 0.392 0.386 0.426 0.471 0.422 0.458 0.456 0.394 0.434 0.37 0.375 0.428 0.494 0.516 0.593 0.631 0.653 0.66 0.616 0.544 0.513 0.547 0.6 0.653 0.704 0.756 0.791 0.806 0.824 0.813 0.796 0.816 0.841 0.857 0.858 0.848 0.787 0.762 0.801 0.848 0.86 0.843 0.729 0.407 0.171 -0.048 -0.117 0.065 0.492 0.706 0.746 0.725 0.707 0.692 0.698 0.709 0.681 0.513 0.303 0.16 0.014 -0.14 -0.023 0.067 -0.125 -0.272 -0.208 -0.049 0.075 0.032 0.149 -0.033 -0.329 -0.421
0.391 0.314 0.335 0.356 0.396 0.425 0.407 0.431 0.432 0.363 0.33 0.365 0.407 0.399 0.421 0.474 0.572 0.573 0.527 0.54 0.647 0.66 0.605 0.601 0.677 0.745 0.787 0.801 0.807 0.805 0.77 0.704 0.73 0.767 0.843 0.85 0.859 0.863 0.804 0.822 0.852 0.859 0.84 0.816 0.712 0.433 0.138 0.023 0.004 0.039 0.255 0.467 0.615 0.679 0.734 0.758 0.764 0.757 0.737 0.655 0.515 0.355 0.162 -0.14 -0.019 -0.006 -0.165 -0.292 -0.193 -0.073 0.045 -0.009 0.106 -0.162 -0.5 -0.603
0.365 0.351 0.274 0.316 0.367 0.395 0.388 0.372 0.388 0.326 0.319 0.324 0.367 0.46 0.497 0.51 0.553 0.558 0.459 0.404 0.517 0.627 0.72 0.736 0.754 0.738 0.701 0.668 0.662 0.694 0.699 0.722 0.776 0.814 0.842 0.81 0.824 0.857 0.847 0.846 0.857 0.851 0.825 0.816 0.793 0.7 0.484 0.314 0.122 -0.027 0.044 0.124 0.353 0.498 0.604 0.683 0.718 0.741 0.713 0.709 0.626 0.499 0.284 -0.073 -0.122 -0.143 -0.234 -0.278 -0.158 -0.047 -0.054 -0.242 -0.093 -0.076 -0.549 -0.533
0.293 0.301 0.309 0.247 0.301 0.371 0.335 0.337 0.334 0.354 0.388 0.399 0.415 0.445 0.454 0.536 0.571 0.538 0.429 0.371 0.455 0.599 0.665 0.669 0.65 0.59 0.533 0.463 0.456 0.613 0.657 0.652 0.711 0.792 0.841 0.797 0.787 0.847 0.857 0.855 0.854 0.848 0.84 0.839 0.837 0.821 0.759 0.633 0.383 -0.011 -0.082 -0.039 0.107 0.198 0.343 0.448 0.495 0.523 0.523 0.714 0.686 0.621 0.453 0.181 -0.075 -0.208 -0.201 -0.239 -0.141 -0.199 -0.215 -0.446 -0.194 -0.061 -0.492 -0.606
0.259 0.221 0.274 0.213 0.26 0.296 0.29 0.288 0.27 0.307 0.337 0.331 0.387 0.435 0.503 0.498 0.555 0.511 0.377 0.377 0.479 0.605 0.567 0.528 0.528 0.495 0.468 0.387 0.352 0.517 0.479 0.451 0.543 0.693 0.819 0.828 0.794 0.841 0.854 0.853 0.851 0.844 0.843 0.84 0.834 0.83 0.828 0.793 0.636 0.267 0.062 0.127 0.222 0.066 0.041 0.134 0.218 0.413 0.638 0.732 0.713 0.664 0.567 0.347 0.091 0.011 -0.064 -0.245 -0.27 -0.407 -0.38 -0.33 -0.159 -0.339 -0.628 -0.772
0.309 0.219 0.174 0.188 0.196 0.203 0.182 0.167 0.182 0.226 0.24 0.283 0.36 0.445 0.477 0.433 0.551 0.484 0.359 0.403 0.439 0.552 0.484 0.469 0.498 0.49 0.431 0.351 0.326 0.401 0.347 0.31 0.385 0.562 0.756 0.84 0.803 0.839 0.848 0.841 0.831 0.765 0.768 0.816 0.812 0.808 0.82 0.816 0.728 0.36 0.172 0.407 0.393 0.06 0.168 0.403 0.535 0.66 0.737 0.734 0.71 0.62 0.441 0.366 0.243 0.066 -0.018 -0.123 -0.266 -0.457 -0.483 -0.437 -0.498 -0.615 -0.761 -0.802
0.276 0.203 0.142 0.169 0.13 0.205 0.112 0.119 0.127 0.182 0.204 0.279 0.319 0.387 0.453 0.436 0.54 0.443 0.338 0.33 0.363 0.46 0.486 0.463 0.408 0.383 0.313 0.23 0.298 0.279 0.213 0.187 0.292 0.481 0.698 0.837 0.837 0.845 0.843 0.726 0.621 0.497 0.517 0.647 0.691 0.732 0.781 0.808 0.71 0.509 0.535 0.668 0.418 0.359 0.639 0.743 0.752 0.745 0.674 0.622 0.599 0.524 0.431 0.464 0.301 0.192 0.119 0.092 -0.118 -0.311 -0.379 -0.366 -0.295 -0.307 -0.372 -0.396
0.238 0.145 0.196 0.223 0.166 0.223 0.149 0.164 0.199 0.251 0.262 0.313 0.291 0.396 0.433 0.465 0.511 0.39 0.3 0.27 0.254 0.378 0.437 0.306 0.239 0.148 0.08 0.045 0.247 0.156 0.019 0.094 0.287 0.515 0.701 0.837 0.846 0.842 0.751 0.557 0.492 0.475 0.643 0.75 0.793 0.806 0.804 0.805 0.795 0.769 0.776 0.782 0.725 0.748 0.767 0.753 0.704 0.749 0.575 0.412 0.29 0.293 0.204 0.301 0.36 0.469 0.415 0.26 0.063 -0.055 0.108 0.167 0.082 -0.092 -0.227 -0.336
0.195 0.153 0.223 0.257 0.219 0.224 0.202 0.141 0.173 0.229 0.288 0.345 0.356 0.374 0.427 0.491 0.471 0.364 0.285 0.205 0.155 0.294 0.34 0.187 0.122 -0.014 -0.006 0.083 0.126 -0.039 -0.288 -0.228 0.124 0.456 0.611 0.74 0.787 0.814 0.635 0.497 0.593 0.721 0.807 0.817 0.816 0.81 0.804 0.803 0.794 0.792 0.788 0.783 0.773 0.756 0.662 0.516 0.55 0.743 0.564 0.147 -0.229 -0.231 -0.124 -0.053 -0.055 0.096 0.281 0.425 0.387 0.376 0.393 0.347 0.019 -0.246 -0.341 -0.45
0.184 0.189 0.253 0.296 0.277 0.274 0.225 0.119 0.205 0.246 0.285 0.288 0.324 0.394 0.478 0.431 0.398 0.386 0.323 0.228 0.168 0.162 0.149 0.025 -0.022 -0.211 -0.243 -0.123 -0.247 -0.347 -0.396 -0.249 0.149 0.544 0.691 0.719 0.807 0.826 0.729 0.718 0.801 0.808 0.792 0.767 0.729 0.735 0.764 0.787 0.789 0.781 0.766 0.725 0.637 0.491 0.316 0.271 0.519 0.735 0.518 -0.065 -0.479 -0.355 -0.3 -0.306 -0.285 -0.26 -0.191 0.092 0.258 0.216 0.22 0.111 0.033 -0.024 -0.312 -0.494
0.249 0.247 0.268 0.322 0.317 0.253 0.174 0.155 0.219 0.217 0.231 0.29 0.388 0.469 0.417 0.318 0.284 0.278 0.278 0.285 0.255 0.168 0.018 -0.205 -0.27 -0.163 -0.133 -0.087 -0.179 -0.196 -0.239 -0.04 0.397 0.778 0.824 0.816 0.76 0.742 0.811 0.805 0.798 0.759 0.678 0.601 0.409 0.355 0.598 0.637 0.665 0.664 0.599 0.468 0.377 0.293 0.257 0.349 0.517 0.732 0.604 0.149 -0.254 -0.382 -0.436 -0.462 -0.444 -0.461 -0.372 -0.235 -0.187 -0.255 -0.081 -0.347 -0.226 0.033 -0.033 -0.351
0.308 0.278 0.271 0.347 0.264 0.222 0.17 0.217 0.233 0.201 0.279 0.372 0.463 0.441 0.286 0.207 0.144 0.158 0.244 0.184 0.163 0.23 0.004 -0.199 -0.243 -0.113 -0.034 0.077 0.093 0.056 0.144 0.412 0.735 0.829 0.759 0.576 0.707 0.684 0.683 0.706 0.761 0.729 0.537 0.308 0.02 0.145 0.362 0.299 0.27 0.251 0.288 0.271 0.108 -0.045 0.001 0.261 0.619 0.724 0.691 0.396 0.096 -0.049 -0.19 -0.274 -0.335 -0.449 -0.475 -0.501 -0.649 -0.521 -0.239 -0.652 -0.625 -0.334 0.101 -0.163
0.329 0.278 0.343 0.327 0.229 0.136 0.131 0.188 0.259 0.286 0.359 0.426 0.463 0.368 0.137 0.063 0.007 0.169 0.151 0.021 -0.021 0.147 0.014 -0.165 -0.207 -0.13 -0.139 -0.027 0.26 0.438 0.557 0.703 0.804 0.807 0.612 0.666 0.669 0.408 0.376 0.379 0.535 0.728 0.503 0.021 -0.235 -0.015 0.123 -0.027 -0.107 -0.061 0.109 0.023 -0.235 -0.383 -0.142 0.402 0.711 0.719 0.642 0.197 -0.123 -0.126 -0.154 -0.268 -0.385 -0.533 -0.724 -0.868 -0.932 -0.576 -0.325 -0.871 -0.833 -0.514 -0.165 -0.008
