data/climatemaps/RS_maps/climate_winter_tmin_2001.asc
NCOLS 369 
NROWS 228 
XLLCORNER 479000 
YLLCORNER 73000 
CELLSIZE 1000 
NODATA_value -9 
[rows 102 to 135 of 228, columns 152 to 227 of 369]
0.413 0.472 0.433 0.343 0.307 0.262 0.312 0.361 0.424 0.483 0.524 0.555 0.552 0.411 0.123 0.044 0.182 0.247 0.151 -0.02 -0.057 0.184 0.107 -0.052 -0.101 -0.052 -0.009 0.108 0.359 0.543 0.695 0.785 0.828 0.774 0.704 0.739 0.478 0.055 0.019 0.069 0.386 0.743 0.585 0.182 -0.073 -0.175 -0.008 -0.15 -0.253 -0.112 0.114 -0.071 -0.301 -0.419 -0.058 0.536 0.697 0.685 0.513 -0.032 -0.472 -0.567 -0.599 -0.665 -0.715 -0.844 -1.027 -1.083 -0.874 -0.586 -0.436 -0.891 -0.911 -0.733 -0.593 -0.16
0.502 0.424 0.392 0.325 0.236 0.212 0.326 0.404 0.48 0.504 0.468 0.428 0.514 0.333 0.031 0.065 0.143 0.071 0.048 0.025 0.132 0.094 -0.087 -0.097 0.01 0.069 0.136 0.167 0.25 0.463 0.645 0.776 0.8 0.714 0.701 0.642 0.247 -0.168 -0.021 0.217 0.501 0.719 0.581 0.294 0.066 -0.183 -0.167 -0.268 -0.413 -0.349 -0.194 -0.295 -0.382 -0.369 -0.067 0.294 0.568 0.675 0.561 0.168 -0.258 -0.471 -0.778 -0.891 -0.869 -1.051 -1.084 -0.93 -0.823 -0.621 -0.658 -0.907 -0.955 -0.965 -0.855 -0.313
0.493 0.421 0.378 0.344 0.266 0.299 0.392 0.446 0.446 0.374 0.256 0.181 0.397 0.3 0.125 0.053 -0.045 -0.176 -0.073 -0.041 0.021 -0.111 -0.123 0 -0.047 -0.011 -0.031 -0.044 0.12 0.462 0.667 0.791 0.766 0.704 0.661 0.525 0.289 -0.011 0.088 0.223 0.354 0.649 0.536 0.112 -0.028 -0.132 -0.332 -0.508 -0.664 -0.587 -0.425 -0.24 -0.046 0.039 0.149 0.212 0.449 0.665 0.639 0.451 0.044 -0.252 -0.626 -0.808 -0.875 -1.001 -1.004 -0.941 -0.798 -0.668 -0.96 -1.076 -1.111 -1.187 -0.986 -0.497
0.423 0.425 0.451 0.356 0.315 0.333 0.419 0.405 0.34 0.186 0.025 0.051 0.376 0.278 0.132 -0.078 -0.327 -0.2 -0.246 -0.17 -0.062 -0.166 -0.082 -0.102 -0.198 -0.126 -0.099 0.027 0.303 0.547 0.737 0.791 0.722 0.694 0.608 0.37 0.123 -0.046 0.01 -0.024 0.139 0.594 0.44 -0.098 -0.349 -0.399 -0.593 -0.686 -0.648 -0.458 -0.249 0.068 0.026 -0.061 0.14 0.035 0.426 0.654 0.642 0.503 -0.086 -0.432 -0.627 -0.69 -0.709 -0.758 -0.811 -0.998 -0.981 -0.887 -1.08 -1.241 -1.096 -0.978 -0.797 -0.614
0.329 0.29 0.414 0.448 0.41 0.395 0.419 0.333 0.201 -0.084 -0.092 0.159 0.386 0.295 0.069 -0.232 -0.302 -0.323 -0.395 -0.2 -0.148 -0.115 -0.162 -0.167 -0.08 0.016 0.104 0.213 0.411 0.612 0.767 0.757 0.696 0.626 0.51 0.232 -0.117 -0.242 -0.137 -0.064 0.287 0.617 0.382 0.025 -0.226 -0.476 -0.761 -0.756 -0.537 -0.331 -0.186 0.05 -0.376 -0.255 -0.091 -0.085 0.377 0.638 0.634 0.521 -0.006 -0.479 -0.597 -0.457 -0.434 -0.526 -0.614 -0.886 -1.053 -1.138 -1.298 -1.329 -1.226 -0.982 -0.807 -0.828
0.202 0.252 0.326 0.4 0.426 0.42 0.334 0.232 0.001 -0.22 -0.056 0.108 0.323 0.269 -0.083 -0.209 -0.291 -0.41 -0.387 -0.237 -0.152 -0.076 -0.165 -0.088 0.065 0.176 0.287 0.38 0.52 0.699 0.768 0.715 0.645 0.521 0.395 0.114 -0.274 -0.424 -0.234 0.04 0.526 0.507 0.17 0.253 0.035 -0.295 -0.508 -0.602 -0.575 -0.508 -0.372 -0.114 -0.528 -0.247 -0.225 -0.378 0.068 0.55 0.623 0.597 0.424 -0.052 -0.127 -0.058 -0.092 -0.239 -0.32 -0.564 -0.673 -0.803 -0.95 -1.23 -1.409 -1.117 -1.082 -1.124
0.135 0.215 0.287 0.387 0.381 0.399 0.242 0.037 -0.141 -0.132 -0.021 0.061 0.309 0.258 -0.2 -0.103 -0.179 -0.292 -0.348 -0.267 -0.162 -0.109 0.002 0.087 0.204 0.328 0.412 0.486 0.653 0.759 0.743 0.656 0.585 0.454 0.201 -0.146 -0.437 -0.45 -0.206 0.176 0.581 0.425 0.131 0.194 0.025 -0.33 -0.566 -0.839 -0.67 -0.503 -0.253 -0.286 -0.664 -0.294 -0.507 -0.871 -0.235 0.29 0.583 0.594 0.562 0.423 0.322 0.265 0.169 0.089 -0.016 -0.225 -0.358 -0.46 -0.634 -0.788 -0.922 -0.942 -0.983 -1.091
0.128 0.196 0.255 0.361 0.401 0.391 0.201 -0.021 -0.045 -0.001 0.011 0.145 0.287 0.278 0.01 0.016 -0.108 -0.271 -0.342 -0.327 -0.264 -0.209 0.067 0.246 0.37 0.48 0.557 0.658 0.747 0.764 0.709 0.584 0.521 0.248 -0.125 -0.374 -0.548 -0.574 -0.2 0.336 0.578 0.317 -0.065 -0.312 -0.302 -0.515 -0.737 -0.944 -0.825 -0.654 -0.341 -0.644 -1.126 -0.892 -1.07 -0.954 -0.295 0.008 0.358 0.573 0.557 0.514 0.324 0.075 -0.082 -0.246 -0.134 -0.12 -0.177 -0.254 -0.324 -0.402 -0.451 -0.539 -0.667 -0.983
0.159 0.14 0.246 0.326 0.41 0.281 0.138 0.102 0.083 0.024 -0.08 -0.012 0.163 0.282 0.124 0.031 -0.109 -0.293 -0.232 -0.316 -0.204 -0.06 0.125 0.334 0.52 0.636 0.714 0.752 0.759 0.717 0.606 0.401 0.35 0.282 0.006 -0.091 -0.396 -0.566 0.015 0.476 0.384 -0.104 -0.507 -0.833 -0.69 -0.763 -0.899 -1.166 -1.115 -1.141 -0.727 -0.894 -1.429 -1.34 -0.987 -0.418 -0.221 -0.339 0.065 0.487 0.551 0.468 0.143 -0.169 -0.195 -0.511 -0.595 -0.579 -0.592 -0.408 -0.172 -0.449 -0.549 -0.603 -0.782 -1.161
0.199 0.121 0.19 0.295 0.37 0.104 -0.048 -0.004 0.037 -0.12 -0.303 -0.218 0.134 0.196 -0.064 -0.15 -0.136 -0.32 -0.178 -0.164 -0.049 0.143 0.271 0.469 0.67 0.73 0.753 0.753 0.679 0.565 0.355 0.122 -0.111 0.216 0.26 -0.062 -0.431 -0.338 0.042 0.426 0.243 -0.183 -0.6 -1.075 -1.035 -0.987 -1.062 -1.253 -1.265 -1.368 -1.312 -1.206 -1.364 -1.455 -0.863 -0.431 -0.552 -0.46 -0.013 0.369 0.535 0.272 -0.034 -0.235 -0.354 -0.583 -0.913 -0.993 -1.062 -0.741 -0.327 -0.844 -1.014 -1.019 -1.154 -1.295
0.156 0.032 0.157 0.297 0.243 0.067 -0.087 -0.141 -0.113 -0.463 -0.405 -0.156 0.155 0.078 -0.274 -0.307 -0.205 -0.346 -0.183 -0.027 0.095 0.288 0.447 0.606 0.705 0.742 0.747 0.658 0.452 0.299 0.031 -0.235 -0.43 -0.014 0.287 -0.031 -0.379 -0.282 -0.221 0.238 0.316 -0.164 -0.543 -0.793 -0.739 -0.696 -0.934 -1.06 -1.185 -1.371 -1.364 -1.226 -1.422 -1.404 -0.893 -0.616 -0.614 -0.461 -0.165 0.258 0.515 0.073 -0.448 -0.59 -0.599 -0.816 -1.18 -1.228 -0.956 -0.65 -0.481 -1.033 -1.322 -1.416 -1.43 -1.56
0.072 0.099 0.262 0.204 0.012 0.023 -0.027 -0.172 -0.394 -0.545 -0.296 -0.05 0.138 0.01 -0.382 -0.463 -0.392 -0.326 -0.166 0.009 0.095 0.156 0.408 0.66 0.709 0.731 0.61 0.358 0.037 -0.06 -0.237 -0.541 -0.331 0.208 0.201 -0.171 -0.581 -0.675 -0.572 -0.089 0.249 -0.06 -0.352 -0.488 -0.246 -0.466 -0.965 -1.153 -1.322 -1.209 -0.992 -0.871 -1.172 -1.148 -0.898 -0.646 -0.665 -0.63 -0.347 0.126 0.496 0.191 -0.533 -0.999 -1.047 -1.186 -1.258 -1.207 -0.942 -0.587 -0.604 -1.06 -1.445 -1.67 -1.806 -1.895
0.21 0.275 0.232 0.016 -0.055 0.028 -0.041 -0.246 -0.613 -0.447 -0.209 -0.029 0.075 0.067 -0.113 -0.349 -0.443 -0.267 -0.115 -0.121 -0.062 0.093 0.368 0.611 0.663 0.702 0.397 0.213 -0.175 -0.441 -0.57 -0.528 -0.138 0.2 0.001 -0.377 -0.797 -0.829 -0.627 -0.065 0.18 -0.009 -0.126 -0.127 -0.035 -0.513 -1.035 -1.142 -1.319 -0.979 -0.748 -0.818 -1.011 -1.237 -1.116 -1.055 -0.972 -0.784 -0.501 -0.021 0.406 0.404 -0.212 -0.814 -1.083 -1.325 -1.254 -1.168 -0.991 -0.63 -0.815 -1.371 -1.699 -1.695 -1.838 -2.007
0.36 0.323 0.223 0.154 0.157 0.104 -0.043 -0.384 -0.587 -0.361 -0.147 -0.062 -0.093 0 0.049 -0.069 -0.282 -0.32 -0.285 -0.324 -0.267 -0.191 0.12 0.244 0.475 0.519 -0.005 -0.042 0.005 -0.449 -0.734 -0.447 -0.251 0.14 -0.14 -0.633 -0.937 -0.703 -0.37 -0.15 0.052 0.07 0.064 0.071 -0.011 -0.46 -0.844 -1.013 -1.268 -0.914 -0.672 -1.052 -1.336 -1.361 -1.114 -0.977 -0.641 -0.348 -0.198 -0.042 0.149 0.445 0.135 -0.356 -0.747 -1.112 -1.211 -1.562 -1.42 -1.229 -1.582 -1.776 -1.663 -1.392 -1.357 -1.691
0.165 0.239 0.281 0.284 0.28 0.259 0.11 -0.321 -0.43 -0.22 -0.082 -0.101 -0.197 -0.184 -0.094 -0.015 -0.092 -0.189 -0.283 -0.485 -0.494 -0.21 -0.11 0.143 0.483 0.267 -0.377 -0.201 0.037 -0.322 -0.707 -0.599 -0.26 0.108 -0.263 -0.704 -1.035 -1.117 -0.645 -0.324 -0.226 -0.168 -0.098 -0.123 -0.033 -0.143 -0.43 -0.868 -0.974 -0.627 -0.716 -1.434 -1.588 -1.101 -0.801 -0.695 -0.629 -0.416 -0.41 -0.487 -0.211 0.291 0.386 0.034 -0.536 -1.091 -1.44 -1.757 -1.602 -1.595 -1.578 -1.57 -1.389 -1.006 -1.31 -1.545
0.076 0.048 0.084 0.077 0.089 0.117 0.147 0.052 -0.009 -0.02 -0.116 -0.134 -0.25 -0.34 -0.257 -0.22 -0.217 -0.292 -0.332 -0.58 -0.55 -0.341 -0.198 0.335 0.486 0.106 -0.482 -0.216 -0.148 -0.392 -0.661 -0.545 -0.087 -0.008 -0.382 -0.727 -1.013 -1.248 -1.1 -0.661 -0.525 -0.483 -0.372 -0.545 -0.394 -0.228 -0.204 -0.48 -0.502 -0.428 -0.855 -1.515 -1.503 -1.087 -0.977 -0.878 -1.063 -0.992 -1.044 -0.89 -0.545 0.032 0.419 0.156 -0.512 -1.274 -1.687 -1.522 -1.396 -1.288 -1.188 -1.066 -0.812 -1.024 -1.706 -1.901
-0.044 -0.151 -0.152 -0.215 -0.277 -0.261 -0.23 -0.064 0.063 -0.082 -0.193 -0.262 -0.35 -0.528 -0.64 -0.647 -0.619 -0.667 -0.611 -0.713 -0.531 -0.342 0.013 0.45 0.424 0.055 -0.476 -0.271 -0.414 -0.596 -0.695 -0.597 -0.245 -0.337 -0.592 -0.942 -1.085 -1.158 -1.174 -1.066 -0.872 -0.708 -0.707 -0.983 -0.918 -0.829 -0.342 -0.362 -0.521 -0.786 -1.208 -1.653 -1.651 -1.483 -1.467 -1.417 -1.476 -1.289 -1.054 -1.072 -0.791 -0.316 0.294 0.206 -0.438 -1.129 -1.321 -1.162 -1.182 -1.015 -0.805 -0.596 -0.72 -1.329 -1.879 -1.814
-0.143 -0.473 -0.532 -0.645 -0.607 -0.459 -0.235 -0.007 -0.043 -0.217 -0.358 -0.529 -0.587 -0.593 -0.739 -0.752 -0.618 -0.63 -0.668 -0.653 -0.405 -0.104 0.293 0.499 0.333 -0.091 -0.456 -0.314 -0.489 -0.804 -0.816 -0.631 -0.585 -0.742 -0.824 -0.978 -0.93 -0.874 -0.928 -1.092 -1.085 -0.975 -0.967 -1.255 -1.501 -1.269 -0.818 -0.877 -0.996 -1.387 -1.663 -1.794 -1.811 -1.675 -1.62 -1.686 -1.472 -1.27 -1.033 -0.865 -0.834 -0.36 0.292 0.184 -0.36 -0.79 -0.675 -0.636 -0.668 -0.518 -0.437 -0.653 -0.97 -1.29 -1.721 -1.657
-0.316 -0.525 -0.457 -0.566 -0.435 -0.305 -0.165 -0.032 -0.195 -0.428 -0.593 -0.617 -0.455 -0.236 -0.286 -0.293 -0.202 -0.215 -0.244 -0.5 -0.409 0.009 0.287 0.372 0.106 -0.336 -0.614 -0.529 -0.472 -0.879 -0.907 -0.744 -0.741 -0.814 -0.863 -0.857 -0.686 -0.68 -0.799 -0.901 -1.051 -1.253 -1.388 -1.482 -1.73 -1.495 -1.4 -1.484 -1.465 -1.533 -1.529 -1.521 -1.694 -1.579 -1.29 -1.528 -1.525 -1.229 -1.083 -0.729 -0.47 -0.176 0.294 0.209 0.041 -0.122 -0.18 -0.283 -0.363 -0.49 -0.815 -1.295 -1.427 -1.301 -1.717 -1.748
-0.309 -0.33 -0.357 -0.442 -0.335 -0.249 -0.207 -0.121 -0.394 -0.551 -0.414 -0.163 0.067 0.189 0.213 0.21 0.216 0.156 0.173 -0.141 -0.301 -0.033 0.167 0.181 -0.089 -0.366 -0.559 -0.602 -0.626 -0.823 -0.955 -1.026 -0.86 -0.852 -0.898 -0.667 -0.514 -0.726 -0.952 -1.242 -1.41 -1.408 -1.251 -1.106 -1.348 -1.503 -1.547 -1.526 -1.528 -1.225 -1.013 -1.341 -1.642 -1.568 -1.041 -1.3 -1.322 -1.015 -0.746 -0.528 -0.157 0.171 0.198 -0.241 -0.42 -0.189 -0.295 -0.509 -0.686 -1.031 -1.371 -1.739 -1.539 -1.427 -1.871 -1.67
-0.272 -0.199 -0.386 -0.428 -0.335 -0.298 -0.224 -0.361 -0.469 -0.271 0.14 0.407 0.546 0.579 0.556 0.538 0.506 0.465 0.472 0.332 0.082 0.108 0.207 0.098 0.034 -0.094 -0.287 -0.442 -0.597 -0.719 -0.731 -0.957 -1.129 -0.957 -0.701 -0.416 -0.715 -1.103 -1.226 -1.238 -1.135 -0.801 -0.697 -0.946 -1.391 -1.689 -1.339 -1.174 -1.261 -1.169 -0.826 -1.292 -1.323 -1.591 -1.071 -0.804 -0.943 -1.129 -0.868 -0.445 0.019 0.104 -0.269 -0.814 -1.056 -0.648 -0.496 -0.843 -1.086 -1.457 -1.849 -1.872 -1.464 -1.561 -1.715 -1.537
-0.167 -0.148 -0.382 -0.421 -0.366 -0.397 -0.471 -0.412 -0.113 0.279 0.561 0.659 0.678 0.681 0.674 0.664 0.621 0.602 0.608 0.589 0.49 0.469 0.454 0.386 0.263 0.173 -0.021 -0.189 -0.335 -0.547 -0.708 -0.897 -1.036 -0.604 -0.292 -0.603 -0.918 -0.859 -0.617 -0.511 -0.512 -0.607 -0.927 -1.276 -1.487 -1.573 -1.326 -0.875 -0.788 -0.862 -0.751 -0.921 -1.005 -1.212 -1.272 -1.153 -0.792 -0.826 -0.71 -0.178 0.102 -0.153 -0.728 -1.401 -1.415 -0.904 -0.519 -1.038 -1.384 -1.621 -2.065 -1.976 -1.636 -1.718 -1.717 -1.622
-0.086 -0.022 -0.199 -0.3 -0.339 -0.54 -0.51 -0.037 0.386 0.618 0.679 0.683 0.683 0.655 0.578 0.552 0.609 0.624 0.63 0.638 0.635 0.608 0.616 0.619 0.556 0.36 0.148 0.048 -0.19 -0.511 -0.798 -0.925 -0.587 -0.215 -0.453 -0.757 -0.641 -0.297 -0.127 -0.155 -0.224 -0.485 -0.726 -1.058 -1.14 -1.307 -1.11 -0.938 -1.073 -0.887 -0.741 -0.608 -0.636 -0.743 -0.944 -1.169 -1.045 -0.605 -0.504 -0.012 -0.054 -0.366 -1.004 -1.654 -1.629 -1.109 -0.71 -1.185 -1.669 -1.625 -1.818 -1.954 -1.795 -1.716 -1.66 -1.568
-0.083 0.093 -0.025 -0.147 -0.35 -0.446 -0.068 0.424 0.644 0.681 0.685 0.679 0.55 0.316 0.14 0.062 0.102 0.163 0.08 0.152 0.207 0.226 0.287 0.555 0.638 0.619 0.494 0.236 0.019 -0.3 -0.645 -0.57 -0.173 -0.298 -0.357 -0.188 -0.198 -0.124 -0.474 -0.699 -0.734 -0.695 -0.758 -0.89 -0.897 -1.113 -1.196 -1.191 -1.593 -1.433 -1.255 -0.935 -0.734 -0.487 -0.492 -0.656 -0.942 -0.701 -0.167 -0.002 -0.592 -0.598 -1.022 -1.495 -1.64 -1.335 -1.048 -1.158 -1.532 -1.365 -1.626 -1.905 -1.676 -1.467 -1.376 -1.269
0.086 0.19 -0.078 -0.301 -0.263 0.046 0.457 0.656 0.682 0.687 0.656 0.452 0.032 -0.032 -0.187 -0.316 -0.298 -0.51 -0.663 -0.364 -0.322 -0.294 -0.22 0.034 0.367 0.539 0.597 0.52 0.308 -0.067 -0.132 -0.047 0.044 0.093 0.135 0.099 -0.02 -0.401 -0.944 -1.211 -1.301 -1.269 -1.172 -1.163 -1.029 -1.248 -1.559 -1.425 -1.815 -1.91 -1.595 -1.434 -1.126 -0.704 -0.559 -0.424 -0.473 -0.448 0.003 -0.343 -1.038 -0.734 -1.15 -1.535 -1.617 -1.454 -1.29 -1.307 -1.547 -1.247 -1.582 -1.733 -1.538 -1.28 -1.03 -0.896
0.277 0.016 -0.194 0.1 0.319 0.53 0.668 0.684 0.687 0.629 0.331 -0.032 -0.321 -0.132 -0.458 -0.658 -0.752 -0.707 -0.638 -0.601 -0.88 -0.636 -0.685 -0.535 -0.183 0.161 0.357 0.438 0.499 0.374 0.321 0.232 0.126 -0.059 -0.297 -0.373 -0.344 -0.515 -1.097 -1.365 -1.536 -1.637 -1.42 -1.243 -1.291 -1.435 -1.95 -1.63 -1.684 -1.996 -1.806 -1.539 -1.26 -1.059 -1.115 -0.859 -0.44 -0.109 -0.048 -0.664 -1.264 -0.853 -1.192 -1.468 -1.72 -1.702 -1.558 -1.413 -1.518 -1.233 -1.342 -1.513 -1.297 -1.082 -0.816 -0.567
0.16 -0.137 0.258 0.545 0.654 0.681 0.683 0.65 0.507 0.256 -0.257 -0.573 -0.545 -0.438 -0.599 -0.93 -0.962 -0.993 -1.063 -1.127 -0.9 -0.848 -0.943 -0.615 -0.267 -0.095 -0.152 0.06 0.379 0.546 0.324 -0.179 -0.466 -0.698 -0.859 -1.036 -0.902 -0.5 -0.782 -1.061 -1.321 -1.636 -1.677 -1.685 -1.692 -1.76 -2.165 -1.688 -1.349 -1.72 -1.861 -1.655 -1.612 -1.452 -1.299 -0.96 -0.491 -0.02 -0.352 -0.971 -1.467 -1.095 -1.111 -1.586 -1.897 -1.766 -1.741 -1.3 -1.292 -1.214 -0.986 -1.175 -1.118 -0.844 -0.628 -0.395
0.195 0.372 0.61 0.658 0.68 0.677 0.638 0.356 -0.009 -0.13 -0.601 -0.823 -0.7 -0.611 -0.666 -1.116 -1.325 -1.477 -1.391 -1.165 -1.051 -1.012 -0.847 -0.563 -0.22 -0.375 -0.577 -0.414 0.127 0.372 0.326 -0.41 -0.91 -1.079 -1.225 -1.44 -1.289 -0.948 -0.762 -0.732 -1.222 -1.683 -1.99 -2.026 -1.96 -2.009 -2.169 -1.75 -1.275 -1.287 -1.603 -1.83 -1.826 -1.466 -1.197 -0.972 -0.448 -0.092 -0.66 -1.23 -1.639 -1.283 -1.211 -1.74 -1.904 -1.572 -1.599 -1.318 -1.003 -0.966 -0.698 -0.793 -0.824 -0.849 -0.595 -0.35
0.632 0.656 0.671 0.666 0.621 0.519 0.332 -0.146 -0.593 -0.704 -0.827 -0.92 -0.834 -0.843 -0.775 -1.047 -1.35 -1.484 -1.234 -1.025 -0.849 -0.695 -0.51 -0.28 -0.327 -0.798 -0.829 0.003 0.232 -0.043 0.296 -0.058 -0.607 -0.882 -1.08 -1.363 -1.481 -1.311 -1.009 -0.767 -1.257 -1.784 -2.019 -1.847 -1.791 -1.833 -1.974 -1.846 -1.506 -1.23 -1.111 -1.488 -1.661 -1.305 -1.14 -1.02 -0.512 -0.15 -0.843 -1.364 -1.707 -1.516 -1.368 -1.729 -1.582 -1.531 -1.138 -1.099 -0.76 -0.585 -0.487 -0.452 -0.421 -0.412 -0.376 -0.418
0.618 0.64 0.657 0.575 0.396 0.146 -0.206 -0.572 -0.968 -0.944 -1.007 -1.142 -1.217 -1.213 -1.078 -1.183 -1.24 -1.24 -1.077 -0.878 -0.736 -0.476 -0.4 -0.413 -0.575 -1.174 -0.736 0.31 -0.047 -0.572 -0.025 0.199 -0.021 -0.5 -0.724 -1.068 -1.428 -1.6 -1.361 -1.154 -1.383 -1.752 -2.043 -1.73 -1.399 -1.388 -1.669 -1.827 -1.766 -1.409 -0.985 -0.943 -1.137 -0.98 -0.785 -0.601 -0.341 -0.176 -0.719 -1.136 -1.587 -1.636 -1.524 -1.531 -1.25 -1.355 -0.991 -0.794 -0.599 -0.508 -0.667 -0.553 -0.601 -0.599 -0.712 -0.706
0.485 0.643 0.559 0.243 -0.014 -0.214 -0.646 -0.82 -0.992 -1.144 -1.187 -1.223 -1.321 -1.188 -1.141 -1.145 -1.012 -0.92 -0.866 -0.751 -0.556 -0.469 -0.823 -0.924 -0.793 -1.231 -0.647 0.231 -0.379 -0.996 -0.44 -0.038 0.14 -0.066 -0.288 -0.777 -1.27 -1.695 -1.69 -1.632 -1.571 -1.723 -2.023 -1.938 -1.412 -1.14 -1.188 -1.513 -1.648 -1.445 -1.215 -0.978 -0.647 -0.478 -0.357 -0.399 -0.34 -0.498 -0.928 -1.31 -1.44 -1.316 -1.233 -1.196 -1.172 -1.08 -0.896 -0.68 -0.672 -0.903 -0.913 -0.698 -0.974 -0.81 -1.014 -0.938
0.363 0.567 0.422 -0.119 -0.459 -0.622 -0.626 -0.67 -0.848 -0.996 -0.995 -0.896 -1.067 -1.027 -0.973 -0.836 -0.772 -0.629 -0.63 -0.726 -0.67 -0.821 -1.408 -1.379 -1.229 -1.128 -0.613 0.016 -0.626 -1.33 -0.966 -0.603 -0.126 0.073 0.028 -0.459 -0.984 -1.583 -1.864 -1.974 -1.782 -1.823 -2.145 -2.249 -1.827 -1.398 -1.054 -1.004 -1.197 -1.109 -0.892 -0.683 -0.564 -0.654 -0.776 -0.969 -0.526 -0.863 -1.227 -1.287 -1.095 -1.163 -1.38 -1.162 -1.078 -0.829 -0.705 -0.912 -1.087 -1.282 -0.909 -0.906 -1.235 -1.007 -1.311 -1.116
0.163 0.355 0.488 0.01 -0.48 -0.464 -0.288 -0.335 -0.415 -0.42 -0.561 -0.583 -0.636 -0.578 -0.728 -0.541 -0.444 -0.376 -0.447 -0.823 -1.437 -1.519 -1.771 -1.704 -1.637 -1.204 -0.738 -0.226 -0.575 -1.176 -1.377 -0.945 -0.571 -0.375 -0.088 -0.295 -1.091 -1.56 -1.654 -2.075 -1.928 -1.925 -2.169 -2.334 -2.158 -1.68 -1.354 -1.011 -0.781 -0.772 -0.73 -0.843 -1.032 -1.219 -1.322 -1.135 -0.659 -0.678 -0.943 -0.959 -1.128 -1.462 -1.602 -1.211 -0.914 -0.963 -0.934 -1.344 -1.412 -1.327 -0.922 -1.152 -1.415 -1.267 -1.441 -1.133
-0.231 -0.09 0.321 0.337 0.053 0.124 0.207 0.221 0.168 0.142 0.022 -0.144 -0.164 -0.21 -0.386 -0.256 -0.166 -0.167 -0.414 -1.26 -2.065 -2.161 -2.056 -1.911 -1.815 -1.368 -1.032 -0.695 -0.697 -0.823 -1.21 -1.497 -1.24 -0.939 -0.397 -0.284 -1.073 -1.405 -1.473 -2.009 -2.106 -1.98 -2.046 -2.284 -2.164 -1.712 -1.228 -1.08 -1.257 -1.139 -1.322 -1.477 -1.561 -1.531 -1.229 -0.83 -0.495 -0.489 -0.65 -0.846 -1.162 -1.582 -1.611 -1.354 -1.195 -1.298 -0.989 -1.515 -1.571 -1.255 -0.997 -1.344 -1.535 -1.477 -1.277 -0.857
