data/climatemaps/RS_maps/climate_winter_pr_2010.asc
NCOLS 369 
NROWS 228 
XLLCORNER 479000 
YLLCORNER 73000 
CELLSIZE 1000 
NODATA_value -9 
[rows 33 to 65 of 228, columns 222 to 295 of 369]
-0.655 -0.67 -0.686 -0.698 -0.704 -0.706 -0.708 -0.713 -0.727 -0.729 -0.721 -0.703 -0.673 -0.628 -0.571 -0.517 -0.489 -0.497 -0.529 -0.571 -0.608 -0.639 -0.664 -0.684 -0.693 -0.7 -0.703 -0.704 -0.703 -0.698 -0.686 -0.673 -0.656 -0.627 -0.599 -0.578 -0.568 -0.564 -0.564 -0.567 -0.567 -0.569 -0.572 -0.576 -0.582 -0.589 -0.595 -0.597 -0.599 -0.6 -0.599 -0.597 -0.592 -0.585 -0.576 -0.565 -0.555 -0.545 -0.535 -0.526 -0.518 -0.508 -0.496 -0.477 -0.452 -0.423 -0.394 -0.37 -0.354 -0.345 -0.341 -0.332 -0.307 -0.233
-0.636 -0.645 -0.649 -0.652 -0.655 -0.655 -0.65 -0.657 -0.682 -0.701 -0.704 -0.695 -0.678 -0.637 -0.583 -0.531 -0.506 -0.517 -0.539 -0.561 -0.582 -0.6 -0.606 -0.614 -0.629 -0.642 -0.65 -0.667 -0.677 -0.678 -0.674 -0.66 -0.638 -0.608 -0.579 -0.554 -0.545 -0.544 -0.544 -0.548 -0.55 -0.556 -0.56 -0.565 -0.569 -0.575 -0.581 -0.586 -0.59 -0.593 -0.595 -0.595 -0.592 -0.586 -0.578 -0.569 -0.559 -0.549 -0.54 -0.531 -0.523 -0.514 -0.501 -0.482 -0.457 -0.427 -0.397 -0.371 -0.354 -0.343 -0.34 -0.335 -0.311 -0.226
-0.62 -0.618 -0.613 -0.599 -0.594 -0.595 -0.594 -0.606 -0.631 -0.668 -0.694 -0.7 -0.691 -0.652 -0.605 -0.574 -0.567 -0.568 -0.571 -0.573 -0.57 -0.559 -0.544 -0.541 -0.548 -0.571 -0.588 -0.608 -0.624 -0.635 -0.639 -0.632 -0.608 -0.585 -0.563 -0.545 -0.535 -0.529 -0.526 -0.531 -0.534 -0.54 -0.545 -0.549 -0.553 -0.557 -0.562 -0.569 -0.575 -0.582 -0.587 -0.589 -0.589 -0.585 -0.578 -0.57 -0.56 -0.551 -0.542 -0.534 -0.527 -0.518 -0.506 -0.487 -0.462 -0.431 -0.399 -0.372 -0.352 -0.342 -0.337 -0.333 -0.31 -0.218
-0.618 -0.603 -0.581 -0.555 -0.538 -0.534 -0.545 -0.561 -0.592 -0.639 -0.682 -0.705 -0.71 -0.695 -0.669 -0.646 -0.63 -0.612 -0.598 -0.582 -0.549 -0.512 -0.484 -0.472 -0.475 -0.492 -0.51 -0.534 -0.553 -0.564 -0.577 -0.595 -0.581 -0.563 -0.55 -0.542 -0.534 -0.522 -0.515 -0.516 -0.521 -0.525 -0.531 -0.536 -0.54 -0.542 -0.545 -0.55 -0.557 -0.567 -0.575 -0.58 -0.581 -0.579 -0.574 -0.567 -0.558 -0.549 -0.541 -0.534 -0.528 -0.521 -0.51 -0.492 -0.467 -0.435 -0.403 -0.374 -0.353 -0.34 -0.334 -0.328 -0.304 -0.22
-0.623 -0.595 -0.556 -0.524 -0.495 -0.489 -0.494 -0.514 -0.563 -0.616 -0.66 -0.691 -0.707 -0.711 -0.703 -0.684 -0.664 -0.642 -0.619 -0.581 -0.532 -0.481 -0.432 -0.403 -0.407 -0.425 -0.443 -0.464 -0.483 -0.504 -0.519 -0.545 -0.56 -0.544 -0.541 -0.541 -0.53 -0.517 -0.507 -0.502 -0.503 -0.504 -0.51 -0.515 -0.52 -0.523 -0.527 -0.532 -0.539 -0.548 -0.557 -0.565 -0.569 -0.569 -0.565 -0.557 -0.549 -0.54 -0.533 -0.529 -0.525 -0.52 -0.511 -0.495 -0.47 -0.44 -0.407 -0.377 -0.354 -0.337 -0.328 -0.32 -0.292 -0.21
-0.624 -0.59 -0.549 -0.508 -0.475 -0.462 -0.456 -0.49 -0.543 -0.586 -0.628 -0.666 -0.693 -0.7 -0.695 -0.686 -0.677 -0.664 -0.63 -0.583 -0.522 -0.461 -0.408 -0.369 -0.373 -0.387 -0.399 -0.418 -0.437 -0.461 -0.48 -0.505 -0.54 -0.542 -0.547 -0.535 -0.515 -0.501 -0.494 -0.488 -0.484 -0.481 -0.482 -0.485 -0.489 -0.492 -0.497 -0.505 -0.514 -0.523 -0.535 -0.545 -0.551 -0.552 -0.548 -0.541 -0.533 -0.524 -0.518 -0.515 -0.515 -0.513 -0.506 -0.493 -0.471 -0.443 -0.411 -0.38 -0.356 -0.337 -0.325 -0.313 -0.28 -0.194
-0.607 -0.584 -0.54 -0.478 -0.43 -0.43 -0.446 -0.475 -0.515 -0.551 -0.584 -0.631 -0.66 -0.674 -0.68 -0.682 -0.679 -0.669 -0.638 -0.582 -0.528 -0.462 -0.402 -0.381 -0.382 -0.372 -0.385 -0.4 -0.418 -0.445 -0.462 -0.483 -0.524 -0.543 -0.534 -0.512 -0.492 -0.475 -0.468 -0.457 -0.454 -0.452 -0.453 -0.456 -0.458 -0.458 -0.461 -0.47 -0.478 -0.49 -0.506 -0.52 -0.528 -0.529 -0.523 -0.515 -0.505 -0.498 -0.494 -0.493 -0.496 -0.498 -0.493 -0.484 -0.466 -0.441 -0.412 -0.383 -0.358 -0.338 -0.324 -0.31 -0.282 -0.217
-0.587 -0.564 -0.517 -0.453 -0.387 -0.378 -0.405 -0.422 -0.463 -0.515 -0.548 -0.568 -0.599 -0.629 -0.65 -0.664 -0.673 -0.667 -0.644 -0.592 -0.534 -0.482 -0.437 -0.416 -0.413 -0.401 -0.415 -0.427 -0.438 -0.454 -0.463 -0.483 -0.521 -0.532 -0.514 -0.499 -0.48 -0.458 -0.439 -0.416 -0.409 -0.413 -0.427 -0.434 -0.434 -0.433 -0.434 -0.438 -0.443 -0.455 -0.473 -0.489 -0.496 -0.495 -0.485 -0.47 -0.455 -0.451 -0.456 -0.46 -0.469 -0.473 -0.472 -0.467 -0.454 -0.434 -0.409 -0.383 -0.359 -0.339 -0.324 -0.31 -0.286 -0.233
-0.574 -0.535 -0.496 -0.435 -0.373 -0.351 -0.347 -0.379 -0.416 -0.465 -0.501 -0.516 -0.538 -0.571 -0.605 -0.633 -0.65 -0.653 -0.635 -0.59 -0.543 -0.509 -0.474 -0.465 -0.472 -0.465 -0.473 -0.477 -0.473 -0.471 -0.481 -0.506 -0.526 -0.526 -0.511 -0.496 -0.473 -0.442 -0.408 -0.37 -0.355 -0.36 -0.384 -0.413 -0.421 -0.417 -0.412 -0.413 -0.416 -0.429 -0.444 -0.454 -0.453 -0.445 -0.421 -0.394 -0.377 -0.386 -0.408 -0.419 -0.431 -0.438 -0.443 -0.443 -0.436 -0.422 -0.402 -0.38 -0.358 -0.339 -0.324 -0.311 -0.291 -0.236
-0.555 -0.528 -0.475 -0.415 -0.36 -0.32 -0.307 -0.326 -0.363 -0.388 -0.441 -0.472 -0.494 -0.53 -0.56 -0.597 -0.616 -0.619 -0.612 -0.587 -0.559 -0.535 -0.519 -0.523 -0.524 -0.52 -0.517 -0.507 -0.501 -0.5 -0.514 -0.525 -0.526 -0.517 -0.504 -0.491 -0.466 -0.424 -0.371 -0.323 -0.298 -0.3 -0.341 -0.39 -0.41 -0.401 -0.393 -0.387 -0.389 -0.404 -0.413 -0.408 -0.397 -0.376 -0.34 -0.317 -0.318 -0.338 -0.354 -0.36 -0.366 -0.378 -0.392 -0.409 -0.413 -0.406 -0.393 -0.374 -0.355 -0.338 -0.325 -0.314 -0.297 -0.258
-0.529 -0.505 -0.47 -0.414 -0.359 -0.305 -0.277 -0.293 -0.323 -0.342 -0.379 -0.425 -0.471 -0.505 -0.537 -0.567 -0.569 -0.572 -0.576 -0.57 -0.561 -0.557 -0.553 -0.548 -0.543 -0.543 -0.541 -0.533 -0.529 -0.526 -0.523 -0.513 -0.512 -0.505 -0.494 -0.485 -0.46 -0.409 -0.352 -0.296 -0.259 -0.265 -0.312 -0.378 -0.398 -0.374 -0.371 -0.365 -0.369 -0.383 -0.369 -0.351 -0.339 -0.311 -0.281 -0.276 -0.285 -0.288 -0.291 -0.293 -0.289 -0.302 -0.324 -0.354 -0.377 -0.39 -0.383 -0.367 -0.35 -0.336 -0.325 -0.319 -0.306 -0.275
-0.496 -0.487 -0.467 -0.433 -0.389 -0.342 -0.311 -0.282 -0.32 -0.317 -0.347 -0.383 -0.415 -0.459 -0.507 -0.532 -0.524 -0.531 -0.532 -0.536 -0.538 -0.545 -0.539 -0.532 -0.527 -0.528 -0.531 -0.529 -0.525 -0.513 -0.494 -0.488 -0.494 -0.497 -0.496 -0.485 -0.456 -0.409 -0.352 -0.301 -0.267 -0.281 -0.32 -0.377 -0.384 -0.359 -0.362 -0.349 -0.353 -0.352 -0.324 -0.308 -0.299 -0.276 -0.251 -0.241 -0.251 -0.254 -0.252 -0.263 -0.247 -0.256 -0.293 -0.327 -0.364 -0.382 -0.376 -0.362 -0.348 -0.336 -0.328 -0.325 -0.316 -0.286
-0.441 -0.467 -0.472 -0.458 -0.433 -0.398 -0.351 -0.314 -0.324 -0.287 -0.302 -0.332 -0.368 -0.416 -0.473 -0.495 -0.489 -0.489 -0.481 -0.488 -0.492 -0.51 -0.511 -0.503 -0.493 -0.479 -0.491 -0.494 -0.491 -0.48 -0.467 -0.469 -0.476 -0.485 -0.494 -0.484 -0.459 -0.419 -0.365 -0.324 -0.286 -0.306 -0.347 -0.396 -0.386 -0.371 -0.361 -0.333 -0.32 -0.329 -0.312 -0.307 -0.28 -0.252 -0.223 -0.216 -0.226 -0.232 -0.231 -0.254 -0.252 -0.276 -0.327 -0.366 -0.385 -0.386 -0.377 -0.363 -0.35 -0.34 -0.333 -0.333 -0.326 -0.295
-0.384 -0.421 -0.432 -0.44 -0.44 -0.425 -0.383 -0.35 -0.323 -0.277 -0.266 -0.285 -0.332 -0.381 -0.432 -0.443 -0.44 -0.432 -0.424 -0.433 -0.437 -0.466 -0.483 -0.475 -0.461 -0.448 -0.447 -0.44 -0.436 -0.443 -0.443 -0.445 -0.452 -0.467 -0.481 -0.474 -0.458 -0.433 -0.396 -0.36 -0.353 -0.371 -0.402 -0.417 -0.396 -0.379 -0.341 -0.3 -0.28 -0.286 -0.283 -0.295 -0.265 -0.244 -0.219 -0.202 -0.201 -0.22 -0.239 -0.272 -0.295 -0.323 -0.372 -0.402 -0.406 -0.398 -0.385 -0.371 -0.356 -0.347 -0.342 -0.339 -0.33 -0.296
-0.351 -0.377 -0.387 -0.384 -0.41 -0.418 -0.379 -0.346 -0.309 -0.269 -0.247 -0.254 -0.284 -0.33 -0.377 -0.386 -0.388 -0.38 -0.382 -0.387 -0.394 -0.425 -0.453 -0.434 -0.414 -0.398 -0.383 -0.375 -0.372 -0.384 -0.396 -0.415 -0.423 -0.443 -0.461 -0.467 -0.465 -0.448 -0.424 -0.408 -0.424 -0.438 -0.444 -0.427 -0.408 -0.374 -0.328 -0.285 -0.25 -0.238 -0.246 -0.274 -0.263 -0.243 -0.217 -0.202 -0.193 -0.211 -0.242 -0.278 -0.321 -0.357 -0.399 -0.425 -0.431 -0.419 -0.402 -0.383 -0.369 -0.36 -0.352 -0.342 -0.323 -0.281
-0.345 -0.358 -0.356 -0.344 -0.37 -0.402 -0.377 -0.347 -0.314 -0.26 -0.225 -0.222 -0.229 -0.273 -0.319 -0.323 -0.335 -0.33 -0.337 -0.341 -0.356 -0.398 -0.427 -0.403 -0.371 -0.346 -0.315 -0.308 -0.303 -0.321 -0.339 -0.367 -0.391 -0.413 -0.433 -0.445 -0.455 -0.452 -0.45 -0.453 -0.46 -0.471 -0.46 -0.435 -0.416 -0.379 -0.334 -0.291 -0.251 -0.234 -0.233 -0.24 -0.24 -0.232 -0.215 -0.197 -0.22 -0.261 -0.304 -0.359 -0.42 -0.459 -0.475 -0.475 -0.463 -0.445 -0.422 -0.403 -0.387 -0.375 -0.361 -0.336 -0.302 -0.247
-0.368 -0.347 -0.337 -0.321 -0.331 -0.365 -0.366 -0.333 -0.312 -0.262 -0.214 -0.185 -0.185 -0.216 -0.252 -0.261 -0.269 -0.279 -0.292 -0.305 -0.322 -0.382 -0.411 -0.392 -0.372 -0.344 -0.306 -0.269 -0.253 -0.243 -0.261 -0.292 -0.32 -0.357 -0.383 -0.396 -0.415 -0.417 -0.435 -0.448 -0.454 -0.472 -0.471 -0.452 -0.43 -0.394 -0.357 -0.326 -0.292 -0.258 -0.226 -0.211 -0.205 -0.186 -0.187 -0.212 -0.27 -0.349 -0.419 -0.478 -0.518 -0.53 -0.528 -0.516 -0.496 -0.472 -0.445 -0.422 -0.404 -0.386 -0.359 -0.312 -0.249 -0.155
-0.4 -0.348 -0.322 -0.299 -0.297 -0.334 -0.325 -0.3 -0.276 -0.234 -0.196 -0.162 -0.144 -0.167 -0.184 -0.2 -0.225 -0.252 -0.273 -0.296 -0.321 -0.362 -0.405 -0.391 -0.35 -0.315 -0.263 -0.229 -0.2 -0.177 -0.189 -0.214 -0.237 -0.282 -0.322 -0.339 -0.373 -0.39 -0.402 -0.415 -0.431 -0.463 -0.472 -0.48 -0.458 -0.434 -0.407 -0.372 -0.326 -0.282 -0.246 -0.215 -0.182 -0.154 -0.186 -0.261 -0.349 -0.439 -0.511 -0.553 -0.574 -0.577 -0.568 -0.549 -0.525 -0.496 -0.468 -0.441 -0.418 -0.387 -0.332 -0.227 -0.103 0.016
-0.432 -0.372 -0.323 -0.288 -0.287 -0.313 -0.306 -0.273 -0.244 -0.201 -0.153 -0.127 -0.105 -0.1 -0.127 -0.134 -0.166 -0.195 -0.226 -0.267 -0.301 -0.354 -0.395 -0.398 -0.37 -0.328 -0.272 -0.232 -0.183 -0.147 -0.135 -0.146 -0.171 -0.213 -0.243 -0.272 -0.325 -0.367 -0.381 -0.391 -0.419 -0.459 -0.464 -0.499 -0.491 -0.47 -0.452 -0.418 -0.373 -0.339 -0.299 -0.227 -0.182 -0.169 -0.217 -0.29 -0.397 -0.497 -0.555 -0.592 -0.61 -0.61 -0.596 -0.573 -0.545 -0.516 -0.486 -0.456 -0.422 -0.366 -0.258 -0.085 0.096 0.181
-0.476 -0.412 -0.356 -0.318 -0.301 -0.283 -0.285 -0.23 -0.197 -0.172 -0.134 -0.095 -0.053 -0.052 -0.086 -0.111 -0.145 -0.186 -0.221 -0.252 -0.29 -0.338 -0.383 -0.375 -0.353 -0.341 -0.299 -0.235 -0.188 -0.145 -0.107 -0.097 -0.105 -0.139 -0.157 -0.212 -0.282 -0.328 -0.364 -0.386 -0.429 -0.457 -0.462 -0.502 -0.511 -0.476 -0.459 -0.449 -0.432 -0.394 -0.332 -0.283 -0.252 -0.207 -0.237 -0.328 -0.437 -0.529 -0.585 -0.618 -0.635 -0.632 -0.614 -0.587 -0.558 -0.529 -0.498 -0.462 -0.411 -0.317 -0.16 0.046 0.241 0.297
-0.52 -0.463 -0.409 -0.357 -0.304 -0.258 -0.259 -0.238 -0.195 -0.172 -0.125 -0.086 -0.024 -0.029 -0.042 -0.082 -0.112 -0.159 -0.179 -0.217 -0.25 -0.307 -0.365 -0.346 -0.314 -0.308 -0.304 -0.246 -0.194 -0.143 -0.097 -0.062 -0.038 -0.078 -0.095 -0.156 -0.236 -0.286 -0.351 -0.406 -0.436 -0.445 -0.461 -0.503 -0.522 -0.493 -0.481 -0.455 -0.436 -0.423 -0.397 -0.358 -0.309 -0.274 -0.296 -0.375 -0.476 -0.557 -0.605 -0.637 -0.652 -0.646 -0.625 -0.597 -0.567 -0.536 -0.501 -0.454 -0.377 -0.245 -0.063 0.158 0.337 0.367
-0.553 -0.507 -0.443 -0.382 -0.312 -0.237 -0.228 -0.204 -0.17 -0.151 -0.126 -0.086 -0.035 -0.031 -0.011 -0.016 -0.046 -0.095 -0.1 -0.158 -0.211 -0.279 -0.341 -0.334 -0.292 -0.277 -0.294 -0.224 -0.178 -0.133 -0.092 -0.027 0.004 -0.021 -0.053 -0.101 -0.181 -0.265 -0.354 -0.414 -0.424 -0.42 -0.429 -0.475 -0.519 -0.529 -0.514 -0.498 -0.47 -0.456 -0.445 -0.401 -0.344 -0.306 -0.328 -0.4 -0.493 -0.572 -0.617 -0.648 -0.663 -0.656 -0.632 -0.602 -0.572 -0.538 -0.494 -0.422 -0.283 -0.121 0.049 0.246 0.332 0.338
-0.574 -0.538 -0.462 -0.392 -0.319 -0.251 -0.227 -0.156 -0.103 -0.083 -0.055 -0.075 -0.05 -0.021 0.006 0.031 0.009 -0.024 -0.017 -0.092 -0.161 -0.24 -0.31 -0.322 -0.276 -0.256 -0.275 -0.207 -0.149 -0.09 -0.064 -0.014 0.024 0.022 0.004 -0.046 -0.147 -0.249 -0.35 -0.411 -0.412 -0.405 -0.388 -0.418 -0.459 -0.51 -0.545 -0.53 -0.506 -0.494 -0.462 -0.419 -0.365 -0.346 -0.381 -0.438 -0.511 -0.577 -0.622 -0.656 -0.671 -0.663 -0.633 -0.595 -0.573 -0.534 -0.472 -0.366 -0.194 -0.047 0.138 0.299 0.325 0.324
-0.586 -0.557 -0.502 -0.421 -0.337 -0.278 -0.222 -0.145 -0.07 -0.02 -0.005 -0.039 -0.035 -0.003 0.047 0.071 0.051 0.075 0.062 -0.015 -0.101 -0.184 -0.262 -0.295 -0.246 -0.223 -0.244 -0.178 -0.106 -0.057 -0.043 -0.048 -0.007 0.023 -0.002 -0.051 -0.124 -0.223 -0.338 -0.406 -0.404 -0.383 -0.391 -0.421 -0.443 -0.476 -0.53 -0.553 -0.545 -0.521 -0.495 -0.466 -0.424 -0.398 -0.408 -0.45 -0.512 -0.573 -0.62 -0.662 -0.679 -0.672 -0.643 -0.602 -0.576 -0.524 -0.439 -0.314 -0.16 0.002 0.167 0.3 0.341 0.32
-0.594 -0.568 -0.528 -0.461 -0.386 -0.318 -0.241 -0.139 -0.067 0.008 0.002 -0.003 0.006 0.043 0.079 0.14 0.14 0.152 0.114 0.063 0.004 -0.088 -0.196 -0.26 -0.224 -0.183 -0.196 -0.177 -0.133 -0.101 -0.095 -0.075 -0.049 -0.046 -0.042 -0.043 -0.082 -0.185 -0.324 -0.409 -0.412 -0.409 -0.423 -0.437 -0.447 -0.463 -0.486 -0.526 -0.549 -0.549 -0.522 -0.473 -0.424 -0.38 -0.371 -0.413 -0.471 -0.545 -0.612 -0.669 -0.689 -0.684 -0.659 -0.622 -0.579 -0.509 -0.426 -0.309 -0.168 -0.035 0.121 0.241 0.299 0.3
-0.598 -0.576 -0.545 -0.495 -0.418 -0.335 -0.25 -0.159 -0.048 0 -0.006 0.021 0.044 0.055 0.122 0.198 0.212 0.19 0.168 0.177 0.129 0.011 -0.111 -0.223 -0.191 -0.146 -0.129 -0.132 -0.131 -0.12 -0.137 -0.132 -0.13 -0.104 -0.054 -0.018 -0.078 -0.185 -0.33 -0.403 -0.417 -0.427 -0.43 -0.402 -0.404 -0.422 -0.424 -0.456 -0.51 -0.545 -0.518 -0.463 -0.4 -0.343 -0.341 -0.366 -0.432 -0.516 -0.615 -0.679 -0.702 -0.698 -0.673 -0.635 -0.581 -0.525 -0.453 -0.339 -0.214 -0.075 0.035 0.086 0.175 0.261
-0.596 -0.581 -0.556 -0.517 -0.448 -0.363 -0.274 -0.172 -0.046 -0.024 -0.025 0.028 0.084 0.08 0.121 0.223 0.266 0.249 0.268 0.3 0.216 0.102 -0.047 -0.169 -0.151 -0.131 -0.114 -0.093 -0.084 -0.105 -0.149 -0.17 -0.149 -0.107 -0.057 -0.039 -0.095 -0.216 -0.318 -0.349 -0.359 -0.379 -0.379 -0.345 -0.337 -0.365 -0.376 -0.415 -0.472 -0.525 -0.518 -0.479 -0.421 -0.357 -0.315 -0.317 -0.414 -0.517 -0.631 -0.693 -0.718 -0.715 -0.688 -0.65 -0.606 -0.56 -0.496 -0.384 -0.246 -0.18 -0.094 -0.02 0.067 0.156
-0.595 -0.578 -0.56 -0.531 -0.48 -0.406 -0.319 -0.205 -0.075 -0.054 -0.067 -0.003 0.084 0.083 0.139 0.202 0.265 0.322 0.357 0.375 0.297 0.193 0.044 -0.134 -0.158 -0.157 -0.123 -0.082 -0.079 -0.081 -0.107 -0.164 -0.141 -0.131 -0.091 -0.043 -0.076 -0.209 -0.262 -0.288 -0.311 -0.318 -0.283 -0.27 -0.27 -0.319 -0.358 -0.411 -0.443 -0.492 -0.503 -0.491 -0.441 -0.366 -0.292 -0.325 -0.44 -0.576 -0.663 -0.713 -0.738 -0.734 -0.705 -0.667 -0.627 -0.587 -0.53 -0.445 -0.343 -0.221 -0.075 0.018 0.02 0.057
-0.595 -0.575 -0.558 -0.535 -0.502 -0.447 -0.36 -0.24 -0.102 -0.091 -0.113 -0.059 0.028 0.057 0.161 0.203 0.221 0.322 0.404 0.389 0.328 0.23 0.085 -0.085 -0.159 -0.172 -0.157 -0.124 -0.079 -0.058 -0.099 -0.162 -0.149 -0.13 -0.073 -0.021 -0.045 -0.172 -0.202 -0.213 -0.236 -0.214 -0.18 -0.201 -0.237 -0.292 -0.325 -0.339 -0.367 -0.466 -0.453 -0.465 -0.438 -0.349 -0.319 -0.414 -0.525 -0.629 -0.695 -0.738 -0.76 -0.753 -0.725 -0.687 -0.649 -0.614 -0.572 -0.496 -0.384 -0.261 -0.143 -0.035 0.016 0.05
-0.588 -0.572 -0.556 -0.54 -0.516 -0.477 -0.404 -0.283 -0.168 -0.136 -0.164 -0.12 -0.048 0.045 0.11 0.101 0.143 0.239 0.37 0.395 0.39 0.307 0.178 -0.013 -0.139 -0.177 -0.153 -0.115 -0.072 -0.064 -0.093 -0.157 -0.131 -0.107 -0.056 0.001 0.006 -0.094 -0.137 -0.126 -0.148 -0.139 -0.143 -0.161 -0.182 -0.204 -0.183 -0.219 -0.335 -0.404 -0.344 -0.374 -0.41 -0.367 -0.396 -0.515 -0.613 -0.674 -0.727 -0.765 -0.78 -0.773 -0.744 -0.707 -0.673 -0.641 -0.602 -0.527 -0.414 -0.29 -0.192 -0.106 -0.031 -9
-0.573 -0.564 -0.552 -0.546 -0.531 -0.503 -0.448 -0.35 -0.265 -0.221 -0.23 -0.167 -0.088 -0.014 0.005 -0.003 0.09 0.224 0.307 0.284 0.296 0.27 0.167 0.069 -0.071 -0.168 -0.167 -0.139 -0.11 -0.103 -0.115 -0.165 -0.165 -0.133 -0.064 0.021 0.049 0.01 -0.072 -0.099 -0.117 -0.099 -0.086 -0.073 -0.055 -0.036 -0.087 -0.202 -0.274 -0.283 -0.314 -0.379 -0.379 -0.427 -0.542 -0.628 -0.676 -0.721 -0.764 -0.794 -0.803 -0.791 -0.762 -0.728 -0.696 -0.665 -0.622 -0.559 -0.47 -0.384 -0.293 -0.208 -0.147 -9
-0.552 -0.553 -0.547 -0.547 -0.541 -0.524 -0.484 -0.422 -0.352 -0.304 -0.28 -0.233 -0.185 -0.112 -0.091 -0.077 0.045 0.103 0.145 0.188 0.197 0.196 0.212 0.199 0.039 -0.123 -0.183 -0.189 -0.181 -0.17 -0.177 -0.184 -0.15 -0.148 -0.1 -0.031 0.013 0.067 0.016 -0.055 -0.053 -0.043 0 0.088 0.129 0.047 -0.076 -0.07 -0.12 -0.241 -0.308 -0.324 -0.417 -0.542 -0.65 -0.699 -0.733 -0.768 -0.802 -0.822 -0.823 -0.808 -0.774 -0.744 -0.708 -0.678 -0.656 -0.58 -0.497 -0.435 -0.377 -0.317 -9 -9
-0.543 -0.542 -0.543 -0.544 -0.543 -0.538 -0.51 -0.458 -0.389 -0.316 -0.286 -0.291 -0.273 -0.224 -0.202 -0.156 -0.082 -0.032 0.05 0.085 0.126 0.198 0.281 0.296 0.172 -0.017 -0.153 -0.23 -0.252 -0.256 -0.246 -0.221 -0.179 -0.155 -0.126 -0.069 -0.007 0.058 0.059 0.015 0.013 0.036 0.141 0.224 0.166 0.088 0.028 0.046 -0.081 -0.187 -0.232 -0.389 -0.552 -0.665 -0.717 -0.753 -0.782 -0.811 -0.835 -0.843 -0.835 -0.823 -0.776 -0.752 -0.705 -0.694 -0.692 -0.605 -0.524 -0.443 -0.364 -9 -9 -9
