data/climatemaps/RS_maps/climate_breeding_pr_2016.asc
NCOLS 369 
NROWS 228 
XLLCORNER 479000 
YLLCORNER 73000 
CELLSIZE 1000 
NODATA_value -9 
[rows 140 to 174 of 228, columns 234 to 311 of 369]
2.409 1.974 1.99 2.194 2.152 2.172 2.209 2.412 2.6 2.866 2.883 2.717 2.636 2.723 2.517 2.244 1.953 1.933 1.945 1.846 1.565 1.166 1.305 1.68 1.913 2.056 2.146 2.222 2.226 2.197 2.179 2.173 2.033 1.834 1.688 1.585 1.47 1.126 0.518 0.214 0.345 0.588 0.831 1.252 1.728 1.942 2.085 2.006 1.589 1.046 0.589 0.411 0.142 -0.189 -0.239 -0.064 0.228 0.595 0.97 1.239 1.594 1.87 1.828 1.577 1.287 1.183 0.893 0.667 0.595 0.624 0.652 0.662 0.664 0.689 0.594 0.33 0.054 0.062
2.213 1.702 1.603 1.908 1.868 1.871 2.118 2.428 2.679 2.882 2.932 2.792 2.718 2.652 2.355 2.168 2.108 2.237 2.213 2.077 1.731 1.397 1.489 1.706 1.968 2.085 2.171 2.167 2.068 1.939 1.947 1.983 1.731 1.399 1.169 1.083 1.011 0.876 0.546 0.36 0.228 0.515 0.89 1.262 1.681 2.021 2.114 1.923 1.558 1.092 0.848 0.768 0.469 0.054 -0.147 -0.022 0.272 0.56 0.946 1.213 1.435 1.835 1.905 1.728 1.596 1.462 1.185 0.881 0.665 0.555 0.435 0.345 0.357 0.372 0.283 0.04 -0.002 0.251
1.921 1.392 1.213 1.502 1.566 1.687 2.131 2.555 2.85 2.882 2.733 2.654 2.538 2.425 2.26 2.39 2.392 2.406 2.394 2.174 1.827 1.721 1.793 1.817 1.877 1.929 2.013 2.068 1.937 1.789 1.588 1.513 1.247 1.06 1.015 1.085 0.964 0.933 0.85 0.556 0.297 0.529 0.891 1.315 1.7 2.013 2.035 1.857 1.495 1.227 1.218 1.078 0.69 0.252 -0.035 0.058 0.312 0.589 0.958 1.284 1.446 1.76 2.016 1.952 1.816 1.524 1.189 0.959 0.921 0.912 0.777 0.483 0.305 0.123 -0.01 -0.068 0.109 0.486
1.492 1.094 0.943 1.15 1.413 1.792 2.099 2.518 2.916 2.893 2.728 2.844 2.715 2.493 2.37 2.621 2.593 2.522 2.391 2.179 2.06 2.006 1.923 1.752 1.654 1.626 1.686 1.723 1.598 1.418 1.277 1.113 1.081 1.158 1.339 1.447 1.264 1.34 1.198 0.715 0.425 0.626 0.895 1.24 1.63 1.925 1.955 1.842 1.569 1.427 1.547 1.298 0.929 0.458 0.096 0.197 0.386 0.583 0.92 1.398 1.63 1.873 2.037 1.966 1.699 1.455 1.311 1.274 1.297 1.217 1.044 0.805 0.56 0.206 -0.04 -0.028 0.28 0.624
1.383 0.947 0.836 1.069 1.392 1.871 2.201 2.471 2.93 2.907 2.906 3.109 2.979 2.782 2.474 2.692 2.767 2.63 2.495 2.444 2.257 2 1.821 1.621 1.36 1.24 1.228 1.218 1.137 1.108 1.126 1.131 1.288 1.469 1.609 1.681 1.527 1.722 1.523 0.982 0.677 0.912 1.035 1.292 1.577 1.847 1.886 1.985 1.795 1.591 1.803 1.587 1.245 0.721 0.245 0.275 0.368 0.528 0.842 1.303 1.673 1.844 2.031 1.866 1.694 1.666 1.522 1.563 1.466 1.38 1.206 0.941 0.479 0.127 -0.032 0.094 0.401 0.739
1.376 0.857 0.638 0.89 1.251 1.772 2.279 2.585 3.003 2.944 3.075 3.282 3.168 2.928 2.6 2.772 2.841 2.706 2.742 2.588 2.262 1.84 1.574 1.346 1.174 1.098 1.077 1.146 1.272 1.375 1.457 1.366 1.507 1.655 1.828 1.839 1.786 2.051 1.849 1.208 0.925 1.14 1.262 1.42 1.603 1.809 1.926 2.071 1.909 1.84 1.977 1.758 1.372 0.838 0.367 0.282 0.334 0.495 0.805 1.178 1.581 1.764 1.854 1.83 1.868 1.807 1.673 1.688 1.556 1.436 1.254 0.928 0.438 0.105 -0.003 0.199 0.419 0.701
1.081 0.667 0.423 0.731 1.196 1.591 2.138 2.628 3.008 2.986 3.213 3.372 3.21 2.955 2.801 2.871 2.894 2.769 2.669 2.432 2.03 1.678 1.516 1.475 1.562 1.392 1.455 1.691 1.738 1.695 1.7 1.623 1.653 1.84 1.978 1.961 2.098 2.288 2.045 1.422 1.066 1.145 1.29 1.395 1.599 1.783 1.954 2.025 1.937 2.15 2.055 1.763 1.414 0.87 0.449 0.279 0.33 0.451 0.718 1.055 1.546 1.694 1.822 1.844 1.994 1.878 1.789 1.766 1.578 1.414 1.189 0.835 0.39 0.112 0.004 0.178 0.399 0.636
0.979 0.555 0.342 0.612 1.144 1.487 1.907 2.488 2.987 2.999 3.312 3.512 3.26 3.06 3.001 3.05 2.862 2.646 2.343 2.052 1.819 1.772 1.869 1.771 1.954 1.808 1.769 2.124 2.043 1.949 1.963 1.886 1.81 2 2.126 2.109 2.331 2.416 2.157 1.686 1.302 1.115 1.146 1.254 1.459 1.669 1.87 1.993 2.067 2.181 2.019 1.735 1.45 1.125 0.658 0.374 0.392 0.483 0.684 0.99 1.382 1.633 1.848 1.886 1.946 1.854 1.827 1.807 1.649 1.423 1.139 0.738 0.379 0.157 0.009 0.059 0.343 0.591
1.161 0.605 0.296 0.488 1.004 1.43 1.808 2.426 2.951 3.075 3.324 3.512 3.37 3.26 3.186 3.079 2.824 2.489 2.38 2.276 2.04 2.01 2.035 2.046 2.189 2.132 2.008 2.227 2.281 2.236 2.275 2.134 2.023 2.101 2.179 2.266 2.402 2.359 2.135 2.025 1.793 1.29 1.082 1.231 1.398 1.56 1.745 1.97 2.081 2.011 1.907 1.701 1.734 1.468 0.951 0.479 0.472 0.553 0.687 0.927 1.256 1.485 1.741 1.83 1.907 1.827 1.779 1.763 1.611 1.346 1 0.639 0.408 0.25 0.081 -0.011 0.191 0.455
1.345 0.68 0.23 0.348 0.773 1.312 1.715 2.38 2.954 3.185 3.304 3.289 3.239 3.206 3.188 3.038 2.687 2.727 2.802 2.56 2.238 2.115 2.18 2.172 2.269 2.306 2.18 2.382 2.547 2.483 2.495 2.277 2.106 2.055 2.072 2.188 2.262 2.228 2.193 2.303 2.108 1.557 1.254 1.287 1.46 1.577 1.733 1.897 1.972 2.029 2.069 1.98 1.946 1.754 1.27 0.698 0.513 0.577 0.682 0.888 1.125 1.346 1.576 1.679 1.823 1.874 1.76 1.63 1.432 1.143 0.832 0.611 0.529 0.457 0.271 0.043 0.069 0.286
1.313 0.656 0.206 0.211 0.525 0.985 1.577 2.264 2.796 3.164 3.213 3.138 3.184 3.17 3.07 3.006 3.026 3.114 2.987 2.669 2.338 2.152 2.09 2.101 2.27 2.383 2.348 2.565 2.693 2.578 2.48 2.245 1.99 1.834 1.84 1.996 2.094 2.14 2.308 2.472 2.245 1.773 1.505 1.295 1.419 1.503 1.644 1.838 1.968 2.15 2.246 2.117 2.144 1.953 1.504 0.91 0.616 0.648 0.74 0.872 1.038 1.196 1.446 1.54 1.71 1.808 1.82 1.573 1.202 0.917 0.739 0.74 0.803 0.763 0.507 0.191 0.164 0.09
1.127 0.555 0.177 0.177 0.537 0.988 1.536 2.149 2.594 2.948 3.134 3.185 3.244 3.245 3.227 3.282 3.307 3.225 3.024 2.714 2.336 2.08 1.99 2.108 2.291 2.335 2.347 2.647 2.718 2.538 2.411 2.205 1.926 1.613 1.625 1.766 1.935 2.07 2.395 2.601 2.368 1.933 1.835 1.412 1.272 1.316 1.465 1.685 1.817 2.07 2.194 2.099 2.283 2.071 1.689 1.141 0.736 0.702 0.74 0.785 0.936 1.08 1.327 1.431 1.562 1.628 1.684 1.418 1.001 0.82 0.843 0.984 1.106 1.035 0.671 0.498 0.424 0.147
0.891 0.424 0.155 0.227 0.71 1.242 1.792 2.182 2.362 2.729 3.011 3.166 3.22 3.293 3.342 3.45 3.399 3.256 3.086 2.775 2.294 1.942 1.883 2.043 2.192 2.221 2.291 2.648 2.733 2.579 2.39 2.104 1.791 1.468 1.407 1.493 1.751 2.068 2.435 2.58 2.421 2.135 2.056 1.643 1.439 1.356 1.311 1.462 1.666 1.889 2.073 2.143 2.28 2.169 1.852 1.396 0.891 0.678 0.642 0.656 0.831 1.076 1.358 1.516 1.612 1.578 1.455 1.166 0.852 0.81 1.017 1.224 1.357 1.183 0.74 0.757 0.722 0.396
0.858 0.417 0.21 0.393 0.866 1.361 1.864 2.127 2.281 2.422 2.655 2.797 2.871 3.113 3.231 3.229 3.295 3.368 3.201 2.874 2.294 1.837 1.717 1.804 1.994 2.046 2.178 2.587 2.76 2.597 2.331 1.823 1.489 1.32 1.193 1.244 1.656 2.059 2.355 2.451 2.363 2.272 2.276 1.712 1.687 1.621 1.426 1.323 1.512 1.736 1.959 2.08 2.209 2.148 1.917 1.519 1.07 0.752 0.692 0.734 0.939 1.197 1.503 1.687 1.711 1.599 1.339 0.979 0.778 0.847 1.119 1.37 1.424 1.136 0.845 0.989 1.014 0.771
0.851 0.445 0.248 0.477 0.964 1.315 1.851 2.102 2.233 2.154 2.229 2.403 2.567 2.928 3.163 3.14 3.206 3.378 3.195 2.878 2.329 1.796 1.544 1.53 1.732 1.887 2.139 2.513 2.644 2.497 2.211 1.643 1.263 1.148 0.987 1.09 1.513 1.937 2.209 2.377 2.307 2.357 2.324 1.825 1.818 1.813 1.647 1.563 1.505 1.563 1.725 1.832 2.003 2.053 1.876 1.621 1.324 0.955 0.976 1.016 1.196 1.382 1.696 1.82 1.706 1.457 1.093 0.838 0.777 0.939 1.171 1.436 1.397 1.024 0.958 1.169 1.22 1.008
0.902 0.542 0.319 0.455 0.774 1.125 1.665 2.018 2.151 2.063 1.918 2.169 2.544 2.915 3.068 3.055 3.205 3.307 3.132 2.847 2.371 1.797 1.447 1.334 1.525 1.798 2.066 2.313 2.446 2.415 2.116 1.533 1.056 0.976 0.816 0.977 1.443 1.9 2.121 2.35 2.256 2.39 2.4 1.89 1.945 1.988 1.838 1.814 1.685 1.56 1.723 1.741 1.868 2.006 1.894 1.753 1.515 1.189 1.173 1.229 1.367 1.501 1.645 1.634 1.458 1.17 0.949 0.88 0.961 1.094 1.278 1.433 1.325 1.045 1.185 1.331 1.325 1.152
1.032 0.677 0.394 0.382 0.567 0.905 1.427 1.784 1.935 1.854 1.718 1.991 2.501 2.875 2.971 2.938 3.033 3.06 2.926 2.756 2.391 1.813 1.37 1.12 1.236 1.503 1.789 2.081 2.246 2.244 1.979 1.558 1.046 0.815 0.752 0.92 1.28 1.717 2.061 2.25 2.23 2.467 2.426 2.041 1.997 2.069 2.047 1.973 1.798 1.743 1.954 1.895 1.836 2.016 2.02 1.891 1.612 1.424 1.378 1.41 1.406 1.422 1.409 1.265 1.141 1.025 0.977 1.064 1.114 1.254 1.435 1.503 1.285 1.104 1.351 1.482 1.451 1.328
1.178 0.911 0.609 0.373 0.357 0.627 1.12 1.383 1.486 1.491 1.555 1.887 2.397 2.778 2.942 2.906 2.69 2.688 2.747 2.711 2.412 1.86 1.303 0.937 0.896 1.225 1.625 1.9 2.056 2.117 2.059 1.791 1.117 0.752 0.762 0.878 1.129 1.57 1.939 2.129 2.194 2.532 2.518 2.226 2.007 2.068 2.157 2.085 1.898 1.861 2.086 2.09 1.967 2.096 2.122 1.97 1.767 1.645 1.567 1.474 1.376 1.282 1.181 1.123 1.099 1.061 1.109 1.157 1.209 1.417 1.646 1.601 1.269 1.234 1.475 1.603 1.635 1.496
1.22 1.123 0.867 0.519 0.314 0.409 0.789 0.997 1.149 1.372 1.665 1.939 2.262 2.603 2.934 2.946 2.585 2.461 2.635 2.597 2.383 2.061 1.539 1.005 0.713 0.892 1.36 1.768 2.047 2.155 2.114 1.812 1.184 0.73 0.76 0.85 1.12 1.513 1.848 2.064 2.168 2.493 2.6 2.42 2.2 2.055 2.194 2.173 1.999 1.941 2.153 2.261 2.175 2.286 2.208 2.038 1.896 1.759 1.629 1.405 1.247 1.109 1.09 1.135 1.22 1.181 1.145 1.247 1.298 1.534 1.747 1.657 1.33 1.315 1.508 1.671 1.788 1.621
1.154 1.219 1.037 0.671 0.358 0.289 0.498 0.764 1.134 1.414 1.82 2.142 2.364 2.561 2.937 2.947 2.491 2.237 2.465 2.467 2.429 2.255 1.814 1.123 0.609 0.61 1.093 1.448 1.92 2.08 2.068 1.796 1.26 0.703 0.646 0.713 0.995 1.365 1.683 1.971 2.118 2.378 2.601 2.536 2.389 2.111 2.201 2.205 2.06 2.051 2.243 2.352 2.308 2.331 2.211 1.989 1.783 1.557 1.354 1.17 1.081 1.148 1.307 1.432 1.42 1.399 1.2 1.22 1.313 1.552 1.706 1.625 1.481 1.475 1.489 1.64 1.865 1.739
0.939 1.145 1.057 0.731 0.375 0.23 0.377 0.763 1.205 1.521 1.822 2.126 2.405 2.66 2.893 2.844 2.383 2.087 2.179 2.182 2.242 2.179 1.739 1.104 0.575 0.492 0.869 1.327 1.766 1.949 2.011 1.877 1.433 0.79 0.528 0.596 0.813 1.097 1.459 1.869 2.102 2.256 2.505 2.572 2.424 2.175 2.177 2.186 2.09 2.121 2.288 2.333 2.265 2.185 2.057 1.838 1.584 1.221 0.986 0.999 1.071 1.286 1.569 1.681 1.585 1.575 1.353 1.227 1.34 1.556 1.652 1.584 1.619 1.711 1.666 1.737 1.977 1.916
0.641 0.929 0.961 0.704 0.358 0.198 0.334 0.741 1.166 1.554 1.88 2.153 2.415 2.703 2.826 2.677 2.205 2.004 2.006 2.013 2.163 2.148 1.763 1.14 0.564 0.416 0.76 1.293 1.722 1.916 2.064 1.957 1.54 0.843 0.509 0.639 0.821 1.021 1.356 1.803 2.041 2.127 2.412 2.486 2.301 2.206 2.104 2.082 2.095 2.128 2.248 2.218 2.178 2.079 1.933 1.837 1.569 1.032 0.865 1.116 1.213 1.346 1.755 1.903 1.754 1.72 1.568 1.265 1.379 1.59 1.681 1.663 1.743 1.872 1.909 1.907 2.059 2.063
0.361 0.653 0.816 0.612 0.292 0.16 0.306 0.59 0.913 1.321 1.746 2.097 2.446 2.749 2.666 2.44 1.959 1.968 2.016 2.043 2.196 2.12 1.767 1.153 0.55 0.373 0.695 1.223 1.683 1.899 2.087 2.018 1.617 0.892 0.469 0.571 0.773 0.985 1.296 1.704 1.9 2.031 2.271 2.293 2.232 2.188 2.114 2.004 2.003 2.048 2.057 2.119 2.153 2.011 1.814 1.58 1.304 0.896 0.872 1.234 1.429 1.458 1.767 1.996 1.9 1.807 1.79 1.439 1.399 1.636 1.779 1.808 1.896 1.944 2.015 1.976 1.902 2.053
0.227 0.363 0.563 0.484 0.235 0.184 0.4 0.699 0.926 1.216 1.55 1.92 2.258 2.492 2.599 2.321 1.817 1.712 1.776 1.893 2.065 1.986 1.603 1.008 0.498 0.415 0.698 1.175 1.599 1.763 1.936 2.018 1.633 0.986 0.401 0.38 0.561 0.786 1.093 1.526 1.744 1.894 2.015 2.073 2.171 2.082 2.077 1.952 1.943 1.877 1.85 1.832 1.828 1.71 1.491 1.175 0.955 0.761 0.925 1.349 1.624 1.622 1.817 2.07 2.021 1.898 1.96 1.641 1.467 1.628 1.774 1.866 1.926 1.939 1.903 1.822 1.771 1.865
0.277 0.183 0.296 0.34 0.155 0.217 0.541 1.008 1.236 1.526 1.707 1.943 2.377 2.493 2.593 2.239 1.657 1.506 1.654 1.818 1.968 1.884 1.467 0.849 0.436 0.461 0.708 1.117 1.497 1.677 1.815 1.863 1.584 1.014 0.375 0.22 0.426 0.661 0.943 1.263 1.457 1.529 1.592 1.729 1.843 1.753 1.659 1.597 1.523 1.443 1.376 1.308 1.276 1.177 0.98 0.79 0.711 0.777 1.112 1.51 1.77 1.813 2.004 2.12 2.179 2.002 2.056 1.807 1.55 1.663 1.757 1.738 1.728 1.688 1.601 1.546 1.596 1.714
0.644 0.368 0.257 0.184 0.141 0.263 0.658 1.097 1.45 1.721 1.916 2.124 2.505 2.686 2.617 2.188 1.563 1.448 1.54 1.694 1.815 1.742 1.312 0.726 0.407 0.44 0.633 0.994 1.335 1.639 1.759 1.603 1.366 0.979 0.362 0.104 0.368 0.66 0.868 0.949 1.084 1.145 1.198 1.463 1.398 1.317 1.18 1.152 1.078 1.009 0.87 0.793 0.776 0.711 0.643 0.663 0.785 0.973 1.379 1.748 1.902 2.006 2.276 2.213 2.212 2.107 2.061 1.896 1.631 1.585 1.615 1.639 1.598 1.542 1.462 1.388 1.444 1.546
0.976 0.785 0.544 0.251 0.166 0.264 0.706 1.08 1.517 1.795 2.009 2.284 2.622 2.845 2.623 2.086 1.454 1.447 1.535 1.66 1.692 1.598 1.146 0.609 0.404 0.492 0.66 0.881 1.172 1.521 1.638 1.411 1.143 0.802 0.322 0.046 0.225 0.458 0.527 0.561 0.658 0.765 0.931 1.039 0.982 0.922 0.787 0.718 0.656 0.601 0.529 0.535 0.562 0.615 0.727 0.944 1.17 1.331 1.709 2.017 2.044 2.181 2.519 2.381 2.068 2.108 2.058 1.885 1.48 1.305 1.336 1.403 1.39 1.447 1.321 1.236 1.352 1.432
1.367 1.312 0.969 0.491 0.26 0.272 0.686 1.127 1.492 1.772 2.041 2.345 2.721 2.765 2.471 1.915 1.376 1.412 1.537 1.699 1.682 1.547 0.99 0.471 0.457 0.603 0.816 0.912 1.055 1.429 1.484 1.331 1.202 0.827 0.334 -0.015 0.077 0.226 0.133 0.163 0.279 0.436 0.605 0.621 0.615 0.592 0.524 0.492 0.496 0.494 0.534 0.63 0.734 0.901 1.118 1.405 1.555 1.653 1.951 2.197 2.225 2.33 2.592 2.46 2.101 1.919 1.796 1.55 1.23 1.041 1.024 0.985 1.061 1.231 1.195 1.143 1.218 1.255
1.84 1.756 1.333 0.751 0.377 0.267 0.6 1.024 1.292 1.572 1.871 2.208 2.62 2.629 2.335 1.787 1.3 1.374 1.527 1.688 1.572 1.324 0.778 0.411 0.454 0.581 0.784 0.953 1.096 1.322 1.432 1.385 1.255 0.839 0.358 0.038 -0.035 -0.027 -0.062 -0.004 0.101 0.224 0.357 0.461 0.525 0.55 0.589 0.642 0.732 0.83 0.846 0.893 1.024 1.282 1.583 1.874 1.864 1.913 2.172 2.356 2.404 2.455 2.713 2.555 2.181 1.724 1.518 1.199 0.865 0.684 0.648 0.626 0.771 0.987 1.09 0.953 0.984 1.058
2.249 1.947 1.512 1.006 0.545 0.322 0.499 0.836 1.054 1.454 1.763 2.108 2.497 2.567 2.307 1.727 1.225 1.348 1.591 1.704 1.47 1.047 0.56 0.385 0.51 0.656 0.683 0.893 1.187 1.343 1.398 1.351 1.229 0.829 0.443 0.123 -0.103 -0.172 -0.142 0.007 0.138 0.237 0.406 0.564 0.729 0.797 0.87 0.967 1.137 1.34 1.382 1.329 1.432 1.56 1.88 2.192 2.124 2.171 2.451 2.634 2.528 2.536 2.773 2.738 2.345 1.754 1.288 1.084 0.937 0.63 0.406 0.374 0.498 0.693 0.844 0.816 0.739 0.843
2.442 2.059 1.82 1.314 0.728 0.374 0.383 0.655 0.994 1.329 1.606 1.909 2.384 2.504 2.215 1.605 1.232 1.393 1.621 1.568 1.271 0.746 0.424 0.462 0.629 0.699 0.824 0.801 1.159 1.354 1.378 1.229 0.967 0.685 0.344 0.109 -0.117 -0.193 -0.121 0.081 0.302 0.458 0.666 0.781 1.021 1.195 1.268 1.393 1.567 1.774 1.906 1.881 1.955 1.989 2.199 2.43 2.353 2.409 2.605 2.683 2.542 2.613 2.807 2.698 2.38 1.896 1.585 1.47 1.342 0.992 0.533 0.25 0.262 0.43 0.556 0.656 0.586 0.562
2.524 2.319 2.195 1.625 0.946 0.484 0.342 0.524 0.902 1.188 1.55 1.873 2.233 2.309 2.032 1.461 1.198 1.368 1.495 1.278 0.92 0.523 0.414 0.559 0.728 0.744 0.916 0.896 1.133 1.284 1.255 1.171 0.931 0.558 0.237 0.008 -0.131 -0.172 -0.104 0.069 0.338 0.642 0.941 1.046 1.215 1.5 1.702 1.834 1.948 2 2.179 2.35 2.492 2.53 2.575 2.637 2.49 2.499 2.547 2.599 2.517 2.564 2.707 2.584 2.366 2.155 2.025 1.757 1.657 1.301 0.802 0.275 0.13 0.271 0.377 0.491 0.42 0.389
2.678 2.516 2.268 1.771 1.145 0.622 0.37 0.449 0.788 1.183 1.579 1.926 2.076 2.14 1.91 1.368 1.091 1.281 1.384 1.018 0.581 0.352 0.436 0.691 0.864 0.74 1.005 0.963 1.203 1.284 1.201 1.079 0.947 0.561 0.218 -0.007 -0.125 -0.16 -0.093 0.083 0.358 0.684 1.04 1.247 1.413 1.692 1.934 1.982 1.956 2.017 2.3 2.532 2.599 2.621 2.695 2.689 2.597 2.449 2.256 2.255 2.282 2.367 2.505 2.548 2.52 2.556 2.371 2.059 1.962 1.574 1.053 0.39 0.003 0.036 0.145 0.228 0.171 0.359
2.574 2.414 2.168 1.839 1.408 0.813 0.461 0.415 0.658 1.034 1.4 1.729 1.869 1.928 1.785 1.33 1.022 1.172 1.091 0.779 0.417 0.333 0.542 0.823 0.968 0.909 1.03 1.153 1.241 1.232 1.155 1.046 0.902 0.592 0.317 0.06 -0.087 -0.163 -0.143 0.098 0.425 0.764 1.08 1.291 1.496 1.676 1.852 1.864 1.715 1.956 2.399 2.498 2.434 2.386 2.526 2.449 2.411 2.179 1.912 1.902 1.93 2.036 2.24 2.511 2.66 2.819 2.647 2.343 2.176 1.74 1.163 0.457 -0.07 -0.189 -0.133 -0.043 0.083 0.433
2.478 2.436 2.251 2.093 1.804 1.034 0.591 0.423 0.544 0.813 1.114 1.516 1.728 1.743 1.5 1.098 0.979 1.075 0.819 0.498 0.238 0.332 0.62 0.887 1.006 1.018 1.117 1.262 1.214 1.176 1.093 0.986 0.879 0.65 0.484 0.207 -0.01 -0.13 -0.167 0.026 0.349 0.699 1.011 1.165 1.256 1.373 1.509 1.542 1.517 1.852 2.223 2.299 2.206 2.205 2.262 2.081 1.997 1.838 1.585 1.465 1.583 1.749 2.014 2.355 2.665 2.873 2.787 2.626 2.282 1.758 1.118 0.456 -0.093 -0.246 -0.218 -0.044 0.25 0.595
