data/climatemaps/RS_maps/climate_winter_tmin_2014.asc
NCOLS 369 
NROWS 228 
XLLCORNER 479000 
YLLCORNER 73000 
CELLSIZE 1000 
NODATA_value -9 
[rows 136 to 169 of 228, columns 231 to 307 of 369]
-1.383 -1.477 -1.659 -1.663 -1.383 -1.458 -1.461 -1.46 -1.316 -1.05 -1.087 -1.285 -1.08 -1.004 -1.046 -0.639 -0.592 -1.053 -1.478 -1.481 -1.155 -0.836 -0.408 -0.119 -0.492 -0.93 -1.28 -1.376 -1.174 -0.871 -0.574 -0.783 -1.438 -1.478 -1.233 -1.096 -0.953 -0.831 -0.774 -0.598 -0.373 -0.01 0.249 0.027 -0.587 -1.102 -1.183 -1.273 -1.284 -1.083 -0.899 -0.583 -0.278 -0.059 0.091 -0.214 -0.648 -0.883 -1.332 -1.463 -1.46 -1.422 -1.261 -1.601 -1.373 -1.201 -0.849 -0.41 -0.805 -0.971 -1.095 -1.29 -1.425 -1.36 -1.44 -1.762 -1.678
-1.627 -1.689 -1.715 -1.384 -1.094 -1.207 -1.194 -1.171 -1.087 -1.064 -1.21 -1.385 -1.105 -0.922 -0.803 -0.552 -0.836 -1.435 -1.528 -1.217 -0.918 -0.559 -0.201 -0.205 -0.645 -0.965 -1.003 -1.203 -1.156 -0.894 -0.635 -0.69 -1.238 -1.435 -1.27 -1.127 -1.043 -0.915 -0.888 -0.795 -0.496 0.05 0.244 -0.127 -0.637 -0.947 -1.211 -1.504 -1.261 -0.943 -0.707 -0.543 -0.374 -0.177 0.05 -0.069 -0.393 -0.828 -1.139 -1.171 -1.351 -1.442 -1.418 -1.721 -1.531 -1.357 -0.975 -0.548 -0.89 -1.126 -1.248 -1.374 -1.554 -1.663 -1.609 -1.591 -1.456
-1.489 -1.569 -1.555 -1.167 -0.816 -1.183 -1.363 -1.357 -1.184 -1.042 -1.375 -1.483 -1.506 -1.105 -0.697 -0.75 -1.135 -1.475 -1.295 -1.032 -0.692 -0.413 -0.366 -0.462 -0.566 -1.025 -1.048 -1.285 -1.185 -0.974 -0.735 -0.697 -1.199 -1.427 -1.327 -1.245 -1.167 -1.139 -1.06 -0.837 -0.489 0.04 0.189 -0.301 -0.857 -1.027 -1.106 -1.428 -1.197 -0.834 -0.847 -0.762 -0.552 -0.279 -0.027 0.026 -0.218 -0.69 -0.839 -0.849 -1.2 -1.221 -1.308 -1.599 -1.516 -1.223 -0.99 -0.681 -0.682 -0.822 -1.067 -1.324 -1.559 -1.498 -1.343 -1.216 -1.156
-1.033 -1.163 -1.351 -1.209 -0.687 -0.966 -1.25 -1.089 -0.935 -0.971 -1.1 -1.375 -1.529 -1.233 -1.049 -1.015 -1.393 -1.474 -1.203 -0.833 -0.57 -0.58 -0.785 -0.762 -0.497 -0.888 -1.224 -1.321 -1.158 -0.937 -0.864 -1.04 -1.383 -1.473 -1.251 -1.1 -0.99 -1.001 -0.902 -0.799 -0.563 -0.082 -0.002 -0.477 -1.014 -1.252 -1.253 -1.344 -1.157 -1.01 -1.12 -0.965 -0.666 -0.32 -0.2 -0.117 -0.018 -0.377 -0.543 -0.578 -0.818 -0.944 -1.157 -1.608 -1.522 -1.242 -1.078 -0.888 -0.963 -0.841 -0.901 -1.014 -1.197 -1.216 -1.218 -1.227 -1.257
-0.975 -1.221 -1.361 -0.953 -0.432 -0.566 -0.934 -0.799 -0.717 -0.674 -0.819 -1.104 -1.52 -1.502 -1.258 -1.263 -1.532 -1.266 -0.906 -0.612 -0.724 -0.917 -1.085 -0.936 -0.56 -0.786 -1.294 -1.376 -1.219 -1.063 -1.121 -1.248 -1.353 -1.402 -1.32 -1.01 -0.726 -0.647 -0.641 -0.77 -0.625 -0.135 -0.007 -0.446 -0.834 -0.933 -1.134 -1.333 -1.211 -1.222 -1.236 -0.952 -0.632 -0.399 -0.527 -0.443 -0.122 -0.132 -0.398 -0.651 -0.889 -1.075 -1.07 -1.328 -1.584 -1.441 -1.188 -1.053 -1.336 -1.217 -1.108 -1.131 -1.275 -1.348 -1.378 -1.421 -1.546
-1.164 -1.137 -1.19 -0.856 -0.328 -0.34 -0.805 -0.628 -0.494 -0.639 -0.895 -1.21 -1.478 -1.482 -1.258 -1.25 -1.263 -0.897 -0.706 -0.727 -1.034 -1.18 -1.222 -0.929 -0.648 -0.874 -1.197 -1.426 -1.322 -1.224 -1.158 -1.093 -1.01 -1.129 -1.215 -0.821 -0.47 -0.238 -0.221 -0.297 -0.365 -0.174 -0.262 -0.184 -0.637 -1.042 -1.179 -1.295 -1.371 -1.284 -1.077 -0.845 -0.603 -0.601 -0.861 -0.735 -0.375 -0.201 -0.469 -0.806 -0.984 -1.214 -1.174 -1.126 -1.543 -1.533 -1.334 -1.384 -1.545 -1.433 -1.19 -1.014 -0.936 -0.826 -0.765 -0.856 -1.021
-1.011 -0.773 -0.72 -0.681 -0.208 -0.108 -0.544 -0.478 -0.385 -0.739 -1.155 -1.458 -1.376 -1.044 -0.906 -0.841 -0.824 -0.707 -0.957 -1.056 -1.206 -1.31 -1.135 -0.797 -0.886 -1.195 -1.284 -1.263 -1.17 -1.159 -1.215 -1.065 -0.91 -0.673 -0.665 -0.385 -0.211 -0.21 -0.397 -0.294 -0.384 -0.534 -0.445 -0.202 -0.598 -0.991 -1.279 -1.362 -1.394 -1.172 -0.953 -0.721 -0.663 -0.966 -1.118 -0.813 -0.465 -0.223 -0.534 -0.903 -1.157 -1.391 -1.455 -1.239 -1.434 -1.691 -1.621 -1.588 -1.397 -1.133 -1.022 -1.196 -1.356 -1.209 -0.849 -0.748 -0.623
-0.736 -0.484 -0.3 -0.298 -0.066 -0.031 -0.322 -0.481 -0.689 -0.768 -1.141 -1.515 -1.26 -0.894 -1.06 -0.973 -0.815 -0.772 -1.246 -1.342 -1.308 -1.15 -0.92 -0.937 -1.141 -1.279 -1.127 -0.945 -0.83 -0.871 -0.92 -0.746 -0.575 -0.444 -0.247 -0.277 -0.427 -0.657 -0.832 -0.534 -0.772 -0.807 -0.408 -0.194 -0.601 -0.89 -1.106 -1.255 -1.266 -1.045 -0.891 -0.743 -0.777 -1.274 -1.186 -0.911 -0.529 -0.247 -0.655 -1.029 -1.195 -1.429 -1.82 -1.677 -1.676 -1.712 -1.565 -1.246 -1.088 -1.121 -1.344 -1.604 -1.597 -1.404 -1.158 -1.021 -0.753
-0.687 -0.536 -0.388 -0.332 -0.078 -0.158 -0.452 -0.658 -0.984 -1.059 -1.096 -1.474 -1.146 -1.024 -1.335 -1.214 -1.055 -0.79 -1.291 -1.564 -1.393 -1.184 -1.181 -1.079 -0.965 -0.999 -0.881 -0.606 -0.482 -0.467 -0.446 -0.308 -0.249 -0.27 -0.31 -0.555 -0.792 -1.008 -1.005 -0.64 -1.061 -0.975 -0.511 -0.342 -0.878 -1.022 -1.164 -1.18 -1.167 -0.953 -1.071 -0.936 -0.839 -1.44 -1.386 -1.167 -0.71 -0.317 -0.665 -0.912 -1.091 -1.36 -1.759 -1.875 -1.69 -1.716 -1.351 -1.151 -1.32 -1.322 -1.632 -1.625 -1.598 -1.434 -1.206 -0.74 -0.544
-0.672 -0.529 -0.433 -0.473 -0.114 -0.002 -0.343 -0.607 -0.957 -1.296 -1.321 -1.543 -1.092 -1.173 -1.497 -1.384 -1.134 -0.837 -1.32 -1.59 -1.407 -1.465 -1.292 -0.971 -0.66 -0.598 -0.481 -0.335 -0.289 -0.279 -0.352 -0.502 -0.624 -0.68 -0.536 -0.709 -0.969 -1.197 -0.998 -0.737 -1.239 -1.116 -0.487 -0.428 -1.069 -1.351 -1.4 -1.284 -1.177 -1.063 -1.244 -0.962 -1.045 -1.559 -1.416 -1.112 -0.696 -0.327 -0.601 -0.752 -1.032 -1.396 -1.603 -1.835 -1.642 -1.425 -1.237 -1.426 -1.532 -1.395 -1.7 -1.556 -1.485 -1.377 -1.08 -0.636 -0.491
-0.459 -0.307 -0.114 0.008 0.164 0.318 -0.257 -0.769 -0.714 -1.135 -1.481 -1.561 -1.025 -1.323 -1.556 -1.312 -0.963 -1.004 -1.318 -1.597 -1.433 -1.297 -0.991 -0.603 -0.362 -0.39 -0.532 -0.743 -0.497 -0.623 -1.063 -1.172 -0.915 -0.791 -0.635 -0.708 -1.1 -1.282 -0.987 -0.991 -1.337 -1.07 -0.472 -0.357 -0.809 -1.242 -1.312 -1.338 -1.253 -1.224 -1.215 -0.997 -1.43 -1.454 -1.175 -0.929 -0.548 -0.331 -0.464 -0.704 -0.915 -1.214 -1.464 -1.898 -1.668 -1.541 -1.402 -1.675 -1.579 -1.562 -1.631 -1.402 -1.266 -1.118 -0.849 -0.567 -0.496
-0.229 -0.125 0.038 0.178 0.34 0.372 -0.158 -0.833 -0.705 -0.826 -1.278 -1.548 -1.1 -1.46 -1.738 -1.33 -1.075 -1.186 -1.456 -1.281 -0.989 -0.634 -0.428 -0.367 -0.546 -0.85 -0.781 -1.094 -0.765 -0.698 -1.35 -1.195 -0.941 -0.863 -0.746 -0.684 -1.167 -1.425 -1.165 -1.326 -1.312 -0.946 -0.585 -0.418 -0.448 -0.714 -0.87 -1.067 -1.174 -1.246 -1.23 -1.298 -1.488 -1.221 -0.91 -0.724 -0.751 -0.472 -0.498 -0.743 -0.918 -1.15 -1.396 -1.744 -1.712 -1.808 -1.58 -1.678 -1.534 -1.581 -1.598 -1.42 -1.215 -1.021 -0.744 -0.548 -0.546
-0.218 -0.231 -0.243 -0.124 0.217 0.408 -0.021 -0.73 -0.857 -0.713 -1.237 -1.578 -1.234 -1.526 -1.878 -1.529 -1.41 -1.409 -1.382 -1.048 -0.523 -0.532 -0.696 -0.636 -0.827 -1.112 -1.104 -1.313 -1.021 -0.647 -1.129 -1.204 -1.07 -1.075 -0.866 -0.813 -1.22 -1.479 -1.431 -1.425 -1.135 -0.764 -0.826 -0.853 -0.492 -0.46 -0.744 -0.989 -1.113 -1.197 -1.345 -1.367 -1.159 -0.948 -0.767 -0.967 -0.959 -0.674 -0.428 -0.738 -1.004 -1.171 -1.367 -1.596 -1.59 -1.703 -1.625 -1.679 -1.523 -1.38 -1.432 -1.335 -1.096 -0.843 -0.625 -0.586 -0.615
-0.624 -0.629 -0.569 -0.317 0.109 0.512 0.138 -0.365 -0.745 -0.706 -1.223 -1.643 -1.607 -1.59 -1.452 -1.285 -1.203 -1.246 -1.098 -0.657 -0.766 -0.99 -0.853 -0.71 -0.891 -1.265 -1.21 -1.184 -1.064 -0.709 -1.06 -1.444 -1.292 -1.257 -0.954 -0.908 -1.094 -1.26 -1.348 -1.177 -0.904 -0.773 -1.149 -1.111 -0.597 -0.543 -0.715 -1.171 -1.317 -1.393 -1.381 -1.224 -1.164 -1.157 -1.007 -1.073 -1.203 -0.888 -0.505 -0.59 -0.927 -1.11 -1.338 -1.45 -1.458 -1.565 -1.473 -1.646 -1.687 -1.325 -1.177 -1.05 -0.861 -0.695 -0.582 -0.66 -0.763
-0.824 -0.671 -0.504 -0.226 0.159 0.559 0.396 0.066 -0.139 -0.539 -1.132 -1.456 -1.847 -1.57 -1.195 -1.219 -1.125 -0.884 -0.785 -0.946 -1.313 -1.157 -0.841 -0.742 -0.861 -1.053 -1.012 -1.148 -1.157 -0.814 -1.213 -1.544 -1.266 -1.086 -0.806 -0.711 -0.763 -0.946 -1.206 -1.08 -0.858 -0.987 -1.344 -1.071 -0.614 -0.679 -0.488 -0.935 -1.183 -1.332 -1.554 -1.535 -1.645 -1.658 -1.185 -1.32 -1.262 -0.959 -0.586 -0.578 -0.93 -1.27 -1.422 -1.369 -1.26 -1.444 -1.349 -1.51 -1.588 -1.526 -1.157 -0.805 -0.664 -0.612 -0.73 -0.983 -1.136
-0.742 -0.426 -0.173 0.068 0.375 0.601 0.454 -0.153 -0.252 -0.418 -0.885 -1.175 -1.454 -1.589 -1.524 -1.509 -1.359 -1.215 -1.249 -1.368 -1.259 -0.97 -0.726 -0.669 -0.673 -0.833 -1.139 -1.364 -1.118 -0.828 -1.283 -1.407 -1.052 -0.884 -0.774 -0.715 -0.584 -0.791 -1.01 -1.052 -0.96 -1.257 -1.468 -1.078 -0.643 -0.812 -0.553 -0.595 -0.753 -1.002 -1.289 -1.337 -1.589 -1.584 -1.241 -1.502 -1.294 -1.004 -0.713 -0.576 -0.879 -1.185 -1.167 -1.182 -1.07 -1.214 -1.139 -1.167 -1.17 -1.343 -1.016 -0.653 -0.625 -0.765 -1.071 -1.42 -1.533
-0.602 -0.341 0.051 0.451 0.67 0.678 0.364 -0.381 -0.837 -1.084 -1.017 -0.785 -1.142 -1.47 -1.633 -1.619 -1.633 -1.455 -1.428 -1.344 -1.15 -0.962 -0.725 -0.519 -0.479 -0.713 -1.239 -1.398 -1.146 -0.881 -1.363 -1.401 -1.139 -0.906 -0.736 -0.703 -0.556 -0.696 -0.72 -0.951 -1.217 -1.558 -1.473 -1.048 -0.662 -0.959 -0.686 -0.704 -0.692 -0.704 -0.882 -1.176 -1.398 -1.532 -1.435 -1.61 -1.426 -1.117 -0.907 -0.618 -0.688 -0.895 -0.867 -0.95 -1.029 -1.248 -1.274 -1.254 -1.118 -1.009 -0.788 -0.589 -0.682 -1.038 -1.438 -1.697 -1.46
-0.486 -0.175 0.074 0.416 0.75 0.669 0.104 -0.659 -1.138 -1.321 -0.927 -0.648 -0.677 -1.01 -1.198 -1.218 -1.557 -1.346 -1.01 -1.106 -1.25 -1.074 -0.807 -0.458 -0.338 -0.537 -0.99 -1.322 -1.119 -0.916 -1.368 -1.463 -1.143 -0.845 -0.435 -0.425 -0.544 -0.579 -0.594 -1.09 -1.428 -1.481 -1.204 -0.815 -0.778 -1.088 -0.592 -0.876 -1.037 -0.835 -0.718 -0.901 -1.171 -1.431 -1.489 -1.573 -1.408 -1.178 -0.876 -0.737 -0.655 -0.784 -0.857 -1.047 -1.15 -1.419 -1.547 -1.46 -1.287 -0.985 -0.653 -0.568 -0.744 -1.262 -1.703 -1.754 -1.156
-0.501 -0.181 0.091 0.388 0.712 0.703 0.059 -0.788 -0.945 -1.296 -1.017 -0.741 -0.413 -0.403 -0.639 -0.852 -1.348 -1.358 -0.912 -0.882 -1.24 -1.03 -0.799 -0.49 -0.278 -0.378 -0.589 -1.107 -1.104 -1.193 -1.472 -1.321 -0.932 -0.685 -0.312 -0.251 -0.504 -0.421 -0.507 -1.012 -1.399 -1.285 -1.085 -0.692 -0.827 -1.106 -0.592 -0.903 -1.24 -1.038 -0.954 -0.795 -0.839 -1.027 -1.135 -1.338 -1.326 -1.106 -0.919 -0.912 -0.744 -1.039 -1.147 -1.311 -1.313 -1.606 -1.641 -1.384 -1.033 -0.715 -0.574 -0.647 -0.918 -1.265 -1.654 -1.507 -0.95
-0.636 -0.404 -0.05 0.327 0.618 0.747 0.185 -0.365 -0.576 -1.102 -1.053 -0.802 -0.473 -0.12 -0.443 -0.974 -1.473 -1.275 -0.77 -0.872 -1.161 -1.008 -0.821 -0.529 -0.268 -0.288 -0.425 -0.966 -1.282 -1.348 -1.26 -1.054 -0.86 -0.608 -0.242 -0.028 -0.375 -0.296 -0.511 -1.085 -1.459 -1.246 -1.08 -0.646 -0.847 -1.106 -0.603 -0.951 -1.347 -1.193 -1.196 -0.963 -0.751 -1.012 -0.965 -1.119 -1.344 -1.107 -1.082 -0.997 -0.834 -1.077 -1.303 -1.446 -1.395 -1.39 -1.182 -0.9 -0.646 -0.585 -0.704 -0.915 -1.16 -1.351 -1.549 -1.269 -0.901
-0.618 -0.695 -0.343 0.1 0.496 0.758 0.543 0.129 -0.247 -0.778 -0.837 -0.694 -0.373 -0.035 -0.271 -1.068 -1.536 -1.108 -0.565 -0.682 -0.796 -0.766 -0.787 -0.585 -0.244 -0.2 -0.16 -0.561 -0.993 -1.051 -1.051 -0.82 -0.626 -0.363 -0.265 -0.039 -0.229 -0.244 -0.509 -0.902 -1.25 -1.27 -0.991 -0.573 -0.947 -1.11 -0.675 -0.868 -1.292 -1.368 -1.312 -0.972 -0.846 -1.294 -1.165 -1.019 -1.324 -1.275 -1.185 -0.961 -0.992 -1.21 -1.386 -1.282 -1.093 -0.9 -0.662 -0.58 -0.603 -0.724 -1.024 -1.238 -1.438 -1.57 -1.511 -1.094 -0.977
-0.252 -0.651 -0.584 -0.192 0.196 0.516 0.792 0.638 0.229 -0.389 -0.361 -0.199 0.022 0.109 -0.2 -0.926 -1.371 -1.083 -0.557 -0.306 -0.442 -0.708 -0.913 -0.682 -0.252 0.027 0.135 -0.114 -0.702 -1.14 -1.035 -0.742 -0.571 -0.584 -0.591 -0.135 -0.069 -0.325 -0.513 -0.701 -1.089 -1.164 -0.871 -0.586 -1.09 -1.19 -0.868 -0.691 -0.967 -1.365 -1.322 -0.989 -0.879 -1.337 -1.419 -1.093 -1.301 -1.335 -1.131 -1.042 -1.227 -1.403 -1.334 -1.099 -0.818 -0.642 -0.557 -0.603 -0.675 -0.968 -1.264 -1.41 -1.704 -1.895 -1.564 -1.012 -1.108
0.126 -0.339 -0.596 -0.428 -0.146 0.139 0.56 0.859 0.665 0.03 0.12 0.195 0.017 -0.181 -0.258 -0.535 -0.901 -1.144 -0.711 -0.291 -0.281 -0.872 -0.992 -0.664 -0.485 -0.231 0.054 0.178 -0.223 -1.02 -1.269 -1.106 -0.872 -0.767 -0.624 -0.135 0.058 -0.375 -0.58 -0.845 -1.18 -1.205 -0.919 -0.615 -1.092 -1.315 -1.068 -0.812 -0.763 -1.258 -1.37 -1.068 -0.915 -1.305 -1.529 -1.311 -1.466 -1.326 -1.136 -1.164 -1.295 -1.358 -1.047 -0.792 -0.612 -0.56 -0.616 -0.777 -0.82 -0.942 -1.384 -1.548 -1.886 -1.933 -1.515 -1.031 -1.157
0.427 -0.008 -0.344 -0.537 -0.407 -0.073 0.394 0.845 0.886 0.437 0.292 -0.008 -0.106 -0.432 -0.637 -0.767 -0.86 -1.134 -0.802 -0.266 -0.2 -0.811 -0.989 -0.939 -0.827 -0.568 -0.076 0.332 0.149 -0.599 -0.752 -1.114 -0.917 -0.686 -0.46 -0.177 0.217 -0.112 -0.321 -0.704 -1.065 -1.099 -0.989 -0.705 -0.948 -1.381 -1.229 -1.024 -0.727 -1.148 -1.385 -1.142 -1.095 -1.404 -1.569 -1.441 -1.483 -1.271 -1.031 -0.996 -0.946 -0.835 -0.646 -0.565 -0.621 -0.779 -0.962 -0.892 -1.045 -0.858 -1.194 -1.482 -1.912 -1.805 -1.355 -1.146 -1.307
0.761 0.349 -0.035 -0.365 -0.507 -0.183 0.301 0.84 0.987 0.599 0.032 -0.4 -0.427 -0.345 -0.539 -0.856 -1.098 -1.125 -0.771 -0.242 -0.164 -0.574 -0.748 -0.74 -0.744 -0.309 0.085 0.477 0.347 -0.268 -0.698 -1.109 -0.837 -0.621 -0.566 -0.379 0.158 0.156 -0.18 -0.433 -0.675 -0.87 -1.112 -0.942 -0.904 -1.352 -1.372 -1.074 -0.75 -1.086 -1.397 -1.252 -1.265 -1.539 -1.496 -1.239 -1.014 -0.892 -0.679 -0.633 -0.485 -0.326 -0.413 -0.56 -0.786 -1.185 -1.323 -1.02 -1.132 -0.941 -1.063 -1.434 -1.837 -1.657 -1.227 -1.32 -1.639
0.956 0.76 0.308 0.009 -0.383 -0.24 0.248 0.797 1.025 0.637 -0.057 -0.454 -0.638 -0.677 -0.704 -0.825 -1.18 -1.114 -0.62 -0.152 -0.234 -0.431 -0.57 -0.784 -0.785 -0.394 0.054 0.531 0.464 -0.138 -0.932 -1.232 -0.938 -0.839 -0.718 -0.445 0.121 0.152 -0.436 -0.699 -0.77 -0.947 -1.288 -1.167 -0.961 -1.353 -1.351 -0.95 -0.921 -1.002 -1.226 -1.383 -1.423 -1.544 -1.36 -1.187 -0.992 -0.878 -1.002 -0.915 -0.376 -0.31 -0.725 -0.746 -0.753 -1.372 -1.572 -1.193 -1.139 -1.125 -0.918 -1.357 -1.845 -1.731 -1.399 -1.509 -1.861
0.751 0.978 0.709 0.456 0.019 -0.165 0.282 0.839 1.037 0.681 0.345 0.152 -0.066 -0.281 -0.498 -0.843 -1.195 -0.809 -0.364 0.042 -0.35 -0.8 -0.988 -1.084 -0.813 -0.449 0.025 0.56 0.551 -0.066 -0.836 -1.334 -1.118 -1.011 -0.882 -0.555 0.086 0.255 -0.357 -0.83 -1.018 -1.151 -1.444 -1.182 -1.112 -1.451 -1.238 -1.085 -1.136 -1.264 -1.17 -1.344 -1.496 -1.348 -1.449 -1.537 -1.194 -1.035 -0.902 -0.758 -0.282 -0.361 -0.924 -1.045 -0.767 -1.236 -1.62 -1.338 -1.144 -1.337 -1.016 -1.238 -1.852 -1.947 -1.759 -1.851 -1.989
0.201 0.672 0.963 0.917 0.524 0.138 0.31 0.906 0.997 0.485 0.24 0.311 0.307 0.149 -0.102 -0.257 -0.579 -0.751 -0.335 0.115 -0.181 -0.533 -0.862 -1.005 -0.655 -0.207 0.242 0.679 0.451 -0.106 -0.829 -1.317 -0.994 -0.839 -0.951 -0.599 -0.09 0.364 -0.05 -0.428 -0.668 -0.863 -1.292 -1.224 -1.193 -1.245 -1.23 -1.414 -1.313 -1.45 -1.368 -1.478 -1.371 -1.288 -1.213 -1.205 -1.04 -0.803 -0.446 -0.33 -0.16 -0.451 -1.073 -1.297 -0.904 -1.052 -1.592 -1.46 -1.194 -1.573 -1.262 -1.196 -1.717 -1.966 -2.077 -2.104 -2.124
-0.206 0.268 0.598 1.034 1.019 0.693 0.543 1.009 0.856 0.303 -0.307 -0.213 -0.235 -0.126 -0.102 -0.509 -0.542 -0.707 -0.307 0.185 -0.014 -0.525 -0.897 -0.93 -0.583 -0.122 0.494 0.79 0.231 -0.194 -0.783 -1.19 -0.981 -0.737 -0.747 -0.646 -0.174 0.396 0.268 -0.196 -0.444 -0.664 -1 -1.018 -0.784 -0.701 -0.941 -1.375 -1.152 -0.977 -1.014 -0.957 -0.804 -0.746 -0.598 -0.585 -0.478 -0.238 -0.056 0.027 -0.153 -0.668 -1.243 -1.395 -1.014 -1.163 -1.506 -1.65 -1.36 -1.719 -1.536 -1.319 -1.769 -2.008 -1.946 -1.847 -1.718
-0.248 -0.206 0.082 0.618 0.898 1.08 1.041 1.119 0.806 0.109 -0.505 -0.617 -0.551 -0.361 -0.266 -0.698 -0.766 -0.753 -0.326 0.214 -0.047 -0.409 -0.726 -0.73 -0.417 0.031 0.624 0.791 0.29 -0.025 -0.522 -0.907 -1.039 -0.804 -0.411 -0.306 -0.183 0.365 0.514 -0.152 -0.646 -0.778 -0.564 -0.536 -0.389 -0.335 -0.881 -0.75 -0.62 -0.38 -0.433 -0.374 -0.323 -0.107 -0.012 -0.009 0.071 0.178 0.142 -0.128 -0.334 -0.969 -1.5 -1.325 -1.129 -1.528 -1.417 -1.614 -1.63 -1.734 -1.826 -1.594 -1.715 -1.873 -2.019 -1.839 -1.595
-0.566 -0.486 -0.101 0.485 0.421 0.627 1.067 1.142 0.88 0.063 -0.33 -0.708 -0.682 -0.563 -0.639 -0.849 -1.022 -0.724 -0.24 0.314 -0.133 -0.512 -0.709 -0.48 -0.22 0.206 0.775 0.716 0.209 -0.022 -0.171 -0.566 -0.941 -0.768 -0.197 0.043 0.143 0.45 0.756 0.114 -0.365 -0.208 0.007 0.047 0.067 -0.191 -0.397 -0.159 -0.146 0.124 0.13 0.203 0.19 0.361 0.285 0.249 0.172 0.021 -0.262 -0.628 -0.678 -1.276 -1.688 -1.324 -1.216 -1.696 -1.513 -1.222 -1.605 -1.844 -1.895 -1.387 -1.253 -1.482 -1.714 -1.658 -1.689
-0.488 -0.219 0.258 0.334 -0.054 0.244 0.867 1.142 1.014 0.087 -0.506 -0.767 -0.748 -0.746 -0.873 -1.085 -0.889 -0.485 -0.049 0.374 -0.114 -0.532 -0.786 -0.528 -0.266 0.356 0.954 0.507 0.016 -0.349 -0.294 -0.369 -0.849 -0.611 -0.23 -0.248 -0.034 0.392 0.86 0.48 0.174 0.569 0.691 0.64 0.489 0.285 0.374 0.406 0.426 0.533 0.539 0.462 0.426 0.309 0.037 -0.1 -0.318 -0.568 -0.928 -0.969 -0.931 -1.313 -1.631 -1.375 -1.241 -1.574 -1.451 -1.118 -1.173 -1.431 -1.382 -1.104 -0.917 -1.171 -1.125 -1.263 -1.615
-0.083 0.185 0.261 -0.081 -0.285 0.079 0.676 1.104 1.131 0.345 -0.338 -0.339 -0.364 -0.45 -0.679 -0.951 -0.657 -0.275 0.08 0.434 -0.076 -0.452 -0.759 -0.353 -0.023 0.666 0.988 0.495 0.184 -0.226 -0.463 -0.51 -0.67 -0.648 -0.505 -0.553 -0.092 0.44 0.86 0.822 0.73 1.017 1.052 1.014 0.916 0.812 0.724 0.677 0.635 0.5 0.359 0.185 0.026 0.038 -0.116 -0.268 -0.588 -0.986 -1.364 -1.115 -1.009 -1.343 -1.579 -1.457 -1.313 -1.631 -1.449 -1.109 -0.826 -0.916 -0.788 -0.596 -0.562 -0.687 -0.741 -1.018 -1.362
-0.214 -0.095 -0.087 -0.428 -0.217 0.2 0.571 1.016 1.168 0.566 -0.037 0.052 -0.262 -0.397 -0.671 -0.901 -0.686 -0.349 0.083 0.486 -0.048 -0.594 -0.795 -0.305 0.277 0.915 0.883 0.348 0.015 0.059 -0.253 -0.735 -0.813 -0.639 -0.484 -0.484 -0.083 0.243 0.619 1.044 1.162 1.064 0.768 0.69 0.73 0.562 0.405 0.222 0.202 0.103 0.007 -0.212 -0.504 -0.486 -0.301 -0.413 -0.498 -0.961 -1.411 -1.149 -1.115 -1.547 -1.83 -1.539 -1.39 -1.663 -1.628 -1.222 -0.772 -0.494 -0.566 -0.697 -0.495 -0.388 -0.516 -0.743 -1.046
