data/climatemaps/RS_maps/climate_postbreed_tmp_2004.asc
NCOLS 369 
NROWS 228 
XLLCORNER 479000 
YLLCORNER 73000 
CELLSIZE 1000 
NODATA_value -9 
[rows 170 to 203 of 228, columns 231 to 307 of 369]
-0.869 -0.744 -0.626 -0.606 -0.095 0.009 0.437 1.12 1.495 1.103 0.403 -0.047 -0.31 -0.421 -0.651 -1.197 -1.037 -0.488 0.193 0.406 -0.252 -0.96 -0.802 -0.174 0.813 1.299 0.733 0.123 -0.035 -0.279 -0.061 -0.859 -1.109 -0.829 -0.383 0.046 0.282 0.676 0.951 1.479 1.588 1.236 0.678 0.344 0.298 0.104 0.256 -0.09 -0.333 -0.246 -0.355 -0.568 -0.943 -1.149 -0.774 -0.835 -0.694 -1.07 -1.636 -1.222 -1.349 -1.859 -2.105 -1.589 -1.657 -1.97 -1.552 -1.072 -0.542 -0.442 -0.794 -1.109 -0.804 -0.237 0.042 -0.143 -0.474
-0.79 -0.979 -0.875 -0.635 -0.38 -0.487 0.108 0.903 1.478 1.384 0.717 0.101 -0.034 -0.533 -0.84 -1.173 -0.801 -0.263 0.418 0.385 -0.275 -0.853 -0.15 0.385 1.282 1.187 0.423 -0.11 0.088 -0.576 -0.089 -0.693 -0.878 -0.466 -0.32 0.129 0.655 1.048 1.43 1.625 1.53 1.167 0.706 0.256 -0.19 -0.537 -0.228 -0.283 -0.754 -0.903 -0.945 -0.958 -0.915 -1.212 -1.387 -1.579 -1.538 -1.577 -1.711 -1.349 -1.421 -1.662 -1.951 -1.833 -1.813 -1.865 -1.369 -0.896 -0.757 -0.877 -0.799 -1.282 -1.109 -0.637 0.015 0.017 -0.438
-0.745 -0.752 -0.755 -0.889 -0.608 -0.359 0.144 0.782 1.373 1.496 0.983 0.328 -0.218 -0.791 -1.217 -1.018 -0.692 -0.235 0.407 0.502 -0.187 -0.691 0.147 1.02 1.39 0.879 0.118 -0.41 0.046 -0.614 -0.304 -0.783 -0.747 -0.345 -0.054 0.034 0.585 1.149 1.568 1.665 1.537 1.108 0.649 0.225 -0.131 -0.62 -0.749 -0.663 -0.997 -1.326 -1.009 -0.57 -0.498 -1.105 -1.6 -1.581 -1.604 -1.82 -1.836 -1.712 -1.497 -1.105 -1.458 -1.653 -1.772 -1.774 -1.429 -1.178 -1.384 -1.235 -0.941 -1.505 -1.285 -0.948 -0.111 0.3 -0.05
-0.436 -0.205 -0.629 -0.638 -0.189 0.162 0.412 0.53 1.231 1.544 1.278 0.671 0.022 -0.523 -0.989 -0.707 -0.439 -0.317 0.212 0.687 -0.184 -0.18 0.314 1.218 1.263 0.463 -0.288 -0.755 -0.267 -0.583 -0.683 -0.774 -0.468 -0.162 0.045 0.194 0.571 0.959 1.535 1.692 1.678 1.355 0.597 -0.044 -0.442 -0.757 -0.845 -0.893 -0.956 -1.07 -0.724 -0.141 -0.472 -1.366 -1.455 -1.182 -1.096 -1.509 -1.427 -1.474 -1.131 -0.737 -0.927 -1.051 -1.194 -1.402 -1.686 -1.761 -1.945 -1.574 -1.241 -1.404 -1.214 -0.822 -0.138 0.479 0.514
0.066 -0.198 -0.72 -0.56 -0.241 0.125 0.165 0.13 1.113 1.551 1.518 1.024 0.504 0.078 -0.607 -0.646 -0.306 0.188 0.59 0.422 -0.158 0.244 0.826 1.419 0.949 0.138 -0.531 -0.778 -0.685 -0.725 -0.872 -0.475 -0.211 -0.018 0.165 0.273 0.656 0.749 1.264 1.693 1.716 1.584 0.867 0.198 -0.426 -0.725 -0.614 -0.406 -0.348 -0.423 -0.281 0.078 -0.475 -1.241 -1.136 -0.767 -0.826 -1.307 -0.947 -0.993 -0.855 -0.445 -0.291 -0.493 -0.707 -1.143 -1.662 -2.092 -2.208 -1.768 -1.574 -1.295 -0.897 -0.407 0.053 0.62 0.628
0.02 -0.485 -0.765 -0.879 -0.482 0.128 -0.192 -0.048 0.743 1.432 1.567 1.372 0.904 0.255 -0.389 -0.742 -0.265 0.273 0.8 0.266 0.19 0.574 1.145 1.431 0.764 0.224 0.053 -0.166 -0.712 -0.891 -0.641 0.002 0.16 0.342 0.395 0.525 0.36 0.335 1.016 1.659 1.733 1.717 1.274 0.495 0.121 -0.383 -0.275 0.203 0.33 0.289 0.269 0.121 -0.543 -1.059 -0.971 -0.434 -0.772 -1.118 -0.505 -0.369 -0.207 0.109 0.102 -0.342 -0.741 -1.223 -1.577 -1.835 -1.906 -1.732 -1.54 -1.05 -0.655 -0.243 0.134 0.73 0.42
0.182 -0.07 -0.339 -0.859 -0.409 -0.201 -0.076 0.499 0.717 1.136 1.546 1.564 1.219 0.676 0.016 -0.37 -0.361 0.129 0.684 0.829 0.758 0.884 1.359 1.294 0.558 0.121 -0.04 0.133 -0.306 -0.736 -0.233 0.065 -0.225 0.223 0.024 0.244 -0.058 0.328 1.013 1.527 1.739 1.749 1.672 1.243 0.677 0.109 0.082 0.547 0.029 -0.229 -0.436 -0.316 -0.707 -1.081 -0.675 -0.092 -0.27 -0.528 -0.15 0.378 0.302 0.023 -0.412 -0.789 -1.168 -1.287 -1.313 -1.591 -1.43 -1.392 -1.304 -1.015 -0.634 -0.181 0.036 0.71 0.465
0.153 0.024 -0.014 -0.629 -0.822 -0.391 0.239 0.189 0.13 0.653 1.392 1.574 1.46 0.998 0.335 0.274 0.191 0.326 0.592 0.895 1.123 1.3 1.461 1.085 0.29 -0.223 -0.511 -0.175 -0.03 -0.59 -0.06 -0.316 -0.366 0.027 -0.355 -0.121 -0.2 0.452 0.701 1.236 1.673 1.761 1.761 1.66 1.04 0.366 0.408 0.538 -0.375 -0.688 -1.036 -0.91 -1.045 -1.016 -0.457 0.02 0.263 0.299 0.491 0.574 -0.201 -0.702 -0.919 -1.041 -1.12 -0.982 -1.264 -1.574 -1.177 -0.998 -0.885 -0.741 -0.454 -0.045 0.272 0.704 0.743
-0.42 -0.607 -0.529 -0.476 -0.671 -0.143 -0.076 -0.168 -0.235 0.386 1.126 1.525 1.579 1.105 0.463 0.89 0.993 1.065 1.173 1.186 1.302 1.472 1.256 0.777 0.206 -0.225 -0.626 -0.601 -0.284 -0.615 -0.313 -0.696 -0.546 -0.473 -0.722 -0.513 -0.438 -0.05 0.258 0.893 1.448 1.757 1.766 1.75 1.223 0.446 0.769 0.622 0.113 -0.348 -1.081 -1.401 -1.467 -1.231 -0.752 -0.555 -0.043 0.125 0.505 0.662 -0.284 -0.879 -0.856 -0.829 -0.768 -0.96 -1.341 -1.403 -1.101 -1.058 -0.897 -0.775 -0.67 -0.293 -0.032 -9 -9
-0.097 -0.526 -0.825 -0.798 -0.719 -0.63 -0.397 -0.505 -0.129 0.365 0.771 1.315 1.597 1.395 0.99 1.377 1.481 1.522 1.534 1.498 1.453 1.14 0.65 0.4 0.216 -0.046 -0.663 -0.935 -0.688 -0.691 -0.561 -0.545 -0.442 -0.502 -0.687 -0.695 -0.566 -0.597 -0.058 0.682 1.184 1.588 -9 1.774 1.652 1.069 1.053 0.644 -0.009 -0.579 -1.209 -1.095 -1.11 -1.397 -1.178 -0.94 -0.664 -0.649 0.176 0.809 0.034 -0.302 -0.23 -0.338 -0.649 -0.918 -1.196 -1.304 -0.916 -1.129 -1.054 -1.025 -0.84 -0.604 -0.444 -9 -9
0.472 0.02 -0.392 -0.414 -0.503 -0.776 -0.618 -0.556 -0.084 0.292 0.588 1.048 1.506 1.589 1.488 1.409 1.247 1.209 1.19 1.159 1.143 1.015 0.598 0.133 -0.145 -0.195 -0.542 -0.9 -0.455 -0.485 -0.232 0.014 0.152 0.015 -0.392 -0.311 -0.238 -0.748 -0.247 0.415 0.484 0.776 -9 -9 1.768 1.687 1.267 0.79 0.306 -0.292 -0.85 -0.653 -0.736 -1.223 -1.093 -1.019 -0.918 -0.615 0.123 0.883 0.407 0.108 -0.298 -0.43 -0.502 -0.783 -0.885 -1.056 -0.786 -0.766 -0.841 -0.778 -0.906 -0.956 -9 -9 -9
0.834 0.394 0.123 -0.05 -0.336 -0.536 -0.27 -0.134 0.095 0.429 0.699 1.058 1.443 1.608 1.47 1.087 0.676 0.503 0.492 0.517 0.746 0.87 0.802 0.345 -0.262 -0.686 -0.778 -0.756 -0.097 -0.339 -0.168 -0.126 0.053 0.398 -0.234 0.073 -0.241 -0.48 -0.254 -0.058 -0.09 -9 -9 -9 -9 -9 1.272 0.502 0.249 -0.012 -0.251 -0.321 -0.667 -1.185 -1.003 -0.735 -0.52 -0.229 0.444 0.875 0.253 0.073 -0.127 -0.141 0.038 -0.127 -0.436 -0.45 -0.422 -0.309 -0.538 -0.224 -9 -9 -9 -9 -9
0.574 0.344 0.141 -0.039 -0.065 -0.278 0.077 0.359 0.164 0.336 0.759 1.325 1.576 1.529 1.081 0.897 0.711 0.456 0.137 0.031 0.35 0.302 0.567 0.515 0.04 -0.447 -0.619 -0.482 0.077 -0.305 -0.592 -0.449 0.056 0.609 0.38 0.409 -0.067 0.115 0.148 0.287 0.147 -9 -9 -9 -9 -9 -9 0.645 0.443 0.142 -0.173 -0.469 -0.891 -1.261 -1.126 -0.679 -0.215 0.213 0.777 0.593 0.186 0.504 0.372 0.385 0.603 0.493 0.093 0.094 0.162 0.146 -0.028 -9 -9 -9 -9 -9 -9
0.606 0.301 0.137 0.219 0.394 0.072 0.198 0.634 0.689 0.769 1.104 1.59 1.63 1.364 0.681 0.448 0.53 0.508 0.321 -0.102 -0.113 -0.017 0.188 0.352 -0.048 -0.446 -0.112 0.222 0.367 -0.144 -0.178 0.007 0.397 0.816 0.941 0.782 0.333 0.558 0.47 0.688 0.565 -9 -9 -9 -9 -9 -9 -9 -9 -9 -9 -0.821 -1.004 -1.035 -0.786 -0.703 -0.243 0.461 1.025 0.53 0.665 0.963 0.916 0.964 1.062 0.757 0.386 -9 -9 -9 -9 -9 -9 -9 -9 -9 -9
0.847 0.785 0.677 0.746 0.746 0.514 0.576 0.758 1.053 1.332 1.493 1.647 1.561 1.237 0.636 0.135 0.083 0.116 0.125 -0.154 -0.505 -0.251 -0.114 -0.047 -0.052 -0.588 -0.318 0.3 0.652 0.281 0.298 0.447 0.422 0.785 1.167 0.952 0.549 0.91 0.847 1.084 1.096 -9 -9 -9 -9 -9 -9 -9 -9 -9 -9 -9 -9 -9 -9 -9 0.069 0.678 1.2 0.821 1.199 1.413 -9 -9 -9 -9 -9 -9 -9 -9 -9 -9 -9 -9 -9 -9 -9
1.399 1.314 1.213 1.255 1.218 1.087 1.168 1.237 1.424 1.609 1.646 1.65 1.458 1.114 0.643 0.254 0.185 0.048 -0.109 -0.241 -0.484 -0.489 -0.285 -0.421 -0.321 -0.584 -0.106 0.407 0.814 0.517 0.585 0.825 0.517 0.705 1.172 1.083 0.762 1.197 1.442 1.533 -9 -9 -9 -9 -9 -9 -9 -9 -9 -9 -9 -9 -9 -9 -9 -9 -9 -9 -9 -9 -9 -9 -9 -9 -9 -9 -9 -9 -9 -9 -9 -9 -9 -9 -9 -9 -9
1.662 1.632 1.597 1.598 1.6 1.562 1.591 1.61 1.651 1.671 1.656 1.612 1.396 1.07 0.826 0.781 0.745 0.556 0.401 0.27 0.06 -0.278 -0.572 -0.682 -0.497 -0.114 0.253 0.595 0.925 0.833 0.861 1.088 0.934 1.037 1.193 1.318 1.182 1.574 1.727 -9 -9 -9 -9 -9 -9 -9 -9 -9 -9 -9 -9 -9 -9 -9 -9 -9 -9 -9 -9 -9 -9 -9 -9 -9 -9 -9 -9 -9 -9 -9 -9 -9 -9 -9 -9 -9 -9
1.676 1.676 1.676 1.675 1.675 1.677 1.676 1.676 1.676 1.676 1.635 1.471 1.186 1.151 1.058 0.962 0.7 0.628 0.449 0.308 -0.037 -0.156 -0.327 -0.293 -0.122 0.17 0.406 0.569 0.703 0.962 1.089 1.191 1.322 1.288 1.242 1.524 1.622 1.768 1.79 -9 -9 -9 -9 -9 -9 -9 -9 -9 -9 -9 -9 -9 -9 -9 -9 -9 -9 -9 -9 -9 -9 -9 -9 -9 -9 -9 -9 -9 -9 -9 -9 -9 -9 -9 -9 -9 -9
1.676 1.676 1.676 1.679 1.681 1.682 1.676 1.661 1.651 1.57 1.378 1.066 0.678 0.503 0.432 0.593 0.325 0.09 -0.116 0.17 -0.234 -0.202 0.143 0.138 0.074 0.075 0.147 0.203 0.342 0.638 0.864 1.036 1.411 1.588 1.576 1.693 1.777 1.79 -9 -9 -9 -9 -9 -9 -9 -9 -9 -9 -9 -9 -9 -9 -9 -9 -9 -9 -9 -9 -9 -9 -9 -9 -9 -9 -9 -9 -9 -9 -9 -9 -9 -9 -9 -9 -9 -9 -9
1.455 1.339 1.461 1.444 1.502 1.509 1.5 1.364 1.243 1.134 0.832 0.525 0.179 0.092 -0.033 0.036 0.389 0.103 -0.295 -0.069 -0.303 0.032 0.286 0.453 0.484 0.474 0.461 0.37 0.538 0.725 0.904 1.166 1.523 1.749 1.778 1.784 1.789 -9 -9 -9 -9 -9 -9 -9 -9 -9 -9 -9 -9 -9 -9 -9 -9 -9 -9 -9 -9 -9 -9 -9 -9 -9 -9 -9 -9 -9 -9 -9 -9 -9 -9 -9 -9 -9 -9 -9 -9
0.765 0.745 1.135 1.208 1.171 0.897 0.96 0.876 0.761 0.706 0.811 0.645 0.369 0.077 -0.274 -0.413 -0.076 -0.023 -0.4 -0.312 -0.312 -0.244 -0.026 0.246 0.501 0.652 0.828 0.86 1 1.161 1.258 1.461 1.714 1.781 1.783 1.784 1.79 -9 -9 -9 -9 -9 -9 -9 -9 -9 -9 -9 -9 -9 -9 -9 -9 -9 -9 -9 -9 -9 -9 -9 -9 -9 -9 -9 -9 -9 -9 -9 -9 -9 -9 -9 -9 -9 -9 -9 -9
0.194 0.639 0.667 0.989 1.305 0.864 0.527 0.699 0.725 0.928 0.763 0.654 0.513 0.192 -0.129 -0.326 -0.376 -0.276 -0.372 -0.128 -0.101 -0.405 -0.323 -0.106 0.009 0.234 0.564 0.772 0.924 1.025 1.052 1.366 1.745 1.783 1.773 1.735 1.776 -9 -9 -9 -9 -9 -9 -9 -9 -9 -9 -9 -9 -9 -9 -9 -9 -9 -9 -9 -9 -9 -9 -9 -9 -9 -9 -9 -9 -9 -9 -9 -9 -9 -9 -9 -9 -9 -9 -9 -9
0.159 0.473 0.227 0.773 1.284 1.157 0.853 0.965 0.895 0.841 0.408 0.279 0.305 0.192 0.085 -0.167 -0.454 -0.291 -0.087 0.235 0.124 -0.217 -0.388 -0.337 -0.336 -0.225 0.118 0.324 0.386 0.583 0.976 1.498 1.765 1.783 1.771 1.635 -9 -9 -9 -9 -9 -9 -9 -9 -9 -9 -9 -9 -9 -9 -9 -9 -9 -9 -9 -9 -9 -9 -9 -9 -9 -9 -9 -9 -9 -9 -9 -9 -9 -9 -9 -9 -9 -9 -9 -9 -9
0.077 0.032 0.135 0.688 1.147 1.346 1.128 0.99 0.916 0.589 0.234 -0.017 0.08 0.042 0.162 0.079 -0.297 -0.141 0.148 0.506 0.406 0.039 -0.013 -0.039 -0.237 -0.317 -0.314 -0.14 -0.077 0.49 1.055 1.561 1.772 1.783 1.782 -9 -9 -9 -9 -9 -9 -9 -9 -9 -9 -9 -9 -9 -9 -9 -9 -9 -9 -9 -9 -9 -9 -9 -9 -9 -9 -9 -9 -9 -9 -9 -9 -9 -9 -9 -9 -9 -9 -9 -9 -9 -9
-0.127 -0.04 0.131 0.677 1.154 1.327 0.929 0.75 0.79 0.384 0.189 0.07 0.241 0.301 0.496 0.481 0.025 -0.077 0.285 0.642 0.588 0.24 0.378 0.228 0.196 -0.152 -0.328 -0.389 -0.167 0.37 0.921 1.519 1.76 1.783 1.779 -9 -9 -9 -9 -9 -9 -9 -9 -9 -9 -9 -9 -9 -9 -9 -9 -9 -9 -9 -9 -9 -9 -9 -9 -9 -9 -9 -9 -9 -9 -9 -9 -9 -9 -9 -9 -9 -9 -9 -9 -9 -9
-0.033 0.277 0.471 0.968 1.387 1.17 0.759 0.762 0.975 0.507 0.431 0.453 0.556 0.698 0.765 0.686 0.357 0.074 0.382 0.734 0.825 0.603 0.71 0.567 0.349 0.048 0.158 -0.106 -0.08 0.484 1.007 1.528 1.766 1.783 -9 -9 -9 -9 -9 -9 -9 -9 -9 -9 -9 -9 -9 -9 -9 -9 -9 -9 -9 -9 -9 -9 -9 -9 -9 -9 -9 -9 -9 -9 -9 -9 -9 -9 -9 -9 -9 -9 -9 -9 -9 -9 -9
-0.059 0.188 0.702 1.077 1.423 1.148 0.857 0.842 1.109 0.769 0.777 0.89 0.899 0.863 0.722 0.664 0.319 0.187 0.412 0.549 0.76 1.002 0.998 0.775 0.265 0.424 0.296 -0.108 -0.007 0.561 1.046 1.48 -9 -9 -9 -9 -9 -9 -9 -9 -9 -9 -9 -9 -9 -9 -9 -9 -9 -9 -9 -9 -9 -9 -9 -9 -9 -9 -9 -9 -9 -9 -9 -9 -9 -9 -9 -9 -9 -9 -9 -9 -9 -9 -9 -9 -9
0.151 0.272 0.528 0.944 1.352 1.402 1.119 1.074 1.201 1.077 1.039 0.971 0.799 0.588 0.491 0.438 0.174 0.291 0.59 0.629 0.498 0.932 1.009 0.573 0.455 0.728 0.497 0.149 0.39 0.666 1.144 -9 -9 -9 -9 -9 -9 -9 -9 -9 -9 -9 -9 -9 -9 -9 -9 -9 -9 -9 -9 -9 -9 -9 -9 -9 -9 -9 -9 -9 -9 -9 -9 -9 -9 -9 -9 -9 -9 -9 -9 -9 -9 -9 -9 -9 -9
0.332 0.557 0.418 0.87 1.352 1.494 1.364 1.278 1.3 1.211 1.06 1.016 0.769 0.442 0.232 0.079 -0.013 0.182 0.473 0.747 0.69 0.894 0.983 0.407 0.638 0.83 0.382 0.242 0.659 1.037 -9 -9 -9 -9 -9 -9 -9 -9 -9 -9 -9 -9 -9 -9 -9 -9 -9 -9 -9 -9 -9 -9 -9 -9 -9 -9 -9 -9 -9 -9 -9 -9 -9 -9 -9 -9 -9 -9 -9 -9 -9 -9 -9 -9 -9 -9 -9
0.459 0.766 0.59 0.952 1.426 1.468 1.436 1.287 1.346 1.34 1.165 0.899 0.503 0.391 0.433 0.19 0.164 0.489 0.691 0.967 0.943 1.226 1.245 0.987 0.907 1.013 0.986 0.743 1.02 -9 -9 -9 -9 -9 -9 -9 -9 -9 -9 -9 -9 -9 -9 -9 -9 -9 -9 -9 -9 -9 -9 -9 -9 -9 -9 -9 -9 -9 -9 -9 -9 -9 -9 -9 -9 -9 -9 -9 -9 -9 -9 -9 -9 -9 -9 -9 -9
0.588 0.889 0.901 1.033 1.483 1.503 1.423 1.253 1.452 1.419 1.171 0.719 0.476 0.673 0.713 0.701 0.694 0.417 0.638 1.14 1.345 1.477 1.536 1.515 1.369 1.156 1.24 1.113 1.278 -9 -9 -9 -9 -9 -9 -9 -9 -9 -9 -9 -9 -9 -9 -9 -9 -9 -9 -9 -9 -9 -9 -9 -9 -9 -9 -9 -9 -9 -9 -9 -9 -9 -9 -9 -9 -9 -9 -9 -9 -9 -9 -9 -9 -9 -9 -9 -9
0.878 1.033 0.95 1.081 1.506 1.567 1.45 1.362 1.522 1.385 0.973 0.565 0.695 1.002 1.214 1.246 0.994 0.635 1.006 1.45 1.639 1.634 1.592 1.581 1.564 1.472 1.371 1.35 1.408 -9 -9 -9 -9 -9 -9 -9 -9 -9 -9 -9 -9 -9 -9 -9 -9 -9 -9 -9 -9 -9 -9 -9 -9 -9 -9 -9 -9 -9 -9 -9 -9 -9 -9 -9 -9 -9 -9 -9 -9 -9 -9 -9 -9 -9 -9 -9 -9
1.103 1.087 0.898 1.195 1.539 1.587 1.445 1.47 1.574 1.293 0.687 0.414 0.785 1.095 1.421 1.485 1.319 1.353 1.574 1.66 1.576 1.418 1.207 1.156 1.265 1.434 1.475 1.491 -9 -9 -9 -9 -9 -9 -9 -9 -9 -9 -9 -9 -9 -9 -9 -9 -9 -9 -9 -9 -9 -9 -9 -9 -9 -9 -9 -9 -9 -9 -9 -9 -9 -9 -9 -9 -9 -9 -9 -9 -9 -9 -9 -9 -9 -9 -9 -9 -9
1.157 0.925 1.063 1.422 1.6 1.572 1.455 1.567 1.573 1.216 0.753 0.838 1.348 1.602 1.644 1.649 1.66 1.669 1.652 1.545 1.147 0.918 0.563 0.462 0.721 0.934 1.164 1.35 -9 -9 -9 -9 -9 -9 -9 -9 -9 -9 -9 -9 -9 -9 -9 -9 -9 -9 -9 -9 -9 -9 -9 -9 -9 -9 -9 -9 -9 -9 -9 -9 -9 -9 -9 -9 -9 -9 -9 -9 -9 -9 -9 -9 -9 -9 -9 -9 -9
