data/climatemaps/RS_maps/climate_breeding_pr_2009.asc
NCOLS 369 
NROWS 228 
XLLCORNER 479000 
YLLCORNER 73000 
CELLSIZE 1000 
NODATA_value -9 
[rows 132 to 164 of 228, columns 228 to 303 of 369]
-0.084 -0.193 0.001 0.089 0.42 0.799 0.966 1.056 1.001 0.779 0.379 0.126 0.384 0.667 0.823 0.875 0.878 0.789 0.455 0.068 -0.122 -0.095 0.067 0.098 0.118 -0.15 -0.473 -0.426 -0.16 0.138 0.45 0.59 0.59 0.382 0.136 0.171 0.298 0.343 0.281 0.519 0.426 0.241 0.03 -0.188 -0.448 -0.721 -1.007 -0.99 -0.737 -0.426 -0.243 -0.133 -0.222 -0.422 -0.699 -0.981 -1.168 -1.171 -1.048 -1.006 -0.879 -0.762 -0.727 -0.571 -0.647 -0.678 -0.869 -1.082 -1.097 -0.952 -0.828 -0.804 -0.717 -0.69 -0.637 -0.593
0.098 0.036 0.265 0.287 0.549 0.926 1.103 1.144 1.075 0.897 0.643 0.456 0.529 0.825 0.965 0.92 0.848 0.729 0.401 0.098 0.136 0.165 0.26 0.399 0.336 0.083 -0.328 -0.267 -0.089 0.138 0.524 0.684 0.668 0.404 0.279 0.36 0.492 0.535 0.569 0.701 0.553 0.319 0.082 -0.173 -0.482 -0.802 -1.015 -0.953 -0.716 -0.401 -0.095 0.031 -0.039 -0.222 -0.52 -0.833 -1.061 -1.104 -0.926 -0.84 -0.71 -0.547 -0.48 -0.332 -0.389 -0.421 -0.498 -0.801 -0.995 -1.022 -0.993 -0.985 -0.882 -0.734 -0.588 -0.521
0.296 0.243 0.413 0.51 0.672 1.02 1.189 1.211 1.233 1.16 1.046 0.958 0.78 0.951 1.07 1.03 0.899 0.637 0.4 0.23 0.371 0.481 0.467 0.611 0.504 0.175 -0.265 -0.195 -0.01 0.131 0.496 0.704 0.679 0.435 0.401 0.573 0.67 0.697 0.783 0.785 0.616 0.401 0.103 -0.209 -0.545 -0.846 -0.99 -0.845 -0.607 -0.308 0.029 0.186 0.124 -0.046 -0.356 -0.691 -0.981 -1.091 -0.945 -0.76 -0.574 -0.387 -0.276 -0.108 -0.125 -0.211 -0.237 -0.491 -0.77 -0.957 -1.011 -0.946 -0.794 -0.652 -0.521 -0.43
0.478 0.519 0.599 0.734 0.892 1.22 1.43 1.376 1.461 1.421 1.381 1.266 1.053 1.053 1.185 1.083 0.946 0.875 0.608 0.418 0.555 0.691 0.789 0.751 0.515 0.152 -0.255 -0.218 0.092 0.308 0.585 0.717 0.694 0.455 0.471 0.682 0.725 0.752 0.834 0.802 0.677 0.463 0.14 -0.234 -0.57 -0.847 -0.93 -0.71 -0.433 -0.184 0.151 0.315 0.3 0.159 -0.203 -0.608 -0.922 -1.09 -0.97 -0.785 -0.544 -0.271 -0.104 0.024 0.087 0.007 0.028 -0.168 -0.42 -0.739 -0.925 -0.891 -0.796 -0.687 -0.541 -0.424
0.689 0.837 0.891 1.013 1.169 1.433 1.594 1.53 1.527 1.438 1.39 1.312 1.176 1.196 1.314 1.231 1.171 1.108 0.737 0.596 0.74 0.9 0.91 0.737 0.488 0.074 -0.24 -0.164 0.071 0.349 0.606 0.731 0.719 0.488 0.524 0.72 0.742 0.765 0.831 0.792 0.666 0.5 0.214 -0.14 -0.549 -0.837 -0.875 -0.644 -0.342 -0.076 0.217 0.404 0.36 0.167 -0.176 -0.564 -0.867 -1.069 -1.039 -0.874 -0.691 -0.37 -0.122 0.058 0.169 0.157 0.272 0.098 -0.109 -0.435 -0.795 -0.784 -0.773 -0.718 -0.587 -0.458
0.896 0.978 1.138 1.268 1.39 1.559 1.532 1.438 1.443 1.352 1.306 1.273 1.269 1.348 1.445 1.318 1.215 1.082 0.804 0.858 1.053 1.063 0.916 0.722 0.4 0.019 -0.156 -0.039 0.13 0.274 0.559 0.744 0.755 0.558 0.514 0.692 0.777 0.825 0.88 0.864 0.734 0.581 0.329 -0.056 -0.549 -0.818 -0.797 -0.59 -0.351 -0.02 0.354 0.435 0.347 0.143 -0.133 -0.465 -0.774 -1.026 -1.087 -0.99 -0.77 -0.52 -0.32 -0.067 0.125 0.212 0.36 0.244 0.064 -0.256 -0.654 -0.69 -0.696 -0.677 -0.589 -0.46
1.143 0.989 1.219 1.369 1.467 1.569 1.469 1.308 1.423 1.429 1.401 1.344 1.299 1.48 1.545 1.562 1.366 1.095 1.028 1.143 1.227 1.105 0.952 0.689 0.379 0.18 0.045 0.006 0.222 0.339 0.622 0.779 0.818 0.666 0.581 0.74 0.827 0.878 0.94 0.914 0.829 0.656 0.353 -0.045 -0.531 -0.782 -0.704 -0.489 -0.29 -0.027 0.35 0.434 0.332 0.246 0.018 -0.326 -0.683 -0.962 -1.097 -1.072 -0.871 -0.71 -0.544 -0.24 -0.054 0.109 0.298 0.27 0.091 -0.152 -0.508 -0.684 -0.745 -0.709 -0.615 -0.496
1.37 1.129 1.244 1.323 1.4 1.531 1.489 1.19 1.266 1.326 1.239 1.204 1.27 1.371 1.526 1.614 1.483 1.37 1.278 1.386 1.37 1.201 0.958 0.698 0.574 0.511 0.321 0.072 0.255 0.473 0.674 0.787 0.818 0.784 0.798 0.869 0.877 0.837 0.832 0.771 0.704 0.535 0.306 -0.019 -0.48 -0.707 -0.615 -0.415 -0.189 0.046 0.331 0.431 0.431 0.391 0.14 -0.225 -0.608 -0.842 -1.01 -1.121 -1.008 -0.88 -0.739 -0.479 -0.253 -0.018 0.263 0.275 0.143 -0.041 -0.315 -0.472 -0.654 -0.722 -0.695 -0.621
1.58 1.365 1.446 1.437 1.522 1.557 1.316 0.96 0.95 1.081 1.028 1.037 1.074 1.253 1.427 1.659 1.682 1.554 1.494 1.562 1.392 1.162 0.917 0.883 0.875 0.781 0.546 0.224 0.312 0.579 0.739 0.826 0.87 0.91 0.899 0.864 0.837 0.814 0.694 0.529 0.405 0.317 0.223 -0.03 -0.465 -0.689 -0.612 -0.454 -0.287 0.007 0.327 0.456 0.53 0.456 0.166 -0.2 -0.509 -0.634 -0.819 -1.043 -1.08 -0.968 -0.779 -0.539 -0.291 -0.111 0.123 0.293 0.244 0.059 -0.145 -0.227 -0.421 -0.567 -0.61 -0.589
1.65 1.584 1.719 1.634 1.534 1.45 1.174 0.762 0.669 0.885 0.833 0.828 1.033 1.302 1.532 1.717 1.762 1.649 1.589 1.532 1.289 1.129 1.068 1.151 1.113 0.986 0.696 0.421 0.474 0.622 0.799 0.864 0.904 0.88 0.79 0.681 0.674 0.687 0.491 0.235 0.053 -0.022 -0.086 -0.193 -0.436 -0.58 -0.684 -0.496 -0.239 0.021 0.305 0.519 0.556 0.404 0.146 -0.17 -0.337 -0.397 -0.604 -0.886 -1.023 -0.945 -0.754 -0.565 -0.307 -0.127 0.017 0.269 0.297 0.161 0.055 -0.05 -0.241 -0.439 -0.577 -0.646
1.732 1.773 1.821 1.615 1.372 1.172 0.969 0.545 0.396 0.607 0.637 0.722 1.082 1.449 1.717 1.765 1.648 1.578 1.478 1.381 1.243 1.337 1.326 1.32 1.29 1.091 0.795 0.69 0.728 0.726 0.748 0.763 0.803 0.82 0.704 0.58 0.423 0.359 0.156 0.009 -0.039 -0.006 -0.106 -0.141 -0.212 -0.433 -0.626 -0.476 -0.228 0.066 0.326 0.521 0.509 0.364 0.106 -0.077 -0.089 -0.189 -0.457 -0.758 -0.953 -0.895 -0.731 -0.546 -0.295 -0.076 0.027 0.221 0.37 0.305 0.194 -0.013 -0.239 -0.391 -0.418 -0.429
1.706 1.7 1.667 1.505 1.214 0.898 0.668 0.351 0.226 0.378 0.565 0.849 1.103 1.468 1.82 1.821 1.689 1.773 1.658 1.472 1.365 1.557 1.523 1.448 1.321 1.125 1.001 0.932 0.847 0.695 0.596 0.553 0.577 0.584 0.473 0.327 0.214 0.086 0.054 0.099 0.213 0.27 0.12 0.16 0.045 -0.31 -0.526 -0.396 -0.213 0.024 0.283 0.464 0.457 0.358 0.16 0.059 0.134 -0.039 -0.298 -0.624 -0.87 -0.808 -0.684 -0.548 -0.315 0.006 0.152 0.296 0.382 0.313 0.116 -0.059 -0.162 -0.19 -0.181 -0.242
1.556 1.585 1.577 1.484 1.249 0.931 0.641 0.289 0.194 0.367 0.598 0.961 1.231 1.477 1.878 1.879 1.88 2.037 1.919 1.748 1.489 1.654 1.698 1.568 1.436 1.364 1.18 0.95 0.789 0.613 0.391 0.281 0.255 0.231 0.157 0.124 0.127 0.122 0.227 0.347 0.431 0.456 0.321 0.443 0.287 -0.111 -0.339 -0.185 -0.104 0.068 0.25 0.413 0.415 0.46 0.318 0.174 0.309 0.155 -0.09 -0.454 -0.775 -0.758 -0.695 -0.582 -0.361 -0.05 0.185 0.278 0.377 0.246 0.111 0.075 -0.025 -0.006 -0.075 -0.146
1.472 1.55 1.563 1.485 1.264 0.973 0.705 0.277 0.087 0.274 0.537 0.931 1.342 1.614 1.983 1.953 2.067 2.232 2.127 1.917 1.636 1.76 1.795 1.661 1.664 1.508 1.213 0.851 0.621 0.425 0.272 0.196 0.165 0.205 0.288 0.354 0.402 0.32 0.411 0.508 0.616 0.592 0.524 0.691 0.528 0.057 -0.157 -0.016 0.06 0.16 0.271 0.391 0.45 0.529 0.405 0.348 0.428 0.267 -0.01 -0.379 -0.695 -0.753 -0.717 -0.604 -0.385 -0.13 0.127 0.227 0.263 0.224 0.225 0.169 0.073 0.073 -0.025 -0.121
1.283 1.404 1.445 1.393 1.178 0.85 0.525 0.177 -0.041 0.192 0.541 0.833 1.275 1.694 2.033 2.035 2.231 2.362 2.216 1.991 1.847 1.884 1.876 1.745 1.637 1.414 1.059 0.752 0.604 0.555 0.602 0.451 0.482 0.65 0.676 0.629 0.613 0.536 0.542 0.667 0.749 0.705 0.769 0.874 0.676 0.215 -0.051 -0.007 0.083 0.143 0.27 0.382 0.483 0.514 0.439 0.567 0.484 0.267 0.015 -0.357 -0.64 -0.752 -0.719 -0.634 -0.444 -0.212 0.104 0.181 0.243 0.236 0.311 0.22 0.149 0.117 -0.022 -0.147
1.306 1.317 1.318 1.291 1.127 0.838 0.495 0.13 -0.067 0.134 0.544 0.795 1.131 1.626 2.064 2.095 2.367 2.535 2.312 2.129 2.062 2.077 1.89 1.681 1.404 1.139 0.921 0.859 0.918 0.825 0.949 0.81 0.758 1.018 0.946 0.856 0.84 0.757 0.679 0.805 0.88 0.836 0.959 0.982 0.765 0.41 0.122 -0.024 -0.017 0.045 0.176 0.313 0.44 0.51 0.544 0.601 0.466 0.248 0.038 -0.188 -0.501 -0.689 -0.678 -0.615 -0.47 -0.258 -0.006 0.141 0.261 0.266 0.285 0.207 0.17 0.134 0.009 -0.155
1.408 1.409 1.397 1.39 1.312 1.086 0.697 0.213 -0.072 0.065 0.467 0.792 1.094 1.623 2.084 2.21 2.432 2.592 2.459 2.349 2.266 2.15 1.904 1.592 1.471 1.354 1.132 1.084 1.088 1.082 1.175 1.104 0.98 1.134 1.165 1.108 1.105 0.966 0.856 0.895 0.932 0.967 1.03 0.959 0.764 0.663 0.479 0.104 -0.06 0.028 0.135 0.246 0.368 0.51 0.569 0.5 0.401 0.233 0.232 0.044 -0.303 -0.617 -0.626 -0.571 -0.472 -0.304 -0.093 0.043 0.191 0.23 0.261 0.189 0.132 0.093 -0.028 -0.213
1.324 1.516 1.635 1.671 1.615 1.359 0.889 0.306 -0.104 -0.027 0.306 0.735 1.062 1.634 2.141 2.36 2.472 2.457 2.402 2.355 2.32 2.168 1.841 1.839 1.864 1.627 1.33 1.206 1.242 1.221 1.278 1.28 1.152 1.291 1.405 1.328 1.299 1.095 0.935 0.872 0.861 0.92 0.942 0.883 0.826 0.88 0.716 0.3 0.063 0.068 0.18 0.263 0.369 0.472 0.508 0.525 0.523 0.432 0.386 0.245 -0.087 -0.472 -0.599 -0.557 -0.48 -0.336 -0.185 -0.052 0.082 0.132 0.205 0.212 0.108 -0.003 -0.15 -0.345
1.043 1.352 1.648 1.74 1.647 1.365 0.881 0.301 -0.107 -0.123 0.123 0.495 0.991 1.585 2.059 2.397 2.447 2.378 2.404 2.373 2.268 2.191 2.182 2.222 2.072 1.765 1.454 1.275 1.206 1.199 1.315 1.379 1.321 1.47 1.551 1.429 1.311 1.091 0.864 0.718 0.697 0.789 0.834 0.839 0.932 1.021 0.827 0.46 0.243 0.078 0.155 0.214 0.311 0.437 0.514 0.62 0.659 0.542 0.535 0.391 0.076 -0.33 -0.532 -0.513 -0.448 -0.355 -0.249 -0.155 -0.005 0.04 0.127 0.16 0.134 -0.05 -0.3 -0.486
0.707 1.075 1.48 1.613 1.503 1.199 0.73 0.226 -0.116 -0.131 0.165 0.538 1.002 1.536 1.933 2.255 2.422 2.46 2.497 2.481 2.447 2.477 2.477 2.374 2.16 1.853 1.497 1.255 1.16 1.237 1.365 1.375 1.355 1.57 1.603 1.425 1.282 1.082 0.835 0.568 0.55 0.633 0.736 0.81 1.018 1.132 0.926 0.58 0.48 0.163 0.057 0.085 0.186 0.332 0.414 0.575 0.639 0.548 0.648 0.485 0.209 -0.174 -0.453 -0.48 -0.452 -0.419 -0.323 -0.236 -0.086 -0.034 0.025 0.035 0.038 -0.153 -0.426 -0.545
0.443 0.832 1.22 1.385 1.337 1.005 0.537 0.124 -0.118 -0.064 0.351 0.805 1.277 1.614 1.774 2.099 2.345 2.473 2.506 2.556 2.586 2.667 2.606 2.455 2.267 1.956 1.509 1.182 1.105 1.215 1.315 1.314 1.342 1.604 1.646 1.485 1.289 1.027 0.755 0.478 0.405 0.448 0.621 0.833 1.071 1.132 0.972 0.731 0.645 0.331 0.177 0.115 0.08 0.177 0.311 0.457 0.569 0.594 0.663 0.564 0.326 -0.002 -0.35 -0.496 -0.519 -0.507 -0.395 -0.242 -0.069 0.016 0.048 -0.006 -0.111 -0.311 -0.517 -0.547
0.264 0.624 0.981 1.148 1.115 0.906 0.53 0.137 -0.05 0.109 0.525 0.956 1.393 1.615 1.744 1.861 2.056 2.168 2.221 2.425 2.521 2.511 2.558 2.6 2.415 2.09 1.554 1.133 1.001 1.047 1.182 1.2 1.28 1.585 1.696 1.525 1.268 0.832 0.546 0.388 0.263 0.281 0.572 0.849 1.033 1.053 0.939 0.838 0.812 0.391 0.358 0.307 0.167 0.085 0.208 0.356 0.498 0.561 0.627 0.561 0.377 0.083 -0.232 -0.446 -0.485 -0.454 -0.322 -0.161 0.023 0.119 0.103 0.001 -0.185 -0.424 -0.558 -0.518
0.146 0.459 0.816 0.964 0.971 0.838 0.547 0.183 0.004 0.209 0.645 0.955 1.431 1.644 1.747 1.659 1.706 1.841 1.971 2.284 2.488 2.465 2.516 2.649 2.456 2.14 1.626 1.134 0.888 0.848 0.993 1.096 1.276 1.553 1.628 1.47 1.199 0.717 0.394 0.277 0.125 0.181 0.482 0.778 0.944 1.014 0.911 0.913 0.863 0.486 0.465 0.457 0.336 0.264 0.211 0.241 0.34 0.395 0.492 0.504 0.356 0.155 -0.063 -0.311 -0.294 -0.261 -0.145 -0.035 0.148 0.199 0.095 -0.089 -0.334 -0.506 -0.551 -0.454
0.06 0.268 0.584 0.869 0.983 0.9 0.62 0.294 0.088 0.211 0.5 0.818 1.305 1.617 1.723 1.622 1.463 1.659 1.975 2.297 2.432 2.418 2.547 2.624 2.441 2.155 1.702 1.169 0.837 0.713 0.847 1.049 1.243 1.416 1.491 1.427 1.149 0.655 0.254 0.164 0.01 0.11 0.444 0.766 0.896 1.01 0.89 0.956 0.939 0.551 0.572 0.6 0.491 0.457 0.348 0.245 0.34 0.335 0.404 0.476 0.373 0.246 0.067 -0.153 -0.158 -0.113 -0.024 0.048 0.115 0.078 -0.062 -0.265 -0.418 -0.471 -0.427 -0.348
0.046 0.098 0.382 0.757 1.006 1.009 0.767 0.44 0.176 0.164 0.333 0.644 1.124 1.446 1.573 1.477 1.321 1.532 1.966 2.292 2.376 2.346 2.426 2.439 2.298 2.116 1.756 1.216 0.801 0.559 0.63 0.829 1.042 1.253 1.354 1.316 1.066 0.699 0.267 0.056 -0.023 0.08 0.332 0.642 0.867 0.955 0.89 1.034 0.983 0.679 0.627 0.676 0.657 0.587 0.441 0.381 0.506 0.446 0.388 0.489 0.462 0.343 0.137 0.009 -0.016 0.012 0.005 -0.002 -0.036 -0.157 -0.259 -0.35 -0.392 -0.346 -0.32 -0.237
0.193 0.002 0.154 0.491 0.857 1.044 0.929 0.679 0.395 0.173 0.157 0.409 0.87 1.111 1.2 1.185 1.212 1.477 1.913 2.246 2.391 2.357 2.157 2.145 2.179 2.117 1.813 1.288 0.772 0.428 0.367 0.622 0.935 1.137 1.232 1.244 1.159 0.91 0.342 0.023 -0.001 0.06 0.229 0.543 0.792 0.886 0.886 1.106 1.075 0.833 0.652 0.69 0.749 0.681 0.525 0.476 0.609 0.591 0.486 0.549 0.535 0.402 0.248 0.166 0.117 0.056 -0.017 -0.095 -0.182 -0.243 -0.279 -0.321 -0.302 -0.278 -0.248 -0.124
0.36 0.004 -0.008 0.247 0.628 0.942 0.992 0.898 0.655 0.326 0.133 0.223 0.583 0.778 0.918 1.11 1.353 1.572 1.841 2.14 2.436 2.443 2.106 1.982 2.121 2.058 1.826 1.499 1.006 0.513 0.236 0.367 0.742 1.061 1.263 1.312 1.235 0.95 0.413 0.02 0.012 0.052 0.235 0.515 0.742 0.859 0.892 1.105 1.162 0.997 0.808 0.695 0.787 0.757 0.612 0.547 0.671 0.722 0.638 0.684 0.598 0.453 0.343 0.252 0.166 0.012 -0.104 -0.209 -0.239 -0.228 -0.195 -0.24 -0.276 -0.216 -0.184 -0.041
0.562 0.143 -0.052 0.087 0.387 0.705 0.952 1.009 0.833 0.485 0.189 0.125 0.328 0.582 0.929 1.18 1.538 1.811 1.995 2.164 2.501 2.5 2.068 1.823 2.012 1.985 1.908 1.708 1.28 0.643 0.171 0.152 0.545 0.825 1.195 1.288 1.23 0.962 0.492 0.011 -0.064 -0.04 0.154 0.418 0.638 0.817 0.885 1.051 1.189 1.105 0.965 0.749 0.804 0.793 0.67 0.64 0.749 0.798 0.737 0.719 0.604 0.428 0.279 0.128 -0.008 -0.139 -0.211 -0.182 -0.092 -0.028 -0.06 -0.1 -0.241 -0.233 -0.171 -0.022
0.888 0.424 0.092 0.04 0.196 0.479 0.768 0.959 0.87 0.557 0.218 0.083 0.228 0.599 1.018 1.31 1.58 1.849 2.096 2.324 2.527 2.464 2.018 1.728 1.793 1.769 1.782 1.681 1.249 0.655 0.167 0.075 0.381 0.752 1.1 1.214 1.216 1.054 0.648 0.094 -0.145 -0.117 0.03 0.232 0.49 0.768 0.906 0.99 1.146 1.155 1.012 0.812 0.8 0.793 0.706 0.704 0.793 0.795 0.714 0.623 0.504 0.335 0.157 -0.087 -0.246 -0.247 -0.214 -0.088 0.084 0.142 0.052 0.013 -0.146 -0.229 -0.15 -0.013
1.224 0.908 0.467 0.155 0.109 0.269 0.502 0.77 0.795 0.545 0.215 0.064 0.199 0.593 1.001 1.37 1.674 1.925 2.169 2.434 2.532 2.366 1.901 1.694 1.676 1.655 1.753 1.695 1.306 0.717 0.182 0.032 0.311 0.75 1.093 1.219 1.292 1.146 0.753 0.149 -0.147 -0.068 0.052 0.19 0.43 0.744 0.89 0.92 1.1 1.116 0.946 0.854 0.763 0.732 0.722 0.72 0.774 0.721 0.658 0.554 0.426 0.343 0.155 -0.206 -0.321 -0.163 -0.116 -0.047 0.208 0.291 0.167 0.111 -0.006 -0.2 -0.12 0.016
1.647 1.492 0.98 0.463 0.168 0.143 0.249 0.521 0.67 0.469 0.162 0.04 0.185 0.463 0.778 1.173 1.582 1.919 2.255 2.54 2.438 2.193 1.712 1.701 1.727 1.725 1.824 1.708 1.344 0.757 0.193 0.014 0.276 0.714 1.088 1.235 1.34 1.222 0.835 0.204 -0.165 -0.108 0.029 0.177 0.398 0.686 0.804 0.868 1.012 0.995 0.921 0.863 0.788 0.69 0.667 0.669 0.643 0.653 0.643 0.513 0.354 0.18 -0.014 -0.292 -0.311 -0.078 0.032 0.028 0.216 0.354 0.268 0.176 0.145 -0.08 -0.098 0.055
1.976 1.784 1.426 1.03 0.551 0.243 0.131 0.254 0.438 0.357 0.118 0.074 0.289 0.585 0.811 1.097 1.424 1.785 2.116 2.339 2.42 2.122 1.615 1.496 1.539 1.624 1.74 1.619 1.225 0.652 0.169 0.072 0.299 0.695 1.04 1.143 1.237 1.246 0.87 0.298 -0.204 -0.246 -0.126 0.03 0.249 0.56 0.697 0.777 0.834 0.849 0.897 0.806 0.778 0.664 0.632 0.551 0.498 0.454 0.421 0.313 0.144 -0.083 -0.241 -0.377 -0.272 0.005 0.166 0.136 0.247 0.403 0.351 0.246 0.267 0.061 -0.044 0.06
2.052 1.944 1.971 1.657 1.103 0.614 0.189 0.089 0.191 0.228 0.052 0.117 0.44 0.902 1.133 1.424 1.606 1.84 2.266 2.373 2.45 2.078 1.493 1.332 1.457 1.588 1.683 1.554 1.129 0.532 0.133 0.132 0.327 0.664 0.973 1.092 1.156 1.138 0.851 0.339 -0.21 -0.361 -0.222 -0.06 0.138 0.362 0.484 0.507 0.524 0.603 0.668 0.577 0.483 0.413 0.332 0.243 0.164 0.088 0.043 -0.045 -0.196 -0.337 -0.399 -0.362 -0.142 0.118 0.268 0.265 0.37 0.436 0.458 0.324 0.343 0.181 0.02 0.091
