data/climatemaps/RS_maps/climate_winter_tmin_2002.asc
NCOLS 369 
NROWS 228 
XLLCORNER 479000 
YLLCORNER 73000 
CELLSIZE 1000 
NODATA_value -9 
[rows 102 to 135 of 228, columns 0 to 75 of 369]
-9 -9 -9 -9 -9 -9 -9 -9 -9 -9 -9 -9 -9 -9 -9 -9 -9 -9 -9 -9 -9 -9 -9 -9 -9 -9 -9 -9 -9 -9 -9 -9 0.653 0.642 0.625 0.672 0.683 0.677 0.657 0.62 0.542 0.475 0.489 0.494 0.478 0.414 0.357 0.351 0.37 0.382 0.36 0.361 0.356 0.365 0.37 0.373 0.406 0.445 0.522 0.578 0.584 0.669 0.703 0.682 0.585 0.374 0.34 0.347 0.288 0.308 0.398 0.622 0.791 0.894 0.905 0.929
-9 -9 -9 -9 -9 -9 -9 -9 -9 -9 -9 -9 -9 -9 -9 -9 -9 -9 -9 -9 -9 -9 -9 -9 -9 -9 -9 -9 -9 -9 -9 -9 0.648 0.648 0.666 0.683 0.682 0.671 0.639 0.551 0.506 0.519 0.507 0.46 0.386 0.363 0.345 0.355 0.371 0.396 0.414 0.409 0.403 0.408 0.401 0.382 0.428 0.527 0.614 0.674 0.687 0.651 0.616 0.5 0.383 0.291 0.24 0.251 0.321 0.47 0.617 0.767 0.854 0.928 0.944 0.959
-9 -9 -9 -9 -9 -9 -9 -9 -9 -9 -9 -9 -9 -9 -9 -9 -9 -9 -9 -9 -9 -9 -9 -9 -9 -9 -9 -9 -9 -9 -9 -9 0.668 0.677 0.686 0.683 0.675 0.666 0.631 0.557 0.555 0.53 0.461 0.369 0.324 0.351 0.369 0.4 0.448 0.482 0.483 0.469 0.464 0.487 0.5 0.435 0.573 0.665 0.695 0.663 0.589 0.497 0.442 0.38 0.343 0.309 0.287 0.366 0.535 0.687 0.787 0.854 0.916 0.969 0.974 0.976
-9 -9 -9 -9 -9 -9 -9 -9 -9 -9 -9 -9 -9 -9 -9 -9 -9 -9 -9 -9 -9 -9 -9 -9 -9 -9 -9 -9 -9 -9 -9 -9 0.69 0.69 0.684 0.683 0.672 0.661 0.641 0.604 0.552 0.497 0.389 0.338 0.362 0.419 0.462 0.5 0.509 0.492 0.466 0.454 0.47 0.559 0.608 0.586 0.684 0.704 0.671 0.556 0.465 0.422 0.375 0.344 0.346 0.327 0.392 0.593 0.72 0.808 0.878 0.925 0.977 0.982 0.984 0.982
-9 -9 -9 -9 -9 -9 -9 -9 -9 -9 -9 -9 -9 -9 -9 -9 -9 -9 -9 -9 -9 -9 -9 -9 -9 -9 -9 -9 -9 -9 -9 -9 -9 0.689 0.683 0.683 0.671 0.652 0.628 0.611 0.505 0.437 0.392 0.398 0.442 0.51 0.509 0.457 0.425 0.394 0.372 0.379 0.423 0.523 0.613 0.682 0.644 0.639 0.571 0.474 0.423 0.377 0.331 0.368 0.404 0.42 0.572 0.735 0.821 0.888 0.947 0.983 0.997 0.993 0.992 0.992
-9 -9 -9 -9 -9 -9 -9 -9 -9 -9 -9 -9 -9 -9 -9 -9 -9 -9 -9 -9 -9 -9 -9 -9 -9 -9 -9 -9 -9 -9 -9 -9 -9 0.684 0.669 0.669 0.655 0.586 0.572 0.557 0.456 0.428 0.446 0.482 0.518 0.48 0.397 0.357 0.344 0.34 0.364 0.419 0.525 0.602 0.61 0.567 0.492 0.497 0.414 0.382 0.38 0.368 0.399 0.462 0.501 0.58 0.714 0.809 0.88 0.946 1 1.009 1.009 1.007 1.003 1.003
-9 -9 -9 -9 -9 -9 -9 -9 -9 -9 -9 -9 -9 -9 -9 -9 -9 -9 -9 -9 -9 -9 -9 -9 -9 -9 -9 -9 -9 -9 -9 -9 -9 0.665 0.657 0.626 0.56 0.521 0.525 0.603 0.492 0.501 0.539 0.533 0.463 0.379 0.34 0.352 0.361 0.385 0.435 0.53 0.524 0.49 0.42 0.338 0.333 0.378 0.344 0.352 0.371 0.41 0.453 0.481 0.492 0.589 0.758 0.852 0.925 1.002 1.024 1.019 1.02 1.02 1.012 1.012
-9 -9 -9 -9 -9 -9 -9 -9 -9 -9 -9 -9 -9 -9 -9 -9 -9 -9 -9 -9 -9 -9 -9 -9 -9 -9 -9 -9 -9 -9 -9 -9 -9 0.583 0.575 0.544 0.523 0.514 0.534 0.598 0.594 0.57 0.516 0.443 0.384 0.359 0.363 0.391 0.42 0.463 0.495 0.494 0.315 0.288 0.267 0.225 0.28 0.321 0.327 0.355 0.357 0.394 0.425 0.424 0.451 0.619 0.8 0.884 0.97 1.032 1.033 1.03 1.028 1.028 1.021 1.021
-9 -9 -9 -9 -9 -9 -9 -9 -9 -9 -9 -9 -9 -9 -9 -9 -9 -9 -9 -9 -9 -9 -9 -9 -9 -9 -9 -9 -9 -9 -9 -9 -9 0.551 0.549 0.541 0.543 0.573 0.602 0.612 0.547 0.485 0.412 0.361 0.37 0.389 0.417 0.434 0.467 0.437 0.476 0.304 0.245 0.197 0.224 0.268 0.355 0.366 0.346 0.387 0.41 0.508 0.562 0.605 0.689 0.807 0.89 0.945 1.018 1.046 1.043 1.042 1.038 1.037 1.035 1.032
-9 -9 -9 -9 -9 -9 -9 -9 -9 -9 -9 -9 -9 -9 -9 -9 -9 -9 -9 -9 -9 -9 -9 -9 -9 -9 -9 -9 -9 -9 -9 -9 -9 0.559 0.585 0.6 0.619 0.62 0.544 0.568 0.465 0.398 0.385 0.364 0.375 0.405 0.44 0.45 0.421 0.404 0.425 0.337 0.18 0.206 0.308 0.379 0.386 0.426 0.495 0.576 0.635 0.69 0.747 0.835 0.923 0.98 1.012 1.038 1.056 1.059 1.058 1.058 1.053 1.049 1.048 1.038
-9 -9 -9 -9 -9 -9 -9 -9 -9 -9 -9 -9 -9 -9 -9 -9 -9 -9 -9 -9 -9 -9 -9 -9 -9 -9 -9 -9 -9 -9 -9 -9 0.556 0.593 0.591 0.591 0.618 0.587 0.537 0.535 0.475 0.438 0.419 0.389 0.362 0.382 0.41 0.408 0.398 0.413 0.316 0.203 0.177 0.288 0.371 0.397 0.441 0.61 0.743 0.779 0.802 0.836 0.9 0.968 1.012 1.045 1.064 1.066 1.07 1.072 1.072 1.067 1.066 1.06 1.055 1.036
-9 -9 -9 -9 -9 -9 -9 -9 -9 -9 -9 -9 -9 -9 -9 -9 -9 -9 -9 -9 -9 -9 -9 -9 -9 -9 -9 -9 -9 -9 -9 -9 0.597 0.593 0.567 0.603 0.63 0.579 0.523 0.513 0.455 0.439 0.421 0.395 0.387 0.403 0.422 0.434 0.441 0.367 0.253 0.209 0.287 0.372 0.433 0.552 0.724 0.833 0.879 0.919 0.949 0.98 1.018 1.026 1.046 1.071 1.08 1.077 1.078 1.084 1.083 1.08 1.072 1.057 1.029 1.02
-9 -9 -9 -9 -9 -9 -9 -9 -9 -9 -9 -9 -9 -9 -9 -9 -9 -9 -9 -9 -9 -9 -9 -9 -9 -9 -9 -9 -9 -9 -9 -9 0.606 0.581 0.598 0.642 0.611 0.522 0.489 0.495 0.43 0.411 0.386 0.378 0.406 0.434 0.451 0.446 0.412 0.393 0.348 0.381 0.405 0.471 0.637 0.827 0.888 0.914 0.937 0.968 1.003 1.028 1.05 1.066 1.072 1.084 1.089 1.093 1.089 1.094 1.094 1.086 1.053 0.981 0.978 1.008
-9 -9 -9 -9 -9 -9 -9 -9 -9 -9 -9 -9 -9 -9 -9 -9 -9 -9 -9 -9 -9 -9 -9 -9 -9 -9 -9 -9 -9 -9 -9 0.618 0.602 0.594 0.639 0.638 0.557 0.492 0.466 0.476 0.396 0.365 0.367 0.382 0.422 0.435 0.443 0.416 0.389 0.465 0.481 0.523 0.545 0.647 0.842 0.882 0.882 0.911 0.952 0.989 1.018 1.046 1.063 1.077 1.085 1.095 1.098 1.105 1.102 1.105 1.104 1.076 0.977 0.962 0.978 0.984
-9 -9 -9 -9 -9 -9 -9 -9 -9 -9 -9 -9 -9 -9 -9 -9 -9 -9 -9 -9 -9 -9 -9 -9 -9 -9 -9 -9 -9 0.61 0.648 0.634 0.605 0.635 0.646 0.591 0.507 0.474 0.486 0.461 0.384 0.346 0.357 0.381 0.414 0.418 0.394 0.355 0.388 0.427 0.447 0.495 0.709 0.83 0.882 0.893 0.911 0.935 0.964 0.998 1.034 1.07 1.081 1.087 1.096 1.104 1.108 1.116 1.112 1.114 1.089 1.009 0.948 0.966 0.971 1
-9 -9 -9 -9 -9 -9 -9 -9 -9 -9 -9 -9 -9 -9 -9 -9 -9 -9 -9 -9 -9 -9 -9 -9 -9 -9 -9 -9 0.573 0.601 0.616 0.65 0.632 0.654 0.602 0.53 0.486 0.474 0.491 0.474 0.374 0.323 0.346 0.385 0.392 0.366 0.327 0.283 0.317 0.411 0.5 0.575 0.802 0.875 0.909 0.931 0.958 0.98 1 1.037 1.067 1.083 1.089 1.101 1.098 1.098 1.109 1.118 1.114 1.09 1.008 0.962 0.96 0.968 0.975 0.985
-9 -9 -9 -9 -9 -9 -9 -9 -9 -9 -9 -9 -9 -9 -9 -9 -9 -9 -9 -9 -9 -9 -9 -9 -9 -9 0.504 0.556 0.566 0.554 0.604 0.635 0.661 0.632 0.54 0.5 0.49 0.519 0.511 0.485 0.385 0.36 0.379 0.371 0.361 0.343 0.323 0.272 0.345 0.528 0.708 0.771 0.845 0.894 0.93 0.969 0.994 1.011 1.042 1.059 1.076 1.089 1.09 1.084 1.068 1.08 1.106 1.109 1.09 1.02 0.953 0.951 0.966 0.958 0.991 0.941
-9 -9 -9 -9 -9 -9 -9 -9 -9 -9 -9 -9 -9 -9 -9 -9 -9 -9 -9 -9 -9 -9 -9 -9 -9 0.497 0.532 0.532 0.536 0.56 0.586 0.65 0.662 0.617 0.565 0.534 0.546 0.564 0.526 0.499 0.433 0.408 0.42 0.391 0.395 0.383 0.313 0.281 0.432 0.669 0.811 0.831 0.867 0.905 0.946 0.988 0.984 1.014 1.057 1.067 1.082 1.085 1.059 1.019 1.044 1.078 1.098 1.08 1.04 0.984 0.956 0.95 0.95 0.98 0.967 0.906
-9 -9 -9 -9 -9 -9 -9 -9 -9 -9 -9 -9 -9 -9 -9 -9 -9 -9 -9 -9 -9 -9 -9 0.521 0.502 0.501 0.481 0.523 0.56 0.612 0.642 0.672 0.653 0.603 0.562 0.55 0.587 0.571 0.542 0.511 0.477 0.459 0.471 0.485 0.441 0.32 0.218 0.307 0.575 0.779 0.841 0.854 0.91 0.944 0.988 0.998 0.978 1.026 1.064 1.076 1.088 1.061 1.015 1.002 1.046 1.06 1.075 1.039 1.025 0.993 0.971 0.944 0.962 0.982 0.939 0.898
-9 -9 -9 -9 -9 -9 -9 -9 -9 -9 -9 -9 -9 -9 -9 -9 -9 -9 -9 -9 -9 -9 0.539 0.491 0.496 0.485 0.489 0.566 0.612 0.648 0.669 0.656 0.627 0.601 0.581 0.606 0.578 0.512 0.45 0.486 0.522 0.542 0.498 0.406 0.294 0.28 0.293 0.482 0.711 0.829 0.854 0.886 0.939 0.973 1.014 1.025 1.029 1.056 1.075 1.086 1.085 1.046 1.015 1.033 1.018 1.021 1.061 1.02 1.007 0.974 0.968 0.955 0.972 0.966 0.928 0.943
-9 -9 -9 -9 -9 -9 -9 -9 -9 -9 -9 -9 -9 -9 -9 -9 -9 -9 -9 -9 -9 0.548 0.524 0.485 0.467 0.501 0.532 0.584 0.596 0.601 0.621 0.599 0.568 0.592 0.628 0.595 0.52 0.364 0.361 0.515 0.61 0.499 0.394 0.342 0.305 0.365 0.488 0.688 0.803 0.858 0.893 0.935 0.965 1.003 1.027 1.043 1.054 1.07 1.078 1.077 1.067 1.045 1.034 1.025 1.021 1.064 1.051 1.018 0.983 0.957 0.966 0.967 0.971 0.968 0.963 1
-9 -9 -9 -9 -9 -9 -9 -9 -9 -9 -9 -9 -9 -9 -9 -9 -9 -9 -9 -9 0.549 0.52 0.516 0.473 0.449 0.521 0.552 0.55 0.566 0.594 0.628 0.607 0.613 0.62 0.579 0.513 0.447 0.345 0.373 0.604 0.577 0.446 0.439 0.453 0.471 0.596 0.689 0.768 0.827 0.866 0.913 0.958 0.997 1.025 1.038 1.048 1.065 1.066 1.045 1.05 1.051 1.038 1.022 1.023 1.068 1.097 1.033 1.001 0.957 0.954 0.974 0.967 0.965 0.968 0.991 0.962
-9 -9 -9 -9 -9 -9 -9 -9 -9 -9 -9 -9 -9 -9 -9 -9 -9 -9 -9 0.544 0.526 0.484 0.463 0.444 0.483 0.517 0.525 0.551 0.591 0.626 0.621 0.604 0.582 0.551 0.493 0.427 0.377 0.311 0.392 0.585 0.652 0.586 0.551 0.593 0.672 0.746 0.773 0.791 0.836 0.873 0.933 0.971 1.017 1.033 1.045 1.054 1.014 1.024 1.013 1.041 1.036 1.02 1.005 1.034 1.088 1.087 1.021 0.992 0.95 0.953 0.953 0.937 0.963 0.975 0.971 0.944
-9 -9 -9 -9 -9 -9 -9 -9 -9 -9 -9 -9 -9 -9 -9 -9 -9 -9 0.551 0.501 0.436 0.412 0.447 0.486 0.544 0.524 0.552 0.593 0.617 0.621 0.574 0.518 0.481 0.467 0.438 0.399 0.358 0.306 0.349 0.551 0.699 0.681 0.694 0.731 0.763 0.79 0.836 0.85 0.877 0.903 0.959 0.994 1.03 1.045 1.052 1.044 0.978 0.988 0.991 1.028 1.012 0.975 0.987 1.045 1.097 1.077 1.028 0.961 0.913 0.918 0.914 0.946 0.954 0.943 0.967 0.964
-9 -9 -9 -9 -9 -9 -9 -9 -9 -9 -9 -9 -9 -9 -9 -9 -9 0.567 0.504 0.417 0.407 0.448 0.497 0.532 0.546 0.578 0.608 0.613 0.601 0.566 0.495 0.444 0.431 0.444 0.433 0.417 0.389 0.355 0.419 0.582 0.734 0.747 0.766 0.724 0.628 0.711 0.779 0.846 0.879 0.934 0.959 0.997 1.04 1.054 1.062 1.039 0.997 0.98 0.994 1.027 0.996 0.964 0.99 1.057 1.099 1.076 1.032 0.956 0.927 0.907 0.909 0.951 0.92 0.965 0.984 0.993
-9 -9 -9 -9 -9 -9 -9 -9 -9 -9 -9 -9 -9 -9 -9 -9 0.534 0.467 0.418 0.421 0.471 0.505 0.517 0.528 0.561 0.616 0.602 0.558 0.52 0.481 0.439 0.411 0.428 0.443 0.461 0.478 0.482 0.511 0.657 0.725 0.718 0.672 0.615 0.567 0.601 0.72 0.792 0.866 0.894 0.946 0.954 0.989 1.051 1.066 1.068 1.053 1.027 1 1.01 1.022 0.994 0.966 1.002 1.07 1.092 1.083 1.03 0.978 0.945 0.931 0.935 0.921 0.945 1.001 1.033 1.078
-9 -9 -9 -9 -9 -9 -9 -9 -9 -9 -9 -9 -9 -9 -9 0.486 0.421 0.404 0.433 0.465 0.489 0.511 0.518 0.546 0.589 0.581 0.524 0.484 0.451 0.412 0.403 0.418 0.445 0.48 0.499 0.516 0.559 0.66 0.687 0.595 0.587 0.583 0.563 0.605 0.706 0.775 0.816 0.88 0.909 0.95 0.964 1.013 1.069 1.081 1.076 1.054 1.03 1.006 1.02 1.019 0.993 0.976 1.021 1.084 1.081 1.077 1.024 0.97 0.95 0.922 0.922 0.938 0.992 1.009 1.061 1.086
-9 -9 -9 -9 -9 -9 -9 -9 -9 -9 -9 -9 -9 0.561 0.493 0.416 0.387 0.425 0.457 0.482 0.506 0.537 0.554 0.538 0.546 0.509 0.461 0.449 0.423 0.409 0.403 0.439 0.467 0.486 0.487 0.489 0.557 0.59 0.504 0.514 0.597 0.582 0.595 0.625 0.724 0.81 0.847 0.894 0.922 0.965 0.997 1.046 1.085 1.092 1.084 1.051 1.016 1.004 1.027 1.016 0.996 0.995 1.049 1.085 1.071 1.069 1.015 0.953 0.919 0.924 0.941 0.965 1.011 1.01 1.077 1.038
-9 -9 -9 -9 -9 -9 -9 -9 -9 -9 -9 -9 0.589 0.5 0.438 0.412 0.432 0.48 0.495 0.524 0.548 0.551 0.477 0.461 0.502 0.492 0.473 0.467 0.445 0.417 0.421 0.458 0.468 0.485 0.5 0.533 0.569 0.457 0.472 0.568 0.627 0.523 0.484 0.567 0.718 0.813 0.859 0.911 0.944 0.988 1.027 1.073 1.099 1.108 1.076 1.051 1.024 1.013 1.033 1.016 1.004 1.026 1.064 1.076 1.065 1.056 1.012 0.948 0.905 0.932 0.959 1 1.028 1.066 1.065 0.965
-9 -9 -9 -9 -9 -9 -9 -9 -9 -9 -9 0.633 0.57 0.495 0.442 0.477 0.519 0.55 0.566 0.528 0.519 0.494 0.425 0.457 0.496 0.49 0.482 0.455 0.42 0.405 0.408 0.451 0.506 0.535 0.574 0.626 0.579 0.474 0.546 0.59 0.561 0.471 0.502 0.659 0.783 0.844 0.888 0.941 0.974 1.014 1.047 1.088 1.116 1.118 1.059 1.049 1.032 1.022 1.039 1.026 1.025 1.055 1.06 1.068 1.064 1.037 1.004 0.961 0.921 0.934 0.965 1.038 1.095 1.086 0.982 0.903
-9 -9 -9 -9 -9 -9 -9 -9 -9 -9 0.709 0.669 0.587 0.536 0.508 0.56 0.602 0.584 0.536 0.49 0.442 0.46 0.423 0.434 0.472 0.464 0.454 0.42 0.373 0.35 0.423 0.516 0.562 0.594 0.625 0.657 0.599 0.551 0.592 0.578 0.499 0.519 0.656 0.774 0.847 0.881 0.931 0.973 1.001 1.041 1.072 1.094 1.11 1.109 1.049 1.048 1.041 1.041 1.045 1.039 1.048 1.062 1.061 1.063 1.062 1.024 1.001 0.985 0.964 0.967 1.027 1.11 1.09 1.003 0.929 0.864
-9 -9 -9 -9 -9 -9 -9 -9 -9 -9 0.676 0.679 0.64 0.558 0.579 0.596 0.575 0.515 0.449 0.411 0.434 0.456 0.422 0.415 0.421 0.436 0.419 0.388 0.348 0.416 0.528 0.582 0.611 0.64 0.66 0.661 0.569 0.534 0.575 0.543 0.558 0.646 0.776 0.844 0.896 0.937 0.984 1.016 1.038 1.086 1.109 1.092 1.121 1.115 1.05 1.064 1.063 1.067 1.065 1.059 1.069 1.069 1.061 1.065 1.053 1.012 0.999 1 1.011 1.028 1.07 1.115 1.029 0.956 0.915 0.844
-9 -9 -9 -9 -9 -9 -9 -9 -9 0.599 0.581 0.604 0.625 0.62 0.604 0.56 0.512 0.437 0.387 0.379 0.416 0.455 0.439 0.417 0.398 0.403 0.378 0.372 0.41 0.522 0.583 0.613 0.657 0.679 0.663 0.583 0.47 0.433 0.548 0.606 0.667 0.769 0.857 0.9 0.95 0.996 1.019 1.039 1.057 1.093 1.121 1.13 1.158 1.1 1.064 1.079 1.081 1.087 1.091 1.086 1.087 1.076 1.06 1.062 1.041 1.002 0.991 1.004 1.044 1.062 1.099 1.107 1.042 0.975 0.929 0.844
-9 -9 -9 -9 -9 -9 -9 -9 0.593 0.567 0.556 0.572 0.6 0.624 0.584 0.536 0.46 0.414 0.382 0.389 0.421 0.473 0.442 0.41 0.39 0.38 0.378 0.426 0.495 0.578 0.623 0.672 0.689 0.659 0.514 0.469 0.44 0.451 0.583 0.687 0.763 0.844 0.911 0.964 1.005 1.024 1.035 1.075 1.061 1.077 1.099 1.149 1.172 1.094 1.09 1.099 1.101 1.106 1.106 1.102 1.091 1.07 1.062 1.041 1.028 0.98 0.964 1.002 1.047 1.08 1.092 1.077 1.048 1.01 0.945 0.848
