data/climatemaps/RS_maps/climate_winter_tmin_2012.asc
NCOLS 369 
NROWS 228 
XLLCORNER 479000 
YLLCORNER 73000 
CELLSIZE 1000 
NODATA_value -9 
[rows 136 to 169 of 228, columns 228 to 303 of 369]
-0.881 -1.321 -1.591 -1.82 -1.917 -2.099 -2.101 -1.829 -1.904 -1.912 -1.906 -1.769 -1.502 -1.543 -1.741 -1.533 -1.461 -1.508 -1.097 -1.055 -1.521 -1.946 -1.951 -1.625 -1.309 -0.878 -0.585 -0.967 -1.406 -1.76 -1.86 -1.656 -1.355 -1.058 -1.266 -1.931 -1.975 -1.729 -1.595 -1.452 -1.331 -1.277 -1.103 -0.879 -0.515 -0.258 -0.482 -1.096 -1.62 -1.698 -1.793 -1.799 -1.599 -1.413 -1.097 -0.789 -0.573 -0.415 -0.722 -1.153 -1.387 -1.832 -1.963 -1.96 -1.912 -1.752 -2.087 -1.857 -1.684 -1.332 -0.887 -1.282 -1.444 -1.567 -1.756 -1.889
-0.967 -1.289 -1.785 -2.067 -2.135 -2.157 -1.83 -1.549 -1.658 -1.647 -1.623 -1.54 -1.522 -1.673 -1.842 -1.569 -1.386 -1.266 -1.016 -1.298 -1.899 -1.995 -1.686 -1.391 -1.025 -0.674 -0.677 -1.124 -1.444 -1.483 -1.686 -1.644 -1.381 -1.121 -1.178 -1.733 -1.932 -1.765 -1.622 -1.54 -1.414 -1.389 -1.298 -0.998 -0.453 -0.259 -0.637 -1.146 -1.459 -1.72 -2.016 -1.77 -1.455 -1.216 -1.057 -0.88 -0.688 -0.46 -0.57 -0.893 -1.324 -1.637 -1.662 -1.844 -1.932 -1.902 -2.195 -2.013 -1.835 -1.454 -1.022 -1.365 -1.595 -1.714 -1.836 -2.014
-1.173 -1.037 -1.583 -1.931 -2.017 -2.004 -1.619 -1.269 -1.632 -1.813 -1.815 -1.642 -1.5 -1.833 -1.947 -1.965 -1.571 -1.162 -1.218 -1.608 -1.949 -1.769 -1.507 -1.166 -0.885 -0.842 -0.938 -1.047 -1.508 -1.53 -1.768 -1.671 -1.461 -1.223 -1.184 -1.694 -1.925 -1.824 -1.74 -1.668 -1.641 -1.563 -1.343 -0.989 -0.467 -0.309 -0.808 -1.365 -1.537 -1.619 -1.934 -1.705 -1.345 -1.354 -1.267 -1.058 -0.779 -0.526 -0.474 -0.713 -1.184 -1.332 -1.339 -1.685 -1.709 -1.784 -2.076 -1.991 -1.697 -1.466 -1.15 -1.156 -1.292 -1.53 -1.784 -2.017
-1.402 -1.05 -1.287 -1.483 -1.615 -1.804 -1.671 -1.142 -1.418 -1.711 -1.553 -1.399 -1.437 -1.559 -1.838 -1.993 -1.703 -1.517 -1.483 -1.865 -1.948 -1.677 -1.311 -1.046 -1.056 -1.263 -1.243 -0.977 -1.37 -1.711 -1.81 -1.645 -1.425 -1.355 -1.531 -1.885 -1.97 -1.746 -1.596 -1.491 -1.506 -1.404 -1.305 -1.072 -0.584 -0.501 -0.981 -1.52 -1.765 -1.768 -1.85 -1.662 -1.521 -1.63 -1.473 -1.165 -0.818 -0.695 -0.614 -0.512 -0.87 -1.033 -1.066 -1.302 -1.427 -1.634 -2.085 -1.991 -1.715 -1.548 -1.355 -1.431 -1.307 -1.362 -1.473 -1.651
-1.667 -1.229 -1.384 -1.427 -1.673 -1.817 -1.406 -0.892 -1.029 -1.396 -1.265 -1.181 -1.139 -1.287 -1.571 -1.986 -1.971 -1.728 -1.737 -2.007 -1.742 -1.383 -1.093 -1.202 -1.4 -1.567 -1.418 -1.041 -1.269 -1.784 -1.869 -1.712 -1.558 -1.613 -1.742 -1.853 -1.901 -1.819 -1.505 -1.223 -1.145 -1.145 -1.271 -1.126 -0.626 -0.503 -0.95 -1.343 -1.439 -1.642 -1.839 -1.712 -1.727 -1.734 -1.452 -1.127 -0.894 -1.021 -0.935 -0.61 -0.62 -0.885 -1.134 -1.366 -1.552 -1.545 -1.799 -2.048 -1.908 -1.651 -1.52 -1.796 -1.675 -1.563 -1.588 -1.728
-1.722 -1.498 -1.713 -1.626 -1.595 -1.649 -1.325 -0.797 -0.809 -1.274 -1.087 -0.966 -1.105 -1.358 -1.681 -1.951 -1.957 -1.73 -1.727 -1.741 -1.375 -1.187 -1.211 -1.515 -1.672 -1.708 -1.412 -1.136 -1.36 -1.689 -1.921 -1.811 -1.718 -1.652 -1.585 -1.508 -1.626 -1.717 -1.316 -0.965 -0.737 -0.717 -0.793 -0.864 -0.669 -0.757 -0.683 -1.138 -1.544 -1.68 -1.798 -1.876 -1.784 -1.577 -1.341 -1.096 -1.096 -1.352 -1.222 -0.86 -0.683 -0.951 -1.283 -1.458 -1.685 -1.646 -1.595 -2.002 -1.996 -1.792 -1.845 -2 -1.885 -1.638 -1.462 -1.389
-1.849 -1.785 -1.785 -1.469 -1.232 -1.18 -1.144 -0.678 -0.576 -1.012 -0.945 -0.858 -1.208 -1.621 -1.927 -1.849 -1.526 -1.381 -1.318 -1.303 -1.185 -1.439 -1.538 -1.692 -1.804 -1.619 -1.285 -1.375 -1.686 -1.782 -1.762 -1.659 -1.656 -1.713 -1.556 -1.406 -1.168 -1.161 -0.876 -0.706 -0.709 -0.89 -0.791 -0.885 -1.032 -0.945 -0.702 -1.093 -1.491 -1.779 -1.859 -1.893 -1.667 -1.446 -1.207 -1.152 -1.454 -1.605 -1.294 -0.946 -0.702 -1.01 -1.376 -1.628 -1.86 -1.923 -1.7 -1.891 -2.146 -2.074 -2.041 -1.849 -1.586 -1.47 -1.645 -1.798
-1.784 -1.602 -1.425 -1.198 -0.948 -0.766 -0.763 -0.539 -0.498 -0.796 -0.955 -1.162 -1.241 -1.61 -1.988 -1.737 -1.376 -1.537 -1.45 -1.295 -1.256 -1.732 -1.827 -1.796 -1.635 -1.405 -1.429 -1.633 -1.771 -1.616 -1.435 -1.324 -1.362 -1.42 -1.246 -1.069 -0.938 -0.732 -0.771 -0.923 -1.148 -1.329 -1.034 -1.272 -1.302 -0.903 -0.693 -1.094 -1.384 -1.605 -1.751 -1.759 -1.538 -1.379 -1.231 -1.262 -1.755 -1.666 -1.389 -1.005 -0.722 -1.125 -1.5 -1.666 -1.893 -2.28 -2.135 -2.125 -2.161 -2.013 -1.698 -1.536 -1.563 -1.781 -2.047 -2.035
-1.474 -1.373 -1.246 -1.149 -1.003 -0.858 -0.801 -0.549 -0.632 -0.926 -1.13 -1.454 -1.532 -1.569 -1.949 -1.622 -1.505 -1.817 -1.693 -1.537 -1.274 -1.778 -2.053 -1.882 -1.667 -1.669 -1.571 -1.457 -1.489 -1.37 -1.096 -0.973 -0.957 -0.941 -0.798 -0.739 -0.759 -0.803 -1.049 -1.29 -1.499 -1.505 -1.133 -1.555 -1.47 -1.004 -0.835 -1.369 -1.514 -1.659 -1.669 -1.657 -1.439 -1.556 -1.416 -1.318 -1.921 -1.859 -1.641 -1.183 -0.786 -1.133 -1.375 -1.552 -1.814 -2.212 -2.324 -2.141 -2.163 -1.796 -1.599 -1.773 -1.76 -2.067 -2.055 -2.025
-1.299 -1.296 -1.222 -1.134 -0.998 -0.903 -0.943 -0.584 -0.476 -0.82 -1.078 -1.429 -1.772 -1.8 -2.02 -1.565 -1.655 -1.982 -1.865 -1.619 -1.322 -1.807 -2.076 -1.9 -1.958 -1.784 -1.461 -1.15 -1.09 -0.972 -0.823 -0.784 -0.767 -0.838 -0.993 -1.116 -1.174 -1.026 -1.203 -1.462 -1.694 -1.494 -1.227 -1.732 -1.61 -0.976 -0.916 -1.56 -1.843 -1.888 -1.773 -1.663 -1.543 -1.725 -1.439 -1.52 -2.031 -1.887 -1.582 -1.165 -0.793 -1.063 -1.214 -1.49 -1.844 -2.052 -2.283 -2.081 -1.867 -1.682 -1.864 -1.966 -1.827 -2.132 -1.983 -1.91
-0.916 -1.01 -0.99 -0.928 -0.776 -0.583 -0.463 -0.309 -0.156 -0.731 -1.243 -1.188 -1.614 -1.957 -2.04 -1.498 -1.805 -2.041 -1.795 -1.448 -1.489 -1.808 -2.086 -1.926 -1.788 -1.483 -1.092 -0.852 -0.88 -1.022 -1.234 -0.987 -1.115 -1.564 -1.666 -1.412 -1.281 -1.13 -1.198 -1.589 -1.782 -1.482 -1.48 -1.83 -1.561 -0.956 -0.839 -1.294 -1.728 -1.795 -1.824 -1.736 -1.703 -1.691 -1.47 -1.903 -1.927 -1.64 -1.391 -1.012 -0.79 -0.922 -1.163 -1.374 -1.667 -1.911 -2.337 -2.101 -1.978 -1.842 -2.111 -2.008 -1.997 -2.06 -1.832 -1.689
-0.939 -0.848 -0.754 -0.698 -0.595 -0.43 -0.295 -0.135 -0.098 -0.631 -1.311 -1.181 -1.306 -1.753 -2.026 -1.578 -1.939 -2.218 -1.814 -1.56 -1.672 -1.948 -1.772 -1.476 -1.119 -0.913 -0.857 -1.032 -1.346 -1.272 -1.595 -1.26 -1.187 -1.849 -1.691 -1.435 -1.353 -1.233 -1.173 -1.66 -1.926 -1.659 -1.813 -1.802 -1.435 -1.068 -0.9 -0.93 -1.194 -1.346 -1.546 -1.652 -1.72 -1.707 -1.771 -1.953 -1.687 -1.369 -1.183 -1.215 -0.929 -0.951 -1.196 -1.367 -1.597 -1.838 -2.183 -2.148 -2.24 -2.014 -2.105 -1.96 -2.006 -2.023 -1.846 -1.639
-1.263 -1 -0.772 -0.687 -0.699 -0.717 -0.595 -0.256 -0.065 -0.497 -1.209 -1.332 -1.185 -1.717 -2.056 -1.713 -2.005 -2.353 -2.011 -1.895 -1.899 -1.875 -1.537 -1.014 -1.022 -1.189 -1.126 -1.32 -1.61 -1.598 -1.812 -1.519 -1.137 -1.62 -1.702 -1.563 -1.565 -1.351 -1.301 -1.71 -1.974 -1.923 -1.917 -1.621 -1.244 -1.311 -1.338 -0.971 -0.935 -1.218 -1.464 -1.59 -1.666 -1.812 -1.837 -1.623 -1.407 -1.222 -1.425 -1.413 -1.127 -0.877 -1.185 -1.447 -1.611 -1.803 -2.027 -2.019 -2.131 -2.05 -2.102 -1.945 -1.801 -1.852 -1.754 -1.519
-1.329 -1.32 -1.21 -1.093 -1.099 -1.039 -0.785 -0.365 0.031 -0.336 -0.844 -1.219 -1.179 -1.701 -2.117 -2.085 -2.071 -1.936 -1.772 -1.692 -1.729 -1.583 -1.137 -1.255 -1.479 -1.343 -1.204 -1.381 -1.759 -1.706 -1.678 -1.555 -1.198 -1.554 -1.938 -1.783 -1.748 -1.441 -1.396 -1.581 -1.75 -1.838 -1.666 -1.386 -1.247 -1.634 -1.589 -1.069 -1.012 -1.185 -1.643 -1.785 -1.862 -1.849 -1.688 -1.628 -1.62 -1.466 -1.526 -1.656 -1.332 -0.95 -1.033 -1.362 -1.548 -1.769 -1.877 -1.88 -1.989 -1.891 -2.063 -2.101 -1.744 -1.593 -1.468 -1.284
-1.102 -1.245 -1.46 -1.293 -1.139 -0.976 -0.701 -0.309 0.084 -0.076 -0.409 -0.613 -1.013 -1.606 -1.933 -2.324 -2.051 -1.675 -1.703 -1.615 -1.369 -1.268 -1.425 -1.802 -1.647 -1.332 -1.232 -1.347 -1.542 -1.504 -1.641 -1.651 -1.302 -1.702 -2.034 -1.757 -1.575 -1.29 -1.191 -1.246 -1.433 -1.694 -1.564 -1.334 -1.462 -1.824 -1.545 -1.083 -1.143 -0.957 -1.402 -1.651 -1.795 -2.012 -1.993 -2.106 -2.111 -1.638 -1.767 -1.708 -1.397 -1.027 -1.016 -1.363 -1.701 -1.848 -1.796 -1.683 -1.865 -1.761 -1.928 -1.997 -1.937 -1.568 -1.221 -1.081
-0.772 -1.039 -1.443 -1.21 -0.896 -0.643 -0.405 -0.098 0.127 -0.02 -0.623 -0.726 -0.887 -1.359 -1.645 -1.928 -2.07 -2.007 -1.987 -1.843 -1.701 -1.728 -1.85 -1.745 -1.455 -1.21 -1.156 -1.155 -1.317 -1.629 -1.855 -1.607 -1.314 -1.772 -1.899 -1.539 -1.368 -1.251 -1.192 -1.062 -1.268 -1.492 -1.532 -1.434 -1.74 -1.946 -1.547 -1.105 -1.275 -1.017 -1.059 -1.212 -1.462 -1.748 -1.793 -2.035 -2.032 -1.686 -1.947 -1.728 -1.444 -1.146 -1.003 -1.309 -1.609 -1.591 -1.604 -1.486 -1.626 -1.548 -1.58 -1.579 -1.75 -1.427 -1.068 -1.038
-0.597 -0.956 -1.229 -1.066 -0.812 -0.419 -0.019 0.201 0.21 -0.108 -0.85 -1.304 -1.558 -1.488 -1.254 -1.616 -1.948 -2.107 -2.1 -2.112 -1.936 -1.905 -1.824 -1.634 -1.441 -1.207 -0.997 -0.959 -1.195 -1.727 -1.888 -1.632 -1.364 -1.849 -1.889 -1.622 -1.384 -1.21 -1.177 -1.027 -1.167 -1.191 -1.422 -1.691 -2.038 -1.943 -1.515 -1.121 -1.421 -1.14 -1.158 -1.145 -1.157 -1.339 -1.623 -1.843 -1.974 -1.875 -2.043 -1.859 -1.547 -1.333 -1.043 -1.109 -1.315 -1.283 -1.363 -1.443 -1.654 -1.679 -1.659 -1.523 -1.414 -1.195 -0.997 -1.089
-0.471 -0.862 -1.15 -0.949 -0.641 -0.389 -0.051 0.285 0.201 -0.363 -1.127 -1.608 -1.793 -1.396 -1.113 -1.151 -1.482 -1.671 -1.692 -2.035 -1.824 -1.481 -1.583 -1.731 -1.552 -1.289 -0.93 -0.812 -1.016 -1.472 -1.811 -1.602 -1.399 -1.851 -1.95 -1.623 -1.316 -0.905 -0.895 -1.013 -1.044 -1.059 -1.558 -1.895 -1.951 -1.667 -1.278 -1.231 -1.546 -1.045 -1.323 -1.485 -1.282 -1.166 -1.34 -1.608 -1.869 -1.926 -2.004 -1.835 -1.602 -1.297 -1.156 -1.07 -1.196 -1.265 -1.455 -1.558 -1.821 -1.946 -1.859 -1.685 -1.388 -1.054 -0.97 -1.147
-0.311 -0.764 -1.136 -0.954 -0.647 -0.368 -0.077 0.249 0.241 -0.407 -1.251 -1.41 -1.759 -1.483 -1.203 -0.88 -0.868 -1.108 -1.323 -1.821 -1.831 -1.386 -1.351 -1.712 -1.505 -1.27 -0.96 -0.746 -0.854 -1.061 -1.59 -1.586 -1.67 -1.955 -1.798 -1.407 -1.152 -0.776 -0.71 -0.972 -0.884 -0.964 -1.479 -1.862 -1.749 -1.546 -1.144 -1.283 -1.558 -1.04 -1.349 -1.687 -1.478 -1.397 -1.23 -1.274 -1.456 -1.566 -1.762 -1.748 -1.525 -1.332 -1.322 -1.154 -1.443 -1.549 -1.713 -1.711 -2.001 -2.032 -1.774 -1.428 -1.108 -0.969 -1.043 -1.31
-0.045 -0.481 -0.937 -1.1 -0.864 -0.513 -0.135 0.165 0.285 -0.271 -0.824 -1.038 -1.562 -1.511 -1.261 -0.935 -0.583 -0.906 -1.438 -1.937 -1.743 -1.241 -1.342 -1.63 -1.479 -1.29 -0.999 -0.731 -0.752 -0.895 -1.442 -1.76 -1.822 -1.733 -1.527 -1.333 -1.072 -0.7 -0.484 -0.834 -0.751 -0.961 -1.543 -1.925 -1.705 -1.533 -1.094 -1.299 -1.551 -1.044 -1.39 -1.788 -1.626 -1.627 -1.391 -1.178 -1.438 -1.386 -1.535 -1.76 -1.516 -1.486 -1.402 -1.235 -1.477 -1.697 -1.837 -1.783 -1.777 -1.567 -1.285 -1.028 -0.972 -1.092 -1.294 -1.548
0.196 -0.163 -0.65 -1.082 -1.15 -0.804 -0.357 0.042 0.304 0.087 -0.325 -0.702 -1.235 -1.293 -1.15 -0.83 -0.491 -0.728 -1.53 -1.997 -1.569 -1.024 -1.145 -1.259 -1.233 -1.252 -1.048 -0.705 -0.659 -0.621 -1.026 -1.461 -1.521 -1.52 -1.283 -1.086 -0.822 -0.718 -0.489 -0.681 -0.698 -0.951 -1.355 -1.703 -1.727 -1.438 -1.018 -1.395 -1.552 -1.11 -1.304 -1.724 -1.8 -1.743 -1.394 -1.267 -1.714 -1.578 -1.43 -1.734 -1.677 -1.584 -1.359 -1.388 -1.601 -1.772 -1.667 -1.474 -1.283 -1.05 -0.962 -0.982 -1.103 -1.403 -1.614 -1.816
0.161 0.141 -0.281 -0.713 -1.103 -1.037 -0.644 -0.26 0.065 0.341 0.189 -0.219 -0.837 -0.812 -0.644 -0.434 -0.341 -0.651 -1.38 -1.829 -1.544 -1.013 -0.763 -0.897 -1.171 -1.376 -1.141 -0.71 -0.427 -0.314 -0.568 -1.161 -1.608 -1.499 -1.196 -1.025 -1.033 -1.047 -0.582 -0.511 -0.771 -0.959 -1.143 -1.532 -1.611 -1.31 -1.022 -1.528 -1.63 -1.298 -1.117 -1.391 -1.793 -1.746 -1.409 -1.298 -1.75 -1.826 -1.498 -1.7 -1.729 -1.524 -1.429 -1.611 -1.785 -1.716 -1.473 -1.191 -1.017 -0.931 -0.976 -1.049 -1.336 -1.637 -1.782 -2.07
0.012 0.277 0.097 -0.33 -0.788 -1.047 -0.877 -0.596 -0.308 0.113 0.412 0.222 -0.415 -0.326 -0.246 -0.431 -0.631 -0.701 -0.983 -1.351 -1.599 -1.162 -0.741 -0.726 -1.326 -1.45 -1.118 -0.937 -0.683 -0.392 -0.265 -0.676 -1.478 -1.733 -1.568 -1.325 -1.214 -1.067 -0.577 -0.376 -0.809 -1.014 -1.291 -1.624 -1.648 -1.356 -1.045 -1.524 -1.749 -1.494 -1.233 -1.183 -1.683 -1.787 -1.482 -1.328 -1.711 -1.934 -1.709 -1.857 -1.716 -1.521 -1.544 -1.673 -1.732 -1.419 -1.161 -0.986 -0.925 -0.981 -1.137 -1.186 -1.307 -1.745 -1.911 -2.243
-0.051 0.256 0.39 -0.022 -0.455 -0.789 -0.984 -0.849 -0.518 -0.051 0.401 0.448 -0.002 -0.15 -0.45 -0.547 -0.876 -1.079 -1.214 -1.307 -1.583 -1.246 -0.707 -0.643 -1.262 -1.442 -1.392 -1.271 -1.016 -0.517 -0.11 -0.295 -1.05 -1.2 -1.571 -1.364 -1.129 -0.9 -0.612 -0.205 -0.543 -0.756 -1.142 -1.497 -1.535 -1.42 -1.132 -1.375 -1.807 -1.652 -1.444 -1.14 -1.563 -1.794 -1.55 -1.498 -1.803 -1.963 -1.832 -1.869 -1.656 -1.408 -1.371 -1.317 -1.204 -1.009 -0.929 -0.988 -1.136 -1.322 -1.25 -1.398 -1.215 -1.549 -1.838 -2.266
-0.318 0.07 0.423 0.318 -0.095 -0.478 -0.805 -0.944 -0.621 -0.137 0.405 0.554 0.166 -0.405 -0.838 -0.865 -0.783 -0.978 -1.299 -1.541 -1.563 -1.212 -0.677 -0.596 -1.014 -1.191 -1.186 -1.191 -0.752 -0.35 0.043 -0.085 -0.704 -1.138 -1.563 -1.277 -1.058 -1.003 -0.807 -0.262 -0.264 -0.606 -0.858 -1.099 -1.294 -1.537 -1.366 -1.326 -1.77 -1.792 -1.484 -1.157 -1.495 -1.796 -1.655 -1.661 -1.933 -1.882 -1.617 -1.389 -1.268 -1.048 -0.998 -0.848 -0.684 -0.771 -0.918 -1.14 -1.537 -1.673 -1.366 -1.481 -1.291 -1.418 -1.784 -2.19
-0.367 -0.314 0.107 0.517 0.32 -0.132 -0.427 -0.82 -0.673 -0.181 0.368 0.601 0.207 -0.488 -0.886 -1.07 -1.114 -1.136 -1.255 -1.619 -1.55 -1.051 -0.581 -0.67 -0.868 -1.012 -1.226 -1.222 -0.831 -0.374 0.114 0.043 -0.57 -1.372 -1.678 -1.372 -1.271 -1.148 -0.87 -0.293 -0.263 -0.855 -1.12 -1.188 -1.367 -1.71 -1.586 -1.377 -1.769 -1.761 -1.352 -1.32 -1.404 -1.625 -1.781 -1.809 -1.93 -1.74 -1.567 -1.366 -1.244 -1.369 -1.274 -0.737 -0.659 -1.077 -1.095 -1.099 -1.717 -1.909 -1.531 -1.479 -1.469 -1.263 -1.699 -2.19
-0.738 -0.798 -0.284 0.316 0.543 0.277 0.021 -0.41 -0.595 -0.148 0.418 0.615 0.259 -0.078 -0.274 -0.488 -0.703 -0.922 -1.28 -1.628 -1.235 -0.783 -0.379 -0.781 -1.233 -1.419 -1.524 -1.249 -0.882 -0.395 0.145 0.139 -0.491 -1.267 -1.774 -1.55 -1.442 -1.311 -0.977 -0.321 -0.153 -0.775 -1.244 -1.431 -1.57 -1.863 -1.593 -1.518 -1.856 -1.644 -1.481 -1.532 -1.655 -1.559 -1.731 -1.882 -1.722 -1.818 -1.908 -1.567 -1.397 -1.254 -1.106 -0.629 -0.708 -1.266 -1.381 -1.105 -1.573 -1.953 -1.669 -1.478 -1.669 -1.355 -1.575 -2.194
-1.17 -0.845 -0.347 -0.227 0.241 0.532 0.489 0.097 -0.289 -0.117 0.491 0.584 0.067 -0.176 -0.105 -0.104 -0.266 -0.516 -0.673 -1.001 -1.171 -0.754 -0.301 -0.605 -0.954 -1.287 -1.434 -1.083 -0.626 -0.171 0.271 0.042 -0.52 -1.256 -1.749 -1.42 -1.263 -1.378 -1.015 -0.492 -0.037 -0.455 -0.833 -1.075 -1.266 -1.697 -1.63 -1.598 -1.646 -1.63 -1.809 -1.708 -1.84 -1.754 -1.863 -1.751 -1.665 -1.582 -1.568 -1.401 -1.155 -0.797 -0.671 -0.501 -0.789 -1.406 -1.627 -1.232 -1.379 -1.918 -1.782 -1.516 -1.897 -1.593 -1.524 -2.055
-1.194 -0.862 -0.855 -0.637 -0.16 0.175 0.614 0.602 0.272 0.127 0.596 0.446 -0.099 -0.719 -0.625 -0.647 -0.54 -0.516 -0.923 -0.956 -1.123 -0.718 -0.222 -0.428 -0.939 -1.317 -1.354 -1 -0.533 0.089 0.394 -0.177 -0.604 -1.202 -1.617 -1.403 -1.153 -1.162 -1.058 -0.576 0.001 -0.121 -0.595 -0.841 -1.06 -1.404 -1.417 -1.179 -1.092 -1.327 -1.76 -1.536 -1.361 -1.397 -1.334 -1.168 -1.115 -0.958 -0.938 -0.827 -0.587 -0.404 -0.308 -0.488 -0.996 -1.57 -1.717 -1.337 -1.484 -1.826 -1.964 -1.679 -2.038 -1.852 -1.643 -2.097
-1.353 -1.255 -0.96 -0.673 -0.624 -0.341 0.198 0.491 0.672 0.636 0.716 0.405 -0.295 -0.915 -1.024 -0.954 -0.767 -0.669 -1.102 -1.178 -1.167 -0.733 -0.185 -0.452 -0.818 -1.14 -1.142 -0.826 -0.373 0.23 0.401 -0.113 -0.427 -0.931 -1.323 -1.456 -1.213 -0.814 -0.702 -0.577 -0.019 0.125 -0.543 -1.037 -1.166 -0.959 -0.921 -0.772 -0.714 -1.262 -1.13 -0.998 -0.748 -0.798 -0.737 -0.681 -0.458 -0.358 -0.354 -0.266 -0.158 -0.191 -0.459 -0.663 -1.294 -1.82 -1.641 -1.44 -1.838 -1.725 -1.921 -1.944 -2.047 -2.143 -1.913 -2.037
-1.01 -1.234 -1.059 -0.984 -0.911 -0.514 0.071 0.016 0.22 0.667 0.744 0.483 -0.337 -0.73 -1.112 -1.082 -0.965 -1.043 -1.251 -1.431 -1.131 -0.64 -0.08 -0.534 -0.918 -1.119 -0.887 -0.621 -0.187 0.392 0.333 -0.185 -0.418 -0.57 -0.973 -1.35 -1.177 -0.588 -0.342 -0.236 0.075 0.377 -0.262 -0.749 -0.59 -0.367 -0.327 -0.301 -0.565 -0.765 -0.526 -0.511 -0.234 -0.23 -0.153 -0.158 0.015 -0.055 -0.091 -0.162 -0.311 -0.589 -0.955 -0.999 -1.595 -2 -1.636 -1.523 -2.002 -1.816 -1.527 -1.912 -2.15 -2.203 -1.701 -1.571
-0.491 -0.918 -1.271 -0.901 -0.629 -0.149 -0.073 -0.455 -0.158 0.472 0.752 0.628 -0.306 -0.9 -1.167 -1.142 -1.14 -1.271 -1.486 -1.287 -0.883 -0.441 -0.015 -0.505 -0.93 -1.19 -0.93 -0.661 -0.028 0.579 0.129 -0.374 -0.744 -0.691 -0.762 -1.249 -1.004 -0.618 -0.636 -0.413 0.019 0.495 0.112 -0.205 0.203 0.328 0.277 0.132 -0.076 0.019 0.054 0.073 0.181 0.188 0.112 0.085 -0.031 -0.296 -0.438 -0.646 -0.895 -1.254 -1.287 -1.247 -1.626 -1.938 -1.679 -1.545 -1.872 -1.75 -1.415 -1.469 -1.732 -1.683 -1.407 -1.232
-0.663 -0.897 -0.947 -0.492 -0.225 -0.145 -0.481 -0.689 -0.315 0.283 0.717 0.743 -0.042 -0.728 -0.728 -0.748 -0.836 -1.068 -1.341 -1.048 -0.667 -0.304 0.057 -0.465 -0.845 -1.158 -0.746 -0.411 0.29 0.622 0.12 -0.195 -0.613 -0.858 -0.903 -1.061 -1.038 -0.89 -0.938 -0.467 0.077 0.5 0.461 0.372 0.662 0.7 0.663 0.573 0.464 0.376 0.329 0.288 0.157 0.018 -0.157 -0.312 -0.298 -0.443 -0.6 -0.909 -1.309 -1.685 -1.429 -1.314 -1.65 -1.881 -1.757 -1.607 -1.921 -1.74 -1.404 -1.121 -1.211 -1.085 -0.897 -0.867
-1.103 -1.12 -0.743 -0.624 -0.5 -0.491 -0.823 -0.614 -0.185 0.185 0.642 0.788 0.186 -0.424 -0.327 -0.643 -0.779 -1.056 -1.285 -1.071 -0.732 -0.294 0.117 -0.431 -0.982 -1.186 -0.69 -0.096 0.554 0.515 -0.024 -0.363 -0.321 -0.639 -1.12 -1.203 -1.025 -0.865 -0.867 -0.453 -0.12 0.259 0.694 0.812 0.716 0.418 0.345 0.387 0.218 0.06 -0.122 -0.144 -0.234 -0.334 -0.55 -0.839 -0.82 -0.627 -0.735 -0.814 -1.274 -1.721 -1.456 -1.419 -1.847 -2.122 -1.831 -1.68 -1.945 -1.913 -1.511 -1.059 -0.783 -0.863 -0.996 -0.792
