data/climatemaps/RS_maps/climate_breeding_tmp_2006.asc
NCOLS 369 
NROWS 228 
XLLCORNER 479000 
YLLCORNER 73000 
CELLSIZE 1000 
NODATA_value -9 
[rows 68 to 101 of 228, columns 231 to 307 of 369]
1.01 1.013 1.011 1.006 0.999 1.001 0.948 0.931 0.898 0.848 0.742 0.528 0.361 0.228 0.154 0.027 0.051 0.194 0.404 0.196 0.376 0.539 0.601 0.506 0.353 0.05 -0.318 -0.216 -0.042 -0.334 -0.574 -0.663 -0.379 -0.233 -0.995 -1.187 -0.872 -0.857 -0.726 -0.137 0.313 0.668 0.985 1.058 1.073 1.073 1.065 0.982 0.929 0.919 1.037 1.064 0.942 0.905 1.009 1.027 1.017 1.022 1.038 0.975 -9 -9 -9 -9 -9 -9 -9 -9 -9 -9 -9 -9 -9 -9 -9 -9 -9
1.044 1.054 1.05 1.044 1.055 1.08 1.073 1.046 0.995 0.947 0.87 0.719 0.523 0.414 0.248 -0.019 -0.134 0.039 0.393 0.153 0.187 0.409 0.57 0.571 0.416 0.049 -0.31 -0.339 -0.41 -0.672 -0.593 -0.289 0.093 -0.178 -0.6 -0.49 -0.545 -0.581 -0.209 0.169 0.493 0.813 1.019 1.061 1.073 1.072 1.052 0.974 0.985 1.049 1.07 0.95 0.588 0.52 0.772 0.924 1.017 1.048 1.054 1.043 -9 -9 -9 -9 -9 -9 -9 -9 -9 -9 -9 -9 -9 -9 -9 -9 -9
1.086 1.107 1.093 1.066 1.069 1.084 1.098 1.095 1.08 1.046 0.986 0.857 0.639 0.401 0.296 -0.024 -0.154 0.041 0.247 -0.087 0.005 0.178 0.274 0.382 0.428 0.171 -0.162 -0.597 -0.356 -0.226 -0.18 0.037 0.077 -0.124 -0.126 -0.137 -0.17 -0.051 -0.007 0.247 0.582 0.916 1.032 1.061 1.073 1.07 1.066 1.057 1.07 1.068 0.948 0.549 0.114 0.297 0.662 0.671 0.817 0.943 1.024 1.044 -9 -9 -9 -9 -9 -9 -9 -9 -9 -9 -9 -9 -9 -9 -9 -9 -9
1.085 1.007 0.986 1.016 1.06 1.085 1.098 1.098 1.092 1.07 1.053 0.978 0.684 0.327 0.225 0.081 -0.198 -0.061 -0.131 -0.218 0.019 -0.123 -0.032 0.233 0.409 0.39 -0.125 -0.375 -0.266 -0.059 0.077 0.234 0.211 0.144 0.127 0.179 0.19 0.206 0.25 0.413 0.693 0.972 1.044 1.065 1.071 1.071 1.075 1.084 1.085 1.019 0.657 0.084 -0.138 0.394 0.527 0.313 0.452 0.671 0.862 -9 -9 -9 -9 -9 -9 -9 -9 -9 -9 -9 -9 -9 -9 -9 -9 -9 -9
1.042 0.949 0.955 1.034 1.096 1.098 1.098 1.098 1.082 1.005 1.067 1 0.811 0.404 0.094 0.136 -0.19 -0.328 -0.445 -0.287 -0.085 0.123 0.281 0.259 0.317 0.436 0.099 -0.015 0.042 0.281 0.303 0.288 0.191 0.134 0.057 0.05 0.087 0.172 0.304 0.507 0.747 0.986 1.049 1.067 1.068 1.071 1.077 1.084 1.06 0.778 0.311 -0.334 -0.122 0.409 0.387 -0.043 0.085 0.481 0.709 -9 -9 -9 -9 -9 -9 -9 -9 -9 -9 -9 -9 -9 -9 -9 -9 -9 -9
1.061 1.045 1.049 1.044 1.095 1.095 1.095 1.094 1.021 0.948 1.075 1.046 0.939 0.534 0.13 -0.201 -0.252 -0.627 -0.443 -0.14 0.008 0.077 0.07 -0.184 -0.004 0.042 0.316 0.327 0.287 0.128 -0.034 -0.058 -0.094 -0.103 -0.229 -0.242 -0.203 -0.105 0.113 0.399 0.692 0.959 1.048 1.071 1.072 1.071 1.075 1.068 0.952 0.491 -0.07 -0.604 -0.206 0.398 0.046 -0.436 -0.244 0.173 0.326 -9 -9 -9 -9 -9 -9 -9 -9 -9 -9 -9 -9 -9 -9 -9 -9 -9 -9
1.064 1.064 1.073 1.074 1.092 1.09 1.09 1.088 1.026 1.016 1.078 1.071 1.002 0.653 0.181 -0.424 -0.493 -0.575 -0.516 -0.331 -0.14 -0.234 -0.215 -0.284 -0.32 -0.149 0.058 0.001 -0.103 -0.326 -0.341 -0.377 -0.488 -0.481 -0.567 -0.46 -0.262 -0.117 0.134 0.36 0.553 0.845 1.026 1.066 1.073 1.068 1.073 1.036 0.852 0.286 -0.558 -0.868 -0.303 0.334 -0.327 -0.696 -0.216 -0.133 -0.24 0.188 0.552 0.314 0.339 -9 -9 -9 -9 -9 -9 -9 -9 -9 -9 -9 -9 -9 -9
1.013 1.024 1.034 1.013 1.022 1.031 1.06 1.072 1.076 1.074 1.078 1.078 1.019 0.58 -0.111 -0.501 -0.312 -0.327 -0.595 -0.451 -0.252 -0.333 -0.451 -0.408 -0.286 -0.104 -0.274 -0.545 -0.534 -0.552 -0.582 -0.732 -0.927 -0.843 -0.802 -0.541 -0.166 -0.011 0.001 0.004 0.288 0.628 0.747 0.97 1.07 1.072 1.073 0.969 0.704 0.037 -0.749 -0.484 0.087 0.055 -0.36 -0.773 -0.37 -0.356 -0.347 -0.123 0.372 0.095 -0.228 -0.402 -0.114 0.291 0.514 -9 -9 -9 -9 -9 -9 -9 -9 -9 -9
0.825 0.688 0.622 0.581 0.569 0.731 0.918 0.994 1.065 1.074 1.073 1.072 0.988 0.37 -0.384 -0.34 0.027 -0.283 -0.188 -0.028 -0.026 -0.223 -0.274 -0.432 -0.365 -0.452 -0.703 -0.857 -0.838 -0.846 -0.882 -1.111 -1.137 -0.955 -0.73 -0.406 -0.061 -0.254 -0.584 -0.24 -0.015 0.179 0.469 0.859 1.062 1.073 1.073 0.968 0.675 0.009 -0.664 -0.32 0.109 -0.407 -0.683 -0.901 -0.582 -0.424 -0.497 -0.285 0.247 0.069 -0.361 -0.599 -0.277 0.045 0.276 0.606 0.797 0.947 -9 -9 -9 -9 -9 -9 -9
0.723 0.274 0.138 0.156 0.124 0.152 0.44 0.55 0.71 0.983 1.066 1.067 0.948 0.274 -0.082 0.208 0.405 0.028 0.273 0.288 0.07 -0.091 -0.179 -0.494 -0.686 -0.823 -0.824 -0.738 -0.674 -0.562 -0.471 -0.734 -0.914 -0.856 -0.719 -0.583 -0.407 -0.743 -0.95 -0.684 -0.401 -0.07 0.399 0.741 0.972 1.073 1.073 1.029 0.613 -0.231 -0.718 -0.337 0.031 -0.311 -0.645 -0.809 -0.576 -0.615 -0.539 -0.152 0.043 -0.213 -0.535 -0.57 -0.381 -0.102 0.214 0.577 0.571 0.772 0.86 0.889 0.888 0.679 -9 -9 -9
0.716 0.554 0.34 0.135 -0.116 -0.164 -0.008 0.097 0.253 0.611 0.965 1.053 0.95 0.6 0.373 0.659 0.795 0.587 0.693 0.618 0.372 0.225 0.058 -0.177 -0.271 -0.266 -0.225 -0.075 -0.022 0.137 0.333 0.251 -0.047 -0.273 -0.387 -0.836 -1.033 -1.183 -1.095 -0.892 -0.54 0.021 0.279 0.54 0.921 1.073 1.073 1.066 0.695 -0.043 -0.445 -0.074 -0.276 -0.586 -0.45 -0.725 -0.786 -0.671 -0.144 -0.099 -0.36 -0.526 -0.776 -0.53 -0.446 -0.321 0.181 0.472 0.028 0.292 0.19 0.311 0.896 0.725 0.098 -0.362 -0.408
0.664 0.5 0.454 0.271 0.022 -0.215 -0.18 -0.107 -0.171 0.027 0.549 0.926 1.039 0.934 0.888 0.982 1.031 1.04 1.005 0.971 0.905 0.833 0.737 0.689 0.73 0.736 0.735 0.758 0.732 0.799 0.884 0.897 0.768 0.43 0.012 -0.753 -0.687 -0.901 -1.228 -0.768 -0.287 -0.32 0.036 0.474 0.937 1.071 1.073 1.073 0.871 0.278 -0.134 -0.095 -0.573 -0.865 -0.589 -0.763 -0.889 -0.447 -0.041 -0.538 -0.662 -0.862 -0.762 -0.341 -0.107 0.046 0.334 0.045 -0.525 -0.329 -0.393 -0.288 0.458 0.826 0.579 0.024 -0.347
0.548 0.382 0.236 0.211 0.091 -0.25 -0.314 -0.239 -0.189 -0.029 0.253 0.709 1.022 1.046 1.053 1.043 0.951 0.831 0.832 0.937 1.011 1.062 1.066 1.062 1.057 1.055 1.057 1.061 1.05 1.061 1.067 1.068 1.052 0.954 0.499 -0.27 -0.294 -0.454 -0.853 -0.903 -0.628 -0.635 -0.058 0.48 0.809 1.036 1.073 1.072 0.986 0.527 0.113 -0.143 -0.463 -0.599 -0.662 -0.965 -0.854 -0.311 -0.168 -0.898 -0.908 -0.835 -0.564 -0.299 0.151 0.29 -0.197 -0.009 -0.858 -0.878 -0.858 -0.45 0.429 0.848 0.742 0.174 -0.169
0.509 0.48 0.212 -0.034 0.013 -0.364 -0.387 -0.258 -0.254 -0.232 -0.022 0.474 0.953 1.046 0.977 0.768 0.547 0.418 0.448 0.54 0.719 0.872 0.949 0.975 0.998 1.025 1.033 1.024 0.957 1.028 1.023 0.912 1.071 1.077 1.002 0.309 -0.029 -0.351 -0.583 -1.034 -0.993 -0.595 -0.077 0.402 0.699 0.933 1.067 1.07 1.001 0.633 0.166 -0.298 -0.247 -0.499 -0.561 -0.96 -0.725 -0.195 -0.291 -0.88 -0.961 -0.734 -0.493 -0.184 0.28 -0.05 -0.564 -0.47 -0.792 -1.244 -0.81 -0.067 0.419 0.822 0.758 0.314 -0.008
0.218 0.402 0.281 -0.091 -0.094 -0.328 -0.472 -0.319 -0.217 -0.196 -0.091 0.159 0.797 1.034 0.799 0.361 -0.006 -0.025 0.079 0.18 0.419 0.432 0.57 0.536 0.751 0.626 0.72 0.791 0.702 0.555 0.473 0.533 0.722 0.994 1.06 0.827 0.135 -0.389 -0.561 -0.77 -1.036 -0.664 -0.175 0.39 0.727 0.875 1.056 1.07 1.028 0.657 0.067 -0.537 -0.287 -0.684 -0.618 -0.777 -0.629 -0.11 -0.355 -0.807 -1.066 -0.695 -0.28 0 0.223 -0.533 -1.004 -0.931 -1.09 -1.068 -0.508 -0.108 0.352 0.743 0.841 0.683 0.461
0.072 0.368 0.372 0.073 -0.345 -0.488 -0.475 -0.34 -0.192 0.02 0.116 0.288 0.759 1.026 0.829 0.3 -0.261 -0.451 -0.155 -0.265 0.101 -0.149 0.039 0.098 0.544 0.059 0.147 0.328 0.347 -0.068 0.008 0.206 0.51 0.884 1.042 1.023 0.691 0.165 -0.432 -0.521 -0.712 -0.476 -0.039 0.422 0.783 0.948 1.061 1.068 0.994 0.511 -0.041 -0.65 -0.441 -0.667 -0.929 -0.925 -0.681 -0.127 -0.423 -0.884 -0.951 -0.561 -0.573 -0.509 0.071 -0.72 -1.347 -1.096 -0.946 -0.62 -0.442 -0.147 0.209 0.45 0.684 0.713 0.715
0.03 0.249 0.427 0.13 -0.559 -0.672 -0.503 -0.132 0.065 0.178 0.215 0.179 0.816 1.023 0.905 0.351 -0.079 -0.513 -0.135 -0.78 -0.332 -0.6 -0.489 0.113 0.149 -0.382 -0.437 -0.209 -0.243 -0.344 -0.256 -0.049 0.343 0.659 0.901 1.002 0.995 0.745 0.109 -0.25 -0.611 -0.34 0.082 0.539 0.892 1.033 1.068 1.063 0.832 0.258 -0.382 -0.857 -0.604 -0.537 -1.032 -1.081 -0.613 -0.298 -0.483 -0.755 -0.998 -0.747 -0.935 -0.402 -0.106 -0.621 -1.233 -0.829 -0.52 -0.357 -0.355 -0.215 -0.243 -0.056 0.313 0.458 0.678
-0.098 0.212 0.43 0.084 -0.389 -0.779 -0.547 0.002 -0.019 -0.139 -0.232 -0.181 0.862 0.959 0.586 0.151 -0.104 -0.476 -0.327 -1.09 -0.635 -0.768 -0.685 -0.009 -0.457 -0.69 -0.78 -0.669 -0.653 -0.597 -0.405 -0.002 0.268 0.36 0.578 0.745 0.935 1.013 0.812 0.184 -0.472 -0.41 0.099 0.671 0.977 1.063 1.068 0.995 0.332 -0.188 -0.3 -0.871 -0.973 -0.646 -0.957 -0.929 -0.559 -0.815 -0.827 -0.95 -1.413 -1.347 -1.141 -0.628 -0.692 -0.517 -1.044 -0.856 -0.572 -0.559 -0.798 -0.676 -0.648 -0.319 0.123 0.171 0.363
-0.141 0.249 0.306 -0.204 -0.573 -0.763 -0.236 -0.252 -0.537 -0.743 -0.949 -0.154 0.933 0.838 0.265 -0.19 -0.589 -0.644 -0.538 -1.154 -0.779 -0.534 -0.478 -0.095 -0.75 -1.061 -0.978 -0.885 -0.802 -0.606 -0.22 0.101 -0.109 -0.112 0.178 0.435 0.648 0.928 1.021 0.755 0.242 -0.027 0.398 0.893 1.036 1.067 1.068 0.958 0.058 -0.549 -0.564 -0.67 -1.139 -1.047 -1.372 -1.156 -0.884 -1.221 -1.171 -1.477 -1.784 -1.732 -1.615 -1.266 -1.342 -0.836 -1.028 -1.009 -0.865 -0.609 -0.967 -0.884 -0.607 -0.206 -0.124 -0.248 0.055
-0.433 0.157 -0.039 -0.504 -0.829 -0.557 -0.336 -0.688 -0.893 -0.995 -0.948 0.265 0.966 0.729 0.291 -0.232 -0.709 -0.838 -0.844 -0.858 -0.683 -0.846 -0.822 -0.222 -0.825 -1.212 -1.011 -0.758 -0.528 -0.3 0.014 -0.207 -0.613 -0.496 -0.2 0.107 0.383 0.619 0.88 0.981 0.892 0.691 0.883 1.038 1.02 0.955 0.943 0.934 0.281 -0.344 -0.927 -1.164 -1.323 -1.358 -1.102 -1.245 -1.229 -1.203 -0.958 -1.035 -1.326 -1.605 -1.748 -1.516 -1.222 -0.919 -1.073 -1.219 -0.985 -0.789 -1.047 -0.96 -0.468 -0.18 -0.554 -0.697 -0.222
-0.385 0.015 -0.299 -0.747 -1.019 -0.624 -0.768 -0.933 -0.888 -0.669 -0.073 0.59 0.931 0.839 0.325 -0.203 -0.784 -1.139 -1.089 -0.811 -0.945 -1.065 -0.763 -0.415 -0.938 -1.202 -0.914 -0.693 -0.326 -0.073 -0.143 -0.71 -0.882 -0.656 -0.401 -0.154 0.146 0.328 0.571 0.836 1.022 1.012 1.044 1.057 1.038 0.819 0.57 0.855 0.677 -0.078 -0.966 -1.224 -1.057 -1.004 -0.861 -0.724 -0.774 -0.778 -0.535 -0.576 -0.763 -0.954 -1.241 -1.236 -1.072 -1.065 -1.197 -1.168 -1.08 -1.052 -0.956 -0.821 -0.475 -0.416 -0.903 -0.768 -0.348
-0.393 -0.514 -0.759 -0.989 -0.956 -0.709 -0.759 -0.594 -0.336 0.166 0.511 0.737 0.862 0.93 0.69 -0.034 -0.848 -1.162 -1.267 -1.08 -0.973 -0.908 -0.768 -0.916 -1.148 -1.214 -1.02 -0.911 -0.546 -0.185 -0.407 -1.1 -0.927 -0.598 -0.483 -0.418 -0.124 0.194 0.488 0.648 0.939 1.044 1.054 1.055 1.062 1.044 0.805 0.555 0.733 0.485 -0.028 -0.482 -1.064 -0.818 -0.611 -0.456 -0.314 -0.159 -0.27 -0.399 -0.481 -0.669 -0.81 -0.952 -1.025 -1.085 -0.982 -0.833 -1.031 -1.361 -1.123 -0.748 -0.623 -0.751 -1.135 -0.937 -0.661
-0.599 -0.734 -0.7 -0.456 -0.422 -0.486 -0.397 0.114 0.328 0.323 0.284 0.522 0.655 0.896 0.939 0.462 -0.415 -0.91 -1.344 -1.282 -0.953 -1.123 -1.173 -1.16 -1.186 -1.348 -1.263 -1.128 -0.739 -0.317 -0.679 -1.193 -0.817 -0.766 -0.737 -0.605 -0.266 0.316 0.199 0.245 0.752 0.967 1.044 1.06 1.063 1.064 1.06 0.953 0.756 0.675 0.264 -0.189 -0.798 -0.864 -0.814 -0.742 -0.505 -0.064 -0.013 -0.213 -0.375 -0.727 -0.94 -0.844 -0.863 -0.934 -0.599 -0.554 -0.908 -1.189 -1.345 -1.102 -1.177 -1.371 -1.184 -1.119 -0.951
-0.423 -0.346 0.036 0.221 0.256 0.22 0.234 0.37 0.28 -0.022 -0.114 -0.346 0.022 0.682 0.912 0.669 -0.188 -0.844 -1.226 -1.387 -1.078 -1.166 -1.227 -0.966 -1.063 -1.396 -1.393 -1.202 -0.75 -0.647 -0.96 -1.134 -0.958 -1.002 -0.89 -0.655 -0.024 0.369 -0.156 -0.148 0.427 0.65 0.825 0.924 1.021 1.058 1.061 1.034 0.93 0.839 0.506 0.189 -0.447 -0.795 -1.071 -0.928 -0.596 -0.048 0.187 -0.247 -0.56 -0.929 -0.862 -0.508 -0.568 -0.63 -0.328 -0.293 -0.645 -0.817 -1.028 -1.257 -1.517 -1.129 -1.074 -1.276 -1.201
-0.103 -0.053 0.289 0.222 0.088 0.15 0.092 -0.37 -0.7 -0.848 -0.907 -0.96 -0.194 0.574 0.86 0.699 -0.128 -0.712 -0.967 -1.29 -0.954 -0.708 -0.867 -0.681 -1.059 -1.28 -1.215 -1.222 -1.056 -1.134 -1.193 -1.256 -1.153 -1.039 -0.713 -0.244 0.304 -0.073 -0.464 -0.43 0.053 0.3 0.33 0.464 0.619 0.904 1.034 1.052 1.027 0.975 0.761 0.456 -0.072 -0.517 -0.971 -0.761 -0.365 0.092 0.306 -0.085 -0.478 -0.835 -0.536 -0.073 -0.33 -0.266 0.035 -0.176 -0.432 -0.79 -1.206 -1.118 -1.05 -0.819 -0.988 -1.343 -1.325
-0.529 -0.649 0.007 -0.309 -0.828 -0.801 -0.937 -1.397 -1.732 -1.61 -1.393 -0.643 0.096 0.621 0.861 0.647 0.071 -0.162 -0.487 -0.939 -0.641 -0.274 -0.547 -0.736 -1.178 -0.876 -0.933 -1.331 -1.315 -1.351 -1.23 -1.105 -1.018 -0.825 -0.537 0.169 0.14 -0.464 -0.878 -0.698 -0.231 0.006 -0.176 0.003 0.152 0.559 0.895 1.018 1.066 1.039 0.942 0.745 0.318 -0.05 -0.417 -0.325 -0.032 0.323 0.436 0.029 -0.263 -0.433 -0.231 0.219 -0.153 0.12 0.034 -0.394 -0.661 -0.786 -1.109 -1.083 -0.801 -0.576 -0.785 -1.168 -1.183
-1.02 -1.096 -0.558 -0.299 -0.723 -0.982 -1.45 -1.719 -1.872 -1.522 -1.058 -0.486 0.221 0.75 0.87 0.706 0.445 0.426 0.213 -0.228 -0.163 -0.224 -0.762 -1.123 -1.208 -0.552 -0.851 -1.385 -1.112 -1.147 -1.313 -0.77 -0.44 -0.284 0.022 0.202 -0.146 -0.59 -1.173 -1.028 -0.454 -0.487 -0.621 -0.388 -0.086 0.495 0.71 0.791 1.017 1.067 1.038 0.945 0.705 0.341 0.051 0.141 0.297 0.58 0.53 0.33 0.178 0.005 0.19 0.406 0.295 0.399 0.208 -0.105 -0.249 -0.578 -1.087 -0.932 -0.561 -0.65 -0.905 -1.164 -1.158
-1.248 -1.282 -0.968 -0.565 -0.391 -0.818 -1.346 -1.654 -1.548 -0.831 -0.564 -0.152 0.509 0.853 0.662 0.52 0.006 0.004 0.35 0.39 0.278 -0.192 -0.824 -1.18 -1.117 -0.415 -0.753 -1.261 -0.728 -0.936 -0.98 -0.506 -0.038 0.09 0.13 -0.096 -0.568 -0.751 -1.376 -1.299 -0.917 -0.943 -0.922 -0.63 -0.122 0.563 0.44 0.368 0.747 1.004 1.065 1.028 0.961 0.679 0.434 0.477 0.674 0.861 0.847 0.729 0.638 0.508 0.593 0.597 0.383 0.107 -0.024 -0.037 -0.275 -0.598 -0.603 -0.446 -0.366 -0.795 -1.207 -1.314 -1.008
-1.239 -1.187 -1.007 -0.816 -0.788 -1.018 -1.384 -1.38 -1.077 -0.499 -0.262 0.25 0.773 0.68 0.278 0.29 -0.299 -0.626 -0.167 0.175 0.482 -0.015 -0.632 -0.835 -0.956 -0.381 -0.659 -1.116 -0.748 -0.484 -0.427 -0.139 -0.257 -0.544 -0.511 -0.121 -0.843 -0.957 -1.454 -1.456 -1.129 -0.977 -0.804 -0.441 0.002 0.548 0.165 0.037 0.261 0.708 1.034 1.057 1.04 0.969 0.797 0.644 0.796 0.85 0.781 0.783 0.892 0.812 0.526 0.187 -0.083 -0.313 -0.458 -0.455 -0.411 -0.341 -0.181 -0.342 -0.451 -0.675 -1.157 -1.271 -0.967
-1.162 -1.172 -1.029 -0.899 -1.328 -1.24 -1.071 -0.839 -0.557 -0.228 0.116 0.638 0.754 0.356 -0.031 0.158 -0.412 -0.964 -0.725 -0.411 0.196 0.331 -0.284 -0.457 -0.499 -0.234 -0.694 -1.14 -0.701 -0.244 -0.321 -0.436 -0.671 -0.984 -0.934 -0.341 -0.914 -1.33 -1.636 -1.388 -0.932 -0.5 -0.297 -0.035 0.252 0.524 -0.004 -0.109 0.127 0.623 1.04 1.07 1.054 1.017 0.423 0.529 0.496 0.305 0.197 0.091 0.341 0.725 0.636 0.099 -0.138 -0.257 -0.558 -0.763 -0.619 -0.254 -0.203 -0.652 -0.789 -0.688 -1.004 -1.269 -1.048
-1.017 -1.31 -1.165 -1.195 -1.597 -1.404 -1.13 -0.885 -0.591 -0.359 0.299 0.797 0.45 -0.14 -0.222 -0.109 -0.486 -1.068 -1.127 -0.839 -0.295 0.415 0.168 -0.022 -0.126 -0.426 -1.122 -1.34 -0.717 -0.564 -0.946 -0.879 -0.956 -1.285 -1.045 -0.593 -0.965 -1.522 -1.698 -1.405 -0.923 -0.561 -0.366 -0.302 0.234 0.485 -0.145 -0.271 0.176 0.706 1.061 1.073 1.067 0.955 0.361 0.436 0.219 -0.19 -0.211 -0.328 -0.244 0.242 0.752 0.439 0.135 -0.039 -0.416 -0.741 -0.546 -0.095 -0.277 -0.732 -0.995 -0.995 -0.972 -1.273 -1.22
-1.127 -1.335 -1.25 -1.328 -1.407 -1.291 -1.022 -0.779 -0.555 -0.289 0.444 0.731 0.053 -0.58 -0.402 -0.541 -0.61 -1.03 -0.958 -0.534 -0.222 0.346 0.117 -0.377 -0.713 -1.118 -1.303 -1.298 -0.871 -0.917 -1.241 -1.257 -1.365 -1.394 -1.104 -0.976 -1.232 -1.653 -1.483 -1.619 -1.301 -1.013 -0.986 -0.659 0.103 0.435 -0.341 -0.248 0.291 0.802 1.072 1.073 1.019 0.756 0.201 0.395 0.012 -0.368 -0.497 -0.36 -0.101 0.302 0.767 0.567 0.159 -0.19 -0.411 -0.434 -0.154 0.047 -0.389 -0.906 -1.011 -1.323 -1.345 -1.451 -1.371
-1.057 -1.08 -1.098 -1.142 -1.152 -1.021 -0.694 -0.467 -0.314 0.105 0.711 0.513 -0.155 -0.647 -0.564 -0.673 -0.764 -1.098 -1.133 -0.779 -0.39 0.278 -0.04 -0.798 -1.044 -1.029 -1.081 -1.168 -0.954 -1.153 -1.408 -1.415 -1.317 -1.256 -1.148 -1.168 -1.285 -1.605 -1.211 -1.499 -1.379 -0.959 -0.866 -0.581 0.149 0.142 -0.495 -0.117 0.339 0.862 1.075 1.07 0.933 0.628 0.155 0.25 0.084 -0.299 -0.516 -0.328 0.1 0.495 0.725 0.661 0.218 -0.054 -0.077 -0.041 0.161 -0.042 -0.524 -0.899 -1.084 -1.379 -1.482 -1.52 -1.355
-0.92 -0.907 -1.041 -1.258 -1.223 -0.84 -0.463 -0.081 0.058 0.583 0.64 -0.045 -0.108 -0.561 -0.764 -0.916 -0.941 -1.197 -1.218 -0.931 -0.484 0.209 0.064 -0.626 -0.719 -0.746 -0.93 -1.389 -1.357 -1.411 -1.313 -1.148 -0.919 -0.83 -0.775 -0.809 -0.939 -1.353 -1.186 -1.058 -1.404 -1.087 -0.578 -0.134 0.348 -0.332 -0.479 0.024 0.522 0.957 1.08 1.056 0.891 0.487 -0.062 0.143 -0.028 -0.412 -0.441 -0.142 0.275 0.411 0.483 0.68 0.578 0.425 0.359 0.371 0.314 0.055 -0.241 -0.52 -0.781 -1.095 -1.245 -1.306 -1.073
