data/climatemaps/RS_maps/climate_winter_tmin_2009.asc
NCOLS 369 
NROWS 228 
XLLCORNER 479000 
YLLCORNER 73000 
CELLSIZE 1000 
NODATA_value -9 
[rows 102 to 135 of 228, columns 152 to 227 of 369]
0.26 0.331 0.29 0.189 0.142 0.093 0.146 0.212 0.285 0.352 0.411 0.448 0.441 0.279 -0.056 -0.146 0.016 0.094 -0.017 -0.216 -0.257 0.021 -0.072 -0.254 -0.309 -0.243 -0.195 -0.068 0.216 0.42 0.591 0.69 0.739 0.679 0.596 0.639 0.345 -0.11 -0.153 -0.094 0.243 0.631 0.459 0.029 -0.243 -0.352 -0.174 -0.315 -0.422 -0.264 -0.019 -0.21 -0.441 -0.557 -0.173 0.464 0.649 0.649 0.475 -0.088 -0.534 -0.626 -0.643 -0.706 -0.75 -0.869 -1.055 -1.11 -0.888 -0.584 -0.425 -0.897 -0.921 -0.735 -0.592 -0.142
0.364 0.277 0.244 0.171 0.072 0.04 0.179 0.268 0.356 0.397 0.346 0.307 0.402 0.197 -0.15 -0.107 -0.018 -0.102 -0.126 -0.146 -0.027 -0.074 -0.276 -0.288 -0.166 -0.102 -0.025 0.012 0.101 0.34 0.539 0.683 0.712 0.613 0.596 0.531 0.101 -0.345 -0.189 0.072 0.374 0.609 0.463 0.155 -0.088 -0.352 -0.335 -0.434 -0.583 -0.508 -0.341 -0.441 -0.52 -0.498 -0.177 0.217 0.516 0.635 0.529 0.125 -0.309 -0.517 -0.829 -0.941 -0.904 -1.086 -1.108 -0.949 -0.833 -0.621 -0.657 -0.915 -0.965 -0.975 -0.865 -0.302
0.364 0.279 0.231 0.194 0.11 0.147 0.261 0.321 0.324 0.245 0.109 0.03 0.278 0.165 -0.036 -0.114 -0.226 -0.376 -0.254 -0.215 -0.145 -0.305 -0.31 -0.172 -0.219 -0.184 -0.201 -0.217 -0.032 0.341 0.567 0.706 0.673 0.604 0.558 0.408 0.153 -0.166 -0.063 0.083 0.222 0.536 0.418 -0.035 -0.177 -0.289 -0.497 -0.682 -0.838 -0.754 -0.581 -0.374 -0.157 -0.065 0.057 0.133 0.394 0.627 0.613 0.419 0.009 -0.289 -0.671 -0.855 -0.91 -1.036 -1.03 -0.957 -0.803 -0.672 -0.975 -1.091 -1.126 -1.202 -0.997 -0.496
0.279 0.29 0.319 0.218 0.171 0.192 0.29 0.282 0.208 0.038 -0.15 -0.116 0.255 0.147 -0.018 -0.255 -0.529 -0.386 -0.434 -0.349 -0.225 -0.349 -0.252 -0.27 -0.381 -0.299 -0.266 -0.13 0.174 0.439 0.65 0.707 0.631 0.6 0.508 0.245 -0.018 -0.196 -0.141 -0.177 0.003 0.483 0.32 -0.249 -0.508 -0.564 -0.763 -0.863 -0.815 -0.61 -0.386 -0.045 -0.079 -0.162 0.052 -0.049 0.367 0.617 0.615 0.476 -0.125 -0.473 -0.669 -0.731 -0.733 -0.775 -0.827 -1.02 -0.992 -0.895 -1.096 -1.26 -1.11 -0.989 -0.805 -0.619
0.173 0.139 0.28 0.322 0.283 0.265 0.297 0.201 0.052 -0.259 -0.273 0.016 0.272 0.172 -0.077 -0.418 -0.494 -0.511 -0.589 -0.375 -0.312 -0.28 -0.328 -0.334 -0.242 -0.134 -0.038 0.08 0.299 0.513 0.693 0.676 0.607 0.53 0.404 0.105 -0.27 -0.402 -0.287 -0.211 0.163 0.514 0.267 -0.11 -0.377 -0.638 -0.932 -0.922 -0.69 -0.467 -0.309 -0.063 -0.495 -0.361 -0.181 -0.165 0.324 0.602 0.601 0.502 -0.038 -0.52 -0.637 -0.488 -0.454 -0.542 -0.625 -0.905 -1.069 -1.156 -1.319 -1.352 -1.238 -0.994 -0.817 -0.84
0.032 0.094 0.188 0.267 0.301 0.298 0.204 0.093 -0.163 -0.403 -0.219 -0.034 0.207 0.148 -0.245 -0.382 -0.47 -0.596 -0.572 -0.411 -0.309 -0.224 -0.325 -0.241 -0.074 0.048 0.169 0.27 0.417 0.613 0.696 0.63 0.555 0.424 0.287 -0.015 -0.432 -0.594 -0.381 -0.093 0.425 0.402 0.045 0.136 -0.097 -0.439 -0.661 -0.749 -0.721 -0.643 -0.495 -0.224 -0.65 -0.346 -0.318 -0.469 0.003 0.511 0.593 0.58 0.404 -0.083 -0.151 -0.073 -0.102 -0.243 -0.321 -0.571 -0.679 -0.81 -0.962 -1.253 -1.436 -1.138 -1.101 -1.146
-0.038 0.06 0.149 0.259 0.258 0.278 0.108 -0.116 -0.311 -0.296 -0.175 -0.083 0.193 0.139 -0.363 -0.254 -0.338 -0.458 -0.517 -0.434 -0.317 -0.252 -0.133 -0.046 0.087 0.214 0.31 0.388 0.562 0.683 0.662 0.566 0.494 0.354 0.089 -0.283 -0.595 -0.608 -0.345 0.057 0.49 0.325 0.015 0.079 -0.091 -0.463 -0.712 -0.998 -0.815 -0.63 -0.369 -0.397 -0.784 -0.391 -0.606 -0.974 -0.312 0.243 0.548 0.572 0.542 0.412 0.311 0.255 0.163 0.096 -0.015 -0.228 -0.366 -0.46 -0.645 -0.8 -0.931 -0.954 -1.002 -1.11
-0.04 0.042 0.11 0.233 0.277 0.269 0.063 -0.175 -0.196 -0.145 -0.132 0.017 0.171 0.165 -0.124 -0.118 -0.25 -0.427 -0.502 -0.488 -0.42 -0.357 -0.06 0.134 0.271 0.384 0.468 0.572 0.669 0.691 0.632 0.497 0.431 0.139 -0.253 -0.524 -0.704 -0.726 -0.334 0.232 0.488 0.214 -0.189 -0.444 -0.428 -0.648 -0.886 -1.093 -0.967 -0.78 -0.457 -0.771 -1.258 -1.016 -1.186 -1.059 -0.363 -0.05 0.318 0.548 0.534 0.499 0.313 0.062 -0.093 -0.263 -0.143 -0.116 -0.178 -0.255 -0.331 -0.405 -0.452 -0.541 -0.679 -1.001
-0.004 -0.02 0.104 0.194 0.285 0.151 -0.002 -0.039 -0.052 -0.116 -0.227 -0.15 0.04 0.172 0.008 -0.099 -0.247 -0.445 -0.382 -0.466 -0.346 -0.193 0.008 0.233 0.427 0.559 0.638 0.677 0.686 0.641 0.515 0.304 0.253 0.174 -0.116 -0.213 -0.536 -0.712 -0.1 0.387 0.288 -0.22 -0.643 -0.979 -0.831 -0.903 -1.04 -1.319 -1.261 -1.283 -0.851 -1.012 -1.565 -1.466 -1.098 -0.504 -0.286 -0.409 0.015 0.46 0.53 0.449 0.129 -0.193 -0.215 -0.536 -0.615 -0.597 -0.603 -0.416 -0.172 -0.455 -0.558 -0.614 -0.799 -1.185
0.043 -0.038 0.045 0.159 0.247 -0.037 -0.199 -0.151 -0.102 -0.27 -0.459 -0.37 0.011 0.083 -0.193 -0.287 -0.269 -0.466 -0.316 -0.295 -0.171 0.029 0.164 0.378 0.589 0.649 0.683 0.678 0.6 0.48 0.256 0.014 -0.229 0.118 0.158 -0.182 -0.56 -0.469 -0.07 0.333 0.145 -0.301 -0.735 -1.225 -1.181 -1.128 -1.203 -1.398 -1.409 -1.509 -1.449 -1.333 -1.489 -1.575 -0.96 -0.514 -0.627 -0.527 -0.061 0.337 0.513 0.245 -0.057 -0.255 -0.381 -0.607 -0.942 -1.018 -1.086 -0.76 -0.332 -0.864 -1.031 -1.042 -1.181 -1.327
-0.001 -0.13 0.01 0.164 0.11 -0.076 -0.238 -0.288 -0.259 -0.631 -0.564 -0.296 0.032 -0.037 -0.417 -0.447 -0.341 -0.484 -0.311 -0.145 -0.017 0.187 0.357 0.517 0.627 0.667 0.674 0.574 0.359 0.2 -0.085 -0.361 -0.56 -0.127 0.19 -0.141 -0.507 -0.404 -0.339 0.141 0.227 -0.277 -0.668 -0.925 -0.866 -0.818 -1.06 -1.192 -1.319 -1.503 -1.496 -1.353 -1.545 -1.521 -0.986 -0.698 -0.689 -0.525 -0.218 0.221 0.491 0.04 -0.483 -0.623 -0.631 -0.85 -1.217 -1.257 -0.978 -0.673 -0.495 -1.06 -1.353 -1.449 -1.462 -1.599
-0.096 -0.057 0.123 0.066 -0.137 -0.124 -0.169 -0.321 -0.552 -0.71 -0.445 -0.18 0.024 -0.108 -0.523 -0.61 -0.529 -0.462 -0.288 -0.109 -0.012 0.05 0.32 0.576 0.628 0.652 0.523 0.264 -0.073 -0.171 -0.358 -0.675 -0.459 0.11 0.103 -0.286 -0.707 -0.811 -0.697 -0.192 0.155 -0.16 -0.464 -0.601 -0.348 -0.575 -1.085 -1.282 -1.45 -1.333 -1.105 -0.977 -1.277 -1.253 -0.99 -0.723 -0.735 -0.697 -0.403 0.081 0.469 0.159 -0.575 -1.044 -1.088 -1.231 -1.296 -1.242 -0.969 -0.611 -0.623 -1.089 -1.483 -1.708 -1.847 -1.941
0.054 0.133 0.09 -0.135 -0.207 -0.119 -0.184 -0.401 -0.777 -0.606 -0.346 -0.155 -0.041 -0.05 -0.234 -0.48 -0.575 -0.39 -0.231 -0.238 -0.178 -0.014 0.272 0.526 0.582 0.631 0.306 0.111 -0.293 -0.568 -0.697 -0.657 -0.247 0.104 -0.1 -0.497 -0.926 -0.957 -0.748 -0.166 0.088 -0.107 -0.222 -0.224 -0.123 -0.62 -1.159 -1.264 -1.437 -1.084 -0.851 -0.912 -1.108 -1.341 -1.21 -1.14 -1.049 -0.856 -0.564 -0.071 0.372 0.374 -0.252 -0.861 -1.125 -1.372 -1.292 -1.205 -1.027 -0.653 -0.84 -1.406 -1.737 -1.737 -1.886 -2.056
0.216 0.186 0.081 0.009 0.02 -0.031 -0.183 -0.545 -0.748 -0.504 -0.286 -0.185 -0.221 -0.125 -0.064 -0.179 -0.413 -0.441 -0.407 -0.454 -0.389 -0.311 0.015 0.148 0.388 0.428 -0.115 -0.152 -0.105 -0.576 -0.86 -0.57 -0.362 0.043 -0.249 -0.754 -1.068 -0.82 -0.48 -0.252 -0.042 -0.022 -0.022 -0.018 -0.097 -0.559 -0.954 -1.122 -1.378 -1.013 -0.77 -1.149 -1.44 -1.465 -1.203 -1.06 -0.713 -0.411 -0.252 -0.092 0.106 0.412 0.102 -0.399 -0.789 -1.152 -1.254 -1.603 -1.462 -1.267 -1.62 -1.821 -1.708 -1.434 -1.404 -1.745
0.006 0.093 0.138 0.147 0.148 0.13 -0.022 -0.468 -0.581 -0.357 -0.211 -0.223 -0.318 -0.311 -0.217 -0.129 -0.208 -0.305 -0.408 -0.613 -0.623 -0.327 -0.222 0.039 0.389 0.168 -0.496 -0.313 -0.072 -0.441 -0.832 -0.723 -0.376 0.007 -0.368 -0.826 -1.164 -1.242 -0.758 -0.421 -0.325 -0.266 -0.186 -0.212 -0.12 -0.229 -0.52 -0.969 -1.075 -0.717 -0.805 -1.537 -1.691 -1.198 -0.881 -0.766 -0.702 -0.475 -0.466 -0.544 -0.263 0.249 0.351 -0.004 -0.58 -1.136 -1.487 -1.799 -1.648 -1.642 -1.622 -1.624 -1.432 -1.053 -1.357 -1.593
-0.085 -0.108 -0.066 -0.072 -0.054 -0.024 0.016 -0.08 -0.143 -0.151 -0.242 -0.265 -0.374 -0.468 -0.388 -0.338 -0.337 -0.414 -0.454 -0.707 -0.68 -0.46 -0.315 0.239 0.392 0 -0.603 -0.322 -0.255 -0.511 -0.786 -0.662 -0.194 -0.112 -0.495 -0.842 -1.135 -1.379 -1.221 -0.767 -0.63 -0.582 -0.465 -0.641 -0.484 -0.317 -0.287 -0.572 -0.587 -0.512 -0.941 -1.613 -1.598 -1.175 -1.057 -0.953 -1.14 -1.061 -1.113 -0.952 -0.602 -0.016 0.381 0.115 -0.555 -1.321 -1.737 -1.569 -1.443 -1.338 -1.235 -1.114 -0.859 -1.069 -1.759 -1.962
-0.213 -0.321 -0.314 -0.374 -0.428 -0.415 -0.38 -0.199 -0.067 -0.216 -0.328 -0.393 -0.477 -0.662 -0.774 -0.776 -0.754 -0.8 -0.74 -0.838 -0.657 -0.46 -0.1 0.354 0.324 -0.052 -0.593 -0.387 -0.53 -0.714 -0.824 -0.715 -0.352 -0.444 -0.708 -1.061 -1.204 -1.282 -1.295 -1.184 -0.981 -0.81 -0.807 -1.087 -1.023 -0.928 -0.43 -0.446 -0.605 -0.871 -1.3 -1.748 -1.745 -1.571 -1.551 -1.5 -1.559 -1.363 -1.119 -1.138 -0.844 -0.364 0.249 0.16 -0.483 -1.182 -1.374 -1.21 -1.235 -1.066 -0.852 -0.644 -0.768 -1.387 -1.942 -1.876
-0.316 -0.653 -0.711 -0.818 -0.77 -0.615 -0.384 -0.145 -0.179 -0.359 -0.492 -0.662 -0.723 -0.729 -0.876 -0.885 -0.746 -0.76 -0.799 -0.778 -0.523 -0.217 0.186 0.399 0.229 -0.203 -0.575 -0.435 -0.61 -0.926 -0.944 -0.748 -0.704 -0.858 -0.94 -1.096 -1.042 -0.987 -1.041 -1.207 -1.196 -1.08 -1.07 -1.366 -1.616 -1.37 -0.912 -0.968 -1.089 -1.48 -1.762 -1.889 -1.908 -1.769 -1.709 -1.77 -1.549 -1.337 -1.101 -0.929 -0.896 -0.422 0.245 0.134 -0.412 -0.843 -0.73 -0.684 -0.718 -0.571 -0.49 -0.708 -1.028 -1.347 -1.78 -1.724
-0.496 -0.701 -0.632 -0.737 -0.596 -0.459 -0.315 -0.172 -0.335 -0.57 -0.731 -0.754 -0.587 -0.36 -0.412 -0.415 -0.323 -0.338 -0.363 -0.624 -0.527 -0.107 0.178 0.264 -0.002 -0.45 -0.738 -0.648 -0.59 -1.005 -1.035 -0.862 -0.86 -0.933 -0.979 -0.973 -0.797 -0.786 -0.907 -1.008 -1.162 -1.363 -1.5 -1.589 -1.842 -1.6 -1.503 -1.586 -1.564 -1.628 -1.62 -1.62 -1.789 -1.664 -1.37 -1.607 -1.603 -1.299 -1.152 -0.79 -0.523 -0.237 0.246 0.156 -0.017 -0.18 -0.238 -0.336 -0.42 -0.545 -0.873 -1.358 -1.486 -1.365 -1.781 -1.815
-0.491 -0.505 -0.528 -0.611 -0.497 -0.402 -0.357 -0.267 -0.54 -0.691 -0.55 -0.295 -0.059 0.068 0.094 0.089 0.095 0.039 0.06 -0.259 -0.422 -0.151 0.049 0.067 -0.205 -0.486 -0.682 -0.721 -0.748 -0.95 -1.079 -1.146 -0.98 -0.97 -1.016 -0.78 -0.62 -0.835 -1.063 -1.355 -1.523 -1.518 -1.357 -1.207 -1.448 -1.609 -1.652 -1.622 -1.623 -1.313 -1.099 -1.431 -1.734 -1.652 -1.112 -1.374 -1.392 -1.087 -0.81 -0.591 -0.219 0.115 0.144 -0.299 -0.482 -0.249 -0.359 -0.569 -0.747 -1.095 -1.432 -1.802 -1.603 -1.494 -1.941 -1.738
-0.454 -0.371 -0.562 -0.595 -0.501 -0.453 -0.374 -0.507 -0.618 -0.407 0.008 0.283 0.421 0.455 0.438 0.417 0.385 0.348 0.355 0.213 -0.039 -0.009 0.088 -0.018 -0.085 -0.211 -0.409 -0.562 -0.723 -0.843 -0.853 -1.078 -1.25 -1.082 -0.817 -0.521 -0.828 -1.218 -1.342 -1.349 -1.24 -0.905 -0.792 -1.038 -1.486 -1.791 -1.435 -1.263 -1.346 -1.259 -0.9 -1.379 -1.403 -1.676 -1.145 -0.881 -1.017 -1.201 -0.937 -0.511 -0.04 0.043 -0.331 -0.88 -1.116 -0.711 -0.561 -0.913 -1.154 -1.525 -1.915 -1.938 -1.529 -1.634 -1.791 -1.614
-0.347 -0.32 -0.557 -0.591 -0.529 -0.555 -0.625 -0.561 -0.26 0.143 0.423 0.531 0.548 0.551 0.547 0.537 0.499 0.482 0.484 0.468 0.369 0.351 0.334 0.266 0.139 0.053 -0.145 -0.315 -0.462 -0.673 -0.834 -1.022 -1.158 -0.725 -0.403 -0.713 -1.034 -0.971 -0.721 -0.612 -0.615 -0.702 -1.025 -1.38 -1.592 -1.674 -1.421 -0.964 -0.871 -0.945 -0.833 -0.999 -1.085 -1.3 -1.351 -1.227 -0.864 -0.897 -0.779 -0.246 0.038 -0.218 -0.798 -1.469 -1.484 -0.974 -0.591 -1.11 -1.451 -1.692 -2.133 -2.048 -1.706 -1.795 -1.798 -1.706
-0.266 -0.2 -0.376 -0.47 -0.503 -0.706 -0.671 -0.186 0.243 0.477 0.541 0.551 0.551 0.523 0.444 0.421 0.479 0.496 0.504 0.513 0.509 0.483 0.491 0.497 0.432 0.239 0.022 -0.07 -0.317 -0.639 -0.93 -1.054 -0.708 -0.333 -0.569 -0.874 -0.752 -0.404 -0.232 -0.255 -0.326 -0.584 -0.824 -1.154 -1.236 -1.406 -1.199 -1.028 -1.158 -0.966 -0.821 -0.687 -0.71 -0.82 -1.022 -1.247 -1.119 -0.677 -0.573 -0.076 -0.119 -0.434 -1.079 -1.722 -1.703 -1.184 -0.788 -1.258 -1.739 -1.699 -1.894 -2.03 -1.872 -1.796 -1.744 -1.656
-0.263 -0.088 -0.203 -0.317 -0.518 -0.61 -0.226 0.276 0.495 0.534 0.538 0.539 0.41 0.176 0 -0.074 -0.035 0.029 -0.06 0.018 0.075 0.094 0.156 0.421 0.507 0.483 0.37 0.109 -0.109 -0.43 -0.776 -0.696 -0.299 -0.419 -0.478 -0.304 -0.309 -0.231 -0.579 -0.805 -0.835 -0.796 -0.857 -0.987 -0.992 -1.205 -1.282 -1.285 -1.687 -1.519 -1.342 -1.013 -0.811 -0.557 -0.566 -0.73 -1.019 -0.774 -0.236 -0.072 -0.665 -0.671 -1.098 -1.566 -1.714 -1.415 -1.127 -1.237 -1.611 -1.442 -1.707 -1.982 -1.761 -1.555 -1.467 -1.363
-0.098 0.006 -0.257 -0.48 -0.436 -0.12 0.295 0.495 0.527 0.535 0.504 0.305 -0.115 -0.184 -0.332 -0.462 -0.443 -0.647 -0.81 -0.503 -0.464 -0.433 -0.362 -0.104 0.232 0.412 0.46 0.392 0.176 -0.204 -0.265 -0.176 -0.083 -0.036 0.014 -0.019 -0.137 -0.518 -1.06 -1.323 -1.415 -1.373 -1.28 -1.266 -1.123 -1.344 -1.653 -1.518 -1.912 -2.007 -1.686 -1.518 -1.21 -0.78 -0.631 -0.498 -0.547 -0.524 -0.068 -0.417 -1.119 -0.812 -1.226 -1.61 -1.691 -1.535 -1.371 -1.386 -1.635 -1.329 -1.663 -1.818 -1.626 -1.375 -1.126 -1.001
0.085 -0.177 -0.383 -0.081 0.145 0.36 0.505 0.523 0.524 0.47 0.17 -0.19 -0.473 -0.28 -0.607 -0.806 -0.9 -0.854 -0.781 -0.743 -1.018 -0.782 -0.832 -0.678 -0.335 0.023 0.217 0.296 0.358 0.237 0.184 0.094 -0.004 -0.192 -0.424 -0.501 -0.467 -0.64 -1.218 -1.486 -1.654 -1.754 -1.531 -1.348 -1.395 -1.536 -2.057 -1.726 -1.784 -2.092 -1.899 -1.627 -1.347 -1.141 -1.196 -0.937 -0.516 -0.185 -0.124 -0.742 -1.347 -0.936 -1.271 -1.547 -1.801 -1.788 -1.643 -1.496 -1.605 -1.325 -1.433 -1.607 -1.393 -1.187 -0.924 -0.688
-0.034 -0.326 0.073 0.36 0.47 0.502 0.504 0.476 0.333 0.091 -0.422 -0.731 -0.703 -0.591 -0.752 -1.075 -1.11 -1.14 -1.212 -1.275 -1.053 -0.996 -1.096 -0.765 -0.422 -0.244 -0.301 -0.085 0.234 0.402 0.18 -0.326 -0.616 -0.837 -0.994 -1.173 -1.034 -0.626 -0.908 -1.182 -1.44 -1.757 -1.793 -1.802 -1.802 -1.869 -2.277 -1.787 -1.446 -1.815 -1.956 -1.745 -1.709 -1.541 -1.386 -1.044 -0.568 -0.099 -0.433 -1.054 -1.551 -1.18 -1.193 -1.671 -1.984 -1.854 -1.826 -1.392 -1.382 -1.312 -1.085 -1.274 -1.222 -0.963 -0.744 -0.523
-0.005 0.181 0.419 0.468 0.49 0.492 0.454 0.172 -0.183 -0.3 -0.77 -0.981 -0.864 -0.77 -0.825 -1.274 -1.475 -1.626 -1.548 -1.323 -1.205 -1.17 -0.998 -0.718 -0.381 -0.531 -0.734 -0.573 -0.03 0.218 0.173 -0.56 -1.066 -1.226 -1.37 -1.583 -1.429 -1.082 -0.894 -0.858 -1.346 -1.807 -2.113 -2.146 -2.074 -2.123 -2.284 -1.856 -1.372 -1.384 -1.698 -1.928 -1.926 -1.559 -1.286 -1.063 -0.532 -0.176 -0.745 -1.314 -1.724 -1.373 -1.299 -1.831 -1.993 -1.666 -1.692 -1.42 -1.102 -1.074 -0.807 -0.903 -0.937 -0.968 -0.717 -0.486
0.43 0.458 0.47 0.471 0.43 0.331 0.142 -0.327 -0.768 -0.878 -0.994 -1.081 -1 -1.007 -0.941 -1.205 -1.504 -1.641 -1.388 -1.183 -1.01 -0.857 -0.674 -0.448 -0.496 -0.965 -0.996 -0.164 0.066 -0.206 0.134 -0.22 -0.763 -1.039 -1.23 -1.511 -1.627 -1.452 -1.148 -0.899 -1.388 -1.911 -2.147 -1.968 -1.908 -1.947 -2.089 -1.955 -1.606 -1.328 -1.206 -1.586 -1.757 -1.401 -1.232 -1.114 -0.602 -0.234 -0.935 -1.453 -1.8 -1.608 -1.462 -1.819 -1.676 -1.634 -1.237 -1.199 -0.862 -0.695 -0.605 -0.573 -0.547 -0.54 -0.509 -0.562
0.412 0.429 0.451 0.376 0.2 -0.051 -0.395 -0.757 -1.148 -1.116 -1.177 -1.311 -1.384 -1.383 -1.246 -1.346 -1.401 -1.405 -1.24 -1.045 -0.91 -0.65 -0.579 -0.591 -0.75 -1.347 -0.914 0.131 -0.22 -0.747 -0.196 0.028 -0.188 -0.666 -0.882 -1.22 -1.578 -1.748 -1.507 -1.292 -1.522 -1.885 -2.173 -1.857 -1.517 -1.503 -1.784 -1.939 -1.873 -1.512 -1.083 -1.038 -1.232 -1.071 -0.877 -0.696 -0.428 -0.265 -0.807 -1.23 -1.686 -1.729 -1.623 -1.631 -1.35 -1.455 -1.096 -0.903 -0.713 -0.63 -0.785 -0.684 -0.734 -0.737 -0.851 -0.853
0.275 0.427 0.349 0.038 -0.214 -0.414 -0.836 -1.009 -1.175 -1.322 -1.365 -1.396 -1.492 -1.363 -1.313 -1.313 -1.186 -1.098 -1.044 -0.93 -0.74 -0.652 -1.007 -1.103 -0.975 -1.41 -0.833 0.044 -0.559 -1.174 -0.616 -0.219 -0.034 -0.239 -0.454 -0.937 -1.427 -1.848 -1.843 -1.776 -1.712 -1.86 -2.158 -2.072 -1.534 -1.254 -1.299 -1.628 -1.759 -1.554 -1.315 -1.078 -0.742 -0.568 -0.448 -0.49 -0.434 -0.597 -1.027 -1.404 -1.537 -1.418 -1.338 -1.304 -1.277 -1.189 -1.013 -0.798 -0.792 -1.029 -1.039 -0.83 -1.107 -0.953 -1.158 -1.097
0.149 0.348 0.205 -0.33 -0.664 -0.824 -0.82 -0.867 -1.038 -1.185 -1.183 -1.082 -1.245 -1.209 -1.15 -1.019 -0.958 -0.817 -0.816 -0.914 -0.857 -1.01 -1.591 -1.564 -1.414 -1.32 -0.806 -0.18 -0.813 -1.513 -1.15 -0.79 -0.308 -0.108 -0.148 -0.628 -1.146 -1.747 -2.024 -2.128 -1.928 -1.964 -2.288 -2.39 -1.956 -1.522 -1.171 -1.117 -1.312 -1.217 -0.997 -0.783 -0.659 -0.753 -0.875 -1.069 -0.626 -0.968 -1.329 -1.391 -1.196 -1.274 -1.49 -1.268 -1.193 -0.943 -0.823 -1.033 -1.21 -1.409 -1.041 -1.044 -1.377 -1.155 -1.458 -1.275
-0.062 0.131 0.262 -0.206 -0.693 -0.672 -0.494 -0.541 -0.62 -0.624 -0.761 -0.78 -0.83 -0.773 -0.918 -0.74 -0.644 -0.575 -0.646 -1.016 -1.627 -1.709 -1.958 -1.895 -1.829 -1.403 -0.94 -0.43 -0.772 -1.371 -1.57 -1.139 -0.763 -0.561 -0.271 -0.476 -1.267 -1.731 -1.823 -2.234 -2.085 -2.072 -2.318 -2.476 -2.298 -1.807 -1.477 -1.129 -0.892 -0.882 -0.836 -0.95 -1.141 -1.328 -1.43 -1.24 -0.764 -0.778 -1.052 -1.073 -1.238 -1.574 -1.715 -1.323 -1.03 -1.079 -1.06 -1.47 -1.541 -1.46 -1.062 -1.295 -1.562 -1.42 -1.595 -1.305
-0.463 -0.316 0.089 0.111 -0.169 -0.095 -0.013 0.002 -0.052 -0.078 -0.194 -0.356 -0.375 -0.419 -0.592 -0.466 -0.375 -0.379 -0.621 -1.457 -2.255 -2.351 -2.253 -2.108 -2.011 -1.571 -1.24 -0.9 -0.905 -1.032 -1.412 -1.697 -1.44 -1.135 -0.586 -0.47 -1.252 -1.577 -1.645 -2.177 -2.264 -2.137 -2.196 -2.431 -2.308 -1.851 -1.356 -1.199 -1.373 -1.252 -1.438 -1.596 -1.671 -1.645 -1.333 -0.935 -0.599 -0.592 -0.761 -0.962 -1.278 -1.692 -1.73 -1.473 -1.314 -1.421 -1.117 -1.646 -1.706 -1.393 -1.138 -1.489 -1.686 -1.639 -1.445 -1.039
