data/climatemaps/RS_maps/climate_postbreed_tmp_2017.asc
NCOLS 369 
NROWS 228 
XLLCORNER 479000 
YLLCORNER 73000 
CELLSIZE 1000 
NODATA_value -9 
[rows 34 to 67 of 228, columns 76 to 151 of 369]
0.83 0.85 0.805 0.759 0.78 0.84 0.83 0.819 0.804 0.79 0.774 0.772 0.773 0.763 0.76 0.77 0.762 0.756 0.76 0.757 0.753 0.75 0.756 0.767 0.779 0.748 0.758 0.755 0.74 0.746 0.752 0.753 0.753 0.771 0.797 0.803 0.779 0.757 0.74 0.737 0.726 0.721 0.724 0.716 0.709 0.728 0.777 0.799 0.809 0.833 0.851 0.858 0.889 0.904 0.903 0.907 0.913 0.919 0.932 0.926 0.921 0.918 0.888 0.875 0.847 0.856 0.898 0.916 0.914 0.911 0.901 0.884 0.867 0.867 0.857 0.838
0.843 0.854 0.805 0.794 0.809 0.84 0.814 0.814 0.82 0.813 0.8 0.785 0.771 0.753 0.756 0.759 0.754 0.753 0.753 0.753 0.753 0.75 0.742 0.749 0.768 0.757 0.756 0.754 0.743 0.738 0.738 0.745 0.742 0.761 0.751 0.769 0.797 0.761 0.725 0.726 0.727 0.72 0.7 0.691 0.693 0.728 0.767 0.786 0.799 0.819 0.824 0.84 0.848 0.867 0.875 0.89 0.887 0.906 0.927 0.916 0.913 0.929 0.932 0.927 0.925 0.923 0.916 0.908 0.887 0.858 0.826 0.81 0.83 0.817 0.795 0.75
0.857 0.849 0.81 0.832 0.844 0.835 0.8 0.776 0.789 0.803 0.808 0.811 0.781 0.766 0.766 0.759 0.753 0.753 0.752 0.743 0.748 0.748 0.736 0.731 0.744 0.762 0.759 0.746 0.742 0.736 0.73 0.741 0.734 0.74 0.721 0.728 0.775 0.788 0.734 0.702 0.692 0.697 0.675 0.669 0.671 0.694 0.743 0.786 0.805 0.794 0.804 0.821 0.824 0.837 0.858 0.858 0.846 0.893 0.922 0.904 0.909 0.915 0.925 0.925 0.924 0.923 0.903 0.88 0.832 0.798 0.763 0.753 0.824 0.802 0.765 0.693
0.863 0.858 0.851 0.838 0.823 0.816 0.779 0.763 0.764 0.778 0.77 0.816 0.796 0.788 0.781 0.77 0.759 0.753 0.753 0.745 0.749 0.742 0.729 0.722 0.738 0.752 0.754 0.743 0.731 0.732 0.726 0.729 0.723 0.715 0.713 0.716 0.744 0.786 0.764 0.72 0.691 0.674 0.663 0.652 0.648 0.677 0.748 0.799 0.777 0.766 0.81 0.782 0.804 0.828 0.863 0.833 0.838 0.893 0.906 0.862 0.884 0.857 0.902 0.905 0.903 0.893 0.877 0.835 0.819 0.784 0.772 0.748 0.777 0.795 0.729 0.721
0.864 0.86 0.816 0.779 0.772 0.795 0.806 0.777 0.754 0.744 0.754 0.798 0.781 0.76 0.759 0.757 0.755 0.754 0.738 0.752 0.741 0.73 0.716 0.725 0.739 0.736 0.744 0.731 0.731 0.724 0.72 0.716 0.714 0.702 0.698 0.703 0.711 0.777 0.788 0.772 0.747 0.716 0.693 0.657 0.633 0.666 0.722 0.757 0.75 0.774 0.807 0.783 0.808 0.855 0.857 0.812 0.839 0.9 0.895 0.8 0.807 0.808 0.779 0.827 0.826 0.857 0.863 0.742 0.808 0.811 0.761 0.692 0.74 0.776 0.695 0.63
0.833 0.833 0.792 0.766 0.766 0.786 0.775 0.808 0.786 0.747 0.759 0.78 0.794 0.75 0.701 0.671 0.686 0.739 0.721 0.724 0.724 0.676 0.679 0.709 0.72 0.717 0.736 0.715 0.727 0.714 0.706 0.688 0.668 0.64 0.68 0.698 0.702 0.76 0.776 0.784 0.787 0.769 0.738 0.685 0.67 0.703 0.734 0.79 0.811 0.836 0.844 0.845 0.862 0.876 0.839 0.79 0.857 0.901 0.87 0.693 0.668 0.692 0.628 0.717 0.761 0.837 0.868 0.722 0.696 0.772 0.627 0.6 0.722 0.694 0.687 0.597
0.85 0.801 0.785 0.765 0.765 0.762 0.727 0.787 0.764 0.725 0.773 0.773 0.79 0.72 0.665 0.691 0.727 0.752 0.692 0.642 0.645 0.697 0.678 0.675 0.69 0.68 0.721 0.702 0.72 0.7 0.686 0.585 0.539 0.513 0.56 0.636 0.613 0.632 0.624 0.67 0.737 0.772 0.765 0.741 0.703 0.751 0.799 0.824 0.826 0.821 0.829 0.837 0.859 0.874 0.843 0.834 0.877 0.903 0.861 0.703 0.628 0.555 0.528 0.666 0.751 0.795 0.867 0.75 0.62 0.717 0.609 0.648 0.64 0.659 0.676 0.551
0.862 0.82 0.779 0.764 0.761 0.724 0.702 0.747 0.697 0.711 0.742 0.747 0.747 0.746 0.733 0.725 0.731 0.713 0.732 0.733 0.726 0.715 0.723 0.692 0.675 0.675 0.702 0.713 0.706 0.701 0.649 0.583 0.568 0.565 0.547 0.561 0.541 0.576 0.58 0.647 0.735 0.76 0.769 0.748 0.766 0.805 0.806 0.759 0.686 0.733 0.77 0.835 0.855 0.85 0.845 0.859 0.886 0.886 0.834 0.708 0.627 0.507 0.585 0.626 0.652 0.747 0.85 0.826 0.686 0.674 0.629 0.575 0.551 0.595 0.59 0.625
0.852 0.818 0.784 0.787 0.758 0.701 0.648 0.673 0.637 0.674 0.684 0.679 0.66 0.671 0.74 0.705 0.706 0.714 0.713 0.729 0.721 0.701 0.714 0.719 0.694 0.677 0.696 0.709 0.679 0.653 0.545 0.61 0.596 0.58 0.608 0.61 0.64 0.65 0.666 0.691 0.729 0.753 0.748 0.745 0.782 0.803 0.713 0.596 0.627 0.682 0.671 0.71 0.776 0.819 0.834 0.852 0.877 0.884 0.819 0.687 0.486 0.427 0.507 0.61 0.686 0.711 0.788 0.841 0.832 0.75 0.719 0.676 0.693 0.587 0.49 0.636
0.847 0.816 0.776 0.775 0.735 0.659 0.591 0.605 0.602 0.638 0.624 0.63 0.625 0.669 0.696 0.737 0.676 0.666 0.694 0.717 0.717 0.7 0.706 0.725 0.705 0.691 0.686 0.706 0.656 0.559 0.523 0.587 0.591 0.592 0.623 0.628 0.608 0.635 0.669 0.706 0.725 0.741 0.733 0.733 0.755 0.746 0.647 0.623 0.6 0.59 0.594 0.604 0.609 0.665 0.762 0.823 0.864 0.868 0.763 0.615 0.485 0.447 0.442 0.593 0.723 0.753 0.731 0.828 0.794 0.809 0.797 0.786 0.779 0.717 0.647 0.693
0.822 0.808 0.793 0.775 0.714 0.619 0.575 0.571 0.561 0.588 0.575 0.598 0.617 0.62 0.65 0.729 0.664 0.637 0.645 0.715 0.692 0.685 0.712 0.725 0.696 0.699 0.698 0.683 0.57 0.567 0.533 0.547 0.516 0.478 0.527 0.512 0.489 0.525 0.588 0.641 0.676 0.689 0.7 0.666 0.649 0.638 0.558 0.485 0.439 0.401 0.403 0.424 0.507 0.556 0.645 0.725 0.807 0.82 0.669 0.534 0.49 0.439 0.511 0.641 0.735 0.696 0.729 0.818 0.722 0.712 0.674 0.7 0.776 0.756 0.765 0.712
0.774 0.744 0.775 0.746 0.649 0.573 0.549 0.557 0.549 0.547 0.555 0.595 0.597 0.569 0.636 0.712 0.698 0.623 0.632 0.7 0.663 0.675 0.689 0.703 0.673 0.674 0.689 0.646 0.602 0.545 0.475 0.432 0.414 0.398 0.428 0.405 0.434 0.466 0.53 0.563 0.566 0.59 0.59 0.495 0.481 0.443 0.395 0.382 0.48 0.478 0.543 0.616 0.695 0.685 0.588 0.597 0.757 0.82 0.593 0.504 0.481 0.506 0.652 0.696 0.718 0.706 0.737 0.806 0.751 0.678 0.617 0.621 0.742 0.647 0.704 0.64
0.721 0.699 0.75 0.734 0.63 0.561 0.555 0.545 0.557 0.542 0.555 0.592 0.565 0.554 0.609 0.673 0.704 0.636 0.635 0.675 0.651 0.658 0.651 0.666 0.632 0.641 0.635 0.571 0.542 0.451 0.436 0.434 0.436 0.47 0.501 0.494 0.544 0.565 0.564 0.552 0.541 0.51 0.456 0.374 0.385 0.436 0.492 0.527 0.596 0.643 0.668 0.724 0.779 0.772 0.731 0.693 0.77 0.754 0.57 0.516 0.492 0.555 0.652 0.703 0.686 0.69 0.703 0.749 0.719 0.714 0.629 0.601 0.691 0.627 0.607 0.662
0.702 0.691 0.745 0.718 0.614 0.576 0.569 0.545 0.566 0.55 0.567 0.581 0.545 0.55 0.592 0.641 0.69 0.692 0.667 0.66 0.656 0.68 0.684 0.688 0.657 0.64 0.59 0.528 0.477 0.433 0.438 0.463 0.496 0.485 0.527 0.53 0.588 0.592 0.587 0.586 0.573 0.546 0.507 0.517 0.543 0.576 0.627 0.644 0.661 0.71 0.744 0.802 0.804 0.751 0.743 0.707 0.632 0.608 0.569 0.541 0.556 0.558 0.571 0.614 0.67 0.69 0.714 0.683 0.66 0.68 0.668 0.586 0.666 0.647 0.564 0.64
0.658 0.656 0.723 0.714 0.598 0.601 0.585 0.559 0.58 0.567 0.574 0.556 0.547 0.581 0.609 0.631 0.66 0.71 0.702 0.687 0.693 0.705 0.701 0.691 0.679 0.661 0.631 0.6 0.517 0.463 0.466 0.44 0.445 0.414 0.475 0.424 0.507 0.531 0.475 0.477 0.502 0.596 0.634 0.645 0.606 0.623 0.657 0.699 0.728 0.773 0.803 0.777 0.784 0.743 0.713 0.631 0.505 0.469 0.462 0.507 0.526 0.52 0.489 0.527 0.666 0.625 0.644 0.627 0.617 0.666 0.674 0.586 0.657 0.643 0.575 0.626
0.618 0.651 0.689 0.713 0.616 0.633 0.591 0.569 0.583 0.588 0.572 0.574 0.594 0.617 0.648 0.688 0.704 0.719 0.694 0.681 0.683 0.693 0.69 0.673 0.667 0.66 0.637 0.587 0.479 0.433 0.453 0.362 0.348 0.337 0.405 0.382 0.415 0.462 0.392 0.425 0.472 0.521 0.553 0.561 0.531 0.555 0.615 0.641 0.729 0.801 0.799 0.766 0.786 0.734 0.684 0.614 0.551 0.449 0.375 0.38 0.461 0.5 0.488 0.555 0.618 0.521 0.584 0.554 0.628 0.67 0.668 0.63 0.641 0.652 0.588 0.637
0.63 0.658 0.661 0.727 0.672 0.631 0.582 0.588 0.59 0.592 0.609 0.612 0.631 0.642 0.675 0.712 0.703 0.691 0.671 0.678 0.68 0.672 0.659 0.649 0.605 0.553 0.505 0.53 0.369 0.392 0.44 0.391 0.365 0.312 0.349 0.415 0.414 0.428 0.42 0.515 0.569 0.488 0.52 0.572 0.607 0.669 0.677 0.628 0.721 0.732 0.786 0.763 0.779 0.737 0.654 0.591 0.542 0.484 0.436 0.358 0.423 0.471 0.459 0.571 0.542 0.49 0.506 0.516 0.651 0.6 0.634 0.63 0.627 0.565 0.487 0.599
0.62 0.645 0.695 0.669 0.677 0.597 0.586 0.606 0.61 0.629 0.636 0.642 0.671 0.66 0.642 0.667 0.671 0.676 0.649 0.64 0.651 0.649 0.612 0.528 0.525 0.497 0.433 0.467 0.295 0.346 0.376 0.354 0.309 0.311 0.374 0.445 0.482 0.502 0.524 0.63 0.67 0.656 0.655 0.702 0.716 0.65 0.616 0.663 0.653 0.615 0.729 0.733 0.762 0.713 0.649 0.562 0.53 0.484 0.481 0.438 0.462 0.456 0.511 0.586 0.559 0.444 0.467 0.535 0.624 0.493 0.559 0.476 0.509 0.538 0.441 0.497
0.638 0.677 0.638 0.611 0.595 0.569 0.592 0.597 0.622 0.638 0.639 0.62 0.603 0.579 0.611 0.635 0.623 0.614 0.596 0.58 0.568 0.523 0.513 0.497 0.392 0.31 0.308 0.372 0.27 0.213 0.282 0.274 0.27 0.288 0.323 0.284 0.319 0.444 0.608 0.715 0.677 0.658 0.575 0.601 0.548 0.502 0.552 0.672 0.616 0.536 0.605 0.602 0.707 0.6 0.501 0.445 0.515 0.506 0.429 0.34 0.302 0.305 0.455 0.487 0.53 0.409 0.39 0.482 0.582 0.505 0.446 0.39 0.538 0.544 0.397 0.415
0.626 0.6 0.535 0.481 0.495 0.516 0.541 0.56 0.531 0.541 0.523 0.469 0.448 0.467 0.452 0.418 0.44 0.429 0.436 0.427 0.368 0.288 0.376 0.362 0.342 0.397 0.408 0.333 0.341 0.352 0.374 0.299 0.276 0.291 0.311 0.366 0.464 0.533 0.622 0.637 0.512 0.468 0.421 0.426 0.364 0.307 0.452 0.628 0.59 0.549 0.505 0.516 0.67 0.564 0.448 0.328 0.377 0.343 0.29 0.292 0.167 0.168 0.249 0.224 0.326 0.185 0.214 0.462 0.518 0.371 0.291 0.275 0.456 0.471 0.436 0.301
0.538 0.516 0.505 0.521 0.546 0.566 0.551 0.464 0.366 0.375 0.328 0.348 0.258 0.281 0.273 0.294 0.268 0.278 0.304 0.33 0.374 0.403 0.416 0.555 0.534 0.559 0.455 0.325 0.389 0.546 0.552 0.442 0.443 0.506 0.554 0.622 0.671 0.691 0.744 0.746 0.71 0.657 0.594 0.483 0.41 0.276 0.295 0.382 0.396 0.334 0.305 0.412 0.661 0.522 0.381 0.45 0.388 0.244 0.296 0.343 0.273 0.217 0.114 0.029 0.174 0.11 0.145 0.282 0.425 0.281 0.271 0.219 0.266 0.374 0.342 0.384
0.388 0.384 0.416 0.471 0.51 0.527 0.469 0.365 0.298 0.301 0.319 0.345 0.351 0.333 0.378 0.474 0.418 0.443 0.492 0.527 0.599 0.604 0.622 0.659 0.651 0.415 0.236 0.317 0.543 0.597 0.611 0.577 0.604 0.636 0.667 0.72 0.74 0.751 0.764 0.762 0.758 0.738 0.706 0.614 0.621 0.537 0.563 0.592 0.564 0.565 0.545 0.382 0.382 0.466 0.548 0.542 0.474 0.403 0.412 0.371 0.282 0.162 0.071 0.161 0.343 0.317 0.2 0.164 0.364 0.37 0.349 0.243 0.151 0.262 0.327 0.356
0.431 0.406 0.467 0.565 0.644 0.633 0.607 0.451 0.477 0.468 0.591 0.61 0.51 0.528 0.592 0.646 0.587 0.643 0.615 0.587 0.469 0.474 0.515 0.536 0.627 0.502 0.325 0.519 0.625 0.592 0.645 0.635 0.616 0.666 0.639 0.693 0.749 0.752 0.733 0.756 0.75 0.734 0.715 0.672 0.643 0.607 0.626 0.635 0.605 0.578 0.455 0.292 0.2 0.34 0.362 0.356 0.301 0.407 0.368 0.285 0.324 0.352 0.373 0.421 0.464 0.411 0.31 0.202 0.275 0.39 0.346 0.278 0.216 0.346 0.476 0.484
0.472 0.525 0.618 0.63 0.633 0.652 0.696 0.609 0.605 0.608 0.677 0.653 0.612 0.606 0.576 0.64 0.58 0.517 0.483 0.358 0.303 0.42 0.442 0.629 0.498 0.414 0.499 0.637 0.668 0.646 0.675 0.692 0.668 0.649 0.642 0.711 0.736 0.711 0.645 0.731 0.735 0.708 0.661 0.646 0.668 0.626 0.598 0.602 0.588 0.569 0.408 0.241 0.188 0.208 0.174 0.05 0.129 0.24 0.271 0.302 0.353 0.413 0.438 0.462 0.518 0.525 0.382 0.235 0.25 0.387 0.359 0.302 0.354 0.416 0.543 0.639
0.543 0.668 0.685 0.481 0.455 0.466 0.566 0.534 0.471 0.514 0.578 0.478 0.44 0.39 0.342 0.413 0.324 0.306 0.277 0.304 0.427 0.537 0.548 0.531 0.35 0.405 0.585 0.646 0.675 0.677 0.67 0.685 0.69 0.68 0.691 0.698 0.684 0.661 0.604 0.683 0.676 0.558 0.49 0.494 0.534 0.548 0.477 0.496 0.482 0.464 0.372 0.317 0.263 0.27 0.187 0.035 0.124 0.16 0.128 0.125 0.198 0.236 0.298 0.34 0.415 0.527 0.37 0.35 0.37 0.411 0.372 0.378 0.432 0.553 0.66 0.726
0.681 0.698 0.567 0.38 0.366 0.375 0.34 0.312 0.316 0.389 0.417 0.323 0.299 0.31 0.358 0.296 0.338 0.381 0.428 0.511 0.528 0.484 0.392 0.322 0.389 0.442 0.49 0.53 0.616 0.559 0.525 0.537 0.557 0.558 0.57 0.594 0.581 0.568 0.528 0.545 0.617 0.409 0.446 0.446 0.403 0.486 0.494 0.502 0.437 0.331 0.231 0.124 0.135 0.149 0.053 -0.009 0.081 0.1 0.171 0.254 0.388 0.358 0.361 0.443 0.471 0.588 0.499 0.429 0.401 0.42 0.486 0.594 0.654 0.723 0.75 0.755
0.594 0.57 0.433 0.357 0.368 0.358 0.311 0.322 0.366 0.371 0.463 0.413 0.298 0.39 0.543 0.455 0.523 0.531 0.521 0.52 0.401 0.249 0.225 0.332 0.39 0.321 0.25 0.38 0.531 0.33 0.318 0.361 0.339 0.302 0.33 0.357 0.34 0.37 0.256 0.358 0.502 0.484 0.391 0.29 0.242 0.275 0.34 0.341 0.393 0.318 0.143 0.063 0.117 0.065 -0.01 0.03 0.224 0.334 0.443 0.511 0.608 0.589 0.564 0.609 0.637 0.58 0.463 0.297 0.406 0.565 0.687 0.735 0.746 0.753 0.752 0.746
0.457 0.457 0.416 0.389 0.383 0.34 0.299 0.308 0.342 0.365 0.475 0.555 0.478 0.531 0.549 0.578 0.578 0.371 0.272 0.225 0.206 0.224 0.289 0.303 0.28 0.282 0.32 0.441 0.553 0.397 0.395 0.457 0.385 0.297 0.273 0.231 0.168 0.163 0.094 0.287 0.447 0.506 0.204 -0.02 -0.075 -0.019 0.051 0.077 0.268 0.375 0.201 0.203 0.171 0.06 0.028 0.204 0.439 0.558 0.602 0.641 0.657 0.647 0.639 0.612 0.633 0.487 0.339 0.35 0.559 0.706 0.743 0.746 0.746 0.751 0.754 0.755
0.372 0.371 0.397 0.374 0.306 0.255 0.26 0.4 0.469 0.487 0.547 0.566 0.506 0.389 0.336 0.319 0.319 0.192 0.167 0.143 0.196 0.259 0.238 0.207 0.233 0.26 0.319 0.38 0.534 0.422 0.423 0.432 0.377 0.374 0.304 0.218 0.083 0.022 0.098 0.309 0.536 0.321 0.052 -0.036 -0.007 0.031 0.068 0.122 0.224 0.281 0.14 0.142 0.056 0.047 0.097 0.369 0.565 0.617 0.616 0.611 0.59 0.486 0.394 0.364 0.586 0.556 0.505 0.597 0.702 0.744 0.746 0.74 0.728 0.737 0.759 0.755
0.31 0.367 0.375 0.321 0.244 0.276 0.357 0.526 0.449 0.481 0.473 0.409 0.292 0.2 0.179 0.162 0.152 0.185 0.196 0.221 0.185 0.181 0.166 0.129 0.124 0.123 0.143 0.198 0.38 0.266 0.173 0.189 0.132 0.139 0.109 0.099 0.05 0.079 0.201 0.37 0.497 0.315 0.289 0.35 0.378 0.376 0.363 0.318 0.112 0.098 0.15 0.185 0.18 0.239 0.371 0.481 0.451 0.391 0.378 0.331 0.262 0.171 0.164 0.238 0.565 0.686 0.691 0.714 0.732 0.729 0.724 0.717 0.714 0.743 0.754 0.763
0.346 0.374 0.354 0.306 0.281 0.281 0.393 0.572 0.534 0.456 0.348 0.217 0.167 0.141 0.13 0.144 0.178 0.214 0.217 0.196 0.124 0.135 0.142 0.121 0.102 0.145 0.253 0.289 0.319 0.292 0.224 0.218 0.129 0.074 0.129 0.238 0.282 0.364 0.459 0.547 0.578 0.546 0.537 0.524 0.493 0.483 0.397 0.176 0.029 0.245 0.338 0.407 0.393 0.401 0.356 0.204 0.195 0.102 0.1 0.074 0.08 0.219 0.361 0.497 0.679 0.718 0.725 0.726 0.715 0.688 0.729 0.722 0.745 0.755 0.759 0.772
0.329 0.35 0.351 0.339 0.27 0.217 0.237 0.481 0.454 0.249 0.228 0.149 0.153 0.142 0.16 0.167 0.158 0.157 0.162 0.144 0.122 0.112 0.091 0.059 0.06 0.17 0.281 0.246 0.278 0.264 0.158 0.047 0.049 0.049 0.143 0.22 0.329 0.46 0.551 0.591 0.544 0.536 0.492 0.425 0.297 0.304 0.352 0.136 0.261 0.385 0.378 0.315 0.247 0.111 0.058 0.12 0.219 0.176 0.2 0.272 0.366 0.477 0.545 0.654 0.713 0.724 0.726 0.732 0.699 0.702 0.75 0.757 0.759 0.759 0.761 0.751
0.348 0.359 0.358 0.32 0.24 0.183 0.249 0.548 0.538 0.28 0.163 0.088 0.132 0.17 0.146 0.117 0.091 0.115 0.11 0.11 0.071 0.044 0.068 0.096 0.169 0.155 0.072 0.054 0.039 -0.045 -0.108 -0.195 -0.15 -0.03 0.119 0.227 0.298 0.315 0.442 0.26 0.178 0.156 0.161 0.098 0.022 0.045 0.27 0.316 0.289 0.216 0.06 -0.003 0.049 0.205 0.336 0.442 0.434 0.381 0.405 0.466 0.547 0.641 0.677 0.709 0.719 0.725 0.721 0.713 0.692 0.74 0.746 0.765 0.778 0.759 0.758 0.719
0.367 0.362 0.349 0.299 0.215 0.159 0.269 0.57 0.519 0.24 0.175 0.133 0.15 0.15 0.123 0.094 0.098 0.095 0.09 0.089 0.082 0.058 0.06 0.07 0.138 0.185 0.114 0.129 0.124 -0.042 -0.065 0.008 0.142 0.258 0.264 0.206 0.148 0.272 0.175 -0.038 -0.069 -0.059 -0.015 -0.078 0.014 0.148 0.172 0.062 -0.069 -0.088 -0.154 -0.138 -0.023 0.327 0.541 0.587 0.567 0.563 0.609 0.641 0.678 0.708 0.707 0.708 0.705 0.711 0.704 0.695 0.703 0.755 0.758 0.742 0.694 0.741 0.741 0.675
