data/climatemaps/RS_maps/climate_winter_pr_2013.asc
NCOLS 369 
NROWS 228 
XLLCORNER 479000 
YLLCORNER 73000 
CELLSIZE 1000 
NODATA_value -9 
[rows 34 to 67 of 228, columns 152 to 227 of 369]
-0.355 -0.352 -0.351 -0.369 -0.398 -0.424 -0.443 -0.455 -0.461 -0.47 -0.483 -0.499 -0.521 -0.542 -0.56 -0.559 -0.54 -0.563 -0.567 -0.544 -0.557 -0.575 -0.555 -0.555 -0.527 -0.528 -0.547 -0.612 -0.699 -0.747 -0.766 -0.751 -0.721 -0.657 -0.596 -0.571 -0.562 -0.574 -0.592 -0.628 -0.643 -0.678 -0.702 -0.734 -0.762 -0.799 -0.842 -0.869 -0.882 -0.894 -0.896 -0.88 -0.857 -0.839 -0.795 -0.748 -0.72 -0.714 -0.712 -0.719 -0.745 -0.797 -0.856 -0.903 -0.932 -0.943 -0.937 -0.924 -0.918 -0.93 -0.944 -0.953 -0.959 -0.966 -0.974 -0.982
-0.341 -0.345 -0.336 -0.339 -0.364 -0.4 -0.421 -0.445 -0.466 -0.487 -0.51 -0.528 -0.548 -0.567 -0.585 -0.579 -0.56 -0.551 -0.561 -0.53 -0.529 -0.54 -0.509 -0.507 -0.497 -0.497 -0.534 -0.606 -0.685 -0.731 -0.745 -0.717 -0.679 -0.622 -0.567 -0.54 -0.52 -0.53 -0.552 -0.582 -0.605 -0.622 -0.659 -0.681 -0.71 -0.75 -0.814 -0.85 -0.865 -0.883 -0.891 -0.877 -0.847 -0.817 -0.795 -0.751 -0.712 -0.688 -0.684 -0.702 -0.735 -0.792 -0.85 -0.9 -0.933 -0.947 -0.947 -0.935 -0.927 -0.928 -0.932 -0.933 -0.932 -0.926 -0.929 -0.938
-0.32 -0.32 -0.319 -0.322 -0.325 -0.354 -0.388 -0.405 -0.428 -0.459 -0.501 -0.536 -0.552 -0.567 -0.592 -0.583 -0.551 -0.538 -0.539 -0.489 -0.471 -0.49 -0.471 -0.469 -0.466 -0.486 -0.536 -0.618 -0.683 -0.72 -0.719 -0.679 -0.624 -0.57 -0.541 -0.521 -0.504 -0.508 -0.534 -0.553 -0.568 -0.577 -0.597 -0.646 -0.678 -0.725 -0.79 -0.835 -0.857 -0.882 -0.89 -0.878 -0.848 -0.803 -0.781 -0.757 -0.726 -0.706 -0.696 -0.712 -0.751 -0.799 -0.842 -0.895 -0.926 -0.942 -0.944 -0.943 -0.941 -0.937 -0.93 -0.92 -0.906 -0.89 -0.883 -0.89
-0.309 -0.289 -0.286 -0.3 -0.304 -0.311 -0.337 -0.361 -0.382 -0.415 -0.464 -0.522 -0.558 -0.572 -0.578 -0.578 -0.531 -0.51 -0.496 -0.467 -0.44 -0.443 -0.445 -0.453 -0.487 -0.52 -0.552 -0.636 -0.692 -0.71 -0.677 -0.634 -0.567 -0.507 -0.488 -0.496 -0.509 -0.517 -0.543 -0.542 -0.536 -0.541 -0.553 -0.591 -0.643 -0.695 -0.766 -0.823 -0.856 -0.882 -0.891 -0.883 -0.852 -0.802 -0.764 -0.751 -0.731 -0.712 -0.718 -0.733 -0.758 -0.795 -0.84 -0.886 -0.913 -0.938 -0.938 -0.938 -0.947 -0.945 -0.932 -0.911 -0.883 -0.861 -0.846 -0.851
-0.298 -0.269 -0.253 -0.252 -0.268 -0.286 -0.288 -0.306 -0.335 -0.365 -0.422 -0.496 -0.551 -0.568 -0.55 -0.554 -0.532 -0.509 -0.495 -0.457 -0.417 -0.418 -0.438 -0.47 -0.512 -0.568 -0.615 -0.662 -0.703 -0.705 -0.668 -0.616 -0.543 -0.48 -0.457 -0.477 -0.51 -0.53 -0.548 -0.544 -0.522 -0.517 -0.522 -0.555 -0.611 -0.675 -0.748 -0.814 -0.853 -0.881 -0.891 -0.885 -0.855 -0.803 -0.758 -0.747 -0.732 -0.701 -0.704 -0.718 -0.734 -0.77 -0.82 -0.862 -0.896 -0.93 -0.939 -0.94 -0.951 -0.946 -0.932 -0.905 -0.872 -0.844 -0.824 -0.824
-0.284 -0.261 -0.235 -0.222 -0.233 -0.261 -0.261 -0.257 -0.274 -0.321 -0.401 -0.479 -0.536 -0.569 -0.579 -0.576 -0.556 -0.542 -0.526 -0.471 -0.425 -0.398 -0.416 -0.443 -0.51 -0.588 -0.638 -0.667 -0.71 -0.727 -0.698 -0.632 -0.558 -0.495 -0.466 -0.487 -0.519 -0.536 -0.534 -0.535 -0.53 -0.522 -0.521 -0.544 -0.601 -0.669 -0.742 -0.809 -0.851 -0.877 -0.887 -0.885 -0.861 -0.811 -0.764 -0.746 -0.738 -0.705 -0.693 -0.691 -0.696 -0.73 -0.771 -0.818 -0.867 -0.907 -0.929 -0.942 -0.949 -0.932 -0.916 -0.895 -0.86 -0.813 -0.78 -0.79
-0.27 -0.246 -0.231 -0.219 -0.225 -0.242 -0.233 -0.203 -0.218 -0.297 -0.393 -0.466 -0.505 -0.53 -0.558 -0.565 -0.574 -0.568 -0.539 -0.498 -0.445 -0.403 -0.415 -0.456 -0.521 -0.606 -0.647 -0.682 -0.732 -0.739 -0.72 -0.677 -0.614 -0.551 -0.51 -0.515 -0.534 -0.54 -0.526 -0.515 -0.511 -0.51 -0.521 -0.546 -0.601 -0.672 -0.742 -0.803 -0.844 -0.87 -0.883 -0.884 -0.867 -0.823 -0.779 -0.753 -0.742 -0.72 -0.698 -0.678 -0.668 -0.687 -0.713 -0.764 -0.829 -0.864 -0.893 -0.924 -0.935 -0.92 -0.897 -0.875 -0.836 -0.786 -0.737 -0.739
-0.296 -0.269 -0.268 -0.249 -0.24 -0.221 -0.201 -0.193 -0.236 -0.302 -0.383 -0.439 -0.465 -0.499 -0.54 -0.548 -0.556 -0.552 -0.532 -0.489 -0.435 -0.404 -0.423 -0.471 -0.547 -0.63 -0.678 -0.715 -0.742 -0.74 -0.714 -0.688 -0.647 -0.608 -0.579 -0.56 -0.557 -0.552 -0.537 -0.524 -0.513 -0.508 -0.516 -0.544 -0.598 -0.672 -0.741 -0.796 -0.834 -0.86 -0.876 -0.883 -0.875 -0.843 -0.803 -0.772 -0.742 -0.724 -0.698 -0.676 -0.655 -0.657 -0.668 -0.722 -0.788 -0.817 -0.844 -0.878 -0.904 -0.905 -0.883 -0.849 -0.815 -0.765 -0.718 -0.706
-0.363 -0.343 -0.33 -0.296 -0.279 -0.239 -0.218 -0.213 -0.256 -0.311 -0.369 -0.412 -0.447 -0.474 -0.506 -0.52 -0.511 -0.509 -0.479 -0.44 -0.405 -0.39 -0.433 -0.503 -0.587 -0.657 -0.696 -0.722 -0.745 -0.739 -0.71 -0.681 -0.653 -0.634 -0.634 -0.619 -0.604 -0.6 -0.592 -0.579 -0.574 -0.563 -0.558 -0.571 -0.611 -0.674 -0.736 -0.786 -0.823 -0.845 -0.867 -0.878 -0.881 -0.866 -0.832 -0.8 -0.764 -0.735 -0.703 -0.676 -0.654 -0.644 -0.648 -0.685 -0.748 -0.78 -0.804 -0.836 -0.862 -0.872 -0.863 -0.838 -0.793 -0.743 -0.699 -0.67
-0.44 -0.422 -0.395 -0.371 -0.331 -0.301 -0.266 -0.244 -0.275 -0.297 -0.354 -0.395 -0.415 -0.43 -0.458 -0.465 -0.448 -0.442 -0.408 -0.381 -0.358 -0.375 -0.451 -0.545 -0.614 -0.664 -0.7 -0.723 -0.743 -0.745 -0.728 -0.699 -0.676 -0.66 -0.668 -0.668 -0.665 -0.662 -0.658 -0.657 -0.657 -0.645 -0.633 -0.629 -0.649 -0.685 -0.734 -0.775 -0.808 -0.83 -0.854 -0.869 -0.881 -0.881 -0.865 -0.837 -0.799 -0.762 -0.729 -0.697 -0.671 -0.652 -0.647 -0.668 -0.711 -0.732 -0.776 -0.796 -0.816 -0.828 -0.836 -0.815 -0.783 -0.736 -0.692 -0.65
-0.485 -0.464 -0.435 -0.406 -0.386 -0.347 -0.301 -0.275 -0.283 -0.284 -0.328 -0.367 -0.366 -0.355 -0.381 -0.391 -0.367 -0.363 -0.332 -0.317 -0.318 -0.379 -0.473 -0.569 -0.627 -0.67 -0.707 -0.725 -0.741 -0.756 -0.754 -0.735 -0.716 -0.69 -0.691 -0.697 -0.698 -0.697 -0.694 -0.712 -0.72 -0.717 -0.71 -0.704 -0.708 -0.722 -0.746 -0.767 -0.79 -0.812 -0.835 -0.857 -0.876 -0.885 -0.882 -0.867 -0.839 -0.803 -0.769 -0.739 -0.706 -0.68 -0.666 -0.674 -0.701 -0.698 -0.722 -0.726 -0.743 -0.78 -0.801 -0.794 -0.776 -0.748 -0.711 -0.675
-0.491 -0.479 -0.456 -0.425 -0.399 -0.372 -0.329 -0.289 -0.278 -0.246 -0.266 -0.31 -0.301 -0.281 -0.3 -0.322 -0.293 -0.285 -0.285 -0.294 -0.328 -0.409 -0.505 -0.595 -0.646 -0.691 -0.72 -0.732 -0.743 -0.76 -0.773 -0.767 -0.752 -0.727 -0.7 -0.695 -0.707 -0.71 -0.717 -0.74 -0.754 -0.76 -0.762 -0.76 -0.757 -0.761 -0.772 -0.782 -0.789 -0.797 -0.813 -0.843 -0.868 -0.884 -0.885 -0.874 -0.858 -0.842 -0.816 -0.785 -0.755 -0.726 -0.705 -0.705 -0.707 -0.687 -0.683 -0.681 -0.698 -0.721 -0.746 -0.769 -0.774 -0.764 -0.744 -0.716
-0.494 -0.472 -0.458 -0.438 -0.411 -0.375 -0.336 -0.277 -0.254 -0.206 -0.2 -0.241 -0.236 -0.24 -0.25 -0.272 -0.258 -0.266 -0.295 -0.319 -0.358 -0.437 -0.537 -0.627 -0.664 -0.701 -0.729 -0.739 -0.749 -0.766 -0.784 -0.787 -0.782 -0.762 -0.719 -0.691 -0.697 -0.708 -0.721 -0.74 -0.757 -0.77 -0.78 -0.785 -0.787 -0.791 -0.795 -0.799 -0.804 -0.804 -0.808 -0.829 -0.856 -0.877 -0.883 -0.875 -0.863 -0.858 -0.85 -0.829 -0.797 -0.773 -0.748 -0.738 -0.723 -0.695 -0.672 -0.662 -0.673 -0.673 -0.687 -0.722 -0.734 -0.744 -0.746 -0.736
-0.502 -0.469 -0.444 -0.425 -0.397 -0.353 -0.311 -0.241 -0.204 -0.17 -0.166 -0.183 -0.192 -0.234 -0.254 -0.277 -0.269 -0.291 -0.325 -0.341 -0.383 -0.469 -0.574 -0.668 -0.692 -0.707 -0.731 -0.746 -0.755 -0.772 -0.793 -0.805 -0.804 -0.792 -0.755 -0.706 -0.681 -0.686 -0.705 -0.734 -0.771 -0.793 -0.807 -0.808 -0.804 -0.804 -0.807 -0.809 -0.81 -0.812 -0.817 -0.828 -0.847 -0.867 -0.878 -0.872 -0.868 -0.869 -0.87 -0.859 -0.837 -0.815 -0.788 -0.77 -0.748 -0.722 -0.69 -0.669 -0.656 -0.65 -0.646 -0.674 -0.688 -0.691 -0.717 -0.728
-0.492 -0.457 -0.423 -0.397 -0.36 -0.303 -0.258 -0.205 -0.158 -0.156 -0.174 -0.185 -0.206 -0.267 -0.323 -0.349 -0.349 -0.371 -0.388 -0.416 -0.469 -0.55 -0.636 -0.714 -0.739 -0.743 -0.742 -0.751 -0.766 -0.779 -0.8 -0.822 -0.825 -0.818 -0.794 -0.742 -0.684 -0.657 -0.671 -0.706 -0.753 -0.801 -0.832 -0.841 -0.844 -0.819 -0.809 -0.805 -0.803 -0.808 -0.816 -0.828 -0.844 -0.86 -0.867 -0.863 -0.863 -0.869 -0.876 -0.874 -0.86 -0.844 -0.825 -0.803 -0.778 -0.754 -0.721 -0.689 -0.657 -0.636 -0.626 -0.645 -0.652 -0.65 -0.678 -0.71
-0.464 -0.425 -0.381 -0.357 -0.322 -0.27 -0.216 -0.204 -0.175 -0.184 -0.221 -0.251 -0.289 -0.339 -0.403 -0.449 -0.475 -0.502 -0.519 -0.548 -0.59 -0.647 -0.705 -0.756 -0.782 -0.79 -0.781 -0.775 -0.777 -0.784 -0.804 -0.829 -0.842 -0.841 -0.827 -0.779 -0.709 -0.652 -0.632 -0.67 -0.72 -0.778 -0.829 -0.858 -0.87 -0.862 -0.843 -0.824 -0.808 -0.804 -0.809 -0.83 -0.843 -0.849 -0.85 -0.847 -0.845 -0.852 -0.866 -0.878 -0.876 -0.865 -0.853 -0.831 -0.804 -0.783 -0.754 -0.719 -0.679 -0.636 -0.63 -0.621 -0.623 -0.62 -0.638 -0.673
-0.42 -0.372 -0.322 -0.315 -0.268 -0.235 -0.217 -0.225 -0.232 -0.234 -0.275 -0.337 -0.379 -0.422 -0.49 -0.544 -0.578 -0.603 -0.621 -0.644 -0.675 -0.714 -0.752 -0.786 -0.808 -0.809 -0.804 -0.797 -0.776 -0.773 -0.788 -0.815 -0.843 -0.856 -0.849 -0.819 -0.744 -0.664 -0.616 -0.631 -0.682 -0.744 -0.804 -0.846 -0.868 -0.869 -0.86 -0.847 -0.832 -0.818 -0.816 -0.835 -0.839 -0.825 -0.818 -0.813 -0.811 -0.816 -0.836 -0.861 -0.877 -0.881 -0.877 -0.857 -0.829 -0.806 -0.784 -0.751 -0.709 -0.664 -0.642 -0.607 -0.596 -0.589 -0.599 -0.639
-0.38 -0.336 -0.302 -0.28 -0.237 -0.242 -0.268 -0.281 -0.317 -0.346 -0.378 -0.434 -0.48 -0.526 -0.581 -0.625 -0.657 -0.678 -0.694 -0.71 -0.734 -0.76 -0.786 -0.811 -0.824 -0.821 -0.816 -0.813 -0.798 -0.785 -0.797 -0.804 -0.833 -0.862 -0.864 -0.843 -0.783 -0.698 -0.625 -0.615 -0.649 -0.706 -0.767 -0.818 -0.841 -0.846 -0.847 -0.846 -0.842 -0.84 -0.845 -0.851 -0.84 -0.803 -0.781 -0.768 -0.761 -0.768 -0.791 -0.824 -0.856 -0.879 -0.888 -0.881 -0.859 -0.828 -0.804 -0.779 -0.742 -0.7 -0.657 -0.613 -0.582 -0.566 -0.578 -0.611
-0.318 -0.308 -0.288 -0.257 -0.246 -0.281 -0.338 -0.382 -0.421 -0.444 -0.47 -0.528 -0.572 -0.612 -0.649 -0.685 -0.715 -0.735 -0.746 -0.758 -0.773 -0.789 -0.809 -0.824 -0.834 -0.825 -0.816 -0.818 -0.815 -0.809 -0.805 -0.808 -0.83 -0.863 -0.874 -0.865 -0.82 -0.74 -0.656 -0.624 -0.635 -0.674 -0.724 -0.78 -0.794 -0.8 -0.81 -0.823 -0.827 -0.834 -0.848 -0.861 -0.852 -0.812 -0.771 -0.732 -0.705 -0.704 -0.733 -0.773 -0.816 -0.855 -0.881 -0.889 -0.878 -0.854 -0.82 -0.797 -0.768 -0.734 -0.687 -0.636 -0.598 -0.576 -0.576 -0.573
-0.252 -0.281 -0.286 -0.287 -0.323 -0.378 -0.423 -0.474 -0.511 -0.532 -0.564 -0.611 -0.632 -0.656 -0.687 -0.723 -0.746 -0.766 -0.771 -0.776 -0.787 -0.793 -0.818 -0.827 -0.835 -0.826 -0.809 -0.811 -0.815 -0.818 -0.816 -0.813 -0.833 -0.862 -0.879 -0.881 -0.853 -0.788 -0.709 -0.661 -0.649 -0.656 -0.691 -0.741 -0.758 -0.76 -0.763 -0.777 -0.794 -0.808 -0.831 -0.855 -0.863 -0.838 -0.785 -0.719 -0.665 -0.642 -0.656 -0.705 -0.761 -0.814 -0.857 -0.882 -0.888 -0.872 -0.841 -0.807 -0.783 -0.757 -0.72 -0.673 -0.632 -0.597 -0.565 -0.538
-0.235 -0.286 -0.334 -0.368 -0.413 -0.465 -0.511 -0.556 -0.591 -0.621 -0.651 -0.669 -0.67 -0.694 -0.725 -0.747 -0.764 -0.776 -0.781 -0.776 -0.78 -0.79 -0.817 -0.826 -0.827 -0.817 -0.805 -0.797 -0.806 -0.817 -0.826 -0.824 -0.835 -0.857 -0.877 -0.887 -0.877 -0.835 -0.763 -0.711 -0.672 -0.646 -0.665 -0.704 -0.725 -0.726 -0.719 -0.713 -0.734 -0.768 -0.804 -0.839 -0.866 -0.859 -0.812 -0.736 -0.663 -0.604 -0.591 -0.619 -0.692 -0.761 -0.818 -0.858 -0.883 -0.882 -0.863 -0.825 -0.796 -0.775 -0.746 -0.705 -0.653 -0.608 -0.558 -0.506
-0.211 -0.29 -0.37 -0.442 -0.499 -0.542 -0.583 -0.616 -0.644 -0.668 -0.687 -0.693 -0.694 -0.722 -0.749 -0.764 -0.763 -0.764 -0.779 -0.777 -0.773 -0.778 -0.807 -0.82 -0.821 -0.807 -0.795 -0.779 -0.792 -0.81 -0.824 -0.836 -0.84 -0.849 -0.869 -0.883 -0.888 -0.868 -0.81 -0.753 -0.696 -0.652 -0.647 -0.674 -0.696 -0.696 -0.686 -0.661 -0.665 -0.717 -0.772 -0.818 -0.859 -0.867 -0.837 -0.765 -0.681 -0.598 -0.552 -0.551 -0.611 -0.696 -0.766 -0.821 -0.861 -0.876 -0.869 -0.844 -0.808 -0.787 -0.765 -0.731 -0.666 -0.608 -0.553 -0.506
-0.269 -0.344 -0.429 -0.502 -0.554 -0.588 -0.621 -0.641 -0.654 -0.667 -0.68 -0.689 -0.698 -0.734 -0.758 -0.769 -0.751 -0.748 -0.759 -0.777 -0.774 -0.771 -0.789 -0.812 -0.819 -0.813 -0.792 -0.767 -0.772 -0.793 -0.814 -0.828 -0.839 -0.845 -0.857 -0.87 -0.886 -0.885 -0.849 -0.791 -0.733 -0.679 -0.656 -0.656 -0.666 -0.663 -0.66 -0.642 -0.618 -0.662 -0.736 -0.791 -0.843 -0.869 -0.854 -0.789 -0.705 -0.619 -0.542 -0.506 -0.534 -0.622 -0.705 -0.775 -0.829 -0.86 -0.867 -0.851 -0.819 -0.795 -0.778 -0.748 -0.7 -0.631 -0.562 -0.519
-0.359 -0.432 -0.495 -0.553 -0.598 -0.615 -0.626 -0.629 -0.63 -0.633 -0.649 -0.667 -0.69 -0.731 -0.757 -0.769 -0.749 -0.739 -0.74 -0.764 -0.766 -0.757 -0.767 -0.794 -0.81 -0.812 -0.792 -0.765 -0.758 -0.776 -0.796 -0.806 -0.825 -0.837 -0.845 -0.856 -0.875 -0.889 -0.876 -0.831 -0.773 -0.719 -0.677 -0.649 -0.64 -0.627 -0.639 -0.615 -0.596 -0.605 -0.694 -0.753 -0.818 -0.86 -0.864 -0.81 -0.728 -0.642 -0.557 -0.478 -0.478 -0.548 -0.638 -0.721 -0.79 -0.837 -0.855 -0.849 -0.827 -0.808 -0.788 -0.761 -0.724 -0.665 -0.601 -0.547
-0.439 -0.487 -0.528 -0.587 -0.628 -0.631 -0.633 -0.619 -0.607 -0.604 -0.619 -0.639 -0.669 -0.716 -0.75 -0.767 -0.751 -0.733 -0.73 -0.752 -0.755 -0.746 -0.749 -0.767 -0.787 -0.8 -0.795 -0.776 -0.761 -0.767 -0.779 -0.778 -0.788 -0.812 -0.83 -0.843 -0.86 -0.883 -0.889 -0.868 -0.817 -0.759 -0.706 -0.662 -0.634 -0.608 -0.623 -0.589 -0.57 -0.575 -0.653 -0.709 -0.779 -0.842 -0.869 -0.835 -0.77 -0.69 -0.591 -0.496 -0.46 -0.486 -0.568 -0.662 -0.742 -0.804 -0.843 -0.846 -0.834 -0.815 -0.796 -0.773 -0.743 -0.697 -0.629 -0.559
-0.497 -0.516 -0.547 -0.623 -0.659 -0.67 -0.672 -0.657 -0.629 -0.608 -0.602 -0.609 -0.643 -0.694 -0.735 -0.762 -0.751 -0.731 -0.719 -0.741 -0.742 -0.739 -0.737 -0.738 -0.752 -0.78 -0.794 -0.788 -0.772 -0.77 -0.76 -0.75 -0.74 -0.763 -0.799 -0.823 -0.84 -0.866 -0.888 -0.889 -0.855 -0.801 -0.745 -0.694 -0.641 -0.623 -0.616 -0.567 -0.546 -0.533 -0.613 -0.669 -0.733 -0.815 -0.861 -0.858 -0.81 -0.725 -0.634 -0.541 -0.465 -0.453 -0.513 -0.604 -0.693 -0.766 -0.819 -0.839 -0.837 -0.819 -0.8 -0.783 -0.758 -0.722 -0.658 -0.583
-0.56 -0.573 -0.603 -0.655 -0.683 -0.703 -0.709 -0.69 -0.647 -0.607 -0.578 -0.577 -0.614 -0.667 -0.715 -0.752 -0.745 -0.727 -0.719 -0.739 -0.736 -0.723 -0.713 -0.712 -0.722 -0.753 -0.783 -0.796 -0.786 -0.779 -0.75 -0.717 -0.7 -0.704 -0.753 -0.791 -0.82 -0.847 -0.877 -0.894 -0.88 -0.837 -0.791 -0.73 -0.684 -0.66 -0.606 -0.553 -0.528 -0.481 -0.554 -0.626 -0.684 -0.777 -0.841 -0.863 -0.834 -0.76 -0.67 -0.577 -0.481 -0.44 -0.486 -0.558 -0.646 -0.728 -0.791 -0.824 -0.834 -0.822 -0.804 -0.786 -0.767 -0.738 -0.691 -0.623
-0.626 -0.639 -0.653 -0.674 -0.695 -0.717 -0.728 -0.71 -0.661 -0.614 -0.573 -0.568 -0.596 -0.644 -0.699 -0.738 -0.74 -0.722 -0.711 -0.727 -0.734 -0.717 -0.702 -0.69 -0.697 -0.714 -0.765 -0.794 -0.793 -0.779 -0.741 -0.686 -0.652 -0.645 -0.694 -0.746 -0.791 -0.829 -0.863 -0.891 -0.892 -0.867 -0.829 -0.774 -0.737 -0.676 -0.6 -0.546 -0.503 -0.439 -0.501 -0.569 -0.63 -0.726 -0.809 -0.853 -0.854 -0.798 -0.722 -0.632 -0.531 -0.465 -0.484 -0.544 -0.616 -0.695 -0.759 -0.803 -0.826 -0.822 -0.808 -0.788 -0.77 -0.747 -0.715 -0.663
-0.665 -0.664 -0.664 -0.679 -0.699 -0.722 -0.739 -0.729 -0.687 -0.637 -0.583 -0.565 -0.587 -0.619 -0.686 -0.717 -0.733 -0.729 -0.705 -0.701 -0.717 -0.718 -0.704 -0.692 -0.678 -0.685 -0.744 -0.786 -0.793 -0.776 -0.73 -0.662 -0.608 -0.592 -0.63 -0.69 -0.749 -0.797 -0.842 -0.88 -0.892 -0.881 -0.853 -0.816 -0.776 -0.709 -0.622 -0.54 -0.489 -0.404 -0.441 -0.517 -0.584 -0.664 -0.761 -0.826 -0.855 -0.829 -0.775 -0.703 -0.616 -0.534 -0.511 -0.551 -0.613 -0.679 -0.731 -0.773 -0.804 -0.813 -0.805 -0.789 -0.772 -0.756 -0.731 -0.693
-0.678 -0.667 -0.666 -0.677 -0.698 -0.718 -0.745 -0.744 -0.707 -0.651 -0.606 -0.585 -0.586 -0.598 -0.667 -0.71 -0.71 -0.715 -0.701 -0.676 -0.671 -0.693 -0.704 -0.693 -0.679 -0.674 -0.731 -0.779 -0.792 -0.771 -0.727 -0.653 -0.571 -0.544 -0.56 -0.623 -0.699 -0.757 -0.814 -0.863 -0.885 -0.886 -0.867 -0.834 -0.803 -0.744 -0.65 -0.56 -0.483 -0.395 -0.39 -0.456 -0.534 -0.598 -0.694 -0.782 -0.833 -0.846 -0.82 -0.772 -0.708 -0.637 -0.592 -0.588 -0.629 -0.683 -0.722 -0.75 -0.778 -0.795 -0.794 -0.784 -0.772 -0.764 -0.748 -0.718
-0.686 -0.668 -0.665 -0.682 -0.695 -0.714 -0.745 -0.752 -0.728 -0.682 -0.629 -0.609 -0.582 -0.582 -0.641 -0.697 -0.703 -0.691 -0.677 -0.646 -0.61 -0.632 -0.668 -0.68 -0.661 -0.659 -0.721 -0.774 -0.794 -0.772 -0.726 -0.651 -0.554 -0.501 -0.504 -0.552 -0.639 -0.713 -0.778 -0.84 -0.871 -0.884 -0.874 -0.845 -0.817 -0.766 -0.682 -0.574 -0.491 -0.431 -0.369 -0.39 -0.47 -0.538 -0.612 -0.72 -0.792 -0.831 -0.84 -0.822 -0.787 -0.742 -0.702 -0.67 -0.667 -0.697 -0.725 -0.74 -0.761 -0.776 -0.777 -0.776 -0.769 -0.767 -0.758 -0.739
-0.679 -0.668 -0.667 -0.684 -0.69 -0.703 -0.734 -0.756 -0.749 -0.703 -0.652 -0.622 -0.581 -0.573 -0.626 -0.686 -0.693 -0.673 -0.645 -0.61 -0.562 -0.566 -0.607 -0.649 -0.663 -0.665 -0.71 -0.765 -0.791 -0.78 -0.726 -0.656 -0.556 -0.473 -0.456 -0.489 -0.57 -0.661 -0.733 -0.81 -0.851 -0.874 -0.875 -0.857 -0.83 -0.78 -0.707 -0.606 -0.515 -0.452 -0.388 -0.355 -0.402 -0.482 -0.532 -0.638 -0.733 -0.79 -0.826 -0.839 -0.834 -0.817 -0.794 -0.765 -0.735 -0.725 -0.732 -0.739 -0.75 -0.769 -0.769 -0.767 -0.766 -0.765 -0.762 -0.754
-0.672 -0.668 -0.668 -0.682 -0.684 -0.689 -0.717 -0.751 -0.761 -0.731 -0.681 -0.638 -0.602 -0.575 -0.616 -0.672 -0.681 -0.662 -0.625 -0.576 -0.522 -0.501 -0.53 -0.581 -0.632 -0.663 -0.685 -0.739 -0.781 -0.785 -0.736 -0.668 -0.568 -0.461 -0.418 -0.436 -0.505 -0.599 -0.686 -0.771 -0.826 -0.858 -0.867 -0.859 -0.84 -0.795 -0.725 -0.636 -0.56 -0.49 -0.424 -0.376 -0.355 -0.426 -0.479 -0.541 -0.645 -0.721 -0.779 -0.814 -0.832 -0.84 -0.837 -0.826 -0.804 -0.774 -0.751 -0.752 -0.76 -0.774 -0.777 -0.774 -0.768 -0.765 -0.765 -0.764
-0.664 -0.655 -0.658 -0.675 -0.679 -0.686 -0.704 -0.738 -0.762 -0.753 -0.719 -0.66 -0.612 -0.582 -0.607 -0.659 -0.677 -0.655 -0.61 -0.54 -0.491 -0.453 -0.444 -0.481 -0.561 -0.617 -0.638 -0.689 -0.758 -0.78 -0.749 -0.684 -0.59 -0.472 -0.395 -0.392 -0.447 -0.533 -0.634 -0.726 -0.796 -0.838 -0.856 -0.851 -0.841 -0.81 -0.754 -0.668 -0.598 -0.531 -0.467 -0.42 -0.355 -0.37 -0.443 -0.474 -0.535 -0.627 -0.702 -0.753 -0.793 -0.822 -0.836 -0.842 -0.84 -0.825 -0.805 -0.79 -0.789 -0.794 -0.797 -0.791 -0.776 -0.77 -0.771 -0.768
