data/climatemaps/RS_maps/climate_breeding_tmp_2013.asc
NCOLS 369 
NROWS 228 
XLLCORNER 479000 
YLLCORNER 73000 
CELLSIZE 1000 
NODATA_value -9 
[rows 102 to 135 of 228, columns 76 to 151 of 369]
0.973 0.973 0.973 0.973 0.973 0.973 0.973 0.969 0.97 0.963 0.925 0.88 0.844 0.798 0.818 0.903 0.955 0.961 0.963 0.963 0.963 0.944 0.903 0.822 0.786 0.831 0.856 0.866 0.847 0.881 0.804 0.708 0.7 0.687 0.733 0.74 0.748 0.729 0.728 0.755 0.749 0.759 0.734 0.772 0.793 0.824 0.79 0.77 0.77 0.724 0.658 0.587 0.593 0.718 0.65 0.501 0.446 0.542 0.499 0.331 0.326 0.323 0.258 0.219 0.107 0.257 0.362 0.496 0.579 0.524 0.526 0.542 0.514 0.465 0.37 0.193
0.973 0.973 0.973 0.973 0.973 0.973 0.973 0.973 0.965 0.909 0.861 0.789 0.784 0.79 0.891 0.959 0.963 0.963 0.966 0.963 0.948 0.897 0.821 0.774 0.773 0.796 0.829 0.847 0.83 0.881 0.8 0.75 0.717 0.713 0.708 0.692 0.691 0.652 0.656 0.712 0.747 0.676 0.673 0.753 0.738 0.746 0.798 0.795 0.781 0.753 0.746 0.713 0.68 0.702 0.699 0.614 0.554 0.494 0.504 0.467 0.394 0.325 0.264 0.192 0.108 0.254 0.427 0.568 0.528 0.429 0.386 0.368 0.446 0.508 0.395 0.255
0.973 0.973 0.973 0.973 0.973 0.973 0.973 0.969 0.926 0.87 0.837 0.841 0.866 0.921 0.964 0.968 0.964 0.968 0.963 0.946 0.915 0.852 0.795 0.76 0.754 0.768 0.82 0.823 0.825 0.877 0.783 0.744 0.717 0.688 0.677 0.681 0.657 0.634 0.631 0.713 0.656 0.665 0.716 0.702 0.562 0.489 0.702 0.797 0.831 0.793 0.731 0.731 0.73 0.657 0.679 0.675 0.6 0.492 0.493 0.464 0.349 0.257 0.245 0.262 0.269 0.292 0.457 0.546 0.519 0.348 0.244 0.167 0.3 0.389 0.46 0.443
0.975 0.975 0.974 0.974 0.973 0.973 0.968 0.937 0.884 0.865 0.865 0.916 0.951 0.959 0.964 0.968 0.97 0.96 0.944 0.918 0.884 0.815 0.792 0.766 0.747 0.772 0.833 0.835 0.83 0.875 0.813 0.776 0.708 0.67 0.661 0.664 0.655 0.641 0.662 0.668 0.614 0.661 0.657 0.636 0.595 0.49 0.552 0.759 0.833 0.832 0.789 0.733 0.749 0.718 0.694 0.668 0.608 0.542 0.498 0.459 0.35 0.336 0.349 0.321 0.312 0.418 0.496 0.434 0.479 0.472 0.382 0.181 0.118 0.225 0.296 0.297
0.978 0.978 0.976 0.977 0.971 0.964 0.935 0.889 0.861 0.866 0.909 0.961 0.963 0.963 0.963 0.963 0.952 0.929 0.92 0.871 0.803 0.742 0.791 0.805 0.791 0.795 0.805 0.822 0.852 0.869 0.796 0.756 0.743 0.732 0.722 0.689 0.665 0.664 0.685 0.625 0.551 0.619 0.617 0.577 0.411 0.486 0.515 0.577 0.78 0.827 0.828 0.801 0.78 0.732 0.718 0.659 0.551 0.465 0.402 0.448 0.499 0.517 0.518 0.475 0.449 0.498 0.439 0.289 0.286 0.459 0.417 0.281 0.2 0.102 0.222 0.185
0.978 0.978 0.978 0.969 0.953 0.933 0.903 0.882 0.868 0.879 0.941 0.962 0.962 0.961 0.963 0.951 0.921 0.917 0.87 0.803 0.751 0.761 0.797 0.797 0.807 0.779 0.782 0.858 0.837 0.818 0.826 0.818 0.794 0.779 0.789 0.773 0.73 0.712 0.707 0.609 0.645 0.627 0.592 0.521 0.377 0.352 0.347 0.404 0.626 0.805 0.816 0.806 0.806 0.757 0.711 0.648 0.513 0.348 0.312 0.465 0.566 0.555 0.494 0.435 0.494 0.451 0.357 0.323 0.173 0.28 0.433 0.445 0.253 0.064 0.12 0.056
0.98 0.978 0.973 0.942 0.915 0.909 0.894 0.901 0.912 0.923 0.957 0.961 0.958 0.96 0.951 0.916 0.877 0.875 0.833 0.803 0.762 0.78 0.75 0.74 0.749 0.775 0.807 0.825 0.784 0.74 0.74 0.762 0.762 0.732 0.741 0.733 0.7 0.689 0.737 0.643 0.619 0.574 0.51 0.483 0.374 0.298 0.296 0.375 0.524 0.77 0.719 0.704 0.803 0.792 0.73 0.661 0.548 0.432 0.465 0.576 0.547 0.449 0.352 0.322 0.387 0.296 0.254 0.258 0.149 0.123 0.294 0.447 0.27 0.129 0.044 0.002
0.983 0.979 0.947 0.905 0.889 0.899 0.907 0.925 0.946 0.954 0.958 0.958 0.958 0.944 0.908 0.849 0.849 0.802 0.794 0.794 0.781 0.749 0.708 0.7 0.743 0.799 0.813 0.784 0.762 0.713 0.694 0.7 0.718 0.714 0.724 0.669 0.62 0.614 0.702 0.618 0.535 0.524 0.477 0.451 0.432 0.339 0.297 0.37 0.565 0.777 0.537 0.506 0.747 0.801 0.765 0.696 0.626 0.575 0.593 0.593 0.456 0.348 0.227 0.245 0.246 0.134 0.103 0.172 0.178 0.096 0.239 0.346 0.419 0.283 0.139 0.03
0.98 0.947 0.915 0.884 0.883 0.912 0.941 0.952 0.958 0.958 0.958 0.954 0.945 0.897 0.827 0.792 0.817 0.75 0.75 0.763 0.755 0.72 0.665 0.695 0.781 0.793 0.778 0.743 0.715 0.7 0.687 0.684 0.682 0.657 0.673 0.638 0.574 0.544 0.643 0.606 0.511 0.488 0.421 0.346 0.388 0.41 0.353 0.378 0.611 0.787 0.515 0.423 0.605 0.783 0.787 0.711 0.617 0.525 0.541 0.561 0.346 0.236 0.085 0.103 0.064 0.054 0.077 0.188 0.271 0.233 0.286 0.318 0.414 0.333 0.176 -0.004
0.955 0.915 0.896 0.879 0.899 0.934 0.956 0.958 0.958 0.958 0.946 0.928 0.869 0.825 0.784 0.808 0.778 0.747 0.743 0.735 0.701 0.718 0.683 0.743 0.787 0.768 0.737 0.69 0.666 0.65 0.666 0.689 0.66 0.623 0.62 0.609 0.498 0.542 0.61 0.568 0.532 0.514 0.408 0.351 0.328 0.318 0.321 0.36 0.59 0.789 0.531 0.406 0.485 0.722 0.793 0.733 0.606 0.476 0.507 0.493 0.204 0.13 0.071 0.099 0.112 0.15 0.208 0.257 0.298 0.25 0.279 0.274 0.32 0.316 0.204 0.043
0.922 0.909 0.894 0.886 0.924 0.954 0.958 0.958 0.958 0.953 0.925 0.861 0.767 0.715 0.751 0.793 0.753 0.729 0.71 0.663 0.65 0.723 0.775 0.775 0.766 0.752 0.708 0.662 0.64 0.637 0.642 0.667 0.644 0.585 0.561 0.593 0.531 0.575 0.563 0.496 0.489 0.5 0.449 0.428 0.38 0.294 0.21 0.27 0.528 0.78 0.634 0.448 0.439 0.679 0.793 0.756 0.636 0.477 0.515 0.495 0.301 0.252 0.221 0.208 0.213 0.18 0.175 0.268 0.241 0.116 0.125 0.126 0.26 0.249 0.193 0.084
0.911 0.909 0.901 0.93 0.954 0.958 0.958 0.958 0.952 0.932 0.883 0.792 0.726 0.711 0.774 0.746 0.728 0.705 0.648 0.657 0.694 0.765 0.799 0.762 0.751 0.717 0.692 0.659 0.64 0.619 0.591 0.639 0.618 0.573 0.516 0.526 0.563 0.542 0.47 0.506 0.514 0.45 0.428 0.393 0.366 0.343 0.242 0.249 0.472 0.75 0.757 0.614 0.507 0.673 0.791 0.768 0.675 0.56 0.606 0.576 0.437 0.319 0.217 0.118 0.136 0.093 0.111 0.222 0.177 0.026 -0.035 -0.011 0.19 0.271 0.176 0.024
0.91 0.913 0.937 0.952 0.958 0.958 0.958 0.955 0.94 0.906 0.86 0.807 0.791 0.767 0.723 0.705 0.695 0.678 0.667 0.724 0.755 0.737 0.746 0.777 0.739 0.664 0.652 0.66 0.645 0.605 0.587 0.601 0.57 0.564 0.495 0.509 0.573 0.485 0.423 0.507 0.508 0.502 0.457 0.351 0.235 0.248 0.238 0.244 0.445 0.685 0.782 0.748 0.651 0.681 0.766 0.774 0.712 0.674 0.655 0.506 0.268 0.133 0.023 0.036 0.111 0.118 0.117 0.176 0.204 0.073 0.021 -0.054 0.059 0.185 0.199 0.036
0.88 0.921 0.932 0.928 0.939 0.953 0.943 0.914 0.916 0.899 0.858 0.768 0.741 0.666 0.658 0.657 0.593 0.643 0.716 0.752 0.699 0.684 0.707 0.738 0.741 0.632 0.631 0.656 0.65 0.605 0.597 0.54 0.479 0.492 0.498 0.532 0.487 0.453 0.436 0.449 0.442 0.457 0.45 0.313 0.267 0.286 0.273 0.289 0.409 0.605 0.765 0.769 0.668 0.69 0.733 0.773 0.744 0.717 0.657 0.393 0.178 0.091 0.078 0.204 0.184 0.183 0.162 0.15 0.2 0.222 0.151 0.057 -0.079 -0.085 0.168 0.244
0.84 0.876 0.902 0.871 0.899 0.944 0.926 0.892 0.866 0.771 0.826 0.785 0.724 0.681 0.648 0.607 0.603 0.679 0.693 0.677 0.685 0.676 0.648 0.738 0.703 0.62 0.64 0.631 0.595 0.563 0.558 0.485 0.412 0.431 0.472 0.5 0.437 0.424 0.397 0.406 0.439 0.478 0.449 0.422 0.414 0.41 0.413 0.394 0.452 0.57 0.747 0.766 0.66 0.706 0.712 0.767 0.745 0.703 0.629 0.437 0.383 0.304 0.308 0.312 0.231 0.245 0.228 0.226 0.217 0.144 0.059 -0.026 -0.078 -0.159 -0.077 -0.069
0.755 0.797 0.833 0.853 0.917 0.937 0.903 0.84 0.736 0.69 0.763 0.765 0.706 0.663 0.639 0.585 0.628 0.688 0.655 0.649 0.605 0.615 0.641 0.735 0.717 0.639 0.644 0.646 0.6 0.529 0.492 0.477 0.42 0.444 0.43 0.406 0.359 0.388 0.344 0.356 0.41 0.45 0.475 0.419 0.307 0.273 0.323 0.424 0.45 0.49 0.702 0.759 0.678 0.709 0.723 0.759 0.732 0.701 0.555 0.517 0.458 0.406 0.361 0.351 0.336 0.299 0.257 0.224 0.166 0.045 -0.153 -0.274 -0.378 -0.387 -0.358 -0.269
0.672 0.721 0.822 0.88 0.93 0.932 0.876 0.804 0.705 0.694 0.716 0.714 0.734 0.709 0.705 0.674 0.669 0.634 0.641 0.649 0.614 0.625 0.67 0.72 0.642 0.581 0.586 0.608 0.604 0.562 0.536 0.494 0.444 0.442 0.445 0.328 0.338 0.338 0.279 0.309 0.345 0.4 0.432 0.297 0.173 0.084 0.15 0.283 0.423 0.457 0.689 0.745 0.694 0.663 0.725 0.758 0.734 0.722 0.492 0.527 0.42 0.359 0.394 0.415 0.383 0.344 0.259 0.176 0.048 -0.035 -0.131 -0.088 -0.184 -0.163 -0.201 -0.153
0.654 0.763 0.858 0.911 0.931 0.916 0.849 0.768 0.679 0.689 0.694 0.682 0.669 0.647 0.649 0.645 0.619 0.643 0.687 0.721 0.705 0.71 0.731 0.714 0.606 0.541 0.55 0.577 0.54 0.536 0.518 0.505 0.471 0.387 0.392 0.281 0.281 0.219 0.156 0.201 0.318 0.369 0.402 0.366 0.256 0.225 0.24 0.285 0.305 0.409 0.653 0.73 0.698 0.671 0.736 0.758 0.758 0.754 0.618 0.603 0.594 0.534 0.509 0.47 0.421 0.352 0.316 0.187 0.111 0.115 0.088 0.047 0.005 -0.009 -0.014 -0.118
0.717 0.798 0.881 0.922 0.927 0.864 0.748 0.66 0.627 0.661 0.658 0.633 0.571 0.547 0.578 0.603 0.625 0.667 0.696 0.672 0.715 0.723 0.706 0.672 0.621 0.564 0.547 0.539 0.483 0.42 0.423 0.424 0.444 0.383 0.331 0.188 0.099 0.048 0.036 0.13 0.283 0.311 0.349 0.298 0.286 0.285 0.213 0.211 0.226 0.424 0.671 0.662 0.648 0.634 0.701 0.753 0.751 0.75 0.723 0.702 0.638 0.482 0.354 0.253 0.171 0.105 0.198 0.251 0.154 0.059 -0.057 -0.143 -0.261 -0.206 -0.152 -0.179
0.783 0.794 0.88 0.933 0.881 0.772 0.677 0.597 0.602 0.631 0.624 0.596 0.532 0.54 0.555 0.583 0.629 0.658 0.664 0.667 0.709 0.676 0.657 0.625 0.622 0.591 0.564 0.506 0.456 0.363 0.341 0.337 0.381 0.391 0.323 0.187 0.058 -0.022 0.036 0.145 0.153 0.179 0.197 0.193 0.154 0.085 0.039 0.096 0.277 0.537 0.688 0.597 0.609 0.637 0.665 0.732 0.741 0.739 0.738 0.716 0.535 0.356 0.218 0.103 0.037 0.037 0.082 0.156 0.038 -0.08 -0.193 -0.317 -0.44 -0.285 -0.536 -0.495
0.765 0.814 0.906 0.91 0.804 0.722 0.639 0.576 0.602 0.598 0.569 0.576 0.56 0.562 0.559 0.612 0.63 0.628 0.651 0.697 0.663 0.605 0.57 0.555 0.54 0.57 0.578 0.499 0.44 0.382 0.321 0.239 0.295 0.366 0.417 0.276 0.208 0.118 0.002 -0.029 -0.069 -0.074 -0.017 0.004 -0.024 -0.09 -0.184 -0.032 0.212 0.51 0.653 0.618 0.593 0.623 0.648 0.716 0.732 0.734 0.737 0.724 0.491 0.332 0.215 0.071 -0.067 -0.048 -0.028 0.058 -0.056 -0.234 -0.273 -0.443 -0.65 -0.602 -0.864 -0.752
0.714 0.878 0.906 0.829 0.732 0.675 0.604 0.562 0.579 0.563 0.542 0.568 0.555 0.564 0.58 0.631 0.585 0.589 0.635 0.674 0.611 0.525 0.488 0.501 0.509 0.528 0.537 0.484 0.441 0.395 0.249 0.169 0.257 0.351 0.42 0.335 0.254 0.092 -0.12 -0.275 -0.348 -0.303 -0.221 -0.251 -0.262 -0.264 -0.396 -0.18 0.127 0.428 0.592 0.606 0.587 0.606 0.646 0.697 0.724 0.726 0.729 0.735 0.646 0.483 0.248 0.087 -0.028 -0.188 -0.147 -0.026 -0.232 -0.41 -0.412 -0.645 -0.772 -0.88 -0.895 -0.686
0.75 0.913 0.862 0.742 0.644 0.596 0.531 0.517 0.532 0.573 0.598 0.604 0.594 0.599 0.621 0.633 0.584 0.584 0.603 0.637 0.589 0.507 0.478 0.438 0.494 0.476 0.475 0.417 0.41 0.409 0.286 0.242 0.307 0.362 0.384 0.207 0.028 -0.176 -0.377 -0.501 -0.505 -0.486 -0.447 -0.537 -0.501 -0.481 -0.501 -0.205 0.117 0.337 0.549 0.577 0.541 0.573 0.634 0.665 0.71 0.722 0.727 0.739 0.73 0.646 0.412 0.239 0.027 -0.112 -0.04 -0.056 -0.299 -0.524 -0.69 -0.684 -0.591 -0.93 -0.819 -0.602
0.825 0.882 0.762 0.649 0.558 0.519 0.468 0.471 0.547 0.601 0.619 0.644 0.641 0.647 0.638 0.614 0.58 0.597 0.586 0.617 0.568 0.499 0.448 0.412 0.393 0.378 0.33 0.318 0.3 0.345 0.338 0.236 0.262 0.33 0.313 0.037 -0.218 -0.329 -0.378 -0.443 -0.348 -0.475 -0.541 -0.572 -0.624 -0.606 -0.445 -0.22 -0.089 0.127 0.463 0.538 0.544 0.55 0.608 0.637 0.665 0.701 0.732 0.736 0.737 0.727 0.652 0.45 0.163 0.062 0.149 -0.062 -0.344 -0.717 -0.767 -0.418 -0.761 -0.941 -0.707 -0.579
0.885 0.769 0.682 0.578 0.494 0.461 0.462 0.522 0.591 0.606 0.633 0.604 0.583 0.598 0.589 0.58 0.576 0.573 0.582 0.581 0.519 0.404 0.345 0.365 0.277 0.235 0.151 0.118 0.067 0.19 0.237 0.043 0.038 0.175 0.263 0.1 -0.049 -0.109 -0.167 -0.226 -0.143 -0.289 -0.335 -0.382 -0.502 -0.635 -0.447 -0.434 -0.306 -0.105 0.166 0.365 0.499 0.546 0.571 0.599 0.621 0.66 0.694 0.734 0.736 0.737 0.734 0.657 0.42 0.327 0.244 0.011 -0.4 -0.646 -0.383 -0.591 -0.978 -0.799 -0.586 -0.341
0.82 0.681 0.614 0.517 0.479 0.539 0.539 0.59 0.595 0.597 0.593 0.536 0.52 0.518 0.471 0.472 0.517 0.508 0.536 0.566 0.428 0.284 0.223 0.359 0.178 0.023 -0.108 -0.137 -0.02 0.167 0.009 -0.288 -0.312 -0.199 0.097 0.178 0.073 0.071 0.059 -0.037 -0.172 -0.171 -0.39 -0.459 -0.677 -0.753 -0.758 -0.769 -0.637 -0.552 -0.37 -0.112 0.092 0.406 0.562 0.595 0.541 0.541 0.649 0.685 0.717 0.739 0.739 0.733 0.679 0.606 0.457 0.247 -0.261 -0.214 -0.583 -0.904 -0.788 -0.414 -0.489 -0.116
0.753 0.596 0.546 0.488 0.556 0.593 0.593 0.585 0.559 0.572 0.495 0.464 0.452 0.409 0.39 0.387 0.412 0.479 0.583 0.519 0.421 0.386 0.425 0.3 0.04 -0.198 -0.375 -0.207 0.048 0.033 -0.096 -0.434 -0.508 -0.239 0.119 0.023 -0.307 -0.139 -0.127 -0.268 -0.427 -0.26 -0.69 -0.798 -1.035 -1.011 -0.992 -0.928 -0.972 -0.962 -0.873 -0.762 -0.595 -0.173 0.138 0.434 0.61 0.643 0.664 0.669 0.647 0.704 0.737 0.734 0.732 0.727 0.715 0.58 0.197 -0.253 -0.737 -0.66 -0.322 -0.193 -0.182 0.324
0.688 0.544 0.492 0.515 0.57 0.561 0.514 0.474 0.546 0.476 0.368 0.358 0.311 0.265 0.111 0.136 0.277 0.409 0.581 0.594 0.466 0.501 0.358 0.156 -0.117 -0.489 -0.411 -0.091 -0.134 -0.195 -0.202 -0.571 -0.473 -0.168 0.107 -0.171 -0.488 -0.178 -0.215 -0.506 -0.606 -0.418 -0.84 -1.128 -1.018 -1.003 -0.94 -0.577 -0.453 -0.46 -0.509 -0.809 -0.951 -0.65 -0.458 -0.078 0.071 0.475 0.622 0.673 0.642 0.624 0.692 0.704 0.733 0.736 0.744 0.73 0.42 -0.235 -0.321 -0.183 0.127 -0.054 0.176 0.527
0.613 0.48 0.485 0.528 0.568 0.551 0.439 0.439 0.51 0.394 0.302 0.224 0.136 0.119 0.008 0.109 0.293 0.419 0.535 0.608 0.565 0.398 0.255 0.042 -0.306 -0.551 -0.336 -0.151 -0.231 -0.4 -0.318 -0.542 -0.34 -0.084 -0.032 -0.392 -0.551 -0.276 -0.136 -0.504 -0.635 -0.616 -0.996 -0.879 -0.71 -0.46 -0.816 -0.643 -0.256 -0.499 -0.892 -0.869 -0.824 -0.955 -0.815 -0.616 -0.235 0.189 0.4 0.563 0.654 0.622 0.63 0.653 0.716 0.737 0.738 0.738 0.599 0.288 0.315 0.381 0.541 0.351 0.562 0.681
0.547 0.455 0.472 0.521 0.582 0.53 0.428 0.469 0.448 0.334 0.234 0.173 0.079 0.078 0.125 0.286 0.437 0.555 0.607 0.597 0.469 0.236 0.093 -0.131 -0.426 -0.602 -0.5 -0.392 -0.294 -0.524 -0.473 -0.561 -0.276 -0.005 -0.099 -0.401 -0.481 -0.39 -0.223 -0.672 -0.836 -0.844 -1.01 -0.946 -0.849 -0.314 -0.209 -0.184 -0.208 -0.64 -0.721 -0.701 -0.552 -0.476 -0.405 -0.301 -0.323 -0.121 0.013 0.513 0.625 0.627 0.581 0.537 0.638 0.713 0.734 0.734 0.731 0.715 0.731 0.729 0.727 0.725 0.72 0.705
0.481 0.428 0.476 0.537 0.566 0.512 0.464 0.478 0.368 0.292 0.227 0.172 0.126 0.195 0.29 0.388 0.505 0.575 0.603 0.553 0.38 0.142 -0.138 -0.332 -0.405 -0.51 -0.551 -0.468 -0.412 -0.566 -0.463 -0.37 -0.039 0.005 -0.261 -0.656 -0.594 -0.422 -0.427 -0.812 -1.011 -1.068 -0.85 -0.621 -0.317 -0.103 0.097 -0.003 -0.093 -0.147 -0.061 -0.064 -0.026 0.096 0.163 0.248 0.32 0.463 0.445 0.412 0.491 0.516 0.569 0.48 0.509 0.612 0.694 0.705 0.729 0.734 0.737 0.73 0.72 0.726 0.686 0.485
0.42 0.448 0.51 0.535 0.512 0.481 0.483 0.427 0.296 0.238 0.21 0.176 0.174 0.237 0.308 0.427 0.531 0.553 0.575 0.524 0.296 0.007 -0.274 -0.282 -0.258 -0.239 -0.203 -0.275 -0.278 -0.447 -0.428 -0.247 -0.033 -0.214 -0.423 -0.766 -0.749 -0.742 -0.829 -0.862 -0.791 -0.649 -0.339 -0.053 0.144 0.27 0.293 0.33 0.319 0.32 0.324 0.356 0.393 0.424 0.444 0.527 0.51 0.43 0.332 0.154 -0.07 -0.015 0.394 0.491 0.384 0.407 0.497 0.525 0.638 0.704 0.712 0.667 0.612 0.607 0.326 -0.035
0.406 0.447 0.48 0.465 0.432 0.432 0.446 0.415 0.346 0.288 0.238 0.206 0.18 0.195 0.294 0.45 0.538 0.532 0.563 0.509 0.251 -0.107 -0.257 -0.064 -0.023 0.021 0.033 -0.037 -0.171 -0.453 -0.574 -0.488 -0.334 -0.395 -0.63 -1.029 -0.991 -1.016 -1.028 -0.884 -0.575 -0.253 0.036 0.288 0.294 0.21 0.19 0.268 0.299 0.259 0.242 0.249 0.302 0.246 0.339 0.42 0.246 0.041 -0.123 -0.433 -0.847 -0.853 -0.132 0.414 0.391 0.298 0.277 0.225 0.321 0.474 0.5 0.424 0.251 0.098 -0.315 -0.115
0.395 0.47 0.414 0.369 0.335 0.366 0.415 0.42 0.404 0.361 0.294 0.204 0.146 0.211 0.364 0.495 0.524 0.526 0.58 0.517 0.23 -0.183 -0.242 0.066 0.193 0.084 -0.127 -0.139 -0.227 -0.629 -0.789 -0.631 -0.642 -0.534 -0.941 -1.135 -1.021 -0.857 -0.968 -0.667 -0.419 -0.099 0.18 0.261 0.111 -0.031 -0.141 -0.112 -0.134 -0.289 -0.338 -0.207 -0.07 -0.092 0.299 0.207 -0.103 -0.449 -0.604 -0.824 -1.116 -1.067 -0.486 0.191 0.449 0.31 0.196 0.071 -0.08 -0.002 0.009 0.069 -0.235 -0.573 -0.452 -0.051
