data/climatemaps/RS_maps/climate_postbreed_tmp_2002.asc
NCOLS 369 
NROWS 228 
XLLCORNER 479000 
YLLCORNER 73000 
CELLSIZE 1000 
NODATA_value -9 
[rows 34 to 67 of 228, columns 154 to 230 of 369]
0.8 0.838 0.887 0.905 0.91 0.92 0.919 0.916 0.912 0.902 0.902 0.897 0.893 0.829 0.706 0.782 0.781 0.697 0.738 0.793 0.714 0.735 0.663 0.667 0.668 0.747 0.861 0.842 0.824 0.787 0.796 0.722 0.626 0.64 0.629 0.644 0.629 0.711 0.654 0.716 0.672 0.697 0.664 0.718 0.787 0.793 0.76 0.774 0.796 0.779 0.758 0.82 0.748 0.587 0.538 0.621 0.631 0.607 0.617 0.712 0.767 0.781 0.78 0.761 0.738 0.711 0.704 0.749 0.781 0.776 0.767 0.771 0.781 0.78 0.745 0.744 0.789
0.75 0.719 0.762 0.824 0.798 0.84 0.868 0.878 0.895 0.854 0.842 0.84 0.865 0.815 0.749 0.724 0.799 0.72 0.735 0.778 0.662 0.662 0.636 0.614 0.69 0.78 0.856 0.837 0.827 0.772 0.779 0.756 0.704 0.703 0.615 0.599 0.61 0.663 0.678 0.642 0.719 0.665 0.594 0.602 0.781 0.784 0.739 0.754 0.793 0.766 0.738 0.73 0.821 0.744 0.644 0.576 0.596 0.657 0.687 0.758 0.775 0.785 0.781 0.766 0.76 0.732 0.727 0.736 0.745 0.738 0.739 0.7 0.711 0.731 0.706 0.711 0.725
0.757 0.742 0.667 0.712 0.769 0.741 0.752 0.788 0.847 0.867 0.791 0.762 0.826 0.786 0.697 0.7 0.78 0.642 0.621 0.724 0.644 0.609 0.554 0.575 0.686 0.819 0.858 0.839 0.801 0.752 0.743 0.736 0.777 0.758 0.688 0.612 0.628 0.64 0.648 0.616 0.608 0.734 0.69 0.699 0.779 0.793 0.741 0.785 0.797 0.783 0.765 0.694 0.775 0.812 0.769 0.736 0.697 0.721 0.779 0.798 0.744 0.777 0.756 0.739 0.733 0.742 0.758 0.753 0.743 0.722 0.697 0.66 0.646 0.664 0.694 0.695 0.709
0.691 0.773 0.731 0.66 0.688 0.724 0.718 0.735 0.776 0.847 0.841 0.786 0.756 0.77 0.604 0.603 0.656 0.641 0.608 0.674 0.67 0.634 0.681 0.694 0.67 0.813 0.86 0.824 0.693 0.687 0.651 0.64 0.7 0.752 0.763 0.705 0.716 0.657 0.595 0.593 0.576 0.657 0.712 0.695 0.763 0.8 0.776 0.804 0.8 0.804 0.784 0.708 0.699 0.798 0.779 0.733 0.779 0.795 0.801 0.791 0.771 0.782 0.734 0.749 0.709 0.702 0.759 0.764 0.748 0.711 0.659 0.657 0.633 0.658 0.653 0.639 0.715
0.621 0.636 0.697 0.72 0.659 0.675 0.722 0.686 0.726 0.815 0.866 0.794 0.633 0.671 0.619 0.614 0.673 0.635 0.58 0.664 0.709 0.746 0.746 0.805 0.826 0.837 0.851 0.781 0.689 0.655 0.623 0.585 0.62 0.716 0.763 0.744 0.745 0.719 0.623 0.607 0.582 0.628 0.692 0.712 0.751 0.802 0.774 0.816 0.795 0.808 0.778 0.694 0.656 0.778 0.772 0.661 0.681 0.722 0.723 0.74 0.791 0.78 0.749 0.775 0.745 0.718 0.767 0.761 0.749 0.712 0.69 0.697 0.697 0.698 0.65 0.687 0.741
0.61 0.567 0.643 0.722 0.703 0.656 0.62 0.646 0.752 0.825 0.853 0.849 0.812 0.773 0.716 0.715 0.74 0.654 0.606 0.589 0.664 0.659 0.719 0.802 0.819 0.772 0.818 0.858 0.805 0.72 0.655 0.6 0.591 0.709 0.749 0.753 0.699 0.722 0.741 0.729 0.701 0.691 0.724 0.746 0.775 0.811 0.809 0.81 0.792 0.797 0.781 0.694 0.644 0.739 0.78 0.676 0.64 0.635 0.623 0.698 0.731 0.751 0.765 0.777 0.771 0.766 0.772 0.713 0.697 0.712 0.703 0.663 0.636 0.7 0.73 0.735 0.74
0.596 0.59 0.649 0.727 0.711 0.532 0.492 0.664 0.788 0.83 0.777 0.715 0.74 0.737 0.774 0.784 0.739 0.714 0.669 0.604 0.652 0.694 0.716 0.806 0.773 0.77 0.875 0.871 0.849 0.835 0.794 0.729 0.641 0.693 0.72 0.706 0.636 0.621 0.658 0.683 0.704 0.717 0.75 0.787 0.806 0.818 0.808 0.81 0.799 0.797 0.786 0.708 0.65 0.721 0.758 0.735 0.692 0.631 0.592 0.652 0.655 0.7 0.782 0.735 0.729 0.77 0.773 0.702 0.646 0.67 0.669 0.637 0.552 0.62 0.698 0.667 0.684
0.673 0.642 0.655 0.607 0.561 0.533 0.667 0.72 0.786 0.763 0.675 0.677 0.763 0.74 0.764 0.763 0.749 0.711 0.654 0.621 0.671 0.701 0.75 0.822 0.835 0.865 0.88 0.833 0.765 0.798 0.812 0.804 0.773 0.708 0.668 0.614 0.534 0.519 0.537 0.549 0.569 0.616 0.698 0.782 0.816 0.818 0.802 0.808 0.811 0.81 0.804 0.741 0.687 0.706 0.679 0.709 0.678 0.653 0.615 0.624 0.6 0.699 0.77 0.707 0.662 0.697 0.744 0.734 0.662 0.598 0.621 0.609 0.567 0.609 0.606 0.663 0.668
0.697 0.607 0.628 0.5 0.519 0.554 0.699 0.736 0.734 0.693 0.685 0.685 0.734 0.766 0.727 0.738 0.694 0.666 0.641 0.628 0.707 0.766 0.831 0.866 0.854 0.849 0.868 0.805 0.717 0.69 0.715 0.756 0.837 0.772 0.679 0.639 0.603 0.585 0.629 0.606 0.57 0.572 0.65 0.755 0.797 0.806 0.808 0.799 0.824 0.819 0.822 0.787 0.724 0.714 0.669 0.669 0.639 0.627 0.625 0.619 0.617 0.672 0.759 0.721 0.674 0.682 0.714 0.71 0.676 0.641 0.563 0.534 0.533 0.533 0.535 0.584 0.631
0.716 0.701 0.608 0.598 0.581 0.573 0.695 0.652 0.705 0.693 0.669 0.652 0.724 0.74 0.687 0.698 0.629 0.621 0.592 0.637 0.764 0.857 0.851 0.816 0.817 0.825 0.846 0.817 0.761 0.691 0.711 0.736 0.823 0.821 0.788 0.751 0.727 0.731 0.764 0.732 0.696 0.671 0.697 0.725 0.768 0.779 0.8 0.794 0.826 0.825 0.826 0.82 0.79 0.758 0.715 0.684 0.678 0.652 0.649 0.631 0.633 0.666 0.712 0.657 0.732 0.712 0.725 0.685 0.685 0.627 0.58 0.52 0.493 0.442 0.423 0.506 0.57
0.682 0.632 0.661 0.626 0.573 0.59 0.672 0.621 0.688 0.719 0.644 0.548 0.644 0.685 0.614 0.635 0.557 0.55 0.553 0.694 0.808 0.876 0.812 0.774 0.811 0.819 0.825 0.855 0.827 0.774 0.773 0.732 0.799 0.84 0.83 0.794 0.736 0.79 0.804 0.799 0.796 0.795 0.791 0.772 0.771 0.746 0.751 0.778 0.804 0.819 0.832 0.824 0.812 0.802 0.78 0.744 0.717 0.711 0.681 0.659 0.653 0.673 0.719 0.62 0.645 0.582 0.605 0.698 0.714 0.663 0.617 0.582 0.543 0.501 0.493 0.437 0.598
0.667 0.598 0.591 0.618 0.595 0.589 0.656 0.535 0.584 0.698 0.613 0.482 0.554 0.655 0.544 0.537 0.561 0.594 0.655 0.786 0.858 0.884 0.807 0.807 0.834 0.838 0.827 0.841 0.859 0.822 0.803 0.763 0.707 0.76 0.844 0.822 0.787 0.812 0.803 0.797 0.813 0.826 0.824 0.82 0.811 0.793 0.762 0.744 0.763 0.815 0.833 0.832 0.805 0.781 0.773 0.798 0.773 0.741 0.722 0.698 0.694 0.713 0.717 0.614 0.571 0.547 0.607 0.648 0.668 0.697 0.685 0.661 0.638 0.616 0.548 0.489 0.6
0.646 0.634 0.618 0.597 0.606 0.534 0.608 0.469 0.464 0.619 0.551 0.518 0.521 0.607 0.539 0.568 0.672 0.711 0.727 0.792 0.853 0.882 0.774 0.779 0.83 0.837 0.835 0.84 0.853 0.832 0.824 0.791 0.671 0.647 0.785 0.84 0.833 0.793 0.743 0.698 0.697 0.753 0.798 0.826 0.822 0.812 0.815 0.797 0.773 0.791 0.821 0.833 0.814 0.782 0.758 0.781 0.799 0.781 0.727 0.72 0.707 0.724 0.71 0.636 0.57 0.562 0.632 0.605 0.597 0.655 0.634 0.648 0.648 0.642 0.592 0.571 0.559
0.613 0.627 0.623 0.561 0.559 0.438 0.471 0.424 0.446 0.502 0.469 0.562 0.564 0.605 0.519 0.575 0.677 0.634 0.63 0.724 0.812 0.884 0.759 0.69 0.775 0.823 0.819 0.841 0.858 0.85 0.822 0.806 0.734 0.612 0.655 0.789 0.852 0.858 0.848 0.786 0.744 0.706 0.708 0.759 0.798 0.808 0.819 0.821 0.82 0.82 0.82 0.83 0.829 0.792 0.779 0.79 0.812 0.795 0.755 0.744 0.719 0.73 0.712 0.69 0.629 0.606 0.605 0.597 0.541 0.609 0.601 0.543 0.616 0.636 0.554 0.508 0.474
0.609 0.611 0.592 0.465 0.435 0.386 0.344 0.427 0.529 0.519 0.497 0.622 0.704 0.703 0.629 0.65 0.644 0.649 0.692 0.777 0.822 0.885 0.817 0.749 0.731 0.785 0.83 0.831 0.857 0.892 0.849 0.815 0.792 0.69 0.589 0.657 0.803 0.859 0.88 0.876 0.841 0.797 0.806 0.7 0.708 0.739 0.765 0.798 0.814 0.82 0.823 0.84 0.838 0.812 0.799 0.811 0.823 0.803 0.755 0.745 0.737 0.734 0.716 0.719 0.676 0.65 0.599 0.563 0.53 0.602 0.591 0.508 0.578 0.649 0.573 0.517 0.504
0.515 0.587 0.582 0.481 0.363 0.462 0.435 0.515 0.648 0.67 0.688 0.707 0.77 0.802 0.8 0.817 0.81 0.822 0.836 0.871 0.879 0.875 0.862 0.842 0.814 0.81 0.82 0.826 0.856 0.894 0.889 0.851 0.833 0.765 0.634 0.594 0.692 0.837 0.884 0.887 0.885 0.87 0.869 0.859 0.823 0.791 0.754 0.754 0.764 0.816 0.827 0.833 0.836 0.84 0.829 0.831 0.836 0.83 0.788 0.752 0.746 0.733 0.716 0.725 0.709 0.684 0.636 0.54 0.575 0.567 0.572 0.523 0.545 0.61 0.603 0.518 0.54
0.342 0.536 0.46 0.419 0.409 0.507 0.564 0.535 0.638 0.759 0.76 0.738 0.807 0.856 0.862 0.864 0.859 0.857 0.867 0.874 0.855 0.853 0.857 0.828 0.833 0.827 0.749 0.716 0.741 0.804 0.875 0.893 0.868 0.847 0.696 0.57 0.58 0.742 0.85 0.882 0.884 0.88 0.885 0.881 0.879 0.871 0.834 0.792 0.749 0.802 0.8 0.768 0.787 0.827 0.84 0.84 0.838 0.842 0.82 0.79 0.779 0.746 0.712 0.717 0.73 0.716 0.675 0.604 0.607 0.517 0.519 0.491 0.506 0.605 0.555 0.483 0.472
0.406 0.467 0.383 0.475 0.595 0.593 0.672 0.707 0.725 0.806 0.826 0.815 0.85 0.86 0.86 0.853 0.84 0.84 0.853 0.853 0.842 0.852 0.853 0.818 0.825 0.85 0.81 0.736 0.761 0.726 0.812 0.893 0.893 0.859 0.765 0.615 0.537 0.665 0.798 0.846 0.862 0.876 0.851 0.835 0.858 0.889 0.893 0.879 0.857 0.84 0.791 0.67 0.685 0.758 0.805 0.836 0.84 0.839 0.832 0.824 0.81 0.784 0.746 0.716 0.72 0.733 0.714 0.668 0.611 0.515 0.471 0.45 0.521 0.61 0.586 0.489 0.452
0.447 0.382 0.385 0.546 0.704 0.749 0.765 0.74 0.725 0.827 0.859 0.858 0.834 0.839 0.849 0.853 0.845 0.838 0.845 0.84 0.848 0.837 0.845 0.803 0.799 0.835 0.853 0.825 0.788 0.732 0.788 0.88 0.908 0.897 0.825 0.686 0.549 0.632 0.76 0.809 0.814 0.856 0.771 0.736 0.789 0.865 0.886 0.888 0.887 0.879 0.826 0.702 0.659 0.671 0.709 0.774 0.832 0.847 0.841 0.84 0.833 0.807 0.777 0.748 0.71 0.728 0.731 0.706 0.65 0.564 0.516 0.524 0.577 0.558 0.591 0.444 0.386
0.483 0.448 0.588 0.735 0.76 0.797 0.786 0.735 0.752 0.846 0.812 0.785 0.782 0.818 0.825 0.852 0.816 0.814 0.82 0.78 0.836 0.816 0.833 0.813 0.756 0.808 0.847 0.855 0.815 0.741 0.788 0.862 0.91 0.927 0.881 0.772 0.643 0.666 0.765 0.779 0.798 0.839 0.777 0.703 0.712 0.805 0.866 0.88 0.882 0.884 0.869 0.799 0.704 0.627 0.622 0.687 0.753 0.828 0.851 0.853 0.841 0.83 0.809 0.778 0.732 0.701 0.72 0.724 0.701 0.645 0.613 0.59 0.555 0.492 0.574 0.566 0.492
0.674 0.676 0.728 0.781 0.801 0.823 0.812 0.817 0.846 0.839 0.758 0.779 0.811 0.813 0.826 0.837 0.819 0.776 0.769 0.765 0.827 0.817 0.802 0.772 0.756 0.756 0.824 0.86 0.864 0.795 0.795 0.84 0.89 0.918 0.921 0.853 0.731 0.736 0.753 0.708 0.775 0.814 0.797 0.742 0.678 0.68 0.77 0.856 0.879 0.885 0.893 0.857 0.778 0.672 0.635 0.633 0.673 0.747 0.837 0.859 0.856 0.835 0.831 0.811 0.781 0.72 0.714 0.732 0.728 0.698 0.626 0.593 0.513 0.383 0.501 0.527 0.505
0.688 0.775 0.826 0.821 0.833 0.843 0.847 0.852 0.851 0.809 0.746 0.785 0.829 0.83 0.789 0.776 0.818 0.787 0.743 0.723 0.81 0.811 0.796 0.726 0.714 0.668 0.788 0.857 0.87 0.864 0.827 0.818 0.857 0.883 0.923 0.904 0.791 0.751 0.704 0.648 0.714 0.785 0.819 0.772 0.715 0.61 0.622 0.806 0.88 0.889 0.91 0.882 0.824 0.739 0.681 0.624 0.629 0.671 0.771 0.857 0.861 0.846 0.839 0.821 0.79 0.762 0.713 0.731 0.746 0.729 0.604 0.527 0.45 0.403 0.509 0.414 0.372
0.738 0.803 0.814 0.783 0.813 0.833 0.84 0.836 0.818 0.784 0.746 0.809 0.826 0.82 0.714 0.707 0.76 0.817 0.774 0.729 0.768 0.816 0.818 0.786 0.712 0.605 0.698 0.816 0.86 0.873 0.861 0.831 0.836 0.845 0.9 0.925 0.86 0.761 0.71 0.651 0.715 0.763 0.8 0.766 0.749 0.703 0.58 0.721 0.873 0.89 0.918 0.908 0.852 0.761 0.689 0.658 0.612 0.623 0.684 0.824 0.87 0.868 0.847 0.829 0.804 0.772 0.722 0.726 0.746 0.745 0.687 0.563 0.44 0.451 0.471 0.4 0.324
0.798 0.802 0.802 0.746 0.71 0.722 0.756 0.759 0.772 0.774 0.763 0.818 0.824 0.811 0.704 0.685 0.704 0.791 0.775 0.711 0.722 0.797 0.829 0.82 0.735 0.605 0.618 0.766 0.834 0.839 0.874 0.872 0.846 0.834 0.865 0.918 0.906 0.817 0.739 0.698 0.716 0.728 0.764 0.723 0.777 0.727 0.646 0.623 0.854 0.872 0.922 0.925 0.887 0.771 0.667 0.64 0.625 0.554 0.616 0.77 0.852 0.88 0.868 0.852 0.822 0.779 0.748 0.746 0.748 0.746 0.719 0.643 0.555 0.532 0.485 0.373 0.347
0.717 0.764 0.774 0.683 0.634 0.62 0.651 0.697 0.752 0.763 0.761 0.809 0.818 0.808 0.723 0.666 0.686 0.778 0.759 0.709 0.695 0.754 0.812 0.828 0.79 0.695 0.639 0.727 0.81 0.803 0.828 0.884 0.878 0.86 0.86 0.905 0.934 0.907 0.806 0.743 0.713 0.706 0.717 0.685 0.786 0.72 0.675 0.662 0.843 0.849 0.886 0.933 0.918 0.813 0.732 0.699 0.651 0.579 0.601 0.691 0.799 0.872 0.88 0.874 0.859 0.803 0.767 0.747 0.756 0.75 0.736 0.702 0.602 0.512 0.445 0.401 0.264
0.595 0.794 0.792 0.745 0.725 0.723 0.723 0.731 0.752 0.741 0.76 0.798 0.807 0.804 0.735 0.67 0.65 0.762 0.728 0.724 0.704 0.709 0.751 0.827 0.831 0.772 0.703 0.741 0.759 0.776 0.756 0.825 0.892 0.875 0.855 0.878 0.933 0.952 0.875 0.8 0.744 0.723 0.667 0.73 0.791 0.704 0.695 0.637 0.852 0.861 0.852 0.933 0.934 0.884 0.793 0.691 0.664 0.647 0.58 0.621 0.743 0.835 0.874 0.877 0.872 0.836 0.796 0.759 0.748 0.757 0.752 0.729 0.642 0.534 0.446 0.371 0.198
0.703 0.829 0.824 0.81 0.792 0.772 0.717 0.694 0.68 0.682 0.733 0.769 0.772 0.787 0.723 0.656 0.676 0.776 0.739 0.682 0.622 0.644 0.697 0.807 0.848 0.833 0.763 0.774 0.744 0.711 0.739 0.762 0.871 0.891 0.879 0.873 0.919 0.96 0.927 0.844 0.805 0.741 0.747 0.817 0.752 0.698 0.714 0.568 0.785 0.87 0.839 0.921 0.941 0.924 0.826 0.705 0.628 0.604 0.51 0.528 0.687 0.784 0.839 0.871 0.875 0.855 0.833 0.788 0.761 0.75 0.757 0.745 0.702 0.612 0.528 0.394 0.2
0.813 0.826 0.825 0.818 0.81 0.77 0.695 0.662 0.638 0.682 0.728 0.749 0.768 0.775 0.724 0.66 0.659 0.761 0.79 0.704 0.62 0.567 0.625 0.691 0.834 0.856 0.801 0.767 0.724 0.651 0.673 0.717 0.838 0.89 0.899 0.9 0.917 0.961 0.962 0.901 0.858 0.8 0.829 0.779 0.687 0.678 0.678 0.53 0.745 0.828 0.814 0.889 0.945 0.942 0.888 0.762 0.673 0.608 0.497 0.464 0.607 0.753 0.806 0.851 0.866 0.874 0.87 0.825 0.79 0.758 0.755 0.746 0.738 0.686 0.587 0.407 0.168
0.779 0.8 0.806 0.815 0.814 0.78 0.712 0.67 0.608 0.654 0.723 0.701 0.783 0.727 0.727 0.727 0.662 0.707 0.787 0.768 0.7 0.629 0.563 0.601 0.799 0.871 0.825 0.774 0.697 0.612 0.627 0.698 0.808 0.877 0.898 0.893 0.919 0.979 0.968 0.932 0.891 0.861 0.863 0.811 0.704 0.625 0.659 0.492 0.659 0.813 0.831 0.843 0.923 0.949 0.938 0.833 0.752 0.682 0.601 0.508 0.541 0.696 0.787 0.837 0.84 0.84 0.853 0.841 0.809 0.776 0.763 0.763 0.756 0.732 0.649 0.448 0.27
0.757 0.766 0.788 0.776 0.813 0.787 0.705 0.617 0.615 0.686 0.727 0.675 0.766 0.776 0.668 0.696 0.716 0.691 0.715 0.772 0.773 0.711 0.629 0.585 0.792 0.873 0.847 0.752 0.692 0.619 0.571 0.657 0.744 0.836 0.889 0.887 0.919 0.98 0.98 0.955 0.907 0.865 0.877 0.854 0.737 0.659 0.633 0.502 0.567 0.737 0.831 0.806 0.875 0.949 0.956 0.924 0.845 0.785 0.732 0.654 0.61 0.637 0.744 0.817 0.826 0.806 0.823 0.835 0.813 0.791 0.775 0.792 0.788 0.777 0.719 0.574 0.491
0.745 0.789 0.782 0.768 0.813 0.799 0.728 0.665 0.601 0.713 0.674 0.614 0.721 0.766 0.702 0.628 0.674 0.685 0.602 0.705 0.779 0.755 0.617 0.558 0.769 0.873 0.866 0.767 0.688 0.629 0.547 0.597 0.698 0.776 0.865 0.886 0.915 0.98 0.982 0.977 0.928 0.871 0.87 0.856 0.785 0.65 0.618 0.634 0.53 0.607 0.771 0.797 0.806 0.929 0.963 0.957 0.929 0.886 0.848 0.805 0.76 0.704 0.696 0.763 0.802 0.786 0.805 0.819 0.803 0.803 0.794 0.81 0.817 0.812 0.773 0.716 0.658
0.745 0.792 0.76 0.741 0.781 0.813 0.771 0.657 0.59 0.678 0.622 0.583 0.716 0.786 0.722 0.608 0.602 0.658 0.589 0.658 0.751 0.792 0.758 0.671 0.766 0.87 0.883 0.808 0.683 0.631 0.558 0.538 0.645 0.729 0.817 0.88 0.894 0.977 0.988 0.99 0.955 0.91 0.888 0.851 0.802 0.698 0.637 0.664 0.595 0.538 0.655 0.783 0.739 0.863 0.956 0.968 0.967 0.959 0.94 0.919 0.889 0.835 0.756 0.725 0.752 0.764 0.786 0.823 0.809 0.802 0.81 0.819 0.832 0.849 0.814 0.746 0.665
0.753 0.791 0.749 0.706 0.741 0.8 0.807 0.728 0.619 0.631 0.649 0.588 0.719 0.793 0.726 0.626 0.58 0.619 0.595 0.613 0.695 0.745 0.794 0.782 0.75 0.836 0.892 0.848 0.722 0.653 0.576 0.495 0.574 0.679 0.772 0.853 0.888 0.96 0.991 0.994 0.968 0.929 0.913 0.872 0.807 0.728 0.722 0.723 0.669 0.608 0.544 0.72 0.745 0.75 0.882 0.931 0.962 0.973 0.962 0.968 0.951 0.937 0.875 0.785 0.729 0.758 0.787 0.83 0.843 0.842 0.825 0.832 0.844 0.873 0.854 0.798 0.712
0.717 0.769 0.752 0.72 0.722 0.762 0.805 0.77 0.717 0.635 0.61 0.599 0.708 0.791 0.751 0.639 0.564 0.519 0.595 0.607 0.587 0.626 0.751 0.779 0.709 0.756 0.88 0.874 0.777 0.682 0.59 0.491 0.505 0.618 0.737 0.811 0.877 0.936 0.987 0.994 0.986 0.934 0.923 0.906 0.861 0.77 0.766 0.759 0.729 0.71 0.541 0.583 0.766 0.721 0.744 0.846 0.906 0.926 0.944 0.972 0.971 0.971 0.954 0.914 0.857 0.82 0.842 0.872 0.898 0.889 0.856 0.849 0.875 0.882 0.882 0.858 0.841
