data/climatemaps/RS_maps/climate_breeding_pr_2019.asc
NCOLS 369 
NROWS 228 
XLLCORNER 479000 
YLLCORNER 73000 
CELLSIZE 1000 
NODATA_value -9 
[rows 102 to 135 of 228, columns 0 to 74 of 369]
-9 -9 -9 -9 -9 -9 -9 -9 -9 -9 -9 -9 -9 -9 -9 -9 -9 -9 -9 -9 -9 -9 -9 -9 -9 -9 -9 -9 -9 -9 -9 -9 -0.54 -0.555 -0.564 -0.591 -0.634 -0.677 -0.703 -0.7 -0.662 -0.602 -0.539 -0.487 -0.447 -0.414 -0.39 -0.379 -0.378 -0.391 -0.413 -0.448 -0.487 -0.525 -0.559 -0.589 -0.623 -0.663 -0.718 -0.776 -0.826 -0.869 -0.886 -0.87 -0.82 -0.75 -0.685 -0.625 -0.588 -0.59 -0.642 -0.74 -0.854 -0.963 -1.041
-9 -9 -9 -9 -9 -9 -9 -9 -9 -9 -9 -9 -9 -9 -9 -9 -9 -9 -9 -9 -9 -9 -9 -9 -9 -9 -9 -9 -9 -9 -9 -9 -0.547 -0.575 -0.601 -0.64 -0.685 -0.728 -0.749 -0.738 -0.696 -0.634 -0.559 -0.491 -0.438 -0.407 -0.391 -0.391 -0.403 -0.431 -0.47 -0.514 -0.561 -0.607 -0.65 -0.69 -0.734 -0.784 -0.841 -0.889 -0.91 -0.906 -0.878 -0.82 -0.749 -0.668 -0.593 -0.543 -0.545 -0.595 -0.68 -0.785 -0.894 -0.991 -1.059
-9 -9 -9 -9 -9 -9 -9 -9 -9 -9 -9 -9 -9 -9 -9 -9 -9 -9 -9 -9 -9 -9 -9 -9 -9 -9 -9 -9 -9 -9 -9 -9 -0.571 -0.609 -0.649 -0.692 -0.737 -0.777 -0.792 -0.776 -0.731 -0.659 -0.574 -0.496 -0.441 -0.413 -0.404 -0.413 -0.441 -0.482 -0.527 -0.579 -0.635 -0.694 -0.747 -0.79 -0.847 -0.9 -0.935 -0.942 -0.92 -0.877 -0.82 -0.744 -0.659 -0.578 -0.518 -0.503 -0.556 -0.645 -0.75 -0.857 -0.955 -1.033 -1.083
-9 -9 -9 -9 -9 -9 -9 -9 -9 -9 -9 -9 -9 -9 -9 -9 -9 -9 -9 -9 -9 -9 -9 -9 -9 -9 -9 -9 -9 -9 -9 -9 -0.6 -0.646 -0.692 -0.736 -0.781 -0.815 -0.828 -0.806 -0.751 -0.675 -0.586 -0.512 -0.463 -0.437 -0.433 -0.446 -0.471 -0.51 -0.558 -0.615 -0.679 -0.75 -0.815 -0.861 -0.916 -0.949 -0.954 -0.926 -0.882 -0.819 -0.739 -0.652 -0.569 -0.503 -0.479 -0.512 -0.6 -0.714 -0.835 -0.939 -1.021 -1.073 -1.105
-9 -9 -9 -9 -9 -9 -9 -9 -9 -9 -9 -9 -9 -9 -9 -9 -9 -9 -9 -9 -9 -9 -9 -9 -9 -9 -9 -9 -9 -9 -9 -9 -9 -0.673 -0.719 -0.766 -0.807 -0.834 -0.842 -0.819 -0.759 -0.683 -0.604 -0.539 -0.493 -0.472 -0.459 -0.464 -0.481 -0.514 -0.561 -0.62 -0.684 -0.753 -0.823 -0.87 -0.898 -0.912 -0.9 -0.862 -0.806 -0.729 -0.644 -0.567 -0.504 -0.469 -0.488 -0.555 -0.669 -0.799 -0.921 -1.016 -1.077 -1.108 -1.124
-9 -9 -9 -9 -9 -9 -9 -9 -9 -9 -9 -9 -9 -9 -9 -9 -9 -9 -9 -9 -9 -9 -9 -9 -9 -9 -9 -9 -9 -9 -9 -9 -9 -0.679 -0.724 -0.77 -0.808 -0.832 -0.84 -0.817 -0.76 -0.691 -0.621 -0.563 -0.522 -0.492 -0.474 -0.476 -0.492 -0.521 -0.562 -0.612 -0.671 -0.728 -0.77 -0.8 -0.819 -0.825 -0.81 -0.771 -0.713 -0.64 -0.569 -0.511 -0.476 -0.479 -0.532 -0.624 -0.751 -0.885 -1 -1.078 -1.12 -1.137 -1.141
-9 -9 -9 -9 -9 -9 -9 -9 -9 -9 -9 -9 -9 -9 -9 -9 -9 -9 -9 -9 -9 -9 -9 -9 -9 -9 -9 -9 -9 -9 -9 -9 -9 -0.657 -0.702 -0.747 -0.786 -0.815 -0.827 -0.814 -0.761 -0.699 -0.636 -0.577 -0.529 -0.5 -0.489 -0.497 -0.515 -0.541 -0.572 -0.608 -0.632 -0.657 -0.677 -0.697 -0.716 -0.725 -0.714 -0.683 -0.636 -0.582 -0.532 -0.497 -0.489 -0.519 -0.596 -0.702 -0.832 -0.961 -1.06 -1.123 -1.153 -1.159 -1.154
-9 -9 -9 -9 -9 -9 -9 -9 -9 -9 -9 -9 -9 -9 -9 -9 -9 -9 -9 -9 -9 -9 -9 -9 -9 -9 -9 -9 -9 -9 -9 -9 -9 -0.62 -0.666 -0.715 -0.76 -0.794 -0.81 -0.809 -0.766 -0.704 -0.635 -0.573 -0.527 -0.504 -0.501 -0.517 -0.542 -0.568 -0.591 -0.593 -0.584 -0.578 -0.581 -0.595 -0.616 -0.634 -0.639 -0.626 -0.6 -0.57 -0.545 -0.533 -0.547 -0.596 -0.681 -0.787 -0.91 -1.024 -1.104 -1.153 -1.173 -1.172 -1.162
-9 -9 -9 -9 -9 -9 -9 -9 -9 -9 -9 -9 -9 -9 -9 -9 -9 -9 -9 -9 -9 -9 -9 -9 -9 -9 -9 -9 -9 -9 -9 -9 -9 -0.593 -0.643 -0.696 -0.745 -0.782 -0.799 -0.795 -0.749 -0.692 -0.625 -0.565 -0.524 -0.506 -0.512 -0.537 -0.568 -0.592 -0.598 -0.578 -0.547 -0.517 -0.509 -0.525 -0.557 -0.592 -0.616 -0.624 -0.622 -0.618 -0.615 -0.624 -0.655 -0.709 -0.789 -0.882 -0.986 -1.076 -1.138 -1.174 -1.185 -1.179 -1.166
-9 -9 -9 -9 -9 -9 -9 -9 -9 -9 -9 -9 -9 -9 -9 -9 -9 -9 -9 -9 -9 -9 -9 -9 -9 -9 -9 -9 -9 -9 -9 -9 -9 -0.588 -0.645 -0.703 -0.754 -0.785 -0.786 -0.772 -0.729 -0.672 -0.611 -0.555 -0.517 -0.508 -0.522 -0.555 -0.589 -0.609 -0.603 -0.57 -0.525 -0.49 -0.486 -0.516 -0.569 -0.625 -0.67 -0.697 -0.712 -0.722 -0.732 -0.756 -0.795 -0.847 -0.912 -0.985 -1.061 -1.125 -1.169 -1.191 -1.192 -1.18 -1.164
-9 -9 -9 -9 -9 -9 -9 -9 -9 -9 -9 -9 -9 -9 -9 -9 -9 -9 -9 -9 -9 -9 -9 -9 -9 -9 -9 -9 -9 -9 -9 -9 -0.551 -0.608 -0.669 -0.725 -0.776 -0.789 -0.779 -0.754 -0.707 -0.651 -0.591 -0.541 -0.51 -0.509 -0.53 -0.568 -0.602 -0.619 -0.608 -0.573 -0.532 -0.506 -0.519 -0.571 -0.646 -0.723 -0.784 -0.824 -0.847 -0.862 -0.88 -0.904 -0.937 -0.977 -1.026 -1.078 -1.128 -1.17 -1.195 -1.203 -1.194 -1.176 -1.155
-9 -9 -9 -9 -9 -9 -9 -9 -9 -9 -9 -9 -9 -9 -9 -9 -9 -9 -9 -9 -9 -9 -9 -9 -9 -9 -9 -9 -9 -9 -9 -9 -0.589 -0.651 -0.711 -0.763 -0.798 -0.793 -0.771 -0.734 -0.682 -0.624 -0.568 -0.524 -0.501 -0.508 -0.534 -0.573 -0.607 -0.623 -0.62 -0.599 -0.578 -0.575 -0.611 -0.681 -0.769 -0.858 -0.927 -0.968 -0.993 -1.008 -1.023 -1.039 -1.061 -1.088 -1.121 -1.155 -1.185 -1.206 -1.215 -1.208 -1.188 -1.158 -1.13
-9 -9 -9 -9 -9 -9 -9 -9 -9 -9 -9 -9 -9 -9 -9 -9 -9 -9 -9 -9 -9 -9 -9 -9 -9 -9 -9 -9 -9 -9 -9 -9 -0.65 -0.713 -0.768 -0.812 -0.814 -0.794 -0.761 -0.715 -0.659 -0.6 -0.547 -0.509 -0.492 -0.503 -0.531 -0.568 -0.601 -0.624 -0.639 -0.648 -0.663 -0.691 -0.746 -0.828 -0.916 -0.993 -1.05 -1.085 -1.106 -1.118 -1.128 -1.138 -1.152 -1.169 -1.19 -1.21 -1.225 -1.231 -1.224 -1.202 -1.163 -1.114 -1.087
-9 -9 -9 -9 -9 -9 -9 -9 -9 -9 -9 -9 -9 -9 -9 -9 -9 -9 -9 -9 -9 -9 -9 -9 -9 -9 -9 -9 -9 -9 -9 -0.646 -0.718 -0.781 -0.831 -0.848 -0.826 -0.795 -0.752 -0.701 -0.644 -0.586 -0.535 -0.5 -0.485 -0.496 -0.521 -0.552 -0.586 -0.622 -0.666 -0.715 -0.769 -0.828 -0.901 -0.979 -1.047 -1.103 -1.146 -1.171 -1.186 -1.194 -1.199 -1.204 -1.212 -1.221 -1.233 -1.242 -1.246 -1.24 -1.218 -1.178 -1.114 -1.073 -1.051
-9 -9 -9 -9 -9 -9 -9 -9 -9 -9 -9 -9 -9 -9 -9 -9 -9 -9 -9 -9 -9 -9 -9 -9 -9 -9 -9 -9 -9 -0.528 -0.616 -0.703 -0.78 -0.844 -0.879 -0.87 -0.838 -0.797 -0.75 -0.7 -0.645 -0.59 -0.54 -0.504 -0.485 -0.488 -0.504 -0.529 -0.565 -0.622 -0.699 -0.79 -0.877 -0.961 -1.036 -1.099 -1.149 -1.188 -1.215 -1.23 -1.24 -1.243 -1.243 -1.242 -1.242 -1.245 -1.25 -1.253 -1.248 -1.229 -1.19 -1.127 -1.067 -1.033 -1.011
-9 -9 -9 -9 -9 -9 -9 -9 -9 -9 -9 -9 -9 -9 -9 -9 -9 -9 -9 -9 -9 -9 -9 -9 -9 -9 -9 -9 -0.457 -0.536 -0.638 -0.747 -0.835 -0.892 -0.905 -0.888 -0.849 -0.803 -0.757 -0.711 -0.664 -0.614 -0.565 -0.524 -0.496 -0.485 -0.488 -0.505 -0.547 -0.625 -0.735 -0.86 -0.974 -1.066 -1.133 -1.183 -1.22 -1.244 -1.26 -1.268 -1.272 -1.27 -1.263 -1.254 -1.246 -1.242 -1.244 -1.241 -1.228 -1.193 -1.132 -1.068 -1.019 -0.988 -0.976
-9 -9 -9 -9 -9 -9 -9 -9 -9 -9 -9 -9 -9 -9 -9 -9 -9 -9 -9 -9 -9 -9 -9 -9 -9 -9 -0.335 -0.379 -0.446 -0.543 -0.659 -0.778 -0.876 -0.919 -0.927 -0.905 -0.861 -0.814 -0.771 -0.733 -0.698 -0.657 -0.61 -0.564 -0.523 -0.494 -0.48 -0.493 -0.544 -0.642 -0.78 -0.928 -1.054 -1.141 -1.198 -1.237 -1.261 -1.276 -1.285 -1.288 -1.287 -1.28 -1.265 -1.244 -1.228 -1.221 -1.221 -1.214 -1.188 -1.134 -1.066 -1.01 -0.966 -0.941 -0.944
-9 -9 -9 -9 -9 -9 -9 -9 -9 -9 -9 -9 -9 -9 -9 -9 -9 -9 -9 -9 -9 -9 -9 -9 -9 -0.279 -0.307 -0.36 -0.442 -0.554 -0.681 -0.807 -0.901 -0.939 -0.945 -0.921 -0.876 -0.829 -0.79 -0.762 -0.742 -0.714 -0.675 -0.623 -0.567 -0.52 -0.496 -0.508 -0.569 -0.684 -0.841 -0.995 -1.115 -1.192 -1.239 -1.266 -1.28 -1.29 -1.296 -1.295 -1.289 -1.276 -1.249 -1.218 -1.202 -1.195 -1.191 -1.173 -1.134 -1.073 -1.007 -0.952 -0.912 -0.91 -0.907
-9 -9 -9 -9 -9 -9 -9 -9 -9 -9 -9 -9 -9 -9 -9 -9 -9 -9 -9 -9 -9 -9 -9 -0.245 -0.244 -0.254 -0.286 -0.35 -0.446 -0.569 -0.708 -0.833 -0.912 -0.949 -0.955 -0.931 -0.888 -0.84 -0.805 -0.79 -0.788 -0.779 -0.75 -0.697 -0.632 -0.575 -0.544 -0.558 -0.626 -0.754 -0.91 -1.054 -1.161 -1.227 -1.264 -1.282 -1.288 -1.294 -1.297 -1.292 -1.282 -1.26 -1.223 -1.191 -1.175 -1.165 -1.156 -1.126 -1.082 -1.018 -0.951 -0.896 -0.874 -0.881 -0.877
-9 -9 -9 -9 -9 -9 -9 -9 -9 -9 -9 -9 -9 -9 -9 -9 -9 -9 -9 -9 -9 -9 -0.227 -0.225 -0.223 -0.237 -0.278 -0.352 -0.457 -0.592 -0.728 -0.834 -0.904 -0.946 -0.951 -0.929 -0.884 -0.837 -0.808 -0.806 -0.825 -0.838 -0.828 -0.784 -0.721 -0.655 -0.62 -0.636 -0.712 -0.841 -0.98 -1.105 -1.195 -1.249 -1.277 -1.29 -1.293 -1.293 -1.289 -1.279 -1.263 -1.234 -1.197 -1.168 -1.145 -1.134 -1.124 -1.084 -1.03 -0.96 -0.896 -0.851 -0.842 -0.851 -0.861
-9 -9 -9 -9 -9 -9 -9 -9 -9 -9 -9 -9 -9 -9 -9 -9 -9 -9 -9 -9 -9 -0.202 -0.204 -0.204 -0.208 -0.232 -0.282 -0.364 -0.472 -0.597 -0.721 -0.82 -0.889 -0.923 -0.93 -0.901 -0.857 -0.813 -0.788 -0.802 -0.847 -0.886 -0.901 -0.872 -0.817 -0.758 -0.725 -0.743 -0.822 -0.933 -1.048 -1.149 -1.22 -1.262 -1.284 -1.292 -1.291 -1.283 -1.271 -1.254 -1.233 -1.202 -1.169 -1.139 -1.123 -1.122 -1.097 -1.049 -0.981 -0.908 -0.847 -0.814 -0.814 -0.836 -0.868
-9 -9 -9 -9 -9 -9 -9 -9 -9 -9 -9 -9 -9 -9 -9 -9 -9 -9 -9 -9 -0.156 -0.173 -0.18 -0.187 -0.202 -0.238 -0.299 -0.385 -0.491 -0.606 -0.714 -0.799 -0.855 -0.885 -0.882 -0.857 -0.814 -0.772 -0.756 -0.787 -0.855 -0.92 -0.956 -0.946 -0.909 -0.864 -0.842 -0.866 -0.929 -1.015 -1.104 -1.181 -1.235 -1.268 -1.285 -1.29 -1.282 -1.265 -1.241 -1.217 -1.192 -1.16 -1.128 -1.108 -1.113 -1.112 -1.072 -1.016 -0.938 -0.865 -0.809 -0.782 -0.788 -0.826 -0.875
-9 -9 -9 -9 -9 -9 -9 -9 -9 -9 -9 -9 -9 -9 -9 -9 -9 -9 -9 -0.095 -0.122 -0.142 -0.157 -0.176 -0.207 -0.256 -0.327 -0.414 -0.514 -0.613 -0.697 -0.761 -0.803 -0.825 -0.824 -0.803 -0.766 -0.733 -0.727 -0.776 -0.865 -0.941 -0.995 -1 -0.98 -0.957 -0.949 -0.966 -1.014 -1.076 -1.142 -1.199 -1.241 -1.268 -1.283 -1.283 -1.265 -1.237 -1.203 -1.174 -1.142 -1.107 -1.079 -1.076 -1.094 -1.094 -1.05 -0.988 -0.903 -0.827 -0.772 -0.747 -0.769 -0.816 -0.862
-9 -9 -9 -9 -9 -9 -9 -9 -9 -9 -9 -9 -9 -9 -9 -9 -9 -9 -0.027 -0.059 -0.089 -0.115 -0.14 -0.173 -0.22 -0.284 -0.361 -0.448 -0.536 -0.608 -0.663 -0.708 -0.737 -0.754 -0.757 -0.744 -0.721 -0.703 -0.713 -0.773 -0.877 -0.963 -1.02 -1.034 -1.024 -1.01 -1.008 -1.026 -1.063 -1.11 -1.159 -1.202 -1.238 -1.263 -1.278 -1.273 -1.244 -1.205 -1.164 -1.128 -1.084 -1.045 -1.027 -1.038 -1.067 -1.07 -1.03 -0.958 -0.867 -0.788 -0.733 -0.727 -0.75 -0.795 -0.86
-9 -9 -9 -9 -9 -9 -9 -9 -9 -9 -9 -9 -9 -9 -9 -9 -9 0.026 0.002 -0.03 -0.063 -0.095 -0.131 -0.176 -0.236 -0.313 -0.396 -0.471 -0.536 -0.583 -0.62 -0.647 -0.667 -0.683 -0.694 -0.694 -0.686 -0.685 -0.708 -0.779 -0.883 -0.968 -1.022 -1.035 -1.028 -1.02 -1.027 -1.05 -1.082 -1.121 -1.159 -1.195 -1.23 -1.256 -1.27 -1.262 -1.228 -1.178 -1.128 -1.081 -1.026 -0.987 -0.977 -1.001 -1.036 -1.044 -1.005 -0.93 -0.842 -0.757 -0.707 -0.71 -0.728 -0.798 -0.874
-9 -9 -9 -9 -9 -9 -9 -9 -9 -9 -9 -9 -9 -9 -9 -9 0.048 0.042 0.019 -0.013 -0.05 -0.089 -0.132 -0.184 -0.25 -0.332 -0.406 -0.467 -0.515 -0.547 -0.569 -0.587 -0.605 -0.627 -0.649 -0.662 -0.668 -0.679 -0.711 -0.781 -0.868 -0.942 -0.991 -1.012 -1.016 -1.018 -1.029 -1.054 -1.085 -1.119 -1.149 -1.184 -1.221 -1.248 -1.262 -1.252 -1.214 -1.154 -1.094 -1.035 -0.975 -0.937 -0.932 -0.965 -1.001 -1.014 -0.975 -0.904 -0.817 -0.737 -0.692 -0.684 -0.726 -0.813 -0.9
-9 -9 -9 -9 -9 -9 -9 -9 -9 -9 -9 -9 -9 -9 -9 0.028 0.046 0.044 0.022 -0.011 -0.051 -0.093 -0.139 -0.192 -0.255 -0.327 -0.392 -0.444 -0.478 -0.5 -0.515 -0.534 -0.56 -0.592 -0.626 -0.652 -0.668 -0.687 -0.717 -0.771 -0.838 -0.903 -0.951 -0.977 -0.991 -1.005 -1.024 -1.052 -1.081 -1.112 -1.141 -1.177 -1.214 -1.241 -1.253 -1.238 -1.195 -1.128 -1.062 -0.992 -0.93 -0.895 -0.898 -0.934 -0.963 -0.977 -0.937 -0.867 -0.783 -0.708 -0.668 -0.677 -0.741 -0.817 -0.908
-9 -9 -9 -9 -9 -9 -9 -9 -9 -9 -9 -9 -9 -0.072 -0.032 0.003 0.024 0.025 0.007 -0.023 -0.061 -0.101 -0.144 -0.194 -0.25 -0.31 -0.366 -0.407 -0.432 -0.449 -0.467 -0.493 -0.532 -0.578 -0.624 -0.66 -0.681 -0.7 -0.72 -0.761 -0.814 -0.865 -0.908 -0.939 -0.965 -0.99 -1.016 -1.046 -1.075 -1.105 -1.136 -1.173 -1.209 -1.235 -1.243 -1.22 -1.169 -1.098 -1.028 -0.952 -0.893 -0.861 -0.873 -0.903 -0.925 -0.934 -0.892 -0.822 -0.74 -0.682 -0.655 -0.681 -0.751 -0.819 -0.908
-9 -9 -9 -9 -9 -9 -9 -9 -9 -9 -9 -9 -0.145 -0.11 -0.073 -0.041 -0.022 -0.017 -0.027 -0.048 -0.075 -0.107 -0.143 -0.186 -0.233 -0.284 -0.331 -0.366 -0.389 -0.408 -0.432 -0.47 -0.522 -0.582 -0.637 -0.677 -0.699 -0.713 -0.728 -0.756 -0.795 -0.836 -0.875 -0.912 -0.947 -0.979 -1.01 -1.041 -1.071 -1.101 -1.133 -1.169 -1.204 -1.227 -1.228 -1.198 -1.141 -1.066 -0.993 -0.917 -0.864 -0.839 -0.851 -0.87 -0.886 -0.887 -0.845 -0.776 -0.699 -0.66 -0.652 -0.698 -0.767 -0.845 -0.89
-9 -9 -9 -9 -9 -9 -9 -9 -9 -9 -9 -0.196 -0.178 -0.15 -0.121 -0.094 -0.078 -0.069 -0.068 -0.075 -0.088 -0.108 -0.135 -0.169 -0.208 -0.252 -0.294 -0.327 -0.353 -0.379 -0.414 -0.464 -0.529 -0.598 -0.656 -0.698 -0.712 -0.722 -0.733 -0.755 -0.786 -0.821 -0.858 -0.899 -0.94 -0.977 -1.01 -1.042 -1.07 -1.099 -1.131 -1.165 -1.197 -1.216 -1.206 -1.172 -1.11 -1.033 -0.96 -0.889 -0.842 -0.823 -0.825 -0.835 -0.845 -0.832 -0.794 -0.734 -0.668 -0.639 -0.653 -0.726 -0.805 -0.852 -0.84
-9 -9 -9 -9 -9 -9 -9 -9 -9 -9 -0.203 -0.21 -0.199 -0.181 -0.162 -0.142 -0.13 -0.116 -0.102 -0.095 -0.095 -0.104 -0.123 -0.149 -0.181 -0.219 -0.259 -0.295 -0.329 -0.367 -0.414 -0.476 -0.549 -0.618 -0.678 -0.71 -0.71 -0.717 -0.729 -0.752 -0.783 -0.818 -0.858 -0.901 -0.944 -0.982 -1.016 -1.047 -1.072 -1.099 -1.129 -1.159 -1.189 -1.201 -1.18 -1.14 -1.077 -1.001 -0.929 -0.866 -0.826 -0.806 -0.797 -0.8 -0.801 -0.774 -0.737 -0.689 -0.642 -0.628 -0.674 -0.763 -0.812 -0.82 -0.8
-9 -9 -9 -9 -9 -9 -9 -9 -9 -9 -0.183 -0.204 -0.203 -0.197 -0.187 -0.175 -0.159 -0.138 -0.119 -0.102 -0.094 -0.097 -0.111 -0.133 -0.16 -0.194 -0.233 -0.274 -0.318 -0.37 -0.432 -0.504 -0.578 -0.646 -0.685 -0.689 -0.684 -0.69 -0.709 -0.743 -0.783 -0.826 -0.87 -0.913 -0.956 -0.994 -1.026 -1.052 -1.074 -1.098 -1.125 -1.151 -1.179 -1.184 -1.153 -1.108 -1.043 -0.972 -0.905 -0.849 -0.812 -0.787 -0.767 -0.762 -0.747 -0.713 -0.675 -0.637 -0.615 -0.628 -0.688 -0.767 -0.793 -0.796 -0.782
-9 -9 -9 -9 -9 -9 -9 -9 -9 -0.114 -0.155 -0.177 -0.191 -0.196 -0.192 -0.183 -0.167 -0.147 -0.124 -0.104 -0.094 -0.094 -0.105 -0.123 -0.146 -0.178 -0.218 -0.266 -0.322 -0.388 -0.463 -0.541 -0.616 -0.658 -0.657 -0.645 -0.634 -0.644 -0.677 -0.73 -0.786 -0.84 -0.888 -0.932 -0.973 -1.009 -1.034 -1.055 -1.07 -1.091 -1.117 -1.146 -1.17 -1.162 -1.125 -1.075 -1.009 -0.942 -0.883 -0.833 -0.795 -0.761 -0.733 -0.714 -0.686 -0.646 -0.606 -0.577 -0.584 -0.615 -0.682 -0.756 -0.797 -0.801 -0.777
-9 -9 -9 -9 -9 -9 -9 -9 -0.04 -0.096 -0.132 -0.15 -0.162 -0.173 -0.171 -0.168 -0.159 -0.144 -0.126 -0.11 -0.102 -0.102 -0.111 -0.124 -0.142 -0.173 -0.217 -0.274 -0.341 -0.418 -0.501 -0.583 -0.63 -0.63 -0.613 -0.585 -0.567 -0.587 -0.639 -0.714 -0.79 -0.854 -0.907 -0.952 -0.989 -1.017 -1.037 -1.055 -1.06 -1.075 -1.103 -1.137 -1.157 -1.138 -1.099 -1.04 -0.973 -0.911 -0.857 -0.811 -0.768 -0.725 -0.691 -0.656 -0.619 -0.569 -0.527 -0.511 -0.534 -0.583 -0.648 -0.721 -0.785 -0.809 -0.774
