data/climatemaps/RS_maps/climate_breeding_tmp_2001.asc
NCOLS 369 
NROWS 228 
XLLCORNER 479000 
YLLCORNER 73000 
CELLSIZE 1000 
NODATA_value -9 
[rows 68 to 101 of 228, columns 228 to 303 of 369]
0.757 0.754 0.745 0.726 0.733 0.732 0.722 0.723 0.722 0.676 0.654 0.623 0.571 0.466 0.256 0.092 -0.034 -0.11 -0.233 -0.206 -0.066 0.147 -0.062 0.115 0.284 0.343 0.25 0.099 -0.195 -0.563 -0.461 -0.29 -0.577 -0.815 -0.904 -0.619 -0.476 -1.23 -1.418 -1.11 -1.088 -0.964 -0.385 0.058 0.407 0.72 0.789 0.802 0.803 0.793 0.706 0.656 0.65 0.756 0.783 0.663 0.622 0.722 0.738 0.731 0.734 0.746 0.674 -9 -9 -9 -9 -9 -9 -9 -9 -9 -9 -9 -9 -9
0.81 0.803 0.777 0.763 0.775 0.773 0.77 0.779 0.802 0.799 0.77 0.723 0.672 0.597 0.446 0.254 0.151 -0.014 -0.281 -0.389 -0.22 0.135 -0.104 -0.069 0.15 0.318 0.312 0.164 -0.204 -0.557 -0.58 -0.655 -0.911 -0.833 -0.528 -0.152 -0.428 -0.844 -0.73 -0.791 -0.825 -0.455 -0.082 0.237 0.55 0.751 0.789 0.799 0.8 0.778 0.698 0.709 0.771 0.789 0.67 0.31 0.24 0.488 0.638 0.729 0.759 0.76 0.747 -9 -9 -9 -9 -9 -9 -9 -9 -9 -9 -9 -9 -9
0.838 0.823 0.788 0.806 0.833 0.818 0.791 0.789 0.807 0.825 0.82 0.802 0.772 0.715 0.588 0.371 0.139 0.03 -0.284 -0.408 -0.215 -0.013 -0.338 -0.25 -0.081 0.02 0.127 0.178 -0.083 -0.411 -0.841 -0.605 -0.469 -0.428 -0.206 -0.174 -0.376 -0.37 -0.384 -0.421 -0.293 -0.258 -0.006 0.323 0.651 0.762 0.791 0.799 0.799 0.791 0.78 0.79 0.782 0.667 0.27 -0.153 0.016 0.377 0.385 0.527 0.646 0.723 0.745 -9 -9 -9 -9 -9 -9 -9 -9 -9 -9 -9 -9 -9
0.84 0.834 0.829 0.808 0.733 0.711 0.744 0.786 0.815 0.825 0.824 0.814 0.797 0.78 0.706 0.416 0.07 -0.038 -0.179 -0.456 -0.321 -0.382 -0.478 -0.231 -0.375 -0.283 -0.023 0.155 0.131 -0.375 -0.619 -0.514 -0.309 -0.176 -0.021 -0.048 -0.111 -0.128 -0.071 -0.067 -0.045 -0.007 0.153 0.43 0.704 0.778 0.793 0.796 0.795 0.8 0.803 0.804 0.736 0.377 -0.188 -0.405 0.113 0.245 0.034 0.171 0.379 0.558 -9 -9 -9 -9 -9 -9 -9 -9 -9 -9 -9 -9 -9 -9
0.833 0.828 0.813 0.771 0.677 0.682 0.764 0.821 0.824 0.821 0.821 0.807 0.736 0.797 0.732 0.544 0.144 -0.168 -0.123 -0.447 -0.579 -0.696 -0.541 -0.345 -0.131 0.026 0.009 0.068 0.187 -0.152 -0.261 -0.208 0.029 0.052 0.033 -0.061 -0.119 -0.198 -0.201 -0.169 -0.081 0.044 0.245 0.484 0.714 0.78 0.793 0.791 0.793 0.802 0.804 0.776 0.501 0.037 -0.6 -0.394 0.125 0.103 -0.322 -0.203 0.191 0.409 -9 -9 -9 -9 -9 -9 -9 -9 -9 -9 -9 -9 -9 -9
0.819 0.82 0.808 0.789 0.772 0.778 0.774 0.819 0.819 0.819 0.819 0.757 0.683 0.806 0.78 0.675 0.274 -0.128 -0.456 -0.509 -0.877 -0.692 -0.396 -0.246 -0.175 -0.179 -0.43 -0.251 -0.208 0.06 0.073 0.036 -0.125 -0.285 -0.307 -0.339 -0.354 -0.483 -0.49 -0.454 -0.355 -0.145 0.134 0.426 0.687 0.778 0.796 0.796 0.792 0.8 0.786 0.669 0.212 -0.342 -0.868 -0.479 0.117 -0.236 -0.711 -0.533 -0.115 0.031 -9 -9 -9 -9 -9 -9 -9 -9 -9 -9 -9 -9 -9 -9
0.765 0.796 0.802 0.793 0.796 0.803 0.808 0.819 0.819 0.819 0.817 0.762 0.749 0.813 0.806 0.734 0.388 -0.078 -0.674 -0.743 -0.82 -0.765 -0.576 -0.389 -0.483 -0.458 -0.529 -0.566 -0.398 -0.193 -0.248 -0.351 -0.573 -0.588 -0.624 -0.733 -0.726 -0.817 -0.708 -0.514 -0.367 -0.127 0.098 0.287 0.572 0.752 0.788 0.787 0.789 0.794 0.752 0.572 0.01 -0.824 -1.132 -0.573 0.05 -0.606 -0.967 -0.499 -0.422 -0.535 -0.105 0.246 0.013 0.035 -9 -9 -9 -9 -9 -9 -9 -9 -9 -9
0.584 0.639 0.705 0.743 0.755 0.763 0.748 0.754 0.765 0.795 0.807 0.811 0.809 0.814 0.814 0.757 0.314 -0.365 -0.76 -0.564 -0.572 -0.844 -0.704 -0.503 -0.582 -0.691 -0.656 -0.534 -0.353 -0.517 -0.788 -0.779 -0.797 -0.827 -0.976 -1.171 -1.088 -1.046 -0.79 -0.416 -0.265 -0.259 -0.256 0.023 0.357 0.471 0.693 0.784 0.786 0.794 0.682 0.424 -0.236 -1.012 -0.758 -0.193 -0.233 -0.643 -1.049 -0.655 -0.639 -0.644 -0.42 0.065 -0.204 -0.529 -0.705 -0.424 -0.023 0.199 -9 -9 -9 -9 -9 -9
0.258 0.336 0.457 0.56 0.419 0.361 0.32 0.309 0.461 0.651 0.729 0.8 0.811 0.813 0.81 0.728 0.11 -0.636 -0.594 -0.225 -0.532 -0.443 -0.283 -0.279 -0.47 -0.517 -0.68 -0.614 -0.701 -0.943 -1.097 -1.081 -1.088 -1.126 -1.352 -1.378 -1.2 -0.971 -0.657 -0.318 -0.507 -0.839 -0.499 -0.273 -0.091 0.196 0.579 0.777 0.785 0.784 0.682 0.395 -0.272 -0.934 -0.602 -0.169 -0.688 -0.958 -1.177 -0.87 -0.714 -0.788 -0.583 -0.062 -0.236 -0.666 -0.904 -0.586 -0.269 -0.041 0.283 0.473 0.621 -9 -9 -9
-0.02 -0.065 0.222 0.459 0.014 -0.119 -0.104 -0.135 -0.107 0.185 0.286 0.446 0.721 0.806 0.803 0.689 0.018 -0.336 -0.043 0.151 -0.224 0.016 0.03 -0.182 -0.345 -0.429 -0.742 -0.929 -1.066 -1.068 -0.98 -0.918 -0.808 -0.72 -0.98 -1.16 -1.105 -0.969 -0.831 -0.659 -0.993 -1.199 -0.941 -0.66 -0.34 0.122 0.461 0.691 0.784 0.779 0.739 0.327 -0.509 -0.993 -0.613 -0.254 -0.598 -0.926 -1.09 -0.866 -0.91 -0.831 -0.451 -0.262 -0.52 -0.842 -0.877 -0.693 -0.417 -0.103 0.252 0.243 0.443 0.53 0.556 0.553
-0.228 -0.13 0.152 0.457 0.296 0.08 -0.115 -0.37 -0.414 -0.258 -0.161 -0.002 0.352 0.703 0.794 0.691 0.34 0.118 0.404 0.536 0.33 0.433 0.361 0.117 -0.028 -0.194 -0.428 -0.517 -0.518 -0.479 -0.323 -0.273 -0.113 0.075 -0.01 -0.305 -0.527 -0.645 -1.079 -1.274 -1.431 -1.344 -1.15 -0.8 -0.249 0.005 0.26 0.638 0.784 0.78 0.774 0.4 -0.324 -0.725 -0.359 -0.562 -0.866 -0.738 -1.012 -1.076 -0.967 -0.443 -0.406 -0.67 -0.831 -1.083 -0.838 -0.757 -0.636 -0.139 0.144 -0.295 -0.042 -0.141 -0.018 0.557
-0.244 -0.01 0.288 0.404 0.241 0.199 0.017 -0.229 -0.464 -0.432 -0.364 -0.429 -0.226 0.296 0.669 0.785 0.67 0.629 0.725 0.77 0.778 0.743 0.716 0.648 0.575 0.482 0.43 0.468 0.472 0.467 0.495 0.472 0.538 0.618 0.632 0.498 0.167 -0.248 -1.003 -0.936 -1.154 -1.478 -1.029 -0.549 -0.581 -0.238 0.198 0.649 0.781 0.784 0.781 0.575 -0.01 -0.418 -0.382 -0.861 -1.147 -0.878 -1.052 -1.179 -0.749 -0.35 -0.841 -0.965 -1.165 -1.071 -0.656 -0.427 -0.273 0.008 -0.28 -0.847 -0.656 -0.723 -0.618 0.124
-0.151 0.031 0.245 0.29 0.126 -0.018 -0.043 -0.162 -0.496 -0.563 -0.486 -0.443 -0.285 0.001 0.454 0.772 0.783 0.793 0.783 0.692 0.569 0.572 0.685 0.749 0.799 0.809 0.8 0.791 0.79 0.79 0.793 0.782 0.792 0.8 0.799 0.782 0.679 0.23 -0.529 -0.559 -0.718 -1.112 -1.154 -0.889 -0.904 -0.329 0.196 0.522 0.746 0.781 0.78 0.685 0.233 -0.178 -0.429 -0.754 -0.886 -0.951 -1.252 -1.147 -0.616 -0.477 -1.196 -1.214 -1.141 -0.878 -0.62 -0.174 -0.042 -0.52 -0.339 -1.18 -1.198 -1.181 -0.783 0.094
-0.238 -0.09 -0.1 0.26 0.226 -0.039 -0.286 -0.239 -0.612 -0.633 -0.505 -0.505 -0.486 -0.274 0.22 0.701 0.787 0.72 0.51 0.29 0.164 0.193 0.287 0.459 0.608 0.686 0.714 0.734 0.762 0.764 0.762 0.692 0.759 0.754 0.647 0.794 0.797 0.729 0.037 -0.299 -0.618 -0.846 -1.294 -1.253 -0.863 -0.351 0.122 0.412 0.639 0.768 0.77 0.696 0.331 -0.128 -0.585 -0.542 -0.794 -0.855 -1.251 -1.021 -0.506 -0.598 -1.187 -1.264 -1.047 -0.808 -0.507 -0.048 -0.374 -0.884 -0.794 -1.122 -1.56 -1.135 -0.402 0.075
-0.422 -0.368 -0.492 -0.026 0.149 0.03 -0.343 -0.347 -0.577 -0.717 -0.567 -0.466 -0.443 -0.34 -0.091 0.546 0.774 0.547 0.106 -0.257 -0.277 -0.177 -0.072 0.164 0.176 0.314 0.277 0.487 0.37 0.459 0.523 0.437 0.295 0.206 0.263 0.455 0.72 0.779 0.546 -0.13 -0.656 -0.819 -1.035 -1.302 -0.932 -0.446 0.107 0.435 0.577 0.755 0.767 0.723 0.351 -0.233 -0.826 -0.584 -0.983 -0.915 -1.078 -0.927 -0.421 -0.664 -1.115 -1.373 -1.011 -0.599 -0.325 -0.105 -0.86 -1.328 -1.256 -1.412 -1.394 -0.844 -0.448 0.008
-0.39 -0.52 -0.414 -0.173 0.12 0.125 -0.173 -0.597 -0.739 -0.721 -0.585 -0.445 -0.23 -0.13 0.035 0.506 0.77 0.576 0.047 -0.511 -0.701 -0.408 -0.515 -0.152 -0.404 -0.213 -0.162 0.292 -0.195 -0.113 0.067 0.087 -0.327 -0.252 -0.054 0.235 0.613 0.764 0.743 0.41 -0.113 -0.7 -0.795 -0.98 -0.748 -0.321 0.135 0.488 0.65 0.759 0.764 0.688 0.205 -0.342 -0.942 -0.741 -0.963 -1.224 -1.221 -0.985 -0.433 -0.737 -1.197 -1.264 -0.884 -0.888 -0.834 -0.259 -1.048 -1.671 -1.425 -1.274 -0.951 -0.78 -0.487 -0.133
-0.325 -0.505 -0.401 -0.212 0.006 0.178 -0.112 -0.806 -0.918 -0.744 -0.377 -0.185 -0.073 -0.034 -0.072 0.561 0.769 0.65 0.1 -0.333 -0.76 -0.388 -1.03 -0.585 -0.853 -0.737 -0.133 -0.114 -0.64 -0.692 -0.469 -0.499 -0.604 -0.516 -0.313 0.07 0.384 0.623 0.721 0.71 0.462 -0.171 -0.526 -0.881 -0.618 -0.207 0.247 0.591 0.728 0.758 0.752 0.522 -0.048 -0.681 -1.149 -0.901 -0.837 -1.333 -1.383 -0.92 -0.602 -0.797 -1.069 -1.311 -1.071 -1.251 -0.726 -0.435 -0.947 -1.555 -1.158 -0.854 -0.692 -0.695 -0.556 -0.583
-0.255 -0.38 -0.434 -0.341 -0.032 0.18 -0.158 -0.633 -1.02 -0.786 -0.243 -0.267 -0.39 -0.486 -0.432 0.608 0.705 0.332 -0.102 -0.361 -0.728 -0.58 -1.331 -0.882 -1.013 -0.93 -0.257 -0.708 -0.942 -1.038 -0.929 -0.912 -0.857 -0.665 -0.269 -0.005 0.088 0.299 0.466 0.65 0.724 0.522 -0.103 -0.749 -0.689 -0.191 0.37 0.672 0.754 0.756 0.683 0.025 -0.491 -0.599 -1.167 -1.264 -0.949 -1.259 -1.234 -0.861 -1.124 -1.136 -1.264 -1.726 -1.661 -1.463 -0.952 -1.022 -0.848 -1.37 -1.187 -0.909 -0.896 -1.137 -1.02 -0.993
0.005 -0.191 -0.446 -0.386 0.004 0.06 -0.445 -0.813 -1.002 -0.483 -0.493 -0.782 -0.985 -1.191 -0.397 0.679 0.585 0.025 -0.437 -0.84 -0.888 -0.785 -1.391 -1.028 -0.779 -0.727 -0.352 -1.004 -1.307 -1.227 -1.142 -1.059 -0.863 -0.484 -0.172 -0.38 -0.377 -0.096 0.158 0.363 0.635 0.729 0.46 -0.046 -0.315 0.099 0.592 0.727 0.757 0.756 0.641 -0.245 -0.842 -0.867 -0.97 -1.443 -1.344 -1.671 -1.46 -1.197 -1.531 -1.484 -1.792 -2.097 -2.049 -1.934 -1.589 -1.672 -1.166 -1.36 -1.347 -1.202 -0.948 -1.309 -1.232 -0.956
0.067 -0.458 -0.889 -0.668 -0.087 -0.283 -0.743 -1.073 -0.794 -0.576 -0.928 -1.129 -1.247 -1.183 0.015 0.715 0.48 0.045 -0.481 -0.953 -1.083 -1.094 -1.112 -0.924 -1.095 -1.073 -0.48 -1.082 -1.46 -1.261 -1.014 -0.793 -0.563 -0.253 -0.478 -0.88 -0.763 -0.472 -0.169 0.1 0.33 0.589 0.683 0.587 0.391 0.581 0.733 0.709 0.645 0.633 0.618 -0.029 -0.646 -1.226 -1.466 -1.623 -1.658 -1.415 -1.551 -1.543 -1.515 -1.275 -1.356 -1.647 -1.928 -2.067 -1.836 -1.553 -1.253 -1.408 -1.559 -1.321 -1.131 -1.39 -1.3 -0.81
-0.032 -0.397 -0.905 -0.626 -0.23 -0.535 -0.988 -1.257 -0.868 -1.009 -1.176 -1.13 -0.909 -0.325 0.34 0.677 0.591 0.072 -0.45 -1.025 -1.381 -1.335 -1.066 -1.192 -1.311 -1.016 -0.672 -1.194 -1.452 -1.17 -0.951 -0.589 -0.338 -0.408 -0.977 -1.148 -0.923 -0.674 -0.429 -0.134 0.044 0.277 0.539 0.713 0.704 0.737 0.747 0.723 0.505 0.259 0.54 0.361 -0.378 -1.267 -1.526 -1.362 -1.309 -1.174 -1.041 -1.092 -1.103 -0.862 -0.907 -1.092 -1.284 -1.568 -1.564 -1.409 -1.4 -1.534 -1.509 -1.42 -1.399 -1.304 -1.169 -0.821
-0.331 -0.385 -0.886 -0.637 -0.759 -1.003 -1.234 -1.196 -0.945 -0.995 -0.833 -0.58 -0.083 0.262 0.483 0.608 0.681 0.443 -0.284 -1.097 -1.403 -1.507 -1.333 -1.227 -1.157 -1.023 -1.166 -1.405 -1.467 -1.28 -1.169 -0.808 -0.449 -0.672 -1.364 -1.195 -0.867 -0.76 -0.693 -0.406 -0.09 0.192 0.351 0.638 0.728 0.752 0.745 0.742 0.72 0.487 0.245 0.41 0.166 -0.347 -0.795 -1.374 -1.129 -0.935 -0.78 -0.643 -0.49 -0.598 -0.735 -0.821 -1.007 -1.148 -1.287 -1.364 -1.42 -1.322 -1.177 -1.374 -1.71 -1.474 -1.102 -0.977
-0.32 -0.609 -0.975 -0.839 -0.975 -0.944 -0.696 -0.658 -0.725 -0.644 -0.13 0.078 0.077 0.034 0.268 0.401 0.641 0.685 0.21 -0.665 -1.157 -1.586 -1.537 -1.206 -1.372 -1.425 -1.41 -1.444 -1.603 -1.519 -1.386 -1.003 -0.582 -0.943 -1.459 -1.086 -1.039 -1.01 -0.88 -0.547 0.023 -0.099 -0.052 0.449 0.657 0.735 0.744 0.744 0.744 0.738 0.628 0.432 0.355 -0.059 -0.513 -1.115 -1.181 -1.135 -1.064 -0.832 -0.4 -0.349 -0.548 -0.718 -1.064 -1.278 -1.183 -1.205 -1.275 -0.945 -0.904 -1.259 -1.533 -1.695 -1.456 -1.53
-0.354 -0.936 -0.782 -0.657 -0.59 -0.204 -0.022 0.012 -0.025 -0.01 0.125 0.031 -0.271 -0.364 -0.595 -0.228 0.429 0.658 0.414 -0.438 -1.093 -1.473 -1.635 -1.334 -1.418 -1.481 -1.219 -1.32 -1.653 -1.653 -1.464 -1.018 -0.918 -1.229 -1.404 -1.228 -1.27 -1.161 -0.93 -0.312 0.075 -0.448 -0.444 0.123 0.34 0.515 0.611 0.701 0.733 0.735 0.709 0.604 0.513 0.181 -0.138 -0.77 -1.113 -1.391 -1.248 -0.926 -0.387 -0.157 -0.583 -0.899 -1.272 -1.201 -0.851 -0.913 -0.978 -0.675 -0.647 -1 -1.17 -1.382 -1.611 -1.869
-0.76 -0.98 -0.562 -0.34 -0.287 0.045 -0.022 -0.157 -0.091 -0.149 -0.612 -0.941 -1.092 -1.15 -1.208 -0.439 0.326 0.605 0.439 -0.382 -0.96 -1.223 -1.534 -1.21 -0.963 -1.126 -0.942 -1.316 -1.538 -1.479 -1.484 -1.318 -1.4 -1.463 -1.526 -1.42 -1.316 -0.992 -0.532 0.007 -0.367 -0.754 -0.722 -0.246 -0.007 0.016 0.15 0.298 0.578 0.705 0.725 0.698 0.643 0.427 0.119 -0.401 -0.844 -1.291 -1.087 -0.702 -0.249 -0.039 -0.426 -0.819 -1.177 -0.879 -0.428 -0.679 -0.619 -0.314 -0.529 -0.787 -1.144 -1.562 -1.474 -1.401
-0.972 -0.886 -0.59 -0.771 -0.892 -0.236 -0.55 -1.07 -1.042 -1.176 -1.635 -1.968 -1.852 -1.638 -0.885 -0.151 0.373 0.607 0.387 -0.188 -0.416 -0.743 -1.19 -0.894 -0.532 -0.807 -0.997 -1.437 -1.14 -1.198 -1.595 -1.579 -1.615 -1.509 -1.382 -1.293 -1.108 -0.818 -0.124 -0.152 -0.75 -1.167 -0.989 -0.531 -0.3 -0.484 -0.307 -0.168 0.238 0.57 0.683 0.729 0.702 0.606 0.405 -0.012 -0.382 -0.749 -0.659 -0.372 -0.021 0.086 -0.312 -0.608 -0.776 -0.579 -0.136 -0.507 -0.239 -0.325 -0.755 -1.016 -1.143 -1.468 -1.446 -1.156
-1.119 -0.825 -0.962 -1.258 -1.331 -0.794 -0.542 -0.96 -1.223 -1.686 -1.958 -2.111 -1.764 -1.303 -0.726 -0.03 0.499 0.615 0.45 0.183 0.164 -0.042 -0.487 -0.421 -0.487 -1.023 -1.379 -1.468 -0.813 -1.118 -1.656 -1.381 -1.417 -1.592 -1.047 -0.724 -0.574 -0.271 -0.096 -0.443 -0.884 -1.459 -1.321 -0.758 -0.79 -0.924 -0.7 -0.396 0.169 0.385 0.458 0.68 0.726 0.698 0.598 0.365 0.005 -0.292 -0.201 -0.049 0.23 0.182 -0.024 -0.17 -0.344 -0.161 0.047 -0.064 0.038 -0.149 -0.469 -0.61 -0.936 -1.448 -1.29 -0.928
-0.698 -0.772 -1.151 -1.487 -1.517 -1.205 -0.807 -0.631 -1.06 -1.588 -1.891 -1.794 -1.078 -0.81 -0.4 0.256 0.598 0.405 0.259 -0.255 -0.254 0.088 0.128 0.011 -0.456 -1.084 -1.439 -1.379 -0.683 -1.016 -1.527 -0.998 -1.212 -1.26 -0.787 -0.323 -0.202 -0.163 -0.389 -0.863 -1.042 -1.669 -1.592 -1.219 -1.244 -1.224 -0.94 -0.434 0.233 0.116 0.04 0.413 0.665 0.719 0.681 0.614 0.337 0.086 0.13 0.322 0.505 0.494 0.371 0.283 0.149 0.233 0.237 0.021 -0.252 -0.389 -0.395 -0.64 -0.961 -0.973 -0.812 -0.731
-0.632 -0.857 -1.219 -1.48 -1.423 -1.248 -1.055 -1.03 -1.264 -1.626 -1.619 -1.324 -0.748 -0.509 -0.004 0.516 0.422 0.019 0.03 -0.558 -0.885 -0.424 -0.091 0.213 -0.284 -0.895 -1.099 -1.218 -0.65 -0.93 -1.386 -1.02 -0.761 -0.711 -0.426 -0.541 -0.831 -0.799 -0.41 -1.141 -1.251 -1.75 -1.754 -1.43 -1.281 -1.114 -0.754 -0.318 0.215 -0.162 -0.293 -0.072 0.367 0.679 0.712 0.69 0.617 0.445 0.29 0.438 0.495 0.422 0.427 0.531 0.451 0.163 -0.173 -0.44 -0.672 -0.817 -0.816 -0.776 -0.707 -0.55 -0.709 -0.817
-0.757 -0.904 -1.17 -1.402 -1.412 -1.271 -1.14 -1.573 -1.482 -1.316 -1.084 -0.803 -0.482 -0.139 0.38 0.494 0.097 -0.287 -0.105 -0.672 -1.219 -0.984 -0.676 -0.074 0.056 -0.55 -0.727 -0.775 -0.513 -0.971 -1.403 -0.978 -0.529 -0.61 -0.725 -0.957 -1.273 -1.228 -0.636 -1.215 -1.624 -1.933 -1.688 -1.239 -0.811 -0.618 -0.357 -0.078 0.191 -0.337 -0.441 -0.212 0.276 0.68 0.714 0.704 0.663 0.076 0.17 0.141 -0.049 -0.162 -0.266 -0.023 0.361 0.266 -0.267 -0.501 -0.617 -0.921 -1.127 -0.986 -0.625 -0.572 -1.02 -1.159
-0.734 -0.839 -1.001 -1.258 -1.552 -1.408 -1.436 -1.841 -1.646 -1.371 -1.13 -0.84 -0.611 0.04 0.542 0.193 -0.4 -0.476 -0.366 -0.746 -1.328 -1.387 -1.103 -0.564 0.142 -0.106 -0.292 -0.399 -0.701 -1.395 -1.615 -1 -0.847 -1.233 -1.164 -1.244 -1.571 -1.33 -0.893 -1.267 -1.817 -1.998 -1.707 -1.232 -0.879 -0.691 -0.629 -0.1 0.152 -0.476 -0.602 -0.164 0.359 0.712 0.718 0.713 0.6 0.01 0.074 -0.132 -0.548 -0.57 -0.687 -0.604 -0.122 0.384 0.069 -0.229 -0.405 -0.784 -1.11 -0.911 -0.469 -0.649 -1.102 -1.365
-0.627 -0.797 -1.088 -1.369 -1.578 -1.492 -1.572 -1.652 -1.538 -1.274 -1.027 -0.805 -0.545 0.191 0.468 -0.207 -0.835 -0.657 -0.806 -0.871 -1.293 -1.222 -0.804 -0.487 0.073 -0.161 -0.651 -0.989 -1.393 -1.575 -1.574 -1.15 -1.201 -1.527 -1.539 -1.652 -1.684 -1.398 -1.272 -1.533 -1.95 -1.782 -1.919 -1.612 -1.332 -1.308 -0.981 -0.23 0.097 -0.674 -0.584 -0.054 0.451 0.719 0.715 0.66 0.392 -0.154 0.032 -0.343 -0.724 -0.852 -0.72 -0.462 -0.064 0.391 0.194 -0.208 -0.56 -0.78 -0.803 -0.522 -0.328 -0.763 -1.277 -1.386
-0.586 -0.887 -1.121 -1.305 -1.321 -1.345 -1.39 -1.4 -1.271 -0.943 -0.719 -0.569 -0.153 0.448 0.253 -0.413 -0.902 -0.821 -0.933 -1.021 -1.365 -1.397 -1.049 -0.659 0 -0.319 -1.07 -1.319 -1.304 -1.359 -1.448 -1.237 -1.438 -1.694 -1.698 -1.607 -1.548 -1.447 -1.468 -1.587 -1.907 -1.517 -1.806 -1.69 -1.279 -1.191 -0.906 -0.188 -0.196 -0.83 -0.459 -0.01 0.508 0.715 0.702 0.571 0.268 -0.206 -0.111 -0.277 -0.655 -0.872 -0.691 -0.266 0.127 0.351 0.287 -0.155 -0.426 -0.446 -0.408 -0.21 -0.419 -0.899 -1.272 -1.46
-0.507 -1.084 -1.089 -1.167 -1.151 -1.29 -1.504 -1.472 -1.091 -0.713 -0.341 -0.197 0.323 0.377 -0.311 -0.376 -0.822 -1.028 -1.181 -1.208 -1.459 -1.484 -1.2 -0.757 -0.071 -0.215 -0.905 -1 -1.023 -1.211 -1.671 -1.636 -1.696 -1.602 -1.437 -1.212 -1.133 -1.073 -1.118 -1.25 -1.658 -1.496 -1.371 -1.719 -1.407 -0.909 -0.468 0.006 -0.668 -0.819 -0.318 0.171 0.598 0.717 0.692 0.524 0.127 -0.42 -0.221 -0.391 -0.776 -0.807 -0.507 -0.094 0.039 0.106 0.307 0.201 0.048 -0.015 0.001 -0.061 -0.321 -0.619 -0.9 -1.16
