data/climatemaps/RS_maps/climate_breeding_pr_2007.asc
NCOLS 369 
NROWS 228 
XLLCORNER 479000 
YLLCORNER 73000 
CELLSIZE 1000 
NODATA_value -9 
[rows 175 to 209 of 228, columns 77 to 153 of 369]
2.287 1.967 1.297 0.609 0.206 0.003 -0.101 -0.145 -0.161 -0.157 -0.092 0.037 0.134 0.328 0.538 0.679 0.84 1.064 1.315 1.563 1.746 1.989 2.101 2.201 2.244 2.103 1.665 1.287 1.036 1.224 1.484 1.475 1.322 1.027 0.692 0.44 0.7 0.594 0.328 0.239 0.121 -0.078 -0.284 -0.35 -0.314 -0.395 -0.501 -0.582 -0.708 -0.819 -0.901 -0.977 -1.009 -0.93 -0.805 -0.623 -0.489 -0.452 -0.368 -0.205 -0.292 -0.389 -0.408 -0.523 -0.687 -0.52 -0.357 -0.264 -0.27 -0.37 -0.512 -0.625 -0.723 -0.715 -0.674 -0.702 -0.767
2.259 2.073 1.506 0.815 0.321 0.037 -0.121 -0.182 -0.213 -0.226 -0.205 -0.139 -0.038 0.139 0.314 0.469 0.751 1.059 1.33 1.595 1.781 1.939 2.127 2.314 2.368 2.155 1.825 1.444 0.931 1.02 1.252 1.186 0.97 0.64 0.354 0.287 0.378 0.187 -0.037 -0.109 -0.213 -0.378 -0.522 -0.525 -0.562 -0.678 -0.757 -0.8 -0.86 -0.905 -0.914 -0.919 -0.955 -0.855 -0.719 -0.522 -0.315 -0.15 0 0.199 0.183 0.11 0.06 -0.166 -0.431 -0.29 -0.061 0.054 0.029 -0.087 -0.217 -0.309 -0.453 -0.505 -0.484 -0.529 -0.675
2.237 2.154 1.667 1.039 0.462 0.057 -0.146 -0.221 -0.266 -0.295 -0.289 -0.249 -0.209 -0.043 0.148 0.34 0.752 1.039 1.299 1.552 1.67 1.969 2.262 2.438 2.334 2.113 2.111 1.642 0.858 0.875 1.047 0.856 0.572 0.303 0.05 0.114 0.012 -0.165 -0.337 -0.398 -0.486 -0.637 -0.723 -0.729 -0.824 -0.883 -0.903 -0.909 -0.914 -0.904 -0.817 -0.735 -0.876 -0.896 -0.752 -0.477 -0.132 0.2 0.329 0.551 0.568 0.591 0.485 0.191 -0.172 -0.159 0.155 0.327 0.294 0.207 0.084 0.047 -0.115 -0.259 -0.272 -0.34 -0.601
2.142 2.01 1.601 1.026 0.441 0.039 -0.162 -0.249 -0.312 -0.359 -0.38 -0.366 -0.289 -0.012 0.297 0.499 0.759 0.992 1.209 1.476 1.752 2.104 2.362 2.404 2.318 2.284 2.19 1.631 0.904 0.727 0.769 0.531 0.234 -0.032 -0.198 -0.209 -0.315 -0.448 -0.56 -0.623 -0.714 -0.823 -0.892 -0.919 -0.948 -0.941 -0.906 -0.857 -0.81 -0.725 -0.617 -0.604 -0.748 -0.845 -0.759 -0.451 -0.13 0.226 0.5 0.737 0.829 0.875 0.734 0.437 0.042 -0.004 0.251 0.453 0.488 0.405 0.39 0.389 0.221 0.012 -0.117 -0.246 -0.537
1.909 1.722 1.414 0.871 0.336 0.019 -0.142 -0.24 -0.327 -0.403 -0.449 -0.45 -0.353 0.033 0.507 0.814 1.075 1.334 1.399 1.785 1.993 2.233 2.342 2.318 2.345 2.436 2.109 1.605 0.938 0.464 0.466 0.201 -0.075 -0.326 -0.455 -0.486 -0.572 -0.657 -0.734 -0.813 -0.901 -0.956 -0.993 -0.995 -0.948 -0.872 -0.759 -0.658 -0.607 -0.439 -0.349 -0.382 -0.519 -0.686 -0.751 -0.508 -0.228 0.15 0.526 0.833 0.989 1.003 0.799 0.578 0.185 0.119 0.367 0.52 0.606 0.551 0.665 0.716 0.529 0.21 -0.09 -0.243 -0.515
1.827 1.531 1.121 0.652 0.29 0.141 0.031 -0.073 -0.226 -0.394 -0.469 -0.466 -0.347 0.067 0.608 1.038 1.405 1.524 1.602 2.038 2.248 2.258 2.234 2.242 2.225 2.156 1.917 1.441 0.847 0.31 0.11 -0.15 -0.361 -0.541 -0.646 -0.693 -0.753 -0.823 -0.874 -0.922 -0.967 -0.996 -0.954 -0.846 -0.77 -0.687 -0.489 -0.345 -0.344 -0.219 -0.063 -0.101 -0.238 -0.499 -0.675 -0.496 -0.218 0.088 0.397 0.7 0.959 1.002 0.939 0.73 0.302 0.159 0.38 0.565 0.648 0.694 0.812 0.823 0.59 0.273 -0.086 -0.391 -0.627
1.83 1.432 0.906 0.493 0.362 0.378 0.316 0.172 -0.096 -0.326 -0.472 -0.474 -0.333 0.153 0.749 1.243 1.601 1.565 1.769 2.097 2.24 2.185 1.951 1.772 1.583 1.399 1.271 0.997 0.514 0.055 -0.172 -0.432 -0.584 -0.699 -0.774 -0.804 -0.869 -0.91 -0.926 -0.943 -0.963 -0.982 -0.836 -0.683 -0.584 -0.478 -0.207 -0.008 -0.058 -0.035 0.233 0.257 0.006 -0.336 -0.617 -0.506 -0.295 -0.078 0.194 0.513 0.798 0.977 0.938 0.729 0.281 0.144 0.351 0.539 0.713 0.776 0.865 0.764 0.511 0.169 -0.208 -0.557 -0.709
1.71 1.221 0.736 0.541 0.608 0.66 0.629 0.411 0.051 -0.205 -0.438 -0.47 -0.23 0.231 0.813 1.359 1.679 1.706 2.107 2.299 2.153 2.129 1.805 1.337 1.011 0.65 0.473 0.424 0.182 -0.185 -0.432 -0.587 -0.691 -0.769 -0.827 -0.872 -0.89 -0.883 -0.857 -0.831 -0.823 -0.905 -0.832 -0.613 -0.422 -0.263 -0.015 0.271 0.255 0.193 0.449 0.547 0.279 -0.119 -0.498 -0.569 -0.445 -0.278 0.017 0.337 0.616 0.828 0.839 0.645 0.232 0.178 0.322 0.485 0.75 0.837 0.845 0.576 0.226 -0.118 -0.457 -0.609 -0.543
1.625 1.082 0.72 0.702 0.846 0.955 0.931 0.645 0.264 -0.09 -0.38 -0.424 -0.177 0.228 0.807 1.457 1.776 2.018 2.261 2.298 2.151 1.886 1.545 1.118 0.648 0.293 0.021 -0.094 -0.213 -0.424 -0.571 -0.666 -0.738 -0.786 -0.813 -0.808 -0.766 -0.696 -0.623 -0.594 -0.672 -0.833 -0.816 -0.612 -0.406 -0.16 0.116 0.411 0.489 0.459 0.675 0.726 0.488 0.126 -0.336 -0.586 -0.497 -0.299 -0.089 0.218 0.541 0.749 0.756 0.532 0.231 0.278 0.385 0.551 0.75 0.79 0.714 0.459 0.006 -0.408 -0.551 -0.458 -0.275
1.49 0.966 0.794 0.903 1.076 1.254 1.17 0.879 0.568 0.147 -0.273 -0.413 -0.251 0.164 0.736 1.399 1.795 2.095 2.193 2.221 2.126 1.797 1.321 0.894 0.448 0.105 -0.234 -0.417 -0.515 -0.605 -0.663 -0.691 -0.698 -0.699 -0.704 -0.638 -0.519 -0.415 -0.333 -0.334 -0.492 -0.749 -0.791 -0.611 -0.44 -0.21 0.09 0.437 0.627 0.627 0.834 0.871 0.666 0.308 -0.201 -0.565 -0.509 -0.304 -0.12 0.156 0.489 0.71 0.723 0.456 0.291 0.411 0.488 0.629 0.771 0.777 0.646 0.355 -0.168 -0.531 -0.499 -0.303 -0.089
1.332 0.919 0.975 1.184 1.271 1.525 1.414 1.219 0.99 0.499 -0.091 -0.365 -0.365 -0.017 0.519 1.088 1.629 1.883 2.108 2.146 1.991 1.768 1.229 0.671 0.181 -0.161 -0.434 -0.571 -0.642 -0.684 -0.664 -0.587 -0.482 -0.458 -0.506 -0.448 -0.248 -0.094 -0.022 -0.072 -0.299 -0.643 -0.778 -0.664 -0.524 -0.325 -0.01 0.369 0.603 0.717 0.939 0.964 0.755 0.411 -0.108 -0.517 -0.523 -0.347 -0.141 0.071 0.387 0.609 0.641 0.419 0.38 0.514 0.62 0.705 0.734 0.733 0.504 0.084 -0.378 -0.504 -0.394 -0.155 0.12
1.209 1.023 1.156 1.391 1.571 1.861 1.849 1.619 1.23 0.678 0.094 -0.291 -0.416 -0.185 0.327 0.853 1.359 1.62 1.971 1.965 1.694 1.518 1.02 0.421 -0.079 -0.389 -0.578 -0.654 -0.676 -0.621 -0.498 -0.334 -0.196 -0.182 -0.275 -0.254 -0.037 0.159 0.254 0.133 -0.168 -0.56 -0.768 -0.708 -0.555 -0.356 -0.057 0.292 0.535 0.716 0.954 0.936 0.736 0.411 -0.069 -0.442 -0.544 -0.427 -0.221 -0.008 0.302 0.542 0.601 0.436 0.486 0.604 0.73 0.793 0.811 0.762 0.4 -0.136 -0.467 -0.448 -0.261 0.037 0.352
1.192 1.286 1.409 1.617 1.95 2.301 2.258 1.813 1.27 0.853 0.335 -0.217 -0.434 -0.292 0.2 0.756 1.148 1.347 1.646 1.525 1.249 1.012 0.552 0.031 -0.308 -0.508 -0.63 -0.66 -0.581 -0.368 -0.175 -0.004 0.12 0.124 -0.026 0.004 0.217 0.354 0.473 0.236 -0.145 -0.524 -0.709 -0.756 -0.627 -0.434 -0.154 0.184 0.449 0.664 0.879 0.861 0.685 0.328 -0.011 -0.216 -0.5 -0.522 -0.304 -0.082 0.206 0.513 0.596 0.48 0.643 0.718 0.833 0.934 0.926 0.726 0.223 -0.331 -0.426 -0.331 -0.133 0.24 0.599
1.347 1.534 1.649 1.899 2.21 2.379 2.35 2.013 1.505 1.133 0.566 -0.095 -0.43 -0.403 0 0.499 0.883 1.01 1.071 0.9 0.632 0.368 0.009 -0.297 -0.47 -0.572 -0.609 -0.523 -0.401 -0.144 0.11 0.343 0.496 0.451 0.245 0.334 0.531 0.63 0.633 0.279 -0.158 -0.418 -0.561 -0.727 -0.729 -0.562 -0.288 0.011 0.294 0.538 0.745 0.792 0.642 0.303 0.175 0.052 -0.295 -0.508 -0.365 -0.143 0.112 0.43 0.565 0.515 0.697 0.811 0.946 0.992 0.903 0.635 0.098 -0.374 -0.315 -0.122 -0.003 0.347 0.731
1.476 1.709 1.935 2.082 2.204 2.204 2.207 2.185 1.771 1.41 0.789 0.032 -0.431 -0.519 -0.207 0.196 0.554 0.537 0.391 0.209 -0.006 -0.192 -0.367 -0.492 -0.565 -0.574 -0.477 -0.235 -0.165 -0.033 0.261 0.606 0.851 0.764 0.484 0.629 0.815 0.908 0.766 0.318 -0.141 -0.199 -0.314 -0.549 -0.742 -0.664 -0.432 -0.194 0.054 0.3 0.537 0.641 0.625 0.38 0.384 0.32 -0.002 -0.381 -0.412 -0.153 0.105 0.394 0.517 0.53 0.726 0.937 1.127 1.101 0.937 0.563 0.022 -0.368 -0.207 0.072 0.119 0.451 0.867
1.683 1.84 1.934 2.046 2.09 2.07 2.081 2.014 1.713 1.312 0.81 0.128 -0.405 -0.573 -0.392 -0.063 0.101 -0.022 -0.17 -0.277 -0.379 -0.477 -0.552 -0.574 -0.548 -0.428 -0.187 0.078 0.154 0.216 0.431 0.747 1.035 0.99 0.725 0.82 1.001 1.089 0.872 0.405 -0.023 -0.005 -0.052 -0.253 -0.527 -0.671 -0.563 -0.326 -0.102 0.147 0.386 0.523 0.602 0.475 0.452 0.473 0.207 -0.177 -0.389 -0.222 0.033 0.378 0.565 0.655 0.842 0.999 1.175 1.178 1.01 0.652 0.042 -0.296 -0.054 0.231 0.342 0.573 1
1.897 1.844 1.934 2.202 2.168 2.003 2.003 1.973 1.743 1.141 0.725 0.159 -0.394 -0.64 -0.619 -0.347 -0.324 -0.499 -0.565 -0.583 -0.607 -0.643 -0.617 -0.519 -0.381 -0.163 0.168 0.421 0.487 0.55 0.775 0.921 1.251 1.163 0.902 1.018 1.184 1.229 0.949 0.503 0.065 0.138 0.162 0.031 -0.266 -0.565 -0.641 -0.393 -0.209 -0.023 0.277 0.401 0.526 0.48 0.442 0.612 0.374 0.026 -0.34 -0.278 -0.008 0.336 0.58 0.806 0.998 1.091 1.242 1.261 1.097 0.664 0.053 -0.312 0.013 0.347 0.542 0.717 1.124
2.039 2.024 2.12 2.31 2.372 2.095 2.082 2.089 1.896 1.378 0.803 0.132 -0.322 -0.631 -0.747 -0.662 -0.697 -0.765 -0.757 -0.745 -0.736 -0.689 -0.513 -0.346 -0.168 0.17 0.491 0.712 0.774 0.812 1.1 1.228 1.429 1.273 1.018 1.176 1.381 1.333 1.012 0.559 0.191 0.223 0.28 0.202 -0.042 -0.287 -0.595 -0.544 -0.417 -0.196 -0.001 0.225 0.31 0.368 0.455 0.759 0.607 0.227 -0.222 -0.238 0 0.247 0.555 0.886 1.161 1.232 1.347 1.523 1.329 0.812 0.075 -0.278 0.051 0.355 0.627 0.973 1.306
2.004 2.104 2.115 2.152 2.294 2.169 2.108 2.033 1.687 1.142 0.562 0.027 -0.274 -0.543 -0.754 -0.819 -0.844 -0.857 -0.847 -0.816 -0.736 -0.55 -0.325 -0.156 0.044 0.389 0.63 0.767 0.89 1.006 1.204 1.463 1.483 1.314 1.188 1.3 1.459 1.469 1.164 0.737 0.298 0.311 0.405 0.334 0.137 -0.118 -0.423 -0.604 -0.597 -0.424 -0.248 0.026 0.235 0.322 0.469 0.765 0.823 0.502 -0.01 -0.089 0.074 0.228 0.524 0.911 1.232 1.466 1.518 1.508 1.234 0.739 0.048 -0.187 0.067 0.322 0.655 1.096 1.452
1.85 2.078 1.997 2.004 2.214 2.025 1.957 1.811 1.464 0.911 0.364 -0.012 -0.124 -0.362 -0.703 -0.841 -0.876 -0.877 -0.854 -0.781 -0.619 -0.364 -0.204 -0.073 0.07 0.382 0.475 0.576 0.741 1.037 1.225 1.525 1.436 1.316 1.322 1.356 1.549 1.603 1.322 0.953 0.379 0.378 0.511 0.472 0.239 0.04 -0.16 -0.51 -0.704 -0.617 -0.449 -0.169 0.154 0.29 0.41 0.726 0.928 0.742 0.188 0.057 0.2 0.331 0.541 0.887 1.279 1.572 1.59 1.437 1.118 0.62 -0.015 -0.124 0.077 0.351 0.711 1.157 1.635
1.946 2.062 1.912 1.942 2.114 2.12 2.036 1.796 1.307 0.689 0.312 0.21 0.068 -0.255 -0.608 -0.796 -0.825 -0.784 -0.694 -0.57 -0.416 -0.327 -0.312 -0.281 -0.136 0.081 0.148 0.268 0.486 0.81 1.16 1.429 1.448 1.405 1.462 1.401 1.489 1.62 1.44 1.076 0.566 0.394 0.506 0.495 0.315 0.304 0.14 -0.256 -0.623 -0.713 -0.56 -0.298 0.01 0.255 0.4 0.618 0.898 0.777 0.415 0.153 0.219 0.317 0.532 0.846 1.281 1.674 1.722 1.58 1.183 0.547 0.003 -0.052 0.172 0.463 0.788 1.2 1.694
1.963 2.017 1.869 1.889 2.05 2.086 1.924 1.616 1.129 0.593 0.432 0.416 0.125 -0.274 -0.578 -0.693 -0.692 -0.612 -0.491 -0.423 -0.347 -0.393 -0.476 -0.49 -0.398 -0.258 -0.213 -0.043 0.225 0.554 0.916 1.235 1.359 1.447 1.587 1.511 1.464 1.585 1.476 1.223 0.74 0.456 0.576 0.602 0.427 0.535 0.373 -0.034 -0.502 -0.718 -0.613 -0.394 -0.134 0.162 0.405 0.585 0.921 0.87 0.603 0.318 0.37 0.418 0.596 0.891 1.364 1.696 1.735 1.683 1.272 0.586 0.03 0.045 0.251 0.514 0.828 1.279 1.782
1.817 1.976 1.921 1.884 2.027 1.959 1.646 1.227 0.842 0.657 0.673 0.448 0.068 -0.285 -0.469 -0.525 -0.567 -0.529 -0.464 -0.475 -0.501 -0.538 -0.613 -0.6 -0.506 -0.48 -0.465 -0.31 -0.03 0.302 0.594 0.846 1.135 1.373 1.56 1.561 1.511 1.575 1.518 1.31 0.94 0.681 0.735 0.759 0.676 0.701 0.451 0.051 -0.416 -0.651 -0.642 -0.481 -0.249 0.05 0.406 0.644 0.954 1.053 0.758 0.608 0.729 0.742 0.825 1.107 1.529 1.564 1.55 1.512 1.142 0.509 0.076 0.134 0.333 0.559 0.898 1.307 1.762
1.871 2.04 2.034 1.912 1.898 1.762 1.365 0.946 0.762 0.79 0.791 0.455 0.123 -0.113 -0.287 -0.385 -0.408 -0.316 -0.26 -0.343 -0.496 -0.592 -0.614 -0.522 -0.381 -0.432 -0.531 -0.488 -0.308 -0.009 0.259 0.538 0.897 1.198 1.385 1.472 1.498 1.588 1.489 1.314 1.046 0.886 0.954 0.951 0.894 0.844 0.537 0.106 -0.316 -0.468 -0.554 -0.533 -0.31 0.02 0.396 0.697 1.005 1.132 0.886 0.844 0.971 1.003 1.095 1.36 1.629 1.563 1.507 1.437 1.1 0.465 0.099 0.204 0.426 0.653 0.945 1.295 1.769
2.038 2.03 2.069 1.983 1.761 1.498 1.08 0.868 0.887 0.797 0.773 0.525 0.431 0.314 0.081 -0.152 -0.098 0.081 0.158 -0.02 -0.336 -0.546 -0.508 -0.296 -0.172 -0.274 -0.437 -0.516 -0.496 -0.316 -0.075 0.244 0.655 0.961 1.073 1.272 1.417 1.529 1.409 1.246 0.988 0.984 1.068 1.062 0.99 0.896 0.672 0.175 -0.165 -0.144 -0.245 -0.405 -0.328 0.001 0.324 0.702 1.057 1.152 1.002 0.987 1.053 1.092 1.27 1.56 1.707 1.728 1.692 1.6 1.197 0.45 0.121 0.241 0.4 0.63 0.95 1.3 1.815
2.151 2.159 2.192 2.07 1.675 1.232 0.971 0.981 1.019 0.812 0.877 0.836 0.824 0.739 0.464 0.145 0.115 0.28 0.388 0.146 -0.266 -0.504 -0.427 -0.172 -0.037 -0.112 -0.245 -0.388 -0.464 -0.434 -0.313 -0.052 0.361 0.637 0.776 1.008 1.21 1.355 1.284 1.196 0.944 0.969 1.063 1.075 1.002 0.871 0.651 0.184 -0.024 0.091 0.071 -0.098 -0.221 -0.004 0.303 0.635 1.031 1.228 1.165 1.102 1.1 1.145 1.367 1.61 1.776 1.863 1.844 1.668 1.106 0.376 0.196 0.382 0.474 0.636 1.011 1.36 1.773
2.287 2.372 2.276 2.062 1.534 1.105 1.078 1.178 1.156 0.874 1.104 1.251 1.224 1.041 0.705 0.528 0.285 0.29 0.453 0.219 -0.267 -0.491 -0.373 -0.092 0.083 0.084 0.007 -0.161 -0.183 -0.254 -0.332 -0.244 0.089 0.342 0.512 0.731 0.998 1.156 1.211 1.194 0.934 0.891 1.074 1.088 0.968 0.822 0.561 0.123 0.039 0.203 0.321 0.216 -0.001 0.042 0.35 0.611 1.003 1.25 1.267 1.226 1.194 1.325 1.51 1.566 1.669 1.768 1.768 1.502 0.873 0.265 0.329 0.588 0.716 0.729 1.039 1.418 1.721
2.327 2.46 2.176 1.93 1.356 1.201 1.309 1.359 1.302 1.066 1.213 1.54 1.535 1.329 1.088 0.935 0.589 0.309 0.339 0.162 -0.292 -0.486 -0.35 -0.036 0.183 0.275 0.205 0.128 0.188 0.146 -0.028 -0.122 -0.123 0.022 0.256 0.527 0.719 0.907 1.142 1.069 0.932 0.834 1.052 1.128 1.064 0.914 0.607 0.137 0.105 0.311 0.51 0.417 0.223 0.255 0.42 0.689 1.069 1.384 1.382 1.376 1.45 1.55 1.621 1.565 1.532 1.552 1.57 1.156 0.519 0.275 0.504 0.729 0.917 1.028 1.113 1.446 1.733
2.34 2.359 2.132 1.702 1.343 1.359 1.404 1.444 1.467 1.455 1.408 1.515 1.691 1.626 1.416 1.111 0.763 0.511 0.3 0.028 -0.323 -0.474 -0.37 -0.124 0.105 0.316 0.363 0.414 0.533 0.524 0.396 0.231 0.062 0.032 0.066 0.233 0.448 0.678 0.96 0.988 0.923 0.911 0.996 1.104 1.055 0.922 0.604 0.199 0.212 0.386 0.586 0.524 0.492 0.566 0.607 0.823 1.176 1.432 1.467 1.542 1.555 1.49 1.589 1.595 1.536 1.399 1.212 0.757 0.305 0.293 0.534 0.792 1.057 1.249 1.387 1.579 1.835
2.515 2.268 1.94 1.581 1.439 1.519 1.379 1.473 1.708 1.74 1.628 1.556 1.722 1.732 1.428 1.13 0.932 0.766 0.385 -0.084 -0.37 -0.479 -0.44 -0.253 0.016 0.338 0.466 0.639 0.879 0.885 0.762 0.607 0.446 0.462 0.167 -0.039 0.179 0.424 0.867 0.899 0.886 1.039 0.986 1.068 0.966 0.874 0.541 0.251 0.357 0.502 0.754 0.687 0.771 0.829 0.808 1.008 1.319 1.412 1.46 1.568 1.597 1.357 1.526 1.544 1.548 1.359 0.972 0.39 0.207 0.336 0.556 0.89 1.126 1.389 1.616 1.76 1.979
2.37 2.337 2.21 1.733 1.527 1.427 1.329 1.507 1.776 1.908 1.944 1.935 1.912 1.801 1.616 1.453 1.149 0.756 0.311 -0.101 -0.238 -0.305 -0.437 -0.357 -0.096 0.226 0.515 0.829 1.048 1.08 0.988 0.944 0.759 0.685 0.507 0.104 0.025 0.321 0.664 0.817 0.948 1.017 1.025 1.075 1.021 0.904 0.7 0.399 0.486 0.625 0.792 0.859 0.968 1.091 1.106 1.232 1.375 1.335 1.444 1.455 1.357 1.254 1.306 1.296 1.256 1.105 0.68 0.353 0.319 0.407 0.563 0.792 1.043 1.293 1.542 1.754 1.944
2.384 2.56 2.405 1.845 1.46 1.26 1.267 1.546 1.852 2.078 2.197 2.195 2.112 2.016 1.819 1.557 1.189 0.778 0.348 -0.095 -0.119 -0.076 -0.34 -0.414 -0.231 0.068 0.393 0.787 1.082 1.129 1.118 1.145 0.961 0.891 0.796 0.351 0.054 0.284 0.487 0.657 0.875 0.933 1.001 1.16 1.199 1.037 0.942 0.589 0.535 0.687 0.828 0.979 1.08 1.272 1.301 1.399 1.476 1.299 1.377 1.329 1.174 1.126 1.145 1.18 1.165 0.939 0.631 0.533 0.618 0.65 0.729 0.893 1.1 1.338 1.571 1.756 1.913
2.629 2.616 2.371 1.853 1.342 1.301 1.473 1.654 1.855 2.018 2.196 2.228 2.162 2.072 1.839 1.441 1.026 0.708 0.305 -0.06 -0.061 0.01 -0.197 -0.354 -0.301 -0.004 0.297 0.634 0.961 1.141 1.277 1.311 1.135 1.068 0.999 0.689 0.308 0.185 0.391 0.6 0.761 0.966 1.133 1.242 1.305 1.275 1.132 0.881 0.687 0.777 0.853 1.05 1.177 1.309 1.424 1.466 1.455 1.416 1.386 1.447 1.495 1.502 1.514 1.531 1.473 1.249 0.902 0.905 0.969 1.009 1.067 1.216 1.385 1.57 1.752 1.917 2.017
2.672 2.51 2.212 1.696 1.258 1.322 1.571 1.771 1.927 2.021 2.159 2.217 2.166 2.06 1.793 1.365 0.932 0.55 0.187 -0.05 0.053 0.144 -0.042 -0.206 -0.287 -0.123 0.146 0.461 0.775 1.101 1.387 1.441 1.255 1.135 1.176 0.979 0.479 0.159 0.342 0.592 0.727 0.968 1.114 1.277 1.385 1.393 1.248 1.061 0.931 0.921 0.867 1.072 1.233 1.294 1.458 1.512 1.473 1.491 1.562 1.747 1.895 1.853 1.785 1.769 1.691 1.565 1.278 1.26 1.3 1.313 1.346 1.421 1.541 1.693 1.868 2.019 2.118
2.53 2.273 1.867 1.407 1.257 1.325 1.486 1.686 1.934 2.129 2.202 2.18 2.08 1.935 1.716 1.494 1.119 0.634 0.145 0.027 0.218 0.306 0.167 0.074 -0.057 -0.166 -0.007 0.293 0.597 0.957 1.293 1.444 1.337 1.218 1.318 1.186 0.658 0.232 0.374 0.553 0.729 0.851 0.93 1.156 1.307 1.235 1.212 1.206 1.218 1.165 0.988 1.081 1.161 1.174 1.364 1.487 1.66 1.77 1.804 1.881 1.957 1.985 1.898 1.868 1.903 1.866 1.754 1.564 1.475 1.446 1.433 1.429 1.481 1.625 1.763 1.931 2.137
