data/climatemaps/RS_maps/climate_winter_pr_2012.asc
NCOLS 369 
NROWS 228 
XLLCORNER 479000 
YLLCORNER 73000 
CELLSIZE 1000 
NODATA_value -9 
[rows 0 to 33 of 228, columns 154 to 230 of 369]
-9 -9 -9 -9 -9 -9 -9 -9 -9 -9 -9 -9 -9 -9 -9 -9 -9 -9 -9 -9 -9 -9 -9 -9 -9 -9 -9 -9 -9 -9 -9 -9 -9 -9 -9 -9 0.641 0.573 0.492 0.408 0.331 0.246 0.181 0.129 0.082 0.05 0.013 0.021 0.009 -0.024 -0.071 -0.119 -0.171 -0.226 -0.28 -0.334 -0.389 -0.442 -0.488 -0.527 -0.555 -0.571 -0.581 -0.595 -0.624 -0.671 -0.73 -0.775 -0.804 -0.806 -0.792 -0.771 -9 -9 -9 -9 -9
-9 -9 -9 -9 -9 -9 -9 -9 -9 -9 -9 -9 -9 -9 -9 -9 -9 -9 -9 -9 -9 -9 -9 -9 -9 -9 -9 -9 -9 -9 -9 -9 -9 -9 -9 0.694 0.652 0.592 0.52 0.461 0.401 0.319 0.235 0.159 0.086 0.019 -0.02 -0.01 -0.022 -0.047 -0.082 -0.121 -0.167 -0.216 -0.274 -0.33 -0.386 -0.442 -0.492 -0.536 -0.569 -0.59 -0.601 -0.613 -0.636 -0.677 -0.733 -0.777 -0.81 -0.824 -0.821 -0.81 -0.798 -0.785 -0.775 -9 -9
-9 -9 -9 -9 -9 -9 -9 -9 -9 -9 -9 -9 -9 -9 -9 -9 -9 -9 -9 -9 -9 -9 -9 -9 -9 -9 -9 -9 -9 -9 -9 -9 -9 -9 -9 0.751 0.703 0.659 0.603 0.547 0.477 0.402 0.321 0.232 0.133 0.041 -0.029 -0.036 -0.04 -0.065 -0.088 -0.116 -0.156 -0.203 -0.263 -0.323 -0.384 -0.446 -0.502 -0.551 -0.59 -0.614 -0.627 -0.637 -0.653 -0.688 -0.734 -0.774 -0.807 -0.828 -0.835 -0.834 -0.829 -0.823 -0.813 -0.801 -9
-9 -9 -9 -9 -9 -9 -9 -9 -9 -9 -9 -9 -9 -9 -9 -9 -9 -9 -9 -9 -9 -9 -9 -9 -9 -9 -9 -9 -9 -9 -9 -9 -9 -9 0.866 0.83 0.792 0.751 0.697 0.631 0.557 0.477 0.384 0.281 0.182 0.087 -0.006 -0.045 -0.055 -0.084 -0.094 -0.106 -0.14 -0.186 -0.247 -0.312 -0.383 -0.451 -0.514 -0.57 -0.616 -0.642 -0.657 -0.667 -0.677 -0.698 -0.726 -0.757 -0.788 -0.813 -0.83 -0.841 -0.846 -0.847 -0.84 -0.824 -0.803
-9 -9 -9 -9 -9 -9 -9 -9 -9 -9 -9 -9 -9 -9 -9 -9 -9 -9 -9 -9 -9 -9 -9 -9 -9 -9 -9 -9 -9 -9 -9 -9 -9 0.997 0.922 0.885 0.854 0.815 0.762 0.692 0.612 0.521 0.417 0.3 0.203 0.105 0.016 -0.051 -0.078 -0.097 -0.089 -0.094 -0.12 -0.165 -0.227 -0.3 -0.378 -0.453 -0.524 -0.588 -0.642 -0.671 -0.688 -0.696 -0.695 -0.694 -0.703 -0.718 -0.747 -0.778 -0.807 -0.83 -0.847 -0.856 -0.852 -0.837 -0.813
-9 -9 -9 -9 -9 -9 -9 -9 -9 -9 -9 -9 -9 -9 -9 -9 -9 -9 -9 -9 -9 -9 -9 -9 -9 -9 -9 -9 -9 -9 -9 -9 -9 1.048 0.959 0.913 0.88 0.836 0.783 0.709 0.628 0.529 0.424 0.306 0.195 0.1 0.014 -0.046 -0.083 -0.082 -0.064 -0.073 -0.099 -0.142 -0.207 -0.284 -0.366 -0.446 -0.525 -0.596 -0.659 -0.698 -0.719 -0.719 -0.695 -0.672 -0.668 -0.673 -0.692 -0.721 -0.763 -0.803 -0.832 -0.85 -0.851 -0.836 -0.81
-9 -9 -9 -9 -9 -9 -9 -9 -9 -9 -9 -9 -9 -9 -9 -9 -9 -9 -9 -9 -9 -9 -9 -9 -9 -9 -9 -9 -9 -9 -9 -9 1.219 1.083 0.985 0.919 0.88 0.822 0.765 0.695 0.611 0.506 0.405 0.29 0.185 0.078 0.007 -0.041 -0.066 -0.06 -0.037 -0.047 -0.075 -0.119 -0.186 -0.262 -0.346 -0.428 -0.51 -0.592 -0.665 -0.715 -0.737 -0.725 -0.686 -0.651 -0.63 -0.63 -0.641 -0.669 -0.713 -0.767 -0.808 -0.834 -0.84 -0.826 -0.799
-9 -9 -9 -9 -9 -9 -9 -9 -9 -9 -9 -9 -9 -9 -9 -9 -9 -9 -9 -9 -9 -9 -9 -9 -9 -9 -9 -9 -9 -9 -9 1.412 1.255 1.106 1.005 0.925 0.87 0.803 0.727 0.671 0.58 0.471 0.364 0.249 0.161 0.065 -0.004 -0.032 -0.039 -0.033 -0.008 -0.008 -0.039 -0.09 -0.159 -0.241 -0.322 -0.403 -0.484 -0.568 -0.647 -0.705 -0.734 -0.72 -0.68 -0.635 -0.604 -0.596 -0.604 -0.629 -0.676 -0.734 -0.781 -0.814 -0.823 -0.814 -0.794
-9 -9 -9 -9 -9 -9 -9 -9 -9 -9 -9 -9 -9 -9 -9 -9 -9 -9 -9 -9 -9 -9 -9 -9 -9 -9 -9 -9 -9 -9 1.564 1.415 1.266 1.115 1.008 0.935 0.875 0.803 0.715 0.635 0.537 0.43 0.32 0.207 0.122 0.041 -0.001 -0.004 -0.019 -0.014 0.008 0.023 -0.005 -0.057 -0.132 -0.217 -0.29 -0.364 -0.439 -0.524 -0.605 -0.672 -0.713 -0.71 -0.673 -0.629 -0.595 -0.583 -0.587 -0.607 -0.653 -0.71 -0.757 -0.792 -0.806 -0.804 -0.793
-9 -9 -9 -9 -9 -9 -9 -9 -9 -9 -9 -9 -9 -9 -9 -9 -9 -9 -9 -9 -9 -9 -9 -9 -9 -9 -9 -9 -9 -9 1.553 1.419 1.273 1.124 1.002 0.934 0.873 0.805 0.743 0.665 0.565 0.451 0.338 0.215 0.096 0.032 0.011 -0.003 -0.006 0.002 0.035 0.051 0.02 -0.039 -0.115 -0.19 -0.259 -0.324 -0.387 -0.466 -0.554 -0.627 -0.678 -0.691 -0.667 -0.627 -0.599 -0.588 -0.588 -0.601 -0.64 -0.694 -0.739 -0.773 -0.79 -0.795 -0.79
-9 -9 -9 -9 -9 -9 -9 -9 -9 -9 -9 -9 -9 -9 -9 -9 -9 -9 -9 -9 -9 -9 -9 -9 -9 -9 -9 -9 -9 1.633 1.536 1.411 1.281 1.139 0.999 0.911 0.861 0.808 0.745 0.666 0.564 0.449 0.332 0.204 0.093 0.044 0.009 0.007 0.023 0.045 0.079 0.082 0.047 -0.012 -0.099 -0.169 -0.236 -0.296 -0.351 -0.419 -0.506 -0.584 -0.64 -0.661 -0.655 -0.628 -0.604 -0.592 -0.593 -0.605 -0.639 -0.685 -0.726 -0.757 -0.774 -0.782 -0.784
-9 -9 -9 -9 -9 -9 -9 -9 -9 -9 -9 -9 -9 -9 -9 -9 -9 -9 -9 -9 -9 -9 -9 -9 -9 -9 -9 -9 1.668 1.594 1.493 1.381 1.264 1.135 0.998 0.906 0.85 0.799 0.737 0.659 0.563 0.43 0.31 0.184 0.101 0.045 0.028 0.04 0.072 0.103 0.116 0.111 0.073 0.014 -0.068 -0.152 -0.219 -0.279 -0.334 -0.397 -0.476 -0.554 -0.61 -0.632 -0.634 -0.617 -0.594 -0.586 -0.597 -0.613 -0.643 -0.68 -0.713 -0.738 -0.753 -0.762 -0.772
-9 -9 -9 -9 -9 -9 -9 -9 -9 -9 -9 -9 -9 -9 -9 -9 -9 -9 -9 -9 -9 -9 -9 -9 -9 -9 -9 -9 1.593 1.535 1.454 1.347 1.236 1.122 0.996 0.899 0.845 0.779 0.709 0.635 0.54 0.416 0.273 0.181 0.105 0.059 0.054 0.067 0.103 0.138 0.147 0.13 0.094 0.035 -0.043 -0.137 -0.21 -0.276 -0.333 -0.395 -0.465 -0.532 -0.583 -0.608 -0.613 -0.601 -0.585 -0.582 -0.596 -0.614 -0.638 -0.671 -0.697 -0.713 -0.721 -0.73 -0.746
-9 -9 -9 -9 -9 -9 -9 -9 -9 -9 -9 -9 -9 -9 -9 -9 -9 -9 -9 -9 -9 -9 -9 -9 -9 -9 -9 -9 1.509 1.462 1.394 1.3 1.189 1.091 0.976 0.883 0.825 0.742 0.668 0.6 0.503 0.386 0.261 0.195 0.125 0.075 0.066 0.085 0.122 0.153 0.152 0.133 0.095 0.038 -0.037 -0.131 -0.214 -0.285 -0.349 -0.41 -0.465 -0.517 -0.56 -0.582 -0.588 -0.58 -0.571 -0.571 -0.584 -0.606 -0.631 -0.658 -0.674 -0.68 -0.679 -0.681 -0.697
-9 -9 -9 -9 -9 -9 -9 -9 -9 -9 -9 -9 -9 -9 -9 -9 -9 -9 -9 -9 -9 -9 1.869 1.794 1.664 1.584 1.515 1.445 1.415 1.369 1.311 1.228 1.127 1.035 0.929 0.833 0.782 0.686 0.63 0.549 0.442 0.34 0.241 0.189 0.137 0.081 0.064 0.075 0.102 0.133 0.137 0.116 0.085 0.028 -0.045 -0.137 -0.228 -0.307 -0.376 -0.43 -0.472 -0.515 -0.55 -0.561 -0.56 -0.554 -0.546 -0.547 -0.562 -0.588 -0.618 -0.637 -0.644 -0.638 -0.628 -0.623 -0.635
-9 -9 -9 -9 -9 -9 -9 -9 -9 -9 -9 -9 -9 -9 -9 -9 -9 -9 1.972 1.913 1.891 1.859 1.826 1.754 1.639 1.494 1.446 1.369 1.319 1.271 1.217 1.142 1.051 0.967 0.864 0.778 0.729 0.625 0.581 0.488 0.373 0.289 0.229 0.174 0.111 0.063 0.043 0.039 0.066 0.099 0.103 0.08 0.053 -0.001 -0.071 -0.158 -0.251 -0.333 -0.397 -0.442 -0.48 -0.519 -0.547 -0.549 -0.539 -0.525 -0.518 -0.517 -0.535 -0.567 -0.596 -0.61 -0.603 -0.585 -0.562 -0.546 -0.552
-9 -9 -9 -9 -9 -9 -9 -9 -9 -9 -9 -9 -9 -9 -9 -9 -9 2.038 1.906 1.88 1.842 1.809 1.771 1.694 1.588 1.417 1.36 1.29 1.225 1.172 1.125 1.055 0.981 0.902 0.789 0.727 0.676 0.566 0.511 0.414 0.32 0.264 0.209 0.14 0.067 0.027 0.007 0.001 0.02 0.046 0.05 0.03 -0.001 -0.051 -0.117 -0.2 -0.285 -0.355 -0.406 -0.443 -0.479 -0.513 -0.539 -0.543 -0.531 -0.514 -0.498 -0.493 -0.507 -0.545 -0.574 -0.573 -0.553 -0.522 -0.487 -0.456 -0.448
-9 -9 -9 -9 -9 -9 -9 -9 -9 -9 -9 -9 -9 -9 -9 2.168 2.067 1.957 1.842 1.819 1.784 1.753 1.702 1.63 1.521 1.376 1.264 1.202 1.142 1.077 1.031 0.976 0.913 0.816 0.718 0.676 0.617 0.523 0.431 0.347 0.29 0.239 0.165 0.086 0.023 -0.014 -0.031 -0.032 -0.02 -0.008 -0.013 -0.036 -0.074 -0.121 -0.178 -0.252 -0.321 -0.372 -0.406 -0.433 -0.46 -0.491 -0.52 -0.535 -0.535 -0.521 -0.503 -0.496 -0.501 -0.526 -0.552 -0.549 -0.521 -0.486 -0.441 -0.396 -0.374
2.105 2.231 2.35 2.441 -9 -9 -9 -9 -9 -9 -9 -9 -9 -9 2.189 2.082 1.97 1.868 1.761 1.744 1.724 1.698 1.646 1.575 1.47 1.358 1.214 1.108 1.038 0.987 0.955 0.912 0.83 0.726 0.671 0.618 0.549 0.466 0.37 0.313 0.266 0.208 0.115 0.039 -0.013 -0.046 -0.055 -0.048 -0.032 -0.023 -0.041 -0.074 -0.119 -0.173 -0.232 -0.302 -0.349 -0.374 -0.393 -0.405 -0.422 -0.451 -0.484 -0.51 -0.525 -0.525 -0.516 -0.506 -0.503 -0.514 -0.528 -0.524 -0.493 -0.455 -0.409 -0.366 -0.341
2.035 2.161 2.301 2.396 2.438 2.462 2.471 2.482 -9 -9 -9 -9 2.321 2.223 2.114 1.991 1.88 1.774 1.689 1.671 1.656 1.636 1.598 1.53 1.431 1.313 1.184 1.037 0.943 0.925 0.897 0.839 0.739 0.654 0.614 0.548 0.475 0.385 0.327 0.29 0.238 0.158 0.066 0.001 -0.04 -0.055 -0.047 -0.021 0.002 0.013 -0.011 -0.057 -0.122 -0.201 -0.276 -0.338 -0.364 -0.363 -0.357 -0.353 -0.365 -0.391 -0.425 -0.458 -0.488 -0.503 -0.502 -0.494 -0.489 -0.494 -0.498 -0.49 -0.461 -0.431 -0.396 -0.367 -0.341
1.913 2.049 2.202 2.299 2.369 2.431 2.477 2.482 2.46 -9 -9 2.337 2.27 2.168 2.048 1.91 1.795 1.678 1.623 1.599 1.588 1.573 1.531 1.46 1.366 1.25 1.139 0.981 0.877 0.861 0.819 0.757 0.656 0.569 0.531 0.465 0.394 0.316 0.289 0.26 0.19 0.104 0.026 -0.03 -0.06 -0.05 -0.016 0.025 0.049 0.051 0.026 -0.031 -0.115 -0.212 -0.297 -0.355 -0.375 -0.362 -0.335 -0.305 -0.301 -0.328 -0.36 -0.398 -0.438 -0.465 -0.475 -0.468 -0.464 -0.461 -0.456 -0.449 -0.432 -0.406 -0.39 -0.381 -0.365
1.774 1.906 2.064 2.17 2.295 2.401 2.467 2.469 2.437 2.391 2.336 2.281 2.204 2.1 1.982 1.84 1.706 1.602 1.558 1.522 1.518 1.512 1.467 1.402 1.302 1.164 1.056 0.903 0.816 0.78 0.717 0.658 0.566 0.476 0.43 0.365 0.299 0.262 0.256 0.226 0.147 0.065 -0.003 -0.053 -0.073 -0.051 0.005 0.057 0.086 0.088 0.056 -0.009 -0.104 -0.207 -0.3 -0.362 -0.384 -0.367 -0.322 -0.278 -0.258 -0.276 -0.304 -0.341 -0.384 -0.417 -0.44 -0.449 -0.438 -0.417 -0.401 -0.391 -0.383 -0.376 -0.375 -0.377 -0.378
1.638 1.749 1.896 2.023 2.195 2.342 2.427 2.441 2.406 2.343 2.282 2.213 2.129 2.026 1.905 1.763 1.622 1.539 1.48 1.448 1.443 1.443 1.391 1.307 1.223 1.102 0.953 0.799 0.724 0.67 0.59 0.542 0.45 0.373 0.326 0.259 0.217 0.223 0.223 0.171 0.105 0.038 -0.021 -0.058 -0.053 -0.03 0.03 0.078 0.101 0.1 0.063 -0.008 -0.1 -0.201 -0.299 -0.363 -0.389 -0.374 -0.329 -0.276 -0.242 -0.243 -0.264 -0.294 -0.331 -0.366 -0.398 -0.415 -0.399 -0.363 -0.334 -0.315 -0.305 -0.306 -0.319 -0.336 -0.352
1.527 1.602 1.718 1.883 2.071 2.241 2.355 2.389 2.353 2.285 2.213 2.136 2.049 1.947 1.825 1.678 1.552 1.466 1.4 1.373 1.372 1.337 1.286 1.207 1.087 0.998 0.862 0.686 0.608 0.523 0.446 0.384 0.312 0.261 0.217 0.166 0.157 0.186 0.172 0.123 0.078 0.028 -0.02 -0.039 -0.006 0.022 0.056 0.083 0.097 0.09 0.052 -0.015 -0.101 -0.201 -0.298 -0.362 -0.389 -0.379 -0.344 -0.295 -0.254 -0.238 -0.244 -0.263 -0.292 -0.324 -0.358 -0.379 -0.364 -0.324 -0.284 -0.247 -0.223 -0.221 -0.241 -0.259 -0.277
1.436 1.473 1.559 1.754 1.96 2.132 2.255 2.3 2.279 2.212 2.14 2.057 1.97 1.866 1.746 1.607 1.474 1.38 1.331 1.295 1.245 1.212 1.125 1.071 0.941 0.853 0.73 0.563 0.45 0.359 0.286 0.23 0.185 0.157 0.12 0.1 0.113 0.137 0.138 0.103 0.076 0.039 0.003 0.01 0.021 0.048 0.073 0.088 0.089 0.066 0.029 -0.027 -0.113 -0.208 -0.299 -0.361 -0.389 -0.383 -0.357 -0.32 -0.287 -0.263 -0.256 -0.263 -0.279 -0.3 -0.328 -0.349 -0.343 -0.31 -0.263 -0.215 -0.175 -0.162 -0.173 -0.187 -0.202
1.35 1.357 1.422 1.612 1.832 2.013 2.145 2.199 2.175 2.113 2.049 1.969 1.884 1.785 1.666 1.518 1.391 1.301 1.233 1.159 1.086 1.043 0.948 0.877 0.762 0.645 0.554 0.432 0.315 0.233 0.182 0.129 0.095 0.071 0.054 0.06 0.073 0.093 0.103 0.101 0.089 0.071 0.055 0.053 0.051 0.055 0.058 0.061 0.051 0.029 -0.005 -0.058 -0.139 -0.224 -0.304 -0.361 -0.391 -0.388 -0.368 -0.341 -0.316 -0.297 -0.289 -0.289 -0.29 -0.297 -0.311 -0.329 -0.329 -0.306 -0.269 -0.223 -0.173 -0.144 -0.133 -0.137 -0.141
1.255 1.245 1.288 1.451 1.679 1.875 2.016 2.081 2.069 2.001 1.93 1.866 1.795 1.706 1.602 1.452 1.326 1.204 1.085 0.981 0.908 0.837 0.745 0.635 0.528 0.438 0.379 0.276 0.197 0.137 0.091 0.066 0.049 0.029 0.016 0.024 0.045 0.071 0.098 0.113 0.127 0.128 0.102 0.068 0.053 0.04 0.025 0.01 -0.013 -0.038 -0.064 -0.102 -0.168 -0.244 -0.314 -0.363 -0.39 -0.39 -0.376 -0.358 -0.341 -0.328 -0.324 -0.321 -0.316 -0.309 -0.308 -0.316 -0.318 -0.303 -0.283 -0.252 -0.212 -0.177 -0.145 -0.127 -0.117
1.127 1.119 1.135 1.275 1.497 1.711 1.868 1.945 1.944 1.888 1.813 1.734 1.663 1.596 1.493 1.353 1.205 1.066 0.933 0.826 0.739 0.647 0.551 0.464 0.388 0.297 0.226 0.159 0.114 0.066 0.03 0.011 0.026 0.03 0.007 0.022 0.052 0.093 0.13 0.15 0.163 0.141 0.122 0.077 0.047 0.012 -0.025 -0.061 -0.092 -0.112 -0.128 -0.148 -0.197 -0.262 -0.321 -0.363 -0.384 -0.387 -0.381 -0.371 -0.36 -0.352 -0.351 -0.348 -0.339 -0.329 -0.323 -0.321 -0.315 -0.303 -0.292 -0.276 -0.253 -0.223 -0.199 -0.177 -0.163
0.949 0.959 0.966 1.084 1.295 1.519 1.687 1.783 1.792 1.749 1.685 1.603 1.522 1.451 1.35 1.201 1.059 0.914 0.781 0.666 0.568 0.491 0.423 0.36 0.303 0.215 0.141 0.097 0.076 0.048 0.006 -0.013 -0.011 0.01 0.015 0.044 0.087 0.137 0.169 0.164 0.143 0.119 0.083 0.041 0 -0.048 -0.099 -0.139 -0.16 -0.172 -0.178 -0.191 -0.226 -0.274 -0.321 -0.356 -0.374 -0.378 -0.376 -0.369 -0.363 -0.361 -0.364 -0.364 -0.361 -0.356 -0.352 -0.345 -0.334 -0.321 -0.31 -0.297 -0.283 -0.26 -0.241 -0.234 -0.23
0.766 0.78 0.792 0.899 1.092 1.306 1.484 1.586 1.608 1.57 1.516 1.437 1.35 1.261 1.166 1.033 0.887 0.748 0.626 0.522 0.452 0.399 0.35 0.305 0.245 0.164 0.098 0.064 0.062 0.059 0.016 -0.011 -0.016 -0.009 0.019 0.06 0.107 0.139 0.15 0.121 0.094 0.063 0.007 -0.037 -0.082 -0.128 -0.171 -0.201 -0.214 -0.215 -0.212 -0.218 -0.243 -0.274 -0.307 -0.334 -0.347 -0.35 -0.346 -0.346 -0.346 -0.348 -0.354 -0.36 -0.363 -0.364 -0.362 -0.366 -0.367 -0.363 -0.348 -0.33 -0.321 -0.306 -0.297 -0.293 -0.291
0.603 0.609 0.631 0.722 0.885 1.077 1.243 1.341 1.366 1.34 1.291 1.22 1.142 1.049 0.952 0.844 0.72 0.602 0.517 0.44 0.408 0.381 0.34 0.3 0.23 0.156 0.086 0.042 0.038 0.058 0.039 0.02 0.007 0.012 0.037 0.092 0.112 0.112 0.095 0.06 0.039 -0.001 -0.064 -0.108 -0.149 -0.186 -0.219 -0.242 -0.249 -0.236 -0.221 -0.22 -0.237 -0.251 -0.271 -0.288 -0.298 -0.3 -0.294 -0.307 -0.319 -0.327 -0.333 -0.337 -0.336 -0.344 -0.35 -0.356 -0.366 -0.374 -0.377 -0.374 -0.369 -0.362 -0.356 -0.351 -0.35
0.49 0.489 0.501 0.564 0.682 0.837 0.969 1.048 1.08 1.063 1.023 0.966 0.903 0.825 0.745 0.655 0.566 0.496 0.464 0.423 0.403 0.391 0.367 0.324 0.266 0.189 0.103 0.036 0.011 0.041 0.049 0.068 0.059 0.057 0.067 0.091 0.09 0.072 0.049 0.017 -0.021 -0.063 -0.115 -0.152 -0.189 -0.215 -0.231 -0.247 -0.262 -0.252 -0.224 -0.207 -0.204 -0.202 -0.211 -0.222 -0.234 -0.24 -0.236 -0.253 -0.285 -0.302 -0.307 -0.308 -0.302 -0.303 -0.313 -0.323 -0.338 -0.356 -0.371 -0.38 -0.382 -0.382 -0.382 -0.381 -0.382
0.405 0.407 0.408 0.441 0.507 0.601 0.69 0.752 0.791 0.791 0.757 0.713 0.668 0.616 0.56 0.499 0.452 0.436 0.41 0.389 0.369 0.38 0.397 0.367 0.327 0.245 0.134 0.05 0.013 0.021 0.046 0.105 0.135 0.139 0.15 0.127 0.105 0.078 0.052 0.011 -0.043 -0.09 -0.131 -0.159 -0.196 -0.23 -0.247 -0.252 -0.259 -0.236 -0.224 -0.197 -0.155 -0.13 -0.136 -0.145 -0.148 -0.157 -0.168 -0.192 -0.246 -0.277 -0.289 -0.296 -0.285 -0.276 -0.285 -0.295 -0.304 -0.326 -0.349 -0.361 -0.368 -0.372 -0.378 -0.382 -0.388
0.353 0.354 0.352 0.362 0.389 0.433 0.482 0.522 0.548 0.556 0.536 0.509 0.482 0.461 0.457 0.411 0.403 0.427 0.395 0.361 0.365 0.393 0.434 0.423 0.384 0.292 0.163 0.076 0.033 0.035 0.064 0.139 0.21 0.225 0.232 0.214 0.166 0.133 0.11 0.05 0.002 -0.05 -0.09 -0.117 -0.173 -0.215 -0.237 -0.255 -0.253 -0.225 -0.206 -0.184 -0.113 -0.066 -0.054 -0.057 -0.054 -0.063 -0.09 -0.142 -0.209 -0.262 -0.289 -0.295 -0.276 -0.263 -0.263 -0.273 -0.287 -0.301 -0.315 -0.326 -0.333 -0.337 -0.342 -0.35 -0.367
