data/climatemaps/RS_maps/climate_postbreed_tmp_2007.asc
NCOLS 369 
NROWS 228 
XLLCORNER 479000 
YLLCORNER 73000 
CELLSIZE 1000 
NODATA_value -9 
[rows 170 to 203 of 228, columns 152 to 227 of 369]
-0.471 -0.451 -0.205 -0.337 -0.816 -0.835 -0.881 -0.432 -0.351 -0.109 0.426 0.689 0.667 0.527 0.236 -0.383 -0.999 -1.457 -1.751 -1.823 -1.583 -1.299 -1.397 -1.389 -1.18 -1.25 -1.236 -1.421 -1.959 -2.013 -1.51 -0.908 -0.708 -0.761 -0.992 -1.323 -1.387 -1.386 -1.519 -1.109 -0.566 0.093 0.162 -0.374 -0.543 -0.963 -1.384 -1.291 -0.969 -0.661 -0.583 -0.447 -0.529 -0.435 -0.493 -0.683 -0.487 0.191 0.956 0.286 -0.365 -0.667 -0.872 -1.032 -1.044 -0.909 -0.361 -0.329 -0.403 -0.514 -0.846 -1.092 -0.378 0.342 0.19 -0.455
0.133 0.219 0.207 -0.055 -0.302 -0.394 -0.353 -0.038 0.207 0.433 0.688 0.742 0.602 0.444 0.176 -0.408 -1.101 -1.409 -1.414 -1.641 -1.645 -1.552 -1.667 -1.565 -1.311 -1.566 -1.769 -1.567 -1.929 -1.568 -1.1 -0.722 -0.552 -0.786 -1.09 -1.119 -1.045 -1.327 -1.319 -0.812 -0.175 0.356 -0.261 -0.918 -1.204 -1.139 -1.43 -1.058 -0.666 -0.458 -0.457 -0.438 -0.273 -0.053 0.104 0.022 0.198 0.632 1.014 0.592 -0.144 -0.277 -0.346 -0.762 -0.548 -0.872 -0.871 -0.545 -0.175 0.05 -0.174 -0.438 -0.271 0.461 0.115 -0.481
0.616 0.669 0.587 0.356 0.248 0.123 0.244 0.46 0.639 0.697 0.64 0.626 0.562 0.284 -0.122 -0.563 -0.849 -0.979 -1.23 -1.353 -1.461 -1.6 -1.894 -1.907 -1.409 -1.804 -2.178 -1.927 -1.723 -1.206 -1.043 -0.86 -0.408 -0.799 -1.052 -0.653 -0.883 -1.256 -0.92 -0.315 0.332 0.159 -0.511 -1.221 -1.552 -1.453 -1.515 -1.066 -0.887 -0.846 -1.014 -0.855 -0.449 0.051 0.444 0.35 0.561 0.496 0.659 0.958 0.564 0.337 0.036 -0.383 -0.212 -0.516 -0.619 -0.627 -0.855 -0.353 0.066 0.177 0.116 0.569 -0.116 -0.856
0.684 0.713 0.752 0.73 0.691 0.62 0.615 0.549 0.542 0.263 0.121 0.143 0.168 0.115 -0.132 -0.299 -0.416 -0.558 -0.906 -1.197 -1.538 -1.888 -1.945 -1.778 -1.745 -1.821 -1.946 -1.927 -1.597 -1.266 -1.233 -0.693 -0.012 -0.361 -0.726 -0.53 -1.105 -1.161 -0.483 0.244 0.341 -0.332 -0.811 -1.42 -1.664 -1.524 -1.243 -1.152 -0.779 -0.485 -0.414 -0.345 -0.005 0.392 0.158 -0.488 -0.337 -0.137 -0.04 0.441 0.958 0.933 0.69 0.445 0.03 0.114 -0.136 -0.488 -0.783 -0.75 -0.569 -0.077 0.263 0.613 -0.059 -0.733
0.149 0.204 0.581 0.73 0.428 0.477 0.206 -0.037 0.207 -0.264 -0.677 -0.775 -0.396 0.028 -0.032 -0.358 -0.58 -0.726 -0.818 -1.184 -1.629 -1.875 -1.555 -1.296 -1.414 -1.335 -1.575 -1.767 -1.508 -1.266 -0.931 -0.502 -0.114 0.102 -0.016 -0.395 -1.061 -0.993 -0.336 0.533 0.21 -0.632 -1.357 -1.577 -1.27 -1.102 -0.832 -0.759 -0.562 -0.267 -0.037 0.063 0.229 0.205 -0.384 -0.788 -0.605 -0.326 -0.485 -0.027 0.426 0.717 1.043 1.033 0.58 0.417 -0.152 -0.616 -0.286 -0.645 -0.921 -0.606 -0.148 0.503 0.388 -0.249
-0.297 -0.162 0.336 0.642 0.178 -0.136 -0.521 -0.609 -0.055 -0.655 -1.198 -1.319 -0.649 -0.265 -0.194 -0.705 -0.948 -1.156 -1.244 -1.389 -1.774 -1.373 -1.006 -0.828 -0.938 -1.11 -1.453 -1.546 -1.186 -1.012 -0.69 -0.655 -0.624 -0.135 0.222 0.089 -0.379 -0.487 0.119 0.621 0.129 -0.583 -1.32 -1.456 -1.145 -0.736 -0.568 -0.352 -0.315 -0.202 -0.399 -0.501 -0.182 -0.224 -0.521 -0.971 -0.917 -0.743 -0.484 0.022 -0.024 0.207 0.539 0.925 1.017 0.615 -0.06 -0.254 0.117 -0.24 -0.655 -0.847 -0.56 -0.043 0.557 0.296
-0.532 -0.215 0.341 0.541 0.071 -0.367 -0.9 -1.016 -0.366 -0.792 -1.448 -1.279 -0.694 -0.786 -0.525 -0.858 -1.211 -1.441 -1.886 -1.829 -1.399 -1.021 -0.743 -0.614 -0.839 -1.252 -1.554 -1.348 -1.341 -1.325 -1.426 -1.349 -0.908 -0.578 0.096 0.527 0.43 0.151 0.587 0.453 -0.198 -0.866 -1.452 -1.195 -0.926 -0.605 -0.464 -0.712 -0.707 -0.477 -0.886 -0.842 -0.778 -0.805 -0.914 -1.001 -0.899 -0.749 -0.535 -0.294 -0.537 -0.205 -0.009 0.587 1.088 0.863 0.256 0.295 0.393 0.053 -0.292 -0.825 -0.76 -0.266 0.277 0.598
-0.799 -0.243 0.485 0.502 0.047 -0.406 -0.805 -1.148 -0.665 -1.015 -1.635 -1.52 -1.323 -1.288 -0.881 -0.843 -1.435 -1.836 -2.067 -1.634 -1.467 -1.423 -0.938 -0.774 -0.754 -0.903 -0.849 -0.935 -1.275 -1.429 -1.764 -1.739 -1.273 -0.851 -0.106 0.378 0.731 0.669 0.624 0.188 -0.433 -1.01 -1.419 -1.155 -0.863 -0.762 -1.094 -1.125 -0.877 -0.688 -1.02 -1.092 -1.165 -1.162 -1.177 -1.01 -0.728 -0.574 -0.802 -0.784 -0.891 -0.557 0.01 0.471 0.881 1.115 0.778 0.639 0.287 -0.242 -0.469 -0.776 -0.68 -0.576 -0.288 0.021
-0.927 -0.309 0.51 0.375 -0.13 -0.488 -0.886 -1.156 -0.722 -0.993 -1.526 -1.541 -1.426 -1.114 -0.891 -0.798 -1.209 -1.733 -2.026 -2.183 -2.181 -1.683 -1.134 -1.14 -0.593 -0.22 -0.284 -0.519 -0.662 -0.885 -1.126 -1.557 -1.518 -0.861 -0.298 0.149 0.681 0.88 0.456 -0.139 -0.606 -1.103 -1.337 -1.149 -1.048 -1.195 -1.377 -1.176 -0.995 -0.849 -0.945 -0.866 -0.829 -0.754 -0.786 -0.803 -0.563 -0.203 -0.744 -0.648 -0.838 -0.493 0.022 0.133 0.524 1.069 1.144 0.834 0.309 -0.054 -0.187 -0.497 -0.822 -0.826 -0.616 -0.488
-0.683 -0.259 0.526 0.231 -0.078 -0.343 -0.905 -1.304 -0.816 -0.931 -1.419 -1.455 -1.089 -0.874 -0.975 -1.245 -1.542 -1.834 -2.283 -2.518 -2.437 -1.665 -1.303 -1.38 -0.686 -0.403 -0.357 -0.098 -0.153 -0.464 -0.747 -1.021 -1.09 -0.629 -0.198 0.155 0.617 0.925 0.411 0.006 -0.503 -1.037 -1.125 -0.802 -0.903 -1.271 -1.3 -1.238 -1.193 -0.81 -0.535 -0.404 -0.264 -0.154 -0.143 -0.187 -0.222 -0.006 -0.445 -0.274 -0.568 -0.509 -0.393 -0.386 0.015 0.578 1.053 1.153 0.939 0.574 0.267 -0.222 -0.54 -0.747 -0.36 0.094
-0.233 0.031 0.563 0.106 -0.46 -0.548 -0.977 -1.445 -1.047 -0.998 -1.464 -1.295 -0.937 -0.809 -1.137 -1.618 -1.986 -1.888 -2.338 -2.212 -2.113 -1.795 -1.499 -1.46 -0.855 -0.942 -0.957 -0.284 0.105 -0.051 -0.4 -0.568 -0.606 -0.47 -0.009 0.333 0.672 0.939 0.506 0.063 -0.549 -0.771 -0.781 -0.581 -0.929 -1.108 -0.987 -1.036 -1.28 -1.004 -0.761 -0.554 -0.375 -0.25 -0.27 -0.056 0.066 0.195 0.157 0.107 -0.112 -0.387 -0.635 -0.427 0.049 0.377 0.76 1.156 1.247 1.117 0.672 0.283 -0.151 -0.661 -0.278 0.022
0.125 0.385 0.492 0.123 -0.557 -0.968 -1.298 -1.635 -1.362 -0.998 -1.548 -1.393 -0.915 -0.806 -0.913 -1.189 -1.465 -1.541 -2.043 -1.676 -1.585 -1.559 -1.631 -1.498 -1.041 -1.033 -0.816 -0.504 -0.029 0.227 0.1 -0.043 -0.047 -0.249 -0.089 0.384 0.737 0.928 0.33 -0.356 -0.708 -0.284 -0.276 -0.382 -0.608 -0.652 -0.791 -1.09 -1.001 -0.969 -0.817 -0.828 -0.819 -0.757 -0.75 -0.49 -0.356 -0.237 0.078 0.441 0.198 -0.292 -0.331 -0.081 0.135 0.159 0.315 0.72 0.984 1.203 0.922 0.608 0.163 -0.492 -0.509 -0.29
0.231 -0.079 0.064 0.198 -0.455 -1.115 -1.524 -1.853 -1.573 -1.141 -1.625 -1.561 -1.136 -1.025 -0.684 -0.649 -1.01 -1.412 -1.802 -1.279 -0.959 -1.038 -1.207 -1.251 -0.932 -0.621 -0.236 -0.02 0.059 0.296 0.537 0.51 0.45 0.014 -0.326 0.238 0.803 0.87 0.077 -0.62 -0.725 -0.104 -0.242 -0.701 -0.736 -0.611 -0.911 -0.983 -0.688 -0.464 -0.412 -0.401 -0.601 -0.695 -0.622 -0.496 -0.23 -0.164 -0.147 0.513 0.135 -0.164 -0.094 0.352 0.54 0.268 -0.082 0.2 0.555 1.14 0.645 0.165 -0.222 -0.402 -0.077 0.177
-0.201 -0.729 -0.659 0.173 -0.268 -0.918 -1.457 -1.921 -1.811 -1.48 -1.62 -1.758 -1.635 -1.406 -0.959 -0.472 -0.74 -1.13 -1.513 -1.247 -0.566 -0.578 -0.58 -0.675 -0.31 0.026 0.298 0.481 0.488 0.519 0.759 0.835 0.809 0.337 -0.369 0.039 0.83 0.818 -0.033 -0.623 -0.302 0.153 -0.349 -0.93 -0.994 -0.755 -0.958 -0.964 -0.712 -0.392 -0.181 0.026 -0.073 -0.125 -0.191 -0.165 0.206 0.375 0.406 0.636 0.55 0.41 0.419 0.711 0.822 0.577 0.143 0.326 0.826 1.172 0.989 0.323 -0.115 -0.254 0.079 0.169
-0.534 -0.969 -1.186 -0.275 -0.023 -0.671 -1.328 -1.96 -2.112 -1.913 -1.806 -2.076 -1.818 -1.311 -0.91 -0.523 -0.385 -0.583 -0.996 -0.975 -0.267 -0.228 -0.133 -0.025 0.159 0.198 0.202 0.132 0.14 0.098 0.213 0.436 0.778 0.677 -0.164 -0.031 0.841 0.725 -0.023 -0.234 0.186 -0.033 -0.367 -0.645 -1.032 -1.071 -1.116 -0.943 -0.807 -0.819 -0.5 -0.063 0.048 0.144 0.268 0.314 0.283 0.099 0.22 0.492 0.568 0.783 0.793 0.784 0.849 0.975 0.67 0.53 0.924 1.078 1.222 0.577 0.086 0.087 0.383 0.647
-0.801 -1.3 -1.45 -0.721 -0.089 -0.571 -1.3 -1.823 -1.994 -2.004 -2.111 -2.313 -1.881 -1.337 -1.078 -0.868 -0.499 -0.224 -0.341 -0.359 -0.37 -0.569 -0.116 0.095 -0.298 -0.407 -0.597 -0.64 -0.734 -0.751 -0.659 -0.304 0.163 0.797 0.15 -0.16 0.62 0.926 0.266 0.23 0.119 -0.001 -0.186 -0.762 -1.099 -0.863 -0.672 -0.672 -0.463 -0.822 -0.519 -0.291 -0.426 -0.083 -0.143 -0.034 -0.261 -0.276 -0.243 0.087 0.099 0.452 0.292 0.358 0.492 0.892 0.93 1.079 1.241 1.28 1.324 0.795 0.471 0.681 0.931 1.094
-1.218 -1.683 -1.671 -1.149 -0.357 -0.413 -1.145 -1.571 -1.798 -2.021 -2.194 -2.504 -2.233 -1.924 -1.589 -1.355 -1.052 -0.255 -0.221 -0.503 -0.859 -0.705 -0.103 -0.504 -1.018 -1.131 -1.26 -1.338 -1.196 -1.134 -1.15 -0.9 -0.492 0.615 0.413 0.17 0.808 1.071 0.519 0.474 0.347 0.416 -0.154 -0.816 -1.004 -0.62 -0.222 -0.191 -0.334 -0.679 -0.68 -0.606 -0.654 -0.27 -0.392 -0.249 -0.349 -0.464 -0.438 -0.151 0.113 0.232 0.285 0.534 0.695 0.969 1.133 1.128 1.184 1.316 1.371 1.198 1.046 1.179 1.326 1.386
-1.568 -2.015 -1.739 -1.219 -0.708 -0.254 -0.894 -1.446 -1.795 -1.984 -2.144 -2.632 -2.879 -2.56 -2.004 -1.595 -1.105 -0.328 -0.612 -0.885 -0.656 -0.263 -0.404 -0.9 -1.227 -1.142 -1.157 -1.245 -1.1 -0.875 -1.121 -0.985 -0.445 0.553 0.758 0.686 1.177 1.078 0.737 0.703 0.724 0.312 -0.112 -0.734 -0.59 -0.315 0.002 0.11 -0.164 -0.371 -0.677 -0.522 -0.685 -0.553 -0.436 -0.269 -0.007 0.07 0.021 0.299 0.613 0.613 0.768 0.905 0.964 0.992 0.738 0.64 0.82 1.178 1.294 1.387 1.378 1.401 1.437 1.444
-1.624 -2.096 -1.732 -1.505 -1.366 -0.552 -0.512 -1.133 -1.522 -1.898 -2.372 -2.675 -3.083 -2.571 -1.915 -1.439 -0.751 -0.534 -0.962 -0.98 -0.458 -0.215 -0.648 -0.844 -0.978 -0.821 -0.759 -0.698 -0.656 -0.599 -0.893 -0.558 0.01 0.641 1.033 1.013 1.24 -9 -9 0.87 0.455 -0.072 -0.507 -0.702 -0.633 -0.559 -0.169 0.211 -0.22 -0.305 -0.341 -0.178 -0.397 -0.467 -0.121 -0.011 0.204 0.551 0.595 0.733 0.877 0.907 0.875 0.714 0.779 0.714 0.44 0.316 0.677 1.101 1.288 1.399 1.437 1.438 1.447 1.449
-1.71 -2.161 -2.006 -1.984 -1.885 -1.062 -0.434 -0.83 -1.439 -1.969 -2.222 -2.459 -3.089 -2.329 -1.608 -1.151 -0.551 -0.806 -1.166 -1.055 -0.415 -0.524 -1.004 -0.92 -1.035 -0.836 -0.541 -0.323 -0.21 -0.504 -0.821 -0.551 -0.045 0.423 0.999 1.196 1.259 -9 -9 -9 0.02 -0.297 -0.445 -0.265 -0.253 -0.206 -0.041 0.314 0.143 0.143 0.034 0.083 -0.04 -0.106 0.066 0.281 0.301 0.625 0.832 0.751 0.809 0.774 0.702 0.467 0.32 0.231 0.249 0.392 0.969 1.305 1.413 1.447 1.446 1.452 1.458 1.455
-1.812 -2.282 -2.646 -2.635 -1.933 -1.177 -0.518 -0.752 -1.304 -1.756 -1.863 -2.214 -2.701 -2.201 -1.596 -1.403 -1.197 -1.304 -1.335 -0.96 -0.401 -0.966 -1.303 -1.196 -1.232 -1.061 -0.621 -0.163 -0.016 -0.093 -0.659 -0.594 -0.183 0.275 1.061 1.285 1.283 -9 -9 -9 -9 -9 0.106 0.15 0.162 0.27 0.359 0.512 0.514 0.499 0.436 0.349 0.239 0.175 0.348 0.597 0.665 0.738 0.67 0.35 0.486 0.467 0.412 0.082 -0.013 0.111 0.343 0.819 1.342 1.454 1.462 1.462 1.459 1.461 1.456 1.385
-2.122 -2.452 -2.84 -2.714 -1.843 -1.12 -0.544 -0.57 -1.079 -1.386 -1.809 -2.221 -2.676 -2.689 -1.903 -1.822 -1.569 -1.698 -1.705 -0.887 -0.85 -1.338 -1.404 -1.296 -0.93 -0.716 -0.411 0.113 0.238 0.205 -0.033 -0.034 0.312 0.731 1.261 1.313 1.306 -9 -9 -9 -9 -9 -9 0.534 0.484 0.545 0.555 0.592 0.592 0.631 0.667 0.581 0.527 0.518 0.679 0.707 0.633 0.573 0.346 -0.004 0.024 -0.068 -0.076 -0.378 0.073 0.5 0.746 1.197 1.453 1.462 1.462 1.462 1.462 1.433 1.293 1.017
-2.72 -2.799 -2.843 -2.551 -2.104 -1.463 -0.758 -0.347 -0.981 -1.461 -1.94 -2.388 -2.836 -2.982 -2.209 -2.168 -1.871 -1.789 -1.258 -0.809 -1.143 -1.372 -1.138 -0.999 -0.691 -0.116 0.075 0.372 0.562 0.626 0.628 0.685 0.854 1.126 1.299 1.325 -9 -9 -9 -9 -9 -9 -9 -9 0.442 0.391 0.288 0.27 0.349 0.511 0.594 0.652 0.656 0.689 0.646 0.383 0.195 0.124 -0.076 -0.346 -0.499 -0.578 -0.626 -0.574 0.031 0.683 1.074 1.405 1.468 1.468 1.468 1.468 1.444 1.171 0.834 0.523
-3.097 -3.04 -3.029 -2.665 -1.965 -1.478 -0.898 -0.373 -0.909 -1.614 -2.085 -2.414 -2.504 -2.6 -2.494 -2.176 -1.737 -1.454 -0.92 -1.022 -1.282 -1.11 -0.754 -0.611 -0.312 0.086 0.22 0.384 0.55 0.747 0.738 0.794 0.908 1.134 1.291 1.329 -9 -9 -9 -9 -9 -9 -9 -9 -9 -0.04 -0.148 -0.107 0.266 0.219 0.197 0.257 0.37 0.507 0.363 0.223 -0.034 0.007 0.133 0.09 -0.319 -0.279 -0.432 -0.471 0.159 0.731 1.279 1.472 1.47 1.475 1.475 1.443 1.123 0.792 0.373 0.069
-3.072 -3.442 -3.215 -2.599 -1.759 -1.135 -0.789 -0.535 -0.739 -1.452 -1.869 -1.909 -2.053 -2.286 -2.437 -2.101 -1.602 -1.266 -1.03 -1.175 -1.289 -1.129 -0.884 -0.594 -0.304 -0.189 -0.275 -0.174 0.197 0.419 0.248 0.334 0.567 0.928 1.235 1.338 -9 -9 -9 -9 -9 -9 -9 -9 -9 -9 -0.394 -0.129 0.248 0.035 -0.251 -0.035 0.277 0.509 0.558 0.257 0.203 0.274 0.623 0.26 -0.163 0.179 0.009 -0.135 0.433 0.95 1.409 1.475 1.475 1.44 1.403 1.191 0.78 0.34 -0.011 0.036
-3.063 -3.485 -3.087 -2.322 -1.568 -0.867 -0.768 -0.95 -0.636 -0.946 -1.352 -1.492 -1.721 -2.123 -2.544 -2.292 -1.749 -1.287 -0.923 -0.77 -0.865 -1.159 -1.295 -1.145 -0.858 -0.684 -0.711 -0.55 -0.158 -0.091 -0.225 0.124 0.538 0.946 1.282 1.353 -9 -9 -9 -9 -9 -9 -9 -9 -9 -9 -9 -0.002 -0.064 -0.012 -0.341 0.022 0.356 0.334 0.705 0.655 0.74 0.766 0.832 0.373 0.102 0.491 0.016 0.028 0.536 1.153 1.474 1.482 1.472 1.242 1.028 0.817 0.431 0.075 -0.039 0.395
-3.176 -3.607 -2.736 -2.006 -1.481 -1.059 -1.225 -1.535 -0.892 -0.709 -1.404 -1.804 -1.816 -2.016 -2.374 -1.937 -1.382 -0.935 -0.765 -0.621 -0.436 -0.671 -0.976 -1.227 -0.989 -0.66 -0.613 -0.259 -0.141 -0.332 -0.361 0.126 0.693 1.186 1.366 -9 -9 -9 -9 -9 -9 -9 -9 -9 -9 -9 -9 -0.4 -0.318 -0.043 -0.305 0.124 0.167 0.153 0.599 0.479 0.756 0.657 0.953 0.618 0.132 0.631 0.394 0.25 0.718 1.247 1.482 1.482 1.369 0.969 0.679 0.597 0.386 0.2 0.181 0.598
-3.068 -3.449 -2.739 -2.162 -1.849 -1.522 -1.747 -1.971 -1.094 -0.763 -1.274 -1.895 -2.125 -2.173 -2.282 -1.653 -1.182 -1.025 -1.161 -0.971 -0.443 -0.166 -0.519 -0.966 -1.075 -0.677 -0.317 -0.103 0.214 0.163 0.017 0.427 1.008 1.347 -9 -9 -9 -9 -9 -9 -9 -9 -9 -9 -9 -9 -9 -9 -0.475 -0.072 -0.283 0.096 -0.217 0.221 0.415 0.219 0.525 0.442 0.907 0.689 0.414 0.61 0.89 0.476 0.666 1.195 1.479 1.487 1.34 0.812 0.54 0.386 0.33 0.31 0.556 0.815
-2.765 -3.294 -3.027 -2.47 -2.15 -1.913 -2.021 -1.974 -1.116 -0.872 -1.317 -1.411 -1.941 -2.295 -2.185 -1.674 -1.452 -1.471 -1.299 -0.663 -0.447 0.115 -0.309 -0.815 -0.903 -0.502 -0.544 -0.349 0.306 0.637 0.584 0.776 1.254 1.373 -9 -9 -9 -9 -9 -9 -9 -9 -9 -9 -9 -9 -9 -9 -9 -0.429 -0.263 -0.267 -0.243 -0.006 -0.011 0.293 0.729 0.804 0.982 1.01 0.996 0.95 1.057 0.964 0.959 1.266 1.479 1.489 1.469 1.006 0.648 0.444 0.482 0.706 0.861 0.697
-2.509 -3.22 -3.26 -2.711 -2.378 -2.278 -2.225 -1.996 -1.206 -0.925 -1.589 -1.487 -1.621 -2.159 -2.181 -1.518 -1.4 -1.453 -0.97 -0.093 0.12 0.425 0.047 -0.509 -0.324 -0.017 -0.129 -0.009 0.41 0.866 0.978 1.063 1.303 -9 -9 -9 -9 -9 -9 -9 -9 -9 -9 -9 -9 -9 -9 -9 -9 -0.712 -0.62 -0.347 -0.321 -0.346 -0.027 0.378 0.336 0.471 0.697 0.662 0.904 0.819 0.894 1.038 1.229 1.349 1.405 1.489 1.482 1.113 0.798 0.835 0.894 0.947 0.907 0.524
-2.36 -2.89 -3.208 -2.877 -2.664 -2.534 -2.22 -1.873 -1.244 -1.039 -1.77 -1.938 -1.514 -1.943 -2.235 -1.67 -1.077 -0.824 -0.475 0.221 0.275 0.419 0.575 0.205 0.23 0.222 0.513 0.713 0.858 0.862 0.517 0.702 -9 -9 -9 -9 -9 -9 -9 -9 -9 -9 -9 -9 -9 -9 -9 -9 -9 -9 -0.318 0.044 0.014 -0.379 -0.153 0.035 -0.073 0.275 0.27 0.543 0.603 0.402 0.466 0.672 0.837 0.983 1.235 1.495 1.493 1.28 1.082 1.086 1.034 0.755 0.654 0.403
-2.178 -2.565 -2.877 -3.013 -2.945 -2.487 -2.18 -1.936 -1.41 -1.107 -1.75 -2.114 -1.869 -1.791 -2.154 -1.867 -1.214 -0.538 -0.193 -0.271 -0.386 -0.355 0.168 0.673 0.759 0.779 0.731 0.562 0.454 0.306 0.224 -9 -9 -9 -9 -9 -9 -9 -9 -9 -9 -9 -9 -9 -9 -9 -9 -9 -9 -9 -9 0.296 0.043 -0.503 -0.333 -0.168 -0.107 0.137 0.183 0.403 0.385 0.312 0.375 0.487 0.565 0.696 1.104 1.49 1.502 1.427 1.192 1.027 0.971 0.768 0.581 0.326
-1.965 -2.383 -2.745 -2.944 -2.68 -2.535 -2.376 -1.979 -1.341 -1.1 -1.704 -2.186 -2.323 -1.968 -1.778 -1.621 -1.298 -0.375 -0.462 -0.883 -0.98 -0.788 -0.31 0.049 0.302 0.244 0.047 -0.141 -0.01 -0.061 -9 -9 -9 -9 -9 -9 -9 -9 -9 -9 -9 -9 -9 -9 -9 -9 -9 -9 -9 -9 -9 -9 -9 -0.47 -0.087 0.254 0.218 0.298 0.311 0.202 0.117 0.376 0.651 0.782 0.87 0.883 1.159 1.48 1.508 1.499 1.309 1.135 1.043 0.978 0.776 0.492
-1.981 -2.388 -2.902 -3.176 -2.762 -2.779 -2.52 -1.842 -1.521 -1.109 -1.452 -1.684 -1.99 -2.134 -1.614 -1.13 -0.747 -0.422 -0.707 -1.076 -1.359 -1.174 -0.871 -0.7 -0.311 -0.383 -0.232 0.063 0.518 -9 -9 -9 -9 -9 -9 -9 -9 -9 -9 -9 -9 -9 -9 -9 -9 -9 -9 -9 -9 -9 -9 -9 -9 -9 0.01 0.361 0.546 0.606 0.402 0.282 0.21 0.321 0.567 0.916 1.226 1.323 1.419 1.5 1.509 1.509 1.429 1.27 1.203 1.14 0.872 0.533
