data/climatemaps/RS_maps/climate_breeding_tmp_2014.asc
NCOLS 369 
NROWS 228 
XLLCORNER 479000 
YLLCORNER 73000 
CELLSIZE 1000 
NODATA_value -9 
[rows 170 to 203 of 228, columns 0 to 76 of 369]
-9 -9 -0.011 -0.038 0.023 0.273 0.356 -0.05 -0.361 -0.469 -0.21 0.188 0.639 0.874 0.937 0.961 0.976 0.981 1.012 1.045 1.065 1.07 1.101 1.131 1.162 1.202 1.213 1.21 1.208 1.205 1.156 1.124 1.113 1.119 1.122 1.122 1.121 1.121 1.093 1.08 1.057 1.033 1.023 1.023 0.862 0.778 0.838 0.845 0.814 0.623 -9 -9 -9 -9 -9 -9 -9 -9 0.13 0.154 0.318 0.48 0.303 -0.008 -0.262 -0.488 -0.487 -0.54 -0.631 -0.726 -1.007 -0.962 -0.757 -0.53 -0.451 -0.296 -0.037
-9 0.006 -0.068 -0.037 0.158 0.403 0.177 -0.184 -0.448 -0.29 0.097 0.478 0.819 0.919 0.969 0.999 1.016 1.023 1.046 1.068 1.079 1.091 1.119 1.151 1.184 1.208 1.213 1.21 1.208 1.192 1.135 1.124 1.125 1.123 1.118 1.096 1 0.866 0.83 0.998 1.023 0.995 0.983 0.989 0.85 0.808 0.828 0.807 0.682 -9 -9 -9 -9 -9 -9 -9 -9 -9 0.007 -0.22 -0.002 0.295 0.447 0.223 -0.093 -0.27 -0.355 -0.523 -0.713 -0.622 -0.466 -0.686 -0.811 -0.788 -0.564 -0.336 -0.211
0.006 -0.032 -0.09 -0.015 0.352 0.316 -0.063 -0.284 -0.394 -0.088 0.326 0.673 0.903 0.942 0.995 1.025 1.04 1.05 1.063 1.071 1.086 1.109 1.126 1.178 1.207 1.208 1.208 1.207 1.203 1.158 1.128 1.123 1.123 1.112 1.074 0.905 0.773 0.714 0.827 0.991 1.002 0.971 0.964 0.946 0.886 -9 -9 -9 -9 -9 -9 -9 -9 -9 -9 -9 -9 -9 0.221 -0.349 -0.333 0.068 0.372 -0.083 -0.312 -0.296 -0.406 -0.568 -0.615 -0.517 -0.239 -0.407 -0.624 -0.724 -0.637 -0.353 -0.279
-0.05 -0.11 -0.106 0.103 0.415 0.022 -0.325 -0.406 -0.251 0.158 0.555 0.84 0.953 0.978 1.015 1.045 1.053 1.049 1.055 1.084 1.104 1.125 1.149 1.198 1.208 1.208 1.208 1.203 1.187 1.147 1.126 1.114 1.104 1.095 1.01 0.875 0.84 0.882 0.957 1.001 0.977 0.964 0.948 0.91 0.864 -9 -9 -9 -9 -9 -9 -9 -9 -9 -9 -9 -9 -9 0.151 -0.495 -0.471 0.181 0.304 -0.132 -0.437 -0.515 -0.36 -0.182 -0.127 -0.067 0.044 -0.049 -0.282 -0.553 -0.781 -0.623 -0.529
-0.141 -0.162 -0.066 0.267 0.318 -0.279 -0.527 -0.327 -0.001 0.436 0.782 0.955 1.001 1.024 1.044 1.061 1.061 1.046 1.063 1.101 1.12 1.135 1.164 1.204 1.208 1.208 1.208 1.191 1.15 1.138 1.119 1.105 1.094 1.069 0.978 0.88 0.906 0.961 0.971 0.985 0.964 0.952 0.923 0.87 0.794 -9 -9 -9 -9 -9 -9 -9 -9 -9 -9 -9 -9 -9 -9 -0.205 -0.147 0.133 0.112 0.225 -0.038 -0.317 0.007 0.168 0.071 -0.014 -0.011 0.05 0.026 -0.334 -0.591 -0.767 -0.881
-0.185 -0.098 0.193 0.39 -0.01 -0.521 -0.448 0.01 0.379 0.719 0.935 1.011 1.044 1.062 1.068 1.071 1.061 1.053 1.081 1.114 1.131 1.142 1.166 1.205 1.208 1.208 1.203 1.154 1.129 1.126 1.118 1.093 1.081 1.048 0.97 0.896 0.933 0.957 0.96 0.965 0.942 0.907 0.854 0.758 0.597 -9 -9 -9 -9 -9 -9 -9 -9 -9 -9 -9 -9 -9 -9 -9 -0.31 -0.227 -0.039 0.145 0.13 0.217 0.049 -0.089 -0.283 -0.358 -0.526 -0.275 0.005 0.007 -0.246 -0.64 -0.954
-0.01 0.064 0.426 0.015 -0.43 -0.478 -0.218 0.322 0.7 0.919 1.012 1.044 1.068 1.08 1.076 1.073 1.062 1.076 1.106 1.128 1.125 1.143 1.178 1.207 1.208 1.202 1.184 1.128 1.121 1.118 1.106 1.081 1.066 1.031 0.969 0.916 0.932 0.929 0.928 0.923 0.888 0.802 0.664 0.494 0.325 0.164 -9 -9 -9 -9 -9 -9 -9 -9 -9 -9 -9 -9 -9 -9 -0.344 -0.497 -0.344 -0.422 -0.187 0.139 -0.047 -0.422 -0.664 -0.758 -0.965 -0.546 -0.445 -0.207 -0.014 -0.446 -0.85
0.015 0.492 0.304 -0.249 -0.535 -0.253 0.223 0.585 0.883 1.012 1.054 1.074 1.083 1.091 1.074 1.07 1.088 1.108 1.129 1.137 1.144 1.173 1.202 1.208 1.21 1.183 1.15 1.114 1.111 1.104 1.089 1.064 1.052 1.019 0.972 0.937 0.851 0.836 0.834 0.818 0.719 0.555 0.325 0.189 0.123 0.236 -9 -9 -9 -9 -9 -9 -9 -9 -9 -9 -9 -9 -9 -9 -9 -0.584 -0.408 -0.556 -0.334 -0.097 0.082 -0.084 -0.539 -1.148 -1.25 -0.926 -0.715 -0.331 -0.027 -0.49 -0.791
0.174 0.626 0.467 -0.102 -0.334 0.11 0.486 0.785 0.973 1.055 1.078 1.092 1.094 1.08 1.078 1.1 1.121 1.127 1.133 1.139 1.149 1.182 1.208 1.212 1.21 1.159 1.124 1.11 1.11 1.091 1.079 1.059 1.035 1.011 0.981 0.92 0.669 0.61 0.605 0.571 0.462 0.267 0.046 0.107 0.132 0.339 -9 -9 -9 -9 -9 -9 -9 -9 -9 -9 -9 -9 -9 -9 -0.123 -0.107 -0.208 -0.708 -0.605 -0.076 -0.298 -0.128 -0.327 -0.848 -0.994 -0.61 -0.233 -0.087 -0.271 -0.493 -0.931
0.542 0.649 0.361 -0.173 -0.063 0.39 0.69 0.915 1.037 1.09 1.104 1.113 1.101 1.093 1.108 1.134 1.116 1.13 1.138 1.115 1.106 1.176 1.208 1.213 1.207 1.126 1.099 1.117 1.115 1.082 1.07 1.045 1.018 0.998 0.972 0.824 0.453 0.244 0.275 0.352 0.411 0.103 -0.015 0.222 0.349 0.419 -9 -9 -9 -9 -9 -9 -9 -9 -9 -9 -9 -9 -9 -9 0.282 -0.001 -0.409 -0.812 -0.678 -0.413 -0.683 -0.372 -0.271 -0.585 -0.707 -0.336 -0.401 -0.52 -0.723 -0.441 -0.609
0.736 0.464 0.006 -0.102 0.255 0.623 0.821 0.988 1.074 1.11 1.113 1.09 1.071 1.116 1.13 1.118 1.117 1.134 1.123 1.097 1.106 1.186 1.213 1.213 1.166 1.072 1.084 1.103 1.117 1.084 1.06 1.034 1.004 0.993 0.932 0.664 0.215 -0.094 0.072 0.393 0.461 0.171 0.136 0.377 0.49 0.358 -9 -9 -9 -9 -9 -9 -9 -9 -9 -9 -9 -9 -9 -9 0.419 -0.063 -0.524 -0.768 -1.021 -0.923 -0.926 -0.515 -0.566 -0.612 -0.466 -0.452 -0.869 -0.9 -0.696 -0.408 -0.406
0.626 0.149 -0.195 0.189 0.585 0.811 0.955 1.043 1.09 1.121 1.093 1.043 1.084 1.147 1.134 1.123 1.117 1.139 1.122 1.11 1.151 1.188 1.213 1.202 1.076 1.077 1.113 1.12 1.117 1.081 1.05 1.021 1.015 0.979 0.836 0.456 0.101 -0.147 0.11 0.463 0.542 0.38 0.413 0.534 0.478 0.175 -9 -9 -9 -9 -9 -9 -9 -9 -9 -9 -9 -9 -9 -9 0.319 0.149 -0.194 -0.593 -0.957 -0.888 -0.906 -0.802 -0.676 -0.728 -0.523 -0.688 -1.054 -1.003 -0.51 -0.647 -0.746
0.402 -0.067 0.047 0.503 0.769 0.927 1.027 1.069 1.091 1.135 1.086 1.07 1.139 1.147 1.138 1.135 1.152 1.158 1.136 1.143 1.16 1.193 1.21 1.155 1.096 1.118 1.123 1.123 1.112 1.079 1.055 1.034 0.986 0.886 0.668 0.368 0.073 -0.159 0.103 0.49 0.626 0.591 0.575 0.558 0.385 -9 -9 -9 -9 -9 -9 -9 -9 -9 -9 -9 -9 -9 -9 -0.114 0.052 0.28 -0.008 -0.548 -0.661 -0.406 -0.444 -0.415 -0.397 -0.648 -0.782 -0.861 -1.116 -0.804 -0.604 -0.861 -0.746
0.095 -0.038 0.364 0.718 0.877 0.972 1.049 1.06 1.08 1.141 1.128 1.13 1.178 1.18 1.175 1.171 1.182 1.161 1.152 1.168 1.186 1.185 1.176 1.139 1.129 1.128 1.127 1.119 1.109 1.083 1.03 0.997 0.957 0.737 0.535 0.32 0.031 -0.056 0.196 0.529 0.656 0.584 0.443 0.406 0.189 -9 -9 -9 -9 -9 -9 -9 -9 -9 -9 -9 -9 -9 -9 -0.297 -0.217 0.267 0.156 -0.132 -0.115 -0.193 -0.254 -0.368 -0.447 -0.562 -0.776 -1.057 -1.078 -0.724 -0.912 -0.941 -0.664
-0.1 0.202 0.628 0.859 0.958 1.008 1.064 1.039 1.066 1.139 1.162 1.179 1.203 1.2 1.185 1.166 1.167 1.17 1.148 1.166 1.197 1.167 1.148 1.135 1.138 1.132 1.13 1.119 1.106 1.074 1.035 0.999 0.949 0.791 0.603 0.328 0.002 -0.027 0.328 0.569 0.673 0.477 0.315 0.302 0.034 -9 -9 -9 -9 -9 -9 -9 -9 -9 -9 -9 -9 -9 -9 -0.497 -0.299 0.113 0.277 0.211 -0.081 -0.441 -0.581 -0.587 -0.679 -0.796 -0.74 -1.03 -1.113 -0.995 -1.126 -0.966 -0.7
0.055 0.442 0.773 0.975 1.026 1.043 1.068 1.046 1.106 1.178 1.192 1.203 1.174 1.168 1.16 1.149 1.142 1.147 1.152 1.182 1.188 1.167 1.154 1.145 1.163 1.149 1.149 1.142 1.105 1.029 1.013 1.024 0.991 0.909 0.761 0.519 0.232 0.157 0.542 0.65 0.596 0.371 0.426 0.257 0.042 -9 -9 -9 -9 -9 -9 -9 -9 -9 -9 -9 -9 -9 -9 -0.439 -0.295 0.019 0.177 0.224 -0.018 -0.39 -0.329 -0.267 -0.43 -0.792 -0.913 -1.086 -1.211 -1.104 -0.931 -0.741 -0.551
0.184 0.598 0.91 1.031 1.068 1.068 1.078 1.102 1.179 1.197 1.172 1.155 1.135 1.13 1.121 1.106 1.143 1.159 1.168 1.176 1.167 1.154 1.148 1.146 1.168 1.161 1.099 1.045 1.103 1.05 1.006 1.029 1.021 0.997 0.882 0.713 0.52 0.4 0.728 0.524 0.413 0.456 0.452 0.137 -9 -9 -9 -9 -9 -9 -9 -9 -9 -9 -9 -9 -9 -9 -9 -0.294 -0.158 -0.127 0.002 0.034 0.147 -0.09 -0.32 -0.48 -0.542 -0.924 -1.016 -1.225 -1.177 -0.975 -0.874 -0.702 -0.312
0.15 0.712 1.005 1.077 1.088 1.104 1.099 1.158 1.197 1.165 1.137 1.131 1.117 1.105 1.111 1.124 1.16 1.159 1.148 1.146 1.143 1.137 1.133 1.132 1.125 1.008 0.84 0.883 1.074 1.079 1.048 1.035 1.014 1.013 0.989 0.916 0.79 0.692 0.805 0.545 0.479 0.567 0.415 -9 -9 -9 -9 -9 -9 -9 -9 -9 -9 -9 -9 -9 -9 -9 -0.436 -0.568 -0.504 -0.253 -0.153 -0.26 0.049 -0.24 -0.742 -1.002 -0.994 -1.279 -1.3 -1.207 -1.037 -0.865 -0.754 -0.631 -0.075
0.099 0.706 1.003 1.08 1.129 1.105 1.13 1.218 1.198 1.153 1.139 1.129 1.122 1.102 1.136 1.15 1.139 1.124 1.101 1.103 1.112 1.121 1.107 1.073 0.825 0.578 0.694 0.939 1.034 1.083 1.066 1.049 1.033 1.017 0.995 0.957 0.922 0.889 0.844 0.599 0.667 0.669 0.388 -9 -9 -9 -9 -9 -9 -9 -9 -9 -9 -9 -9 -9 -9 -9 -0.346 -0.609 -0.429 -0.106 -0.264 -0.405 -0.131 -0.046 -0.371 -0.848 -1.086 -1.148 -1.272 -1.024 -0.708 -0.566 -0.412 -0.278 -0.005
-0.025 0.604 1 1.078 1.132 1.165 1.197 1.233 1.211 1.186 1.155 1.131 1.115 1.107 1.129 1.127 1.099 1.088 1.076 1.066 1.081 1.063 0.991 0.79 0.304 0.355 0.773 0.929 0.966 1.081 1.094 1.078 1.069 1.057 1.026 0.973 0.903 0.835 0.839 0.769 0.779 0.742 -9 -9 -9 -9 -9 -9 -9 -9 -9 -9 -9 -9 -9 -9 -9 -9 -0.403 -0.318 -0.105 -0.093 -0.311 -0.424 -0.367 -0.568 -0.155 -0.273 -0.457 -0.641 -1.033 -0.898 -0.739 -0.641 -0.54 -0.334 -0.473
-0.013 0.522 1.052 1.171 1.237 1.225 1.219 1.195 1.17 1.169 1.142 1.114 1.096 1.094 1.1 1.092 1.062 1.05 1.042 1.03 1.016 0.951 0.707 0.205 0.114 0.506 0.854 0.845 0.917 1.022 1.073 1.067 1.07 1.078 1.068 1.016 0.876 0.768 0.79 0.855 0.843 -9 -9 -9 -9 -9 -9 -9 -9 -9 -9 -9 -9 -9 -9 -9 -9 -9 -0.214 -0.041 -0.074 -0.256 -0.387 -0.553 -0.52 -0.866 -0.555 -0.242 -0.329 -0.454 -0.788 -0.991 -0.801 -0.655 -0.715 -1.045 -0.891
0.504 0.683 1.144 1.243 1.245 1.233 1.208 1.146 1.117 1.125 1.094 1.07 1.07 1.041 1.038 1.048 1.023 1.015 1.007 0.97 0.924 0.83 0.443 0.032 0.306 0.722 0.809 0.743 0.86 0.964 1.034 1.049 1.062 1.076 1.091 1.066 0.915 0.748 0.722 0.809 -9 -9 -9 -9 -9 -9 -9 -9 -9 -9 -9 -9 -9 -9 -9 -9 -9 -9 -9 -0.097 -0.229 -0.467 -0.461 -0.639 -0.619 -0.889 -0.815 -0.541 -0.65 -0.564 -0.964 -1.368 -1.376 -1.332 -1.564 -1.548 -1.345
0.899 1.025 1.146 1.16 1.146 1.123 1.126 1.105 1.095 1.084 1.067 1.065 1.05 0.997 1.007 1 0.994 0.97 0.933 0.858 0.792 0.62 0.211 0.165 0.5 0.781 0.694 0.697 0.824 0.936 0.989 1.02 1.047 1.059 1.088 1.092 1.003 0.78 -9 -9 -9 -9 -9 -9 -9 -9 -9 -9 -9 -9 -9 -9 -9 -9 -9 -9 -9 -9 -9 -0.332 -0.335 -0.481 -0.581 -0.545 -0.687 -0.859 -0.588 -0.671 -0.691 -0.943 -1.181 -1.365 -1.721 -1.644 -1.798 -1.667 -1.407
1.056 0.93 0.892 1.079 1.1 1.085 1.088 1.078 1.078 1.056 1.035 1.02 0.99 0.988 0.972 0.961 0.955 0.921 0.833 0.694 0.579 0.283 -0.007 0.244 0.528 0.73 0.61 0.677 0.788 0.849 0.939 0.987 1.025 1.044 1.072 1.092 1.068 -9 -9 -9 -9 -9 -9 -9 -9 -9 -9 -9 -9 -9 -9 -9 -9 -9 -9 -9 -9 -9 -9 -0.294 -0.416 -0.509 -0.472 -0.222 -0.509 -0.682 -0.29 -0.277 -0.52 -0.77 -1.076 -1.457 -1.668 -1.402 -1.386 -1.311 -1.19
1.065 1.048 0.676 0.947 1.04 1.032 1.024 1.015 1.009 0.988 0.959 0.95 0.924 0.942 0.933 0.908 0.886 0.847 0.762 0.584 0.302 -0.044 0.031 0.386 0.593 0.603 0.569 0.694 0.662 0.705 0.872 0.954 1 1.032 1.052 -9 -9 -9 -9 -9 -9 -9 -9 -9 -9 -9 -9 -9 -9 -9 -9 -9 -9 -9 -9 -9 -9 -9 -9 0.155 -0.074 -0.254 -0.178 -0.059 -0.251 -0.38 -0.147 0.019 -0.44 -0.694 -1.042 -1.466 -1.75 -1.564 -1.022 -0.625 -0.539
1.124 1.152 0.677 0.778 0.919 0.935 0.909 0.915 0.885 0.86 0.851 0.859 0.844 0.847 0.826 0.804 0.833 0.806 0.681 0.401 -0.034 -0.011 0.298 0.515 0.562 0.45 0.539 0.669 0.553 0.607 0.779 0.921 0.982 1.028 -9 -9 -9 -9 -9 -9 -9 -9 -9 -9 -9 -9 -9 -9 -9 -9 -9 -9 -9 -9 -9 -9 -9 -9 -9 -9 0.462 0.296 0.224 0.19 0.121 -0.034 -0.037 0.175 -0.478 -0.924 -1.345 -1.497 -1.537 -1.431 -0.721 -0.217 -0.768
1.126 1.086 0.773 0.581 0.74 0.855 0.862 0.849 0.784 0.764 0.767 0.762 0.727 0.701 0.647 0.652 0.769 0.723 0.43 0.027 -0.015 0.221 0.504 0.592 0.515 0.446 0.557 0.581 0.491 0.532 0.671 0.862 0.941 -9 -9 -9 -9 -9 -9 -9 -9 -9 -9 -9 -9 -9 -9 -9 -9 -9 -9 -9 -9 -9 -9 -9 -9 -9 -9 -9 0.582 0.569 0.519 0.467 0.393 0.283 0.223 0.021 -0.768 -1.153 -1.457 -1.236 -1.108 -1.115 -0.375 -0.295 -1.307
1.08 1.009 0.844 0.587 0.551 0.798 0.923 0.913 0.848 0.816 0.78 0.737 0.703 0.692 0.618 0.594 0.63 0.565 0.186 -0.01 0.256 0.497 0.635 0.594 0.466 0.453 0.497 0.5 0.439 0.44 0.573 0.775 -9 -9 -9 -9 -9 -9 -9 -9 -9 -9 -9 -9 -9 -9 -9 -9 -9 -9 -9 -9 -9 -9 -9 -9 -9 -9 -9 -9 -9 0.462 0.525 0.547 0.514 0.491 0.45 0.033 -0.461 -0.86 -1.184 -0.745 -0.685 -0.574 -0.006 -0.289 -1.214
1.037 1.019 0.914 0.747 0.478 0.672 0.931 0.985 0.935 0.885 0.776 0.835 0.841 0.862 0.752 0.676 0.548 0.311 0.097 0.189 0.459 0.608 0.656 0.514 0.426 0.418 0.455 0.428 0.425 0.442 0.51 -9 -9 -9 -9 -9 -9 -9 -9 -9 -9 -9 -9 -9 -9 -9 -9 -9 -9 -9 -9 -9 -9 -9 -9 -9 -9 -9 -9 -9 -9 -9 0.321 0.323 0.364 0.377 0.465 0.321 -0.215 -0.691 -0.55 -0.2 -0.018 -0.044 0.052 -0.186 -1.022
1.055 1.091 1.001 0.878 0.625 0.507 0.891 1.023 1.002 0.899 0.847 0.95 0.97 0.951 0.848 0.787 0.569 0.264 0.225 0.396 0.595 0.69 0.662 0.516 0.429 0.433 0.451 0.469 0.502 -9 -9 -9 -9 -9 -9 -9 -9 -9 -9 -9 -9 -9 -9 -9 -9 -9 -9 -9 -9 -9 -9 -9 -9 -9 -9 -9 -9 -9 -9 -9 -9 -9 0.02 -0.131 -0.094 -0.011 0.314 0.4 -0.047 -0.281 0.094 0.142 -0.085 -0.453 -0.339 -0.586 -1.425
1.153 1.195 1.069 0.957 0.816 0.648 0.856 1.042 1.038 0.912 0.944 1.039 1.046 0.982 0.945 0.882 0.688 0.468 0.423 0.56 0.686 0.746 0.661 0.576 0.482 0.484 0.523 0.548 -9 -9 -9 -9 -9 -9 -9 -9 -9 -9 -9 -9 -9 -9 -9 -9 -9 -9 -9 -9 -9 -9 -9 -9 -9 -9 -9 -9 -9 -9 -9 -9 -9 -9 -9 -0.536 -0.41 -0.146 -0.073 0.234 0.269 0.261 0.106 -0.272 -0.595 -0.958 -1.199 -1.312 -1.811
1.213 1.212 1.061 1.007 0.943 0.879 0.937 1.075 1.033 0.949 0.971 1.11 1.118 1.073 1.032 0.945 0.786 0.631 0.571 0.604 0.721 0.752 0.664 0.589 0.536 0.543 -9 -9 -9 -9 -9 -9 -9 -9 -9 -9 -9 -9 -9 -9 -9 -9 -9 -9 -9 -9 -9 -9 -9 -9 -9 -9 -9 -9 -9 -9 -9 -9 -9 -9 -9 -9 -9 -9 -0.452 -0.37 -0.647 -0.402 0.213 0.223 -0.179 -0.653 -1.093 -1.533 -1.944 -1.961 -2.017
-9 1.25 1.136 1.045 1.052 1.056 1.088 1.061 1.002 1.032 1.084 1.137 1.057 1.021 1.06 -9 0.856 0.679 0.606 0.609 0.728 0.784 -9 -9 -9 -9 -9 -9 -9 -9 -9 -9 -9 -9 -9 -9 -9 -9 -9 -9 -9 -9 -9 -9 -9 -9 -9 -9 -9 -9 -9 -9 -9 -9 -9 -9 -9 -9 -9 -9 -9 -9 -9 -9 -9 -0.793 -0.718 -0.387 0.023 0.15 -0.423 -1.041 -1.508 -1.53 -1.801 -2.073 -1.79
-9 -9 -9 -9 -9 1.204 1.01 1.013 1.085 1.151 -9 -9 -9 -9 -9 -9 -9 -9 -9 -9 -9 -9 -9 -9 -9 -9 -9 -9 -9 -9 -9 -9 -9 -9 -9 -9 -9 -9 -9 -9 -9 -9 -9 -9 -9 -9 -9 -9 -9 -9 -9 -9 -9 -9 -9 -9 -9 -9 -9 -9 -9 -9 -9 -9 -9 -9 -0.768 -0.78 -0.383 0.008 -0.411 -0.861 -0.822 -0.899 -1.746 -2.235 -1.732
