data/climatemaps/RS_maps/climate_winter_tmin_2001.asc
NCOLS 369 
NROWS 228 
XLLCORNER 479000 
YLLCORNER 73000 
CELLSIZE 1000 
NODATA_value -9 
[rows 102 to 135 of 228, columns 228 to 303 of 369]
-0.455 -0.892 -0.956 -1.005 -1.091 -1.182 -1.223 -1.367 -1.161 -0.808 -0.311 0.11 0.237 -0.099 -0.691 -0.708 -0.849 -1.133 -1.316 -1.218 -1.214 -1.122 -0.92 -0.621 -0.222 -0.178 -0.535 -0.621 -0.79 -1.1 -1.659 -1.701 -1.373 -1.094 -0.979 -0.929 -0.862 -0.792 -0.701 -0.74 -1.081 -1.126 -0.818 -1.035 -0.903 -0.526 -0.18 -0.345 -0.921 -0.831 -0.485 -0.252 -0.015 0.281 0.295 0.129 -0.37 -0.74 -0.557 -0.555 -0.884 -0.908 -0.637 -0.346 -0.327 -0.437 -0.27 -0.144 -0.078 -0.08 -0.064 -0.113 -0.168 -0.317 -0.545 -0.783
-0.484 -0.89 -0.965 -0.95 -0.93 -1.046 -1.304 -1.229 -0.957 -0.696 -0.191 0.241 0.018 -0.236 -0.694 -1.079 -1.154 -1.286 -1.503 -1.404 -1.066 -0.876 -0.67 -0.429 -0.218 -0.238 -0.451 -0.777 -0.991 -1.429 -1.929 -1.78 -1.365 -1.155 -1.189 -1.293 -1.202 -1.19 -1.026 -0.867 -0.713 -0.644 -0.462 -0.399 -0.341 -0.159 -0.302 -0.866 -1.131 -1.08 -0.765 -0.41 -0.106 0.273 0.28 0.025 -0.381 -0.742 -0.836 -0.605 -0.817 -1.031 -0.789 -0.55 -0.408 -0.655 -0.642 -0.484 -0.286 -0.325 -0.342 -0.287 -0.203 -0.14 -0.243 -0.454
-0.383 -0.609 -0.912 -1.003 -1.246 -1.207 -0.943 -0.66 -0.518 -0.324 0.033 0.124 -0.385 -0.555 -0.481 -0.899 -1.272 -1.379 -1.379 -1.284 -1.029 -0.646 -0.391 -0.288 -0.44 -0.688 -0.644 -1.019 -1.348 -1.687 -1.847 -1.819 -1.651 -1.534 -1.617 -1.789 -1.814 -1.859 -1.679 -1.445 -1.375 -1.486 -1.308 -0.88 -0.3 -0.303 -0.99 -1.579 -1.401 -1.095 -0.782 -0.4 -0.004 0.289 0.249 -0.015 -0.339 -0.727 -1.02 -0.722 -0.789 -1.099 -0.965 -0.75 -0.511 -0.832 -0.977 -0.791 -0.474 -0.623 -0.751 -0.617 -0.471 -0.362 -0.283 -0.178
-0.618 -1.108 -1.213 -1.254 -1.1 -0.683 -0.496 -0.531 -0.575 -0.453 0.006 0.014 -0.438 -0.903 -0.639 -0.708 -1.207 -1.364 -1.182 -0.971 -0.793 -0.517 -0.355 -0.576 -1.012 -1.147 -0.961 -1.308 -1.571 -1.652 -1.696 -1.688 -1.664 -1.461 -1.506 -1.758 -1.841 -1.94 -1.992 -1.972 -1.849 -1.355 -1.018 -0.675 -0.238 -0.599 -1.228 -1.6 -1.3 -1.066 -0.695 -0.211 0.187 0.26 0.178 -0.041 -0.417 -0.674 -1.032 -0.86 -0.968 -1.235 -1.117 -0.786 -0.69 -0.879 -1.213 -0.999 -0.716 -0.868 -0.994 -0.902 -0.769 -0.646 -0.522 -0.296
-0.833 -1.201 -1.24 -0.938 -0.601 -0.527 -0.678 -0.867 -0.957 -0.687 -0.051 -0.081 -0.607 -1.07 -0.956 -0.726 -1.302 -1.438 -1.101 -0.759 -0.63 -0.52 -0.771 -1.084 -1.521 -1.46 -1.302 -1.698 -1.601 -1.44 -1.523 -1.589 -1.419 -1.267 -1.218 -1.462 -1.649 -1.814 -1.828 -1.601 -1.572 -1.276 -0.927 -0.481 -0.328 -0.843 -1.529 -1.445 -1.22 -0.949 -0.578 -0.067 0.254 0.2 0.088 -0.104 -0.517 -0.825 -1.08 -1.047 -1.308 -1.302 -1.077 -0.858 -1.005 -1.056 -1.338 -1.098 -0.987 -1.049 -1.22 -1.082 -0.927 -0.845 -0.828 -0.752
-1.244 -1.368 -1.008 -0.618 -0.638 -0.841 -0.994 -0.967 -0.896 -0.577 -0.042 -0.33 -0.846 -1.404 -1.252 -0.974 -1.592 -1.543 -1.198 -1.014 -0.94 -0.72 -1.241 -1.765 -1.824 -1.71 -1.685 -1.835 -1.637 -1.324 -1.435 -1.605 -1.65 -1.588 -1.217 -1.162 -1.467 -1.738 -1.797 -1.631 -1.316 -0.956 -0.654 -0.363 -0.593 -1.062 -1.499 -1.297 -1.003 -0.707 -0.302 0.119 0.271 0.166 0.004 -0.237 -0.708 -1.137 -1.279 -1.332 -1.467 -1.283 -1.145 -1.208 -1.31 -1.233 -1.35 -1.108 -1.235 -1.248 -1.372 -1.251 -1.101 -1.067 -1.127 -1.108
-1.297 -1.238 -0.823 -0.786 -0.972 -1.218 -1.178 -1.045 -0.87 -0.547 -0.147 -0.661 -1.221 -1.691 -1.517 -1.496 -1.83 -1.799 -1.608 -1.561 -1.3 -1.005 -1.61 -1.935 -1.844 -1.686 -1.626 -1.578 -1.584 -1.406 -1.195 -1.218 -1.472 -1.535 -1.467 -0.977 -1.153 -1.485 -1.598 -1.591 -1.233 -0.901 -0.543 -0.43 -0.886 -1.272 -1.26 -1.036 -0.643 -0.306 0.049 0.254 0.266 0.155 -0.098 -0.499 -0.939 -1.184 -1.146 -1.327 -1.393 -1.368 -1.323 -1.367 -1.35 -1.366 -1.298 -1.219 -1.341 -1.412 -1.392 -1.324 -1.292 -1.307 -1.432 -1.383
-1.124 -1.105 -0.941 -1.128 -1.267 -1.626 -1.476 -1.287 -1.078 -0.599 -0.336 -0.843 -1.427 -1.66 -1.657 -1.942 -1.758 -1.802 -1.618 -1.616 -1.497 -1.432 -1.828 -1.708 -1.66 -1.558 -1.464 -1.387 -1.337 -1.284 -1.05 -0.9 -1.039 -1.287 -1.352 -0.971 -0.826 -1.106 -1.375 -1.38 -1.116 -0.884 -0.523 -0.501 -0.941 -1.059 -0.813 -0.561 -0.216 0.11 0.249 0.275 0.25 0.041 -0.356 -0.779 -0.851 -0.832 -0.83 -1.039 -1.014 -1.117 -1.087 -1.18 -1.181 -1.223 -1.378 -1.423 -1.348 -1.292 -1.226 -1.29 -1.405 -1.503 -1.532 -1.367
-1.359 -1.284 -1.21 -1.446 -1.664 -1.773 -1.641 -1.376 -0.976 -0.588 -1.022 -0.962 -1.283 -1.499 -1.6 -1.97 -1.643 -1.617 -1.612 -1.448 -1.574 -1.623 -1.647 -1.454 -1.451 -1.461 -1.311 -1.24 -1.137 -1.061 -0.957 -0.698 -0.711 -0.83 -1.062 -0.924 -0.604 -0.709 -1.089 -1.177 -1.03 -0.689 -0.305 -0.28 -0.568 -0.486 -0.206 -0.003 0.163 0.272 0.265 0.23 0.191 -0.04 -0.501 -0.589 -0.505 -0.53 -0.606 -0.742 -0.759 -0.853 -0.814 -0.928 -0.974 -1.076 -1.269 -1.346 -1.122 -1.138 -1.341 -1.522 -1.632 -1.659 -1.546 -1.306
-1.69 -1.632 -1.684 -1.822 -1.843 -1.586 -1.488 -1.179 -0.603 -0.843 -1.689 -1.363 -1.049 -1.189 -1.718 -1.958 -1.702 -1.484 -1.478 -1.29 -1.486 -1.367 -1.428 -1.215 -1.261 -1.513 -1.404 -1.262 -1.105 -0.907 -0.82 -0.633 -0.509 -0.422 -0.506 -0.467 -0.32 -0.339 -0.661 -0.784 -0.756 -0.49 -0.12 0.022 -0.039 0.071 0.188 0.245 0.271 0.188 0.085 -0.178 -0.124 0.085 -0.168 -0.143 -0.123 -0.201 -0.284 -0.386 -0.448 -0.527 -0.572 -0.616 -0.692 -0.89 -1.048 -1.193 -1.012 -1.293 -1.552 -1.605 -1.774 -1.741 -1.604 -1.345
-1.952 -1.967 -2.048 -1.981 -1.695 -1.28 -1.174 -0.884 -0.504 -1.137 -1.929 -1.763 -1.227 -1.133 -1.806 -1.748 -1.762 -1.524 -1.184 -0.835 -1.137 -1.075 -1.307 -1.093 -1.096 -1.374 -1.434 -1.335 -1.261 -0.998 -0.735 -0.523 -0.411 -0.282 -0.252 -0.198 -0.102 -0.064 -0.188 -0.284 -0.26 -0.156 0.029 0.169 0.206 0.253 0.267 0.241 0.158 -0.059 -0.349 -0.589 -0.314 0.013 0.026 -0.078 -0.133 -0.119 -0.062 -0.126 -0.233 -0.299 -0.354 -0.417 -0.489 -0.626 -0.751 -0.909 -0.924 -1.262 -1.393 -1.398 -1.568 -1.712 -1.54 -1.282
-1.948 -1.95 -2.025 -1.972 -1.501 -1.257 -1.379 -1.237 -0.867 -1.174 -1.966 -1.802 -1.243 -1.304 -1.742 -1.644 -1.518 -1.489 -1.396 -0.937 -0.771 -0.956 -1.317 -1.225 -0.972 -1.21 -1.318 -1.109 -1.08 -0.907 -0.61 -0.415 -0.334 -0.281 -0.224 -0.172 -0.07 0.013 0.004 0.041 0.082 0.131 0.193 0.209 0.197 0.23 0.043 -0.107 -0.218 -0.463 -0.793 -0.721 -0.397 -0.144 -0.416 -0.485 -0.514 -0.542 -0.372 -0.354 -0.386 -0.517 -0.59 -0.663 -0.695 -0.55 -0.615 -0.798 -0.945 -1.066 -1.169 -1.347 -1.494 -1.582 -1.364 -1.066
-1.844 -1.802 -1.943 -1.902 -1.583 -1.71 -1.884 -1.447 -1.105 -1.433 -1.876 -1.636 -1.305 -1.547 -1.585 -1.622 -1.396 -1.202 -1.135 -0.96 -0.558 -0.859 -1.318 -1.253 -0.965 -1.032 -1.1 -0.851 -0.793 -0.77 -0.583 -0.329 -0.282 -0.317 -0.217 -0.12 -0.05 0.021 0.089 0.085 0.138 0.176 0.207 0.23 0.136 -0.067 -0.378 -0.542 -0.593 -0.786 -1.014 -0.697 -0.325 -0.286 -0.637 -0.9 -0.844 -0.829 -0.631 -0.636 -0.812 -0.934 -1.008 -1.061 -1.034 -0.711 -0.717 -0.98 -1.107 -1.231 -1.225 -1.532 -1.492 -1.344 -1.128 -0.849
-1.721 -1.76 -1.934 -1.756 -1.949 -2.404 -2.32 -1.57 -1.494 -2.036 -2 -1.752 -1.555 -1.493 -1.271 -1.261 -1.391 -1.188 -0.87 -0.776 -0.475 -0.674 -1.084 -1.054 -0.905 -0.856 -0.996 -0.687 -0.515 -0.548 -0.454 -0.216 -0.19 -0.219 -0.067 0.029 0.047 0.119 0.006 -0.029 0.071 0.085 0.191 0.172 -0.168 -0.501 -0.798 -0.953 -0.973 -1.166 -1.106 -0.709 -0.339 -0.417 -0.767 -1.102 -1.17 -1.083 -0.916 -0.838 -1.225 -1.295 -1.264 -1.194 -1.049 -0.749 -0.86 -1.087 -1.311 -1.526 -1.514 -1.595 -1.367 -1.111 -0.864 -0.767
-1.72 -1.808 -1.836 -1.442 -1.714 -2.329 -2.203 -1.911 -2.101 -2.204 -1.93 -1.623 -1.319 -1.188 -1.051 -0.908 -1.268 -1.246 -0.895 -0.715 -0.515 -0.437 -0.775 -0.716 -0.75 -0.698 -0.886 -0.639 -0.327 -0.292 -0.264 -0.1 -0.014 0.024 0.079 0.013 -0.089 -0.013 0.022 -0.191 -0.256 -0.086 0.178 0.069 -0.44 -0.656 -0.911 -1.068 -1.111 -1.208 -1.186 -0.859 -0.471 -0.442 -0.768 -1.053 -1.369 -1.275 -1.206 -0.966 -1.435 -1.464 -1.299 -1.109 -0.966 -0.782 -1.013 -1.22 -1.412 -1.645 -1.645 -1.593 -1.39 -1.018 -0.758 -0.987
-1.968 -1.552 -1.555 -1.305 -1.669 -2.102 -2.212 -1.985 -1.843 -1.961 -1.737 -1.546 -1.464 -1.465 -1.237 -0.88 -0.955 -1.075 -0.847 -0.624 -0.521 -0.281 -0.414 -0.376 -0.464 -0.437 -0.577 -0.449 -0.195 -0.01 0.008 0.046 0.075 0.045 0.012 -0.181 -0.407 -0.273 0.022 -0.278 -0.639 -0.335 0.064 0.177 -0.223 -0.619 -0.696 -0.822 -1.016 -1.274 -1.266 -0.969 -0.581 -0.435 -0.696 -0.925 -1.28 -1.455 -1.296 -1.198 -1.476 -1.348 -1.167 -1.018 -0.871 -0.881 -1.212 -1.517 -1.703 -1.641 -1.498 -1.425 -1.212 -0.858 -0.806 -1.176
-1.829 -1.658 -1.231 -1.122 -1.562 -1.814 -1.892 -1.829 -1.54 -1.806 -1.943 -1.803 -1.58 -1.471 -1.245 -0.929 -0.682 -0.771 -0.689 -0.456 -0.33 -0.14 -0.093 -0.053 -0.121 -0.087 -0.173 -0.113 0.01 0.124 0.108 0.023 -0.111 -0.253 -0.235 -0.437 -0.705 -0.403 -0.169 -0.204 -0.792 -0.582 -0.167 0.121 -0.035 -0.534 -0.414 -0.598 -0.979 -1.378 -1.314 -0.967 -0.743 -0.535 -0.554 -0.809 -1.182 -1.582 -1.414 -1.44 -1.394 -1.199 -1.054 -0.989 -0.836 -1.101 -1.378 -1.596 -1.618 -1.598 -1.424 -1.177 -0.924 -0.709 -0.905 -1.2
-1.437 -1.601 -1.263 -1.038 -1.491 -1.656 -1.82 -1.835 -1.53 -1.334 -1.597 -1.46 -1.277 -1.122 -0.873 -0.638 -0.509 -0.5 -0.486 -0.348 -0.124 0.013 -0.017 -0.069 -0.069 0.029 0.056 0.091 0.11 0.074 -0.09 -0.418 -0.612 -0.619 -0.528 -0.524 -0.796 -0.618 -0.483 -0.175 -0.674 -0.759 -0.501 -0.172 0.173 -0.108 -0.218 -0.568 -0.826 -1.221 -1.386 -1.212 -1.021 -0.783 -0.575 -0.737 -1.112 -1.568 -1.621 -1.619 -1.401 -1.146 -1.254 -1.211 -0.934 -1.327 -1.575 -1.726 -1.681 -1.361 -1.249 -1.026 -0.752 -0.848 -0.94 -0.975
-1.311 -1.227 -1.12 -0.986 -1.49 -1.724 -1.645 -1.521 -1.478 -1.085 -1.007 -1.001 -0.913 -0.755 -0.605 -0.39 -0.308 -0.265 -0.239 -0.088 -0.012 -0.168 -0.268 -0.341 -0.362 -0.332 -0.233 -0.025 0.044 -0.176 -0.511 -0.799 -0.965 -0.877 -0.762 -0.653 -1.124 -1.042 -0.613 -0.235 -0.589 -0.933 -0.582 -0.115 0.217 0.133 -0.08 -0.46 -0.697 -0.907 -1.266 -1.461 -1.152 -0.882 -0.668 -0.749 -1.097 -1.527 -1.69 -1.564 -1.428 -1.292 -1.429 -1.127 -1.29 -1.381 -1.599 -1.64 -1.495 -1.384 -1.138 -0.81 -0.762 -1.061 -1.237 -0.949
-1.399 -1.179 -1.009 -0.826 -1.247 -1.607 -1.378 -1.232 -1.126 -0.951 -0.552 -0.522 -0.473 -0.404 -0.3 -0.127 -0.048 -0.039 -0.086 -0.121 -0.303 -0.425 -0.519 -0.623 -0.695 -0.616 -0.426 -0.219 0.029 -0.28 -0.71 -0.934 -1.128 -1.294 -1.208 -1.023 -1.244 -1.076 -0.756 -0.358 -0.674 -0.958 -0.567 -0.181 0.167 0.171 0.043 -0.25 -0.571 -0.806 -1.177 -1.42 -1.139 -0.827 -0.661 -0.819 -1.167 -1.606 -1.843 -1.645 -1.659 -1.655 -1.358 -1.315 -1.581 -1.523 -1.629 -1.551 -1.343 -1.141 -0.957 -0.711 -0.871 -1.207 -1.433 -1.178
-1.465 -1.505 -1.366 -0.86 -0.918 -1.391 -1.126 -0.956 -0.662 -0.538 -0.244 -0.106 -0.076 -0.058 -0.047 -0.141 -0.214 -0.28 -0.334 -0.369 -0.533 -0.64 -0.723 -0.832 -0.97 -0.827 -0.639 -0.407 -0.046 -0.226 -0.453 -0.558 -0.816 -1.28 -1.63 -1.414 -1.23 -0.828 -0.575 -0.452 -0.886 -0.959 -0.588 -0.226 0.12 0.222 0.117 -0.075 -0.554 -1.008 -1.322 -1.347 -1.032 -0.736 -0.628 -0.855 -1.224 -1.672 -1.792 -1.868 -1.757 -1.568 -1.314 -1.547 -1.757 -1.637 -1.505 -1.481 -1.367 -1.371 -1.049 -0.722 -0.978 -1.281 -1.599 -1.46
-1.601 -1.562 -1.398 -0.982 -0.672 -1.047 -0.835 -0.608 -0.326 -0.152 -0.016 -0.022 -0.033 -0.124 -0.293 -0.506 -0.593 -0.537 -0.611 -0.633 -0.751 -0.9 -0.973 -1.115 -0.965 -0.787 -0.582 -0.364 -0.045 -0.187 -0.354 -0.484 -0.764 -1.237 -1.719 -1.543 -1.188 -0.644 -0.461 -0.739 -1.096 -0.928 -0.6 -0.25 0.091 0.235 0.175 0.025 -0.526 -0.972 -1.121 -1.286 -0.955 -0.709 -0.615 -0.761 -1.177 -1.47 -1.666 -1.751 -1.587 -1.46 -1.612 -1.762 -1.653 -1.483 -1.151 -1.255 -1.223 -1.197 -0.861 -0.768 -1.186 -1.39 -1.685 -1.691
-1.42 -1.327 -1.111 -0.852 -0.459 -0.558 -0.409 -0.262 -0.059 -0.022 -0.236 -0.41 -0.295 -0.555 -0.707 -0.904 -0.957 -0.735 -0.868 -0.844 -0.835 -1.139 -1.102 -0.933 -0.757 -0.572 -0.402 -0.163 -0.109 -0.402 -0.692 -0.767 -1.041 -1.518 -1.737 -1.33 -1.044 -0.564 -0.597 -1.056 -1.066 -0.847 -0.603 -0.301 0.029 0.226 0.21 0.075 -0.352 -0.629 -0.968 -1.297 -0.949 -0.739 -0.602 -0.697 -1.167 -1.361 -1.677 -1.62 -1.601 -1.634 -1.6 -1.483 -1.408 -1.282 -0.941 -0.925 -0.965 -0.963 -0.664 -0.858 -1.226 -1.533 -1.761 -1.844
-1.216 -0.958 -0.83 -0.543 -0.196 -0.15 -0.099 -0.039 -0.026 -0.297 -0.711 -0.851 -0.61 -0.804 -1.114 -1.195 -1.118 -0.878 -1.064 -1.062 -0.997 -1.125 -0.968 -0.759 -0.573 -0.387 -0.212 -0.081 -0.261 -0.463 -0.808 -1.015 -1.194 -1.584 -1.594 -1.113 -0.789 -0.469 -0.713 -1.111 -1.007 -0.785 -0.556 -0.273 0 0.195 0.227 0.117 -0.192 -0.589 -0.755 -1.14 -0.978 -0.735 -0.553 -0.648 -1.181 -1.652 -1.675 -1.57 -1.311 -1.36 -1.18 -1.093 -1.099 -0.99 -0.796 -0.621 -0.723 -0.752 -0.816 -0.933 -1.202 -1.516 -1.737 -1.899
-0.859 -0.538 -0.347 -0.198 -0.226 -0.321 -0.339 -0.393 -0.282 -0.574 -0.946 -1.035 -1.018 -0.936 -1.402 -1.396 -1.193 -0.993 -1.133 -1.238 -1.223 -1.119 -0.839 -0.636 -0.416 -0.255 -0.086 -0.159 -0.376 -0.5 -0.717 -0.934 -1.135 -1.41 -1.484 -1.065 -0.701 -0.444 -0.943 -1.102 -0.983 -0.774 -0.548 -0.301 -0.055 0.121 0.229 0.185 0.052 -0.248 -0.585 -0.884 -0.794 -0.61 -0.483 -0.612 -1.034 -1.589 -1.533 -1.44 -1.113 -1.061 -0.955 -0.766 -0.861 -0.742 -0.577 -0.488 -0.646 -0.747 -1.176 -1.118 -1.195 -1.492 -1.686 -1.806
-0.402 -0.227 -0.215 -0.455 -0.618 -0.675 -0.694 -0.884 -0.429 -0.592 -0.906 -1.23 -1.327 -1.198 -1.621 -1.458 -1.225 -1.14 -1.288 -1.215 -1.201 -1.001 -0.78 -0.512 -0.303 -0.143 -0.098 -0.388 -0.721 -0.585 -0.708 -0.94 -1.164 -1.462 -1.413 -1.061 -0.678 -0.546 -1.084 -1.075 -0.903 -0.72 -0.509 -0.304 -0.074 0.112 0.151 -0.071 -0.002 0.048 -0.136 -0.455 -0.379 -0.297 -0.492 -0.559 -0.859 -1.36 -1.395 -1.121 -0.895 -0.774 -0.823 -0.58 -0.608 -0.449 -0.413 -0.63 -0.888 -1.121 -1.41 -1.416 -1.199 -1.511 -1.84 -1.754
-0.259 -0.249 -0.548 -0.895 -1.077 -1.107 -1.145 -1.004 -0.551 -0.471 -0.77 -1.206 -1.612 -1.512 -1.723 -1.581 -1.349 -1.248 -1.415 -1.27 -1.102 -0.871 -0.668 -0.386 -0.202 -0.156 -0.213 -0.611 -0.943 -0.921 -0.634 -0.855 -1.177 -1.521 -1.268 -0.93 -0.594 -0.772 -1.103 -0.959 -0.75 -0.587 -0.422 -0.202 -0.096 -0.01 0.028 -0.334 -0.483 -0.425 -0.216 -0.07 -0.096 -0.152 -0.41 -0.434 -0.604 -0.961 -0.993 -0.75 -0.565 -0.532 -0.551 -0.338 -0.308 -0.358 -0.616 -1.073 -1.319 -1.491 -1.601 -1.593 -1.454 -1.691 -1.76 -1.903
-0.38 -0.448 -0.946 -1.117 -1.301 -1.358 -1.09 -0.845 -0.613 -0.376 -0.775 -1.279 -1.633 -1.72 -1.676 -1.544 -1.339 -1.328 -1.373 -1.245 -1.017 -0.704 -0.472 -0.289 -0.322 -0.303 -0.301 -0.793 -1.155 -1.241 -0.901 -0.837 -1.184 -1.438 -1.12 -0.742 -0.516 -0.83 -1.018 -0.888 -0.623 -0.422 -0.298 -0.337 -0.542 -0.297 -0.074 -0.364 -0.891 -0.906 -0.554 -0.362 -0.164 -0.086 -0.146 -0.246 -0.363 -0.566 -0.537 -0.389 -0.257 -0.247 -0.196 -0.157 -0.198 -0.34 -0.861 -1.321 -1.47 -1.51 -1.719 -1.713 -1.653 -1.596 -1.706 -1.915
-0.585 -0.459 -0.653 -0.893 -1.349 -1.522 -1.244 -0.999 -0.946 -0.672 -0.55 -0.918 -1.351 -1.708 -1.645 -1.51 -1.335 -1.191 -1.072 -0.93 -0.732 -0.443 -0.366 -0.425 -0.671 -0.456 -0.354 -0.816 -1.137 -1.304 -1.185 -1.041 -1.388 -1.282 -0.972 -0.603 -0.833 -0.834 -0.914 -1.079 -0.746 -0.612 -0.645 -0.788 -0.982 -0.65 -0.134 -0.368 -0.726 -0.945 -0.701 -0.707 -0.575 -0.375 -0.137 -0.059 -0.122 -0.183 -0.159 -0.132 -0.119 -0.154 -0.192 -0.37 -0.419 -0.272 -0.642 -1.007 -1.063 -1.197 -1.461 -1.402 -1.411 -1.671 -1.91 -1.684
-0.54 -0.448 -0.674 -0.929 -1.425 -1.708 -1.423 -1.185 -1.239 -1.112 -0.597 -0.597 -1.148 -1.57 -1.551 -1.412 -1.264 -1.165 -0.926 -0.69 -0.46 -0.434 -0.598 -0.771 -1.004 -0.607 -0.283 -0.589 -0.907 -1.246 -1.403 -1.42 -1.373 -1.083 -0.782 -0.791 -1.121 -1.18 -0.938 -1.368 -1.157 -1.078 -1.092 -1.184 -1.042 -0.727 -0.158 -0.442 -0.91 -1.197 -0.996 -1.039 -0.879 -0.601 -0.382 -0.146 -0.042 -0.151 -0.268 -0.295 -0.34 -0.487 -0.483 -0.827 -0.779 -0.62 -0.392 -0.475 -0.833 -1.195 -1.302 -1.309 -1.648 -1.634 -1.47 -1.342
-0.634 -0.549 -0.996 -0.966 -1.373 -1.721 -1.575 -1.468 -1.404 -1.214 -0.757 -0.496 -1.092 -1.586 -1.585 -1.383 -1.287 -1.281 -0.937 -0.606 -0.471 -0.644 -1.028 -1.065 -1.173 -0.744 -0.335 -0.603 -1.108 -1.506 -1.729 -1.532 -1.22 -0.916 -0.699 -0.923 -1.331 -1.399 -1.176 -1.737 -1.638 -1.438 -1.236 -1.059 -0.823 -0.58 -0.169 -0.328 -0.833 -1.269 -1.257 -1.214 -0.989 -0.779 -0.575 -0.322 -0.126 -0.335 -0.732 -0.701 -0.836 -0.891 -0.756 -1.131 -0.983 -1.125 -0.823 -0.438 -0.545 -1.004 -1.276 -1.14 -1.176 -1.049 -1.036 -1.076
-0.608 -0.652 -1.215 -1.063 -1.315 -1.684 -1.59 -1.395 -1.29 -1.153 -0.926 -0.77 -0.986 -1.555 -1.607 -1.283 -1.087 -1.049 -0.778 -0.532 -0.804 -0.945 -1.16 -1.447 -1.36 -1.021 -0.482 -0.827 -1.114 -1.323 -1.733 -1.583 -1.249 -0.862 -0.857 -1.206 -1.595 -1.55 -1.464 -1.725 -1.534 -1.269 -1.078 -0.888 -0.631 -0.305 -0.053 -0.337 -0.733 -1.107 -1.353 -1.281 -1.078 -0.931 -0.702 -0.478 -0.282 -0.417 -1.007 -1.1 -1.15 -1.225 -1.06 -1.312 -1.155 -1.272 -1.345 -0.827 -0.548 -0.668 -0.82 -0.803 -0.956 -1.172 -1.344 -1.38
-0.635 -0.708 -1.121 -1.207 -1.241 -1.573 -1.512 -1.324 -1.416 -1.475 -1.443 -1.413 -1.084 -1.426 -1.524 -1.299 -1.056 -0.775 -0.679 -0.622 -1.048 -1.38 -1.317 -1.621 -1.478 -1.023 -0.476 -0.857 -1.179 -1.168 -1.536 -1.513 -1.171 -0.854 -0.981 -1.591 -1.846 -1.665 -1.626 -1.573 -1.353 -1.174 -0.904 -0.669 -0.418 -0.123 -0.057 -0.53 -0.908 -1.166 -1.433 -1.394 -1.188 -1.073 -0.834 -0.615 -0.338 -0.34 -0.851 -1.283 -1.46 -1.502 -1.36 -1.534 -1.4 -1.284 -1.459 -1.089 -0.727 -0.531 -0.643 -0.956 -1.314 -1.554 -1.678 -1.709
-0.655 -0.891 -1.142 -1.364 -1.426 -1.725 -1.791 -1.484 -1.721 -1.829 -1.887 -1.719 -1.301 -1.295 -1.484 -1.199 -0.962 -1.035 -0.873 -0.754 -1.181 -1.557 -1.75 -1.67 -1.296 -0.857 -0.424 -0.71 -1.348 -1.522 -1.661 -1.466 -1.138 -0.837 -1.021 -1.737 -1.832 -1.607 -1.516 -1.385 -1.263 -1.103 -0.825 -0.527 -0.294 -0.064 -0.168 -0.794 -1.265 -1.328 -1.546 -1.504 -1.391 -1.352 -0.997 -0.628 -0.356 -0.24 -0.73 -1.205 -1.563 -1.819 -1.736 -1.686 -1.644 -1.431 -1.653 -1.42 -1.147 -0.773 -0.66 -1.014 -1.31 -1.519 -1.705 -1.796
