data/climatemaps/RS_maps/climate_breeding_pr_2016.asc
NCOLS 369 
NROWS 228 
XLLCORNER 479000 
YLLCORNER 73000 
CELLSIZE 1000 
NODATA_value -9 
[rows 175 to 209 of 228, columns 0 to 77 of 369]
0.729 0.694 0.659 0.621 0.594 0.577 0.558 0.493 0.369 0.177 -0.051 -0.259 -0.412 -0.503 -0.532 -0.523 -0.49 -0.457 -0.444 -0.447 -0.463 -0.49 -0.525 -0.562 -0.588 -0.595 -0.576 -0.517 -0.431 -0.331 -0.219 -0.104 0.006 0.124 0.271 0.424 0.534 0.606 0.622 0.579 0.522 0.483 0.486 0.548 0.669 -9 -9 -9 -9 -9 -9 -9 -9 -9 -9 -9 -9 -9 -9 -9 1.264 1.336 1.338 1.288 1.268 1.166 1.181 1.256 1.389 1.52 1.73 1.723 1.624 1.628 1.768 1.964 2.08 1.827
0.685 0.648 0.619 0.593 0.577 0.562 0.527 0.421 0.247 0.024 -0.197 -0.375 -0.49 -0.546 -0.545 -0.515 -0.476 -0.448 -0.44 -0.449 -0.471 -0.506 -0.549 -0.588 -0.614 -0.615 -0.584 -0.511 -0.416 -0.306 -0.186 -0.068 0.042 0.159 0.302 0.453 0.579 0.671 0.7 0.673 0.639 0.639 0.685 0.776 0.892 1.035 -9 -9 -9 -9 -9 -9 -9 -9 -9 -9 -9 -9 -9 -9 1.215 1.38 1.462 1.546 1.472 1.274 1.264 1.396 1.552 1.736 1.94 1.939 1.908 1.74 1.61 1.801 1.927 1.796
0.622 0.581 0.559 0.553 0.549 0.523 0.455 0.311 0.1 -0.128 -0.324 -0.467 -0.545 -0.57 -0.548 -0.508 -0.47 -0.447 -0.443 -0.458 -0.487 -0.529 -0.577 -0.616 -0.64 -0.631 -0.588 -0.508 -0.405 -0.287 -0.163 -0.044 0.066 0.184 0.327 0.49 0.659 0.783 0.832 0.826 0.822 0.857 0.93 1.011 1.089 1.141 -9 -9 -9 -9 -9 -9 -9 -9 -9 -9 -9 -9 -9 -9 -9 1.351 1.434 1.625 1.587 1.439 1.298 1.384 1.636 2.007 2.199 2.184 2.145 1.872 1.574 1.753 1.832 1.773
0.549 0.495 0.496 0.503 0.503 0.453 0.345 0.168 -0.055 -0.266 -0.43 -0.536 -0.58 -0.58 -0.547 -0.508 -0.473 -0.453 -0.454 -0.473 -0.507 -0.556 -0.606 -0.644 -0.664 -0.645 -0.593 -0.51 -0.403 -0.278 -0.154 -0.035 0.079 0.2 0.352 0.547 0.786 0.954 1.031 1.049 1.057 1.109 1.174 1.18 1.202 1.198 -9 -9 -9 -9 -9 -9 -9 -9 -9 -9 -9 -9 -9 -9 0.946 1.059 1.27 1.593 1.654 1.528 1.581 1.54 1.673 1.987 2.164 2.114 2.004 1.838 1.757 1.753 1.789 1.688
0.471 0.425 0.437 0.446 0.433 0.352 0.21 0.011 -0.202 -0.384 -0.511 -0.581 -0.598 -0.582 -0.548 -0.51 -0.478 -0.465 -0.47 -0.49 -0.527 -0.584 -0.637 -0.673 -0.685 -0.655 -0.599 -0.519 -0.412 -0.287 -0.162 -0.042 0.079 0.211 0.386 0.632 0.931 1.16 1.251 1.249 1.236 1.304 1.335 1.268 1.232 1.234 -9 -9 -9 -9 -9 -9 -9 -9 -9 -9 -9 -9 -9 -9 0.732 0.884 1.177 1.532 1.624 1.627 1.821 1.75 1.739 1.976 2.125 2.02 2.065 2.07 2.03 1.748 1.677 1.48
0.395 0.382 0.388 0.381 0.337 0.223 0.056 -0.144 -0.331 -0.475 -0.564 -0.602 -0.601 -0.583 -0.549 -0.513 -0.488 -0.483 -0.492 -0.514 -0.558 -0.618 -0.669 -0.699 -0.7 -0.661 -0.61 -0.535 -0.434 -0.312 -0.188 -0.065 0.066 0.216 0.429 0.733 1.082 1.362 1.427 1.351 1.328 1.387 1.376 1.277 1.228 1.316 -9 -9 -9 -9 -9 -9 -9 -9 -9 -9 -9 -9 -9 -9 0.669 0.823 1.082 1.36 1.633 1.78 1.91 1.891 1.944 2.047 2.055 2.104 2.282 2.255 2.03 1.778 1.609 1.408
0.352 0.351 0.343 0.305 0.22 0.076 -0.104 -0.285 -0.437 -0.543 -0.595 -0.609 -0.603 -0.585 -0.552 -0.521 -0.506 -0.509 -0.522 -0.552 -0.601 -0.656 -0.701 -0.722 -0.705 -0.677 -0.634 -0.561 -0.464 -0.349 -0.228 -0.102 0.037 0.218 0.481 0.833 1.186 1.461 1.498 1.391 1.335 1.365 1.313 1.234 1.265 1.428 -9 -9 -9 -9 -9 -9 -9 -9 -9 -9 -9 -9 -9 -9 0.744 0.725 0.896 1.169 1.495 1.659 1.842 1.936 1.98 2.089 2.055 2.18 2.375 2.314 1.983 1.89 1.724 1.413
0.338 0.329 0.298 0.218 0.093 -0.074 -0.25 -0.402 -0.516 -0.59 -0.617 -0.62 -0.613 -0.592 -0.563 -0.541 -0.535 -0.542 -0.561 -0.596 -0.644 -0.692 -0.729 -0.739 -0.726 -0.702 -0.656 -0.585 -0.494 -0.389 -0.274 -0.15 0.008 0.229 0.525 0.88 1.235 1.491 1.525 1.407 1.309 1.293 1.261 1.248 1.353 -9 -9 -9 -9 -9 -9 -9 -9 -9 -9 -9 -9 -9 -9 1.279 0.974 0.712 0.772 1.026 1.239 1.337 1.538 1.695 1.806 2.021 2.127 2.219 2.352 2.217 2.038 1.994 1.721 1.305
0.337 0.318 0.251 0.125 -0.037 -0.211 -0.37 -0.49 -0.569 -0.62 -0.635 -0.635 -0.626 -0.607 -0.585 -0.57 -0.568 -0.578 -0.6 -0.639 -0.684 -0.723 -0.751 -0.756 -0.746 -0.718 -0.669 -0.603 -0.52 -0.425 -0.314 -0.192 -0.029 0.222 0.526 0.877 1.235 1.468 1.5 1.384 1.287 1.293 1.333 1.345 1.465 -9 -9 -9 -9 -9 -9 -9 -9 -9 -9 -9 -9 -9 -9 1.528 1.251 0.811 0.705 0.791 0.903 1.118 1.333 1.572 1.755 1.925 2.072 2.268 2.288 2.158 2.174 2.017 1.661 1.228
0.343 0.31 0.203 0.032 -0.155 -0.327 -0.464 -0.552 -0.606 -0.641 -0.65 -0.649 -0.639 -0.624 -0.608 -0.597 -0.598 -0.611 -0.635 -0.675 -0.717 -0.747 -0.766 -0.767 -0.753 -0.719 -0.668 -0.606 -0.53 -0.442 -0.347 -0.238 -0.083 0.15 0.45 0.806 1.166 1.388 1.414 1.332 1.28 1.341 1.385 1.426 1.557 -9 -9 -9 -9 -9 -9 -9 -9 -9 -9 -9 -9 -9 -9 1.753 1.455 0.989 0.732 0.668 0.802 1.074 1.309 1.54 1.755 1.935 2.036 2.23 2.273 2.21 2.213 1.979 1.597 1.107
0.346 0.298 0.157 -0.047 -0.249 -0.416 -0.534 -0.602 -0.64 -0.66 -0.664 -0.661 -0.651 -0.638 -0.626 -0.619 -0.623 -0.64 -0.666 -0.704 -0.74 -0.763 -0.773 -0.764 -0.74 -0.693 -0.639 -0.582 -0.518 -0.439 -0.364 -0.281 -0.152 0.045 0.323 0.66 1.007 1.241 1.259 1.242 1.284 1.377 1.377 1.479 1.611 -9 -9 -9 -9 -9 -9 -9 -9 -9 -9 -9 -9 -9 -9 1.872 1.605 1.185 0.88 0.715 0.786 1.032 1.164 1.333 1.594 1.9 2.075 2.213 2.286 2.225 2.07 1.811 1.456 0.966
0.339 0.282 0.114 -0.105 -0.314 -0.478 -0.583 -0.643 -0.669 -0.678 -0.675 -0.67 -0.66 -0.649 -0.639 -0.635 -0.646 -0.665 -0.69 -0.72 -0.747 -0.762 -0.76 -0.735 -0.691 -0.629 -0.555 -0.501 -0.476 -0.428 -0.372 -0.313 -0.213 -0.059 0.173 0.468 0.774 1.009 1.079 1.203 1.288 1.318 1.382 1.548 -9 -9 -9 -9 -9 -9 -9 -9 -9 -9 -9 -9 -9 -9 -9 1.926 1.693 1.391 1.115 0.919 0.818 0.973 1.204 1.426 1.652 1.946 2.107 2.223 2.236 2.126 1.965 1.691 1.254 0.86
0.327 0.266 0.087 -0.138 -0.352 -0.516 -0.617 -0.673 -0.691 -0.692 -0.687 -0.682 -0.674 -0.663 -0.656 -0.655 -0.665 -0.678 -0.696 -0.718 -0.735 -0.736 -0.713 -0.661 -0.582 -0.491 -0.409 -0.382 -0.408 -0.401 -0.373 -0.332 -0.26 -0.147 0.027 0.259 0.526 0.766 0.895 1.103 1.206 1.229 1.368 -9 -9 -9 -9 -9 -9 -9 -9 -9 -9 -9 -9 -9 -9 -9 2.058 2.048 1.88 1.576 1.341 1.232 0.971 1.111 1.442 1.695 1.848 2.096 2.197 2.197 2.133 2.007 1.837 1.564 1.06 0.85
0.313 0.259 0.079 -0.149 -0.368 -0.536 -0.638 -0.694 -0.708 -0.707 -0.705 -0.7 -0.692 -0.682 -0.677 -0.672 -0.671 -0.675 -0.682 -0.693 -0.697 -0.676 -0.62 -0.523 -0.381 -0.265 -0.244 -0.275 -0.32 -0.354 -0.359 -0.343 -0.298 -0.214 -0.079 0.109 0.329 0.551 0.752 0.97 1.064 1.137 1.338 -9 -9 -9 -9 -9 -9 -9 -9 -9 -9 -9 -9 -9 -9 -9 1.969 1.987 1.818 1.565 1.495 1.413 1.217 1.202 1.395 1.657 1.857 2.012 2.131 2.086 1.965 1.81 1.607 1.335 1.026 0.998
0.289 0.25 0.078 -0.149 -0.37 -0.542 -0.647 -0.702 -0.717 -0.721 -0.719 -0.714 -0.706 -0.693 -0.683 -0.671 -0.658 -0.653 -0.65 -0.646 -0.627 -0.571 -0.462 -0.301 -0.122 -0.042 -0.084 -0.149 -0.217 -0.292 -0.331 -0.34 -0.322 -0.267 -0.165 -0.006 0.201 0.432 0.636 0.829 0.94 1.046 -9 -9 -9 -9 -9 -9 -9 -9 -9 -9 -9 -9 -9 -9 -9 -9 1.876 1.788 1.599 1.503 1.564 1.534 1.448 1.511 1.34 1.449 1.633 1.788 2.018 1.982 1.898 1.747 1.57 1.327 1.223 1.121
0.237 0.215 0.057 -0.154 -0.363 -0.531 -0.636 -0.692 -0.711 -0.72 -0.72 -0.714 -0.701 -0.685 -0.667 -0.646 -0.623 -0.607 -0.592 -0.569 -0.52 -0.422 -0.252 -0.017 0.121 0.129 0.057 -0.005 -0.108 -0.212 -0.281 -0.315 -0.321 -0.296 -0.229 -0.099 0.109 0.356 0.563 0.722 0.859 -9 -9 -9 -9 -9 -9 -9 -9 -9 -9 -9 -9 -9 -9 -9 -9 -9 1.619 1.52 1.489 1.556 1.58 1.605 1.581 1.67 1.585 1.478 1.557 1.681 1.895 1.981 1.896 1.785 1.715 1.657 1.486 1.317
0.144 0.143 0.013 -0.162 -0.343 -0.497 -0.6 -0.658 -0.683 -0.697 -0.696 -0.688 -0.672 -0.645 -0.617 -0.59 -0.56 -0.533 -0.501 -0.451 -0.37 -0.237 -0.027 0.2 0.276 0.248 0.196 0.134 0.001 -0.122 -0.215 -0.271 -0.3 -0.299 -0.264 -0.167 0.023 0.28 0.509 0.677 -9 -9 -9 -9 -9 -9 -9 -9 -9 -9 -9 -9 -9 -9 -9 -9 -9 -9 -9 1.387 1.451 1.554 1.547 1.621 1.605 1.717 1.683 1.578 1.662 1.676 1.893 2.076 2.051 1.986 2.026 1.922 1.723 1.522
0.029 0.041 -0.034 -0.165 -0.308 -0.438 -0.535 -0.598 -0.633 -0.649 -0.649 -0.638 -0.612 -0.575 -0.538 -0.501 -0.464 -0.424 -0.371 -0.291 -0.18 -0.018 0.19 0.343 0.384 0.351 0.324 0.243 0.104 -0.024 -0.129 -0.204 -0.256 -0.277 -0.269 -0.205 -0.056 0.193 -9 -9 -9 -9 -9 -9 -9 -9 -9 -9 -9 -9 -9 -9 -9 -9 -9 -9 -9 -9 -9 1.356 1.37 1.444 1.488 1.494 1.547 1.598 1.483 1.523 1.581 1.753 1.905 1.992 2.132 2.086 2.112 1.968 1.746 1.667
-0.093 -0.047 -0.067 -0.153 -0.254 -0.354 -0.442 -0.511 -0.555 -0.575 -0.572 -0.553 -0.515 -0.47 -0.422 -0.374 -0.333 -0.283 -0.21 -0.107 0.024 0.21 0.396 0.463 0.472 0.439 0.433 0.342 0.218 0.104 -0.013 -0.11 -0.186 -0.232 -0.25 -0.219 -0.119 -9 -9 -9 -9 -9 -9 -9 -9 -9 -9 -9 -9 -9 -9 -9 -9 -9 -9 -9 -9 -9 -9 1.19 1.269 1.324 1.297 1.226 1.316 1.342 1.189 1.172 1.36 1.546 1.743 1.932 2.033 1.958 1.893 1.761 1.594 1.652
-0.196 -0.131 -0.096 -0.125 -0.183 -0.249 -0.324 -0.395 -0.446 -0.469 -0.461 -0.433 -0.383 -0.328 -0.269 -0.214 -0.167 -0.113 -0.034 0.082 0.237 0.405 0.507 0.533 0.535 0.543 0.52 0.441 0.368 0.274 0.138 0.013 -0.09 -0.167 -0.214 -9 -9 -9 -9 -9 -9 -9 -9 -9 -9 -9 -9 -9 -9 -9 -9 -9 -9 -9 -9 -9 -9 -9 -9 0.889 1.001 1.072 1.019 0.942 1.01 1.021 0.874 0.826 1.126 1.351 1.589 1.835 1.977 1.904 1.667 1.417 1.286 1.524
-0.276 -0.202 -0.125 -0.095 -0.101 -0.134 -0.196 -0.267 -0.323 -0.349 -0.341 -0.304 -0.242 -0.173 -0.1 -0.038 0.005 0.06 0.145 0.27 0.439 0.532 0.553 0.564 0.587 0.629 0.604 0.547 0.528 0.45 0.313 0.158 0.026 -0.084 -9 -9 -9 -9 -9 -9 -9 -9 -9 -9 -9 -9 -9 -9 -9 -9 -9 -9 -9 -9 -9 -9 -9 -9 -9 -9 0.641 0.693 0.677 0.639 0.638 0.645 0.59 0.555 0.925 1.243 1.539 1.719 1.783 1.74 1.424 1.137 1.327 1.623
-0.322 -0.242 -0.148 -0.067 -0.029 -0.037 -0.092 -0.16 -0.22 -0.248 -0.239 -0.194 -0.123 -0.038 0.048 0.117 0.164 0.226 0.334 0.463 0.543 0.57 0.571 0.583 0.637 0.676 0.676 0.672 0.669 0.615 0.498 0.326 0.165 -9 -9 -9 -9 -9 -9 -9 -9 -9 -9 -9 -9 -9 -9 -9 -9 -9 -9 -9 -9 -9 -9 -9 -9 -9 -9 -9 0.508 0.496 0.461 0.414 0.373 0.345 0.322 0.39 0.773 1.081 1.358 1.465 1.502 1.485 1.146 1.041 1.419 1.645
-0.337 -0.26 -0.166 -0.06 0.017 0.026 -0.032 -0.098 -0.152 -0.18 -0.171 -0.123 -0.05 0.04 0.138 0.223 0.29 0.366 0.487 0.58 0.583 0.573 0.568 0.612 0.682 0.724 0.749 0.771 0.791 0.767 0.669 0.496 -9 -9 -9 -9 -9 -9 -9 -9 -9 -9 -9 -9 -9 -9 -9 -9 -9 -9 -9 -9 -9 -9 -9 -9 -9 -9 -9 -9 -9 0.539 0.46 0.374 0.291 0.2 0.142 0.253 0.493 0.761 1.031 1.068 1.152 1.107 0.871 0.968 1.343 1.512
-0.341 -0.28 -0.192 -0.08 0.031 0.058 -0.001 -0.074 -0.125 -0.145 -0.131 -0.099 -0.037 0.051 0.165 0.271 0.375 0.49 0.581 0.612 0.595 0.577 0.585 0.659 0.72 0.77 0.812 0.852 0.877 0.868 0.803 -9 -9 -9 -9 -9 -9 -9 -9 -9 -9 -9 -9 -9 -9 -9 -9 -9 -9 -9 -9 -9 -9 -9 -9 -9 -9 -9 -9 -9 -9 -9 0.664 0.58 0.457 0.306 0.153 0.138 0.306 0.508 0.62 0.645 0.752 0.809 0.776 0.934 1.318 1.565
-0.364 -0.318 -0.239 -0.124 -0.006 0.047 0.004 -0.074 -0.126 -0.137 -0.131 -0.116 -0.062 0.034 0.158 0.279 0.409 0.542 0.612 0.617 0.593 0.572 0.603 0.68 0.743 0.797 0.847 0.889 0.919 -9 -9 -9 -9 -9 -9 -9 -9 -9 -9 -9 -9 -9 -9 -9 -9 -9 -9 -9 -9 -9 -9 -9 -9 -9 -9 -9 -9 -9 -9 -9 -9 -9 0.992 0.996 0.863 0.647 0.345 0.172 0.232 0.295 0.249 0.364 0.616 0.881 0.919 1.112 1.51 1.722
-0.404 -0.369 -0.298 -0.189 -0.079 -0.012 -0.029 -0.104 -0.151 -0.156 -0.165 -0.159 -0.101 0.006 0.126 0.259 0.402 0.527 0.598 0.607 0.584 0.571 0.619 0.68 0.744 0.8 0.846 0.891 -9 -9 -9 -9 -9 -9 -9 -9 -9 -9 -9 -9 -9 -9 -9 -9 -9 -9 -9 -9 -9 -9 -9 -9 -9 -9 -9 -9 -9 -9 -9 -9 -9 -9 -9 1.415 1.287 1.052 0.773 0.456 0.265 0.195 0.236 0.478 0.78 1.073 1.27 1.451 1.719 1.83
-0.453 -0.422 -0.355 -0.262 -0.166 -0.107 -0.11 -0.164 -0.195 -0.203 -0.215 -0.209 -0.144 -0.034 0.094 0.236 0.385 0.507 0.578 0.603 0.581 0.576 0.629 0.681 0.737 0.788 -9 -9 -9 -9 -9 -9 -9 -9 -9 -9 -9 -9 -9 -9 -9 -9 -9 -9 -9 -9 -9 -9 -9 -9 -9 -9 -9 -9 -9 -9 -9 -9 -9 -9 -9 -9 -9 -9 1.681 1.504 1.373 0.992 0.493 0.338 0.453 0.723 1.025 1.346 1.648 1.793 1.924 1.962
-9 -0.474 -0.418 -0.341 -0.266 -0.223 -0.217 -0.237 -0.259 -0.278 -0.285 -0.249 -0.16 -0.035 0.091 -9 0.379 0.505 0.574 0.602 0.585 0.58 -9 -9 -9 -9 -9 -9 -9 -9 -9 -9 -9 -9 -9 -9 -9 -9 -9 -9 -9 -9 -9 -9 -9 -9 -9 -9 -9 -9 -9 -9 -9 -9 -9 -9 -9 -9 -9 -9 -9 -9 -9 -9 -9 2.049 1.799 1.363 0.868 0.615 0.759 1.028 1.306 1.464 1.711 1.953 1.952 2.009
-9 -9 -9 -9 -9 -0.324 -0.299 -0.311 -0.338 -0.351 -9 -9 -9 -9 -9 -9 -9 -9 -9 -9 -9 -9 -9 -9 -9 -9 -9 -9 -9 -9 -9 -9 -9 -9 -9 -9 -9 -9 -9 -9 -9 -9 -9 -9 -9 -9 -9 -9 -9 -9 -9 -9 -9 -9 -9 -9 -9 -9 -9 -9 -9 -9 -9 -9 -9 -9 2.172 1.861 1.345 1.002 1.002 1.161 1.252 1.439 1.824 2.097 2.07 2.032
-9 -9 -9 -9 -9 -9 -9 -9 -9 -9 -9 -9 -9 -9 -9 -9 -9 -9 -9 -9 -9 -9 -9 -9 -9 -9 -9 -9 -9 -9 -9 -9 -9 -9 -9 -9 -9 -9 -9 -9 -9 -9 -9 -9 -9 -9 -9 -9 -9 -9 -9 -9 -9 -9 -9 -9 -9 -9 -9 -9 -9 -9 -9 -9 -9 -9 2.52 2.273 1.729 1.448 1.249 1.275 1.308 1.609 2.022 2.258 2.248 2.209
-9 -9 -9 -9 -9 -9 -9 -9 -9 -9 -9 -9 -9 -9 -9 -9 -9 -9 -9 -9 -9 -9 -9 -9 -9 -9 -9 -9 -9 -9 -9 -9 -9 -9 -9 -9 -9 -9 -9 -9 -9 -9 -9 -9 -9 -9 -9 -9 -9 -9 -9 -9 -9 -9 -9 -9 -9 -9 -9 -9 -9 -9 -9 -9 -9 -9 2.779 2.509 2.183 2.018 1.739 1.709 1.701 1.87 2.043 2.188 2.149 2.082
-9 -9 -9 -9 -9 -9 -9 -9 -9 -9 -9 -9 -9 -9 -9 -9 -9 -9 -9 -9 -9 -9 -9 -9 -9 -9 -9 -9 -9 -9 -9 -9 -9 -9 -9 -9 -9 -9 -9 -9 -9 -9 -9 -9 -9 -9 -9 -9 -9 -9 -9 -9 -9 -9 -9 -9 -9 -9 -9 -9 -9 -9 -9 -9 -9 -9 2.926 2.646 2.524 2.404 2.058 2.047 2.071 2.078 2.059 2.218 2.121 2.102
-9 -9 -9 -9 -9 -9 -9 -9 -9 -9 -9 -9 -9 -9 -9 -9 -9 -9 -9 -9 -9 -9 -9 -9 -9 -9 -9 -9 -9 -9 -9 -9 -9 -9 -9 -9 -9 -9 -9 -9 -9 -9 -9 -9 -9 -9 -9 -9 -9 -9 -9 -9 -9 -9 -9 -9 -9 -9 -9 -9 -9 -9 -9 -9 -9 -9 -9 2.688 2.639 2.576 2.305 2.269 2.297 2.167 2.158 2.275 2.292 2.342
-9 -9 -9 -9 -9 -9 -9 -9 -9 -9 -9 -9 -9 -9 -9 -9 -9 -9 -9 -9 -9 -9 -9 -9 -9 -9 -9 -9 -9 -9 -9 -9 -9 -9 -9 -9 -9 -9 -9 -9 -9 -9 -9 -9 -9 -9 -9 -9 -9 -9 -9 -9 -9 -9 -9 -9 -9 -9 -9 -9 -9 -9 -9 -9 -9 -9 -9 -9 2.64 2.641 2.448 2.379 2.368 2.196 2.204 2.29 2.391 2.396
-9 -9 -9 -9 -9 -9 -9 -9 -9 -9 -9 -9 -9 -9 -9 -9 -9 -9 -9 -9 -9 -9 -9 -9 -9 -9 -9 -9 -9 -9 -9 -9 -9 -9 -9 -9 -9 -9 -9 -9 -9 -9 -9 -9 -9 -9 -9 -9 -9 -9 -9 -9 -9 -9 -9 -9 -9 -9 -9 -9 -9 -9 -9 -9 -9 -9 -9 -9 2.583 2.591 2.404 2.321 2.265 2.147 2.266 2.367 2.422 2.28
