data/climatemaps/RS_maps/climate_breeding_tmp_2006.asc
NCOLS 369 
NROWS 228 
XLLCORNER 479000 
YLLCORNER 73000 
CELLSIZE 1000 
NODATA_value -9 
[rows 170 to 203 of 228, columns 77 to 153 of 369]
0.527 1.09 1.296 1.303 1.3 1.295 1.278 1.164 0.67 0.538 0.719 0.738 0.431 0.161 -0.405 -0.662 -0.578 -0.606 -0.581 -0.572 -0.385 -0.21 -0.236 -0.137 -0.766 -1.455 -1.789 -1.811 -1.507 -1.488 -1.277 -1.13 -1.041 -1.148 -1.402 -1.46 -1.289 -1.303 -1.407 -1.511 -1.365 -1.06 -0.747 -0.412 0.147 -0.301 -0.735 -0.597 -0.316 -0.084 0.196 0.291 0.462 0.382 0.43 0.445 0.398 0.556 0.759 0.392 0.214 0.092 0.304 0.065 0.018 0.08 0.17 0.722 0.409 0.191 0.085 0.183 0.19 0.174 -0.092 -0.141 -0.132
0.399 0.896 1.269 1.306 1.304 1.295 1.293 1.257 1.068 0.937 0.848 0.551 0.059 -0.274 -0.425 -0.511 -0.533 -0.497 -0.396 -0.383 -0.487 -0.461 -0.706 -0.485 -0.922 -1.583 -1.861 -1.786 -1.595 -1.436 -1.266 -1.106 -0.869 -0.656 -0.978 -1.072 -0.948 -1.236 -1.057 -1.137 -1.011 -0.731 -0.414 -0.086 0.377 -0.224 -0.343 -0.252 -0.007 0.25 0.57 0.769 0.806 0.879 0.959 0.893 0.91 0.996 1.002 0.826 0.714 0.558 0.598 0.586 0.654 0.684 0.778 1.009 0.867 0.864 0.727 0.701 0.712 0.542 0.473 0.452 0.532
0.36 0.804 1.157 1.306 1.308 1.301 1.301 1.277 1.155 0.919 0.755 0.399 -0.017 -0.147 -0.099 -0.288 -0.243 -0.19 -0.234 -0.3 -0.554 -0.838 -1.274 -1.339 -1.57 -1.93 -1.504 -1.43 -1.381 -1.288 -1.17 -1.156 -0.835 -0.387 -0.426 -0.472 -0.728 -1.25 -0.726 -0.737 -0.713 -0.369 0.018 0.354 0.383 -0.03 -0.07 0.047 0.274 0.488 0.748 0.985 1.063 1.143 1.186 1.172 1.185 1.164 1.115 1.069 1.045 0.964 0.985 1.066 1.087 1.105 1.099 1.068 1.024 1.024 1.067 1.067 1.033 1.027 0.945 0.928 0.977
0.177 0.561 0.896 1.304 1.308 1.303 1.303 1.293 1.222 1.087 0.876 0.391 0.198 0.25 0.117 -0.109 -0.063 -0.176 -0.402 -0.478 -0.582 -0.783 -1.136 -1.365 -1.555 -1.529 -0.92 -0.625 -0.722 -0.737 -0.952 -1.177 -0.964 -0.567 -0.203 -0.014 -0.696 -1.162 -0.525 -0.362 -0.356 -0.021 0.316 0.571 0.268 0.085 0.087 0.237 0.504 0.81 1.009 1.147 1.195 1.233 1.218 1.182 1.117 1.064 1.018 1.005 1.09 1.14 1.133 1.043 1.038 0.853 0.797 0.692 0.554 0.592 0.773 0.889 0.939 0.986 1.01 0.999 1.019
-0.135 0.163 0.641 1.245 1.308 1.306 1.303 1.296 1.251 1.267 1.003 0.61 0.555 0.535 0.303 0.121 0.019 -0.138 -0.298 -0.329 -0.301 -0.505 -0.729 -0.892 -0.983 -0.839 -0.452 -0.133 -0.189 -0.573 -1.046 -1.1 -0.885 -0.573 -0.163 0.258 -0.522 -0.756 -0.235 -0.124 -0.008 0.268 0.539 0.688 0.364 0.235 0.307 0.477 0.73 1.056 1.201 1.251 1.247 1.145 0.95 0.777 0.521 0.524 0.788 0.607 0.791 0.905 0.809 0.674 0.808 0.407 0.212 0.072 -0.029 0.121 0.337 0.533 0.545 0.476 0.48 0.477 0.517
-0.304 -0.142 0.416 1.035 1.276 1.308 1.31 1.301 1.28 1.285 1.141 0.883 0.822 0.551 0.313 0.278 0.235 0.125 -0.038 -0.223 -0.35 -0.695 -0.77 -0.831 -0.844 -0.675 -0.218 -0.059 -0.053 -0.647 -1.21 -1.004 -0.66 -0.26 0.074 0.387 -0.332 -0.277 0.126 0.167 0.282 0.52 0.764 0.741 0.461 0.53 0.69 0.799 1.037 1.224 1.27 1.239 1.078 0.648 0.275 -0.053 -0.101 0.197 0.359 -0.017 0.221 0.322 0.168 0.224 0.539 -0.021 -0.41 -0.543 -0.432 -0.133 0.106 0.226 0.303 0.145 -0.007 0.041 0.159
-0.299 -0.378 0.071 0.696 1.082 1.187 1.31 1.305 1.301 1.27 1.218 1.093 0.859 0.619 0.481 0.495 0.19 -0.125 -0.347 -0.585 -0.724 -0.647 -0.877 -1.111 -1.167 -0.756 -0.37 -0.371 0.143 -0.344 -1.039 -0.807 -0.364 0.125 0.435 0.265 -0.101 0.161 0.462 0.444 0.545 0.741 0.96 0.669 0.68 0.944 1.107 1.166 1.257 1.292 1.185 0.917 0.887 0.291 0 -0.284 -0.424 -0.363 -0.249 -0.594 -0.513 -0.432 -0.604 -0.238 0.268 -0.332 -0.929 -1.024 -0.784 -0.405 -0.162 -0.183 0.006 0.004 -0.202 -0.199 0.115
-0.472 -0.62 -0.301 0.203 0.707 1.114 1.301 1.312 1.303 1.28 1.196 1.078 1.07 0.851 0.694 0.627 0.121 -0.066 -0.262 -0.504 -0.516 -0.859 -1.223 -1.342 -1.014 -0.641 -0.906 -0.652 0.211 -0.192 -0.807 -0.45 0.048 0.354 0.643 0.253 0.296 0.494 0.709 0.703 0.773 0.993 1.068 0.896 1.095 1.237 1.285 1.29 1.27 1.18 0.831 0.414 0.702 0.595 0.222 -0.308 -0.816 -1.104 -0.805 -1.009 -0.924 -1.068 -1.048 -0.635 -0.098 -0.302 -1.104 -1.349 -1.037 -0.706 -0.472 -0.615 -0.454 -0.303 -0.464 -0.462 0.088
-0.52 -0.652 -0.402 0.051 0.664 1.1 1.285 1.3 1.313 1.301 1.26 1.178 1.113 0.567 0.236 0.376 0.344 0.28 0.08 -0.127 -0.644 -1.218 -1.517 -1.298 -0.929 -0.983 -1.187 -0.606 0.153 0.014 -0.519 -0.093 0.334 0.652 0.775 0.561 0.64 0.774 0.899 0.876 0.995 1.169 1.25 1.248 1.282 1.292 1.243 1.1 0.992 0.712 0.349 0.272 0.557 0.692 0.433 -0.383 -0.782 -1.111 -1.116 -1.252 -1.191 -1.418 -1.235 -0.886 -0.313 -0.404 -1.1 -1.481 -1.255 -0.797 -0.803 -1.026 -0.919 -0.657 -0.635 -0.588 0.022
-0.183 -0.218 -0.21 0.25 0.794 1.082 1.191 1.242 1.277 1.309 1.288 1.249 1.109 0.443 -0.163 -0.194 -0.167 -0.302 -0.188 -0.822 -1.13 -1.415 -1.386 -1.18 -1.173 -1.433 -1.118 -0.673 0.008 0.417 0.004 0.264 0.598 0.918 0.98 0.832 0.878 0.945 1.029 1.135 1.266 1.301 1.302 1.258 1.121 0.977 0.779 0.616 0.561 0.141 -0.098 -0.034 0.178 0.424 0.523 -0.081 -0.509 -0.975 -1.283 -1.487 -1.53 -1.475 -1.097 -0.915 -0.47 -0.609 -1.295 -1.486 -1.348 -0.953 -1.174 -1.45 -1.326 -0.892 -0.453 -0.353 0.069
-0.128 -0.03 0.182 0.49 0.859 0.79 0.828 0.836 0.963 1.277 1.245 1.161 1.039 0.419 -0.319 -0.505 -0.693 -0.472 -0.264 -1.341 -1.673 -1.452 -1.264 -1.345 -1.44 -1.492 -1.303 -0.773 -0.083 0.615 0.431 0.754 0.916 1.103 1.142 1.067 1.041 1.174 1.236 1.297 1.292 1.289 1.095 0.648 0.491 0.539 0.17 -0.031 0.216 -0.122 -0.547 -0.341 -0.259 0.15 0.572 -0.133 -0.726 -1.113 -1.232 -1.378 -1.672 -1.457 -1.376 -1.253 -0.653 -0.601 -1.363 -1.647 -1.374 -1.148 -1.373 -1.587 -1.334 -1.001 -0.412 0.089 0.35
-0.291 -0.084 0.362 0.725 0.641 0.337 0.299 0.414 0.788 1.095 1.248 1.148 0.929 0.149 -0.543 -0.799 -0.843 -0.292 -0.479 -1.024 -1.287 -1.168 -0.767 -0.602 -0.521 -0.474 -0.55 -0.372 0.223 0.749 0.845 1.132 1.211 1.249 1.238 1.129 1.226 1.286 1.285 1.274 1.234 1.168 0.627 0.249 0.126 0.106 -0.315 -0.52 -0.181 -0.125 -0.76 -0.851 -0.402 0.121 0.534 -0.026 -0.542 -0.816 -1.003 -1.245 -1.464 -1.58 -1.393 -1.149 -0.616 -0.627 -1.234 -1.528 -1.573 -1.378 -1.446 -1.367 -1.156 -0.755 -0.197 0.442 0.688
-0.127 0.166 0.623 0.582 0.194 -0.085 -0.172 0.145 0.695 0.927 1.254 1.169 0.599 -0.051 -0.661 -1.035 -0.936 -0.471 -1.022 -1.224 -0.928 -0.977 -0.629 -0.114 0.062 0.363 0.371 0.17 0.37 0.902 1.193 1.28 1.284 1.273 1.276 1.288 1.28 1.217 1.125 0.999 0.854 0.982 0.678 0.105 -0.266 -0.365 -0.595 -0.926 -0.595 -0.274 -0.844 -1.121 -0.685 -0.101 0.408 0.209 -0.216 -0.487 -0.866 -1.163 -1.331 -1.446 -1.282 -1.025 -0.539 -0.709 -1.166 -1.41 -1.697 -1.541 -1.449 -1.017 -0.612 -0.212 0.336 0.539 0.232
-0.069 0.298 0.634 0.302 -0.121 -0.409 -0.447 0.029 0.555 0.927 1.287 1.098 0.388 -0.06 -0.695 -1.376 -1.197 -1.101 -1.353 -1.141 -0.812 -0.474 -0.302 -0.025 0.369 0.584 0.75 0.722 0.725 1.117 1.27 1.281 1.288 1.28 1.257 1.195 1.052 0.831 0.626 0.488 0.578 0.905 0.715 0.171 -0.245 -0.628 -0.844 -1.135 -0.915 -0.583 -1.059 -1.194 -0.854 -0.414 0.163 0.364 -0.173 -0.665 -0.861 -1.169 -1.423 -1.473 -1.21 -0.879 -0.514 -0.911 -1.304 -1.544 -1.699 -1.441 -1.217 -0.868 -0.276 0.29 0.53 0.108 -0.412
0.057 0.521 0.472 0.071 -0.294 -0.668 -0.346 0.118 0.278 0.651 1.243 1.203 0.704 -0.019 -0.705 -1.421 -1.514 -1.494 -1.198 -1.017 -0.834 -0.475 -0.022 0.156 0.384 0.474 0.857 1.077 1.163 1.258 1.283 1.25 1.172 1.073 1.054 0.824 0.526 0.324 0.152 0.102 0.337 0.805 0.726 0.158 -0.154 -0.466 -0.799 -1.18 -1.208 -0.883 -1.189 -1.288 -1.054 -0.654 -0.064 0.322 -0.193 -0.839 -1.102 -1.311 -1.576 -1.599 -1.316 -0.77 -0.7 -1.205 -1.485 -1.668 -1.674 -1.458 -1.208 -0.85 -0.091 0.459 0.184 -0.222 -0.653
0.219 0.587 0.181 -0.345 -0.385 -0.803 -0.349 -0.114 -0.21 0.169 1.007 1.2 1.034 0.32 -0.386 -1.006 -1.483 -1.361 -1.252 -1.073 -0.788 -0.671 -0.109 0.321 0.677 0.792 1.06 1.182 1.235 1.27 1.173 0.97 0.69 0.579 0.748 0.582 0.127 -0.163 -0.31 -0.284 0.077 0.673 0.773 0.28 0.007 -0.274 -0.713 -1.2 -1.273 -1.116 -1.383 -1.427 -1.145 -0.771 -0.187 0.261 -0.168 -0.812 -1.244 -1.306 -1.548 -1.551 -1.255 -0.729 -0.852 -1.377 -1.699 -1.733 -1.496 -1.347 -0.979 -0.396 0.271 0.265 -0.081 -0.491 -0.982
0.433 0.375 -0.031 -0.556 -0.743 -1.088 -0.928 -0.662 -0.278 0.245 0.77 1.13 1.186 0.642 -0.151 -0.747 -1.185 -1.067 -1.45 -1.17 -0.578 -0.681 -0.212 0.404 0.97 1.2 1.263 1.253 1.257 1.034 0.738 0.41 0.196 0.223 0.478 0.489 0.05 -0.379 -0.672 -0.506 -0.051 0.55 0.857 0.388 -0.101 -0.49 -0.936 -1.313 -1.339 -1.315 -1.547 -1.341 -1.042 -0.677 -0.177 0.124 -0.026 -0.586 -1.079 -1.284 -1.568 -1.584 -1.29 -0.785 -1.015 -1.434 -1.829 -1.758 -1.611 -1.512 -0.898 -0.056 0.41 0.06 -0.355 -0.902 -1.363
0.387 -0.096 -0.496 -0.891 -1.351 -1.746 -1.434 -0.676 0 0.139 0.419 1.075 1.239 0.765 -0.132 -0.907 -1.116 -0.914 -1.231 -0.809 -0.299 -0.25 0.203 0.847 1.198 1.279 1.288 1.234 1.004 0.453 0.109 -0.097 -0.184 -0.1 0.259 0.229 -0.186 -0.472 -0.869 -0.512 0.022 0.554 0.717 0.518 0.004 -0.434 -0.918 -1.353 -1.483 -1.52 -1.631 -1.34 -1.011 -0.529 -0.245 -0.311 -0.047 -0.301 -0.891 -1.235 -1.537 -1.73 -1.406 -0.896 -1.292 -1.575 -1.898 -1.937 -1.761 -1.396 -0.573 0.301 0.208 -0.202 -0.583 -1.248 -1.687
0.053 -0.601 -0.843 -1.443 -1.891 -1.761 -1.439 -0.874 -0.228 -0.373 0.046 0.866 1.259 0.985 0.079 -0.691 -1.049 -0.771 -0.563 -0.127 0.233 0.466 0.92 1.227 1.283 1.288 1.278 0.918 0.724 0.097 -0.32 -0.571 -0.671 -0.46 0.081 -0.212 -0.634 -0.823 -0.987 -0.393 0.209 0.397 0.315 0.546 0.35 -0.145 -0.728 -1.194 -1.53 -1.683 -1.699 -1.519 -1.076 -0.459 -0.63 -0.842 -0.433 -0.159 -0.701 -1.174 -1.438 -1.73 -1.495 -0.981 -1.36 -1.625 -1.986 -1.875 -1.537 -1.131 -0.35 0.427 -0.115 -0.765 -0.752 -1.307 -1.765
-0.064 -0.768 -1.377 -1.623 -1.597 -1.227 -1.026 -1.132 -0.775 -0.852 -0.36 0.608 1.213 1.129 0.311 -0.396 -0.821 -0.326 0.22 0.633 0.964 1.121 1.241 1.285 1.288 1.24 0.995 0.415 0.43 0.261 -0.174 -0.668 -0.977 -0.708 -0.111 -0.512 -0.951 -1.158 -1.017 -0.34 0.239 -0.049 -0.159 0.146 0.445 0.111 -0.45 -0.866 -1.23 -1.467 -1.597 -1.47 -1.258 -0.711 -1.028 -1.297 -0.925 -0.337 -0.499 -1.202 -1.662 -1.896 -1.546 -1.11 -1.391 -1.815 -2.215 -1.998 -1.537 -0.912 -0.215 0.307 -0.327 -1.118 -0.986 -1.401 -1.845
-0.175 -1.015 -1.194 -1.306 -1.089 -0.822 -0.724 -0.743 -0.587 -0.582 -0.443 0.338 1.178 1.204 0.487 -0.283 -0.367 0.359 0.848 1.147 1.254 1.274 1.278 1.224 1.153 0.927 0.446 -0.015 0.088 0.126 -0.024 -0.438 -0.943 -0.856 -0.285 -0.637 -1.078 -1.366 -1.065 -0.397 0.105 -0.428 -0.755 -0.509 -0.054 0.312 -0.12 -0.681 -1.125 -1.53 -1.686 -1.561 -1.535 -1.07 -1.065 -1.502 -1.174 -0.6 -0.364 -0.962 -1.577 -2.191 -1.908 -1.475 -1.65 -1.8 -2.163 -2.035 -1.599 -1.147 -0.237 0.134 -0.741 -1.507 -1.478 -1.505 -1.961
-0.718 -0.815 -1.129 -1.648 -1.337 -0.759 -0.676 -0.813 -0.817 -0.235 -0.156 0.312 1.048 1.267 0.976 0.194 0.282 0.928 1.206 1.274 1.278 1.283 1.109 0.836 0.606 0.345 -0.16 -0.442 -0.285 -0.201 -0.463 -0.509 -1.061 -0.885 -0.463 -0.822 -1.261 -1.417 -1.026 -0.486 -0.041 -0.588 -1.063 -1.019 -0.464 0.085 0.13 -0.619 -1.094 -1.409 -1.855 -1.698 -1.605 -1.199 -1.026 -1.571 -1.225 -0.728 -0.301 -0.728 -1.492 -2.091 -2.066 -1.999 -2.039 -1.989 -2.155 -2.046 -1.668 -1.021 -0.251 0.158 -0.804 -1.667 -1.908 -1.811 -2.132
-1.095 -1.261 -1.547 -1.857 -1.798 -1.022 -0.93 -1.17 -1.275 -0.914 -0.456 0.34 0.81 1.2 1.245 0.81 0.974 1.261 1.278 1.278 1.276 1.152 0.665 0.357 0.182 -0.329 -0.7 -0.828 -0.636 -0.471 -0.877 -0.908 -1.19 -0.887 -0.519 -0.971 -1.503 -1.482 -1.022 -0.48 -0.231 -0.65 -1.173 -1.25 -0.834 -0.464 0.114 -0.251 -0.648 -1.246 -1.508 -1.671 -1.38 -1.102 -1.093 -1.768 -1.504 -0.884 -0.308 -0.627 -1.38 -1.807 -2.07 -2.294 -2.469 -2.277 -2.258 -2.459 -2.045 -1.282 -0.28 0.068 -0.897 -1.671 -2.091 -2.396 -2.471
-1.231 -1.585 -1.61 -1.506 -1.734 -1.348 -1.154 -1.282 -0.952 -0.485 0.04 0.574 0.733 1.033 1.263 1.229 1.265 1.278 1.278 1.267 1.157 0.646 0.101 -0.112 -0.31 -0.864 -1.018 -0.892 -0.847 -0.751 -0.923 -1.343 -1.256 -0.836 -0.663 -1.128 -1.527 -1.712 -1.218 -0.722 -0.244 -0.725 -1.391 -1.416 -1.139 -0.647 -0.124 0.077 -0.26 -0.85 -1.128 -1.591 -1.571 -1.226 -1.173 -1.718 -1.904 -1.232 -0.399 -0.701 -1.337 -1.512 -1.903 -2.445 -2.663 -2.883 -2.523 -2.341 -1.702 -1.06 -0.157 -0.152 -0.978 -1.583 -2.121 -2.761 -2.71
-0.937 -1.585 -1.274 -1.157 -1.529 -0.997 -0.821 -0.764 -0.542 -0.092 0.409 0.678 0.347 0.474 1.073 1.259 1.276 1.272 1.236 1.063 0.65 0.009 -0.246 -0.327 -0.367 -0.81 -0.603 -0.487 -0.566 -0.949 -1.097 -1.488 -1.16 -0.871 -0.958 -1.106 -1.611 -1.852 -1.472 -1.046 -0.335 -0.754 -1.427 -1.557 -1.09 -0.751 -0.583 -0.122 0.046 -0.425 -0.784 -1.29 -1.68 -1.436 -1.182 -1.556 -1.875 -1.508 -0.642 -0.773 -1.351 -1.663 -1.863 -2.242 -2.699 -2.893 -2.451 -1.86 -1.254 -0.709 -0.028 -0.35 -0.954 -1.672 -2.276 -2.745 -3.099
-1.308 -1.641 -1.029 -0.964 -1.353 -1.263 -1.115 -0.906 -0.326 0.279 0.582 0.19 -0.108 0.262 0.827 1.24 1.207 1.085 0.843 0.443 0.048 -0.178 0.018 0.176 0.008 -0.35 -0.125 -0.137 -0.334 -0.796 -1.337 -1.597 -1.418 -1.13 -1.312 -1.113 -1.417 -1.87 -1.668 -1.158 -0.525 -0.634 -1.226 -1.436 -1.022 -1.198 -1.102 -0.563 -0.03 -0.158 -0.625 -1.158 -1.639 -1.691 -1.31 -1.298 -1.747 -1.346 -0.891 -0.658 -1.049 -1.335 -1.635 -1.954 -2.504 -2.966 -2.501 -1.925 -1.22 -0.45 0.017 -0.47 -1.159 -1.969 -2.428 -2.737 -3.148
-1.446 -1.484 -0.873 -0.777 -1.173 -1.263 -0.978 -0.664 -0.189 0.436 0.227 -0.292 -0.018 0.592 1.077 1.047 0.891 0.626 0.303 0.171 -0.04 0.099 0.41 0.53 0.444 0.252 0.302 0.059 -0.315 -0.77 -1.239 -1.575 -1.596 -1.579 -1.763 -1.504 -1.383 -1.695 -1.649 -1.391 -0.798 -0.632 -1.221 -1.532 -1.095 -1.5 -1.395 -0.856 -0.261 -0.073 -0.535 -1.034 -1.396 -1.625 -1.617 -1.381 -1.77 -1.489 -1.053 -0.746 -1.156 -1.325 -1.55 -1.818 -2.521 -2.635 -2.226 -2.011 -1.371 -0.566 -0.024 -0.632 -1.284 -1.911 -2.337 -2.852 -3.273
-1.118 -1.329 -0.895 -0.702 -1.141 -1.117 -0.587 -0.094 0.226 0.24 -0.33 -0.238 0.317 0.882 1.033 0.77 0.766 0.675 0.513 0.555 0.584 0.555 0.8 0.787 0.614 0.637 0.668 0.317 -0.223 -0.75 -1.078 -1.206 -1.571 -1.783 -1.983 -1.784 -1.573 -1.715 -1.766 -1.551 -1.078 -0.937 -1.426 -1.78 -1.492 -1.684 -1.324 -0.842 -0.273 -0.08 -0.377 -0.821 -1.168 -1.467 -1.862 -1.694 -1.938 -1.885 -1.151 -1.046 -1.724 -1.885 -1.871 -2.069 -2.666 -2.044 -1.569 -1.499 -1.025 -0.386 -0.071 -0.724 -1.363 -1.835 -2.316 -2.752 -3.122
-1.219 -1.423 -1.151 -0.691 -0.828 -0.867 -0.3 0.271 0.231 -0.262 -0.623 0 0.477 0.719 0.887 0.86 0.744 0.451 0.29 0.447 0.699 0.84 0.8 0.532 0.131 0.351 0.696 0.614 0.175 -0.423 -0.765 -1.08 -1.533 -1.839 -1.875 -1.858 -1.781 -1.965 -1.777 -1.545 -1.229 -1.334 -1.944 -2.141 -1.988 -1.832 -1.301 -0.777 -0.272 -0.384 -0.377 -0.482 -0.967 -1.537 -2.025 -2.156 -2.208 -2.032 -1.217 -1.315 -1.958 -2.308 -2.367 -2.548 -2.509 -1.756 -1.265 -1.14 -0.941 -0.281 -0.103 -0.787 -1.522 -1.947 -2.176 -2.464 -2.972
-1.406 -1.178 -1.054 -0.817 -0.597 -0.483 0.03 0.218 -0.124 -0.195 -0.383 0.05 0.034 0.01 0.311 0.604 0.254 -0.309 -0.588 -0.25 0.345 0.756 0.51 -0.074 -0.371 0.016 0.466 0.654 0.54 0.084 -0.311 -0.787 -1.427 -1.743 -1.575 -1.784 -1.923 -2.097 -1.781 -1.484 -1.121 -1.493 -2.106 -2.295 -2.087 -1.8 -1.478 -0.814 -0.455 -0.998 -0.967 -0.597 -0.772 -1.396 -1.875 -2.339 -2.485 -2.113 -1.362 -1.401 -1.862 -2.242 -2.542 -2.772 -2.434 -1.914 -1.554 -1.495 -1.216 -0.313 -0.167 -0.784 -1.233 -1.594 -1.888 -2.224 -2.905
-1.379 -1.185 -1.164 -1.08 -0.492 -0.002 0.187 -0.098 -0.461 0.008 -0.345 -0.391 -0.557 -0.671 -0.282 0.294 0.119 -0.532 -1.081 -0.56 0.265 0.699 0.315 -0.349 -0.617 -0.181 0.113 0.431 0.574 0.48 0.218 -0.285 -1.093 -1.386 -1.343 -1.603 -1.836 -2.063 -1.695 -1.537 -1.093 -1.401 -1.94 -2.181 -1.999 -1.6 -1.326 -0.747 -0.721 -1.436 -1.646 -1.205 -0.707 -1.089 -1.69 -2.102 -2.514 -2.43 -1.78 -1.488 -1.701 -1.987 -2.51 -2.603 -2.414 -2.165 -1.948 -1.889 -1.196 -0.203 -0.373 -1.082 -1.142 -1.202 -1.758 -2.091 -2.596
-1.412 -1.43 -1.173 -0.948 -0.298 0.127 -0.104 -0.483 -0.569 0.015 -0.548 -0.97 -1.04 -0.834 -0.318 -0.221 0.008 -0.242 -0.985 -0.658 0.288 0.658 0.185 -0.516 -0.813 -0.54 -0.251 0.134 0.074 0.153 0.308 0.087 -0.646 -1.035 -1.163 -1.426 -1.831 -2.028 -1.898 -1.734 -1.19 -1.256 -1.889 -2.097 -1.809 -1.43 -1.088 -0.621 -0.817 -1.536 -1.998 -1.615 -0.894 -0.91 -1.528 -1.918 -2.428 -2.485 -2.019 -1.731 -1.781 -2.202 -2.547 -2.253 -1.987 -1.875 -1.855 -1.7 -0.938 -0.214 -0.721 -1.46 -1.566 -1.181 -1.474 -1.922 -2.29
-1.231 -1.395 -0.812 -0.623 0.003 -0.096 -0.571 -0.818 -0.69 -0.168 -0.463 -1.231 -1.317 -1.028 -0.777 -0.826 -0.422 -0.078 -0.47 -0.434 0.348 0.62 0.116 -0.671 -1.019 -0.934 -0.489 -0.24 -0.45 -0.48 -0.203 -0.124 -0.129 -0.446 -0.85 -1.34 -1.62 -1.879 -2.171 -1.722 -1.316 -1.182 -1.771 -2.073 -1.927 -1.605 -1.185 -0.661 -0.936 -1.661 -2.189 -1.703 -1.048 -1.09 -1.357 -1.89 -2.477 -2.747 -2.286 -2.053 -2.252 -2.518 -2.536 -2.068 -1.609 -1.469 -1.639 -1.218 -0.534 -0.491 -1.144 -1.687 -1.842 -1.619 -1.332 -1.72 -2.122
-0.851 -1.034 -0.641 -0.188 0.14 -0.408 -0.83 -0.975 -0.863 -0.841 -0.53 -0.739 -1.437 -1.48 -1.374 -0.944 -0.483 -0.335 -0.16 -0.084 0.432 0.612 0.09 -0.451 -0.764 -1.026 -0.731 -0.63 -0.909 -0.938 -0.778 -0.59 -0.324 -0.306 -0.372 -0.861 -1.331 -1.782 -2.207 -1.89 -1.458 -1.331 -1.5 -1.971 -1.783 -1.58 -1.131 -0.693 -1.087 -1.672 -2.181 -1.55 -1.239 -1.415 -1.397 -1.877 -2.548 -2.845 -2.455 -2.433 -2.396 -2.126 -2.361 -2.089 -1.663 -1.274 -1.154 -0.798 -0.3 -0.667 -1.245 -1.694 -2.004 -1.845 -1.677 -1.745 -2.133
