data/climatemaps/RS_maps/climate_postbreed_tmp_2006.asc
NCOLS 369 
NROWS 228 
XLLCORNER 479000 
YLLCORNER 73000 
CELLSIZE 1000 
NODATA_value -9 
[rows 102 to 135 of 228, columns 156 to 233 of 369]
0.702 0.645 0.711 0.796 0.885 0.968 1.048 1.092 1.088 0.89 0.477 0.377 0.581 0.68 0.548 0.3 0.259 0.608 0.497 0.274 0.214 0.287 0.359 0.526 0.884 1.144 1.366 1.49 1.561 1.487 1.395 1.459 1.095 0.531 0.491 0.569 1.007 1.499 1.286 0.758 0.42 0.291 0.527 0.347 0.223 0.428 0.743 0.507 0.224 0.079 0.579 1.389 1.623 1.626 1.415 0.706 0.149 0.038 0.017 -0.052 -0.1 -0.253 -0.48 -0.543 -0.259 0.135 0.344 -0.246 -0.272 -0.029 0.156 0.727 0.346 -0.227 -0.301 -0.367 -0.471 -0.595
0.621 0.591 0.755 0.868 0.987 1.027 0.974 0.926 1.057 0.801 0.37 0.426 0.547 0.44 0.418 0.392 0.548 0.497 0.247 0.242 0.398 0.482 0.58 0.634 0.751 1.051 1.314 1.492 1.537 1.425 1.412 1.344 0.801 0.249 0.455 0.783 1.182 1.483 1.304 0.927 0.624 0.299 0.33 0.213 0.029 0.133 0.349 0.23 0.138 0.168 0.585 1.084 1.468 1.626 1.498 0.988 0.443 0.184 -0.199 -0.335 -0.287 -0.508 -0.534 -0.323 -0.169 0.104 0.061 -0.257 -0.312 -0.312 -0.175 0.538 0.323 -0.202 -0.308 -0.284 -0.253 -0.403
0.676 0.723 0.867 0.955 0.951 0.86 0.689 0.598 0.904 0.769 0.524 0.432 0.297 0.116 0.271 0.323 0.414 0.224 0.216 0.388 0.336 0.392 0.374 0.364 0.59 1.072 1.361 1.536 1.501 1.43 1.375 1.197 0.878 0.486 0.622 0.812 0.996 1.402 1.257 0.7 0.522 0.387 0.133 -0.091 -0.285 -0.168 0.058 0.323 0.605 0.728 0.892 0.991 1.33 1.626 1.612 1.375 0.856 0.485 0.017 -0.209 -0.282 -0.431 -0.422 -0.322 -0.125 0.053 -0.323 -0.465 -0.502 -0.593 -0.331 0.306 0.469 0.175 -0.22 -0.333 -0.658 -0.605
0.776 0.798 0.922 0.916 0.821 0.61 0.384 0.422 0.893 0.76 0.559 0.269 -0.075 0.111 0.054 0.166 0.32 0.178 0.303 0.278 0.15 0.26 0.3 0.482 0.858 1.206 1.47 1.548 1.467 1.433 1.322 1.003 0.676 0.456 0.54 0.5 0.732 1.346 1.149 0.435 0.117 0.054 -0.19 -0.309 -0.24 0.025 0.317 0.748 0.715 0.618 0.893 0.776 1.311 1.632 1.628 1.462 0.705 0.266 0.034 -0.042 -0.045 -0.095 -0.151 -0.384 -0.345 -0.217 -0.463 -0.667 -0.472 -0.308 -0.072 0.176 0.171 -0.471 -0.603 -0.654 -0.45 0.088
0.918 0.895 0.941 0.831 0.641 0.258 0.24 0.601 0.924 0.796 0.494 0.075 -0.021 -0.035 -0.129 0.142 0.225 0.273 0.216 0.208 0.338 0.476 0.598 0.753 1.031 1.31 1.535 1.521 1.447 1.354 1.204 0.839 0.374 0.21 0.366 0.466 0.949 1.397 1.092 0.625 0.295 -0.024 -0.392 -0.376 -0.074 0.219 0.421 0.742 0.196 0.375 0.61 0.635 1.265 1.624 1.629 1.51 0.826 0.22 0.079 0.281 0.328 0.226 0.127 -0.224 -0.422 -0.528 -0.726 -0.764 -0.621 -0.306 -0.072 -0.096 -0.091 -0.582 -0.625 -0.23 0.208 0.303
0.955 0.95 0.835 0.7 0.384 0.079 0.318 0.547 0.855 0.78 0.297 0.129 0.021 -0.133 -0.096 0.112 0.241 0.356 0.232 0.336 0.557 0.711 0.871 1.001 1.195 1.448 1.55 1.483 1.394 1.231 1.067 0.7 0.182 -0.017 0.259 0.63 1.291 1.266 0.831 0.939 0.662 0.235 -0.034 -0.142 -0.101 -0.002 0.197 0.546 0.019 0.403 0.443 0.268 0.87 1.519 1.628 1.617 1.404 0.796 0.714 0.817 0.789 0.609 0.516 0.21 0.076 -0.081 -0.264 -0.629 -0.849 -0.473 -0.413 -0.469 -0.623 -0.78 -0.317 0.198 0.171 -0.092
0.909 0.94 0.724 0.446 0.211 0.225 0.384 0.5 0.847 0.783 0.162 0.297 0.2 0.05 -0.018 0.096 0.242 0.329 0.478 0.598 0.769 0.935 1.059 1.163 1.386 1.546 1.527 1.416 1.33 1.157 0.828 0.367 -0.014 -0.034 0.316 0.827 1.377 1.181 0.796 0.884 0.678 0.21 -0.093 -0.442 -0.205 0.033 0.371 0.343 -0.143 0.356 0.104 -0.362 0.478 1.193 1.586 1.622 1.596 1.432 1.306 1.254 1.143 1.055 0.924 0.661 0.492 0.375 0.153 -0.037 -0.202 -0.222 -0.285 -0.41 -0.683 -0.594 -0.066 -0.014 -0.252 -0.571
0.948 0.941 0.682 0.385 0.362 0.427 0.446 0.634 0.832 0.825 0.467 0.479 0.322 0.102 0.011 0.04 0.127 0.209 0.583 0.836 1.013 1.16 1.268 1.406 1.534 1.566 1.498 1.336 1.252 0.895 0.408 0.078 -0.142 -0.166 0.337 1.06 1.39 1.051 0.547 0.23 0.264 -0.014 -0.296 -0.559 -0.39 -0.143 0.271 -0.117 -0.731 -0.417 -0.63 -0.453 0.435 0.837 1.313 1.609 1.596 1.552 1.329 1.023 0.828 0.62 0.778 0.816 0.74 0.654 0.564 0.474 0.419 0.309 0.143 -0.257 -0.449 -0.421 -0.208 -0.449 -0.626 -1.085
0.974 0.802 0.616 0.568 0.55 0.479 0.338 0.44 0.683 0.843 0.644 0.517 0.333 0.093 0.178 0.074 0.231 0.427 0.682 0.973 1.223 1.385 1.489 1.548 1.564 1.519 1.365 1.106 1.05 0.953 0.597 0.479 0.084 -0.132 0.64 1.27 1.151 0.513 -0.004 -0.43 -0.234 -0.317 -0.482 -0.832 -0.748 -0.768 -0.218 -0.421 -1.107 -0.977 -0.504 0.257 0.546 0.391 0.936 1.504 1.604 1.513 1.108 0.704 0.689 0.29 0.193 0.223 0.217 0.46 0.776 0.423 0.299 0.234 0.002 -0.479 -0.741 -0.645 -0.545 -0.854 -1.128 -1.265
0.937 0.577 0.382 0.438 0.505 0.301 0.06 0.179 0.658 0.747 0.404 0.291 0.316 0.077 0.266 0.297 0.459 0.716 0.894 1.167 1.435 1.516 1.56 1.563 1.474 1.329 1.046 0.749 0.452 0.894 0.955 0.535 0.063 0.18 0.7 1.212 0.979 0.423 -0.107 -0.733 -0.665 -0.593 -0.68 -0.926 -0.926 -1.049 -0.957 -0.809 -0.998 -1.107 -0.313 0.257 0.12 0.252 0.85 1.363 1.593 1.266 0.883 0.635 0.493 0.21 -0.211 -0.303 -0.381 0.04 0.587 -0.082 -0.293 -0.297 -0.472 -0.646 -1.156 -1.079 -1.146 -1.327 -1.348 -1.023
0.782 0.541 0.345 0.275 0.323 -0.144 -0.056 0.274 0.703 0.613 0.136 0.1 0.239 0.062 0.28 0.497 0.667 0.929 1.142 1.35 1.497 1.549 1.562 1.443 1.182 0.991 0.633 0.29 0.045 0.601 1.001 0.595 0.141 0.276 0.362 0.983 1.093 0.466 -0.024 -0.339 -0.257 -0.193 -0.498 -0.65 -0.798 -1.034 -1.013 -0.822 -1.061 -1.022 -0.339 0.036 0.049 0.265 0.667 1.226 1.579 1.015 0.355 0.19 0.185 -0.084 -0.545 -0.594 -0.236 0.166 0.395 -0.32 -0.687 -0.802 -0.815 -0.981 -1.485 -1.507 -1.607 -1.526 -1.153 -0.621
0.484 0.502 0.445 0.253 -0.038 -0.235 0.099 0.435 0.691 0.53 0.014 -0.092 0.009 0.103 0.328 0.56 0.686 0.759 1.104 1.445 1.512 1.543 1.389 1.066 0.649 0.529 0.3 -0.089 0.192 0.909 0.904 0.43 -0.104 -0.222 -0.078 0.563 1.019 0.625 0.252 0.079 0.408 0.128 -0.51 -0.75 -0.958 -0.799 -0.506 -0.341 -0.714 -0.672 -0.33 0.016 0.004 0.056 0.443 1.068 1.561 1.177 0.255 -0.331 -0.382 -0.554 -0.633 -0.555 -0.208 0.255 0.249 -0.341 -0.836 -1.121 -1.297 -1.407 -1.471 -1.477 -1.566 -1.503 -0.893 -0.582
0.404 0.522 0.435 0.164 -0.311 -0.09 0.234 0.478 0.626 0.619 0.39 0.078 -0.036 0.202 0.409 0.401 0.484 0.697 1.064 1.39 1.464 1.531 1.123 0.888 0.382 0.038 -0.128 -0.059 0.457 0.908 0.656 0.165 -0.366 -0.406 -0.129 0.61 0.94 0.702 0.561 0.563 0.703 0.079 -0.588 -0.723 -0.935 -0.48 -0.176 -0.247 -0.487 -0.775 -0.602 -0.508 -0.384 -0.128 0.25 0.891 1.454 1.462 0.678 -0.084 -0.418 -0.723 -0.617 -0.5 -0.266 0.208 -0.014 -0.73 -1.151 -1.143 -1.325 -1.538 -1.332 -1.275 -1.45 -1.401 -0.989 -1.157
0.7 0.639 0.451 0.001 -0.269 0.048 0.328 0.449 0.414 0.538 0.61 0.469 0.19 0.155 0.205 0.144 0.234 0.334 0.748 0.923 1.232 1.292 0.606 0.565 0.635 0.042 -0.315 0.063 0.331 0.848 0.485 -0.151 -0.54 -0.223 0.221 0.512 0.788 0.818 0.824 0.836 0.75 0.166 -0.323 -0.531 -0.853 -0.38 -0.063 -0.538 -0.895 -0.918 -0.583 -0.391 0.057 0.449 0.653 0.874 1.13 1.523 1.141 0.509 0.022 -0.441 -0.558 -0.997 -0.803 -0.559 -1.002 -1.245 -1.097 -0.747 -0.701 -1.13 -1.165 -1.214 -1.44 -1.208 -1.456 -2.038
0.872 0.86 0.667 0.106 -0.035 0.255 0.429 0.414 0.293 0.314 0.445 0.553 0.458 0.336 0.211 -0.046 -0.06 0.321 0.457 0.794 1.244 0.972 0.136 0.369 0.684 0.224 -0.267 -0.119 0.326 0.814 0.339 -0.226 -0.655 -0.741 -0.122 0.304 0.436 0.519 0.623 0.601 0.732 0.597 0.233 -0.329 -0.459 0.007 -0.1 -1.016 -1.205 -0.572 -0.161 -0.007 0.087 0.376 0.392 0.312 0.669 1.331 1.465 1.02 0.304 -0.399 -0.842 -1.237 -1.034 -1.018 -0.991 -0.982 -0.742 -0.249 -0.634 -0.931 -1.16 -1.256 -1.309 -0.789 -1.147 -1.935
0.634 0.674 0.724 0.606 0.528 0.523 0.406 0.381 0.242 0.126 0.238 0.295 0.303 0.213 0.161 -0.155 -0.113 0.168 0.357 1.062 1.262 0.772 0.01 0.369 0.462 0.147 -0.199 -0.037 0.563 0.673 0.195 -0.239 -0.605 -0.9 -0.698 -0.122 0.061 0.124 0.28 0.07 0.274 0.495 0.532 0.186 0.168 0.274 -0.262 -1.111 -1.079 -0.534 -0.376 -0.237 -0.466 -0.357 -0.415 -0.201 0.248 0.999 1.512 1.185 0.335 -0.629 -1.147 -0.93 -0.762 -0.625 -0.483 -0.329 -0.002 -0.262 -1.137 -1.385 -1.475 -0.936 -0.94 -0.628 -1.088 -1.641
0.171 0.196 0.241 0.465 0.634 0.45 0.309 0.235 0.126 -0.105 -0.24 -0.247 -0.213 -0.263 -0.188 -0.312 -0.074 0.179 0.643 1.22 1.192 0.718 0.035 0.3 0.125 -0.102 -0.233 -0.092 0.374 0.258 -0.063 -0.509 -0.681 -0.772 -0.782 -0.638 -0.373 -0.152 -0.138 -0.489 -0.398 -0.27 0.363 0.354 0.158 -0.172 -0.708 -1.275 -1.257 -1.032 -0.997 -0.923 -0.993 -0.733 -0.419 -0.436 -0.051 0.568 1.359 1.257 0.439 -0.439 -0.676 -0.461 -0.488 -0.265 0.006 0.279 0.122 -0.655 -1.356 -1.272 -1.287 -1.07 -0.526 -0.394 -0.953 -1.273
-0.243 -0.051 0.249 0.549 0.505 0.283 0.113 -0.106 -0.173 -0.173 -0.358 -0.372 -0.19 -0.203 -0.247 -0.22 0.101 0.499 1.015 1.288 1.076 0.535 0.069 0.252 0.032 -0.364 -0.375 -0.125 -0.058 -0.253 -0.348 -0.546 -0.467 -0.39 -0.45 -0.656 -0.637 -0.481 -0.46 -0.829 -1.139 -0.823 -0.233 -0.3 -0.444 -0.938 -1.283 -1.44 -1.456 -1.273 -1.188 -1.254 -0.972 -0.698 -0.379 -0.158 -0.103 0.509 1.361 1.229 0.539 -0.001 0.152 0.216 0.177 0.375 0.483 0.207 -0.194 -0.597 -1.143 -1.069 -0.78 -0.992 -0.561 -0.282 -0.856 -1.068
-0.017 0.16 0.346 0.528 0.321 0.029 -0.18 -0.214 0.007 0.298 0.238 0.236 0.357 0.342 0.314 -0.014 0.109 0.654 1.015 1.131 0.789 0.228 -0.126 -0.011 0.069 -0.448 -0.482 -0.262 -0.252 -0.336 -0.391 -0.379 -0.149 -0.131 -0.275 -0.398 -0.588 -0.826 -0.994 -1.109 -1.424 -1.108 -0.975 -1.076 -1.044 -1.121 -1.104 -1.089 -1.292 -1.131 -0.754 -1.044 -1.03 -0.635 -0.44 0.029 0.372 0.754 1.369 1.267 1.057 0.854 0.787 0.67 0.568 0.423 0.004 -0.61 -0.766 -0.614 -1.136 -1.183 -0.624 -0.515 -0.376 -0.21 -0.853 -1.151
0.129 0.247 0.306 0.422 0.077 -0.116 0.064 0.387 0.688 0.858 0.89 0.889 0.902 0.83 0.862 0.456 0.257 0.607 0.863 0.891 0.551 0.198 -0.043 -0.094 -0.121 -0.369 -0.53 -0.614 -0.402 -0.376 -0.431 -0.122 0.084 -0.183 -0.462 -0.824 -1.038 -1.027 -0.805 -0.613 -0.918 -1.109 -1.157 -1.116 -1.111 -0.706 -0.432 -0.838 -1.223 -1.102 -0.416 -0.742 -0.758 -0.351 0.001 0.292 0.771 1.203 1.248 0.696 0.472 0.775 0.641 0.381 0.158 -0.279 -0.696 -1.171 -0.915 -0.768 -1.327 -1.078 -0.736 -0.452 -0.232 -0.002 -0.543 -1.002
0.139 0.193 0.298 0.125 -0.009 0.256 0.785 1.136 1.314 1.363 1.338 1.318 1.277 1.236 1.254 1.073 0.755 0.795 0.919 0.79 0.713 0.554 0.309 0.114 -0.078 -0.227 -0.231 -0.514 -0.741 -0.507 -0.174 0.206 -0.172 -0.661 -0.804 -0.805 -0.668 -0.236 -0.086 -0.394 -0.959 -1.334 -0.874 -0.653 -0.753 -0.63 -0.18 -0.777 -0.796 -1.139 -0.457 -0.103 -0.269 -0.496 -0.149 0.4 1.004 1.118 0.653 -0.035 -0.336 0.192 0.393 -0.05 -0.349 -0.821 -1.311 -1.334 -0.811 -0.938 -1.132 -0.907 -0.815 -0.871 -0.691 -0.049 -0.118 -0.727
0.111 0.078 -0.011 0.07 0.46 0.972 1.332 1.465 1.493 1.497 1.495 1.485 1.437 1.421 1.423 1.403 1.282 1.259 1.247 1.159 1.007 0.9 0.653 0.441 0.265 0 -0.199 -0.437 -0.61 -0.049 0.367 -0.025 -0.426 -0.332 -0.021 0.132 0.134 0.018 -0.377 -0.815 -1.08 -1.178 -0.849 -0.268 -0.138 -0.226 -0.08 -0.28 -0.381 -0.643 -0.702 -0.547 -0.076 -0.108 0.054 0.74 1.101 0.79 0.066 -0.787 -0.797 -0.138 0.364 -0.298 -0.728 -1.03 -1.588 -1.474 -1.034 -1.14 -1.138 -1.016 -0.991 -0.945 -0.739 -0.212 0.186 -0.291
0.155 -0.097 -0.056 0.559 1.108 1.41 1.49 1.5 1.507 1.476 1.38 1.346 1.426 1.45 1.459 1.47 1.476 1.442 1.457 1.46 1.387 1.139 0.869 0.753 0.451 0.05 -0.314 -0.467 -0.031 0.453 0.154 -0.226 -0.067 0.39 0.607 0.592 0.504 0.182 -0.116 -0.528 -0.627 -0.835 -0.568 -0.343 -0.512 -0.255 -0.063 0.117 0.091 -0.039 -0.285 -0.561 -0.39 0.178 0.312 0.958 0.911 0.523 -0.281 -1.105 -1.066 -0.397 0.115 -0.476 -1.093 -1.035 -1.276 -1.45 -1.241 -1.139 -1.066 -0.947 -0.761 -0.645 -0.38 -0.052 0.447 0.326
0.148 0.029 0.52 1.16 1.441 1.497 1.504 1.502 1.341 1.039 0.82 0.727 0.782 0.865 0.757 0.857 0.931 0.962 1.041 1.381 1.485 1.467 1.325 0.995 0.725 0.322 -0.117 -0.013 0.495 0.35 0.282 0.503 0.51 0.605 0.173 -0.106 -0.14 -0.085 -0.154 -0.314 -0.311 -0.578 -0.67 -0.665 -1.165 -0.949 -0.717 -0.296 -0.03 0.299 0.297 0.1 -0.257 0.063 0.752 0.973 0.224 0.224 -0.308 -0.905 -1.082 -0.689 -0.318 -0.446 -0.922 -0.701 -1.031 -1.389 -1.088 -0.827 -0.71 -0.571 -0.516 -0.18 -0.02 0.345 0.775 0.835
0.266 0.671 1.2 1.455 1.5 1.507 1.466 1.22 0.682 0.6 0.412 0.248 0.271 0.007 -0.188 0.202 0.259 0.295 0.395 0.717 1.153 1.379 1.446 1.355 1.092 0.618 0.54 0.661 0.783 0.847 0.913 0.871 0.735 0.257 -0.428 -0.756 -0.861 -0.806 -0.684 -0.662 -0.476 -0.75 -1.13 -0.954 -1.442 -1.555 -1.141 -0.93 -0.533 0.024 0.218 0.399 0.343 0.385 0.971 0.535 -0.346 0.046 -0.474 -0.957 -1.053 -0.838 -0.624 -0.638 -0.946 -0.552 -0.971 -1.165 -0.914 -0.59 -0.273 -0.102 -0.053 0.351 0.584 0.77 0.732 0.615
1.025 1.295 1.482 1.501 1.502 1.439 1.057 0.6 0.234 0.481 0.073 -0.181 -0.295 -0.236 -0.137 -0.094 -0.443 -0.139 -0.196 -0.005 0.447 0.887 1.143 1.246 1.327 1.177 1.115 1.005 0.88 0.655 0.358 0.268 0.318 0.108 -0.624 -0.954 -1.165 -1.285 -0.998 -0.759 -0.816 -0.987 -1.636 -1.213 -1.271 -1.663 -1.407 -1.064 -0.7 -0.431 -0.492 -0.161 0.384 0.815 0.903 0.122 -0.636 -0.103 -0.527 -0.873 -1.189 -1.156 -0.962 -0.774 -0.907 -0.542 -0.669 -0.887 -0.621 -0.344 -0.01 0.305 0.515 0.736 0.743 0.434 0.235 0.159
1.452 1.496 1.502 1.455 1.285 0.972 0.315 -0.08 -0.044 0.099 -0.108 -0.516 -0.56 -0.595 -0.682 -0.763 -0.469 -0.406 -0.523 -0.106 0.339 0.561 0.5 0.77 1.179 1.392 1.117 0.483 0.121 -0.164 -0.356 -0.572 -0.395 0.13 -0.229 -0.573 -0.89 -1.287 -1.324 -1.323 -1.321 -1.4 -1.908 -1.284 -0.844 -1.313 -1.48 -1.208 -1.15 -0.934 -0.73 -0.29 0.317 0.931 0.51 -0.265 -0.89 -0.411 -0.422 -1.021 -1.418 -1.24 -1.197 -0.641 -0.622 -0.524 -0.225 -0.467 -0.393 -0.049 0.224 0.515 0.693 0.7 0.319 -0.126 -0.355 -0.403
1.486 1.489 1.446 1.083 0.631 0.477 -0.116 -0.39 -0.233 -0.113 -0.181 -0.756 -1.012 -1.202 -1.092 -0.81 -0.661 -0.618 -0.398 -0.038 0.395 0.209 -0.049 0.161 0.851 1.164 1.114 0.187 -0.446 -0.651 -0.824 -1.091 -0.89 -0.442 -0.206 -0.156 -0.765 -1.34 -1.721 -1.756 -1.664 -1.714 -1.91 -1.364 -0.75 -0.759 -1.15 -1.434 -1.422 -0.956 -0.596 -0.31 0.369 0.831 0.113 -0.595 -1.106 -0.653 -0.554 -1.223 -1.428 -1 -1.03 -0.671 -0.258 -0.216 0.131 0.015 -0.029 -0.063 0.265 0.565 0.521 0.434 -0.204 -0.416 -0.647 -0.73
1.424 1.3 1.064 0.456 -0.105 -0.24 -0.396 -0.506 -0.394 -0.401 -0.312 -0.661 -1.045 -1.213 -0.891 -0.625 -0.406 -0.204 0.03 0.32 0.257 -0.333 -0.373 0.683 0.978 0.636 1.07 0.628 -0.06 -0.41 -0.646 -0.997 -1.135 -0.912 -0.52 -0.201 -0.814 -1.464 -1.763 -1.529 -1.449 -1.492 -1.664 -1.491 -1.04 -0.685 -0.522 -0.996 -1.206 -0.747 -0.527 -0.373 0.284 0.757 -0.119 -0.774 -1.204 -0.949 -0.75 -1.207 -1.025 -0.951 -0.449 -0.39 0.047 0.267 0.397 0.436 0.477 0.491 0.536 0.475 0.254 0.412 0.171 -0.142 -0.714 -0.943
1.149 0.825 0.388 -0.074 -0.577 -0.538 -0.617 -0.781 -0.878 -0.868 -0.696 -0.829 -0.9 -0.901 -0.689 -0.442 -0.267 0.067 0.163 0.141 -0.06 -0.81 -0.259 1.068 0.622 -0.042 0.658 0.948 0.674 0.077 -0.194 -0.622 -1.069 -1.279 -0.968 -0.695 -0.977 -1.436 -1.791 -1.385 -0.951 -0.931 -1.279 -1.471 -1.373 -0.916 -0.366 -0.298 -0.54 -0.334 -0.078 0.159 0.505 0.72 0.042 -0.486 -1.058 -1.11 -0.959 -0.965 -0.598 -0.729 -0.269 -0.014 0.235 0.361 0.156 0.3 0.238 0.236 0.103 0.105 0.312 0.422 0.131 -0.199 -0.821 -1.198
0.625 0.379 -0.164 -0.38 -0.598 -0.784 -0.838 -0.879 -1.002 -0.84 -0.776 -0.775 -0.61 -0.496 -0.425 -0.283 -0.038 0.073 -0.377 -0.502 -0.336 -0.886 -0.154 0.968 0.199 -0.577 0.129 0.639 0.876 0.621 0.355 -0.26 -0.878 -1.405 -1.394 -1.299 -1.219 -1.402 -1.766 -1.656 -0.971 -0.611 -0.662 -1.069 -1.22 -0.968 -0.66 -0.351 0.081 0.301 0.467 0.425 0.498 0.298 -0.233 -0.707 -0.871 -0.707 -0.596 -0.55 -0.506 -0.392 -0.156 0.127 0.133 -0.163 -0.164 0.113 -0.242 -0.036 -0.292 -0.211 0.175 0.284 -0.286 -0.255 -0.771 -1.223
0.068 -0.133 -0.134 -0.186 -0.413 -0.59 -0.594 -0.464 -0.678 -0.634 -0.557 -0.389 -0.302 -0.129 -0.128 -0.249 -0.183 -0.378 -1.118 -1.078 -0.888 -0.761 -0.113 0.683 -0.119 -1.002 -0.543 -0.08 0.535 0.788 0.741 0.134 -0.52 -1.275 -1.621 -1.741 -1.483 -1.527 -1.925 -2.054 -1.497 -0.947 -0.5 -0.418 -0.657 -0.534 -0.257 0.023 0.191 0.077 -0.069 -0.309 0.26 -0.167 -0.619 -0.695 -0.436 -0.522 -0.791 -0.505 -0.394 -0.071 0.085 -0.178 -0.399 -0.641 -0.167 -0.169 -0.586 -0.297 -0.68 -0.438 0.199 0.14 -0.576 -0.386 -0.71 -1.185
0.049 0.075 0.298 0.239 0.141 0.136 -0.04 -0.065 -0.135 -0.062 -0.25 -0.018 0.104 0.192 0.096 -0.371 -1.154 -1.26 -1.576 -1.49 -1.407 -0.864 -0.272 0.367 -0.062 -0.819 -1.069 -0.521 -0.041 0.216 0.585 0.335 -0.663 -1.247 -1.352 -1.876 -1.675 -1.658 -1.965 -2.157 -1.929 -1.311 -0.882 -0.434 -0.125 -0.108 -0.052 -0.188 -0.42 -0.652 -0.769 -0.52 0.079 0.068 -0.263 -0.281 -0.489 -0.904 -1.081 -0.577 -0.195 -0.249 -0.217 -0.733 -0.817 -0.706 -0.197 -0.484 -0.822 -0.632 -0.85 -0.47 0.153 0.06 -0.47 -0.58 -0.631 -1.054
0.733 0.824 0.927 0.945 0.884 0.843 0.694 0.485 0.463 0.405 0.18 0.343 0.452 0.456 0.143 -0.921 -1.944 -2.065 -1.933 -1.756 -1.636 -1.075 -0.647 -0.227 -0.221 -0.378 -0.868 -1.226 -0.89 -0.501 0.18 0.339 -0.646 -1.055 -1.128 -1.799 -1.906 -1.739 -1.807 -2.092 -1.938 -1.355 -0.729 -0.521 -0.735 -0.581 -0.81 -0.995 -1.097 -1.051 -0.657 -0.136 0.296 0.305 0.103 -0.144 -0.535 -1.061 -1.098 -0.764 -0.566 -0.686 -0.289 -0.96 -1.026 -0.622 -0.294 -0.733 -0.981 -0.91 -0.657 -0.136 0.118 -0.187 -0.508 -0.794 -0.873 -1.263
