data/climatemaps/RS_maps/climate_winter_pr_2002.asc
NCOLS 369 
NROWS 228 
XLLCORNER 479000 
YLLCORNER 73000 
CELLSIZE 1000 
NODATA_value -9 
[rows 0 to 33 of 228, columns 225 to 299 of 369]
-1.136 -9 -9 -9 -9 -9 -9 -9 -9 -9 -9 -9 -9 -9 -9 -9 -9 -9 -9 -9 -9 -9 -9 -9 -9 -9 -9 -9 -9 -9 -9 -9 -9 -9 -9 -9 -9 -9 -9 -9 -9 -9 -9 -9 -9 -9 -9 -9 -9 -9 -9 -9 -9 -9 -9 -9 -9 -9 -9 -9 -9 -9 -9 -9 -9 -9 -9 -9 -9 -9 -9 -9 -9 -9 -9
-1.17 -1.157 -1.145 -1.133 -9 -9 -9 -9 -9 -9 -9 -9 -9 -9 -9 -9 -9 -9 -9 -9 -9 -9 -9 -9 -9 -9 -9 -9 -9 -9 -9 -9 -9 -9 -9 -9 -9 -9 -9 -9 -9 -9 -9 -9 -9 -9 -9 -9 -9 -9 -9 -9 -9 -9 -9 -9 -9 -9 -9 -9 -9 -9 -9 -9 -9 -9 -9 -9 -9 -9 -9 -9 -9 -9 -9
-1.193 -1.185 -1.177 -1.165 -1.152 -9 -9 -9 -9 -9 -9 -9 -9 -9 -9 -9 -9 -9 -9 -9 -9 -9 -9 -9 -9 -9 -9 -9 -9 -9 -9 -9 -9 -9 -9 -9 -9 -9 -9 -9 -9 -9 -9 -9 -9 -9 -9 -9 -9 -9 -9 -9 -9 -9 -9 -9 -9 -9 -9 -9 -9 -9 -9 -9 -9 -9 -9 -9 -9 -9 -9 -9 -9 -9 -9
-1.202 -1.202 -1.199 -1.19 -1.174 -1.154 -1.135 -9 -9 -9 -9 -9 -9 -9 -9 -9 -9 -9 -9 -9 -9 -9 -9 -9 -9 -9 -9 -9 -9 -9 -9 -9 -9 -9 -9 -9 -9 -9 -9 -9 -9 -9 -9 -9 -9 -9 -9 -9 -9 -9 -9 -9 -9 -9 -9 -9 -9 -9 -9 -9 -9 -9 -9 -9 -9 -9 -9 -9 -9 -9 -9 -9 -9 -9 -9
-1.199 -1.208 -1.21 -1.203 -1.188 -1.166 -1.142 -1.113 -9 -9 -9 -9 -9 -9 -9 -9 -9 -9 -9 -9 -9 -9 -9 -9 -9 -9 -9 -9 -9 -9 -9 -9 -9 -9 -9 -9 -9 -9 -9 -9 -9 -9 -9 -9 -9 -9 -9 -9 -9 -9 -9 -9 -9 -9 -9 -9 -9 -9 -9 -9 -9 -9 -9 -9 -9 -9 -9 -9 -9 -9 -9 -9 -9 -9 -9
-1.184 -1.201 -1.21 -1.206 -1.191 -1.168 -1.143 -1.117 -1.092 -9 -9 -9 -9 -9 -9 -9 -9 -9 -9 -9 -9 -9 -9 -9 -9 -9 -9 -9 -9 -9 -9 -9 -9 -9 -9 -9 -9 -9 -9 -9 -9 -9 -9 -9 -9 -9 -9 -9 -9 -9 -9 -9 -9 -9 -9 -9 -9 -9 -9 -9 -9 -9 -9 -9 -9 -9 -9 -9 -9 -9 -9 -9 -9 -9 -9
-1.163 -1.188 -1.202 -1.202 -1.188 -1.163 -1.142 -1.121 -1.096 -1.081 -9 -1.089 -1.092 -1.1 -1.102 -1.103 -1.116 -1.137 -1.157 -1.171 -1.17 -1.153 -9 -9 -9 -9 -9 -9 -9 -9 -9 -9 -9 -9 -9 -9 -9 -9 -9 -9 -9 -9 -9 -9 -9 -9 -9 -9 -9 -9 -9 -9 -9 -9 -9 -9 -9 -9 -9 -9 -9 -9 -9 -9 -9 -9 -9 -9 -9 -9 -9 -9 -9 -9 -9
-1.143 -1.172 -1.192 -1.194 -1.182 -1.163 -1.146 -1.129 -1.11 -1.096 -1.092 -1.092 -1.088 -1.087 -1.084 -1.078 -1.082 -1.102 -1.129 -1.151 -1.162 -1.161 -1.143 -1.117 -1.093 -1.074 -9 -9 -9 -9 -9 -9 -9 -9 -9 -9 -9 -9 -9 -9 -9 -9 -9 -9 -9 -9 -9 -9 -9 -9 -9 -9 -9 -9 -9 -9 -9 -9 -9 -9 -9 -9 -9 -9 -9 -9 -9 -9 -9 -9 -9 -9 -9 -9 -9
-1.13 -1.159 -1.18 -1.185 -1.179 -1.167 -1.153 -1.143 -1.132 -1.123 -1.117 -1.114 -1.107 -1.098 -1.087 -1.075 -1.068 -1.073 -1.093 -1.12 -1.139 -1.15 -1.149 -1.138 -1.124 -1.11 -1.093 -1.08 -1.072 -1.058 -1.041 -1.023 -1.009 -1.007 -1.007 -9 -9 -9 -9 -9 -9 -9 -9 -9 -9 -9 -9 -9 -9 -9 -9 -9 -9 -9 -9 -9 -9 -9 -9 -9 -9 -9 -9 -9 -9 -9 -9 -9 -9 -9 -9 -9 -9 -9 -9
-1.123 -1.151 -1.17 -1.178 -1.177 -1.169 -1.161 -1.158 -1.155 -1.151 -1.147 -1.141 -1.136 -1.125 -1.108 -1.089 -1.072 -1.064 -1.068 -1.084 -1.106 -1.128 -1.14 -1.145 -1.143 -1.136 -1.123 -1.109 -1.096 -1.082 -1.063 -1.042 -1.02 -1.009 -1.005 -0.999 -0.983 -0.946 -0.899 -9 -9 -9 -9 -9 -9 -9 -9 -9 -9 -9 -9 -9 -9 -9 -9 -9 -9 -9 -9 -9 -9 -9 -9 -9 -9 -9 -9 -9 -9 -9 -9 -9 -9 -9 -9
-1.121 -1.145 -1.162 -1.17 -1.171 -1.168 -1.167 -1.17 -1.174 -1.176 -1.174 -1.169 -1.162 -1.153 -1.137 -1.117 -1.096 -1.076 -1.065 -1.067 -1.078 -1.097 -1.12 -1.135 -1.142 -1.143 -1.14 -1.13 -1.116 -1.101 -1.081 -1.058 -1.032 -1.014 -1.004 -0.998 -0.987 -0.96 -0.917 -0.867 -0.815 -9 -9 -9 -9 -9 -9 -9 -9 -9 -9 -9 -9 -9 -9 -9 -9 -9 -9 -9 -9 -9 -9 -9 -9 -9 -9 -9 -9 -9 -9 -9 -9 -9 -9
-1.122 -1.14 -1.153 -1.159 -1.161 -1.164 -1.169 -1.177 -1.185 -1.191 -1.193 -1.191 -1.186 -1.177 -1.16 -1.14 -1.12 -1.097 -1.076 -1.067 -1.068 -1.077 -1.097 -1.117 -1.128 -1.136 -1.139 -1.138 -1.131 -1.117 -1.097 -1.074 -1.045 -1.02 -1.001 -0.992 -0.983 -0.966 -0.933 -0.886 -0.832 -0.771 -0.707 -9 -9 -9 -9 -9 -9 -9 -9 -9 -9 -9 -9 -9 -9 -9 -9 -9 -9 -9 -9 -9 -9 -9 -9 -9 -9 -9 -9 -9 -9 -9 -9
-1.12 -1.134 -1.139 -1.14 -1.143 -1.149 -1.159 -1.172 -1.184 -1.194 -1.199 -1.201 -1.2 -1.194 -1.179 -1.16 -1.141 -1.122 -1.102 -1.087 -1.079 -1.078 -1.086 -1.097 -1.108 -1.12 -1.129 -1.132 -1.131 -1.124 -1.107 -1.08 -1.048 -1.018 -0.994 -0.98 -0.971 -0.961 -0.94 -0.902 -0.854 -0.796 -0.733 -0.674 -0.63 -9 -9 -9 -9 -9 -9 -9 -9 -9 -9 -9 -9 -9 -9 -9 -9 -9 -9 -9 -9 -9 -9 -9 -9 -9 -9 -9 -9 -9 -9
-1.115 -1.122 -1.12 -1.115 -1.112 -1.118 -1.133 -1.151 -1.168 -1.182 -1.192 -1.198 -1.201 -1.2 -1.193 -1.179 -1.162 -1.144 -1.128 -1.112 -1.097 -1.09 -1.084 -1.084 -1.09 -1.099 -1.113 -1.12 -1.122 -1.118 -1.104 -1.073 -1.034 -0.999 -0.975 -0.96 -0.952 -0.947 -0.936 -0.911 -0.874 -0.829 -0.776 -0.722 -0.679 -0.658 -0.657 -9 -9 -9 -9 -9 -9 -9 -9 -9 -9 -9 -9 -9 -9 -9 -9 -9 -9 -9 -9 -9 -9 -9 -9 -9 -9 -9 -9
-1.105 -1.104 -1.095 -1.083 -1.075 -1.078 -1.092 -1.112 -1.133 -1.153 -1.169 -1.182 -1.19 -1.194 -1.192 -1.185 -1.175 -1.162 -1.149 -1.134 -1.12 -1.104 -1.092 -1.085 -1.08 -1.082 -1.096 -1.104 -1.109 -1.107 -1.094 -1.063 -1.022 -0.98 -0.949 -0.935 -0.929 -0.928 -0.924 -0.907 -0.883 -0.853 -0.814 -0.772 -0.732 -0.705 -0.688 -0.686 -0.689 -9 -9 -9 -9 -9 -9 -9 -9 -9 -9 -9 -9 -9 -9 -9 -9 -9 -9 -9 -9 -9 -9 -9 -9 -9 -9
-1.089 -1.08 -1.062 -1.041 -1.024 -1.023 -1.035 -1.056 -1.08 -1.104 -1.126 -1.15 -1.167 -1.178 -1.181 -1.179 -1.175 -1.169 -1.161 -1.152 -1.14 -1.124 -1.109 -1.095 -1.084 -1.076 -1.085 -1.092 -1.095 -1.094 -1.085 -1.06 -1.02 -0.976 -0.939 -0.917 -0.909 -0.908 -0.908 -0.898 -0.881 -0.862 -0.836 -0.806 -0.769 -0.739 -0.714 -0.702 -0.697 -0.693 -0.688 -9 -9 -9 -9 -9 -9 -9 -9 -9 -9 -9 -9 -9 -9 -9 -9 -9 -9 -9 -9 -9 -9 -9 -9
-1.068 -1.05 -1.023 -0.993 -0.966 -0.955 -0.959 -0.977 -1.006 -1.039 -1.069 -1.105 -1.135 -1.154 -1.161 -1.162 -1.161 -1.159 -1.158 -1.156 -1.15 -1.139 -1.125 -1.111 -1.096 -1.081 -1.078 -1.083 -1.084 -1.082 -1.074 -1.056 -1.024 -0.984 -0.945 -0.917 -0.901 -0.894 -0.89 -0.884 -0.873 -0.862 -0.846 -0.826 -0.798 -0.766 -0.738 -0.718 -0.707 -0.699 -0.691 -0.691 -0.692 -9 -9 -9 -9 -9 -9 -9 -9 -9 -9 -9 -9 -9 -9 -9 -9 -9 -9 -9 -9 -9 -9
-1.056 -1.031 -1.002 -0.965 -0.928 -0.907 -0.898 -0.909 -0.934 -0.972 -1.017 -1.062 -1.099 -1.122 -1.131 -1.132 -1.131 -1.132 -1.135 -1.141 -1.143 -1.14 -1.132 -1.121 -1.107 -1.09 -1.078 -1.076 -1.074 -1.073 -1.064 -1.049 -1.026 -0.996 -0.96 -0.929 -0.904 -0.888 -0.876 -0.87 -0.863 -0.856 -0.849 -0.836 -0.815 -0.784 -0.757 -0.733 -0.716 -0.706 -0.698 -0.691 -0.688 -0.687 -9 -9 -9 -9 -9 -9 -9 -9 -9 -9 -9 -9 -9 -9 -9 -9 -9 -9 -9 -9 -9
-1.042 -1.016 -0.985 -0.947 -0.911 -0.886 -0.872 -0.874 -0.895 -0.932 -0.981 -1.033 -1.068 -1.086 -1.088 -1.084 -1.081 -1.086 -1.094 -1.107 -1.117 -1.124 -1.124 -1.12 -1.11 -1.097 -1.083 -1.073 -1.067 -1.065 -1.056 -1.043 -1.024 -1 -0.973 -0.945 -0.919 -0.895 -0.877 -0.867 -0.858 -0.852 -0.849 -0.839 -0.821 -0.793 -0.768 -0.742 -0.723 -0.711 -0.7 -0.69 -0.682 -0.677 -0.667 -0.648 -9 -9 -9 -9 -9 -9 -9 -9 -9 -9 -9 -9 -9 -9 -9 -9 -9 -9 -9
-1.023 -0.998 -0.972 -0.942 -0.915 -0.891 -0.878 -0.878 -0.897 -0.93 -0.973 -1.014 -1.037 -1.04 -1.029 -1.014 -1.008 -1.014 -1.032 -1.054 -1.075 -1.091 -1.1 -1.103 -1.099 -1.092 -1.082 -1.072 -1.061 -1.057 -1.048 -1.036 -1.02 -0.999 -0.977 -0.954 -0.932 -0.91 -0.888 -0.871 -0.859 -0.851 -0.845 -0.836 -0.82 -0.795 -0.77 -0.745 -0.725 -0.711 -0.699 -0.687 -0.675 -0.666 -0.651 -0.629 -0.592 -9 -9 -9 -9 -9 -9 -9 -9 -9 -9 -9 -9 -9 -9 -9 -9 -9 -9
-0.998 -0.981 -0.958 -0.941 -0.928 -0.91 -0.9 -0.902 -0.917 -0.941 -0.968 -0.991 -0.995 -0.978 -0.952 -0.928 -0.916 -0.925 -0.95 -0.981 -1.012 -1.038 -1.057 -1.07 -1.074 -1.074 -1.07 -1.064 -1.055 -1.048 -1.038 -1.027 -1.012 -0.995 -0.976 -0.956 -0.936 -0.916 -0.896 -0.877 -0.861 -0.849 -0.839 -0.828 -0.814 -0.794 -0.769 -0.744 -0.725 -0.71 -0.697 -0.681 -0.667 -0.655 -0.636 -0.61 -0.568 -0.506 -9 -9 -9 -9 -9 -9 -9 -9 -9 -9 -9 -9 -9 -9 -9 -9 -9
-0.963 -0.951 -0.94 -0.933 -0.928 -0.922 -0.917 -0.92 -0.924 -0.931 -0.941 -0.947 -0.936 -0.908 -0.873 -0.843 -0.828 -0.838 -0.865 -0.897 -0.931 -0.962 -0.993 -1.018 -1.032 -1.041 -1.043 -1.043 -1.038 -1.031 -1.023 -1.013 -1.001 -0.986 -0.97 -0.952 -0.934 -0.915 -0.896 -0.877 -0.859 -0.845 -0.831 -0.819 -0.804 -0.787 -0.766 -0.743 -0.723 -0.708 -0.693 -0.676 -0.658 -0.644 -0.621 -0.591 -0.545 -0.484 -0.413 -9 -9 -9 -9 -9 -9 -9 -9 -9 -9 -9 -9 -9 -9 -9 -9
-0.915 -0.902 -0.896 -0.899 -0.902 -0.907 -0.909 -0.906 -0.893 -0.89 -0.89 -0.89 -0.876 -0.845 -0.811 -0.781 -0.769 -0.773 -0.794 -0.825 -0.856 -0.885 -0.917 -0.948 -0.973 -0.99 -1.001 -1.007 -1.007 -1.004 -0.999 -0.992 -0.982 -0.971 -0.957 -0.943 -0.926 -0.909 -0.891 -0.873 -0.854 -0.838 -0.823 -0.808 -0.793 -0.776 -0.757 -0.738 -0.72 -0.704 -0.688 -0.671 -0.652 -0.634 -0.607 -0.573 -0.532 -0.476 -0.412 -0.353 -0.305 -9 -9 -9 -9 -9 -9 -9 -9 -9 -9 -9 -9 -9 -9
-0.872 -0.849 -0.842 -0.848 -0.853 -0.858 -0.867 -0.865 -0.849 -0.846 -0.846 -0.843 -0.832 -0.809 -0.782 -0.758 -0.748 -0.749 -0.761 -0.778 -0.802 -0.826 -0.852 -0.879 -0.905 -0.926 -0.942 -0.954 -0.961 -0.963 -0.964 -0.961 -0.956 -0.948 -0.938 -0.927 -0.914 -0.899 -0.883 -0.866 -0.848 -0.831 -0.815 -0.799 -0.783 -0.766 -0.748 -0.73 -0.713 -0.697 -0.682 -0.666 -0.646 -0.624 -0.594 -0.561 -0.526 -0.482 -0.426 -0.365 -0.299 -0.248 -9 -9 -9 -9 -9 -9 -9 -9 -9 -9 -9 -9 -9
-0.852 -0.819 -0.804 -0.805 -0.807 -0.809 -0.817 -0.818 -0.813 -0.814 -0.818 -0.819 -0.812 -0.801 -0.785 -0.772 -0.763 -0.762 -0.767 -0.775 -0.786 -0.796 -0.809 -0.827 -0.846 -0.866 -0.88 -0.893 -0.901 -0.908 -0.913 -0.916 -0.918 -0.917 -0.913 -0.906 -0.896 -0.885 -0.871 -0.856 -0.839 -0.823 -0.807 -0.791 -0.774 -0.758 -0.74 -0.723 -0.706 -0.69 -0.675 -0.659 -0.64 -0.616 -0.586 -0.557 -0.527 -0.486 -0.421 -0.353 -0.291 -0.231 -0.186 -0.15 -9 -9 -9 -9 -9 -9 -9 -9 -9 -9 -9
-0.859 -0.82 -0.794 -0.78 -0.775 -0.77 -0.773 -0.783 -0.788 -0.795 -0.807 -0.815 -0.82 -0.821 -0.819 -0.814 -0.812 -0.81 -0.807 -0.804 -0.798 -0.792 -0.79 -0.794 -0.801 -0.812 -0.823 -0.834 -0.841 -0.847 -0.855 -0.863 -0.871 -0.877 -0.88 -0.879 -0.875 -0.867 -0.856 -0.843 -0.829 -0.814 -0.799 -0.783 -0.767 -0.751 -0.734 -0.717 -0.7 -0.684 -0.669 -0.653 -0.635 -0.612 -0.585 -0.56 -0.53 -0.492 -0.431 -0.365 -0.301 -0.24 -0.192 -0.155 -0.123 -9 -9 -9 -9 -9 -9 -9 -9 -9 -9
-0.88 -0.847 -0.818 -0.789 -0.77 -0.755 -0.756 -0.771 -0.781 -0.798 -0.816 -0.832 -0.847 -0.858 -0.868 -0.872 -0.873 -0.87 -0.861 -0.849 -0.831 -0.81 -0.79 -0.776 -0.769 -0.767 -0.773 -0.78 -0.787 -0.793 -0.8 -0.81 -0.821 -0.832 -0.841 -0.847 -0.848 -0.844 -0.837 -0.827 -0.815 -0.803 -0.79 -0.776 -0.761 -0.746 -0.729 -0.713 -0.697 -0.681 -0.665 -0.649 -0.631 -0.609 -0.586 -0.562 -0.534 -0.501 -0.453 -0.39 -0.327 -0.266 -0.215 -0.174 -0.141 -9 -9 -9 -9 -9 -9 -9 -9 -9 -9
-0.896 -0.875 -0.849 -0.827 -0.806 -0.788 -0.784 -0.79 -0.805 -0.828 -0.846 -0.865 -0.883 -0.897 -0.908 -0.915 -0.919 -0.918 -0.909 -0.891 -0.863 -0.828 -0.79 -0.759 -0.74 -0.73 -0.732 -0.739 -0.745 -0.749 -0.753 -0.762 -0.774 -0.786 -0.801 -0.811 -0.816 -0.819 -0.815 -0.809 -0.801 -0.791 -0.78 -0.769 -0.755 -0.741 -0.726 -0.71 -0.695 -0.678 -0.662 -0.646 -0.628 -0.608 -0.586 -0.562 -0.538 -0.512 -0.471 -0.417 -0.358 -0.301 -0.246 -0.202 -0.167 -0.134 -9 -9 -9 -9 -9 -9 -9 -9 -9
-0.91 -0.895 -0.875 -0.856 -0.845 -0.836 -0.833 -0.836 -0.849 -0.864 -0.879 -0.891 -0.902 -0.913 -0.925 -0.937 -0.945 -0.949 -0.942 -0.918 -0.877 -0.833 -0.785 -0.744 -0.72 -0.712 -0.712 -0.717 -0.721 -0.722 -0.723 -0.73 -0.739 -0.749 -0.763 -0.774 -0.783 -0.788 -0.79 -0.788 -0.784 -0.777 -0.77 -0.76 -0.75 -0.736 -0.722 -0.708 -0.692 -0.676 -0.66 -0.643 -0.625 -0.605 -0.585 -0.563 -0.542 -0.519 -0.487 -0.44 -0.391 -0.337 -0.281 -0.235 -0.198 -0.164 -0.128 -9 -9 -9 -9 -9 -9 -9 -9
-0.932 -0.92 -0.905 -0.893 -0.885 -0.878 -0.877 -0.88 -0.885 -0.89 -0.892 -0.891 -0.89 -0.895 -0.907 -0.925 -0.942 -0.953 -0.954 -0.935 -0.893 -0.844 -0.796 -0.752 -0.727 -0.72 -0.72 -0.721 -0.721 -0.718 -0.715 -0.717 -0.722 -0.73 -0.741 -0.749 -0.756 -0.761 -0.763 -0.764 -0.764 -0.762 -0.758 -0.751 -0.742 -0.731 -0.718 -0.704 -0.689 -0.674 -0.657 -0.639 -0.62 -0.602 -0.582 -0.563 -0.544 -0.523 -0.497 -0.461 -0.419 -0.371 -0.318 -0.27 -0.231 -0.199 -0.163 -9 -9 -9 -9 -9 -9 -9 -9
-0.96 -0.952 -0.942 -0.934 -0.925 -0.918 -0.914 -0.911 -0.906 -0.896 -0.877 -0.855 -0.836 -0.834 -0.847 -0.873 -0.904 -0.928 -0.94 -0.938 -0.916 -0.874 -0.83 -0.793 -0.768 -0.758 -0.754 -0.751 -0.746 -0.737 -0.727 -0.722 -0.72 -0.724 -0.733 -0.74 -0.742 -0.743 -0.739 -0.74 -0.742 -0.745 -0.745 -0.74 -0.733 -0.724 -0.712 -0.699 -0.685 -0.67 -0.653 -0.635 -0.616 -0.597 -0.579 -0.561 -0.543 -0.525 -0.503 -0.474 -0.439 -0.396 -0.347 -0.3 -0.261 -0.228 -0.195 -9 -9 -9 -9 -9 -9 -9 -9
-0.963 -0.96 -0.955 -0.95 -0.945 -0.939 -0.934 -0.924 -0.907 -0.879 -0.836 -0.792 -0.76 -0.754 -0.77 -0.802 -0.844 -0.883 -0.907 -0.918 -0.912 -0.892 -0.864 -0.838 -0.817 -0.804 -0.795 -0.785 -0.772 -0.757 -0.741 -0.731 -0.725 -0.725 -0.729 -0.733 -0.734 -0.732 -0.726 -0.725 -0.728 -0.73 -0.732 -0.729 -0.723 -0.715 -0.705 -0.694 -0.68 -0.666 -0.649 -0.631 -0.612 -0.593 -0.575 -0.558 -0.541 -0.525 -0.505 -0.481 -0.449 -0.409 -0.364 -0.32 -0.28 -0.245 -0.216 -0.181 -0.136 -9 -9 -9 -9 -9 -9
-0.95 -0.95 -0.948 -0.947 -0.944 -0.942 -0.934 -0.916 -0.89 -0.854 -0.804 -0.751 -0.708 -0.695 -0.712 -0.747 -0.793 -0.833 -0.861 -0.879 -0.883 -0.878 -0.866 -0.85 -0.837 -0.825 -0.813 -0.8 -0.784 -0.768 -0.748 -0.733 -0.722 -0.717 -0.717 -0.719 -0.721 -0.721 -0.717 -0.716 -0.717 -0.718 -0.719 -0.717 -0.712 -0.705 -0.697 -0.686 -0.674 -0.66 -0.643 -0.626 -0.608 -0.59 -0.573 -0.557 -0.54 -0.524 -0.506 -0.483 -0.453 -0.414 -0.371 -0.327 -0.286 -0.252 -0.223 -0.193 -0.154 -0.096 -9 -9 -9 -9 -9
-0.925 -0.925 -0.923 -0.921 -0.921 -0.927 -0.921 -0.904 -0.877 -0.843 -0.797 -0.742 -0.692 -0.669 -0.679 -0.713 -0.755 -0.787 -0.811 -0.826 -0.835 -0.835 -0.833 -0.829 -0.824 -0.818 -0.808 -0.793 -0.778 -0.761 -0.737 -0.713 -0.698 -0.693 -0.693 -0.695 -0.699 -0.7 -0.701 -0.701 -0.702 -0.703 -0.704 -0.703 -0.699 -0.694 -0.686 -0.677 -0.665 -0.652 -0.637 -0.621 -0.604 -0.587 -0.572 -0.556 -0.54 -0.524 -0.506 -0.484 -0.454 -0.416 -0.372 -0.327 -0.285 -0.25 -0.22 -0.193 -0.157 -0.099 0.02 0.25 -9 -9 -9
