data/climatemaps/RS_maps/climate_winter_tmin_2014.asc
NCOLS 369 
NROWS 228 
XLLCORNER 479000 
YLLCORNER 73000 
CELLSIZE 1000 
NODATA_value -9 
[rows 136 to 169 of 228, columns 77 to 153 of 369]
0.918 0.838 0.78 0.733 0.748 0.765 0.759 0.742 0.711 0.684 0.626 0.597 0.637 0.683 0.695 0.686 0.65 0.708 0.663 0.445 0.151 0.213 0.403 0.405 0.222 0.018 -0.045 -0.013 -0.272 -0.373 -0.338 -0.329 -0.289 -0.432 -0.519 -0.567 -0.241 -0.143 -0.087 0.155 0.317 0.34 0.145 0.064 0.018 -0.206 -0.166 -0.326 -0.412 -0.383 -0.195 -0.088 0.122 0.383 0.197 -0.074 -0.354 -0.6 -0.64 -0.447 -0.28 -0.016 0.375 0.617 0.484 0.352 0.226 0.155 0.058 -0.017 -0.007 -0.257 -0.323 0.055 0 -0.407 -0.27
0.906 0.833 0.761 0.74 0.733 0.733 0.741 0.72 0.713 0.7 0.685 0.676 0.681 0.683 0.678 0.672 0.648 0.701 0.674 0.428 0.277 0.397 0.475 0.402 0.223 0.004 -0.164 -0.154 -0.376 -0.434 -0.372 -0.188 -0.244 -0.168 -0.313 -0.393 -0.159 0.099 0.218 0.354 0.266 0.103 -0.14 -0.164 -0.151 -0.427 -0.358 -0.467 -0.461 -0.372 -0.288 0.002 0.239 0.283 0.042 -0.221 -0.488 -0.818 -0.603 -0.292 -0.006 0.185 0.521 0.603 0.424 0.201 0.01 0.009 0.121 -0.015 -0.351 -0.485 -0.239 -0.003 -0.324 -0.729 -0.547
0.882 0.831 0.786 0.749 0.731 0.725 0.727 0.718 0.701 0.689 0.669 0.665 0.663 0.664 0.669 0.67 0.66 0.688 0.676 0.482 0.475 0.487 0.456 0.419 0.282 0.078 0.028 -0.204 -0.38 -0.214 -0.08 0.083 0.024 0.024 -0.237 -0.435 -0.222 0.068 0.263 0.363 0.098 -0.106 -0.307 -0.375 -0.389 -0.485 -0.312 -0.211 -0.207 -0.105 0.002 0.188 0.165 0.124 -0.118 -0.345 -0.657 -0.727 -0.407 -0.089 0.173 0.455 0.594 0.555 0.323 -0.053 -0.263 -0.288 0.019 -0.152 -0.298 -0.495 -0.393 -0.173 -0.557 -0.83 -0.652
0.876 0.833 0.78 0.766 0.736 0.743 0.732 0.696 0.622 0.59 0.604 0.607 0.616 0.639 0.676 0.677 0.662 0.676 0.665 0.553 0.472 0.385 0.267 0.138 0.251 0.29 0.24 -0.01 0.031 0.171 0.162 0.108 0.111 0.124 -0.235 -0.387 -0.241 -0.005 0.228 0.324 -0.024 -0.236 -0.379 -0.555 -0.442 -0.277 -0.193 -0.212 -0.048 0.071 0.065 0.029 -0.053 0 -0.345 -0.627 -0.844 -0.596 -0.242 0.117 0.431 0.552 0.471 0.42 0.312 -0.104 -0.386 -0.376 -0.343 -0.609 -0.396 -0.381 -0.642 -0.498 -0.824 -0.874 -0.534
0.875 0.799 0.783 0.807 0.783 0.762 0.709 0.603 0.476 0.435 0.484 0.539 0.517 0.589 0.683 0.692 0.684 0.696 0.595 0.329 0.134 0.088 0.249 -0.029 0.003 0.237 0.178 0.223 0.289 0.051 -0.084 -0.112 -0.207 0.014 -0.088 -0.202 -0.243 -0.042 0.212 0.263 -0.049 -0.338 -0.496 -0.602 -0.358 -0.418 -0.375 -0.443 0 -0.209 -0.252 -0.228 -0.091 -0.173 -0.49 -0.779 -0.781 -0.358 0.014 0.32 0.538 0.471 0.25 0.061 0.301 0.154 -0.044 -0.369 -0.793 -0.833 -0.519 -0.495 -1.006 -1.119 -1.016 -0.707 -0.47
0.856 0.826 0.837 0.802 0.787 0.75 0.623 0.446 0.316 0.334 0.444 0.443 0.302 0.494 0.613 0.669 0.663 0.672 0.409 -0.001 -0.174 -0.02 0.208 0.018 0.008 0.227 -0.111 -0.018 0.096 -0.213 -0.246 -0.328 -0.345 0.014 -0.086 -0.21 -0.215 0.029 0.213 0.261 0.005 -0.392 -0.62 -0.561 -0.455 -0.567 -0.512 -0.269 0.012 -0.303 -0.537 -0.5 -0.136 -0.39 -0.709 -0.762 -0.527 -0.173 0.242 0.455 0.531 0.336 -0.031 -0.228 0.112 0.357 0.1 -0.515 -0.746 -0.565 -0.716 -0.875 -1.071 -1.27 -1.116 -0.74 -0.871
0.894 0.887 0.841 0.799 0.778 0.698 0.506 0.314 0.273 0.409 0.462 0.314 0.229 0.382 0.512 0.616 0.628 0.636 0.356 0.134 -0.103 -0.084 0.159 -0.008 -0.04 0.131 -0.309 -0.477 -0.391 -0.195 -0.398 -0.426 -0.164 -0.029 -0.266 -0.354 -0.194 0.017 0.063 0.211 0.04 -0.408 -0.525 -0.606 -0.565 -0.361 -0.18 0.004 -0.139 -0.565 -0.772 -0.549 -0.281 -0.435 -0.947 -0.808 -0.28 -0.036 0.286 0.456 0.509 0.214 -0.193 -0.493 -0.15 0.165 0.261 -0.017 -0.21 -0.415 -0.684 -0.653 -0.992 -1.19 -1.022 -0.892 -1.163
0.925 0.864 0.826 0.815 0.758 0.634 0.457 0.287 0.311 0.411 0.379 0.258 0.252 0.379 0.373 0.518 0.619 0.623 0.464 0.152 -0.216 -0.045 0.047 -0.314 -0.117 0.068 -0.458 -0.511 -0.368 -0.24 -0.482 -0.387 -0.091 -0.222 -0.445 -0.427 -0.184 -0.087 0.059 0.257 0.022 -0.219 -0.439 -0.616 -0.63 -0.699 -0.329 -0.029 -0.201 -0.404 -0.742 -0.78 -0.601 -0.394 -0.883 -0.582 -0.239 0.12 0.358 0.346 0.483 0.216 -0.158 -0.616 -0.364 -0.121 0.158 -0.268 -0.222 -0.175 -0.277 -0.469 -0.813 -1.102 -1.034 -1.151 -1.092
0.881 0.853 0.84 0.812 0.728 0.535 0.333 0.212 0.291 0.327 0.213 0.162 0.157 0.266 0.192 0.435 0.609 0.65 0.456 0.032 -0.225 0.041 -0.142 -0.397 -0.261 -0.085 -0.32 -0.411 -0.349 -0.462 -0.535 -0.279 -0.205 -0.474 -0.524 -0.338 -0.299 -0.199 0.132 0.264 0.039 -0.268 -0.553 -0.711 -0.768 -0.624 -0.195 -0.231 -0.196 -0.56 -0.709 -0.954 -0.786 -0.541 -0.757 -0.388 -0.027 0.222 0.175 0.02 0.446 0.239 -0.185 -0.64 -0.648 -0.295 0.078 -0.122 -0.398 -0.489 -0.604 -0.86 -1.087 -1.294 -1.281 -1.173 -0.915
0.889 0.854 0.831 0.795 0.684 0.439 0.225 0.176 0.288 0.221 0.047 -0.074 0.091 0.077 0.087 0.388 0.64 0.621 0.321 -0.033 -0.27 -0.112 -0.287 -0.543 -0.428 -0.157 -0.304 -0.523 -0.528 -0.554 -0.398 -0.264 -0.417 -0.585 -0.492 -0.436 -0.393 -0.231 0.158 0.247 -0.001 -0.251 -0.43 -0.633 -0.691 -0.476 -0.37 -0.497 -0.262 -0.5 -0.82 -1.004 -1.088 -0.959 -0.63 -0.212 0.15 0.152 -0.077 -0.18 0.391 0.272 -0.212 -0.795 -0.912 -0.582 -0.142 0.039 -0.149 -0.502 -0.996 -1.225 -1.327 -1.195 -1.113 -0.893 -0.671
0.904 0.846 0.819 0.779 0.653 0.433 0.27 0.213 0.287 0.13 -0.1 -0.112 0.071 0.054 0.173 0.518 0.631 0.535 0.162 -0.166 -0.363 -0.436 -0.508 -0.535 -0.286 -0.181 -0.391 -0.54 -0.373 -0.372 -0.458 -0.439 -0.51 -0.487 -0.367 -0.36 -0.339 -0.073 0.107 0.189 0.044 -0.19 -0.451 -0.675 -0.822 -0.753 -0.656 -0.674 -0.409 -0.443 -0.815 -0.961 -1.066 -0.857 -0.435 -0.088 0.177 -0.053 -0.364 -0.486 0.21 0.284 -0.241 -0.768 -1.074 -0.943 -0.497 -0.329 -0.268 -0.315 -0.706 -1.158 -1.389 -1.043 -0.748 -0.603 -0.445
0.922 0.856 0.822 0.771 0.657 0.525 0.431 0.326 0.294 0.055 -0.051 0.134 0.24 0.178 0.394 0.596 0.56 0.402 0.12 -0.096 -0.397 -0.648 -0.623 -0.491 -0.245 -0.282 -0.48 -0.463 -0.273 -0.236 -0.481 -0.451 -0.451 -0.469 -0.288 -0.164 -0.121 0.005 -0.054 0.049 0.092 -0.393 -0.57 -0.772 -0.864 -0.787 -0.74 -0.836 -0.599 -0.449 -0.677 -0.942 -0.821 -0.565 -0.329 -0.021 0.07 -0.224 -0.636 -0.772 -0.115 0.275 -0.119 -0.547 -0.899 -1.011 -0.757 -0.685 -0.65 -0.492 -0.49 -0.889 -1.292 -1.132 -0.575 -0.392 -0.352
0.908 0.831 0.826 0.765 0.614 0.506 0.471 0.403 0.257 0.11 0.088 0.135 0.171 0.326 0.567 0.603 0.413 0.233 0.087 -0.152 -0.476 -0.674 -0.564 -0.423 -0.172 -0.377 -0.364 -0.428 -0.305 -0.184 -0.431 -0.474 -0.314 -0.288 -0.165 -0.079 -0.048 -0.156 -0.23 0.006 0.06 -0.413 -0.571 -0.682 -0.48 -0.458 -0.564 -0.78 -0.839 -0.708 -0.789 -0.987 -0.632 -0.373 -0.195 0.043 -0.123 -0.412 -0.727 -0.837 -0.427 0.172 0.111 -0.403 -0.774 -1.112 -1.104 -0.974 -1.012 -0.786 -0.585 -0.814 -1.323 -1.353 -0.615 -0.681 -0.858
0.818 0.805 0.848 0.761 0.544 0.344 0.378 0.325 0.21 0.12 0.002 -0.061 0.055 0.388 0.618 0.55 0.208 -0.019 -0.033 -0.211 -0.574 -0.522 -0.289 -0.134 -0.185 -0.257 -0.19 -0.425 -0.305 -0.138 -0.474 -0.4 -0.241 -0.122 -0.127 -0.199 -0.23 -0.439 -0.363 0.032 0.108 -0.195 -0.416 -0.418 -0.342 -0.563 -0.586 -0.598 -0.769 -1.006 -1.075 -0.771 -0.432 -0.287 -0.089 -0.012 -0.287 -0.558 -0.711 -0.888 -0.613 0.032 0.093 -0.561 -0.992 -1.166 -1.088 -1.155 -1.229 -1.216 -0.988 -0.833 -1.243 -1.575 -1.245 -1.332 -1.113
0.781 0.888 0.84 0.638 0.562 0.429 0.37 0.214 0.086 -0.037 -0.176 -0.042 0.216 0.463 0.595 0.405 0.003 -0.265 -0.203 -0.41 -0.603 -0.379 -0.068 0.046 -0.074 -0.052 -0.228 -0.421 -0.24 -0.097 -0.378 -0.206 -0.093 -0.12 -0.258 -0.431 -0.44 -0.66 -0.459 -0.092 0.121 0.043 -0.232 -0.227 -0.468 -0.71 -0.802 -0.877 -0.89 -1.109 -1.073 -0.674 -0.474 -0.338 -0.068 -0.127 -0.418 -0.655 -0.884 -1.038 -0.68 -0.061 0.039 -0.495 -0.733 -0.785 -0.689 -1.029 -1.278 -1.569 -1.433 -1.161 -1.246 -1.596 -1.383 -1.314 -0.963
0.897 0.953 0.767 0.437 0.436 0.428 0.308 0.243 0.139 -0.063 -0.03 0.149 0.343 0.53 0.545 0.263 0 -0.3 -0.481 -0.557 -0.383 -0.168 -0.094 -0.014 0.097 0.019 -0.069 -0.103 0.008 0.015 -0.08 -0.014 -0.022 -0.236 -0.451 -0.576 -0.59 -0.715 -0.491 -0.194 -0.079 0.004 0.044 -0.157 -0.406 -0.614 -0.909 -1.3 -1.147 -0.977 -0.736 -0.713 -0.546 -0.246 -0.074 -0.284 -0.562 -0.833 -1.05 -0.899 -0.475 -0.006 0.045 -0.201 -0.392 -0.413 -0.456 -1.043 -1.524 -1.807 -1.949 -1.818 -1.549 -1.438 -1.311 -1.266 -1.06
1.031 0.936 0.695 0.328 0.382 0.273 0.127 0.039 0.114 -0.126 -0.006 0.29 0.452 0.545 0.338 -0.054 -0.212 -0.408 -0.468 -0.375 -0.028 0.034 -0.148 -0.045 0.179 0.184 0.186 0.167 0.145 0.162 0.152 0.114 0.001 -0.343 -0.586 -0.573 -0.575 -0.608 -0.543 -0.332 -0.349 -0.298 0.04 -0.062 -0.442 -0.57 -0.766 -1.253 -1.047 -0.604 -0.416 -0.417 -0.33 -0.127 -0.188 -0.296 -0.594 -0.954 -1.069 -0.823 -0.406 0.028 -0.225 -0.413 -0.639 -0.788 -0.828 -1.1 -1.649 -2.079 -1.832 -1.575 -1.494 -1.554 -1.508 -1.648 -1.407
1.038 0.942 0.706 0.371 0.468 0.187 -0.031 -0.06 -0.056 -0.161 0.085 0.373 0.421 0.451 0.302 0.019 -0.124 -0.207 -0.252 0.053 0.226 0.204 0.086 0.193 0.243 0.143 0.017 0.003 -0.026 -0.088 0.081 0.143 0.047 -0.252 -0.316 -0.269 -0.298 -0.335 -0.534 -0.511 -0.578 -0.465 -0.155 0.025 -0.333 -0.675 -0.81 -1.13 -0.892 -0.54 -0.531 -0.313 -0.293 -0.145 -0.439 -0.409 -0.807 -1.211 -1.012 -0.643 -0.322 -0.117 -0.67 -1.009 -1.149 -1.411 -1.414 -1.424 -1.777 -1.652 -1.373 -1.387 -1.498 -1.637 -1.794 -1.941 -1.831
1.069 0.986 0.82 0.589 0.554 0.329 0.072 0.018 -0.212 -0.068 0.246 0.344 0.142 0.427 0.41 0.238 0.296 0.181 0.157 0.329 0.339 0.29 0.261 0.154 -0.092 -0.219 -0.313 -0.331 -0.384 -0.141 -0.145 0.073 0.094 -0.012 -0.134 -0.282 -0.489 -0.441 -0.584 -0.716 -0.639 -0.614 -0.293 0.06 -0.145 -0.416 -0.681 -0.965 -0.916 -0.737 -0.601 -0.384 -0.488 -0.221 -0.635 -1.002 -1.254 -1.416 -0.677 -0.499 -0.302 -0.445 -0.939 -1.274 -1.49 -1.722 -2.038 -1.728 -1.501 -1.232 -1.288 -1.505 -1.712 -1.801 -1.828 -1.711 -1.575
1.111 1.041 0.932 0.772 0.581 0.394 0.157 0.131 -0.136 -0.006 0.337 0.142 -0.159 0.091 0.3 0.381 0.375 0.342 0.383 0.333 0.166 0.055 0.033 -0.058 -0.477 -0.633 -0.75 -0.545 -0.33 -0.237 -0.317 0.01 0.057 0.002 -0.342 -0.452 -0.701 -0.785 -0.522 -0.929 -0.744 -0.73 -0.277 0.013 0.004 -0.233 -0.495 -0.778 -0.932 -0.669 -0.545 -0.5 -0.576 -0.285 -0.742 -1.387 -1.593 -1.093 -0.623 -0.851 -0.588 -0.278 -0.514 -0.779 -0.96 -1.308 -1.703 -1.251 -0.809 -1.092 -1.477 -1.761 -1.859 -1.721 -1.592 -1.432 -1.145
1.151 1.102 1.008 0.789 0.512 0.484 0.387 0.233 -0.082 0.01 0.18 0.137 -0.119 -0.102 -0.088 -0.008 0.034 0.188 0.251 0.128 -0.153 -0.199 -0.295 -0.206 -0.459 -0.791 -0.654 -0.466 -0.272 -0.351 -0.231 0.043 -0.156 -0.151 -0.325 -0.766 -0.791 -1.138 -0.612 -0.891 -0.9 -0.554 -0.292 -0.102 0.047 -0.226 -0.545 -0.752 -0.808 -0.691 -0.732 -0.764 -0.77 -0.51 -0.825 -1.144 -1.259 -0.874 -0.809 -0.804 -0.737 -0.849 -0.567 -0.544 -0.484 -0.703 -0.997 -0.717 -0.734 -1.313 -1.77 -1.755 -1.613 -1.46 -1.224 -1.314 -0.874
1.171 1.124 1.072 0.909 0.695 0.617 0.35 0.083 -0.208 -0.242 -0.059 0.128 0.015 -0.216 -0.339 -0.218 -0.111 -0.053 -0.023 0.117 -0.151 -0.413 -0.574 -0.385 -0.559 -0.822 -0.542 -0.442 -0.357 -0.278 -0.102 -0.027 -0.462 -0.292 -0.246 -0.819 -0.881 -1.162 -0.744 -0.87 -0.778 -0.538 -0.471 -0.315 0.012 -0.09 -0.447 -0.73 -0.88 -0.891 -0.908 -1.201 -1.03 -0.827 -0.992 -1.286 -1.243 -0.942 -0.926 -0.765 -1.009 -1.39 -1.283 -1.125 -0.946 -0.486 -0.558 -0.664 -1.179 -1.629 -1.737 -1.484 -1.162 -1.328 -0.951 -0.974 -0.697
1.16 1.138 1.114 1.043 0.825 0.542 0.315 -0.037 -0.328 -0.35 -0.187 -0.002 0.131 -0.175 -0.182 -0.094 -0.277 -0.273 -0.157 0.077 0.008 -0.306 -0.597 -0.626 -0.771 -0.836 -0.649 -0.48 -0.41 -0.448 -0.212 -0.108 -0.579 -0.381 -0.161 -0.534 -0.769 -0.991 -0.833 -0.887 -0.713 -0.705 -0.648 -0.355 -0.098 -0.05 -0.231 -0.518 -0.743 -0.902 -1.22 -1.216 -0.948 -0.907 -1.074 -1.353 -1.353 -1.202 -0.942 -0.988 -1.203 -1.675 -1.836 -1.652 -1.359 -0.864 -1.008 -1.303 -1.544 -1.587 -1.464 -1.243 -0.85 -0.876 -0.751 -0.574 -0.559
1.143 1.123 1.099 1.076 0.924 0.577 0.245 -0.03 -0.118 -0.25 -0.261 -0.235 -0.013 -0.01 -0.03 -0.058 -0.211 -0.241 -0.191 -0.145 -0.047 -0.087 -0.287 -0.365 -0.468 -0.714 -0.836 -0.717 -0.752 -0.684 -0.243 -0.132 -0.488 -0.537 -0.168 -0.265 -0.466 -0.663 -0.84 -0.891 -0.758 -0.792 -0.614 -0.276 -0.309 -0.312 -0.146 -0.252 -0.523 -0.873 -1.165 -1.275 -1.255 -1.189 -1.341 -1.539 -1.444 -1.214 -1.084 -1.413 -1.407 -1.742 -2.063 -2.11 -1.515 -1.298 -1.517 -1.684 -1.447 -1.222 -1.094 -0.92 -0.66 -0.469 -0.479 -0.618 -0.82
1.127 1.107 1.084 1.066 1.006 0.601 0.26 0.211 0.139 -0.218 -0.404 -0.292 -0.092 -0.042 -0.144 -0.182 -0.272 -0.216 -0.206 -0.375 -0.34 -0.173 -0.263 -0.339 -0.283 -0.66 -0.974 -0.75 -0.573 -0.473 -0.155 -0.149 -0.467 -0.582 -0.257 -0.173 -0.364 -0.579 -0.742 -0.897 -0.833 -0.719 -0.575 -0.34 -0.415 -0.646 -0.456 -0.37 -0.64 -1.201 -1.368 -1.623 -1.734 -1.647 -1.646 -1.647 -1.451 -1.177 -1.212 -1.642 -1.832 -1.681 -1.795 -1.817 -1.606 -1.468 -1.454 -1.38 -1.137 -0.901 -0.718 -0.502 -0.377 -0.471 -0.792 -1.101 -1.388
1.108 1.086 1.069 1.048 1.013 0.757 0.535 0.308 0.018 -0.302 -0.253 -0.157 -0.21 -0.2 -0.279 -0.388 -0.5 -0.275 -0.241 -0.401 -0.478 -0.339 -0.402 -0.665 -0.32 -0.613 -0.85 -0.5 -0.425 -0.395 -0.147 -0.157 -0.485 -0.567 -0.42 -0.19 -0.366 -0.653 -0.804 -0.946 -0.819 -0.68 -0.699 -0.589 -0.479 -0.826 -0.903 -0.76 -1.02 -1.444 -1.738 -1.984 -1.827 -1.747 -1.634 -1.496 -1.398 -1.172 -1.331 -1.588 -1.648 -1.38 -1.276 -1.423 -1.664 -1.338 -1.149 -0.956 -0.75 -0.546 -0.353 -0.28 -0.499 -0.82 -1.236 -1.608 -1.824
1.091 1.067 1.049 1.029 1.006 0.867 0.417 -0.082 -0.304 -0.246 -0.22 -0.238 -0.429 -0.357 -0.422 -0.646 -0.527 -0.274 -0.299 -0.379 -0.543 -0.583 -0.556 -0.723 -0.409 -0.698 -0.693 -0.478 -0.671 -0.576 -0.202 -0.176 -0.445 -0.68 -0.574 -0.3 -0.406 -0.829 -0.991 -1.009 -0.875 -0.909 -0.862 -0.734 -0.693 -1.093 -1.359 -1.227 -1.315 -1.546 -1.859 -2.002 -1.776 -1.546 -1.386 -1.285 -1.291 -1.085 -1.136 -1.119 -1.016 -0.953 -1.126 -1.479 -1.556 -1.319 -1.082 -0.699 -0.385 -0.246 -0.339 -0.524 -0.909 -1.219 -1.636 -2.059 -1.886
1.066 1.05 1.03 1.008 0.992 0.86 0.18 -0.163 -0.198 -0.215 -0.379 -0.555 -0.571 -0.409 -0.606 -0.647 -0.434 -0.26 -0.503 -0.637 -0.783 -0.956 -0.859 -0.779 -0.655 -0.794 -0.568 -0.591 -0.769 -0.588 -0.194 -0.181 -0.513 -0.809 -0.716 -0.597 -0.556 -0.842 -1.092 -1.273 -1.152 -1.072 -0.954 -1.07 -1.159 -1.4 -1.586 -1.592 -1.582 -1.637 -1.765 -1.837 -1.872 -1.708 -1.597 -1.514 -1.503 -0.796 -0.615 -0.623 -0.692 -0.981 -1.45 -1.623 -1.523 -1.299 -1.075 -0.609 -0.231 -0.47 -0.742 -1.001 -1.346 -1.634 -1.821 -2.06 -1.899
1.051 1.028 1.013 0.994 0.972 0.649 0.087 -0.101 -0.228 -0.434 -0.607 -0.77 -0.554 -0.282 -0.357 -0.406 -0.272 -0.373 -0.782 -0.943 -1.011 -1.1 -1.101 -0.987 -0.937 -0.879 -0.603 -0.748 -0.625 -0.346 -0.196 -0.171 -0.556 -1.023 -1.158 -0.915 -0.803 -1.043 -1.324 -1.487 -1.394 -1.436 -1.387 -1.403 -1.414 -1.621 -1.745 -1.73 -1.703 -1.721 -1.763 -1.765 -1.75 -1.816 -1.767 -1.626 -1.443 -0.647 -0.313 -0.567 -0.966 -1.349 -1.622 -1.529 -1.487 -1.328 -1.005 -0.559 -0.285 -0.833 -1.153 -1.497 -1.749 -1.643 -1.478 -1.574 -1.638
1.022 1.01 0.996 0.977 0.865 0.348 -0.071 -0.263 -0.411 -0.656 -0.809 -0.668 -0.427 -0.226 -0.075 -0.21 -0.19 -0.435 -0.691 -0.719 -0.709 -0.734 -0.861 -0.795 -0.84 -0.907 -0.805 -0.674 -0.386 -0.328 -0.482 -0.557 -0.643 -1.249 -1.461 -1.129 -1.053 -1.539 -1.541 -1.666 -1.733 -1.598 -1.393 -1.469 -1.639 -1.666 -1.603 -1.77 -1.784 -1.666 -1.591 -1.483 -1.463 -1.652 -1.633 -1.366 -0.957 -0.462 -0.331 -0.838 -1.204 -1.491 -1.345 -1.27 -1.455 -1.215 -1.056 -0.505 -0.26 -0.95 -1.482 -1.746 -1.749 -1.402 -1.022 -1.257 -1.446
0.956 0.988 0.977 0.96 0.925 0.592 0.035 -0.233 -0.113 -0.374 -0.724 -0.487 -0.166 -0.04 0.104 0.035 -0.048 -0.11 -0.274 -0.296 -0.297 -0.341 -0.443 -0.538 -0.673 -0.751 -0.664 -0.473 -0.294 -0.6 -1.03 -1.03 -0.992 -1.23 -1.442 -1.203 -1.208 -1.643 -1.893 -1.85 -1.625 -1.377 -1.175 -1.478 -1.574 -1.532 -1.51 -1.606 -1.684 -1.746 -1.291 -1.154 -1.37 -1.533 -1.545 -1.31 -0.593 -0.297 -0.563 -0.86 -1.14 -1.317 -1.177 -1.125 -1.407 -1.405 -1.134 -0.623 -0.175 -0.765 -1.453 -1.445 -1.418 -1.284 -0.7 -1.267 -1.278
0.76 0.971 0.96 0.943 0.926 0.767 0.371 0.172 0.035 -0.308 -0.614 -0.299 -0.057 0.178 0.161 -0.035 -0.045 -0.039 -0.029 -0.054 -0.095 -0.105 -0.177 -0.331 -0.44 -0.504 -0.545 -0.624 -0.665 -0.861 -1.415 -1.332 -1.13 -1.444 -1.64 -1.487 -1.657 -1.903 -2.085 -1.843 -1.613 -1.364 -0.855 -0.907 -1.151 -1.315 -1.246 -1.351 -1.466 -1.459 -1.25 -0.92 -1.097 -1.278 -1.333 -1.265 -0.52 -0.198 -0.434 -0.721 -0.9 -1.145 -1.009 -1.049 -1.335 -1.226 -1.059 -0.533 -0.1 -0.729 -1.356 -1.21 -1.174 -1.062 -0.64 -1.3 -1.316
0.501 0.928 0.944 0.926 0.906 0.859 0.498 0.397 0.078 -0.365 -0.313 -0.116 0.025 0.219 -0.115 -0.291 -0.367 -0.47 -0.421 -0.441 -0.356 -0.265 -0.112 -0.27 -0.476 -0.672 -1.007 -1.238 -1.136 -1.074 -1.568 -1.369 -1.169 -1.417 -1.858 -1.867 -1.778 -1.864 -1.827 -1.608 -1.616 -1.557 -1.206 -0.799 -0.68 -0.979 -0.95 -1.346 -1.252 -1.105 -1.085 -0.849 -0.718 -0.918 -1.086 -1.02 -0.605 -0.13 -0.188 -0.423 -0.754 -0.995 -0.844 -0.928 -1.086 -0.966 -0.813 -0.268 -0.065 -0.786 -1.168 -0.962 -0.965 -0.815 -0.568 -1.168 -1.107
0.592 0.893 0.924 0.91 0.89 0.871 0.725 0.596 0.107 -0.142 0.035 0.109 0.252 0.137 -0.278 -0.635 -0.574 -0.728 -0.679 -0.766 -0.586 -0.441 -0.232 -0.51 -0.969 -1.226 -1.46 -1.651 -1.315 -1.423 -1.674 -1.352 -1.221 -1.437 -1.7 -1.618 -1.552 -1.618 -1.749 -1.651 -1.516 -1.207 -1.051 -0.801 -0.43 -0.715 -1.012 -1.152 -0.999 -0.83 -0.705 -0.61 -0.405 -0.536 -0.606 -0.57 -0.546 -0.148 0.055 -0.28 -0.556 -0.679 -0.439 -0.582 -0.726 -0.619 -0.544 0 -0.065 -0.692 -0.717 -0.519 -0.582 -0.395 -0.485 -0.768 -0.841
