data/climatemaps/RS_maps/climate_breeding_tmp_2010.asc
NCOLS 369 
NROWS 228 
XLLCORNER 479000 
YLLCORNER 73000 
CELLSIZE 1000 
NODATA_value -9 
[rows 170 to 203 of 228, columns 231 to 307 of 369]
-1.024 -0.886 -0.768 -0.74 -0.207 -0.1 0.355 1.07 1.469 1.055 0.316 -0.149 -0.428 -0.543 -0.78 -1.352 -1.182 -0.614 0.098 0.318 -0.364 -1.101 -0.935 -0.287 0.733 1.234 0.64 0.02 -0.142 -0.39 -0.169 -0.988 -1.235 -0.955 -0.499 -0.069 0.174 0.568 0.848 1.372 1.476 1.123 0.561 0.226 0.175 -0.015 0.134 -0.207 -0.452 -0.37 -0.473 -0.682 -1.057 -1.258 -0.891 -0.954 -0.813 -1.192 -1.747 -1.342 -1.459 -1.967 -2.197 -1.709 -1.762 -2.086 -1.672 -1.199 -0.675 -0.578 -0.927 -1.237 -0.94 -0.378 -0.108 -0.289 -0.608
-0.952 -1.141 -1.04 -0.782 -0.513 -0.624 0.002 0.838 1.443 1.345 0.64 -0.001 -0.146 -0.664 -0.989 -1.334 -0.945 -0.38 0.33 0.287 -0.389 -0.997 -0.268 0.289 1.218 1.116 0.322 -0.224 -0.02 -0.713 -0.209 -0.824 -1.011 -0.589 -0.441 0.015 0.548 0.947 1.328 1.521 1.421 1.054 0.591 0.134 -0.315 -0.657 -0.35 -0.402 -0.87 -1.019 -1.059 -1.068 -1.03 -1.32 -1.498 -1.687 -1.647 -1.686 -1.821 -1.466 -1.537 -1.773 -2.058 -1.932 -1.918 -1.976 -1.484 -1.023 -0.89 -1.005 -0.934 -1.403 -1.239 -0.775 -0.129 -0.129 -0.575
-0.911 -0.916 -0.919 -1.055 -0.761 -0.497 0.031 0.706 1.328 1.456 0.923 0.231 -0.344 -0.941 -1.386 -1.181 -0.838 -0.353 0.311 0.409 -0.309 -0.828 0.04 0.945 1.323 0.797 0.008 -0.538 -0.066 -0.751 -0.431 -0.916 -0.882 -0.472 -0.168 -0.087 0.474 1.044 1.466 1.562 1.43 0.994 0.529 0.106 -0.25 -0.737 -0.87 -0.784 -1.112 -1.446 -1.124 -0.69 -0.619 -1.223 -1.712 -1.688 -1.714 -1.925 -1.946 -1.82 -1.611 -1.224 -1.57 -1.766 -1.881 -1.883 -1.548 -1.3 -1.506 -1.355 -1.073 -1.628 -1.414 -1.081 -0.25 0.151 -0.198
-0.595 -0.347 -0.795 -0.802 -0.325 0.042 0.309 0.436 1.175 1.506 1.224 0.59 -0.1 -0.671 -1.154 -0.861 -0.581 -0.443 0.105 0.601 -0.306 -0.305 0.211 1.147 1.189 0.366 -0.417 -0.898 -0.399 -0.718 -0.819 -0.914 -0.602 -0.287 -0.075 0.076 0.464 0.854 1.433 1.59 1.573 1.244 0.475 -0.166 -0.562 -0.875 -0.967 -1.011 -1.073 -1.189 -0.842 -0.268 -0.595 -1.479 -1.565 -1.298 -1.219 -1.624 -1.538 -1.587 -1.253 -0.865 -1.048 -1.174 -1.309 -1.52 -1.796 -1.875 -2.056 -1.694 -1.368 -1.529 -1.341 -0.959 -0.279 0.328 0.363
-0.067 -0.349 -0.9 -0.731 -0.388 0.001 0.043 0.004 1.051 1.514 1.479 0.957 0.402 -0.046 -0.759 -0.805 -0.446 0.069 0.5 0.319 -0.291 0.13 0.735 1.355 0.857 0.021 -0.673 -0.928 -0.83 -0.87 -1.015 -0.61 -0.337 -0.141 0.046 0.153 0.546 0.637 1.159 1.591 1.613 1.475 0.754 0.073 -0.551 -0.851 -0.734 -0.528 -0.47 -0.546 -0.412 -0.051 -0.6 -1.355 -1.247 -0.888 -0.954 -1.431 -1.064 -1.106 -0.974 -0.577 -0.426 -0.624 -0.829 -1.263 -1.779 -2.202 -2.316 -1.885 -1.694 -1.421 -1.03 -0.55 -0.093 0.47 0.479
-0.121 -0.662 -0.952 -1.071 -0.653 -0.004 -0.341 -0.188 0.651 1.383 1.533 1.317 0.828 0.137 -0.541 -0.913 -0.411 0.157 0.707 0.147 0.074 0.468 1.059 1.371 0.668 0.105 -0.068 -0.298 -0.864 -1.049 -0.778 -0.12 0.038 0.228 0.279 0.412 0.243 0.213 0.907 1.559 1.63 1.609 1.161 0.373 -0.005 -0.506 -0.401 0.076 0.199 0.16 0.151 -0.005 -0.661 -1.172 -1.086 -0.556 -0.895 -1.23 -0.632 -0.491 -0.34 -0.024 -0.039 -0.479 -0.87 -1.343 -1.698 -1.952 -2.022 -1.853 -1.665 -1.185 -0.787 -0.384 -0.011 0.581 0.273
0.046 -0.223 -0.509 -1.061 -0.587 -0.357 -0.225 0.385 0.621 1.065 1.505 1.519 1.163 0.579 -0.113 -0.53 -0.519 0.002 0.592 0.732 0.662 0.792 1.291 1.222 0.45 -0.007 -0.169 0.003 -0.447 -0.891 -0.365 -0.065 -0.361 0.104 -0.099 0.122 -0.189 0.204 0.904 1.423 1.633 1.642 1.563 1.126 0.553 -0.013 -0.043 0.417 -0.093 -0.358 -0.557 -0.44 -0.834 -1.2 -0.794 -0.212 -0.399 -0.647 -0.281 0.244 0.164 -0.11 -0.546 -0.919 -1.29 -1.408 -1.441 -1.711 -1.552 -1.519 -1.433 -1.149 -0.769 -0.322 -0.109 0.561 0.316
0.003 -0.128 -0.17 -0.819 -1.031 -0.568 0.104 0.056 -0.007 0.55 1.34 1.534 1.408 0.92 0.215 0.149 0.062 0.208 0.49 0.807 1.047 1.227 1.396 1.001 0.171 -0.37 -0.668 -0.318 -0.167 -0.741 -0.191 -0.461 -0.51 -0.099 -0.493 -0.251 -0.336 0.333 0.587 1.132 1.573 1.659 1.657 1.552 0.916 0.244 0.281 0.419 -0.504 -0.82 -1.16 -1.031 -1.169 -1.138 -0.583 -0.116 0.127 0.163 0.356 0.437 -0.334 -0.828 -1.046 -1.168 -1.244 -1.108 -1.388 -1.702 -1.307 -1.13 -1.021 -0.875 -0.592 -0.186 0.128 0.556 0.593
-0.61 -0.804 -0.728 -0.668 -0.879 -0.308 -0.238 -0.332 -0.406 0.263 1.05 1.483 1.535 1.029 0.344 0.799 0.906 0.985 1.103 1.116 1.232 1.404 1.181 0.677 0.077 -0.374 -0.794 -0.761 -0.434 -0.776 -0.461 -0.858 -0.696 -0.617 -0.872 -0.658 -0.576 -0.186 0.134 0.783 1.343 1.662 1.662 1.642 1.109 0.325 0.645 0.498 -0.014 -0.475 -1.21 -1.527 -1.597 -1.356 -0.876 -0.684 -0.174 -0.004 0.369 0.525 -0.416 -1.001 -0.979 -0.957 -0.895 -1.087 -1.467 -1.53 -1.23 -1.192 -1.032 -0.914 -0.801 -0.439 -0.173 -9 -9
-0.269 -0.724 -1.052 -1.018 -0.937 -0.834 -0.583 -0.699 -0.293 0.236 0.671 1.255 1.558 1.337 0.903 1.319 1.427 1.471 1.488 1.442 1.392 1.057 0.541 0.279 0.08 -0.187 -0.836 -1.117 -0.858 -0.861 -0.723 -0.7 -0.596 -0.653 -0.839 -0.848 -0.708 -0.741 -0.188 0.566 1.073 1.485 -9 1.666 1.541 0.95 0.93 0.52 -0.134 -0.707 -1.338 -1.224 -1.237 -1.527 -1.301 -1.066 -0.791 -0.773 0.043 0.673 -0.096 -0.435 -0.361 -0.469 -0.779 -1.047 -1.325 -1.43 -1.055 -1.258 -1.186 -1.167 -0.972 -0.744 -0.582 -9 -9
0.349 -0.147 -0.593 -0.612 -0.708 -1.002 -0.826 -0.757 -0.249 0.157 0.472 0.969 1.459 1.55 1.437 1.352 1.174 1.134 1.118 1.08 1.062 0.922 0.483 -0.006 -0.302 -0.35 -0.716 -1.09 -0.617 -0.653 -0.384 -0.126 0.023 -0.123 -0.546 -0.456 -0.383 -0.907 -0.385 0.295 0.362 0.66 -9 -9 1.66 1.578 1.148 0.663 0.171 -0.421 -0.984 -0.783 -0.872 -1.356 -1.216 -1.152 -1.049 -0.745 -0.011 0.745 0.274 -0.03 -0.431 -0.563 -0.634 -0.916 -1.019 -1.186 -0.916 -0.904 -0.978 -0.917 -1.039 -1.089 -9 -9 -9
0.724 0.248 -0.038 -0.225 -0.538 -0.758 -0.462 -0.312 -0.066 0.3 0.583 0.975 1.388 1.57 1.414 1.003 0.557 0.382 0.369 0.394 0.642 0.766 0.697 0.217 -0.429 -0.873 -0.971 -0.938 -0.243 -0.505 -0.32 -0.281 -0.08 0.276 -0.374 -0.062 -0.391 -0.626 -0.399 -0.194 -0.23 -9 -9 -9 -9 -9 1.152 0.375 0.118 -0.141 -0.384 -0.452 -0.804 -1.317 -1.13 -0.868 -0.653 -0.363 0.309 0.738 0.118 -0.069 -0.262 -0.279 -0.101 -0.265 -0.569 -0.584 -0.562 -0.441 -0.682 -0.366 -9 -9 -9 -9 -9
0.443 0.196 -0.029 -0.223 -0.251 -0.482 -0.091 0.219 0.006 0.198 0.648 1.262 1.53 1.483 0.993 0.794 0.6 0.324 -0.013 -0.131 0.217 0.161 0.441 0.385 -0.112 -0.622 -0.81 -0.661 -0.073 -0.463 -0.765 -0.617 -0.088 0.479 0.262 0.287 -0.213 -0.022 0.017 0.16 0.014 -9 -9 -9 -9 -9 -9 0.523 0.315 0.01 -0.309 -0.606 -1.028 -1.399 -1.261 -0.814 -0.342 0.08 0.643 0.459 0.05 0.364 0.234 0.248 0.468 0.348 -0.048 -0.043 0.016 0.004 -0.175 -9 -9 -9 -9 -9 -9
0.473 0.143 -0.032 0.053 0.25 -0.101 0.033 0.516 0.572 0.659 1.026 1.551 1.592 1.304 0.564 0.306 0.399 0.375 0.177 -0.277 -0.293 -0.179 0.036 0.211 -0.21 -0.629 -0.274 0.077 0.233 -0.298 -0.334 -0.145 0.267 0.703 0.83 0.668 0.201 0.431 0.348 0.564 0.442 -9 -9 -9 -9 -9 -9 -9 -9 -9 -9 -0.964 -1.146 -1.178 -0.923 -0.839 -0.38 0.326 0.892 0.394 0.528 0.828 0.785 0.824 0.924 0.623 0.241 -9 -9 -9 -9 -9 -9 -9 -9 -9 -9
0.739 0.667 0.55 0.624 0.633 0.38 0.448 0.645 0.964 1.273 1.446 1.611 1.521 1.164 0.515 -0.032 -0.083 -0.046 -0.038 -0.339 -0.715 -0.437 -0.29 -0.216 -0.224 -0.787 -0.506 0.154 0.53 0.144 0.159 0.325 0.293 0.667 1.07 0.843 0.42 0.796 0.73 0.976 0.991 -9 -9 -9 -9 -9 -9 -9 -9 -9 -9 -9 -9 -9 -9 -9 -0.062 0.547 1.073 0.687 1.058 1.28 -9 -9 -9 -9 -9 -9 -9 -9 -9 -9 -9 -9 -9 -9 -9
1.34 1.244 1.137 1.178 1.142 0.999 1.091 1.166 1.369 1.579 1.61 1.612 1.407 1.024 0.517 0.093 0.016 -0.13 -0.297 -0.441 -0.7 -0.708 -0.477 -0.623 -0.516 -0.786 -0.284 0.266 0.696 0.38 0.454 0.714 0.385 0.584 1.074 0.978 0.647 1.092 1.347 1.441 -9 -9 -9 -9 -9 -9 -9 -9 -9 -9 -9 -9 -9 -9 -9 -9 -9 -9 -9 -9 -9 -9 -9 -9 -9 -9 -9 -9 -9 -9 -9 -9 -9 -9 -9 -9 -9
1.631 1.598 1.565 1.559 1.563 1.52 1.549 1.575 1.618 1.636 1.624 1.573 1.337 0.973 0.711 0.666 0.624 0.424 0.248 0.107 -0.127 -0.48 -0.796 -0.913 -0.707 -0.293 0.095 0.467 0.816 0.719 0.742 0.993 0.828 0.934 1.092 1.225 1.083 1.486 1.647 -9 -9 -9 -9 -9 -9 -9 -9 -9 -9 -9 -9 -9 -9 -9 -9 -9 -9 -9 -9 -9 -9 -9 -9 -9 -9 -9 -9 -9 -9 -9 -9 -9 -9 -9 -9 -9 -9
1.651 1.651 1.652 1.649 1.65 1.652 1.65 1.651 1.651 1.646 1.601 1.421 1.108 1.062 0.958 0.855 0.576 0.493 0.295 0.148 -0.219 -0.353 -0.539 -0.496 -0.308 0.002 0.256 0.434 0.578 0.854 0.987 1.1 1.235 1.197 1.145 1.441 1.545 1.686 1.71 -9 -9 -9 -9 -9 -9 -9 -9 -9 -9 -9 -9 -9 -9 -9 -9 -9 -9 -9 -9 -9 -9 -9 -9 -9 -9 -9 -9 -9 -9 -9 -9 -9 -9 -9 -9 -9 -9
1.66 1.656 1.653 1.657 1.66 1.657 1.656 1.634 1.625 1.534 1.314 0.964 0.542 0.346 0.269 0.451 0.152 -0.104 -0.315 -0.005 -0.443 -0.411 -0.038 -0.035 -0.104 -0.096 -0.023 0.043 0.191 0.504 0.745 0.93 1.324 1.515 1.499 1.62 1.707 1.713 -9 -9 -9 -9 -9 -9 -9 -9 -9 -9 -9 -9 -9 -9 -9 -9 -9 -9 -9 -9 -9 -9 -9 -9 -9 -9 -9 -9 -9 -9 -9 -9 -9 -9 -9 -9 -9 -9 -9
1.409 1.278 1.41 1.392 1.464 1.463 1.458 1.309 1.163 1.046 0.706 0.371 -0.016 -0.114 -0.253 -0.168 0.213 -0.092 -0.526 -0.276 -0.53 -0.158 0.114 0.3 0.339 0.328 0.316 0.216 0.397 0.599 0.788 1.068 1.447 1.683 1.711 1.717 1.721 -9 -9 -9 -9 -9 -9 -9 -9 -9 -9 -9 -9 -9 -9 -9 -9 -9 -9 -9 -9 -9 -9 -9 -9 -9 -9 -9 -9 -9 -9 -9 -9 -9 -9 -9 -9 -9 -9 -9 -9
0.633 0.609 1.054 1.129 1.085 0.785 0.849 0.755 0.627 0.566 0.682 0.495 0.188 -0.133 -0.52 -0.671 -0.306 -0.24 -0.646 -0.549 -0.55 -0.468 -0.229 0.066 0.352 0.515 0.706 0.736 0.887 1.066 1.169 1.387 1.65 1.716 1.717 1.721 1.72 -9 -9 -9 -9 -9 -9 -9 -9 -9 -9 -9 -9 -9 -9 -9 -9 -9 -9 -9 -9 -9 -9 -9 -9 -9 -9 -9 -9 -9 -9 -9 -9 -9 -9 -9 -9 -9 -9 -9 -9
-0.02 0.485 0.518 0.878 1.244 0.742 0.366 0.557 0.584 0.814 0.627 0.503 0.349 -0.008 -0.365 -0.583 -0.642 -0.521 -0.625 -0.352 -0.325 -0.655 -0.556 -0.323 -0.188 0.056 0.417 0.638 0.804 0.918 0.945 1.287 1.686 1.721 1.714 1.671 1.709 -9 -9 -9 -9 -9 -9 -9 -9 -9 -9 -9 -9 -9 -9 -9 -9 -9 -9 -9 -9 -9 -9 -9 -9 -9 -9 -9 -9 -9 -9 -9 -9 -9 -9 -9 -9 -9 -9 -9 -9
-0.06 0.295 0.021 0.633 1.217 1.067 0.724 0.855 0.773 0.713 0.229 0.079 0.104 -0.008 -0.132 -0.414 -0.735 -0.547 -0.32 0.045 -0.077 -0.452 -0.642 -0.575 -0.571 -0.449 -0.071 0.152 0.221 0.433 0.865 1.426 1.711 1.726 1.71 1.567 -9 -9 -9 -9 -9 -9 -9 -9 -9 -9 -9 -9 -9 -9 -9 -9 -9 -9 -9 -9 -9 -9 -9 -9 -9 -9 -9 -9 -9 -9 -9 -9 -9 -9 -9 -9 -9 -9 -9 -9 -9
-0.156 -0.206 -0.091 0.535 1.057 1.287 1.036 0.883 0.795 0.426 0.025 -0.258 -0.155 -0.186 -0.05 -0.141 -0.563 -0.388 -0.066 0.341 0.226 -0.177 -0.234 -0.252 -0.47 -0.557 -0.55 -0.355 -0.287 0.327 0.947 1.489 1.722 1.727 1.731 -9 -9 -9 -9 -9 -9 -9 -9 -9 -9 -9 -9 -9 -9 -9 -9 -9 -9 -9 -9 -9 -9 -9 -9 -9 -9 -9 -9 -9 -9 -9 -9 -9 -9 -9 -9 -9 -9 -9 -9 -9 -9
-0.401 -0.302 -0.101 0.521 1.059 1.258 0.807 0.606 0.649 0.188 -0.031 -0.169 0.024 0.093 0.319 0.308 -0.211 -0.319 0.084 0.489 0.422 0.04 0.203 0.034 0.003 -0.381 -0.571 -0.635 -0.383 0.203 0.8 1.446 1.705 1.727 1.722 -9 -9 -9 -9 -9 -9 -9 -9 -9 -9 -9 -9 -9 -9 -9 -9 -9 -9 -9 -9 -9 -9 -9 -9 -9 -9 -9 -9 -9 -9 -9 -9 -9 -9 -9 -9 -9 -9 -9 -9 -9 -9
-0.299 0.061 0.281 0.852 1.329 1.08 0.609 0.616 0.856 0.322 0.236 0.262 0.379 0.539 0.615 0.53 0.158 -0.156 0.188 0.583 0.692 0.442 0.566 0.405 0.159 -0.169 -0.049 -0.335 -0.291 0.32 0.889 1.456 1.716 1.737 -9 -9 -9 -9 -9 -9 -9 -9 -9 -9 -9 -9 -9 -9 -9 -9 -9 -9 -9 -9 -9 -9 -9 -9 -9 -9 -9 -9 -9 -9 -9 -9 -9 -9 -9 -9 -9 -9 -9 -9 -9 -9 -9
-0.337 -0.049 0.545 0.973 1.376 1.057 0.723 0.702 1.007 0.616 0.628 0.753 0.762 0.723 0.563 0.499 0.109 -0.039 0.217 0.366 0.616 0.884 0.876 0.631 0.063 0.244 0.098 -0.338 -0.22 0.395 0.934 1.406 -9 -9 -9 -9 -9 -9 -9 -9 -9 -9 -9 -9 -9 -9 -9 -9 -9 -9 -9 -9 -9 -9 -9 -9 -9 -9 -9 -9 -9 -9 -9 -9 -9 -9 -9 -9 -9 -9 -9 -9 -9 -9 -9 -9 -9
-0.096 0.042 0.338 0.812 1.289 1.347 1.023 0.966 1.114 0.973 0.923 0.845 0.649 0.412 0.297 0.237 -0.06 0.076 0.417 0.463 0.31 0.808 0.886 0.399 0.272 0.583 0.319 -0.059 0.211 0.521 1.043 -9 -9 -9 -9 -9 -9 -9 -9 -9 -9 -9 -9 -9 -9 -9 -9 -9 -9 -9 -9 -9 -9 -9 -9 -9 -9 -9 -9 -9 -9 -9 -9 -9 -9 -9 -9 -9 -9 -9 -9 -9 -9 -9 -9 -9 -9
0.109 0.368 0.204 0.725 1.282 1.456 1.306 1.201 1.223 1.122 0.947 0.896 0.611 0.243 -0.002 -0.169 -0.277 -0.045 0.275 0.597 0.528 0.759 0.862 0.218 0.472 0.688 0.19 0.039 0.505 0.924 -9 -9 -9 -9 -9 -9 -9 -9 -9 -9 -9 -9 -9 -9 -9 -9 -9 -9 -9 -9 -9 -9 -9 -9 -9 -9 -9 -9 -9 -9 -9 -9 -9 -9 -9 -9 -9 -9 -9 -9 -9 -9 -9 -9 -9 -9 -9
0.253 0.606 0.398 0.82 1.372 1.422 1.387 1.208 1.275 1.267 1.061 0.759 0.301 0.173 0.219 -0.053 -0.083 0.294 0.525 0.847 0.809 1.126 1.153 0.859 0.774 0.893 0.857 0.594 0.907 -9 -9 -9 -9 -9 -9 -9 -9 -9 -9 -9 -9 -9 -9 -9 -9 -9 -9 -9 -9 -9 -9 -9 -9 -9 -9 -9 -9 -9 -9 -9 -9 -9 -9 -9 -9 -9 -9 -9 -9 -9 -9 -9 -9 -9 -9 -9 -9
0.394 0.745 0.761 0.913 1.44 1.462 1.368 1.168 1.407 1.361 1.071 0.544 0.271 0.497 0.538 0.532 0.52 0.206 0.463 1.033 1.269 1.419 1.483 1.458 1.293 1.055 1.143 1.006 1.191 -9 -9 -9 -9 -9 -9 -9 -9 -9 -9 -9 -9 -9 -9 -9 -9 -9 -9 -9 -9 -9 -9 -9 -9 -9 -9 -9 -9 -9 -9 -9 -9 -9 -9 -9 -9 -9 -9 -9 -9 -9 -9 -9 -9 -9 -9 -9 -9
0.732 0.915 0.813 0.964 1.464 1.53 1.401 1.3 1.485 1.317 0.839 0.366 0.513 0.872 1.121 1.141 0.862 0.454 0.88 1.382 1.602 1.595 1.55 1.533 1.516 1.412 1.297 1.273 1.329 -9 -9 -9 -9 -9 -9 -9 -9 -9 -9 -9 -9 -9 -9 -9 -9 -9 -9 -9 -9 -9 -9 -9 -9 -9 -9 -9 -9 -9 -9 -9 -9 -9 -9 -9 -9 -9 -9 -9 -9 -9 -9 -9 -9 -9 -9 -9 -9
0.999 0.982 0.752 1.101 1.507 1.558 1.393 1.421 1.537 1.206 0.505 0.189 0.617 0.979 1.36 1.429 1.239 1.274 1.534 1.628 1.532 1.35 1.108 1.052 1.175 1.361 1.415 1.428 -9 -9 -9 -9 -9 -9 -9 -9 -9 -9 -9 -9 -9 -9 -9 -9 -9 -9 -9 -9 -9 -9 -9 -9 -9 -9 -9 -9 -9 -9 -9 -9 -9 -9 -9 -9 -9 -9 -9 -9 -9 -9 -9 -9 -9 -9 -9 -9 -9
1.061 0.787 0.941 1.367 1.575 1.544 1.409 1.531 1.543 1.123 0.578 0.682 1.274 1.568 1.616 1.623 1.634 1.638 1.62 1.5 1.037 0.777 0.376 0.263 0.556 0.794 1.064 1.273 -9 -9 -9 -9 -9 -9 -9 -9 -9 -9 -9 -9 -9 -9 -9 -9 -9 -9 -9 -9 -9 -9 -9 -9 -9 -9 -9 -9 -9 -9 -9 -9 -9 -9 -9 -9 -9 -9 -9 -9 -9 -9 -9 -9 -9 -9 -9 -9 -9
