data/climatemaps/RS_maps/climate_winter_tmin_2018.asc
NCOLS 369 
NROWS 228 
XLLCORNER 479000 
YLLCORNER 73000 
CELLSIZE 1000 
NODATA_value -9 
[rows 102 to 135 of 228, columns 0 to 76 of 369]
-9 -9 -9 -9 -9 -9 -9 -9 -9 -9 -9 -9 -9 -9 -9 -9 -9 -9 -9 -9 -9 -9 -9 -9 -9 -9 -9 -9 -9 -9 -9 -9 0.866 0.854 0.843 0.885 0.899 0.897 0.875 0.838 0.77 0.702 0.717 0.724 0.708 0.644 0.591 0.584 0.605 0.615 0.593 0.594 0.593 0.597 0.601 0.604 0.635 0.671 0.744 0.798 0.799 0.877 0.914 0.891 0.798 0.599 0.565 0.569 0.512 0.528 0.616 0.824 0.981 1.076 1.089 1.108 1.131
-9 -9 -9 -9 -9 -9 -9 -9 -9 -9 -9 -9 -9 -9 -9 -9 -9 -9 -9 -9 -9 -9 -9 -9 -9 -9 -9 -9 -9 -9 -9 -9 0.861 0.861 0.882 0.899 0.898 0.892 0.863 0.773 0.736 0.746 0.735 0.689 0.62 0.6 0.579 0.589 0.603 0.63 0.651 0.645 0.638 0.641 0.631 0.612 0.655 0.75 0.828 0.886 0.897 0.86 0.83 0.716 0.602 0.52 0.47 0.482 0.541 0.684 0.817 0.956 1.043 1.11 1.123 1.135 1.136
-9 -9 -9 -9 -9 -9 -9 -9 -9 -9 -9 -9 -9 -9 -9 -9 -9 -9 -9 -9 -9 -9 -9 -9 -9 -9 -9 -9 -9 -9 -9 -9 0.884 0.892 0.902 0.901 0.895 0.884 0.854 0.778 0.783 0.759 0.693 0.606 0.563 0.585 0.607 0.635 0.679 0.712 0.718 0.7 0.695 0.72 0.727 0.667 0.795 0.884 0.903 0.874 0.796 0.713 0.667 0.602 0.564 0.53 0.511 0.585 0.743 0.888 0.979 1.04 1.099 1.148 1.153 1.147 1.143
-9 -9 -9 -9 -9 -9 -9 -9 -9 -9 -9 -9 -9 -9 -9 -9 -9 -9 -9 -9 -9 -9 -9 -9 -9 -9 -9 -9 -9 -9 -9 -9 0.906 0.906 0.904 0.901 0.892 0.877 0.864 0.825 0.784 0.728 0.621 0.579 0.596 0.651 0.695 0.732 0.741 0.722 0.697 0.686 0.702 0.785 0.829 0.807 0.9 0.92 0.883 0.775 0.684 0.645 0.596 0.568 0.566 0.547 0.614 0.799 0.915 0.997 1.064 1.105 1.155 1.16 1.158 1.153 1.153
-9 -9 -9 -9 -9 -9 -9 -9 -9 -9 -9 -9 -9 -9 -9 -9 -9 -9 -9 -9 -9 -9 -9 -9 -9 -9 -9 -9 -9 -9 -9 -9 -9 0.907 0.904 0.898 0.892 0.872 0.85 0.839 0.736 0.669 0.625 0.632 0.674 0.738 0.739 0.695 0.657 0.628 0.608 0.614 0.657 0.747 0.83 0.901 0.862 0.852 0.786 0.695 0.65 0.601 0.552 0.59 0.625 0.633 0.78 0.928 1.009 1.071 1.127 1.161 1.172 1.171 1.166 1.162 1.159
-9 -9 -9 -9 -9 -9 -9 -9 -9 -9 -9 -9 -9 -9 -9 -9 -9 -9 -9 -9 -9 -9 -9 -9 -9 -9 -9 -9 -9 -9 -9 -9 -9 0.902 0.89 0.89 0.873 0.811 0.799 0.784 0.687 0.664 0.677 0.714 0.75 0.712 0.632 0.599 0.58 0.576 0.599 0.653 0.751 0.82 0.829 0.788 0.718 0.717 0.635 0.611 0.604 0.589 0.617 0.676 0.713 0.781 0.91 0.996 1.06 1.125 1.172 1.181 1.181 1.18 1.175 1.17 1.166
-9 -9 -9 -9 -9 -9 -9 -9 -9 -9 -9 -9 -9 -9 -9 -9 -9 -9 -9 -9 -9 -9 -9 -9 -9 -9 -9 -9 -9 -9 -9 -9 -9 0.889 0.873 0.851 0.789 0.75 0.757 0.825 0.721 0.729 0.763 0.764 0.698 0.616 0.577 0.59 0.601 0.625 0.669 0.759 0.753 0.717 0.65 0.571 0.565 0.606 0.566 0.577 0.594 0.627 0.669 0.693 0.704 0.79 0.949 1.033 1.102 1.172 1.195 1.193 1.189 1.189 1.183 1.18 1.175
-9 -9 -9 -9 -9 -9 -9 -9 -9 -9 -9 -9 -9 -9 -9 -9 -9 -9 -9 -9 -9 -9 -9 -9 -9 -9 -9 -9 -9 -9 -9 -9 -9 0.81 0.8 0.767 0.75 0.746 0.767 0.829 0.826 0.802 0.747 0.674 0.62 0.599 0.604 0.625 0.654 0.697 0.729 0.727 0.556 0.528 0.506 0.466 0.511 0.549 0.556 0.578 0.578 0.614 0.641 0.636 0.665 0.822 0.989 1.063 1.142 1.199 1.203 1.201 1.2 1.195 1.192 1.188 1.183
-9 -9 -9 -9 -9 -9 -9 -9 -9 -9 -9 -9 -9 -9 -9 -9 -9 -9 -9 -9 -9 -9 -9 -9 -9 -9 -9 -9 -9 -9 -9 -9 -9 0.777 0.772 0.768 0.771 0.798 0.831 0.829 0.771 0.718 0.645 0.6 0.606 0.626 0.654 0.671 0.699 0.674 0.71 0.544 0.485 0.44 0.465 0.501 0.586 0.591 0.574 0.608 0.627 0.721 0.766 0.805 0.885 0.996 1.072 1.124 1.19 1.215 1.215 1.21 1.208 1.205 1.2 1.194 1.187
-9 -9 -9 -9 -9 -9 -9 -9 -9 -9 -9 -9 -9 -9 -9 -9 -9 -9 -9 -9 -9 -9 -9 -9 -9 -9 -9 -9 -9 -9 -9 -9 -9 0.785 0.814 0.825 0.846 0.843 0.771 0.794 0.697 0.634 0.626 0.605 0.621 0.642 0.672 0.682 0.658 0.637 0.659 0.574 0.42 0.448 0.546 0.611 0.615 0.651 0.717 0.784 0.842 0.892 0.938 1.022 1.104 1.156 1.183 1.208 1.221 1.22 1.22 1.218 1.217 1.212 1.208 1.202 1.178
-9 -9 -9 -9 -9 -9 -9 -9 -9 -9 -9 -9 -9 -9 -9 -9 -9 -9 -9 -9 -9 -9 -9 -9 -9 -9 -9 -9 -9 -9 -9 -9 0.785 0.819 0.818 0.817 0.845 0.817 0.765 0.758 0.708 0.672 0.659 0.622 0.599 0.619 0.648 0.643 0.629 0.645 0.559 0.445 0.424 0.525 0.603 0.623 0.663 0.821 0.944 0.977 0.993 1.025 1.084 1.147 1.187 1.215 1.227 1.235 1.234 1.234 1.233 1.225 1.224 1.223 1.21 1.197 1.171
-9 -9 -9 -9 -9 -9 -9 -9 -9 -9 -9 -9 -9 -9 -9 -9 -9 -9 -9 -9 -9 -9 -9 -9 -9 -9 -9 -9 -9 -9 -9 -9 0.82 0.821 0.798 0.831 0.854 0.809 0.753 0.741 0.692 0.677 0.657 0.631 0.627 0.643 0.664 0.67 0.669 0.607 0.495 0.451 0.524 0.607 0.659 0.767 0.935 1.036 1.078 1.106 1.133 1.161 1.195 1.199 1.22 1.235 1.241 1.241 1.241 1.241 1.241 1.24 1.235 1.215 1.19 1.182 1.172
-9 -9 -9 -9 -9 -9 -9 -9 -9 -9 -9 -9 -9 -9 -9 -9 -9 -9 -9 -9 -9 -9 -9 -9 -9 -9 -9 -9 -9 -9 -9 -9 0.833 0.808 0.825 0.87 0.84 0.753 0.72 0.73 0.67 0.65 0.622 0.619 0.643 0.673 0.688 0.676 0.645 0.63 0.588 0.617 0.637 0.695 0.854 1.031 1.083 1.108 1.127 1.154 1.181 1.205 1.217 1.234 1.239 1.247 1.25 1.252 1.252 1.252 1.247 1.244 1.216 1.147 1.141 1.174 1.181
-9 -9 -9 -9 -9 -9 -9 -9 -9 -9 -9 -9 -9 -9 -9 -9 -9 -9 -9 -9 -9 -9 -9 -9 -9 -9 -9 -9 -9 -9 -9 0.845 0.829 0.822 0.864 0.864 0.786 0.721 0.7 0.715 0.634 0.604 0.604 0.622 0.659 0.672 0.673 0.65 0.627 0.696 0.712 0.753 0.766 0.861 1.044 1.084 1.073 1.105 1.142 1.17 1.196 1.217 1.234 1.246 1.25 1.258 1.258 1.259 1.263 1.258 1.257 1.234 1.14 1.128 1.141 1.143 1.172
-9 -9 -9 -9 -9 -9 -9 -9 -9 -9 -9 -9 -9 -9 -9 -9 -9 -9 -9 -9 -9 -9 -9 -9 -9 -9 -9 -9 -9 0.835 0.874 0.861 0.834 0.861 0.872 0.822 0.739 0.707 0.717 0.703 0.622 0.589 0.597 0.621 0.651 0.656 0.633 0.593 0.628 0.664 0.678 0.723 0.92 1.038 1.084 1.088 1.101 1.126 1.154 1.178 1.207 1.237 1.246 1.254 1.259 1.262 1.268 1.268 1.269 1.265 1.243 1.168 1.116 1.131 1.131 1.164 1.159
-9 -9 -9 -9 -9 -9 -9 -9 -9 -9 -9 -9 -9 -9 -9 -9 -9 -9 -9 -9 -9 -9 -9 -9 -9 -9 -9 -9 0.802 0.831 0.846 0.877 0.861 0.881 0.833 0.763 0.721 0.707 0.724 0.713 0.614 0.569 0.588 0.623 0.632 0.609 0.569 0.525 0.558 0.648 0.729 0.8 1.008 1.078 1.108 1.123 1.148 1.165 1.186 1.214 1.237 1.25 1.256 1.262 1.259 1.255 1.267 1.27 1.273 1.245 1.17 1.122 1.123 1.133 1.137 1.148 1.122
-9 -9 -9 -9 -9 -9 -9 -9 -9 -9 -9 -9 -9 -9 -9 -9 -9 -9 -9 -9 -9 -9 -9 -9 -9 -9 0.737 0.79 0.798 0.785 0.836 0.863 0.887 0.859 0.777 0.732 0.729 0.755 0.747 0.726 0.626 0.604 0.622 0.612 0.603 0.587 0.569 0.515 0.586 0.763 0.927 0.982 1.051 1.094 1.126 1.158 1.181 1.194 1.219 1.231 1.247 1.255 1.256 1.241 1.232 1.233 1.264 1.265 1.241 1.18 1.118 1.117 1.124 1.12 1.15 1.105 1.085
-9 -9 -9 -9 -9 -9 -9 -9 -9 -9 -9 -9 -9 -9 -9 -9 -9 -9 -9 -9 -9 -9 -9 -9 -9 0.734 0.765 0.77 0.768 0.792 0.822 0.876 0.889 0.845 0.796 0.77 0.777 0.797 0.763 0.737 0.674 0.651 0.659 0.634 0.638 0.626 0.557 0.522 0.668 0.892 1.021 1.04 1.072 1.104 1.136 1.178 1.169 1.2 1.231 1.238 1.25 1.252 1.225 1.188 1.209 1.238 1.255 1.232 1.198 1.147 1.12 1.114 1.11 1.138 1.124 1.074 1.081
-9 -9 -9 -9 -9 -9 -9 -9 -9 -9 -9 -9 -9 -9 -9 -9 -9 -9 -9 -9 -9 -9 -9 0.763 0.745 0.742 0.719 0.76 0.797 0.841 0.864 0.903 0.881 0.832 0.794 0.791 0.821 0.803 0.775 0.744 0.715 0.697 0.712 0.719 0.679 0.566 0.468 0.55 0.804 0.993 1.051 1.064 1.109 1.14 1.174 1.186 1.163 1.208 1.24 1.246 1.254 1.229 1.185 1.173 1.209 1.225 1.231 1.197 1.185 1.152 1.131 1.107 1.122 1.141 1.098 1.068 1.117
-9 -9 -9 -9 -9 -9 -9 -9 -9 -9 -9 -9 -9 -9 -9 -9 -9 -9 -9 -9 -9 -9 0.777 0.732 0.733 0.726 0.734 0.798 0.848 0.875 0.896 0.886 0.859 0.837 0.816 0.838 0.809 0.754 0.689 0.719 0.763 0.777 0.731 0.646 0.54 0.529 0.537 0.717 0.935 1.04 1.062 1.088 1.141 1.167 1.202 1.206 1.213 1.235 1.247 1.253 1.25 1.213 1.183 1.195 1.182 1.186 1.219 1.181 1.168 1.134 1.128 1.118 1.13 1.124 1.09 1.105 1.152
-9 -9 -9 -9 -9 -9 -9 -9 -9 -9 -9 -9 -9 -9 -9 -9 -9 -9 -9 -9 -9 0.794 0.765 0.724 0.706 0.736 0.77 0.816 0.829 0.833 0.856 0.826 0.803 0.824 0.859 0.827 0.752 0.607 0.608 0.75 0.837 0.736 0.636 0.589 0.548 0.609 0.728 0.909 1.02 1.069 1.101 1.134 1.16 1.193 1.216 1.222 1.234 1.243 1.254 1.249 1.234 1.209 1.2 1.19 1.184 1.221 1.208 1.182 1.146 1.121 1.127 1.128 1.132 1.126 1.121 1.153 1.146
-9 -9 -9 -9 -9 -9 -9 -9 -9 -9 -9 -9 -9 -9 -9 -9 -9 -9 -9 -9 0.791 0.763 0.757 0.717 0.697 0.761 0.787 0.785 0.803 0.827 0.856 0.839 0.841 0.851 0.806 0.75 0.687 0.593 0.614 0.831 0.813 0.685 0.676 0.689 0.707 0.827 0.909 0.98 1.039 1.072 1.116 1.153 1.187 1.211 1.224 1.232 1.24 1.244 1.216 1.225 1.223 1.202 1.189 1.187 1.229 1.251 1.192 1.162 1.12 1.118 1.131 1.126 1.125 1.129 1.149 1.121 1.124
-9 -9 -9 -9 -9 -9 -9 -9 -9 -9 -9 -9 -9 -9 -9 -9 -9 -9 -9 0.784 0.77 0.729 0.711 0.69 0.726 0.76 0.76 0.791 0.827 0.857 0.85 0.833 0.818 0.784 0.728 0.666 0.62 0.564 0.637 0.814 0.878 0.819 0.783 0.821 0.897 0.967 0.984 1.002 1.046 1.083 1.135 1.17 1.203 1.221 1.23 1.236 1.193 1.197 1.186 1.215 1.208 1.188 1.171 1.197 1.244 1.24 1.179 1.153 1.113 1.115 1.118 1.099 1.121 1.134 1.125 1.102 1.145
-9 -9 -9 -9 -9 -9 -9 -9 -9 -9 -9 -9 -9 -9 -9 -9 -9 -9 0.793 0.741 0.687 0.662 0.695 0.73 0.782 0.762 0.785 0.83 0.854 0.855 0.808 0.757 0.72 0.706 0.678 0.645 0.603 0.556 0.595 0.783 0.921 0.905 0.922 0.951 0.98 1.011 1.047 1.06 1.083 1.107 1.156 1.188 1.221 1.229 1.236 1.23 1.163 1.165 1.165 1.202 1.185 1.152 1.159 1.208 1.255 1.234 1.185 1.129 1.081 1.081 1.074 1.107 1.112 1.101 1.121 1.122 1.185
-9 -9 -9 -9 -9 -9 -9 -9 -9 -9 -9 -9 -9 -9 -9 -9 -9 0.81 0.75 0.663 0.658 0.694 0.74 0.774 0.786 0.812 0.838 0.845 0.837 0.801 0.735 0.689 0.671 0.686 0.673 0.66 0.63 0.599 0.661 0.816 0.956 0.969 0.983 0.946 0.852 0.932 0.994 1.057 1.084 1.135 1.157 1.193 1.227 1.239 1.246 1.219 1.18 1.163 1.169 1.199 1.17 1.134 1.161 1.22 1.257 1.234 1.19 1.118 1.094 1.069 1.072 1.111 1.083 1.123 1.136 1.15 1.212
-9 -9 -9 -9 -9 -9 -9 -9 -9 -9 -9 -9 -9 -9 -9 -9 0.78 0.714 0.668 0.668 0.715 0.747 0.761 0.766 0.799 0.849 0.837 0.795 0.763 0.72 0.682 0.658 0.673 0.683 0.697 0.715 0.715 0.749 0.885 0.949 0.941 0.897 0.842 0.801 0.833 0.941 1.006 1.076 1.097 1.15 1.154 1.185 1.24 1.249 1.247 1.236 1.201 1.176 1.184 1.192 1.166 1.144 1.173 1.228 1.25 1.236 1.187 1.14 1.112 1.092 1.099 1.081 1.108 1.155 1.185 1.226 1.187
-9 -9 -9 -9 -9 -9 -9 -9 -9 -9 -9 -9 -9 -9 -9 0.734 0.671 0.655 0.681 0.713 0.738 0.757 0.758 0.787 0.823 0.813 0.761 0.723 0.698 0.654 0.646 0.66 0.687 0.718 0.732 0.753 0.792 0.887 0.912 0.825 0.816 0.814 0.792 0.832 0.93 0.99 1.024 1.084 1.112 1.148 1.159 1.203 1.253 1.261 1.252 1.232 1.209 1.184 1.198 1.192 1.163 1.153 1.189 1.242 1.235 1.235 1.186 1.134 1.114 1.089 1.084 1.096 1.152 1.161 1.211 1.229 1.15
-9 -9 -9 -9 -9 -9 -9 -9 -9 -9 -9 -9 -9 0.806 0.742 0.664 0.639 0.678 0.705 0.73 0.751 0.777 0.794 0.782 0.782 0.751 0.702 0.69 0.674 0.653 0.644 0.683 0.708 0.724 0.72 0.728 0.789 0.82 0.741 0.749 0.824 0.813 0.821 0.847 0.944 1.022 1.05 1.099 1.124 1.164 1.188 1.232 1.267 1.271 1.263 1.228 1.197 1.186 1.203 1.189 1.166 1.162 1.211 1.244 1.227 1.224 1.174 1.12 1.086 1.09 1.099 1.122 1.168 1.162 1.223 1.19 1.122
-9 -9 -9 -9 -9 -9 -9 -9 -9 -9 -9 -9 0.832 0.749 0.686 0.664 0.683 0.733 0.74 0.767 0.788 0.79 0.724 0.707 0.744 0.739 0.711 0.71 0.686 0.66 0.666 0.702 0.709 0.722 0.738 0.766 0.796 0.696 0.709 0.796 0.848 0.756 0.722 0.795 0.934 1.024 1.063 1.116 1.143 1.188 1.217 1.257 1.281 1.283 1.257 1.229 1.203 1.193 1.207 1.186 1.178 1.19 1.225 1.237 1.225 1.216 1.173 1.113 1.069 1.097 1.118 1.157 1.18 1.216 1.212 1.124 1.085
-9 -9 -9 -9 -9 -9 -9 -9 -9 -9 -9 0.872 0.813 0.741 0.687 0.725 0.763 0.792 0.808 0.775 0.765 0.739 0.673 0.697 0.738 0.73 0.724 0.697 0.658 0.648 0.648 0.693 0.741 0.768 0.811 0.853 0.808 0.713 0.775 0.817 0.786 0.707 0.74 0.884 0.995 1.052 1.09 1.141 1.17 1.209 1.238 1.273 1.295 1.292 1.24 1.228 1.209 1.202 1.216 1.193 1.197 1.216 1.223 1.226 1.222 1.2 1.17 1.127 1.085 1.099 1.128 1.192 1.241 1.231 1.138 1.066 1.054
-9 -9 -9 -9 -9 -9 -9 -9 -9 -9 0.943 0.906 0.831 0.779 0.754 0.804 0.845 0.831 0.779 0.733 0.692 0.708 0.667 0.679 0.715 0.704 0.692 0.669 0.616 0.601 0.664 0.749 0.796 0.83 0.856 0.88 0.826 0.784 0.815 0.806 0.738 0.752 0.876 0.988 1.053 1.091 1.132 1.173 1.198 1.232 1.258 1.277 1.29 1.282 1.225 1.228 1.223 1.217 1.218 1.21 1.217 1.226 1.221 1.224 1.224 1.187 1.165 1.149 1.129 1.129 1.183 1.256 1.234 1.159 1.092 1.029 1.021
-9 -9 -9 -9 -9 -9 -9 -9 -9 -9 0.904 0.918 0.88 0.802 0.82 0.837 0.815 0.759 0.698 0.66 0.678 0.7 0.668 0.663 0.669 0.679 0.667 0.636 0.594 0.658 0.761 0.818 0.843 0.871 0.885 0.886 0.795 0.761 0.81 0.774 0.787 0.87 0.995 1.055 1.099 1.139 1.178 1.212 1.227 1.267 1.29 1.27 1.297 1.289 1.224 1.24 1.237 1.241 1.235 1.23 1.236 1.24 1.226 1.229 1.218 1.175 1.164 1.163 1.171 1.185 1.217 1.257 1.181 1.115 1.077 1.008 0.99
-9 -9 -9 -9 -9 -9 -9 -9 -9 0.837 0.82 0.845 0.867 0.86 0.843 0.805 0.759 0.684 0.64 0.632 0.662 0.702 0.681 0.664 0.646 0.647 0.625 0.618 0.651 0.758 0.814 0.849 0.886 0.909 0.887 0.816 0.707 0.673 0.785 0.833 0.892 0.98 1.064 1.106 1.152 1.195 1.206 1.226 1.244 1.276 1.3 1.305 1.328 1.28 1.241 1.255 1.253 1.259 1.256 1.251 1.253 1.243 1.228 1.223 1.206 1.168 1.156 1.168 1.2 1.216 1.246 1.252 1.196 1.129 1.087 1.008 0.984
-9 -9 -9 -9 -9 -9 -9 -9 0.835 0.808 0.8 0.813 0.839 0.861 0.827 0.781 0.708 0.664 0.637 0.642 0.665 0.719 0.686 0.654 0.642 0.626 0.624 0.671 0.735 0.809 0.853 0.897 0.915 0.882 0.745 0.705 0.681 0.688 0.815 0.906 0.978 1.055 1.116 1.165 1.198 1.219 1.227 1.264 1.25 1.262 1.28 1.321 1.345 1.271 1.269 1.27 1.27 1.271 1.269 1.265 1.258 1.233 1.23 1.207 1.194 1.147 1.132 1.16 1.205 1.233 1.239 1.227 1.2 1.159 1.1 1.013 0.978
