data/climatemaps/RS_maps/climate_breeding_tmp_2017.asc
NCOLS 369 
NROWS 228 
XLLCORNER 479000 
YLLCORNER 73000 
CELLSIZE 1000 
NODATA_value -9 
[rows 0 to 33 of 228, columns 154 to 230 of 369]
-9 -9 -9 -9 -9 -9 -9 -9 -9 -9 -9 -9 -9 -9 -9 -9 -9 -9 -9 -9 -9 -9 -9 -9 -9 -9 -9 -9 -9 -9 -9 -9 -9 -9 -9 -9 0.66 0.68 0.704 0.729 0.747 0.776 0.774 0.756 0.764 0.715 0.794 0.612 0.545 0.584 0.652 0.655 0.663 0.672 0.682 0.628 0.635 0.647 0.587 0.627 0.674 0.709 0.697 0.723 0.773 0.864 0.957 0.934 0.962 0.958 0.952 0.964 -9 -9 -9 -9 -9
-9 -9 -9 -9 -9 -9 -9 -9 -9 -9 -9 -9 -9 -9 -9 -9 -9 -9 -9 -9 -9 -9 -9 -9 -9 -9 -9 -9 -9 -9 -9 -9 -9 -9 -9 0.692 0.685 0.706 0.743 0.717 0.691 0.718 0.763 0.793 0.809 0.852 0.865 0.673 0.629 0.664 0.702 0.693 0.665 0.611 0.664 0.613 0.593 0.629 0.639 0.688 0.74 0.787 0.76 0.776 0.74 0.882 0.984 0.957 0.975 1.012 1 1.011 1.029 1.034 1.026 -9 -9
-9 -9 -9 -9 -9 -9 -9 -9 -9 -9 -9 -9 -9 -9 -9 -9 -9 -9 -9 -9 -9 -9 -9 -9 -9 -9 -9 -9 -9 -9 -9 -9 -9 -9 -9 0.623 0.663 0.664 0.672 0.636 0.643 0.654 0.66 0.682 0.741 0.819 0.892 0.758 0.623 0.687 0.689 0.637 0.618 0.569 0.646 0.606 0.579 0.662 0.705 0.755 0.802 0.794 0.789 0.847 0.809 0.95 1.013 1.022 1.027 1.04 1.037 1.035 1.038 1.052 1.065 1.069 -9
-9 -9 -9 -9 -9 -9 -9 -9 -9 -9 -9 -9 -9 -9 -9 -9 -9 -9 -9 -9 -9 -9 -9 -9 -9 -9 -9 -9 -9 -9 -9 -9 -9 -9 0.507 0.499 0.533 0.553 0.572 0.58 0.593 0.605 0.629 0.676 0.676 0.715 0.828 0.795 0.683 0.754 0.727 0.6 0.583 0.571 0.625 0.616 0.671 0.726 0.773 0.797 0.844 0.794 0.828 0.902 0.946 0.998 1.036 1.039 1.055 1.057 1.053 1.046 1.04 1.071 1.086 1.088 1.041
-9 -9 -9 -9 -9 -9 -9 -9 -9 -9 -9 -9 -9 -9 -9 -9 -9 -9 -9 -9 -9 -9 -9 -9 -9 -9 -9 -9 -9 -9 -9 -9 -9 0.508 0.522 0.502 0.513 0.541 0.553 0.572 0.591 0.631 0.682 0.769 0.723 0.733 0.785 0.858 0.824 0.838 0.744 0.608 0.57 0.594 0.631 0.688 0.748 0.797 0.825 0.851 0.896 0.841 0.882 0.944 0.971 0.954 0.94 0.909 0.998 1.053 1.078 1.08 1.068 1.065 1.087 1.096 1.081
-9 -9 -9 -9 -9 -9 -9 -9 -9 -9 -9 -9 -9 -9 -9 -9 -9 -9 -9 -9 -9 -9 -9 -9 -9 -9 -9 -9 -9 -9 -9 -9 -9 0.554 0.575 0.564 0.559 0.596 0.607 0.617 0.621 0.662 0.693 0.772 0.811 0.794 0.847 0.857 0.885 0.805 0.61 0.605 0.621 0.627 0.679 0.728 0.795 0.819 0.881 0.882 0.924 0.909 0.96 1.01 0.973 0.92 0.946 0.898 0.879 0.918 1.05 1.089 1.088 1.085 1.096 1.088 1.068
-9 -9 -9 -9 -9 -9 -9 -9 -9 -9 -9 -9 -9 -9 -9 -9 -9 -9 -9 -9 -9 -9 -9 -9 -9 -9 -9 -9 -9 -9 -9 -9 0.557 0.591 0.603 0.622 0.612 0.687 0.693 0.664 0.654 0.705 0.7 0.761 0.779 0.871 0.865 0.872 0.864 0.789 0.561 0.605 0.692 0.699 0.757 0.729 0.764 0.815 0.88 0.947 0.969 1.003 1.012 0.987 0.806 0.697 0.892 0.97 0.93 0.89 0.996 1.096 1.097 1.101 1.096 1.065 1.035
-9 -9 -9 -9 -9 -9 -9 -9 -9 -9 -9 -9 -9 -9 -9 -9 -9 -9 -9 -9 -9 -9 -9 -9 -9 -9 -9 -9 -9 -9 -9 0.487 0.553 0.619 0.601 0.624 0.646 0.725 0.78 0.708 0.721 0.766 0.777 0.834 0.799 0.855 0.922 0.897 0.818 0.777 0.541 0.482 0.609 0.661 0.718 0.773 0.792 0.87 0.911 0.952 0.986 0.987 0.978 0.957 0.803 0.728 0.849 0.947 0.96 0.901 1.035 1.105 1.107 1.106 1.08 1.051 1.058
-9 -9 -9 -9 -9 -9 -9 -9 -9 -9 -9 -9 -9 -9 -9 -9 -9 -9 -9 -9 -9 -9 -9 -9 -9 -9 -9 -9 -9 -9 0.484 0.549 0.59 0.657 0.639 0.591 0.606 0.696 0.8 0.817 0.852 0.874 0.898 0.937 0.888 0.929 0.924 0.798 0.835 0.817 0.733 0.465 0.519 0.567 0.657 0.798 0.685 0.816 0.911 0.997 0.966 0.997 0.998 0.975 0.898 0.836 0.898 0.96 0.988 0.947 1.059 1.098 1.093 1.089 1.069 1.078 1.095
-9 -9 -9 -9 -9 -9 -9 -9 -9 -9 -9 -9 -9 -9 -9 -9 -9 -9 -9 -9 -9 -9 -9 -9 -9 -9 -9 -9 -9 -9 0.507 0.549 0.599 0.665 0.688 0.604 0.601 0.68 0.695 0.713 0.761 0.798 0.803 0.852 0.979 0.969 0.873 0.883 0.875 0.884 0.788 0.517 0.6 0.722 0.789 0.755 0.653 0.719 0.8 0.925 1.012 0.971 0.999 1.032 0.99 0.927 1.002 1.022 1.021 0.973 1.023 1.102 1.101 1.095 1.094 1.108 1.117
-9 -9 -9 -9 -9 -9 -9 -9 -9 -9 -9 -9 -9 -9 -9 -9 -9 -9 -9 -9 -9 -9 -9 -9 -9 -9 -9 -9 -9 0.495 0.504 0.546 0.567 0.62 0.712 0.714 0.639 0.648 0.687 0.722 0.78 0.824 0.84 0.902 1 0.908 0.964 0.933 0.89 0.856 0.652 0.541 0.66 0.735 0.872 0.811 0.734 0.776 0.799 0.827 1.001 0.994 0.996 1.007 1.047 1.047 1.054 1.046 1.046 1.009 1.033 1.114 1.114 1.112 1.112 1.123 1.118
-9 -9 -9 -9 -9 -9 -9 -9 -9 -9 -9 -9 -9 -9 -9 -9 -9 -9 -9 -9 -9 -9 -9 -9 -9 -9 -9 -9 0.43 0.488 0.557 0.597 0.602 0.639 0.73 0.733 0.691 0.669 0.698 0.729 0.763 0.886 0.91 1.005 0.976 0.99 0.955 0.889 0.789 0.647 0.617 0.574 0.688 0.741 0.835 0.885 0.816 0.809 0.849 0.88 0.979 1.058 1.041 1.004 1.049 1.05 1.004 0.991 1.053 1.046 1.085 1.116 1.116 1.117 1.118 1.121 1.134
-9 -9 -9 -9 -9 -9 -9 -9 -9 -9 -9 -9 -9 -9 -9 -9 -9 -9 -9 -9 -9 -9 -9 -9 -9 -9 -9 -9 0.473 0.51 0.557 0.616 0.641 0.64 0.721 0.742 0.679 0.707 0.751 0.766 0.795 0.888 1.045 1.011 1.012 0.988 0.917 0.894 0.75 0.573 0.558 0.636 0.685 0.729 0.78 0.938 0.866 0.873 0.896 0.958 1.026 1.05 1.06 1.063 1.081 1.069 1.039 1.037 1.082 1.075 1.046 1.108 1.122 1.12 1.096 1.128 1.15
-9 -9 -9 -9 -9 -9 -9 -9 -9 -9 -9 -9 -9 -9 -9 -9 -9 -9 -9 -9 -9 -9 -9 -9 -9 -9 -9 -9 0.526 0.545 0.581 0.631 0.689 0.663 0.723 0.747 0.686 0.771 0.816 0.787 0.835 0.917 1.019 0.951 0.958 0.963 0.929 0.841 0.664 0.528 0.609 0.706 0.789 0.812 0.825 0.957 0.932 0.924 0.966 1.029 1.037 1.029 1.024 1.037 1.083 1.104 1.107 1.1 1.095 1.097 1.089 1.123 1.131 1.126 1.108 1.104 1.114
-9 -9 -9 -9 -9 -9 -9 -9 -9 -9 -9 -9 -9 -9 -9 -9 -9 -9 -9 -9 -9 -9 0.38 0.46 0.645 0.575 0.537 0.599 0.583 0.61 0.634 0.68 0.736 0.722 0.767 0.825 0.74 0.875 0.815 0.832 0.93 0.963 1.03 0.952 0.899 0.951 0.936 0.879 0.799 0.643 0.672 0.772 0.781 0.836 0.871 0.954 0.986 1.001 1.048 1.064 1.029 1.034 1.041 1.023 1.04 1.093 1.116 1.118 1.108 1.103 1.129 1.122 1.121 1.136 1.153 1.152 1.154
-9 -9 -9 -9 -9 -9 -9 -9 -9 -9 -9 -9 -9 -9 -9 -9 -9 -9 0.67 0.564 0.401 0.422 0.431 0.484 0.567 0.73 0.557 0.618 0.647 0.677 0.703 0.744 0.794 0.773 0.828 0.871 0.8 0.952 0.834 0.89 1.01 1.022 0.976 0.941 0.964 0.985 0.973 0.99 0.917 0.74 0.741 0.88 0.804 0.851 0.887 0.956 1.024 1.076 1.075 1.051 1.052 1.077 1.083 1.026 0.984 1.025 1.088 1.098 1.121 1.129 1.133 1.127 1.104 1.109 1.104 1.099 1.126
-9 -9 -9 -9 -9 -9 -9 -9 -9 -9 -9 -9 -9 -9 -9 -9 -9 0.542 0.701 0.49 0.462 0.498 0.528 0.576 0.603 0.822 0.667 0.655 0.709 0.745 0.749 0.803 0.817 0.801 0.903 0.882 0.826 0.995 0.915 0.988 1.039 0.985 0.943 0.969 1.062 1.044 1.039 1.041 1.018 0.922 0.895 0.911 0.887 0.883 0.921 1.014 1.074 1.086 1.068 1.052 1.094 1.114 1.118 1.063 0.984 0.946 0.923 0.925 0.974 1.118 1.131 1.018 0.867 0.849 0.877 0.856 0.881
-9 -9 -9 -9 -9 -9 -9 -9 -9 -9 -9 -9 -9 -9 -9 0.439 0.467 0.547 0.694 0.512 0.517 0.555 0.64 0.662 0.705 0.803 0.823 0.746 0.741 0.806 0.818 0.834 0.828 0.888 0.953 0.874 0.863 0.964 1.029 1.067 1.01 0.964 0.991 1.068 1.111 1.094 1.088 1.076 1.077 1.056 1.054 1.037 1.031 1.009 0.984 1.049 1.118 1.112 1.078 1.086 1.133 1.145 1.129 1.114 1.102 1.071 1.029 1.05 1.043 1.049 1.137 1.075 0.896 0.922 0.906 0.821 0.799
0.539 0.563 0.542 0.458 -9 -9 -9 -9 -9 -9 -9 -9 -9 -9 0.476 0.507 0.545 0.566 0.723 0.576 0.557 0.585 0.673 0.696 0.735 0.727 0.832 0.86 0.852 0.869 0.835 0.814 0.889 0.978 0.92 0.882 0.919 0.977 1.084 1.042 0.988 0.954 1.069 1.12 1.126 1.114 1.102 1.089 1.067 1.054 1.089 1.08 1.023 1.008 0.985 1.084 1.095 1.068 1.117 1.14 1.148 1.134 1.133 1.133 1.126 1.136 1.133 1.115 1.078 1.093 1.149 1.113 1.01 0.947 0.883 0.854 0.851
0.597 0.697 0.525 0.474 0.606 0.626 0.568 0.368 -9 -9 -9 -9 0.428 0.529 0.555 0.606 0.589 0.628 0.723 0.627 0.625 0.638 0.664 0.68 0.712 0.738 0.781 0.91 0.951 0.845 0.791 0.835 0.965 0.999 0.913 0.915 0.973 1.078 1.07 1.008 0.971 1.019 1.119 1.13 1.098 1.063 1.047 0.999 0.988 0.908 0.96 0.97 0.975 1.021 1.074 1.136 1.065 0.928 0.971 1.034 1.115 1.135 1.113 1.075 1.122 1.133 1.121 1.096 1.089 1.136 1.145 1.113 0.988 0.966 0.915 0.935 0.884
0.808 0.826 0.565 0.638 0.726 0.634 0.436 0.389 0.421 -9 -9 0.426 0.429 0.518 0.571 0.652 0.633 0.741 0.705 0.681 0.683 0.688 0.726 0.757 0.773 0.8 0.776 0.93 0.985 0.84 0.813 0.869 1.001 1.053 0.955 0.966 1.016 1.128 1.056 0.998 1.038 1.103 1.134 1.122 1.087 1.005 0.91 0.828 0.847 0.896 0.884 0.917 0.992 1.08 1.135 1.116 1.064 1.004 0.945 0.926 1.031 1.123 1.081 1.069 1.1 1.127 1.105 1.021 1.039 1.08 1.113 1.13 1.092 0.998 1.003 1.044 1.003
0.958 0.94 0.687 0.817 0.654 0.477 0.333 0.423 0.49 0.488 0.493 0.446 0.481 0.551 0.575 0.657 0.732 0.77 0.71 0.756 0.739 0.709 0.746 0.751 0.796 0.905 0.872 0.991 0.979 0.864 0.889 0.919 1.02 1.091 1.032 1.051 1.111 1.108 1.028 0.982 1.073 1.134 1.134 1.128 1.109 1.054 0.925 0.846 0.853 0.881 0.912 0.96 1.048 1.102 1.137 1.156 1.114 1.07 0.98 0.93 1.01 1.099 1.09 1.065 1.093 1.095 1.099 1.114 1.086 1.037 1.067 1.105 1.143 1.137 1.141 1.135 1.12
1.058 1.053 0.852 0.927 0.638 0.394 0.326 0.405 0.474 0.531 0.497 0.496 0.548 0.602 0.637 0.71 0.815 0.76 0.788 0.812 0.791 0.72 0.77 0.838 0.812 0.865 0.975 1.075 1.007 0.912 0.979 0.94 1.056 1.109 1.065 1.129 1.157 1.052 0.977 1.07 1.125 1.144 1.133 1.121 1.047 1.067 0.953 0.924 0.94 0.957 0.989 1.052 1.088 1.104 1.167 1.153 1.147 1.123 1.082 1 0.995 1.057 1.069 1.067 1.07 1.07 1.104 1.118 1.039 0.889 0.93 1.021 1.076 1.108 1.142 1.158 1.166
1.1 1.13 1.038 0.932 0.706 0.507 0.391 0.413 0.49 0.543 0.526 0.545 0.61 0.666 0.711 0.808 0.838 0.804 0.855 0.842 0.776 0.807 0.828 0.849 0.957 0.89 0.958 1.142 1.04 1.031 1.051 1.072 1.133 1.137 1.12 1.18 1.135 0.991 1.023 1.139 1.152 1.131 1.116 1.095 0.904 0.913 0.958 1.009 1.008 1.005 1.017 1.082 1.092 1.131 1.184 1.166 1.147 1.13 1.127 1.075 1.038 1.033 1.034 1.044 1.041 1.053 1.104 1.119 1.049 0.895 0.877 0.911 0.93 0.985 1.059 1.053 1.034
1.093 1.169 1.153 0.838 0.573 0.535 0.508 0.537 0.527 0.565 0.529 0.567 0.637 0.73 0.792 0.84 0.897 0.893 0.831 0.81 0.892 0.867 0.983 0.884 1.013 0.948 0.99 1.165 1.191 1.193 1.19 1.194 1.198 1.159 1.18 1.17 1.089 1.041 1.04 1.152 1.131 1.109 1.112 0.98 0.936 0.904 0.92 0.957 0.955 1.022 1.034 1.018 1.095 1.138 1.17 1.163 1.15 1.13 1.127 1.119 1.116 1.072 1.059 1.047 1.048 1.046 1.08 1.11 1.091 1.025 0.97 0.917 0.847 0.883 0.967 0.974 0.93
1.076 1.185 1.171 0.849 0.5 0.524 0.571 0.61 0.656 0.667 0.572 0.606 0.679 0.782 0.871 0.952 0.966 0.924 0.871 0.927 1 0.953 1.049 0.992 1.043 1.102 1.081 1.136 1.236 1.245 1.184 1.214 1.214 1.201 1.196 1.138 1.118 1.106 1.133 1.151 1.139 1.1 1.038 0.946 0.934 0.967 0.998 0.973 0.961 0.969 0.974 1.026 1.111 1.151 1.171 1.16 1.173 1.148 1.138 1.123 1.126 1.103 1.098 1.083 1.051 1.04 1.049 1.093 1.101 1.075 1.059 1.015 0.918 0.868 0.872 0.893 0.847
1.056 1.164 1.159 0.96 0.556 0.527 0.608 0.667 0.689 0.749 0.721 0.681 0.706 0.784 0.833 0.954 0.942 0.957 1.019 1.089 1.093 1.096 1.138 1.217 1.261 1.246 1.134 1.227 1.252 1.242 1.231 1.178 1.154 1.17 1.188 1.176 1.163 1.162 1.15 1.144 1.05 0.961 0.974 1.039 1.024 1.025 1.026 1.018 1.038 1.045 1.041 1.037 1.105 1.17 1.187 1.166 1.181 1.153 1.135 1.131 1.123 1.104 1.116 1.107 1.081 1.042 1.025 1.05 1.069 1.059 1.088 1.091 1.054 1.024 0.963 0.906 0.837
1.058 1.122 1.227 1.065 0.675 0.569 0.623 0.69 0.712 0.756 0.776 0.82 0.846 0.831 0.883 0.966 1.025 1.057 1.106 1.126 1.14 1.2 1.271 1.28 1.231 1.261 1.239 1.252 1.226 1.254 1.265 1.235 1.091 1.042 1.141 1.136 1.131 1.094 1.044 1.008 0.894 0.916 0.868 0.979 0.974 1.012 1.046 1.079 1.113 1.115 1.099 1.053 1.094 1.177 1.193 1.168 1.15 1.146 1.162 1.175 1.159 1.13 1.143 1.133 1.081 1.057 1.041 1.033 1.024 1.004 1.043 1.074 1.087 1.077 1.079 1.058 1.037
1.162 1.115 1.243 1.133 0.799 0.624 0.682 0.714 0.758 0.793 0.788 0.852 0.912 0.894 0.93 1.046 1.074 1.108 1.152 1.197 1.262 1.285 1.277 1.251 1.173 1.227 1.258 1.217 1.16 1.164 1.254 1.259 1.194 1.084 1.074 1.05 1.007 0.921 0.858 0.897 0.922 0.916 0.935 0.977 0.986 1.04 1.103 1.149 1.139 1.124 1.105 1.094 1.129 1.191 1.2 1.184 1.156 1.16 1.197 1.19 1.166 1.151 1.16 1.168 1.155 1.143 1.131 1.087 1.036 0.996 1.01 1.032 1.05 1.049 1.049 1.086 1.108
1.217 1.161 1.255 1.131 0.832 0.685 0.691 0.734 0.784 0.858 0.844 0.907 0.979 1.013 1.021 1.071 1.145 1.191 1.231 1.271 1.273 1.258 1.236 1.197 1.193 1.25 1.267 1.2 1.106 1.049 1.183 1.251 1.237 1.195 1.1 1.038 0.944 0.926 0.926 1.023 1.023 0.999 1.086 1.1 1.122 1.14 1.152 1.16 1.132 1.121 1.108 1.106 1.187 1.212 1.211 1.193 1.15 1.134 1.118 1.134 1.114 1.1 1.109 1.134 1.164 1.176 1.158 1.174 1.168 1.142 1.078 1.03 1.052 1.05 1.071 1.099 1.115
1.294 1.286 1.289 1.155 0.904 0.755 0.733 0.784 0.863 0.931 0.951 1.003 1.032 1.087 1.117 1.141 1.188 1.247 1.225 1.232 1.152 1.1 1.13 1.126 1.201 1.251 1.279 1.238 1.136 1.007 1.094 1.179 1.241 1.227 1.14 0.974 0.961 1.022 1.1 1.144 1.059 1.055 1.155 1.174 1.181 1.181 1.172 1.168 1.147 1.072 1.06 1.075 1.2 1.218 1.207 1.168 1.118 1.082 1.032 1.097 1.103 1.083 1.068 1.078 1.083 1.138 1.163 1.169 1.182 1.186 1.187 1.17 1.168 1.16 1.171 1.17 1.174
1.237 1.282 1.307 1.206 1.046 0.887 0.87 0.932 0.971 1.041 1.059 1.094 1.107 1.158 1.182 1.222 1.251 1.234 1.108 1.082 1.033 0.995 1.024 1.089 1.153 1.205 1.252 1.27 1.226 1.063 1.084 1.08 1.181 1.226 1.202 1.105 1.11 1.163 1.189 1.174 1.156 1.135 1.194 1.191 1.191 1.144 1.075 1.07 1.143 1.141 1.062 1.035 1.119 1.146 1.15 1.125 1.113 1.094 1.023 1.034 1.1 1.083 1.043 1.027 1.027 1.043 1.096 1.102 1.127 1.147 1.167 1.182 1.181 1.181 1.184 1.172 1.174
1.238 1.262 1.314 1.259 1.19 1.143 1.14 1.144 1.105 1.107 1.154 1.195 1.204 1.227 1.246 1.281 1.272 1.165 1.123 1.086 1.101 1.05 0.987 1.064 1.084 1.138 1.229 1.265 1.234 1.159 1.146 1.059 1.065 1.114 1.075 1.129 1.132 1.152 1.135 1.13 1.176 1.186 1.194 1.138 1.153 1.178 1.145 1.077 1.116 1.035 1.118 1.091 1.007 0.985 1.086 1.102 1.049 1.033 1.001 0.978 1.079 1.065 1.029 1.045 1.03 1.024 1.078 1.088 1.07 1.097 1.137 1.152 1.149 1.15 1.162 1.155 1.156
1.241 1.278 1.316 1.298 1.269 1.282 1.294 1.292 1.261 1.23 1.251 1.271 1.279 1.256 1.161 1.241 1.185 1.05 1.104 1.164 1.135 1.074 0.986 1.026 1.067 1.127 1.243 1.238 1.208 1.167 1.168 1.075 0.971 1.031 1.018 1.011 1.086 1.071 1.011 1.078 1.069 1.106 1.095 1.002 1.101 1.144 1.115 1.153 1.129 1.052 1.077 1.157 0.936 0.834 0.943 1.032 1.003 0.965 0.953 1.009 1.063 1.086 1.07 1.062 1.02 1.025 1.059 1.09 1.106 1.107 1.113 1.126 1.132 1.12 1.115 1.108 1.126
