data/climatemaps/RS_maps/climate_breeding_tmp_2003.asc
NCOLS 369 
NROWS 228 
XLLCORNER 479000 
YLLCORNER 73000 
CELLSIZE 1000 
NODATA_value -9 
[rows 170 to 203 of 228, columns 0 to 76 of 369]
-9 -9 0.333 0.303 0.363 0.614 0.694 0.288 -0.025 -0.136 0.129 0.522 0.975 1.207 1.268 1.294 1.306 1.31 1.337 1.374 1.39 1.394 1.428 1.45 1.477 1.515 1.518 1.518 1.518 1.518 1.467 1.436 1.424 1.424 1.436 1.439 1.435 1.431 1.405 1.387 1.366 1.344 1.332 1.331 1.173 1.086 1.152 1.158 1.125 0.934 -9 -9 -9 -9 -9 -9 -9 -9 0.441 0.468 0.631 0.791 0.615 0.304 0.054 -0.173 -0.171 -0.221 -0.306 -0.396 -0.678 -0.627 -0.412 -0.189 -0.1 0.061 0.319
-9 0.349 0.28 0.305 0.5 0.749 0.517 0.153 -0.11 0.04 0.436 0.814 1.153 1.254 1.302 1.33 1.347 1.354 1.377 1.398 1.405 1.411 1.44 1.468 1.508 1.528 1.528 1.525 1.523 1.5 1.453 1.44 1.44 1.438 1.435 1.41 1.313 1.184 1.148 1.312 1.334 1.305 1.293 1.307 1.168 1.126 1.147 1.123 0.996 -9 -9 -9 -9 -9 -9 -9 -9 -9 0.319 0.1 0.321 0.612 0.767 0.544 0.232 0.055 -0.032 -0.197 -0.381 -0.285 -0.126 -0.343 -0.463 -0.433 -0.203 0.029 0.158
0.353 0.312 0.254 0.327 0.701 0.665 0.28 0.052 -0.059 0.244 0.662 1.013 1.237 1.279 1.329 1.359 1.372 1.383 1.395 1.401 1.415 1.43 1.455 1.501 1.528 1.528 1.528 1.528 1.524 1.479 1.452 1.44 1.442 1.432 1.391 1.221 1.094 1.032 1.149 1.31 1.321 1.29 1.283 1.265 1.206 -9 -9 -9 -9 -9 -9 -9 -9 -9 -9 -9 -9 -9 0.538 -0.025 -0.005 0.395 0.7 0.242 0.018 0.037 -0.073 -0.235 -0.278 -0.175 0.103 -0.058 -0.27 -0.362 -0.27 0.017 0.096
0.291 0.231 0.237 0.449 0.762 0.366 0.014 -0.073 0.087 0.495 0.893 1.181 1.292 1.315 1.35 1.379 1.386 1.379 1.388 1.414 1.431 1.451 1.477 1.525 1.533 1.529 1.528 1.528 1.512 1.471 1.446 1.438 1.429 1.419 1.33 1.202 1.164 1.206 1.285 1.324 1.302 1.286 1.273 1.234 1.184 -9 -9 -9 -9 -9 -9 -9 -9 -9 -9 -9 -9 -9 0.479 -0.165 -0.146 0.515 0.644 0.197 -0.103 -0.18 -0.022 0.16 0.22 0.277 0.392 0.307 0.079 -0.187 -0.406 -0.244 -0.145
0.207 0.184 0.275 0.615 0.663 0.056 -0.196 0.007 0.33 0.78 1.126 1.296 1.342 1.362 1.38 1.396 1.394 1.378 1.399 1.433 1.45 1.469 1.491 1.533 1.536 1.536 1.531 1.517 1.476 1.463 1.444 1.431 1.422 1.394 1.301 1.203 1.235 1.286 1.296 1.313 1.294 1.285 1.253 1.205 1.129 -9 -9 -9 -9 -9 -9 -9 -9 -9 -9 -9 -9 -9 -9 0.132 0.186 0.472 0.457 0.571 0.307 0.027 0.346 0.516 0.421 0.338 0.35 0.416 0.394 0.041 -0.212 -0.382 -0.488
0.161 0.252 0.535 0.742 0.332 -0.189 -0.118 0.347 0.719 1.062 1.277 1.357 1.384 1.401 1.409 1.409 1.399 1.39 1.42 1.45 1.463 1.476 1.498 1.54 1.543 1.543 1.536 1.484 1.456 1.457 1.441 1.422 1.415 1.379 1.297 1.226 1.263 1.287 1.288 1.298 1.276 1.241 1.188 1.093 0.933 -9 -9 -9 -9 -9 -9 -9 -9 -9 -9 -9 -9 -9 -9 -9 0.039 0.119 0.306 0.486 0.477 0.567 0.403 0.265 0.071 0.006 -0.163 0.095 0.378 0.388 0.141 -0.253 -0.556
0.343 0.409 0.778 0.358 -0.085 -0.139 0.117 0.663 1.045 1.26 1.355 1.389 1.41 1.42 1.42 1.412 1.4 1.416 1.445 1.463 1.46 1.477 1.51 1.541 1.543 1.536 1.515 1.461 1.45 1.447 1.436 1.413 1.402 1.367 1.3 1.25 1.263 1.26 1.261 1.258 1.221 1.137 1 0.833 0.661 0.5 -9 -9 -9 -9 -9 -9 -9 -9 -9 -9 -9 -9 -9 -9 0.005 -0.145 0.005 -0.068 0.171 0.501 0.315 -0.063 -0.3 -0.389 -0.588 -0.178 -0.061 0.177 0.378 -0.049 -0.446
0.365 0.843 0.658 0.095 -0.2 0.084 0.572 0.932 1.237 1.359 1.399 1.418 1.425 1.435 1.417 1.409 1.425 1.447 1.468 1.477 1.483 1.506 1.535 1.543 1.542 1.518 1.485 1.447 1.448 1.439 1.421 1.399 1.386 1.354 1.309 1.276 1.186 1.172 1.172 1.156 1.053 0.897 0.665 0.528 0.462 0.576 -9 -9 -9 -9 -9 -9 -9 -9 -9 -9 -9 -9 -9 -9 -9 -0.227 -0.051 -0.193 0.025 0.267 0.448 0.28 -0.169 -0.772 -0.868 -0.541 -0.327 0.06 0.376 -0.086 -0.377
0.522 0.979 0.817 0.243 0.002 0.452 0.826 1.126 1.325 1.403 1.423 1.437 1.437 1.425 1.42 1.439 1.461 1.465 1.472 1.481 1.488 1.518 1.543 1.543 1.541 1.501 1.464 1.448 1.447 1.426 1.415 1.393 1.37 1.346 1.322 1.259 1.008 0.951 0.942 0.909 0.8 0.607 0.386 0.447 0.473 0.686 -9 -9 -9 -9 -9 -9 -9 -9 -9 -9 -9 -9 -9 -9 0.235 0.257 0.158 -0.348 -0.242 0.294 0.073 0.239 0.051 -0.468 -0.607 -0.22 0.165 0.309 0.129 -0.081 -0.516
0.896 1 0.713 0.17 0.282 0.736 1.031 1.258 1.389 1.434 1.445 1.458 1.446 1.437 1.448 1.474 1.457 1.466 1.48 1.458 1.445 1.516 1.543 1.543 1.539 1.471 1.437 1.452 1.452 1.42 1.409 1.383 1.357 1.338 1.314 1.164 0.795 0.582 0.616 0.691 0.753 0.444 0.328 0.568 0.693 0.768 -9 -9 -9 -9 -9 -9 -9 -9 -9 -9 -9 -9 -9 -9 0.653 0.366 -0.036 -0.449 -0.303 -0.038 -0.305 0.013 0.115 -0.199 -0.312 0.06 0.001 -0.11 -0.316 -0.023 -0.185
1.092 0.811 0.346 0.242 0.603 0.974 1.168 1.332 1.425 1.456 1.458 1.435 1.416 1.46 1.475 1.461 1.46 1.474 1.466 1.435 1.45 1.521 1.547 1.543 1.508 1.412 1.423 1.438 1.458 1.42 1.398 1.374 1.345 1.34 1.275 1.004 0.553 0.244 0.41 0.734 0.807 0.512 0.484 0.728 0.837 0.708 -9 -9 -9 -9 -9 -9 -9 -9 -9 -9 -9 -9 -9 -9 0.795 0.308 -0.15 -0.396 -0.641 -0.546 -0.54 -0.129 -0.173 -0.219 -0.061 -0.045 -0.463 -0.486 -0.275 0.016 0.019
0.985 0.494 0.148 0.536 0.931 1.163 1.297 1.389 1.438 1.472 1.438 1.387 1.431 1.488 1.478 1.467 1.458 1.479 1.462 1.449 1.491 1.53 1.552 1.533 1.415 1.412 1.455 1.459 1.459 1.42 1.389 1.357 1.363 1.324 1.18 0.8 0.437 0.194 0.445 0.809 0.886 0.729 0.768 0.886 0.829 0.529 -9 -9 -9 -9 -9 -9 -9 -9 -9 -9 -9 -9 -9 -9 0.699 0.53 0.187 -0.209 -0.572 -0.502 -0.515 -0.408 -0.281 -0.325 -0.119 -0.279 -0.641 -0.582 -0.083 -0.218 -0.316
0.758 0.275 0.394 0.853 1.121 1.278 1.376 1.415 1.439 1.479 1.431 1.416 1.484 1.491 1.48 1.478 1.494 1.5 1.481 1.482 1.5 1.538 1.55 1.495 1.439 1.457 1.466 1.463 1.454 1.414 1.399 1.382 1.328 1.234 1.016 0.708 0.415 0.182 0.442 0.836 0.981 0.943 0.93 0.911 0.739 -9 -9 -9 -9 -9 -9 -9 -9 -9 -9 -9 -9 -9 -9 0.272 0.437 0.668 0.382 -0.159 -0.269 -0.012 -0.046 -0.012 0.006 -0.236 -0.369 -0.441 -0.699 -0.377 -0.17 -0.424 -0.308
0.446 0.308 0.711 1.071 1.231 1.325 1.398 1.405 1.426 1.485 1.472 1.478 1.523 1.521 1.517 1.513 1.522 1.503 1.495 1.507 1.533 1.532 1.515 1.475 1.469 1.468 1.468 1.463 1.456 1.433 1.379 1.346 1.301 1.081 0.882 0.662 0.379 0.288 0.54 0.882 1.016 0.939 0.797 0.756 0.547 -9 -9 -9 -9 -9 -9 -9 -9 -9 -9 -9 -9 -9 -9 0.092 0.176 0.66 0.556 0.268 0.288 0.21 0.148 0.046 -0.036 -0.144 -0.354 -0.633 -0.655 -0.288 -0.473 -0.497 -0.215
0.247 0.551 0.98 1.213 1.312 1.36 1.41 1.385 1.41 1.484 1.507 1.523 1.548 1.542 1.527 1.511 1.51 1.51 1.489 1.513 1.537 1.511 1.488 1.48 1.487 1.477 1.475 1.467 1.452 1.418 1.38 1.347 1.296 1.137 0.949 0.675 0.352 0.319 0.673 0.919 1.031 0.834 0.673 0.656 0.386 -9 -9 -9 -9 -9 -9 -9 -9 -9 -9 -9 -9 -9 -9 -0.107 0.096 0.513 0.682 0.621 0.33 -0.028 -0.17 -0.167 -0.262 -0.371 -0.313 -0.601 -0.681 -0.553 -0.677 -0.515 -0.245
0.403 0.79 1.124 1.329 1.38 1.394 1.416 1.392 1.452 1.525 1.538 1.55 1.517 1.509 1.5 1.491 1.483 1.487 1.496 1.523 1.531 1.511 1.498 1.491 1.51 1.495 1.494 1.483 1.449 1.375 1.359 1.366 1.34 1.259 1.107 0.865 0.576 0.507 0.892 1.007 0.951 0.726 0.784 0.612 0.398 -9 -9 -9 -9 -9 -9 -9 -9 -9 -9 -9 -9 -9 -9 -0.043 0.108 0.424 0.591 0.638 0.397 0.028 0.094 0.16 -0.004 -0.36 -0.484 -0.648 -0.768 -0.661 -0.477 -0.288 -0.091
0.526 0.946 1.263 1.388 1.421 1.417 1.43 1.45 1.525 1.544 1.519 1.504 1.479 1.472 1.463 1.448 1.485 1.5 1.512 1.519 1.507 1.497 1.493 1.492 1.515 1.505 1.444 1.39 1.454 1.4 1.36 1.378 1.366 1.346 1.235 1.067 0.867 0.753 1.087 0.878 0.769 0.812 0.812 0.497 -9 -9 -9 -9 -9 -9 -9 -9 -9 -9 -9 -9 -9 -9 -9 0.109 0.252 0.286 0.425 0.456 0.572 0.341 0.11 -0.047 -0.109 -0.486 -0.574 -0.775 -0.729 -0.518 -0.419 -0.24 0.16
0.498 1.064 1.359 1.429 1.438 1.453 1.451 1.508 1.547 1.51 1.485 1.477 1.459 1.452 1.453 1.465 1.505 1.503 1.492 1.489 1.483 1.481 1.477 1.475 1.469 1.35 1.183 1.231 1.425 1.429 1.398 1.383 1.363 1.364 1.338 1.269 1.145 1.05 1.166 0.901 0.837 0.926 0.776 -9 -9 -9 -9 -9 -9 -9 -9 -9 -9 -9 -9 -9 -9 -9 -0.027 -0.156 -0.094 0.161 0.274 0.164 0.482 0.194 -0.305 -0.567 -0.551 -0.834 -0.854 -0.754 -0.573 -0.397 -0.292 -0.161 0.407
0.448 1.054 1.358 1.431 1.483 1.459 1.48 1.563 1.548 1.498 1.489 1.47 1.464 1.449 1.48 1.492 1.484 1.468 1.446 1.443 1.454 1.46 1.448 1.414 1.166 0.919 1.034 1.286 1.385 1.433 1.418 1.4 1.386 1.371 1.342 1.31 1.277 1.244 1.208 0.956 1.026 1.032 0.745 -9 -9 -9 -9 -9 -9 -9 -9 -9 -9 -9 -9 -9 -9 -9 0.06 -0.193 -0.008 0.32 0.16 0.033 0.31 0.398 0.072 -0.4 -0.637 -0.694 -0.814 -0.56 -0.235 -0.095 0.061 0.2 0.479
0.32 0.953 1.355 1.429 1.479 1.515 1.547 1.586 1.56 1.53 1.503 1.474 1.462 1.454 1.47 1.468 1.444 1.433 1.418 1.41 1.422 1.401 1.328 1.13 0.641 0.696 1.117 1.274 1.316 1.431 1.448 1.432 1.423 1.411 1.378 1.331 1.262 1.193 1.203 1.128 1.14 1.104 -9 -9 -9 -9 -9 -9 -9 -9 -9 -9 -9 -9 -9 -9 -9 -9 0.012 0.104 0.322 0.34 0.126 0.016 0.078 -0.113 0.296 0.191 0.007 -0.174 -0.563 -0.424 -0.265 -0.16 -0.061 0.155 0.012
0.329 0.869 1.409 1.524 1.59 1.575 1.574 1.545 1.515 1.514 1.488 1.462 1.436 1.437 1.436 1.434 1.402 1.392 1.382 1.375 1.362 1.293 1.046 0.544 0.449 0.846 1.202 1.191 1.264 1.372 1.423 1.419 1.422 1.433 1.425 1.379 1.241 1.126 1.15 1.216 1.206 -9 -9 -9 -9 -9 -9 -9 -9 -9 -9 -9 -9 -9 -9 -9 -9 -9 0.208 0.392 0.361 0.18 0.056 -0.108 -0.065 -0.407 -0.094 0.223 0.139 0.019 -0.312 -0.512 -0.313 -0.168 -0.22 -0.553 -0.391
0.858 1.036 1.5 1.596 1.596 1.587 1.557 1.491 1.464 1.469 1.438 1.41 1.409 1.385 1.374 1.392 1.367 1.36 1.346 1.309 1.269 1.168 0.777 0.371 0.641 1.061 1.153 1.084 1.208 1.313 1.385 1.402 1.412 1.434 1.453 1.423 1.269 1.104 1.078 1.172 -9 -9 -9 -9 -9 -9 -9 -9 -9 -9 -9 -9 -9 -9 -9 -9 -9 -9 -9 0.339 0.209 -0.022 -0.012 -0.187 -0.164 -0.432 -0.351 -0.068 -0.169 -0.081 -0.479 -0.882 -0.886 -0.839 -1.069 -1.049 -0.84
1.252 1.376 1.502 1.518 1.497 1.472 1.475 1.45 1.441 1.428 1.408 1.406 1.39 1.341 1.346 1.345 1.334 1.31 1.276 1.195 1.136 0.963 0.545 0.503 0.837 1.124 1.04 1.04 1.171 1.287 1.344 1.38 1.407 1.417 1.449 1.45 1.36 1.139 -9 -9 -9 -9 -9 -9 -9 -9 -9 -9 -9 -9 -9 -9 -9 -9 -9 -9 -9 -9 -9 0.111 0.111 -0.03 -0.121 -0.081 -0.225 -0.388 -0.108 -0.186 -0.202 -0.459 -0.69 -0.87 -1.217 -1.139 -1.296 -1.157 -0.891
1.407 1.283 1.245 1.435 1.45 1.436 1.433 1.422 1.419 1.398 1.378 1.361 1.326 1.33 1.321 1.301 1.295 1.265 1.168 1.03 0.918 0.619 0.327 0.579 0.872 1.075 0.956 1.021 1.132 1.202 1.29 1.343 1.385 1.398 1.428 1.453 1.432 -9 -9 -9 -9 -9 -9 -9 -9 -9 -9 -9 -9 -9 -9 -9 -9 -9 -9 -9 -9 -9 -9 0.156 0.037 -0.053 -0.004 0.244 -0.031 -0.203 0.198 0.212 -0.027 -0.273 -0.577 -0.955 -1.163 -0.895 -0.872 -0.793 -0.666
1.416 1.407 1.027 1.3 1.391 1.384 1.369 1.36 1.348 1.333 1.295 1.29 1.261 1.277 1.276 1.242 1.23 1.186 1.098 0.924 0.64 0.287 0.361 0.724 0.937 0.947 0.907 1.043 1.004 1.051 1.224 1.307 1.355 1.392 1.407 -9 -9 -9 -9 -9 -9 -9 -9 -9 -9 -9 -9 -9 -9 -9 -9 -9 -9 -9 -9 -9 -9 -9 -9 0.61 0.388 0.21 0.293 0.419 0.23 0.109 0.347 0.518 0.064 -0.19 -0.539 -0.955 -1.244 -1.046 -0.498 -0.1 -0.014
1.479 1.509 1.027 1.121 1.263 1.278 1.258 1.261 1.224 1.199 1.187 1.2 1.186 1.184 1.164 1.138 1.172 1.141 1.02 0.732 0.294 0.314 0.635 0.855 0.904 0.791 0.885 1.018 0.897 0.955 1.132 1.275 1.336 1.388 -9 -9 -9 -9 -9 -9 -9 -9 -9 -9 -9 -9 -9 -9 -9 -9 -9 -9 -9 -9 -9 -9 -9 -9 -9 -9 0.934 0.77 0.705 0.679 0.612 0.465 0.466 0.686 0.034 -0.412 -0.83 -0.975 -1.019 -0.906 -0.192 0.314 -0.235
1.488 1.439 1.12 0.92 1.079 1.195 1.209 1.189 1.123 1.103 1.105 1.101 1.066 1.039 0.983 0.986 1.107 1.059 0.765 0.358 0.315 0.553 0.842 0.931 0.857 0.79 0.902 0.92 0.833 0.881 1.025 1.218 1.296 -9 -9 -9 -9 -9 -9 -9 -9 -9 -9 -9 -9 -9 -9 -9 -9 -9 -9 -9 -9 -9 -9 -9 -9 -9 -9 -9 1.058 1.052 1.01 0.962 0.892 0.793 0.734 0.538 -0.252 -0.632 -0.934 -0.707 -0.574 -0.581 0.16 0.243 -0.766
1.44 1.359 1.192 0.93 0.893 1.138 1.267 1.25 1.185 1.153 1.117 1.074 1.04 1.03 0.958 0.932 0.966 0.9 0.52 0.32 0.589 0.836 0.972 0.93 0.806 0.793 0.841 0.847 0.778 0.788 0.926 1.125 -9 -9 -9 -9 -9 -9 -9 -9 -9 -9 -9 -9 -9 -9 -9 -9 -9 -9 -9 -9 -9 -9 -9 -9 -9 -9 -9 -9 -9 0.95 1.023 1.05 1.025 1.008 0.97 0.556 0.061 -0.333 -0.657 -0.21 -0.14 -0.031 0.537 0.256 -0.667
1.391 1.369 1.266 1.092 0.819 1.014 1.273 1.324 1.273 1.224 1.115 1.168 1.178 1.201 1.089 1.009 0.88 0.638 0.426 0.517 0.794 0.943 0.989 0.854 0.767 0.758 0.794 0.772 0.762 0.787 0.855 -9 -9 -9 -9 -9 -9 -9 -9 -9 -9 -9 -9 -9 -9 -9 -9 -9 -9 -9 -9 -9 -9 -9 -9 -9 -9 -9 -9 -9 -9 -9 0.821 0.831 0.88 0.897 0.996 0.858 0.316 -0.157 -0.014 0.344 0.531 0.505 0.602 0.365 -0.469
1.408 1.441 1.351 1.223 0.968 0.848 1.233 1.359 1.343 1.235 1.181 1.289 1.31 1.291 1.183 1.122 0.9 0.593 0.557 0.732 0.931 1.026 0.998 0.858 0.768 0.769 0.783 0.817 0.848 -9 -9 -9 -9 -9 -9 -9 -9 -9 -9 -9 -9 -9 -9 -9 -9 -9 -9 -9 -9 -9 -9 -9 -9 -9 -9 -9 -9 -9 -9 -9 -9 -9 0.52 0.383 0.422 0.52 0.853 0.938 0.49 0.258 0.636 0.692 0.461 0.096 0.218 -0.025 -0.866
1.51 1.549 1.421 1.302 1.16 0.987 1.198 1.387 1.382 1.253 1.281 1.382 1.388 1.322 1.28 1.221 1.024 0.803 0.754 0.894 1.024 1.085 1 0.918 0.823 0.821 0.864 0.891 -9 -9 -9 -9 -9 -9 -9 -9 -9 -9 -9 -9 -9 -9 -9 -9 -9 -9 -9 -9 -9 -9 -9 -9 -9 -9 -9 -9 -9 -9 -9 -9 -9 -9 -9 -0.029 0.108 0.388 0.466 0.776 0.815 0.808 0.658 0.284 -0.042 -0.4 -0.636 -0.748 -1.248
1.573 1.566 1.414 1.352 1.287 1.223 1.284 1.414 1.373 1.289 1.314 1.45 1.459 1.415 1.371 1.285 1.124 0.966 0.905 0.938 1.057 1.088 1.004 0.931 0.876 0.885 -9 -9 -9 -9 -9 -9 -9 -9 -9 -9 -9 -9 -9 -9 -9 -9 -9 -9 -9 -9 -9 -9 -9 -9 -9 -9 -9 -9 -9 -9 -9 -9 -9 -9 -9 -9 -9 -9 0.073 0.165 -0.107 0.139 0.766 0.78 0.38 -0.091 -0.534 -0.972 -1.378 -1.394 -1.449
-9 1.61 1.493 1.395 1.398 1.401 1.432 1.401 1.346 1.375 1.42 1.474 1.397 1.358 1.4 -9 1.197 1.014 0.941 0.943 1.064 1.122 -9 -9 -9 -9 -9 -9 -9 -9 -9 -9 -9 -9 -9 -9 -9 -9 -9 -9 -9 -9 -9 -9 -9 -9 -9 -9 -9 -9 -9 -9 -9 -9 -9 -9 -9 -9 -9 -9 -9 -9 -9 -9 -9 -0.259 -0.172 0.157 0.573 0.711 0.141 -0.477 -0.939 -0.958 -1.232 -1.505 -1.215
-9 -9 -9 -9 -9 1.559 1.352 1.358 1.434 1.498 -9 -9 -9 -9 -9 -9 -9 -9 -9 -9 -9 -9 -9 -9 -9 -9 -9 -9 -9 -9 -9 -9 -9 -9 -9 -9 -9 -9 -9 -9 -9 -9 -9 -9 -9 -9 -9 -9 -9 -9 -9 -9 -9 -9 -9 -9 -9 -9 -9 -9 -9 -9 -9 -9 -9 -9 -0.216 -0.225 0.171 0.571 0.153 -0.294 -0.243 -0.329 -1.176 -1.658 -1.153
