data/climatemaps/RS_maps/climate_winter_tmin_2011.asc
NCOLS 369 
NROWS 228 
XLLCORNER 479000 
YLLCORNER 73000 
CELLSIZE 1000 
NODATA_value -9 
[rows 170 to 203 of 228, columns 0 to 76 of 369]
-9 -9 0.357 0.339 0.36 0.488 0.526 0.305 0.137 0.073 0.206 0.421 0.662 0.79 0.826 0.842 0.852 0.854 0.872 0.892 0.911 0.913 0.937 0.951 0.972 0.996 1.004 0.999 1.004 0.999 0.97 0.953 0.943 0.944 0.949 0.945 0.941 0.935 0.914 0.902 0.891 0.87 0.854 0.856 0.757 0.697 0.734 0.734 0.711 0.588 -9 -9 -9 -9 -9 -9 -9 -9 0.246 0.259 0.363 0.463 0.34 0.131 -0.05 -0.212 -0.221 -0.268 -0.34 -0.421 -0.632 -0.613 -0.486 -0.343 -0.298 -0.2 -0.036
-9 0.373 0.328 0.337 0.43 0.556 0.433 0.233 0.09 0.165 0.371 0.574 0.756 0.81 0.838 0.855 0.869 0.872 0.885 0.898 0.907 0.916 0.933 0.95 0.976 0.987 0.983 0.99 0.987 0.975 0.944 0.936 0.93 0.931 0.926 0.909 0.847 0.767 0.743 0.836 0.848 0.822 0.809 0.818 0.728 0.698 0.707 0.69 0.609 -9 -9 -9 -9 -9 -9 -9 -9 -9 0.139 -0.012 0.129 0.316 0.416 0.264 0.043 -0.089 -0.156 -0.283 -0.425 -0.371 -0.276 -0.443 -0.547 -0.548 -0.405 -0.251 -0.178
0.377 0.352 0.315 0.346 0.533 0.51 0.306 0.181 0.115 0.272 0.492 0.677 0.8 0.817 0.85 0.867 0.874 0.881 0.89 0.893 0.904 0.912 0.932 0.954 0.971 0.975 0.975 0.973 0.969 0.941 0.924 0.919 0.916 0.913 0.88 0.778 0.701 0.657 0.717 0.809 0.821 0.791 0.784 0.77 0.732 -9 -9 -9 -9 -9 -9 -9 -9 -9 -9 -9 -9 -9 0.256 -0.119 -0.117 0.142 0.344 0.032 -0.133 -0.13 -0.213 -0.334 -0.38 -0.324 -0.138 -0.269 -0.435 -0.525 -0.481 -0.284 -0.245
0.344 0.311 0.306 0.409 0.565 0.355 0.166 0.114 0.189 0.405 0.616 0.765 0.824 0.834 0.855 0.869 0.875 0.871 0.878 0.892 0.906 0.913 0.929 0.959 0.963 0.962 0.959 0.959 0.949 0.923 0.908 0.9 0.89 0.88 0.824 0.746 0.719 0.739 0.78 0.802 0.784 0.77 0.756 0.726 0.696 -9 -9 -9 -9 -9 -9 -9 -9 -9 -9 -9 -9 -9 0.191 -0.242 -0.232 0.196 0.276 -0.029 -0.246 -0.3 -0.201 -0.088 -0.06 -0.026 0.041 -0.033 -0.21 -0.423 -0.604 -0.5 -0.448
0.299 0.28 0.326 0.494 0.512 0.194 0.056 0.158 0.322 0.554 0.738 0.824 0.845 0.854 0.865 0.873 0.872 0.862 0.873 0.895 0.903 0.915 0.927 0.952 0.95 0.95 0.948 0.938 0.913 0.9 0.891 0.878 0.872 0.855 0.792 0.73 0.744 0.77 0.77 0.773 0.756 0.748 0.721 0.687 0.64 -9 -9 -9 -9 -9 -9 -9 -9 -9 -9 -9 -9 -9 -9 -0.074 -0.039 0.144 0.131 0.199 0.014 -0.189 0.026 0.136 0.062 -0.006 -0.015 0.022 -0.006 -0.276 -0.483 -0.625 -0.724
0.276 0.317 0.455 0.56 0.339 0.067 0.093 0.333 0.525 0.701 0.814 0.847 0.865 0.872 0.873 0.876 0.869 0.863 0.877 0.894 0.903 0.908 0.919 0.944 0.942 0.939 0.935 0.907 0.887 0.883 0.873 0.857 0.848 0.823 0.774 0.726 0.74 0.75 0.749 0.746 0.728 0.701 0.665 0.602 0.496 -9 -9 -9 -9 -9 -9 -9 -9 -9 -9 -9 -9 -9 -9 -9 -0.172 -0.123 0.002 0.119 0.11 0.165 0.043 -0.062 -0.21 -0.267 -0.403 -0.23 -0.035 -0.044 -0.243 -0.546 -0.793
0.37 0.398 0.581 0.357 0.124 0.086 0.22 0.499 0.692 0.807 0.853 0.864 0.876 0.881 0.875 0.87 0.863 0.871 0.884 0.893 0.894 0.899 0.917 0.931 0.93 0.924 0.911 0.883 0.87 0.865 0.854 0.838 0.825 0.8 0.759 0.727 0.726 0.719 0.712 0.705 0.678 0.619 0.534 0.422 0.313 0.206 -9 -9 -9 -9 -9 -9 -9 -9 -9 -9 -9 -9 -9 -9 -0.212 -0.321 -0.225 -0.287 -0.126 0.096 -0.043 -0.32 -0.502 -0.577 -0.736 -0.45 -0.383 -0.218 -0.086 -0.418 -0.729
0.377 0.62 0.517 0.223 0.069 0.208 0.453 0.635 0.79 0.856 0.874 0.881 0.878 0.883 0.871 0.864 0.875 0.885 0.891 0.896 0.895 0.905 0.923 0.924 0.921 0.906 0.883 0.864 0.854 0.845 0.833 0.815 0.803 0.78 0.747 0.724 0.665 0.649 0.642 0.629 0.565 0.456 0.314 0.217 0.173 0.236 -9 -9 -9 -9 -9 -9 -9 -9 -9 -9 -9 -9 -9 -9 -9 -0.4 -0.283 -0.395 -0.247 -0.089 0.035 -0.091 -0.427 -0.878 -0.961 -0.736 -0.596 -0.321 -0.103 -0.46 -0.703
0.456 0.683 0.599 0.296 0.17 0.392 0.584 0.737 0.832 0.874 0.884 0.888 0.883 0.874 0.868 0.876 0.885 0.892 0.889 0.89 0.891 0.906 0.917 0.915 0.915 0.884 0.859 0.851 0.844 0.825 0.817 0.798 0.783 0.763 0.741 0.7 0.545 0.501 0.492 0.466 0.396 0.267 0.126 0.153 0.163 0.287 -9 -9 -9 -9 -9 -9 -9 -9 -9 -9 -9 -9 -9 -9 -0.095 -0.091 -0.166 -0.521 -0.455 -0.087 -0.252 -0.137 -0.287 -0.678 -0.787 -0.519 -0.247 -0.152 -0.304 -0.472 -0.819
0.643 0.692 0.538 0.263 0.315 0.542 0.693 0.806 0.863 0.89 0.894 0.894 0.883 0.878 0.883 0.892 0.88 0.881 0.885 0.872 0.862 0.899 0.91 0.908 0.899 0.853 0.833 0.838 0.835 0.809 0.8 0.783 0.759 0.746 0.724 0.632 0.4 0.268 0.281 0.319 0.353 0.153 0.071 0.21 0.282 0.323 -9 -9 -9 -9 -9 -9 -9 -9 -9 -9 -9 -9 -9 -9 0.17 -0.03 -0.317 -0.609 -0.518 -0.339 -0.539 -0.324 -0.256 -0.492 -0.593 -0.326 -0.381 -0.484 -0.648 -0.444 -0.582
0.743 0.599 0.356 0.297 0.475 0.661 0.76 0.843 0.883 0.894 0.896 0.881 0.867 0.879 0.89 0.882 0.878 0.878 0.87 0.851 0.856 0.896 0.905 0.902 0.877 0.81 0.819 0.821 0.828 0.802 0.786 0.762 0.739 0.731 0.688 0.519 0.243 0.051 0.143 0.33 0.364 0.181 0.153 0.295 0.358 0.27 -9 -9 -9 -9 -9 -9 -9 -9 -9 -9 -9 -9 -9 -9 0.252 -0.09 -0.411 -0.592 -0.779 -0.716 -0.73 -0.443 -0.479 -0.526 -0.425 -0.424 -0.746 -0.778 -0.637 -0.427 -0.431
0.688 0.437 0.253 0.446 0.642 0.755 0.824 0.871 0.892 0.903 0.883 0.853 0.87 0.894 0.887 0.882 0.875 0.877 0.868 0.856 0.872 0.888 0.894 0.886 0.812 0.81 0.824 0.82 0.819 0.796 0.772 0.744 0.737 0.709 0.616 0.387 0.167 0.007 0.156 0.365 0.403 0.3 0.314 0.379 0.337 0.142 -9 -9 -9 -9 -9 -9 -9 -9 -9 -9 -9 -9 -9 -9 0.171 0.05 -0.192 -0.48 -0.747 -0.706 -0.727 -0.659 -0.573 -0.62 -0.476 -0.609 -0.894 -0.867 -0.5 -0.614 -0.703
0.571 0.326 0.377 0.607 0.739 0.816 0.863 0.878 0.887 0.907 0.875 0.861 0.899 0.896 0.888 0.884 0.886 0.883 0.868 0.863 0.873 0.888 0.887 0.853 0.815 0.822 0.824 0.82 0.809 0.78 0.76 0.744 0.712 0.645 0.512 0.323 0.141 -0.014 0.14 0.369 0.447 0.419 0.404 0.384 0.271 -9 -9 -9 -9 -9 -9 -9 -9 -9 -9 -9 -9 -9 -9 -0.133 -0.021 0.134 -0.073 -0.46 -0.546 -0.37 -0.401 -0.386 -0.381 -0.569 -0.678 -0.747 -0.948 -0.722 -0.579 -0.782 -0.703
0.411 0.34 0.539 0.714 0.791 0.838 0.873 0.875 0.879 0.911 0.895 0.894 0.911 0.909 0.903 0.899 0.894 0.883 0.867 0.874 0.883 0.877 0.866 0.838 0.829 0.825 0.813 0.805 0.794 0.778 0.74 0.714 0.683 0.546 0.419 0.28 0.105 0.04 0.184 0.384 0.456 0.402 0.31 0.277 0.136 -9 -9 -9 -9 -9 -9 -9 -9 -9 -9 -9 -9 -9 -9 -0.273 -0.222 0.112 0.038 -0.172 -0.164 -0.224 -0.276 -0.359 -0.427 -0.515 -0.684 -0.903 -0.929 -0.667 -0.819 -0.852 -0.645
0.312 0.46 0.672 0.783 0.832 0.853 0.878 0.863 0.87 0.903 0.913 0.916 0.923 0.914 0.904 0.89 0.882 0.879 0.862 0.869 0.879 0.855 0.84 0.823 0.828 0.819 0.808 0.799 0.782 0.759 0.731 0.707 0.669 0.569 0.453 0.279 0.074 0.046 0.253 0.4 0.451 0.328 0.219 0.202 0.024 -9 -9 -9 -9 -9 -9 -9 -9 -9 -9 -9 -9 -9 -9 -0.424 -0.29 -0.003 0.114 0.066 -0.147 -0.412 -0.521 -0.531 -0.605 -0.699 -0.664 -0.889 -0.961 -0.881 -0.983 -0.874 -0.671
0.388 0.579 0.747 0.845 0.868 0.871 0.877 0.862 0.891 0.918 0.924 0.928 0.907 0.896 0.89 0.875 0.867 0.862 0.859 0.869 0.864 0.852 0.839 0.823 0.83 0.816 0.813 0.797 0.775 0.729 0.712 0.706 0.685 0.632 0.534 0.38 0.198 0.145 0.372 0.437 0.397 0.252 0.28 0.163 0.017 -9 -9 -9 -9 -9 -9 -9 -9 -9 -9 -9 -9 -9 -9 -0.395 -0.294 -0.082 0.032 0.064 -0.11 -0.384 -0.343 -0.301 -0.427 -0.701 -0.801 -0.934 -1.041 -0.971 -0.839 -0.704 -0.561
0.45 0.659 0.814 0.874 0.889 0.88 0.884 0.889 0.926 0.931 0.913 0.9 0.883 0.874 0.864 0.85 0.862 0.866 0.862 0.862 0.848 0.839 0.828 0.817 0.825 0.821 0.778 0.741 0.765 0.731 0.7 0.706 0.688 0.676 0.598 0.494 0.368 0.285 0.479 0.348 0.274 0.288 0.283 0.077 -9 -9 -9 -9 -9 -9 -9 -9 -9 -9 -9 -9 -9 -9 -9 -0.302 -0.212 -0.189 -0.096 -0.079 0.003 -0.168 -0.342 -0.465 -0.518 -0.81 -0.884 -1.047 -1.024 -0.876 -0.803 -0.675 -0.374
0.435 0.717 0.86 0.892 0.896 0.899 0.893 0.914 0.935 0.912 0.896 0.879 0.87 0.858 0.852 0.853 0.871 0.86 0.846 0.84 0.828 0.822 0.809 0.803 0.791 0.721 0.617 0.639 0.739 0.739 0.711 0.699 0.676 0.678 0.654 0.607 0.523 0.455 0.519 0.353 0.305 0.352 0.25 -9 -9 -9 -9 -9 -9 -9 -9 -9 -9 -9 -9 -9 -9 -9 -0.403 -0.504 -0.462 -0.289 -0.217 -0.296 -0.072 -0.289 -0.661 -0.864 -0.863 -1.086 -1.106 -1.044 -0.917 -0.791 -0.715 -0.62 -0.181
0.413 0.711 0.857 0.89 0.914 0.895 0.909 0.944 0.932 0.9 0.893 0.877 0.868 0.853 0.861 0.862 0.853 0.838 0.815 0.808 0.806 0.807 0.79 0.766 0.616 0.467 0.525 0.659 0.707 0.735 0.718 0.7 0.683 0.668 0.649 0.621 0.594 0.567 0.537 0.377 0.415 0.41 0.227 -9 -9 -9 -9 -9 -9 -9 -9 -9 -9 -9 -9 -9 -9 -9 -0.352 -0.539 -0.418 -0.186 -0.311 -0.404 -0.211 -0.148 -0.388 -0.76 -0.939 -0.988 -1.092 -0.91 -0.665 -0.563 -0.444 -0.343 -0.129
0.343 0.66 0.852 0.886 0.913 0.926 0.939 0.956 0.937 0.916 0.898 0.876 0.862 0.854 0.855 0.846 0.83 0.813 0.8 0.787 0.78 0.766 0.718 0.598 0.314 0.333 0.563 0.645 0.663 0.724 0.724 0.71 0.697 0.683 0.661 0.622 0.571 0.528 0.53 0.473 0.477 0.448 -9 -9 -9 -9 -9 -9 -9 -9 -9 -9 -9 -9 -9 -9 -9 -9 -0.404 -0.343 -0.194 -0.185 -0.348 -0.431 -0.393 -0.536 -0.238 -0.324 -0.47 -0.607 -0.916 -0.812 -0.7 -0.621 -0.545 -0.385 -0.502
0.352 0.618 0.877 0.93 0.967 0.953 0.947 0.932 0.913 0.905 0.887 0.866 0.847 0.84 0.835 0.827 0.801 0.788 0.774 0.758 0.746 0.697 0.552 0.26 0.199 0.409 0.605 0.593 0.626 0.679 0.703 0.694 0.691 0.691 0.681 0.643 0.55 0.478 0.491 0.52 0.507 -9 -9 -9 -9 -9 -9 -9 -9 -9 -9 -9 -9 -9 -9 -9 -9 -9 -0.274 -0.147 -0.175 -0.312 -0.406 -0.534 -0.505 -0.775 -0.539 -0.304 -0.369 -0.472 -0.726 -0.885 -0.745 -0.636 -0.682 -0.94 -0.824
0.608 0.695 0.922 0.969 0.965 0.958 0.94 0.903 0.885 0.881 0.861 0.837 0.828 0.811 0.798 0.8 0.78 0.763 0.752 0.717 0.689 0.627 0.395 0.157 0.299 0.529 0.569 0.524 0.583 0.637 0.673 0.673 0.676 0.683 0.688 0.666 0.565 0.459 0.437 0.485 -9 -9 -9 -9 -9 -9 -9 -9 -9 -9 -9 -9 -9 -9 -9 -9 -9 -9 -9 -0.194 -0.295 -0.469 -0.468 -0.599 -0.59 -0.794 -0.743 -0.539 -0.62 -0.555 -0.867 -1.181 -1.187 -1.163 -1.348 -1.341 -1.183
0.803 0.863 0.921 0.926 0.914 0.901 0.899 0.881 0.871 0.858 0.842 0.834 0.817 0.784 0.783 0.768 0.757 0.734 0.703 0.651 0.609 0.503 0.261 0.229 0.406 0.557 0.498 0.487 0.558 0.614 0.64 0.651 0.661 0.667 0.678 0.673 0.612 0.47 -9 -9 -9 -9 -9 -9 -9 -9 -9 -9 -9 -9 -9 -9 -9 -9 -9 -9 -9 -9 -9 -0.37 -0.376 -0.485 -0.561 -0.536 -0.646 -0.776 -0.572 -0.635 -0.653 -0.853 -1.034 -1.18 -1.458 -1.404 -1.535 -1.432 -1.227
0.876 0.815 0.79 0.882 0.887 0.878 0.875 0.863 0.856 0.841 0.827 0.811 0.783 0.777 0.761 0.745 0.728 0.699 0.648 0.559 0.483 0.31 0.132 0.264 0.416 0.519 0.44 0.471 0.523 0.555 0.599 0.621 0.64 0.65 0.661 0.665 0.646 -9 -9 -9 -9 -9 -9 -9 -9 -9 -9 -9 -9 -9 -9 -9 -9 -9 -9 -9 -9 -9 -9 -0.351 -0.44 -0.513 -0.483 -0.301 -0.514 -0.647 -0.351 -0.341 -0.527 -0.722 -0.958 -1.26 -1.421 -1.223 -1.208 -1.15 -1.055
0.881 0.875 0.685 0.815 0.858 0.847 0.842 0.832 0.822 0.805 0.78 0.771 0.747 0.746 0.735 0.71 0.693 0.662 0.6 0.492 0.331 0.117 0.144 0.336 0.442 0.438 0.406 0.476 0.447 0.46 0.553 0.6 0.621 0.633 0.636 -9 -9 -9 -9 -9 -9 -9 -9 -9 -9 -9 -9 -9 -9 -9 -9 -9 -9 -9 -9 -9 -9 -9 -9 -0.026 -0.193 -0.327 -0.272 -0.181 -0.324 -0.421 -0.246 -0.115 -0.468 -0.664 -0.937 -1.265 -1.49 -1.348 -0.914 -0.607 -0.537
0.909 0.921 0.68 0.726 0.793 0.795 0.783 0.775 0.754 0.733 0.721 0.721 0.704 0.697 0.675 0.649 0.657 0.632 0.551 0.386 0.134 0.129 0.29 0.404 0.423 0.346 0.389 0.452 0.375 0.399 0.495 0.57 0.603 0.623 -9 -9 -9 -9 -9 -9 -9 -9 -9 -9 -9 -9 -9 -9 -9 -9 -9 -9 -9 -9 -9 -9 -9 -9 -9 -9 0.197 0.079 0.027 0.003 -0.045 -0.162 -0.163 0.009 -0.499 -0.842 -1.171 -1.288 -1.324 -1.241 -0.675 -0.275 -0.715
0.911 0.883 0.726 0.629 0.702 0.755 0.757 0.739 0.7 0.685 0.679 0.668 0.64 0.614 0.576 0.568 0.619 0.585 0.413 0.18 0.136 0.256 0.402 0.441 0.387 0.333 0.389 0.393 0.327 0.349 0.423 0.53 0.571 -9 -9 -9 -9 -9 -9 -9 -9 -9 -9 -9 -9 -9 -9 -9 -9 -9 -9 -9 -9 -9 -9 -9 -9 -9 -9 -9 0.285 0.279 0.247 0.21 0.159 0.082 0.038 -0.114 -0.724 -1.02 -1.258 -1.086 -0.978 -0.99 -0.401 -0.331 -1.14
0.887 0.842 0.761 0.629 0.605 0.724 0.781 0.768 0.729 0.709 0.686 0.65 0.625 0.609 0.559 0.536 0.541 0.494 0.277 0.153 0.284 0.406 0.469 0.435 0.352 0.331 0.349 0.342 0.294 0.286 0.352 0.468 -9 -9 -9 -9 -9 -9 -9 -9 -9 -9 -9 -9 -9 -9 -9 -9 -9 -9 -9 -9 -9 -9 -9 -9 -9 -9 -9 -9 -9 0.199 0.25 0.271 0.253 0.242 0.212 -0.106 -0.484 -0.794 -1.043 -0.701 -0.642 -0.559 -0.105 -0.324 -1.062
0.856 0.843 0.796 0.707 0.568 0.663 0.785 0.802 0.77 0.741 0.68 0.698 0.694 0.696 0.625 0.573 0.492 0.348 0.221 0.253 0.393 0.463 0.476 0.387 0.322 0.308 0.315 0.29 0.277 0.282 0.307 -9 -9 -9 -9 -9 -9 -9 -9 -9 -9 -9 -9 -9 -9 -9 -9 -9 -9 -9 -9 -9 -9 -9 -9 -9 -9 -9 -9 -9 -9 -9 0.097 0.104 0.139 0.153 0.227 0.121 -0.292 -0.664 -0.549 -0.269 -0.117 -0.135 -0.055 -0.234 -0.904
0.861 0.883 0.832 0.768 0.643 0.575 0.764 0.821 0.805 0.747 0.71 0.757 0.757 0.739 0.674 0.631 0.499 0.319 0.287 0.365 0.461 0.503 0.474 0.38 0.317 0.307 0.307 0.31 0.318 -9 -9 -9 -9 -9 -9 -9 -9 -9 -9 -9 -9 -9 -9 -9 -9 -9 -9 -9 -9 -9 -9 -9 -9 -9 -9 -9 -9 -9 -9 -9 -9 -9 -0.135 -0.237 -0.214 -0.141 0.114 0.181 -0.164 -0.339 -0.041 0.002 -0.176 -0.46 -0.359 -0.551 -1.223
0.907 0.93 0.868 0.806 0.735 0.642 0.741 0.83 0.823 0.753 0.758 0.8 0.793 0.751 0.725 0.676 0.561 0.428 0.389 0.452 0.51 0.53 0.47 0.41 0.346 0.329 0.344 0.347 -9 -9 -9 -9 -9 -9 -9 -9 -9 -9 -9 -9 -9 -9 -9 -9 -9 -9 -9 -9 -9 -9 -9 -9 -9 -9 -9 -9 -9 -9 -9 -9 -9 -9 -9 -0.554 -0.458 -0.249 -0.189 0.054 0.089 0.087 -0.03 -0.321 -0.575 -0.857 -1.044 -1.133 -1.528
0.943 0.935 0.86 0.828 0.797 0.759 0.784 0.847 0.82 0.769 0.772 0.832 0.826 0.793 0.766 0.708 0.609 0.511 0.468 0.473 0.524 0.525 0.467 0.416 0.369 0.358 -9 -9 -9 -9 -9 -9 -9 -9 -9 -9 -9 -9 -9 -9 -9 -9 -9 -9 -9 -9 -9 -9 -9 -9 -9 -9 -9 -9 -9 -9 -9 -9 -9 -9 -9 -9 -9 -9 -0.491 -0.423 -0.633 -0.444 0.043 0.058 -0.247 -0.622 -0.971 -1.317 -1.639 -1.649 -1.692
-9 0.95 0.893 0.849 0.847 0.844 0.855 0.837 0.801 0.807 0.822 0.844 0.794 0.764 0.773 -9 0.645 0.533 0.482 0.467 0.521 0.537 -9 -9 -9 -9 -9 -9 -9 -9 -9 -9 -9 -9 -9 -9 -9 -9 -9 -9 -9 -9 -9 -9 -9 -9 -9 -9 -9 -9 -9 -9 -9 -9 -9 -9 -9 -9 -9 -9 -9 -9 -9 -9 -9 -0.753 -0.692 -0.431 -0.105 0.005 -0.439 -0.933 -1.296 -1.307 -1.52 -1.738 -1.509
-9 -9 -9 -9 -9 0.918 0.815 0.809 0.84 0.869 -9 -9 -9 -9 -9 -9 -9 -9 -9 -9 -9 -9 -9 -9 -9 -9 -9 -9 -9 -9 -9 -9 -9 -9 -9 -9 -9 -9 -9 -9 -9 -9 -9 -9 -9 -9 -9 -9 -9 -9 -9 -9 -9 -9 -9 -9 -9 -9 -9 -9 -9 -9 -9 -9 -9 -9 -0.729 -0.738 -0.428 -0.108 -0.434 -0.781 -0.747 -0.806 -1.477 -1.865 -1.454
