data/climatemaps/RS_maps/climate_breeding_pr_2003.asc
NCOLS 369 
NROWS 228 
XLLCORNER 479000 
YLLCORNER 73000 
CELLSIZE 1000 
NODATA_value -9 
[rows 66 to 98 of 228, columns 150 to 224 of 369]
-1.402 -1.385 -1.368 -1.352 -1.341 -1.343 -1.334 -1.327 -1.344 -1.366 -1.365 -1.325 -1.265 -1.208 -1.158 -1.115 -1.139 -1.18 -1.174 -1.138 -1.084 -1.015 -0.939 -0.897 -0.907 -0.942 -0.978 -0.994 -1.004 -1.054 -1.094 -1.09 -1.025 -0.935 -0.805 -0.667 -0.607 -0.625 -0.703 -0.813 -0.912 -1.01 -1.072 -1.103 -1.106 -1.087 -1.055 -0.99 -0.894 -0.773 -0.67 -0.572 -0.478 -0.406 -0.367 -0.449 -0.506 -0.575 -0.701 -0.791 -0.856 -0.892 -0.904 -0.9 -0.884 -0.856 -0.812 -0.756 -0.711 -0.698 -0.695 -0.701 -0.692 -0.673 -0.648
-1.376 -1.351 -1.341 -1.32 -1.311 -1.315 -1.307 -1.301 -1.308 -1.328 -1.341 -1.321 -1.275 -1.202 -1.139 -1.089 -1.098 -1.134 -1.137 -1.098 -1.034 -0.941 -0.869 -0.808 -0.776 -0.796 -0.865 -0.91 -0.918 -0.965 -1.038 -1.055 -1.011 -0.924 -0.798 -0.644 -0.541 -0.532 -0.596 -0.699 -0.818 -0.927 -1.01 -1.055 -1.069 -1.055 -1.033 -0.986 -0.907 -0.79 -0.694 -0.599 -0.509 -0.438 -0.342 -0.351 -0.435 -0.464 -0.535 -0.648 -0.738 -0.796 -0.838 -0.864 -0.869 -0.864 -0.847 -0.813 -0.771 -0.736 -0.721 -0.716 -0.708 -0.685 -0.65
-1.35 -1.325 -1.311 -1.298 -1.29 -1.287 -1.271 -1.271 -1.272 -1.292 -1.312 -1.303 -1.257 -1.191 -1.125 -1.063 -1.056 -1.093 -1.106 -1.07 -0.989 -0.886 -0.802 -0.735 -0.669 -0.656 -0.731 -0.811 -0.835 -0.87 -0.963 -1.007 -0.989 -0.909 -0.8 -0.648 -0.511 -0.455 -0.501 -0.594 -0.719 -0.84 -0.941 -1.002 -1.03 -1.027 -1.007 -0.971 -0.915 -0.818 -0.717 -0.621 -0.542 -0.471 -0.389 -0.317 -0.354 -0.377 -0.4 -0.494 -0.598 -0.661 -0.727 -0.79 -0.818 -0.829 -0.832 -0.824 -0.806 -0.779 -0.76 -0.74 -0.719 -0.701 -0.674
-1.326 -1.317 -1.299 -1.281 -1.264 -1.261 -1.239 -1.222 -1.222 -1.248 -1.278 -1.278 -1.241 -1.183 -1.118 -1.043 -1.022 -1.055 -1.079 -1.065 -0.979 -0.874 -0.779 -0.685 -0.621 -0.578 -0.629 -0.709 -0.746 -0.776 -0.87 -0.943 -0.957 -0.902 -0.802 -0.661 -0.507 -0.407 -0.424 -0.512 -0.63 -0.757 -0.866 -0.946 -0.985 -0.996 -0.984 -0.951 -0.907 -0.833 -0.744 -0.648 -0.574 -0.504 -0.433 -0.356 -0.324 -0.335 -0.305 -0.373 -0.475 -0.548 -0.606 -0.684 -0.739 -0.768 -0.784 -0.793 -0.791 -0.781 -0.766 -0.745 -0.72 -0.692 -0.664
-1.296 -1.299 -1.282 -1.255 -1.24 -1.236 -1.206 -1.174 -1.179 -1.21 -1.238 -1.254 -1.24 -1.18 -1.113 -1.043 -1.006 -1.015 -1.056 -1.062 -0.994 -0.897 -0.791 -0.675 -0.595 -0.556 -0.562 -0.614 -0.656 -0.679 -0.76 -0.863 -0.905 -0.891 -0.805 -0.681 -0.525 -0.393 -0.371 -0.447 -0.561 -0.68 -0.787 -0.886 -0.936 -0.955 -0.947 -0.924 -0.892 -0.831 -0.757 -0.677 -0.602 -0.551 -0.482 -0.413 -0.355 -0.329 -0.261 -0.282 -0.354 -0.447 -0.492 -0.548 -0.617 -0.671 -0.715 -0.739 -0.749 -0.749 -0.74 -0.721 -0.695 -0.666 -0.636
-1.269 -1.274 -1.26 -1.235 -1.22 -1.202 -1.167 -1.142 -1.149 -1.171 -1.2 -1.226 -1.228 -1.173 -1.119 -1.065 -1.013 -0.996 -1.036 -1.058 -1.022 -0.931 -0.817 -0.693 -0.585 -0.537 -0.512 -0.539 -0.57 -0.579 -0.641 -0.763 -0.836 -0.86 -0.806 -0.701 -0.561 -0.414 -0.351 -0.4 -0.507 -0.618 -0.721 -0.825 -0.886 -0.91 -0.906 -0.893 -0.864 -0.82 -0.759 -0.693 -0.637 -0.591 -0.549 -0.469 -0.378 -0.302 -0.257 -0.235 -0.272 -0.345 -0.41 -0.447 -0.498 -0.549 -0.619 -0.667 -0.687 -0.691 -0.688 -0.672 -0.648 -0.618 -0.59
-1.243 -1.246 -1.241 -1.214 -1.195 -1.169 -1.13 -1.113 -1.118 -1.126 -1.169 -1.196 -1.19 -1.17 -1.136 -1.094 -1.046 -1.009 -1.022 -1.05 -1.036 -0.968 -0.854 -0.722 -0.601 -0.544 -0.495 -0.488 -0.499 -0.485 -0.518 -0.641 -0.749 -0.802 -0.796 -0.724 -0.608 -0.465 -0.367 -0.381 -0.466 -0.572 -0.666 -0.772 -0.838 -0.867 -0.869 -0.853 -0.838 -0.809 -0.765 -0.716 -0.683 -0.65 -0.578 -0.446 -0.333 -0.247 -0.204 -0.192 -0.204 -0.254 -0.32 -0.365 -0.406 -0.45 -0.509 -0.56 -0.591 -0.595 -0.596 -0.584 -0.559 -0.532 -0.513
-1.213 -1.212 -1.218 -1.194 -1.171 -1.138 -1.101 -1.083 -1.08 -1.082 -1.131 -1.166 -1.147 -1.13 -1.104 -1.076 -1.057 -1.026 -1.015 -1.035 -1.036 -0.998 -0.903 -0.77 -0.648 -0.58 -0.499 -0.459 -0.454 -0.412 -0.409 -0.504 -0.641 -0.726 -0.761 -0.733 -0.649 -0.519 -0.406 -0.387 -0.444 -0.533 -0.628 -0.726 -0.792 -0.82 -0.825 -0.816 -0.798 -0.788 -0.765 -0.736 -0.706 -0.66 -0.576 -0.465 -0.317 -0.181 -0.11 -0.1 -0.141 -0.172 -0.22 -0.268 -0.304 -0.333 -0.371 -0.408 -0.45 -0.455 -0.448 -0.432 -0.406 -0.389 -0.383
-1.184 -1.185 -1.187 -1.176 -1.151 -1.113 -1.081 -1.063 -1.052 -1.051 -1.099 -1.142 -1.134 -1.115 -1.091 -1.073 -1.051 -1.018 -1.006 -1.021 -1.025 -1.007 -0.951 -0.838 -0.729 -0.63 -0.517 -0.453 -0.429 -0.378 -0.334 -0.383 -0.513 -0.642 -0.706 -0.72 -0.673 -0.571 -0.459 -0.41 -0.442 -0.506 -0.589 -0.686 -0.747 -0.771 -0.768 -0.771 -0.764 -0.758 -0.747 -0.729 -0.698 -0.645 -0.534 -0.399 -0.241 -0.099 -0.022 -0.006 -0.051 -0.082 -0.11 -0.147 -0.175 -0.178 -0.208 -0.255 -0.289 -0.28 -0.254 -0.226 -0.224 -0.201 -0.192
-1.16 -1.159 -1.159 -1.146 -1.135 -1.09 -1.061 -1.045 -1.043 -1.045 -1.079 -1.117 -1.129 -1.125 -1.113 -1.094 -1.067 -1.037 -1.018 -1.012 -1.007 -0.999 -0.968 -0.902 -0.792 -0.681 -0.565 -0.475 -0.427 -0.377 -0.305 -0.305 -0.399 -0.541 -0.639 -0.678 -0.669 -0.594 -0.504 -0.439 -0.45 -0.491 -0.561 -0.647 -0.704 -0.719 -0.71 -0.725 -0.727 -0.723 -0.718 -0.706 -0.671 -0.592 -0.453 -0.306 -0.141 0.004 0.09 0.104 0.067 0.018 0.004 -0.016 -0.01 0.028 0.005 -0.077 -0.122 -0.135 -0.106 -0.089 -0.07 -0.01 0.032
-1.134 -1.128 -1.124 -1.103 -1.108 -1.073 -1.038 -1.018 -1.013 -1.02 -1.053 -1.093 -1.11 -1.113 -1.109 -1.093 -1.068 -1.039 -1.014 -0.998 -0.984 -0.978 -0.962 -0.931 -0.854 -0.738 -0.636 -0.536 -0.453 -0.39 -0.319 -0.28 -0.337 -0.449 -0.572 -0.629 -0.645 -0.602 -0.532 -0.47 -0.468 -0.485 -0.536 -0.611 -0.661 -0.665 -0.663 -0.677 -0.683 -0.683 -0.684 -0.675 -0.626 -0.494 -0.315 -0.178 -0.028 0.125 0.189 0.217 0.196 0.157 0.158 0.165 0.208 0.251 0.214 0.115 0.026 -0.022 -0.022 -0.022 0.001 0.093 0.193
-1.11 -1.099 -1.087 -1.073 -1.073 -1.059 -1.032 -1.001 -0.993 -0.997 -1.026 -1.059 -1.084 -1.091 -1.091 -1.081 -1.053 -0.994 -0.961 -0.947 -0.946 -0.949 -0.945 -0.933 -0.897 -0.806 -0.701 -0.607 -0.513 -0.431 -0.359 -0.309 -0.321 -0.398 -0.518 -0.584 -0.605 -0.591 -0.554 -0.507 -0.488 -0.486 -0.515 -0.58 -0.62 -0.617 -0.62 -0.623 -0.633 -0.639 -0.646 -0.636 -0.565 -0.367 -0.16 -0.043 0.086 0.237 0.303 0.333 0.34 0.309 0.338 0.337 0.363 0.345 0.294 0.2 0.113 0.067 0.045 0.041 0.047 0.115 0.233
-1.089 -1.075 -1.066 -1.052 -1.045 -1.026 -1.023 -0.988 -0.978 -0.989 -1.026 -1.044 -1.058 -1.071 -1.07 -1.06 -1.027 -0.973 -0.939 -0.899 -0.9 -0.912 -0.916 -0.915 -0.9 -0.861 -0.788 -0.695 -0.602 -0.515 -0.435 -0.374 -0.356 -0.394 -0.485 -0.546 -0.567 -0.567 -0.558 -0.527 -0.498 -0.48 -0.496 -0.553 -0.579 -0.572 -0.568 -0.564 -0.58 -0.594 -0.606 -0.593 -0.493 -0.246 -0.022 0.077 0.178 0.312 0.364 0.362 0.347 0.329 0.352 0.38 0.376 0.346 0.31 0.24 0.181 0.129 0.088 0.064 0.058 0.105 0.216
-1.081 -1.064 -1.051 -1.041 -1.027 -1.005 -1.009 -1.007 -0.985 -0.984 -1.005 -1.031 -1.041 -1.045 -1.04 -1.037 -1.02 -0.986 -0.947 -0.892 -0.862 -0.861 -0.876 -0.882 -0.879 -0.863 -0.83 -0.769 -0.696 -0.618 -0.532 -0.458 -0.417 -0.419 -0.471 -0.516 -0.533 -0.542 -0.553 -0.534 -0.501 -0.471 -0.486 -0.529 -0.53 -0.51 -0.501 -0.498 -0.514 -0.546 -0.568 -0.551 -0.404 -0.148 0.077 0.175 0.255 0.323 0.328 0.286 0.254 0.264 0.287 0.352 0.394 0.358 0.349 0.323 0.278 0.177 0.105 0.078 0.055 0.091 0.201
-1.069 -1.046 -1.03 -1.023 -1.017 -0.998 -1.001 -1.023 -1.014 -1.007 -1.008 -1.003 -1.011 -1.022 -0.985 -0.998 -1.007 -0.994 -0.95 -0.896 -0.845 -0.814 -0.826 -0.828 -0.836 -0.834 -0.82 -0.793 -0.743 -0.679 -0.607 -0.532 -0.479 -0.457 -0.471 -0.494 -0.509 -0.53 -0.548 -0.54 -0.509 -0.475 -0.493 -0.502 -0.446 -0.407 -0.393 -0.418 -0.452 -0.501 -0.532 -0.491 -0.283 -0.06 0.147 0.255 0.338 0.358 0.329 0.263 0.193 0.184 0.257 0.335 0.344 0.355 0.394 0.439 0.303 0.179 0.136 0.119 0.06 0.063 0.144
-1.046 -1.021 -1.011 -1.01 -1.01 -1.002 -1.013 -1.008 -0.987 -0.982 -0.977 -0.978 -0.986 -0.998 -0.958 -0.952 -0.974 -0.98 -0.955 -0.895 -0.84 -0.812 -0.781 -0.756 -0.759 -0.774 -0.778 -0.77 -0.742 -0.696 -0.64 -0.574 -0.517 -0.484 -0.476 -0.485 -0.504 -0.528 -0.551 -0.552 -0.535 -0.508 -0.502 -0.461 -0.335 -0.273 -0.291 -0.355 -0.403 -0.456 -0.497 -0.439 -0.254 -0.031 0.169 0.349 0.439 0.434 0.425 0.34 0.215 0.136 0.199 0.267 0.284 0.37 0.459 0.504 0.364 0.214 0.212 0.187 0.078 0.054 0.143
-1.007 -0.997 -0.992 -0.994 -0.984 -0.989 -1 -0.992 -0.977 -0.981 -0.98 -0.984 -0.978 -0.976 -0.95 -0.939 -0.945 -0.957 -0.949 -0.916 -0.871 -0.824 -0.754 -0.7 -0.671 -0.68 -0.699 -0.712 -0.712 -0.686 -0.642 -0.59 -0.539 -0.507 -0.489 -0.493 -0.511 -0.531 -0.555 -0.558 -0.549 -0.525 -0.489 -0.39 -0.226 -0.183 -0.245 -0.312 -0.34 -0.385 -0.454 -0.442 -0.296 -0.055 0.165 0.409 0.503 0.538 0.632 0.577 0.331 0.151 0.141 0.262 0.281 0.436 0.592 0.606 0.402 0.288 0.273 0.201 0.119 0.067 0.136
-0.958 -0.961 -0.967 -0.96 -0.95 -0.96 -0.978 -0.98 -0.972 -0.973 -0.982 -0.97 -0.945 -0.943 -0.946 -0.929 -0.931 -0.925 -0.922 -0.912 -0.88 -0.82 -0.738 -0.67 -0.613 -0.585 -0.602 -0.628 -0.652 -0.653 -0.625 -0.593 -0.552 -0.525 -0.509 -0.509 -0.523 -0.542 -0.555 -0.555 -0.54 -0.51 -0.445 -0.274 -0.158 -0.16 -0.224 -0.266 -0.269 -0.331 -0.408 -0.433 -0.367 -0.139 0.112 0.383 0.494 0.573 0.668 0.698 0.496 0.216 0.189 0.334 0.33 0.498 0.648 0.594 0.428 0.438 0.391 0.3 0.253 0.122 0.127
-0.898 -0.894 -0.911 -0.91 -0.907 -0.92 -0.946 -0.955 -0.949 -0.957 -0.972 -0.942 -0.928 -0.906 -0.918 -0.893 -0.899 -0.885 -0.88 -0.879 -0.859 -0.803 -0.709 -0.63 -0.563 -0.515 -0.512 -0.54 -0.578 -0.605 -0.593 -0.578 -0.554 -0.535 -0.525 -0.529 -0.542 -0.552 -0.554 -0.545 -0.524 -0.481 -0.354 -0.198 -0.162 -0.172 -0.204 -0.215 -0.243 -0.289 -0.334 -0.375 -0.382 -0.236 0.014 0.284 0.513 0.654 0.788 0.784 0.612 0.291 0.277 0.37 0.393 0.583 0.728 0.64 0.494 0.57 0.502 0.487 0.421 0.253 0.108
-0.823 -0.821 -0.84 -0.843 -0.848 -0.873 -0.903 -0.916 -0.925 -0.933 -0.948 -0.913 -0.904 -0.865 -0.872 -0.862 -0.866 -0.853 -0.846 -0.841 -0.832 -0.795 -0.716 -0.629 -0.548 -0.486 -0.45 -0.475 -0.516 -0.558 -0.56 -0.558 -0.546 -0.534 -0.534 -0.543 -0.555 -0.557 -0.544 -0.537 -0.503 -0.395 -0.314 -0.237 -0.197 -0.192 -0.206 -0.193 -0.125 -0.172 -0.211 -0.265 -0.315 -0.257 -0.028 0.234 0.514 0.709 0.828 0.731 0.529 0.305 0.309 0.382 0.505 0.681 0.864 0.735 0.574 0.691 0.61 0.636 0.537 0.402 0.2
-0.735 -0.736 -0.754 -0.754 -0.773 -0.815 -0.853 -0.88 -0.892 -0.909 -0.914 -0.874 -0.87 -0.823 -0.824 -0.803 -0.823 -0.824 -0.816 -0.813 -0.796 -0.784 -0.731 -0.661 -0.578 -0.493 -0.437 -0.438 -0.482 -0.532 -0.54 -0.541 -0.535 -0.529 -0.542 -0.552 -0.556 -0.55 -0.54 -0.522 -0.438 -0.349 -0.305 -0.266 -0.211 -0.224 -0.236 -0.136 0.053 0.094 0.008 -0.09 -0.189 -0.225 -0.056 0.2 0.388 0.5 0.539 0.474 0.331 0.252 0.329 0.474 0.657 0.747 0.904 0.768 0.64 0.783 0.72 0.729 0.595 0.43 0.199
-0.643 -0.643 -0.658 -0.659 -0.686 -0.739 -0.781 -0.838 -0.848 -0.882 -0.874 -0.836 -0.823 -0.783 -0.76 -0.741 -0.751 -0.783 -0.792 -0.773 -0.77 -0.765 -0.696 -0.635 -0.589 -0.529 -0.47 -0.458 -0.483 -0.519 -0.531 -0.528 -0.522 -0.535 -0.546 -0.549 -0.543 -0.547 -0.524 -0.476 -0.436 -0.4 -0.336 -0.277 -0.286 -0.304 -0.253 -0.074 0.214 0.406 0.421 0.18 -0.031 -0.151 -0.148 0.016 0.102 0.192 0.224 0.195 0.126 0.185 0.335 0.499 0.709 0.798 0.896 0.735 0.727 0.837 0.833 0.749 0.586 0.376 0.134
-0.55 -0.548 -0.549 -0.557 -0.598 -0.637 -0.703 -0.774 -0.792 -0.84 -0.834 -0.795 -0.781 -0.725 -0.71 -0.702 -0.697 -0.725 -0.767 -0.756 -0.762 -0.733 -0.646 -0.598 -0.554 -0.531 -0.507 -0.493 -0.491 -0.514 -0.53 -0.528 -0.529 -0.545 -0.527 -0.528 -0.536 -0.529 -0.505 -0.466 -0.461 -0.406 -0.358 -0.361 -0.378 -0.359 -0.262 0.008 0.344 0.647 0.834 0.57 0.182 -0.019 -0.132 -0.111 -0.093 -0.049 -0.044 -0.063 -0.068 0.054 0.244 0.397 0.627 0.762 0.793 0.684 0.803 0.89 0.848 0.703 0.512 0.326 0.136
-0.461 -0.447 -0.431 -0.448 -0.485 -0.532 -0.617 -0.703 -0.726 -0.774 -0.778 -0.736 -0.734 -0.676 -0.657 -0.669 -0.691 -0.696 -0.743 -0.758 -0.749 -0.731 -0.666 -0.579 -0.525 -0.505 -0.504 -0.516 -0.529 -0.547 -0.552 -0.547 -0.534 -0.505 -0.479 -0.492 -0.521 -0.542 -0.552 -0.539 -0.491 -0.441 -0.437 -0.441 -0.428 -0.397 -0.26 0.071 0.425 0.792 1.005 0.89 0.491 0.184 0.002 -0.103 -0.169 -0.196 -0.221 -0.244 -0.243 -0.145 0.017 0.191 0.399 0.62 0.648 0.638 0.797 0.909 0.849 0.691 0.481 0.37 0.162
-0.438 -0.404 -0.377 -0.336 -0.368 -0.429 -0.517 -0.606 -0.652 -0.704 -0.715 -0.675 -0.641 -0.644 -0.652 -0.636 -0.639 -0.666 -0.722 -0.706 -0.648 -0.624 -0.663 -0.645 -0.582 -0.552 -0.58 -0.599 -0.598 -0.583 -0.564 -0.54 -0.489 -0.422 -0.421 -0.446 -0.506 -0.53 -0.554 -0.562 -0.524 -0.509 -0.504 -0.486 -0.459 -0.421 -0.296 -0.004 0.371 0.665 0.856 0.901 0.716 0.451 0.209 0.035 -0.107 -0.201 -0.269 -0.318 -0.347 -0.322 -0.226 -0.067 0.157 0.459 0.507 0.578 0.748 0.874 0.817 0.695 0.505 0.424 0.215
-0.397 -0.335 -0.316 -0.299 -0.259 -0.321 -0.416 -0.502 -0.56 -0.593 -0.62 -0.589 -0.58 -0.583 -0.605 -0.657 -0.677 -0.687 -0.71 -0.684 -0.589 -0.523 -0.553 -0.611 -0.653 -0.645 -0.635 -0.603 -0.553 -0.5 -0.468 -0.461 -0.433 -0.417 -0.433 -0.46 -0.494 -0.493 -0.527 -0.566 -0.563 -0.548 -0.534 -0.51 -0.478 -0.455 -0.398 -0.246 0.035 0.323 0.617 0.826 0.815 0.711 0.465 0.263 0.081 -0.075 -0.198 -0.301 -0.361 -0.411 -0.378 -0.27 -0.063 0.256 0.403 0.519 0.672 0.775 0.738 0.647 0.579 0.586 0.367
-0.345 -0.285 -0.236 -0.218 -0.22 -0.203 -0.29 -0.397 -0.433 -0.475 -0.497 -0.524 -0.553 -0.576 -0.603 -0.636 -0.653 -0.707 -0.724 -0.668 -0.558 -0.48 -0.494 -0.571 -0.605 -0.594 -0.565 -0.505 -0.438 -0.365 -0.332 -0.398 -0.391 -0.355 -0.377 -0.431 -0.482 -0.478 -0.498 -0.56 -0.575 -0.565 -0.544 -0.52 -0.499 -0.489 -0.47 -0.409 -0.273 -0.07 0.232 0.617 0.755 0.751 0.629 0.514 0.336 0.159 0.002 -0.139 -0.262 -0.437 -0.461 -0.414 -0.27 -0.026 0.221 0.404 0.511 0.627 0.635 0.687 0.651 0.697 0.435
-0.375 -0.271 -0.188 -0.131 -0.15 -0.124 -0.191 -0.267 -0.31 -0.349 -0.36 -0.41 -0.453 -0.488 -0.559 -0.621 -0.68 -0.691 -0.717 -0.65 -0.521 -0.465 -0.487 -0.553 -0.524 -0.488 -0.474 -0.432 -0.386 -0.306 -0.255 -0.321 -0.262 -0.209 -0.252 -0.35 -0.455 -0.487 -0.496 -0.551 -0.573 -0.565 -0.541 -0.515 -0.499 -0.498 -0.498 -0.483 -0.436 -0.342 -0.138 0.218 0.461 0.499 0.477 0.566 0.528 0.367 0.181 -0.065 -0.315 -0.456 -0.497 -0.476 -0.391 -0.213 0.012 0.153 0.293 0.485 0.575 0.694 0.659 0.565 0.379
-0.35 -0.276 -0.204 -0.108 -0.054 -0.066 -0.1 -0.14 -0.166 -0.189 -0.221 -0.281 -0.336 -0.415 -0.519 -0.62 -0.668 -0.653 -0.717 -0.633 -0.505 -0.467 -0.447 -0.503 -0.458 -0.439 -0.441 -0.411 -0.342 -0.26 -0.217 -0.227 -0.153 -0.093 -0.129 -0.248 -0.402 -0.488 -0.5 -0.547 -0.567 -0.549 -0.512 -0.447 -0.438 -0.474 -0.492 -0.507 -0.507 -0.475 -0.355 -0.04 0.18 0.132 0.21 0.429 0.346 0.135 -0.056 -0.245 -0.392 -0.471 -0.496 -0.451 -0.338 -0.259 -0.136 0.024 0.144 0.27 0.407 0.544 0.55 0.474 0.432
-0.315 -0.232 -0.18 -0.087 -0.024 -0.042 -0.034 -0.108 -0.074 -0.101 -0.129 -0.202 -0.27 -0.385 -0.481 -0.579 -0.656 -0.661 -0.715 -0.61 -0.489 -0.419 -0.391 -0.436 -0.452 -0.423 -0.367 -0.318 -0.239 -0.154 -0.167 -0.119 -0.031 0.022 -0.043 -0.18 -0.357 -0.483 -0.519 -0.549 -0.554 -0.47 -0.378 -0.283 -0.282 -0.361 -0.416 -0.474 -0.519 -0.532 -0.45 -0.278 -0.215 -0.223 -0.023 0.057 -0.102 -0.202 -0.284 -0.375 -0.418 -0.433 -0.422 -0.359 -0.28 -0.267 -0.164 -0.083 -0.018 0.036 0.184 0.298 0.313 0.258 0.165
-0.349 -0.258 -0.165 -0.059 -0.071 -0.089 -0.062 -0.114 -0.081 -0.104 -0.146 -0.221 -0.288 -0.399 -0.464 -0.588 -0.653 -0.688 -0.699 -0.577 -0.463 -0.379 -0.324 -0.38 -0.411 -0.313 -0.239 -0.135 -0.048 0.008 -0.091 -0.001 0.133 0.12 -0.013 -0.187 -0.354 -0.481 -0.525 -0.547 -0.496 -0.37 -0.302 -0.263 -0.343 -0.411 -0.456 -0.495 -0.528 -0.548 -0.54 -0.508 -0.476 -0.433 -0.354 -0.325 -0.323 -0.333 -0.368 -0.455 -0.421 -0.34 -0.236 -0.167 -0.063 -0.081 -0.1 -0.16 -0.154 -0.095 0 0.055 -0.06 -0.147 -0.163
-0.398 -0.29 -0.167 -0.095 -0.121 -0.143 -0.122 -0.131 -0.122 -0.087 -0.128 -0.209 -0.314 -0.434 -0.52 -0.595 -0.665 -0.704 -0.665 -0.552 -0.449 -0.34 -0.269 -0.329 -0.339 -0.22 -0.129 0.02 0.073 0.049 0.042 0.172 0.367 0.353 0.104 -0.157 -0.313 -0.439 -0.503 -0.536 -0.432 -0.337 -0.362 -0.418 -0.454 -0.456 -0.46 -0.475 -0.5 -0.525 -0.54 -0.543 -0.529 -0.495 -0.446 -0.392 -0.319 -0.26 -0.341 -0.5 -0.451 -0.225 0.039 0.166 0.221 0.252 0.272 0.162 0.02 -0.111 -0.147 -0.183 -0.241 -0.281 -0.203
-0.447 -0.325 -0.211 -0.17 -0.193 -0.222 -0.211 -0.198 -0.158 -0.093 -0.168 -0.244 -0.343 -0.432 -0.539 -0.636 -0.705 -0.657 -0.598 -0.542 -0.455 -0.347 -0.279 -0.248 -0.213 -0.094 0.006 0.212 0.301 0.259 0.347 0.418 0.465 0.377 0.083 -0.238 -0.389 -0.449 -0.524 -0.54 -0.476 -0.455 -0.493 -0.492 -0.48 -0.444 -0.397 -0.389 -0.425 -0.457 -0.483 -0.502 -0.499 -0.454 -0.367 -0.243 -0.124 -0.129 -0.332 -0.523 -0.458 -0.146 0.172 0.281 0.403 0.509 0.542 0.514 0.416 0.172 0.003 -0.048 -0.121 -0.143 -0.196
