data/climatemaps/RS_maps/climate_winter_pr_2011.asc
NCOLS 369 
NROWS 228 
XLLCORNER 479000 
YLLCORNER 73000 
CELLSIZE 1000 
NODATA_value -9 
[rows 35 to 69 of 228, columns 156 to 233 of 369]
0.679 0.662 0.668 0.67 0.677 0.681 0.676 0.68 0.675 0.669 0.66 0.686 0.73 0.749 0.733 0.789 0.791 0.77 0.824 0.825 0.838 0.831 0.754 0.612 0.456 0.359 0.319 0.352 0.403 0.484 0.562 0.591 0.61 0.577 0.524 0.458 0.402 0.355 0.278 0.226 0.162 0.082 -0.033 -0.099 -0.133 -0.17 -0.19 -0.174 -0.132 -0.09 -0.057 0.01 0.07 0.107 0.113 0.084 0.032 -0.057 -0.143 -0.213 -0.252 -0.26 -0.247 -0.217 -0.191 -0.18 -0.17 -0.156 -0.139 -0.113 -0.103 -0.105 -0.105 -0.119 -0.142 -0.172 -0.18 -0.155
0.718 0.706 0.687 0.694 0.691 0.672 0.635 0.609 0.615 0.621 0.603 0.636 0.706 0.735 0.735 0.829 0.865 0.834 0.868 0.871 0.87 0.826 0.726 0.566 0.436 0.355 0.343 0.396 0.475 0.55 0.584 0.601 0.614 0.592 0.535 0.488 0.447 0.415 0.366 0.27 0.202 0.113 -0.002 -0.083 -0.126 -0.173 -0.193 -0.179 -0.135 -0.066 -0.032 0.006 0.052 0.083 0.097 0.071 0.009 -0.065 -0.13 -0.204 -0.24 -0.252 -0.241 -0.228 -0.212 -0.191 -0.165 -0.131 -0.09 -0.047 -0.021 -0.016 -0.035 -0.058 -0.091 -0.136 -0.166 -0.162
0.73 0.75 0.74 0.729 0.722 0.696 0.645 0.581 0.557 0.569 0.589 0.61 0.705 0.751 0.783 0.841 0.895 0.896 0.894 0.878 0.811 0.741 0.673 0.512 0.398 0.351 0.393 0.451 0.55 0.636 0.652 0.623 0.584 0.558 0.501 0.488 0.484 0.461 0.426 0.349 0.249 0.154 0.03 -0.07 -0.129 -0.177 -0.197 -0.187 -0.142 -0.064 -0.005 0.016 0.047 0.076 0.066 0.04 0 -0.058 -0.123 -0.188 -0.219 -0.245 -0.231 -0.218 -0.219 -0.2 -0.163 -0.109 -0.043 0.01 0.054 0.061 0.048 0.018 -0.044 -0.1 -0.135 -0.144
0.774 0.772 0.793 0.789 0.764 0.737 0.67 0.58 0.525 0.535 0.601 0.619 0.673 0.725 0.76 0.836 0.916 0.919 0.887 0.825 0.744 0.634 0.539 0.443 0.357 0.34 0.389 0.463 0.569 0.661 0.684 0.634 0.564 0.519 0.477 0.471 0.494 0.488 0.467 0.399 0.295 0.18 0.054 -0.059 -0.127 -0.177 -0.196 -0.192 -0.146 -0.066 0.005 0.022 0.047 0.095 0.089 0.066 0.04 -0.014 -0.088 -0.147 -0.19 -0.231 -0.232 -0.22 -0.222 -0.198 -0.156 -0.091 -0.016 0.052 0.104 0.122 0.124 0.071 -0.001 -0.05 -0.087 -0.11
0.823 0.803 0.824 0.848 0.839 0.779 0.67 0.571 0.514 0.498 0.517 0.55 0.605 0.645 0.687 0.794 0.884 0.938 0.905 0.852 0.725 0.577 0.478 0.414 0.325 0.282 0.317 0.414 0.524 0.615 0.649 0.599 0.533 0.493 0.485 0.473 0.47 0.471 0.459 0.407 0.304 0.184 0.059 -0.054 -0.128 -0.172 -0.192 -0.192 -0.156 -0.078 -0.005 0.025 0.038 0.089 0.108 0.11 0.104 0.054 -0.005 -0.074 -0.141 -0.193 -0.214 -0.221 -0.215 -0.17 -0.122 -0.067 0.016 0.118 0.196 0.198 0.171 0.123 0.062 0.015 -0.017 -0.06
0.834 0.827 0.86 0.923 0.912 0.795 0.658 0.564 0.535 0.534 0.525 0.542 0.552 0.582 0.647 0.732 0.835 0.911 0.887 0.809 0.685 0.525 0.442 0.37 0.27 0.244 0.263 0.32 0.411 0.502 0.557 0.536 0.493 0.473 0.486 0.494 0.491 0.48 0.452 0.398 0.298 0.176 0.055 -0.048 -0.118 -0.164 -0.187 -0.192 -0.167 -0.099 -0.03 0.012 0.031 0.066 0.102 0.134 0.153 0.127 0.092 0.018 -0.076 -0.12 -0.152 -0.187 -0.188 -0.143 -0.083 -0.024 0.068 0.179 0.287 0.307 0.267 0.234 0.169 0.093 0.052 0.037
0.804 0.851 0.898 0.925 0.868 0.77 0.653 0.586 0.577 0.561 0.53 0.55 0.565 0.594 0.649 0.735 0.837 0.893 0.855 0.762 0.62 0.466 0.371 0.294 0.236 0.228 0.258 0.287 0.34 0.39 0.427 0.447 0.442 0.44 0.457 0.471 0.479 0.477 0.453 0.397 0.299 0.171 0.055 -0.039 -0.104 -0.149 -0.179 -0.191 -0.181 -0.13 -0.067 -0.018 0.03 0.061 0.104 0.142 0.179 0.183 0.173 0.094 0 -0.036 -0.065 -0.104 -0.13 -0.112 -0.052 0.03 0.116 0.229 0.339 0.382 0.391 0.339 0.278 0.201 0.149 0.134
0.729 0.808 0.855 0.877 0.819 0.74 0.66 0.614 0.59 0.584 0.571 0.581 0.628 0.657 0.728 0.808 0.874 0.898 0.818 0.688 0.533 0.402 0.323 0.267 0.217 0.216 0.251 0.285 0.319 0.335 0.324 0.338 0.354 0.353 0.358 0.372 0.374 0.382 0.381 0.35 0.275 0.165 0.06 -0.025 -0.088 -0.127 -0.165 -0.185 -0.191 -0.168 -0.114 -0.063 -0.004 0.045 0.099 0.147 0.187 0.211 0.214 0.164 0.075 0.035 0.011 -0.025 -0.05 -0.046 -0.01 0.057 0.164 0.281 0.386 0.461 0.487 0.459 0.398 0.355 0.274 0.229
0.628 0.691 0.76 0.808 0.774 0.75 0.675 0.635 0.634 0.648 0.641 0.666 0.728 0.763 0.842 0.898 0.94 0.908 0.769 0.6 0.471 0.374 0.303 0.252 0.207 0.192 0.208 0.245 0.27 0.283 0.259 0.25 0.246 0.244 0.244 0.241 0.234 0.246 0.255 0.253 0.212 0.147 0.063 -0.009 -0.066 -0.104 -0.147 -0.175 -0.194 -0.194 -0.168 -0.124 -0.061 0.002 0.059 0.117 0.166 0.207 0.226 0.205 0.148 0.129 0.072 0.055 0.039 0.038 0.047 0.109 0.19 0.302 0.409 0.509 0.563 0.546 0.5 0.468 0.41 0.339
0.516 0.592 0.682 0.743 0.75 0.77 0.721 0.685 0.721 0.775 0.77 0.791 0.863 0.893 0.963 0.996 0.995 0.884 0.716 0.543 0.435 0.351 0.279 0.237 0.2 0.164 0.156 0.176 0.196 0.227 0.214 0.195 0.186 0.181 0.181 0.146 0.128 0.126 0.129 0.132 0.116 0.088 0.042 0.003 -0.038 -0.078 -0.12 -0.158 -0.189 -0.204 -0.198 -0.172 -0.125 -0.065 -0.005 0.051 0.115 0.167 0.205 0.207 0.18 0.2 0.178 0.189 0.178 0.135 0.119 0.155 0.211 0.289 0.381 0.474 0.537 0.59 0.542 0.55 0.505 0.449
0.465 0.528 0.619 0.709 0.756 0.835 0.833 0.793 0.842 0.911 0.914 0.913 0.989 1.021 1.033 1.022 0.963 0.818 0.647 0.485 0.388 0.304 0.245 0.215 0.187 0.149 0.118 0.117 0.13 0.161 0.196 0.194 0.166 0.155 0.138 0.097 0.069 0.053 0.043 0.04 0.037 0.024 0.002 -0.021 -0.037 -0.056 -0.088 -0.138 -0.179 -0.204 -0.206 -0.187 -0.159 -0.129 -0.08 -0.022 0.037 0.098 0.15 0.168 0.184 0.237 0.261 0.284 0.273 0.252 0.229 0.209 0.223 0.267 0.328 0.404 0.493 0.567 0.568 0.634 0.62 0.577
0.424 0.505 0.597 0.724 0.799 0.912 0.957 0.926 0.967 0.994 1.01 1.001 1.046 1.048 1.007 0.967 0.899 0.757 0.58 0.419 0.348 0.276 0.22 0.194 0.169 0.132 0.094 0.079 0.077 0.101 0.162 0.199 0.18 0.156 0.129 0.093 0.061 0.034 0.013 -0.001 -0.011 -0.023 -0.034 -0.048 -0.061 -0.069 -0.082 -0.118 -0.163 -0.197 -0.206 -0.193 -0.171 -0.158 -0.137 -0.094 -0.03 0.027 0.086 0.125 0.171 0.239 0.299 0.336 0.337 0.355 0.349 0.307 0.304 0.311 0.33 0.375 0.459 0.53 0.595 0.686 0.719 0.698
0.431 0.533 0.636 0.788 0.89 0.986 1.031 1.037 1.055 1.016 1.011 0.994 1.026 0.999 0.945 0.918 0.843 0.691 0.505 0.34 0.291 0.258 0.209 0.175 0.154 0.117 0.074 0.047 0.039 0.051 0.101 0.174 0.206 0.19 0.153 0.1 0.036 -0.004 -0.032 -0.038 -0.036 -0.042 -0.052 -0.063 -0.071 -0.081 -0.096 -0.119 -0.151 -0.184 -0.201 -0.193 -0.183 -0.182 -0.175 -0.145 -0.094 -0.039 0.026 0.079 0.139 0.208 0.286 0.346 0.39 0.417 0.442 0.409 0.401 0.415 0.39 0.397 0.478 0.555 0.64 0.731 0.79 0.794
0.485 0.614 0.729 0.86 0.98 1.025 1.033 1.049 1.042 0.968 0.897 0.872 0.883 0.853 0.827 0.779 0.686 0.542 0.39 0.253 0.204 0.192 0.185 0.162 0.13 0.102 0.059 0.017 0.004 0.007 0.039 0.115 0.202 0.237 0.207 0.143 0.063 -0.019 -0.072 -0.091 -0.099 -0.066 -0.056 -0.057 -0.061 -0.077 -0.094 -0.119 -0.147 -0.174 -0.188 -0.183 -0.182 -0.188 -0.191 -0.173 -0.132 -0.085 -0.03 0.032 0.099 0.166 0.25 0.33 0.409 0.465 0.5 0.482 0.485 0.505 0.475 0.441 0.5 0.574 0.658 0.779 0.864 0.893
0.552 0.678 0.812 0.879 0.969 0.993 0.967 0.948 0.911 0.85 0.76 0.697 0.661 0.623 0.594 0.545 0.471 0.369 0.266 0.174 0.126 0.109 0.116 0.121 0.11 0.092 0.052 0.004 -0.024 -0.03 -0.013 0.056 0.162 0.247 0.27 0.202 0.115 0.018 -0.068 -0.118 -0.14 -0.133 -0.111 -0.089 -0.071 -0.071 -0.085 -0.122 -0.144 -0.156 -0.161 -0.16 -0.159 -0.166 -0.179 -0.184 -0.16 -0.119 -0.073 -0.011 0.062 0.127 0.206 0.296 0.39 0.488 0.518 0.55 0.561 0.581 0.567 0.526 0.545 0.625 0.694 0.812 0.925 1.002
0.649 0.749 0.827 0.86 0.889 0.921 0.883 0.808 0.761 0.708 0.609 0.529 0.479 0.441 0.412 0.374 0.319 0.25 0.182 0.12 0.079 0.073 0.075 0.081 0.111 0.108 0.077 0.026 -0.027 -0.054 -0.049 -0.005 0.11 0.229 0.299 0.267 0.177 0.073 -0.028 -0.099 -0.14 -0.147 -0.139 -0.128 -0.11 -0.096 -0.097 -0.127 -0.135 -0.118 -0.111 -0.109 -0.107 -0.114 -0.136 -0.16 -0.164 -0.145 -0.111 -0.05 0.026 0.096 0.165 0.255 0.356 0.461 0.522 0.602 0.637 0.665 0.664 0.614 0.646 0.713 0.79 0.898 1.001 1.091
0.715 0.753 0.758 0.779 0.756 0.741 0.715 0.646 0.589 0.528 0.447 0.383 0.336 0.304 0.281 0.253 0.213 0.167 0.122 0.077 0.051 0.052 0.055 0.054 0.073 0.088 0.064 0.046 -0.008 -0.061 -0.07 -0.042 0.05 0.18 0.288 0.297 0.234 0.135 0.031 -0.056 -0.099 -0.113 -0.123 -0.129 -0.13 -0.132 -0.142 -0.152 -0.134 -0.079 -0.05 -0.035 -0.026 -0.037 -0.065 -0.103 -0.132 -0.142 -0.128 -0.085 -0.016 0.067 0.142 0.219 0.314 0.416 0.517 0.62 0.693 0.74 0.735 0.697 0.723 0.803 0.885 0.998 1.12 1.201
0.72 0.707 0.657 0.622 0.589 0.578 0.56 0.485 0.43 0.375 0.325 0.272 0.229 0.2 0.184 0.166 0.142 0.116 0.081 0.054 0.035 0.046 0.055 0.047 0.045 0.049 0.051 0.041 0 -0.059 -0.083 -0.073 -0.007 0.117 0.244 0.287 0.26 0.189 0.101 0.005 -0.025 -0.043 -0.068 -0.096 -0.111 -0.126 -0.148 -0.166 -0.15 -0.086 -0.026 0.031 0.07 0.073 0.033 -0.016 -0.064 -0.101 -0.114 -0.094 -0.043 0.031 0.123 0.198 0.283 0.376 0.488 0.605 0.696 0.754 0.776 0.805 0.813 0.925 1.014 1.096 1.201 1.304
0.615 0.566 0.526 0.475 0.442 0.431 0.4 0.341 0.321 0.294 0.252 0.201 0.168 0.142 0.138 0.132 0.117 0.109 0.067 0.05 0.034 0.045 0.069 0.06 0.047 0.036 0.035 0.036 -0.002 -0.055 -0.088 -0.096 -0.056 0.044 0.165 0.234 0.243 0.222 0.157 0.068 0.033 0.02 0.005 -0.027 -0.061 -0.088 -0.123 -0.156 -0.164 -0.119 -0.034 0.067 0.15 0.187 0.17 0.104 0.032 -0.03 -0.069 -0.077 -0.052 0.009 0.099 0.193 0.271 0.35 0.449 0.563 0.664 0.753 0.837 0.913 0.919 0.972 1.073 1.148 1.264 1.366
0.485 0.435 0.389 0.342 0.309 0.28 0.251 0.237 0.249 0.222 0.18 0.153 0.133 0.12 0.117 0.131 0.128 0.113 0.071 0.054 0.051 0.064 0.078 0.086 0.065 0.042 0.022 0.02 -0.002 -0.043 -0.082 -0.102 -0.092 -0.028 0.082 0.158 0.213 0.245 0.204 0.133 0.089 0.075 0.075 0.073 0.032 -0.026 -0.081 -0.131 -0.163 -0.143 -0.063 0.06 0.176 0.271 0.297 0.261 0.158 0.068 0.003 -0.03 -0.035 0.003 0.072 0.174 0.262 0.334 0.42 0.527 0.657 0.771 0.893 1.02 1.04 1.093 1.174 1.234 1.306 1.405
0.359 0.317 0.275 0.243 0.219 0.198 0.184 0.189 0.202 0.169 0.135 0.12 0.132 0.136 0.12 0.128 0.141 0.136 0.09 0.067 0.064 0.084 0.099 0.12 0.093 0.057 0.028 0.004 -0.007 -0.027 -0.065 -0.092 -0.105 -0.076 0.013 0.098 0.182 0.244 0.242 0.19 0.142 0.13 0.133 0.161 0.145 0.059 -0.027 -0.093 -0.147 -0.148 -0.09 0.032 0.171 0.309 0.388 0.398 0.314 0.194 0.104 0.044 0.013 0.024 0.075 0.155 0.256 0.329 0.406 0.505 0.664 0.808 0.947 1.068 1.116 1.244 1.348 1.4 1.471 1.46
0.278 0.247 0.215 0.201 0.197 0.194 0.189 0.191 0.19 0.143 0.116 0.109 0.15 0.164 0.152 0.13 0.142 0.151 0.123 0.084 0.071 0.079 0.109 0.146 0.132 0.09 0.05 0.02 -0.003 -0.018 -0.043 -0.069 -0.099 -0.1 -0.045 0.046 0.133 0.213 0.241 0.231 0.203 0.195 0.188 0.203 0.231 0.155 0.038 -0.044 -0.115 -0.141 -0.102 0.013 0.157 0.304 0.436 0.505 0.471 0.342 0.226 0.136 0.08 0.065 0.093 0.158 0.254 0.334 0.403 0.497 0.631 0.803 0.974 1.091 1.197 1.335 1.469 1.562 1.6 1.559
0.214 0.205 0.206 0.218 0.234 0.246 0.237 0.222 0.2 0.146 0.116 0.109 0.154 0.179 0.187 0.155 0.158 0.178 0.164 0.119 0.092 0.085 0.116 0.156 0.162 0.123 0.084 0.061 0.024 -0.003 -0.023 -0.044 -0.077 -0.102 -0.082 -0.01 0.079 0.162 0.223 0.258 0.262 0.271 0.24 0.266 0.286 0.263 0.118 0.025 -0.068 -0.118 -0.106 -0.003 0.143 0.294 0.444 0.584 0.598 0.498 0.365 0.249 0.164 0.121 0.127 0.178 0.256 0.33 0.407 0.498 0.614 0.771 0.939 1.083 1.234 1.415 1.54 1.667 1.659 1.667
0.17 0.183 0.197 0.235 0.272 0.293 0.285 0.269 0.234 0.171 0.129 0.114 0.153 0.194 0.208 0.179 0.181 0.201 0.2 0.172 0.136 0.112 0.117 0.145 0.163 0.146 0.118 0.111 0.087 0.039 0.004 -0.022 -0.053 -0.09 -0.1 -0.064 0.018 0.11 0.191 0.255 0.292 0.323 0.288 0.332 0.352 0.333 0.203 0.111 0.007 -0.079 -0.103 -0.027 0.096 0.242 0.419 0.59 0.665 0.636 0.514 0.375 0.266 0.194 0.165 0.2 0.263 0.338 0.414 0.502 0.607 0.742 0.923 1.105 1.28 1.446 1.639 1.712 1.699 1.761
0.126 0.126 0.138 0.179 0.24 0.291 0.318 0.322 0.279 0.21 0.156 0.127 0.157 0.202 0.231 0.201 0.208 0.219 0.227 0.226 0.201 0.152 0.126 0.132 0.152 0.149 0.157 0.164 0.171 0.122 0.055 0.011 -0.019 -0.06 -0.093 -0.091 -0.034 0.055 0.144 0.222 0.303 0.325 0.326 0.397 0.419 0.43 0.29 0.195 0.096 -0.024 -0.078 -0.051 0.05 0.209 0.377 0.549 0.693 0.73 0.642 0.506 0.376 0.28 0.225 0.231 0.277 0.352 0.431 0.509 0.605 0.725 0.9 1.096 1.29 1.485 1.709 1.734 1.728 1.84
0.091 0.077 0.086 0.132 0.219 0.3 0.363 0.38 0.333 0.261 0.196 0.15 0.174 0.217 0.238 0.213 0.227 0.255 0.277 0.278 0.262 0.205 0.151 0.127 0.139 0.144 0.183 0.228 0.242 0.225 0.134 0.065 0.015 -0.028 -0.072 -0.094 -0.066 0.008 0.084 0.183 0.254 0.288 0.372 0.45 0.479 0.545 0.413 0.289 0.193 0.051 -0.034 -0.047 0.026 0.17 0.344 0.52 0.701 0.788 0.725 0.617 0.486 0.37 0.295 0.277 0.301 0.367 0.447 0.528 0.613 0.72 0.865 1.05 1.25 1.48 1.722 1.752 1.724 1.859
0.076 0.059 0.06 0.108 0.203 0.297 0.379 0.404 0.372 0.308 0.231 0.18 0.192 0.232 0.261 0.243 0.239 0.275 0.306 0.327 0.314 0.283 0.192 0.139 0.137 0.155 0.211 0.291 0.334 0.331 0.237 0.142 0.063 0.003 -0.045 -0.082 -0.077 -0.031 0.036 0.127 0.188 0.289 0.41 0.492 0.554 0.646 0.532 0.408 0.304 0.151 0.03 -0.018 0.006 0.125 0.277 0.453 0.649 0.783 0.766 0.676 0.569 0.456 0.376 0.336 0.337 0.39 0.462 0.548 0.632 0.728 0.844 0.999 1.207 1.463 1.736 1.757 1.716 1.836
0.076 0.056 0.048 0.084 0.17 0.269 0.373 0.418 0.397 0.358 0.262 0.225 0.214 0.233 0.285 0.299 0.279 0.284 0.313 0.337 0.361 0.343 0.239 0.164 0.149 0.172 0.243 0.347 0.424 0.432 0.354 0.242 0.137 0.059 -0.009 -0.061 -0.07 -0.044 0.007 0.075 0.142 0.256 0.403 0.533 0.609 0.739 0.663 0.525 0.405 0.272 0.124 0.038 0.015 0.086 0.205 0.354 0.529 0.694 0.752 0.698 0.607 0.513 0.453 0.417 0.403 0.432 0.493 0.57 0.652 0.734 0.834 0.962 1.15 1.419 1.666 1.738 1.695 1.797
0.084 0.068 0.046 0.068 0.147 0.256 0.347 0.397 0.411 0.405 0.306 0.248 0.264 0.27 0.304 0.356 0.373 0.342 0.329 0.349 0.373 0.378 0.274 0.189 0.164 0.196 0.264 0.379 0.503 0.532 0.487 0.366 0.231 0.13 0.042 -0.029 -0.052 -0.044 -0.003 0.058 0.116 0.219 0.381 0.53 0.652 0.788 0.781 0.656 0.515 0.405 0.253 0.124 0.062 0.068 0.14 0.251 0.389 0.539 0.638 0.664 0.61 0.538 0.501 0.488 0.479 0.493 0.539 0.605 0.677 0.739 0.822 0.929 1.085 1.318 1.518 1.626 1.628 1.775
0.094 0.082 0.053 0.061 0.121 0.216 0.321 0.37 0.432 0.447 0.362 0.285 0.289 0.324 0.359 0.424 0.492 0.464 0.405 0.386 0.419 0.417 0.308 0.212 0.176 0.21 0.283 0.401 0.554 0.627 0.604 0.504 0.345 0.214 0.108 0.015 -0.024 -0.034 -0.005 0.052 0.108 0.202 0.349 0.533 0.67 0.761 0.852 0.802 0.654 0.532 0.411 0.243 0.143 0.102 0.113 0.174 0.264 0.37 0.464 0.543 0.572 0.546 0.528 0.539 0.543 0.559 0.6 0.648 0.707 0.757 0.819 0.903 1.03 1.197 1.374 1.501 1.577 1.697
0.11 0.107 0.078 0.063 0.097 0.193 0.294 0.362 0.447 0.478 0.404 0.32 0.323 0.372 0.433 0.504 0.597 0.598 0.53 0.459 0.432 0.425 0.343 0.244 0.196 0.213 0.3 0.413 0.573 0.698 0.709 0.633 0.479 0.316 0.193 0.071 0.013 -0.011 0.001 0.043 0.101 0.195 0.328 0.504 0.658 0.757 0.855 0.896 0.803 0.66 0.575 0.402 0.255 0.18 0.144 0.149 0.187 0.245 0.313 0.391 0.474 0.525 0.547 0.573 0.593 0.6 0.644 0.692 0.737 0.782 0.83 0.887 0.99 1.137 1.32 1.504 1.597 1.618
0.128 0.138 0.112 0.08 0.086 0.157 0.261 0.351 0.428 0.49 0.439 0.36 0.359 0.409 0.488 0.585 0.691 0.734 0.688 0.599 0.507 0.45 0.407 0.308 0.231 0.222 0.301 0.411 0.573 0.744 0.802 0.75 0.614 0.438 0.285 0.143 0.06 0.021 0.022 0.051 0.096 0.184 0.314 0.475 0.606 0.723 0.829 0.899 0.922 0.79 0.696 0.594 0.424 0.309 0.23 0.193 0.188 0.205 0.242 0.292 0.367 0.457 0.537 0.575 0.601 0.616 0.651 0.699 0.756 0.803 0.842 0.881 0.96 1.085 1.244 1.373 1.466 1.53
0.146 0.153 0.143 0.11 0.095 0.132 0.212 0.329 0.428 0.499 0.473 0.401 0.387 0.441 0.536 0.673 0.771 0.845 0.866 0.8 0.657 0.553 0.511 0.416 0.289 0.247 0.296 0.403 0.558 0.75 0.87 0.855 0.739 0.571 0.388 0.228 0.116 0.06 0.048 0.074 0.107 0.173 0.281 0.439 0.565 0.683 0.787 0.86 0.962 0.926 0.794 0.74 0.637 0.486 0.369 0.298 0.254 0.233 0.244 0.27 0.312 0.377 0.454 0.523 0.565 0.595 0.63 0.683 0.754 0.809 0.844 0.887 0.949 1.039 1.145 1.268 1.369 1.441
0.18 0.177 0.173 0.142 0.112 0.133 0.213 0.319 0.421 0.512 0.511 0.439 0.407 0.457 0.581 0.734 0.851 0.935 1.009 0.993 0.841 0.683 0.614 0.535 0.376 0.294 0.305 0.401 0.533 0.721 0.886 0.937 0.846 0.69 0.498 0.32 0.182 0.106 0.078 0.09 0.122 0.175 0.254 0.387 0.522 0.647 0.742 0.819 0.905 0.977 0.906 0.856 0.811 0.678 0.535 0.454 0.374 0.305 0.289 0.297 0.318 0.351 0.4 0.459 0.509 0.56 0.61 0.658 0.719 0.783 0.842 0.892 0.955 1.023 1.109 1.208 1.292 1.356
0.209 0.231 0.228 0.187 0.139 0.146 0.212 0.307 0.407 0.519 0.539 0.475 0.426 0.442 0.572 0.729 0.865 0.991 1.063 1.095 0.981 0.822 0.73 0.652 0.491 0.365 0.329 0.39 0.509 0.682 0.868 0.979 0.926 0.779 0.594 0.407 0.258 0.157 0.116 0.111 0.134 0.185 0.247 0.351 0.472 0.6 0.693 0.772 0.849 0.93 0.95 0.914 0.933 0.827 0.681 0.58 0.507 0.418 0.367 0.353 0.358 0.375 0.405 0.445 0.491 0.544 0.602 0.664 0.728 0.793 0.85 0.901 0.953 1.017 1.099 1.186 1.257 1.316
