data/climatemaps/RS_maps/climate_breeding_pr_2002.asc
NCOLS 369 
NROWS 228 
XLLCORNER 479000 
YLLCORNER 73000 
CELLSIZE 1000 
NODATA_value -9 
[rows 102 to 135 of 228, columns 228 to 303 of 369]
1.087 1.379 1.527 1.773 2.084 2.324 2.396 2.399 2.038 1.467 0.743 0.179 -0.084 -0.021 0.296 0.399 0.623 0.955 1.207 1.201 1.149 0.958 0.661 0.307 -0.047 -0.106 0.135 0.32 0.618 1.044 1.633 1.902 1.817 1.598 1.38 1.184 1.004 0.845 0.69 0.627 0.739 0.674 0.417 0.415 0.22 -0.095 -0.325 -0.229 0.103 0.069 -0.16 -0.408 -0.669 -0.886 -0.94 -0.86 -0.585 -0.287 -0.17 0.005 0.327 0.417 0.241 -0.066 -0.238 -0.321 -0.498 -0.635 -0.73 -0.785 -0.844 -0.885 -0.911 -0.876 -0.765 -0.578
1.27 1.511 1.596 1.715 1.865 2.044 2.212 2.027 1.619 1.129 0.46 -0.026 -0.063 0.016 0.29 0.586 0.792 1.054 1.327 1.32 1.074 0.814 0.506 0.192 -0.024 -0.038 0.13 0.434 0.736 1.193 1.733 1.894 1.783 1.643 1.546 1.452 1.274 1.164 0.985 0.804 0.603 0.435 0.184 -0.014 -0.205 -0.376 -0.309 0.054 0.28 0.289 0.059 -0.272 -0.601 -0.878 -0.936 -0.82 -0.553 -0.232 0.016 0.09 0.355 0.532 0.378 0.111 -0.106 -0.099 -0.212 -0.381 -0.556 -0.617 -0.684 -0.785 -0.887 -0.95 -0.928 -0.813
1.412 1.516 1.686 1.774 1.982 1.976 1.748 1.419 1.099 0.679 0.189 -0.062 0.095 0.177 0.209 0.529 0.88 1.125 1.277 1.261 1.057 0.671 0.346 0.158 0.177 0.3 0.354 0.671 1.003 1.378 1.69 1.877 1.898 1.829 1.786 1.742 1.628 1.557 1.382 1.178 1.031 0.941 0.648 0.215 -0.273 -0.341 0.029 0.42 0.478 0.37 0.117 -0.254 -0.636 -0.889 -0.93 -0.804 -0.551 -0.194 0.156 0.208 0.4 0.631 0.545 0.317 0.062 0.134 0.1 -0.075 -0.314 -0.342 -0.378 -0.533 -0.689 -0.81 -0.89 -0.93
1.808 2.053 2.041 2.008 1.841 1.494 1.244 1.131 0.97 0.629 0.124 -0.052 0.131 0.374 0.327 0.482 0.902 1.162 1.204 1.101 0.915 0.602 0.382 0.42 0.609 0.709 0.705 0.993 1.27 1.466 1.644 1.765 1.827 1.701 1.654 1.679 1.615 1.577 1.547 1.482 1.338 0.934 0.546 0.131 -0.294 -0.181 0.156 0.465 0.459 0.369 0.072 -0.366 -0.73 -0.897 -0.916 -0.79 -0.502 -0.181 0.207 0.324 0.537 0.757 0.698 0.439 0.282 0.314 0.389 0.211 -0.009 -0.031 -0.082 -0.224 -0.39 -0.547 -0.687 -0.826
2.156 2.308 2.23 1.897 1.491 1.276 1.25 1.245 1.107 0.709 0.126 -0.001 0.241 0.505 0.556 0.572 1.038 1.284 1.227 1.019 0.845 0.67 0.733 0.841 1.054 1.085 1.103 1.41 1.459 1.464 1.584 1.662 1.573 1.462 1.375 1.426 1.438 1.453 1.417 1.269 1.206 0.93 0.525 0.032 -0.221 -0.023 0.328 0.396 0.392 0.254 -0.059 -0.498 -0.802 -0.906 -0.893 -0.756 -0.437 -0.091 0.257 0.44 0.73 0.82 0.726 0.564 0.564 0.535 0.612 0.44 0.32 0.264 0.245 0.086 -0.083 -0.235 -0.358 -0.502
2.515 2.541 2.204 1.743 1.529 1.464 1.405 1.236 1.027 0.625 0.135 0.156 0.404 0.723 0.784 0.811 1.32 1.474 1.397 1.279 1.151 0.927 1.152 1.391 1.442 1.455 1.535 1.687 1.631 1.48 1.536 1.598 1.577 1.494 1.231 1.138 1.239 1.329 1.333 1.235 1.036 0.743 0.357 -0.032 -0.053 0.118 0.33 0.292 0.197 0.01 -0.321 -0.674 -0.873 -0.928 -0.869 -0.694 -0.34 0.051 0.347 0.566 0.786 0.787 0.756 0.766 0.773 0.698 0.723 0.572 0.598 0.547 0.535 0.4 0.236 0.113 0.009 -0.143
2.521 2.49 2.135 1.927 1.822 1.723 1.503 1.267 1.002 0.607 0.218 0.385 0.644 0.931 1.008 1.205 1.608 1.787 1.788 1.746 1.508 1.253 1.528 1.693 1.678 1.656 1.68 1.685 1.689 1.553 1.35 1.261 1.311 1.274 1.185 0.879 0.935 1.07 1.113 1.108 0.897 0.637 0.229 -0.027 0.088 0.198 0.18 0.086 -0.114 -0.348 -0.623 -0.832 -0.938 -0.953 -0.837 -0.587 -0.254 0.048 0.239 0.492 0.655 0.731 0.753 0.774 0.747 0.741 0.705 0.666 0.72 0.74 0.701 0.619 0.535 0.442 0.364 0.167
2.326 2.387 2.244 2.239 2.08 2.031 1.729 1.436 1.135 0.659 0.365 0.555 0.827 1.008 1.175 1.557 1.712 1.947 1.945 1.918 1.757 1.632 1.803 1.737 1.742 1.719 1.681 1.626 1.547 1.424 1.159 0.926 0.873 0.918 0.898 0.671 0.568 0.688 0.817 0.822 0.669 0.474 0.094 -0.088 0.018 0.001 -0.137 -0.277 -0.481 -0.688 -0.829 -0.925 -0.983 -0.936 -0.75 -0.5 -0.325 -0.165 -0.004 0.217 0.306 0.423 0.45 0.501 0.501 0.529 0.629 0.685 0.683 0.685 0.671 0.698 0.723 0.699 0.582 0.315
2.432 2.487 2.443 2.497 2.423 2.243 1.936 1.566 1.121 0.699 0.792 0.701 0.872 1.049 1.24 1.66 1.748 1.948 2.048 1.916 1.888 1.823 1.785 1.676 1.688 1.691 1.575 1.488 1.342 1.174 0.947 0.604 0.468 0.436 0.497 0.402 0.206 0.245 0.433 0.48 0.39 0.155 -0.197 -0.352 -0.324 -0.424 -0.576 -0.689 -0.791 -0.874 -0.92 -0.955 -0.982 -0.914 -0.702 -0.585 -0.516 -0.397 -0.248 -0.092 -0.014 0.081 0.089 0.151 0.182 0.257 0.392 0.486 0.451 0.531 0.697 0.828 0.895 0.868 0.695 0.385
2.657 2.721 2.772 2.795 2.648 2.279 1.989 1.556 0.947 0.9 1.204 1.002 0.898 1.037 1.406 1.721 1.833 1.917 2.01 1.848 1.848 1.673 1.657 1.524 1.55 1.662 1.54 1.378 1.176 0.914 0.683 0.367 0.135 -0.016 -0.026 -0.077 -0.186 -0.192 -0.032 0.034 0 -0.192 -0.49 -0.667 -0.727 -0.822 -0.888 -0.917 -0.93 -0.906 -0.872 -0.797 -0.85 -0.926 -0.811 -0.76 -0.699 -0.597 -0.494 -0.395 -0.33 -0.272 -0.24 -0.218 -0.173 -0.036 0.09 0.226 0.234 0.477 0.715 0.829 0.962 0.932 0.755 0.435
2.87 2.963 3.033 2.943 2.643 2.211 1.932 1.483 0.966 1.153 1.436 1.349 1.152 1.167 1.574 1.665 1.895 1.938 1.795 1.491 1.544 1.408 1.489 1.357 1.344 1.454 1.409 1.252 1.079 0.772 0.44 0.118 -0.107 -0.282 -0.364 -0.422 -0.499 -0.537 -0.486 -0.437 -0.467 -0.57 -0.737 -0.878 -0.955 -1.002 -1.002 -0.968 -0.903 -0.782 -0.632 -0.543 -0.693 -0.837 -0.82 -0.738 -0.66 -0.602 -0.574 -0.526 -0.475 -0.446 -0.423 -0.404 -0.385 -0.321 -0.225 -0.083 0.025 0.329 0.532 0.655 0.81 0.88 0.69 0.374
2.902 2.963 3.029 2.96 2.556 2.26 2.152 1.824 1.302 1.318 1.621 1.552 1.346 1.433 1.675 1.678 1.747 1.854 1.819 1.413 1.104 1.148 1.316 1.261 1.105 1.187 1.159 0.925 0.767 0.513 0.179 -0.112 -0.298 -0.429 -0.525 -0.595 -0.676 -0.741 -0.755 -0.775 -0.81 -0.865 -0.945 -1.01 -1.04 -1.052 -0.951 -0.827 -0.696 -0.504 -0.306 -0.338 -0.539 -0.683 -0.566 -0.486 -0.412 -0.342 -0.376 -0.373 -0.36 -0.311 -0.292 -0.285 -0.31 -0.42 -0.399 -0.257 -0.08 0.134 0.34 0.563 0.705 0.743 0.528 0.188
2.85 2.873 2.986 2.922 2.604 2.55 2.51 2.051 1.626 1.629 1.767 1.649 1.544 1.716 1.697 1.711 1.635 1.559 1.487 1.219 0.752 0.853 1.084 1.046 0.884 0.878 0.828 0.568 0.39 0.236 -0.016 -0.308 -0.451 -0.525 -0.634 -0.724 -0.795 -0.86 -0.909 -0.927 -0.966 -1.008 -1.054 -1.092 -1.068 -0.972 -0.776 -0.593 -0.431 -0.218 -0.027 -0.171 -0.431 -0.509 -0.358 -0.212 -0.154 -0.07 -0.108 -0.089 -0.016 0.021 0.02 -0.014 -0.099 -0.335 -0.375 -0.199 -0.031 0.179 0.344 0.619 0.645 0.534 0.287 -0.027
2.762 2.851 2.989 2.821 2.804 2.944 2.775 2.176 1.962 2.134 2.008 1.867 1.798 1.762 1.558 1.486 1.534 1.383 1.114 0.867 0.48 0.503 0.701 0.679 0.597 0.54 0.533 0.25 0.02 -0.084 -0.255 -0.492 -0.596 -0.649 -0.758 -0.835 -0.88 -0.943 -0.939 -0.946 -1.001 -1.035 -1.098 -1.11 -0.981 -0.802 -0.596 -0.384 -0.184 0.084 0.185 -0.002 -0.286 -0.336 -0.195 -0.035 0.09 0.18 0.215 0.228 0.399 0.394 0.321 0.194 0.02 -0.245 -0.253 -0.097 0.102 0.361 0.516 0.652 0.537 0.308 0.016 -0.149
2.722 2.868 2.916 2.574 2.576 2.797 2.636 2.39 2.401 2.339 2.077 1.86 1.679 1.562 1.382 1.187 1.306 1.198 0.884 0.597 0.284 0.142 0.282 0.243 0.248 0.203 0.232 0.001 -0.278 -0.396 -0.499 -0.648 -0.733 -0.78 -0.824 -0.822 -0.813 -0.884 -0.937 -0.879 -0.874 -0.971 -1.098 -1.083 -0.878 -0.739 -0.539 -0.313 -0.071 0.197 0.351 0.217 -0.093 -0.218 -0.107 0.029 0.272 0.4 0.533 0.512 0.749 0.722 0.56 0.34 0.106 -0.122 -0.058 0.068 0.257 0.516 0.646 0.666 0.502 0.138 -0.141 -0.088
2.83 2.674 2.692 2.42 2.437 2.521 2.537 2.384 2.244 2.221 1.98 1.789 1.69 1.618 1.359 1.004 0.911 0.844 0.594 0.312 0.08 -0.14 -0.123 -0.158 -0.134 -0.157 -0.135 -0.282 -0.497 -0.65 -0.71 -0.755 -0.771 -0.753 -0.737 -0.665 -0.592 -0.708 -0.885 -0.801 -0.68 -0.833 -1.032 -1.1 -0.949 -0.752 -0.626 -0.417 -0.106 0.259 0.456 0.372 0.072 -0.129 -0.084 0.036 0.3 0.578 0.711 0.804 0.981 0.884 0.695 0.448 0.176 0.066 0.179 0.347 0.537 0.638 0.648 0.589 0.354 -0.038 -0.187 -0.02
2.698 2.71 2.416 2.18 2.221 2.181 2.2 2.188 1.993 2.071 2.022 1.812 1.576 1.401 1.131 0.795 0.489 0.405 0.242 -0.011 -0.197 -0.362 -0.42 -0.45 -0.434 -0.461 -0.461 -0.551 -0.674 -0.768 -0.778 -0.726 -0.622 -0.509 -0.484 -0.389 -0.307 -0.524 -0.728 -0.767 -0.556 -0.666 -0.894 -1.05 -1.01 -0.802 -0.772 -0.554 -0.167 0.274 0.475 0.41 0.246 0.005 -0.103 0.02 0.297 0.69 0.844 1.038 1.083 0.962 0.778 0.56 0.288 0.327 0.41 0.55 0.66 0.737 0.669 0.454 0.112 -0.174 -0.183 -0.027
2.443 2.638 2.332 1.951 1.987 1.89 1.98 2.043 1.851 1.641 1.635 1.381 1.13 0.905 0.625 0.337 0.11 -0.008 -0.109 -0.27 -0.434 -0.527 -0.533 -0.514 -0.518 -0.567 -0.612 -0.682 -0.745 -0.763 -0.677 -0.46 -0.257 -0.138 -0.13 -0.129 -0.059 -0.259 -0.472 -0.703 -0.522 -0.516 -0.679 -0.899 -1.066 -0.978 -0.889 -0.628 -0.304 0.13 0.458 0.526 0.45 0.208 -0.044 0.011 0.29 0.706 0.979 1.189 1.169 1.036 0.998 0.813 0.482 0.586 0.659 0.773 0.824 0.707 0.608 0.307 -0.039 -0.141 -0.162 -0.131
2.373 2.344 2.108 1.732 1.78 1.713 1.67 1.652 1.605 1.268 1.048 0.85 0.633 0.4 0.176 -0.071 -0.225 -0.326 -0.395 -0.5 -0.557 -0.502 -0.443 -0.394 -0.375 -0.405 -0.493 -0.639 -0.719 -0.644 -0.443 -0.196 0.052 0.188 0.235 0.183 0.327 0.121 -0.266 -0.588 -0.464 -0.355 -0.563 -0.856 -1.048 -1.054 -0.96 -0.724 -0.431 -0.096 0.327 0.612 0.519 0.306 0.037 0.05 0.309 0.697 1.022 1.171 1.221 1.174 1.173 0.872 0.803 0.745 0.811 0.854 0.819 0.75 0.524 0.132 -0.064 -0.002 0.038 -0.099
2.433 2.24 1.899 1.455 1.443 1.433 1.287 1.229 1.129 0.905 0.5 0.299 0.118 -0.045 -0.202 -0.362 -0.46 -0.509 -0.52 -0.519 -0.439 -0.356 -0.274 -0.193 -0.152 -0.205 -0.346 -0.519 -0.682 -0.565 -0.303 -0.052 0.259 0.571 0.681 0.61 0.609 0.311 -0.072 -0.433 -0.33 -0.249 -0.487 -0.767 -0.984 -1.041 -1.005 -0.84 -0.545 -0.22 0.202 0.526 0.477 0.269 0.051 0.117 0.363 0.743 1.094 1.204 1.353 1.398 1.174 1.032 1.038 0.906 0.912 0.862 0.749 0.595 0.349 0.028 -0.028 0.096 0.185 0.098
2.44 2.344 1.994 1.332 1.07 1.124 0.92 0.805 0.567 0.367 0.061 -0.141 -0.268 -0.358 -0.421 -0.417 -0.401 -0.384 -0.362 -0.344 -0.247 -0.16 -0.086 -0.006 0.06 -0.028 -0.171 -0.379 -0.611 -0.549 -0.374 -0.154 0.218 0.714 1.095 1.026 0.788 0.322 -0.071 -0.279 -0.131 -0.154 -0.397 -0.681 -0.915 -1.019 -1.018 -0.921 -0.6 -0.209 0.18 0.403 0.356 0.168 0.022 0.142 0.399 0.771 1.047 1.296 1.382 1.329 1.138 1.162 1.139 0.965 0.832 0.778 0.683 0.614 0.314 -0.024 0.021 0.162 0.328 0.33
2.41 2.191 1.803 1.233 0.752 0.772 0.561 0.365 0.123 -0.064 -0.224 -0.31 -0.37 -0.366 -0.3 -0.177 -0.115 -0.134 -0.091 -0.082 -0.015 0.074 0.136 0.219 0.148 0.029 -0.139 -0.356 -0.568 -0.512 -0.357 -0.122 0.283 0.816 1.292 1.25 0.901 0.302 -0.046 -0.02 0.069 -0.077 -0.314 -0.604 -0.851 -0.984 -1.017 -0.961 -0.649 -0.295 -0.005 0.272 0.225 0.075 -0.035 0.06 0.357 0.649 0.946 1.189 1.23 1.207 1.24 1.205 1.001 0.784 0.524 0.512 0.45 0.37 0.086 -0.062 0.123 0.24 0.439 0.526
2.061 1.757 1.353 0.912 0.44 0.34 0.172 0.022 -0.142 -0.231 -0.187 -0.138 -0.2 -0.061 0.062 0.198 0.257 0.17 0.223 0.195 0.181 0.318 0.304 0.22 0.109 -0.037 -0.217 -0.416 -0.497 -0.35 -0.107 0.135 0.544 1.083 1.409 1.222 0.892 0.308 0.116 0.242 0.152 -0.03 -0.245 -0.523 -0.779 -0.944 -1.005 -0.977 -0.751 -0.494 -0.162 0.166 0.111 0.007 -0.116 -0.044 0.295 0.541 0.887 1.033 1.143 1.188 1.101 0.908 0.714 0.507 0.206 0.116 0.106 0.06 -0.139 -0.069 0.144 0.337 0.539 0.679
1.62 1.203 0.861 0.473 0.148 0.031 -0.045 -0.113 -0.175 -0.1 0.105 0.191 0.126 0.287 0.511 0.618 0.622 0.499 0.558 0.508 0.432 0.453 0.341 0.202 0.047 -0.128 -0.295 -0.419 -0.378 -0.233 0.061 0.38 0.744 1.227 1.404 1.144 0.763 0.301 0.264 0.352 0.209 0.018 -0.209 -0.481 -0.723 -0.899 -0.986 -0.982 -0.831 -0.566 -0.328 -0.011 0.006 -0.097 -0.234 -0.157 0.205 0.575 0.761 0.858 0.817 0.848 0.675 0.494 0.344 0.137 -0.105 -0.267 -0.234 -0.205 -0.143 -0.048 0.148 0.37 0.582 0.768
1.06 0.624 0.327 0.134 0.083 0.105 0.121 0.14 0.035 0.15 0.358 0.453 0.535 0.612 0.966 1.057 0.991 0.86 0.859 0.817 0.722 0.583 0.372 0.188 -0.007 -0.171 -0.317 -0.329 -0.228 -0.113 0.137 0.482 0.846 1.232 1.402 1.139 0.716 0.338 0.467 0.428 0.275 0.079 -0.158 -0.419 -0.659 -0.84 -0.958 -0.98 -0.918 -0.734 -0.468 -0.21 -0.187 -0.285 -0.373 -0.287 0.002 0.384 0.508 0.582 0.48 0.437 0.301 0.07 -0.027 -0.227 -0.419 -0.507 -0.421 -0.294 -0.004 0.057 0.17 0.399 0.594 0.753
0.523 0.242 0.122 0.217 0.349 0.457 0.529 0.638 0.325 0.346 0.528 0.732 0.887 0.978 1.374 1.421 1.345 1.248 1.208 1.018 0.873 0.642 0.423 0.174 -0.02 -0.175 -0.256 -0.14 0.053 0.063 0.256 0.633 1.006 1.365 1.413 1.151 0.709 0.452 0.627 0.502 0.319 0.116 -0.121 -0.36 -0.597 -0.789 -0.89 -0.85 -0.867 -0.831 -0.676 -0.463 -0.461 -0.508 -0.454 -0.417 -0.215 0.1 0.23 0.192 0.111 0.019 -0.035 -0.264 -0.377 -0.559 -0.651 -0.575 -0.41 -0.198 0.067 0.194 0.198 0.433 0.678 0.723
0.281 0.154 0.275 0.524 0.733 0.905 1.054 1.031 0.676 0.511 0.668 0.911 1.209 1.335 1.68 1.782 1.718 1.588 1.518 1.232 0.956 0.673 0.428 0.171 0.006 -0.094 -0.128 0.073 0.287 0.381 0.375 0.74 1.167 1.506 1.378 1.068 0.67 0.651 0.732 0.55 0.328 0.119 -0.089 -0.319 -0.5 -0.67 -0.784 -0.68 -0.596 -0.567 -0.585 -0.582 -0.564 -0.577 -0.533 -0.551 -0.446 -0.233 -0.148 -0.209 -0.291 -0.334 -0.38 -0.55 -0.659 -0.732 -0.671 -0.491 -0.322 -0.121 0.093 0.243 0.306 0.507 0.622 0.755
0.294 0.261 0.55 0.748 1.037 1.303 1.358 1.309 1.05 0.748 0.887 1.135 1.377 1.606 1.845 1.989 1.957 1.863 1.68 1.353 1.004 0.64 0.381 0.213 0.181 0.085 0.013 0.273 0.512 0.691 0.711 0.909 1.336 1.572 1.343 0.949 0.666 0.769 0.805 0.649 0.379 0.155 -0.011 -0.106 -0.149 -0.427 -0.656 -0.575 -0.321 -0.224 -0.287 -0.321 -0.41 -0.518 -0.604 -0.654 -0.634 -0.531 -0.512 -0.558 -0.603 -0.611 -0.649 -0.709 -0.765 -0.787 -0.619 -0.449 -0.327 -0.18 0.073 0.238 0.347 0.419 0.543 0.689
0.496 0.364 0.509 0.789 1.248 1.63 1.737 1.729 1.618 1.243 0.982 1.123 1.382 1.732 1.972 2.13 2.124 1.934 1.624 1.243 0.879 0.538 0.412 0.427 0.535 0.309 0.148 0.388 0.625 0.87 1.041 1.221 1.626 1.595 1.308 0.898 0.942 0.899 0.888 0.926 0.647 0.458 0.382 0.345 0.254 -0.112 -0.526 -0.482 -0.27 -0.05 -0.019 0.063 -0.021 -0.244 -0.51 -0.689 -0.751 -0.763 -0.772 -0.765 -0.743 -0.701 -0.67 -0.613 -0.645 -0.766 -0.68 -0.551 -0.483 -0.338 -0.096 0.031 0.163 0.37 0.546 0.487
0.683 0.532 0.679 0.973 1.474 1.951 2.091 2.13 2.115 1.847 1.256 1.096 1.435 1.799 2.044 2.194 2.195 2.021 1.615 1.13 0.751 0.611 0.685 0.794 0.898 0.56 0.236 0.363 0.626 0.972 1.314 1.61 1.781 1.587 1.207 1.078 1.232 1.227 1.076 1.292 1.113 0.972 0.853 0.735 0.444 0.052 -0.426 -0.37 -0.089 0.21 0.311 0.46 0.365 0.073 -0.264 -0.573 -0.748 -0.783 -0.754 -0.723 -0.651 -0.517 -0.452 -0.278 -0.332 -0.482 -0.658 -0.686 -0.555 -0.353 -0.221 -0.105 0.142 0.234 0.241 0.214
0.984 0.825 1.087 1.197 1.645 2.166 2.403 2.54 2.47 2.164 1.607 1.253 1.61 2 2.219 2.295 2.301 2.172 1.689 1.131 0.852 0.88 1.1 1.146 1.185 0.827 0.392 0.467 0.829 1.216 1.621 1.809 1.82 1.545 1.214 1.265 1.441 1.501 1.412 1.738 1.624 1.397 1.127 0.831 0.456 0.056 -0.364 -0.362 -0.037 0.369 0.606 0.754 0.642 0.381 0.009 -0.376 -0.642 -0.668 -0.532 -0.505 -0.359 -0.209 -0.148 0.081 0.008 -0.014 -0.263 -0.55 -0.581 -0.406 -0.266 -0.257 -0.164 -0.145 -0.087 -0.031
1.242 1.146 1.458 1.475 1.829 2.352 2.605 2.674 2.584 2.336 1.981 1.718 1.816 2.227 2.422 2.363 2.266 2.095 1.623 1.18 1.212 1.238 1.365 1.563 1.49 1.158 0.6 0.69 0.925 1.21 1.716 1.939 1.934 1.584 1.414 1.518 1.687 1.739 1.784 1.97 1.791 1.507 1.209 0.865 0.422 -0.049 -0.371 -0.311 -0.012 0.395 0.795 0.965 0.885 0.659 0.265 -0.16 -0.484 -0.566 -0.363 -0.285 -0.142 0.065 0.169 0.395 0.352 0.333 0.241 -0.162 -0.425 -0.471 -0.45 -0.46 -0.346 -0.176 -0.006 0.073
1.524 1.441 1.667 1.789 2.006 2.491 2.734 2.774 2.808 2.704 2.543 2.419 2.165 2.402 2.571 2.518 2.341 1.973 1.629 1.371 1.542 1.678 1.658 1.868 1.741 1.304 0.7 0.795 1.032 1.195 1.674 1.97 1.96 1.637 1.589 1.805 1.913 1.94 2.06 2.076 1.877 1.628 1.25 0.826 0.344 -0.104 -0.334 -0.165 0.13 0.509 0.949 1.164 1.104 0.904 0.502 0.048 -0.362 -0.538 -0.382 -0.181 0.026 0.256 0.416 0.667 0.683 0.598 0.58 0.253 -0.111 -0.362 -0.445 -0.376 -0.199 -0.043 0.1 0.203
1.786 1.834 1.93 2.106 2.319 2.779 3.079 3.008 3.125 3.063 3.005 2.842 2.542 2.541 2.727 2.592 2.411 2.315 1.931 1.644 1.808 1.983 2.122 2.088 1.787 1.299 0.732 0.77 1.172 1.433 1.795 1.992 1.991 1.674 1.691 1.949 1.975 2.003 2.125 2.103 1.971 1.724 1.311 0.802 0.318 -0.1 -0.25 0.017 0.356 0.663 1.099 1.327 1.34 1.191 0.723 0.176 -0.268 -0.525 -0.408 -0.211 0.057 0.388 0.611 0.808 0.93 0.858 0.91 0.676 0.367 -0.047 -0.302 -0.269 -0.167 -0.057 0.099 0.229
