data/climatemaps/RS_maps/climate_postbreed_tmp_2015.asc
NCOLS 369 
NROWS 228 
XLLCORNER 479000 
YLLCORNER 73000 
CELLSIZE 1000 
NODATA_value -9 
[rows 68 to 101 of 228, columns 231 to 307 of 369]
0.813 0.813 0.814 0.809 0.804 0.807 0.77 0.746 0.727 0.685 0.595 0.417 0.273 0.167 0.097 -0.006 0.014 0.136 0.318 0.138 0.29 0.432 0.482 0.412 0.282 0.019 -0.293 -0.204 -0.055 -0.302 -0.511 -0.588 -0.337 -0.214 -0.868 -1.029 -0.761 -0.744 -0.633 -0.132 0.253 0.562 0.833 0.893 0.91 0.917 0.908 0.835 0.788 0.783 0.881 0.906 0.794 0.763 0.856 0.87 0.865 0.869 0.881 0.824 -9 -9 -9 -9 -9 -9 -9 -9 -9 -9 -9 -9 -9 -9 -9 -9 -9
0.845 0.854 0.853 0.849 0.856 0.881 0.878 0.851 0.812 0.774 0.706 0.58 0.414 0.323 0.181 -0.046 -0.141 0.004 0.311 0.101 0.132 0.322 0.465 0.466 0.336 0.017 -0.287 -0.305 -0.373 -0.596 -0.526 -0.263 0.061 -0.177 -0.531 -0.432 -0.482 -0.511 -0.187 0.136 0.417 0.691 0.86 0.902 0.92 0.92 0.896 0.83 0.839 0.897 0.914 0.807 0.489 0.429 0.648 0.785 0.869 0.898 0.9 0.89 -9 -9 -9 -9 -9 -9 -9 -9 -9 -9 -9 -9 -9 -9 -9 -9 -9
0.885 0.905 0.897 0.87 0.87 0.889 0.903 0.901 0.888 0.865 0.812 0.702 0.515 0.309 0.222 -0.048 -0.161 0.005 0.187 -0.105 -0.02 0.126 0.218 0.304 0.347 0.126 -0.162 -0.527 -0.324 -0.209 -0.173 0.019 0.049 -0.124 -0.123 -0.13 -0.159 -0.056 -0.015 0.204 0.493 0.783 0.884 0.909 0.92 0.92 0.914 0.907 0.915 0.913 0.814 0.458 0.077 0.231 0.551 0.564 0.693 0.801 0.876 0.894 -9 -9 -9 -9 -9 -9 -9 -9 -9 -9 -9 -9 -9 -9 -9 -9 -9
0.89 0.828 0.808 0.835 0.871 0.897 0.911 0.909 0.907 0.89 0.875 0.81 0.558 0.259 0.166 0.045 -0.197 -0.08 -0.135 -0.215 -0.008 -0.134 -0.052 0.181 0.334 0.315 -0.13 -0.344 -0.249 -0.069 0.054 0.183 0.164 0.108 0.096 0.147 0.149 0.164 0.207 0.346 0.591 0.833 0.897 0.916 0.92 0.922 0.927 0.931 0.932 0.872 0.561 0.047 -0.15 0.323 0.439 0.247 0.367 0.564 0.724 -9 -9 -9 -9 -9 -9 -9 -9 -9 -9 -9 -9 -9 -9 -9 -9 -9 -9
0.863 0.782 0.786 0.855 0.912 0.918 0.918 0.915 0.907 0.838 0.898 0.838 0.673 0.328 0.053 0.091 -0.191 -0.305 -0.41 -0.272 -0.097 0.089 0.219 0.205 0.258 0.368 0.069 -0.025 0.017 0.23 0.248 0.236 0.157 0.105 0.034 0.033 0.058 0.14 0.257 0.427 0.646 0.847 0.9 0.924 0.924 0.926 0.931 0.933 0.916 0.672 0.252 -0.328 -0.131 0.331 0.311 -0.073 0.042 0.396 0.603 -9 -9 -9 -9 -9 -9 -9 -9 -9 -9 -9 -9 -9 -9 -9 -9 -9 -9
0.881 0.87 0.875 0.872 0.917 0.92 0.92 0.92 0.859 0.799 0.91 0.887 0.794 0.439 0.091 -0.203 -0.237 -0.567 -0.406 -0.148 -0.019 0.046 0.044 -0.177 -0.02 0.021 0.261 0.273 0.232 0.094 -0.047 -0.062 -0.092 -0.104 -0.218 -0.222 -0.191 -0.097 0.089 0.338 0.6 0.83 0.908 0.927 0.927 0.929 0.933 0.93 0.822 0.418 -0.082 -0.557 -0.204 0.333 0.013 -0.423 -0.252 0.119 0.257 -9 -9 -9 -9 -9 -9 -9 -9 -9 -9 -9 -9 -9 -9 -9 -9 -9 -9
0.889 0.894 0.902 0.909 0.919 0.92 0.92 0.92 0.874 0.863 0.919 0.912 0.854 0.55 0.135 -0.392 -0.455 -0.522 -0.473 -0.306 -0.146 -0.222 -0.201 -0.263 -0.295 -0.146 0.036 -0.011 -0.109 -0.296 -0.311 -0.339 -0.44 -0.436 -0.515 -0.414 -0.242 -0.108 0.108 0.309 0.48 0.737 0.896 0.927 0.931 0.932 0.938 0.906 0.74 0.239 -0.514 -0.789 -0.291 0.275 -0.325 -0.657 -0.233 -0.158 -0.258 0.133 0.463 0.244 0.269 -9 -9 -9 -9 -9 -9 -9 -9 -9 -9 -9 -9 -9 -9
0.855 0.864 0.873 0.865 0.863 0.882 0.91 0.917 0.924 0.92 0.927 0.933 0.881 0.487 -0.118 -0.467 -0.293 -0.305 -0.541 -0.414 -0.239 -0.312 -0.408 -0.375 -0.268 -0.108 -0.253 -0.494 -0.488 -0.499 -0.525 -0.657 -0.834 -0.757 -0.719 -0.488 -0.156 -0.019 -0.011 -0.005 0.248 0.545 0.647 0.85 0.942 0.941 0.946 0.849 0.619 0.014 -0.682 -0.452 0.057 0.016 -0.359 -0.734 -0.364 -0.358 -0.347 -0.15 0.302 0.049 -0.249 -0.415 -0.152 0.225 0.438 -9 -9 -9 -9 -9 -9 -9 -9 -9 -9
0.699 0.574 0.525 0.49 0.481 0.617 0.787 0.853 0.921 0.931 0.934 0.934 0.857 0.307 -0.359 -0.313 0.013 -0.265 -0.184 -0.039 -0.036 -0.212 -0.25 -0.392 -0.334 -0.415 -0.635 -0.775 -0.759 -0.766 -0.791 -0.994 -1.021 -0.859 -0.652 -0.366 -0.062 -0.233 -0.528 -0.218 -0.019 0.149 0.407 0.755 0.937 0.947 0.947 0.856 0.591 -0.009 -0.612 -0.31 0.08 -0.389 -0.643 -0.85 -0.56 -0.423 -0.49 -0.296 0.185 0.023 -0.375 -0.599 -0.299 -0.001 0.218 0.531 0.714 0.869 -9 -9 -9 -9 -9 -9 -9
0.617 0.218 0.102 0.116 0.09 0.113 0.374 0.468 0.615 0.857 0.937 0.937 0.828 0.228 -0.085 0.178 0.349 0.015 0.227 0.245 0.054 -0.095 -0.166 -0.449 -0.621 -0.742 -0.742 -0.665 -0.614 -0.513 -0.424 -0.657 -0.825 -0.772 -0.65 -0.527 -0.368 -0.668 -0.847 -0.62 -0.366 -0.066 0.347 0.654 0.864 0.951 0.947 0.906 0.536 -0.217 -0.666 -0.319 0.009 -0.303 -0.61 -0.762 -0.554 -0.599 -0.531 -0.173 0 -0.233 -0.537 -0.568 -0.394 -0.135 0.161 0.506 0.503 0.699 0.789 0.83 0.824 0.634 -9 -9 -9
0.615 0.472 0.284 0.104 -0.12 -0.154 -0.022 0.072 0.215 0.534 0.847 0.932 0.839 0.525 0.325 0.581 0.703 0.517 0.611 0.546 0.325 0.2 0.044 -0.163 -0.249 -0.241 -0.206 -0.066 -0.024 0.121 0.296 0.218 -0.047 -0.246 -0.356 -0.748 -0.929 -1.065 -0.984 -0.804 -0.488 0.012 0.242 0.481 0.826 0.954 0.954 0.947 0.612 -0.051 -0.416 -0.08 -0.269 -0.554 -0.436 -0.684 -0.752 -0.652 -0.163 -0.124 -0.371 -0.52 -0.761 -0.529 -0.454 -0.336 0.132 0.411 -0.01 0.244 0.153 0.274 0.837 0.682 0.078 -0.362 -0.402
0.572 0.428 0.394 0.228 0.008 -0.2 -0.171 -0.114 -0.172 0.017 0.487 0.823 0.933 0.832 0.791 0.88 0.927 0.929 0.9 0.874 0.811 0.748 0.66 0.618 0.657 0.664 0.658 0.685 0.662 0.723 0.799 0.806 0.692 0.386 0.008 -0.68 -0.62 -0.811 -1.112 -0.698 -0.258 -0.286 0.026 0.424 0.839 0.959 0.961 0.962 0.781 0.238 -0.134 -0.098 -0.541 -0.813 -0.565 -0.723 -0.844 -0.443 -0.069 -0.529 -0.647 -0.832 -0.744 -0.358 -0.135 0.014 0.279 0.013 -0.53 -0.344 -0.406 -0.295 0.414 0.782 0.549 0.018 -0.342
0.476 0.326 0.202 0.179 0.069 -0.229 -0.29 -0.226 -0.182 -0.033 0.223 0.636 0.927 0.942 0.953 0.945 0.863 0.752 0.752 0.851 0.913 0.959 0.969 0.963 0.962 0.961 0.961 0.964 0.954 0.96 0.967 0.969 0.958 0.857 0.452 -0.246 -0.27 -0.415 -0.776 -0.819 -0.572 -0.587 -0.053 0.433 0.728 0.937 0.968 0.968 0.89 0.468 0.086 -0.143 -0.437 -0.572 -0.628 -0.911 -0.815 -0.315 -0.183 -0.863 -0.878 -0.811 -0.561 -0.315 0.107 0.237 -0.22 -0.04 -0.843 -0.867 -0.843 -0.455 0.397 0.803 0.712 0.164 -0.169
0.449 0.42 0.185 -0.034 0.008 -0.337 -0.356 -0.241 -0.234 -0.216 -0.027 0.43 0.87 0.949 0.892 0.701 0.498 0.383 0.407 0.491 0.655 0.795 0.862 0.892 0.917 0.937 0.942 0.938 0.88 0.939 0.94 0.838 0.973 0.978 0.913 0.281 -0.03 -0.317 -0.526 -0.938 -0.903 -0.542 -0.069 0.366 0.633 0.846 0.969 0.971 0.905 0.567 0.138 -0.284 -0.243 -0.479 -0.54 -0.909 -0.696 -0.208 -0.295 -0.847 -0.927 -0.717 -0.497 -0.206 0.231 -0.073 -0.56 -0.472 -0.784 -1.21 -0.794 -0.086 0.381 0.779 0.724 0.298 -0.008
0.189 0.356 0.249 -0.089 -0.085 -0.301 -0.433 -0.293 -0.2 -0.176 -0.083 0.147 0.733 0.946 0.737 0.335 -0.004 -0.018 0.075 0.169 0.389 0.402 0.527 0.495 0.694 0.582 0.665 0.726 0.645 0.518 0.436 0.488 0.664 0.919 0.971 0.753 0.127 -0.358 -0.508 -0.702 -0.945 -0.605 -0.157 0.356 0.662 0.795 0.958 0.974 0.936 0.589 0.051 -0.506 -0.281 -0.649 -0.593 -0.739 -0.604 -0.124 -0.355 -0.78 -1.022 -0.68 -0.289 -0.027 0.188 -0.534 -0.982 -0.912 -1.064 -1.037 -0.51 -0.122 0.322 0.705 0.81 0.659 0.453
0.063 0.333 0.336 0.063 -0.316 -0.449 -0.433 -0.314 -0.177 0.023 0.111 0.265 0.699 0.951 0.77 0.284 -0.235 -0.41 -0.136 -0.237 0.103 -0.134 0.041 0.096 0.516 0.066 0.142 0.312 0.326 -0.064 0.009 0.195 0.473 0.826 0.966 0.944 0.639 0.155 -0.391 -0.477 -0.648 -0.433 -0.038 0.386 0.716 0.868 0.967 0.975 0.908 0.458 -0.044 -0.614 -0.421 -0.636 -0.879 -0.874 -0.659 -0.14 -0.42 -0.854 -0.919 -0.555 -0.567 -0.506 0.042 -0.706 -1.305 -1.071 -0.927 -0.614 -0.447 -0.158 0.192 0.425 0.655 0.69 0.697
0.03 0.232 0.389 0.121 -0.51 -0.611 -0.458 -0.115 0.066 0.17 0.206 0.169 0.756 0.954 0.85 0.333 -0.064 -0.465 -0.121 -0.707 -0.295 -0.547 -0.442 0.12 0.145 -0.347 -0.4 -0.182 -0.215 -0.309 -0.231 -0.046 0.321 0.619 0.842 0.933 0.92 0.693 0.098 -0.229 -0.558 -0.309 0.074 0.5 0.819 0.947 0.979 0.974 0.761 0.224 -0.363 -0.808 -0.575 -0.515 -0.977 -1.027 -0.592 -0.293 -0.473 -0.736 -0.964 -0.73 -0.912 -0.409 -0.124 -0.617 -1.2 -0.818 -0.521 -0.363 -0.362 -0.224 -0.247 -0.065 0.295 0.443 0.663
-0.087 0.201 0.396 0.082 -0.351 -0.713 -0.497 0.009 -0.006 -0.122 -0.21 -0.16 0.813 0.902 0.558 0.151 -0.088 -0.436 -0.294 -1.001 -0.58 -0.706 -0.622 0.007 -0.411 -0.629 -0.719 -0.61 -0.594 -0.543 -0.367 0.007 0.257 0.344 0.543 0.697 0.872 0.938 0.75 0.167 -0.429 -0.382 0.095 0.62 0.902 0.978 0.985 0.913 0.303 -0.188 -0.285 -0.819 -0.912 -0.615 -0.909 -0.882 -0.531 -0.783 -0.792 -0.915 -1.359 -1.294 -1.104 -0.624 -0.682 -0.515 -1.015 -0.839 -0.571 -0.555 -0.789 -0.666 -0.643 -0.322 0.112 0.167 0.355
-0.124 0.239 0.292 -0.18 -0.521 -0.7 -0.21 -0.224 -0.486 -0.684 -0.876 -0.126 0.887 0.8 0.265 -0.167 -0.538 -0.585 -0.489 -1.062 -0.713 -0.485 -0.429 -0.077 -0.688 -0.978 -0.896 -0.816 -0.739 -0.555 -0.192 0.102 -0.09 -0.087 0.171 0.414 0.612 0.862 0.949 0.705 0.229 -0.027 0.372 0.83 0.96 0.985 0.987 0.88 0.049 -0.516 -0.537 -0.633 -1.071 -0.992 -1.295 -1.097 -0.848 -1.165 -1.124 -1.416 -1.708 -1.663 -1.557 -1.223 -1.306 -0.816 -1.004 -0.987 -0.847 -0.604 -0.949 -0.874 -0.6 -0.212 -0.125 -0.24 0.049
-0.388 0.153 -0.023 -0.455 -0.762 -0.5 -0.294 -0.629 -0.817 -0.923 -0.865 0.265 0.925 0.702 0.297 -0.203 -0.646 -0.764 -0.775 -0.788 -0.622 -0.774 -0.754 -0.194 -0.763 -1.121 -0.932 -0.697 -0.481 -0.27 0.028 -0.182 -0.562 -0.452 -0.177 0.113 0.366 0.583 0.828 0.92 0.835 0.641 0.826 0.97 0.948 0.884 0.872 0.866 0.258 -0.331 -0.872 -1.1 -1.255 -1.289 -1.055 -1.189 -1.171 -1.146 -0.921 -1 -1.273 -1.543 -1.68 -1.459 -1.189 -0.9 -1.045 -1.192 -0.965 -0.777 -1.027 -0.944 -0.462 -0.183 -0.547 -0.68 -0.215
-0.345 0.025 -0.258 -0.684 -0.941 -0.57 -0.699 -0.856 -0.819 -0.609 -0.052 0.576 0.893 0.818 0.329 -0.173 -0.721 -1.053 -1.007 -0.746 -0.873 -0.985 -0.705 -0.371 -0.869 -1.117 -0.847 -0.635 -0.285 -0.052 -0.118 -0.657 -0.816 -0.608 -0.369 -0.133 0.147 0.319 0.538 0.788 0.959 0.946 0.974 0.992 0.97 0.769 0.533 0.798 0.63 -0.074 -0.916 -1.155 -1.003 -0.951 -0.825 -0.696 -0.747 -0.752 -0.525 -0.567 -0.743 -0.927 -1.201 -1.199 -1.045 -1.04 -1.167 -1.143 -1.058 -1.034 -0.939 -0.809 -0.475 -0.413 -0.888 -0.751 -0.334
-0.354 -0.467 -0.694 -0.913 -0.879 -0.648 -0.698 -0.538 -0.296 0.181 0.51 0.715 0.841 0.912 0.68 -0.005 -0.782 -1.076 -1.178 -1.006 -0.902 -0.84 -0.714 -0.847 -1.071 -1.136 -0.95 -0.842 -0.495 -0.155 -0.366 -1.027 -0.859 -0.551 -0.45 -0.381 -0.105 0.194 0.464 0.612 0.885 0.981 0.992 0.994 0.993 0.976 0.753 0.522 0.684 0.452 -0.038 -0.463 -1.012 -0.781 -0.594 -0.446 -0.313 -0.169 -0.276 -0.401 -0.476 -0.659 -0.794 -0.929 -1.001 -1.056 -0.962 -0.822 -1.011 -1.33 -1.102 -0.739 -0.619 -0.739 -1.118 -0.919 -0.65
-0.541 -0.674 -0.639 -0.41 -0.38 -0.431 -0.356 0.13 0.331 0.334 0.294 0.52 0.648 0.876 0.915 0.466 -0.368 -0.84 -1.255 -1.204 -0.884 -1.044 -1.095 -1.079 -1.103 -1.266 -1.182 -1.052 -0.685 -0.28 -0.625 -1.117 -0.756 -0.715 -0.686 -0.562 -0.238 0.307 0.192 0.239 0.715 0.91 0.982 0.998 1 1 0.994 0.893 0.7 0.632 0.237 -0.194 -0.763 -0.826 -0.785 -0.716 -0.495 -0.076 -0.032 -0.216 -0.379 -0.714 -0.919 -0.827 -0.847 -0.913 -0.596 -0.558 -0.902 -1.167 -1.319 -1.082 -1.157 -1.345 -1.167 -1.104 -0.936
-0.377 -0.306 0.059 0.232 0.265 0.234 0.248 0.379 0.291 0.001 -0.085 -0.306 0.046 0.68 0.896 0.667 -0.153 -0.783 -1.145 -1.304 -1.006 -1.088 -1.149 -0.893 -0.989 -1.311 -1.312 -1.128 -0.697 -0.601 -0.901 -1.061 -0.89 -0.936 -0.828 -0.607 -0.009 0.357 -0.143 -0.136 0.408 0.619 0.782 0.875 0.962 0.991 1 0.969 0.868 0.784 0.467 0.162 -0.438 -0.761 -1.032 -0.895 -0.584 -0.062 0.159 -0.247 -0.556 -0.917 -0.846 -0.505 -0.564 -0.626 -0.333 -0.302 -0.641 -0.808 -1.016 -1.236 -1.494 -1.111 -1.059 -1.26 -1.183
-0.08 -0.027 0.302 0.24 0.107 0.172 0.117 -0.321 -0.643 -0.789 -0.839 -0.892 -0.154 0.586 0.85 0.696 -0.097 -0.656 -0.9 -1.21 -0.888 -0.652 -0.81 -0.627 -0.989 -1.203 -1.142 -1.15 -0.988 -1.067 -1.126 -1.184 -1.084 -0.975 -0.665 -0.223 0.292 -0.061 -0.435 -0.399 0.056 0.287 0.315 0.439 0.582 0.853 0.976 0.994 0.963 0.916 0.71 0.417 -0.083 -0.505 -0.936 -0.737 -0.363 0.072 0.277 -0.095 -0.472 -0.825 -0.531 -0.095 -0.337 -0.274 0.023 -0.189 -0.44 -0.778 -1.188 -1.102 -1.031 -0.804 -0.978 -1.323 -1.304
-0.481 -0.592 0.027 -0.266 -0.765 -0.738 -0.873 -1.311 -1.634 -1.519 -1.308 -0.582 0.125 0.632 0.863 0.654 0.099 -0.123 -0.434 -0.875 -0.585 -0.236 -0.503 -0.681 -1.106 -0.819 -0.871 -1.257 -1.246 -1.277 -1.164 -1.043 -0.958 -0.776 -0.499 0.175 0.152 -0.433 -0.831 -0.66 -0.215 0.004 -0.165 -0.002 0.142 0.526 0.846 0.957 1.001 0.977 0.888 0.694 0.293 -0.06 -0.412 -0.326 -0.043 0.293 0.401 0.011 -0.272 -0.434 -0.24 0.188 -0.168 0.094 0.014 -0.402 -0.657 -0.782 -1.101 -1.074 -0.792 -0.57 -0.78 -1.158 -1.17
-0.946 -1.02 -0.508 -0.26 -0.66 -0.914 -1.366 -1.624 -1.773 -1.435 -0.986 -0.435 0.242 0.761 0.874 0.717 0.462 0.441 0.24 -0.188 -0.126 -0.191 -0.711 -1.052 -1.142 -0.505 -0.8 -1.316 -1.053 -1.08 -1.246 -0.722 -0.411 -0.26 0.032 0.206 -0.131 -0.558 -1.116 -0.979 -0.434 -0.464 -0.591 -0.376 -0.087 0.463 0.672 0.746 0.958 1.003 0.978 0.885 0.659 0.315 0.031 0.119 0.269 0.539 0.49 0.299 0.152 -0.013 0.165 0.38 0.264 0.367 0.187 -0.12 -0.253 -0.579 -1.079 -0.921 -0.565 -0.648 -0.895 -1.155 -1.143
-1.167 -1.197 -0.899 -0.516 -0.346 -0.759 -1.269 -1.565 -1.467 -0.769 -0.509 -0.118 0.524 0.858 0.672 0.535 0.035 0.033 0.367 0.408 0.297 -0.16 -0.768 -1.121 -1.058 -0.378 -0.698 -1.196 -0.683 -0.89 -0.927 -0.47 -0.027 0.097 0.14 -0.081 -0.538 -0.714 -1.317 -1.243 -0.881 -0.899 -0.883 -0.611 -0.119 0.528 0.413 0.341 0.704 0.945 1.001 0.968 0.903 0.634 0.396 0.439 0.629 0.804 0.803 0.683 0.596 0.469 0.553 0.557 0.355 0.082 -0.04 -0.051 -0.286 -0.602 -0.609 -0.45 -0.371 -0.792 -1.196 -1.301 -0.998
-1.162 -1.108 -0.94 -0.757 -0.73 -0.958 -1.308 -1.305 -1.014 -0.451 -0.219 0.271 0.784 0.69 0.302 0.314 -0.264 -0.581 -0.138 0.199 0.5 0.011 -0.59 -0.785 -0.898 -0.352 -0.618 -1.058 -0.706 -0.451 -0.396 -0.12 -0.232 -0.518 -0.484 -0.107 -0.808 -0.92 -1.4 -1.4 -1.084 -0.938 -0.772 -0.427 -0.004 0.512 0.147 0.021 0.235 0.662 0.968 0.998 0.979 0.911 0.747 0.599 0.747 0.797 0.732 0.733 0.841 0.769 0.487 0.16 -0.099 -0.324 -0.464 -0.469 -0.426 -0.35 -0.193 -0.351 -0.455 -0.68 -1.148 -1.262 -0.962
-1.091 -1.1 -0.961 -0.84 -1.257 -1.172 -1.011 -0.784 -0.51 -0.192 0.144 0.652 0.761 0.38 0 0.182 -0.371 -0.912 -0.677 -0.372 0.22 0.343 -0.254 -0.42 -0.466 -0.212 -0.658 -1.081 -0.665 -0.22 -0.297 -0.41 -0.641 -0.941 -0.897 -0.321 -0.881 -1.285 -1.579 -1.338 -0.902 -0.485 -0.297 -0.043 0.227 0.489 -0.017 -0.122 0.108 0.583 0.974 1.006 0.992 0.957 0.391 0.488 0.46 0.268 0.165 0.062 0.309 0.679 0.596 0.075 -0.154 -0.275 -0.568 -0.766 -0.626 -0.267 -0.217 -0.657 -0.793 -0.691 -0.999 -1.266 -1.048
-0.953 -1.239 -1.097 -1.128 -1.524 -1.331 -1.068 -0.831 -0.546 -0.322 0.314 0.815 0.473 -0.11 -0.184 -0.074 -0.443 -1.019 -1.073 -0.795 -0.265 0.43 0.187 0.005 -0.103 -0.396 -1.077 -1.286 -0.684 -0.537 -0.907 -0.845 -0.917 -1.239 -1.003 -0.57 -0.935 -1.47 -1.645 -1.357 -0.895 -0.553 -0.37 -0.308 0.202 0.448 -0.153 -0.282 0.152 0.652 0.999 1.007 1.005 0.894 0.321 0.396 0.189 -0.213 -0.231 -0.343 -0.26 0.205 0.705 0.399 0.112 -0.062 -0.437 -0.749 -0.557 -0.113 -0.293 -0.738 -1.001 -0.997 -0.972 -1.274 -1.22
-1.066 -1.268 -1.186 -1.26 -1.345 -1.227 -0.968 -0.733 -0.515 -0.25 0.467 0.746 0.085 -0.539 -0.363 -0.505 -0.57 -0.983 -0.92 -0.504 -0.19 0.363 0.131 -0.351 -0.68 -1.075 -1.254 -1.255 -0.834 -0.885 -1.202 -1.214 -1.32 -1.352 -1.072 -0.947 -1.2 -1.6 -1.441 -1.568 -1.273 -0.995 -0.969 -0.653 0.074 0.396 -0.352 -0.256 0.257 0.746 1.007 1.007 0.957 0.698 0.169 0.359 -0.018 -0.389 -0.512 -0.381 -0.124 0.264 0.714 0.522 0.132 -0.218 -0.433 -0.448 -0.174 0.023 -0.407 -0.913 -1.019 -1.325 -1.349 -1.451 -1.374
-1.004 -1.032 -1.044 -1.088 -1.099 -0.964 -0.652 -0.431 -0.282 0.127 0.727 0.534 -0.12 -0.606 -0.53 -0.637 -0.73 -1.062 -1.091 -0.746 -0.353 0.296 -0.027 -0.764 -1.004 -0.99 -1.043 -1.132 -0.922 -1.116 -1.366 -1.37 -1.282 -1.222 -1.119 -1.138 -1.254 -1.561 -1.182 -1.462 -1.349 -0.95 -0.86 -0.578 0.12 0.114 -0.503 -0.138 0.298 0.803 1.007 1.007 0.871 0.573 0.119 0.212 0.048 -0.322 -0.532 -0.351 0.066 0.451 0.682 0.616 0.186 -0.085 -0.102 -0.064 0.133 -0.07 -0.546 -0.91 -1.091 -1.384 -1.487 -1.523 -1.361
-0.871 -0.864 -0.992 -1.203 -1.172 -0.8 -0.429 -0.051 0.083 0.601 0.657 -0.017 -0.083 -0.525 -0.732 -0.883 -0.904 -1.151 -1.175 -0.899 -0.45 0.223 0.074 -0.605 -0.691 -0.714 -0.902 -1.347 -1.318 -1.372 -1.277 -1.12 -0.897 -0.813 -0.757 -0.798 -0.927 -1.328 -1.168 -1.041 -1.381 -1.069 -0.586 -0.157 0.309 -0.345 -0.491 -0.006 0.468 0.897 1.005 0.992 0.831 0.437 -0.099 0.105 -0.062 -0.435 -0.464 -0.176 0.238 0.366 0.439 0.633 0.534 0.39 0.325 0.342 0.281 0.025 -0.271 -0.537 -0.791 -1.106 -1.255 -1.313 -1.089
