data/climatemaps/RS_maps/climate_breeding_pr_2011.asc
NCOLS 369 
NROWS 228 
XLLCORNER 479000 
YLLCORNER 73000 
CELLSIZE 1000 
NODATA_value -9 
[rows 136 to 169 of 228, columns 0 to 75 of 369]
-9 -9 -9 -9 -9 -9 -9 -9 -0.493 -0.519 -0.528 -0.524 -0.516 -0.509 -0.503 -0.499 -0.493 -0.486 -0.479 -0.475 -0.472 -0.471 -0.473 -0.477 -0.49 -0.52 -0.566 -0.628 -0.701 -0.78 -0.859 -0.911 -0.919 -0.901 -0.861 -0.822 -0.815 -0.866 -0.959 -1.07 -1.172 -1.244 -1.294 -1.328 -1.349 -1.363 -1.373 -1.377 -1.368 -1.37 -1.38 -1.387 -1.37 -1.323 -1.254 -1.169 -1.091 -1.027 -0.975 -0.926 -0.881 -0.842 -0.812 -0.776 -0.741 -0.696 -0.664 -0.655 -0.689 -0.727 -0.777 -0.827 -0.891 -0.899 -0.84 -0.732
-9 -9 -9 -9 -9 -9 -9 -9 -0.492 -0.513 -0.515 -0.503 -0.487 -0.475 -0.472 -0.473 -0.477 -0.481 -0.485 -0.487 -0.486 -0.484 -0.483 -0.488 -0.504 -0.54 -0.594 -0.663 -0.743 -0.824 -0.877 -0.896 -0.886 -0.847 -0.791 -0.748 -0.746 -0.816 -0.932 -1.064 -1.179 -1.257 -1.303 -1.329 -1.343 -1.352 -1.359 -1.356 -1.346 -1.35 -1.364 -1.365 -1.347 -1.298 -1.218 -1.127 -1.05 -0.991 -0.939 -0.886 -0.838 -0.793 -0.754 -0.71 -0.673 -0.627 -0.595 -0.594 -0.63 -0.666 -0.717 -0.767 -0.849 -0.87 -0.824 -0.718
-9 -9 -9 -9 -9 -9 -9 -9 -0.491 -0.506 -0.502 -0.483 -0.463 -0.448 -0.445 -0.451 -0.464 -0.477 -0.49 -0.497 -0.498 -0.496 -0.496 -0.504 -0.527 -0.571 -0.633 -0.707 -0.785 -0.839 -0.862 -0.861 -0.83 -0.777 -0.716 -0.675 -0.684 -0.776 -0.913 -1.061 -1.186 -1.262 -1.302 -1.32 -1.328 -1.334 -1.336 -1.329 -1.323 -1.328 -1.342 -1.341 -1.321 -1.268 -1.18 -1.089 -1.015 -0.956 -0.9 -0.844 -0.793 -0.743 -0.691 -0.645 -0.605 -0.564 -0.531 -0.542 -0.574 -0.606 -0.66 -0.706 -0.79 -0.836 -0.791 -0.676
-9 -9 -9 -9 -9 -9 -9 -0.459 -0.487 -0.496 -0.488 -0.468 -0.446 -0.431 -0.429 -0.439 -0.457 -0.476 -0.493 -0.503 -0.506 -0.506 -0.508 -0.523 -0.555 -0.609 -0.678 -0.753 -0.803 -0.826 -0.825 -0.802 -0.757 -0.699 -0.643 -0.614 -0.64 -0.75 -0.906 -1.062 -1.187 -1.258 -1.29 -1.301 -1.305 -1.306 -1.306 -1.302 -1.299 -1.304 -1.316 -1.319 -1.295 -1.238 -1.149 -1.062 -0.987 -0.924 -0.862 -0.805 -0.749 -0.69 -0.63 -0.585 -0.538 -0.502 -0.482 -0.489 -0.521 -0.549 -0.6 -0.646 -0.735 -0.793 -0.737 -0.631
-9 -9 -9 -9 -9 -9 -9 -0.458 -0.479 -0.483 -0.475 -0.457 -0.437 -0.426 -0.428 -0.439 -0.458 -0.478 -0.496 -0.506 -0.511 -0.513 -0.52 -0.544 -0.585 -0.647 -0.721 -0.773 -0.8 -0.8 -0.774 -0.731 -0.679 -0.625 -0.584 -0.575 -0.62 -0.745 -0.911 -1.069 -1.185 -1.245 -1.266 -1.273 -1.271 -1.268 -1.269 -1.271 -1.273 -1.279 -1.29 -1.295 -1.27 -1.212 -1.124 -1.04 -0.965 -0.895 -0.829 -0.768 -0.705 -0.637 -0.578 -0.523 -0.472 -0.436 -0.421 -0.431 -0.462 -0.49 -0.533 -0.588 -0.68 -0.74 -0.682 -0.595
-9 -9 -9 -9 -9 -9 -9 -0.453 -0.465 -0.467 -0.462 -0.451 -0.441 -0.436 -0.44 -0.451 -0.467 -0.482 -0.497 -0.507 -0.513 -0.519 -0.533 -0.562 -0.608 -0.674 -0.733 -0.769 -0.78 -0.762 -0.717 -0.663 -0.611 -0.57 -0.548 -0.565 -0.631 -0.769 -0.934 -1.081 -1.179 -1.224 -1.234 -1.232 -1.227 -1.222 -1.227 -1.235 -1.243 -1.252 -1.264 -1.268 -1.246 -1.188 -1.105 -1.024 -0.949 -0.876 -0.802 -0.736 -0.659 -0.583 -0.521 -0.462 -0.416 -0.378 -0.364 -0.374 -0.387 -0.425 -0.458 -0.527 -0.624 -0.683 -0.642 -0.571
-9 -9 -9 -9 -9 -9 -9 -0.442 -0.448 -0.45 -0.453 -0.455 -0.456 -0.459 -0.464 -0.472 -0.481 -0.49 -0.5 -0.507 -0.514 -0.524 -0.542 -0.574 -0.623 -0.673 -0.719 -0.747 -0.746 -0.716 -0.666 -0.611 -0.567 -0.541 -0.542 -0.587 -0.678 -0.821 -0.974 -1.096 -1.17 -1.195 -1.192 -1.18 -1.172 -1.171 -1.179 -1.194 -1.209 -1.222 -1.235 -1.238 -1.219 -1.168 -1.095 -1.016 -0.938 -0.863 -0.781 -0.703 -0.614 -0.53 -0.465 -0.414 -0.369 -0.333 -0.319 -0.321 -0.319 -0.351 -0.391 -0.465 -0.57 -0.63 -0.611 -0.542
-9 -9 -9 -9 -9 -9 -9 -0.427 -0.43 -0.436 -0.449 -0.465 -0.478 -0.489 -0.495 -0.496 -0.497 -0.499 -0.503 -0.508 -0.516 -0.528 -0.546 -0.578 -0.614 -0.654 -0.689 -0.708 -0.7 -0.67 -0.626 -0.582 -0.554 -0.548 -0.572 -0.644 -0.752 -0.89 -1.019 -1.109 -1.155 -1.158 -1.139 -1.117 -1.109 -1.115 -1.128 -1.15 -1.168 -1.183 -1.197 -1.204 -1.19 -1.152 -1.093 -1.017 -0.936 -0.856 -0.767 -0.677 -0.583 -0.497 -0.423 -0.37 -0.331 -0.3 -0.281 -0.268 -0.268 -0.284 -0.331 -0.412 -0.513 -0.577 -0.575 -0.507
-9 -9 -9 -9 -9 -9 -9 -0.41 -0.413 -0.427 -0.452 -0.481 -0.505 -0.521 -0.523 -0.519 -0.514 -0.509 -0.509 -0.513 -0.52 -0.529 -0.544 -0.561 -0.587 -0.618 -0.645 -0.659 -0.653 -0.631 -0.603 -0.58 -0.574 -0.592 -0.642 -0.731 -0.843 -0.961 -1.057 -1.113 -1.131 -1.112 -1.079 -1.05 -1.043 -1.057 -1.077 -1.101 -1.119 -1.138 -1.153 -1.166 -1.163 -1.137 -1.094 -1.026 -0.944 -0.857 -0.765 -0.664 -0.564 -0.476 -0.398 -0.345 -0.308 -0.273 -0.244 -0.228 -0.232 -0.241 -0.276 -0.362 -0.452 -0.516 -0.537 -0.494
-9 -9 -9 -9 -9 -9 -9 -0.399 -0.404 -0.425 -0.46 -0.506 -0.538 -0.552 -0.551 -0.543 -0.531 -0.521 -0.517 -0.52 -0.525 -0.528 -0.529 -0.536 -0.551 -0.572 -0.593 -0.608 -0.61 -0.604 -0.599 -0.603 -0.622 -0.664 -0.732 -0.828 -0.93 -1.019 -1.079 -1.106 -1.097 -1.06 -1.018 -0.986 -0.982 -1.002 -1.025 -1.049 -1.071 -1.093 -1.108 -1.126 -1.138 -1.128 -1.098 -1.041 -0.963 -0.87 -0.774 -0.667 -0.564 -0.471 -0.393 -0.34 -0.301 -0.261 -0.23 -0.213 -0.215 -0.221 -0.247 -0.313 -0.378 -0.451 -0.486 -0.464
-9 -9 -9 -9 -9 -9 -9 -0.399 -0.407 -0.433 -0.48 -0.535 -0.57 -0.58 -0.578 -0.566 -0.549 -0.535 -0.529 -0.529 -0.529 -0.523 -0.515 -0.509 -0.514 -0.529 -0.55 -0.568 -0.581 -0.595 -0.615 -0.644 -0.686 -0.744 -0.819 -0.91 -0.994 -1.056 -1.086 -1.087 -1.057 -1.007 -0.96 -0.931 -0.933 -0.957 -0.983 -1.009 -1.034 -1.056 -1.075 -1.095 -1.118 -1.122 -1.104 -1.061 -0.989 -0.894 -0.791 -0.681 -0.582 -0.487 -0.411 -0.354 -0.306 -0.266 -0.236 -0.218 -0.22 -0.222 -0.232 -0.262 -0.306 -0.385 -0.417 -0.409
-9 -9 -9 -9 -9 -9 -0.411 -0.412 -0.424 -0.456 -0.498 -0.547 -0.589 -0.603 -0.604 -0.59 -0.571 -0.555 -0.546 -0.54 -0.532 -0.517 -0.498 -0.486 -0.486 -0.5 -0.523 -0.547 -0.572 -0.605 -0.646 -0.692 -0.745 -0.807 -0.878 -0.956 -1.021 -1.062 -1.071 -1.053 -1.014 -0.962 -0.917 -0.895 -0.902 -0.927 -0.959 -0.989 -1.014 -1.038 -1.061 -1.086 -1.112 -1.121 -1.114 -1.082 -1.019 -0.93 -0.824 -0.714 -0.615 -0.522 -0.449 -0.381 -0.328 -0.286 -0.254 -0.233 -0.227 -0.222 -0.219 -0.228 -0.258 -0.3 -0.331 -0.336
-9 -9 -9 -9 -9 -0.428 -0.428 -0.434 -0.453 -0.472 -0.505 -0.55 -0.603 -0.626 -0.632 -0.619 -0.599 -0.581 -0.566 -0.551 -0.534 -0.51 -0.486 -0.471 -0.474 -0.492 -0.52 -0.551 -0.588 -0.634 -0.69 -0.742 -0.795 -0.85 -0.907 -0.964 -1.009 -1.035 -1.034 -1.007 -0.971 -0.928 -0.893 -0.881 -0.889 -0.913 -0.953 -0.988 -1.017 -1.044 -1.068 -1.092 -1.117 -1.129 -1.128 -1.104 -1.049 -0.968 -0.867 -0.759 -0.664 -0.58 -0.507 -0.433 -0.379 -0.326 -0.284 -0.245 -0.225 -0.219 -0.219 -0.215 -0.206 -0.182 -0.242 -0.252
-9 -9 -9 -9 -9 -0.45 -0.453 -0.463 -0.47 -0.479 -0.513 -0.558 -0.618 -0.65 -0.664 -0.656 -0.637 -0.613 -0.59 -0.564 -0.536 -0.506 -0.481 -0.471 -0.481 -0.508 -0.546 -0.587 -0.632 -0.686 -0.743 -0.79 -0.83 -0.866 -0.902 -0.937 -0.965 -0.98 -0.981 -0.963 -0.931 -0.902 -0.883 -0.88 -0.893 -0.922 -0.964 -1.002 -1.035 -1.061 -1.085 -1.108 -1.13 -1.142 -1.142 -1.119 -1.07 -0.999 -0.908 -0.812 -0.727 -0.655 -0.588 -0.526 -0.457 -0.383 -0.324 -0.265 -0.235 -0.239 -0.242 -0.216 -0.153 -0.116 -0.177 -0.188
-9 -9 -9 -9 -9 -0.488 -0.488 -0.482 -0.473 -0.484 -0.516 -0.563 -0.634 -0.675 -0.698 -0.697 -0.679 -0.651 -0.615 -0.577 -0.54 -0.506 -0.486 -0.486 -0.51 -0.549 -0.598 -0.65 -0.702 -0.756 -0.801 -0.829 -0.844 -0.855 -0.869 -0.887 -0.904 -0.917 -0.922 -0.918 -0.902 -0.887 -0.879 -0.889 -0.91 -0.944 -0.986 -1.026 -1.059 -1.084 -1.105 -1.126 -1.143 -1.151 -1.146 -1.122 -1.077 -1.015 -0.939 -0.861 -0.791 -0.731 -0.679 -0.63 -0.554 -0.456 -0.393 -0.331 -0.284 -0.296 -0.284 -0.234 -0.136 -0.089 -0.152 -0.172
-9 -9 -9 -9 -9 -0.514 -0.499 -0.484 -0.477 -0.483 -0.511 -0.561 -0.64 -0.692 -0.721 -0.73 -0.716 -0.683 -0.638 -0.59 -0.545 -0.513 -0.501 -0.516 -0.557 -0.61 -0.67 -0.73 -0.785 -0.832 -0.859 -0.861 -0.846 -0.833 -0.829 -0.839 -0.853 -0.866 -0.877 -0.886 -0.889 -0.889 -0.892 -0.908 -0.936 -0.974 -1.016 -1.054 -1.084 -1.106 -1.123 -1.137 -1.148 -1.15 -1.14 -1.113 -1.069 -1.013 -0.949 -0.887 -0.831 -0.785 -0.747 -0.709 -0.66 -0.59 -0.536 -0.48 -0.404 -0.373 -0.334 -0.271 -0.179 -0.112 -0.147 -0.183
-9 -9 -9 -9 -0.531 -0.516 -0.502 -0.488 -0.476 -0.477 -0.502 -0.549 -0.627 -0.685 -0.727 -0.745 -0.737 -0.702 -0.654 -0.599 -0.553 -0.527 -0.529 -0.561 -0.619 -0.686 -0.754 -0.817 -0.87 -0.906 -0.913 -0.889 -0.852 -0.824 -0.812 -0.82 -0.836 -0.853 -0.872 -0.889 -0.9 -0.91 -0.921 -0.94 -0.971 -1.008 -1.048 -1.081 -1.107 -1.123 -1.133 -1.14 -1.142 -1.138 -1.122 -1.092 -1.049 -0.999 -0.947 -0.899 -0.859 -0.825 -0.798 -0.771 -0.74 -0.7 -0.663 -0.62 -0.549 -0.481 -0.425 -0.355 -0.278 -0.214 -0.212 -0.252
-9 -9 -9 -9 -0.531 -0.518 -0.502 -0.486 -0.473 -0.471 -0.49 -0.531 -0.594 -0.659 -0.71 -0.737 -0.735 -0.704 -0.657 -0.604 -0.562 -0.548 -0.567 -0.618 -0.693 -0.77 -0.841 -0.902 -0.948 -0.971 -0.96 -0.92 -0.873 -0.841 -0.832 -0.845 -0.867 -0.889 -0.909 -0.924 -0.935 -0.947 -0.962 -0.982 -1.01 -1.044 -1.077 -1.104 -1.122 -1.13 -1.132 -1.13 -1.125 -1.113 -1.092 -1.06 -1.02 -0.976 -0.934 -0.899 -0.871 -0.849 -0.831 -0.812 -0.791 -0.767 -0.741 -0.711 -0.673 -0.612 -0.565 -0.496 -0.426 -0.386 -0.377 -0.4
-9 -9 -9 -9 -0.53 -0.514 -0.497 -0.481 -0.47 -0.466 -0.48 -0.512 -0.565 -0.623 -0.675 -0.706 -0.71 -0.686 -0.645 -0.599 -0.569 -0.57 -0.611 -0.682 -0.771 -0.855 -0.926 -0.982 -1.018 -1.027 -1.004 -0.958 -0.911 -0.888 -0.885 -0.903 -0.927 -0.948 -0.963 -0.973 -0.982 -0.992 -1.007 -1.026 -1.05 -1.076 -1.101 -1.118 -1.127 -1.126 -1.119 -1.108 -1.095 -1.077 -1.052 -1.02 -0.983 -0.947 -0.915 -0.891 -0.874 -0.861 -0.851 -0.839 -0.825 -0.809 -0.792 -0.771 -0.747 -0.717 -0.686 -0.648 -0.607 -0.576 -0.556 -0.544
-9 -9 -9 -9 -0.525 -0.506 -0.49 -0.478 -0.468 -0.465 -0.473 -0.495 -0.534 -0.581 -0.626 -0.656 -0.663 -0.645 -0.614 -0.583 -0.57 -0.594 -0.659 -0.75 -0.849 -0.937 -1.003 -1.053 -1.079 -1.077 -1.05 -1.008 -0.971 -0.952 -0.95 -0.967 -0.988 -1.003 -1.013 -1.02 -1.027 -1.035 -1.047 -1.063 -1.081 -1.099 -1.116 -1.124 -1.122 -1.112 -1.096 -1.077 -1.057 -1.034 -1.007 -0.977 -0.947 -0.918 -0.896 -0.881 -0.872 -0.866 -0.861 -0.854 -0.846 -0.837 -0.826 -0.813 -0.798 -0.779 -0.758 -0.733 -0.708 -0.685 -0.666 -0.645
-9 -9 -9 -9 -0.518 -0.497 -0.484 -0.475 -0.469 -0.467 -0.47 -0.483 -0.509 -0.541 -0.576 -0.599 -0.605 -0.594 -0.575 -0.561 -0.572 -0.622 -0.711 -0.82 -0.927 -1.014 -1.075 -1.114 -1.131 -1.124 -1.101 -1.071 -1.04 -1.021 -1.017 -1.029 -1.041 -1.049 -1.054 -1.056 -1.061 -1.068 -1.078 -1.089 -1.102 -1.113 -1.12 -1.119 -1.109 -1.09 -1.067 -1.041 -1.016 -0.99 -0.963 -0.937 -0.914 -0.895 -0.881 -0.873 -0.869 -0.867 -0.866 -0.862 -0.858 -0.852 -0.845 -0.837 -0.826 -0.812 -0.795 -0.775 -0.755 -0.736 -0.72 -0.706
-9 -9 -9 -0.546 -0.515 -0.492 -0.48 -0.476 -0.475 -0.474 -0.475 -0.481 -0.495 -0.515 -0.537 -0.552 -0.555 -0.548 -0.539 -0.545 -0.582 -0.66 -0.773 -0.895 -1.005 -1.087 -1.138 -1.165 -1.173 -1.168 -1.151 -1.127 -1.101 -1.083 -1.078 -1.081 -1.084 -1.084 -1.083 -1.083 -1.086 -1.091 -1.099 -1.106 -1.113 -1.117 -1.116 -1.106 -1.089 -1.064 -1.035 -1.005 -0.976 -0.948 -0.923 -0.902 -0.887 -0.876 -0.869 -0.867 -0.867 -0.867 -0.867 -0.865 -0.861 -0.856 -0.851 -0.844 -0.836 -0.825 -0.811 -0.794 -0.776 -0.76 -0.747 -0.738
-9 -9 -9 -0.562 -0.523 -0.494 -0.483 -0.482 -0.485 -0.488 -0.488 -0.489 -0.496 -0.506 -0.518 -0.523 -0.523 -0.518 -0.517 -0.543 -0.608 -0.713 -0.846 -0.973 -1.077 -1.147 -1.185 -1.203 -1.206 -1.201 -1.188 -1.168 -1.146 -1.132 -1.122 -1.116 -1.111 -1.106 -1.101 -1.099 -1.101 -1.106 -1.11 -1.114 -1.114 -1.11 -1.102 -1.087 -1.064 -1.035 -1.003 -0.971 -0.94 -0.912 -0.889 -0.872 -0.863 -0.859 -0.859 -0.86 -0.862 -0.864 -0.864 -0.862 -0.858 -0.853 -0.846 -0.84 -0.832 -0.822 -0.81 -0.795 -0.78 -0.766 -0.755 -0.749
-9 -9 -9 -0.594 -0.543 -0.506 -0.492 -0.492 -0.499 -0.504 -0.506 -0.508 -0.511 -0.514 -0.516 -0.515 -0.509 -0.504 -0.514 -0.56 -0.652 -0.781 -0.924 -1.051 -1.139 -1.193 -1.219 -1.23 -1.23 -1.223 -1.212 -1.195 -1.179 -1.162 -1.147 -1.135 -1.125 -1.117 -1.111 -1.109 -1.11 -1.112 -1.113 -1.111 -1.104 -1.094 -1.081 -1.061 -1.035 -1.005 -0.973 -0.94 -0.908 -0.88 -0.858 -0.844 -0.84 -0.841 -0.844 -0.849 -0.852 -0.854 -0.854 -0.85 -0.843 -0.834 -0.825 -0.817 -0.81 -0.803 -0.794 -0.783 -0.77 -0.759 -0.749 -0.745
-9 -9 -9 -0.644 -0.58 -0.53 -0.509 -0.507 -0.515 -0.523 -0.529 -0.533 -0.536 -0.535 -0.532 -0.523 -0.512 -0.509 -0.531 -0.598 -0.713 -0.858 -1.004 -1.119 -1.189 -1.228 -1.243 -1.246 -1.242 -1.237 -1.228 -1.214 -1.197 -1.178 -1.158 -1.142 -1.13 -1.123 -1.118 -1.117 -1.116 -1.114 -1.109 -1.099 -1.086 -1.07 -1.051 -1.029 -1.003 -0.974 -0.942 -0.91 -0.878 -0.848 -0.826 -0.813 -0.81 -0.813 -0.819 -0.825 -0.828 -0.829 -0.825 -0.815 -0.798 -0.783 -0.769 -0.76 -0.756 -0.756 -0.755 -0.752 -0.745 -0.737 -0.73 -0.728
-9 -9 -9 -9 -0.629 -0.564 -0.532 -0.525 -0.532 -0.543 -0.553 -0.56 -0.566 -0.567 -0.561 -0.547 -0.532 -0.534 -0.571 -0.656 -0.787 -0.939 -1.075 -1.172 -1.226 -1.25 -1.255 -1.252 -1.248 -1.244 -1.237 -1.224 -1.206 -1.182 -1.159 -1.141 -1.13 -1.126 -1.126 -1.126 -1.123 -1.115 -1.101 -1.084 -1.063 -1.041 -1.019 -0.994 -0.967 -0.939 -0.908 -0.875 -0.839 -0.806 -0.779 -0.762 -0.759 -0.762 -0.767 -0.77 -0.772 -0.767 -0.749 -0.707 -0.647 -0.626 -0.611 -0.618 -0.642 -0.665 -0.684 -0.696 -0.7 -0.698 -0.695 -0.697
-9 -9 -9 -9 -0.681 -0.601 -0.558 -0.545 -0.551 -0.563 -0.575 -0.586 -0.598 -0.603 -0.6 -0.586 -0.572 -0.581 -0.631 -0.729 -0.868 -1.013 -1.133 -1.213 -1.25 -1.263 -1.261 -1.255 -1.251 -1.248 -1.243 -1.229 -1.207 -1.179 -1.153 -1.133 -1.126 -1.127 -1.132 -1.133 -1.127 -1.112 -1.091 -1.065 -1.037 -1.01 -0.984 -0.956 -0.926 -0.899 -0.866 -0.827 -0.784 -0.74 -0.704 -0.679 -0.671 -0.673 -0.677 -0.675 -0.668 -0.649 -0.611 -0.534 -0.44 -0.39 -0.35 -0.361 -0.424 -0.496 -0.553 -0.594 -0.616 -0.626 -0.632 -0.641
-9 -9 -9 -9 -0.725 -0.636 -0.586 -0.566 -0.57 -0.581 -0.592 -0.606 -0.625 -0.641 -0.648 -0.642 -0.635 -0.652 -0.71 -0.814 -0.947 -1.076 -1.178 -1.241 -1.265 -1.269 -1.262 -1.255 -1.252 -1.251 -1.246 -1.23 -1.205 -1.172 -1.142 -1.122 -1.118 -1.124 -1.133 -1.136 -1.126 -1.105 -1.076 -1.042 -1.008 -0.975 -0.945 -0.912 -0.882 -0.853 -0.809 -0.755 -0.7 -0.647 -0.602 -0.569 -0.554 -0.553 -0.551 -0.535 -0.509 -0.474 -0.422 -0.353 -0.257 -0.154 -0.072 -0.071 -0.098 -0.219 -0.287 -0.402 -0.455 -0.491 -0.517 -0.543
-9 -9 -9 -9 -0.753 -0.665 -0.61 -0.588 -0.589 -0.597 -0.603 -0.621 -0.649 -0.68 -0.706 -0.717 -0.72 -0.743 -0.804 -0.903 -1.018 -1.127 -1.21 -1.257 -1.271 -1.268 -1.259 -1.254 -1.253 -1.252 -1.247 -1.229 -1.2 -1.163 -1.129 -1.107 -1.104 -1.115 -1.127 -1.13 -1.117 -1.092 -1.056 -1.016 -0.976 -0.937 -0.9 -0.863 -0.832 -0.796 -0.737 -0.674 -0.61 -0.549 -0.502 -0.466 -0.446 -0.437 -0.427 -0.41 -0.382 -0.319 -0.235 -0.17 -0.036 0.108 0.204 0.243 0.219 0.128 0.051 -0.094 -0.152 -0.182 -0.246 -0.345
-9 -9 -9 -9 -9 -0.681 -0.631 -0.609 -0.605 -0.607 -0.611 -0.632 -0.674 -0.728 -0.778 -0.81 -0.825 -0.85 -0.902 -0.983 -1.078 -1.166 -1.23 -1.263 -1.269 -1.263 -1.256 -1.253 -1.254 -1.253 -1.246 -1.226 -1.192 -1.149 -1.11 -1.085 -1.082 -1.097 -1.11 -1.112 -1.098 -1.069 -1.03 -0.985 -0.939 -0.892 -0.848 -0.809 -0.777 -0.737 -0.675 -0.606 -0.54 -0.475 -0.429 -0.397 -0.373 -0.358 -0.341 -0.318 -0.281 -0.188 -0.108 -0.015 0.138 0.25 0.355 0.472 0.472 0.385 0.226 0.094 0.189 0.24 0.182 -0.017
-9 -9 -9 -9 -9 -9 -0.646 -0.627 -0.616 -0.612 -0.612 -0.641 -0.705 -0.788 -0.867 -0.919 -0.944 -0.962 -0.996 -1.049 -1.124 -1.192 -1.238 -1.26 -1.264 -1.26 -1.255 -1.254 -1.254 -1.253 -1.244 -1.219 -1.178 -1.129 -1.085 -1.057 -1.053 -1.067 -1.08 -1.08 -1.065 -1.035 -0.991 -0.943 -0.892 -0.84 -0.794 -0.754 -0.715 -0.676 -0.636 -0.563 -0.49 -0.427 -0.389 -0.361 -0.34 -0.321 -0.303 -0.28 -0.236 -0.164 -0.084 0.019 0.147 0.31 0.489 0.545 0.511 0.458 0.458 0.464 0.603 0.666 0.553 0.271
-9 -9 -9 -9 -9 -9 -0.655 -0.641 -0.626 -0.612 -0.607 -0.65 -0.742 -0.859 -0.966 -1.036 -1.064 -1.072 -1.083 -1.112 -1.162 -1.206 -1.237 -1.254 -1.259 -1.258 -1.255 -1.255 -1.256 -1.252 -1.239 -1.207 -1.159 -1.106 -1.06 -1.03 -1.021 -1.028 -1.035 -1.033 -1.019 -0.987 -0.943 -0.892 -0.839 -0.787 -0.74 -0.698 -0.658 -0.616 -0.584 -0.524 -0.462 -0.412 -0.379 -0.354 -0.338 -0.327 -0.318 -0.286 -0.212 -0.124 -0.019 0.074 0.196 0.422 0.614 0.639 0.652 0.639 0.752 0.814 0.913 0.905 0.738 0.437
-9 -9 -9 -9 -9 -9 -0.664 -0.652 -0.631 -0.609 -0.604 -0.663 -0.78 -0.923 -1.051 -1.132 -1.161 -1.16 -1.155 -1.167 -1.189 -1.212 -1.233 -1.248 -1.255 -1.257 -1.256 -1.257 -1.257 -1.249 -1.23 -1.189 -1.135 -1.082 -1.035 -1.001 -0.982 -0.975 -0.972 -0.968 -0.955 -0.927 -0.89 -0.841 -0.784 -0.731 -0.684 -0.643 -0.605 -0.564 -0.508 -0.445 -0.415 -0.42 -9 -9 -9 -0.374 -0.371 -0.316 -0.212 -0.086 0.062 0.168 0.307 0.465 0.586 0.711 0.763 0.803 0.92 0.969 1.006 0.969 0.825 0.587
-9 -9 -9 -9 -0.649 -0.664 -0.672 -0.658 -0.632 -0.607 -0.608 -0.682 -0.818 -0.978 -1.114 -1.197 -1.225 -1.221 -1.208 -1.204 -1.207 -1.216 -1.232 -1.245 -1.252 -1.257 -1.258 -1.258 -1.255 -1.243 -1.214 -1.166 -1.111 -1.057 -1.007 -0.963 -0.927 -0.902 -0.887 -0.881 -0.873 -0.856 -0.833 -0.794 -0.733 -0.67 -0.624 -0.587 -0.544 -0.485 -0.409 -0.32 -9 -9 -9 -9 -9 -0.384 -0.366 -0.333 -0.265 -0.156 0.012 0.151 0.323 0.462 0.545 0.673 0.734 0.787 0.993 1.061 1.078 1.043 0.883 0.614
