data/climatemaps/RS_maps/climate_winter_pr_2002.asc
NCOLS 369 
NROWS 228 
XLLCORNER 479000 
YLLCORNER 73000 
CELLSIZE 1000 
NODATA_value -9 
[rows 136 to 169 of 228, columns 75 to 149 of 369]
-0.55 -0.478 -0.442 -0.385 -0.352 -0.339 -0.365 -0.406 -0.445 -0.472 -0.478 -0.466 -0.428 -0.406 -0.43 -0.483 -0.548 -0.623 -0.699 -0.796 -0.818 -0.723 -0.57 -0.531 -0.577 -0.564 -0.468 -0.365 -0.299 -0.249 -0.059 0.064 0.096 0.101 0.064 0.116 0.181 0.274 0.186 0.165 0.089 -0.133 -0.324 -0.403 -0.327 -0.25 -0.162 0.004 0.027 0.108 0.124 0.074 -0.046 -0.119 -0.234 -0.36 -0.238 -0.052 0.162 0.371 0.467 0.387 0.257 0.033 -0.27 -0.469 -0.462 -0.403 -0.31 -0.22 -0.103 0.009 0.091 0.277 0.376
-0.555 -0.475 -0.43 -0.372 -0.331 -0.327 -0.345 -0.376 -0.418 -0.447 -0.466 -0.474 -0.469 -0.466 -0.483 -0.518 -0.573 -0.645 -0.72 -0.815 -0.84 -0.74 -0.637 -0.631 -0.636 -0.596 -0.514 -0.419 -0.319 -0.26 -0.088 0.017 0.041 -0.036 -0.025 -0.068 0.027 0.137 0.097 -0.021 -0.132 -0.291 -0.334 -0.291 -0.162 -0.072 0.022 0.241 0.251 0.292 0.242 0.142 0.055 -0.117 -0.252 -0.269 -0.111 0.072 0.288 0.537 0.494 0.33 0.114 -0.099 -0.364 -0.476 -0.428 -0.305 -0.162 -0.072 -0.025 0.132 0.374 0.521 0.484
-0.534 -0.467 -0.413 -0.361 -0.33 -0.322 -0.336 -0.365 -0.399 -0.425 -0.437 -0.446 -0.453 -0.465 -0.487 -0.526 -0.586 -0.659 -0.737 -0.822 -0.853 -0.775 -0.722 -0.678 -0.629 -0.604 -0.559 -0.481 -0.439 -0.297 -0.152 -0.149 -0.165 -0.242 -0.228 -0.227 -0.059 0.102 0.073 -0.063 -0.215 -0.339 -0.271 -0.184 -0.036 0.118 0.262 0.415 0.365 0.279 0.206 0.07 -0.041 -0.165 -0.169 -0.133 0.026 0.194 0.429 0.543 0.416 0.212 -0.034 -0.283 -0.435 -0.468 -0.369 -0.165 0.009 0.131 0.115 0.302 0.474 0.65 0.672
-0.509 -0.457 -0.4 -0.354 -0.324 -0.327 -0.339 -0.372 -0.393 -0.391 -0.375 -0.374 -0.393 -0.417 -0.45 -0.505 -0.585 -0.662 -0.741 -0.82 -0.847 -0.792 -0.707 -0.609 -0.513 -0.453 -0.522 -0.565 -0.542 -0.406 -0.367 -0.372 -0.332 -0.3 -0.301 -0.302 -0.083 0.051 0.043 -0.059 -0.24 -0.355 -0.231 -0.116 0.046 0.289 0.403 0.436 0.422 0.379 0.185 0.029 -0.024 -0.028 0.009 0.001 0.199 0.388 0.575 0.508 0.327 0.055 -0.227 -0.386 -0.418 -0.407 -0.329 -0.087 0.125 0.236 0.34 0.577 0.599 0.681 0.868
-0.488 -0.447 -0.387 -0.336 -0.324 -0.347 -0.367 -0.384 -0.373 -0.333 -0.284 -0.272 -0.306 -0.35 -0.375 -0.454 -0.562 -0.65 -0.738 -0.815 -0.809 -0.695 -0.554 -0.444 -0.44 -0.316 -0.359 -0.5 -0.497 -0.499 -0.49 -0.333 -0.226 -0.186 -0.133 -0.23 -0.137 -0.023 0.037 -0.06 -0.257 -0.352 -0.232 -0.064 0.134 0.374 0.449 0.608 0.614 0.576 0.218 0.239 0.203 0.172 0.107 0.167 0.34 0.517 0.586 0.402 0.163 -0.112 -0.338 -0.401 -0.334 -0.231 -0.272 -0.13 0.056 0.287 0.572 0.713 0.694 0.774 1.082
-0.474 -0.428 -0.37 -0.34 -0.345 -0.356 -0.376 -0.38 -0.33 -0.252 -0.19 -0.195 -0.25 -0.272 -0.248 -0.372 -0.495 -0.612 -0.712 -0.792 -0.73 -0.565 -0.407 -0.344 -0.352 -0.246 -0.273 -0.417 -0.314 -0.348 -0.368 -0.193 -0.127 -0.052 -0.013 -0.17 -0.087 0.024 0.046 -0.098 -0.265 -0.367 -0.267 -0.041 0.203 0.39 0.554 0.752 0.752 0.541 0.263 0.339 0.395 0.366 0.203 0.359 0.521 0.564 0.487 0.3 0.001 -0.232 -0.384 -0.37 -0.217 -0.078 -0.115 -0.134 0.059 0.4 0.58 0.607 0.785 0.951 1.116
-0.453 -0.408 -0.374 -0.357 -0.349 -0.357 -0.372 -0.353 -0.274 -0.184 -0.15 -0.2 -0.226 -0.182 -0.172 -0.279 -0.404 -0.55 -0.672 -0.762 -0.697 -0.586 -0.396 -0.268 -0.262 -0.15 -0.16 -0.29 -0.145 -0.085 -0.094 -0.125 0.012 0.078 -0.005 -0.056 0.089 0.162 0.09 -0.068 -0.19 -0.352 -0.297 -0.047 0.154 0.417 0.625 0.673 0.608 0.403 0.375 0.508 0.553 0.443 0.348 0.462 0.715 0.633 0.371 0.197 -0.064 -0.266 -0.394 -0.324 -0.129 0.088 0.09 0.051 0.073 0.256 0.389 0.543 0.748 0.819 1.051
-0.421 -0.399 -0.374 -0.342 -0.341 -0.363 -0.361 -0.32 -0.243 -0.158 -0.15 -0.181 -0.169 -0.126 -0.139 -0.23 -0.297 -0.47 -0.642 -0.742 -0.716 -0.57 -0.323 -0.24 -0.152 0.058 -0.039 -0.167 0.016 0.034 0.003 -0.004 0.154 0.167 0.065 0.154 0.277 0.291 0.154 0.035 -0.166 -0.367 -0.305 -0.143 0.093 0.39 0.638 0.848 0.694 0.432 0.436 0.465 0.577 0.602 0.568 0.513 0.748 0.558 0.336 0.078 -0.118 -0.217 -0.368 -0.298 -0.097 0.21 0.279 0.294 0.208 0.43 0.432 0.434 0.536 0.692 0.921
-0.404 -0.383 -0.343 -0.33 -0.341 -0.357 -0.341 -0.273 -0.184 -0.116 -0.128 -0.129 -0.074 -0.053 -0.061 -0.141 -0.187 -0.407 -0.619 -0.733 -0.693 -0.502 -0.287 -0.234 -0.025 0.158 0.1 -0.014 0.051 0.09 0.095 0.191 0.278 0.215 0.219 0.37 0.409 0.329 0.273 0.129 -0.178 -0.367 -0.322 -0.145 0.105 0.388 0.66 0.774 0.604 0.562 0.471 0.588 0.61 0.733 0.716 0.644 0.728 0.474 0.197 0 -0.031 -0.039 -0.305 -0.259 -0.027 0.283 0.469 0.466 0.333 0.439 0.565 0.601 0.672 0.826 0.993
-0.371 -0.355 -0.325 -0.318 -0.328 -0.342 -0.312 -0.225 -0.132 -0.092 -0.117 -0.07 0.017 0.076 0.003 -0.032 -0.126 -0.379 -0.618 -0.705 -0.618 -0.443 -0.233 -0.136 0.074 0.265 0.226 0.078 0.113 0.211 0.248 0.305 0.285 0.273 0.386 0.495 0.465 0.436 0.364 0.174 -0.173 -0.351 -0.311 -0.169 0.016 0.299 0.558 0.645 0.679 0.743 0.549 0.617 0.727 0.814 0.919 0.893 0.678 0.367 0.079 0.025 0.123 0.124 -0.207 -0.201 0.046 0.392 0.611 0.634 0.511 0.438 0.507 0.65 0.85 0.96 1.054
-0.315 -0.322 -0.304 -0.295 -0.31 -0.321 -0.285 -0.209 -0.138 -0.098 -0.106 -0.016 0.102 0.119 0.04 -0.008 -0.157 -0.436 -0.613 -0.656 -0.53 -0.356 -0.155 0.028 0.195 0.288 0.192 0.122 0.185 0.257 0.22 0.26 0.343 0.38 0.457 0.478 0.439 0.434 0.364 0.12 -0.127 -0.306 -0.322 -0.202 -0.009 0.258 0.539 0.708 0.783 0.827 0.664 0.64 0.794 0.854 0.948 0.856 0.569 0.264 0.048 0.132 0.297 0.337 -0.039 -0.125 0.112 0.401 0.672 0.791 0.722 0.684 0.63 0.613 0.758 0.934 1.057
-0.244 -0.27 -0.271 -0.269 -0.29 -0.299 -0.265 -0.22 -0.178 -0.128 -0.092 0.025 0.108 0.051 0.001 -0.062 -0.262 -0.489 -0.588 -0.586 -0.477 -0.333 -0.093 0.133 0.252 0.264 0.189 0.162 0.215 0.222 0.176 0.195 0.345 0.369 0.42 0.451 0.391 0.336 0.27 0.104 -0.009 -0.214 -0.305 -0.131 0.004 0.221 0.459 0.626 0.735 0.85 0.757 0.697 0.79 0.883 0.861 0.72 0.476 0.205 0.088 0.233 0.447 0.527 0.201 -0.032 0.102 0.315 0.577 0.768 0.829 0.905 0.866 0.755 0.721 0.854 1.019
-0.165 -0.196 -0.216 -0.226 -0.268 -0.275 -0.231 -0.193 -0.175 -0.139 -0.056 0.028 0.074 0.069 0.033 -0.144 -0.374 -0.522 -0.54 -0.509 -0.431 -0.269 -0.025 0.169 0.235 0.225 0.137 0.169 0.129 0.166 0.147 0.123 0.269 0.321 0.3 0.301 0.273 0.252 0.233 0.229 0.142 -0.134 -0.246 -0.106 -0.018 0.114 0.185 0.349 0.535 0.74 0.851 0.86 0.896 0.952 0.789 0.606 0.36 0.147 0.177 0.337 0.524 0.62 0.428 0.076 0.025 0.235 0.468 0.733 0.92 1.003 1.037 0.936 0.815 0.869 1.06
-0.101 -0.123 -0.15 -0.196 -0.251 -0.243 -0.187 -0.133 -0.124 -0.085 -0.006 0.067 0.136 0.141 0.049 -0.203 -0.435 -0.528 -0.482 -0.423 -0.361 -0.208 0.024 0.135 0.129 0.093 0.068 0.068 0.016 0.089 0.072 0.032 0.175 0.196 0.156 0.137 0.187 0.277 0.323 0.387 0.273 -0.047 -0.202 -0.143 -0.079 -0.024 0.035 0.243 0.419 0.606 0.809 0.982 1.029 0.926 0.713 0.52 0.273 0.146 0.257 0.414 0.576 0.702 0.56 0.168 0.03 0.232 0.437 0.636 0.815 0.98 1.094 1.112 1.012 0.941 1.071
-0.078 -0.084 -0.113 -0.215 -0.236 -0.178 -0.164 -0.124 -0.087 -0.009 0.078 0.167 0.246 0.16 -0.024 -0.273 -0.469 -0.509 -0.427 -0.336 -0.288 -0.123 0.043 0.059 -0.011 -0.061 -0.06 -0.098 -0.053 0.005 -0.043 -0.087 0.031 -0.01 -0.04 0.03 0.173 0.342 0.418 0.531 0.395 0.103 -0.124 -0.194 -0.146 -0.14 0.015 0.212 0.406 0.63 0.804 1.031 1.063 0.891 0.718 0.504 0.229 0.182 0.319 0.474 0.681 0.807 0.618 0.208 0.034 0.181 0.283 0.4 0.529 0.822 1.037 1.236 1.204 1.077 1.071
-0.077 -0.101 -0.165 -0.238 -0.201 -0.113 -0.103 -0.084 -0.029 0.032 0.107 0.216 0.235 0.109 -0.103 -0.327 -0.467 -0.474 -0.426 -0.322 -0.217 -0.1 -0.055 -0.06 -0.072 -0.128 -0.204 -0.226 -0.194 -0.177 -0.218 -0.238 -0.193 -0.218 -0.191 -0.032 0.154 0.334 0.457 0.574 0.484 0.268 0.073 -0.091 -0.195 -0.188 -0.048 0.11 0.347 0.666 0.833 0.945 0.934 0.869 0.699 0.425 0.22 0.238 0.382 0.566 0.762 0.774 0.541 0.174 0.025 0.061 0.125 0.205 0.363 0.715 1.03 1.268 1.336 1.265 1.163
-0.121 -0.174 -0.238 -0.258 -0.185 -0.083 -0.074 -0.024 0.053 0.108 0.155 0.267 0.237 0.062 -0.152 -0.344 -0.428 -0.419 -0.404 -0.326 -0.238 -0.193 -0.217 -0.207 -0.146 -0.199 -0.302 -0.315 -0.306 -0.297 -0.303 -0.321 -0.345 -0.358 -0.293 -0.1 0.093 0.256 0.41 0.538 0.552 0.438 0.325 0.143 -0.126 -0.195 -0.075 0.041 0.242 0.584 0.748 0.78 0.76 0.73 0.573 0.342 0.261 0.282 0.438 0.661 0.803 0.729 0.455 0.157 0.117 0.134 0.183 0.28 0.423 0.673 1.006 1.237 1.241 1.186 1.143
-0.226 -0.272 -0.291 -0.292 -0.216 -0.097 -0.116 0.007 0.116 0.172 0.229 0.325 0.237 0.03 -0.133 -0.321 -0.415 -0.427 -0.434 -0.399 -0.336 -0.375 -0.398 -0.361 -0.301 -0.333 -0.34 -0.284 -0.211 -0.19 -0.183 -0.204 -0.329 -0.399 -0.365 -0.187 -0.052 0.083 0.253 0.417 0.588 0.584 0.54 0.354 0.035 -0.19 -0.105 0.05 0.198 0.5 0.635 0.685 0.762 0.637 0.528 0.335 0.405 0.362 0.56 0.82 0.825 0.663 0.398 0.188 0.329 0.361 0.366 0.492 0.589 0.72 1.002 1.046 0.991 1.036 1.093
-0.325 -0.337 -0.346 -0.345 -0.292 -0.213 -0.17 -0.069 0.055 0.134 0.269 0.301 0.191 0.095 0.023 -0.246 -0.425 -0.499 -0.556 -0.534 -0.507 -0.519 -0.486 -0.439 -0.396 -0.32 -0.177 -0.068 0.017 0.042 0.027 -0.077 -0.179 -0.335 -0.381 -0.305 -0.157 0.038 0.275 0.444 0.604 0.715 0.66 0.521 0.193 -0.118 -0.158 -0.041 0.126 0.39 0.597 0.719 0.765 0.695 0.626 0.423 0.529 0.649 0.804 0.904 0.74 0.629 0.414 0.308 0.412 0.447 0.473 0.576 0.738 0.77 0.812 0.848 0.928 1.051 1.148
-0.387 -0.393 -0.399 -0.401 -0.374 -0.315 -0.234 -0.137 -0.008 0.066 0.25 0.279 0.156 0.2 0.202 -0.078 -0.342 -0.496 -0.565 -0.579 -0.584 -0.546 -0.46 -0.389 -0.338 -0.227 0.012 0.165 0.29 0.253 0.16 0.048 -0.025 -0.261 -0.344 -0.324 -0.124 0.042 0.31 0.525 0.556 0.83 0.754 0.674 0.288 -0.041 -0.17 -0.101 0.065 0.311 0.575 0.655 0.706 0.74 0.729 0.477 0.644 0.91 1.036 0.868 0.693 0.784 0.538 0.264 0.294 0.344 0.376 0.504 0.698 0.597 0.52 0.726 0.945 1.115 1.193
-0.416 -0.426 -0.438 -0.446 -0.432 -0.367 -0.274 -0.226 -0.128 0.002 0.193 0.274 0.248 0.243 0.244 0.075 -0.108 -0.262 -0.368 -0.442 -0.47 -0.437 -0.333 -0.273 -0.195 -0.12 0.079 0.295 0.352 0.328 0.248 0.156 -0.006 -0.209 -0.211 -0.238 -0.137 0.092 0.289 0.554 0.571 0.775 0.821 0.648 0.381 0.099 -0.101 -0.066 0.101 0.298 0.494 0.631 0.756 0.877 0.855 0.691 0.768 0.89 0.947 0.833 0.803 0.746 0.631 0.55 0.394 0.334 0.302 0.355 0.451 0.4 0.49 0.776 0.995 1.056 1.054
-0.421 -0.437 -0.458 -0.474 -0.48 -0.441 -0.366 -0.322 -0.181 -0.012 0.196 0.329 0.349 0.281 0.268 0.2 0.091 -0.07 -0.186 -0.241 -0.282 -0.339 -0.247 -0.149 -0.044 -0.005 0.176 0.391 0.386 0.389 0.338 0.204 -0.013 -0.15 -0.055 -0.157 -0.172 0.098 0.248 0.521 0.524 0.723 0.769 0.649 0.517 0.268 -0.019 -0.044 0.113 0.306 0.496 0.652 0.786 1.033 0.998 0.88 0.907 1.003 0.994 0.871 0.867 0.722 0.72 0.793 0.693 0.632 0.548 0.326 0.34 0.378 0.617 0.835 0.942 0.907 0.855
-0.41 -0.43 -0.456 -0.484 -0.507 -0.507 -0.447 -0.345 -0.221 -0.025 0.186 0.332 0.39 0.371 0.288 0.268 0.146 0.018 -0.007 -0.047 -0.113 -0.213 -0.207 -0.1 0.032 0.136 0.293 0.43 0.468 0.448 0.42 0.32 0.071 -0.075 -0.003 -0.098 -0.204 -0.046 0.137 0.345 0.48 0.649 0.7 0.719 0.626 0.35 0.126 0.043 0.079 0.244 0.433 0.621 0.862 0.992 0.967 0.955 1.006 1.099 1.102 1.017 0.882 0.826 0.783 0.909 0.955 0.938 0.81 0.627 0.66 0.731 0.749 0.754 0.751 0.729 0.67
-0.388 -0.411 -0.44 -0.475 -0.51 -0.534 -0.499 -0.386 -0.252 -0.083 0.089 0.277 0.41 0.47 0.383 0.305 0.203 0.12 0.113 0.08 0.029 -0.037 -0.092 -0.067 0.042 0.14 0.26 0.419 0.528 0.528 0.539 0.422 0.119 -0.058 0.006 -0.047 -0.214 -0.169 -0.014 0.171 0.385 0.57 0.645 0.729 0.641 0.379 0.299 0.248 0.148 0.202 0.388 0.606 0.847 0.997 1.059 1.081 1.148 1.232 1.201 1.072 0.932 0.966 0.852 0.958 1.079 1.142 0.956 0.865 0.923 0.927 0.741 0.595 0.533 0.495 0.441
-0.353 -0.378 -0.412 -0.452 -0.495 -0.532 -0.534 -0.418 -0.286 -0.2 -0.04 0.235 0.453 0.506 0.471 0.395 0.341 0.269 0.241 0.176 0.135 0.151 0.119 0.052 0.107 0.189 0.217 0.403 0.57 0.533 0.471 0.348 0.093 -0.039 0.016 -0.021 -0.159 -0.207 -0.083 0.097 0.278 0.496 0.615 0.658 0.62 0.451 0.433 0.514 0.402 0.341 0.505 0.767 0.93 1.131 1.254 1.292 1.306 1.317 1.247 1.081 0.985 1.038 1.016 0.921 0.945 0.997 1.011 0.969 0.932 0.824 0.61 0.421 0.283 0.195 0.196
-0.302 -0.332 -0.372 -0.42 -0.472 -0.518 -0.539 -0.469 -0.356 -0.225 -0.024 0.231 0.408 0.492 0.554 0.522 0.474 0.421 0.376 0.265 0.212 0.237 0.238 0.182 0.22 0.311 0.25 0.4 0.533 0.466 0.435 0.338 0.103 -0.01 0.047 0.026 -0.062 -0.156 -0.058 0.124 0.277 0.476 0.578 0.633 0.67 0.584 0.545 0.69 0.681 0.598 0.714 0.911 1.073 1.251 1.287 1.312 1.298 1.282 1.249 1.093 1 0.977 0.913 0.767 0.733 0.84 0.995 0.945 0.847 0.673 0.41 0.192 0.051 0.017 0.157
-0.228 -0.268 -0.32 -0.379 -0.441 -0.497 -0.53 -0.495 -0.332 -0.127 0.053 0.215 0.384 0.538 0.655 0.619 0.571 0.539 0.432 0.302 0.268 0.272 0.294 0.295 0.307 0.364 0.324 0.435 0.485 0.467 0.519 0.417 0.152 0.033 0.084 0.115 0.073 -0.02 0.043 0.227 0.375 0.516 0.605 0.707 0.747 0.714 0.703 0.839 0.918 0.868 0.893 0.994 1.136 1.238 1.219 1.19 1.18 1.194 1.211 1.051 0.897 0.745 0.607 0.548 0.623 0.803 0.927 0.91 0.803 0.523 0.192 -0.001 -0.037 0.048 0.255
-0.117 -0.181 -0.251 -0.33 -0.407 -0.473 -0.517 -0.49 -0.255 -0.081 0.037 0.201 0.428 0.644 0.719 0.641 0.641 0.552 0.405 0.286 0.33 0.348 0.373 0.424 0.405 0.397 0.396 0.478 0.446 0.501 0.57 0.443 0.167 0.073 0.167 0.238 0.215 0.198 0.199 0.318 0.476 0.658 0.727 0.779 0.793 0.879 0.903 0.977 1.044 1.045 1.03 1.049 1.106 1.155 1.213 1.199 1.219 1.251 1.285 0.877 0.611 0.462 0.402 0.49 0.68 0.804 0.869 0.856 0.765 0.409 0.039 -0.006 0.044 0.154 0.356
0.082 -0.048 -0.168 -0.275 -0.371 -0.449 -0.487 -0.412 -0.218 -0.077 0.061 0.266 0.499 0.673 0.678 0.568 0.508 0.422 0.309 0.281 0.364 0.391 0.4 0.429 0.431 0.42 0.441 0.483 0.463 0.528 0.511 0.358 0.21 0.155 0.257 0.393 0.441 0.407 0.397 0.496 0.628 0.781 0.863 0.942 0.964 0.999 0.997 1.031 1.06 1.065 1.055 1.053 1.066 1.068 1.093 1.144 1.189 1.201 1.14 0.733 0.43 0.4 0.458 0.558 0.66 0.701 0.771 0.782 0.67 0.306 0.001 0.048 0.116 0.244 0.412
0.397 0.155 -0.078 -0.22 -0.337 -0.428 -0.455 -0.323 -0.168 -0.041 0.105 0.326 0.535 0.602 0.569 0.452 0.295 0.255 0.182 0.239 0.308 0.306 0.289 0.286 0.327 0.317 0.369 0.457 0.494 0.489 0.372 0.33 0.373 0.371 0.361 0.558 0.648 0.568 0.564 0.767 0.781 0.902 1.037 1.056 0.994 1.016 1.051 1.001 0.937 1.009 1.02 0.972 0.942 0.889 0.876 0.971 1.024 0.974 0.817 0.515 0.342 0.461 0.506 0.565 0.5 0.517 0.659 0.628 0.569 0.188 -0.101 0.029 0.155 0.272 0.374
0.663 0.347 0.036 -0.169 -0.307 -0.411 -0.459 -0.392 -0.23 -0.099 -0.007 0.198 0.424 0.453 0.39 0.261 0.135 0.085 0.054 0.077 0.137 0.15 0.136 0.127 0.152 0.187 0.255 0.344 0.401 0.385 0.346 0.46 0.596 0.591 0.549 0.627 0.698 0.658 0.699 0.861 0.957 1 1.016 0.978 0.897 0.942 0.934 0.859 0.803 0.836 0.876 0.881 0.751 0.669 0.711 0.776 0.834 0.782 0.516 0.309 0.31 0.363 0.38 0.401 0.347 0.366 0.495 0.521 0.418 0.084 -0.216 -0.12 0.042 0.098 0.174
0.803 0.535 0.159 -0.121 -0.283 -0.401 -0.475 -0.469 -0.348 -0.242 -0.122 0.091 0.307 0.275 0.2 0.07 0.021 0.043 0.022 0.026 0.044 0.063 0.057 0.019 0.003 0.05 0.122 0.209 0.311 0.414 0.48 0.573 0.791 0.76 0.654 0.734 0.798 0.765 0.861 0.975 1.075 1.023 0.999 0.945 0.703 0.666 0.689 0.681 0.597 0.629 0.687 0.698 0.598 0.428 0.47 0.533 0.594 0.612 0.29 0.094 0.136 0.184 0.179 0.226 0.162 0.188 0.315 0.29 0.202 -0.105 -0.396 -0.243 -0.071 -0.091 -0.035
0.923 0.673 0.291 -0.067 -0.261 -0.393 -0.479 -0.51 -0.443 -0.363 -0.195 0.006 0.093 0.091 0.023 -0.03 0.053 0.124 0.15 0.215 0.247 0.273 0.216 0.112 0.004 0.045 0.158 0.281 0.446 0.6 0.626 0.676 0.837 0.791 0.708 0.75 0.851 0.859 0.863 0.91 0.945 0.916 0.961 0.947 0.782 0.55 0.403 0.43 0.407 0.497 0.484 0.434 0.377 0.243 0.164 0.212 0.289 0.297 0.147 -0.075 -0.129 -0.076 -0.019 0.01 -0.053 -0.031 0.025 -0.015 -0.115 -0.389 -0.521 -0.358 -0.271 -0.302 -0.266
0.927 0.682 0.325 -0.031 -0.239 -0.385 -0.483 -0.542 -0.529 -0.475 -0.284 -0.135 -0.118 -0.103 -0.141 -0.087 0.074 0.204 0.224 0.333 0.375 0.438 0.361 0.239 0.067 0.143 0.316 0.44 0.597 0.75 0.697 0.774 0.904 0.792 0.72 0.749 0.808 0.755 0.73 0.766 0.849 0.856 0.862 0.759 0.662 0.439 0.145 0.21 0.283 0.329 0.265 0.183 0.088 -0.017 -0.15 -0.119 -0.075 -0.06 -0.07 -0.26 -0.377 -0.304 -0.243 -0.241 -0.345 -0.319 -0.282 -0.338 -0.409 -0.649 -0.689 -0.517 -0.519 -0.566 -0.534
