data/climatemaps/RS_maps/climate_breeding_tmp_2010.asc
NCOLS 369 
NROWS 228 
XLLCORNER 479000 
YLLCORNER 73000 
CELLSIZE 1000 
NODATA_value -9 
[rows 34 to 67 of 228, columns 77 to 153 of 369]
1.063 1.001 0.946 0.981 1.051 1.034 1.021 1.002 0.984 0.961 0.956 0.962 0.953 0.946 0.948 0.942 0.931 0.936 0.931 0.92 0.913 0.92 0.936 0.938 0.9 0.908 0.902 0.884 0.889 0.894 0.892 0.891 0.91 0.945 0.954 0.922 0.898 0.882 0.876 0.865 0.859 0.86 0.843 0.84 0.872 0.93 0.953 0.964 0.987 1.02 1.025 1.062 1.078 1.079 1.081 1.089 1.1 1.109 1.102 1.1 1.097 1.059 1.05 1.013 1.016 1.075 1.103 1.103 1.102 1.097 1.08 1.062 1.065 1.06 1.042 1.025 1.012
1.063 1.001 0.99 1.012 1.054 1.017 1.015 1.024 1.016 0.993 0.977 0.96 0.943 0.943 0.939 0.934 0.928 0.931 0.927 0.927 0.911 0.903 0.912 0.927 0.913 0.905 0.902 0.889 0.881 0.874 0.889 0.882 0.902 0.891 0.914 0.943 0.902 0.865 0.866 0.867 0.863 0.833 0.821 0.822 0.873 0.916 0.934 0.957 0.976 0.979 1.008 1.014 1.036 1.048 1.061 1.06 1.081 1.109 1.095 1.088 1.112 1.116 1.112 1.108 1.111 1.098 1.093 1.067 1.032 1.003 0.985 1.014 1.001 0.982 0.924 0.901 0.978
1.06 1.014 1.035 1.049 1.047 1.001 0.97 0.99 1.004 1.002 1.007 0.976 0.948 0.948 0.94 0.932 0.928 0.928 0.915 0.915 0.909 0.896 0.892 0.901 0.919 0.91 0.897 0.894 0.878 0.866 0.885 0.872 0.875 0.86 0.867 0.919 0.938 0.874 0.839 0.824 0.832 0.807 0.798 0.8 0.836 0.888 0.934 0.966 0.95 0.958 0.982 0.985 1.001 1.026 1.023 1.01 1.068 1.105 1.081 1.088 1.1 1.107 1.109 1.107 1.109 1.083 1.055 0.998 0.956 0.917 0.914 1.007 0.983 0.943 0.849 0.789 0.882
1.071 1.059 1.052 1.025 1.024 0.98 0.95 0.96 0.968 0.969 1.01 0.999 0.976 0.971 0.954 0.945 0.932 0.928 0.915 0.911 0.908 0.885 0.875 0.891 0.907 0.907 0.893 0.877 0.875 0.867 0.869 0.865 0.848 0.849 0.85 0.888 0.94 0.915 0.861 0.827 0.804 0.791 0.78 0.778 0.811 0.899 0.953 0.935 0.919 0.972 0.936 0.966 0.997 1.033 1.002 1 1.069 1.089 1.031 1.058 1.029 1.075 1.084 1.082 1.073 1.052 1.001 0.988 0.941 0.928 0.904 0.947 0.981 0.891 0.889 0.805 0.751
1.073 1.022 0.973 0.965 1.001 1.007 0.967 0.953 0.938 0.943 0.992 0.979 0.944 0.954 0.938 0.937 0.935 0.913 0.917 0.908 0.895 0.871 0.884 0.889 0.891 0.897 0.879 0.876 0.866 0.864 0.854 0.849 0.839 0.833 0.841 0.851 0.924 0.94 0.922 0.892 0.854 0.828 0.783 0.757 0.796 0.861 0.909 0.907 0.929 0.967 0.942 0.968 1.034 1.024 0.98 1.011 1.079 1.071 0.955 0.967 0.962 0.931 0.993 0.988 1.028 1.038 0.889 0.97 0.975 0.915 0.841 0.898 0.95 0.85 0.777 0.835 0.735
1.039 0.992 0.959 0.958 0.992 0.976 1.011 0.984 0.935 0.958 0.975 0.991 0.93 0.881 0.842 0.857 0.914 0.891 0.892 0.888 0.828 0.832 0.859 0.872 0.871 0.886 0.861 0.87 0.853 0.848 0.829 0.789 0.77 0.809 0.837 0.84 0.908 0.926 0.932 0.933 0.918 0.886 0.822 0.802 0.85 0.882 0.945 0.978 1.004 1.016 1.02 1.032 1.06 1.01 0.949 1.027 1.081 1.044 0.823 0.793 0.823 0.741 0.854 0.907 1.009 1.046 0.86 0.834 0.931 0.755 0.723 0.869 0.844 0.844 0.733 0.812 0.796
1.001 0.982 0.958 0.958 0.961 0.914 0.989 0.949 0.91 0.973 0.973 0.984 0.906 0.835 0.86 0.907 0.93 0.857 0.79 0.799 0.858 0.831 0.821 0.834 0.822 0.867 0.844 0.868 0.841 0.822 0.704 0.642 0.607 0.673 0.76 0.733 0.754 0.749 0.809 0.881 0.923 0.917 0.888 0.846 0.902 0.964 0.994 0.991 0.988 0.993 1.014 1.037 1.053 1.014 1.002 1.053 1.084 1.03 0.842 0.746 0.66 0.621 0.793 0.899 0.956 1.048 0.9 0.735 0.863 0.733 0.785 0.783 0.804 0.823 0.672 0.673 0.653
1.023 0.971 0.955 0.959 0.912 0.887 0.939 0.874 0.895 0.929 0.929 0.942 0.926 0.928 0.905 0.913 0.894 0.908 0.904 0.892 0.88 0.884 0.848 0.829 0.821 0.845 0.857 0.849 0.842 0.781 0.696 0.68 0.683 0.657 0.667 0.654 0.687 0.686 0.777 0.886 0.914 0.919 0.9 0.92 0.962 0.978 0.919 0.834 0.887 0.927 1.007 1.034 1.023 1.016 1.037 1.061 1.072 1.01 0.848 0.746 0.601 0.688 0.747 0.783 0.902 1.028 1.002 0.816 0.804 0.758 0.697 0.66 0.716 0.717 0.76 0.69 0.623
1.021 0.981 0.984 0.956 0.876 0.812 0.849 0.808 0.855 0.858 0.861 0.832 0.844 0.934 0.885 0.887 0.889 0.883 0.904 0.892 0.86 0.874 0.879 0.844 0.823 0.844 0.858 0.818 0.786 0.665 0.734 0.714 0.7 0.729 0.729 0.773 0.782 0.803 0.83 0.877 0.908 0.906 0.893 0.948 0.965 0.868 0.727 0.758 0.828 0.812 0.86 0.937 0.989 1.01 1.032 1.058 1.069 0.989 0.826 0.583 0.497 0.602 0.729 0.825 0.859 0.947 1.016 1.008 0.908 0.866 0.817 0.841 0.704 0.588 0.782 0.804 0.807
1.018 0.97 0.976 0.925 0.828 0.751 0.77 0.756 0.814 0.792 0.787 0.789 0.841 0.874 0.919 0.847 0.828 0.86 0.892 0.883 0.855 0.868 0.888 0.864 0.845 0.834 0.86 0.795 0.675 0.633 0.705 0.71 0.712 0.751 0.754 0.733 0.765 0.81 0.85 0.879 0.892 0.889 0.887 0.915 0.911 0.788 0.758 0.733 0.717 0.725 0.733 0.745 0.808 0.92 1.002 1.046 1.05 0.919 0.741 0.582 0.529 0.518 0.709 0.876 0.917 0.88 1.006 0.957 0.989 0.977 0.97 0.965 0.874 0.799 0.856 0.901 0.899
1.008 0.993 0.971 0.898 0.784 0.727 0.727 0.713 0.746 0.729 0.763 0.783 0.782 0.816 0.916 0.833 0.796 0.804 0.888 0.857 0.843 0.87 0.887 0.852 0.853 0.849 0.831 0.699 0.685 0.651 0.663 0.63 0.577 0.641 0.62 0.596 0.633 0.714 0.773 0.815 0.835 0.847 0.812 0.788 0.776 0.676 0.599 0.541 0.492 0.491 0.523 0.615 0.678 0.784 0.882 0.976 0.993 0.813 0.644 0.591 0.522 0.604 0.774 0.894 0.845 0.876 0.995 0.872 0.861 0.817 0.855 0.954 0.923 0.945 0.88 0.904 0.853
0.933 0.973 0.937 0.822 0.731 0.7 0.711 0.698 0.702 0.701 0.757 0.755 0.723 0.798 0.896 0.869 0.782 0.793 0.871 0.826 0.833 0.845 0.86 0.826 0.825 0.842 0.784 0.731 0.667 0.579 0.533 0.511 0.483 0.522 0.501 0.528 0.566 0.65 0.686 0.69 0.717 0.718 0.608 0.588 0.544 0.489 0.476 0.592 0.59 0.666 0.755 0.85 0.838 0.716 0.725 0.918 0.995 0.719 0.602 0.577 0.609 0.783 0.843 0.87 0.853 0.889 0.977 0.911 0.819 0.745 0.752 0.912 0.789 0.869 0.787 0.77 0.818
0.888 0.945 0.925 0.796 0.716 0.706 0.701 0.711 0.694 0.704 0.748 0.72 0.705 0.771 0.846 0.881 0.794 0.798 0.84 0.808 0.813 0.803 0.816 0.781 0.784 0.775 0.696 0.661 0.553 0.532 0.533 0.536 0.57 0.611 0.606 0.663 0.688 0.69 0.672 0.657 0.619 0.566 0.463 0.476 0.539 0.608 0.647 0.731 0.788 0.816 0.883 0.953 0.945 0.892 0.851 0.941 0.92 0.691 0.627 0.587 0.669 0.786 0.852 0.833 0.837 0.852 0.911 0.875 0.868 0.759 0.727 0.846 0.765 0.746 0.815 0.733 0.716
0.876 0.939 0.904 0.772 0.73 0.727 0.703 0.718 0.703 0.717 0.743 0.692 0.697 0.751 0.802 0.864 0.865 0.834 0.824 0.82 0.834 0.845 0.849 0.812 0.792 0.722 0.642 0.577 0.531 0.539 0.568 0.6 0.593 0.643 0.649 0.717 0.723 0.715 0.718 0.699 0.666 0.625 0.637 0.664 0.71 0.773 0.794 0.813 0.869 0.914 0.985 0.982 0.922 0.909 0.866 0.774 0.743 0.693 0.662 0.668 0.677 0.69 0.742 0.819 0.84 0.867 0.825 0.797 0.828 0.815 0.711 0.819 0.794 0.686 0.787 0.78 0.72
0.831 0.909 0.897 0.757 0.762 0.746 0.711 0.735 0.724 0.728 0.714 0.699 0.735 0.772 0.795 0.828 0.894 0.882 0.856 0.864 0.872 0.865 0.852 0.838 0.818 0.776 0.738 0.631 0.566 0.573 0.541 0.543 0.51 0.581 0.518 0.621 0.65 0.581 0.59 0.616 0.731 0.778 0.794 0.742 0.769 0.805 0.859 0.896 0.952 0.988 0.958 0.966 0.915 0.878 0.769 0.618 0.57 0.562 0.619 0.643 0.633 0.593 0.637 0.815 0.761 0.782 0.761 0.746 0.813 0.828 0.716 0.815 0.794 0.701 0.775 0.762 0.731
0.826 0.866 0.903 0.788 0.808 0.749 0.724 0.742 0.744 0.736 0.734 0.758 0.785 0.821 0.87 0.887 0.906 0.867 0.852 0.851 0.865 0.854 0.836 0.818 0.811 0.786 0.726 0.596 0.531 0.558 0.453 0.433 0.417 0.501 0.47 0.511 0.571 0.482 0.527 0.583 0.643 0.689 0.691 0.653 0.688 0.757 0.791 0.897 0.987 0.985 0.944 0.975 0.903 0.838 0.752 0.678 0.546 0.457 0.46 0.562 0.609 0.593 0.674 0.756 0.63 0.709 0.671 0.762 0.821 0.815 0.771 0.795 0.81 0.723 0.788 0.712 0.658
0.836 0.833 0.916 0.852 0.805 0.741 0.749 0.749 0.753 0.77 0.788 0.802 0.821 0.855 0.9 0.886 0.874 0.849 0.85 0.847 0.841 0.82 0.805 0.747 0.685 0.629 0.66 0.463 0.488 0.543 0.486 0.455 0.395 0.433 0.515 0.51 0.526 0.519 0.636 0.699 0.602 0.647 0.706 0.749 0.823 0.834 0.78 0.895 0.909 0.963 0.945 0.961 0.911 0.805 0.733 0.668 0.596 0.535 0.436 0.514 0.579 0.555 0.696 0.661 0.596 0.612 0.626 0.798 0.733 0.771 0.767 0.772 0.694 0.592 0.747 0.644 0.479
0.815 0.876 0.848 0.853 0.757 0.745 0.774 0.775 0.79 0.81 0.825 0.851 0.846 0.814 0.843 0.853 0.848 0.82 0.809 0.817 0.814 0.762 0.667 0.653 0.624 0.543 0.577 0.365 0.431 0.47 0.442 0.389 0.395 0.465 0.549 0.597 0.62 0.649 0.78 0.822 0.813 0.812 0.868 0.884 0.802 0.77 0.825 0.81 0.767 0.908 0.913 0.941 0.886 0.807 0.701 0.653 0.601 0.587 0.543 0.572 0.556 0.628 0.715 0.685 0.539 0.557 0.654 0.768 0.599 0.678 0.578 0.615 0.657 0.534 0.613 0.696 0.49
0.858 0.813 0.778 0.765 0.726 0.754 0.759 0.794 0.806 0.809 0.8 0.772 0.739 0.776 0.801 0.785 0.78 0.757 0.737 0.712 0.656 0.643 0.625 0.496 0.395 0.394 0.467 0.341 0.271 0.354 0.343 0.339 0.368 0.4 0.363 0.407 0.55 0.752 0.887 0.843 0.818 0.719 0.752 0.679 0.63 0.691 0.836 0.767 0.666 0.754 0.75 0.876 0.746 0.631 0.558 0.637 0.621 0.526 0.423 0.369 0.371 0.555 0.591 0.652 0.496 0.473 0.579 0.718 0.62 0.54 0.465 0.663 0.672 0.478 0.5 0.605 0.568
0.761 0.687 0.623 0.628 0.663 0.687 0.714 0.681 0.699 0.672 0.6 0.582 0.595 0.581 0.545 0.566 0.552 0.559 0.553 0.472 0.372 0.479 0.46 0.439 0.501 0.519 0.423 0.434 0.441 0.467 0.373 0.354 0.369 0.397 0.458 0.581 0.662 0.769 0.79 0.642 0.587 0.534 0.539 0.462 0.398 0.568 0.787 0.746 0.69 0.631 0.646 0.842 0.704 0.558 0.412 0.473 0.422 0.36 0.352 0.212 0.194 0.298 0.264 0.395 0.21 0.244 0.568 0.635 0.447 0.343 0.322 0.555 0.572 0.529 0.359 0.463 0.581
0.663 0.646 0.675 0.698 0.727 0.703 0.6 0.484 0.497 0.433 0.452 0.349 0.375 0.364 0.388 0.361 0.367 0.396 0.428 0.477 0.512 0.53 0.696 0.674 0.705 0.567 0.416 0.487 0.681 0.684 0.555 0.552 0.63 0.685 0.766 0.83 0.859 0.911 0.923 0.88 0.818 0.742 0.608 0.52 0.361 0.389 0.488 0.507 0.433 0.394 0.525 0.832 0.658 0.483 0.563 0.492 0.311 0.369 0.426 0.337 0.266 0.123 0.023 0.201 0.116 0.157 0.332 0.52 0.338 0.322 0.248 0.309 0.446 0.416 0.468 0.591 0.715
0.499 0.536 0.603 0.653 0.679 0.603 0.479 0.394 0.398 0.429 0.457 0.461 0.436 0.492 0.613 0.538 0.572 0.632 0.674 0.754 0.765 0.782 0.822 0.815 0.528 0.306 0.403 0.673 0.741 0.763 0.72 0.751 0.797 0.829 0.894 0.915 0.932 0.95 0.95 0.938 0.919 0.873 0.771 0.779 0.675 0.712 0.743 0.716 0.713 0.685 0.478 0.487 0.588 0.688 0.69 0.598 0.504 0.52 0.459 0.359 0.197 0.078 0.184 0.411 0.393 0.231 0.183 0.442 0.447 0.421 0.279 0.163 0.306 0.4 0.426 0.461 0.66
0.523 0.602 0.719 0.821 0.81 0.771 0.585 0.62 0.607 0.755 0.787 0.657 0.673 0.75 0.821 0.752 0.814 0.781 0.749 0.605 0.603 0.653 0.684 0.787 0.63 0.411 0.651 0.78 0.737 0.803 0.793 0.767 0.827 0.794 0.861 0.932 0.933 0.909 0.942 0.936 0.92 0.889 0.845 0.804 0.762 0.788 0.797 0.764 0.732 0.578 0.381 0.263 0.44 0.459 0.452 0.383 0.522 0.458 0.359 0.406 0.435 0.465 0.523 0.58 0.509 0.381 0.235 0.327 0.474 0.422 0.326 0.249 0.415 0.587 0.597 0.671 0.758
0.675 0.789 0.798 0.81 0.834 0.882 0.774 0.774 0.778 0.862 0.835 0.78 0.77 0.738 0.817 0.743 0.663 0.619 0.469 0.4 0.536 0.564 0.79 0.628 0.528 0.623 0.795 0.828 0.799 0.84 0.86 0.836 0.813 0.804 0.885 0.914 0.89 0.81 0.915 0.916 0.885 0.83 0.81 0.839 0.798 0.753 0.76 0.743 0.729 0.525 0.316 0.25 0.27 0.227 0.08 0.173 0.308 0.342 0.38 0.445 0.518 0.555 0.579 0.645 0.659 0.474 0.275 0.295 0.472 0.431 0.36 0.43 0.51 0.678 0.803 0.881 0.939
0.852 0.872 0.618 0.588 0.6 0.724 0.683 0.611 0.669 0.744 0.619 0.569 0.506 0.455 0.541 0.433 0.406 0.375 0.406 0.547 0.686 0.696 0.671 0.448 0.513 0.733 0.807 0.844 0.842 0.833 0.854 0.861 0.849 0.86 0.869 0.86 0.83 0.763 0.859 0.846 0.707 0.62 0.629 0.681 0.7 0.606 0.635 0.614 0.599 0.472 0.411 0.34 0.355 0.251 0.063 0.167 0.208 0.166 0.161 0.254 0.298 0.379 0.426 0.521 0.664 0.461 0.427 0.452 0.51 0.451 0.465 0.539 0.688 0.837 0.918 0.953 0.921
0.883 0.723 0.494 0.481 0.493 0.451 0.411 0.422 0.511 0.548 0.427 0.397 0.411 0.474 0.399 0.448 0.497 0.558 0.653 0.678 0.616 0.507 0.419 0.5 0.565 0.621 0.667 0.776 0.703 0.665 0.674 0.7 0.701 0.718 0.748 0.735 0.713 0.674 0.691 0.78 0.529 0.569 0.572 0.518 0.623 0.632 0.644 0.561 0.435 0.302 0.171 0.182 0.205 0.082 0.005 0.119 0.133 0.222 0.327 0.497 0.458 0.456 0.56 0.592 0.747 0.629 0.535 0.498 0.521 0.604 0.745 0.831 0.918 0.949 0.956 0.896 0.758
0.724 0.559 0.468 0.479 0.473 0.418 0.427 0.485 0.493 0.604 0.54 0.398 0.51 0.702 0.596 0.676 0.683 0.667 0.664 0.519 0.327 0.306 0.44 0.506 0.417 0.327 0.489 0.674 0.429 0.414 0.464 0.436 0.394 0.425 0.46 0.442 0.477 0.343 0.458 0.644 0.619 0.511 0.383 0.325 0.361 0.443 0.447 0.514 0.418 0.201 0.105 0.166 0.1 0.003 0.053 0.299 0.428 0.57 0.655 0.783 0.751 0.716 0.775 0.807 0.74 0.583 0.368 0.508 0.712 0.874 0.934 0.955 0.958 0.958 0.946 0.883 0.799
0.589 0.541 0.51 0.5 0.449 0.404 0.409 0.45 0.488 0.619 0.716 0.623 0.687 0.715 0.741 0.748 0.487 0.367 0.307 0.283 0.299 0.387 0.403 0.378 0.375 0.409 0.565 0.699 0.509 0.506 0.582 0.494 0.386 0.358 0.306 0.231 0.226 0.141 0.376 0.577 0.649 0.284 0.007 -0.066 0.003 0.088 0.128 0.359 0.483 0.27 0.284 0.234 0.091 0.051 0.268 0.568 0.711 0.774 0.818 0.844 0.829 0.815 0.783 0.807 0.62 0.422 0.436 0.706 0.896 0.949 0.957 0.958 0.958 0.961 0.96 0.964 0.966
0.488 0.522 0.492 0.41 0.345 0.35 0.522 0.612 0.631 0.71 0.733 0.657 0.512 0.449 0.424 0.424 0.27 0.238 0.208 0.274 0.348 0.324 0.287 0.317 0.351 0.409 0.489 0.676 0.536 0.54 0.55 0.487 0.484 0.395 0.294 0.128 0.056 0.146 0.402 0.683 0.423 0.098 -0.011 0.017 0.068 0.109 0.175 0.308 0.377 0.197 0.202 0.095 0.076 0.139 0.48 0.731 0.789 0.794 0.783 0.753 0.63 0.502 0.468 0.747 0.71 0.64 0.763 0.895 0.946 0.956 0.949 0.932 0.942 0.966 0.965 0.987 0.955
0.479 0.486 0.43 0.337 0.372 0.473 0.684 0.59 0.625 0.617 0.543 0.396 0.28 0.26 0.236 0.219 0.261 0.27 0.302 0.255 0.254 0.238 0.192 0.182 0.183 0.204 0.265 0.492 0.345 0.243 0.255 0.193 0.2 0.162 0.144 0.086 0.128 0.267 0.477 0.637 0.419 0.387 0.459 0.5 0.491 0.475 0.423 0.173 0.152 0.223 0.258 0.249 0.322 0.485 0.622 0.587 0.511 0.494 0.427 0.339 0.227 0.206 0.31 0.722 0.878 0.886 0.922 0.942 0.937 0.924 0.92 0.917 0.946 0.96 0.97 0.934 0.901
0.49 0.471 0.411 0.376 0.383 0.516 0.74 0.686 0.598 0.463 0.309 0.243 0.212 0.2 0.214 0.252 0.296 0.303 0.277 0.184 0.195 0.203 0.181 0.155 0.208 0.342 0.385 0.418 0.381 0.302 0.297 0.189 0.128 0.189 0.315 0.375 0.48 0.593 0.704 0.744 0.703 0.689 0.68 0.637 0.621 0.524 0.248 0.066 0.332 0.451 0.536 0.512 0.529 0.464 0.275 0.264 0.149 0.142 0.101 0.114 0.287 0.468 0.639 0.868 0.931 0.936 0.938 0.921 0.884 0.932 0.929 0.954 0.963 0.972 0.986 0.944 0.884
0.467 0.468 0.447 0.372 0.304 0.324 0.625 0.597 0.345 0.315 0.218 0.223 0.213 0.23 0.241 0.226 0.229 0.233 0.216 0.185 0.166 0.143 0.103 0.103 0.241 0.366 0.332 0.376 0.357 0.223 0.083 0.09 0.087 0.198 0.294 0.431 0.596 0.718 0.757 0.704 0.685 0.642 0.562 0.398 0.404 0.471 0.202 0.364 0.513 0.504 0.422 0.327 0.16 0.098 0.182 0.295 0.237 0.268 0.362 0.477 0.617 0.711 0.845 0.92 0.938 0.938 0.938 0.899 0.902 0.966 0.972 0.977 0.973 0.979 0.956 0.899 0.877
0.479 0.478 0.421 0.334 0.264 0.341 0.712 0.704 0.386 0.24 0.149 0.2 0.245 0.216 0.184 0.145 0.174 0.173 0.169 0.126 0.09 0.118 0.156 0.233 0.218 0.119 0.097 0.077 -0.025 -0.096 -0.22 -0.156 -0.003 0.174 0.308 0.395 0.419 0.574 0.346 0.254 0.212 0.225 0.154 0.063 0.082 0.371 0.427 0.388 0.302 0.101 0.022 0.086 0.275 0.452 0.579 0.576 0.507 0.528 0.607 0.702 0.829 0.876 0.92 0.93 0.938 0.931 0.919 0.893 0.954 0.959 0.984 0.992 0.978 0.971 0.919 0.893 0.895
0.479 0.466 0.401 0.304 0.234 0.369 0.737 0.676 0.328 0.258 0.198 0.225 0.223 0.18 0.15 0.155 0.157 0.145 0.141 0.135 0.103 0.106 0.126 0.202 0.26 0.17 0.183 0.176 -0.026 -0.054 0.041 0.207 0.357 0.356 0.286 0.212 0.37 0.245 -0.019 -0.054 -0.037 0.015 -0.063 0.051 0.213 0.247 0.104 -0.059 -0.084 -0.164 -0.142 -0.008 0.427 0.713 0.761 0.75 0.728 0.786 0.834 0.884 0.92 0.92 0.924 0.917 0.928 0.913 0.897 0.914 0.975 0.982 0.951 0.889 0.952 0.952 0.858 0.881 0.84
