data/climatemaps/RS_maps/climate_winter_tmin_2007.asc
NCOLS 369 
NROWS 228 
XLLCORNER 479000 
YLLCORNER 73000 
CELLSIZE 1000 
NODATA_value -9 
[rows 170 to 203 of 228, columns 154 to 230 of 369]
-0.159 -0.26 -0.625 -0.635 -0.666 -0.312 -0.239 -0.05 0.379 0.586 0.579 0.467 0.243 -0.248 -0.737 -1.101 -1.33 -1.384 -1.202 -0.972 -1.052 -1.047 -0.874 -0.933 -0.922 -1.071 -1.495 -1.542 -1.137 -0.662 -0.503 -0.54 -0.723 -0.985 -1.029 -1.027 -1.131 -0.806 -0.381 0.136 0.188 -0.222 -0.354 -0.674 -0.994 -0.92 -0.671 -0.439 -0.367 -0.272 -0.324 -0.254 -0.296 -0.435 -0.288 0.232 0.805 0.303 -0.187 -0.404 -0.56 -0.672 -0.68 -0.574 -0.166 -0.142 -0.197 -0.282 -0.524 -0.701 -0.181 0.353 0.237 -0.244 -0.68 -0.839 -0.664
0.153 -0.044 -0.237 -0.303 -0.265 -0.011 0.187 0.365 0.576 0.617 0.517 0.39 0.18 -0.28 -0.832 -1.077 -1.077 -1.258 -1.26 -1.188 -1.282 -1.201 -1 -1.198 -1.364 -1.201 -1.489 -1.202 -0.83 -0.532 -0.394 -0.577 -0.817 -0.843 -0.778 -0.994 -0.985 -0.58 -0.088 0.325 -0.157 -0.654 -0.87 -0.815 -1.035 -0.745 -0.443 -0.283 -0.283 -0.265 -0.137 0.038 0.155 0.097 0.228 0.559 0.847 0.526 -0.018 -0.116 -0.167 -0.47 -0.306 -0.544 -0.544 -0.301 -0.026 0.144 -0.025 -0.217 -0.096 0.446 0.187 -0.255 -0.669 -0.607 -0.361
0.435 0.263 0.182 0.092 0.189 0.368 0.516 0.563 0.526 0.516 0.471 0.256 -0.071 -0.414 -0.643 -0.746 -0.942 -1.041 -1.124 -1.236 -1.475 -1.484 -1.088 -1.405 -1.7 -1.504 -1.339 -0.929 -0.8 -0.656 -0.296 -0.605 -0.802 -0.486 -0.664 -0.954 -0.684 -0.211 0.296 0.164 -0.356 -0.894 -1.147 -1.062 -1.102 -0.757 -0.618 -0.583 -0.712 -0.582 -0.276 0.109 0.404 0.331 0.497 0.452 0.574 0.797 0.507 0.34 0.119 -0.183 -0.061 -0.281 -0.353 -0.361 -0.52 -0.15 0.16 0.237 0.189 0.527 0.023 -0.518 -0.56 -0.327 -0.263
0.548 0.538 0.521 0.472 0.471 0.425 0.423 0.211 0.102 0.129 0.146 0.113 -0.085 -0.215 -0.309 -0.421 -0.699 -0.928 -1.197 -1.476 -1.523 -1.392 -1.367 -1.435 -1.526 -1.519 -1.25 -0.993 -0.967 -0.542 0 -0.274 -0.561 -0.399 -0.847 -0.886 -0.349 0.211 0.294 -0.223 -0.592 -1.054 -1.242 -1.128 -0.904 -0.83 -0.535 -0.31 -0.252 -0.199 0.061 0.363 0.184 -0.293 -0.172 -0.023 0.051 0.413 0.801 0.78 0.612 0.425 0.118 0.188 0.009 -0.251 -0.461 -0.439 -0.304 0.055 0.303 0.555 0.068 -0.421 -0.419 -0.052 -0.317
0.41 0.534 0.307 0.349 0.145 -0.043 0.15 -0.21 -0.529 -0.605 -0.31 0.03 -0.013 -0.273 -0.448 -0.566 -0.636 -0.929 -1.284 -1.479 -1.227 -1.023 -1.12 -1.054 -1.247 -1.4 -1.195 -1.007 -0.742 -0.401 -0.093 0.085 -0.011 -0.31 -0.829 -0.77 -0.251 0.426 0.181 -0.469 -1.02 -1.183 -0.941 -0.807 -0.597 -0.533 -0.38 -0.148 0.029 0.102 0.234 0.221 -0.219 -0.518 -0.376 -0.163 -0.278 0.068 0.405 0.621 0.866 0.861 0.527 0.409 -0.003 -0.342 -0.095 -0.355 -0.554 -0.323 0.011 0.476 0.397 -0.064 -0.335 0.099 -0.027
0.216 0.46 0.103 -0.133 -0.426 -0.495 -0.059 -0.525 -0.95 -1.042 -0.515 -0.212 -0.15 -0.557 -0.75 -0.911 -0.985 -1.098 -1.406 -1.095 -0.803 -0.666 -0.753 -0.891 -1.167 -1.236 -0.954 -0.819 -0.564 -0.535 -0.506 -0.121 0.165 0.064 -0.304 -0.384 0.094 0.484 0.11 -0.441 -0.999 -1.098 -0.852 -0.53 -0.401 -0.229 -0.193 -0.105 -0.248 -0.32 -0.076 -0.101 -0.318 -0.652 -0.604 -0.469 -0.281 0.103 0.078 0.247 0.493 0.778 0.847 0.559 0.069 -0.069 0.199 -0.054 -0.354 -0.491 -0.282 0.086 0.526 0.334 0.023 0.221 0.217
0.207 0.371 0.016 -0.322 -0.734 -0.819 -0.305 -0.641 -1.151 -1.015 -0.556 -0.628 -0.417 -0.68 -0.96 -1.144 -1.504 -1.459 -1.119 -0.819 -0.603 -0.507 -0.683 -1.012 -1.258 -1.092 -1.087 -1.08 -1.154 -1.088 -0.745 -0.478 0.054 0.394 0.321 0.103 0.444 0.346 -0.15 -0.664 -1.106 -0.897 -0.683 -0.437 -0.323 -0.505 -0.491 -0.312 -0.613 -0.577 -0.523 -0.534 -0.61 -0.672 -0.586 -0.469 -0.31 -0.126 -0.298 -0.048 0.093 0.532 0.898 0.735 0.299 0.334 0.401 0.161 -0.087 -0.468 -0.42 -0.063 0.327 0.557 0.535 0.503 0.353
0.312 0.333 -0.011 -0.356 -0.664 -0.929 -0.545 -0.818 -1.302 -1.211 -1.047 -1.031 -0.713 -0.678 -1.145 -1.465 -1.647 -1.309 -1.183 -1.141 -0.767 -0.641 -0.63 -0.744 -0.709 -0.772 -1.042 -1.165 -1.427 -1.407 -1.036 -0.706 -0.115 0.267 0.546 0.498 0.467 0.133 -0.339 -0.775 -1.083 -0.866 -0.64 -0.556 -0.801 -0.815 -0.616 -0.471 -0.718 -0.76 -0.806 -0.798 -0.804 -0.676 -0.457 -0.337 -0.502 -0.481 -0.553 -0.304 0.11 0.451 0.748 0.922 0.678 0.584 0.327 -0.045 -0.207 -0.421 -0.353 -0.275 -0.071 0.147 0.495 0.613 0.208
0.326 0.228 -0.154 -0.425 -0.736 -0.936 -0.602 -0.811 -1.227 -1.234 -1.144 -0.895 -0.727 -0.649 -0.977 -1.39 -1.622 -1.745 -1.754 -1.358 -0.933 -0.936 -0.505 -0.211 -0.265 -0.456 -0.574 -0.744 -0.935 -1.274 -1.242 -0.718 -0.268 0.083 0.499 0.654 0.332 -0.126 -0.474 -0.845 -1.02 -0.862 -0.785 -0.885 -1.012 -0.852 -0.705 -0.59 -0.66 -0.589 -0.554 -0.493 -0.508 -0.516 -0.333 -0.062 -0.454 -0.375 -0.508 -0.256 0.124 0.214 0.496 0.891 0.939 0.725 0.348 0.093 0.003 -0.215 -0.447 -0.45 -0.294 -0.209 0.31 0.723 0.053
0.335 0.114 -0.116 -0.316 -0.748 -1.059 -0.675 -0.764 -1.144 -1.174 -0.878 -0.714 -0.793 -1.007 -1.241 -1.471 -1.831 -2.017 -1.96 -1.357 -1.073 -1.133 -0.583 -0.367 -0.328 -0.128 -0.178 -0.417 -0.64 -0.852 -0.91 -0.541 -0.197 0.08 0.443 0.688 0.29 -0.016 -0.4 -0.8 -0.861 -0.603 -0.671 -0.94 -0.948 -0.895 -0.852 -0.558 -0.352 -0.242 -0.134 -0.045 -0.033 -0.063 -0.077 0.084 -0.232 -0.099 -0.305 -0.253 -0.167 -0.153 0.137 0.539 0.879 0.953 0.799 0.545 0.335 -0.014 -0.232 -0.38 -0.101 0.21 0.507 0.754 0.274
0.359 0.014 -0.417 -0.482 -0.81 -1.174 -0.859 -0.817 -1.184 -1.052 -0.761 -0.666 -0.923 -1.303 -1.595 -1.516 -1.876 -1.783 -1.71 -1.46 -1.23 -1.198 -0.725 -0.795 -0.807 -0.279 0.024 -0.097 -0.371 -0.502 -0.529 -0.421 -0.052 0.217 0.48 0.69 0.358 0.029 -0.438 -0.598 -0.601 -0.434 -0.688 -0.817 -0.713 -0.741 -0.912 -0.699 -0.513 -0.353 -0.214 -0.11 -0.12 0.037 0.136 0.235 0.215 0.181 0.033 -0.16 -0.332 -0.177 0.166 0.401 0.676 0.962 1.026 0.938 0.621 0.354 0.053 -0.308 -0.036 0.168 0.458 0.76 0.578
0.302 0.022 -0.499 -0.809 -1.065 -1.328 -1.109 -0.827 -1.257 -1.13 -0.758 -0.671 -0.757 -0.97 -1.186 -1.253 -1.651 -1.363 -1.295 -1.279 -1.335 -1.237 -0.879 -0.871 -0.704 -0.458 -0.084 0.116 0.016 -0.095 -0.094 -0.249 -0.122 0.252 0.528 0.679 0.223 -0.296 -0.561 -0.232 -0.212 -0.286 -0.444 -0.47 -0.566 -0.777 -0.701 -0.667 -0.55 -0.545 -0.535 -0.482 -0.462 -0.27 -0.164 -0.073 0.162 0.424 0.256 -0.085 -0.109 0.069 0.234 0.255 0.37 0.656 0.843 1 0.804 0.586 0.277 -0.179 -0.191 -0.038 0.2 0.561 0.802
-0.027 0.077 -0.422 -0.926 -1.241 -1.5 -1.279 -0.939 -1.318 -1.265 -0.932 -0.847 -0.578 -0.549 -0.836 -1.154 -1.465 -1.053 -0.804 -0.877 -1.007 -1.052 -0.792 -0.547 -0.251 -0.081 -0.019 0.163 0.358 0.336 0.289 -0.045 -0.313 0.135 0.577 0.633 0.028 -0.499 -0.572 -0.093 -0.185 -0.527 -0.54 -0.437 -0.65 -0.69 -0.465 -0.286 -0.246 -0.227 -0.368 -0.427 -0.362 -0.262 -0.07 -0.012 0.003 0.483 0.222 0.011 0.07 0.384 0.522 0.338 0.093 0.299 0.547 0.955 0.615 0.285 0.021 -0.098 0.126 0.297 0.454 0.646 0.792
-0.588 0.058 -0.277 -0.778 -1.191 -1.555 -1.467 -1.209 -1.313 -1.423 -1.323 -1.148 -0.794 -0.414 -0.629 -0.934 -1.243 -1.031 -0.497 -0.514 -0.518 -0.597 -0.307 -0.04 0.169 0.313 0.314 0.336 0.53 0.588 0.57 0.202 -0.344 -0.025 0.597 0.591 -0.055 -0.498 -0.251 0.103 -0.266 -0.694 -0.73 -0.537 -0.679 -0.672 -0.477 -0.232 -0.068 0.089 0.026 -0.006 -0.048 -0.017 0.254 0.381 0.407 0.576 0.52 0.425 0.439 0.645 0.729 0.561 0.267 0.396 0.741 0.985 0.857 0.409 0.109 0.01 0.246 0.306 0.501 0.846 0.747
-0.995 -0.288 -0.087 -0.591 -1.096 -1.589 -1.706 -1.555 -1.46 -1.674 -1.473 -1.073 -0.761 -0.453 -0.347 -0.507 -0.831 -0.819 -0.263 -0.236 -0.163 -0.082 0.059 0.093 0.091 0.037 0.041 0.005 0.097 0.273 0.548 0.464 -0.184 -0.076 0.605 0.518 -0.049 -0.198 0.125 -0.03 -0.271 -0.473 -0.75 -0.769 -0.791 -0.653 -0.542 -0.536 -0.294 0.032 0.123 0.195 0.293 0.333 0.319 0.193 0.28 0.481 0.544 0.694 0.705 0.704 0.758 0.845 0.637 0.544 0.814 0.93 1.027 0.59 0.258 0.255 0.461 0.639 0.682 0.928 0.755
-1.201 -0.637 -0.139 -0.512 -1.075 -1.485 -1.614 -1.627 -1.704 -1.869 -1.526 -1.096 -0.896 -0.727 -0.438 -0.224 -0.315 -0.335 -0.347 -0.504 -0.154 0.009 -0.298 -0.384 -0.544 -0.575 -0.646 -0.663 -0.591 -0.306 0.058 0.561 0.058 -0.175 0.429 0.667 0.17 0.149 0.079 -0.005 -0.132 -0.556 -0.792 -0.606 -0.451 -0.442 -0.276 -0.534 -0.297 -0.125 -0.218 0.039 0.004 0.085 -0.062 -0.065 -0.037 0.207 0.221 0.469 0.367 0.42 0.515 0.797 0.822 0.931 1.043 1.073 1.102 0.745 0.525 0.67 0.84 0.949 1.002 1.075 1.03
-1.377 -0.965 -0.344 -0.388 -0.957 -1.288 -1.465 -1.639 -1.771 -2.02 -1.805 -1.563 -1.298 -1.114 -0.875 -0.251 -0.225 -0.451 -0.733 -0.612 -0.145 -0.46 -0.868 -0.958 -1.063 -1.126 -1.013 -0.963 -0.979 -0.774 -0.447 0.422 0.264 0.081 0.577 0.786 0.364 0.339 0.253 0.307 -0.11 -0.593 -0.716 -0.421 -0.117 -0.085 -0.177 -0.418 -0.402 -0.346 -0.366 -0.091 -0.165 -0.057 -0.111 -0.188 -0.159 0.046 0.239 0.323 0.368 0.547 0.666 0.856 0.968 0.967 1.012 1.101 1.14 1.022 0.928 1.015 1.112 1.151 1.171 1.17 1.174
-1.435 -1.021 -0.62 -0.263 -0.763 -1.194 -1.465 -1.611 -1.73 -2.119 -2.313 -2.063 -1.624 -1.304 -0.917 -0.311 -0.535 -0.754 -0.57 -0.268 -0.381 -0.775 -1.039 -0.967 -0.98 -1.05 -0.939 -0.756 -0.946 -0.838 -0.408 0.368 0.525 0.483 0.86 0.786 0.535 0.512 0.537 0.231 -0.073 -0.519 -0.4 -0.184 0.053 0.149 -0.048 -0.183 -0.389 -0.273 -0.377 -0.277 -0.186 -0.058 0.139 0.199 0.172 0.374 0.596 0.6 0.711 0.806 0.857 0.876 0.71 0.646 0.773 1.014 1.093 1.157 1.156 1.172 1.192 1.197 1.2 1.196 1.192
-1.429 -1.244 -1.132 -0.493 -0.463 -0.949 -1.249 -1.545 -1.914 -2.156 -2.478 -2.073 -1.559 -1.183 -0.642 -0.469 -0.81 -0.829 -0.413 -0.23 -0.572 -0.732 -0.838 -0.719 -0.671 -0.622 -0.59 -0.542 -0.766 -0.5 -0.055 0.442 0.746 0.735 0.909 -9 -9 0.644 0.34 -0.05 -0.356 -0.491 -0.427 -0.362 -0.064 0.223 -0.078 -0.126 -0.142 -0.015 -0.162 -0.204 0.053 0.137 0.296 0.546 0.581 0.684 0.784 0.811 0.795 0.689 0.74 0.7 0.52 0.44 0.685 0.971 1.097 1.176 1.199 1.205 1.209 1.207 1.212 1.207 1.205
-1.634 -1.619 -1.538 -0.898 -0.399 -0.702 -1.187 -1.602 -1.798 -1.986 -2.493 -1.883 -1.314 -0.955 -0.481 -0.684 -0.971 -0.884 -0.38 -0.47 -0.857 -0.792 -0.88 -0.726 -0.493 -0.326 -0.235 -0.467 -0.709 -0.498 -0.097 0.269 0.724 0.874 0.928 -9 -9 -9 0.013 -0.209 -0.302 -0.164 -0.139 -0.093 0.041 0.31 0.195 0.202 0.134 0.178 0.104 0.064 0.191 0.35 0.372 0.602 0.757 0.701 0.749 0.728 0.686 0.531 0.442 0.39 0.402 0.503 0.888 1.112 1.182 1.208 1.215 1.216 1.219 1.218 1.221 1.204 1.137
-2.135 -2.127 -1.577 -0.979 -0.46 -0.643 -1.074 -1.431 -1.519 -1.795 -2.178 -1.78 -1.303 -1.156 -0.989 -1.075 -1.109 -0.811 -0.371 -0.818 -1.085 -1.008 -1.033 -0.902 -0.555 -0.2 -0.082 -0.143 -0.581 -0.528 -0.202 0.161 0.772 0.947 0.945 -9 -9 -9 -9 -9 0.108 0.149 0.173 0.261 0.341 0.458 0.468 0.462 0.43 0.375 0.309 0.271 0.401 0.578 0.63 0.689 0.652 0.437 0.538 0.534 0.5 0.29 0.231 0.325 0.475 0.793 1.143 1.218 1.223 1.226 1.228 1.228 1.226 1.182 1.124 1.058 0.836
-2.285 -2.183 -1.508 -0.939 -0.486 -0.5 -0.894 -1.139 -1.476 -1.801 -2.159 -2.169 -1.55 -1.486 -1.283 -1.39 -1.395 -0.751 -0.727 -1.118 -1.168 -1.079 -0.794 -0.626 -0.392 0.025 0.121 0.093 -0.094 -0.091 0.184 0.515 0.923 0.968 0.966 -9 -9 -9 -9 -9 -9 0.443 0.416 0.468 0.489 0.525 0.534 0.569 0.599 0.548 0.52 0.521 0.637 0.666 0.616 0.586 0.441 0.214 0.241 0.186 0.185 -0.003 0.302 0.594 0.753 1.049 1.222 1.23 1.234 1.237 1.24 1.22 1.129 0.953 0.82 0.824 0.55
-2.295 -2.065 -1.708 -1.214 -0.653 -0.325 -0.826 -1.198 -1.576 -1.933 -2.286 -2.402 -1.788 -1.76 -1.53 -1.462 -1.038 -0.69 -0.953 -1.136 -0.955 -0.849 -0.604 -0.153 -0.001 0.222 0.378 0.426 0.426 0.475 0.61 0.824 0.956 0.978 -9 -9 -9 -9 -9 -9 -9 -9 0.389 0.364 0.307 0.304 0.368 0.493 0.557 0.605 0.619 0.647 0.626 0.453 0.335 0.294 0.17 -0.004 -0.095 -0.14 -0.161 -0.112 0.29 0.721 0.978 1.197 1.24 1.245 1.245 1.251 1.227 1.058 0.841 0.648 0.464 0.515 0.443
-2.437 -2.15 -1.601 -1.225 -0.756 -0.345 -0.764 -1.317 -1.693 -1.953 -2.027 -2.107 -2.017 -1.761 -1.418 -1.199 -0.773 -0.858 -1.062 -0.929 -0.648 -0.541 -0.303 0.01 0.113 0.241 0.373 0.524 0.515 0.565 0.656 0.834 0.956 0.987 -9 -9 -9 -9 -9 -9 -9 -9 -9 0.061 0 0.044 0.316 0.293 0.291 0.345 0.429 0.531 0.444 0.353 0.192 0.223 0.321 0.302 0.04 0.073 -0.012 -0.027 0.385 0.765 1.118 1.245 1.251 1.249 1.257 1.239 1.04 0.831 0.567 0.38 0.188 0.321 0.345
-2.581 -2.095 -1.439 -0.949 -0.668 -0.466 -0.625 -1.188 -1.518 -1.551 -1.667 -1.848 -1.971 -1.707 -1.308 -1.04 -0.863 -0.975 -1.066 -0.94 -0.749 -0.524 -0.297 -0.207 -0.27 -0.189 0.1 0.272 0.138 0.209 0.395 0.68 0.913 0.997 -9 -9 -9 -9 -9 -9 -9 -9 -9 -9 -0.168 0.033 0.316 0.174 -0.009 0.151 0.38 0.539 0.588 0.39 0.361 0.422 0.66 0.424 0.154 0.392 0.289 0.207 0.575 0.91 1.208 1.257 1.257 1.243 1.22 1.089 0.829 0.554 0.339 0.377 0.418 0.475 0.269
-2.475 -1.876 -1.287 -0.732 -0.651 -0.793 -0.543 -0.793 -1.111 -1.216 -1.401 -1.716 -2.053 -1.855 -1.424 -1.054 -0.776 -0.654 -0.726 -0.964 -1.071 -0.956 -0.728 -0.588 -0.606 -0.482 -0.174 -0.115 -0.222 0.055 0.377 0.697 0.95 1.016 -9 -9 -9 -9 -9 -9 -9 -9 -9 -9 -9 0.132 0.104 0.15 -0.063 0.203 0.448 0.434 0.694 0.666 0.74 0.762 0.806 0.513 0.348 0.61 0.311 0.325 0.66 1.054 1.262 1.269 1.264 1.125 0.998 0.866 0.623 0.411 0.346 0.613 0.71 0.575 0.322
-2.205 -1.624 -1.218 -0.883 -1.01 -1.258 -0.744 -0.598 -1.15 -1.467 -1.476 -1.632 -1.918 -1.57 -1.129 -0.778 -0.641 -0.53 -0.383 -0.571 -0.817 -1.01 -0.825 -0.564 -0.528 -0.248 -0.158 -0.3 -0.323 0.065 0.498 0.882 1.02 -9 -9 -9 -9 -9 -9 -9 -9 -9 -9 -9 -9 -0.132 -0.059 0.147 -0.019 0.287 0.325 0.324 0.635 0.563 0.755 0.697 0.896 0.687 0.386 0.711 0.565 0.477 0.781 1.118 1.274 1.279 1.21 0.964 0.792 0.743 0.616 0.506 0.493 0.752 0.761 0.55 0.258
-2.211 -1.75 -1.506 -1.245 -1.421 -1.601 -0.9 -0.635 -1.043 -1.537 -1.72 -1.756 -1.843 -1.342 -0.966 -0.846 -0.951 -0.806 -0.385 -0.167 -0.449 -0.801 -0.887 -0.573 -0.291 -0.122 0.12 0.083 -0.026 0.296 0.744 1.008 -9 -9 -9 -9 -9 -9 -9 -9 -9 -9 -9 -9 -9 -9 -0.156 0.136 0.011 0.281 0.079 0.387 0.524 0.405 0.613 0.567 0.882 0.743 0.575 0.707 0.891 0.635 0.761 1.102 1.279 1.289 1.198 0.876 0.714 0.626 0.594 0.588 0.738 0.898 0.758 0.5 0.281
-2.428 -1.995 -1.742 -1.549 -1.637 -1.603 -0.919 -0.721 -1.071 -1.149 -1.567 -1.851 -1.766 -1.357 -1.179 -1.198 -1.057 -0.554 -0.388 0.052 -0.276 -0.68 -0.746 -0.431 -0.464 -0.312 0.2 0.455 0.42 0.569 0.941 1.034 -9 -9 -9 -9 -9 -9 -9 -9 -9 -9 -9 -9 -9 -9 -9 -0.095 0.032 0.044 0.071 0.244 0.252 0.463 0.757 0.814 0.936 0.959 0.958 0.933 1.008 0.956 0.958 1.154 1.284 1.296 1.286 1.004 0.795 0.674 0.701 0.839 0.932 0.84 0.749 0.618 0.396
-2.608 -2.182 -1.917 -1.841 -1.796 -1.615 -0.987 -0.761 -1.289 -1.206 -1.314 -1.742 -1.754 -1.23 -1.131 -1.179 -0.791 -0.1 0.066 0.3 0.009 -0.436 -0.291 -0.046 -0.131 -0.039 0.284 0.644 0.734 0.798 0.983 -9 -9 -9 -9 -9 -9 -9 -9 -9 -9 -9 -9 -9 -9 -9 -9 -0.272 -0.196 0.001 0.032 0.034 0.255 0.53 0.513 0.611 0.759 0.749 0.91 0.865 0.915 1.011 1.132 1.214 1.251 1.306 1.304 1.081 0.9 0.922 0.964 0.992 0.969 0.75 0.631 0.592 0.434
-2.571 -2.312 -2.141 -2.039 -1.792 -1.516 -1.018 -0.853 -1.431 -1.562 -1.225 -1.566 -1.798 -1.345 -0.879 -0.674 -0.391 0.157 0.195 0.305 0.426 0.13 0.154 0.144 0.376 0.53 0.639 0.642 0.377 0.521 -9 -9 -9 -9 -9 -9 -9 -9 -9 -9 -9 -9 -9 -9 -9 -9 -9 -9 0.027 0.282 0.272 0.025 0.185 0.321 0.264 0.499 0.504 0.686 0.732 0.614 0.658 0.795 0.903 1 1.158 1.32 1.321 1.196 1.077 1.085 1.057 0.893 0.836 0.692 0.533 0.448 0.536
-2.307 -2.415 -2.365 -2.004 -1.757 -1.562 -1.14 -0.903 -1.416 -1.708 -1.504 -1.444 -1.731 -1.502 -0.982 -0.444 -0.167 -0.233 -0.328 -0.3 0.106 0.5 0.569 0.583 0.552 0.412 0.332 0.22 0.156 -9 -9 -9 -9 -9 -9 -9 -9 -9 -9 -9 -9 -9 -9 -9 -9 -9 -9 -9 -9 0.462 0.303 -0.042 0.083 0.201 0.253 0.422 0.462 0.61 0.608 0.576 0.617 0.69 0.75 0.834 1.087 1.322 1.33 1.292 1.153 1.062 1.029 0.91 0.808 0.66 0.46 0.535 0.714
-2.203 -2.359 -2.156 -2.038 -1.911 -1.595 -1.08 -0.893 -1.372 -1.753 -1.864 -1.574 -1.421 -1.299 -1.043 -0.308 -0.379 -0.718 -0.796 -0.635 -0.265 0.022 0.216 0.173 0.017 -0.126 -0.026 -0.059 -9 -9 -9 -9 -9 -9 -9 -9 -9 -9 -9 -9 -9 -9 -9 -9 -9 -9 -9 -9 -9 -9 -9 -0.008 0.258 0.486 0.477 0.538 0.554 0.499 0.454 0.625 0.801 0.882 0.943 0.956 1.127 1.323 1.336 1.336 1.231 1.133 1.083 1.044 0.936 0.767 0.562 0.739 0.888
-2.321 -2.537 -2.218 -2.224 -2.024 -1.481 -1.226 -0.894 -1.166 -1.351 -1.593 -1.709 -1.291 -0.91 -0.599 -0.344 -0.572 -0.862 -1.08 -0.938 -0.7 -0.565 -0.259 -0.316 -0.195 0.039 0.391 -9 -9 -9 -9 -9 -9 -9 -9 -9 -9 -9 -9 -9 -9 -9 -9 -9 -9 -9 -9 -9 -9 -9 -9 -9 0.333 0.568 0.692 0.741 0.626 0.559 0.522 0.601 0.759 0.972 1.165 1.23 1.291 1.343 1.348 1.349 1.311 1.219 1.185 1.148 0.999 0.804 0.79 0.91 1.004
