data/climatemaps/RS_maps/climate_winter_pr_2005.asc
NCOLS 369 
NROWS 228 
XLLCORNER 479000 
YLLCORNER 73000 
CELLSIZE 1000 
NODATA_value -9 
[rows 33 to 65 of 228, columns 225 to 299 of 369]
-1.057 -1.065 -1.07 -1.076 -1.084 -1.097 -1.102 -1.098 -1.088 -1.071 -1.046 -1.012 -0.982 -0.972 -0.988 -1.021 -1.06 -1.093 -1.121 -1.142 -1.159 -1.168 -1.175 -1.179 -1.182 -1.184 -1.182 -1.177 -1.17 -1.162 -1.147 -1.132 -1.123 -1.12 -1.12 -1.124 -1.128 -1.13 -1.132 -1.133 -1.133 -1.135 -1.136 -1.137 -1.136 -1.134 -1.132 -1.128 -1.122 -1.115 -1.106 -1.095 -1.084 -1.074 -1.064 -1.054 -1.045 -1.035 -1.023 -1.008 -0.987 -0.959 -0.927 -0.893 -0.861 -0.834 -0.809 -0.787 -0.761 -0.721 -0.64 -0.484 -9 -9 -9
-1.025 -1.03 -1.035 -1.037 -1.046 -1.069 -1.084 -1.088 -1.082 -1.072 -1.046 -1.012 -0.982 -0.972 -0.988 -1.014 -1.039 -1.061 -1.082 -1.092 -1.103 -1.118 -1.13 -1.138 -1.152 -1.16 -1.161 -1.16 -1.152 -1.139 -1.121 -1.105 -1.092 -1.09 -1.093 -1.096 -1.101 -1.105 -1.109 -1.112 -1.113 -1.114 -1.115 -1.117 -1.117 -1.117 -1.116 -1.113 -1.109 -1.103 -1.095 -1.086 -1.076 -1.066 -1.057 -1.048 -1.04 -1.03 -1.019 -1.003 -0.982 -0.954 -0.921 -0.886 -0.853 -0.825 -0.801 -0.78 -0.757 -0.717 -0.628 -0.467 -0.272 -9 -9
-0.984 -0.985 -0.991 -0.996 -1.01 -1.033 -1.062 -1.081 -1.085 -1.078 -1.051 -1.02 -1.002 -1.004 -1.011 -1.022 -1.032 -1.038 -1.038 -1.035 -1.041 -1.051 -1.072 -1.087 -1.103 -1.115 -1.123 -1.126 -1.122 -1.107 -1.093 -1.08 -1.071 -1.068 -1.067 -1.068 -1.073 -1.078 -1.083 -1.087 -1.089 -1.09 -1.092 -1.093 -1.095 -1.097 -1.097 -1.096 -1.093 -1.088 -1.082 -1.074 -1.066 -1.059 -1.05 -1.042 -1.034 -1.025 -1.014 -0.999 -0.977 -0.949 -0.914 -0.878 -0.845 -0.816 -0.792 -0.771 -0.749 -0.71 -0.614 -0.445 -0.26 -9 -9
-0.948 -0.939 -0.942 -0.958 -0.976 -1.004 -1.04 -1.072 -1.087 -1.088 -1.077 -1.059 -1.045 -1.038 -1.031 -1.027 -1.022 -1.007 -0.989 -0.977 -0.976 -0.985 -1.003 -1.021 -1.04 -1.054 -1.062 -1.072 -1.084 -1.075 -1.063 -1.055 -1.052 -1.049 -1.045 -1.043 -1.046 -1.051 -1.055 -1.06 -1.064 -1.067 -1.068 -1.07 -1.072 -1.073 -1.075 -1.075 -1.073 -1.07 -1.066 -1.061 -1.054 -1.047 -1.041 -1.034 -1.026 -1.018 -1.007 -0.993 -0.971 -0.943 -0.909 -0.872 -0.838 -0.808 -0.782 -0.761 -0.738 -0.699 -0.61 -0.435 -0.265 -0.154 -9
-0.918 -0.901 -0.903 -0.915 -0.937 -0.979 -1.02 -1.053 -1.073 -1.082 -1.083 -1.077 -1.065 -1.053 -1.041 -1.029 -1.007 -0.979 -0.949 -0.922 -0.909 -0.919 -0.938 -0.956 -0.975 -0.989 -1.005 -1.016 -1.034 -1.045 -1.034 -1.032 -1.033 -1.029 -1.023 -1.019 -1.018 -1.02 -1.023 -1.027 -1.033 -1.037 -1.042 -1.044 -1.047 -1.048 -1.05 -1.05 -1.05 -1.048 -1.046 -1.042 -1.037 -1.032 -1.026 -1.02 -1.014 -1.007 -0.997 -0.984 -0.964 -0.936 -0.903 -0.867 -0.832 -0.801 -0.774 -0.75 -0.726 -0.683 -0.596 -0.434 -0.299 -0.22 -0.134
-0.899 -0.878 -0.875 -0.879 -0.912 -0.958 -0.993 -1.024 -1.05 -1.066 -1.07 -1.065 -1.059 -1.054 -1.047 -1.026 -0.995 -0.955 -0.917 -0.885 -0.864 -0.874 -0.89 -0.903 -0.92 -0.936 -0.955 -0.969 -0.987 -1.012 -1.014 -1.018 -1.011 -0.999 -0.992 -0.99 -0.988 -0.987 -0.986 -0.989 -0.993 -0.999 -1.005 -1.01 -1.015 -1.018 -1.019 -1.021 -1.022 -1.023 -1.022 -1.019 -1.016 -1.011 -1.006 -1.001 -0.995 -0.99 -0.982 -0.97 -0.952 -0.927 -0.896 -0.861 -0.827 -0.795 -0.766 -0.741 -0.715 -0.669 -0.579 -0.461 -0.358 -0.278 -0.192
-0.868 -0.834 -0.841 -0.861 -0.891 -0.928 -0.958 -0.984 -1.017 -1.036 -1.046 -1.049 -1.05 -1.048 -1.041 -1.02 -0.981 -0.944 -0.9 -0.862 -0.852 -0.859 -0.857 -0.869 -0.884 -0.899 -0.92 -0.934 -0.951 -0.981 -0.995 -0.989 -0.975 -0.963 -0.953 -0.951 -0.945 -0.945 -0.945 -0.947 -0.953 -0.959 -0.965 -0.97 -0.976 -0.979 -0.982 -0.987 -0.99 -0.992 -0.992 -0.989 -0.985 -0.981 -0.977 -0.973 -0.969 -0.966 -0.96 -0.95 -0.935 -0.913 -0.885 -0.853 -0.821 -0.789 -0.761 -0.734 -0.707 -0.667 -0.596 -0.504 -0.398 -0.284 -0.157
-0.84 -0.792 -0.791 -0.818 -0.838 -0.876 -0.919 -0.945 -0.961 -0.982 -1.004 -1.019 -1.03 -1.036 -1.032 -1.015 -0.976 -0.936 -0.899 -0.87 -0.858 -0.86 -0.855 -0.868 -0.88 -0.89 -0.904 -0.912 -0.929 -0.959 -0.968 -0.955 -0.946 -0.934 -0.92 -0.908 -0.894 -0.89 -0.895 -0.908 -0.918 -0.924 -0.93 -0.935 -0.938 -0.939 -0.941 -0.947 -0.953 -0.955 -0.954 -0.949 -0.942 -0.933 -0.931 -0.934 -0.934 -0.935 -0.931 -0.923 -0.912 -0.894 -0.871 -0.843 -0.813 -0.784 -0.756 -0.729 -0.703 -0.668 -0.608 -0.504 -0.371 -0.231 -0.097
-0.819 -0.772 -0.758 -0.76 -0.791 -0.824 -0.866 -0.895 -0.907 -0.924 -0.95 -0.976 -0.998 -1.011 -1.013 -0.999 -0.965 -0.93 -0.906 -0.882 -0.878 -0.885 -0.882 -0.89 -0.894 -0.893 -0.895 -0.905 -0.926 -0.942 -0.944 -0.933 -0.924 -0.908 -0.886 -0.863 -0.836 -0.826 -0.833 -0.855 -0.882 -0.896 -0.9 -0.902 -0.904 -0.902 -0.905 -0.909 -0.911 -0.909 -0.904 -0.89 -0.874 -0.865 -0.872 -0.887 -0.891 -0.895 -0.895 -0.892 -0.885 -0.872 -0.854 -0.83 -0.804 -0.777 -0.75 -0.725 -0.701 -0.669 -0.609 -0.498 -0.359 -0.207 -0.074
-0.797 -0.753 -0.723 -0.716 -0.734 -0.767 -0.789 -0.832 -0.857 -0.875 -0.905 -0.93 -0.96 -0.976 -0.978 -0.972 -0.953 -0.931 -0.913 -0.903 -0.906 -0.908 -0.906 -0.903 -0.897 -0.894 -0.896 -0.909 -0.92 -0.922 -0.917 -0.908 -0.899 -0.881 -0.851 -0.812 -0.777 -0.76 -0.766 -0.801 -0.844 -0.87 -0.871 -0.87 -0.867 -0.864 -0.868 -0.868 -0.86 -0.852 -0.839 -0.817 -0.804 -0.808 -0.823 -0.834 -0.835 -0.836 -0.84 -0.845 -0.852 -0.847 -0.835 -0.816 -0.794 -0.769 -0.745 -0.722 -0.7 -0.672 -0.625 -0.526 -0.377 -0.214 -0.084
-0.79 -0.745 -0.701 -0.679 -0.693 -0.719 -0.736 -0.766 -0.804 -0.842 -0.871 -0.9 -0.926 -0.929 -0.931 -0.934 -0.929 -0.922 -0.918 -0.915 -0.91 -0.907 -0.906 -0.903 -0.898 -0.896 -0.897 -0.897 -0.892 -0.893 -0.889 -0.881 -0.875 -0.855 -0.816 -0.774 -0.732 -0.707 -0.716 -0.758 -0.816 -0.84 -0.831 -0.834 -0.83 -0.83 -0.833 -0.817 -0.8 -0.793 -0.776 -0.759 -0.759 -0.769 -0.772 -0.773 -0.773 -0.768 -0.774 -0.786 -0.803 -0.813 -0.816 -0.803 -0.783 -0.761 -0.739 -0.718 -0.699 -0.675 -0.634 -0.546 -0.412 -0.259 -0.126
-0.799 -0.76 -0.721 -0.695 -0.672 -0.701 -0.699 -0.725 -0.755 -0.783 -0.821 -0.862 -0.885 -0.882 -0.888 -0.888 -0.891 -0.892 -0.895 -0.889 -0.882 -0.878 -0.877 -0.878 -0.877 -0.876 -0.868 -0.857 -0.854 -0.861 -0.864 -0.864 -0.856 -0.832 -0.795 -0.751 -0.713 -0.689 -0.706 -0.742 -0.794 -0.809 -0.799 -0.807 -0.797 -0.797 -0.79 -0.764 -0.751 -0.746 -0.734 -0.721 -0.718 -0.728 -0.731 -0.731 -0.738 -0.725 -0.73 -0.755 -0.776 -0.797 -0.805 -0.793 -0.775 -0.755 -0.735 -0.717 -0.7 -0.678 -0.638 -0.534 -0.396 -0.244 -0.09
-0.811 -0.788 -0.756 -0.717 -0.684 -0.69 -0.661 -0.673 -0.698 -0.73 -0.773 -0.822 -0.843 -0.84 -0.841 -0.834 -0.838 -0.841 -0.853 -0.852 -0.843 -0.833 -0.821 -0.828 -0.832 -0.83 -0.825 -0.817 -0.821 -0.829 -0.836 -0.844 -0.835 -0.815 -0.782 -0.739 -0.709 -0.683 -0.703 -0.742 -0.788 -0.79 -0.786 -0.784 -0.763 -0.749 -0.752 -0.735 -0.732 -0.715 -0.7 -0.684 -0.683 -0.693 -0.699 -0.7 -0.718 -0.718 -0.736 -0.773 -0.798 -0.806 -0.802 -0.788 -0.771 -0.752 -0.734 -0.717 -0.701 -0.68 -0.639 -0.528 -0.363 -0.192 -0.032
-0.789 -0.785 -0.768 -0.731 -0.702 -0.677 -0.639 -0.63 -0.646 -0.687 -0.73 -0.775 -0.787 -0.785 -0.779 -0.772 -0.778 -0.78 -0.801 -0.813 -0.803 -0.79 -0.777 -0.774 -0.769 -0.768 -0.776 -0.779 -0.784 -0.791 -0.804 -0.815 -0.809 -0.795 -0.773 -0.743 -0.717 -0.714 -0.733 -0.764 -0.783 -0.776 -0.77 -0.745 -0.714 -0.695 -0.696 -0.692 -0.704 -0.687 -0.678 -0.665 -0.656 -0.658 -0.674 -0.692 -0.719 -0.74 -0.762 -0.798 -0.818 -0.816 -0.805 -0.79 -0.773 -0.754 -0.736 -0.719 -0.701 -0.678 -0.633 -0.514 -0.348 -0.172 -0.011
-0.734 -0.751 -0.753 -0.718 -0.687 -0.654 -0.62 -0.601 -0.608 -0.634 -0.674 -0.715 -0.725 -0.728 -0.72 -0.719 -0.721 -0.727 -0.751 -0.771 -0.752 -0.732 -0.717 -0.702 -0.696 -0.695 -0.707 -0.722 -0.741 -0.749 -0.768 -0.782 -0.786 -0.783 -0.767 -0.748 -0.735 -0.751 -0.766 -0.776 -0.77 -0.763 -0.743 -0.71 -0.677 -0.647 -0.635 -0.641 -0.668 -0.667 -0.66 -0.647 -0.638 -0.634 -0.65 -0.678 -0.71 -0.748 -0.778 -0.81 -0.828 -0.829 -0.816 -0.799 -0.779 -0.759 -0.741 -0.722 -0.698 -0.667 -0.615 -0.51 -0.365 -0.207 -0.026
-0.69 -0.707 -0.73 -0.706 -0.678 -0.648 -0.601 -0.572 -0.568 -0.576 -0.614 -0.653 -0.657 -0.667 -0.661 -0.664 -0.665 -0.676 -0.711 -0.732 -0.709 -0.678 -0.654 -0.625 -0.619 -0.616 -0.635 -0.653 -0.681 -0.704 -0.724 -0.741 -0.751 -0.757 -0.752 -0.75 -0.753 -0.76 -0.772 -0.768 -0.754 -0.746 -0.722 -0.688 -0.654 -0.621 -0.607 -0.61 -0.622 -0.632 -0.635 -0.627 -0.616 -0.636 -0.671 -0.71 -0.759 -0.812 -0.847 -0.861 -0.86 -0.849 -0.831 -0.811 -0.789 -0.768 -0.748 -0.723 -0.689 -0.644 -0.581 -0.506 -0.408 -0.269 -0.088
-0.659 -0.664 -0.688 -0.687 -0.656 -0.636 -0.592 -0.551 -0.526 -0.526 -0.552 -0.582 -0.59 -0.596 -0.601 -0.608 -0.616 -0.63 -0.68 -0.701 -0.68 -0.66 -0.632 -0.597 -0.564 -0.551 -0.545 -0.566 -0.597 -0.625 -0.659 -0.683 -0.693 -0.708 -0.707 -0.719 -0.729 -0.735 -0.752 -0.755 -0.744 -0.732 -0.707 -0.679 -0.655 -0.628 -0.603 -0.583 -0.579 -0.585 -0.579 -0.586 -0.608 -0.656 -0.722 -0.784 -0.839 -0.878 -0.893 -0.894 -0.885 -0.869 -0.847 -0.823 -0.799 -0.776 -0.751 -0.716 -0.663 -0.594 -0.497 -0.452 -0.419 -0.32 -0.157
-0.628 -0.625 -0.653 -0.643 -0.619 -0.596 -0.559 -0.524 -0.494 -0.478 -0.497 -0.511 -0.523 -0.541 -0.56 -0.573 -0.59 -0.61 -0.645 -0.678 -0.662 -0.623 -0.587 -0.541 -0.509 -0.484 -0.467 -0.483 -0.51 -0.535 -0.577 -0.613 -0.628 -0.655 -0.667 -0.674 -0.683 -0.696 -0.724 -0.734 -0.744 -0.73 -0.714 -0.694 -0.667 -0.631 -0.6 -0.578 -0.564 -0.547 -0.535 -0.565 -0.627 -0.699 -0.775 -0.841 -0.885 -0.911 -0.921 -0.918 -0.905 -0.885 -0.86 -0.834 -0.807 -0.78 -0.745 -0.688 -0.587 -0.466 -0.345 -0.317 -0.365 -0.309 -0.179
-0.607 -0.605 -0.625 -0.617 -0.586 -0.559 -0.52 -0.477 -0.453 -0.432 -0.426 -0.447 -0.451 -0.475 -0.495 -0.516 -0.547 -0.576 -0.621 -0.653 -0.652 -0.622 -0.581 -0.53 -0.493 -0.451 -0.421 -0.416 -0.43 -0.458 -0.497 -0.524 -0.55 -0.595 -0.629 -0.638 -0.644 -0.666 -0.7 -0.706 -0.738 -0.735 -0.72 -0.708 -0.682 -0.648 -0.627 -0.603 -0.555 -0.528 -0.526 -0.569 -0.63 -0.718 -0.805 -0.862 -0.903 -0.929 -0.937 -0.932 -0.915 -0.893 -0.868 -0.841 -0.812 -0.777 -0.722 -0.622 -0.463 -0.292 -0.196 -0.188 -0.251 -0.224 -0.119
-0.619 -0.604 -0.589 -0.588 -0.54 -0.509 -0.485 -0.449 -0.413 -0.375 -0.371 -0.398 -0.416 -0.441 -0.471 -0.495 -0.518 -0.55 -0.591 -0.628 -0.616 -0.592 -0.577 -0.537 -0.48 -0.439 -0.403 -0.373 -0.368 -0.379 -0.411 -0.428 -0.476 -0.537 -0.576 -0.605 -0.623 -0.657 -0.681 -0.684 -0.721 -0.731 -0.705 -0.694 -0.689 -0.679 -0.655 -0.613 -0.583 -0.567 -0.536 -0.563 -0.639 -0.732 -0.814 -0.871 -0.912 -0.937 -0.944 -0.936 -0.917 -0.894 -0.869 -0.841 -0.809 -0.761 -0.676 -0.534 -0.345 -0.159 -0.084 -0.071 -0.128 -0.119 -0.048
-0.64 -0.595 -0.556 -0.555 -0.536 -0.496 -0.474 -0.431 -0.393 -0.337 -0.339 -0.346 -0.377 -0.397 -0.432 -0.444 -0.473 -0.5 -0.549 -0.597 -0.577 -0.544 -0.535 -0.528 -0.476 -0.43 -0.386 -0.348 -0.319 -0.299 -0.334 -0.35 -0.404 -0.476 -0.521 -0.577 -0.623 -0.647 -0.653 -0.666 -0.704 -0.724 -0.702 -0.695 -0.676 -0.666 -0.663 -0.651 -0.629 -0.595 -0.57 -0.59 -0.656 -0.744 -0.82 -0.872 -0.912 -0.937 -0.943 -0.933 -0.912 -0.889 -0.864 -0.834 -0.794 -0.727 -0.61 -0.444 -0.24 -0.063 -0.009 -0.013 -0.036 -0.001 0.061
-0.651 -0.59 -0.526 -0.518 -0.496 -0.464 -0.445 -0.421 -0.382 -0.335 -0.328 -0.307 -0.305 -0.325 -0.361 -0.36 -0.406 -0.45 -0.51 -0.563 -0.554 -0.512 -0.494 -0.507 -0.443 -0.402 -0.362 -0.326 -0.268 -0.24 -0.261 -0.29 -0.334 -0.408 -0.484 -0.564 -0.616 -0.622 -0.615 -0.622 -0.664 -0.706 -0.719 -0.71 -0.699 -0.68 -0.675 -0.676 -0.647 -0.605 -0.574 -0.593 -0.654 -0.737 -0.813 -0.863 -0.904 -0.93 -0.935 -0.923 -0.903 -0.88 -0.854 -0.818 -0.761 -0.643 -0.5 -0.34 -0.152 -0.052 -0.017 0.029 0.06 0.112 0.211
-0.649 -0.585 -0.527 -0.504 -0.443 -0.396 -0.376 -0.349 -0.362 -0.336 -0.307 -0.279 -0.251 -0.263 -0.284 -0.271 -0.331 -0.391 -0.461 -0.522 -0.53 -0.484 -0.462 -0.477 -0.414 -0.361 -0.308 -0.284 -0.237 -0.202 -0.201 -0.216 -0.264 -0.359 -0.454 -0.547 -0.601 -0.6 -0.59 -0.573 -0.599 -0.64 -0.69 -0.724 -0.714 -0.696 -0.692 -0.673 -0.644 -0.602 -0.585 -0.614 -0.664 -0.732 -0.797 -0.848 -0.89 -0.917 -0.922 -0.907 -0.881 -0.867 -0.838 -0.789 -0.705 -0.562 -0.429 -0.253 -0.092 -0.042 -0.012 0.093 0.154 0.19 0.273
-0.666 -0.591 -0.538 -0.489 -0.422 -0.356 -0.311 -0.295 -0.32 -0.313 -0.279 -0.23 -0.202 -0.212 -0.182 -0.186 -0.248 -0.323 -0.397 -0.467 -0.493 -0.445 -0.42 -0.435 -0.373 -0.306 -0.261 -0.247 -0.249 -0.21 -0.181 -0.203 -0.25 -0.323 -0.417 -0.524 -0.586 -0.582 -0.56 -0.565 -0.592 -0.615 -0.648 -0.698 -0.719 -0.715 -0.699 -0.684 -0.666 -0.631 -0.606 -0.612 -0.651 -0.709 -0.771 -0.823 -0.873 -0.903 -0.91 -0.896 -0.871 -0.854 -0.816 -0.75 -0.65 -0.521 -0.375 -0.214 -0.076 -0.01 0.005 0.11 0.244 0.277 0.303
-0.696 -0.625 -0.564 -0.495 -0.406 -0.342 -0.277 -0.279 -0.278 -0.266 -0.227 -0.189 -0.127 -0.119 -0.1 -0.125 -0.165 -0.215 -0.297 -0.394 -0.449 -0.412 -0.37 -0.377 -0.356 -0.313 -0.282 -0.275 -0.256 -0.231 -0.227 -0.224 -0.228 -0.269 -0.369 -0.5 -0.578 -0.58 -0.575 -0.585 -0.598 -0.609 -0.625 -0.645 -0.68 -0.702 -0.706 -0.69 -0.651 -0.608 -0.565 -0.554 -0.593 -0.649 -0.723 -0.793 -0.857 -0.889 -0.9 -0.891 -0.869 -0.841 -0.789 -0.725 -0.631 -0.511 -0.39 -0.238 -0.11 -0.028 0.008 0.091 0.237 0.253 0.298
-0.722 -0.649 -0.572 -0.494 -0.414 -0.316 -0.273 -0.275 -0.247 -0.22 -0.203 -0.136 -0.061 -0.041 -0.052 -0.065 -0.05 -0.089 -0.195 -0.304 -0.403 -0.369 -0.323 -0.301 -0.298 -0.293 -0.281 -0.295 -0.292 -0.29 -0.267 -0.222 -0.192 -0.252 -0.355 -0.493 -0.563 -0.576 -0.583 -0.584 -0.558 -0.56 -0.576 -0.575 -0.6 -0.649 -0.685 -0.667 -0.62 -0.562 -0.504 -0.5 -0.524 -0.589 -0.674 -0.773 -0.843 -0.879 -0.891 -0.884 -0.863 -0.826 -0.785 -0.73 -0.637 -0.53 -0.404 -0.292 -0.224 -0.116 -0.002 0.07 0.225 0.252 -9
-0.74 -0.672 -0.591 -0.508 -0.417 -0.305 -0.284 -0.281 -0.229 -0.172 -0.167 -0.123 -0.024 0.022 0.014 0.038 0.074 0.002 -0.1 -0.232 -0.341 -0.32 -0.295 -0.272 -0.245 -0.232 -0.248 -0.288 -0.31 -0.293 -0.256 -0.212 -0.198 -0.255 -0.372 -0.47 -0.503 -0.513 -0.529 -0.528 -0.496 -0.487 -0.51 -0.515 -0.546 -0.597 -0.649 -0.647 -0.612 -0.554 -0.489 -0.448 -0.453 -0.548 -0.651 -0.765 -0.835 -0.875 -0.888 -0.88 -0.858 -0.829 -0.795 -0.745 -0.652 -0.533 -0.47 -0.381 -0.294 -0.188 -0.072 0.039 0.214 0.336 -9
-0.75 -0.698 -0.625 -0.542 -0.438 -0.32 -0.298 -0.306 -0.243 -0.158 -0.152 -0.094 -0.029 0.034 0.092 0.13 0.153 0.088 -0.003 -0.136 -0.296 -0.313 -0.305 -0.266 -0.22 -0.212 -0.209 -0.233 -0.288 -0.27 -0.264 -0.23 -0.188 -0.224 -0.354 -0.408 -0.434 -0.456 -0.46 -0.424 -0.412 -0.41 -0.451 -0.481 -0.525 -0.554 -0.602 -0.614 -0.6 -0.546 -0.468 -0.397 -0.434 -0.548 -0.683 -0.775 -0.836 -0.876 -0.889 -0.878 -0.855 -0.827 -0.797 -0.751 -0.679 -0.59 -0.477 -0.337 -0.235 -0.204 -0.134 0.008 0.183 -9 -9
-0.753 -0.716 -0.659 -0.575 -0.462 -0.335 -0.319 -0.335 -0.28 -0.196 -0.162 -0.06 -0.015 0.008 0.105 0.184 0.175 0.127 0.043 -0.085 -0.238 -0.3 -0.307 -0.284 -0.246 -0.197 -0.173 -0.21 -0.271 -0.261 -0.248 -0.199 -0.154 -0.181 -0.305 -0.339 -0.351 -0.371 -0.346 -0.31 -0.329 -0.361 -0.408 -0.431 -0.438 -0.464 -0.56 -0.547 -0.553 -0.517 -0.424 -0.394 -0.493 -0.606 -0.713 -0.787 -0.844 -0.881 -0.891 -0.878 -0.853 -0.825 -0.797 -0.761 -0.695 -0.595 -0.479 -0.362 -0.247 -0.174 -0.108 0.027 -9 -9 -9
-0.756 -0.726 -0.683 -0.61 -0.494 -0.384 -0.35 -0.368 -0.323 -0.252 -0.159 -0.092 -0.095 -0.051 0.04 0.164 0.191 0.194 0.126 0.014 -0.158 -0.268 -0.298 -0.269 -0.226 -0.179 -0.167 -0.192 -0.253 -0.231 -0.212 -0.168 -0.118 -0.118 -0.217 -0.262 -0.254 -0.271 -0.256 -0.253 -0.269 -0.286 -0.303 -0.277 -0.305 -0.415 -0.482 -0.422 -0.442 -0.466 -0.415 -0.443 -0.566 -0.67 -0.74 -0.803 -0.855 -0.886 -0.893 -0.878 -0.851 -0.824 -0.796 -0.76 -0.691 -0.587 -0.467 -0.368 -0.271 -0.176 -9 -9 -9 -9 -9
-0.759 -0.737 -0.703 -0.645 -0.549 -0.464 -0.417 -0.417 -0.354 -0.276 -0.201 -0.177 -0.178 -0.087 0.039 0.117 0.098 0.116 0.102 0.017 -0.067 -0.191 -0.276 -0.27 -0.238 -0.205 -0.194 -0.202 -0.249 -0.25 -0.223 -0.162 -0.085 -0.062 -0.102 -0.183 -0.209 -0.223 -0.197 -0.175 -0.159 -0.14 -0.119 -0.163 -0.27 -0.336 -0.345 -0.371 -0.423 -0.411 -0.45 -0.564 -0.658 -0.714 -0.77 -0.826 -0.871 -0.894 -0.895 -0.876 -0.849 -0.821 -0.791 -0.749 -0.687 -0.601 -0.514 -0.419 -0.323 -0.243 -9 -9 -9 -9 -9
-0.756 -0.742 -0.718 -0.673 -0.608 -0.536 -0.484 -0.454 -0.404 -0.354 -0.281 -0.253 -0.234 -0.117 -0.062 -0.024 0.018 0.033 0.045 0.072 0.071 -0.072 -0.221 -0.274 -0.276 -0.265 -0.25 -0.252 -0.257 -0.225 -0.227 -0.184 -0.119 -0.078 -0.029 -0.079 -0.148 -0.141 -0.121 -0.069 0.023 0.065 -0.012 -0.131 -0.12 -0.167 -0.285 -0.345 -0.347 -0.427 -0.545 -0.654 -0.712 -0.756 -0.804 -0.852 -0.886 -0.899 -0.894 -0.867 -0.842 -0.807 -0.776 -0.751 -0.674 -0.591 -0.523 -0.458 -0.385 -9 -9 -9 -9 -9 -9
-0.748 -0.739 -0.726 -0.691 -0.636 -0.564 -0.488 -0.453 -0.448 -0.425 -0.373 -0.346 -0.297 -0.224 -0.176 -0.101 -0.069 -0.023 0.059 0.152 0.18 0.071 -0.104 -0.233 -0.305 -0.323 -0.325 -0.311 -0.284 -0.244 -0.223 -0.198 -0.143 -0.081 -0.019 -0.018 -0.059 -0.054 -0.021 0.092 0.181 0.127 0.052 -0.008 0.013 -0.111 -0.216 -0.253 -0.394 -0.544 -0.653 -0.709 -0.754 -0.795 -0.837 -0.874 -0.893 -0.895 -0.89 -0.849 -0.826 -0.779 -0.766 -0.757 -0.668 -0.582 -0.495 -0.407 -9 -9 -9 -9 -9 -9 -9
