data/climatemaps/RS_maps/climate_breeding_pr_2005.asc
NCOLS 369 
NROWS 228 
XLLCORNER 479000 
YLLCORNER 73000 
CELLSIZE 1000 
NODATA_value -9 
[rows 34 to 67 of 228, columns 225 to 299 of 369]
-0.91 -0.909 -0.908 -0.901 -0.905 -0.928 -0.935 -0.92 -0.884 -0.84 -0.769 -0.683 -0.605 -0.566 -0.578 -0.61 -0.639 -0.662 -0.678 -0.673 -0.67 -0.676 -0.679 -0.676 -0.684 -0.68 -0.666 -0.645 -0.614 -0.575 -0.528 -0.487 -0.454 -0.446 -0.448 -0.451 -0.458 -0.462 -0.471 -0.477 -0.483 -0.489 -0.494 -0.501 -0.506 -0.507 -0.506 -0.504 -0.498 -0.49 -0.479 -0.466 -0.451 -0.436 -0.421 -0.408 -0.395 -0.384 -0.37 -0.351 -0.322 -0.282 -0.235 -0.186 -0.142 -0.109 -0.085 -0.068 -0.044 0.012 0.168 0.463 0.813 -9 -9
-0.84 -0.831 -0.832 -0.833 -0.846 -0.87 -0.901 -0.911 -0.891 -0.854 -0.781 -0.701 -0.647 -0.631 -0.628 -0.633 -0.634 -0.627 -0.605 -0.575 -0.561 -0.559 -0.58 -0.589 -0.603 -0.607 -0.606 -0.594 -0.57 -0.524 -0.485 -0.45 -0.425 -0.413 -0.408 -0.406 -0.414 -0.422 -0.431 -0.44 -0.448 -0.455 -0.462 -0.47 -0.477 -0.482 -0.485 -0.486 -0.483 -0.478 -0.469 -0.458 -0.446 -0.432 -0.42 -0.408 -0.397 -0.386 -0.372 -0.353 -0.324 -0.283 -0.234 -0.182 -0.136 -0.099 -0.072 -0.052 -0.027 0.029 0.198 0.509 0.843 -9 -9
-0.774 -0.751 -0.747 -0.765 -0.787 -0.821 -0.865 -0.896 -0.897 -0.875 -0.831 -0.777 -0.734 -0.702 -0.674 -0.651 -0.625 -0.577 -0.52 -0.474 -0.449 -0.445 -0.46 -0.476 -0.495 -0.504 -0.501 -0.503 -0.51 -0.477 -0.44 -0.415 -0.401 -0.391 -0.377 -0.37 -0.374 -0.383 -0.391 -0.403 -0.414 -0.424 -0.432 -0.44 -0.447 -0.453 -0.46 -0.463 -0.464 -0.461 -0.455 -0.447 -0.437 -0.427 -0.416 -0.406 -0.396 -0.386 -0.374 -0.355 -0.325 -0.284 -0.233 -0.18 -0.13 -0.088 -0.056 -0.033 -0.005 0.055 0.213 0.537 0.844 1.019 -9
-0.718 -0.68 -0.674 -0.687 -0.716 -0.776 -0.831 -0.867 -0.88 -0.872 -0.851 -0.82 -0.78 -0.741 -0.703 -0.664 -0.605 -0.532 -0.455 -0.38 -0.334 -0.333 -0.35 -0.367 -0.383 -0.394 -0.405 -0.41 -0.429 -0.436 -0.4 -0.385 -0.38 -0.365 -0.348 -0.336 -0.333 -0.338 -0.343 -0.354 -0.368 -0.383 -0.396 -0.407 -0.416 -0.424 -0.43 -0.436 -0.44 -0.44 -0.437 -0.432 -0.425 -0.416 -0.408 -0.4 -0.392 -0.384 -0.373 -0.355 -0.326 -0.285 -0.234 -0.177 -0.124 -0.078 -0.039 -0.01 0.023 0.092 0.248 0.55 0.796 0.912 1.023
-0.676 -0.631 -0.617 -0.616 -0.667 -0.735 -0.784 -0.822 -0.847 -0.857 -0.843 -0.815 -0.784 -0.757 -0.724 -0.666 -0.591 -0.498 -0.407 -0.325 -0.264 -0.263 -0.275 -0.283 -0.297 -0.309 -0.327 -0.337 -0.356 -0.391 -0.38 -0.376 -0.351 -0.321 -0.302 -0.296 -0.291 -0.289 -0.288 -0.296 -0.308 -0.323 -0.341 -0.356 -0.372 -0.384 -0.392 -0.402 -0.41 -0.414 -0.414 -0.411 -0.406 -0.4 -0.394 -0.387 -0.381 -0.377 -0.369 -0.352 -0.325 -0.284 -0.232 -0.173 -0.116 -0.066 -0.023 0.013 0.051 0.128 0.292 0.512 0.699 0.823 0.937
-0.613 -0.546 -0.547 -0.575 -0.621 -0.679 -0.725 -0.757 -0.801 -0.818 -0.817 -0.803 -0.784 -0.76 -0.726 -0.667 -0.575 -0.49 -0.39 -0.297 -0.259 -0.253 -0.231 -0.237 -0.246 -0.257 -0.281 -0.29 -0.305 -0.35 -0.363 -0.337 -0.298 -0.265 -0.241 -0.234 -0.224 -0.225 -0.227 -0.234 -0.248 -0.264 -0.279 -0.296 -0.313 -0.326 -0.341 -0.359 -0.373 -0.382 -0.384 -0.381 -0.376 -0.371 -0.368 -0.366 -0.364 -0.363 -0.359 -0.344 -0.319 -0.278 -0.226 -0.167 -0.107 -0.053 -0.007 0.033 0.075 0.143 0.273 0.447 0.641 0.832 1.018
-0.555 -0.461 -0.449 -0.488 -0.521 -0.583 -0.655 -0.695 -0.713 -0.739 -0.76 -0.768 -0.765 -0.753 -0.721 -0.669 -0.58 -0.488 -0.404 -0.331 -0.291 -0.277 -0.249 -0.257 -0.26 -0.261 -0.271 -0.27 -0.286 -0.327 -0.328 -0.289 -0.259 -0.226 -0.194 -0.17 -0.143 -0.139 -0.151 -0.179 -0.199 -0.214 -0.229 -0.243 -0.259 -0.27 -0.285 -0.308 -0.328 -0.336 -0.339 -0.331 -0.32 -0.309 -0.314 -0.327 -0.335 -0.344 -0.343 -0.33 -0.306 -0.266 -0.214 -0.154 -0.093 -0.039 0.01 0.052 0.094 0.154 0.265 0.463 0.712 0.949 1.14
-0.506 -0.414 -0.38 -0.377 -0.427 -0.486 -0.559 -0.61 -0.628 -0.649 -0.681 -0.708 -0.725 -0.724 -0.703 -0.656 -0.575 -0.495 -0.436 -0.375 -0.35 -0.347 -0.324 -0.322 -0.312 -0.292 -0.276 -0.278 -0.302 -0.318 -0.302 -0.266 -0.235 -0.196 -0.149 -0.103 -0.052 -0.036 -0.052 -0.097 -0.151 -0.18 -0.191 -0.199 -0.211 -0.219 -0.238 -0.259 -0.271 -0.273 -0.267 -0.241 -0.215 -0.204 -0.229 -0.271 -0.291 -0.307 -0.312 -0.305 -0.285 -0.246 -0.195 -0.135 -0.074 -0.019 0.03 0.072 0.111 0.165 0.277 0.492 0.754 1.009 1.189
-0.456 -0.368 -0.307 -0.289 -0.32 -0.379 -0.422 -0.5 -0.544 -0.572 -0.614 -0.642 -0.673 -0.678 -0.657 -0.626 -0.572 -0.518 -0.47 -0.434 -0.426 -0.413 -0.392 -0.37 -0.342 -0.318 -0.303 -0.312 -0.316 -0.301 -0.273 -0.24 -0.209 -0.166 -0.102 -0.026 0.04 0.068 0.055 -0.016 -0.102 -0.15 -0.154 -0.156 -0.158 -0.165 -0.19 -0.202 -0.196 -0.184 -0.159 -0.117 -0.098 -0.116 -0.16 -0.196 -0.214 -0.225 -0.238 -0.242 -0.243 -0.215 -0.168 -0.11 -0.05 0.005 0.052 0.092 0.126 0.173 0.259 0.451 0.733 1.007 1.17
-0.432 -0.343 -0.26 -0.219 -0.241 -0.289 -0.324 -0.381 -0.449 -0.515 -0.56 -0.598 -0.625 -0.61 -0.592 -0.578 -0.552 -0.525 -0.504 -0.482 -0.458 -0.434 -0.416 -0.396 -0.369 -0.349 -0.332 -0.315 -0.285 -0.268 -0.242 -0.21 -0.185 -0.139 -0.059 0.024 0.1 0.146 0.126 0.043 -0.069 -0.114 -0.095 -0.105 -0.107 -0.119 -0.143 -0.123 -0.098 -0.082 -0.046 -0.012 -0.019 -0.051 -0.076 -0.099 -0.115 -0.116 -0.129 -0.145 -0.161 -0.157 -0.133 -0.08 -0.022 0.031 0.076 0.111 0.139 0.178 0.251 0.42 0.672 0.923 1.089
-0.437 -0.362 -0.288 -0.239 -0.2 -0.251 -0.252 -0.299 -0.356 -0.407 -0.473 -0.538 -0.564 -0.541 -0.533 -0.519 -0.509 -0.497 -0.489 -0.462 -0.433 -0.407 -0.39 -0.377 -0.358 -0.337 -0.305 -0.264 -0.238 -0.23 -0.218 -0.2 -0.171 -0.118 -0.043 0.041 0.112 0.153 0.119 0.049 -0.049 -0.077 -0.054 -0.072 -0.062 -0.074 -0.076 -0.035 -0.014 -0.001 0.03 0.058 0.06 0.024 -0.005 -0.026 -0.056 -0.041 -0.049 -0.084 -0.104 -0.12 -0.103 -0.05 0.006 0.057 0.097 0.128 0.15 0.181 0.25 0.447 0.706 0.95 1.151
-0.451 -0.405 -0.346 -0.275 -0.218 -0.228 -0.177 -0.199 -0.246 -0.306 -0.384 -0.468 -0.496 -0.481 -0.469 -0.446 -0.441 -0.433 -0.44 -0.421 -0.388 -0.352 -0.312 -0.31 -0.3 -0.28 -0.251 -0.215 -0.2 -0.193 -0.189 -0.187 -0.156 -0.109 -0.045 0.037 0.092 0.14 0.097 0.024 -0.062 -0.061 -0.052 -0.049 -0.014 0.002 -0.014 0.011 0.015 0.054 0.095 0.13 0.126 0.09 0.055 0.031 -0.017 -0.022 -0.049 -0.103 -0.131 -0.12 -0.08 -0.024 0.031 0.079 0.114 0.141 0.158 0.185 0.252 0.461 0.764 1.04 1.248
-0.405 -0.398 -0.367 -0.302 -0.249 -0.202 -0.132 -0.114 -0.143 -0.219 -0.301 -0.382 -0.402 -0.394 -0.375 -0.355 -0.356 -0.349 -0.372 -0.374 -0.338 -0.295 -0.256 -0.234 -0.21 -0.19 -0.185 -0.169 -0.155 -0.146 -0.15 -0.154 -0.129 -0.094 -0.053 0.003 0.05 0.053 0.015 -0.043 -0.076 -0.057 -0.044 0.005 0.061 0.091 0.082 0.086 0.066 0.108 0.136 0.166 0.177 0.156 0.103 0.051 -0.01 -0.046 -0.077 -0.127 -0.142 -0.112 -0.062 -0.005 0.049 0.093 0.125 0.148 0.167 0.196 0.265 0.481 0.78 1.061 1.267
-0.303 -0.337 -0.343 -0.28 -0.224 -0.16 -0.092 -0.054 -0.063 -0.114 -0.192 -0.272 -0.293 -0.299 -0.282 -0.277 -0.275 -0.274 -0.301 -0.319 -0.266 -0.211 -0.165 -0.123 -0.097 -0.078 -0.081 -0.084 -0.096 -0.089 -0.102 -0.112 -0.107 -0.095 -0.065 -0.029 -0.009 -0.043 -0.072 -0.089 -0.072 -0.055 -0.014 0.05 0.112 0.167 0.189 0.178 0.134 0.147 0.171 0.199 0.206 0.196 0.145 0.082 0.021 -0.038 -0.078 -0.118 -0.127 -0.105 -0.053 0.004 0.057 0.098 0.129 0.154 0.183 0.222 0.298 0.474 0.722 0.96 1.204
-0.217 -0.256 -0.299 -0.257 -0.203 -0.143 -0.05 0.009 0.019 0.004 -0.072 -0.151 -0.169 -0.192 -0.183 -0.189 -0.187 -0.199 -0.245 -0.264 -0.203 -0.129 -0.068 -0.001 0.026 0.047 0.034 0.022 -0.004 -0.022 -0.041 -0.056 -0.063 -0.069 -0.059 -0.057 -0.066 -0.083 -0.106 -0.096 -0.065 -0.045 0.003 0.067 0.133 0.196 0.228 0.234 0.224 0.22 0.223 0.232 0.237 0.18 0.099 0.023 -0.057 -0.136 -0.177 -0.18 -0.153 -0.108 -0.053 0.004 0.055 0.095 0.127 0.161 0.21 0.269 0.357 0.459 0.603 0.798 1.041
-0.146 -0.17 -0.219 -0.215 -0.157 -0.11 -0.022 0.06 0.11 0.109 0.053 -0.012 -0.04 -0.061 -0.078 -0.096 -0.11 -0.129 -0.201 -0.219 -0.164 -0.107 -0.041 0.038 0.111 0.15 0.179 0.166 0.133 0.106 0.063 0.035 0.027 0.005 0.006 -0.02 -0.044 -0.058 -0.091 -0.093 -0.069 -0.042 0.007 0.06 0.106 0.162 0.22 0.277 0.305 0.312 0.329 0.303 0.235 0.124 -0.009 -0.115 -0.194 -0.238 -0.235 -0.209 -0.169 -0.118 -0.06 -0.002 0.05 0.091 0.131 0.185 0.267 0.368 0.508 0.535 0.539 0.651 0.863
-0.07 -0.082 -0.139 -0.123 -0.078 -0.026 0.051 0.124 0.183 0.211 0.17 0.132 0.094 0.046 -0.003 -0.037 -0.07 -0.102 -0.151 -0.19 -0.141 -0.05 0.031 0.13 0.2 0.259 0.308 0.303 0.278 0.257 0.202 0.15 0.133 0.087 0.064 0.046 0.023 -0.005 -0.059 -0.075 -0.09 -0.061 -0.029 0.007 0.059 0.132 0.206 0.271 0.325 0.377 0.406 0.326 0.176 0.019 -0.125 -0.227 -0.273 -0.282 -0.263 -0.229 -0.182 -0.128 -0.069 -0.011 0.042 0.092 0.153 0.251 0.426 0.62 0.786 0.761 0.595 0.623 0.778
-0.005 -0.02 -0.066 -0.056 0.001 0.057 0.137 0.224 0.273 0.309 0.312 0.26 0.234 0.169 0.114 0.061 -0.003 -0.051 -0.118 -0.155 -0.132 -0.059 0.033 0.14 0.22 0.31 0.381 0.413 0.412 0.387 0.335 0.3 0.263 0.184 0.119 0.097 0.079 0.033 -0.032 -0.042 -0.099 -0.091 -0.062 -0.04 0.006 0.075 0.131 0.2 0.319 0.389 0.394 0.288 0.14 -0.043 -0.198 -0.273 -0.304 -0.306 -0.282 -0.243 -0.191 -0.136 -0.077 -0.019 0.041 0.107 0.21 0.394 0.679 0.96 1.058 0.976 0.771 0.741 0.855
0.002 0.011 0.027 0.021 0.106 0.166 0.219 0.29 0.358 0.425 0.422 0.359 0.306 0.236 0.159 0.094 0.04 -0.016 -0.076 -0.122 -0.08 -0.015 0.031 0.119 0.235 0.324 0.406 0.483 0.515 0.521 0.483 0.467 0.388 0.278 0.203 0.144 0.105 0.035 -0.011 -0.019 -0.086 -0.104 -0.055 -0.036 -0.029 -0.007 0.052 0.15 0.23 0.275 0.333 0.257 0.087 -0.096 -0.236 -0.303 -0.327 -0.324 -0.295 -0.25 -0.195 -0.138 -0.08 -0.018 0.053 0.15 0.317 0.584 0.919 1.214 1.257 1.173 0.975 0.913 0.973
-0.006 0.06 0.117 0.109 0.14 0.213 0.258 0.339 0.407 0.502 0.489 0.458 0.382 0.318 0.228 0.181 0.114 0.061 -0.015 -0.079 -0.022 0.058 0.096 0.126 0.235 0.333 0.43 0.52 0.597 0.658 0.615 0.6 0.509 0.38 0.294 0.184 0.091 0.043 0.027 -0.001 -0.072 -0.109 -0.07 -0.06 -0.029 -0.008 0.008 0.048 0.106 0.178 0.22 0.161 0.016 -0.151 -0.272 -0.325 -0.344 -0.338 -0.306 -0.255 -0.196 -0.137 -0.075 -0.004 0.088 0.232 0.467 0.778 1.13 1.389 1.384 1.27 1.143 1.135 1.18
0.003 0.102 0.205 0.208 0.24 0.294 0.327 0.37 0.435 0.514 0.515 0.535 0.514 0.451 0.358 0.329 0.229 0.143 0.046 -0.028 0.01 0.105 0.159 0.156 0.286 0.376 0.466 0.552 0.681 0.757 0.74 0.701 0.629 0.495 0.351 0.198 0.095 0.077 0.084 0.066 -0.015 -0.095 -0.122 -0.108 -0.094 -0.058 -0.042 -0.03 0.034 0.116 0.162 0.107 -0.024 -0.176 -0.291 -0.339 -0.358 -0.351 -0.315 -0.258 -0.194 -0.132 -0.063 0.027 0.162 0.415 0.708 1.001 1.304 1.395 1.353 1.346 1.331 1.366 1.476
0.029 0.141 0.237 0.265 0.365 0.441 0.468 0.51 0.479 0.515 0.556 0.591 0.619 0.57 0.503 0.494 0.364 0.249 0.129 0.037 0.045 0.147 0.209 0.202 0.33 0.441 0.556 0.621 0.729 0.817 0.838 0.824 0.745 0.574 0.397 0.22 0.114 0.109 0.121 0.146 0.088 0.009 -0.088 -0.155 -0.144 -0.114 -0.102 -0.057 0.002 0.078 0.096 0.024 -0.084 -0.204 -0.299 -0.347 -0.369 -0.363 -0.324 -0.253 -0.174 -0.123 -0.043 0.079 0.275 0.587 0.858 1.178 1.415 1.399 1.354 1.467 1.523 1.532 1.612
0.018 0.156 0.245 0.325 0.434 0.538 0.604 0.618 0.561 0.563 0.611 0.684 0.718 0.676 0.698 0.661 0.524 0.377 0.244 0.135 0.107 0.211 0.277 0.271 0.396 0.531 0.631 0.678 0.697 0.791 0.862 0.835 0.758 0.629 0.454 0.253 0.134 0.135 0.168 0.151 0.093 0.042 -0.025 -0.127 -0.176 -0.174 -0.145 -0.111 -0.073 -0.012 0.019 -0.013 -0.1 -0.204 -0.292 -0.344 -0.381 -0.377 -0.337 -0.265 -0.179 -0.117 -0.014 0.147 0.379 0.662 0.958 1.241 1.43 1.448 1.381 1.507 1.701 1.703 1.669
-0.019 0.113 0.225 0.344 0.492 0.588 0.686 0.662 0.648 0.658 0.714 0.769 0.865 0.86 0.866 0.793 0.696 0.586 0.433 0.268 0.186 0.269 0.363 0.37 0.422 0.512 0.584 0.614 0.67 0.736 0.762 0.782 0.784 0.712 0.53 0.287 0.14 0.131 0.135 0.111 0.079 0.049 0.008 -0.045 -0.126 -0.178 -0.189 -0.156 -0.083 -0.006 0.061 0.057 -0.033 -0.137 -0.248 -0.333 -0.393 -0.393 -0.354 -0.287 -0.203 -0.113 0.021 0.179 0.399 0.659 0.901 1.162 1.337 1.399 1.387 1.48 1.696 1.658 1.649
-0.052 0.09 0.233 0.371 0.505 0.662 0.714 0.686 0.721 0.757 0.772 0.879 1.002 1.022 0.978 0.931 0.93 0.837 0.635 0.442 0.275 0.349 0.448 0.503 0.521 0.54 0.575 0.565 0.59 0.611 0.671 0.768 0.833 0.728 0.541 0.289 0.162 0.137 0.121 0.113 0.153 0.139 0.094 0.071 -0.002 -0.109 -0.181 -0.149 -0.065 0.041 0.136 0.123 0.051 -0.071 -0.201 -0.335 -0.407 -0.411 -0.371 -0.304 -0.219 -0.111 0 0.14 0.353 0.585 0.832 1.014 1.081 1.214 1.362 1.443 1.671 1.646 -9
-0.075 0.061 0.215 0.367 0.524 0.709 0.717 0.696 0.775 0.865 0.857 0.922 1.088 1.158 1.123 1.145 1.184 1.032 0.831 0.587 0.396 0.443 0.502 0.556 0.612 0.643 0.621 0.562 0.538 0.587 0.672 0.77 0.807 0.71 0.5 0.322 0.268 0.255 0.225 0.223 0.272 0.274 0.212 0.172 0.083 -0.037 -0.144 -0.147 -0.088 0.017 0.131 0.18 0.137 -0.034 -0.195 -0.352 -0.422 -0.429 -0.392 -0.323 -0.239 -0.15 -0.057 0.067 0.277 0.531 0.651 0.794 0.911 1.053 1.218 1.376 1.638 1.784 -9
-0.087 0.021 0.164 0.319 0.505 0.703 0.714 0.673 0.772 0.913 0.908 0.998 1.101 1.202 1.291 1.34 1.359 1.216 1.03 0.778 0.49 0.466 0.49 0.57 0.657 0.675 0.682 0.647 0.56 0.608 0.64 0.724 0.816 0.757 0.524 0.43 0.392 0.366 0.362 0.424 0.433 0.417 0.319 0.231 0.114 0.028 -0.081 -0.118 -0.103 -0.009 0.126 0.228 0.135 -0.066 -0.275 -0.392 -0.443 -0.451 -0.414 -0.345 -0.264 -0.184 -0.103 0.009 0.17 0.361 0.581 0.832 0.987 0.992 1.077 1.296 1.556 -9 -9
-0.086 -0.006 0.109 0.269 0.475 0.696 0.698 0.645 0.729 0.869 0.915 1.082 1.146 1.174 1.339 1.468 1.429 1.314 1.139 0.891 0.609 0.497 0.493 0.54 0.612 0.698 0.739 0.677 0.577 0.606 0.653 0.769 0.869 0.826 0.606 0.551 0.543 0.525 0.58 0.642 0.593 0.512 0.4 0.323 0.267 0.18 -0.018 -0.024 -0.053 0 0.155 0.188 0.001 -0.19 -0.346 -0.428 -0.469 -0.474 -0.439 -0.373 -0.296 -0.222 -0.151 -0.066 0.079 0.287 0.512 0.724 0.911 1.007 1.087 1.293 -9 -9 -9
-0.089 -0.023 0.067 0.208 0.422 0.617 0.66 0.604 0.671 0.789 0.942 1.045 1.021 1.088 1.249 1.461 1.487 1.462 1.311 1.084 0.763 0.561 0.509 0.566 0.645 0.728 0.747 0.702 0.6 0.65 0.707 0.815 0.926 0.936 0.761 0.684 0.715 0.703 0.743 0.748 0.706 0.651 0.595 0.606 0.51 0.271 0.114 0.176 0.106 0.046 0.118 0.057 -0.155 -0.318 -0.403 -0.464 -0.498 -0.497 -0.465 -0.403 -0.332 -0.266 -0.202 -0.123 0.021 0.233 0.465 0.645 0.803 0.945 -9 -9 -9 -9 -9
-0.094 -0.044 0.027 0.141 0.32 0.471 0.544 0.526 0.629 0.76 0.884 0.911 0.89 1.046 1.274 1.405 1.348 1.35 1.291 1.107 0.934 0.7 0.546 0.559 0.619 0.679 0.698 0.683 0.603 0.614 0.684 0.819 0.979 1.033 0.964 0.822 0.785 0.779 0.839 0.882 0.902 0.916 0.931 0.817 0.584 0.418 0.353 0.256 0.117 0.096 0.01 -0.186 -0.334 -0.406 -0.461 -0.506 -0.53 -0.525 -0.491 -0.435 -0.371 -0.31 -0.249 -0.163 -0.039 0.133 0.302 0.476 0.639 0.761 -9 -9 -9 -9 -9
-0.089 -0.057 -0.007 0.08 0.203 0.333 0.419 0.463 0.542 0.623 0.748 0.784 0.806 1.015 1.112 1.173 1.227 1.223 1.207 1.219 1.183 0.909 0.637 0.543 0.546 0.569 0.597 0.594 0.59 0.658 0.676 0.774 0.908 0.993 1.086 0.999 0.884 0.91 0.959 1.059 1.219 1.279 1.118 0.877 0.854 0.718 0.456 0.289 0.218 0.036 -0.183 -0.363 -0.44 -0.481 -0.518 -0.551 -0.564 -0.553 -0.519 -0.459 -0.405 -0.338 -0.28 -0.229 -0.082 0.079 0.208 0.33 0.458 -9 -9 -9 -9 -9 -9
-0.08 -0.06 -0.034 0.032 0.137 0.271 0.405 0.461 0.458 0.491 0.576 0.617 0.699 0.83 0.916 1.045 1.085 1.136 1.245 1.37 1.38 1.157 0.834 0.605 0.484 0.459 0.462 0.488 0.541 0.625 0.679 0.74 0.853 0.971 1.09 1.095 1.031 1.052 1.122 1.331 1.483 1.371 1.217 1.089 1.085 0.811 0.56 0.417 0.111 -0.181 -0.378 -0.464 -0.511 -0.541 -0.569 -0.59 -0.589 -0.569 -0.546 -0.47 -0.429 -0.346 -0.319 -0.3 -0.137 0.023 0.184 0.346 -9 -9 -9 -9 -9 -9 -9
-0.075 -0.064 -0.053 -0.007 0.077 0.191 0.278 0.335 0.366 0.397 0.44 0.483 0.534 0.623 0.736 0.842 0.946 1.113 1.282 1.439 1.482 1.325 1.084 0.793 0.579 0.446 0.36 0.359 0.428 0.476 0.491 0.549 0.676 0.83 0.983 1.049 1.102 1.183 1.405 1.493 1.551 1.395 1.325 1.263 1.084 0.96 0.616 0.245 -0.117 -0.358 -0.472 -0.525 -0.565 -0.592 -0.613 -0.617 -0.587 -0.58 -0.569 -0.504 -0.453 -0.393 -0.387 -0.354 -0.238 -0.119 0.049 0.28 -9 -9 -9 -9 -9 -9 -9
-0.085 -0.077 -0.063 -0.032 0.023 0.091 0.173 0.236 0.276 0.291 0.308 0.347 0.398 0.461 0.546 0.647 0.8 1.021 1.207 1.384 1.486 1.44 1.288 1.014 0.789 0.627 0.413 0.278 0.267 0.273 0.301 0.433 0.583 0.766 0.9 1.059 1.142 1.341 1.423 1.289 1.3 1.442 1.404 1.292 1.213 0.912 0.425 0.029 -0.256 -0.436 -0.526 -0.576 -0.611 -0.632 -0.64 -0.623 -0.61 -0.626 -0.582 -0.53 -0.491 -0.467 -0.45 -0.422 -0.38 -0.296 -0.149 -9 -9 -9 -9 -9 -9 -9 -9
