data/climatemaps/RS_maps/climate_breeding_tmp_2002.asc
NCOLS 369 
NROWS 228 
XLLCORNER 479000 
YLLCORNER 73000 
CELLSIZE 1000 
NODATA_value -9 
[rows 136 to 169 of 228, columns 0 to 75 of 369]
-9 -9 -9 -9 -9 -9 -9 -9 0.451 0.415 0.41 0.394 0.397 0.393 0.265 0.187 0.108 0.082 0.05 0.033 0.015 0.08 -0.073 -0.119 -0.189 -0.217 -0.16 -0.049 0.039 0.139 0.221 0.237 0.148 -0.091 -0.26 -0.278 -0.265 -0.193 -0.018 0.214 0.427 0.564 0.659 0.736 0.766 0.788 0.827 0.874 0.816 0.845 0.91 1.002 0.934 0.862 0.841 0.809 0.804 0.796 0.775 0.73 0.677 0.634 0.616 0.556 0.522 0.433 0.428 0.493 0.627 0.664 0.681 0.656 0.727 0.704 0.639 0.549
-9 -9 -9 -9 -9 -9 -9 -9 0.491 0.419 0.387 0.374 0.349 0.257 0.12 0.096 0.122 0.123 0.114 0.097 0.073 0.043 -0.138 -0.177 -0.215 -0.161 -0.075 0.032 0.142 0.215 0.227 0.132 -0.074 -0.224 -0.316 -0.333 -0.317 -0.192 0.002 0.351 0.551 0.651 0.712 0.738 0.763 0.79 0.83 0.839 0.798 0.846 0.983 0.975 0.945 0.893 0.826 0.798 0.792 0.792 0.764 0.705 0.643 0.592 0.569 0.495 0.478 0.397 0.376 0.472 0.595 0.625 0.652 0.621 0.727 0.721 0.684 0.601
-9 -9 -9 -9 -9 -9 -9 -9 0.465 0.393 0.363 0.339 0.203 0.124 0.099 0.109 0.143 0.166 0.148 0.13 0.086 -0.088 -0.195 -0.193 -0.156 -0.071 0.015 0.108 0.205 0.223 0.111 -0.072 -0.205 -0.269 -0.364 -0.422 -0.407 -0.089 0.195 0.491 0.643 0.703 0.723 0.743 0.765 0.803 0.834 0.808 0.81 0.855 0.973 0.956 0.932 0.887 0.787 0.786 0.787 0.775 0.734 0.672 0.619 0.587 0.513 0.459 0.444 0.39 0.363 0.503 0.589 0.601 0.644 0.603 0.693 0.749 0.687 0.559
-9 -9 -9 -9 -9 -9 -9 0.459 0.457 0.404 0.327 0.192 0.106 0.087 0.1 0.122 0.14 0.165 0.162 0.149 -0.037 -0.2 -0.185 -0.109 -0.051 0.034 0.115 0.197 0.2 0.08 -0.08 -0.178 -0.249 -0.357 -0.497 -0.503 -0.327 -0.001 0.381 0.58 0.681 0.711 0.719 0.732 0.762 0.798 0.831 0.828 0.834 0.868 0.934 0.99 0.921 0.876 0.789 0.802 0.787 0.761 0.698 0.649 0.614 0.564 0.481 0.466 0.413 0.391 0.409 0.505 0.589 0.592 0.632 0.598 0.685 0.77 0.645 0.512
-9 -9 -9 -9 -9 -9 -9 0.426 0.404 0.406 0.225 0.146 0.156 0.107 0.108 0.136 0.136 0.119 0.129 0.089 -0.154 -0.161 -0.117 -0.046 0.042 0.108 0.189 0.204 0.023 -0.146 -0.201 -0.217 -0.331 -0.481 -0.538 -0.416 -0.239 0.008 0.447 0.642 0.691 0.705 0.701 0.736 0.767 0.784 0.831 0.856 0.871 0.891 0.935 1.011 0.94 0.871 0.79 0.803 0.791 0.744 0.676 0.638 0.612 0.548 0.506 0.45 0.377 0.347 0.388 0.484 0.57 0.593 0.622 0.609 0.696 0.764 0.61 0.525
-9 -9 -9 -9 -9 -9 -9 0.401 0.412 0.389 0.266 0.221 0.215 0.205 0.196 0.134 0.11 0.13 0.114 -0.084 -0.146 -0.083 -0.048 -0.009 0.068 0.166 0.183 0.054 -0.196 -0.252 -0.225 -0.311 -0.463 -0.497 -0.441 -0.319 -0.163 0.147 0.537 0.665 0.691 0.695 0.696 0.731 0.779 0.796 0.843 0.872 0.899 0.925 0.976 1.014 0.97 0.87 0.801 0.806 0.792 0.742 0.663 0.646 0.577 0.511 0.482 0.416 0.37 0.335 0.372 0.473 0.508 0.58 0.567 0.613 0.702 0.745 0.626 0.571
-9 -9 -9 -9 -9 -9 -9 0.392 0.378 0.307 0.27 0.236 0.278 0.255 0.171 0.114 0.118 0.134 -0.031 -0.102 -0.109 -0.07 -0.051 0.023 0.147 0.135 0.001 -0.109 -0.231 -0.216 -0.232 -0.395 -0.47 -0.416 -0.377 -0.231 0.07 0.427 0.627 0.678 0.687 0.686 0.701 0.734 0.791 0.82 0.855 0.886 0.937 0.969 1.004 1.024 0.973 0.897 0.839 0.821 0.793 0.75 0.667 0.621 0.528 0.452 0.435 0.429 0.385 0.35 0.39 0.466 0.46 0.532 0.561 0.609 0.717 0.741 0.661 0.58
-9 -9 -9 -9 -9 -9 -9 0.357 0.283 0.241 0.267 0.302 0.336 0.259 0.136 0.181 0.144 0.014 -0.08 -0.035 -0.032 -0.024 0.019 0.155 0.131 -0.03 -0.139 -0.21 -0.24 -0.217 -0.287 -0.429 -0.356 -0.296 -0.226 0.068 0.411 0.605 0.671 0.678 0.683 0.674 0.692 0.719 0.794 0.853 0.868 0.918 0.945 0.975 1.011 1.03 0.982 0.932 0.907 0.857 0.805 0.759 0.666 0.598 0.524 0.476 0.424 0.409 0.394 0.385 0.409 0.425 0.459 0.484 0.558 0.624 0.723 0.747 0.682 0.562
-9 -9 -9 -9 -9 -9 -9 0.233 0.231 0.2 0.237 0.382 0.363 0.265 0.262 0.227 0.039 -0.061 -0.056 -0.03 -0.021 0.01 0.157 0.093 -0.056 -0.131 -0.21 -0.19 -0.206 -0.278 -0.358 -0.369 -0.254 -0.175 0.117 0.425 0.592 0.659 0.676 0.663 0.686 0.67 0.696 0.736 0.808 0.883 0.896 0.93 0.927 0.983 0.99 1.033 1.008 0.967 0.966 0.907 0.832 0.761 0.701 0.615 0.544 0.51 0.441 0.423 0.417 0.389 0.375 0.406 0.481 0.5 0.534 0.634 0.712 0.728 0.713 0.62
-9 -9 -9 -9 -9 -9 -9 0.158 0.217 0.221 0.306 0.439 0.388 0.357 0.306 0.102 -0.066 -0.057 -0.041 -0.026 -0.015 0.105 0.08 -0.101 -0.164 -0.26 -0.233 -0.185 -0.24 -0.314 -0.254 -0.146 -0.099 0.089 0.409 0.577 0.637 0.665 0.642 0.65 0.673 0.666 0.719 0.772 0.832 0.912 0.915 0.917 0.927 0.987 0.982 1.017 1.042 1.025 1.011 0.956 0.876 0.788 0.738 0.659 0.603 0.548 0.49 0.469 0.456 0.407 0.402 0.449 0.522 0.543 0.571 0.637 0.661 0.715 0.718 0.657
-9 -9 -9 -9 -9 -9 -9 0.164 0.232 0.315 0.478 0.527 0.508 0.384 0.151 -0.026 -0.05 -0.046 -0.053 -0.014 0.1 0.086 -0.148 -0.227 -0.333 -0.318 -0.209 -0.193 -0.245 -0.162 -0.029 0.071 0.184 0.377 0.532 0.637 0.673 0.681 0.651 0.647 0.667 0.67 0.737 0.8 0.872 0.938 0.919 0.918 0.946 0.989 1.006 0.997 1.048 1.051 1.037 1.007 0.941 0.836 0.771 0.7 0.681 0.622 0.571 0.529 0.484 0.448 0.47 0.516 0.586 0.607 0.614 0.617 0.616 0.71 0.701 0.65
-9 -9 -9 -9 -9 -9 0.135 0.202 0.337 0.505 0.509 0.447 0.553 0.23 0.022 -0.028 -0.036 -0.063 -0.031 0.102 0.123 -0.098 -0.253 -0.36 -0.353 -0.222 -0.222 -0.315 -0.221 -0.039 0.085 0.152 0.234 0.404 0.572 0.665 0.69 0.703 0.692 0.679 0.729 0.745 0.759 0.834 0.909 0.936 0.949 0.952 0.96 1 1.03 1.045 1.071 1.049 1.058 1.041 0.999 0.92 0.835 0.777 0.752 0.689 0.664 0.559 0.506 0.486 0.529 0.575 0.631 0.641 0.626 0.615 0.637 0.667 0.656 0.633
-9 -9 -9 -9 -9 0.286 0.219 0.407 0.55 0.504 0.345 0.314 0.517 0.199 0.005 -0.044 -0.072 -0.024 0.12 0.135 -0.059 -0.221 -0.369 -0.365 -0.266 -0.163 -0.259 -0.329 -0.178 -0.016 0.195 0.221 0.303 0.52 0.603 0.677 0.705 0.734 0.734 0.706 0.776 0.808 0.833 0.91 0.927 0.933 0.986 1.01 1.026 1.065 1.079 1.06 1.08 1.057 1.066 1.077 1.052 0.999 0.933 0.873 0.839 0.805 0.759 0.647 0.61 0.566 0.585 0.588 0.619 0.635 0.639 0.631 0.614 0.482 0.608 0.592
-9 -9 -9 -9 -9 0.386 0.411 0.576 0.515 0.343 0.227 0.234 0.495 0.235 -0.026 -0.058 -0.017 0.119 0.174 -0.007 -0.251 -0.341 -0.378 -0.26 -0.164 -0.165 -0.251 -0.18 -0.011 0.176 0.343 0.413 0.5 0.576 0.64 0.671 0.696 0.709 0.778 0.805 0.8 0.874 0.919 0.956 0.953 0.965 1.025 1.051 1.092 1.111 1.108 1.098 1.08 1.077 1.098 1.102 1.095 1.073 1.032 0.982 0.973 0.959 0.902 0.842 0.732 0.625 0.588 0.496 0.552 0.638 0.671 0.643 0.501 0.372 0.584 0.554
-9 -9 -9 -9 -9 0.647 0.666 0.597 0.387 0.22 0.163 0.218 0.496 0.3 0.042 0.033 0.137 0.188 0.094 -0.177 -0.353 -0.391 -0.266 -0.143 -0.116 -0.201 -0.185 -0.012 0.166 0.327 0.375 0.46 0.563 0.604 0.653 0.67 0.683 0.732 0.78 0.881 0.89 0.917 0.927 0.985 0.991 1.017 1.049 1.082 1.112 1.113 1.113 1.111 1.103 1.103 1.103 1.099 1.098 1.098 1.095 1.086 1.084 1.082 1.062 1.025 0.873 0.665 0.61 0.544 0.523 0.675 0.692 0.638 0.407 0.309 0.549 0.579
-9 -9 -9 -9 -9 0.674 0.505 0.408 0.262 0.206 0.205 0.223 0.498 0.35 0.154 0.125 0.182 0.153 -0.086 -0.35 -0.362 -0.287 -0.165 -0.126 -0.067 -0.108 0.015 0.169 0.345 0.455 0.438 0.483 0.524 0.561 0.624 0.656 0.679 0.715 0.793 0.881 0.954 0.987 0.964 0.994 1.02 1.047 1.081 1.106 1.113 1.116 1.113 1.118 1.106 1.104 1.104 1.103 1.101 1.098 1.098 1.098 1.093 1.093 1.093 1.091 1.065 0.908 0.86 0.827 0.646 0.715 0.657 0.601 0.393 0.2 0.459 0.588
-9 -9 -9 -9 0.733 0.426 0.386 0.32 0.267 0.236 0.212 0.369 0.41 0.34 0.154 0.134 0.137 0.072 -0.23 -0.367 -0.319 -0.193 -0.142 -0.09 0.003 0.055 0.227 0.353 0.481 0.552 0.5 0.486 0.476 0.526 0.601 0.643 0.703 0.75 0.859 0.968 1.008 1.034 1.017 1.028 1.054 1.085 1.111 1.114 1.113 1.118 1.115 1.118 1.117 1.106 1.107 1.103 1.101 1.099 1.098 1.098 1.095 1.094 1.093 1.093 1.093 1.077 1.076 1.072 0.912 0.765 0.692 0.6 0.5 0.367 0.418 0.597
-9 -9 -9 -9 0.47 0.406 0.382 0.327 0.27 0.128 0.228 0.334 0.245 0.244 0.178 0.117 0.083 -0.015 -0.155 -0.272 -0.258 -0.211 -0.13 -0.002 0.089 0.225 0.358 0.486 0.557 0.622 0.58 0.505 0.529 0.615 0.723 0.802 0.88 0.945 1.012 1.041 1.053 1.066 1.064 1.073 1.086 1.106 1.114 1.115 1.113 1.117 1.118 1.115 1.118 1.113 1.108 1.103 1.103 1.103 1.099 1.098 1.098 1.098 1.095 1.095 1.094 1.094 1.098 1.098 1.081 0.966 0.916 0.802 0.698 0.687 0.719 0.814
-9 -9 -9 -9 0.465 0.414 0.336 0.297 0.144 0.089 0.078 0.178 0.119 0.125 0.174 0.121 0.01 -0.093 -0.135 -0.177 -0.189 -0.194 -0.096 0.067 0.169 0.246 0.439 0.587 0.636 0.683 0.628 0.583 0.678 0.814 0.924 1 1.053 1.082 1.095 1.096 1.096 1.096 1.101 1.112 1.118 1.12 1.116 1.113 1.115 1.116 1.118 1.115 1.116 1.118 1.113 1.105 1.103 1.103 1.101 1.1 1.1 1.1 1.1 1.101 1.099 1.101 1.099 1.099 1.099 1.095 1.094 1.083 1.053 1.04 1.029 1.02
-9 -9 -9 -9 0.457 0.363 0.266 0.206 0.083 -0.02 -0.065 -0.066 0.024 0.04 0.043 0.03 -0.031 -0.057 -0.012 -0.055 -0.087 -0.047 0.054 0.153 0.224 0.367 0.547 0.678 0.714 0.737 0.677 0.712 0.888 0.975 1.024 1.075 1.112 1.123 1.125 1.123 1.123 1.117 1.122 1.123 1.123 1.122 1.119 1.115 1.116 1.117 1.118 1.117 1.113 1.115 1.115 1.11 1.106 1.103 1.103 1.103 1.103 1.103 1.103 1.102 1.103 1.103 1.103 1.103 1.101 1.098 1.099 1.103 1.103 1.103 1.099 1.075
-9 -9 -9 -9 0.381 0.304 0.206 0.116 0.074 -0.031 -0.109 -0.161 -0.124 0.018 -0.089 -0.192 -0.063 -0.071 -0.163 -0.067 0.012 0.062 0.166 0.297 0.385 0.525 0.704 0.769 0.827 0.806 0.826 0.95 1.025 1.042 1.067 1.117 1.129 1.128 1.128 1.127 1.128 1.127 1.127 1.126 1.123 1.123 1.121 1.119 1.116 1.115 1.115 1.114 1.113 1.113 1.113 1.113 1.112 1.108 1.106 1.105 1.103 1.103 1.103 1.103 1.103 1.103 1.103 1.103 1.1 1.1 1.101 1.103 1.104 1.103 1.108 1.108
-9 -9 -9 0.382 0.317 0.249 0.169 0.106 0.052 -0.037 -0.146 -0.18 -0.079 -0.06 -0.188 -0.222 -0.119 -0.241 -0.371 -0.245 -0.141 0.007 0.205 0.491 0.692 0.767 0.848 0.882 0.894 0.946 0.999 1.052 1.07 1.07 1.115 1.136 1.137 1.133 1.128 1.128 1.128 1.128 1.128 1.128 1.127 1.127 1.123 1.122 1.121 1.118 1.116 1.116 1.113 1.113 1.113 1.113 1.113 1.113 1.111 1.11 1.106 1.106 1.103 1.103 1.103 1.103 1.103 1.105 1.105 1.104 1.104 1.105 1.108 1.108 1.113 1.114
-9 -9 -9 0.331 0.245 0.129 0.131 0.097 0.052 -0.026 -0.093 -0.088 -0.119 -0.186 -0.193 -0.143 -0.238 -0.399 -0.405 -0.348 -0.217 0.076 0.43 0.645 0.778 0.867 0.914 0.958 0.97 1.011 1.052 1.066 1.079 1.108 1.137 1.138 1.138 1.134 1.135 1.132 1.128 1.128 1.128 1.128 1.128 1.128 1.127 1.127 1.127 1.124 1.125 1.122 1.116 1.113 1.113 1.113 1.113 1.113 1.113 1.113 1.111 1.111 1.109 1.109 1.109 1.109 1.109 1.11 1.11 1.106 1.107 1.108 1.112 1.113 1.113 1.116
-9 -9 -9 0.291 0.175 0.115 0.119 0.071 0.022 -0.025 -0.049 -0.161 -0.241 -0.204 -0.063 -0.114 -0.216 -0.397 -0.337 -0.13 0.059 0.385 0.65 0.792 0.859 0.906 0.951 1.002 1.027 1.052 1.061 1.085 1.116 1.133 1.134 1.138 1.138 1.138 1.138 1.138 1.13 1.128 1.128 1.128 1.128 1.128 1.128 1.128 1.128 1.128 1.128 1.127 1.122 1.117 1.117 1.117 1.117 1.116 1.113 1.113 1.113 1.113 1.113 1.113 1.113 1.113 1.113 1.113 1.11 1.108 1.108 1.111 1.113 1.113 1.115 1.118
-9 -9 -9 0.278 0.195 0.113 0.072 0.054 -0.013 0.007 -0.145 -0.254 -0.244 -0.076 0.003 -0.13 -0.229 -0.283 -0.19 0.035 0.339 0.661 0.803 0.883 0.921 0.956 0.991 1.018 1.039 1.072 1.088 1.093 1.122 1.133 1.133 1.137 1.138 1.138 1.138 1.138 1.138 1.132 1.128 1.128 1.128 1.128 1.128 1.128 1.128 1.128 1.128 1.128 1.127 1.127 1.126 1.126 1.12 1.118 1.117 1.117 1.117 1.113 1.113 1.113 1.113 1.113 1.113 1.111 1.109 1.112 1.112 1.113 1.113 1.116 1.118 1.117
-9 -9 -9 -9 0.126 0.08 0.086 0.068 0.016 -0.029 -0.179 -0.148 -0.04 0.065 -0.083 -0.189 -0.257 -0.181 -0.03 0.209 0.578 0.813 0.893 0.923 0.952 0.981 1.005 1.026 1.052 1.079 1.097 1.109 1.135 1.133 1.133 1.133 1.133 1.137 1.138 1.138 1.138 1.138 1.138 1.132 1.129 1.128 1.128 1.128 1.128 1.128 1.128 1.128 1.128 1.128 1.128 1.119 1.116 1.108 1.095 1.081 1.092 1.088 1.053 0.97 0.801 0.893 0.924 1.03 1.097 1.117 1.117 1.113 1.117 1.119 1.119 1.122
-9 -9 -9 -9 0.151 0.177 0.136 0.064 -0.026 -0.109 -0.121 0.032 0.185 0.075 -0.138 -0.255 -0.23 -0.079 0.104 0.47 0.754 0.893 0.933 0.946 0.972 0.999 1.03 1.054 1.076 1.098 1.131 1.131 1.142 1.136 1.135 1.134 1.134 1.133 1.133 1.137 1.138 1.138 1.138 1.139 1.138 1.13 1.129 1.125 1.108 1.111 1.107 1.122 1.099 1.065 1.02 0.991 0.974 0.975 0.976 0.952 0.926 0.891 0.816 0.623 0.383 0.445 0.438 0.57 0.81 0.984 1.087 1.113 1.121 1.126 1.129 1.131
-9 -9 -9 -9 0.251 0.196 0.05 0.034 -0.022 -0.071 -0.058 0.185 0.153 -0.1 -0.297 -0.295 -0.204 0.028 0.392 0.697 0.861 0.914 0.959 0.979 1.007 1.031 1.06 1.081 1.103 1.136 1.148 1.145 1.143 1.14 1.142 1.14 1.138 1.135 1.135 1.134 1.137 1.138 1.138 1.141 1.139 1.143 1.139 1.111 1.098 1.097 1.054 0.977 0.923 0.874 0.827 0.775 0.752 0.755 0.731 0.66 0.576 0.51 0.429 0.362 0.241 0.099 0 0.087 0.164 0.491 0.579 0.838 0.944 1.039 1.099 1.093
-9 -9 -9 -9 0.297 0.073 0.04 0.038 0.005 0.047 0.187 0.056 -0.156 -0.241 -0.267 -0.192 -0.128 0.254 0.646 0.855 0.911 0.936 0.989 1.01 1.022 1.042 1.064 1.102 1.131 1.145 1.148 1.148 1.145 1.144 1.141 1.137 1.134 1.138 1.138 1.138 1.138 1.138 1.138 1.14 1.142 1.138 1.127 1.078 1.064 1.043 0.923 0.833 0.748 0.673 0.617 0.564 0.539 0.539 0.509 0.471 0.428 0.284 0.033 0.132 -0.115 -0.437 -0.567 -0.522 -0.406 -0.135 -0.179 0.311 0.473 0.616 0.779 0.928
-9 -9 -9 -9 -9 -0.003 -0.044 -0.04 0.12 0.21 -0.078 -0.233 -0.051 -0.003 0.209 0.15 0.251 0.435 0.751 0.892 0.944 0.986 1.012 1.01 1.02 1.049 1.077 1.126 1.146 1.143 1.145 1.145 1.147 1.133 1.12 1.102 1.105 1.138 1.14 1.138 1.138 1.138 1.138 1.136 1.128 1.104 1.069 1.036 1.022 0.971 0.861 0.75 0.684 0.6 0.548 0.515 0.479 0.473 0.438 0.397 0.347 0.122 0.03 -0.059 -0.304 -0.422 -0.57 -0.775 -0.664 -0.389 0.033 0.386 0.077 -0.113 -0.029 0.343
-9 -9 -9 -9 -9 -9 -0.102 -0.012 0.263 -0.05 -0.356 -0.204 0.208 0.355 0.505 0.55 0.592 0.578 0.761 0.765 0.957 1.012 1.017 1.01 1.034 1.067 1.117 1.145 1.145 1.146 1.143 1.143 1.121 1.096 1.076 1.06 1.07 1.126 1.145 1.143 1.141 1.133 1.116 1.108 1.087 1.054 1.029 0.986 0.93 0.88 0.907 0.767 0.678 0.582 0.531 0.488 0.461 0.433 0.396 0.394 0.368 0.289 0.261 0.121 -0.002 -0.251 -0.689 -0.671 -0.347 -0.082 -0.129 -0.089 -0.611 -0.849 -0.661 -0.107
-9 -9 -9 -9 -9 -9 -0.069 0.165 0.15 -0.288 -0.432 0.144 0.499 0.606 0.697 0.763 0.78 0.765 0.719 0.864 0.993 1.014 1.011 1.02 1.056 1.106 1.144 1.148 1.147 1.148 1.146 1.13 1.086 1.068 1.058 1.061 1.076 1.113 1.143 1.148 1.142 1.111 1.076 1.056 1.038 1.021 0.991 0.931 0.862 0.799 0.841 0.816 0.735 0.641 0.547 0.463 0.422 0.415 0.438 0.396 0.261 0.161 0.048 0.044 -0.036 -0.514 -0.894 -0.784 -0.634 -0.501 -0.737 -0.806 -0.962 -0.867 -0.528 -0.068
-9 -9 -9 -9 -9 -9 0.091 0.23 -0.157 -0.393 -0.323 0.196 0.298 0.643 0.794 0.846 0.841 0.732 0.77 0.954 1.005 1.013 1.008 1.047 1.078 1.127 1.148 1.148 1.148 1.148 1.145 1.098 1.054 1.058 1.062 1.079 1.091 1.117 1.134 1.138 1.126 1.079 1.059 1.022 0.98 0.968 0.933 0.893 0.838 0.797 0.735 0.695 0.708 0.765 -9 -9 -9 0.519 0.543 0.41 0.183 -0.013 -0.254 -0.243 -0.319 -0.568 -0.728 -0.914 -0.864 -0.868 -1.039 -0.967 -0.86 -0.621 -0.394 -0.223
-9 -9 -9 -9 -0.026 0.062 0.305 0.095 -0.305 -0.486 -0.272 -0.018 0.325 0.746 0.855 0.89 0.864 0.839 0.91 0.978 1.013 0.998 1.032 1.066 1.099 1.132 1.148 1.148 1.148 1.148 1.122 1.072 1.049 1.062 1.075 1.095 1.09 1.108 1.115 1.107 1.075 1.04 1.026 1.003 0.938 0.846 0.85 0.861 0.828 0.73 0.603 0.334 -9 -9 -9 -9 -9 0.534 0.528 0.516 0.469 0.322 -0.014 -0.201 -0.414 -0.575 -0.616 -0.731 -0.654 -0.637 -1.152 -1.111 -0.888 -0.65 -0.331 0.031
