data/climatemaps/RS_maps/climate_postbreed_tmp_1999.asc
NCOLS 369 
NROWS 228 
XLLCORNER 479000 
YLLCORNER 73000 
CELLSIZE 1000 
NODATA_value -9 
[rows 170 to 203 of 228, columns 231 to 307 of 369]
-1.119 -0.989 -0.872 -0.853 -0.34 -0.24 0.187 0.871 1.254 0.857 0.156 -0.283 -0.548 -0.654 -0.885 -1.429 -1.261 -0.72 -0.04 0.172 -0.48 -1.182 -1.027 -0.407 0.581 1.061 0.499 -0.104 -0.262 -0.502 -0.287 -1.084 -1.332 -1.057 -0.614 -0.187 0.044 0.435 0.715 1.235 1.34 0.989 0.434 0.102 0.055 -0.143 0.009 -0.339 -0.584 -0.497 -0.602 -0.817 -1.194 -1.405 -1.034 -1.094 -0.956 -1.34 -1.905 -1.495 -1.627 -2.143 -2.386 -1.879 -1.94 -2.27 -1.848 -1.368 -0.837 -0.742 -1.099 -1.41 -1.111 -0.542 -0.271 -0.456 -0.784
-1.047 -1.22 -1.123 -0.883 -0.628 -0.735 -0.139 0.649 1.225 1.137 0.469 -0.14 -0.275 -0.769 -1.075 -1.408 -1.029 -0.497 0.182 0.146 -0.507 -1.086 -0.383 0.155 1.048 0.946 0.188 -0.341 -0.146 -0.806 -0.329 -0.926 -1.102 -0.699 -0.555 -0.101 0.414 0.805 1.186 1.377 1.283 0.921 0.461 0.008 -0.437 -0.785 -0.473 -0.538 -1.008 -1.151 -1.2 -1.213 -1.171 -1.475 -1.651 -1.85 -1.809 -1.851 -1.984 -1.629 -1.703 -1.947 -2.244 -2.121 -2.102 -2.166 -1.665 -1.197 -1.059 -1.179 -1.107 -1.587 -1.425 -0.951 -0.299 -0.297 -0.758
-1.001 -1 -1.007 -1.137 -0.856 -0.609 -0.109 0.526 1.114 1.24 0.735 0.084 -0.462 -1.02 -1.447 -1.256 -0.925 -0.469 0.164 0.267 -0.424 -0.914 -0.087 0.774 1.149 0.643 -0.117 -0.641 -0.182 -0.845 -0.537 -1.012 -0.981 -0.58 -0.29 -0.206 0.342 0.901 1.323 1.414 1.284 0.861 0.402 -0.025 -0.379 -0.868 -0.994 -0.918 -1.248 -1.583 -1.266 -0.825 -0.761 -1.372 -1.87 -1.85 -1.883 -2.1 -2.12 -1.992 -1.778 -1.396 -1.746 -1.951 -2.067 -2.076 -1.731 -1.485 -1.697 -1.547 -1.255 -1.821 -1.607 -1.267 -0.428 -0.022 -0.38
-0.699 -0.467 -0.888 -0.89 -0.444 -0.099 0.156 0.278 0.967 1.282 1.025 0.424 -0.225 -0.765 -1.226 -0.945 -0.677 -0.551 -0.033 0.44 -0.418 -0.414 0.08 0.969 1.013 0.23 -0.521 -0.982 -0.505 -0.814 -0.91 -1.008 -0.701 -0.402 -0.194 -0.049 0.329 0.709 1.286 1.441 1.421 1.102 0.344 -0.296 -0.69 -1.006 -1.097 -1.15 -1.214 -1.331 -0.983 -0.403 -0.739 -1.639 -1.725 -1.462 -1.374 -1.789 -1.708 -1.761 -1.418 -1.031 -1.221 -1.351 -1.493 -1.709 -1.994 -2.072 -2.262 -1.89 -1.558 -1.725 -1.538 -1.15 -0.462 0.151 0.183
-0.198 -0.461 -0.978 -0.819 -0.501 -0.133 -0.092 -0.127 0.853 1.29 1.258 0.771 0.25 -0.169 -0.847 -0.88 -0.543 -0.054 0.346 0.181 -0.396 0.002 0.578 1.166 0.701 -0.098 -0.764 -1.005 -0.913 -0.956 -1.1 -0.709 -0.444 -0.257 -0.074 0.026 0.41 0.499 1.013 1.445 1.46 1.33 0.616 -0.061 -0.679 -0.978 -0.864 -0.664 -0.609 -0.686 -0.548 -0.193 -0.747 -1.509 -1.404 -1.041 -1.11 -1.601 -1.229 -1.281 -1.139 -0.743 -0.587 -0.792 -1.004 -1.45 -1.973 -2.409 -2.525 -2.085 -1.896 -1.62 -1.221 -0.738 -0.279 0.295 0.295
-0.244 -0.746 -1.02 -1.135 -0.74 -0.127 -0.447 -0.304 0.487 1.169 1.306 1.111 0.662 0.004 -0.635 -0.977 -0.511 0.027 0.548 0.018 -0.051 0.326 0.895 1.183 0.52 -0.017 -0.189 -0.402 -0.943 -1.123 -0.871 -0.238 -0.08 0.103 0.151 0.275 0.116 0.088 0.763 1.403 1.473 1.454 1.018 0.237 -0.135 -0.637 -0.533 -0.06 0.064 0.018 0.008 -0.15 -0.812 -1.328 -1.245 -0.713 -1.053 -1.405 -0.795 -0.662 -0.5 -0.182 -0.2 -0.645 -1.047 -1.532 -1.894 -2.156 -2.228 -2.057 -1.866 -1.382 -0.981 -0.577 -0.198 0.404 0.08
-0.089 -0.332 -0.602 -1.118 -0.664 -0.456 -0.334 0.234 0.463 0.873 1.284 1.299 0.97 0.421 -0.225 -0.611 -0.603 -0.113 0.445 0.577 0.512 0.63 1.11 1.043 0.313 -0.124 -0.279 -0.108 -0.542 -0.969 -0.47 -0.181 -0.465 -0.021 -0.219 -0.006 -0.303 0.077 0.759 1.271 1.478 1.491 1.412 0.979 0.413 -0.145 -0.172 0.286 -0.232 -0.5 -0.704 -0.588 -0.983 -1.354 -0.95 -0.363 -0.552 -0.81 -0.437 0.088 0.007 -0.27 -0.719 -1.097 -1.482 -1.6 -1.634 -1.914 -1.752 -1.723 -1.631 -1.348 -0.963 -0.515 -0.302 0.377 0.126
-0.121 -0.244 -0.278 -0.885 -1.07 -0.645 -0.016 -0.065 -0.124 0.393 1.126 1.313 1.193 0.738 0.088 0.028 -0.057 0.081 0.345 0.648 0.876 1.044 1.207 0.838 0.047 -0.46 -0.748 -0.414 -0.268 -0.823 -0.301 -0.556 -0.606 -0.215 -0.592 -0.368 -0.445 0.202 0.448 0.983 1.415 1.495 1.494 1.398 0.777 0.105 0.147 0.277 -0.642 -0.956 -1.303 -1.178 -1.313 -1.289 -0.738 -0.262 -0.024 0.011 0.203 0.279 -0.499 -1.004 -1.226 -1.356 -1.435 -1.299 -1.586 -1.904 -1.506 -1.327 -1.218 -1.073 -0.786 -0.383 -0.066 0.369 0.402
-0.682 -0.869 -0.781 -0.731 -0.922 -0.403 -0.326 -0.417 -0.487 0.135 0.86 1.26 1.313 0.846 0.213 0.638 0.737 0.805 0.917 0.938 1.047 1.213 1.004 0.533 -0.038 -0.461 -0.858 -0.83 -0.521 -0.849 -0.554 -0.932 -0.773 -0.709 -0.957 -0.755 -0.685 -0.302 0.008 0.639 1.19 1.501 1.502 1.488 0.96 0.185 0.503 0.361 -0.153 -0.616 -1.348 -1.672 -1.742 -1.507 -1.031 -0.84 -0.331 -0.163 0.213 0.367 -0.585 -1.18 -1.163 -1.147 -1.083 -1.278 -1.666 -1.732 -1.435 -1.39 -1.232 -1.114 -1.005 -0.634 -0.373 -9 -9
-0.361 -0.781 -1.077 -1.045 -0.974 -0.878 -0.642 -0.751 -0.376 0.112 0.509 1.052 1.334 1.131 0.734 1.118 1.22 1.261 1.28 1.241 1.197 0.889 0.406 0.159 -0.029 -0.283 -0.896 -1.16 -0.92 -0.922 -0.797 -0.777 -0.673 -0.738 -0.92 -0.931 -0.808 -0.839 -0.301 0.429 0.923 1.327 -9 1.513 1.38 0.802 0.786 0.381 -0.273 -0.845 -1.476 -1.37 -1.384 -1.677 -1.456 -1.225 -0.954 -0.936 -0.119 0.511 -0.267 -0.607 -0.537 -0.653 -0.965 -1.241 -1.525 -1.632 -1.255 -1.456 -1.389 -1.366 -1.18 -0.95 -0.785 -9 -9
0.207 -0.245 -0.651 -0.664 -0.756 -1.025 -0.862 -0.799 -0.33 0.04 0.332 0.792 1.241 1.327 1.224 1.15 0.983 0.954 0.935 0.905 0.888 0.763 0.354 -0.104 -0.385 -0.427 -0.779 -1.131 -0.687 -0.725 -0.467 -0.225 -0.088 -0.225 -0.632 -0.555 -0.49 -0.989 -0.495 0.167 0.23 0.521 -9 -9 1.499 1.42 1.001 0.523 0.032 -0.559 -1.119 -0.925 -1.01 -1.501 -1.371 -1.309 -1.212 -0.909 -0.173 0.583 0.106 -0.2 -0.605 -0.748 -0.82 -1.103 -1.219 -1.389 -1.121 -1.106 -1.181 -1.115 -1.253 -1.297 -9 -9 -9
0.557 0.128 -0.137 -0.309 -0.585 -0.788 -0.516 -0.381 -0.156 0.172 0.437 0.797 1.178 1.347 1.206 0.833 0.415 0.26 0.25 0.269 0.497 0.618 0.554 0.105 -0.5 -0.908 -1.011 -0.99 -0.329 -0.579 -0.402 -0.365 -0.182 0.157 -0.468 -0.168 -0.487 -0.713 -0.496 -0.306 -0.34 -9 -9 -9 -9 -9 1.007 0.24 -0.02 -0.279 -0.522 -0.592 -0.941 -1.46 -1.281 -1.022 -0.812 -0.526 0.147 0.574 -0.048 -0.24 -0.44 -0.467 -0.285 -0.442 -0.757 -0.776 -0.757 -0.64 -0.879 -0.565 -9 -9 -9 -9 -9
0.306 0.088 -0.119 -0.298 -0.319 -0.527 -0.172 0.112 -0.088 0.088 0.501 1.061 1.31 1.266 0.827 0.65 0.461 0.213 -0.098 -0.208 0.116 0.063 0.322 0.269 -0.198 -0.673 -0.85 -0.71 -0.158 -0.539 -0.82 -0.688 -0.184 0.359 0.138 0.164 -0.314 -0.129 -0.099 0.038 -0.103 -9 -9 -9 -9 -9 -9 0.381 0.179 -0.129 -0.444 -0.744 -1.166 -1.536 -1.407 -0.967 -0.503 -0.08 0.48 0.292 -0.116 0.194 0.055 0.063 0.289 0.16 -0.235 -0.232 -0.175 -0.191 -0.374 -9 -9 -9 -9 -9 -9
0.333 0.04 -0.116 -0.041 0.136 -0.177 -0.05 0.383 0.433 0.514 0.849 1.33 1.365 1.105 0.433 0.207 0.288 0.267 0.083 -0.333 -0.35 -0.247 -0.05 0.112 -0.279 -0.674 -0.346 -0.012 0.129 -0.37 -0.408 -0.228 0.156 0.568 0.687 0.528 0.086 0.305 0.225 0.433 0.315 -9 -9 -9 -9 -9 -9 -9 -9 -9 -9 -1.095 -1.278 -1.313 -1.067 -0.989 -0.536 0.162 0.728 0.223 0.356 0.66 0.614 0.649 0.747 0.434 0.052 -9 -9 -9 -9 -9 -9 -9 -9 -9 -9
0.574 0.516 0.413 0.482 0.486 0.265 0.329 0.505 0.793 1.068 1.228 1.385 1.302 0.979 0.396 -0.104 -0.148 -0.117 -0.11 -0.382 -0.73 -0.479 -0.343 -0.281 -0.284 -0.797 -0.549 0.059 0.407 0.045 0.06 0.211 0.182 0.538 0.915 0.699 0.301 0.658 0.592 0.831 0.845 -9 -9 -9 -9 -9 -9 -9 -9 -9 -9 -9 -9 -9 -9 -9 -0.225 0.383 0.905 0.517 0.892 1.1 -9 -9 -9 -9 -9 -9 -9 -9 -9 -9 -9 -9 -9 -9 -9
1.121 1.036 0.942 0.983 0.948 0.823 0.908 0.978 1.156 1.346 1.383 1.387 1.195 0.859 0.4 0.016 -0.049 -0.18 -0.337 -0.468 -0.699 -0.712 -0.499 -0.645 -0.544 -0.798 -0.34 0.167 0.567 0.275 0.337 0.584 0.276 0.462 0.923 0.83 0.512 0.941 1.186 1.275 -9 -9 -9 -9 -9 -9 -9 -9 -9 -9 -9 -9 -9 -9 -9 -9 -9 -9 -9 -9 -9 -9 -9 -9 -9 -9 -9 -9 -9 -9 -9 -9 -9 -9 -9 -9 -9
1.381 1.354 1.323 1.327 1.329 1.295 1.319 1.34 1.38 1.405 1.395 1.352 1.136 0.816 0.577 0.541 0.499 0.319 0.167 0.039 -0.173 -0.498 -0.788 -0.897 -0.709 -0.331 0.018 0.359 0.678 0.593 0.612 0.847 0.691 0.792 0.94 1.062 0.925 1.315 1.473 -9 -9 -9 -9 -9 -9 -9 -9 -9 -9 -9 -9 -9 -9 -9 -9 -9 -9 -9 -9 -9 -9 -9 -9 -9 -9 -9 -9 -9 -9 -9 -9 -9 -9 -9 -9 -9 -9
1.399 1.401 1.402 1.402 1.407 1.411 1.407 1.407 1.408 1.408 1.377 1.211 0.938 0.898 0.811 0.716 0.465 0.395 0.215 0.08 -0.251 -0.376 -0.541 -0.507 -0.34 -0.055 0.173 0.331 0.465 0.728 0.843 0.95 1.072 1.04 0.988 1.273 1.362 1.508 1.529 -9 -9 -9 -9 -9 -9 -9 -9 -9 -9 -9 -9 -9 -9 -9 -9 -9 -9 -9 -9 -9 -9 -9 -9 -9 -9 -9 -9 -9 -9 -9 -9 -9 -9 -9 -9 -9 -9
1.402 1.404 1.402 1.407 1.419 1.415 1.417 1.399 1.39 1.315 1.124 0.818 0.441 0.27 0.2 0.359 0.096 -0.135 -0.336 -0.053 -0.447 -0.417 -0.074 -0.078 -0.147 -0.142 -0.076 -0.023 0.117 0.407 0.626 0.795 1.158 1.337 1.322 1.438 1.517 1.529 -9 -9 -9 -9 -9 -9 -9 -9 -9 -9 -9 -9 -9 -9 -9 -9 -9 -9 -9 -9 -9 -9 -9 -9 -9 -9 -9 -9 -9 -9 -9 -9 -9 -9 -9 -9 -9 -9 -9
1.186 1.077 1.193 1.179 1.242 1.254 1.244 1.113 0.991 0.887 0.588 0.291 -0.048 -0.129 -0.252 -0.18 0.161 -0.12 -0.508 -0.281 -0.51 -0.185 0.063 0.233 0.26 0.252 0.237 0.148 0.309 0.494 0.67 0.926 1.274 1.494 1.523 1.524 1.529 -9 -9 -9 -9 -9 -9 -9 -9 -9 -9 -9 -9 -9 -9 -9 -9 -9 -9 -9 -9 -9 -9 -9 -9 -9 -9 -9 -9 -9 -9 -9 -9 -9 -9 -9 -9 -9 -9 -9 -9
0.515 0.497 0.887 0.959 0.918 0.656 0.724 0.639 0.53 0.473 0.576 0.412 0.142 -0.143 -0.478 -0.617 -0.291 -0.239 -0.605 -0.513 -0.52 -0.45 -0.238 0.031 0.278 0.428 0.599 0.629 0.763 0.927 1.022 1.221 1.462 1.527 1.529 1.528 1.53 -9 -9 -9 -9 -9 -9 -9 -9 -9 -9 -9 -9 -9 -9 -9 -9 -9 -9 -9 -9 -9 -9 -9 -9 -9 -9 -9 -9 -9 -9 -9 -9 -9 -9 -9 -9 -9 -9 -9 -9
-0.034 0.402 0.427 0.748 1.065 0.632 0.305 0.472 0.497 0.695 0.535 0.43 0.29 -0.025 -0.33 -0.523 -0.574 -0.478 -0.569 -0.328 -0.31 -0.606 -0.524 -0.31 -0.193 0.021 0.344 0.545 0.694 0.796 0.821 1.13 1.493 1.529 1.519 1.486 1.526 -9 -9 -9 -9 -9 -9 -9 -9 -9 -9 -9 -9 -9 -9 -9 -9 -9 -9 -9 -9 -9 -9 -9 -9 -9 -9 -9 -9 -9 -9 -9 -9 -9 -9 -9 -9 -9 -9 -9 -9
-0.06 0.247 0.006 0.538 1.044 0.912 0.62 0.733 0.668 0.613 0.195 0.071 0.092 -0.011 -0.117 -0.364 -0.647 -0.486 -0.285 0.029 -0.081 -0.415 -0.582 -0.533 -0.526 -0.422 -0.089 0.108 0.167 0.361 0.749 1.255 1.522 1.539 1.519 1.389 -9 -9 -9 -9 -9 -9 -9 -9 -9 -9 -9 -9 -9 -9 -9 -9 -9 -9 -9 -9 -9 -9 -9 -9 -9 -9 -9 -9 -9 -9 -9 -9 -9 -9 -9 -9 -9 -9 -9 -9 -9
-0.134 -0.174 -0.077 0.467 0.918 1.109 0.894 0.758 0.691 0.376 0.028 -0.212 -0.123 -0.153 -0.039 -0.118 -0.489 -0.339 -0.056 0.295 0.194 -0.164 -0.211 -0.238 -0.429 -0.51 -0.507 -0.336 -0.284 0.27 0.828 1.315 1.531 1.542 1.54 -9 -9 -9 -9 -9 -9 -9 -9 -9 -9 -9 -9 -9 -9 -9 -9 -9 -9 -9 -9 -9 -9 -9 -9 -9 -9 -9 -9 -9 -9 -9 -9 -9 -9 -9 -9 -9 -9 -9 -9 -9 -9
-0.329 -0.242 -0.074 0.455 0.918 1.09 0.701 0.533 0.572 0.177 -0.01 -0.127 0.04 0.104 0.287 0.277 -0.17 -0.269 0.083 0.429 0.373 0.036 0.177 0.027 0.002 -0.345 -0.52 -0.577 -0.36 0.158 0.698 1.279 1.517 1.542 1.532 -9 -9 -9 -9 -9 -9 -9 -9 -9 -9 -9 -9 -9 -9 -9 -9 -9 -9 -9 -9 -9 -9 -9 -9 -9 -9 -9 -9 -9 -9 -9 -9 -9 -9 -9 -9 -9 -9 -9 -9 -9 -9
-0.232 0.076 0.266 0.744 1.149 0.94 0.542 0.549 0.754 0.306 0.227 0.247 0.35 0.489 0.552 0.478 0.156 -0.115 0.183 0.521 0.612 0.399 0.504 0.364 0.138 -0.149 -0.047 -0.302 -0.271 0.272 0.784 1.29 1.519 1.541 -9 -9 -9 -9 -9 -9 -9 -9 -9 -9 -9 -9 -9 -9 -9 -9 -9 -9 -9 -9 -9 -9 -9 -9 -9 -9 -9 -9 -9 -9 -9 -9 -9 -9 -9 -9 -9 -9 -9 -9 -9 -9 -9
-0.254 -0.008 0.491 0.852 1.192 0.924 0.643 0.629 0.89 0.563 0.568 0.677 0.683 0.653 0.517 0.462 0.124 -0.005 0.214 0.345 0.552 0.785 0.776 0.564 0.069 0.221 0.089 -0.291 -0.198 0.349 0.828 1.247 -9 -9 -9 -9 -9 -9 -9 -9 -9 -9 -9 -9 -9 -9 -9 -9 -9 -9 -9 -9 -9 -9 -9 -9 -9 -9 -9 -9 -9 -9 -9 -9 -9 -9 -9 -9 -9 -9 -9 -9 -9 -9 -9 -9 -9
-0.047 0.079 0.327 0.724 1.125 1.173 0.904 0.859 0.984 0.868 0.827 0.759 0.593 0.394 0.296 0.242 -0.009 0.102 0.388 0.434 0.298 0.722 0.794 0.372 0.26 0.527 0.296 -0.042 0.195 0.462 0.922 -9 -9 -9 -9 -9 -9 -9 -9 -9 -9 -9 -9 -9 -9 -9 -9 -9 -9 -9 -9 -9 -9 -9 -9 -9 -9 -9 -9 -9 -9 -9 -9 -9 -9 -9 -9 -9 -9 -9 -9 -9 -9 -9 -9 -9 -9
0.136 0.36 0.226 0.657 1.125 1.271 1.141 1.058 1.075 0.994 0.851 0.809 0.569 0.257 0.046 -0.093 -0.185 0.001 0.278 0.552 0.494 0.685 0.779 0.217 0.432 0.621 0.186 0.05 0.457 0.821 -9 -9 -9 -9 -9 -9 -9 -9 -9 -9 -9 -9 -9 -9 -9 -9 -9 -9 -9 -9 -9 -9 -9 -9 -9 -9 -9 -9 -9 -9 -9 -9 -9 -9 -9 -9 -9 -9 -9 -9 -9 -9 -9 -9 -9 -9 -9
0.267 0.563 0.394 0.742 1.201 1.249 1.219 1.068 1.129 1.119 0.947 0.698 0.316 0.206 0.244 0.01 -0.019 0.296 0.497 0.771 0.736 1.009 1.032 0.773 0.698 0.804 0.772 0.541 0.814 -9 -9 -9 -9 -9 -9 -9 -9 -9 -9 -9 -9 -9 -9 -9 -9 -9 -9 -9 -9 -9 -9 -9 -9 -9 -9 -9 -9 -9 -9 -9 -9 -9 -9 -9 -9 -9 -9 -9 -9 -9 -9 -9 -9 -9 -9 -9 -9
0.393 0.683 0.699 0.828 1.263 1.279 1.209 1.038 1.244 1.202 0.958 0.526 0.293 0.489 0.523 0.514 0.5 0.23 0.45 0.931 1.133 1.26 1.315 1.293 1.147 0.948 1.028 0.904 1.058 -9 -9 -9 -9 -9 -9 -9 -9 -9 -9 -9 -9 -9 -9 -9 -9 -9 -9 -9 -9 -9 -9 -9 -9 -9 -9 -9 -9 -9 -9 -9 -9 -9 -9 -9 -9 -9 -9 -9 -9 -9 -9 -9 -9 -9 -9 -9 -9
0.681 0.831 0.747 0.873 1.291 1.344 1.239 1.154 1.314 1.171 0.773 0.384 0.506 0.799 1.007 1.038 0.793 0.449 0.805 1.23 1.415 1.409 1.369 1.362 1.345 1.257 1.159 1.136 1.185 -9 -9 -9 -9 -9 -9 -9 -9 -9 -9 -9 -9 -9 -9 -9 -9 -9 -9 -9 -9 -9 -9 -9 -9 -9 -9 -9 -9 -9 -9 -9 -9 -9 -9 -9 -9 -9 -9 -9 -9 -9 -9 -9 -9 -9 -9 -9 -9
0.9 0.887 0.703 0.996 1.32 1.368 1.231 1.252 1.354 1.083 0.507 0.239 0.599 0.898 1.212 1.271 1.11 1.137 1.353 1.446 1.357 1.207 0.998 0.95 1.058 1.218 1.261 1.277 -9 -9 -9 -9 -9 -9 -9 -9 -9 -9 -9 -9 -9 -9 -9 -9 -9 -9 -9 -9 -9 -9 -9 -9 -9 -9 -9 -9 -9 -9 -9 -9 -9 -9 -9 -9 -9 -9 -9 -9 -9 -9 -9 -9 -9 -9 -9 -9 -9
0.956 0.743 0.867 1.208 1.382 1.358 1.246 1.351 1.364 1.018 0.571 0.654 1.137 1.385 1.433 1.433 1.442 1.444 1.428 1.335 0.941 0.723 0.381 0.279 0.529 0.733 0.961 1.144 -9 -9 -9 -9 -9 -9 -9 -9 -9 -9 -9 -9 -9 -9 -9 -9 -9 -9 -9 -9 -9 -9 -9 -9 -9 -9 -9 -9 -9 -9 -9 -9 -9 -9 -9 -9 -9 -9 -9 -9 -9 -9 -9 -9 -9 -9 -9 -9 -9
