data/climatemaps/RS_maps/climate_winter_pr_2011.asc
NCOLS 369 
NROWS 228 
XLLCORNER 479000 
YLLCORNER 73000 
CELLSIZE 1000 
NODATA_value -9 
[rows 70 to 104 of 228, columns 234 to 311 of 369]
1.339 1.351 1.349 1.356 1.388 1.437 1.508 1.61 1.783 2.055 2.375 2.631 2.976 3.131 2.967 2.699 2.684 2.417 2.131 1.914 1.728 1.666 1.859 2.148 2.535 2.627 2.738 2.79 2.614 2.464 2.494 2.421 2.38 2.35 2.218 2.061 1.762 1.406 1.089 0.903 0.788 0.703 0.63 0.565 0.512 0.478 0.492 0.605 0.854 1.113 1.124 1.016 1 0.922 0.847 0.794 0.774 -9 -9 -9 -9 -9 -9 -9 -9 -9 -9 -9 -9 -9 -9 -9 -9 -9 -9 -9 -9 -9
1.368 1.354 1.344 1.345 1.364 1.397 1.443 1.499 1.617 1.896 2.267 2.53 2.809 3.105 3.048 3.008 2.906 2.581 2.468 2.256 1.992 1.826 1.851 2.206 2.442 2.536 2.556 2.512 2.368 2.292 2.246 2.182 2.096 2.032 1.943 1.795 1.558 1.264 1.006 0.861 0.763 0.683 0.608 0.539 0.485 0.472 0.544 0.786 1.131 1.345 1.229 1.187 1.262 1.19 1.069 0.966 -9 -9 -9 -9 -9 -9 -9 -9 -9 -9 -9 -9 -9 -9 -9 -9 -9 -9 -9 -9 -9 -9
1.378 1.354 1.355 1.359 1.373 1.404 1.459 1.456 1.537 1.734 2.114 2.489 2.682 3.039 3.205 3.27 3.081 2.82 2.547 2.314 2.225 2.113 2.017 2.221 2.334 2.372 2.29 2.303 2.284 2.273 2.236 2.21 2.136 2.03 1.883 1.69 1.447 1.196 0.973 0.843 0.748 0.667 0.59 0.52 0.475 0.489 0.667 0.993 1.407 1.492 1.359 1.384 1.545 1.483 1.307 1.183 -9 -9 -9 -9 -9 -9 -9 -9 -9 -9 -9 -9 -9 -9 -9 -9 -9 -9 -9 -9 -9 -9
1.403 1.389 1.391 1.393 1.404 1.452 1.496 1.445 1.484 1.611 1.966 2.389 2.791 3.011 3.37 3.313 3.101 2.921 2.769 2.678 2.744 2.596 2.51 2.31 2.287 2.327 2.439 2.537 2.525 2.498 2.451 2.448 2.363 2.235 2.056 1.809 1.516 1.241 1.002 0.853 0.747 0.658 0.578 0.51 0.48 0.543 0.815 1.201 1.62 1.659 1.494 1.665 1.857 1.785 1.615 1.533 -9 -9 -9 -9 -9 -9 -9 -9 -9 -9 -9 -9 -9 -9 -9 -9 -9 -9 -9 -9 -9 -9
1.442 1.443 1.443 1.443 1.446 1.48 1.485 1.451 1.468 1.56 1.865 2.317 2.853 3.091 3.293 3.36 3.271 3.128 3.133 3.068 3.075 3.064 2.929 2.748 2.729 2.765 2.868 2.842 2.811 2.824 2.776 2.763 2.622 2.41 2.201 1.928 1.653 1.396 1.117 0.91 0.771 0.663 0.577 0.51 0.503 0.605 0.93 1.434 1.807 1.804 1.633 1.953 2.119 1.943 1.921 1.955 1.739 1.551 1.662 1.707 -9 -9 -9 -9 -9 -9 -9 -9 -9 -9 -9 -9 -9 -9 -9 -9 -9 -9
1.543 1.549 1.543 1.521 1.509 1.5 1.491 1.476 1.48 1.554 1.901 2.439 2.848 2.916 3.076 3.364 3.346 3.247 3.301 3.367 3.351 3.28 3.156 3.205 3.287 3.21 3.157 3.107 3.117 3.167 3.089 3.019 2.808 2.511 2.308 2.159 1.985 1.671 1.332 1.099 0.853 0.688 0.588 0.521 0.544 0.688 1.058 1.55 1.72 1.702 1.837 2.071 2.277 2.142 2.165 2.17 2.041 1.781 1.931 2.138 2.298 2.227 2.027 1.833 -9 -9 -9 -9 -9 -9 -9 -9 -9 -9 -9 -9 -9 -9
1.833 1.858 1.789 1.692 1.643 1.587 1.55 1.521 1.513 1.587 2.006 2.545 2.691 2.634 2.944 3.013 3.003 3.057 3.215 3.28 3.412 3.402 3.457 3.563 3.57 3.461 3.367 3.288 3.323 3.288 3.167 3.01 2.778 2.513 2.518 2.569 2.271 1.993 1.697 1.341 0.974 0.736 0.613 0.54 0.567 0.73 1.104 1.551 1.68 1.706 2.084 2.265 2.411 2.323 2.299 2.349 2.229 1.943 2.073 2.351 2.563 2.488 2.339 2.129 1.833 1.6 1.409 -9 -9 -9 -9 -9 -9 -9 -9 -9 -9 -9
2.102 2.158 2.189 2.073 2.016 1.89 1.69 1.588 1.555 1.626 2.043 2.338 2.303 2.298 2.61 2.574 2.636 2.832 2.981 3.077 3.31 3.466 3.57 3.55 3.43 3.284 3.105 2.949 3 3.048 2.999 2.898 2.776 2.631 2.755 2.811 2.619 2.354 1.999 1.529 1.122 0.826 0.65 0.566 0.573 0.776 1.205 1.583 1.682 1.733 2.041 2.27 2.412 2.374 2.445 2.433 2.226 2.111 2.296 2.544 2.68 2.676 2.555 2.315 2.02 1.902 1.683 1.524 1.391 1.284 1.311 -9 -9 -9 -9 -9 -9 -9
2.165 2.359 2.466 2.448 2.415 2.282 2.002 1.721 1.608 1.641 1.864 2.048 1.963 1.959 2.148 2.159 2.253 2.447 2.57 2.706 2.892 3.002 3.033 3.001 2.85 2.715 2.5 2.296 2.274 2.398 2.501 2.533 2.711 2.785 2.878 2.871 2.789 2.555 2.133 1.737 1.314 0.919 0.694 0.597 0.583 0.759 1.148 1.477 1.557 1.838 2.128 2.179 2.393 2.5 2.503 2.266 2.231 2.357 2.513 2.749 2.749 2.792 2.754 2.438 2.244 2.427 2.208 2.142 1.911 1.446 1.375 1.619 1.895 2.058 -9 -9 -9 -9
2.142 2.353 2.594 2.677 2.681 2.654 2.426 2.021 1.725 1.621 1.679 1.74 1.744 1.783 1.842 1.906 1.95 2.001 2.05 2.119 2.18 2.194 2.213 2.206 2.141 2.061 1.917 1.783 1.721 1.751 1.884 2.089 2.435 2.428 2.591 2.837 2.699 2.481 2.39 1.969 1.449 0.99 0.743 0.628 0.599 0.703 1.026 1.346 1.529 1.916 2.209 2.225 2.421 2.571 2.417 2.214 2.462 2.534 2.736 2.831 2.733 2.649 2.58 2.442 2.641 2.98 2.855 2.788 2.548 1.882 1.476 1.469 1.761 2.055 2.367 2.631 2.805 2.769
2.213 2.363 2.686 2.858 2.879 2.783 2.554 2.263 1.89 1.652 1.628 1.652 1.717 1.839 1.972 2.007 1.954 1.891 1.835 1.802 1.794 1.796 1.794 1.775 1.729 1.663 1.574 1.493 1.434 1.398 1.411 1.6 1.986 2.052 2.212 2.505 2.642 2.598 2.569 2.081 1.527 1.098 0.8 0.659 0.615 0.667 0.923 1.238 1.518 1.834 2.07 2.255 2.535 2.593 2.373 2.302 2.66 2.695 2.806 2.846 2.788 2.537 2.49 2.843 2.859 3.424 3.48 3.392 2.961 2.144 1.634 1.49 1.731 1.985 2.309 2.576 2.667 2.571
2.383 2.44 2.803 2.981 2.987 2.906 2.737 2.469 2.068 1.71 1.635 1.697 1.893 2.125 2.288 2.318 2.249 2.079 1.918 1.8 1.727 1.674 1.636 1.601 1.557 1.523 1.434 1.369 1.342 1.227 1.179 1.203 1.529 1.761 1.993 2.209 2.544 2.652 2.496 2.09 1.592 1.18 0.868 0.688 0.633 0.67 0.885 1.214 1.569 1.742 2.035 2.24 2.586 2.599 2.348 2.414 2.705 2.796 2.869 2.949 2.825 2.556 2.788 3.169 3.266 3.617 3.975 3.658 3.003 2.355 1.807 1.588 1.696 1.88 2.072 2.185 2.169 2.053
2.458 2.534 2.826 3.093 3.094 2.939 2.751 2.535 2.263 1.799 1.644 1.795 2.151 2.503 2.656 2.68 2.617 2.387 2.254 2.046 1.946 1.762 1.773 1.691 1.607 1.593 1.603 1.573 1.466 1.291 1.119 1.075 1.189 1.54 1.852 2.031 2.251 2.507 2.397 2.059 1.574 1.175 0.902 0.71 0.65 0.681 0.897 1.269 1.68 1.786 2.159 2.326 2.584 2.643 2.368 2.519 2.752 2.951 2.975 2.976 2.86 2.725 3.207 3.548 3.684 3.98 4.098 3.708 3.235 2.585 2.016 1.684 1.587 1.622 1.724 1.754 1.722 1.764
2.406 2.715 2.962 3.142 3.156 2.957 2.636 2.426 2.201 1.818 1.643 1.788 2.224 2.723 3.027 2.992 3.084 2.776 2.759 2.471 2.278 1.933 2.128 2.048 1.897 1.831 1.954 1.83 1.644 1.399 1.15 1.048 1.051 1.208 1.495 1.825 1.968 2.17 2.134 1.871 1.481 1.119 0.87 0.716 0.667 0.721 0.984 1.34 1.762 1.896 2.217 2.55 2.747 2.767 2.463 2.638 2.885 3.006 3.027 3.28 3.328 2.974 3.485 3.912 3.946 4.061 3.985 3.841 3.443 2.893 2.39 1.944 1.698 1.546 1.495 1.472 1.576 1.817
2.42 2.89 3.125 3.211 3.072 2.806 2.544 2.378 2.264 1.791 1.641 1.76 2.226 2.694 3.183 3.149 3.613 3.262 3.244 2.952 2.422 2.27 2.479 2.463 2.296 2.23 2.175 2.017 1.807 1.517 1.28 1.121 1.049 1.048 1.163 1.469 1.688 1.925 1.875 1.653 1.318 1.013 0.815 0.708 0.682 0.813 1.126 1.508 1.887 2.015 2.227 2.687 2.917 2.816 2.658 2.765 2.911 3.125 3.213 3.572 3.399 3.243 3.61 4.04 3.953 3.933 3.932 3.927 3.69 3.43 2.957 2.379 2.012 1.688 1.488 1.389 1.481 1.76
2.508 2.867 3.268 3.306 3.03 2.912 2.783 2.661 2.474 1.766 1.671 1.933 2.363 2.747 3.237 3.385 3.999 3.668 3.586 3.291 2.667 2.761 2.806 2.812 2.689 2.578 2.401 2.154 1.834 1.606 1.479 1.314 1.182 1.067 1.013 1.082 1.366 1.684 1.705 1.471 1.133 0.897 0.762 0.69 0.708 1.022 1.327 1.509 1.922 2.207 2.325 2.722 2.918 2.861 3.036 3.016 3.076 3.401 3.571 3.717 3.619 3.762 3.705 4.091 4.106 4.068 4.166 4.356 4.188 3.943 3.407 2.765 2.421 2.041 1.734 1.523 1.384 1.576
2.752 3.062 3.342 3.175 3.242 3.289 3.191 3.099 2.472 1.726 1.731 2.12 2.56 3.026 3.356 3.578 4.175 3.951 3.663 3.398 2.917 3.139 3.221 3.131 3.012 2.838 2.535 2.136 1.831 1.831 1.757 1.566 1.379 1.205 1.028 0.943 1.032 1.254 1.389 1.192 0.925 0.792 0.712 0.664 0.712 1.121 1.464 1.613 1.84 2.283 2.529 2.966 3.084 3.073 3.286 3.228 3.375 3.608 3.761 3.948 3.979 4.199 3.973 4.168 4.278 4.319 4.262 4.561 4.487 4.138 3.572 3.2 2.955 2.474 2.192 1.95 1.488 1.496
2.992 3.284 3.267 3.26 3.516 3.5 3.342 3.092 2.237 1.699 1.776 2.102 2.561 3.057 3.443 3.779 4.049 4.027 4.073 3.844 3.215 3.43 3.57 3.416 3.199 2.916 2.523 2.096 2.036 2.107 1.983 1.799 1.591 1.37 1.164 0.975 0.89 0.911 0.988 0.886 0.775 0.726 0.706 0.678 0.689 1.009 1.352 1.71 1.995 2.318 2.641 2.828 3.144 3.274 3.282 3.107 3.118 3.323 3.621 3.924 4.03 4.057 3.991 4.178 4.393 4.379 4.382 4.661 4.645 4.195 3.753 3.739 3.509 2.921 2.698 2.464 1.74 1.459
3.177 3.43 3.308 3.479 3.571 3.398 3.059 2.534 1.979 1.689 1.694 2.029 2.481 3.022 3.55 3.881 4.017 4.292 4.376 4.001 3.56 3.754 3.846 3.65 3.44 3.044 2.551 2.288 2.352 2.285 2.112 1.948 1.765 1.532 1.328 1.119 0.939 0.83 0.806 0.76 0.711 0.674 0.716 0.778 0.679 0.797 1.175 1.64 1.933 2.113 2.4 2.656 2.844 3.008 3.018 2.821 2.804 2.935 3.152 3.497 3.714 3.817 3.945 4.134 4.245 4.337 4.485 4.573 4.584 4.282 4.091 4.174 3.8 3.269 3.191 2.822 2.046 1.468
3.35 3.391 3.312 3.368 3.22 2.932 2.446 2.097 1.863 1.703 1.622 1.772 2.289 2.949 3.445 3.89 4.137 4.319 4.34 4.129 4.068 4.097 4.095 3.966 3.817 3.398 2.797 2.59 2.655 2.398 2.159 2.048 1.928 1.695 1.431 1.207 1.057 0.878 0.791 0.739 0.694 0.649 0.618 0.669 0.737 0.698 0.859 1.175 1.524 2.005 2.206 2.442 2.623 2.686 2.574 2.544 2.578 2.652 2.85 3.085 3.354 3.576 3.74 3.789 3.83 4.116 4.519 4.563 4.47 4.41 4.402 4.458 4.088 3.677 3.649 3.187 2.503 1.699
3.056 3.056 3.118 3.056 2.655 2.414 2.308 2.246 2.035 1.846 1.631 1.592 1.916 2.583 3.158 3.793 4.149 4.22 4.463 4.432 4.3 4.227 4.315 4.268 4.113 3.683 3.067 2.918 2.874 2.489 2.341 2.224 2.048 1.779 1.414 1.386 1.294 1.014 0.865 0.778 0.718 0.66 0.603 0.556 0.56 0.62 0.685 0.944 1.29 1.769 2.103 2.412 2.654 2.692 2.398 2.256 2.317 2.437 2.703 2.955 3.071 3.235 3.38 3.282 3.375 3.778 4.166 4.496 4.542 4.686 4.793 4.538 4.313 4.017 3.878 3.41 2.673 1.892
2.629 2.591 2.607 2.577 2.475 2.501 2.65 2.655 2.671 2.277 1.742 1.552 1.707 2.334 2.964 3.536 4.021 4.126 4.335 4.356 4.103 4.121 4.348 4.378 4.215 3.783 3.418 3.248 3.038 2.717 2.558 2.349 2.087 1.67 1.415 1.597 1.542 1.237 1.065 0.932 0.829 0.718 0.623 0.548 0.502 0.511 0.554 0.753 1.028 1.506 1.938 2.377 2.583 2.588 2.261 2.011 2.187 2.363 2.613 2.704 2.656 2.8 2.909 2.769 2.877 3.321 3.654 4.035 4.411 4.732 4.525 4.428 4.453 4.262 4.023 3.534 2.802 2.006
2.739 2.786 2.706 2.714 3.015 3.26 3.364 3.314 3.159 2.466 1.785 1.519 1.601 2.174 2.716 3.158 3.682 3.746 3.727 3.853 3.711 3.962 4.16 4.191 4.196 3.988 3.787 3.51 3.245 2.928 2.638 2.282 1.88 1.502 1.623 1.779 1.745 1.497 1.313 1.225 1.092 0.934 0.718 0.576 0.494 0.458 0.467 0.596 0.834 1.245 1.685 2.158 2.307 2.273 2.004 1.793 1.954 2.152 2.376 2.327 2.158 2.378 2.385 2.248 2.511 2.904 3.342 3.853 4.056 4.2 4.143 4.268 4.456 4.357 4.006 3.529 2.757 2.074
3.309 3.56 3.444 3.471 3.768 4.067 4.05 3.778 3.054 2.294 1.708 1.448 1.529 1.926 2.216 2.617 3.121 3.135 2.995 3.248 3.411 3.767 3.712 3.878 4.181 4.118 3.936 3.584 3.213 2.872 2.505 2.137 1.615 1.539 1.802 1.982 1.939 1.73 1.557 1.547 1.382 1.202 0.9 0.662 0.538 0.46 0.439 0.501 0.663 0.989 1.357 1.741 1.898 1.875 1.684 1.572 1.739 1.901 2.015 1.961 1.766 1.989 1.884 1.974 2.383 2.748 3.058 3.503 3.753 3.789 3.744 3.987 4.255 4.222 3.917 3.399 2.628 2.245
3.628 3.77 3.773 3.96 4.144 4.348 4.162 3.649 2.932 2.131 1.557 1.368 1.421 1.614 1.718 1.941 2.315 2.375 2.494 2.917 3.227 3.447 3.268 3.65 4.109 3.946 3.796 3.609 2.998 2.507 2.115 1.746 1.541 1.651 1.847 2.136 2.167 1.95 1.892 1.843 1.632 1.369 0.977 0.781 0.675 0.521 0.456 0.47 0.56 0.765 1.073 1.38 1.488 1.495 1.387 1.387 1.476 1.559 1.649 1.562 1.467 1.543 1.534 1.693 2.003 2.291 2.696 3.205 3.367 3.352 3.578 3.894 4.147 4.142 3.783 3.161 2.635 2.491
4.14 3.869 3.945 4.132 4.298 4.281 3.769 3.294 2.599 1.835 1.413 1.4 1.465 1.789 1.84 1.667 1.671 1.746 2.07 2.52 2.864 3.066 2.926 3.405 3.918 3.655 3.628 3.362 2.739 2.138 1.825 1.625 1.64 1.849 1.921 2.272 2.392 2.289 2.228 2.085 1.809 1.435 0.986 0.942 0.917 0.691 0.53 0.49 0.527 0.628 0.844 1.081 1.18 1.182 1.163 1.195 1.248 1.277 1.306 1.252 1.248 1.368 1.554 1.712 1.843 2.132 2.489 2.665 2.774 2.917 3.447 3.903 4.126 3.973 3.636 3.037 2.88 2.818
4.579 4.424 4.351 4.404 4.295 4.02 3.465 2.919 2.144 1.548 1.414 1.564 1.577 1.935 2.131 1.888 1.63 1.42 1.676 2.109 2.387 2.721 2.684 3.195 3.733 3.607 3.266 2.937 2.424 2.186 2.111 1.922 1.669 1.983 2.041 2.378 2.583 2.528 2.382 2.136 1.781 1.393 1.01 1.113 1.134 0.969 0.705 0.543 0.531 0.577 0.676 0.85 1.012 1.056 1.129 1.226 1.248 1.178 1.144 1.197 1.338 1.51 1.69 1.863 1.989 2.092 2.135 2.137 2.422 2.718 3.136 3.681 3.967 3.865 3.546 3.029 3.066 3.093
4.788 5.004 4.725 4.387 4.032 3.615 3.072 2.402 1.703 1.421 1.531 1.74 1.675 2.019 2.313 2.162 1.911 1.454 1.339 1.713 2.008 2.293 2.448 3.104 3.657 3.522 3.064 2.826 2.554 2.402 2.315 2.147 1.81 2.05 2.249 2.53 2.65 2.542 2.259 1.97 1.626 1.279 1.039 1.248 1.265 1.101 0.797 0.579 0.543 0.56 0.625 0.938 1.022 1.17 1.407 1.586 1.671 1.487 1.207 1.132 1.322 1.459 1.584 1.82 2.013 2.032 1.871 1.915 2.369 2.68 2.904 3.389 3.818 3.82 3.554 3.142 3.143 3.043
5.04 5.282 4.953 4.511 4.04 3.463 2.863 2 1.419 1.464 1.788 1.883 1.874 2.115 2.411 2.385 2.116 1.666 1.22 1.369 1.638 1.957 2.477 3.24 3.708 3.514 3.292 3.227 2.839 2.566 2.503 2.258 1.985 2.124 2.39 2.616 2.703 2.575 2.33 2.04 1.778 1.308 1.088 1.365 1.393 1.134 0.797 0.589 0.547 0.55 0.633 0.958 1.074 1.364 1.763 1.95 2.052 1.924 1.493 1.108 1.138 1.273 1.41 1.649 1.853 1.801 1.573 1.755 2.159 2.52 2.825 3.15 3.64 3.794 3.55 3.319 3.442 3.132
5.081 5.103 4.835 4.343 3.768 3.144 2.482 1.655 1.296 1.603 2.009 2.027 2.184 2.245 2.436 2.319 1.959 1.613 1.212 1.344 1.764 2.192 2.742 3.246 3.628 3.592 3.556 3.452 3.116 2.862 2.662 2.388 2.238 2.305 2.511 2.551 2.791 2.72 2.517 2.326 1.953 1.395 1.16 1.511 1.441 1.119 0.777 0.588 0.541 0.56 0.704 1.04 1.131 1.552 1.998 2.278 2.273 2.03 1.58 1.155 1.088 1.223 1.401 1.528 1.553 1.4 1.294 1.597 1.979 2.253 2.73 3.102 3.503 3.685 3.51 3.321 3.55 3.29
4.797 4.756 4.455 3.86 3.229 2.616 1.906 1.309 1.289 1.674 2.055 2.16 2.32 2.384 2.505 2.408 2.063 1.684 1.22 1.386 1.912 2.263 2.599 3.038 3.487 3.614 3.724 3.635 3.325 2.98 2.74 2.536 2.431 2.414 2.556 2.436 2.669 2.642 2.368 2.178 1.873 1.378 1.352 1.654 1.456 1.13 0.77 0.587 0.536 0.585 0.761 1.103 1.254 1.62 2.118 2.462 2.426 2.048 1.586 1.241 1.087 1.182 1.272 1.264 1.21 1.061 1.141 1.432 1.712 1.999 2.451 2.864 3.227 3.375 3.347 3.153 3.225 3.314
4.628 4.523 4.014 3.346 2.562 1.983 1.382 1.184 1.494 1.64 2.015 2.286 2.482 2.508 2.566 2.434 2.104 1.703 1.225 1.301 1.776 2.031 2.358 2.853 3.508 3.787 3.884 3.663 3.311 2.912 2.652 2.465 2.368 2.366 2.51 2.42 2.36 2.487 2.234 1.874 1.531 1.259 1.638 1.74 1.473 1.112 0.767 0.59 0.529 0.598 0.841 1.246 1.388 1.773 2.301 2.551 2.43 2.022 1.711 1.438 1.152 1.058 1.034 0.993 0.913 0.862 0.937 1.096 1.306 1.588 2.002 2.396 2.737 2.841 2.881 2.983 2.996 3.095
4.276 4.261 3.783 3.047 2.132 1.436 1.135 1.252 1.684 1.81 2.06 2.424 2.679 2.629 2.542 2.314 1.982 1.596 1.21 1.189 1.536 1.79 2.189 2.764 3.558 3.924 3.804 3.493 3.18 2.899 2.649 2.437 2.243 2.177 2.344 2.289 1.987 2.02 1.788 1.403 1.138 1.311 1.814 1.827 1.58 1.281 0.923 0.602 0.512 0.608 0.988 1.404 1.576 1.882 2.446 2.685 2.517 2.12 1.89 1.754 1.437 1.189 1.017 0.916 0.814 0.74 0.691 0.733 0.888 1.154 1.589 1.931 2.243 2.29 2.183 2.315 2.614 2.87
3.936 3.678 3.144 2.524 1.705 1.137 1.139 1.283 1.649 2.003 2.207 2.476 2.763 2.722 2.411 2.108 1.762 1.417 1.196 1.228 1.478 1.888 2.295 2.913 3.641 3.865 3.712 3.509 3.358 3.215 2.97 2.822 2.596 2.375 2.13 1.939 1.65 1.427 1.2 0.998 1.12 1.643 1.982 2.063 1.836 1.437 0.988 0.589 0.495 0.641 1.004 1.448 1.816 1.982 2.465 2.834 2.696 2.364 2.066 2.081 1.875 1.587 1.297 1.195 1.083 0.915 0.741 0.626 0.643 0.803 1.185 1.482 1.717 1.742 1.849 2.092 2.106 2.316
3.236 2.801 2.388 1.876 1.305 1.048 1.303 1.453 1.498 1.865 2.239 2.487 2.636 2.601 2.354 1.905 1.535 1.332 1.393 1.593 1.704 2.138 2.59 3.104 3.535 3.791 3.814 3.706 3.628 3.553 3.394 3.294 3.07 2.814 2.636 2.55 2.222 1.704 1.086 1.016 1.534 2.082 2.191 2.119 1.868 1.417 0.899 0.542 0.475 0.636 0.971 1.461 1.972 2.109 2.478 2.917 2.878 2.614 2.262 2.381 2.315 2.034 1.659 1.623 1.566 1.314 1.052 0.843 0.698 0.618 0.765 1.023 1.151 1.181 1.526 1.829 1.94 2.102
