data/climatemaps/RS_maps/climate_winter_tmin_2017.asc
NCOLS 369 
NROWS 228 
XLLCORNER 479000 
YLLCORNER 73000 
CELLSIZE 1000 
NODATA_value -9 
[rows 170 to 203 of 228, columns 231 to 307 of 369]
-0.929 -0.841 -0.762 -0.758 -0.381 -0.31 0.009 0.517 0.799 0.498 -0.04 -0.382 -0.584 -0.673 -0.85 -1.265 -1.142 -0.724 -0.198 -0.039 -0.538 -1.087 -0.961 -0.478 0.294 0.67 0.226 -0.24 -0.359 -0.553 -0.385 -1.012 -1.213 -0.999 -0.646 -0.31 -0.129 0.181 0.4 0.817 0.9 0.622 0.176 -0.092 -0.132 -0.286 -0.169 -0.444 -0.647 -0.582 -0.668 -0.842 -1.149 -1.314 -1.021 -1.073 -0.968 -1.277 -1.734 -1.408 -1.513 -1.928 -2.126 -1.725 -1.78 -2.04 -1.711 -1.329 -0.911 -0.833 -1.12 -1.377 -1.139 -0.694 -0.479 -0.632 -0.895
-0.87 -1.01 -0.948 -0.78 -0.595 -0.685 -0.239 0.354 0.78 0.707 0.195 -0.271 -0.373 -0.758 -0.994 -1.245 -0.965 -0.552 -0.027 -0.054 -0.555 -1.007 -0.46 -0.045 0.654 0.584 -0.014 -0.42 -0.272 -0.795 -0.411 -0.885 -1.03 -0.709 -0.596 -0.242 0.168 0.475 0.776 0.93 0.855 0.565 0.201 -0.166 -0.52 -0.798 -0.556 -0.603 -0.981 -1.105 -1.144 -1.16 -1.128 -1.371 -1.514 -1.674 -1.642 -1.684 -1.795 -1.508 -1.571 -1.769 -2.009 -1.912 -1.907 -1.952 -1.558 -1.186 -1.079 -1.183 -1.125 -1.512 -1.382 -1.016 -0.5 -0.502 -0.869
-0.83 -0.842 -0.857 -0.966 -0.761 -0.59 -0.214 0.26 0.695 0.788 0.4 -0.099 -0.513 -0.948 -1.27 -1.124 -0.879 -0.523 -0.041 0.033 -0.493 -0.875 -0.226 0.449 0.736 0.342 -0.249 -0.659 -0.296 -0.818 -0.58 -0.952 -0.93 -0.617 -0.384 -0.323 0.111 0.549 0.884 0.959 0.857 0.515 0.154 -0.186 -0.469 -0.861 -0.971 -0.906 -1.175 -1.445 -1.194 -0.85 -0.794 -1.286 -1.686 -1.677 -1.698 -1.879 -1.896 -1.799 -1.631 -1.325 -1.61 -1.774 -1.873 -1.88 -1.61 -1.416 -1.583 -1.466 -1.241 -1.696 -1.523 -1.261 -0.597 -0.28 -0.566
-0.597 -0.435 -0.76 -0.776 -0.445 -0.196 -0.012 0.074 0.589 0.825 0.621 0.162 -0.332 -0.743 -1.097 -0.885 -0.682 -0.586 -0.19 0.178 -0.487 -0.489 -0.1 0.6 0.632 0.023 -0.562 -0.925 -0.549 -0.792 -0.869 -0.949 -0.709 -0.473 -0.308 -0.196 0.1 0.403 0.858 0.98 0.968 0.712 0.111 -0.399 -0.717 -0.971 -1.049 -1.089 -1.139 -1.241 -0.966 -0.507 -0.774 -1.491 -1.567 -1.357 -1.294 -1.629 -1.571 -1.608 -1.346 -1.034 -1.187 -1.294 -1.411 -1.585 -1.817 -1.879 -2.029 -1.739 -1.482 -1.616 -1.465 -1.163 -0.62 -0.142 -0.121
-0.218 -0.429 -0.822 -0.716 -0.48 -0.215 -0.196 -0.227 0.503 0.83 0.801 0.427 0.035 -0.29 -0.812 -0.838 -0.581 -0.209 0.1 -0.021 -0.464 -0.16 0.291 0.754 0.393 -0.232 -0.751 -0.939 -0.865 -0.901 -1.016 -0.713 -0.506 -0.359 -0.214 -0.135 0.168 0.24 0.643 0.984 1 0.895 0.326 -0.211 -0.707 -0.949 -0.86 -0.702 -0.654 -0.722 -0.615 -0.331 -0.774 -1.394 -1.31 -1.024 -1.081 -1.47 -1.18 -1.22 -1.119 -0.8 -0.68 -0.848 -1.02 -1.372 -1.797 -2.144 -2.24 -1.894 -1.743 -1.527 -1.216 -0.836 -0.472 -0.033 -0.028
-0.248 -0.635 -0.851 -0.949 -0.657 -0.213 -0.456 -0.359 0.227 0.739 0.839 0.691 0.339 -0.154 -0.642 -0.907 -0.552 -0.141 0.262 -0.142 -0.198 0.094 0.536 0.76 0.251 -0.164 -0.295 -0.464 -0.889 -1.031 -0.833 -0.337 -0.218 -0.076 -0.034 0.064 -0.066 -0.086 0.446 0.956 1.013 0.997 0.648 0.025 -0.274 -0.673 -0.594 -0.219 -0.118 -0.155 -0.169 -0.298 -0.83 -1.244 -1.18 -0.76 -1.028 -1.311 -0.827 -0.724 -0.6 -0.356 -0.37 -0.73 -1.05 -1.436 -1.726 -1.937 -2.001 -1.868 -1.713 -1.333 -1.023 -0.703 -0.408 0.061 -0.193
-0.123 -0.316 -0.53 -0.928 -0.598 -0.455 -0.368 0.052 0.21 0.52 0.823 0.832 0.575 0.164 -0.325 -0.621 -0.619 -0.247 0.183 0.287 0.238 0.334 0.702 0.655 0.093 -0.245 -0.365 -0.232 -0.574 -0.909 -0.517 -0.289 -0.513 -0.167 -0.322 -0.155 -0.395 -0.094 0.445 0.85 1.019 1.028 0.964 0.619 0.166 -0.284 -0.305 0.052 -0.355 -0.567 -0.728 -0.641 -0.959 -1.258 -0.938 -0.474 -0.631 -0.84 -0.542 -0.124 -0.19 -0.421 -0.776 -1.086 -1.392 -1.49 -1.515 -1.741 -1.619 -1.595 -1.525 -1.303 -1.009 -0.656 -0.486 0.044 -0.158
-0.142 -0.246 -0.281 -0.744 -0.895 -0.588 -0.129 -0.176 -0.223 0.159 0.707 0.846 0.759 0.412 -0.087 -0.134 -0.198 -0.092 0.113 0.345 0.52 0.656 0.782 0.499 -0.111 -0.503 -0.723 -0.466 -0.355 -0.789 -0.38 -0.584 -0.622 -0.316 -0.614 -0.435 -0.502 0.011 0.203 0.622 0.968 1.035 1.034 0.958 0.458 -0.078 -0.048 0.055 -0.673 -0.933 -1.205 -1.111 -1.224 -1.206 -0.767 -0.391 -0.205 -0.182 -0.032 0.026 -0.593 -0.998 -1.18 -1.282 -1.352 -1.245 -1.471 -1.729 -1.416 -1.279 -1.197 -1.085 -0.865 -0.543 -0.297 0.039 0.062
-0.554 -0.705 -0.655 -0.627 -0.782 -0.4 -0.356 -0.436 -0.492 -0.03 0.51 0.811 0.849 0.491 0.015 0.335 0.413 0.467 0.554 0.565 0.658 0.785 0.626 0.267 -0.17 -0.497 -0.809 -0.79 -0.548 -0.803 -0.577 -0.872 -0.759 -0.702 -0.897 -0.738 -0.684 -0.381 -0.144 0.36 0.79 1.036 1.041 1.026 0.611 -0.011 0.243 0.128 -0.288 -0.653 -1.24 -1.501 -1.562 -1.378 -1 -0.846 -0.446 -0.315 -0.018 0.1 -0.657 -1.137 -1.124 -1.11 -1.068 -1.226 -1.532 -1.591 -1.36 -1.323 -1.206 -1.111 -1.026 -0.743 -0.536 -9 -9
-0.316 -0.635 -0.869 -0.855 -0.809 -0.751 -0.583 -0.673 -0.404 -0.042 0.254 0.655 0.866 0.711 0.413 0.705 0.783 0.816 0.83 0.806 0.774 0.539 0.17 -0.019 -0.161 -0.357 -0.832 -1.04 -0.854 -0.859 -0.762 -0.749 -0.67 -0.719 -0.862 -0.875 -0.774 -0.802 -0.384 0.191 0.582 0.903 -9 1.045 0.948 0.485 0.472 0.15 -0.375 -0.834 -1.339 -1.253 -1.268 -1.504 -1.335 -1.15 -0.932 -0.929 -0.279 0.221 -0.4 -0.677 -0.622 -0.716 -0.97 -1.193 -1.413 -1.504 -1.207 -1.374 -1.325 -1.311 -1.161 -0.985 -0.864 -9 -9
0.115 -0.229 -0.54 -0.565 -0.641 -0.854 -0.738 -0.7 -0.358 -0.089 0.125 0.463 0.803 0.864 0.785 0.731 0.61 0.589 0.574 0.552 0.544 0.445 0.136 -0.217 -0.43 -0.462 -0.735 -1.012 -0.669 -0.701 -0.503 -0.311 -0.201 -0.314 -0.629 -0.572 -0.518 -0.922 -0.529 -0.015 0.037 0.269 -9 -9 1.045 0.981 0.643 0.261 -0.13 -0.602 -1.05 -0.896 -0.972 -1.362 -1.264 -1.21 -1.136 -0.899 -0.32 0.28 -0.101 -0.348 -0.674 -0.79 -0.849 -1.079 -1.169 -1.307 -1.098 -1.089 -1.156 -1.11 -1.213 -1.259 -9 -9 -9
0.381 0.051 -0.152 -0.29 -0.508 -0.667 -0.475 -0.382 -0.22 0.019 0.212 0.477 0.756 0.886 0.778 0.497 0.186 0.067 0.054 0.071 0.252 0.34 0.297 -0.049 -0.51 -0.832 -0.908 -0.892 -0.384 -0.578 -0.443 -0.416 -0.278 -0.008 -0.5 -0.268 -0.52 -0.701 -0.531 -0.38 -0.41 -9 -9 -9 -9 -9 0.652 0.039 -0.168 -0.376 -0.571 -0.625 -0.909 -1.323 -1.181 -0.979 -0.817 -0.59 -0.062 0.283 -0.22 -0.374 -0.535 -0.559 -0.421 -0.551 -0.802 -0.821 -0.81 -0.719 -0.917 -0.665 -9 -9 -9 -9 -9
0.205 0.029 -0.132 -0.275 -0.3 -0.462 -0.21 -0.009 -0.162 -0.036 0.268 0.682 0.865 0.831 0.497 0.363 0.223 0.034 -0.202 -0.283 -0.039 -0.078 0.122 0.084 -0.274 -0.645 -0.777 -0.67 -0.25 -0.535 -0.76 -0.657 -0.274 0.151 -0.017 -0.001 -0.374 -0.234 -0.209 -0.101 -0.219 -9 -9 -9 -9 -9 -9 0.157 -0.005 -0.251 -0.504 -0.742 -1.08 -1.381 -1.279 -0.929 -0.563 -0.233 0.208 0.059 -0.272 -0.03 -0.136 -0.135 0.035 -0.064 -0.383 -0.389 -0.344 -0.36 -0.505 -9 -9 -9 -9 -9 -9
0.23 0.005 -0.123 -0.075 0.048 -0.195 -0.112 0.198 0.232 0.283 0.532 0.886 0.913 0.715 0.209 0.038 0.096 0.079 -0.051 -0.372 -0.383 -0.306 -0.16 -0.029 -0.332 -0.636 -0.38 -0.134 -0.014 -0.412 -0.438 -0.3 -0.002 0.319 0.416 0.293 -0.058 0.111 0.048 0.211 0.117 -9 -9 -9 -9 -9 -9 -9 -9 -9 -9 -1.016 -1.165 -1.197 -1.006 -0.943 -0.585 -0.031 0.41 0.009 0.111 0.346 0.3 0.333 0.402 0.149 -0.15 -9 -9 -9 -9 -9 -9 -9 -9 -9 -9
0.417 0.364 0.278 0.32 0.313 0.138 0.176 0.299 0.51 0.706 0.822 0.938 0.871 0.629 0.189 -0.184 -0.222 -0.199 -0.189 -0.402 -0.664 -0.47 -0.372 -0.322 -0.33 -0.727 -0.531 -0.068 0.205 -0.078 -0.067 0.051 0.024 0.302 0.595 0.429 0.114 0.393 0.341 0.527 0.537 -9 -9 -9 -9 -9 -9 -9 -9 -9 -9 -9 -9 -9 -9 -9 -0.332 0.144 0.555 0.245 0.534 0.702 -9 -9 -9 -9 -9 -9 -9 -9 -9 -9 -9 -9 -9 -9 -9
0.823 0.754 0.672 0.697 0.662 0.561 0.615 0.655 0.788 0.924 0.942 0.942 0.804 0.546 0.208 -0.088 -0.138 -0.237 -0.351 -0.458 -0.634 -0.646 -0.491 -0.598 -0.521 -0.722 -0.362 0.026 0.336 0.103 0.16 0.341 0.102 0.247 0.604 0.532 0.288 0.623 0.811 0.879 -9 -9 -9 -9 -9 -9 -9 -9 -9 -9 -9 -9 -9 -9 -9 -9 -9 -9 -9 -9 -9 -9 -9 -9 -9 -9 -9 -9 -9 -9 -9 -9 -9 -9 -9 -9 -9
1.021 0.994 0.959 0.954 0.946 0.913 0.927 0.933 0.958 0.974 0.957 0.922 0.769 0.524 0.35 0.315 0.287 0.152 0.032 -0.063 -0.224 -0.473 -0.696 -0.778 -0.642 -0.354 -0.08 0.175 0.426 0.357 0.371 0.549 0.43 0.509 0.626 0.721 0.615 0.919 1.039 -9 -9 -9 -9 -9 -9 -9 -9 -9 -9 -9 -9 -9 -9 -9 -9 -9 -9 -9 -9 -9 -9 -9 -9 -9 -9 -9 -9 -9 -9 -9 -9 -9 -9 -9 -9 -9 -9
1.043 1.035 1.027 1.019 1.01 1.002 1.001 0.993 0.991 0.987 0.952 0.831 0.625 0.6 0.527 0.455 0.27 0.211 0.078 -0.022 -0.279 -0.37 -0.5 -0.473 -0.345 -0.137 0.044 0.165 0.265 0.466 0.557 0.636 0.729 0.706 0.667 0.887 0.962 1.072 1.089 -9 -9 -9 -9 -9 -9 -9 -9 -9 -9 -9 -9 -9 -9 -9 -9 -9 -9 -9 -9 -9 -9 -9 -9 -9 -9 -9 -9 -9 -9 -9 -9 -9 -9 -9 -9 -9 -9
1.054 1.047 1.034 1.029 1.027 1.022 1.016 0.997 0.981 0.924 0.779 0.544 0.267 0.135 0.084 0.201 0 -0.173 -0.317 -0.112 -0.413 -0.393 -0.137 -0.139 -0.194 -0.193 -0.141 -0.101 0.001 0.223 0.393 0.523 0.803 0.943 0.932 1.023 1.085 1.092 -9 -9 -9 -9 -9 -9 -9 -9 -9 -9 -9 -9 -9 -9 -9 -9 -9 -9 -9 -9 -9 -9 -9 -9 -9 -9 -9 -9 -9 -9 -9 -9 -9 -9 -9 -9 -9 -9 -9
0.9 0.811 0.889 0.871 0.911 0.908 0.899 0.792 0.7 0.615 0.395 0.172 -0.082 -0.142 -0.239 -0.195 0.059 -0.149 -0.441 -0.277 -0.454 -0.208 -0.024 0.101 0.129 0.119 0.107 0.039 0.158 0.298 0.431 0.629 0.899 1.067 1.092 1.097 1.097 -9 -9 -9 -9 -9 -9 -9 -9 -9 -9 -9 -9 -9 -9 -9 -9 -9 -9 -9 -9 -9 -9 -9 -9 -9 -9 -9 -9 -9 -9 -9 -9 -9 -9 -9 -9 -9 -9 -9 -9
0.422 0.398 0.672 0.718 0.681 0.484 0.52 0.454 0.368 0.325 0.393 0.272 0.066 -0.141 -0.401 -0.502 -0.263 -0.227 -0.505 -0.442 -0.446 -0.399 -0.242 -0.043 0.149 0.261 0.388 0.412 0.508 0.638 0.706 0.862 1.05 1.099 1.102 1.104 1.107 -9 -9 -9 -9 -9 -9 -9 -9 -9 -9 -9 -9 -9 -9 -9 -9 -9 -9 -9 -9 -9 -9 -9 -9 -9 -9 -9 -9 -9 -9 -9 -9 -9 -9 -9 -9 -9 -9 -9 -9
0.03 0.337 0.348 0.572 0.797 0.474 0.229 0.347 0.357 0.495 0.372 0.293 0.191 -0.043 -0.28 -0.424 -0.466 -0.398 -0.469 -0.291 -0.278 -0.503 -0.447 -0.289 -0.204 -0.042 0.2 0.354 0.461 0.545 0.56 0.797 1.077 1.105 1.101 1.07 1.103 -9 -9 -9 -9 -9 -9 -9 -9 -9 -9 -9 -9 -9 -9 -9 -9 -9 -9 -9 -9 -9 -9 -9 -9 -9 -9 -9 -9 -9 -9 -9 -9 -9 -9 -9 -9 -9 -9 -9 -9
0.023 0.234 0.055 0.43 0.783 0.687 0.472 0.548 0.492 0.45 0.137 0.044 0.055 -0.029 -0.109 -0.293 -0.506 -0.393 -0.249 -0.016 -0.099 -0.352 -0.484 -0.446 -0.446 -0.368 -0.12 0.029 0.073 0.215 0.514 0.899 1.099 1.113 1.105 1.007 -9 -9 -9 -9 -9 -9 -9 -9 -9 -9 -9 -9 -9 -9 -9 -9 -9 -9 -9 -9 -9 -9 -9 -9 -9 -9 -9 -9 -9 -9 -9 -9 -9 -9 -9 -9 -9 -9 -9 -9 -9
-0.022 -0.058 0.011 0.385 0.702 0.837 0.676 0.577 0.52 0.288 0.026 -0.15 -0.095 -0.12 -0.038 -0.101 -0.377 -0.273 -0.067 0.19 0.118 -0.154 -0.197 -0.214 -0.36 -0.427 -0.427 -0.303 -0.261 0.153 0.577 0.951 1.116 1.12 1.122 -9 -9 -9 -9 -9 -9 -9 -9 -9 -9 -9 -9 -9 -9 -9 -9 -9 -9 -9 -9 -9 -9 -9 -9 -9 -9 -9 -9 -9 -9 -9 -9 -9 -9 -9 -9 -9 -9 -9 -9 -9 -9
-0.152 -0.099 0.014 0.392 0.716 0.834 0.55 0.424 0.444 0.152 0.012 -0.077 0.036 0.079 0.214 0.203 -0.131 -0.207 0.049 0.304 0.261 0.003 0.107 -0.007 -0.031 -0.293 -0.426 -0.48 -0.314 0.077 0.489 0.933 1.111 1.13 1.122 -9 -9 -9 -9 -9 -9 -9 -9 -9 -9 -9 -9 -9 -9 -9 -9 -9 -9 -9 -9 -9 -9 -9 -9 -9 -9 -9 -9 -9 -9 -9 -9 -9 -9 -9 -9 -9 -9 -9 -9 -9 -9
-0.073 0.139 0.265 0.607 0.893 0.735 0.445 0.445 0.592 0.252 0.195 0.207 0.278 0.372 0.416 0.362 0.121 -0.084 0.133 0.382 0.446 0.285 0.363 0.256 0.086 -0.138 -0.062 -0.26 -0.237 0.166 0.557 0.948 1.118 1.131 -9 -9 -9 -9 -9 -9 -9 -9 -9 -9 -9 -9 -9 -9 -9 -9 -9 -9 -9 -9 -9 -9 -9 -9 -9 -9 -9 -9 -9 -9 -9 -9 -9 -9 -9 -9 -9 -9 -9 -9 -9 -9 -9
-0.08 0.093 0.441 0.695 0.933 0.733 0.528 0.513 0.694 0.45 0.454 0.529 0.532 0.502 0.403 0.359 0.109 0.008 0.167 0.258 0.414 0.582 0.574 0.415 0.038 0.151 0.045 -0.242 -0.172 0.238 0.594 0.916 -9 -9 -9 -9 -9 -9 -9 -9 -9 -9 -9 -9 -9 -9 -9 -9 -9 -9 -9 -9 -9 -9 -9 -9 -9 -9 -9 -9 -9 -9 -9 -9 -9 -9 -9 -9 -9 -9 -9 -9 -9 -9 -9 -9 -9
0.083 0.161 0.333 0.612 0.892 0.923 0.722 0.686 0.77 0.681 0.649 0.601 0.475 0.324 0.251 0.212 0.02 0.096 0.305 0.337 0.234 0.543 0.589 0.277 0.186 0.387 0.208 -0.045 0.131 0.327 0.677 -9 -9 -9 -9 -9 -9 -9 -9 -9 -9 -9 -9 -9 -9 -9 -9 -9 -9 -9 -9 -9 -9 -9 -9 -9 -9 -9 -9 -9 -9 -9 -9 -9 -9 -9 -9 -9 -9 -9 -9 -9 -9 -9 -9 -9 -9
0.221 0.369 0.271 0.572 0.903 1.002 0.905 0.841 0.854 0.788 0.68 0.642 0.47 0.236 0.083 -0.024 -0.095 0.036 0.232 0.43 0.384 0.526 0.588 0.169 0.332 0.466 0.134 0.033 0.332 0.607 -9 -9 -9 -9 -9 -9 -9 -9 -9 -9 -9 -9 -9 -9 -9 -9 -9 -9 -9 -9 -9 -9 -9 -9 -9 -9 -9 -9 -9 -9 -9 -9 -9 -9 -9 -9 -9 -9 -9 -9 -9 -9 -9 -9 -9 -9 -9
0.319 0.524 0.402 0.642 0.969 0.997 0.966 0.856 0.896 0.888 0.758 0.57 0.296 0.211 0.233 0.06 0.037 0.265 0.402 0.598 0.571 0.773 0.786 0.592 0.534 0.612 0.58 0.409 0.606 -9 -9 -9 -9 -9 -9 -9 -9 -9 -9 -9 -9 -9 -9 -9 -9 -9 -9 -9 -9 -9 -9 -9 -9 -9 -9 -9 -9 -9 -9 -9 -9 -9 -9 -9 -9 -9 -9 -9 -9 -9 -9 -9 -9 -9 -9 -9 -9
0.419 0.622 0.628 0.712 1.018 1.028 0.971 0.845 0.985 0.95 0.776 0.46 0.292 0.423 0.442 0.437 0.423 0.223 0.378 0.731 0.871 0.966 1.006 0.987 0.879 0.725 0.778 0.687 0.803 -9 -9 -9 -9 -9 -9 -9 -9 -9 -9 -9 -9 -9 -9 -9 -9 -9 -9 -9 -9 -9 -9 -9 -9 -9 -9 -9 -9 -9 -9 -9 -9 -9 -9 -9 -9 -9 -9 -9 -9 -9 -9 -9 -9 -9 -9 -9 -9
0.627 0.731 0.67 0.755 1.04 1.077 0.998 0.932 1.041 0.944 0.653 0.371 0.454 0.659 0.807 0.819 0.649 0.392 0.645 0.951 1.087 1.081 1.052 1.042 1.028 0.964 0.887 0.868 0.905 -9 -9 -9 -9 -9 -9 -9 -9 -9 -9 -9 -9 -9 -9 -9 -9 -9 -9 -9 -9 -9 -9 -9 -9 -9 -9 -9 -9 -9 -9 -9 -9 -9 -9 -9 -9 -9 -9 -9 -9 -9 -9 -9 -9 -9 -9 -9 -9
0.791 0.782 0.646 0.848 1.077 1.104 1.005 1.021 1.083 0.888 0.47 0.277 0.53 0.737 0.964 0.998 0.886 0.903 1.059 1.116 1.052 0.941 0.785 0.747 0.82 0.94 0.969 0.977 -9 -9 -9 -9 -9 -9 -9 -9 -9 -9 -9 -9 -9 -9 -9 -9 -9 -9 -9 -9 -9 -9 -9 -9 -9 -9 -9 -9 -9 -9 -9 -9 -9 -9 -9 -9 -9 -9 -9 -9 -9 -9 -9 -9 -9 -9 -9 -9 -9
0.838 0.685 0.767 1.007 1.127 1.107 1.022 1.091 1.093 0.849 0.526 0.582 0.923 1.098 1.127 1.13 1.13 1.134 1.12 1.044 0.757 0.593 0.335 0.261 0.44 0.586 0.752 0.881 -9 -9 -9 -9 -9 -9 -9 -9 -9 -9 -9 -9 -9 -9 -9 -9 -9 -9 -9 -9 -9 -9 -9 -9 -9 -9 -9 -9 -9 -9 -9 -9 -9 -9 -9 -9 -9 -9 -9 -9 -9 -9 -9 -9 -9 -9 -9 -9 -9
