data/climatemaps/RS_maps/climate_breeding_tmp_2016.asc
NCOLS 369 
NROWS 228 
XLLCORNER 479000 
YLLCORNER 73000 
CELLSIZE 1000 
NODATA_value -9 
[rows 136 to 169 of 228, columns 152 to 227 of 369]
-0.788 -0.617 -0.253 0.129 0.51 0.33 0.101 0.091 0.125 0.043 -0.097 -0.024 0.14 0.037 -0.092 -0.038 -0.027 -0.139 -0.717 -1.729 -2.257 -2.768 -2.891 -2.632 -2.367 -2.214 -2.055 -1.729 -1.406 -1.032 -1.377 -2.168 -1.763 -1.275 -0.67 -0.394 -1.215 -1.467 -1.799 -2.25 -2.54 -2.358 -2.27 -2.539 -2.56 -2.026 -1.644 -1.813 -1.887 -1.888 -2.054 -1.766 -1.63 -1.318 -1.015 -0.536 -0.418 -0.709 -0.735 -0.741 -0.878 -1.426 -1.834 -1.682 -1.415 -1.416 -1.008 -1.594 -1.667 -1.311 -1.071 -1.613 -1.856 -1.583 -0.977 -0.693
-1.186 -0.96 -0.67 -0.177 0.486 -0.171 -0.637 -0.855 -0.685 -0.584 -0.44 -0.107 0.171 0.229 0.203 0.159 -0.136 -0.639 -0.847 -1.259 -1.9 -2.52 -2.792 -2.566 -2.193 -2.019 -2.057 -1.766 -1.33 -1.159 -1.696 -2.201 -1.725 -1.285 -0.929 -0.387 -1.181 -1.094 -1.451 -1.925 -2.244 -2.274 -2.153 -2.395 -2.534 -2.26 -2.119 -1.976 -1.919 -1.888 -1.755 -1.357 -1.003 -0.752 -0.609 -0.468 -0.763 -1.195 -1.326 -1.303 -0.894 -0.97 -1.677 -1.752 -1.407 -1.503 -1.143 -1.599 -1.779 -1.293 -1.335 -1.869 -1.973 -1.467 -0.811 -0.992
-1.304 -1.083 -0.631 -0.083 0.393 -0.212 -0.648 -1.165 -1.03 -0.847 -0.55 -0.234 -0.041 0.052 0.074 0.037 -0.791 -1.713 -1.675 -1.571 -1.873 -2.278 -2.723 -2.708 -2.321 -1.919 -1.745 -1.46 -1.309 -1.481 -2.073 -2.077 -1.661 -1.051 -0.779 -0.412 -0.821 -1.13 -1.399 -1.934 -2.087 -1.951 -2.101 -2.568 -2.472 -2.066 -1.835 -1.679 -1.478 -1.347 -1.102 -0.851 -0.627 -0.624 -0.746 -0.639 -1.172 -1.474 -1.748 -1.725 -1.391 -0.992 -1.29 -1.649 -1.466 -1.717 -1.358 -1.587 -1.858 -1.323 -1.688 -1.931 -1.795 -1.353 -0.804 -1.259
-1.347 -0.924 -0.646 -0.376 0.348 0.086 -0.324 -1.067 -1.174 -0.884 -0.645 -0.419 -0.371 -0.41 -0.637 -0.629 -0.771 -1.615 -2.174 -2.389 -2.351 -2.298 -2.391 -2.516 -2.439 -2.103 -1.735 -1.541 -1.587 -1.903 -2.037 -1.719 -1.546 -1.297 -1.259 -0.684 -0.608 -1.291 -1.787 -2.155 -1.983 -1.822 -2.105 -2.382 -2.195 -1.945 -1.65 -1.505 -1.452 -1 -0.652 -0.649 -0.802 -1.068 -1.053 -0.753 -1.378 -1.811 -1.991 -1.85 -1.645 -1.339 -1.147 -1.589 -1.543 -1.817 -1.563 -1.622 -1.885 -1.511 -1.899 -1.807 -1.494 -0.998 -0.942 -1.495
-1.133 -0.84 -1.044 -0.478 0.219 0.205 -0.294 -1.052 -1.324 -1.02 -0.768 -0.671 -0.829 -1.065 -1.562 -1.117 -0.53 -1.105 -1.525 -2.201 -2.94 -2.809 -2.271 -1.978 -2.196 -2.297 -2.055 -2.075 -2.078 -1.96 -2.133 -1.861 -1.812 -1.74 -1.578 -1.21 -0.685 -1.051 -1.644 -2.183 -1.924 -1.666 -2.018 -2.142 -1.803 -1.623 -1.336 -1.201 -1.146 -0.758 -0.665 -1.053 -1.305 -1.455 -1.058 -1.037 -1.349 -1.776 -1.961 -1.809 -1.537 -1.332 -1.235 -1.475 -1.651 -1.931 -1.697 -1.729 -1.863 -1.699 -1.679 -1.416 -1.289 -0.917 -1.344 -1.778
-1.164 -1.335 -1.109 -0.567 -0.004 0.205 -0.462 -1.105 -1.267 -1.023 -1.018 -1.206 -1.736 -2.165 -2.098 -1.394 -0.709 -0.818 -1.204 -1.888 -2.716 -3.144 -2.721 -2.085 -1.772 -2.044 -2.299 -2.313 -2.349 -2.114 -2.22 -1.99 -1.738 -1.613 -1.486 -1.364 -0.959 -0.931 -1.527 -1.96 -1.695 -1.483 -1.806 -1.991 -1.592 -1.306 -1.25 -1.165 -1.02 -0.787 -0.989 -1.423 -1.604 -1.523 -1.099 -1.357 -1.569 -1.628 -1.931 -1.969 -1.666 -1.358 -1.499 -1.658 -1.743 -1.994 -1.711 -1.91 -1.835 -1.873 -1.638 -1.262 -0.991 -1.038 -1.613 -2.119
-1.356 -1.686 -1.222 -0.765 -0.16 0.082 -0.683 -0.971 -1.039 -1.196 -1.504 -2.354 -2.982 -2.423 -2.049 -1.684 -1.317 -1.448 -1.704 -1.72 -2.379 -2.748 -2.828 -2.411 -1.834 -1.657 -1.818 -1.806 -1.937 -1.78 -1.767 -1.818 -1.774 -1.761 -1.572 -1.403 -1.079 -0.91 -1.432 -1.59 -1.234 -1.219 -1.511 -1.748 -1.551 -1.508 -1.636 -1.53 -1.22 -0.91 -1.187 -1.596 -1.644 -1.435 -1.098 -1.361 -1.688 -1.73 -1.837 -1.887 -1.822 -1.51 -1.698 -1.497 -1.544 -1.786 -1.762 -1.814 -1.765 -1.831 -1.66 -1.24 -0.877 -1.128 -1.781 -2.29
-1.665 -1.596 -1.265 -0.85 -0.064 0.046 -0.549 -0.675 -0.867 -1.301 -1.86 -2.685 -2.926 -2.438 -2.248 -1.997 -1.8 -1.993 -2.15 -1.833 -2.236 -2.488 -2.323 -2.567 -2.128 -1.652 -1.544 -1.491 -1.441 -1.371 -1.289 -1.261 -1.278 -1.352 -1.228 -1.171 -1.198 -1.108 -1.332 -1.112 -0.98 -1.25 -1.454 -1.561 -1.798 -1.819 -1.719 -1.469 -1.252 -1.142 -1.284 -1.721 -1.539 -1.291 -1.131 -1.358 -1.695 -1.525 -1.544 -1.687 -1.733 -1.405 -1.176 -1.067 -1.518 -1.643 -1.523 -1.539 -1.559 -1.448 -1.407 -1.161 -1.104 -0.941 -1.359 -1.894
-1.683 -1.366 -0.945 -0.656 0.209 -0.394 -0.85 -0.979 -1.275 -1.751 -2.288 -3.021 -3.124 -2.889 -2.809 -2.641 -2.525 -2.627 -2.644 -2.251 -2.302 -2.596 -2.186 -2.197 -2.053 -1.677 -1.801 -1.789 -1.586 -1.6 -1.651 -1.557 -1.347 -1.167 -1.249 -1.482 -1.588 -1.355 -1.227 -0.847 -1.145 -1.435 -1.774 -1.753 -1.979 -1.781 -1.53 -1.438 -1.515 -1.515 -1.359 -1.778 -1.399 -1.468 -1.3 -1.185 -1.359 -1.384 -1.567 -1.537 -1.227 -0.889 -0.886 -1.256 -1.283 -1.253 -1.089 -1.411 -1.578 -1.649 -1.374 -1.451 -1.236 -0.876 -0.955 -1.306
-1.325 -1.057 -0.811 -0.402 0.251 -0.845 -1.572 -1.907 -2.311 -2.474 -2.577 -3.025 -3.074 -2.993 -2.825 -2.903 -3.148 -3.236 -2.937 -2.828 -2.842 -2.771 -2.393 -1.948 -1.808 -1.949 -2.288 -2.184 -2.05 -1.999 -1.891 -1.666 -1.511 -1.545 -1.682 -1.758 -1.56 -1.265 -1.03 -0.619 -0.955 -1.47 -1.738 -1.932 -2.09 -1.865 -1.718 -1.802 -1.809 -1.621 -1.405 -1.812 -1.61 -1.74 -1.554 -1.011 -1.087 -1.296 -1.286 -1.066 -0.749 -0.488 -0.93 -1.235 -1.015 -0.892 -0.944 -1.056 -1.154 -1.254 -1.364 -1.598 -1.322 -0.941 -0.781 -0.881
-0.959 -0.767 -0.489 -0.308 0.15 -0.663 -1.585 -2.401 -2.95 -3.074 -2.813 -2.726 -2.839 -3.068 -2.78 -2.686 -2.956 -3.205 -2.757 -2.772 -3.037 -3.139 -2.567 -2.217 -2.058 -2.423 -2.441 -2.186 -1.963 -1.783 -1.646 -1.588 -1.724 -1.856 -1.752 -1.593 -1.353 -0.966 -0.579 -0.373 -0.782 -1.223 -1.542 -1.86 -1.765 -1.983 -2.01 -2.124 -1.896 -1.763 -1.7 -1.821 -1.743 -1.485 -1.476 -1.037 -0.642 -0.614 -0.537 -0.459 -0.276 -0.546 -0.979 -1.019 -0.787 -0.941 -1.089 -1.226 -1.224 -1.302 -1.375 -1.426 -1.232 -1.104 -0.899 -0.744
-0.689 -0.643 -0.658 -0.637 -0.064 -0.529 -1.376 -2.185 -2.765 -3.094 -2.781 -2.487 -2.495 -2.718 -2.675 -2.58 -2.74 -3.133 -2.806 -2.506 -2.754 -3.092 -2.828 -2.617 -2.479 -2.586 -2.283 -2.036 -1.929 -1.921 -1.959 -1.921 -1.882 -1.757 -1.589 -1.318 -1.015 -0.573 -0.266 -0.401 -0.562 -0.79 -1.201 -1.52 -1.45 -1.997 -1.889 -1.945 -2.093 -1.737 -1.595 -1.399 -1.313 -1.012 -0.906 -0.666 -0.324 -0.083 0.006 0.017 -0.073 -0.449 -0.644 -0.662 -0.502 -0.765 -0.83 -1.03 -1.212 -1.478 -1.511 -1.489 -1.397 -1.319 -1.208 -1.002
-1.041 -1.265 -1.093 -0.762 -0.259 -0.755 -1.468 -1.962 -2.206 -2.856 -2.934 -2.547 -2.261 -2.243 -2.342 -2.447 -2.647 -2.968 -2.796 -2.457 -2.406 -2.522 -2.628 -2.648 -2.442 -2.56 -2.46 -2.241 -2.034 -1.782 -1.897 -1.767 -1.692 -1.385 -1.181 -0.967 -0.55 -0.268 -0.415 -0.857 -0.902 -0.908 -0.916 -0.911 -1.544 -1.745 -1.623 -2.065 -2.062 -1.537 -1.274 -1.015 -0.808 -0.489 -0.258 -0.227 -0.269 -0.327 -0.272 -0.25 -0.017 -0.006 -0.064 0.006 0.025 -0.072 -0.156 -0.373 -0.626 -1.205 -1.354 -1.412 -1.411 -1.315 -1.411 -1.352
-1.839 -1.575 -0.927 -0.61 -0.559 -1.132 -1.864 -2.389 -2.672 -3.047 -2.848 -2.748 -2.415 -2.095 -2.064 -2.216 -2.509 -2.521 -2.686 -2.503 -2.258 -2.17 -2.18 -2.332 -2.248 -2.478 -2.623 -2.25 -1.993 -1.539 -1.271 -1.585 -1.265 -1.147 -0.759 -0.421 -0.233 -0.425 -0.832 -1.254 -1.306 -1.226 -1.227 -1.277 -1.188 -1.416 -1.874 -1.986 -1.725 -1.196 -0.831 -0.527 -0.347 -0.321 -0.542 -0.639 -0.871 -0.895 -0.849 -0.717 -0.476 -0.361 -0.28 -0.117 0.078 0.168 0.19 0.051 -0.201 -0.721 -0.792 -0.822 -0.901 -0.885 -1.061 -1.103
-1.804 -1.378 -1.025 -0.974 -1.175 -1.731 -2.383 -3.011 -3.204 -3.037 -2.609 -2.472 -2.283 -2.055 -1.965 -1.983 -2.214 -2.563 -2.883 -2.694 -2.4 -2.212 -2.021 -1.97 -2.175 -2.453 -2.513 -2.2 -2.113 -1.651 -1.037 -1.166 -0.991 -0.565 -0.288 -0.212 -0.314 -0.626 -1.01 -1.452 -1.69 -1.777 -1.53 -1.692 -1.453 -1.61 -1.866 -1.586 -1.27 -0.826 -0.478 -0.455 -0.717 -0.754 -1.075 -1.048 -1.401 -1.317 -1.268 -1.086 -0.895 -0.762 -0.736 -0.733 -0.495 -0.379 -0.176 0.142 0.124 -0.205 -0.068 -0.16 -0.268 -0.381 -0.631 -0.697
-1.738 -1.49 -1.318 -1.353 -1.662 -2.361 -3.042 -3.071 -2.973 -2.8 -2.493 -2.247 -2.104 -2.008 -1.94 -1.885 -1.987 -2.489 -2.844 -3.011 -2.813 -2.549 -2.031 -1.799 -2.389 -2.152 -2.181 -1.829 -1.663 -1.691 -1.227 -0.618 -0.513 -0.246 -0.246 -0.481 -0.78 -0.823 -0.798 -1.151 -1.562 -1.955 -1.916 -1.81 -1.73 -1.774 -1.586 -1.179 -0.801 -0.578 -0.569 -0.952 -1.178 -1.163 -1.383 -1.5 -1.528 -1.284 -1.117 -1.108 -1.166 -1.076 -1.045 -1.168 -0.97 -1.035 -0.914 -0.307 0.162 0.222 0.29 0.307 0.342 0.121 -0.193 -0.338
-2.205 -1.909 -1.783 -2.042 -2.506 -2.778 -2.744 -2.942 -2.785 -2.537 -2.359 -2.208 -2.155 -2.172 -2.16 -1.815 -1.771 -1.975 -2.326 -2.872 -2.77 -2.388 -1.835 -1.612 -2.319 -1.953 -1.721 -1.838 -1.303 -1.35 -0.969 -0.491 -0.243 -0.284 -0.601 -0.974 -1.251 -1.341 -1.339 -0.937 -1.308 -1.652 -1.774 -1.686 -1.504 -1.384 -1.176 -0.831 -0.68 -0.873 -0.984 -1.27 -1.502 -1.432 -1.449 -1.506 -1.303 -1.057 -0.894 -0.722 -0.846 -1.062 -1.287 -1.439 -1.408 -1.484 -1.171 -0.707 -0.324 0.123 0.161 0.191 0.469 0.551 0.354 0.057
-2.563 -2.437 -2.647 -2.448 -2.37 -2.556 -2.368 -2.625 -2.726 -2.475 -2.337 -2.498 -2.707 -2.915 -2.569 -1.997 -1.688 -1.648 -2.025 -2.515 -2.299 -2.029 -1.484 -1.527 -2.216 -1.836 -1.361 -1.438 -1.216 -0.821 -0.474 -0.197 -0.319 -0.655 -0.942 -1.338 -1.592 -1.687 -1.504 -1.208 -1.052 -1.51 -1.649 -1.405 -1.207 -1.148 -0.99 -0.868 -1.024 -1.302 -1.471 -1.538 -1.688 -1.597 -1.516 -1.44 -1.407 -1.299 -1.189 -0.91 -0.605 -0.599 -1.067 -1.305 -1.514 -1.5 -1.276 -1.037 -0.704 -0.425 -0.249 0.026 0.133 0.44 0.676 0.375
-2.264 -2.107 -2.337 -1.834 -1.863 -2.154 -2.145 -2.146 -2.294 -2.724 -2.791 -3.249 -2.863 -2.587 -2.69 -2.293 -1.764 -1.589 -1.741 -2.32 -1.963 -1.402 -1.148 -1.601 -2.054 -1.816 -1.418 -0.926 -0.867 -0.431 -0.197 -0.233 -0.603 -1.08 -1.096 -1.489 -1.77 -1.703 -1.476 -1.395 -1.198 -1.614 -1.671 -1.503 -1.341 -1.292 -1.223 -1.243 -1.395 -1.589 -1.683 -1.654 -1.698 -1.788 -1.529 -1.337 -1.289 -1.3 -1.463 -1.174 -0.805 -0.51 -0.528 -0.927 -1.132 -1.135 -1.371 -1.4 -1.094 -0.878 -0.531 -0.274 -0.378 -0.135 0.188 0.617
-1.904 -1.56 -2.024 -1.646 -1.593 -1.75 -1.74 -2.044 -2.621 -2.489 -2.723 -3.108 -2.657 -2.161 -2.233 -2.393 -1.876 -1.526 -1.592 -2.145 -1.87 -1.198 -0.947 -1.594 -1.78 -1.548 -1.212 -0.691 -0.398 -0.187 -0.28 -0.539 -0.809 -1.297 -1.372 -1.399 -1.843 -1.793 -1.686 -1.678 -1.464 -1.754 -1.811 -1.698 -1.613 -1.461 -1.43 -1.632 -1.709 -1.709 -1.517 -1.348 -1.494 -1.712 -1.574 -1.428 -1.15 -0.911 -1.37 -1.425 -1.24 -0.881 -0.38 -0.558 -0.848 -0.989 -1.449 -1.447 -1.13 -0.904 -0.535 -0.317 -0.583 -0.207 0.008 0.609
-1.754 -1.215 -1.606 -1.331 -1.226 -1.401 -1.741 -2.493 -2.701 -2.17 -2.227 -2.573 -2.666 -2.133 -1.826 -2.02 -1.927 -1.443 -1.493 -1.927 -1.652 -1.148 -0.685 -1.222 -1.538 -1.244 -0.813 -0.39 -0.148 -0.272 -0.664 -1.007 -0.821 -1.36 -1.642 -1.629 -1.998 -1.98 -1.816 -1.737 -1.377 -1.662 -1.936 -1.725 -1.531 -1.302 -1.413 -1.886 -1.88 -1.709 -1.409 -1.022 -1.156 -1.534 -1.698 -1.366 -0.981 -0.703 -0.977 -1.422 -1.215 -0.927 -0.313 -0.328 -0.975 -1.276 -1.575 -1.319 -1.048 -0.728 -0.415 -0.471 -1.004 -0.474 -0.221 0.383
-1.322 -0.982 -1.089 -1.005 -1.161 -1.607 -2.137 -2.475 -2.632 -2.098 -1.85 -2.304 -2.812 -2.417 -2.069 -1.709 -1.524 -1.343 -1.419 -1.639 -1.547 -1.057 -0.394 -0.686 -1.113 -0.917 -0.397 -0.162 -0.299 -0.688 -1.029 -1.432 -0.988 -1.147 -1.694 -2.03 -2.204 -2.099 -1.937 -1.749 -1.348 -1.252 -1.618 -1.54 -1.337 -1.24 -1.416 -1.759 -1.674 -1.428 -1.188 -0.792 -1.112 -1.634 -1.645 -1.28 -1.042 -0.596 -0.796 -1.41 -1.111 -0.605 -0.145 -0.25 -0.821 -1.241 -1.791 -1.845 -1.527 -1.096 -1.195 -1.365 -1.467 -1.016 -0.607 -0.076
-0.812 -0.799 -1.036 -1.302 -1.626 -2.075 -2.152 -2.024 -2.28 -1.865 -1.802 -2.387 -2.741 -2.474 -2.214 -1.742 -1.23 -1.253 -1.47 -1.714 -1.507 -0.969 -0.186 -0.284 -0.662 -0.458 -0.163 -0.329 -0.686 -1.128 -1.339 -1.635 -1.277 -0.97 -1.609 -2.305 -2.338 -2.245 -1.828 -1.536 -1.37 -1.055 -1.04 -1.058 -1.084 -1.232 -1.446 -1.763 -1.551 -1.41 -1.147 -0.825 -0.752 -1.372 -1.53 -1.123 -0.757 -0.256 -0.426 -1.066 -1.15 -0.644 -0.04 -0.22 -0.777 -1.246 -1.52 -1.775 -1.927 -1.658 -1.618 -1.585 -1.469 -0.949 -0.536 -0.143
-0.856 -1.114 -1.551 -2.066 -2.364 -2.307 -2.088 -1.876 -1.845 -1.615 -1.71 -2.19 -2.373 -2.077 -1.848 -1.463 -1.121 -1.229 -1.652 -1.714 -1.308 -0.762 -0.113 -0.038 -0.316 -0.137 -0.327 -0.727 -1.099 -1.423 -1.622 -1.761 -1.642 -1.377 -1.651 -2.363 -2.288 -2.095 -1.654 -1.702 -1.711 -1.242 -0.799 -0.769 -0.809 -1.308 -1.691 -2.062 -1.952 -1.713 -1.394 -0.469 -0.375 -1.033 -1.339 -1.372 -1.117 -0.453 0.146 -0.434 -0.621 -0.328 0.037 -0.514 -1.017 -1.264 -1.034 -1.172 -1.603 -1.585 -1.32 -1.145 -0.952 -0.555 -0.138 0.156
-1.446 -1.81 -2.196 -2.549 -2.714 -2.583 -2.572 -2.166 -1.817 -1.784 -1.583 -1.605 -1.837 -1.585 -1.447 -1.086 -1.031 -1.379 -1.68 -1.433 -1.064 -0.552 0.018 0.049 -0.07 -0.308 -0.708 -1.134 -1.424 -1.533 -1.564 -1.849 -2.117 -1.961 -2 -2.112 -1.946 -1.706 -1.586 -1.838 -1.775 -1.281 -1.185 -0.699 -0.941 -1.28 -1.626 -2.112 -2.26 -2.065 -1.367 -0.368 0.185 -0.226 -0.959 -1.465 -1.06 -0.541 0.039 0.167 0.204 0.32 0.094 -0.667 -1.173 -0.93 -0.614 -0.77 -1.381 -1.589 -1.198 -0.869 -0.568 -0.331 -0.156 -0.137
-2.067 -2.344 -2.473 -2.409 -2.295 -2.472 -2.458 -2.478 -2.228 -2.09 -1.899 -1.438 -1.265 -1.098 -0.953 -0.891 -1.081 -1.388 -1.354 -1.138 -0.733 -0.247 0.164 0.067 -0.199 -0.611 -1.115 -1.345 -1.313 -1.281 -1.67 -1.99 -2.129 -2.095 -2.17 -2.187 -2.069 -1.705 -1.784 -1.952 -1.698 -1.419 -1.393 -0.697 -0.565 -1.294 -1.642 -2.046 -1.884 -1.515 -0.941 -0.402 0.164 0.282 -0.656 -1.027 -1.22 -0.798 -0.223 -0.378 -0.162 0.361 0.371 -0.312 -0.636 -0.417 -0.478 -0.938 -1.366 -1.419 -1.354 -1.118 -0.797 -0.614 -0.888 -0.691
-2.62 -2.412 -2.173 -2.011 -1.951 -1.996 -1.936 -2.352 -2.088 -1.864 -1.798 -1.326 -0.834 -0.635 -0.792 -1.124 -1.11 -1.08 -1.022 -0.672 -0.278 0.123 0.232 -0.125 -0.631 -0.759 -0.966 -1.043 -1.216 -1.599 -1.708 -1.718 -1.689 -1.502 -1.808 -1.926 -2.036 -1.861 -1.794 -1.699 -1.71 -1.816 -1.381 -0.844 -0.308 -1.013 -1.437 -1.668 -1.692 -1.232 -1.079 -0.89 -0.242 0.526 -0.109 -0.721 -1.26 -0.926 -0.725 -0.895 -0.455 -0.026 0.512 0.287 0.003 0.054 -0.548 -1.041 -1.302 -0.91 -0.94 -0.994 -0.784 -0.793 -1.263 -0.874
-2.612 -2.418 -1.969 -1.555 -1.846 -1.82 -1.542 -2.116 -1.646 -1.416 -1.469 -1.033 -0.492 -0.72 -1.044 -1.073 -0.882 -0.751 -0.46 -0.269 0.089 0.265 0.07 -0.311 -0.436 -0.933 -1.146 -1.383 -1.57 -1.41 -1.429 -1.423 -1.279 -1.415 -1.507 -1.817 -2.185 -1.999 -1.652 -1.354 -1.363 -1.44 -1.385 -0.865 -0.192 -0.616 -1.15 -1.643 -1.48 -1.206 -1.309 -0.937 -0.425 0.405 0.154 -0.635 -1.079 -1.198 -1.082 -1.035 -0.727 -0.256 0.413 0.554 0.025 -0.023 -0.546 -1.146 -1.395 -0.879 -0.574 -0.463 -0.295 -0.251 -0.877 -1.179
-1.992 -2.078 -1.759 -1.442 -1.638 -1.803 -1.192 -1.783 -1.402 -1.171 -1.179 -0.878 -0.425 -0.896 -0.847 -0.714 -0.395 -0.102 0.108 0.312 0.353 0.208 0 -0.051 -0.536 -0.957 -1.197 -1.041 -0.918 -1.04 -0.985 -0.953 -1.029 -1.159 -1.368 -1.738 -1.853 -1.793 -1.494 -1.256 -1.391 -1.254 -1.055 -0.784 -0.204 -0.392 -1.003 -1.546 -1.589 -1.245 -1.253 -0.966 -0.46 0.291 0.458 0.015 -0.389 -0.789 -0.816 -0.992 -0.6 -0.089 0.54 0.413 -0.217 -0.472 -0.54 -1.081 -1.371 -1.149 -1.027 -0.831 -0.487 0.098 -0.524 -1.255
-1.584 -1.828 -1.156 -1.055 -1.626 -1.803 -0.96 -1.498 -1.251 -0.996 -0.783 -0.47 -0.348 -0.841 -0.38 -0.074 0.153 0.427 0.414 0.279 0.138 -0.195 -0.582 -0.308 -0.411 -0.783 -0.539 -0.457 -0.475 -0.674 -0.939 -1.202 -1.467 -1.505 -1.435 -1.341 -1.391 -1.585 -1.642 -1.415 -1.615 -1.659 -1.345 -0.968 -0.315 -0.172 -0.843 -1.43 -1.5 -1.151 -0.818 -0.813 -0.303 0.214 0.311 0.497 0.414 -0.044 -0.573 -0.613 -0.032 0.42 0.676 0.117 -0.507 -0.752 -0.9 -1.019 -0.874 -0.665 -0.812 -0.891 -0.354 0.259 -0.449 -1.244
-1.587 -1.6 -0.735 -1.229 -1.809 -1.883 -0.93 -1.092 -1.225 -0.736 -0.289 -0.14 -0.456 -0.664 -0.05 0.36 0.5 0.194 -0.047 -0.23 -0.297 -0.826 -1.119 -0.955 -0.355 -0.263 -0.391 -0.728 -0.815 -0.887 -1.426 -1.746 -1.794 -1.573 -1.424 -0.987 -1.247 -1.479 -1.689 -1.585 -1.518 -1.753 -1.692 -1.266 -0.47 -0.157 -0.929 -1.472 -1.455 -1.039 -0.49 -0.243 -0.083 -0.289 -0.534 -0.03 0.587 0.58 0.014 0.219 0.566 0.693 0.49 -0.157 -0.732 -0.916 -1.281 -1.281 -0.731 -0.125 0.018 -0.145 0.193 0.083 -0.747 -1.042
-1.619 -1.64 -0.611 -0.864 -1.411 -1.775 -1.034 -0.789 -1.31 -0.701 0.033 0.011 -0.442 -0.18 0.297 0.537 0.161 -0.258 -0.627 -0.922 -0.788 -1.254 -1.486 -1.283 -0.8 -0.34 -0.715 -1.101 -1.192 -1.106 -1.446 -1.639 -1.679 -1.251 -1.114 -0.955 -1.247 -1.492 -1.64 -1.428 -1.16 -1.367 -1.292 -0.945 -0.329 -0.213 -0.975 -1.567 -1.479 -1.135 -0.747 -0.537 -0.605 -1.032 -0.891 -0.445 -0.084 0.56 0.806 0.849 0.465 0.322 -0.033 -0.059 -0.523 -1.059 -1.121 -1.287 -0.837 -0.411 -0.287 0.232 0.35 0.433 -0.108 -0.292
-1.443 -1.372 -0.458 -0.639 -1.183 -1.688 -1.153 -0.602 -1.236 -0.787 0.11 0.201 0.098 0.355 0.568 0.232 -0.266 -0.513 -1.028 -1.455 -1.433 -1.444 -1.246 -1.02 -0.841 -0.417 -0.756 -1.241 -1.468 -1.506 -1.545 -1.45 -1.49 -1.121 -0.85 -0.98 -1.225 -1.433 -1.505 -1.049 -0.612 -0.706 -0.532 -0.244 -0.046 -0.31 -0.862 -1.415 -1.479 -1.396 -1.287 -1.193 -1.146 -1.206 -1.095 -0.839 -0.513 0.04 0.87 0.92 0.246 -0.107 -0.127 -0.483 -0.569 -0.933 -0.583 -1.035 -1.301 -1.094 -0.646 -0.421 -0.189 0.435 0.349 -0.02
-0.922 -1.025 -0.344 -0.507 -1.155 -1.271 -1.116 -0.49 -0.871 -0.548 0.262 0.486 0.583 0.662 0.389 -0.081 -0.462 -1.026 -1.437 -1.83 -1.606 -1.307 -1.082 -1.098 -0.92 -0.674 -0.765 -1.257 -1.631 -1.925 -1.635 -1.205 -1.099 -0.916 -0.822 -1.129 -1.363 -1.434 -1.494 -1.041 -0.568 -0.174 0.216 0.207 -0.147 -0.622 -1.031 -1.379 -1.213 -1.098 -1.147 -1.014 -1.047 -0.873 -0.937 -1.074 -0.694 -0.001 0.921 0.75 0.23 -0.124 -0.516 -0.678 -1.005 -0.811 -0.289 -0.778 -1.011 -1.086 -1.033 -0.929 -0.203 0.402 0.293 -0.538
