data/climatemaps/RS_maps/climate_breeding_tmp_2008.asc
NCOLS 369 
NROWS 228 
XLLCORNER 479000 
YLLCORNER 73000 
CELLSIZE 1000 
NODATA_value -9 
[rows 136 to 169 of 228, columns 0 to 75 of 369]
-9 -9 -9 -9 -9 -9 -9 -9 0.494 0.453 0.447 0.432 0.437 0.43 0.3 0.224 0.145 0.119 0.087 0.07 0.054 0.116 -0.035 -0.084 -0.156 -0.185 -0.12 -0.011 0.073 0.174 0.258 0.273 0.19 -0.053 -0.225 -0.246 -0.229 -0.156 0.017 0.249 0.462 0.602 0.691 0.776 0.798 0.823 0.864 0.909 0.857 0.885 0.95 1.046 0.979 0.902 0.872 0.854 0.849 0.837 0.824 0.78 0.723 0.68 0.661 0.6 0.571 0.481 0.479 0.54 0.68 0.712 0.729 0.706 0.776 0.754 0.688 0.589
-9 -9 -9 -9 -9 -9 -9 -9 0.529 0.457 0.425 0.411 0.386 0.294 0.156 0.137 0.16 0.158 0.148 0.13 0.112 0.08 -0.101 -0.142 -0.18 -0.127 -0.037 0.068 0.175 0.251 0.264 0.168 -0.034 -0.188 -0.282 -0.299 -0.278 -0.155 0.036 0.384 0.589 0.685 0.747 0.773 0.798 0.833 0.87 0.879 0.839 0.886 1.023 1.012 0.984 0.931 0.866 0.84 0.835 0.835 0.809 0.754 0.695 0.642 0.614 0.54 0.524 0.447 0.426 0.517 0.646 0.671 0.697 0.67 0.78 0.771 0.73 0.645
-9 -9 -9 -9 -9 -9 -9 -9 0.507 0.429 0.406 0.376 0.238 0.16 0.134 0.15 0.181 0.202 0.182 0.163 0.125 -0.054 -0.158 -0.161 -0.119 -0.035 0.051 0.145 0.237 0.259 0.144 -0.04 -0.168 -0.232 -0.327 -0.385 -0.367 -0.055 0.227 0.523 0.676 0.741 0.759 0.777 0.8 0.835 0.87 0.847 0.846 0.889 1.012 0.997 0.977 0.929 0.831 0.829 0.829 0.824 0.777 0.716 0.667 0.627 0.555 0.505 0.486 0.44 0.404 0.548 0.63 0.648 0.689 0.648 0.736 0.799 0.73 0.599
-9 -9 -9 -9 -9 -9 -9 0.494 0.493 0.451 0.367 0.234 0.142 0.119 0.139 0.155 0.178 0.203 0.193 0.183 0 -0.165 -0.15 -0.075 -0.014 0.071 0.149 0.234 0.235 0.115 -0.049 -0.143 -0.214 -0.326 -0.463 -0.47 -0.292 0.031 0.414 0.613 0.708 0.748 0.751 0.772 0.796 0.838 0.867 0.863 0.867 0.897 0.973 1.03 0.965 0.916 0.829 0.842 0.829 0.809 0.743 0.689 0.657 0.608 0.521 0.511 0.458 0.434 0.454 0.552 0.634 0.642 0.681 0.643 0.734 0.821 0.69 0.556
-9 -9 -9 -9 -9 -9 -9 0.472 0.448 0.445 0.265 0.183 0.193 0.15 0.146 0.175 0.173 0.159 0.167 0.124 -0.119 -0.127 -0.085 -0.01 0.08 0.14 0.224 0.239 0.056 -0.112 -0.17 -0.185 -0.297 -0.445 -0.509 -0.383 -0.207 0.041 0.475 0.675 0.723 0.74 0.733 0.768 0.801 0.821 0.865 0.89 0.904 0.928 0.973 1.05 0.978 0.909 0.83 0.843 0.829 0.784 0.721 0.679 0.655 0.588 0.551 0.495 0.422 0.392 0.433 0.528 0.619 0.636 0.667 0.654 0.738 0.808 0.655 0.56
-9 -9 -9 -9 -9 -9 -9 0.444 0.456 0.425 0.304 0.256 0.247 0.24 0.226 0.161 0.145 0.168 0.146 -0.049 -0.114 -0.051 -0.018 0.029 0.106 0.193 0.215 0.086 -0.164 -0.218 -0.193 -0.276 -0.426 -0.461 -0.408 -0.287 -0.134 0.178 0.565 0.697 0.726 0.726 0.73 0.768 0.814 0.826 0.88 0.906 0.932 0.963 1.011 1.051 1.005 0.911 0.841 0.847 0.832 0.784 0.705 0.689 0.618 0.554 0.524 0.462 0.418 0.376 0.416 0.514 0.553 0.623 0.616 0.657 0.746 0.788 0.671 0.616
-9 -9 -9 -9 -9 -9 -9 0.435 0.417 0.347 0.308 0.272 0.317 0.296 0.206 0.14 0.149 0.164 0.003 -0.067 -0.07 -0.036 -0.016 0.057 0.186 0.168 0.038 -0.075 -0.195 -0.182 -0.199 -0.362 -0.436 -0.384 -0.345 -0.198 0.098 0.456 0.654 0.708 0.72 0.717 0.732 0.771 0.827 0.853 0.889 0.92 0.972 1.004 1.041 1.06 1.008 0.937 0.879 0.862 0.831 0.794 0.71 0.664 0.569 0.5 0.479 0.47 0.432 0.394 0.429 0.508 0.505 0.58 0.608 0.651 0.761 0.789 0.704 0.623
-9 -9 -9 -9 -9 -9 -9 0.396 0.322 0.277 0.303 0.345 0.377 0.299 0.176 0.216 0.181 0.049 -0.045 0 -0.006 0.006 0.049 0.192 0.166 0.001 -0.105 -0.179 -0.209 -0.186 -0.256 -0.394 -0.324 -0.265 -0.196 0.098 0.445 0.635 0.7 0.706 0.71 0.701 0.721 0.754 0.827 0.885 0.9 0.953 0.979 1.009 1.048 1.063 1.015 0.969 0.944 0.894 0.841 0.794 0.709 0.644 0.57 0.52 0.468 0.451 0.439 0.426 0.448 0.467 0.501 0.53 0.6 0.665 0.763 0.79 0.725 0.597
-9 -9 -9 -9 -9 -9 -9 0.273 0.269 0.24 0.279 0.417 0.4 0.309 0.294 0.266 0.074 -0.03 -0.022 0.006 0.014 0.045 0.196 0.123 -0.017 -0.1 -0.17 -0.15 -0.171 -0.244 -0.327 -0.335 -0.221 -0.145 0.151 0.454 0.626 0.686 0.71 0.696 0.712 0.696 0.727 0.771 0.841 0.916 0.928 0.965 0.957 1.017 1.025 1.068 1.047 1.006 1.002 0.942 0.871 0.798 0.741 0.655 0.584 0.552 0.482 0.461 0.462 0.431 0.419 0.447 0.521 0.543 0.58 0.676 0.757 0.768 0.75 0.656
-9 -9 -9 -9 -9 -9 -9 0.201 0.261 0.265 0.349 0.475 0.425 0.398 0.34 0.138 -0.029 -0.027 -0.006 0.011 0.025 0.14 0.116 -0.071 -0.138 -0.223 -0.203 -0.15 -0.21 -0.285 -0.225 -0.117 -0.066 0.117 0.439 0.606 0.672 0.693 0.677 0.682 0.701 0.692 0.753 0.803 0.863 0.946 0.945 0.948 0.96 1.022 1.013 1.05 1.081 1.062 1.05 0.997 0.917 0.825 0.775 0.696 0.639 0.592 0.531 0.509 0.496 0.451 0.447 0.491 0.566 0.587 0.614 0.68 0.702 0.755 0.758 0.693
-9 -9 -9 -9 -9 -9 -9 0.206 0.276 0.355 0.521 0.566 0.546 0.429 0.191 0.007 -0.013 -0.013 -0.015 0.019 0.138 0.12 -0.11 -0.196 -0.299 -0.288 -0.178 -0.158 -0.212 -0.123 0.002 0.1 0.213 0.407 0.562 0.672 0.699 0.71 0.681 0.677 0.696 0.703 0.77 0.83 0.902 0.969 0.946 0.951 0.98 1.022 1.04 1.032 1.086 1.086 1.077 1.047 0.98 0.874 0.809 0.738 0.716 0.665 0.616 0.57 0.522 0.494 0.509 0.558 0.626 0.651 0.653 0.66 0.649 0.747 0.738 0.682
-9 -9 -9 -9 -9 -9 0.18 0.245 0.378 0.545 0.549 0.49 0.591 0.268 0.063 0.005 0.001 -0.026 0.005 0.139 0.158 -0.064 -0.218 -0.329 -0.319 -0.19 -0.185 -0.285 -0.192 -0.013 0.112 0.184 0.26 0.431 0.598 0.692 0.716 0.734 0.723 0.706 0.762 0.78 0.789 0.864 0.939 0.969 0.98 0.987 0.999 1.03 1.061 1.08 1.106 1.087 1.097 1.08 1.035 0.956 0.875 0.818 0.794 0.73 0.71 0.6 0.549 0.527 0.574 0.615 0.667 0.683 0.665 0.654 0.669 0.705 0.691 0.665
-9 -9 -9 -9 -9 0.334 0.263 0.456 0.591 0.545 0.383 0.354 0.556 0.232 0.046 -0.01 -0.039 0.011 0.16 0.168 -0.023 -0.188 -0.331 -0.333 -0.233 -0.123 -0.225 -0.296 -0.15 0.012 0.226 0.251 0.337 0.544 0.641 0.706 0.735 0.76 0.759 0.739 0.804 0.837 0.861 0.936 0.955 0.959 1.016 1.041 1.058 1.104 1.118 1.09 1.118 1.092 1.109 1.121 1.092 1.038 0.973 0.914 0.884 0.846 0.801 0.684 0.651 0.61 0.624 0.624 0.657 0.677 0.679 0.669 0.644 0.519 0.643 0.629
-9 -9 -9 -9 -9 0.432 0.452 0.625 0.556 0.386 0.27 0.277 0.534 0.273 0.014 -0.021 0.019 0.155 0.214 0.025 -0.209 -0.306 -0.343 -0.227 -0.132 -0.126 -0.22 -0.151 0.023 0.211 0.374 0.441 0.529 0.604 0.663 0.703 0.725 0.734 0.803 0.831 0.826 0.904 0.951 0.991 0.985 1 1.056 1.091 1.122 1.143 1.143 1.125 1.12 1.117 1.136 1.139 1.129 1.122 1.071 1.022 1.013 1.002 0.942 0.881 0.772 0.668 0.631 0.533 0.595 0.679 0.71 0.684 0.533 0.403 0.62 0.593
-9 -9 -9 -9 -9 0.696 0.712 0.639 0.427 0.261 0.201 0.256 0.535 0.337 0.077 0.072 0.177 0.227 0.134 -0.14 -0.314 -0.356 -0.229 -0.112 -0.085 -0.162 -0.154 0.016 0.197 0.361 0.404 0.491 0.59 0.633 0.676 0.699 0.713 0.764 0.808 0.91 0.92 0.948 0.953 1.014 1.021 1.052 1.083 1.114 1.142 1.143 1.143 1.143 1.143 1.143 1.148 1.144 1.141 1.133 1.132 1.126 1.124 1.121 1.101 1.07 0.913 0.705 0.646 0.585 0.561 0.712 0.734 0.671 0.438 0.335 0.582 0.614
-9 -9 -9 -9 -9 0.719 0.55 0.45 0.302 0.246 0.24 0.262 0.537 0.386 0.186 0.163 0.222 0.195 -0.046 -0.315 -0.325 -0.255 -0.126 -0.095 -0.035 -0.074 0.048 0.197 0.371 0.49 0.464 0.514 0.556 0.591 0.651 0.688 0.71 0.752 0.827 0.911 0.983 1.022 0.994 1.024 1.052 1.08 1.111 1.133 1.143 1.144 1.144 1.144 1.148 1.148 1.146 1.143 1.141 1.139 1.138 1.138 1.138 1.138 1.138 1.136 1.11 0.951 0.905 0.871 0.687 0.752 0.693 0.636 0.421 0.225 0.492 0.618
-9 -9 -9 -9 0.777 0.478 0.426 0.364 0.304 0.276 0.249 0.409 0.45 0.382 0.188 0.171 0.173 0.111 -0.201 -0.336 -0.28 -0.159 -0.107 -0.057 0.038 0.085 0.26 0.383 0.51 0.587 0.529 0.517 0.506 0.557 0.628 0.675 0.733 0.781 0.89 1 1.04 1.069 1.047 1.063 1.085 1.117 1.143 1.145 1.143 1.148 1.148 1.148 1.148 1.148 1.144 1.143 1.143 1.143 1.143 1.139 1.139 1.138 1.138 1.138 1.138 1.121 1.12 1.116 0.955 0.807 0.73 0.636 0.533 0.397 0.448 0.625
-9 -9 -9 -9 0.516 0.444 0.427 0.372 0.312 0.163 0.268 0.374 0.282 0.28 0.209 0.157 0.126 0.024 -0.129 -0.239 -0.219 -0.17 -0.1 0.029 0.118 0.251 0.39 0.52 0.59 0.657 0.608 0.535 0.56 0.648 0.758 0.833 0.914 0.978 1.038 1.074 1.084 1.101 1.094 1.106 1.118 1.141 1.15 1.148 1.145 1.149 1.148 1.148 1.148 1.148 1.148 1.145 1.144 1.143 1.143 1.143 1.143 1.139 1.139 1.139 1.139 1.138 1.133 1.134 1.121 1.006 0.955 0.838 0.734 0.718 0.749 0.848
-9 -9 -9 -9 0.507 0.457 0.376 0.337 0.184 0.128 0.118 0.222 0.163 0.164 0.209 0.161 0.046 -0.056 -0.105 -0.139 -0.152 -0.162 -0.061 0.102 0.199 0.275 0.472 0.619 0.67 0.716 0.659 0.612 0.706 0.849 0.959 1.032 1.089 1.116 1.122 1.129 1.13 1.128 1.134 1.144 1.15 1.153 1.153 1.15 1.148 1.153 1.15 1.15 1.148 1.148 1.148 1.148 1.147 1.143 1.143 1.143 1.143 1.143 1.143 1.143 1.143 1.138 1.134 1.138 1.138 1.138 1.138 1.123 1.09 1.079 1.059 1.054
-9 -9 -9 -9 0.504 0.403 0.308 0.246 0.123 0.016 -0.025 -0.027 0.059 0.082 0.075 0.064 0.004 -0.02 0.023 -0.017 -0.048 -0.012 0.091 0.188 0.261 0.401 0.58 0.709 0.746 0.771 0.705 0.744 0.921 1.007 1.057 1.105 1.149 1.156 1.158 1.161 1.158 1.153 1.158 1.155 1.154 1.153 1.153 1.153 1.151 1.156 1.155 1.153 1.152 1.15 1.15 1.148 1.148 1.143 1.143 1.143 1.143 1.143 1.143 1.144 1.145 1.14 1.135 1.138 1.138 1.138 1.138 1.138 1.139 1.143 1.134 1.105
-9 -9 -9 -9 0.426 0.345 0.248 0.157 0.114 0.008 -0.067 -0.121 -0.087 0.056 -0.048 -0.156 -0.023 -0.034 -0.124 -0.039 0.049 0.097 0.204 0.332 0.424 0.564 0.739 0.799 0.857 0.843 0.863 0.98 1.064 1.073 1.102 1.149 1.162 1.163 1.163 1.163 1.163 1.163 1.162 1.159 1.154 1.153 1.153 1.153 1.153 1.154 1.158 1.156 1.158 1.156 1.153 1.151 1.149 1.146 1.145 1.145 1.145 1.145 1.143 1.145 1.146 1.144 1.138 1.139 1.138 1.138 1.139 1.14 1.143 1.143 1.143 1.134
-9 -9 -9 0.427 0.36 0.294 0.212 0.149 0.091 0 -0.106 -0.141 -0.036 -0.024 -0.149 -0.184 -0.083 -0.205 -0.333 -0.214 -0.104 0.046 0.24 0.531 0.727 0.806 0.883 0.921 0.929 0.979 1.034 1.087 1.105 1.1 1.146 1.167 1.167 1.164 1.163 1.163 1.163 1.163 1.163 1.163 1.161 1.161 1.157 1.155 1.153 1.156 1.158 1.158 1.158 1.158 1.156 1.156 1.149 1.146 1.148 1.148 1.148 1.148 1.144 1.143 1.143 1.143 1.141 1.139 1.138 1.14 1.142 1.145 1.143 1.143 1.143 1.138
-9 -9 -9 0.373 0.29 0.174 0.171 0.135 0.093 0.014 -0.054 -0.049 -0.078 -0.147 -0.157 -0.105 -0.199 -0.366 -0.373 -0.313 -0.182 0.112 0.467 0.68 0.815 0.901 0.944 0.993 1.005 1.044 1.082 1.101 1.123 1.144 1.167 1.168 1.168 1.168 1.166 1.163 1.163 1.163 1.163 1.163 1.163 1.162 1.158 1.158 1.157 1.158 1.162 1.162 1.158 1.158 1.158 1.158 1.153 1.147 1.151 1.151 1.151 1.147 1.143 1.143 1.143 1.143 1.143 1.142 1.143 1.145 1.147 1.148 1.143 1.143 1.142 1.14
-9 -9 -9 0.332 0.219 0.157 0.159 0.111 0.064 0.014 -0.011 -0.12 -0.197 -0.165 -0.027 -0.071 -0.181 -0.362 -0.298 -0.093 0.098 0.421 0.685 0.831 0.896 0.939 0.991 1.039 1.067 1.088 1.1 1.117 1.155 1.168 1.168 1.168 1.168 1.168 1.168 1.168 1.168 1.163 1.163 1.163 1.163 1.163 1.162 1.16 1.158 1.161 1.163 1.163 1.162 1.162 1.162 1.162 1.16 1.152 1.157 1.157 1.154 1.151 1.15 1.15 1.15 1.149 1.149 1.147 1.148 1.148 1.148 1.145 1.143 1.143 1.143 1.145
-9 -9 -9 0.318 0.236 0.153 0.113 0.096 0.025 0.046 -0.108 -0.213 -0.201 -0.036 0.036 -0.089 -0.196 -0.246 -0.151 0.069 0.377 0.698 0.841 0.918 0.959 0.992 1.026 1.059 1.074 1.108 1.119 1.13 1.167 1.178 1.177 1.17 1.168 1.168 1.168 1.168 1.168 1.168 1.168 1.167 1.163 1.165 1.163 1.163 1.158 1.159 1.163 1.163 1.163 1.159 1.161 1.159 1.163 1.158 1.157 1.154 1.153 1.153 1.153 1.153 1.153 1.153 1.149 1.148 1.148 1.148 1.148 1.146 1.145 1.146 1.147 1.147
-9 -9 -9 -9 0.172 0.124 0.127 0.108 0.056 0.011 -0.14 -0.105 0 0.104 -0.046 -0.149 -0.222 -0.138 0.007 0.249 0.619 0.854 0.93 0.96 0.991 1.019 1.044 1.065 1.087 1.115 1.133 1.145 1.178 1.178 1.179 1.183 1.174 1.174 1.174 1.173 1.173 1.169 1.168 1.173 1.173 1.173 1.173 1.17 1.167 1.158 1.158 1.158 1.159 1.158 1.158 1.158 1.156 1.144 1.13 1.119 1.13 1.128 1.089 1.006 0.837 0.926 0.96 1.066 1.13 1.148 1.15 1.152 1.149 1.148 1.148 1.147
-9 -9 -9 -9 0.197 0.215 0.18 0.104 0.015 -0.069 -0.081 0.072 0.228 0.112 -0.095 -0.217 -0.189 -0.036 0.14 0.516 0.791 0.933 0.972 0.988 1.009 1.038 1.07 1.095 1.11 1.143 1.17 1.171 1.18 1.178 1.178 1.182 1.179 1.178 1.178 1.174 1.174 1.174 1.173 1.173 1.173 1.173 1.173 1.164 1.139 1.15 1.156 1.155 1.132 1.1 1.06 1.031 1.019 1.018 1.004 0.996 0.97 0.925 0.846 0.658 0.418 0.471 0.465 0.594 0.841 1.014 1.121 1.141 1.145 1.148 1.148 1.147
-9 -9 -9 -9 0.296 0.239 0.091 0.074 0.018 -0.032 -0.018 0.226 0.198 -0.065 -0.256 -0.255 -0.166 0.069 0.429 0.741 0.9 0.952 1 1.021 1.043 1.073 1.102 1.123 1.138 1.175 1.183 1.183 1.183 1.181 1.179 1.181 1.183 1.18 1.179 1.178 1.178 1.177 1.174 1.174 1.174 1.174 1.174 1.152 1.13 1.133 1.09 1.012 0.957 0.91 0.859 0.814 0.785 0.786 0.766 0.695 0.606 0.542 0.468 0.392 0.271 0.124 0.019 0.113 0.188 0.516 0.605 0.867 0.976 1.068 1.119 1.119
-9 -9 -9 -9 0.337 0.122 0.085 0.078 0.045 0.088 0.228 0.092 -0.115 -0.202 -0.226 -0.154 -0.089 0.294 0.687 0.895 0.947 0.973 1.03 1.05 1.064 1.087 1.109 1.145 1.173 1.186 1.183 1.183 1.183 1.183 1.181 1.173 1.178 1.185 1.182 1.178 1.178 1.178 1.178 1.178 1.178 1.175 1.163 1.119 1.102 1.081 0.956 0.864 0.778 0.711 0.647 0.594 0.574 0.569 0.538 0.505 0.454 0.311 0.058 0.158 -0.096 -0.422 -0.553 -0.508 -0.392 -0.119 -0.161 0.331 0.492 0.632 0.794 0.944
-9 -9 -9 -9 -9 0.041 -0.004 -0.004 0.164 0.245 -0.039 -0.193 -0.01 0.039 0.251 0.186 0.288 0.478 0.792 0.939 0.984 1.028 1.053 1.053 1.062 1.089 1.116 1.172 1.188 1.188 1.186 1.183 1.183 1.175 1.161 1.143 1.147 1.184 1.185 1.182 1.182 1.18 1.178 1.177 1.17 1.145 1.104 1.073 1.057 1.006 0.897 0.782 0.716 0.63 0.575 0.542 0.509 0.498 0.464 0.424 0.375 0.144 0.05 -0.036 -0.285 -0.403 -0.56 -0.765 -0.654 -0.383 0.048 0.405 0.083 -0.1 -0.021 0.353
-9 -9 -9 -9 -9 -9 -0.06 0.028 0.303 -0.007 -0.311 -0.166 0.248 0.397 0.546 0.591 0.633 0.623 0.805 0.811 0.996 1.056 1.06 1.051 1.074 1.107 1.162 1.186 1.188 1.188 1.188 1.186 1.161 1.141 1.119 1.102 1.115 1.169 1.187 1.188 1.188 1.175 1.158 1.151 1.132 1.091 1.064 1.025 0.964 0.917 0.942 0.802 0.711 0.612 0.561 0.52 0.488 0.459 0.426 0.419 0.393 0.311 0.285 0.149 0.017 -0.231 -0.684 -0.664 -0.331 -0.066 -0.115 -0.076 -0.609 -0.848 -0.657 -0.104
-9 -9 -9 -9 -9 -9 -0.024 0.207 0.195 -0.246 -0.397 0.183 0.54 0.651 0.742 0.812 0.818 0.805 0.761 0.913 1.041 1.063 1.054 1.06 1.099 1.15 1.19 1.19 1.188 1.188 1.188 1.173 1.13 1.111 1.103 1.104 1.117 1.16 1.183 1.189 1.185 1.153 1.119 1.096 1.078 1.06 1.031 0.966 0.898 0.839 0.876 0.851 0.768 0.67 0.578 0.489 0.451 0.443 0.466 0.423 0.284 0.184 0.067 0.067 -0.021 -0.497 -0.89 -0.774 -0.625 -0.486 -0.731 -0.805 -0.957 -0.864 -0.527 -0.068
-9 -9 -9 -9 -9 -9 0.132 0.273 -0.114 -0.355 -0.287 0.235 0.339 0.685 0.838 0.882 0.884 0.772 0.813 0.999 1.053 1.062 1.058 1.088 1.123 1.17 1.193 1.195 1.196 1.188 1.187 1.144 1.101 1.099 1.108 1.124 1.133 1.162 1.176 1.182 1.169 1.126 1.099 1.062 1.021 1.011 0.977 0.928 0.882 0.835 0.77 0.731 0.743 0.796 -9 -9 -9 0.548 0.575 0.435 0.202 0.01 -0.238 -0.228 -0.31 -0.554 -0.72 -0.906 -0.861 -0.865 -1.039 -0.965 -0.854 -0.612 -0.39 -0.223
-9 -9 -9 -9 0.017 0.101 0.347 0.136 -0.266 -0.443 -0.232 0.02 0.368 0.79 0.897 0.927 0.907 0.88 0.952 1.017 1.058 1.048 1.079 1.109 1.14 1.176 1.193 1.196 1.198 1.197 1.168 1.118 1.093 1.11 1.122 1.136 1.134 1.153 1.159 1.152 1.12 1.085 1.07 1.043 0.983 0.884 0.895 0.9 0.869 0.766 0.635 0.366 -9 -9 -9 -9 -9 0.557 0.557 0.543 0.494 0.345 0.006 -0.185 -0.403 -0.563 -0.606 -0.721 -0.647 -0.629 -1.153 -1.114 -0.888 -0.645 -0.327 0.03
