data/climatemaps/RS_maps/climate_winter_tmin_2004.asc
NCOLS 369 
NROWS 228 
XLLCORNER 479000 
YLLCORNER 73000 
CELLSIZE 1000 
NODATA_value -9 
[rows 136 to 169 of 228, columns 0 to 75 of 369]
-9 -9 -9 -9 -9 -9 -9 -9 0.464 0.443 0.447 0.438 0.45 0.449 0.388 0.354 0.321 0.319 0.314 0.321 0.322 0.372 0.299 0.286 0.263 0.259 0.304 0.379 0.433 0.494 0.552 0.564 0.527 0.396 0.307 0.298 0.316 0.354 0.455 0.582 0.703 0.782 0.83 0.876 0.893 0.909 0.934 0.964 0.93 0.953 0.993 1.047 1.019 0.99 0.987 0.984 0.989 0.997 0.994 0.974 0.957 0.937 0.937 0.909 0.887 0.844 0.835 0.864 0.933 0.942 0.934 0.91 0.928 0.898 0.843 0.764
-9 -9 -9 -9 -9 -9 -9 -9 0.484 0.448 0.429 0.428 0.422 0.375 0.311 0.308 0.331 0.343 0.353 0.36 0.36 0.358 0.27 0.261 0.254 0.3 0.362 0.433 0.502 0.551 0.568 0.522 0.414 0.333 0.29 0.284 0.301 0.372 0.486 0.673 0.789 0.848 0.88 0.895 0.912 0.927 0.956 0.963 0.942 0.973 1.051 1.047 1.037 1.025 0.998 0.995 1 1.008 1.002 0.979 0.95 0.931 0.92 0.882 0.873 0.832 0.822 0.861 0.918 0.923 0.926 0.893 0.934 0.914 0.865 0.795
-9 -9 -9 -9 -9 -9 -9 -9 0.474 0.435 0.424 0.41 0.341 0.307 0.3 0.318 0.348 0.373 0.378 0.383 0.374 0.289 0.246 0.259 0.298 0.36 0.42 0.485 0.551 0.571 0.514 0.42 0.35 0.325 0.278 0.25 0.263 0.442 0.6 0.764 0.851 0.889 0.901 0.913 0.929 0.95 0.971 0.959 0.965 0.992 1.059 1.059 1.057 1.036 0.993 1.001 1.006 1.014 0.995 0.978 0.952 0.935 0.899 0.878 0.866 0.839 0.819 0.882 0.925 0.918 0.928 0.885 0.918 0.931 0.869 0.773
-9 -9 -9 -9 -9 -9 -9 0.467 0.467 0.443 0.403 0.331 0.284 0.284 0.305 0.326 0.348 0.377 0.387 0.397 0.308 0.235 0.26 0.318 0.365 0.429 0.482 0.544 0.559 0.502 0.418 0.371 0.341 0.288 0.216 0.216 0.321 0.504 0.718 0.832 0.887 0.909 0.912 0.927 0.942 0.967 0.986 0.985 0.996 1.011 1.055 1.093 1.061 1.042 1.002 1.016 1.026 1.017 0.991 0.969 0.955 0.939 0.893 0.888 0.855 0.846 0.854 0.89 0.93 0.925 0.928 0.888 0.918 0.948 0.852 0.748
-9 -9 -9 -9 -9 -9 -9 0.451 0.443 0.44 0.343 0.303 0.314 0.298 0.308 0.334 0.348 0.357 0.376 0.37 0.247 0.262 0.302 0.36 0.425 0.479 0.535 0.556 0.469 0.383 0.363 0.36 0.308 0.23 0.205 0.279 0.383 0.524 0.766 0.88 0.911 0.918 0.921 0.939 0.961 0.972 1.001 1.016 1.026 1.046 1.069 1.116 1.086 1.056 1.02 1.034 1.036 1.019 0.992 0.976 0.967 0.939 0.917 0.887 0.847 0.825 0.844 0.888 0.933 0.925 0.92 0.897 0.924 0.943 0.832 0.752
-9 -9 -9 -9 -9 -9 -9 0.435 0.442 0.427 0.362 0.343 0.348 0.353 0.358 0.335 0.34 0.368 0.371 0.28 0.256 0.313 0.344 0.388 0.446 0.516 0.541 0.485 0.355 0.337 0.358 0.322 0.247 0.233 0.268 0.347 0.436 0.613 0.828 0.905 0.924 0.926 0.932 0.955 0.982 0.992 1.021 1.041 1.055 1.076 1.105 1.131 1.115 1.07 1.042 1.051 1.049 1.031 0.995 0.99 0.959 0.927 0.912 0.881 0.848 0.822 0.84 0.887 0.896 0.92 0.896 0.899 0.926 0.933 0.838 0.779
-9 -9 -9 -9 -9 -9 -9 0.434 0.424 0.389 0.371 0.355 0.387 0.388 0.35 0.326 0.349 0.373 0.294 0.273 0.293 0.327 0.353 0.414 0.501 0.509 0.453 0.405 0.345 0.367 0.365 0.285 0.25 0.288 0.315 0.407 0.58 0.78 0.895 0.925 0.934 0.936 0.945 0.969 1.002 1.021 1.041 1.063 1.089 1.11 1.138 1.151 1.132 1.094 1.072 1.069 1.06 1.044 1.005 0.989 0.938 0.904 0.895 0.889 0.863 0.838 0.854 0.888 0.872 0.896 0.896 0.898 0.939 0.931 0.855 0.786
-9 -9 -9 -9 -9 -9 -9 0.414 0.371 0.351 0.366 0.394 0.42 0.388 0.331 0.367 0.364 0.311 0.273 0.313 0.334 0.356 0.396 0.495 0.5 0.426 0.379 0.353 0.353 0.373 0.343 0.274 0.325 0.366 0.409 0.581 0.78 0.888 0.93 0.935 0.944 0.941 0.951 0.974 1.015 1.047 1.06 1.091 1.106 1.128 1.153 1.164 1.148 1.125 1.118 1.101 1.075 1.058 1.013 0.982 0.944 0.922 0.891 0.882 0.873 0.859 0.868 0.862 0.87 0.867 0.894 0.905 0.943 0.933 0.867 0.769
-9 -9 -9 -9 -9 -9 -9 0.349 0.346 0.328 0.353 0.438 0.435 0.394 0.402 0.395 0.307 0.267 0.29 0.326 0.346 0.383 0.481 0.465 0.403 0.374 0.35 0.374 0.376 0.347 0.315 0.319 0.392 0.44 0.613 0.788 0.886 0.925 0.939 0.936 0.956 0.947 0.965 0.994 1.033 1.076 1.086 1.108 1.107 1.143 1.15 1.178 1.171 1.152 1.157 1.134 1.101 1.067 1.04 0.998 0.959 0.944 0.904 0.894 0.888 0.862 0.852 0.853 0.884 0.878 0.88 0.912 0.935 0.919 0.879 0.799
-9 -9 -9 -9 -9 -9 -9 0.305 0.338 0.342 0.394 0.471 0.452 0.446 0.428 0.332 0.254 0.274 0.299 0.328 0.355 0.44 0.451 0.361 0.342 0.31 0.338 0.382 0.366 0.334 0.375 0.446 0.483 0.597 0.785 0.878 0.918 0.938 0.934 0.939 0.958 0.952 0.988 1.02 1.057 1.1 1.102 1.109 1.117 1.153 1.154 1.176 1.194 1.191 1.19 1.167 1.132 1.086 1.066 1.024 0.993 0.967 0.93 0.919 0.91 0.874 0.862 0.874 0.905 0.905 0.896 0.911 0.902 0.905 0.881 0.812
-9 -9 -9 -9 -9 -9 -9 0.305 0.347 0.393 0.489 0.518 0.521 0.462 0.347 0.262 0.265 0.283 0.298 0.336 0.423 0.436 0.321 0.298 0.257 0.28 0.357 0.381 0.367 0.431 0.513 0.574 0.644 0.763 0.858 0.924 0.951 0.956 0.943 0.946 0.957 0.966 1.009 1.044 1.083 1.121 1.111 1.117 1.136 1.161 1.177 1.171 1.204 1.211 1.21 1.201 1.17 1.115 1.086 1.046 1.039 1.007 0.979 0.95 0.921 0.897 0.894 0.909 0.936 0.935 0.913 0.897 0.869 0.895 0.864 0.799
-9 -9 -9 -9 -9 -9 0.295 0.329 0.405 0.496 0.504 0.478 0.547 0.379 0.278 0.264 0.276 0.277 0.312 0.406 0.438 0.337 0.268 0.225 0.248 0.337 0.356 0.315 0.383 0.495 0.578 0.63 0.684 0.782 0.882 0.942 0.963 0.976 0.975 0.966 1.002 1.013 1.021 1.067 1.11 1.127 1.137 1.14 1.149 1.173 1.188 1.201 1.221 1.215 1.227 1.219 1.204 1.162 1.119 1.094 1.08 1.04 1.028 0.964 0.93 0.913 0.923 0.941 0.955 0.945 0.915 0.888 0.872 0.865 0.83 0.78
-9 -9 -9 -9 -9 0.378 0.343 0.444 0.519 0.498 0.414 0.406 0.53 0.365 0.271 0.254 0.259 0.302 0.403 0.429 0.34 0.267 0.203 0.225 0.299 0.377 0.34 0.313 0.41 0.515 0.642 0.665 0.724 0.847 0.911 0.951 0.973 0.993 0.996 0.989 1.03 1.049 1.071 1.106 1.12 1.128 1.156 1.175 1.185 1.214 1.223 1.209 1.228 1.218 1.233 1.242 1.233 1.205 1.173 1.142 1.128 1.107 1.076 1.009 0.984 0.953 0.95 0.942 0.943 0.934 0.919 0.89 0.85 0.747 0.792 0.75
-9 -9 -9 -9 -9 0.435 0.444 0.537 0.5 0.414 0.352 0.366 0.517 0.384 0.256 0.249 0.29 0.382 0.435 0.351 0.236 0.203 0.2 0.285 0.358 0.378 0.347 0.396 0.51 0.625 0.73 0.775 0.834 0.882 0.926 0.954 0.967 0.985 1.027 1.043 1.045 1.088 1.115 1.142 1.136 1.147 1.179 1.199 1.219 1.231 1.231 1.233 1.234 1.232 1.247 1.256 1.256 1.244 1.223 1.203 1.197 1.191 1.153 1.117 1.049 0.978 0.95 0.882 0.894 0.93 0.93 0.886 0.774 0.667 0.768 0.719
-9 -9 -9 -9 -9 0.577 0.582 0.547 0.432 0.347 0.316 0.356 0.519 0.418 0.291 0.303 0.378 0.424 0.39 0.256 0.179 0.175 0.265 0.348 0.385 0.361 0.384 0.493 0.609 0.711 0.746 0.805 0.867 0.901 0.931 0.95 0.961 0.994 1.024 1.085 1.092 1.106 1.12 1.148 1.157 1.173 1.193 1.211 1.23 1.231 1.231 1.236 1.241 1.245 1.247 1.251 1.252 1.252 1.257 1.255 1.25 1.244 1.234 1.21 1.116 0.991 0.95 0.898 0.869 0.941 0.93 0.871 0.706 0.613 0.734 0.721
-9 -9 -9 -9 -9 0.587 0.5 0.445 0.368 0.343 0.342 0.363 0.521 0.449 0.354 0.356 0.401 0.408 0.289 0.158 0.173 0.234 0.322 0.363 0.414 0.407 0.494 0.596 0.706 0.78 0.777 0.814 0.848 0.875 0.919 0.941 0.959 0.983 1.029 1.083 1.125 1.143 1.136 1.153 1.169 1.189 1.206 1.219 1.228 1.23 1.23 1.233 1.235 1.235 1.245 1.245 1.25 1.251 1.254 1.246 1.246 1.246 1.246 1.239 1.221 1.119 1.081 1.049 0.929 0.951 0.894 0.835 0.68 0.532 0.661 0.71
-9 -9 -9 -9 0.624 0.46 0.434 0.399 0.37 0.36 0.351 0.446 0.473 0.447 0.357 0.364 0.381 0.361 0.206 0.149 0.2 0.288 0.336 0.381 0.453 0.497 0.61 0.697 0.781 0.834 0.812 0.814 0.819 0.853 0.9 0.931 0.969 1 1.062 1.132 1.153 1.168 1.159 1.17 1.182 1.202 1.219 1.22 1.22 1.223 1.224 1.224 1.228 1.229 1.231 1.234 1.235 1.24 1.239 1.24 1.236 1.235 1.234 1.23 1.22 1.204 1.194 1.18 1.068 0.963 0.899 0.823 0.728 0.618 0.623 0.702
-9 -9 -9 -9 0.487 0.451 0.436 0.406 0.378 0.3 0.363 0.428 0.387 0.393 0.372 0.356 0.351 0.31 0.251 0.205 0.233 0.279 0.341 0.427 0.5 0.589 0.682 0.771 0.819 0.868 0.855 0.818 0.843 0.901 0.965 1.012 1.065 1.105 1.14 1.164 1.171 1.18 1.179 1.183 1.194 1.204 1.214 1.215 1.216 1.213 1.217 1.215 1.217 1.22 1.221 1.223 1.227 1.227 1.224 1.227 1.223 1.222 1.219 1.212 1.207 1.198 1.186 1.176 1.151 1.065 1.015 0.927 0.829 0.794 0.788 0.823
-9 -9 -9 -9 0.486 0.457 0.41 0.394 0.317 0.283 0.281 0.345 0.326 0.334 0.373 0.356 0.307 0.269 0.267 0.262 0.269 0.287 0.358 0.467 0.539 0.603 0.726 0.822 0.864 0.899 0.876 0.858 0.918 1.01 1.071 1.121 1.155 1.173 1.181 1.182 1.186 1.186 1.192 1.197 1.202 1.204 1.202 1.202 1.205 1.205 1.205 1.201 1.205 1.205 1.206 1.209 1.21 1.212 1.214 1.209 1.205 1.205 1.204 1.195 1.189 1.184 1.169 1.158 1.142 1.129 1.106 1.074 1.031 1.001 0.964 0.93
-9 -9 -9 -9 0.485 0.434 0.378 0.342 0.284 0.228 0.205 0.213 0.268 0.289 0.302 0.31 0.288 0.292 0.328 0.327 0.328 0.368 0.441 0.518 0.57 0.667 0.782 0.871 0.902 0.924 0.898 0.926 1.036 1.087 1.121 1.154 1.179 1.188 1.19 1.191 1.19 1.189 1.193 1.193 1.193 1.196 1.191 1.191 1.191 1.191 1.193 1.19 1.191 1.193 1.194 1.193 1.194 1.198 1.194 1.192 1.188 1.188 1.182 1.177 1.168 1.161 1.151 1.139 1.123 1.108 1.086 1.065 1.04 1.015 0.986 0.942
-9 -9 -9 -9 0.447 0.404 0.353 0.299 0.284 0.229 0.184 0.163 0.192 0.278 0.233 0.187 0.272 0.284 0.252 0.321 0.38 0.422 0.503 0.59 0.66 0.755 0.869 0.917 0.96 0.959 0.978 1.052 1.106 1.119 1.141 1.17 1.179 1.181 1.181 1.181 1.185 1.185 1.183 1.182 1.182 1.182 1.18 1.176 1.177 1.177 1.179 1.175 1.176 1.18 1.18 1.176 1.177 1.178 1.176 1.173 1.171 1.171 1.162 1.156 1.149 1.141 1.13 1.119 1.102 1.087 1.066 1.047 1.023 0.996 0.971 0.942
-9 -9 -9 0.459 0.416 0.384 0.334 0.3 0.272 0.225 0.17 0.154 0.223 0.241 0.175 0.171 0.246 0.192 0.137 0.215 0.292 0.395 0.52 0.703 0.829 0.888 0.945 0.975 0.996 1.029 1.07 1.102 1.12 1.125 1.153 1.169 1.171 1.174 1.174 1.17 1.171 1.171 1.168 1.167 1.167 1.167 1.167 1.165 1.166 1.16 1.159 1.158 1.159 1.163 1.16 1.156 1.159 1.159 1.157 1.151 1.153 1.148 1.144 1.135 1.128 1.119 1.105 1.097 1.08 1.063 1.042 1.026 1.001 0.973 0.948 0.921
-9 -9 -9 0.435 0.383 0.325 0.318 0.296 0.274 0.234 0.202 0.207 0.2 0.174 0.173 0.219 0.181 0.102 0.114 0.159 0.25 0.433 0.643 0.784 0.873 0.936 0.973 1.013 1.03 1.058 1.088 1.107 1.121 1.14 1.152 1.157 1.158 1.163 1.163 1.163 1.159 1.159 1.158 1.154 1.154 1.152 1.15 1.15 1.15 1.141 1.14 1.141 1.141 1.143 1.14 1.136 1.14 1.138 1.134 1.131 1.128 1.122 1.118 1.111 1.105 1.096 1.082 1.07 1.056 1.04 1.018 1 0.975 0.951 0.926 0.901
-9 -9 -9 0.415 0.352 0.321 0.317 0.286 0.265 0.239 0.229 0.174 0.139 0.166 0.251 0.24 0.192 0.106 0.157 0.289 0.407 0.601 0.764 0.863 0.912 0.951 0.994 1.031 1.054 1.077 1.089 1.107 1.127 1.144 1.151 1.147 1.147 1.147 1.147 1.147 1.147 1.147 1.144 1.142 1.139 1.133 1.133 1.133 1.129 1.125 1.122 1.119 1.124 1.124 1.118 1.115 1.12 1.115 1.111 1.11 1.102 1.099 1.091 1.086 1.08 1.068 1.058 1.042 1.031 1.014 0.995 0.974 0.952 0.928 0.903 0.878
-9 -9 -9 0.411 0.367 0.32 0.296 0.287 0.25 0.264 0.18 0.127 0.141 0.241 0.294 0.232 0.186 0.169 0.234 0.377 0.559 0.754 0.849 0.908 0.943 0.974 1.004 1.034 1.051 1.079 1.092 1.099 1.122 1.134 1.135 1.131 1.13 1.135 1.135 1.135 1.13 1.131 1.127 1.126 1.122 1.116 1.116 1.114 1.111 1.105 1.102 1.101 1.101 1.098 1.097 1.097 1.092 1.093 1.086 1.084 1.079 1.074 1.068 1.061 1.053 1.04 1.032 1.019 1.004 0.991 0.969 0.948 0.928 0.905 0.88 0.856
-9 -9 -9 -9 0.336 0.31 0.31 0.296 0.273 0.25 0.171 0.19 0.253 0.321 0.251 0.201 0.174 0.23 0.322 0.471 0.691 0.838 0.896 0.929 0.956 0.981 1.003 1.027 1.055 1.074 1.085 1.098 1.118 1.118 1.123 1.12 1.123 1.123 1.123 1.114 1.114 1.113 1.11 1.109 1.104 1.099 1.094 1.094 1.088 1.084 1.084 1.08 1.076 1.079 1.075 1.07 1.067 1.06 1.048 1.035 1.041 1.029 1.003 0.945 0.829 0.873 0.884 0.936 0.965 0.961 0.945 0.922 0.9 0.882 0.855 0.833
-9 -9 -9 -9 0.355 0.363 0.341 0.302 0.257 0.212 0.208 0.292 0.381 0.329 0.224 0.166 0.192 0.283 0.399 0.617 0.785 0.875 0.914 0.935 0.959 0.985 1.013 1.033 1.058 1.075 1.091 1.1 1.105 1.107 1.111 1.111 1.106 1.106 1.106 1.101 1.1 1.091 1.092 1.09 1.087 1.079 1.077 1.067 1.05 1.05 1.055 1.05 1.039 1.011 0.99 0.969 0.953 0.955 0.944 0.928 0.907 0.881 0.824 0.693 0.537 0.557 0.538 0.612 0.75 0.841 0.893 0.893 0.872 0.851 0.829 0.806
-9 -9 -9 -9 0.411 0.377 0.295 0.288 0.26 0.234 0.242 0.378 0.369 0.235 0.134 0.143 0.204 0.343 0.556 0.742 0.842 0.884 0.925 0.946 0.973 0.997 1.023 1.038 1.064 1.085 1.09 1.092 1.091 1.093 1.094 1.094 1.089 1.089 1.086 1.084 1.08 1.074 1.074 1.069 1.068 1.059 1.058 1.039 1.02 1.019 0.99 0.941 0.905 0.878 0.841 0.81 0.789 0.784 0.769 0.721 0.662 0.616 0.558 0.498 0.41 0.31 0.222 0.269 0.301 0.492 0.528 0.68 0.728 0.769 0.784 0.753
-9 -9 -9 -9 0.434 0.321 0.302 0.292 0.279 0.302 0.384 0.312 0.198 0.162 0.154 0.203 0.247 0.468 0.697 0.828 0.869 0.895 0.934 0.956 0.975 0.995 1.018 1.041 1.067 1.077 1.081 1.084 1.081 1.079 1.077 1.075 1.072 1.072 1.069 1.067 1.061 1.057 1.053 1.051 1.043 1.036 1.027 0.995 0.981 0.963 0.888 0.83 0.777 0.729 0.69 0.652 0.634 0.623 0.603 0.574 0.536 0.435 0.274 0.32 0.148 -0.076 -0.179 -0.169 -0.113 0.041 -0.013 0.294 0.375 0.447 0.534 0.613
-9 -9 -9 -9 -9 0.279 0.26 0.264 0.35 0.398 0.242 0.158 0.263 0.299 0.418 0.392 0.457 0.572 0.757 0.85 0.884 0.919 0.94 0.952 0.967 0.988 1.013 1.05 1.064 1.066 1.069 1.069 1.069 1.061 1.052 1.042 1.04 1.055 1.051 1.05 1.045 1.039 1.035 1.028 1.018 0.997 0.973 0.947 0.928 0.897 0.827 0.751 0.713 0.652 0.616 0.587 0.565 0.551 0.527 0.494 0.455 0.3 0.225 0.16 -0.009 -0.1 -0.223 -0.373 -0.326 -0.169 0.096 0.308 0.067 -0.084 -0.061 0.172
-9 -9 -9 -9 -9 -9 0.236 0.28 0.429 0.259 0.101 0.175 0.414 0.494 0.586 0.614 0.65 0.65 0.76 0.773 0.886 0.927 0.941 0.945 0.964 0.99 1.027 1.047 1.052 1.052 1.052 1.052 1.043 1.026 1.011 1 1.002 1.033 1.034 1.03 1.024 1.016 1.002 0.989 0.971 0.945 0.925 0.894 0.852 0.819 0.829 0.738 0.68 0.613 0.578 0.543 0.52 0.497 0.468 0.457 0.43 0.368 0.336 0.243 0.148 -0.031 -0.342 -0.352 -0.153 0.008 -0.056 -0.056 -0.441 -0.641 -0.536 -0.178
-9 -9 -9 -9 -9 -9 0.257 0.382 0.373 0.14 0.056 0.375 0.573 0.636 0.687 0.731 0.75 0.751 0.733 0.825 0.904 0.926 0.932 0.942 0.969 1.008 1.031 1.042 1.042 1.039 1.039 1.032 1.011 0.99 0.983 0.98 0.989 1.008 1.015 1.011 1.005 0.982 0.957 0.937 0.917 0.903 0.877 0.834 0.79 0.746 0.765 0.743 0.685 0.623 0.558 0.5 0.467 0.452 0.463 0.426 0.332 0.25 0.167 0.156 0.081 -0.243 -0.517 -0.467 -0.388 -0.32 -0.508 -0.59 -0.723 -0.696 -0.485 -0.187
-9 -9 -9 -9 -9 -9 0.348 0.422 0.211 0.088 0.12 0.404 0.467 0.658 0.745 0.776 0.786 0.73 0.762 0.873 0.908 0.916 0.924 0.948 0.976 1.002 1.025 1.028 1.032 1.032 1.027 0.999 0.974 0.967 0.972 0.974 0.981 0.988 0.991 0.987 0.976 0.942 0.926 0.893 0.862 0.85 0.823 0.784 0.751 0.719 0.675 0.64 0.642 0.666 -9 -9 -9 0.488 0.499 0.402 0.248 0.108 -0.062 -0.071 -0.142 -0.32 -0.447 -0.598 -0.587 -0.615 -0.76 -0.738 -0.694 -0.557 -0.427 -0.331
-9 -9 -9 -9 0.293 0.337 0.466 0.353 0.134 0.04 0.148 0.29 0.486 0.721 0.782 0.801 0.796 0.788 0.834 0.88 0.907 0.906 0.934 0.955 0.976 1 1.015 1.018 1.02 1.016 0.997 0.968 0.952 0.962 0.961 0.964 0.962 0.966 0.963 0.948 0.93 0.896 0.886 0.86 0.815 0.753 0.749 0.744 0.721 0.653 0.566 0.39 -9 -9 -9 -9 -9 0.462 0.452 0.437 0.393 0.291 0.058 -0.082 -0.239 -0.364 -0.415 -0.51 -0.479 -0.493 -0.879 -0.882 -0.755 -0.613 -0.417 -0.182
