data/climatemaps/RS_maps/climate_breeding_tmp_2001.asc
NCOLS 369 
NROWS 228 
XLLCORNER 479000 
YLLCORNER 73000 
CELLSIZE 1000 
NODATA_value -9 
[rows 34 to 67 of 228, columns 152 to 227 of 369]
0.887 0.872 0.817 0.861 0.926 0.956 0.961 0.977 0.973 0.97 0.972 0.955 0.958 0.954 0.952 0.87 0.713 0.814 0.821 0.71 0.764 0.832 0.728 0.759 0.661 0.67 0.67 0.774 0.921 0.901 0.87 0.824 0.845 0.737 0.615 0.622 0.616 0.633 0.613 0.714 0.638 0.715 0.658 0.686 0.646 0.714 0.798 0.805 0.764 0.78 0.814 0.782 0.755 0.834 0.733 0.537 0.468 0.582 0.593 0.558 0.577 0.693 0.764 0.789 0.78 0.76 0.726 0.691 0.679 0.735 0.774 0.77 0.752 0.759 0.77 0.764
0.762 0.839 0.748 0.713 0.774 0.858 0.825 0.881 0.916 0.933 0.953 0.896 0.889 0.883 0.915 0.852 0.776 0.739 0.841 0.738 0.761 0.817 0.662 0.664 0.629 0.601 0.697 0.816 0.914 0.894 0.878 0.794 0.813 0.776 0.712 0.706 0.591 0.571 0.58 0.653 0.669 0.619 0.72 0.633 0.544 0.548 0.78 0.788 0.728 0.756 0.797 0.764 0.722 0.712 0.831 0.73 0.594 0.517 0.541 0.616 0.66 0.749 0.777 0.789 0.782 0.76 0.751 0.723 0.708 0.72 0.726 0.719 0.712 0.668 0.678 0.701
0.652 0.748 0.76 0.749 0.655 0.715 0.791 0.757 0.77 0.815 0.897 0.909 0.823 0.782 0.87 0.819 0.702 0.714 0.813 0.641 0.61 0.746 0.64 0.595 0.53 0.556 0.691 0.866 0.916 0.896 0.849 0.771 0.757 0.758 0.804 0.777 0.684 0.588 0.602 0.617 0.621 0.577 0.568 0.734 0.672 0.67 0.781 0.797 0.727 0.787 0.803 0.774 0.751 0.661 0.77 0.822 0.761 0.722 0.667 0.699 0.769 0.797 0.732 0.771 0.747 0.723 0.714 0.73 0.741 0.738 0.721 0.693 0.658 0.612 0.595 0.614
0.669 0.621 0.683 0.779 0.736 0.648 0.694 0.731 0.726 0.746 0.802 0.89 0.884 0.816 0.782 0.799 0.587 0.591 0.653 0.634 0.595 0.68 0.659 0.621 0.688 0.712 0.671 0.863 0.918 0.874 0.705 0.686 0.649 0.62 0.706 0.765 0.775 0.7 0.713 0.639 0.551 0.544 0.524 0.613 0.693 0.667 0.761 0.804 0.764 0.807 0.811 0.8 0.774 0.673 0.67 0.797 0.777 0.714 0.771 0.794 0.802 0.789 0.763 0.777 0.716 0.733 0.681 0.669 0.738 0.746 0.719 0.678 0.61 0.602 0.576 0.604
0.703 0.605 0.591 0.615 0.691 0.725 0.655 0.674 0.733 0.686 0.735 0.846 0.913 0.822 0.627 0.669 0.608 0.597 0.678 0.625 0.552 0.669 0.718 0.774 0.778 0.844 0.872 0.888 0.906 0.808 0.69 0.647 0.602 0.558 0.597 0.713 0.783 0.748 0.744 0.712 0.586 0.559 0.521 0.579 0.657 0.691 0.739 0.807 0.772 0.815 0.8 0.806 0.766 0.655 0.608 0.765 0.765 0.616 0.646 0.696 0.699 0.721 0.784 0.769 0.731 0.764 0.726 0.685 0.744 0.743 0.726 0.676 0.641 0.656 0.657 0.649
0.677 0.666 0.583 0.53 0.622 0.734 0.7 0.644 0.599 0.639 0.765 0.861 0.904 0.899 0.849 0.8 0.723 0.726 0.753 0.649 0.589 0.564 0.661 0.648 0.738 0.846 0.865 0.802 0.867 0.904 0.834 0.725 0.641 0.576 0.556 0.704 0.76 0.755 0.684 0.712 0.736 0.719 0.678 0.657 0.706 0.734 0.765 0.815 0.808 0.807 0.783 0.79 0.764 0.653 0.588 0.713 0.771 0.633 0.592 0.581 0.565 0.663 0.708 0.732 0.745 0.765 0.753 0.747 0.753 0.678 0.657 0.674 0.661 0.614 0.573 0.656
0.543 0.519 0.562 0.554 0.638 0.741 0.716 0.486 0.435 0.66 0.822 0.878 0.804 0.729 0.762 0.756 0.804 0.816 0.757 0.724 0.667 0.584 0.641 0.696 0.731 0.849 0.804 0.789 0.932 0.925 0.893 0.879 0.82 0.738 0.62 0.681 0.716 0.695 0.599 0.582 0.622 0.652 0.677 0.689 0.736 0.779 0.803 0.817 0.797 0.801 0.788 0.785 0.769 0.664 0.596 0.68 0.736 0.701 0.651 0.571 0.522 0.6 0.608 0.666 0.761 0.706 0.695 0.75 0.755 0.668 0.589 0.627 0.618 0.574 0.468 0.552
0.56 0.493 0.662 0.621 0.636 0.58 0.527 0.485 0.663 0.727 0.811 0.786 0.673 0.675 0.786 0.762 0.786 0.785 0.769 0.721 0.646 0.605 0.667 0.708 0.768 0.87 0.879 0.912 0.94 0.875 0.786 0.83 0.84 0.83 0.785 0.703 0.64 0.569 0.466 0.444 0.461 0.471 0.492 0.553 0.667 0.772 0.812 0.813 0.788 0.796 0.796 0.794 0.789 0.704 0.63 0.654 0.626 0.666 0.629 0.597 0.545 0.56 0.529 0.654 0.751 0.665 0.611 0.652 0.714 0.697 0.611 0.527 0.552 0.537 0.484 0.539
0.668 0.676 0.693 0.584 0.599 0.451 0.465 0.514 0.704 0.749 0.75 0.698 0.688 0.684 0.75 0.793 0.74 0.759 0.697 0.658 0.633 0.622 0.714 0.786 0.869 0.916 0.896 0.891 0.919 0.838 0.714 0.68 0.712 0.77 0.864 0.782 0.648 0.602 0.554 0.525 0.573 0.542 0.49 0.491 0.597 0.734 0.783 0.792 0.795 0.779 0.808 0.8 0.801 0.762 0.682 0.666 0.612 0.615 0.573 0.56 0.553 0.55 0.546 0.614 0.728 0.685 0.617 0.636 0.672 0.67 0.619 0.579 0.477 0.443 0.438 0.439
0.766 0.765 0.715 0.693 0.577 0.573 0.538 0.536 0.697 0.645 0.714 0.695 0.669 0.645 0.733 0.757 0.692 0.703 0.616 0.598 0.566 0.628 0.783 0.906 0.89 0.856 0.847 0.859 0.892 0.846 0.767 0.671 0.701 0.741 0.843 0.834 0.787 0.744 0.706 0.702 0.746 0.704 0.657 0.615 0.65 0.68 0.739 0.753 0.777 0.766 0.81 0.802 0.81 0.794 0.76 0.719 0.665 0.623 0.615 0.579 0.581 0.56 0.565 0.605 0.669 0.602 0.693 0.663 0.679 0.639 0.639 0.559 0.495 0.421 0.391 0.328
0.772 0.722 0.673 0.608 0.643 0.609 0.533 0.563 0.671 0.605 0.689 0.726 0.632 0.509 0.634 0.685 0.599 0.62 0.518 0.507 0.507 0.696 0.84 0.925 0.839 0.795 0.839 0.848 0.861 0.886 0.848 0.779 0.774 0.725 0.805 0.853 0.836 0.788 0.708 0.782 0.796 0.788 0.783 0.77 0.767 0.744 0.739 0.706 0.711 0.741 0.779 0.795 0.809 0.798 0.784 0.769 0.743 0.693 0.664 0.658 0.616 0.589 0.585 0.61 0.673 0.55 0.582 0.508 0.531 0.644 0.666 0.595 0.536 0.49 0.442 0.396
0.639 0.683 0.655 0.571 0.559 0.599 0.572 0.56 0.644 0.496 0.552 0.703 0.592 0.423 0.523 0.643 0.505 0.492 0.527 0.564 0.637 0.81 0.901 0.926 0.833 0.829 0.861 0.862 0.855 0.868 0.883 0.84 0.812 0.761 0.681 0.746 0.846 0.822 0.771 0.808 0.786 0.783 0.797 0.809 0.805 0.794 0.778 0.757 0.714 0.695 0.715 0.779 0.809 0.801 0.77 0.741 0.737 0.762 0.73 0.692 0.667 0.64 0.626 0.658 0.668 0.539 0.491 0.45 0.528 0.581 0.611 0.638 0.618 0.589 0.563 0.529
0.6 0.583 0.626 0.618 0.591 0.572 0.588 0.491 0.585 0.413 0.4 0.603 0.515 0.469 0.475 0.575 0.492 0.526 0.663 0.707 0.729 0.812 0.896 0.923 0.787 0.79 0.854 0.865 0.859 0.862 0.881 0.844 0.837 0.792 0.632 0.592 0.769 0.843 0.828 0.775 0.707 0.639 0.646 0.715 0.764 0.794 0.785 0.778 0.775 0.749 0.72 0.747 0.785 0.799 0.772 0.732 0.705 0.727 0.756 0.735 0.673 0.66 0.645 0.67 0.654 0.564 0.479 0.469 0.556 0.522 0.515 0.584 0.556 0.565 0.569 0.563
0.649 0.59 0.586 0.605 0.597 0.527 0.522 0.372 0.412 0.351 0.375 0.446 0.405 0.527 0.528 0.575 0.467 0.534 0.66 0.608 0.601 0.722 0.833 0.922 0.764 0.674 0.784 0.843 0.839 0.854 0.882 0.861 0.831 0.802 0.706 0.536 0.594 0.767 0.844 0.851 0.834 0.752 0.695 0.642 0.64 0.713 0.753 0.774 0.777 0.78 0.783 0.771 0.775 0.792 0.791 0.744 0.722 0.743 0.767 0.744 0.705 0.686 0.657 0.67 0.648 0.618 0.548 0.528 0.519 0.509 0.442 0.522 0.506 0.443 0.532 0.553
0.631 0.598 0.579 0.583 0.561 0.401 0.362 0.303 0.243 0.35 0.48 0.471 0.44 0.599 0.707 0.703 0.597 0.63 0.615 0.62 0.675 0.782 0.847 0.921 0.834 0.745 0.724 0.78 0.841 0.842 0.87 0.916 0.855 0.811 0.777 0.641 0.501 0.585 0.778 0.855 0.868 0.863 0.814 0.749 0.76 0.621 0.63 0.665 0.703 0.75 0.757 0.769 0.781 0.801 0.796 0.762 0.75 0.764 0.776 0.749 0.699 0.682 0.679 0.67 0.651 0.648 0.604 0.572 0.506 0.466 0.424 0.511 0.492 0.401 0.485 0.564
0.581 0.527 0.463 0.553 0.551 0.422 0.265 0.394 0.362 0.462 0.635 0.658 0.679 0.704 0.789 0.83 0.82 0.845 0.831 0.846 0.86 0.902 0.91 0.907 0.888 0.86 0.823 0.809 0.829 0.827 0.853 0.915 0.906 0.854 0.828 0.727 0.553 0.509 0.628 0.815 0.865 0.868 0.866 0.845 0.836 0.817 0.771 0.731 0.679 0.683 0.697 0.763 0.776 0.786 0.794 0.796 0.781 0.78 0.785 0.778 0.732 0.688 0.681 0.669 0.643 0.655 0.64 0.609 0.551 0.428 0.474 0.466 0.474 0.413 0.44 0.517
0.512 0.352 0.244 0.491 0.399 0.34 0.328 0.452 0.523 0.485 0.624 0.768 0.774 0.743 0.831 0.89 0.898 0.901 0.892 0.891 0.902 0.904 0.879 0.87 0.877 0.83 0.83 0.837 0.726 0.679 0.71 0.79 0.881 0.893 0.868 0.829 0.632 0.464 0.473 0.681 0.816 0.855 0.861 0.849 0.859 0.85 0.839 0.828 0.781 0.716 0.67 0.734 0.739 0.693 0.731 0.775 0.789 0.784 0.784 0.786 0.766 0.729 0.714 0.681 0.638 0.643 0.665 0.638 0.591 0.5 0.508 0.404 0.406 0.374 0.391 0.511
0.567 0.365 0.324 0.406 0.292 0.413 0.567 0.564 0.66 0.706 0.733 0.832 0.854 0.847 0.889 0.903 0.896 0.885 0.869 0.864 0.875 0.876 0.863 0.863 0.863 0.821 0.82 0.858 0.798 0.701 0.729 0.685 0.785 0.897 0.887 0.844 0.72 0.512 0.416 0.579 0.747 0.804 0.824 0.838 0.806 0.783 0.812 0.842 0.843 0.823 0.802 0.777 0.72 0.563 0.588 0.679 0.737 0.778 0.782 0.783 0.775 0.765 0.747 0.722 0.678 0.635 0.647 0.659 0.627 0.582 0.509 0.403 0.348 0.322 0.407 0.512
0.475 0.438 0.381 0.282 0.294 0.505 0.705 0.759 0.786 0.751 0.726 0.861 0.9 0.902 0.866 0.868 0.879 0.886 0.863 0.861 0.862 0.856 0.86 0.85 0.854 0.792 0.784 0.83 0.849 0.807 0.751 0.684 0.75 0.871 0.902 0.882 0.788 0.598 0.424 0.525 0.691 0.75 0.756 0.806 0.691 0.652 0.715 0.807 0.834 0.838 0.834 0.822 0.749 0.597 0.545 0.566 0.616 0.698 0.767 0.789 0.781 0.776 0.766 0.744 0.706 0.67 0.627 0.653 0.646 0.63 0.556 0.451 0.399 0.404 0.473 0.45
0.337 0.456 0.414 0.376 0.561 0.74 0.775 0.817 0.803 0.744 0.76 0.877 0.842 0.806 0.794 0.842 0.844 0.874 0.831 0.82 0.829 0.778 0.848 0.817 0.834 0.796 0.728 0.791 0.839 0.842 0.787 0.685 0.752 0.842 0.897 0.923 0.856 0.706 0.533 0.566 0.692 0.705 0.722 0.781 0.693 0.597 0.606 0.724 0.806 0.823 0.825 0.826 0.797 0.715 0.592 0.5 0.499 0.583 0.664 0.756 0.788 0.787 0.777 0.76 0.738 0.7 0.649 0.616 0.635 0.643 0.61 0.547 0.504 0.479 0.438 0.363
0.464 0.59 0.662 0.675 0.737 0.8 0.826 0.852 0.837 0.846 0.88 0.872 0.77 0.785 0.831 0.833 0.842 0.856 0.833 0.769 0.756 0.746 0.831 0.811 0.788 0.739 0.722 0.724 0.807 0.84 0.844 0.749 0.748 0.803 0.862 0.906 0.903 0.806 0.643 0.649 0.668 0.609 0.684 0.74 0.708 0.639 0.559 0.557 0.679 0.782 0.812 0.821 0.83 0.782 0.68 0.554 0.516 0.512 0.568 0.649 0.759 0.797 0.788 0.767 0.757 0.735 0.703 0.631 0.622 0.648 0.642 0.601 0.52 0.478 0.388 0.246
0.336 0.535 0.679 0.796 0.858 0.854 0.869 0.878 0.889 0.892 0.886 0.833 0.75 0.801 0.847 0.855 0.793 0.775 0.829 0.783 0.727 0.695 0.8 0.803 0.773 0.689 0.662 0.605 0.754 0.833 0.849 0.836 0.785 0.77 0.819 0.851 0.899 0.863 0.717 0.66 0.597 0.526 0.601 0.696 0.728 0.668 0.6 0.465 0.485 0.71 0.801 0.815 0.842 0.811 0.737 0.635 0.564 0.499 0.506 0.562 0.675 0.785 0.798 0.768 0.758 0.747 0.705 0.668 0.622 0.642 0.656 0.639 0.492 0.399 0.319 0.263
0.544 0.629 0.747 0.834 0.847 0.803 0.844 0.867 0.878 0.87 0.847 0.798 0.746 0.831 0.847 0.84 0.698 0.681 0.745 0.819 0.761 0.697 0.742 0.806 0.799 0.75 0.653 0.517 0.63 0.777 0.834 0.842 0.825 0.786 0.788 0.798 0.863 0.881 0.794 0.67 0.594 0.524 0.6 0.662 0.708 0.663 0.64 0.583 0.428 0.604 0.785 0.811 0.847 0.836 0.769 0.653 0.566 0.533 0.483 0.482 0.571 0.747 0.798 0.791 0.764 0.748 0.721 0.689 0.624 0.624 0.656 0.647 0.58 0.438 0.3 0.307
0.755 0.809 0.826 0.826 0.835 0.753 0.714 0.73 0.767 0.77 0.787 0.784 0.764 0.837 0.839 0.825 0.684 0.649 0.675 0.784 0.757 0.667 0.676 0.776 0.81 0.792 0.673 0.508 0.525 0.706 0.792 0.798 0.838 0.827 0.791 0.772 0.811 0.871 0.852 0.733 0.631 0.577 0.599 0.607 0.655 0.596 0.666 0.601 0.502 0.477 0.756 0.786 0.839 0.85 0.802 0.662 0.531 0.504 0.493 0.411 0.483 0.666 0.766 0.798 0.79 0.77 0.727 0.686 0.644 0.642 0.654 0.644 0.617 0.526 0.432 0.401
0.823 0.789 0.726 0.787 0.796 0.673 0.614 0.591 0.635 0.692 0.76 0.769 0.766 0.823 0.831 0.815 0.706 0.626 0.646 0.757 0.733 0.66 0.639 0.714 0.782 0.799 0.741 0.614 0.542 0.65 0.751 0.745 0.766 0.832 0.823 0.796 0.791 0.85 0.885 0.842 0.716 0.625 0.594 0.579 0.59 0.544 0.675 0.585 0.531 0.519 0.737 0.754 0.791 0.849 0.837 0.708 0.612 0.574 0.516 0.441 0.457 0.574 0.695 0.787 0.798 0.782 0.77 0.711 0.666 0.649 0.654 0.646 0.631 0.591 0.484 0.379
0.764 0.624 0.568 0.822 0.815 0.753 0.724 0.722 0.716 0.737 0.758 0.742 0.763 0.81 0.814 0.809 0.717 0.63 0.598 0.729 0.693 0.68 0.647 0.652 0.699 0.79 0.793 0.708 0.615 0.658 0.675 0.704 0.674 0.756 0.828 0.818 0.777 0.807 0.873 0.888 0.8 0.689 0.618 0.591 0.523 0.593 0.676 0.568 0.551 0.483 0.744 0.76 0.75 0.844 0.854 0.79 0.68 0.559 0.529 0.507 0.432 0.486 0.624 0.74 0.785 0.788 0.778 0.74 0.696 0.655 0.642 0.652 0.646 0.621 0.522 0.399
0.75 0.667 0.703 0.859 0.851 0.835 0.815 0.783 0.714 0.689 0.659 0.663 0.729 0.769 0.77 0.783 0.693 0.609 0.631 0.754 0.703 0.624 0.537 0.565 0.626 0.757 0.808 0.779 0.692 0.694 0.651 0.612 0.652 0.669 0.805 0.824 0.805 0.794 0.846 0.897 0.857 0.739 0.697 0.61 0.618 0.698 0.62 0.551 0.577 0.393 0.661 0.765 0.723 0.829 0.854 0.83 0.713 0.569 0.479 0.451 0.349 0.368 0.562 0.673 0.741 0.778 0.792 0.76 0.732 0.681 0.649 0.642 0.645 0.634 0.582 0.483
0.829 0.835 0.842 0.86 0.85 0.85 0.835 0.78 0.683 0.64 0.608 0.663 0.714 0.74 0.763 0.762 0.692 0.608 0.609 0.727 0.758 0.643 0.532 0.461 0.532 0.611 0.789 0.812 0.733 0.691 0.628 0.531 0.563 0.604 0.759 0.82 0.828 0.823 0.841 0.894 0.884 0.813 0.754 0.678 0.712 0.652 0.536 0.524 0.523 0.345 0.603 0.711 0.69 0.782 0.85 0.849 0.788 0.631 0.528 0.453 0.333 0.293 0.467 0.632 0.7 0.747 0.766 0.775 0.769 0.718 0.677 0.643 0.638 0.628 0.616 0.561
0.853 0.822 0.798 0.835 0.829 0.84 0.837 0.799 0.706 0.654 0.571 0.625 0.711 0.679 0.78 0.703 0.7 0.688 0.611 0.659 0.755 0.726 0.63 0.537 0.438 0.492 0.738 0.82 0.754 0.683 0.59 0.473 0.496 0.571 0.714 0.797 0.823 0.813 0.844 0.902 0.894 0.842 0.792 0.747 0.751 0.682 0.551 0.456 0.496 0.288 0.497 0.682 0.703 0.724 0.822 0.853 0.839 0.711 0.616 0.542 0.443 0.338 0.381 0.562 0.669 0.734 0.729 0.735 0.751 0.735 0.696 0.663 0.644 0.64 0.629 0.607
0.807 0.767 0.771 0.784 0.811 0.794 0.839 0.809 0.697 0.58 0.578 0.664 0.71 0.639 0.756 0.761 0.622 0.652 0.668 0.632 0.653 0.731 0.72 0.631 0.518 0.463 0.719 0.823 0.775 0.665 0.586 0.48 0.416 0.521 0.624 0.742 0.808 0.794 0.834 0.898 0.896 0.866 0.803 0.75 0.764 0.727 0.585 0.495 0.457 0.297 0.375 0.6 0.705 0.675 0.758 0.846 0.853 0.813 0.724 0.656 0.595 0.504 0.453 0.491 0.611 0.703 0.71 0.696 0.709 0.718 0.697 0.672 0.655 0.677 0.67 0.653
0.81 0.749 0.75 0.805 0.795 0.784 0.838 0.816 0.73 0.636 0.56 0.699 0.647 0.57 0.7 0.753 0.666 0.567 0.62 0.617 0.521 0.639 0.727 0.685 0.506 0.427 0.684 0.823 0.806 0.669 0.571 0.486 0.378 0.437 0.566 0.66 0.769 0.794 0.82 0.899 0.9 0.888 0.831 0.752 0.753 0.728 0.64 0.479 0.438 0.46 0.334 0.432 0.627 0.663 0.669 0.822 0.856 0.853 0.819 0.764 0.731 0.678 0.625 0.567 0.551 0.635 0.679 0.665 0.681 0.695 0.676 0.683 0.673 0.689 0.696 0.687
0.768 0.743 0.756 0.813 0.774 0.75 0.791 0.829 0.779 0.635 0.548 0.65 0.57 0.52 0.69 0.783 0.679 0.536 0.522 0.584 0.497 0.576 0.686 0.724 0.677 0.571 0.68 0.812 0.819 0.718 0.561 0.488 0.398 0.365 0.493 0.597 0.701 0.784 0.794 0.892 0.906 0.902 0.858 0.8 0.763 0.723 0.661 0.532 0.462 0.493 0.404 0.344 0.488 0.645 0.587 0.737 0.848 0.859 0.857 0.845 0.827 0.809 0.772 0.711 0.617 0.587 0.622 0.635 0.657 0.699 0.682 0.673 0.682 0.693 0.708 0.724
0.764 0.765 0.765 0.811 0.758 0.707 0.742 0.816 0.823 0.714 0.584 0.588 0.611 0.533 0.688 0.784 0.686 0.553 0.499 0.534 0.5 0.513 0.613 0.669 0.721 0.707 0.655 0.753 0.822 0.764 0.603 0.51 0.409 0.308 0.402 0.533 0.644 0.744 0.781 0.866 0.906 0.906 0.865 0.82 0.795 0.743 0.663 0.57 0.565 0.552 0.491 0.423 0.353 0.566 0.594 0.601 0.758 0.817 0.85 0.856 0.851 0.856 0.841 0.819 0.75 0.653 0.59 0.619 0.654 0.701 0.711 0.706 0.694 0.703 0.717 0.748
0.756 0.707 0.713 0.78 0.755 0.723 0.72 0.771 0.817 0.774 0.703 0.595 0.56 0.54 0.675 0.78 0.718 0.575 0.47 0.409 0.497 0.503 0.48 0.518 0.666 0.694 0.602 0.649 0.808 0.793 0.665 0.543 0.428 0.298 0.316 0.454 0.597 0.683 0.761 0.831 0.895 0.903 0.884 0.817 0.805 0.78 0.725 0.615 0.612 0.598 0.563 0.54 0.342 0.396 0.609 0.563 0.59 0.718 0.786 0.805 0.828 0.858 0.857 0.852 0.839 0.791 0.732 0.69 0.705 0.74 0.769 0.763 0.719 0.716 0.744 0.756
