data/climatemaps/RS_maps/climate_breeding_tmp_2000.asc
NCOLS 369 
NROWS 228 
XLLCORNER 479000 
YLLCORNER 73000 
CELLSIZE 1000 
NODATA_value -9 
[rows 136 to 169 of 228, columns 77 to 153 of 369]
0.527 0.426 0.365 0.326 0.38 0.447 0.468 0.472 0.449 0.432 0.362 0.339 0.434 0.529 0.575 0.58 0.551 0.663 0.613 0.284 -0.145 -0.028 0.286 0.3 0.042 -0.244 -0.327 -0.26 -0.633 -0.779 -0.706 -0.683 -0.609 -0.811 -0.934 -0.994 -0.521 -0.371 -0.287 0.055 0.286 0.325 0.043 -0.077 -0.136 -0.449 -0.397 -0.624 -0.74 -0.695 -0.439 -0.292 -0.012 0.336 0.079 -0.294 -0.672 -1.001 -1.064 -0.811 -0.592 -0.243 0.264 0.574 0.389 0.214 0.046 -0.053 -0.185 -0.285 -0.274 -0.6 -0.692 -0.212 -0.283 -0.804 -0.627
0.502 0.415 0.327 0.33 0.359 0.389 0.438 0.44 0.452 0.462 0.468 0.479 0.502 0.531 0.551 0.564 0.548 0.657 0.626 0.271 0.052 0.26 0.402 0.304 0.054 -0.257 -0.491 -0.458 -0.773 -0.851 -0.742 -0.462 -0.529 -0.416 -0.619 -0.722 -0.387 -0.01 0.161 0.354 0.225 -0.001 -0.342 -0.377 -0.358 -0.744 -0.645 -0.799 -0.786 -0.661 -0.546 -0.156 0.157 0.213 -0.118 -0.47 -0.832 -1.273 -0.996 -0.591 -0.212 0.034 0.465 0.565 0.322 0.022 -0.23 -0.234 -0.096 -0.27 -0.706 -0.882 -0.569 -0.277 -0.683 -1.206 -0.977
0.456 0.402 0.364 0.345 0.352 0.381 0.416 0.433 0.437 0.442 0.445 0.458 0.476 0.503 0.541 0.559 0.565 0.635 0.632 0.359 0.366 0.403 0.375 0.339 0.15 -0.137 -0.201 -0.521 -0.763 -0.508 -0.301 -0.054 -0.131 -0.127 -0.498 -0.771 -0.461 -0.047 0.231 0.369 -0.003 -0.279 -0.559 -0.652 -0.669 -0.804 -0.564 -0.421 -0.419 -0.28 -0.138 0.107 0.075 0.016 -0.314 -0.622 -1.037 -1.141 -0.718 -0.302 0.037 0.394 0.569 0.507 0.203 -0.291 -0.569 -0.612 -0.215 -0.441 -0.637 -0.885 -0.755 -0.482 -0.969 -1.322 -1.098
0.443 0.403 0.358 0.368 0.36 0.413 0.425 0.394 0.311 0.293 0.337 0.371 0.412 0.466 0.556 0.578 0.578 0.621 0.614 0.467 0.366 0.256 0.098 -0.075 0.113 0.184 0.117 -0.22 -0.152 0.063 0.059 -0.008 -0.002 0.03 -0.482 -0.675 -0.472 -0.142 0.19 0.332 -0.156 -0.448 -0.643 -0.886 -0.724 -0.501 -0.379 -0.404 -0.189 -0.028 -0.038 -0.092 -0.2 -0.137 -0.601 -0.983 -1.275 -0.949 -0.486 -0.019 0.386 0.532 0.417 0.341 0.198 -0.345 -0.716 -0.714 -0.673 -1.014 -0.747 -0.73 -1.067 -0.88 -1.311 -1.362 -0.942
0.426 0.35 0.358 0.435 0.439 0.434 0.384 0.246 0.082 0.044 0.152 0.262 0.259 0.399 0.56 0.595 0.615 0.644 0.519 0.134 -0.132 -0.187 0.078 -0.314 -0.25 0.114 0.041 0.12 0.228 -0.105 -0.285 -0.319 -0.441 -0.114 -0.259 -0.408 -0.464 -0.179 0.18 0.253 -0.178 -0.575 -0.791 -0.928 -0.593 -0.675 -0.613 -0.701 -0.107 -0.393 -0.449 -0.413 -0.237 -0.35 -0.777 -1.163 -1.171 -0.614 -0.141 0.259 0.529 0.439 0.135 -0.117 0.198 -0.006 -0.263 -0.69 -1.237 -1.296 -0.894 -0.869 -1.522 -1.667 -1.538 -1.147 -0.851
0.398 0.393 0.446 0.433 0.437 0.421 0.254 0.003 -0.168 -0.109 0.095 0.114 -0.067 0.255 0.457 0.571 0.587 0.619 0.24 -0.348 -0.585 -0.338 0.023 -0.239 -0.238 0.099 -0.37 -0.22 -0.046 -0.47 -0.504 -0.605 -0.629 -0.095 -0.242 -0.414 -0.406 -0.061 0.189 0.264 -0.09 -0.635 -0.943 -0.856 -0.718 -0.859 -0.785 -0.462 -0.08 -0.505 -0.804 -0.76 -0.28 -0.626 -1.049 -1.127 -0.824 -0.358 0.173 0.448 0.532 0.27 -0.207 -0.475 -0.04 0.273 -0.066 -0.864 -1.161 -0.935 -1.135 -1.343 -1.594 -1.841 -1.654 -1.184 -1.345
0.465 0.488 0.459 0.433 0.431 0.339 0.067 -0.194 -0.225 0.02 0.127 -0.078 -0.18 0.09 0.307 0.497 0.536 0.567 0.164 -0.144 -0.467 -0.423 -0.045 -0.264 -0.294 -0.033 -0.648 -0.868 -0.724 -0.439 -0.711 -0.742 -0.358 -0.161 -0.477 -0.598 -0.363 -0.062 -0.002 0.208 -0.029 -0.634 -0.791 -0.903 -0.847 -0.559 -0.319 -0.072 -0.268 -0.838 -1.108 -0.813 -0.462 -0.667 -1.35 -1.166 -0.478 -0.162 0.245 0.466 0.514 0.126 -0.408 -0.795 -0.364 0.022 0.146 -0.217 -0.475 -0.733 -1.083 -1.05 -1.479 -1.731 -1.529 -1.367 -1.701
0.51 0.446 0.431 0.452 0.406 0.238 -0.012 -0.229 -0.16 0.033 0.011 -0.146 -0.132 0.094 0.106 0.353 0.523 0.549 0.331 -0.104 -0.623 -0.347 -0.2 -0.694 -0.39 -0.12 -0.844 -0.901 -0.687 -0.488 -0.811 -0.664 -0.246 -0.421 -0.719 -0.689 -0.337 -0.203 0.004 0.28 -0.044 -0.364 -0.663 -0.887 -0.92 -0.997 -0.502 -0.102 -0.333 -0.602 -1.049 -1.107 -0.865 -0.602 -1.242 -0.864 -0.409 0.052 0.351 0.324 0.49 0.139 -0.352 -0.952 -0.631 -0.326 0.027 -0.528 -0.475 -0.417 -0.55 -0.796 -1.244 -1.616 -1.531 -1.68 -1.611
0.439 0.436 0.456 0.448 0.36 0.093 -0.191 -0.338 -0.179 -0.087 -0.241 -0.283 -0.259 -0.071 -0.157 0.232 0.518 0.592 0.328 -0.273 -0.627 -0.21 -0.456 -0.802 -0.591 -0.323 -0.637 -0.744 -0.648 -0.787 -0.875 -0.507 -0.394 -0.751 -0.808 -0.543 -0.486 -0.344 0.11 0.296 -0.01 -0.416 -0.795 -1.004 -1.08 -0.878 -0.303 -0.355 -0.311 -0.793 -0.991 -1.314 -1.096 -0.783 -1.065 -0.587 -0.128 0.194 0.127 -0.084 0.454 0.186 -0.375 -0.963 -0.987 -0.542 -0.07 -0.331 -0.696 -0.805 -0.961 -1.29 -1.578 -1.849 -1.828 -1.699 -1.38
0.457 0.442 0.442 0.427 0.293 -0.05 -0.347 -0.383 -0.174 -0.24 -0.478 -0.623 -0.349 -0.346 -0.296 0.169 0.568 0.558 0.141 -0.358 -0.672 -0.423 -0.651 -0.993 -0.813 -0.411 -0.604 -0.889 -0.883 -0.9 -0.677 -0.472 -0.669 -0.895 -0.752 -0.664 -0.602 -0.371 0.154 0.283 -0.046 -0.377 -0.609 -0.881 -0.959 -0.666 -0.525 -0.692 -0.382 -0.705 -1.116 -1.362 -1.479 -1.311 -0.881 -0.345 0.12 0.115 -0.193 -0.334 0.398 0.235 -0.4 -1.158 -1.307 -0.899 -0.34 -0.113 -0.36 -0.814 -1.446 -1.741 -1.87 -1.708 -1.614 -1.338 -1.067
0.489 0.433 0.434 0.406 0.25 -0.052 -0.264 -0.308 -0.159 -0.372 -0.689 -0.669 -0.376 -0.363 -0.158 0.372 0.56 0.435 -0.079 -0.534 -0.793 -0.877 -0.955 -0.971 -0.598 -0.436 -0.712 -0.897 -0.654 -0.639 -0.747 -0.702 -0.785 -0.745 -0.569 -0.551 -0.515 -0.149 0.094 0.214 0.025 -0.287 -0.629 -0.924 -1.115 -1.021 -0.889 -0.91 -0.562 -0.607 -1.098 -1.287 -1.426 -1.16 -0.612 -0.167 0.162 -0.139 -0.553 -0.71 0.175 0.261 -0.426 -1.108 -1.499 -1.343 -0.782 -0.566 -0.503 -0.572 -1.069 -1.645 -1.941 -1.507 -1.145 -0.968 -0.768
0.521 0.456 0.443 0.401 0.263 0.106 -0.004 -0.123 -0.139 -0.471 -0.598 -0.293 -0.111 -0.168 0.175 0.495 0.467 0.248 -0.134 -0.421 -0.829 -1.158 -1.1 -0.89 -0.533 -0.561 -0.82 -0.776 -0.501 -0.437 -0.762 -0.705 -0.693 -0.708 -0.452 -0.273 -0.21 -0.035 -0.108 0.033 0.095 -0.54 -0.774 -1.036 -1.151 -1.048 -0.986 -1.109 -0.794 -0.6 -0.9 -1.248 -1.093 -0.763 -0.458 -0.073 0.034 -0.35 -0.884 -1.068 -0.231 0.257 -0.251 -0.814 -1.269 -1.417 -1.107 -1.018 -0.977 -0.783 -0.787 -1.297 -1.81 -1.615 -0.919 -0.698 -0.65
0.505 0.419 0.453 0.4 0.209 0.084 0.067 0 -0.185 -0.375 -0.371 -0.274 -0.198 0.061 0.434 0.509 0.255 0.019 -0.166 -0.49 -0.923 -1.176 -0.998 -0.781 -0.42 -0.678 -0.648 -0.716 -0.533 -0.352 -0.678 -0.723 -0.495 -0.452 -0.278 -0.146 -0.099 -0.241 -0.33 -0.016 0.061 -0.553 -0.759 -0.9 -0.63 -0.599 -0.738 -1.022 -1.095 -0.925 -1.03 -1.291 -0.834 -0.502 -0.273 0.02 -0.201 -0.58 -0.994 -1.143 -0.624 0.135 0.047 -0.62 -1.099 -1.539 -1.539 -1.377 -1.425 -1.147 -0.899 -1.193 -1.843 -1.885 -0.956 -1.052 -1.282
0.371 0.389 0.499 0.409 0.116 -0.146 -0.058 -0.103 -0.238 -0.345 -0.484 -0.549 -0.346 0.162 0.514 0.438 -0.034 -0.329 -0.326 -0.556 -1.044 -0.949 -0.601 -0.363 -0.42 -0.499 -0.392 -0.702 -0.524 -0.281 -0.724 -0.61 -0.39 -0.216 -0.211 -0.298 -0.331 -0.604 -0.492 0.031 0.138 -0.257 -0.538 -0.539 -0.434 -0.724 -0.748 -0.771 -0.992 -1.294 -1.388 -0.994 -0.561 -0.377 -0.126 -0.042 -0.402 -0.757 -0.965 -1.196 -0.849 -0.039 0.031 -0.811 -1.365 -1.597 -1.504 -1.591 -1.693 -1.681 -1.4 -1.21 -1.73 -2.154 -1.743 -1.858 -1.591
0.324 0.535 0.5 0.225 0.148 0.001 -0.063 -0.252 -0.407 -0.557 -0.728 -0.504 -0.094 0.278 0.488 0.245 -0.305 -0.667 -0.553 -0.821 -1.068 -0.732 -0.28 -0.106 -0.256 -0.212 -0.435 -0.681 -0.426 -0.219 -0.58 -0.343 -0.18 -0.204 -0.377 -0.594 -0.602 -0.876 -0.606 -0.118 0.16 0.066 -0.285 -0.28 -0.59 -0.904 -1.018 -1.115 -1.132 -1.411 -1.369 -0.86 -0.602 -0.431 -0.091 -0.172 -0.559 -0.871 -1.175 -1.377 -0.925 -0.145 -0.033 -0.72 -1.026 -1.1 -0.983 -1.429 -1.745 -2.121 -1.95 -1.611 -1.729 -2.169 -1.913 -1.821 -1.393
0.519 0.646 0.402 -0.06 -0.022 0.013 -0.137 -0.198 -0.304 -0.572 -0.501 -0.211 0.099 0.386 0.425 0.054 -0.295 -0.695 -0.925 -1 -0.745 -0.42 -0.3 -0.177 -0.018 -0.105 -0.206 -0.238 -0.078 -0.055 -0.169 -0.074 -0.074 -0.349 -0.619 -0.773 -0.783 -0.937 -0.636 -0.239 -0.091 0.029 0.083 -0.176 -0.494 -0.765 -1.145 -1.646 -1.444 -1.23 -0.922 -0.895 -0.678 -0.305 -0.09 -0.366 -0.731 -1.085 -1.367 -1.19 -0.655 -0.067 -0.013 -0.337 -0.586 -0.616 -0.681 -1.435 -2.05 -2.41 -2.596 -2.436 -2.108 -1.967 -1.815 -1.755 -1.509
0.743 0.64 0.308 -0.202 -0.077 -0.205 -0.384 -0.473 -0.326 -0.651 -0.44 0.016 0.264 0.431 0.157 -0.374 -0.58 -0.825 -0.889 -0.737 -0.24 -0.138 -0.362 -0.204 0.115 0.129 0.15 0.13 0.114 0.148 0.147 0.108 -0.035 -0.474 -0.781 -0.761 -0.753 -0.783 -0.691 -0.409 -0.43 -0.357 0.09 -0.039 -0.533 -0.692 -0.937 -1.574 -1.306 -0.736 -0.498 -0.506 -0.391 -0.139 -0.226 -0.37 -0.76 -1.231 -1.381 -1.079 -0.556 -0.014 -0.346 -0.596 -0.892 -1.079 -1.148 -1.499 -2.199 -2.745 -2.436 -2.121 -2.025 -2.106 -2.051 -2.229 -1.941
0.774 0.664 0.354 -0.117 0.072 -0.307 -0.587 -0.598 -0.551 -0.666 -0.282 0.155 0.248 0.319 0.122 -0.26 -0.433 -0.529 -0.561 -0.135 0.128 0.115 -0.035 0.136 0.211 0.087 -0.068 -0.069 -0.107 -0.171 0.066 0.163 0.041 -0.348 -0.424 -0.351 -0.37 -0.424 -0.667 -0.633 -0.712 -0.557 -0.151 0.086 -0.378 -0.816 -0.988 -1.394 -1.09 -0.64 -0.631 -0.359 -0.337 -0.149 -0.533 -0.506 -1.023 -1.541 -1.302 -0.837 -0.439 -0.189 -0.899 -1.338 -1.528 -1.865 -1.881 -1.9 -2.355 -2.201 -1.852 -1.875 -2.017 -2.199 -2.403 -2.598 -2.463
0.841 0.762 0.536 0.238 0.22 -0.072 -0.417 -0.454 -0.749 -0.516 -0.033 0.134 -0.124 0.292 0.285 0.069 0.167 0.03 0.016 0.267 0.298 0.242 0.23 0.086 -0.22 -0.374 -0.487 -0.497 -0.561 -0.224 -0.222 0.072 0.117 -0.021 -0.169 -0.35 -0.602 -0.538 -0.716 -0.879 -0.776 -0.737 -0.325 0.14 -0.122 -0.464 -0.804 -1.17 -1.112 -0.876 -0.706 -0.438 -0.572 -0.239 -0.766 -1.252 -1.58 -1.794 -0.866 -0.647 -0.403 -0.592 -1.234 -1.671 -1.953 -2.251 -2.66 -2.277 -1.992 -1.656 -1.732 -2.016 -2.278 -2.399 -2.438 -2.291 -2.132
0.927 0.859 0.727 0.527 0.284 0.044 -0.254 -0.263 -0.613 -0.394 0.114 -0.132 -0.523 -0.151 0.16 0.291 0.294 0.266 0.342 0.281 0.081 -0.051 -0.062 -0.174 -0.714 -0.908 -1.048 -0.762 -0.469 -0.331 -0.43 0.004 0.076 0.017 -0.418 -0.55 -0.864 -0.97 -0.621 -1.135 -0.898 -0.873 -0.286 0.095 0.088 -0.218 -0.552 -0.914 -1.113 -0.78 -0.62 -0.574 -0.673 -0.303 -0.89 -1.73 -2.001 -1.366 -0.774 -1.081 -0.757 -0.376 -0.686 -1.032 -1.269 -1.715 -2.224 -1.658 -1.114 -1.471 -1.97 -2.338 -2.462 -2.289 -2.138 -1.936 -1.585
1.01 0.971 0.859 0.577 0.211 0.198 0.096 -0.09 -0.501 -0.348 -0.071 -0.111 -0.446 -0.402 -0.358 -0.222 -0.151 0.072 0.178 0.03 -0.329 -0.379 -0.479 -0.348 -0.668 -1.088 -0.905 -0.632 -0.365 -0.465 -0.303 0.065 -0.184 -0.166 -0.378 -0.938 -0.957 -1.401 -0.719 -1.067 -1.074 -0.623 -0.283 -0.039 0.155 -0.189 -0.591 -0.867 -0.939 -0.791 -0.845 -0.889 -0.907 -0.576 -0.991 -1.4 -1.562 -1.074 -1.004 -1.005 -0.93 -1.088 -0.742 -0.723 -0.651 -0.944 -1.32 -0.982 -1.008 -1.739 -2.33 -2.312 -2.139 -1.952 -1.662 -1.783 -1.236
1.066 1.029 0.979 0.779 0.499 0.415 0.071 -0.277 -0.653 -0.674 -0.386 -0.101 -0.238 -0.525 -0.673 -0.486 -0.317 -0.228 -0.167 0.041 -0.306 -0.638 -0.832 -0.564 -0.776 -1.103 -0.73 -0.583 -0.462 -0.346 -0.11 -0.008 -0.557 -0.33 -0.262 -0.988 -1.058 -1.406 -0.867 -1.023 -0.898 -0.588 -0.498 -0.3 0.13 -0.013 -0.464 -0.825 -1.011 -1.03 -1.055 -1.432 -1.219 -0.97 -1.188 -1.567 -1.525 -1.149 -1.144 -0.946 -1.267 -1.76 -1.638 -1.445 -1.228 -0.66 -0.757 -0.9 -1.556 -2.132 -2.283 -1.961 -1.57 -1.777 -1.31 -1.353 -1.006
1.072 1.07 1.068 0.998 0.71 0.34 0.052 -0.408 -0.786 -0.793 -0.534 -0.256 -0.051 -0.442 -0.436 -0.295 -0.52 -0.495 -0.324 0.015 -0.072 -0.474 -0.84 -0.855 -1.03 -1.101 -0.848 -0.612 -0.514 -0.546 -0.234 -0.098 -0.689 -0.424 -0.14 -0.604 -0.899 -1.168 -0.963 -1.025 -0.797 -0.781 -0.707 -0.331 -0.001 0.056 -0.172 -0.539 -0.823 -1.026 -1.434 -1.434 -1.104 -1.054 -1.276 -1.635 -1.646 -1.467 -1.147 -1.219 -1.503 -2.111 -2.326 -2.103 -1.746 -1.127 -1.317 -1.696 -2.012 -2.074 -1.925 -1.648 -1.163 -1.203 -1.05 -0.839 -0.825
1.071 1.075 1.077 1.069 0.877 0.414 -0.018 -0.369 -0.461 -0.615 -0.6 -0.544 -0.221 -0.194 -0.202 -0.22 -0.403 -0.428 -0.346 -0.261 -0.116 -0.158 -0.409 -0.491 -0.618 -0.917 -1.063 -0.9 -0.93 -0.833 -0.261 -0.109 -0.554 -0.605 -0.131 -0.249 -0.495 -0.733 -0.953 -1.013 -0.84 -0.872 -0.651 -0.22 -0.251 -0.26 -0.048 -0.184 -0.526 -0.97 -1.349 -1.497 -1.48 -1.394 -1.601 -1.86 -1.759 -1.47 -1.318 -1.749 -1.752 -2.183 -2.605 -2.678 -1.933 -1.665 -1.95 -2.173 -1.88 -1.607 -1.449 -1.236 -0.915 -0.68 -0.699 -0.887 -1.151
1.072 1.078 1.077 1.078 1.021 0.474 0.029 -0.006 -0.075 -0.54 -0.765 -0.595 -0.304 -0.209 -0.327 -0.361 -0.454 -0.368 -0.341 -0.541 -0.48 -0.242 -0.351 -0.439 -0.357 -0.827 -1.218 -0.919 -0.681 -0.544 -0.131 -0.109 -0.508 -0.643 -0.227 -0.112 -0.349 -0.616 -0.812 -0.999 -0.915 -0.765 -0.588 -0.278 -0.369 -0.674 -0.425 -0.316 -0.66 -1.377 -1.589 -1.92 -2.071 -1.969 -1.974 -1.986 -1.751 -1.408 -1.469 -2.032 -2.28 -2.096 -2.252 -2.297 -2.041 -1.872 -1.863 -1.774 -1.474 -1.184 -0.96 -0.698 -0.544 -0.676 -1.085 -1.485 -1.853
1.077 1.081 1.078 1.078 1.054 0.719 0.435 0.159 -0.213 -0.622 -0.533 -0.382 -0.431 -0.393 -0.48 -0.603 -0.728 -0.417 -0.361 -0.546 -0.636 -0.44 -0.514 -0.834 -0.378 -0.742 -1.033 -0.574 -0.472 -0.423 -0.105 -0.106 -0.511 -0.606 -0.416 -0.119 -0.332 -0.685 -0.869 -1.044 -0.879 -0.703 -0.721 -0.578 -0.434 -0.884 -0.973 -0.799 -1.129 -1.668 -2.045 -2.363 -2.174 -2.082 -1.945 -1.783 -1.668 -1.389 -1.601 -1.949 -2.032 -1.708 -1.587 -1.788 -2.104 -1.704 -1.466 -1.231 -0.975 -0.723 -0.487 -0.407 -0.689 -1.107 -1.642 -2.116 -2.392
1.073 1.075 1.075 1.075 1.065 0.898 0.303 -0.346 -0.621 -0.513 -0.452 -0.458 -0.692 -0.576 -0.638 -0.912 -0.737 -0.388 -0.408 -0.498 -0.695 -0.733 -0.684 -0.885 -0.469 -0.822 -0.812 -0.523 -0.762 -0.63 -0.156 -0.108 -0.44 -0.73 -0.59 -0.237 -0.364 -0.887 -1.087 -1.109 -0.932 -0.972 -0.91 -0.746 -0.695 -1.198 -1.534 -1.37 -1.482 -1.781 -2.183 -2.375 -2.095 -1.811 -1.617 -1.502 -1.522 -1.268 -1.345 -1.337 -1.221 -1.15 -1.381 -1.848 -1.955 -1.666 -1.372 -0.895 -0.501 -0.338 -0.465 -0.702 -1.201 -1.602 -2.142 -2.679 -2.469
1.066 1.069 1.073 1.065 1.068 0.911 0.017 -0.419 -0.441 -0.442 -0.629 -0.843 -0.843 -0.611 -0.847 -0.88 -0.588 -0.345 -0.647 -0.802 -0.973 -1.179 -1.041 -0.926 -0.76 -0.924 -0.631 -0.646 -0.868 -0.628 -0.125 -0.1 -0.506 -0.871 -0.744 -0.589 -0.534 -0.887 -1.193 -1.422 -1.263 -1.155 -1.01 -1.152 -1.268 -1.566 -1.809 -1.813 -1.807 -1.881 -2.05 -2.144 -2.201 -2.004 -1.873 -1.776 -1.779 -0.891 -0.675 -0.691 -0.797 -1.175 -1.788 -2.021 -1.903 -1.632 -1.355 -0.772 -0.293 -0.611 -0.968 -1.304 -1.752 -2.123 -2.366 -2.672 -2.475
1.073 1.073 1.071 1.068 1.068 0.652 -0.081 -0.308 -0.452 -0.697 -0.905 -1.094 -0.796 -0.415 -0.498 -0.538 -0.35 -0.464 -0.977 -1.169 -1.239 -1.339 -1.322 -1.164 -1.089 -1.009 -0.659 -0.82 -0.664 -0.308 -0.106 -0.069 -0.541 -1.113 -1.276 -0.969 -0.824 -1.115 -1.466 -1.663 -1.548 -1.592 -1.535 -1.555 -1.568 -1.824 -1.994 -1.97 -1.944 -1.969 -2.026 -2.039 -2.031 -2.124 -2.073 -1.907 -1.687 -0.686 -0.278 -0.611 -1.135 -1.633 -2 -1.883 -1.849 -1.659 -1.251 -0.696 -0.357 -1.067 -1.483 -1.928 -2.258 -2.127 -1.921 -2.051 -2.133
1.062 1.068 1.066 1.073 0.941 0.273 -0.259 -0.486 -0.659 -0.961 -1.133 -0.922 -0.592 -0.312 -0.099 -0.262 -0.223 -0.515 -0.835 -0.859 -0.829 -0.843 -0.993 -0.897 -0.942 -1.015 -0.883 -0.704 -0.341 -0.265 -0.449 -0.535 -0.635 -1.379 -1.628 -1.217 -1.116 -1.717 -1.716 -1.865 -1.957 -1.786 -1.524 -1.621 -1.836 -1.872 -1.797 -2.002 -2.022 -1.888 -1.795 -1.67 -1.655 -1.897 -1.888 -1.564 -1.058 -0.441 -0.285 -0.944 -1.433 -1.801 -1.636 -1.548 -1.801 -1.505 -1.31 -0.613 -0.314 -1.204 -1.893 -2.239 -2.245 -1.817 -1.336 -1.644 -1.887
0.998 1.063 1.066 1.068 1.046 0.632 -0.085 -0.417 -0.239 -0.552 -0.978 -0.667 -0.225 -0.048 0.154 0.074 -0.015 -0.077 -0.279 -0.286 -0.288 -0.335 -0.449 -0.551 -0.712 -0.798 -0.688 -0.441 -0.211 -0.572 -1.105 -1.099 -1.043 -1.331 -1.593 -1.293 -1.29 -1.832 -2.14 -2.086 -1.798 -1.489 -1.232 -1.617 -1.736 -1.685 -1.664 -1.78 -1.891 -1.971 -1.401 -1.238 -1.528 -1.74 -1.766 -1.479 -0.582 -0.217 -0.56 -0.962 -1.337 -1.572 -1.402 -1.352 -1.735 -1.747 -1.405 -0.757 -0.197 -0.956 -1.85 -1.852 -1.814 -1.65 -0.917 -1.652 -1.669
0.753 1.058 1.069 1.069 1.073 0.885 0.384 0.142 -0.014 -0.44 -0.817 -0.389 -0.066 0.257 0.245 0.009 0.014 0.028 0.054 0.037 -0.006 -0.01 -0.09 -0.274 -0.404 -0.471 -0.522 -0.608 -0.644 -0.881 -1.557 -1.451 -1.193 -1.58 -1.815 -1.618 -1.826 -2.134 -2.357 -2.058 -1.77 -1.456 -0.822 -0.885 -1.183 -1.398 -1.315 -1.447 -1.598 -1.597 -1.338 -0.928 -1.166 -1.401 -1.484 -1.411 -0.479 -0.076 -0.391 -0.774 -1.026 -1.344 -1.189 -1.248 -1.633 -1.507 -1.298 -0.636 -0.087 -0.905 -1.721 -1.546 -1.507 -1.369 -0.83 -1.686 -1.71
0.428 1.03 1.071 1.073 1.073 1.024 0.578 0.465 0.069 -0.482 -0.396 -0.13 0.073 0.326 -0.087 -0.286 -0.377 -0.494 -0.418 -0.432 -0.315 -0.19 0.005 -0.177 -0.43 -0.663 -1.062 -1.342 -1.209 -1.121 -1.728 -1.477 -1.227 -1.523 -2.064 -2.067 -1.963 -2.056 -2.019 -1.733 -1.747 -1.681 -1.247 -0.733 -0.584 -0.96 -0.921 -1.426 -1.31 -1.132 -1.115 -0.83 -0.666 -0.925 -1.154 -1.092 -0.572 0.014 -0.066 -0.385 -0.822 -1.146 -0.96 -1.087 -1.307 -1.164 -0.974 -0.281 -0.037 -0.972 -1.47 -1.219 -1.228 -1.045 -0.74 -1.513 -1.442
0.577 1.006 1.073 1.073 1.07 1.062 0.894 0.744 0.13 -0.169 0.07 0.179 0.378 0.248 -0.267 -0.703 -0.607 -0.795 -0.719 -0.816 -0.576 -0.391 -0.121 -0.458 -1.02 -1.32 -1.597 -1.826 -1.407 -1.531 -1.832 -1.437 -1.272 -1.528 -1.85 -1.742 -1.665 -1.74 -1.903 -1.781 -1.614 -1.228 -1.033 -0.717 -0.247 -0.61 -0.984 -1.17 -0.985 -0.779 -0.623 -0.51 -0.26 -0.431 -0.537 -0.501 -0.482 0.012 0.261 -0.187 -0.56 -0.732 -0.435 -0.633 -0.834 -0.705 -0.619 0.066 -0.027 -0.843 -0.883 -0.641 -0.73 -0.498 -0.619 -0.993 -1.096
