data/climatemaps/RS_maps/climate_winter_tmin_2004.asc
NCOLS 369 
NROWS 228 
XLLCORNER 479000 
YLLCORNER 73000 
CELLSIZE 1000 
NODATA_value -9 
[rows 34 to 67 of 228, columns 152 to 227 of 369]
0.786 0.77 0.731 0.743 0.762 0.763 0.759 0.753 0.748 0.739 0.736 0.733 0.734 0.735 0.735 0.705 0.647 0.698 0.708 0.672 0.7 0.741 0.706 0.729 0.694 0.707 0.712 0.764 0.84 0.832 0.824 0.806 0.815 0.769 0.719 0.722 0.723 0.731 0.722 0.77 0.734 0.769 0.741 0.75 0.736 0.764 0.802 0.809 0.788 0.795 0.81 0.797 0.78 0.816 0.766 0.671 0.64 0.689 0.694 0.677 0.683 0.74 0.77 0.778 0.775 0.77 0.753 0.737 0.733 0.758 0.776 0.777 0.77 0.773 0.786 0.786
0.731 0.753 0.707 0.679 0.692 0.722 0.702 0.714 0.723 0.726 0.731 0.706 0.705 0.706 0.72 0.701 0.674 0.668 0.717 0.681 0.699 0.735 0.679 0.69 0.684 0.677 0.726 0.785 0.839 0.829 0.832 0.797 0.808 0.792 0.765 0.766 0.718 0.706 0.706 0.738 0.749 0.728 0.772 0.73 0.691 0.692 0.8 0.8 0.772 0.785 0.802 0.789 0.766 0.761 0.813 0.768 0.699 0.659 0.672 0.705 0.723 0.763 0.773 0.777 0.773 0.764 0.761 0.747 0.741 0.748 0.753 0.749 0.753 0.731 0.74 0.753
0.685 0.713 0.712 0.695 0.644 0.662 0.688 0.663 0.665 0.677 0.709 0.713 0.679 0.664 0.707 0.692 0.644 0.656 0.708 0.645 0.639 0.71 0.67 0.661 0.642 0.663 0.726 0.81 0.84 0.837 0.817 0.791 0.783 0.785 0.808 0.794 0.756 0.711 0.721 0.725 0.725 0.708 0.698 0.775 0.747 0.748 0.799 0.808 0.772 0.799 0.809 0.794 0.783 0.735 0.786 0.805 0.778 0.761 0.729 0.74 0.772 0.785 0.751 0.771 0.757 0.746 0.739 0.746 0.756 0.756 0.749 0.735 0.721 0.7 0.695 0.705
0.692 0.659 0.68 0.71 0.682 0.637 0.646 0.658 0.646 0.652 0.67 0.711 0.707 0.678 0.671 0.682 0.602 0.608 0.647 0.643 0.636 0.679 0.684 0.678 0.71 0.726 0.718 0.809 0.846 0.829 0.757 0.752 0.734 0.726 0.765 0.793 0.802 0.765 0.765 0.735 0.695 0.694 0.683 0.73 0.759 0.746 0.792 0.81 0.793 0.809 0.813 0.808 0.794 0.744 0.742 0.797 0.785 0.754 0.781 0.786 0.786 0.781 0.769 0.772 0.741 0.751 0.72 0.719 0.754 0.759 0.747 0.727 0.695 0.693 0.684 0.698
0.707 0.65 0.639 0.64 0.663 0.668 0.63 0.633 0.649 0.624 0.651 0.695 0.722 0.688 0.609 0.626 0.609 0.614 0.653 0.641 0.62 0.674 0.709 0.737 0.753 0.789 0.809 0.823 0.835 0.8 0.747 0.733 0.72 0.698 0.719 0.774 0.802 0.79 0.789 0.772 0.711 0.702 0.686 0.709 0.747 0.756 0.781 0.814 0.796 0.817 0.804 0.809 0.789 0.736 0.709 0.784 0.781 0.707 0.72 0.739 0.739 0.749 0.779 0.766 0.746 0.763 0.742 0.723 0.754 0.753 0.745 0.723 0.709 0.715 0.717 0.724
0.696 0.679 0.637 0.606 0.636 0.675 0.655 0.625 0.594 0.608 0.664 0.698 0.718 0.719 0.702 0.688 0.659 0.669 0.687 0.655 0.633 0.637 0.685 0.687 0.734 0.787 0.806 0.785 0.82 0.839 0.82 0.772 0.736 0.705 0.7 0.773 0.793 0.794 0.764 0.774 0.782 0.774 0.755 0.745 0.772 0.779 0.795 0.82 0.814 0.815 0.8 0.801 0.788 0.732 0.701 0.759 0.783 0.714 0.692 0.683 0.674 0.719 0.74 0.745 0.755 0.764 0.755 0.753 0.757 0.717 0.713 0.717 0.716 0.692 0.676 0.718
0.639 0.621 0.629 0.616 0.641 0.679 0.661 0.559 0.531 0.621 0.687 0.707 0.681 0.651 0.666 0.667 0.694 0.708 0.694 0.688 0.671 0.644 0.679 0.71 0.734 0.794 0.782 0.781 0.849 0.853 0.842 0.841 0.813 0.779 0.732 0.762 0.775 0.768 0.727 0.717 0.732 0.748 0.757 0.761 0.787 0.804 0.815 0.82 0.813 0.811 0.809 0.802 0.792 0.739 0.707 0.744 0.766 0.746 0.722 0.676 0.65 0.685 0.691 0.713 0.762 0.732 0.723 0.75 0.753 0.711 0.678 0.69 0.691 0.671 0.62 0.659
0.646 0.61 0.674 0.644 0.645 0.614 0.581 0.562 0.628 0.653 0.684 0.673 0.625 0.632 0.68 0.675 0.688 0.698 0.699 0.689 0.664 0.657 0.69 0.714 0.75 0.802 0.816 0.837 0.855 0.829 0.794 0.821 0.824 0.826 0.804 0.771 0.74 0.712 0.664 0.652 0.655 0.664 0.67 0.702 0.754 0.803 0.823 0.82 0.81 0.812 0.809 0.807 0.802 0.759 0.726 0.734 0.714 0.731 0.709 0.689 0.66 0.665 0.651 0.706 0.753 0.713 0.681 0.7 0.73 0.722 0.676 0.637 0.648 0.647 0.624 0.649
0.696 0.685 0.687 0.626 0.629 0.555 0.558 0.574 0.647 0.659 0.662 0.636 0.633 0.635 0.667 0.689 0.671 0.689 0.674 0.662 0.661 0.661 0.713 0.749 0.795 0.826 0.824 0.83 0.846 0.814 0.766 0.753 0.772 0.798 0.842 0.81 0.747 0.726 0.707 0.689 0.712 0.697 0.67 0.678 0.722 0.785 0.81 0.814 0.815 0.807 0.816 0.813 0.811 0.789 0.747 0.738 0.708 0.705 0.683 0.672 0.666 0.66 0.656 0.689 0.739 0.72 0.68 0.69 0.709 0.702 0.68 0.661 0.608 0.593 0.591 0.591
0.735 0.724 0.692 0.678 0.622 0.61 0.587 0.585 0.645 0.617 0.648 0.639 0.627 0.619 0.661 0.677 0.653 0.67 0.641 0.639 0.635 0.668 0.744 0.805 0.81 0.798 0.803 0.818 0.835 0.821 0.789 0.751 0.767 0.785 0.835 0.834 0.812 0.792 0.775 0.776 0.795 0.777 0.753 0.732 0.747 0.764 0.791 0.797 0.807 0.8 0.816 0.815 0.814 0.808 0.784 0.759 0.735 0.712 0.698 0.683 0.677 0.664 0.658 0.682 0.707 0.674 0.709 0.698 0.705 0.682 0.682 0.643 0.615 0.577 0.565 0.533
0.74 0.706 0.677 0.643 0.649 0.627 0.59 0.597 0.636 0.606 0.64 0.656 0.618 0.566 0.625 0.647 0.619 0.637 0.603 0.601 0.611 0.7 0.768 0.815 0.788 0.774 0.799 0.812 0.821 0.839 0.828 0.8 0.801 0.778 0.818 0.844 0.838 0.817 0.778 0.813 0.82 0.818 0.815 0.806 0.805 0.799 0.792 0.775 0.778 0.789 0.801 0.815 0.81 0.81 0.796 0.786 0.769 0.741 0.724 0.719 0.695 0.68 0.673 0.682 0.708 0.643 0.657 0.621 0.628 0.685 0.698 0.657 0.63 0.606 0.584 0.56
0.683 0.691 0.67 0.627 0.613 0.624 0.611 0.599 0.628 0.563 0.587 0.647 0.605 0.536 0.58 0.632 0.583 0.583 0.605 0.628 0.669 0.75 0.797 0.815 0.786 0.791 0.81 0.82 0.822 0.833 0.843 0.827 0.818 0.797 0.763 0.796 0.843 0.833 0.812 0.824 0.817 0.818 0.82 0.829 0.829 0.828 0.813 0.802 0.777 0.77 0.775 0.808 0.814 0.811 0.789 0.774 0.767 0.777 0.76 0.733 0.721 0.7 0.694 0.703 0.704 0.632 0.606 0.587 0.622 0.649 0.662 0.676 0.668 0.651 0.638 0.621
0.661 0.65 0.659 0.649 0.628 0.615 0.62 0.571 0.607 0.532 0.525 0.609 0.576 0.56 0.564 0.61 0.577 0.601 0.665 0.693 0.711 0.752 0.796 0.818 0.767 0.777 0.808 0.821 0.827 0.831 0.844 0.832 0.831 0.817 0.744 0.727 0.808 0.847 0.839 0.813 0.784 0.75 0.755 0.788 0.81 0.821 0.82 0.814 0.812 0.801 0.784 0.794 0.81 0.811 0.791 0.765 0.755 0.763 0.773 0.755 0.724 0.707 0.699 0.707 0.696 0.645 0.599 0.589 0.634 0.613 0.609 0.644 0.629 0.632 0.632 0.631
0.685 0.65 0.643 0.644 0.634 0.598 0.592 0.521 0.537 0.512 0.518 0.551 0.532 0.586 0.59 0.613 0.572 0.608 0.667 0.657 0.66 0.715 0.773 0.819 0.762 0.727 0.779 0.815 0.817 0.829 0.842 0.84 0.831 0.821 0.778 0.704 0.731 0.813 0.848 0.852 0.849 0.806 0.779 0.757 0.752 0.783 0.807 0.814 0.814 0.814 0.814 0.807 0.801 0.81 0.804 0.779 0.762 0.765 0.774 0.762 0.736 0.722 0.703 0.704 0.691 0.671 0.63 0.616 0.612 0.604 0.565 0.608 0.598 0.565 0.606 0.62
0.677 0.656 0.639 0.634 0.618 0.547 0.529 0.497 0.471 0.514 0.565 0.561 0.551 0.619 0.664 0.667 0.631 0.651 0.649 0.663 0.691 0.742 0.782 0.819 0.789 0.76 0.756 0.787 0.823 0.828 0.839 0.867 0.845 0.826 0.812 0.751 0.69 0.732 0.821 0.854 0.862 0.861 0.839 0.804 0.814 0.744 0.746 0.766 0.783 0.801 0.802 0.805 0.81 0.815 0.812 0.787 0.778 0.782 0.784 0.762 0.732 0.718 0.711 0.704 0.689 0.684 0.656 0.636 0.602 0.578 0.551 0.597 0.584 0.536 0.579 0.62
0.655 0.627 0.591 0.622 0.618 0.556 0.489 0.54 0.522 0.56 0.632 0.644 0.651 0.663 0.703 0.725 0.726 0.743 0.746 0.756 0.769 0.798 0.809 0.82 0.817 0.809 0.801 0.8 0.815 0.818 0.837 0.866 0.865 0.84 0.836 0.788 0.717 0.696 0.748 0.836 0.866 0.867 0.866 0.855 0.853 0.845 0.818 0.796 0.772 0.774 0.778 0.805 0.806 0.809 0.811 0.807 0.794 0.794 0.787 0.777 0.746 0.718 0.71 0.699 0.681 0.684 0.672 0.65 0.618 0.552 0.574 0.568 0.57 0.537 0.55 0.59
0.623 0.551 0.5 0.601 0.555 0.525 0.52 0.564 0.588 0.573 0.626 0.692 0.693 0.682 0.726 0.755 0.763 0.771 0.772 0.781 0.793 0.798 0.8 0.804 0.812 0.8 0.811 0.817 0.773 0.752 0.774 0.813 0.857 0.868 0.853 0.841 0.753 0.671 0.68 0.777 0.845 0.86 0.865 0.858 0.866 0.863 0.853 0.849 0.823 0.791 0.764 0.793 0.788 0.763 0.774 0.798 0.798 0.794 0.787 0.78 0.762 0.738 0.73 0.702 0.675 0.676 0.682 0.667 0.633 0.582 0.585 0.534 0.531 0.509 0.519 0.577
0.646 0.557 0.537 0.559 0.514 0.558 0.615 0.614 0.656 0.666 0.677 0.718 0.733 0.728 0.752 0.762 0.762 0.765 0.767 0.773 0.784 0.792 0.79 0.798 0.809 0.798 0.808 0.825 0.8 0.767 0.784 0.763 0.813 0.871 0.868 0.844 0.792 0.702 0.652 0.727 0.809 0.839 0.853 0.858 0.843 0.832 0.846 0.859 0.856 0.844 0.831 0.813 0.782 0.696 0.702 0.748 0.772 0.788 0.783 0.777 0.768 0.758 0.745 0.723 0.695 0.67 0.668 0.673 0.651 0.62 0.581 0.524 0.49 0.476 0.516 0.57
0.606 0.588 0.561 0.508 0.514 0.598 0.676 0.694 0.703 0.687 0.679 0.729 0.75 0.756 0.745 0.752 0.76 0.772 0.772 0.772 0.778 0.784 0.793 0.793 0.806 0.789 0.788 0.819 0.825 0.814 0.798 0.761 0.801 0.857 0.874 0.863 0.827 0.741 0.656 0.707 0.783 0.815 0.815 0.845 0.789 0.766 0.797 0.841 0.852 0.849 0.849 0.838 0.801 0.714 0.683 0.691 0.709 0.747 0.775 0.777 0.771 0.764 0.753 0.733 0.708 0.684 0.653 0.663 0.657 0.642 0.601 0.544 0.51 0.512 0.546 0.531
0.55 0.598 0.572 0.552 0.625 0.697 0.705 0.721 0.71 0.69 0.694 0.744 0.729 0.714 0.719 0.745 0.747 0.769 0.758 0.756 0.77 0.753 0.79 0.784 0.8 0.788 0.765 0.799 0.823 0.831 0.807 0.766 0.798 0.841 0.874 0.883 0.858 0.788 0.709 0.729 0.788 0.797 0.803 0.833 0.791 0.74 0.745 0.8 0.842 0.844 0.848 0.84 0.827 0.775 0.707 0.654 0.648 0.685 0.724 0.761 0.773 0.767 0.754 0.74 0.721 0.695 0.659 0.638 0.644 0.646 0.626 0.582 0.561 0.547 0.518 0.475
0.6 0.651 0.675 0.677 0.699 0.724 0.731 0.74 0.729 0.733 0.744 0.742 0.702 0.715 0.736 0.74 0.752 0.762 0.76 0.737 0.74 0.744 0.786 0.782 0.781 0.76 0.764 0.77 0.813 0.831 0.836 0.798 0.8 0.825 0.859 0.876 0.883 0.841 0.764 0.767 0.774 0.75 0.787 0.813 0.799 0.763 0.722 0.716 0.778 0.825 0.843 0.841 0.846 0.81 0.751 0.68 0.656 0.646 0.669 0.706 0.756 0.768 0.757 0.738 0.725 0.71 0.686 0.643 0.635 0.641 0.635 0.61 0.564 0.538 0.488 0.405
0.544 0.626 0.681 0.726 0.75 0.746 0.748 0.748 0.753 0.753 0.749 0.731 0.699 0.723 0.748 0.751 0.733 0.73 0.763 0.745 0.724 0.722 0.773 0.779 0.777 0.742 0.737 0.719 0.787 0.828 0.842 0.838 0.814 0.811 0.839 0.854 0.882 0.867 0.799 0.773 0.741 0.71 0.748 0.794 0.809 0.778 0.744 0.671 0.677 0.79 0.836 0.842 0.852 0.827 0.782 0.722 0.674 0.639 0.633 0.654 0.71 0.763 0.758 0.741 0.725 0.711 0.69 0.66 0.63 0.635 0.635 0.627 0.538 0.484 0.438 0.405
0.633 0.665 0.708 0.744 0.745 0.727 0.742 0.75 0.754 0.749 0.733 0.718 0.698 0.738 0.746 0.749 0.693 0.696 0.727 0.764 0.743 0.723 0.749 0.781 0.787 0.771 0.734 0.679 0.734 0.802 0.833 0.837 0.834 0.819 0.822 0.832 0.865 0.877 0.838 0.777 0.744 0.707 0.743 0.776 0.794 0.775 0.763 0.733 0.648 0.736 0.829 0.84 0.855 0.841 0.799 0.731 0.676 0.653 0.617 0.613 0.65 0.741 0.757 0.751 0.731 0.714 0.691 0.665 0.631 0.62 0.63 0.623 0.581 0.497 0.42 0.419
0.718 0.735 0.741 0.739 0.736 0.71 0.688 0.696 0.71 0.708 0.71 0.715 0.708 0.743 0.748 0.744 0.689 0.687 0.695 0.75 0.746 0.71 0.72 0.77 0.789 0.789 0.745 0.675 0.685 0.771 0.815 0.818 0.838 0.838 0.824 0.819 0.838 0.874 0.864 0.809 0.762 0.733 0.742 0.751 0.768 0.745 0.776 0.742 0.69 0.67 0.813 0.822 0.85 0.849 0.812 0.736 0.657 0.637 0.62 0.568 0.6 0.69 0.741 0.749 0.737 0.72 0.689 0.663 0.635 0.622 0.627 0.618 0.596 0.542 0.484 0.459
0.746 0.726 0.699 0.722 0.72 0.675 0.648 0.638 0.656 0.677 0.705 0.712 0.711 0.74 0.746 0.744 0.702 0.674 0.69 0.739 0.738 0.71 0.709 0.745 0.779 0.794 0.773 0.722 0.694 0.744 0.793 0.792 0.806 0.839 0.837 0.828 0.831 0.865 0.882 0.863 0.803 0.76 0.741 0.734 0.738 0.714 0.783 0.731 0.702 0.694 0.803 0.805 0.821 0.849 0.834 0.758 0.7 0.67 0.633 0.577 0.586 0.638 0.701 0.742 0.74 0.724 0.709 0.669 0.636 0.622 0.618 0.614 0.598 0.571 0.501 0.438
0.722 0.66 0.633 0.736 0.731 0.706 0.694 0.69 0.69 0.697 0.706 0.702 0.711 0.737 0.738 0.743 0.709 0.677 0.669 0.727 0.721 0.718 0.711 0.716 0.745 0.789 0.796 0.762 0.725 0.745 0.755 0.772 0.761 0.803 0.841 0.839 0.822 0.841 0.873 0.885 0.841 0.791 0.751 0.742 0.703 0.737 0.78 0.722 0.711 0.669 0.807 0.806 0.795 0.846 0.841 0.794 0.734 0.662 0.634 0.616 0.566 0.584 0.657 0.711 0.73 0.72 0.714 0.685 0.65 0.627 0.609 0.611 0.598 0.578 0.52 0.442
0.712 0.678 0.69 0.753 0.749 0.741 0.731 0.716 0.689 0.677 0.667 0.671 0.697 0.719 0.721 0.735 0.701 0.673 0.682 0.739 0.72 0.694 0.663 0.679 0.712 0.774 0.804 0.79 0.759 0.762 0.748 0.732 0.751 0.761 0.832 0.846 0.834 0.836 0.861 0.893 0.872 0.812 0.797 0.745 0.746 0.795 0.751 0.713 0.722 0.621 0.755 0.808 0.783 0.834 0.836 0.82 0.746 0.666 0.606 0.579 0.514 0.516 0.616 0.669 0.7 0.711 0.711 0.689 0.666 0.631 0.609 0.599 0.593 0.581 0.549 0.486
0.745 0.744 0.748 0.755 0.749 0.746 0.741 0.715 0.677 0.657 0.645 0.67 0.695 0.71 0.722 0.727 0.702 0.67 0.675 0.732 0.75 0.703 0.659 0.634 0.668 0.709 0.791 0.81 0.777 0.759 0.732 0.694 0.709 0.73 0.807 0.839 0.846 0.841 0.854 0.889 0.886 0.847 0.822 0.78 0.8 0.765 0.701 0.693 0.691 0.591 0.727 0.783 0.764 0.806 0.834 0.828 0.787 0.694 0.63 0.573 0.501 0.469 0.558 0.641 0.671 0.691 0.693 0.693 0.684 0.644 0.619 0.592 0.584 0.571 0.558 0.524
0.755 0.736 0.728 0.74 0.741 0.743 0.742 0.724 0.687 0.667 0.63 0.657 0.692 0.682 0.731 0.703 0.706 0.706 0.677 0.702 0.747 0.736 0.7 0.666 0.63 0.653 0.769 0.809 0.781 0.754 0.711 0.664 0.678 0.713 0.786 0.824 0.842 0.836 0.856 0.888 0.885 0.864 0.836 0.818 0.816 0.781 0.707 0.654 0.673 0.557 0.665 0.763 0.766 0.77 0.818 0.829 0.812 0.736 0.672 0.621 0.558 0.49 0.505 0.597 0.651 0.677 0.67 0.663 0.668 0.65 0.621 0.596 0.58 0.573 0.562 0.542
0.731 0.713 0.711 0.718 0.731 0.724 0.742 0.728 0.682 0.635 0.633 0.67 0.697 0.664 0.72 0.726 0.674 0.686 0.699 0.69 0.7 0.742 0.746 0.705 0.661 0.64 0.761 0.809 0.794 0.742 0.708 0.666 0.634 0.688 0.742 0.799 0.829 0.83 0.852 0.887 0.889 0.873 0.841 0.815 0.822 0.803 0.723 0.675 0.651 0.556 0.597 0.713 0.767 0.739 0.778 0.82 0.819 0.787 0.729 0.681 0.635 0.576 0.538 0.552 0.613 0.658 0.653 0.636 0.639 0.637 0.62 0.598 0.58 0.585 0.576 0.559
0.731 0.703 0.704 0.729 0.721 0.718 0.736 0.73 0.695 0.662 0.629 0.688 0.669 0.639 0.696 0.72 0.685 0.654 0.683 0.681 0.647 0.703 0.741 0.734 0.655 0.619 0.746 0.809 0.805 0.741 0.7 0.661 0.615 0.643 0.706 0.755 0.811 0.828 0.844 0.879 0.89 0.88 0.854 0.815 0.813 0.798 0.75 0.658 0.636 0.642 0.567 0.615 0.719 0.73 0.726 0.802 0.817 0.806 0.78 0.738 0.707 0.673 0.635 0.592 0.574 0.616 0.629 0.614 0.619 0.619 0.603 0.594 0.582 0.584 0.584 0.573
0.709 0.7 0.703 0.73 0.709 0.699 0.722 0.736 0.717 0.657 0.622 0.666 0.635 0.621 0.69 0.73 0.697 0.637 0.635 0.668 0.627 0.672 0.723 0.746 0.728 0.685 0.738 0.801 0.809 0.765 0.692 0.661 0.616 0.604 0.668 0.718 0.774 0.813 0.822 0.874 0.883 0.883 0.864 0.835 0.813 0.791 0.756 0.682 0.642 0.656 0.604 0.562 0.634 0.715 0.677 0.752 0.809 0.804 0.795 0.782 0.759 0.742 0.712 0.668 0.604 0.58 0.585 0.593 0.595 0.614 0.593 0.582 0.58 0.583 0.583 0.582
0.704 0.703 0.705 0.729 0.701 0.678 0.698 0.729 0.73 0.688 0.641 0.643 0.653 0.623 0.689 0.731 0.697 0.642 0.624 0.644 0.631 0.64 0.689 0.719 0.748 0.742 0.726 0.772 0.808 0.781 0.708 0.667 0.621 0.571 0.621 0.686 0.741 0.789 0.812 0.859 0.882 0.883 0.863 0.841 0.828 0.799 0.751 0.699 0.69 0.685 0.647 0.602 0.552 0.664 0.675 0.67 0.753 0.776 0.786 0.782 0.768 0.762 0.746 0.722 0.673 0.61 0.564 0.575 0.593 0.608 0.607 0.595 0.584 0.578 0.583 0.593
0.698 0.68 0.683 0.708 0.698 0.687 0.685 0.71 0.729 0.711 0.683 0.646 0.633 0.625 0.682 0.733 0.712 0.647 0.611 0.586 0.631 0.632 0.625 0.645 0.719 0.739 0.697 0.722 0.798 0.794 0.736 0.678 0.626 0.561 0.571 0.64 0.712 0.756 0.798 0.84 0.872 0.88 0.867 0.835 0.827 0.814 0.784 0.719 0.711 0.702 0.677 0.661 0.538 0.564 0.676 0.642 0.652 0.711 0.743 0.744 0.75 0.758 0.749 0.739 0.721 0.682 0.64 0.612 0.613 0.624 0.635 0.623 0.588 0.584 0.592 0.589
