data/climatemaps/RS_maps/climate_winter_tmin_2015.asc
NCOLS 369 
NROWS 228 
XLLCORNER 479000 
YLLCORNER 73000 
CELLSIZE 1000 
NODATA_value -9 
[rows 102 to 135 of 228, columns 0 to 76 of 369]
-9 -9 -9 -9 -9 -9 -9 -9 -9 -9 -9 -9 -9 -9 -9 -9 -9 -9 -9 -9 -9 -9 -9 -9 -9 -9 -9 -9 -9 -9 -9 -9 1.201 1.191 1.178 1.226 1.239 1.237 1.22 1.181 1.105 1.039 1.055 1.061 1.043 0.976 0.919 0.914 0.928 0.943 0.922 0.914 0.909 0.917 0.917 0.915 0.946 0.977 1.05 1.101 1.1 1.182 1.207 1.179 1.076 0.87 0.836 0.832 0.777 0.791 0.876 1.085 1.245 1.337 1.347 1.366 1.383
-9 -9 -9 -9 -9 -9 -9 -9 -9 -9 -9 -9 -9 -9 -9 -9 -9 -9 -9 -9 -9 -9 -9 -9 -9 -9 -9 -9 -9 -9 -9 -9 1.194 1.197 1.222 1.242 1.236 1.233 1.202 1.11 1.067 1.08 1.073 1.025 0.948 0.929 0.905 0.914 0.931 0.955 0.974 0.966 0.957 0.956 0.945 0.921 0.966 1.06 1.138 1.193 1.196 1.16 1.113 0.999 0.874 0.784 0.733 0.74 0.8 0.942 1.08 1.216 1.302 1.367 1.37 1.384 1.387
-9 -9 -9 -9 -9 -9 -9 -9 -9 -9 -9 -9 -9 -9 -9 -9 -9 -9 -9 -9 -9 -9 -9 -9 -9 -9 -9 -9 -9 -9 -9 -9 1.217 1.228 1.244 1.242 1.232 1.226 1.194 1.115 1.118 1.094 1.026 0.932 0.887 0.914 0.934 0.959 1.011 1.043 1.044 1.023 1.017 1.035 1.043 0.977 1.106 1.191 1.21 1.178 1.09 1 0.945 0.877 0.831 0.791 0.77 0.843 1.005 1.146 1.236 1.298 1.355 1.396 1.4 1.39 1.388
-9 -9 -9 -9 -9 -9 -9 -9 -9 -9 -9 -9 -9 -9 -9 -9 -9 -9 -9 -9 -9 -9 -9 -9 -9 -9 -9 -9 -9 -9 -9 -9 1.242 1.244 1.247 1.238 1.23 1.218 1.206 1.166 1.115 1.065 0.949 0.899 0.924 0.98 1.03 1.061 1.073 1.054 1.021 1.006 1.02 1.102 1.146 1.123 1.215 1.229 1.186 1.067 0.967 0.922 0.87 0.837 0.829 0.802 0.87 1.057 1.175 1.255 1.317 1.36 1.403 1.411 1.406 1.399 1.39
-9 -9 -9 -9 -9 -9 -9 -9 -9 -9 -9 -9 -9 -9 -9 -9 -9 -9 -9 -9 -9 -9 -9 -9 -9 -9 -9 -9 -9 -9 -9 -9 -9 1.245 1.242 1.234 1.229 1.21 1.186 1.174 1.067 0.998 0.946 0.96 1.002 1.072 1.075 1.021 0.985 0.951 0.926 0.928 0.969 1.061 1.147 1.214 1.171 1.158 1.083 0.979 0.924 0.87 0.821 0.851 0.885 0.891 1.038 1.184 1.267 1.328 1.375 1.412 1.417 1.413 1.41 1.4 1.398
-9 -9 -9 -9 -9 -9 -9 -9 -9 -9 -9 -9 -9 -9 -9 -9 -9 -9 -9 -9 -9 -9 -9 -9 -9 -9 -9 -9 -9 -9 -9 -9 -9 1.237 1.231 1.222 1.209 1.143 1.131 1.116 1.017 0.99 1.004 1.041 1.079 1.042 0.96 0.921 0.899 0.895 0.911 0.965 1.065 1.139 1.14 1.095 1.014 1.012 0.917 0.883 0.875 0.853 0.882 0.935 0.973 1.039 1.166 1.246 1.313 1.375 1.42 1.428 1.421 1.415 1.41 1.403 1.4
-9 -9 -9 -9 -9 -9 -9 -9 -9 -9 -9 -9 -9 -9 -9 -9 -9 -9 -9 -9 -9 -9 -9 -9 -9 -9 -9 -9 -9 -9 -9 -9 -9 1.215 1.21 1.181 1.118 1.075 1.083 1.162 1.053 1.06 1.097 1.099 1.023 0.936 0.903 0.91 0.917 0.939 0.984 1.074 1.064 1.024 0.947 0.864 0.855 0.891 0.843 0.847 0.863 0.889 0.933 0.951 0.959 1.043 1.2 1.28 1.346 1.416 1.437 1.434 1.426 1.42 1.412 1.405 1.403
-9 -9 -9 -9 -9 -9 -9 -9 -9 -9 -9 -9 -9 -9 -9 -9 -9 -9 -9 -9 -9 -9 -9 -9 -9 -9 -9 -9 -9 -9 -9 -9 -9 1.136 1.123 1.092 1.079 1.067 1.09 1.156 1.155 1.129 1.079 1.002 0.938 0.917 0.922 0.944 0.97 1.012 1.042 1.036 0.854 0.82 0.796 0.748 0.796 0.825 0.824 0.847 0.843 0.876 0.896 0.89 0.913 1.069 1.235 1.307 1.384 1.443 1.441 1.438 1.431 1.426 1.418 1.41 1.403
-9 -9 -9 -9 -9 -9 -9 -9 -9 -9 -9 -9 -9 -9 -9 -9 -9 -9 -9 -9 -9 -9 -9 -9 -9 -9 -9 -9 -9 -9 -9 -9 -9 1.1 1.102 1.091 1.096 1.125 1.158 1.165 1.1 1.044 0.968 0.914 0.923 0.945 0.97 0.99 1.02 0.986 1.019 0.841 0.777 0.725 0.746 0.785 0.867 0.866 0.842 0.873 0.886 0.98 1.022 1.06 1.134 1.243 1.313 1.362 1.424 1.447 1.443 1.441 1.435 1.428 1.423 1.416 1.407
-9 -9 -9 -9 -9 -9 -9 -9 -9 -9 -9 -9 -9 -9 -9 -9 -9 -9 -9 -9 -9 -9 -9 -9 -9 -9 -9 -9 -9 -9 -9 -9 -9 1.104 1.136 1.148 1.174 1.167 1.097 1.121 1.02 0.952 0.943 0.92 0.928 0.956 0.988 0.998 0.969 0.948 0.968 0.87 0.707 0.732 0.83 0.889 0.889 0.923 0.985 1.054 1.109 1.15 1.196 1.273 1.355 1.396 1.424 1.441 1.454 1.455 1.45 1.444 1.436 1.432 1.425 1.418 1.395
-9 -9 -9 -9 -9 -9 -9 -9 -9 -9 -9 -9 -9 -9 -9 -9 -9 -9 -9 -9 -9 -9 -9 -9 -9 -9 -9 -9 -9 -9 -9 -9 1.109 1.139 1.14 1.139 1.169 1.136 1.088 1.087 1.026 0.992 0.972 0.941 0.914 0.935 0.963 0.954 0.939 0.95 0.854 0.735 0.706 0.81 0.889 0.901 0.941 1.098 1.218 1.248 1.261 1.287 1.337 1.4 1.433 1.452 1.467 1.466 1.466 1.457 1.453 1.451 1.441 1.438 1.424 1.403 1.383
-9 -9 -9 -9 -9 -9 -9 -9 -9 -9 -9 -9 -9 -9 -9 -9 -9 -9 -9 -9 -9 -9 -9 -9 -9 -9 -9 -9 -9 -9 -9 -9 1.141 1.14 1.117 1.152 1.175 1.132 1.071 1.059 1.005 0.993 0.972 0.945 0.934 0.954 0.973 0.981 0.981 0.908 0.789 0.741 0.816 0.892 0.94 1.051 1.211 1.313 1.347 1.374 1.391 1.419 1.448 1.451 1.461 1.472 1.47 1.468 1.468 1.462 1.462 1.452 1.446 1.426 1.397 1.387 1.382
-9 -9 -9 -9 -9 -9 -9 -9 -9 -9 -9 -9 -9 -9 -9 -9 -9 -9 -9 -9 -9 -9 -9 -9 -9 -9 -9 -9 -9 -9 -9 -9 1.154 1.126 1.142 1.189 1.16 1.069 1.037 1.042 0.979 0.96 0.933 0.93 0.95 0.982 0.992 0.984 0.949 0.931 0.88 0.907 0.927 0.981 1.139 1.318 1.367 1.384 1.395 1.42 1.443 1.456 1.469 1.473 1.475 1.478 1.476 1.473 1.473 1.463 1.462 1.455 1.422 1.353 1.346 1.375 1.382
-9 -9 -9 -9 -9 -9 -9 -9 -9 -9 -9 -9 -9 -9 -9 -9 -9 -9 -9 -9 -9 -9 -9 -9 -9 -9 -9 -9 -9 -9 -9 1.165 1.144 1.138 1.18 1.183 1.101 1.035 1.014 1.028 0.941 0.913 0.91 0.928 0.969 0.979 0.98 0.954 0.923 0.995 1.009 1.043 1.06 1.151 1.335 1.366 1.355 1.376 1.405 1.433 1.452 1.467 1.481 1.484 1.481 1.484 1.484 1.479 1.478 1.473 1.468 1.442 1.346 1.331 1.346 1.343 1.372
-9 -9 -9 -9 -9 -9 -9 -9 -9 -9 -9 -9 -9 -9 -9 -9 -9 -9 -9 -9 -9 -9 -9 -9 -9 -9 -9 -9 -9 1.155 1.195 1.179 1.151 1.175 1.187 1.134 1.048 1.017 1.027 1.011 0.927 0.894 0.9 0.924 0.96 0.957 0.931 0.892 0.923 0.959 0.971 1.011 1.216 1.328 1.373 1.366 1.374 1.394 1.416 1.435 1.459 1.482 1.489 1.49 1.485 1.489 1.488 1.484 1.48 1.472 1.448 1.374 1.32 1.328 1.333 1.355 1.354
-9 -9 -9 -9 -9 -9 -9 -9 -9 -9 -9 -9 -9 -9 -9 -9 -9 -9 -9 -9 -9 -9 -9 -9 -9 -9 -9 -9 1.114 1.148 1.16 1.195 1.177 1.193 1.141 1.072 1.028 1.018 1.032 1.015 0.913 0.872 0.888 0.922 0.932 0.902 0.862 0.82 0.85 0.942 1.02 1.089 1.3 1.367 1.391 1.401 1.419 1.433 1.444 1.467 1.485 1.489 1.491 1.494 1.481 1.48 1.481 1.484 1.479 1.451 1.37 1.325 1.323 1.328 1.33 1.338 1.316
-9 -9 -9 -9 -9 -9 -9 -9 -9 -9 -9 -9 -9 -9 -9 -9 -9 -9 -9 -9 -9 -9 -9 -9 -9 -9 1.053 1.101 1.108 1.097 1.147 1.177 1.196 1.17 1.079 1.039 1.029 1.058 1.049 1.026 0.925 0.902 0.921 0.907 0.898 0.88 0.861 0.807 0.873 1.055 1.221 1.276 1.341 1.381 1.404 1.434 1.45 1.457 1.475 1.481 1.489 1.493 1.487 1.469 1.448 1.452 1.47 1.474 1.444 1.384 1.312 1.312 1.321 1.31 1.34 1.298 1.275
-9 -9 -9 -9 -9 -9 -9 -9 -9 -9 -9 -9 -9 -9 -9 -9 -9 -9 -9 -9 -9 -9 -9 -9 -9 1.044 1.076 1.079 1.079 1.102 1.129 1.187 1.194 1.15 1.101 1.071 1.083 1.106 1.061 1.036 0.969 0.946 0.955 0.929 0.932 0.918 0.848 0.811 0.955 1.184 1.318 1.331 1.361 1.386 1.415 1.447 1.432 1.457 1.483 1.482 1.487 1.484 1.451 1.406 1.423 1.449 1.462 1.437 1.397 1.342 1.31 1.307 1.3 1.329 1.315 1.258 1.269
-9 -9 -9 -9 -9 -9 -9 -9 -9 -9 -9 -9 -9 -9 -9 -9 -9 -9 -9 -9 -9 -9 -9 1.078 1.058 1.049 1.029 1.069 1.098 1.146 1.174 1.209 1.186 1.136 1.098 1.087 1.118 1.1 1.071 1.039 1.008 0.992 1.003 1.014 0.97 0.849 0.747 0.835 1.095 1.287 1.345 1.35 1.391 1.418 1.452 1.45 1.426 1.464 1.49 1.487 1.488 1.457 1.407 1.386 1.42 1.43 1.435 1.399 1.38 1.345 1.321 1.295 1.312 1.328 1.29 1.249 1.301
-9 -9 -9 -9 -9 -9 -9 -9 -9 -9 -9 -9 -9 -9 -9 -9 -9 -9 -9 -9 -9 -9 1.096 1.043 1.044 1.035 1.04 1.108 1.153 1.182 1.206 1.184 1.158 1.136 1.116 1.138 1.107 1.048 0.984 1.01 1.054 1.074 1.022 0.934 0.825 0.807 0.818 1 1.225 1.331 1.351 1.369 1.415 1.441 1.471 1.472 1.473 1.486 1.494 1.492 1.482 1.442 1.404 1.409 1.389 1.389 1.417 1.377 1.36 1.322 1.315 1.302 1.317 1.31 1.276 1.289 1.335
-9 -9 -9 -9 -9 -9 -9 -9 -9 -9 -9 -9 -9 -9 -9 -9 -9 -9 -9 -9 -9 1.106 1.077 1.037 1.016 1.042 1.073 1.122 1.128 1.132 1.152 1.127 1.098 1.119 1.157 1.127 1.044 0.891 0.894 1.039 1.133 1.023 0.921 0.869 0.832 0.891 1.01 1.198 1.303 1.354 1.382 1.414 1.439 1.47 1.481 1.484 1.489 1.496 1.497 1.484 1.465 1.43 1.417 1.403 1.388 1.424 1.406 1.37 1.338 1.306 1.308 1.311 1.314 1.312 1.305 1.34 1.329
-9 -9 -9 -9 -9 -9 -9 -9 -9 -9 -9 -9 -9 -9 -9 -9 -9 -9 -9 -9 1.108 1.079 1.069 1.023 0.998 1.064 1.085 1.085 1.096 1.124 1.153 1.132 1.132 1.145 1.1 1.039 0.971 0.872 0.899 1.121 1.098 0.967 0.961 0.974 0.992 1.108 1.194 1.265 1.323 1.356 1.395 1.436 1.463 1.483 1.484 1.488 1.493 1.49 1.458 1.454 1.45 1.424 1.403 1.398 1.432 1.451 1.384 1.355 1.308 1.303 1.317 1.31 1.304 1.31 1.333 1.304 1.308
-9 -9 -9 -9 -9 -9 -9 -9 -9 -9 -9 -9 -9 -9 -9 -9 -9 -9 -9 1.105 1.085 1.045 1.02 0.994 1.03 1.057 1.06 1.082 1.119 1.152 1.141 1.124 1.106 1.071 1.012 0.948 0.898 0.838 0.912 1.102 1.166 1.101 1.067 1.105 1.177 1.247 1.273 1.287 1.33 1.363 1.409 1.44 1.479 1.484 1.488 1.489 1.441 1.443 1.423 1.444 1.432 1.4 1.383 1.399 1.445 1.44 1.374 1.34 1.298 1.297 1.303 1.281 1.3 1.314 1.31 1.284 1.329
-9 -9 -9 -9 -9 -9 -9 -9 -9 -9 -9 -9 -9 -9 -9 -9 -9 -9 1.113 1.062 0.992 0.972 0.996 1.029 1.083 1.057 1.082 1.12 1.147 1.145 1.092 1.039 0.997 0.981 0.956 0.917 0.873 0.825 0.868 1.065 1.2 1.189 1.204 1.234 1.264 1.29 1.328 1.339 1.357 1.381 1.428 1.455 1.481 1.489 1.489 1.474 1.4 1.401 1.401 1.43 1.405 1.359 1.364 1.414 1.453 1.425 1.383 1.313 1.265 1.265 1.258 1.286 1.291 1.28 1.304 1.301 1.367
-9 -9 -9 -9 -9 -9 -9 -9 -9 -9 -9 -9 -9 -9 -9 -9 -9 1.131 1.065 0.974 0.959 0.996 1.039 1.069 1.081 1.104 1.13 1.133 1.122 1.083 1.011 0.963 0.945 0.955 0.947 0.926 0.902 0.867 0.934 1.086 1.231 1.247 1.256 1.224 1.13 1.207 1.269 1.325 1.359 1.407 1.428 1.454 1.492 1.493 1.495 1.466 1.417 1.394 1.399 1.42 1.39 1.345 1.363 1.415 1.452 1.423 1.38 1.308 1.275 1.248 1.257 1.29 1.262 1.298 1.316 1.329 1.396
-9 -9 -9 -9 -9 -9 -9 -9 -9 -9 -9 -9 -9 -9 -9 -9 1.097 1.027 0.974 0.974 1.016 1.046 1.058 1.061 1.093 1.138 1.123 1.076 1.036 0.994 0.948 0.924 0.939 0.949 0.965 0.981 0.986 1.016 1.157 1.22 1.216 1.168 1.107 1.067 1.096 1.209 1.275 1.339 1.363 1.414 1.414 1.44 1.497 1.502 1.499 1.476 1.441 1.403 1.409 1.413 1.381 1.35 1.373 1.432 1.446 1.427 1.377 1.323 1.292 1.274 1.282 1.263 1.287 1.338 1.368 1.41 1.367
-9 -9 -9 -9 -9 -9 -9 -9 -9 -9 -9 -9 -9 -9 -9 1.051 0.983 0.958 0.988 1.014 1.031 1.049 1.053 1.074 1.114 1.096 1.042 0.995 0.966 0.92 0.909 0.926 0.949 0.978 0.994 1.013 1.054 1.154 1.179 1.09 1.08 1.075 1.053 1.095 1.191 1.257 1.29 1.35 1.375 1.41 1.417 1.458 1.505 1.508 1.497 1.471 1.436 1.405 1.413 1.406 1.377 1.359 1.386 1.442 1.43 1.424 1.368 1.322 1.289 1.272 1.259 1.275 1.331 1.34 1.392 1.414 1.334
-9 -9 -9 -9 -9 -9 -9 -9 -9 -9 -9 -9 -9 1.127 1.057 0.975 0.949 0.979 1.006 1.025 1.043 1.07 1.083 1.064 1.06 1.024 0.969 0.957 0.934 0.912 0.904 0.938 0.964 0.978 0.978 0.981 1.047 1.08 0.996 1.001 1.079 1.068 1.077 1.105 1.204 1.282 1.309 1.36 1.38 1.418 1.44 1.483 1.513 1.517 1.501 1.462 1.425 1.403 1.418 1.398 1.375 1.366 1.408 1.442 1.422 1.409 1.357 1.296 1.265 1.269 1.278 1.305 1.347 1.346 1.41 1.374 1.307
-9 -9 -9 -9 -9 -9 -9 -9 -9 -9 -9 -9 1.152 1.067 0.995 0.964 0.985 1.028 1.038 1.062 1.078 1.074 1.001 0.978 1.013 1.006 0.979 0.969 0.939 0.914 0.92 0.946 0.96 0.971 0.986 1.016 1.047 0.943 0.956 1.046 1.101 1 0.967 1.044 1.188 1.274 1.316 1.364 1.395 1.435 1.463 1.504 1.524 1.522 1.489 1.457 1.424 1.406 1.419 1.397 1.378 1.387 1.42 1.427 1.415 1.404 1.354 1.291 1.248 1.275 1.297 1.337 1.36 1.397 1.396 1.304 1.274
-9 -9 -9 -9 -9 -9 -9 -9 -9 -9 -9 1.194 1.127 1.052 0.993 1.021 1.065 1.082 1.1 1.06 1.046 1.016 0.938 0.969 0.997 0.994 0.978 0.948 0.906 0.896 0.895 0.935 0.987 1.012 1.054 1.092 1.05 0.948 1.015 1.061 1.031 0.943 0.978 1.123 1.241 1.293 1.337 1.386 1.417 1.45 1.481 1.512 1.53 1.525 1.467 1.454 1.427 1.412 1.419 1.402 1.397 1.411 1.418 1.418 1.409 1.383 1.35 1.307 1.264 1.275 1.306 1.374 1.423 1.416 1.323 1.251 1.239
-9 -9 -9 -9 -9 -9 -9 -9 -9 -9 1.264 1.222 1.139 1.086 1.053 1.105 1.138 1.121 1.065 1.016 0.962 0.98 0.935 0.942 0.973 0.964 0.944 0.915 0.859 0.839 0.901 0.99 1.034 1.063 1.092 1.121 1.064 1.022 1.055 1.038 0.972 0.986 1.113 1.227 1.293 1.328 1.371 1.41 1.437 1.469 1.495 1.508 1.517 1.509 1.452 1.447 1.433 1.426 1.421 1.415 1.415 1.423 1.416 1.413 1.406 1.366 1.346 1.328 1.306 1.307 1.362 1.44 1.418 1.343 1.271 1.217 1.205
-9 -9 -9 -9 -9 -9 -9 -9 -9 -9 1.223 1.231 1.187 1.102 1.117 1.126 1.106 1.046 0.975 0.936 0.946 0.966 0.927 0.917 0.916 0.923 0.903 0.87 0.831 0.891 0.995 1.055 1.07 1.108 1.122 1.119 1.023 0.993 1.034 1.001 1.014 1.1 1.224 1.288 1.335 1.372 1.417 1.443 1.463 1.5 1.519 1.499 1.523 1.509 1.447 1.454 1.446 1.446 1.439 1.43 1.43 1.432 1.416 1.413 1.399 1.356 1.345 1.342 1.347 1.366 1.402 1.443 1.363 1.299 1.261 1.202 1.178
-9 -9 -9 -9 -9 -9 -9 -9 -9 1.146 1.129 1.152 1.169 1.157 1.133 1.092 1.044 0.962 0.909 0.898 0.926 0.959 0.935 0.912 0.887 0.886 0.861 0.847 0.882 0.985 1.045 1.07 1.112 1.135 1.114 1.037 0.928 0.894 1.001 1.059 1.114 1.207 1.291 1.337 1.381 1.423 1.439 1.457 1.469 1.503 1.524 1.528 1.55 1.495 1.455 1.465 1.464 1.463 1.46 1.448 1.445 1.433 1.413 1.406 1.384 1.345 1.335 1.343 1.379 1.398 1.431 1.438 1.382 1.314 1.274 1.199 1.171
-9 -9 -9 -9 -9 -9 -9 -9 1.14 1.108 1.098 1.114 1.14 1.153 1.112 1.066 0.985 0.936 0.899 0.9 0.921 0.969 0.934 0.899 0.877 0.858 0.85 0.897 0.96 1.035 1.072 1.119 1.133 1.102 0.962 0.92 0.892 0.9 1.025 1.121 1.199 1.273 1.335 1.388 1.425 1.44 1.449 1.486 1.467 1.479 1.5 1.541 1.562 1.482 1.475 1.479 1.476 1.476 1.469 1.46 1.448 1.423 1.414 1.39 1.372 1.324 1.31 1.34 1.384 1.415 1.427 1.413 1.387 1.347 1.29 1.203 1.17
