data/climatemaps/RS_maps/climate_winter_pr_2008.asc
NCOLS 369 
NROWS 228 
XLLCORNER 479000 
YLLCORNER 73000 
CELLSIZE 1000 
NODATA_value -9 
[rows 68 to 101 of 228, columns 152 to 227 of 369]
-0.808 -0.808 -0.812 -0.82 -0.816 -0.827 -0.838 -0.864 -0.89 -0.887 -0.852 -0.801 -0.751 -0.706 -0.711 -0.753 -0.773 -0.749 -0.686 -0.606 -0.544 -0.498 -0.456 -0.46 -0.536 -0.614 -0.643 -0.679 -0.758 -0.795 -0.781 -0.719 -0.635 -0.516 -0.407 -0.362 -0.398 -0.472 -0.572 -0.668 -0.746 -0.79 -0.806 -0.798 -0.777 -0.743 -0.694 -0.612 -0.527 -0.448 -0.386 -0.334 -0.275 -0.225 -0.265 -0.291 -0.314 -0.39 -0.474 -0.525 -0.579 -0.632 -0.656 -0.669 -0.675 -0.673 -0.663 -0.646 -0.635 -0.623 -0.611 -0.6 -0.582 -0.562 -0.546 -0.534
-0.812 -0.807 -0.804 -0.812 -0.803 -0.798 -0.808 -0.841 -0.876 -0.882 -0.855 -0.81 -0.762 -0.706 -0.698 -0.736 -0.766 -0.761 -0.695 -0.614 -0.542 -0.474 -0.433 -0.412 -0.467 -0.545 -0.586 -0.618 -0.697 -0.757 -0.769 -0.726 -0.648 -0.538 -0.417 -0.337 -0.349 -0.418 -0.512 -0.612 -0.697 -0.755 -0.779 -0.783 -0.767 -0.735 -0.696 -0.632 -0.557 -0.477 -0.418 -0.366 -0.314 -0.26 -0.244 -0.262 -0.243 -0.3 -0.382 -0.441 -0.487 -0.551 -0.597 -0.624 -0.641 -0.653 -0.656 -0.652 -0.643 -0.631 -0.615 -0.596 -0.577 -0.558 -0.543 -0.532
-0.81 -0.798 -0.796 -0.803 -0.788 -0.77 -0.785 -0.822 -0.855 -0.876 -0.869 -0.824 -0.774 -0.722 -0.701 -0.719 -0.762 -0.774 -0.723 -0.648 -0.569 -0.482 -0.428 -0.409 -0.427 -0.481 -0.526 -0.553 -0.623 -0.706 -0.74 -0.73 -0.662 -0.565 -0.442 -0.338 -0.319 -0.378 -0.468 -0.562 -0.644 -0.717 -0.749 -0.758 -0.746 -0.722 -0.691 -0.638 -0.575 -0.508 -0.448 -0.409 -0.358 -0.31 -0.273 -0.261 -0.214 -0.234 -0.292 -0.367 -0.403 -0.448 -0.505 -0.552 -0.591 -0.614 -0.627 -0.631 -0.627 -0.615 -0.599 -0.578 -0.559 -0.541 -0.528 -0.519
-0.804 -0.793 -0.792 -0.787 -0.766 -0.755 -0.772 -0.801 -0.836 -0.865 -0.873 -0.832 -0.793 -0.755 -0.722 -0.717 -0.758 -0.783 -0.76 -0.69 -0.604 -0.512 -0.434 -0.407 -0.399 -0.433 -0.468 -0.484 -0.54 -0.639 -0.697 -0.716 -0.673 -0.59 -0.48 -0.364 -0.314 -0.352 -0.436 -0.522 -0.6 -0.677 -0.718 -0.73 -0.721 -0.704 -0.677 -0.637 -0.584 -0.529 -0.484 -0.447 -0.417 -0.36 -0.295 -0.244 -0.215 -0.202 -0.234 -0.292 -0.343 -0.374 -0.416 -0.461 -0.521 -0.563 -0.582 -0.589 -0.589 -0.58 -0.564 -0.544 -0.525 -0.51 -0.5 -0.492
-0.798 -0.787 -0.782 -0.77 -0.746 -0.742 -0.757 -0.775 -0.822 -0.852 -0.853 -0.842 -0.821 -0.793 -0.762 -0.741 -0.759 -0.789 -0.783 -0.733 -0.647 -0.547 -0.459 -0.424 -0.396 -0.402 -0.421 -0.42 -0.453 -0.552 -0.639 -0.679 -0.674 -0.616 -0.525 -0.412 -0.336 -0.346 -0.412 -0.494 -0.565 -0.643 -0.688 -0.704 -0.698 -0.679 -0.662 -0.635 -0.597 -0.555 -0.528 -0.502 -0.447 -0.347 -0.265 -0.205 -0.179 -0.174 -0.186 -0.226 -0.279 -0.316 -0.352 -0.39 -0.441 -0.485 -0.513 -0.518 -0.522 -0.514 -0.499 -0.48 -0.468 -0.46 -0.454 -0.45
-0.789 -0.78 -0.772 -0.754 -0.732 -0.727 -0.735 -0.748 -0.8 -0.838 -0.828 -0.819 -0.805 -0.789 -0.783 -0.766 -0.765 -0.787 -0.794 -0.769 -0.698 -0.598 -0.507 -0.463 -0.41 -0.389 -0.394 -0.37 -0.375 -0.453 -0.562 -0.629 -0.654 -0.631 -0.564 -0.463 -0.374 -0.359 -0.403 -0.471 -0.542 -0.614 -0.659 -0.673 -0.669 -0.657 -0.638 -0.626 -0.604 -0.579 -0.553 -0.516 -0.452 -0.368 -0.258 -0.159 -0.11 -0.107 -0.142 -0.167 -0.206 -0.247 -0.279 -0.306 -0.341 -0.374 -0.409 -0.415 -0.411 -0.4 -0.383 -0.373 -0.371 -0.377 -0.381 -0.386
-0.771 -0.774 -0.764 -0.743 -0.725 -0.72 -0.722 -0.732 -0.783 -0.827 -0.828 -0.817 -0.804 -0.796 -0.787 -0.769 -0.767 -0.785 -0.794 -0.785 -0.746 -0.662 -0.582 -0.512 -0.432 -0.39 -0.381 -0.349 -0.322 -0.365 -0.469 -0.571 -0.619 -0.628 -0.59 -0.51 -0.423 -0.384 -0.408 -0.456 -0.517 -0.588 -0.629 -0.64 -0.631 -0.627 -0.616 -0.608 -0.596 -0.579 -0.554 -0.511 -0.426 -0.323 -0.204 -0.1 -0.047 -0.039 -0.077 -0.103 -0.127 -0.16 -0.187 -0.194 -0.222 -0.262 -0.289 -0.284 -0.264 -0.244 -0.246 -0.231 -0.227 -0.24 -0.26 -0.28
-0.753 -0.756 -0.759 -0.732 -0.717 -0.714 -0.723 -0.736 -0.775 -0.815 -0.832 -0.835 -0.831 -0.822 -0.808 -0.792 -0.784 -0.787 -0.789 -0.788 -0.768 -0.721 -0.64 -0.56 -0.476 -0.414 -0.384 -0.353 -0.304 -0.31 -0.387 -0.499 -0.574 -0.603 -0.594 -0.534 -0.463 -0.413 -0.419 -0.45 -0.501 -0.562 -0.6 -0.604 -0.59 -0.596 -0.593 -0.586 -0.579 -0.567 -0.537 -0.475 -0.367 -0.255 -0.132 -0.025 0.036 0.042 0.009 -0.031 -0.045 -0.066 -0.067 -0.043 -0.065 -0.131 -0.166 -0.175 -0.154 -0.142 -0.129 -0.086 -0.058 -0.073 -0.087 -0.113
-0.73 -0.725 -0.743 -0.724 -0.705 -0.699 -0.706 -0.723 -0.761 -0.804 -0.825 -0.834 -0.836 -0.829 -0.816 -0.8 -0.787 -0.783 -0.779 -0.779 -0.771 -0.752 -0.696 -0.611 -0.537 -0.466 -0.408 -0.366 -0.318 -0.295 -0.344 -0.434 -0.529 -0.572 -0.581 -0.546 -0.49 -0.441 -0.438 -0.449 -0.485 -0.537 -0.569 -0.566 -0.558 -0.563 -0.563 -0.559 -0.556 -0.546 -0.506 -0.402 -0.263 -0.16 -0.048 0.065 0.108 0.125 0.105 0.072 0.068 0.067 0.094 0.122 0.09 0.012 -0.056 -0.092 -0.092 -0.092 -0.076 -0.009 0.065 0.094 0.088 0.046
-0.703 -0.705 -0.719 -0.72 -0.707 -0.693 -0.697 -0.711 -0.746 -0.782 -0.81 -0.823 -0.828 -0.826 -0.81 -0.77 -0.752 -0.748 -0.755 -0.764 -0.766 -0.76 -0.737 -0.67 -0.593 -0.525 -0.457 -0.401 -0.352 -0.321 -0.336 -0.399 -0.493 -0.543 -0.556 -0.542 -0.511 -0.473 -0.456 -0.452 -0.47 -0.516 -0.54 -0.532 -0.528 -0.526 -0.529 -0.529 -0.53 -0.518 -0.46 -0.305 -0.144 -0.057 0.037 0.149 0.194 0.212 0.214 0.186 0.203 0.194 0.207 0.188 0.146 0.073 0.007 -0.026 -0.042 -0.045 -0.041 0.009 0.097 0.19 0.205 0.187
-0.691 -0.692 -0.7 -0.696 -0.707 -0.688 -0.691 -0.711 -0.752 -0.776 -0.796 -0.813 -0.818 -0.816 -0.795 -0.759 -0.74 -0.716 -0.725 -0.741 -0.75 -0.753 -0.745 -0.717 -0.664 -0.596 -0.529 -0.468 -0.413 -0.372 -0.365 -0.398 -0.471 -0.517 -0.531 -0.528 -0.517 -0.49 -0.465 -0.448 -0.456 -0.495 -0.509 -0.499 -0.491 -0.484 -0.49 -0.496 -0.501 -0.486 -0.405 -0.21 -0.037 0.036 0.108 0.206 0.24 0.234 0.217 0.199 0.211 0.225 0.214 0.186 0.155 0.099 0.056 0.019 -0.011 -0.028 -0.031 0.004 0.087 0.198 0.263 0.308
-0.683 -0.689 -0.689 -0.684 -0.701 -0.711 -0.704 -0.713 -0.74 -0.771 -0.787 -0.797 -0.799 -0.803 -0.796 -0.774 -0.751 -0.715 -0.7 -0.706 -0.724 -0.733 -0.734 -0.723 -0.701 -0.657 -0.604 -0.549 -0.488 -0.438 -0.412 -0.419 -0.461 -0.496 -0.507 -0.511 -0.515 -0.496 -0.468 -0.439 -0.447 -0.476 -0.472 -0.452 -0.442 -0.435 -0.442 -0.461 -0.471 -0.453 -0.334 -0.132 0.042 0.113 0.168 0.215 0.212 0.174 0.144 0.148 0.16 0.202 0.226 0.192 0.182 0.161 0.127 0.053 0.002 -0.016 -0.031 -0.004 0.078 0.143 0.248 0.386
-0.669 -0.677 -0.686 -0.683 -0.698 -0.729 -0.733 -0.738 -0.749 -0.754 -0.768 -0.784 -0.761 -0.777 -0.79 -0.785 -0.757 -0.722 -0.691 -0.674 -0.69 -0.696 -0.704 -0.705 -0.697 -0.679 -0.643 -0.598 -0.547 -0.495 -0.46 -0.448 -0.462 -0.48 -0.49 -0.502 -0.511 -0.5 -0.471 -0.44 -0.45 -0.453 -0.406 -0.374 -0.36 -0.375 -0.395 -0.426 -0.443 -0.404 -0.236 -0.061 0.098 0.178 0.235 0.243 0.214 0.156 0.098 0.086 0.137 0.189 0.187 0.189 0.214 0.246 0.144 0.054 0.025 0.015 -0.027 -0.024 0.038 0.129 0.234 0.36
-0.656 -0.67 -0.684 -0.691 -0.713 -0.721 -0.715 -0.721 -0.728 -0.738 -0.753 -0.77 -0.745 -0.746 -0.77 -0.779 -0.765 -0.725 -0.689 -0.674 -0.657 -0.641 -0.647 -0.661 -0.667 -0.664 -0.645 -0.613 -0.573 -0.528 -0.488 -0.468 -0.464 -0.472 -0.485 -0.499 -0.512 -0.506 -0.488 -0.461 -0.453 -0.418 -0.319 -0.269 -0.281 -0.326 -0.356 -0.389 -0.413 -0.36 -0.21 -0.034 0.12 0.255 0.318 0.305 0.29 0.217 0.115 0.049 0.092 0.137 0.142 0.201 0.263 0.294 0.189 0.078 0.081 0.067 -0.013 -0.03 0.037 0.142 0.239 0.365
-0.644 -0.661 -0.665 -0.683 -0.706 -0.711 -0.71 -0.725 -0.734 -0.747 -0.751 -0.757 -0.744 -0.742 -0.752 -0.766 -0.764 -0.744 -0.715 -0.684 -0.635 -0.599 -0.58 -0.59 -0.609 -0.622 -0.624 -0.607 -0.576 -0.541 -0.505 -0.484 -0.473 -0.476 -0.489 -0.499 -0.511 -0.507 -0.494 -0.47 -0.438 -0.359 -0.231 -0.197 -0.241 -0.289 -0.304 -0.33 -0.374 -0.358 -0.239 -0.048 0.123 0.307 0.371 0.389 0.453 0.404 0.208 0.064 0.05 0.136 0.142 0.253 0.365 0.372 0.217 0.133 0.125 0.074 0.016 -0.021 0.031 0.139 0.189 0.313
-0.625 -0.634 -0.639 -0.661 -0.689 -0.704 -0.709 -0.721 -0.739 -0.74 -0.729 -0.736 -0.747 -0.739 -0.746 -0.746 -0.747 -0.743 -0.722 -0.681 -0.621 -0.574 -0.534 -0.517 -0.535 -0.558 -0.581 -0.584 -0.565 -0.544 -0.514 -0.497 -0.486 -0.485 -0.494 -0.503 -0.508 -0.501 -0.483 -0.454 -0.399 -0.264 -0.173 -0.173 -0.22 -0.247 -0.242 -0.282 -0.333 -0.346 -0.289 -0.108 0.086 0.292 0.367 0.418 0.484 0.504 0.342 0.12 0.093 0.197 0.185 0.306 0.414 0.369 0.24 0.246 0.211 0.144 0.113 0.018 0.024 0.055 0.08 0.205
-0.579 -0.593 -0.604 -0.628 -0.664 -0.684 -0.692 -0.711 -0.734 -0.721 -0.719 -0.711 -0.729 -0.716 -0.726 -0.719 -0.718 -0.719 -0.706 -0.666 -0.598 -0.541 -0.494 -0.462 -0.465 -0.491 -0.525 -0.548 -0.542 -0.533 -0.515 -0.502 -0.495 -0.497 -0.503 -0.506 -0.501 -0.487 -0.465 -0.425 -0.322 -0.198 -0.168 -0.174 -0.196 -0.198 -0.213 -0.24 -0.268 -0.295 -0.296 -0.179 0.016 0.22 0.388 0.486 0.585 0.581 0.445 0.189 0.171 0.234 0.241 0.379 0.484 0.412 0.295 0.348 0.292 0.282 0.239 0.117 0.011 -0.031 0.044 0.181
-0.518 -0.536 -0.554 -0.589 -0.628 -0.653 -0.673 -0.692 -0.717 -0.7 -0.704 -0.681 -0.696 -0.694 -0.703 -0.696 -0.693 -0.691 -0.685 -0.658 -0.6 -0.538 -0.48 -0.438 -0.415 -0.44 -0.477 -0.513 -0.517 -0.517 -0.509 -0.5 -0.498 -0.504 -0.508 -0.504 -0.488 -0.475 -0.441 -0.352 -0.284 -0.221 -0.186 -0.178 -0.184 -0.167 -0.105 -0.137 -0.162 -0.199 -0.236 -0.189 -0.009 0.19 0.399 0.541 0.63 0.555 0.396 0.214 0.209 0.255 0.339 0.465 0.599 0.496 0.365 0.443 0.376 0.397 0.328 0.234 0.086 -0.045 -0.02 0.086
-0.443 -0.458 -0.49 -0.54 -0.586 -0.623 -0.647 -0.674 -0.691 -0.669 -0.677 -0.648 -0.657 -0.647 -0.668 -0.673 -0.669 -0.667 -0.655 -0.648 -0.61 -0.561 -0.501 -0.441 -0.404 -0.411 -0.449 -0.492 -0.501 -0.503 -0.499 -0.493 -0.501 -0.506 -0.504 -0.493 -0.477 -0.455 -0.384 -0.309 -0.269 -0.234 -0.185 -0.189 -0.192 -0.106 0.052 0.089 0.024 -0.052 -0.128 -0.156 -0.022 0.177 0.317 0.397 0.425 0.373 0.259 0.191 0.242 0.342 0.471 0.529 0.646 0.537 0.426 0.521 0.468 0.476 0.381 0.263 0.092 -0.042 -0.037 -0.035
-0.358 -0.375 -0.415 -0.475 -0.525 -0.588 -0.611 -0.652 -0.659 -0.639 -0.639 -0.615 -0.604 -0.595 -0.609 -0.638 -0.648 -0.634 -0.633 -0.631 -0.581 -0.538 -0.508 -0.467 -0.427 -0.423 -0.449 -0.48 -0.493 -0.492 -0.487 -0.496 -0.501 -0.499 -0.489 -0.485 -0.458 -0.413 -0.373 -0.34 -0.283 -0.231 -0.232 -0.237 -0.188 -0.037 0.2 0.356 0.368 0.176 0.008 -0.087 -0.084 0.046 0.111 0.177 0.2 0.175 0.118 0.158 0.267 0.381 0.531 0.588 0.66 0.529 0.509 0.576 0.568 0.508 0.389 0.234 0.051 -0.018 0.033 0.011
-0.262 -0.286 -0.338 -0.387 -0.459 -0.534 -0.565 -0.618 -0.626 -0.604 -0.602 -0.564 -0.559 -0.56 -0.562 -0.589 -0.625 -0.618 -0.624 -0.604 -0.54 -0.508 -0.479 -0.467 -0.455 -0.45 -0.454 -0.476 -0.491 -0.491 -0.49 -0.5 -0.483 -0.48 -0.479 -0.465 -0.436 -0.397 -0.384 -0.335 -0.29 -0.286 -0.291 -0.266 -0.179 0.048 0.325 0.569 0.716 0.503 0.192 0.032 -0.058 -0.04 -0.026 0.007 0.008 -0.009 -0.016 0.076 0.219 0.327 0.493 0.586 0.604 0.513 0.589 0.638 0.601 0.494 0.35 0.208 0.063 0.076 0.137 0.127
-0.159 -0.191 -0.241 -0.297 -0.387 -0.476 -0.51 -0.564 -0.578 -0.553 -0.559 -0.52 -0.513 -0.529 -0.553 -0.562 -0.603 -0.617 -0.613 -0.601 -0.555 -0.492 -0.456 -0.447 -0.452 -0.467 -0.482 -0.501 -0.507 -0.504 -0.493 -0.468 -0.444 -0.448 -0.462 -0.469 -0.466 -0.447 -0.399 -0.352 -0.342 -0.337 -0.318 -0.282 -0.161 0.117 0.41 0.704 0.87 0.777 0.458 0.212 0.066 -0.018 -0.07 -0.093 -0.115 -0.135 -0.136 -0.06 0.062 0.19 0.343 0.506 0.521 0.503 0.61 0.679 0.629 0.511 0.347 0.259 0.094 0.112 0.216 0.273
-0.114 -0.097 -0.144 -0.212 -0.304 -0.395 -0.449 -0.505 -0.524 -0.499 -0.479 -0.49 -0.504 -0.498 -0.508 -0.535 -0.583 -0.575 -0.532 -0.516 -0.552 -0.544 -0.501 -0.484 -0.511 -0.531 -0.535 -0.527 -0.515 -0.497 -0.457 -0.402 -0.396 -0.408 -0.446 -0.454 -0.462 -0.457 -0.417 -0.397 -0.385 -0.362 -0.331 -0.29 -0.177 0.071 0.384 0.619 0.766 0.805 0.662 0.45 0.255 0.113 -0.002 -0.08 -0.135 -0.175 -0.199 -0.181 -0.109 0.012 0.181 0.413 0.442 0.487 0.604 0.686 0.636 0.541 0.388 0.319 0.149 0.202 0.328 0.402
-0.066 -0.072 -0.057 -0.127 -0.223 -0.309 -0.372 -0.411 -0.443 -0.424 -0.424 -0.435 -0.462 -0.512 -0.536 -0.55 -0.573 -0.556 -0.485 -0.438 -0.467 -0.519 -0.558 -0.558 -0.556 -0.536 -0.501 -0.464 -0.441 -0.435 -0.411 -0.394 -0.401 -0.414 -0.432 -0.421 -0.435 -0.455 -0.441 -0.42 -0.399 -0.371 -0.335 -0.306 -0.25 -0.114 0.123 0.357 0.594 0.771 0.77 0.691 0.49 0.324 0.173 0.044 -0.057 -0.14 -0.189 -0.231 -0.209 -0.127 0.033 0.283 0.392 0.474 0.58 0.646 0.609 0.532 0.47 0.468 0.286 0.203 0.393 0.422
-0.006 -0.013 -0.035 -0.037 -0.123 -0.226 -0.267 -0.312 -0.337 -0.366 -0.397 -0.425 -0.458 -0.494 -0.516 -0.565 -0.583 -0.543 -0.461 -0.405 -0.422 -0.489 -0.523 -0.521 -0.504 -0.462 -0.415 -0.361 -0.336 -0.385 -0.375 -0.341 -0.352 -0.386 -0.417 -0.405 -0.409 -0.446 -0.445 -0.426 -0.399 -0.37 -0.344 -0.325 -0.299 -0.238 -0.119 0.051 0.302 0.627 0.752 0.754 0.655 0.559 0.411 0.263 0.133 0.018 -0.083 -0.231 -0.254 -0.221 -0.11 0.083 0.277 0.415 0.488 0.567 0.563 0.594 0.554 0.581 0.363 0.229 0.402 0.485
0.023 0.048 0.012 0.018 -0.049 -0.122 -0.166 -0.205 -0.221 -0.268 -0.311 -0.351 -0.421 -0.481 -0.538 -0.552 -0.578 -0.53 -0.433 -0.395 -0.419 -0.478 -0.462 -0.442 -0.438 -0.41 -0.377 -0.317 -0.277 -0.325 -0.274 -0.226 -0.25 -0.317 -0.392 -0.409 -0.404 -0.435 -0.438 -0.419 -0.389 -0.357 -0.335 -0.324 -0.313 -0.29 -0.242 -0.159 0.016 0.323 0.535 0.571 0.554 0.632 0.602 0.467 0.311 0.105 -0.105 -0.225 -0.262 -0.25 -0.186 -0.045 0.134 0.241 0.346 0.493 0.553 0.636 0.594 0.507 0.348 0.358 0.459 0.555
-0.006 0.053 0.08 0.057 0.021 -0.02 -0.049 -0.073 -0.105 -0.161 -0.214 -0.291 -0.389 -0.481 -0.53 -0.524 -0.581 -0.519 -0.424 -0.4 -0.392 -0.443 -0.415 -0.408 -0.417 -0.398 -0.348 -0.284 -0.249 -0.254 -0.191 -0.137 -0.152 -0.233 -0.346 -0.405 -0.404 -0.427 -0.428 -0.4 -0.358 -0.294 -0.276 -0.296 -0.3 -0.302 -0.292 -0.256 -0.147 0.129 0.324 0.285 0.354 0.545 0.476 0.297 0.135 -0.024 -0.148 -0.215 -0.239 -0.206 -0.118 -0.06 0.035 0.161 0.254 0.35 0.452 0.553 0.545 0.472 0.43 0.423 0.466 0.525
-0.001 0.057 0.096 0.071 0.071 0.002 0.024 -0.004 -0.031 -0.097 -0.162 -0.269 -0.361 -0.451 -0.523 -0.534 -0.582 -0.506 -0.417 -0.368 -0.354 -0.396 -0.415 -0.401 -0.366 -0.333 -0.275 -0.207 -0.215 -0.174 -0.102 -0.05 -0.084 -0.174 -0.305 -0.397 -0.415 -0.424 -0.412 -0.329 -0.241 -0.151 -0.139 -0.194 -0.229 -0.266 -0.294 -0.294 -0.214 -0.057 0.004 0.001 0.178 0.25 0.116 0.032 -0.037 -0.112 -0.147 -0.159 -0.153 -0.106 -0.048 -0.047 0.033 0.096 0.144 0.183 0.3 0.387 0.39 0.336 0.252 0.215 0.232 0.287
-0.004 0.069 0.048 0.027 0.043 -0.007 0.013 -0.01 -0.049 -0.117 -0.183 -0.286 -0.353 -0.465 -0.526 -0.561 -0.576 -0.487 -0.406 -0.346 -0.31 -0.36 -0.391 -0.324 -0.276 -0.202 -0.136 -0.089 -0.16 -0.089 0.021 0.025 -0.058 -0.175 -0.297 -0.391 -0.415 -0.418 -0.359 -0.241 -0.171 -0.127 -0.182 -0.228 -0.256 -0.277 -0.295 -0.301 -0.283 -0.245 -0.209 -0.165 -0.091 -0.062 -0.056 -0.061 -0.088 -0.16 -0.125 -0.052 0.033 0.082 0.16 0.133 0.108 0.049 0.05 0.096 0.174 0.216 0.113 0.033 0.014 0.049 0.104 0.192
-0.018 0.028 -0.002 -0.025 -0.014 -0.028 -0.027 -0.004 -0.043 -0.116 -0.213 -0.324 -0.406 -0.477 -0.543 -0.581 -0.558 -0.477 -0.404 -0.326 -0.278 -0.33 -0.346 -0.265 -0.204 -0.094 -0.051 -0.062 -0.063 0.038 0.2 0.21 0.041 -0.145 -0.259 -0.351 -0.392 -0.402 -0.3 -0.207 -0.214 -0.249 -0.268 -0.259 -0.252 -0.255 -0.266 -0.276 -0.278 -0.27 -0.247 -0.21 -0.16 -0.107 -0.038 0.02 -0.046 -0.18 -0.13 0.075 0.303 0.398 0.429 0.444 0.453 0.349 0.22 0.104 0.073 0.04 -0.013 -0.052 0.011 0.079 0.112 0.184
-0.066 -0.044 -0.069 -0.099 -0.096 -0.091 -0.066 -0.018 -0.086 -0.157 -0.248 -0.334 -0.432 -0.52 -0.584 -0.554 -0.516 -0.48 -0.42 -0.344 -0.297 -0.279 -0.262 -0.184 -0.116 0.04 0.116 0.095 0.166 0.223 0.278 0.239 0.034 -0.202 -0.313 -0.353 -0.401 -0.398 -0.331 -0.298 -0.318 -0.306 -0.284 -0.243 -0.194 -0.178 -0.198 -0.215 -0.226 -0.23 -0.217 -0.169 -0.085 0.033 0.147 0.15 -0.022 -0.183 -0.115 0.172 0.451 0.528 0.617 0.698 0.714 0.679 0.585 0.37 0.224 0.182 0.115 0.09 0.04 0.002 0.084 0.165
-0.168 -0.142 -0.141 -0.177 -0.171 -0.123 -0.075 -0.071 -0.132 -0.188 -0.271 -0.382 -0.508 -0.585 -0.567 -0.493 -0.444 -0.408 -0.383 -0.364 -0.336 -0.283 -0.202 -0.067 0.026 0.059 0.116 0.129 0.175 0.172 0.207 0.133 -0.103 -0.336 -0.398 -0.408 -0.375 -0.338 -0.325 -0.301 -0.299 -0.285 -0.238 -0.16 -0.017 0.056 -0.04 -0.057 -0.081 -0.1 -0.08 -0.003 0.085 0.183 0.226 0.154 -0.008 -0.178 -0.156 0.083 0.369 0.571 0.735 0.855 0.897 0.898 0.8 0.655 0.552 0.507 0.354 0.374 0.236 0.042 0 0.1
-0.279 -0.24 -0.222 -0.257 -0.193 -0.15 -0.109 -0.138 -0.183 -0.23 -0.35 -0.478 -0.583 -0.598 -0.509 -0.429 -0.346 -0.312 -0.325 -0.289 -0.276 -0.302 -0.18 -0.054 0.042 0.072 0.107 0.086 0.064 0.05 0.001 -0.124 -0.31 -0.399 -0.397 -0.318 -0.332 -0.252 -0.183 -0.169 -0.22 -0.242 -0.161 -0.013 0.198 0.228 0.182 0.237 0.239 0.21 0.157 0.168 0.282 0.403 0.401 0.223 -0.038 -0.176 -0.2 -0.043 0.198 0.396 0.604 0.769 0.877 0.953 0.935 0.893 0.896 0.771 0.562 0.635 0.528 0.31 0.023 0.055
-0.371 -0.324 -0.341 -0.308 -0.228 -0.156 -0.133 -0.165 -0.244 -0.325 -0.441 -0.547 -0.613 -0.574 -0.445 -0.344 -0.242 -0.256 -0.221 -0.163 -0.153 -0.235 -0.163 -0.043 0.052 0.114 0.198 0.169 -0.002 -0.148 -0.238 -0.322 -0.393 -0.433 -0.371 -0.368 -0.285 -0.047 0.076 0.108 -0.027 -0.198 -0.124 0.137 0.361 0.387 0.415 0.543 0.574 0.498 0.348 0.371 0.514 0.62 0.509 0.178 -0.07 -0.176 -0.193 0.018 0.248 0.378 0.533 0.721 0.877 0.998 1.097 1.142 1.138 0.926 0.726 0.873 0.763 0.533 0.248 0.073
