data/climatemaps/RS_maps/climate_breeding_tmp_2016.asc
NCOLS 369 
NROWS 228 
XLLCORNER 479000 
YLLCORNER 73000 
CELLSIZE 1000 
NODATA_value -9 
[rows 0 to 33 of 228, columns 228 to 303 of 369]
-9 -9 -9 -9 -9 -9 -9 -9 -9 -9 -9 -9 -9 -9 -9 -9 -9 -9 -9 -9 -9 -9 -9 -9 -9 -9 -9 -9 -9 -9 -9 -9 -9 -9 -9 -9 -9 -9 -9 -9 -9 -9 -9 -9 -9 -9 -9 -9 -9 -9 -9 -9 -9 -9 -9 -9 -9 -9 -9 -9 -9 -9 -9 -9 -9 -9 -9 -9 -9 -9 -9 -9 -9 -9 -9 -9
0.788 -9 -9 -9 -9 -9 -9 -9 -9 -9 -9 -9 -9 -9 -9 -9 -9 -9 -9 -9 -9 -9 -9 -9 -9 -9 -9 -9 -9 -9 -9 -9 -9 -9 -9 -9 -9 -9 -9 -9 -9 -9 -9 -9 -9 -9 -9 -9 -9 -9 -9 -9 -9 -9 -9 -9 -9 -9 -9 -9 -9 -9 -9 -9 -9 -9 -9 -9 -9 -9 -9 -9 -9 -9 -9 -9
0.826 0.829 -9 -9 -9 -9 -9 -9 -9 -9 -9 -9 -9 -9 -9 -9 -9 -9 -9 -9 -9 -9 -9 -9 -9 -9 -9 -9 -9 -9 -9 -9 -9 -9 -9 -9 -9 -9 -9 -9 -9 -9 -9 -9 -9 -9 -9 -9 -9 -9 -9 -9 -9 -9 -9 -9 -9 -9 -9 -9 -9 -9 -9 -9 -9 -9 -9 -9 -9 -9 -9 -9 -9 -9 -9 -9
0.842 0.849 0.806 0.799 -9 -9 -9 -9 -9 -9 -9 -9 -9 -9 -9 -9 -9 -9 -9 -9 -9 -9 -9 -9 -9 -9 -9 -9 -9 -9 -9 -9 -9 -9 -9 -9 -9 -9 -9 -9 -9 -9 -9 -9 -9 -9 -9 -9 -9 -9 -9 -9 -9 -9 -9 -9 -9 -9 -9 -9 -9 -9 -9 -9 -9 -9 -9 -9 -9 -9 -9 -9 -9 -9 -9 -9
0.845 0.852 0.843 0.833 0.727 -9 -9 -9 -9 -9 -9 -9 -9 -9 -9 -9 -9 -9 -9 -9 -9 -9 -9 -9 -9 -9 -9 -9 -9 -9 -9 -9 -9 -9 -9 -9 -9 -9 -9 -9 -9 -9 -9 -9 -9 -9 -9 -9 -9 -9 -9 -9 -9 -9 -9 -9 -9 -9 -9 -9 -9 -9 -9 -9 -9 -9 -9 -9 -9 -9 -9 -9 -9 -9 -9 -9
0.851 0.847 0.827 0.841 0.825 0.743 -9 -9 -9 -9 -9 -9 -9 -9 -9 -9 -9 -9 -9 -9 -9 -9 -9 -9 -9 -9 -9 -9 -9 -9 -9 -9 -9 -9 -9 -9 -9 -9 -9 -9 -9 -9 -9 -9 -9 -9 -9 -9 -9 -9 -9 -9 -9 -9 -9 -9 -9 -9 -9 -9 -9 -9 -9 -9 -9 -9 -9 -9 -9 -9 -9 -9 -9 -9 -9 -9
0.851 0.822 0.79 0.817 0.854 0.758 0.7 -9 0.836 0.67 0.698 0.698 0.694 0.826 0.945 0.956 0.95 0.933 0.881 -9 -9 -9 -9 -9 -9 -9 -9 -9 -9 -9 -9 -9 -9 -9 -9 -9 -9 -9 -9 -9 -9 -9 -9 -9 -9 -9 -9 -9 -9 -9 -9 -9 -9 -9 -9 -9 -9 -9 -9 -9 -9 -9 -9 -9 -9 -9 -9 -9 -9 -9 -9 -9 -9 -9 -9 -9
0.835 0.816 0.815 0.852 0.872 0.813 0.781 0.817 0.816 0.689 0.67 0.691 0.625 0.67 0.842 0.944 0.958 0.958 0.95 0.891 0.834 0.823 0.816 -9 -9 -9 -9 -9 -9 -9 -9 -9 -9 -9 -9 -9 -9 -9 -9 -9 -9 -9 -9 -9 -9 -9 -9 -9 -9 -9 -9 -9 -9 -9 -9 -9 -9 -9 -9 -9 -9 -9 -9 -9 -9 -9 -9 -9 -9 -9 -9 -9 -9 -9 -9 -9
0.823 0.839 0.854 0.878 0.89 0.875 0.864 0.855 0.861 0.823 0.762 0.752 0.714 0.671 0.71 0.811 0.929 0.958 0.958 0.952 0.914 0.89 0.89 0.838 0.825 0.866 0.858 0.833 0.831 0.821 0.857 0.898 -9 -9 -9 -9 -9 -9 -9 -9 -9 -9 -9 -9 -9 -9 -9 -9 -9 -9 -9 -9 -9 -9 -9 -9 -9 -9 -9 -9 -9 -9 -9 -9 -9 -9 -9 -9 -9 -9 -9 -9 -9 -9 -9 -9
0.85 0.861 0.873 0.885 0.899 0.901 0.888 0.884 0.872 0.888 0.878 0.823 0.796 0.747 0.737 0.762 0.807 0.864 0.933 0.958 0.956 0.955 0.945 0.894 0.864 0.877 0.897 0.884 0.875 0.859 0.874 0.899 0.901 0.883 0.805 0.742 -9 -9 -9 -9 -9 -9 -9 -9 -9 -9 -9 -9 -9 -9 -9 -9 -9 -9 -9 -9 -9 -9 -9 -9 -9 -9 -9 -9 -9 -9 -9 -9 -9 -9 -9 -9 -9 -9 -9 -9
0.869 0.88 0.878 0.898 0.912 0.919 0.917 0.917 0.891 0.887 0.91 0.904 0.899 0.878 0.839 0.793 0.767 0.777 0.831 0.925 0.958 0.958 0.959 0.961 0.942 0.893 0.884 0.88 0.885 0.872 0.879 0.902 0.908 0.911 0.887 0.818 0.774 0.773 -9 -9 -9 -9 -9 -9 -9 -9 -9 -9 -9 -9 -9 -9 -9 -9 -9 -9 -9 -9 -9 -9 -9 -9 -9 -9 -9 -9 -9 -9 -9 -9 -9 -9 -9 -9 -9 -9
0.872 0.878 0.891 0.918 0.922 0.931 0.931 0.933 0.931 0.929 0.92 0.875 0.876 0.893 0.855 0.803 0.767 0.745 0.787 0.868 0.944 0.954 0.962 0.963 0.96 0.956 0.93 0.913 0.917 0.912 0.908 0.902 0.908 0.911 0.91 0.865 0.814 0.795 0.726 0.612 -9 -9 -9 -9 -9 -9 -9 -9 -9 -9 -9 -9 -9 -9 -9 -9 -9 -9 -9 -9 -9 -9 -9 -9 -9 -9 -9 -9 -9 -9 -9 -9 -9 -9 -9 -9
0.854 0.883 0.909 0.928 0.936 0.942 0.942 0.942 0.943 0.949 0.939 0.887 0.864 0.866 0.894 0.88 0.867 0.853 0.853 0.87 0.884 0.912 0.939 0.963 0.963 0.963 0.963 0.954 0.932 0.915 0.926 0.922 0.919 0.908 0.915 0.91 0.874 0.839 0.799 0.724 0.649 0.629 -9 -9 -9 -9 -9 -9 -9 -9 -9 -9 -9 -9 -9 -9 -9 -9 -9 -9 -9 -9 -9 -9 -9 -9 -9 -9 -9 -9 -9 -9 -9 -9 -9 -9
0.861 0.856 0.87 0.925 0.937 0.943 0.943 0.948 0.953 0.948 0.955 0.954 0.931 0.903 0.901 0.916 0.894 0.854 0.872 0.849 0.839 0.87 0.892 0.962 0.963 0.963 0.963 0.953 0.895 0.847 0.851 0.916 0.929 0.924 0.923 0.926 0.913 0.896 0.884 0.854 0.806 0.791 0.842 0.883 -9 -9 -9 -9 -9 -9 -9 -9 -9 -9 -9 -9 -9 -9 -9 -9 -9 -9 -9 -9 -9 -9 -9 -9 -9 -9 -9 -9 -9 -9 -9 -9
0.903 0.903 0.907 0.923 0.924 0.928 0.943 0.945 0.953 0.958 0.958 0.958 0.958 0.958 0.934 0.93 0.907 0.884 0.851 0.831 0.838 0.841 0.859 0.951 0.965 0.966 0.966 0.955 0.879 0.817 0.778 0.826 0.885 0.916 0.916 0.926 0.904 0.901 0.924 0.915 0.9 0.885 0.895 0.898 0.902 0.886 -9 -9 -9 -9 -9 -9 -9 -9 -9 -9 -9 -9 -9 -9 -9 -9 -9 -9 -9 -9 -9 -9 -9 -9 -9 -9 -9 -9 -9 -9
0.862 0.854 0.888 0.904 0.915 0.919 0.922 0.913 0.941 0.955 0.958 0.958 0.958 0.958 0.958 0.958 0.943 0.926 0.888 0.864 0.862 0.864 0.859 0.936 0.965 0.968 0.968 0.967 0.938 0.864 0.818 0.797 0.831 0.878 0.893 0.918 0.91 0.905 0.92 0.928 0.924 0.884 0.892 0.879 0.889 0.889 0.872 0.855 -9 -9 -9 -9 -9 -9 -9 -9 -9 -9 -9 -9 -9 -9 -9 -9 -9 -9 -9 -9 -9 -9 -9 -9 -9 -9 -9 -9
0.639 0.622 0.649 0.709 0.76 0.816 0.88 0.84 0.885 0.928 0.958 0.96 0.96 0.959 0.953 0.959 0.968 0.962 0.934 0.909 0.907 0.903 0.875 0.901 0.956 0.974 0.975 0.975 0.974 0.939 0.886 0.852 0.853 0.867 0.876 0.897 0.912 0.916 0.927 0.926 0.932 0.908 0.891 0.886 0.89 0.9 0.898 0.89 0.902 0.92 -9 -9 -9 -9 -9 -9 -9 -9 -9 -9 -9 -9 -9 -9 -9 -9 -9 -9 -9 -9 -9 -9 -9 -9 -9 -9
0.668 0.588 0.569 0.545 0.582 0.665 0.765 0.833 0.868 0.906 0.957 0.963 0.966 0.963 0.952 0.95 0.966 0.968 0.964 0.948 0.944 0.932 0.906 0.89 0.927 0.948 0.978 0.978 0.978 0.975 0.963 0.923 0.891 0.874 0.867 0.867 0.898 0.909 0.926 0.943 0.935 0.932 0.892 0.899 0.903 0.906 0.926 0.924 0.924 0.928 0.944 -9 -9 -9 -9 -9 -9 -9 -9 -9 -9 -9 -9 -9 -9 -9 -9 -9 -9 -9 -9 -9 -9 -9 -9 -9
0.647 0.624 0.623 0.565 0.553 0.625 0.727 0.817 0.897 0.938 0.963 0.965 0.968 0.968 0.966 0.959 0.967 0.968 0.968 0.966 0.964 0.954 0.94 0.922 0.92 0.931 0.976 0.978 0.978 0.978 0.978 0.974 0.96 0.934 0.905 0.889 0.91 0.921 0.933 0.955 0.955 0.939 0.906 0.918 0.919 0.93 0.946 0.946 0.945 0.937 0.953 0.943 0.94 -9 -9 -9 -9 -9 -9 -9 -9 -9 -9 -9 -9 -9 -9 -9 -9 -9 -9 -9 -9 -9 -9 -9
0.677 0.702 0.655 0.656 0.67 0.747 0.815 0.891 0.942 0.95 0.927 0.917 0.913 0.918 0.921 0.945 0.962 0.969 0.972 0.968 0.968 0.966 0.964 0.954 0.942 0.929 0.968 0.978 0.978 0.978 0.978 0.978 0.978 0.975 0.966 0.937 0.932 0.948 0.952 0.97 0.971 0.959 0.928 0.924 0.931 0.942 0.955 0.958 0.95 0.938 0.953 0.943 0.943 0.927 -9 -9 -9 -9 -9 -9 -9 -9 -9 -9 -9 -9 -9 -9 -9 -9 -9 -9 -9 -9 -9 -9
0.767 0.806 0.767 0.763 0.805 0.868 0.915 0.948 0.946 0.899 0.817 0.771 0.757 0.766 0.814 0.861 0.897 0.926 0.952 0.964 0.968 0.968 0.967 0.965 0.975 0.965 0.978 0.978 0.978 0.978 0.978 0.978 0.979 0.979 0.981 0.975 0.968 0.975 0.978 0.978 0.978 0.978 0.964 0.953 0.941 0.957 0.96 0.963 0.947 0.942 0.948 0.943 0.941 0.918 0.866 -9 -9 -9 -9 -9 -9 -9 -9 -9 -9 -9 -9 -9 -9 -9 -9 -9 -9 -9 -9 -9
0.901 0.895 0.88 0.87 0.913 0.934 0.923 0.903 0.856 0.781 0.665 0.607 0.6 0.611 0.69 0.767 0.805 0.825 0.854 0.908 0.95 0.958 0.967 0.966 0.978 0.978 0.978 0.978 0.978 0.979 0.979 0.979 0.983 0.983 0.983 0.983 0.981 0.98 0.978 0.978 0.978 0.978 0.978 0.978 0.969 0.968 0.971 0.974 0.956 0.945 0.956 0.949 0.935 0.901 0.848 0.813 -9 -9 -9 -9 -9 -9 -9 -9 -9 -9 -9 -9 -9 -9 -9 -9 -9 -9 -9 -9
0.903 0.921 0.927 0.931 0.908 0.822 0.779 0.763 0.754 0.698 0.59 0.56 0.548 0.596 0.629 0.681 0.728 0.755 0.766 0.818 0.866 0.896 0.925 0.943 0.963 0.971 0.977 0.978 0.979 0.984 0.983 0.986 0.985 0.985 0.983 0.985 0.985 0.983 0.978 0.978 0.978 0.978 0.978 0.978 0.978 0.978 0.978 0.982 0.974 0.958 0.963 0.942 0.926 0.91 0.876 0.845 0.852 0.887 -9 -9 -9 -9 -9 -9 -9 -9 -9 -9 -9 -9 -9 -9 -9 -9 -9 -9
0.825 0.82 0.8 0.819 0.801 0.675 0.688 0.711 0.726 0.699 0.649 0.633 0.635 0.672 0.689 0.696 0.688 0.717 0.738 0.758 0.782 0.819 0.838 0.865 0.903 0.935 0.951 0.971 0.979 0.983 0.985 0.988 0.988 0.988 0.985 0.988 0.988 0.986 0.98 0.978 0.978 0.978 0.978 0.984 0.984 0.982 0.982 0.983 0.983 0.97 0.964 0.936 0.915 0.916 0.929 0.925 0.915 0.879 0.872 -9 -9 -9 -9 -9 -9 -9 -9 -9 -9 -9 -9 -9 -9 -9 -9 -9
0.737 0.742 0.704 0.727 0.719 0.654 0.695 0.74 0.75 0.719 0.709 0.712 0.723 0.726 0.735 0.728 0.729 0.735 0.731 0.737 0.751 0.776 0.797 0.81 0.839 0.857 0.888 0.922 0.944 0.965 0.982 0.987 0.988 0.988 0.988 0.988 0.988 0.988 0.987 0.981 0.981 0.985 0.985 0.988 0.985 0.983 0.983 0.983 0.983 0.981 0.963 0.932 0.928 0.943 0.94 0.882 0.846 0.841 0.83 0.826 0.825 -9 -9 -9 -9 -9 -9 -9 -9 -9 -9 -9 -9 -9 -9 -9
0.646 0.66 0.623 0.641 0.719 0.72 0.748 0.783 0.774 0.775 0.784 0.793 0.789 0.794 0.793 0.784 0.778 0.773 0.773 0.772 0.79 0.786 0.785 0.78 0.798 0.809 0.824 0.864 0.89 0.926 0.954 0.973 0.984 0.99 0.991 0.99 0.994 0.994 0.994 0.993 0.99 0.992 0.992 0.99 0.987 0.985 0.983 0.983 0.983 0.983 0.975 0.953 0.954 0.954 0.947 0.891 0.858 0.848 0.841 0.84 0.843 0.842 -9 -9 -9 -9 -9 -9 -9 -9 -9 -9 -9 -9 -9 -9
0.733 0.682 0.612 0.649 0.769 0.771 0.798 0.818 0.823 0.836 0.842 0.881 0.882 0.876 0.859 0.834 0.823 0.818 0.82 0.824 0.824 0.807 0.786 0.766 0.763 0.767 0.785 0.818 0.849 0.882 0.919 0.948 0.967 0.984 0.996 0.996 0.998 0.998 0.998 0.998 0.993 0.993 0.993 0.993 0.992 0.988 0.988 0.988 0.986 0.983 0.976 0.971 0.968 0.964 0.96 0.934 0.884 0.869 0.86 0.85 0.856 0.856 -9 -9 -9 -9 -9 -9 -9 -9 -9 -9 -9 -9 -9 -9
0.844 0.829 0.803 0.808 0.804 0.835 0.88 0.882 0.9 0.919 0.926 0.932 0.922 0.912 0.898 0.885 0.86 0.849 0.842 0.822 0.816 0.798 0.774 0.749 0.74 0.748 0.769 0.778 0.813 0.845 0.869 0.906 0.937 0.959 0.986 0.998 0.998 0.998 0.998 0.998 0.993 0.993 0.993 0.993 0.993 0.99 0.988 0.989 0.993 0.993 0.986 0.976 0.974 0.971 0.975 0.952 0.917 0.896 0.888 0.872 0.871 0.87 0.855 -9 -9 -9 -9 -9 -9 -9 -9 -9 -9 -9 -9 -9
0.813 0.852 0.874 0.886 0.883 0.914 0.933 0.945 0.953 0.949 0.948 0.948 0.941 0.936 0.934 0.92 0.859 0.779 0.756 0.732 0.721 0.737 0.758 0.75 0.749 0.755 0.765 0.767 0.801 0.826 0.828 0.858 0.88 0.912 0.949 0.977 0.995 0.998 0.998 0.998 0.993 0.993 0.993 0.993 0.994 0.993 0.993 0.993 0.993 0.993 0.991 0.988 0.981 0.98 0.98 0.971 0.934 0.926 0.916 0.89 0.888 0.885 0.867 0.85 -9 -9 -9 -9 -9 -9 -9 -9 -9 -9 -9 -9
0.837 0.864 0.881 0.91 0.929 0.939 0.953 0.953 0.95 0.942 0.933 0.932 0.941 0.948 0.943 0.938 0.888 0.768 0.688 0.655 0.651 0.69 0.752 0.771 0.767 0.783 0.788 0.792 0.817 0.834 0.836 0.856 0.862 0.881 0.909 0.936 0.959 0.981 0.998 0.998 0.998 0.998 0.998 0.994 0.998 0.993 0.993 0.993 0.993 0.993 0.993 0.99 0.986 0.986 0.985 0.981 0.962 0.956 0.949 0.929 0.914 0.908 0.902 0.883 -9 -9 -9 -9 -9 -9 -9 -9 -9 -9 -9 -9
0.936 0.934 0.943 0.951 0.953 0.949 0.937 0.912 0.88 0.855 0.845 0.851 0.866 0.905 0.924 0.938 0.938 0.901 0.813 0.761 0.754 0.776 0.812 0.825 0.826 0.835 0.838 0.84 0.851 0.854 0.856 0.882 0.894 0.898 0.903 0.903 0.927 0.959 0.98 0.998 0.998 0.998 0.998 0.998 0.998 0.993 0.993 0.993 0.993 0.993 0.994 0.995 0.992 0.993 0.987 0.983 0.979 0.978 0.974 0.959 0.945 0.942 0.938 0.928 -9 -9 -9 -9 -9 -9 -9 -9 -9 -9 -9 -9
0.945 0.939 0.942 0.938 0.92 0.888 0.844 0.756 0.695 0.683 0.707 0.75 0.763 0.82 0.881 0.912 0.936 0.936 0.92 0.896 0.896 0.899 0.898 0.895 0.886 0.873 0.873 0.874 0.883 0.898 0.904 0.916 0.918 0.923 0.924 0.917 0.928 0.959 0.976 0.997 0.998 0.998 0.998 0.998 0.997 0.993 0.993 0.995 0.995 0.995 0.997 0.998 0.994 0.993 0.99 0.985 0.986 0.983 0.983 0.974 0.972 0.969 0.96 0.959 0.95 0.927 -9 -9 -9 -9 -9 -9 -9 -9 -9 -9
0.926 0.924 0.93 0.896 0.827 0.772 0.718 0.65 0.617 0.607 0.636 0.708 0.743 0.794 0.833 0.862 0.91 0.92 0.927 0.932 0.933 0.932 0.923 0.917 0.899 0.889 0.898 0.903 0.918 0.927 0.925 0.925 0.937 0.943 0.946 0.946 0.963 0.975 0.984 0.996 0.998 0.998 0.998 0.998 0.994 0.995 0.995 0.997 0.998 0.998 0.998 0.996 0.993 0.993 0.993 0.988 0.988 0.987 0.983 0.983 0.982 0.974 0.974 0.977 0.977 0.961 0.949 -9 -9 -9 -9 -9 -9 -9 -9 -9
0.882 0.878 0.9 0.855 0.794 0.723 0.692 0.693 0.682 0.664 0.655 0.708 0.752 0.793 0.808 0.828 0.859 0.886 0.886 0.901 0.914 0.921 0.919 0.907 0.882 0.889 0.903 0.888 0.879 0.88 0.896 0.906 0.918 0.927 0.926 0.943 0.96 0.966 0.979 0.988 0.997 0.998 0.998 0.999 0.998 0.998 0.998 0.998 0.998 0.998 0.998 0.994 0.993 0.993 0.993 0.988 0.988 0.992 0.991 0.985 0.983 0.983 0.981 0.978 0.978 0.975 0.96 0.878 0.592 -9 -9 -9 -9 -9 -9 -9
