data/climatemaps/RS_maps/climate_winter_pr_2013.asc
NCOLS 369 
NROWS 228 
XLLCORNER 479000 
YLLCORNER 73000 
CELLSIZE 1000 
NODATA_value -9 
[rows 170 to 203 of 228, columns 76 to 151 of 369]
1.681 1.222 0.692 0.343 0.124 -0.027 -0.126 -0.17 -0.14 0.012 0.118 0.13 0.18 0.286 0.403 0.56 0.644 0.668 0.721 0.747 0.741 0.644 0.493 0.354 0.258 0.377 0.535 0.655 0.677 0.622 0.593 0.54 0.464 0.377 0.309 0.286 0.222 0.123 0.104 0.119 0.151 0.142 0.064 -0.063 -0.257 -0.49 -0.436 -0.392 -0.428 -0.498 -0.575 -0.674 -0.747 -0.797 -0.793 -0.77 -0.729 -0.699 -0.735 -0.769 -0.718 -0.677 -0.666 -0.709 -0.672 -0.657 -0.673 -0.722 -0.847 -0.817 -0.747 -0.706 -0.696 -0.68 -0.633 -0.54
1.738 1.311 0.791 0.386 0.144 -0.021 -0.133 -0.198 -0.211 -0.146 -0.073 -0.007 0.128 0.329 0.46 0.531 0.587 0.637 0.681 0.694 0.699 0.687 0.59 0.559 0.415 0.491 0.658 0.732 0.709 0.645 0.573 0.502 0.433 0.316 0.167 0.163 0.096 -0.013 0.016 -0.047 -0.014 -0.028 -0.109 -0.247 -0.433 -0.639 -0.531 -0.534 -0.575 -0.651 -0.742 -0.854 -0.938 -0.974 -0.998 -0.995 -0.946 -0.914 -0.908 -0.904 -0.88 -0.87 -0.857 -0.881 -0.887 -0.905 -0.917 -0.944 -0.996 -0.971 -0.963 -0.924 -0.906 -0.895 -0.833 -0.781
1.727 1.358 0.906 0.485 0.185 -0.002 -0.128 -0.206 -0.237 -0.213 -0.142 -0.049 0.095 0.266 0.358 0.381 0.462 0.506 0.555 0.61 0.654 0.693 0.695 0.739 0.696 0.722 0.804 0.691 0.627 0.552 0.476 0.416 0.391 0.265 0.061 -0.018 -0.108 -0.126 -0.065 -0.213 -0.208 -0.217 -0.32 -0.477 -0.644 -0.724 -0.65 -0.664 -0.71 -0.786 -0.866 -0.96 -1.047 -1.094 -1.122 -1.116 -1.075 -1.03 -0.99 -0.964 -0.959 -0.967 -0.972 -0.995 -1.023 -1.036 -1.038 -1.033 -1.022 -1.007 -1.003 -1.004 -1.004 -0.994 -0.98 -0.937
1.781 1.454 1.075 0.648 0.238 0.028 -0.113 -0.204 -0.251 -0.258 -0.228 -0.14 0.021 0.121 0.155 0.235 0.333 0.382 0.485 0.6 0.658 0.666 0.664 0.71 0.74 0.774 0.75 0.573 0.393 0.311 0.244 0.268 0.317 0.242 0.076 -0.13 -0.292 -0.192 -0.164 -0.345 -0.399 -0.425 -0.531 -0.671 -0.785 -0.772 -0.742 -0.761 -0.815 -0.895 -0.985 -1.057 -1.12 -1.162 -1.182 -1.167 -1.116 -1.044 -0.983 -0.941 -0.931 -0.956 -0.987 -1.007 -1.008 -1.018 -0.978 -0.949 -0.908 -0.863 -0.866 -0.908 -0.945 -0.963 -0.97 -0.956
1.824 1.576 1.279 0.815 0.329 0.072 -0.091 -0.195 -0.256 -0.286 -0.293 -0.228 -0.109 -0.055 -0.013 0.09 0.188 0.264 0.386 0.503 0.563 0.562 0.583 0.627 0.668 0.698 0.648 0.469 0.238 0.119 0.118 0.188 0.217 0.15 0.009 -0.209 -0.414 -0.303 -0.319 -0.496 -0.563 -0.616 -0.717 -0.827 -0.892 -0.853 -0.839 -0.868 -0.918 -0.988 -1.066 -1.117 -1.159 -1.186 -1.181 -1.133 -1.047 -0.937 -0.87 -0.839 -0.793 -0.827 -0.872 -0.88 -0.884 -0.915 -0.836 -0.762 -0.697 -0.648 -0.668 -0.739 -0.805 -0.834 -0.831 -0.816
1.814 1.629 1.433 0.963 0.451 0.126 -0.064 -0.185 -0.258 -0.303 -0.329 -0.309 -0.246 -0.21 -0.111 -0.003 0.057 0.131 0.244 0.366 0.469 0.52 0.608 0.632 0.672 0.702 0.649 0.426 0.218 0.053 0.1 0.174 0.118 0.013 -0.152 -0.346 -0.51 -0.417 -0.507 -0.664 -0.72 -0.78 -0.869 -0.955 -0.969 -0.931 -0.955 -0.994 -1.021 -1.073 -1.114 -1.138 -1.157 -1.155 -1.091 -1 -0.874 -0.776 -0.736 -0.665 -0.543 -0.581 -0.625 -0.615 -0.671 -0.769 -0.646 -0.528 -0.45 -0.431 -0.478 -0.56 -0.623 -0.679 -0.658 -0.615
1.714 1.613 1.509 1.128 0.628 0.239 -0.011 -0.173 -0.26 -0.318 -0.356 -0.367 -0.345 -0.301 -0.209 -0.121 -0.05 0.102 0.267 0.398 0.505 0.554 0.596 0.674 0.77 0.807 0.706 0.541 0.34 0.029 0.027 0.09 0.002 -0.143 -0.334 -0.504 -0.563 -0.548 -0.676 -0.81 -0.859 -0.914 -0.988 -1.045 -1.025 -1.023 -1.066 -1.091 -1.098 -1.113 -1.119 -1.103 -1.086 -1.092 -1.02 -0.926 -0.794 -0.654 -0.54 -0.431 -0.289 -0.28 -0.302 -0.302 -0.424 -0.583 -0.481 -0.323 -0.232 -0.223 -0.276 -0.345 -0.389 -0.473 -0.494 -0.461
1.677 1.627 1.592 1.273 0.826 0.375 0.031 -0.164 -0.261 -0.33 -0.382 -0.404 -0.401 -0.398 -0.311 -0.211 -0.115 0.123 0.275 0.398 0.497 0.503 0.635 0.784 0.88 0.821 0.702 0.724 0.475 0.01 -0.023 0.016 -0.14 -0.326 -0.491 -0.644 -0.627 -0.704 -0.821 -0.926 -0.968 -1.014 -1.085 -1.113 -1.095 -1.125 -1.139 -1.132 -1.117 -1.099 -1.074 -1.003 -0.937 -1.014 -1.021 -0.927 -0.751 -0.532 -0.319 -0.231 -0.079 -0.051 -0.005 -0.032 -0.186 -0.403 -0.388 -0.179 -0.055 -0.051 -0.082 -0.142 -0.141 -0.231 -0.311 -0.298
1.695 1.615 1.537 1.266 0.848 0.385 0.044 -0.146 -0.251 -0.334 -0.403 -0.447 -0.464 -0.436 -0.273 -0.097 0 0.137 0.257 0.358 0.469 0.574 0.745 0.881 0.899 0.844 0.823 0.78 0.478 0.052 -0.087 -0.112 -0.289 -0.482 -0.648 -0.752 -0.77 -0.844 -0.932 -1.005 -1.044 -1.093 -1.143 -1.165 -1.159 -1.154 -1.132 -1.091 -1.041 -0.992 -0.92 -0.837 -0.819 -0.907 -0.968 -0.915 -0.723 -0.524 -0.305 -0.136 0.016 0.089 0.151 0.107 -0.037 -0.263 -0.283 -0.12 0.016 0.06 0.028 0.044 0.075 -0.009 -0.124 -0.187
1.651 1.506 1.384 1.173 0.76 0.329 0.056 -0.1 -0.211 -0.313 -0.406 -0.474 -0.504 -0.464 -0.23 0.049 0.21 0.346 0.486 0.493 0.685 0.753 0.863 0.916 0.892 0.896 0.937 0.745 0.471 0.082 -0.231 -0.268 -0.451 -0.628 -0.784 -0.866 -0.89 -0.947 -1.006 -1.058 -1.105 -1.152 -1.176 -1.183 -1.165 -1.116 -1.052 -0.963 -0.879 -0.826 -0.702 -0.634 -0.65 -0.739 -0.849 -0.895 -0.747 -0.579 -0.355 -0.134 0.052 0.162 0.203 0.121 0.035 -0.176 -0.202 -0.049 0.044 0.113 0.093 0.197 0.268 0.182 0.001 -0.178
1.632 1.501 1.295 0.986 0.614 0.315 0.181 0.069 -0.044 -0.199 -0.368 -0.462 -0.494 -0.445 -0.201 0.111 0.348 0.556 0.61 0.637 0.872 0.954 0.935 0.912 0.903 0.871 0.807 0.655 0.386 0.033 -0.315 -0.463 -0.635 -0.768 -0.879 -0.945 -0.974 -1.013 -1.061 -1.095 -1.122 -1.146 -1.158 -1.123 -1.042 -0.977 -0.905 -0.763 -0.654 -0.635 -0.539 -0.432 -0.458 -0.547 -0.716 -0.834 -0.727 -0.563 -0.39 -0.221 -0.045 0.122 0.181 0.191 0.119 -0.105 -0.181 -0.048 0.058 0.115 0.16 0.266 0.314 0.205 0.033 -0.185
1.758 1.544 1.259 0.844 0.507 0.393 0.395 0.328 0.185 -0.062 -0.284 -0.437 -0.479 -0.42 -0.138 0.195 0.465 0.671 0.634 0.755 0.94 1.001 0.958 0.811 0.681 0.536 0.393 0.3 0.137 -0.16 -0.461 -0.619 -0.783 -0.875 -0.945 -0.99 -1.009 -1.049 -1.074 -1.083 -1.091 -1.1 -1.109 -1.015 -0.911 -0.832 -0.751 -0.569 -0.433 -0.449 -0.42 -0.248 -0.238 -0.392 -0.604 -0.785 -0.72 -0.598 -0.483 -0.342 -0.162 0.017 0.159 0.186 0.116 -0.124 -0.197 -0.076 0.027 0.143 0.2 0.29 0.266 0.147 -0.045 -0.282
1.778 1.475 1.115 0.726 0.56 0.605 0.636 0.599 0.404 0.084 -0.159 -0.386 -0.455 -0.331 -0.078 0.23 0.526 0.709 0.723 0.985 1.101 0.998 0.992 0.792 0.474 0.234 -0.023 -0.152 -0.19 -0.35 -0.595 -0.759 -0.854 -0.913 -0.957 -0.991 -1.018 -1.028 -1.019 -0.998 -0.978 -0.971 -1.024 -0.978 -0.837 -0.707 -0.598 -0.443 -0.266 -0.264 -0.291 -0.131 -0.073 -0.226 -0.459 -0.698 -0.747 -0.679 -0.594 -0.44 -0.263 -0.091 0.071 0.13 0.065 -0.159 -0.182 -0.105 -0.019 0.157 0.235 0.278 0.144 -0.046 -0.25 -0.473
1.756 1.435 1.022 0.726 0.697 0.792 0.865 0.842 0.604 0.277 -0.042 -0.317 -0.401 -0.275 -0.069 0.23 0.59 0.77 0.927 1.099 1.132 1.046 0.893 0.683 0.387 0.049 -0.206 -0.4 -0.487 -0.576 -0.722 -0.819 -0.872 -0.908 -0.932 -0.947 -0.943 -0.912 -0.86 -0.805 -0.781 -0.833 -0.942 -0.938 -0.811 -0.679 -0.523 -0.364 -0.194 -0.141 -0.147 -0.015 0.017 -0.102 -0.296 -0.582 -0.746 -0.698 -0.592 -0.493 -0.326 -0.128 0.032 0.09 -0.002 -0.165 -0.127 -0.077 0.014 0.151 0.204 0.199 0.077 -0.194 -0.459 -0.549
1.743 1.359 0.946 0.795 0.853 0.952 1.073 1.011 0.787 0.535 0.168 -0.213 -0.374 -0.313 -0.096 0.204 0.57 0.792 0.986 1.071 1.112 1.071 0.878 0.574 0.275 -0.05 -0.296 -0.532 -0.665 -0.74 -0.804 -0.84 -0.847 -0.84 -0.832 -0.833 -0.789 -0.708 -0.632 -0.569 -0.566 -0.674 -0.854 -0.895 -0.79 -0.687 -0.55 -0.386 -0.195 -0.079 -0.071 0.058 0.091 0.007 -0.172 -0.484 -0.721 -0.693 -0.581 -0.499 -0.354 -0.151 0.019 0.081 -0.048 -0.135 -0.057 -0.024 0.056 0.159 0.2 0.166 0.019 -0.313 -0.552 -0.521
1.663 1.261 0.92 0.942 1.063 1.072 1.245 1.168 1.042 0.878 0.468 -0.05 -0.319 -0.379 -0.201 0.088 0.394 0.703 0.861 1.036 1.091 1.016 0.891 0.538 0.146 -0.205 -0.447 -0.636 -0.735 -0.789 -0.817 -0.796 -0.731 -0.649 -0.625 -0.656 -0.617 -0.482 -0.374 -0.319 -0.349 -0.508 -0.754 -0.863 -0.805 -0.729 -0.619 -0.451 -0.249 -0.114 -0.038 0.105 0.141 0.065 -0.097 -0.412 -0.678 -0.689 -0.595 -0.498 -0.394 -0.203 -0.034 0.037 -0.073 -0.089 -0.009 0.046 0.097 0.132 0.175 0.082 -0.161 -0.462 -0.538 -0.457
1.52 1.182 1.009 1.075 1.2 1.273 1.468 1.47 1.332 1.064 0.622 0.117 -0.241 -0.397 -0.294 -0.008 0.272 0.55 0.708 0.969 0.998 0.842 0.743 0.411 -0.008 -0.363 -0.578 -0.706 -0.76 -0.775 -0.731 -0.637 -0.513 -0.408 -0.392 -0.455 -0.443 -0.298 -0.168 -0.099 -0.177 -0.388 -0.673 -0.835 -0.816 -0.734 -0.63 -0.476 -0.295 -0.161 -0.048 0.109 0.126 0.062 -0.085 -0.374 -0.617 -0.691 -0.633 -0.532 -0.426 -0.243 -0.069 0.014 -0.068 -0.034 0.032 0.105 0.147 0.18 0.198 0.018 -0.31 -0.526 -0.504 -0.375
1.364 1.176 1.219 1.254 1.344 1.537 1.777 1.75 1.452 1.081 0.772 0.33 -0.162 -0.389 -0.344 -0.059 0.245 0.439 0.553 0.78 0.728 0.562 0.414 0.103 -0.261 -0.5 -0.636 -0.714 -0.73 -0.671 -0.513 -0.369 -0.243 -0.151 -0.144 -0.248 -0.23 -0.093 -0.013 0.069 -0.085 -0.349 -0.626 -0.774 -0.829 -0.765 -0.664 -0.52 -0.346 -0.202 -0.072 0.07 0.091 0.042 -0.128 -0.325 -0.454 -0.649 -0.68 -0.565 -0.453 -0.29 -0.082 0.007 -0.049 0.053 0.091 0.162 0.235 0.255 0.176 -0.103 -0.447 -0.499 -0.428 -0.299
1.331 1.293 1.397 1.412 1.533 1.716 1.815 1.795 1.585 1.258 1.004 0.534 -0.043 -0.363 -0.4 -0.166 0.109 0.3 0.363 0.424 0.328 0.159 -0.013 -0.256 -0.467 -0.587 -0.65 -0.666 -0.598 -0.506 -0.315 -0.131 0.031 0.139 0.11 -0.034 0.023 0.141 0.185 0.185 -0.043 -0.339 -0.531 -0.65 -0.788 -0.811 -0.725 -0.58 -0.426 -0.274 -0.132 0.002 0.062 0.026 -0.138 -0.196 -0.269 -0.503 -0.656 -0.584 -0.471 -0.334 -0.132 -0.021 -0.039 0.075 0.141 0.229 0.27 0.239 0.114 -0.19 -0.479 -0.424 -0.291 -0.227
1.478 1.363 1.5 1.606 1.651 1.698 1.675 1.68 1.712 1.464 1.23 0.73 0.079 -0.342 -0.461 -0.281 -0.057 0.127 0.088 -0.005 -0.119 -0.26 -0.38 -0.492 -0.573 -0.617 -0.614 -0.533 -0.353 -0.3 -0.204 0 0.231 0.397 0.34 0.143 0.236 0.337 0.371 0.276 -0.007 -0.312 -0.354 -0.451 -0.638 -0.794 -0.765 -0.64 -0.52 -0.393 -0.257 -0.11 -0.02 0.022 -0.087 -0.063 -0.096 -0.303 -0.559 -0.596 -0.456 -0.324 -0.151 -0.061 -0.042 0.083 0.216 0.343 0.34 0.262 0.065 -0.244 -0.477 -0.356 -0.172 -0.166
1.665 1.484 1.559 1.572 1.608 1.61 1.581 1.595 1.586 1.417 1.151 0.758 0.176 -0.3 -0.479 -0.385 -0.195 -0.13 -0.247 -0.355 -0.429 -0.494 -0.55 -0.587 -0.59 -0.56 -0.462 -0.279 -0.086 -0.038 -0.003 0.131 0.327 0.518 0.496 0.311 0.36 0.45 0.48 0.342 0.059 -0.213 -0.193 -0.237 -0.401 -0.616 -0.738 -0.691 -0.565 -0.455 -0.327 -0.187 -0.084 0.01 -0.033 -0.034 -0.011 -0.169 -0.414 -0.566 -0.483 -0.356 -0.158 -0.037 0.028 0.149 0.251 0.372 0.391 0.312 0.128 -0.23 -0.431 -0.261 -0.083 -0.041
1.824 1.613 1.52 1.547 1.726 1.68 1.545 1.555 1.574 1.456 1.021 0.701 0.219 -0.271 -0.508 -0.527 -0.359 -0.381 -0.536 -0.595 -0.611 -0.621 -0.631 -0.591 -0.501 -0.388 -0.221 0.023 0.197 0.225 0.244 0.371 0.433 0.65 0.605 0.424 0.481 0.554 0.558 0.387 0.131 -0.139 -0.073 -0.063 -0.176 -0.406 -0.634 -0.707 -0.566 -0.483 -0.403 -0.232 -0.15 -0.04 -0.041 -0.059 0.063 -0.069 -0.279 -0.524 -0.504 -0.368 -0.179 -0.032 0.116 0.243 0.308 0.415 0.448 0.377 0.142 -0.223 -0.451 -0.231 -0.029 0.066
1.807 1.695 1.632 1.678 1.813 1.854 1.635 1.638 1.692 1.612 1.247 0.789 0.215 -0.192 -0.477 -0.598 -0.56 -0.616 -0.688 -0.694 -0.687 -0.672 -0.621 -0.467 -0.325 -0.185 0.067 0.291 0.429 0.437 0.419 0.576 0.619 0.749 0.664 0.49 0.571 0.669 0.615 0.425 0.172 -0.042 -0.003 0.031 -0.043 -0.229 -0.409 -0.641 -0.631 -0.582 -0.477 -0.381 -0.247 -0.18 -0.125 -0.064 0.144 0.071 -0.153 -0.442 -0.465 -0.347 -0.229 -0.05 0.161 0.342 0.394 0.482 0.626 0.545 0.254 -0.207 -0.437 -0.225 -0.05 0.1
1.643 1.643 1.671 1.664 1.696 1.809 1.714 1.684 1.681 1.483 1.089 0.615 0.15 -0.127 -0.376 -0.572 -0.647 -0.688 -0.714 -0.715 -0.691 -0.621 -0.465 -0.276 -0.138 0.012 0.257 0.408 0.472 0.513 0.534 0.613 0.749 0.76 0.671 0.591 0.639 0.707 0.697 0.525 0.296 0.033 0.059 0.12 0.05 -0.095 -0.269 -0.492 -0.642 -0.668 -0.589 -0.51 -0.356 -0.224 -0.162 -0.065 0.136 0.198 0.016 -0.3 -0.354 -0.284 -0.232 -0.068 0.174 0.382 0.541 0.59 0.623 0.499 0.218 -0.225 -0.385 -0.236 -0.097 0.097
1.34 1.494 1.63 1.569 1.592 1.766 1.627 1.601 1.547 1.345 0.935 0.479 0.147 0.034 -0.186 -0.488 -0.621 -0.667 -0.681 -0.666 -0.607 -0.473 -0.265 -0.138 -0.041 0.054 0.265 0.297 0.329 0.395 0.538 0.602 0.767 0.706 0.651 0.664 0.66 0.758 0.783 0.628 0.438 0.081 0.1 0.189 0.142 -0.024 -0.151 -0.287 -0.55 -0.712 -0.683 -0.609 -0.457 -0.265 -0.184 -0.109 0.103 0.253 0.164 -0.169 -0.248 -0.191 -0.158 -0.055 0.157 0.409 0.605 0.635 0.581 0.433 0.148 -0.27 -0.355 -0.25 -0.102 0.117
1.336 1.54 1.604 1.509 1.563 1.714 1.741 1.719 1.592 1.261 0.782 0.469 0.378 0.246 -0.042 -0.357 -0.53 -0.569 -0.544 -0.471 -0.37 -0.246 -0.184 -0.188 -0.185 -0.096 0.039 0.052 0.102 0.211 0.374 0.552 0.693 0.701 0.692 0.739 0.677 0.711 0.792 0.701 0.508 0.197 0.099 0.177 0.15 0.019 0.03 -0.07 -0.35 -0.628 -0.721 -0.651 -0.512 -0.339 -0.202 -0.116 0.028 0.225 0.178 -0.018 -0.181 -0.174 -0.163 -0.058 0.131 0.408 0.667 0.718 0.678 0.486 0.104 -0.26 -0.317 -0.207 -0.049 0.15
1.375 1.526 1.562 1.489 1.548 1.704 1.768 1.693 1.505 1.156 0.734 0.612 0.604 0.349 -0.004 -0.276 -0.385 -0.395 -0.333 -0.232 -0.18 -0.128 -0.19 -0.291 -0.335 -0.294 -0.218 -0.217 -0.121 0.033 0.207 0.398 0.57 0.638 0.706 0.804 0.739 0.691 0.77 0.72 0.593 0.301 0.128 0.218 0.219 0.086 0.179 0.093 -0.178 -0.521 -0.701 -0.658 -0.544 -0.41 -0.25 -0.108 0.006 0.236 0.234 0.103 -0.074 -0.075 -0.096 -0.015 0.16 0.46 0.679 0.724 0.746 0.549 0.132 -0.245 -0.262 -0.171 -0.034 0.16
1.278 1.396 1.535 1.551 1.582 1.745 1.739 1.537 1.236 0.952 0.826 0.864 0.677 0.346 0.034 -0.13 -0.184 -0.228 -0.198 -0.145 -0.165 -0.208 -0.274 -0.378 -0.407 -0.369 -0.38 -0.397 -0.306 -0.133 0.058 0.208 0.331 0.5 0.651 0.774 0.765 0.723 0.768 0.75 0.644 0.426 0.274 0.32 0.322 0.252 0.284 0.143 -0.108 -0.444 -0.635 -0.655 -0.575 -0.462 -0.306 -0.098 0.049 0.257 0.35 0.194 0.107 0.155 0.114 0.135 0.301 0.567 0.593 0.603 0.632 0.46 0.077 -0.218 -0.211 -0.13 -0.018 0.193
1.242 1.441 1.607 1.675 1.655 1.716 1.663 1.374 1.05 0.922 0.975 1 0.713 0.425 0.221 0.069 -0.016 -0.035 0.05 0.097 0.007 -0.16 -0.285 -0.352 -0.323 -0.25 -0.322 -0.426 -0.416 -0.308 -0.125 0.019 0.163 0.37 0.546 0.656 0.705 0.719 0.787 0.739 0.648 0.494 0.407 0.463 0.451 0.402 0.382 0.207 -0.059 -0.359 -0.49 -0.576 -0.591 -0.48 -0.303 -0.088 0.09 0.291 0.394 0.259 0.24 0.298 0.279 0.31 0.467 0.633 0.593 0.575 0.58 0.427 0.041 -0.21 -0.173 -0.077 0.033 0.215
1.41 1.598 1.639 1.752 1.777 1.685 1.525 1.194 1.027 1.063 1.001 0.995 0.78 0.704 0.614 0.42 0.223 0.287 0.462 0.53 0.346 0.02 -0.218 -0.24 -0.115 -0.06 -0.174 -0.326 -0.408 -0.416 -0.308 -0.17 0.011 0.252 0.421 0.466 0.583 0.677 0.76 0.698 0.61 0.454 0.468 0.535 0.527 0.474 0.426 0.316 0.003 -0.241 -0.246 -0.346 -0.489 -0.473 -0.29 -0.115 0.104 0.328 0.398 0.315 0.308 0.333 0.33 0.424 0.598 0.686 0.702 0.696 0.687 0.488 0.022 -0.207 -0.16 -0.103 0.012 0.21
1.615 1.738 1.807 1.924 1.929 1.691 1.36 1.146 1.158 1.197 1.016 1.074 1.028 1.016 0.961 0.754 0.501 0.503 0.678 0.781 0.533 0.11 -0.161 -0.153 0.004 0.066 -0.024 -0.148 -0.279 -0.357 -0.358 -0.298 -0.146 0.109 0.257 0.311 0.437 0.56 0.66 0.628 0.588 0.43 0.46 0.534 0.544 0.498 0.428 0.319 0.022 -0.132 -0.08 -0.126 -0.271 -0.386 -0.27 -0.108 0.072 0.313 0.441 0.405 0.363 0.347 0.358 0.485 0.631 0.732 0.793 0.801 0.735 0.421 -0.041 -0.174 -0.085 -0.068 0.008 0.244
1.832 1.915 2.062 2.082 2.007 1.636 1.296 1.272 1.347 1.314 1.049 1.233 1.333 1.293 1.16 0.927 0.834 0.662 0.701 0.864 0.623 0.125 -0.137 -0.095 0.081 0.175 0.149 0.071 -0.08 -0.113 -0.188 -0.276 -0.24 -0.024 0.122 0.194 0.299 0.452 0.551 0.597 0.602 0.436 0.417 0.555 0.571 0.498 0.421 0.279 -0.009 -0.084 -0.011 0.036 -0.059 -0.227 -0.22 -0.056 0.068 0.299 0.452 0.462 0.431 0.398 0.469 0.576 0.604 0.669 0.742 0.765 0.633 0.262 -0.131 -0.106 0.027 0.073 0.059 0.256
1.901 2.018 2.217 2.084 1.97 1.532 1.415 1.492 1.497 1.411 1.17 1.264 1.504 1.476 1.332 1.209 1.166 0.926 0.715 0.763 0.58 0.11 -0.126 -0.069 0.135 0.264 0.307 0.229 0.147 0.178 0.131 -0.021 -0.11 -0.133 -0.051 0.079 0.222 0.309 0.413 0.574 0.533 0.451 0.395 0.56 0.623 0.595 0.521 0.341 0.016 -0.034 0.053 0.15 0.068 -0.072 -0.064 0.002 0.13 0.349 0.541 0.534 0.524 0.562 0.615 0.651 0.612 0.595 0.62 0.656 0.418 0.024 -0.137 -0.012 0.097 0.187 0.243 0.299
2.038 2.086 2.201 2.118 1.829 1.561 1.577 1.572 1.538 1.493 1.431 1.351 1.405 1.536 1.519 1.433 1.269 1.048 0.886 0.722 0.456 0.084 -0.113 -0.083 0.065 0.199 0.327 0.328 0.337 0.411 0.397 0.299 0.173 0.036 -0.002 -0.009 0.072 0.179 0.3 0.479 0.5 0.466 0.471 0.542 0.632 0.618 0.556 0.363 0.076 0.047 0.098 0.19 0.131 0.107 0.147 0.131 0.227 0.429 0.579 0.592 0.632 0.633 0.584 0.643 0.65 0.623 0.551 0.449 0.169 -0.117 -0.133 -0.006 0.123 0.266 0.377 0.47
