data/climatemaps/RS_maps/climate_breeding_tmp_2009.asc
NCOLS 369 
NROWS 228 
XLLCORNER 479000 
YLLCORNER 73000 
CELLSIZE 1000 
NODATA_value -9 
[rows 136 to 169 of 228, columns 77 to 153 of 369]
0.75 0.647 0.589 0.544 0.606 0.672 0.688 0.692 0.676 0.652 0.58 0.56 0.659 0.752 0.796 0.803 0.775 0.88 0.83 0.505 0.071 0.184 0.501 0.519 0.252 -0.036 -0.118 -0.054 -0.428 -0.577 -0.504 -0.478 -0.406 -0.611 -0.736 -0.799 -0.323 -0.178 -0.091 0.252 0.485 0.519 0.238 0.113 0.049 -0.265 -0.211 -0.44 -0.549 -0.515 -0.255 -0.102 0.176 0.53 0.271 -0.1 -0.482 -0.809 -0.872 -0.614 -0.393 -0.048 0.458 0.77 0.593 0.412 0.247 0.152 0.021 -0.081 -0.073 -0.395 -0.486 -0.006 -0.077 -0.596 -0.423
0.722 0.636 0.549 0.55 0.58 0.613 0.657 0.666 0.677 0.689 0.691 0.699 0.731 0.754 0.774 0.785 0.769 0.876 0.85 0.487 0.269 0.479 0.617 0.523 0.264 -0.047 -0.287 -0.254 -0.566 -0.647 -0.542 -0.255 -0.33 -0.214 -0.417 -0.525 -0.19 0.188 0.361 0.556 0.425 0.192 -0.15 -0.188 -0.171 -0.556 -0.46 -0.611 -0.597 -0.48 -0.363 0.031 0.351 0.409 0.074 -0.275 -0.641 -1.08 -0.801 -0.393 -0.015 0.229 0.663 0.765 0.525 0.222 -0.026 -0.029 0.113 -0.065 -0.5 -0.672 -0.362 -0.069 -0.476 -0.993 -0.761
0.675 0.617 0.587 0.565 0.572 0.605 0.639 0.658 0.66 0.667 0.666 0.68 0.701 0.725 0.77 0.786 0.788 0.857 0.859 0.584 0.585 0.624 0.589 0.559 0.362 0.078 0.01 -0.313 -0.558 -0.3 -0.091 0.152 0.074 0.082 -0.297 -0.568 -0.266 0.156 0.435 0.575 0.197 -0.084 -0.366 -0.462 -0.477 -0.617 -0.372 -0.232 -0.227 -0.086 0.049 0.298 0.27 0.205 -0.124 -0.428 -0.844 -0.945 -0.517 -0.103 0.239 0.593 0.772 0.71 0.403 -0.088 -0.36 -0.4 -0.004 -0.229 -0.424 -0.673 -0.546 -0.273 -0.756 -1.105 -0.886
0.659 0.619 0.573 0.59 0.583 0.629 0.65 0.618 0.533 0.514 0.565 0.6 0.637 0.685 0.778 0.801 0.803 0.845 0.839 0.693 0.588 0.472 0.315 0.145 0.328 0.4 0.335 -0.014 0.057 0.274 0.273 0.203 0.212 0.24 -0.277 -0.474 -0.27 0.062 0.394 0.536 0.043 -0.25 -0.445 -0.693 -0.53 -0.31 -0.187 -0.214 0.006 0.165 0.153 0.107 -0.005 0.056 -0.407 -0.786 -1.077 -0.751 -0.285 0.185 0.591 0.735 0.621 0.542 0.401 -0.137 -0.508 -0.5 -0.464 -0.803 -0.532 -0.515 -0.849 -0.668 -1.088 -1.147 -0.724
0.645 0.569 0.58 0.656 0.657 0.653 0.611 0.471 0.302 0.266 0.375 0.484 0.48 0.623 0.784 0.821 0.844 0.868 0.739 0.355 0.084 0.036 0.298 -0.094 -0.032 0.328 0.259 0.338 0.442 0.106 -0.071 -0.106 -0.23 0.1 -0.051 -0.199 -0.257 0.026 0.384 0.457 0.023 -0.376 -0.592 -0.736 -0.399 -0.483 -0.423 -0.511 0.085 -0.195 -0.253 -0.218 -0.04 -0.152 -0.583 -0.965 -0.974 -0.415 0.067 0.461 0.733 0.642 0.347 0.094 0.407 0.208 -0.053 -0.471 -1.023 -1.078 -0.683 -0.655 -1.302 -1.445 -1.318 -0.93 -0.636
0.618 0.614 0.666 0.653 0.658 0.65 0.479 0.223 0.053 0.115 0.32 0.34 0.153 0.477 0.686 0.798 0.812 0.843 0.463 -0.129 -0.368 -0.119 0.243 -0.021 -0.017 0.319 -0.15 -0.005 0.169 -0.255 -0.29 -0.395 -0.418 0.112 -0.034 -0.2 -0.201 0.145 0.395 0.471 0.106 -0.435 -0.739 -0.655 -0.519 -0.661 -0.589 -0.26 0.117 -0.306 -0.609 -0.565 -0.078 -0.43 -0.857 -0.927 -0.62 -0.153 0.378 0.652 0.741 0.48 0.004 -0.256 0.169 0.483 0.146 -0.645 -0.943 -0.718 -0.911 -1.123 -1.374 -1.618 -1.43 -0.959 -1.122
0.684 0.705 0.676 0.657 0.651 0.564 0.29 0.027 -0.011 0.243 0.348 0.145 0.04 0.313 0.537 0.725 0.762 0.793 0.39 0.076 -0.247 -0.198 0.18 -0.045 -0.078 0.191 -0.428 -0.654 -0.509 -0.224 -0.497 -0.528 -0.142 0.055 -0.267 -0.384 -0.153 0.143 0.206 0.412 0.176 -0.435 -0.591 -0.706 -0.647 -0.364 -0.123 0.126 -0.068 -0.638 -0.911 -0.613 -0.262 -0.468 -1.15 -0.969 -0.277 0.043 0.45 0.673 0.725 0.343 -0.196 -0.587 -0.149 0.237 0.36 -0.001 -0.255 -0.517 -0.86 -0.831 -1.259 -1.506 -1.299 -1.145 -1.482
0.73 0.668 0.651 0.675 0.626 0.462 0.212 -0.017 0.062 0.253 0.239 0.077 0.088 0.318 0.333 0.574 0.752 0.778 0.557 0.116 -0.402 -0.127 0.022 -0.479 -0.178 0.106 -0.628 -0.687 -0.467 -0.275 -0.597 -0.449 -0.031 -0.206 -0.505 -0.479 -0.127 0.008 0.216 0.485 0.161 -0.161 -0.459 -0.689 -0.716 -0.804 -0.306 0.101 -0.132 -0.402 -0.851 -0.911 -0.668 -0.405 -1.038 -0.656 -0.201 0.258 0.565 0.539 0.705 0.355 -0.137 -0.733 -0.411 -0.104 0.24 -0.307 -0.256 -0.197 -0.33 -0.577 -1.02 -1.39 -1.306 -1.455 -1.39
0.656 0.654 0.674 0.67 0.581 0.311 0.028 -0.122 0.041 0.134 -0.014 -0.06 -0.039 0.15 0.06 0.456 0.746 0.819 0.551 -0.051 -0.403 0.009 -0.236 -0.581 -0.366 -0.101 -0.416 -0.529 -0.423 -0.569 -0.663 -0.29 -0.174 -0.535 -0.598 -0.333 -0.274 -0.129 0.323 0.51 0.2 -0.212 -0.596 -0.799 -0.88 -0.68 -0.106 -0.158 -0.11 -0.587 -0.784 -1.108 -0.896 -0.574 -0.861 -0.377 0.079 0.405 0.337 0.13 0.668 0.399 -0.159 -0.747 -0.76 -0.314 0.148 -0.107 -0.468 -0.582 -0.737 -1.069 -1.355 -1.618 -1.603 -1.474 -1.156
0.67 0.659 0.662 0.648 0.515 0.167 -0.125 -0.165 0.049 -0.024 -0.251 -0.407 -0.129 -0.122 -0.075 0.396 0.798 0.789 0.362 -0.13 -0.451 -0.202 -0.43 -0.771 -0.588 -0.188 -0.381 -0.67 -0.66 -0.682 -0.457 -0.256 -0.452 -0.679 -0.537 -0.453 -0.388 -0.156 0.368 0.496 0.165 -0.171 -0.412 -0.674 -0.754 -0.464 -0.325 -0.491 -0.179 -0.497 -0.913 -1.153 -1.272 -1.102 -0.674 -0.133 0.331 0.331 0.023 -0.118 0.609 0.451 -0.174 -0.932 -1.085 -0.674 -0.119 0.112 -0.139 -0.586 -1.217 -1.513 -1.642 -1.481 -1.388 -1.111 -0.844
0.704 0.648 0.655 0.623 0.471 0.168 -0.043 -0.092 0.064 -0.153 -0.464 -0.449 -0.153 -0.14 0.067 0.602 0.788 0.666 0.144 -0.309 -0.572 -0.652 -0.73 -0.751 -0.373 -0.211 -0.49 -0.677 -0.434 -0.417 -0.523 -0.485 -0.569 -0.524 -0.352 -0.336 -0.3 0.066 0.309 0.428 0.24 -0.074 -0.422 -0.718 -0.91 -0.815 -0.686 -0.707 -0.354 -0.401 -0.89 -1.082 -1.22 -0.952 -0.401 0.045 0.377 0.077 -0.335 -0.494 0.392 0.479 -0.201 -0.88 -1.273 -1.117 -0.556 -0.34 -0.278 -0.341 -0.841 -1.42 -1.707 -1.282 -0.918 -0.742 -0.548
0.739 0.674 0.665 0.623 0.483 0.326 0.217 0.094 0.087 -0.25 -0.376 -0.071 0.117 0.059 0.402 0.725 0.692 0.474 0.094 -0.198 -0.603 -0.935 -0.878 -0.669 -0.304 -0.335 -0.595 -0.554 -0.279 -0.214 -0.538 -0.486 -0.47 -0.483 -0.232 -0.056 0.007 0.18 0.109 0.251 0.313 -0.327 -0.564 -0.827 -0.947 -0.844 -0.778 -0.905 -0.587 -0.392 -0.692 -1.041 -0.884 -0.554 -0.247 0.144 0.249 -0.131 -0.667 -0.849 -0.014 0.477 -0.033 -0.585 -1.04 -1.19 -0.873 -0.784 -0.749 -0.558 -0.56 -1.068 -1.576 -1.384 -0.689 -0.472 -0.428
0.725 0.642 0.675 0.621 0.435 0.304 0.293 0.221 0.04 -0.151 -0.153 -0.052 0.026 0.29 0.669 0.741 0.486 0.244 0.062 -0.262 -0.694 -0.954 -0.777 -0.558 -0.193 -0.455 -0.422 -0.488 -0.308 -0.127 -0.454 -0.5 -0.273 -0.225 -0.053 0.076 0.121 -0.022 -0.111 0.2 0.278 -0.34 -0.549 -0.69 -0.423 -0.393 -0.529 -0.813 -0.886 -0.718 -0.826 -1.081 -0.621 -0.29 -0.059 0.237 0.016 -0.36 -0.772 -0.92 -0.404 0.357 0.267 -0.39 -0.869 -1.307 -1.302 -1.146 -1.196 -0.919 -0.671 -0.963 -1.604 -1.653 -0.724 -0.824 -1.052
0.59 0.61 0.721 0.629 0.338 0.074 0.164 0.12 -0.015 -0.121 -0.262 -0.324 -0.122 0.391 0.746 0.672 0.2 -0.098 -0.1 -0.33 -0.819 -0.722 -0.377 -0.14 -0.194 -0.274 -0.163 -0.472 -0.296 -0.053 -0.501 -0.387 -0.162 0.009 0.014 -0.073 -0.106 -0.38 -0.275 0.252 0.357 -0.039 -0.325 -0.326 -0.224 -0.514 -0.539 -0.558 -0.782 -1.084 -1.176 -0.782 -0.348 -0.167 0.088 0.177 -0.184 -0.538 -0.738 -0.972 -0.621 0.189 0.258 -0.582 -1.136 -1.359 -1.267 -1.36 -1.458 -1.444 -1.167 -0.975 -1.493 -1.917 -1.507 -1.627 -1.36
0.539 0.757 0.722 0.442 0.372 0.225 0.162 -0.028 -0.183 -0.336 -0.504 -0.281 0.131 0.512 0.726 0.474 -0.08 -0.433 -0.327 -0.594 -0.842 -0.503 -0.049 0.121 -0.022 0.018 -0.202 -0.451 -0.193 0.016 -0.357 -0.113 0.052 0.024 -0.15 -0.372 -0.376 -0.658 -0.388 0.104 0.38 0.285 -0.073 -0.063 -0.371 -0.692 -0.805 -0.905 -0.921 -1.201 -1.157 -0.645 -0.388 -0.218 0.125 0.045 -0.338 -0.647 -0.945 -1.15 -0.692 0.084 0.196 -0.491 -0.794 -0.868 -0.753 -1.191 -1.507 -1.884 -1.717 -1.375 -1.488 -1.93 -1.673 -1.59 -1.16
0.738 0.867 0.622 0.159 0.198 0.23 0.089 0.027 -0.083 -0.351 -0.273 0.017 0.332 0.625 0.668 0.287 -0.063 -0.464 -0.696 -0.778 -0.512 -0.193 -0.068 0.056 0.225 0.129 0.026 -0.005 0.153 0.181 0.06 0.157 0.158 -0.119 -0.397 -0.553 -0.559 -0.715 -0.415 -0.018 0.132 0.25 0.303 0.043 -0.273 -0.55 -0.93 -1.433 -1.235 -1.017 -0.709 -0.676 -0.459 -0.09 0.128 -0.145 -0.51 -0.858 -1.141 -0.957 -0.427 0.166 0.217 -0.109 -0.352 -0.383 -0.45 -1.2 -1.809 -2.171 -2.356 -2.195 -1.864 -1.728 -1.579 -1.522 -1.278
0.966 0.868 0.532 0.018 0.147 0.014 -0.163 -0.247 -0.1 -0.424 -0.21 0.245 0.499 0.662 0.396 -0.144 -0.345 -0.598 -0.654 -0.508 -0.005 0.1 -0.127 0.033 0.35 0.368 0.388 0.363 0.352 0.385 0.381 0.341 0.197 -0.244 -0.554 -0.529 -0.524 -0.555 -0.467 -0.187 -0.205 -0.136 0.318 0.179 -0.306 -0.475 -0.725 -1.356 -1.089 -0.518 -0.278 -0.286 -0.169 0.08 -0.006 -0.149 -0.536 -1.003 -1.156 -0.851 -0.327 0.215 -0.116 -0.36 -0.661 -0.849 -0.915 -1.261 -1.954 -2.502 -2.196 -1.882 -1.785 -1.868 -1.812 -1.99 -1.703
0.998 0.894 0.574 0.113 0.297 -0.088 -0.364 -0.374 -0.327 -0.447 -0.057 0.387 0.478 0.551 0.357 -0.026 -0.203 -0.3 -0.328 0.104 0.365 0.351 0.209 0.371 0.449 0.326 0.168 0.163 0.133 0.069 0.301 0.4 0.275 -0.114 -0.188 -0.116 -0.143 -0.194 -0.444 -0.405 -0.484 -0.331 0.07 0.31 -0.157 -0.592 -0.77 -1.177 -0.867 -0.42 -0.411 -0.139 -0.113 0.072 -0.308 -0.281 -0.797 -1.311 -1.076 -0.607 -0.208 0.044 -0.667 -1.098 -1.285 -1.626 -1.641 -1.656 -2.108 -1.952 -1.608 -1.637 -1.779 -1.962 -2.163 -2.356 -2.223
1.07 0.984 0.766 0.46 0.445 0.153 -0.186 -0.224 -0.524 -0.291 0.201 0.369 0.106 0.533 0.529 0.305 0.407 0.264 0.251 0.507 0.543 0.49 0.468 0.328 0.007 -0.143 -0.252 -0.26 -0.326 0.011 0.021 0.315 0.358 0.211 0.065 -0.116 -0.37 -0.308 -0.485 -0.654 -0.547 -0.513 -0.092 0.367 0.103 -0.242 -0.58 -0.95 -0.888 -0.651 -0.484 -0.208 -0.342 -0.014 -0.54 -1.022 -1.351 -1.562 -0.631 -0.418 -0.165 -0.359 -0.994 -1.431 -1.714 -2.007 -2.416 -2.033 -1.747 -1.411 -1.491 -1.771 -2.037 -2.157 -2.194 -2.049 -1.893
1.158 1.092 0.96 0.76 0.517 0.27 -0.025 -0.034 -0.389 -0.164 0.348 0.107 -0.293 0.081 0.396 0.527 0.534 0.506 0.583 0.53 0.319 0.184 0.175 0.067 -0.477 -0.672 -0.813 -0.527 -0.23 -0.096 -0.191 0.244 0.318 0.248 -0.181 -0.316 -0.629 -0.74 -0.391 -0.91 -0.673 -0.645 -0.052 0.324 0.317 0.007 -0.328 -0.692 -0.888 -0.555 -0.398 -0.35 -0.451 -0.076 -0.662 -1.5 -1.767 -1.13 -0.543 -0.844 -0.527 -0.138 -0.443 -0.794 -1.031 -1.475 -1.982 -1.418 -0.87 -1.24 -1.726 -2.089 -2.213 -2.046 -1.895 -1.699 -1.354
1.246 1.202 1.096 0.806 0.44 0.43 0.332 0.141 -0.279 -0.113 0.159 0.126 -0.211 -0.173 -0.121 0.012 0.091 0.315 0.417 0.27 -0.09 -0.136 -0.244 -0.104 -0.427 -0.859 -0.662 -0.397 -0.13 -0.225 -0.063 0.305 0.059 0.07 -0.143 -0.707 -0.722 -1.172 -0.486 -0.838 -0.849 -0.395 -0.053 0.189 0.38 0.039 -0.365 -0.638 -0.706 -0.557 -0.619 -0.66 -0.677 -0.34 -0.763 -1.165 -1.331 -0.841 -0.768 -0.775 -0.695 -0.853 -0.502 -0.483 -0.412 -0.697 -1.078 -0.739 -0.771 -1.503 -2.088 -2.071 -1.9 -1.714 -1.423 -1.548 -1.001
1.299 1.267 1.217 1.019 0.735 0.653 0.307 -0.047 -0.423 -0.444 -0.154 0.136 0 -0.294 -0.442 -0.249 -0.081 0.007 0.073 0.281 -0.067 -0.399 -0.595 -0.326 -0.538 -0.871 -0.495 -0.347 -0.221 -0.107 0.131 0.236 -0.317 -0.086 -0.019 -0.748 -0.822 -1.178 -0.629 -0.786 -0.664 -0.354 -0.264 -0.065 0.357 0.223 -0.229 -0.594 -0.784 -0.796 -0.83 -1.203 -0.988 -0.731 -0.957 -1.332 -1.289 -0.914 -0.902 -0.71 -1.027 -1.522 -1.397 -1.203 -0.987 -0.42 -0.52 -0.664 -1.317 -1.885 -2.035 -1.718 -1.326 -1.533 -1.075 -1.119 -0.773
1.309 1.313 1.306 1.236 0.953 0.576 0.287 -0.18 -0.555 -0.561 -0.3 -0.019 0.185 -0.208 -0.195 -0.056 -0.284 -0.258 -0.082 0.254 0.171 -0.233 -0.599 -0.619 -0.794 -0.862 -0.608 -0.372 -0.272 -0.305 0.006 0.145 -0.449 -0.182 0.107 -0.363 -0.662 -0.931 -0.725 -0.791 -0.559 -0.545 -0.471 -0.097 0.234 0.299 0.067 -0.304 -0.587 -0.793 -1.203 -1.203 -0.866 -0.818 -1.044 -1.399 -1.401 -1.23 -0.907 -0.977 -1.264 -1.869 -2.081 -1.859 -1.497 -0.885 -1.073 -1.454 -1.765 -1.826 -1.681 -1.409 -0.927 -0.964 -0.815 -0.607 -0.592
1.311 1.313 1.315 1.306 1.123 0.658 0.217 -0.137 -0.229 -0.383 -0.369 -0.308 0.017 0.046 0.042 0.023 -0.163 -0.186 -0.103 -0.022 0.129 0.086 -0.166 -0.251 -0.374 -0.68 -0.824 -0.658 -0.687 -0.592 -0.019 0.135 -0.312 -0.364 0.116 -0.002 -0.255 -0.495 -0.717 -0.778 -0.602 -0.636 -0.411 0.019 -0.013 -0.019 0.193 0.053 -0.288 -0.737 -1.11 -1.261 -1.24 -1.161 -1.364 -1.619 -1.51 -1.233 -1.077 -1.502 -1.509 -1.94 -2.36 -2.429 -1.684 -1.42 -1.7 -1.927 -1.633 -1.364 -1.206 -0.995 -0.676 -0.447 -0.462 -0.653 -0.914
1.313 1.316 1.318 1.318 1.269 0.72 0.265 0.236 0.167 -0.302 -0.538 -0.356 -0.065 0.03 -0.086 -0.116 -0.213 -0.125 -0.096 -0.301 -0.235 0 -0.107 -0.193 -0.111 -0.583 -0.978 -0.676 -0.434 -0.297 0.118 0.141 -0.262 -0.396 0.022 0.138 -0.106 -0.367 -0.569 -0.763 -0.674 -0.524 -0.346 -0.038 -0.124 -0.43 -0.182 -0.073 -0.421 -1.139 -1.351 -1.678 -1.829 -1.73 -1.735 -1.739 -1.504 -1.168 -1.223 -1.78 -2.032 -1.849 -2.005 -2.046 -1.791 -1.626 -1.613 -1.529 -1.229 -0.946 -0.72 -0.453 -0.307 -0.443 -0.846 -1.247 -1.618
1.32 1.318 1.318 1.325 1.301 0.966 0.683 0.403 0.032 -0.385 -0.294 -0.14 -0.189 -0.154 -0.237 -0.361 -0.488 -0.175 -0.115 -0.307 -0.391 -0.197 -0.267 -0.595 -0.135 -0.497 -0.791 -0.328 -0.222 -0.174 0.148 0.144 -0.264 -0.359 -0.167 0.133 -0.084 -0.435 -0.622 -0.804 -0.635 -0.457 -0.474 -0.332 -0.191 -0.637 -0.729 -0.553 -0.886 -1.428 -1.803 -2.118 -1.928 -1.837 -1.703 -1.536 -1.424 -1.142 -1.354 -1.7 -1.787 -1.457 -1.339 -1.537 -1.852 -1.458 -1.218 -0.983 -0.73 -0.488 -0.249 -0.165 -0.452 -0.871 -1.403 -1.872 -2.158
1.323 1.318 1.318 1.325 1.315 1.147 0.551 -0.106 -0.379 -0.276 -0.211 -0.215 -0.448 -0.337 -0.396 -0.668 -0.491 -0.143 -0.164 -0.252 -0.448 -0.485 -0.434 -0.646 -0.226 -0.577 -0.562 -0.277 -0.514 -0.382 0.098 0.145 -0.193 -0.48 -0.341 0.014 -0.111 -0.639 -0.842 -0.864 -0.683 -0.728 -0.661 -0.497 -0.452 -0.952 -1.291 -1.126 -1.239 -1.539 -1.939 -2.127 -1.851 -1.564 -1.369 -1.251 -1.272 -1.015 -1.096 -1.09 -0.976 -0.904 -1.136 -1.598 -1.704 -1.418 -1.122 -0.651 -0.263 -0.097 -0.22 -0.468 -0.961 -1.361 -1.896 -2.43 -2.227
1.314 1.314 1.318 1.319 1.322 1.166 0.262 -0.176 -0.197 -0.199 -0.386 -0.605 -0.605 -0.369 -0.606 -0.632 -0.343 -0.1 -0.403 -0.559 -0.73 -0.937 -0.793 -0.681 -0.512 -0.676 -0.384 -0.401 -0.623 -0.377 0.132 0.157 -0.253 -0.621 -0.493 -0.336 -0.279 -0.638 -0.946 -1.174 -1.012 -0.913 -0.761 -0.904 -1.02 -1.319 -1.564 -1.565 -1.557 -1.638 -1.801 -1.895 -1.954 -1.754 -1.622 -1.525 -1.526 -0.638 -0.422 -0.444 -0.552 -0.93 -1.536 -1.771 -1.654 -1.382 -1.102 -0.525 -0.055 -0.37 -0.723 -1.063 -1.508 -1.879 -2.124 -2.429 -2.23
1.32 1.313 1.32 1.322 1.317 0.902 0.165 -0.066 -0.211 -0.455 -0.665 -0.857 -0.553 -0.171 -0.252 -0.294 -0.102 -0.215 -0.733 -0.925 -0.998 -1.098 -1.076 -0.92 -0.847 -0.762 -0.406 -0.574 -0.409 -0.054 0.151 0.19 -0.287 -0.863 -1.028 -0.718 -0.566 -0.866 -1.214 -1.417 -1.295 -1.346 -1.289 -1.304 -1.318 -1.574 -1.744 -1.721 -1.694 -1.72 -1.776 -1.789 -1.78 -1.871 -1.819 -1.655 -1.436 -0.434 -0.031 -0.358 -0.883 -1.382 -1.747 -1.637 -1.592 -1.411 -1.009 -0.458 -0.111 -0.82 -1.237 -1.682 -2.009 -1.878 -1.684 -1.812 -1.889
1.313 1.318 1.323 1.328 1.2 0.518 -0.014 -0.242 -0.418 -0.719 -0.889 -0.681 -0.346 -0.062 0.146 -0.013 0.032 -0.265 -0.586 -0.606 -0.58 -0.599 -0.748 -0.648 -0.699 -0.771 -0.632 -0.453 -0.085 -0.004 -0.187 -0.275 -0.378 -1.125 -1.383 -0.963 -0.858 -1.464 -1.467 -1.615 -1.699 -1.533 -1.275 -1.371 -1.586 -1.618 -1.547 -1.755 -1.773 -1.635 -1.543 -1.42 -1.403 -1.642 -1.632 -1.312 -0.809 -0.185 -0.039 -0.691 -1.174 -1.549 -1.382 -1.299 -1.544 -1.252 -1.062 -0.37 -0.073 -0.962 -1.649 -1.985 -2 -1.572 -1.099 -1.406 -1.648
1.25 1.318 1.326 1.328 1.303 0.886 0.161 -0.176 0.006 -0.309 -0.748 -0.417 0.028 0.201 0.414 0.33 0.24 0.173 -0.022 -0.037 -0.039 -0.08 -0.194 -0.297 -0.458 -0.546 -0.429 -0.184 0.044 -0.318 -0.856 -0.847 -0.788 -1.076 -1.337 -1.034 -1.036 -1.579 -1.892 -1.832 -1.548 -1.234 -0.977 -1.359 -1.477 -1.433 -1.408 -1.524 -1.633 -1.713 -1.142 -0.983 -1.269 -1.48 -1.508 -1.228 -0.325 0.038 -0.314 -0.707 -1.087 -1.318 -1.148 -1.102 -1.475 -1.487 -1.154 -0.513 0.047 -0.707 -1.599 -1.607 -1.577 -1.408 -0.687 -1.409 -1.429
1.007 1.317 1.331 1.328 1.332 1.139 0.641 0.391 0.237 -0.188 -0.572 -0.134 0.193 0.519 0.504 0.264 0.267 0.288 0.309 0.292 0.254 0.247 0.167 -0.018 -0.148 -0.216 -0.262 -0.35 -0.395 -0.628 -1.311 -1.206 -0.935 -1.32 -1.558 -1.373 -1.569 -1.88 -2.1 -1.803 -1.516 -1.198 -0.558 -0.621 -0.919 -1.131 -1.052 -1.187 -1.337 -1.332 -1.074 -0.669 -0.904 -1.147 -1.227 -1.155 -0.218 0.179 -0.136 -0.52 -0.771 -1.089 -0.933 -0.995 -1.377 -1.25 -1.046 -0.392 0.155 -0.66 -1.47 -1.297 -1.263 -1.129 -0.602 -1.45 -1.466
0.683 1.286 1.334 1.33 1.333 1.286 0.83 0.721 0.325 -0.234 -0.146 0.127 0.327 0.588 0.172 -0.037 -0.126 -0.238 -0.161 -0.177 -0.057 0.072 0.267 0.076 -0.166 -0.406 -0.808 -1.091 -0.958 -0.869 -1.477 -1.225 -0.969 -1.273 -1.811 -1.812 -1.712 -1.809 -1.763 -1.48 -1.49 -1.424 -0.978 -0.469 -0.315 -0.692 -0.649 -1.163 -1.05 -0.872 -0.853 -0.566 -0.403 -0.665 -0.899 -0.831 -0.311 0.275 0.188 -0.132 -0.563 -0.891 -0.706 -0.84 -1.053 -0.908 -0.729 -0.041 0.207 -0.728 -1.223 -0.972 -0.989 -0.803 -0.501 -1.269 -1.206
0.834 1.265 1.336 1.335 1.333 1.32 1.151 1.007 0.389 0.084 0.326 0.436 0.641 0.507 -0.014 -0.453 -0.357 -0.537 -0.464 -0.562 -0.318 -0.135 0.135 -0.203 -0.761 -1.065 -1.352 -1.581 -1.153 -1.28 -1.579 -1.181 -1.016 -1.276 -1.594 -1.482 -1.407 -1.484 -1.643 -1.515 -1.345 -0.961 -0.768 -0.454 0.018 -0.347 -0.72 -0.906 -0.72 -0.51 -0.356 -0.244 0.01 -0.166 -0.271 -0.238 -0.223 0.268 0.512 0.062 -0.309 -0.474 -0.182 -0.38 -0.583 -0.457 -0.373 0.306 0.213 -0.602 -0.64 -0.402 -0.491 -0.262 -0.385 -0.754 -0.857
