data/climatemaps/RS_maps/climate_breeding_tmp_2002.asc
NCOLS 369 
NROWS 228 
XLLCORNER 479000 
YLLCORNER 73000 
CELLSIZE 1000 
NODATA_value -9 
[rows 136 to 169 of 228, columns 76 to 151 of 369]
0.449 0.531 0.435 0.372 0.335 0.392 0.46 0.477 0.482 0.467 0.447 0.377 0.355 0.45 0.543 0.585 0.593 0.564 0.674 0.621 0.303 -0.131 -0.021 0.297 0.31 0.052 -0.233 -0.318 -0.253 -0.62 -0.77 -0.698 -0.673 -0.602 -0.806 -0.931 -0.989 -0.512 -0.37 -0.283 0.06 0.289 0.325 0.041 -0.077 -0.136 -0.453 -0.4 -0.619 -0.74 -0.696 -0.438 -0.29 -0.013 0.338 0.079 -0.289 -0.671 -0.998 -1.059 -0.801 -0.585 -0.241 0.264 0.578 0.393 0.21 0.051 -0.045 -0.175 -0.278 -0.266 -0.585 -0.677 -0.201 -0.269
0.465 0.506 0.422 0.339 0.341 0.373 0.403 0.453 0.457 0.47 0.482 0.488 0.497 0.525 0.546 0.568 0.577 0.562 0.669 0.643 0.286 0.07 0.273 0.416 0.315 0.068 -0.241 -0.478 -0.449 -0.758 -0.841 -0.734 -0.449 -0.522 -0.411 -0.614 -0.717 -0.381 -0.01 0.167 0.361 0.231 0.001 -0.343 -0.376 -0.356 -0.743 -0.646 -0.793 -0.785 -0.661 -0.545 -0.159 0.158 0.217 -0.112 -0.463 -0.828 -1.268 -0.991 -0.584 -0.21 0.035 0.465 0.564 0.328 0.024 -0.222 -0.226 -0.084 -0.264 -0.693 -0.865 -0.56 -0.267 -0.667
0.47 0.465 0.411 0.379 0.356 0.367 0.4 0.433 0.449 0.454 0.461 0.468 0.476 0.501 0.525 0.561 0.579 0.584 0.65 0.649 0.383 0.384 0.422 0.391 0.356 0.162 -0.121 -0.186 -0.508 -0.748 -0.495 -0.285 -0.039 -0.12 -0.115 -0.49 -0.757 -0.454 -0.037 0.24 0.378 0.004 -0.277 -0.553 -0.649 -0.665 -0.804 -0.56 -0.42 -0.414 -0.273 -0.139 0.102 0.075 0.017 -0.313 -0.62 -1.032 -1.133 -0.706 -0.299 0.04 0.399 0.571 0.506 0.204 -0.28 -0.554 -0.599 -0.204 -0.432 -0.623 -0.868 -0.742 -0.469 -0.946
0.482 0.453 0.416 0.367 0.387 0.38 0.429 0.445 0.417 0.336 0.32 0.361 0.393 0.437 0.489 0.577 0.599 0.6 0.648 0.641 0.493 0.388 0.272 0.118 -0.052 0.131 0.202 0.136 -0.209 -0.137 0.078 0.082 0.009 0.02 0.045 -0.467 -0.663 -0.459 -0.127 0.199 0.337 -0.152 -0.437 -0.63 -0.878 -0.719 -0.497 -0.378 -0.405 -0.186 -0.025 -0.036 -0.089 -0.197 -0.133 -0.598 -0.976 -1.266 -0.941 -0.479 -0.017 0.395 0.535 0.423 0.346 0.2 -0.335 -0.706 -0.699 -0.66 -0.997 -0.732 -0.716 -1.048 -0.863 -1.286
0.514 0.441 0.368 0.378 0.455 0.459 0.454 0.409 0.275 0.106 0.074 0.181 0.29 0.285 0.424 0.585 0.624 0.639 0.672 0.54 0.159 -0.107 -0.159 0.105 -0.289 -0.223 0.128 0.067 0.139 0.247 -0.086 -0.268 -0.3 -0.424 -0.099 -0.239 -0.397 -0.449 -0.171 0.194 0.263 -0.171 -0.564 -0.781 -0.925 -0.588 -0.669 -0.609 -0.696 -0.102 -0.388 -0.443 -0.408 -0.234 -0.345 -0.776 -1.158 -1.164 -0.609 -0.132 0.263 0.534 0.442 0.144 -0.109 0.203 0.003 -0.255 -0.674 -1.217 -1.271 -0.884 -0.855 -1.498 -1.64 -1.508
0.504 0.414 0.413 0.463 0.457 0.462 0.441 0.285 0.033 -0.138 -0.073 0.128 0.151 -0.037 0.288 0.487 0.601 0.612 0.647 0.275 -0.318 -0.552 -0.304 0.056 -0.21 -0.213 0.124 -0.345 -0.197 -0.021 -0.443 -0.481 -0.584 -0.61 -0.086 -0.219 -0.395 -0.389 -0.05 0.205 0.281 -0.081 -0.62 -0.924 -0.847 -0.709 -0.852 -0.775 -0.456 -0.077 -0.503 -0.799 -0.751 -0.273 -0.617 -1.045 -1.122 -0.815 -0.352 0.174 0.453 0.537 0.277 -0.198 -0.458 -0.036 0.278 -0.063 -0.844 -1.146 -0.919 -1.117 -1.322 -1.569 -1.811 -1.629
0.487 0.485 0.508 0.483 0.454 0.454 0.373 0.1 -0.165 -0.194 0.056 0.16 -0.038 -0.144 0.128 0.342 0.526 0.567 0.602 0.199 -0.109 -0.434 -0.383 -0.01 -0.229 -0.263 0.002 -0.617 -0.838 -0.699 -0.409 -0.683 -0.718 -0.333 -0.14 -0.457 -0.573 -0.343 -0.046 0.021 0.22 -0.013 -0.623 -0.776 -0.893 -0.842 -0.56 -0.308 -0.064 -0.258 -0.828 -1.103 -0.803 -0.456 -0.662 -1.341 -1.165 -0.473 -0.157 0.255 0.468 0.519 0.135 -0.407 -0.79 -0.355 0.032 0.149 -0.211 -0.46 -0.722 -1.068 -1.034 -1.463 -1.706 -1.499
0.534 0.535 0.471 0.457 0.481 0.434 0.268 0.024 -0.201 -0.121 0.072 0.055 -0.107 -0.092 0.131 0.145 0.386 0.558 0.584 0.369 -0.069 -0.589 -0.311 -0.162 -0.663 -0.359 -0.085 -0.809 -0.869 -0.658 -0.463 -0.781 -0.636 -0.219 -0.4 -0.694 -0.668 -0.319 -0.186 0.022 0.292 -0.028 -0.351 -0.649 -0.879 -0.906 -0.993 -0.492 -0.096 -0.328 -0.597 -1.042 -1.101 -0.86 -0.593 -1.237 -0.851 -0.404 0.051 0.36 0.333 0.495 0.145 -0.342 -0.935 -0.617 -0.316 0.034 -0.517 -0.462 -0.41 -0.54 -0.785 -1.224 -1.591 -1.51
0.563 0.463 0.463 0.48 0.479 0.392 0.121 -0.155 -0.301 -0.141 -0.05 -0.198 -0.238 -0.219 -0.032 -0.121 0.269 0.556 0.632 0.367 -0.232 -0.584 -0.17 -0.416 -0.763 -0.555 -0.286 -0.598 -0.709 -0.617 -0.755 -0.845 -0.478 -0.368 -0.726 -0.783 -0.521 -0.466 -0.318 0.136 0.32 0.01 -0.402 -0.789 -0.99 -1.07 -0.868 -0.295 -0.344 -0.304 -0.782 -0.981 -1.304 -1.086 -0.777 -1.06 -0.578 -0.123 0.199 0.132 -0.082 0.458 0.189 -0.365 -0.956 -0.972 -0.533 -0.064 -0.319 -0.681 -0.794 -0.951 -1.27 -1.558 -1.824 -1.803
0.571 0.48 0.47 0.468 0.46 0.329 -0.019 -0.308 -0.345 -0.131 -0.202 -0.431 -0.578 -0.307 -0.3 -0.256 0.211 0.611 0.6 0.182 -0.315 -0.629 -0.382 -0.61 -0.954 -0.771 -0.373 -0.568 -0.851 -0.848 -0.868 -0.641 -0.44 -0.642 -0.868 -0.724 -0.634 -0.578 -0.341 0.177 0.307 -0.026 -0.363 -0.597 -0.87 -0.949 -0.656 -0.515 -0.681 -0.372 -0.693 -1.109 -1.351 -1.466 -1.303 -0.872 -0.336 0.125 0.121 -0.185 -0.327 0.398 0.239 -0.388 -1.143 -1.292 -0.887 -0.33 -0.108 -0.35 -0.804 -1.428 -1.719 -1.847 -1.686 -1.591
0.603 0.514 0.459 0.464 0.44 0.285 -0.014 -0.224 -0.27 -0.118 -0.328 -0.641 -0.621 -0.33 -0.315 -0.116 0.416 0.601 0.479 -0.039 -0.491 -0.753 -0.832 -0.91 -0.93 -0.553 -0.394 -0.672 -0.858 -0.619 -0.604 -0.708 -0.669 -0.754 -0.713 -0.539 -0.522 -0.485 -0.119 0.117 0.238 0.047 -0.268 -0.609 -0.912 -1.105 -1.006 -0.879 -0.901 -0.549 -0.6 -1.091 -1.275 -1.419 -1.154 -0.602 -0.162 0.169 -0.135 -0.542 -0.702 0.177 0.267 -0.414 -1.092 -1.48 -1.328 -0.774 -0.559 -0.491 -0.558 -1.055 -1.626 -1.914 -1.489 -1.127
0.617 0.55 0.485 0.475 0.441 0.296 0.142 0.038 -0.082 -0.096 -0.424 -0.55 -0.248 -0.061 -0.119 0.221 0.541 0.508 0.292 -0.088 -0.373 -0.784 -1.113 -1.053 -0.847 -0.486 -0.518 -0.778 -0.737 -0.466 -0.401 -0.72 -0.667 -0.659 -0.672 -0.42 -0.247 -0.182 -0.005 -0.082 0.059 0.121 -0.522 -0.756 -1.024 -1.141 -1.039 -0.973 -1.104 -0.787 -0.589 -0.89 -1.241 -1.085 -0.755 -0.45 -0.062 0.044 -0.339 -0.874 -1.059 -0.227 0.261 -0.244 -0.803 -1.253 -1.402 -1.091 -1.006 -0.964 -0.771 -0.777 -1.283 -1.785 -1.595 -0.901
0.576 0.536 0.452 0.488 0.439 0.252 0.129 0.111 0.046 -0.138 -0.326 -0.323 -0.23 -0.146 0.111 0.481 0.556 0.304 0.066 -0.116 -0.442 -0.877 -1.128 -0.951 -0.738 -0.375 -0.637 -0.601 -0.673 -0.493 -0.312 -0.636 -0.684 -0.46 -0.415 -0.24 -0.119 -0.068 -0.209 -0.305 0.011 0.086 -0.536 -0.746 -0.886 -0.618 -0.589 -0.725 -1.012 -1.087 -0.917 -1.023 -1.285 -0.823 -0.493 -0.266 0.03 -0.19 -0.565 -0.979 -1.136 -0.612 0.138 0.053 -0.609 -1.087 -1.519 -1.517 -1.362 -1.412 -1.134 -0.888 -1.181 -1.819 -1.863 -0.939
0.505 0.405 0.425 0.537 0.449 0.159 -0.106 -0.013 -0.057 -0.191 -0.295 -0.434 -0.499 -0.295 0.214 0.564 0.488 0.021 -0.276 -0.276 -0.508 -0.995 -0.897 -0.553 -0.317 -0.374 -0.458 -0.343 -0.657 -0.481 -0.238 -0.684 -0.572 -0.35 -0.181 -0.177 -0.263 -0.298 -0.573 -0.466 0.058 0.163 -0.233 -0.519 -0.523 -0.419 -0.71 -0.739 -0.758 -0.982 -1.286 -1.377 -0.989 -0.554 -0.37 -0.119 -0.032 -0.395 -0.745 -0.95 -1.186 -0.835 -0.034 0.036 -0.8 -1.355 -1.579 -1.486 -1.579 -1.675 -1.663 -1.385 -1.197 -1.712 -2.128 -1.718
0.458 0.359 0.57 0.542 0.262 0.193 0.041 -0.015 -0.204 -0.361 -0.509 -0.675 -0.451 -0.044 0.334 0.537 0.294 -0.253 -0.612 -0.501 -0.772 -1.014 -0.677 -0.23 -0.06 -0.207 -0.165 -0.386 -0.632 -0.38 -0.17 -0.538 -0.298 -0.141 -0.165 -0.342 -0.561 -0.57 -0.852 -0.579 -0.087 0.188 0.091 -0.269 -0.262 -0.575 -0.891 -1.009 -1.106 -1.124 -1.401 -1.361 -0.85 -0.595 -0.424 -0.086 -0.166 -0.549 -0.863 -1.16 -1.366 -0.912 -0.14 -0.029 -0.712 -1.017 -1.092 -0.974 -1.412 -1.727 -2.104 -1.934 -1.595 -1.707 -2.146 -1.887
0.484 0.556 0.685 0.44 -0.017 0.023 0.054 -0.086 -0.144 -0.254 -0.522 -0.446 -0.159 0.153 0.442 0.483 0.105 -0.245 -0.644 -0.876 -0.954 -0.69 -0.369 -0.248 -0.127 0.033 -0.051 -0.159 -0.188 -0.029 -0.007 -0.125 -0.033 -0.034 -0.309 -0.583 -0.74 -0.755 -0.91 -0.61 -0.212 -0.065 0.053 0.1 -0.156 -0.482 -0.753 -1.132 -1.638 -1.438 -1.219 -0.914 -0.885 -0.671 -0.299 -0.082 -0.359 -0.723 -1.076 -1.359 -1.178 -0.644 -0.062 -0.011 -0.331 -0.577 -0.611 -0.674 -1.419 -2.027 -2.391 -2.575 -2.412 -2.083 -1.945 -1.79
0.648 0.774 0.679 0.343 -0.162 -0.03 -0.16 -0.335 -0.418 -0.272 -0.595 -0.38 0.066 0.319 0.483 0.216 -0.326 -0.526 -0.771 -0.833 -0.687 -0.187 -0.083 -0.309 -0.157 0.165 0.184 0.199 0.182 0.164 0.196 0.192 0.151 0.01 -0.437 -0.746 -0.722 -0.719 -0.757 -0.666 -0.383 -0.401 -0.338 0.11 -0.023 -0.516 -0.677 -0.933 -1.565 -1.297 -0.726 -0.487 -0.496 -0.383 -0.131 -0.218 -0.365 -0.755 -1.222 -1.375 -1.069 -0.546 -0.006 -0.346 -0.582 -0.883 -1.071 -1.133 -1.489 -2.176 -2.717 -2.414 -2.102 -2.005 -2.085 -2.026
0.89 0.811 0.708 0.391 -0.067 0.117 -0.262 -0.534 -0.548 -0.497 -0.616 -0.232 0.202 0.298 0.369 0.177 -0.2 -0.378 -0.471 -0.505 -0.08 0.183 0.17 0.02 0.189 0.26 0.141 -0.013 -0.021 -0.053 -0.121 0.112 0.208 0.087 -0.307 -0.38 -0.315 -0.333 -0.387 -0.641 -0.609 -0.688 -0.539 -0.135 0.105 -0.362 -0.801 -0.98 -1.385 -1.082 -0.631 -0.625 -0.349 -0.329 -0.144 -0.526 -0.5 -1.017 -1.531 -1.296 -0.829 -0.429 -0.185 -0.892 -1.326 -1.517 -1.855 -1.868 -1.881 -2.33 -2.172 -1.832 -1.856 -1.994 -2.18 -2.378
0.952 0.88 0.794 0.585 0.284 0.267 -0.022 -0.357 -0.4 -0.694 -0.463 0.022 0.19 -0.074 0.349 0.344 0.124 0.223 0.085 0.069 0.322 0.355 0.301 0.281 0.145 -0.173 -0.327 -0.437 -0.44 -0.511 -0.179 -0.168 0.121 0.163 0.02 -0.126 -0.315 -0.572 -0.507 -0.68 -0.855 -0.745 -0.721 -0.301 0.155 -0.107 -0.452 -0.793 -1.163 -1.096 -0.865 -0.699 -0.437 -0.564 -0.229 -0.758 -1.24 -1.575 -1.788 -0.856 -0.642 -0.394 -0.586 -1.223 -1.659 -1.934 -2.231 -2.641 -2.252 -1.975 -1.641 -1.719 -2.001 -2.263 -2.377 -2.413
1.025 0.968 0.903 0.775 0.576 0.333 0.091 -0.202 -0.216 -0.556 -0.341 0.172 -0.072 -0.468 -0.096 0.215 0.347 0.347 0.323 0.397 0.341 0.136 0.003 -0.016 -0.115 -0.659 -0.86 -1.002 -0.712 -0.415 -0.286 -0.382 0.052 0.12 0.057 -0.383 -0.516 -0.827 -0.94 -0.594 -1.115 -0.875 -0.85 -0.261 0.11 0.103 -0.208 -0.546 -0.906 -1.108 -0.77 -0.617 -0.57 -0.666 -0.297 -0.89 -1.72 -1.991 -1.358 -0.772 -1.074 -0.753 -0.37 -0.676 -1.026 -1.263 -1.709 -2.206 -1.644 -1.107 -1.465 -1.952 -2.313 -2.441 -2.267 -2.115
1.085 1.05 1.011 0.909 0.619 0.257 0.248 0.147 -0.037 -0.449 -0.29 -0.017 -0.052 -0.392 -0.349 -0.303 -0.168 -0.093 0.134 0.234 0.085 -0.274 -0.328 -0.428 -0.291 -0.62 -1.041 -0.856 -0.587 -0.321 -0.417 -0.258 0.11 -0.139 -0.122 -0.346 -0.907 -0.922 -1.377 -0.696 -1.049 -1.059 -0.605 -0.268 -0.023 0.169 -0.173 -0.584 -0.857 -0.93 -0.778 -0.843 -0.889 -0.904 -0.571 -0.989 -1.392 -1.557 -1.074 -0.999 -1.005 -0.929 -1.086 -0.736 -0.718 -0.646 -0.936 -1.312 -0.973 -1.002 -1.732 -2.311 -2.293 -2.122 -1.934 -1.649
1.111 1.105 1.074 1.029 0.827 0.547 0.467 0.126 -0.225 -0.595 -0.619 -0.334 -0.044 -0.182 -0.47 -0.616 -0.428 -0.263 -0.173 -0.112 0.094 -0.251 -0.583 -0.782 -0.514 -0.724 -1.059 -0.685 -0.538 -0.419 -0.3 -0.066 0.04 -0.521 -0.287 -0.224 -0.955 -1.025 -1.385 -0.841 -1.004 -0.879 -0.567 -0.48 -0.279 0.14 0.004 -0.451 -0.818 -1.009 -1.025 -1.051 -1.432 -1.214 -0.969 -1.187 -1.565 -1.517 -1.148 -1.136 -0.944 -1.262 -1.754 -1.629 -1.438 -1.221 -0.655 -0.756 -0.894 -1.546 -2.116 -2.262 -1.947 -1.556 -1.763 -1.304
1.116 1.113 1.115 1.114 1.049 0.762 0.389 0.104 -0.359 -0.732 -0.736 -0.48 -0.199 0.006 -0.386 -0.376 -0.239 -0.466 -0.438 -0.268 0.063 -0.018 -0.421 -0.791 -0.808 -0.985 -1.053 -0.804 -0.568 -0.466 -0.502 -0.19 -0.053 -0.651 -0.384 -0.1 -0.575 -0.869 -1.146 -0.94 -1.006 -0.778 -0.764 -0.692 -0.318 0.008 0.071 -0.162 -0.531 -0.816 -1.024 -1.432 -1.431 -1.1 -1.051 -1.278 -1.632 -1.642 -1.464 -1.144 -1.216 -1.497 -2.102 -2.319 -2.095 -1.736 -1.121 -1.312 -1.683 -1.999 -2.061 -1.914 -1.639 -1.159 -1.198 -1.047
1.116 1.115 1.118 1.121 1.116 0.932 0.469 0.036 -0.315 -0.408 -0.56 -0.547 -0.488 -0.166 -0.135 -0.143 -0.164 -0.348 -0.368 -0.29 -0.207 -0.066 -0.107 -0.361 -0.441 -0.568 -0.871 -1.023 -0.855 -0.887 -0.792 -0.212 -0.067 -0.514 -0.574 -0.095 -0.211 -0.466 -0.708 -0.934 -0.995 -0.822 -0.856 -0.634 -0.202 -0.246 -0.248 -0.038 -0.178 -0.52 -0.969 -1.349 -1.489 -1.478 -1.394 -1.601 -1.859 -1.754 -1.469 -1.317 -1.742 -1.741 -2.175 -2.595 -2.663 -1.921 -1.657 -1.941 -2.155 -1.865 -1.599 -1.445 -1.229 -0.911 -0.68 -0.695
1.116 1.121 1.121 1.126 1.128 1.076 0.529 0.086 0.049 -0.017 -0.486 -0.715 -0.539 -0.249 -0.153 -0.273 -0.303 -0.404 -0.308 -0.287 -0.491 -0.433 -0.188 -0.302 -0.39 -0.31 -0.779 -1.178 -0.878 -0.641 -0.501 -0.079 -0.071 -0.471 -0.609 -0.192 -0.077 -0.32 -0.589 -0.789 -0.982 -0.898 -0.749 -0.574 -0.264 -0.363 -0.661 -0.419 -0.311 -0.657 -1.379 -1.591 -1.92 -2.073 -1.969 -1.972 -1.986 -1.747 -1.411 -1.465 -2.022 -2.272 -2.093 -2.244 -2.283 -2.029 -1.863 -1.856 -1.762 -1.467 -1.184 -0.962 -0.696 -0.546 -0.676 -1.076
1.122 1.123 1.126 1.128 1.128 1.109 0.775 0.498 0.214 -0.156 -0.571 -0.48 -0.327 -0.379 -0.34 -0.426 -0.545 -0.678 -0.361 -0.306 -0.501 -0.586 -0.391 -0.464 -0.792 -0.336 -0.694 -0.994 -0.529 -0.433 -0.381 -0.052 -0.067 -0.475 -0.57 -0.379 -0.084 -0.303 -0.662 -0.847 -1.029 -0.863 -0.689 -0.713 -0.568 -0.429 -0.876 -0.972 -0.794 -1.128 -1.672 -2.049 -2.366 -2.177 -2.082 -1.946 -1.782 -1.669 -1.39 -1.599 -1.944 -2.032 -1.706 -1.584 -1.778 -2.093 -1.693 -1.459 -1.223 -0.977 -0.728 -0.493 -0.407 -0.691 -1.106 -1.633
1.125 1.123 1.128 1.128 1.128 1.122 0.956 0.362 -0.291 -0.566 -0.461 -0.394 -0.403 -0.635 -0.523 -0.582 -0.859 -0.683 -0.336 -0.359 -0.449 -0.646 -0.685 -0.637 -0.84 -0.425 -0.781 -0.769 -0.48 -0.726 -0.591 -0.111 -0.072 -0.404 -0.695 -0.558 -0.205 -0.333 -0.866 -1.068 -1.095 -0.921 -0.964 -0.9 -0.74 -0.693 -1.196 -1.539 -1.371 -1.483 -1.787 -2.188 -2.381 -2.098 -1.814 -1.621 -1.501 -1.524 -1.27 -1.347 -1.34 -1.224 -1.154 -1.383 -1.841 -1.948 -1.659 -1.37 -0.896 -0.507 -0.34 -0.464 -0.706 -1.198 -1.595 -2.132
1.123 1.122 1.124 1.128 1.125 1.127 0.974 0.073 -0.368 -0.39 -0.39 -0.573 -0.792 -0.794 -0.56 -0.793 -0.83 -0.534 -0.298 -0.597 -0.759 -0.93 -1.137 -1.004 -0.886 -0.718 -0.885 -0.593 -0.608 -0.833 -0.59 -0.079 -0.06 -0.474 -0.84 -0.714 -0.562 -0.505 -0.867 -1.181 -1.408 -1.256 -1.152 -1.004 -1.151 -1.265 -1.566 -1.814 -1.819 -1.81 -1.886 -2.052 -2.148 -2.205 -2.012 -1.876 -1.779 -1.78 -0.896 -0.676 -0.696 -0.798 -1.181 -1.786 -2.016 -1.898 -1.627 -1.352 -0.773 -0.303 -0.615 -0.966 -1.305 -1.741 -2.11 -2.353
1.109 1.128 1.128 1.131 1.132 1.124 0.711 -0.029 -0.252 -0.398 -0.647 -0.855 -1.044 -0.746 -0.365 -0.445 -0.492 -0.299 -0.418 -0.933 -1.125 -1.198 -1.302 -1.283 -1.126 -1.056 -0.97 -0.612 -0.785 -0.629 -0.266 -0.069 -0.027 -0.508 -1.086 -1.256 -0.944 -0.802 -1.1 -1.455 -1.656 -1.539 -1.591 -1.534 -1.553 -1.567 -1.827 -2.001 -1.978 -1.951 -1.977 -2.034 -2.043 -2.04 -2.134 -2.079 -1.912 -1.691 -0.691 -0.289 -0.616 -1.135 -1.636 -1.996 -1.886 -1.847 -1.657 -1.251 -0.703 -0.363 -1.068 -1.479 -1.92 -2.247 -2.116 -1.914
0.755 1.114 1.128 1.131 1.133 1.004 0.327 -0.209 -0.436 -0.608 -0.904 -1.088 -0.874 -0.54 -0.259 -0.05 -0.213 -0.17 -0.469 -0.788 -0.814 -0.785 -0.8 -0.952 -0.856 -0.908 -0.981 -0.845 -0.667 -0.302 -0.223 -0.411 -0.502 -0.6 -1.354 -1.617 -1.201 -1.096 -1.707 -1.71 -1.866 -1.951 -1.786 -1.524 -1.62 -1.836 -1.875 -1.807 -2.011 -2.033 -1.895 -1.803 -1.675 -1.663 -1.906 -1.896 -1.569 -1.066 -0.448 -0.3 -0.953 -1.437 -1.805 -1.635 -1.551 -1.794 -1.508 -1.315 -0.623 -0.325 -1.208 -1.89 -2.225 -2.238 -1.81 -1.335
0.521 1.057 1.128 1.133 1.133 1.11 0.683 -0.034 -0.367 -0.189 -0.502 -0.938 -0.615 -0.171 0.005 0.209 0.125 0.039 -0.031 -0.229 -0.246 -0.243 -0.285 -0.407 -0.508 -0.671 -0.765 -0.653 -0.401 -0.18 -0.544 -1.078 -1.073 -1.017 -1.306 -1.574 -1.274 -1.28 -1.822 -2.134 -2.083 -1.799 -1.486 -1.232 -1.62 -1.74 -1.694 -1.669 -1.788 -1.899 -1.982 -1.411 -1.252 -1.538 -1.749 -1.777 -1.488 -0.592 -0.231 -0.575 -0.967 -1.342 -1.575 -1.407 -1.355 -1.733 -1.746 -1.407 -0.762 -0.207 -0.956 -1.841 -1.847 -1.814 -1.647 -0.925
0.243 0.81 1.127 1.132 1.138 1.137 0.939 0.439 0.197 0.041 -0.388 -0.763 -0.334 -0.011 0.313 0.299 0.059 0.064 0.083 0.104 0.082 0.044 0.039 -0.045 -0.231 -0.364 -0.434 -0.482 -0.575 -0.614 -0.848 -1.541 -1.435 -1.172 -1.56 -1.802 -1.608 -1.819 -2.135 -2.358 -2.054 -1.774 -1.453 -0.818 -0.885 -1.188 -1.403 -1.321 -1.46 -1.604 -1.607 -1.343 -0.943 -1.178 -1.417 -1.498 -1.421 -0.492 -0.089 -0.405 -0.784 -1.031 -1.351 -1.198 -1.256 -1.638 -1.508 -1.301 -0.65 -0.102 -0.91 -1.716 -1.546 -1.504 -1.367 -0.839
-0.051 0.484 1.091 1.136 1.137 1.131 1.084 0.632 0.523 0.124 -0.431 -0.346 -0.077 0.129 0.385 -0.035 -0.24 -0.332 -0.452 -0.371 -0.387 -0.27 -0.142 0.053 -0.139 -0.386 -0.626 -1.042 -1.32 -1.187 -1.096 -1.713 -1.465 -1.211 -1.513 -2.059 -2.057 -1.96 -2.064 -2.015 -1.733 -1.75 -1.689 -1.243 -0.737 -0.585 -0.967 -0.927 -1.436 -1.323 -1.146 -1.133 -0.845 -0.681 -0.94 -1.171 -1.101 -0.58 0.003 -0.085 -0.401 -0.832 -1.156 -0.971 -1.099 -1.312 -1.167 -0.988 -0.297 -0.053 -0.982 -1.473 -1.225 -1.234 -1.049 -0.743
0.288 0.636 1.069 1.137 1.136 1.129 1.126 0.951 0.805 0.186 -0.114 0.121 0.233 0.434 0.301 -0.223 -0.656 -0.569 -0.751 -0.679 -0.774 -0.535 -0.354 -0.081 -0.423 -0.983 -1.291 -1.578 -1.814 -1.383 -1.514 -1.82 -1.421 -1.254 -1.52 -1.843 -1.733 -1.662 -1.74 -1.908 -1.779 -1.607 -1.227 -1.037 -0.727 -0.252 -0.618 -0.995 -1.181 -0.996 -0.789 -0.637 -0.524 -0.27 -0.45 -0.552 -0.518 -0.499 -0.009 0.236 -0.209 -0.576 -0.742 -0.45 -0.647 -0.848 -0.717 -0.632 0.041 -0.049 -0.858 -0.891 -0.652 -0.741 -0.512 -0.631
