data/climatemaps/RS_maps/climate_winter_pr_2006.asc
NCOLS 369 
NROWS 228 
XLLCORNER 479000 
YLLCORNER 73000 
CELLSIZE 1000 
NODATA_value -9 
[rows 165 to 197 of 228, columns 152 to 227 of 369]
0.595 0.703 0.527 0.531 0.713 0.758 0.509 0.674 0.564 0.399 0.213 -0.027 -0.154 -0.078 -0.231 -0.343 -0.411 -0.47 -0.446 -0.393 -0.331 -0.208 -0.082 -0.182 -0.18 -0.063 -0.106 -0.089 -0.01 0.151 0.344 0.519 0.684 0.783 0.83 0.874 0.959 1.134 1.294 1.356 1.525 1.555 1.43 1.247 0.87 0.733 0.989 1.298 1.526 1.573 1.439 1.216 0.733 0.27 0.051 -0.077 -0.056 0.081 0.271 0.332 0.166 0.008 -0.094 0.055 0.326 0.545 0.731 0.929 0.996 0.946 0.879 0.694 0.315 0.003 0.105 0.279
0.47 0.508 0.298 0.411 0.582 0.601 0.397 0.418 0.408 0.175 -0.101 -0.26 -0.255 -0.285 -0.456 -0.569 -0.567 -0.479 -0.358 -0.244 -0.143 0.067 0.179 0.112 -0.081 -0.169 -0.138 -0.027 0.05 0.177 0.403 0.574 0.674 0.695 0.714 0.677 0.809 0.983 1.182 1.295 1.365 1.439 1.401 1.224 0.845 0.689 0.98 1.272 1.453 1.456 1.23 0.919 0.634 0.492 0.38 0.135 -0.098 -0.139 0.005 -0.033 -0.121 -0.141 -0.067 0.173 0.441 0.624 0.86 0.988 0.897 0.684 0.553 0.429 0.106 -0.036 0.105 0.18
0.322 0.351 0.049 0.142 0.316 0.427 0.231 0.162 0.264 0.004 -0.331 -0.436 -0.39 -0.504 -0.648 -0.7 -0.581 -0.387 -0.178 0.029 0.111 0.335 0.444 0.359 0.133 -0.088 -0.011 0.112 0.173 0.242 0.424 0.554 0.623 0.561 0.551 0.529 0.684 0.854 1.044 1.121 1.111 1.147 1.094 0.943 0.669 0.627 0.949 1.249 1.406 1.413 1.241 0.985 0.808 0.745 0.602 0.376 0.133 -0.104 -0.204 -0.252 -0.193 -0.098 0.042 0.21 0.438 0.664 0.812 0.94 0.892 0.773 0.614 0.351 0.072 -0.131 -0.108 -0.04
0.037 0.053 -0.162 -0.128 0.064 0.179 0.075 -0.048 0.043 -0.13 -0.454 -0.585 -0.635 -0.724 -0.764 -0.69 -0.518 -0.299 -0.035 0.258 0.414 0.534 0.526 0.435 0.273 0.044 0.087 0.21 0.296 0.41 0.499 0.528 0.558 0.479 0.383 0.438 0.559 0.713 0.873 0.861 0.766 0.73 0.617 0.496 0.432 0.586 0.883 1.179 1.357 1.424 1.356 1.176 0.983 0.836 0.721 0.57 0.358 0.085 -0.251 -0.326 -0.164 0.01 0.107 0.32 0.447 0.648 0.636 0.841 0.968 0.921 0.73 0.522 0.221 -0.161 -0.251 -0.157
-0.278 -0.231 -0.404 -0.355 -0.163 -0.101 -0.135 -0.285 -0.204 -0.33 -0.611 -0.733 -0.804 -0.849 -0.796 -0.656 -0.465 -0.191 0.092 0.421 0.568 0.63 0.601 0.556 0.419 0.231 0.211 0.325 0.46 0.609 0.603 0.502 0.454 0.363 0.289 0.374 0.474 0.594 0.733 0.7 0.55 0.364 0.225 0.227 0.358 0.641 0.922 1.151 1.231 1.234 1.169 0.999 0.841 0.68 0.631 0.596 0.406 0.096 -0.256 -0.301 -0.15 0.018 0.192 0.362 0.522 0.583 0.542 0.691 0.789 0.821 0.786 0.633 0.253 -0.126 -0.216 -0.043
-0.6 -0.583 -0.636 -0.592 -0.461 -0.42 -0.414 -0.501 -0.525 -0.601 -0.761 -0.849 -0.875 -0.866 -0.799 -0.616 -0.372 -0.116 0.142 0.397 0.564 0.644 0.725 0.684 0.556 0.478 0.42 0.457 0.665 0.748 0.649 0.429 0.283 0.225 0.235 0.31 0.363 0.452 0.587 0.541 0.352 0.078 0.05 0.266 0.437 0.73 1.025 1.115 1.076 0.938 0.802 0.62 0.516 0.39 0.376 0.41 0.301 -0.011 -0.316 -0.224 -0.041 0.091 0.237 0.384 0.491 0.539 0.442 0.471 0.529 0.588 0.685 0.672 0.289 -0.111 -0.189 -0.035
-0.876 -0.877 -0.868 -0.804 -0.725 -0.687 -0.684 -0.745 -0.787 -0.827 -0.882 -0.901 -0.886 -0.854 -0.78 -0.597 -0.353 -0.141 0.052 0.332 0.547 0.681 0.793 0.76 0.622 0.615 0.625 0.597 0.788 0.757 0.63 0.404 0.196 0.165 0.177 0.168 0.187 0.328 0.396 0.292 0.063 -0.13 0.064 0.376 0.631 0.81 1.074 1.051 0.926 0.762 0.643 0.49 0.297 0.128 0.062 0.098 0.03 -0.145 -0.314 -0.27 -0.088 -0.024 0.054 0.242 0.277 0.446 0.517 0.471 0.372 0.338 0.445 0.478 0.268 -0.085 -0.11 0.011
-1.049 -1.049 -1.03 -0.983 -0.95 -0.919 -0.92 -0.937 -0.943 -0.923 -0.888 -0.865 -0.844 -0.797 -0.706 -0.57 -0.42 -0.262 -0.051 0.214 0.451 0.656 0.798 0.794 0.647 0.661 0.724 0.73 0.798 0.748 0.676 0.447 0.142 0.096 0.071 -0.009 0.055 0.174 0.135 -0.028 -0.194 -0.166 0.1 0.433 0.73 0.933 1.109 1.058 0.933 0.776 0.643 0.456 0.222 -0.006 -0.066 0.005 -0.003 -0.041 -0.151 -0.259 -0.251 -0.205 -0.105 0.036 0.105 0.218 0.319 0.393 0.494 0.435 0.364 0.294 0.156 -0.05 0.025 0.156
-1.094 -1.095 -1.106 -1.108 -1.102 -1.087 -1.06 -1.007 -0.958 -0.843 -0.752 -0.716 -0.708 -0.71 -0.661 -0.607 -0.53 -0.401 -0.172 0.108 0.394 0.655 0.746 0.696 0.653 0.607 0.634 0.728 0.773 0.773 0.753 0.413 0.001 -0.066 -0.06 -0.143 0 0.033 -0.129 -0.335 -0.349 -0.112 0.155 0.499 0.81 1.008 1.077 1.071 0.862 0.61 0.432 0.27 0.044 -0.119 -0.023 0.254 0.27 0.223 0.134 -0.085 -0.278 -0.318 -0.281 -0.206 -0.086 -0.043 0.093 0.25 0.426 0.484 0.482 0.345 0.155 -0.016 0.073 0.201
-1.002 -1.024 -1.096 -1.135 -1.108 -1.085 -1.009 -0.917 -0.875 -0.699 -0.528 -0.459 -0.504 -0.604 -0.611 -0.557 -0.484 -0.371 -0.195 0.072 0.362 0.564 0.567 0.496 0.454 0.397 0.464 0.606 0.685 0.708 0.63 0.355 0.031 -0.175 -0.266 -0.247 -0.136 -0.143 -0.314 -0.499 -0.404 -0.085 0.255 0.542 0.747 0.913 0.969 0.913 0.742 0.465 0.278 0.146 0.002 -0.02 0.174 0.4 0.454 0.439 0.398 0.172 -0.036 -0.176 -0.302 -0.34 -0.283 -0.202 -0.005 0.169 0.199 0.373 0.525 0.498 0.314 0.074 0.015 0.136
-0.875 -0.923 -1.048 -1.13 -1.063 -0.974 -0.85 -0.756 -0.779 -0.538 -0.319 -0.224 -0.339 -0.455 -0.51 -0.42 -0.365 -0.256 -0.1 0.113 0.397 0.419 0.354 0.256 0.218 0.213 0.315 0.44 0.481 0.533 0.463 0.367 0.206 -0.113 -0.347 -0.406 -0.335 -0.341 -0.51 -0.623 -0.448 -0.116 0.27 0.557 0.732 0.816 0.853 0.749 0.626 0.45 0.4 0.342 0.175 0.178 0.34 0.566 0.648 0.662 0.576 0.356 0.25 0.097 -0.111 -0.282 -0.355 -0.298 -0.114 0.001 -0.006 0.19 0.405 0.518 0.447 0.252 0.049 0.045
-0.78 -0.877 -1.033 -1.106 -1.032 -0.912 -0.754 -0.633 -0.63 -0.418 -0.186 -0.134 -0.206 -0.238 -0.346 -0.338 -0.277 -0.166 0.04 0.214 0.332 0.358 0.252 0.138 0.102 0.124 0.181 0.24 0.352 0.463 0.541 0.488 0.296 0.05 -0.271 -0.491 -0.563 -0.58 -0.661 -0.624 -0.396 -0.074 0.283 0.506 0.686 0.775 0.854 0.906 0.793 0.615 0.622 0.544 0.475 0.475 0.556 0.661 0.722 0.755 0.702 0.586 0.549 0.376 0.172 -0.109 -0.32 -0.353 -0.241 -0.211 -0.167 0.021 0.222 0.458 0.502 0.376 0.183 0.003
-0.677 -0.843 -1.042 -1.087 -1.008 -0.88 -0.718 -0.526 -0.505 -0.297 -0.054 -0.018 -0.024 -0.046 -0.212 -0.306 -0.206 -0.074 0.117 0.2 0.341 0.443 0.285 0.135 0.01 -0.027 -0.067 -0.005 0.171 0.314 0.489 0.51 0.349 0.143 -0.198 -0.474 -0.661 -0.709 -0.716 -0.59 -0.339 -0.044 0.291 0.485 0.659 0.812 1.014 1.038 0.894 0.743 0.749 0.695 0.652 0.637 0.676 0.696 0.699 0.728 0.778 0.734 0.713 0.55 0.316 0.048 -0.205 -0.358 -0.362 -0.338 -0.229 -0.031 0.148 0.36 0.459 0.464 0.377 0.209
-0.634 -0.817 -1.019 -1.049 -0.966 -0.849 -0.669 -0.484 -0.421 -0.246 -0.048 0.011 -0.002 -0.08 -0.203 -0.293 -0.245 -0.107 0.101 0.329 0.502 0.476 0.327 0.208 -0.064 -0.265 -0.305 -0.254 -0.147 -0.002 0.155 0.297 0.292 0.085 -0.159 -0.415 -0.637 -0.737 -0.674 -0.509 -0.292 -0.018 0.263 0.462 0.675 0.899 1.046 1.034 0.947 0.837 0.777 0.683 0.597 0.544 0.565 0.615 0.604 0.546 0.692 0.64 0.673 0.551 0.371 0.238 -0.028 -0.299 -0.423 -0.407 -0.283 -0.132 0.008 0.214 0.424 0.52 0.497 0.404
-0.646 -0.814 -1.023 -1.009 -0.946 -0.852 -0.636 -0.415 -0.384 -0.238 -0.043 0.001 -0.077 -0.164 -0.201 -0.227 -0.218 -0.119 0.114 0.372 0.539 0.425 0.313 0.236 -0.091 -0.299 -0.385 -0.46 -0.422 -0.276 -0.125 0.018 0.078 -0.055 -0.218 -0.412 -0.616 -0.728 -0.641 -0.488 -0.281 -0.022 0.208 0.36 0.596 0.853 0.972 1.008 0.996 0.866 0.734 0.6 0.471 0.385 0.38 0.415 0.422 0.374 0.482 0.439 0.501 0.492 0.462 0.392 0.151 -0.151 -0.37 -0.456 -0.431 -0.33 -0.17 0.054 0.268 0.437 0.429 0.302
-0.746 -0.891 -1.009 -0.976 -0.863 -0.775 -0.601 -0.383 -0.295 -0.2 -0.029 -0.033 -0.125 -0.206 -0.189 -0.185 -0.178 -0.149 0.057 0.211 0.349 0.364 0.289 0.169 -0.1 -0.218 -0.317 -0.488 -0.584 -0.512 -0.362 -0.245 -0.184 -0.198 -0.319 -0.469 -0.615 -0.699 -0.624 -0.456 -0.237 -0.074 0.109 0.26 0.546 0.733 0.807 0.9 1.012 0.935 0.82 0.66 0.509 0.405 0.395 0.334 0.281 0.229 0.199 0.19 0.255 0.359 0.459 0.381 0.16 -0.056 -0.279 -0.453 -0.517 -0.486 -0.333 -0.136 0.098 0.367 0.363 0.284
-0.854 -0.947 -1.004 -0.961 -0.814 -0.696 -0.543 -0.334 -0.233 -0.195 0.013 -0.007 -0.136 -0.217 -0.251 -0.276 -0.273 -0.252 -0.056 -0.01 0.104 0.182 0.193 0.082 -0.158 -0.273 -0.406 -0.524 -0.645 -0.67 -0.591 -0.496 -0.439 -0.342 -0.36 -0.504 -0.622 -0.68 -0.544 -0.329 -0.164 -0.172 -0.041 0.159 0.394 0.543 0.691 0.869 0.894 0.898 0.813 0.735 0.64 0.552 0.524 0.446 0.395 0.323 0.16 -0.007 0.055 0.209 0.253 0.192 0.082 -0.012 -0.146 -0.337 -0.464 -0.523 -0.431 -0.273 -0.045 0.252 0.368 0.332
-0.891 -0.856 -0.906 -0.946 -0.823 -0.661 -0.507 -0.313 -0.202 -0.162 0.029 0.048 -0.051 -0.134 -0.31 -0.402 -0.382 -0.308 -0.176 -0.194 -0.159 -0.091 -0.055 -0.114 -0.29 -0.462 -0.618 -0.682 -0.707 -0.741 -0.739 -0.692 -0.635 -0.47 -0.365 -0.491 -0.627 -0.645 -0.457 -0.244 -0.149 -0.216 -0.059 0.201 0.365 0.482 0.664 0.789 0.757 0.717 0.651 0.595 0.564 0.521 0.489 0.441 0.357 0.281 0.147 -0.067 -0.044 0.039 0.043 -0.035 -0.102 -0.092 -0.096 -0.23 -0.4 -0.512 -0.43 -0.239 -0.04 0.138 0.184 0.161
-0.808 -0.707 -0.722 -0.89 -0.844 -0.693 -0.532 -0.332 -0.183 -0.101 0.01 0.109 0.109 0.006 -0.183 -0.415 -0.437 -0.378 -0.283 -0.274 -0.361 -0.34 -0.348 -0.383 -0.541 -0.686 -0.784 -0.817 -0.804 -0.784 -0.784 -0.765 -0.724 -0.564 -0.366 -0.449 -0.635 -0.628 -0.412 -0.223 -0.23 -0.273 -0.021 0.259 0.412 0.473 0.64 0.728 0.701 0.619 0.516 0.403 0.39 0.378 0.387 0.361 0.212 0.113 0.017 -0.138 -0.18 -0.171 -0.177 -0.255 -0.288 -0.239 -0.164 -0.259 -0.43 -0.54 -0.494 -0.297 -0.112 0.025 0.031 0.04
-0.723 -0.608 -0.564 -0.766 -0.841 -0.726 -0.557 -0.356 -0.18 -0.066 0.029 0.178 0.189 0.058 -0.098 -0.336 -0.466 -0.482 -0.412 -0.4 -0.509 -0.514 -0.564 -0.616 -0.692 -0.74 -0.748 -0.72 -0.677 -0.623 -0.603 -0.624 -0.662 -0.599 -0.402 -0.433 -0.624 -0.618 -0.424 -0.311 -0.315 -0.227 -0.015 0.197 0.392 0.503 0.611 0.649 0.645 0.652 0.567 0.428 0.382 0.324 0.279 0.246 0.221 0.197 0.09 -0.075 -0.184 -0.284 -0.307 -0.33 -0.357 -0.381 -0.33 -0.349 -0.462 -0.536 -0.544 -0.383 -0.219 -0.146 -0.152 -0.185
-0.642 -0.497 -0.442 -0.591 -0.773 -0.725 -0.556 -0.409 -0.261 -0.11 0.057 0.223 0.213 0.102 0.015 -0.146 -0.366 -0.544 -0.565 -0.569 -0.532 -0.487 -0.632 -0.697 -0.604 -0.58 -0.516 -0.474 -0.4 -0.337 -0.3 -0.349 -0.444 -0.591 -0.447 -0.396 -0.594 -0.662 -0.489 -0.424 -0.325 -0.205 -0.047 0.205 0.395 0.425 0.451 0.507 0.468 0.599 0.522 0.477 0.532 0.407 0.395 0.342 0.366 0.303 0.204 0.014 -0.092 -0.263 -0.267 -0.298 -0.342 -0.43 -0.422 -0.454 -0.513 -0.554 -0.576 -0.457 -0.347 -0.34 -0.362 -0.389
-0.533 -0.372 -0.317 -0.423 -0.647 -0.707 -0.572 -0.466 -0.343 -0.18 0.014 0.228 0.297 0.261 0.192 0.053 -0.174 -0.469 -0.547 -0.509 -0.459 -0.485 -0.618 -0.556 -0.44 -0.393 -0.331 -0.276 -0.242 -0.197 -0.13 -0.139 -0.239 -0.487 -0.496 -0.485 -0.646 -0.692 -0.571 -0.491 -0.4 -0.27 -0.042 0.206 0.327 0.315 0.268 0.27 0.33 0.433 0.474 0.489 0.53 0.463 0.458 0.401 0.351 0.294 0.187 0.012 -0.148 -0.252 -0.31 -0.369 -0.406 -0.449 -0.438 -0.43 -0.468 -0.535 -0.575 -0.554 -0.512 -0.513 -0.524 -0.533
-0.418 -0.239 -0.223 -0.315 -0.481 -0.684 -0.597 -0.495 -0.388 -0.255 -0.074 0.201 0.416 0.429 0.336 0.184 -0.062 -0.386 -0.38 -0.364 -0.454 -0.568 -0.53 -0.406 -0.321 -0.321 -0.284 -0.226 -0.215 -0.214 -0.077 -0.047 -0.161 -0.446 -0.559 -0.599 -0.738 -0.727 -0.634 -0.567 -0.481 -0.264 -0.036 0.203 0.219 0.189 0.113 0.08 0.174 0.246 0.368 0.377 0.466 0.453 0.438 0.362 0.234 0.127 0.032 -0.133 -0.286 -0.34 -0.395 -0.429 -0.423 -0.403 -0.326 -0.297 -0.364 -0.481 -0.556 -0.597 -0.605 -0.609 -0.611 -0.61
-0.36 -0.17 -0.14 -0.156 -0.254 -0.527 -0.626 -0.557 -0.467 -0.325 -0.113 0.139 0.383 0.392 0.31 0.173 -0.09 -0.263 -0.236 -0.294 -0.456 -0.527 -0.423 -0.353 -0.313 -0.33 -0.331 -0.322 -0.312 -0.256 -0.128 -0.131 -0.233 -0.441 -0.601 -0.68 -0.757 -9 -9 -0.58 -0.397 -0.145 0.057 0.168 0.192 0.188 0.095 -0.017 0.068 0.104 0.149 0.169 0.258 0.308 0.259 0.201 0.1 -0.076 -0.189 -0.293 -0.366 -0.389 -0.373 -0.318 -0.291 -0.244 -0.173 -0.157 -0.281 -0.433 -0.535 -0.598 -0.63 -0.642 -0.645 -0.64
-0.309 -0.099 -0.03 0.023 -0.032 -0.318 -0.615 -0.623 -0.509 -0.359 -0.191 0.021 0.337 0.285 0.205 0.105 -0.139 -0.148 -0.136 -0.23 -0.447 -0.422 -0.292 -0.299 -0.263 -0.303 -0.372 -0.429 -0.444 -0.318 -0.172 -0.168 -0.259 -0.421 -0.629 -0.731 -0.783 -9 -9 -9 -0.287 -0.087 0.045 0.048 0.064 0.054 -0.012 -0.149 -0.112 -0.109 -0.058 -0.027 0.048 0.098 0.069 0.002 -0.05 -0.206 -0.301 -0.323 -0.333 -0.308 -0.246 -0.13 -0.061 -0.023 -0.033 -0.105 -0.289 -0.438 -0.532 -0.592 -0.629 -0.644 -0.644 -0.63
-0.251 -0.03 0.14 0.195 0.045 -0.219 -0.539 -0.633 -0.548 -0.443 -0.303 -0.087 0.168 0.226 0.196 0.166 0.061 -0.002 -0.068 -0.229 -0.387 -0.286 -0.209 -0.205 -0.207 -0.247 -0.351 -0.48 -0.519 -0.441 -0.277 -0.226 -0.287 -0.44 -0.664 -0.761 -0.796 -9 -9 -9 -9 -9 -0.117 -0.091 -0.091 -0.135 -0.196 -0.268 -0.286 -0.281 -0.247 -0.189 -0.123 -0.087 -0.129 -0.2 -0.244 -0.297 -0.286 -0.207 -0.196 -0.138 -0.054 0.106 0.17 0.146 0.051 -0.14 -0.34 -0.451 -0.526 -0.578 -0.61 -0.617 -0.604 -0.566
-0.181 0.032 0.243 0.285 0.076 -0.169 -0.492 -0.65 -0.595 -0.529 -0.369 -0.155 0.109 0.279 0.213 0.246 0.144 0.101 0.023 -0.24 -0.289 -0.177 -0.154 -0.164 -0.242 -0.298 -0.394 -0.558 -0.601 -0.561 -0.443 -0.386 -0.439 -0.565 -0.733 -0.787 -0.81 -9 -9 -9 -9 -9 -9 -0.216 -0.202 -0.233 -0.263 -0.297 -0.314 -0.327 -0.324 -0.286 -0.251 -0.238 -0.278 -0.29 -0.28 -0.268 -0.197 -0.076 -0.019 0.085 0.177 0.34 0.274 0.166 0.033 -0.181 -0.345 -0.442 -0.512 -0.555 -0.573 -0.556 -0.496 -0.395
-0.046 0.126 0.263 0.269 0.181 -0.038 -0.396 -0.672 -0.611 -0.526 -0.379 -0.176 0.086 0.293 0.232 0.288 0.196 0.11 -0.091 -0.262 -0.22 -0.169 -0.21 -0.228 -0.297 -0.45 -0.518 -0.615 -0.676 -0.668 -0.62 -0.587 -0.606 -0.687 -0.765 -0.804 -9 -9 -9 -9 -9 -9 -9 -9 -0.155 -0.145 -0.133 -0.145 -0.189 -0.224 -0.242 -0.249 -0.259 -0.272 -0.267 -0.212 -0.166 -0.144 -0.083 0.022 0.138 0.258 0.372 0.464 0.361 0.193 -0.002 -0.198 -0.337 -0.434 -0.499 -0.525 -0.507 -0.426 -0.3 -0.155
0.013 0.196 0.319 0.312 0.169 -0.024 -0.343 -0.635 -0.619 -0.507 -0.381 -0.231 -0.052 0.133 0.234 0.222 0.119 -0.005 -0.172 -0.219 -0.206 -0.248 -0.305 -0.333 -0.407 -0.504 -0.535 -0.593 -0.651 -0.678 -0.64 -0.62 -0.639 -0.71 -0.781 -0.817 -9 -9 -9 -9 -9 -9 -9 -9 -9 0.063 0.091 0.072 -0.047 -0.023 -0.016 -0.038 -0.095 -0.165 -0.144 -0.115 -0.063 -0.072 -0.088 -0.034 0.143 0.235 0.386 0.499 0.379 0.205 -0.041 -0.216 -0.337 -0.428 -0.481 -0.486 -0.399 -0.262 -0.087 0.064
0.037 0.285 0.372 0.317 0.129 -0.086 -0.356 -0.602 -0.64 -0.527 -0.426 -0.348 -0.195 0.004 0.162 0.154 0.045 -0.079 -0.197 -0.219 -0.233 -0.285 -0.323 -0.362 -0.42 -0.442 -0.412 -0.45 -0.535 -0.574 -0.523 -0.53 -0.589 -0.691 -0.783 -0.824 -9 -9 -9 -9 -9 -9 -9 -9 -9 -9 0.254 0.2 0.104 0.174 0.228 0.167 0.056 -0.054 -0.102 -0.076 -0.078 -0.125 -0.181 -0.073 0.08 0.129 0.284 0.405 0.311 0.134 -0.075 -0.229 -0.341 -0.409 -0.431 -0.384 -0.251 -0.086 0.06 0.13
0.049 0.302 0.338 0.251 0.08 -0.168 -0.343 -0.473 -0.635 -0.622 -0.52 -0.447 -0.301 -0.082 0.13 0.152 0.048 -0.103 -0.256 -0.356 -0.377 -0.325 -0.274 -0.266 -0.297 -0.311 -0.278 -0.318 -0.398 -0.402 -0.368 -0.454 -0.573 -0.696 -0.794 -0.828 -9 -9 -9 -9 -9 -9 -9 -9 -9 -9 -9 0.268 0.316 0.318 0.416 0.3 0.165 0.11 -0.061 -0.103 -0.176 -0.233 -0.266 -0.126 -0.003 -0.01 0.225 0.326 0.235 0.044 -0.129 -0.251 -0.349 -0.37 -0.342 -0.265 -0.12 0.033 0.128 0.091
0.081 0.334 0.285 0.192 0.06 -0.126 -0.22 -0.302 -0.555 -0.657 -0.516 -0.423 -0.313 -0.131 0.064 0.059 -0.049 -0.184 -0.305 -0.422 -0.514 -0.48 -0.39 -0.308 -0.3 -0.318 -0.295 -0.343 -0.378 -0.337 -0.32 -0.441 -0.602 -0.735 -0.808 -9 -9 -9 -9 -9 -9 -9 -9 -9 -9 -9 -9 0.435 0.461 0.442 0.51 0.404 0.351 0.265 0.092 0.03 -0.095 -0.175 -0.267 -0.188 -0.07 -0.067 0.067 0.204 0.144 -0.016 -0.164 -0.277 -0.34 -0.31 -0.253 -0.186 -0.079 0.031 0.082 0.036
0.085 0.305 0.289 0.228 0.146 0.001 -0.081 -0.178 -0.469 -0.613 -0.52 -0.395 -0.252 -0.11 0.026 -0.029 -0.119 -0.185 -0.231 -0.367 -0.56 -0.668 -0.573 -0.439 -0.344 -0.369 -0.405 -0.41 -0.482 -0.457 -0.404 -0.511 -0.678 -0.778 -9 -9 -9 -9 -9 -9 -9 -9 -9 -9 -9 -9 -9 -9 0.54 0.468 0.572 0.466 0.547 0.366 0.252 0.239 0.055 -0.03 -0.227 -0.199 -0.112 -0.112 -0.09 0.104 0.094 -0.059 -0.199 -0.303 -0.351 -0.285 -0.219 -0.149 -0.073 -0.005 -0.01 -0.033
