data/climatemaps/RS_maps/climate_postbreed_tmp_2001.asc
NCOLS 369 
NROWS 228 
XLLCORNER 479000 
YLLCORNER 73000 
CELLSIZE 1000 
NODATA_value -9 
[rows 170 to 203 of 228, columns 0 to 75 of 369]
-9 -9 0.023 0.001 0.047 0.242 0.301 -0.016 -0.259 -0.345 -0.14 0.172 0.529 0.717 0.769 0.786 0.8 0.812 0.837 0.866 0.887 0.892 0.928 0.949 0.978 1.003 1.014 1.014 1.021 1.021 0.985 0.958 0.949 0.955 0.965 0.97 0.97 0.964 0.943 0.93 0.92 0.894 0.886 0.892 0.763 0.689 0.741 0.747 0.724 0.562 -9 -9 -9 -9 -9 -9 -9 -9 0.162 0.186 0.326 0.468 0.315 0.044 -0.186 -0.392 -0.392 -0.446 -0.534 -0.624 -0.887 -0.856 -0.669 -0.469 -0.4 -0.261
-9 0.039 -0.02 0.001 0.153 0.344 0.165 -0.118 -0.327 -0.208 0.106 0.399 0.672 0.75 0.791 0.819 0.831 0.845 0.861 0.887 0.892 0.901 0.929 0.956 0.992 1.012 1.013 1.013 1.014 1 0.96 0.955 0.953 0.954 0.954 0.932 0.858 0.752 0.72 0.855 0.874 0.853 0.845 0.856 0.737 0.706 0.726 0.705 0.6 -9 -9 -9 -9 -9 -9 -9 -9 -9 0.038 -0.158 0.038 0.295 0.439 0.239 -0.044 -0.206 -0.286 -0.444 -0.619 -0.538 -0.398 -0.612 -0.732 -0.72 -0.515 -0.306
0.043 0.01 -0.037 0.018 0.307 0.277 -0.019 -0.198 -0.289 -0.045 0.279 0.554 0.736 0.768 0.812 0.841 0.852 0.862 0.875 0.887 0.899 0.914 0.933 0.974 1 1 1.006 1.002 1.004 0.965 0.951 0.946 0.945 0.939 0.906 0.767 0.666 0.614 0.706 0.843 0.85 0.825 0.827 0.806 0.76 -9 -9 -9 -9 -9 -9 -9 -9 -9 -9 -9 -9 -9 0.216 -0.288 -0.265 0.086 0.363 -0.049 -0.252 -0.238 -0.343 -0.497 -0.543 -0.453 -0.204 -0.362 -0.571 -0.67 -0.597 -0.332
-0.001 -0.051 -0.048 0.11 0.353 0.047 -0.228 -0.29 -0.179 0.149 0.46 0.686 0.776 0.794 0.83 0.852 0.863 0.858 0.865 0.891 0.91 0.921 0.946 0.987 0.998 1 1 0.998 0.986 0.956 0.933 0.931 0.925 0.916 0.846 0.741 0.711 0.745 0.808 0.845 0.828 0.81 0.806 0.768 0.73 -9 -9 -9 -9 -9 -9 -9 -9 -9 -9 -9 -9 -9 0.143 -0.426 -0.408 0.175 0.292 -0.1 -0.379 -0.449 -0.312 -0.146 -0.101 -0.048 0.054 -0.035 -0.259 -0.519 -0.744 -0.595
-0.069 -0.088 -0.02 0.239 0.279 -0.187 -0.382 -0.228 0.023 0.369 0.643 0.775 0.813 0.831 0.85 0.863 0.865 0.847 0.869 0.9 0.918 0.931 0.951 0.989 0.991 0.998 0.998 0.981 0.949 0.942 0.93 0.918 0.91 0.889 0.814 0.734 0.758 0.801 0.816 0.824 0.807 0.799 0.769 0.735 0.665 -9 -9 -9 -9 -9 -9 -9 -9 -9 -9 -9 -9 -9 -9 -0.18 -0.129 0.124 0.115 0.215 -0.022 -0.281 0.013 0.167 0.075 -0.01 -0.007 0.056 0.028 -0.315 -0.569 -0.741
-0.107 -0.037 0.181 0.335 0.025 -0.372 -0.317 0.036 0.321 0.589 0.762 0.823 0.846 0.859 0.865 0.867 0.867 0.859 0.883 0.91 0.925 0.932 0.952 0.985 0.987 0.992 0.988 0.949 0.929 0.931 0.92 0.903 0.895 0.866 0.805 0.743 0.772 0.79 0.798 0.801 0.786 0.753 0.71 0.633 0.493 -9 -9 -9 -9 -9 -9 -9 -9 -9 -9 -9 -9 -9 -9 -9 -0.279 -0.208 -0.032 0.132 0.12 0.203 0.049 -0.079 -0.262 -0.334 -0.497 -0.254 0.007 0.005 -0.236 -0.622
0.034 0.088 0.361 0.044 -0.298 -0.341 -0.143 0.282 0.574 0.745 0.821 0.847 0.864 0.875 0.872 0.867 0.867 0.878 0.898 0.921 0.916 0.929 0.963 0.985 0.987 0.983 0.968 0.925 0.919 0.919 0.909 0.886 0.877 0.847 0.802 0.755 0.77 0.767 0.767 0.762 0.733 0.66 0.54 0.398 0.26 0.118 -9 -9 -9 -9 -9 -9 -9 -9 -9 -9 -9 -9 -9 -9 -0.317 -0.454 -0.323 -0.395 -0.179 0.133 -0.043 -0.401 -0.632 -0.715 -0.916 -0.525 -0.425 -0.203 -0.014 -0.437
0.046 0.414 0.274 -0.154 -0.374 -0.165 0.212 0.486 0.721 0.821 0.855 0.87 0.874 0.885 0.868 0.867 0.881 0.901 0.918 0.926 0.925 0.949 0.977 0.983 0.986 0.965 0.94 0.909 0.91 0.901 0.891 0.87 0.858 0.832 0.798 0.767 0.697 0.684 0.684 0.667 0.585 0.449 0.251 0.139 0.08 0.176 -9 -9 -9 -9 -9 -9 -9 -9 -9 -9 -9 -9 -9 -9 -9 -0.546 -0.388 -0.522 -0.317 -0.1 0.073 -0.083 -0.516 -1.095 -1.193 -0.885 -0.687 -0.326 -0.033 -0.485
0.171 0.518 0.397 -0.04 -0.224 0.118 0.409 0.643 0.791 0.854 0.877 0.886 0.886 0.881 0.873 0.891 0.907 0.912 0.919 0.927 0.933 0.961 0.98 0.98 0.98 0.943 0.919 0.907 0.903 0.887 0.877 0.859 0.838 0.822 0.801 0.749 0.539 0.49 0.484 0.454 0.359 0.201 0.013 0.061 0.081 0.259 -9 -9 -9 -9 -9 -9 -9 -9 -9 -9 -9 -9 -9 -9 -0.135 -0.118 -0.202 -0.667 -0.579 -0.08 -0.287 -0.133 -0.317 -0.815 -0.95 -0.59 -0.229 -0.093 -0.267 -0.486
0.453 0.539 0.316 -0.095 -0.012 0.333 0.565 0.74 0.842 0.883 0.896 0.9 0.89 0.886 0.896 0.917 0.907 0.916 0.926 0.904 0.894 0.953 0.98 0.977 0.971 0.915 0.891 0.905 0.905 0.877 0.865 0.849 0.823 0.811 0.788 0.665 0.355 0.176 0.203 0.265 0.311 0.055 -0.047 0.153 0.261 0.323 -9 -9 -9 -9 -9 -9 -9 -9 -9 -9 -9 -9 -9 -9 0.235 -0.024 -0.397 -0.773 -0.646 -0.396 -0.652 -0.357 -0.263 -0.568 -0.686 -0.322 -0.389 -0.509 -0.71 -0.433
0.605 0.398 0.043 -0.038 0.23 0.521 0.673 0.802 0.865 0.892 0.899 0.883 0.867 0.902 0.916 0.906 0.905 0.92 0.91 0.885 0.897 0.956 0.974 0.974 0.94 0.866 0.875 0.888 0.903 0.875 0.858 0.831 0.81 0.804 0.75 0.529 0.152 -0.113 0.025 0.294 0.35 0.107 0.077 0.285 0.375 0.263 -9 -9 -9 -9 -9 -9 -9 -9 -9 -9 -9 -9 -9 -9 0.359 -0.084 -0.506 -0.737 -0.97 -0.879 -0.883 -0.505 -0.544 -0.595 -0.454 -0.436 -0.847 -0.88 -0.686 -0.402
0.525 0.156 -0.107 0.185 0.493 0.666 0.777 0.847 0.878 0.911 0.885 0.844 0.877 0.927 0.918 0.907 0.908 0.928 0.91 0.899 0.932 0.96 0.974 0.962 0.868 0.865 0.899 0.904 0.902 0.869 0.845 0.821 0.819 0.784 0.665 0.353 0.051 -0.161 0.052 0.35 0.419 0.283 0.317 0.414 0.363 0.104 -9 -9 -9 -9 -9 -9 -9 -9 -9 -9 -9 -9 -9 -9 0.265 0.11 -0.204 -0.574 -0.916 -0.851 -0.869 -0.777 -0.652 -0.708 -0.507 -0.67 -1.028 -0.979 -0.494 -0.636
0.353 -0.01 0.079 0.43 0.633 0.754 0.828 0.861 0.882 0.922 0.881 0.872 0.92 0.93 0.923 0.918 0.931 0.939 0.917 0.921 0.935 0.964 0.972 0.928 0.882 0.901 0.907 0.907 0.895 0.867 0.846 0.836 0.79 0.708 0.526 0.268 0.025 -0.171 0.047 0.371 0.49 0.46 0.444 0.432 0.286 -9 -9 -9 -9 -9 -9 -9 -9 -9 -9 -9 -9 -9 -9 -0.135 0.017 0.233 -0.03 -0.534 -0.637 -0.4 -0.43 -0.403 -0.385 -0.625 -0.754 -0.832 -1.086 -0.784 -0.59 -0.842
0.12 0.015 0.324 0.597 0.714 0.79 0.852 0.86 0.877 0.928 0.913 0.918 0.953 0.956 0.952 0.947 0.952 0.935 0.932 0.939 0.961 0.955 0.941 0.913 0.907 0.907 0.905 0.9 0.891 0.873 0.825 0.805 0.763 0.578 0.411 0.229 -0.008 -0.089 0.123 0.405 0.516 0.448 0.323 0.294 0.112 -9 -9 -9 -9 -9 -9 -9 -9 -9 -9 -9 -9 -9 -9 -0.305 -0.23 0.22 0.13 -0.137 -0.122 -0.195 -0.253 -0.353 -0.43 -0.538 -0.75 -1.022 -1.045 -0.698 -0.896 -0.921
-0.027 0.199 0.526 0.705 0.78 0.818 0.863 0.844 0.865 0.927 0.943 0.958 0.976 0.972 0.958 0.94 0.942 0.941 0.926 0.941 0.965 0.937 0.92 0.907 0.911 0.909 0.907 0.902 0.884 0.856 0.827 0.799 0.756 0.621 0.464 0.237 -0.033 -0.071 0.233 0.44 0.524 0.356 0.218 0.207 -0.027 -9 -9 -9 -9 -9 -9 -9 -9 -9 -9 -9 -9 -9 -9 -0.489 -0.308 0.08 0.243 0.191 -0.088 -0.427 -0.56 -0.566 -0.651 -0.764 -0.715 -0.997 -1.079 -0.963 -1.098 -0.942
0.094 0.38 0.636 0.798 0.834 0.847 0.867 0.853 0.9 0.957 0.965 0.974 0.95 0.944 0.938 0.928 0.919 0.925 0.927 0.951 0.956 0.938 0.926 0.914 0.933 0.923 0.922 0.91 0.887 0.82 0.806 0.816 0.787 0.723 0.594 0.388 0.145 0.083 0.406 0.5 0.463 0.263 0.317 0.163 -0.026 -9 -9 -9 -9 -9 -9 -9 -9 -9 -9 -9 -9 -9 -9 -0.437 -0.302 -0.004 0.149 0.205 -0.021 -0.374 -0.314 -0.255 -0.408 -0.756 -0.882 -1.05 -1.172 -1.072 -0.898 -0.711
0.182 0.505 0.742 0.841 0.868 0.867 0.879 0.897 0.955 0.969 0.95 0.939 0.918 0.913 0.908 0.897 0.92 0.934 0.94 0.947 0.938 0.928 0.919 0.917 0.933 0.926 0.875 0.835 0.879 0.835 0.801 0.82 0.812 0.79 0.7 0.554 0.391 0.287 0.568 0.392 0.291 0.329 0.331 0.058 -9 -9 -9 -9 -9 -9 -9 -9 -9 -9 -9 -9 -9 -9 -9 -0.303 -0.173 -0.143 -0.011 0.022 0.138 -0.084 -0.302 -0.452 -0.516 -0.881 -0.975 -1.18 -1.137 -0.938 -0.842 -0.665
0.165 0.597 0.817 0.874 0.883 0.897 0.896 0.941 0.971 0.948 0.923 0.92 0.907 0.894 0.902 0.908 0.938 0.933 0.923 0.922 0.917 0.912 0.906 0.904 0.895 0.801 0.664 0.697 0.854 0.864 0.833 0.821 0.807 0.805 0.783 0.723 0.621 0.53 0.628 0.407 0.355 0.43 0.3 -9 -9 -9 -9 -9 -9 -9 -9 -9 -9 -9 -9 -9 -9 -9 -0.438 -0.557 -0.496 -0.259 -0.157 -0.256 0.049 -0.223 -0.709 -0.957 -0.946 -1.232 -1.253 -1.162 -0.993 -0.823 -0.718 -0.589
0.126 0.588 0.819 0.876 0.914 0.901 0.924 0.983 0.976 0.94 0.926 0.92 0.909 0.891 0.919 0.928 0.92 0.909 0.887 0.884 0.892 0.895 0.882 0.854 0.653 0.449 0.543 0.744 0.82 0.863 0.848 0.833 0.822 0.806 0.785 0.753 0.731 0.701 0.66 0.453 0.511 0.518 0.275 -9 -9 -9 -9 -9 -9 -9 -9 -9 -9 -9 -9 -9 -9 -9 -0.355 -0.594 -0.421 -0.117 -0.263 -0.381 -0.118 -0.036 -0.343 -0.803 -1.04 -1.097 -1.219 -0.974 -0.659 -0.518 -0.364 -0.224
0.025 0.507 0.816 0.873 0.919 0.947 0.972 0.999 0.985 0.962 0.94 0.918 0.907 0.898 0.918 0.908 0.889 0.881 0.868 0.857 0.867 0.849 0.787 0.621 0.227 0.262 0.605 0.735 0.767 0.856 0.868 0.855 0.85 0.84 0.812 0.77 0.713 0.657 0.657 0.6 0.606 0.576 -9 -9 -9 -9 -9 -9 -9 -9 -9 -9 -9 -9 -9 -9 -9 -9 -0.406 -0.323 -0.115 -0.097 -0.303 -0.401 -0.346 -0.527 -0.132 -0.231 -0.41 -0.59 -0.977 -0.846 -0.691 -0.586 -0.486 -0.276
0.038 0.453 0.861 0.944 0.998 0.995 0.991 0.975 0.946 0.942 0.929 0.907 0.892 0.892 0.893 0.884 0.86 0.847 0.841 0.828 0.814 0.759 0.559 0.149 0.067 0.384 0.671 0.662 0.728 0.806 0.845 0.844 0.845 0.856 0.849 0.807 0.688 0.595 0.615 0.673 0.663 -9 -9 -9 -9 -9 -9 -9 -9 -9 -9 -9 -9 -9 -9 -9 -9 -9 -0.229 -0.054 -0.081 -0.249 -0.369 -0.525 -0.487 -0.818 -0.514 -0.194 -0.277 -0.401 -0.734 -0.927 -0.741 -0.597 -0.654 -0.987
0.435 0.573 0.929 1.007 1.004 1 0.981 0.938 0.909 0.918 0.894 0.869 0.869 0.846 0.844 0.85 0.83 0.82 0.81 0.777 0.74 0.663 0.339 0.008 0.222 0.56 0.633 0.577 0.673 0.756 0.814 0.832 0.839 0.857 0.87 0.849 0.721 0.579 0.557 0.635 -9 -9 -9 -9 -9 -9 -9 -9 -9 -9 -9 -9 -9 -9 -9 -9 -9 -9 -9 -0.107 -0.224 -0.436 -0.436 -0.6 -0.58 -0.838 -0.762 -0.487 -0.588 -0.505 -0.901 -1.303 -1.308 -1.267 -1.505 -1.492
0.738 0.833 0.929 0.945 0.933 0.916 0.923 0.905 0.898 0.885 0.874 0.865 0.855 0.815 0.819 0.815 0.801 0.785 0.751 0.684 0.632 0.492 0.145 0.112 0.38 0.609 0.536 0.537 0.643 0.731 0.78 0.808 0.833 0.844 0.868 0.875 0.796 0.606 -9 -9 -9 -9 -9 -9 -9 -9 -9 -9 -9 -9 -9 -9 -9 -9 -9 -9 -9 -9 -9 -0.324 -0.323 -0.45 -0.544 -0.509 -0.638 -0.799 -0.532 -0.608 -0.622 -0.877 -1.11 -1.295 -1.649 -1.567 -1.734 -1.599
0.855 0.761 0.738 0.881 0.898 0.887 0.892 0.885 0.878 0.87 0.852 0.837 0.806 0.812 0.798 0.781 0.777 0.747 0.668 0.555 0.456 0.217 -0.027 0.177 0.408 0.57 0.463 0.52 0.609 0.663 0.735 0.779 0.811 0.827 0.852 0.873 0.849 -9 -9 -9 -9 -9 -9 -9 -9 -9 -9 -9 -9 -9 -9 -9 -9 -9 -9 -9 -9 -9 -9 -0.281 -0.396 -0.477 -0.436 -0.192 -0.458 -0.627 -0.238 -0.216 -0.452 -0.7 -0.997 -1.382 -1.591 -1.322 -1.305 -1.235
0.862 0.856 0.572 0.777 0.854 0.845 0.842 0.835 0.828 0.815 0.787 0.782 0.76 0.771 0.758 0.737 0.719 0.685 0.614 0.465 0.237 -0.053 0.002 0.296 0.459 0.468 0.428 0.537 0.503 0.54 0.678 0.749 0.788 0.817 0.836 -9 -9 -9 -9 -9 -9 -9 -9 -9 -9 -9 -9 -9 -9 -9 -9 -9 -9 -9 -9 -9 -9 -9 -9 0.147 -0.062 -0.227 -0.15 -0.024 -0.201 -0.32 -0.089 0.082 -0.364 -0.616 -0.967 -1.383 -1.672 -1.477 -0.928 -0.533
0.907 0.935 0.573 0.647 0.758 0.77 0.755 0.76 0.736 0.717 0.704 0.716 0.701 0.698 0.674 0.652 0.675 0.652 0.551 0.319 -0.038 -0.032 0.217 0.393 0.43 0.333 0.408 0.507 0.413 0.456 0.599 0.724 0.777 0.813 -9 -9 -9 -9 -9 -9 -9 -9 -9 -9 -9 -9 -9 -9 -9 -9 -9 -9 -9 -9 -9 -9 -9 -9 -9 -9 0.461 0.307 0.248 0.227 0.169 0.027 0.029 0.246 -0.395 -0.836 -1.257 -1.409 -1.446 -1.336 -0.622 -0.109
0.913 0.882 0.645 0.499 0.621 0.714 0.719 0.709 0.661 0.641 0.643 0.639 0.606 0.582 0.541 0.535 0.626 0.584 0.346 0.012 -0.029 0.16 0.385 0.455 0.394 0.33 0.425 0.432 0.354 0.392 0.512 0.67 0.738 -9 -9 -9 -9 -9 -9 -9 -9 -9 -9 -9 -9 -9 -9 -9 -9 -9 -9 -9 -9 -9 -9 -9 -9 -9 -9 -9 0.583 0.576 0.546 0.504 0.438 0.346 0.293 0.103 -0.676 -1.055 -1.361 -1.14 -0.999 -1.01 -0.266 -0.179
0.878 0.827 0.701 0.505 0.479 0.669 0.767 0.756 0.707 0.68 0.655 0.616 0.587 0.577 0.52 0.491 0.511 0.46 0.146 -0.02 0.193 0.384 0.491 0.461 0.35 0.328 0.372 0.367 0.312 0.316 0.423 0.596 -9 -9 -9 -9 -9 -9 -9 -9 -9 -9 -9 -9 -9 -9 -9 -9 -9 -9 -9 -9 -9 -9 -9 -9 -9 -9 -9 -9 -9 0.483 0.556 0.589 0.567 0.558 0.525 0.122 -0.364 -0.755 -1.08 -0.638 -0.569 -0.454 0.12 -0.166
0.843 0.838 0.756 0.634 0.428 0.576 0.775 0.81 0.772 0.74 0.653 0.691 0.696 0.71 0.622 0.553 0.446 0.25 0.075 0.145 0.36 0.476 0.511 0.391 0.312 0.303 0.332 0.304 0.297 0.318 0.367 -9 -9 -9 -9 -9 -9 -9 -9 -9 -9 -9 -9 -9 -9 -9 -9 -9 -9 -9 -9 -9 -9 -9 -9 -9 -9 -9 -9 -9 -9 -9 0.363 0.38 0.429 0.453 0.552 0.417 -0.112 -0.584 -0.437 -0.081 0.107 0.088 0.189 -0.052
0.857 0.888 0.82 0.729 0.542 0.446 0.744 0.841 0.826 0.747 0.704 0.782 0.798 0.78 0.696 0.641 0.463 0.214 0.181 0.315 0.468 0.54 0.513 0.389 0.318 0.315 0.325 0.341 0.362 -9 -9 -9 -9 -9 -9 -9 -9 -9 -9 -9 -9 -9 -9 -9 -9 -9 -9 -9 -9 -9 -9 -9 -9 -9 -9 -9 -9 -9 -9 -9 -9 -9 0.074 -0.059 -0.019 0.081 0.409 0.501 0.063 -0.164 0.214 0.271 0.042 -0.322 -0.201 -0.445
0.929 0.964 0.877 0.787 0.683 0.557 0.718 0.859 0.856 0.76 0.778 0.855 0.861 0.803 0.774 0.717 0.56 0.385 0.339 0.444 0.542 0.582 0.511 0.439 0.362 0.357 0.387 0.404 -9 -9 -9 -9 -9 -9 -9 -9 -9 -9 -9 -9 -9 -9 -9 -9 -9 -9 -9 -9 -9 -9 -9 -9 -9 -9 -9 -9 -9 -9 -9 -9 -9 -9 -9 -0.457 -0.324 -0.051 0.03 0.343 0.382 0.377 0.239 -0.143 -0.464 -0.826 -1.062 -1.178
0.985 0.986 0.864 0.829 0.784 0.733 0.782 0.885 0.85 0.787 0.798 0.91 0.913 0.874 0.843 0.769 0.641 0.514 0.46 0.48 0.571 0.586 0.517 0.448 0.405 0.405 -9 -9 -9 -9 -9 -9 -9 -9 -9 -9 -9 -9 -9 -9 -9 -9 -9 -9 -9 -9 -9 -9 -9 -9 -9 -9 -9 -9 -9 -9 -9 -9 -9 -9 -9 -9 -9 -9 -0.357 -0.266 -0.532 -0.287 0.338 0.351 -0.039 -0.517 -0.961 -1.407 -1.819 -1.835
-9 1.018 0.928 0.859 0.864 0.861 0.895 0.88 0.824 0.853 0.886 0.93 0.864 0.832 0.867 -9 0.695 0.545 0.485 0.483 0.574 0.615 -9 -9 -9 -9 -9 -9 -9 -9 -9 -9 -9 -9 -9 -9 -9 -9 -9 -9 -9 -9 -9 -9 -9 -9 -9 -9 -9 -9 -9 -9 -9 -9 -9 -9 -9 -9 -9 -9 -9 -9 -9 -9 -9 -0.688 -0.601 -0.272 0.153 0.292 -0.277 -0.904 -1.373 -1.391 -1.67 -1.952
-9 -9 -9 -9 -9 0.989 0.838 0.838 0.897 0.948 -9 -9 -9 -9 -9 -9 -9 -9 -9 -9 -9 -9 -9 -9 -9 -9 -9 -9 -9 -9 -9 -9 -9 -9 -9 -9 -9 -9 -9 -9 -9 -9 -9 -9 -9 -9 -9 -9 -9 -9 -9 -9 -9 -9 -9 -9 -9 -9 -9 -9 -9 -9 -9 -9 -9 -9 -0.646 -0.653 -0.257 0.153 -0.264 -0.716 -0.675 -0.746 -1.603 -2.101
