data/climatemaps/RS_maps/climate_breeding_pr_2008.asc
NCOLS 369 
NROWS 228 
XLLCORNER 479000 
YLLCORNER 73000 
CELLSIZE 1000 
NODATA_value -9 
[rows 0 to 33 of 228, columns 152 to 227 of 369]
-9 -9 -9 -9 -9 -9 -9 -9 -9 -9 -9 -9 -9 -9 -9 -9 -9 -9 -9 -9 -9 -9 -9 -9 -9 -9 -9 -9 -9 -9 -9 -9 -9 -9 -9 -9 -9 -9 -1.269 -1.281 -1.297 -1.314 -1.327 -1.342 -1.346 -1.342 -1.333 -1.313 -1.295 -1.244 -1.204 -1.176 -1.158 -1.142 -1.132 -1.126 -1.126 -1.131 -1.145 -1.162 -1.179 -1.195 -1.203 -1.203 -1.2 -1.201 -1.219 -1.257 -1.307 -1.345 -1.367 -1.365 -1.346 -1.318 -9 -9
-9 -9 -9 -9 -9 -9 -9 -9 -9 -9 -9 -9 -9 -9 -9 -9 -9 -9 -9 -9 -9 -9 -9 -9 -9 -9 -9 -9 -9 -9 -9 -9 -9 -9 -9 -9 -9 -1.261 -1.261 -1.267 -1.279 -1.281 -1.284 -1.297 -1.31 -1.318 -1.325 -1.327 -1.31 -1.259 -1.219 -1.188 -1.163 -1.141 -1.126 -1.117 -1.121 -1.128 -1.143 -1.164 -1.185 -1.205 -1.219 -1.224 -1.222 -1.222 -1.235 -1.266 -1.313 -1.35 -1.376 -1.384 -1.375 -1.358 -1.339 -1.319
-9 -9 -9 -9 -9 -9 -9 -9 -9 -9 -9 -9 -9 -9 -9 -9 -9 -9 -9 -9 -9 -9 -9 -9 -9 -9 -9 -9 -9 -9 -9 -9 -9 -9 -9 -9 -9 -1.228 -1.23 -1.228 -1.23 -1.23 -1.236 -1.244 -1.254 -1.269 -1.289 -1.307 -1.309 -1.27 -1.226 -1.195 -1.163 -1.133 -1.114 -1.105 -1.112 -1.123 -1.143 -1.17 -1.197 -1.222 -1.242 -1.25 -1.251 -1.249 -1.255 -1.281 -1.317 -1.349 -1.375 -1.389 -1.39 -1.383 -1.371 -1.358
-9 -9 -9 -9 -9 -9 -9 -9 -9 -9 -9 -9 -9 -9 -9 -9 -9 -9 -9 -9 -9 -9 -9 -9 -9 -9 -9 -9 -9 -9 -9 -9 -9 -9 -9 -9 -1.187 -1.183 -1.179 -1.174 -1.174 -1.177 -1.184 -1.194 -1.21 -1.232 -1.252 -1.271 -1.288 -1.269 -1.231 -1.204 -1.163 -1.123 -1.1 -1.091 -1.099 -1.117 -1.146 -1.179 -1.212 -1.244 -1.27 -1.281 -1.283 -1.282 -1.282 -1.294 -1.314 -1.337 -1.36 -1.377 -1.388 -1.391 -1.389 -1.383
-9 -9 -9 -9 -9 -9 -9 -9 -9 -9 -9 -9 -9 -9 -9 -9 -9 -9 -9 -9 -9 -9 -9 -9 -9 -9 -9 -9 -9 -9 -9 -9 -9 -9 -9 -1.137 -1.153 -1.149 -1.14 -1.134 -1.131 -1.136 -1.145 -1.16 -1.182 -1.212 -1.231 -1.251 -1.266 -1.267 -1.241 -1.209 -1.156 -1.112 -1.083 -1.075 -1.085 -1.111 -1.146 -1.186 -1.227 -1.266 -1.299 -1.313 -1.317 -1.314 -1.304 -1.295 -1.295 -1.303 -1.323 -1.346 -1.367 -1.383 -1.392 -1.394
-9 -9 -9 -9 -9 -9 -9 -9 -9 -9 -9 -9 -9 -9 -9 -9 -9 -9 -9 -9 -9 -9 -9 -9 -9 -9 -9 -9 -9 -9 -9 -9 -9 -9 -9 -1.106 -1.128 -1.128 -1.119 -1.113 -1.111 -1.117 -1.127 -1.146 -1.168 -1.199 -1.228 -1.247 -1.26 -1.258 -1.24 -1.194 -1.134 -1.094 -1.066 -1.057 -1.071 -1.101 -1.142 -1.186 -1.234 -1.279 -1.321 -1.344 -1.352 -1.341 -1.31 -1.28 -1.267 -1.264 -1.274 -1.295 -1.328 -1.359 -1.381 -1.391
-9 -9 -9 -9 -9 -9 -9 -9 -9 -9 -9 -9 -9 -9 -9 -9 -9 -9 -9 -9 -9 -9 -9 -9 -9 -9 -9 -9 -9 -9 -9 -9 -9 -9 -1.037 -1.082 -1.107 -1.116 -1.109 -1.111 -1.109 -1.113 -1.125 -1.148 -1.169 -1.199 -1.224 -1.252 -1.257 -1.248 -1.223 -1.174 -1.111 -1.072 -1.048 -1.041 -1.058 -1.087 -1.13 -1.176 -1.227 -1.282 -1.332 -1.365 -1.375 -1.354 -1.308 -1.267 -1.239 -1.23 -1.232 -1.25 -1.284 -1.329 -1.361 -1.38
-9 -9 -9 -9 -9 -9 -9 -9 -9 -9 -9 -9 -9 -9 -9 -9 -9 -9 -9 -9 -9 -9 -9 -9 -9 -9 -9 -9 -9 -9 -9 -9 -9 -0.956 -1.011 -1.062 -1.088 -1.103 -1.104 -1.109 -1.118 -1.115 -1.13 -1.157 -1.183 -1.214 -1.23 -1.252 -1.258 -1.236 -1.199 -1.151 -1.087 -1.042 -1.022 -1.021 -1.041 -1.075 -1.116 -1.162 -1.211 -1.267 -1.323 -1.363 -1.378 -1.356 -1.31 -1.26 -1.221 -1.205 -1.203 -1.218 -1.255 -1.303 -1.341 -1.365
-9 -9 -9 -9 -9 -9 -9 -9 -9 -9 -9 -9 -9 -9 -9 -9 -9 -9 -9 -9 -9 -9 -9 -9 -9 -9 -9 -9 -9 -9 -9 -9 -0.894 -0.945 -0.995 -1.047 -1.076 -1.087 -1.089 -1.096 -1.112 -1.122 -1.142 -1.169 -1.197 -1.229 -1.245 -1.259 -1.248 -1.21 -1.18 -1.134 -1.074 -1.017 -0.996 -0.998 -1.023 -1.061 -1.095 -1.134 -1.179 -1.235 -1.292 -1.34 -1.366 -1.354 -1.311 -1.261 -1.221 -1.2 -1.195 -1.205 -1.24 -1.286 -1.324 -1.35
-9 -9 -9 -9 -9 -9 -9 -9 -9 -9 -9 -9 -9 -9 -9 -9 -9 -9 -9 -9 -9 -9 -9 -9 -9 -9 -9 -9 -9 -9 -9 -9 -0.889 -0.932 -0.98 -1.03 -1.066 -1.075 -1.077 -1.082 -1.082 -1.091 -1.114 -1.143 -1.174 -1.213 -1.251 -1.256 -1.232 -1.203 -1.165 -1.118 -1.052 -0.995 -0.978 -0.987 -1.014 -1.045 -1.076 -1.108 -1.14 -1.192 -1.254 -1.306 -1.342 -1.344 -1.313 -1.268 -1.233 -1.213 -1.203 -1.206 -1.235 -1.278 -1.313 -1.338
-9 -9 -9 -9 -9 -9 -9 -9 -9 -9 -9 -9 -9 -9 -9 -9 -9 -9 -9 -9 -9 -9 -9 -9 -9 -9 -9 -9 -9 -9 -9 -0.861 -0.885 -0.923 -0.963 -1.009 -1.054 -1.073 -1.07 -1.066 -1.067 -1.076 -1.099 -1.131 -1.166 -1.209 -1.243 -1.239 -1.226 -1.189 -1.139 -1.082 -1.016 -0.971 -0.959 -0.969 -1.005 -1.034 -1.063 -1.091 -1.117 -1.158 -1.22 -1.277 -1.316 -1.325 -1.31 -1.277 -1.245 -1.224 -1.216 -1.218 -1.241 -1.277 -1.307 -1.329
-9 -9 -9 -9 -9 -9 -9 -9 -9 -9 -9 -9 -9 -9 -9 -9 -9 -9 -9 -9 -9 -9 -9 -9 -9 -9 -9 -9 -9 -9 -0.855 -0.869 -0.894 -0.925 -0.958 -0.998 -1.042 -1.061 -1.061 -1.056 -1.057 -1.066 -1.086 -1.129 -1.167 -1.21 -1.228 -1.229 -1.204 -1.159 -1.098 -1.035 -0.985 -0.949 -0.94 -0.951 -0.985 -1.025 -1.056 -1.084 -1.11 -1.147 -1.201 -1.258 -1.296 -1.306 -1.299 -1.274 -1.244 -1.227 -1.227 -1.233 -1.252 -1.279 -1.302 -1.317
-9 -9 -9 -9 -9 -9 -9 -9 -9 -9 -9 -9 -9 -9 -9 -9 -9 -9 -9 -9 -9 -9 -9 -9 -9 -9 -9 -9 -9 -9 -0.88 -0.885 -0.901 -0.928 -0.958 -0.989 -1.028 -1.049 -1.048 -1.052 -1.057 -1.065 -1.085 -1.125 -1.177 -1.2 -1.215 -1.21 -1.178 -1.133 -1.069 -1.005 -0.958 -0.933 -0.924 -0.937 -0.969 -1.019 -1.055 -1.088 -1.117 -1.154 -1.2 -1.245 -1.28 -1.292 -1.287 -1.267 -1.242 -1.23 -1.234 -1.242 -1.255 -1.278 -1.294 -1.301
-9 -9 -9 -9 -9 -9 -9 -9 -9 -9 -9 -9 -9 -9 -9 -9 -9 -9 -9 -9 -9 -9 -9 -9 -9 -9 -9 -9 -9 -9 -0.909 -0.908 -0.917 -0.937 -0.967 -0.99 -1.022 -1.042 -1.042 -1.056 -1.064 -1.069 -1.092 -1.129 -1.172 -1.179 -1.19 -1.188 -1.16 -1.112 -1.048 -0.988 -0.951 -0.929 -0.923 -0.936 -0.967 -1.018 -1.063 -1.101 -1.138 -1.174 -1.207 -1.24 -1.266 -1.276 -1.272 -1.255 -1.237 -1.227 -1.231 -1.242 -1.256 -1.273 -1.28 -1.277
-9 -9 -9 -9 -9 -9 -9 -9 -9 -9 -9 -9 -9 -9 -9 -9 -9 -9 -9 -9 -9 -9 -9 -9 -0.816 -0.841 -0.891 -0.915 -0.933 -0.949 -0.942 -0.94 -0.944 -0.959 -0.984 -1.003 -1.03 -1.052 -1.049 -1.071 -1.07 -1.083 -1.114 -1.143 -1.17 -1.17 -1.17 -1.174 -1.152 -1.11 -1.055 -0.996 -0.958 -0.939 -0.931 -0.945 -0.976 -1.026 -1.079 -1.125 -1.166 -1.197 -1.219 -1.245 -1.264 -1.264 -1.253 -1.238 -1.222 -1.212 -1.217 -1.233 -1.251 -1.262 -1.259 -1.245
-9 -9 -9 -9 -9 -9 -9 -9 -9 -9 -9 -9 -9 -9 -9 -9 -9 -9 -9 -9 -0.763 -0.797 -0.808 -0.819 -0.826 -0.848 -0.889 -0.944 -0.952 -0.972 -0.974 -0.974 -0.976 -0.986 -1.005 -1.021 -1.047 -1.064 -1.061 -1.088 -1.081 -1.103 -1.14 -1.159 -1.164 -1.167 -1.175 -1.175 -1.156 -1.126 -1.073 -1.015 -0.98 -0.965 -0.954 -0.968 -0.998 -1.046 -1.101 -1.151 -1.189 -1.212 -1.232 -1.254 -1.268 -1.259 -1.241 -1.219 -1.202 -1.193 -1.2 -1.221 -1.239 -1.243 -1.229 -1.203
-9 -9 -9 -9 -9 -9 -9 -9 -9 -9 -9 -9 -9 -9 -9 -9 -9 -9 -9 -0.72 -0.789 -0.806 -0.823 -0.833 -0.84 -0.863 -0.9 -0.966 -0.978 -0.994 -1.004 -1.007 -1.005 -1.013 -1.024 -1.037 -1.07 -1.074 -1.072 -1.104 -1.105 -1.131 -1.157 -1.16 -1.162 -1.175 -1.193 -1.189 -1.171 -1.144 -1.099 -1.049 -1.015 -0.999 -0.995 -1.008 -1.036 -1.082 -1.132 -1.173 -1.2 -1.218 -1.236 -1.254 -1.266 -1.26 -1.239 -1.215 -1.192 -1.178 -1.182 -1.208 -1.227 -1.218 -1.191 -1.153
-9 -9 -9 -9 -9 -9 -9 -9 -9 -9 -9 -9 -9 -9 -9 -9 -9 -0.635 -0.693 -0.754 -0.814 -0.828 -0.841 -0.848 -0.861 -0.881 -0.918 -0.972 -1.009 -1.02 -1.028 -1.036 -1.034 -1.035 -1.04 -1.064 -1.089 -1.083 -1.086 -1.11 -1.135 -1.155 -1.159 -1.16 -1.176 -1.198 -1.21 -1.205 -1.187 -1.158 -1.12 -1.081 -1.056 -1.046 -1.049 -1.062 -1.085 -1.125 -1.164 -1.189 -1.203 -1.212 -1.224 -1.239 -1.254 -1.258 -1.248 -1.227 -1.202 -1.187 -1.183 -1.198 -1.214 -1.203 -1.169 -1.128
-0.307 -0.273 -0.246 -0.219 -0.197 -0.19 -9 -9 -9 -9 -9 -9 -9 -9 -9 -9 -0.608 -0.671 -0.735 -0.791 -0.846 -0.855 -0.86 -0.863 -0.875 -0.893 -0.927 -0.964 -1.016 -1.049 -1.062 -1.063 -1.053 -1.048 -1.064 -1.093 -1.094 -1.096 -1.106 -1.125 -1.154 -1.158 -1.158 -1.165 -1.195 -1.216 -1.223 -1.216 -1.194 -1.16 -1.12 -1.085 -1.071 -1.071 -1.081 -1.102 -1.128 -1.166 -1.188 -1.193 -1.194 -1.192 -1.195 -1.208 -1.227 -1.24 -1.244 -1.235 -1.219 -1.202 -1.191 -1.194 -1.199 -1.188 -1.152 -1.108
-0.363 -0.322 -0.284 -0.256 -0.221 -0.211 -0.228 -0.253 -0.284 -0.312 -9 -9 -9 -9 -0.51 -0.572 -0.638 -0.71 -0.772 -0.829 -0.873 -0.88 -0.881 -0.88 -0.884 -0.901 -0.931 -0.97 -1.013 -1.066 -1.09 -1.075 -1.063 -1.066 -1.093 -1.112 -1.107 -1.116 -1.13 -1.156 -1.162 -1.155 -1.159 -1.181 -1.213 -1.228 -1.228 -1.21 -1.178 -1.131 -1.086 -1.05 -1.042 -1.053 -1.08 -1.121 -1.163 -1.195 -1.2 -1.185 -1.166 -1.149 -1.148 -1.161 -1.18 -1.199 -1.217 -1.22 -1.212 -1.197 -1.185 -1.182 -1.178 -1.164 -1.13 -1.094
-0.429 -0.393 -0.35 -0.315 -0.271 -0.258 -0.26 -0.262 -0.273 -0.303 -0.345 -9 -9 -0.479 -0.528 -0.592 -0.664 -0.741 -0.806 -0.867 -0.895 -0.904 -0.901 -0.897 -0.902 -0.919 -0.946 -0.984 -1.017 -1.075 -1.105 -1.087 -1.083 -1.089 -1.118 -1.139 -1.133 -1.144 -1.159 -1.179 -1.167 -1.157 -1.173 -1.201 -1.225 -1.236 -1.23 -1.195 -1.144 -1.087 -1.041 -1.013 -1.006 -1.026 -1.069 -1.127 -1.178 -1.208 -1.209 -1.185 -1.148 -1.111 -1.096 -1.108 -1.126 -1.149 -1.177 -1.191 -1.192 -1.179 -1.168 -1.158 -1.147 -1.133 -1.11 -1.078
-0.485 -0.46 -0.426 -0.391 -0.342 -0.323 -0.291 -0.269 -0.268 -0.3 -0.348 -0.399 -0.452 -0.499 -0.553 -0.618 -0.688 -0.767 -0.84 -0.894 -0.915 -0.928 -0.922 -0.912 -0.917 -0.931 -0.961 -1.008 -1.04 -1.096 -1.117 -1.11 -1.116 -1.122 -1.147 -1.172 -1.172 -1.184 -1.198 -1.193 -1.17 -1.161 -1.185 -1.212 -1.231 -1.239 -1.226 -1.185 -1.117 -1.053 -1.005 -0.976 -0.976 -1.002 -1.056 -1.119 -1.178 -1.213 -1.217 -1.189 -1.138 -1.089 -1.061 -1.065 -1.08 -1.103 -1.132 -1.152 -1.165 -1.166 -1.15 -1.124 -1.103 -1.087 -1.072 -1.058
-0.523 -0.512 -0.498 -0.473 -0.428 -0.394 -0.336 -0.291 -0.279 -0.304 -0.353 -0.414 -0.47 -0.524 -0.582 -0.646 -0.717 -0.796 -0.87 -0.913 -0.94 -0.95 -0.943 -0.929 -0.938 -0.96 -0.982 -1.021 -1.074 -1.13 -1.145 -1.147 -1.165 -1.166 -1.192 -1.212 -1.214 -1.228 -1.229 -1.2 -1.173 -1.18 -1.197 -1.215 -1.229 -1.229 -1.2 -1.158 -1.089 -1.027 -0.983 -0.958 -0.962 -0.995 -1.047 -1.11 -1.173 -1.211 -1.219 -1.195 -1.145 -1.088 -1.049 -1.04 -1.048 -1.065 -1.089 -1.111 -1.132 -1.14 -1.119 -1.081 -1.048 -1.024 -1.007 -1.001
-0.552 -0.552 -0.556 -0.549 -0.518 -0.461 -0.392 -0.334 -0.307 -0.322 -0.371 -0.434 -0.494 -0.553 -0.613 -0.676 -0.746 -0.826 -0.892 -0.935 -0.965 -0.972 -0.961 -0.963 -0.971 -0.991 -1.031 -1.054 -1.101 -1.169 -1.186 -1.207 -1.224 -1.235 -1.251 -1.257 -1.259 -1.267 -1.248 -1.204 -1.188 -1.195 -1.198 -1.207 -1.214 -1.202 -1.154 -1.108 -1.057 -1.012 -0.977 -0.956 -0.963 -0.994 -1.042 -1.105 -1.169 -1.207 -1.217 -1.198 -1.157 -1.105 -1.06 -1.036 -1.032 -1.04 -1.056 -1.077 -1.1 -1.111 -1.092 -1.05 -1.008 -0.968 -0.938 -0.929
-0.579 -0.585 -0.601 -0.613 -0.597 -0.521 -0.441 -0.381 -0.348 -0.357 -0.398 -0.46 -0.52 -0.582 -0.641 -0.705 -0.774 -0.849 -0.917 -0.963 -0.982 -0.992 -1.005 -1.006 -1.032 -1.039 -1.084 -1.107 -1.149 -1.214 -1.251 -1.277 -1.294 -1.303 -1.307 -1.3 -1.299 -1.289 -1.257 -1.217 -1.192 -1.191 -1.184 -1.184 -1.183 -1.154 -1.121 -1.076 -1.033 -0.997 -0.972 -0.966 -0.973 -0.996 -1.046 -1.105 -1.165 -1.203 -1.215 -1.199 -1.167 -1.125 -1.087 -1.058 -1.043 -1.041 -1.046 -1.058 -1.075 -1.088 -1.077 -1.041 -0.993 -0.943 -0.9 -0.88
-0.612 -0.622 -0.642 -0.669 -0.663 -0.588 -0.498 -0.433 -0.395 -0.397 -0.439 -0.498 -0.553 -0.613 -0.671 -0.732 -0.8 -0.878 -0.942 -0.984 -1.012 -1.04 -1.063 -1.069 -1.1 -1.115 -1.155 -1.194 -1.221 -1.264 -1.306 -1.329 -1.335 -1.343 -1.341 -1.334 -1.322 -1.296 -1.264 -1.228 -1.198 -1.175 -1.158 -1.145 -1.133 -1.109 -1.086 -1.059 -1.032 -1.007 -0.991 -0.986 -0.991 -1.013 -1.06 -1.113 -1.165 -1.2 -1.213 -1.201 -1.174 -1.141 -1.111 -1.086 -1.071 -1.063 -1.057 -1.056 -1.062 -1.072 -1.066 -1.04 -1.001 -0.954 -0.902 -0.868
-0.657 -0.668 -0.687 -0.723 -0.727 -0.664 -0.569 -0.493 -0.449 -0.445 -0.48 -0.54 -0.599 -0.65 -0.701 -0.756 -0.815 -0.893 -0.955 -1.012 -1.064 -1.106 -1.13 -1.15 -1.18 -1.218 -1.254 -1.282 -1.293 -1.328 -1.351 -1.363 -1.368 -1.361 -1.35 -1.341 -1.327 -1.3 -1.265 -1.224 -1.183 -1.149 -1.115 -1.09 -1.084 -1.084 -1.071 -1.057 -1.045 -1.035 -1.03 -1.029 -1.03 -1.041 -1.077 -1.124 -1.168 -1.197 -1.209 -1.199 -1.178 -1.153 -1.13 -1.11 -1.099 -1.09 -1.078 -1.066 -1.059 -1.061 -1.056 -1.038 -1.015 -0.982 -0.939 -0.901
-0.72 -0.734 -0.75 -0.782 -0.8 -0.749 -0.654 -0.568 -0.514 -0.502 -0.529 -0.582 -0.641 -0.699 -0.749 -0.792 -0.85 -0.921 -0.994 -1.058 -1.117 -1.161 -1.192 -1.224 -1.257 -1.285 -1.306 -1.336 -1.356 -1.373 -1.378 -1.385 -1.386 -1.376 -1.346 -1.322 -1.315 -1.283 -1.242 -1.191 -1.143 -1.106 -1.073 -1.064 -1.054 -1.062 -1.062 -1.065 -1.072 -1.078 -1.081 -1.078 -1.072 -1.07 -1.094 -1.133 -1.169 -1.192 -1.2 -1.192 -1.177 -1.159 -1.142 -1.128 -1.12 -1.111 -1.096 -1.082 -1.071 -1.064 -1.054 -1.038 -1.023 -1.004 -0.977 -0.944
-0.801 -0.824 -0.841 -0.861 -0.882 -0.841 -0.75 -0.656 -0.594 -0.57 -0.59 -0.635 -0.687 -0.745 -0.799 -0.843 -0.899 -0.974 -1.043 -1.11 -1.169 -1.217 -1.255 -1.281 -1.3 -1.317 -1.329 -1.36 -1.382 -1.388 -1.381 -1.377 -1.381 -1.373 -1.35 -1.316 -1.291 -1.25 -1.199 -1.142 -1.097 -1.077 -1.069 -1.063 -1.066 -1.075 -1.082 -1.097 -1.116 -1.127 -1.125 -1.116 -1.104 -1.097 -1.11 -1.136 -1.163 -1.181 -1.185 -1.179 -1.168 -1.153 -1.14 -1.131 -1.127 -1.122 -1.112 -1.104 -1.094 -1.084 -1.069 -1.051 -1.038 -1.021 -1.003 -0.976
-0.898 -0.916 -0.934 -0.95 -0.966 -0.93 -0.847 -0.755 -0.686 -0.656 -0.667 -0.707 -0.752 -0.807 -0.863 -0.915 -0.967 -1.033 -1.104 -1.168 -1.222 -1.265 -1.29 -1.304 -1.315 -1.323 -1.339 -1.366 -1.386 -1.387 -1.369 -1.351 -1.356 -1.352 -1.334 -1.308 -1.269 -1.22 -1.165 -1.121 -1.091 -1.089 -1.086 -1.086 -1.105 -1.117 -1.131 -1.145 -1.16 -1.165 -1.158 -1.141 -1.122 -1.111 -1.118 -1.129 -1.144 -1.156 -1.157 -1.149 -1.136 -1.128 -1.119 -1.115 -1.114 -1.113 -1.111 -1.106 -1.1 -1.099 -1.095 -1.086 -1.069 -1.048 -1.034 -1.016
-0.985 -0.999 -1.017 -1.035 -1.044 -1.014 -0.945 -0.863 -0.797 -0.767 -0.774 -0.805 -0.846 -0.894 -0.944 -0.997 -1.049 -1.104 -1.163 -1.217 -1.253 -1.282 -1.287 -1.288 -1.295 -1.301 -1.324 -1.349 -1.373 -1.38 -1.363 -1.331 -1.322 -1.313 -1.3 -1.275 -1.237 -1.179 -1.142 -1.12 -1.111 -1.113 -1.108 -1.116 -1.143 -1.156 -1.168 -1.178 -1.186 -1.186 -1.176 -1.149 -1.121 -1.104 -1.105 -1.103 -1.107 -1.11 -1.108 -1.099 -1.085 -1.087 -1.09 -1.09 -1.09 -1.088 -1.082 -1.084 -1.084 -1.086 -1.09 -1.092 -1.091 -1.085 -1.075 -1.064
-1.047 -1.057 -1.072 -1.092 -1.105 -1.089 -1.043 -0.978 -0.927 -0.903 -0.903 -0.927 -0.961 -1.001 -1.042 -1.086 -1.13 -1.174 -1.216 -1.246 -1.253 -1.264 -1.263 -1.256 -1.255 -1.263 -1.281 -1.308 -1.341 -1.363 -1.359 -1.321 -1.295 -1.261 -1.245 -1.225 -1.197 -1.158 -1.138 -1.128 -1.124 -1.126 -1.134 -1.146 -1.165 -1.176 -1.185 -1.188 -1.183 -1.179 -1.176 -1.152 -1.114 -1.085 -1.068 -1.053 -1.049 -1.046 -1.045 -1.04 -1.027 -1.033 -1.054 -1.062 -1.061 -1.057 -1.046 -1.042 -1.047 -1.051 -1.06 -1.073 -1.082 -1.085 -1.083 -1.079
-1.089 -1.096 -1.109 -1.127 -1.145 -1.144 -1.126 -1.091 -1.06 -1.043 -1.036 -1.049 -1.078 -1.11 -1.139 -1.17 -1.199 -1.229 -1.249 -1.25 -1.255 -1.256 -1.256 -1.237 -1.212 -1.214 -1.221 -1.252 -1.3 -1.333 -1.337 -1.312 -1.276 -1.215 -1.173 -1.148 -1.118 -1.112 -1.106 -1.104 -1.102 -1.112 -1.133 -1.15 -1.162 -1.166 -1.177 -1.187 -1.184 -1.172 -1.162 -1.128 -1.104 -1.067 -1.018 -0.984 -0.977 -0.972 -0.963 -0.96 -0.959 -0.972 -1.012 -1.033 -1.039 -1.04 -1.025 -1.012 -1.015 -1.02 -1.024 -1.04 -1.056 -1.064 -1.066 -1.066
-1.113 -1.117 -1.127 -1.144 -1.163 -1.175 -1.176 -1.168 -1.156 -1.149 -1.147 -1.153 -1.173 -1.194 -1.214 -1.226 -1.227 -1.249 -1.248 -1.227 -1.236 -1.246 -1.232 -1.203 -1.165 -1.156 -1.163 -1.2 -1.26 -1.295 -1.302 -1.282 -1.242 -1.17 -1.1 -1.067 -1.039 -1.029 -1.041 -1.044 -1.041 -1.065 -1.082 -1.103 -1.116 -1.119 -1.146 -1.163 -1.164 -1.163 -1.146 -1.108 -1.078 -1.047 -0.973 -0.92 -0.898 -0.888 -0.873 -0.871 -0.884 -0.92 -0.973 -1.013 -1.032 -1.033 -1.012 -0.995 -0.99 -0.995 -1.003 -1.012 -1.02 -1.027 -1.03 -1.029
