data/climatemaps/RS_maps/climate_postbreed_tmp_2007.asc
NCOLS 369 
NROWS 228 
XLLCORNER 479000 
YLLCORNER 73000 
CELLSIZE 1000 
NODATA_value -9 
[rows 136 to 169 of 228, columns 0 to 75 of 369]
-9 -9 -9 -9 -9 -9 -9 -9 0.243 0.213 0.218 0.206 0.21 0.208 0.116 0.06 0.005 -0.011 -0.022 -0.033 -0.035 0.021 -0.094 -0.122 -0.165 -0.182 -0.117 -0.027 0.04 0.128 0.196 0.216 0.15 -0.032 -0.165 -0.175 -0.156 -0.093 0.045 0.227 0.396 0.499 0.576 0.64 0.667 0.68 0.713 0.756 0.715 0.741 0.792 0.867 0.82 0.771 0.757 0.742 0.739 0.739 0.731 0.702 0.668 0.629 0.622 0.575 0.551 0.483 0.474 0.524 0.622 0.643 0.65 0.622 0.669 0.638 0.577 0.486
-9 -9 -9 -9 -9 -9 -9 -9 0.273 0.222 0.192 0.186 0.17 0.103 0.004 -0.006 0.019 0.029 0.029 0.019 0.011 -0.003 -0.138 -0.161 -0.18 -0.132 -0.049 0.04 0.126 0.195 0.209 0.139 -0.015 -0.127 -0.201 -0.208 -0.185 -0.088 0.065 0.342 0.501 0.575 0.627 0.652 0.673 0.701 0.732 0.74 0.714 0.753 0.857 0.851 0.84 0.806 0.764 0.748 0.743 0.749 0.737 0.69 0.652 0.613 0.595 0.541 0.52 0.461 0.449 0.512 0.609 0.622 0.636 0.597 0.679 0.659 0.614 0.532
-9 -9 -9 -9 -9 -9 -9 -9 0.26 0.198 0.178 0.156 0.055 0 -0.011 0.002 0.04 0.066 0.057 0.047 0.025 -0.103 -0.173 -0.17 -0.128 -0.052 0.02 0.105 0.188 0.21 0.124 -0.015 -0.114 -0.158 -0.227 -0.261 -0.245 -0.001 0.229 0.461 0.581 0.632 0.648 0.664 0.689 0.72 0.749 0.728 0.734 0.77 0.86 0.855 0.846 0.819 0.739 0.749 0.747 0.751 0.721 0.681 0.646 0.611 0.564 0.525 0.514 0.472 0.445 0.547 0.606 0.615 0.633 0.594 0.652 0.69 0.626 0.506
-9 -9 -9 -9 -9 -9 -9 0.248 0.256 0.213 0.149 0.049 -0.017 -0.028 -0.007 0.012 0.036 0.064 0.069 0.07 -0.07 -0.187 -0.163 -0.095 -0.043 0.036 0.104 0.18 0.192 0.106 -0.015 -0.089 -0.136 -0.22 -0.322 -0.319 -0.178 0.075 0.383 0.535 0.619 0.648 0.656 0.664 0.693 0.726 0.755 0.753 0.76 0.79 0.845 0.896 0.844 0.817 0.755 0.764 0.765 0.743 0.709 0.668 0.647 0.609 0.547 0.539 0.491 0.478 0.495 0.561 0.626 0.626 0.642 0.601 0.659 0.71 0.606 0.474
-9 -9 -9 -9 -9 -9 -9 0.228 0.214 0.216 0.072 0.011 0.025 -0.003 0.002 0.033 0.036 0.031 0.046 0.026 -0.157 -0.151 -0.107 -0.041 0.036 0.097 0.172 0.192 0.058 -0.068 -0.105 -0.113 -0.194 -0.306 -0.347 -0.245 -0.101 0.091 0.441 0.592 0.636 0.653 0.648 0.679 0.707 0.729 0.764 0.786 0.798 0.817 0.858 0.918 0.869 0.825 0.768 0.782 0.773 0.745 0.701 0.67 0.657 0.609 0.577 0.539 0.475 0.454 0.482 0.557 0.616 0.617 0.634 0.62 0.671 0.714 0.581 0.493
-9 -9 -9 -9 -9 -9 -9 0.207 0.219 0.199 0.103 0.073 0.071 0.073 0.066 0.024 0.015 0.044 0.041 -0.109 -0.151 -0.085 -0.052 -0.007 0.062 0.147 0.171 0.078 -0.111 -0.144 -0.12 -0.178 -0.293 -0.308 -0.262 -0.164 -0.037 0.212 0.516 0.619 0.641 0.647 0.652 0.686 0.727 0.745 0.782 0.805 0.831 0.855 0.893 0.931 0.9 0.835 0.783 0.793 0.787 0.755 0.7 0.688 0.638 0.592 0.568 0.524 0.487 0.442 0.477 0.552 0.575 0.62 0.605 0.63 0.683 0.71 0.593 0.535
-9 -9 -9 -9 -9 -9 -9 0.2 0.187 0.137 0.11 0.083 0.12 0.111 0.048 0.01 0.024 0.043 -0.077 -0.12 -0.109 -0.073 -0.042 0.018 0.133 0.131 0.04 -0.044 -0.128 -0.11 -0.118 -0.239 -0.294 -0.24 -0.203 -0.084 0.148 0.438 0.597 0.637 0.648 0.651 0.666 0.698 0.743 0.771 0.8 0.823 0.87 0.896 0.924 0.951 0.916 0.865 0.825 0.815 0.796 0.768 0.709 0.684 0.61 0.558 0.544 0.536 0.506 0.47 0.496 0.551 0.541 0.591 0.606 0.63 0.706 0.713 0.627 0.551
-9 -9 -9 -9 -9 -9 -9 0.172 0.114 0.084 0.106 0.139 0.166 0.111 0.024 0.064 0.044 -0.046 -0.108 -0.063 -0.058 -0.034 0.008 0.128 0.124 0.009 -0.071 -0.119 -0.132 -0.108 -0.157 -0.262 -0.195 -0.139 -0.079 0.155 0.426 0.577 0.634 0.642 0.652 0.656 0.664 0.696 0.756 0.801 0.816 0.856 0.885 0.911 0.945 0.961 0.929 0.9 0.883 0.851 0.814 0.782 0.714 0.669 0.618 0.581 0.539 0.529 0.515 0.503 0.52 0.528 0.546 0.561 0.605 0.642 0.715 0.722 0.65 0.538
-9 -9 -9 -9 -9 -9 -9 0.075 0.076 0.057 0.08 0.198 0.187 0.12 0.12 0.111 -0.03 -0.103 -0.085 -0.058 -0.037 0.001 0.125 0.079 -0.02 -0.067 -0.124 -0.095 -0.099 -0.149 -0.205 -0.203 -0.109 -0.044 0.191 0.434 0.574 0.625 0.639 0.64 0.658 0.658 0.676 0.715 0.775 0.836 0.847 0.878 0.879 0.926 0.937 0.971 0.958 0.93 0.94 0.897 0.845 0.793 0.75 0.685 0.637 0.613 0.558 0.544 0.539 0.516 0.499 0.518 0.569 0.578 0.592 0.659 0.714 0.709 0.681 0.591
-9 -9 -9 -9 -9 -9 -9 0.021 0.066 0.068 0.14 0.24 0.211 0.194 0.16 0.007 -0.113 -0.095 -0.078 -0.052 -0.026 0.071 0.067 -0.068 -0.108 -0.169 -0.139 -0.09 -0.122 -0.179 -0.12 -0.029 0.023 0.17 0.421 0.555 0.617 0.638 0.626 0.633 0.659 0.655 0.705 0.747 0.797 0.861 0.865 0.871 0.881 0.935 0.932 0.965 0.987 0.982 0.983 0.944 0.887 0.821 0.789 0.729 0.689 0.652 0.6 0.585 0.574 0.537 0.526 0.556 0.607 0.615 0.624 0.669 0.674 0.702 0.689 0.621
-9 -9 -9 -9 -9 -9 -9 0.024 0.08 0.139 0.277 0.312 0.306 0.216 0.039 -0.094 -0.103 -0.088 -0.087 -0.043 0.058 0.061 -0.108 -0.162 -0.233 -0.217 -0.115 -0.093 -0.124 -0.043 0.064 0.146 0.24 0.393 0.526 0.611 0.64 0.658 0.634 0.639 0.659 0.665 0.726 0.776 0.832 0.883 0.871 0.882 0.901 0.94 0.959 0.956 1 1.009 1.004 0.989 0.937 0.865 0.823 0.766 0.754 0.713 0.675 0.634 0.601 0.573 0.579 0.612 0.661 0.673 0.661 0.659 0.638 0.697 0.674 0.614
-9 -9 -9 -9 -9 -9 0.004 0.055 0.16 0.288 0.298 0.256 0.344 0.092 -0.064 -0.094 -0.087 -0.103 -0.064 0.047 0.079 -0.084 -0.194 -0.266 -0.251 -0.134 -0.116 -0.19 -0.104 0.044 0.154 0.211 0.28 0.418 0.557 0.63 0.662 0.68 0.674 0.663 0.705 0.729 0.738 0.806 0.867 0.889 0.901 0.91 0.922 0.953 0.978 0.998 1.027 1.011 1.023 1.022 0.985 0.937 0.873 0.831 0.814 0.767 0.748 0.665 0.619 0.605 0.635 0.661 0.701 0.702 0.675 0.658 0.659 0.667 0.641 0.598
-9 -9 -9 -9 -9 0.12 0.068 0.213 0.322 0.286 0.167 0.151 0.316 0.064 -0.076 -0.107 -0.113 -0.072 0.059 0.078 -0.062 -0.178 -0.285 -0.268 -0.18 -0.083 -0.146 -0.195 -0.07 0.069 0.239 0.267 0.338 0.507 0.593 0.645 0.681 0.701 0.705 0.697 0.749 0.776 0.801 0.862 0.882 0.89 0.936 0.952 0.974 1.012 1.023 1.013 1.032 1.023 1.04 1.054 1.033 0.994 0.95 0.911 0.888 0.857 0.825 0.734 0.698 0.669 0.677 0.672 0.695 0.698 0.688 0.665 0.641 0.519 0.603 0.57
-9 -9 -9 -9 -9 0.199 0.215 0.342 0.293 0.163 0.077 0.088 0.296 0.091 -0.098 -0.118 -0.073 0.045 0.101 -0.031 -0.21 -0.27 -0.288 -0.184 -0.1 -0.084 -0.143 -0.078 0.065 0.221 0.358 0.415 0.489 0.557 0.61 0.649 0.676 0.684 0.739 0.764 0.771 0.833 0.873 0.909 0.905 0.917 0.968 0.99 1.025 1.047 1.047 1.04 1.039 1.047 1.061 1.067 1.071 1.062 1.03 0.998 0.993 0.979 0.941 0.895 0.8 0.715 0.678 0.602 0.64 0.7 0.721 0.682 0.548 0.418 0.585 0.543
-9 -9 -9 -9 -9 0.405 0.414 0.357 0.197 0.063 0.024 0.071 0.295 0.147 -0.046 -0.044 0.046 0.101 0.036 -0.164 -0.292 -0.306 -0.2 -0.094 -0.059 -0.111 -0.091 0.05 0.204 0.338 0.382 0.452 0.542 0.582 0.622 0.647 0.66 0.705 0.742 0.828 0.838 0.863 0.875 0.927 0.932 0.956 0.992 1.013 1.046 1.047 1.047 1.054 1.061 1.061 1.067 1.073 1.074 1.08 1.08 1.079 1.078 1.081 1.063 1.039 0.913 0.745 0.696 0.642 0.612 0.729 0.734 0.671 0.468 0.366 0.556 0.564
-9 -9 -9 -9 -9 0.421 0.293 0.217 0.099 0.06 0.059 0.074 0.291 0.189 0.041 0.027 0.08 0.077 -0.109 -0.302 -0.297 -0.228 -0.116 -0.081 -0.019 -0.045 0.064 0.188 0.341 0.437 0.427 0.473 0.509 0.544 0.601 0.636 0.652 0.691 0.753 0.824 0.886 0.92 0.904 0.935 0.954 0.985 1.015 1.037 1.047 1.047 1.047 1.052 1.061 1.061 1.063 1.067 1.074 1.081 1.084 1.088 1.094 1.094 1.094 1.094 1.069 0.941 0.897 0.871 0.711 0.76 0.701 0.642 0.45 0.274 0.475 0.561
-9 -9 -9 -9 0.465 0.231 0.2 0.146 0.101 0.082 0.068 0.195 0.228 0.183 0.042 0.031 0.051 0.008 -0.226 -0.316 -0.262 -0.156 -0.102 -0.052 0.038 0.083 0.229 0.331 0.442 0.509 0.473 0.474 0.471 0.516 0.581 0.624 0.67 0.715 0.803 0.888 0.933 0.958 0.944 0.961 0.975 1.009 1.033 1.046 1.047 1.047 1.048 1.052 1.059 1.061 1.062 1.067 1.076 1.08 1.081 1.087 1.094 1.094 1.094 1.094 1.093 1.077 1.069 1.068 0.926 0.793 0.728 0.642 0.539 0.41 0.441 0.566
-9 -9 -9 -9 0.266 0.206 0.196 0.153 0.108 0 0.079 0.166 0.099 0.105 0.06 0.021 0.004 -0.059 -0.166 -0.245 -0.215 -0.167 -0.098 0.013 0.102 0.214 0.332 0.439 0.505 0.562 0.533 0.485 0.509 0.59 0.678 0.745 0.811 0.864 0.916 0.945 0.96 0.976 0.98 0.988 1.002 1.018 1.031 1.038 1.045 1.047 1.047 1.047 1.054 1.061 1.061 1.065 1.072 1.074 1.079 1.079 1.087 1.093 1.093 1.092 1.086 1.083 1.081 1.08 1.062 0.959 0.909 0.799 0.703 0.67 0.686 0.76
-9 -9 -9 -9 0.257 0.223 0.158 0.125 0.013 -0.032 -0.039 0.046 0.006 0.013 0.058 0.026 -0.053 -0.123 -0.143 -0.164 -0.17 -0.161 -0.069 0.069 0.157 0.226 0.394 0.515 0.566 0.606 0.573 0.539 0.621 0.744 0.833 0.893 0.943 0.969 0.975 0.985 0.991 0.994 1.004 1.014 1.024 1.027 1.027 1.029 1.035 1.043 1.045 1.047 1.049 1.06 1.061 1.061 1.065 1.07 1.074 1.074 1.074 1.084 1.086 1.084 1.081 1.08 1.079 1.074 1.074 1.068 1.051 1.031 0.998 0.975 0.948 0.931
-9 -9 -9 -9 0.254 0.179 0.102 0.056 -0.036 -0.12 -0.147 -0.145 -0.075 -0.053 -0.045 -0.049 -0.084 -0.092 -0.053 -0.07 -0.087 -0.047 0.044 0.129 0.198 0.321 0.474 0.581 0.619 0.647 0.61 0.639 0.789 0.855 0.901 0.942 0.987 0.993 0.994 1.006 1.011 1.009 1.014 1.017 1.023 1.027 1.027 1.027 1.027 1.032 1.038 1.044 1.044 1.053 1.056 1.06 1.061 1.061 1.071 1.071 1.072 1.075 1.076 1.078 1.078 1.076 1.074 1.073 1.071 1.064 1.047 1.041 1.037 1.023 1.003 0.969
-9 -9 -9 -9 0.197 0.138 0.06 -0.013 -0.04 -0.128 -0.182 -0.22 -0.188 -0.074 -0.147 -0.219 -0.106 -0.106 -0.166 -0.088 -0.007 0.041 0.133 0.246 0.328 0.443 0.593 0.648 0.707 0.699 0.724 0.817 0.888 0.906 0.932 0.968 0.994 0.994 0.994 0.997 1.004 1.005 1.009 1.011 1.016 1.019 1.023 1.027 1.027 1.027 1.03 1.036 1.038 1.043 1.045 1.054 1.056 1.061 1.064 1.067 1.067 1.07 1.067 1.071 1.071 1.074 1.074 1.069 1.062 1.053 1.046 1.041 1.034 1.014 1.009 0.995
-9 -9 -9 0.203 0.146 0.096 0.032 -0.021 -0.062 -0.126 -0.206 -0.236 -0.152 -0.131 -0.226 -0.243 -0.157 -0.237 -0.329 -0.229 -0.134 -0.002 0.162 0.397 0.557 0.633 0.701 0.734 0.75 0.804 0.843 0.898 0.912 0.917 0.96 0.979 0.983 0.992 0.994 0.994 0.995 0.995 1 1.007 1.009 1.009 1.011 1.016 1.018 1.025 1.027 1.029 1.032 1.036 1.04 1.043 1.049 1.053 1.053 1.061 1.066 1.067 1.067 1.066 1.064 1.068 1.064 1.061 1.05 1.047 1.043 1.038 1.024 1.013 1.007 0.991
-9 -9 -9 0.161 0.094 0.006 -0.001 -0.027 -0.063 -0.118 -0.167 -0.165 -0.182 -0.23 -0.23 -0.184 -0.247 -0.369 -0.359 -0.306 -0.194 0.043 0.332 0.513 0.623 0.7 0.747 0.79 0.806 0.842 0.879 0.904 0.915 0.945 0.973 0.974 0.974 0.981 0.985 0.994 0.994 0.994 0.994 0.996 1.005 1.007 1.007 1.008 1.009 1.012 1.018 1.022 1.028 1.029 1.036 1.036 1.041 1.043 1.047 1.05 1.055 1.057 1.06 1.058 1.057 1.057 1.05 1.05 1.046 1.044 1.039 1.031 1.017 1.01 1.005 0.991
-9 -9 -9 0.132 0.041 -0.007 -0.01 -0.046 -0.083 -0.119 -0.136 -0.213 -0.277 -0.24 -0.133 -0.155 -0.234 -0.367 -0.306 -0.138 0.019 0.279 0.498 0.617 0.682 0.725 0.769 0.82 0.85 0.87 0.888 0.911 0.942 0.96 0.96 0.971 0.974 0.974 0.974 0.975 0.982 0.988 0.994 0.994 0.995 0.996 0.996 1.001 1.007 1.007 1.009 1.014 1.017 1.017 1.021 1.029 1.035 1.036 1.038 1.043 1.043 1.044 1.045 1.047 1.05 1.05 1.047 1.047 1.042 1.04 1.034 1.02 1.014 1.007 0.999 0.988
-9 -9 -9 0.126 0.054 -0.01 -0.043 -0.06 -0.113 -0.096 -0.211 -0.287 -0.277 -0.143 -0.083 -0.168 -0.243 -0.281 -0.196 -0.012 0.232 0.497 0.616 0.684 0.727 0.76 0.79 0.823 0.851 0.879 0.9 0.908 0.942 0.956 0.959 0.96 0.96 0.966 0.973 0.973 0.974 0.974 0.979 0.981 0.986 0.987 0.987 0.991 0.996 1.001 1.001 1.002 1.01 1.014 1.014 1.016 1.021 1.025 1.034 1.035 1.04 1.04 1.04 1.041 1.042 1.042 1.039 1.043 1.038 1.028 1.022 1.014 1.011 1.006 0.994 0.986
-9 -9 -9 -9 0.005 -0.034 -0.03 -0.049 -0.087 -0.119 -0.233 -0.207 -0.12 -0.032 -0.144 -0.218 -0.267 -0.196 -0.074 0.123 0.415 0.611 0.681 0.711 0.746 0.772 0.798 0.824 0.853 0.876 0.902 0.911 0.939 0.94 0.947 0.951 0.959 0.959 0.959 0.966 0.972 0.972 0.973 0.973 0.974 0.976 0.98 0.98 0.981 0.981 0.989 0.994 0.997 1.001 1.008 1.008 1.011 1.003 1.001 0.99 1.005 1.005 0.976 0.901 0.76 0.839 0.866 0.953 1.014 1.021 1.015 1.014 1.008 0.997 0.99 0.986
-9 -9 -9 -9 0.025 0.037 0.007 -0.049 -0.116 -0.18 -0.191 -0.067 0.051 -0.029 -0.186 -0.271 -0.247 -0.118 0.027 0.326 0.55 0.669 0.707 0.721 0.752 0.782 0.812 0.839 0.862 0.886 0.911 0.92 0.931 0.938 0.94 0.94 0.947 0.951 0.952 0.952 0.954 0.955 0.964 0.965 0.971 0.972 0.972 0.965 0.959 0.959 0.962 0.976 0.965 0.935 0.908 0.889 0.885 0.886 0.882 0.871 0.855 0.824 0.763 0.6 0.394 0.447 0.43 0.544 0.751 0.89 0.986 1.003 0.994 0.993 0.987 0.98
-9 -9 -9 -9 0.102 0.056 -0.059 -0.07 -0.111 -0.152 -0.143 0.047 0.033 -0.165 -0.309 -0.304 -0.228 -0.042 0.248 0.5 0.629 0.676 0.722 0.743 0.774 0.801 0.832 0.854 0.875 0.908 0.917 0.919 0.922 0.929 0.934 0.936 0.939 0.94 0.945 0.946 0.951 0.952 0.952 0.952 0.957 0.958 0.959 0.944 0.935 0.935 0.909 0.846 0.805 0.768 0.737 0.7 0.678 0.687 0.674 0.608 0.544 0.486 0.42 0.362 0.258 0.136 0.036 0.112 0.172 0.454 0.522 0.748 0.833 0.914 0.954 0.942
-9 -9 -9 -9 0.135 -0.034 -0.06 -0.064 -0.092 -0.055 0.05 -0.052 -0.212 -0.271 -0.287 -0.223 -0.17 0.13 0.444 0.616 0.66 0.689 0.738 0.763 0.782 0.804 0.827 0.862 0.89 0.909 0.91 0.916 0.918 0.92 0.919 0.919 0.927 0.935 0.935 0.936 0.94 0.943 0.943 0.946 0.947 0.945 0.94 0.908 0.898 0.886 0.788 0.71 0.652 0.593 0.55 0.502 0.488 0.49 0.465 0.441 0.4 0.285 0.061 0.149 -0.067 -0.351 -0.462 -0.438 -0.345 -0.117 -0.159 0.26 0.403 0.516 0.656 0.789
-9 -9 -9 -9 -9 -0.089 -0.129 -0.125 0 0.063 -0.158 -0.273 -0.135 -0.088 0.082 0.036 0.117 0.269 0.522 0.644 0.684 0.725 0.751 0.759 0.773 0.8 0.826 0.873 0.893 0.898 0.903 0.906 0.907 0.904 0.896 0.882 0.89 0.924 0.924 0.924 0.93 0.931 0.931 0.937 0.933 0.909 0.886 0.861 0.851 0.811 0.725 0.632 0.581 0.513 0.476 0.445 0.422 0.415 0.39 0.363 0.316 0.125 0.038 -0.034 -0.254 -0.357 -0.498 -0.687 -0.594 -0.356 0.006 0.318 0.029 -0.144 -0.084 0.244
-9 -9 -9 -9 -9 -9 -0.167 -0.102 0.107 -0.127 -0.361 -0.246 0.07 0.182 0.308 0.342 0.383 0.377 0.527 0.541 0.685 0.735 0.753 0.754 0.774 0.807 0.854 0.88 0.889 0.889 0.896 0.896 0.883 0.865 0.852 0.842 0.852 0.903 0.913 0.917 0.92 0.914 0.903 0.9 0.887 0.854 0.842 0.806 0.759 0.725 0.745 0.639 0.561 0.488 0.451 0.418 0.389 0.372 0.337 0.335 0.319 0.25 0.227 0.11 -0.005 -0.231 -0.625 -0.615 -0.325 -0.101 -0.154 -0.13 -0.607 -0.841 -0.676 -0.18
-9 -9 -9 -9 -9 -9 -0.137 0.031 0.022 -0.309 -0.425 0.018 0.298 0.385 0.452 0.507 0.519 0.519 0.493 0.606 0.713 0.734 0.737 0.753 0.787 0.831 0.87 0.875 0.877 0.88 0.889 0.875 0.849 0.834 0.833 0.833 0.848 0.88 0.901 0.909 0.907 0.882 0.857 0.844 0.833 0.819 0.799 0.746 0.693 0.648 0.681 0.664 0.6 0.525 0.447 0.381 0.342 0.339 0.357 0.325 0.206 0.123 0.024 0.02 -0.054 -0.478 -0.824 -0.735 -0.603 -0.487 -0.716 -0.792 -0.94 -0.87 -0.568 -0.158
-9 -9 -9 -9 -9 -9 -0.023 0.086 -0.209 -0.388 -0.341 0.057 0.143 0.403 0.529 0.564 0.573 0.492 0.528 0.674 0.725 0.733 0.733 0.766 0.802 0.841 0.861 0.868 0.873 0.874 0.875 0.839 0.819 0.817 0.823 0.833 0.848 0.87 0.886 0.893 0.882 0.848 0.829 0.804 0.771 0.767 0.742 0.705 0.664 0.633 0.583 0.55 0.562 0.613 -9 -9 -9 0.414 0.439 0.322 0.124 -0.048 -0.253 -0.25 -0.322 -0.546 -0.692 -0.868 -0.83 -0.843 -1.015 -0.948 -0.861 -0.659 -0.463 -0.31
-9 -9 -9 -9 -0.099 -0.039 0.143 -0.017 -0.32 -0.455 -0.304 -0.105 0.161 0.481 0.576 0.599 0.582 0.567 0.63 0.688 0.721 0.717 0.748 0.777 0.804 0.842 0.86 0.86 0.867 0.867 0.849 0.812 0.8 0.812 0.825 0.838 0.839 0.853 0.861 0.855 0.832 0.809 0.797 0.776 0.722 0.654 0.661 0.667 0.645 0.564 0.457 0.233 -9 -9 -9 -9 -9 0.41 0.408 0.402 0.36 0.231 -0.062 -0.231 -0.425 -0.57 -0.611 -0.721 -0.66 -0.651 -1.135 -1.104 -0.907 -0.703 -0.415 -0.086
