data/climatemaps/RS_maps/climate_winter_pr_2003.asc
NCOLS 369 
NROWS 228 
XLLCORNER 479000 
YLLCORNER 73000 
CELLSIZE 1000 
NODATA_value -9 
[rows 102 to 135 of 228, columns 76 to 151 of 369]
-0.425 -0.445 -0.451 -0.449 -0.448 -0.449 -0.455 -0.464 -0.474 -0.478 -0.472 -0.46 -0.45 -0.444 -0.458 -0.5 -0.535 -0.559 -0.579 -0.594 -0.601 -0.597 -0.579 -0.545 -0.527 -0.543 -0.569 -0.599 -0.622 -0.65 -0.627 -0.574 -0.523 -0.471 -0.454 -0.449 -0.469 -0.488 -0.515 -0.551 -0.572 -0.586 -0.591 -0.609 -0.62 -0.632 -0.627 -0.626 -0.623 -0.598 -0.554 -0.505 -0.475 -0.486 -0.422 -0.308 -0.212 -0.157 -0.062 0.062 0.106 0.138 0.185 0.216 0.257 0.17 0.058 -0.101 -0.228 -0.279 -0.31 -0.317 -0.293 -0.248 -0.173 -0.067
-0.433 -0.45 -0.457 -0.459 -0.461 -0.466 -0.473 -0.481 -0.485 -0.474 -0.459 -0.444 -0.445 -0.452 -0.49 -0.531 -0.558 -0.582 -0.602 -0.614 -0.613 -0.596 -0.564 -0.535 -0.523 -0.533 -0.564 -0.6 -0.629 -0.661 -0.639 -0.599 -0.544 -0.495 -0.463 -0.448 -0.459 -0.471 -0.498 -0.542 -0.572 -0.565 -0.577 -0.605 -0.597 -0.599 -0.621 -0.631 -0.634 -0.625 -0.61 -0.583 -0.551 -0.532 -0.493 -0.407 -0.311 -0.207 -0.128 -0.047 0.028 0.091 0.145 0.196 0.236 0.154 0.022 -0.134 -0.21 -0.236 -0.254 -0.256 -0.279 -0.286 -0.221 -0.14
-0.439 -0.454 -0.462 -0.468 -0.473 -0.479 -0.486 -0.49 -0.484 -0.468 -0.457 -0.46 -0.476 -0.504 -0.534 -0.559 -0.583 -0.606 -0.621 -0.627 -0.618 -0.594 -0.56 -0.533 -0.52 -0.529 -0.567 -0.6 -0.632 -0.668 -0.644 -0.61 -0.561 -0.509 -0.478 -0.467 -0.466 -0.477 -0.498 -0.544 -0.545 -0.561 -0.586 -0.584 -0.535 -0.508 -0.568 -0.612 -0.639 -0.64 -0.624 -0.618 -0.605 -0.56 -0.531 -0.478 -0.381 -0.259 -0.179 -0.103 -0.011 0.058 0.093 0.117 0.126 0.095 -0.032 -0.148 -0.212 -0.205 -0.203 -0.188 -0.217 -0.241 -0.249 -0.224
-0.448 -0.461 -0.469 -0.476 -0.483 -0.49 -0.494 -0.49 -0.478 -0.471 -0.475 -0.495 -0.517 -0.539 -0.562 -0.586 -0.607 -0.624 -0.633 -0.63 -0.615 -0.586 -0.562 -0.538 -0.524 -0.538 -0.577 -0.609 -0.637 -0.669 -0.654 -0.626 -0.576 -0.532 -0.506 -0.497 -0.496 -0.502 -0.524 -0.54 -0.538 -0.563 -0.569 -0.554 -0.522 -0.479 -0.493 -0.568 -0.617 -0.641 -0.646 -0.636 -0.635 -0.607 -0.569 -0.512 -0.422 -0.316 -0.221 -0.143 -0.061 -0.025 0 0.036 0.049 -0.009 -0.089 -0.124 -0.2 -0.246 -0.234 -0.181 -0.156 -0.173 -0.179 -0.159
-0.458 -0.469 -0.478 -0.486 -0.491 -0.497 -0.495 -0.486 -0.476 -0.478 -0.497 -0.522 -0.542 -0.564 -0.586 -0.607 -0.621 -0.63 -0.635 -0.623 -0.596 -0.566 -0.564 -0.557 -0.548 -0.557 -0.58 -0.612 -0.644 -0.664 -0.647 -0.626 -0.605 -0.582 -0.567 -0.55 -0.543 -0.547 -0.561 -0.548 -0.536 -0.561 -0.557 -0.526 -0.451 -0.443 -0.438 -0.468 -0.566 -0.62 -0.651 -0.659 -0.657 -0.631 -0.597 -0.534 -0.429 -0.321 -0.221 -0.171 -0.157 -0.141 -0.118 -0.079 -0.061 -0.093 -0.098 -0.084 -0.128 -0.226 -0.243 -0.206 -0.177 -0.134 -0.143 -0.095
-0.471 -0.481 -0.489 -0.494 -0.497 -0.498 -0.495 -0.49 -0.487 -0.496 -0.52 -0.542 -0.563 -0.584 -0.605 -0.618 -0.624 -0.631 -0.621 -0.601 -0.576 -0.566 -0.565 -0.56 -0.562 -0.564 -0.581 -0.623 -0.634 -0.638 -0.642 -0.64 -0.629 -0.621 -0.623 -0.618 -0.605 -0.602 -0.6 -0.569 -0.581 -0.577 -0.553 -0.504 -0.422 -0.374 -0.35 -0.378 -0.484 -0.589 -0.634 -0.657 -0.667 -0.648 -0.611 -0.549 -0.44 -0.311 -0.219 -0.203 -0.212 -0.183 -0.136 -0.09 -0.103 -0.096 -0.079 -0.097 -0.082 -0.145 -0.233 -0.262 -0.2 -0.129 -0.113 -0.04
-0.485 -0.493 -0.499 -0.499 -0.498 -0.499 -0.501 -0.506 -0.512 -0.524 -0.544 -0.562 -0.58 -0.597 -0.609 -0.612 -0.611 -0.616 -0.604 -0.59 -0.57 -0.564 -0.549 -0.544 -0.553 -0.571 -0.593 -0.611 -0.605 -0.596 -0.597 -0.608 -0.616 -0.617 -0.629 -0.631 -0.623 -0.62 -0.633 -0.601 -0.592 -0.572 -0.534 -0.491 -0.409 -0.338 -0.307 -0.339 -0.426 -0.558 -0.587 -0.613 -0.66 -0.657 -0.624 -0.565 -0.47 -0.358 -0.291 -0.27 -0.218 -0.148 -0.081 -0.042 -0.053 -0.025 -0.03 -0.062 -0.056 -0.075 -0.168 -0.261 -0.218 -0.163 -0.103 -0.029
-0.499 -0.505 -0.504 -0.501 -0.5 -0.506 -0.515 -0.527 -0.54 -0.552 -0.566 -0.579 -0.592 -0.597 -0.594 -0.585 -0.59 -0.581 -0.578 -0.575 -0.564 -0.548 -0.533 -0.533 -0.555 -0.582 -0.593 -0.587 -0.576 -0.559 -0.554 -0.565 -0.587 -0.604 -0.624 -0.619 -0.607 -0.606 -0.633 -0.606 -0.576 -0.565 -0.531 -0.485 -0.424 -0.342 -0.295 -0.322 -0.426 -0.548 -0.519 -0.54 -0.628 -0.652 -0.633 -0.584 -0.511 -0.425 -0.361 -0.297 -0.19 -0.104 -0.023 0.007 0.029 0.064 0.053 -0.004 -0.038 -0.044 -0.13 -0.22 -0.273 -0.231 -0.157 -0.065
-0.51 -0.511 -0.509 -0.506 -0.509 -0.522 -0.537 -0.55 -0.563 -0.574 -0.585 -0.592 -0.593 -0.58 -0.559 -0.551 -0.559 -0.544 -0.545 -0.549 -0.542 -0.53 -0.517 -0.534 -0.57 -0.582 -0.576 -0.557 -0.538 -0.524 -0.521 -0.532 -0.553 -0.572 -0.599 -0.603 -0.591 -0.585 -0.617 -0.607 -0.577 -0.562 -0.523 -0.464 -0.42 -0.369 -0.316 -0.323 -0.439 -0.547 -0.501 -0.503 -0.57 -0.635 -0.635 -0.593 -0.523 -0.432 -0.371 -0.306 -0.162 -0.066 0.041 0.083 0.128 0.131 0.1 0.022 -0.047 -0.068 -0.124 -0.187 -0.264 -0.258 -0.188 -0.087
-0.515 -0.514 -0.516 -0.516 -0.527 -0.543 -0.558 -0.57 -0.582 -0.592 -0.595 -0.591 -0.57 -0.546 -0.525 -0.527 -0.521 -0.514 -0.519 -0.519 -0.513 -0.523 -0.523 -0.552 -0.577 -0.573 -0.553 -0.523 -0.498 -0.479 -0.485 -0.505 -0.523 -0.54 -0.567 -0.582 -0.561 -0.579 -0.605 -0.596 -0.588 -0.578 -0.531 -0.48 -0.422 -0.36 -0.32 -0.325 -0.436 -0.546 -0.503 -0.49 -0.526 -0.608 -0.634 -0.604 -0.532 -0.438 -0.387 -0.31 -0.139 -0.042 0.047 0.095 0.128 0.12 0.079 0.017 -0.036 -0.043 -0.086 -0.127 -0.196 -0.232 -0.198 -0.121
-0.513 -0.519 -0.524 -0.53 -0.548 -0.564 -0.576 -0.588 -0.598 -0.603 -0.596 -0.573 -0.534 -0.501 -0.491 -0.493 -0.482 -0.48 -0.483 -0.482 -0.487 -0.523 -0.552 -0.568 -0.573 -0.565 -0.537 -0.498 -0.468 -0.448 -0.45 -0.475 -0.494 -0.506 -0.528 -0.559 -0.559 -0.58 -0.585 -0.573 -0.58 -0.586 -0.559 -0.524 -0.461 -0.379 -0.308 -0.313 -0.421 -0.547 -0.539 -0.501 -0.511 -0.592 -0.633 -0.615 -0.553 -0.462 -0.42 -0.346 -0.203 -0.108 -0.025 0.043 0.084 0.11 0.1 0.028 0.008 0.034 0.008 -0.022 -0.117 -0.163 -0.17 -0.134
-0.51 -0.52 -0.531 -0.549 -0.566 -0.58 -0.592 -0.602 -0.607 -0.603 -0.584 -0.548 -0.51 -0.478 -0.471 -0.452 -0.442 -0.443 -0.443 -0.462 -0.492 -0.533 -0.561 -0.569 -0.57 -0.551 -0.525 -0.487 -0.453 -0.426 -0.416 -0.446 -0.465 -0.48 -0.494 -0.521 -0.554 -0.56 -0.551 -0.574 -0.591 -0.582 -0.569 -0.537 -0.485 -0.422 -0.346 -0.327 -0.413 -0.543 -0.583 -0.555 -0.53 -0.592 -0.631 -0.623 -0.578 -0.51 -0.478 -0.409 -0.283 -0.164 -0.056 0.043 0.083 0.12 0.109 0.043 0.038 0.079 0.093 0.073 -0.03 -0.109 -0.119 -0.095
-0.5 -0.517 -0.537 -0.557 -0.576 -0.591 -0.603 -0.609 -0.606 -0.592 -0.569 -0.539 -0.511 -0.476 -0.437 -0.412 -0.402 -0.408 -0.427 -0.47 -0.504 -0.521 -0.544 -0.572 -0.566 -0.533 -0.508 -0.482 -0.451 -0.417 -0.407 -0.42 -0.432 -0.457 -0.466 -0.497 -0.542 -0.53 -0.528 -0.569 -0.591 -0.603 -0.59 -0.544 -0.473 -0.423 -0.372 -0.349 -0.418 -0.528 -0.593 -0.6 -0.578 -0.595 -0.625 -0.628 -0.6 -0.565 -0.519 -0.41 -0.259 -0.136 -0.025 0.033 0.05 0.07 0.067 0.03 0.005 0.051 0.081 0.12 0.077 -0.006 -0.07 -0.07
-0.48 -0.508 -0.532 -0.553 -0.578 -0.599 -0.609 -0.602 -0.593 -0.575 -0.551 -0.513 -0.487 -0.44 -0.405 -0.38 -0.355 -0.379 -0.429 -0.469 -0.482 -0.501 -0.531 -0.562 -0.566 -0.522 -0.502 -0.483 -0.457 -0.424 -0.412 -0.397 -0.393 -0.42 -0.449 -0.488 -0.499 -0.506 -0.519 -0.543 -0.562 -0.592 -0.597 -0.545 -0.501 -0.46 -0.412 -0.389 -0.421 -0.506 -0.586 -0.604 -0.583 -0.595 -0.615 -0.629 -0.616 -0.59 -0.533 -0.39 -0.253 -0.152 -0.079 -0.068 -0.022 -0.007 -0.001 -0.008 -0.041 -0.04 0.02 0.095 0.169 0.164 0.006 -0.108
-0.453 -0.485 -0.515 -0.539 -0.573 -0.603 -0.607 -0.59 -0.563 -0.521 -0.517 -0.496 -0.465 -0.433 -0.397 -0.36 -0.348 -0.382 -0.414 -0.442 -0.473 -0.495 -0.516 -0.562 -0.56 -0.521 -0.509 -0.485 -0.45 -0.422 -0.407 -0.384 -0.371 -0.393 -0.43 -0.465 -0.468 -0.482 -0.49 -0.513 -0.549 -0.589 -0.595 -0.581 -0.555 -0.517 -0.478 -0.442 -0.449 -0.496 -0.575 -0.596 -0.572 -0.593 -0.605 -0.625 -0.615 -0.589 -0.529 -0.417 -0.335 -0.245 -0.188 -0.149 -0.088 -0.081 -0.08 -0.091 -0.094 -0.046 0.031 0.123 0.193 0.232 0.151 0.057
-0.416 -0.453 -0.494 -0.534 -0.58 -0.605 -0.6 -0.566 -0.509 -0.469 -0.469 -0.466 -0.448 -0.424 -0.392 -0.354 -0.356 -0.386 -0.404 -0.433 -0.456 -0.487 -0.52 -0.569 -0.566 -0.531 -0.517 -0.5 -0.466 -0.428 -0.404 -0.393 -0.378 -0.398 -0.416 -0.431 -0.434 -0.455 -0.452 -0.474 -0.518 -0.563 -0.592 -0.574 -0.519 -0.479 -0.459 -0.462 -0.456 -0.467 -0.551 -0.581 -0.564 -0.581 -0.599 -0.617 -0.606 -0.581 -0.507 -0.452 -0.379 -0.302 -0.238 -0.196 -0.164 -0.14 -0.127 -0.125 -0.104 -0.041 0.079 0.196 0.302 0.33 0.274 0.156
-0.386 -0.429 -0.49 -0.543 -0.588 -0.606 -0.588 -0.54 -0.471 -0.432 -0.422 -0.426 -0.437 -0.43 -0.415 -0.388 -0.378 -0.377 -0.408 -0.446 -0.47 -0.502 -0.542 -0.573 -0.55 -0.519 -0.508 -0.502 -0.484 -0.457 -0.436 -0.412 -0.396 -0.408 -0.427 -0.411 -0.422 -0.423 -0.406 -0.426 -0.462 -0.516 -0.552 -0.513 -0.463 -0.413 -0.402 -0.414 -0.44 -0.448 -0.534 -0.563 -0.553 -0.555 -0.589 -0.606 -0.6 -0.584 -0.487 -0.462 -0.383 -0.309 -0.274 -0.242 -0.201 -0.171 -0.141 -0.117 -0.077 -0.028 0.061 0.123 0.225 0.249 0.231 0.142
-0.378 -0.44 -0.506 -0.561 -0.596 -0.602 -0.568 -0.504 -0.43 -0.394 -0.383 -0.389 -0.4 -0.4 -0.395 -0.383 -0.373 -0.393 -0.438 -0.486 -0.516 -0.545 -0.571 -0.575 -0.541 -0.512 -0.505 -0.502 -0.477 -0.463 -0.445 -0.43 -0.418 -0.404 -0.427 -0.406 -0.404 -0.373 -0.339 -0.353 -0.409 -0.461 -0.502 -0.497 -0.454 -0.425 -0.408 -0.399 -0.392 -0.419 -0.507 -0.538 -0.535 -0.539 -0.573 -0.593 -0.595 -0.587 -0.526 -0.493 -0.451 -0.383 -0.325 -0.263 -0.205 -0.158 -0.146 -0.106 -0.079 -0.062 -0.001 0.085 0.171 0.208 0.182 0.168
-0.398 -0.464 -0.528 -0.578 -0.603 -0.586 -0.525 -0.448 -0.38 -0.351 -0.343 -0.35 -0.355 -0.358 -0.365 -0.368 -0.379 -0.412 -0.456 -0.487 -0.534 -0.56 -0.568 -0.562 -0.543 -0.518 -0.508 -0.498 -0.469 -0.437 -0.419 -0.408 -0.418 -0.414 -0.423 -0.392 -0.355 -0.308 -0.27 -0.284 -0.339 -0.378 -0.42 -0.418 -0.411 -0.397 -0.361 -0.346 -0.344 -0.406 -0.496 -0.496 -0.495 -0.506 -0.544 -0.573 -0.579 -0.576 -0.556 -0.527 -0.468 -0.368 -0.267 -0.174 -0.089 -0.029 -0.056 -0.087 -0.047 0.01 0.105 0.212 0.325 0.341 0.296 0.254
-0.432 -0.487 -0.551 -0.596 -0.597 -0.554 -0.482 -0.398 -0.337 -0.313 -0.311 -0.325 -0.333 -0.349 -0.354 -0.363 -0.391 -0.423 -0.46 -0.498 -0.541 -0.548 -0.547 -0.536 -0.53 -0.518 -0.507 -0.485 -0.462 -0.421 -0.396 -0.383 -0.402 -0.43 -0.436 -0.403 -0.346 -0.274 -0.235 -0.23 -0.221 -0.246 -0.279 -0.296 -0.289 -0.265 -0.243 -0.261 -0.321 -0.418 -0.477 -0.449 -0.455 -0.481 -0.51 -0.546 -0.559 -0.562 -0.554 -0.528 -0.434 -0.325 -0.22 -0.118 -0.027 0.025 0.035 0.004 0.059 0.13 0.224 0.341 0.457 0.436 0.522 0.455
-0.453 -0.516 -0.577 -0.603 -0.577 -0.523 -0.442 -0.357 -0.305 -0.283 -0.286 -0.316 -0.339 -0.356 -0.361 -0.385 -0.406 -0.428 -0.472 -0.52 -0.533 -0.522 -0.509 -0.493 -0.479 -0.485 -0.489 -0.467 -0.445 -0.419 -0.387 -0.355 -0.38 -0.432 -0.48 -0.439 -0.392 -0.301 -0.183 -0.106 -0.057 -0.056 -0.093 -0.119 -0.119 -0.105 -0.079 -0.147 -0.245 -0.368 -0.433 -0.424 -0.421 -0.446 -0.475 -0.515 -0.534 -0.543 -0.543 -0.528 -0.424 -0.328 -0.233 -0.119 0.001 0.061 0.094 0.081 0.144 0.245 0.315 0.45 0.6 0.622 0.719 0.623
-0.469 -0.554 -0.595 -0.591 -0.549 -0.484 -0.398 -0.32 -0.277 -0.265 -0.281 -0.321 -0.348 -0.369 -0.384 -0.41 -0.41 -0.433 -0.481 -0.524 -0.519 -0.491 -0.466 -0.445 -0.429 -0.428 -0.434 -0.423 -0.417 -0.402 -0.356 -0.329 -0.368 -0.43 -0.486 -0.459 -0.4 -0.272 -0.101 0.046 0.135 0.141 0.108 0.109 0.103 0.09 0.113 0.001 -0.141 -0.281 -0.365 -0.379 -0.379 -0.403 -0.437 -0.477 -0.504 -0.52 -0.528 -0.527 -0.48 -0.396 -0.27 -0.156 -0.045 0.082 0.12 0.113 0.229 0.347 0.41 0.574 0.69 0.779 0.778 0.644
-0.504 -0.584 -0.598 -0.567 -0.507 -0.435 -0.349 -0.285 -0.254 -0.273 -0.31 -0.349 -0.377 -0.397 -0.414 -0.425 -0.422 -0.445 -0.481 -0.519 -0.511 -0.473 -0.436 -0.387 -0.372 -0.348 -0.345 -0.339 -0.357 -0.373 -0.34 -0.332 -0.37 -0.422 -0.46 -0.404 -0.316 -0.167 0.017 0.175 0.261 0.3 0.304 0.347 0.334 0.315 0.291 0.13 -0.038 -0.164 -0.277 -0.305 -0.304 -0.337 -0.385 -0.425 -0.464 -0.49 -0.508 -0.518 -0.512 -0.468 -0.359 -0.248 -0.116 -0.002 0.032 0.09 0.237 0.392 0.533 0.605 0.632 0.815 0.764 0.627
-0.548 -0.597 -0.578 -0.529 -0.46 -0.385 -0.308 -0.261 -0.261 -0.297 -0.337 -0.378 -0.401 -0.416 -0.42 -0.418 -0.421 -0.45 -0.478 -0.513 -0.502 -0.455 -0.398 -0.335 -0.278 -0.238 -0.211 -0.221 -0.245 -0.293 -0.31 -0.287 -0.315 -0.374 -0.404 -0.323 -0.219 -0.105 0.027 0.166 0.224 0.334 0.402 0.45 0.498 0.499 0.412 0.274 0.166 0.031 -0.14 -0.196 -0.223 -0.254 -0.312 -0.36 -0.406 -0.446 -0.48 -0.501 -0.512 -0.507 -0.467 -0.367 -0.224 -0.137 -0.112 0.024 0.2 0.428 0.54 0.485 0.691 0.806 0.699 0.596
-0.581 -0.585 -0.551 -0.49 -0.413 -0.342 -0.288 -0.271 -0.289 -0.318 -0.356 -0.369 -0.375 -0.382 -0.378 -0.381 -0.398 -0.428 -0.467 -0.498 -0.478 -0.416 -0.343 -0.277 -0.18 -0.11 -0.059 -0.057 -0.076 -0.159 -0.205 -0.159 -0.177 -0.256 -0.334 -0.305 -0.244 -0.164 -0.051 0.07 0.126 0.251 0.335 0.421 0.529 0.621 0.541 0.501 0.393 0.258 0.106 -0.011 -0.097 -0.16 -0.22 -0.281 -0.334 -0.385 -0.432 -0.473 -0.498 -0.514 -0.514 -0.477 -0.376 -0.308 -0.236 -0.088 0.139 0.332 0.341 0.511 0.735 0.7 0.598 0.445
-0.583 -0.561 -0.519 -0.45 -0.381 -0.338 -0.302 -0.302 -0.309 -0.33 -0.347 -0.336 -0.328 -0.318 -0.295 -0.296 -0.335 -0.375 -0.436 -0.481 -0.447 -0.374 -0.289 -0.239 -0.095 0.031 0.115 0.126 0.051 -0.06 -0.039 0.038 0.025 -0.049 -0.212 -0.28 -0.242 -0.205 -0.133 -0.017 0.108 0.183 0.349 0.472 0.655 0.753 0.776 0.76 0.651 0.561 0.441 0.298 0.179 0.005 -0.119 -0.199 -0.241 -0.293 -0.374 -0.425 -0.47 -0.505 -0.524 -0.528 -0.506 -0.464 -0.385 -0.253 0.003 0.097 0.336 0.554 0.585 0.475 0.476 0.265
-0.566 -0.524 -0.48 -0.417 -0.377 -0.35 -0.326 -0.313 -0.312 -0.321 -0.303 -0.286 -0.263 -0.226 -0.203 -0.202 -0.24 -0.32 -0.426 -0.462 -0.442 -0.396 -0.335 -0.197 -0.012 0.157 0.275 0.226 0.112 0.077 0.094 0.191 0.19 0.05 -0.145 -0.16 -0.051 -0.078 -0.029 0.084 0.203 0.214 0.473 0.629 0.842 0.916 0.936 0.89 0.863 0.811 0.733 0.661 0.563 0.348 0.161 -0.039 -0.186 -0.265 -0.333 -0.385 -0.419 -0.476 -0.517 -0.537 -0.546 -0.539 -0.514 -0.424 -0.224 0.024 0.29 0.357 0.302 0.282 0.247 -0.007
-0.537 -0.489 -0.439 -0.396 -0.373 -0.344 -0.31 -0.294 -0.312 -0.29 -0.25 -0.221 -0.171 -0.119 -0.048 -0.056 -0.14 -0.255 -0.405 -0.481 -0.465 -0.435 -0.312 -0.138 0.063 0.29 0.327 0.235 0.246 0.245 0.227 0.343 0.273 0.108 -0.071 -0.008 0.095 0.012 0.07 0.224 0.309 0.303 0.557 0.786 0.849 0.919 0.91 0.726 0.627 0.59 0.591 0.717 0.774 0.621 0.484 0.243 0.088 -0.151 -0.276 -0.351 -0.386 -0.425 -0.482 -0.517 -0.546 -0.553 -0.546 -0.51 -0.355 -0.066 0.047 0.078 0.015 0.098 -0.014 -0.181
-0.494 -0.442 -0.405 -0.377 -0.368 -0.344 -0.307 -0.302 -0.314 -0.267 -0.216 -0.154 -0.079 -0.025 0.038 0.002 -0.109 -0.241 -0.389 -0.492 -0.499 -0.404 -0.271 -0.09 0.138 0.324 0.314 0.283 0.327 0.391 0.349 0.415 0.301 0.144 0.052 0.151 0.212 0.146 0.134 0.313 0.393 0.431 0.647 0.68 0.682 0.618 0.771 0.663 0.45 0.521 0.68 0.679 0.68 0.731 0.632 0.463 0.219 -0.019 -0.164 -0.28 -0.357 -0.389 -0.427 -0.473 -0.521 -0.545 -0.55 -0.533 -0.452 -0.297 -0.245 -0.221 -0.237 -0.162 -0.242 -0.312
-0.448 -0.399 -0.368 -0.358 -0.367 -0.345 -0.318 -0.327 -0.311 -0.256 -0.192 -0.124 -0.042 0.01 0.022 -0.043 -0.162 -0.305 -0.431 -0.504 -0.476 -0.35 -0.214 -0.025 0.184 0.337 0.371 0.376 0.37 0.478 0.462 0.481 0.33 0.152 0.142 0.235 0.288 0.306 0.283 0.489 0.567 0.582 0.667 0.665 0.647 0.424 0.357 0.306 0.274 0.419 0.444 0.449 0.412 0.391 0.345 0.253 0.194 0.061 -0.029 -0.234 -0.309 -0.344 -0.368 -0.397 -0.468 -0.52 -0.542 -0.539 -0.512 -0.467 -0.431 -0.396 -0.366 -0.346 -0.346 -0.358
-0.405 -0.359 -0.342 -0.347 -0.356 -0.342 -0.336 -0.342 -0.301 -0.254 -0.194 -0.123 -0.054 -0.028 -0.042 -0.106 -0.227 -0.354 -0.464 -0.513 -0.456 -0.322 -0.136 0.044 0.168 0.283 0.364 0.386 0.41 0.508 0.484 0.443 0.262 0.188 0.264 0.407 0.433 0.434 0.486 0.659 0.722 0.711 0.589 0.463 0.305 0.172 0.046 0.051 0.058 0.058 0.008 0.016 0.018 -0.017 -0.039 -0.09 -0.135 -0.2 -0.19 -0.171 -0.204 -0.241 -0.309 -0.333 -0.394 -0.464 -0.512 -0.522 -0.516 -0.491 -0.461 -0.43 -0.399 -0.376 -0.349 -0.291
-0.372 -0.338 -0.331 -0.33 -0.326 -0.327 -0.344 -0.334 -0.294 -0.253 -0.203 -0.138 -0.085 -0.064 -0.085 -0.17 -0.289 -0.397 -0.496 -0.53 -0.444 -0.286 -0.096 0.015 0.092 0.146 0.185 0.267 0.329 0.448 0.477 0.414 0.288 0.325 0.382 0.524 0.586 0.665 0.753 0.762 0.677 0.536 0.328 0.138 -0.008 -0.103 -0.146 -0.186 -0.21 -0.236 -0.259 -0.277 -0.281 -0.278 -0.273 -0.292 -0.268 -0.208 -0.125 -0.016 0.077 0.028 -0.181 -0.292 -0.323 -0.376 -0.431 -0.446 -0.469 -0.467 -0.443 -0.4 -0.35 -0.314 -0.205 -0.092
-0.36 -0.325 -0.307 -0.291 -0.285 -0.298 -0.325 -0.33 -0.315 -0.281 -0.233 -0.174 -0.12 -0.095 -0.132 -0.236 -0.349 -0.442 -0.535 -0.555 -0.451 -0.268 -0.119 -0.089 -0.041 -0.011 0.027 0.107 0.234 0.415 0.521 0.516 0.444 0.442 0.51 0.688 0.752 0.851 0.9 0.803 0.575 0.319 0.078 -0.103 -0.153 -0.141 -0.138 -0.176 -0.207 -0.214 -0.232 -0.254 -0.279 -0.255 -0.284 -0.287 -0.177 -0.033 0.109 0.289 0.458 0.419 0.075 -0.222 -0.303 -0.32 -0.335 -0.315 -0.327 -0.347 -0.324 -0.266 -0.167 -0.077 0.073 0.019
-0.355 -0.322 -0.278 -0.252 -0.244 -0.263 -0.301 -0.327 -0.336 -0.315 -0.27 -0.206 -0.152 -0.15 -0.214 -0.311 -0.401 -0.49 -0.578 -0.587 -0.47 -0.272 -0.156 -0.178 -0.183 -0.109 0.003 0.064 0.181 0.421 0.562 0.551 0.561 0.501 0.648 0.754 0.791 0.806 0.882 0.692 0.456 0.165 -0.068 -0.161 -0.113 -0.032 0.035 0.035 0.029 0.059 0.042 -0.041 -0.115 -0.119 -0.264 -0.196 -0.01 0.21 0.37 0.537 0.662 0.582 0.252 -0.12 -0.311 -0.31 -0.28 -0.217 -0.137 -0.118 -0.078 -0.049 0.102 0.257 0.24 0.118
