data/climatemaps/RS_maps/climate_breeding_pr_2002.asc
NCOLS 369 
NROWS 228 
XLLCORNER 479000 
YLLCORNER 73000 
CELLSIZE 1000 
NODATA_value -9 
[rows 170 to 203 of 228, columns 0 to 75 of 369]
-9 -9 -0.231 -0.27 -0.314 -0.352 -0.371 -0.359 -0.33 -0.299 -0.297 -0.38 -0.537 -0.721 -0.873 -0.972 -1.01 -1.01 -0.989 -0.97 -0.959 -0.96 -0.975 -0.989 -1.002 -1.012 -1.018 -1.018 -1.011 -0.989 -0.945 -0.884 -0.818 -0.749 -0.68 -0.611 -0.545 -0.492 -0.464 -0.469 -0.483 -0.493 -0.494 -0.474 -0.4 -0.33 -0.291 -0.246 -0.192 -0.103 -9 -9 -9 -9 -9 -9 -9 -9 -0.033 0.001 0.026 0.034 0.152 0.332 0.521 0.688 0.762 0.879 1.017 1.129 1.263 1.346 1.381 1.362 1.294 1.095
-9 -0.185 -0.213 -0.254 -0.302 -0.347 -0.36 -0.349 -0.319 -0.305 -0.333 -0.438 -0.604 -0.78 -0.917 -1.003 -1.035 -1.032 -1.01 -0.986 -0.97 -0.968 -0.98 -0.995 -1.01 -1.022 -1.028 -1.024 -1.009 -0.974 -0.919 -0.855 -0.786 -0.712 -0.632 -0.541 -0.441 -0.355 -0.321 -0.364 -0.404 -0.43 -0.447 -0.441 -0.375 -0.304 -0.242 -0.167 -0.072 -9 -9 -9 -9 -9 -9 -9 -9 -9 0.04 0.139 0.151 0.108 0.091 0.233 0.416 0.561 0.68 0.829 0.985 1.03 1.049 1.215 1.34 1.39 1.302 1.112
-0.168 -0.182 -0.209 -0.247 -0.296 -0.329 -0.341 -0.329 -0.309 -0.323 -0.392 -0.521 -0.688 -0.841 -0.956 -1.024 -1.044 -1.035 -1.012 -0.989 -0.976 -0.976 -0.987 -1.005 -1.022 -1.034 -1.039 -1.029 -1.003 -0.954 -0.891 -0.821 -0.747 -0.668 -0.57 -0.45 -0.342 -0.262 -0.246 -0.297 -0.35 -0.39 -0.417 -0.41 -0.359 -9 -9 -9 -9 -9 -9 -9 -9 -9 -9 -9 -9 -9 0.058 0.217 0.273 0.204 0.147 0.306 0.433 0.507 0.616 0.731 0.824 0.86 0.855 1.008 1.16 1.267 1.24 1.08
-0.175 -0.19 -0.215 -0.249 -0.289 -0.31 -0.318 -0.312 -0.312 -0.362 -0.471 -0.621 -0.777 -0.904 -0.99 -1.036 -1.041 -1.025 -1.002 -0.986 -0.979 -0.983 -0.997 -1.018 -1.036 -1.048 -1.05 -1.032 -0.993 -0.933 -0.862 -0.785 -0.705 -0.621 -0.51 -0.387 -0.284 -0.219 -0.217 -0.26 -0.31 -0.358 -0.387 -0.374 -0.322 -9 -9 -9 -9 -9 -9 -9 -9 -9 -9 -9 -9 -9 0.125 0.304 0.357 0.204 0.188 0.361 0.48 0.53 0.505 0.47 0.503 0.553 0.601 0.718 0.889 1.064 1.175 1.101
-0.192 -0.207 -0.23 -0.259 -0.286 -0.299 -0.3 -0.307 -0.339 -0.429 -0.568 -0.726 -0.863 -0.963 -1.02 -1.041 -1.031 -1.009 -0.99 -0.981 -0.981 -0.99 -1.008 -1.032 -1.052 -1.063 -1.06 -1.031 -0.978 -0.91 -0.832 -0.749 -0.667 -0.578 -0.463 -0.342 -0.248 -0.194 -0.185 -0.22 -0.269 -0.314 -0.332 -0.308 -0.239 -9 -9 -9 -9 -9 -9 -9 -9 -9 -9 -9 -9 -9 -9 0.252 0.294 0.262 0.267 0.292 0.381 0.422 0.327 0.27 0.336 0.435 0.54 0.596 0.676 0.849 0.991 1.048
-0.218 -0.233 -0.254 -0.278 -0.293 -0.296 -0.295 -0.324 -0.396 -0.52 -0.676 -0.825 -0.939 -1.013 -1.042 -1.042 -1.02 -0.995 -0.981 -0.977 -0.983 -0.997 -1.021 -1.048 -1.069 -1.078 -1.067 -1.026 -0.963 -0.888 -0.803 -0.716 -0.633 -0.543 -0.43 -0.312 -0.223 -0.163 -0.145 -0.172 -0.211 -0.24 -0.237 -0.193 -0.104 -9 -9 -9 -9 -9 -9 -9 -9 -9 -9 -9 -9 -9 -9 -9 0.309 0.365 0.37 0.336 0.326 0.253 0.267 0.327 0.431 0.537 0.707 0.715 0.651 0.663 0.777 0.934
-0.255 -0.273 -0.289 -0.304 -0.308 -0.305 -0.312 -0.37 -0.478 -0.629 -0.782 -0.912 -1.001 -1.049 -1.056 -1.039 -1.011 -0.988 -0.977 -0.977 -0.987 -1.008 -1.037 -1.066 -1.087 -1.091 -1.072 -1.02 -0.95 -0.868 -0.779 -0.69 -0.607 -0.518 -0.408 -0.291 -0.19 -0.114 -0.085 -0.099 -0.121 -0.12 -0.085 -0.018 0.067 0.172 -9 -9 -9 -9 -9 -9 -9 -9 -9 -9 -9 -9 -9 -9 0.277 0.402 0.466 0.536 0.487 0.342 0.338 0.441 0.563 0.708 0.876 0.891 0.883 0.765 0.671 0.824
-0.308 -0.33 -0.34 -0.337 -0.329 -0.331 -0.359 -0.444 -0.582 -0.737 -0.877 -0.984 -1.047 -1.073 -1.063 -1.037 -1.008 -0.988 -0.979 -0.983 -0.998 -1.024 -1.057 -1.086 -1.105 -1.102 -1.074 -1.016 -0.941 -0.853 -0.761 -0.672 -0.59 -0.501 -0.391 -0.264 -0.129 -0.027 0.018 0.019 0.019 0.048 0.103 0.162 0.216 0.251 -9 -9 -9 -9 -9 -9 -9 -9 -9 -9 -9 -9 -9 -9 -9 0.383 0.449 0.599 0.579 0.473 0.369 0.437 0.633 0.925 1.084 1.09 1.079 0.882 0.658 0.805
-0.368 -0.401 -0.392 -0.376 -0.36 -0.376 -0.433 -0.544 -0.693 -0.839 -0.958 -1.04 -1.079 -1.085 -1.066 -1.039 -1.012 -0.993 -0.987 -0.994 -1.012 -1.044 -1.078 -1.107 -1.123 -1.111 -1.076 -1.017 -0.938 -0.846 -0.755 -0.666 -0.582 -0.49 -0.374 -0.221 -0.031 0.105 0.171 0.191 0.2 0.24 0.288 0.289 0.3 0.291 -9 -9 -9 -9 -9 -9 -9 -9 -9 -9 -9 -9 -9 -9 0.08 0.166 0.327 0.578 0.631 0.543 0.589 0.564 0.672 0.922 1.071 1.049 0.98 0.867 0.817 0.824
-0.431 -0.457 -0.437 -0.416 -0.407 -0.444 -0.527 -0.655 -0.799 -0.927 -1.022 -1.079 -1.097 -1.092 -1.07 -1.042 -1.017 -1.003 -1 -1.007 -1.028 -1.065 -1.101 -1.128 -1.139 -1.119 -1.079 -1.022 -0.943 -0.852 -0.761 -0.672 -0.582 -0.483 -0.348 -0.156 0.08 0.262 0.34 0.344 0.337 0.389 0.409 0.353 0.319 0.314 -9 -9 -9 -9 -9 -9 -9 -9 -9 -9 -9 -9 -9 -9 -0.077 0.038 0.261 0.534 0.611 0.62 0.778 0.731 0.734 0.929 1.057 0.989 1.039 1.061 1.047 0.839
-0.49 -0.489 -0.472 -0.459 -0.47 -0.531 -0.634 -0.766 -0.894 -0.998 -1.066 -1.1 -1.105 -1.096 -1.074 -1.046 -1.026 -1.017 -1.018 -1.026 -1.051 -1.091 -1.126 -1.148 -1.15 -1.122 -1.086 -1.032 -0.959 -0.87 -0.78 -0.689 -0.592 -0.479 -0.315 -0.079 0.195 0.416 0.474 0.421 0.405 0.449 0.436 0.355 0.31 0.371 -9 -9 -9 -9 -9 -9 -9 -9 -9 -9 -9 -9 -9 -9 -0.119 -0.002 0.196 0.409 0.623 0.743 0.852 0.849 0.904 0.997 1.015 1.066 1.221 1.219 1.061 0.879
-0.523 -0.511 -0.5 -0.508 -0.548 -0.633 -0.747 -0.868 -0.974 -1.052 -1.095 -1.11 -1.111 -1.102 -1.078 -1.055 -1.04 -1.037 -1.04 -1.055 -1.084 -1.12 -1.151 -1.166 -1.154 -1.134 -1.104 -1.05 -0.979 -0.896 -0.808 -0.715 -0.613 -0.476 -0.275 -0.003 0.272 0.49 0.525 0.449 0.407 0.428 0.383 0.315 0.333 0.451 -9 -9 -9 -9 -9 -9 -9 -9 -9 -9 -9 -9 -9 -9 -0.054 -0.068 0.063 0.273 0.527 0.659 0.81 0.895 0.943 1.041 1.026 1.137 1.305 1.278 1.037 0.984
-0.532 -0.523 -0.527 -0.564 -0.635 -0.738 -0.852 -0.955 -1.036 -1.092 -1.117 -1.125 -1.123 -1.11 -1.089 -1.071 -1.063 -1.063 -1.069 -1.089 -1.117 -1.148 -1.173 -1.18 -1.17 -1.152 -1.118 -1.066 -1 -0.923 -0.84 -0.749 -0.632 -0.467 -0.241 0.033 0.307 0.509 0.542 0.457 0.383 0.366 0.336 0.319 0.393 -9 -9 -9 -9 -9 -9 -9 -9 -9 -9 -9 -9 -9 -9 0.359 0.13 -0.069 -0.022 0.174 0.341 0.423 0.586 0.72 0.819 0.998 1.092 1.178 1.3 1.214 1.093 1.083
-0.531 -0.526 -0.555 -0.626 -0.725 -0.835 -0.94 -1.022 -1.081 -1.122 -1.138 -1.142 -1.138 -1.124 -1.107 -1.094 -1.088 -1.089 -1.099 -1.121 -1.148 -1.173 -1.191 -1.193 -1.184 -1.162 -1.124 -1.075 -1.014 -0.946 -0.867 -0.779 -0.659 -0.47 -0.239 0.029 0.305 0.488 0.519 0.434 0.36 0.36 0.384 0.385 0.471 -9 -9 -9 -9 -9 -9 -9 -9 -9 -9 -9 -9 -9 -9 0.555 0.35 0.015 -0.064 0.004 0.093 0.265 0.44 0.637 0.791 0.933 1.059 1.229 1.264 1.181 1.218 1.118
-0.525 -0.53 -0.586 -0.69 -0.809 -0.921 -1.013 -1.075 -1.117 -1.146 -1.157 -1.159 -1.153 -1.14 -1.126 -1.114 -1.11 -1.114 -1.125 -1.148 -1.174 -1.192 -1.202 -1.201 -1.188 -1.158 -1.118 -1.071 -1.017 -0.955 -0.888 -0.811 -0.697 -0.523 -0.297 -0.026 0.25 0.424 0.448 0.388 0.348 0.389 0.414 0.438 0.531 -9 -9 -9 -9 -9 -9 -9 -9 -9 -9 -9 -9 -9 -9 0.732 0.512 0.16 -0.035 -0.083 0.025 0.241 0.433 0.624 0.803 0.954 1.044 1.212 1.267 1.239 1.266 1.107
-0.524 -0.539 -0.62 -0.749 -0.879 -0.99 -1.071 -1.121 -1.151 -1.17 -1.175 -1.174 -1.165 -1.153 -1.141 -1.131 -1.129 -1.135 -1.148 -1.17 -1.191 -1.203 -1.207 -1.196 -1.173 -1.134 -1.089 -1.046 -1.001 -0.948 -0.898 -0.841 -0.748 -0.602 -0.394 -0.138 0.127 0.308 0.325 0.313 0.342 0.407 0.398 0.468 0.563 -9 -9 -9 -9 -9 -9 -9 -9 -9 -9 -9 -9 -9 -9 0.827 0.632 0.316 0.085 -0.04 0.021 0.219 0.331 0.473 0.687 0.938 1.087 1.215 1.294 1.269 1.17 0.99
-0.534 -0.556 -0.656 -0.796 -0.932 -1.043 -1.117 -1.162 -1.185 -1.193 -1.192 -1.187 -1.176 -1.164 -1.151 -1.143 -1.145 -1.153 -1.166 -1.182 -1.196 -1.202 -1.195 -1.171 -1.132 -1.079 -1.019 -0.978 -0.964 -0.935 -0.901 -0.863 -0.792 -0.68 -0.507 -0.285 -0.052 0.128 0.183 0.275 0.336 0.352 0.391 0.508 -9 -9 -9 -9 -9 -9 -9 -9 -9 -9 -9 -9 -9 -9 -9 0.872 0.703 0.479 0.272 0.124 0.053 0.182 0.372 0.556 0.743 0.985 1.127 1.239 1.273 1.209 1.106 0.911
-0.551 -0.575 -0.684 -0.828 -0.969 -1.081 -1.154 -1.197 -1.213 -1.214 -1.209 -1.202 -1.19 -1.177 -1.165 -1.158 -1.16 -1.164 -1.171 -1.181 -1.187 -1.182 -1.159 -1.113 -1.047 -0.971 -0.904 -0.882 -0.908 -0.912 -0.9 -0.877 -0.827 -0.745 -0.617 -0.444 -0.243 -0.062 0.035 0.191 0.265 0.275 0.371 -9 -9 -9 -9 -9 -9 -9 -9 -9 -9 -9 -9 -9 -9 -9 0.966 0.967 0.849 0.625 0.451 0.373 0.178 0.297 0.568 0.777 0.906 1.114 1.211 1.233 1.207 1.132 1.021 0.825
-0.571 -0.592 -0.702 -0.849 -0.994 -1.108 -1.182 -1.225 -1.237 -1.236 -1.23 -1.221 -1.208 -1.193 -1.183 -1.173 -1.166 -1.164 -1.163 -1.165 -1.161 -1.14 -1.091 -1.012 -0.897 -0.802 -0.781 -0.803 -0.842 -0.877 -0.89 -0.885 -0.856 -0.796 -0.697 -0.558 -0.395 -0.229 -0.079 0.084 0.151 0.199 0.342 -9 -9 -9 -9 -9 -9 -9 -9 -9 -9 -9 -9 -9 -9 -9 0.898 0.92 0.801 0.617 0.572 0.518 0.374 0.374 0.538 0.755 0.923 1.058 1.171 1.158 1.087 0.988 0.848 0.65
-0.599 -0.612 -0.718 -0.864 -1.01 -1.126 -1.201 -1.243 -1.255 -1.255 -1.248 -1.238 -1.223 -1.207 -1.192 -1.176 -1.162 -1.152 -1.145 -1.135 -1.115 -1.067 -0.979 -0.852 -0.709 -0.642 -0.669 -0.716 -0.77 -0.834 -0.87 -0.884 -0.875 -0.836 -0.762 -0.647 -0.494 -0.324 -0.174 -0.03 0.051 0.126 -9 -9 -9 -9 -9 -9 -9 -9 -9 -9 -9 -9 -9 -9 -9 -9 0.824 0.764 0.63 0.567 0.626 0.613 0.558 0.62 0.501 0.6 0.757 0.893 1.093 1.086 1.045 0.948 0.828 0.652
-0.648 -0.651 -0.748 -0.883 -1.019 -1.132 -1.206 -1.247 -1.259 -1.262 -1.256 -1.244 -1.227 -1.207 -1.186 -1.165 -1.144 -1.127 -1.111 -1.087 -1.045 -0.966 -0.832 -0.65 -0.54 -0.528 -0.576 -0.619 -0.696 -0.779 -0.836 -0.867 -0.875 -0.86 -0.813 -0.719 -0.567 -0.386 -0.235 -0.117 -0.016 -9 -9 -9 -9 -9 -9 -9 -9 -9 -9 -9 -9 -9 -9 -9 -9 -9 0.622 0.556 0.544 0.608 0.639 0.67 0.664 0.75 0.701 0.631 0.709 0.819 1.005 1.096 1.052 0.986 0.955 0.933
-0.726 -0.717 -0.795 -0.904 -1.02 -1.122 -1.191 -1.231 -1.247 -1.252 -1.246 -1.232 -1.213 -1.186 -1.16 -1.135 -1.108 -1.085 -1.057 -1.014 -0.948 -0.844 -0.681 -0.504 -0.44 -0.454 -0.487 -0.527 -0.624 -0.718 -0.792 -0.837 -0.862 -0.865 -0.841 -0.772 -0.634 -0.447 -0.28 -0.156 -9 -9 -9 -9 -9 -9 -9 -9 -9 -9 -9 -9 -9 -9 -9 -9 -9 -9 -9 0.453 0.514 0.607 0.614 0.685 0.687 0.792 0.785 0.72 0.803 0.826 1.013 1.181 1.185 1.158 1.219 1.163
-0.819 -0.802 -0.844 -0.922 -1.011 -1.094 -1.157 -1.199 -1.22 -1.227 -1.221 -1.207 -1.182 -1.149 -1.116 -1.085 -1.055 -1.022 -0.978 -0.914 -0.827 -0.7 -0.539 -0.417 -0.378 -0.395 -0.406 -0.459 -0.558 -0.653 -0.733 -0.792 -0.833 -0.851 -0.848 -0.803 -0.696 -0.514 -9 -9 -9 -9 -9 -9 -9 -9 -9 -9 -9 -9 -9 -9 -9 -9 -9 -9 -9 -9 -9 0.431 0.455 0.525 0.572 0.59 0.646 0.704 0.632 0.683 0.746 0.895 1.029 1.12 1.259 1.249 1.301 1.214
-0.915 -0.878 -0.882 -0.931 -0.992 -1.053 -1.108 -1.151 -1.177 -1.186 -1.179 -1.16 -1.128 -1.091 -1.052 -1.014 -0.98 -0.941 -0.883 -0.802 -0.699 -0.555 -0.409 -0.349 -0.332 -0.347 -0.342 -0.4 -0.487 -0.568 -0.655 -0.728 -0.786 -0.823 -0.839 -0.818 -0.746 -9 -9 -9 -9 -9 -9 -9 -9 -9 -9 -9 -9 -9 -9 -9 -9 -9 -9 -9 -9 -9 -9 0.309 0.382 0.436 0.428 0.385 0.471 0.509 0.404 0.408 0.573 0.733 0.904 1.078 1.187 1.154 1.131 1.055
-0.998 -0.949 -0.919 -0.931 -0.963 -1.001 -1.045 -1.088 -1.118 -1.128 -1.119 -1.095 -1.056 -1.013 -0.967 -0.924 -0.887 -0.844 -0.782 -0.691 -0.569 -0.436 -0.349 -0.318 -0.305 -0.289 -0.296 -0.344 -0.39 -0.456 -0.553 -0.646 -0.723 -0.781 -0.817 -9 -9 -9 -9 -9 -9 -9 -9 -9 -9 -9 -9 -9 -9 -9 -9 -9 -9 -9 -9 -9 -9 -9 -9 0.083 0.18 0.246 0.216 0.168 0.236 0.26 0.159 0.135 0.389 0.579 0.783 1.005 1.151 1.122 0.957 0.778
-1.064 -1.013 -0.957 -0.931 -0.93 -0.946 -0.98 -1.022 -1.054 -1.067 -1.058 -1.029 -0.983 -0.932 -0.877 -0.831 -0.796 -0.751 -0.683 -0.585 -0.451 -0.368 -0.337 -0.315 -0.287 -0.246 -0.253 -0.286 -0.29 -0.341 -0.438 -0.55 -0.647 -0.728 -9 -9 -9 -9 -9 -9 -9 -9 -9 -9 -9 -9 -9 -9 -9 -9 -9 -9 -9 -9 -9 -9 -9 -9 -9 -9 -0.093 -0.043 -0.045 -0.064 -0.052 -0.033 -0.063 -0.078 0.231 0.496 0.747 0.918 1.002 0.999 0.767 0.553
-1.108 -1.056 -0.992 -0.936 -0.905 -0.906 -0.935 -0.974 -1.008 -1.023 -1.014 -0.981 -0.93 -0.87 -0.808 -0.757 -0.719 -0.668 -0.581 -0.476 -0.402 -0.364 -0.345 -0.322 -0.271 -0.233 -0.222 -0.214 -0.207 -0.237 -0.318 -0.441 -0.556 -9 -9 -9 -9 -9 -9 -9 -9 -9 -9 -9 -9 -9 -9 -9 -9 -9 -9 -9 -9 -9 -9 -9 -9 -9 -9 -9 -0.19 -0.19 -0.208 -0.235 -0.255 -0.266 -0.272 -0.206 0.113 0.37 0.608 0.719 0.782 0.8 0.544 0.48
-1.132 -1.085 -1.024 -0.954 -0.901 -0.89 -0.921 -0.959 -0.99 -1.004 -0.996 -0.963 -0.912 -0.85 -0.782 -0.721 -0.67 -0.606 -0.507 -0.423 -0.399 -0.384 -0.37 -0.324 -0.261 -0.22 -0.19 -0.163 -0.138 -0.146 -0.211 -0.332 -9 -9 -9 -9 -9 -9 -9 -9 -9 -9 -9 -9 -9 -9 -9 -9 -9 -9 -9 -9 -9 -9 -9 -9 -9 -9 -9 -9 -9 -0.152 -0.204 -0.26 -0.315 -0.377 -0.413 -0.312 -0.107 0.118 0.351 0.404 0.502 0.494 0.321 0.423
-1.148 -1.115 -1.061 -0.99 -0.918 -0.896 -0.928 -0.97 -0.999 -1.01 -1 -0.977 -0.936 -0.876 -0.799 -0.726 -0.648 -0.556 -0.474 -0.428 -0.414 -0.404 -0.38 -0.314 -0.257 -0.209 -0.167 -0.127 -0.097 -0.093 -0.132 -9 -9 -9 -9 -9 -9 -9 -9 -9 -9 -9 -9 -9 -9 -9 -9 -9 -9 -9 -9 -9 -9 -9 -9 -9 -9 -9 -9 -9 -9 -9 -0.041 -0.094 -0.179 -0.287 -0.398 -0.4 -0.253 -0.078 0.026 0.067 0.179 0.252 0.246 0.396
-1.177 -1.155 -1.11 -1.041 -0.967 -0.931 -0.953 -0.998 -1.028 -1.033 -1.028 -1.018 -0.981 -0.918 -0.836 -0.752 -0.656 -0.55 -0.48 -0.448 -0.439 -0.43 -0.391 -0.322 -0.264 -0.213 -0.165 -0.123 -0.09 -9 -9 -9 -9 -9 -9 -9 -9 -9 -9 -9 -9 -9 -9 -9 -9 -9 -9 -9 -9 -9 -9 -9 -9 -9 -9 -9 -9 -9 -9 -9 -9 -9 0.217 0.237 0.147 -0.011 -0.24 -0.368 -0.307 -0.244 -0.269 -0.157 0.073 0.316 0.368 0.548
-1.217 -1.203 -1.165 -1.103 -1.037 -0.994 -1.001 -1.045 -1.071 -1.073 -1.077 -1.072 -1.034 -0.964 -0.883 -0.791 -0.685 -0.584 -0.512 -0.478 -0.468 -0.454 -0.403 -0.345 -0.287 -0.235 -0.19 -0.146 -9 -9 -9 -9 -9 -9 -9 -9 -9 -9 -9 -9 -9 -9 -9 -9 -9 -9 -9 -9 -9 -9 -9 -9 -9 -9 -9 -9 -9 -9 -9 -9 -9 -9 -9 0.567 0.486 0.316 0.108 -0.133 -0.275 -0.319 -0.272 -0.056 0.213 0.477 0.663 0.834
-1.26 -1.249 -1.216 -1.166 -1.112 -1.077 -1.076 -1.106 -1.123 -1.126 -1.132 -1.126 -1.084 -1.011 -0.925 -0.825 -0.715 -0.616 -0.544 -0.502 -0.491 -0.472 -0.418 -0.367 -0.316 -0.268 -9 -9 -9 -9 -9 -9 -9 -9 -9 -9 -9 -9 -9 -9 -9 -9 -9 -9 -9 -9 -9 -9 -9 -9 -9 -9 -9 -9 -9 -9 -9 -9 -9 -9 -9 -9 -9 -9 0.797 0.679 0.594 0.305 -0.086 -0.197 -0.088 0.151 0.418 0.704 0.978 1.124
-9 -1.294 -1.268 -1.229 -1.19 -1.165 -1.16 -1.17 -1.182 -1.191 -1.194 -1.169 -1.111 -1.029 -0.942 -9 -0.733 -0.632 -0.564 -0.521 -0.508 -0.491 -9 -9 -9 -9 -9 -9 -9 -9 -9 -9 -9 -9 -9 -9 -9 -9 -9 -9 -9 -9 -9 -9 -9 -9 -9 -9 -9 -9 -9 -9 -9 -9 -9 -9 -9 -9 -9 -9 -9 -9 -9 -9 -9 1.111 0.935 0.605 0.223 0.034 0.168 0.405 0.652 0.798 1.026 1.257
-9 -9 -9 -9 -9 -1.239 -1.224 -1.23 -1.245 -1.25 -9 -9 -9 -9 -9 -9 -9 -9 -9 -9 -9 -9 -9 -9 -9 -9 -9 -9 -9 -9 -9 -9 -9 -9 -9 -9 -9 -9 -9 -9 -9 -9 -9 -9 -9 -9 -9 -9 -9 -9 -9 -9 -9 -9 -9 -9 -9 -9 -9 -9 -9 -9 -9 -9 -9 -9 1.23 1.007 0.613 0.353 0.37 0.517 0.605 0.774 1.115 1.377
