data/climatemaps/RS_maps/climate_winter_tmin_2006.asc
NCOLS 369 
NROWS 228 
XLLCORNER 479000 
YLLCORNER 73000 
CELLSIZE 1000 
NODATA_value -9 
[rows 102 to 135 of 228, columns 154 to 230 of 369]
0.812 0.72 0.678 0.633 0.686 0.744 0.806 0.863 0.91 0.941 0.941 0.795 0.497 0.423 0.562 0.631 0.53 0.35 0.317 0.563 0.475 0.316 0.263 0.312 0.355 0.475 0.728 0.91 1.065 1.158 1.202 1.149 1.074 1.118 0.851 0.427 0.392 0.441 0.762 1.128 0.968 0.566 0.303 0.201 0.376 0.231 0.13 0.277 0.513 0.329 0.103 -0.017 0.356 0.961 1.138 1.13 0.96 0.411 -0.033 -0.122 -0.144 -0.21 -0.25 -0.376 -0.556 -0.612 -0.396 -0.101 0.053 -0.402 -0.422 -0.238 -0.097 0.337 0.044 -0.394 -0.448
0.756 0.702 0.609 0.581 0.705 0.784 0.859 0.889 0.854 0.818 0.904 0.722 0.416 0.45 0.527 0.452 0.426 0.407 0.512 0.472 0.282 0.276 0.385 0.439 0.506 0.538 0.624 0.837 1.02 1.152 1.177 1.091 1.078 1.02 0.623 0.205 0.354 0.597 0.885 1.106 0.97 0.679 0.448 0.202 0.218 0.118 -0.026 0.046 0.202 0.104 0.025 0.041 0.35 0.725 1.009 1.12 1.016 0.618 0.189 -0.018 -0.321 -0.431 -0.404 -0.585 -0.607 -0.453 -0.34 -0.133 -0.171 -0.417 -0.463 -0.47 -0.358 0.188 0.02 -0.386 -0.46
0.746 0.714 0.635 0.672 0.769 0.831 0.828 0.763 0.636 0.565 0.786 0.684 0.504 0.435 0.334 0.2 0.309 0.338 0.402 0.264 0.25 0.373 0.33 0.364 0.345 0.331 0.495 0.837 1.048 1.175 1.144 1.081 1.042 0.9 0.667 0.371 0.468 0.606 0.74 1.04 0.928 0.499 0.36 0.262 0.055 -0.116 -0.274 -0.194 -0.028 0.166 0.373 0.459 0.577 0.645 0.893 1.115 1.096 0.907 0.502 0.206 -0.162 -0.347 -0.408 -0.532 -0.53 -0.457 -0.309 -0.181 -0.475 -0.586 -0.616 -0.692 -0.486 -0.001 0.122 -0.103 -0.409
0.82 0.734 0.689 0.711 0.793 0.789 0.725 0.572 0.401 0.435 0.764 0.663 0.512 0.306 0.053 0.183 0.134 0.211 0.321 0.214 0.298 0.281 0.18 0.255 0.279 0.403 0.684 0.926 1.124 1.175 1.106 1.077 0.995 0.754 0.507 0.338 0.393 0.361 0.531 0.989 0.835 0.292 0.044 -0.002 -0.202 -0.295 -0.252 -0.058 0.159 0.481 0.448 0.367 0.572 0.469 0.87 1.111 1.103 0.965 0.371 0.031 -0.159 -0.222 -0.232 -0.278 -0.327 -0.514 -0.487 -0.395 -0.59 -0.745 -0.599 -0.474 -0.296 -0.118 -0.116 -0.608 -0.712
0.784 0.821 0.784 0.769 0.798 0.716 0.578 0.301 0.286 0.545 0.776 0.681 0.454 0.15 0.082 0.059 -0.011 0.187 0.238 0.268 0.22 0.217 0.302 0.401 0.482 0.596 0.797 0.997 1.159 1.145 1.084 1.014 0.897 0.622 0.273 0.143 0.25 0.327 0.688 1.017 0.78 0.424 0.169 -0.079 -0.364 -0.359 -0.136 0.08 0.229 0.47 0.043 0.171 0.345 0.354 0.829 1.098 1.094 0.992 0.459 -0.011 -0.128 0.017 0.05 -0.038 -0.121 -0.399 -0.558 -0.645 -0.803 -0.836 -0.726 -0.482 -0.303 -0.327 -0.328 -0.7 -0.738
0.7 0.768 0.798 0.794 0.709 0.609 0.379 0.158 0.327 0.492 0.712 0.659 0.303 0.173 0.096 -0.025 -0.001 0.152 0.235 0.314 0.22 0.298 0.452 0.562 0.673 0.767 0.907 1.089 1.162 1.107 1.037 0.917 0.786 0.507 0.117 -0.038 0.162 0.438 0.933 0.912 0.574 0.658 0.442 0.112 -0.104 -0.195 -0.168 -0.096 0.051 0.312 -0.106 0.187 0.208 0.064 0.522 1.01 1.088 1.075 0.903 0.423 0.355 0.427 0.395 0.248 0.174 -0.069 -0.177 -0.304 -0.454 -0.737 -0.911 -0.616 -0.579 -0.618 -0.742 -0.863 -0.505
0.657 0.756 0.755 0.776 0.618 0.413 0.237 0.251 0.361 0.443 0.698 0.649 0.192 0.28 0.211 0.096 0.041 0.125 0.227 0.281 0.392 0.477 0.598 0.714 0.805 0.879 1.046 1.154 1.138 1.053 0.982 0.849 0.603 0.253 -0.039 -0.061 0.196 0.581 0.992 0.834 0.544 0.604 0.443 0.08 -0.156 -0.432 -0.257 -0.078 0.17 0.141 -0.233 0.144 -0.065 -0.429 0.213 0.752 1.052 1.067 1.046 0.908 0.809 0.756 0.664 0.589 0.482 0.272 0.142 0.046 -0.134 -0.286 -0.415 -0.434 -0.484 -0.581 -0.796 -0.732 -0.317
0.616 0.729 0.77 0.768 0.575 0.353 0.334 0.379 0.393 0.53 0.674 0.666 0.399 0.403 0.285 0.12 0.05 0.068 0.128 0.184 0.459 0.64 0.768 0.877 0.952 1.053 1.146 1.166 1.109 0.983 0.922 0.647 0.278 0.026 -0.148 -0.172 0.204 0.747 0.993 0.731 0.347 0.096 0.119 -0.099 -0.323 -0.529 -0.409 -0.227 0.087 -0.222 -0.7 -0.459 -0.633 -0.511 0.169 0.472 0.832 1.049 1.038 1 0.817 0.57 0.415 0.248 0.365 0.391 0.325 0.253 0.178 0.105 0.06 -0.028 -0.16 -0.472 -0.62 -0.602 -0.436
0.61 0.689 0.776 0.655 0.509 0.474 0.46 0.403 0.302 0.373 0.548 0.671 0.515 0.421 0.282 0.1 0.157 0.079 0.19 0.335 0.521 0.733 0.915 1.038 1.109 1.151 1.156 1.122 1.006 0.807 0.759 0.684 0.411 0.318 0.013 -0.16 0.428 0.896 0.801 0.314 -0.091 -0.419 -0.279 -0.345 -0.476 -0.744 -0.696 -0.72 -0.303 -0.457 -0.997 -0.904 -0.545 0.034 0.247 0.122 0.535 0.968 1.038 0.961 0.64 0.322 0.302 -0.019 -0.099 -0.079 -0.088 0.097 0.338 0.059 -0.039 -0.093 -0.277 -0.653 -0.855 -0.781 -0.704
0.552 0.655 0.739 0.477 0.325 0.367 0.413 0.263 0.079 0.167 0.521 0.585 0.327 0.241 0.254 0.077 0.215 0.231 0.348 0.542 0.671 0.87 1.07 1.131 1.157 1.158 1.087 0.971 0.76 0.53 0.3 0.629 0.675 0.349 -0.017 0.073 0.458 0.848 0.668 0.239 -0.183 -0.656 -0.617 -0.563 -0.64 -0.831 -0.843 -0.937 -0.882 -0.769 -0.926 -1.016 -0.412 0.026 -0.09 0.003 0.465 0.855 1.026 0.763 0.465 0.262 0.143 -0.083 -0.417 -0.493 -0.56 -0.237 0.186 -0.337 -0.506 -0.513 -0.648 -0.789 -1.185 -1.126 -1.181
0.519 0.658 0.611 0.437 0.285 0.235 0.261 -0.082 -0.023 0.228 0.54 0.471 0.116 0.087 0.184 0.05 0.216 0.371 0.495 0.689 0.85 1.006 1.109 1.144 1.157 1.058 0.858 0.71 0.441 0.176 -0.015 0.397 0.706 0.39 0.038 0.134 0.195 0.662 0.748 0.261 -0.116 -0.365 -0.31 -0.268 -0.504 -0.628 -0.757 -0.938 -0.927 -0.786 -0.98 -0.96 -0.44 -0.157 -0.152 0.009 0.314 0.746 1.007 0.564 0.044 -0.089 -0.102 -0.318 -0.682 -0.728 -0.449 -0.144 0.032 -0.528 -0.817 -0.91 -0.919 -1.051 -1.447 -1.465 -1.546
0.625 0.569 0.373 0.391 0.345 0.202 -0.018 -0.166 0.083 0.335 0.525 0.4 0.007 -0.073 0.003 0.067 0.233 0.408 0.502 0.556 0.813 1.066 1.112 1.136 1.018 0.769 0.448 0.353 0.184 -0.122 0.086 0.63 0.623 0.25 -0.156 -0.257 -0.146 0.342 0.678 0.373 0.081 -0.053 0.196 -0.031 -0.526 -0.716 -0.886 -0.77 -0.546 -0.421 -0.721 -0.698 -0.436 -0.177 -0.193 -0.159 0.135 0.613 0.989 0.684 -0.04 -0.502 -0.551 -0.691 -0.757 -0.704 -0.432 -0.077 -0.088 -0.552 -0.937 -1.163 -1.298 -1.388 -1.445 -1.449 -1.52
0.595 0.375 0.312 0.394 0.333 0.124 -0.236 -0.073 0.175 0.356 0.465 0.457 0.277 0.044 -0.043 0.131 0.29 0.28 0.338 0.502 0.776 1.012 1.069 1.118 0.81 0.628 0.241 -0.02 -0.154 -0.108 0.284 0.626 0.429 0.046 -0.364 -0.397 -0.195 0.368 0.617 0.428 0.315 0.311 0.409 -0.073 -0.6 -0.701 -0.875 -0.533 -0.299 -0.361 -0.554 -0.782 -0.654 -0.59 -0.503 -0.308 -0.019 0.468 0.902 0.906 0.285 -0.316 -0.583 -0.827 -0.75 -0.662 -0.483 -0.116 -0.302 -0.86 -1.193 -1.188 -1.334 -1.499 -1.342 -1.297 -1.44
0.577 0.515 0.521 0.473 0.325 -0.017 -0.21 0.023 0.23 0.322 0.295 0.39 0.443 0.326 0.118 0.085 0.116 0.078 0.142 0.211 0.531 0.654 0.888 0.93 0.412 0.373 0.425 -0.032 -0.311 -0.024 0.176 0.571 0.286 -0.2 -0.503 -0.267 0.064 0.29 0.492 0.509 0.513 0.514 0.437 -0.015 -0.397 -0.564 -0.817 -0.461 -0.219 -0.591 -0.878 -0.901 -0.649 -0.51 -0.168 0.137 0.29 0.45 0.644 0.95 0.643 0.145 -0.243 -0.608 -0.708 -1.054 -0.909 -0.72 -1.074 -1.269 -1.157 -0.886 -0.851 -1.188 -1.216 -1.259 -1.433
0.639 0.642 0.639 0.625 0.481 0.054 -0.052 0.16 0.303 0.279 0.188 0.209 0.296 0.383 0.308 0.214 0.115 -0.079 -0.088 0.196 0.299 0.556 0.893 0.68 0.043 0.221 0.459 0.103 -0.274 -0.167 0.168 0.54 0.171 -0.268 -0.597 -0.671 -0.202 0.123 0.214 0.279 0.35 0.329 0.42 0.314 0.024 -0.412 -0.517 -0.168 -0.255 -0.976 -1.127 -0.636 -0.328 -0.218 -0.151 0.072 0.08 0.008 0.283 0.795 0.892 0.542 -0.028 -0.585 -0.935 -1.244 -1.097 -1.087 -1.072 -1.062 -0.883 -0.5 -0.799 -1.034 -1.212 -1.299 -1.333
0.44 0.433 0.453 0.478 0.516 0.426 0.362 0.359 0.269 0.251 0.142 0.054 0.135 0.176 0.182 0.111 0.075 -0.173 -0.142 0.071 0.216 0.756 0.903 0.525 -0.06 0.211 0.28 0.036 -0.226 -0.112 0.347 0.427 0.054 -0.288 -0.572 -0.803 -0.651 -0.215 -0.079 -0.032 0.08 -0.09 0.064 0.23 0.254 -0.023 -0.04 0.036 -0.387 -1.053 -1.034 -0.616 -0.499 -0.4 -0.584 -0.505 -0.554 -0.392 -0.051 0.531 0.928 0.663 -0.004 -0.768 -1.181 -1.011 -0.889 -0.782 -0.674 -0.557 -0.301 -0.511 -1.2 -1.395 -1.467 -1.051 -1.053
0.197 0.142 0.089 0.101 0.135 0.308 0.436 0.295 0.184 0.124 0.042 -0.137 -0.245 -0.245 -0.223 -0.263 -0.2 -0.301 -0.121 0.074 0.429 0.869 0.843 0.48 -0.05 0.157 0.017 -0.159 -0.263 -0.16 0.195 0.103 -0.149 -0.498 -0.64 -0.711 -0.723 -0.618 -0.418 -0.254 -0.251 -0.526 -0.463 -0.369 0.119 0.101 -0.055 -0.316 -0.74 -1.183 -1.18 -1.009 -0.991 -0.938 -0.997 -0.801 -0.56 -0.579 -0.292 0.187 0.803 0.718 0.073 -0.623 -0.815 -0.646 -0.675 -0.499 -0.294 -0.085 -0.209 -0.823 -1.378 -1.312 -1.325 -1.157 -0.73
-0.181 -0.29 -0.247 -0.095 0.132 0.363 0.331 0.157 0.025 -0.139 -0.197 -0.2 -0.343 -0.348 -0.217 -0.225 -0.257 -0.241 0.006 0.312 0.709 0.915 0.753 0.335 -0.028 0.118 -0.057 -0.363 -0.383 -0.188 -0.142 -0.297 -0.376 -0.528 -0.479 -0.423 -0.473 -0.633 -0.631 -0.516 -0.506 -0.797 -1.045 -0.808 -0.351 -0.411 -0.527 -0.914 -1.195 -1.321 -1.34 -1.201 -1.143 -1.2 -0.989 -0.777 -0.538 -0.373 -0.334 0.135 0.806 0.695 0.15 -0.28 -0.164 -0.115 -0.155 -0.009 0.076 -0.141 -0.463 -0.783 -1.211 -1.156 -0.935 -1.1 -0.762
-0.108 -0.208 -0.072 0.059 0.202 0.338 0.181 -0.044 -0.206 -0.23 -0.066 0.158 0.109 0.108 0.201 0.19 0.164 -0.088 0.007 0.427 0.705 0.794 0.531 0.096 -0.182 -0.094 -0.035 -0.439 -0.468 -0.299 -0.296 -0.363 -0.413 -0.405 -0.237 -0.223 -0.34 -0.438 -0.592 -0.791 -0.925 -1.02 -1.268 -1.03 -0.931 -1.019 -0.992 -1.062 -1.056 -1.047 -1.216 -1.1 -0.808 -1.043 -1.036 -0.738 -0.588 -0.226 0.036 0.333 0.809 0.724 0.552 0.393 0.327 0.234 0.153 0.026 -0.302 -0.787 -0.917 -0.798 -1.211 -1.247 -0.814 -0.727 -0.623
-0.005 -0.086 0.024 0.116 0.162 0.249 -0.018 -0.169 -0.028 0.224 0.457 0.584 0.609 0.607 0.619 0.564 0.584 0.271 0.118 0.385 0.585 0.604 0.344 0.069 -0.124 -0.162 -0.186 -0.385 -0.51 -0.579 -0.409 -0.4 -0.442 -0.211 -0.057 -0.271 -0.491 -0.778 -0.943 -0.944 -0.783 -0.64 -0.879 -1.035 -1.082 -1.053 -1.058 -0.751 -0.534 -0.862 -1.162 -1.078 -0.553 -0.806 -0.825 -0.516 -0.241 -0.022 0.345 0.683 0.713 0.27 0.09 0.322 0.218 0.01 -0.172 -0.516 -0.858 -1.228 -1.032 -0.923 -1.365 -1.169 -0.9 -0.685 -0.51
-0.039 -0.071 0.023 0.065 0.147 0.013 -0.092 0.111 0.523 0.796 0.934 0.971 0.956 0.94 0.907 0.872 0.879 0.743 0.5 0.528 0.627 0.526 0.468 0.343 0.145 -0.003 -0.156 -0.276 -0.28 -0.506 -0.676 -0.503 -0.247 0.045 -0.252 -0.641 -0.761 -0.77 -0.667 -0.336 -0.225 -0.473 -0.913 -1.217 -0.861 -0.695 -0.782 -0.694 -0.341 -0.812 -0.836 -1.107 -0.576 -0.308 -0.448 -0.632 -0.364 0.058 0.533 0.617 0.241 -0.305 -0.542 -0.136 0.019 -0.332 -0.576 -0.948 -1.343 -1.364 -0.954 -1.058 -1.212 -1.041 -0.968 -1.019 -0.875
-0.036 -0.065 -0.005 -0.032 -0.101 -0.034 0.267 0.661 0.945 1.046 1.067 1.071 1.074 1.066 1.028 1.008 1.013 0.999 0.907 0.889 0.875 0.81 0.692 0.606 0.411 0.249 0.107 -0.1 -0.256 -0.444 -0.583 -0.148 0.166 -0.137 -0.457 -0.395 -0.149 -0.042 -0.046 -0.134 -0.454 -0.801 -1.017 -1.098 -0.852 -0.396 -0.303 -0.378 -0.265 -0.431 -0.518 -0.727 -0.779 -0.654 -0.297 -0.328 -0.209 0.328 0.609 0.356 -0.221 -0.897 -0.908 -0.395 -0.006 -0.527 -0.876 -1.117 -1.557 -1.474 -1.13 -1.219 -1.219 -1.128 -1.107 -1.074 -0.914
0.15 0.057 0.023 -0.174 -0.142 0.339 0.763 0.997 1.063 1.071 1.075 1.049 0.978 0.955 1.014 1.031 1.04 1.053 1.054 1.026 1.039 1.045 0.983 0.796 0.58 0.49 0.255 -0.06 -0.346 -0.469 -0.134 0.244 0.005 -0.291 -0.172 0.171 0.336 0.319 0.243 -0.009 -0.252 -0.58 -0.661 -0.832 -0.63 -0.456 -0.592 -0.399 -0.253 -0.119 -0.142 -0.251 -0.454 -0.673 -0.547 -0.107 0.002 0.499 0.456 0.143 -0.496 -1.15 -1.123 -0.603 -0.203 -0.676 -1.159 -1.12 -1.314 -1.453 -1.292 -1.22 -1.168 -1.076 -0.928 -0.837 -0.63
0.328 0.213 0.013 -0.082 0.301 0.804 1.022 1.063 1.071 1.068 0.943 0.711 0.54 0.467 0.511 0.577 0.495 0.571 0.628 0.651 0.718 0.979 1.072 1.056 0.936 0.678 0.465 0.15 -0.192 -0.111 0.285 0.163 0.106 0.277 0.275 0.349 0.002 -0.225 -0.257 -0.216 -0.277 -0.408 -0.41 -0.629 -0.706 -0.708 -1.107 -0.944 -0.766 -0.446 -0.238 0.013 0.002 -0.156 -0.44 -0.199 0.341 0.508 -0.083 -0.091 -0.519 -0.994 -1.132 -0.831 -0.543 -0.65 -1.025 -0.857 -1.123 -1.403 -1.175 -0.973 -0.883 -0.777 -0.73 -0.476 -0.348
0.282 0.057 0.096 0.414 0.83 1.031 1.062 1.071 1.041 0.846 0.422 0.364 0.216 0.09 0.113 -0.099 -0.247 0.06 0.104 0.132 0.213 0.466 0.801 0.981 1.037 0.962 0.759 0.387 0.326 0.416 0.503 0.554 0.595 0.563 0.454 0.069 -0.469 -0.736 -0.823 -0.786 -0.693 -0.685 -0.545 -0.767 -1.068 -0.94 -1.324 -1.419 -1.104 -0.942 -0.636 -0.204 -0.057 0.077 0.032 0.055 0.51 0.166 -0.534 -0.228 -0.644 -1.033 -1.109 -0.948 -0.785 -0.8 -1.044 -0.741 -1.076 -1.228 -1.042 -0.788 -0.539 -0.408 -0.374 -0.059 0.128
0.163 0.458 0.682 0.902 1.046 1.06 1.066 1.017 0.717 0.353 0.075 0.274 -0.056 -0.247 -0.337 -0.289 -0.217 -0.179 -0.444 -0.202 -0.251 -0.096 0.256 0.604 0.803 0.883 0.946 0.824 0.775 0.687 0.589 0.405 0.174 0.097 0.13 -0.041 -0.617 -0.884 -1.053 -1.156 -0.935 -0.759 -0.805 -0.95 -1.463 -1.141 -1.189 -1.504 -1.316 -1.046 -0.768 -0.562 -0.614 -0.358 0.065 0.397 0.458 -0.16 -0.762 -0.345 -0.683 -0.962 -1.218 -1.199 -1.053 -0.908 -1.018 -0.731 -0.842 -1.012 -0.808 -0.592 -0.333 -0.086 0.074 0.245 0.253
0.617 0.906 1.018 1.052 1.057 1.029 0.888 0.641 0.129 -0.178 -0.145 -0.032 -0.193 -0.515 -0.546 -0.571 -0.637 -0.695 -0.471 -0.413 -0.504 -0.172 0.174 0.352 0.302 0.517 0.833 1.001 0.78 0.285 -0.002 -0.23 -0.383 -0.56 -0.427 -0.021 -0.305 -0.577 -0.837 -1.15 -1.189 -1.198 -1.202 -1.27 -1.672 -1.196 -0.854 -1.225 -1.371 -1.16 -1.118 -0.955 -0.801 -0.46 0.011 0.486 0.153 -0.464 -0.962 -0.59 -0.603 -1.079 -1.399 -1.267 -1.237 -0.799 -0.792 -0.713 -0.487 -0.679 -0.628 -0.359 -0.144 0.083 0.219 0.217 -0.08
0.969 1.018 1.048 1.047 1.013 0.73 0.38 0.259 -0.206 -0.426 -0.297 -0.2 -0.256 -0.703 -0.905 -1.051 -0.964 -0.735 -0.61 -0.574 -0.403 -0.117 0.225 0.073 -0.121 0.039 0.583 0.828 0.786 0.055 -0.438 -0.605 -0.753 -0.962 -0.81 -0.464 -0.282 -0.248 -0.736 -1.191 -1.501 -1.533 -1.467 -1.517 -1.679 -1.258 -0.783 -0.79 -1.107 -1.335 -1.333 -0.968 -0.697 -0.475 0.056 0.414 -0.158 -0.722 -1.13 -0.78 -0.705 -1.239 -1.404 -1.072 -1.098 -0.822 -0.5 -0.47 -0.202 -0.303 -0.339 -0.367 -0.113 0.117 0.084 0.008 -0.493
1.03 1.028 0.991 0.898 0.712 0.235 -0.203 -0.312 -0.429 -0.514 -0.428 -0.432 -0.364 -0.625 -0.932 -1.058 -0.804 -0.59 -0.412 -0.254 -0.065 0.163 0.12 -0.344 -0.374 0.458 0.685 0.418 0.755 0.406 -0.131 -0.409 -0.603 -0.884 -0.999 -0.827 -0.529 -0.279 -0.769 -1.289 -1.529 -1.352 -1.296 -1.338 -1.481 -1.351 -1.009 -0.732 -0.611 -0.991 -1.162 -0.806 -0.64 -0.521 -0.01 0.359 -0.34 -0.862 -1.205 -1.01 -0.862 -1.224 -1.082 -1.033 -0.637 -0.599 -0.261 -0.095 0.006 0.033 0.061 0.066 0.098 0.051 -0.127 -0.008 -0.207
1.02 0.944 0.774 0.521 0.177 -0.183 -0.579 -0.545 -0.606 -0.732 -0.809 -0.804 -0.661 -0.761 -0.817 -0.815 -0.651 -0.443 -0.299 -0.037 0.042 0.033 -0.125 -0.715 -0.283 0.768 0.414 -0.106 0.441 0.661 0.447 -0.027 -0.244 -0.585 -0.944 -1.115 -0.876 -0.663 -0.894 -1.26 -1.55 -1.235 -0.904 -0.892 -1.173 -1.331 -1.266 -0.911 -0.488 -0.441 -0.636 -0.479 -0.284 -0.101 0.164 0.331 -0.21 -0.632 -1.087 -1.132 -1.023 -1.031 -0.75 -0.857 -0.496 -0.299 -0.104 -0.018 -0.179 -0.069 -0.125 -0.13 -0.243 -0.247 -0.087 0.003 -0.237
0.923 0.614 0.36 0.163 -0.262 -0.432 -0.597 -0.745 -0.784 -0.815 -0.907 -0.78 -0.722 -0.722 -0.587 -0.494 -0.437 -0.317 -0.119 -0.027 -0.378 -0.472 -0.342 -0.771 -0.192 0.689 0.086 -0.524 0.034 0.428 0.612 0.405 0.191 -0.297 -0.785 -1.208 -1.203 -1.137 -1.079 -1.229 -1.526 -1.446 -0.917 -0.641 -0.689 -1.016 -1.144 -0.949 -0.712 -0.476 -0.14 0.026 0.148 0.106 0.165 0.003 -0.427 -0.803 -0.937 -0.816 -0.732 -0.698 -0.677 -0.585 -0.406 -0.187 -0.181 -0.422 -0.429 -0.22 -0.499 -0.344 -0.549 -0.488 -0.185 -0.106 -0.562
0.79 0.253 -0.083 -0.239 -0.236 -0.285 -0.452 -0.595 -0.591 -0.493 -0.651 -0.612 -0.552 -0.412 -0.345 -0.203 -0.196 -0.287 -0.23 -0.377 -0.956 -0.923 -0.774 -0.668 -0.154 0.477 -0.162 -0.854 -0.492 -0.13 0.352 0.544 0.502 0.022 -0.496 -1.098 -1.374 -1.478 -1.289 -1.328 -1.647 -1.755 -1.325 -0.901 -0.554 -0.503 -0.7 -0.605 -0.391 -0.18 -0.054 -0.148 -0.273 -0.459 -0.016 -0.368 -0.724 -0.786 -0.59 -0.665 -0.88 -0.663 -0.587 -0.33 -0.211 -0.422 -0.599 -0.798 -0.429 -0.433 -0.769 -0.548 -0.856 -0.667 -0.169 -0.216 -0.79
0.855 0.384 -0.103 -0.08 0.101 0.057 -0.017 -0.021 -0.157 -0.176 -0.222 -0.159 -0.31 -0.121 -0.02 0.054 -0.016 -0.379 -0.992 -1.07 -1.317 -1.246 -1.181 -0.748 -0.274 0.237 -0.106 -0.704 -0.902 -0.468 -0.093 0.105 0.39 0.187 -0.601 -1.069 -1.163 -1.58 -1.431 -1.422 -1.674 -1.834 -1.658 -1.181 -0.854 -0.51 -0.276 -0.263 -0.225 -0.339 -0.53 -0.717 -0.815 -0.629 -0.155 -0.172 -0.44 -0.463 -0.632 -0.963 -1.104 -0.718 -0.419 -0.468 -0.444 -0.856 -0.929 -0.848 -0.447 -0.685 -0.954 -0.81 -0.987 -0.689 -0.204 -0.282 -0.703
0.693 0.712 0.43 0.51 0.599 0.615 0.565 0.54 0.424 0.264 0.248 0.209 0.033 0.165 0.26 0.266 0.024 -0.816 -1.614 -1.711 -1.599 -1.452 -1.354 -0.907 -0.565 -0.227 -0.223 -0.354 -0.736 -1.015 -0.758 -0.454 0.082 0.2 -0.583 -0.907 -0.978 -1.51 -1.608 -1.484 -1.541 -1.778 -1.662 -1.21 -0.722 -0.574 -0.751 -0.633 -0.816 -0.975 -1.054 -1.028 -0.718 -0.324 0.013 0.016 -0.147 -0.349 -0.666 -1.08 -1.12 -0.86 -0.703 -0.808 -0.501 -1.035 -1.093 -0.778 -0.525 -0.881 -1.078 -1.026 -0.832 -0.424 -0.228 -0.473 -0.733
