data/climatemaps/RS_maps/climate_postbreed_tmp_2010.asc
NCOLS 369 
NROWS 228 
XLLCORNER 479000 
YLLCORNER 73000 
CELLSIZE 1000 
NODATA_value -9 
[rows 68 to 101 of 228, columns 152 to 227 of 369]
0.565 0.571 0.581 0.609 0.568 0.588 0.585 0.615 0.656 0.639 0.541 0.475 0.455 0.437 0.529 0.634 0.64 0.531 0.379 0.317 0.387 0.451 0.393 0.367 0.53 0.625 0.578 0.554 0.707 0.744 0.675 0.56 0.484 0.394 0.362 0.421 0.555 0.638 0.706 0.763 0.829 0.855 0.853 0.817 0.793 0.78 0.767 0.702 0.658 0.63 0.623 0.612 0.529 0.42 0.543 0.565 0.515 0.591 0.677 0.666 0.716 0.79 0.806 0.8 0.8 0.798 0.782 0.754 0.76 0.757 0.764 0.786 0.785 0.764 0.747 0.743
0.599 0.586 0.557 0.598 0.558 0.519 0.519 0.577 0.645 0.628 0.536 0.477 0.452 0.39 0.478 0.605 0.641 0.604 0.437 0.349 0.393 0.411 0.436 0.385 0.496 0.593 0.576 0.529 0.66 0.746 0.719 0.615 0.518 0.428 0.375 0.371 0.509 0.632 0.689 0.755 0.812 0.86 0.86 0.85 0.825 0.791 0.793 0.749 0.706 0.658 0.646 0.635 0.598 0.519 0.532 0.585 0.467 0.524 0.62 0.629 0.631 0.726 0.789 0.8 0.8 0.8 0.8 0.8 0.8 0.8 0.8 0.8 0.8 0.79 0.782 0.779
0.607 0.552 0.539 0.585 0.538 0.444 0.487 0.577 0.611 0.635 0.602 0.516 0.45 0.41 0.446 0.535 0.636 0.646 0.526 0.439 0.433 0.406 0.442 0.477 0.509 0.558 0.566 0.508 0.599 0.736 0.741 0.685 0.568 0.481 0.401 0.356 0.461 0.622 0.696 0.743 0.782 0.851 0.86 0.852 0.83 0.807 0.804 0.769 0.731 0.692 0.657 0.675 0.637 0.62 0.604 0.624 0.492 0.486 0.537 0.601 0.572 0.604 0.693 0.758 0.799 0.807 0.807 0.807 0.807 0.804 0.802 0.803 0.801 0.801 0.797 0.8
0.597 0.543 0.539 0.545 0.485 0.455 0.525 0.563 0.589 0.631 0.641 0.529 0.488 0.497 0.484 0.498 0.614 0.662 0.62 0.521 0.455 0.416 0.404 0.474 0.486 0.533 0.552 0.479 0.532 0.709 0.757 0.738 0.637 0.54 0.455 0.38 0.44 0.597 0.705 0.75 0.774 0.834 0.856 0.851 0.829 0.816 0.806 0.786 0.745 0.708 0.691 0.704 0.728 0.696 0.644 0.609 0.594 0.529 0.519 0.549 0.57 0.561 0.599 0.654 0.753 0.81 0.812 0.802 0.807 0.803 0.803 0.802 0.805 0.806 0.806 0.802
0.605 0.534 0.518 0.498 0.431 0.465 0.536 0.526 0.609 0.627 0.584 0.59 0.588 0.601 0.583 0.553 0.595 0.666 0.661 0.59 0.493 0.406 0.374 0.466 0.482 0.519 0.539 0.46 0.463 0.652 0.759 0.759 0.705 0.626 0.547 0.459 0.455 0.59 0.692 0.768 0.776 0.836 0.866 0.861 0.848 0.813 0.826 0.814 0.784 0.753 0.766 0.793 0.757 0.604 0.556 0.551 0.577 0.574 0.522 0.501 0.538 0.545 0.573 0.62 0.695 0.751 0.774 0.748 0.762 0.762 0.759 0.761 0.787 0.803 0.807 0.809
0.604 0.531 0.501 0.448 0.411 0.45 0.501 0.476 0.574 0.626 0.528 0.501 0.508 0.549 0.607 0.599 0.594 0.653 0.676 0.653 0.561 0.441 0.386 0.477 0.467 0.496 0.546 0.46 0.415 0.568 0.725 0.77 0.745 0.69 0.631 0.538 0.496 0.593 0.693 0.77 0.796 0.842 0.867 0.856 0.846 0.834 0.814 0.837 0.828 0.819 0.823 0.809 0.755 0.692 0.579 0.485 0.48 0.506 0.545 0.489 0.484 0.515 0.543 0.568 0.597 0.612 0.651 0.635 0.615 0.602 0.596 0.63 0.687 0.746 0.778 0.798
0.566 0.555 0.501 0.432 0.423 0.462 0.491 0.465 0.564 0.637 0.569 0.53 0.517 0.558 0.586 0.57 0.585 0.637 0.672 0.673 0.644 0.54 0.494 0.49 0.432 0.454 0.536 0.489 0.405 0.485 0.644 0.774 0.773 0.747 0.692 0.629 0.569 0.607 0.701 0.762 0.793 0.855 0.873 0.849 0.822 0.832 0.83 0.852 0.848 0.841 0.836 0.821 0.73 0.631 0.524 0.437 0.436 0.47 0.528 0.494 0.454 0.472 0.5 0.478 0.49 0.525 0.521 0.444 0.352 0.307 0.373 0.406 0.47 0.568 0.652 0.712
0.552 0.531 0.532 0.433 0.426 0.478 0.527 0.526 0.576 0.629 0.624 0.616 0.623 0.634 0.636 0.634 0.638 0.644 0.66 0.685 0.674 0.638 0.545 0.486 0.429 0.427 0.501 0.52 0.433 0.436 0.573 0.726 0.779 0.76 0.735 0.676 0.638 0.638 0.706 0.757 0.798 0.854 0.873 0.839 0.796 0.835 0.854 0.86 0.859 0.851 0.841 0.805 0.687 0.596 0.487 0.394 0.375 0.42 0.477 0.497 0.451 0.447 0.415 0.299 0.286 0.384 0.383 0.33 0.213 0.189 0.21 0.161 0.175 0.306 0.394 0.474
0.52 0.471 0.522 0.451 0.402 0.43 0.483 0.505 0.556 0.628 0.627 0.629 0.645 0.646 0.646 0.646 0.652 0.665 0.663 0.679 0.679 0.683 0.616 0.512 0.464 0.448 0.462 0.501 0.471 0.456 0.543 0.668 0.77 0.761 0.753 0.713 0.69 0.676 0.724 0.759 0.797 0.855 0.873 0.827 0.807 0.841 0.862 0.862 0.862 0.862 0.842 0.72 0.56 0.531 0.462 0.332 0.342 0.343 0.375 0.391 0.332 0.285 0.185 0.07 0.078 0.19 0.273 0.282 0.223 0.226 0.23 0.106 -0.006 0.015 0.107 0.268
0.457 0.449 0.48 0.486 0.445 0.401 0.435 0.459 0.517 0.572 0.606 0.626 0.634 0.646 0.634 0.552 0.533 0.576 0.628 0.667 0.679 0.699 0.688 0.597 0.511 0.491 0.477 0.482 0.49 0.491 0.535 0.64 0.759 0.772 0.753 0.738 0.737 0.729 0.753 0.77 0.79 0.86 0.877 0.828 0.827 0.845 0.866 0.867 0.867 0.867 0.822 0.59 0.411 0.47 0.446 0.286 0.24 0.196 0.147 0.16 0.057 0.059 0.026 0.079 0.116 0.211 0.258 0.238 0.214 0.207 0.232 0.165 0.02 -0.132 -0.054 0.086
0.445 0.436 0.447 0.406 0.46 0.38 0.387 0.452 0.56 0.576 0.585 0.624 0.626 0.626 0.595 0.501 0.495 0.474 0.571 0.643 0.675 0.7 0.707 0.694 0.645 0.586 0.549 0.54 0.536 0.535 0.564 0.64 0.739 0.772 0.756 0.748 0.768 0.767 0.77 0.768 0.776 0.862 0.887 0.847 0.848 0.846 0.871 0.867 0.867 0.868 0.781 0.468 0.307 0.436 0.454 0.302 0.223 0.185 0.152 0.13 0.055 0.026 0.091 0.201 0.219 0.264 0.233 0.208 0.214 0.225 0.241 0.205 0.084 -0.088 -0.109 -0.096
0.437 0.45 0.426 0.379 0.439 0.469 0.418 0.437 0.499 0.575 0.592 0.606 0.61 0.625 0.614 0.576 0.56 0.492 0.508 0.582 0.657 0.694 0.712 0.719 0.718 0.682 0.647 0.632 0.607 0.596 0.611 0.656 0.725 0.763 0.761 0.759 0.792 0.795 0.777 0.754 0.783 0.875 0.881 0.844 0.847 0.839 0.853 0.87 0.874 0.87 0.683 0.384 0.264 0.418 0.464 0.42 0.387 0.377 0.342 0.245 0.164 0.069 0.067 0.213 0.215 0.172 0.106 0.182 0.229 0.23 0.244 0.209 0.078 0.075 -0.017 -0.227
0.405 0.425 0.44 0.389 0.422 0.507 0.515 0.518 0.53 0.52 0.546 0.599 0.513 0.578 0.623 0.622 0.58 0.538 0.497 0.506 0.606 0.645 0.697 0.718 0.725 0.732 0.699 0.673 0.655 0.638 0.653 0.679 0.72 0.75 0.762 0.783 0.816 0.824 0.793 0.761 0.829 0.886 0.815 0.776 0.766 0.814 0.843 0.881 0.884 0.808 0.455 0.271 0.231 0.39 0.44 0.469 0.473 0.474 0.461 0.374 0.161 0.036 0.142 0.222 0.179 -0.008 0.143 0.234 0.225 0.178 0.234 0.23 0.157 0.051 -0.025 -0.141
0.397 0.431 0.458 0.448 0.481 0.475 0.431 0.443 0.45 0.469 0.504 0.574 0.502 0.513 0.588 0.625 0.611 0.546 0.499 0.531 0.554 0.556 0.623 0.69 0.728 0.739 0.724 0.693 0.681 0.666 0.67 0.694 0.72 0.749 0.78 0.808 0.852 0.861 0.848 0.83 0.873 0.867 0.695 0.626 0.699 0.818 0.861 0.887 0.886 0.748 0.442 0.245 0.223 0.253 0.339 0.443 0.43 0.452 0.482 0.458 0.245 0.123 0.227 0.205 0.088 -0.053 0.1 0.234 0.117 0.068 0.227 0.24 0.116 -0.081 -0.15 -0.238
0.418 0.445 0.422 0.442 0.468 0.45 0.413 0.449 0.469 0.51 0.519 0.554 0.53 0.533 0.563 0.616 0.629 0.611 0.589 0.578 0.525 0.496 0.514 0.597 0.67 0.714 0.731 0.714 0.696 0.689 0.69 0.716 0.735 0.769 0.805 0.832 0.875 0.882 0.884 0.88 0.88 0.799 0.565 0.569 0.739 0.851 0.844 0.832 0.881 0.825 0.579 0.295 0.204 0.104 0.241 0.34 0.145 0.111 0.374 0.478 0.374 0.12 0.235 0.099 -0.126 -0.185 0.118 0.175 0.081 0.134 0.209 0.242 0.115 -0.152 -0.124 -0.22
0.444 0.424 0.385 0.415 0.447 0.45 0.429 0.446 0.487 0.498 0.468 0.513 0.568 0.557 0.585 0.59 0.606 0.628 0.622 0.584 0.516 0.481 0.463 0.487 0.577 0.65 0.706 0.719 0.707 0.718 0.715 0.741 0.763 0.792 0.824 0.86 0.88 0.881 0.875 0.874 0.847 0.618 0.512 0.63 0.784 0.856 0.789 0.829 0.897 0.891 0.774 0.457 0.229 0.061 0.208 0.296 0.168 0.003 0.197 0.472 0.355 0.033 0.196 0.058 -0.141 -0.037 0.168 -0.025 -0.061 0.048 0.04 0.213 0.121 0.041 0.083 -0.065
0.421 0.395 0.359 0.375 0.42 0.422 0.395 0.429 0.491 0.455 0.475 0.465 0.554 0.522 0.566 0.558 0.566 0.597 0.61 0.566 0.476 0.422 0.41 0.409 0.479 0.576 0.657 0.709 0.711 0.724 0.737 0.767 0.794 0.828 0.86 0.877 0.88 0.869 0.864 0.858 0.706 0.509 0.596 0.713 0.793 0.817 0.865 0.896 0.9 0.896 0.883 0.655 0.336 0.122 0.025 0.061 -0.075 -0.112 0.046 0.42 0.291 0.086 0.184 -0.012 -0.2 -0.029 0.135 -0.178 -0.151 -0.223 -0.202 0.038 0.192 0.223 0.042 -0.177
0.39 0.356 0.326 0.352 0.384 0.376 0.376 0.404 0.468 0.425 0.463 0.409 0.501 0.515 0.553 0.548 0.551 0.564 0.589 0.575 0.518 0.454 0.417 0.405 0.415 0.523 0.618 0.691 0.711 0.734 0.753 0.774 0.809 0.856 0.878 0.88 0.852 0.859 0.85 0.714 0.672 0.656 0.696 0.746 0.81 0.84 0.743 0.865 0.905 0.897 0.894 0.743 0.349 0.031 -0.214 -0.271 -0.318 -0.106 0.173 0.4 0.282 0.166 0.049 -0.115 -0.383 -0.131 0.08 -0.299 -0.231 -0.399 -0.329 -0.219 0.017 0.228 0.13 -0.061
0.358 0.294 0.291 0.334 0.361 0.366 0.355 0.392 0.435 0.364 0.426 0.355 0.443 0.43 0.521 0.545 0.542 0.557 0.554 0.586 0.575 0.55 0.512 0.451 0.417 0.478 0.595 0.693 0.712 0.738 0.759 0.774 0.835 0.873 0.88 0.862 0.84 0.842 0.717 0.626 0.667 0.72 0.69 0.771 0.862 0.78 0.55 0.607 0.815 0.889 0.901 0.821 0.4 -0.067 -0.229 -0.168 -0.046 0.149 0.355 0.388 0.207 -0.023 -0.232 -0.196 -0.411 -0.137 0.032 -0.362 -0.322 -0.461 -0.349 -0.219 0.015 0.203 0.125 0.176
0.321 0.257 0.257 0.305 0.302 0.369 0.32 0.383 0.389 0.326 0.361 0.322 0.342 0.344 0.413 0.517 0.55 0.517 0.543 0.589 0.529 0.518 0.54 0.529 0.497 0.522 0.611 0.685 0.721 0.738 0.749 0.813 0.852 0.879 0.853 0.859 0.815 0.744 0.718 0.744 0.718 0.688 0.772 0.863 0.855 0.683 0.355 0.221 0.341 0.714 0.901 0.885 0.697 0.277 0.189 0.171 0.248 0.369 0.47 0.322 0.036 -0.169 -0.386 -0.332 -0.404 -0.06 -0.087 -0.378 -0.449 -0.395 -0.248 -0.072 0.147 0.154 -0.072 0.015
0.243 0.214 0.245 0.226 0.267 0.332 0.276 0.364 0.357 0.289 0.322 0.236 0.277 0.312 0.334 0.436 0.537 0.523 0.566 0.556 0.45 0.447 0.458 0.516 0.55 0.582 0.605 0.676 0.725 0.752 0.781 0.858 0.836 0.852 0.859 0.828 0.775 0.715 0.762 0.718 0.711 0.788 0.883 0.893 0.811 0.494 0.143 -0.094 -0.227 0.254 0.785 0.872 0.833 0.61 0.53 0.472 0.521 0.582 0.587 0.336 -0.012 -0.147 -0.377 -0.399 -0.292 -0.02 -0.242 -0.439 -0.407 -0.223 -0.063 0.036 0.147 -0.08 -0.337 -0.268
0.126 0.139 0.166 0.168 0.239 0.315 0.247 0.307 0.307 0.225 0.276 0.188 0.201 0.286 0.379 0.413 0.52 0.574 0.598 0.622 0.545 0.424 0.381 0.423 0.502 0.579 0.648 0.724 0.764 0.794 0.814 0.802 0.774 0.813 0.848 0.879 0.882 0.855 0.784 0.739 0.803 0.871 0.893 0.883 0.72 0.267 -0.067 -0.367 -0.474 -0.197 0.42 0.726 0.791 0.765 0.747 0.727 0.751 0.775 0.739 0.514 0.23 0.035 -0.155 -0.353 -0.191 -0.057 -0.301 -0.492 -0.389 -0.17 0.01 -0.041 0.124 -0.111 -0.49 -0.598
0.154 0.042 0.079 0.132 0.194 0.257 0.225 0.279 0.281 0.184 0.126 0.187 0.255 0.243 0.276 0.36 0.502 0.495 0.431 0.444 0.598 0.607 0.526 0.517 0.627 0.717 0.768 0.793 0.795 0.796 0.746 0.654 0.689 0.745 0.856 0.871 0.888 0.887 0.812 0.835 0.884 0.896 0.88 0.848 0.703 0.31 -0.102 -0.255 -0.276 -0.22 0.096 0.403 0.615 0.705 0.792 0.829 0.851 0.843 0.824 0.715 0.53 0.316 0.059 -0.342 -0.174 -0.145 -0.349 -0.504 -0.365 -0.195 -0.021 -0.086 0.072 -0.275 -0.705 -0.834
0.128 0.12 0.007 0.08 0.166 0.212 0.21 0.192 0.225 0.133 0.125 0.136 0.207 0.347 0.398 0.423 0.485 0.479 0.332 0.259 0.407 0.565 0.697 0.716 0.741 0.719 0.667 0.615 0.595 0.644 0.652 0.684 0.76 0.819 0.864 0.818 0.84 0.89 0.883 0.882 0.9 0.9 0.866 0.856 0.833 0.702 0.398 0.166 -0.096 -0.299 -0.184 -0.066 0.257 0.463 0.621 0.733 0.792 0.829 0.798 0.802 0.692 0.525 0.239 -0.236 -0.297 -0.314 -0.435 -0.48 -0.316 -0.151 -0.152 -0.393 -0.181 -0.149 -0.758 -0.73
0.029 0.046 0.07 -0.023 0.078 0.188 0.137 0.148 0.154 0.19 0.239 0.263 0.291 0.33 0.343 0.465 0.514 0.459 0.297 0.216 0.331 0.537 0.624 0.629 0.597 0.513 0.426 0.32 0.31 0.541 0.603 0.59 0.68 0.793 0.869 0.812 0.799 0.887 0.903 0.903 0.903 0.903 0.894 0.897 0.904 0.885 0.797 0.629 0.283 -0.265 -0.347 -0.287 -0.072 0.059 0.269 0.418 0.491 0.532 0.545 0.812 0.778 0.692 0.472 0.115 -0.226 -0.394 -0.377 -0.41 -0.278 -0.347 -0.352 -0.653 -0.303 -0.122 -0.684 -0.815
-0.016 -0.064 0.025 -0.055 0.023 0.088 0.08 0.087 0.063 0.133 0.177 0.175 0.257 0.324 0.417 0.421 0.498 0.43 0.231 0.23 0.377 0.553 0.495 0.43 0.427 0.381 0.342 0.226 0.172 0.408 0.358 0.315 0.453 0.663 0.844 0.861 0.817 0.884 0.907 0.907 0.907 0.907 0.907 0.907 0.907 0.911 0.909 0.869 0.651 0.14 -0.135 -0.048 0.093 -0.112 -0.139 -0.002 0.121 0.393 0.711 0.845 0.825 0.76 0.637 0.351 0.012 -0.095 -0.183 -0.413 -0.437 -0.61 -0.565 -0.487 -0.254 -0.473 -0.848 -1.018
0.067 -0.05 -0.114 -0.091 -0.063 -0.048 -0.064 -0.079 -0.056 0.019 0.051 0.11 0.23 0.352 0.395 0.33 0.495 0.399 0.218 0.277 0.331 0.48 0.39 0.36 0.397 0.386 0.298 0.181 0.152 0.255 0.182 0.132 0.236 0.489 0.764 0.883 0.837 0.888 0.907 0.9 0.888 0.799 0.811 0.889 0.885 0.885 0.904 0.912 0.789 0.289 0.028 0.35 0.339 -0.109 0.05 0.379 0.571 0.739 0.85 0.852 0.831 0.709 0.472 0.381 0.221 -0.004 -0.111 -0.243 -0.42 -0.667 -0.694 -0.622 -0.695 -0.837 -1.007 -1.051
0.036 -0.068 -0.148 -0.101 -0.147 -0.029 -0.158 -0.134 -0.122 -0.034 0.008 0.117 0.18 0.272 0.369 0.345 0.486 0.352 0.197 0.187 0.233 0.363 0.405 0.369 0.28 0.245 0.145 0.028 0.122 0.092 0.005 -0.026 0.122 0.384 0.689 0.891 0.891 0.903 0.907 0.748 0.603 0.441 0.47 0.656 0.719 0.783 0.857 0.9 0.774 0.498 0.536 0.727 0.393 0.318 0.703 0.854 0.868 0.871 0.778 0.702 0.675 0.583 0.47 0.522 0.303 0.169 0.081 0.047 -0.221 -0.467 -0.548 -0.518 -0.417 -0.424 -0.495 -0.523
-0.007 -0.143 -0.055 -0.003 -0.082 0.01 -0.087 -0.06 -0.008 0.08 0.099 0.179 0.145 0.291 0.351 0.398 0.452 0.285 0.151 0.111 0.089 0.262 0.338 0.155 0.062 -0.069 -0.166 -0.211 0.064 -0.065 -0.252 -0.145 0.132 0.436 0.698 0.89 0.907 0.907 0.783 0.524 0.44 0.419 0.656 0.805 0.867 0.887 0.899 0.906 0.894 0.878 0.889 0.892 0.826 0.857 0.892 0.863 0.816 0.875 0.646 0.435 0.275 0.286 0.17 0.308 0.395 0.546 0.48 0.28 0.03 -0.117 0.1 0.186 0.086 -0.131 -0.303 -0.437
-0.057 -0.115 0.001 0.063 0.006 0.019 0.004 -0.082 -0.027 0.062 0.146 0.232 0.245 0.271 0.35 0.439 0.401 0.253 0.142 0.026 -0.039 0.153 0.209 0.005 -0.092 -0.277 -0.269 -0.147 -0.085 -0.317 -0.658 -0.574 -0.091 0.37 0.583 0.766 0.836 0.876 0.633 0.446 0.584 0.772 0.888 0.902 0.906 0.907 0.907 0.907 0.907 0.907 0.907 0.899 0.893 0.875 0.745 0.556 0.617 0.873 0.64 0.089 -0.413 -0.409 -0.253 -0.154 -0.141 0.06 0.311 0.505 0.461 0.454 0.481 0.426 0.013 -0.324 -0.443 -0.575
-0.059 -0.047 0.056 0.131 0.105 0.106 0.049 -0.091 0.028 0.093 0.153 0.162 0.215 0.313 0.433 0.362 0.316 0.293 0.208 0.07 -0.009 -0.025 -0.039 -0.207 -0.272 -0.534 -0.574 -0.418 -0.58 -0.728 -0.787 -0.58 -0.041 0.506 0.704 0.741 0.87 0.896 0.77 0.761 0.881 0.891 0.883 0.846 0.8 0.812 0.869 0.893 0.9 0.901 0.885 0.832 0.713 0.521 0.296 0.24 0.58 0.878 0.587 -0.187 -0.737 -0.556 -0.475 -0.479 -0.438 -0.406 -0.306 0.078 0.303 0.255 0.259 0.13 0.039 -0.028 -0.394 -0.618
0.052 0.054 0.087 0.176 0.172 0.093 -0.009 -0.028 0.06 0.062 0.086 0.169 0.316 0.426 0.356 0.218 0.171 0.156 0.153 0.159 0.125 -0.005 -0.203 -0.511 -0.598 -0.454 -0.414 -0.349 -0.478 -0.504 -0.553 -0.283 0.308 0.825 0.894 0.883 0.812 0.79 0.888 0.884 0.886 0.832 0.733 0.63 0.379 0.304 0.638 0.699 0.744 0.75 0.664 0.495 0.378 0.266 0.23 0.357 0.591 0.874 0.711 0.109 -0.42 -0.577 -0.642 -0.671 -0.636 -0.659 -0.534 -0.344 -0.271 -0.353 -0.123 -0.456 -0.291 0.051 -0.026 -0.426
0.15 0.119 0.108 0.224 0.116 0.067 -0.008 0.064 0.092 0.052 0.17 0.29 0.42 0.404 0.183 0.072 -0.012 0.006 0.119 0.038 0.009 0.1 -0.219 -0.486 -0.557 -0.369 -0.259 -0.118 -0.091 -0.148 -0.029 0.333 0.779 0.899 0.806 0.564 0.75 0.72 0.724 0.764 0.838 0.8 0.551 0.247 -0.136 0.038 0.333 0.25 0.223 0.201 0.254 0.237 0.028 -0.175 -0.108 0.249 0.733 0.877 0.836 0.45 0.057 -0.128 -0.307 -0.413 -0.485 -0.627 -0.647 -0.68 -0.858 -0.686 -0.315 -0.842 -0.797 -0.414 0.155 -0.179
0.192 0.127 0.229 0.21 0.08 -0.046 -0.048 0.036 0.145 0.186 0.288 0.38 0.432 0.304 -0.008 -0.105 -0.183 0.03 0.001 -0.168 -0.231 -0.002 -0.185 -0.426 -0.48 -0.379 -0.391 -0.239 0.137 0.374 0.542 0.736 0.867 0.883 0.624 0.69 0.701 0.357 0.32 0.333 0.542 0.814 0.508 -0.128 -0.469 -0.169 0.019 -0.17 -0.273 -0.207 0.034 -0.083 -0.421 -0.614 -0.284 0.448 0.861 0.88 0.783 0.194 -0.215 -0.217 -0.247 -0.392 -0.538 -0.723 -0.958 -1.143 -1.213 -0.747 -0.414 -1.111 -1.052 -0.64 -0.178 0.028
