data/climatemaps/RS_maps/climate_postbreed_tmp_2008.asc
NCOLS 369 
NROWS 228 
XLLCORNER 479000 
YLLCORNER 73000 
CELLSIZE 1000 
NODATA_value -9 
[rows 170 to 203 of 228, columns 231 to 307 of 369]
-1.015 -0.888 -0.771 -0.743 -0.234 -0.129 0.307 0.995 1.372 0.975 0.266 -0.183 -0.449 -0.554 -0.787 -1.336 -1.173 -0.624 0.066 0.277 -0.38 -1.094 -0.936 -0.3 0.692 1.183 0.613 -0.001 -0.155 -0.398 -0.181 -0.984 -1.231 -0.956 -0.504 -0.073 0.159 0.557 0.84 1.36 1.468 1.126 0.558 0.226 0.182 -0.01 0.142 -0.205 -0.448 -0.361 -0.469 -0.676 -1.053 -1.258 -0.889 -0.947 -0.805 -1.184 -1.746 -1.337 -1.466 -1.976 -2.213 -1.712 -1.766 -2.101 -1.669 -1.193 -0.663 -0.563 -0.918 -1.234 -0.929 -0.36 -0.086 -0.274 -0.603
-0.941 -1.119 -1.022 -0.782 -0.526 -0.631 -0.03 0.775 1.35 1.259 0.579 -0.035 -0.174 -0.67 -0.979 -1.314 -0.939 -0.394 0.288 0.253 -0.402 -0.992 -0.28 0.264 1.162 1.068 0.302 -0.234 -0.033 -0.706 -0.216 -0.813 -0.998 -0.591 -0.441 0.013 0.534 0.931 1.312 1.509 1.409 1.051 0.586 0.137 -0.307 -0.653 -0.346 -0.402 -0.868 -1.019 -1.061 -1.066 -1.024 -1.323 -1.499 -1.697 -1.649 -1.692 -1.825 -1.461 -1.536 -1.77 -2.07 -1.944 -1.927 -1.979 -1.484 -1.011 -0.877 -1.001 -0.922 -1.403 -1.237 -0.762 -0.107 -0.11 -0.567
-0.895 -0.893 -0.904 -1.039 -0.755 -0.503 0.003 0.647 1.241 1.369 0.852 0.188 -0.358 -0.934 -1.357 -1.159 -0.829 -0.363 0.277 0.374 -0.323 -0.824 0.024 0.899 1.27 0.761 -0.009 -0.54 -0.081 -0.742 -0.43 -0.901 -0.876 -0.47 -0.173 -0.091 0.462 1.024 1.451 1.551 1.416 0.988 0.527 0.109 -0.242 -0.732 -0.866 -0.782 -1.108 -1.45 -1.12 -0.682 -0.614 -1.224 -1.713 -1.696 -1.714 -1.939 -1.954 -1.831 -1.617 -1.215 -1.571 -1.77 -1.885 -1.889 -1.543 -1.296 -1.506 -1.353 -1.065 -1.627 -1.414 -1.071 -0.236 0.175 -0.176
-0.584 -0.353 -0.778 -0.79 -0.331 0.02 0.271 0.393 1.098 1.42 1.151 0.533 -0.119 -0.668 -1.129 -0.852 -0.577 -0.455 0.075 0.559 -0.314 -0.314 0.185 1.091 1.136 0.342 -0.421 -0.882 -0.396 -0.71 -0.804 -0.902 -0.593 -0.287 -0.075 0.071 0.452 0.838 1.418 1.578 1.559 1.238 0.478 -0.16 -0.557 -0.871 -0.959 -1.01 -1.069 -1.191 -0.84 -0.257 -0.586 -1.486 -1.571 -1.29 -1.213 -1.628 -1.545 -1.587 -1.249 -0.851 -1.035 -1.169 -1.307 -1.524 -1.8 -1.877 -2.064 -1.694 -1.364 -1.528 -1.338 -0.949 -0.263 0.354 0.384
-0.078 -0.347 -0.874 -0.714 -0.386 -0.016 0.023 -0.019 0.978 1.421 1.386 0.89 0.363 -0.067 -0.754 -0.793 -0.448 0.051 0.456 0.288 -0.295 0.104 0.695 1.297 0.821 0.01 -0.665 -0.903 -0.819 -0.852 -0.993 -0.598 -0.336 -0.142 0.041 0.146 0.537 0.629 1.147 1.583 1.603 1.467 0.753 0.075 -0.546 -0.842 -0.728 -0.521 -0.467 -0.543 -0.401 -0.036 -0.593 -1.355 -1.247 -0.887 -0.946 -1.427 -1.055 -1.102 -0.966 -0.561 -0.399 -0.607 -0.821 -1.255 -1.776 -2.21 -2.325 -1.888 -1.693 -1.418 -1.019 -0.534 -0.074 0.497 0.503
-0.125 -0.637 -0.919 -1.038 -0.632 -0.013 -0.338 -0.196 0.597 1.303 1.439 1.238 0.776 0.114 -0.537 -0.883 -0.411 0.137 0.659 0.126 0.059 0.441 1.013 1.308 0.632 0.098 -0.081 -0.292 -0.844 -1.025 -0.764 -0.121 0.04 0.219 0.273 0.4 0.239 0.211 0.898 1.543 1.617 1.593 1.157 0.377 0 -0.498 -0.394 0.078 0.216 0.172 0.161 0.005 -0.657 -1.167 -1.089 -0.546 -0.887 -1.225 -0.621 -0.477 -0.319 -0.004 -0.013 -0.455 -0.855 -1.334 -1.694 -1.953 -2.027 -1.852 -1.661 -1.176 -0.776 -0.366 0.01 0.609 0.295
0.031 -0.218 -0.49 -1.019 -0.569 -0.354 -0.223 0.353 0.577 1 1.411 1.43 1.085 0.539 -0.124 -0.511 -0.507 -0.008 0.554 0.696 0.621 0.754 1.233 1.163 0.426 -0.015 -0.172 0.001 -0.434 -0.868 -0.36 -0.066 -0.348 0.099 -0.098 0.117 -0.181 0.202 0.895 1.406 1.62 1.632 1.553 1.124 0.557 -0.005 -0.037 0.423 -0.091 -0.349 -0.55 -0.43 -0.827 -1.197 -0.787 -0.196 -0.39 -0.631 -0.264 0.264 0.191 -0.087 -0.529 -0.904 -1.282 -1.401 -1.434 -1.706 -1.551 -1.512 -1.425 -1.137 -0.756 -0.306 -0.089 0.589 0.338
0 -0.129 -0.168 -0.783 -0.979 -0.545 0.095 0.048 -0.017 0.508 1.251 1.445 1.326 0.864 0.195 0.13 0.047 0.189 0.46 0.767 0.99 1.175 1.334 0.955 0.159 -0.363 -0.643 -0.312 -0.163 -0.719 -0.184 -0.448 -0.493 -0.098 -0.476 -0.245 -0.326 0.33 0.578 1.116 1.556 1.641 1.64 1.55 0.92 0.25 0.287 0.421 -0.489 -0.808 -1.15 -1.024 -1.158 -1.132 -0.571 -0.099 0.144 0.187 0.375 0.456 -0.313 -0.816 -1.034 -1.157 -1.235 -1.097 -1.381 -1.693 -1.297 -1.115 -1.006 -0.859 -0.575 -0.167 0.147 0.583 0.616
-0.579 -0.766 -0.687 -0.63 -0.832 -0.29 -0.229 -0.318 -0.387 0.239 0.98 1.396 1.447 0.971 0.322 0.751 0.851 0.932 1.042 1.056 1.172 1.341 1.125 0.646 0.074 -0.362 -0.761 -0.737 -0.42 -0.746 -0.439 -0.829 -0.669 -0.6 -0.847 -0.642 -0.568 -0.175 0.133 0.778 1.33 1.643 1.649 1.636 1.107 0.331 0.649 0.507 -0.007 -0.463 -1.195 -1.518 -1.581 -1.344 -0.864 -0.673 -0.158 0.016 0.389 0.548 -0.396 -0.993 -0.969 -0.947 -0.883 -1.073 -1.459 -1.519 -1.221 -1.177 -1.018 -0.895 -0.787 -0.419 -0.159 -9 -9
-0.254 -0.684 -0.983 -0.957 -0.883 -0.785 -0.549 -0.659 -0.282 0.219 0.63 1.177 1.467 1.261 0.852 1.241 1.342 1.394 1.407 1.368 1.323 1.007 0.518 0.266 0.079 -0.176 -0.796 -1.073 -0.823 -0.825 -0.693 -0.671 -0.568 -0.626 -0.809 -0.822 -0.684 -0.723 -0.179 0.567 1.064 1.474 -9 1.66 1.53 0.946 0.935 0.533 -0.125 -0.697 -1.324 -1.213 -1.225 -1.509 -1.289 -1.056 -0.778 -0.759 0.058 0.698 -0.076 -0.416 -0.34 -0.453 -0.761 -1.034 -1.313 -1.418 -1.036 -1.244 -1.175 -1.146 -0.965 -0.725 -0.565 -9 -9
0.329 -0.134 -0.551 -0.572 -0.66 -0.937 -0.771 -0.708 -0.235 0.145 0.444 0.912 1.371 1.456 1.351 1.274 1.111 1.076 1.056 1.03 1.009 0.881 0.464 -0.007 -0.286 -0.327 -0.68 -1.04 -0.589 -0.626 -0.362 -0.113 0.03 -0.111 -0.518 -0.437 -0.365 -0.875 -0.366 0.301 0.364 0.661 -9 -9 1.654 1.573 1.154 0.672 0.182 -0.409 -0.969 -0.771 -0.854 -1.337 -1.206 -1.137 -1.034 -0.728 0.006 0.775 0.299 -0.002 -0.408 -0.544 -0.615 -0.895 -1.001 -1.17 -0.901 -0.886 -0.961 -0.895 -1.033 -1.078 -9 -9 -9
0.686 0.247 -0.025 -0.198 -0.493 -0.696 -0.425 -0.283 -0.06 0.283 0.549 0.918 1.307 1.475 1.33 0.95 0.529 0.365 0.351 0.376 0.613 0.735 0.671 0.209 -0.401 -0.825 -0.919 -0.895 -0.225 -0.479 -0.297 -0.26 -0.074 0.28 -0.355 -0.046 -0.367 -0.596 -0.38 -0.179 -0.212 -9 -9 -9 -9 -9 1.158 0.39 0.132 -0.131 -0.368 -0.439 -0.781 -1.298 -1.116 -0.849 -0.633 -0.348 0.329 0.767 0.144 -0.044 -0.24 -0.255 -0.076 -0.24 -0.55 -0.565 -0.537 -0.427 -0.658 -0.344 -9 -9 -9 -9 -9
0.423 0.2 -0.011 -0.191 -0.222 -0.434 -0.078 0.211 0.01 0.192 0.613 1.184 1.441 1.398 0.942 0.76 0.568 0.315 0 -0.115 0.217 0.167 0.429 0.381 -0.092 -0.581 -0.757 -0.616 -0.056 -0.44 -0.726 -0.587 -0.072 0.479 0.265 0.288 -0.194 -0.006 0.03 0.171 0.029 -9 -9 -9 -9 -9 -9 0.535 0.327 0.021 -0.291 -0.587 -1.005 -1.377 -1.243 -0.794 -0.324 0.103 0.665 0.485 0.076 0.389 0.264 0.271 0.497 0.38 -0.019 -0.02 0.043 0.03 -0.148 -9 -9 -9 -9 -9 -9
0.459 0.151 -0.011 0.065 0.243 -0.076 0.045 0.493 0.544 0.625 0.968 1.46 1.499 1.23 0.538 0.305 0.385 0.368 0.192 -0.245 -0.256 -0.152 0.049 0.218 -0.18 -0.58 -0.24 0.089 0.242 -0.277 -0.309 -0.119 0.275 0.691 0.82 0.659 0.206 0.435 0.359 0.564 0.45 -9 -9 -9 -9 -9 -9 -9 -9 -9 -9 -0.939 -1.118 -1.151 -0.902 -0.818 -0.359 0.348 0.92 0.417 0.558 0.855 0.809 0.85 0.955 0.649 0.272 -9 -9 -9 -9 -9 -9 -9 -9 -9 -9
0.703 0.638 0.53 0.599 0.599 0.37 0.43 0.618 0.912 1.196 1.356 1.52 1.43 1.103 0.495 -0.009 -0.06 -0.024 -0.013 -0.295 -0.652 -0.393 -0.249 -0.182 -0.192 -0.722 -0.455 0.166 0.525 0.159 0.171 0.325 0.295 0.66 1.043 0.832 0.425 0.792 0.727 0.968 0.982 -9 -9 -9 -9 -9 -9 -9 -9 -9 -9 -9 -9 -9 -9 -9 -0.04 0.566 1.099 0.711 1.088 1.306 -9 -9 -9 -9 -9 -9 -9 -9 -9 -9 -9 -9 -9 -9 -9
1.259 1.176 1.073 1.114 1.075 0.946 1.027 1.101 1.283 1.48 1.516 1.523 1.326 0.975 0.507 0.11 0.044 -0.098 -0.25 -0.384 -0.631 -0.638 -0.424 -0.565 -0.46 -0.718 -0.244 0.274 0.684 0.385 0.462 0.704 0.392 0.584 1.055 0.962 0.646 1.076 1.326 1.416 -9 -9 -9 -9 -9 -9 -9 -9 -9 -9 -9 -9 -9 -9 -9 -9 -9 -9 -9 -9 -9 -9 -9 -9 -9 -9 -9 -9 -9 -9 -9 -9 -9 -9 -9 -9 -9
1.526 1.5 1.463 1.459 1.46 1.426 1.448 1.477 1.515 1.534 1.52 1.485 1.263 0.934 0.69 0.646 0.6 0.422 0.26 0.126 -0.08 -0.418 -0.713 -0.822 -0.634 -0.245 0.119 0.473 0.798 0.714 0.736 0.97 0.815 0.919 1.075 1.196 1.064 1.455 1.616 -9 -9 -9 -9 -9 -9 -9 -9 -9 -9 -9 -9 -9 -9 -9 -9 -9 -9 -9 -9 -9 -9 -9 -9 -9 -9 -9 -9 -9 -9 -9 -9 -9 -9 -9 -9 -9 -9
1.546 1.545 1.547 1.545 1.544 1.545 1.545 1.548 1.548 1.541 1.501 1.332 1.05 1.016 0.918 0.818 0.566 0.49 0.309 0.174 -0.164 -0.291 -0.467 -0.431 -0.253 0.037 0.277 0.442 0.577 0.846 0.964 1.077 1.201 1.17 1.126 1.408 1.508 1.653 1.676 -9 -9 -9 -9 -9 -9 -9 -9 -9 -9 -9 -9 -9 -9 -9 -9 -9 -9 -9 -9 -9 -9 -9 -9 -9 -9 -9 -9 -9 -9 -9 -9 -9 -9 -9 -9 -9 -9
1.549 1.548 1.544 1.549 1.549 1.549 1.549 1.534 1.524 1.442 1.241 0.919 0.538 0.351 0.285 0.456 0.184 -0.052 -0.252 0.036 -0.363 -0.342 0.005 0.006 -0.058 -0.054 0.018 0.075 0.217 0.517 0.742 0.919 1.292 1.474 1.462 1.58 1.664 1.676 -9 -9 -9 -9 -9 -9 -9 -9 -9 -9 -9 -9 -9 -9 -9 -9 -9 -9 -9 -9 -9 -9 -9 -9 -9 -9 -9 -9 -9 -9 -9 -9 -9 -9 -9 -9 -9 -9 -9
1.323 1.207 1.316 1.307 1.368 1.375 1.367 1.23 1.103 0.999 0.691 0.384 0.032 -0.05 -0.18 -0.112 0.245 -0.04 -0.436 -0.208 -0.443 -0.105 0.151 0.325 0.357 0.347 0.337 0.245 0.415 0.607 0.784 1.047 1.41 1.635 1.663 1.671 1.676 -9 -9 -9 -9 -9 -9 -9 -9 -9 -9 -9 -9 -9 -9 -9 -9 -9 -9 -9 -9 -9 -9 -9 -9 -9 -9 -9 -9 -9 -9 -9 -9 -9 -9 -9 -9 -9 -9 -9 -9
0.625 0.599 1.001 1.074 1.036 0.761 0.825 0.735 0.616 0.56 0.672 0.498 0.22 -0.07 -0.423 -0.559 -0.224 -0.165 -0.543 -0.453 -0.452 -0.382 -0.164 0.115 0.376 0.525 0.705 0.737 0.878 1.047 1.144 1.349 1.604 1.667 1.669 1.674 1.676 -9 -9 -9 -9 -9 -9 -9 -9 -9 -9 -9 -9 -9 -9 -9 -9 -9 -9 -9 -9 -9 -9 -9 -9 -9 -9 -9 -9 -9 -9 -9 -9 -9 -9 -9 -9 -9 -9 -9 -9
0.042 0.494 0.527 0.852 1.177 0.729 0.391 0.554 0.581 0.788 0.621 0.509 0.372 0.047 -0.275 -0.47 -0.526 -0.42 -0.518 -0.265 -0.239 -0.545 -0.46 -0.241 -0.112 0.107 0.438 0.648 0.801 0.911 0.935 1.259 1.637 1.669 1.663 1.627 1.668 -9 -9 -9 -9 -9 -9 -9 -9 -9 -9 -9 -9 -9 -9 -9 -9 -9 -9 -9 -9 -9 -9 -9 -9 -9 -9 -9 -9 -9 -9 -9 -9 -9 -9 -9 -9 -9 -9 -9 -9
0.012 0.33 0.079 0.629 1.151 1.015 0.709 0.827 0.76 0.708 0.269 0.138 0.16 0.052 -0.059 -0.312 -0.604 -0.438 -0.231 0.101 -0.011 -0.352 -0.532 -0.47 -0.461 -0.355 -0.009 0.2 0.264 0.463 0.861 1.386 1.653 1.669 1.658 1.528 -9 -9 -9 -9 -9 -9 -9 -9 -9 -9 -9 -9 -9 -9 -9 -9 -9 -9 -9 -9 -9 -9 -9 -9 -9 -9 -9 -9 -9 -9 -9 -9 -9 -9 -9 -9 -9 -9 -9 -9 -9
-0.069 -0.114 -0.014 0.546 1.017 1.216 0.989 0.855 0.777 0.453 0.087 -0.163 -0.067 -0.099 0.02 -0.059 -0.442 -0.287 0.005 0.373 0.273 -0.097 -0.155 -0.168 -0.36 -0.45 -0.443 -0.268 -0.205 0.369 0.94 1.447 1.665 1.669 1.678 -9 -9 -9 -9 -9 -9 -9 -9 -9 -9 -9 -9 -9 -9 -9 -9 -9 -9 -9 -9 -9 -9 -9 -9 -9 -9 -9 -9 -9 -9 -9 -9 -9 -9 -9 -9 -9 -9 -9 -9 -9 -9
-0.276 -0.187 -0.021 0.535 1.016 1.197 0.788 0.618 0.648 0.243 0.046 -0.08 0.096 0.164 0.358 0.35 -0.116 -0.216 0.148 0.516 0.456 0.107 0.25 0.101 0.075 -0.283 -0.455 -0.52 -0.291 0.249 0.809 1.411 1.647 1.669 1.676 -9 -9 -9 -9 -9 -9 -9 -9 -9 -9 -9 -9 -9 -9 -9 -9 -9 -9 -9 -9 -9 -9 -9 -9 -9 -9 -9 -9 -9 -9 -9 -9 -9 -9 -9 -9 -9 -9 -9 -9 -9 -9
-0.181 0.139 0.327 0.834 1.256 1.036 0.615 0.627 0.839 0.369 0.292 0.312 0.416 0.56 0.628 0.554 0.219 -0.065 0.246 0.605 0.702 0.475 0.589 0.445 0.218 -0.08 0.026 -0.235 -0.197 0.361 0.893 1.414 1.66 1.676 -9 -9 -9 -9 -9 -9 -9 -9 -9 -9 -9 -9 -9 -9 -9 -9 -9 -9 -9 -9 -9 -9 -9 -9 -9 -9 -9 -9 -9 -9 -9 -9 -9 -9 -9 -9 -9 -9 -9 -9 -9 -9 -9
-0.208 0.045 0.562 0.94 1.296 1.013 0.72 0.705 0.978 0.63 0.64 0.758 0.758 0.727 0.585 0.531 0.179 0.047 0.276 0.411 0.633 0.876 0.873 0.65 0.144 0.3 0.162 -0.231 -0.134 0.439 0.932 1.377 -9 -9 -9 -9 -9 -9 -9 -9 -9 -9 -9 -9 -9 -9 -9 -9 -9 -9 -9 -9 -9 -9 -9 -9 -9 -9 -9 -9 -9 -9 -9 -9 -9 -9 -9 -9 -9 -9 -9 -9 -9 -9 -9 -9 -9
0.003 0.126 0.385 0.803 1.224 1.273 0.989 0.936 1.074 0.946 0.904 0.837 0.661 0.454 0.354 0.304 0.039 0.151 0.458 0.504 0.361 0.812 0.878 0.446 0.334 0.608 0.369 0.026 0.276 0.556 1.033 -9 -9 -9 -9 -9 -9 -9 -9 -9 -9 -9 -9 -9 -9 -9 -9 -9 -9 -9 -9 -9 -9 -9 -9 -9 -9 -9 -9 -9 -9 -9 -9 -9 -9 -9 -9 -9 -9 -9 -9 -9 -9 -9 -9 -9 -9
0.189 0.417 0.275 0.729 1.219 1.373 1.242 1.143 1.168 1.081 0.931 0.886 0.634 0.307 0.093 -0.05 -0.153 0.048 0.337 0.619 0.56 0.768 0.862 0.287 0.517 0.706 0.25 0.122 0.546 0.92 -9 -9 -9 -9 -9 -9 -9 -9 -9 -9 -9 -9 -9 -9 -9 -9 -9 -9 -9 -9 -9 -9 -9 -9 -9 -9 -9 -9 -9 -9 -9 -9 -9 -9 -9 -9 -9 -9 -9 -9 -9 -9 -9 -9 -9 -9 -9
0.322 0.629 0.451 0.813 1.292 1.339 1.311 1.156 1.217 1.209 1.026 0.763 0.369 0.253 0.293 0.05 0.027 0.356 0.557 0.852 0.813 1.105 1.128 0.858 0.788 0.895 0.862 0.627 0.912 -9 -9 -9 -9 -9 -9 -9 -9 -9 -9 -9 -9 -9 -9 -9 -9 -9 -9 -9 -9 -9 -9 -9 -9 -9 -9 -9 -9 -9 -9 -9 -9 -9 -9 -9 -9 -9 -9 -9 -9 -9 -9 -9 -9 -9 -9 -9 -9
0.45 0.749 0.764 0.898 1.354 1.369 1.3 1.119 1.325 1.292 1.037 0.577 0.336 0.542 0.579 0.567 0.561 0.283 0.511 1.013 1.228 1.363 1.419 1.399 1.253 1.045 1.128 0.999 1.169 -9 -9 -9 -9 -9 -9 -9 -9 -9 -9 -9 -9 -9 -9 -9 -9 -9 -9 -9 -9 -9 -9 -9 -9 -9 -9 -9 -9 -9 -9 -9 -9 -9 -9 -9 -9 -9 -9 -9 -9 -9 -9 -9 -9 -9 -9 -9 -9
0.745 0.897 0.809 0.947 1.373 1.435 1.323 1.235 1.395 1.255 0.838 0.428 0.554 0.866 1.084 1.106 0.867 0.503 0.877 1.324 1.519 1.515 1.475 1.468 1.451 1.363 1.264 1.239 1.294 -9 -9 -9 -9 -9 -9 -9 -9 -9 -9 -9 -9 -9 -9 -9 -9 -9 -9 -9 -9 -9 -9 -9 -9 -9 -9 -9 -9 -9 -9 -9 -9 -9 -9 -9 -9 -9 -9 -9 -9 -9 -9 -9 -9 -9 -9 -9 -9
0.973 0.958 0.759 1.068 1.416 1.458 1.312 1.337 1.441 1.159 0.547 0.276 0.644 0.959 1.295 1.355 1.194 1.226 1.454 1.542 1.455 1.299 1.085 1.039 1.149 1.322 1.368 1.382 -9 -9 -9 -9 -9 -9 -9 -9 -9 -9 -9 -9 -9 -9 -9 -9 -9 -9 -9 -9 -9 -9 -9 -9 -9 -9 -9 -9 -9 -9 -9 -9 -9 -9 -9 -9 -9 -9 -9 -9 -9 -9 -9 -9 -9 -9 -9 -9 -9
1.027 0.797 0.923 1.295 1.473 1.443 1.331 1.438 1.445 1.085 0.614 0.702 1.216 1.475 1.524 1.527 1.54 1.544 1.531 1.429 1.02 0.79 0.435 0.335 0.593 0.815 1.053 1.236 -9 -9 -9 -9 -9 -9 -9 -9 -9 -9 -9 -9 -9 -9 -9 -9 -9 -9 -9 -9 -9 -9 -9 -9 -9 -9 -9 -9 -9 -9 -9 -9 -9 -9 -9 -9 -9 -9 -9 -9 -9 -9 -9 -9 -9 -9 -9 -9 -9
