data/climatemaps/RS_maps/climate_winter_tmin_2011.asc
NCOLS 369 
NROWS 228 
XLLCORNER 479000 
YLLCORNER 73000 
CELLSIZE 1000 
NODATA_value -9 
[rows 68 to 101 of 228, columns 77 to 153 of 369]
0.624 0.595 0.541 0.505 0.506 0.557 0.67 0.667 0.467 0.459 0.447 0.443 0.428 0.413 0.411 0.408 0.407 0.397 0.382 0.367 0.332 0.326 0.324 0.364 0.483 0.512 0.544 0.551 0.519 0.527 0.524 0.539 0.561 0.552 0.55 0.524 0.532 0.516 0.478 0.451 0.44 0.399 0.297 0.194 0.191 0.212 0.225 0.319 0.346 0.358 0.43 0.545 0.635 0.672 0.703 0.722 0.743 0.751 0.752 0.767 0.771 0.764 0.744 0.749 0.75 0.756 0.776 0.792 0.807 0.796 0.773 0.787 0.801 0.794 0.75 0.748 0.757
0.606 0.547 0.506 0.516 0.586 0.637 0.683 0.536 0.419 0.45 0.439 0.427 0.406 0.406 0.418 0.415 0.413 0.395 0.376 0.364 0.355 0.365 0.409 0.484 0.541 0.544 0.552 0.567 0.573 0.561 0.568 0.573 0.577 0.567 0.562 0.557 0.541 0.469 0.423 0.359 0.273 0.192 0.219 0.198 0.287 0.369 0.469 0.531 0.57 0.6 0.639 0.663 0.664 0.684 0.714 0.741 0.76 0.762 0.763 0.781 0.783 0.771 0.777 0.763 0.757 0.777 0.796 0.791 0.785 0.783 0.792 0.782 0.779 0.792 0.787 0.766 0.763
0.584 0.518 0.506 0.582 0.652 0.664 0.565 0.473 0.451 0.457 0.435 0.412 0.411 0.42 0.42 0.422 0.412 0.413 0.424 0.444 0.469 0.446 0.441 0.483 0.523 0.557 0.565 0.542 0.508 0.478 0.463 0.45 0.445 0.414 0.391 0.383 0.329 0.258 0.213 0.157 0.156 0.24 0.334 0.425 0.532 0.588 0.636 0.66 0.673 0.685 0.697 0.681 0.715 0.736 0.752 0.766 0.772 0.778 0.776 0.78 0.759 0.745 0.757 0.764 0.784 0.787 0.779 0.763 0.765 0.78 0.782 0.764 0.757 0.764 0.792 0.77 0.739
0.563 0.54 0.589 0.67 0.624 0.53 0.467 0.465 0.445 0.411 0.403 0.414 0.433 0.422 0.401 0.403 0.417 0.449 0.445 0.431 0.406 0.383 0.394 0.429 0.495 0.545 0.498 0.435 0.371 0.326 0.297 0.269 0.273 0.254 0.251 0.288 0.274 0.252 0.222 0.221 0.298 0.448 0.524 0.604 0.643 0.674 0.692 0.713 0.721 0.731 0.729 0.729 0.748 0.755 0.77 0.768 0.766 0.775 0.76 0.76 0.747 0.739 0.748 0.765 0.775 0.773 0.758 0.757 0.766 0.773 0.773 0.764 0.75 0.749 0.779 0.762 0.729
0.537 0.625 0.67 0.607 0.493 0.461 0.451 0.428 0.379 0.382 0.41 0.426 0.429 0.397 0.364 0.354 0.363 0.37 0.365 0.377 0.41 0.431 0.443 0.455 0.489 0.489 0.358 0.321 0.293 0.296 0.323 0.358 0.374 0.348 0.324 0.329 0.328 0.335 0.365 0.435 0.54 0.623 0.673 0.705 0.715 0.731 0.75 0.76 0.758 0.758 0.76 0.757 0.761 0.762 0.767 0.765 0.765 0.765 0.751 0.739 0.739 0.745 0.754 0.769 0.761 0.76 0.752 0.754 0.754 0.759 0.763 0.751 0.746 0.738 0.761 0.763 0.719
0.557 0.707 0.609 0.51 0.457 0.437 0.416 0.38 0.373 0.405 0.42 0.406 0.378 0.337 0.305 0.299 0.338 0.38 0.448 0.508 0.557 0.593 0.593 0.585 0.567 0.46 0.397 0.438 0.449 0.516 0.531 0.513 0.456 0.415 0.391 0.397 0.413 0.473 0.568 0.661 0.711 0.726 0.742 0.759 0.757 0.766 0.773 0.77 0.769 0.762 0.763 0.752 0.754 0.751 0.758 0.763 0.767 0.764 0.754 0.744 0.747 0.754 0.754 0.766 0.756 0.752 0.738 0.737 0.749 0.747 0.756 0.732 0.73 0.713 0.725 0.76 0.717
0.639 0.663 0.53 0.476 0.444 0.41 0.4 0.404 0.414 0.414 0.384 0.339 0.301 0.293 0.322 0.407 0.506 0.56 0.608 0.626 0.639 0.636 0.618 0.608 0.603 0.57 0.585 0.606 0.594 0.628 0.541 0.485 0.472 0.499 0.49 0.503 0.55 0.618 0.69 0.749 0.766 0.772 0.771 0.777 0.776 0.776 0.773 0.763 0.759 0.738 0.727 0.719 0.74 0.75 0.757 0.762 0.767 0.765 0.755 0.748 0.743 0.739 0.753 0.761 0.749 0.738 0.73 0.749 0.748 0.734 0.748 0.707 0.688 0.69 0.714 0.735 0.727
0.676 0.573 0.497 0.458 0.44 0.436 0.448 0.443 0.42 0.392 0.331 0.29 0.292 0.366 0.479 0.59 0.63 0.629 0.6 0.528 0.548 0.532 0.438 0.417 0.426 0.53 0.541 0.464 0.545 0.64 0.476 0.499 0.531 0.502 0.536 0.596 0.662 0.725 0.769 0.782 0.787 0.79 0.785 0.786 0.778 0.77 0.754 0.738 0.727 0.697 0.694 0.709 0.744 0.76 0.762 0.757 0.767 0.752 0.744 0.733 0.735 0.745 0.757 0.757 0.745 0.742 0.748 0.744 0.72 0.72 0.739 0.696 0.654 0.671 0.705 0.725 0.71
0.645 0.553 0.48 0.468 0.451 0.447 0.447 0.428 0.386 0.325 0.288 0.325 0.422 0.536 0.611 0.631 0.589 0.482 0.399 0.367 0.382 0.337 0.289 0.274 0.282 0.376 0.375 0.366 0.501 0.667 0.603 0.532 0.546 0.655 0.729 0.762 0.775 0.787 0.801 0.8 0.794 0.794 0.792 0.779 0.754 0.742 0.72 0.697 0.693 0.699 0.715 0.742 0.748 0.762 0.762 0.758 0.759 0.747 0.732 0.726 0.74 0.751 0.74 0.745 0.75 0.745 0.725 0.699 0.693 0.691 0.727 0.692 0.662 0.641 0.668 0.7 0.663
0.623 0.567 0.491 0.451 0.45 0.438 0.403 0.37 0.317 0.291 0.343 0.502 0.584 0.61 0.576 0.478 0.377 0.314 0.291 0.289 0.282 0.257 0.23 0.24 0.292 0.408 0.541 0.612 0.658 0.671 0.692 0.683 0.755 0.788 0.77 0.748 0.764 0.785 0.804 0.8 0.798 0.798 0.786 0.739 0.711 0.701 0.689 0.688 0.719 0.73 0.745 0.746 0.752 0.753 0.761 0.757 0.757 0.749 0.734 0.733 0.75 0.73 0.708 0.733 0.723 0.695 0.693 0.667 0.633 0.656 0.725 0.71 0.674 0.609 0.638 0.651 0.645
0.501 0.57 0.499 0.46 0.438 0.392 0.357 0.331 0.333 0.394 0.55 0.615 0.596 0.474 0.361 0.279 0.227 0.217 0.211 0.25 0.247 0.253 0.274 0.354 0.434 0.567 0.622 0.64 0.627 0.681 0.767 0.811 0.806 0.766 0.761 0.793 0.81 0.812 0.814 0.808 0.805 0.793 0.749 0.707 0.69 0.695 0.704 0.712 0.708 0.711 0.74 0.747 0.756 0.75 0.756 0.754 0.752 0.75 0.746 0.75 0.746 0.73 0.704 0.729 0.681 0.683 0.683 0.639 0.617 0.671 0.705 0.66 0.664 0.591 0.603 0.64 0.632
0.509 0.539 0.495 0.452 0.413 0.365 0.365 0.405 0.474 0.576 0.576 0.514 0.446 0.333 0.198 0.138 0.121 0.167 0.218 0.282 0.31 0.318 0.309 0.346 0.477 0.565 0.508 0.561 0.673 0.799 0.83 0.825 0.802 0.778 0.795 0.82 0.82 0.82 0.82 0.813 0.8 0.778 0.73 0.707 0.705 0.716 0.698 0.706 0.713 0.74 0.757 0.757 0.76 0.759 0.742 0.746 0.747 0.743 0.751 0.743 0.709 0.709 0.662 0.717 0.654 0.653 0.657 0.598 0.641 0.671 0.689 0.628 0.623 0.622 0.618 0.629 0.641
0.503 0.518 0.467 0.427 0.41 0.434 0.525 0.567 0.554 0.47 0.413 0.363 0.322 0.234 0.122 0.082 0.143 0.255 0.374 0.383 0.304 0.236 0.263 0.386 0.469 0.43 0.528 0.679 0.806 0.842 0.832 0.811 0.825 0.831 0.831 0.827 0.825 0.822 0.797 0.79 0.765 0.764 0.728 0.716 0.691 0.67 0.675 0.663 0.683 0.751 0.767 0.761 0.757 0.757 0.743 0.746 0.756 0.731 0.728 0.687 0.682 0.702 0.696 0.674 0.647 0.613 0.632 0.599 0.631 0.644 0.655 0.682 0.662 0.644 0.613 0.6 0.619
0.485 0.481 0.441 0.438 0.475 0.533 0.528 0.455 0.402 0.383 0.382 0.345 0.224 0.161 0.131 0.204 0.309 0.405 0.457 0.34 0.319 0.381 0.461 0.458 0.437 0.517 0.727 0.85 0.854 0.851 0.84 0.833 0.821 0.839 0.841 0.836 0.823 0.775 0.753 0.788 0.772 0.759 0.723 0.693 0.673 0.662 0.669 0.672 0.736 0.766 0.763 0.757 0.757 0.755 0.747 0.748 0.751 0.742 0.717 0.688 0.685 0.695 0.678 0.641 0.637 0.582 0.586 0.602 0.62 0.622 0.593 0.649 0.643 0.656 0.602 0.594 0.617
0.458 0.47 0.46 0.5 0.539 0.47 0.39 0.359 0.35 0.356 0.378 0.32 0.198 0.179 0.297 0.397 0.466 0.497 0.474 0.454 0.516 0.568 0.544 0.51 0.582 0.741 0.85 0.863 0.854 0.848 0.847 0.837 0.832 0.845 0.845 0.838 0.829 0.797 0.803 0.799 0.766 0.744 0.708 0.695 0.682 0.692 0.725 0.754 0.77 0.76 0.755 0.757 0.758 0.752 0.746 0.747 0.751 0.736 0.727 0.719 0.685 0.697 0.643 0.627 0.607 0.567 0.538 0.586 0.574 0.599 0.584 0.613 0.594 0.647 0.614 0.603 0.62
0.433 0.47 0.503 0.507 0.459 0.38 0.351 0.343 0.361 0.396 0.411 0.302 0.258 0.355 0.455 0.525 0.56 0.565 0.564 0.581 0.599 0.597 0.601 0.656 0.778 0.867 0.871 0.865 0.843 0.815 0.807 0.811 0.805 0.844 0.845 0.843 0.836 0.82 0.807 0.787 0.759 0.715 0.686 0.697 0.727 0.767 0.779 0.775 0.757 0.75 0.752 0.758 0.759 0.748 0.748 0.748 0.747 0.707 0.707 0.708 0.695 0.681 0.633 0.62 0.571 0.548 0.538 0.575 0.558 0.579 0.553 0.578 0.572 0.631 0.615 0.621 0.603
0.444 0.486 0.44 0.39 0.368 0.382 0.409 0.44 0.473 0.496 0.422 0.322 0.389 0.487 0.542 0.591 0.604 0.604 0.602 0.592 0.595 0.647 0.729 0.802 0.873 0.88 0.872 0.858 0.832 0.808 0.813 0.837 0.853 0.852 0.847 0.834 0.811 0.797 0.778 0.763 0.757 0.735 0.736 0.77 0.784 0.781 0.773 0.756 0.734 0.746 0.756 0.759 0.751 0.751 0.748 0.744 0.731 0.68 0.682 0.696 0.682 0.651 0.643 0.635 0.589 0.541 0.527 0.55 0.544 0.548 0.529 0.573 0.591 0.617 0.579 0.596 0.581
0.434 0.397 0.313 0.295 0.323 0.415 0.459 0.496 0.534 0.538 0.376 0.352 0.465 0.527 0.552 0.611 0.62 0.603 0.577 0.586 0.662 0.781 0.851 0.884 0.886 0.886 0.867 0.832 0.8 0.823 0.858 0.865 0.864 0.855 0.838 0.809 0.794 0.783 0.775 0.779 0.786 0.782 0.791 0.778 0.766 0.762 0.755 0.73 0.722 0.748 0.756 0.756 0.751 0.75 0.742 0.741 0.722 0.689 0.673 0.681 0.666 0.622 0.608 0.593 0.571 0.56 0.507 0.544 0.557 0.559 0.562 0.578 0.582 0.591 0.558 0.572 0.548
0.372 0.3 0.267 0.293 0.365 0.445 0.493 0.515 0.568 0.531 0.339 0.371 0.493 0.5 0.57 0.625 0.628 0.599 0.597 0.708 0.823 0.879 0.889 0.891 0.891 0.885 0.845 0.805 0.814 0.85 0.87 0.869 0.864 0.858 0.831 0.8 0.787 0.771 0.77 0.795 0.793 0.788 0.775 0.751 0.743 0.739 0.741 0.711 0.72 0.745 0.75 0.756 0.747 0.744 0.741 0.734 0.708 0.703 0.683 0.67 0.633 0.608 0.581 0.54 0.521 0.534 0.508 0.556 0.559 0.552 0.547 0.549 0.545 0.566 0.537 0.545 0.503
0.321 0.333 0.343 0.388 0.478 0.57 0.634 0.636 0.631 0.473 0.332 0.439 0.533 0.561 0.643 0.686 0.685 0.694 0.767 0.859 0.892 0.891 0.896 0.897 0.896 0.862 0.839 0.838 0.857 0.869 0.873 0.87 0.862 0.86 0.838 0.806 0.79 0.757 0.767 0.778 0.776 0.779 0.762 0.737 0.732 0.729 0.724 0.699 0.722 0.734 0.738 0.754 0.745 0.741 0.741 0.734 0.714 0.699 0.673 0.643 0.604 0.594 0.567 0.502 0.502 0.513 0.512 0.551 0.529 0.522 0.503 0.498 0.519 0.538 0.511 0.512 0.47
0.319 0.387 0.475 0.582 0.651 0.686 0.695 0.675 0.622 0.422 0.408 0.545 0.602 0.683 0.756 0.814 0.833 0.861 0.883 0.902 0.902 0.901 0.903 0.903 0.885 0.867 0.871 0.872 0.876 0.876 0.876 0.872 0.866 0.854 0.832 0.824 0.81 0.79 0.785 0.784 0.784 0.775 0.758 0.739 0.726 0.712 0.714 0.716 0.732 0.727 0.741 0.754 0.743 0.731 0.733 0.721 0.718 0.709 0.682 0.615 0.628 0.593 0.54 0.514 0.517 0.506 0.507 0.541 0.509 0.493 0.454 0.443 0.486 0.491 0.473 0.454 0.431
0.392 0.541 0.63 0.669 0.696 0.711 0.703 0.67 0.571 0.42 0.5 0.633 0.728 0.847 0.882 0.895 0.903 0.908 0.908 0.909 0.908 0.904 0.904 0.889 0.88 0.889 0.883 0.882 0.882 0.881 0.878 0.873 0.861 0.835 0.826 0.826 0.815 0.796 0.786 0.784 0.777 0.758 0.745 0.729 0.713 0.713 0.716 0.725 0.738 0.741 0.75 0.756 0.737 0.73 0.72 0.709 0.702 0.702 0.693 0.644 0.632 0.587 0.528 0.557 0.532 0.504 0.494 0.529 0.505 0.47 0.458 0.429 0.408 0.417 0.403 0.368 0.373
0.493 0.612 0.675 0.697 0.709 0.707 0.682 0.615 0.452 0.479 0.687 0.765 0.862 0.908 0.914 0.909 0.905 0.896 0.909 0.909 0.909 0.898 0.878 0.867 0.894 0.884 0.894 0.883 0.883 0.883 0.882 0.873 0.858 0.816 0.814 0.799 0.795 0.794 0.792 0.791 0.768 0.756 0.725 0.719 0.715 0.728 0.728 0.73 0.739 0.75 0.749 0.747 0.735 0.727 0.688 0.671 0.662 0.682 0.7 0.653 0.595 0.517 0.517 0.576 0.558 0.531 0.519 0.537 0.476 0.504 0.509 0.49 0.471 0.426 0.405 0.376 0.301
0.567 0.663 0.694 0.719 0.724 0.685 0.583 0.47 0.424 0.658 0.782 0.844 0.915 0.915 0.914 0.897 0.828 0.868 0.915 0.898 0.86 0.855 0.836 0.888 0.897 0.874 0.892 0.892 0.888 0.883 0.869 0.87 0.815 0.81 0.794 0.783 0.754 0.744 0.756 0.779 0.773 0.772 0.769 0.752 0.74 0.736 0.728 0.724 0.745 0.756 0.744 0.736 0.72 0.671 0.679 0.658 0.667 0.666 0.695 0.638 0.572 0.507 0.557 0.596 0.544 0.507 0.549 0.535 0.54 0.527 0.476 0.463 0.388 0.384 0.339 0.354 0.351
0.654 0.693 0.707 0.729 0.707 0.582 0.434 0.457 0.622 0.801 0.83 0.906 0.91 0.914 0.892 0.828 0.863 0.899 0.897 0.862 0.819 0.829 0.884 0.903 0.901 0.904 0.901 0.894 0.889 0.868 0.852 0.85 0.819 0.799 0.757 0.713 0.678 0.693 0.7 0.729 0.705 0.681 0.706 0.748 0.762 0.762 0.738 0.726 0.746 0.751 0.735 0.702 0.703 0.681 0.657 0.595 0.646 0.605 0.673 0.666 0.581 0.592 0.605 0.549 0.528 0.519 0.575 0.562 0.537 0.47 0.415 0.415 0.402 0.305 0.291 0.276 0.294
0.679 0.704 0.72 0.737 0.647 0.505 0.537 0.672 0.801 0.869 0.901 0.9 0.909 0.915 0.875 0.866 0.891 0.903 0.87 0.828 0.828 0.876 0.906 0.886 0.898 0.903 0.899 0.893 0.868 0.858 0.866 0.821 0.787 0.764 0.723 0.644 0.625 0.648 0.674 0.695 0.671 0.671 0.697 0.719 0.739 0.74 0.747 0.755 0.748 0.738 0.718 0.673 0.663 0.657 0.627 0.589 0.627 0.564 0.612 0.68 0.657 0.632 0.581 0.535 0.53 0.567 0.582 0.521 0.488 0.49 0.452 0.4 0.374 0.362 0.296 0.239 0.211
0.69 0.702 0.706 0.734 0.665 0.658 0.745 0.834 0.902 0.924 0.921 0.909 0.921 0.92 0.922 0.92 0.916 0.902 0.864 0.86 0.865 0.903 0.905 0.897 0.909 0.9 0.898 0.87 0.853 0.872 0.814 0.768 0.719 0.688 0.647 0.595 0.626 0.628 0.683 0.686 0.67 0.66 0.699 0.717 0.725 0.73 0.732 0.734 0.724 0.697 0.668 0.651 0.63 0.663 0.599 0.576 0.595 0.512 0.566 0.64 0.658 0.655 0.612 0.591 0.598 0.596 0.562 0.515 0.527 0.476 0.441 0.353 0.31 0.321 0.317 0.294 0.21
0.695 0.705 0.721 0.771 0.792 0.829 0.877 0.923 0.941 0.938 0.934 0.926 0.932 0.925 0.924 0.925 0.922 0.918 0.898 0.895 0.9 0.908 0.909 0.909 0.907 0.904 0.889 0.847 0.854 0.862 0.786 0.744 0.67 0.634 0.614 0.622 0.662 0.695 0.711 0.708 0.687 0.691 0.717 0.719 0.729 0.725 0.711 0.698 0.648 0.615 0.6 0.627 0.637 0.644 0.581 0.552 0.535 0.527 0.575 0.572 0.635 0.629 0.636 0.628 0.622 0.59 0.57 0.536 0.465 0.433 0.416 0.34 0.274 0.253 0.244 0.266 0.194
0.758 0.785 0.818 0.86 0.9 0.931 0.943 0.946 0.943 0.941 0.94 0.938 0.936 0.934 0.925 0.925 0.925 0.922 0.922 0.915 0.914 0.911 0.911 0.91 0.907 0.903 0.877 0.847 0.84 0.849 0.809 0.753 0.713 0.703 0.681 0.683 0.717 0.711 0.705 0.71 0.719 0.73 0.729 0.727 0.751 0.737 0.709 0.66 0.587 0.562 0.586 0.6 0.602 0.562 0.51 0.505 0.489 0.514 0.519 0.538 0.603 0.572 0.586 0.591 0.613 0.61 0.592 0.524 0.437 0.412 0.407 0.337 0.253 0.289 0.27 0.228 0.133
0.87 0.897 0.92 0.941 0.957 0.957 0.954 0.949 0.946 0.941 0.941 0.941 0.937 0.935 0.927 0.925 0.925 0.922 0.925 0.916 0.915 0.915 0.915 0.91 0.907 0.9 0.869 0.851 0.825 0.843 0.829 0.776 0.764 0.746 0.726 0.726 0.735 0.715 0.71 0.719 0.728 0.727 0.727 0.729 0.772 0.753 0.727 0.67 0.636 0.563 0.526 0.504 0.578 0.519 0.469 0.443 0.475 0.464 0.51 0.556 0.558 0.504 0.544 0.556 0.554 0.57 0.609 0.571 0.486 0.457 0.418 0.365 0.282 0.332 0.278 0.185 0.146
0.945 0.965 0.967 0.97 0.966 0.962 0.96 0.953 0.946 0.945 0.941 0.941 0.94 0.932 0.929 0.927 0.925 0.918 0.922 0.918 0.915 0.915 0.915 0.91 0.905 0.892 0.864 0.854 0.83 0.852 0.831 0.819 0.811 0.785 0.76 0.758 0.761 0.757 0.748 0.748 0.746 0.741 0.743 0.754 0.764 0.749 0.733 0.713 0.68 0.597 0.525 0.496 0.595 0.52 0.48 0.438 0.422 0.463 0.546 0.508 0.497 0.456 0.515 0.503 0.504 0.485 0.575 0.591 0.504 0.456 0.383 0.366 0.327 0.349 0.264 0.179 0.192
0.973 0.982 0.978 0.973 0.967 0.967 0.965 0.96 0.953 0.95 0.946 0.941 0.937 0.931 0.931 0.912 0.867 0.844 0.879 0.917 0.915 0.915 0.915 0.907 0.895 0.881 0.866 0.86 0.846 0.853 0.821 0.819 0.818 0.809 0.794 0.796 0.8 0.798 0.784 0.787 0.764 0.749 0.739 0.742 0.747 0.732 0.721 0.722 0.706 0.674 0.604 0.562 0.617 0.538 0.505 0.445 0.411 0.486 0.496 0.432 0.438 0.455 0.503 0.452 0.454 0.415 0.536 0.596 0.509 0.422 0.43 0.372 0.382 0.315 0.295 0.259 0.261
0.986 0.986 0.982 0.978 0.972 0.969 0.967 0.963 0.956 0.952 0.949 0.937 0.931 0.918 0.906 0.879 0.826 0.858 0.902 0.926 0.915 0.915 0.912 0.891 0.865 0.864 0.863 0.848 0.854 0.836 0.794 0.756 0.738 0.752 0.746 0.755 0.765 0.761 0.753 0.771 0.751 0.741 0.73 0.727 0.74 0.719 0.708 0.712 0.682 0.669 0.659 0.651 0.648 0.583 0.511 0.452 0.399 0.502 0.453 0.384 0.405 0.441 0.453 0.407 0.401 0.403 0.52 0.583 0.492 0.441 0.437 0.402 0.393 0.35 0.344 0.33 0.306
0.992 0.992 0.984 0.981 0.973 0.972 0.967 0.964 0.96 0.956 0.934 0.922 0.901 0.884 0.887 0.892 0.9 0.925 0.928 0.931 0.921 0.915 0.896 0.864 0.848 0.846 0.858 0.833 0.857 0.817 0.76 0.717 0.693 0.733 0.736 0.752 0.756 0.751 0.749 0.748 0.742 0.741 0.735 0.738 0.74 0.723 0.704 0.705 0.638 0.606 0.588 0.654 0.671 0.603 0.51 0.458 0.452 0.522 0.413 0.36 0.365 0.344 0.359 0.345 0.368 0.425 0.501 0.571 0.543 0.516 0.471 0.433 0.436 0.416 0.331 0.354 0.307
