data/climatemaps/RS_maps/climate_breeding_tmp_2005.asc
NCOLS 369 
NROWS 228 
XLLCORNER 479000 
YLLCORNER 73000 
CELLSIZE 1000 
NODATA_value -9 
[rows 136 to 169 of 228, columns 231 to 307 of 369]
-1.764 -1.873 -2.098 -2.089 -1.734 -1.824 -1.815 -1.802 -1.623 -1.276 -1.318 -1.56 -1.291 -1.194 -1.247 -0.723 -0.665 -1.241 -1.773 -1.773 -1.356 -0.954 -0.4 -0.031 -0.498 -1.05 -1.493 -1.614 -1.354 -0.966 -0.586 -0.844 -1.674 -1.727 -1.412 -1.233 -1.045 -0.89 -0.816 -0.587 -0.307 0.161 0.494 0.212 -0.564 -1.215 -1.316 -1.429 -1.437 -1.184 -0.95 -0.545 -0.16 0.111 0.302 -0.083 -0.627 -0.922 -1.48 -1.642 -1.64 -1.583 -1.381 -1.805 -1.52 -1.306 -0.87 -0.321 -0.806 -1.011 -1.161 -1.398 -1.556 -1.476 -1.568 -1.958 -1.858
-2.074 -2.143 -2.169 -1.74 -1.372 -1.509 -1.484 -1.443 -1.335 -1.298 -1.478 -1.682 -1.336 -1.102 -0.939 -0.622 -0.97 -1.722 -1.834 -1.442 -1.062 -0.593 -0.145 -0.14 -0.698 -1.098 -1.144 -1.397 -1.334 -0.999 -0.665 -0.729 -1.425 -1.674 -1.461 -1.274 -1.161 -0.998 -0.96 -0.836 -0.459 0.235 0.486 0.013 -0.625 -1.016 -1.348 -1.714 -1.406 -1.005 -0.707 -0.502 -0.287 -0.045 0.237 0.1 -0.307 -0.846 -1.245 -1.277 -1.499 -1.613 -1.579 -1.949 -1.716 -1.499 -1.026 -0.489 -0.914 -1.203 -1.346 -1.501 -1.716 -1.849 -1.774 -1.747 -1.583
-1.903 -1.998 -1.969 -1.474 -1.017 -1.469 -1.691 -1.677 -1.463 -1.267 -1.681 -1.814 -1.837 -1.331 -0.807 -0.869 -1.358 -1.783 -1.543 -1.21 -0.773 -0.416 -0.358 -0.471 -0.604 -1.178 -1.203 -1.499 -1.376 -1.104 -0.797 -0.742 -1.378 -1.666 -1.535 -1.426 -1.326 -1.287 -1.184 -0.896 -0.447 0.214 0.416 -0.208 -0.912 -1.123 -1.222 -1.623 -1.324 -0.866 -0.888 -0.783 -0.507 -0.163 0.148 0.214 -0.096 -0.68 -0.866 -0.877 -1.313 -1.339 -1.441 -1.801 -1.696 -1.334 -1.044 -0.656 -0.658 -0.831 -1.126 -1.44 -1.727 -1.649 -1.45 -1.291 -1.211
-1.329 -1.493 -1.714 -1.528 -0.856 -1.204 -1.558 -1.344 -1.147 -1.182 -1.336 -1.679 -1.874 -1.491 -1.255 -1.203 -1.684 -1.781 -1.43 -0.964 -0.623 -0.633 -0.891 -0.855 -0.52 -1.009 -1.432 -1.551 -1.348 -1.059 -0.963 -1.181 -1.62 -1.723 -1.442 -1.248 -1.102 -1.121 -0.989 -0.858 -0.552 0.056 0.164 -0.436 -1.108 -1.412 -1.41 -1.517 -1.281 -1.101 -1.234 -1.037 -0.658 -0.219 -0.073 0.034 0.151 -0.294 -0.5 -0.547 -0.84 -0.996 -1.26 -1.816 -1.702 -1.356 -1.151 -0.915 -1.006 -0.852 -0.922 -1.058 -1.276 -1.3 -1.298 -1.298 -1.337
-1.257 -1.563 -1.734 -1.206 -0.542 -0.698 -1.158 -0.979 -0.871 -0.81 -0.988 -1.339 -1.855 -1.831 -1.519 -1.521 -1.86 -1.521 -1.058 -0.685 -0.821 -1.068 -1.273 -1.082 -0.601 -0.884 -1.528 -1.63 -1.433 -1.223 -1.292 -1.451 -1.586 -1.642 -1.533 -1.137 -0.772 -0.67 -0.659 -0.819 -0.631 -0.001 0.155 -0.4 -0.896 -1.005 -1.263 -1.512 -1.35 -1.361 -1.375 -1.022 -0.616 -0.322 -0.483 -0.378 0.022 0.007 -0.324 -0.636 -0.928 -1.157 -1.154 -1.47 -1.782 -1.602 -1.286 -1.121 -1.464 -1.313 -1.174 -1.204 -1.376 -1.459 -1.495 -1.545 -1.688
-1.511 -1.462 -1.513 -1.094 -0.417 -0.412 -0.998 -0.76 -0.592 -0.762 -1.078 -1.478 -1.813 -1.808 -1.521 -1.507 -1.524 -1.052 -0.809 -0.835 -1.218 -1.41 -1.449 -1.077 -0.718 -1.001 -1.41 -1.701 -1.563 -1.428 -1.345 -1.259 -1.149 -1.299 -1.407 -0.9 -0.452 -0.153 -0.134 -0.221 -0.303 -0.055 -0.166 -0.072 -0.641 -1.149 -1.315 -1.46 -1.555 -1.437 -1.179 -0.886 -0.581 -0.58 -0.904 -0.745 -0.297 -0.079 -0.416 -0.827 -1.046 -1.332 -1.284 -1.221 -1.73 -1.716 -1.467 -1.53 -1.721 -1.576 -1.27 -1.057 -0.962 -0.818 -0.735 -0.845 -1.044
-1.31 -0.999 -0.919 -0.87 -0.259 -0.128 -0.667 -0.579 -0.457 -0.892 -1.411 -1.791 -1.682 -1.262 -1.08 -0.99 -0.969 -0.814 -1.131 -1.253 -1.443 -1.578 -1.342 -0.912 -1.023 -1.414 -1.526 -1.498 -1.366 -1.356 -1.425 -1.224 -1.027 -0.716 -0.706 -0.352 -0.123 -0.127 -0.35 -0.221 -0.338 -0.519 -0.404 -0.099 -0.589 -1.083 -1.448 -1.548 -1.583 -1.305 -1.022 -0.73 -0.657 -1.037 -1.226 -0.841 -0.405 -0.111 -0.494 -0.95 -1.259 -1.554 -1.631 -1.358 -1.599 -1.915 -1.819 -1.782 -1.539 -1.21 -1.066 -1.284 -1.475 -1.285 -0.834 -0.712 -0.546
-0.962 -0.634 -0.392 -0.386 -0.076 -0.034 -0.392 -0.59 -0.841 -0.93 -1.398 -1.865 -1.538 -1.075 -1.276 -1.158 -0.959 -0.905 -1.504 -1.619 -1.574 -1.371 -1.076 -1.097 -1.347 -1.523 -1.327 -1.091 -0.938 -0.999 -1.057 -0.833 -0.606 -0.434 -0.177 -0.221 -0.406 -0.693 -0.907 -0.533 -0.827 -0.869 -0.362 -0.09 -0.595 -0.961 -1.233 -1.413 -1.422 -1.146 -0.947 -0.764 -0.802 -1.417 -1.308 -0.966 -0.49 -0.139 -0.649 -1.108 -1.314 -1.6 -2.077 -1.9 -1.897 -1.936 -1.744 -1.359 -1.155 -1.199 -1.455 -1.781 -1.771 -1.525 -1.218 -1.045 -0.706
-0.901 -0.706 -0.51 -0.427 -0.095 -0.194 -0.557 -0.809 -1.213 -1.302 -1.344 -1.818 -1.395 -1.241 -1.633 -1.465 -1.266 -0.926 -1.562 -1.906 -1.693 -1.417 -1.415 -1.287 -1.132 -1.172 -1.02 -0.664 -0.498 -0.48 -0.457 -0.271 -0.197 -0.211 -0.266 -0.565 -0.873 -1.14 -1.132 -0.663 -1.195 -1.081 -0.495 -0.278 -0.949 -1.125 -1.307 -1.316 -1.302 -1.027 -1.174 -1.002 -0.881 -1.626 -1.554 -1.285 -0.713 -0.227 -0.659 -0.961 -1.185 -1.505 -1.998 -2.143 -1.911 -1.936 -1.484 -1.236 -1.444 -1.44 -1.818 -1.801 -1.762 -1.563 -1.274 -0.698 -0.45
-0.885 -0.7 -0.567 -0.606 -0.142 0.007 -0.42 -0.74 -1.18 -1.606 -1.636 -1.913 -1.328 -1.429 -1.842 -1.688 -1.373 -0.99 -1.603 -1.94 -1.711 -1.781 -1.558 -1.152 -0.75 -0.661 -0.515 -0.326 -0.27 -0.245 -0.329 -0.525 -0.671 -0.745 -0.552 -0.772 -1.098 -1.381 -1.131 -0.792 -1.423 -1.264 -0.469 -0.39 -1.192 -1.548 -1.599 -1.451 -1.316 -1.164 -1.389 -1.04 -1.137 -1.776 -1.596 -1.213 -0.694 -0.241 -0.577 -0.765 -1.101 -1.554 -1.806 -2.094 -1.847 -1.577 -1.348 -1.578 -1.7 -1.521 -1.899 -1.718 -1.622 -1.489 -1.12 -0.566 -0.378
-0.62 -0.418 -0.161 0.004 0.211 0.418 -0.308 -0.951 -0.875 -1.406 -1.84 -1.941 -1.248 -1.625 -1.917 -1.605 -1.155 -1.209 -1.607 -1.96 -1.749 -1.574 -1.179 -0.683 -0.372 -0.411 -0.587 -0.848 -0.534 -0.689 -1.25 -1.38 -1.05 -0.886 -0.688 -0.777 -1.264 -1.506 -1.122 -1.112 -1.551 -1.211 -0.447 -0.301 -0.866 -1.412 -1.492 -1.52 -1.413 -1.373 -1.355 -1.078 -1.618 -1.649 -1.292 -0.987 -0.51 -0.243 -0.41 -0.705 -0.966 -1.33 -1.634 -2.165 -1.872 -1.722 -1.546 -1.879 -1.753 -1.73 -1.811 -1.523 -1.353 -1.168 -0.825 -0.476 -0.38
-0.327 -0.183 0.033 0.221 0.434 0.487 -0.184 -1.04 -0.866 -1.017 -1.582 -1.921 -1.348 -1.807 -2.153 -1.627 -1.299 -1.444 -1.79 -1.563 -1.18 -0.73 -0.462 -0.379 -0.602 -0.992 -0.906 -1.306 -0.879 -0.785 -1.621 -1.417 -1.084 -0.986 -0.831 -0.749 -1.358 -1.689 -1.35 -1.539 -1.524 -1.057 -0.592 -0.383 -0.419 -0.747 -0.936 -1.184 -1.314 -1.396 -1.38 -1.457 -1.689 -1.349 -0.965 -0.735 -0.774 -0.421 -0.447 -0.755 -0.968 -1.251 -1.55 -1.975 -1.934 -2.049 -1.763 -1.877 -1.695 -1.746 -1.766 -1.54 -1.286 -1.047 -0.699 -0.447 -0.44
-0.317 -0.321 -0.33 -0.163 0.278 0.533 -0.011 -0.913 -1.063 -0.868 -1.536 -1.966 -1.528 -1.893 -2.333 -1.892 -1.734 -1.736 -1.7 -1.263 -0.592 -0.6 -0.816 -0.734 -0.974 -1.336 -1.326 -1.589 -1.211 -0.729 -1.336 -1.434 -1.254 -1.257 -0.987 -0.917 -1.427 -1.756 -1.686 -1.675 -1.3 -0.827 -0.902 -0.936 -0.473 -0.43 -0.783 -1.084 -1.24 -1.335 -1.522 -1.549 -1.284 -1.013 -0.789 -1.035 -1.021 -0.673 -0.365 -0.745 -1.071 -1.273 -1.511 -1.791 -1.769 -1.906 -1.815 -1.874 -1.675 -1.498 -1.556 -1.432 -1.139 -0.819 -0.547 -0.491 -0.523
-0.845 -0.832 -0.748 -0.409 0.14 0.66 0.195 -0.452 -0.923 -0.865 -1.525 -2.051 -2.004 -1.981 -1.794 -1.582 -1.484 -1.526 -1.331 -0.765 -0.909 -1.196 -1.018 -0.834 -1.064 -1.536 -1.464 -1.428 -1.266 -0.813 -1.257 -1.741 -1.539 -1.493 -1.102 -1.044 -1.269 -1.48 -1.585 -1.36 -1.008 -0.842 -1.312 -1.262 -0.608 -0.535 -0.75 -1.317 -1.49 -1.583 -1.568 -1.366 -1.29 -1.278 -1.097 -1.173 -1.328 -0.928 -0.458 -0.56 -0.97 -1.199 -1.471 -1.605 -1.608 -1.738 -1.625 -1.829 -1.871 -1.428 -1.237 -1.075 -0.845 -0.634 -0.487 -0.574 -0.696
-1.101 -0.89 -0.667 -0.3 0.203 0.723 0.525 0.104 -0.149 -0.656 -1.407 -1.821 -2.324 -1.966 -1.478 -1.503 -1.388 -1.071 -0.938 -1.14 -1.615 -1.415 -1.01 -0.877 -1.023 -1.267 -1.214 -1.39 -1.395 -0.95 -1.456 -1.871 -1.516 -1.283 -0.92 -0.795 -0.855 -1.086 -1.412 -1.239 -0.953 -1.114 -1.558 -1.214 -0.632 -0.703 -0.466 -1.023 -1.323 -1.509 -1.776 -1.755 -1.891 -1.902 -1.308 -1.469 -1.395 -1.02 -0.557 -0.542 -0.971 -1.391 -1.572 -1.502 -1.372 -1.586 -1.462 -1.657 -1.743 -1.666 -1.208 -0.772 -0.594 -0.526 -0.66 -0.968 -1.153
-0.99 -0.581 -0.24 0.074 0.476 0.781 0.596 -0.171 -0.296 -0.5 -1.096 -1.461 -1.817 -1.987 -1.905 -1.882 -1.688 -1.497 -1.531 -1.689 -1.545 -1.177 -0.861 -0.789 -0.785 -0.988 -1.382 -1.67 -1.349 -0.975 -1.552 -1.707 -1.248 -1.031 -0.879 -0.798 -0.632 -0.886 -1.165 -1.214 -1.09 -1.471 -1.722 -1.221 -0.665 -0.872 -0.553 -0.599 -0.787 -1.101 -1.456 -1.512 -1.812 -1.809 -1.376 -1.696 -1.428 -1.076 -0.704 -0.537 -0.907 -1.277 -1.259 -1.27 -1.131 -1.294 -1.198 -1.229 -1.227 -1.435 -1.029 -0.582 -0.536 -0.705 -1.071 -1.498 -1.628
-0.807 -0.473 0.045 0.57 0.865 0.891 0.485 -0.471 -1.045 -1.368 -1.268 -0.963 -1.424 -1.845 -2.048 -2.031 -2.045 -1.812 -1.775 -1.668 -1.416 -1.168 -0.863 -0.594 -0.542 -0.84 -1.513 -1.718 -1.388 -1.047 -1.658 -1.705 -1.359 -1.061 -0.832 -0.788 -0.601 -0.767 -0.794 -1.084 -1.418 -1.852 -1.731 -1.19 -0.693 -1.067 -0.716 -0.733 -0.717 -0.727 -0.948 -1.307 -1.579 -1.743 -1.616 -1.819 -1.591 -1.209 -0.943 -0.584 -0.665 -0.918 -0.878 -0.98 -1.07 -1.328 -1.361 -1.33 -1.155 -1.018 -0.742 -0.487 -0.602 -1.031 -1.518 -1.832 -1.533
-0.679 -0.26 0.081 0.526 0.967 0.875 0.146 -0.83 -1.449 -1.677 -1.16 -0.792 -0.828 -1.255 -1.497 -1.52 -1.953 -1.679 -1.241 -1.365 -1.551 -1.322 -0.973 -0.518 -0.367 -0.621 -1.196 -1.627 -1.358 -1.097 -1.671 -1.791 -1.373 -0.984 -0.448 -0.439 -0.593 -0.629 -0.637 -1.269 -1.687 -1.746 -1.391 -0.903 -0.84 -1.221 -0.602 -0.947 -1.148 -0.891 -0.743 -0.961 -1.296 -1.614 -1.678 -1.776 -1.569 -1.28 -0.901 -0.727 -0.62 -0.775 -0.856 -1.09 -1.21 -1.537 -1.688 -1.574 -1.354 -0.987 -0.564 -0.458 -0.667 -1.287 -1.835 -1.889 -1.146
-0.685 -0.273 0.102 0.487 0.92 0.922 0.089 -1.002 -1.199 -1.649 -1.28 -0.916 -0.49 -0.473 -0.78 -1.052 -1.691 -1.704 -1.119 -1.077 -1.54 -1.273 -0.966 -0.562 -0.293 -0.429 -0.688 -1.356 -1.347 -1.456 -1.815 -1.613 -1.109 -0.786 -0.304 -0.219 -0.547 -0.436 -0.534 -1.175 -1.652 -1.505 -1.244 -0.741 -0.914 -1.251 -0.6 -0.986 -1.401 -1.143 -1.04 -0.83 -0.885 -1.107 -1.239 -1.483 -1.466 -1.19 -0.952 -0.939 -0.727 -1.084 -1.205 -1.407 -1.405 -1.754 -1.797 -1.469 -1.037 -0.643 -0.461 -0.546 -0.87 -1.282 -1.765 -1.581 -0.88
-0.875 -0.56 -0.088 0.406 0.803 0.978 0.254 -0.454 -0.725 -1.4 -1.334 -0.997 -0.57 -0.112 -0.524 -1.212 -1.852 -1.604 -0.941 -1.075 -1.444 -1.25 -1.001 -0.623 -0.283 -0.313 -0.486 -1.183 -1.585 -1.663 -1.547 -1.279 -1.025 -0.692 -0.217 0.058 -0.381 -0.273 -0.533 -1.267 -1.734 -1.458 -1.237 -0.688 -0.935 -1.252 -0.615 -1.044 -1.531 -1.335 -1.335 -1.033 -0.772 -1.089 -1.023 -1.211 -1.483 -1.181 -1.149 -1.041 -0.832 -1.125 -1.394 -1.563 -1.496 -1.484 -1.223 -0.869 -0.549 -0.467 -0.614 -0.86 -1.163 -1.389 -1.626 -1.271 -0.812
-0.857 -0.943 -0.477 0.115 0.64 0.992 0.713 0.185 -0.298 -0.991 -1.06 -0.865 -0.445 -0.001 -0.303 -1.342 -1.943 -1.391 -0.68 -0.834 -0.981 -0.942 -0.963 -0.702 -0.257 -0.198 -0.147 -0.663 -1.216 -1.293 -1.288 -0.978 -0.725 -0.384 -0.255 0.039 -0.204 -0.215 -0.539 -1.036 -1.472 -1.495 -1.131 -0.6 -1.067 -1.264 -0.709 -0.945 -1.463 -1.556 -1.479 -1.047 -0.891 -1.439 -1.27 -1.083 -1.455 -1.383 -1.27 -0.987 -1.019 -1.277 -1.49 -1.354 -1.117 -0.872 -0.578 -0.467 -0.486 -0.63 -0.987 -1.246 -1.494 -1.64 -1.563 -1.043 -0.892
-0.377 -0.89 -0.793 -0.271 0.239 0.674 1.041 0.854 0.323 -0.482 -0.442 -0.223 0.062 0.186 -0.216 -1.165 -1.74 -1.368 -0.678 -0.354 -0.52 -0.873 -1.137 -0.833 -0.271 0.09 0.231 -0.094 -0.848 -1.414 -1.27 -0.881 -0.662 -0.667 -0.681 -0.089 0.002 -0.325 -0.556 -0.788 -1.272 -1.362 -0.981 -0.62 -1.246 -1.367 -0.952 -0.723 -1.06 -1.555 -1.492 -1.077 -0.931 -1.489 -1.582 -1.173 -1.42 -1.453 -1.196 -1.083 -1.299 -1.507 -1.421 -1.12 -0.764 -0.544 -0.434 -0.484 -0.57 -0.919 -1.283 -1.45 -1.801 -2.033 -1.62 -0.928 -1.043
0.116 -0.487 -0.817 -0.586 -0.206 0.177 0.745 1.144 0.894 0.062 0.186 0.289 0.056 -0.205 -0.297 -0.66 -1.139 -1.453 -0.889 -0.337 -0.319 -1.087 -1.242 -0.817 -0.586 -0.255 0.121 0.281 -0.237 -1.264 -1.584 -1.363 -1.051 -0.91 -0.718 -0.095 0.159 -0.382 -0.638 -0.983 -1.388 -1.42 -1.045 -0.653 -1.249 -1.53 -1.202 -0.881 -0.812 -1.423 -1.55 -1.171 -0.968 -1.448 -1.717 -1.435 -1.618 -1.442 -1.197 -1.219 -1.377 -1.448 -1.057 -0.734 -0.514 -0.431 -0.497 -0.691 -0.735 -0.876 -1.41 -1.605 -2.014 -2.07 -1.544 -0.939 -1.092
0.512 -0.051 -0.481 -0.734 -0.551 -0.106 0.523 1.122 1.184 0.596 0.408 0.017 -0.11 -0.535 -0.8 -0.97 -1.093 -1.443 -1.007 -0.303 -0.224 -1.019 -1.252 -1.186 -1.03 -0.697 -0.051 0.474 0.235 -0.735 -0.919 -1.382 -1.111 -0.82 -0.522 -0.155 0.356 -0.057 -0.322 -0.802 -1.246 -1.29 -1.137 -0.78 -1.073 -1.614 -1.408 -1.148 -0.767 -1.285 -1.567 -1.262 -1.195 -1.567 -1.765 -1.598 -1.643 -1.372 -1.059 -1.009 -0.942 -0.799 -0.559 -0.449 -0.512 -0.695 -0.919 -0.824 -1 -0.761 -1.171 -1.52 -2.04 -1.901 -1.336 -1.068 -1.262
0.954 0.419 -0.08 -0.506 -0.689 -0.25 0.396 1.116 1.313 0.805 0.064 -0.504 -0.542 -0.428 -0.682 -1.104 -1.412 -1.443 -0.984 -0.277 -0.177 -0.717 -0.945 -0.932 -0.939 -0.371 0.146 0.655 0.49 -0.305 -0.851 -1.382 -1.019 -0.735 -0.665 -0.417 0.28 0.286 -0.146 -0.459 -0.76 -0.999 -1.297 -1.079 -1.022 -1.574 -1.587 -1.205 -0.792 -1.206 -1.58 -1.396 -1.4 -1.733 -1.668 -1.342 -1.056 -0.893 -0.624 -0.559 -0.362 -0.167 -0.265 -0.435 -0.706 -1.186 -1.348 -0.964 -1.101 -0.855 -1 -1.451 -1.939 -1.705 -1.164 -1.273 -1.664
1.214 0.963 0.372 -0.019 -0.53 -0.336 0.323 1.055 1.366 0.855 -0.06 -0.587 -0.825 -0.88 -0.907 -1.061 -1.532 -1.439 -0.784 -0.165 -0.279 -0.535 -0.721 -1.002 -0.998 -0.485 0.101 0.735 0.641 -0.142 -1.166 -1.546 -1.155 -1.023 -0.865 -0.504 0.23 0.271 -0.473 -0.803 -0.888 -1.101 -1.522 -1.365 -1.095 -1.578 -1.562 -1.049 -1.006 -1.106 -1.375 -1.56 -1.599 -1.738 -1.498 -1.275 -1.021 -0.868 -1.018 -0.901 -0.232 -0.132 -0.637 -0.653 -0.655 -1.406 -1.64 -1.164 -1.092 -1.07 -0.804 -1.343 -1.935 -1.784 -1.366 -1.498 -1.928
0.936 1.252 0.907 0.567 0.002 -0.24 0.358 1.117 1.381 0.915 0.47 0.212 -0.072 -0.351 -0.641 -1.102 -1.56 -1.049 -0.453 0.08 -0.441 -1.032 -1.277 -1.399 -1.043 -0.568 0.061 0.762 0.749 -0.053 -1.049 -1.689 -1.398 -1.251 -1.082 -0.651 0.179 0.396 -0.379 -0.974 -1.203 -1.368 -1.725 -1.384 -1.284 -1.704 -1.426 -1.223 -1.278 -1.426 -1.299 -1.51 -1.686 -1.487 -1.599 -1.709 -1.278 -1.062 -0.891 -0.698 -0.101 -0.194 -0.875 -1.006 -0.664 -1.228 -1.693 -1.335 -1.085 -1.318 -0.915 -1.182 -1.932 -2.044 -1.8 -1.914 -2.073
0.198 0.842 1.241 1.184 0.663 0.162 0.391 1.203 1.327 0.639 0.321 0.418 0.423 0.214 -0.123 -0.324 -0.753 -0.976 -0.428 0.167 -0.227 -0.688 -1.122 -1.301 -0.843 -0.253 0.336 0.909 0.61 -0.108 -1.048 -1.673 -1.248 -1.038 -1.178 -0.714 -0.054 0.533 0.01 -0.468 -0.76 -1 -1.535 -1.441 -1.391 -1.445 -1.418 -1.64 -1.502 -1.664 -1.55 -1.674 -1.534 -1.421 -1.309 -1.292 -1.082 -0.771 -0.326 -0.163 0.054 -0.296 -1.051 -1.312 -0.82 -0.997 -1.648 -1.474 -1.138 -1.598 -1.209 -1.111 -1.756 -2.051 -2.185 -2.213 -2.234
-0.354 0.295 0.746 1.346 1.335 0.895 0.712 1.345 1.136 0.407 -0.413 -0.288 -0.309 -0.166 -0.131 -0.675 -0.709 -0.932 -0.395 0.256 -0.012 -0.687 -1.178 -1.218 -0.756 -0.148 0.659 1.05 0.32 -0.231 -0.995 -1.517 -1.24 -0.916 -0.924 -0.784 -0.174 0.569 0.415 -0.177 -0.477 -0.755 -1.178 -1.188 -0.883 -0.768 -1.06 -1.591 -1.305 -1.082 -1.11 -1.034 -0.832 -0.75 -0.551 -0.52 -0.378 -0.073 0.16 0.28 0.071 -0.556 -1.251 -1.426 -0.948 -1.12 -1.534 -1.701 -1.338 -1.769 -1.535 -1.259 -1.81 -2.095 -2.012 -1.883 -1.717
-0.416 -0.342 0.047 0.778 1.169 1.422 1.375 1.485 1.074 0.138 -0.693 -0.839 -0.739 -0.486 -0.359 -0.933 -1.022 -1.009 -0.431 0.288 -0.059 -0.544 -0.963 -0.962 -0.547 0.045 0.828 1.047 0.389 -0.019 -0.662 -1.158 -1.322 -1.01 -0.494 -0.35 -0.183 0.527 0.715 -0.127 -0.744 -0.903 -0.627 -0.577 -0.39 -0.307 -0.984 -0.811 -0.642 -0.335 -0.386 -0.3 -0.229 0.052 0.183 0.193 0.304 0.448 0.413 0.092 -0.147 -0.923 -1.562 -1.334 -1.08 -1.555 -1.414 -1.645 -1.661 -1.781 -1.89 -1.595 -1.735 -1.924 -2.097 -1.866 -1.555
-0.857 -0.742 -0.207 0.596 0.519 0.805 1.411 1.516 1.163 0.064 -0.465 -0.972 -0.928 -0.768 -0.87 -1.15 -1.382 -0.981 -0.326 0.414 -0.184 -0.691 -0.95 -0.643 -0.294 0.272 1.023 0.945 0.278 -0.021 -0.211 -0.724 -1.205 -0.975 -0.224 0.095 0.234 0.629 1.019 0.212 -0.396 -0.192 0.093 0.156 0.188 -0.135 -0.377 -0.075 -0.048 0.298 0.307 0.415 0.413 0.634 0.554 0.512 0.429 0.254 -0.077 -0.52 -0.568 -1.294 -1.786 -1.328 -1.181 -1.756 -1.525 -1.153 -1.622 -1.904 -1.952 -1.331 -1.153 -1.422 -1.701 -1.632 -1.659
-0.756 -0.378 0.283 0.384 -0.13 0.276 1.133 1.514 1.347 0.09 -0.707 -1.061 -1.028 -1.026 -1.195 -1.482 -1.213 -0.666 -0.082 0.484 -0.164 -0.724 -1.062 -0.716 -0.365 0.463 1.254 0.663 0.019 -0.456 -0.38 -0.473 -1.094 -0.772 -0.275 -0.288 -0.005 0.551 1.155 0.675 0.29 0.797 0.959 0.896 0.724 0.467 0.587 0.638 0.668 0.814 0.82 0.734 0.707 0.571 0.248 0.083 -0.173 -0.468 -0.898 -0.936 -0.879 -1.333 -1.707 -1.385 -1.206 -1.604 -1.44 -1.019 -1.077 -1.383 -1.314 -0.964 -0.725 -1.025 -0.969 -1.13 -1.561
-0.212 0.158 0.273 -0.183 -0.46 0.049 0.87 1.465 1.505 0.437 -0.494 -0.49 -0.52 -0.641 -0.943 -1.309 -0.91 -0.394 0.085 0.563 -0.124 -0.626 -1.041 -0.495 -0.054 0.87 1.296 0.637 0.236 -0.307 -0.614 -0.663 -0.868 -0.834 -0.633 -0.695 -0.088 0.607 1.152 1.11 0.992 1.366 1.407 1.37 1.26 1.13 1.025 0.971 0.93 0.77 0.601 0.39 0.207 0.231 0.056 -0.122 -0.503 -0.984 -1.436 -1.113 -0.97 -1.368 -1.637 -1.482 -1.292 -1.672 -1.43 -0.999 -0.64 -0.744 -0.568 -0.33 -0.275 -0.427 -0.473 -0.814 -1.235
-0.406 -0.233 -0.213 -0.666 -0.376 0.21 0.719 1.345 1.555 0.73 -0.096 0.036 -0.392 -0.583 -0.948 -1.254 -0.965 -0.502 0.08 0.627 -0.094 -0.827 -1.102 -0.438 0.344 1.195 1.15 0.439 0 0.059 -0.344 -0.967 -1.065 -0.833 -0.616 -0.614 -0.086 0.352 0.835 1.39 1.541 1.425 1.046 0.959 1.015 0.813 0.619 0.397 0.384 0.271 0.158 -0.103 -0.453 -0.423 -0.172 -0.296 -0.388 -0.95 -1.49 -1.155 -1.1 -1.614 -1.947 -1.578 -1.379 -1.706 -1.646 -1.138 -0.567 -0.219 -0.289 -0.445 -0.179 -0.039 -0.189 -0.462 -0.83
