data/climatemaps/RS_maps/climate_winter_tmin_2019.asc
NCOLS 369 
NROWS 228 
XLLCORNER 479000 
YLLCORNER 73000 
CELLSIZE 1000 
NODATA_value -9 
[rows 102 to 135 of 228, columns 77 to 153 of 369]
1.399 1.394 1.394 1.378 1.378 1.378 1.362 1.362 1.358 1.334 1.31 1.3 1.277 1.272 1.306 1.327 1.316 1.315 1.315 1.315 1.296 1.275 1.237 1.225 1.244 1.248 1.248 1.233 1.247 1.218 1.173 1.161 1.154 1.172 1.173 1.175 1.17 1.16 1.176 1.173 1.173 1.16 1.172 1.173 1.185 1.171 1.157 1.157 1.143 1.105 1.08 1.073 1.127 1.097 1.033 1.007 1.038 1.016 0.951 0.946 0.936 0.902 0.89 0.832 0.902 0.952 1.009 1.049 1.022 1.031 1.04 1.022 0.995 0.951 0.867 0.872 0.929
1.41 1.395 1.394 1.387 1.379 1.378 1.375 1.362 1.336 1.315 1.276 1.268 1.268 1.305 1.33 1.331 1.316 1.315 1.314 1.3 1.277 1.241 1.23 1.22 1.222 1.237 1.237 1.225 1.249 1.214 1.187 1.172 1.171 1.162 1.159 1.146 1.129 1.129 1.153 1.17 1.137 1.138 1.158 1.151 1.148 1.173 1.171 1.16 1.147 1.139 1.128 1.105 1.121 1.116 1.077 1.043 1.019 1.022 1.008 0.975 0.936 0.909 0.87 0.825 0.893 0.975 1.051 1.027 0.976 0.955 0.956 0.991 1.024 0.963 0.893 0.96 0.89
1.41 1.406 1.394 1.394 1.394 1.378 1.374 1.349 1.325 1.302 1.302 1.303 1.325 1.331 1.331 1.331 1.316 1.315 1.299 1.288 1.26 1.236 1.22 1.205 1.213 1.236 1.225 1.224 1.249 1.198 1.189 1.173 1.157 1.157 1.152 1.141 1.125 1.126 1.151 1.126 1.126 1.146 1.143 1.081 1.051 1.135 1.176 1.188 1.167 1.142 1.133 1.139 1.105 1.11 1.109 1.065 1.016 1.023 1.011 0.951 0.904 0.904 0.907 0.904 0.914 0.993 1.034 1.028 0.93 0.884 0.842 0.913 0.956 0.995 0.989 0.965 0.897
1.411 1.41 1.396 1.394 1.393 1.376 1.357 1.334 1.315 1.317 1.333 1.346 1.332 1.331 1.331 1.33 1.314 1.306 1.296 1.27 1.244 1.236 1.216 1.206 1.214 1.235 1.225 1.221 1.234 1.212 1.187 1.164 1.143 1.142 1.141 1.127 1.125 1.127 1.137 1.108 1.132 1.119 1.109 1.097 1.046 1.076 1.16 1.188 1.183 1.159 1.143 1.142 1.131 1.11 1.097 1.071 1.045 1.019 0.997 0.945 0.939 0.947 0.93 0.926 0.978 1.021 0.985 1.009 1.004 0.955 0.86 0.822 0.872 0.914 0.908 0.895 0.9
1.417 1.41 1.4 1.394 1.389 1.364 1.343 1.328 1.316 1.333 1.347 1.347 1.336 1.331 1.331 1.322 1.3 1.296 1.276 1.242 1.211 1.234 1.236 1.223 1.219 1.218 1.222 1.235 1.234 1.201 1.177 1.176 1.173 1.162 1.147 1.132 1.13 1.141 1.113 1.084 1.103 1.104 1.09 1.013 1.038 1.056 1.08 1.169 1.186 1.174 1.166 1.158 1.133 1.122 1.097 1.048 1.007 0.973 0.999 1.021 1.026 1.02 1 0.991 1.022 0.984 0.908 0.906 0.991 0.978 0.907 0.856 0.808 0.869 0.847 0.817 0.788
1.426 1.41 1.404 1.391 1.377 1.352 1.344 1.324 1.326 1.346 1.347 1.347 1.339 1.331 1.327 1.306 1.295 1.278 1.246 1.221 1.226 1.232 1.228 1.228 1.211 1.207 1.23 1.224 1.213 1.213 1.201 1.194 1.186 1.187 1.18 1.158 1.157 1.143 1.098 1.122 1.108 1.094 1.058 0.998 0.98 0.983 1.004 1.095 1.171 1.173 1.169 1.172 1.15 1.128 1.1 1.034 0.955 0.935 1.003 1.059 1.049 1.017 0.991 1.018 0.996 0.946 0.929 0.853 0.901 0.985 0.992 0.888 0.78 0.815 0.773 0.706 0.758
1.426 1.412 1.395 1.379 1.371 1.352 1.353 1.346 1.347 1.353 1.347 1.347 1.343 1.329 1.312 1.293 1.278 1.267 1.24 1.22 1.226 1.215 1.197 1.199 1.212 1.212 1.22 1.2 1.184 1.179 1.179 1.181 1.167 1.17 1.158 1.143 1.145 1.156 1.116 1.1 1.083 1.058 1.037 0.998 0.962 0.955 0.987 1.053 1.163 1.138 1.127 1.173 1.166 1.142 1.105 1.049 0.988 1.013 1.058 1.049 0.993 0.943 0.93 0.962 0.914 0.895 0.893 0.839 0.817 0.915 0.998 0.9 0.817 0.767 0.746 0.646 0.726
1.426 1.409 1.386 1.366 1.362 1.357 1.37 1.364 1.362 1.362 1.347 1.346 1.334 1.318 1.282 1.276 1.254 1.251 1.244 1.232 1.209 1.192 1.185 1.195 1.216 1.214 1.203 1.189 1.169 1.154 1.151 1.158 1.153 1.161 1.13 1.111 1.105 1.144 1.106 1.06 1.065 1.043 1.024 1.018 0.973 0.952 0.985 1.073 1.164 1.05 1.037 1.151 1.173 1.159 1.122 1.087 1.063 1.075 1.069 0.999 0.946 0.881 0.889 0.889 0.827 0.804 0.846 0.848 0.8 0.884 0.94 0.988 0.909 0.821 0.754 0.649 0.714
1.418 1.398 1.379 1.362 1.372 1.372 1.378 1.365 1.362 1.362 1.347 1.344 1.316 1.281 1.26 1.264 1.236 1.224 1.234 1.22 1.198 1.167 1.184 1.212 1.213 1.196 1.183 1.165 1.158 1.15 1.141 1.142 1.127 1.132 1.111 1.089 1.072 1.111 1.097 1.051 1.046 1.014 0.972 0.994 1 0.978 0.983 1.094 1.167 1.04 0.996 1.086 1.165 1.171 1.133 1.088 1.035 1.049 1.055 0.944 0.891 0.804 0.813 0.795 0.782 0.796 0.852 0.9 0.882 0.906 0.928 0.987 0.936 0.842 0.729 0.682 0.667
1.411 1.39 1.378 1.373 1.389 1.382 1.378 1.365 1.362 1.353 1.341 1.314 1.284 1.264 1.266 1.252 1.227 1.22 1.215 1.195 1.198 1.176 1.198 1.211 1.199 1.177 1.158 1.146 1.132 1.136 1.141 1.132 1.108 1.106 1.097 1.048 1.066 1.102 1.076 1.056 1.052 1.006 0.97 0.964 0.958 0.955 0.973 1.084 1.17 1.049 0.987 1.026 1.138 1.179 1.149 1.088 1.011 1.033 1.026 0.87 0.831 0.792 0.81 0.817 0.837 0.87 0.895 0.922 0.891 0.908 0.905 0.931 0.928 0.859 0.758 0.725 0.658
1.41 1.393 1.379 1.39 1.394 1.383 1.378 1.375 1.362 1.347 1.314 1.265 1.242 1.252 1.258 1.239 1.22 1.203 1.181 1.171 1.198 1.209 1.207 1.194 1.191 1.169 1.143 1.129 1.12 1.12 1.131 1.118 1.089 1.077 1.087 1.062 1.078 1.08 1.041 1.036 1.042 1.023 1.003 0.982 0.943 0.899 0.929 1.055 1.176 1.102 1.006 1.004 1.12 1.187 1.17 1.102 1.018 1.04 1.027 0.923 0.897 0.874 0.866 0.872 0.854 0.85 0.905 0.892 0.813 0.823 0.82 0.897 0.892 0.851 0.781 0.696 0.58
1.412 1.394 1.405 1.407 1.394 1.392 1.378 1.367 1.357 1.334 1.286 1.25 1.235 1.254 1.244 1.224 1.208 1.172 1.174 1.183 1.214 1.22 1.204 1.188 1.17 1.16 1.136 1.125 1.115 1.094 1.114 1.098 1.076 1.055 1.057 1.076 1.063 1.03 1.046 1.049 1.015 1.001 0.984 0.975 0.96 0.911 0.917 1.026 1.16 1.17 1.086 1.036 1.119 1.189 1.176 1.123 1.062 1.089 1.076 1.005 0.934 0.879 0.818 0.826 0.806 0.815 0.883 0.854 0.757 0.717 0.733 0.855 0.905 0.845 0.742 0.622 0.642
1.412 1.423 1.41 1.41 1.394 1.394 1.378 1.365 1.342 1.317 1.289 1.277 1.263 1.235 1.223 1.214 1.191 1.184 1.201 1.215 1.203 1.194 1.204 1.188 1.151 1.134 1.13 1.125 1.1 1.091 1.097 1.081 1.075 1.041 1.042 1.076 1.031 1.004 1.043 1.039 1.037 1.012 0.97 0.907 0.907 0.902 0.908 1.007 1.124 1.175 1.167 1.108 1.124 1.179 1.186 1.151 1.129 1.122 1.038 0.905 0.829 0.766 0.765 0.808 0.819 0.822 0.852 0.872 0.782 0.758 0.704 0.776 0.856 0.864 0.754 0.759 0.823
1.425 1.419 1.41 1.401 1.394 1.383 1.363 1.362 1.346 1.315 1.275 1.261 1.212 1.206 1.206 1.169 1.174 1.197 1.217 1.185 1.175 1.174 1.19 1.187 1.128 1.126 1.126 1.125 1.097 1.086 1.065 1.029 1.039 1.035 1.05 1.028 1.016 0.999 1.005 1.002 1.013 1.016 0.945 0.915 0.929 0.921 0.923 0.991 1.08 1.169 1.181 1.125 1.134 1.163 1.186 1.171 1.156 1.125 0.981 0.85 0.803 0.795 0.869 0.854 0.86 0.851 0.837 0.865 0.879 0.838 0.773 0.689 0.678 0.847 0.898 0.912 0.884
1.405 1.407 1.393 1.388 1.394 1.382 1.361 1.333 1.291 1.298 1.274 1.249 1.224 1.199 1.175 1.173 1.189 1.195 1.173 1.173 1.168 1.144 1.179 1.157 1.116 1.125 1.114 1.09 1.079 1.07 1.031 0.991 1.001 1.012 1.027 1.002 0.993 0.984 0.979 0.999 1.022 1.005 0.993 0.986 0.994 0.988 0.982 1.01 1.073 1.169 1.173 1.112 1.145 1.152 1.188 1.173 1.158 1.111 1.011 0.976 0.929 0.93 0.938 0.889 0.895 0.887 0.887 0.881 0.833 0.777 0.717 0.683 0.625 0.682 0.685 0.723 0.801
1.371 1.378 1.381 1.395 1.393 1.37 1.335 1.285 1.258 1.28 1.272 1.235 1.211 1.197 1.163 1.174 1.186 1.172 1.166 1.14 1.136 1.14 1.179 1.154 1.124 1.112 1.113 1.089 1.05 1.031 1.029 0.999 1.002 0.991 0.983 0.952 0.967 0.951 0.951 0.986 0.999 1.015 0.985 0.928 0.903 0.933 0.989 1.003 1.026 1.136 1.173 1.125 1.149 1.163 1.189 1.167 1.157 1.077 1.046 1.02 0.994 0.971 0.963 0.953 0.929 0.903 0.887 0.845 0.77 0.638 0.551 0.478 0.473 0.489 0.553 0.645 0.621
1.348 1.38 1.398 1.4 1.389 1.363 1.32 1.271 1.252 1.252 1.249 1.246 1.231 1.217 1.203 1.192 1.157 1.159 1.159 1.136 1.136 1.145 1.165 1.122 1.09 1.09 1.092 1.085 1.063 1.046 1.029 0.991 0.993 0.993 0.938 0.946 0.939 0.914 0.919 0.938 0.963 0.987 0.914 0.853 0.801 0.839 0.904 0.986 1.003 1.131 1.171 1.139 1.125 1.161 1.185 1.174 1.174 1.038 1.064 1.002 0.969 0.991 1.002 0.991 0.966 0.911 0.857 0.772 0.71 0.648 0.671 0.612 0.63 0.59 0.624 0.527 0.432
1.365 1.394 1.41 1.403 1.39 1.354 1.303 1.26 1.247 1.247 1.229 1.221 1.196 1.194 1.186 1.163 1.161 1.175 1.181 1.175 1.174 1.169 1.159 1.104 1.063 1.065 1.073 1.051 1.049 1.031 1.022 1.003 0.96 0.966 0.9 0.901 0.874 0.841 0.862 0.922 0.946 0.973 0.948 0.895 0.867 0.878 0.899 0.918 0.979 1.116 1.153 1.136 1.135 1.169 1.186 1.189 1.189 1.115 1.109 1.109 1.074 1.062 1.042 1.012 0.968 0.948 0.864 0.816 0.812 0.796 0.767 0.74 0.737 0.724 0.653 0.442 0.119
1.377 1.406 1.41 1.406 1.369 1.308 1.257 1.231 1.233 1.23 1.205 1.17 1.154 1.159 1.163 1.157 1.173 1.177 1.153 1.169 1.17 1.152 1.131 1.097 1.071 1.058 1.046 1.02 0.984 0.982 0.972 0.986 0.952 0.927 0.851 0.806 0.778 0.763 0.818 0.893 0.908 0.935 0.91 0.903 0.892 0.861 0.858 0.87 0.976 1.122 1.118 1.105 1.105 1.146 1.187 1.189 1.189 1.177 1.171 1.136 1.037 0.962 0.903 0.849 0.801 0.869 0.906 0.841 0.777 0.695 0.636 0.547 0.597 0.627 0.61 0.275 0.068
1.379 1.406 1.409 1.383 1.325 1.269 1.226 1.22 1.221 1.206 1.188 1.148 1.143 1.145 1.141 1.16 1.166 1.154 1.15 1.161 1.136 1.124 1.105 1.092 1.078 1.055 1.026 0.997 0.944 0.933 0.92 0.943 0.948 0.912 0.839 0.769 0.731 0.759 0.81 0.818 0.835 0.842 0.842 0.821 0.778 0.752 0.783 0.886 1.036 1.133 1.074 1.089 1.108 1.125 1.175 1.183 1.188 1.189 1.175 1.07 0.956 0.87 0.797 0.752 0.755 0.79 0.838 0.766 0.68 0.6 0.519 0.424 0.536 0.35 0.372 0.284 0.264
1.386 1.419 1.407 1.352 1.306 1.257 1.212 1.22 1.204 1.173 1.176 1.157 1.151 1.141 1.148 1.154 1.141 1.143 1.163 1.134 1.1 1.081 1.063 1.049 1.062 1.059 1.013 0.98 0.952 0.911 0.862 0.89 0.929 0.952 0.874 0.842 0.792 0.727 0.709 0.686 0.686 0.714 0.728 0.711 0.674 0.614 0.707 0.843 1.019 1.11 1.082 1.078 1.097 1.113 1.161 1.173 1.187 1.189 1.186 1.039 0.942 0.867 0.776 0.684 0.691 0.714 0.768 0.696 0.572 0.536 0.42 0.264 0.299 0.104 0.18 0.325 0.399
1.412 1.42 1.376 1.322 1.287 1.237 1.204 1.21 1.182 1.167 1.167 1.148 1.148 1.144 1.156 1.128 1.117 1.126 1.146 1.103 1.063 1.038 1.029 1.031 1.035 1.033 1.002 0.975 0.946 0.869 0.818 0.86 0.909 0.94 0.894 0.852 0.768 0.65 0.566 0.524 0.548 0.59 0.569 0.562 0.556 0.484 0.612 0.785 0.963 1.067 1.075 1.063 1.08 1.111 1.148 1.173 1.18 1.189 1.188 1.14 1.041 0.884 0.781 0.706 0.593 0.62 0.706 0.568 0.439 0.437 0.267 0.167 0.088 0.079 0.224 0.436 0.451
1.436 1.4 1.337 1.28 1.254 1.204 1.189 1.183 1.183 1.183 1.173 1.16 1.152 1.158 1.157 1.117 1.11 1.11 1.119 1.089 1.041 1.016 0.988 1.012 0.999 0.996 0.959 0.948 0.937 0.877 0.847 0.88 0.907 0.911 0.817 0.723 0.611 0.502 0.425 0.42 0.434 0.447 0.39 0.414 0.422 0.409 0.584 0.768 0.899 1.03 1.049 1.029 1.05 1.101 1.118 1.155 1.171 1.184 1.189 1.198 1.14 0.998 0.879 0.738 0.641 0.688 0.682 0.517 0.352 0.228 0.237 0.293 0.043 0.126 0.277 0.514 0.575
1.429 1.36 1.301 1.246 1.21 1.18 1.168 1.184 1.194 1.189 1.186 1.181 1.169 1.155 1.135 1.112 1.109 1.098 1.102 1.076 1.026 0.994 0.97 0.956 0.936 0.909 0.897 0.881 0.893 0.896 0.831 0.846 0.879 0.867 0.714 0.576 0.515 0.479 0.444 0.492 0.416 0.378 0.361 0.324 0.329 0.422 0.563 0.636 0.767 0.967 1.023 1.025 1.032 1.075 1.095 1.124 1.15 1.18 1.189 1.2 1.196 1.153 1.021 0.821 0.757 0.825 0.677 0.48 0.203 0.168 0.419 0.167 0.021 0.2 0.299 0.527 0.694
1.384 1.324 1.267 1.218 1.187 1.173 1.177 1.201 1.19 1.187 1.167 1.149 1.147 1.13 1.113 1.103 1.097 1.085 1.082 1.037 0.974 0.936 0.937 0.887 0.855 0.811 0.783 0.75 0.81 0.831 0.715 0.715 0.785 0.827 0.74 0.656 0.619 0.587 0.546 0.589 0.505 0.479 0.453 0.379 0.296 0.405 0.411 0.489 0.611 0.78 0.91 0.986 1.026 1.042 1.067 1.088 1.115 1.15 1.189 1.191 1.204 1.201 1.167 1.002 0.943 0.891 0.728 0.43 0.246 0.438 0.287 -0.003 0.133 0.285 0.472 0.695 0.801
1.348 1.298 1.233 1.205 1.214 1.202 1.203 1.19 1.182 1.171 1.133 1.113 1.101 1.064 1.054 1.067 1.052 1.06 1.068 0.986 0.911 0.867 0.921 0.827 0.735 0.668 0.642 0.69 0.789 0.692 0.525 0.51 0.569 0.722 0.765 0.712 0.704 0.694 0.637 0.562 0.557 0.43 0.389 0.26 0.211 0.199 0.187 0.27 0.322 0.428 0.597 0.73 0.925 1.036 1.061 1.031 1.03 1.114 1.15 1.178 1.193 1.204 1.217 1.18 1.134 1.037 0.89 0.523 0.561 0.284 0.05 0.133 0.411 0.353 0.643 0.886 0.622
1.313 1.273 1.221 1.232 1.236 1.222 1.197 1.173 1.164 1.122 1.094 1.075 1.038 1.025 1.016 1.01 1.035 1.072 1.025 0.973 0.948 0.959 0.888 0.744 0.608 0.51 0.588 0.712 0.695 0.623 0.429 0.386 0.533 0.717 0.67 0.483 0.567 0.569 0.493 0.4 0.489 0.231 0.169 0.023 0.038 0.042 0.077 0.04 0.042 0.1 0.17 0.267 0.542 0.743 0.948 1.067 1.098 1.124 1.127 1.122 1.165 1.2 1.21 1.219 1.222 1.223 1.125 0.85 0.524 0.156 0.218 0.483 0.582 0.582 0.976 0.775 0.477
1.281 1.243 1.238 1.24 1.22 1.189 1.148 1.156 1.12 1.06 1.035 1.005 0.968 0.881 0.886 0.937 0.988 1.062 1.054 0.992 0.986 0.921 0.799 0.651 0.436 0.473 0.633 0.601 0.558 0.548 0.337 0.387 0.544 0.705 0.54 0.347 0.533 0.501 0.332 0.268 0.381 0.121 -0.061 0.01 0.018 0.055 0.276 0.347 0.339 0.314 0.113 0.016 0.215 0.342 0.589 0.691 0.972 1.084 1.125 1.116 1.115 1.164 1.182 1.218 1.22 1.236 1.227 1.006 0.534 0.467 0.577 0.807 0.68 0.861 1.13 0.803 0.991
1.264 1.243 1.239 1.242 1.219 1.145 1.126 1.138 1.078 1.019 0.96 0.903 0.887 0.816 0.85 0.93 0.98 1.025 1.058 1.028 0.933 0.851 0.728 0.534 0.395 0.501 0.585 0.528 0.427 0.47 0.338 0.44 0.575 0.606 0.39 0.292 0.465 0.543 0.313 0.236 0.238 0.002 0.07 0.178 0.328 0.102 0.216 0.452 0.299 0.045 0.055 0.073 -0.006 0.079 0.224 0.475 0.771 0.921 1.044 1.118 1.107 1.114 1.148 1.198 1.219 1.235 1.236 1.135 0.91 0.935 0.999 1.123 0.989 1.15 1.252 1.249 1.28
1.247 1.236 1.239 1.249 1.201 1.134 1.142 1.117 1.04 0.978 0.929 0.871 0.855 0.865 0.929 0.998 1.048 1.06 1.048 0.97 0.83 0.755 0.624 0.458 0.347 0.392 0.434 0.48 0.346 0.363 0.308 0.463 0.61 0.553 0.371 0.324 0.367 0.472 0.195 0.097 0.08 -0.021 0.014 0.069 0.398 0.466 0.484 0.47 0.195 0.136 0.147 0.237 0.295 0.344 0.415 0.408 0.545 0.642 0.991 1.093 1.103 1.074 1.055 1.135 1.203 1.22 1.235 1.234 1.234 1.252 1.263 1.268 1.268 1.269 1.259 1.237 1.262
1.236 1.242 1.242 1.234 1.187 1.148 1.137 1.072 1.014 0.969 0.924 0.886 0.905 0.936 0.972 1.019 1.047 1.047 1.016 0.917 0.774 0.614 0.5 0.448 0.38 0.347 0.376 0.402 0.302 0.356 0.403 0.586 0.607 0.438 0.201 0.24 0.334 0.331 0.087 -0.034 -0.073 0.049 0.188 0.383 0.52 0.651 0.583 0.531 0.493 0.553 0.552 0.58 0.664 0.718 0.781 0.835 0.946 0.935 0.919 0.979 1.008 1.056 1.005 1.027 1.121 1.189 1.206 1.232 1.244 1.252 1.252 1.259 1.263 1.246 1.091 1.106 1.264
1.244 1.256 1.24 1.21 1.177 1.152 1.105 1.029 0.982 0.949 0.921 0.901 0.913 0.937 0.983 1.024 1.031 1.026 0.992 0.857 0.687 0.532 0.513 0.508 0.514 0.519 0.474 0.462 0.348 0.357 0.448 0.57 0.459 0.325 0.117 0.124 0.118 0.062 0.035 0.075 0.17 0.351 0.528 0.657 0.74 0.755 0.783 0.78 0.789 0.789 0.82 0.846 0.873 0.894 0.958 0.952 0.907 0.842 0.729 0.569 0.622 0.924 1.008 0.931 0.955 1.032 1.066 1.159 1.213 1.234 1.203 1.166 1.167 0.963 0.684 0.985 1.19
1.252 1.241 1.207 1.176 1.152 1.134 1.098 1.045 0.998 0.955 0.925 0.893 0.889 0.926 0.991 1.02 1.005 1.008 0.976 0.822 0.613 0.522 0.619 0.623 0.642 0.635 0.585 0.5 0.329 0.25 0.293 0.376 0.329 0.185 -0.066 -0.044 -0.076 -0.083 0.001 0.187 0.393 0.575 0.735 0.738 0.687 0.675 0.734 0.754 0.731 0.724 0.733 0.77 0.739 0.812 0.876 0.756 0.622 0.512 0.298 -0.004 -0.003 0.53 0.937 0.929 0.867 0.86 0.833 0.911 1.037 1.065 1.012 0.878 0.772 0.45 0.618 0.782 0.976
1.259 1.208 1.164 1.125 1.115 1.116 1.093 1.07 1.028 0.979 0.916 0.87 0.887 0.951 1.007 1.002 0.992 1.01 0.967 0.799 0.556 0.518 0.674 0.733 0.66 0.532 0.511 0.449 0.204 0.109 0.189 0.172 0.229 -0.028 -0.157 -0.089 -0.002 -0.071 0.11 0.27 0.468 0.648 0.701 0.606 0.512 0.443 0.461 0.451 0.349 0.314 0.405 0.499 0.495 0.771 0.712 0.498 0.256 0.151 -0.004 -0.215 -0.174 0.258 0.77 0.968 0.873 0.795 0.708 0.603 0.664 0.677 0.729 0.498 0.237 0.336 0.662 0.387 0.532
