data/climatemaps/RS_maps/climate_postbreed_tmp_2017.asc
NCOLS 369 
NROWS 228 
XLLCORNER 479000 
YLLCORNER 73000 
CELLSIZE 1000 
NODATA_value -9 
[rows 68 to 101 of 228, columns 76 to 151 of 369]
0.363 0.355 0.316 0.238 0.184 0.188 0.277 0.459 0.457 0.162 0.143 0.137 0.138 0.116 0.095 0.099 0.097 0.097 0.084 0.068 0.042 -0.008 -0.019 -0.009 0.06 0.249 0.291 0.352 0.364 0.314 0.33 0.331 0.362 0.393 0.399 0.392 0.36 0.367 0.353 0.295 0.263 0.245 0.186 0.023 -0.126 -0.119 -0.084 -0.066 0.079 0.12 0.145 0.251 0.423 0.557 0.612 0.651 0.683 0.704 0.715 0.715 0.738 0.737 0.729 0.691 0.686 0.681 0.691 0.724 0.745 0.761 0.742 0.705 0.731 0.739 0.727 0.658
0.319 0.324 0.241 0.181 0.197 0.313 0.403 0.48 0.246 0.076 0.132 0.12 0.105 0.081 0.081 0.107 0.105 0.102 0.087 0.058 0.039 0.033 0.049 0.124 0.246 0.335 0.342 0.36 0.384 0.398 0.387 0.397 0.418 0.419 0.41 0.405 0.403 0.382 0.276 0.211 0.119 -0.016 -0.137 -0.09 -0.111 0.023 0.146 0.305 0.399 0.466 0.506 0.566 0.601 0.602 0.629 0.667 0.714 0.738 0.735 0.736 0.757 0.752 0.737 0.736 0.718 0.7 0.729 0.754 0.745 0.731 0.721 0.732 0.724 0.712 0.73 0.716
0.277 0.292 0.193 0.179 0.303 0.419 0.442 0.295 0.149 0.13 0.142 0.114 0.081 0.088 0.106 0.11 0.114 0.102 0.108 0.129 0.168 0.207 0.174 0.17 0.233 0.305 0.359 0.38 0.343 0.301 0.256 0.236 0.224 0.211 0.173 0.139 0.131 0.053 -0.049 -0.115 -0.19 -0.192 -0.055 0.096 0.229 0.401 0.487 0.558 0.597 0.614 0.64 0.654 0.634 0.682 0.708 0.724 0.748 0.76 0.76 0.758 0.754 0.719 0.702 0.71 0.716 0.748 0.751 0.726 0.706 0.709 0.716 0.724 0.699 0.679 0.69 0.727
0.278 0.26 0.223 0.311 0.448 0.382 0.231 0.138 0.14 0.116 0.063 0.058 0.084 0.117 0.11 0.076 0.09 0.113 0.157 0.161 0.145 0.103 0.075 0.097 0.152 0.258 0.338 0.277 0.179 0.082 0.014 -0.027 -0.065 -0.055 -0.073 -0.073 -0.018 -0.032 -0.064 -0.098 -0.098 0.028 0.261 0.379 0.501 0.569 0.61 0.643 0.673 0.684 0.698 0.7 0.702 0.73 0.738 0.756 0.751 0.755 0.756 0.741 0.723 0.703 0.693 0.699 0.719 0.73 0.726 0.699 0.703 0.713 0.714 0.713 0.694 0.673 0.668 0.711
0.227 0.217 0.361 0.433 0.345 0.171 0.127 0.114 0.082 0.015 0.017 0.07 0.1 0.106 0.065 0.021 0.01 0.028 0.038 0.035 0.058 0.111 0.146 0.17 0.191 0.246 0.247 0.054 0 -0.044 -0.036 0.011 0.073 0.099 0.064 0.037 0.042 0.047 0.069 0.117 0.227 0.39 0.522 0.598 0.651 0.678 0.697 0.726 0.743 0.744 0.744 0.744 0.739 0.743 0.75 0.747 0.743 0.744 0.747 0.716 0.695 0.696 0.702 0.713 0.731 0.717 0.709 0.7 0.7 0.696 0.701 0.703 0.673 0.666 0.659 0.686
0.176 0.246 0.489 0.334 0.189 0.111 0.088 0.06 0.005 0.002 0.054 0.085 0.068 0.029 -0.032 -0.075 -0.089 -0.018 0.054 0.163 0.262 0.341 0.397 0.405 0.39 0.362 0.199 0.108 0.178 0.197 0.306 0.333 0.313 0.22 0.165 0.134 0.147 0.177 0.279 0.428 0.572 0.648 0.672 0.703 0.728 0.737 0.748 0.757 0.76 0.758 0.753 0.746 0.73 0.728 0.729 0.735 0.739 0.74 0.741 0.719 0.704 0.709 0.709 0.713 0.73 0.712 0.698 0.675 0.676 0.686 0.687 0.694 0.654 0.649 0.624 0.637
0.224 0.366 0.415 0.215 0.133 0.091 0.042 0.036 0.042 0.062 0.066 0.03 -0.041 -0.091 -0.097 -0.057 0.086 0.239 0.33 0.409 0.441 0.459 0.467 0.435 0.422 0.412 0.374 0.398 0.433 0.42 0.473 0.348 0.265 0.249 0.293 0.284 0.309 0.388 0.497 0.609 0.701 0.73 0.739 0.75 0.758 0.761 0.762 0.753 0.744 0.738 0.711 0.689 0.679 0.707 0.725 0.736 0.738 0.739 0.739 0.723 0.709 0.701 0.69 0.712 0.724 0.703 0.681 0.668 0.691 0.692 0.672 0.685 0.624 0.59 0.59 0.624
0.433 0.421 0.281 0.158 0.102 0.083 0.082 0.104 0.102 0.076 0.032 -0.058 -0.119 -0.108 0.01 0.183 0.367 0.436 0.434 0.392 0.289 0.313 0.301 0.16 0.121 0.141 0.307 0.328 0.211 0.342 0.488 0.242 0.286 0.335 0.298 0.354 0.445 0.551 0.656 0.719 0.744 0.756 0.762 0.764 0.766 0.766 0.749 0.723 0.703 0.686 0.642 0.637 0.667 0.718 0.737 0.739 0.732 0.739 0.724 0.709 0.686 0.687 0.698 0.719 0.722 0.694 0.69 0.695 0.687 0.654 0.647 0.673 0.607 0.543 0.564 0.611
0.447 0.381 0.241 0.134 0.119 0.097 0.095 0.105 0.079 0.022 -0.075 -0.121 -0.066 0.091 0.265 0.386 0.42 0.366 0.206 0.084 0.034 0.047 -0.007 -0.084 -0.094 -0.082 0.069 0.07 0.055 0.272 0.525 0.429 0.333 0.358 0.527 0.644 0.69 0.719 0.744 0.763 0.763 0.765 0.766 0.766 0.749 0.716 0.703 0.664 0.639 0.633 0.644 0.662 0.705 0.72 0.734 0.734 0.732 0.729 0.704 0.694 0.68 0.697 0.716 0.695 0.71 0.705 0.699 0.666 0.629 0.608 0.607 0.657 0.61 0.556 0.521 0.563
0.518 0.344 0.258 0.143 0.089 0.092 0.087 0.038 -0.015 -0.097 -0.127 -0.044 0.207 0.336 0.39 0.333 0.193 0.035 -0.059 -0.09 -0.093 -0.098 -0.132 -0.168 -0.15 -0.068 0.108 0.316 0.431 0.51 0.527 0.559 0.559 0.674 0.721 0.702 0.666 0.698 0.736 0.772 0.771 0.766 0.766 0.751 0.686 0.644 0.639 0.613 0.617 0.658 0.691 0.71 0.712 0.716 0.727 0.732 0.733 0.726 0.711 0.692 0.691 0.709 0.68 0.654 0.685 0.663 0.631 0.621 0.579 0.529 0.562 0.657 0.639 0.578 0.473 0.516
0.324 0.151 0.26 0.158 0.101 0.073 0.006 -0.048 -0.081 -0.072 0.028 0.275 0.384 0.349 0.167 -0.004 -0.127 -0.203 -0.213 -0.214 -0.155 -0.166 -0.141 -0.109 0.017 0.141 0.354 0.44 0.468 0.453 0.537 0.675 0.747 0.747 0.683 0.686 0.731 0.765 0.769 0.773 0.772 0.766 0.759 0.686 0.63 0.615 0.626 0.634 0.649 0.647 0.656 0.699 0.71 0.731 0.714 0.714 0.717 0.714 0.721 0.706 0.716 0.709 0.685 0.64 0.693 0.606 0.613 0.613 0.543 0.502 0.592 0.638 0.571 0.566 0.462 0.474
0.154 0.158 0.215 0.151 0.089 0.031 -0.036 -0.04 0.033 0.15 0.309 0.304 0.221 0.115 -0.055 -0.262 -0.349 -0.369 -0.296 -0.212 -0.107 -0.055 -0.046 -0.058 -0.004 0.201 0.348 0.266 0.341 0.524 0.715 0.772 0.763 0.724 0.693 0.727 0.773 0.776 0.773 0.773 0.772 0.757 0.727 0.658 0.626 0.627 0.652 0.624 0.635 0.647 0.685 0.723 0.719 0.729 0.722 0.701 0.713 0.713 0.705 0.723 0.707 0.654 0.658 0.593 0.668 0.578 0.566 0.571 0.488 0.545 0.591 0.617 0.519 0.513 0.51 0.496
0.14 0.152 0.184 0.101 0.043 0.029 0.062 0.212 0.279 0.259 0.143 0.049 -0.019 -0.077 -0.21 -0.376 -0.434 -0.334 -0.162 0.031 0.04 -0.074 -0.182 -0.127 0.059 0.189 0.132 0.288 0.517 0.717 0.774 0.761 0.734 0.753 0.773 0.775 0.78 0.779 0.773 0.739 0.733 0.696 0.697 0.65 0.637 0.603 0.58 0.584 0.567 0.602 0.705 0.732 0.718 0.717 0.717 0.701 0.713 0.724 0.691 0.68 0.618 0.615 0.638 0.636 0.605 0.565 0.514 0.54 0.493 0.534 0.561 0.569 0.604 0.58 0.549 0.497
0.139 0.114 0.122 0.064 0.065 0.127 0.216 0.216 0.102 0.024 0.007 -0.001 -0.046 -0.228 -0.327 -0.369 -0.25 -0.082 0.065 0.148 -0.032 -0.065 0.04 0.163 0.167 0.138 0.269 0.586 0.778 0.786 0.784 0.77 0.758 0.748 0.778 0.78 0.78 0.771 0.69 0.667 0.72 0.696 0.691 0.637 0.599 0.578 0.56 0.579 0.574 0.676 0.731 0.723 0.712 0.713 0.713 0.701 0.711 0.712 0.704 0.663 0.626 0.617 0.636 0.612 0.552 0.55 0.464 0.473 0.497 0.518 0.531 0.478 0.556 0.557 0.561 0.487
0.12 0.076 0.102 0.088 0.159 0.222 0.117 -0.001 -0.049 -0.054 -0.041 -0.005 -0.091 -0.278 -0.298 -0.119 0.039 0.15 0.206 0.166 0.143 0.242 0.326 0.285 0.245 0.354 0.598 0.765 0.79 0.778 0.772 0.77 0.766 0.757 0.78 0.785 0.78 0.767 0.72 0.738 0.735 0.693 0.657 0.613 0.603 0.584 0.598 0.655 0.697 0.726 0.717 0.708 0.708 0.714 0.712 0.701 0.702 0.711 0.687 0.675 0.671 0.623 0.647 0.563 0.537 0.512 0.45 0.407 0.485 0.455 0.498 0.47 0.514 0.486 0.564 0.508
0.073 0.039 0.098 0.151 0.167 0.101 -0.025 -0.064 -0.07 -0.041 0.014 0.046 -0.119 -0.189 -0.037 0.126 0.236 0.292 0.305 0.301 0.336 0.365 0.366 0.367 0.456 0.646 0.778 0.798 0.784 0.754 0.719 0.707 0.717 0.712 0.773 0.784 0.778 0.773 0.756 0.738 0.716 0.676 0.615 0.57 0.598 0.646 0.71 0.732 0.726 0.706 0.69 0.704 0.708 0.711 0.708 0.7 0.703 0.705 0.65 0.647 0.656 0.635 0.616 0.549 0.536 0.461 0.419 0.413 0.469 0.438 0.467 0.431 0.471 0.461 0.548 0.524
0.038 0.051 0.118 0.054 -0.012 -0.045 -0.02 0.021 0.07 0.129 0.172 0.056 -0.094 0.012 0.162 0.254 0.332 0.355 0.361 0.359 0.345 0.357 0.434 0.567 0.668 0.784 0.8 0.79 0.769 0.736 0.702 0.716 0.753 0.779 0.785 0.779 0.758 0.737 0.717 0.692 0.67 0.669 0.639 0.642 0.704 0.723 0.729 0.72 0.693 0.668 0.693 0.703 0.709 0.703 0.703 0.7 0.702 0.686 0.613 0.618 0.638 0.616 0.576 0.567 0.554 0.492 0.419 0.4 0.43 0.425 0.43 0.402 0.467 0.492 0.524 0.472
-0.013 0.032 -0.02 -0.144 -0.168 -0.119 0.027 0.098 0.153 0.224 0.232 -0.014 -0.053 0.128 0.22 0.261 0.36 0.378 0.356 0.314 0.331 0.451 0.63 0.748 0.791 0.8 0.8 0.775 0.727 0.682 0.721 0.78 0.791 0.786 0.786 0.763 0.723 0.703 0.693 0.684 0.698 0.711 0.707 0.725 0.708 0.691 0.698 0.69 0.655 0.649 0.685 0.703 0.708 0.698 0.699 0.694 0.693 0.668 0.622 0.608 0.62 0.591 0.535 0.519 0.495 0.468 0.452 0.375 0.426 0.453 0.448 0.454 0.482 0.484 0.498 0.445
-0.04 -0.06 -0.17 -0.212 -0.175 -0.059 0.073 0.149 0.187 0.272 0.216 -0.069 -0.022 0.166 0.176 0.282 0.377 0.382 0.347 0.342 0.514 0.689 0.776 0.8 0.8 0.8 0.795 0.733 0.686 0.696 0.758 0.792 0.788 0.783 0.78 0.748 0.702 0.688 0.667 0.672 0.715 0.717 0.717 0.693 0.663 0.655 0.659 0.665 0.627 0.642 0.678 0.693 0.704 0.691 0.691 0.688 0.677 0.654 0.642 0.622 0.602 0.553 0.513 0.48 0.421 0.393 0.417 0.377 0.451 0.455 0.443 0.436 0.446 0.438 0.462 0.418
-0.128 -0.139 -0.117 -0.101 -0.028 0.113 0.257 0.355 0.366 0.362 0.127 -0.084 0.077 0.225 0.27 0.396 0.467 0.467 0.486 0.596 0.74 0.796 0.79 0.8 0.8 0.8 0.757 0.719 0.728 0.758 0.778 0.793 0.788 0.78 0.776 0.751 0.711 0.688 0.646 0.666 0.682 0.688 0.702 0.675 0.646 0.639 0.639 0.636 0.607 0.644 0.664 0.674 0.699 0.685 0.681 0.682 0.676 0.658 0.638 0.603 0.561 0.512 0.498 0.462 0.372 0.37 0.39 0.387 0.444 0.416 0.4 0.38 0.374 0.401 0.427 0.391
-0.188 -0.144 -0.031 0.099 0.272 0.376 0.434 0.451 0.422 0.34 0.04 0.023 0.236 0.329 0.455 0.566 0.654 0.686 0.726 0.775 0.798 0.8 0.796 0.8 0.8 0.791 0.759 0.771 0.777 0.779 0.789 0.793 0.787 0.78 0.766 0.74 0.732 0.72 0.688 0.689 0.687 0.69 0.692 0.674 0.644 0.634 0.609 0.619 0.627 0.654 0.654 0.671 0.698 0.682 0.664 0.679 0.665 0.663 0.652 0.62 0.529 0.543 0.498 0.428 0.394 0.394 0.383 0.391 0.436 0.391 0.367 0.316 0.303 0.357 0.365 0.341
-0.21 -0.03 0.187 0.327 0.404 0.446 0.464 0.458 0.411 0.263 0.037 0.168 0.372 0.513 0.697 0.753 0.776 0.791 0.797 0.8 0.8 0.8 0.8 0.8 0.785 0.777 0.788 0.781 0.783 0.79 0.793 0.788 0.784 0.773 0.74 0.724 0.728 0.725 0.696 0.688 0.691 0.678 0.662 0.652 0.625 0.617 0.615 0.622 0.639 0.662 0.668 0.684 0.698 0.681 0.664 0.664 0.646 0.649 0.649 0.636 0.564 0.559 0.485 0.41 0.463 0.419 0.388 0.373 0.424 0.397 0.344 0.325 0.281 0.247 0.262 0.241
-0.095 0.12 0.303 0.393 0.431 0.451 0.452 0.424 0.331 0.079 0.122 0.449 0.556 0.718 0.789 0.796 0.799 0.789 0.78 0.8 0.8 0.8 0.786 0.767 0.753 0.791 0.782 0.795 0.792 0.793 0.787 0.786 0.783 0.767 0.704 0.709 0.682 0.689 0.693 0.695 0.697 0.673 0.661 0.619 0.605 0.614 0.636 0.637 0.648 0.66 0.683 0.686 0.682 0.672 0.66 0.615 0.594 0.587 0.619 0.647 0.58 0.512 0.402 0.398 0.483 0.461 0.426 0.41 0.438 0.357 0.392 0.403 0.375 0.352 0.286 0.255
0.013 0.227 0.385 0.427 0.46 0.472 0.426 0.274 0.102 0.044 0.398 0.589 0.677 0.787 0.794 0.799 0.766 0.666 0.726 0.8 0.781 0.729 0.712 0.696 0.778 0.787 0.767 0.792 0.798 0.793 0.786 0.774 0.769 0.707 0.695 0.669 0.664 0.629 0.611 0.637 0.68 0.674 0.678 0.675 0.666 0.639 0.646 0.636 0.637 0.666 0.692 0.679 0.672 0.653 0.585 0.6 0.571 0.598 0.595 0.641 0.559 0.472 0.389 0.465 0.515 0.444 0.399 0.467 0.446 0.444 0.427 0.362 0.344 0.241 0.237 0.169
0.168 0.36 0.413 0.45 0.483 0.458 0.265 0.043 0.078 0.336 0.607 0.659 0.773 0.783 0.791 0.757 0.657 0.724 0.779 0.776 0.727 0.664 0.672 0.765 0.792 0.786 0.8 0.8 0.799 0.788 0.76 0.741 0.747 0.704 0.68 0.619 0.564 0.513 0.538 0.561 0.604 0.573 0.545 0.587 0.648 0.678 0.672 0.649 0.639 0.675 0.685 0.665 0.623 0.629 0.602 0.567 0.49 0.577 0.513 0.608 0.61 0.486 0.505 0.534 0.462 0.432 0.418 0.499 0.488 0.454 0.356 0.279 0.276 0.261 0.129 0.108
0.325 0.39 0.431 0.463 0.491 0.359 0.146 0.195 0.403 0.604 0.71 0.764 0.763 0.781 0.792 0.732 0.721 0.767 0.775 0.735 0.67 0.677 0.751 0.79 0.77 0.791 0.8 0.8 0.793 0.765 0.747 0.764 0.701 0.655 0.625 0.575 0.469 0.434 0.479 0.52 0.555 0.53 0.531 0.57 0.615 0.639 0.651 0.667 0.677 0.677 0.662 0.64 0.587 0.569 0.566 0.527 0.479 0.536 0.459 0.525 0.628 0.6 0.569 0.504 0.432 0.435 0.493 0.514 0.43 0.386 0.388 0.34 0.263 0.228 0.218 0.115
0.376 0.404 0.424 0.44 0.481 0.387 0.376 0.511 0.648 0.759 0.796 0.791 0.778 0.797 0.793 0.795 0.795 0.795 0.777 0.725 0.72 0.73 0.783 0.791 0.785 0.801 0.801 0.798 0.763 0.734 0.765 0.69 0.627 0.551 0.511 0.464 0.387 0.438 0.446 0.536 0.547 0.528 0.523 0.575 0.611 0.626 0.635 0.647 0.645 0.646 0.603 0.571 0.556 0.526 0.575 0.493 0.462 0.499 0.383 0.467 0.579 0.605 0.604 0.551 0.514 0.538 0.537 0.493 0.423 0.443 0.378 0.332 0.21 0.148 0.162 0.158
0.419 0.414 0.43 0.463 0.54 0.577 0.631 0.703 0.783 0.813 0.813 0.808 0.8 0.809 0.799 0.799 0.805 0.805 0.801 0.779 0.773 0.776 0.791 0.802 0.808 0.807 0.806 0.785 0.718 0.734 0.753 0.643 0.586 0.484 0.433 0.414 0.424 0.489 0.548 0.572 0.571 0.556 0.562 0.61 0.613 0.633 0.635 0.619 0.599 0.536 0.493 0.481 0.522 0.534 0.555 0.474 0.436 0.416 0.414 0.484 0.485 0.573 0.574 0.585 0.579 0.578 0.536 0.509 0.455 0.368 0.317 0.301 0.197 0.1 0.078 0.061
0.498 0.512 0.553 0.607 0.672 0.737 0.778 0.803 0.813 0.813 0.813 0.813 0.813 0.813 0.811 0.797 0.813 0.813 0.807 0.809 0.801 0.794 0.801 0.81 0.813 0.811 0.807 0.761 0.721 0.714 0.737 0.675 0.606 0.549 0.54 0.512 0.517 0.578 0.565 0.569 0.576 0.601 0.614 0.625 0.629 0.666 0.655 0.618 0.552 0.449 0.423 0.464 0.491 0.492 0.437 0.379 0.375 0.355 0.399 0.413 0.443 0.535 0.493 0.519 0.539 0.566 0.564 0.542 0.448 0.334 0.295 0.294 0.196 0.08 0.136 0.105
0.615 0.677 0.716 0.759 0.79 0.823 0.82 0.82 0.818 0.817 0.817 0.813 0.813 0.813 0.813 0.808 0.813 0.813 0.805 0.813 0.813 0.804 0.813 0.813 0.813 0.813 0.802 0.752 0.726 0.699 0.729 0.707 0.642 0.628 0.604 0.578 0.581 0.604 0.572 0.579 0.591 0.612 0.616 0.62 0.636 0.695 0.673 0.648 0.568 0.527 0.423 0.381 0.357 0.467 0.384 0.327 0.292 0.341 0.333 0.401 0.471 0.478 0.403 0.467 0.489 0.486 0.511 0.574 0.523 0.403 0.365 0.309 0.239 0.125 0.198 0.124
0.728 0.785 0.812 0.824 0.83 0.833 0.828 0.826 0.825 0.824 0.824 0.817 0.817 0.815 0.812 0.812 0.813 0.813 0.801 0.806 0.813 0.813 0.813 0.813 0.813 0.808 0.787 0.749 0.735 0.706 0.742 0.717 0.702 0.695 0.66 0.631 0.627 0.642 0.639 0.635 0.642 0.644 0.643 0.654 0.668 0.686 0.678 0.656 0.63 0.597 0.477 0.384 0.349 0.493 0.393 0.348 0.292 0.274 0.339 0.459 0.411 0.399 0.348 0.435 0.414 0.422 0.403 0.53 0.55 0.44 0.369 0.269 0.249 0.194 0.226 0.111
0.787 0.824 0.838 0.838 0.833 0.833 0.832 0.831 0.826 0.826 0.826 0.824 0.824 0.816 0.813 0.806 0.782 0.726 0.689 0.74 0.807 0.813 0.813 0.813 0.805 0.789 0.773 0.751 0.744 0.733 0.746 0.704 0.701 0.704 0.7 0.681 0.689 0.7 0.702 0.69 0.693 0.669 0.658 0.653 0.65 0.668 0.657 0.644 0.647 0.632 0.59 0.5 0.453 0.525 0.424 0.383 0.308 0.264 0.373 0.39 0.308 0.322 0.353 0.422 0.353 0.356 0.305 0.476 0.559 0.45 0.332 0.34 0.265 0.278 0.188 0.164
0.832 0.838 0.845 0.841 0.838 0.838 0.833 0.833 0.828 0.826 0.826 0.826 0.816 0.806 0.791 0.772 0.735 0.662 0.712 0.782 0.81 0.808 0.812 0.805 0.778 0.742 0.748 0.748 0.734 0.748 0.721 0.662 0.614 0.599 0.62 0.617 0.634 0.655 0.649 0.648 0.675 0.654 0.646 0.642 0.639 0.669 0.64 0.63 0.639 0.598 0.587 0.582 0.573 0.572 0.493 0.389 0.321 0.252 0.393 0.339 0.245 0.281 0.337 0.356 0.295 0.29 0.299 0.464 0.552 0.435 0.363 0.353 0.311 0.297 0.245 0.231
0.84 0.844 0.851 0.846 0.846 0.84 0.839 0.839 0.83 0.826 0.826 0.802 0.785 0.757 0.739 0.738 0.755 0.77 0.805 0.824 0.824 0.819 0.808 0.782 0.742 0.721 0.721 0.736 0.716 0.752 0.697 0.612 0.559 0.53 0.59 0.603 0.631 0.646 0.642 0.649 0.649 0.646 0.651 0.651 0.656 0.672 0.646 0.625 0.635 0.551 0.508 0.488 0.581 0.61 0.526 0.396 0.333 0.329 0.436 0.29 0.22 0.231 0.199 0.23 0.212 0.252 0.334 0.439 0.535 0.506 0.468 0.407 0.36 0.368 0.347 0.228
