data/climatemaps/RS_maps/climate_breeding_tmp_2000.asc
NCOLS 369 
NROWS 228 
XLLCORNER 479000 
YLLCORNER 73000 
CELLSIZE 1000 
NODATA_value -9 
[rows 0 to 33 of 228, columns 231 to 307 of 369]
-9 -9 -9 -9 -9 -9 -9 -9 -9 -9 -9 -9 -9 -9 -9 -9 -9 -9 -9 -9 -9 -9 -9 -9 -9 -9 -9 -9 -9 -9 -9 -9 -9 -9 -9 -9 -9 -9 -9 -9 -9 -9 -9 -9 -9 -9 -9 -9 -9 -9 -9 -9 -9 -9 -9 -9 -9 -9 -9 -9 -9 -9 -9 -9 -9 -9 -9 -9 -9 -9 -9 -9 -9 -9 -9 -9 -9
-9 -9 -9 -9 -9 -9 -9 -9 -9 -9 -9 -9 -9 -9 -9 -9 -9 -9 -9 -9 -9 -9 -9 -9 -9 -9 -9 -9 -9 -9 -9 -9 -9 -9 -9 -9 -9 -9 -9 -9 -9 -9 -9 -9 -9 -9 -9 -9 -9 -9 -9 -9 -9 -9 -9 -9 -9 -9 -9 -9 -9 -9 -9 -9 -9 -9 -9 -9 -9 -9 -9 -9 -9 -9 -9 -9 -9
-9 -9 -9 -9 -9 -9 -9 -9 -9 -9 -9 -9 -9 -9 -9 -9 -9 -9 -9 -9 -9 -9 -9 -9 -9 -9 -9 -9 -9 -9 -9 -9 -9 -9 -9 -9 -9 -9 -9 -9 -9 -9 -9 -9 -9 -9 -9 -9 -9 -9 -9 -9 -9 -9 -9 -9 -9 -9 -9 -9 -9 -9 -9 -9 -9 -9 -9 -9 -9 -9 -9 -9 -9 -9 -9 -9 -9
0.866 -9 -9 -9 -9 -9 -9 -9 -9 -9 -9 -9 -9 -9 -9 -9 -9 -9 -9 -9 -9 -9 -9 -9 -9 -9 -9 -9 -9 -9 -9 -9 -9 -9 -9 -9 -9 -9 -9 -9 -9 -9 -9 -9 -9 -9 -9 -9 -9 -9 -9 -9 -9 -9 -9 -9 -9 -9 -9 -9 -9 -9 -9 -9 -9 -9 -9 -9 -9 -9 -9 -9 -9 -9 -9 -9 -9
0.903 0.793 -9 -9 -9 -9 -9 -9 -9 -9 -9 -9 -9 -9 -9 -9 -9 -9 -9 -9 -9 -9 -9 -9 -9 -9 -9 -9 -9 -9 -9 -9 -9 -9 -9 -9 -9 -9 -9 -9 -9 -9 -9 -9 -9 -9 -9 -9 -9 -9 -9 -9 -9 -9 -9 -9 -9 -9 -9 -9 -9 -9 -9 -9 -9 -9 -9 -9 -9 -9 -9 -9 -9 -9 -9 -9 -9
0.908 0.895 0.813 -9 -9 -9 -9 -9 -9 -9 -9 -9 -9 -9 -9 -9 -9 -9 -9 -9 -9 -9 -9 -9 -9 -9 -9 -9 -9 -9 -9 -9 -9 -9 -9 -9 -9 -9 -9 -9 -9 -9 -9 -9 -9 -9 -9 -9 -9 -9 -9 -9 -9 -9 -9 -9 -9 -9 -9 -9 -9 -9 -9 -9 -9 -9 -9 -9 -9 -9 -9 -9 -9 -9 -9 -9 -9
0.887 0.925 0.83 0.765 -9 0.908 0.733 0.762 0.765 0.757 0.889 1.008 1.019 1.019 1.001 0.954 -9 -9 -9 -9 -9 -9 -9 -9 -9 -9 -9 -9 -9 -9 -9 -9 -9 -9 -9 -9 -9 -9 -9 -9 -9 -9 -9 -9 -9 -9 -9 -9 -9 -9 -9 -9 -9 -9 -9 -9 -9 -9 -9 -9 -9 -9 -9 -9 -9 -9 -9 -9 -9 -9 -9 -9 -9 -9 -9 -9 -9
0.924 0.947 0.883 0.848 0.887 0.889 0.752 0.733 0.761 0.689 0.736 0.913 1.01 1.023 1.023 1.017 0.956 0.898 0.886 0.882 -9 -9 -9 -9 -9 -9 -9 -9 -9 -9 -9 -9 -9 -9 -9 -9 -9 -9 -9 -9 -9 -9 -9 -9 -9 -9 -9 -9 -9 -9 -9 -9 -9 -9 -9 -9 -9 -9 -9 -9 -9 -9 -9 -9 -9 -9 -9 -9 -9 -9 -9 -9 -9 -9 -9 -9 -9
0.949 0.963 0.944 0.933 0.925 0.932 0.891 0.829 0.824 0.778 0.737 0.775 0.883 1.001 1.025 1.026 1.014 0.98 0.964 0.958 0.911 0.898 0.931 0.923 0.902 0.897 0.89 0.922 0.964 -9 -9 -9 -9 -9 -9 -9 -9 -9 -9 -9 -9 -9 -9 -9 -9 -9 -9 -9 -9 -9 -9 -9 -9 -9 -9 -9 -9 -9 -9 -9 -9 -9 -9 -9 -9 -9 -9 -9 -9 -9 -9 -9 -9 -9 -9 -9 -9
0.954 0.969 0.972 0.958 0.954 0.941 0.957 0.948 0.893 0.859 0.817 0.806 0.829 0.873 0.932 1.007 1.032 1.025 1.03 1.008 0.959 0.933 0.939 0.962 0.949 0.952 0.919 0.944 0.97 0.978 0.955 0.874 0.809 -9 -9 -9 -9 -9 -9 -9 -9 -9 -9 -9 -9 -9 -9 -9 -9 -9 -9 -9 -9 -9 -9 -9 -9 -9 -9 -9 -9 -9 -9 -9 -9 -9 -9 -9 -9 -9 -9 -9 -9 -9 -9 -9 -9
0.969 0.984 0.99 0.987 0.987 0.961 0.956 0.98 0.977 0.972 0.948 0.908 0.862 0.836 0.844 0.901 0.999 1.038 1.038 1.038 1.036 1.007 0.961 0.95 0.944 0.96 0.935 0.939 0.972 0.978 0.978 0.958 0.886 0.839 0.835 -9 -9 -9 -9 -9 -9 -9 -9 -9 -9 -9 -9 -9 -9 -9 -9 -9 -9 -9 -9 -9 -9 -9 -9 -9 -9 -9 -9 -9 -9 -9 -9 -9 -9 -9 -9 -9 -9 -9 -9 -9 -9
0.988 0.998 1.006 1.005 1.003 1.005 1.003 0.991 0.946 0.944 0.959 0.925 0.872 0.837 0.812 0.857 0.931 1.014 1.024 1.036 1.038 1.038 1.03 1.001 0.981 0.984 0.984 0.97 0.966 0.978 0.973 0.982 0.932 0.879 0.855 0.794 0.674 -9 -9 -9 -9 -9 -9 -9 -9 -9 -9 -9 -9 -9 -9 -9 -9 -9 -9 -9 -9 -9 -9 -9 -9 -9 -9 -9 -9 -9 -9 -9 -9 -9 -9 -9 -9 -9 -9 -9 -9
1.005 1.007 1.013 1.013 1.012 1.013 1.02 1.01 0.957 0.934 0.935 0.959 0.941 0.936 0.923 0.921 0.931 0.952 0.985 1.007 1.037 1.038 1.037 1.038 1.023 0.998 0.982 0.991 0.989 0.987 0.971 0.987 0.979 0.937 0.904 0.864 0.788 0.709 0.691 -9 -9 -9 -9 -9 -9 -9 -9 -9 -9 -9 -9 -9 -9 -9 -9 -9 -9 -9 -9 -9 -9 -9 -9 -9 -9 -9 -9 -9 -9 -9 -9 -9 -9 -9 -9 -9 -9
1 1.008 1.013 1.017 1.02 1.023 1.018 1.023 1.023 0.999 0.977 0.976 0.981 0.963 0.924 0.934 0.92 0.907 0.939 0.965 1.029 1.038 1.038 1.038 1.02 0.967 0.911 0.918 0.982 0.997 0.989 0.994 0.996 0.981 0.965 0.949 0.922 0.872 0.855 0.911 0.953 -9 -9 -9 -9 -9 -9 -9 -9 -9 -9 -9 -9 -9 -9 -9 -9 -9 -9 -9 -9 -9 -9 -9 -9 -9 -9 -9 -9 -9 -9 -9 -9 -9 -9 -9 -9
0.998 0.996 1.002 1.013 1.02 1.023 1.028 1.027 1.027 1.028 1.024 1.005 1 0.974 0.952 0.92 0.906 0.905 0.907 0.929 1.018 1.038 1.038 1.038 1.023 0.946 0.884 0.849 0.889 0.953 0.982 0.985 0.995 0.97 0.971 0.989 0.985 0.969 0.953 0.963 0.968 0.966 0.951 -9 -9 -9 -9 -9 -9 -9 -9 -9 -9 -9 -9 -9 -9 -9 -9 -9 -9 -9 -9 -9 -9 -9 -9 -9 -9 -9 -9 -9 -9 -9 -9 -9 -9
0.974 0.988 0.989 0.992 0.983 1.016 1.026 1.028 1.028 1.028 1.028 1.03 1.03 1.014 0.991 0.953 0.937 0.934 0.933 0.925 1.013 1.034 1.038 1.038 1.037 1.006 0.937 0.891 0.865 0.897 0.947 0.958 0.984 0.978 0.972 0.989 0.993 0.99 0.952 0.96 0.949 0.953 0.954 0.937 0.919 -9 -9 -9 -9 -9 -9 -9 -9 -9 -9 -9 -9 -9 -9 -9 -9 -9 -9 -9 -9 -9 -9 -9 -9 -9 -9 -9 -9 -9 -9 -9 -9
0.783 0.834 0.886 0.95 0.909 0.956 1.001 1.027 1.028 1.028 1.028 1.023 1.032 1.039 1.034 0.999 0.978 0.976 0.971 0.943 0.97 1.024 1.038 1.038 1.038 1.037 1.006 0.957 0.924 0.914 0.937 0.943 0.962 0.981 0.979 0.993 0.996 1.006 0.974 0.956 0.955 0.954 0.969 0.963 0.948 0.967 0.987 -9 -9 -9 -9 -9 -9 -9 -9 -9 -9 -9 -9 -9 -9 -9 -9 -9 -9 -9 -9 -9 -9 -9 -9 -9 -9 -9 -9 -9 -9
0.615 0.656 0.734 0.835 0.901 0.941 0.979 1.026 1.03 1.03 1.034 1.019 1.021 1.039 1.043 1.032 1.017 1.011 0.998 0.976 0.961 0.997 1.014 1.042 1.042 1.042 1.04 1.029 0.991 0.956 0.94 0.936 0.932 0.967 0.974 0.991 1.011 1 0.999 0.959 0.961 0.969 0.974 0.995 0.991 0.989 0.996 1.012 -9 -9 -9 -9 -9 -9 -9 -9 -9 -9 -9 -9 -9 -9 -9 -9 -9 -9 -9 -9 -9 -9 -9 -9 -9 -9 -9 -9 -9
0.633 0.621 0.69 0.793 0.891 0.967 1.011 1.029 1.034 1.035 1.043 1.036 1.034 1.04 1.043 1.041 1.035 1.033 1.023 1.012 0.993 0.993 1.001 1.044 1.047 1.047 1.046 1.048 1.044 1.026 0.999 0.973 0.959 0.978 0.987 0.999 1.025 1.021 1.004 0.977 0.981 0.987 0.995 1.013 1.012 1.006 1.002 1.016 1.008 1.004 -9 -9 -9 -9 -9 -9 -9 -9 -9 -9 -9 -9 -9 -9 -9 -9 -9 -9 -9 -9 -9 -9 -9 -9 -9 -9 -9
0.723 0.74 0.814 0.885 0.96 1.011 1.02 0.997 0.987 0.983 0.987 0.995 1.02 1.031 1.043 1.043 1.042 1.042 1.037 1.03 1.02 1.012 0.999 1.035 1.048 1.048 1.048 1.048 1.048 1.048 1.048 1.038 1.012 0.997 1.013 1.018 1.038 1.039 1.027 0.998 0.991 0.994 1.005 1.02 1.022 1.01 1.002 1.013 1.008 1.005 0.989 -9 -9 -9 -9 -9 -9 -9 -9 -9 -9 -9 -9 -9 -9 -9 -9 -9 -9 -9 -9 -9 -9 -9 -9 -9 -9
0.832 0.872 0.94 0.988 1.016 1.017 0.969 0.887 0.842 0.827 0.831 0.883 0.936 0.965 0.992 1.026 1.031 1.039 1.043 1.036 1.035 1.04 1.035 1.045 1.048 1.048 1.048 1.048 1.048 1.048 1.048 1.048 1.048 1.034 1.038 1.045 1.048 1.045 1.043 1.031 1.014 1.007 1.02 1.027 1.03 1.009 1.003 1.011 1.007 0.998 0.979 0.921 -9 -9 -9 -9 -9 -9 -9 -9 -9 -9 -9 -9 -9 -9 -9 -9 -9 -9 -9 -9 -9 -9 -9 -9 -9
0.941 0.983 1.009 0.995 0.97 0.928 0.851 0.736 0.676 0.663 0.676 0.755 0.835 0.871 0.897 0.919 0.973 1.016 1.028 1.033 1.036 1.045 1.048 1.048 1.048 1.048 1.048 1.048 1.048 1.048 1.048 1.048 1.048 1.048 1.048 1.048 1.048 1.048 1.045 1.045 1.042 1.036 1.033 1.037 1.038 1.018 1.003 1.015 1.01 0.993 0.961 0.904 0.864 -9 -9 -9 -9 -9 -9 -9 -9 -9 -9 -9 -9 -9 -9 -9 -9 -9 -9 -9 -9 -9 -9 -9 -9
1.001 0.978 0.89 0.85 0.834 0.823 0.767 0.657 0.623 0.612 0.658 0.69 0.746 0.795 0.817 0.831 0.883 0.927 0.968 0.986 1.013 1.031 1.041 1.047 1.048 1.048 1.048 1.048 1.048 1.048 1.048 1.048 1.048 1.048 1.048 1.048 1.048 1.048 1.048 1.048 1.044 1.045 1.043 1.043 1.043 1.034 1.013 1.018 1.004 0.982 0.97 0.932 0.901 0.909 0.942 -9 -9 -9 -9 -9 -9 -9 -9 -9 -9 -9 -9 -9 -9 -9 -9 -9 -9 -9 -9 -9 -9
0.893 0.87 0.743 0.755 0.785 0.79 0.768 0.711 0.698 0.704 0.735 0.756 0.765 0.751 0.782 0.803 0.819 0.847 0.884 0.902 0.932 0.966 0.996 1.021 1.036 1.044 1.047 1.048 1.048 1.048 1.048 1.048 1.048 1.048 1.048 1.051 1.048 1.048 1.051 1.051 1.048 1.05 1.044 1.043 1.043 1.043 1.033 1.027 0.994 0.974 0.976 0.98 0.98 0.97 0.934 0.922 -9 -9 -9 -9 -9 -9 -9 -9 -9 -9 -9 -9 -9 -9 -9 -9 -9 -9 -9 -9 -9
0.798 0.787 0.723 0.762 0.81 0.817 0.785 0.777 0.779 0.793 0.796 0.796 0.798 0.789 0.799 0.791 0.803 0.824 0.839 0.862 0.875 0.9 0.926 0.955 0.988 1.01 1.033 1.044 1.048 1.048 1.05 1.051 1.051 1.052 1.054 1.054 1.051 1.051 1.053 1.053 1.05 1.053 1.048 1.047 1.047 1.046 1.038 1.023 0.99 0.983 0.998 0.996 0.935 0.897 0.9 0.879 0.874 0.867 -9 -9 -9 -9 -9 -9 -9 -9 -9 -9 -9 -9 -9 -9 -9 -9 -9 -9 -9
0.71 0.785 0.789 0.814 0.85 0.842 0.849 0.851 0.86 0.854 0.864 0.858 0.849 0.845 0.834 0.835 0.837 0.854 0.851 0.849 0.845 0.861 0.877 0.888 0.929 0.956 0.991 1.02 1.035 1.048 1.054 1.056 1.056 1.057 1.058 1.057 1.053 1.053 1.053 1.053 1.051 1.049 1.049 1.048 1.048 1.048 1.042 1.033 1.013 1.014 1.013 1.002 0.943 0.913 0.902 0.887 0.888 0.887 0.887 -9 -9 -9 -9 -9 -9 -9 -9 -9 -9 -9 -9 -9 -9 -9 -9 -9 -9
0.72 0.839 0.841 0.87 0.887 0.893 0.906 0.912 0.946 0.952 0.943 0.924 0.896 0.891 0.883 0.887 0.889 0.889 0.871 0.847 0.83 0.83 0.835 0.849 0.885 0.914 0.947 0.982 1.011 1.036 1.048 1.058 1.058 1.058 1.058 1.058 1.053 1.056 1.057 1.057 1.053 1.048 1.048 1.048 1.048 1.048 1.048 1.035 1.03 1.023 1.014 1.015 0.989 0.938 0.922 0.908 0.905 0.901 0.903 -9 -9 -9 -9 -9 -9 -9 -9 -9 -9 -9 -9 -9 -9 -9 -9 -9 -9
0.875 0.878 0.901 0.95 0.952 0.97 0.984 0.992 1.004 0.992 0.979 0.969 0.95 0.928 0.915 0.908 0.887 0.88 0.862 0.838 0.814 0.806 0.814 0.834 0.845 0.878 0.91 0.93 0.971 1.001 1.027 1.049 1.058 1.058 1.058 1.056 1.053 1.057 1.058 1.058 1.056 1.053 1.048 1.048 1.048 1.048 1.048 1.043 1.035 1.03 1.025 1.029 1.008 0.961 0.942 0.935 0.921 0.917 0.915 0.899 -9 -9 -9 -9 -9 -9 -9 -9 -9 -9 -9 -9 -9 -9 -9 -9 -9
0.956 0.952 0.986 1.006 1.01 1.026 1.022 1.017 1.025 1.013 1.004 1.006 0.984 0.926 0.845 0.82 0.795 0.786 0.798 0.821 0.813 0.809 0.818 0.83 0.829 0.863 0.888 0.892 0.923 0.941 0.977 1.013 1.037 1.055 1.058 1.056 1.058 1.056 1.055 1.058 1.058 1.053 1.05 1.048 1.048 1.048 1.048 1.048 1.043 1.036 1.034 1.033 1.028 0.985 0.973 0.962 0.94 0.936 0.933 0.916 0.891 -9 -9 -9 -9 -9 -9 -9 -9 -9 -9 -9 -9 -9 -9 -9 -9
0.979 0.999 1.01 1.024 1.023 1.02 1.01 0.997 0.997 1.011 1.015 1.008 1.008 0.953 0.83 0.753 0.716 0.712 0.748 0.812 0.834 0.83 0.845 0.85 0.855 0.878 0.898 0.901 0.921 0.923 0.944 0.97 0.997 1.021 1.046 1.053 1.058 1.056 1.058 1.058 1.056 1.053 1.048 1.048 1.048 1.048 1.048 1.048 1.048 1.045 1.039 1.033 1.033 1.011 1.007 0.999 0.974 0.962 0.958 0.95 0.926 -9 -9 -9 -9 -9 -9 -9 -9 -9 -9 -9 -9 -9 -9 -9 -9
1.023 1.023 1.017 1.007 0.982 0.949 0.918 0.909 0.918 0.931 0.967 0.991 1.005 1.006 0.969 0.878 0.824 0.818 0.837 0.874 0.89 0.891 0.899 0.901 0.902 0.911 0.919 0.919 0.943 0.954 0.958 0.963 0.963 0.987 1.014 1.04 1.058 1.058 1.053 1.053 1.053 1.052 1.048 1.048 1.048 1.048 1.048 1.048 1.048 1.044 1.042 1.036 1.033 1.031 1.03 1.024 1.004 0.992 0.996 0.983 0.973 -9 -9 -9 -9 -9 -9 -9 -9 -9 -9 -9 -9 -9 -9 -9 -9
1.013 0.99 0.954 0.909 0.822 0.761 0.741 0.772 0.813 0.83 0.884 0.944 0.98 1.006 1.006 0.985 0.958 0.96 0.964 0.96 0.958 0.944 0.937 0.938 0.934 0.943 0.958 0.966 0.98 0.981 0.983 0.983 0.977 0.997 1.017 1.039 1.057 1.055 1.053 1.053 1.053 1.05 1.048 1.048 1.048 1.048 1.048 1.048 1.048 1.044 1.042 1.038 1.033 1.038 1.038 1.035 1.02 1.018 1.016 1.004 1.004 0.995 0.971 -9 -9 -9 -9 -9 -9 -9 -9 -9 -9 -9 -9 -9 -9
0.971 0.897 0.839 0.782 0.714 0.681 0.667 0.698 0.768 0.803 0.858 0.901 0.931 0.971 0.986 0.991 0.992 0.99 0.99 0.987 0.977 0.962 0.947 0.962 0.966 0.982 0.987 0.985 0.989 0.993 1.003 1.011 1.011 1.019 1.031 1.044 1.053 1.054 1.053 1.053 1.053 1.052 1.048 1.048 1.048 1.048 1.048 1.048 1.048 1.045 1.04 1.038 1.037 1.035 1.037 1.036 1.027 1.028 1.019 1.022 1.026 1.012 1.003 0.989 -9 -9 -9 -9 -9 -9 -9 -9 -9 -9 -9 -9 -9
0.928 0.861 0.788 0.756 0.757 0.746 0.729 0.718 0.768 0.808 0.858 0.868 0.893 0.921 0.95 0.946 0.957 0.975 0.976 0.977 0.97 0.943 0.949 0.968 0.95 0.939 0.94 0.959 0.965 0.968 0.984 0.987 1.007 1.016 1.027 1.034 1.046 1.053 1.055 1.055 1.052 1.048 1.051 1.051 1.049 1.048 1.048 1.048 1.048 1.044 1.041 1.038 1.038 1.034 1.038 1.038 1.026 1.028 1.028 1.028 1.028 1.028 1.008 0.992 0.914 0.62 -9 -9 -9 -9 -9 -9 -9 -9 -9 -9 -9
