data/climatemaps/RS_maps/climate_breeding_tmp_2017.asc
NCOLS 369 
NROWS 228 
XLLCORNER 479000 
YLLCORNER 73000 
CELLSIZE 1000 
NODATA_value -9 
[rows 136 to 169 of 228, columns 0 to 76 of 369]
-9 -9 -9 -9 -9 -9 -9 -9 0.646 0.608 0.608 0.587 0.591 0.587 0.455 0.376 0.294 0.269 0.235 0.219 0.199 0.264 0.113 0.066 -0.006 -0.035 0.029 0.141 0.224 0.328 0.411 0.428 0.34 0.096 -0.079 -0.096 -0.077 -0.009 0.167 0.401 0.617 0.761 0.848 0.936 0.958 0.983 1.029 1.07 1.021 1.046 1.111 1.206 1.139 1.067 1.041 1.015 1.008 1.008 0.985 0.941 0.892 0.845 0.829 0.766 0.732 0.642 0.64 0.71 0.847 0.882 0.897 0.872 0.941 0.922 0.855 0.759 0.665
-9 -9 -9 -9 -9 -9 -9 -9 0.686 0.617 0.579 0.568 0.539 0.446 0.307 0.287 0.309 0.312 0.298 0.28 0.26 0.23 0.045 0.005 -0.033 0.023 0.115 0.221 0.327 0.406 0.418 0.323 0.115 -0.043 -0.134 -0.147 -0.135 -0.004 0.191 0.539 0.747 0.843 0.906 0.932 0.961 0.993 1.035 1.043 0.998 1.05 1.179 1.17 1.149 1.096 1.026 1.005 0.997 0.997 0.977 0.914 0.858 0.811 0.775 0.705 0.685 0.604 0.594 0.681 0.815 0.836 0.863 0.839 0.949 0.942 0.901 0.811 0.682
-9 -9 -9 -9 -9 -9 -9 -9 0.667 0.587 0.563 0.53 0.387 0.312 0.286 0.297 0.331 0.354 0.335 0.314 0.274 0.095 -0.013 -0.015 0.029 0.116 0.205 0.295 0.394 0.416 0.298 0.113 -0.023 -0.085 -0.182 -0.237 -0.219 0.094 0.382 0.681 0.837 0.896 0.919 0.94 0.96 0.994 1.034 1.011 1.011 1.059 1.178 1.16 1.141 1.089 0.991 0.995 0.992 0.992 0.939 0.876 0.832 0.792 0.714 0.67 0.655 0.605 0.569 0.712 0.804 0.815 0.859 0.816 0.907 0.969 0.902 0.769 0.685
-9 -9 -9 -9 -9 -9 -9 0.651 0.653 0.607 0.52 0.383 0.29 0.269 0.289 0.303 0.33 0.354 0.345 0.334 0.15 -0.018 -0.002 0.075 0.133 0.219 0.307 0.387 0.392 0.267 0.106 0.009 -0.068 -0.174 -0.315 -0.321 -0.143 0.185 0.57 0.773 0.873 0.91 0.912 0.934 0.955 0.994 1.031 1.025 1.035 1.069 1.138 1.194 1.127 1.081 0.993 1.002 0.993 0.974 0.911 0.854 0.822 0.773 0.686 0.675 0.623 0.599 0.624 0.717 0.804 0.807 0.847 0.817 0.906 0.99 0.865 0.726 0.699
-9 -9 -9 -9 -9 -9 -9 0.626 0.607 0.6 0.416 0.334 0.344 0.296 0.295 0.324 0.325 0.309 0.317 0.274 0.027 0.026 0.072 0.139 0.23 0.293 0.38 0.394 0.213 0.039 -0.016 -0.03 -0.147 -0.297 -0.359 -0.234 -0.052 0.195 0.637 0.84 0.887 0.905 0.896 0.934 0.966 0.983 1.034 1.06 1.07 1.096 1.139 1.211 1.148 1.078 0.995 1.007 0.994 0.95 0.886 0.843 0.822 0.752 0.713 0.659 0.582 0.552 0.597 0.696 0.784 0.803 0.836 0.824 0.908 0.983 0.822 0.735 0.729
-9 -9 -9 -9 -9 -9 -9 0.6 0.61 0.582 0.457 0.408 0.402 0.39 0.378 0.323 0.298 0.319 0.3 0.098 0.038 0.1 0.142 0.182 0.258 0.355 0.374 0.243 -0.009 -0.064 -0.038 -0.124 -0.278 -0.312 -0.26 -0.135 0.024 0.337 0.73 0.863 0.89 0.892 0.897 0.935 0.983 0.993 1.046 1.074 1.097 1.134 1.176 1.217 1.175 1.077 1.005 1.011 0.998 0.952 0.873 0.854 0.785 0.716 0.688 0.625 0.582 0.537 0.581 0.683 0.719 0.791 0.782 0.827 0.919 0.965 0.838 0.785 0.716
-9 -9 -9 -9 -9 -9 -9 0.589 0.575 0.503 0.459 0.429 0.467 0.455 0.359 0.294 0.307 0.321 0.153 0.081 0.08 0.114 0.139 0.21 0.338 0.326 0.19 0.081 -0.046 -0.03 -0.046 -0.209 -0.288 -0.231 -0.193 -0.045 0.258 0.621 0.824 0.874 0.884 0.883 0.898 0.936 0.994 1.023 1.057 1.089 1.139 1.174 1.206 1.23 1.179 1.104 1.044 1.03 0.999 0.96 0.874 0.826 0.735 0.659 0.645 0.633 0.597 0.559 0.597 0.676 0.674 0.746 0.775 0.817 0.932 0.96 0.872 0.794 0.698
-9 -9 -9 -9 -9 -9 -9 0.555 0.474 0.429 0.459 0.496 0.531 0.454 0.328 0.366 0.329 0.202 0.104 0.149 0.148 0.163 0.204 0.346 0.324 0.156 0.05 -0.024 -0.058 -0.033 -0.104 -0.244 -0.171 -0.111 -0.041 0.257 0.608 0.804 0.87 0.876 0.88 0.874 0.89 0.921 1.001 1.055 1.071 1.123 1.149 1.183 1.219 1.233 1.187 1.141 1.114 1.067 1.015 0.966 0.87 0.805 0.735 0.684 0.633 0.614 0.603 0.592 0.614 0.633 0.669 0.698 0.772 0.835 0.94 0.965 0.898 0.777 0.747
-9 -9 -9 -9 -9 -9 -9 0.427 0.426 0.394 0.428 0.579 0.555 0.464 0.448 0.42 0.225 0.121 0.129 0.158 0.164 0.198 0.346 0.281 0.132 0.054 -0.02 0 -0.016 -0.09 -0.174 -0.18 -0.065 0.012 0.309 0.618 0.791 0.855 0.876 0.863 0.882 0.867 0.897 0.944 1.013 1.089 1.099 1.134 1.134 1.194 1.199 1.241 1.217 1.179 1.176 1.115 1.045 0.97 0.911 0.825 0.752 0.719 0.647 0.631 0.629 0.596 0.587 0.614 0.691 0.713 0.749 0.849 0.93 0.943 0.926 0.834 0.777
-9 -9 -9 -9 -9 -9 -9 0.351 0.414 0.416 0.503 0.629 0.58 0.553 0.497 0.289 0.12 0.13 0.149 0.165 0.17 0.295 0.273 0.087 0.022 -0.071 -0.043 0.005 -0.052 -0.135 -0.072 0.043 0.091 0.28 0.603 0.771 0.836 0.861 0.841 0.85 0.873 0.862 0.921 0.978 1.036 1.121 1.117 1.118 1.132 1.199 1.188 1.225 1.254 1.239 1.224 1.167 1.088 0.997 0.947 0.869 0.812 0.759 0.695 0.679 0.668 0.618 0.614 0.66 0.732 0.757 0.782 0.851 0.876 0.929 0.933 0.87 0.782
-9 -9 -9 -9 -9 -9 -9 0.359 0.428 0.506 0.677 0.721 0.707 0.582 0.343 0.158 0.136 0.141 0.14 0.169 0.287 0.276 0.037 -0.048 -0.145 -0.138 -0.023 -0.008 -0.057 0.027 0.159 0.261 0.378 0.571 0.727 0.839 0.873 0.881 0.851 0.846 0.867 0.869 0.939 1.005 1.079 1.147 1.119 1.123 1.154 1.2 1.215 1.206 1.258 1.262 1.251 1.221 1.152 1.046 0.979 0.91 0.891 0.832 0.782 0.739 0.691 0.658 0.679 0.725 0.793 0.82 0.823 0.831 0.826 0.922 0.915 0.86 0.813
-9 -9 -9 -9 -9 -9 0.326 0.399 0.534 0.7 0.707 0.645 0.751 0.42 0.212 0.158 0.151 0.126 0.16 0.291 0.314 0.086 -0.069 -0.176 -0.171 -0.04 -0.033 -0.131 -0.034 0.148 0.276 0.343 0.425 0.597 0.767 0.869 0.895 0.899 0.892 0.88 0.934 0.945 0.963 1.038 1.115 1.145 1.156 1.166 1.171 1.208 1.239 1.259 1.284 1.26 1.269 1.259 1.212 1.13 1.046 0.991 0.964 0.901 0.878 0.772 0.714 0.694 0.74 0.787 0.837 0.854 0.833 0.826 0.847 0.88 0.868 0.84 0.827
-9 -9 -9 -9 -9 0.484 0.412 0.607 0.748 0.702 0.539 0.508 0.714 0.388 0.194 0.144 0.112 0.163 0.314 0.325 0.129 -0.039 -0.182 -0.181 -0.081 0.026 -0.072 -0.143 0.01 0.176 0.386 0.416 0.502 0.715 0.811 0.879 0.909 0.935 0.937 0.91 0.976 1.012 1.04 1.115 1.133 1.138 1.194 1.216 1.24 1.279 1.294 1.27 1.29 1.271 1.284 1.293 1.268 1.209 1.146 1.085 1.058 1.021 0.974 0.856 0.823 0.775 0.788 0.796 0.828 0.846 0.853 0.84 0.82 0.697 0.818 0.8 0.784
-9 -9 -9 -9 -9 0.584 0.61 0.778 0.708 0.54 0.42 0.429 0.693 0.426 0.164 0.13 0.17 0.308 0.369 0.182 -0.057 -0.155 -0.19 -0.073 0.02 0.024 -0.066 0.008 0.181 0.373 0.535 0.607 0.699 0.774 0.839 0.874 0.896 0.91 0.982 1.006 1.002 1.079 1.126 1.17 1.161 1.179 1.24 1.267 1.306 1.32 1.318 1.31 1.292 1.294 1.313 1.317 1.313 1.292 1.248 1.192 1.188 1.177 1.117 1.056 0.947 0.837 0.796 0.706 0.762 0.851 0.885 0.856 0.708 0.579 0.8 0.77 0.715
-9 -9 -9 -9 -9 0.853 0.876 0.801 0.582 0.412 0.354 0.41 0.693 0.487 0.23 0.224 0.33 0.381 0.289 0.009 -0.165 -0.206 -0.078 0.041 0.068 -0.012 0 0.176 0.361 0.527 0.568 0.656 0.764 0.805 0.853 0.873 0.883 0.937 0.984 1.085 1.094 1.123 1.131 1.194 1.2 1.226 1.26 1.293 1.323 1.328 1.328 1.328 1.326 1.318 1.318 1.318 1.318 1.318 1.317 1.3 1.299 1.297 1.277 1.242 1.084 0.875 0.815 0.755 0.733 0.888 0.909 0.849 0.617 0.514 0.758 0.794 0.664
-9 -9 -9 -9 -9 0.881 0.711 0.606 0.453 0.396 0.397 0.416 0.691 0.543 0.343 0.316 0.373 0.349 0.099 -0.163 -0.175 -0.101 0.025 0.062 0.121 0.081 0.207 0.362 0.54 0.657 0.631 0.68 0.726 0.763 0.825 0.862 0.88 0.923 0.999 1.086 1.163 1.197 1.175 1.205 1.235 1.265 1.296 1.318 1.329 1.33 1.333 1.33 1.328 1.32 1.318 1.318 1.318 1.318 1.318 1.318 1.318 1.313 1.313 1.308 1.284 1.123 1.079 1.044 0.859 0.928 0.866 0.811 0.601 0.405 0.671 0.794 0.688
-9 -9 -9 -9 0.94 0.63 0.586 0.519 0.457 0.431 0.404 0.564 0.603 0.538 0.344 0.325 0.327 0.264 -0.047 -0.184 -0.126 -0.008 0.049 0.1 0.196 0.247 0.424 0.548 0.678 0.752 0.696 0.685 0.676 0.727 0.801 0.851 0.908 0.956 1.068 1.175 1.22 1.245 1.23 1.246 1.267 1.299 1.325 1.331 1.333 1.331 1.333 1.333 1.332 1.326 1.324 1.319 1.319 1.318 1.318 1.318 1.318 1.317 1.313 1.313 1.313 1.296 1.286 1.291 1.131 0.979 0.911 0.815 0.712 0.577 0.63 0.81 0.853
-9 -9 -9 -9 0.671 0.607 0.581 0.527 0.467 0.318 0.421 0.529 0.44 0.436 0.368 0.309 0.277 0.174 0.026 -0.091 -0.066 -0.025 0.061 0.191 0.282 0.416 0.556 0.687 0.759 0.823 0.783 0.706 0.729 0.82 0.928 1.008 1.09 1.155 1.218 1.251 1.268 1.279 1.278 1.287 1.298 1.322 1.332 1.333 1.333 1.333 1.333 1.333 1.333 1.333 1.328 1.324 1.323 1.319 1.319 1.319 1.319 1.318 1.318 1.316 1.314 1.313 1.31 1.314 1.303 1.182 1.134 1.013 0.911 0.897 0.929 1.034 1.099
-9 -9 -9 -9 0.67 0.614 0.531 0.491 0.337 0.283 0.27 0.372 0.312 0.314 0.367 0.308 0.195 0.096 0.054 0.015 -0.002 -0.006 0.094 0.258 0.359 0.44 0.637 0.789 0.838 0.884 0.83 0.782 0.877 1.026 1.134 1.213 1.269 1.298 1.304 1.308 1.313 1.309 1.317 1.324 1.332 1.336 1.338 1.335 1.333 1.333 1.333 1.333 1.333 1.333 1.332 1.33 1.324 1.323 1.323 1.323 1.323 1.319 1.319 1.319 1.319 1.316 1.318 1.318 1.318 1.318 1.318 1.303 1.271 1.258 1.25 1.239 1.172
-9 -9 -9 -9 0.659 0.558 0.46 0.397 0.275 0.169 0.121 0.12 0.209 0.23 0.228 0.217 0.154 0.135 0.173 0.137 0.106 0.139 0.243 0.347 0.421 0.566 0.75 0.882 0.918 0.94 0.881 0.92 1.099 1.182 1.232 1.289 1.329 1.341 1.34 1.341 1.339 1.335 1.339 1.336 1.339 1.339 1.341 1.34 1.335 1.334 1.333 1.333 1.333 1.333 1.333 1.333 1.327 1.325 1.323 1.323 1.323 1.323 1.323 1.323 1.321 1.318 1.318 1.318 1.318 1.318 1.318 1.319 1.324 1.319 1.321 1.29 1.244
-9 -9 -9 -9 0.58 0.501 0.403 0.311 0.264 0.155 0.082 0.024 0.063 0.21 0.102 -0.007 0.127 0.12 0.023 0.117 0.205 0.256 0.361 0.502 0.587 0.729 0.908 0.97 1.035 1.015 1.038 1.16 1.244 1.253 1.28 1.331 1.345 1.348 1.347 1.343 1.343 1.343 1.345 1.342 1.346 1.342 1.343 1.343 1.341 1.34 1.336 1.336 1.333 1.333 1.333 1.333 1.332 1.33 1.328 1.323 1.323 1.323 1.323 1.323 1.32 1.318 1.318 1.318 1.318 1.318 1.321 1.323 1.326 1.323 1.325 1.325 1.302
-9 -9 -9 0.588 0.514 0.45 0.363 0.299 0.243 0.151 0.042 0.005 0.115 0.125 0 -0.034 0.07 -0.056 -0.186 -0.063 0.052 0.205 0.4 0.696 0.895 0.977 1.055 1.095 1.104 1.154 1.209 1.267 1.281 1.281 1.326 1.347 1.348 1.348 1.348 1.347 1.347 1.346 1.344 1.344 1.348 1.346 1.343 1.343 1.343 1.343 1.341 1.341 1.338 1.336 1.336 1.333 1.333 1.333 1.333 1.328 1.328 1.325 1.323 1.323 1.323 1.318 1.318 1.318 1.319 1.322 1.327 1.327 1.329 1.325 1.332 1.333 1.332
-9 -9 -9 0.531 0.445 0.324 0.323 0.287 0.245 0.163 0.094 0.097 0.067 0 -0.007 0.048 -0.054 -0.219 -0.222 -0.163 -0.029 0.268 0.629 0.85 0.99 1.075 1.122 1.168 1.18 1.224 1.262 1.281 1.302 1.324 1.347 1.348 1.348 1.348 1.348 1.348 1.348 1.348 1.347 1.343 1.347 1.348 1.347 1.343 1.343 1.343 1.343 1.343 1.342 1.341 1.34 1.336 1.336 1.336 1.336 1.336 1.336 1.333 1.329 1.326 1.326 1.323 1.323 1.325 1.326 1.33 1.333 1.333 1.33 1.331 1.333 1.335 1.337
-9 -9 -9 0.49 0.376 0.31 0.314 0.263 0.211 0.167 0.136 0.022 -0.057 -0.017 0.125 0.082 -0.034 -0.212 -0.147 0.06 0.254 0.583 0.856 1.001 1.066 1.113 1.164 1.215 1.243 1.264 1.28 1.299 1.331 1.351 1.348 1.348 1.348 1.352 1.348 1.348 1.348 1.348 1.351 1.346 1.347 1.348 1.348 1.347 1.347 1.345 1.343 1.343 1.343 1.343 1.342 1.338 1.338 1.338 1.338 1.338 1.338 1.338 1.336 1.333 1.331 1.331 1.331 1.332 1.333 1.333 1.333 1.333 1.332 1.336 1.336 1.339 1.338
-9 -9 -9 0.478 0.395 0.308 0.266 0.248 0.17 0.196 0.041 -0.07 -0.059 0.114 0.19 0.062 -0.045 -0.097 0 0.225 0.535 0.866 1.008 1.09 1.131 1.169 1.205 1.233 1.254 1.286 1.304 1.31 1.346 1.358 1.357 1.353 1.353 1.353 1.353 1.353 1.348 1.349 1.353 1.354 1.357 1.357 1.357 1.357 1.352 1.352 1.351 1.347 1.343 1.343 1.343 1.342 1.342 1.338 1.338 1.338 1.338 1.336 1.334 1.334 1.333 1.333 1.333 1.333 1.333 1.333 1.334 1.336 1.336 1.338 1.34 1.345 1.342
-9 -9 -9 -9 0.326 0.275 0.281 0.261 0.203 0.163 0.01 0.04 0.148 0.259 0.106 -0.002 -0.07 0.01 0.16 0.408 0.783 1.019 1.102 1.134 1.162 1.194 1.22 1.24 1.268 1.293 1.315 1.324 1.356 1.359 1.358 1.358 1.358 1.354 1.353 1.353 1.353 1.353 1.357 1.358 1.358 1.358 1.358 1.358 1.357 1.343 1.346 1.353 1.352 1.352 1.345 1.343 1.336 1.331 1.313 1.3 1.314 1.308 1.269 1.186 1.013 1.105 1.143 1.246 1.318 1.336 1.339 1.338 1.338 1.342 1.346 1.348 1.344
-9 -9 -9 -9 0.351 0.372 0.335 0.258 0.168 0.086 0.07 0.222 0.381 0.267 0.052 -0.069 -0.041 0.114 0.298 0.676 0.961 1.1 1.144 1.161 1.183 1.214 1.24 1.268 1.294 1.317 1.344 1.349 1.363 1.362 1.358 1.358 1.358 1.358 1.356 1.353 1.356 1.358 1.358 1.358 1.358 1.358 1.358 1.346 1.325 1.337 1.336 1.335 1.318 1.279 1.245 1.211 1.2 1.199 1.189 1.172 1.146 1.109 1.031 0.836 0.592 0.649 0.65 0.781 1.023 1.199 1.309 1.338 1.341 1.347 1.348 1.349 1.344
-9 -9 -9 -9 0.455 0.395 0.245 0.226 0.171 0.122 0.129 0.38 0.353 0.086 -0.111 -0.108 -0.017 0.221 0.593 0.906 1.071 1.122 1.173 1.193 1.218 1.247 1.274 1.302 1.32 1.354 1.36 1.363 1.365 1.361 1.36 1.358 1.358 1.358 1.358 1.354 1.354 1.358 1.36 1.359 1.36 1.359 1.358 1.334 1.315 1.318 1.276 1.198 1.138 1.09 1.046 0.99 0.968 0.971 0.947 0.877 0.79 0.723 0.638 0.569 0.447 0.31 0.204 0.294 0.374 0.701 0.794 1.059 1.168 1.26 1.32 1.316 1.347
-9 -9 -9 -9 0.497 0.272 0.238 0.227 0.194 0.237 0.385 0.247 0.032 -0.057 -0.075 -0.004 0.063 0.451 0.85 1.064 1.12 1.146 1.202 1.225 1.238 1.257 1.285 1.325 1.353 1.367 1.366 1.369 1.368 1.366 1.361 1.354 1.355 1.36 1.36 1.36 1.36 1.362 1.368 1.366 1.368 1.358 1.345 1.305 1.289 1.268 1.144 1.048 0.963 0.891 0.831 0.778 0.752 0.752 0.718 0.684 0.639 0.493 0.233 0.342 0.084 -0.235 -0.365 -0.327 -0.205 0.066 0.026 0.522 0.69 0.828 0.999 1.148 1.333
-9 -9 -9 -9 -9 0.196 0.15 0.151 0.323 0.407 0.108 -0.048 0.139 0.188 0.405 0.342 0.444 0.637 0.956 1.105 1.157 1.199 1.226 1.227 1.239 1.264 1.298 1.348 1.368 1.368 1.368 1.372 1.368 1.352 1.343 1.327 1.328 1.363 1.365 1.365 1.363 1.366 1.366 1.365 1.356 1.326 1.293 1.258 1.245 1.194 1.082 0.967 0.901 0.813 0.759 0.726 0.692 0.68 0.648 0.607 0.56 0.327 0.23 0.147 -0.105 -0.223 -0.376 -0.581 -0.466 -0.189 0.243 0.604 0.283 0.1 0.184 0.558 0.979
-9 -9 -9 -9 -9 -9 0.091 0.18 0.466 0.146 -0.161 -0.017 0.404 0.557 0.709 0.751 0.797 0.787 0.97 0.976 1.167 1.226 1.231 1.23 1.254 1.286 1.336 1.365 1.368 1.368 1.368 1.37 1.343 1.315 1.297 1.286 1.293 1.353 1.368 1.368 1.366 1.36 1.341 1.334 1.314 1.279 1.252 1.21 1.151 1.102 1.125 0.985 0.897 0.793 0.743 0.702 0.671 0.647 0.608 0.603 0.578 0.495 0.465 0.334 0.199 -0.05 -0.497 -0.477 -0.142 0.128 0.078 0.119 -0.411 -0.648 -0.45 0.106 0.739
-9 -9 -9 -9 -9 -9 0.124 0.362 0.345 -0.098 -0.252 0.341 0.709 0.816 0.901 0.971 0.983 0.971 0.928 1.074 1.211 1.233 1.228 1.236 1.279 1.326 1.363 1.368 1.368 1.368 1.372 1.354 1.311 1.287 1.277 1.285 1.297 1.342 1.365 1.368 1.366 1.334 1.299 1.282 1.265 1.245 1.214 1.154 1.085 1.022 1.061 1.032 0.957 0.855 0.76 0.675 0.633 0.627 0.651 0.608 0.468 0.366 0.248 0.252 0.166 -0.314 -0.701 -0.583 -0.437 -0.295 -0.534 -0.605 -0.759 -0.663 -0.321 0.144 0.462
-9 -9 -9 -9 -9 -9 0.288 0.427 0.036 -0.206 -0.138 0.393 0.502 0.847 1.007 1.055 1.047 0.937 0.98 1.169 1.224 1.232 1.228 1.267 1.303 1.346 1.368 1.368 1.368 1.368 1.367 1.32 1.283 1.278 1.285 1.304 1.319 1.343 1.358 1.361 1.353 1.308 1.282 1.247 1.205 1.195 1.157 1.114 1.063 1.02 0.953 0.91 0.929 0.98 -9 -9 -9 0.729 0.759 0.622 0.387 0.192 -0.053 -0.043 -0.122 -0.368 -0.53 -0.718 -0.669 -0.672 -0.842 -0.764 -0.657 -0.409 -0.182 -0.008 0.169
-9 -9 -9 -9 0.17 0.259 0.508 0.288 -0.119 -0.298 -0.088 0.175 0.53 0.958 1.067 1.1 1.074 1.049 1.127 1.187 1.23 1.213 1.255 1.289 1.32 1.353 1.373 1.375 1.372 1.369 1.343 1.296 1.274 1.293 1.303 1.316 1.32 1.339 1.342 1.333 1.305 1.267 1.254 1.231 1.163 1.07 1.077 1.083 1.051 0.954 0.819 0.546 -9 -9 -9 -9 -9 0.744 0.742 0.729 0.679 0.533 0.193 -0.001 -0.212 -0.375 -0.414 -0.531 -0.45 -0.437 -0.954 -0.911 -0.684 -0.441 -0.119 0.245 0.508
