data/climatemaps/RS_maps/climate_breeding_tmp_2003.asc
NCOLS 369 
NROWS 228 
XLLCORNER 479000 
YLLCORNER 73000 
CELLSIZE 1000 
NODATA_value -9 
[rows 102 to 135 of 228, columns 231 to 307 of 369]
-0.814 -0.921 -1.042 -1.095 -1.282 -1.003 -0.526 0.13 0.687 0.861 0.416 -0.361 -0.375 -0.555 -0.929 -1.171 -1.034 -1.029 -0.894 -0.628 -0.225 0.3 0.365 -0.108 -0.219 -0.432 -0.838 -1.57 -1.624 -1.187 -0.812 -0.648 -0.573 -0.484 -0.376 -0.246 -0.29 -0.74 -0.799 -0.376 -0.659 -0.47 0.039 0.524 0.3 -0.472 -0.345 0.129 0.439 0.769 1.168 1.189 0.968 0.302 -0.197 0.045 0.058 -0.387 -0.417 -0.058 0.336 0.35 0.207 0.427 0.59 0.685 0.679 0.693 0.63 0.553 0.357 0.06 -0.249 -0.741 -0.926 -1.053 -0.772
-0.728 -0.694 -0.851 -1.193 -1.083 -0.721 -0.37 0.298 0.872 0.573 0.249 -0.357 -0.846 -0.945 -1.113 -1.396 -1.264 -0.814 -0.557 -0.291 0.032 0.313 0.29 0.015 -0.411 -0.685 -1.261 -1.914 -1.715 -1.162 -0.878 -0.913 -1.048 -0.923 -0.895 -0.674 -0.455 -0.241 -0.133 0.113 0.203 0.29 0.545 0.356 -0.397 -0.754 -0.681 -0.248 0.234 0.648 1.16 1.169 0.831 0.281 -0.199 -0.324 -0.01 -0.293 -0.576 -0.252 0.063 0.247 -0.08 -0.063 0.146 0.414 0.354 0.327 0.399 0.513 0.583 0.453 0.18 -0.372 -0.623 -0.766 -0.541
-0.781 -1.102 -1.051 -0.694 -0.316 -0.131 0.126 0.604 0.724 0.06 -0.158 -0.068 -0.599 -1.086 -1.223 -1.219 -1.091 -0.756 -0.245 0.083 0.226 0.033 -0.285 -0.228 -0.717 -1.143 -1.588 -1.798 -1.756 -1.531 -1.363 -1.468 -1.697 -1.721 -1.78 -1.531 -1.214 -1.107 -1.259 -1.007 -0.437 0.351 0.352 -0.566 -1.349 -1.111 -0.696 -0.264 0.253 0.789 1.181 1.127 0.776 0.343 -0.173 -0.566 -0.163 -0.251 -0.662 -0.479 -0.196 0.114 -0.307 -0.495 -0.251 0.167 -0.038 -0.2 -0.026 0.17 0.303 0.405 0.53 0.233 -0.189 -0.283 -0.179
-1.112 -0.893 -0.345 -0.086 -0.136 -0.192 -0.026 0.57 0.586 -0.005 -0.599 -0.259 -0.341 -0.992 -1.192 -0.955 -0.67 -0.435 -0.067 0.144 -0.137 -0.704 -0.872 -0.629 -1.077 -1.421 -1.525 -1.579 -1.561 -1.528 -1.252 -1.308 -1.64 -1.747 -1.869 -1.938 -1.907 -1.737 -1.069 -0.616 -0.153 0.445 -0.037 -0.873 -1.37 -0.961 -0.64 -0.147 0.513 1.045 1.139 1.038 0.742 0.242 -0.099 -0.577 -0.343 -0.489 -0.837 -0.679 -0.24 -0.116 -0.369 -0.8 -0.518 -0.145 -0.354 -0.511 -0.389 -0.221 -0.068 0.094 0.375 0.461 0.315 0.249 -0.007
-0.675 -0.225 -0.124 -0.32 -0.569 -0.684 -0.326 0.51 0.47 -0.216 -0.812 -0.659 -0.358 -1.1 -1.272 -0.827 -0.384 -0.208 -0.061 -0.385 -0.79 -1.352 -1.27 -1.06 -1.573 -1.444 -1.227 -1.332 -1.418 -1.185 -0.985 -0.913 -1.232 -1.471 -1.691 -1.705 -1.403 -1.357 -0.962 -0.489 0.11 0.325 -0.358 -1.273 -1.153 -0.849 -0.48 0.023 0.705 1.133 1.065 0.914 0.658 0.112 -0.295 -0.637 -0.587 -0.933 -0.921 -0.622 -0.338 -0.528 -0.603 -0.959 -0.645 -0.504 -0.578 -0.805 -0.622 -0.422 -0.318 -0.292 -0.197 0.061 0.27 0.329 0.14
-0.236 -0.258 -0.528 -0.727 -0.688 -0.599 -0.175 0.525 0.153 -0.514 -1.23 -1.032 -0.668 -1.462 -1.393 -0.94 -0.704 -0.592 -0.312 -0.989 -1.666 -1.737 -1.578 -1.549 -1.737 -1.483 -1.066 -1.201 -1.426 -1.481 -1.397 -0.903 -0.821 -1.217 -1.58 -1.652 -1.43 -1.005 -0.523 -0.118 0.28 -0.029 -0.645 -1.225 -0.948 -0.555 -0.155 0.392 0.953 1.158 1.023 0.803 0.484 -0.137 -0.703 -0.89 -0.96 -1.136 -0.892 -0.711 -0.789 -0.923 -0.822 -0.971 -0.645 -0.824 -0.838 -0.992 -0.834 -0.633 -0.6 -0.672 -0.65 -0.403 -0.163 0.096 0.236
-0.45 -0.686 -1.007 -0.953 -0.78 -0.549 -0.128 0.393 -0.274 -0.99 -1.587 -1.363 -1.331 -1.759 -1.715 -1.468 -1.401 -1.052 -0.67 -1.455 -1.87 -1.747 -1.543 -1.462 -1.389 -1.395 -1.161 -0.878 -0.902 -1.232 -1.318 -1.215 -0.569 -0.804 -1.233 -1.381 -1.363 -0.883 -0.445 0.042 0.195 -0.41 -0.916 -0.894 -0.598 -0.071 0.385 0.857 1.137 1.15 1.006 0.673 0.14 -0.44 -0.76 -0.712 -0.95 -1.025 -0.995 -0.937 -0.991 -0.969 -0.986 -0.9 -0.799 -0.952 -1.045 -1.017 -0.922 -0.885 -0.899 -1.058 -0.999 -0.849 -0.513 -0.124 0.155
-0.886 -1.064 -1.529 -1.333 -1.083 -0.807 -0.186 0.154 -0.497 -1.251 -1.532 -1.532 -1.892 -1.654 -1.71 -1.47 -1.459 -1.302 -1.215 -1.722 -1.568 -1.506 -1.362 -1.234 -1.129 -1.058 -0.987 -0.676 -0.482 -0.652 -0.981 -1.059 -0.552 -0.362 -0.721 -1.076 -1.078 -0.722 -0.408 0.074 0.106 -0.473 -0.628 -0.292 0.038 0.503 0.943 1.125 1.163 1.128 0.857 0.331 -0.231 -0.323 -0.295 -0.296 -0.567 -0.529 -0.667 -0.634 -0.75 -0.747 -0.797 -1.003 -1.064 -0.96 -0.882 -0.802 -0.875 -1.027 -1.147 -1.181 -0.97 -0.825 -0.555 -0.181 -0.092
-1.294 -1.572 -1.709 -1.536 -1.188 -0.671 -0.165 -0.722 -0.64 -1.052 -1.321 -1.45 -1.918 -1.499 -1.459 -1.448 -1.23 -1.389 -1.448 -1.475 -1.221 -1.215 -1.226 -1.021 -0.924 -0.787 -0.687 -0.541 -0.207 -0.213 -0.369 -0.671 -0.485 -0.064 -0.192 -0.689 -0.802 -0.601 -0.149 0.365 0.395 0.025 0.132 0.511 0.782 1.005 1.156 1.152 1.103 1.054 0.755 0.139 0.023 0.137 0.101 0.004 -0.173 -0.196 -0.317 -0.272 -0.415 -0.477 -0.603 -0.857 -0.953 -0.664 -0.676 -0.945 -1.169 -1.31 -1.343 -1.198 -0.885 -0.509 -0.327 -0.189 -0.346
-1.773 -1.794 -1.457 -1.325 -0.926 -0.179 -0.486 -1.569 -1.145 -0.74 -0.915 -1.593 -1.895 -1.557 -1.281 -1.264 -1.015 -1.271 -1.107 -1.184 -0.9 -0.966 -1.282 -1.138 -0.937 -0.734 -0.474 -0.361 -0.112 0.053 0.175 0.071 0.123 0.326 0.3 -0.116 -0.276 -0.233 0.117 0.614 0.799 0.727 0.877 1.031 1.117 1.149 1.047 0.91 0.559 0.639 0.91 0.584 0.61 0.643 0.538 0.433 0.287 0.206 0.107 0.05 -0.009 -0.105 -0.364 -0.564 -0.755 -0.517 -0.874 -1.214 -1.272 -1.49 -1.443 -1.269 -0.933 -0.453 -0.27 -0.368 -0.699
-1.968 -1.59 -1.051 -0.911 -0.535 -0.044 -0.858 -1.868 -1.657 -0.963 -0.834 -1.694 -1.614 -1.631 -1.323 -0.878 -0.424 -0.808 -0.728 -1.016 -0.74 -0.731 -1.091 -1.169 -1.028 -0.931 -0.586 -0.243 0.042 0.194 0.359 0.414 0.481 0.615 0.667 0.514 0.382 0.42 0.561 0.811 1 1.053 1.118 1.139 1.106 0.995 0.716 0.34 0.021 0.38 0.813 0.832 0.69 0.629 0.641 0.715 0.631 0.487 0.413 0.333 0.247 0.159 -0.024 -0.186 -0.389 -0.404 -0.836 -1.005 -1.008 -1.222 -1.403 -1.18 -0.854 -0.393 -0.255 -0.601 -1.034
-1.936 -1.33 -1.01 -1.169 -0.98 -0.503 -0.901 -1.901 -1.694 -0.972 -1.051 -1.604 -1.474 -1.31 -1.27 -1.144 -0.549 -0.333 -0.567 -1.016 -0.896 -0.561 -0.866 -1.006 -0.731 -0.69 -0.457 -0.07 0.188 0.299 0.37 0.452 0.52 0.657 0.774 0.765 0.815 0.87 0.939 1.029 1.057 1.039 1.087 0.852 0.652 0.508 0.184 -0.241 -0.149 0.276 0.61 0.246 0.158 0.127 0.085 0.313 0.328 0.29 0.122 0.029 -0.071 -0.105 0.076 -0.012 -0.238 -0.427 -0.583 -0.712 -0.943 -1.122 -1.237 -0.954 -0.579 -0.239 -0.314 -0.674 -0.833
-1.84 -1.422 -1.583 -1.807 -1.245 -0.805 -1.222 -1.789 -1.477 -1.046 -1.351 -1.396 -1.434 -1.141 -0.88 -0.799 -0.567 -0.046 -0.43 -1.016 -0.923 -0.545 -0.632 -0.718 -0.389 -0.306 -0.273 -0.028 0.311 0.374 0.332 0.463 0.594 0.692 0.789 0.882 0.877 0.946 1.008 1.046 1.082 0.959 0.704 0.291 0.074 0.016 -0.238 -0.543 -0.122 0.369 0.419 -0.035 -0.379 -0.304 -0.288 -0.024 -0.034 -0.259 -0.417 -0.513 -0.583 -0.54 -0.136 -0.137 -0.471 -0.636 -0.792 -0.787 -1.173 -1.118 -0.932 -0.653 -0.306 -0.193 -0.443 -0.552 -0.626
-1.647 -1.885 -2.472 -2.36 -1.39 -1.285 -1.99 -1.933 -1.615 -1.35 -1.28 -0.994 -0.968 -1.124 -0.861 -0.453 -0.326 0.057 -0.19 -0.711 -0.664 -0.47 -0.401 -0.577 -0.169 0.059 0.019 0.147 0.457 0.496 0.463 0.66 0.795 0.82 0.921 0.774 0.733 0.862 0.892 1.027 1.003 0.564 0.126 -0.258 -0.465 -0.486 -0.74 -0.659 -0.133 0.35 0.25 -0.211 -0.643 -0.731 -0.615 -0.397 -0.292 -0.794 -0.881 -0.845 -0.748 -0.566 -0.184 -0.317 -0.611 -0.888 -1.165 -1.152 -1.25 -0.955 -0.638 -0.324 -0.201 -0.292 -0.333 -0.722 -1.093
-1.225 -1.574 -2.365 -2.199 -1.821 -2.067 -2.193 -1.843 -1.445 -1.05 -0.88 -0.706 -0.515 -0.968 -0.93 -0.484 -0.253 0.01 0.122 -0.3 -0.228 -0.266 -0.191 -0.429 -0.097 0.306 0.347 0.397 0.611 0.731 0.786 0.858 0.775 0.645 0.744 0.796 0.521 0.441 0.661 1.007 0.874 0.208 -0.082 -0.41 -0.608 -0.669 -0.793 -0.763 -0.331 0.175 0.212 -0.206 -0.58 -0.992 -0.863 -0.773 -0.458 -1.063 -1.094 -0.889 -0.639 -0.457 -0.226 -0.517 -0.778 -1.017 -1.312 -1.312 -1.24 -0.985 -0.512 -0.184 -0.477 -0.87 -0.621 -0.402 -0.889
-1.053 -1.513 -2.065 -2.202 -1.904 -1.728 -1.872 -1.59 -1.342 -1.228 -1.233 -0.934 -0.481 -0.569 -0.706 -0.418 -0.133 0.009 0.327 0.165 0.214 0.106 0.149 -0.029 0.149 0.479 0.721 0.758 0.801 0.842 0.809 0.768 0.523 0.234 0.408 0.804 0.413 -0.058 0.34 0.861 1.008 0.493 -0.029 -0.124 -0.289 -0.543 -0.882 -0.873 -0.479 0.029 0.22 -0.111 -0.412 -0.873 -1.098 -0.889 -0.761 -1.114 -0.951 -0.712 -0.524 -0.337 -0.352 -0.768 -1.149 -1.386 -1.304 -1.119 -1.036 -0.759 -0.308 -0.245 -0.711 -1.093 -1.131 -0.544 -0.594
-0.82 -1.378 -1.692 -1.79 -1.703 -1.343 -1.674 -1.844 -1.662 -1.373 -1.236 -0.944 -0.542 -0.219 -0.324 -0.214 0.09 0.254 0.506 0.575 0.629 0.548 0.601 0.494 0.581 0.752 0.903 0.883 0.777 0.606 0.428 0.452 0.193 -0.151 0.249 0.549 0.508 -0.253 0.017 0.566 0.934 0.731 0.089 0.24 -0.003 -0.492 -1.014 -0.933 -0.476 -0.176 0.092 0.067 -0.262 -0.747 -1.265 -1.044 -1.074 -1.013 -0.762 -0.569 -0.49 -0.297 -0.632 -0.979 -1.252 -1.285 -1.25 -1.034 -0.716 -0.399 -0.13 -0.374 -0.739 -1.139 -1.298 -0.98 -0.564
-0.705 -1.279 -1.489 -1.691 -1.71 -1.323 -1.073 -1.4 -1.221 -0.987 -0.79 -0.471 -0.169 -0.001 0.016 0.046 0.229 0.517 0.703 0.673 0.607 0.622 0.746 0.789 0.846 0.876 0.837 0.629 0.209 -0.034 -0.044 0.078 0.078 -0.27 -0.029 0.139 0.544 -0.099 -0.215 0.125 0.548 1.001 0.635 0.494 0.031 -0.297 -0.809 -1.022 -0.794 -0.545 -0.231 0.032 -0.17 -0.658 -1.245 -1.305 -1.309 -1.021 -0.697 -0.829 -0.772 -0.415 -0.914 -1.225 -1.411 -1.35 -0.953 -0.804 -0.529 -0.185 -0.299 -0.419 -0.457 -0.895 -1.27 -1.263 -0.857
-0.635 -1.275 -1.57 -1.466 -1.308 -1.252 -0.754 -0.657 -0.643 -0.523 -0.327 -0.133 0.147 0.254 0.311 0.356 0.555 0.663 0.471 0.35 0.269 0.249 0.286 0.419 0.696 0.796 0.507 0.086 -0.279 -0.491 -0.379 -0.231 -0.082 -0.689 -0.578 -0.023 0.465 0.009 -0.436 0.017 0.623 1.057 0.948 0.672 0.175 -0.13 -0.402 -0.869 -1.118 -0.723 -0.365 -0.083 -0.193 -0.647 -1.191 -1.399 -1.237 -1.057 -0.883 -1.052 -0.665 -0.87 -0.988 -1.255 -1.304 -1.121 -0.979 -0.67 -0.257 -0.196 -0.569 -0.792 -0.434 -0.679 -1.111 -1.322 -1.176
-0.426 -0.964 -1.416 -1.125 -0.938 -0.809 -0.585 -0.081 -0.037 0.035 0.114 0.254 0.478 0.584 0.6 0.548 0.511 0.294 0.145 0.032 -0.096 -0.181 -0.074 0.174 0.441 0.772 0.378 -0.171 -0.456 -0.705 -0.912 -0.803 -0.561 -0.844 -0.626 -0.217 0.3 -0.11 -0.473 0.037 0.536 0.984 0.991 0.826 0.45 0.028 -0.274 -0.758 -1.07 -0.704 -0.299 -0.077 -0.286 -0.728 -1.289 -1.596 -1.341 -1.347 -1.341 -0.961 -0.905 -1.241 -1.166 -1.301 -1.197 -0.932 -0.679 -0.454 -0.137 -0.334 -0.752 -1.034 -0.715 -0.601 -1.025 -1.363 -1.378
-0.474 -0.543 -1.143 -0.811 -0.591 -0.23 -0.065 0.308 0.488 0.526 0.55 0.574 0.459 0.369 0.295 0.226 0.197 -0.009 -0.135 -0.239 -0.374 -0.533 -0.35 -0.098 0.196 0.667 0.437 0.152 0.026 -0.307 -0.898 -1.347 -1.068 -0.83 -0.311 0.017 0.176 -0.388 -0.481 0.007 0.473 0.92 1.048 0.918 0.67 0.048 -0.538 -0.947 -0.975 -0.565 -0.186 -0.048 -0.333 -0.809 -1.374 -1.532 -1.622 -1.473 -1.232 -0.902 -1.2 -1.463 -1.305 -1.141 -1.107 -0.96 -0.968 -0.565 -0.153 -0.471 -0.849 -1.239 -1.068 -0.659 -0.852 -1.305 -1.464
-0.632 -0.236 -0.707 -0.445 -0.155 0.197 0.418 0.589 0.589 0.579 0.462 0.258 -0.01 -0.111 -0.034 -0.131 -0.148 -0.286 -0.47 -0.559 -0.729 -0.531 -0.298 -0.04 0.257 0.665 0.484 0.282 0.111 -0.239 -0.845 -1.462 -1.239 -0.779 -0.075 0.164 -0.203 -0.663 -0.446 -0.019 0.433 0.881 1.063 0.984 0.792 0.077 -0.496 -0.693 -0.9 -0.469 -0.153 -0.031 -0.218 -0.757 -1.12 -1.371 -1.483 -1.256 -1.096 -1.285 -1.476 -1.335 -1.117 -0.702 -0.83 -0.784 -0.745 -0.329 -0.213 -0.729 -0.982 -1.352 -1.359 -0.836 -0.717 -1.278 -1.477
-0.47 0.031 -0.092 0.09 0.277 0.529 0.581 0.308 0.091 0.241 -0.077 -0.268 -0.514 -0.573 -0.293 -0.451 -0.413 -0.399 -0.775 -0.73 -0.503 -0.273 -0.037 0.186 0.505 0.576 0.206 -0.159 -0.257 -0.601 -1.212 -1.491 -0.969 -0.599 0.023 -0.017 -0.615 -0.631 -0.345 -0.032 0.362 0.787 1.044 1.02 0.847 0.294 -0.057 -0.501 -0.918 -0.472 -0.198 -0.022 -0.137 -0.736 -0.983 -1.391 -1.316 -1.29 -1.326 -1.272 -1.122 -1.029 -0.871 -0.442 -0.418 -0.466 -0.46 -0.083 -0.33 -0.785 -1.167 -1.45 -1.549 -1.041 -0.689 -1.044 -1.348
-0.074 0.354 0.412 0.47 0.545 0.563 0.228 -0.298 -0.469 -0.16 -0.405 -0.787 -0.887 -0.787 -0.477 -0.708 -0.697 -0.611 -0.771 -0.56 -0.289 -0.047 0.197 0.426 0.605 0.377 0.125 -0.316 -0.576 -0.806 -1.303 -1.314 -0.696 -0.278 0.135 -0.179 -0.688 -0.558 -0.272 0.019 0.388 0.74 0.993 1.03 0.895 0.495 -0.022 -0.233 -0.729 -0.514 -0.2 0.031 -0.09 -0.769 -1.362 -1.392 -1.249 -0.922 -0.979 -0.75 -0.633 -0.643 -0.503 -0.258 -0.037 -0.168 -0.207 -0.28 -0.428 -0.76 -1.147 -1.422 -1.621 -1.234 -0.892 -1.141 -1.065
0.35 0.309 0.189 0.163 0.096 0.236 -0.135 -0.599 -0.708 -0.684 -0.583 -1.165 -1.149 -0.887 -0.629 -0.802 -0.924 -0.904 -0.761 -0.407 -0.139 0.141 0.354 0.575 0.492 0.216 0.068 -0.207 -0.486 -0.74 -1.088 -1.185 -0.641 -0.176 0.157 -0.486 -0.685 -0.533 -0.266 0.021 0.345 0.662 0.891 1.025 0.969 0.804 0.41 -0.013 -0.404 -0.279 -0.04 0.12 -0.048 -0.58 -1.287 -1.218 -1.093 -0.67 -0.605 -0.469 -0.228 -0.351 -0.2 0.015 0.121 -0.075 -0.203 -0.734 -0.663 -0.755 -1.12 -1.357 -1.503 -1.196 -1.303 -1.518 -1.189
0.015 -0.193 -0.262 -0.284 -0.523 0.042 -0.168 -0.558 -0.959 -1.081 -0.918 -1.442 -1.23 -0.937 -0.826 -1.007 -0.908 -0.886 -0.625 -0.343 0.007 0.277 0.49 0.55 0.187 -0.235 -0.052 -0.205 -0.501 -0.783 -1.162 -1.101 -0.647 -0.155 0.016 -0.675 -0.66 -0.443 -0.202 0.065 0.33 0.627 0.864 0.918 0.632 0.725 0.785 0.547 0.144 0.238 0.344 0.093 0.014 -0.362 -0.996 -1.043 -0.695 -0.402 -0.248 -0.308 0.001 -0.038 0.161 0.21 -0.065 -0.383 -0.674 -1.022 -1.035 -0.766 -1.151 -1.549 -1.445 -1.395 -1.664 -1.625 -1.571
-0.547 -0.776 -0.814 -0.865 -0.69 -0.12 -0.02 -0.394 -0.936 -1.444 -1.312 -1.58 -1.398 -1.097 -0.967 -1.173 -0.989 -0.773 -0.473 -0.212 0.156 0.393 0.462 0.396 -0.107 -0.524 -0.49 -0.119 -0.401 -0.812 -1.248 -0.926 -0.49 -0.06 -0.283 -0.707 -0.526 -0.258 -0.045 0.172 0.453 0.585 0.699 0.745 0.282 0.088 0.168 0.438 0.628 0.588 0.523 0.194 0.163 -0.047 -0.501 -0.539 -0.231 0.006 0.05 0.033 0.298 0.334 0.275 -0.048 -0.619 -0.926 -1.138 -1.265 -1.252 -1.086 -1.375 -1.462 -1.635 -1.758 -1.435 -1.483 -1.551
-0.834 -1.066 -1.138 -0.803 -0.493 -0.209 0.092 -0.418 -1.042 -1.484 -1.594 -1.532 -1.362 -1.098 -1.082 -1.14 -0.97 -0.675 -0.272 0.027 0.269 0.229 0.261 0.269 -0.35 -0.807 -0.912 -0.474 -0.385 -0.831 -1.156 -0.743 -0.26 0.027 -0.369 -0.612 -0.442 -0.101 0.151 0.31 0.265 0.005 0.321 0.609 0.234 -0.447 -0.462 -0.008 0.236 0.491 0.597 0.518 0.39 0.247 -0.007 0.03 0.216 0.391 0.402 0.465 0.513 0.463 0.288 -0.364 -0.927 -1.113 -1.161 -1.42 -1.412 -1.336 -1.258 -1.4 -1.657 -1.53 -1.248 -1.701 -1.576
-0.56 -1.13 -1.354 -1.004 -0.695 -0.639 -0.294 -0.141 -0.601 -1.142 -1.588 -1.507 -1.333 -1.109 -0.924 -0.775 -0.583 -0.324 0.043 0.149 0.079 -0.227 0.057 0.188 -0.394 -0.798 -1.005 -0.848 -0.663 -1.103 -0.972 -0.566 -0.096 -0.39 -0.392 -0.488 -0.705 -0.269 -0.099 -0.142 -0.326 -0.574 -0.147 0.515 0.215 -0.243 -0.524 -0.206 -0.208 -0.045 0.223 0.517 0.62 0.542 0.465 0.497 0.53 0.549 0.507 0.459 0.237 0.181 0.364 -0.093 -0.546 -0.609 -0.779 -1.106 -1.036 -1.039 -1.357 -1.652 -1.376 -1.006 -1.23 -1.702 -1.549
-0.615 -1.239 -1.603 -1.24 -0.944 -1.016 -0.861 -0.211 -0.209 -0.894 -1.426 -1.397 -1.227 -1.033 -0.903 -0.597 -0.297 0.004 0.035 -0.163 -0.371 -0.661 -0.153 0.265 -0.119 -0.52 -0.948 -1.148 -1.163 -1.104 -0.727 -0.337 -0.352 -0.768 -0.847 -0.531 -1.086 -0.815 -0.712 -0.726 -0.847 -0.659 -0.257 0.467 0.106 -0.485 -0.852 -0.593 -0.643 -0.437 -0.08 0.199 0.496 0.637 0.494 0.348 0.318 0.271 0.079 0.088 -0.335 -0.273 -0.076 0.213 0.105 -0.337 -0.781 -0.913 -0.918 -1.339 -1.316 -1.124 -0.955 -0.842 -1.36 -1.755 -1.501
-0.67 -1.183 -1.627 -1.444 -1.315 -1.234 -0.995 -0.423 -0.092 -0.838 -1.461 -1.454 -1.199 -1.073 -1.06 -0.625 -0.207 -0.033 -0.244 -0.719 -0.763 -0.892 -0.338 0.184 -0.148 -0.786 -1.293 -1.578 -1.315 -0.922 -0.527 -0.25 -0.529 -1.052 -1.144 -0.857 -1.562 -1.444 -1.184 -0.924 -0.698 -0.395 -0.083 0.441 0.245 -0.398 -0.953 -0.936 -0.88 -0.59 -0.318 -0.053 0.255 0.515 0.255 -0.241 -0.202 -0.359 -0.431 -0.257 -0.726 -0.539 -0.71 -0.338 0.145 0.013 -0.55 -0.886 -0.715 -0.764 -0.601 -0.586 -0.633 -0.843 -1.215 -1.537 -1.531
-0.803 -1.126 -1.589 -1.471 -1.233 -1.1 -0.933 -0.649 -0.455 -0.722 -1.435 -1.498 -1.086 -0.839 -0.786 -0.443 -0.124 -0.463 -0.635 -0.903 -1.266 -1.147 -0.711 -0.021 -0.449 -0.813 -1.076 -1.588 -1.394 -0.965 -0.47 -0.463 -0.909 -1.41 -1.347 -1.234 -1.569 -1.319 -0.982 -0.734 -0.494 -0.158 0.256 0.578 0.219 -0.288 -0.76 -1.065 -0.971 -0.715 -0.521 -0.232 0.057 0.305 0.142 -0.598 -0.712 -0.762 -0.855 -0.643 -0.958 -0.766 -0.898 -0.984 -0.339 0.003 -0.142 -0.33 -0.308 -0.499 -0.762 -0.975 -1.013 -0.898 -1.31 -1.679 -1.696
-0.996 -1.048 -1.459 -1.383 -1.152 -1.269 -1.349 -1.308 -1.268 -0.861 -1.284 -1.401 -1.121 -0.816 -0.453 -0.334 -0.251 -0.787 -1.199 -1.117 -1.495 -1.31 -0.723 -0.025 -0.508 -0.911 -0.891 -1.357 -1.327 -0.885 -0.478 -0.64 -1.415 -1.737 -1.509 -1.451 -1.387 -1.102 -0.87 -0.523 -0.225 0.099 0.474 0.562 -0.043 -0.52 -0.84 -1.176 -1.127 -0.864 -0.716 -0.409 -0.123 0.224 0.226 -0.408 -0.953 -1.157 -1.207 -1.028 -1.239 -1.072 -0.915 -1.137 -0.671 -0.224 0.022 -0.113 -0.5 -0.946 -1.236 -1.386 -1.427 -0.981 -1.366 -1.824 -1.999
-1.202 -1.284 -1.665 -1.749 -1.37 -1.665 -1.803 -1.878 -1.665 -1.149 -1.136 -1.368 -1.009 -0.712 -0.794 -0.593 -0.437 -0.97 -1.437 -1.675 -1.567 -1.096 -0.528 0.031 -0.334 -1.141 -1.357 -1.533 -1.28 -0.86 -0.474 -0.707 -1.611 -1.733 -1.446 -1.324 -1.153 -1.005 -0.792 -0.439 -0.059 0.242 0.538 0.404 -0.393 -0.983 -1.058 -1.334 -1.274 -1.13 -1.077 -0.618 -0.15 0.196 0.341 -0.264 -0.864 -1.297 -1.607 -1.507 -1.433 -1.375 -1.107 -1.369 -1.085 -0.744 -0.283 -0.146 -0.578 -0.943 -1.199 -1.428 -1.537 -1.163 -1.355 -1.824 -2.029
