data/climatemaps/RS_maps/climate_winter_tmin_2016.asc
NCOLS 369 
NROWS 228 
XLLCORNER 479000 
YLLCORNER 73000 
CELLSIZE 1000 
NODATA_value -9 
[rows 0 to 33 of 228, columns 231 to 307 of 369]
-9 -9 -9 -9 -9 -9 -9 -9 -9 -9 -9 -9 -9 -9 -9 -9 -9 -9 -9 -9 -9 -9 -9 -9 -9 -9 -9 -9 -9 -9 -9 -9 -9 -9 -9 -9 -9 -9 -9 -9 -9 -9 -9 -9 -9 -9 -9 -9 -9 -9 -9 -9 -9 -9 -9 -9 -9 -9 -9 -9 -9 -9 -9 -9 -9 -9 -9 -9 -9 -9 -9 -9 -9 -9 -9 -9 -9
-9 -9 -9 -9 -9 -9 -9 -9 -9 -9 -9 -9 -9 -9 -9 -9 -9 -9 -9 -9 -9 -9 -9 -9 -9 -9 -9 -9 -9 -9 -9 -9 -9 -9 -9 -9 -9 -9 -9 -9 -9 -9 -9 -9 -9 -9 -9 -9 -9 -9 -9 -9 -9 -9 -9 -9 -9 -9 -9 -9 -9 -9 -9 -9 -9 -9 -9 -9 -9 -9 -9 -9 -9 -9 -9 -9 -9
-9 -9 -9 -9 -9 -9 -9 -9 -9 -9 -9 -9 -9 -9 -9 -9 -9 -9 -9 -9 -9 -9 -9 -9 -9 -9 -9 -9 -9 -9 -9 -9 -9 -9 -9 -9 -9 -9 -9 -9 -9 -9 -9 -9 -9 -9 -9 -9 -9 -9 -9 -9 -9 -9 -9 -9 -9 -9 -9 -9 -9 -9 -9 -9 -9 -9 -9 -9 -9 -9 -9 -9 -9 -9 -9 -9 -9
0.717 -9 -9 -9 -9 -9 -9 -9 -9 -9 -9 -9 -9 -9 -9 -9 -9 -9 -9 -9 -9 -9 -9 -9 -9 -9 -9 -9 -9 -9 -9 -9 -9 -9 -9 -9 -9 -9 -9 -9 -9 -9 -9 -9 -9 -9 -9 -9 -9 -9 -9 -9 -9 -9 -9 -9 -9 -9 -9 -9 -9 -9 -9 -9 -9 -9 -9 -9 -9 -9 -9 -9 -9 -9 -9 -9 -9
0.73 0.698 -9 -9 -9 -9 -9 -9 -9 -9 -9 -9 -9 -9 -9 -9 -9 -9 -9 -9 -9 -9 -9 -9 -9 -9 -9 -9 -9 -9 -9 -9 -9 -9 -9 -9 -9 -9 -9 -9 -9 -9 -9 -9 -9 -9 -9 -9 -9 -9 -9 -9 -9 -9 -9 -9 -9 -9 -9 -9 -9 -9 -9 -9 -9 -9 -9 -9 -9 -9 -9 -9 -9 -9 -9 -9 -9
0.732 0.732 0.707 -9 -9 -9 -9 -9 -9 -9 -9 -9 -9 -9 -9 -9 -9 -9 -9 -9 -9 -9 -9 -9 -9 -9 -9 -9 -9 -9 -9 -9 -9 -9 -9 -9 -9 -9 -9 -9 -9 -9 -9 -9 -9 -9 -9 -9 -9 -9 -9 -9 -9 -9 -9 -9 -9 -9 -9 -9 -9 -9 -9 -9 -9 -9 -9 -9 -9 -9 -9 -9 -9 -9 -9 -9 -9
0.724 0.737 0.711 0.692 -9 0.73 0.678 0.683 0.683 0.675 0.717 0.762 0.771 0.774 0.772 0.761 -9 -9 -9 -9 -9 -9 -9 -9 -9 -9 -9 -9 -9 -9 -9 -9 -9 -9 -9 -9 -9 -9 -9 -9 -9 -9 -9 -9 -9 -9 -9 -9 -9 -9 -9 -9 -9 -9 -9 -9 -9 -9 -9 -9 -9 -9 -9 -9 -9 -9 -9 -9 -9 -9 -9 -9 -9 -9 -9 -9 -9
0.738 0.745 0.727 0.722 0.73 0.728 0.694 0.685 0.692 0.669 0.679 0.727 0.762 0.766 0.774 0.774 0.759 0.744 0.742 0.738 -9 -9 -9 -9 -9 -9 -9 -9 -9 -9 -9 -9 -9 -9 -9 -9 -9 -9 -9 -9 -9 -9 -9 -9 -9 -9 -9 -9 -9 -9 -9 -9 -9 -9 -9 -9 -9 -9 -9 -9 -9 -9 -9 -9 -9 -9 -9 -9 -9 -9 -9 -9 -9 -9 -9 -9 -9
0.746 0.75 0.746 0.746 0.742 0.741 0.736 0.72 0.716 0.702 0.687 0.694 0.719 0.754 0.768 0.773 0.775 0.763 0.76 0.76 0.744 0.741 0.745 0.746 0.739 0.739 0.735 0.741 0.747 -9 -9 -9 -9 -9 -9 -9 -9 -9 -9 -9 -9 -9 -9 -9 -9 -9 -9 -9 -9 -9 -9 -9 -9 -9 -9 -9 -9 -9 -9 -9 -9 -9 -9 -9 -9 -9 -9 -9 -9 -9 -9 -9 -9 -9 -9 -9 -9
0.746 0.75 0.753 0.747 0.748 0.744 0.749 0.752 0.735 0.729 0.715 0.71 0.712 0.721 0.735 0.76 0.772 0.772 0.777 0.768 0.756 0.748 0.746 0.756 0.748 0.75 0.741 0.745 0.751 0.751 0.741 0.721 0.7 -9 -9 -9 -9 -9 -9 -9 -9 -9 -9 -9 -9 -9 -9 -9 -9 -9 -9 -9 -9 -9 -9 -9 -9 -9 -9 -9 -9 -9 -9 -9 -9 -9 -9 -9 -9 -9 -9 -9 -9 -9 -9 -9 -9
0.75 0.754 0.76 0.755 0.759 0.752 0.748 0.759 0.758 0.757 0.754 0.74 0.722 0.71 0.711 0.729 0.757 0.767 0.767 0.778 0.777 0.773 0.752 0.748 0.747 0.751 0.743 0.742 0.75 0.751 0.746 0.744 0.719 0.706 0.701 -9 -9 -9 -9 -9 -9 -9 -9 -9 -9 -9 -9 -9 -9 -9 -9 -9 -9 -9 -9 -9 -9 -9 -9 -9 -9 -9 -9 -9 -9 -9 -9 -9 -9 -9 -9 -9 -9 -9 -9 -9 -9
0.755 0.759 0.762 0.761 0.762 0.765 0.764 0.76 0.741 0.743 0.752 0.744 0.725 0.715 0.71 0.72 0.739 0.762 0.77 0.771 0.772 0.772 0.771 0.761 0.754 0.753 0.75 0.753 0.747 0.747 0.744 0.746 0.732 0.717 0.705 0.682 0.648 -9 -9 -9 -9 -9 -9 -9 -9 -9 -9 -9 -9 -9 -9 -9 -9 -9 -9 -9 -9 -9 -9 -9 -9 -9 -9 -9 -9 -9 -9 -9 -9 -9 -9 -9 -9 -9 -9 -9 -9
0.757 0.76 0.762 0.762 0.762 0.763 0.767 0.762 0.748 0.746 0.747 0.751 0.75 0.746 0.743 0.737 0.742 0.743 0.753 0.758 0.766 0.771 0.771 0.769 0.762 0.754 0.746 0.749 0.747 0.745 0.744 0.743 0.741 0.732 0.715 0.706 0.682 0.658 0.649 -9 -9 -9 -9 -9 -9 -9 -9 -9 -9 -9 -9 -9 -9 -9 -9 -9 -9 -9 -9 -9 -9 -9 -9 -9 -9 -9 -9 -9 -9 -9 -9 -9 -9 -9 -9 -9 -9
0.757 0.757 0.757 0.761 0.764 0.767 0.764 0.765 0.768 0.763 0.753 0.753 0.757 0.748 0.737 0.744 0.735 0.726 0.736 0.742 0.761 0.771 0.765 0.762 0.759 0.74 0.719 0.718 0.736 0.743 0.746 0.738 0.741 0.734 0.729 0.727 0.715 0.702 0.694 0.705 0.717 -9 -9 -9 -9 -9 -9 -9 -9 -9 -9 -9 -9 -9 -9 -9 -9 -9 -9 -9 -9 -9 -9 -9 -9 -9 -9 -9 -9 -9 -9 -9 -9 -9 -9 -9 -9
0.757 0.754 0.758 0.762 0.767 0.772 0.767 0.769 0.773 0.772 0.767 0.765 0.762 0.75 0.745 0.737 0.727 0.727 0.727 0.731 0.757 0.765 0.762 0.762 0.758 0.733 0.712 0.696 0.704 0.725 0.733 0.735 0.736 0.724 0.725 0.734 0.727 0.722 0.714 0.714 0.71 0.706 0.698 -9 -9 -9 -9 -9 -9 -9 -9 -9 -9 -9 -9 -9 -9 -9 -9 -9 -9 -9 -9 -9 -9 -9 -9 -9 -9 -9 -9 -9 -9 -9 -9 -9 -9
0.739 0.744 0.751 0.753 0.753 0.76 0.767 0.773 0.773 0.77 0.767 0.77 0.77 0.765 0.759 0.747 0.736 0.735 0.735 0.732 0.756 0.759 0.762 0.762 0.759 0.75 0.729 0.711 0.697 0.705 0.717 0.722 0.724 0.724 0.717 0.722 0.723 0.716 0.704 0.703 0.694 0.693 0.698 0.689 0.677 -9 -9 -9 -9 -9 -9 -9 -9 -9 -9 -9 -9 -9 -9 -9 -9 -9 -9 -9 -9 -9 -9 -9 -9 -9 -9 -9 -9 -9 -9 -9 -9
0.672 0.691 0.715 0.734 0.729 0.744 0.758 0.771 0.771 0.767 0.767 0.765 0.766 0.77 0.767 0.762 0.749 0.748 0.744 0.734 0.742 0.752 0.759 0.759 0.754 0.753 0.746 0.73 0.713 0.711 0.714 0.713 0.715 0.718 0.716 0.715 0.717 0.719 0.706 0.699 0.694 0.691 0.693 0.687 0.686 0.684 0.688 -9 -9 -9 -9 -9 -9 -9 -9 -9 -9 -9 -9 -9 -9 -9 -9 -9 -9 -9 -9 -9 -9 -9 -9 -9 -9 -9 -9 -9 -9
0.628 0.642 0.665 0.7 0.727 0.742 0.75 0.767 0.767 0.767 0.767 0.763 0.762 0.766 0.767 0.767 0.764 0.759 0.751 0.741 0.734 0.742 0.747 0.754 0.751 0.748 0.749 0.744 0.732 0.722 0.711 0.705 0.705 0.708 0.709 0.714 0.717 0.71 0.706 0.697 0.69 0.689 0.689 0.694 0.693 0.687 0.685 0.686 -9 -9 -9 -9 -9 -9 -9 -9 -9 -9 -9 -9 -9 -9 -9 -9 -9 -9 -9 -9 -9 -9 -9 -9 -9 -9 -9 -9 -9
0.646 0.645 0.663 0.697 0.727 0.751 0.766 0.767 0.765 0.766 0.767 0.765 0.762 0.766 0.767 0.767 0.766 0.762 0.756 0.749 0.743 0.744 0.738 0.752 0.747 0.746 0.745 0.746 0.74 0.735 0.726 0.717 0.704 0.709 0.71 0.709 0.714 0.715 0.708 0.694 0.693 0.691 0.688 0.695 0.693 0.685 0.681 0.681 0.677 0.674 -9 -9 -9 -9 -9 -9 -9 -9 -9 -9 -9 -9 -9 -9 -9 -9 -9 -9 -9 -9 -9 -9 -9 -9 -9 -9 -9
0.677 0.687 0.71 0.731 0.75 0.766 0.763 0.754 0.744 0.743 0.744 0.745 0.756 0.763 0.764 0.764 0.763 0.758 0.757 0.755 0.751 0.744 0.736 0.745 0.746 0.746 0.739 0.736 0.741 0.735 0.734 0.731 0.72 0.715 0.714 0.71 0.713 0.713 0.709 0.695 0.691 0.69 0.69 0.692 0.69 0.682 0.674 0.675 0.67 0.666 0.659 -9 -9 -9 -9 -9 -9 -9 -9 -9 -9 -9 -9 -9 -9 -9 -9 -9 -9 -9 -9 -9 -9 -9 -9 -9 -9
0.71 0.726 0.748 0.761 0.767 0.764 0.742 0.714 0.696 0.687 0.688 0.707 0.727 0.736 0.743 0.749 0.754 0.753 0.755 0.751 0.743 0.746 0.745 0.746 0.741 0.741 0.736 0.731 0.735 0.73 0.726 0.727 0.724 0.717 0.719 0.716 0.713 0.708 0.708 0.7 0.696 0.69 0.691 0.687 0.685 0.675 0.668 0.669 0.666 0.662 0.647 0.623 -9 -9 -9 -9 -9 -9 -9 -9 -9 -9 -9 -9 -9 -9 -9 -9 -9 -9 -9 -9 -9 -9 -9 -9 -9
0.743 0.756 0.759 0.753 0.745 0.729 0.704 0.667 0.645 0.64 0.644 0.669 0.694 0.701 0.706 0.713 0.73 0.742 0.742 0.742 0.741 0.743 0.746 0.741 0.74 0.732 0.73 0.73 0.727 0.724 0.724 0.719 0.719 0.716 0.712 0.712 0.707 0.702 0.702 0.702 0.697 0.694 0.688 0.684 0.68 0.671 0.665 0.667 0.659 0.654 0.635 0.615 0.596 -9 -9 -9 -9 -9 -9 -9 -9 -9 -9 -9 -9 -9 -9 -9 -9 -9 -9 -9 -9 -9 -9 -9 -9
0.755 0.746 0.712 0.699 0.698 0.695 0.679 0.645 0.636 0.636 0.65 0.653 0.67 0.676 0.684 0.688 0.694 0.71 0.716 0.721 0.725 0.731 0.735 0.737 0.73 0.729 0.728 0.724 0.721 0.72 0.719 0.713 0.711 0.71 0.704 0.705 0.703 0.697 0.696 0.696 0.691 0.69 0.688 0.683 0.678 0.672 0.665 0.667 0.651 0.639 0.634 0.62 0.604 0.606 0.617 -9 -9 -9 -9 -9 -9 -9 -9 -9 -9 -9 -9 -9 -9 -9 -9 -9 -9 -9 -9 -9 -9
0.714 0.708 0.669 0.676 0.687 0.692 0.684 0.667 0.666 0.671 0.675 0.676 0.677 0.668 0.669 0.679 0.679 0.683 0.685 0.692 0.696 0.706 0.714 0.718 0.722 0.72 0.722 0.719 0.716 0.717 0.715 0.707 0.705 0.706 0.702 0.698 0.698 0.692 0.691 0.69 0.685 0.684 0.681 0.678 0.674 0.67 0.666 0.663 0.645 0.631 0.629 0.638 0.629 0.623 0.604 0.595 -9 -9 -9 -9 -9 -9 -9 -9 -9 -9 -9 -9 -9 -9 -9 -9 -9 -9 -9 -9 -9
0.681 0.685 0.667 0.686 0.698 0.701 0.693 0.695 0.694 0.696 0.688 0.688 0.688 0.686 0.678 0.673 0.673 0.678 0.676 0.673 0.672 0.68 0.683 0.692 0.701 0.702 0.706 0.711 0.711 0.707 0.708 0.704 0.702 0.7 0.696 0.694 0.692 0.688 0.685 0.685 0.679 0.678 0.674 0.672 0.668 0.665 0.662 0.654 0.636 0.635 0.635 0.629 0.601 0.581 0.588 0.57 0.567 0.563 -9 -9 -9 -9 -9 -9 -9 -9 -9 -9 -9 -9 -9 -9 -9 -9 -9 -9 -9
0.655 0.686 0.69 0.702 0.713 0.714 0.713 0.714 0.717 0.715 0.715 0.71 0.701 0.697 0.694 0.684 0.685 0.684 0.678 0.672 0.663 0.663 0.662 0.665 0.672 0.678 0.686 0.696 0.701 0.702 0.7 0.701 0.694 0.691 0.69 0.69 0.684 0.683 0.682 0.675 0.672 0.673 0.669 0.668 0.663 0.66 0.652 0.648 0.645 0.641 0.635 0.625 0.6 0.587 0.582 0.571 0.572 0.569 0.568 -9 -9 -9 -9 -9 -9 -9 -9 -9 -9 -9 -9 -9 -9 -9 -9 -9 -9
0.667 0.709 0.709 0.721 0.725 0.728 0.732 0.732 0.742 0.742 0.738 0.726 0.718 0.709 0.705 0.696 0.693 0.689 0.68 0.669 0.655 0.646 0.647 0.644 0.655 0.659 0.666 0.678 0.683 0.692 0.692 0.693 0.693 0.685 0.688 0.684 0.679 0.675 0.677 0.673 0.665 0.663 0.663 0.662 0.658 0.657 0.646 0.643 0.639 0.635 0.633 0.629 0.617 0.592 0.581 0.578 0.571 0.57 0.571 -9 -9 -9 -9 -9 -9 -9 -9 -9 -9 -9 -9 -9 -9 -9 -9 -9 -9
0.722 0.723 0.728 0.749 0.747 0.754 0.754 0.762 0.76 0.752 0.745 0.741 0.731 0.718 0.704 0.698 0.684 0.678 0.67 0.656 0.645 0.637 0.637 0.637 0.638 0.643 0.651 0.655 0.666 0.674 0.676 0.681 0.686 0.679 0.68 0.677 0.673 0.669 0.668 0.668 0.665 0.657 0.657 0.657 0.656 0.651 0.651 0.64 0.635 0.631 0.628 0.624 0.618 0.597 0.59 0.582 0.572 0.572 0.572 0.56 -9 -9 -9 -9 -9 -9 -9 -9 -9 -9 -9 -9 -9 -9 -9 -9 -9
0.746 0.744 0.756 0.759 0.763 0.769 0.761 0.761 0.761 0.757 0.751 0.751 0.74 0.714 0.673 0.661 0.647 0.637 0.639 0.643 0.642 0.638 0.637 0.635 0.628 0.635 0.639 0.637 0.645 0.648 0.652 0.662 0.672 0.673 0.673 0.669 0.668 0.664 0.662 0.658 0.66 0.651 0.651 0.646 0.645 0.645 0.645 0.637 0.635 0.63 0.625 0.622 0.618 0.602 0.597 0.589 0.576 0.575 0.574 0.561 0.555 -9 -9 -9 -9 -9 -9 -9 -9 -9 -9 -9 -9 -9 -9 -9 -9
0.751 0.754 0.758 0.763 0.766 0.76 0.751 0.748 0.749 0.751 0.75 0.747 0.742 0.723 0.672 0.64 0.624 0.615 0.624 0.642 0.647 0.642 0.641 0.639 0.633 0.636 0.639 0.638 0.641 0.637 0.639 0.643 0.647 0.654 0.658 0.665 0.657 0.662 0.656 0.653 0.646 0.65 0.645 0.644 0.64 0.635 0.638 0.634 0.633 0.629 0.624 0.623 0.618 0.611 0.605 0.602 0.586 0.581 0.584 0.577 0.571 -9 -9 -9 -9 -9 -9 -9 -9 -9 -9 -9 -9 -9 -9 -9 -9
0.759 0.761 0.757 0.753 0.742 0.722 0.712 0.707 0.712 0.717 0.727 0.734 0.738 0.735 0.72 0.686 0.662 0.658 0.66 0.663 0.663 0.657 0.654 0.648 0.644 0.643 0.641 0.638 0.641 0.64 0.638 0.641 0.636 0.637 0.645 0.653 0.652 0.656 0.651 0.651 0.641 0.64 0.64 0.639 0.635 0.633 0.629 0.627 0.626 0.623 0.622 0.618 0.613 0.611 0.608 0.606 0.597 0.591 0.595 0.588 0.588 -9 -9 -9 -9 -9 -9 -9 -9 -9 -9 -9 -9 -9 -9 -9 -9
0.752 0.744 0.726 0.71 0.676 0.652 0.648 0.658 0.672 0.678 0.694 0.712 0.725 0.728 0.725 0.718 0.708 0.701 0.699 0.688 0.68 0.67 0.661 0.655 0.655 0.65 0.65 0.65 0.651 0.647 0.644 0.636 0.636 0.636 0.643 0.647 0.651 0.645 0.646 0.645 0.638 0.634 0.633 0.632 0.63 0.628 0.624 0.621 0.617 0.617 0.615 0.613 0.609 0.606 0.603 0.602 0.599 0.599 0.599 0.595 0.601 0.598 0.585 -9 -9 -9 -9 -9 -9 -9 -9 -9 -9 -9 -9 -9 -9
0.734 0.71 0.684 0.664 0.644 0.633 0.628 0.636 0.661 0.672 0.686 0.693 0.702 0.712 0.713 0.71 0.709 0.699 0.696 0.69 0.677 0.668 0.657 0.657 0.653 0.651 0.647 0.646 0.641 0.646 0.642 0.645 0.64 0.641 0.641 0.641 0.645 0.64 0.643 0.64 0.634 0.629 0.627 0.623 0.624 0.623 0.618 0.617 0.612 0.611 0.606 0.609 0.603 0.6 0.599 0.595 0.598 0.599 0.599 0.598 0.599 0.599 0.593 0.593 -9 -9 -9 -9 -9 -9 -9 -9 -9 -9 -9 -9 -9
0.718 0.696 0.67 0.661 0.664 0.659 0.651 0.646 0.666 0.674 0.686 0.681 0.688 0.69 0.697 0.688 0.687 0.685 0.681 0.677 0.67 0.654 0.652 0.647 0.635 0.628 0.624 0.626 0.623 0.626 0.624 0.626 0.633 0.632 0.63 0.631 0.635 0.635 0.634 0.634 0.631 0.624 0.623 0.617 0.617 0.614 0.614 0.611 0.609 0.606 0.6 0.601 0.596 0.599 0.594 0.593 0.594 0.597 0.594 0.594 0.593 0.594 0.599 0.59 0.546 0.389 -9 -9 -9 -9 -9 -9 -9 -9 -9 -9 -9
