data/climatemaps/RS_maps/climate_postbreed_tmp_2014.asc
NCOLS 369 
NROWS 228 
XLLCORNER 479000 
YLLCORNER 73000 
CELLSIZE 1000 
NODATA_value -9 
[rows 136 to 169 of 228, columns 154 to 230 of 369]
0.202 0.606 0.999 0.831 0.611 0.603 0.657 0.577 0.433 0.52 0.702 0.602 0.475 0.536 0.553 0.44 -0.151 -1.204 -1.754 -2.28 -2.403 -2.132 -1.839 -1.686 -1.516 -1.171 -0.833 -0.44 -0.797 -1.621 -1.196 -0.694 -0.076 0.21 -0.639 -0.904 -1.252 -1.722 -2.018 -1.846 -1.753 -2.032 -2.057 -1.525 -1.139 -1.314 -1.395 -1.404 -1.571 -1.289 -1.159 -0.849 -0.546 -0.069 0.046 -0.255 -0.292 -0.307 -0.449 -1.009 -1.43 -1.285 -1.021 -1.031 -0.626 -1.221 -1.304 -0.952 -0.719 -1.269 -1.522 -1.26 -0.663 -0.384 -0.372 -0.938 -1.285
-0.233 0.278 0.967 0.303 -0.166 -0.381 -0.195 -0.086 0.068 0.428 0.725 0.784 0.771 0.731 0.429 -0.087 -0.295 -0.723 -1.384 -2.03 -2.31 -2.07 -1.672 -1.483 -1.524 -1.21 -0.754 -0.58 -1.137 -1.656 -1.163 -0.709 -0.346 0.215 -0.609 -0.524 -0.899 -1.397 -1.722 -1.763 -1.641 -1.887 -2.036 -1.769 -1.623 -1.486 -1.434 -1.406 -1.273 -0.877 -0.532 -0.283 -0.142 -0.01 -0.313 -0.758 -0.892 -0.881 -0.474 -0.561 -1.276 -1.363 -1.021 -1.122 -0.769 -1.235 -1.422 -0.942 -0.992 -1.537 -1.648 -1.149 -0.502 -0.687 -0.49 -0.903 -1.536
-0.21 0.365 0.858 0.253 -0.19 -0.719 -0.566 -0.373 -0.057 0.279 0.489 0.599 0.629 0.592 -0.259 -1.213 -1.174 -1.06 -1.365 -1.786 -2.246 -2.22 -1.812 -1.386 -1.199 -0.902 -0.742 -0.916 -1.53 -1.543 -1.11 -0.47 -0.188 0.184 -0.251 -0.572 -0.852 -1.403 -1.572 -1.434 -1.595 -2.072 -1.984 -1.575 -1.342 -1.191 -0.997 -0.866 -0.623 -0.373 -0.153 -0.156 -0.288 -0.185 -0.733 -1.049 -1.328 -1.312 -0.984 -0.585 -0.891 -1.267 -1.086 -1.341 -0.99 -1.231 -1.509 -0.981 -1.349 -1.607 -1.476 -1.043 -0.5 -0.968 -0.753 -0.589 -1.277
-0.237 0.052 0.808 0.55 0.132 -0.624 -0.731 -0.426 -0.169 0.074 0.132 0.097 -0.128 -0.109 -0.255 -1.125 -1.698 -1.919 -1.871 -1.813 -1.901 -2.029 -1.942 -1.582 -1.196 -0.992 -1.032 -1.359 -1.5 -1.171 -0.992 -0.733 -0.698 -0.103 -0.021 -0.742 -1.255 -1.642 -1.468 -1.305 -1.606 -1.894 -1.71 -1.465 -1.163 -1.02 -0.977 -0.524 -0.179 -0.177 -0.339 -0.614 -0.609 -0.31 -0.947 -1.393 -1.58 -1.442 -1.248 -0.943 -0.757 -1.211 -1.167 -1.449 -1.201 -1.272 -1.544 -1.175 -1.569 -1.483 -1.177 -0.693 -0.645 -1.207 -1.051 -0.606 -0.905
-0.656 -0.066 0.659 0.658 0.152 -0.624 -0.896 -0.572 -0.302 -0.202 -0.356 -0.597 -1.106 -0.633 -0.01 -0.599 -1.042 -1.735 -2.496 -2.352 -1.786 -1.476 -1.695 -1.795 -1.538 -1.553 -1.55 -1.43 -1.602 -1.326 -1.273 -1.201 -1.028 -0.653 -0.108 -0.498 -1.112 -1.677 -1.415 -1.155 -1.526 -1.659 -1.313 -1.134 -0.85 -0.718 -0.671 -0.29 -0.198 -0.594 -0.86 -1.015 -0.621 -0.605 -0.928 -1.366 -1.558 -1.409 -1.144 -0.944 -0.853 -1.1 -1.282 -1.573 -1.338 -1.388 -1.53 -1.37 -1.36 -1.101 -0.979 -0.614 -1.051 -1.499 -1.401 -0.833 -1.034
-0.735 -0.171 0.421 0.646 -0.038 -0.69 -0.855 -0.586 -0.58 -0.767 -1.311 -1.754 -1.675 -0.933 -0.21 -0.32 -0.707 -1.412 -2.275 -2.708 -2.267 -1.599 -1.267 -1.54 -1.8 -1.811 -1.84 -1.595 -1.698 -1.464 -1.201 -1.069 -0.939 -0.818 -0.401 -0.382 -1.003 -1.457 -1.191 -0.974 -1.311 -1.508 -1.106 -0.819 -0.773 -0.687 -0.552 -0.324 -0.537 -0.975 -1.175 -1.09 -0.668 -0.934 -1.162 -1.228 -1.534 -1.583 -1.277 -0.973 -1.125 -1.288 -1.384 -1.639 -1.36 -1.575 -1.509 -1.551 -1.321 -0.948 -0.685 -0.747 -1.33 -1.851 -1.472 -1.188 -1.456
-0.863 -0.387 0.245 0.502 -0.272 -0.564 -0.628 -0.782 -1.096 -1.971 -2.62 -2.029 -1.635 -1.244 -0.856 -0.982 -1.243 -1.247 -1.928 -2.304 -2.378 -1.946 -1.331 -1.137 -1.303 -1.292 -1.421 -1.254 -1.236 -1.289 -1.244 -1.235 -1.035 -0.86 -0.535 -0.368 -0.917 -1.08 -0.719 -0.71 -1.014 -1.262 -1.072 -1.029 -1.172 -1.07 -0.762 -0.456 -0.749 -1.161 -1.218 -1.007 -0.674 -0.944 -1.28 -1.335 -1.447 -1.512 -1.439 -1.133 -1.33 -1.133 -1.187 -1.437 -1.422 -1.478 -1.439 -1.515 -1.353 -0.934 -0.583 -0.839 -1.499 -2.016 -1.644 -1.553 -1.555
-0.918 -0.482 0.334 0.451 -0.147 -0.273 -0.462 -0.904 -1.476 -2.333 -2.572 -2.057 -1.853 -1.578 -1.372 -1.557 -1.713 -1.38 -1.79 -2.044 -1.869 -2.112 -1.648 -1.142 -1.024 -0.965 -0.913 -0.835 -0.745 -0.72 -0.735 -0.813 -0.685 -0.628 -0.66 -0.579 -0.816 -0.591 -0.465 -0.749 -0.963 -1.081 -1.335 -1.362 -1.267 -1.019 -0.803 -0.695 -0.849 -1.295 -1.118 -0.871 -0.721 -0.953 -1.295 -1.135 -1.158 -1.316 -1.363 -1.041 -0.814 -0.71 -1.173 -1.301 -1.187 -1.217 -1.233 -1.136 -1.093 -0.865 -0.813 -0.657 -1.09 -1.631 -1.565 -1.327 -1.102
-0.602 -0.297 0.606 -0.009 -0.471 -0.6 -0.894 -1.384 -1.926 -2.692 -2.787 -2.54 -2.448 -2.263 -2.135 -2.232 -2.236 -1.827 -1.861 -2.164 -1.737 -1.731 -1.579 -1.176 -1.299 -1.279 -1.069 -1.079 -1.125 -1.029 -0.814 -0.626 -0.714 -0.955 -1.071 -0.832 -0.714 -0.329 -0.636 -0.942 -1.292 -1.285 -1.523 -1.326 -1.08 -0.995 -1.078 -1.082 -0.933 -1.362 -0.983 -1.061 -0.897 -0.787 -0.964 -0.995 -1.189 -1.158 -0.865 -0.527 -0.526 -0.904 -0.941 -0.921 -0.761 -1.09 -1.261 -1.339 -1.064 -1.157 -0.946 -0.597 -0.684 -1.042 -1.172 -1.043 -0.876
-0.479 -0.046 0.639 -0.483 -1.226 -1.567 -1.976 -2.144 -2.237 -2.701 -2.746 -2.662 -2.474 -2.547 -2.796 -2.872 -2.551 -2.436 -2.437 -2.355 -1.96 -1.48 -1.327 -1.468 -1.811 -1.693 -1.56 -1.498 -1.378 -1.147 -0.987 -1.027 -1.169 -1.249 -1.051 -0.75 -0.516 -0.1 -0.451 -0.98 -1.266 -1.475 -1.641 -1.418 -1.279 -1.369 -1.388 -1.195 -0.984 -1.4 -1.201 -1.34 -1.159 -0.617 -0.706 -0.914 -0.909 -0.696 -0.384 -0.133 -0.576 -0.89 -0.677 -0.557 -0.618 -0.736 -0.84 -0.945 -1.064 -1.308 -1.037 -0.669 -0.517 -0.62 -0.952 -0.953 -0.851
-0.153 0.044 0.523 -0.308 -1.253 -2.092 -2.656 -2.774 -2.501 -2.402 -2.514 -2.75 -2.44 -2.329 -2.605 -2.852 -2.374 -2.382 -2.65 -2.746 -2.142 -1.771 -1.597 -1.967 -1.976 -1.705 -1.471 -1.281 -1.134 -1.078 -1.211 -1.351 -1.247 -1.084 -0.844 -0.449 -0.061 0.145 -0.287 -0.741 -1.079 -1.413 -1.317 -1.548 -1.581 -1.705 -1.479 -1.349 -1.295 -1.419 -1.348 -1.09 -1.086 -0.644 -0.253 -0.237 -0.16 -0.091 0.09 -0.187 -0.636 -0.686 -0.452 -0.616 -0.772 -0.913 -0.917 -1.001 -1.078 -1.143 -0.952 -0.835 -0.639 -0.484 -0.463 -0.595 -0.558
-0.334 -0.305 0.297 -0.18 -1.043 -1.879 -2.473 -2.807 -2.482 -2.166 -2.167 -2.392 -2.339 -2.234 -2.386 -2.793 -2.435 -2.115 -2.365 -2.707 -2.423 -2.191 -2.044 -2.145 -1.822 -1.555 -1.444 -1.424 -1.465 -1.429 -1.38 -1.261 -1.086 -0.805 -0.501 -0.053 0.262 0.113 -0.059 -0.306 -0.733 -1.068 -1.002 -1.567 -1.466 -1.524 -1.682 -1.326 -1.195 -0.995 -0.917 -0.617 -0.514 -0.287 0.058 0.299 0.381 0.382 0.288 -0.093 -0.303 -0.328 -0.169 -0.446 -0.518 -0.724 -0.907 -1.183 -1.217 -1.205 -1.121 -1.052 -0.95 -0.746 -0.502 -0.389 -0.259
-0.792 -0.444 0.085 -0.421 -1.149 -1.653 -1.897 -2.567 -2.649 -2.236 -1.931 -1.906 -2 -2.096 -2.298 -2.624 -2.434 -2.07 -2.007 -2.118 -2.222 -2.232 -2.007 -2.125 -2.017 -1.781 -1.554 -1.289 -1.409 -1.27 -1.191 -0.881 -0.668 -0.454 -0.03 0.256 0.098 -0.367 -0.419 -0.433 -0.446 -0.452 -1.108 -1.319 -1.203 -1.652 -1.659 -1.143 -0.868 -0.618 -0.412 -0.092 0.129 0.156 0.104 0.039 0.094 0.111 0.333 0.348 0.277 0.338 0.353 0.25 0.156 -0.07 -0.328 -0.916 -1.065 -1.129 -1.141 -1.054 -1.156 -1.104 -0.922 -0.582 -0.291
-0.628 -0.299 -0.232 -0.821 -1.571 -2.103 -2.39 -2.774 -2.564 -2.449 -2.098 -1.761 -1.726 -1.866 -2.16 -2.166 -2.326 -2.131 -1.862 -1.759 -1.756 -1.912 -1.816 -2.045 -2.189 -1.796 -1.519 -1.039 -0.767 -1.085 -0.76 -0.633 -0.241 0.109 0.294 0.086 -0.34 -0.772 -0.835 -0.766 -0.767 -0.834 -0.754 -0.994 -1.462 -1.58 -1.324 -0.796 -0.433 -0.126 0.054 0.066 -0.161 -0.267 -0.504 -0.535 -0.495 -0.368 -0.13 -0.022 0.054 0.214 0.402 0.485 0.5 0.352 0.096 -0.436 -0.51 -0.549 -0.632 -0.625 -0.808 -0.859 -1.007 -1 -0.856
-0.74 -0.679 -0.88 -1.444 -2.114 -2.753 -2.948 -2.769 -2.326 -2.168 -1.972 -1.728 -1.626 -1.631 -1.862 -2.213 -2.536 -2.333 -2.02 -1.81 -1.605 -1.541 -1.735 -2.025 -2.076 -1.748 -1.652 -1.177 -0.524 -0.668 -0.492 -0.038 0.234 0.321 0.208 -0.123 -0.527 -0.985 -1.238 -1.332 -1.088 -1.264 -1.023 -1.199 -1.465 -1.182 -0.87 -0.424 -0.084 -0.065 -0.337 -0.381 -0.71 -0.688 -1.044 -0.964 -0.925 -0.745 -0.561 -0.431 -0.414 -0.413 -0.178 -0.066 0.128 0.441 0.414 0.077 0.209 0.108 -0.006 -0.124 -0.382 -0.459 -0.72 -0.908 -1.183
-1.047 -1.074 -1.388 -2.101 -2.807 -2.826 -2.718 -2.533 -2.216 -1.95 -1.791 -1.681 -1.606 -1.536 -1.638 -2.153 -2.502 -2.67 -2.458 -2.166 -1.622 -1.366 -1.979 -1.716 -1.744 -1.368 -1.19 -1.22 -0.732 -0.101 0.008 0.279 0.274 0.028 -0.288 -0.337 -0.318 -0.683 -1.119 -1.522 -1.493 -1.392 -1.318 -1.366 -1.185 -0.777 -0.401 -0.173 -0.177 -0.571 -0.805 -0.797 -1.02 -1.147 -1.179 -0.94 -0.772 -0.773 -0.836 -0.75 -0.724 -0.85 -0.658 -0.729 -0.614 -0.011 0.45 0.499 0.564 0.568 0.595 0.373 0.054 -0.105 -0.308 -0.641 -1.162
-1.534 -1.793 -2.265 -2.539 -2.498 -2.705 -2.533 -2.268 -2.081 -1.914 -1.851 -1.864 -1.84 -1.474 -1.418 -1.621 -1.969 -2.529 -2.412 -2.007 -1.424 -1.181 -1.908 -1.525 -1.271 -1.389 -0.828 -0.873 -0.47 0.024 0.281 0.228 -0.096 -0.484 -0.78 -0.874 -0.871 -0.475 -0.861 -1.225 -1.35 -1.27 -1.092 -0.978 -0.773 -0.43 -0.287 -0.48 -0.604 -0.901 -1.135 -1.072 -1.094 -1.157 -0.959 -0.715 -0.558 -0.392 -0.521 -0.746 -0.974 -1.128 -1.102 -1.187 -0.876 -0.414 -0.039 0.399 0.432 0.454 0.718 0.791 0.586 0.291 -0.089 -0.539 -0.893
-2.428 -2.218 -2.139 -2.316 -2.116 -2.383 -2.478 -2.215 -2.065 -2.22 -2.433 -2.639 -2.276 -1.669 -1.337 -1.281 -1.672 -2.169 -1.935 -1.644 -1.061 -1.102 -1.813 -1.411 -0.909 -0.98 -0.744 -0.335 0.033 0.32 0.193 -0.158 -0.457 -0.867 -1.133 -1.244 -1.058 -0.765 -0.602 -1.083 -1.231 -0.991 -0.798 -0.745 -0.59 -0.473 -0.636 -0.924 -1.105 -1.179 -1.332 -1.246 -1.168 -1.096 -1.068 -0.964 -0.862 -0.583 -0.282 -0.283 -0.748 -0.998 -1.215 -1.205 -0.981 -0.752 -0.423 -0.148 0.014 0.287 0.381 0.68 0.902 0.597 0.069 -0.427 -0.801
-2.118 -1.584 -1.615 -1.911 -1.893 -1.885 -2.029 -2.477 -2.54 -3.005 -2.601 -2.312 -2.404 -1.979 -1.429 -1.232 -1.383 -1.971 -1.592 -0.997 -0.724 -1.185 -1.652 -1.397 -0.973 -0.458 -0.396 0.064 0.305 0.267 -0.117 -0.609 -0.627 -1.033 -1.323 -1.266 -1.043 -0.965 -0.764 -1.197 -1.269 -1.095 -0.94 -0.899 -0.835 -0.863 -1.022 -1.224 -1.329 -1.303 -1.347 -1.438 -1.179 -1.001 -0.948 -0.97 -1.138 -0.851 -0.487 -0.196 -0.221 -0.624 -0.832 -0.841 -1.076 -1.11 -0.818 -0.608 -0.268 -0.014 -0.122 0.114 0.416 0.833 0.273 -0.302 -0.784
-1.799 -1.404 -1.341 -1.499 -1.483 -1.793 -2.376 -2.239 -2.471 -2.869 -2.392 -1.872 -1.932 -2.104 -1.55 -1.177 -1.236 -1.802 -1.501 -0.793 -0.529 -1.188 -1.373 -1.128 -0.772 -0.223 0.084 0.309 0.21 -0.055 -0.337 -0.843 -0.918 -0.944 -1.411 -1.365 -1.257 -1.257 -1.043 -1.349 -1.416 -1.304 -1.222 -1.08 -1.05 -1.259 -1.343 -1.354 -1.167 -1.001 -1.146 -1.372 -1.229 -1.093 -0.817 -0.584 -1.046 -1.102 -0.921 -0.568 -0.079 -0.26 -0.548 -0.7 -1.163 -1.167 -0.85 -0.635 -0.275 -0.066 -0.337 0.031 0.236 0.83 0.61 0.052 -0.535
-1.369 -1.091 -0.972 -1.143 -1.485 -2.264 -2.461 -1.913 -1.965 -2.318 -2.412 -1.85 -1.522 -1.721 -1.609 -1.101 -1.14 -1.581 -1.283 -0.758 -0.263 -0.811 -1.133 -0.823 -0.367 0.078 0.332 0.208 -0.192 -0.551 -0.359 -0.92 -1.208 -1.189 -1.583 -1.566 -1.399 -1.328 -0.966 -1.265 -1.546 -1.34 -1.144 -0.926 -1.041 -1.524 -1.522 -1.359 -1.061 -0.676 -0.812 -1.198 -1.362 -1.038 -0.654 -0.378 -0.656 -1.102 -0.902 -0.621 -0.013 -0.027 -0.687 -0.995 -1.292 -1.034 -0.771 -0.461 -0.156 -0.219 -0.756 -0.232 0.015 0.597 0.912 0.455 -0.167
-0.851 -0.76 -0.912 -1.362 -1.9 -2.25 -2.397 -1.846 -1.579 -2.046 -2.567 -2.152 -1.782 -1.404 -1.198 -1.006 -1.073 -1.29 -1.191 -0.669 0.03 -0.269 -0.707 -0.489 0.055 0.303 0.164 -0.234 -0.581 -0.999 -0.54 -0.704 -1.273 -1.612 -1.801 -1.698 -1.538 -1.349 -0.944 -0.849 -1.229 -1.159 -0.958 -0.868 -1.046 -1.404 -1.32 -1.082 -0.841 -0.445 -0.777 -1.304 -1.315 -0.957 -0.718 -0.275 -0.488 -1.098 -0.8 -0.303 0.147 0.044 -0.538 -0.958 -1.506 -1.564 -1.248 -0.821 -0.929 -1.094 -1.208 -0.767 -0.369 0.143 0.869 0.842 0.297
-0.803 -1.066 -1.389 -1.853 -1.924 -1.787 -2.046 -1.609 -1.535 -2.142 -2.5 -2.216 -1.94 -1.444 -0.899 -0.914 -1.134 -1.376 -1.156 -0.587 0.234 0.137 -0.244 -0.021 0.286 0.121 -0.244 -0.698 -0.914 -1.224 -0.851 -0.531 -1.194 -1.912 -1.948 -1.857 -1.434 -1.145 -0.98 -0.663 -0.65 -0.673 -0.711 -0.868 -1.086 -1.414 -1.201 -1.07 -0.808 -0.491 -0.421 -1.05 -1.208 -0.798 -0.43 0.062 -0.121 -0.757 -0.849 -0.342 0.249 0.065 -0.492 -0.954 -1.232 -1.488 -1.644 -1.38 -1.35 -1.319 -1.204 -0.704 -0.299 0.079 0.667 1.01 0.777
-1.334 -1.857 -2.153 -2.095 -1.859 -1.636 -1.602 -1.357 -1.446 -1.943 -2.125 -1.811 -1.571 -1.164 -0.797 -0.9 -1.329 -1.389 -0.955 -0.386 0.299 0.384 0.102 0.296 0.104 -0.302 -0.684 -1.012 -1.221 -1.362 -1.239 -0.967 -1.247 -1.982 -1.908 -1.71 -1.258 -1.318 -1.332 -0.86 -0.41 -0.385 -0.433 -0.948 -1.341 -1.717 -1.609 -1.376 -1.055 -0.133 -0.045 -0.709 -1.021 -1.053 -0.797 -0.145 0.45 -0.14 -0.325 -0.041 0.317 -0.231 -0.73 -0.981 -0.753 -0.905 -1.321 -1.307 -1.054 -0.885 -0.699 -0.316 0.091 0.37 0.578 0.974 1.146
-1.996 -2.357 -2.518 -2.379 -2.363 -1.939 -1.575 -1.541 -1.327 -1.347 -1.575 -1.31 -1.16 -0.778 -0.713 -1.065 -1.368 -1.1 -0.713 -0.181 0.421 0.465 0.349 0.099 -0.292 -0.736 -1.032 -1.14 -1.167 -1.456 -1.733 -1.575 -1.617 -1.733 -1.567 -1.32 -1.198 -1.465 -1.41 -0.904 -0.812 -0.33 -0.583 -0.928 -1.279 -1.779 -1.925 -1.738 -1.034 -0.044 0.515 0.091 -0.647 -1.153 -0.754 -0.239 0.337 0.455 0.486 0.601 0.375 -0.381 -0.887 -0.645 -0.341 -0.504 -1.099 -1.308 -0.925 -0.613 -0.324 -0.09 0.07 0.084 0.231 0.732 1.185
-2.288 -2.215 -2.093 -2.271 -2.251 -2.266 -2.001 -1.862 -1.653 -1.178 -0.993 -0.814 -0.654 -0.584 -0.775 -1.08 -1.042 -0.799 -0.382 0.127 0.56 0.464 0.203 -0.218 -0.721 -0.958 -0.924 -0.892 -1.288 -1.614 -1.757 -1.725 -1.802 -1.824 -1.706 -1.334 -1.416 -1.589 -1.341 -1.052 -1.033 -0.339 -0.209 -0.948 -1.304 -1.716 -1.559 -1.19 -0.614 -0.086 0.482 0.59 -0.347 -0.721 -0.915 -0.496 0.074 -0.089 0.124 0.637 0.636 -0.038 -0.361 -0.15 -0.21 -0.663 -1.088 -1.143 -1.075 -0.854 -0.545 -0.366 -0.641 -0.456 0.165 0.231 0.774
-1.983 -1.81 -1.745 -1.789 -1.718 -2.137 -1.865 -1.628 -1.564 -1.068 -0.558 -0.345 -0.501 -0.834 -0.817 -0.775 -0.709 -0.329 0.079 0.499 0.61 0.251 -0.256 -0.376 -0.596 -0.659 -0.834 -1.227 -1.337 -1.344 -1.314 -1.123 -1.439 -1.563 -1.675 -1.495 -1.433 -1.335 -1.353 -1.466 -1.03 -0.496 0.045 -0.679 -1.105 -1.343 -1.371 -0.906 -0.763 -0.574 0.07 0.824 0.194 -0.422 -0.956 -0.63 -0.428 -0.603 -0.176 0.248 0.775 0.546 0.27 0.313 -0.283 -0.762 -1.023 -0.641 -0.675 -0.735 -0.53 -0.546 -1.008 -0.629 -0.318 -0.397 0.264
-1.776 -1.354 -1.647 -1.611 -1.321 -1.904 -1.414 -1.176 -1.226 -0.776 -0.213 -0.439 -0.768 -0.789 -0.579 -0.436 -0.137 0.073 0.441 0.637 0.441 0.061 -0.062 -0.569 -0.785 -1.026 -1.213 -1.049 -1.065 -1.06 -0.908 -1.046 -1.146 -1.464 -1.827 -1.652 -1.291 -0.995 -1.013 -1.094 -1.044 -0.522 0.151 -0.284 -0.822 -1.324 -1.164 -0.894 -0.994 -0.625 -0.117 0.702 0.449 -0.337 -0.775 -0.9 -0.787 -0.742 -0.443 0.02 0.673 0.805 0.288 0.232 -0.278 -0.864 -1.112 -0.609 -0.317 -0.213 -0.057 -0.016 -0.627 -0.921 -0.886 -0.464 0.17
-1.568 -1.236 -1.431 -1.597 -0.967 -1.568 -1.17 -0.931 -0.937 -0.624 -0.148 -0.623 -0.568 -0.424 -0.092 0.22 0.433 0.654 0.709 0.565 0.354 0.31 -0.178 -0.61 -0.847 -0.681 -0.546 -0.674 -0.616 -0.58 -0.658 -0.797 -1.011 -1.385 -1.507 -1.447 -1.146 -0.911 -1.043 -0.916 -0.717 -0.446 0.136 -0.066 -0.684 -1.233 -1.273 -0.936 -0.943 -0.662 -0.161 0.583 0.745 0.3 -0.101 -0.502 -0.528 -0.704 -0.317 0.179 0.796 0.666 0.051 -0.203 -0.269 -0.805 -1.085 -0.868 -0.756 -0.565 -0.242 0.324 -0.277 -0.992 -0.918 -0.495 -0.489
-0.953 -0.848 -1.431 -1.599 -0.739 -1.277 -1.027 -0.752 -0.527 -0.21 -0.073 -0.577 -0.102 0.217 0.457 0.749 0.741 0.613 0.478 0.138 -0.246 0.04 -0.06 -0.437 -0.19 -0.092 -0.108 -0.314 -0.579 -0.845 -1.121 -1.157 -1.087 -0.991 -1.046 -1.239 -1.305 -1.073 -1.284 -1.333 -1.018 -0.638 0.013 0.149 -0.53 -1.121 -1.186 -0.847 -0.518 -0.519 -0.012 0.5 0.594 0.772 0.686 0.232 -0.298 -0.336 0.237 0.676 0.927 0.372 -0.231 -0.473 -0.624 -0.736 -0.6 -0.401 -0.546 -0.625 -0.103 0.484 -0.203 -0.974 -1.135 -1.011 -0.624
-0.537 -1.024 -1.609 -1.683 -0.711 -0.87 -1.006 -0.498 -0.04 0.121 -0.189 -0.408 0.234 0.659 0.811 0.502 0.259 0.084 0.022 -0.517 -0.808 -0.637 -0.012 0.081 -0.045 -0.386 -0.467 -0.54 -1.09 -1.409 -1.464 -1.234 -1.084 -0.64 -0.906 -1.143 -1.356 -1.256 -1.191 -1.434 -1.377 -0.947 -0.147 0.155 -0.625 -1.162 -1.152 -0.737 -0.196 0.042 0.203 -0.004 -0.25 0.245 0.853 0.841 0.278 0.479 0.821 0.942 0.735 0.101 -0.455 -0.635 -0.992 -0.993 -0.46 0.124 0.257 0.095 0.423 0.312 -0.488 -0.779 -0.702 -0.992 -0.757
-0.408 -0.67 -1.208 -1.581 -0.818 -0.567 -1.091 -0.465 0.29 0.268 -0.183 0.084 0.577 0.833 0.451 0.03 -0.338 -0.634 -0.494 -0.959 -1.199 -0.982 -0.479 -0.005 -0.385 -0.777 -0.865 -0.772 -1.115 -1.309 -1.349 -0.914 -0.78 -0.619 -0.915 -1.16 -1.316 -1.103 -0.837 -1.046 -0.975 -0.631 -0.016 0.09 -0.673 -1.262 -1.183 -0.835 -0.454 -0.253 -0.319 -0.736 -0.606 -0.165 0.188 0.815 1.055 1.093 0.716 0.572 0.22 0.196 -0.25 -0.773 -0.827 -0.992 -0.559 -0.157 -0.034 0.463 0.575 0.65 0.128 -0.055 -0.036 -0.593 -1.047
-0.257 -0.438 -0.98 -1.489 -0.946 -0.378 -1.019 -0.558 0.368 0.453 0.354 0.622 0.844 0.514 0.007 -0.236 -0.753 -1.191 -1.154 -1.167 -0.957 -0.718 -0.526 -0.1 -0.44 -0.928 -1.153 -1.191 -1.224 -1.131 -1.167 -0.794 -0.521 -0.652 -0.901 -1.109 -1.19 -0.731 -0.292 -0.391 -0.214 0.067 0.256 -0.007 -0.568 -1.115 -1.183 -1.1 -0.99 -0.898 -0.857 -0.908 -0.804 -0.556 -0.231 0.301 1.114 1.162 0.495 0.152 0.131 -0.217 -0.298 -0.642 -0.31 -0.746 -1.004 -0.809 -0.375 -0.163 0.055 0.652 0.569 0.212 -0.263 -0.574 -0.636
-0.146 -0.303 -0.955 -1.07 -0.912 -0.27 -0.656 -0.321 0.511 0.738 0.845 0.932 0.658 0.189 -0.197 -0.764 -1.181 -1.573 -1.34 -1.035 -0.796 -0.802 -0.616 -0.367 -0.452 -0.952 -1.324 -1.627 -1.324 -0.888 -0.78 -0.59 -0.503 -0.811 -1.044 -1.119 -1.189 -0.734 -0.259 0.134 0.525 0.509 0.151 -0.322 -0.739 -1.086 -0.916 -0.807 -0.858 -0.728 -0.765 -0.588 -0.651 -0.787 -0.413 0.262 1.159 0.988 0.481 0.137 -0.245 -0.395 -0.719 -0.525 -0.026 -0.497 -0.725 -0.799 -0.744 -0.649 0.047 0.624 0.521 -0.28 -0.846 -0.866 -0.386
