data/climatemaps/RS_maps/climate_winter_pr_2006.asc
NCOLS 369 
NROWS 228 
XLLCORNER 479000 
YLLCORNER 73000 
CELLSIZE 1000 
NODATA_value -9 
[rows 132 to 164 of 228, columns 228 to 303 of 369]
-0.176 -0.242 -0.077 0.003 0.262 0.557 0.699 0.787 0.756 0.593 0.297 0.117 0.342 0.59 0.744 0.817 0.845 0.781 0.492 0.148 -0.034 -0.032 0.086 0.107 0.127 -0.078 -0.322 -0.268 -0.049 0.169 0.386 0.478 0.471 0.305 0.104 0.112 0.19 0.21 0.151 0.324 0.265 0.155 0.021 -0.132 -0.336 -0.558 -0.795 -0.793 -0.608 -0.379 -0.244 -0.152 -0.201 -0.332 -0.534 -0.753 -0.909 -0.927 -0.852 -0.842 -0.761 -0.673 -0.632 -0.491 -0.529 -0.536 -0.68 -0.849 -0.869 -0.769 -0.694 -0.697 -0.646 -0.636 -0.6 -0.56
-0.075 -0.103 0.091 0.129 0.343 0.644 0.795 0.842 0.797 0.667 0.486 0.361 0.442 0.704 0.845 0.838 0.806 0.719 0.437 0.161 0.162 0.162 0.227 0.337 0.294 0.105 -0.212 -0.15 -0.009 0.149 0.426 0.538 0.522 0.311 0.199 0.232 0.303 0.321 0.34 0.438 0.345 0.206 0.059 -0.121 -0.361 -0.623 -0.803 -0.768 -0.601 -0.374 -0.148 -0.041 -0.064 -0.167 -0.377 -0.617 -0.808 -0.862 -0.751 -0.716 -0.642 -0.524 -0.46 -0.32 -0.338 -0.342 -0.389 -0.624 -0.776 -0.804 -0.796 -0.808 -0.747 -0.651 -0.553 -0.504
0.046 0.026 0.176 0.277 0.423 0.707 0.852 0.88 0.904 0.855 0.784 0.74 0.625 0.788 0.911 0.906 0.829 0.626 0.422 0.255 0.335 0.398 0.378 0.495 0.421 0.172 -0.17 -0.105 0.038 0.126 0.388 0.541 0.52 0.322 0.277 0.37 0.408 0.414 0.48 0.489 0.387 0.267 0.075 -0.147 -0.408 -0.657 -0.786 -0.691 -0.529 -0.322 -0.075 0.06 0.056 -0.022 -0.23 -0.484 -0.727 -0.84 -0.761 -0.661 -0.559 -0.435 -0.341 -0.187 -0.166 -0.206 -0.207 -0.388 -0.592 -0.735 -0.785 -0.75 -0.655 -0.574 -0.499 -0.439
0.166 0.211 0.294 0.428 0.577 0.849 1.025 0.994 1.066 1.045 1.032 0.967 0.826 0.851 0.979 0.923 0.841 0.799 0.574 0.391 0.465 0.546 0.616 0.593 0.42 0.145 -0.172 -0.138 0.102 0.25 0.443 0.537 0.518 0.321 0.31 0.43 0.426 0.438 0.508 0.5 0.438 0.318 0.108 -0.16 -0.421 -0.654 -0.74 -0.594 -0.412 -0.25 -0.007 0.139 0.185 0.146 -0.092 -0.398 -0.663 -0.827 -0.776 -0.686 -0.557 -0.384 -0.258 -0.136 -0.052 -0.08 -0.037 -0.154 -0.314 -0.545 -0.694 -0.679 -0.631 -0.585 -0.509 -0.438
0.315 0.434 0.499 0.624 0.774 0.999 1.138 1.101 1.11 1.054 1.034 0.996 0.91 0.945 1.055 1.009 0.989 0.956 0.653 0.514 0.593 0.692 0.695 0.569 0.386 0.07 -0.173 -0.111 0.067 0.264 0.443 0.531 0.519 0.327 0.328 0.437 0.422 0.436 0.5 0.496 0.437 0.354 0.173 -0.075 -0.396 -0.643 -0.699 -0.552 -0.36 -0.19 0.022 0.191 0.222 0.15 -0.064 -0.35 -0.605 -0.799 -0.823 -0.754 -0.674 -0.476 -0.302 -0.15 -0.036 -0.012 0.108 0.025 -0.076 -0.292 -0.571 -0.567 -0.587 -0.589 -0.533 -0.461
0.467 0.536 0.677 0.809 0.933 1.084 1.082 1.026 1.045 0.992 0.974 0.966 0.977 1.05 1.132 1.044 0.983 0.892 0.67 0.693 0.814 0.799 0.683 0.542 0.3 0.009 -0.122 -0.028 0.095 0.186 0.386 0.519 0.521 0.354 0.293 0.393 0.431 0.469 0.531 0.553 0.495 0.423 0.271 0.001 -0.389 -0.624 -0.641 -0.522 -0.382 -0.164 0.111 0.207 0.204 0.123 -0.033 -0.265 -0.52 -0.755 -0.852 -0.833 -0.723 -0.58 -0.449 -0.261 -0.101 -0.011 0.135 0.108 0.045 -0.149 -0.443 -0.469 -0.5 -0.533 -0.515 -0.451
0.651 0.551 0.744 0.886 0.987 1.086 1.033 0.933 1.042 1.063 1.06 1.031 1.002 1.142 1.187 1.2 1.056 0.853 0.8 0.875 0.916 0.809 0.695 0.498 0.26 0.113 0.017 -0.011 0.147 0.215 0.41 0.518 0.54 0.406 0.314 0.405 0.452 0.499 0.571 0.592 0.573 0.488 0.296 0.017 -0.369 -0.591 -0.571 -0.454 -0.348 -0.177 0.104 0.204 0.186 0.193 0.081 -0.154 -0.442 -0.695 -0.849 -0.88 -0.777 -0.696 -0.598 -0.388 -0.252 -0.117 0.054 0.099 0.044 -0.078 -0.324 -0.455 -0.522 -0.534 -0.51 -0.456
0.822 0.662 0.773 0.858 0.939 1.058 1.053 0.852 0.933 0.997 0.946 0.931 0.981 1.047 1.148 1.203 1.101 1.016 0.942 1.014 0.988 0.856 0.679 0.482 0.385 0.343 0.21 0.021 0.15 0.294 0.422 0.494 0.509 0.465 0.45 0.483 0.481 0.466 0.493 0.49 0.487 0.402 0.267 0.045 -0.323 -0.529 -0.503 -0.402 -0.279 -0.126 0.09 0.2 0.257 0.299 0.171 -0.075 -0.379 -0.59 -0.766 -0.9 -0.856 -0.796 -0.72 -0.554 -0.405 -0.229 0.006 0.081 0.061 -0.011 -0.178 -0.282 -0.439 -0.525 -0.544 -0.52
0.981 0.843 0.928 0.947 1.033 1.081 0.925 0.681 0.694 0.809 0.784 0.802 0.821 0.937 1.043 1.199 1.207 1.107 1.057 1.101 0.966 0.794 0.617 0.595 0.585 0.521 0.359 0.115 0.168 0.347 0.443 0.495 0.52 0.534 0.508 0.473 0.455 0.461 0.405 0.323 0.272 0.246 0.213 0.043 -0.308 -0.513 -0.497 -0.428 -0.346 -0.153 0.086 0.215 0.328 0.344 0.186 -0.06 -0.298 -0.412 -0.598 -0.82 -0.888 -0.838 -0.731 -0.588 -0.434 -0.306 -0.105 0.081 0.118 0.044 -0.065 -0.097 -0.249 -0.386 -0.452 -0.459
1.038 1.004 1.128 1.092 1.043 1.001 0.816 0.521 0.463 0.641 0.618 0.623 0.768 0.945 1.086 1.201 1.223 1.134 1.085 1.037 0.85 0.732 0.694 0.76 0.732 0.648 0.448 0.242 0.265 0.352 0.463 0.499 0.523 0.496 0.422 0.345 0.354 0.39 0.278 0.122 0.02 -0.006 -0.026 -0.09 -0.287 -0.425 -0.549 -0.45 -0.301 -0.137 0.069 0.258 0.343 0.298 0.163 -0.045 -0.162 -0.219 -0.414 -0.677 -0.823 -0.801 -0.696 -0.596 -0.444 -0.32 -0.184 0.058 0.144 0.101 0.07 0.024 -0.114 -0.283 -0.412 -0.482
1.108 1.142 1.194 1.068 0.914 0.785 0.647 0.335 0.227 0.398 0.438 0.513 0.773 1.016 1.181 1.191 1.092 1.036 0.961 0.887 0.779 0.847 0.843 0.845 0.829 0.699 0.498 0.423 0.433 0.409 0.408 0.41 0.435 0.445 0.361 0.283 0.19 0.174 0.053 -0.029 -0.036 0.018 -0.042 -0.057 -0.115 -0.31 -0.499 -0.427 -0.285 -0.101 0.084 0.257 0.303 0.259 0.117 0.01 0.022 -0.062 -0.295 -0.562 -0.751 -0.745 -0.664 -0.572 -0.432 -0.284 -0.176 0.021 0.191 0.199 0.162 0.032 -0.135 -0.259 -0.29 -0.301
1.105 1.092 1.073 0.972 0.778 0.556 0.391 0.153 0.062 0.185 0.344 0.57 0.746 0.983 1.208 1.182 1.072 1.131 1.048 0.912 0.83 0.968 0.946 0.899 0.818 0.696 0.629 0.586 0.509 0.376 0.29 0.251 0.267 0.273 0.2 0.112 0.058 -0.005 0.002 0.058 0.165 0.229 0.124 0.163 0.072 -0.22 -0.417 -0.359 -0.271 -0.131 0.054 0.213 0.257 0.239 0.135 0.089 0.169 0.034 -0.175 -0.447 -0.671 -0.662 -0.615 -0.565 -0.442 -0.226 -0.086 0.077 0.197 0.195 0.086 -0.025 -0.096 -0.119 -0.116 -0.158
1.013 1.017 1.002 0.937 0.771 0.539 0.323 0.06 -0.007 0.133 0.324 0.606 0.793 0.94 1.197 1.169 1.156 1.267 1.186 1.066 0.879 0.998 1.035 0.951 0.869 0.843 0.739 0.582 0.455 0.312 0.139 0.053 0.035 0.02 -0.024 -0.026 0.011 0.044 0.155 0.256 0.322 0.351 0.253 0.353 0.235 -0.073 -0.268 -0.191 -0.186 -0.096 0.031 0.173 0.216 0.299 0.229 0.144 0.272 0.163 -0.017 -0.304 -0.583 -0.609 -0.611 -0.581 -0.471 -0.266 -0.064 0.06 0.187 0.133 0.068 0.062 -0.01 0.004 -0.049 -0.087
0.958 0.993 0.981 0.908 0.736 0.514 0.312 0 -0.132 0.019 0.23 0.53 0.819 0.985 1.215 1.165 1.232 1.346 1.278 1.136 0.94 1.034 1.07 0.988 1.008 0.923 0.739 0.488 0.315 0.161 0.043 -0.013 -0.032 0.002 0.074 0.148 0.224 0.202 0.3 0.369 0.435 0.417 0.369 0.505 0.392 0.044 -0.127 -0.055 -0.053 -0.021 0.048 0.152 0.228 0.325 0.263 0.244 0.333 0.234 0.042 -0.24 -0.51 -0.594 -0.616 -0.587 -0.483 -0.326 -0.114 0.01 0.087 0.1 0.135 0.111 0.043 0.048 -0.016 -0.065
0.801 0.866 0.865 0.799 0.62 0.367 0.125 -0.123 -0.268 -0.084 0.187 0.407 0.714 0.984 1.188 1.163 1.288 1.378 1.285 1.136 1.043 1.08 1.094 1.023 0.967 0.833 0.603 0.389 0.274 0.228 0.259 0.154 0.186 0.316 0.345 0.338 0.369 0.352 0.381 0.464 0.498 0.453 0.506 0.6 0.473 0.147 -0.052 -0.043 -0.021 -0.021 0.051 0.136 0.231 0.282 0.253 0.378 0.351 0.222 0.058 -0.224 -0.462 -0.584 -0.605 -0.599 -0.519 -0.387 -0.144 -0.042 0.05 0.084 0.173 0.124 0.083 0.073 -0.013 -0.078
0.777 0.758 0.724 0.67 0.525 0.301 0.051 -0.201 -0.325 -0.165 0.145 0.332 0.558 0.874 1.145 1.144 1.323 1.44 1.297 1.181 1.145 1.172 1.07 0.953 0.783 0.617 0.478 0.434 0.461 0.379 0.466 0.378 0.359 0.558 0.515 0.477 0.509 0.49 0.454 0.531 0.549 0.497 0.591 0.632 0.504 0.269 0.067 -0.054 -0.082 -0.077 -0.013 0.074 0.174 0.246 0.295 0.369 0.31 0.191 0.065 -0.096 -0.351 -0.527 -0.562 -0.573 -0.532 -0.424 -0.238 -0.096 0.034 0.076 0.123 0.09 0.085 0.085 0.02 -0.074
0.793 0.764 0.719 0.678 0.594 0.417 0.142 -0.184 -0.364 -0.248 0.052 0.287 0.482 0.811 1.095 1.163 1.31 1.422 1.344 1.28 1.236 1.177 1.04 0.859 0.805 0.746 0.602 0.56 0.538 0.513 0.577 0.544 0.481 0.607 0.641 0.627 0.669 0.61 0.549 0.556 0.539 0.538 0.585 0.563 0.46 0.425 0.316 0.038 -0.103 -0.073 -0.035 0.014 0.095 0.212 0.278 0.259 0.229 0.15 0.192 0.066 -0.205 -0.469 -0.513 -0.531 -0.527 -0.457 -0.312 -0.192 -0.049 0.017 0.076 0.056 0.05 0.059 0.002 -0.113
0.669 0.772 0.818 0.809 0.744 0.553 0.232 -0.154 -0.414 -0.342 -0.095 0.208 0.414 0.764 1.074 1.206 1.28 1.278 1.252 1.234 1.223 1.141 0.95 0.985 1.038 0.902 0.708 0.61 0.604 0.563 0.6 0.621 0.561 0.68 0.777 0.751 0.774 0.668 0.569 0.496 0.438 0.449 0.466 0.456 0.459 0.544 0.461 0.174 -0.005 -0.029 0.006 0.02 0.074 0.152 0.199 0.244 0.286 0.266 0.269 0.186 -0.055 -0.358 -0.487 -0.511 -0.523 -0.475 -0.384 -0.28 -0.157 -0.085 0.009 0.061 0.031 -0.009 -0.086 -0.218
0.412 0.594 0.762 0.798 0.718 0.518 0.194 -0.184 -0.441 -0.434 -0.25 0.008 0.323 0.682 0.966 1.177 1.211 1.175 1.204 1.197 1.143 1.109 1.129 1.191 1.129 0.952 0.755 0.621 0.541 0.506 0.577 0.639 0.631 0.762 0.843 0.79 0.75 0.63 0.479 0.343 0.275 0.304 0.336 0.374 0.488 0.603 0.508 0.274 0.126 -0.021 -0.01 -0.021 0.017 0.104 0.176 0.281 0.348 0.304 0.335 0.256 0.043 -0.259 -0.436 -0.472 -0.487 -0.476 -0.427 -0.363 -0.239 -0.174 -0.065 0.016 0.055 -0.039 -0.205 -0.341
0.125 0.347 0.591 0.662 0.581 0.375 0.068 -0.258 -0.47 -0.465 -0.254 -0.002 0.286 0.602 0.839 1.042 1.152 1.182 1.217 1.22 1.214 1.251 1.273 1.236 1.133 0.963 0.746 0.574 0.475 0.491 0.561 0.581 0.6 0.781 0.838 0.756 0.7 0.593 0.424 0.2 0.134 0.152 0.217 0.304 0.507 0.648 0.552 0.34 0.285 0.032 -0.089 -0.118 -0.078 0.018 0.085 0.219 0.294 0.264 0.373 0.284 0.111 -0.158 -0.382 -0.444 -0.478 -0.504 -0.468 -0.42 -0.306 -0.24 -0.145 -0.076 -0.013 -0.119 -0.313 -0.407
-0.107 0.133 0.37 0.47 0.435 0.218 -0.084 -0.346 -0.494 -0.447 -0.167 0.128 0.414 0.604 0.696 0.909 1.069 1.152 1.181 1.225 1.26 1.33 1.311 1.239 1.152 0.985 0.715 0.493 0.408 0.437 0.477 0.482 0.532 0.749 0.826 0.768 0.682 0.529 0.336 0.107 0.004 -0.011 0.093 0.274 0.504 0.62 0.564 0.425 0.376 0.132 -0.014 -0.101 -0.155 -0.095 0.001 0.111 0.209 0.258 0.341 0.302 0.165 -0.052 -0.318 -0.46 -0.52 -0.556 -0.509 -0.42 -0.293 -0.204 -0.124 -0.1 -0.126 -0.247 -0.399 -0.434
-0.274 -0.051 0.171 0.278 0.257 0.123 -0.116 -0.362 -0.473 -0.362 -0.091 0.179 0.437 0.558 0.64 0.728 0.858 0.927 0.963 1.101 1.179 1.191 1.24 1.289 1.203 1.029 0.707 0.429 0.312 0.294 0.343 0.351 0.431 0.68 0.816 0.767 0.645 0.368 0.16 0.018 -0.116 -0.152 0.022 0.243 0.442 0.538 0.519 0.473 0.459 0.142 0.097 0.027 -0.097 -0.162 -0.078 0.026 0.135 0.203 0.279 0.263 0.168 -0.018 -0.249 -0.434 -0.501 -0.52 -0.457 -0.359 -0.221 -0.118 -0.071 -0.086 -0.184 -0.348 -0.453 -0.438
-0.396 -0.199 0.025 0.122 0.129 0.047 -0.133 -0.356 -0.46 -0.324 -0.048 0.138 0.416 0.534 0.606 0.572 0.612 0.695 0.776 0.977 1.123 1.131 1.18 1.283 1.186 1.016 0.716 0.401 0.214 0.141 0.187 0.236 0.372 0.604 0.728 0.7 0.574 0.265 0.03 -0.08 -0.227 -0.238 -0.065 0.161 0.347 0.484 0.474 0.493 0.453 0.175 0.148 0.118 0.013 -0.041 -0.08 -0.062 0.012 0.065 0.155 0.191 0.12 0.005 -0.147 -0.353 -0.378 -0.397 -0.342 -0.27 -0.12 -0.04 -0.06 -0.147 -0.307 -0.43 -0.472 -0.415
-0.487 -0.355 -0.158 0.021 0.095 0.049 -0.116 -0.31 -0.428 -0.345 -0.165 0.023 0.306 0.483 0.555 0.515 0.433 0.559 0.752 0.952 1.056 1.075 1.174 1.234 1.135 0.98 0.724 0.393 0.16 0.037 0.073 0.17 0.301 0.465 0.596 0.639 0.514 0.2 -0.088 -0.174 -0.318 -0.298 -0.108 0.126 0.282 0.449 0.43 0.487 0.466 0.187 0.198 0.199 0.107 0.084 0.011 -0.062 0.008 0.013 0.076 0.151 0.108 0.046 -0.077 -0.261 -0.303 -0.312 -0.27 -0.211 -0.131 -0.111 -0.165 -0.28 -0.382 -0.425 -0.404 -0.358
-0.529 -0.491 -0.315 -0.088 0.066 0.077 -0.057 -0.244 -0.394 -0.394 -0.289 -0.106 0.17 0.352 0.432 0.393 0.316 0.455 0.718 0.916 0.99 1.003 1.072 1.09 1.006 0.909 0.713 0.388 0.116 -0.071 -0.072 0.016 0.143 0.319 0.461 0.524 0.426 0.208 -0.094 -0.26 -0.348 -0.325 -0.192 0.021 0.228 0.374 0.395 0.506 0.46 0.249 0.214 0.233 0.207 0.161 0.066 0.03 0.124 0.088 0.059 0.151 0.16 0.097 -0.053 -0.171 -0.227 -0.241 -0.256 -0.242 -0.231 -0.275 -0.31 -0.35 -0.378 -0.352 -0.346 -0.294
-0.472 -0.577 -0.483 -0.283 -0.062 0.061 0.009 -0.126 -0.284 -0.409 -0.415 -0.267 -0.004 0.128 0.18 0.184 0.217 0.388 0.65 0.85 0.962 0.977 0.877 0.878 0.895 0.861 0.699 0.395 0.074 -0.162 -0.234 -0.114 0.059 0.209 0.334 0.427 0.451 0.33 -0.054 -0.287 -0.338 -0.343 -0.268 -0.065 0.142 0.284 0.352 0.521 0.495 0.335 0.214 0.227 0.254 0.207 0.109 0.086 0.191 0.189 0.129 0.193 0.206 0.124 0.004 -0.088 -0.158 -0.221 -0.271 -0.304 -0.333 -0.34 -0.33 -0.337 -0.323 -0.319 -0.312 -0.224
-0.404 -0.603 -0.604 -0.454 -0.228 -0.033 0.013 -0.025 -0.153 -0.338 -0.449 -0.398 -0.194 -0.089 -0.01 0.111 0.266 0.404 0.564 0.745 0.948 0.992 0.815 0.75 0.822 0.776 0.654 0.483 0.193 -0.117 -0.311 -0.263 -0.064 0.133 0.302 0.416 0.458 0.331 -0.015 -0.292 -0.331 -0.351 -0.273 -0.105 0.073 0.221 0.311 0.482 0.526 0.428 0.306 0.214 0.261 0.236 0.145 0.118 0.223 0.276 0.236 0.289 0.245 0.147 0.048 -0.053 -0.145 -0.26 -0.332 -0.383 -0.376 -0.337 -0.277 -0.284 -0.31 -0.281 -0.275 -0.176
-0.316 -0.549 -0.653 -0.571 -0.394 -0.201 -0.044 0.008 -0.077 -0.268 -0.436 -0.475 -0.363 -0.223 -0.024 0.125 0.339 0.502 0.609 0.716 0.945 0.988 0.761 0.624 0.719 0.683 0.652 0.565 0.334 -0.046 -0.349 -0.389 -0.185 -0.031 0.215 0.348 0.411 0.311 0.026 -0.301 -0.383 -0.413 -0.329 -0.181 -0.025 0.147 0.255 0.401 0.513 0.477 0.391 0.231 0.248 0.23 0.153 0.154 0.256 0.315 0.296 0.305 0.237 0.108 -0.022 -0.162 -0.281 -0.373 -0.41 -0.369 -0.281 -0.204 -0.187 -0.182 -0.283 -0.292 -0.269 -0.173
-0.161 -0.416 -0.595 -0.62 -0.526 -0.358 -0.181 -0.054 -0.087 -0.253 -0.443 -0.52 -0.44 -0.23 0.009 0.177 0.332 0.485 0.626 0.768 0.922 0.934 0.703 0.538 0.551 0.509 0.528 0.505 0.284 -0.055 -0.356 -0.438 -0.289 -0.093 0.123 0.26 0.362 0.342 0.116 -0.252 -0.439 -0.463 -0.409 -0.309 -0.145 0.071 0.215 0.311 0.443 0.477 0.393 0.244 0.214 0.193 0.139 0.161 0.254 0.288 0.26 0.218 0.143 0.016 -0.132 -0.328 -0.454 -0.454 -0.418 -0.309 -0.166 -0.094 -0.114 -0.101 -0.209 -0.287 -0.259 -0.179
-0.003 -0.174 -0.41 -0.577 -0.597 -0.501 -0.359 -0.193 -0.162 -0.289 -0.469 -0.551 -0.475 -0.252 -0.021 0.187 0.357 0.495 0.629 0.793 0.891 0.849 0.607 0.488 0.445 0.399 0.467 0.471 0.289 -0.035 -0.358 -0.471 -0.34 -0.11 0.091 0.227 0.373 0.371 0.166 -0.225 -0.444 -0.429 -0.39 -0.337 -0.2 0.016 0.15 0.21 0.361 0.401 0.302 0.229 0.148 0.11 0.104 0.128 0.2 0.202 0.19 0.141 0.059 -0.007 -0.156 -0.423 -0.512 -0.402 -0.353 -0.281 -0.079 0.008 -0.038 -0.037 -0.112 -0.273 -0.248 -0.175
0.2 0.117 -0.155 -0.43 -0.584 -0.591 -0.524 -0.361 -0.263 -0.36 -0.523 -0.585 -0.501 -0.346 -0.17 0.051 0.278 0.463 0.647 0.822 0.811 0.726 0.474 0.463 0.437 0.396 0.463 0.439 0.28 -0.032 -0.366 -0.495 -0.373 -0.148 0.063 0.205 0.368 0.388 0.197 -0.202 -0.46 -0.45 -0.394 -0.338 -0.229 -0.052 0.046 0.119 0.243 0.258 0.222 0.177 0.111 0.033 0.019 0.046 0.067 0.112 0.139 0.075 -0.026 -0.151 -0.292 -0.489 -0.508 -0.347 -0.251 -0.221 -0.064 0.056 0.028 -0.006 -0.02 -0.205 -0.252 -0.169
0.351 0.248 0.061 -0.145 -0.396 -0.556 -0.609 -0.531 -0.416 -0.447 -0.567 -0.584 -0.462 -0.3 -0.176 -0.019 0.163 0.363 0.547 0.688 0.781 0.665 0.395 0.314 0.291 0.295 0.371 0.348 0.178 -0.118 -0.399 -0.476 -0.376 -0.179 0.011 0.122 0.273 0.371 0.193 -0.156 -0.49 -0.532 -0.476 -0.414 -0.319 -0.149 -0.059 0.009 0.069 0.097 0.137 0.077 0.051 -0.03 -0.047 -0.072 -0.071 -0.062 -0.05 -0.099 -0.202 -0.355 -0.461 -0.552 -0.482 -0.292 -0.156 -0.136 -0.03 0.097 0.081 0.023 0.039 -0.132 -0.241 -0.193
0.372 0.31 0.326 0.168 -0.118 -0.373 -0.594 -0.638 -0.571 -0.537 -0.621 -0.576 -0.397 -0.149 -0.026 0.134 0.237 0.37 0.611 0.69 0.78 0.621 0.304 0.192 0.211 0.236 0.301 0.278 0.094 -0.213 -0.441 -0.459 -0.379 -0.218 -0.052 0.064 0.193 0.272 0.153 -0.147 -0.5 -0.6 -0.521 -0.45 -0.374 -0.27 -0.207 -0.188 -0.164 -0.105 -0.058 -0.112 -0.17 -0.214 -0.256 -0.29 -0.31 -0.326 -0.327 -0.363 -0.452 -0.54 -0.576 -0.543 -0.393 -0.213 -0.082 -0.039 0.065 0.123 0.148 0.055 0.06 -0.082 -0.228 -0.203
