data/climatemaps/RS_maps/climate_breeding_pr_2008.asc
NCOLS 369 
NROWS 228 
XLLCORNER 479000 
YLLCORNER 73000 
CELLSIZE 1000 
NODATA_value -9 
[rows 34 to 67 of 228, columns 152 to 227 of 369]
-1.12 -1.12 -1.119 -1.133 -1.156 -1.177 -1.191 -1.196 -1.197 -1.199 -1.206 -1.215 -1.23 -1.243 -1.253 -1.247 -1.224 -1.237 -1.233 -1.201 -1.202 -1.206 -1.174 -1.158 -1.115 -1.099 -1.099 -1.147 -1.219 -1.255 -1.263 -1.237 -1.192 -1.111 -1.031 -0.986 -0.958 -0.951 -0.951 -0.972 -0.969 -0.992 -1.002 -1.022 -1.039 -1.069 -1.106 -1.125 -1.128 -1.132 -1.125 -1.093 -1.052 -1.017 -0.95 -0.876 -0.826 -0.806 -0.791 -0.79 -0.814 -0.874 -0.944 -0.997 -1.025 -1.029 -1.01 -0.982 -0.962 -0.967 -0.975 -0.976 -0.972 -0.971 -0.971 -0.972
-1.101 -1.106 -1.098 -1.1 -1.12 -1.149 -1.165 -1.182 -1.195 -1.208 -1.224 -1.234 -1.246 -1.257 -1.266 -1.254 -1.229 -1.212 -1.212 -1.172 -1.158 -1.155 -1.11 -1.091 -1.064 -1.046 -1.064 -1.12 -1.185 -1.219 -1.224 -1.184 -1.131 -1.056 -0.981 -0.933 -0.89 -0.881 -0.885 -0.898 -0.904 -0.906 -0.931 -0.939 -0.957 -0.99 -1.053 -1.083 -1.09 -1.102 -1.101 -1.073 -1.023 -0.974 -0.933 -0.863 -0.798 -0.754 -0.736 -0.749 -0.784 -0.852 -0.921 -0.979 -1.013 -1.021 -1.01 -0.984 -0.961 -0.952 -0.945 -0.934 -0.921 -0.9 -0.893 -0.896
-1.075 -1.075 -1.073 -1.075 -1.076 -1.101 -1.128 -1.139 -1.154 -1.178 -1.209 -1.234 -1.241 -1.246 -1.26 -1.244 -1.206 -1.184 -1.176 -1.116 -1.084 -1.086 -1.051 -1.031 -1.009 -1.011 -1.044 -1.111 -1.164 -1.191 -1.178 -1.125 -1.054 -0.981 -0.931 -0.891 -0.851 -0.835 -0.842 -0.843 -0.839 -0.831 -0.835 -0.876 -0.898 -0.939 -1.004 -1.046 -1.062 -1.083 -1.084 -1.058 -1.008 -0.937 -0.895 -0.851 -0.798 -0.759 -0.734 -0.745 -0.789 -0.844 -0.895 -0.957 -0.99 -1 -0.992 -0.981 -0.967 -0.951 -0.93 -0.902 -0.869 -0.834 -0.813 -0.812
-1.052 -1.035 -1.032 -1.044 -1.046 -1.051 -1.071 -1.09 -1.106 -1.13 -1.168 -1.213 -1.236 -1.238 -1.234 -1.224 -1.172 -1.141 -1.117 -1.076 -1.034 -1.019 -1.002 -0.991 -1.007 -1.023 -1.038 -1.109 -1.155 -1.162 -1.115 -1.058 -0.972 -0.89 -0.85 -0.839 -0.834 -0.822 -0.83 -0.808 -0.779 -0.765 -0.759 -0.787 -0.834 -0.881 -0.955 -1.013 -1.043 -1.066 -1.068 -1.046 -0.995 -0.917 -0.854 -0.825 -0.785 -0.747 -0.745 -0.756 -0.78 -0.823 -0.874 -0.929 -0.956 -0.98 -0.969 -0.959 -0.962 -0.948 -0.919 -0.875 -0.82 -0.776 -0.741 -0.738
-1.028 -1.001 -0.987 -0.985 -0.999 -1.014 -1.014 -1.028 -1.051 -1.074 -1.119 -1.179 -1.219 -1.223 -1.194 -1.186 -1.156 -1.123 -1.097 -1.045 -0.989 -0.971 -0.971 -0.984 -1.008 -1.049 -1.082 -1.117 -1.147 -1.137 -1.086 -1.017 -0.924 -0.837 -0.792 -0.794 -0.812 -0.813 -0.812 -0.786 -0.738 -0.712 -0.697 -0.719 -0.771 -0.834 -0.911 -0.982 -1.02 -1.046 -1.048 -1.031 -0.98 -0.9 -0.826 -0.799 -0.766 -0.711 -0.705 -0.714 -0.728 -0.767 -0.828 -0.878 -0.916 -0.954 -0.956 -0.948 -0.953 -0.935 -0.903 -0.85 -0.788 -0.732 -0.69 -0.678
-0.997 -0.976 -0.952 -0.938 -0.948 -0.973 -0.971 -0.966 -0.979 -1.019 -1.087 -1.151 -1.192 -1.21 -1.206 -1.191 -1.16 -1.134 -1.104 -1.035 -0.972 -0.925 -0.924 -0.932 -0.983 -1.048 -1.085 -1.101 -1.135 -1.141 -1.098 -1.014 -0.918 -0.83 -0.777 -0.781 -0.797 -0.795 -0.771 -0.75 -0.722 -0.691 -0.671 -0.682 -0.735 -0.804 -0.882 -0.954 -0.998 -1.021 -1.024 -1.012 -0.969 -0.89 -0.814 -0.776 -0.752 -0.695 -0.667 -0.654 -0.65 -0.689 -0.738 -0.796 -0.857 -0.904 -0.926 -0.936 -0.935 -0.9 -0.864 -0.82 -0.753 -0.667 -0.603 -0.607
-0.966 -0.941 -0.927 -0.915 -0.92 -0.935 -0.925 -0.897 -0.908 -0.98 -1.063 -1.123 -1.147 -1.157 -1.169 -1.162 -1.158 -1.137 -1.095 -1.037 -0.966 -0.905 -0.898 -0.921 -0.971 -1.045 -1.073 -1.097 -1.139 -1.135 -1.101 -1.041 -0.956 -0.869 -0.802 -0.787 -0.789 -0.774 -0.735 -0.699 -0.671 -0.65 -0.643 -0.657 -0.71 -0.784 -0.86 -0.926 -0.968 -0.993 -1 -0.992 -0.958 -0.886 -0.813 -0.765 -0.736 -0.693 -0.65 -0.611 -0.586 -0.604 -0.632 -0.697 -0.783 -0.824 -0.856 -0.893 -0.9 -0.866 -0.819 -0.773 -0.699 -0.606 -0.517 -0.507
-0.97 -0.942 -0.94 -0.921 -0.913 -0.895 -0.875 -0.866 -0.904 -0.964 -1.035 -1.08 -1.092 -1.109 -1.134 -1.126 -1.118 -1.099 -1.062 -1.002 -0.93 -0.879 -0.881 -0.913 -0.976 -1.048 -1.086 -1.113 -1.13 -1.114 -1.071 -1.03 -0.969 -0.909 -0.856 -0.814 -0.789 -0.762 -0.72 -0.681 -0.646 -0.619 -0.609 -0.626 -0.68 -0.76 -0.834 -0.894 -0.934 -0.958 -0.971 -0.969 -0.948 -0.892 -0.823 -0.768 -0.713 -0.674 -0.625 -0.582 -0.542 -0.534 -0.54 -0.611 -0.699 -0.734 -0.764 -0.805 -0.836 -0.828 -0.782 -0.716 -0.648 -0.555 -0.466 -0.435
-1.014 -0.993 -0.979 -0.946 -0.93 -0.891 -0.87 -0.863 -0.902 -0.951 -1.001 -1.033 -1.053 -1.064 -1.079 -1.076 -1.05 -1.03 -0.983 -0.926 -0.873 -0.84 -0.867 -0.924 -0.996 -1.056 -1.085 -1.1 -1.111 -1.09 -1.044 -0.997 -0.949 -0.912 -0.894 -0.857 -0.817 -0.791 -0.76 -0.722 -0.694 -0.66 -0.635 -0.633 -0.669 -0.737 -0.804 -0.858 -0.896 -0.917 -0.937 -0.942 -0.935 -0.902 -0.842 -0.784 -0.72 -0.665 -0.606 -0.555 -0.513 -0.488 -0.484 -0.531 -0.616 -0.656 -0.683 -0.722 -0.753 -0.758 -0.734 -0.683 -0.597 -0.502 -0.417 -0.36
-1.071 -1.051 -1.024 -1 -0.961 -0.93 -0.895 -0.872 -0.898 -0.915 -0.963 -0.993 -0.999 -0.997 -1.007 -0.996 -0.96 -0.936 -0.882 -0.837 -0.797 -0.797 -0.861 -0.943 -1.002 -1.042 -1.066 -1.078 -1.087 -1.074 -1.04 -0.99 -0.949 -0.914 -0.906 -0.887 -0.863 -0.839 -0.813 -0.791 -0.772 -0.737 -0.705 -0.682 -0.692 -0.725 -0.776 -0.82 -0.854 -0.873 -0.897 -0.909 -0.914 -0.902 -0.867 -0.815 -0.747 -0.679 -0.619 -0.559 -0.51 -0.471 -0.454 -0.476 -0.533 -0.556 -0.616 -0.639 -0.662 -0.672 -0.674 -0.628 -0.565 -0.475 -0.389 -0.31
-1.101 -1.077 -1.047 -1.017 -0.996 -0.957 -0.909 -0.878 -0.881 -0.874 -0.909 -0.937 -0.921 -0.895 -0.902 -0.893 -0.849 -0.826 -0.775 -0.742 -0.726 -0.774 -0.859 -0.946 -0.993 -1.025 -1.052 -1.058 -1.06 -1.062 -1.044 -1.006 -0.968 -0.92 -0.905 -0.893 -0.875 -0.853 -0.828 -0.833 -0.824 -0.803 -0.778 -0.753 -0.744 -0.748 -0.768 -0.785 -0.805 -0.826 -0.849 -0.87 -0.884 -0.886 -0.869 -0.834 -0.781 -0.716 -0.653 -0.597 -0.535 -0.486 -0.453 -0.457 -0.488 -0.476 -0.506 -0.505 -0.524 -0.575 -0.599 -0.577 -0.537 -0.478 -0.406 -0.334
-1.093 -1.079 -1.054 -1.021 -0.993 -0.963 -0.914 -0.867 -0.847 -0.805 -0.814 -0.847 -0.823 -0.787 -0.789 -0.792 -0.742 -0.717 -0.699 -0.691 -0.709 -0.78 -0.868 -0.95 -0.991 -1.026 -1.043 -1.041 -1.037 -1.041 -1.04 -1.017 -0.984 -0.936 -0.885 -0.86 -0.856 -0.839 -0.828 -0.839 -0.84 -0.832 -0.82 -0.801 -0.784 -0.776 -0.779 -0.782 -0.78 -0.782 -0.796 -0.827 -0.851 -0.861 -0.85 -0.823 -0.786 -0.751 -0.699 -0.641 -0.584 -0.528 -0.485 -0.475 -0.468 -0.429 -0.416 -0.406 -0.427 -0.457 -0.49 -0.519 -0.517 -0.489 -0.446 -0.39
-1.084 -1.058 -1.041 -1.017 -0.985 -0.943 -0.895 -0.825 -0.791 -0.73 -0.711 -0.74 -0.721 -0.711 -0.703 -0.709 -0.677 -0.668 -0.682 -0.691 -0.714 -0.783 -0.876 -0.96 -0.986 -1.013 -1.029 -1.024 -1.018 -1.021 -1.025 -1.013 -0.992 -0.95 -0.878 -0.823 -0.812 -0.805 -0.802 -0.808 -0.814 -0.817 -0.815 -0.809 -0.8 -0.793 -0.786 -0.782 -0.779 -0.771 -0.766 -0.784 -0.811 -0.829 -0.825 -0.801 -0.771 -0.751 -0.727 -0.684 -0.624 -0.574 -0.524 -0.497 -0.465 -0.412 -0.368 -0.346 -0.357 -0.353 -0.37 -0.421 -0.435 -0.441 -0.436 -0.409
-1.077 -1.039 -1.008 -0.984 -0.948 -0.893 -0.839 -0.755 -0.704 -0.656 -0.639 -0.644 -0.64 -0.67 -0.675 -0.685 -0.659 -0.666 -0.687 -0.686 -0.713 -0.79 -0.892 -0.982 -0.993 -0.994 -1.006 -1.006 -0.998 -1 -1.009 -1.006 -0.99 -0.957 -0.894 -0.811 -0.758 -0.744 -0.749 -0.77 -0.803 -0.819 -0.825 -0.814 -0.796 -0.785 -0.778 -0.772 -0.764 -0.758 -0.755 -0.76 -0.775 -0.792 -0.795 -0.775 -0.756 -0.746 -0.737 -0.707 -0.661 -0.615 -0.562 -0.522 -0.478 -0.427 -0.368 -0.325 -0.298 -0.286 -0.275 -0.318 -0.338 -0.338 -0.375 -0.382
-1.05 -1.007 -0.965 -0.929 -0.881 -0.809 -0.749 -0.68 -0.617 -0.603 -0.61 -0.61 -0.62 -0.673 -0.719 -0.733 -0.718 -0.726 -0.728 -0.741 -0.781 -0.856 -0.937 -1.01 -1.023 -1.01 -0.991 -0.984 -0.983 -0.98 -0.989 -0.999 -0.987 -0.961 -0.913 -0.828 -0.73 -0.673 -0.672 -0.702 -0.75 -0.802 -0.833 -0.834 -0.827 -0.781 -0.757 -0.742 -0.73 -0.729 -0.729 -0.736 -0.747 -0.758 -0.756 -0.739 -0.727 -0.725 -0.726 -0.71 -0.675 -0.637 -0.595 -0.549 -0.499 -0.452 -0.388 -0.329 -0.27 -0.232 -0.212 -0.243 -0.254 -0.249 -0.291 -0.337
-1 -0.95 -0.894 -0.858 -0.808 -0.739 -0.666 -0.64 -0.597 -0.596 -0.625 -0.646 -0.676 -0.719 -0.777 -0.815 -0.829 -0.843 -0.847 -0.862 -0.892 -0.94 -0.991 -1.034 -1.048 -1.039 -1.011 -0.984 -0.967 -0.956 -0.964 -0.979 -0.979 -0.962 -0.927 -0.847 -0.733 -0.634 -0.587 -0.62 -0.674 -0.741 -0.802 -0.833 -0.839 -0.819 -0.783 -0.748 -0.715 -0.7 -0.697 -0.716 -0.721 -0.717 -0.707 -0.691 -0.678 -0.677 -0.688 -0.695 -0.679 -0.649 -0.617 -0.572 -0.519 -0.474 -0.417 -0.349 -0.276 -0.201 -0.187 -0.173 -0.177 -0.173 -0.201 -0.254
-0.929 -0.867 -0.801 -0.78 -0.716 -0.664 -0.629 -0.625 -0.623 -0.614 -0.65 -0.708 -0.743 -0.78 -0.844 -0.892 -0.916 -0.93 -0.935 -0.944 -0.963 -0.991 -1.019 -1.043 -1.052 -1.035 -1.011 -0.983 -0.936 -0.913 -0.913 -0.931 -0.952 -0.953 -0.929 -0.871 -0.75 -0.62 -0.532 -0.535 -0.591 -0.665 -0.74 -0.79 -0.814 -0.806 -0.785 -0.76 -0.729 -0.699 -0.686 -0.7 -0.691 -0.657 -0.634 -0.615 -0.601 -0.6 -0.62 -0.648 -0.661 -0.654 -0.636 -0.594 -0.538 -0.49 -0.443 -0.377 -0.299 -0.217 -0.177 -0.118 -0.101 -0.092 -0.109 -0.172
-0.858 -0.796 -0.744 -0.705 -0.645 -0.636 -0.651 -0.653 -0.684 -0.706 -0.733 -0.785 -0.827 -0.867 -0.918 -0.955 -0.978 -0.988 -0.99 -0.993 -1.004 -1.018 -1.031 -1.044 -1.043 -1.021 -0.996 -0.974 -0.935 -0.898 -0.894 -0.886 -0.908 -0.932 -0.92 -0.876 -0.774 -0.636 -0.514 -0.481 -0.514 -0.582 -0.66 -0.725 -0.75 -0.75 -0.745 -0.737 -0.724 -0.712 -0.707 -0.703 -0.67 -0.598 -0.55 -0.519 -0.497 -0.499 -0.526 -0.568 -0.608 -0.634 -0.637 -0.614 -0.566 -0.505 -0.453 -0.4 -0.329 -0.251 -0.174 -0.097 -0.046 -0.02 -0.042 -0.095
-0.76 -0.733 -0.694 -0.644 -0.618 -0.644 -0.696 -0.735 -0.77 -0.787 -0.807 -0.863 -0.902 -0.937 -0.967 -0.997 -1.017 -1.026 -1.024 -1.021 -1.022 -1.023 -1.03 -1.031 -1.025 -0.997 -0.966 -0.949 -0.927 -0.9 -0.875 -0.861 -0.874 -0.904 -0.905 -0.878 -0.799 -0.668 -0.529 -0.465 -0.466 -0.509 -0.571 -0.645 -0.658 -0.659 -0.669 -0.682 -0.683 -0.684 -0.693 -0.698 -0.667 -0.586 -0.509 -0.434 -0.379 -0.368 -0.406 -0.461 -0.522 -0.576 -0.609 -0.609 -0.581 -0.528 -0.46 -0.41 -0.35 -0.282 -0.196 -0.106 -0.04 -0.005 -0.004 0.004
-0.657 -0.672 -0.659 -0.645 -0.671 -0.721 -0.762 -0.81 -0.843 -0.858 -0.886 -0.93 -0.944 -0.959 -0.983 -1.013 -1.027 -1.035 -1.024 -1.014 -1.008 -0.997 -1.01 -1.004 -0.996 -0.967 -0.925 -0.91 -0.896 -0.882 -0.86 -0.838 -0.849 -0.874 -0.884 -0.873 -0.819 -0.709 -0.577 -0.49 -0.458 -0.455 -0.495 -0.563 -0.58 -0.576 -0.576 -0.593 -0.612 -0.626 -0.648 -0.669 -0.665 -0.606 -0.504 -0.383 -0.284 -0.235 -0.25 -0.323 -0.41 -0.49 -0.551 -0.581 -0.579 -0.542 -0.476 -0.406 -0.355 -0.301 -0.228 -0.142 -0.068 -0.006 0.052 0.102
-0.606 -0.647 -0.683 -0.706 -0.745 -0.792 -0.835 -0.877 -0.908 -0.934 -0.959 -0.97 -0.961 -0.977 -1.001 -1.014 -1.02 -1.019 -1.008 -0.983 -0.969 -0.962 -0.977 -0.971 -0.954 -0.923 -0.889 -0.86 -0.853 -0.85 -0.844 -0.824 -0.823 -0.839 -0.854 -0.855 -0.828 -0.751 -0.63 -0.538 -0.465 -0.413 -0.43 -0.481 -0.505 -0.503 -0.487 -0.474 -0.501 -0.545 -0.587 -0.627 -0.649 -0.617 -0.522 -0.381 -0.247 -0.139 -0.109 -0.151 -0.269 -0.379 -0.467 -0.524 -0.554 -0.541 -0.496 -0.42 -0.357 -0.312 -0.252 -0.173 -0.074 0.011 0.102 0.197
-0.552 -0.624 -0.698 -0.765 -0.817 -0.856 -0.893 -0.922 -0.945 -0.963 -0.975 -0.972 -0.961 -0.983 -1.002 -1.008 -0.991 -0.976 -0.976 -0.954 -0.928 -0.915 -0.933 -0.932 -0.915 -0.879 -0.845 -0.804 -0.803 -0.81 -0.813 -0.812 -0.801 -0.8 -0.815 -0.822 -0.817 -0.774 -0.673 -0.574 -0.474 -0.394 -0.375 -0.407 -0.436 -0.431 -0.413 -0.37 -0.369 -0.443 -0.516 -0.573 -0.618 -0.611 -0.54 -0.403 -0.247 -0.095 -0.01 -0.003 -0.103 -0.245 -0.359 -0.444 -0.5 -0.514 -0.488 -0.433 -0.359 -0.312 -0.263 -0.193 -0.066 0.044 0.15 0.239
-0.592 -0.66 -0.741 -0.811 -0.859 -0.886 -0.914 -0.928 -0.933 -0.937 -0.942 -0.94 -0.939 -0.972 -0.987 -0.987 -0.947 -0.926 -0.921 -0.923 -0.898 -0.873 -0.878 -0.89 -0.882 -0.856 -0.809 -0.756 -0.743 -0.756 -0.768 -0.773 -0.773 -0.767 -0.771 -0.777 -0.79 -0.775 -0.707 -0.604 -0.502 -0.406 -0.359 -0.35 -0.361 -0.352 -0.344 -0.313 -0.269 -0.33 -0.435 -0.509 -0.573 -0.593 -0.546 -0.417 -0.259 -0.099 0.041 0.109 0.062 -0.09 -0.231 -0.347 -0.429 -0.469 -0.468 -0.428 -0.359 -0.306 -0.264 -0.199 -0.098 0.038 0.172 0.256
-0.671 -0.74 -0.797 -0.848 -0.888 -0.896 -0.898 -0.89 -0.88 -0.871 -0.878 -0.888 -0.903 -0.941 -0.96 -0.96 -0.917 -0.886 -0.866 -0.876 -0.857 -0.824 -0.818 -0.835 -0.839 -0.825 -0.778 -0.722 -0.693 -0.703 -0.715 -0.714 -0.726 -0.73 -0.729 -0.732 -0.748 -0.757 -0.723 -0.639 -0.536 -0.439 -0.362 -0.31 -0.29 -0.264 -0.28 -0.239 -0.202 -0.208 -0.342 -0.426 -0.514 -0.56 -0.544 -0.43 -0.272 -0.11 0.047 0.189 0.192 0.07 -0.089 -0.23 -0.343 -0.412 -0.432 -0.407 -0.356 -0.309 -0.261 -0.199 -0.115 0.007 0.137 0.245
-0.744 -0.783 -0.815 -0.869 -0.904 -0.893 -0.883 -0.855 -0.827 -0.811 -0.816 -0.826 -0.85 -0.896 -0.924 -0.93 -0.891 -0.848 -0.822 -0.83 -0.812 -0.779 -0.762 -0.767 -0.778 -0.778 -0.753 -0.707 -0.668 -0.66 -0.663 -0.646 -0.646 -0.669 -0.683 -0.69 -0.703 -0.726 -0.721 -0.674 -0.579 -0.474 -0.379 -0.3 -0.247 -0.201 -0.221 -0.162 -0.124 -0.127 -0.246 -0.328 -0.427 -0.512 -0.535 -0.453 -0.321 -0.166 0.017 0.191 0.256 0.209 0.062 -0.104 -0.24 -0.338 -0.394 -0.385 -0.349 -0.302 -0.254 -0.197 -0.123 -0.023 0.119 0.26
-0.793 -0.798 -0.817 -0.891 -0.92 -0.919 -0.909 -0.879 -0.831 -0.791 -0.769 -0.763 -0.792 -0.842 -0.879 -0.896 -0.863 -0.816 -0.779 -0.787 -0.765 -0.739 -0.715 -0.697 -0.698 -0.72 -0.722 -0.696 -0.656 -0.636 -0.607 -0.577 -0.549 -0.572 -0.615 -0.638 -0.65 -0.676 -0.697 -0.683 -0.615 -0.514 -0.412 -0.32 -0.225 -0.19 -0.174 -0.087 -0.048 -0.02 -0.149 -0.234 -0.327 -0.449 -0.504 -0.476 -0.37 -0.204 -0.031 0.141 0.279 0.3 0.189 0.026 -0.131 -0.253 -0.335 -0.356 -0.337 -0.29 -0.239 -0.19 -0.127 -0.041 0.095 0.248
-0.849 -0.847 -0.864 -0.91 -0.93 -0.939 -0.933 -0.897 -0.829 -0.764 -0.712 -0.696 -0.727 -0.778 -0.824 -0.854 -0.826 -0.78 -0.748 -0.754 -0.727 -0.686 -0.649 -0.629 -0.624 -0.651 -0.678 -0.68 -0.649 -0.622 -0.564 -0.501 -0.464 -0.457 -0.521 -0.567 -0.599 -0.627 -0.659 -0.67 -0.632 -0.547 -0.459 -0.348 -0.264 -0.217 -0.119 -0.025 0.021 0.106 -0.015 -0.131 -0.221 -0.365 -0.454 -0.47 -0.396 -0.247 -0.071 0.104 0.28 0.353 0.267 0.133 -0.024 -0.166 -0.268 -0.312 -0.315 -0.277 -0.227 -0.176 -0.121 -0.049 0.059 0.201
-0.909 -0.907 -0.906 -0.915 -0.925 -0.937 -0.937 -0.899 -0.824 -0.749 -0.681 -0.657 -0.676 -0.72 -0.775 -0.808 -0.79 -0.745 -0.707 -0.707 -0.695 -0.648 -0.603 -0.566 -0.556 -0.562 -0.622 -0.649 -0.632 -0.595 -0.523 -0.426 -0.362 -0.34 -0.406 -0.476 -0.534 -0.578 -0.615 -0.643 -0.628 -0.573 -0.496 -0.393 -0.321 -0.208 -0.072 0.026 0.105 0.217 0.113 -0.002 -0.101 -0.257 -0.383 -0.438 -0.416 -0.298 -0.146 0.028 0.218 0.339 0.301 0.187 0.054 -0.084 -0.19 -0.257 -0.282 -0.258 -0.215 -0.16 -0.107 -0.044 0.036 0.15
-0.939 -0.92 -0.902 -0.902 -0.91 -0.924 -0.931 -0.903 -0.834 -0.754 -0.667 -0.626 -0.636 -0.659 -0.729 -0.751 -0.751 -0.724 -0.667 -0.641 -0.642 -0.62 -0.577 -0.537 -0.495 -0.489 -0.56 -0.609 -0.604 -0.565 -0.479 -0.36 -0.264 -0.229 -0.279 -0.364 -0.446 -0.507 -0.563 -0.606 -0.607 -0.574 -0.513 -0.436 -0.358 -0.232 -0.072 0.076 0.168 0.318 0.255 0.123 0.008 -0.126 -0.282 -0.377 -0.407 -0.34 -0.225 -0.081 0.086 0.24 0.279 0.202 0.087 -0.032 -0.119 -0.182 -0.222 -0.221 -0.19 -0.143 -0.093 -0.043 0.022 0.112
-0.938 -0.906 -0.886 -0.881 -0.889 -0.899 -0.918 -0.901 -0.838 -0.748 -0.671 -0.625 -0.606 -0.602 -0.675 -0.714 -0.69 -0.675 -0.633 -0.574 -0.544 -0.554 -0.546 -0.508 -0.466 -0.44 -0.512 -0.57 -0.576 -0.529 -0.447 -0.317 -0.175 -0.121 -0.137 -0.229 -0.34 -0.422 -0.497 -0.559 -0.575 -0.561 -0.512 -0.442 -0.375 -0.261 -0.085 0.079 0.219 0.376 0.382 0.264 0.125 0.015 -0.145 -0.285 -0.357 -0.36 -0.295 -0.192 -0.063 0.074 0.156 0.161 0.083 -0.014 -0.077 -0.117 -0.153 -0.167 -0.15 -0.115 -0.074 -0.043 0.005 0.076
-0.931 -0.89 -0.866 -0.868 -0.867 -0.874 -0.898 -0.891 -0.844 -0.765 -0.676 -0.631 -0.572 -0.55 -0.611 -0.666 -0.652 -0.612 -0.57 -0.501 -0.426 -0.433 -0.464 -0.459 -0.408 -0.387 -0.466 -0.535 -0.552 -0.504 -0.417 -0.284 -0.113 -0.017 -0.011 -0.082 -0.214 -0.324 -0.416 -0.501 -0.534 -0.538 -0.503 -0.437 -0.373 -0.269 -0.11 0.09 0.244 0.352 0.46 0.419 0.272 0.15 0.022 -0.159 -0.272 -0.324 -0.323 -0.274 -0.196 -0.104 -0.027 0.032 0.039 -0.013 -0.056 -0.073 -0.097 -0.11 -0.098 -0.081 -0.053 -0.033 -0.004 0.045
-0.905 -0.87 -0.849 -0.851 -0.84 -0.839 -0.863 -0.875 -0.848 -0.769 -0.683 -0.622 -0.543 -0.508 -0.56 -0.622 -0.609 -0.558 -0.493 -0.42 -0.323 -0.303 -0.341 -0.382 -0.383 -0.367 -0.42 -0.493 -0.521 -0.49 -0.39 -0.262 -0.084 0.065 0.103 0.057 -0.07 -0.21 -0.317 -0.43 -0.482 -0.503 -0.485 -0.436 -0.371 -0.267 -0.123 0.067 0.237 0.352 0.466 0.519 0.429 0.284 0.195 0.01 -0.153 -0.241 -0.29 -0.299 -0.277 -0.234 -0.184 -0.126 -0.065 -0.039 -0.044 -0.047 -0.055 -0.077 -0.064 -0.047 -0.033 -0.019 -0.002 0.023
-0.878 -0.852 -0.831 -0.829 -0.812 -0.8 -0.819 -0.847 -0.843 -0.785 -0.697 -0.617 -0.545 -0.484 -0.517 -0.575 -0.565 -0.514 -0.435 -0.338 -0.231 -0.173 -0.192 -0.247 -0.306 -0.333 -0.351 -0.423 -0.478 -0.47 -0.378 -0.253 -0.073 0.12 0.204 0.182 0.074 -0.077 -0.212 -0.344 -0.422 -0.457 -0.452 -0.418 -0.366 -0.27 -0.129 0.044 0.188 0.319 0.439 0.522 0.555 0.42 0.322 0.211 0.026 -0.105 -0.2 -0.253 -0.274 -0.275 -0.258 -0.229 -0.177 -0.112 -0.06 -0.051 -0.054 -0.07 -0.065 -0.049 -0.025 -0.01 -0.001 0.007
-0.85 -0.816 -0.798 -0.799 -0.785 -0.775 -0.781 -0.808 -0.822 -0.792 -0.726 -0.623 -0.533 -0.465 -0.477 -0.528 -0.531 -0.476 -0.384 -0.253 -0.153 -0.068 -0.028 -0.061 -0.163 -0.232 -0.247 -0.314 -0.413 -0.435 -0.372 -0.25 -0.077 0.136 0.281 0.296 0.208 0.067 -0.098 -0.245 -0.352 -0.405 -0.415 -0.384 -0.346 -0.273 -0.156 0.014 0.151 0.28 0.396 0.481 0.595 0.562 0.423 0.364 0.249 0.082 -0.053 -0.141 -0.205 -0.245 -0.256 -0.253 -0.235 -0.196 -0.147 -0.108 -0.096 -0.097 -0.093 -0.072 -0.035 -0.014 -0.01 0.002
