data/climatemaps/RS_maps/climate_breeding_pr_2001.asc
NCOLS 369 
NROWS 228 
XLLCORNER 479000 
YLLCORNER 73000 
CELLSIZE 1000 
NODATA_value -9 
[rows 102 to 135 of 228, columns 156 to 233 of 369]
1.141 1.259 1.256 1.188 1.01 0.814 0.621 0.452 0.355 0.495 0.851 1.115 1.189 1.273 1.447 1.63 1.614 1.314 1.394 1.626 1.825 1.94 2.017 1.903 1.537 1.188 0.922 0.763 0.656 0.641 0.694 0.736 1.216 1.919 2.215 2.213 1.711 1.126 1.153 1.59 2.055 2.448 2.517 2.802 2.888 2.58 2.141 2.181 2.331 2.409 2.027 1.345 1.006 0.827 0.852 1.294 1.771 2.078 2.378 2.712 2.987 3.265 3.527 3.589 3.353 3.002 2.755 3.046 2.922 2.583 2.189 1.57 1.7 2.046 2.228 2.523 2.891 3.179
1.068 1.17 1.104 1.009 0.872 0.775 0.724 0.637 0.438 0.591 0.957 1.145 1.326 1.611 1.747 1.774 1.594 1.546 1.691 1.736 1.744 1.834 1.876 1.85 1.667 1.273 0.941 0.719 0.616 0.628 0.646 0.809 1.471 2.244 2.402 2.206 1.687 1.189 1.152 1.485 1.943 2.525 2.821 3.126 3.296 3.053 2.627 2.492 2.412 2.313 1.966 1.482 1.061 0.8 0.769 1.061 1.502 1.865 2.367 2.726 2.935 3.277 3.428 3.353 3.272 3.056 3.048 3.193 3.145 3.001 2.664 1.915 1.885 2.171 2.279 2.425 2.605 2.821
0.908 0.934 0.887 0.845 0.865 0.948 1.031 0.974 0.622 0.661 0.899 1.197 1.594 2.004 2.052 2.04 1.894 1.917 1.842 1.705 1.824 1.914 2.034 2.057 1.792 1.272 0.905 0.675 0.603 0.595 0.648 0.915 1.469 2.166 2.384 2.287 1.897 1.275 1.185 1.63 2.019 2.506 3.092 3.553 3.775 3.517 3.028 2.517 2.077 1.87 1.68 1.484 1.105 0.777 0.679 0.792 1.18 1.575 2.083 2.453 2.708 2.986 3.123 3.164 3.101 3.017 3.278 3.353 3.36 3.344 2.98 2.303 2.022 2.15 2.354 2.462 2.71 2.712
0.755 0.77 0.722 0.808 0.978 1.205 1.359 1.206 0.71 0.714 0.909 1.34 1.921 2.111 2.373 2.34 2.14 2.11 1.887 1.837 1.959 1.968 2.02 1.901 1.543 1.139 0.81 0.642 0.598 0.569 0.676 1.06 1.656 2.254 2.512 2.58 2.129 1.317 1.244 1.781 2.284 2.772 3.421 3.859 3.902 3.53 2.961 2.254 2.025 1.93 1.629 1.588 1.093 0.765 0.659 0.714 1.192 1.586 1.907 2.131 2.296 2.477 2.653 2.929 3.004 2.989 3.198 3.365 3.285 3.187 2.939 2.588 2.447 2.739 2.731 2.697 2.513 2.126
0.594 0.601 0.635 0.85 1.143 1.547 1.581 1.196 0.75 0.72 0.968 1.48 1.903 2.277 2.607 2.474 2.344 2.148 2.019 1.896 1.77 1.703 1.664 1.557 1.291 0.976 0.715 0.617 0.585 0.603 0.754 1.189 1.906 2.479 2.661 2.593 1.926 1.257 1.256 1.626 2.129 2.818 3.6 3.979 3.864 3.493 2.978 2.343 2.47 2.135 1.828 1.675 1.119 0.777 0.667 0.677 1.067 1.495 1.707 1.723 1.815 1.992 2.174 2.51 2.742 2.888 3.079 3.176 3.188 3.076 2.936 2.902 2.814 3 2.913 2.535 2.079 1.846
0.545 0.514 0.671 0.934 1.364 1.759 1.627 1.316 0.84 0.752 1.094 1.433 1.863 2.357 2.612 2.555 2.397 2.137 2.023 1.768 1.523 1.391 1.291 1.191 1.008 0.77 0.63 0.598 0.599 0.676 0.852 1.297 2.057 2.648 2.697 2.387 1.6 1.298 1.405 1.385 1.844 2.607 3.306 3.806 3.951 3.776 3.282 2.622 2.711 2.191 1.989 1.941 1.399 0.864 0.693 0.626 0.717 1.077 1.199 1.197 1.287 1.483 1.656 1.968 2.129 2.285 2.457 2.758 3.024 2.939 3.008 3.094 3.186 3.231 2.849 2.326 2.091 2.033
0.571 0.499 0.726 1.092 1.509 1.707 1.631 1.391 0.863 0.754 1.167 1.298 1.708 2.194 2.539 2.569 2.396 2.145 1.801 1.507 1.255 1.079 0.971 0.883 0.713 0.586 0.565 0.604 0.633 0.738 1.02 1.52 2.179 2.601 2.544 2.087 1.439 1.317 1.439 1.445 1.85 2.629 3.341 4.046 4.069 3.838 3.277 2.962 2.981 2.351 2.33 2.437 1.709 1.104 0.758 0.644 0.594 0.658 0.742 0.817 0.947 1.086 1.243 1.47 1.618 1.712 1.887 2.059 2.275 2.453 2.663 2.9 3.154 3.133 2.735 2.501 2.393 2.297
0.546 0.491 0.74 1.123 1.403 1.57 1.597 1.304 0.878 0.712 0.952 1.151 1.593 2.119 2.477 2.57 2.434 2.164 1.641 1.238 0.965 0.783 0.67 0.567 0.478 0.463 0.524 0.645 0.701 0.927 1.3 1.707 2.226 2.608 2.379 1.746 1.33 1.369 1.615 1.912 2.178 2.792 3.464 4.082 4.192 4.037 3.503 3.512 3.605 3.076 2.994 2.635 1.839 1.397 0.963 0.676 0.571 0.525 0.626 0.822 1.021 1.255 1.283 1.331 1.376 1.378 1.403 1.485 1.609 1.822 2.137 2.614 2.891 2.972 2.817 2.815 2.649 2.609
0.522 0.578 0.771 0.992 1.26 1.524 1.672 1.45 0.997 0.694 0.834 1.117 1.564 2.092 2.293 2.462 2.253 1.895 1.462 1.038 0.727 0.535 0.418 0.357 0.349 0.418 0.586 0.826 0.895 0.942 1.214 1.442 2.014 2.476 1.992 1.452 1.382 1.68 1.956 2.349 2.51 2.961 3.506 4.16 4.377 4.528 3.997 3.909 4.086 3.692 3.104 2.306 1.882 1.77 1.237 0.745 0.543 0.483 0.647 0.904 1.059 1.452 1.673 1.763 1.769 1.537 1.281 1.467 1.589 1.749 2.087 2.613 2.96 3.034 2.992 3.059 2.989 2.802
0.521 0.705 0.901 1.061 1.279 1.644 1.884 1.654 1.041 0.791 1.018 1.284 1.582 2.084 2.164 2.191 1.956 1.546 1.198 0.829 0.535 0.391 0.302 0.273 0.343 0.52 0.83 1.149 1.376 1.059 1.008 1.407 1.981 2.155 1.835 1.389 1.409 1.689 1.989 2.492 2.713 3.017 3.459 4.007 4.313 4.622 4.59 4.314 4.173 3.992 3.16 2.458 2.271 1.942 1.343 0.824 0.518 0.539 0.696 0.888 1.139 1.528 2.008 2.254 2.341 2 1.56 1.902 2.021 2.107 2.37 2.682 3.152 3.234 3.299 3.335 3.185 2.791
0.584 0.699 0.899 1.141 1.384 1.953 1.978 1.612 1.05 0.946 1.251 1.461 1.672 2.092 2.114 1.944 1.677 1.292 0.958 0.667 0.469 0.345 0.269 0.316 0.515 0.774 1.194 1.58 1.78 1.336 1.021 1.382 1.9 2.035 2.042 1.511 1.3 1.611 1.881 2.164 2.31 2.548 3.072 3.514 3.937 4.384 4.509 4.315 4.306 4.072 3.327 2.743 2.41 1.995 1.483 0.89 0.488 0.599 0.89 1.047 1.269 1.713 2.316 2.645 2.551 2.222 1.946 2.294 2.431 2.522 2.639 2.894 3.323 3.434 3.521 3.436 3.121 2.661
0.711 0.679 0.795 1.109 1.576 1.975 1.846 1.521 1.097 1.079 1.42 1.664 1.873 2.072 2.063 1.852 1.626 1.387 0.974 0.62 0.468 0.357 0.374 0.55 0.878 1.139 1.531 1.987 1.833 1.232 1.147 1.54 2.089 2.397 2.361 1.829 1.353 1.484 1.666 1.8 1.722 2.112 2.802 3.27 3.729 3.911 3.885 3.806 4.002 3.842 3.395 2.836 2.496 2.155 1.631 0.963 0.454 0.454 0.847 1.203 1.48 1.935 2.419 2.779 2.784 2.439 2.336 2.586 2.742 2.865 3.001 3.156 3.291 3.366 3.449 3.389 2.965 2.656
0.695 0.615 0.735 1.083 1.656 1.78 1.696 1.486 1.206 1.107 1.284 1.637 1.956 2.02 2.012 2.02 1.855 1.529 1.081 0.715 0.541 0.412 0.577 0.716 1.112 1.548 1.942 2.098 1.757 1.29 1.383 1.787 2.342 2.6 2.489 1.892 1.464 1.436 1.423 1.386 1.35 1.922 2.58 2.938 3.366 3.334 3.321 3.495 3.668 3.839 3.585 3.224 2.771 2.274 1.733 1.042 0.47 0.258 0.538 0.979 1.39 1.933 2.368 2.779 2.951 2.712 2.787 3.032 3.096 3.002 3.074 3.221 3.165 3.199 3.333 3.28 2.953 2.908
0.489 0.502 0.684 1.102 1.504 1.562 1.548 1.498 1.456 1.276 1.206 1.444 1.847 2.086 2.203 2.283 2.148 1.914 1.412 1.07 0.718 0.591 0.943 0.977 1.058 1.675 2.204 2.129 1.935 1.402 1.592 2.093 2.572 2.606 2.395 2.099 1.695 1.45 1.274 1.177 1.228 1.718 2.219 2.567 3.007 2.94 2.897 3.39 3.719 3.795 3.508 3.132 2.47 1.891 1.479 1.06 0.627 0.201 0.248 0.588 1.067 1.666 2.227 2.991 3.276 3.294 3.505 3.418 3.12 2.802 2.703 2.931 3.003 3.107 3.265 3.104 3.099 3.262
0.417 0.404 0.554 1.004 1.275 1.321 1.388 1.516 1.613 1.574 1.461 1.457 1.695 1.986 2.231 2.497 2.46 2.018 1.687 1.186 0.724 0.806 1.27 1.17 1.113 1.678 2.29 2.356 2.02 1.515 1.801 2.263 2.78 3.114 2.803 2.449 2.148 1.831 1.536 1.415 1.282 1.422 1.784 2.298 2.541 2.385 2.61 3.386 3.668 3.375 3.114 2.839 2.474 1.978 1.696 1.451 0.926 0.306 0.085 0.288 0.836 1.521 2.227 2.959 3.262 3.463 3.4 3.163 2.808 2.406 2.539 2.697 2.895 3.055 3.118 2.778 2.794 3.039
0.734 0.679 0.633 0.745 0.906 1.07 1.356 1.536 1.707 1.81 1.749 1.781 1.893 2.108 2.278 2.596 2.529 2.144 1.748 0.985 0.681 0.918 1.37 1.237 1.349 1.83 2.338 2.387 1.93 1.734 2.04 2.401 2.872 3.357 3.371 2.954 2.65 2.352 2.001 1.965 1.747 1.603 1.616 1.927 2.018 2.004 2.469 3.143 3.329 3.178 3.174 2.977 2.876 2.518 2.266 1.827 1.241 0.513 0.082 0.195 0.747 1.509 2.197 2.554 2.837 2.955 2.849 2.567 2.146 2.203 2.616 2.777 2.943 2.79 2.82 2.554 2.586 2.69
1.262 1.227 1.144 0.944 0.863 1.122 1.421 1.634 1.806 2.016 2.142 2.204 2.272 2.425 2.471 2.632 2.417 2.055 1.458 0.806 0.659 0.913 1.355 1.316 1.635 2.059 2.424 2.492 2.172 2.176 2.363 2.706 3.029 3.359 3.541 3.47 3.149 2.774 2.53 2.572 2.418 2.307 1.887 1.892 2.026 2.222 2.561 2.999 3.216 3.335 3.488 3.4 3.227 2.799 2.323 2.015 1.458 0.775 0.172 0.166 0.646 1.295 1.754 2.024 2.348 2.401 2.193 1.899 1.853 2.243 2.569 2.595 2.749 2.765 2.475 2.246 2.305 2.281
1.774 1.636 1.371 1.076 1.087 1.321 1.566 1.831 1.953 1.987 2.132 2.175 2.11 2.199 2.309 2.344 2.081 1.646 1.048 0.656 0.65 0.961 1.302 1.344 1.707 2.244 2.533 2.543 2.568 2.67 2.692 2.848 2.962 3.133 3.334 3.536 3.441 3.166 2.954 3.032 3.139 2.903 2.508 2.508 2.518 2.7 2.815 2.944 3.147 3.302 3.458 3.518 3.165 2.76 2.299 1.847 1.473 0.806 0.183 0.175 0.544 0.982 1.151 1.365 1.604 1.641 1.641 1.757 1.928 2.127 2.401 2.445 2.438 2.633 2.33 1.956 2.011 1.932
1.825 1.725 1.537 1.307 1.407 1.603 1.782 1.83 1.679 1.458 1.482 1.491 1.438 1.499 1.591 1.862 1.764 1.284 0.853 0.619 0.735 1.06 1.349 1.453 1.641 2.251 2.552 2.612 2.721 2.796 2.81 2.812 2.768 2.92 3.145 3.289 3.383 3.453 3.432 3.382 3.514 3.291 3.203 3.208 3.033 2.881 2.71 2.659 2.9 3.024 2.984 3.216 3.083 2.637 2.258 1.669 1.135 0.626 0.18 0.184 0.325 0.508 0.677 0.894 1.121 1.361 1.698 2.073 2.171 2.12 2.41 2.503 2.321 2.288 2.052 1.685 1.75 1.702
1.885 1.846 1.765 1.591 1.742 1.794 1.614 1.316 1.029 0.849 0.773 0.761 0.764 0.841 0.885 1.207 1.343 1.054 0.761 0.64 0.788 0.992 1.218 1.41 1.649 2.077 2.46 2.748 2.752 2.794 2.827 2.621 2.539 2.838 3.107 3.399 3.538 3.493 3.284 3.087 3.245 3.383 3.445 3.361 3.187 2.712 2.352 2.485 2.737 2.816 2.563 2.805 2.72 2.304 1.856 1.373 0.781 0.371 0.248 0.494 0.663 0.602 0.734 0.962 1.206 1.574 1.913 2.26 2.24 2.237 2.559 2.473 2.335 2.138 1.798 1.365 1.367 1.373
1.977 1.996 1.895 1.911 1.867 1.553 1.059 0.693 0.45 0.324 0.276 0.265 0.291 0.342 0.379 0.546 0.755 0.702 0.562 0.577 0.608 0.714 0.92 1.155 1.46 1.8 2.073 2.491 2.795 2.715 2.513 2.249 2.55 2.923 3.058 3.097 3.026 2.753 2.641 2.824 3.179 3.461 3.223 3.054 2.977 2.691 2.192 2.423 2.401 2.66 2.356 2.166 2.182 2.157 1.741 1.127 0.554 0.374 0.565 0.972 1.224 1.068 1.01 1.29 1.481 1.774 2.141 2.328 2.228 2.381 2.513 2.388 2.298 2.197 1.849 1.203 0.958 1.021
2.022 2.1 2.122 1.937 1.5 0.981 0.584 0.351 0.207 0.108 0.058 0.044 0.073 0.106 0.139 0.197 0.295 0.305 0.289 0.305 0.365 0.436 0.612 0.818 1.072 1.432 1.792 2.162 2.429 2.149 1.894 2.184 2.461 2.436 2.254 2.154 2.154 2.238 2.572 2.88 3.065 3.184 3.061 2.671 2.486 2.366 2.085 2.128 2.124 2.258 2.302 2.176 1.815 1.687 1.397 0.773 0.422 0.517 0.943 1.487 1.678 1.508 1.28 1.619 1.775 1.913 2.269 2.394 2.347 2.493 2.498 2.363 2.226 2.008 1.624 1.069 0.611 0.637
1.933 2.133 2.046 1.482 0.934 0.567 0.365 0.225 0.121 0.068 0.083 0.094 0.07 0.087 0.121 0.154 0.181 0.205 0.188 0.162 0.171 0.258 0.389 0.492 0.76 1.144 1.555 1.846 1.743 1.489 1.724 2.023 1.963 1.674 1.534 1.566 1.656 1.9 2.205 2.532 2.623 2.8 2.711 2.572 2.648 2.378 2.118 1.894 1.819 1.855 1.928 1.991 1.766 1.306 1.02 0.535 0.465 0.684 1.221 1.833 2.066 1.924 1.685 1.938 2.095 1.981 2.126 2.336 2.377 2.398 2.327 2.127 1.843 1.548 1.155 0.728 0.28 0.188
1.782 1.845 1.454 0.893 0.563 0.39 0.276 0.197 0.226 0.348 0.466 0.537 0.545 0.549 0.66 0.639 0.617 0.599 0.523 0.303 0.186 0.128 0.135 0.25 0.428 0.757 1.131 1.244 1.064 1.196 1.324 1.281 1.323 1.312 1.608 1.831 1.93 1.997 2.155 2.341 2.362 2.555 2.643 2.655 2.938 2.781 2.604 2.292 2.012 1.661 1.514 1.498 1.519 1.169 0.639 0.453 0.796 0.914 1.377 1.931 2.302 2.319 2.171 2.124 2.145 1.87 1.972 2.19 2.137 2.04 1.902 1.644 1.375 0.979 0.652 0.281 -0.025 -0.132
1.485 1.169 0.753 0.503 0.377 0.3 0.284 0.4 0.692 0.75 0.875 1.01 1.066 1.288 1.47 1.306 1.29 1.241 1.113 0.819 0.461 0.224 0.078 0.025 0.11 0.37 0.51 0.557 0.596 0.669 0.744 0.859 1.017 1.377 1.839 2.082 2.254 2.378 2.468 2.567 2.478 2.632 2.841 2.733 3.028 3.123 2.909 2.781 2.471 1.946 1.604 1.254 1.068 0.843 0.435 0.613 1.118 1.113 1.616 2.14 2.471 2.582 2.518 2.356 2.227 1.791 1.849 1.907 1.813 1.647 1.391 1.09 0.804 0.396 0.118 -0.066 -0.113 -0.089
0.773 0.53 0.362 0.305 0.28 0.328 0.575 0.884 1.13 1.055 1.328 1.535 1.69 1.761 1.812 1.85 2.064 1.811 1.699 1.393 0.958 0.537 0.25 0.053 -0.074 -0.033 0.042 0.184 0.36 0.593 0.86 1.041 1.144 1.401 1.892 2.154 2.385 2.616 2.652 2.661 2.728 2.795 3.123 2.857 2.919 3.212 3.128 2.945 2.665 2.336 2.099 1.579 0.971 0.54 0.408 0.809 1.306 1.303 1.806 2.252 2.674 2.864 2.784 2.468 2.196 1.706 1.558 1.55 1.397 1.226 0.935 0.575 0.266 0.006 -0.105 -0.017 0.108 0.211
0.328 0.234 0.199 0.247 0.406 0.678 1.155 1.481 1.562 1.556 1.729 2.034 2.147 2.29 2.477 2.613 2.443 2.277 2.123 1.614 1.123 0.8 0.634 0.306 -0.025 -0.181 -0.05 0.324 0.626 0.898 1.135 1.403 1.496 1.387 1.7 1.976 2.247 2.599 2.833 3.017 3.085 3.103 3.329 2.932 2.712 3.059 3.217 3.064 2.957 2.659 2.268 1.677 0.985 0.456 0.576 1.016 1.487 1.57 1.902 2.463 2.875 2.932 2.892 2.345 1.967 1.56 1.181 1.137 1.03 0.815 0.543 0.237 0.006 -0.11 0.001 0.232 0.431 0.595
0.167 0.125 0.169 0.455 0.858 1.127 1.628 1.935 1.954 1.962 2.054 2.452 2.69 2.933 3.012 2.93 2.835 2.645 2.236 1.698 1.172 1.07 0.977 0.646 0.136 -0.088 -0.062 0.424 0.816 1.046 1.282 1.587 1.706 1.694 1.7 1.773 2.206 2.635 3.063 3.298 3.355 3.379 3.41 3.035 2.698 2.757 3.014 3.158 3.069 2.636 2.183 1.678 0.941 0.486 0.784 1.196 1.648 1.781 2.08 2.656 2.902 2.739 2.682 2.221 1.652 1.253 0.821 0.73 0.672 0.595 0.334 0.087 -0.026 -0.051 0.213 0.401 0.676 0.928
0.129 0.189 0.383 0.862 1.378 1.697 1.999 2.228 2.271 2.35 2.346 2.6 2.907 3.125 3.049 2.967 2.817 2.515 2.081 1.56 1.323 1.423 1.21 0.445 0.131 0.205 -0.003 0.224 0.609 0.875 1.116 1.456 1.743 1.865 1.855 1.807 2.265 2.744 3.121 3.206 3.298 3.339 3.341 3.146 2.863 2.666 2.562 2.791 2.818 2.406 2.059 1.657 0.946 0.516 0.913 1.306 1.735 1.977 2.234 2.675 2.649 2.596 2.188 1.883 1.288 0.866 0.596 0.453 0.369 0.306 0.21 0.134 0.102 -0.004 0.137 0.404 0.835 1.194
0.277 0.471 0.806 1.236 1.75 1.987 2.244 2.498 2.658 2.735 2.683 2.815 2.915 3.001 2.961 2.856 2.714 2.327 2.022 1.732 1.58 1.748 1.222 0.302 0.372 0.625 0.264 0.11 0.253 0.583 0.819 1.168 1.569 1.898 1.987 2.058 2.379 2.788 3.201 3.174 3.063 3.077 3.174 3.144 3.005 2.697 2.34 2.238 2.286 2.023 1.657 1.256 0.797 0.544 0.869 1.212 1.695 2.062 2.329 2.522 2.371 2.342 1.891 1.426 1.016 0.757 0.692 0.546 0.526 0.49 0.497 0.411 0.209 0.095 0.245 0.532 1.006 1.453
0.578 0.757 1.148 1.459 1.805 2.137 2.351 2.506 2.664 2.639 2.674 2.735 2.683 2.675 2.691 2.625 2.411 2.231 2.352 2.173 1.813 1.871 1.234 0.417 0.678 0.997 0.628 0.32 0.17 0.292 0.481 0.889 1.326 1.781 2.052 2.306 2.507 2.819 3.241 3.379 3.124 2.933 2.845 2.919 2.867 2.625 2.387 2.104 1.741 1.498 1.251 1.062 0.797 0.766 1.042 1.339 1.619 1.843 2.088 2.253 2.274 2.063 1.639 1.223 1.021 1.042 0.954 0.783 0.914 0.81 0.842 0.71 0.409 0.296 0.555 0.694 1.129 1.617
0.869 1.018 1.133 1.323 1.621 1.894 2.026 2.045 2.226 2.264 2.293 2.261 2.269 2.197 2.24 2.352 2.281 2.36 2.706 2.504 2.184 1.893 1.302 0.643 0.945 1.32 1.061 0.762 0.396 0.246 0.279 0.626 1.046 1.561 2.011 2.423 2.605 2.898 3.35 3.629 3.464 3.175 2.756 2.526 2.531 2.335 2.054 1.797 1.628 1.616 1.596 1.517 0.981 1.055 1.248 1.355 1.422 1.712 2.113 2.176 2.144 1.792 1.475 1.41 1.358 1.36 1.113 1.1 1.25 1.115 1.195 0.99 0.572 0.519 0.828 0.903 1.265 1.756
0.88 0.883 0.831 0.965 1.139 1.256 1.438 1.503 1.57 1.577 1.743 1.671 1.636 1.622 1.748 2.091 2.557 2.652 2.833 2.703 2.522 2.036 1.496 0.915 1.03 1.348 1.409 1.083 0.788 0.604 0.38 0.508 1.033 1.439 1.758 2.366 2.623 2.931 3.347 3.665 3.704 3.398 3.056 2.554 2.177 2.028 1.915 1.969 2.045 2.077 2.003 1.685 1.139 0.991 1.149 1.218 1.462 1.857 2.185 2.162 2.032 1.934 1.72 1.789 1.681 1.578 1.337 1.457 1.582 1.478 1.486 1.2 0.761 0.723 0.968 1.144 1.395 1.855
0.539 0.469 0.43 0.482 0.588 0.666 0.786 0.896 0.901 0.949 1.116 1.073 1.046 1.114 1.398 2.053 2.69 2.868 2.881 2.792 2.664 2.214 1.796 1.36 1.218 1.231 1.402 1.503 1.292 1.052 0.628 0.515 0.991 1.287 1.557 2.208 2.646 2.912 3.209 3.585 3.671 3.408 2.986 2.737 2.684 2.419 2.418 2.426 2.39 2.275 1.956 1.534 1.076 0.941 1.014 1.197 1.543 1.943 2.165 2.235 2.282 2.283 1.911 2.058 1.979 1.777 1.619 1.815 1.893 1.823 1.623 1.229 0.947 1.02 1.165 1.395 1.647 2.083
