data/climatemaps/RS_maps/climate_winter_pr_2013.asc
NCOLS 369 
NROWS 228 
XLLCORNER 479000 
YLLCORNER 73000 
CELLSIZE 1000 
NODATA_value -9 
[rows 0 to 33 of 228, columns 152 to 227 of 369]
-9 -9 -9 -9 -9 -9 -9 -9 -9 -9 -9 -9 -9 -9 -9 -9 -9 -9 -9 -9 -9 -9 -9 -9 -9 -9 -9 -9 -9 -9 -9 -9 -9 -9 -9 -9 -9 -9 -0.637 -0.66 -0.69 -0.722 -0.751 -0.783 -0.805 -0.819 -0.83 -0.829 -0.831 -0.803 -0.786 -0.781 -0.786 -0.794 -0.806 -0.821 -0.841 -0.861 -0.886 -0.911 -0.932 -0.951 -0.964 -0.969 -0.972 -0.978 -0.997 -1.031 -1.074 -1.108 -1.13 -1.134 -1.125 -1.111 -9 -9
-9 -9 -9 -9 -9 -9 -9 -9 -9 -9 -9 -9 -9 -9 -9 -9 -9 -9 -9 -9 -9 -9 -9 -9 -9 -9 -9 -9 -9 -9 -9 -9 -9 -9 -9 -9 -9 -0.615 -0.627 -0.646 -0.671 -0.688 -0.708 -0.739 -0.77 -0.797 -0.823 -0.843 -0.846 -0.817 -0.8 -0.791 -0.788 -0.79 -0.797 -0.81 -0.832 -0.856 -0.882 -0.91 -0.935 -0.957 -0.974 -0.984 -0.988 -0.992 -1.008 -1.037 -1.078 -1.112 -1.137 -1.149 -1.149 -1.143 -1.136 -1.131
-9 -9 -9 -9 -9 -9 -9 -9 -9 -9 -9 -9 -9 -9 -9 -9 -9 -9 -9 -9 -9 -9 -9 -9 -9 -9 -9 -9 -9 -9 -9 -9 -9 -9 -9 -9 -9 -0.579 -0.593 -0.604 -0.62 -0.635 -0.659 -0.686 -0.716 -0.75 -0.79 -0.825 -0.846 -0.828 -0.806 -0.797 -0.787 -0.781 -0.785 -0.797 -0.822 -0.849 -0.88 -0.912 -0.942 -0.969 -0.991 -1.003 -1.008 -1.012 -1.022 -1.047 -1.081 -1.111 -1.137 -1.154 -1.161 -1.163 -1.163 -1.162
-9 -9 -9 -9 -9 -9 -9 -9 -9 -9 -9 -9 -9 -9 -9 -9 -9 -9 -9 -9 -9 -9 -9 -9 -9 -9 -9 -9 -9 -9 -9 -9 -9 -9 -9 -9 -0.519 -0.529 -0.538 -0.547 -0.561 -0.582 -0.607 -0.636 -0.672 -0.714 -0.754 -0.791 -0.826 -0.827 -0.81 -0.802 -0.784 -0.769 -0.77 -0.783 -0.809 -0.841 -0.879 -0.917 -0.952 -0.985 -1.012 -1.026 -1.033 -1.037 -1.042 -1.056 -1.077 -1.101 -1.125 -1.146 -1.161 -1.172 -1.179 -1.183
-9 -9 -9 -9 -9 -9 -9 -9 -9 -9 -9 -9 -9 -9 -9 -9 -9 -9 -9 -9 -9 -9 -9 -9 -9 -9 -9 -9 -9 -9 -9 -9 -9 -9 -9 -0.449 -0.481 -0.491 -0.495 -0.503 -0.517 -0.539 -0.568 -0.603 -0.645 -0.695 -0.733 -0.772 -0.805 -0.824 -0.817 -0.805 -0.775 -0.756 -0.753 -0.767 -0.795 -0.833 -0.877 -0.92 -0.961 -1 -1.033 -1.05 -1.059 -1.061 -1.059 -1.057 -1.063 -1.075 -1.098 -1.122 -1.146 -1.167 -1.183 -1.193
-9 -9 -9 -9 -9 -9 -9 -9 -9 -9 -9 -9 -9 -9 -9 -9 -9 -9 -9 -9 -9 -9 -9 -9 -9 -9 -9 -9 -9 -9 -9 -9 -9 -9 -9 -0.411 -0.45 -0.466 -0.471 -0.481 -0.495 -0.52 -0.549 -0.589 -0.631 -0.682 -0.729 -0.767 -0.798 -0.813 -0.813 -0.789 -0.753 -0.738 -0.736 -0.75 -0.781 -0.823 -0.87 -0.917 -0.965 -1.009 -1.049 -1.073 -1.085 -1.082 -1.063 -1.045 -1.041 -1.046 -1.061 -1.084 -1.118 -1.151 -1.176 -1.193
-9 -9 -9 -9 -9 -9 -9 -9 -9 -9 -9 -9 -9 -9 -9 -9 -9 -9 -9 -9 -9 -9 -9 -9 -9 -9 -9 -9 -9 -9 -9 -9 -9 -9 -0.316 -0.381 -0.425 -0.451 -0.46 -0.478 -0.494 -0.517 -0.548 -0.592 -0.633 -0.683 -0.727 -0.772 -0.794 -0.802 -0.795 -0.768 -0.731 -0.718 -0.719 -0.735 -0.768 -0.81 -0.858 -0.907 -0.957 -1.009 -1.057 -1.09 -1.102 -1.091 -1.061 -1.034 -1.02 -1.021 -1.029 -1.051 -1.086 -1.129 -1.162 -1.186
-9 -9 -9 -9 -9 -9 -9 -9 -9 -9 -9 -9 -9 -9 -9 -9 -9 -9 -9 -9 -9 -9 -9 -9 -9 -9 -9 -9 -9 -9 -9 -9 -9 -0.207 -0.284 -0.356 -0.401 -0.435 -0.453 -0.476 -0.504 -0.519 -0.555 -0.602 -0.648 -0.698 -0.733 -0.771 -0.794 -0.789 -0.77 -0.745 -0.708 -0.689 -0.695 -0.715 -0.751 -0.796 -0.844 -0.892 -0.942 -0.995 -1.047 -1.086 -1.104 -1.093 -1.062 -1.028 -1.006 -1.001 -1.007 -1.027 -1.064 -1.11 -1.148 -1.176
-9 -9 -9 -9 -9 -9 -9 -9 -9 -9 -9 -9 -9 -9 -9 -9 -9 -9 -9 -9 -9 -9 -9 -9 -9 -9 -9 -9 -9 -9 -9 -9 -0.119 -0.192 -0.264 -0.338 -0.387 -0.416 -0.437 -0.463 -0.498 -0.528 -0.569 -0.616 -0.664 -0.714 -0.748 -0.778 -0.784 -0.764 -0.751 -0.727 -0.694 -0.667 -0.671 -0.694 -0.734 -0.782 -0.824 -0.868 -0.913 -0.968 -1.022 -1.066 -1.093 -1.09 -1.062 -1.03 -1.006 -0.998 -1.002 -1.019 -1.054 -1.098 -1.136 -1.165
-9 -9 -9 -9 -9 -9 -9 -9 -9 -9 -9 -9 -9 -9 -9 -9 -9 -9 -9 -9 -9 -9 -9 -9 -9 -9 -9 -9 -9 -9 -9 -9 -0.112 -0.176 -0.247 -0.32 -0.377 -0.403 -0.425 -0.45 -0.47 -0.5 -0.542 -0.593 -0.644 -0.701 -0.756 -0.776 -0.769 -0.757 -0.737 -0.712 -0.673 -0.647 -0.654 -0.682 -0.724 -0.766 -0.805 -0.843 -0.88 -0.931 -0.989 -1.038 -1.073 -1.081 -1.064 -1.036 -1.016 -1.009 -1.01 -1.021 -1.051 -1.093 -1.128 -1.157
-9 -9 -9 -9 -9 -9 -9 -9 -9 -9 -9 -9 -9 -9 -9 -9 -9 -9 -9 -9 -9 -9 -9 -9 -9 -9 -9 -9 -9 -9 -9 -0.065 -0.108 -0.166 -0.229 -0.298 -0.365 -0.403 -0.419 -0.435 -0.457 -0.487 -0.532 -0.584 -0.638 -0.697 -0.748 -0.761 -0.763 -0.744 -0.714 -0.68 -0.642 -0.625 -0.636 -0.665 -0.715 -0.754 -0.792 -0.826 -0.859 -0.902 -0.96 -1.013 -1.051 -1.066 -1.062 -1.043 -1.027 -1.019 -1.021 -1.031 -1.057 -1.093 -1.124 -1.15
-9 -9 -9 -9 -9 -9 -9 -9 -9 -9 -9 -9 -9 -9 -9 -9 -9 -9 -9 -9 -9 -9 -9 -9 -9 -9 -9 -9 -9 -9 -0.044 -0.074 -0.118 -0.17 -0.226 -0.288 -0.354 -0.394 -0.413 -0.428 -0.45 -0.481 -0.522 -0.584 -0.641 -0.701 -0.735 -0.752 -0.744 -0.717 -0.677 -0.639 -0.615 -0.604 -0.618 -0.649 -0.696 -0.745 -0.783 -0.818 -0.851 -0.89 -0.943 -0.997 -1.035 -1.051 -1.053 -1.042 -1.027 -1.022 -1.031 -1.043 -1.066 -1.095 -1.122 -1.143
-9 -9 -9 -9 -9 -9 -9 -9 -9 -9 -9 -9 -9 -9 -9 -9 -9 -9 -9 -9 -9 -9 -9 -9 -9 -9 -9 -9 -9 -9 -0.073 -0.093 -0.127 -0.176 -0.228 -0.283 -0.343 -0.387 -0.404 -0.429 -0.455 -0.484 -0.524 -0.583 -0.653 -0.693 -0.724 -0.736 -0.722 -0.695 -0.653 -0.613 -0.592 -0.59 -0.604 -0.636 -0.68 -0.737 -0.781 -0.82 -0.855 -0.894 -0.94 -0.986 -1.021 -1.039 -1.044 -1.037 -1.026 -1.025 -1.037 -1.051 -1.07 -1.096 -1.117 -1.132
-9 -9 -9 -9 -9 -9 -9 -9 -9 -9 -9 -9 -9 -9 -9 -9 -9 -9 -9 -9 -9 -9 -9 -9 -9 -9 -9 -9 -9 -9 -0.107 -0.121 -0.149 -0.19 -0.243 -0.288 -0.343 -0.384 -0.404 -0.439 -0.468 -0.493 -0.535 -0.59 -0.651 -0.676 -0.703 -0.718 -0.707 -0.678 -0.636 -0.6 -0.586 -0.588 -0.604 -0.634 -0.678 -0.736 -0.787 -0.83 -0.87 -0.91 -0.946 -0.981 -1.011 -1.027 -1.032 -1.028 -1.022 -1.024 -1.035 -1.052 -1.072 -1.093 -1.108 -1.115
-9 -9 -9 -9 -9 -9 -9 -9 -9 -9 -9 -9 -9 -9 -9 -9 -9 -9 -9 -9 -9 -9 -9 -9 0.055 0.022 -0.041 -0.079 -0.11 -0.14 -0.146 -0.161 -0.184 -0.219 -0.267 -0.309 -0.358 -0.402 -0.418 -0.461 -0.479 -0.512 -0.561 -0.608 -0.653 -0.67 -0.688 -0.708 -0.703 -0.681 -0.647 -0.611 -0.596 -0.598 -0.611 -0.642 -0.686 -0.743 -0.8 -0.85 -0.894 -0.928 -0.956 -0.985 -1.01 -1.018 -1.018 -1.016 -1.011 -1.013 -1.026 -1.046 -1.069 -1.086 -1.094 -1.094
-9 -9 -9 -9 -9 -9 -9 -9 -9 -9 -9 -9 -9 -9 -9 -9 -9 -9 -9 -9 0.133 0.09 0.07 0.052 0.042 0.013 -0.042 -0.115 -0.135 -0.171 -0.188 -0.205 -0.225 -0.257 -0.298 -0.336 -0.384 -0.422 -0.438 -0.485 -0.497 -0.537 -0.593 -0.629 -0.651 -0.672 -0.697 -0.714 -0.712 -0.7 -0.668 -0.632 -0.618 -0.624 -0.634 -0.664 -0.706 -0.761 -0.82 -0.872 -0.913 -0.942 -0.967 -0.993 -1.013 -1.015 -1.009 -1.002 -0.998 -0.999 -1.014 -1.039 -1.062 -1.074 -1.074 -1.065
-9 -9 -9 -9 -9 -9 -9 -9 -9 -9 -9 -9 -9 -9 -9 -9 -9 -9 -9 0.185 0.101 0.077 0.051 0.035 0.022 -0.009 -0.058 -0.145 -0.17 -0.202 -0.229 -0.249 -0.265 -0.295 -0.328 -0.362 -0.417 -0.441 -0.457 -0.508 -0.526 -0.571 -0.614 -0.635 -0.656 -0.686 -0.72 -0.733 -0.733 -0.723 -0.698 -0.669 -0.655 -0.659 -0.673 -0.701 -0.741 -0.793 -0.848 -0.892 -0.924 -0.948 -0.971 -0.995 -1.013 -1.017 -1.01 -1 -0.991 -0.99 -1.002 -1.031 -1.054 -1.058 -1.048 -1.031
-9 -9 -9 -9 -9 -9 -9 -9 -9 -9 -9 -9 -9 -9 -9 -9 -9 0.279 0.213 0.143 0.07 0.049 0.027 0.014 -0.005 -0.033 -0.084 -0.157 -0.212 -0.239 -0.263 -0.291 -0.307 -0.328 -0.355 -0.4 -0.447 -0.459 -0.48 -0.522 -0.563 -0.601 -0.622 -0.642 -0.675 -0.714 -0.742 -0.755 -0.755 -0.744 -0.725 -0.706 -0.699 -0.707 -0.726 -0.752 -0.786 -0.833 -0.877 -0.908 -0.929 -0.946 -0.964 -0.985 -1.006 -1.017 -1.018 -1.011 -1.001 -0.998 -1.005 -1.026 -1.047 -1.049 -1.034 -1.015
0.49 0.535 0.568 0.6 0.627 0.642 -9 -9 -9 -9 -9 -9 -9 -9 -9 -9 0.309 0.238 0.164 0.098 0.029 0.014 0.002 -0.007 -0.025 -0.053 -0.101 -0.154 -0.228 -0.279 -0.31 -0.331 -0.339 -0.354 -0.391 -0.441 -0.462 -0.481 -0.509 -0.545 -0.589 -0.611 -0.627 -0.653 -0.701 -0.738 -0.762 -0.772 -0.768 -0.753 -0.732 -0.717 -0.721 -0.736 -0.76 -0.792 -0.827 -0.871 -0.9 -0.914 -0.925 -0.933 -0.944 -0.963 -0.987 -1.006 -1.018 -1.019 -1.016 -1.012 -1.013 -1.025 -1.039 -1.04 -1.025 -1.004
0.44 0.49 0.536 0.569 0.612 0.631 0.624 0.61 0.589 0.572 -9 -9 -9 -9 0.41 0.347 0.276 0.194 0.12 0.05 -0.005 -0.019 -0.026 -0.031 -0.041 -0.067 -0.111 -0.168 -0.231 -0.307 -0.352 -0.354 -0.361 -0.385 -0.433 -0.472 -0.485 -0.512 -0.542 -0.583 -0.605 -0.615 -0.636 -0.677 -0.725 -0.757 -0.774 -0.775 -0.761 -0.734 -0.711 -0.695 -0.704 -0.728 -0.766 -0.815 -0.861 -0.9 -0.914 -0.911 -0.906 -0.902 -0.91 -0.929 -0.953 -0.977 -0.999 -1.01 -1.013 -1.011 -1.011 -1.019 -1.026 -1.025 -1.011 -0.997
0.38 0.425 0.474 0.516 0.571 0.593 0.599 0.604 0.602 0.583 0.55 -9 -9 0.437 0.39 0.325 0.246 0.156 0.079 0.002 -0.034 -0.051 -0.054 -0.055 -0.068 -0.095 -0.136 -0.192 -0.245 -0.327 -0.379 -0.379 -0.395 -0.422 -0.471 -0.512 -0.523 -0.551 -0.58 -0.615 -0.619 -0.625 -0.659 -0.704 -0.745 -0.773 -0.784 -0.768 -0.737 -0.703 -0.679 -0.671 -0.681 -0.714 -0.764 -0.825 -0.88 -0.915 -0.926 -0.916 -0.895 -0.875 -0.872 -0.891 -0.914 -0.941 -0.971 -0.991 -1 -1 -1.001 -1.003 -1.006 -1.006 -1 -0.989
0.331 0.364 0.404 0.446 0.506 0.534 0.573 0.599 0.608 0.586 0.55 0.506 0.459 0.415 0.361 0.294 0.216 0.123 0.035 -0.033 -0.063 -0.084 -0.083 -0.078 -0.092 -0.116 -0.161 -0.229 -0.281 -0.361 -0.404 -0.416 -0.444 -0.47 -0.515 -0.558 -0.574 -0.602 -0.629 -0.639 -0.632 -0.639 -0.68 -0.724 -0.759 -0.784 -0.789 -0.767 -0.722 -0.681 -0.655 -0.647 -0.662 -0.7 -0.76 -0.825 -0.885 -0.924 -0.937 -0.923 -0.892 -0.862 -0.849 -0.862 -0.883 -0.909 -0.941 -0.965 -0.983 -0.994 -0.991 -0.982 -0.977 -0.977 -0.977 -0.978
0.299 0.316 0.335 0.369 0.425 0.466 0.532 0.58 0.597 0.583 0.545 0.49 0.438 0.384 0.326 0.258 0.178 0.085 -0.006 -0.061 -0.099 -0.116 -0.114 -0.105 -0.122 -0.158 -0.194 -0.254 -0.33 -0.412 -0.447 -0.47 -0.509 -0.529 -0.574 -0.61 -0.627 -0.657 -0.672 -0.656 -0.645 -0.668 -0.702 -0.737 -0.767 -0.784 -0.773 -0.75 -0.704 -0.665 -0.643 -0.639 -0.658 -0.702 -0.759 -0.824 -0.887 -0.928 -0.943 -0.933 -0.902 -0.866 -0.844 -0.846 -0.862 -0.885 -0.912 -0.938 -0.962 -0.978 -0.972 -0.955 -0.942 -0.936 -0.935 -0.942
0.275 0.281 0.283 0.296 0.336 0.401 0.477 0.537 0.57 0.565 0.525 0.465 0.407 0.347 0.286 0.218 0.138 0.042 -0.039 -0.095 -0.135 -0.149 -0.143 -0.153 -0.17 -0.203 -0.261 -0.303 -0.373 -0.468 -0.506 -0.548 -0.585 -0.614 -0.648 -0.669 -0.686 -0.707 -0.701 -0.672 -0.671 -0.694 -0.714 -0.74 -0.763 -0.769 -0.74 -0.714 -0.684 -0.66 -0.645 -0.645 -0.666 -0.708 -0.762 -0.826 -0.889 -0.93 -0.947 -0.94 -0.917 -0.885 -0.859 -0.849 -0.855 -0.871 -0.892 -0.917 -0.943 -0.962 -0.957 -0.938 -0.918 -0.901 -0.892 -0.896
0.252 0.252 0.241 0.234 0.256 0.342 0.428 0.489 0.527 0.526 0.492 0.431 0.371 0.309 0.246 0.177 0.097 0.007 -0.077 -0.136 -0.165 -0.182 -0.203 -0.211 -0.25 -0.27 -0.335 -0.377 -0.441 -0.531 -0.591 -0.637 -0.673 -0.699 -0.717 -0.725 -0.737 -0.74 -0.722 -0.697 -0.688 -0.702 -0.712 -0.73 -0.746 -0.735 -0.721 -0.695 -0.672 -0.656 -0.651 -0.662 -0.683 -0.717 -0.772 -0.833 -0.892 -0.933 -0.951 -0.947 -0.93 -0.907 -0.886 -0.872 -0.87 -0.877 -0.89 -0.908 -0.931 -0.95 -0.952 -0.937 -0.914 -0.889 -0.87 -0.868
0.221 0.217 0.201 0.176 0.187 0.27 0.367 0.433 0.475 0.478 0.44 0.382 0.326 0.264 0.203 0.135 0.056 -0.038 -0.117 -0.171 -0.209 -0.247 -0.281 -0.296 -0.34 -0.371 -0.429 -0.49 -0.536 -0.601 -0.664 -0.706 -0.729 -0.752 -0.765 -0.77 -0.772 -0.759 -0.742 -0.72 -0.706 -0.7 -0.701 -0.705 -0.71 -0.705 -0.7 -0.69 -0.682 -0.675 -0.677 -0.687 -0.707 -0.739 -0.791 -0.846 -0.899 -0.936 -0.956 -0.955 -0.942 -0.925 -0.91 -0.9 -0.897 -0.9 -0.905 -0.913 -0.926 -0.944 -0.95 -0.943 -0.926 -0.903 -0.878 -0.865
0.176 0.171 0.155 0.119 0.115 0.184 0.287 0.364 0.411 0.419 0.388 0.326 0.265 0.212 0.157 0.096 0.026 -0.068 -0.144 -0.215 -0.281 -0.335 -0.369 -0.401 -0.446 -0.503 -0.557 -0.604 -0.632 -0.687 -0.727 -0.756 -0.776 -0.783 -0.786 -0.79 -0.79 -0.777 -0.756 -0.73 -0.706 -0.689 -0.674 -0.667 -0.678 -0.694 -0.697 -0.7 -0.704 -0.71 -0.721 -0.733 -0.748 -0.771 -0.813 -0.862 -0.908 -0.94 -0.959 -0.96 -0.951 -0.94 -0.931 -0.924 -0.925 -0.926 -0.927 -0.927 -0.931 -0.943 -0.95 -0.948 -0.942 -0.93 -0.911 -0.895
0.108 0.098 0.086 0.051 0.031 0.087 0.189 0.278 0.335 0.35 0.325 0.27 0.206 0.144 0.09 0.041 -0.027 -0.114 -0.201 -0.28 -0.354 -0.41 -0.453 -0.499 -0.548 -0.592 -0.631 -0.679 -0.716 -0.75 -0.77 -0.792 -0.807 -0.811 -0.794 -0.785 -0.791 -0.774 -0.747 -0.713 -0.683 -0.663 -0.649 -0.657 -0.664 -0.687 -0.701 -0.719 -0.739 -0.759 -0.775 -0.785 -0.793 -0.803 -0.835 -0.877 -0.916 -0.943 -0.958 -0.961 -0.958 -0.952 -0.947 -0.944 -0.947 -0.948 -0.946 -0.945 -0.947 -0.951 -0.955 -0.954 -0.954 -0.951 -0.943 -0.93
0.019 -0.002 -0.017 -0.038 -0.063 -0.019 0.078 0.176 0.24 0.266 0.246 0.199 0.142 0.079 0.019 -0.032 -0.098 -0.188 -0.27 -0.352 -0.426 -0.488 -0.539 -0.578 -0.612 -0.644 -0.673 -0.721 -0.76 -0.78 -0.787 -0.797 -0.816 -0.821 -0.812 -0.792 -0.782 -0.756 -0.721 -0.681 -0.655 -0.652 -0.66 -0.67 -0.688 -0.711 -0.733 -0.761 -0.79 -0.812 -0.824 -0.828 -0.829 -0.835 -0.857 -0.888 -0.919 -0.942 -0.954 -0.958 -0.958 -0.954 -0.952 -0.953 -0.958 -0.963 -0.965 -0.967 -0.97 -0.972 -0.971 -0.97 -0.97 -0.969 -0.967 -0.958
-0.089 -0.105 -0.123 -0.141 -0.161 -0.122 -0.033 0.061 0.132 0.163 0.151 0.107 0.057 -0.005 -0.067 -0.128 -0.189 -0.268 -0.353 -0.432 -0.5 -0.556 -0.593 -0.62 -0.644 -0.667 -0.699 -0.744 -0.779 -0.794 -0.79 -0.784 -0.804 -0.814 -0.81 -0.799 -0.775 -0.741 -0.704 -0.677 -0.664 -0.678 -0.691 -0.706 -0.739 -0.764 -0.789 -0.815 -0.84 -0.857 -0.863 -0.86 -0.855 -0.856 -0.872 -0.891 -0.913 -0.931 -0.94 -0.943 -0.941 -0.942 -0.943 -0.947 -0.955 -0.962 -0.97 -0.976 -0.98 -0.989 -0.996 -1 -0.998 -0.993 -0.993 -0.991
-0.187 -0.2 -0.219 -0.24 -0.252 -0.222 -0.148 -0.064 0.003 0.033 0.023 -0.012 -0.059 -0.115 -0.172 -0.234 -0.296 -0.361 -0.433 -0.5 -0.548 -0.589 -0.606 -0.619 -0.64 -0.661 -0.7 -0.742 -0.781 -0.803 -0.798 -0.78 -0.784 -0.79 -0.791 -0.781 -0.759 -0.717 -0.698 -0.692 -0.699 -0.716 -0.727 -0.749 -0.787 -0.812 -0.835 -0.857 -0.875 -0.887 -0.89 -0.878 -0.865 -0.861 -0.871 -0.88 -0.892 -0.904 -0.911 -0.912 -0.909 -0.919 -0.928 -0.936 -0.943 -0.95 -0.956 -0.966 -0.975 -0.985 -0.998 -1.01 -1.018 -1.023 -1.026 -1.028
-0.259 -0.267 -0.283 -0.308 -0.324 -0.309 -0.262 -0.196 -0.146 -0.125 -0.128 -0.158 -0.198 -0.245 -0.293 -0.346 -0.398 -0.454 -0.506 -0.546 -0.563 -0.586 -0.596 -0.601 -0.614 -0.638 -0.672 -0.717 -0.766 -0.801 -0.81 -0.785 -0.773 -0.754 -0.753 -0.748 -0.735 -0.714 -0.71 -0.716 -0.728 -0.745 -0.767 -0.791 -0.821 -0.843 -0.864 -0.879 -0.887 -0.894 -0.901 -0.891 -0.87 -0.856 -0.853 -0.85 -0.856 -0.863 -0.872 -0.876 -0.874 -0.886 -0.909 -0.922 -0.93 -0.935 -0.936 -0.942 -0.954 -0.967 -0.983 -1.001 -1.017 -1.029 -1.036 -1.042
-0.309 -0.314 -0.329 -0.351 -0.374 -0.376 -0.359 -0.327 -0.299 -0.285 -0.283 -0.301 -0.337 -0.376 -0.412 -0.45 -0.488 -0.527 -0.556 -0.565 -0.581 -0.593 -0.605 -0.598 -0.587 -0.605 -0.629 -0.678 -0.742 -0.788 -0.804 -0.792 -0.769 -0.725 -0.699 -0.689 -0.677 -0.687 -0.697 -0.711 -0.725 -0.749 -0.781 -0.809 -0.834 -0.851 -0.872 -0.892 -0.901 -0.901 -0.902 -0.884 -0.873 -0.854 -0.825 -0.807 -0.811 -0.817 -0.819 -0.825 -0.832 -0.849 -0.886 -0.91 -0.923 -0.932 -0.929 -0.928 -0.939 -0.952 -0.964 -0.985 -1.005 -1.019 -1.029 -1.037
-0.341 -0.342 -0.354 -0.376 -0.399 -0.416 -0.421 -0.417 -0.411 -0.408 -0.411 -0.423 -0.45 -0.479 -0.505 -0.524 -0.531 -0.563 -0.569 -0.555 -0.577 -0.599 -0.597 -0.581 -0.557 -0.565 -0.59 -0.644 -0.72 -0.768 -0.787 -0.778 -0.752 -0.696 -0.645 -0.629 -0.62 -0.627 -0.655 -0.674 -0.687 -0.724 -0.753 -0.786 -0.81 -0.826 -0.861 -0.886 -0.898 -0.906 -0.901 -0.88 -0.865 -0.849 -0.801 -0.77 -0.761 -0.763 -0.762 -0.768 -0.786 -0.82 -0.867 -0.905 -0.927 -0.936 -0.929 -0.924 -0.929 -0.941 -0.956 -0.971 -0.986 -0.999 -1.009 -1.016
