data/climatemaps/RS_maps/climate_winter_pr_2003.asc
NCOLS 369 
NROWS 228 
XLLCORNER 479000 
YLLCORNER 73000 
CELLSIZE 1000 
NODATA_value -9 
[rows 68 to 101 of 228, columns 76 to 151 of 369]
0.271 0.267 0.275 0.306 0.341 0.352 0.324 0.247 0.21 0.228 0.248 0.288 0.325 0.33 0.304 0.257 0.208 0.171 0.149 0.142 0.153 0.178 0.201 0.208 0.182 0.118 0.056 0.008 0.002 0.049 0.12 0.2 0.249 0.268 0.274 0.281 0.297 0.309 0.346 0.403 0.469 0.539 0.605 0.667 0.708 0.711 0.691 0.665 0.626 0.607 0.596 0.569 0.521 0.456 0.378 0.288 0.2 0.12 0.058 0.013 -0.03 -0.068 -0.105 -0.141 -0.184 -0.229 -0.276 -0.322 -0.353 -0.376 -0.385 -0.386 -0.399 -0.41 -0.409 -0.384
0.27 0.264 0.277 0.303 0.325 0.32 0.293 0.253 0.258 0.267 0.278 0.307 0.326 0.317 0.279 0.226 0.176 0.139 0.118 0.114 0.127 0.153 0.178 0.184 0.154 0.091 0.025 -0.022 -0.027 0.017 0.091 0.168 0.225 0.263 0.286 0.305 0.332 0.372 0.431 0.49 0.557 0.626 0.681 0.701 0.712 0.686 0.647 0.594 0.548 0.511 0.479 0.442 0.397 0.34 0.265 0.173 0.078 -0.005 -0.062 -0.103 -0.136 -0.161 -0.184 -0.214 -0.241 -0.267 -0.303 -0.333 -0.348 -0.359 -0.369 -0.381 -0.386 -0.388 -0.395 -0.39
0.272 0.261 0.272 0.286 0.287 0.279 0.279 0.294 0.302 0.305 0.318 0.334 0.335 0.307 0.259 0.204 0.151 0.111 0.083 0.07 0.075 0.094 0.122 0.136 0.115 0.062 0 -0.028 -0.012 0.051 0.14 0.23 0.301 0.353 0.392 0.427 0.461 0.505 0.553 0.6 0.646 0.673 0.668 0.648 0.616 0.571 0.527 0.478 0.43 0.39 0.351 0.311 0.269 0.201 0.123 0.04 -0.044 -0.113 -0.162 -0.191 -0.209 -0.215 -0.222 -0.245 -0.268 -0.295 -0.315 -0.323 -0.329 -0.341 -0.355 -0.367 -0.365 -0.364 -0.371 -0.383
0.268 0.256 0.254 0.245 0.24 0.271 0.312 0.337 0.346 0.359 0.373 0.373 0.351 0.308 0.254 0.197 0.137 0.084 0.043 0.023 0.024 0.042 0.067 0.079 0.067 0.028 -0.016 -0.017 0.018 0.094 0.194 0.297 0.386 0.452 0.503 0.544 0.572 0.601 0.627 0.647 0.654 0.631 0.58 0.534 0.482 0.435 0.39 0.343 0.297 0.256 0.217 0.178 0.131 0.065 -0.006 -0.079 -0.144 -0.197 -0.232 -0.245 -0.247 -0.242 -0.241 -0.255 -0.276 -0.294 -0.305 -0.307 -0.315 -0.328 -0.341 -0.352 -0.351 -0.348 -0.352 -0.367
0.263 0.244 0.21 0.201 0.237 0.295 0.341 0.377 0.404 0.427 0.429 0.411 0.376 0.324 0.265 0.2 0.131 0.066 0.015 -0.015 -0.027 -0.025 -0.011 0.003 0.003 -0.014 -0.028 -0.009 0.03 0.106 0.204 0.308 0.399 0.478 0.544 0.593 0.621 0.634 0.633 0.615 0.577 0.518 0.453 0.392 0.334 0.287 0.244 0.2 0.159 0.123 0.089 0.053 0.011 -0.044 -0.105 -0.164 -0.213 -0.252 -0.271 -0.269 -0.26 -0.251 -0.25 -0.259 -0.274 -0.284 -0.291 -0.294 -0.302 -0.31 -0.324 -0.338 -0.336 -0.335 -0.335 -0.348
0.249 0.214 0.163 0.194 0.247 0.307 0.371 0.426 0.464 0.481 0.471 0.446 0.406 0.351 0.285 0.208 0.128 0.047 -0.019 -0.067 -0.098 -0.108 -0.1 -0.082 -0.069 -0.062 -0.04 -0.022 0.004 0.064 0.138 0.242 0.352 0.456 0.532 0.581 0.6 0.594 0.562 0.507 0.438 0.369 0.307 0.247 0.193 0.152 0.114 0.078 0.045 0.014 -0.014 -0.042 -0.075 -0.118 -0.165 -0.212 -0.25 -0.275 -0.283 -0.275 -0.26 -0.249 -0.244 -0.25 -0.264 -0.27 -0.274 -0.274 -0.281 -0.294 -0.307 -0.324 -0.32 -0.318 -0.312 -0.321
0.221 0.167 0.144 0.19 0.242 0.316 0.398 0.463 0.499 0.51 0.499 0.472 0.428 0.366 0.287 0.197 0.101 0.007 -0.064 -0.109 -0.132 -0.136 -0.122 -0.094 -0.072 -0.058 -0.044 -0.039 -0.021 0.018 0.075 0.188 0.303 0.401 0.467 0.511 0.519 0.493 0.441 0.37 0.293 0.225 0.165 0.114 0.074 0.043 0.018 -0.006 -0.029 -0.053 -0.072 -0.091 -0.119 -0.162 -0.201 -0.236 -0.26 -0.274 -0.275 -0.263 -0.244 -0.23 -0.222 -0.233 -0.246 -0.25 -0.252 -0.255 -0.268 -0.279 -0.289 -0.31 -0.3 -0.294 -0.291 -0.302
0.158 0.123 0.14 0.175 0.232 0.314 0.401 0.468 0.504 0.517 0.505 0.474 0.419 0.341 0.246 0.147 0.05 -0.015 -0.051 -0.062 -0.051 -0.047 -0.026 0.014 0.041 0.054 0.041 0.035 0.046 0.04 0.053 0.151 0.233 0.315 0.387 0.415 0.403 0.359 0.297 0.225 0.157 0.095 0.041 0.003 -0.018 -0.029 -0.033 -0.037 -0.047 -0.064 -0.078 -0.105 -0.143 -0.188 -0.22 -0.241 -0.254 -0.26 -0.253 -0.236 -0.213 -0.202 -0.202 -0.212 -0.222 -0.226 -0.232 -0.24 -0.244 -0.245 -0.263 -0.293 -0.286 -0.274 -0.276 -0.286
0.121 0.103 0.122 0.157 0.214 0.299 0.387 0.452 0.486 0.499 0.487 0.446 0.371 0.276 0.172 0.091 0.046 0.04 0.056 0.073 0.092 0.108 0.14 0.175 0.199 0.208 0.188 0.168 0.14 0.089 0.046 0.086 0.158 0.224 0.249 0.253 0.24 0.205 0.153 0.094 0.036 -0.018 -0.06 -0.08 -0.075 -0.054 -0.035 -0.016 -0.013 -0.032 -0.066 -0.11 -0.158 -0.194 -0.22 -0.234 -0.24 -0.239 -0.224 -0.205 -0.184 -0.18 -0.179 -0.176 -0.188 -0.198 -0.202 -0.196 -0.19 -0.197 -0.226 -0.272 -0.279 -0.27 -0.257 -0.261
0.103 0.1 0.106 0.142 0.2 0.276 0.356 0.416 0.444 0.454 0.434 0.38 0.289 0.197 0.136 0.12 0.137 0.165 0.196 0.223 0.248 0.275 0.306 0.337 0.353 0.346 0.309 0.244 0.176 0.106 0.054 0.032 0.056 0.077 0.101 0.12 0.119 0.085 0.036 -0.017 -0.063 -0.104 -0.129 -0.126 -0.085 -0.038 0 0.028 0.03 -0.005 -0.053 -0.107 -0.154 -0.188 -0.209 -0.221 -0.222 -0.217 -0.2 -0.179 -0.161 -0.155 -0.136 -0.125 -0.141 -0.14 -0.133 -0.133 -0.13 -0.137 -0.183 -0.251 -0.274 -0.268 -0.241 -0.24
0.133 0.125 0.107 0.136 0.184 0.248 0.314 0.359 0.371 0.365 0.335 0.272 0.209 0.19 0.216 0.245 0.283 0.323 0.355 0.381 0.397 0.421 0.44 0.454 0.448 0.426 0.373 0.311 0.237 0.155 0.059 -0.021 -0.044 -0.03 0.003 0.012 -0.009 -0.041 -0.074 -0.107 -0.136 -0.157 -0.16 -0.125 -0.066 -0.012 0.033 0.058 0.056 0.029 -0.022 -0.091 -0.146 -0.184 -0.199 -0.205 -0.201 -0.193 -0.178 -0.158 -0.141 -0.121 -0.097 -0.079 -0.092 -0.064 -0.062 -0.066 -0.061 -0.079 -0.152 -0.22 -0.235 -0.252 -0.228 -0.224
0.164 0.138 0.125 0.143 0.177 0.223 0.266 0.287 0.277 0.255 0.218 0.205 0.224 0.265 0.322 0.393 0.45 0.489 0.504 0.508 0.505 0.511 0.52 0.529 0.522 0.479 0.427 0.386 0.292 0.16 0.022 -0.07 -0.105 -0.105 -0.091 -0.099 -0.123 -0.143 -0.16 -0.173 -0.181 -0.177 -0.157 -0.105 -0.042 0.013 0.054 0.088 0.087 0.05 -0.018 -0.092 -0.147 -0.182 -0.196 -0.191 -0.184 -0.173 -0.151 -0.134 -0.104 -0.066 -0.049 -0.017 -0.032 0.008 0.021 0.02 0.024 -0.031 -0.108 -0.18 -0.196 -0.221 -0.231 -0.224
0.19 0.165 0.153 0.165 0.184 0.205 0.218 0.208 0.19 0.185 0.207 0.234 0.279 0.347 0.434 0.519 0.577 0.592 0.578 0.552 0.548 0.566 0.581 0.571 0.533 0.491 0.468 0.382 0.254 0.106 -0.016 -0.101 -0.145 -0.171 -0.182 -0.189 -0.201 -0.212 -0.213 -0.202 -0.193 -0.169 -0.141 -0.085 -0.024 0.037 0.086 0.104 0.099 0.053 -0.038 -0.106 -0.154 -0.184 -0.194 -0.185 -0.175 -0.16 -0.128 -0.097 -0.05 -0.021 -0.011 0.009 0.035 0.073 0.105 0.104 0.096 0.036 -0.043 -0.118 -0.189 -0.222 -0.228 -0.214
0.227 0.205 0.195 0.199 0.2 0.195 0.188 0.184 0.203 0.218 0.241 0.281 0.345 0.443 0.531 0.593 0.61 0.596 0.57 0.547 0.566 0.564 0.538 0.505 0.486 0.462 0.399 0.274 0.145 0.04 -0.057 -0.136 -0.185 -0.212 -0.231 -0.241 -0.249 -0.249 -0.223 -0.201 -0.197 -0.167 -0.131 -0.071 -0.009 0.04 0.074 0.076 0.057 -0.011 -0.081 -0.129 -0.167 -0.19 -0.195 -0.182 -0.168 -0.149 -0.119 -0.076 -0.032 -0.002 0.014 0.048 0.097 0.131 0.183 0.193 0.164 0.107 0.03 -0.035 -0.13 -0.18 -0.212 -0.196
0.276 0.257 0.248 0.246 0.231 0.21 0.215 0.224 0.235 0.257 0.294 0.347 0.426 0.523 0.586 0.592 0.575 0.546 0.522 0.514 0.506 0.476 0.445 0.431 0.409 0.349 0.251 0.144 0.057 -0.024 -0.1 -0.165 -0.21 -0.238 -0.26 -0.27 -0.274 -0.265 -0.24 -0.223 -0.203 -0.165 -0.12 -0.069 -0.024 0.012 0.022 0 -0.041 -0.085 -0.123 -0.155 -0.184 -0.199 -0.198 -0.182 -0.163 -0.141 -0.105 -0.07 -0.037 0.007 0.031 0.092 0.139 0.189 0.243 0.274 0.231 0.189 0.101 0.025 -0.063 -0.11 -0.177 -0.18
0.333 0.321 0.316 0.31 0.296 0.282 0.274 0.263 0.268 0.29 0.332 0.396 0.489 0.558 0.574 0.551 0.515 0.477 0.453 0.44 0.422 0.399 0.373 0.341 0.281 0.19 0.1 0.032 -0.031 -0.086 -0.131 -0.176 -0.216 -0.244 -0.276 -0.286 -0.283 -0.268 -0.244 -0.219 -0.194 -0.164 -0.122 -0.085 -0.063 -0.055 -0.072 -0.091 -0.112 -0.131 -0.154 -0.18 -0.2 -0.206 -0.201 -0.184 -0.163 -0.135 -0.083 -0.051 -0.026 0.01 0.053 0.119 0.172 0.244 0.297 0.321 0.285 0.247 0.164 0.091 0.004 -0.054 -0.13 -0.148
0.395 0.387 0.39 0.403 0.395 0.367 0.327 0.291 0.276 0.291 0.337 0.422 0.511 0.541 0.532 0.495 0.444 0.403 0.379 0.369 0.36 0.337 0.286 0.213 0.133 0.045 -0.02 -0.072 -0.112 -0.139 -0.164 -0.2 -0.24 -0.273 -0.292 -0.294 -0.278 -0.252 -0.223 -0.197 -0.183 -0.178 -0.163 -0.151 -0.153 -0.147 -0.144 -0.146 -0.149 -0.155 -0.178 -0.198 -0.211 -0.211 -0.203 -0.187 -0.163 -0.127 -0.067 -0.035 -0.016 0.026 0.084 0.137 0.193 0.268 0.333 0.359 0.333 0.291 0.221 0.152 0.059 -0.012 -0.07 -0.081
0.462 0.459 0.477 0.491 0.468 0.417 0.348 0.292 0.267 0.277 0.332 0.438 0.506 0.508 0.486 0.436 0.368 0.324 0.306 0.305 0.292 0.244 0.159 0.074 -0.003 -0.07 -0.128 -0.164 -0.177 -0.181 -0.206 -0.241 -0.268 -0.292 -0.304 -0.297 -0.268 -0.238 -0.21 -0.195 -0.203 -0.218 -0.227 -0.231 -0.217 -0.198 -0.19 -0.182 -0.168 -0.171 -0.192 -0.209 -0.216 -0.213 -0.206 -0.189 -0.165 -0.126 -0.076 -0.036 -0.011 0.04 0.11 0.173 0.238 0.302 0.347 0.392 0.359 0.311 0.252 0.184 0.111 0.056 0.007 -0.007
0.531 0.533 0.545 0.525 0.469 0.389 0.307 0.246 0.227 0.242 0.321 0.437 0.487 0.47 0.439 0.361 0.283 0.238 0.223 0.216 0.17 0.102 0.031 -0.038 -0.106 -0.171 -0.221 -0.236 -0.233 -0.237 -0.256 -0.272 -0.29 -0.309 -0.317 -0.303 -0.269 -0.24 -0.212 -0.208 -0.234 -0.255 -0.271 -0.269 -0.249 -0.231 -0.218 -0.204 -0.181 -0.183 -0.199 -0.211 -0.22 -0.215 -0.208 -0.193 -0.166 -0.128 -0.093 -0.054 -0.015 0.048 0.116 0.194 0.281 0.346 0.376 0.405 0.365 0.331 0.289 0.24 0.189 0.149 0.101 0.084
0.602 0.591 0.556 0.49 0.395 0.288 0.198 0.136 0.134 0.188 0.314 0.422 0.446 0.415 0.359 0.262 0.178 0.131 0.103 0.069 0.022 -0.023 -0.07 -0.131 -0.197 -0.256 -0.29 -0.299 -0.303 -0.303 -0.302 -0.304 -0.315 -0.327 -0.332 -0.316 -0.285 -0.256 -0.226 -0.233 -0.256 -0.279 -0.3 -0.296 -0.274 -0.255 -0.234 -0.212 -0.188 -0.192 -0.198 -0.208 -0.223 -0.22 -0.211 -0.197 -0.171 -0.139 -0.106 -0.068 -0.019 0.044 0.109 0.197 0.302 0.361 0.391 0.405 0.372 0.358 0.33 0.306 0.278 0.239 0.2 0.185
0.65 0.61 0.526 0.405 0.267 0.148 0.067 0.035 0.069 0.168 0.308 0.384 0.382 0.34 0.25 0.14 0.045 -0.011 -0.044 -0.069 -0.09 -0.117 -0.158 -0.212 -0.269 -0.317 -0.347 -0.363 -0.362 -0.35 -0.34 -0.334 -0.338 -0.343 -0.336 -0.317 -0.298 -0.278 -0.258 -0.264 -0.282 -0.304 -0.318 -0.315 -0.294 -0.27 -0.241 -0.22 -0.209 -0.208 -0.202 -0.214 -0.228 -0.225 -0.211 -0.199 -0.173 -0.15 -0.125 -0.09 -0.03 0.005 0.084 0.187 0.278 0.337 0.379 0.388 0.362 0.362 0.353 0.359 0.353 0.319 0.3 0.287
0.668 0.578 0.44 0.287 0.142 0.033 -0.016 -0.008 0.066 0.18 0.301 0.335 0.309 0.232 0.111 0.005 -0.077 -0.125 -0.149 -0.162 -0.174 -0.194 -0.227 -0.269 -0.312 -0.355 -0.389 -0.4 -0.396 -0.383 -0.369 -0.359 -0.355 -0.348 -0.323 -0.302 -0.287 -0.273 -0.261 -0.268 -0.29 -0.309 -0.316 -0.313 -0.294 -0.274 -0.254 -0.238 -0.231 -0.228 -0.225 -0.232 -0.24 -0.232 -0.218 -0.198 -0.167 -0.144 -0.13 -0.113 -0.068 -0.032 0.052 0.153 0.212 0.285 0.333 0.352 0.327 0.329 0.346 0.357 0.38 0.398 0.393 0.394
0.636 0.509 0.341 0.172 0.037 -0.042 -0.05 0.005 0.104 0.223 0.282 0.255 0.209 0.104 -0.005 -0.099 -0.167 -0.202 -0.218 -0.231 -0.24 -0.253 -0.272 -0.295 -0.33 -0.378 -0.405 -0.419 -0.417 -0.404 -0.39 -0.376 -0.363 -0.34 -0.296 -0.27 -0.242 -0.228 -0.228 -0.25 -0.278 -0.296 -0.306 -0.297 -0.286 -0.277 -0.276 -0.265 -0.253 -0.249 -0.25 -0.248 -0.247 -0.236 -0.22 -0.183 -0.146 -0.117 -0.117 -0.128 -0.096 -0.044 0.036 0.102 0.134 0.2 0.248 0.268 0.256 0.289 0.283 0.299 0.332 0.365 0.409 0.433
0.583 0.424 0.239 0.076 -0.038 -0.08 -0.037 0.054 0.162 0.24 0.22 0.177 0.106 -0.001 -0.098 -0.182 -0.232 -0.238 -0.265 -0.287 -0.283 -0.272 -0.28 -0.299 -0.353 -0.389 -0.411 -0.43 -0.431 -0.419 -0.402 -0.379 -0.357 -0.307 -0.265 -0.219 -0.184 -0.157 -0.155 -0.188 -0.236 -0.262 -0.282 -0.294 -0.294 -0.29 -0.29 -0.277 -0.268 -0.271 -0.268 -0.254 -0.243 -0.229 -0.191 -0.172 -0.13 -0.11 -0.1 -0.125 -0.102 -0.058 -0.004 0.015 0.044 0.122 0.17 0.155 0.161 0.173 0.205 0.268 0.314 0.402 0.441 0.498
0.504 0.328 0.149 0.005 -0.076 -0.071 0.009 0.113 0.18 0.182 0.138 0.089 0.003 -0.089 -0.179 -0.242 -0.265 -0.302 -0.325 -0.324 -0.301 -0.281 -0.291 -0.335 -0.371 -0.402 -0.429 -0.442 -0.44 -0.426 -0.399 -0.371 -0.338 -0.284 -0.224 -0.157 -0.1 -0.067 -0.076 -0.105 -0.154 -0.176 -0.192 -0.224 -0.265 -0.291 -0.302 -0.297 -0.289 -0.289 -0.275 -0.246 -0.213 -0.205 -0.183 -0.147 -0.087 -0.083 -0.048 -0.101 -0.124 -0.088 -0.086 -0.075 -0.008 0.036 0.063 0.035 0.048 0.083 0.159 0.241 0.301 0.369 0.481 0.537
0.404 0.235 0.07 -0.046 -0.09 -0.045 0.046 0.107 0.121 0.096 0.047 -0.015 -0.087 -0.173 -0.253 -0.298 -0.331 -0.361 -0.366 -0.345 -0.315 -0.311 -0.336 -0.364 -0.383 -0.416 -0.443 -0.455 -0.448 -0.423 -0.398 -0.373 -0.313 -0.246 -0.177 -0.103 -0.027 0.004 -0.011 -0.049 -0.09 -0.118 -0.145 -0.183 -0.226 -0.266 -0.294 -0.315 -0.319 -0.301 -0.267 -0.224 -0.175 -0.157 -0.147 -0.109 -0.06 -0.044 0.001 -0.041 -0.122 -0.148 -0.152 -0.118 -0.072 -0.051 -0.064 -0.069 -0.017 0.023 0.068 0.151 0.261 0.355 0.427 0.532
0.292 0.134 -0.003 -0.084 -0.104 -0.052 0.012 0.043 0.036 -0.003 -0.053 -0.111 -0.179 -0.254 -0.32 -0.368 -0.398 -0.411 -0.404 -0.379 -0.362 -0.36 -0.379 -0.393 -0.411 -0.441 -0.462 -0.469 -0.451 -0.425 -0.412 -0.354 -0.287 -0.21 -0.133 -0.056 0.011 0.017 0.013 -0.038 -0.073 -0.099 -0.127 -0.176 -0.222 -0.264 -0.301 -0.324 -0.325 -0.297 -0.238 -0.179 -0.133 -0.107 -0.117 -0.062 -0.016 0.011 0.066 0.017 -0.081 -0.147 -0.184 -0.175 -0.159 -0.162 -0.163 -0.139 -0.099 -0.08 -0.001 0.094 0.237 0.357 0.43 0.503
0.161 0.025 -0.082 -0.136 -0.143 -0.108 -0.065 -0.047 -0.063 -0.097 -0.145 -0.203 -0.265 -0.327 -0.378 -0.415 -0.44 -0.45 -0.447 -0.433 -0.423 -0.42 -0.425 -0.435 -0.452 -0.472 -0.487 -0.484 -0.457 -0.444 -0.427 -0.357 -0.293 -0.209 -0.129 -0.063 -0.027 -0.029 -0.051 -0.081 -0.11 -0.134 -0.166 -0.216 -0.254 -0.298 -0.332 -0.342 -0.326 -0.266 -0.195 -0.129 -0.094 -0.078 -0.068 -0.012 0.038 0.088 0.105 0.056 -0.004 -0.11 -0.163 -0.196 -0.211 -0.218 -0.209 -0.203 -0.173 -0.115 -0.04 0.053 0.197 0.34 0.442 0.526
0.017 -0.095 -0.173 -0.208 -0.207 -0.184 -0.157 -0.144 -0.155 -0.186 -0.232 -0.285 -0.339 -0.387 -0.426 -0.453 -0.472 -0.481 -0.481 -0.477 -0.472 -0.469 -0.471 -0.479 -0.49 -0.504 -0.513 -0.502 -0.481 -0.464 -0.451 -0.4 -0.332 -0.264 -0.203 -0.144 -0.114 -0.123 -0.126 -0.143 -0.174 -0.212 -0.244 -0.277 -0.312 -0.362 -0.387 -0.381 -0.342 -0.262 -0.186 -0.125 -0.074 -0.043 0.002 0.053 0.096 0.148 0.152 0.125 0.055 -0.057 -0.098 -0.149 -0.186 -0.218 -0.24 -0.248 -0.213 -0.15 -0.08 0.007 0.152 0.306 0.377 0.472
-0.125 -0.216 -0.268 -0.285 -0.276 -0.256 -0.235 -0.228 -0.24 -0.27 -0.31 -0.354 -0.397 -0.433 -0.462 -0.483 -0.497 -0.503 -0.502 -0.503 -0.504 -0.505 -0.51 -0.517 -0.525 -0.533 -0.538 -0.525 -0.511 -0.491 -0.486 -0.453 -0.39 -0.34 -0.281 -0.232 -0.212 -0.22 -0.218 -0.235 -0.265 -0.298 -0.323 -0.348 -0.381 -0.433 -0.449 -0.443 -0.394 -0.33 -0.224 -0.131 -0.055 -0.053 0.009 0.067 0.132 0.17 0.2 0.158 0.078 0.01 -0.018 -0.087 -0.132 -0.16 -0.207 -0.268 -0.266 -0.21 -0.146 -0.048 0.083 0.233 0.295 0.41
-0.247 -0.312 -0.343 -0.346 -0.333 -0.314 -0.302 -0.302 -0.316 -0.342 -0.375 -0.408 -0.439 -0.465 -0.486 -0.502 -0.512 -0.514 -0.511 -0.516 -0.523 -0.53 -0.537 -0.544 -0.55 -0.556 -0.557 -0.551 -0.545 -0.533 -0.533 -0.503 -0.461 -0.419 -0.366 -0.326 -0.315 -0.328 -0.343 -0.358 -0.382 -0.401 -0.417 -0.438 -0.464 -0.493 -0.505 -0.501 -0.474 -0.416 -0.306 -0.199 -0.119 -0.127 -0.048 0.018 0.102 0.18 0.195 0.145 0.131 0.086 0.053 -0.022 -0.051 -0.087 -0.127 -0.235 -0.284 -0.244 -0.181 -0.08 0.021 0.138 0.214 0.345
-0.335 -0.378 -0.394 -0.389 -0.376 -0.363 -0.359 -0.365 -0.379 -0.4 -0.423 -0.445 -0.465 -0.482 -0.497 -0.51 -0.511 -0.497 -0.49 -0.509 -0.537 -0.548 -0.557 -0.563 -0.565 -0.565 -0.57 -0.575 -0.579 -0.579 -0.575 -0.539 -0.502 -0.463 -0.43 -0.406 -0.408 -0.429 -0.451 -0.468 -0.488 -0.495 -0.5 -0.509 -0.522 -0.542 -0.547 -0.545 -0.534 -0.493 -0.421 -0.322 -0.243 -0.226 -0.137 -0.064 0.039 0.139 0.151 0.164 0.185 0.149 0.098 0.038 0.034 -0.005 -0.044 -0.186 -0.279 -0.258 -0.194 -0.149 -0.046 0.031 0.147 0.235
-0.389 -0.417 -0.425 -0.419 -0.409 -0.402 -0.403 -0.411 -0.425 -0.441 -0.456 -0.467 -0.475 -0.483 -0.491 -0.499 -0.498 -0.487 -0.506 -0.536 -0.557 -0.565 -0.572 -0.572 -0.564 -0.557 -0.57 -0.589 -0.6 -0.613 -0.599 -0.554 -0.499 -0.451 -0.429 -0.415 -0.434 -0.465 -0.489 -0.513 -0.543 -0.547 -0.552 -0.558 -0.566 -0.584 -0.581 -0.579 -0.574 -0.531 -0.482 -0.428 -0.377 -0.335 -0.249 -0.146 -0.037 0.078 0.089 0.154 0.201 0.177 0.139 0.115 0.118 0.079 0.009 -0.146 -0.262 -0.258 -0.229 -0.198 -0.125 -0.056 0.035 0.106
-0.413 -0.436 -0.441 -0.437 -0.432 -0.429 -0.433 -0.442 -0.455 -0.466 -0.473 -0.471 -0.469 -0.464 -0.468 -0.487 -0.508 -0.527 -0.551 -0.569 -0.58 -0.585 -0.583 -0.57 -0.551 -0.548 -0.566 -0.595 -0.611 -0.636 -0.613 -0.56 -0.499 -0.444 -0.43 -0.427 -0.456 -0.487 -0.514 -0.543 -0.566 -0.577 -0.587 -0.596 -0.605 -0.616 -0.612 -0.606 -0.603 -0.55 -0.502 -0.456 -0.449 -0.426 -0.342 -0.226 -0.12 -0.027 0.006 0.122 0.179 0.19 0.209 0.201 0.199 0.141 0.037 -0.11 -0.244 -0.29 -0.294 -0.262 -0.206 -0.163 -0.097 0.009
