data/climatemaps/RS_maps/climate_winter_pr_2000.asc
NCOLS 369 
NROWS 228 
XLLCORNER 479000 
YLLCORNER 73000 
CELLSIZE 1000 
NODATA_value -9 
[rows 99 to 131 of 228, columns 0 to 75 of 369]
-9 -9 -9 -9 -9 -9 -9 -9 -9 -9 -9 -9 -9 -9 -9 -9 -9 -9 -9 -9 -9 -9 -9 -9 -9 -9 -9 -9 -9 -9 -9 -9 -9 0.376 0.419 0.464 0.497 0.514 0.527 0.552 0.587 0.626 0.655 0.689 0.704 0.709 0.716 0.736 0.765 0.777 0.764 0.724 0.674 0.627 0.604 0.607 0.623 0.634 0.632 0.61 0.577 0.533 0.481 0.413 0.331 0.25 0.202 0.176 0.171 0.162 0.138 0.114 0.057 -0.033 -0.129 -0.215
-9 -9 -9 -9 -9 -9 -9 -9 -9 -9 -9 -9 -9 -9 -9 -9 -9 -9 -9 -9 -9 -9 -9 -9 -9 -9 -9 -9 -9 -9 -9 -9 -9 0.435 0.475 0.507 0.515 0.505 0.496 0.508 0.541 0.587 0.65 0.698 0.719 0.73 0.749 0.778 0.809 0.812 0.794 0.754 0.71 0.671 0.646 0.635 0.628 0.614 0.59 0.537 0.484 0.427 0.366 0.307 0.217 0.167 0.153 0.164 0.17 0.169 0.165 0.133 0.027 -0.094 -0.196 -0.271
-9 -9 -9 -9 -9 -9 -9 -9 -9 -9 -9 -9 -9 -9 -9 -9 -9 -9 -9 -9 -9 -9 -9 -9 -9 -9 -9 -9 -9 -9 -9 -9 0.462 0.482 0.51 0.521 0.501 0.468 0.448 0.456 0.502 0.575 0.649 0.701 0.731 0.754 0.783 0.809 0.823 0.815 0.792 0.755 0.713 0.672 0.637 0.611 0.583 0.552 0.498 0.423 0.353 0.289 0.215 0.168 0.152 0.182 0.215 0.245 0.266 0.286 0.258 0.166 0.026 -0.113 -0.215 -0.285
-9 -9 -9 -9 -9 -9 -9 -9 -9 -9 -9 -9 -9 -9 -9 -9 -9 -9 -9 -9 -9 -9 -9 -9 -9 -9 -9 -9 -9 -9 -9 -9 0.497 0.502 0.512 0.497 0.459 0.419 0.399 0.415 0.473 0.556 0.637 0.703 0.75 0.787 0.811 0.821 0.817 0.797 0.764 0.716 0.663 0.613 0.57 0.531 0.487 0.434 0.362 0.285 0.215 0.151 0.119 0.125 0.172 0.24 0.304 0.361 0.39 0.371 0.293 0.163 0.016 -0.122 -0.221 -0.29
-9 -9 -9 -9 -9 -9 -9 -9 -9 -9 -9 -9 -9 -9 -9 -9 -9 -9 -9 -9 -9 -9 -9 -9 -9 -9 -9 -9 -9 -9 -9 -9 0.507 0.496 0.482 0.448 0.404 0.362 0.347 0.373 0.439 0.527 0.625 0.711 0.775 0.81 0.825 0.819 0.798 0.756 0.701 0.639 0.574 0.514 0.46 0.408 0.35 0.282 0.207 0.142 0.107 0.102 0.125 0.184 0.256 0.34 0.418 0.464 0.447 0.37 0.252 0.112 -0.028 -0.151 -0.239 -0.298
-9 -9 -9 -9 -9 -9 -9 -9 -9 -9 -9 -9 -9 -9 -9 -9 -9 -9 -9 -9 -9 -9 -9 -9 -9 -9 -9 -9 -9 -9 -9 -9 0.494 0.467 0.433 0.391 0.345 0.304 0.297 0.331 0.403 0.506 0.621 0.721 0.787 0.816 0.821 0.803 0.76 0.699 0.634 0.561 0.483 0.406 0.338 0.28 0.205 0.133 0.085 0.071 0.09 0.134 0.194 0.276 0.367 0.455 0.516 0.521 0.443 0.318 0.175 0.033 -0.094 -0.195 -0.262 -0.304
-9 -9 -9 -9 -9 -9 -9 -9 -9 -9 -9 -9 -9 -9 -9 -9 -9 -9 -9 -9 -9 -9 -9 -9 -9 -9 -9 -9 -9 -9 -9 -9 0.47 0.429 0.385 0.338 0.292 0.258 0.256 0.298 0.385 0.498 0.619 0.716 0.775 0.8 0.796 0.77 0.728 0.668 0.598 0.515 0.427 0.333 0.246 0.184 0.11 0.063 0.053 0.084 0.132 0.203 0.293 0.391 0.483 0.555 0.574 0.521 0.399 0.243 0.081 -0.058 -0.167 -0.237 -0.282 -0.31
-9 -9 -9 -9 -9 -9 -9 -9 -9 -9 -9 -9 -9 -9 -9 -9 -9 -9 -9 -9 -9 -9 -9 -9 -9 -9 -9 -9 -9 -9 -9 -9 -9 0.4 0.351 0.301 0.258 0.236 0.24 0.288 0.384 0.498 0.611 0.697 0.75 0.767 0.772 0.754 0.72 0.666 0.594 0.508 0.418 0.323 0.229 0.162 0.12 0.098 0.111 0.157 0.225 0.316 0.415 0.505 0.574 0.609 0.574 0.478 0.324 0.149 -0.015 -0.143 -0.226 -0.273 -0.302 -0.318
-9 -9 -9 -9 -9 -9 -9 -9 -9 -9 -9 -9 -9 -9 -9 -9 -9 -9 -9 -9 -9 -9 -9 -9 -9 -9 -9 -9 -9 -9 -9 -9 -9 0.394 0.344 0.295 0.258 0.241 0.249 0.297 0.392 0.499 0.6 0.678 0.725 0.752 0.76 0.742 0.707 0.656 0.591 0.516 0.431 0.351 0.29 0.243 0.212 0.199 0.219 0.27 0.345 0.436 0.522 0.588 0.622 0.61 0.533 0.406 0.234 0.053 -0.102 -0.21 -0.273 -0.303 -0.319 -0.327
-9 -9 -9 -9 -9 -9 -9 -9 -9 -9 -9 -9 -9 -9 -9 -9 -9 -9 -9 -9 -9 -9 -9 -9 -9 -9 -9 -9 -9 -9 -9 -9 -9 0.423 0.372 0.324 0.288 0.267 0.273 0.312 0.401 0.498 0.591 0.668 0.723 0.748 0.745 0.718 0.679 0.63 0.578 0.52 0.481 0.441 0.409 0.374 0.344 0.329 0.345 0.389 0.453 0.524 0.586 0.623 0.624 0.575 0.465 0.318 0.141 -0.034 -0.17 -0.259 -0.307 -0.327 -0.334 -0.336
-9 -9 -9 -9 -9 -9 -9 -9 -9 -9 -9 -9 -9 -9 -9 -9 -9 -9 -9 -9 -9 -9 -9 -9 -9 -9 -9 -9 -9 -9 -9 -9 -9 0.47 0.421 0.37 0.328 0.303 0.305 0.329 0.405 0.502 0.599 0.678 0.728 0.743 0.729 0.691 0.643 0.596 0.553 0.541 0.545 0.547 0.538 0.514 0.481 0.458 0.456 0.48 0.519 0.56 0.591 0.598 0.569 0.492 0.369 0.22 0.051 -0.106 -0.22 -0.294 -0.33 -0.343 -0.345 -0.345
-9 -9 -9 -9 -9 -9 -9 -9 -9 -9 -9 -9 -9 -9 -9 -9 -9 -9 -9 -9 -9 -9 -9 -9 -9 -9 -9 -9 -9 -9 -9 -9 -9 0.509 0.456 0.402 0.358 0.331 0.332 0.36 0.439 0.527 0.618 0.691 0.734 0.739 0.714 0.664 0.608 0.565 0.546 0.563 0.599 0.635 0.643 0.62 0.576 0.534 0.507 0.503 0.512 0.521 0.521 0.5 0.447 0.361 0.242 0.107 -0.04 -0.169 -0.261 -0.319 -0.346 -0.353 -0.352 -0.351
-9 -9 -9 -9 -9 -9 -9 -9 -9 -9 -9 -9 -9 -9 -9 -9 -9 -9 -9 -9 -9 -9 -9 -9 -9 -9 -9 -9 -9 -9 -9 -9 -9 0.523 0.463 0.406 0.36 0.342 0.364 0.405 0.478 0.561 0.642 0.707 0.741 0.735 0.698 0.638 0.58 0.543 0.542 0.58 0.636 0.683 0.688 0.651 0.585 0.515 0.461 0.431 0.415 0.403 0.384 0.344 0.278 0.194 0.091 -0.02 -0.132 -0.229 -0.299 -0.34 -0.357 -0.358 -0.354 -0.352
-9 -9 -9 -9 -9 -9 -9 -9 -9 -9 -9 -9 -9 -9 -9 -9 -9 -9 -9 -9 -9 -9 -9 -9 -9 -9 -9 -9 -9 -9 -9 -9 0.565 0.507 0.445 0.392 0.347 0.355 0.389 0.443 0.517 0.597 0.672 0.726 0.749 0.732 0.685 0.62 0.562 0.532 0.541 0.584 0.639 0.676 0.662 0.6 0.507 0.412 0.335 0.285 0.254 0.23 0.2 0.157 0.099 0.029 -0.052 -0.136 -0.218 -0.286 -0.333 -0.358 -0.364 -0.358 -0.35 -0.343
-9 -9 -9 -9 -9 -9 -9 -9 -9 -9 -9 -9 -9 -9 -9 -9 -9 -9 -9 -9 -9 -9 -9 -9 -9 -9 -9 -9 -9 -9 -9 -9 0.522 0.46 0.403 0.357 0.336 0.366 0.416 0.482 0.56 0.638 0.705 0.748 0.76 0.732 0.679 0.613 0.558 0.53 0.533 0.562 0.592 0.6 0.559 0.473 0.364 0.25 0.162 0.106 0.07 0.043 0.015 -0.019 -0.062 -0.114 -0.174 -0.235 -0.291 -0.335 -0.361 -0.369 -0.361 -0.342 -0.326 -0.324
-9 -9 -9 -9 -9 -9 -9 -9 -9 -9 -9 -9 -9 -9 -9 -9 -9 -9 -9 -9 -9 -9 -9 -9 -9 -9 -9 -9 -9 -9 -9 -9 0.449 0.389 0.341 0.308 0.33 0.38 0.444 0.52 0.6 0.675 0.735 0.769 0.772 0.738 0.684 0.622 0.569 0.534 0.515 0.507 0.492 0.459 0.392 0.29 0.178 0.079 0.003 -0.047 -0.082 -0.107 -0.129 -0.156 -0.188 -0.225 -0.268 -0.31 -0.346 -0.369 -0.377 -0.367 -0.337 -0.297 -0.285 -0.297
-9 -9 -9 -9 -9 -9 -9 -9 -9 -9 -9 -9 -9 -9 -9 -9 -9 -9 -9 -9 -9 -9 -9 -9 -9 -9 -9 -9 -9 -9 -9 0.436 0.365 0.309 0.268 0.273 0.326 0.391 0.467 0.547 0.626 0.697 0.752 0.781 0.781 0.749 0.7 0.646 0.593 0.543 0.488 0.428 0.361 0.287 0.195 0.095 0.006 -0.07 -0.129 -0.167 -0.195 -0.215 -0.233 -0.253 -0.275 -0.302 -0.331 -0.359 -0.379 -0.385 -0.375 -0.343 -0.286 -0.258 -0.251 -0.26
-9 -9 -9 -9 -9 -9 -9 -9 -9 -9 -9 -9 -9 -9 -9 -9 -9 -9 -9 -9 -9 -9 -9 -9 -9 -9 -9 -9 -9 0.549 0.453 0.363 0.288 0.232 0.214 0.253 0.319 0.396 0.476 0.555 0.628 0.694 0.747 0.777 0.784 0.763 0.726 0.681 0.625 0.549 0.449 0.335 0.223 0.115 0.018 -0.065 -0.134 -0.187 -0.227 -0.254 -0.275 -0.291 -0.302 -0.313 -0.326 -0.344 -0.363 -0.38 -0.388 -0.378 -0.346 -0.288 -0.235 -0.215 -0.212 -0.233
-9 -9 -9 -9 -9 -9 -9 -9 -9 -9 -9 -9 -9 -9 -9 -9 -9 -9 -9 -9 -9 -9 -9 -9 -9 -9 -9 -9 0.62 0.535 0.422 0.305 0.22 0.174 0.185 0.235 0.31 0.392 0.469 0.539 0.602 0.661 0.713 0.753 0.774 0.772 0.754 0.718 0.653 0.547 0.403 0.242 0.094 -0.026 -0.113 -0.181 -0.232 -0.268 -0.295 -0.313 -0.327 -0.335 -0.338 -0.339 -0.342 -0.351 -0.366 -0.376 -0.371 -0.341 -0.28 -0.221 -0.182 -0.167 -0.175 -0.194
-9 -9 -9 -9 -9 -9 -9 -9 -9 -9 -9 -9 -9 -9 -9 -9 -9 -9 -9 -9 -9 -9 -9 -9 -9 -9 0.743 0.703 0.631 0.524 0.394 0.266 0.17 0.143 0.162 0.217 0.297 0.378 0.448 0.505 0.552 0.601 0.653 0.702 0.743 0.767 0.769 0.738 0.66 0.526 0.343 0.147 -0.016 -0.13 -0.205 -0.257 -0.292 -0.317 -0.335 -0.347 -0.354 -0.356 -0.348 -0.336 -0.33 -0.335 -0.347 -0.35 -0.328 -0.275 -0.206 -0.156 -0.123 -0.116 -0.141 -0.147
-9 -9 -9 -9 -9 -9 -9 -9 -9 -9 -9 -9 -9 -9 -9 -9 -9 -9 -9 -9 -9 -9 -9 -9 -9 0.798 0.779 0.728 0.638 0.511 0.368 0.233 0.141 0.121 0.141 0.197 0.276 0.353 0.416 0.457 0.485 0.519 0.566 0.626 0.69 0.738 0.754 0.722 0.628 0.467 0.257 0.053 -0.103 -0.204 -0.265 -0.302 -0.323 -0.341 -0.356 -0.363 -0.366 -0.359 -0.337 -0.311 -0.305 -0.31 -0.316 -0.305 -0.267 -0.205 -0.139 -0.089 -0.063 -0.082 -0.102 -0.114
-9 -9 -9 -9 -9 -9 -9 -9 -9 -9 -9 -9 -9 -9 -9 -9 -9 -9 -9 -9 -9 -9 -9 0.808 0.826 0.831 0.807 0.742 0.636 0.496 0.339 0.206 0.132 0.112 0.13 0.183 0.256 0.33 0.384 0.408 0.413 0.426 0.462 0.528 0.607 0.67 0.695 0.658 0.55 0.367 0.157 -0.033 -0.172 -0.257 -0.304 -0.328 -0.34 -0.354 -0.364 -0.367 -0.364 -0.346 -0.313 -0.284 -0.278 -0.278 -0.276 -0.25 -0.206 -0.14 -0.074 -0.026 -0.02 -0.052 -0.071 -0.102
-9 -9 -9 -9 -9 -9 -9 -9 -9 -9 -9 -9 -9 -9 -9 -9 -9 -9 -9 -9 -9 -9 0.814 0.835 0.855 0.855 0.822 0.745 0.628 0.473 0.321 0.21 0.147 0.12 0.136 0.183 0.253 0.323 0.367 0.373 0.352 0.339 0.354 0.412 0.491 0.564 0.593 0.55 0.429 0.243 0.052 -0.112 -0.226 -0.293 -0.328 -0.345 -0.352 -0.358 -0.361 -0.359 -0.348 -0.322 -0.286 -0.261 -0.243 -0.241 -0.238 -0.199 -0.143 -0.071 -0.01 0.024 0.013 -0.022 -0.057 -0.119
-9 -9 -9 -9 -9 -9 -9 -9 -9 -9 -9 -9 -9 -9 -9 -9 -9 -9 -9 -9 -9 0.828 0.843 0.863 0.876 0.867 0.823 0.736 0.615 0.474 0.335 0.233 0.17 0.149 0.161 0.213 0.28 0.344 0.38 0.367 0.313 0.268 0.252 0.291 0.358 0.424 0.447 0.4 0.273 0.11 -0.049 -0.18 -0.268 -0.319 -0.344 -0.355 -0.357 -0.353 -0.346 -0.334 -0.317 -0.288 -0.255 -0.228 -0.219 -0.227 -0.206 -0.156 -0.086 -0.011 0.045 0.063 0.041 -0.009 -0.07 -0.149
-9 -9 -9 -9 -9 -9 -9 -9 -9 -9 -9 -9 -9 -9 -9 -9 -9 -9 -9 -9 0.863 0.863 0.875 0.887 0.888 0.865 0.809 0.716 0.598 0.469 0.351 0.265 0.216 0.199 0.218 0.264 0.328 0.387 0.413 0.378 0.295 0.215 0.171 0.185 0.228 0.272 0.279 0.223 0.116 -0.013 -0.137 -0.235 -0.299 -0.336 -0.354 -0.359 -0.352 -0.337 -0.315 -0.295 -0.272 -0.24 -0.209 -0.193 -0.207 -0.216 -0.176 -0.117 -0.035 0.038 0.086 0.096 0.065 -0.004 -0.085 -0.141
-9 -9 -9 -9 -9 -9 -9 -9 -9 -9 -9 -9 -9 -9 -9 -9 -9 -9 -9 0.919 0.906 0.902 0.906 0.905 0.889 0.849 0.779 0.686 0.577 0.467 0.379 0.318 0.285 0.277 0.292 0.33 0.385 0.434 0.445 0.387 0.275 0.179 0.109 0.099 0.118 0.129 0.118 0.069 -0.014 -0.111 -0.201 -0.272 -0.319 -0.347 -0.359 -0.357 -0.337 -0.308 -0.274 -0.246 -0.214 -0.176 -0.15 -0.154 -0.185 -0.194 -0.149 -0.084 0.005 0.078 0.123 0.13 0.08 -0.001 -0.079 -0.144
-9 -9 -9 -9 -9 -9 -9 -9 -9 -9 -9 -9 -9 -9 -9 -9 -9 -9 0.985 0.964 0.949 0.94 0.932 0.915 0.88 0.822 0.742 0.65 0.556 0.481 0.429 0.392 0.374 0.37 0.379 0.405 0.443 0.471 0.461 0.385 0.252 0.139 0.062 0.035 0.037 0.034 0.012 -0.034 -0.099 -0.172 -0.238 -0.289 -0.326 -0.349 -0.36 -0.351 -0.316 -0.273 -0.227 -0.19 -0.143 -0.102 -0.087 -0.109 -0.154 -0.166 -0.126 -0.051 0.043 0.118 0.162 0.143 0.091 0.014 -0.087 -0.173
-9 -9 -9 -9 -9 -9 -9 -9 -9 -9 -9 -9 -9 -9 -9 -9 -9 1.039 1.025 1.005 0.986 0.971 0.951 0.919 0.868 0.792 0.705 0.627 0.562 0.52 0.492 0.476 0.469 0.465 0.463 0.473 0.489 0.495 0.466 0.373 0.235 0.119 0.042 0.012 0.004 -0.009 -0.041 -0.089 -0.145 -0.202 -0.251 -0.292 -0.326 -0.347 -0.355 -0.341 -0.299 -0.241 -0.183 -0.131 -0.071 -0.03 -0.025 -0.064 -0.117 -0.136 -0.101 -0.023 0.066 0.146 0.181 0.152 0.105 -0.002 -0.114 -0.214
-9 -9 -9 -9 -9 -9 -9 -9 -9 -9 -9 -9 -9 -9 -9 -9 1.067 1.069 1.056 1.036 1.013 0.99 0.96 0.919 0.858 0.775 0.7 0.639 0.598 0.576 0.567 0.563 0.557 0.545 0.529 0.521 0.517 0.504 0.458 0.362 0.24 0.135 0.06 0.017 -0.007 -0.032 -0.067 -0.115 -0.165 -0.212 -0.249 -0.287 -0.321 -0.342 -0.349 -0.331 -0.284 -0.211 -0.142 -0.075 -0.006 0.032 0.028 -0.023 -0.078 -0.104 -0.07 0 0.086 0.159 0.187 0.169 0.094 -0.032 -0.155 -0.261
-9 -9 -9 -9 -9 -9 -9 -9 -9 -9 -9 -9 -9 -9 -9 1.051 1.079 1.086 1.075 1.053 1.025 0.996 0.962 0.919 0.86 0.79 0.725 0.678 0.655 0.649 0.649 0.644 0.628 0.6 0.567 0.541 0.522 0.494 0.445 0.364 0.263 0.164 0.086 0.037 0.001 -0.037 -0.078 -0.126 -0.171 -0.212 -0.245 -0.281 -0.315 -0.336 -0.34 -0.316 -0.26 -0.178 -0.101 -0.022 0.048 0.082 0.067 0.01 -0.037 -0.066 -0.031 0.036 0.116 0.18 0.202 0.164 0.062 -0.051 -0.178 -0.269
-9 -9 -9 -9 -9 -9 -9 -9 -9 -9 -9 -9 -9 0.923 0.988 1.039 1.071 1.083 1.075 1.054 1.027 0.998 0.966 0.925 0.874 0.819 0.766 0.735 0.724 0.726 0.724 0.709 0.675 0.628 0.578 0.537 0.508 0.476 0.436 0.364 0.277 0.192 0.119 0.063 0.015 -0.034 -0.081 -0.128 -0.17 -0.208 -0.242 -0.277 -0.309 -0.328 -0.328 -0.293 -0.227 -0.141 -0.059 0.027 0.091 0.119 0.093 0.042 0.003 -0.022 0.014 0.08 0.154 0.197 0.2 0.144 0.036 -0.068 -0.192 -0.248
-9 -9 -9 -9 -9 -9 -9 -9 -9 -9 -9 -9 0.816 0.884 0.949 1.003 1.038 1.055 1.054 1.043 1.024 1.002 0.974 0.942 0.903 0.86 0.82 0.798 0.792 0.791 0.781 0.75 0.696 0.63 0.567 0.517 0.484 0.453 0.415 0.356 0.284 0.211 0.144 0.083 0.025 -0.03 -0.081 -0.128 -0.169 -0.206 -0.239 -0.273 -0.301 -0.317 -0.309 -0.267 -0.194 -0.104 -0.02 0.066 0.121 0.14 0.112 0.076 0.042 0.026 0.059 0.121 0.188 0.208 0.189 0.109 0.002 -0.112 -0.19 -0.199
-9 -9 -9 -9 -9 -9 -9 -9 -9 -9 -9 0.72 0.775 0.838 0.9 0.954 0.991 1.013 1.024 1.025 1.019 1.009 0.992 0.97 0.943 0.911 0.879 0.859 0.849 0.837 0.813 0.764 0.692 0.613 0.543 0.487 0.46 0.432 0.397 0.344 0.281 0.217 0.153 0.088 0.024 -0.034 -0.085 -0.133 -0.171 -0.205 -0.236 -0.265 -0.292 -0.303 -0.282 -0.235 -0.159 -0.067 0.016 0.094 0.14 0.15 0.135 0.109 0.082 0.081 0.109 0.158 0.209 0.216 0.172 0.061 -0.056 -0.137 -0.155 -0.15
