data/climatemaps/RS_maps/climate_breeding_pr_2009.asc
NCOLS 369 
NROWS 228 
XLLCORNER 479000 
YLLCORNER 73000 
CELLSIZE 1000 
NODATA_value -9 
[rows 99 to 131 of 228, columns 76 to 151 of 369]
-1.408 -1.42 -1.414 -1.392 -1.365 -1.337 -1.316 -1.302 -1.295 -1.294 -1.294 -1.294 -1.294 -1.29 -1.286 -1.28 -1.265 -1.237 -1.217 -1.221 -1.235 -1.234 -1.233 -1.231 -1.226 -1.22 -1.218 -1.218 -1.217 -1.213 -1.204 -1.166 -1.126 -1.084 -1.046 -1.017 -1.012 -1.026 -1.04 -1.048 -1.06 -1.058 -1.057 -1.063 -1.073 -1.093 -1.098 -1.098 -1.089 -1.048 -0.975 -0.874 -0.79 -0.768 -0.67 -0.588 -0.472 -0.356 -0.329 -0.297 -0.258 -0.279 -0.318 -0.368 -0.359 -0.389 -0.418 -0.563 -0.658 -0.632 -0.561 -0.511 -0.395 -0.305 -0.169 -0.062
-1.437 -1.439 -1.426 -1.403 -1.378 -1.355 -1.337 -1.325 -1.317 -1.311 -1.305 -1.295 -1.284 -1.272 -1.26 -1.249 -1.231 -1.204 -1.207 -1.22 -1.227 -1.223 -1.22 -1.212 -1.196 -1.182 -1.189 -1.202 -1.207 -1.216 -1.197 -1.148 -1.089 -1.036 -1.007 -0.987 -0.998 -1.021 -1.037 -1.053 -1.074 -1.072 -1.071 -1.074 -1.081 -1.1 -1.097 -1.097 -1.095 -1.052 -1.001 -0.945 -0.89 -0.842 -0.748 -0.634 -0.511 -0.379 -0.354 -0.269 -0.205 -0.214 -0.24 -0.252 -0.234 -0.262 -0.325 -0.485 -0.607 -0.599 -0.567 -0.531 -0.448 -0.367 -0.259 -0.172
-1.446 -1.444 -1.43 -1.408 -1.385 -1.365 -1.349 -1.337 -1.328 -1.317 -1.304 -1.282 -1.261 -1.237 -1.22 -1.217 -1.217 -1.217 -1.223 -1.225 -1.222 -1.214 -1.203 -1.181 -1.154 -1.144 -1.155 -1.178 -1.189 -1.207 -1.18 -1.122 -1.055 -0.992 -0.971 -0.96 -0.98 -1.003 -1.023 -1.044 -1.059 -1.063 -1.069 -1.074 -1.084 -1.096 -1.093 -1.089 -1.089 -1.035 -0.985 -0.937 -0.927 -0.9 -0.807 -0.678 -0.558 -0.449 -0.401 -0.264 -0.188 -0.162 -0.126 -0.121 -0.109 -0.157 -0.258 -0.411 -0.554 -0.602 -0.605 -0.569 -0.502 -0.45 -0.37 -0.245
-1.447 -1.443 -1.428 -1.408 -1.388 -1.37 -1.355 -1.343 -1.33 -1.314 -1.289 -1.257 -1.228 -1.201 -1.192 -1.209 -1.221 -1.224 -1.225 -1.223 -1.216 -1.2 -1.171 -1.129 -1.102 -1.11 -1.129 -1.154 -1.171 -1.193 -1.163 -1.103 -1.044 -0.983 -0.957 -0.943 -0.955 -0.966 -0.984 -1.013 -1.027 -1.035 -1.034 -1.052 -1.062 -1.075 -1.072 -1.073 -1.073 -1.049 -1.003 -0.951 -0.917 -0.926 -0.854 -0.726 -0.615 -0.548 -0.435 -0.289 -0.228 -0.18 -0.114 -0.065 -0.006 -0.087 -0.198 -0.366 -0.502 -0.555 -0.588 -0.596 -0.565 -0.511 -0.42 -0.293
-1.447 -1.44 -1.426 -1.408 -1.39 -1.373 -1.359 -1.345 -1.328 -1.299 -1.264 -1.23 -1.208 -1.191 -1.203 -1.218 -1.222 -1.224 -1.224 -1.22 -1.204 -1.173 -1.13 -1.091 -1.069 -1.072 -1.096 -1.126 -1.149 -1.176 -1.146 -1.098 -1.032 -0.973 -0.93 -0.904 -0.905 -0.909 -0.929 -0.967 -0.991 -0.975 -0.983 -1.011 -1.001 -1.003 -1.028 -1.041 -1.047 -1.04 -1.026 -0.997 -0.961 -0.939 -0.893 -0.795 -0.683 -0.563 -0.468 -0.369 -0.274 -0.193 -0.119 -0.047 0.013 -0.065 -0.201 -0.369 -0.447 -0.471 -0.488 -0.488 -0.513 -0.518 -0.438 -0.34
-1.446 -1.438 -1.423 -1.408 -1.391 -1.376 -1.361 -1.344 -1.318 -1.283 -1.252 -1.231 -1.221 -1.223 -1.227 -1.227 -1.227 -1.227 -1.223 -1.21 -1.186 -1.147 -1.1 -1.062 -1.039 -1.039 -1.071 -1.098 -1.124 -1.154 -1.122 -1.077 -1.016 -0.952 -0.909 -0.887 -0.876 -0.878 -0.892 -0.934 -0.926 -0.937 -0.959 -0.953 -0.896 -0.865 -0.932 -0.983 -1.015 -1.019 -1.004 -0.998 -0.985 -0.933 -0.898 -0.836 -0.722 -0.581 -0.485 -0.392 -0.279 -0.19 -0.137 -0.097 -0.072 -0.093 -0.227 -0.349 -0.415 -0.398 -0.392 -0.371 -0.403 -0.43 -0.437 -0.404
-1.448 -1.437 -1.423 -1.407 -1.393 -1.378 -1.36 -1.336 -1.304 -1.276 -1.256 -1.249 -1.246 -1.242 -1.238 -1.236 -1.233 -1.227 -1.216 -1.194 -1.162 -1.117 -1.078 -1.042 -1.017 -1.023 -1.055 -1.08 -1.103 -1.129 -1.104 -1.065 -1.001 -0.944 -0.906 -0.884 -0.873 -0.87 -0.885 -0.895 -0.885 -0.906 -0.907 -0.885 -0.845 -0.795 -0.81 -0.896 -0.954 -0.984 -0.992 -0.983 -0.983 -0.951 -0.905 -0.838 -0.732 -0.607 -0.494 -0.399 -0.296 -0.245 -0.205 -0.151 -0.121 -0.176 -0.257 -0.285 -0.365 -0.412 -0.394 -0.326 -0.293 -0.312 -0.318 -0.291
-1.452 -1.439 -1.425 -1.41 -1.394 -1.377 -1.355 -1.325 -1.295 -1.273 -1.266 -1.263 -1.256 -1.252 -1.247 -1.241 -1.231 -1.217 -1.2 -1.169 -1.122 -1.076 -1.058 -1.039 -1.018 -1.017 -1.033 -1.06 -1.085 -1.098 -1.07 -1.037 -1.003 -0.968 -0.941 -0.912 -0.893 -0.887 -0.893 -0.871 -0.852 -0.873 -0.863 -0.821 -0.731 -0.718 -0.711 -0.747 -0.861 -0.926 -0.963 -0.975 -0.974 -0.944 -0.904 -0.829 -0.705 -0.576 -0.456 -0.393 -0.37 -0.343 -0.305 -0.247 -0.214 -0.239 -0.231 -0.201 -0.244 -0.354 -0.37 -0.321 -0.283 -0.23 -0.24 -0.181
-1.458 -1.444 -1.429 -1.412 -1.393 -1.373 -1.349 -1.322 -1.296 -1.28 -1.276 -1.271 -1.264 -1.258 -1.252 -1.239 -1.22 -1.203 -1.171 -1.129 -1.084 -1.056 -1.04 -1.021 -1.011 -1.003 -1.012 -1.048 -1.051 -1.045 -1.04 -1.026 -1.004 -0.984 -0.975 -0.959 -0.934 -0.921 -0.909 -0.866 -0.875 -0.863 -0.829 -0.766 -0.666 -0.605 -0.575 -0.607 -0.732 -0.857 -0.912 -0.94 -0.954 -0.932 -0.889 -0.815 -0.684 -0.529 -0.417 -0.395 -0.399 -0.356 -0.29 -0.224 -0.228 -0.207 -0.174 -0.183 -0.154 -0.223 -0.326 -0.358 -0.278 -0.19 -0.171 -0.08
-1.465 -1.45 -1.433 -1.412 -1.39 -1.369 -1.348 -1.329 -1.311 -1.297 -1.289 -1.279 -1.27 -1.26 -1.245 -1.221 -1.195 -1.174 -1.139 -1.103 -1.061 -1.037 -1.005 -0.985 -0.981 -0.99 -1.004 -1.014 -0.997 -0.976 -0.966 -0.967 -0.965 -0.955 -0.958 -0.949 -0.928 -0.915 -0.922 -0.877 -0.861 -0.832 -0.781 -0.723 -0.621 -0.531 -0.491 -0.527 -0.631 -0.79 -0.824 -0.858 -0.916 -0.914 -0.874 -0.803 -0.688 -0.553 -0.469 -0.44 -0.372 -0.28 -0.19 -0.131 -0.133 -0.087 -0.081 -0.108 -0.089 -0.104 -0.213 -0.326 -0.27 -0.201 -0.127 -0.036
-1.474 -1.457 -1.435 -1.41 -1.388 -1.371 -1.355 -1.342 -1.328 -1.314 -1.301 -1.287 -1.271 -1.25 -1.22 -1.184 -1.162 -1.127 -1.1 -1.074 -1.04 -1.004 -0.971 -0.956 -0.966 -0.985 -0.986 -0.969 -0.945 -0.915 -0.897 -0.897 -0.909 -0.918 -0.929 -0.912 -0.887 -0.875 -0.899 -0.859 -0.82 -0.8 -0.753 -0.692 -0.613 -0.51 -0.448 -0.478 -0.603 -0.75 -0.713 -0.741 -0.849 -0.88 -0.858 -0.798 -0.709 -0.603 -0.523 -0.442 -0.306 -0.194 -0.085 -0.038 0.001 0.055 0.054 -0.007 -0.037 -0.035 -0.137 -0.247 -0.313 -0.26 -0.167 -0.053
-1.481 -1.46 -1.436 -1.412 -1.392 -1.38 -1.369 -1.356 -1.342 -1.327 -1.311 -1.291 -1.264 -1.224 -1.177 -1.14 -1.121 -1.078 -1.053 -1.033 -1.005 -0.972 -0.94 -0.942 -0.969 -0.97 -0.95 -0.918 -0.885 -0.856 -0.84 -0.839 -0.85 -0.859 -0.88 -0.873 -0.847 -0.83 -0.859 -0.841 -0.8 -0.776 -0.723 -0.646 -0.586 -0.518 -0.448 -0.453 -0.593 -0.724 -0.666 -0.669 -0.753 -0.834 -0.836 -0.784 -0.697 -0.584 -0.506 -0.424 -0.242 -0.116 0.026 0.089 0.157 0.17 0.142 0.055 -0.022 -0.038 -0.103 -0.18 -0.276 -0.269 -0.182 -0.055
-1.483 -1.461 -1.44 -1.418 -1.404 -1.394 -1.383 -1.369 -1.354 -1.337 -1.314 -1.283 -1.236 -1.184 -1.135 -1.108 -1.072 -1.037 -1.016 -0.991 -0.962 -0.952 -0.934 -0.95 -0.964 -0.946 -0.911 -0.864 -0.823 -0.788 -0.781 -0.79 -0.797 -0.805 -0.824 -0.83 -0.794 -0.806 -0.829 -0.811 -0.795 -0.779 -0.716 -0.649 -0.569 -0.487 -0.431 -0.433 -0.567 -0.702 -0.646 -0.63 -0.676 -0.78 -0.813 -0.775 -0.685 -0.568 -0.502 -0.403 -0.185 -0.057 0.063 0.134 0.187 0.186 0.144 0.077 0.018 0.019 -0.031 -0.079 -0.167 -0.214 -0.173 -0.076
-1.482 -1.463 -1.445 -1.427 -1.418 -1.408 -1.395 -1.38 -1.363 -1.341 -1.309 -1.26 -1.196 -1.134 -1.094 -1.066 -1.024 -0.994 -0.969 -0.942 -0.925 -0.942 -0.956 -0.957 -0.948 -0.925 -0.881 -0.824 -0.774 -0.738 -0.725 -0.739 -0.748 -0.75 -0.763 -0.789 -0.778 -0.794 -0.791 -0.769 -0.772 -0.776 -0.738 -0.688 -0.604 -0.495 -0.399 -0.4 -0.531 -0.685 -0.673 -0.627 -0.639 -0.742 -0.794 -0.771 -0.692 -0.576 -0.521 -0.426 -0.241 -0.115 -0.001 0.095 0.159 0.202 0.2 0.116 0.099 0.141 0.112 0.078 -0.045 -0.106 -0.117 -0.074
-1.479 -1.465 -1.45 -1.441 -1.431 -1.419 -1.405 -1.388 -1.367 -1.337 -1.293 -1.231 -1.167 -1.105 -1.068 -1.017 -0.977 -0.948 -0.919 -0.914 -0.922 -0.945 -0.958 -0.95 -0.937 -0.901 -0.857 -0.8 -0.746 -0.7 -0.672 -0.692 -0.701 -0.706 -0.711 -0.732 -0.762 -0.76 -0.74 -0.762 -0.778 -0.761 -0.74 -0.695 -0.623 -0.537 -0.433 -0.403 -0.506 -0.667 -0.715 -0.681 -0.65 -0.728 -0.777 -0.765 -0.706 -0.618 -0.576 -0.485 -0.322 -0.164 -0.017 0.12 0.183 0.24 0.236 0.158 0.159 0.219 0.243 0.22 0.085 -0.02 -0.036 -0.008
-1.472 -1.462 -1.454 -1.446 -1.437 -1.425 -1.411 -1.39 -1.362 -1.323 -1.274 -1.218 -1.162 -1.098 -1.028 -0.971 -0.93 -0.905 -0.896 -0.915 -0.929 -0.926 -0.934 -0.948 -0.926 -0.873 -0.831 -0.786 -0.734 -0.68 -0.652 -0.652 -0.653 -0.67 -0.668 -0.695 -0.74 -0.717 -0.708 -0.752 -0.773 -0.783 -0.761 -0.698 -0.603 -0.532 -0.459 -0.422 -0.502 -0.639 -0.719 -0.728 -0.7 -0.721 -0.758 -0.759 -0.721 -0.674 -0.612 -0.47 -0.271 -0.107 0.045 0.129 0.162 0.197 0.202 0.16 0.133 0.2 0.243 0.298 0.239 0.128 0.039 0.038
-1.457 -1.455 -1.449 -1.441 -1.436 -1.429 -1.412 -1.381 -1.346 -1.303 -1.253 -1.189 -1.134 -1.057 -0.991 -0.934 -0.876 -0.868 -0.893 -0.909 -0.901 -0.9 -0.914 -0.933 -0.921 -0.856 -0.818 -0.781 -0.735 -0.68 -0.651 -0.617 -0.6 -0.619 -0.643 -0.681 -0.686 -0.686 -0.695 -0.718 -0.737 -0.768 -0.768 -0.697 -0.636 -0.576 -0.506 -0.467 -0.501 -0.605 -0.706 -0.727 -0.699 -0.713 -0.736 -0.752 -0.731 -0.695 -0.617 -0.43 -0.248 -0.11 -0.007 0.018 0.086 0.115 0.128 0.125 0.087 0.093 0.176 0.275 0.371 0.362 0.149 -0.003
-1.437 -1.436 -1.435 -1.429 -1.43 -1.429 -1.407 -1.367 -1.316 -1.251 -1.217 -1.169 -1.109 -1.045 -0.978 -0.908 -0.864 -0.867 -0.873 -0.877 -0.888 -0.892 -0.896 -0.93 -0.911 -0.851 -0.822 -0.779 -0.723 -0.674 -0.641 -0.599 -0.57 -0.584 -0.618 -0.652 -0.647 -0.658 -0.662 -0.684 -0.723 -0.767 -0.769 -0.746 -0.705 -0.65 -0.59 -0.536 -0.536 -0.59 -0.689 -0.714 -0.68 -0.705 -0.718 -0.74 -0.723 -0.684 -0.6 -0.451 -0.339 -0.215 -0.133 -0.071 0.016 0.031 0.037 0.027 0.028 0.096 0.2 0.321 0.41 0.459 0.349 0.223
-1.409 -1.41 -1.417 -1.422 -1.433 -1.428 -1.398 -1.341 -1.264 -1.199 -1.17 -1.136 -1.087 -1.032 -0.969 -0.899 -0.869 -0.868 -0.859 -0.867 -0.868 -0.882 -0.9 -0.937 -0.918 -0.862 -0.83 -0.796 -0.741 -0.681 -0.637 -0.609 -0.578 -0.591 -0.603 -0.613 -0.609 -0.629 -0.619 -0.641 -0.689 -0.74 -0.77 -0.741 -0.665 -0.606 -0.571 -0.565 -0.548 -0.556 -0.659 -0.694 -0.669 -0.688 -0.707 -0.726 -0.705 -0.667 -0.565 -0.486 -0.384 -0.275 -0.183 -0.121 -0.073 -0.037 -0.018 -0.01 0.023 0.11 0.271 0.424 0.561 0.593 0.517 0.361
-1.384 -1.39 -1.41 -1.426 -1.435 -1.424 -1.383 -1.314 -1.226 -1.161 -1.121 -1.094 -1.073 -1.034 -0.988 -0.93 -0.888 -0.859 -0.864 -0.88 -0.884 -0.899 -0.925 -0.942 -0.9 -0.849 -0.82 -0.797 -0.762 -0.716 -0.676 -0.634 -0.603 -0.606 -0.621 -0.594 -0.601 -0.596 -0.568 -0.587 -0.628 -0.689 -0.727 -0.672 -0.603 -0.532 -0.507 -0.511 -0.535 -0.537 -0.641 -0.673 -0.656 -0.654 -0.692 -0.709 -0.694 -0.667 -0.533 -0.491 -0.378 -0.274 -0.22 -0.173 -0.115 -0.073 -0.031 0.006 0.064 0.133 0.25 0.331 0.462 0.49 0.464 0.348
-1.374 -1.394 -1.418 -1.435 -1.437 -1.416 -1.361 -1.278 -1.184 -1.121 -1.079 -1.052 -1.032 -1.001 -0.964 -0.922 -0.881 -0.874 -0.895 -0.923 -0.936 -0.948 -0.958 -0.947 -0.891 -0.842 -0.817 -0.8 -0.756 -0.725 -0.69 -0.659 -0.634 -0.608 -0.627 -0.594 -0.585 -0.542 -0.494 -0.506 -0.569 -0.628 -0.674 -0.663 -0.602 -0.558 -0.526 -0.503 -0.483 -0.509 -0.614 -0.646 -0.635 -0.635 -0.673 -0.692 -0.687 -0.668 -0.58 -0.528 -0.463 -0.365 -0.282 -0.196 -0.116 -0.051 -0.034 0.023 0.063 0.089 0.171 0.283 0.396 0.443 0.408 0.389
-1.383 -1.406 -1.43 -1.443 -1.436 -1.397 -1.318 -1.222 -1.133 -1.075 -1.036 -1.011 -0.984 -0.955 -0.931 -0.904 -0.887 -0.894 -0.915 -0.926 -0.957 -0.967 -0.958 -0.934 -0.896 -0.852 -0.824 -0.798 -0.751 -0.699 -0.664 -0.64 -0.641 -0.627 -0.629 -0.585 -0.534 -0.471 -0.418 -0.429 -0.491 -0.535 -0.582 -0.575 -0.561 -0.534 -0.479 -0.451 -0.436 -0.503 -0.608 -0.6 -0.59 -0.597 -0.639 -0.669 -0.668 -0.655 -0.619 -0.572 -0.486 -0.346 -0.205 -0.077 0.04 0.121 0.086 0.05 0.108 0.187 0.315 0.459 0.611 0.632 0.571 0.514
-1.401 -1.417 -1.44 -1.449 -1.424 -1.362 -1.273 -1.171 -1.086 -1.033 -0.998 -0.98 -0.957 -0.941 -0.917 -0.897 -0.898 -0.906 -0.921 -0.941 -0.967 -0.957 -0.938 -0.908 -0.885 -0.856 -0.828 -0.788 -0.747 -0.687 -0.644 -0.617 -0.63 -0.654 -0.654 -0.607 -0.533 -0.438 -0.383 -0.371 -0.357 -0.384 -0.419 -0.436 -0.421 -0.384 -0.347 -0.358 -0.422 -0.532 -0.595 -0.549 -0.548 -0.571 -0.6 -0.637 -0.645 -0.639 -0.619 -0.577 -0.445 -0.293 -0.148 -0.007 0.117 0.19 0.206 0.17 0.249 0.348 0.477 0.638 0.796 0.771 0.887 0.791
-1.408 -1.43 -1.451 -1.445 -1.398 -1.325 -1.228 -1.124 -1.047 -0.996 -0.966 -0.964 -0.956 -0.943 -0.921 -0.917 -0.913 -0.912 -0.936 -0.967 -0.962 -0.932 -0.9 -0.864 -0.832 -0.823 -0.813 -0.773 -0.735 -0.692 -0.643 -0.594 -0.614 -0.667 -0.717 -0.661 -0.598 -0.481 -0.329 -0.229 -0.165 -0.16 -0.202 -0.228 -0.222 -0.198 -0.156 -0.23 -0.343 -0.483 -0.552 -0.53 -0.514 -0.536 -0.562 -0.604 -0.619 -0.621 -0.612 -0.582 -0.438 -0.304 -0.172 -0.015 0.149 0.233 0.28 0.268 0.36 0.502 0.603 0.789 0.998 1.031 1.161 1.023
-1.409 -1.448 -1.454 -1.424 -1.362 -1.281 -1.178 -1.079 -1.009 -0.968 -0.951 -0.959 -0.958 -0.951 -0.94 -0.94 -0.916 -0.918 -0.948 -0.974 -0.95 -0.902 -0.856 -0.816 -0.781 -0.764 -0.756 -0.731 -0.712 -0.684 -0.618 -0.576 -0.612 -0.677 -0.736 -0.697 -0.619 -0.458 -0.242 -0.056 0.057 0.069 0.033 0.04 0.04 0.032 0.069 -0.062 -0.228 -0.39 -0.481 -0.486 -0.473 -0.492 -0.523 -0.564 -0.589 -0.599 -0.601 -0.59 -0.522 -0.403 -0.231 -0.074 0.079 0.251 0.306 0.304 0.469 0.638 0.731 0.958 1.122 1.247 1.244 1.053
-1.422 -1.459 -1.443 -1.39 -1.313 -1.224 -1.12 -1.033 -0.975 -0.961 -0.967 -0.976 -0.977 -0.972 -0.964 -0.952 -0.928 -0.931 -0.95 -0.972 -0.945 -0.886 -0.828 -0.756 -0.722 -0.68 -0.663 -0.644 -0.652 -0.661 -0.611 -0.592 -0.627 -0.681 -0.718 -0.645 -0.534 -0.347 -0.116 0.084 0.192 0.245 0.255 0.314 0.307 0.293 0.273 0.083 -0.115 -0.259 -0.386 -0.407 -0.394 -0.422 -0.47 -0.509 -0.548 -0.572 -0.587 -0.591 -0.576 -0.509 -0.359 -0.207 -0.027 0.129 0.181 0.264 0.472 0.693 0.893 0.996 1.041 1.291 1.219 1.026
-1.442 -1.454 -1.412 -1.343 -1.257 -1.163 -1.066 -0.994 -0.963 -0.968 -0.979 -0.992 -0.991 -0.982 -0.965 -0.942 -0.926 -0.937 -0.949 -0.969 -0.938 -0.87 -0.789 -0.702 -0.622 -0.563 -0.519 -0.518 -0.534 -0.58 -0.589 -0.553 -0.576 -0.637 -0.666 -0.566 -0.437 -0.293 -0.126 0.048 0.123 0.262 0.351 0.418 0.486 0.497 0.403 0.244 0.121 -0.032 -0.231 -0.288 -0.309 -0.336 -0.395 -0.442 -0.488 -0.53 -0.565 -0.583 -0.588 -0.573 -0.512 -0.374 -0.18 -0.06 -0.02 0.167 0.412 0.731 0.891 0.825 1.106 1.262 1.116 0.971
-1.452 -1.427 -1.372 -1.293 -1.198 -1.106 -1.028 -0.984 -0.972 -0.972 -0.982 -0.971 -0.955 -0.94 -0.916 -0.899 -0.9 -0.915 -0.939 -0.955 -0.915 -0.829 -0.731 -0.64 -0.516 -0.425 -0.354 -0.341 -0.352 -0.438 -0.48 -0.417 -0.429 -0.515 -0.6 -0.561 -0.484 -0.384 -0.243 -0.096 -0.023 0.133 0.242 0.357 0.497 0.62 0.537 0.5 0.382 0.23 0.056 -0.076 -0.171 -0.236 -0.297 -0.359 -0.413 -0.468 -0.519 -0.563 -0.585 -0.595 -0.586 -0.53 -0.391 -0.295 -0.193 0.01 0.32 0.589 0.611 0.844 1.145 1.097 0.958 0.752
-1.435 -1.389 -1.326 -1.238 -1.148 -1.081 -1.019 -0.991 -0.97 -0.965 -0.957 -0.924 -0.895 -0.865 -0.823 -0.808 -0.832 -0.859 -0.908 -0.94 -0.884 -0.786 -0.673 -0.6 -0.425 -0.271 -0.164 -0.142 -0.218 -0.334 -0.301 -0.202 -0.211 -0.29 -0.473 -0.548 -0.501 -0.455 -0.367 -0.227 -0.076 0.02 0.227 0.385 0.616 0.748 0.791 0.788 0.672 0.58 0.448 0.285 0.15 -0.049 -0.187 -0.272 -0.312 -0.367 -0.46 -0.516 -0.562 -0.598 -0.612 -0.61 -0.572 -0.509 -0.399 -0.218 0.127 0.259 0.584 0.879 0.92 0.772 0.774 0.495
-1.403 -1.339 -1.272 -1.187 -1.123 -1.069 -1.018 -0.978 -0.951 -0.936 -0.896 -0.859 -0.816 -0.761 -0.721 -0.705 -0.731 -0.8 -0.897 -0.92 -0.88 -0.81 -0.724 -0.556 -0.336 -0.135 0.008 -0.037 -0.157 -0.188 -0.158 -0.039 -0.037 -0.193 -0.414 -0.429 -0.302 -0.332 -0.274 -0.141 0.002 0.025 0.338 0.535 0.801 0.906 0.949 0.912 0.897 0.855 0.78 0.709 0.604 0.359 0.146 -0.087 -0.258 -0.347 -0.422 -0.477 -0.511 -0.574 -0.616 -0.634 -0.636 -0.618 -0.578 -0.454 -0.187 0.145 0.502 0.595 0.524 0.496 0.452 0.123
-1.359 -1.287 -1.214 -1.146 -1.096 -1.039 -0.98 -0.938 -0.929 -0.885 -0.824 -0.776 -0.708 -0.639 -0.552 -0.547 -0.622 -0.729 -0.873 -0.938 -0.903 -0.852 -0.7 -0.492 -0.255 0.01 0.06 -0.036 -0.015 -0.007 -0.017 0.12 0.041 -0.147 -0.348 -0.276 -0.159 -0.251 -0.186 -0.008 0.094 0.096 0.397 0.676 0.769 0.872 0.881 0.682 0.582 0.558 0.582 0.755 0.844 0.679 0.53 0.248 0.068 -0.218 -0.363 -0.447 -0.482 -0.521 -0.585 -0.62 -0.648 -0.649 -0.632 -0.58 -0.374 0.009 0.163 0.208 0.129 0.239 0.097 -0.116
-1.302 -1.225 -1.161 -1.105 -1.066 -1.016 -0.953 -0.922 -0.908 -0.841 -0.771 -0.69 -0.599 -0.53 -0.453 -0.479 -0.584 -0.711 -0.854 -0.948 -0.938 -0.818 -0.655 -0.441 -0.176 0.043 0.04 0.01 0.067 0.147 0.108 0.186 0.054 -0.126 -0.23 -0.117 -0.048 -0.124 -0.138 0.065 0.16 0.209 0.461 0.513 0.534 0.481 0.679 0.57 0.337 0.443 0.657 0.682 0.707 0.791 0.691 0.499 0.212 -0.07 -0.24 -0.374 -0.46 -0.492 -0.53 -0.579 -0.63 -0.653 -0.653 -0.626 -0.514 -0.306 -0.233 -0.197 -0.214 -0.111 -0.209 -0.294
-1.24 -1.165 -1.106 -1.064 -1.042 -0.992 -0.939 -0.922 -0.883 -0.808 -0.726 -0.643 -0.546 -0.48 -0.459 -0.517 -0.633 -0.774 -0.894 -0.958 -0.913 -0.76 -0.594 -0.372 -0.129 0.052 0.095 0.105 0.105 0.234 0.22 0.241 0.065 -0.138 -0.15 -0.044 0.015 0.034 0.007 0.235 0.325 0.344 0.442 0.449 0.448 0.217 0.162 0.12 0.098 0.288 0.343 0.374 0.353 0.35 0.313 0.216 0.157 0.006 -0.092 -0.335 -0.417 -0.451 -0.473 -0.499 -0.579 -0.638 -0.659 -0.648 -0.606 -0.539 -0.486 -0.435 -0.391 -0.359 -0.351 -0.358
