data/climatemaps/RS_maps/climate_winter_pr_1999.asc
NCOLS 369 
NROWS 228 
XLLCORNER 479000 
YLLCORNER 73000 
CELLSIZE 1000 
NODATA_value -9 
[rows 34 to 67 of 228, columns 77 to 153 of 369]
1.545 1.559 1.576 1.576 1.553 1.533 1.505 1.48 1.46 1.445 1.424 1.399 1.376 1.348 1.312 1.271 1.224 1.17 1.119 1.07 1.016 0.958 0.893 0.834 0.783 0.726 0.669 0.613 0.549 0.484 0.419 0.354 0.285 0.219 0.161 0.115 0.077 0.048 0.027 0.01 -0.002 -0.011 -0.022 -0.036 -0.054 -0.081 -0.106 -0.124 -0.135 -0.139 -0.137 -0.133 -0.124 -0.111 -0.095 -0.077 -0.057 -0.034 -0.003 0.039 0.094 0.159 0.226 0.295 0.347 0.367 0.378 0.388 0.406 0.435 0.471 0.509 0.545 0.584 0.629 0.675 0.717
1.465 1.484 1.498 1.501 1.491 1.481 1.454 1.421 1.397 1.378 1.358 1.337 1.317 1.291 1.261 1.227 1.187 1.138 1.091 1.045 1 0.952 0.895 0.835 0.779 0.724 0.669 0.617 0.563 0.506 0.446 0.387 0.324 0.262 0.201 0.144 0.103 0.075 0.053 0.036 0.028 0.023 0.018 0.009 -0.007 -0.034 -0.061 -0.083 -0.097 -0.104 -0.105 -0.102 -0.096 -0.087 -0.074 -0.059 -0.045 -0.027 0.002 0.038 0.08 0.126 0.171 0.212 0.246 0.271 0.294 0.321 0.358 0.405 0.45 0.483 0.523 0.568 0.624 0.676 0.708
1.387 1.408 1.419 1.432 1.439 1.439 1.422 1.386 1.352 1.323 1.293 1.272 1.254 1.231 1.208 1.182 1.146 1.106 1.066 1.023 0.983 0.945 0.898 0.84 0.779 0.725 0.674 0.625 0.578 0.529 0.475 0.423 0.367 0.309 0.247 0.184 0.134 0.103 0.082 0.065 0.057 0.055 0.054 0.05 0.037 0.012 -0.017 -0.042 -0.057 -0.068 -0.072 -0.071 -0.069 -0.065 -0.053 -0.038 -0.031 -0.015 0.016 0.052 0.091 0.126 0.152 0.173 0.189 0.211 0.239 0.279 0.33 0.391 0.443 0.471 0.514 0.565 0.631 0.692 0.73
1.309 1.332 1.359 1.388 1.399 1.402 1.389 1.359 1.325 1.289 1.243 1.214 1.194 1.173 1.156 1.135 1.106 1.073 1.038 1.001 0.968 0.937 0.896 0.843 0.787 0.734 0.685 0.64 0.596 0.553 0.508 0.462 0.413 0.358 0.297 0.232 0.173 0.133 0.11 0.094 0.086 0.084 0.086 0.087 0.078 0.055 0.024 0.002 -0.015 -0.032 -0.036 -0.04 -0.045 -0.044 -0.032 -0.021 -0.018 0.002 0.041 0.083 0.131 0.158 0.171 0.172 0.171 0.183 0.212 0.248 0.303 0.371 0.437 0.477 0.515 0.575 0.629 0.699 0.766
1.242 1.28 1.325 1.359 1.367 1.363 1.353 1.331 1.303 1.261 1.206 1.173 1.155 1.136 1.121 1.099 1.072 1.047 1.012 0.982 0.957 0.93 0.891 0.844 0.797 0.747 0.701 0.658 0.619 0.583 0.548 0.51 0.467 0.413 0.353 0.288 0.224 0.175 0.142 0.122 0.112 0.113 0.117 0.119 0.113 0.094 0.067 0.045 0.024 0.005 -0.002 -0.011 -0.021 -0.019 -0.008 -0.006 -0.004 0.022 0.077 0.134 0.192 0.232 0.229 0.211 0.181 0.174 0.206 0.228 0.278 0.36 0.443 0.489 0.527 0.594 0.661 0.71 0.79
1.191 1.235 1.283 1.319 1.337 1.344 1.322 1.305 1.282 1.232 1.178 1.139 1.126 1.116 1.102 1.081 1.045 1.025 0.999 0.972 0.95 0.922 0.889 0.849 0.808 0.762 0.72 0.68 0.648 0.62 0.597 0.567 0.528 0.477 0.416 0.353 0.288 0.235 0.192 0.16 0.142 0.138 0.145 0.147 0.142 0.124 0.102 0.081 0.062 0.045 0.033 0.021 0.01 0.012 0.018 0.011 0.013 0.044 0.118 0.198 0.277 0.329 0.318 0.272 0.207 0.174 0.197 0.229 0.268 0.367 0.448 0.497 0.549 0.605 0.682 0.733 0.801
1.144 1.188 1.236 1.281 1.317 1.342 1.319 1.308 1.279 1.216 1.164 1.121 1.108 1.098 1.076 1.047 1.018 1.006 0.988 0.962 0.934 0.91 0.884 0.852 0.818 0.775 0.738 0.705 0.679 0.663 0.65 0.627 0.593 0.544 0.484 0.422 0.36 0.306 0.258 0.213 0.183 0.169 0.169 0.17 0.16 0.148 0.138 0.127 0.114 0.1 0.083 0.067 0.054 0.047 0.041 0.031 0.032 0.066 0.15 0.256 0.367 0.428 0.404 0.333 0.243 0.179 0.178 0.221 0.259 0.347 0.421 0.494 0.551 0.604 0.689 0.754 0.825
1.092 1.141 1.19 1.242 1.301 1.34 1.34 1.337 1.295 1.232 1.179 1.132 1.099 1.071 1.049 1.023 1.001 0.977 0.956 0.933 0.909 0.886 0.868 0.846 0.818 0.782 0.751 0.728 0.713 0.71 0.702 0.684 0.653 0.605 0.547 0.485 0.424 0.367 0.318 0.266 0.229 0.21 0.201 0.194 0.188 0.188 0.193 0.197 0.188 0.175 0.154 0.132 0.113 0.095 0.077 0.061 0.059 0.094 0.183 0.31 0.443 0.5 0.477 0.395 0.277 0.183 0.15 0.188 0.236 0.31 0.393 0.469 0.526 0.583 0.636 0.71 0.785
1.051 1.095 1.14 1.204 1.283 1.349 1.375 1.376 1.334 1.275 1.216 1.168 1.121 1.066 1.041 1.018 0.991 0.964 0.934 0.913 0.896 0.868 0.843 0.828 0.81 0.781 0.758 0.752 0.753 0.758 0.752 0.735 0.703 0.654 0.596 0.536 0.476 0.419 0.365 0.315 0.279 0.258 0.245 0.236 0.236 0.25 0.265 0.271 0.272 0.268 0.248 0.22 0.19 0.16 0.13 0.103 0.094 0.129 0.222 0.366 0.502 0.556 0.515 0.411 0.287 0.184 0.127 0.13 0.176 0.243 0.317 0.377 0.452 0.523 0.546 0.598 0.655
1.02 1.058 1.1 1.174 1.268 1.357 1.406 1.418 1.378 1.321 1.255 1.196 1.139 1.084 1.034 1.017 0.99 0.957 0.921 0.9 0.883 0.852 0.822 0.805 0.79 0.773 0.762 0.775 0.789 0.8 0.798 0.779 0.743 0.687 0.63 0.575 0.515 0.458 0.407 0.363 0.331 0.311 0.3 0.294 0.299 0.319 0.334 0.346 0.353 0.35 0.333 0.308 0.274 0.23 0.186 0.15 0.136 0.172 0.265 0.398 0.526 0.578 0.518 0.392 0.268 0.178 0.108 0.105 0.126 0.171 0.221 0.269 0.334 0.396 0.424 0.461 0.511
1.001 1.027 1.069 1.148 1.251 1.354 1.424 1.45 1.42 1.361 1.288 1.221 1.162 1.103 1.032 1.007 0.978 0.947 0.905 0.887 0.866 0.833 0.804 0.787 0.772 0.761 0.766 0.794 0.816 0.836 0.84 0.818 0.776 0.719 0.661 0.604 0.55 0.5 0.453 0.415 0.388 0.372 0.367 0.367 0.375 0.387 0.398 0.408 0.412 0.407 0.387 0.356 0.321 0.281 0.236 0.194 0.178 0.219 0.302 0.415 0.524 0.551 0.477 0.354 0.247 0.156 0.087 0.09 0.108 0.148 0.18 0.199 0.241 0.277 0.327 0.365 0.416
1.006 1.014 1.051 1.132 1.232 1.34 1.42 1.459 1.44 1.382 1.306 1.239 1.179 1.111 1.03 0.985 0.962 0.927 0.886 0.872 0.848 0.819 0.79 0.774 0.759 0.753 0.771 0.804 0.839 0.869 0.877 0.853 0.804 0.743 0.683 0.626 0.576 0.532 0.496 0.469 0.45 0.441 0.439 0.441 0.446 0.449 0.449 0.444 0.435 0.418 0.386 0.351 0.318 0.293 0.265 0.225 0.213 0.262 0.331 0.421 0.493 0.484 0.406 0.305 0.21 0.128 0.068 0.063 0.086 0.124 0.154 0.155 0.205 0.228 0.278 0.324 0.358
1.014 1.009 1.033 1.107 1.2 1.305 1.393 1.436 1.428 1.373 1.3 1.237 1.174 1.104 1.024 0.96 0.933 0.898 0.864 0.849 0.825 0.801 0.774 0.761 0.749 0.751 0.776 0.812 0.859 0.894 0.906 0.882 0.831 0.769 0.707 0.648 0.601 0.564 0.537 0.518 0.507 0.503 0.505 0.509 0.508 0.5 0.483 0.457 0.428 0.395 0.352 0.312 0.284 0.271 0.259 0.242 0.25 0.301 0.358 0.423 0.459 0.426 0.345 0.258 0.175 0.108 0.063 0.053 0.057 0.094 0.124 0.126 0.17 0.207 0.229 0.286 0.334
1.019 1.003 1.018 1.08 1.156 1.251 1.337 1.381 1.378 1.329 1.264 1.206 1.141 1.072 1.001 0.93 0.883 0.853 0.831 0.81 0.785 0.761 0.74 0.731 0.728 0.743 0.772 0.815 0.866 0.908 0.927 0.91 0.867 0.809 0.749 0.687 0.639 0.607 0.584 0.57 0.559 0.557 0.559 0.561 0.551 0.528 0.493 0.448 0.4 0.353 0.309 0.274 0.252 0.244 0.25 0.267 0.293 0.339 0.389 0.431 0.442 0.403 0.32 0.225 0.15 0.096 0.071 0.06 0.049 0.067 0.102 0.102 0.134 0.183 0.201 0.244 0.307
1.031 1.003 1.002 1.051 1.105 1.185 1.26 1.299 1.299 1.258 1.205 1.146 1.082 1.017 0.953 0.89 0.832 0.801 0.783 0.761 0.738 0.721 0.708 0.701 0.705 0.723 0.758 0.811 0.866 0.914 0.945 0.943 0.914 0.866 0.813 0.753 0.703 0.668 0.64 0.62 0.607 0.597 0.597 0.6 0.583 0.544 0.494 0.434 0.374 0.32 0.276 0.242 0.226 0.227 0.25 0.286 0.33 0.382 0.429 0.457 0.449 0.402 0.317 0.215 0.16 0.116 0.092 0.077 0.054 0.059 0.092 0.089 0.116 0.165 0.187 0.234 0.303
1.041 1.01 0.989 1.021 1.057 1.124 1.183 1.214 1.212 1.178 1.13 1.07 1.008 0.946 0.885 0.833 0.79 0.764 0.746 0.726 0.706 0.696 0.69 0.69 0.699 0.721 0.76 0.818 0.873 0.922 0.964 0.977 0.965 0.928 0.88 0.823 0.766 0.72 0.684 0.658 0.643 0.633 0.632 0.63 0.61 0.564 0.506 0.43 0.361 0.301 0.256 0.221 0.208 0.216 0.244 0.288 0.348 0.416 0.47 0.49 0.469 0.412 0.322 0.238 0.199 0.155 0.134 0.101 0.079 0.08 0.098 0.104 0.127 0.176 0.197 0.261 0.338
1.051 1.021 0.986 0.996 1.032 1.081 1.119 1.142 1.135 1.099 1.05 0.994 0.941 0.887 0.835 0.796 0.765 0.742 0.722 0.704 0.691 0.687 0.689 0.701 0.722 0.751 0.787 0.843 0.891 0.936 0.979 1.003 1.008 0.984 0.939 0.879 0.814 0.754 0.703 0.668 0.654 0.647 0.642 0.633 0.612 0.573 0.518 0.442 0.371 0.306 0.257 0.22 0.206 0.217 0.245 0.292 0.354 0.425 0.489 0.514 0.495 0.445 0.353 0.29 0.252 0.219 0.196 0.151 0.15 0.145 0.155 0.166 0.203 0.249 0.257 0.321 0.414
1.076 1.039 1.018 1.009 1.035 1.058 1.073 1.084 1.071 1.036 0.991 0.942 0.9 0.864 0.82 0.785 0.754 0.733 0.714 0.697 0.688 0.691 0.703 0.717 0.742 0.779 0.817 0.87 0.909 0.947 0.985 1.015 1.027 1.01 0.97 0.906 0.833 0.758 0.682 0.638 0.622 0.617 0.619 0.622 0.617 0.587 0.528 0.466 0.405 0.335 0.283 0.243 0.228 0.236 0.261 0.301 0.359 0.425 0.488 0.524 0.526 0.484 0.407 0.357 0.337 0.308 0.28 0.242 0.261 0.255 0.279 0.289 0.304 0.349 0.364 0.384 0.475
1.13 1.112 1.087 1.062 1.054 1.051 1.054 1.055 1.042 1.015 0.981 0.945 0.91 0.869 0.831 0.798 0.767 0.742 0.722 0.707 0.701 0.697 0.701 0.724 0.757 0.794 0.83 0.873 0.907 0.931 0.959 0.985 1 0.99 0.956 0.892 0.811 0.717 0.639 0.599 0.585 0.591 0.602 0.617 0.62 0.597 0.538 0.489 0.44 0.384 0.336 0.292 0.281 0.285 0.297 0.322 0.368 0.433 0.5 0.556 0.579 0.553 0.512 0.466 0.45 0.434 0.407 0.367 0.381 0.397 0.421 0.409 0.423 0.474 0.486 0.487 0.527
1.253 1.226 1.182 1.13 1.089 1.066 1.062 1.07 1.063 1.044 1.018 0.98 0.941 0.907 0.876 0.837 0.801 0.766 0.74 0.724 0.714 0.694 0.691 0.703 0.727 0.763 0.804 0.83 0.845 0.858 0.878 0.898 0.91 0.901 0.868 0.807 0.732 0.641 0.578 0.556 0.538 0.541 0.558 0.582 0.597 0.585 0.547 0.507 0.466 0.429 0.398 0.356 0.351 0.35 0.355 0.368 0.404 0.458 0.518 0.592 0.644 0.657 0.654 0.62 0.62 0.604 0.555 0.53 0.551 0.573 0.59 0.57 0.581 0.596 0.623 0.6 0.581
1.371 1.321 1.245 1.167 1.104 1.07 1.072 1.088 1.085 1.075 1.043 1.018 0.981 0.949 0.911 0.873 0.83 0.789 0.754 0.721 0.692 0.669 0.64 0.641 0.666 0.709 0.746 0.756 0.738 0.737 0.756 0.765 0.769 0.756 0.718 0.664 0.605 0.542 0.494 0.468 0.461 0.474 0.5 0.531 0.558 0.564 0.546 0.518 0.495 0.478 0.466 0.441 0.443 0.444 0.43 0.436 0.464 0.497 0.544 0.618 0.693 0.757 0.788 0.768 0.769 0.76 0.732 0.696 0.716 0.723 0.747 0.751 0.731 0.731 0.698 0.644 0.586
1.441 1.373 1.276 1.178 1.103 1.067 1.066 1.075 1.072 1.053 1.024 0.995 0.968 0.932 0.885 0.853 0.81 0.767 0.731 0.687 0.653 0.617 0.584 0.579 0.629 0.665 0.674 0.657 0.626 0.612 0.618 0.619 0.613 0.601 0.573 0.537 0.496 0.456 0.422 0.399 0.392 0.403 0.436 0.479 0.518 0.533 0.524 0.511 0.505 0.511 0.536 0.558 0.566 0.555 0.54 0.541 0.55 0.565 0.603 0.669 0.754 0.826 0.848 0.828 0.827 0.851 0.862 0.821 0.815 0.821 0.853 0.879 0.844 0.804 0.755 0.693 0.591
1.409 1.327 1.217 1.109 1.04 1.005 1.01 0.999 0.99 0.952 0.923 0.918 0.895 0.857 0.815 0.79 0.754 0.726 0.71 0.703 0.67 0.622 0.575 0.554 0.582 0.603 0.584 0.553 0.536 0.515 0.508 0.509 0.507 0.502 0.479 0.452 0.427 0.404 0.379 0.363 0.359 0.372 0.403 0.446 0.488 0.509 0.509 0.503 0.511 0.555 0.61 0.672 0.712 0.734 0.73 0.716 0.689 0.683 0.698 0.726 0.773 0.815 0.833 0.825 0.832 0.864 0.902 0.894 0.872 0.882 0.898 0.905 0.849 0.774 0.708 0.617 0.518
1.302 1.213 1.132 1.061 1 0.949 0.942 0.925 0.899 0.86 0.842 0.832 0.82 0.805 0.774 0.757 0.742 0.731 0.731 0.712 0.666 0.624 0.563 0.559 0.561 0.543 0.503 0.477 0.461 0.443 0.433 0.435 0.44 0.438 0.422 0.408 0.398 0.39 0.367 0.355 0.36 0.382 0.419 0.466 0.518 0.552 0.554 0.545 0.556 0.61 0.692 0.784 0.864 0.916 0.933 0.901 0.853 0.811 0.781 0.773 0.783 0.798 0.801 0.778 0.771 0.829 0.889 0.907 0.886 0.889 0.889 0.851 0.794 0.701 0.595 0.49 0.39
1.167 1.112 1.099 1.059 1.02 0.97 0.949 0.929 0.885 0.839 0.828 0.819 0.813 0.8 0.77 0.755 0.738 0.727 0.714 0.682 0.639 0.605 0.577 0.572 0.547 0.502 0.462 0.434 0.419 0.408 0.4 0.401 0.408 0.41 0.407 0.406 0.407 0.407 0.387 0.376 0.393 0.426 0.481 0.547 0.615 0.659 0.657 0.643 0.648 0.694 0.782 0.891 0.994 1.065 1.089 1.044 0.979 0.913 0.853 0.808 0.791 0.779 0.766 0.737 0.703 0.773 0.823 0.85 0.852 0.849 0.816 0.757 0.666 0.563 0.461 0.373 0.31
1.071 1.071 1.074 1.055 1.042 1.032 1.007 0.964 0.906 0.857 0.836 0.82 0.801 0.774 0.755 0.723 0.695 0.676 0.661 0.648 0.638 0.627 0.606 0.573 0.543 0.506 0.466 0.43 0.424 0.419 0.416 0.42 0.43 0.438 0.443 0.45 0.455 0.455 0.44 0.42 0.441 0.478 0.557 0.66 0.748 0.796 0.794 0.776 0.776 0.814 0.904 1.011 1.116 1.192 1.203 1.142 1.056 0.948 0.847 0.761 0.731 0.709 0.673 0.642 0.606 0.671 0.741 0.784 0.789 0.744 0.662 0.579 0.485 0.404 0.332 0.285 0.264
1.042 1.055 1.057 1.06 1.069 1.07 1.038 0.978 0.916 0.85 0.825 0.825 0.796 0.746 0.726 0.688 0.663 0.651 0.646 0.657 0.668 0.651 0.617 0.586 0.564 0.535 0.489 0.446 0.452 0.449 0.452 0.468 0.488 0.504 0.516 0.528 0.531 0.532 0.51 0.48 0.485 0.542 0.645 0.775 0.886 0.944 0.947 0.915 0.908 0.945 1.022 1.113 1.212 1.274 1.264 1.175 1.058 0.923 0.805 0.705 0.661 0.631 0.588 0.547 0.549 0.608 0.691 0.702 0.663 0.584 0.499 0.414 0.336 0.27 0.217 0.19 0.177
1.043 1.045 1.053 1.075 1.101 1.105 1.066 0.994 0.918 0.841 0.802 0.814 0.801 0.775 0.743 0.71 0.709 0.697 0.69 0.685 0.677 0.658 0.636 0.613 0.584 0.544 0.493 0.451 0.463 0.469 0.48 0.515 0.551 0.578 0.6 0.617 0.62 0.614 0.579 0.539 0.541 0.613 0.73 0.87 0.988 1.054 1.067 1.037 1.024 1.061 1.118 1.195 1.275 1.311 1.27 1.158 1.032 0.91 0.805 0.727 0.682 0.648 0.611 0.552 0.555 0.584 0.602 0.568 0.512 0.448 0.373 0.291 0.216 0.158 0.116 0.089 0.076
1.065 1.057 1.07 1.109 1.14 1.136 1.067 0.967 0.883 0.823 0.81 0.847 0.878 0.879 0.852 0.811 0.782 0.746 0.725 0.706 0.69 0.681 0.666 0.64 0.606 0.563 0.517 0.472 0.489 0.511 0.544 0.591 0.633 0.669 0.696 0.715 0.714 0.69 0.646 0.595 0.618 0.685 0.792 0.918 1.029 1.098 1.123 1.119 1.13 1.174 1.222 1.28 1.32 1.319 1.245 1.131 1.034 0.951 0.883 0.841 0.82 0.798 0.748 0.625 0.554 0.52 0.47 0.423 0.384 0.333 0.267 0.195 0.127 0.074 0.044 0.028 0.035
1.087 1.078 1.097 1.14 1.16 1.136 1.034 0.947 0.871 0.844 0.873 0.929 0.971 0.977 0.948 0.898 0.838 0.788 0.751 0.734 0.72 0.71 0.698 0.674 0.64 0.597 0.556 0.522 0.547 0.595 0.652 0.714 0.761 0.792 0.806 0.809 0.79 0.754 0.705 0.662 0.698 0.754 0.84 0.942 1.035 1.1 1.149 1.195 1.232 1.268 1.304 1.333 1.333 1.293 1.224 1.164 1.106 1.051 1.016 0.998 0.982 0.939 0.853 0.685 0.535 0.443 0.365 0.316 0.282 0.239 0.184 0.121 0.06 0.019 -0.001 0.006 0.028
1.103 1.093 1.111 1.151 1.174 1.141 1.023 0.931 0.887 0.885 0.936 1.003 1.045 1.049 1.011 0.947 0.878 0.822 0.783 0.765 0.75 0.739 0.727 0.703 0.662 0.609 0.574 0.568 0.606 0.681 0.767 0.846 0.898 0.909 0.894 0.87 0.83 0.777 0.739 0.729 0.766 0.829 0.915 1.011 1.084 1.148 1.217 1.269 1.293 1.323 1.345 1.365 1.353 1.318 1.281 1.22 1.178 1.135 1.109 1.081 1.017 0.935 0.824 0.66 0.512 0.394 0.298 0.245 0.214 0.161 0.113 0.058 0.015 -0.014 -0.025 -0.008 0.025
1.11 1.096 1.111 1.158 1.19 1.167 1.038 0.944 0.919 0.923 0.986 1.059 1.1 1.092 1.041 0.973 0.904 0.845 0.806 0.786 0.776 0.771 0.763 0.735 0.682 0.627 0.601 0.607 0.667 0.775 0.897 0.978 1.021 1.009 0.973 0.923 0.854 0.805 0.8 0.833 0.891 0.975 1.077 1.17 1.22 1.243 1.293 1.312 1.339 1.389 1.427 1.442 1.432 1.385 1.305 1.221 1.169 1.118 1.069 1.013 0.942 0.862 0.737 0.599 0.468 0.348 0.25 0.196 0.152 0.1 0.06 0.021 -0.007 -0.027 -0.022 0.001 0.025
1.104 1.092 1.114 1.163 1.193 1.159 1.02 0.927 0.923 0.953 1.026 1.096 1.122 1.104 1.045 0.972 0.9 0.846 0.812 0.801 0.803 0.802 0.792 0.754 0.705 0.657 0.628 0.642 0.722 0.845 0.981 1.062 1.086 1.057 1.007 0.953 0.91 0.882 0.925 0.988 1.074 1.167 1.262 1.336 1.367 1.347 1.349 1.372 1.415 1.474 1.505 1.492 1.427 1.336 1.237 1.156 1.095 1.033 0.972 0.905 0.817 0.731 0.628 0.519 0.404 0.299 0.215 0.16 0.103 0.065 0.034 0.007 -0.013 -0.022 -0.005 0.01 0.024
1.088 1.085 1.114 1.163 1.187 1.14 1.004 0.926 0.94 0.969 1.037 1.099 1.113 1.08 1.013 0.933 0.869 0.824 0.8 0.799 0.815 0.829 0.826 0.786 0.718 0.655 0.611 0.619 0.704 0.82 0.936 1.004 1.025 1.014 0.991 0.969 0.947 0.972 1.046 1.132 1.231 1.326 1.415 1.455 1.457 1.446 1.451 1.469 1.486 1.512 1.513 1.475 1.364 1.242 1.131 1.04 0.957 0.875 0.805 0.736 0.664 0.594 0.516 0.43 0.336 0.254 0.186 0.129 0.077 0.048 0.035 0.028 -0.001 -0.009 0.018 0.022 0.043
