data/climatemaps/RS_maps/climate_winter_tmin_2008.asc
NCOLS 369 
NROWS 228 
XLLCORNER 479000 
YLLCORNER 73000 
CELLSIZE 1000 
NODATA_value -9 
[rows 136 to 169 of 228, columns 152 to 227 of 369]
-0.709 -0.564 -0.268 0.047 0.358 0.224 0.041 0.039 0.074 0.011 -0.101 -0.037 0.106 0.022 -0.076 -0.026 -0.011 -0.102 -0.575 -1.414 -1.847 -2.266 -2.363 -2.149 -1.92 -1.791 -1.661 -1.389 -1.116 -0.805 -1.089 -1.744 -1.405 -1.006 -0.513 -0.288 -0.971 -1.173 -1.454 -1.824 -2.06 -1.917 -1.845 -2.067 -2.08 -1.654 -1.359 -1.494 -1.554 -1.563 -1.695 -1.47 -1.368 -1.12 -0.885 -0.504 -0.416 -0.656 -0.676 -0.692 -0.801 -1.234 -1.567 -1.446 -1.239 -1.245 -0.927 -1.393 -1.453 -1.18 -0.994 -1.431 -1.625 -1.418 -0.949 -0.728
-1.036 -0.848 -0.612 -0.207 0.331 -0.195 -0.568 -0.742 -0.596 -0.512 -0.388 -0.109 0.127 0.177 0.164 0.133 -0.108 -0.521 -0.683 -1.026 -1.553 -2.064 -2.282 -2.095 -1.779 -1.63 -1.66 -1.411 -1.049 -0.91 -1.353 -1.767 -1.375 -1.011 -0.725 -0.28 -0.932 -0.87 -1.165 -1.557 -1.815 -1.845 -1.751 -1.943 -2.06 -1.842 -1.736 -1.623 -1.579 -1.559 -1.458 -1.142 -0.864 -0.667 -0.56 -0.448 -0.69 -1.04 -1.144 -1.137 -0.814 -0.878 -1.442 -1.502 -1.233 -1.315 -1.032 -1.4 -1.544 -1.169 -1.205 -1.637 -1.72 -1.328 -0.82 -0.967
-1.139 -0.957 -0.589 -0.138 0.245 -0.234 -0.582 -1.008 -0.887 -0.736 -0.487 -0.215 -0.055 0.035 0.055 0.032 -0.654 -1.411 -1.376 -1.292 -1.533 -1.867 -2.227 -2.213 -1.888 -1.545 -1.401 -1.163 -1.034 -1.174 -1.66 -1.667 -1.322 -0.818 -0.599 -0.302 -0.64 -0.899 -1.122 -1.558 -1.684 -1.58 -1.702 -2.086 -2.01 -1.689 -1.507 -1.384 -1.226 -1.125 -0.935 -0.741 -0.562 -0.565 -0.669 -0.59 -1.013 -1.259 -1.481 -1.469 -1.206 -0.898 -1.134 -1.42 -1.283 -1.483 -1.203 -1.39 -1.61 -1.195 -1.485 -1.686 -1.583 -1.242 -0.813 -1.181
-1.187 -0.84 -0.611 -0.385 0.21 0.002 -0.328 -0.931 -1.013 -0.772 -0.57 -0.374 -0.33 -0.365 -0.54 -0.527 -0.641 -1.336 -1.794 -1.97 -1.931 -1.882 -1.955 -2.054 -1.99 -1.699 -1.389 -1.228 -1.259 -1.526 -1.63 -1.369 -1.229 -1.02 -0.992 -0.524 -0.462 -1.026 -1.434 -1.736 -1.602 -1.473 -1.706 -1.934 -1.789 -1.592 -1.357 -1.245 -1.208 -0.85 -0.577 -0.579 -0.706 -0.919 -0.917 -0.684 -1.176 -1.523 -1.674 -1.566 -1.408 -1.168 -1.021 -1.375 -1.345 -1.562 -1.368 -1.417 -1.636 -1.346 -1.652 -1.591 -1.348 -0.962 -0.926 -1.369
-1.025 -0.781 -0.946 -0.472 0.094 0.094 -0.312 -0.923 -1.142 -0.892 -0.678 -0.586 -0.717 -0.911 -1.315 -0.939 -0.444 -0.921 -1.266 -1.821 -2.427 -2.309 -1.858 -1.608 -1.786 -1.861 -1.653 -1.672 -1.668 -1.567 -1.706 -1.485 -1.447 -1.383 -1.255 -0.952 -0.521 -0.828 -1.317 -1.759 -1.551 -1.347 -1.638 -1.738 -1.468 -1.331 -1.104 -0.996 -0.96 -0.656 -0.59 -0.899 -1.107 -1.228 -0.919 -0.907 -1.156 -1.499 -1.65 -1.532 -1.323 -1.161 -1.093 -1.288 -1.428 -1.652 -1.474 -1.506 -1.617 -1.492 -1.48 -1.281 -1.188 -0.899 -1.244 -1.6
-1.058 -1.188 -0.997 -0.558 -0.093 0.083 -0.461 -0.979 -1.109 -0.893 -0.897 -1.045 -1.475 -1.827 -1.765 -1.176 -0.6 -0.69 -0.998 -1.557 -2.242 -2.588 -2.228 -1.697 -1.439 -1.653 -1.859 -1.867 -1.893 -1.691 -1.78 -1.59 -1.382 -1.278 -1.178 -1.077 -0.752 -0.731 -1.226 -1.576 -1.364 -1.195 -1.463 -1.617 -1.298 -1.073 -1.036 -0.967 -0.862 -0.678 -0.848 -1.192 -1.343 -1.282 -0.95 -1.156 -1.33 -1.381 -1.625 -1.66 -1.424 -1.181 -1.302 -1.43 -1.504 -1.703 -1.487 -1.649 -1.594 -1.628 -1.45 -1.16 -0.956 -1.004 -1.456 -1.868
-1.216 -1.488 -1.104 -0.731 -0.233 -0.023 -0.64 -0.878 -0.926 -1.052 -1.298 -1.995 -2.513 -2.039 -1.73 -1.421 -1.111 -1.211 -1.417 -1.423 -1.96 -2.26 -2.317 -1.971 -1.487 -1.33 -1.462 -1.451 -1.553 -1.419 -1.408 -1.448 -1.41 -1.399 -1.242 -1.109 -0.853 -0.713 -1.146 -1.272 -0.988 -0.982 -1.222 -1.42 -1.264 -1.233 -1.343 -1.26 -1.022 -0.774 -1.005 -1.329 -1.371 -1.211 -0.948 -1.157 -1.424 -1.458 -1.55 -1.597 -1.543 -1.304 -1.456 -1.303 -1.345 -1.537 -1.522 -1.569 -1.534 -1.597 -1.467 -1.144 -0.867 -1.076 -1.594 -1.992
-1.478 -1.42 -1.145 -0.805 -0.158 -0.066 -0.54 -0.635 -0.793 -1.146 -1.599 -2.274 -2.474 -2.062 -1.899 -1.684 -1.518 -1.668 -1.794 -1.524 -1.849 -2.052 -1.906 -2.101 -1.734 -1.332 -1.239 -1.185 -1.144 -1.084 -1.011 -0.993 -1.004 -1.063 -0.962 -0.92 -0.946 -0.874 -1.061 -0.883 -0.782 -1.007 -1.177 -1.27 -1.465 -1.484 -1.409 -1.214 -1.046 -0.958 -1.078 -1.43 -1.287 -1.099 -0.975 -1.159 -1.431 -1.297 -1.316 -1.437 -1.474 -1.225 -1.044 -0.963 -1.323 -1.427 -1.335 -1.358 -1.375 -1.296 -1.266 -1.086 -1.05 -0.923 -1.262 -1.68
-1.504 -1.245 -0.898 -0.658 0.061 -0.427 -0.795 -0.896 -1.128 -1.522 -1.955 -2.559 -2.641 -2.445 -2.368 -2.222 -2.12 -2.202 -2.204 -1.869 -1.902 -2.143 -1.798 -1.797 -1.674 -1.353 -1.454 -1.434 -1.263 -1.27 -1.309 -1.233 -1.061 -0.912 -0.981 -1.172 -1.261 -1.073 -0.975 -0.672 -0.918 -1.155 -1.436 -1.427 -1.608 -1.452 -1.256 -1.189 -1.254 -1.259 -1.139 -1.476 -1.175 -1.238 -1.107 -1.018 -1.161 -1.184 -1.335 -1.315 -1.074 -0.81 -0.816 -1.116 -1.137 -1.121 -1.003 -1.258 -1.387 -1.451 -1.242 -1.31 -1.15 -0.879 -0.943 -1.228
-1.225 -1.001 -0.8 -0.458 0.087 -0.805 -1.395 -1.665 -1.989 -2.123 -2.203 -2.571 -2.605 -2.535 -2.388 -2.444 -2.642 -2.708 -2.449 -2.353 -2.357 -2.291 -1.977 -1.594 -1.471 -1.582 -1.857 -1.762 -1.649 -1.6 -1.51 -1.321 -1.195 -1.223 -1.335 -1.399 -1.241 -1.004 -0.813 -0.488 -0.765 -1.186 -1.407 -1.569 -1.698 -1.518 -1.406 -1.478 -1.49 -1.343 -1.176 -1.502 -1.341 -1.45 -1.308 -0.886 -0.951 -1.118 -1.11 -0.947 -0.702 -0.499 -0.848 -1.095 -0.931 -0.836 -0.885 -0.978 -1.056 -1.143 -1.241 -1.424 -1.216 -0.926 -0.812 -0.889
-0.939 -0.777 -0.544 -0.39 -0.008 -0.668 -1.412 -2.078 -2.528 -2.624 -2.408 -2.331 -2.418 -2.602 -2.357 -2.273 -2.489 -2.684 -2.305 -2.309 -2.522 -2.596 -2.123 -1.82 -1.68 -1.978 -1.983 -1.768 -1.579 -1.426 -1.312 -1.264 -1.372 -1.479 -1.393 -1.262 -1.072 -0.762 -0.449 -0.289 -0.628 -0.985 -1.253 -1.513 -1.436 -1.614 -1.64 -1.733 -1.554 -1.456 -1.41 -1.506 -1.45 -1.252 -1.244 -0.901 -0.588 -0.576 -0.521 -0.464 -0.323 -0.541 -0.889 -0.933 -0.753 -0.874 -1.001 -1.111 -1.115 -1.179 -1.246 -1.293 -1.143 -1.052 -0.901 -0.784
-0.726 -0.683 -0.689 -0.665 -0.192 -0.565 -1.25 -1.91 -2.381 -2.647 -2.388 -2.139 -2.142 -2.317 -2.274 -2.192 -2.314 -2.631 -2.35 -2.096 -2.293 -2.564 -2.341 -2.154 -2.03 -2.116 -1.853 -1.649 -1.555 -1.54 -1.569 -1.541 -1.5 -1.404 -1.26 -1.044 -0.795 -0.447 -0.202 -0.315 -0.451 -0.641 -0.976 -1.24 -1.185 -1.632 -1.541 -1.594 -1.715 -1.432 -1.325 -1.169 -1.11 -0.876 -0.794 -0.612 -0.343 -0.16 -0.091 -0.089 -0.164 -0.467 -0.623 -0.644 -0.522 -0.736 -0.797 -0.957 -1.102 -1.317 -1.346 -1.337 -1.271 -1.221 -1.141 -0.984
-1.019 -1.198 -1.052 -0.772 -0.358 -0.758 -1.332 -1.736 -1.928 -2.454 -2.52 -2.196 -1.953 -1.932 -2.008 -2.082 -2.243 -2.501 -2.348 -2.057 -2.007 -2.097 -2.181 -2.185 -2.005 -2.097 -2.002 -1.82 -1.643 -1.427 -1.523 -1.411 -1.348 -1.102 -0.933 -0.765 -0.427 -0.203 -0.319 -0.689 -0.725 -0.737 -0.748 -0.749 -1.265 -1.423 -1.334 -1.689 -1.691 -1.278 -1.066 -0.866 -0.708 -0.459 -0.286 -0.262 -0.301 -0.355 -0.308 -0.296 -0.124 -0.117 -0.169 -0.121 -0.111 -0.189 -0.267 -0.442 -0.645 -1.105 -1.223 -1.276 -1.282 -1.218 -1.3 -1.261
-1.675 -1.458 -0.924 -0.659 -0.609 -1.074 -1.666 -2.094 -2.322 -2.62 -2.453 -2.366 -2.086 -1.818 -1.787 -1.904 -2.136 -2.141 -2.262 -2.102 -1.894 -1.811 -1.81 -1.929 -1.852 -2.036 -2.143 -1.831 -1.617 -1.234 -1.014 -1.269 -1.008 -0.909 -0.597 -0.322 -0.172 -0.332 -0.667 -1.005 -1.056 -0.995 -0.996 -1.044 -0.977 -1.162 -1.535 -1.627 -1.421 -1.004 -0.719 -0.481 -0.339 -0.329 -0.508 -0.588 -0.774 -0.799 -0.763 -0.667 -0.483 -0.396 -0.34 -0.214 -0.071 -0.006 0.006 -0.112 -0.31 -0.725 -0.785 -0.815 -0.884 -0.881 -1.027 -1.065
-1.653 -1.303 -1.013 -0.964 -1.123 -1.567 -2.099 -2.609 -2.762 -2.619 -2.267 -2.144 -1.983 -1.791 -1.708 -1.716 -1.896 -2.174 -2.43 -2.263 -2.02 -1.851 -1.685 -1.634 -1.792 -2.02 -2.055 -1.793 -1.715 -1.337 -0.823 -0.931 -0.79 -0.44 -0.219 -0.148 -0.237 -0.491 -0.809 -1.17 -1.373 -1.438 -1.245 -1.379 -1.189 -1.322 -1.529 -1.308 -1.06 -0.71 -0.441 -0.427 -0.637 -0.672 -0.931 -0.913 -1.192 -1.128 -1.096 -0.957 -0.811 -0.707 -0.697 -0.701 -0.52 -0.431 -0.277 -0.039 -0.06 -0.321 -0.219 -0.299 -0.391 -0.483 -0.691 -0.75
-1.61 -1.401 -1.255 -1.285 -1.532 -2.094 -2.651 -2.667 -2.581 -2.431 -2.178 -1.968 -1.845 -1.759 -1.692 -1.64 -1.716 -2.122 -2.405 -2.537 -2.367 -2.128 -1.703 -1.499 -1.979 -1.774 -1.792 -1.491 -1.351 -1.376 -0.992 -0.494 -0.399 -0.185 -0.189 -0.379 -0.628 -0.663 -0.645 -0.931 -1.265 -1.588 -1.558 -1.475 -1.414 -1.449 -1.306 -0.985 -0.689 -0.516 -0.512 -0.816 -0.999 -0.995 -1.169 -1.268 -1.292 -1.103 -0.976 -0.976 -1.028 -0.954 -0.934 -1.04 -0.886 -0.941 -0.853 -0.386 -0.029 0.01 0.057 0.061 0.081 -0.093 -0.347 -0.469
-1.998 -1.759 -1.643 -1.853 -2.228 -2.446 -2.414 -2.569 -2.436 -2.225 -2.078 -1.939 -1.894 -1.904 -1.878 -1.592 -1.548 -1.712 -1.983 -2.427 -2.334 -2.008 -1.547 -1.356 -1.927 -1.619 -1.417 -1.511 -1.069 -1.103 -0.78 -0.387 -0.187 -0.223 -0.479 -0.785 -1.014 -1.082 -1.08 -0.765 -1.066 -1.347 -1.443 -1.381 -1.235 -1.145 -0.981 -0.713 -0.597 -0.749 -0.843 -1.074 -1.258 -1.207 -1.222 -1.27 -1.118 -0.926 -0.802 -0.671 -0.775 -0.943 -1.124 -1.25 -1.227 -1.296 -1.052 -0.697 -0.405 -0.064 -0.041 -0.027 0.18 0.238 0.08 -0.159
-2.299 -2.189 -2.361 -2.188 -2.126 -2.269 -2.108 -2.318 -2.393 -2.186 -2.067 -2.188 -2.354 -2.515 -2.227 -1.746 -1.484 -1.439 -1.747 -2.139 -1.955 -1.722 -1.258 -1.287 -1.844 -1.534 -1.136 -1.192 -1.004 -0.679 -0.386 -0.158 -0.26 -0.533 -0.765 -1.087 -1.297 -1.372 -1.226 -0.992 -0.868 -1.239 -1.346 -1.16 -1.003 -0.964 -0.838 -0.746 -0.865 -1.091 -1.231 -1.287 -1.406 -1.336 -1.277 -1.217 -1.2 -1.113 -1.034 -0.816 -0.581 -0.579 -0.947 -1.143 -1.307 -1.3 -1.128 -0.953 -0.697 -0.485 -0.359 -0.151 -0.075 0.156 0.323 0.084
-2.058 -1.928 -2.109 -1.699 -1.718 -1.946 -1.933 -1.93 -2.045 -2.397 -2.442 -2.813 -2.492 -2.257 -2.335 -1.995 -1.557 -1.4 -1.521 -1.983 -1.686 -1.215 -0.996 -1.361 -1.722 -1.526 -1.188 -0.78 -0.725 -0.366 -0.17 -0.2 -0.503 -0.884 -0.899 -1.216 -1.448 -1.392 -1.213 -1.148 -0.987 -1.324 -1.372 -1.236 -1.116 -1.08 -1.024 -1.045 -1.166 -1.321 -1.399 -1.381 -1.417 -1.485 -1.283 -1.137 -1.101 -1.114 -1.245 -1.024 -0.734 -0.508 -0.531 -0.845 -1.006 -1.013 -1.202 -1.231 -0.999 -0.836 -0.574 -0.382 -0.465 -0.286 -0.048 0.272
-1.785 -1.496 -1.863 -1.557 -1.5 -1.623 -1.611 -1.855 -2.323 -2.212 -2.389 -2.706 -2.33 -1.914 -1.963 -2.095 -1.657 -1.354 -1.405 -1.851 -1.621 -1.056 -0.841 -1.364 -1.507 -1.318 -1.035 -0.599 -0.355 -0.176 -0.249 -0.454 -0.678 -1.069 -1.132 -1.148 -1.515 -1.474 -1.384 -1.379 -1.208 -1.442 -1.487 -1.398 -1.335 -1.217 -1.189 -1.356 -1.417 -1.424 -1.268 -1.137 -1.254 -1.426 -1.316 -1.207 -0.991 -0.811 -1.17 -1.216 -1.073 -0.796 -0.413 -0.557 -0.78 -0.899 -1.256 -1.263 -1.017 -0.858 -0.575 -0.412 -0.628 -0.344 -0.178 0.274
-1.668 -1.218 -1.535 -1.311 -1.217 -1.352 -1.619 -2.232 -2.39 -1.956 -1.997 -2.273 -2.345 -1.9 -1.639 -1.797 -1.705 -1.298 -1.333 -1.681 -1.449 -1.028 -0.636 -1.069 -1.318 -1.076 -0.72 -0.361 -0.161 -0.257 -0.575 -0.847 -0.697 -1.129 -1.364 -1.343 -1.648 -1.633 -1.497 -1.436 -1.144 -1.377 -1.59 -1.425 -1.272 -1.093 -1.181 -1.56 -1.556 -1.424 -1.184 -0.882 -0.991 -1.288 -1.415 -1.157 -0.862 -0.644 -0.859 -1.208 -1.054 -0.833 -0.362 -0.374 -0.886 -1.12 -1.351 -1.157 -0.95 -0.714 -0.477 -0.524 -0.942 -0.547 -0.359 0.1
-1.328 -1.043 -1.128 -1.052 -1.171 -1.527 -1.952 -2.224 -2.342 -1.905 -1.698 -2.064 -2.472 -2.142 -1.852 -1.548 -1.384 -1.228 -1.286 -1.455 -1.373 -0.963 -0.407 -0.643 -0.987 -0.819 -0.386 -0.189 -0.295 -0.609 -0.885 -1.206 -0.842 -0.968 -1.413 -1.679 -1.82 -1.733 -1.603 -1.452 -1.127 -1.052 -1.344 -1.285 -1.126 -1.046 -1.186 -1.463 -1.394 -1.204 -1.012 -0.698 -0.959 -1.361 -1.372 -1.09 -0.907 -0.563 -0.721 -1.199 -0.972 -0.58 -0.228 -0.312 -0.758 -1.086 -1.514 -1.562 -1.316 -0.991 -1.065 -1.206 -1.293 -0.95 -0.646 -0.249
-0.925 -0.905 -1.096 -1.299 -1.554 -1.919 -1.971 -1.863 -2.068 -1.724 -1.663 -2.139 -2.417 -2.196 -1.977 -1.582 -1.154 -1.164 -1.337 -1.526 -1.351 -0.902 -0.254 -0.33 -0.634 -0.456 -0.207 -0.339 -0.626 -0.979 -1.149 -1.388 -1.093 -0.839 -1.356 -1.915 -1.94 -1.86 -1.523 -1.291 -1.152 -0.902 -0.89 -0.905 -0.929 -1.044 -1.214 -1.467 -1.295 -1.186 -0.981 -0.73 -0.677 -1.159 -1.284 -0.968 -0.679 -0.295 -0.432 -0.93 -0.997 -0.607 -0.145 -0.286 -0.719 -1.085 -1.299 -1.497 -1.615 -1.411 -1.39 -1.365 -1.282 -0.897 -0.583 -0.296
-0.968 -1.173 -1.522 -1.93 -2.164 -2.113 -1.929 -1.748 -1.723 -1.527 -1.596 -1.984 -2.125 -1.88 -1.686 -1.364 -1.077 -1.156 -1.497 -1.536 -1.199 -0.745 -0.205 -0.14 -0.363 -0.209 -0.355 -0.677 -0.976 -1.232 -1.389 -1.501 -1.403 -1.182 -1.4 -1.971 -1.909 -1.746 -1.393 -1.428 -1.44 -1.06 -0.702 -0.681 -0.713 -1.113 -1.412 -1.704 -1.614 -1.426 -1.175 -0.452 -0.379 -0.893 -1.131 -1.157 -0.963 -0.45 0.013 -0.441 -0.586 -0.366 -0.086 -0.513 -0.9 -1.093 -0.923 -1.033 -1.36 -1.35 -1.16 -1.025 -0.882 -0.591 -0.276 -0.064
-1.455 -1.743 -2.049 -2.33 -2.459 -2.343 -2.334 -1.994 -1.708 -1.674 -1.505 -1.516 -1.695 -1.485 -1.368 -1.066 -1.015 -1.292 -1.53 -1.315 -1.01 -0.588 -0.113 -0.081 -0.174 -0.364 -0.678 -1.022 -1.253 -1.335 -1.352 -1.581 -1.793 -1.665 -1.691 -1.778 -1.64 -1.443 -1.348 -1.546 -1.495 -1.095 -1.013 -0.633 -0.826 -1.085 -1.362 -1.748 -1.858 -1.705 -1.156 -0.376 0.059 -0.269 -0.839 -1.236 -0.915 -0.518 -0.07 0.026 0.051 0.138 -0.038 -0.625 -1.015 -0.828 -0.594 -0.717 -1.182 -1.345 -1.055 -0.809 -0.586 -0.408 -0.287 -0.279
-1.965 -2.182 -2.28 -2.221 -2.127 -2.266 -2.243 -2.257 -2.047 -1.932 -1.771 -1.389 -1.239 -1.099 -0.975 -0.917 -1.065 -1.308 -1.275 -1.088 -0.751 -0.35 -0.009 -0.084 -0.293 -0.62 -1.02 -1.205 -1.169 -1.143 -1.455 -1.708 -1.817 -1.785 -1.842 -1.851 -1.753 -1.455 -1.516 -1.644 -1.44 -1.211 -1.187 -0.637 -0.532 -1.108 -1.378 -1.694 -1.564 -1.278 -0.827 -0.404 0.039 0.125 -0.604 -0.889 -1.037 -0.713 -0.27 -0.392 -0.23 0.176 0.173 -0.352 -0.598 -0.439 -0.486 -0.841 -1.165 -1.211 -1.163 -0.987 -0.752 -0.616 -0.835 -0.691
-2.415 -2.244 -2.045 -1.908 -1.858 -1.887 -1.833 -2.161 -1.945 -1.756 -1.704 -1.308 -0.904 -0.736 -0.853 -1.118 -1.1 -1.072 -1.018 -0.721 -0.391 -0.062 0.028 -0.255 -0.654 -0.753 -0.926 -0.973 -1.108 -1.411 -1.498 -1.495 -1.475 -1.32 -1.562 -1.651 -1.729 -1.586 -1.528 -1.45 -1.456 -1.534 -1.184 -0.759 -0.328 -0.89 -1.221 -1.397 -1.418 -1.049 -0.932 -0.783 -0.279 0.311 -0.176 -0.651 -1.067 -0.812 -0.652 -0.784 -0.453 -0.118 0.286 0.106 -0.108 -0.073 -0.532 -0.908 -1.109 -0.814 -0.841 -0.89 -0.736 -0.747 -1.108 -0.823
-2.418 -2.253 -1.891 -1.55 -1.781 -1.754 -1.524 -1.98 -1.592 -1.402 -1.443 -1.083 -0.636 -0.813 -1.071 -1.084 -0.927 -0.811 -0.568 -0.409 -0.113 0.038 -0.116 -0.416 -0.51 -0.908 -1.07 -1.263 -1.412 -1.274 -1.281 -1.276 -1.152 -1.26 -1.326 -1.574 -1.858 -1.706 -1.423 -1.182 -1.191 -1.247 -1.191 -0.784 -0.252 -0.583 -1.002 -1.385 -1.249 -1.035 -1.111 -0.822 -0.423 0.215 0.027 -0.584 -0.921 -1.016 -0.923 -0.889 -0.656 -0.295 0.209 0.314 -0.087 -0.124 -0.522 -0.977 -1.172 -0.784 -0.557 -0.484 -0.359 -0.331 -0.806 -1.044
-1.927 -1.986 -1.736 -1.466 -1.62 -1.747 -1.251 -1.718 -1.405 -1.212 -1.217 -0.967 -0.593 -0.965 -0.917 -0.803 -0.541 -0.299 -0.122 0.057 0.089 -0.019 -0.189 -0.221 -0.602 -0.945 -1.125 -0.999 -0.892 -0.983 -0.938 -0.91 -0.965 -1.065 -1.23 -1.517 -1.603 -1.551 -1.308 -1.116 -1.211 -1.108 -0.939 -0.723 -0.26 -0.412 -0.889 -1.312 -1.337 -1.066 -1.066 -0.845 -0.451 0.132 0.261 -0.084 -0.391 -0.699 -0.716 -0.852 -0.555 -0.164 0.309 0.213 -0.263 -0.458 -0.511 -0.925 -1.145 -0.976 -0.89 -0.751 -0.5 -0.061 -0.533 -1.091
-1.609 -1.794 -1.255 -1.162 -1.621 -1.754 -1.077 -1.498 -1.297 -1.078 -0.898 -0.646 -0.537 -0.935 -0.556 -0.297 -0.112 0.122 0.113 0.014 -0.1 -0.364 -0.666 -0.442 -0.52 -0.813 -0.613 -0.54 -0.553 -0.708 -0.917 -1.124 -1.329 -1.357 -1.29 -1.214 -1.247 -1.394 -1.433 -1.246 -1.399 -1.428 -1.177 -0.87 -0.356 -0.242 -0.764 -1.221 -1.266 -0.994 -0.732 -0.729 -0.331 0.074 0.147 0.285 0.224 -0.123 -0.532 -0.559 -0.118 0.223 0.418 -0.007 -0.478 -0.664 -0.776 -0.868 -0.759 -0.605 -0.721 -0.785 -0.388 0.066 -0.472 -1.072
-1.616 -1.631 -0.928 -1.316 -1.77 -1.826 -1.057 -1.182 -1.286 -0.884 -0.516 -0.389 -0.633 -0.802 -0.296 0.038 0.157 -0.08 -0.27 -0.413 -0.462 -0.886 -1.115 -0.973 -0.481 -0.413 -0.505 -0.773 -0.837 -0.892 -1.316 -1.572 -1.605 -1.419 -1.293 -0.944 -1.14 -1.319 -1.478 -1.391 -1.329 -1.511 -1.461 -1.112 -0.481 -0.236 -0.833 -1.25 -1.231 -0.906 -0.479 -0.29 -0.162 -0.315 -0.504 -0.12 0.356 0.35 -0.083 0.075 0.342 0.433 0.28 -0.21 -0.645 -0.785 -1.053 -1.058 -0.646 -0.191 -0.096 -0.219 0.029 -0.06 -0.685 -0.912
-1.653 -1.664 -0.837 -1.034 -1.463 -1.751 -1.15 -0.947 -1.354 -0.864 -0.266 -0.281 -0.638 -0.419 -0.031 0.168 -0.129 -0.461 -0.749 -0.982 -0.871 -1.239 -1.424 -1.257 -0.859 -0.482 -0.777 -1.086 -1.157 -1.078 -1.346 -1.494 -1.52 -1.169 -1.061 -0.926 -1.151 -1.34 -1.448 -1.27 -1.053 -1.208 -1.144 -0.866 -0.378 -0.285 -0.871 -1.328 -1.252 -0.977 -0.678 -0.516 -0.563 -0.884 -0.778 -0.433 -0.156 0.331 0.523 0.555 0.263 0.155 -0.113 -0.13 -0.475 -0.877 -0.924 -1.05 -0.716 -0.403 -0.312 0.071 0.153 0.203 -0.2 -0.346
-1.521 -1.46 -0.726 -0.862 -1.289 -1.683 -1.254 -0.806 -1.299 -0.942 -0.208 -0.138 -0.216 -0.003 0.175 -0.084 -0.484 -0.674 -1.082 -1.42 -1.396 -1.403 -1.239 -1.051 -0.903 -0.559 -0.822 -1.21 -1.388 -1.411 -1.436 -1.357 -1.382 -1.081 -0.862 -0.955 -1.143 -1.304 -1.349 -0.98 -0.629 -0.694 -0.552 -0.321 -0.161 -0.36 -0.788 -1.212 -1.255 -1.183 -1.094 -1.014 -0.975 -1.016 -0.929 -0.73 -0.478 -0.06 0.574 0.613 0.098 -0.166 -0.176 -0.441 -0.512 -0.777 -0.521 -0.852 -1.051 -0.905 -0.571 -0.407 -0.241 0.213 0.143 -0.132
-1.119 -1.194 -0.642 -0.765 -1.273 -1.359 -1.232 -0.725 -1.024 -0.758 -0.106 0.082 0.168 0.236 0.023 -0.343 -0.652 -1.094 -1.419 -1.731 -1.545 -1.301 -1.119 -1.123 -0.979 -0.777 -0.84 -1.235 -1.521 -1.757 -1.523 -1.17 -1.08 -0.925 -0.848 -1.081 -1.259 -1.309 -1.349 -0.983 -0.604 -0.287 0.026 0.027 -0.245 -0.607 -0.919 -1.185 -1.046 -0.952 -0.985 -0.878 -0.898 -0.758 -0.805 -0.904 -0.612 -0.087 0.615 0.486 0.094 -0.171 -0.462 -0.582 -0.829 -0.678 -0.289 -0.647 -0.83 -0.892 -0.853 -0.768 -0.242 0.201 0.114 -0.506
