data/climatemaps/RS_maps/climate_postbreed_tmp_2011.asc
NCOLS 369 
NROWS 228 
XLLCORNER 479000 
YLLCORNER 73000 
CELLSIZE 1000 
NODATA_value -9 
[rows 170 to 203 of 228, columns 231 to 307 of 369]
-0.7 -0.567 -0.455 -0.433 0.075 0.18 0.608 1.285 1.656 1.267 0.57 0.127 -0.131 -0.241 -0.467 -1.014 -0.849 -0.31 0.364 0.568 -0.079 -0.78 -0.627 -0.009 0.969 1.444 0.881 0.277 0.127 -0.112 0.101 -0.691 -0.937 -0.668 -0.219 0.2 0.429 0.812 1.094 1.612 1.722 1.375 0.822 0.492 0.443 0.254 0.399 0.058 -0.188 -0.103 -0.206 -0.421 -0.799 -1.007 -0.637 -0.695 -0.559 -0.934 -1.504 -1.095 -1.227 -1.736 -1.98 -1.476 -1.544 -1.867 -1.445 -0.965 -0.435 -0.335 -0.693 -1.013 -0.714 -0.146 0.126 -0.058 -0.394
-0.629 -0.804 -0.71 -0.472 -0.218 -0.32 0.273 1.062 1.622 1.533 0.869 0.264 0.13 -0.362 -0.664 -0.993 -0.625 -0.099 0.573 0.535 -0.112 -0.684 0.006 0.537 1.424 1.323 0.569 0.047 0.242 -0.419 0.058 -0.533 -0.71 -0.312 -0.161 0.28 0.795 1.185 1.558 1.754 1.663 1.302 0.846 0.401 -0.049 -0.387 -0.082 -0.139 -0.607 -0.756 -0.795 -0.814 -0.773 -1.065 -1.249 -1.438 -1.4 -1.445 -1.58 -1.22 -1.295 -1.539 -1.842 -1.706 -1.694 -1.758 -1.257 -0.783 -0.648 -0.768 -0.697 -1.177 -1.014 -0.547 0.109 0.113 -0.355
-0.59 -0.592 -0.596 -0.729 -0.448 -0.203 0.298 0.926 1.51 1.634 1.13 0.483 -0.056 -0.623 -1.039 -0.847 -0.518 -0.069 0.555 0.649 -0.032 -0.524 0.303 1.154 1.524 1.015 0.27 -0.256 0.2 -0.457 -0.161 -0.618 -0.594 -0.196 0.098 0.171 0.723 1.276 1.695 1.796 1.666 1.24 0.785 0.369 0.016 -0.466 -0.598 -0.517 -0.85 -1.178 -0.861 -0.428 -0.356 -0.964 -1.46 -1.441 -1.469 -1.691 -1.707 -1.583 -1.363 -0.978 -1.324 -1.532 -1.651 -1.66 -1.314 -1.06 -1.276 -1.124 -0.835 -1.406 -1.185 -0.851 -0.008 0.396 0.038
-0.294 -0.063 -0.481 -0.489 -0.041 0.301 0.554 0.669 1.358 1.672 1.41 0.814 0.172 -0.367 -0.825 -0.544 -0.281 -0.161 0.353 0.815 -0.03 -0.033 0.457 1.348 1.387 0.605 -0.141 -0.598 -0.12 -0.427 -0.527 -0.621 -0.319 -0.015 0.189 0.332 0.71 1.086 1.661 1.816 1.799 1.484 0.736 0.098 -0.293 -0.605 -0.695 -0.742 -0.809 -0.925 -0.581 0.001 -0.331 -1.226 -1.311 -1.042 -0.959 -1.374 -1.291 -1.341 -1.003 -0.609 -0.794 -0.928 -1.067 -1.283 -1.568 -1.646 -1.833 -1.465 -1.133 -1.302 -1.107 -0.722 -0.036 0.578 0.606
0.195 -0.065 -0.576 -0.418 -0.1 0.263 0.306 0.26 1.236 1.667 1.639 1.148 0.639 0.217 -0.458 -0.49 -0.157 0.327 0.721 0.561 -0.015 0.382 0.947 1.537 1.069 0.277 -0.383 -0.624 -0.536 -0.574 -0.714 -0.329 -0.065 0.124 0.302 0.403 0.787 0.876 1.386 1.813 1.834 1.713 1.005 0.331 -0.283 -0.58 -0.467 -0.264 -0.201 -0.28 -0.141 0.214 -0.337 -1.099 -0.989 -0.632 -0.692 -1.172 -0.805 -0.848 -0.722 -0.315 -0.158 -0.366 -0.579 -1.015 -1.544 -1.977 -2.092 -1.653 -1.461 -1.182 -0.786 -0.303 0.155 0.724 0.727
0.147 -0.352 -0.624 -0.739 -0.347 0.253 -0.053 0.087 0.864 1.538 1.675 1.479 1.025 0.382 -0.247 -0.589 -0.126 0.406 0.915 0.396 0.324 0.694 1.252 1.539 0.888 0.354 0.187 -0.03 -0.564 -0.739 -0.487 0.136 0.295 0.478 0.523 0.652 0.492 0.463 1.136 1.775 1.851 1.835 1.398 0.631 0.256 -0.24 -0.138 0.338 0.466 0.423 0.416 0.263 -0.403 -0.913 -0.826 -0.298 -0.632 -0.971 -0.365 -0.222 -0.072 0.249 0.232 -0.213 -0.61 -1.094 -1.453 -1.714 -1.787 -1.613 -1.425 -0.94 -0.538 -0.132 0.243 0.841 0.519
0.3 0.057 -0.211 -0.724 -0.279 -0.075 0.055 0.614 0.831 1.247 1.647 1.664 1.331 0.798 0.149 -0.227 -0.224 0.256 0.809 0.943 0.871 0.995 1.467 1.398 0.679 0.245 0.097 0.259 -0.171 -0.587 -0.088 0.193 -0.087 0.351 0.161 0.375 0.075 0.456 1.136 1.64 1.851 1.863 1.791 1.368 0.805 0.25 0.217 0.681 0.169 -0.092 -0.29 -0.18 -0.572 -0.937 -0.528 0.054 -0.133 -0.382 -0.003 0.523 0.441 0.165 -0.276 -0.659 -1.041 -1.158 -1.189 -1.468 -1.307 -1.273 -1.188 -0.902 -0.52 -0.063 0.144 0.818 0.57
0.261 0.143 0.101 -0.502 -0.682 -0.264 0.355 0.309 0.249 0.76 1.483 1.672 1.552 1.101 0.456 0.398 0.316 0.447 0.712 1.007 1.229 1.394 1.558 1.193 0.412 -0.091 -0.371 -0.044 0.1 -0.443 0.074 -0.182 -0.225 0.161 -0.21 0.016 -0.066 0.58 0.827 1.356 1.786 1.874 1.879 1.781 1.166 0.502 0.543 0.671 -0.235 -0.548 -0.889 -0.763 -0.898 -0.874 -0.313 0.161 0.4 0.439 0.633 0.714 -0.064 -0.566 -0.782 -0.912 -0.99 -0.851 -1.133 -1.456 -1.058 -0.874 -0.766 -0.622 -0.336 0.07 0.388 0.816 0.85
-0.3 -0.487 -0.404 -0.35 -0.544 -0.022 0.045 -0.047 -0.111 0.496 1.219 1.618 1.66 1.199 0.578 0.995 1.092 1.162 1.274 1.286 1.39 1.555 1.352 0.887 0.329 -0.093 -0.483 -0.46 -0.15 -0.469 -0.179 -0.553 -0.397 -0.329 -0.576 -0.369 -0.295 0.08 0.389 1.019 1.561 1.877 1.88 1.865 1.353 0.578 0.896 0.759 0.249 -0.204 -0.934 -1.257 -1.32 -1.089 -0.615 -0.416 0.099 0.266 0.643 0.802 -0.144 -0.739 -0.718 -0.696 -0.632 -0.827 -1.207 -1.279 -0.978 -0.933 -0.777 -0.654 -0.546 -0.179 0.082 -9 -9
0.013 -0.402 -0.697 -0.665 -0.59 -0.502 -0.266 -0.371 -0.008 0.476 0.869 1.402 1.677 1.476 1.086 1.464 1.562 1.603 1.623 1.584 1.54 1.233 0.76 0.517 0.333 0.081 -0.519 -0.781 -0.543 -0.546 -0.418 -0.405 -0.299 -0.357 -0.545 -0.551 -0.42 -0.458 0.08 0.805 1.298 1.701 -9 1.894 1.766 1.191 1.181 0.782 0.133 -0.431 -1.061 -0.952 -0.964 -1.255 -1.032 -0.798 -0.518 -0.505 0.315 0.949 0.176 -0.162 -0.09 -0.201 -0.51 -0.786 -1.063 -1.174 -0.788 -1.003 -0.929 -0.909 -0.719 -0.489 -0.324 -9 -9
0.569 0.121 -0.279 -0.295 -0.38 -0.644 -0.484 -0.425 0.032 0.401 0.692 1.135 1.584 1.663 1.566 1.492 1.333 1.292 1.279 1.248 1.236 1.107 0.704 0.253 -0.018 -0.061 -0.403 -0.754 -0.312 -0.349 -0.096 0.144 0.275 0.145 -0.246 -0.171 -0.108 -0.608 -0.108 0.538 0.611 0.902 -9 -9 1.887 1.802 1.392 0.919 0.435 -0.148 -0.705 -0.508 -0.595 -1.082 -0.946 -0.876 -0.777 -0.471 0.262 1.02 0.548 0.248 -0.156 -0.294 -0.362 -0.643 -0.753 -0.925 -0.659 -0.639 -0.714 -0.658 -0.785 -0.836 -9 -9 -9
0.912 0.483 0.228 0.063 -0.223 -0.411 -0.153 -0.014 0.203 0.533 0.792 1.138 1.513 1.676 1.54 1.174 0.773 0.607 0.596 0.619 0.846 0.962 0.902 0.46 -0.129 -0.536 -0.633 -0.611 0.038 -0.208 -0.033 0.001 0.185 0.518 -0.093 0.203 -0.111 -0.334 -0.12 0.08 0.038 -9 -9 -9 -9 -9 1.395 0.636 0.384 0.129 -0.113 -0.176 -0.524 -1.039 -0.855 -0.59 -0.381 -0.089 0.585 1.017 0.394 0.209 0.012 -0.011 0.178 0.018 -0.296 -0.314 -0.295 -0.174 -0.411 -0.093 -9 -9 -9 -9 -9
0.66 0.437 0.242 0.07 0.037 -0.162 0.183 0.461 0.271 0.442 0.848 1.395 1.639 1.596 1.162 0.985 0.803 0.56 0.255 0.148 0.462 0.415 0.669 0.623 0.167 -0.309 -0.478 -0.341 0.203 -0.165 -0.446 -0.313 0.179 0.72 0.499 0.532 0.06 0.247 0.281 0.419 0.277 -9 -9 -9 -9 -9 -9 0.774 0.577 0.274 -0.036 -0.325 -0.744 -1.113 -0.979 -0.535 -0.071 0.354 0.918 0.735 0.327 0.643 0.518 0.523 0.745 0.623 0.229 0.234 0.292 0.275 0.1 -9 -9 -9 -9 -9 -9
0.685 0.39 0.239 0.313 0.485 0.179 0.302 0.725 0.776 0.855 1.182 1.657 1.694 1.433 0.775 0.551 0.622 0.611 0.437 0.025 0.011 0.113 0.303 0.462 0.081 -0.307 0.019 0.343 0.484 -0.009 -0.042 0.137 0.517 0.923 1.047 0.892 0.454 0.679 0.598 0.808 0.688 -9 -9 -9 -9 -9 -9 -9 -9 -9 -9 -0.673 -0.856 -0.89 -0.643 -0.557 -0.101 0.599 1.168 0.674 0.81 1.114 1.064 1.105 1.202 0.897 0.527 -9 -9 -9 -9 -9 -9 -9 -9 -9 -9
0.915 0.857 0.756 0.823 0.825 0.605 0.671 0.842 1.124 1.398 1.548 1.706 1.623 1.308 0.738 0.249 0.197 0.239 0.245 -0.028 -0.367 -0.116 0.019 0.085 0.073 -0.436 -0.184 0.421 0.76 0.402 0.417 0.571 0.539 0.891 1.268 1.059 0.669 1.021 0.958 1.197 1.211 -9 -9 -9 -9 -9 -9 -9 -9 -9 -9 -9 -9 -9 -9 -9 0.215 0.822 1.347 0.959 1.336 1.559 -9 -9 -9 -9 -9 -9 -9 -9 -9 -9 -9 -9 -9 -9 -9
1.446 1.366 1.269 1.308 1.276 1.151 1.231 1.3 1.478 1.66 1.693 1.699 1.517 1.184 0.744 0.363 0.299 0.169 0.017 -0.111 -0.337 -0.349 -0.149 -0.284 -0.183 -0.426 0.024 0.526 0.911 0.624 0.697 0.926 0.633 0.819 1.272 1.188 0.878 1.3 1.545 1.631 -9 -9 -9 -9 -9 -9 -9 -9 -9 -9 -9 -9 -9 -9 -9 -9 -9 -9 -9 -9 -9 -9 -9 -9 -9 -9 -9 -9 -9 -9 -9 -9 -9 -9 -9 -9 -9
1.696 1.67 1.636 1.638 1.641 1.605 1.628 1.649 1.688 1.708 1.7 1.66 1.452 1.144 0.913 0.866 0.828 0.657 0.502 0.38 0.176 -0.14 -0.42 -0.53 -0.346 0.024 0.372 0.701 1.024 0.938 0.96 1.182 1.043 1.14 1.291 1.412 1.281 1.665 1.824 -9 -9 -9 -9 -9 -9 -9 -9 -9 -9 -9 -9 -9 -9 -9 -9 -9 -9 -9 -9 -9 -9 -9 -9 -9 -9 -9 -9 -9 -9 -9 -9 -9 -9 -9 -9 -9 -9
1.709 1.709 1.709 1.709 1.71 1.713 1.715 1.715 1.715 1.715 1.676 1.519 1.25 1.22 1.132 1.037 0.797 0.728 0.558 0.422 0.098 -0.017 -0.189 -0.147 0.016 0.289 0.522 0.676 0.812 1.064 1.18 1.283 1.414 1.382 1.338 1.611 1.709 1.854 1.877 -9 -9 -9 -9 -9 -9 -9 -9 -9 -9 -9 -9 -9 -9 -9 -9 -9 -9 -9 -9 -9 -9 -9 -9 -9 -9 -9 -9 -9 -9 -9 -9 -9 -9 -9 -9 -9 -9
1.709 1.709 1.71 1.715 1.715 1.716 1.716 1.702 1.691 1.616 1.431 1.132 0.766 0.599 0.538 0.693 0.438 0.21 0.023 0.296 -0.088 -0.058 0.264 0.272 0.201 0.207 0.279 0.332 0.465 0.748 0.967 1.136 1.498 1.672 1.659 1.779 1.86 1.877 -9 -9 -9 -9 -9 -9 -9 -9 -9 -9 -9 -9 -9 -9 -9 -9 -9 -9 -9 -9 -9 -9 -9 -9 -9 -9 -9 -9 -9 -9 -9 -9 -9 -9 -9 -9 -9 -9 -9
1.494 1.387 1.5 1.487 1.547 1.549 1.54 1.419 1.299 1.195 0.911 0.625 0.297 0.224 0.093 0.164 0.494 0.229 -0.151 0.068 -0.157 0.17 0.407 0.572 0.6 0.595 0.583 0.496 0.655 0.832 1.004 1.26 1.609 1.826 1.852 1.865 1.87 -9 -9 -9 -9 -9 -9 -9 -9 -9 -9 -9 -9 -9 -9 -9 -9 -9 -9 -9 -9 -9 -9 -9 -9 -9 -9 -9 -9 -9 -9 -9 -9 -9 -9 -9 -9 -9 -9 -9 -9
0.841 0.824 1.201 1.264 1.226 0.979 1.035 0.955 0.846 0.798 0.89 0.738 0.478 0.203 -0.128 -0.253 0.056 0.109 -0.239 -0.159 -0.158 -0.093 0.113 0.375 0.616 0.767 0.933 0.963 1.095 1.254 1.347 1.548 1.788 1.857 1.857 1.865 1.87 -9 -9 -9 -9 -9 -9 -9 -9 -9 -9 -9 -9 -9 -9 -9 -9 -9 -9 -9 -9 -9 -9 -9 -9 -9 -9 -9 -9 -9 -9 -9 -9 -9 -9 -9 -9 -9 -9 -9 -9
0.311 0.731 0.755 1.06 1.365 0.945 0.631 0.792 0.814 1.005 0.853 0.747 0.616 0.31 0.016 -0.17 -0.218 -0.121 -0.208 0.021 0.044 -0.243 -0.167 0.044 0.155 0.369 0.681 0.879 1.025 1.126 1.15 1.458 1.818 1.852 1.853 1.815 1.856 -9 -9 -9 -9 -9 -9 -9 -9 -9 -9 -9 -9 -9 -9 -9 -9 -9 -9 -9 -9 -9 -9 -9 -9 -9 -9 -9 -9 -9 -9 -9 -9 -9 -9 -9 -9 -9 -9 -9 -9
0.281 0.577 0.347 0.854 1.338 1.216 0.929 1.041 0.971 0.929 0.526 0.403 0.424 0.328 0.226 -0.016 -0.287 -0.134 0.062 0.366 0.262 -0.057 -0.224 -0.174 -0.168 -0.064 0.264 0.457 0.516 0.702 1.084 1.583 1.838 1.855 1.849 1.717 -9 -9 -9 -9 -9 -9 -9 -9 -9 -9 -9 -9 -9 -9 -9 -9 -9 -9 -9 -9 -9 -9 -9 -9 -9 -9 -9 -9 -9 -9 -9 -9 -9 -9 -9 -9 -9 -9 -9 -9 -9
0.209 0.173 0.267 0.778 1.207 1.397 1.188 1.069 0.993 0.694 0.359 0.129 0.216 0.187 0.301 0.225 -0.131 0.011 0.284 0.621 0.528 0.188 0.136 0.11 -0.072 -0.146 -0.142 0.022 0.076 0.615 1.153 1.642 1.846 1.857 1.856 -9 -9 -9 -9 -9 -9 -9 -9 -9 -9 -9 -9 -9 -9 -9 -9 -9 -9 -9 -9 -9 -9 -9 -9 -9 -9 -9 -9 -9 -9 -9 -9 -9 -9 -9 -9 -9 -9 -9 -9 -9 -9
0.027 0.106 0.268 0.769 1.211 1.377 1.009 0.848 0.884 0.504 0.323 0.213 0.372 0.428 0.611 0.605 0.175 0.084 0.417 0.756 0.697 0.377 0.514 0.369 0.347 0.009 -0.153 -0.216 -0.001 0.51 1.027 1.606 1.831 1.856 1.85 -9 -9 -9 -9 -9 -9 -9 -9 -9 -9 -9 -9 -9 -9 -9 -9 -9 -9 -9 -9 -9 -9 -9 -9 -9 -9 -9 -9 -9 -9 -9 -9 -9 -9 -9 -9 -9 -9 -9 -9 -9 -9
0.115 0.41 0.588 1.044 1.435 1.231 0.852 0.859 1.058 0.622 0.551 0.573 0.671 0.799 0.86 0.791 0.486 0.226 0.514 0.844 0.928 0.723 0.829 0.694 0.485 0.202 0.303 0.057 0.083 0.61 1.113 1.604 1.833 1.85 -9 -9 -9 -9 -9 -9 -9 -9 -9 -9 -9 -9 -9 -9 -9 -9 -9 -9 -9 -9 -9 -9 -9 -9 -9 -9 -9 -9 -9 -9 -9 -9 -9 -9 -9 -9 -9 -9 -9 -9 -9 -9 -9
0.1 0.33 0.804 1.148 1.471 1.215 0.951 0.932 1.182 0.868 0.875 0.979 0.987 0.954 0.824 0.774 0.451 0.333 0.539 0.672 0.867 1.099 1.09 0.885 0.41 0.559 0.431 0.067 0.156 0.692 1.149 1.567 -9 -9 -9 -9 -9 -9 -9 -9 -9 -9 -9 -9 -9 -9 -9 -9 -9 -9 -9 -9 -9 -9 -9 -9 -9 -9 -9 -9 -9 -9 -9 -9 -9 -9 -9 -9 -9 -9 -9 -9 -9 -9 -9 -9 -9
0.299 0.408 0.647 1.025 1.401 1.449 1.194 1.148 1.269 1.156 1.115 1.053 0.897 0.71 0.613 0.572 0.325 0.432 0.71 0.747 0.625 1.032 1.095 0.701 0.595 0.851 0.631 0.304 0.534 0.796 1.242 -9 -9 -9 -9 -9 -9 -9 -9 -9 -9 -9 -9 -9 -9 -9 -9 -9 -9 -9 -9 -9 -9 -9 -9 -9 -9 -9 -9 -9 -9 -9 -9 -9 -9 -9 -9 -9 -9 -9 -9 -9 -9 -9 -9 -9 -9
0.471 0.676 0.551 0.957 1.398 1.536 1.418 1.338 1.357 1.275 1.138 1.101 0.874 0.577 0.382 0.242 0.159 0.34 0.602 0.866 0.809 0.997 1.085 0.551 0.76 0.946 0.519 0.395 0.782 1.144 -9 -9 -9 -9 -9 -9 -9 -9 -9 -9 -9 -9 -9 -9 -9 -9 -9 -9 -9 -9 -9 -9 -9 -9 -9 -9 -9 -9 -9 -9 -9 -9 -9 -9 -9 -9 -9 -9 -9 -9 -9 -9 -9 -9 -9 -9 -9
0.591 0.873 0.71 1.038 1.475 1.511 1.483 1.349 1.399 1.392 1.23 0.998 0.633 0.534 0.569 0.344 0.323 0.617 0.811 1.066 1.04 1.308 1.33 1.088 1.015 1.113 1.088 0.868 1.128 -9 -9 -9 -9 -9 -9 -9 -9 -9 -9 -9 -9 -9 -9 -9 -9 -9 -9 -9 -9 -9 -9 -9 -9 -9 -9 -9 -9 -9 -9 -9 -9 -9 -9 -9 -9 -9 -9 -9 -9 -9 -9 -9 -9 -9 -9 -9 -9
0.711 0.987 0.995 1.119 1.533 1.546 1.475 1.319 1.506 1.47 1.239 0.827 0.616 0.792 0.826 0.815 0.81 0.562 0.763 1.224 1.417 1.544 1.598 1.575 1.442 1.256 1.326 1.215 1.37 -9 -9 -9 -9 -9 -9 -9 -9 -9 -9 -9 -9 -9 -9 -9 -9 -9 -9 -9 -9 -9 -9 -9 -9 -9 -9 -9 -9 -9 -9 -9 -9 -9 -9 -9 -9 -9 -9 -9 -9 -9 -9 -9 -9 -9 -9 -9 -9
0.978 1.122 1.043 1.157 1.55 1.602 1.496 1.417 1.569 1.439 1.068 0.694 0.813 1.094 1.287 1.312 1.088 0.759 1.099 1.506 1.685 1.684 1.649 1.638 1.625 1.546 1.457 1.436 1.487 -9 -9 -9 -9 -9 -9 -9 -9 -9 -9 -9 -9 -9 -9 -9 -9 -9 -9 -9 -9 -9 -9 -9 -9 -9 -9 -9 -9 -9 -9 -9 -9 -9 -9 -9 -9 -9 -9 -9 -9 -9 -9 -9 -9 -9 -9 -9 -9
1.185 1.175 1.001 1.271 1.579 1.622 1.491 1.512 1.602 1.35 0.815 0.561 0.901 1.174 1.477 1.532 1.386 1.418 1.621 1.702 1.629 1.489 1.289 1.247 1.35 1.504 1.551 1.568 -9 -9 -9 -9 -9 -9 -9 -9 -9 -9 -9 -9 -9 -9 -9 -9 -9 -9 -9 -9 -9 -9 -9 -9 -9 -9 -9 -9 -9 -9 -9 -9 -9 -9 -9 -9 -9 -9 -9 -9 -9 -9 -9 -9 -9 -9 -9 -9 -9
1.234 1.031 1.147 1.475 1.633 1.612 1.5 1.601 1.607 1.288 0.869 0.949 1.405 1.64 1.682 1.686 1.698 1.703 1.69 1.598 1.232 1.028 0.703 0.614 0.849 1.042 1.261 1.433 -9 -9 -9 -9 -9 -9 -9 -9 -9 -9 -9 -9 -9 -9 -9 -9 -9 -9 -9 -9 -9 -9 -9 -9 -9 -9 -9 -9 -9 -9 -9 -9 -9 -9 -9 -9 -9 -9 -9 -9 -9 -9 -9 -9 -9 -9 -9 -9 -9
