data/climatemaps/RS_maps/climate_winter_tmin_2003.asc
NCOLS 369 
NROWS 228 
XLLCORNER 479000 
YLLCORNER 73000 
CELLSIZE 1000 
NODATA_value -9 
[rows 68 to 101 of 228, columns 77 to 153 of 369]
0.76 0.737 0.684 0.649 0.646 0.696 0.802 0.803 0.624 0.612 0.61 0.611 0.594 0.583 0.584 0.592 0.593 0.588 0.582 0.572 0.552 0.543 0.554 0.594 0.705 0.734 0.771 0.783 0.754 0.763 0.764 0.776 0.797 0.791 0.786 0.764 0.766 0.752 0.713 0.693 0.678 0.641 0.55 0.453 0.454 0.466 0.482 0.556 0.581 0.586 0.647 0.744 0.816 0.839 0.87 0.882 0.896 0.903 0.896 0.909 0.908 0.9 0.88 0.876 0.873 0.88 0.901 0.91 0.917 0.907 0.888 0.898 0.902 0.894 0.856 0.853 0.854
0.734 0.688 0.647 0.658 0.72 0.767 0.811 0.674 0.571 0.603 0.596 0.592 0.573 0.578 0.59 0.593 0.597 0.586 0.579 0.571 0.568 0.584 0.628 0.703 0.759 0.765 0.777 0.796 0.798 0.795 0.803 0.807 0.806 0.8 0.796 0.792 0.77 0.708 0.668 0.61 0.529 0.46 0.481 0.464 0.537 0.605 0.686 0.737 0.772 0.794 0.828 0.839 0.841 0.851 0.876 0.898 0.911 0.908 0.91 0.92 0.919 0.904 0.907 0.895 0.881 0.897 0.915 0.908 0.899 0.895 0.902 0.893 0.888 0.893 0.887 0.87 0.863
0.712 0.655 0.643 0.714 0.781 0.79 0.7 0.616 0.6 0.607 0.589 0.573 0.575 0.588 0.593 0.597 0.595 0.601 0.619 0.645 0.675 0.655 0.655 0.698 0.742 0.775 0.786 0.767 0.739 0.718 0.708 0.698 0.69 0.661 0.642 0.637 0.585 0.526 0.482 0.438 0.428 0.505 0.581 0.659 0.743 0.794 0.829 0.849 0.857 0.87 0.874 0.862 0.885 0.903 0.906 0.919 0.92 0.923 0.923 0.921 0.897 0.883 0.894 0.896 0.907 0.911 0.897 0.885 0.886 0.894 0.893 0.877 0.87 0.871 0.892 0.872 0.84
0.691 0.671 0.719 0.796 0.754 0.661 0.606 0.606 0.587 0.558 0.558 0.573 0.593 0.592 0.575 0.578 0.598 0.632 0.636 0.629 0.612 0.597 0.616 0.65 0.717 0.766 0.725 0.674 0.62 0.577 0.554 0.536 0.535 0.523 0.517 0.55 0.54 0.518 0.489 0.489 0.554 0.684 0.742 0.812 0.842 0.868 0.877 0.894 0.899 0.905 0.902 0.897 0.915 0.917 0.925 0.921 0.92 0.921 0.91 0.9 0.889 0.883 0.885 0.896 0.901 0.896 0.881 0.881 0.888 0.889 0.888 0.875 0.861 0.859 0.882 0.865 0.835
0.661 0.748 0.788 0.732 0.628 0.595 0.587 0.565 0.522 0.531 0.559 0.577 0.585 0.562 0.538 0.531 0.547 0.558 0.562 0.58 0.613 0.639 0.658 0.674 0.707 0.71 0.602 0.57 0.549 0.55 0.579 0.615 0.621 0.606 0.581 0.584 0.583 0.594 0.615 0.677 0.762 0.834 0.868 0.897 0.907 0.916 0.927 0.934 0.934 0.93 0.928 0.92 0.925 0.925 0.923 0.917 0.918 0.914 0.898 0.884 0.885 0.888 0.893 0.9 0.892 0.884 0.881 0.881 0.878 0.877 0.879 0.864 0.857 0.851 0.869 0.867 0.827
0.678 0.819 0.725 0.637 0.585 0.572 0.55 0.518 0.515 0.549 0.565 0.557 0.534 0.498 0.477 0.476 0.519 0.568 0.634 0.696 0.748 0.785 0.792 0.792 0.773 0.683 0.634 0.675 0.689 0.75 0.766 0.754 0.697 0.665 0.641 0.647 0.659 0.713 0.794 0.873 0.912 0.921 0.93 0.942 0.944 0.945 0.948 0.944 0.939 0.933 0.93 0.917 0.917 0.914 0.914 0.916 0.915 0.911 0.901 0.889 0.891 0.894 0.893 0.897 0.887 0.88 0.867 0.866 0.872 0.867 0.875 0.851 0.845 0.829 0.838 0.868 0.825
0.743 0.77 0.647 0.599 0.567 0.54 0.535 0.54 0.553 0.554 0.531 0.489 0.459 0.463 0.488 0.577 0.673 0.731 0.781 0.801 0.82 0.825 0.813 0.809 0.807 0.786 0.801 0.829 0.819 0.849 0.772 0.727 0.716 0.739 0.731 0.74 0.782 0.842 0.9 0.946 0.962 0.963 0.958 0.959 0.96 0.955 0.946 0.937 0.93 0.915 0.9 0.891 0.905 0.91 0.915 0.915 0.915 0.913 0.902 0.891 0.887 0.881 0.889 0.893 0.884 0.87 0.861 0.874 0.874 0.858 0.869 0.831 0.812 0.809 0.828 0.845 0.835
0.776 0.686 0.607 0.572 0.557 0.561 0.569 0.569 0.553 0.53 0.48 0.445 0.45 0.524 0.633 0.743 0.788 0.79 0.775 0.711 0.732 0.727 0.653 0.632 0.65 0.748 0.763 0.699 0.77 0.855 0.712 0.738 0.767 0.742 0.771 0.821 0.879 0.935 0.964 0.976 0.975 0.976 0.973 0.966 0.962 0.95 0.932 0.914 0.902 0.876 0.871 0.884 0.912 0.918 0.917 0.915 0.914 0.908 0.892 0.879 0.879 0.887 0.892 0.892 0.88 0.876 0.876 0.872 0.85 0.846 0.861 0.822 0.785 0.792 0.821 0.836 0.822
0.741 0.659 0.589 0.58 0.567 0.567 0.568 0.554 0.522 0.467 0.44 0.475 0.569 0.68 0.752 0.775 0.742 0.653 0.586 0.561 0.575 0.546 0.508 0.509 0.522 0.61 0.611 0.608 0.73 0.881 0.827 0.765 0.778 0.878 0.941 0.964 0.979 0.992 0.995 0.994 0.984 0.981 0.978 0.96 0.938 0.926 0.899 0.879 0.875 0.878 0.889 0.908 0.914 0.92 0.915 0.915 0.914 0.896 0.887 0.875 0.885 0.894 0.879 0.886 0.888 0.88 0.86 0.836 0.824 0.823 0.849 0.821 0.792 0.767 0.79 0.817 0.785
0.718 0.667 0.589 0.561 0.563 0.552 0.529 0.497 0.45 0.429 0.483 0.635 0.714 0.748 0.718 0.636 0.546 0.5 0.489 0.489 0.486 0.472 0.457 0.469 0.526 0.631 0.755 0.827 0.874 0.887 0.904 0.899 0.969 0.994 0.976 0.949 0.963 0.985 0.999 0.998 0.988 0.982 0.966 0.929 0.9 0.891 0.872 0.872 0.89 0.905 0.914 0.914 0.916 0.916 0.919 0.915 0.915 0.903 0.888 0.883 0.893 0.872 0.854 0.871 0.863 0.836 0.831 0.81 0.779 0.799 0.846 0.84 0.804 0.745 0.766 0.777 0.768
0.595 0.664 0.597 0.56 0.547 0.509 0.469 0.455 0.459 0.521 0.675 0.741 0.724 0.611 0.519 0.445 0.406 0.408 0.411 0.45 0.449 0.469 0.491 0.567 0.648 0.773 0.83 0.848 0.839 0.891 0.968 1.012 1.007 0.971 0.966 0.99 1.005 1.007 1.003 0.999 0.991 0.977 0.937 0.896 0.884 0.886 0.888 0.892 0.883 0.89 0.913 0.915 0.92 0.913 0.915 0.91 0.91 0.905 0.898 0.898 0.891 0.877 0.851 0.872 0.829 0.825 0.825 0.791 0.759 0.811 0.84 0.795 0.796 0.728 0.739 0.767 0.762
0.593 0.624 0.592 0.547 0.513 0.473 0.47 0.519 0.592 0.692 0.69 0.644 0.578 0.476 0.361 0.314 0.309 0.356 0.412 0.481 0.51 0.522 0.525 0.562 0.686 0.781 0.726 0.777 0.884 0.995 1.03 1.025 1.002 0.978 0.996 1.024 1.02 1.01 1.009 0.999 0.988 0.959 0.919 0.894 0.894 0.902 0.885 0.885 0.892 0.914 0.925 0.92 0.92 0.918 0.905 0.909 0.899 0.896 0.903 0.894 0.863 0.867 0.826 0.866 0.809 0.801 0.804 0.757 0.784 0.814 0.829 0.771 0.763 0.759 0.749 0.76 0.768
0.582 0.607 0.557 0.518 0.51 0.535 0.624 0.67 0.657 0.589 0.536 0.495 0.463 0.387 0.292 0.265 0.326 0.436 0.552 0.567 0.501 0.446 0.482 0.598 0.679 0.646 0.74 0.881 1 1.036 1.027 1.005 1.021 1.031 1.029 1.026 1.02 1.007 0.987 0.981 0.96 0.953 0.918 0.906 0.881 0.857 0.864 0.851 0.859 0.92 0.936 0.924 0.92 0.919 0.906 0.909 0.909 0.89 0.885 0.848 0.838 0.851 0.846 0.831 0.803 0.775 0.786 0.757 0.784 0.791 0.796 0.811 0.802 0.78 0.748 0.736 0.748
0.555 0.566 0.531 0.527 0.571 0.627 0.623 0.561 0.512 0.506 0.501 0.476 0.373 0.32 0.297 0.372 0.476 0.57 0.628 0.522 0.511 0.582 0.656 0.662 0.647 0.728 0.922 1.035 1.046 1.038 1.033 1.024 1.024 1.031 1.031 1.031 1.016 0.97 0.949 0.978 0.96 0.95 0.912 0.887 0.866 0.85 0.857 0.855 0.908 0.939 0.932 0.92 0.92 0.92 0.906 0.909 0.909 0.9 0.875 0.849 0.842 0.852 0.832 0.799 0.796 0.744 0.742 0.753 0.774 0.77 0.744 0.789 0.782 0.789 0.742 0.732 0.75
0.528 0.55 0.542 0.581 0.624 0.563 0.488 0.466 0.458 0.476 0.497 0.449 0.341 0.335 0.442 0.547 0.614 0.653 0.634 0.629 0.692 0.746 0.728 0.707 0.779 0.925 1.03 1.046 1.042 1.039 1.036 1.036 1.028 1.032 1.031 1.031 1.019 0.991 0.992 0.988 0.958 0.931 0.902 0.886 0.872 0.879 0.906 0.928 0.94 0.928 0.924 0.92 0.92 0.917 0.906 0.907 0.909 0.892 0.883 0.874 0.844 0.857 0.803 0.788 0.769 0.732 0.702 0.744 0.733 0.752 0.737 0.762 0.737 0.788 0.754 0.742 0.757
0.5 0.541 0.575 0.584 0.549 0.471 0.451 0.448 0.469 0.505 0.527 0.43 0.395 0.491 0.589 0.664 0.702 0.712 0.716 0.742 0.767 0.772 0.775 0.838 0.951 1.036 1.046 1.046 1.028 1.008 0.998 1.005 1 1.035 1.035 1.031 1.024 1.008 0.992 0.973 0.949 0.908 0.876 0.889 0.913 0.944 0.952 0.945 0.93 0.92 0.922 0.923 0.919 0.916 0.909 0.908 0.907 0.869 0.866 0.866 0.856 0.844 0.797 0.785 0.738 0.715 0.704 0.739 0.72 0.735 0.71 0.733 0.722 0.779 0.759 0.757 0.741
0.505 0.552 0.512 0.473 0.459 0.47 0.502 0.534 0.573 0.6 0.535 0.447 0.513 0.611 0.668 0.723 0.738 0.746 0.752 0.749 0.763 0.815 0.894 0.966 1.035 1.046 1.042 1.038 1.015 0.996 1.006 1.026 1.037 1.044 1.037 1.023 1.002 0.986 0.968 0.954 0.946 0.923 0.92 0.951 0.961 0.956 0.945 0.927 0.911 0.917 0.926 0.925 0.916 0.912 0.909 0.905 0.895 0.848 0.844 0.856 0.842 0.814 0.806 0.794 0.754 0.712 0.696 0.715 0.707 0.71 0.689 0.725 0.741 0.764 0.727 0.741 0.723
0.491 0.461 0.388 0.376 0.406 0.499 0.549 0.584 0.627 0.635 0.489 0.473 0.582 0.643 0.676 0.738 0.748 0.744 0.727 0.743 0.819 0.935 1.005 1.039 1.043 1.049 1.037 1.011 0.984 1.007 1.042 1.048 1.046 1.043 1.032 1.003 0.986 0.975 0.964 0.968 0.968 0.965 0.967 0.954 0.94 0.939 0.929 0.905 0.9 0.914 0.927 0.924 0.915 0.909 0.907 0.899 0.887 0.854 0.84 0.844 0.828 0.787 0.777 0.756 0.737 0.731 0.678 0.709 0.72 0.722 0.718 0.733 0.734 0.741 0.708 0.717 0.695
0.429 0.364 0.342 0.369 0.444 0.527 0.576 0.603 0.651 0.625 0.455 0.492 0.604 0.611 0.688 0.746 0.753 0.736 0.744 0.852 0.962 1.022 1.04 1.041 1.047 1.048 1.016 0.989 0.993 1.031 1.049 1.049 1.046 1.043 1.024 0.993 0.976 0.961 0.957 0.982 0.977 0.973 0.955 0.927 0.917 0.917 0.915 0.892 0.895 0.911 0.919 0.926 0.911 0.905 0.902 0.891 0.873 0.865 0.848 0.834 0.804 0.776 0.753 0.712 0.694 0.705 0.682 0.72 0.72 0.716 0.708 0.709 0.702 0.72 0.689 0.688 0.653
0.374 0.396 0.41 0.454 0.548 0.638 0.697 0.713 0.71 0.566 0.443 0.546 0.641 0.671 0.75 0.802 0.803 0.822 0.895 0.987 1.027 1.029 1.041 1.047 1.051 1.029 1.007 1.015 1.032 1.046 1.052 1.051 1.046 1.043 1.026 0.998 0.977 0.946 0.958 0.97 0.961 0.962 0.944 0.918 0.909 0.905 0.897 0.88 0.893 0.903 0.908 0.918 0.91 0.901 0.9 0.892 0.877 0.863 0.837 0.81 0.775 0.763 0.739 0.677 0.677 0.685 0.683 0.717 0.699 0.688 0.67 0.669 0.681 0.696 0.667 0.666 0.628
0.369 0.442 0.527 0.633 0.702 0.742 0.757 0.744 0.698 0.513 0.509 0.645 0.702 0.785 0.853 0.915 0.936 0.97 1.004 1.022 1.03 1.032 1.041 1.05 1.04 1.028 1.037 1.043 1.046 1.054 1.052 1.052 1.046 1.037 1.016 1.01 0.997 0.976 0.974 0.967 0.962 0.956 0.942 0.919 0.909 0.891 0.887 0.889 0.902 0.895 0.908 0.915 0.906 0.893 0.895 0.882 0.881 0.871 0.843 0.788 0.794 0.765 0.717 0.692 0.694 0.678 0.68 0.706 0.682 0.664 0.623 0.618 0.647 0.651 0.636 0.616 0.593
0.437 0.579 0.668 0.712 0.743 0.761 0.757 0.737 0.644 0.51 0.595 0.724 0.816 0.93 0.973 0.987 1.002 1.013 1.02 1.025 1.031 1.038 1.045 1.036 1.035 1.044 1.046 1.048 1.055 1.057 1.056 1.052 1.041 1.019 1.008 1.014 1 0.98 0.97 0.963 0.956 0.938 0.929 0.906 0.894 0.89 0.892 0.894 0.905 0.91 0.914 0.914 0.902 0.893 0.883 0.872 0.865 0.865 0.852 0.806 0.801 0.752 0.705 0.736 0.706 0.681 0.665 0.696 0.679 0.646 0.623 0.597 0.58 0.585 0.57 0.536 0.541
0.527 0.648 0.702 0.73 0.75 0.752 0.735 0.686 0.538 0.565 0.764 0.835 0.937 0.987 0.993 1 1.004 1.006 1.02 1.028 1.031 1.031 1.02 1.015 1.045 1.042 1.052 1.056 1.057 1.057 1.057 1.049 1.037 0.995 0.998 0.98 0.979 0.973 0.976 0.974 0.948 0.937 0.91 0.897 0.89 0.904 0.902 0.898 0.905 0.915 0.915 0.913 0.896 0.887 0.859 0.837 0.825 0.842 0.858 0.82 0.77 0.699 0.692 0.745 0.728 0.701 0.685 0.702 0.65 0.673 0.672 0.652 0.638 0.594 0.578 0.549 0.477
0.595 0.694 0.722 0.752 0.766 0.733 0.642 0.546 0.51 0.736 0.852 0.913 0.981 0.989 0.997 0.985 0.927 0.97 1.02 1.011 0.987 0.986 0.976 1.031 1.044 1.031 1.051 1.057 1.057 1.057 1.043 1.046 1 0.995 0.974 0.97 0.941 0.933 0.941 0.962 0.949 0.944 0.939 0.926 0.909 0.91 0.894 0.894 0.908 0.915 0.907 0.9 0.885 0.842 0.847 0.823 0.835 0.83 0.854 0.801 0.741 0.69 0.733 0.755 0.714 0.681 0.718 0.705 0.698 0.688 0.645 0.635 0.562 0.558 0.518 0.523 0.52
0.676 0.714 0.735 0.758 0.744 0.635 0.497 0.53 0.692 0.86 0.896 0.968 0.981 0.988 0.975 0.918 0.961 0.999 1.007 0.985 0.946 0.96 1.019 1.035 1.046 1.052 1.057 1.057 1.056 1.035 1.026 1.026 0.998 0.98 0.947 0.908 0.876 0.887 0.889 0.909 0.889 0.869 0.885 0.919 0.935 0.923 0.902 0.894 0.911 0.914 0.898 0.866 0.87 0.85 0.822 0.771 0.819 0.776 0.832 0.829 0.754 0.756 0.769 0.718 0.704 0.692 0.736 0.725 0.706 0.641 0.588 0.583 0.575 0.485 0.469 0.455 0.468
0.695 0.723 0.745 0.765 0.69 0.561 0.595 0.724 0.856 0.924 0.96 0.96 0.978 0.99 0.957 0.956 0.985 1 0.98 0.947 0.955 1.006 1.035 1.027 1.045 1.057 1.057 1.053 1.035 1.028 1.036 1.001 0.971 0.948 0.914 0.848 0.824 0.843 0.867 0.876 0.86 0.857 0.871 0.898 0.903 0.903 0.914 0.914 0.908 0.897 0.884 0.843 0.829 0.821 0.795 0.762 0.796 0.741 0.775 0.835 0.814 0.79 0.749 0.703 0.698 0.733 0.741 0.682 0.659 0.658 0.625 0.572 0.548 0.539 0.471 0.418 0.389
0.701 0.719 0.734 0.761 0.708 0.702 0.786 0.882 0.952 0.975 0.977 0.977 0.988 0.994 1 1.005 1.006 0.996 0.975 0.976 0.989 1.028 1.034 1.037 1.051 1.057 1.055 1.034 1.016 1.038 0.988 0.95 0.906 0.878 0.841 0.797 0.824 0.821 0.874 0.87 0.855 0.846 0.875 0.893 0.893 0.895 0.896 0.893 0.887 0.86 0.835 0.824 0.801 0.828 0.771 0.745 0.763 0.69 0.737 0.805 0.821 0.814 0.774 0.753 0.763 0.762 0.725 0.683 0.689 0.645 0.614 0.532 0.492 0.496 0.492 0.473 0.39
0.708 0.724 0.744 0.797 0.824 0.86 0.912 0.962 0.983 0.985 0.989 0.992 0.996 0.996 1.002 1.006 1.01 1.014 1.007 1.01 1.02 1.033 1.04 1.046 1.05 1.055 1.043 1.011 1.018 1.028 0.959 0.926 0.863 0.829 0.809 0.816 0.852 0.88 0.892 0.891 0.872 0.873 0.895 0.892 0.892 0.89 0.876 0.859 0.818 0.783 0.775 0.796 0.804 0.809 0.75 0.724 0.707 0.7 0.746 0.738 0.792 0.79 0.794 0.788 0.784 0.752 0.735 0.696 0.639 0.601 0.586 0.519 0.458 0.433 0.423 0.445 0.376
0.769 0.803 0.835 0.878 0.919 0.955 0.975 0.982 0.984 0.99 0.994 0.999 0.999 1.001 1.003 1.006 1.011 1.021 1.025 1.029 1.031 1.037 1.044 1.046 1.051 1.051 1.032 1.008 1.007 1.017 0.981 0.935 0.898 0.888 0.867 0.869 0.902 0.893 0.884 0.89 0.898 0.899 0.899 0.897 0.913 0.9 0.869 0.827 0.758 0.738 0.758 0.773 0.773 0.732 0.685 0.681 0.666 0.688 0.697 0.708 0.764 0.732 0.747 0.756 0.771 0.769 0.749 0.685 0.613 0.582 0.577 0.513 0.438 0.464 0.446 0.409 0.316
0.871 0.904 0.93 0.954 0.971 0.981 0.983 0.988 0.989 0.993 0.996 0.999 1.001 1.004 1.004 1.008 1.014 1.019 1.026 1.031 1.032 1.04 1.046 1.046 1.049 1.046 1.024 1.006 0.995 1.01 0.997 0.954 0.946 0.924 0.905 0.903 0.915 0.892 0.888 0.895 0.898 0.896 0.895 0.895 0.93 0.91 0.884 0.832 0.802 0.733 0.701 0.684 0.749 0.69 0.652 0.624 0.651 0.641 0.684 0.722 0.724 0.674 0.709 0.722 0.715 0.73 0.765 0.73 0.654 0.624 0.586 0.538 0.459 0.502 0.453 0.371 0.328
0.944 0.965 0.974 0.981 0.985 0.986 0.987 0.993 0.994 0.996 0.999 0.999 1.002 1.004 1.006 1.01 1.015 1.016 1.023 1.031 1.037 1.043 1.046 1.046 1.049 1.037 1.02 1.01 0.995 1.018 1.002 0.991 0.985 0.961 0.936 0.929 0.937 0.93 0.921 0.92 0.914 0.908 0.911 0.913 0.919 0.906 0.886 0.867 0.843 0.763 0.698 0.672 0.757 0.693 0.658 0.62 0.599 0.639 0.714 0.679 0.665 0.632 0.681 0.669 0.666 0.651 0.732 0.744 0.664 0.62 0.557 0.536 0.498 0.519 0.437 0.359 0.368
0.973 0.985 0.986 0.987 0.988 0.991 0.992 0.994 0.995 0.999 0.999 1.003 1.004 1.004 1.006 0.994 0.963 0.95 0.983 1.029 1.038 1.045 1.046 1.046 1.038 1.032 1.023 1.017 1.008 1.02 0.992 0.989 0.987 0.983 0.968 0.965 0.97 0.966 0.95 0.947 0.927 0.912 0.903 0.901 0.903 0.889 0.874 0.872 0.86 0.83 0.767 0.729 0.773 0.705 0.676 0.625 0.585 0.657 0.665 0.604 0.61 0.629 0.666 0.624 0.616 0.582 0.694 0.745 0.668 0.588 0.594 0.539 0.548 0.487 0.464 0.426 0.431
0.986 0.993 0.993 0.994 0.997 0.997 0.994 0.997 0.998 0.999 1.001 1.004 1 0.992 0.986 0.966 0.925 0.963 1.008 1.037 1.034 1.045 1.042 1.029 1.009 1.017 1.021 1.01 1.014 1.003 0.962 0.931 0.917 0.932 0.921 0.931 0.938 0.927 0.92 0.934 0.916 0.901 0.893 0.888 0.895 0.874 0.857 0.865 0.832 0.818 0.814 0.802 0.801 0.742 0.676 0.624 0.573 0.666 0.622 0.558 0.578 0.614 0.617 0.577 0.568 0.574 0.676 0.734 0.65 0.603 0.599 0.564 0.555 0.518 0.51 0.49 0.465
0.993 1 1.003 1.003 1.004 1.006 1.007 1.008 1.006 1.004 0.995 0.991 0.974 0.962 0.967 0.978 0.995 1.021 1.034 1.041 1.039 1.045 1.028 1.001 0.995 0.999 1.012 0.997 1.016 0.983 0.932 0.895 0.876 0.908 0.908 0.927 0.929 0.92 0.92 0.913 0.907 0.902 0.894 0.894 0.893 0.875 0.852 0.858 0.792 0.761 0.749 0.8 0.819 0.758 0.672 0.625 0.622 0.685 0.586 0.535 0.537 0.513 0.527 0.51 0.539 0.591 0.657 0.721 0.696 0.671 0.63 0.594 0.598 0.579 0.495 0.516 0.467
