data/climatemaps/RS_maps/climate_breeding_pr_1999.asc
NCOLS 369 
NROWS 228 
XLLCORNER 479000 
YLLCORNER 73000 
CELLSIZE 1000 
NODATA_value -9 
[rows 136 to 169 of 228, columns 0 to 77 of 369]
-9 -9 -9 -9 -9 -9 -9 -9 0.271 0.224 0.203 0.203 0.211 0.218 0.227 0.235 0.248 0.265 0.283 0.3 0.314 0.328 0.339 0.346 0.341 0.314 0.266 0.195 0.108 0.011 -0.086 -0.146 -0.146 -0.11 -0.044 0.02 0.04 -0.024 -0.149 -0.304 -0.447 -0.55 -0.622 -0.672 -0.703 -0.725 -0.742 -0.75 -0.741 -0.746 -0.765 -0.78 -0.76 -0.697 -0.6 -0.48 -0.369 -0.277 -0.2 -0.129 -0.064 -0.008 0.035 0.084 0.13 0.19 0.229 0.235 0.178 0.114 0.034 -0.048 -0.152 -0.179 -0.113 0.02 0.179 0.269
-9 -9 -9 -9 -9 -9 -9 -9 0.279 0.239 0.227 0.238 0.256 0.27 0.275 0.276 0.276 0.278 0.283 0.291 0.303 0.318 0.331 0.336 0.326 0.289 0.228 0.146 0.049 -0.051 -0.113 -0.127 -0.102 -0.037 0.05 0.122 0.134 0.044 -0.113 -0.299 -0.461 -0.572 -0.639 -0.677 -0.699 -0.714 -0.726 -0.725 -0.715 -0.724 -0.748 -0.754 -0.731 -0.664 -0.552 -0.423 -0.314 -0.228 -0.152 -0.077 -0.007 0.056 0.111 0.171 0.219 0.279 0.319 0.312 0.252 0.192 0.108 0.026 -0.104 -0.151 -0.105 0.024 0.198 0.306
-9 -9 -9 -9 -9 -9 -9 -9 0.287 0.254 0.252 0.272 0.296 0.314 0.32 0.314 0.302 0.291 0.284 0.284 0.294 0.307 0.318 0.317 0.296 0.247 0.175 0.085 -0.01 -0.073 -0.092 -0.08 -0.026 0.058 0.153 0.22 0.217 0.097 -0.092 -0.298 -0.475 -0.584 -0.642 -0.669 -0.683 -0.693 -0.7 -0.693 -0.688 -0.699 -0.723 -0.725 -0.699 -0.626 -0.501 -0.372 -0.266 -0.181 -0.1 -0.022 0.051 0.121 0.194 0.257 0.307 0.36 0.4 0.375 0.321 0.266 0.179 0.101 -0.032 -0.113 -0.07 0.068 0.221 0.349
-9 -9 -9 -9 -9 -9 -9 0.351 0.298 0.273 0.277 0.3 0.327 0.346 0.349 0.339 0.319 0.3 0.287 0.283 0.288 0.298 0.304 0.292 0.257 0.195 0.112 0.021 -0.036 -0.055 -0.042 0.001 0.074 0.163 0.25 0.302 0.275 0.128 -0.087 -0.306 -0.482 -0.583 -0.629 -0.647 -0.654 -0.66 -0.664 -0.661 -0.661 -0.671 -0.692 -0.699 -0.667 -0.588 -0.461 -0.336 -0.23 -0.139 -0.051 0.029 0.107 0.189 0.273 0.332 0.394 0.439 0.46 0.44 0.386 0.336 0.253 0.175 0.035 -0.065 -0.01 0.114 0.245 0.377
-9 -9 -9 -9 -9 -9 -9 0.355 0.314 0.297 0.301 0.323 0.347 0.361 0.36 0.347 0.326 0.306 0.291 0.285 0.287 0.292 0.289 0.265 0.218 0.143 0.054 -0.007 -0.031 -0.021 0.027 0.097 0.179 0.262 0.329 0.352 0.298 0.129 -0.101 -0.322 -0.485 -0.57 -0.602 -0.613 -0.613 -0.612 -0.618 -0.625 -0.631 -0.642 -0.661 -0.67 -0.637 -0.554 -0.429 -0.309 -0.202 -0.104 -0.012 0.073 0.16 0.255 0.337 0.41 0.478 0.524 0.536 0.512 0.458 0.407 0.335 0.245 0.1 -0.003 0.053 0.147 0.261 0.402
-9 -9 -9 -9 -9 -9 -9 0.366 0.337 0.326 0.326 0.338 0.35 0.357 0.353 0.34 0.323 0.307 0.295 0.288 0.288 0.286 0.273 0.24 0.186 0.106 0.037 -0.001 -0.006 0.031 0.104 0.188 0.27 0.337 0.375 0.361 0.276 0.089 -0.14 -0.346 -0.485 -0.548 -0.564 -0.563 -0.558 -0.554 -0.565 -0.58 -0.595 -0.611 -0.63 -0.636 -0.606 -0.523 -0.406 -0.29 -0.185 -0.083 0.019 0.11 0.217 0.321 0.408 0.486 0.548 0.595 0.605 0.582 0.553 0.487 0.43 0.319 0.166 0.063 0.093 0.164 0.287 0.427
-9 -9 -9 -9 -9 -9 -9 0.384 0.366 0.354 0.347 0.34 0.339 0.335 0.329 0.321 0.313 0.305 0.297 0.292 0.289 0.28 0.261 0.225 0.166 0.108 0.056 0.028 0.042 0.093 0.173 0.258 0.328 0.373 0.38 0.325 0.204 0.008 -0.206 -0.377 -0.48 -0.516 -0.512 -0.497 -0.489 -0.49 -0.504 -0.528 -0.553 -0.572 -0.592 -0.598 -0.572 -0.5 -0.397 -0.284 -0.177 -0.073 0.04 0.147 0.27 0.387 0.476 0.544 0.602 0.646 0.658 0.645 0.638 0.581 0.511 0.392 0.228 0.122 0.123 0.189 0.311 0.409
-9 -9 -9 -9 -9 -9 -9 0.407 0.394 0.38 0.358 0.334 0.316 0.302 0.296 0.297 0.298 0.299 0.297 0.295 0.289 0.277 0.258 0.221 0.18 0.136 0.097 0.082 0.103 0.155 0.227 0.296 0.343 0.36 0.334 0.239 0.092 -0.098 -0.279 -0.404 -0.468 -0.472 -0.446 -0.416 -0.407 -0.417 -0.438 -0.471 -0.499 -0.521 -0.543 -0.553 -0.534 -0.481 -0.398 -0.291 -0.181 -0.071 0.052 0.175 0.304 0.423 0.525 0.595 0.645 0.681 0.7 0.709 0.697 0.663 0.582 0.452 0.292 0.181 0.158 0.225 0.308 0.393
-9 -9 -9 -9 -9 -9 -9 0.432 0.42 0.398 0.361 0.319 0.286 0.265 0.264 0.272 0.282 0.29 0.294 0.291 0.285 0.277 0.263 0.247 0.219 0.186 0.159 0.15 0.169 0.208 0.257 0.297 0.311 0.294 0.231 0.111 -0.044 -0.207 -0.34 -0.417 -0.443 -0.416 -0.369 -0.328 -0.32 -0.34 -0.369 -0.405 -0.432 -0.461 -0.483 -0.503 -0.499 -0.464 -0.404 -0.31 -0.199 -0.08 0.045 0.183 0.32 0.441 0.549 0.619 0.665 0.708 0.741 0.753 0.736 0.71 0.645 0.507 0.361 0.251 0.198 0.234 0.315 0.427
-9 -9 -9 -9 -9 -9 -9 0.449 0.436 0.404 0.354 0.29 0.248 0.229 0.232 0.245 0.264 0.28 0.286 0.285 0.281 0.282 0.285 0.283 0.271 0.25 0.23 0.22 0.227 0.245 0.26 0.262 0.242 0.188 0.098 -0.032 -0.174 -0.297 -0.38 -0.416 -0.403 -0.349 -0.288 -0.243 -0.237 -0.266 -0.3 -0.335 -0.367 -0.4 -0.422 -0.45 -0.468 -0.456 -0.414 -0.337 -0.231 -0.106 0.024 0.17 0.311 0.438 0.544 0.614 0.662 0.713 0.748 0.76 0.746 0.724 0.67 0.559 0.447 0.326 0.257 0.266 0.339 0.434
-9 -9 -9 -9 -9 -9 -9 0.45 0.433 0.395 0.33 0.255 0.208 0.196 0.2 0.218 0.244 0.264 0.273 0.275 0.279 0.291 0.309 0.323 0.324 0.311 0.293 0.276 0.267 0.256 0.236 0.203 0.149 0.072 -0.029 -0.155 -0.272 -0.357 -0.397 -0.396 -0.353 -0.28 -0.212 -0.169 -0.172 -0.206 -0.242 -0.281 -0.317 -0.35 -0.379 -0.41 -0.444 -0.451 -0.428 -0.37 -0.275 -0.147 -0.008 0.143 0.277 0.406 0.508 0.583 0.643 0.693 0.725 0.741 0.725 0.707 0.674 0.612 0.53 0.403 0.341 0.336 0.369 0.446
-9 -9 -9 -9 -9 -9 0.442 0.432 0.411 0.366 0.308 0.243 0.186 0.17 0.169 0.191 0.219 0.241 0.254 0.265 0.279 0.304 0.334 0.358 0.366 0.354 0.331 0.306 0.279 0.241 0.19 0.131 0.062 -0.021 -0.118 -0.225 -0.314 -0.371 -0.383 -0.354 -0.296 -0.22 -0.153 -0.12 -0.13 -0.165 -0.211 -0.255 -0.292 -0.328 -0.364 -0.401 -0.44 -0.455 -0.448 -0.406 -0.323 -0.203 -0.06 0.088 0.222 0.347 0.445 0.534 0.601 0.653 0.688 0.706 0.701 0.692 0.677 0.644 0.583 0.507 0.451 0.43 0.431 0.477
-9 -9 -9 -9 -9 0.428 0.418 0.402 0.372 0.344 0.301 0.241 0.171 0.142 0.136 0.155 0.183 0.21 0.231 0.254 0.281 0.317 0.355 0.382 0.386 0.368 0.335 0.3 0.256 0.198 0.126 0.057 -0.012 -0.086 -0.162 -0.24 -0.303 -0.336 -0.333 -0.293 -0.239 -0.174 -0.12 -0.102 -0.113 -0.148 -0.206 -0.257 -0.299 -0.34 -0.377 -0.413 -0.452 -0.471 -0.473 -0.443 -0.371 -0.263 -0.127 0.018 0.147 0.259 0.354 0.452 0.52 0.585 0.633 0.677 0.691 0.681 0.664 0.65 0.643 0.659 0.565 0.538 0.532 0.546
-9 -9 -9 -9 -9 0.394 0.383 0.362 0.349 0.336 0.291 0.232 0.152 0.112 0.094 0.107 0.135 0.169 0.203 0.24 0.282 0.328 0.368 0.388 0.379 0.348 0.302 0.251 0.193 0.123 0.048 -0.013 -0.064 -0.111 -0.158 -0.205 -0.242 -0.262 -0.26 -0.23 -0.182 -0.137 -0.107 -0.102 -0.12 -0.162 -0.222 -0.279 -0.328 -0.368 -0.405 -0.441 -0.474 -0.494 -0.498 -0.47 -0.406 -0.313 -0.19 -0.061 0.052 0.147 0.234 0.315 0.403 0.498 0.569 0.638 0.664 0.643 0.623 0.641 0.709 0.744 0.649 0.621 0.631 0.634
-9 -9 -9 -9 -9 0.339 0.333 0.337 0.346 0.33 0.289 0.227 0.134 0.079 0.05 0.053 0.08 0.121 0.173 0.228 0.284 0.334 0.368 0.373 0.345 0.295 0.231 0.164 0.095 0.024 -0.035 -0.07 -0.087 -0.098 -0.113 -0.135 -0.156 -0.172 -0.175 -0.167 -0.14 -0.115 -0.102 -0.115 -0.145 -0.194 -0.256 -0.315 -0.365 -0.403 -0.437 -0.469 -0.497 -0.512 -0.509 -0.48 -0.421 -0.339 -0.237 -0.133 -0.041 0.037 0.103 0.166 0.264 0.391 0.468 0.539 0.59 0.559 0.56 0.613 0.73 0.78 0.681 0.641 0.674 0.674
-9 -9 -9 -9 -9 0.3 0.317 0.333 0.341 0.333 0.297 0.232 0.126 0.057 0.019 0.01 0.033 0.082 0.147 0.217 0.284 0.333 0.353 0.337 0.285 0.214 0.133 0.053 -0.021 -0.083 -0.118 -0.115 -0.09 -0.067 -0.057 -0.067 -0.084 -0.098 -0.11 -0.119 -0.12 -0.118 -0.12 -0.142 -0.183 -0.237 -0.3 -0.357 -0.403 -0.437 -0.465 -0.489 -0.508 -0.515 -0.504 -0.471 -0.414 -0.34 -0.255 -0.172 -0.1 -0.041 0.007 0.053 0.114 0.203 0.267 0.33 0.421 0.451 0.492 0.564 0.674 0.749 0.687 0.624 0.626 0.565
-9 -9 -9 -9 0.275 0.293 0.31 0.328 0.343 0.343 0.311 0.249 0.144 0.069 0.014 -0.008 0.008 0.061 0.132 0.212 0.281 0.322 0.323 0.282 0.204 0.113 0.019 -0.067 -0.138 -0.187 -0.192 -0.156 -0.099 -0.054 -0.032 -0.038 -0.057 -0.078 -0.101 -0.122 -0.136 -0.148 -0.161 -0.189 -0.233 -0.289 -0.347 -0.398 -0.437 -0.464 -0.482 -0.496 -0.504 -0.502 -0.484 -0.446 -0.39 -0.324 -0.255 -0.192 -0.141 -0.099 -0.066 -0.034 0.003 0.05 0.091 0.137 0.222 0.303 0.368 0.452 0.543 0.615 0.601 0.532 0.484 0.42
-9 -9 -9 -9 0.268 0.286 0.308 0.331 0.349 0.353 0.329 0.276 0.192 0.107 0.04 0.008 0.015 0.064 0.136 0.216 0.279 0.303 0.279 0.21 0.107 0 -0.099 -0.183 -0.246 -0.276 -0.257 -0.197 -0.125 -0.076 -0.058 -0.072 -0.099 -0.127 -0.152 -0.172 -0.186 -0.201 -0.221 -0.25 -0.29 -0.341 -0.39 -0.431 -0.46 -0.476 -0.483 -0.485 -0.482 -0.47 -0.445 -0.405 -0.352 -0.295 -0.24 -0.195 -0.161 -0.136 -0.115 -0.094 -0.071 -0.046 -0.019 0.01 0.05 0.123 0.179 0.263 0.346 0.386 0.382 0.336 0.294 0.299
-9 -9 -9 -9 0.262 0.286 0.312 0.336 0.354 0.361 0.345 0.304 0.235 0.159 0.093 0.057 0.057 0.099 0.164 0.233 0.28 0.282 0.228 0.129 0.004 -0.113 -0.212 -0.291 -0.341 -0.351 -0.316 -0.247 -0.176 -0.139 -0.13 -0.151 -0.182 -0.209 -0.228 -0.241 -0.253 -0.266 -0.286 -0.313 -0.348 -0.387 -0.425 -0.453 -0.469 -0.472 -0.466 -0.456 -0.442 -0.422 -0.392 -0.352 -0.305 -0.257 -0.217 -0.187 -0.168 -0.155 -0.145 -0.134 -0.121 -0.107 -0.092 -0.075 -0.052 -0.02 0.014 0.057 0.102 0.132 0.145 0.147 0.154 0.171
-9 -9 -9 -9 0.262 0.292 0.318 0.34 0.357 0.364 0.357 0.33 0.282 0.224 0.168 0.135 0.134 0.166 0.217 0.267 0.289 0.26 0.17 0.042 -0.098 -0.222 -0.316 -0.385 -0.421 -0.417 -0.377 -0.314 -0.258 -0.227 -0.22 -0.239 -0.266 -0.287 -0.299 -0.308 -0.316 -0.327 -0.344 -0.366 -0.393 -0.422 -0.447 -0.462 -0.464 -0.453 -0.435 -0.414 -0.391 -0.364 -0.332 -0.295 -0.257 -0.222 -0.194 -0.178 -0.17 -0.166 -0.164 -0.16 -0.155 -0.15 -0.143 -0.135 -0.123 -0.106 -0.084 -0.059 -0.034 -0.015 -0.001 0.013 0.029 0.046
-9 -9 -9 -9 0.264 0.299 0.324 0.342 0.356 0.364 0.364 0.351 0.323 0.287 0.248 0.225 0.226 0.25 0.285 0.31 0.299 0.231 0.106 -0.048 -0.199 -0.323 -0.41 -0.465 -0.489 -0.478 -0.445 -0.4 -0.353 -0.321 -0.313 -0.326 -0.341 -0.351 -0.357 -0.36 -0.365 -0.374 -0.388 -0.405 -0.424 -0.442 -0.455 -0.457 -0.446 -0.424 -0.396 -0.366 -0.335 -0.305 -0.274 -0.243 -0.215 -0.193 -0.178 -0.172 -0.171 -0.174 -0.176 -0.177 -0.176 -0.175 -0.173 -0.17 -0.163 -0.152 -0.136 -0.118 -0.099 -0.084 -0.073 -0.067 -0.062 -0.056
-9 -9 -9 0.212 0.259 0.3 0.324 0.338 0.348 0.355 0.361 0.36 0.351 0.334 0.314 0.304 0.308 0.327 0.347 0.345 0.296 0.189 0.029 -0.145 -0.301 -0.419 -0.491 -0.529 -0.542 -0.534 -0.51 -0.475 -0.435 -0.408 -0.398 -0.399 -0.401 -0.4 -0.398 -0.397 -0.4 -0.407 -0.418 -0.429 -0.44 -0.448 -0.449 -0.439 -0.418 -0.388 -0.353 -0.316 -0.282 -0.249 -0.22 -0.197 -0.18 -0.17 -0.166 -0.168 -0.173 -0.179 -0.184 -0.186 -0.186 -0.186 -0.185 -0.183 -0.179 -0.171 -0.159 -0.144 -0.129 -0.117 -0.11 -0.109 -0.114 -0.123
-9 -9 -9 0.18 0.241 0.29 0.317 0.329 0.334 0.339 0.348 0.355 0.358 0.356 0.353 0.356 0.366 0.382 0.39 0.36 0.272 0.124 -0.065 -0.247 -0.396 -0.496 -0.551 -0.577 -0.583 -0.575 -0.556 -0.527 -0.496 -0.472 -0.457 -0.447 -0.438 -0.43 -0.423 -0.419 -0.421 -0.427 -0.434 -0.439 -0.441 -0.439 -0.43 -0.411 -0.384 -0.348 -0.309 -0.27 -0.234 -0.2 -0.175 -0.158 -0.151 -0.151 -0.156 -0.164 -0.174 -0.181 -0.187 -0.188 -0.187 -0.184 -0.181 -0.178 -0.175 -0.169 -0.159 -0.147 -0.135 -0.125 -0.121 -0.123 -0.134 -0.152
-9 -9 -9 0.127 0.205 0.268 0.299 0.312 0.314 0.318 0.327 0.336 0.345 0.354 0.365 0.379 0.397 0.413 0.407 0.347 0.219 0.037 -0.168 -0.35 -0.476 -0.554 -0.593 -0.609 -0.609 -0.601 -0.585 -0.561 -0.536 -0.512 -0.49 -0.471 -0.456 -0.443 -0.435 -0.431 -0.433 -0.436 -0.437 -0.435 -0.427 -0.416 -0.399 -0.375 -0.343 -0.307 -0.267 -0.228 -0.191 -0.159 -0.135 -0.123 -0.123 -0.13 -0.142 -0.155 -0.167 -0.175 -0.179 -0.177 -0.17 -0.161 -0.153 -0.148 -0.145 -0.142 -0.138 -0.131 -0.122 -0.116 -0.113 -0.118 -0.131 -0.156
-9 -9 -9 0.052 0.149 0.229 0.271 0.289 0.291 0.294 0.299 0.307 0.318 0.333 0.352 0.376 0.402 0.415 0.393 0.303 0.142 -0.064 -0.274 -0.439 -0.541 -0.597 -0.62 -0.625 -0.621 -0.615 -0.602 -0.581 -0.557 -0.529 -0.5 -0.477 -0.46 -0.449 -0.443 -0.441 -0.441 -0.438 -0.431 -0.418 -0.401 -0.38 -0.357 -0.33 -0.298 -0.263 -0.225 -0.187 -0.15 -0.116 -0.093 -0.082 -0.086 -0.097 -0.113 -0.128 -0.141 -0.147 -0.145 -0.133 -0.112 -0.093 -0.078 -0.071 -0.073 -0.079 -0.085 -0.088 -0.088 -0.086 -0.086 -0.093 -0.11 -0.139
-9 -9 -9 -9 0.078 0.178 0.236 0.261 0.266 0.266 0.268 0.273 0.281 0.295 0.316 0.349 0.381 0.388 0.345 0.229 0.044 -0.173 -0.369 -0.51 -0.587 -0.623 -0.632 -0.629 -0.624 -0.619 -0.61 -0.591 -0.564 -0.531 -0.498 -0.472 -0.457 -0.452 -0.452 -0.452 -0.447 -0.437 -0.418 -0.394 -0.367 -0.339 -0.31 -0.28 -0.247 -0.213 -0.177 -0.139 -0.098 -0.059 -0.03 -0.016 -0.019 -0.031 -0.046 -0.06 -0.071 -0.068 -0.046 0.011 0.093 0.119 0.136 0.12 0.082 0.046 0.013 -0.01 -0.024 -0.031 -0.037 -0.048 -0.07 -0.107
-9 -9 -9 -9 0.006 0.126 0.198 0.232 0.239 0.238 0.238 0.24 0.24 0.247 0.264 0.297 0.329 0.328 0.266 0.131 -0.066 -0.274 -0.446 -0.562 -0.618 -0.637 -0.635 -0.628 -0.623 -0.62 -0.613 -0.593 -0.562 -0.523 -0.485 -0.458 -0.448 -0.45 -0.458 -0.46 -0.451 -0.431 -0.401 -0.365 -0.328 -0.292 -0.259 -0.224 -0.19 -0.157 -0.119 -0.072 -0.02 0.032 0.073 0.098 0.099 0.087 0.072 0.065 0.068 0.09 0.14 0.245 0.372 0.437 0.487 0.467 0.376 0.273 0.191 0.127 0.09 0.067 0.051 0.03 -0.006 -0.057
-9 -9 -9 -9 -0.053 0.078 0.16 0.202 0.212 0.212 0.214 0.212 0.203 0.195 0.198 0.22 0.243 0.232 0.157 0.014 -0.175 -0.359 -0.506 -0.598 -0.635 -0.641 -0.632 -0.624 -0.62 -0.619 -0.612 -0.59 -0.554 -0.508 -0.466 -0.438 -0.433 -0.443 -0.457 -0.461 -0.448 -0.419 -0.378 -0.332 -0.286 -0.242 -0.203 -0.162 -0.126 -0.092 -0.039 0.029 0.097 0.161 0.212 0.247 0.257 0.248 0.24 0.254 0.284 0.327 0.397 0.49 0.618 0.753 0.857 0.853 0.812 0.643 0.547 0.385 0.305 0.248 0.206 0.165 0.092 0.015
-9 -9 -9 -9 -0.089 0.041 0.129 0.173 0.186 0.19 0.197 0.19 0.168 0.139 0.116 0.115 0.124 0.102 0.024 -0.112 -0.274 -0.429 -0.549 -0.618 -0.639 -0.636 -0.624 -0.618 -0.617 -0.617 -0.609 -0.585 -0.543 -0.491 -0.443 -0.413 -0.411 -0.427 -0.445 -0.451 -0.434 -0.398 -0.349 -0.293 -0.238 -0.186 -0.138 -0.092 -0.055 -0.012 0.063 0.143 0.222 0.296 0.35 0.387 0.404 0.407 0.41 0.424 0.457 0.539 0.652 0.737 0.912 1.098 1.22 1.266 1.227 1.102 0.994 0.793 0.707 0.659 0.568 0.433 0.257 0.108
-9 -9 -9 -9 -9 0.024 0.104 0.147 0.165 0.176 0.185 0.173 0.132 0.072 0.014 -0.017 -0.027 -0.049 -0.115 -0.225 -0.358 -0.483 -0.575 -0.623 -0.633 -0.627 -0.617 -0.614 -0.614 -0.614 -0.605 -0.577 -0.529 -0.469 -0.414 -0.379 -0.377 -0.399 -0.419 -0.423 -0.404 -0.364 -0.309 -0.247 -0.184 -0.121 -0.064 -0.015 0.023 0.072 0.151 0.24 0.321 0.399 0.449 0.481 0.504 0.515 0.529 0.553 0.597 0.721 0.827 0.946 1.141 1.279 1.411 1.561 1.554 1.435 1.219 1.036 1.156 1.217 1.137 0.87 0.526 0.216
-9 -9 -9 -9 -9 -9 0.088 0.125 0.151 0.17 0.185 0.161 0.09 -0.013 -0.11 -0.172 -0.196 -0.211 -0.251 -0.319 -0.424 -0.519 -0.585 -0.617 -0.624 -0.619 -0.614 -0.612 -0.613 -0.612 -0.599 -0.565 -0.508 -0.438 -0.377 -0.337 -0.333 -0.355 -0.374 -0.376 -0.357 -0.314 -0.253 -0.186 -0.116 -0.046 0.012 0.063 0.111 0.16 0.206 0.3 0.389 0.464 0.503 0.529 0.549 0.566 0.584 0.609 0.663 0.757 0.859 0.989 1.147 1.352 1.581 1.648 1.595 1.52 1.519 1.522 1.699 1.776 1.624 1.251 0.789 0.362
-9 -9 -9 -9 -9 -9 0.08 0.109 0.139 0.171 0.194 0.152 0.041 -0.11 -0.249 -0.337 -0.367 -0.369 -0.376 -0.41 -0.477 -0.538 -0.582 -0.607 -0.616 -0.615 -0.612 -0.612 -0.613 -0.609 -0.591 -0.547 -0.479 -0.404 -0.339 -0.298 -0.286 -0.296 -0.308 -0.308 -0.288 -0.244 -0.182 -0.113 -0.041 0.029 0.089 0.143 0.193 0.244 0.281 0.354 0.428 0.484 0.517 0.541 0.554 0.561 0.566 0.605 0.7 0.816 0.95 1.062 1.209 1.497 1.745 1.769 1.777 1.755 1.902 1.98 2.103 2.085 1.862 1.464 1.056 0.527
-9 -9 -9 -9 -9 -9 0.074 0.097 0.133 0.176 0.2 0.137 -0.01 -0.198 -0.368 -0.475 -0.507 -0.496 -0.481 -0.49 -0.517 -0.547 -0.576 -0.598 -0.609 -0.613 -0.613 -0.613 -0.613 -0.604 -0.577 -0.52 -0.444 -0.368 -0.303 -0.254 -0.228 -0.218 -0.216 -0.212 -0.195 -0.157 -0.107 -0.039 0.038 0.108 0.171 0.221 0.269 0.32 0.388 0.465 0.493 0.472 -9 -9 -9 0.498 0.496 0.567 0.705 0.87 1.061 1.187 1.357 1.553 1.704 1.862 1.924 1.97 2.12 2.177 2.217 2.16 1.967 1.653 1.258 0.709
-9 -9 -9 -9 0.09 0.073 0.068 0.092 0.134 0.18 0.196 0.114 -0.062 -0.274 -0.456 -0.567 -0.599 -0.584 -0.558 -0.544 -0.543 -0.553 -0.575 -0.593 -0.605 -0.612 -0.615 -0.616 -0.612 -0.594 -0.554 -0.487 -0.409 -0.333 -0.262 -0.199 -0.147 -0.111 -0.091 -0.084 -0.075 -0.054 -0.024 0.029 0.111 0.197 0.256 0.303 0.357 0.433 0.53 0.64 -9 -9 -9 -9 -9 0.487 0.505 0.546 0.635 0.777 0.996 1.167 1.38 1.55 1.649 1.81 1.883 1.945 2.21 2.292 2.304 2.25 2.033 1.679 1.284 0.76
