data/climatemaps/RS_maps/climate_winter_pr_2004.asc
NCOLS 369 
NROWS 228 
XLLCORNER 479000 
YLLCORNER 73000 
CELLSIZE 1000 
NODATA_value -9 
[rows 136 to 169 of 228, columns 75 to 149 of 369]
-0.665 -0.591 -0.555 -0.501 -0.469 -0.459 -0.484 -0.522 -0.557 -0.581 -0.585 -0.574 -0.539 -0.519 -0.541 -0.59 -0.649 -0.717 -0.786 -0.875 -0.893 -0.801 -0.652 -0.612 -0.652 -0.636 -0.543 -0.445 -0.382 -0.333 -0.147 -0.029 0.002 0.007 -0.028 0.024 0.09 0.183 0.101 0.08 0.004 -0.212 -0.396 -0.47 -0.393 -0.314 -0.227 -0.063 -0.042 0.035 0.048 -0.004 -0.122 -0.194 -0.304 -0.422 -0.296 -0.105 0.117 0.338 0.442 0.363 0.228 0.004 -0.288 -0.472 -0.45 -0.377 -0.279 -0.19 -0.082 0.015 0.079 0.243 0.322
-0.667 -0.587 -0.541 -0.487 -0.449 -0.447 -0.465 -0.494 -0.532 -0.558 -0.575 -0.582 -0.579 -0.578 -0.595 -0.626 -0.675 -0.739 -0.807 -0.893 -0.914 -0.817 -0.717 -0.708 -0.709 -0.668 -0.59 -0.5 -0.407 -0.35 -0.183 -0.081 -0.058 -0.13 -0.12 -0.158 -0.065 0.043 0.005 -0.111 -0.22 -0.374 -0.414 -0.369 -0.238 -0.145 -0.047 0.169 0.18 0.217 0.162 0.06 -0.027 -0.194 -0.323 -0.335 -0.173 0.017 0.244 0.502 0.467 0.304 0.085 -0.126 -0.38 -0.479 -0.417 -0.284 -0.138 -0.051 -0.014 0.13 0.356 0.485 0.435
-0.648 -0.579 -0.524 -0.475 -0.448 -0.443 -0.457 -0.484 -0.515 -0.538 -0.548 -0.558 -0.566 -0.579 -0.599 -0.635 -0.689 -0.753 -0.823 -0.899 -0.927 -0.851 -0.798 -0.753 -0.704 -0.679 -0.635 -0.563 -0.526 -0.392 -0.253 -0.248 -0.262 -0.334 -0.321 -0.319 -0.157 -0.001 -0.031 -0.163 -0.311 -0.429 -0.361 -0.272 -0.121 0.038 0.187 0.342 0.294 0.207 0.129 -0.009 -0.119 -0.239 -0.242 -0.203 -0.039 0.137 0.383 0.506 0.385 0.182 -0.062 -0.305 -0.448 -0.469 -0.36 -0.149 0.025 0.141 0.117 0.294 0.456 0.623 0.638
-0.627 -0.572 -0.514 -0.469 -0.443 -0.448 -0.46 -0.49 -0.508 -0.506 -0.49 -0.49 -0.51 -0.535 -0.565 -0.615 -0.686 -0.756 -0.826 -0.897 -0.921 -0.867 -0.783 -0.689 -0.597 -0.538 -0.603 -0.646 -0.628 -0.5 -0.463 -0.466 -0.427 -0.396 -0.397 -0.399 -0.191 -0.063 -0.071 -0.171 -0.344 -0.451 -0.328 -0.21 -0.043 0.203 0.325 0.365 0.35 0.303 0.108 -0.048 -0.101 -0.104 -0.068 -0.071 0.13 0.327 0.523 0.465 0.289 0.022 -0.254 -0.405 -0.427 -0.408 -0.324 -0.081 0.127 0.232 0.331 0.563 0.584 0.668 0.858
-0.61 -0.565 -0.504 -0.455 -0.444 -0.468 -0.486 -0.501 -0.489 -0.451 -0.406 -0.396 -0.43 -0.472 -0.494 -0.565 -0.662 -0.741 -0.822 -0.892 -0.886 -0.776 -0.639 -0.533 -0.529 -0.41 -0.451 -0.587 -0.588 -0.592 -0.584 -0.434 -0.331 -0.293 -0.245 -0.339 -0.252 -0.143 -0.088 -0.182 -0.368 -0.454 -0.334 -0.162 0.041 0.285 0.368 0.528 0.532 0.49 0.138 0.156 0.121 0.094 0.033 0.095 0.27 0.452 0.526 0.35 0.117 -0.15 -0.366 -0.42 -0.344 -0.236 -0.274 -0.136 0.043 0.267 0.548 0.692 0.681 0.775 1.099
-0.6 -0.55 -0.492 -0.462 -0.465 -0.475 -0.493 -0.496 -0.449 -0.375 -0.319 -0.325 -0.378 -0.398 -0.373 -0.486 -0.597 -0.704 -0.795 -0.87 -0.811 -0.652 -0.498 -0.437 -0.446 -0.346 -0.372 -0.511 -0.416 -0.452 -0.471 -0.305 -0.241 -0.171 -0.138 -0.288 -0.212 -0.107 -0.087 -0.225 -0.381 -0.473 -0.37 -0.143 0.105 0.298 0.466 0.662 0.66 0.449 0.178 0.253 0.311 0.287 0.131 0.285 0.449 0.495 0.422 0.24 -0.051 -0.274 -0.416 -0.392 -0.232 -0.088 -0.126 -0.152 0.032 0.362 0.541 0.576 0.77 0.959 1.152
-0.582 -0.534 -0.498 -0.479 -0.47 -0.476 -0.49 -0.471 -0.397 -0.313 -0.283 -0.331 -0.354 -0.311 -0.299 -0.397 -0.511 -0.645 -0.759 -0.843 -0.78 -0.672 -0.487 -0.364 -0.36 -0.256 -0.267 -0.391 -0.258 -0.204 -0.214 -0.242 -0.111 -0.051 -0.133 -0.183 -0.047 0.02 -0.05 -0.201 -0.316 -0.464 -0.402 -0.153 0.053 0.318 0.528 0.578 0.513 0.311 0.284 0.417 0.467 0.366 0.278 0.391 0.64 0.56 0.304 0.131 -0.123 -0.315 -0.432 -0.352 -0.151 0.068 0.068 0.021 0.033 0.205 0.336 0.498 0.721 0.824 1.089
-0.554 -0.528 -0.5 -0.467 -0.463 -0.482 -0.479 -0.441 -0.368 -0.289 -0.284 -0.314 -0.3 -0.256 -0.267 -0.351 -0.412 -0.572 -0.732 -0.825 -0.798 -0.656 -0.417 -0.336 -0.256 -0.058 -0.153 -0.276 -0.106 -0.091 -0.122 -0.127 0.021 0.031 -0.067 0.015 0.13 0.141 0.009 -0.108 -0.298 -0.482 -0.415 -0.249 -0.012 0.284 0.531 0.737 0.589 0.336 0.342 0.376 0.491 0.522 0.494 0.443 0.671 0.483 0.263 0.008 -0.183 -0.275 -0.414 -0.336 -0.128 0.179 0.246 0.253 0.157 0.365 0.364 0.375 0.497 0.684 0.948
-0.539 -0.515 -0.473 -0.457 -0.464 -0.478 -0.463 -0.4 -0.316 -0.252 -0.264 -0.265 -0.209 -0.187 -0.193 -0.269 -0.313 -0.517 -0.713 -0.818 -0.776 -0.591 -0.382 -0.331 -0.135 0.034 -0.023 -0.133 -0.074 -0.038 -0.034 0.056 0.137 0.076 0.077 0.219 0.255 0.176 0.118 -0.023 -0.313 -0.487 -0.437 -0.258 -0.009 0.272 0.541 0.657 0.497 0.458 0.373 0.492 0.52 0.647 0.636 0.568 0.647 0.394 0.12 -0.075 -0.107 -0.11 -0.361 -0.307 -0.071 0.241 0.426 0.419 0.277 0.369 0.486 0.526 0.616 0.803 1.005
-0.511 -0.49 -0.458 -0.448 -0.454 -0.466 -0.44 -0.359 -0.27 -0.231 -0.253 -0.208 -0.123 -0.066 -0.136 -0.172 -0.262 -0.498 -0.719 -0.796 -0.708 -0.536 -0.332 -0.239 -0.044 0.133 0.093 -0.048 -0.017 0.075 0.11 0.162 0.142 0.128 0.233 0.334 0.303 0.271 0.197 0.013 -0.313 -0.477 -0.433 -0.29 -0.104 0.176 0.433 0.524 0.562 0.627 0.444 0.514 0.626 0.717 0.825 0.802 0.589 0.28 -0.004 -0.06 0.034 0.038 -0.276 -0.262 -0.012 0.337 0.562 0.584 0.454 0.371 0.429 0.569 0.782 0.923 1.048
-0.461 -0.462 -0.441 -0.428 -0.44 -0.45 -0.419 -0.348 -0.278 -0.239 -0.243 -0.157 -0.044 -0.028 -0.105 -0.155 -0.299 -0.558 -0.72 -0.753 -0.626 -0.454 -0.26 -0.087 0.066 0.151 0.058 -0.01 0.049 0.115 0.08 0.117 0.193 0.226 0.295 0.313 0.273 0.261 0.19 -0.042 -0.275 -0.44 -0.45 -0.33 -0.138 0.125 0.404 0.574 0.654 0.701 0.547 0.527 0.679 0.744 0.841 0.752 0.47 0.168 -0.045 0.034 0.194 0.234 -0.123 -0.2 0.04 0.337 0.617 0.739 0.665 0.617 0.556 0.538 0.691 0.89 1.037
-0.399 -0.417 -0.413 -0.408 -0.426 -0.433 -0.404 -0.36 -0.318 -0.267 -0.23 -0.117 -0.039 -0.094 -0.147 -0.213 -0.403 -0.614 -0.701 -0.69 -0.577 -0.433 -0.203 0.008 0.115 0.122 0.05 0.024 0.073 0.078 0.034 0.051 0.19 0.21 0.255 0.279 0.219 0.161 0.096 -0.063 -0.169 -0.358 -0.44 -0.271 -0.137 0.079 0.316 0.485 0.598 0.714 0.627 0.571 0.664 0.759 0.741 0.604 0.365 0.097 -0.018 0.12 0.328 0.408 0.098 -0.12 0.019 0.244 0.519 0.716 0.775 0.843 0.799 0.69 0.664 0.814 0.993
-0.328 -0.351 -0.365 -0.372 -0.409 -0.415 -0.373 -0.337 -0.316 -0.278 -0.197 -0.117 -0.074 -0.083 -0.126 -0.298 -0.513 -0.648 -0.659 -0.619 -0.534 -0.373 -0.142 0.038 0.093 0.079 -0.005 0.025 -0.012 0.02 0.001 -0.023 0.112 0.157 0.134 0.129 0.099 0.074 0.052 0.048 -0.033 -0.288 -0.39 -0.255 -0.166 -0.032 0.046 0.211 0.395 0.596 0.704 0.715 0.754 0.811 0.655 0.477 0.237 0.028 0.054 0.209 0.394 0.489 0.305 -0.027 -0.064 0.157 0.405 0.679 0.868 0.951 0.985 0.887 0.772 0.837 1.037
-0.271 -0.286 -0.308 -0.347 -0.397 -0.387 -0.334 -0.281 -0.269 -0.229 -0.152 -0.083 -0.022 -0.025 -0.121 -0.361 -0.576 -0.658 -0.606 -0.538 -0.468 -0.317 -0.1 -0.001 -0.013 -0.052 -0.078 -0.078 -0.126 -0.06 -0.079 -0.117 0.015 0.03 -0.011 -0.033 0.007 0.085 0.127 0.188 0.085 -0.211 -0.354 -0.296 -0.231 -0.172 -0.107 0.097 0.271 0.454 0.651 0.819 0.867 0.77 0.565 0.377 0.137 0.012 0.116 0.27 0.435 0.558 0.421 0.051 -0.069 0.143 0.364 0.578 0.766 0.939 1.06 1.082 0.986 0.921 1.056
-0.251 -0.252 -0.276 -0.367 -0.385 -0.329 -0.313 -0.273 -0.234 -0.158 -0.075 0.007 0.073 -0.017 -0.197 -0.432 -0.612 -0.641 -0.555 -0.456 -0.401 -0.241 -0.089 -0.08 -0.152 -0.205 -0.207 -0.244 -0.203 -0.151 -0.198 -0.24 -0.133 -0.173 -0.204 -0.144 -0.017 0.133 0.203 0.311 0.191 -0.077 -0.285 -0.349 -0.301 -0.29 -0.139 0.054 0.245 0.461 0.631 0.849 0.881 0.717 0.55 0.342 0.078 0.03 0.161 0.315 0.522 0.646 0.463 0.076 -0.078 0.082 0.204 0.341 0.485 0.79 1.016 1.222 1.193 1.071 1.069
-0.25 -0.269 -0.325 -0.39 -0.353 -0.27 -0.257 -0.236 -0.181 -0.12 -0.049 0.048 0.055 -0.073 -0.276 -0.486 -0.612 -0.61 -0.553 -0.444 -0.337 -0.227 -0.189 -0.201 -0.219 -0.277 -0.351 -0.375 -0.347 -0.335 -0.375 -0.395 -0.353 -0.378 -0.355 -0.211 -0.046 0.114 0.227 0.34 0.264 0.068 -0.111 -0.26 -0.355 -0.344 -0.209 -0.054 0.175 0.481 0.642 0.75 0.739 0.676 0.512 0.249 0.052 0.067 0.207 0.39 0.585 0.599 0.374 0.029 -0.1 -0.046 0.041 0.143 0.321 0.688 1.017 1.266 1.339 1.273 1.175
-0.292 -0.338 -0.394 -0.411 -0.341 -0.244 -0.232 -0.182 -0.104 -0.048 -0.005 0.092 0.05 -0.123 -0.327 -0.505 -0.579 -0.562 -0.535 -0.452 -0.364 -0.324 -0.352 -0.349 -0.299 -0.353 -0.453 -0.468 -0.464 -0.46 -0.467 -0.486 -0.508 -0.519 -0.46 -0.285 -0.112 0.033 0.174 0.298 0.318 0.217 0.114 -0.054 -0.3 -0.36 -0.246 -0.131 0.063 0.388 0.545 0.577 0.557 0.526 0.375 0.154 0.075 0.095 0.247 0.466 0.608 0.538 0.276 -0.003 -0.028 0.009 0.085 0.208 0.375 0.646 0.996 1.241 1.254 1.206 1.168
-0.391 -0.431 -0.446 -0.444 -0.372 -0.26 -0.273 -0.154 -0.045 0.012 0.063 0.143 0.046 -0.156 -0.312 -0.485 -0.569 -0.572 -0.568 -0.528 -0.467 -0.505 -0.532 -0.504 -0.454 -0.487 -0.498 -0.451 -0.388 -0.374 -0.372 -0.393 -0.507 -0.569 -0.536 -0.375 -0.253 -0.133 0.024 0.181 0.343 0.343 0.303 0.13 -0.162 -0.365 -0.285 -0.136 0.008 0.293 0.422 0.469 0.539 0.42 0.315 0.132 0.193 0.157 0.35 0.601 0.61 0.458 0.205 0.01 0.154 0.21 0.247 0.404 0.531 0.689 0.99 1.051 1.009 1.063 1.127
-0.484 -0.494 -0.5 -0.497 -0.446 -0.371 -0.326 -0.225 -0.103 -0.024 0.099 0.118 0.001 -0.099 -0.171 -0.416 -0.578 -0.641 -0.687 -0.664 -0.639 -0.652 -0.627 -0.588 -0.552 -0.487 -0.359 -0.263 -0.19 -0.173 -0.193 -0.292 -0.385 -0.523 -0.561 -0.492 -0.357 -0.179 0.04 0.2 0.35 0.454 0.402 0.272 -0.028 -0.31 -0.343 -0.232 -0.073 0.175 0.368 0.481 0.523 0.457 0.388 0.198 0.295 0.41 0.564 0.665 0.515 0.407 0.202 0.108 0.22 0.28 0.339 0.476 0.669 0.731 0.797 0.853 0.949 1.084 1.19
-0.545 -0.548 -0.552 -0.552 -0.525 -0.468 -0.388 -0.291 -0.161 -0.087 0.082 0.098 -0.031 -0.002 -0.005 -0.262 -0.502 -0.641 -0.703 -0.716 -0.723 -0.692 -0.618 -0.556 -0.511 -0.411 -0.195 -0.058 0.051 0.01 -0.082 -0.188 -0.258 -0.467 -0.539 -0.518 -0.335 -0.181 0.066 0.267 0.299 0.549 0.478 0.399 0.048 -0.249 -0.363 -0.297 -0.143 0.086 0.329 0.404 0.452 0.482 0.468 0.236 0.389 0.639 0.765 0.617 0.454 0.532 0.304 0.06 0.106 0.179 0.24 0.396 0.618 0.551 0.5 0.728 0.969 1.154 1.243
-0.576 -0.583 -0.592 -0.598 -0.583 -0.519 -0.427 -0.374 -0.274 -0.146 0.03 0.095 0.056 0.04 0.035 -0.12 -0.288 -0.431 -0.53 -0.602 -0.633 -0.607 -0.517 -0.463 -0.391 -0.322 -0.142 0.053 0.101 0.072 -0.008 -0.099 -0.248 -0.429 -0.429 -0.449 -0.354 -0.142 0.043 0.287 0.305 0.488 0.526 0.365 0.122 -0.132 -0.31 -0.277 -0.123 0.058 0.238 0.365 0.482 0.594 0.572 0.422 0.493 0.61 0.67 0.567 0.537 0.484 0.382 0.322 0.202 0.172 0.167 0.244 0.366 0.346 0.464 0.776 1.019 1.097 1.108
-0.585 -0.597 -0.614 -0.627 -0.63 -0.591 -0.515 -0.465 -0.324 -0.159 0.034 0.148 0.152 0.079 0.061 -0.005 -0.107 -0.258 -0.371 -0.429 -0.474 -0.531 -0.45 -0.361 -0.263 -0.224 -0.06 0.133 0.127 0.122 0.067 -0.062 -0.262 -0.384 -0.298 -0.384 -0.391 -0.141 -0.001 0.248 0.252 0.43 0.468 0.356 0.235 0.01 -0.246 -0.267 -0.125 0.05 0.224 0.37 0.496 0.724 0.692 0.586 0.612 0.703 0.698 0.586 0.581 0.454 0.463 0.553 0.488 0.456 0.399 0.21 0.249 0.315 0.582 0.83 0.964 0.948 0.909
-0.579 -0.595 -0.616 -0.639 -0.658 -0.654 -0.592 -0.49 -0.363 -0.173 0.025 0.154 0.194 0.165 0.079 0.055 -0.06 -0.182 -0.214 -0.261 -0.331 -0.426 -0.422 -0.324 -0.2 -0.103 0.039 0.162 0.194 0.171 0.136 0.036 -0.192 -0.324 -0.259 -0.339 -0.426 -0.277 -0.109 0.08 0.202 0.351 0.394 0.408 0.321 0.074 -0.127 -0.201 -0.168 -0.018 0.154 0.329 0.554 0.677 0.656 0.646 0.695 0.781 0.784 0.708 0.587 0.547 0.527 0.67 0.741 0.748 0.647 0.493 0.549 0.647 0.7 0.74 0.765 0.765 0.722
-0.563 -0.581 -0.605 -0.633 -0.662 -0.68 -0.642 -0.53 -0.396 -0.229 -0.064 0.107 0.217 0.257 0.165 0.086 -0.013 -0.095 -0.11 -0.151 -0.207 -0.272 -0.322 -0.298 -0.196 -0.105 0.004 0.145 0.242 0.236 0.236 0.122 -0.154 -0.313 -0.256 -0.301 -0.443 -0.397 -0.254 -0.086 0.105 0.269 0.334 0.406 0.324 0.09 0.016 -0.03 -0.119 -0.069 0.103 0.305 0.53 0.671 0.731 0.753 0.815 0.892 0.865 0.752 0.632 0.678 0.599 0.726 0.865 0.946 0.787 0.719 0.795 0.828 0.679 0.568 0.536 0.523 0.488
-0.536 -0.556 -0.583 -0.616 -0.651 -0.681 -0.677 -0.563 -0.431 -0.341 -0.184 0.071 0.26 0.291 0.243 0.163 0.107 0.034 0 -0.068 -0.114 -0.105 -0.134 -0.192 -0.141 -0.065 -0.04 0.126 0.272 0.234 0.171 0.053 -0.18 -0.298 -0.252 -0.283 -0.401 -0.44 -0.326 -0.163 -0.001 0.192 0.297 0.333 0.297 0.144 0.125 0.195 0.095 0.045 0.197 0.439 0.595 0.782 0.897 0.934 0.95 0.961 0.901 0.757 0.682 0.752 0.76 0.7 0.746 0.814 0.842 0.818 0.801 0.72 0.539 0.384 0.276 0.213 0.234
-0.495 -0.52 -0.552 -0.591 -0.634 -0.671 -0.685 -0.613 -0.499 -0.365 -0.169 0.068 0.22 0.278 0.317 0.275 0.223 0.168 0.12 0.012 -0.042 -0.024 -0.025 -0.074 -0.041 0.04 -0.015 0.117 0.233 0.167 0.133 0.04 -0.173 -0.275 -0.228 -0.246 -0.322 -0.401 -0.313 -0.15 -0.012 0.166 0.256 0.302 0.332 0.253 0.216 0.342 0.333 0.265 0.375 0.56 0.713 0.879 0.917 0.944 0.935 0.924 0.896 0.765 0.696 0.699 0.669 0.56 0.551 0.669 0.829 0.795 0.715 0.567 0.337 0.15 0.038 0.029 0.19
-0.435 -0.469 -0.511 -0.56 -0.61 -0.655 -0.68 -0.639 -0.478 -0.275 -0.097 0.053 0.196 0.319 0.408 0.361 0.308 0.272 0.17 0.047 0.012 0.012 0.03 0.03 0.038 0.086 0.048 0.143 0.183 0.163 0.202 0.107 -0.132 -0.24 -0.198 -0.171 -0.208 -0.289 -0.231 -0.066 0.068 0.194 0.274 0.361 0.394 0.361 0.349 0.468 0.539 0.5 0.529 0.626 0.76 0.857 0.847 0.827 0.822 0.838 0.856 0.722 0.6 0.486 0.387 0.358 0.45 0.637 0.766 0.761 0.669 0.418 0.12 -0.043 -0.053 0.055 0.282
-0.343 -0.399 -0.458 -0.521 -0.584 -0.637 -0.67 -0.637 -0.409 -0.234 -0.114 0.038 0.235 0.414 0.464 0.378 0.369 0.282 0.145 0.035 0.071 0.083 0.104 0.146 0.126 0.114 0.108 0.176 0.143 0.185 0.24 0.125 -0.119 -0.205 -0.126 -0.065 -0.086 -0.101 -0.099 0.009 0.151 0.314 0.376 0.419 0.428 0.5 0.52 0.586 0.648 0.654 0.646 0.669 0.724 0.773 0.832 0.828 0.851 0.883 0.916 0.559 0.338 0.225 0.196 0.303 0.505 0.64 0.715 0.712 0.633 0.307 -0.029 -0.05 0.023 0.154 0.371
-0.174 -0.291 -0.393 -0.48 -0.557 -0.619 -0.647 -0.569 -0.379 -0.233 -0.094 0.095 0.298 0.439 0.425 0.311 0.247 0.164 0.058 0.03 0.101 0.123 0.127 0.149 0.146 0.131 0.145 0.175 0.151 0.201 0.182 0.046 -0.084 -0.134 -0.047 0.07 0.111 0.081 0.073 0.161 0.28 0.417 0.49 0.558 0.573 0.601 0.599 0.632 0.661 0.67 0.664 0.665 0.68 0.688 0.719 0.773 0.819 0.833 0.782 0.426 0.17 0.166 0.246 0.367 0.487 0.548 0.629 0.648 0.547 0.211 -0.066 -0.001 0.086 0.228 0.406
0.097 -0.121 -0.322 -0.439 -0.532 -0.604 -0.622 -0.493 -0.338 -0.206 -0.06 0.147 0.329 0.371 0.324 0.204 0.054 0.013 -0.055 -0.009 0.05 0.044 0.024 0.017 0.049 0.035 0.076 0.147 0.172 0.161 0.053 0.017 0.056 0.055 0.046 0.216 0.294 0.223 0.219 0.397 0.411 0.519 0.638 0.652 0.595 0.613 0.644 0.603 0.551 0.617 0.628 0.587 0.563 0.523 0.521 0.616 0.67 0.627 0.489 0.227 0.087 0.218 0.29 0.374 0.34 0.378 0.53 0.51 0.459 0.102 -0.165 -0.025 0.111 0.237 0.343
0.325 0.041 -0.229 -0.401 -0.512 -0.594 -0.629 -0.56 -0.4 -0.267 -0.171 0.021 0.221 0.234 0.16 0.032 -0.089 -0.138 -0.17 -0.153 -0.103 -0.097 -0.115 -0.129 -0.112 -0.086 -0.029 0.043 0.086 0.065 0.028 0.127 0.248 0.247 0.21 0.277 0.338 0.302 0.337 0.479 0.563 0.601 0.614 0.58 0.506 0.543 0.537 0.475 0.43 0.46 0.494 0.499 0.387 0.324 0.372 0.441 0.498 0.453 0.219 0.041 0.056 0.126 0.172 0.222 0.196 0.238 0.379 0.414 0.318 0.003 -0.279 -0.179 -0.017 0.044 0.121
0.446 0.202 -0.127 -0.364 -0.496 -0.59 -0.647 -0.633 -0.514 -0.406 -0.286 -0.087 0.107 0.068 -0.01 -0.137 -0.187 -0.172 -0.195 -0.197 -0.186 -0.176 -0.189 -0.229 -0.249 -0.211 -0.15 -0.077 0.007 0.091 0.145 0.226 0.418 0.393 0.301 0.37 0.425 0.395 0.479 0.576 0.663 0.617 0.595 0.545 0.332 0.297 0.317 0.313 0.243 0.271 0.32 0.329 0.247 0.108 0.157 0.223 0.281 0.299 0.015 -0.153 -0.103 -0.038 -0.015 0.057 0.023 0.068 0.207 0.191 0.109 -0.185 -0.463 -0.314 -0.145 -0.16 -0.101
0.55 0.32 -0.014 -0.322 -0.482 -0.587 -0.655 -0.675 -0.607 -0.524 -0.364 -0.175 -0.097 -0.103 -0.17 -0.222 -0.152 -0.093 -0.075 -0.023 -0.002 0.013 -0.047 -0.148 -0.25 -0.217 -0.118 -0.014 0.128 0.259 0.277 0.319 0.459 0.419 0.347 0.384 0.47 0.477 0.479 0.519 0.548 0.521 0.557 0.542 0.394 0.189 0.061 0.086 0.069 0.148 0.135 0.091 0.049 -0.058 -0.115 -0.063 0.008 0.016 -0.114 -0.304 -0.341 -0.275 -0.2 -0.147 -0.183 -0.143 -0.076 -0.107 -0.202 -0.467 -0.595 -0.439 -0.355 -0.379 -0.337
0.553 0.327 0.014 -0.294 -0.467 -0.584 -0.663 -0.708 -0.689 -0.634 -0.454 -0.314 -0.296 -0.282 -0.317 -0.269 -0.126 -0.012 -0.002 0.089 0.118 0.164 0.085 -0.032 -0.189 -0.126 0.023 0.131 0.265 0.397 0.346 0.41 0.521 0.422 0.358 0.382 0.432 0.385 0.363 0.392 0.462 0.465 0.467 0.373 0.283 0.086 -0.169 -0.111 -0.045 -0.005 -0.06 -0.13 -0.206 -0.286 -0.392 -0.358 -0.317 -0.303 -0.308 -0.471 -0.564 -0.484 -0.409 -0.386 -0.462 -0.422 -0.377 -0.426 -0.494 -0.725 -0.765 -0.603 -0.601 -0.64 -0.6
