data/climatemaps/RS_maps/climate_breeding_pr_2012.asc
NCOLS 369 
NROWS 228 
XLLCORNER 479000 
YLLCORNER 73000 
CELLSIZE 1000 
NODATA_value -9 
[rows 136 to 169 of 228, columns 152 to 227 of 369]
0.734 0.582 0.284 -0.04 -0.314 -0.317 -0.247 -0.216 -0.196 -0.14 -0.092 -0.165 -0.273 -0.258 -0.2 -0.203 -0.176 -0.079 0.229 0.694 1.003 1.342 1.53 1.526 1.469 1.417 1.317 1.111 0.924 0.734 0.888 1.211 1.021 0.776 0.4 0.188 0.524 0.698 1.008 1.476 1.964 2.24 2.465 2.828 3.037 2.875 2.697 2.742 2.654 2.5 2.446 2.179 2.016 1.781 1.541 1.159 0.988 1.072 1.102 1.175 1.368 1.741 2.063 2.194 2.229 2.234 1.931 2.093 2.051 1.895 1.787 2.012 2.071 1.906 1.537 1.23
1.088 0.888 0.585 0.174 -0.255 -0.095 0.06 0.172 0.166 0.163 0.09 -0.123 -0.309 -0.373 -0.366 -0.329 -0.18 0.063 0.19 0.411 0.751 1.133 1.397 1.431 1.349 1.304 1.311 1.14 0.914 0.824 1.05 1.272 1.075 0.864 0.586 0.239 0.549 0.577 0.854 1.291 1.778 2.167 2.394 2.75 3.036 3.041 3.022 2.9 2.734 2.541 2.297 1.937 1.632 1.4 1.224 1.09 1.217 1.444 1.559 1.665 1.572 1.697 2.124 2.313 2.29 2.38 2.153 2.293 2.329 2.118 2.154 2.361 2.337 2.039 1.601 1.544
1.309 1.091 0.688 0.22 -0.168 -0.04 0.108 0.346 0.381 0.368 0.239 0.022 -0.158 -0.257 -0.274 -0.243 0.095 0.448 0.46 0.473 0.668 0.956 1.297 1.437 1.364 1.216 1.13 0.979 0.888 0.951 1.211 1.24 1.091 0.825 0.604 0.32 0.439 0.632 0.845 1.276 1.677 1.991 2.365 2.861 3.036 2.981 2.914 2.782 2.524 2.25 1.91 1.599 1.324 1.255 1.253 1.173 1.474 1.663 1.905 2.066 2.063 1.915 2.106 2.374 2.389 2.57 2.382 2.448 2.559 2.33 2.53 2.604 2.448 2.142 1.711 1.818
1.462 1.139 0.798 0.423 -0.11 -0.137 0.012 0.35 0.505 0.48 0.399 0.234 0.119 0.074 0.144 0.126 0.184 0.48 0.66 0.745 0.787 0.891 1.094 1.305 1.373 1.241 1.057 0.948 0.953 1.095 1.182 1.095 1.068 0.973 0.911 0.538 0.424 0.748 1.023 1.365 1.616 1.92 2.375 2.782 2.927 2.974 2.868 2.724 2.514 2.001 1.56 1.413 1.41 1.5 1.447 1.273 1.614 1.898 2.158 2.313 2.401 2.314 2.206 2.46 2.485 2.671 2.561 2.577 2.717 2.576 2.805 2.726 2.473 2.054 1.881 2.018
1.438 1.177 1.05 0.525 -0.031 -0.174 -0.005 0.359 0.601 0.611 0.563 0.491 0.469 0.497 0.664 0.471 0.19 0.389 0.485 0.683 0.968 1.041 0.998 1.033 1.225 1.271 1.126 1.104 1.102 1.078 1.202 1.155 1.194 1.19 1.103 0.877 0.554 0.716 1.01 1.389 1.585 1.84 2.335 2.669 2.741 2.84 2.728 2.568 2.318 1.791 1.526 1.63 1.697 1.721 1.506 1.472 1.654 1.953 2.247 2.423 2.487 2.452 2.376 2.473 2.561 2.736 2.649 2.689 2.794 2.778 2.821 2.673 2.493 2.094 2.159 2.207
1.48 1.446 1.114 0.593 0.069 -0.168 0.057 0.377 0.597 0.653 0.737 0.81 0.968 1.089 1.037 0.721 0.37 0.345 0.43 0.605 0.893 1.16 1.163 1.056 1.013 1.124 1.185 1.157 1.174 1.112 1.22 1.199 1.157 1.149 1.11 1.039 0.789 0.75 1.033 1.33 1.488 1.74 2.212 2.584 2.633 2.679 2.705 2.572 2.247 1.8 1.739 1.847 1.87 1.814 1.604 1.701 1.807 1.931 2.274 2.539 2.575 2.485 2.524 2.552 2.566 2.716 2.621 2.777 2.809 2.926 2.879 2.688 2.383 2.258 2.325 2.397
1.532 1.59 1.149 0.673 0.131 -0.128 0.126 0.315 0.504 0.726 0.948 1.323 1.552 1.28 1.112 0.931 0.719 0.692 0.693 0.609 0.827 1.047 1.223 1.192 1.028 0.948 0.977 0.947 1.003 0.968 1.02 1.113 1.164 1.219 1.183 1.13 0.954 0.84 1.08 1.222 1.269 1.57 2.023 2.42 2.58 2.772 2.941 2.826 2.433 1.939 1.918 1.98 1.956 1.86 1.692 1.784 1.906 1.985 2.201 2.427 2.546 2.444 2.507 2.352 2.347 2.496 2.55 2.659 2.74 2.903 2.917 2.72 2.347 2.336 2.426 2.492
1.593 1.464 1.105 0.661 0.07 -0.127 0.055 0.186 0.416 0.739 1.061 1.44 1.533 1.316 1.235 1.106 0.967 0.964 0.937 0.735 0.865 1.02 1.063 1.276 1.164 0.964 0.892 0.853 0.829 0.825 0.834 0.883 0.94 1.04 1.067 1.114 1.124 1.052 1.119 1.038 1.117 1.526 1.92 2.251 2.642 2.881 2.94 2.781 2.495 2.179 2.042 2.116 1.987 1.88 1.795 1.848 1.932 1.856 1.961 2.155 2.275 2.15 2.015 1.93 2.142 2.248 2.278 2.398 2.541 2.644 2.749 2.664 2.519 2.234 2.249 2.34
1.47 1.232 0.863 0.499 -0.075 0.007 0.145 0.265 0.527 0.868 1.189 1.545 1.598 1.505 1.475 1.382 1.283 1.258 1.195 0.984 0.987 1.15 1.068 1.16 1.164 1.014 1.055 1.044 0.959 0.987 1.043 1.051 1.01 1.011 1.151 1.349 1.415 1.26 1.126 0.896 1.146 1.534 1.965 2.239 2.627 2.749 2.741 2.712 2.642 2.45 2.157 2.222 1.989 2.025 1.926 1.792 1.756 1.701 1.8 1.828 1.717 1.561 1.554 1.734 1.771 1.828 1.865 2.151 2.39 2.605 2.621 2.729 2.568 2.168 2.051 2.109
1.158 0.944 0.673 0.28 -0.148 0.129 0.356 0.552 0.861 1.1 1.269 1.522 1.562 1.532 1.457 1.465 1.525 1.516 1.355 1.288 1.294 1.306 1.222 1.11 1.109 1.185 1.33 1.298 1.263 1.26 1.237 1.178 1.173 1.277 1.445 1.567 1.49 1.277 1.036 0.741 0.981 1.431 1.815 2.191 2.543 2.654 2.723 2.827 2.776 2.528 2.231 2.291 2.123 2.164 2.041 1.693 1.581 1.549 1.482 1.347 1.164 1.011 1.249 1.411 1.366 1.404 1.555 1.757 1.974 2.211 2.44 2.657 2.519 2.181 1.932 1.924
0.844 0.669 0.4 0.152 -0.165 0.036 0.334 0.689 1.049 1.287 1.337 1.382 1.451 1.541 1.398 1.322 1.397 1.479 1.296 1.313 1.447 1.537 1.365 1.288 1.274 1.45 1.47 1.397 1.342 1.289 1.249 1.249 1.354 1.485 1.533 1.532 1.414 1.122 0.763 0.572 0.795 1.208 1.597 2.015 2.226 2.559 2.731 2.883 2.755 2.591 2.391 2.29 2.154 1.984 1.935 1.639 1.278 1.122 0.98 0.838 0.68 0.777 0.999 1.042 1.008 1.161 1.358 1.569 1.742 1.973 2.202 2.366 2.32 2.201 1.989 1.849
0.634 0.526 0.396 0.218 -0.095 0.001 0.279 0.604 0.971 1.254 1.314 1.291 1.309 1.374 1.298 1.214 1.247 1.371 1.28 1.235 1.382 1.571 1.515 1.498 1.489 1.566 1.502 1.458 1.451 1.458 1.476 1.471 1.482 1.466 1.429 1.345 1.167 0.827 0.573 0.542 0.67 0.94 1.345 1.703 1.974 2.354 2.498 2.661 2.723 2.518 2.263 2.017 1.827 1.636 1.532 1.32 1.062 0.881 0.736 0.605 0.503 0.559 0.664 0.676 0.67 0.839 0.997 1.211 1.448 1.754 1.974 2.126 2.17 2.134 2.069 1.969
0.749 0.761 0.561 0.267 -0.015 0.107 0.331 0.535 0.762 1.163 1.367 1.304 1.198 1.153 1.12 1.093 1.128 1.239 1.233 1.198 1.267 1.392 1.502 1.569 1.523 1.614 1.637 1.635 1.622 1.55 1.607 1.519 1.451 1.291 1.185 1.06 0.768 0.54 0.526 0.721 0.798 0.916 1.108 1.329 1.867 2.13 2.209 2.552 2.627 2.331 2.032 1.717 1.458 1.209 1.089 1.072 1.068 1.03 0.911 0.763 0.541 0.434 0.406 0.367 0.386 0.486 0.603 0.793 1.038 1.408 1.617 1.778 1.868 1.888 1.948 1.961
0.975 0.843 0.529 0.264 0.148 0.307 0.506 0.71 0.932 1.23 1.346 1.342 1.225 1.078 0.991 0.958 0.99 1.041 1.14 1.186 1.229 1.302 1.388 1.47 1.486 1.623 1.735 1.724 1.71 1.568 1.454 1.435 1.262 1.082 0.847 0.645 0.504 0.508 0.687 0.875 0.988 1.111 1.298 1.531 1.712 1.958 2.222 2.368 2.32 2.061 1.698 1.366 1.201 1.165 1.276 1.379 1.547 1.55 1.446 1.222 0.957 0.769 0.656 0.559 0.486 0.479 0.499 0.576 0.751 1.037 1.141 1.234 1.33 1.397 1.524 1.63
0.971 0.762 0.55 0.43 0.435 0.573 0.752 1.004 1.201 1.293 1.269 1.264 1.189 1.049 0.923 0.834 0.847 0.971 1.147 1.204 1.253 1.31 1.323 1.334 1.451 1.638 1.765 1.759 1.817 1.633 1.296 1.243 1.034 0.694 0.482 0.408 0.438 0.589 0.819 1.03 1.201 1.364 1.463 1.767 1.831 2.02 2.225 2.144 2.019 1.75 1.437 1.337 1.439 1.518 1.779 1.887 2.099 2.058 1.948 1.719 1.49 1.277 1.145 1.065 0.958 0.927 0.85 0.699 0.667 0.758 0.712 0.722 0.775 0.864 1.03 1.189
0.965 0.819 0.687 0.642 0.693 0.843 0.999 1.102 1.195 1.252 1.242 1.201 1.135 1.037 0.921 0.799 0.767 0.883 1.057 1.235 1.347 1.393 1.316 1.282 1.48 1.525 1.622 1.641 1.624 1.574 1.274 0.897 0.643 0.435 0.394 0.502 0.677 0.8 0.883 1.032 1.25 1.488 1.681 1.895 2.043 2.154 2.131 1.948 1.743 1.583 1.556 1.723 1.911 2.022 2.245 2.45 2.541 2.436 2.268 2.095 1.941 1.752 1.612 1.568 1.521 1.563 1.484 1.174 0.861 0.684 0.537 0.438 0.373 0.419 0.565 0.752
1.102 0.98 0.896 0.896 0.961 1.018 1.028 1.112 1.165 1.188 1.201 1.191 1.167 1.128 1.014 0.819 0.721 0.748 0.901 1.163 1.297 1.316 1.207 1.175 1.411 1.398 1.425 1.528 1.41 1.312 1.023 0.622 0.409 0.362 0.498 0.751 0.978 1.144 1.21 1.134 1.275 1.52 1.742 1.94 2.07 2.141 2.049 1.823 1.744 1.847 1.937 2.117 2.343 2.453 2.681 2.857 2.877 2.728 2.543 2.244 2.083 2.041 2.002 1.973 1.997 2.086 1.962 1.715 1.384 0.956 0.712 0.52 0.293 0.184 0.222 0.386
1.26 1.171 1.216 1.076 0.989 1.015 0.928 1.052 1.154 1.136 1.148 1.248 1.34 1.398 1.207 0.92 0.738 0.668 0.807 1.063 1.125 1.15 1.001 1.029 1.319 1.259 1.174 1.29 1.182 0.937 0.633 0.38 0.353 0.49 0.711 0.991 1.276 1.488 1.534 1.422 1.351 1.6 1.8 1.935 2.053 2.154 2.086 2.007 2.121 2.33 2.421 2.515 2.721 2.845 3.043 3.171 3.213 3.091 2.9 2.533 2.176 2.012 2.049 2.066 2.181 2.305 2.313 2.232 1.983 1.589 1.2 0.839 0.57 0.316 0.158 0.189
1.112 1.02 1.04 0.857 0.81 0.866 0.854 0.902 1.031 1.162 1.254 1.421 1.35 1.26 1.244 1.088 0.846 0.717 0.769 0.999 1.006 0.871 0.784 0.951 1.108 1.115 1.059 0.931 0.821 0.551 0.372 0.329 0.481 0.736 0.893 1.182 1.528 1.698 1.755 1.758 1.647 1.807 1.92 2.06 2.198 2.319 2.367 2.434 2.589 2.763 2.822 2.848 2.972 3.176 3.275 3.341 3.352 3.26 3.176 2.795 2.386 1.98 1.757 1.904 2.059 2.228 2.549 2.704 2.537 2.226 1.755 1.315 1.108 0.74 0.387 0.116
0.942 0.764 0.889 0.702 0.659 0.718 0.72 0.836 1.079 1.072 1.182 1.37 1.232 1.074 1.128 1.171 0.924 0.747 0.743 0.972 0.951 0.702 0.57 0.796 0.866 0.864 0.816 0.607 0.446 0.313 0.328 0.447 0.661 0.959 1.136 1.352 1.741 1.925 2.029 2.087 1.956 2.036 2.094 2.194 2.312 2.416 2.547 2.759 2.957 3.085 3.023 2.931 3.014 3.24 3.388 3.445 3.322 3.096 3.073 2.853 2.521 2.09 1.592 1.601 1.898 2.203 2.644 2.877 2.81 2.559 2.091 1.726 1.559 1.118 0.678 0.261
0.81 0.606 0.637 0.514 0.461 0.575 0.729 0.972 1.083 0.953 0.96 1.104 1.171 1.033 0.975 1.011 0.939 0.742 0.731 0.88 0.849 0.621 0.356 0.494 0.597 0.562 0.454 0.286 0.213 0.296 0.528 0.756 0.829 1.169 1.428 1.609 1.951 2.155 2.252 2.3 2.104 2.171 2.276 2.242 2.249 2.294 2.53 2.97 3.204 3.29 3.145 2.851 2.872 3.123 3.4 3.357 3.144 2.787 2.713 2.703 2.368 1.984 1.387 1.32 1.827 2.224 2.695 2.866 2.899 2.71 2.342 2.148 2.129 1.553 1.076 0.478
0.606 0.398 0.397 0.329 0.4 0.604 0.812 0.989 1.068 0.9 0.816 0.963 1.146 1.042 0.959 0.859 0.796 0.677 0.688 0.797 0.769 0.517 0.129 0.163 0.29 0.248 0.109 0.07 0.188 0.458 0.773 1.064 1.071 1.296 1.636 1.893 2.158 2.333 2.423 2.438 2.248 2.173 2.226 2.156 2.111 2.185 2.465 2.912 3.18 3.284 3.136 2.77 2.77 3 3.177 3.122 2.959 2.515 2.408 2.412 2.082 1.617 1.124 1.127 1.617 2.116 2.687 3.081 3.201 3.089 2.999 2.869 2.622 2.057 1.473 0.828
0.331 0.283 0.368 0.463 0.602 0.773 0.819 0.853 0.963 0.838 0.81 0.967 1.046 0.975 0.917 0.781 0.605 0.585 0.667 0.789 0.698 0.407 -0.045 -0.124 -0.028 -0.083 -0.119 0.058 0.347 0.692 0.991 1.301 1.356 1.365 1.748 2.151 2.33 2.506 2.479 2.445 2.392 2.17 2.005 1.911 1.903 2.074 2.375 2.847 3.094 3.288 3.134 2.723 2.478 2.707 2.862 2.773 2.608 2.11 1.956 2.061 1.843 1.357 0.866 0.967 1.472 2.009 2.544 3.053 3.41 3.403 3.369 3.196 2.864 2.242 1.623 1.021
0.319 0.405 0.577 0.735 0.849 0.913 0.872 0.85 0.896 0.8 0.777 0.864 0.86 0.751 0.682 0.56 0.437 0.496 0.638 0.71 0.555 0.252 -0.178 -0.316 -0.285 -0.282 -0.133 0.19 0.528 0.867 1.172 1.47 1.622 1.652 1.893 2.237 2.371 2.494 2.499 2.601 2.632 2.36 1.995 1.753 1.736 2.004 2.361 2.867 3.245 3.445 3.216 2.507 2.099 2.255 2.435 2.57 2.496 2.045 1.558 1.512 1.344 0.975 0.733 1.028 1.481 1.916 2.26 2.694 3.174 3.345 3.226 3.013 2.661 2.109 1.492 1.004
0.543 0.687 0.837 0.949 1.021 1.06 1.102 1.01 0.927 0.887 0.724 0.61 0.593 0.465 0.402 0.275 0.273 0.429 0.552 0.503 0.355 0.057 -0.317 -0.441 -0.449 -0.296 -0.015 0.343 0.68 0.967 1.216 1.56 1.87 1.951 2.065 2.181 2.254 2.348 2.49 2.749 2.782 2.496 2.299 1.759 1.737 1.946 2.27 2.849 3.373 3.623 3.231 2.345 1.661 1.623 1.974 2.32 2.239 1.938 1.417 1.123 0.873 0.636 0.618 1.024 1.461 1.724 1.994 2.434 3.002 3.276 3.119 2.865 2.49 2.007 1.563 1.248
0.729 0.858 0.946 0.961 0.968 1.04 1.095 1.107 1.036 0.95 0.753 0.48 0.311 0.174 0.112 0.093 0.157 0.279 0.32 0.249 0.083 -0.197 -0.448 -0.507 -0.44 -0.225 0.073 0.38 0.652 0.921 1.247 1.572 1.81 1.93 2.063 2.168 2.268 2.363 2.593 2.816 2.826 2.692 2.46 1.901 1.633 1.925 2.235 2.721 3.135 3.293 3.026 2.414 1.647 1.254 1.528 1.818 2.015 1.895 1.578 1.44 1.123 0.712 0.551 0.822 1.154 1.427 1.866 2.466 2.932 3.132 3.123 2.9 2.509 2.139 1.952 1.646
0.853 0.887 0.867 0.847 0.861 0.882 0.901 1.029 0.954 0.818 0.659 0.345 0.029 -0.1 -0.064 0.014 0.036 0.057 0.044 -0.05 -0.235 -0.434 -0.539 -0.494 -0.344 -0.169 0.064 0.321 0.603 0.911 1.183 1.403 1.557 1.662 1.847 2.009 2.21 2.379 2.578 2.734 2.851 2.869 2.598 2.045 1.589 1.835 2.149 2.585 2.975 3.129 3.067 2.652 1.777 1.044 1.107 1.455 1.773 1.802 1.782 1.746 1.426 0.965 0.568 0.589 0.879 1.158 1.824 2.481 2.883 2.857 2.851 2.719 2.356 2.136 2.141 1.843
0.832 0.855 0.766 0.663 0.787 0.779 0.684 0.89 0.706 0.551 0.435 0.123 -0.23 -0.207 -0.116 -0.109 -0.155 -0.179 -0.275 -0.354 -0.491 -0.574 -0.546 -0.436 -0.347 -0.102 0.105 0.369 0.639 0.789 0.993 1.171 1.268 1.464 1.605 1.839 2.181 2.35 2.456 2.535 2.698 2.788 2.67 2.173 1.571 1.704 2.046 2.542 2.861 3.068 3.155 2.703 1.882 0.965 0.843 1.166 1.47 1.655 1.777 1.779 1.537 1.13 0.623 0.533 0.868 1.198 1.84 2.506 2.901 2.806 2.659 2.424 1.997 1.756 1.914 1.968
0.568 0.65 0.586 0.528 0.634 0.656 0.503 0.629 0.49 0.325 0.173 -0.095 -0.341 -0.292 -0.316 -0.362 -0.451 -0.531 -0.579 -0.604 -0.597 -0.544 -0.46 -0.421 -0.274 -0.068 0.077 0.191 0.341 0.547 0.728 0.886 1.078 1.284 1.468 1.693 1.915 2.141 2.306 2.441 2.675 2.704 2.54 2.202 1.666 1.609 1.989 2.479 2.878 3.055 3.048 2.681 1.88 0.993 0.651 0.719 0.961 1.235 1.435 1.576 1.355 0.992 0.587 0.65 1.082 1.502 1.885 2.493 2.904 2.942 2.837 2.486 1.924 1.353 1.588 1.952
0.303 0.448 0.251 0.252 0.477 0.546 0.252 0.411 0.279 0.095 -0.111 -0.37 -0.498 -0.405 -0.57 -0.688 -0.751 -0.797 -0.739 -0.64 -0.522 -0.326 -0.128 -0.221 -0.2 -0.041 -0.088 -0.053 0.07 0.315 0.611 0.882 1.138 1.299 1.387 1.476 1.639 1.941 2.233 2.384 2.684 2.759 2.572 2.275 1.708 1.517 1.928 2.436 2.826 2.943 2.793 2.505 1.798 1.097 0.752 0.54 0.568 0.781 1.081 1.179 0.926 0.694 0.557 0.831 1.317 1.726 2.091 2.496 2.692 2.681 2.624 2.338 1.694 1.179 1.422 1.8
0.131 0.2 -0.03 0.092 0.314 0.362 0.12 0.119 0.104 -0.143 -0.434 -0.593 -0.571 -0.593 -0.782 -0.903 -0.888 -0.76 -0.58 -0.396 -0.222 0.089 0.275 0.218 -0.014 -0.121 -0.071 0.089 0.217 0.425 0.775 1.05 1.216 1.257 1.295 1.264 1.486 1.78 2.122 2.339 2.485 2.618 2.559 2.273 1.704 1.487 1.961 2.456 2.78 2.829 2.533 2.101 1.697 1.502 1.328 0.93 0.547 0.473 0.696 0.634 0.498 0.477 0.614 1.037 1.525 1.885 2.342 2.633 2.553 2.249 2.063 1.875 1.321 1.1 1.408 1.604
-0.05 0.008 -0.316 -0.209 0.019 0.172 -0.056 -0.15 -0.036 -0.308 -0.661 -0.757 -0.685 -0.802 -0.963 -1.018 -0.863 -0.601 -0.295 0.02 0.18 0.516 0.698 0.614 0.331 0.046 0.161 0.348 0.465 0.601 0.894 1.116 1.234 1.146 1.132 1.118 1.37 1.655 1.974 2.125 2.138 2.207 2.127 1.891 1.483 1.442 1.973 2.491 2.785 2.84 2.621 2.27 2.031 1.961 1.74 1.369 0.966 0.572 0.402 0.32 0.413 0.57 0.807 1.114 1.54 1.977 2.289 2.578 2.569 2.424 2.183 1.741 1.257 0.921 1.005 1.182
-0.362 -0.321 -0.545 -0.495 -0.249 -0.092 -0.211 -0.356 -0.248 -0.424 -0.767 -0.894 -0.931 -1.024 -1.063 -0.97 -0.747 -0.441 -0.048 0.394 0.655 0.862 0.886 0.789 0.587 0.288 0.363 0.564 0.723 0.924 1.089 1.163 1.221 1.098 0.955 1.049 1.255 1.513 1.777 1.781 1.652 1.608 1.442 1.264 1.178 1.44 1.943 2.464 2.79 2.935 2.872 2.632 2.362 2.151 1.978 1.731 1.376 0.919 0.363 0.235 0.49 0.769 0.935 1.313 1.576 1.971 2.01 2.425 2.715 2.692 2.394 2.046 1.522 0.857 0.729 0.951
-0.691 -0.621 -0.795 -0.726 -0.483 -0.389 -0.422 -0.591 -0.489 -0.612 -0.912 -1.032 -1.098 -1.14 -1.07 -0.893 -0.643 -0.259 0.172 0.673 0.931 1.063 1.062 1.03 0.862 0.619 0.612 0.807 1.039 1.29 1.312 1.191 1.132 0.99 0.878 1.017 1.192 1.397 1.624 1.584 1.363 1.089 0.889 0.909 1.134 1.605 2.091 2.504 2.666 2.697 2.624 2.386 2.161 1.922 1.856 1.804 1.489 0.973 0.387 0.305 0.544 0.813 1.102 1.41 1.724 1.878 1.861 2.169 2.398 2.511 2.49 2.241 1.576 0.915 0.783 1.146
