data/climatemaps/RS_maps/climate_breeding_pr_2001.asc
NCOLS 369 
NROWS 228 
XLLCORNER 479000 
YLLCORNER 73000 
CELLSIZE 1000 
NODATA_value -9 
[rows 68 to 101 of 228, columns 234 to 311 of 369]
0.841 0.85 0.86 0.905 0.955 1.023 1.117 1.266 1.505 1.742 1.966 2.127 2.242 2.162 1.899 1.536 1.405 1.102 0.834 0.679 0.645 0.722 0.942 1.249 1.398 1.516 1.806 1.981 1.991 1.791 1.659 1.946 1.995 1.842 1.8 1.649 1.244 0.837 0.467 0.163 -0.002 -0.104 -0.172 -0.22 -0.234 -0.245 -0.254 -0.272 -0.234 -0.126 -0.052 -0.045 -0.035 -0.027 -0.02 -0.003 0.057 -9 -9 -9 -9 -9 -9 -9 -9 -9 -9 -9 -9 -9 -9 -9 -9 -9 -9 -9 -9 -9
0.783 0.778 0.763 0.769 0.805 0.862 0.938 1.05 1.237 1.488 1.712 1.956 2.21 2.282 2.068 1.664 1.564 1.322 1.009 0.76 0.651 0.698 0.929 1.214 1.411 1.646 1.927 1.947 1.755 1.476 1.53 1.66 1.587 1.594 1.565 1.303 0.986 0.64 0.319 0.085 -0.049 -0.14 -0.206 -0.253 -0.271 -0.297 -0.315 -0.281 -0.17 0.032 0.117 0.068 0.024 -0.009 -0.024 -0.022 0 -9 -9 -9 -9 -9 -9 -9 -9 -9 -9 -9 -9 -9 -9 -9 -9 -9 -9 -9 -9 -9
0.757 0.749 0.725 0.71 0.718 0.744 0.792 0.87 1.017 1.259 1.549 1.785 2.112 2.264 2.11 1.851 1.826 1.559 1.269 1.041 0.842 0.761 0.917 1.166 1.504 1.573 1.649 1.668 1.493 1.354 1.39 1.337 1.315 1.304 1.2 1.07 0.805 0.482 0.191 0.016 -0.093 -0.174 -0.24 -0.293 -0.331 -0.348 -0.323 -0.213 0.017 0.255 0.268 0.174 0.168 0.108 0.053 0.017 0.008 -9 -9 -9 -9 -9 -9 -9 -9 -9 -9 -9 -9 -9 -9 -9 -9 -9 -9 -9 -9 -9
0.779 0.745 0.713 0.691 0.687 0.696 0.72 0.753 0.848 1.097 1.434 1.678 1.946 2.236 2.187 2.144 2.036 1.715 1.585 1.359 1.087 0.908 0.91 1.216 1.416 1.483 1.478 1.413 1.265 1.192 1.159 1.115 1.053 1.013 0.947 0.824 0.613 0.343 0.102 -0.036 -0.129 -0.205 -0.271 -0.33 -0.368 -0.368 -0.291 -0.065 0.251 0.444 0.343 0.309 0.382 0.324 0.223 0.138 -9 -9 -9 -9 -9 -9 -9 -9 -9 -9 -9 -9 -9 -9 -9 -9 -9 -9 -9 -9 -9 -9
0.787 0.742 0.72 0.7 0.69 0.696 0.726 0.703 0.761 0.931 1.277 1.626 1.817 2.166 2.33 2.387 2.195 1.932 1.653 1.41 1.298 1.168 1.059 1.225 1.312 1.328 1.235 1.224 1.189 1.172 1.144 1.132 1.082 1.003 0.886 0.723 0.506 0.272 0.061 -0.064 -0.154 -0.229 -0.298 -0.358 -0.39 -0.365 -0.193 0.111 0.486 0.562 0.448 0.477 0.625 0.57 0.41 0.297 -9 -9 -9 -9 -9 -9 -9 -9 -9 -9 -9 -9 -9 -9 -9 -9 -9 -9 -9 -9 -9 -9
0.814 0.778 0.756 0.734 0.718 0.739 0.757 0.685 0.701 0.805 1.126 1.52 1.904 2.126 2.47 2.412 2.198 2.009 1.843 1.733 1.764 1.6 1.499 1.301 1.265 1.284 1.364 1.431 1.404 1.372 1.333 1.337 1.275 1.174 1.027 0.815 0.555 0.3 0.075 -0.066 -0.165 -0.247 -0.319 -0.378 -0.397 -0.328 -0.069 0.293 0.672 0.706 0.567 0.736 0.912 0.836 0.666 0.572 -9 -9 -9 -9 -9 -9 -9 -9 -9 -9 -9 -9 -9 -9 -9 -9 -9 -9 -9 -9 -9 -9
0.858 0.837 0.814 0.788 0.764 0.769 0.746 0.686 0.679 0.747 1.02 1.438 1.942 2.174 2.369 2.428 2.327 2.17 2.153 2.071 2.05 2.012 1.867 1.686 1.654 1.669 1.743 1.702 1.661 1.663 1.62 1.611 1.493 1.313 1.137 0.902 0.659 0.421 0.163 -0.026 -0.153 -0.252 -0.329 -0.389 -0.389 -0.284 0.028 0.502 0.842 0.835 0.697 1.009 1.162 0.981 0.924 0.911 0.684 0.495 0.581 0.615 -9 -9 -9 -9 -9 -9 -9 -9 -9 -9 -9 -9 -9 -9 -9 -9 -9 -9
0.967 0.952 0.923 0.876 0.836 0.797 0.756 0.709 0.686 0.733 1.042 1.534 1.914 1.981 2.131 2.393 2.358 2.244 2.273 2.315 2.275 2.187 2.053 2.078 2.136 2.052 1.989 1.928 1.923 1.959 1.888 1.827 1.645 1.387 1.213 1.086 0.932 0.644 0.335 0.124 -0.092 -0.24 -0.33 -0.39 -0.364 -0.223 0.134 0.605 0.767 0.746 0.885 1.125 1.315 1.161 1.128 1.068 0.899 0.638 0.754 0.926 1.051 0.977 0.799 0.635 -9 -9 -9 -9 -9 -9 -9 -9 -9 -9 -9 -9 -9 -9
1.264 1.269 1.179 1.058 0.981 0.894 0.821 0.757 0.716 0.758 1.127 1.613 1.742 1.686 1.97 2.027 2.001 2.029 2.156 2.2 2.296 2.264 2.29 2.364 2.355 2.243 2.145 2.062 2.08 2.042 1.937 1.804 1.607 1.378 1.385 1.432 1.168 0.909 0.635 0.319 -0.001 -0.21 -0.319 -0.383 -0.354 -0.196 0.164 0.598 0.728 0.753 1.111 1.303 1.436 1.318 1.23 1.195 1.02 0.731 0.829 1.061 1.223 1.138 0.997 0.822 0.589 0.412 0.266 -9 -9 -9 -9 -9 -9 -9 -9 -9 -9 -9
1.539 1.578 1.589 1.451 1.363 1.204 0.969 0.83 0.76 0.792 1.151 1.404 1.36 1.348 1.626 1.586 1.627 1.785 1.903 1.976 2.164 2.279 2.346 2.308 2.185 2.044 1.875 1.728 1.762 1.798 1.759 1.682 1.589 1.471 1.583 1.634 1.461 1.208 0.878 0.464 0.111 -0.145 -0.299 -0.371 -0.359 -0.168 0.239 0.612 0.723 0.778 1.074 1.302 1.426 1.349 1.338 1.239 0.986 0.84 0.986 1.191 1.283 1.248 1.124 0.925 0.699 0.625 0.465 0.344 0.238 0.152 0.175 -9 -9 -9 -9 -9 -9 -9
1.606 1.785 1.877 1.837 1.772 1.601 1.285 0.968 0.817 0.807 0.98 1.123 1.029 1.013 1.176 1.178 1.249 1.407 1.502 1.608 1.755 1.83 1.834 1.784 1.636 1.506 1.311 1.127 1.101 1.204 1.298 1.339 1.511 1.591 1.68 1.679 1.601 1.373 0.982 0.628 0.261 -0.079 -0.272 -0.355 -0.36 -0.194 0.174 0.5 0.599 0.871 1.151 1.21 1.391 1.438 1.361 1.067 0.964 1.025 1.15 1.342 1.312 1.308 1.248 0.993 0.857 1.036 0.883 0.839 0.648 0.267 0.214 0.419 0.646 0.781 -9 -9 -9 -9
1.583 1.781 2.012 2.075 2.047 1.978 1.706 1.265 0.935 0.792 0.808 0.833 0.815 0.837 0.881 0.931 0.96 0.991 1.021 1.067 1.103 1.096 1.092 1.067 0.997 0.918 0.788 0.668 0.609 0.63 0.746 0.93 1.244 1.257 1.414 1.638 1.515 1.305 1.199 0.819 0.364 -0.031 -0.241 -0.338 -0.357 -0.254 0.052 0.366 0.561 0.933 1.218 1.239 1.394 1.471 1.254 0.992 1.137 1.167 1.332 1.403 1.284 1.172 1.091 0.986 1.175 1.489 1.414 1.364 1.156 0.607 0.284 0.285 0.527 0.771 1.033 1.253 1.396 1.361
1.647 1.787 2.104 2.258 2.25 2.113 1.84 1.506 1.1 0.829 0.764 0.749 0.783 0.877 0.989 1.016 0.961 0.893 0.827 0.782 0.757 0.74 0.72 0.688 0.636 0.572 0.493 0.42 0.364 0.326 0.33 0.492 0.83 0.904 1.064 1.334 1.456 1.402 1.352 0.909 0.419 0.049 -0.204 -0.321 -0.354 -0.296 -0.051 0.255 0.537 0.851 1.083 1.247 1.469 1.457 1.181 1.038 1.289 1.305 1.4 1.421 1.326 1.076 1.022 1.32 1.37 1.87 1.938 1.859 1.484 0.808 0.401 0.293 0.496 0.708 0.976 1.199 1.273 1.19
1.807 1.854 2.214 2.376 2.357 2.237 2.024 1.711 1.277 0.892 0.777 0.793 0.939 1.133 1.275 1.302 1.237 1.074 0.914 0.789 0.705 0.64 0.591 0.548 0.5 0.466 0.388 0.33 0.299 0.19 0.135 0.145 0.419 0.628 0.849 1.056 1.355 1.44 1.284 0.91 0.465 0.108 -0.157 -0.307 -0.349 -0.303 -0.094 0.225 0.574 0.759 1.036 1.212 1.483 1.428 1.132 1.115 1.325 1.403 1.471 1.522 1.369 1.104 1.284 1.619 1.74 2.059 2.363 2.081 1.512 0.971 0.532 0.366 0.462 0.616 0.773 0.866 0.852 0.754
1.869 1.935 2.225 2.476 2.453 2.267 2.041 1.783 1.474 0.989 0.796 0.887 1.176 1.478 1.616 1.644 1.587 1.372 1.235 1.028 0.918 0.736 0.731 0.647 0.566 0.549 0.559 0.532 0.43 0.265 0.097 0.04 0.123 0.421 0.702 0.875 1.078 1.297 1.186 0.873 0.439 0.094 -0.138 -0.299 -0.343 -0.303 -0.09 0.27 0.669 0.788 1.127 1.263 1.451 1.438 1.13 1.199 1.374 1.553 1.585 1.57 1.423 1.27 1.666 1.981 2.134 2.397 2.483 2.128 1.704 1.157 0.697 0.439 0.369 0.401 0.48 0.502 0.474 0.507
1.807 2.101 2.345 2.51 2.501 2.279 1.933 1.688 1.429 1.021 0.807 0.888 1.247 1.686 1.966 1.944 2.031 1.745 1.713 1.433 1.239 0.914 1.073 0.99 0.849 0.785 0.892 0.783 0.613 0.383 0.144 0.031 0.012 0.133 0.378 0.671 0.809 0.984 0.942 0.699 0.351 0.038 -0.174 -0.303 -0.338 -0.276 -0.019 0.334 0.74 0.876 1.16 1.436 1.57 1.529 1.209 1.314 1.514 1.632 1.662 1.86 1.85 1.519 1.949 2.338 2.397 2.496 2.41 2.251 1.886 1.414 1.003 0.649 0.459 0.337 0.29 0.266 0.349 0.543
1.817 2.267 2.496 2.567 2.409 2.13 1.851 1.655 1.503 1.009 0.815 0.869 1.256 1.671 2.123 2.104 2.529 2.203 2.171 1.888 1.396 1.246 1.42 1.392 1.232 1.165 1.11 0.968 0.776 0.507 0.279 0.114 0.025 0.003 0.09 0.352 0.548 0.751 0.699 0.498 0.203 -0.059 -0.229 -0.317 -0.332 -0.204 0.099 0.479 0.847 0.972 1.152 1.538 1.705 1.573 1.396 1.46 1.582 1.779 1.863 2.153 1.967 1.803 2.113 2.494 2.435 2.412 2.386 2.345 2.109 1.868 1.473 1.007 0.717 0.455 0.286 0.199 0.271 0.494
1.911 2.249 2.637 2.659 2.37 2.242 2.098 1.944 1.717 0.994 0.848 1.029 1.385 1.73 2.187 2.331 2.89 2.58 2.49 2.206 1.636 1.717 1.75 1.74 1.613 1.496 1.326 1.1 0.814 0.603 0.474 0.304 0.162 0.036 -0.029 0.02 0.26 0.525 0.535 0.329 0.037 -0.165 -0.281 -0.34 -0.316 -0.033 0.265 0.476 0.874 1.135 1.229 1.558 1.703 1.626 1.752 1.723 1.777 2.068 2.219 2.33 2.215 2.305 2.251 2.58 2.59 2.544 2.603 2.726 2.543 2.308 1.854 1.331 1.059 0.75 0.492 0.313 0.194 0.343
2.169 2.455 2.718 2.537 2.587 2.625 2.513 2.383 1.725 0.96 0.903 1.197 1.564 1.989 2.303 2.511 3.05 2.836 2.558 2.306 1.873 2.08 2.15 2.053 1.924 1.744 1.454 1.09 0.82 0.816 0.739 0.549 0.357 0.178 0.001 -0.09 -0.025 0.152 0.258 0.085 -0.145 -0.26 -0.33 -0.368 -0.32 0.043 0.373 0.558 0.797 1.198 1.405 1.769 1.851 1.825 1.998 1.949 2.086 2.301 2.437 2.585 2.581 2.738 2.528 2.683 2.761 2.778 2.708 2.922 2.811 2.486 2.007 1.705 1.51 1.115 0.876 0.67 0.282 0.279
2.427 2.69 2.652 2.626 2.864 2.842 2.671 2.384 1.503 0.932 0.941 1.176 1.562 2.018 2.384 2.69 2.927 2.893 2.919 2.705 2.144 2.349 2.473 2.316 2.096 1.817 1.446 1.059 1.012 1.079 0.962 0.778 0.567 0.344 0.138 -0.047 -0.136 -0.132 -0.079 -0.172 -0.272 -0.319 -0.34 -0.363 -0.347 -0.062 0.266 0.63 0.927 1.23 1.51 1.658 1.912 2.009 2.012 1.872 1.902 2.1 2.366 2.617 2.678 2.665 2.584 2.724 2.889 2.856 2.836 3.031 2.961 2.55 2.178 2.173 1.986 1.498 1.305 1.1 0.492 0.251
2.627 2.843 2.694 2.841 2.917 2.739 2.389 1.838 1.251 0.918 0.859 1.102 1.482 1.98 2.472 2.77 2.881 3.115 3.177 2.837 2.448 2.631 2.71 2.515 2.302 1.923 1.47 1.236 1.308 1.259 1.101 0.934 0.741 0.506 0.302 0.099 -0.075 -0.186 -0.22 -0.272 -0.323 -0.363 -0.335 -0.286 -0.363 -0.25 0.101 0.554 0.861 1.05 1.309 1.522 1.665 1.786 1.79 1.638 1.654 1.797 2 2.289 2.445 2.496 2.576 2.714 2.789 2.848 2.951 2.985 2.935 2.648 2.488 2.565 2.255 1.807 1.73 1.407 0.748 0.262
2.806 2.804 2.693 2.727 2.567 2.272 1.776 1.402 1.132 0.925 0.786 0.863 1.3 1.9 2.361 2.761 2.97 3.118 3.126 2.938 2.89 2.923 2.914 2.78 2.623 2.228 1.687 1.511 1.591 1.377 1.162 1.04 0.9 0.662 0.41 0.197 0.049 -0.122 -0.214 -0.276 -0.33 -0.381 -0.417 -0.38 -0.323 -0.343 -0.182 0.134 0.487 0.948 1.145 1.354 1.491 1.516 1.41 1.406 1.475 1.577 1.769 1.963 2.164 2.316 2.421 2.435 2.45 2.679 3.007 3.011 2.878 2.795 2.787 2.842 2.53 2.174 2.132 1.722 1.132 0.457
2.507 2.464 2.495 2.415 2.009 1.756 1.627 1.534 1.29 1.057 0.794 0.699 0.957 1.554 2.081 2.656 2.963 3.009 3.216 3.193 3.085 3.025 3.097 3.037 2.878 2.479 1.93 1.809 1.792 1.465 1.333 1.207 1.012 0.744 0.408 0.37 0.276 0.016 -0.131 -0.226 -0.297 -0.365 -0.428 -0.475 -0.475 -0.418 -0.344 -0.087 0.256 0.721 1.053 1.345 1.54 1.536 1.264 1.162 1.258 1.406 1.663 1.874 1.94 2.037 2.124 2.007 2.066 2.4 2.726 2.989 2.986 3.077 3.161 2.949 2.757 2.49 2.344 1.919 1.279 0.623
2.059 1.99 1.983 1.943 1.833 1.836 1.947 1.918 1.893 1.465 0.901 0.665 0.765 1.314 1.885 2.409 2.836 2.908 3.085 3.111 2.897 2.92 3.12 3.133 2.971 2.575 2.25 2.107 1.936 1.661 1.521 1.315 1.046 0.652 0.418 0.57 0.512 0.232 0.064 -0.074 -0.187 -0.306 -0.406 -0.482 -0.526 -0.516 -0.467 -0.274 0 0.464 0.895 1.319 1.493 1.458 1.152 0.952 1.149 1.346 1.591 1.659 1.581 1.663 1.718 1.564 1.636 2.009 2.3 2.623 2.915 3.159 2.971 2.888 2.905 2.719 2.478 2.027 1.391 0.727
2.136 2.157 2.065 2.07 2.356 2.563 2.621 2.538 2.354 1.646 0.947 0.642 0.668 1.157 1.645 2.056 2.522 2.558 2.532 2.655 2.544 2.777 2.953 2.969 2.96 2.766 2.586 2.343 2.11 1.83 1.573 1.243 0.858 0.506 0.611 0.75 0.715 0.488 0.309 0.204 0.056 -0.113 -0.321 -0.458 -0.535 -0.565 -0.551 -0.426 -0.193 0.206 0.645 1.108 1.244 1.186 0.934 0.763 0.937 1.144 1.361 1.308 1.129 1.285 1.253 1.105 1.312 1.645 2.037 2.483 2.633 2.726 2.664 2.768 2.925 2.81 2.464 2.02 1.359 0.796
2.653 2.88 2.761 2.787 3.064 3.314 3.248 2.957 2.24 1.482 0.879 0.581 0.605 0.93 1.189 1.563 2.014 2.009 1.878 2.117 2.281 2.607 2.556 2.693 2.952 2.886 2.722 2.405 2.063 1.752 1.427 1.093 0.617 0.544 0.786 0.956 0.917 0.724 0.557 0.516 0.327 0.129 -0.162 -0.384 -0.5 -0.569 -0.583 -0.519 -0.361 -0.045 0.321 0.702 0.859 0.829 0.655 0.566 0.731 0.89 1 0.947 0.755 0.922 0.802 0.855 1.189 1.5 1.789 2.185 2.376 2.377 2.328 2.537 2.765 2.702 2.385 1.909 1.261 0.956
2.908 3.033 3.038 3.219 3.377 3.53 3.307 2.799 2.105 1.321 0.739 0.512 0.512 0.658 0.749 0.959 1.292 1.333 1.437 1.831 2.125 2.327 2.162 2.492 2.887 2.73 2.593 2.421 1.857 1.404 1.056 0.731 0.547 0.653 0.849 1.121 1.146 0.947 0.882 0.803 0.564 0.285 -0.088 -0.282 -0.389 -0.523 -0.576 -0.556 -0.464 -0.263 0.037 0.343 0.465 0.481 0.39 0.394 0.475 0.55 0.629 0.549 0.454 0.502 0.475 0.595 0.849 1.098 1.469 1.922 2.041 2.002 2.189 2.465 2.681 2.641 2.275 1.717 1.28 1.187
3.343 3.071 3.148 3.324 3.457 3.404 2.888 2.43 1.772 1.034 0.604 0.545 0.566 0.838 0.882 0.732 0.729 0.784 1.069 1.483 1.801 1.981 1.851 2.271 2.713 2.463 2.435 2.194 1.623 1.075 0.797 0.625 0.645 0.845 0.935 1.261 1.362 1.26 1.193 1.031 0.732 0.352 -0.073 -0.145 -0.19 -0.388 -0.522 -0.549 -0.504 -0.398 -0.188 0.048 0.163 0.186 0.179 0.209 0.249 0.265 0.284 0.232 0.22 0.313 0.462 0.59 0.699 0.953 1.28 1.446 1.526 1.634 2.087 2.486 2.675 2.51 2.165 1.63 1.509 1.496
3.703 3.541 3.474 3.515 3.386 3.101 2.567 2.056 1.331 0.757 0.602 0.703 0.69 1.011 1.194 0.974 0.725 0.514 0.729 1.115 1.362 1.655 1.622 2.076 2.538 2.406 2.101 1.815 1.355 1.137 1.071 0.91 0.696 0.99 1.059 1.362 1.531 1.468 1.325 1.076 0.714 0.326 -0.045 0.001 -0.012 -0.165 -0.385 -0.511 -0.509 -0.453 -0.348 -0.174 -0.008 0.054 0.128 0.212 0.22 0.144 0.103 0.141 0.255 0.396 0.548 0.699 0.812 0.911 0.964 0.979 1.22 1.471 1.837 2.316 2.559 2.438 2.114 1.653 1.702 1.774
3.842 4.029 3.763 3.434 3.083 2.683 2.18 1.563 0.913 0.633 0.708 0.877 0.812 1.145 1.433 1.29 1.032 0.578 0.443 0.758 1.007 1.252 1.395 1.987 2.464 2.319 1.913 1.716 1.486 1.358 1.287 1.145 0.852 1.075 1.257 1.497 1.582 1.47 1.207 0.926 0.582 0.235 -0.013 0.12 0.101 -0.056 -0.312 -0.484 -0.502 -0.473 -0.401 -0.116 -0.018 0.13 0.344 0.493 0.548 0.371 0.12 0.051 0.207 0.324 0.437 0.647 0.824 0.853 0.73 0.778 1.176 1.454 1.661 2.089 2.457 2.429 2.157 1.79 1.818 1.781
4.025 4.237 3.925 3.502 3.054 2.523 1.981 1.187 0.644 0.669 0.949 1.031 1.039 1.299 1.603 1.573 1.283 0.811 0.356 0.456 0.672 0.948 1.418 2.109 2.511 2.313 2.115 2.077 1.755 1.53 1.484 1.27 1.03 1.157 1.389 1.571 1.625 1.497 1.271 0.992 0.719 0.267 0.038 0.229 0.217 -0.021 -0.306 -0.474 -0.498 -0.482 -0.397 -0.104 0.017 0.281 0.626 0.775 0.837 0.704 0.329 0.005 0.033 0.152 0.277 0.493 0.681 0.651 0.469 0.635 1 1.336 1.618 1.91 2.333 2.443 2.196 1.991 2.135 1.915
4.017 4.033 3.785 3.328 2.799 2.234 1.636 0.869 0.526 0.796 1.163 1.196 1.381 1.487 1.697 1.577 1.19 0.802 0.372 0.448 0.797 1.172 1.672 2.129 2.454 2.397 2.361 2.287 2.012 1.807 1.64 1.4 1.268 1.326 1.498 1.512 1.704 1.632 1.447 1.256 0.882 0.352 0.113 0.37 0.275 -0.018 -0.312 -0.467 -0.496 -0.469 -0.333 -0.034 0.064 0.434 0.81 1.028 0.995 0.766 0.38 0.029 -0.019 0.103 0.265 0.386 0.423 0.306 0.225 0.496 0.85 1.118 1.554 1.89 2.24 2.381 2.202 2.041 2.286 2.11
3.725 3.695 3.429 2.892 2.321 1.768 1.115 0.552 0.517 0.864 1.224 1.362 1.567 1.679 1.822 1.717 1.335 0.905 0.407 0.508 0.958 1.268 1.576 1.969 2.352 2.442 2.534 2.467 2.209 1.919 1.714 1.538 1.445 1.425 1.54 1.412 1.6 1.57 1.328 1.138 0.825 0.352 0.298 0.519 0.313 0.011 -0.301 -0.455 -0.491 -0.439 -0.277 0.028 0.171 0.488 0.9 1.164 1.104 0.764 0.373 0.093 -0.023 0.068 0.157 0.163 0.13 0.015 0.091 0.351 0.617 0.897 1.315 1.691 2.012 2.131 2.091 1.936 2.049 2.183
3.568 3.492 3.047 2.451 1.739 1.208 0.64 0.437 0.707 0.843 1.219 1.529 1.779 1.85 1.926 1.778 1.406 0.951 0.438 0.46 0.87 1.099 1.397 1.834 2.402 2.628 2.705 2.515 2.211 1.866 1.641 1.479 1.391 1.384 1.504 1.405 1.33 1.437 1.214 0.878 0.538 0.271 0.578 0.63 0.358 0.019 -0.284 -0.437 -0.484 -0.417 -0.198 0.158 0.292 0.616 1.047 1.229 1.099 0.738 0.475 0.256 0.034 -0.032 -0.039 -0.063 -0.121 -0.156 -0.085 0.062 0.261 0.531 0.916 1.28 1.585 1.674 1.707 1.82 1.886 2.032
