data/climatemaps/RS_maps/climate_postbreed_tmp_2013.asc
NCOLS 369 
NROWS 228 
XLLCORNER 479000 
YLLCORNER 73000 
CELLSIZE 1000 
NODATA_value -9 
[rows 170 to 203 of 228, columns 0 to 76 of 369]
-9 -9 0.207 0.174 0.223 0.421 0.483 0.164 -0.089 -0.172 0.034 0.353 0.713 0.908 0.961 0.981 0.996 1.001 1.031 1.059 1.076 1.081 1.116 1.142 1.173 1.204 1.214 1.214 1.216 1.223 1.19 1.159 1.156 1.156 1.169 1.177 1.174 1.171 1.154 1.14 1.128 1.103 1.102 1.1 0.97 0.897 0.955 0.958 0.933 0.771 -9 -9 -9 -9 -9 -9 -9 -9 0.364 0.39 0.533 0.68 0.523 0.245 0.017 -0.191 -0.191 -0.24 -0.327 -0.416 -0.681 -0.643 -0.461 -0.252 -0.183 -0.042 0.192
-9 0.215 0.163 0.18 0.334 0.532 0.343 0.057 -0.156 -0.03 0.284 0.589 0.858 0.943 0.985 1.012 1.028 1.039 1.054 1.075 1.09 1.102 1.13 1.156 1.193 1.21 1.214 1.214 1.214 1.203 1.161 1.155 1.161 1.161 1.161 1.139 1.065 0.959 0.928 1.063 1.087 1.064 1.059 1.071 0.954 0.917 0.939 0.914 0.811 -9 -9 -9 -9 -9 -9 -9 -9 -9 0.241 0.043 0.241 0.503 0.647 0.448 0.164 0.002 -0.081 -0.234 -0.412 -0.331 -0.188 -0.394 -0.517 -0.499 -0.294 -0.086 0.026
0.218 0.19 0.145 0.2 0.492 0.467 0.156 -0.02 -0.115 0.132 0.467 0.744 0.924 0.959 1.005 1.031 1.045 1.054 1.069 1.076 1.094 1.115 1.134 1.173 1.207 1.208 1.208 1.208 1.211 1.171 1.153 1.148 1.15 1.147 1.114 0.974 0.876 0.822 0.918 1.051 1.063 1.042 1.041 1.023 0.975 -9 -9 -9 -9 -9 -9 -9 -9 -9 -9 -9 -9 -9 0.427 -0.082 -0.064 0.296 0.574 0.16 -0.044 -0.034 -0.134 -0.285 -0.33 -0.241 0.008 -0.141 -0.35 -0.449 -0.373 -0.11 -0.041
0.176 0.13 0.132 0.296 0.54 0.23 -0.054 -0.119 0.005 0.333 0.651 0.879 0.968 0.988 1.023 1.046 1.054 1.051 1.065 1.083 1.105 1.121 1.146 1.191 1.204 1.208 1.208 1.205 1.193 1.161 1.145 1.139 1.135 1.13 1.053 0.949 0.919 0.956 1.024 1.055 1.042 1.024 1.02 0.985 0.95 -9 -9 -9 -9 -9 -9 -9 -9 -9 -9 -9 -9 -9 0.357 -0.224 -0.207 0.39 0.506 0.109 -0.171 -0.243 -0.098 0.063 0.116 0.166 0.268 0.189 -0.039 -0.295 -0.514 -0.369 -0.285
0.108 0.088 0.161 0.422 0.462 -0.011 -0.209 -0.056 0.202 0.555 0.831 0.968 1.006 1.028 1.045 1.061 1.057 1.048 1.067 1.096 1.114 1.13 1.156 1.188 1.192 1.202 1.203 1.184 1.156 1.146 1.139 1.125 1.119 1.101 1.023 0.942 0.97 1.014 1.029 1.034 1.02 1.014 0.983 0.943 0.885 -9 -9 -9 -9 -9 -9 -9 -9 -9 -9 -9 -9 -9 -9 0.027 0.078 0.341 0.329 0.429 0.194 -0.069 0.23 0.385 0.295 0.214 0.213 0.273 0.245 -0.092 -0.337 -0.51 -0.619
0.071 0.138 0.366 0.522 0.207 -0.204 -0.148 0.218 0.506 0.778 0.951 1.013 1.039 1.059 1.065 1.067 1.06 1.053 1.079 1.106 1.124 1.131 1.155 1.188 1.188 1.19 1.189 1.15 1.136 1.138 1.13 1.11 1.108 1.078 1.012 0.953 0.986 1.002 1.012 1.015 0.994 0.971 0.931 0.846 0.705 -9 -9 -9 -9 -9 -9 -9 -9 -9 -9 -9 -9 -9 -9 -9 -0.072 0.004 0.178 0.348 0.34 0.423 0.264 0.136 -0.041 -0.112 -0.271 -0.038 0.227 0.226 -0.013 -0.397 -0.69
0.215 0.267 0.56 0.225 -0.123 -0.168 0.036 0.468 0.767 0.935 1.019 1.041 1.063 1.067 1.067 1.067 1.056 1.07 1.098 1.118 1.115 1.132 1.157 1.188 1.188 1.186 1.17 1.128 1.123 1.126 1.115 1.093 1.086 1.064 1.005 0.968 0.981 0.977 0.98 0.977 0.943 0.872 0.759 0.611 0.466 0.325 -9 -9 -9 -9 -9 -9 -9 -9 -9 -9 -9 -9 -9 -9 -0.116 -0.253 -0.109 -0.176 0.04 0.347 0.171 -0.18 -0.405 -0.494 -0.689 -0.31 -0.199 0.017 0.207 -0.211 -0.594
0.233 0.606 0.461 0.02 -0.213 0.009 0.393 0.677 0.915 1.01 1.05 1.064 1.069 1.078 1.067 1.067 1.073 1.1 1.117 1.126 1.129 1.149 1.176 1.186 1.187 1.171 1.141 1.116 1.115 1.106 1.098 1.078 1.067 1.046 1.005 0.981 0.907 0.892 0.892 0.881 0.799 0.659 0.462 0.344 0.283 0.384 -9 -9 -9 -9 -9 -9 -9 -9 -9 -9 -9 -9 -9 -9 -9 -0.337 -0.168 -0.307 -0.102 0.125 0.291 0.132 -0.299 -0.869 -0.968 -0.663 -0.465 -0.101 0.188 -0.254 -0.546
0.358 0.71 0.585 0.135 -0.05 0.299 0.597 0.83 0.984 1.046 1.07 1.074 1.079 1.069 1.067 1.086 1.103 1.108 1.116 1.127 1.13 1.16 1.181 1.182 1.181 1.149 1.119 1.114 1.111 1.092 1.085 1.07 1.051 1.032 1.01 0.96 0.75 0.697 0.7 0.664 0.57 0.405 0.217 0.266 0.286 0.471 -9 -9 -9 -9 -9 -9 -9 -9 -9 -9 -9 -9 -9 -9 0.086 0.103 0.008 -0.459 -0.359 0.139 -0.07 0.092 -0.093 -0.593 -0.73 -0.363 -0.007 0.126 -0.047 -0.261 -0.693
0.646 0.73 0.507 0.082 0.17 0.523 0.763 0.937 1.038 1.073 1.09 1.094 1.087 1.087 1.094 1.112 1.107 1.11 1.125 1.104 1.094 1.156 1.181 1.181 1.177 1.118 1.099 1.111 1.111 1.089 1.074 1.054 1.033 1.018 0.996 0.878 0.561 0.379 0.416 0.473 0.522 0.261 0.154 0.362 0.47 0.534 -9 -9 -9 -9 -9 -9 -9 -9 -9 -9 -9 -9 -9 -9 0.456 0.194 -0.177 -0.556 -0.429 -0.187 -0.432 -0.142 -0.045 -0.341 -0.457 -0.102 -0.167 -0.286 -0.488 -0.209 -0.372
0.803 0.585 0.22 0.14 0.417 0.708 0.865 1.001 1.066 1.087 1.095 1.084 1.064 1.096 1.114 1.105 1.103 1.114 1.109 1.086 1.098 1.159 1.181 1.181 1.153 1.068 1.082 1.094 1.108 1.089 1.063 1.042 1.021 1.012 0.962 0.735 0.354 0.09 0.23 0.502 0.564 0.314 0.285 0.494 0.59 0.477 -9 -9 -9 -9 -9 -9 -9 -9 -9 -9 -9 -9 -9 -9 0.582 0.133 -0.288 -0.519 -0.756 -0.666 -0.665 -0.284 -0.323 -0.367 -0.229 -0.218 -0.62 -0.65 -0.455 -0.178 -0.176
0.717 0.337 0.065 0.369 0.682 0.859 0.969 1.04 1.078 1.101 1.08 1.043 1.074 1.114 1.11 1.107 1.103 1.122 1.104 1.096 1.126 1.164 1.181 1.169 1.069 1.07 1.104 1.105 1.105 1.083 1.055 1.03 1.031 0.992 0.875 0.561 0.249 0.043 0.257 0.559 0.629 0.492 0.525 0.623 0.574 0.315 -9 -9 -9 -9 -9 -9 -9 -9 -9 -9 -9 -9 -9 -9 0.492 0.335 0.017 -0.359 -0.698 -0.634 -0.651 -0.556 -0.435 -0.482 -0.283 -0.448 -0.799 -0.754 -0.274 -0.411 -0.508
0.542 0.167 0.26 0.617 0.827 0.952 1.029 1.06 1.08 1.116 1.074 1.063 1.12 1.118 1.116 1.116 1.129 1.134 1.116 1.123 1.141 1.164 1.173 1.136 1.082 1.102 1.107 1.107 1.099 1.069 1.057 1.037 0.998 0.916 0.737 0.478 0.23 0.031 0.254 0.579 0.698 0.673 0.656 0.645 0.494 -9 -9 -9 -9 -9 -9 -9 -9 -9 -9 -9 -9 -9 -9 0.082 0.241 0.454 0.191 -0.317 -0.42 -0.179 -0.213 -0.185 -0.17 -0.404 -0.536 -0.612 -0.856 -0.562 -0.367 -0.611 -0.505
0.301 0.194 0.508 0.788 0.914 0.99 1.047 1.053 1.071 1.122 1.107 1.116 1.148 1.144 1.141 1.14 1.148 1.133 1.126 1.14 1.155 1.159 1.147 1.118 1.109 1.114 1.105 1.101 1.098 1.081 1.03 1.006 0.97 0.789 0.613 0.43 0.193 0.114 0.324 0.615 0.729 0.663 0.54 0.503 0.319 -9 -9 -9 -9 -9 -9 -9 -9 -9 -9 -9 -9 -9 -9 -0.09 -0.009 0.438 0.348 0.08 0.095 0.026 -0.034 -0.139 -0.214 -0.321 -0.53 -0.803 -0.823 -0.482 -0.669 -0.694 -0.421
0.148 0.383 0.713 0.899 0.98 1.018 1.056 1.033 1.059 1.118 1.137 1.151 1.166 1.16 1.15 1.141 1.137 1.137 1.12 1.139 1.159 1.143 1.117 1.114 1.116 1.115 1.109 1.103 1.09 1.069 1.032 1.006 0.963 0.827 0.665 0.442 0.156 0.136 0.433 0.645 0.737 0.568 0.422 0.414 0.176 -9 -9 -9 -9 -9 -9 -9 -9 -9 -9 -9 -9 -9 -9 -0.283 -0.091 0.296 0.463 0.406 0.131 -0.21 -0.343 -0.348 -0.436 -0.546 -0.492 -0.777 -0.86 -0.742 -0.871 -0.713 -0.454
0.268 0.57 0.828 0.993 1.033 1.045 1.061 1.041 1.094 1.148 1.156 1.171 1.142 1.135 1.13 1.124 1.116 1.12 1.123 1.147 1.15 1.139 1.127 1.119 1.131 1.123 1.122 1.111 1.086 1.027 1.014 1.019 0.999 0.929 0.799 0.599 0.352 0.287 0.62 0.714 0.67 0.471 0.522 0.369 0.181 -9 -9 -9 -9 -9 -9 -9 -9 -9 -9 -9 -9 -9 -9 -0.227 -0.088 0.206 0.368 0.419 0.195 -0.165 -0.102 -0.039 -0.191 -0.54 -0.664 -0.83 -0.955 -0.844 -0.67 -0.49 -0.305
0.367 0.693 0.936 1.038 1.063 1.061 1.075 1.088 1.146 1.167 1.144 1.136 1.113 1.107 1.103 1.087 1.114 1.128 1.138 1.142 1.132 1.123 1.12 1.12 1.138 1.126 1.08 1.037 1.082 1.039 1.007 1.026 1.018 0.997 0.897 0.756 0.592 0.489 0.776 0.6 0.505 0.538 0.541 0.263 -9 -9 -9 -9 -9 -9 -9 -9 -9 -9 -9 -9 -9 -9 -9 -0.089 0.037 0.07 0.206 0.236 0.352 0.129 -0.089 -0.238 -0.299 -0.667 -0.761 -0.962 -0.922 -0.717 -0.619 -0.448 -0.061
0.346 0.785 1.016 1.069 1.082 1.092 1.091 1.135 1.167 1.14 1.12 1.113 1.097 1.087 1.095 1.103 1.129 1.129 1.117 1.116 1.114 1.109 1.107 1.105 1.097 1.002 0.859 0.902 1.055 1.059 1.038 1.025 1.009 1.011 0.986 0.93 0.827 0.743 0.841 0.614 0.56 0.638 0.507 -9 -9 -9 -9 -9 -9 -9 -9 -9 -9 -9 -9 -9 -9 -9 -0.226 -0.35 -0.289 -0.046 0.055 -0.037 0.258 -0.02 -0.495 -0.743 -0.736 -1.013 -1.034 -0.946 -0.774 -0.606 -0.503 -0.377 0.179
0.301 0.782 1.019 1.07 1.111 1.092 1.114 1.177 1.168 1.127 1.122 1.109 1.1 1.085 1.116 1.124 1.11 1.1 1.085 1.08 1.086 1.097 1.082 1.051 0.847 0.646 0.737 0.942 1.022 1.06 1.051 1.039 1.024 1.008 0.991 0.96 0.932 0.908 0.872 0.661 0.726 0.724 0.479 -9 -9 -9 -9 -9 -9 -9 -9 -9 -9 -9 -9 -9 -9 -9 -0.147 -0.387 -0.212 0.097 -0.051 -0.173 0.092 0.177 -0.135 -0.595 -0.824 -0.887 -1.004 -0.761 -0.45 -0.309 -0.162 -0.023 0.249
0.2 0.702 1.016 1.074 1.111 1.141 1.169 1.205 1.176 1.16 1.133 1.106 1.101 1.091 1.109 1.106 1.081 1.07 1.06 1.054 1.056 1.045 0.984 0.816 0.416 0.456 0.803 0.929 0.964 1.06 1.068 1.058 1.052 1.042 1.015 0.974 0.917 0.862 0.864 0.806 0.819 0.784 -9 -9 -9 -9 -9 -9 -9 -9 -9 -9 -9 -9 -9 -9 -9 -9 -0.197 -0.113 0.098 0.116 -0.095 -0.194 -0.139 -0.319 0.078 -0.018 -0.203 -0.384 -0.771 -0.632 -0.477 -0.379 -0.279 -0.069 -0.217
0.214 0.638 1.057 1.144 1.201 1.189 1.185 1.169 1.149 1.141 1.12 1.099 1.085 1.076 1.081 1.076 1.043 1.041 1.028 1.019 1.006 0.949 0.751 0.334 0.26 0.578 0.866 0.856 0.921 1.01 1.05 1.044 1.05 1.061 1.054 1.012 0.898 0.8 0.819 0.878 0.873 -9 -9 -9 -9 -9 -9 -9 -9 -9 -9 -9 -9 -9 -9 -9 -9 -9 -0.022 0.153 0.122 -0.048 -0.163 -0.319 -0.277 -0.617 -0.304 0.007 -0.077 -0.194 -0.526 -0.72 -0.533 -0.39 -0.446 -0.773 -0.613
0.623 0.765 1.128 1.206 1.208 1.2 1.175 1.126 1.103 1.105 1.083 1.062 1.062 1.037 1.031 1.038 1.016 1.014 0.997 0.968 0.93 0.855 0.53 0.193 0.414 0.753 0.824 0.771 0.867 0.958 1.019 1.03 1.045 1.059 1.074 1.052 0.924 0.783 0.757 0.837 -9 -9 -9 -9 -9 -9 -9 -9 -9 -9 -9 -9 -9 -9 -9 -9 -9 -9 -9 0.1 -0.021 -0.242 -0.228 -0.399 -0.375 -0.643 -0.561 -0.285 -0.387 -0.3 -0.688 -1.093 -1.1 -1.054 -1.284 -1.271 -1.067
0.934 1.033 1.129 1.141 1.13 1.115 1.111 1.098 1.087 1.076 1.059 1.059 1.043 1 1.013 0.998 0.994 0.969 0.939 0.878 0.819 0.681 0.336 0.299 0.571 0.803 0.727 0.731 0.84 0.928 0.978 1.004 1.031 1.042 1.067 1.073 0.998 0.808 -9 -9 -9 -9 -9 -9 -9 -9 -9 -9 -9 -9 -9 -9 -9 -9 -9 -9 -9 -9 -9 -0.122 -0.119 -0.256 -0.346 -0.306 -0.441 -0.603 -0.33 -0.408 -0.427 -0.669 -0.903 -1.088 -1.436 -1.36 -1.517 -1.382 -1.118
1.056 0.959 0.926 1.076 1.093 1.081 1.084 1.072 1.073 1.053 1.036 1.028 0.998 0.995 0.979 0.969 0.958 0.928 0.855 0.738 0.643 0.404 0.159 0.364 0.593 0.759 0.66 0.709 0.803 0.855 0.93 0.969 1.004 1.027 1.051 1.073 1.056 -9 -9 -9 -9 -9 -9 -9 -9 -9 -9 -9 -9 -9 -9 -9 -9 -9 -9 -9 -9 -9 -9 -0.086 -0.191 -0.278 -0.235 0.011 -0.258 -0.429 -0.038 -0.017 -0.252 -0.499 -0.794 -1.175 -1.384 -1.118 -1.104 -1.025 -0.898
1.065 1.054 0.76 0.972 1.049 1.041 1.038 1.025 1.022 1.002 0.971 0.967 0.941 0.952 0.946 0.926 0.907 0.87 0.8 0.652 0.424 0.135 0.186 0.483 0.649 0.649 0.616 0.725 0.696 0.729 0.873 0.946 0.982 1.017 1.031 -9 -9 -9 -9 -9 -9 -9 -9 -9 -9 -9 -9 -9 -9 -9 -9 -9 -9 -9 -9 -9 -9 -9 -9 0.348 0.139 -0.027 0.053 0.172 -0.007 -0.126 0.109 0.283 -0.17 -0.42 -0.761 -1.178 -1.465 -1.275 -0.729 -0.333 -0.244
1.112 1.135 0.762 0.834 0.947 0.965 0.948 0.948 0.922 0.901 0.889 0.897 0.882 0.881 0.865 0.833 0.862 0.838 0.732 0.495 0.134 0.154 0.403 0.586 0.617 0.527 0.599 0.695 0.603 0.65 0.793 0.912 0.971 1.005 -9 -9 -9 -9 -9 -9 -9 -9 -9 -9 -9 -9 -9 -9 -9 -9 -9 -9 -9 -9 -9 -9 -9 -9 -9 -9 0.661 0.508 0.449 0.428 0.363 0.224 0.221 0.444 -0.203 -0.643 -1.054 -1.202 -1.247 -1.138 -0.428 0.083 -0.472
1.117 1.085 0.836 0.683 0.807 0.898 0.908 0.89 0.837 0.822 0.826 0.816 0.789 0.767 0.72 0.72 0.813 0.771 0.529 0.191 0.149 0.341 0.572 0.641 0.578 0.523 0.61 0.625 0.542 0.581 0.701 0.864 0.932 -9 -9 -9 -9 -9 -9 -9 -9 -9 -9 -9 -9 -9 -9 -9 -9 -9 -9 -9 -9 -9 -9 -9 -9 -9 -9 -9 0.782 0.774 0.743 0.697 0.636 0.541 0.485 0.292 -0.485 -0.86 -1.164 -0.941 -0.811 -0.817 -0.076 0.013 -1.003
1.082 1.023 0.892 0.689 0.661 0.854 0.954 0.941 0.889 0.866 0.837 0.799 0.772 0.757 0.694 0.674 0.698 0.643 0.326 0.159 0.374 0.569 0.675 0.644 0.534 0.52 0.558 0.558 0.499 0.499 0.61 0.786 -9 -9 -9 -9 -9 -9 -9 -9 -9 -9 -9 -9 -9 -9 -9 -9 -9 -9 -9 -9 -9 -9 -9 -9 -9 -9 -9 -9 -9 0.679 0.751 0.781 0.763 0.755 0.714 0.31 -0.176 -0.567 -0.89 -0.449 -0.378 -0.271 0.303 0.023 -0.905
1.043 1.032 0.949 0.821 0.604 0.759 0.96 1 0.961 0.92 0.834 0.878 0.88 0.89 0.796 0.735 0.628 0.429 0.255 0.323 0.541 0.657 0.692 0.576 0.494 0.486 0.516 0.49 0.485 0.504 0.554 -9 -9 -9 -9 -9 -9 -9 -9 -9 -9 -9 -9 -9 -9 -9 -9 -9 -9 -9 -9 -9 -9 -9 -9 -9 -9 -9 -9 -9 -9 -9 0.556 0.574 0.62 0.639 0.739 0.604 0.071 -0.397 -0.254 0.101 0.291 0.263 0.37 0.132 -0.707
1.054 1.082 1.014 0.916 0.72 0.631 0.929 1.033 1.018 0.932 0.887 0.972 0.986 0.961 0.874 0.825 0.64 0.395 0.356 0.492 0.652 0.723 0.698 0.572 0.497 0.493 0.511 0.525 0.549 -9 -9 -9 -9 -9 -9 -9 -9 -9 -9 -9 -9 -9 -9 -9 -9 -9 -9 -9 -9 -9 -9 -9 -9 -9 -9 -9 -9 -9 -9 -9 -9 -9 0.263 0.129 0.169 0.263 0.596 0.688 0.244 0.02 0.395 0.452 0.223 -0.138 -0.016 -0.264 -1.108
1.137 1.17 1.071 0.98 0.875 0.739 0.9 1.051 1.045 0.944 0.968 1.041 1.048 0.991 0.955 0.904 0.737 0.562 0.514 0.624 0.726 0.769 0.697 0.626 0.539 0.538 0.57 0.588 -9 -9 -9 -9 -9 -9 -9 -9 -9 -9 -9 -9 -9 -9 -9 -9 -9 -9 -9 -9 -9 -9 -9 -9 -9 -9 -9 -9 -9 -9 -9 -9 -9 -9 -9 -0.27 -0.139 0.131 0.212 0.526 0.568 0.564 0.415 0.043 -0.283 -0.638 -0.875 -0.992 -1.495
1.179 1.18 1.061 1.018 0.976 0.92 0.968 1.071 1.041 0.977 0.992 1.097 1.1 1.063 1.023 0.956 0.822 0.689 0.64 0.661 0.755 0.773 0.701 0.638 0.586 0.589 -9 -9 -9 -9 -9 -9 -9 -9 -9 -9 -9 -9 -9 -9 -9 -9 -9 -9 -9 -9 -9 -9 -9 -9 -9 -9 -9 -9 -9 -9 -9 -9 -9 -9 -9 -9 -9 -9 -0.179 -0.085 -0.352 -0.108 0.515 0.535 0.135 -0.336 -0.774 -1.216 -1.632 -1.644 -1.698
-9 1.212 1.129 1.052 1.056 1.058 1.082 1.065 1.022 1.042 1.079 1.118 1.051 1.023 1.048 -9 0.88 0.732 0.662 0.659 0.761 0.798 -9 -9 -9 -9 -9 -9 -9 -9 -9 -9 -9 -9 -9 -9 -9 -9 -9 -9 -9 -9 -9 -9 -9 -9 -9 -9 -9 -9 -9 -9 -9 -9 -9 -9 -9 -9 -9 -9 -9 -9 -9 -9 -9 -0.509 -0.422 -0.087 0.327 0.466 -0.097 -0.724 -1.185 -1.208 -1.482 -1.758 -1.467
-9 -9 -9 -9 -9 1.179 1.016 1.027 1.085 1.136 -9 -9 -9 -9 -9 -9 -9 -9 -9 -9 -9 -9 -9 -9 -9 -9 -9 -9 -9 -9 -9 -9 -9 -9 -9 -9 -9 -9 -9 -9 -9 -9 -9 -9 -9 -9 -9 -9 -9 -9 -9 -9 -9 -9 -9 -9 -9 -9 -9 -9 -9 -9 -9 -9 -9 -9 -0.471 -0.481 -0.077 0.33 -0.09 -0.539 -0.489 -0.57 -1.422 -1.91 -1.398
