data/climatemaps/RS_maps/climate_postbreed_tmp_2013.asc
NCOLS 369 
NROWS 228 
XLLCORNER 479000 
YLLCORNER 73000 
CELLSIZE 1000 
NODATA_value -9 
[rows 102 to 135 of 228, columns 77 to 153 of 369]
1.027 1.027 1.027 1.027 1.027 1.027 1.026 1.02 1.014 0.974 0.941 0.917 0.876 0.891 0.964 0.996 0.998 1 1 1 0.984 0.957 0.886 0.856 0.892 0.917 0.918 0.902 0.928 0.874 0.793 0.789 0.778 0.812 0.815 0.829 0.814 0.807 0.833 0.826 0.836 0.815 0.841 0.859 0.883 0.86 0.847 0.839 0.812 0.755 0.709 0.715 0.81 0.759 0.641 0.598 0.672 0.644 0.504 0.506 0.501 0.455 0.424 0.332 0.453 0.544 0.651 0.72 0.684 0.687 0.697 0.683 0.64 0.564 0.421 0.442 0.532
1.03 1.028 1.027 1.027 1.027 1.027 1.027 1.022 0.974 0.929 0.874 0.874 0.873 0.951 1.01 1.013 1.013 1.004 1 0.988 0.95 0.894 0.854 0.852 0.865 0.891 0.908 0.897 0.934 0.868 0.83 0.805 0.8 0.794 0.777 0.785 0.752 0.758 0.801 0.833 0.773 0.774 0.832 0.821 0.828 0.865 0.871 0.856 0.833 0.826 0.803 0.783 0.794 0.801 0.732 0.685 0.64 0.643 0.618 0.563 0.504 0.46 0.404 0.331 0.453 0.591 0.72 0.685 0.605 0.578 0.559 0.631 0.683 0.594 0.475 0.587 0.484
1.047 1.04 1.03 1.028 1.027 1.027 1.024 0.992 0.941 0.917 0.915 0.933 0.974 1.013 1.014 1.014 1.013 1.003 0.998 0.966 0.92 0.869 0.84 0.833 0.848 0.887 0.889 0.892 0.935 0.855 0.827 0.805 0.78 0.77 0.776 0.755 0.733 0.735 0.804 0.755 0.768 0.805 0.797 0.688 0.63 0.791 0.862 0.897 0.875 0.816 0.82 0.829 0.765 0.785 0.783 0.721 0.641 0.643 0.628 0.528 0.452 0.452 0.459 0.472 0.491 0.627 0.702 0.687 0.541 0.454 0.394 0.51 0.59 0.653 0.643 0.597 0.488
1.047 1.047 1.047 1.037 1.03 1.025 0.997 0.958 0.946 0.946 0.98 1.009 1.008 1.01 1.019 1.018 1.005 0.992 0.97 0.941 0.888 0.868 0.852 0.83 0.853 0.9 0.896 0.894 0.932 0.877 0.851 0.801 0.768 0.762 0.767 0.755 0.745 0.762 0.766 0.729 0.766 0.758 0.75 0.716 0.64 0.689 0.844 0.902 0.904 0.865 0.826 0.841 0.824 0.801 0.783 0.735 0.684 0.649 0.616 0.529 0.522 0.537 0.512 0.509 0.595 0.666 0.615 0.655 0.65 0.576 0.411 0.361 0.455 0.512 0.515 0.502 0.511
1.049 1.047 1.047 1.043 1.034 1.007 0.967 0.942 0.945 0.979 1.016 1.02 1.013 1.009 1.007 1 0.981 0.974 0.94 0.884 0.83 0.867 0.881 0.865 0.872 0.879 0.888 0.908 0.92 0.862 0.831 0.827 0.819 0.81 0.787 0.768 0.764 0.781 0.736 0.679 0.731 0.733 0.706 0.573 0.631 0.654 0.702 0.86 0.905 0.907 0.883 0.868 0.83 0.816 0.782 0.69 0.623 0.578 0.617 0.658 0.68 0.671 0.644 0.625 0.666 0.622 0.496 0.5 0.644 0.611 0.498 0.431 0.35 0.458 0.425 0.378 0.339
1.054 1.049 1.043 1.025 1.01 0.984 0.965 0.951 0.96 1.011 1.025 1.022 1.014 1.017 1.002 0.981 0.973 0.937 0.887 0.842 0.854 0.875 0.873 0.875 0.858 0.852 0.914 0.903 0.887 0.891 0.886 0.868 0.858 0.861 0.849 0.817 0.807 0.801 0.722 0.751 0.74 0.716 0.655 0.547 0.524 0.519 0.57 0.745 0.888 0.901 0.896 0.894 0.861 0.822 0.773 0.665 0.53 0.507 0.633 0.721 0.707 0.655 0.611 0.666 0.634 0.559 0.532 0.405 0.497 0.633 0.642 0.486 0.319 0.376 0.315 0.218 0.296
1.054 1.049 1.026 1.002 0.988 0.98 0.98 0.987 0.995 1.026 1.027 1.027 1.02 1.01 0.979 0.949 0.944 0.912 0.885 0.851 0.866 0.84 0.829 0.833 0.857 0.875 0.892 0.857 0.829 0.827 0.841 0.842 0.82 0.83 0.817 0.795 0.786 0.83 0.752 0.732 0.703 0.655 0.627 0.543 0.485 0.483 0.551 0.667 0.863 0.824 0.818 0.898 0.89 0.841 0.788 0.695 0.603 0.638 0.724 0.707 0.626 0.543 0.521 0.582 0.508 0.474 0.48 0.387 0.369 0.518 0.649 0.508 0.383 0.315 0.276 0.143 0.264
1.056 1.03 1.001 0.982 0.987 0.991 1.003 1.016 1.023 1.027 1.027 1.026 1.01 0.98 0.928 0.928 0.893 0.885 0.881 0.87 0.844 0.807 0.802 0.833 0.877 0.884 0.864 0.84 0.804 0.793 0.792 0.81 0.807 0.815 0.773 0.735 0.729 0.802 0.732 0.668 0.66 0.626 0.606 0.593 0.517 0.484 0.544 0.705 0.876 0.681 0.663 0.854 0.901 0.874 0.819 0.767 0.727 0.741 0.747 0.632 0.547 0.443 0.463 0.469 0.372 0.347 0.41 0.416 0.349 0.471 0.575 0.638 0.52 0.402 0.3 0.152 0.256
1.036 1.007 0.988 0.977 0.999 1.02 1.027 1.031 1.027 1.027 1.025 1.013 0.973 0.914 0.885 0.905 0.851 0.849 0.859 0.848 0.82 0.771 0.796 0.863 0.873 0.86 0.831 0.805 0.794 0.785 0.783 0.781 0.761 0.775 0.747 0.699 0.676 0.756 0.724 0.654 0.632 0.58 0.525 0.557 0.573 0.531 0.551 0.747 0.891 0.669 0.597 0.743 0.892 0.897 0.837 0.764 0.686 0.704 0.725 0.542 0.453 0.327 0.348 0.315 0.306 0.327 0.426 0.501 0.474 0.516 0.549 0.639 0.571 0.436 0.276 0.211 0.193
1.016 1.002 0.983 0.996 1.023 1.032 1.034 1.034 1.027 1.015 1.006 0.957 0.916 0.88 0.899 0.875 0.849 0.848 0.839 0.804 0.821 0.786 0.832 0.873 0.854 0.826 0.788 0.769 0.755 0.769 0.786 0.765 0.736 0.738 0.724 0.639 0.676 0.73 0.694 0.672 0.655 0.572 0.526 0.511 0.5 0.508 0.535 0.734 0.892 0.687 0.581 0.645 0.845 0.911 0.859 0.758 0.649 0.684 0.673 0.427 0.365 0.315 0.345 0.355 0.393 0.445 0.494 0.528 0.49 0.518 0.516 0.561 0.561 0.468 0.321 0.288 0.186
1.015 1.002 0.991 1.02 1.039 1.035 1.034 1.034 1.028 0.998 0.956 0.882 0.835 0.857 0.891 0.858 0.833 0.818 0.781 0.765 0.826 0.862 0.864 0.856 0.839 0.803 0.766 0.749 0.74 0.753 0.773 0.751 0.705 0.686 0.714 0.668 0.703 0.69 0.637 0.636 0.649 0.61 0.597 0.557 0.484 0.421 0.47 0.687 0.887 0.771 0.622 0.608 0.819 0.916 0.884 0.785 0.658 0.695 0.678 0.515 0.472 0.45 0.441 0.445 0.423 0.416 0.502 0.482 0.378 0.388 0.392 0.51 0.502 0.465 0.364 0.244 0.077
1.021 1.009 1.027 1.049 1.05 1.04 1.034 1.034 1.018 0.973 0.9 0.848 0.834 0.876 0.861 0.84 0.816 0.767 0.778 0.806 0.861 0.882 0.856 0.846 0.812 0.79 0.77 0.746 0.734 0.71 0.752 0.731 0.696 0.654 0.664 0.691 0.677 0.618 0.653 0.653 0.609 0.59 0.572 0.548 0.525 0.451 0.452 0.644 0.867 0.878 0.765 0.672 0.817 0.92 0.901 0.826 0.732 0.773 0.754 0.635 0.535 0.447 0.367 0.385 0.345 0.365 0.467 0.429 0.305 0.246 0.275 0.458 0.529 0.452 0.318 0.144 0.182
1.027 1.044 1.052 1.054 1.054 1.044 1.038 1.029 0.998 0.955 0.914 0.897 0.879 0.839 0.831 0.817 0.796 0.784 0.83 0.856 0.839 0.84 0.869 0.835 0.771 0.757 0.767 0.753 0.725 0.709 0.714 0.695 0.692 0.636 0.648 0.704 0.63 0.585 0.654 0.656 0.652 0.612 0.536 0.439 0.447 0.445 0.45 0.62 0.82 0.904 0.876 0.803 0.833 0.904 0.913 0.864 0.834 0.819 0.701 0.494 0.377 0.279 0.298 0.367 0.368 0.375 0.434 0.456 0.347 0.302 0.237 0.338 0.466 0.474 0.333 0.342 0.434
1.039 1.04 1.034 1.047 1.054 1.04 1.011 1.012 0.997 0.959 0.885 0.86 0.802 0.789 0.789 0.737 0.769 0.826 0.855 0.807 0.796 0.809 0.837 0.837 0.744 0.75 0.766 0.761 0.73 0.715 0.67 0.618 0.634 0.641 0.669 0.632 0.608 0.591 0.607 0.602 0.616 0.614 0.503 0.462 0.481 0.473 0.49 0.591 0.751 0.896 0.902 0.823 0.843 0.88 0.918 0.898 0.877 0.829 0.605 0.417 0.345 0.334 0.451 0.434 0.441 0.424 0.413 0.458 0.48 0.42 0.338 0.222 0.215 0.453 0.533 0.56 0.526
1.008 1.016 0.999 1.012 1.053 1.029 0.998 0.972 0.898 0.938 0.9 0.843 0.816 0.787 0.749 0.746 0.807 0.811 0.796 0.801 0.791 0.77 0.837 0.806 0.739 0.754 0.745 0.713 0.695 0.684 0.632 0.569 0.584 0.619 0.646 0.591 0.584 0.561 0.568 0.599 0.628 0.61 0.59 0.59 0.591 0.594 0.584 0.634 0.728 0.887 0.903 0.808 0.859 0.866 0.914 0.902 0.875 0.808 0.64 0.596 0.534 0.549 0.554 0.48 0.497 0.484 0.486 0.481 0.415 0.344 0.268 0.221 0.151 0.231 0.249 0.314 0.414
0.943 0.971 0.984 1.032 1.045 1.015 0.958 0.873 0.832 0.895 0.89 0.842 0.806 0.778 0.73 0.764 0.809 0.785 0.777 0.735 0.746 0.765 0.841 0.815 0.754 0.758 0.759 0.72 0.658 0.636 0.623 0.57 0.591 0.582 0.56 0.525 0.551 0.518 0.531 0.582 0.614 0.634 0.596 0.502 0.471 0.517 0.609 0.637 0.667 0.85 0.9 0.832 0.861 0.882 0.913 0.891 0.869 0.745 0.724 0.672 0.625 0.586 0.589 0.58 0.547 0.517 0.488 0.436 0.321 0.154 0.051 -0.052 -0.065 -0.027 0.062 0.203 0.172
0.888 0.966 1.011 1.045 1.045 0.992 0.938 0.85 0.837 0.852 0.85 0.858 0.841 0.836 0.812 0.803 0.767 0.776 0.779 0.748 0.75 0.785 0.826 0.766 0.71 0.713 0.732 0.725 0.694 0.67 0.633 0.591 0.585 0.59 0.503 0.507 0.515 0.463 0.485 0.523 0.571 0.604 0.499 0.389 0.316 0.371 0.49 0.613 0.641 0.843 0.893 0.856 0.832 0.891 0.917 0.903 0.903 0.697 0.735 0.644 0.594 0.623 0.647 0.625 0.589 0.516 0.446 0.338 0.261 0.173 0.212 0.131 0.16 0.121 0.177 0.052 -0.077
0.922 0.998 1.043 1.048 1.036 0.972 0.904 0.832 0.835 0.839 0.824 0.813 0.791 0.791 0.789 0.766 0.78 0.81 0.835 0.822 0.821 0.834 0.823 0.732 0.676 0.681 0.704 0.671 0.668 0.663 0.642 0.615 0.549 0.557 0.461 0.461 0.416 0.36 0.398 0.497 0.547 0.58 0.557 0.457 0.435 0.452 0.491 0.512 0.603 0.815 0.887 0.858 0.843 0.9 0.929 0.927 0.933 0.812 0.803 0.801 0.752 0.738 0.703 0.664 0.601 0.575 0.463 0.398 0.405 0.381 0.348 0.31 0.31 0.301 0.214 -0.061 -0.486
0.953 1.02 1.053 1.052 0.998 0.896 0.822 0.793 0.814 0.812 0.786 0.736 0.71 0.736 0.759 0.77 0.798 0.82 0.797 0.833 0.835 0.816 0.789 0.747 0.695 0.68 0.672 0.623 0.573 0.575 0.58 0.591 0.543 0.506 0.383 0.311 0.266 0.264 0.346 0.467 0.502 0.532 0.494 0.484 0.48 0.429 0.431 0.444 0.618 0.838 0.835 0.814 0.814 0.876 0.922 0.927 0.933 0.912 0.904 0.846 0.713 0.601 0.511 0.44 0.38 0.474 0.523 0.439 0.358 0.25 0.168 0.061 0.123 0.174 0.159 -0.272 -0.538
0.957 1.025 1.06 1.02 0.925 0.843 0.771 0.778 0.791 0.788 0.759 0.707 0.71 0.72 0.737 0.773 0.791 0.793 0.796 0.827 0.794 0.78 0.751 0.745 0.715 0.695 0.645 0.602 0.521 0.502 0.5 0.536 0.551 0.493 0.383 0.277 0.207 0.257 0.354 0.355 0.387 0.402 0.402 0.371 0.314 0.28 0.332 0.49 0.718 0.849 0.775 0.79 0.817 0.851 0.909 0.925 0.933 0.929 0.918 0.76 0.599 0.476 0.375 0.321 0.326 0.369 0.438 0.335 0.228 0.122 0.011 -0.105 0.045 -0.188 -0.144 -0.254 -0.275
0.974 1.051 1.046 0.958 0.889 0.817 0.759 0.778 0.771 0.746 0.745 0.729 0.727 0.724 0.763 0.772 0.768 0.786 0.821 0.788 0.736 0.71 0.694 0.676 0.698 0.704 0.643 0.589 0.54 0.486 0.414 0.463 0.527 0.573 0.452 0.398 0.325 0.225 0.201 0.164 0.171 0.216 0.237 0.217 0.164 0.082 0.218 0.433 0.695 0.821 0.796 0.776 0.808 0.838 0.899 0.92 0.933 0.933 0.929 0.72 0.583 0.476 0.349 0.227 0.244 0.27 0.348 0.249 0.087 0.048 -0.109 -0.304 -0.254 -0.5 -0.388 -0.193 -0.091
1.031 1.055 0.984 0.903 0.852 0.794 0.748 0.766 0.745 0.725 0.74 0.729 0.73 0.74 0.777 0.736 0.74 0.771 0.803 0.744 0.674 0.641 0.647 0.653 0.671 0.674 0.629 0.591 0.546 0.43 0.353 0.433 0.512 0.575 0.497 0.435 0.299 0.121 -0.008 -0.08 -0.035 0.04 0.016 0.007 0.009 -0.107 0.088 0.355 0.621 0.772 0.792 0.777 0.797 0.832 0.889 0.914 0.932 0.935 0.939 0.866 0.725 0.507 0.368 0.263 0.112 0.158 0.274 0.079 -0.082 -0.083 -0.303 -0.417 -0.521 -0.534 -0.325 -0.042 -0.012
1.068 1.025 0.921 0.835 0.793 0.739 0.719 0.727 0.756 0.772 0.771 0.763 0.765 0.773 0.781 0.738 0.738 0.746 0.772 0.729 0.662 0.631 0.592 0.642 0.628 0.618 0.576 0.564 0.561 0.46 0.42 0.476 0.522 0.539 0.391 0.245 0.071 -0.105 -0.209 -0.209 -0.196 -0.16 -0.231 -0.203 -0.185 -0.203 0.064 0.35 0.541 0.735 0.765 0.74 0.77 0.827 0.861 0.904 0.927 0.937 0.944 0.95 0.873 0.666 0.508 0.313 0.186 0.256 0.246 0.021 -0.191 -0.35 -0.34 -0.244 -0.569 -0.463 -0.247 0.066 0.153
1.042 0.947 0.853 0.769 0.73 0.686 0.686 0.747 0.779 0.79 0.807 0.8 0.8 0.793 0.773 0.737 0.744 0.734 0.759 0.715 0.652 0.606 0.574 0.556 0.547 0.496 0.489 0.468 0.506 0.503 0.413 0.436 0.497 0.479 0.25 0.026 -0.064 -0.108 -0.164 -0.074 -0.191 -0.247 -0.266 -0.317 -0.298 -0.16 0.046 0.165 0.359 0.661 0.731 0.745 0.752 0.81 0.839 0.868 0.906 0.941 0.947 0.959 0.956 0.89 0.705 0.439 0.352 0.438 0.244 -0.02 -0.378 -0.42 -0.085 -0.413 -0.584 -0.352 -0.219 0.085 0.307
0.958 0.883 0.803 0.722 0.69 0.685 0.727 0.781 0.788 0.807 0.778 0.754 0.758 0.752 0.745 0.735 0.731 0.735 0.733 0.676 0.576 0.521 0.534 0.462 0.419 0.348 0.318 0.273 0.372 0.418 0.249 0.249 0.362 0.436 0.302 0.171 0.123 0.07 0.025 0.094 -0.031 -0.067 -0.107 -0.21 -0.328 -0.162 -0.151 -0.038 0.147 0.393 0.576 0.698 0.749 0.781 0.804 0.829 0.871 0.908 0.952 0.963 0.968 0.972 0.908 0.688 0.605 0.532 0.313 -0.07 -0.306 -0.051 -0.253 -0.623 -0.44 -0.233 0.015 0.309 0.443
0.902 0.839 0.754 0.718 0.76 0.755 0.788 0.787 0.788 0.773 0.726 0.704 0.704 0.662 0.651 0.686 0.679 0.695 0.717 0.6 0.476 0.42 0.533 0.375 0.236 0.131 0.104 0.195 0.349 0.222 -0.04 -0.056 0.036 0.297 0.361 0.278 0.278 0.26 0.184 0.065 0.068 -0.121 -0.182 -0.379 -0.44 -0.445 -0.458 -0.34 -0.259 -0.095 0.14 0.335 0.618 0.77 0.805 0.757 0.76 0.871 0.904 0.942 0.973 0.978 0.982 0.938 0.867 0.743 0.545 0.066 0.114 -0.245 -0.554 -0.441 -0.076 -0.143 0.239 0.553 0.222
0.832 0.784 0.73 0.78 0.799 0.799 0.787 0.766 0.762 0.696 0.667 0.655 0.608 0.59 0.581 0.6 0.66 0.742 0.678 0.596 0.561 0.59 0.485 0.259 0.051 -0.101 0.043 0.252 0.245 0.126 -0.166 -0.228 0.004 0.312 0.231 -0.061 0.089 0.094 -0.024 -0.16 -0.017 -0.395 -0.486 -0.696 -0.679 -0.655 -0.595 -0.641 -0.635 -0.552 -0.455 -0.293 0.088 0.373 0.662 0.827 0.858 0.887 0.893 0.882 0.943 0.978 0.993 0.992 0.989 0.996 0.86 0.502 0.074 -0.398 -0.321 0.016 0.149 0.161 0.676 0.415 0.041
0.805 0.749 0.756 0.798 0.781 0.74 0.698 0.751 0.689 0.592 0.577 0.535 0.493 0.363 0.376 0.495 0.597 0.731 0.736 0.638 0.657 0.541 0.361 0.121 -0.197 -0.137 0.135 0.093 0.044 0.032 -0.294 -0.202 0.052 0.304 0.054 -0.216 0.054 0.017 -0.235 -0.325 -0.154 -0.532 -0.793 -0.686 -0.675 -0.615 -0.297 -0.182 -0.182 -0.231 -0.5 -0.634 -0.351 -0.173 0.176 0.322 0.703 0.851 0.906 0.879 0.864 0.938 0.966 0.994 1.006 1.014 1.006 0.717 0.089 0.01 0.145 0.462 0.287 0.525 0.872 0.462 0.694
0.756 0.754 0.777 0.805 0.778 0.679 0.676 0.727 0.626 0.543 0.47 0.393 0.372 0.275 0.36 0.512 0.607 0.696 0.755 0.716 0.573 0.45 0.263 -0.034 -0.248 -0.072 0.08 0.009 -0.142 -0.07 -0.264 -0.085 0.125 0.179 -0.143 -0.284 -0.035 0.086 -0.238 -0.354 -0.34 -0.674 -0.575 -0.421 -0.192 -0.516 -0.355 -0.006 -0.223 -0.583 -0.561 -0.528 -0.64 -0.514 -0.325 0.036 0.428 0.636 0.799 0.892 0.873 0.883 0.916 0.979 1.009 1.014 1.018 0.892 0.595 0.629 0.706 0.871 0.69 0.9 1.029 1.028 1.066
0.738 0.744 0.777 0.818 0.767 0.678 0.707 0.685 0.58 0.487 0.436 0.351 0.343 0.375 0.503 0.627 0.723 0.767 0.753 0.644 0.431 0.309 0.118 -0.145 -0.298 -0.219 -0.126 -0.041 -0.255 -0.21 -0.284 -0.034 0.197 0.115 -0.152 -0.219 -0.144 0.008 -0.389 -0.54 -0.553 -0.698 -0.638 -0.557 -0.066 0.03 0.056 0.036 -0.356 -0.429 -0.409 -0.276 -0.207 -0.13 -0.033 -0.053 0.14 0.272 0.754 0.868 0.878 0.839 0.801 0.903 0.989 1.013 1.027 1.024 1.015 1.038 1.052 1.057 1.061 1.063 1.048 1.017 1.048
0.725 0.752 0.795 0.811 0.759 0.712 0.717 0.617 0.546 0.482 0.435 0.39 0.44 0.514 0.592 0.687 0.741 0.761 0.719 0.571 0.355 0.116 -0.061 -0.128 -0.218 -0.264 -0.199 -0.15 -0.294 -0.201 -0.12 0.169 0.211 -0.032 -0.376 -0.328 -0.174 -0.177 -0.529 -0.702 -0.76 -0.558 -0.351 -0.08 0.127 0.31 0.214 0.134 0.09 0.177 0.173 0.207 0.33 0.395 0.477 0.553 0.692 0.683 0.653 0.739 0.765 0.825 0.746 0.782 0.892 0.972 1.001 1.024 1.041 1.047 1.053 1.054 1.06 1.035 0.836 0.854 1.055
0.746 0.792 0.801 0.773 0.74 0.738 0.676 0.563 0.503 0.475 0.441 0.435 0.476 0.534 0.629 0.711 0.728 0.74 0.693 0.494 0.243 -0.007 -0.017 -0.008 0.009 0.039 -0.031 -0.033 -0.192 -0.169 -0.015 0.173 0.011 -0.176 -0.485 -0.469 -0.466 -0.546 -0.58 -0.512 -0.382 -0.098 0.155 0.34 0.454 0.486 0.523 0.515 0.515 0.528 0.56 0.598 0.636 0.654 0.743 0.734 0.661 0.574 0.41 0.205 0.262 0.664 0.764 0.661 0.691 0.79 0.827 0.937 1.018 1.027 0.993 0.948 0.949 0.677 0.325 0.706 0.97
0.758 0.774 0.749 0.713 0.704 0.709 0.67 0.606 0.549 0.502 0.467 0.442 0.449 0.525 0.651 0.722 0.712 0.733 0.684 0.454 0.145 0.007 0.173 0.2 0.238 0.242 0.177 0.057 -0.195 -0.305 -0.227 -0.097 -0.156 -0.367 -0.726 -0.689 -0.721 -0.73 -0.602 -0.321 -0.026 0.238 0.468 0.48 0.4 0.385 0.462 0.495 0.456 0.448 0.454 0.512 0.463 0.557 0.642 0.482 0.293 0.137 -0.155 -0.543 -0.552 0.151 0.685 0.669 0.586 0.573 0.529 0.634 0.793 0.821 0.757 0.587 0.442 0.036 0.245 0.451 0.704
0.78 0.722 0.676 0.645 0.653 0.687 0.679 0.656 0.615 0.551 0.468 0.411 0.462 0.588 0.691 0.714 0.708 0.75 0.692 0.44 0.075 0.021 0.282 0.39 0.292 0.098 0.084 0.005 -0.353 -0.5 -0.362 -0.375 -0.285 -0.653 -0.829 -0.72 -0.584 -0.679 -0.412 -0.182 0.11 0.367 0.445 0.308 0.173 0.077 0.101 0.09 -0.053 -0.102 0.027 0.164 0.146 0.519 0.444 0.149 -0.177 -0.326 -0.538 -0.809 -0.762 -0.195 0.472 0.73 0.6 0.494 0.378 0.238 0.32 0.336 0.403 0.101 -0.227 -0.099 0.306 -0.039 0.144
