data/climatemaps/RS_maps/climate_breeding_tmp_1999.asc
NCOLS 369 
NROWS 228 
XLLCORNER 479000 
YLLCORNER 73000 
CELLSIZE 1000 
NODATA_value -9 
[rows 136 to 169 of 228, columns 0 to 75 of 369]
-9 -9 -9 -9 -9 -9 -9 -9 0.471 0.432 0.434 0.41 0.415 0.407 0.278 0.202 0.12 0.087 0.055 0.038 0.022 0.079 -0.068 -0.119 -0.194 -0.222 -0.164 -0.055 0.034 0.128 0.211 0.227 0.136 -0.107 -0.276 -0.3 -0.285 -0.214 -0.034 0.191 0.398 0.542 0.627 0.711 0.726 0.758 0.799 0.844 0.781 0.814 0.875 0.967 0.899 0.82 0.788 0.767 0.763 0.755 0.739 0.688 0.633 0.586 0.572 0.508 0.478 0.387 0.384 0.444 0.578 0.614 0.63 0.606 0.672 0.65 0.587 0.493
-9 -9 -9 -9 -9 -9 -9 -9 0.507 0.44 0.404 0.39 0.366 0.27 0.133 0.111 0.133 0.131 0.12 0.097 0.078 0.045 -0.138 -0.18 -0.217 -0.167 -0.082 0.025 0.134 0.202 0.216 0.119 -0.085 -0.242 -0.336 -0.357 -0.337 -0.21 -0.02 0.323 0.529 0.622 0.685 0.708 0.73 0.759 0.795 0.805 0.767 0.81 0.943 0.932 0.904 0.851 0.786 0.757 0.75 0.75 0.723 0.664 0.598 0.547 0.52 0.445 0.429 0.348 0.327 0.421 0.545 0.571 0.598 0.568 0.676 0.667 0.625 0.543
-9 -9 -9 -9 -9 -9 -9 -9 0.492 0.411 0.385 0.354 0.217 0.135 0.109 0.12 0.155 0.176 0.156 0.131 0.092 -0.086 -0.195 -0.199 -0.159 -0.076 0.006 0.102 0.193 0.209 0.097 -0.09 -0.223 -0.287 -0.381 -0.441 -0.427 -0.116 0.164 0.46 0.612 0.673 0.692 0.714 0.73 0.764 0.799 0.772 0.773 0.818 0.934 0.916 0.892 0.849 0.751 0.745 0.739 0.738 0.684 0.622 0.572 0.532 0.46 0.409 0.39 0.34 0.309 0.446 0.53 0.543 0.589 0.548 0.632 0.695 0.627 0.495
-9 -9 -9 -9 -9 -9 -9 0.47 0.474 0.432 0.347 0.214 0.119 0.101 0.112 0.125 0.153 0.174 0.165 0.15 -0.034 -0.199 -0.192 -0.113 -0.057 0.027 0.104 0.187 0.189 0.067 -0.097 -0.193 -0.269 -0.379 -0.517 -0.526 -0.35 -0.026 0.348 0.552 0.65 0.683 0.689 0.702 0.724 0.765 0.793 0.784 0.793 0.824 0.897 0.952 0.877 0.831 0.746 0.748 0.744 0.71 0.65 0.594 0.559 0.509 0.426 0.415 0.356 0.333 0.358 0.447 0.529 0.537 0.573 0.54 0.631 0.712 0.583 0.452
-9 -9 -9 -9 -9 -9 -9 0.449 0.432 0.424 0.242 0.159 0.168 0.126 0.12 0.149 0.143 0.128 0.133 0.094 -0.154 -0.164 -0.123 -0.049 0.036 0.096 0.177 0.192 0.01 -0.157 -0.22 -0.235 -0.353 -0.499 -0.566 -0.44 -0.264 -0.019 0.413 0.613 0.663 0.676 0.664 0.698 0.731 0.749 0.793 0.815 0.827 0.849 0.893 0.965 0.893 0.824 0.74 0.751 0.742 0.69 0.624 0.582 0.555 0.493 0.451 0.391 0.317 0.287 0.329 0.426 0.514 0.531 0.557 0.544 0.626 0.702 0.545 0.455
-9 -9 -9 -9 -9 -9 -9 0.425 0.431 0.407 0.284 0.236 0.225 0.215 0.204 0.14 0.119 0.142 0.116 -0.081 -0.149 -0.084 -0.053 -0.011 0.059 0.155 0.168 0.041 -0.212 -0.267 -0.245 -0.329 -0.483 -0.517 -0.468 -0.344 -0.193 0.118 0.503 0.634 0.66 0.658 0.661 0.696 0.743 0.753 0.802 0.831 0.852 0.883 0.927 0.968 0.918 0.825 0.753 0.756 0.74 0.689 0.607 0.587 0.521 0.456 0.427 0.356 0.309 0.268 0.316 0.412 0.443 0.511 0.502 0.544 0.634 0.68 0.556 0.497
-9 -9 -9 -9 -9 -9 -9 0.412 0.392 0.327 0.285 0.255 0.292 0.271 0.184 0.119 0.124 0.138 -0.031 -0.102 -0.105 -0.075 -0.056 0.018 0.138 0.126 -0.008 -0.124 -0.249 -0.235 -0.252 -0.414 -0.494 -0.442 -0.404 -0.257 0.038 0.396 0.593 0.643 0.654 0.649 0.662 0.696 0.753 0.78 0.81 0.844 0.891 0.923 0.951 0.975 0.918 0.848 0.793 0.77 0.736 0.699 0.608 0.566 0.471 0.395 0.379 0.363 0.326 0.288 0.326 0.397 0.395 0.466 0.49 0.539 0.646 0.671 0.587 0.512
-9 -9 -9 -9 -9 -9 -9 0.379 0.3 0.257 0.283 0.32 0.352 0.274 0.146 0.182 0.153 0.019 -0.076 -0.034 -0.041 -0.031 0.013 0.149 0.125 -0.04 -0.148 -0.225 -0.26 -0.241 -0.312 -0.445 -0.38 -0.327 -0.258 0.038 0.381 0.571 0.636 0.64 0.645 0.636 0.651 0.681 0.752 0.81 0.824 0.872 0.897 0.927 0.963 0.976 0.925 0.88 0.852 0.801 0.743 0.697 0.606 0.541 0.465 0.413 0.361 0.342 0.327 0.319 0.336 0.354 0.391 0.416 0.485 0.55 0.648 0.674 0.607 0.483
-9 -9 -9 -9 -9 -9 -9 0.249 0.251 0.217 0.256 0.4 0.375 0.284 0.269 0.237 0.044 -0.06 -0.055 -0.029 -0.021 0.008 0.151 0.085 -0.065 -0.143 -0.225 -0.205 -0.221 -0.295 -0.379 -0.389 -0.281 -0.2 0.09 0.394 0.561 0.621 0.638 0.627 0.647 0.631 0.655 0.697 0.764 0.841 0.85 0.883 0.875 0.932 0.944 0.98 0.954 0.912 0.91 0.852 0.77 0.698 0.639 0.553 0.479 0.444 0.372 0.354 0.347 0.317 0.305 0.329 0.404 0.426 0.461 0.557 0.634 0.649 0.632 0.541
-9 -9 -9 -9 -9 -9 -9 0.176 0.236 0.24 0.327 0.451 0.398 0.37 0.316 0.113 -0.061 -0.056 -0.037 -0.024 -0.012 0.097 0.079 -0.11 -0.177 -0.274 -0.248 -0.2 -0.262 -0.34 -0.285 -0.172 -0.125 0.064 0.379 0.544 0.611 0.628 0.609 0.609 0.634 0.623 0.679 0.728 0.785 0.867 0.865 0.864 0.875 0.937 0.93 0.961 0.986 0.969 0.958 0.9 0.815 0.722 0.672 0.594 0.535 0.483 0.419 0.397 0.381 0.335 0.332 0.373 0.442 0.466 0.492 0.559 0.584 0.635 0.64 0.576
-9 -9 -9 -9 -9 -9 -9 0.182 0.251 0.331 0.501 0.544 0.521 0.394 0.159 -0.019 -0.046 -0.044 -0.053 -0.019 0.096 0.077 -0.154 -0.24 -0.34 -0.333 -0.228 -0.208 -0.267 -0.183 -0.054 0.042 0.159 0.347 0.502 0.607 0.638 0.645 0.612 0.604 0.626 0.629 0.695 0.755 0.822 0.888 0.865 0.871 0.9 0.938 0.951 0.944 0.988 0.993 0.979 0.949 0.874 0.769 0.705 0.635 0.609 0.554 0.503 0.453 0.407 0.377 0.394 0.438 0.504 0.528 0.53 0.539 0.532 0.625 0.618 0.563
-9 -9 -9 -9 -9 -9 0.153 0.22 0.355 0.523 0.529 0.462 0.567 0.24 0.031 -0.018 -0.03 -0.059 -0.031 0.1 0.121 -0.103 -0.264 -0.373 -0.366 -0.237 -0.238 -0.335 -0.244 -0.068 0.06 0.126 0.204 0.367 0.533 0.63 0.655 0.665 0.653 0.636 0.687 0.701 0.716 0.793 0.857 0.889 0.9 0.904 0.908 0.943 0.975 0.991 1.011 0.989 0.995 0.978 0.934 0.851 0.766 0.709 0.683 0.615 0.592 0.484 0.428 0.409 0.452 0.493 0.547 0.559 0.54 0.533 0.547 0.58 0.568 0.542
-9 -9 -9 -9 -9 0.309 0.237 0.428 0.569 0.525 0.362 0.329 0.53 0.208 0.019 -0.039 -0.069 -0.023 0.122 0.134 -0.063 -0.23 -0.377 -0.381 -0.282 -0.175 -0.277 -0.346 -0.204 -0.04 0.168 0.192 0.277 0.481 0.576 0.641 0.67 0.695 0.693 0.665 0.728 0.763 0.788 0.856 0.875 0.879 0.936 0.955 0.972 1.01 1.02 0.998 1.02 0.997 1.006 1.013 0.988 0.929 0.862 0.803 0.77 0.728 0.688 0.568 0.53 0.486 0.503 0.504 0.538 0.549 0.556 0.543 0.522 0.394 0.516 0.504
-9 -9 -9 -9 -9 0.408 0.43 0.599 0.532 0.362 0.241 0.248 0.509 0.242 -0.016 -0.053 -0.014 0.12 0.179 -0.01 -0.251 -0.349 -0.385 -0.273 -0.182 -0.181 -0.271 -0.203 -0.031 0.154 0.314 0.384 0.47 0.542 0.6 0.641 0.661 0.67 0.737 0.76 0.752 0.829 0.871 0.915 0.902 0.916 0.976 0.999 1.037 1.053 1.053 1.035 1.02 1.013 1.033 1.033 1.029 1.008 0.959 0.907 0.899 0.883 0.825 0.766 0.653 0.545 0.507 0.411 0.464 0.555 0.587 0.554 0.411 0.278 0.492 0.468
-9 -9 -9 -9 -9 0.672 0.69 0.615 0.402 0.236 0.174 0.228 0.507 0.306 0.052 0.039 0.142 0.19 0.097 -0.178 -0.359 -0.399 -0.272 -0.156 -0.134 -0.216 -0.206 -0.039 0.145 0.303 0.346 0.432 0.534 0.573 0.613 0.636 0.646 0.693 0.737 0.836 0.843 0.868 0.877 0.935 0.941 0.964 0.998 1.028 1.057 1.056 1.053 1.053 1.047 1.039 1.038 1.03 1.028 1.028 1.022 1.01 1.005 1.002 0.983 0.946 0.789 0.58 0.522 0.457 0.437 0.586 0.605 0.545 0.311 0.21 0.457 0.486
-9 -9 -9 -9 -9 0.694 0.526 0.428 0.277 0.221 0.217 0.236 0.51 0.36 0.158 0.128 0.187 0.159 -0.089 -0.348 -0.367 -0.298 -0.173 -0.137 -0.082 -0.126 -0.005 0.147 0.321 0.432 0.408 0.455 0.495 0.528 0.585 0.62 0.639 0.678 0.754 0.836 0.909 0.942 0.917 0.943 0.969 0.997 1.027 1.048 1.058 1.056 1.053 1.053 1.052 1.044 1.037 1.029 1.028 1.028 1.026 1.023 1.023 1.021 1.013 1.011 0.98 0.821 0.78 0.745 0.555 0.627 0.566 0.506 0.296 0.1 0.367 0.488
-9 -9 -9 -9 0.756 0.445 0.404 0.335 0.279 0.247 0.227 0.384 0.421 0.354 0.159 0.14 0.139 0.076 -0.235 -0.373 -0.32 -0.202 -0.153 -0.1 -0.01 0.038 0.208 0.33 0.456 0.529 0.47 0.458 0.442 0.492 0.566 0.61 0.664 0.711 0.818 0.925 0.966 0.989 0.969 0.978 1.004 1.035 1.058 1.058 1.058 1.058 1.053 1.053 1.048 1.04 1.038 1.03 1.028 1.028 1.025 1.023 1.023 1.022 1.015 1.012 1.004 0.992 0.986 0.986 0.818 0.673 0.602 0.506 0.405 0.272 0.321 0.5
-9 -9 -9 -9 0.486 0.422 0.398 0.347 0.285 0.138 0.244 0.349 0.253 0.251 0.18 0.124 0.091 -0.013 -0.168 -0.278 -0.263 -0.218 -0.142 -0.013 0.074 0.206 0.339 0.464 0.532 0.598 0.55 0.474 0.497 0.586 0.69 0.767 0.842 0.905 0.969 1.001 1.006 1.021 1.014 1.025 1.036 1.056 1.065 1.059 1.058 1.058 1.053 1.051 1.048 1.041 1.038 1.035 1.029 1.028 1.026 1.023 1.023 1.022 1.018 1.016 1.013 1.009 1.008 1.004 0.995 0.869 0.824 0.708 0.601 0.583 0.619 0.722
-9 -9 -9 -9 0.482 0.43 0.348 0.316 0.159 0.104 0.093 0.196 0.133 0.134 0.179 0.124 0.011 -0.093 -0.142 -0.18 -0.196 -0.207 -0.11 0.057 0.15 0.226 0.417 0.561 0.612 0.658 0.602 0.552 0.648 0.788 0.892 0.966 1.014 1.042 1.054 1.056 1.052 1.051 1.052 1.064 1.066 1.068 1.068 1.062 1.06 1.058 1.055 1.052 1.048 1.042 1.038 1.038 1.032 1.03 1.028 1.023 1.023 1.023 1.019 1.013 1.013 1.011 1.008 1.008 1.008 1.004 1.003 0.989 0.954 0.944 0.93 0.924
-9 -9 -9 -9 0.477 0.379 0.286 0.222 0.093 -0.006 -0.055 -0.059 0.029 0.053 0.044 0.035 -0.031 -0.058 -0.021 -0.06 -0.093 -0.057 0.041 0.143 0.204 0.351 0.528 0.657 0.693 0.709 0.652 0.686 0.859 0.944 0.991 1.037 1.077 1.083 1.084 1.083 1.079 1.075 1.074 1.073 1.072 1.068 1.068 1.065 1.063 1.061 1.056 1.051 1.048 1.044 1.038 1.038 1.034 1.033 1.03 1.023 1.022 1.022 1.019 1.013 1.012 1.01 1.008 1.008 1.006 1.004 1.005 1.008 1.005 1.003 1 0.975
-9 -9 -9 -9 0.401 0.32 0.225 0.134 0.087 -0.016 -0.098 -0.153 -0.122 0.022 -0.088 -0.185 -0.062 -0.074 -0.163 -0.075 0.007 0.057 0.156 0.292 0.372 0.514 0.688 0.745 0.807 0.78 0.797 0.921 0.995 1.006 1.033 1.075 1.088 1.088 1.086 1.083 1.083 1.083 1.075 1.073 1.073 1.068 1.068 1.067 1.066 1.063 1.059 1.054 1.048 1.044 1.04 1.038 1.037 1.033 1.033 1.025 1.021 1.018 1.018 1.014 1.01 1.008 1.008 1.008 1.005 1.008 1.008 1.008 1.003 1.005 1.011 1.004
-9 -9 -9 0.401 0.335 0.266 0.187 0.121 0.067 -0.023 -0.137 -0.174 -0.067 -0.056 -0.188 -0.219 -0.114 -0.245 -0.371 -0.257 -0.146 0.002 0.193 0.481 0.679 0.756 0.83 0.866 0.87 0.923 0.973 1.022 1.044 1.04 1.077 1.097 1.092 1.092 1.088 1.087 1.083 1.083 1.076 1.073 1.073 1.072 1.069 1.068 1.068 1.065 1.063 1.058 1.051 1.049 1.044 1.038 1.038 1.036 1.032 1.028 1.026 1.021 1.021 1.02 1.018 1.008 1.008 1.008 1.008 1.008 1.008 1.006 1.005 1.011 1.013 1.008
-9 -9 -9 0.347 0.26 0.153 0.146 0.11 0.065 -0.013 -0.087 -0.082 -0.109 -0.184 -0.192 -0.14 -0.23 -0.404 -0.406 -0.36 -0.225 0.07 0.418 0.634 0.764 0.851 0.897 0.941 0.949 0.986 1.023 1.043 1.054 1.079 1.102 1.099 1.096 1.093 1.093 1.093 1.088 1.083 1.082 1.073 1.073 1.073 1.072 1.068 1.068 1.067 1.063 1.059 1.056 1.05 1.048 1.045 1.04 1.038 1.032 1.028 1.028 1.025 1.023 1.022 1.02 1.012 1.011 1.008 1.008 1.008 1.007 1.008 1.011 1.013 1.012 1.011
-9 -9 -9 0.307 0.19 0.137 0.135 0.083 0.033 -0.011 -0.044 -0.147 -0.229 -0.199 -0.058 -0.109 -0.216 -0.395 -0.337 -0.135 0.053 0.376 0.641 0.78 0.847 0.888 0.936 0.983 1.011 1.032 1.035 1.06 1.09 1.108 1.103 1.103 1.098 1.098 1.093 1.093 1.093 1.084 1.085 1.078 1.074 1.073 1.073 1.07 1.068 1.068 1.062 1.058 1.057 1.052 1.048 1.048 1.044 1.038 1.037 1.034 1.029 1.028 1.024 1.021 1.018 1.014 1.013 1.009 1.014 1.012 1.01 1.013 1.013 1.013 1.012 1.014
-9 -9 -9 0.293 0.21 0.125 0.086 0.066 0 0.018 -0.14 -0.241 -0.234 -0.073 0.006 -0.126 -0.238 -0.284 -0.19 0.029 0.332 0.653 0.789 0.866 0.911 0.94 0.975 1.003 1.017 1.049 1.057 1.067 1.094 1.108 1.107 1.1 1.098 1.098 1.093 1.093 1.093 1.092 1.088 1.086 1.083 1.078 1.078 1.078 1.076 1.068 1.067 1.056 1.054 1.053 1.051 1.048 1.045 1.038 1.038 1.038 1.033 1.032 1.031 1.023 1.018 1.017 1.017 1.016 1.015 1.014 1.013 1.013 1.015 1.013 1.013 1.017
-9 -9 -9 -9 0.143 0.094 0.101 0.081 0.027 -0.019 -0.164 -0.139 -0.034 0.071 -0.081 -0.184 -0.262 -0.182 -0.035 0.205 0.573 0.807 0.88 0.91 0.941 0.965 0.988 1.009 1.036 1.056 1.078 1.078 1.113 1.108 1.108 1.105 1.101 1.098 1.098 1.094 1.093 1.093 1.09 1.087 1.083 1.083 1.078 1.078 1.078 1.063 1.063 1.063 1.061 1.054 1.053 1.044 1.044 1.028 1.012 1.004 1.004 1.001 0.965 0.876 0.702 0.794 0.828 0.932 0.996 1.013 1.015 1.017 1.014 1.013 1.016 1.019
-9 -9 -9 -9 0.165 0.185 0.151 0.075 -0.016 -0.099 -0.105 0.036 0.193 0.081 -0.13 -0.252 -0.228 -0.078 0.1 0.467 0.747 0.883 0.921 0.938 0.959 0.984 1.01 1.037 1.055 1.077 1.1 1.101 1.113 1.111 1.108 1.108 1.102 1.098 1.098 1.098 1.094 1.093 1.093 1.092 1.084 1.083 1.083 1.069 1.048 1.055 1.056 1.055 1.03 0.99 0.953 0.916 0.904 0.902 0.891 0.869 0.845 0.802 0.726 0.531 0.291 0.342 0.335 0.463 0.707 0.879 0.984 1.014 1.012 1.017 1.021 1.023
-9 -9 -9 -9 0.268 0.209 0.066 0.041 -0.011 -0.063 -0.05 0.191 0.163 -0.095 -0.291 -0.295 -0.206 0.026 0.386 0.697 0.855 0.905 0.95 0.968 0.993 1.018 1.042 1.066 1.081 1.113 1.117 1.116 1.115 1.115 1.111 1.108 1.105 1.101 1.099 1.098 1.098 1.094 1.093 1.093 1.09 1.083 1.082 1.057 1.039 1.038 0.99 0.912 0.851 0.804 0.752 0.709 0.672 0.672 0.648 0.575 0.491 0.42 0.339 0.266 0.142 0 -0.104 -0.013 0.064 0.387 0.475 0.738 0.842 0.93 0.99 0.987
-9 -9 -9 -9 0.31 0.083 0.054 0.053 0.02 0.055 0.197 0.063 -0.154 -0.234 -0.263 -0.194 -0.132 0.256 0.642 0.854 0.904 0.931 0.982 0.997 1.007 1.029 1.051 1.088 1.113 1.126 1.123 1.121 1.118 1.118 1.112 1.104 1.103 1.11 1.103 1.1 1.1 1.099 1.095 1.094 1.093 1.08 1.068 1.028 1.007 0.986 0.86 0.764 0.68 0.602 0.544 0.486 0.458 0.452 0.421 0.386 0.331 0.194 -0.068 0.032 -0.216 -0.54 -0.669 -0.632 -0.514 -0.244 -0.286 0.202 0.366 0.503 0.667 0.822
-9 -9 -9 -9 -9 0.012 -0.033 -0.03 0.134 0.22 -0.077 -0.23 -0.046 0.004 0.218 0.149 0.249 0.435 0.749 0.896 0.942 0.984 1 1.001 1.01 1.037 1.064 1.112 1.131 1.129 1.123 1.123 1.119 1.105 1.091 1.073 1.073 1.109 1.109 1.105 1.104 1.102 1.097 1.094 1.083 1.051 1.02 0.978 0.962 0.909 0.801 0.684 0.615 0.525 0.474 0.439 0.401 0.388 0.353 0.308 0.256 0.028 -0.079 -0.16 -0.4 -0.524 -0.68 -0.885 -0.772 -0.498 -0.074 0.28 -0.033 -0.218 -0.134 0.237
-9 -9 -9 -9 -9 -9 -0.091 -0.002 0.277 -0.037 -0.346 -0.199 0.218 0.359 0.514 0.555 0.596 0.582 0.761 0.766 0.949 1.004 1.008 1.004 1.028 1.059 1.102 1.13 1.133 1.132 1.123 1.123 1.096 1.068 1.047 1.033 1.039 1.092 1.111 1.106 1.104 1.094 1.07 1.064 1.044 1.001 0.976 0.931 0.868 0.82 0.844 0.704 0.608 0.509 0.457 0.408 0.381 0.355 0.312 0.306 0.277 0.19 0.163 0.027 -0.106 -0.353 -0.799 -0.78 -0.45 -0.182 -0.241 -0.203 -0.721 -0.962 -0.766 -0.219
-9 -9 -9 -9 -9 -9 -0.057 0.178 0.16 -0.278 -0.432 0.155 0.505 0.614 0.697 0.771 0.778 0.765 0.719 0.864 0.991 1.012 1.007 1.01 1.05 1.095 1.132 1.135 1.133 1.133 1.129 1.108 1.062 1.04 1.029 1.036 1.042 1.081 1.107 1.103 1.103 1.07 1.033 1.011 0.995 0.973 0.943 0.875 0.801 0.744 0.781 0.749 0.67 0.567 0.474 0.381 0.341 0.335 0.352 0.307 0.165 0.067 -0.048 -0.052 -0.141 -0.616 -1.004 -0.889 -0.741 -0.606 -0.847 -0.916 -1.071 -0.975 -0.637 -0.18
-9 -9 -9 -9 -9 -9 0.102 0.238 -0.145 -0.385 -0.318 0.203 0.306 0.647 0.798 0.85 0.841 0.732 0.773 0.954 1.006 1.016 1.004 1.039 1.074 1.108 1.138 1.136 1.133 1.133 1.126 1.075 1.034 1.032 1.036 1.05 1.059 1.086 1.095 1.098 1.086 1.038 1.013 0.977 0.932 0.923 0.885 0.836 0.785 0.74 0.675 0.631 0.643 0.69 -9 -9 -9 0.439 0.458 0.32 0.087 -0.108 -0.354 -0.344 -0.428 -0.673 -0.834 -1.021 -0.973 -0.985 -1.154 -1.078 -0.969 -0.725 -0.502 -0.331
-9 -9 -9 -9 -0.014 0.072 0.318 0.102 -0.299 -0.476 -0.266 -0.014 0.333 0.755 0.863 0.894 0.865 0.839 0.912 0.973 1.015 0.992 1.03 1.06 1.08 1.123 1.138 1.138 1.129 1.129 1.098 1.05 1.024 1.037 1.048 1.065 1.062 1.077 1.079 1.072 1.041 1 0.987 0.958 0.888 0.797 0.803 0.806 0.776 0.673 0.539 0.266 -9 -9 -9 -9 -9 0.451 0.443 0.427 0.377 0.225 -0.114 -0.303 -0.523 -0.679 -0.721 -0.838 -0.76 -0.749 -1.262 -1.224 -0.998 -0.756 -0.441 -0.082
