data/climatemaps/RS_maps/climate_postbreed_tmp_2004.asc
NCOLS 369 
NROWS 228 
XLLCORNER 479000 
YLLCORNER 73000 
CELLSIZE 1000 
NODATA_value -9 
[rows 68 to 101 of 228, columns 77 to 153 of 369]
0.537 0.504 0.423 0.371 0.374 0.452 0.628 0.63 0.341 0.325 0.319 0.32 0.298 0.276 0.276 0.277 0.276 0.258 0.247 0.219 0.178 0.167 0.167 0.235 0.405 0.45 0.5 0.513 0.468 0.482 0.479 0.512 0.54 0.539 0.533 0.505 0.514 0.499 0.446 0.417 0.399 0.343 0.197 0.061 0.061 0.088 0.116 0.245 0.28 0.297 0.405 0.56 0.684 0.733 0.777 0.803 0.819 0.835 0.835 0.852 0.852 0.842 0.808 0.804 0.8 0.808 0.842 0.854 0.875 0.857 0.82 0.838 0.847 0.838 0.778 0.77 0.77
0.507 0.43 0.37 0.384 0.497 0.574 0.65 0.431 0.267 0.318 0.305 0.291 0.266 0.263 0.286 0.285 0.282 0.261 0.236 0.218 0.205 0.225 0.297 0.41 0.486 0.496 0.513 0.542 0.55 0.533 0.546 0.564 0.568 0.555 0.549 0.548 0.526 0.423 0.367 0.285 0.159 0.05 0.093 0.07 0.197 0.314 0.459 0.544 0.599 0.639 0.694 0.728 0.725 0.75 0.788 0.83 0.856 0.85 0.851 0.869 0.871 0.85 0.855 0.834 0.817 0.837 0.864 0.852 0.844 0.835 0.841 0.833 0.826 0.833 0.828 0.798 0.781
0.479 0.387 0.369 0.487 0.598 0.617 0.474 0.338 0.318 0.327 0.297 0.266 0.27 0.287 0.287 0.294 0.28 0.285 0.303 0.343 0.377 0.342 0.342 0.404 0.464 0.515 0.53 0.499 0.457 0.414 0.395 0.383 0.373 0.335 0.305 0.295 0.221 0.129 0.068 -0.009 -0.008 0.122 0.26 0.39 0.544 0.625 0.69 0.724 0.744 0.767 0.776 0.759 0.801 0.824 0.842 0.863 0.867 0.873 0.872 0.874 0.837 0.813 0.83 0.837 0.857 0.859 0.846 0.821 0.825 0.833 0.838 0.813 0.795 0.802 0.836 0.802 0.75
0.448 0.417 0.496 0.622 0.559 0.416 0.331 0.326 0.3 0.252 0.247 0.267 0.3 0.294 0.259 0.27 0.289 0.334 0.335 0.316 0.28 0.248 0.268 0.324 0.421 0.498 0.43 0.346 0.255 0.19 0.148 0.117 0.124 0.108 0.105 0.155 0.147 0.118 0.081 0.081 0.195 0.414 0.523 0.64 0.7 0.738 0.773 0.798 0.81 0.823 0.823 0.822 0.849 0.86 0.872 0.866 0.867 0.871 0.852 0.847 0.823 0.813 0.82 0.841 0.847 0.844 0.822 0.818 0.833 0.828 0.831 0.808 0.789 0.785 0.819 0.792 0.743
0.408 0.547 0.62 0.528 0.362 0.314 0.31 0.269 0.2 0.211 0.256 0.281 0.292 0.255 0.21 0.194 0.212 0.218 0.218 0.232 0.285 0.32 0.338 0.364 0.409 0.41 0.227 0.176 0.136 0.141 0.183 0.244 0.265 0.235 0.208 0.211 0.218 0.24 0.283 0.386 0.538 0.656 0.727 0.78 0.805 0.819 0.849 0.861 0.862 0.862 0.862 0.862 0.865 0.873 0.871 0.86 0.867 0.863 0.837 0.822 0.817 0.822 0.832 0.852 0.836 0.828 0.823 0.822 0.813 0.813 0.823 0.794 0.785 0.776 0.798 0.798 0.737
0.438 0.661 0.521 0.379 0.305 0.283 0.25 0.201 0.194 0.244 0.269 0.255 0.221 0.158 0.114 0.105 0.168 0.235 0.342 0.428 0.501 0.555 0.56 0.55 0.519 0.366 0.281 0.341 0.361 0.464 0.484 0.465 0.381 0.327 0.299 0.309 0.338 0.436 0.573 0.706 0.779 0.8 0.825 0.853 0.86 0.869 0.877 0.877 0.873 0.873 0.863 0.857 0.852 0.854 0.859 0.862 0.867 0.858 0.845 0.825 0.827 0.833 0.832 0.847 0.831 0.821 0.799 0.798 0.804 0.803 0.812 0.779 0.768 0.744 0.756 0.796 0.734
0.553 0.597 0.404 0.33 0.285 0.24 0.233 0.239 0.26 0.257 0.221 0.148 0.106 0.095 0.133 0.268 0.412 0.5 0.568 0.601 0.617 0.618 0.596 0.579 0.574 0.529 0.553 0.582 0.57 0.622 0.497 0.421 0.408 0.45 0.44 0.459 0.537 0.637 0.741 0.828 0.853 0.867 0.875 0.88 0.881 0.883 0.875 0.863 0.856 0.834 0.815 0.809 0.835 0.846 0.856 0.859 0.863 0.856 0.846 0.834 0.821 0.817 0.834 0.845 0.824 0.804 0.791 0.814 0.812 0.787 0.808 0.75 0.714 0.715 0.744 0.761 0.752
0.606 0.468 0.349 0.301 0.277 0.273 0.295 0.291 0.266 0.222 0.137 0.079 0.09 0.199 0.369 0.531 0.599 0.595 0.555 0.454 0.483 0.462 0.336 0.296 0.315 0.468 0.488 0.371 0.491 0.634 0.4 0.437 0.489 0.455 0.503 0.588 0.69 0.785 0.845 0.871 0.878 0.885 0.887 0.887 0.886 0.874 0.852 0.824 0.812 0.776 0.769 0.795 0.841 0.858 0.86 0.854 0.86 0.848 0.834 0.812 0.812 0.825 0.841 0.843 0.819 0.813 0.821 0.811 0.779 0.772 0.796 0.738 0.673 0.691 0.736 0.756 0.736
0.568 0.435 0.331 0.308 0.291 0.289 0.293 0.272 0.215 0.13 0.074 0.13 0.277 0.442 0.562 0.582 0.532 0.375 0.257 0.215 0.232 0.17 0.102 0.092 0.103 0.241 0.244 0.231 0.429 0.675 0.579 0.485 0.506 0.669 0.777 0.817 0.852 0.876 0.889 0.885 0.886 0.887 0.887 0.877 0.842 0.834 0.792 0.764 0.766 0.774 0.796 0.83 0.843 0.86 0.86 0.858 0.854 0.834 0.821 0.806 0.824 0.838 0.819 0.831 0.832 0.827 0.799 0.758 0.74 0.74 0.783 0.738 0.69 0.653 0.688 0.727 0.675
0.535 0.452 0.336 0.284 0.288 0.274 0.231 0.186 0.103 0.072 0.153 0.39 0.514 0.558 0.505 0.366 0.223 0.133 0.102 0.1 0.084 0.056 0.016 0.039 0.114 0.288 0.481 0.583 0.659 0.673 0.707 0.696 0.81 0.852 0.831 0.802 0.826 0.869 0.896 0.897 0.892 0.887 0.872 0.813 0.777 0.772 0.751 0.756 0.79 0.818 0.835 0.839 0.843 0.85 0.859 0.86 0.858 0.843 0.824 0.818 0.838 0.807 0.781 0.811 0.789 0.762 0.754 0.715 0.668 0.7 0.784 0.766 0.706 0.613 0.649 0.664 0.651
0.348 0.448 0.354 0.301 0.267 0.213 0.147 0.123 0.128 0.218 0.459 0.558 0.529 0.347 0.185 0.065 -0.006 -0.019 -0.02 0.036 0.027 0.052 0.076 0.193 0.316 0.516 0.601 0.614 0.599 0.684 0.812 0.871 0.87 0.816 0.815 0.86 0.891 0.903 0.906 0.9 0.899 0.881 0.823 0.767 0.754 0.758 0.767 0.777 0.782 0.783 0.828 0.836 0.857 0.841 0.847 0.844 0.848 0.851 0.839 0.838 0.833 0.818 0.773 0.81 0.744 0.742 0.746 0.68 0.649 0.726 0.76 0.698 0.7 0.596 0.607 0.646 0.646
0.358 0.409 0.348 0.289 0.226 0.167 0.16 0.226 0.337 0.493 0.488 0.409 0.303 0.133 -0.054 -0.147 -0.168 -0.094 -0.012 0.077 0.125 0.139 0.125 0.177 0.374 0.509 0.433 0.508 0.671 0.848 0.905 0.893 0.858 0.826 0.86 0.906 0.907 0.907 0.907 0.905 0.889 0.854 0.792 0.763 0.761 0.782 0.76 0.776 0.787 0.819 0.854 0.846 0.856 0.856 0.835 0.843 0.841 0.839 0.845 0.834 0.786 0.786 0.72 0.795 0.705 0.704 0.707 0.629 0.68 0.727 0.75 0.656 0.647 0.644 0.633 0.645 0.659
0.351 0.38 0.3 0.243 0.234 0.26 0.405 0.465 0.448 0.336 0.244 0.178 0.115 -0.013 -0.162 -0.222 -0.128 0.03 0.212 0.225 0.11 0.011 0.054 0.234 0.36 0.312 0.447 0.672 0.852 0.913 0.895 0.869 0.893 0.907 0.909 0.908 0.906 0.901 0.869 0.862 0.835 0.833 0.785 0.774 0.743 0.716 0.724 0.708 0.736 0.839 0.86 0.852 0.851 0.851 0.835 0.843 0.852 0.824 0.815 0.763 0.748 0.783 0.767 0.741 0.706 0.657 0.676 0.634 0.674 0.695 0.699 0.737 0.711 0.683 0.631 0.618 0.629
0.316 0.325 0.265 0.262 0.324 0.407 0.405 0.299 0.218 0.204 0.199 0.144 -0.025 -0.113 -0.154 -0.046 0.114 0.248 0.324 0.16 0.125 0.224 0.341 0.34 0.31 0.434 0.734 0.918 0.917 0.913 0.898 0.896 0.881 0.908 0.913 0.913 0.897 0.83 0.8 0.854 0.834 0.826 0.776 0.735 0.718 0.701 0.714 0.724 0.813 0.859 0.854 0.846 0.846 0.846 0.835 0.842 0.845 0.838 0.801 0.765 0.755 0.769 0.752 0.698 0.692 0.615 0.616 0.643 0.66 0.669 0.623 0.696 0.686 0.698 0.625 0.602 0.637
0.279 0.307 0.29 0.357 0.416 0.314 0.198 0.156 0.144 0.162 0.194 0.106 -0.068 -0.086 0.08 0.237 0.335 0.381 0.346 0.323 0.413 0.49 0.453 0.411 0.514 0.75 0.907 0.93 0.91 0.903 0.901 0.898 0.892 0.91 0.913 0.913 0.901 0.86 0.869 0.867 0.829 0.798 0.754 0.736 0.725 0.739 0.79 0.835 0.857 0.849 0.84 0.846 0.846 0.844 0.834 0.836 0.84 0.823 0.812 0.805 0.755 0.777 0.703 0.683 0.655 0.599 0.557 0.627 0.602 0.639 0.612 0.656 0.624 0.694 0.645 0.621 0.648
0.244 0.302 0.351 0.364 0.307 0.178 0.144 0.132 0.159 0.212 0.239 0.081 0.018 0.169 0.315 0.419 0.471 0.477 0.477 0.506 0.532 0.53 0.532 0.613 0.792 0.92 0.933 0.921 0.888 0.859 0.847 0.854 0.846 0.904 0.913 0.913 0.906 0.897 0.871 0.85 0.816 0.756 0.712 0.738 0.784 0.842 0.866 0.861 0.842 0.833 0.835 0.846 0.842 0.841 0.833 0.835 0.837 0.793 0.788 0.793 0.775 0.759 0.694 0.679 0.608 0.572 0.559 0.619 0.59 0.611 0.579 0.616 0.604 0.685 0.654 0.651 0.63
0.262 0.326 0.26 0.193 0.165 0.185 0.225 0.273 0.325 0.368 0.251 0.11 0.208 0.36 0.442 0.514 0.533 0.536 0.529 0.514 0.525 0.6 0.72 0.816 0.922 0.933 0.929 0.905 0.869 0.841 0.856 0.886 0.905 0.913 0.911 0.893 0.871 0.855 0.829 0.813 0.806 0.78 0.782 0.84 0.857 0.863 0.854 0.832 0.806 0.827 0.84 0.843 0.833 0.836 0.833 0.833 0.818 0.757 0.754 0.783 0.762 0.723 0.711 0.699 0.637 0.569 0.552 0.581 0.577 0.579 0.554 0.608 0.638 0.662 0.61 0.628 0.604
0.243 0.192 0.076 0.05 0.089 0.23 0.299 0.352 0.417 0.422 0.183 0.148 0.318 0.411 0.451 0.539 0.55 0.528 0.495 0.504 0.615 0.788 0.889 0.937 0.933 0.933 0.915 0.865 0.825 0.86 0.917 0.922 0.92 0.914 0.897 0.857 0.84 0.83 0.823 0.832 0.845 0.844 0.854 0.848 0.828 0.834 0.827 0.793 0.791 0.822 0.839 0.842 0.833 0.833 0.833 0.833 0.805 0.765 0.749 0.767 0.738 0.685 0.669 0.642 0.617 0.604 0.529 0.576 0.6 0.598 0.603 0.625 0.626 0.636 0.589 0.598 0.566
0.152 0.044 0.004 0.04 0.148 0.275 0.345 0.382 0.458 0.409 0.134 0.177 0.355 0.366 0.469 0.557 0.554 0.514 0.517 0.676 0.842 0.929 0.947 0.946 0.941 0.933 0.879 0.827 0.839 0.896 0.926 0.923 0.917 0.916 0.884 0.842 0.828 0.808 0.811 0.85 0.855 0.85 0.831 0.807 0.799 0.799 0.803 0.769 0.784 0.818 0.83 0.842 0.831 0.828 0.833 0.82 0.787 0.783 0.764 0.749 0.7 0.667 0.634 0.575 0.553 0.575 0.535 0.601 0.604 0.596 0.586 0.592 0.583 0.607 0.565 0.566 0.51
0.077 0.096 0.112 0.18 0.32 0.45 0.543 0.555 0.552 0.321 0.117 0.273 0.415 0.457 0.574 0.641 0.637 0.652 0.759 0.894 0.947 0.941 0.953 0.951 0.947 0.902 0.866 0.87 0.895 0.917 0.927 0.923 0.914 0.916 0.887 0.847 0.829 0.786 0.808 0.831 0.831 0.838 0.821 0.785 0.782 0.781 0.776 0.755 0.781 0.804 0.814 0.835 0.831 0.82 0.833 0.817 0.796 0.78 0.748 0.711 0.661 0.651 0.616 0.53 0.529 0.55 0.547 0.596 0.572 0.56 0.534 0.53 0.552 0.574 0.538 0.534 0.473
0.071 0.177 0.307 0.468 0.568 0.624 0.639 0.611 0.53 0.238 0.22 0.425 0.512 0.636 0.738 0.819 0.85 0.886 0.93 0.951 0.953 0.949 0.954 0.954 0.93 0.902 0.912 0.918 0.918 0.924 0.927 0.926 0.914 0.904 0.875 0.867 0.856 0.829 0.833 0.832 0.836 0.828 0.816 0.786 0.774 0.753 0.76 0.774 0.798 0.791 0.814 0.833 0.827 0.808 0.819 0.81 0.808 0.803 0.763 0.678 0.694 0.656 0.584 0.554 0.552 0.538 0.542 0.59 0.551 0.524 0.475 0.464 0.514 0.512 0.496 0.462 0.432
0.18 0.394 0.528 0.592 0.633 0.655 0.645 0.602 0.457 0.238 0.36 0.548 0.693 0.861 0.923 0.94 0.946 0.951 0.954 0.954 0.954 0.954 0.954 0.934 0.92 0.928 0.927 0.928 0.927 0.927 0.927 0.921 0.912 0.877 0.865 0.873 0.865 0.841 0.829 0.828 0.825 0.807 0.793 0.771 0.758 0.757 0.769 0.784 0.806 0.812 0.827 0.833 0.82 0.806 0.808 0.79 0.79 0.795 0.778 0.711 0.711 0.646 0.567 0.618 0.581 0.547 0.527 0.576 0.547 0.501 0.476 0.442 0.411 0.421 0.398 0.353 0.363
0.323 0.498 0.584 0.625 0.639 0.646 0.612 0.529 0.28 0.323 0.631 0.736 0.886 0.956 0.959 0.954 0.954 0.943 0.954 0.954 0.954 0.94 0.92 0.901 0.932 0.928 0.933 0.933 0.933 0.927 0.927 0.92 0.908 0.849 0.851 0.83 0.832 0.828 0.839 0.836 0.813 0.8 0.761 0.758 0.754 0.781 0.79 0.792 0.807 0.831 0.83 0.827 0.813 0.806 0.762 0.741 0.734 0.763 0.788 0.736 0.662 0.562 0.559 0.637 0.618 0.585 0.559 0.596 0.517 0.552 0.557 0.534 0.509 0.452 0.412 0.375 0.27
0.431 0.581 0.622 0.651 0.659 0.621 0.475 0.303 0.244 0.588 0.766 0.851 0.957 0.96 0.96 0.936 0.837 0.893 0.954 0.942 0.878 0.876 0.854 0.927 0.934 0.914 0.931 0.933 0.933 0.927 0.915 0.913 0.841 0.834 0.816 0.806 0.773 0.763 0.787 0.827 0.821 0.819 0.822 0.807 0.791 0.793 0.779 0.784 0.813 0.833 0.826 0.819 0.8 0.732 0.748 0.724 0.745 0.741 0.789 0.717 0.63 0.549 0.619 0.669 0.598 0.557 0.619 0.606 0.604 0.584 0.517 0.505 0.398 0.399 0.339 0.356 0.341
0.557 0.613 0.639 0.668 0.645 0.466 0.249 0.28 0.53 0.786 0.839 0.947 0.947 0.954 0.93 0.831 0.882 0.933 0.943 0.888 0.819 0.833 0.917 0.945 0.937 0.947 0.943 0.939 0.933 0.903 0.888 0.891 0.839 0.82 0.767 0.711 0.667 0.685 0.708 0.751 0.726 0.699 0.735 0.795 0.82 0.822 0.801 0.786 0.822 0.833 0.815 0.766 0.779 0.756 0.72 0.64 0.725 0.666 0.768 0.759 0.646 0.659 0.69 0.616 0.59 0.578 0.654 0.64 0.614 0.516 0.44 0.441 0.425 0.297 0.275 0.257 0.274
0.59 0.629 0.653 0.677 0.55 0.346 0.391 0.591 0.784 0.883 0.938 0.937 0.948 0.962 0.899 0.888 0.929 0.934 0.896 0.83 0.832 0.905 0.944 0.918 0.938 0.947 0.947 0.939 0.907 0.893 0.905 0.845 0.802 0.775 0.729 0.618 0.594 0.633 0.674 0.699 0.684 0.684 0.718 0.762 0.791 0.799 0.81 0.824 0.825 0.815 0.791 0.741 0.728 0.721 0.682 0.641 0.696 0.622 0.685 0.778 0.749 0.717 0.658 0.594 0.594 0.647 0.666 0.59 0.546 0.551 0.5 0.426 0.394 0.379 0.284 0.217 0.17
0.602 0.62 0.632 0.677 0.583 0.57 0.692 0.832 0.938 0.965 0.964 0.954 0.967 0.972 0.973 0.962 0.957 0.942 0.889 0.878 0.895 0.938 0.943 0.937 0.948 0.947 0.944 0.908 0.881 0.913 0.832 0.775 0.7 0.667 0.62 0.553 0.597 0.599 0.689 0.701 0.683 0.676 0.729 0.758 0.773 0.787 0.795 0.798 0.8 0.757 0.729 0.712 0.686 0.734 0.654 0.621 0.66 0.556 0.631 0.738 0.763 0.763 0.708 0.68 0.696 0.695 0.644 0.588 0.603 0.538 0.493 0.379 0.316 0.33 0.324 0.293 0.182
0.612 0.629 0.652 0.733 0.762 0.815 0.883 0.959 0.989 0.984 0.981 0.978 0.978 0.971 0.972 0.974 0.97 0.964 0.935 0.929 0.939 0.948 0.956 0.955 0.952 0.947 0.928 0.873 0.881 0.903 0.794 0.736 0.639 0.594 0.574 0.588 0.649 0.698 0.724 0.727 0.715 0.715 0.763 0.761 0.78 0.786 0.767 0.753 0.696 0.651 0.639 0.683 0.696 0.71 0.635 0.597 0.582 0.574 0.647 0.644 0.732 0.73 0.743 0.739 0.734 0.69 0.666 0.618 0.533 0.486 0.465 0.369 0.277 0.251 0.236 0.261 0.168
0.705 0.747 0.794 0.857 0.912 0.962 0.986 0.992 0.994 0.991 0.989 0.987 0.987 0.982 0.974 0.974 0.974 0.969 0.969 0.96 0.953 0.952 0.96 0.96 0.958 0.95 0.914 0.872 0.864 0.882 0.831 0.757 0.706 0.691 0.665 0.673 0.729 0.726 0.722 0.733 0.755 0.77 0.777 0.782 0.813 0.806 0.767 0.71 0.614 0.59 0.624 0.654 0.658 0.606 0.544 0.538 0.53 0.562 0.58 0.603 0.698 0.658 0.678 0.699 0.724 0.725 0.698 0.607 0.504 0.466 0.462 0.368 0.26 0.305 0.28 0.225 0.097
0.863 0.903 0.937 0.969 0.995 1 1 0.996 0.994 0.994 0.992 0.99 0.988 0.985 0.974 0.974 0.974 0.969 0.973 0.964 0.96 0.963 0.963 0.96 0.96 0.951 0.906 0.88 0.853 0.875 0.857 0.794 0.784 0.753 0.73 0.74 0.754 0.73 0.73 0.746 0.765 0.771 0.778 0.786 0.848 0.826 0.802 0.724 0.69 0.587 0.551 0.53 0.631 0.555 0.498 0.458 0.511 0.502 0.565 0.635 0.645 0.576 0.628 0.656 0.65 0.68 0.731 0.68 0.569 0.532 0.482 0.41 0.304 0.369 0.298 0.174 0.126
0.967 0.999 1.007 1.01 1.011 1.002 1 0.999 0.994 0.994 0.994 0.994 0.992 0.978 0.974 0.974 0.974 0.963 0.966 0.968 0.967 0.967 0.963 0.96 0.958 0.937 0.9 0.883 0.857 0.891 0.867 0.854 0.852 0.811 0.788 0.781 0.794 0.793 0.785 0.794 0.795 0.796 0.811 0.819 0.845 0.829 0.812 0.783 0.756 0.641 0.554 0.522 0.658 0.563 0.512 0.463 0.445 0.511 0.623 0.579 0.57 0.522 0.601 0.588 0.59 0.569 0.691 0.71 0.607 0.538 0.45 0.422 0.37 0.399 0.285 0.175 0.192
1.005 1.02 1.02 1.017 1.014 1.011 1.004 1 0.997 0.994 0.994 0.994 0.988 0.974 0.974 0.949 0.891 0.856 0.9 0.968 0.967 0.967 0.964 0.96 0.942 0.928 0.906 0.895 0.879 0.896 0.851 0.854 0.857 0.849 0.835 0.834 0.85 0.856 0.84 0.849 0.825 0.81 0.812 0.806 0.824 0.808 0.804 0.805 0.793 0.756 0.666 0.62 0.692 0.591 0.555 0.48 0.436 0.55 0.562 0.483 0.496 0.527 0.591 0.527 0.529 0.48 0.643 0.721 0.621 0.502 0.512 0.437 0.449 0.363 0.337 0.286 0.29
1.019 1.024 1.02 1.02 1.014 1.014 1.012 1.011 1.004 0.999 0.994 0.993 0.977 0.957 0.938 0.907 0.834 0.881 0.943 0.976 0.967 0.967 0.962 0.938 0.899 0.9 0.907 0.887 0.895 0.873 0.813 0.767 0.752 0.775 0.77 0.788 0.807 0.811 0.802 0.835 0.811 0.801 0.802 0.797 0.819 0.797 0.791 0.8 0.765 0.75 0.746 0.741 0.742 0.658 0.57 0.492 0.43 0.569 0.514 0.424 0.463 0.515 0.53 0.474 0.468 0.479 0.63 0.716 0.605 0.529 0.53 0.479 0.469 0.419 0.407 0.379 0.351
1.025 1.027 1.026 1.02 1.02 1.016 1.014 1.014 1.012 0.997 0.978 0.96 0.934 0.909 0.913 0.921 0.938 0.967 0.979 0.98 0.975 0.967 0.94 0.897 0.875 0.873 0.891 0.87 0.9 0.851 0.77 0.716 0.692 0.748 0.757 0.791 0.8 0.799 0.804 0.809 0.805 0.807 0.811 0.815 0.834 0.809 0.791 0.798 0.713 0.668 0.657 0.748 0.776 0.695 0.572 0.506 0.509 0.607 0.469 0.404 0.415 0.385 0.407 0.392 0.435 0.509 0.61 0.707 0.679 0.635 0.582 0.529 0.537 0.517 0.399 0.425 0.367
