data/climatemaps/RS_maps/climate_postbreed_tmp_2001.asc
NCOLS 369 
NROWS 228 
XLLCORNER 479000 
YLLCORNER 73000 
CELLSIZE 1000 
NODATA_value -9 
[rows 102 to 135 of 228, columns 228 to 303 of 369]
-0.379 -0.951 -1.02 -1.084 -1.193 -1.304 -1.36 -1.543 -1.264 -0.8 -0.154 0.394 0.561 0.13 -0.635 -0.645 -0.824 -1.19 -1.421 -1.289 -1.28 -1.15 -0.886 -0.491 0.025 0.09 -0.374 -0.484 -0.695 -1.091 -1.81 -1.864 -1.441 -1.077 -0.923 -0.854 -0.768 -0.672 -0.549 -0.601 -1.042 -1.102 -0.701 -0.978 -0.802 -0.313 0.144 -0.075 -0.825 -0.71 -0.256 0.041 0.356 0.739 0.756 0.54 -0.103 -0.591 -0.354 -0.349 -0.78 -0.81 -0.46 -0.082 -0.062 -0.207 0.01 0.17 0.265 0.256 0.277 0.209 0.14 -0.051 -0.345 -0.657
-0.406 -0.926 -1.021 -1.006 -0.968 -1.119 -1.455 -1.344 -0.993 -0.645 0.012 0.574 0.284 -0.033 -0.623 -1.114 -1.207 -1.373 -1.647 -1.515 -1.07 -0.821 -0.556 -0.236 0.041 0.021 -0.252 -0.674 -0.942 -1.505 -2.146 -1.951 -1.416 -1.138 -1.179 -1.318 -1.2 -1.178 -0.964 -0.759 -0.559 -0.456 -0.229 -0.142 -0.067 0.165 -0.012 -0.748 -1.093 -1.027 -0.615 -0.153 0.245 0.734 0.742 0.414 -0.115 -0.586 -0.708 -0.407 -0.688 -0.962 -0.646 -0.341 -0.159 -0.484 -0.463 -0.261 0.002 -0.058 -0.079 -0.008 0.101 0.178 0.04 -0.224
-0.258 -0.549 -0.944 -1.055 -1.362 -1.317 -0.97 -0.585 -0.411 -0.155 0.312 0.432 -0.221 -0.437 -0.344 -0.872 -1.345 -1.477 -1.476 -1.344 -1.009 -0.511 -0.182 -0.043 -0.23 -0.543 -0.489 -0.97 -1.392 -1.826 -2.034 -1.99 -1.767 -1.615 -1.722 -1.947 -1.977 -2.039 -1.801 -1.5 -1.399 -1.546 -1.311 -0.763 -0.008 -0.011 -0.91 -1.665 -1.442 -1.043 -0.627 -0.131 0.382 0.758 0.704 0.362 -0.059 -0.56 -0.942 -0.551 -0.642 -1.047 -0.869 -0.593 -0.286 -0.701 -0.885 -0.65 -0.241 -0.434 -0.596 -0.427 -0.238 -0.1 0.004 0.133
-0.555 -1.193 -1.326 -1.372 -1.161 -0.626 -0.369 -0.413 -0.464 -0.305 0.283 0.302 -0.281 -0.868 -0.531 -0.611 -1.252 -1.445 -1.208 -0.93 -0.696 -0.334 -0.121 -0.396 -0.958 -1.12 -0.883 -1.324 -1.664 -1.766 -1.821 -1.801 -1.775 -1.508 -1.562 -1.891 -2.007 -2.124 -2.194 -2.165 -2.011 -1.366 -0.932 -0.487 0.089 -0.384 -1.2 -1.689 -1.295 -0.993 -0.515 0.121 0.634 0.728 0.621 0.336 -0.153 -0.488 -0.953 -0.725 -0.871 -1.214 -1.063 -0.634 -0.512 -0.755 -1.184 -0.904 -0.543 -0.748 -0.899 -0.784 -0.617 -0.456 -0.297 -0.016
-0.82 -1.303 -1.346 -0.945 -0.507 -0.406 -0.596 -0.843 -0.953 -0.599 0.224 0.187 -0.488 -1.075 -0.925 -0.621 -1.359 -1.53 -1.089 -0.646 -0.474 -0.327 -0.637 -1.041 -1.596 -1.515 -1.311 -1.816 -1.686 -1.475 -1.584 -1.662 -1.438 -1.243 -1.176 -1.493 -1.739 -1.949 -1.967 -1.673 -1.641 -1.263 -0.805 -0.226 -0.025 -0.692 -1.588 -1.476 -1.186 -0.834 -0.352 0.31 0.727 0.654 0.508 0.254 -0.278 -0.675 -1.01 -0.965 -1.304 -1.296 -1.003 -0.722 -0.91 -0.981 -1.34 -1.028 -0.893 -0.967 -1.189 -1.009 -0.816 -0.705 -0.684 -0.586
-1.349 -1.498 -1.03 -0.521 -0.54 -0.804 -0.998 -0.957 -0.871 -0.448 0.242 -0.126 -0.784 -1.492 -1.292 -0.928 -1.718 -1.65 -1.197 -0.963 -0.856 -0.573 -1.235 -1.907 -1.978 -1.817 -1.791 -1.979 -1.717 -1.314 -1.45 -1.674 -1.735 -1.65 -1.165 -1.095 -1.486 -1.84 -1.916 -1.703 -1.295 -0.831 -0.443 -0.065 -0.369 -0.971 -1.543 -1.281 -0.899 -0.514 0.01 0.556 0.755 0.619 0.402 0.091 -0.515 -1.072 -1.254 -1.325 -1.498 -1.261 -1.082 -1.167 -1.297 -1.199 -1.348 -1.027 -1.202 -1.217 -1.375 -1.215 -1.019 -0.984 -1.061 -1.039
-1.403 -1.316 -0.78 -0.73 -0.957 -1.278 -1.22 -1.049 -0.821 -0.404 0.12 -0.543 -1.255 -1.847 -1.62 -1.587 -2.013 -1.967 -1.716 -1.654 -1.311 -0.927 -1.699 -2.111 -1.987 -1.783 -1.699 -1.632 -1.637 -1.406 -1.137 -1.155 -1.487 -1.571 -1.481 -0.842 -1.076 -1.502 -1.649 -1.64 -1.178 -0.748 -0.29 -0.143 -0.741 -1.238 -1.219 -0.938 -0.423 0.014 0.471 0.739 0.756 0.608 0.281 -0.239 -0.809 -1.125 -1.076 -1.313 -1.397 -1.368 -1.306 -1.361 -1.343 -1.357 -1.271 -1.174 -1.326 -1.424 -1.396 -1.307 -1.266 -1.279 -1.436 -1.383
-1.164 -1.137 -0.917 -1.157 -1.33 -1.788 -1.595 -1.349 -1.076 -0.459 -0.113 -0.763 -1.511 -1.799 -1.793 -2.148 -1.91 -1.959 -1.723 -1.709 -1.556 -1.462 -1.962 -1.806 -1.743 -1.61 -1.481 -1.381 -1.311 -1.231 -0.934 -0.745 -0.917 -1.237 -1.321 -0.822 -0.641 -1.004 -1.353 -1.36 -1.02 -0.717 -0.257 -0.226 -0.803 -0.953 -0.633 -0.314 0.137 0.556 0.737 0.768 0.738 0.463 -0.048 -0.601 -0.691 -0.669 -0.666 -0.934 -0.902 -1.039 -1.007 -1.122 -1.124 -1.168 -1.37 -1.432 -1.335 -1.259 -1.18 -1.255 -1.401 -1.528 -1.559 -1.351
-1.457 -1.354 -1.254 -1.553 -1.831 -1.967 -1.797 -1.452 -0.938 -0.437 -0.987 -0.9 -1.308 -1.581 -1.703 -2.171 -1.754 -1.715 -1.699 -1.484 -1.639 -1.698 -1.719 -1.469 -1.46 -1.469 -1.271 -1.179 -1.036 -0.939 -0.796 -0.468 -0.481 -0.633 -0.936 -0.758 -0.347 -0.48 -0.972 -1.088 -0.896 -0.462 0.032 0.059 -0.306 -0.206 0.152 0.416 0.632 0.769 0.766 0.717 0.667 0.367 -0.235 -0.344 -0.24 -0.273 -0.372 -0.545 -0.57 -0.69 -0.639 -0.788 -0.847 -0.977 -1.229 -1.327 -1.038 -1.052 -1.322 -1.541 -1.681 -1.717 -1.574 -1.262
-1.867 -1.788 -1.855 -2.028 -2.055 -1.718 -1.588 -1.189 -0.454 -0.756 -1.827 -1.404 -1 -1.178 -1.848 -2.147 -1.816 -1.532 -1.519 -1.272 -1.515 -1.355 -1.439 -1.151 -1.208 -1.527 -1.382 -1.184 -0.99 -0.731 -0.616 -0.371 -0.212 -0.099 -0.205 -0.156 0.033 0.007 -0.409 -0.575 -0.535 -0.197 0.281 0.457 0.386 0.526 0.669 0.746 0.772 0.668 0.531 0.189 0.264 0.533 0.205 0.237 0.264 0.164 0.058 -0.089 -0.163 -0.267 -0.325 -0.381 -0.476 -0.738 -0.936 -1.125 -0.885 -1.243 -1.583 -1.645 -1.859 -1.811 -1.638 -1.306
-2.194 -2.212 -2.31 -2.219 -1.852 -1.316 -1.175 -0.8 -0.315 -1.125 -2.124 -1.912 -1.222 -1.093 -1.952 -1.873 -1.882 -1.58 -1.132 -0.684 -1.063 -0.975 -1.264 -0.984 -0.983 -1.331 -1.414 -1.275 -1.175 -0.838 -0.5 -0.223 -0.069 0.09 0.135 0.197 0.321 0.369 0.213 0.078 0.109 0.241 0.481 0.658 0.711 0.763 0.775 0.744 0.633 0.347 -0.018 -0.337 0.012 0.442 0.454 0.322 0.252 0.269 0.341 0.253 0.109 0.038 -0.04 -0.121 -0.209 -0.393 -0.55 -0.756 -0.77 -1.197 -1.369 -1.371 -1.587 -1.767 -1.546 -1.219
-2.18 -2.184 -2.263 -2.193 -1.59 -1.282 -1.432 -1.245 -0.763 -1.162 -2.165 -1.953 -1.232 -1.304 -1.867 -1.728 -1.565 -1.522 -1.394 -0.804 -0.588 -0.816 -1.266 -1.144 -0.812 -1.114 -1.249 -0.983 -0.94 -0.711 -0.326 -0.074 0.034 0.103 0.173 0.241 0.365 0.479 0.462 0.509 0.559 0.612 0.697 0.718 0.697 0.737 0.498 0.298 0.156 -0.166 -0.586 -0.501 -0.084 0.242 -0.119 -0.203 -0.235 -0.275 -0.061 -0.035 -0.074 -0.243 -0.335 -0.433 -0.473 -0.287 -0.366 -0.603 -0.788 -0.941 -1.075 -1.299 -1.482 -1.597 -1.314 -0.936
-2.039 -1.983 -2.152 -2.091 -1.683 -1.843 -2.067 -1.507 -1.07 -1.483 -2.043 -1.734 -1.307 -1.609 -1.652 -1.686 -1.401 -1.14 -1.053 -0.822 -0.302 -0.683 -1.264 -1.171 -0.794 -0.878 -0.96 -0.637 -0.556 -0.524 -0.284 0.05 0.108 0.065 0.19 0.319 0.403 0.495 0.581 0.573 0.64 0.686 0.719 0.751 0.616 0.367 -0.043 -0.26 -0.325 -0.577 -0.886 -0.471 0.009 0.058 -0.388 -0.728 -0.658 -0.643 -0.39 -0.393 -0.616 -0.774 -0.868 -0.939 -0.9 -0.49 -0.491 -0.83 -0.991 -1.149 -1.145 -1.532 -1.475 -1.292 -1.003 -0.656
-1.864 -1.922 -2.13 -1.909 -2.145 -2.727 -2.615 -1.651 -1.546 -2.246 -2.193 -1.877 -1.609 -1.53 -1.245 -1.221 -1.378 -1.121 -0.709 -0.578 -0.197 -0.439 -0.958 -0.911 -0.712 -0.642 -0.822 -0.414 -0.186 -0.231 -0.109 0.199 0.233 0.198 0.391 0.516 0.534 0.629 0.482 0.433 0.557 0.575 0.703 0.673 0.237 -0.201 -0.583 -0.79 -0.816 -1.065 -0.996 -0.473 0.002 -0.104 -0.555 -0.985 -1.074 -0.957 -0.749 -0.646 -1.145 -1.232 -1.197 -1.097 -0.918 -0.532 -0.668 -0.961 -1.246 -1.522 -1.503 -1.602 -1.308 -0.987 -0.669 -0.548
-1.856 -1.958 -1.998 -1.491 -1.836 -2.622 -2.451 -2.081 -2.326 -2.451 -2.103 -1.706 -1.309 -1.137 -0.96 -0.77 -1.22 -1.189 -0.737 -0.501 -0.241 -0.127 -0.551 -0.475 -0.516 -0.432 -0.67 -0.343 0.059 0.099 0.141 0.352 0.467 0.516 0.586 0.499 0.366 0.462 0.507 0.229 0.137 0.349 0.691 0.556 -0.111 -0.4 -0.727 -0.934 -0.993 -1.119 -1.092 -0.664 -0.172 -0.134 -0.555 -0.921 -1.334 -1.207 -1.119 -0.805 -1.409 -1.439 -1.231 -0.986 -0.806 -0.569 -0.867 -1.12 -1.368 -1.66 -1.662 -1.596 -1.336 -0.859 -0.526 -0.816
-2.17 -1.631 -1.632 -1.318 -1.776 -2.326 -2.457 -2.166 -1.987 -2.134 -1.846 -1.6 -1.489 -1.488 -1.187 -0.737 -0.823 -0.961 -0.67 -0.385 -0.239 0.077 -0.083 -0.031 -0.141 -0.095 -0.27 -0.1 0.231 0.472 0.5 0.549 0.588 0.54 0.504 0.255 -0.036 0.13 0.515 0.121 -0.346 0.035 0.542 0.691 0.172 -0.344 -0.445 -0.61 -0.864 -1.204 -1.194 -0.808 -0.314 -0.124 -0.449 -0.755 -1.21 -1.435 -1.229 -1.101 -1.455 -1.291 -1.056 -0.869 -0.672 -0.692 -1.111 -1.493 -1.73 -1.65 -1.472 -1.378 -1.106 -0.655 -0.583 -1.054
-1.982 -1.76 -1.215 -1.082 -1.638 -1.95 -2.053 -1.963 -1.599 -1.936 -2.105 -1.918 -1.629 -1.495 -1.196 -0.793 -0.473 -0.579 -0.465 -0.161 0.008 0.26 0.327 0.384 0.305 0.357 0.246 0.331 0.507 0.654 0.628 0.523 0.356 0.176 0.195 -0.068 -0.418 -0.025 0.273 0.222 -0.538 -0.274 0.26 0.625 0.415 -0.223 -0.08 -0.319 -0.814 -1.333 -1.253 -0.806 -0.513 -0.248 -0.266 -0.601 -1.082 -1.594 -1.377 -1.406 -1.35 -1.098 -0.908 -0.825 -0.63 -0.962 -1.316 -1.591 -1.626 -1.587 -1.369 -1.056 -0.734 -0.46 -0.705 -1.075
-1.478 -1.685 -1.249 -0.965 -1.538 -1.745 -1.951 -1.969 -1.58 -1.329 -1.659 -1.477 -1.244 -1.047 -0.723 -0.417 -0.251 -0.232 -0.204 -0.018 0.275 0.463 0.427 0.365 0.381 0.503 0.554 0.601 0.63 0.589 0.381 -0.036 -0.28 -0.298 -0.176 -0.173 -0.534 -0.297 -0.138 0.262 -0.383 -0.502 -0.169 0.246 0.685 0.325 0.178 -0.281 -0.616 -1.123 -1.339 -1.117 -0.869 -0.566 -0.297 -0.506 -0.984 -1.575 -1.634 -1.639 -1.352 -1.028 -1.159 -1.099 -0.747 -1.245 -1.566 -1.75 -1.689 -1.287 -1.139 -0.86 -0.51 -0.628 -0.745 -0.784
-1.315 -1.201 -1.06 -0.893 -1.53 -1.828 -1.727 -1.566 -1.51 -1.007 -0.909 -0.893 -0.78 -0.575 -0.379 -0.098 0.007 0.074 0.112 0.313 0.425 0.233 0.106 0.027 0.003 0.045 0.18 0.456 0.553 0.265 -0.155 -0.52 -0.732 -0.626 -0.48 -0.338 -0.943 -0.842 -0.293 0.183 -0.273 -0.722 -0.271 0.326 0.753 0.637 0.356 -0.136 -0.447 -0.716 -1.183 -1.43 -1.037 -0.691 -0.415 -0.521 -0.964 -1.516 -1.724 -1.563 -1.386 -1.208 -1.382 -0.991 -1.198 -1.313 -1.586 -1.638 -1.458 -1.309 -0.998 -0.581 -0.52 -0.888 -1.118 -0.75
-1.421 -1.136 -0.916 -0.684 -1.22 -1.674 -1.38 -1.192 -1.063 -0.838 -0.331 -0.282 -0.221 -0.127 0.013 0.238 0.343 0.363 0.308 0.274 0.054 -0.097 -0.212 -0.339 -0.417 -0.312 -0.061 0.202 0.532 0.144 -0.409 -0.693 -0.945 -1.15 -1.047 -0.813 -1.097 -0.887 -0.48 0.025 -0.379 -0.755 -0.252 0.239 0.688 0.686 0.513 0.143 -0.287 -0.58 -1.066 -1.377 -1.016 -0.618 -0.405 -0.608 -1.05 -1.609 -1.914 -1.662 -1.67 -1.663 -1.288 -1.229 -1.568 -1.492 -1.622 -1.517 -1.252 -0.995 -0.772 -0.449 -0.65 -1.067 -1.357 -1.033
-1.498 -1.556 -1.372 -0.729 -0.799 -1.403 -1.062 -0.845 -0.478 -0.315 0.064 0.244 0.279 0.309 0.335 0.22 0.131 0.057 -0.014 -0.047 -0.242 -0.378 -0.469 -0.603 -0.767 -0.583 -0.331 -0.036 0.429 0.204 -0.074 -0.208 -0.547 -1.138 -1.592 -1.315 -1.076 -0.57 -0.247 -0.093 -0.658 -0.753 -0.282 0.183 0.626 0.75 0.61 0.365 -0.261 -0.842 -1.251 -1.28 -0.876 -0.5 -0.359 -0.644 -1.121 -1.69 -1.848 -1.939 -1.795 -1.551 -1.222 -1.518 -1.784 -1.625 -1.457 -1.421 -1.274 -1.282 -0.876 -0.459 -0.777 -1.163 -1.558 -1.384
-1.667 -1.626 -1.415 -0.884 -0.489 -0.963 -0.693 -0.401 -0.046 0.175 0.349 0.347 0.337 0.22 0.022 -0.245 -0.347 -0.274 -0.365 -0.383 -0.52 -0.709 -0.791 -0.959 -0.764 -0.533 -0.261 0.024 0.432 0.251 0.044 -0.121 -0.474 -1.085 -1.702 -1.482 -1.027 -0.327 -0.094 -0.463 -0.926 -0.713 -0.302 0.15 0.587 0.77 0.684 0.489 -0.22 -0.8 -0.987 -1.204 -0.776 -0.461 -0.341 -0.525 -1.061 -1.429 -1.683 -1.797 -1.568 -1.413 -1.603 -1.782 -1.645 -1.425 -1.007 -1.137 -1.088 -1.053 -0.63 -0.512 -1.035 -1.295 -1.664 -1.668
-1.437 -1.318 -1.05 -0.721 -0.22 -0.337 -0.154 0.041 0.286 0.339 0.067 -0.151 0.005 -0.319 -0.51 -0.756 -0.815 -0.529 -0.686 -0.646 -0.634 -1.007 -0.956 -0.737 -0.503 -0.264 -0.037 0.277 0.354 -0.022 -0.389 -0.487 -0.834 -1.445 -1.725 -1.212 -0.842 -0.228 -0.269 -0.871 -0.889 -0.608 -0.301 0.087 0.504 0.756 0.732 0.559 -0.001 -0.359 -0.794 -1.215 -0.767 -0.498 -0.324 -0.439 -1.047 -1.291 -1.691 -1.623 -1.597 -1.633 -1.581 -1.419 -1.33 -1.172 -0.738 -0.714 -0.763 -0.756 -0.376 -0.621 -1.087 -1.467 -1.758 -1.856
-1.182 -0.849 -0.685 -0.324 0.109 0.173 0.233 0.313 0.326 -0.009 -0.535 -0.705 -0.395 -0.64 -1.028 -1.127 -1.025 -0.71 -0.945 -0.928 -0.84 -0.996 -0.788 -0.517 -0.275 -0.028 0.205 0.381 0.154 -0.106 -0.543 -0.806 -1.032 -1.529 -1.544 -0.933 -0.519 -0.114 -0.422 -0.942 -0.811 -0.532 -0.243 0.122 0.467 0.711 0.749 0.609 0.206 -0.313 -0.516 -1.014 -0.803 -0.487 -0.261 -0.381 -1.058 -1.658 -1.686 -1.546 -1.221 -1.277 -1.048 -0.928 -0.934 -0.797 -0.546 -0.321 -0.449 -0.485 -0.566 -0.711 -1.048 -1.439 -1.724 -1.923
-0.72 -0.321 -0.083 0.106 0.069 -0.047 -0.077 -0.144 -0.001 -0.367 -0.834 -0.946 -0.92 -0.816 -1.4 -1.385 -1.117 -0.861 -1.032 -1.154 -1.131 -0.994 -0.627 -0.366 -0.083 0.132 0.357 0.275 -0.004 -0.158 -0.426 -0.707 -0.96 -1.312 -1.409 -0.871 -0.414 -0.083 -0.724 -0.932 -0.781 -0.517 -0.235 0.085 0.392 0.617 0.747 0.691 0.524 0.126 -0.293 -0.689 -0.56 -0.327 -0.163 -0.334 -0.866 -1.576 -1.5 -1.382 -0.956 -0.886 -0.752 -0.51 -0.629 -0.479 -0.262 -0.153 -0.345 -0.477 -1.014 -0.943 -1.033 -1.402 -1.65 -1.797
-0.148 0.069 0.081 -0.222 -0.427 -0.503 -0.523 -0.762 -0.188 -0.398 -0.793 -1.191 -1.314 -1.152 -1.679 -1.465 -1.173 -1.054 -1.234 -1.132 -1.111 -0.847 -0.562 -0.214 0.058 0.272 0.338 -0.029 -0.455 -0.268 -0.418 -0.719 -1.003 -1.385 -1.326 -0.876 -0.383 -0.217 -0.911 -0.902 -0.687 -0.449 -0.185 0.073 0.367 0.601 0.651 0.366 0.456 0.509 0.272 -0.136 -0.034 0.069 -0.183 -0.259 -0.638 -1.275 -1.32 -0.973 -0.674 -0.516 -0.581 -0.271 -0.306 -0.097 -0.052 -0.325 -0.648 -0.947 -1.302 -1.312 -1.032 -1.425 -1.838 -1.727
0.037 0.041 -0.342 -0.783 -1.005 -1.048 -1.098 -0.922 -0.351 -0.239 -0.62 -1.172 -1.682 -1.549 -1.815 -1.629 -1.33 -1.194 -1.4 -1.21 -0.993 -0.691 -0.426 -0.063 0.181 0.248 0.181 -0.321 -0.738 -0.701 -0.333 -0.619 -1.026 -1.465 -1.143 -0.709 -0.281 -0.506 -0.937 -0.752 -0.493 -0.283 -0.069 0.204 0.332 0.444 0.49 0.025 -0.172 -0.099 0.174 0.363 0.331 0.254 -0.069 -0.1 -0.309 -0.766 -0.801 -0.495 -0.263 -0.21 -0.228 0.04 0.08 0.025 -0.305 -0.882 -1.189 -1.407 -1.535 -1.53 -1.353 -1.648 -1.74 -1.91
-0.129 -0.219 -0.854 -1.065 -1.299 -1.372 -1.031 -0.726 -0.438 -0.137 -0.643 -1.272 -1.715 -1.823 -1.759 -1.594 -1.329 -1.309 -1.358 -1.189 -0.893 -0.487 -0.183 0.057 0.019 0.049 0.057 -0.56 -1.014 -1.12 -0.685 -0.6 -1.042 -1.37 -0.956 -0.479 -0.188 -0.585 -0.832 -0.672 -0.331 -0.077 0.076 0.024 -0.241 0.072 0.359 -0.02 -0.696 -0.721 -0.267 -0.021 0.239 0.338 0.264 0.134 -0.009 -0.263 -0.222 -0.037 0.134 0.151 0.221 0.27 0.219 0.047 -0.614 -1.188 -1.375 -1.418 -1.681 -1.676 -1.6 -1.522 -1.666 -1.928
-0.401 -0.236 -0.483 -0.789 -1.362 -1.585 -1.231 -0.923 -0.861 -0.515 -0.364 -0.825 -1.366 -1.81 -1.731 -1.556 -1.331 -1.143 -0.983 -0.799 -0.539 -0.167 -0.058 -0.127 -0.433 -0.151 -0.018 -0.598 -1.002 -1.213 -1.057 -0.868 -1.308 -1.18 -0.775 -0.306 -0.602 -0.605 -0.707 -0.923 -0.493 -0.319 -0.366 -0.563 -0.818 -0.385 0.269 -0.028 -0.488 -0.772 -0.451 -0.463 -0.291 -0.029 0.27 0.377 0.294 0.225 0.259 0.293 0.316 0.271 0.228 0.002 -0.055 0.135 -0.331 -0.785 -0.853 -1.019 -1.359 -1.28 -1.291 -1.612 -1.912 -1.625
-0.34 -0.227 -0.511 -0.843 -1.47 -1.834 -1.471 -1.167 -1.241 -1.079 -0.43 -0.422 -1.115 -1.647 -1.617 -1.446 -1.248 -1.117 -0.809 -0.508 -0.203 -0.17 -0.364 -0.572 -0.863 -0.353 0.067 -0.322 -0.72 -1.147 -1.351 -1.364 -1.302 -0.934 -0.549 -0.557 -0.982 -1.058 -0.744 -1.303 -1.031 -0.929 -0.952 -1.07 -0.886 -0.487 0.234 -0.127 -0.718 -1.095 -0.832 -0.888 -0.68 -0.319 -0.038 0.265 0.4 0.266 0.117 0.087 0.044 -0.153 -0.14 -0.57 -0.498 -0.308 -0.011 -0.109 -0.566 -1.017 -1.152 -1.153 -1.578 -1.555 -1.358 -1.19
-0.469 -0.361 -0.927 -0.893 -1.408 -1.853 -1.669 -1.535 -1.459 -1.211 -0.638 -0.309 -1.058 -1.683 -1.672 -1.415 -1.281 -1.272 -0.834 -0.416 -0.231 -0.443 -0.922 -0.961 -1.091 -0.541 -0.008 -0.341 -0.987 -1.489 -1.769 -1.515 -1.121 -0.729 -0.447 -0.732 -1.252 -1.349 -1.064 -1.774 -1.657 -1.399 -1.141 -0.918 -0.617 -0.306 0.22 0.02 -0.627 -1.189 -1.168 -1.111 -0.825 -0.546 -0.282 0.033 0.293 0.035 -0.47 -0.428 -0.587 -0.66 -0.476 -0.952 -0.76 -0.934 -0.556 -0.067 -0.193 -0.768 -1.112 -0.935 -0.986 -0.817 -0.806 -0.852
-0.444 -0.5 -1.212 -1.023 -1.346 -1.81 -1.694 -1.451 -1.318 -1.148 -0.86 -0.665 -0.933 -1.653 -1.716 -1.297 -1.041 -0.99 -0.643 -0.327 -0.664 -0.832 -1.102 -1.462 -1.342 -0.908 -0.212 -0.645 -1.006 -1.268 -1.783 -1.59 -1.166 -0.665 -0.657 -1.106 -1.6 -1.549 -1.434 -1.772 -1.522 -1.188 -0.942 -0.706 -0.375 0.042 0.366 0.004 -0.507 -0.981 -1.295 -1.195 -0.937 -0.744 -0.45 -0.157 0.094 -0.069 -0.822 -0.931 -0.987 -1.07 -0.859 -1.176 -0.985 -1.124 -1.207 -0.549 -0.199 -0.341 -0.536 -0.511 -0.705 -0.968 -1.189 -1.233
-0.481 -0.571 -1.102 -1.209 -1.259 -1.675 -1.604 -1.371 -1.486 -1.563 -1.518 -1.482 -1.071 -1.495 -1.617 -1.332 -1.019 -0.655 -0.527 -0.45 -0.978 -1.397 -1.31 -1.691 -1.5 -0.918 -0.217 -0.694 -1.099 -1.079 -1.547 -1.514 -1.074 -0.666 -0.827 -1.604 -1.929 -1.702 -1.647 -1.588 -1.298 -1.075 -0.727 -0.43 -0.106 0.27 0.361 -0.25 -0.737 -1.056 -1.396 -1.343 -1.079 -0.933 -0.62 -0.333 0.02 0.029 -0.617 -1.162 -1.377 -1.424 -1.24 -1.458 -1.283 -1.123 -1.35 -0.875 -0.419 -0.167 -0.305 -0.699 -1.15 -1.45 -1.605 -1.639
-0.513 -0.81 -1.133 -1.417 -1.498 -1.879 -1.965 -1.581 -1.878 -2.018 -2.092 -1.884 -1.355 -1.341 -1.573 -1.212 -0.904 -0.996 -0.787 -0.632 -1.166 -1.636 -1.867 -1.76 -1.285 -0.715 -0.156 -0.516 -1.322 -1.541 -1.716 -1.463 -1.042 -0.654 -0.886 -1.799 -1.926 -1.636 -1.519 -1.351 -1.196 -0.986 -0.636 -0.253 0.044 0.344 0.213 -0.593 -1.192 -1.269 -1.541 -1.488 -1.339 -1.285 -0.824 -0.356 0.004 0.145 -0.463 -1.062 -1.501 -1.827 -1.717 -1.641 -1.587 -1.309 -1.575 -1.288 -0.941 -0.468 -0.322 -0.77 -1.139 -1.402 -1.636 -1.74
