data/climatemaps/RS_maps/climate_winter_pr_2005.asc
NCOLS 369 
NROWS 228 
XLLCORNER 479000 
YLLCORNER 73000 
CELLSIZE 1000 
NODATA_value -9 
[rows 132 to 164 of 228, columns 225 to 299 of 369]
-0.326 -0.316 -0.387 -0.542 -0.605 -0.487 -0.442 -0.255 -0.044 0.045 0.089 0.042 -0.1 -0.336 -0.482 -0.335 -0.173 -0.078 -0.042 -0.038 -0.097 -0.31 -0.561 -0.7 -0.709 -0.635 -0.625 -0.613 -0.749 -0.911 -0.876 -0.735 -0.594 -0.453 -0.395 -0.396 -0.492 -0.609 -0.591 -0.532 -0.515 -0.554 -0.427 -0.451 -0.502 -0.572 -0.663 -0.8 -0.96 -1.136 -1.138 -1.004 -0.832 -0.716 -0.621 -0.628 -0.703 -0.844 -1.007 -1.123 -1.127 -1.054 -1.036 -0.959 -0.877 -0.835 -0.705 -0.73 -0.733 -0.859 -1.008 -1.027 -0.945 -0.887 -0.896
-0.2 -0.161 -0.26 -0.47 -0.502 -0.362 -0.35 -0.198 0.02 0.115 0.126 0.069 -0.049 -0.201 -0.309 -0.267 -0.096 -0.011 -0.031 -0.066 -0.14 -0.348 -0.554 -0.57 -0.581 -0.543 -0.471 -0.5 -0.624 -0.834 -0.796 -0.71 -0.611 -0.431 -0.359 -0.365 -0.488 -0.544 -0.512 -0.464 -0.459 -0.449 -0.376 -0.421 -0.49 -0.566 -0.672 -0.833 -1.02 -1.152 -1.129 -1.008 -0.838 -0.656 -0.55 -0.536 -0.586 -0.731 -0.907 -1.05 -1.082 -0.978 -0.938 -0.867 -0.761 -0.699 -0.572 -0.58 -0.58 -0.62 -0.824 -0.958 -0.985 -0.983 -0.998
-0.044 -0.036 -0.169 -0.385 -0.411 -0.306 -0.243 -0.142 0.064 0.155 0.153 0.147 0.089 0.016 -0.037 -0.139 -0.039 0.032 0.014 -0.052 -0.205 -0.36 -0.492 -0.455 -0.425 -0.442 -0.363 -0.41 -0.573 -0.802 -0.764 -0.681 -0.631 -0.461 -0.36 -0.368 -0.481 -0.494 -0.424 -0.405 -0.414 -0.378 -0.367 -0.417 -0.471 -0.576 -0.71 -0.884 -1.059 -1.151 -1.083 -0.966 -0.808 -0.611 -0.485 -0.457 -0.488 -0.628 -0.812 -0.995 -1.074 -0.996 -0.901 -0.807 -0.697 -0.612 -0.475 -0.454 -0.486 -0.487 -0.641 -0.815 -0.939 -0.986 -0.961
0.111 0.019 -0.166 -0.304 -0.278 -0.225 -0.133 -0.027 0.171 0.286 0.238 0.269 0.23 0.197 0.127 0.005 0.004 0.078 0.023 -0.046 -0.088 -0.259 -0.401 -0.367 -0.323 -0.278 -0.289 -0.4 -0.582 -0.797 -0.784 -0.64 -0.554 -0.43 -0.366 -0.371 -0.484 -0.474 -0.391 -0.404 -0.414 -0.379 -0.38 -0.404 -0.458 -0.576 -0.742 -0.913 -1.073 -1.132 -1.025 -0.891 -0.763 -0.569 -0.437 -0.374 -0.376 -0.536 -0.757 -0.952 -1.072 -1.018 -0.931 -0.816 -0.666 -0.556 -0.451 -0.38 -0.404 -0.369 -0.467 -0.601 -0.797 -0.926 -0.918
0.214 0.027 -0.127 -0.202 -0.118 -0.076 0.015 0.124 0.285 0.371 0.317 0.3 0.237 0.2 0.149 0.066 0.072 0.132 0.083 0.053 0.016 -0.208 -0.318 -0.279 -0.219 -0.217 -0.296 -0.411 -0.621 -0.791 -0.762 -0.664 -0.547 -0.433 -0.372 -0.372 -0.484 -0.468 -0.396 -0.419 -0.429 -0.399 -0.399 -0.422 -0.454 -0.552 -0.704 -0.915 -1.081 -1.117 -1.009 -0.864 -0.728 -0.557 -0.409 -0.362 -0.39 -0.53 -0.732 -0.916 -1.059 -1.065 -0.998 -0.924 -0.756 -0.608 -0.481 -0.389 -0.371 -0.273 -0.342 -0.427 -0.609 -0.844 -0.844
0.281 0.057 0.025 -0.097 -0.052 0.053 0.153 0.244 0.347 0.326 0.26 0.252 0.191 0.156 0.129 0.116 0.148 0.187 0.106 0.046 -0.032 -0.199 -0.196 -0.124 -0.14 -0.216 -0.304 -0.46 -0.655 -0.75 -0.702 -0.643 -0.597 -0.47 -0.381 -0.373 -0.472 -0.502 -0.437 -0.425 -0.418 -0.389 -0.374 -0.399 -0.425 -0.505 -0.67 -0.926 -1.08 -1.087 -0.998 -0.89 -0.719 -0.502 -0.412 -0.392 -0.428 -0.521 -0.677 -0.859 -1.032 -1.099 -1.074 -0.977 -0.854 -0.745 -0.59 -0.461 -0.389 -0.273 -0.298 -0.354 -0.517 -0.76 -0.783
0.332 0.108 0.154 0.035 -0.051 0.095 0.206 0.28 0.344 0.286 0.19 0.25 0.244 0.221 0.178 0.136 0.216 0.228 0.217 0.097 -0.062 -0.111 -0.07 -0.051 -0.126 -0.2 -0.326 -0.481 -0.58 -0.651 -0.686 -0.602 -0.572 -0.449 -0.38 -0.364 -0.446 -0.501 -0.443 -0.423 -0.407 -0.371 -0.357 -0.359 -0.397 -0.504 -0.674 -0.923 -1.067 -1.047 -0.959 -0.876 -0.739 -0.52 -0.429 -0.421 -0.393 -0.45 -0.603 -0.809 -0.996 -1.108 -1.124 -1.034 -0.964 -0.881 -0.71 -0.6 -0.493 -0.359 -0.329 -0.382 -0.486 -0.687 -0.792
0.281 0.186 0.246 0.16 0.029 0.111 0.175 0.233 0.314 0.298 0.13 0.171 0.194 0.138 0.109 0.124 0.148 0.201 0.22 0.128 0.051 -0.012 0.027 0.001 -0.09 -0.205 -0.332 -0.395 -0.423 -0.519 -0.662 -0.593 -0.511 -0.434 -0.393 -0.388 -0.417 -0.424 -0.405 -0.414 -0.434 -0.426 -0.427 -0.421 -0.462 -0.534 -0.665 -0.9 -1.03 -1.005 -0.931 -0.835 -0.714 -0.543 -0.446 -0.385 -0.331 -0.399 -0.559 -0.774 -0.927 -1.056 -1.153 -1.111 -1.058 -0.995 -0.861 -0.743 -0.603 -0.418 -0.367 -0.394 -0.459 -0.596 -0.678
0.294 0.318 0.332 0.277 0.164 0.224 0.236 0.296 0.324 0.197 0 -0.009 0.056 0.021 0.019 0.013 0.073 0.127 0.217 0.201 0.113 0.067 0.089 -0.012 -0.13 -0.246 -0.257 -0.263 -0.308 -0.423 -0.598 -0.576 -0.468 -0.414 -0.391 -0.385 -0.379 -0.397 -0.422 -0.437 -0.441 -0.481 -0.534 -0.561 -0.567 -0.575 -0.673 -0.895 -1.024 -1.006 -0.953 -0.889 -0.74 -0.556 -0.447 -0.348 -0.314 -0.406 -0.565 -0.73 -0.808 -0.941 -1.104 -1.15 -1.107 -1.021 -0.908 -0.787 -0.686 -0.531 -0.393 -0.374 -0.442 -0.532 -0.558
0.371 0.396 0.422 0.318 0.284 0.371 0.34 0.297 0.258 0.111 -0.123 -0.182 -0.067 -0.097 -0.106 -0.021 0.081 0.159 0.218 0.211 0.131 0.086 0.045 -0.09 -0.174 -0.197 -0.151 -0.172 -0.232 -0.371 -0.516 -0.509 -0.46 -0.397 -0.387 -0.384 -0.409 -0.46 -0.512 -0.506 -0.485 -0.559 -0.66 -0.722 -0.731 -0.733 -0.763 -0.884 -0.967 -1.045 -0.973 -0.862 -0.736 -0.577 -0.428 -0.351 -0.365 -0.442 -0.576 -0.649 -0.682 -0.818 -1.008 -1.113 -1.092 -1.011 -0.934 -0.816 -0.72 -0.617 -0.436 -0.379 -0.422 -0.453 -0.49
0.407 0.444 0.469 0.371 0.387 0.418 0.316 0.193 0.089 -0.023 -0.268 -0.362 -0.247 -0.227 -0.183 -0.013 0.137 0.228 0.21 0.118 0.062 0 -0.059 -0.14 -0.098 -0.101 -0.102 -0.117 -0.208 -0.346 -0.398 -0.395 -0.419 -0.431 -0.445 -0.442 -0.443 -0.501 -0.551 -0.611 -0.621 -0.699 -0.753 -0.755 -0.714 -0.744 -0.744 -0.773 -0.894 -1.014 -0.959 -0.856 -0.717 -0.575 -0.439 -0.394 -0.411 -0.496 -0.556 -0.536 -0.588 -0.748 -0.936 -1.071 -1.063 -1.003 -0.935 -0.827 -0.714 -0.633 -0.487 -0.366 -0.371 -0.407 -0.506
0.353 0.357 0.397 0.369 0.348 0.322 0.238 0.083 -0.092 -0.225 -0.413 -0.491 -0.408 -0.298 -0.142 -0.031 0.116 0.25 0.204 0.104 0.126 0.057 -0.045 -0.108 -0.019 -0.036 -0.072 -0.132 -0.218 -0.264 -0.292 -0.344 -0.438 -0.507 -0.547 -0.548 -0.551 -0.602 -0.658 -0.69 -0.73 -0.726 -0.692 -0.622 -0.575 -0.638 -0.604 -0.654 -0.837 -0.961 -0.917 -0.85 -0.744 -0.604 -0.482 -0.44 -0.441 -0.502 -0.521 -0.452 -0.539 -0.679 -0.865 -1.025 -1.014 -0.981 -0.947 -0.854 -0.69 -0.585 -0.468 -0.384 -0.396 -0.484 -0.566
0.315 0.26 0.287 0.299 0.291 0.267 0.207 0.071 -0.114 -0.287 -0.494 -0.551 -0.453 -0.318 -0.121 0.001 0.087 0.245 0.197 0.164 0.22 0.148 0.055 -0.08 -0.002 0.022 -0.039 -0.099 -0.121 -0.192 -0.295 -0.38 -0.481 -0.607 -0.675 -0.696 -0.711 -0.742 -0.741 -0.713 -0.691 -0.621 -0.559 -0.52 -0.499 -0.558 -0.485 -0.552 -0.742 -0.863 -0.805 -0.795 -0.725 -0.628 -0.521 -0.483 -0.416 -0.453 -0.503 -0.4 -0.466 -0.58 -0.775 -0.972 -0.988 -0.993 -0.975 -0.893 -0.739 -0.589 -0.501 -0.413 -0.461 -0.515 -0.518
0.313 0.196 0.191 0.256 0.271 0.248 0.18 0.037 -0.142 -0.307 -0.55 -0.653 -0.546 -0.395 -0.182 0.02 0.126 0.265 0.2 0.221 0.278 0.21 0.098 -0.043 0.019 0.043 -0.014 -0.005 -0.066 -0.191 -0.359 -0.477 -0.585 -0.671 -0.717 -0.736 -0.718 -0.671 -0.621 -0.569 -0.584 -0.523 -0.483 -0.445 -0.456 -0.483 -0.389 -0.451 -0.666 -0.767 -0.711 -0.705 -0.678 -0.624 -0.545 -0.486 -0.411 -0.446 -0.449 -0.375 -0.433 -0.554 -0.743 -0.931 -0.99 -1.009 -0.993 -0.917 -0.8 -0.645 -0.557 -0.506 -0.502 -0.481 -0.497
0.306 0.206 0.133 0.128 0.168 0.155 0.092 -0.057 -0.262 -0.456 -0.649 -0.761 -0.628 -0.431 -0.274 -0.053 0.136 0.26 0.21 0.269 0.306 0.217 0.098 0.027 0.051 0.059 0.01 -0.03 -0.123 -0.281 -0.427 -0.508 -0.545 -0.531 -0.608 -0.592 -0.51 -0.491 -0.496 -0.475 -0.487 -0.47 -0.42 -0.401 -0.429 -0.392 -0.325 -0.397 -0.596 -0.714 -0.699 -0.682 -0.68 -0.628 -0.566 -0.494 -0.452 -0.465 -0.369 -0.378 -0.457 -0.558 -0.746 -0.909 -0.995 -1.014 -1.014 -0.958 -0.862 -0.685 -0.613 -0.55 -0.529 -0.467 -0.501
0.246 0.212 0.154 0.097 0.075 0.041 -0.011 -0.135 -0.318 -0.517 -0.712 -0.808 -0.69 -0.463 -0.326 -0.158 0.071 0.248 0.214 0.307 0.359 0.232 0.133 0.099 0.114 0.042 -0.038 -0.153 -0.265 -0.362 -0.398 -0.388 -0.452 -0.4 -0.463 -0.48 -0.351 -0.38 -0.407 -0.387 -0.4 -0.425 -0.375 -0.363 -0.396 -0.332 -0.3 -0.375 -0.513 -0.633 -0.706 -0.722 -0.721 -0.678 -0.616 -0.542 -0.487 -0.446 -0.387 -0.42 -0.493 -0.568 -0.67 -0.843 -0.967 -0.994 -1.007 -0.98 -0.903 -0.769 -0.668 -0.576 -0.549 -0.516 -0.538
0.097 0.115 0.106 0.095 0.067 0.027 -0.013 -0.089 -0.235 -0.453 -0.703 -0.838 -0.753 -0.531 -0.353 -0.202 0.044 0.234 0.249 0.316 0.361 0.275 0.209 0.167 0.119 0.022 -0.102 -0.137 -0.176 -0.277 -0.315 -0.342 -0.368 -0.331 -0.356 -0.4 -0.318 -0.297 -0.308 -0.283 -0.322 -0.36 -0.355 -0.365 -0.364 -0.331 -0.342 -0.402 -0.41 -0.467 -0.645 -0.738 -0.72 -0.697 -0.662 -0.603 -0.518 -0.467 -0.474 -0.488 -0.535 -0.497 -0.573 -0.755 -0.938 -0.971 -0.988 -0.988 -0.94 -0.837 -0.751 -0.65 -0.604 -0.563 -0.577
-0.166 -0.12 -0.087 -0.008 0.064 0.093 0.079 0.019 -0.137 -0.389 -0.683 -0.877 -0.822 -0.636 -0.404 -0.24 0.025 0.24 0.304 0.318 0.278 0.228 0.188 0.165 0.098 -0.039 -0.017 0.02 -0.072 -0.207 -0.283 -0.299 -0.336 -0.316 -0.304 -0.345 -0.267 -0.203 -0.222 -0.21 -0.279 -0.342 -0.388 -0.426 -0.418 -0.405 -0.41 -0.403 -0.335 -0.376 -0.559 -0.675 -0.693 -0.673 -0.664 -0.624 -0.566 -0.529 -0.493 -0.46 -0.47 -0.46 -0.509 -0.668 -0.874 -0.964 -0.985 -0.996 -0.963 -0.9 -0.826 -0.739 -0.689 -0.623 -0.588
-0.441 -0.377 -0.318 -0.207 -0.077 0.042 0.064 -0.004 -0.164 -0.417 -0.705 -0.898 -0.89 -0.747 -0.546 -0.298 -0.022 0.181 0.31 0.296 0.229 0.213 0.177 0.118 0.08 0.085 0.122 0.078 -0.043 -0.177 -0.275 -0.341 -0.373 -0.328 -0.288 -0.294 -0.208 -0.154 -0.191 -0.22 -0.297 -0.392 -0.481 -0.526 -0.508 -0.488 -0.463 -0.383 -0.301 -0.354 -0.5 -0.593 -0.692 -0.687 -0.695 -0.668 -0.605 -0.553 -0.478 -0.429 -0.457 -0.431 -0.48 -0.617 -0.819 -0.94 -0.967 -0.98 -0.973 -0.94 -0.896 -0.809 -0.763 -0.688 -0.634
-0.668 -0.612 -0.538 -0.425 -0.267 -0.092 -0.041 -0.106 -0.269 -0.509 -0.759 -0.92 -0.913 -0.749 -0.55 -0.319 -0.071 0.105 0.238 0.284 0.264 0.248 0.213 0.179 0.183 0.185 0.153 0.078 -0.038 -0.184 -0.305 -0.381 -0.378 -0.334 -0.321 -0.309 -0.188 -0.15 -0.207 -0.244 -0.311 -0.418 -0.565 -0.611 -0.603 -0.563 -0.506 -0.371 -0.276 -0.334 -0.467 -0.494 -0.663 -0.745 -0.765 -0.738 -0.671 -0.622 -0.529 -0.475 -0.495 -0.419 -0.476 -0.586 -0.764 -0.914 -0.956 -0.981 -1.002 -0.977 -0.945 -0.866 -0.821 -0.758 -0.712
-0.797 -0.789 -0.724 -0.6 -0.43 -0.259 -0.184 -0.213 -0.384 -0.619 -0.823 -0.937 -0.9 -0.686 -0.453 -0.22 -0.059 0.016 0.166 0.257 0.277 0.254 0.241 0.226 0.245 0.214 0.156 0.09 -0.024 -0.203 -0.354 -0.42 -0.408 -0.383 -0.38 -0.346 -0.202 -0.152 -0.191 -0.248 -0.344 -0.465 -0.616 -0.688 -0.704 -0.642 -0.525 -0.373 -0.297 -0.333 -0.419 -0.443 -0.602 -0.699 -0.758 -0.795 -0.754 -0.687 -0.611 -0.542 -0.508 -0.451 -0.477 -0.565 -0.705 -0.882 -0.977 -1.019 -1.045 -1.014 -0.954 -0.868 -0.808 -0.757 -0.741
-0.757 -0.839 -0.835 -0.729 -0.569 -0.406 -0.325 -0.343 -0.451 -0.64 -0.833 -0.92 -0.837 -0.631 -0.418 -0.202 -0.086 -0.009 0.055 0.132 0.147 0.129 0.18 0.187 0.158 0.169 0.189 0.123 0.005 -0.205 -0.391 -0.478 -0.497 -0.466 -0.46 -0.406 -0.241 -0.152 -0.185 -0.264 -0.442 -0.573 -0.665 -0.759 -0.792 -0.685 -0.544 -0.414 -0.354 -0.367 -0.393 -0.395 -0.602 -0.628 -0.675 -0.76 -0.805 -0.749 -0.678 -0.602 -0.555 -0.504 -0.515 -0.576 -0.697 -0.849 -0.971 -1.015 -1.029 -0.987 -0.921 -0.829 -0.761 -0.731 -0.741
-0.591 -0.76 -0.889 -0.825 -0.681 -0.514 -0.441 -0.438 -0.505 -0.649 -0.825 -0.907 -0.808 -0.599 -0.448 -0.216 -0.096 -0.019 -0.042 -0.025 0.006 0.022 0.115 0.164 0.124 0.13 0.183 0.108 -0.005 -0.197 -0.404 -0.536 -0.592 -0.563 -0.53 -0.439 -0.285 -0.205 -0.223 -0.303 -0.503 -0.654 -0.724 -0.828 -0.845 -0.741 -0.598 -0.478 -0.392 -0.399 -0.383 -0.404 -0.584 -0.599 -0.619 -0.691 -0.731 -0.759 -0.747 -0.696 -0.659 -0.598 -0.574 -0.62 -0.695 -0.794 -0.929 -0.944 -0.956 -0.918 -0.87 -0.771 -0.72 -0.733 -0.79
-0.455 -0.658 -0.848 -0.898 -0.8 -0.652 -0.519 -0.466 -0.503 -0.633 -0.786 -0.879 -0.82 -0.683 -0.532 -0.295 -0.126 -0.044 -0.066 -0.139 -0.072 0.028 0.115 0.128 0.091 0.126 0.147 0.07 -0.032 -0.192 -0.407 -0.565 -0.653 -0.633 -0.568 -0.48 -0.372 -0.288 -0.258 -0.335 -0.539 -0.729 -0.785 -0.886 -0.883 -0.768 -0.621 -0.522 -0.414 -0.428 -0.387 -0.397 -0.579 -0.569 -0.569 -0.633 -0.653 -0.706 -0.756 -0.709 -0.705 -0.661 -0.612 -0.641 -0.682 -0.762 -0.881 -0.906 -0.909 -0.879 -0.838 -0.787 -0.776 -0.81 -0.885
-0.298 -0.512 -0.776 -0.934 -0.905 -0.772 -0.605 -0.491 -0.483 -0.586 -0.731 -0.849 -0.853 -0.772 -0.625 -0.394 -0.222 -0.131 -0.147 -0.214 -0.135 0.018 0.1 0.087 0.045 0.059 0.048 -0.019 -0.084 -0.201 -0.409 -0.59 -0.719 -0.723 -0.666 -0.581 -0.466 -0.374 -0.33 -0.39 -0.53 -0.732 -0.843 -0.906 -0.9 -0.823 -0.689 -0.556 -0.463 -0.45 -0.374 -0.401 -0.54 -0.563 -0.55 -0.571 -0.607 -0.675 -0.702 -0.642 -0.665 -0.683 -0.623 -0.619 -0.661 -0.757 -0.833 -0.866 -0.872 -0.878 -0.867 -0.86 -0.89 -0.912 -0.937
-0.11 -0.366 -0.648 -0.896 -0.971 -0.9 -0.752 -0.589 -0.495 -0.535 -0.639 -0.762 -0.858 -0.863 -0.744 -0.525 -0.394 -0.325 -0.306 -0.285 -0.182 -0.031 0.052 0.068 0.029 -0.07 -0.09 -0.092 -0.117 -0.216 -0.408 -0.617 -0.775 -0.825 -0.747 -0.632 -0.535 -0.454 -0.392 -0.372 -0.45 -0.705 -0.862 -0.899 -0.911 -0.873 -0.744 -0.609 -0.519 -0.476 -0.364 -0.38 -0.486 -0.568 -0.559 -0.544 -0.58 -0.65 -0.67 -0.603 -0.606 -0.646 -0.605 -0.598 -0.653 -0.73 -0.787 -0.829 -0.867 -0.896 -0.914 -0.933 -0.938 -0.931 -0.935
-0.051 -0.322 -0.585 -0.849 -0.993 -0.992 -0.881 -0.713 -0.566 -0.531 -0.561 -0.66 -0.802 -0.885 -0.842 -0.673 -0.566 -0.477 -0.366 -0.249 -0.174 -0.103 -0.032 0.055 0.041 -0.105 -0.167 -0.134 -0.174 -0.25 -0.353 -0.535 -0.738 -0.87 -0.84 -0.709 -0.58 -0.471 -0.396 -0.369 -0.452 -0.682 -0.866 -0.894 -0.915 -0.873 -0.766 -0.651 -0.556 -0.501 -0.389 -0.359 -0.428 -0.511 -0.573 -0.543 -0.563 -0.628 -0.652 -0.586 -0.554 -0.583 -0.551 -0.582 -0.646 -0.707 -0.77 -0.826 -0.899 -0.942 -0.973 -0.968 -0.942 -0.902 -0.908
-0.122 -0.393 -0.609 -0.786 -0.955 -1.029 -0.966 -0.834 -0.691 -0.573 -0.535 -0.6 -0.746 -0.875 -0.901 -0.806 -0.676 -0.495 -0.36 -0.198 -0.108 -0.079 -0.061 0.049 0.041 -0.134 -0.241 -0.194 -0.233 -0.252 -0.299 -0.437 -0.684 -0.888 -0.919 -0.786 -0.688 -0.524 -0.438 -0.402 -0.468 -0.655 -0.873 -0.93 -0.956 -0.909 -0.814 -0.711 -0.601 -0.534 -0.441 -0.369 -0.398 -0.458 -0.565 -0.554 -0.568 -0.623 -0.628 -0.566 -0.532 -0.548 -0.546 -0.593 -0.675 -0.756 -0.843 -0.917 -0.976 -0.999 -0.971 -0.914 -0.865 -0.855 -0.853
-0.178 -0.382 -0.528 -0.673 -0.857 -0.984 -1.001 -0.931 -0.807 -0.676 -0.581 -0.607 -0.734 -0.879 -0.937 -0.868 -0.689 -0.477 -0.325 -0.209 -0.127 -0.073 -0.027 0.033 0.009 -0.166 -0.291 -0.3 -0.345 -0.332 -0.336 -0.465 -0.683 -0.887 -0.947 -0.854 -0.726 -0.582 -0.495 -0.433 -0.447 -0.593 -0.838 -0.967 -0.988 -0.96 -0.896 -0.787 -0.646 -0.556 -0.498 -0.415 -0.4 -0.46 -0.559 -0.579 -0.593 -0.632 -0.623 -0.567 -0.551 -0.574 -0.605 -0.655 -0.736 -0.828 -0.95 -1.029 -1.03 -1.009 -0.941 -0.85 -0.804 -0.819 -0.812
-0.136 -0.241 -0.385 -0.557 -0.677 -0.845 -0.967 -0.982 -0.912 -0.808 -0.685 -0.664 -0.762 -0.9 -0.962 -0.897 -0.71 -0.505 -0.322 -0.192 -0.122 -0.072 -0.009 0.016 -0.042 -0.223 -0.316 -0.364 -0.41 -0.365 -0.349 -0.453 -0.662 -0.882 -0.965 -0.884 -0.733 -0.599 -0.513 -0.422 -0.424 -0.556 -0.818 -0.968 -0.962 -0.944 -0.911 -0.82 -0.678 -0.595 -0.562 -0.468 -0.449 -0.52 -0.57 -0.623 -0.649 -0.655 -0.645 -0.603 -0.608 -0.62 -0.655 -0.709 -0.75 -0.841 -1.01 -1.067 -0.998 -0.972 -0.931 -0.804 -0.749 -0.781 -0.781
-0.147 -0.179 -0.322 -0.406 -0.458 -0.653 -0.855 -0.971 -0.979 -0.931 -0.811 -0.741 -0.818 -0.941 -0.988 -0.919 -0.784 -0.625 -0.433 -0.258 -0.149 -0.059 0.016 -0.035 -0.119 -0.308 -0.325 -0.358 -0.4 -0.353 -0.357 -0.447 -0.651 -0.882 -0.977 -0.902 -0.755 -0.613 -0.523 -0.42 -0.408 -0.532 -0.799 -0.976 -0.972 -0.941 -0.908 -0.835 -0.72 -0.66 -0.619 -0.543 -0.541 -0.57 -0.603 -0.647 -0.7 -0.711 -0.699 -0.69 -0.666 -0.651 -0.695 -0.76 -0.839 -0.928 -1.054 -1.067 -0.967 -0.912 -0.9 -0.803 -0.727 -0.746 -0.768
-0.306 -0.277 -0.279 -0.29 -0.358 -0.491 -0.641 -0.83 -0.952 -0.995 -0.94 -0.858 -0.884 -0.976 -0.987 -0.889 -0.752 -0.635 -0.494 -0.354 -0.229 -0.135 -0.081 -0.051 -0.152 -0.353 -0.42 -0.446 -0.452 -0.397 -0.402 -0.506 -0.703 -0.899 -0.958 -0.899 -0.771 -0.645 -0.575 -0.48 -0.414 -0.53 -0.765 -0.994 -1.025 -0.992 -0.954 -0.893 -0.782 -0.727 -0.687 -0.654 -0.642 -0.62 -0.665 -0.685 -0.741 -0.755 -0.777 -0.78 -0.778 -0.771 -0.802 -0.869 -0.968 -1.037 -1.097 -1.054 -0.938 -0.858 -0.852 -0.787 -0.707 -0.717 -0.754
-0.469 -0.405 -0.283 -0.269 -0.309 -0.292 -0.406 -0.62 -0.814 -0.984 -1.021 -0.975 -0.953 -1.016 -0.98 -0.84 -0.64 -0.524 -0.382 -0.303 -0.228 -0.089 -0.078 -0.046 -0.175 -0.409 -0.496 -0.49 -0.474 -0.425 -0.432 -0.552 -0.762 -0.923 -0.941 -0.896 -0.792 -0.682 -0.608 -0.528 -0.475 -0.552 -0.754 -0.997 -1.068 -1.017 -0.973 -0.926 -0.859 -0.82 -0.812 -0.803 -0.768 -0.743 -0.783 -0.826 -0.858 -0.89 -0.917 -0.934 -0.947 -0.948 -0.971 -1.028 -1.088 -1.113 -1.095 -1.002 -0.893 -0.817 -0.796 -0.732 -0.695 -0.68 -0.738
