data/climatemaps/RS_maps/climate_breeding_tmp_2005.asc
NCOLS 369 
NROWS 228 
XLLCORNER 479000 
YLLCORNER 73000 
CELLSIZE 1000 
NODATA_value -9 
[rows 68 to 101 of 228, columns 77 to 153 of 369]
0.544 0.497 0.399 0.328 0.338 0.451 0.679 0.68 0.3 0.285 0.272 0.272 0.244 0.213 0.218 0.218 0.223 0.206 0.185 0.147 0.088 0.075 0.082 0.166 0.4 0.452 0.531 0.552 0.489 0.505 0.502 0.54 0.584 0.586 0.584 0.542 0.554 0.536 0.461 0.428 0.405 0.325 0.128 -0.061 -0.059 -0.013 0.013 0.194 0.247 0.273 0.411 0.637 0.801 0.871 0.929 0.965 0.999 1.008 1.008 1.033 1.03 1.017 0.969 0.97 0.957 0.969 1.01 1.035 1.056 1.027 0.977 1.001 1.012 0.993 0.899 0.884 0.892
0.505 0.402 0.326 0.352 0.501 0.608 0.706 0.414 0.197 0.269 0.253 0.24 0.2 0.199 0.237 0.226 0.231 0.204 0.172 0.143 0.135 0.157 0.25 0.402 0.51 0.519 0.545 0.579 0.592 0.574 0.589 0.616 0.621 0.602 0.602 0.598 0.572 0.439 0.355 0.243 0.073 -0.074 -0.014 -0.047 0.127 0.288 0.487 0.601 0.686 0.739 0.819 0.858 0.859 0.892 0.945 1.004 1.038 1.029 1.037 1.059 1.056 1.032 1.034 1.013 0.982 1.012 1.047 1.031 1.012 0.999 1.008 0.994 0.981 0.993 0.977 0.928 0.906
0.462 0.343 0.327 0.485 0.63 0.661 0.477 0.298 0.267 0.284 0.241 0.208 0.214 0.229 0.239 0.243 0.23 0.238 0.263 0.308 0.36 0.316 0.311 0.393 0.477 0.538 0.568 0.521 0.464 0.406 0.389 0.37 0.36 0.307 0.263 0.258 0.162 0.037 -0.05 -0.147 -0.151 0.025 0.212 0.388 0.606 0.714 0.808 0.857 0.883 0.915 0.929 0.902 0.964 1.002 1.021 1.05 1.059 1.064 1.065 1.067 1.02 0.987 1.004 1.011 1.041 1.044 1.015 0.984 0.983 0.994 1.001 0.958 0.938 0.945 0.988 0.941 0.858
0.427 0.385 0.495 0.664 0.583 0.395 0.285 0.281 0.249 0.186 0.18 0.21 0.254 0.238 0.199 0.211 0.242 0.305 0.301 0.279 0.23 0.192 0.219 0.285 0.419 0.519 0.434 0.322 0.194 0.108 0.058 0.009 0.025 -0.002 -0.006 0.071 0.057 0.017 -0.032 -0.03 0.129 0.42 0.574 0.735 0.822 0.877 0.919 0.952 0.975 0.994 0.992 0.991 1.032 1.041 1.055 1.052 1.057 1.061 1.038 1.029 0.994 0.973 0.986 1.012 1.023 1.019 0.979 0.98 0.99 0.99 0.989 0.957 0.924 0.915 0.966 0.925 0.851
0.376 0.555 0.648 0.539 0.322 0.26 0.255 0.204 0.12 0.132 0.195 0.229 0.242 0.186 0.13 0.113 0.137 0.15 0.142 0.169 0.236 0.284 0.313 0.336 0.404 0.406 0.159 0.095 0.037 0.046 0.102 0.179 0.215 0.175 0.137 0.147 0.151 0.181 0.242 0.385 0.592 0.758 0.855 0.928 0.963 0.987 1.024 1.046 1.049 1.044 1.045 1.044 1.049 1.056 1.054 1.046 1.053 1.047 1.012 0.99 0.982 0.987 1.003 1.024 1.007 0.996 0.981 0.98 0.97 0.969 0.975 0.934 0.917 0.901 0.934 0.927 0.837
0.415 0.713 0.524 0.347 0.247 0.218 0.177 0.115 0.106 0.178 0.211 0.193 0.142 0.062 0.007 -0.005 0.082 0.169 0.304 0.427 0.522 0.595 0.609 0.59 0.55 0.348 0.232 0.317 0.339 0.475 0.505 0.482 0.369 0.3 0.26 0.277 0.319 0.449 0.638 0.82 0.92 0.951 0.99 1.027 1.034 1.052 1.066 1.068 1.064 1.056 1.047 1.033 1.03 1.029 1.042 1.047 1.051 1.041 1.018 0.997 0.999 1.001 1.003 1.023 0.999 0.98 0.953 0.945 0.959 0.952 0.962 0.907 0.891 0.855 0.869 0.927 0.832
0.569 0.631 0.377 0.28 0.223 0.165 0.153 0.164 0.187 0.191 0.144 0.057 -0.008 -0.015 0.035 0.21 0.405 0.52 0.614 0.657 0.68 0.681 0.648 0.632 0.616 0.564 0.594 0.642 0.621 0.688 0.525 0.422 0.403 0.462 0.453 0.48 0.588 0.725 0.87 0.983 1.023 1.038 1.05 1.058 1.065 1.069 1.062 1.048 1.039 1.007 0.979 0.966 1.006 1.025 1.041 1.045 1.048 1.041 1.024 1.003 0.991 0.98 1.003 1.018 0.986 0.956 0.937 0.962 0.964 0.93 0.949 0.865 0.816 0.812 0.851 0.879 0.86
0.642 0.459 0.308 0.236 0.212 0.215 0.237 0.234 0.204 0.145 0.039 -0.038 -0.026 0.12 0.342 0.562 0.653 0.65 0.596 0.464 0.495 0.471 0.3 0.251 0.272 0.48 0.505 0.356 0.519 0.705 0.394 0.446 0.514 0.468 0.54 0.658 0.794 0.924 1.007 1.041 1.058 1.067 1.07 1.07 1.07 1.053 1.022 0.996 0.969 0.924 0.916 0.949 1.015 1.041 1.044 1.035 1.041 1.023 1.001 0.971 0.977 0.992 1.013 1.011 0.981 0.971 0.973 0.962 0.916 0.906 0.937 0.843 0.753 0.776 0.834 0.865 0.833
0.583 0.413 0.28 0.258 0.234 0.23 0.237 0.21 0.136 0.022 -0.043 0.03 0.226 0.445 0.596 0.636 0.558 0.36 0.204 0.14 0.165 0.08 -0.006 -0.028 -0.009 0.177 0.178 0.159 0.43 0.758 0.636 0.507 0.539 0.756 0.909 0.969 1.006 1.04 1.067 1.068 1.072 1.073 1.073 1.053 1.009 0.997 0.948 0.912 0.905 0.92 0.947 1.001 1.016 1.039 1.039 1.036 1.03 1.002 0.985 0.963 0.987 1.007 0.981 0.995 0.997 0.983 0.934 0.884 0.855 0.856 0.909 0.846 0.772 0.716 0.767 0.821 0.742
0.547 0.434 0.294 0.224 0.23 0.212 0.158 0.096 -0.008 -0.053 0.06 0.373 0.53 0.595 0.526 0.345 0.148 0.029 -0.013 -0.017 -0.032 -0.073 -0.12 -0.108 0.004 0.233 0.492 0.633 0.729 0.755 0.804 0.793 0.939 1.004 0.98 0.938 0.974 1.032 1.073 1.073 1.073 1.073 1.055 0.971 0.922 0.911 0.887 0.887 0.942 0.978 1.006 1.008 1.013 1.024 1.034 1.03 1.032 1.007 0.986 0.973 1.006 0.959 0.92 0.961 0.938 0.89 0.878 0.822 0.752 0.796 0.907 0.88 0.801 0.668 0.712 0.736 0.716
0.302 0.444 0.314 0.246 0.204 0.126 0.052 0.017 0.021 0.14 0.459 0.594 0.554 0.317 0.102 -0.056 -0.154 -0.165 -0.171 -0.097 -0.106 -0.08 -0.04 0.111 0.27 0.542 0.65 0.68 0.663 0.767 0.947 1.032 1.032 0.959 0.959 1.015 1.06 1.074 1.078 1.078 1.074 1.059 0.978 0.9 0.886 0.895 0.911 0.933 0.929 0.938 0.994 1.011 1.03 1.013 1.023 1.015 1.016 1.018 1.007 1.006 1 0.968 0.911 0.969 0.863 0.859 0.869 0.774 0.718 0.829 0.882 0.785 0.785 0.644 0.654 0.703 0.695
0.315 0.386 0.308 0.23 0.15 0.072 0.067 0.159 0.297 0.504 0.498 0.392 0.254 0.04 -0.215 -0.33 -0.366 -0.27 -0.164 -0.037 0.026 0.038 0.022 0.085 0.345 0.539 0.424 0.526 0.749 0.991 1.066 1.059 1.01 0.967 1.016 1.081 1.083 1.083 1.083 1.081 1.058 1.016 0.936 0.896 0.895 0.928 0.898 0.91 0.933 0.972 1.021 1.027 1.026 1.024 0.996 1.011 1.009 0.998 1.012 0.996 0.929 0.933 0.835 0.938 0.817 0.813 0.81 0.698 0.773 0.827 0.857 0.729 0.706 0.704 0.68 0.698 0.715
0.308 0.349 0.248 0.174 0.155 0.197 0.383 0.468 0.439 0.296 0.182 0.094 0.011 -0.154 -0.357 -0.442 -0.319 -0.103 0.136 0.157 0.004 -0.132 -0.07 0.164 0.33 0.255 0.454 0.75 0.997 1.074 1.056 1.016 1.048 1.077 1.08 1.083 1.082 1.076 1.029 1.023 0.989 0.987 0.925 0.913 0.874 0.834 0.845 0.828 0.865 1.007 1.03 1.026 1.021 1.02 1 1.01 1.017 0.977 0.966 0.89 0.878 0.915 0.898 0.864 0.808 0.74 0.768 0.699 0.755 0.785 0.789 0.83 0.798 0.754 0.676 0.654 0.674
0.266 0.273 0.205 0.202 0.283 0.392 0.388 0.249 0.147 0.125 0.119 0.055 -0.176 -0.296 -0.354 -0.202 0.003 0.185 0.293 0.064 0.02 0.149 0.298 0.309 0.265 0.429 0.832 1.077 1.086 1.079 1.068 1.054 1.035 1.077 1.083 1.083 1.07 0.975 0.941 1.01 0.988 0.978 0.913 0.862 0.832 0.809 0.832 0.834 0.963 1.031 1.024 1.012 1.013 1.013 0.996 1.006 1.011 0.996 0.94 0.898 0.886 0.905 0.87 0.792 0.785 0.677 0.681 0.711 0.735 0.744 0.678 0.769 0.764 0.775 0.666 0.642 0.676
0.218 0.25 0.234 0.321 0.402 0.268 0.123 0.06 0.049 0.071 0.11 0.001 -0.234 -0.259 -0.04 0.164 0.297 0.365 0.315 0.282 0.4 0.507 0.455 0.399 0.538 0.85 1.061 1.095 1.076 1.064 1.064 1.061 1.053 1.079 1.084 1.083 1.068 1.02 1.039 1.033 0.974 0.936 0.882 0.862 0.842 0.859 0.934 0.995 1.024 1.015 1.001 1.004 1.011 1.008 0.994 0.998 1.003 0.978 0.959 0.943 0.885 0.91 0.807 0.77 0.736 0.653 0.592 0.691 0.654 0.701 0.662 0.716 0.669 0.773 0.692 0.662 0.692
0.172 0.247 0.312 0.33 0.253 0.089 0.048 0.03 0.068 0.139 0.17 -0.03 -0.119 0.072 0.268 0.407 0.479 0.489 0.481 0.527 0.561 0.562 0.561 0.669 0.909 1.08 1.099 1.087 1.048 1.001 0.986 0.997 0.989 1.07 1.086 1.084 1.077 1.06 1.033 1.004 0.96 0.878 0.827 0.861 0.924 1.004 1.033 1.025 1 0.985 0.996 1.004 1.004 1.002 0.993 0.994 0.998 0.925 0.921 0.924 0.908 0.879 0.79 0.764 0.673 0.618 0.599 0.67 0.634 0.664 0.614 0.658 0.64 0.749 0.706 0.703 0.665
0.191 0.278 0.193 0.105 0.073 0.094 0.148 0.215 0.284 0.336 0.191 0.003 0.134 0.322 0.436 0.532 0.56 0.562 0.555 0.536 0.551 0.65 0.81 0.943 1.089 1.103 1.092 1.066 1.018 0.978 0.997 1.042 1.076 1.087 1.082 1.06 1.028 1.005 0.971 0.95 0.945 0.913 0.918 0.997 1.022 1.028 1.017 0.984 0.957 0.979 0.994 1.003 0.999 0.997 0.988 0.985 0.969 0.877 0.876 0.912 0.882 0.825 0.812 0.793 0.708 0.615 0.587 0.622 0.615 0.614 0.573 0.65 0.682 0.718 0.642 0.67 0.628
0.168 0.104 -0.045 -0.079 -0.021 0.154 0.25 0.322 0.404 0.411 0.104 0.053 0.278 0.396 0.446 0.569 0.586 0.556 0.501 0.522 0.672 0.903 1.04 1.099 1.106 1.106 1.074 1.013 0.952 0.999 1.078 1.091 1.093 1.089 1.062 1.011 0.987 0.973 0.964 0.977 0.997 1.001 1.02 1.003 0.981 0.989 0.979 0.933 0.931 0.972 0.995 1.002 0.988 0.985 0.983 0.981 0.952 0.891 0.863 0.888 0.848 0.772 0.749 0.713 0.677 0.656 0.554 0.617 0.645 0.638 0.64 0.669 0.669 0.68 0.609 0.625 0.575
0.054 -0.085 -0.136 -0.093 0.056 0.215 0.313 0.361 0.464 0.393 0.034 0.093 0.327 0.34 0.475 0.589 0.595 0.539 0.54 0.753 0.976 1.083 1.108 1.108 1.111 1.098 1.023 0.959 0.97 1.046 1.09 1.09 1.085 1.083 1.042 0.986 0.967 0.946 0.951 1.003 1.01 1.011 0.984 0.944 0.935 0.94 0.943 0.897 0.922 0.969 0.984 0.999 0.98 0.979 0.981 0.967 0.928 0.913 0.887 0.863 0.794 0.746 0.699 0.621 0.584 0.614 0.56 0.649 0.651 0.631 0.622 0.622 0.61 0.638 0.576 0.577 0.499
-0.047 -0.017 0.004 0.091 0.271 0.447 0.569 0.586 0.579 0.273 0.017 0.216 0.402 0.456 0.618 0.698 0.697 0.72 0.859 1.04 1.109 1.103 1.112 1.112 1.112 1.053 1.003 1.012 1.048 1.077 1.093 1.09 1.077 1.081 1.048 0.993 0.968 0.915 0.943 0.97 0.972 0.986 0.962 0.919 0.912 0.914 0.907 0.872 0.92 0.951 0.957 0.988 0.979 0.971 0.979 0.962 0.936 0.905 0.869 0.814 0.739 0.723 0.677 0.556 0.554 0.581 0.574 0.643 0.599 0.58 0.55 0.538 0.564 0.594 0.539 0.534 0.451
-0.05 0.088 0.252 0.469 0.599 0.668 0.69 0.654 0.556 0.171 0.154 0.416 0.533 0.697 0.831 0.939 0.973 1.026 1.079 1.115 1.113 1.11 1.113 1.113 1.095 1.056 1.07 1.075 1.076 1.09 1.093 1.092 1.077 1.068 1.03 1.022 1.008 0.97 0.974 0.973 0.977 0.976 0.953 0.917 0.904 0.881 0.887 0.904 0.934 0.93 0.956 0.983 0.971 0.951 0.964 0.946 0.944 0.927 0.885 0.766 0.781 0.725 0.635 0.585 0.589 0.562 0.573 0.632 0.567 0.537 0.467 0.446 0.509 0.515 0.481 0.438 0.392
0.095 0.362 0.539 0.627 0.678 0.707 0.698 0.643 0.454 0.171 0.328 0.589 0.765 0.994 1.069 1.092 1.109 1.119 1.121 1.12 1.121 1.118 1.113 1.092 1.077 1.088 1.089 1.088 1.09 1.093 1.093 1.087 1.072 1.028 1.01 1.021 1.014 0.986 0.968 0.967 0.962 0.94 0.929 0.891 0.878 0.879 0.891 0.917 0.943 0.95 0.974 0.986 0.965 0.95 0.944 0.923 0.923 0.923 0.899 0.808 0.802 0.708 0.613 0.677 0.621 0.571 0.545 0.613 0.577 0.507 0.472 0.418 0.374 0.391 0.355 0.289 0.303
0.274 0.5 0.619 0.67 0.684 0.699 0.658 0.546 0.224 0.279 0.682 0.825 1.019 1.109 1.119 1.121 1.111 1.096 1.119 1.123 1.123 1.105 1.07 1.049 1.094 1.081 1.093 1.093 1.093 1.093 1.089 1.083 1.066 0.985 0.991 0.965 0.968 0.966 0.979 0.979 0.952 0.933 0.884 0.875 0.871 0.912 0.918 0.922 0.946 0.975 0.978 0.978 0.947 0.94 0.88 0.852 0.849 0.88 0.916 0.836 0.735 0.6 0.592 0.701 0.67 0.62 0.593 0.628 0.527 0.572 0.569 0.536 0.503 0.427 0.376 0.32 0.183
0.408 0.608 0.658 0.708 0.723 0.66 0.47 0.256 0.177 0.628 0.859 0.975 1.11 1.118 1.121 1.082 0.957 1.032 1.118 1.097 1.024 1.01 0.986 1.083 1.094 1.065 1.088 1.093 1.093 1.091 1.07 1.07 0.985 0.976 0.943 0.933 0.893 0.874 0.906 0.964 0.952 0.962 0.958 0.942 0.921 0.924 0.908 0.912 0.951 0.978 0.968 0.959 0.935 0.846 0.861 0.831 0.857 0.851 0.911 0.808 0.688 0.583 0.679 0.739 0.649 0.584 0.661 0.642 0.637 0.609 0.516 0.498 0.363 0.351 0.269 0.286 0.273
0.576 0.647 0.685 0.727 0.691 0.461 0.183 0.226 0.54 0.882 0.953 1.086 1.098 1.108 1.072 0.948 1.02 1.09 1.093 1.027 0.946 0.953 1.065 1.102 1.093 1.104 1.103 1.097 1.092 1.058 1.035 1.04 0.986 0.951 0.884 0.806 0.744 0.782 0.806 0.862 0.826 0.797 0.847 0.924 0.963 0.963 0.934 0.919 0.966 0.978 0.954 0.895 0.904 0.867 0.825 0.716 0.818 0.745 0.876 0.87 0.714 0.733 0.764 0.67 0.633 0.615 0.71 0.689 0.648 0.523 0.42 0.414 0.395 0.224 0.193 0.164 0.184
0.614 0.666 0.703 0.736 0.568 0.311 0.367 0.625 0.88 1.007 1.078 1.077 1.099 1.117 1.037 1.024 1.076 1.089 1.033 0.955 0.962 1.055 1.104 1.077 1.097 1.113 1.108 1.099 1.054 1.041 1.062 0.984 0.919 0.887 0.818 0.684 0.649 0.697 0.759 0.796 0.777 0.772 0.825 0.882 0.917 0.934 0.955 0.97 0.961 0.953 0.923 0.851 0.825 0.828 0.772 0.716 0.794 0.681 0.766 0.891 0.856 0.813 0.727 0.643 0.637 0.706 0.729 0.62 0.562 0.565 0.498 0.398 0.353 0.334 0.204 0.107 0.055
0.632 0.655 0.672 0.726 0.608 0.595 0.759 0.94 1.071 1.119 1.112 1.098 1.12 1.123 1.123 1.119 1.113 1.09 1.023 1.015 1.03 1.099 1.1 1.093 1.111 1.113 1.106 1.061 1.019 1.062 0.962 0.884 0.788 0.742 0.679 0.591 0.651 0.664 0.776 0.789 0.768 0.764 0.837 0.878 0.898 0.911 0.927 0.929 0.93 0.876 0.836 0.809 0.772 0.835 0.733 0.689 0.735 0.59 0.693 0.83 0.865 0.865 0.79 0.747 0.769 0.764 0.699 0.619 0.634 0.55 0.49 0.335 0.252 0.27 0.255 0.214 0.065
0.637 0.659 0.693 0.796 0.839 0.911 1.003 1.101 1.14 1.143 1.133 1.128 1.132 1.127 1.122 1.123 1.123 1.118 1.089 1.084 1.091 1.108 1.115 1.115 1.115 1.113 1.09 1.009 1.027 1.045 0.907 0.833 0.709 0.645 0.615 0.642 0.718 0.788 0.826 0.831 0.809 0.82 0.881 0.888 0.908 0.913 0.891 0.873 0.788 0.732 0.715 0.771 0.787 0.808 0.707 0.658 0.627 0.623 0.715 0.708 0.824 0.821 0.832 0.828 0.817 0.757 0.723 0.653 0.54 0.48 0.447 0.32 0.203 0.163 0.141 0.176 0.051
0.754 0.808 0.871 0.956 1.032 1.096 1.13 1.141 1.143 1.143 1.143 1.14 1.14 1.137 1.125 1.124 1.125 1.125 1.125 1.12 1.113 1.115 1.123 1.122 1.121 1.114 1.065 1.012 1.001 1.026 0.952 0.863 0.793 0.777 0.739 0.756 0.83 0.823 0.822 0.837 0.872 0.889 0.897 0.907 0.956 0.937 0.886 0.813 0.679 0.646 0.696 0.735 0.735 0.667 0.581 0.58 0.558 0.611 0.626 0.655 0.776 0.721 0.748 0.769 0.805 0.796 0.766 0.643 0.499 0.452 0.445 0.321 0.176 0.236 0.197 0.128 -0.036
0.956 1.01 1.058 1.102 1.134 1.143 1.143 1.143 1.143 1.143 1.143 1.143 1.143 1.138 1.128 1.126 1.128 1.125 1.128 1.128 1.121 1.128 1.128 1.128 1.126 1.111 1.053 1.019 0.981 1.02 0.999 0.91 0.893 0.857 0.826 0.833 0.864 0.835 0.833 0.855 0.884 0.893 0.901 0.913 0.995 0.965 0.929 0.832 0.778 0.647 0.598 0.565 0.703 0.598 0.527 0.479 0.537 0.526 0.612 0.694 0.704 0.614 0.685 0.708 0.705 0.732 0.806 0.736 0.587 0.537 0.466 0.375 0.233 0.315 0.225 0.068 -0.001
1.086 1.126 1.141 1.15 1.147 1.146 1.143 1.143 1.143 1.143 1.143 1.143 1.143 1.134 1.131 1.128 1.128 1.119 1.126 1.128 1.128 1.128 1.128 1.128 1.122 1.095 1.049 1.026 0.993 1.036 1.009 0.987 0.977 0.932 0.9 0.89 0.915 0.916 0.906 0.919 0.923 0.925 0.939 0.956 0.98 0.97 0.943 0.912 0.87 0.718 0.602 0.554 0.737 0.611 0.552 0.481 0.451 0.535 0.681 0.622 0.606 0.546 0.645 0.617 0.623 0.595 0.748 0.772 0.627 0.541 0.421 0.387 0.32 0.354 0.208 0.068 0.083
1.132 1.159 1.154 1.153 1.152 1.152 1.15 1.147 1.143 1.143 1.143 1.143 1.139 1.132 1.127 1.095 1.024 0.981 1.042 1.126 1.128 1.128 1.128 1.117 1.094 1.075 1.054 1.04 1.023 1.047 0.988 0.991 0.991 0.986 0.967 0.971 0.991 0.991 0.979 0.986 0.959 0.942 0.94 0.937 0.959 0.94 0.927 0.936 0.916 0.865 0.748 0.681 0.779 0.648 0.599 0.503 0.445 0.583 0.602 0.499 0.509 0.548 0.628 0.543 0.545 0.478 0.686 0.779 0.643 0.496 0.503 0.405 0.418 0.31 0.269 0.203 0.205
1.146 1.159 1.157 1.153 1.153 1.153 1.153 1.149 1.147 1.147 1.145 1.136 1.124 1.108 1.08 1.037 0.946 1.009 1.091 1.132 1.128 1.128 1.123 1.082 1.037 1.042 1.05 1.027 1.044 1.014 0.94 0.879 0.851 0.891 0.879 0.909 0.935 0.929 0.928 0.966 0.937 0.926 0.925 0.921 0.957 0.923 0.909 0.925 0.875 0.859 0.85 0.842 0.84 0.735 0.612 0.518 0.437 0.611 0.54 0.423 0.468 0.532 0.549 0.472 0.463 0.468 0.665 0.769 0.621 0.53 0.519 0.463 0.443 0.371 0.355 0.323 0.282
1.151 1.158 1.158 1.158 1.153 1.155 1.153 1.15 1.148 1.148 1.12 1.099 1.063 1.039 1.044 1.057 1.073 1.124 1.144 1.145 1.137 1.128 1.092 1.039 1.004 1.015 1.033 1.008 1.048 0.98 0.883 0.811 0.775 0.853 0.863 0.908 0.922 0.918 0.929 0.933 0.927 0.935 0.936 0.947 0.962 0.934 0.909 0.919 0.808 0.75 0.737 0.846 0.883 0.776 0.616 0.538 0.533 0.657 0.479 0.391 0.404 0.369 0.391 0.365 0.422 0.517 0.636 0.753 0.71 0.655 0.582 0.513 0.525 0.489 0.342 0.379 0.296
