data/climatemaps/RS_maps/climate_breeding_tmp_2005.asc
NCOLS 369 
NROWS 228 
XLLCORNER 479000 
YLLCORNER 73000 
CELLSIZE 1000 
NODATA_value -9 
[rows 136 to 169 of 228, columns 154 to 230 of 369]
-0.206 0.176 0.55 0.37 0.144 0.128 0.161 0.082 -0.064 0.009 0.175 0.072 -0.057 -0.009 0.002 -0.112 -0.686 -1.69 -2.224 -2.727 -2.848 -2.593 -2.328 -2.175 -2.018 -1.69 -1.369 -0.988 -1.336 -2.127 -1.722 -1.236 -0.635 -0.357 -1.176 -1.427 -1.756 -2.21 -2.497 -2.321 -2.222 -2.494 -2.513 -1.98 -1.601 -1.773 -1.839 -1.845 -2.009 -1.718 -1.583 -1.271 -0.969 -0.486 -0.366 -0.66 -0.682 -0.695 -0.822 -1.372 -1.782 -1.627 -1.354 -1.354 -0.947 -1.532 -1.599 -1.245 -1.004 -1.547 -1.783 -1.515 -0.907 -0.62 -0.6 -1.152 -1.481
-0.622 -0.133 0.524 -0.133 -0.592 -0.816 -0.646 -0.547 -0.405 -0.072 0.207 0.264 0.236 0.192 -0.104 -0.605 -0.805 -1.222 -1.862 -2.48 -2.751 -2.524 -2.15 -1.979 -2.014 -1.721 -1.291 -1.123 -1.655 -2.156 -1.684 -1.245 -0.889 -0.353 -1.141 -1.051 -1.402 -1.879 -2.197 -2.229 -2.111 -2.345 -2.486 -2.212 -2.075 -1.93 -1.871 -1.839 -1.706 -1.305 -0.953 -0.707 -0.56 -0.417 -0.712 -1.148 -1.271 -1.253 -0.837 -0.917 -1.62 -1.697 -1.343 -1.441 -1.08 -1.536 -1.712 -1.228 -1.268 -1.802 -1.904 -1.402 -0.742 -0.918 -0.714 -1.11 -1.726
-0.584 -0.035 0.433 -0.168 -0.603 -1.125 -0.991 -0.809 -0.51 -0.195 -0.004 0.092 0.111 0.072 -0.752 -1.673 -1.635 -1.534 -1.834 -2.236 -2.669 -2.66 -2.277 -1.876 -1.708 -1.425 -1.272 -1.441 -2.029 -2.037 -1.621 -1.001 -0.735 -0.375 -0.781 -1.09 -1.36 -1.884 -2.039 -1.905 -2.056 -2.515 -2.422 -2.025 -1.788 -1.633 -1.436 -1.297 -1.051 -0.803 -0.574 -0.576 -0.691 -0.586 -1.12 -1.422 -1.692 -1.675 -1.335 -0.937 -1.228 -1.59 -1.402 -1.653 -1.296 -1.524 -1.795 -1.259 -1.619 -1.865 -1.728 -1.288 -0.73 -1.188 -0.969 -0.789 -1.467
-0.603 -0.326 0.393 0.133 -0.284 -1.023 -1.138 -0.841 -0.608 -0.379 -0.332 -0.379 -0.599 -0.586 -0.73 -1.575 -2.122 -2.345 -2.305 -2.251 -2.346 -2.471 -2.398 -2.054 -1.69 -1.496 -1.542 -1.863 -1.991 -1.674 -1.508 -1.256 -1.214 -0.645 -0.563 -1.251 -1.739 -2.108 -1.941 -1.773 -2.053 -2.332 -2.152 -1.901 -1.6 -1.453 -1.401 -0.956 -0.602 -0.603 -0.754 -1.016 -1.005 -0.703 -1.323 -1.754 -1.933 -1.798 -1.589 -1.28 -1.089 -1.531 -1.482 -1.754 -1.498 -1.558 -1.825 -1.444 -1.83 -1.739 -1.425 -0.93 -0.869 -1.421 -1.26 -0.809 -1.089
-0.998 -0.428 0.261 0.25 -0.25 -1.004 -1.275 -0.975 -0.724 -0.626 -0.787 -1.025 -1.517 -1.077 -0.49 -1.062 -1.489 -2.154 -2.894 -2.763 -2.226 -1.937 -2.155 -2.247 -2.007 -2.029 -2.033 -1.914 -2.082 -1.815 -1.771 -1.69 -1.529 -1.162 -0.64 -1.006 -1.599 -2.136 -1.874 -1.618 -1.973 -2.092 -1.756 -1.575 -1.291 -1.151 -1.099 -0.717 -0.618 -1.004 -1.258 -1.403 -1.01 -0.984 -1.295 -1.72 -1.902 -1.751 -1.479 -1.266 -1.178 -1.413 -1.593 -1.871 -1.629 -1.668 -1.802 -1.633 -1.613 -1.347 -1.218 -0.847 -1.272 -1.707 -1.597 -1.027 -1.211
-1.057 -0.522 0.049 0.245 -0.422 -1.062 -1.231 -0.975 -0.976 -1.164 -1.691 -2.119 -2.053 -1.353 -0.667 -0.781 -1.161 -1.84 -2.67 -3.091 -2.675 -2.036 -1.731 -1.994 -2.252 -2.264 -2.301 -2.064 -2.172 -1.943 -1.694 -1.566 -1.439 -1.319 -0.914 -0.886 -1.486 -1.913 -1.651 -1.437 -1.759 -1.939 -1.545 -1.257 -1.204 -1.117 -0.974 -0.741 -0.944 -1.371 -1.554 -1.47 -1.046 -1.303 -1.516 -1.573 -1.872 -1.912 -1.609 -1.295 -1.443 -1.593 -1.683 -1.929 -1.645 -1.848 -1.775 -1.812 -1.568 -1.191 -0.919 -0.969 -1.543 -2.058 -1.663 -1.365 -1.63
-1.173 -0.719 -0.118 0.127 -0.633 -0.924 -0.991 -1.148 -1.458 -2.302 -2.934 -2.374 -1.999 -1.634 -1.269 -1.406 -1.66 -1.669 -2.327 -2.695 -2.774 -2.363 -1.788 -1.607 -1.771 -1.759 -1.892 -1.733 -1.723 -1.769 -1.728 -1.717 -1.524 -1.357 -1.036 -0.866 -1.392 -1.541 -1.191 -1.175 -1.461 -1.694 -1.501 -1.456 -1.584 -1.48 -1.172 -0.862 -1.142 -1.543 -1.594 -1.379 -1.04 -1.306 -1.63 -1.674 -1.78 -1.832 -1.761 -1.451 -1.636 -1.432 -1.483 -1.718 -1.697 -1.745 -1.696 -1.762 -1.593 -1.176 -0.814 -1.062 -1.709 -2.215 -1.83 -1.728 -1.721
-1.21 -0.8 -0.016 0.091 -0.499 -0.629 -0.817 -1.254 -1.813 -2.635 -2.876 -2.39 -2.199 -1.945 -1.754 -1.943 -2.103 -1.782 -2.189 -2.439 -2.276 -2.517 -2.08 -1.606 -1.498 -1.445 -1.396 -1.331 -1.245 -1.221 -1.233 -1.307 -1.183 -1.122 -1.153 -1.064 -1.289 -1.062 -0.935 -1.207 -1.404 -1.509 -1.747 -1.769 -1.667 -1.419 -1.201 -1.09 -1.233 -1.669 -1.489 -1.239 -1.078 -1.304 -1.639 -1.47 -1.482 -1.628 -1.671 -1.349 -1.117 -1.005 -1.457 -1.575 -1.462 -1.479 -1.489 -1.383 -1.337 -1.098 -1.038 -0.872 -1.289 -1.815 -1.744 -1.502 -1.261
-0.897 -0.61 0.258 -0.349 -0.8 -0.93 -1.224 -1.701 -2.236 -2.97 -3.071 -2.842 -2.761 -2.585 -2.472 -2.575 -2.591 -2.2 -2.251 -2.541 -2.144 -2.15 -2.007 -1.629 -1.753 -1.744 -1.54 -1.556 -1.602 -1.512 -1.299 -1.119 -1.199 -1.432 -1.536 -1.306 -1.182 -0.802 -1.096 -1.386 -1.723 -1.702 -1.927 -1.725 -1.48 -1.391 -1.462 -1.462 -1.305 -1.726 -1.345 -1.416 -1.246 -1.131 -1.302 -1.324 -1.506 -1.48 -1.171 -0.834 -0.82 -1.196 -1.22 -1.188 -1.032 -1.347 -1.508 -1.584 -1.3 -1.38 -1.169 -0.807 -0.883 -1.236 -1.35 -1.215 -1.038
-0.763 -0.352 0.299 -0.796 -1.522 -1.856 -2.261 -2.42 -2.522 -2.97 -3.021 -2.943 -2.775 -2.849 -3.094 -3.181 -2.88 -2.774 -2.79 -2.715 -2.348 -1.9 -1.763 -1.902 -2.235 -2.132 -2.003 -1.947 -1.842 -1.619 -1.457 -1.498 -1.632 -1.705 -1.508 -1.218 -0.989 -0.574 -0.908 -1.42 -1.689 -1.881 -2.038 -1.809 -1.664 -1.75 -1.759 -1.566 -1.346 -1.76 -1.559 -1.683 -1.504 -0.959 -1.036 -1.241 -1.226 -1.01 -0.692 -0.428 -0.867 -1.175 -0.952 -0.829 -0.884 -0.989 -1.085 -1.181 -1.299 -1.528 -1.252 -0.872 -0.713 -0.807 -1.124 -1.122 -1.005
-0.44 -0.259 0.198 -0.615 -1.534 -2.346 -2.9 -3.02 -2.76 -2.669 -2.787 -3.016 -2.727 -2.633 -2.903 -3.149 -2.701 -2.717 -2.987 -3.081 -2.516 -2.169 -2.01 -2.373 -2.387 -2.132 -1.917 -1.734 -1.602 -1.543 -1.673 -1.804 -1.703 -1.542 -1.303 -0.923 -0.535 -0.333 -0.74 -1.174 -1.497 -1.811 -1.713 -1.932 -1.956 -2.069 -1.84 -1.714 -1.643 -1.763 -1.692 -1.435 -1.412 -0.976 -0.583 -0.559 -0.482 -0.399 -0.216 -0.486 -0.922 -0.959 -0.726 -0.875 -1.029 -1.16 -1.162 -1.236 -1.309 -1.359 -1.16 -1.034 -0.825 -0.668 -0.635 -0.755 -0.71
-0.611 -0.584 -0.011 -0.479 -1.325 -2.133 -2.709 -3.042 -2.731 -2.435 -2.443 -2.664 -2.622 -2.532 -2.687 -3.078 -2.75 -2.455 -2.703 -3.037 -2.775 -2.564 -2.429 -2.536 -2.229 -1.985 -1.881 -1.872 -1.91 -1.869 -1.829 -1.709 -1.539 -1.27 -0.964 -0.528 -0.225 -0.357 -0.518 -0.744 -1.152 -1.466 -1.395 -1.947 -1.837 -1.894 -2.039 -1.682 -1.54 -1.344 -1.258 -0.955 -0.851 -0.616 -0.269 -0.023 0.064 0.08 -0.007 -0.384 -0.58 -0.602 -0.434 -0.702 -0.768 -0.967 -1.144 -1.409 -1.443 -1.422 -1.327 -1.249 -1.134 -0.927 -0.667 -0.545 -0.408
-1.044 -0.709 -0.206 -0.704 -1.418 -1.908 -2.146 -2.8 -2.88 -2.494 -2.208 -2.19 -2.289 -2.39 -2.593 -2.911 -2.742 -2.402 -2.353 -2.468 -2.574 -2.593 -2.389 -2.508 -2.405 -2.19 -1.983 -1.728 -1.849 -1.712 -1.641 -1.344 -1.139 -0.922 -0.508 -0.23 -0.361 -0.81 -0.857 -0.86 -0.866 -0.857 -1.498 -1.695 -1.573 -2.006 -2.012 -1.487 -1.217 -0.962 -0.752 -0.433 -0.207 -0.174 -0.218 -0.274 -0.212 -0.183 0.042 0.057 -0.005 0.067 0.091 -0.004 -0.09 -0.308 -0.559 -1.138 -1.287 -1.344 -1.341 -1.248 -1.34 -1.283 -1.088 -0.733 -0.432
-0.876 -0.56 -0.51 -1.083 -1.814 -2.335 -2.618 -2.99 -2.792 -2.689 -2.36 -2.047 -2.016 -2.164 -2.452 -2.468 -2.631 -2.45 -2.202 -2.115 -2.125 -2.281 -2.193 -2.424 -2.569 -2.2 -1.948 -1.493 -1.226 -1.53 -1.219 -1.098 -0.714 -0.38 -0.193 -0.383 -0.787 -1.204 -1.251 -1.175 -1.177 -1.227 -1.135 -1.362 -1.822 -1.931 -1.67 -1.146 -0.778 -0.474 -0.293 -0.265 -0.487 -0.582 -0.812 -0.838 -0.79 -0.655 -0.416 -0.3 -0.22 -0.054 0.145 0.235 0.259 0.115 -0.132 -0.653 -0.724 -0.753 -0.831 -0.814 -0.988 -1.032 -1.173 -1.15 -0.997
-0.975 -0.923 -1.124 -1.678 -2.329 -2.951 -3.15 -2.976 -2.557 -2.413 -2.231 -2.008 -1.912 -1.925 -2.158 -2.508 -2.826 -2.637 -2.352 -2.156 -1.971 -1.922 -2.12 -2.401 -2.455 -2.15 -2.06 -1.602 -0.993 -1.126 -0.951 -0.524 -0.25 -0.167 -0.273 -0.58 -0.965 -1.398 -1.644 -1.723 -1.48 -1.642 -1.404 -1.562 -1.816 -1.536 -1.219 -0.772 -0.429 -0.405 -0.666 -0.7 -1.02 -0.994 -1.344 -1.257 -1.211 -1.026 -0.836 -0.7 -0.675 -0.673 -0.43 -0.309 -0.109 0.209 0.193 -0.137 0 -0.089 -0.198 -0.305 -0.556 -0.626 -0.883 -1.058 -1.323
-1.264 -1.306 -1.612 -2.306 -2.987 -3.015 -2.918 -2.741 -2.443 -2.196 -2.054 -1.955 -1.889 -1.835 -1.937 -2.437 -2.784 -2.952 -2.766 -2.49 -1.976 -1.746 -2.339 -2.102 -2.13 -1.774 -1.614 -1.646 -1.185 -0.578 -0.468 -0.211 -0.209 -0.439 -0.734 -0.777 -0.756 -1.106 -1.512 -1.899 -1.864 -1.763 -1.675 -1.72 -1.534 -1.127 -0.747 -0.524 -0.518 -0.899 -1.121 -1.109 -1.328 -1.442 -1.468 -1.224 -1.06 -1.049 -1.109 -1.017 -0.981 -1.106 -0.905 -0.968 -0.852 -0.243 0.233 0.292 0.36 0.377 0.412 0.198 -0.118 -0.266 -0.461 -0.792 -1.305
-1.73 -1.993 -2.458 -2.726 -2.694 -2.889 -2.73 -2.482 -2.305 -2.156 -2.109 -2.121 -2.106 -1.76 -1.726 -1.93 -2.273 -2.817 -2.711 -2.335 -1.781 -1.56 -2.269 -1.909 -1.672 -1.789 -1.261 -1.31 -0.924 -0.451 -0.204 -0.247 -0.554 -0.93 -1.204 -1.29 -1.285 -0.895 -1.258 -1.604 -1.724 -1.636 -1.451 -1.335 -1.127 -0.778 -0.629 -0.819 -0.928 -1.218 -1.443 -1.376 -1.392 -1.448 -1.245 -0.999 -0.842 -0.664 -0.787 -1.001 -1.226 -1.377 -1.346 -1.422 -1.108 -0.643 -0.257 0.194 0.234 0.265 0.543 0.624 0.432 0.135 -0.239 -0.686 -1.032
-2.594 -2.393 -2.326 -2.503 -2.314 -2.577 -2.676 -2.429 -2.283 -2.445 -2.651 -2.859 -2.516 -1.946 -1.638 -1.594 -1.976 -2.461 -2.253 -1.984 -1.435 -1.478 -2.166 -1.792 -1.319 -1.393 -1.172 -0.784 -0.435 -0.156 -0.278 -0.614 -0.895 -1.293 -1.543 -1.638 -1.457 -1.165 -1.004 -1.465 -1.598 -1.359 -1.157 -1.098 -0.942 -0.818 -0.97 -1.25 -1.419 -1.49 -1.634 -1.543 -1.458 -1.382 -1.352 -1.244 -1.133 -0.851 -0.544 -0.538 -1.001 -1.244 -1.456 -1.44 -1.212 -0.974 -0.638 -0.356 -0.179 0.104 0.208 0.517 0.751 0.451 -0.071 -0.572 -0.941
-2.288 -1.784 -1.814 -2.1 -2.095 -2.094 -2.239 -2.675 -2.737 -3.196 -2.809 -2.537 -2.64 -2.236 -1.717 -1.538 -1.691 -2.267 -1.916 -1.355 -1.104 -1.556 -2.005 -1.774 -1.374 -0.884 -0.828 -0.396 -0.162 -0.203 -0.564 -1.037 -1.051 -1.442 -1.722 -1.656 -1.435 -1.35 -1.153 -1.568 -1.626 -1.454 -1.294 -1.245 -1.175 -1.193 -1.343 -1.537 -1.634 -1.601 -1.647 -1.731 -1.472 -1.282 -1.234 -1.244 -1.409 -1.117 -0.745 -0.451 -0.466 -0.863 -1.071 -1.071 -1.307 -1.336 -1.032 -0.811 -0.466 -0.206 -0.308 -0.057 0.267 0.692 0.13 -0.446 -0.928
-1.979 -1.602 -1.546 -1.702 -1.691 -2.002 -2.566 -2.44 -2.67 -3.055 -2.606 -2.115 -2.182 -2.348 -1.83 -1.477 -1.55 -2.097 -1.824 -1.157 -0.908 -1.548 -1.737 -1.507 -1.176 -0.655 -0.362 -0.153 -0.241 -0.501 -0.769 -1.257 -1.328 -1.349 -1.797 -1.748 -1.639 -1.631 -1.419 -1.709 -1.764 -1.65 -1.567 -1.418 -1.381 -1.585 -1.658 -1.659 -1.466 -1.295 -1.44 -1.661 -1.517 -1.372 -1.095 -0.857 -1.319 -1.365 -1.18 -0.819 -0.319 -0.497 -0.785 -0.929 -1.388 -1.391 -1.066 -0.845 -0.47 -0.247 -0.518 -0.137 0.083 0.687 0.479 -0.087 -0.671
-1.564 -1.292 -1.187 -1.358 -1.694 -2.45 -2.646 -2.121 -2.181 -2.523 -2.617 -2.09 -1.781 -1.977 -1.882 -1.401 -1.453 -1.884 -1.607 -1.112 -0.648 -1.178 -1.498 -1.205 -0.782 -0.355 -0.113 -0.238 -0.628 -0.967 -0.784 -1.318 -1.599 -1.578 -1.951 -1.934 -1.769 -1.695 -1.332 -1.617 -1.889 -1.679 -1.488 -1.258 -1.367 -1.838 -1.832 -1.662 -1.361 -0.969 -1.105 -1.483 -1.643 -1.311 -0.93 -0.645 -0.919 -1.361 -1.158 -0.867 -0.253 -0.264 -0.917 -1.221 -1.515 -1.25 -0.989 -0.666 -0.346 -0.404 -0.934 -0.403 -0.146 0.457 0.787 0.325 -0.297
-1.05 -0.965 -1.123 -1.566 -2.09 -2.431 -2.581 -2.05 -1.804 -2.259 -2.767 -2.375 -2.026 -1.666 -1.482 -1.306 -1.381 -1.599 -1.508 -1.018 -0.354 -0.652 -1.075 -0.878 -0.365 -0.128 -0.265 -0.655 -0.993 -1.393 -0.951 -1.105 -1.653 -1.98 -2.156 -2.054 -1.894 -1.708 -1.303 -1.207 -1.57 -1.494 -1.296 -1.195 -1.367 -1.716 -1.625 -1.387 -1.143 -0.738 -1.064 -1.584 -1.594 -1.225 -0.988 -0.538 -0.74 -1.353 -1.055 -0.548 -0.087 -0.189 -0.759 -1.181 -1.738 -1.795 -1.469 -1.031 -1.131 -1.298 -1.406 -0.95 -0.537 -0.001 0.742 0.725 0.172
-1.001 -1.261 -1.582 -2.036 -2.109 -1.983 -2.237 -1.819 -1.758 -2.346 -2.696 -2.433 -2.169 -1.698 -1.187 -1.213 -1.431 -1.676 -1.471 -0.931 -0.152 -0.254 -0.627 -0.423 -0.128 -0.296 -0.653 -1.093 -1.303 -1.603 -1.24 -0.936 -1.57 -2.262 -2.295 -2.198 -1.79 -1.497 -1.329 -1.018 -0.997 -1.014 -1.045 -1.19 -1.399 -1.725 -1.499 -1.365 -1.1 -0.779 -0.707 -1.331 -1.474 -1.072 -0.703 -0.204 -0.371 -1.014 -1.094 -0.581 0.022 -0.154 -0.72 -1.182 -1.467 -1.72 -1.868 -1.596 -1.558 -1.524 -1.404 -0.882 -0.465 -0.072 0.537 0.896 0.666
-1.514 -2.027 -2.318 -2.267 -2.048 -1.832 -1.807 -1.573 -1.668 -2.151 -2.331 -2.038 -1.809 -1.426 -1.082 -1.192 -1.612 -1.677 -1.272 -0.729 -0.083 -0.008 -0.287 -0.106 -0.295 -0.695 -1.066 -1.389 -1.584 -1.727 -1.607 -1.344 -1.613 -2.319 -2.248 -2.054 -1.614 -1.664 -1.678 -1.203 -0.759 -0.727 -0.766 -1.268 -1.646 -2.014 -1.901 -1.668 -1.344 -0.424 -0.328 -0.98 -1.29 -1.322 -1.067 -0.398 0.201 -0.38 -0.57 -0.269 0.093 -0.456 -0.957 -1.208 -0.975 -1.121 -1.542 -1.524 -1.259 -1.078 -0.885 -0.486 -0.063 0.227 0.448 0.862 1.044
-2.159 -2.511 -2.672 -2.544 -2.532 -2.127 -1.782 -1.747 -1.545 -1.57 -1.794 -1.551 -1.411 -1.058 -0.999 -1.345 -1.645 -1.397 -1.031 -0.525 0.042 0.077 -0.044 -0.284 -0.671 -1.104 -1.391 -1.5 -1.527 -1.811 -2.082 -1.923 -1.961 -2.075 -1.911 -1.666 -1.547 -1.798 -1.74 -1.241 -1.145 -0.662 -0.905 -1.24 -1.586 -2.072 -2.212 -2.02 -1.322 -0.328 0.238 -0.18 -0.913 -1.423 -1.011 -0.491 0.09 0.22 0.258 0.376 0.152 -0.614 -1.117 -0.871 -0.55 -0.713 -1.32 -1.529 -1.136 -0.802 -0.5 -0.262 -0.083 -0.066 0.091 0.612 1.091
-2.441 -2.375 -2.259 -2.441 -2.42 -2.44 -2.187 -2.057 -1.862 -1.404 -1.227 -1.066 -0.922 -0.862 -1.051 -1.354 -1.324 -1.1 -0.704 -0.22 0.184 0.092 -0.174 -0.582 -1.08 -1.311 -1.278 -1.249 -1.637 -1.958 -2.094 -2.063 -2.135 -2.157 -2.038 -1.674 -1.746 -1.914 -1.668 -1.376 -1.348 -0.664 -0.529 -1.252 -1.602 -2.006 -1.836 -1.47 -0.897 -0.357 0.213 0.33 -0.612 -0.981 -1.174 -0.749 -0.17 -0.325 -0.111 0.42 0.426 -0.255 -0.581 -0.359 -0.418 -0.88 -1.31 -1.361 -1.294 -1.051 -0.733 -0.547 -0.82 -0.625 0.019 0.097 0.666
-2.143 -1.984 -1.924 -1.97 -1.904 -2.314 -2.05 -1.832 -1.767 -1.297 -0.81 -0.611 -0.765 -1.091 -1.082 -1.057 -0.999 -0.636 -0.251 0.146 0.248 -0.106 -0.602 -0.736 -0.944 -1.017 -1.19 -1.571 -1.678 -1.684 -1.658 -1.471 -1.775 -1.891 -1.998 -1.823 -1.76 -1.664 -1.675 -1.78 -1.347 -0.809 -0.268 -0.974 -1.397 -1.628 -1.649 -1.189 -1.04 -0.849 -0.196 0.571 -0.064 -0.677 -1.212 -0.882 -0.676 -0.845 -0.407 0.031 0.567 0.341 0.061 0.116 -0.49 -0.988 -1.246 -0.845 -0.881 -0.93 -0.721 -0.73 -1.203 -0.807 -0.486 -0.555 0.132
-1.943 -1.529 -1.824 -1.796 -1.52 -2.084 -1.615 -1.39 -1.439 -1.007 -0.471 -0.695 -1.02 -1.042 -0.856 -0.726 -0.436 -0.248 0.105 0.289 0.09 -0.287 -0.411 -0.906 -1.117 -1.36 -1.545 -1.382 -1.399 -1.393 -1.245 -1.381 -1.479 -1.791 -2.15 -1.965 -1.614 -1.322 -1.337 -1.408 -1.355 -0.834 -0.157 -0.584 -1.113 -1.606 -1.439 -1.175 -1.27 -0.894 -0.378 0.449 0.2 -0.59 -1.034 -1.155 -1.036 -0.989 -0.678 -0.202 0.467 0.614 0.082 0.034 -0.488 -1.093 -1.344 -0.817 -0.512 -0.4 -0.233 -0.186 -0.813 -1.117 -1.078 -0.63 0.038
-1.738 -1.417 -1.615 -1.779 -1.169 -1.756 -1.377 -1.149 -1.158 -0.858 -0.405 -0.869 -0.824 -0.686 -0.377 -0.082 0.123 0.327 0.371 0.224 0.02 -0.036 -0.512 -0.938 -1.172 -1.012 -0.893 -1.013 -0.961 -0.929 -1.006 -1.138 -1.346 -1.709 -1.826 -1.763 -1.461 -1.227 -1.358 -1.221 -1.025 -0.751 -0.17 -0.36 -0.971 -1.514 -1.552 -1.213 -1.211 -0.925 -0.419 0.333 0.505 0.063 -0.344 -0.744 -0.77 -0.946 -0.551 -0.034 0.593 0.474 -0.16 -0.417 -0.482 -1.034 -1.32 -1.089 -0.971 -0.772 -0.429 0.166 -0.454 -1.193 -1.119 -0.665 -0.656
-1.136 -1.038 -1.604 -1.779 -0.94 -1.477 -1.231 -0.969 -0.762 -0.452 -0.324 -0.822 -0.364 -0.054 0.167 0.442 0.424 0.293 0.154 -0.179 -0.56 -0.295 -0.391 -0.763 -0.528 -0.439 -0.46 -0.658 -0.922 -1.182 -1.442 -1.479 -1.412 -1.319 -1.364 -1.556 -1.613 -1.388 -1.588 -1.629 -1.318 -0.935 -0.283 -0.143 -0.811 -1.397 -1.463 -1.117 -0.78 -0.778 -0.265 0.257 0.357 0.542 0.463 0.003 -0.531 -0.567 0.013 0.476 0.731 0.173 -0.455 -0.697 -0.846 -0.966 -0.817 -0.609 -0.755 -0.829 -0.287 0.327 -0.384 -1.186 -1.352 -1.208 -0.808
-0.72 -1.21 -1.783 -1.864 -0.911 -1.072 -1.209 -0.721 -0.274 -0.128 -0.436 -0.647 -0.04 0.373 0.514 0.205 -0.034 -0.219 -0.279 -0.807 -1.102 -0.938 -0.337 -0.252 -0.375 -0.713 -0.8 -0.866 -1.407 -1.725 -1.77 -1.545 -1.398 -0.971 -1.222 -1.454 -1.66 -1.561 -1.492 -1.728 -1.671 -1.237 -0.439 -0.132 -0.903 -1.439 -1.418 -1.005 -0.455 -0.213 -0.046 -0.251 -0.494 0.008 0.632 0.625 0.058 0.264 0.617 0.75 0.538 -0.109 -0.682 -0.867 -1.231 -1.233 -0.676 -0.062 0.077 -0.081 0.26 0.148 -0.682 -0.984 -0.904 -1.201 -0.947
-0.596 -0.854 -1.395 -1.76 -1.019 -0.776 -1.294 -0.688 0.048 0.02 -0.429 -0.164 0.306 0.548 0.169 -0.247 -0.612 -0.908 -0.777 -1.236 -1.476 -1.266 -0.79 -0.327 -0.698 -1.086 -1.179 -1.09 -1.428 -1.616 -1.659 -1.23 -1.098 -0.939 -1.228 -1.467 -1.614 -1.406 -1.135 -1.34 -1.268 -0.917 -0.3 -0.188 -0.947 -1.541 -1.448 -1.096 -0.714 -0.507 -0.573 -0.997 -0.856 -0.407 -0.041 0.603 0.858 0.899 0.516 0.372 0.013 -0.008 -0.476 -1.009 -1.073 -1.236 -0.786 -0.36 -0.231 0.297 0.419 0.498 -0.049 -0.234 -0.207 -0.782 -1.261
-0.442 -0.633 -1.168 -1.674 -1.14 -0.59 -1.216 -0.775 0.123 0.207 0.103 0.366 0.573 0.245 -0.26 -0.502 -1.014 -1.442 -1.416 -1.43 -1.236 -1.007 -0.832 -0.409 -0.746 -1.228 -1.456 -1.492 -1.527 -1.435 -1.475 -1.104 -0.838 -0.967 -1.21 -1.412 -1.485 -1.029 -0.59 -0.685 -0.507 -0.219 -0.017 -0.281 -0.839 -1.394 -1.456 -1.365 -1.259 -1.16 -1.115 -1.175 -1.062 -0.802 -0.471 0.078 0.919 0.97 0.292 -0.062 -0.087 -0.437 -0.524 -0.887 -0.535 -0.986 -1.256 -1.053 -0.591 -0.362 -0.133 0.501 0.419 0.044 -0.453 -0.772 -0.835
-0.335 -0.497 -1.144 -1.261 -1.11 -0.483 -0.864 -0.538 0.267 0.493 0.587 0.669 0.389 -0.067 -0.459 -1.012 -1.421 -1.812 -1.593 -1.296 -1.075 -1.086 -0.914 -0.668 -0.755 -1.246 -1.614 -1.911 -1.621 -1.193 -1.084 -0.899 -0.809 -1.112 -1.345 -1.418 -1.479 -1.028 -0.553 -0.156 0.237 0.229 -0.125 -0.593 -1.011 -1.359 -1.189 -1.07 -1.12 -0.989 -1.017 -0.839 -0.904 -1.043 -0.654 0.041 0.968 0.799 0.275 -0.077 -0.467 -0.633 -0.969 -0.768 -0.238 -0.727 -0.966 -1.044 -0.99 -0.874 -0.144 0.466 0.358 -0.478 -1.075 -1.091 -0.577
