data/climatemaps/RS_maps/climate_postbreed_tmp_1999.asc
NCOLS 369 
NROWS 228 
XLLCORNER 479000 
YLLCORNER 73000 
CELLSIZE 1000 
NODATA_value -9 
[rows 68 to 101 of 228, columns 231 to 307 of 369]
0.74 0.741 0.743 0.736 0.735 0.73 0.689 0.669 0.639 0.6 0.509 0.328 0.19 0.076 0.011 -0.093 -0.073 0.048 0.225 0.045 0.196 0.331 0.385 0.306 0.172 -0.087 -0.398 -0.313 -0.167 -0.41 -0.613 -0.696 -0.457 -0.334 -0.976 -1.137 -0.875 -0.86 -0.755 -0.263 0.112 0.406 0.662 0.726 0.735 0.738 0.727 0.657 0.609 0.599 0.699 0.716 0.611 0.574 0.666 0.677 0.667 0.67 0.686 0.624 -9 -9 -9 -9 -9 -9 -9 -9 -9 -9 -9 -9 -9 -9 -9 -9 -9
0.775 0.787 0.782 0.775 0.781 0.798 0.795 0.768 0.731 0.685 0.618 0.493 0.33 0.23 0.093 -0.13 -0.229 -0.088 0.213 0.005 0.033 0.225 0.363 0.358 0.227 -0.084 -0.395 -0.418 -0.485 -0.703 -0.633 -0.383 -0.053 -0.294 -0.651 -0.558 -0.605 -0.639 -0.324 -0.012 0.267 0.529 0.696 0.734 0.74 0.74 0.715 0.653 0.659 0.71 0.728 0.621 0.307 0.25 0.465 0.591 0.669 0.701 0.706 0.69 -9 -9 -9 -9 -9 -9 -9 -9 -9 -9 -9 -9 -9 -9 -9 -9 -9
0.812 0.835 0.819 0.796 0.793 0.807 0.819 0.819 0.804 0.772 0.724 0.615 0.431 0.224 0.131 -0.134 -0.25 -0.085 0.087 -0.2 -0.121 0.029 0.113 0.203 0.239 0.019 -0.266 -0.641 -0.438 -0.321 -0.287 -0.104 -0.071 -0.249 -0.247 -0.259 -0.293 -0.189 -0.158 0.054 0.342 0.618 0.711 0.737 0.743 0.742 0.733 0.724 0.731 0.729 0.627 0.282 -0.094 0.056 0.366 0.371 0.498 0.606 0.677 0.694 -9 -9 -9 -9 -9 -9 -9 -9 -9 -9 -9 -9 -9 -9 -9 -9 -9
0.82 0.757 0.733 0.761 0.796 0.817 0.826 0.826 0.82 0.8 0.786 0.72 0.468 0.169 0.072 -0.052 -0.29 -0.168 -0.23 -0.309 -0.102 -0.228 -0.153 0.08 0.227 0.201 -0.237 -0.452 -0.358 -0.179 -0.066 0.063 0.041 -0.019 -0.038 0.008 0.013 0.028 0.064 0.197 0.435 0.67 0.729 0.741 0.743 0.745 0.75 0.748 0.746 0.686 0.376 -0.118 -0.315 0.14 0.251 0.071 0.185 0.369 0.53 -9 -9 -9 -9 -9 -9 -9 -9 -9 -9 -9 -9 -9 -9 -9 -9 -9 -9
0.795 0.711 0.715 0.782 0.833 0.837 0.832 0.831 0.816 0.749 0.806 0.75 0.583 0.234 -0.041 -0.004 -0.281 -0.396 -0.502 -0.369 -0.191 -0.014 0.119 0.096 0.154 0.249 -0.039 -0.145 -0.097 0.111 0.128 0.114 0.026 -0.027 -0.095 -0.103 -0.075 0.001 0.111 0.282 0.481 0.686 0.736 0.743 0.748 0.747 0.753 0.753 0.731 0.485 0.078 -0.484 -0.302 0.149 0.129 -0.251 -0.144 0.204 0.396 -9 -9 -9 -9 -9 -9 -9 -9 -9 -9 -9 -9 -9 -9 -9 -9 -9 -9
0.813 0.797 0.801 0.798 0.839 0.839 0.834 0.833 0.775 0.709 0.817 0.794 0.701 0.35 -0.002 -0.297 -0.334 -0.661 -0.505 -0.244 -0.107 -0.054 -0.062 -0.278 -0.123 -0.087 0.146 0.152 0.118 -0.023 -0.165 -0.183 -0.219 -0.232 -0.338 -0.354 -0.326 -0.235 -0.057 0.187 0.435 0.666 0.736 0.753 0.753 0.751 0.753 0.743 0.644 0.241 -0.253 -0.716 -0.381 0.147 -0.167 -0.597 -0.438 -0.068 0.064 -9 -9 -9 -9 -9 -9 -9 -9 -9 -9 -9 -9 -9 -9 -9 -9 -9 -9
0.821 0.825 0.83 0.83 0.84 0.84 0.835 0.833 0.783 0.775 0.832 0.819 0.754 0.456 0.042 -0.486 -0.545 -0.611 -0.57 -0.409 -0.24 -0.322 -0.301 -0.369 -0.398 -0.253 -0.074 -0.13 -0.216 -0.42 -0.428 -0.463 -0.567 -0.559 -0.636 -0.548 -0.375 -0.247 -0.039 0.155 0.32 0.57 0.715 0.752 0.753 0.753 0.758 0.715 0.561 0.064 -0.679 -0.956 -0.465 0.089 -0.496 -0.824 -0.412 -0.339 -0.44 -0.056 0.264 0.05 0.072 -9 -9 -9 -9 -9 -9 -9 -9 -9 -9 -9 -9 -9 -9
0.784 0.793 0.8 0.785 0.788 0.796 0.819 0.835 0.837 0.834 0.833 0.833 0.782 0.389 -0.212 -0.561 -0.391 -0.399 -0.645 -0.515 -0.339 -0.413 -0.506 -0.481 -0.373 -0.216 -0.363 -0.603 -0.595 -0.616 -0.641 -0.774 -0.95 -0.878 -0.844 -0.617 -0.292 -0.159 -0.156 -0.159 0.095 0.382 0.48 0.679 0.757 0.753 0.759 0.658 0.434 -0.155 -0.85 -0.626 -0.123 -0.163 -0.526 -0.898 -0.542 -0.541 -0.538 -0.339 0.103 -0.146 -0.439 -0.605 -0.346 0.027 0.229 -9 -9 -9 -9 -9 -9 -9 -9 -9 -9
0.627 0.506 0.451 0.416 0.404 0.536 0.702 0.77 0.828 0.838 0.84 0.84 0.765 0.216 -0.449 -0.412 -0.087 -0.361 -0.282 -0.142 -0.139 -0.312 -0.355 -0.501 -0.447 -0.524 -0.742 -0.876 -0.866 -0.876 -0.906 -1.108 -1.133 -0.981 -0.783 -0.5 -0.203 -0.373 -0.669 -0.371 -0.169 -0.012 0.244 0.581 0.755 0.763 0.76 0.669 0.404 -0.181 -0.779 -0.483 -0.103 -0.564 -0.813 -1.02 -0.734 -0.606 -0.667 -0.486 -0.007 -0.175 -0.566 -0.788 -0.494 -0.199 0.011 0.321 0.501 0.651 -9 -9 -9 -9 -9 -9 -9
0.544 0.151 0.035 0.038 0.016 0.04 0.292 0.385 0.527 0.763 0.839 0.84 0.733 0.135 -0.183 0.079 0.251 -0.083 0.133 0.14 -0.051 -0.199 -0.269 -0.555 -0.728 -0.854 -0.85 -0.776 -0.724 -0.628 -0.545 -0.779 -0.941 -0.897 -0.779 -0.657 -0.508 -0.803 -0.982 -0.756 -0.516 -0.233 0.183 0.479 0.679 0.764 0.76 0.725 0.348 -0.399 -0.833 -0.499 -0.175 -0.483 -0.782 -0.935 -0.735 -0.777 -0.708 -0.365 -0.189 -0.43 -0.729 -0.761 -0.589 -0.336 -0.043 0.294 0.289 0.485 0.574 0.612 0.61 0.416 -9 -9 -9
0.547 0.403 0.212 0.031 -0.197 -0.234 -0.103 -0.009 0.128 0.44 0.758 0.834 0.739 0.432 0.226 0.481 0.607 0.42 0.511 0.44 0.22 0.091 -0.063 -0.271 -0.357 -0.357 -0.318 -0.185 -0.145 -0.003 0.172 0.091 -0.172 -0.38 -0.484 -0.887 -1.058 -1.202 -1.119 -0.949 -0.634 -0.149 0.075 0.306 0.64 0.771 0.762 0.755 0.424 -0.23 -0.587 -0.265 -0.449 -0.73 -0.611 -0.865 -0.926 -0.83 -0.355 -0.322 -0.559 -0.712 -0.95 -0.722 -0.649 -0.536 -0.071 0.198 -0.214 0.031 -0.061 0.063 0.617 0.468 -0.135 -0.574 -0.616
0.504 0.355 0.316 0.155 -0.069 -0.28 -0.255 -0.195 -0.258 -0.075 0.395 0.731 0.835 0.733 0.694 0.78 0.827 0.826 0.798 0.771 0.706 0.641 0.553 0.509 0.539 0.544 0.541 0.562 0.533 0.591 0.667 0.673 0.555 0.254 -0.129 -0.813 -0.76 -0.949 -1.247 -0.844 -0.414 -0.44 -0.135 0.249 0.654 0.771 0.773 0.768 0.585 0.058 -0.314 -0.285 -0.72 -0.983 -0.739 -0.901 -1.02 -0.628 -0.266 -0.72 -0.83 -1.021 -0.936 -0.552 -0.336 -0.192 0.07 -0.195 -0.731 -0.558 -0.61 -0.509 0.2 0.554 0.328 -0.201 -0.556
0.403 0.256 0.127 0.11 -0.007 -0.309 -0.373 -0.307 -0.269 -0.121 0.136 0.545 0.833 0.842 0.853 0.845 0.759 0.641 0.648 0.751 0.81 0.854 0.854 0.85 0.842 0.841 0.841 0.843 0.827 0.832 0.836 0.83 0.817 0.717 0.311 -0.387 -0.41 -0.555 -0.924 -0.964 -0.72 -0.735 -0.217 0.259 0.545 0.745 0.773 0.773 0.69 0.28 -0.097 -0.325 -0.62 -0.749 -0.807 -1.085 -0.991 -0.505 -0.38 -1.046 -1.063 -0.996 -0.759 -0.516 -0.101 0.029 -0.422 -0.247 -1.047 -1.068 -1.048 -0.668 0.184 0.582 0.492 -0.057 -0.387
0.382 0.349 0.109 -0.11 -0.069 -0.419 -0.436 -0.322 -0.323 -0.304 -0.115 0.337 0.776 0.852 0.792 0.6 0.393 0.277 0.306 0.391 0.551 0.686 0.752 0.773 0.801 0.82 0.826 0.813 0.753 0.812 0.807 0.697 0.832 0.832 0.767 0.134 -0.177 -0.46 -0.673 -1.088 -1.051 -0.695 -0.233 0.19 0.453 0.657 0.771 0.774 0.705 0.375 -0.049 -0.462 -0.423 -0.66 -0.721 -1.083 -0.877 -0.403 -0.489 -1.031 -1.109 -0.91 -0.692 -0.41 0.022 -0.281 -0.763 -0.679 -0.988 -1.405 -1 -0.3 0.161 0.558 0.502 0.079 -0.229
0.125 0.286 0.177 -0.165 -0.165 -0.385 -0.513 -0.377 -0.289 -0.267 -0.177 0.053 0.64 0.849 0.64 0.234 -0.106 -0.127 -0.027 0.064 0.278 0.294 0.415 0.382 0.575 0.462 0.55 0.601 0.523 0.386 0.302 0.355 0.529 0.772 0.824 0.605 -0.022 -0.498 -0.662 -0.851 -1.091 -0.757 -0.32 0.178 0.476 0.606 0.767 0.776 0.736 0.396 -0.14 -0.686 -0.467 -0.829 -0.774 -0.922 -0.791 -0.323 -0.546 -0.971 -1.209 -0.874 -0.49 -0.234 -0.03 -0.737 -1.179 -1.112 -1.263 -1.245 -0.721 -0.336 0.103 0.479 0.583 0.438 0.227
0 0.263 0.26 -0.009 -0.395 -0.529 -0.517 -0.401 -0.265 -0.071 0.019 0.172 0.609 0.851 0.676 0.184 -0.341 -0.514 -0.242 -0.344 -0.008 -0.246 -0.062 -0.017 0.397 -0.051 0.016 0.194 0.208 -0.18 -0.111 0.063 0.334 0.678 0.814 0.792 0.484 -0.001 -0.543 -0.631 -0.798 -0.591 -0.203 0.21 0.532 0.678 0.776 0.78 0.709 0.267 -0.238 -0.794 -0.611 -0.812 -1.056 -1.055 -0.846 -0.336 -0.616 -1.042 -1.107 -0.754 -0.768 -0.71 -0.171 -0.909 -1.506 -1.267 -1.132 -0.822 -0.657 -0.373 -0.026 0.198 0.43 0.469 0.476
-0.037 0.16 0.316 0.045 -0.59 -0.694 -0.542 -0.206 -0.024 0.081 0.114 0.076 0.665 0.861 0.747 0.235 -0.17 -0.57 -0.221 -0.814 -0.409 -0.656 -0.552 0.011 0.032 -0.464 -0.508 -0.304 -0.341 -0.43 -0.358 -0.169 0.187 0.473 0.691 0.784 0.763 0.533 -0.054 -0.385 -0.716 -0.475 -0.095 0.317 0.633 0.759 0.788 0.776 0.56 0.037 -0.548 -0.983 -0.753 -0.697 -1.155 -1.206 -0.778 -0.487 -0.67 -0.924 -1.156 -0.926 -1.107 -0.609 -0.343 -0.822 -1.398 -1.019 -0.732 -0.577 -0.575 -0.438 -0.463 -0.285 0.075 0.222 0.442
-0.157 0.125 0.322 0.006 -0.428 -0.795 -0.583 -0.075 -0.101 -0.214 -0.304 -0.256 0.723 0.809 0.462 0.051 -0.189 -0.536 -0.398 -1.114 -0.684 -0.813 -0.734 -0.111 -0.52 -0.746 -0.834 -0.73 -0.72 -0.666 -0.493 -0.125 0.12 0.203 0.399 0.548 0.716 0.782 0.59 0.006 -0.59 -0.541 -0.081 0.434 0.713 0.786 0.792 0.718 0.107 -0.366 -0.465 -0.998 -1.093 -0.801 -1.088 -1.071 -0.735 -0.977 -0.98 -1.108 -1.541 -1.485 -1.301 -0.821 -0.892 -0.725 -1.222 -1.043 -0.782 -0.767 -1 -0.88 -0.856 -0.537 -0.106 -0.056 0.134
-0.194 0.162 0.214 -0.257 -0.601 -0.781 -0.295 -0.309 -0.582 -0.772 -0.969 -0.222 0.798 0.7 0.159 -0.267 -0.64 -0.687 -0.594 -1.175 -0.821 -0.594 -0.549 -0.188 -0.807 -1.098 -1.016 -0.935 -0.861 -0.679 -0.322 -0.028 -0.232 -0.23 0.031 0.264 0.458 0.707 0.789 0.534 0.065 -0.189 0.198 0.644 0.767 0.791 0.793 0.687 -0.134 -0.693 -0.723 -0.82 -1.258 -1.175 -1.475 -1.282 -1.029 -1.352 -1.312 -1.599 -1.888 -1.846 -1.743 -1.419 -1.498 -1.023 -1.209 -1.195 -1.057 -0.816 -1.162 -1.085 -0.818 -0.432 -0.345 -0.462 -0.172
-0.46 0.079 -0.104 -0.537 -0.839 -0.586 -0.388 -0.722 -0.914 -1.016 -0.969 0.17 0.825 0.605 0.197 -0.304 -0.753 -0.875 -0.887 -0.902 -0.732 -0.893 -0.869 -0.309 -0.876 -1.237 -1.052 -0.82 -0.608 -0.392 -0.103 -0.313 -0.7 -0.593 -0.32 -0.04 0.217 0.425 0.66 0.745 0.658 0.466 0.648 0.783 0.759 0.691 0.681 0.667 0.064 -0.513 -1.054 -1.274 -1.429 -1.466 -1.237 -1.367 -1.36 -1.334 -1.116 -1.196 -1.462 -1.735 -1.866 -1.654 -1.381 -1.104 -1.249 -1.393 -1.173 -0.986 -1.24 -1.152 -0.681 -0.404 -0.766 -0.899 -0.439
-0.419 -0.049 -0.338 -0.762 -1.022 -0.653 -0.796 -0.954 -0.913 -0.709 -0.148 0.477 0.793 0.721 0.228 -0.275 -0.823 -1.163 -1.117 -0.864 -0.986 -1.097 -0.818 -0.486 -0.988 -1.232 -0.964 -0.757 -0.412 -0.182 -0.245 -0.787 -0.954 -0.745 -0.509 -0.279 -0.006 0.159 0.375 0.617 0.779 0.763 0.802 0.805 0.785 0.571 0.339 0.598 0.436 -0.265 -1.097 -1.336 -1.179 -1.135 -1.013 -0.892 -0.936 -0.946 -0.724 -0.768 -0.941 -1.127 -1.396 -1.397 -1.246 -1.244 -1.371 -1.35 -1.267 -1.241 -1.154 -1.02 -0.69 -0.634 -1.105 -0.971 -0.56
-0.428 -0.541 -0.774 -0.996 -0.965 -0.735 -0.787 -0.632 -0.389 0.081 0.41 0.624 0.735 0.808 0.575 -0.114 -0.885 -1.188 -1.292 -1.119 -1.015 -0.949 -0.824 -0.962 -1.189 -1.251 -1.067 -0.966 -0.619 -0.284 -0.497 -1.16 -1.001 -0.688 -0.587 -0.522 -0.255 0.034 0.3 0.444 0.705 0.803 0.813 0.808 0.805 0.783 0.559 0.322 0.483 0.251 -0.23 -0.653 -1.199 -0.968 -0.784 -0.644 -0.515 -0.373 -0.479 -0.604 -0.681 -0.866 -0.997 -1.132 -1.204 -1.264 -1.17 -1.033 -1.222 -1.54 -1.317 -0.952 -0.838 -0.965 -1.33 -1.14 -0.871
-0.615 -0.75 -0.719 -0.491 -0.461 -0.524 -0.453 0.037 0.241 0.24 0.194 0.425 0.548 0.778 0.816 0.36 -0.477 -0.957 -1.37 -1.315 -0.998 -1.158 -1.214 -1.197 -1.227 -1.386 -1.299 -1.177 -0.809 -0.411 -0.759 -1.251 -0.894 -0.853 -0.828 -0.703 -0.388 0.146 0.035 0.075 0.541 0.733 0.801 0.813 0.806 0.806 0.794 0.693 0.505 0.432 0.039 -0.384 -0.952 -1.016 -0.981 -0.915 -0.699 -0.286 -0.239 -0.426 -0.588 -0.922 -1.122 -1.032 -1.055 -1.125 -0.809 -0.769 -1.111 -1.376 -1.528 -1.3 -1.373 -1.56 -1.385 -1.319 -1.161
-0.456 -0.388 -0.023 0.144 0.173 0.15 0.162 0.283 0.196 -0.094 -0.186 -0.407 -0.054 0.579 0.798 0.563 -0.264 -0.893 -1.261 -1.413 -1.123 -1.205 -1.267 -1.013 -1.113 -1.433 -1.433 -1.247 -0.824 -0.729 -1.035 -1.195 -1.031 -1.078 -0.975 -0.753 -0.166 0.202 -0.307 -0.298 0.241 0.445 0.594 0.682 0.769 0.797 0.801 0.773 0.668 0.582 0.268 -0.034 -0.628 -0.958 -1.219 -1.09 -0.784 -0.272 -0.051 -0.457 -0.76 -1.113 -1.05 -0.715 -0.773 -0.839 -0.547 -0.516 -0.854 -1.022 -1.226 -1.452 -1.704 -1.325 -1.272 -1.475 -1.402
-0.156 -0.104 0.212 0.15 0.02 0.081 0.024 -0.427 -0.74 -0.889 -0.946 -0.999 -0.259 0.479 0.749 0.59 -0.207 -0.768 -1.017 -1.324 -1.008 -0.772 -0.93 -0.744 -1.112 -1.328 -1.272 -1.272 -1.119 -1.2 -1.26 -1.321 -1.225 -1.117 -0.809 -0.376 0.141 -0.215 -0.593 -0.562 -0.111 0.111 0.13 0.257 0.394 0.656 0.772 0.794 0.764 0.709 0.504 0.216 -0.281 -0.702 -1.127 -0.936 -0.563 -0.141 0.064 -0.312 -0.682 -1.024 -0.74 -0.305 -0.552 -0.489 -0.202 -0.406 -0.66 -0.994 -1.407 -1.316 -1.245 -1.024 -1.19 -1.537 -1.528
-0.561 -0.679 -0.054 -0.356 -0.854 -0.835 -0.966 -1.416 -1.738 -1.624 -1.417 -0.689 0.022 0.525 0.756 0.545 -0.014 -0.238 -0.551 -0.994 -0.706 -0.356 -0.625 -0.804 -1.231 -0.942 -0.999 -1.384 -1.374 -1.411 -1.297 -1.18 -1.094 -0.918 -0.646 0.021 -0.011 -0.587 -0.992 -0.826 -0.378 -0.165 -0.34 -0.176 -0.044 0.331 0.648 0.756 0.796 0.769 0.679 0.492 0.088 -0.267 -0.608 -0.527 -0.252 0.078 0.183 -0.205 -0.486 -0.64 -0.461 -0.026 -0.39 -0.122 -0.207 -0.619 -0.872 -1 -1.315 -1.288 -1.014 -0.796 -1.001 -1.374 -1.388
-1.03 -1.107 -0.593 -0.351 -0.754 -1.011 -1.465 -1.733 -1.879 -1.548 -1.095 -0.538 0.14 0.652 0.766 0.606 0.352 0.33 0.126 -0.305 -0.251 -0.308 -0.832 -1.179 -1.266 -0.626 -0.927 -1.445 -1.181 -1.219 -1.387 -0.863 -0.552 -0.405 -0.116 0.047 -0.29 -0.712 -1.274 -1.14 -0.599 -0.631 -0.767 -0.548 -0.268 0.272 0.473 0.542 0.751 0.793 0.769 0.676 0.451 0.102 -0.173 -0.088 0.055 0.32 0.269 0.078 -0.062 -0.236 -0.059 0.154 0.04 0.141 -0.039 -0.341 -0.48 -0.8 -1.293 -1.143 -0.783 -0.87 -1.114 -1.376 -1.364
-1.253 -1.288 -0.993 -0.605 -0.44 -0.855 -1.373 -1.676 -1.577 -0.882 -0.621 -0.226 0.418 0.755 0.566 0.423 -0.077 -0.08 0.254 0.294 0.18 -0.279 -0.894 -1.243 -1.179 -0.498 -0.833 -1.326 -0.813 -1.02 -1.066 -0.605 -0.168 -0.047 -0.018 -0.24 -0.695 -0.867 -1.476 -1.398 -1.04 -1.064 -1.053 -0.782 -0.303 0.337 0.213 0.141 0.498 0.736 0.792 0.758 0.691 0.424 0.188 0.228 0.411 0.586 0.577 0.462 0.374 0.247 0.326 0.33 0.127 -0.139 -0.263 -0.275 -0.511 -0.821 -0.826 -0.672 -0.595 -1.014 -1.411 -1.522 -1.22
-1.253 -1.204 -1.038 -0.855 -0.827 -1.057 -1.414 -1.412 -1.123 -0.563 -0.331 0.162 0.671 0.584 0.19 0.199 -0.383 -0.7 -0.246 0.077 0.375 -0.109 -0.717 -0.911 -1.025 -0.466 -0.748 -1.198 -0.836 -0.59 -0.531 -0.261 -0.373 -0.66 -0.634 -0.266 -0.965 -1.076 -1.554 -1.557 -1.248 -1.106 -0.948 -0.607 -0.194 0.323 -0.049 -0.172 0.037 0.46 0.76 0.786 0.766 0.698 0.534 0.384 0.527 0.577 0.511 0.512 0.614 0.536 0.266 -0.061 -0.32 -0.55 -0.68 -0.682 -0.642 -0.572 -0.418 -0.572 -0.676 -0.899 -1.369 -1.48 -1.184
-1.182 -1.194 -1.063 -0.942 -1.364 -1.276 -1.115 -0.889 -0.618 -0.309 0.032 0.544 0.653 0.268 -0.113 0.068 -0.495 -1.032 -0.797 -0.499 0.094 0.219 -0.374 -0.552 -0.592 -0.333 -0.791 -1.215 -0.799 -0.362 -0.439 -0.553 -0.785 -1.09 -1.051 -0.478 -1.036 -1.442 -1.735 -1.501 -1.069 -0.659 -0.477 -0.224 0.038 0.296 -0.207 -0.316 -0.092 0.377 0.768 0.792 0.781 0.738 0.177 0.271 0.247 0.054 -0.049 -0.149 0.088 0.452 0.374 -0.15 -0.376 -0.496 -0.783 -0.986 -0.848 -0.489 -0.443 -0.877 -1.013 -0.912 -1.224 -1.483 -1.268
-1.045 -1.333 -1.199 -1.234 -1.629 -1.444 -1.18 -0.942 -0.659 -0.435 0.207 0.703 0.354 -0.23 -0.298 -0.195 -0.57 -1.144 -1.205 -0.919 -0.392 0.307 0.059 -0.127 -0.231 -0.525 -1.208 -1.422 -0.822 -0.676 -1.049 -0.985 -1.07 -1.387 -1.155 -0.725 -1.089 -1.626 -1.802 -1.52 -1.068 -0.729 -0.546 -0.484 0.02 0.259 -0.345 -0.471 -0.044 0.459 0.794 0.804 0.789 0.68 0.114 0.182 -0.025 -0.416 -0.445 -0.561 -0.468 -0.011 0.477 0.178 -0.112 -0.283 -0.653 -0.966 -0.776 -0.338 -0.521 -0.957 -1.218 -1.214 -1.197 -1.492 -1.44
-1.162 -1.367 -1.286 -1.372 -1.451 -1.339 -1.086 -0.844 -0.623 -0.37 0.35 0.633 -0.036 -0.666 -0.48 -0.632 -0.697 -1.112 -1.043 -0.628 -0.318 0.235 0.003 -0.48 -0.813 -1.213 -1.39 -1.393 -0.973 -1.025 -1.341 -1.359 -1.473 -1.5 -1.22 -1.103 -1.358 -1.763 -1.602 -1.728 -1.441 -1.165 -1.143 -0.826 -0.106 0.206 -0.541 -0.449 0.057 0.543 0.805 0.806 0.743 0.49 -0.043 0.141 -0.227 -0.598 -0.719 -0.595 -0.338 0.046 0.49 0.3 -0.093 -0.435 -0.647 -0.669 -0.392 -0.204 -0.628 -1.132 -1.24 -1.543 -1.567 -1.671 -1.595
-1.104 -1.133 -1.152 -1.197 -1.212 -1.085 -0.766 -0.545 -0.395 0.015 0.613 0.415 -0.247 -0.733 -0.651 -0.762 -0.849 -1.181 -1.224 -0.873 -0.487 0.165 -0.154 -0.898 -1.139 -1.125 -1.179 -1.271 -1.063 -1.257 -1.512 -1.517 -1.432 -1.374 -1.274 -1.295 -1.416 -1.728 -1.35 -1.624 -1.52 -1.118 -1.032 -0.759 -0.066 -0.077 -0.69 -0.332 0.098 0.593 0.802 0.795 0.663 0.366 -0.091 0.008 -0.161 -0.527 -0.735 -0.565 -0.148 0.236 0.45 0.392 -0.043 -0.302 -0.319 -0.288 -0.087 -0.29 -0.763 -1.128 -1.317 -1.604 -1.706 -1.74 -1.577
-0.977 -0.97 -1.099 -1.315 -1.289 -0.915 -0.542 -0.172 -0.032 0.485 0.537 -0.148 -0.21 -0.652 -0.859 -1.006 -1.037 -1.285 -1.307 -1.028 -0.585 0.093 -0.056 -0.739 -0.829 -0.855 -1.044 -1.494 -1.462 -1.517 -1.428 -1.265 -1.045 -0.968 -0.91 -0.953 -1.084 -1.49 -1.333 -1.207 -1.549 -1.252 -0.763 -0.333 0.123 -0.532 -0.679 -0.197 0.267 0.688 0.804 0.781 0.617 0.229 -0.302 -0.107 -0.27 -0.646 -0.673 -0.387 0.022 0.149 0.217 0.412 0.308 0.163 0.099 0.115 0.061 -0.19 -0.486 -0.761 -1.017 -1.329 -1.471 -1.537 -1.309
