data/climatemaps/RS_maps/climate_postbreed_tmp_2010.asc
NCOLS 369 
NROWS 228 
XLLCORNER 479000 
YLLCORNER 73000 
CELLSIZE 1000 
NODATA_value -9 
[rows 170 to 203 of 228, columns 76 to 151 of 369]
-0.017 0.269 0.8 0.99 0.99 0.98 0.966 0.942 0.825 0.333 0.199 0.367 0.38 0.067 -0.195 -0.754 -1.012 -0.935 -0.975 -0.953 -0.943 -0.774 -0.609 -0.636 -0.542 -1.163 -1.851 -2.185 -2.213 -1.921 -1.901 -1.698 -1.562 -1.478 -1.59 -1.842 -1.902 -1.736 -1.757 -1.862 -1.97 -1.826 -1.529 -1.22 -0.887 -0.331 -0.781 -1.219 -1.078 -0.796 -0.569 -0.286 -0.191 -0.026 -0.096 -0.051 -0.033 -0.079 0.082 0.289 -0.076 -0.258 -0.376 -0.163 -0.402 -0.444 -0.383 -0.286 0.271 -0.044 -0.26 -0.361 -0.26 -0.25 -0.262 -0.534
-0.188 0.136 0.612 0.958 0.983 0.978 0.958 0.95 0.907 0.71 0.581 0.482 0.188 -0.301 -0.633 -0.777 -0.868 -0.902 -0.875 -0.78 -0.767 -0.881 -0.857 -1.101 -0.886 -1.327 -1.987 -2.264 -2.197 -2.014 -1.851 -1.69 -1.539 -1.31 -1.105 -1.428 -1.522 -1.406 -1.695 -1.518 -1.6 -1.482 -1.205 -0.894 -0.567 -0.103 -0.706 -0.83 -0.743 -0.496 -0.238 0.083 0.28 0.318 0.399 0.474 0.411 0.431 0.52 0.529 0.357 0.243 0.089 0.132 0.118 0.19 0.222 0.322 0.556 0.418 0.411 0.282 0.255 0.271 0.097 0.029
-0.26 0.083 0.509 0.839 0.98 0.972 0.958 0.954 0.921 0.797 0.558 0.388 0.033 -0.38 -0.511 -0.467 -0.656 -0.625 -0.578 -0.624 -0.695 -0.949 -1.234 -1.675 -1.74 -1.973 -2.336 -1.919 -1.85 -1.806 -1.712 -1.607 -1.596 -1.281 -0.834 -0.886 -0.928 -1.191 -1.718 -1.198 -1.21 -1.192 -0.852 -0.464 -0.131 -0.107 -0.516 -0.56 -0.443 -0.218 -0.003 0.256 0.492 0.569 0.657 0.701 0.69 0.701 0.681 0.633 0.594 0.566 0.493 0.515 0.6 0.628 0.641 0.643 0.611 0.574 0.572 0.616 0.623 0.587 0.585 0.503
-0.509 -0.105 0.265 0.58 0.972 0.966 0.955 0.95 0.933 0.862 0.716 0.499 0.021 -0.177 -0.128 -0.263 -0.489 -0.454 -0.569 -0.798 -0.878 -0.983 -1.19 -1.546 -1.774 -1.966 -1.945 -1.342 -1.058 -1.155 -1.174 -1.393 -1.62 -1.409 -1.022 -0.663 -0.48 -1.163 -1.634 -1 -0.841 -0.834 -0.507 -0.17 0.083 -0.226 -0.406 -0.41 -0.257 0.011 0.316 0.512 0.654 0.699 0.739 0.73 0.693 0.627 0.577 0.525 0.518 0.608 0.666 0.662 0.572 0.573 0.385 0.33 0.227 0.088 0.13 0.311 0.436 0.487 0.533 0.562
-0.85 -0.419 -0.137 0.325 0.903 0.958 0.954 0.948 0.93 0.879 0.89 0.621 0.233 0.169 0.144 -0.086 -0.27 -0.378 -0.534 -0.698 -0.737 -0.708 -0.92 -1.148 -1.308 -1.401 -1.266 -0.884 -0.574 -0.631 -1.014 -1.493 -1.548 -1.334 -1.036 -0.625 -0.211 -0.992 -1.227 -0.716 -0.606 -0.492 -0.219 0.052 0.195 -0.131 -0.26 -0.19 -0.02 0.228 0.557 0.705 0.753 0.749 0.646 0.453 0.278 0.023 0.03 0.291 0.115 0.307 0.424 0.329 0.194 0.333 -0.07 -0.27 -0.409 -0.511 -0.358 -0.132 0.066 0.079 0.012 0.02
-0.924 -0.593 -0.446 0.092 0.69 0.924 0.952 0.947 0.934 0.901 0.904 0.757 0.5 0.429 0.16 -0.077 -0.115 -0.167 -0.284 -0.446 -0.634 -0.762 -1.108 -1.189 -1.251 -1.268 -1.105 -0.658 -0.5 -0.495 -1.094 -1.658 -1.457 -1.119 -0.724 -0.395 -0.088 -0.806 -0.751 -0.355 -0.315 -0.205 0.03 0.277 0.243 -0.036 0.032 0.195 0.301 0.534 0.723 0.77 0.739 0.578 0.144 -0.228 -0.556 -0.606 -0.306 -0.14 -0.512 -0.274 -0.169 -0.329 -0.265 0.054 -0.513 -0.901 -1.033 -0.923 -0.62 -0.369 -0.248 -0.169 -0.328 -0.478
-0.828 -0.594 -0.678 -0.251 0.359 0.731 0.829 0.945 0.932 0.919 0.888 0.831 0.702 0.464 0.226 0.089 0.088 -0.215 -0.533 -0.761 -0.998 -1.136 -1.074 -1.292 -1.541 -1.596 -1.187 -0.808 -0.814 -0.308 -0.799 -1.494 -1.261 -0.827 -0.345 -0.043 -0.213 -0.581 -0.32 -0.02 -0.042 0.053 0.249 0.46 0.176 0.18 0.441 0.606 0.665 0.758 0.793 0.685 0.416 0.384 -0.217 -0.511 -0.79 -0.932 -0.871 -0.749 -1.103 -1.014 -0.935 -1.105 -0.73 -0.225 -0.823 -1.433 -1.525 -1.283 -0.899 -0.645 -0.664 -0.471 -0.475 -0.678
-0.774 -0.774 -0.922 -0.625 -0.131 0.358 0.752 0.926 0.933 0.92 0.897 0.804 0.685 0.675 0.451 0.291 0.227 -0.289 -0.48 -0.678 -0.92 -0.933 -1.286 -1.644 -1.775 -1.451 -1.077 -1.351 -1.097 -0.244 -0.647 -1.266 -0.909 -0.416 -0.121 0.165 -0.223 -0.183 0.01 0.225 0.218 0.278 0.499 0.577 0.401 0.591 0.735 0.782 0.789 0.77 0.679 0.326 -0.089 0.199 0.087 -0.286 -0.817 -1.329 -1.621 -1.317 -1.52 -1.433 -1.579 -1.561 -1.138 -0.593 -0.799 -1.613 -1.856 -1.539 -1.206 -0.964 -1.108 -0.943 -0.786 -0.945
-0.92 -0.832 -0.973 -0.727 -0.285 0.307 0.743 0.911 0.923 0.933 0.912 0.866 0.784 0.723 0.163 -0.164 -0.029 -0.066 -0.139 -0.341 -0.546 -1.066 -1.641 -1.944 -1.728 -1.365 -1.421 -1.631 -1.052 -0.303 -0.442 -0.979 -0.554 -0.132 0.179 0.303 0.088 0.163 0.292 0.417 0.386 0.506 0.675 0.753 0.752 0.784 0.797 0.742 0.599 0.491 0.21 -0.156 -0.24 0.05 0.187 -0.071 -0.89 -1.295 -1.623 -1.624 -1.768 -1.707 -1.935 -1.745 -1.394 -0.813 -0.906 -1.609 -1.994 -1.758 -1.294 -1.301 -1.533 -1.421 -1.152 -1.125
-0.605 -0.505 -0.544 -0.542 -0.094 0.432 0.714 0.82 0.864 0.903 0.919 0.896 0.856 0.711 0.049 -0.56 -0.597 -0.579 -0.711 -0.603 -1.238 -1.551 -1.838 -1.818 -1.619 -1.611 -1.872 -1.556 -1.119 -0.441 -0.036 -0.449 -0.202 0.134 0.446 0.504 0.36 0.404 0.463 0.544 0.65 0.777 0.806 0.811 0.766 0.627 0.482 0.284 0.116 0.06 -0.368 -0.607 -0.545 -0.327 -0.076 0.017 -0.589 -1.02 -1.492 -1.8 -2.005 -2.048 -1.993 -1.606 -1.426 -0.972 -1.117 -1.806 -1.991 -1.86 -1.456 -1.681 -1.958 -1.827 -1.388 -0.937
-0.403 -0.45 -0.369 -0.163 0.138 0.494 0.425 0.457 0.461 0.584 0.887 0.848 0.766 0.644 0.019 -0.725 -0.914 -1.105 -0.886 -0.683 -1.759 -2.098 -1.877 -1.69 -1.778 -1.87 -1.935 -1.756 -1.223 -0.532 0.164 -0.024 0.291 0.448 0.628 0.677 0.592 0.569 0.702 0.758 0.813 0.813 0.797 0.607 0.158 -0.001 0.048 -0.327 -0.533 -0.281 -0.632 -1.053 -0.85 -0.766 -0.346 0.073 -0.639 -1.237 -1.625 -1.744 -1.89 -2.19 -1.975 -1.891 -1.768 -1.155 -1.101 -1.878 -2.162 -1.881 -1.653 -1.878 -2.097 -1.847 -1.5 -0.899
-0.737 -0.618 -0.422 0.02 0.374 0.275 -0.026 -0.077 0.041 0.41 0.707 0.856 0.758 0.532 -0.251 -0.951 -1.209 -1.259 -0.702 -0.899 -1.447 -1.707 -1.598 -1.2 -1.04 -0.958 -0.918 -0.996 -0.822 -0.221 0.297 0.39 0.674 0.747 0.793 0.768 0.667 0.759 0.811 0.808 0.795 0.753 0.686 0.143 -0.247 -0.373 -0.388 -0.818 -1.021 -0.678 -0.629 -1.267 -1.358 -0.908 -0.38 0.038 -0.53 -1.046 -1.324 -1.512 -1.76 -1.98 -2.095 -1.906 -1.66 -1.117 -1.126 -1.746 -2.043 -2.088 -1.886 -1.96 -1.871 -1.659 -1.246 -0.678
-0.738 -0.462 -0.172 0.274 0.228 -0.168 -0.446 -0.545 -0.228 0.317 0.541 0.868 0.778 0.201 -0.452 -1.067 -1.443 -1.352 -0.881 -1.442 -1.642 -1.353 -1.407 -1.056 -0.547 -0.376 -0.076 -0.076 -0.283 -0.075 0.452 0.741 0.824 0.829 0.817 0.811 0.826 0.811 0.745 0.652 0.519 0.376 0.499 0.197 -0.386 -0.756 -0.862 -1.089 -1.426 -1.091 -0.771 -1.352 -1.628 -1.192 -0.599 -0.088 -0.288 -0.719 -0.989 -1.369 -1.675 -1.839 -1.961 -1.792 -1.532 -1.042 -1.208 -1.67 -1.916 -2.212 -2.051 -1.957 -1.51 -1.103 -0.696 -0.138
-0.652 -0.404 -0.047 0.285 -0.048 -0.484 -0.775 -0.821 -0.345 0.178 0.542 0.902 0.706 -0.007 -0.458 -1.098 -1.786 -1.612 -1.511 -1.774 -1.564 -1.235 -0.9 -0.731 -0.456 -0.058 0.148 0.314 0.278 0.282 0.668 0.819 0.831 0.834 0.826 0.803 0.732 0.588 0.359 0.157 0.009 0.098 0.429 0.234 -0.315 -0.732 -1.119 -1.342 -1.632 -1.409 -1.078 -1.564 -1.703 -1.354 -0.915 -0.328 -0.129 -0.669 -1.157 -1.365 -1.678 -1.928 -1.983 -1.716 -1.379 -1.006 -1.411 -1.812 -2.045 -2.211 -1.944 -1.714 -1.361 -0.755 -0.183 0.066
-0.678 -0.28 0.177 0.124 -0.28 -0.65 -1.032 -0.719 -0.255 -0.097 0.268 0.86 0.818 0.311 -0.418 -1.108 -1.831 -1.926 -1.913 -1.616 -1.439 -1.258 -0.899 -0.45 -0.272 -0.042 0.038 0.422 0.639 0.722 0.811 0.838 0.804 0.721 0.621 0.599 0.361 0.069 -0.142 -0.312 -0.369 -0.142 0.335 0.252 -0.32 -0.639 -0.949 -1.284 -1.671 -1.702 -1.376 -1.689 -1.794 -1.553 -1.154 -0.552 -0.163 -0.68 -1.34 -1.601 -1.814 -2.083 -2.109 -1.822 -1.264 -1.196 -1.704 -1.995 -2.171 -2.18 -1.959 -1.704 -1.346 -0.56 0 -0.278
-0.525 -0.121 0.242 -0.169 -0.698 -0.741 -1.165 -0.721 -0.49 -0.584 -0.209 0.623 0.818 0.644 -0.075 -0.787 -1.414 -1.894 -1.772 -1.67 -1.491 -1.208 -1.094 -0.532 -0.102 0.248 0.36 0.628 0.751 0.798 0.829 0.736 0.53 0.241 0.128 0.293 0.126 -0.333 -0.622 -0.774 -0.75 -0.398 0.206 0.305 -0.188 -0.469 -0.753 -1.193 -1.688 -1.764 -1.603 -1.876 -1.924 -1.64 -1.261 -0.672 -0.22 -0.651 -1.305 -1.741 -1.804 -2.054 -2.052 -1.754 -1.212 -1.342 -1.877 -2.204 -2.238 -1.997 -1.843 -1.466 -0.872 -0.189 -0.19 -0.543
-0.277 0.091 0.028 -0.381 -0.91 -1.099 -1.452 -1.298 -1.041 -0.655 -0.132 0.391 0.753 0.805 0.253 -0.55 -1.154 -1.592 -1.477 -1.865 -1.588 -0.993 -1.104 -0.632 -0.015 0.55 0.775 0.837 0.825 0.825 0.594 0.3 -0.029 -0.247 -0.223 0.027 0.036 -0.406 -0.838 -1.135 -0.967 -0.514 0.087 0.397 -0.075 -0.566 -0.968 -1.416 -1.795 -1.826 -1.799 -2.037 -1.831 -1.528 -1.161 -0.654 -0.348 -0.5 -1.069 -1.571 -1.778 -2.069 -2.078 -1.781 -1.266 -1.504 -1.931 -2.335 -2.26 -2.111 -2.008 -1.377 -0.515 -0.039 -0.393 -0.822
-0.031 0.042 -0.441 -0.851 -1.248 -1.713 -2.113 -1.804 -1.049 -0.377 -0.24 0.043 0.702 0.859 0.376 -0.526 -1.306 -1.523 -1.327 -1.644 -1.223 -0.709 -0.668 -0.214 0.426 0.777 0.858 0.862 0.81 0.576 0.019 -0.331 -0.535 -0.627 -0.544 -0.185 -0.215 -0.638 -0.928 -1.331 -0.968 -0.43 0.096 0.263 0.065 -0.456 -0.901 -1.393 -1.833 -1.963 -1.999 -2.117 -1.822 -1.492 -1.004 -0.715 -0.782 -0.512 -0.773 -1.372 -1.718 -2.033 -2.223 -1.89 -1.378 -1.78 -2.069 -2.402 -2.444 -2.257 -1.882 -1.04 -0.145 -0.238 -0.654 -1.044
0.041 -0.29 -0.951 -1.198 -1.797 -2.26 -2.127 -1.808 -1.246 -0.603 -0.747 -0.325 0.494 0.884 0.598 -0.312 -1.088 -1.448 -1.176 -0.972 -0.534 -0.171 0.059 0.514 0.813 0.869 0.876 0.855 0.495 0.298 -0.331 -0.758 -1.007 -1.113 -0.899 -0.36 -0.649 -1.078 -1.276 -1.439 -0.845 -0.24 -0.049 -0.132 0.099 -0.098 -0.598 -1.196 -1.669 -2.001 -2.157 -2.178 -1.997 -1.549 -0.922 -1.097 -1.313 -0.899 -0.625 -1.171 -1.648 -1.922 -2.224 -1.973 -1.452 -1.842 -2.119 -2.481 -2.377 -2.023 -1.607 -0.805 -0.012 -0.563 -1.225 -1.215
-0.424 -0.404 -1.123 -1.73 -1.986 -1.958 -1.595 -1.396 -1.506 -1.149 -1.23 -0.731 0.24 0.843 0.757 -0.07 -0.788 -1.218 -0.719 -0.173 0.233 0.567 0.725 0.842 0.884 0.88 0.832 0.586 0 0.009 -0.165 -0.607 -1.102 -1.416 -1.146 -0.549 -0.952 -1.394 -1.604 -1.467 -0.785 -0.199 -0.489 -0.602 -0.296 0.012 -0.33 -0.902 -1.325 -1.688 -1.939 -2.068 -1.947 -1.727 -1.168 -1.49 -1.765 -1.391 -0.793 -0.957 -1.674 -2.146 -2.388 -2.022 -1.577 -1.87 -2.306 -2.709 -2.495 -2.022 -1.376 -0.662 -0.124 -0.77 -1.584 -1.447
-0.826 -0.525 -1.359 -1.545 -1.667 -1.451 -1.185 -1.088 -1.108 -0.96 -0.954 -0.818 -0.034 0.81 0.828 0.112 -0.673 -0.757 -0.029 0.467 0.761 0.863 0.882 0.886 0.824 0.744 0.521 0.035 -0.432 -0.333 -0.292 -0.446 -0.87 -1.376 -1.289 -0.717 -1.07 -1.517 -1.81 -1.505 -0.838 -0.329 -0.869 -1.199 -0.951 -0.491 -0.119 -0.551 -1.129 -1.578 -1.987 -2.151 -2.021 -2.005 -1.519 -1.519 -1.969 -1.632 -1.052 -0.805 -1.421 -2.054 -2.681 -2.392 -1.947 -2.127 -2.283 -2.656 -2.522 -2.074 -1.61 -0.674 -0.292 -1.185 -1.98 -1.944
-1.282 -1.068 -1.165 -1.483 -2.004 -1.699 -1.12 -1.04 -1.179 -1.191 -0.611 -0.529 -0.06 0.681 0.905 0.607 -0.18 -0.094 0.543 0.826 0.896 0.899 0.895 0.71 0.438 0.199 -0.06 -0.571 -0.853 -0.705 -0.62 -0.887 -0.931 -1.486 -1.312 -0.884 -1.262 -1.693 -1.856 -1.459 -0.917 -0.465 -1.026 -1.495 -1.459 -0.902 -0.34 -0.291 -1.056 -1.541 -1.854 -2.314 -2.154 -2.068 -1.647 -1.474 -2.03 -1.683 -1.174 -0.727 -1.169 -1.958 -2.572 -2.539 -2.475 -2.513 -2.469 -2.637 -2.53 -2.142 -1.468 -0.679 -0.252 -1.248 -2.146 -2.387
-1.337 -1.442 -1.616 -1.906 -2.218 -2.159 -1.386 -1.294 -1.536 -1.645 -1.281 -0.822 -0.03 0.444 0.844 0.881 0.44 0.603 0.884 0.901 0.9 0.903 0.77 0.269 -0.04 -0.22 -0.734 -1.109 -1.239 -1.046 -0.888 -1.297 -1.325 -1.617 -1.313 -0.943 -1.403 -1.935 -1.915 -1.448 -0.906 -0.647 -1.075 -1.602 -1.681 -1.259 -0.887 -0.295 -0.673 -1.072 -1.688 -1.949 -2.121 -1.824 -1.539 -1.526 -2.219 -1.957 -1.318 -0.728 -1.061 -1.829 -2.271 -2.536 -2.777 -2.957 -2.761 -2.736 -2.945 -2.528 -1.736 -0.703 -0.338 -1.333 -2.135 -2.564
-1.111 -1.572 -1.942 -1.969 -1.858 -2.096 -1.703 -1.512 -1.644 -1.311 -0.847 -0.318 0.215 0.372 0.679 0.9 0.867 0.902 0.92 0.916 0.899 0.785 0.265 -0.287 -0.508 -0.707 -1.273 -1.43 -1.305 -1.262 -1.165 -1.34 -1.76 -1.677 -1.252 -1.079 -1.541 -1.956 -2.142 -1.644 -1.136 -0.653 -1.139 -1.819 -1.851 -1.566 -1.063 -0.528 -0.324 -0.665 -1.276 -1.552 -2.03 -2.008 -1.656 -1.608 -2.171 -2.361 -1.67 -0.82 -1.132 -1.775 -1.967 -2.372 -2.93 -3.148 -3.378 -3.006 -2.822 -2.164 -1.498 -0.566 -0.562 -1.41 -2.036 -2.591
-0.449 -1.283 -1.939 -1.627 -1.51 -1.889 -1.347 -1.177 -1.123 -0.893 -0.445 0.057 0.331 -0.01 0.112 0.719 0.909 0.919 0.914 0.876 0.696 0.275 -0.372 -0.635 -0.717 -0.754 -1.213 -0.999 -0.892 -0.964 -1.355 -1.509 -1.899 -1.575 -1.278 -1.372 -1.52 -2.026 -2.271 -1.89 -1.457 -0.741 -1.167 -1.851 -1.983 -1.508 -1.16 -0.992 -0.521 -0.345 -0.825 -1.197 -1.711 -2.114 -1.866 -1.606 -1.992 -2.314 -1.945 -1.05 -1.19 -1.785 -2.109 -2.314 -2.709 -3.179 -3.386 -2.933 -2.32 -1.691 -1.129 -0.423 -0.752 -1.377 -2.122 -2.743
-0.674 -1.659 -1.993 -1.379 -1.314 -1.706 -1.617 -1.465 -1.265 -0.677 -0.07 0.236 -0.16 -0.465 -0.09 0.476 0.891 0.854 0.73 0.479 0.071 -0.324 -0.562 -0.358 -0.211 -0.377 -0.743 -0.517 -0.531 -0.728 -1.192 -1.745 -2.01 -1.831 -1.536 -1.724 -1.526 -1.83 -2.285 -2.077 -1.562 -0.933 -1.039 -1.637 -1.85 -1.426 -1.608 -1.509 -0.959 -0.42 -0.549 -1.022 -1.564 -2.063 -2.117 -1.727 -1.713 -2.175 -1.768 -1.3 -1.068 -1.466 -1.763 -2.066 -2.407 -2.968 -3.458 -2.979 -2.379 -1.648 -0.85 -0.361 -0.866 -1.581 -2.42 -2.899
-1.208 -1.794 -1.839 -1.218 -1.123 -1.523 -1.615 -1.333 -1.017 -0.539 0.092 -0.117 -0.648 -0.365 0.247 0.733 0.7 0.541 0.271 -0.057 -0.198 -0.407 -0.275 0.041 0.153 0.062 -0.127 -0.079 -0.326 -0.706 -1.163 -1.642 -1.982 -2.006 -1.991 -2.17 -1.912 -1.792 -2.1 -2.059 -1.795 -1.197 -1.024 -1.62 -1.936 -1.492 -1.912 -1.796 -1.247 -0.647 -0.456 -0.922 -1.427 -1.803 -2.04 -2.031 -1.792 -2.191 -1.904 -1.462 -1.142 -1.571 -1.744 -1.978 -2.255 -2.984 -3.106 -2.684 -2.46 -1.793 -0.961 -0.395 -1.025 -1.698 -2.35 -2.799
-1.107 -1.461 -1.683 -1.241 -1.041 -1.49 -1.471 -0.935 -0.438 -0.116 -0.103 -0.674 -0.585 -0.021 0.548 0.694 0.425 0.42 0.322 0.159 0.199 0.231 0.191 0.438 0.421 0.244 0.27 0.294 -0.063 -0.605 -1.139 -1.469 -1.599 -1.972 -2.18 -2.391 -2.186 -1.978 -2.114 -2.17 -1.954 -1.468 -1.326 -1.819 -2.182 -1.89 -2.087 -1.718 -1.224 -0.646 -0.447 -0.748 -1.207 -1.565 -1.877 -2.271 -2.11 -2.357 -2.301 -1.547 -1.445 -2.145 -2.314 -2.304 -2.507 -3.135 -2.486 -1.997 -1.92 -1.428 -0.771 -0.44 -1.113 -1.774 -2.268 -2.766
-0.907 -1.562 -1.774 -1.502 -1.031 -1.172 -1.218 -0.639 -0.062 -0.108 -0.605 -0.972 -0.337 0.14 0.38 0.552 0.523 0.399 0.102 -0.061 0.093 0.341 0.487 0.441 0.17 -0.231 -0.018 0.328 0.241 -0.198 -0.805 -1.151 -1.468 -1.927 -2.231 -2.277 -2.259 -2.181 -2.361 -2.174 -1.939 -1.614 -1.727 -2.341 -2.547 -2.387 -2.226 -1.686 -1.149 -0.634 -0.749 -0.736 -0.848 -1.347 -1.939 -2.436 -2.577 -2.626 -2.451 -1.611 -1.713 -2.378 -2.746 -2.808 -2.999 -2.961 -2.179 -1.674 -1.54 -1.339 -0.651 -0.463 -1.169 -1.936 -2.377 -2.616
-1.31 -1.752 -1.522 -1.397 -1.16 -0.936 -0.82 -0.303 -0.109 -0.461 -0.53 -0.723 -0.284 -0.306 -0.329 -0.03 0.27 -0.089 -0.659 -0.942 -0.606 -0.01 0.405 0.158 -0.44 -0.737 -0.354 0.099 0.287 0.174 -0.288 -0.689 -1.172 -1.815 -2.134 -1.966 -2.179 -2.318 -2.492 -2.171 -1.87 -1.502 -1.878 -2.504 -2.696 -2.481 -2.185 -1.856 -1.184 -0.81 -1.368 -1.334 -0.955 -1.137 -1.778 -2.277 -2.752 -2.912 -2.531 -1.753 -1.795 -2.272 -2.667 -2.982 -3.226 -2.874 -2.336 -1.967 -1.903 -1.613 -0.669 -0.516 -1.159 -1.628 -2.004 -2.311
-1.698 -1.721 -1.532 -1.512 -1.424 -0.834 -0.33 -0.135 -0.427 -0.797 -0.322 -0.68 -0.726 -0.895 -1.017 -0.626 -0.043 -0.225 -0.882 -1.437 -0.916 -0.086 0.353 -0.032 -0.711 -0.98 -0.547 -0.248 0.071 0.211 0.116 -0.146 -0.657 -1.476 -1.768 -1.725 -1.989 -2.224 -2.453 -2.081 -1.916 -1.467 -1.778 -2.324 -2.572 -2.386 -1.973 -1.689 -1.107 -1.073 -1.808 -2.023 -1.571 -1.063 -1.455 -2.076 -2.505 -2.933 -2.847 -2.174 -1.877 -2.094 -2.398 -2.942 -3.043 -2.844 -2.591 -2.372 -2.303 -1.584 -0.546 -0.721 -1.462 -1.523 -1.588 -2.168
-1.897 -1.756 -1.774 -1.518 -1.289 -0.63 -0.198 -0.436 -0.814 -0.906 -0.314 -0.882 -1.306 -1.383 -1.18 -0.657 -0.559 -0.333 -0.589 -1.336 -1.014 -0.059 0.317 -0.163 -0.877 -1.173 -0.902 -0.608 -0.223 -0.286 -0.204 -0.048 -0.273 -1.017 -1.409 -1.538 -1.803 -2.209 -2.413 -2.282 -2.111 -1.554 -1.625 -2.262 -2.477 -2.183 -1.793 -1.44 -0.968 -1.166 -1.904 -2.381 -1.985 -1.243 -1.263 -1.904 -2.309 -2.839 -2.896 -2.422 -2.118 -2.18 -2.613 -2.975 -2.675 -2.395 -2.282 -2.271 -2.105 -1.305 -0.545 -1.078 -1.854 -1.958 -1.556 -1.861
-1.661 -1.57 -1.733 -1.149 -0.952 -0.319 -0.416 -0.903 -1.151 -1.023 -0.497 -0.799 -1.575 -1.661 -1.376 -1.119 -1.165 -0.759 -0.423 -0.811 -0.783 0.009 0.289 -0.231 -1.026 -1.38 -1.302 -0.849 -0.603 -0.809 -0.839 -0.562 -0.477 -0.487 -0.81 -1.212 -1.708 -1.988 -2.252 -2.551 -2.091 -1.676 -1.543 -2.138 -2.448 -2.298 -1.967 -1.537 -1.001 -1.282 -2.026 -2.57 -2.07 -1.394 -1.437 -1.712 -2.275 -2.882 -3.156 -2.683 -2.45 -2.659 -2.935 -2.966 -2.48 -1.998 -1.853 -2.029 -1.592 -0.873 -0.833 -1.517 -2.082 -2.243 -2.006 -1.709
-1.595 -1.19 -1.371 -0.968 -0.517 -0.178 -0.734 -1.162 -1.307 -1.197 -1.178 -0.862 -1.065 -1.783 -1.821 -1.719 -1.285 -0.819 -0.673 -0.495 -0.425 0.091 0.273 -0.258 -0.802 -1.124 -1.388 -1.091 -0.99 -1.276 -1.296 -1.141 -0.952 -0.679 -0.655 -0.717 -1.221 -1.691 -2.149 -2.587 -2.26 -1.816 -1.691 -1.86 -2.338 -2.141 -1.94 -1.476 -1.025 -1.425 -2.025 -2.554 -1.905 -1.585 -1.765 -1.749 -2.253 -2.944 -3.258 -2.859 -2.837 -2.803 -2.524 -2.776 -2.495 -2.045 -1.645 -1.519 -1.145 -0.626 -1.017 -1.613 -2.084 -2.413 -2.248 -2.065
