data/climatemaps/RS_maps/climate_postbreed_tmp_1999.asc
NCOLS 369 
NROWS 228 
XLLCORNER 479000 
YLLCORNER 73000 
CELLSIZE 1000 
NODATA_value -9 
[rows 0 to 33 of 228, columns 154 to 230 of 369]
-9 -9 -9 -9 -9 -9 -9 -9 -9 -9 -9 -9 -9 -9 -9 -9 -9 -9 -9 -9 -9 -9 -9 -9 -9 -9 -9 -9 -9 -9 -9 -9 -9 -9 -9 -9 0.356 0.368 0.385 0.402 0.416 0.435 0.433 0.412 0.417 0.389 0.44 0.318 0.267 0.3 0.348 0.349 0.356 0.362 0.369 0.334 0.338 0.346 0.312 0.34 0.369 0.392 0.386 0.405 0.442 0.497 0.564 0.544 0.568 0.569 0.568 0.572 -9 -9 -9 -9 -9
-9 -9 -9 -9 -9 -9 -9 -9 -9 -9 -9 -9 -9 -9 -9 -9 -9 -9 -9 -9 -9 -9 -9 -9 -9 -9 -9 -9 -9 -9 -9 -9 -9 -9 -9 0.375 0.373 0.385 0.414 0.391 0.376 0.391 0.423 0.442 0.451 0.484 0.489 0.358 0.328 0.357 0.383 0.374 0.357 0.326 0.357 0.327 0.31 0.336 0.345 0.38 0.417 0.447 0.431 0.434 0.422 0.515 0.583 0.56 0.582 0.607 0.601 0.606 0.625 0.628 0.623 -9 -9
-9 -9 -9 -9 -9 -9 -9 -9 -9 -9 -9 -9 -9 -9 -9 -9 -9 -9 -9 -9 -9 -9 -9 -9 -9 -9 -9 -9 -9 -9 -9 -9 -9 -9 -9 0.334 0.361 0.361 0.365 0.341 0.348 0.35 0.354 0.367 0.41 0.462 0.513 0.422 0.331 0.375 0.376 0.342 0.328 0.301 0.347 0.329 0.306 0.36 0.39 0.426 0.457 0.455 0.451 0.486 0.472 0.563 0.602 0.611 0.618 0.624 0.623 0.628 0.63 0.65 0.658 0.659 -9
-9 -9 -9 -9 -9 -9 -9 -9 -9 -9 -9 -9 -9 -9 -9 -9 -9 -9 -9 -9 -9 -9 -9 -9 -9 -9 -9 -9 -9 -9 -9 -9 -9 -9 0.254 0.251 0.275 0.287 0.3 0.307 0.312 0.32 0.338 0.365 0.367 0.391 0.472 0.449 0.371 0.421 0.399 0.319 0.311 0.301 0.339 0.336 0.37 0.409 0.438 0.459 0.488 0.454 0.477 0.525 0.559 0.593 0.617 0.625 0.637 0.638 0.638 0.634 0.635 0.652 0.67 0.671 0.651
-9 -9 -9 -9 -9 -9 -9 -9 -9 -9 -9 -9 -9 -9 -9 -9 -9 -9 -9 -9 -9 -9 -9 -9 -9 -9 -9 -9 -9 -9 -9 -9 -9 0.259 0.27 0.256 0.263 0.279 0.29 0.301 0.316 0.34 0.376 0.435 0.4 0.405 0.446 0.491 0.467 0.478 0.414 0.328 0.303 0.317 0.345 0.389 0.426 0.455 0.478 0.498 0.524 0.49 0.517 0.558 0.578 0.569 0.564 0.546 0.609 0.643 0.654 0.657 0.654 0.654 0.679 0.685 0.678
-9 -9 -9 -9 -9 -9 -9 -9 -9 -9 -9 -9 -9 -9 -9 -9 -9 -9 -9 -9 -9 -9 -9 -9 -9 -9 -9 -9 -9 -9 -9 -9 -9 0.294 0.31 0.303 0.295 0.32 0.327 0.335 0.338 0.366 0.386 0.44 0.463 0.455 0.486 0.495 0.51 0.455 0.331 0.328 0.336 0.34 0.382 0.412 0.454 0.471 0.516 0.518 0.54 0.536 0.572 0.598 0.577 0.547 0.565 0.538 0.526 0.557 0.644 0.673 0.673 0.674 0.681 0.682 0.667
-9 -9 -9 -9 -9 -9 -9 -9 -9 -9 -9 -9 -9 -9 -9 -9 -9 -9 -9 -9 -9 -9 -9 -9 -9 -9 -9 -9 -9 -9 -9 -9 0.3 0.325 0.328 0.345 0.336 0.387 0.386 0.369 0.363 0.394 0.393 0.433 0.445 0.507 0.501 0.502 0.494 0.452 0.299 0.327 0.388 0.398 0.427 0.412 0.443 0.468 0.512 0.559 0.573 0.599 0.604 0.587 0.48 0.411 0.534 0.585 0.565 0.541 0.614 0.676 0.677 0.686 0.69 0.67 0.652
-9 -9 -9 -9 -9 -9 -9 -9 -9 -9 -9 -9 -9 -9 -9 -9 -9 -9 -9 -9 -9 -9 -9 -9 -9 -9 -9 -9 -9 -9 -9 0.256 0.297 0.345 0.33 0.348 0.364 0.415 0.45 0.4 0.407 0.44 0.444 0.482 0.462 0.496 0.541 0.518 0.474 0.44 0.286 0.248 0.337 0.372 0.409 0.451 0.463 0.516 0.538 0.565 0.591 0.593 0.59 0.574 0.477 0.436 0.508 0.577 0.582 0.554 0.64 0.688 0.689 0.691 0.678 0.668 0.672
-9 -9 -9 -9 -9 -9 -9 -9 -9 -9 -9 -9 -9 -9 -9 -9 -9 -9 -9 -9 -9 -9 -9 -9 -9 -9 -9 -9 -9 -9 0.256 0.297 0.325 0.374 0.36 0.326 0.334 0.396 0.466 0.479 0.503 0.516 0.528 0.552 0.525 0.558 0.542 0.464 0.492 0.471 0.418 0.246 0.285 0.309 0.374 0.468 0.392 0.481 0.544 0.6 0.579 0.597 0.599 0.585 0.541 0.502 0.541 0.588 0.608 0.586 0.657 0.687 0.683 0.686 0.674 0.684 0.7
-9 -9 -9 -9 -9 -9 -9 -9 -9 -9 -9 -9 -9 -9 -9 -9 -9 -9 -9 -9 -9 -9 -9 -9 -9 -9 -9 -9 -9 -9 0.268 0.298 0.339 0.381 0.397 0.338 0.334 0.386 0.398 0.407 0.443 0.463 0.465 0.501 0.587 0.573 0.512 0.523 0.515 0.519 0.455 0.28 0.332 0.416 0.462 0.434 0.373 0.418 0.474 0.558 0.613 0.586 0.6 0.623 0.6 0.565 0.617 0.632 0.633 0.605 0.635 0.687 0.689 0.692 0.692 0.706 0.713
-9 -9 -9 -9 -9 -9 -9 -9 -9 -9 -9 -9 -9 -9 -9 -9 -9 -9 -9 -9 -9 -9 -9 -9 -9 -9 -9 -9 -9 0.266 0.273 0.304 0.317 0.355 0.419 0.409 0.363 0.368 0.394 0.418 0.456 0.483 0.496 0.537 0.596 0.545 0.576 0.558 0.529 0.504 0.373 0.296 0.371 0.424 0.517 0.479 0.429 0.455 0.474 0.495 0.605 0.603 0.6 0.614 0.637 0.638 0.648 0.645 0.653 0.627 0.644 0.694 0.697 0.703 0.706 0.72 0.719
-9 -9 -9 -9 -9 -9 -9 -9 -9 -9 -9 -9 -9 -9 -9 -9 -9 -9 -9 -9 -9 -9 -9 -9 -9 -9 -9 -9 0.224 0.263 0.313 0.337 0.338 0.366 0.43 0.434 0.398 0.388 0.402 0.429 0.452 0.535 0.539 0.61 0.585 0.597 0.573 0.527 0.461 0.371 0.351 0.32 0.397 0.431 0.493 0.53 0.487 0.481 0.509 0.531 0.596 0.645 0.633 0.614 0.638 0.643 0.616 0.613 0.657 0.655 0.679 0.702 0.708 0.71 0.713 0.717 0.734
-9 -9 -9 -9 -9 -9 -9 -9 -9 -9 -9 -9 -9 -9 -9 -9 -9 -9 -9 -9 -9 -9 -9 -9 -9 -9 -9 -9 0.259 0.277 0.315 0.352 0.367 0.375 0.422 0.436 0.393 0.414 0.442 0.455 0.472 0.535 0.629 0.609 0.613 0.599 0.549 0.534 0.441 0.322 0.317 0.363 0.397 0.427 0.46 0.565 0.519 0.523 0.538 0.583 0.623 0.643 0.652 0.655 0.662 0.658 0.639 0.643 0.672 0.674 0.658 0.701 0.713 0.713 0.702 0.726 0.744
-9 -9 -9 -9 -9 -9 -9 -9 -9 -9 -9 -9 -9 -9 -9 -9 -9 -9 -9 -9 -9 -9 -9 -9 -9 -9 -9 -9 0.291 0.306 0.332 0.365 0.408 0.389 0.427 0.446 0.403 0.458 0.486 0.465 0.496 0.554 0.621 0.574 0.577 0.582 0.559 0.505 0.384 0.298 0.352 0.413 0.468 0.485 0.494 0.578 0.564 0.559 0.585 0.627 0.632 0.629 0.635 0.639 0.667 0.68 0.687 0.688 0.688 0.689 0.685 0.711 0.718 0.72 0.708 0.71 0.725
-9 -9 -9 -9 -9 -9 -9 -9 -9 -9 -9 -9 -9 -9 -9 -9 -9 -9 -9 -9 -9 -9 0.189 0.242 0.378 0.327 0.303 0.351 0.335 0.353 0.365 0.402 0.441 0.425 0.458 0.496 0.44 0.531 0.488 0.497 0.565 0.587 0.626 0.578 0.538 0.571 0.565 0.529 0.473 0.375 0.395 0.46 0.467 0.505 0.526 0.574 0.603 0.607 0.64 0.65 0.629 0.632 0.637 0.633 0.642 0.674 0.695 0.698 0.695 0.698 0.716 0.711 0.714 0.725 0.743 0.748 0.75
-9 -9 -9 -9 -9 -9 -9 -9 -9 -9 -9 -9 -9 -9 -9 -9 -9 -9 0.384 0.309 0.202 0.221 0.231 0.26 0.321 0.436 0.319 0.36 0.379 0.399 0.413 0.445 0.48 0.467 0.502 0.529 0.477 0.581 0.502 0.538 0.619 0.627 0.594 0.57 0.585 0.597 0.592 0.602 0.554 0.44 0.441 0.533 0.479 0.515 0.54 0.579 0.628 0.659 0.661 0.647 0.647 0.667 0.669 0.632 0.611 0.636 0.681 0.694 0.702 0.717 0.719 0.716 0.707 0.711 0.718 0.717 0.74
-9 -9 -9 -9 -9 -9 -9 -9 -9 -9 -9 -9 -9 -9 -9 -9 -9 0.294 0.408 0.256 0.245 0.275 0.302 0.329 0.347 0.498 0.395 0.384 0.42 0.446 0.452 0.486 0.496 0.488 0.555 0.539 0.498 0.612 0.563 0.601 0.642 0.606 0.576 0.591 0.651 0.641 0.638 0.641 0.624 0.561 0.544 0.557 0.539 0.536 0.558 0.62 0.662 0.668 0.66 0.649 0.673 0.689 0.69 0.664 0.607 0.591 0.576 0.577 0.612 0.705 0.721 0.649 0.56 0.554 0.578 0.564 0.588
-9 -9 -9 -9 -9 -9 -9 -9 -9 -9 -9 -9 -9 -9 -9 0.223 0.244 0.297 0.401 0.277 0.283 0.314 0.37 0.382 0.417 0.486 0.5 0.452 0.444 0.488 0.498 0.507 0.51 0.543 0.589 0.533 0.528 0.588 0.638 0.66 0.622 0.592 0.611 0.662 0.689 0.68 0.67 0.666 0.666 0.647 0.653 0.64 0.638 0.621 0.603 0.645 0.69 0.683 0.665 0.676 0.698 0.706 0.705 0.691 0.686 0.671 0.645 0.664 0.659 0.674 0.725 0.689 0.589 0.605 0.598 0.545 0.539
0.304 0.316 0.293 0.235 -9 -9 -9 -9 -9 -9 -9 -9 -9 -9 0.248 0.263 0.294 0.312 0.423 0.322 0.307 0.333 0.393 0.407 0.439 0.434 0.506 0.527 0.521 0.532 0.509 0.497 0.549 0.604 0.568 0.543 0.565 0.601 0.676 0.647 0.607 0.587 0.659 0.696 0.699 0.694 0.683 0.673 0.664 0.651 0.673 0.667 0.635 0.62 0.607 0.671 0.679 0.667 0.693 0.705 0.712 0.706 0.706 0.706 0.708 0.719 0.717 0.695 0.684 0.7 0.732 0.716 0.657 0.624 0.582 0.568 0.577
0.337 0.401 0.284 0.247 0.333 0.348 0.308 0.174 -9 -9 -9 -9 0.211 0.282 0.299 0.335 0.325 0.354 0.42 0.354 0.354 0.367 0.391 0.4 0.426 0.44 0.474 0.56 0.587 0.518 0.485 0.511 0.604 0.618 0.56 0.563 0.603 0.673 0.667 0.629 0.603 0.635 0.695 0.704 0.682 0.659 0.65 0.616 0.612 0.561 0.591 0.602 0.601 0.631 0.666 0.71 0.662 0.572 0.604 0.643 0.697 0.706 0.693 0.679 0.706 0.715 0.711 0.696 0.692 0.72 0.734 0.72 0.645 0.64 0.605 0.624 0.596
0.478 0.483 0.315 0.353 0.411 0.351 0.218 0.191 0.209 -9 -9 0.213 0.217 0.274 0.309 0.369 0.356 0.429 0.407 0.39 0.396 0.403 0.428 0.453 0.469 0.486 0.47 0.572 0.606 0.511 0.5 0.534 0.628 0.661 0.591 0.601 0.638 0.706 0.659 0.618 0.642 0.688 0.712 0.7 0.675 0.624 0.56 0.516 0.52 0.551 0.543 0.571 0.62 0.669 0.707 0.695 0.664 0.623 0.584 0.574 0.645 0.703 0.682 0.672 0.694 0.709 0.7 0.65 0.668 0.691 0.713 0.731 0.713 0.657 0.666 0.695 0.671
0.576 0.559 0.396 0.471 0.366 0.246 0.154 0.212 0.255 0.247 0.255 0.226 0.25 0.298 0.31 0.367 0.422 0.448 0.413 0.441 0.433 0.417 0.444 0.448 0.482 0.555 0.534 0.613 0.607 0.527 0.552 0.567 0.638 0.686 0.643 0.658 0.7 0.703 0.642 0.611 0.671 0.711 0.707 0.705 0.69 0.663 0.576 0.521 0.528 0.541 0.564 0.599 0.651 0.692 0.715 0.718 0.698 0.668 0.61 0.58 0.628 0.691 0.682 0.674 0.691 0.691 0.7 0.713 0.697 0.666 0.689 0.72 0.745 0.746 0.758 0.754 0.749
0.642 0.635 0.503 0.544 0.359 0.194 0.149 0.2 0.241 0.28 0.26 0.257 0.292 0.331 0.355 0.404 0.479 0.444 0.461 0.482 0.468 0.424 0.458 0.503 0.495 0.526 0.604 0.675 0.629 0.566 0.613 0.585 0.658 0.701 0.666 0.709 0.728 0.662 0.611 0.67 0.709 0.722 0.713 0.706 0.652 0.668 0.601 0.572 0.589 0.601 0.62 0.658 0.685 0.697 0.736 0.726 0.718 0.703 0.68 0.63 0.624 0.668 0.672 0.675 0.677 0.678 0.707 0.713 0.67 0.574 0.604 0.666 0.707 0.729 0.759 0.773 0.783
0.668 0.689 0.628 0.551 0.405 0.271 0.194 0.203 0.254 0.292 0.282 0.291 0.337 0.374 0.408 0.47 0.494 0.475 0.507 0.503 0.456 0.482 0.495 0.512 0.589 0.546 0.594 0.713 0.648 0.648 0.657 0.667 0.717 0.713 0.702 0.745 0.712 0.626 0.64 0.72 0.726 0.71 0.701 0.688 0.566 0.574 0.604 0.631 0.635 0.631 0.637 0.683 0.687 0.712 0.75 0.733 0.726 0.71 0.711 0.683 0.656 0.655 0.653 0.662 0.665 0.669 0.705 0.715 0.676 0.583 0.571 0.6 0.617 0.65 0.705 0.709 0.702
0.661 0.711 0.701 0.489 0.317 0.295 0.269 0.281 0.28 0.309 0.28 0.309 0.355 0.419 0.459 0.492 0.53 0.534 0.492 0.478 0.533 0.521 0.596 0.536 0.629 0.582 0.617 0.734 0.743 0.75 0.749 0.748 0.753 0.727 0.747 0.734 0.691 0.658 0.653 0.726 0.715 0.702 0.703 0.614 0.588 0.57 0.576 0.602 0.61 0.646 0.653 0.647 0.695 0.719 0.737 0.734 0.725 0.709 0.713 0.711 0.708 0.683 0.67 0.666 0.669 0.667 0.693 0.714 0.703 0.673 0.637 0.608 0.565 0.591 0.649 0.658 0.64
0.654 0.721 0.714 0.5 0.274 0.291 0.311 0.332 0.365 0.374 0.308 0.331 0.385 0.453 0.51 0.565 0.576 0.547 0.517 0.561 0.609 0.581 0.647 0.605 0.64 0.686 0.67 0.71 0.774 0.79 0.742 0.765 0.764 0.762 0.763 0.717 0.701 0.704 0.713 0.73 0.721 0.698 0.656 0.599 0.592 0.61 0.636 0.618 0.616 0.616 0.622 0.655 0.706 0.73 0.741 0.737 0.743 0.722 0.718 0.709 0.718 0.7 0.698 0.691 0.671 0.666 0.672 0.704 0.711 0.706 0.694 0.67 0.611 0.586 0.593 0.609 0.585
0.642 0.705 0.703 0.571 0.308 0.291 0.334 0.374 0.388 0.423 0.406 0.381 0.402 0.452 0.488 0.561 0.561 0.578 0.613 0.66 0.665 0.677 0.705 0.752 0.785 0.779 0.71 0.767 0.789 0.776 0.776 0.741 0.72 0.735 0.749 0.746 0.734 0.742 0.723 0.73 0.668 0.611 0.615 0.661 0.65 0.653 0.652 0.649 0.664 0.668 0.662 0.663 0.702 0.745 0.759 0.741 0.749 0.727 0.719 0.719 0.718 0.704 0.713 0.708 0.695 0.668 0.66 0.675 0.693 0.691 0.716 0.713 0.701 0.687 0.65 0.625 0.584
0.646 0.674 0.737 0.639 0.387 0.318 0.349 0.395 0.402 0.427 0.443 0.472 0.487 0.48 0.521 0.572 0.612 0.637 0.671 0.69 0.698 0.741 0.789 0.797 0.766 0.787 0.78 0.789 0.773 0.791 0.794 0.781 0.689 0.658 0.718 0.719 0.714 0.695 0.66 0.637 0.566 0.582 0.549 0.625 0.62 0.645 0.666 0.691 0.717 0.713 0.702 0.67 0.701 0.754 0.766 0.746 0.734 0.732 0.743 0.749 0.739 0.724 0.734 0.721 0.693 0.679 0.674 0.669 0.663 0.659 0.686 0.709 0.725 0.72 0.731 0.723 0.706
0.706 0.673 0.753 0.678 0.466 0.351 0.385 0.4 0.433 0.46 0.457 0.496 0.535 0.525 0.549 0.624 0.642 0.671 0.698 0.731 0.777 0.795 0.795 0.778 0.729 0.766 0.788 0.766 0.73 0.735 0.789 0.792 0.756 0.687 0.682 0.665 0.634 0.582 0.544 0.568 0.588 0.579 0.597 0.625 0.628 0.666 0.709 0.739 0.735 0.718 0.709 0.702 0.725 0.766 0.771 0.761 0.743 0.739 0.765 0.758 0.742 0.734 0.75 0.748 0.741 0.735 0.734 0.705 0.677 0.653 0.667 0.682 0.709 0.705 0.71 0.741 0.76
0.742 0.702 0.764 0.68 0.484 0.393 0.394 0.419 0.452 0.497 0.489 0.53 0.579 0.6 0.608 0.646 0.687 0.724 0.749 0.779 0.781 0.777 0.764 0.744 0.742 0.783 0.792 0.75 0.692 0.655 0.742 0.789 0.785 0.758 0.696 0.657 0.598 0.59 0.592 0.65 0.656 0.637 0.699 0.706 0.72 0.731 0.748 0.751 0.735 0.725 0.714 0.716 0.763 0.782 0.778 0.767 0.743 0.726 0.713 0.731 0.712 0.711 0.713 0.728 0.751 0.764 0.753 0.763 0.762 0.753 0.708 0.687 0.702 0.706 0.733 0.749 0.765
0.788 0.785 0.788 0.698 0.529 0.435 0.417 0.454 0.501 0.55 0.558 0.593 0.616 0.65 0.67 0.687 0.719 0.755 0.747 0.753 0.705 0.678 0.697 0.696 0.744 0.78 0.8 0.778 0.711 0.63 0.686 0.742 0.787 0.777 0.722 0.618 0.612 0.651 0.704 0.734 0.68 0.677 0.745 0.757 0.761 0.763 0.76 0.759 0.743 0.697 0.689 0.697 0.777 0.79 0.781 0.755 0.717 0.7 0.663 0.708 0.706 0.7 0.694 0.698 0.699 0.741 0.759 0.763 0.768 0.779 0.786 0.781 0.778 0.778 0.793 0.795 0.807
0.762 0.779 0.799 0.728 0.623 0.519 0.511 0.547 0.569 0.615 0.627 0.649 0.667 0.687 0.706 0.737 0.759 0.75 0.675 0.656 0.632 0.607 0.627 0.674 0.714 0.752 0.782 0.798 0.769 0.664 0.682 0.678 0.748 0.781 0.765 0.704 0.707 0.743 0.765 0.757 0.747 0.73 0.77 0.771 0.775 0.745 0.699 0.697 0.742 0.74 0.694 0.678 0.729 0.748 0.751 0.732 0.725 0.708 0.66 0.668 0.706 0.699 0.679 0.662 0.663 0.68 0.712 0.719 0.737 0.76 0.775 0.789 0.789 0.797 0.802 0.803 0.807
0.762 0.769 0.797 0.762 0.717 0.686 0.683 0.682 0.657 0.661 0.691 0.711 0.722 0.736 0.748 0.772 0.771 0.708 0.68 0.66 0.675 0.64 0.609 0.66 0.675 0.711 0.764 0.791 0.774 0.728 0.729 0.668 0.674 0.713 0.683 0.72 0.725 0.739 0.732 0.73 0.759 0.762 0.77 0.744 0.746 0.769 0.745 0.706 0.728 0.676 0.731 0.715 0.659 0.647 0.712 0.718 0.687 0.666 0.651 0.636 0.701 0.693 0.672 0.68 0.673 0.668 0.706 0.718 0.7 0.729 0.758 0.77 0.771 0.783 0.788 0.793 0.793
0.76 0.779 0.799 0.79 0.769 0.773 0.779 0.776 0.759 0.739 0.751 0.761 0.767 0.757 0.701 0.748 0.715 0.635 0.667 0.708 0.691 0.657 0.606 0.634 0.665 0.7 0.778 0.774 0.757 0.735 0.737 0.681 0.617 0.659 0.648 0.649 0.698 0.692 0.654 0.699 0.696 0.722 0.712 0.658 0.719 0.748 0.73 0.757 0.742 0.688 0.708 0.752 0.615 0.548 0.624 0.674 0.656 0.634 0.624 0.66 0.69 0.703 0.699 0.692 0.667 0.671 0.697 0.717 0.732 0.733 0.744 0.755 0.763 0.763 0.76 0.764 0.78
