data/climatemaps/RS_maps/climate_breeding_pr_2015.asc
NCOLS 369 
NROWS 228 
XLLCORNER 479000 
YLLCORNER 73000 
CELLSIZE 1000 
NODATA_value -9 
[rows 102 to 135 of 228, columns 0 to 75 of 369]
-9 -9 -9 -9 -9 -9 -9 -9 -9 -9 -9 -9 -9 -9 -9 -9 -9 -9 -9 -9 -9 -9 -9 -9 -9 -9 -9 -9 -9 -9 -9 -9 -0.198 -0.202 -0.202 -0.225 -0.267 -0.31 -0.334 -0.322 -0.27 -0.193 -0.117 -0.053 -0.005 0.034 0.061 0.074 0.073 0.056 0.028 -0.015 -0.064 -0.11 -0.151 -0.19 -0.234 -0.286 -0.355 -0.426 -0.485 -0.539 -0.562 -0.547 -0.491 -0.413 -0.341 -0.278 -0.245 -0.261 -0.338 -0.464 -0.6 -0.722 -0.803 -0.857
-9 -9 -9 -9 -9 -9 -9 -9 -9 -9 -9 -9 -9 -9 -9 -9 -9 -9 -9 -9 -9 -9 -9 -9 -9 -9 -9 -9 -9 -9 -9 -9 -0.203 -0.224 -0.246 -0.286 -0.333 -0.377 -0.395 -0.374 -0.315 -0.234 -0.141 -0.058 0.004 0.039 0.057 0.054 0.037 0.001 -0.048 -0.105 -0.164 -0.22 -0.273 -0.322 -0.377 -0.441 -0.511 -0.569 -0.596 -0.591 -0.561 -0.494 -0.413 -0.32 -0.237 -0.188 -0.202 -0.273 -0.387 -0.519 -0.646 -0.754 -0.823 -0.866
-9 -9 -9 -9 -9 -9 -9 -9 -9 -9 -9 -9 -9 -9 -9 -9 -9 -9 -9 -9 -9 -9 -9 -9 -9 -9 -9 -9 -9 -9 -9 -9 -0.229 -0.265 -0.306 -0.352 -0.401 -0.443 -0.454 -0.425 -0.361 -0.266 -0.158 -0.064 0 0.029 0.036 0.021 -0.015 -0.069 -0.127 -0.194 -0.266 -0.339 -0.403 -0.456 -0.523 -0.589 -0.632 -0.641 -0.617 -0.565 -0.499 -0.41 -0.311 -0.217 -0.154 -0.146 -0.22 -0.337 -0.472 -0.603 -0.715 -0.798 -0.848 -0.875
-9 -9 -9 -9 -9 -9 -9 -9 -9 -9 -9 -9 -9 -9 -9 -9 -9 -9 -9 -9 -9 -9 -9 -9 -9 -9 -9 -9 -9 -9 -9 -9 -0.266 -0.314 -0.364 -0.413 -0.462 -0.497 -0.503 -0.467 -0.39 -0.288 -0.175 -0.085 -0.028 -0.003 -0.004 -0.025 -0.06 -0.113 -0.175 -0.252 -0.334 -0.421 -0.5 -0.555 -0.618 -0.658 -0.664 -0.632 -0.58 -0.504 -0.409 -0.306 -0.209 -0.134 -0.113 -0.162 -0.277 -0.423 -0.572 -0.696 -0.787 -0.841 -0.87 -0.883
-9 -9 -9 -9 -9 -9 -9 -9 -9 -9 -9 -9 -9 -9 -9 -9 -9 -9 -9 -9 -9 -9 -9 -9 -9 -9 -9 -9 -9 -9 -9 -9 -9 -0.354 -0.406 -0.459 -0.503 -0.528 -0.528 -0.489 -0.404 -0.302 -0.2 -0.12 -0.069 -0.05 -0.042 -0.054 -0.081 -0.128 -0.192 -0.271 -0.354 -0.441 -0.524 -0.579 -0.611 -0.627 -0.611 -0.565 -0.496 -0.403 -0.3 -0.208 -0.136 -0.099 -0.13 -0.219 -0.362 -0.524 -0.671 -0.782 -0.847 -0.878 -0.892 -0.894
-9 -9 -9 -9 -9 -9 -9 -9 -9 -9 -9 -9 -9 -9 -9 -9 -9 -9 -9 -9 -9 -9 -9 -9 -9 -9 -9 -9 -9 -9 -9 -9 -9 -0.372 -0.424 -0.475 -0.514 -0.534 -0.532 -0.492 -0.41 -0.316 -0.226 -0.155 -0.11 -0.081 -0.068 -0.079 -0.106 -0.15 -0.207 -0.275 -0.351 -0.422 -0.472 -0.508 -0.528 -0.534 -0.512 -0.462 -0.388 -0.298 -0.21 -0.143 -0.106 -0.116 -0.187 -0.303 -0.461 -0.623 -0.76 -0.85 -0.896 -0.911 -0.912 -0.907
-9 -9 -9 -9 -9 -9 -9 -9 -9 -9 -9 -9 -9 -9 -9 -9 -9 -9 -9 -9 -9 -9 -9 -9 -9 -9 -9 -9 -9 -9 -9 -9 -9 -0.358 -0.41 -0.46 -0.497 -0.521 -0.521 -0.492 -0.416 -0.331 -0.25 -0.18 -0.128 -0.101 -0.097 -0.116 -0.147 -0.187 -0.231 -0.28 -0.311 -0.344 -0.367 -0.39 -0.41 -0.418 -0.401 -0.358 -0.296 -0.226 -0.164 -0.125 -0.122 -0.166 -0.266 -0.399 -0.558 -0.713 -0.83 -0.902 -0.933 -0.938 -0.931 -0.921
-9 -9 -9 -9 -9 -9 -9 -9 -9 -9 -9 -9 -9 -9 -9 -9 -9 -9 -9 -9 -9 -9 -9 -9 -9 -9 -9 -9 -9 -9 -9 -9 -9 -0.326 -0.378 -0.429 -0.472 -0.5 -0.505 -0.489 -0.426 -0.343 -0.257 -0.185 -0.137 -0.119 -0.126 -0.156 -0.194 -0.232 -0.264 -0.268 -0.257 -0.25 -0.253 -0.269 -0.292 -0.309 -0.308 -0.285 -0.248 -0.206 -0.174 -0.164 -0.188 -0.257 -0.368 -0.501 -0.652 -0.788 -0.884 -0.94 -0.961 -0.959 -0.948 -0.935
-9 -9 -9 -9 -9 -9 -9 -9 -9 -9 -9 -9 -9 -9 -9 -9 -9 -9 -9 -9 -9 -9 -9 -9 -9 -9 -9 -9 -9 -9 -9 -9 -9 -0.303 -0.357 -0.412 -0.458 -0.488 -0.493 -0.475 -0.41 -0.334 -0.254 -0.186 -0.145 -0.137 -0.155 -0.194 -0.239 -0.271 -0.28 -0.254 -0.213 -0.177 -0.166 -0.183 -0.219 -0.254 -0.276 -0.278 -0.268 -0.257 -0.254 -0.27 -0.315 -0.391 -0.496 -0.615 -0.744 -0.854 -0.929 -0.97 -0.982 -0.975 -0.962 -0.947
-9 -9 -9 -9 -9 -9 -9 -9 -9 -9 -9 -9 -9 -9 -9 -9 -9 -9 -9 -9 -9 -9 -9 -9 -9 -9 -9 -9 -9 -9 -9 -9 -9 -0.303 -0.364 -0.421 -0.468 -0.491 -0.478 -0.449 -0.39 -0.318 -0.246 -0.186 -0.152 -0.154 -0.182 -0.23 -0.275 -0.3 -0.291 -0.246 -0.189 -0.143 -0.139 -0.173 -0.231 -0.29 -0.336 -0.361 -0.373 -0.381 -0.394 -0.426 -0.482 -0.554 -0.643 -0.74 -0.836 -0.917 -0.971 -0.998 -1.001 -0.989 -0.972 -0.956
-9 -9 -9 -9 -9 -9 -9 -9 -9 -9 -9 -9 -9 -9 -9 -9 -9 -9 -9 -9 -9 -9 -9 -9 -9 -9 -9 -9 -9 -9 -9 -9 -0.268 -0.329 -0.392 -0.446 -0.492 -0.493 -0.47 -0.43 -0.369 -0.3 -0.233 -0.182 -0.158 -0.169 -0.206 -0.257 -0.3 -0.318 -0.301 -0.252 -0.199 -0.166 -0.181 -0.24 -0.324 -0.405 -0.47 -0.512 -0.536 -0.552 -0.574 -0.608 -0.655 -0.714 -0.782 -0.854 -0.922 -0.977 -1.01 -1.022 -1.015 -0.997 -0.976 -0.956
-9 -9 -9 -9 -9 -9 -9 -9 -9 -9 -9 -9 -9 -9 -9 -9 -9 -9 -9 -9 -9 -9 -9 -9 -9 -9 -9 -9 -9 -9 -9 -9 -0.317 -0.381 -0.44 -0.488 -0.515 -0.497 -0.461 -0.409 -0.344 -0.277 -0.217 -0.176 -0.162 -0.182 -0.223 -0.273 -0.313 -0.329 -0.319 -0.287 -0.258 -0.254 -0.294 -0.375 -0.472 -0.57 -0.645 -0.69 -0.717 -0.735 -0.755 -0.779 -0.812 -0.854 -0.903 -0.954 -0.998 -1.029 -1.043 -1.04 -1.021 -0.991 -0.963 -0.947
-9 -9 -9 -9 -9 -9 -9 -9 -9 -9 -9 -9 -9 -9 -9 -9 -9 -9 -9 -9 -9 -9 -9 -9 -9 -9 -9 -9 -9 -9 -9 -9 -0.392 -0.454 -0.506 -0.543 -0.533 -0.498 -0.449 -0.389 -0.321 -0.256 -0.202 -0.17 -0.165 -0.189 -0.23 -0.276 -0.314 -0.339 -0.35 -0.355 -0.368 -0.399 -0.462 -0.556 -0.654 -0.739 -0.803 -0.842 -0.867 -0.883 -0.897 -0.915 -0.938 -0.967 -1.001 -1.033 -1.058 -1.071 -1.067 -1.047 -1.008 -0.957 -0.931 -0.928
-9 -9 -9 -9 -9 -9 -9 -9 -9 -9 -9 -9 -9 -9 -9 -9 -9 -9 -9 -9 -9 -9 -9 -9 -9 -9 -9 -9 -9 -9 -9 -0.404 -0.476 -0.535 -0.58 -0.585 -0.547 -0.5 -0.442 -0.378 -0.31 -0.248 -0.199 -0.171 -0.168 -0.19 -0.226 -0.266 -0.306 -0.346 -0.393 -0.446 -0.506 -0.572 -0.654 -0.743 -0.821 -0.884 -0.932 -0.962 -0.981 -0.993 -1.003 -1.016 -1.032 -1.051 -1.071 -1.09 -1.099 -1.095 -1.074 -1.034 -0.968 -0.927 -0.905 -0.898
-9 -9 -9 -9 -9 -9 -9 -9 -9 -9 -9 -9 -9 -9 -9 -9 -9 -9 -9 -9 -9 -9 -9 -9 -9 -9 -9 -9 -9 -0.295 -0.389 -0.479 -0.553 -0.612 -0.637 -0.613 -0.565 -0.507 -0.446 -0.382 -0.32 -0.262 -0.214 -0.186 -0.177 -0.189 -0.214 -0.247 -0.292 -0.358 -0.447 -0.549 -0.647 -0.74 -0.825 -0.897 -0.955 -0.999 -1.031 -1.051 -1.065 -1.073 -1.078 -1.085 -1.093 -1.104 -1.115 -1.122 -1.119 -1.099 -1.056 -0.989 -0.926 -0.892 -0.873 -0.876
-9 -9 -9 -9 -9 -9 -9 -9 -9 -9 -9 -9 -9 -9 -9 -9 -9 -9 -9 -9 -9 -9 -9 -9 -9 -9 -9 -9 -0.235 -0.32 -0.429 -0.539 -0.623 -0.672 -0.672 -0.639 -0.583 -0.522 -0.463 -0.406 -0.352 -0.3 -0.253 -0.218 -0.195 -0.192 -0.201 -0.227 -0.283 -0.377 -0.506 -0.648 -0.776 -0.879 -0.954 -1.011 -1.053 -1.083 -1.102 -1.115 -1.124 -1.127 -1.126 -1.124 -1.124 -1.126 -1.132 -1.131 -1.115 -1.073 -1.003 -0.932 -0.88 -0.849 -0.84 -0.841
-9 -9 -9 -9 -9 -9 -9 -9 -9 -9 -9 -9 -9 -9 -9 -9 -9 -9 -9 -9 -9 -9 -9 -9 -9 -9 -0.122 -0.167 -0.239 -0.342 -0.464 -0.584 -0.677 -0.709 -0.703 -0.665 -0.605 -0.544 -0.49 -0.444 -0.404 -0.361 -0.315 -0.271 -0.231 -0.206 -0.198 -0.223 -0.292 -0.414 -0.577 -0.746 -0.886 -0.983 -1.046 -1.089 -1.118 -1.137 -1.15 -1.158 -1.161 -1.16 -1.151 -1.138 -1.129 -1.128 -1.13 -1.12 -1.086 -1.02 -0.939 -0.874 -0.826 -0.802 -0.809 -0.797
-9 -9 -9 -9 -9 -9 -9 -9 -9 -9 -9 -9 -9 -9 -9 -9 -9 -9 -9 -9 -9 -9 -9 -9 -9 -0.078 -0.106 -0.161 -0.248 -0.367 -0.498 -0.624 -0.712 -0.739 -0.731 -0.692 -0.632 -0.574 -0.525 -0.493 -0.47 -0.441 -0.399 -0.345 -0.287 -0.24 -0.223 -0.253 -0.339 -0.483 -0.667 -0.843 -0.975 -1.06 -1.11 -1.141 -1.158 -1.172 -1.182 -1.186 -1.186 -1.178 -1.157 -1.132 -1.122 -1.12 -1.114 -1.089 -1.038 -0.961 -0.881 -0.814 -0.769 -0.77 -0.772 -0.767
-9 -9 -9 -9 -9 -9 -9 -9 -9 -9 -9 -9 -9 -9 -9 -9 -9 -9 -9 -9 -9 -9 -9 -0.066 -0.059 -0.065 -0.097 -0.164 -0.265 -0.393 -0.536 -0.659 -0.731 -0.757 -0.751 -0.714 -0.658 -0.6 -0.558 -0.541 -0.539 -0.529 -0.497 -0.436 -0.366 -0.308 -0.288 -0.324 -0.424 -0.586 -0.768 -0.93 -1.047 -1.118 -1.157 -1.177 -1.186 -1.197 -1.204 -1.205 -1.2 -1.183 -1.152 -1.124 -1.113 -1.103 -1.088 -1.047 -0.987 -0.904 -0.821 -0.754 -0.729 -0.741 -0.743 -0.757
-9 -9 -9 -9 -9 -9 -9 -9 -9 -9 -9 -9 -9 -9 -9 -9 -9 -9 -9 -9 -9 -9 -0.068 -0.057 -0.05 -0.06 -0.1 -0.177 -0.286 -0.426 -0.565 -0.667 -0.73 -0.761 -0.756 -0.722 -0.667 -0.611 -0.577 -0.577 -0.599 -0.612 -0.598 -0.545 -0.474 -0.409 -0.389 -0.434 -0.546 -0.708 -0.871 -1.01 -1.106 -1.162 -1.191 -1.205 -1.211 -1.216 -1.218 -1.214 -1.203 -1.179 -1.145 -1.118 -1.095 -1.081 -1.062 -1.006 -0.932 -0.842 -0.761 -0.707 -0.697 -0.713 -0.732 -0.775
-9 -9 -9 -9 -9 -9 -9 -9 -9 -9 -9 -9 -9 -9 -9 -9 -9 -9 -9 -9 -9 -0.063 -0.057 -0.048 -0.047 -0.066 -0.116 -0.2 -0.311 -0.439 -0.564 -0.659 -0.721 -0.747 -0.743 -0.704 -0.649 -0.598 -0.571 -0.589 -0.64 -0.681 -0.694 -0.658 -0.598 -0.543 -0.529 -0.579 -0.694 -0.835 -0.97 -1.081 -1.155 -1.197 -1.218 -1.227 -1.23 -1.227 -1.221 -1.21 -1.193 -1.165 -1.133 -1.103 -1.085 -1.076 -1.038 -0.97 -0.88 -0.786 -0.71 -0.671 -0.672 -0.702 -0.745 -0.805
-9 -9 -9 -9 -9 -9 -9 -9 -9 -9 -9 -9 -9 -9 -9 -9 -9 -9 -9 -9 -0.04 -0.047 -0.045 -0.043 -0.053 -0.085 -0.144 -0.231 -0.339 -0.456 -0.563 -0.644 -0.693 -0.714 -0.703 -0.667 -0.614 -0.567 -0.55 -0.588 -0.665 -0.735 -0.772 -0.76 -0.724 -0.688 -0.688 -0.744 -0.84 -0.952 -1.057 -1.14 -1.194 -1.225 -1.241 -1.245 -1.241 -1.229 -1.211 -1.192 -1.17 -1.139 -1.106 -1.083 -1.081 -1.07 -1.012 -0.933 -0.833 -0.74 -0.672 -0.641 -0.651 -0.699 -0.76 -0.798
-9 -9 -9 -9 -9 -9 -9 -9 -9 -9 -9 -9 -9 -9 -9 -9 -9 -9 -9 0 -0.018 -0.028 -0.033 -0.044 -0.069 -0.115 -0.184 -0.271 -0.371 -0.47 -0.551 -0.609 -0.644 -0.658 -0.649 -0.619 -0.574 -0.536 -0.534 -0.591 -0.692 -0.775 -0.834 -0.845 -0.832 -0.826 -0.84 -0.888 -0.962 -1.046 -1.123 -1.184 -1.224 -1.248 -1.259 -1.258 -1.242 -1.219 -1.191 -1.166 -1.136 -1.098 -1.068 -1.058 -1.067 -1.053 -0.988 -0.903 -0.796 -0.702 -0.637 -0.611 -0.638 -0.697 -0.754 -0.799
-9 -9 -9 -9 -9 -9 -9 -9 -9 -9 -9 -9 -9 -9 -9 -9 -9 -9 0.049 0.027 0.006 -0.01 -0.027 -0.052 -0.093 -0.153 -0.23 -0.316 -0.401 -0.47 -0.519 -0.557 -0.579 -0.589 -0.585 -0.566 -0.536 -0.517 -0.533 -0.604 -0.722 -0.819 -0.885 -0.911 -0.915 -0.921 -0.944 -0.987 -1.046 -1.11 -1.167 -1.212 -1.244 -1.265 -1.274 -1.267 -1.238 -1.204 -1.166 -1.132 -1.088 -1.046 -1.022 -1.025 -1.043 -1.029 -0.967 -0.872 -0.759 -0.666 -0.603 -0.599 -0.628 -0.683 -0.76 -0.822
-9 -9 -9 -9 -9 -9 -9 -9 -9 -9 -9 -9 -9 -9 -9 -9 -9 0.087 0.07 0.048 0.024 0.001 -0.027 -0.065 -0.12 -0.193 -0.274 -0.346 -0.408 -0.449 -0.477 -0.496 -0.508 -0.518 -0.524 -0.52 -0.509 -0.51 -0.542 -0.627 -0.747 -0.846 -0.914 -0.944 -0.956 -0.971 -1.002 -1.046 -1.096 -1.147 -1.19 -1.228 -1.258 -1.278 -1.285 -1.272 -1.237 -1.189 -1.14 -1.093 -1.037 -0.993 -0.975 -0.99 -1.013 -1.004 -0.943 -0.845 -0.738 -0.641 -0.586 -0.592 -0.615 -0.696 -0.782 -0.853
-9 -9 -9 -9 -9 -9 -9 -9 -9 -9 -9 -9 -9 -9 -9 -9 0.103 0.1 0.084 0.06 0.031 0.001 -0.035 -0.081 -0.142 -0.22 -0.29 -0.347 -0.389 -0.413 -0.425 -0.434 -0.445 -0.462 -0.481 -0.492 -0.499 -0.515 -0.56 -0.647 -0.752 -0.843 -0.909 -0.951 -0.977 -1.003 -1.036 -1.08 -1.124 -1.167 -1.202 -1.237 -1.269 -1.288 -1.293 -1.276 -1.236 -1.175 -1.116 -1.054 -0.99 -0.947 -0.934 -0.957 -0.98 -0.975 -0.916 -0.825 -0.72 -0.631 -0.582 -0.576 -0.624 -0.721 -0.814 -0.889
-9 -9 -9 -9 -9 -9 -9 -9 -9 -9 -9 -9 -9 -9 -9 0.084 0.104 0.104 0.087 0.06 0.027 -0.008 -0.047 -0.094 -0.153 -0.219 -0.279 -0.324 -0.35 -0.362 -0.368 -0.378 -0.399 -0.428 -0.461 -0.487 -0.506 -0.535 -0.579 -0.653 -0.742 -0.827 -0.897 -0.944 -0.981 -1.018 -1.056 -1.099 -1.14 -1.178 -1.211 -1.246 -1.277 -1.295 -1.297 -1.274 -1.226 -1.157 -1.089 -1.017 -0.95 -0.909 -0.904 -0.93 -0.946 -0.943 -0.883 -0.794 -0.696 -0.613 -0.57 -0.581 -0.652 -0.733 -0.827 -0.881
-9 -9 -9 -9 -9 -9 -9 -9 -9 -9 -9 -9 -9 -0.026 0.026 0.066 0.089 0.092 0.076 0.049 0.016 -0.018 -0.056 -0.099 -0.151 -0.205 -0.254 -0.286 -0.301 -0.308 -0.316 -0.337 -0.372 -0.417 -0.463 -0.501 -0.529 -0.558 -0.595 -0.659 -0.737 -0.812 -0.877 -0.932 -0.98 -1.025 -1.068 -1.11 -1.149 -1.186 -1.22 -1.256 -1.285 -1.3 -1.298 -1.266 -1.209 -1.134 -1.06 -0.981 -0.918 -0.88 -0.884 -0.905 -0.912 -0.906 -0.845 -0.759 -0.666 -0.601 -0.573 -0.599 -0.673 -0.742 -0.827 -0.842
-9 -9 -9 -9 -9 -9 -9 -9 -9 -9 -9 -9 -0.114 -0.061 -0.01 0.031 0.055 0.062 0.051 0.031 0.004 -0.024 -0.057 -0.093 -0.135 -0.179 -0.218 -0.242 -0.254 -0.263 -0.28 -0.315 -0.367 -0.427 -0.484 -0.527 -0.558 -0.586 -0.619 -0.672 -0.737 -0.803 -0.866 -0.925 -0.981 -1.031 -1.076 -1.119 -1.157 -1.194 -1.229 -1.263 -1.29 -1.302 -1.291 -1.252 -1.189 -1.109 -1.032 -0.951 -0.894 -0.864 -0.869 -0.878 -0.881 -0.866 -0.809 -0.726 -0.64 -0.595 -0.585 -0.631 -0.699 -0.772 -0.807 -0.769
-9 -9 -9 -9 -9 -9 -9 -9 -9 -9 -9 -0.191 -0.148 -0.1 -0.053 -0.014 0.01 0.02 0.02 0.01 -0.005 -0.025 -0.048 -0.076 -0.109 -0.145 -0.177 -0.2 -0.216 -0.235 -0.265 -0.315 -0.381 -0.451 -0.512 -0.559 -0.584 -0.61 -0.641 -0.689 -0.746 -0.806 -0.867 -0.929 -0.989 -1.042 -1.087 -1.13 -1.167 -1.202 -1.236 -1.267 -1.291 -1.298 -1.277 -1.233 -1.165 -1.082 -1.004 -0.929 -0.879 -0.855 -0.851 -0.851 -0.849 -0.823 -0.771 -0.7 -0.626 -0.593 -0.602 -0.673 -0.746 -0.781 -0.75 -0.692
-9 -9 -9 -9 -9 -9 -9 -9 -9 -9 -0.229 -0.21 -0.174 -0.133 -0.093 -0.059 -0.038 -0.02 -0.008 -0.005 -0.011 -0.02 -0.034 -0.054 -0.08 -0.11 -0.14 -0.167 -0.193 -0.226 -0.272 -0.337 -0.412 -0.484 -0.545 -0.583 -0.594 -0.618 -0.654 -0.703 -0.759 -0.819 -0.882 -0.945 -1.004 -1.056 -1.103 -1.143 -1.176 -1.21 -1.241 -1.268 -1.288 -1.288 -1.257 -1.208 -1.137 -1.055 -0.979 -0.912 -0.869 -0.846 -0.831 -0.826 -0.816 -0.779 -0.731 -0.674 -0.62 -0.601 -0.641 -0.722 -0.759 -0.747 -0.702 -0.63
-9 -9 -9 -9 -9 -9 -9 -9 -9 -9 -0.213 -0.209 -0.185 -0.156 -0.126 -0.097 -0.07 -0.044 -0.025 -0.013 -0.009 -0.012 -0.021 -0.035 -0.055 -0.081 -0.113 -0.147 -0.187 -0.238 -0.303 -0.379 -0.456 -0.525 -0.565 -0.572 -0.577 -0.603 -0.649 -0.71 -0.776 -0.842 -0.907 -0.968 -1.025 -1.076 -1.12 -1.156 -1.185 -1.215 -1.244 -1.265 -1.283 -1.276 -1.233 -1.18 -1.109 -1.031 -0.96 -0.901 -0.862 -0.834 -0.811 -0.799 -0.776 -0.733 -0.688 -0.642 -0.613 -0.619 -0.67 -0.738 -0.745 -0.72 -0.676 -0.584
-9 -9 -9 -9 -9 -9 -9 -9 -9 -0.174 -0.19 -0.19 -0.181 -0.165 -0.142 -0.116 -0.088 -0.06 -0.035 -0.016 -0.008 -0.007 -0.012 -0.022 -0.038 -0.064 -0.099 -0.145 -0.201 -0.269 -0.349 -0.432 -0.51 -0.551 -0.548 -0.536 -0.535 -0.566 -0.628 -0.711 -0.795 -0.871 -0.938 -0.997 -1.051 -1.097 -1.133 -1.164 -1.187 -1.213 -1.24 -1.263 -1.277 -1.256 -1.208 -1.149 -1.078 -1.006 -0.943 -0.891 -0.852 -0.816 -0.785 -0.763 -0.73 -0.684 -0.638 -0.602 -0.601 -0.623 -0.678 -0.735 -0.751 -0.724 -0.666 -0.556
-9 -9 -9 -9 -9 -9 -9 -9 -0.129 -0.16 -0.171 -0.167 -0.159 -0.151 -0.132 -0.112 -0.09 -0.065 -0.042 -0.024 -0.015 -0.011 -0.012 -0.018 -0.032 -0.061 -0.103 -0.161 -0.232 -0.315 -0.405 -0.491 -0.538 -0.534 -0.512 -0.481 -0.472 -0.515 -0.599 -0.708 -0.814 -0.9 -0.969 -1.026 -1.073 -1.111 -1.14 -1.167 -1.181 -1.201 -1.229 -1.256 -1.265 -1.233 -1.183 -1.116 -1.044 -0.979 -0.923 -0.874 -0.831 -0.787 -0.753 -0.717 -0.679 -0.625 -0.578 -0.555 -0.569 -0.606 -0.655 -0.706 -0.743 -0.732 -0.659 -0.538
