data/climatemaps/RS_maps/climate_breeding_tmp_2007.asc
NCOLS 369 
NROWS 228 
XLLCORNER 479000 
YLLCORNER 73000 
CELLSIZE 1000 
NODATA_value -9 
[rows 170 to 203 of 228, columns 0 to 76 of 369]
-9 -9 0.21 0.179 0.243 0.489 0.569 0.174 -0.136 -0.243 0.017 0.409 0.853 1.081 1.143 1.166 1.178 1.19 1.211 1.245 1.26 1.265 1.3 1.322 1.352 1.388 1.388 1.388 1.387 1.383 1.338 1.306 1.299 1.303 1.311 1.31 1.308 1.307 1.281 1.271 1.25 1.225 1.213 1.215 1.062 0.971 1.042 1.048 1.019 0.827 -9 -9 -9 -9 -9 -9 -9 -9 0.353 0.379 0.544 0.709 0.534 0.229 -0.022 -0.243 -0.24 -0.292 -0.379 -0.466 -0.743 -0.694 -0.483 -0.255 -0.176 -0.014 0.242
-9 0.222 0.155 0.183 0.374 0.62 0.396 0.038 -0.223 -0.07 0.319 0.693 1.03 1.127 1.178 1.206 1.221 1.23 1.247 1.273 1.278 1.282 1.312 1.339 1.378 1.398 1.393 1.388 1.388 1.369 1.323 1.311 1.315 1.309 1.308 1.285 1.188 1.064 1.024 1.192 1.214 1.183 1.169 1.187 1.051 1.005 1.036 1.011 0.891 -9 -9 -9 -9 -9 -9 -9 -9 -9 0.235 0.016 0.236 0.53 0.683 0.467 0.154 -0.02 -0.106 -0.271 -0.455 -0.36 -0.199 -0.413 -0.533 -0.504 -0.278 -0.049 0.078
0.222 0.184 0.129 0.204 0.568 0.537 0.164 -0.063 -0.172 0.13 0.541 0.887 1.114 1.152 1.201 1.234 1.242 1.254 1.267 1.274 1.287 1.301 1.325 1.367 1.397 1.398 1.394 1.392 1.39 1.345 1.321 1.309 1.315 1.303 1.264 1.096 0.969 0.907 1.02 1.185 1.196 1.169 1.163 1.147 1.09 -9 -9 -9 -9 -9 -9 -9 -9 -9 -9 -9 -9 -9 0.454 -0.108 -0.089 0.311 0.615 0.167 -0.058 -0.037 -0.147 -0.31 -0.353 -0.254 0.027 -0.128 -0.342 -0.435 -0.348 -0.065 0.018
0.165 0.105 0.112 0.32 0.627 0.246 -0.098 -0.183 -0.028 0.377 0.768 1.051 1.165 1.186 1.22 1.254 1.26 1.255 1.26 1.284 1.303 1.321 1.346 1.395 1.399 1.398 1.399 1.397 1.372 1.332 1.319 1.308 1.299 1.294 1.205 1.077 1.042 1.079 1.161 1.2 1.177 1.164 1.153 1.112 1.07 -9 -9 -9 -9 -9 -9 -9 -9 -9 -9 -9 -9 -9 0.389 -0.247 -0.227 0.428 0.553 0.122 -0.18 -0.252 -0.098 0.085 0.14 0.198 0.314 0.233 0.004 -0.263 -0.486 -0.324 -0.223
0.074 0.054 0.151 0.481 0.535 -0.058 -0.302 -0.104 0.214 0.651 0.997 1.163 1.21 1.234 1.25 1.266 1.267 1.246 1.264 1.301 1.32 1.335 1.362 1.399 1.403 1.399 1.402 1.383 1.339 1.328 1.316 1.298 1.287 1.263 1.173 1.073 1.107 1.16 1.172 1.184 1.169 1.158 1.128 1.08 1.001 -9 -9 -9 -9 -9 -9 -9 -9 -9 -9 -9 -9 -9 -9 0.045 0.102 0.385 0.375 0.488 0.226 -0.049 0.267 0.437 0.347 0.262 0.268 0.341 0.315 -0.039 -0.291 -0.459 -0.564
0.03 0.122 0.406 0.604 0.209 -0.297 -0.227 0.231 0.592 0.931 1.147 1.223 1.254 1.273 1.276 1.277 1.266 1.258 1.286 1.316 1.328 1.34 1.363 1.403 1.405 1.403 1.397 1.35 1.326 1.326 1.312 1.285 1.28 1.244 1.171 1.098 1.134 1.155 1.165 1.172 1.152 1.116 1.064 0.972 0.813 -9 -9 -9 -9 -9 -9 -9 -9 -9 -9 -9 -9 -9 -9 -9 -0.051 0.032 0.225 0.405 0.399 0.487 0.325 0.185 -0.001 -0.07 -0.238 0.016 0.302 0.304 0.064 -0.329 -0.631
0.211 0.278 0.639 0.23 -0.202 -0.253 0.006 0.539 0.915 1.13 1.226 1.256 1.277 1.29 1.287 1.283 1.267 1.282 1.311 1.331 1.325 1.339 1.378 1.404 1.408 1.401 1.378 1.327 1.317 1.317 1.301 1.276 1.267 1.233 1.17 1.125 1.135 1.133 1.132 1.132 1.097 1.01 0.879 0.71 0.545 0.385 -9 -9 -9 -9 -9 -9 -9 -9 -9 -9 -9 -9 -9 -9 -0.084 -0.23 -0.075 -0.15 0.091 0.413 0.236 -0.138 -0.379 -0.464 -0.665 -0.25 -0.141 0.099 0.294 -0.13 -0.521
0.23 0.699 0.518 -0.026 -0.306 -0.031 0.438 0.8 1.098 1.226 1.269 1.288 1.295 1.301 1.284 1.276 1.292 1.318 1.333 1.344 1.346 1.368 1.405 1.407 1.407 1.382 1.347 1.313 1.308 1.299 1.286 1.261 1.252 1.221 1.174 1.146 1.057 1.044 1.043 1.03 0.932 0.772 0.541 0.411 0.344 0.463 -9 -9 -9 -9 -9 -9 -9 -9 -9 -9 -9 -9 -9 -9 -9 -0.311 -0.136 -0.277 -0.058 0.187 0.369 0.205 -0.244 -0.847 -0.943 -0.616 -0.402 -0.02 0.282 -0.173 -0.466
0.387 0.833 0.682 0.116 -0.114 0.327 0.701 0.992 1.187 1.266 1.296 1.307 1.306 1.294 1.288 1.305 1.324 1.329 1.337 1.351 1.353 1.384 1.413 1.409 1.405 1.357 1.32 1.312 1.308 1.291 1.275 1.255 1.237 1.211 1.184 1.124 0.879 0.824 0.819 0.784 0.678 0.488 0.266 0.33 0.352 0.566 -9 -9 -9 -9 -9 -9 -9 -9 -9 -9 -9 -9 -9 -9 0.152 0.173 0.075 -0.423 -0.321 0.21 -0.007 0.159 -0.026 -0.547 -0.686 -0.296 0.085 0.233 0.05 -0.166 -0.592
0.757 0.857 0.573 0.049 0.161 0.606 0.904 1.122 1.25 1.299 1.315 1.327 1.316 1.308 1.32 1.343 1.328 1.332 1.347 1.324 1.314 1.379 1.413 1.41 1.402 1.328 1.299 1.314 1.317 1.29 1.268 1.246 1.22 1.204 1.177 1.034 0.665 0.456 0.495 0.565 0.629 0.325 0.208 0.445 0.574 0.649 -9 -9 -9 -9 -9 -9 -9 -9 -9 -9 -9 -9 -9 -9 0.558 0.277 -0.12 -0.523 -0.386 -0.125 -0.383 -0.067 0.035 -0.277 -0.394 -0.017 -0.079 -0.197 -0.393 -0.104 -0.27
0.944 0.677 0.222 0.12 0.473 0.842 1.033 1.199 1.281 1.315 1.327 1.309 1.278 1.33 1.348 1.328 1.328 1.348 1.336 1.302 1.316 1.386 1.413 1.412 1.369 1.269 1.29 1.305 1.321 1.29 1.262 1.235 1.209 1.203 1.141 0.875 0.426 0.12 0.293 0.609 0.68 0.394 0.362 0.604 0.717 0.588 -9 -9 -9 -9 -9 -9 -9 -9 -9 -9 -9 -9 -9 -9 0.699 0.216 -0.231 -0.477 -0.723 -0.625 -0.621 -0.211 -0.254 -0.293 -0.148 -0.131 -0.544 -0.566 -0.361 -0.069 -0.066
0.843 0.366 0.025 0.407 0.798 1.024 1.161 1.255 1.299 1.334 1.304 1.258 1.292 1.353 1.341 1.333 1.33 1.349 1.332 1.321 1.357 1.395 1.413 1.401 1.28 1.28 1.313 1.324 1.322 1.289 1.259 1.221 1.224 1.186 1.044 0.671 0.315 0.07 0.329 0.684 0.763 0.608 0.646 0.761 0.706 0.414 -9 -9 -9 -9 -9 -9 -9 -9 -9 -9 -9 -9 -9 -9 0.6 0.437 0.103 -0.295 -0.653 -0.581 -0.598 -0.493 -0.36 -0.409 -0.201 -0.361 -0.72 -0.665 -0.172 -0.301 -0.404
0.616 0.151 0.267 0.717 0.981 1.138 1.239 1.277 1.301 1.354 1.3 1.288 1.351 1.356 1.348 1.35 1.363 1.367 1.342 1.352 1.37 1.398 1.411 1.363 1.3 1.326 1.333 1.329 1.32 1.28 1.26 1.247 1.196 1.096 0.885 0.584 0.295 0.061 0.327 0.713 0.854 0.819 0.806 0.789 0.619 -9 -9 -9 -9 -9 -9 -9 -9 -9 -9 -9 -9 -9 -9 0.176 0.339 0.575 0.29 -0.242 -0.351 -0.095 -0.13 -0.098 -0.076 -0.323 -0.449 -0.527 -0.776 -0.458 -0.259 -0.508 -0.396
0.314 0.182 0.579 0.932 1.089 1.183 1.261 1.273 1.289 1.356 1.346 1.346 1.386 1.386 1.381 1.38 1.391 1.37 1.357 1.375 1.399 1.395 1.381 1.344 1.338 1.334 1.333 1.333 1.316 1.293 1.242 1.212 1.168 0.951 0.756 0.536 0.258 0.171 0.417 0.757 0.89 0.814 0.676 0.639 0.427 -9 -9 -9 -9 -9 -9 -9 -9 -9 -9 -9 -9 -9 -9 -0.003 0.084 0.569 0.463 0.185 0.2 0.124 0.063 -0.04 -0.118 -0.228 -0.44 -0.715 -0.737 -0.371 -0.561 -0.582 -0.31
0.121 0.419 0.838 1.072 1.172 1.223 1.272 1.247 1.277 1.349 1.38 1.392 1.411 1.408 1.393 1.383 1.377 1.38 1.354 1.378 1.406 1.377 1.354 1.342 1.347 1.341 1.339 1.335 1.315 1.279 1.245 1.212 1.164 1.007 0.819 0.546 0.227 0.201 0.553 0.8 0.903 0.713 0.55 0.536 0.269 -9 -9 -9 -9 -9 -9 -9 -9 -9 -9 -9 -9 -9 -9 -0.202 0.003 0.42 0.592 0.537 0.237 -0.115 -0.252 -0.252 -0.344 -0.453 -0.399 -0.681 -0.762 -0.636 -0.759 -0.6 -0.332
0.275 0.653 0.98 1.19 1.238 1.258 1.278 1.253 1.324 1.391 1.403 1.415 1.386 1.378 1.369 1.36 1.353 1.359 1.363 1.393 1.398 1.378 1.362 1.354 1.372 1.36 1.359 1.349 1.316 1.24 1.226 1.232 1.207 1.129 0.981 0.736 0.452 0.384 0.767 0.88 0.831 0.609 0.668 0.495 0.283 -9 -9 -9 -9 -9 -9 -9 -9 -9 -9 -9 -9 -9 -9 -0.137 0.013 0.332 0.498 0.549 0.308 -0.061 0.005 0.074 -0.087 -0.443 -0.565 -0.729 -0.851 -0.741 -0.557 -0.373 -0.172
0.396 0.808 1.116 1.246 1.282 1.278 1.295 1.317 1.389 1.412 1.388 1.372 1.35 1.347 1.334 1.319 1.355 1.373 1.381 1.389 1.376 1.367 1.356 1.357 1.376 1.374 1.31 1.26 1.318 1.265 1.224 1.243 1.236 1.213 1.105 0.938 0.746 0.628 0.958 0.754 0.647 0.689 0.696 0.381 -9 -9 -9 -9 -9 -9 -9 -9 -9 -9 -9 -9 -9 -9 -9 0.01 0.155 0.194 0.332 0.363 0.482 0.251 0.024 -0.132 -0.194 -0.571 -0.657 -0.859 -0.811 -0.605 -0.499 -0.329 0.076
0.368 0.927 1.213 1.283 1.298 1.313 1.317 1.377 1.414 1.377 1.357 1.343 1.332 1.322 1.324 1.335 1.375 1.376 1.362 1.359 1.353 1.349 1.343 1.345 1.332 1.218 1.054 1.099 1.293 1.296 1.266 1.251 1.236 1.234 1.208 1.141 1.021 0.923 1.036 0.78 0.716 0.809 0.658 -9 -9 -9 -9 -9 -9 -9 -9 -9 -9 -9 -9 -9 -9 -9 -0.126 -0.255 -0.185 0.066 0.181 0.074 0.386 0.104 -0.393 -0.648 -0.639 -0.922 -0.936 -0.839 -0.664 -0.485 -0.384 -0.251 0.315
0.318 0.916 1.217 1.286 1.341 1.323 1.345 1.425 1.418 1.363 1.358 1.343 1.336 1.321 1.353 1.367 1.354 1.341 1.318 1.314 1.324 1.332 1.317 1.287 1.036 0.79 0.909 1.158 1.253 1.302 1.289 1.27 1.258 1.242 1.213 1.186 1.155 1.118 1.08 0.836 0.912 0.907 0.632 -9 -9 -9 -9 -9 -9 -9 -9 -9 -9 -9 -9 -9 -9 -9 -0.039 -0.288 -0.109 0.226 0.067 -0.061 0.22 0.308 -0.015 -0.488 -0.725 -0.779 -0.898 -0.651 -0.329 -0.18 -0.025 0.111 0.388
0.191 0.82 1.211 1.289 1.342 1.372 1.41 1.455 1.428 1.396 1.369 1.342 1.33 1.323 1.345 1.342 1.314 1.306 1.291 1.283 1.293 1.276 1.202 1.005 0.521 0.569 0.988 1.149 1.187 1.301 1.316 1.3 1.295 1.283 1.25 1.207 1.135 1.068 1.078 1.005 1.023 0.982 -9 -9 -9 -9 -9 -9 -9 -9 -9 -9 -9 -9 -9 -9 -9 -9 -0.087 0.002 0.225 0.244 0.029 -0.079 -0.022 -0.208 0.206 0.101 -0.083 -0.264 -0.653 -0.515 -0.354 -0.254 -0.142 0.065 -0.078
0.206 0.733 1.265 1.379 1.445 1.44 1.437 1.41 1.383 1.383 1.356 1.336 1.31 1.311 1.312 1.307 1.28 1.267 1.257 1.25 1.234 1.169 0.921 0.425 0.335 0.73 1.069 1.062 1.141 1.246 1.293 1.293 1.296 1.304 1.302 1.253 1.113 1.004 1.032 1.097 1.087 -9 -9 -9 -9 -9 -9 -9 -9 -9 -9 -9 -9 -9 -9 -9 -9 -9 0.113 0.293 0.258 0.08 -0.041 -0.202 -0.16 -0.505 -0.188 0.133 0.05 -0.072 -0.403 -0.601 -0.403 -0.26 -0.315 -0.638 -0.477
0.72 0.9 1.354 1.454 1.457 1.448 1.418 1.361 1.332 1.34 1.31 1.285 1.284 1.26 1.253 1.267 1.243 1.237 1.226 1.189 1.143 1.049 0.66 0.252 0.528 0.944 1.028 0.961 1.081 1.188 1.259 1.278 1.287 1.307 1.327 1.299 1.15 0.986 0.967 1.052 -9 -9 -9 -9 -9 -9 -9 -9 -9 -9 -9 -9 -9 -9 -9 -9 -9 -9 -9 0.239 0.109 -0.117 -0.104 -0.28 -0.257 -0.522 -0.443 -0.159 -0.26 -0.171 -0.573 -0.978 -0.971 -0.929 -1.154 -1.136 -0.929
1.106 1.233 1.356 1.374 1.361 1.337 1.344 1.32 1.313 1.298 1.282 1.281 1.265 1.218 1.222 1.22 1.214 1.191 1.148 1.073 1.012 0.84 0.429 0.392 0.722 1 0.918 0.921 1.05 1.164 1.218 1.248 1.281 1.296 1.322 1.328 1.239 1.021 -9 -9 -9 -9 -9 -9 -9 -9 -9 -9 -9 -9 -9 -9 -9 -9 -9 -9 -9 -9 -9 0.009 0.012 -0.127 -0.219 -0.183 -0.321 -0.481 -0.204 -0.285 -0.3 -0.55 -0.784 -0.963 -1.307 -1.229 -1.382 -1.245 -0.978
1.266 1.142 1.106 1.29 1.315 1.301 1.307 1.292 1.293 1.273 1.254 1.241 1.203 1.208 1.192 1.179 1.17 1.14 1.049 0.915 0.795 0.506 0.211 0.468 0.753 0.954 0.836 0.905 1.016 1.079 1.169 1.215 1.257 1.277 1.307 1.332 1.308 -9 -9 -9 -9 -9 -9 -9 -9 -9 -9 -9 -9 -9 -9 -9 -9 -9 -9 -9 -9 -9 -9 0.051 -0.064 -0.153 -0.103 0.149 -0.132 -0.302 0.097 0.113 -0.121 -0.367 -0.672 -1.049 -1.253 -0.985 -0.962 -0.885 -0.759
1.275 1.263 0.895 1.162 1.252 1.25 1.241 1.229 1.224 1.209 1.173 1.168 1.144 1.157 1.157 1.128 1.106 1.067 0.981 0.8 0.528 0.178 0.251 0.615 0.817 0.832 0.791 0.927 0.891 0.934 1.101 1.186 1.234 1.27 1.283 -9 -9 -9 -9 -9 -9 -9 -9 -9 -9 -9 -9 -9 -9 -9 -9 -9 -9 -9 -9 -9 -9 -9 -9 0.506 0.284 0.11 0.193 0.32 0.133 0.014 0.25 0.42 -0.038 -0.286 -0.634 -1.05 -1.334 -1.136 -0.587 -0.196 -0.107
1.334 1.364 0.895 0.993 1.129 1.148 1.129 1.136 1.101 1.077 1.065 1.078 1.069 1.068 1.045 1.027 1.053 1.025 0.902 0.623 0.188 0.214 0.519 0.736 0.786 0.676 0.77 0.898 0.781 0.835 1.012 1.155 1.221 1.265 -9 -9 -9 -9 -9 -9 -9 -9 -9 -9 -9 -9 -9 -9 -9 -9 -9 -9 -9 -9 -9 -9 -9 -9 -9 -9 0.828 0.67 0.603 0.574 0.511 0.366 0.366 0.588 -0.066 -0.509 -0.924 -1.072 -1.109 -0.998 -0.282 0.221 -0.328
1.337 1.298 0.985 0.795 0.951 1.068 1.079 1.067 1 0.978 0.986 0.979 0.955 0.924 0.867 0.875 0.992 0.947 0.651 0.251 0.207 0.443 0.728 0.817 0.745 0.675 0.787 0.805 0.719 0.766 0.906 1.101 1.181 -9 -9 -9 -9 -9 -9 -9 -9 -9 -9 -9 -9 -9 -9 -9 -9 -9 -9 -9 -9 -9 -9 -9 -9 -9 -9 -9 0.953 0.949 0.907 0.855 0.79 0.691 0.634 0.438 -0.35 -0.732 -1.026 -0.808 -0.666 -0.677 0.065 0.15 -0.858
1.293 1.222 1.056 0.799 0.77 1.013 1.138 1.13 1.067 1.033 0.999 0.954 0.93 0.916 0.842 0.82 0.85 0.792 0.409 0.213 0.479 0.722 0.859 0.82 0.691 0.679 0.726 0.73 0.672 0.671 0.807 1.01 -9 -9 -9 -9 -9 -9 -9 -9 -9 -9 -9 -9 -9 -9 -9 -9 -9 -9 -9 -9 -9 -9 -9 -9 -9 -9 -9 -9 -9 0.845 0.917 0.941 0.92 0.906 0.868 0.455 -0.039 -0.433 -0.752 -0.313 -0.241 -0.129 0.442 0.161 -0.759
1.245 1.233 1.125 0.96 0.697 0.892 1.147 1.198 1.154 1.103 0.995 1.055 1.066 1.085 0.975 0.9 0.77 0.534 0.318 0.409 0.685 0.833 0.879 0.742 0.652 0.648 0.684 0.659 0.655 0.679 0.741 -9 -9 -9 -9 -9 -9 -9 -9 -9 -9 -9 -9 -9 -9 -9 -9 -9 -9 -9 -9 -9 -9 -9 -9 -9 -9 -9 -9 -9 -9 -9 0.715 0.722 0.776 0.79 0.891 0.751 0.213 -0.258 -0.117 0.242 0.43 0.406 0.501 0.271 -0.56
1.265 1.305 1.21 1.09 0.842 0.725 1.107 1.23 1.217 1.116 1.066 1.17 1.198 1.175 1.068 1.01 0.791 0.486 0.448 0.622 0.819 0.916 0.887 0.745 0.656 0.663 0.679 0.705 0.737 -9 -9 -9 -9 -9 -9 -9 -9 -9 -9 -9 -9 -9 -9 -9 -9 -9 -9 -9 -9 -9 -9 -9 -9 -9 -9 -9 -9 -9 -9 -9 -9 -9 0.417 0.278 0.319 0.411 0.745 0.834 0.386 0.158 0.535 0.588 0.361 0 0.121 -0.12 -0.96
1.363 1.405 1.281 1.171 1.031 0.867 1.074 1.257 1.255 1.131 1.164 1.257 1.272 1.205 1.166 1.107 0.912 0.693 0.645 0.786 0.911 0.973 0.89 0.806 0.713 0.713 0.752 0.781 -9 -9 -9 -9 -9 -9 -9 -9 -9 -9 -9 -9 -9 -9 -9 -9 -9 -9 -9 -9 -9 -9 -9 -9 -9 -9 -9 -9 -9 -9 -9 -9 -9 -9 -9 -0.126 0.002 0.275 0.356 0.669 0.707 0.702 0.55 0.179 -0.142 -0.497 -0.732 -0.848 -1.34
1.423 1.422 1.271 1.218 1.161 1.099 1.156 1.288 1.245 1.169 1.191 1.329 1.336 1.292 1.252 1.17 1.013 0.856 0.796 0.828 0.947 0.974 0.897 0.819 0.764 0.773 -9 -9 -9 -9 -9 -9 -9 -9 -9 -9 -9 -9 -9 -9 -9 -9 -9 -9 -9 -9 -9 -9 -9 -9 -9 -9 -9 -9 -9 -9 -9 -9 -9 -9 -9 -9 -9 -9 -0.033 0.063 -0.21 0.037 0.661 0.674 0.275 -0.194 -0.642 -1.072 -1.478 -1.491 -1.542
-9 1.46 1.351 1.259 1.265 1.263 1.305 1.271 1.216 1.251 1.296 1.356 1.269 1.241 1.284 -9 1.083 0.904 0.832 0.834 0.954 1.008 -9 -9 -9 -9 -9 -9 -9 -9 -9 -9 -9 -9 -9 -9 -9 -9 -9 -9 -9 -9 -9 -9 -9 -9 -9 -9 -9 -9 -9 -9 -9 -9 -9 -9 -9 -9 -9 -9 -9 -9 -9 -9 -9 -0.368 -0.285 0.056 0.468 0.604 0.041 -0.581 -1.048 -1.057 -1.326 -1.602 -1.311
-9 -9 -9 -9 -9 1.425 1.219 1.23 1.309 1.376 -9 -9 -9 -9 -9 -9 -9 -9 -9 -9 -9 -9 -9 -9 -9 -9 -9 -9 -9 -9 -9 -9 -9 -9 -9 -9 -9 -9 -9 -9 -9 -9 -9 -9 -9 -9 -9 -9 -9 -9 -9 -9 -9 -9 -9 -9 -9 -9 -9 -9 -9 -9 -9 -9 -9 -9 -0.329 -0.333 0.065 0.465 0.054 -0.401 -0.353 -0.432 -1.276 -1.754 -1.248
