data/climatemaps/RS_maps/climate_winter_pr_2003.asc
NCOLS 369 
NROWS 228 
XLLCORNER 479000 
YLLCORNER 73000 
CELLSIZE 1000 
NODATA_value -9 
[rows 102 to 135 of 228, columns 0 to 75 of 369]
-9 -9 -9 -9 -9 -9 -9 -9 -9 -9 -9 -9 -9 -9 -9 -9 -9 -9 -9 -9 -9 -9 -9 -9 -9 -9 -9 -9 -9 -9 -9 -9 0.78 0.786 0.795 0.774 0.726 0.677 0.648 0.659 0.715 0.798 0.875 0.934 0.969 0.994 1.004 0.997 0.977 0.94 0.891 0.829 0.763 0.702 0.648 0.597 0.542 0.478 0.395 0.309 0.232 0.161 0.122 0.123 0.167 0.232 0.29 0.336 0.351 0.318 0.224 0.082 -0.069 -0.208 -0.306 -0.377
-9 -9 -9 -9 -9 -9 -9 -9 -9 -9 -9 -9 -9 -9 -9 -9 -9 -9 -9 -9 -9 -9 -9 -9 -9 -9 -9 -9 -9 -9 -9 -9 0.788 0.775 0.757 0.716 0.662 0.611 0.589 0.612 0.678 0.766 0.864 0.945 0.998 1.018 1.016 0.992 0.952 0.892 0.821 0.743 0.666 0.593 0.526 0.463 0.394 0.315 0.23 0.156 0.117 0.108 0.127 0.183 0.253 0.332 0.398 0.426 0.393 0.302 0.17 0.021 -0.123 -0.247 -0.334 -0.395
-9 -9 -9 -9 -9 -9 -9 -9 -9 -9 -9 -9 -9 -9 -9 -9 -9 -9 -9 -9 -9 -9 -9 -9 -9 -9 -9 -9 -9 -9 -9 -9 0.771 0.739 0.699 0.648 0.593 0.544 0.531 0.564 0.638 0.744 0.86 0.956 1.01 1.023 1.009 0.97 0.908 0.828 0.746 0.656 0.563 0.472 0.39 0.322 0.238 0.156 0.1 0.081 0.096 0.138 0.196 0.276 0.364 0.443 0.486 0.469 0.373 0.235 0.082 -0.067 -0.197 -0.298 -0.367 -0.411
-9 -9 -9 -9 -9 -9 -9 -9 -9 -9 -9 -9 -9 -9 -9 -9 -9 -9 -9 -9 -9 -9 -9 -9 -9 -9 -9 -9 -9 -9 -9 -9 0.738 0.692 0.64 0.585 0.53 0.49 0.483 0.526 0.616 0.733 0.856 0.948 0.995 1.003 0.979 0.932 0.871 0.791 0.702 0.601 0.496 0.386 0.288 0.216 0.134 0.08 0.065 0.092 0.139 0.208 0.295 0.389 0.473 0.531 0.528 0.453 0.314 0.148 -0.021 -0.164 -0.274 -0.346 -0.395 -0.427
-9 -9 -9 -9 -9 -9 -9 -9 -9 -9 -9 -9 -9 -9 -9 -9 -9 -9 -9 -9 -9 -9 -9 -9 -9 -9 -9 -9 -9 -9 -9 -9 -9 0.652 0.596 0.539 0.489 0.462 0.463 0.511 0.612 0.73 0.842 0.922 0.963 0.963 0.95 0.913 0.859 0.785 0.692 0.587 0.479 0.369 0.262 0.189 0.141 0.114 0.124 0.168 0.233 0.321 0.415 0.494 0.55 0.567 0.511 0.396 0.228 0.045 -0.123 -0.253 -0.339 -0.389 -0.422 -0.443
-9 -9 -9 -9 -9 -9 -9 -9 -9 -9 -9 -9 -9 -9 -9 -9 -9 -9 -9 -9 -9 -9 -9 -9 -9 -9 -9 -9 -9 -9 -9 -9 -9 0.638 0.582 0.526 0.484 0.463 0.468 0.518 0.617 0.725 0.825 0.895 0.93 0.941 0.933 0.896 0.842 0.769 0.684 0.589 0.488 0.394 0.323 0.27 0.234 0.218 0.234 0.282 0.354 0.437 0.513 0.564 0.581 0.549 0.453 0.31 0.128 -0.058 -0.215 -0.325 -0.39 -0.425 -0.446 -0.46
-9 -9 -9 -9 -9 -9 -9 -9 -9 -9 -9 -9 -9 -9 -9 -9 -9 -9 -9 -9 -9 -9 -9 -9 -9 -9 -9 -9 -9 -9 -9 -9 -9 0.662 0.606 0.553 0.512 0.487 0.49 0.527 0.619 0.717 0.807 0.877 0.92 0.931 0.911 0.864 0.804 0.735 0.664 0.591 0.54 0.49 0.449 0.407 0.371 0.351 0.361 0.4 0.457 0.517 0.564 0.584 0.566 0.497 0.372 0.213 0.029 -0.149 -0.287 -0.378 -0.43 -0.455 -0.468 -0.477
-9 -9 -9 -9 -9 -9 -9 -9 -9 -9 -9 -9 -9 -9 -9 -9 -9 -9 -9 -9 -9 -9 -9 -9 -9 -9 -9 -9 -9 -9 -9 -9 -9 0.707 0.652 0.597 0.55 0.52 0.518 0.54 0.616 0.713 0.808 0.881 0.919 0.918 0.885 0.826 0.757 0.691 0.633 0.613 0.612 0.607 0.588 0.554 0.513 0.481 0.47 0.485 0.513 0.541 0.556 0.545 0.498 0.404 0.267 0.109 -0.066 -0.225 -0.342 -0.417 -0.459 -0.477 -0.486 -0.492
-9 -9 -9 -9 -9 -9 -9 -9 -9 -9 -9 -9 -9 -9 -9 -9 -9 -9 -9 -9 -9 -9 -9 -9 -9 -9 -9 -9 -9 -9 -9 -9 -9 0.743 0.685 0.625 0.575 0.543 0.54 0.566 0.645 0.733 0.821 0.887 0.917 0.904 0.859 0.787 0.711 0.651 0.623 0.639 0.672 0.702 0.698 0.662 0.605 0.551 0.514 0.498 0.494 0.488 0.473 0.435 0.367 0.267 0.136 -0.008 -0.161 -0.292 -0.387 -0.448 -0.48 -0.493 -0.5 -0.505
-9 -9 -9 -9 -9 -9 -9 -9 -9 -9 -9 -9 -9 -9 -9 -9 -9 -9 -9 -9 -9 -9 -9 -9 -9 -9 -9 -9 -9 -9 -9 -9 -9 0.752 0.686 0.622 0.57 0.547 0.567 0.606 0.678 0.761 0.839 0.894 0.914 0.889 0.831 0.75 0.673 0.623 0.617 0.656 0.71 0.747 0.737 0.681 0.6 0.519 0.454 0.412 0.383 0.357 0.325 0.271 0.193 0.098 -0.015 -0.135 -0.253 -0.354 -0.428 -0.474 -0.497 -0.505 -0.509 -0.513
-9 -9 -9 -9 -9 -9 -9 -9 -9 -9 -9 -9 -9 -9 -9 -9 -9 -9 -9 -9 -9 -9 -9 -9 -9 -9 -9 -9 -9 -9 -9 -9 0.793 0.729 0.66 0.6 0.549 0.553 0.586 0.639 0.713 0.792 0.861 0.905 0.912 0.874 0.806 0.72 0.646 0.607 0.614 0.658 0.706 0.728 0.694 0.611 0.503 0.397 0.311 0.251 0.21 0.176 0.135 0.081 0.013 -0.067 -0.158 -0.251 -0.339 -0.413 -0.466 -0.497 -0.51 -0.512 -0.512 -0.512
-9 -9 -9 -9 -9 -9 -9 -9 -9 -9 -9 -9 -9 -9 -9 -9 -9 -9 -9 -9 -9 -9 -9 -9 -9 -9 -9 -9 -9 -9 -9 -9 0.741 0.673 0.608 0.556 0.528 0.557 0.606 0.673 0.752 0.827 0.887 0.917 0.911 0.862 0.788 0.703 0.634 0.598 0.598 0.625 0.645 0.633 0.569 0.464 0.341 0.219 0.123 0.06 0.016 -0.02 -0.056 -0.098 -0.15 -0.212 -0.281 -0.351 -0.414 -0.465 -0.497 -0.513 -0.514 -0.505 -0.497 -0.5
-9 -9 -9 -9 -9 -9 -9 -9 -9 -9 -9 -9 -9 -9 -9 -9 -9 -9 -9 -9 -9 -9 -9 -9 -9 -9 -9 -9 -9 -9 -9 -9 0.656 0.59 0.534 0.495 0.514 0.564 0.629 0.706 0.787 0.858 0.909 0.928 0.911 0.856 0.782 0.704 0.637 0.592 0.566 0.551 0.523 0.472 0.384 0.265 0.142 0.035 -0.048 -0.104 -0.144 -0.175 -0.205 -0.239 -0.28 -0.326 -0.379 -0.429 -0.473 -0.504 -0.519 -0.518 -0.499 -0.469 -0.464 -0.481
-9 -9 -9 -9 -9 -9 -9 -9 -9 -9 -9 -9 -9 -9 -9 -9 -9 -9 -9 -9 -9 -9 -9 -9 -9 -9 -9 -9 -9 -9 -9 0.637 0.56 0.498 0.45 0.45 0.503 0.569 0.646 0.729 0.807 0.873 0.917 0.929 0.909 0.857 0.79 0.72 0.652 0.588 0.521 0.449 0.369 0.279 0.171 0.058 -0.041 -0.123 -0.187 -0.231 -0.264 -0.29 -0.315 -0.343 -0.375 -0.41 -0.448 -0.484 -0.512 -0.525 -0.523 -0.502 -0.457 -0.438 -0.438 -0.451
-9 -9 -9 -9 -9 -9 -9 -9 -9 -9 -9 -9 -9 -9 -9 -9 -9 -9 -9 -9 -9 -9 -9 -9 -9 -9 -9 -9 -9 0.751 0.649 0.552 0.472 0.409 0.385 0.423 0.49 0.568 0.649 0.729 0.801 0.861 0.901 0.915 0.902 0.863 0.811 0.749 0.675 0.581 0.464 0.335 0.211 0.09 -0.02 -0.113 -0.188 -0.248 -0.294 -0.326 -0.352 -0.374 -0.393 -0.413 -0.436 -0.462 -0.49 -0.514 -0.528 -0.527 -0.503 -0.457 -0.415 -0.403 -0.406 -0.43
-9 -9 -9 -9 -9 -9 -9 -9 -9 -9 -9 -9 -9 -9 -9 -9 -9 -9 -9 -9 -9 -9 -9 -9 -9 -9 -9 -9 0.821 0.73 0.609 0.484 0.392 0.342 0.35 0.398 0.475 0.558 0.636 0.705 0.765 0.816 0.857 0.879 0.884 0.867 0.834 0.78 0.694 0.566 0.401 0.224 0.065 -0.065 -0.161 -0.237 -0.295 -0.337 -0.369 -0.393 -0.413 -0.429 -0.441 -0.452 -0.465 -0.483 -0.505 -0.521 -0.522 -0.5 -0.449 -0.4 -0.37 -0.362 -0.375 -0.397
-9 -9 -9 -9 -9 -9 -9 -9 -9 -9 -9 -9 -9 -9 -9 -9 -9 -9 -9 -9 -9 -9 -9 -9 -9 -9 0.948 0.904 0.827 0.712 0.573 0.436 0.333 0.302 0.319 0.374 0.455 0.537 0.606 0.661 0.703 0.743 0.783 0.819 0.846 0.857 0.845 0.793 0.691 0.53 0.326 0.116 -0.057 -0.18 -0.262 -0.322 -0.365 -0.395 -0.419 -0.438 -0.453 -0.463 -0.466 -0.464 -0.469 -0.481 -0.5 -0.507 -0.491 -0.445 -0.386 -0.344 -0.319 -0.318 -0.348 -0.359
-9 -9 -9 -9 -9 -9 -9 -9 -9 -9 -9 -9 -9 -9 -9 -9 -9 -9 -9 -9 -9 -9 -9 -9 -9 1.003 0.981 0.925 0.827 0.691 0.539 0.395 0.297 0.274 0.292 0.348 0.427 0.504 0.564 0.601 0.622 0.646 0.682 0.731 0.785 0.822 0.822 0.765 0.644 0.457 0.227 0.009 -0.156 -0.264 -0.333 -0.378 -0.406 -0.431 -0.453 -0.468 -0.478 -0.481 -0.471 -0.457 -0.46 -0.472 -0.482 -0.475 -0.442 -0.386 -0.329 -0.287 -0.267 -0.291 -0.316 -0.335
-9 -9 -9 -9 -9 -9 -9 -9 -9 -9 -9 -9 -9 -9 -9 -9 -9 -9 -9 -9 -9 -9 -9 1.013 1.032 1.035 1.007 0.935 0.819 0.669 0.502 0.36 0.282 0.26 0.275 0.328 0.4 0.473 0.523 0.54 0.535 0.537 0.564 0.623 0.693 0.745 0.75 0.687 0.55 0.343 0.115 -0.088 -0.235 -0.327 -0.382 -0.416 -0.436 -0.457 -0.476 -0.488 -0.493 -0.486 -0.464 -0.447 -0.45 -0.455 -0.456 -0.433 -0.392 -0.332 -0.273 -0.233 -0.233 -0.269 -0.295 -0.331
-9 -9 -9 -9 -9 -9 -9 -9 -9 -9 -9 -9 -9 -9 -9 -9 -9 -9 -9 -9 -9 -9 1.017 1.039 1.058 1.056 1.017 0.931 0.805 0.64 0.477 0.36 0.293 0.263 0.277 0.322 0.392 0.46 0.498 0.493 0.46 0.436 0.442 0.493 0.565 0.626 0.634 0.562 0.412 0.204 -0.001 -0.176 -0.299 -0.374 -0.418 -0.445 -0.462 -0.477 -0.49 -0.497 -0.496 -0.481 -0.457 -0.441 -0.431 -0.433 -0.431 -0.393 -0.341 -0.274 -0.219 -0.192 -0.209 -0.249 -0.291 -0.356
-9 -9 -9 -9 -9 -9 -9 -9 -9 -9 -9 -9 -9 -9 -9 -9 -9 -9 -9 -9 -9 1.03 1.045 1.065 1.076 1.063 1.012 0.917 0.786 0.636 0.489 0.381 0.313 0.289 0.298 0.35 0.416 0.476 0.504 0.478 0.409 0.351 0.325 0.358 0.417 0.468 0.47 0.394 0.242 0.06 -0.112 -0.254 -0.351 -0.411 -0.446 -0.468 -0.482 -0.489 -0.493 -0.492 -0.485 -0.466 -0.444 -0.426 -0.422 -0.43 -0.41 -0.361 -0.293 -0.225 -0.176 -0.165 -0.194 -0.249 -0.314 -0.394
-9 -9 -9 -9 -9 -9 -9 -9 -9 -9 -9 -9 -9 -9 -9 -9 -9 -9 -9 -9 1.064 1.063 1.074 1.086 1.084 1.055 0.991 0.891 0.764 0.626 0.502 0.411 0.357 0.338 0.355 0.4 0.462 0.516 0.532 0.48 0.38 0.286 0.231 0.235 0.268 0.296 0.282 0.201 0.072 -0.073 -0.21 -0.319 -0.393 -0.441 -0.47 -0.487 -0.494 -0.492 -0.483 -0.474 -0.461 -0.44 -0.417 -0.407 -0.422 -0.428 -0.388 -0.33 -0.253 -0.187 -0.148 -0.147 -0.185 -0.257 -0.341 -0.4
-9 -9 -9 -9 -9 -9 -9 -9 -9 -9 -9 -9 -9 -9 -9 -9 -9 -9 -9 1.119 1.105 1.1 1.103 1.1 1.079 1.031 0.955 0.854 0.736 0.621 0.527 0.463 0.427 0.415 0.427 0.464 0.516 0.557 0.556 0.481 0.35 0.239 0.158 0.135 0.139 0.134 0.103 0.034 -0.069 -0.181 -0.284 -0.366 -0.425 -0.464 -0.491 -0.502 -0.496 -0.482 -0.462 -0.446 -0.425 -0.397 -0.378 -0.383 -0.411 -0.415 -0.369 -0.305 -0.224 -0.16 -0.125 -0.13 -0.185 -0.269 -0.349 -0.416
-9 -9 -9 -9 -9 -9 -9 -9 -9 -9 -9 -9 -9 -9 -9 -9 -9 -9 1.183 1.163 1.147 1.136 1.125 1.104 1.063 0.997 0.91 0.81 0.711 0.632 0.577 0.537 0.516 0.508 0.514 0.536 0.569 0.587 0.563 0.47 0.318 0.19 0.099 0.057 0.043 0.023 -0.017 -0.081 -0.163 -0.251 -0.331 -0.396 -0.446 -0.482 -0.506 -0.511 -0.492 -0.466 -0.435 -0.411 -0.375 -0.343 -0.333 -0.353 -0.39 -0.396 -0.355 -0.283 -0.197 -0.135 -0.104 -0.132 -0.191 -0.271 -0.37 -0.454
-9 -9 -9 -9 -9 -9 -9 -9 -9 -9 -9 -9 -9 -9 -9 -9 -9 1.236 1.222 1.201 1.181 1.163 1.139 1.102 1.043 0.96 0.867 0.783 0.714 0.669 0.64 0.623 0.614 0.604 0.597 0.601 0.611 0.605 0.559 0.449 0.293 0.162 0.069 0.023 -0.002 -0.033 -0.082 -0.147 -0.218 -0.292 -0.355 -0.412 -0.461 -0.497 -0.519 -0.518 -0.492 -0.452 -0.41 -0.371 -0.324 -0.291 -0.288 -0.321 -0.365 -0.376 -0.338 -0.265 -0.187 -0.122 -0.102 -0.14 -0.195 -0.3 -0.408 -0.499
-9 -9 -9 -9 -9 -9 -9 -9 -9 -9 -9 -9 -9 -9 -9 -9 1.259 1.262 1.249 1.228 1.203 1.176 1.142 1.094 1.027 0.937 0.857 0.793 0.749 0.726 0.717 0.711 0.702 0.684 0.661 0.645 0.633 0.608 0.546 0.431 0.293 0.172 0.08 0.02 -0.023 -0.065 -0.118 -0.183 -0.248 -0.312 -0.366 -0.421 -0.472 -0.508 -0.528 -0.524 -0.492 -0.439 -0.386 -0.333 -0.277 -0.246 -0.25 -0.293 -0.338 -0.355 -0.319 -0.254 -0.181 -0.125 -0.113 -0.142 -0.221 -0.342 -0.455 -0.55
-9 -9 -9 -9 -9 -9 -9 -9 -9 -9 -9 -9 -9 -9 -9 1.237 1.267 1.275 1.263 1.239 1.209 1.176 1.137 1.088 1.024 0.947 0.879 0.831 0.806 0.801 0.8 0.792 0.771 0.737 0.696 0.661 0.633 0.592 0.529 0.43 0.312 0.197 0.102 0.033 -0.022 -0.078 -0.137 -0.202 -0.264 -0.323 -0.375 -0.431 -0.482 -0.517 -0.534 -0.523 -0.484 -0.422 -0.361 -0.297 -0.239 -0.211 -0.224 -0.272 -0.31 -0.33 -0.295 -0.235 -0.17 -0.123 -0.117 -0.163 -0.264 -0.372 -0.486 -0.563
-9 -9 -9 -9 -9 -9 -9 -9 -9 -9 -9 -9 -9 1.096 1.165 1.22 1.254 1.267 1.257 1.234 1.204 1.172 1.135 1.089 1.034 0.973 0.919 0.888 0.879 0.88 0.876 0.856 0.815 0.761 0.703 0.652 0.614 0.571 0.517 0.429 0.324 0.222 0.131 0.055 -0.015 -0.082 -0.147 -0.211 -0.272 -0.33 -0.385 -0.441 -0.491 -0.524 -0.536 -0.517 -0.468 -0.401 -0.334 -0.264 -0.212 -0.188 -0.211 -0.253 -0.284 -0.301 -0.267 -0.21 -0.152 -0.125 -0.135 -0.197 -0.301 -0.398 -0.505 -0.549
-9 -9 -9 -9 -9 -9 -9 -9 -9 -9 -9 -9 0.979 1.052 1.121 1.178 1.216 1.233 1.231 1.216 1.195 1.169 1.138 1.102 1.058 1.013 0.972 0.952 0.948 0.946 0.931 0.893 0.832 0.758 0.686 0.628 0.585 0.544 0.494 0.419 0.33 0.238 0.152 0.069 -0.01 -0.084 -0.153 -0.219 -0.279 -0.338 -0.395 -0.45 -0.497 -0.527 -0.532 -0.505 -0.45 -0.377 -0.309 -0.238 -0.193 -0.179 -0.203 -0.234 -0.26 -0.271 -0.241 -0.19 -0.14 -0.134 -0.163 -0.244 -0.342 -0.443 -0.508 -0.509
-9 -9 -9 -9 -9 -9 -9 -9 -9 -9 -9 0.873 0.932 1.001 1.067 1.122 1.161 1.183 1.193 1.191 1.183 1.17 1.151 1.126 1.096 1.061 1.03 1.013 1.005 0.992 0.959 0.902 0.822 0.735 0.657 0.595 0.559 0.52 0.473 0.405 0.325 0.242 0.156 0.069 -0.015 -0.093 -0.163 -0.229 -0.289 -0.346 -0.403 -0.456 -0.5 -0.525 -0.518 -0.486 -0.427 -0.353 -0.285 -0.221 -0.184 -0.179 -0.193 -0.216 -0.238 -0.237 -0.214 -0.176 -0.141 -0.147 -0.195 -0.298 -0.402 -0.47 -0.479 -0.464
-9 -9 -9 -9 -9 -9 -9 -9 -9 -9 0.82 0.848 0.899 0.957 1.015 1.067 1.102 1.133 1.159 1.172 1.177 1.177 1.17 1.156 1.137 1.111 1.084 1.063 1.042 1.01 0.957 0.881 0.789 0.7 0.62 0.569 0.552 0.515 0.463 0.393 0.314 0.231 0.144 0.055 -0.029 -0.107 -0.179 -0.243 -0.299 -0.355 -0.409 -0.457 -0.499 -0.517 -0.499 -0.462 -0.402 -0.33 -0.264 -0.21 -0.183 -0.178 -0.183 -0.199 -0.214 -0.204 -0.186 -0.163 -0.147 -0.168 -0.245 -0.359 -0.43 -0.458 -0.457 -0.434
-9 -9 -9 -9 -9 -9 -9 -9 -9 -9 0.839 0.849 0.886 0.929 0.976 1.02 1.062 1.103 1.136 1.163 1.179 1.187 1.188 1.183 1.172 1.152 1.126 1.093 1.054 0.999 0.924 0.832 0.737 0.649 0.597 0.587 0.578 0.54 0.475 0.39 0.298 0.207 0.117 0.03 -0.053 -0.129 -0.198 -0.257 -0.309 -0.362 -0.412 -0.456 -0.495 -0.505 -0.476 -0.435 -0.375 -0.309 -0.251 -0.206 -0.184 -0.175 -0.171 -0.182 -0.184 -0.168 -0.154 -0.143 -0.153 -0.198 -0.285 -0.387 -0.433 -0.452 -0.455 -0.417
-9 -9 -9 -9 -9 -9 -9 -9 -9 0.89 0.871 0.876 0.894 0.922 0.958 0.999 1.042 1.084 1.125 1.159 1.181 1.195 1.201 1.203 1.197 1.179 1.147 1.101 1.04 0.961 0.866 0.766 0.67 0.617 0.622 0.637 0.637 0.592 0.506 0.393 0.279 0.174 0.081 -0.003 -0.083 -0.154 -0.214 -0.267 -0.312 -0.36 -0.41 -0.456 -0.49 -0.486 -0.451 -0.405 -0.346 -0.288 -0.239 -0.204 -0.182 -0.165 -0.155 -0.155 -0.147 -0.129 -0.115 -0.116 -0.153 -0.213 -0.304 -0.397 -0.453 -0.472 -0.464 -0.412
-9 -9 -9 -9 -9 -9 -9 -9 0.955 0.913 0.899 0.909 0.926 0.943 0.975 1.006 1.041 1.081 1.119 1.152 1.174 1.192 1.203 1.21 1.208 1.187 1.145 1.083 1.001 0.903 0.795 0.69 0.633 0.639 0.669 0.711 0.722 0.663 0.545 0.399 0.257 0.141 0.044 -0.039 -0.111 -0.171 -0.223 -0.272 -0.306 -0.347 -0.398 -0.45 -0.479 -0.464 -0.427 -0.373 -0.315 -0.264 -0.224 -0.194 -0.169 -0.145 -0.132 -0.119 -0.105 -0.081 -0.067 -0.08 -0.132 -0.208 -0.294 -0.383 -0.458 -0.492 -0.473 -0.415
