data/climatemaps/RS_maps/climate_postbreed_tmp_2009.asc
NCOLS 369 
NROWS 228 
XLLCORNER 479000 
YLLCORNER 73000 
CELLSIZE 1000 
NODATA_value -9 
[rows 136 to 169 of 228, columns 231 to 307 of 369]
-1.627 -1.732 -1.956 -1.948 -1.592 -1.675 -1.675 -1.66 -1.477 -1.127 -1.168 -1.41 -1.148 -1.037 -1.091 -0.565 -0.502 -1.083 -1.617 -1.616 -1.191 -0.786 -0.233 0.142 -0.326 -0.88 -1.319 -1.446 -1.176 -0.784 -0.41 -0.657 -1.5 -1.544 -1.228 -1.055 -0.868 -0.708 -0.636 -0.402 -0.11 0.354 0.686 0.404 -0.374 -1.033 -1.129 -1.243 -1.256 -0.999 -0.758 -0.357 0.04 0.315 0.503 0.123 -0.425 -0.735 -1.297 -1.459 -1.455 -1.406 -1.195 -1.629 -1.341 -1.123 -0.675 -0.115 -0.609 -0.819 -0.977 -1.212 -1.384 -1.299 -1.396 -1.797 -1.69
-1.939 -2.013 -2.033 -1.597 -1.229 -1.362 -1.337 -1.303 -1.188 -1.148 -1.329 -1.539 -1.183 -0.946 -0.782 -0.462 -0.812 -1.564 -1.678 -1.284 -0.895 -0.431 0.025 0.03 -0.526 -0.926 -0.968 -1.225 -1.165 -0.823 -0.485 -0.549 -1.252 -1.494 -1.276 -1.093 -0.981 -0.814 -0.782 -0.653 -0.269 0.43 0.676 0.204 -0.442 -0.831 -1.161 -1.536 -1.225 -0.823 -0.513 -0.307 -0.082 0.158 0.444 0.305 -0.106 -0.66 -1.057 -1.092 -1.319 -1.433 -1.396 -1.774 -1.544 -1.317 -0.837 -0.285 -0.718 -1.015 -1.167 -1.321 -1.542 -1.677 -1.607 -1.58 -1.407
-1.766 -1.866 -1.832 -1.328 -0.873 -1.329 -1.553 -1.531 -1.316 -1.121 -1.533 -1.673 -1.687 -1.172 -0.649 -0.711 -1.201 -1.627 -1.392 -1.051 -0.612 -0.253 -0.188 -0.3 -0.429 -1.005 -1.034 -1.33 -1.204 -0.926 -0.616 -0.565 -1.205 -1.495 -1.355 -1.247 -1.146 -1.104 -1.004 -0.713 -0.26 0.409 0.606 -0.017 -0.724 -0.931 -1.034 -1.434 -1.14 -0.685 -0.7 -0.593 -0.312 0.034 0.352 0.424 0.115 -0.485 -0.672 -0.681 -1.125 -1.156 -1.256 -1.627 -1.519 -1.145 -0.852 -0.454 -0.457 -0.633 -0.934 -1.257 -1.548 -1.476 -1.266 -1.111 -1.025
-1.19 -1.35 -1.576 -1.388 -0.709 -1.064 -1.42 -1.206 -0.996 -1.038 -1.191 -1.536 -1.727 -1.339 -1.097 -1.044 -1.529 -1.625 -1.27 -0.803 -0.457 -0.47 -0.725 -0.689 -0.346 -0.837 -1.264 -1.382 -1.173 -0.885 -0.79 -1.006 -1.445 -1.553 -1.266 -1.068 -0.924 -0.935 -0.801 -0.673 -0.366 0.25 0.36 -0.242 -0.927 -1.233 -1.231 -1.34 -1.096 -0.915 -1.049 -0.845 -0.463 -0.02 0.127 0.244 0.365 -0.089 -0.297 -0.342 -0.643 -0.803 -1.07 -1.642 -1.526 -1.169 -0.96 -0.718 -0.812 -0.654 -0.729 -0.863 -1.096 -1.119 -1.116 -1.116 -1.158
-1.121 -1.424 -1.596 -1.064 -0.395 -0.552 -1.017 -0.837 -0.724 -0.66 -0.846 -1.185 -1.711 -1.68 -1.37 -1.371 -1.704 -1.363 -0.9 -0.526 -0.661 -0.905 -1.112 -0.913 -0.428 -0.711 -1.361 -1.458 -1.257 -1.054 -1.123 -1.276 -1.411 -1.466 -1.358 -0.951 -0.594 -0.488 -0.478 -0.631 -0.446 0.191 0.351 -0.209 -0.704 -0.82 -1.077 -1.326 -1.169 -1.178 -1.19 -0.828 -0.418 -0.127 -0.288 -0.175 0.234 0.22 -0.115 -0.433 -0.733 -0.966 -0.963 -1.286 -1.603 -1.419 -1.101 -0.932 -1.283 -1.129 -0.988 -1.013 -1.193 -1.28 -1.321 -1.37 -1.515
-1.37 -1.32 -1.38 -0.949 -0.269 -0.267 -0.852 -0.615 -0.44 -0.617 -0.932 -1.335 -1.662 -1.664 -1.371 -1.357 -1.368 -0.9 -0.653 -0.676 -1.061 -1.248 -1.288 -0.908 -0.549 -0.829 -1.244 -1.53 -1.388 -1.264 -1.171 -1.082 -0.976 -1.126 -1.234 -0.72 -0.269 0.027 0.058 -0.037 -0.128 0.135 0.021 0.117 -0.45 -0.961 -1.129 -1.278 -1.377 -1.258 -0.995 -0.693 -0.389 -0.386 -0.709 -0.547 -0.091 0.132 -0.209 -0.629 -0.854 -1.143 -1.094 -1.033 -1.554 -1.542 -1.286 -1.347 -1.544 -1.404 -1.09 -0.867 -0.768 -0.621 -0.538 -0.649 -0.863
-1.17 -0.858 -0.779 -0.731 -0.113 0.018 -0.522 -0.432 -0.306 -0.75 -1.268 -1.644 -1.533 -1.117 -0.928 -0.841 -0.814 -0.664 -0.975 -1.098 -1.285 -1.416 -1.179 -0.749 -0.86 -1.248 -1.357 -1.329 -1.197 -1.185 -1.251 -1.051 -0.851 -0.542 -0.532 -0.169 0.056 0.055 -0.17 -0.04 -0.154 -0.335 -0.218 0.091 -0.405 -0.901 -1.265 -1.366 -1.404 -1.117 -0.837 -0.537 -0.464 -0.848 -1.037 -0.648 -0.2 0.1 -0.287 -0.754 -1.073 -1.369 -1.45 -1.171 -1.42 -1.742 -1.642 -1.607 -1.354 -1.026 -0.88 -1.096 -1.288 -1.102 -0.638 -0.512 -0.356
-0.826 -0.497 -0.25 -0.244 0.064 0.118 -0.248 -0.438 -0.698 -0.788 -1.251 -1.722 -1.391 -0.927 -1.124 -1.012 -0.805 -0.75 -1.345 -1.464 -1.417 -1.214 -0.913 -0.934 -1.185 -1.357 -1.159 -0.925 -0.768 -0.822 -0.886 -0.66 -0.434 -0.257 0 -0.038 -0.229 -0.509 -0.732 -0.35 -0.647 -0.684 -0.173 0.1 -0.409 -0.775 -1.05 -1.233 -1.246 -0.96 -0.759 -0.568 -0.608 -1.234 -1.126 -0.772 -0.288 0.07 -0.442 -0.913 -1.122 -1.419 -1.912 -1.734 -1.723 -1.767 -1.573 -1.169 -0.967 -1.009 -1.281 -1.611 -1.596 -1.35 -1.036 -0.852 -0.514
-0.766 -0.569 -0.371 -0.283 0.046 -0.049 -0.414 -0.668 -1.072 -1.16 -1.199 -1.672 -1.252 -1.092 -1.483 -1.319 -1.116 -0.771 -1.411 -1.755 -1.533 -1.257 -1.252 -1.122 -0.967 -1.006 -0.851 -0.496 -0.332 -0.307 -0.285 -0.1 -0.023 -0.038 -0.091 -0.392 -0.696 -0.96 -0.96 -0.485 -1.015 -0.9 -0.31 -0.09 -0.764 -0.947 -1.123 -1.139 -1.123 -0.844 -0.992 -0.812 -0.691 -1.452 -1.38 -1.1 -0.521 -0.019 -0.457 -0.767 -0.991 -1.327 -1.833 -1.976 -1.741 -1.771 -1.305 -1.062 -1.266 -1.259 -1.648 -1.631 -1.591 -1.386 -1.089 -0.498 -0.244
-0.748 -0.56 -0.428 -0.465 -0.005 0.146 -0.278 -0.607 -1.045 -1.468 -1.492 -1.768 -1.186 -1.287 -1.695 -1.543 -1.224 -0.84 -1.454 -1.788 -1.556 -1.625 -1.4 -0.987 -0.586 -0.5 -0.35 -0.159 -0.1 -0.074 -0.162 -0.353 -0.505 -0.57 -0.382 -0.596 -0.923 -1.206 -0.958 -0.615 -1.248 -1.089 -0.284 -0.201 -1.013 -1.373 -1.422 -1.278 -1.139 -0.987 -1.214 -0.852 -0.957 -1.602 -1.421 -1.032 -0.504 -0.038 -0.377 -0.569 -0.917 -1.375 -1.635 -1.933 -1.672 -1.401 -1.167 -1.392 -1.525 -1.345 -1.732 -1.548 -1.453 -1.312 -0.938 -0.369 -0.177
-0.485 -0.279 -0.023 0.145 0.349 0.557 -0.168 -0.816 -0.737 -1.267 -1.702 -1.801 -1.102 -1.485 -1.779 -1.459 -1.009 -1.056 -1.458 -1.802 -1.596 -1.415 -1.021 -0.525 -0.211 -0.246 -0.416 -0.686 -0.365 -0.525 -1.078 -1.212 -0.886 -0.715 -0.519 -0.601 -1.094 -1.335 -0.951 -0.939 -1.378 -1.036 -0.265 -0.117 -0.687 -1.232 -1.32 -1.347 -1.237 -1.195 -1.177 -0.895 -1.446 -1.476 -1.113 -0.8 -0.316 -0.041 -0.203 -0.511 -0.769 -1.148 -1.459 -1.999 -1.706 -1.545 -1.373 -1.708 -1.58 -1.562 -1.642 -1.348 -1.174 -0.987 -0.635 -0.276 -0.183
-0.194 -0.05 0.167 0.357 0.569 0.626 -0.046 -0.907 -0.731 -0.879 -1.448 -1.787 -1.204 -1.663 -2.014 -1.486 -1.158 -1.292 -1.638 -1.409 -1.029 -0.572 -0.304 -0.22 -0.449 -0.834 -0.74 -1.146 -0.713 -0.62 -1.454 -1.255 -0.922 -0.817 -0.656 -0.577 -1.188 -1.519 -1.181 -1.369 -1.35 -0.884 -0.418 -0.199 -0.236 -0.563 -0.756 -1.003 -1.138 -1.225 -1.198 -1.28 -1.516 -1.178 -0.781 -0.545 -0.58 -0.223 -0.247 -0.563 -0.78 -1.063 -1.372 -1.805 -1.768 -1.884 -1.597 -1.711 -1.519 -1.579 -1.6 -1.371 -1.107 -0.863 -0.505 -0.251 -0.247
-0.181 -0.188 -0.198 -0.034 0.41 0.665 0.122 -0.781 -0.931 -0.733 -1.396 -1.832 -1.385 -1.751 -2.192 -1.745 -1.597 -1.587 -1.549 -1.114 -0.444 -0.45 -0.659 -0.575 -0.819 -1.179 -1.163 -1.425 -1.049 -0.564 -1.17 -1.27 -1.091 -1.093 -0.813 -0.75 -1.259 -1.591 -1.523 -1.506 -1.129 -0.653 -0.729 -0.76 -0.291 -0.246 -0.601 -0.908 -1.06 -1.167 -1.351 -1.37 -1.104 -0.83 -0.6 -0.848 -0.836 -0.482 -0.17 -0.556 -0.884 -1.091 -1.336 -1.62 -1.61 -1.747 -1.648 -1.709 -1.507 -1.321 -1.386 -1.259 -0.955 -0.635 -0.354 -0.295 -0.334
-0.708 -0.706 -0.615 -0.284 0.273 0.791 0.322 -0.318 -0.793 -0.733 -1.386 -1.92 -1.868 -1.843 -1.658 -1.442 -1.34 -1.383 -1.184 -0.623 -0.76 -1.044 -0.868 -0.682 -0.908 -1.38 -1.303 -1.264 -1.103 -0.652 -1.096 -1.579 -1.379 -1.332 -0.934 -0.877 -1.104 -1.317 -1.42 -1.191 -0.84 -0.666 -1.144 -1.091 -0.433 -0.352 -0.573 -1.143 -1.32 -1.418 -1.396 -1.2 -1.12 -1.102 -0.912 -0.99 -1.157 -0.743 -0.263 -0.367 -0.785 -1.018 -1.303 -1.434 -1.439 -1.567 -1.451 -1.665 -1.71 -1.253 -1.061 -0.899 -0.655 -0.446 -0.297 -0.385 -0.513
-0.967 -0.763 -0.538 -0.174 0.336 0.855 0.645 0.236 -0.02 -0.524 -1.271 -1.681 -2.182 -1.827 -1.339 -1.365 -1.249 -0.929 -0.797 -0.994 -1.468 -1.261 -0.857 -0.724 -0.871 -1.117 -1.058 -1.226 -1.234 -0.792 -1.296 -1.712 -1.355 -1.12 -0.756 -0.628 -0.69 -0.918 -1.249 -1.077 -0.785 -0.949 -1.397 -1.04 -0.46 -0.528 -0.287 -0.853 -1.155 -1.341 -1.614 -1.595 -1.732 -1.739 -1.139 -1.297 -1.228 -0.838 -0.364 -0.348 -0.79 -1.214 -1.401 -1.331 -1.193 -1.413 -1.287 -1.491 -1.578 -1.5 -1.031 -0.585 -0.402 -0.34 -0.476 -0.789 -0.978
-0.868 -0.454 -0.115 0.197 0.596 0.903 0.714 -0.042 -0.17 -0.377 -0.969 -1.332 -1.68 -1.853 -1.77 -1.742 -1.548 -1.358 -1.39 -1.544 -1.404 -1.033 -0.718 -0.637 -0.634 -0.84 -1.23 -1.509 -1.189 -0.818 -1.393 -1.55 -1.086 -0.868 -0.719 -0.635 -0.467 -0.723 -1.001 -1.049 -0.923 -1.302 -1.561 -1.054 -0.494 -0.705 -0.369 -0.426 -0.616 -0.928 -1.29 -1.342 -1.652 -1.645 -1.21 -1.539 -1.26 -0.895 -0.522 -0.345 -0.726 -1.106 -1.079 -1.096 -0.952 -1.12 -1.02 -1.053 -1.053 -1.267 -0.849 -0.388 -0.347 -0.527 -0.897 -1.341 -1.47
-0.692 -0.349 0.159 0.682 0.979 1 0.602 -0.345 -0.921 -1.232 -1.135 -0.842 -1.289 -1.711 -1.91 -1.894 -1.907 -1.671 -1.632 -1.523 -1.274 -1.022 -0.723 -0.45 -0.394 -0.695 -1.366 -1.565 -1.232 -0.893 -1.505 -1.548 -1.204 -0.903 -0.675 -0.631 -0.441 -0.61 -0.633 -0.922 -1.263 -1.691 -1.567 -1.023 -0.522 -0.898 -0.546 -0.56 -0.546 -0.554 -0.78 -1.146 -1.42 -1.584 -1.453 -1.667 -1.432 -1.038 -0.765 -0.398 -0.482 -0.744 -0.696 -0.798 -0.893 -1.157 -1.194 -1.161 -0.982 -0.841 -0.558 -0.298 -0.416 -0.86 -1.357 -1.682 -1.375
-0.552 -0.139 0.188 0.645 1.083 0.976 0.264 -0.717 -1.316 -1.551 -1.034 -0.671 -0.702 -1.123 -1.367 -1.386 -1.813 -1.537 -1.101 -1.227 -1.41 -1.179 -0.834 -0.379 -0.222 -0.478 -1.051 -1.478 -1.209 -0.946 -1.52 -1.634 -1.218 -0.828 -0.298 -0.285 -0.436 -0.469 -0.476 -1.109 -1.531 -1.594 -1.238 -0.729 -0.681 -1.062 -0.432 -0.786 -0.984 -0.725 -0.573 -0.793 -1.134 -1.456 -1.525 -1.627 -1.412 -1.118 -0.73 -0.548 -0.436 -0.597 -0.679 -0.918 -1.041 -1.374 -1.536 -1.414 -1.19 -0.813 -0.381 -0.268 -0.487 -1.125 -1.689 -1.747 -0.983
-0.571 -0.155 0.208 0.596 1.024 1.023 0.199 -0.885 -1.074 -1.52 -1.152 -0.794 -0.369 -0.352 -0.655 -0.926 -1.553 -1.564 -0.991 -0.943 -1.4 -1.13 -0.826 -0.429 -0.154 -0.285 -0.547 -1.206 -1.202 -1.309 -1.66 -1.46 -0.956 -0.629 -0.149 -0.071 -0.387 -0.276 -0.374 -1.024 -1.499 -1.352 -1.092 -0.584 -0.745 -1.097 -0.441 -0.827 -1.245 -0.986 -0.876 -0.662 -0.72 -0.947 -1.078 -1.331 -1.308 -1.028 -0.781 -0.767 -0.551 -0.918 -1.042 -1.246 -1.242 -1.601 -1.645 -1.312 -0.865 -0.464 -0.28 -0.368 -0.695 -1.126 -1.617 -1.426 -0.712
-0.757 -0.446 0.015 0.514 0.905 1.073 0.357 -0.342 -0.608 -1.279 -1.206 -0.877 -0.45 0.003 -0.403 -1.086 -1.718 -1.47 -0.818 -0.942 -1.304 -1.109 -0.863 -0.492 -0.148 -0.177 -0.347 -1.037 -1.436 -1.516 -1.395 -1.127 -0.876 -0.544 -0.072 0.207 -0.229 -0.125 -0.389 -1.114 -1.586 -1.305 -1.09 -0.53 -0.783 -1.099 -0.458 -0.894 -1.391 -1.178 -1.178 -0.876 -0.61 -0.934 -0.862 -1.052 -1.328 -1.027 -0.985 -0.868 -0.661 -0.962 -1.237 -1.411 -1.34 -1.33 -1.061 -0.701 -0.368 -0.29 -0.433 -0.695 -1.004 -1.235 -1.476 -1.112 -0.645
-0.744 -0.83 -0.366 0.212 0.738 1.084 0.81 0.285 -0.189 -0.875 -0.941 -0.751 -0.329 0.108 -0.19 -1.215 -1.809 -1.259 -0.558 -0.704 -0.849 -0.813 -0.829 -0.57 -0.123 -0.073 -0.017 -0.526 -1.074 -1.153 -1.142 -0.834 -0.583 -0.241 -0.11 0.187 -0.051 -0.068 -0.388 -0.891 -1.324 -1.349 -0.983 -0.454 -0.916 -1.117 -0.554 -0.793 -1.321 -1.41 -1.332 -0.897 -0.734 -1.295 -1.116 -0.926 -1.304 -1.235 -1.116 -0.82 -0.86 -1.128 -1.34 -1.204 -0.954 -0.706 -0.406 -0.296 -0.318 -0.461 -0.832 -1.094 -1.343 -1.5 -1.418 -0.888 -0.732
-0.273 -0.779 -0.687 -0.166 0.335 0.766 1.127 0.942 0.419 -0.374 -0.336 -0.12 0.167 0.287 -0.106 -1.041 -1.606 -1.242 -0.556 -0.233 -0.402 -0.749 -1.007 -0.701 -0.145 0.213 0.352 0.035 -0.711 -1.279 -1.13 -0.742 -0.52 -0.526 -0.543 0.055 0.145 -0.174 -0.412 -0.645 -1.128 -1.221 -0.836 -0.471 -1.104 -1.226 -0.806 -0.572 -0.911 -1.417 -1.353 -0.927 -0.779 -1.351 -1.441 -1.024 -1.277 -1.306 -1.045 -0.929 -1.15 -1.364 -1.274 -0.968 -0.605 -0.371 -0.261 -0.314 -0.397 -0.758 -1.13 -1.305 -1.666 -1.904 -1.477 -0.776 -0.894
0.209 -0.385 -0.709 -0.478 -0.109 0.275 0.826 1.218 0.976 0.162 0.278 0.387 0.155 -0.102 -0.185 -0.546 -1.011 -1.325 -0.763 -0.222 -0.203 -0.96 -1.113 -0.691 -0.459 -0.132 0.241 0.405 -0.113 -1.123 -1.445 -1.224 -0.917 -0.772 -0.581 0.046 0.301 -0.245 -0.5 -0.841 -1.253 -1.282 -0.911 -0.513 -1.115 -1.392 -1.064 -0.736 -0.665 -1.288 -1.415 -1.03 -0.827 -1.309 -1.586 -1.297 -1.482 -1.3 -1.049 -1.079 -1.238 -1.304 -0.906 -0.579 -0.343 -0.271 -0.332 -0.53 -0.574 -0.725 -1.269 -1.474 -1.887 -1.943 -1.408 -0.789 -0.947
0.596 0.042 -0.381 -0.631 -0.448 -0.01 0.604 1.195 1.259 0.685 0.493 0.112 -0.012 -0.429 -0.683 -0.859 -0.974 -1.325 -0.887 -0.195 -0.108 -0.899 -1.127 -1.059 -0.904 -0.57 0.067 0.594 0.359 -0.601 -0.788 -1.25 -0.987 -0.686 -0.387 -0.021 0.498 0.079 -0.183 -0.665 -1.114 -1.157 -1.005 -0.642 -0.939 -1.48 -1.277 -1.014 -0.631 -1.154 -1.442 -1.127 -1.058 -1.433 -1.639 -1.463 -1.509 -1.235 -0.912 -0.866 -0.794 -0.647 -0.397 -0.284 -0.346 -0.546 -0.771 -0.662 -0.852 -0.608 -1.023 -1.382 -1.918 -1.774 -1.197 -0.923 -1.126
1.024 0.501 0.007 -0.411 -0.588 -0.156 0.475 1.183 1.378 0.884 0.154 -0.409 -0.439 -0.334 -0.572 -0.982 -1.289 -1.319 -0.864 -0.175 -0.075 -0.6 -0.824 -0.809 -0.818 -0.255 0.257 0.765 0.604 -0.181 -0.721 -1.255 -0.891 -0.609 -0.538 -0.29 0.41 0.416 -0.012 -0.325 -0.629 -0.87 -1.166 -0.949 -0.888 -1.448 -1.467 -1.077 -0.656 -1.081 -1.459 -1.269 -1.274 -1.605 -1.541 -1.215 -0.914 -0.753 -0.473 -0.405 -0.209 0 -0.106 -0.277 -0.552 -1.048 -1.211 -0.817 -0.954 -0.703 -0.856 -1.315 -1.816 -1.579 -1.024 -1.14 -1.54
1.272 1.025 0.445 0.068 -0.442 -0.239 0.403 1.115 1.422 0.922 0.026 -0.489 -0.722 -0.773 -0.799 -0.95 -1.411 -1.317 -0.669 -0.066 -0.184 -0.425 -0.606 -0.878 -0.877 -0.371 0.211 0.831 0.748 -0.02 -1.043 -1.42 -1.033 -0.9 -0.741 -0.383 0.354 0.398 -0.351 -0.673 -0.76 -0.976 -1.4 -1.241 -0.968 -1.46 -1.445 -0.924 -0.875 -0.979 -1.256 -1.437 -1.476 -1.616 -1.368 -1.148 -0.886 -0.729 -0.883 -0.758 -0.075 0.025 -0.487 -0.508 -0.503 -1.275 -1.513 -1.026 -0.954 -0.933 -0.665 -1.211 -1.819 -1.667 -1.237 -1.376 -1.811
0.997 1.306 0.967 0.638 0.075 -0.152 0.434 1.175 1.435 0.973 0.543 0.287 0.014 -0.258 -0.54 -0.998 -1.438 -0.934 -0.349 0.172 -0.339 -0.914 -1.15 -1.278 -0.923 -0.453 0.164 0.855 0.849 0.055 -0.929 -1.559 -1.275 -1.131 -0.959 -0.534 0.301 0.516 -0.26 -0.851 -1.08 -1.246 -1.61 -1.268 -1.165 -1.589 -1.311 -1.104 -1.158 -1.311 -1.178 -1.392 -1.57 -1.365 -1.488 -1.596 -1.15 -0.93 -0.752 -0.558 0.053 -0.04 -0.736 -0.867 -0.519 -1.104 -1.575 -1.204 -0.956 -1.188 -0.783 -1.048 -1.821 -1.934 -1.688 -1.803 -1.966
0.272 0.897 1.291 1.234 0.73 0.234 0.461 1.252 1.372 0.705 0.385 0.491 0.498 0.29 -0.035 -0.234 -0.648 -0.869 -0.329 0.254 -0.134 -0.582 -1 -1.187 -0.734 -0.148 0.43 0.998 0.703 -0.003 -0.931 -1.549 -1.127 -0.925 -1.059 -0.599 0.065 0.647 0.129 -0.346 -0.648 -0.883 -1.422 -1.326 -1.279 -1.335 -1.308 -1.528 -1.393 -1.561 -1.439 -1.569 -1.424 -1.305 -1.196 -1.174 -0.96 -0.637 -0.184 -0.015 0.205 -0.15 -0.918 -1.185 -0.687 -0.865 -1.535 -1.354 -1.009 -1.478 -1.087 -0.983 -1.642 -1.943 -2.086 -2.116 -2.132
-0.268 0.361 0.802 1.384 1.367 0.947 0.762 1.378 1.174 0.473 -0.325 -0.201 -0.223 -0.081 -0.048 -0.57 -0.61 -0.827 -0.3 0.337 0.079 -0.58 -1.064 -1.103 -0.65 -0.048 0.746 1.133 0.412 -0.124 -0.882 -1.4 -1.121 -0.804 -0.811 -0.672 -0.059 0.68 0.524 -0.063 -0.37 -0.636 -1.061 -1.073 -0.767 -0.647 -0.946 -1.486 -1.19 -0.961 -1.001 -0.92 -0.709 -0.626 -0.422 -0.391 -0.247 0.067 0.308 0.431 0.217 -0.418 -1.134 -1.309 -0.821 -1 -1.422 -1.588 -1.215 -1.66 -1.417 -1.143 -1.702 -1.995 -1.912 -1.779 -1.608
-0.335 -0.26 0.116 0.828 1.21 1.447 1.402 1.514 1.108 0.209 -0.597 -0.736 -0.641 -0.397 -0.27 -0.829 -0.918 -0.9 -0.341 0.363 0.031 -0.445 -0.856 -0.851 -0.447 0.137 0.903 1.122 0.479 0.077 -0.556 -1.046 -1.205 -0.895 -0.391 -0.239 -0.079 0.637 0.827 -0.01 -0.639 -0.793 -0.521 -0.459 -0.277 -0.194 -0.878 -0.701 -0.528 -0.21 -0.267 -0.178 -0.1 0.186 0.318 0.332 0.445 0.593 0.559 0.234 -0.009 -0.8 -1.458 -1.22 -0.958 -1.454 -1.307 -1.539 -1.549 -1.672 -1.784 -1.484 -1.626 -1.819 -1.992 -1.762 -1.451
-0.755 -0.644 -0.131 0.645 0.573 0.847 1.431 1.539 1.198 0.136 -0.377 -0.869 -0.83 -0.673 -0.772 -1.036 -1.268 -0.875 -0.237 0.481 -0.096 -0.59 -0.84 -0.543 -0.204 0.353 1.094 1.015 0.364 0.069 -0.118 -0.618 -1.094 -0.864 -0.122 0.197 0.332 0.729 1.122 0.324 -0.29 -0.081 0.203 0.266 0.307 -0.024 -0.268 0.04 0.072 0.422 0.434 0.538 0.544 0.771 0.689 0.653 0.564 0.396 0.057 -0.397 -0.444 -1.184 -1.689 -1.216 -1.064 -1.659 -1.421 -1.045 -1.517 -1.802 -1.86 -1.221 -1.036 -1.315 -1.607 -1.529 -1.557
-0.666 -0.301 0.335 0.439 -0.06 0.338 1.158 1.529 1.372 0.155 -0.613 -0.958 -0.929 -0.919 -1.087 -1.361 -1.102 -0.573 -0.002 0.546 -0.08 -0.629 -0.954 -0.617 -0.278 0.537 1.316 0.738 0.103 -0.361 -0.287 -0.375 -0.985 -0.669 -0.177 -0.186 0.091 0.651 1.251 0.777 0.388 0.906 1.07 1.009 0.835 0.582 0.707 0.757 0.791 0.933 0.949 0.862 0.838 0.701 0.378 0.212 -0.052 -0.347 -0.786 -0.825 -0.765 -1.229 -1.613 -1.281 -1.095 -1.501 -1.334 -0.908 -0.966 -1.282 -1.201 -0.843 -0.609 -0.914 -0.855 -1.019 -1.463
-0.139 0.217 0.327 -0.114 -0.381 0.115 0.903 1.475 1.512 0.483 -0.407 -0.409 -0.434 -0.548 -0.843 -1.196 -0.808 -0.31 0.156 0.619 -0.045 -0.535 -0.937 -0.403 0.027 0.929 1.349 0.713 0.312 -0.214 -0.517 -0.566 -0.766 -0.725 -0.538 -0.589 0.008 0.698 1.243 1.199 1.092 1.467 1.521 1.48 1.374 1.241 1.143 1.089 1.049 0.887 0.722 0.512 0.327 0.353 0.18 -0.002 -0.393 -0.879 -1.341 -1.008 -0.868 -1.268 -1.55 -1.382 -1.185 -1.57 -1.33 -0.889 -0.525 -0.629 -0.455 -0.209 -0.155 -0.307 -0.356 -0.71 -1.133
-0.324 -0.164 -0.143 -0.582 -0.3 0.267 0.753 1.354 1.552 0.766 -0.03 0.097 -0.314 -0.491 -0.846 -1.142 -0.861 -0.419 0.15 0.674 -0.019 -0.735 -0.992 -0.353 0.409 1.242 1.203 0.51 0.082 0.142 -0.255 -0.866 -0.962 -0.734 -0.522 -0.509 0.008 0.44 0.922 1.478 1.633 1.521 1.144 1.061 1.13 0.917 0.728 0.503 0.491 0.377 0.269 0.006 -0.354 -0.316 -0.062 -0.187 -0.28 -0.845 -1.397 -1.053 -1.002 -1.525 -1.864 -1.484 -1.278 -1.614 -1.553 -1.031 -0.45 -0.087 -0.171 -0.329 -0.059 0.088 -0.072 -0.353 -0.724
