data/climatemaps/RS_maps/climate_postbreed_tmp_2001.asc
NCOLS 369 
NROWS 228 
XLLCORNER 479000 
YLLCORNER 73000 
CELLSIZE 1000 
NODATA_value -9 
[rows 68 to 101 of 228, columns 76 to 151 of 369]
0.346 0.342 0.317 0.236 0.191 0.195 0.268 0.428 0.431 0.163 0.154 0.145 0.145 0.123 0.108 0.112 0.11 0.114 0.101 0.082 0.063 0.02 0.012 0.023 0.079 0.243 0.282 0.33 0.345 0.299 0.316 0.312 0.34 0.371 0.37 0.37 0.339 0.346 0.333 0.281 0.256 0.235 0.185 0.05 -0.082 -0.08 -0.052 -0.034 0.09 0.126 0.141 0.241 0.385 0.5 0.55 0.583 0.612 0.638 0.647 0.647 0.664 0.661 0.649 0.623 0.617 0.613 0.622 0.65 0.67 0.687 0.668 0.639 0.657 0.662 0.652 0.594
0.314 0.313 0.246 0.187 0.203 0.307 0.38 0.449 0.246 0.096 0.142 0.131 0.118 0.1 0.096 0.119 0.116 0.117 0.101 0.076 0.064 0.057 0.07 0.134 0.237 0.319 0.323 0.342 0.368 0.37 0.365 0.378 0.388 0.39 0.378 0.373 0.381 0.358 0.267 0.206 0.129 0.012 -0.091 -0.049 -0.072 0.045 0.152 0.285 0.37 0.425 0.462 0.513 0.542 0.539 0.568 0.596 0.64 0.669 0.659 0.663 0.675 0.677 0.664 0.664 0.647 0.63 0.648 0.675 0.667 0.657 0.647 0.658 0.651 0.639 0.652 0.646
0.277 0.287 0.202 0.188 0.3 0.399 0.417 0.291 0.161 0.137 0.15 0.125 0.098 0.106 0.118 0.122 0.126 0.119 0.12 0.138 0.176 0.205 0.181 0.178 0.235 0.292 0.341 0.356 0.327 0.286 0.25 0.233 0.222 0.213 0.178 0.148 0.142 0.074 -0.007 -0.071 -0.142 -0.141 -0.023 0.104 0.223 0.369 0.448 0.507 0.541 0.558 0.58 0.59 0.571 0.614 0.639 0.654 0.672 0.678 0.684 0.682 0.682 0.652 0.628 0.64 0.649 0.667 0.671 0.653 0.636 0.638 0.646 0.647 0.626 0.615 0.619 0.651
0.272 0.26 0.233 0.306 0.425 0.365 0.234 0.154 0.149 0.129 0.084 0.08 0.101 0.132 0.12 0.094 0.107 0.126 0.166 0.167 0.153 0.116 0.094 0.116 0.162 0.257 0.327 0.268 0.186 0.099 0.042 0.006 -0.026 -0.017 -0.035 -0.04 0.011 -0.001 -0.022 -0.058 -0.056 0.051 0.251 0.352 0.46 0.52 0.557 0.58 0.606 0.624 0.635 0.633 0.631 0.655 0.662 0.676 0.671 0.673 0.681 0.662 0.658 0.636 0.619 0.631 0.648 0.653 0.654 0.625 0.634 0.646 0.643 0.644 0.625 0.604 0.601 0.638
0.229 0.222 0.352 0.413 0.336 0.182 0.14 0.133 0.098 0.039 0.045 0.09 0.118 0.123 0.085 0.043 0.038 0.054 0.061 0.055 0.075 0.122 0.156 0.181 0.196 0.245 0.246 0.079 0.029 -0.006 -0.002 0.039 0.091 0.113 0.09 0.059 0.066 0.066 0.094 0.132 0.229 0.369 0.48 0.543 0.592 0.619 0.632 0.66 0.675 0.676 0.672 0.672 0.669 0.673 0.673 0.673 0.669 0.673 0.669 0.645 0.632 0.629 0.631 0.643 0.655 0.644 0.637 0.629 0.633 0.629 0.629 0.635 0.611 0.599 0.595 0.617
0.187 0.25 0.465 0.326 0.2 0.129 0.107 0.084 0.038 0.025 0.074 0.101 0.089 0.055 0.002 -0.04 -0.043 0.014 0.074 0.172 0.256 0.329 0.374 0.386 0.373 0.349 0.206 0.128 0.184 0.207 0.297 0.315 0.3 0.224 0.179 0.148 0.158 0.183 0.273 0.404 0.524 0.594 0.613 0.634 0.666 0.67 0.682 0.693 0.693 0.69 0.676 0.672 0.659 0.66 0.659 0.668 0.671 0.673 0.666 0.652 0.64 0.64 0.646 0.643 0.654 0.644 0.627 0.612 0.606 0.619 0.616 0.626 0.593 0.583 0.563 0.574
0.229 0.357 0.403 0.222 0.152 0.111 0.069 0.063 0.071 0.086 0.086 0.052 -0.01 -0.052 -0.052 -0.019 0.106 0.241 0.318 0.386 0.415 0.438 0.435 0.411 0.398 0.393 0.352 0.383 0.411 0.4 0.444 0.331 0.262 0.248 0.285 0.278 0.302 0.37 0.463 0.561 0.641 0.668 0.675 0.682 0.69 0.69 0.693 0.686 0.677 0.673 0.645 0.626 0.616 0.643 0.658 0.669 0.671 0.673 0.668 0.653 0.643 0.634 0.625 0.641 0.652 0.637 0.613 0.603 0.618 0.625 0.605 0.618 0.562 0.537 0.53 0.558
0.414 0.409 0.274 0.171 0.121 0.102 0.1 0.121 0.12 0.098 0.056 -0.02 -0.075 -0.067 0.037 0.194 0.348 0.413 0.414 0.374 0.281 0.307 0.293 0.169 0.142 0.156 0.295 0.321 0.215 0.328 0.456 0.245 0.278 0.322 0.289 0.342 0.424 0.515 0.598 0.657 0.68 0.691 0.694 0.693 0.693 0.692 0.68 0.659 0.64 0.629 0.586 0.581 0.606 0.654 0.67 0.672 0.665 0.668 0.656 0.637 0.623 0.623 0.635 0.648 0.65 0.627 0.621 0.628 0.621 0.592 0.586 0.607 0.55 0.493 0.509 0.553
0.427 0.368 0.247 0.151 0.133 0.117 0.113 0.124 0.096 0.049 -0.031 -0.079 -0.029 0.11 0.269 0.373 0.4 0.346 0.206 0.102 0.056 0.074 0.022 -0.037 -0.048 -0.039 0.09 0.093 0.083 0.265 0.496 0.41 0.322 0.339 0.49 0.597 0.639 0.667 0.682 0.701 0.701 0.703 0.704 0.698 0.683 0.657 0.641 0.608 0.583 0.581 0.586 0.609 0.644 0.657 0.668 0.668 0.665 0.665 0.64 0.626 0.614 0.631 0.646 0.628 0.633 0.641 0.633 0.6 0.571 0.548 0.553 0.595 0.55 0.504 0.472 0.507
0.487 0.347 0.258 0.157 0.11 0.119 0.102 0.069 0.021 -0.052 -0.085 -0.01 0.212 0.322 0.372 0.319 0.198 0.058 -0.025 -0.045 -0.048 -0.058 -0.085 -0.121 -0.103 -0.033 0.129 0.313 0.412 0.481 0.493 0.527 0.524 0.62 0.663 0.645 0.617 0.642 0.675 0.709 0.711 0.71 0.704 0.69 0.628 0.596 0.586 0.571 0.566 0.61 0.625 0.65 0.653 0.657 0.658 0.666 0.666 0.665 0.649 0.63 0.624 0.644 0.613 0.587 0.616 0.604 0.574 0.565 0.525 0.48 0.512 0.592 0.574 0.521 0.432 0.471
0.319 0.167 0.261 0.174 0.12 0.097 0.046 -0.014 -0.038 -0.032 0.054 0.272 0.37 0.338 0.18 0.026 -0.088 -0.154 -0.153 -0.154 -0.105 -0.113 -0.092 -0.059 0.052 0.157 0.349 0.421 0.446 0.435 0.511 0.625 0.688 0.687 0.637 0.639 0.674 0.702 0.709 0.712 0.713 0.708 0.692 0.642 0.586 0.574 0.577 0.586 0.601 0.603 0.608 0.645 0.654 0.665 0.653 0.659 0.656 0.654 0.655 0.645 0.644 0.643 0.625 0.585 0.617 0.548 0.555 0.559 0.495 0.455 0.53 0.571 0.509 0.515 0.415 0.43
0.173 0.172 0.223 0.167 0.112 0.054 0 -0.003 0.064 0.161 0.302 0.301 0.223 0.131 -0.013 -0.197 -0.275 -0.3 -0.23 -0.153 -0.064 -0.022 -0.014 -0.017 0.03 0.209 0.348 0.266 0.34 0.497 0.659 0.711 0.706 0.67 0.643 0.673 0.719 0.719 0.719 0.716 0.711 0.695 0.669 0.612 0.579 0.58 0.601 0.583 0.589 0.6 0.638 0.663 0.666 0.666 0.662 0.647 0.653 0.653 0.642 0.652 0.641 0.594 0.598 0.533 0.603 0.52 0.515 0.519 0.444 0.492 0.536 0.558 0.475 0.463 0.456 0.443
0.159 0.17 0.198 0.121 0.075 0.059 0.091 0.225 0.282 0.264 0.159 0.083 0.015 -0.037 -0.149 -0.298 -0.355 -0.262 -0.111 0.053 0.072 -0.037 -0.126 -0.085 0.076 0.2 0.146 0.288 0.491 0.671 0.719 0.708 0.681 0.7 0.719 0.719 0.719 0.719 0.714 0.687 0.676 0.645 0.648 0.603 0.596 0.569 0.536 0.55 0.534 0.561 0.652 0.673 0.669 0.657 0.657 0.653 0.653 0.658 0.627 0.621 0.569 0.558 0.583 0.575 0.552 0.512 0.468 0.488 0.444 0.48 0.507 0.509 0.537 0.519 0.491 0.446
0.156 0.139 0.138 0.094 0.092 0.143 0.224 0.228 0.123 0.052 0.036 0.035 -0.008 -0.171 -0.26 -0.294 -0.188 -0.036 0.086 0.164 0.005 -0.026 0.073 0.184 0.184 0.157 0.276 0.556 0.724 0.728 0.72 0.721 0.704 0.698 0.718 0.72 0.719 0.717 0.649 0.625 0.673 0.649 0.643 0.596 0.561 0.545 0.521 0.539 0.543 0.629 0.672 0.67 0.658 0.653 0.653 0.651 0.652 0.652 0.644 0.608 0.57 0.566 0.575 0.556 0.505 0.499 0.422 0.429 0.453 0.467 0.477 0.436 0.5 0.498 0.511 0.435
0.141 0.103 0.125 0.114 0.173 0.231 0.137 0.033 -0.009 -0.019 0 0.027 -0.048 -0.215 -0.235 -0.074 0.068 0.167 0.213 0.18 0.158 0.245 0.318 0.286 0.247 0.346 0.566 0.71 0.733 0.722 0.712 0.72 0.712 0.702 0.724 0.726 0.721 0.71 0.673 0.687 0.686 0.647 0.612 0.58 0.561 0.55 0.56 0.604 0.649 0.668 0.665 0.656 0.653 0.656 0.653 0.644 0.65 0.652 0.632 0.623 0.61 0.566 0.584 0.51 0.495 0.461 0.405 0.367 0.438 0.415 0.447 0.424 0.465 0.434 0.504 0.46
0.099 0.069 0.121 0.168 0.181 0.128 0.009 -0.023 -0.03 -0.001 0.045 0.074 -0.072 -0.135 0.007 0.143 0.24 0.297 0.302 0.296 0.33 0.362 0.356 0.36 0.437 0.607 0.726 0.734 0.728 0.701 0.674 0.667 0.67 0.667 0.722 0.731 0.726 0.717 0.709 0.688 0.668 0.634 0.578 0.542 0.565 0.608 0.659 0.679 0.674 0.655 0.641 0.65 0.655 0.657 0.653 0.653 0.65 0.65 0.599 0.596 0.601 0.581 0.565 0.499 0.487 0.416 0.383 0.367 0.422 0.4 0.423 0.392 0.42 0.412 0.491 0.465
0.071 0.081 0.142 0.081 0.017 -0.003 0.015 0.051 0.102 0.145 0.185 0.087 -0.053 0.043 0.183 0.261 0.328 0.355 0.355 0.352 0.34 0.35 0.42 0.537 0.627 0.73 0.742 0.732 0.714 0.681 0.658 0.67 0.703 0.725 0.733 0.731 0.711 0.686 0.671 0.645 0.631 0.628 0.604 0.606 0.657 0.678 0.679 0.67 0.648 0.624 0.64 0.652 0.659 0.653 0.65 0.648 0.641 0.628 0.566 0.561 0.583 0.564 0.528 0.517 0.502 0.448 0.379 0.361 0.39 0.383 0.387 0.364 0.417 0.443 0.471 0.42
0.028 0.063 0.02 -0.093 -0.116 -0.072 0.058 0.125 0.176 0.231 0.241 0.021 -0.012 0.148 0.231 0.274 0.356 0.372 0.349 0.317 0.329 0.433 0.596 0.7 0.738 0.747 0.749 0.723 0.681 0.638 0.678 0.724 0.738 0.736 0.733 0.716 0.677 0.66 0.649 0.639 0.648 0.665 0.664 0.675 0.666 0.651 0.655 0.647 0.613 0.608 0.638 0.656 0.658 0.65 0.645 0.64 0.634 0.614 0.577 0.552 0.568 0.542 0.49 0.474 0.451 0.426 0.407 0.336 0.387 0.403 0.403 0.406 0.431 0.433 0.445 0.397
0.001 -0.022 -0.118 -0.156 -0.122 -0.02 0.098 0.167 0.203 0.277 0.229 -0.033 0.015 0.18 0.193 0.293 0.37 0.379 0.338 0.34 0.494 0.649 0.726 0.75 0.75 0.752 0.744 0.69 0.646 0.653 0.711 0.736 0.734 0.735 0.733 0.701 0.658 0.649 0.627 0.636 0.673 0.678 0.673 0.652 0.626 0.619 0.62 0.623 0.588 0.606 0.637 0.649 0.658 0.643 0.641 0.639 0.628 0.596 0.592 0.569 0.552 0.506 0.473 0.442 0.384 0.358 0.379 0.338 0.407 0.408 0.398 0.393 0.395 0.39 0.41 0.372
-0.078 -0.092 -0.069 -0.053 0.009 0.138 0.261 0.353 0.364 0.362 0.144 -0.04 0.102 0.233 0.28 0.391 0.451 0.449 0.464 0.567 0.695 0.744 0.74 0.753 0.753 0.753 0.708 0.678 0.684 0.711 0.728 0.739 0.733 0.733 0.733 0.708 0.667 0.649 0.606 0.632 0.649 0.652 0.661 0.64 0.611 0.606 0.602 0.595 0.573 0.605 0.624 0.635 0.651 0.643 0.636 0.639 0.627 0.602 0.589 0.557 0.517 0.467 0.458 0.425 0.336 0.338 0.356 0.351 0.398 0.374 0.362 0.342 0.336 0.356 0.379 0.345
-0.129 -0.091 0.009 0.126 0.277 0.37 0.422 0.439 0.412 0.343 0.072 0.057 0.241 0.331 0.44 0.546 0.624 0.646 0.682 0.725 0.745 0.746 0.747 0.753 0.753 0.739 0.713 0.724 0.73 0.732 0.737 0.739 0.733 0.733 0.72 0.697 0.687 0.676 0.648 0.657 0.65 0.659 0.649 0.635 0.613 0.6 0.579 0.583 0.593 0.615 0.615 0.632 0.65 0.637 0.62 0.625 0.617 0.614 0.604 0.566 0.486 0.498 0.462 0.396 0.36 0.36 0.348 0.348 0.392 0.351 0.331 0.281 0.266 0.318 0.322 0.304
-0.155 0.006 0.207 0.335 0.396 0.433 0.454 0.445 0.408 0.274 0.071 0.183 0.361 0.492 0.654 0.711 0.734 0.739 0.744 0.746 0.746 0.752 0.753 0.753 0.738 0.73 0.741 0.739 0.74 0.739 0.739 0.739 0.735 0.731 0.697 0.688 0.692 0.684 0.666 0.65 0.652 0.646 0.628 0.613 0.595 0.584 0.583 0.588 0.605 0.619 0.628 0.643 0.656 0.634 0.622 0.615 0.599 0.596 0.599 0.582 0.518 0.511 0.446 0.38 0.424 0.38 0.35 0.333 0.381 0.346 0.307 0.282 0.247 0.222 0.228 0.207
-0.041 0.141 0.304 0.39 0.42 0.438 0.445 0.411 0.334 0.107 0.146 0.434 0.536 0.682 0.737 0.75 0.746 0.746 0.732 0.746 0.746 0.753 0.744 0.72 0.712 0.744 0.74 0.743 0.746 0.741 0.739 0.739 0.733 0.722 0.667 0.667 0.654 0.654 0.654 0.661 0.662 0.638 0.624 0.585 0.581 0.58 0.603 0.613 0.615 0.626 0.644 0.646 0.646 0.629 0.614 0.573 0.553 0.54 0.569 0.595 0.539 0.467 0.372 0.362 0.437 0.417 0.381 0.365 0.393 0.316 0.351 0.356 0.329 0.311 0.252 0.225
0.057 0.239 0.379 0.424 0.453 0.459 0.417 0.29 0.13 0.078 0.39 0.561 0.644 0.743 0.753 0.752 0.724 0.63 0.693 0.746 0.738 0.689 0.677 0.662 0.738 0.737 0.721 0.744 0.746 0.751 0.739 0.727 0.726 0.667 0.66 0.637 0.632 0.599 0.583 0.609 0.647 0.636 0.638 0.641 0.629 0.605 0.613 0.606 0.606 0.629 0.646 0.636 0.632 0.617 0.549 0.56 0.536 0.558 0.55 0.594 0.522 0.434 0.354 0.422 0.468 0.402 0.356 0.413 0.392 0.403 0.384 0.316 0.304 0.207 0.204 0.142
0.189 0.359 0.412 0.44 0.47 0.446 0.274 0.08 0.106 0.339 0.577 0.632 0.728 0.74 0.745 0.72 0.625 0.68 0.733 0.737 0.688 0.632 0.64 0.723 0.745 0.746 0.747 0.753 0.753 0.747 0.718 0.707 0.707 0.665 0.642 0.598 0.537 0.499 0.518 0.534 0.577 0.552 0.528 0.56 0.618 0.645 0.641 0.617 0.606 0.638 0.646 0.631 0.584 0.592 0.569 0.533 0.456 0.531 0.472 0.567 0.559 0.447 0.459 0.49 0.416 0.393 0.377 0.443 0.428 0.401 0.315 0.239 0.243 0.229 0.107 0.084
0.327 0.392 0.425 0.451 0.48 0.354 0.166 0.213 0.397 0.578 0.675 0.722 0.722 0.74 0.752 0.696 0.684 0.721 0.732 0.7 0.64 0.642 0.708 0.75 0.724 0.748 0.759 0.753 0.746 0.719 0.705 0.725 0.67 0.623 0.596 0.551 0.451 0.43 0.467 0.505 0.531 0.516 0.512 0.544 0.588 0.606 0.618 0.634 0.643 0.642 0.628 0.607 0.554 0.543 0.538 0.5 0.452 0.508 0.431 0.485 0.577 0.548 0.521 0.457 0.398 0.392 0.439 0.458 0.381 0.339 0.342 0.299 0.226 0.194 0.184 0.089
0.38 0.404 0.42 0.431 0.472 0.38 0.378 0.498 0.621 0.721 0.754 0.748 0.738 0.752 0.753 0.756 0.754 0.751 0.735 0.685 0.683 0.691 0.743 0.75 0.745 0.761 0.761 0.753 0.721 0.694 0.723 0.657 0.595 0.527 0.499 0.45 0.39 0.435 0.442 0.512 0.522 0.509 0.502 0.55 0.583 0.599 0.605 0.615 0.613 0.617 0.572 0.543 0.525 0.501 0.547 0.467 0.434 0.466 0.361 0.436 0.537 0.56 0.557 0.502 0.47 0.484 0.487 0.436 0.38 0.396 0.334 0.292 0.176 0.121 0.136 0.126
0.417 0.41 0.424 0.451 0.526 0.553 0.607 0.671 0.743 0.766 0.766 0.762 0.76 0.762 0.757 0.758 0.763 0.766 0.76 0.736 0.73 0.739 0.75 0.756 0.766 0.766 0.766 0.744 0.69 0.698 0.713 0.616 0.557 0.471 0.428 0.407 0.419 0.482 0.528 0.546 0.549 0.538 0.543 0.589 0.591 0.604 0.607 0.592 0.575 0.516 0.475 0.461 0.498 0.51 0.522 0.451 0.414 0.388 0.383 0.452 0.445 0.525 0.527 0.534 0.525 0.524 0.482 0.457 0.408 0.323 0.28 0.261 0.163 0.076 0.054 0.036
0.488 0.499 0.536 0.585 0.646 0.698 0.745 0.766 0.77 0.769 0.769 0.771 0.773 0.77 0.765 0.759 0.766 0.766 0.764 0.762 0.755 0.753 0.755 0.762 0.766 0.766 0.764 0.72 0.691 0.684 0.698 0.646 0.577 0.533 0.522 0.495 0.505 0.56 0.55 0.547 0.559 0.581 0.593 0.599 0.602 0.634 0.624 0.589 0.534 0.436 0.41 0.444 0.473 0.469 0.419 0.357 0.355 0.336 0.371 0.387 0.404 0.491 0.451 0.474 0.488 0.515 0.51 0.483 0.396 0.293 0.257 0.252 0.164 0.058 0.103 0.077
0.594 0.652 0.681 0.722 0.752 0.777 0.783 0.783 0.777 0.776 0.776 0.776 0.776 0.778 0.766 0.764 0.766 0.766 0.762 0.766 0.76 0.757 0.762 0.766 0.766 0.766 0.758 0.715 0.691 0.663 0.695 0.671 0.614 0.604 0.577 0.557 0.56 0.582 0.557 0.557 0.57 0.591 0.593 0.594 0.608 0.668 0.641 0.616 0.541 0.508 0.41 0.371 0.349 0.443 0.368 0.316 0.278 0.317 0.311 0.371 0.431 0.44 0.369 0.422 0.442 0.437 0.46 0.515 0.463 0.356 0.323 0.269 0.205 0.102 0.165 0.097
0.692 0.747 0.772 0.781 0.785 0.786 0.786 0.785 0.78 0.78 0.78 0.78 0.78 0.78 0.766 0.766 0.766 0.766 0.759 0.763 0.766 0.76 0.766 0.766 0.766 0.766 0.747 0.711 0.696 0.67 0.705 0.68 0.67 0.665 0.632 0.607 0.603 0.617 0.616 0.605 0.613 0.619 0.615 0.625 0.64 0.659 0.646 0.626 0.6 0.573 0.46 0.377 0.342 0.472 0.376 0.338 0.279 0.254 0.316 0.422 0.378 0.367 0.315 0.392 0.374 0.379 0.359 0.472 0.494 0.383 0.326 0.235 0.213 0.168 0.192 0.079
0.743 0.783 0.798 0.792 0.791 0.791 0.788 0.786 0.781 0.78 0.78 0.78 0.78 0.774 0.766 0.766 0.745 0.693 0.662 0.708 0.764 0.764 0.766 0.766 0.766 0.75 0.737 0.714 0.705 0.698 0.711 0.674 0.669 0.67 0.665 0.654 0.655 0.67 0.678 0.658 0.668 0.643 0.629 0.627 0.629 0.645 0.629 0.617 0.62 0.606 0.569 0.482 0.435 0.5 0.399 0.369 0.294 0.249 0.35 0.362 0.284 0.293 0.32 0.383 0.32 0.318 0.272 0.427 0.5 0.394 0.288 0.298 0.225 0.239 0.151 0.124
0.786 0.792 0.805 0.8 0.793 0.793 0.792 0.791 0.785 0.783 0.78 0.78 0.774 0.762 0.75 0.731 0.7 0.635 0.68 0.742 0.774 0.763 0.766 0.761 0.735 0.707 0.714 0.713 0.7 0.713 0.689 0.635 0.592 0.57 0.596 0.59 0.611 0.628 0.626 0.624 0.655 0.625 0.62 0.617 0.615 0.644 0.615 0.604 0.612 0.576 0.563 0.556 0.548 0.547 0.467 0.376 0.303 0.243 0.372 0.314 0.225 0.264 0.308 0.325 0.266 0.254 0.262 0.412 0.495 0.377 0.315 0.311 0.266 0.255 0.201 0.19
0.793 0.801 0.811 0.806 0.799 0.799 0.793 0.793 0.792 0.786 0.78 0.761 0.75 0.722 0.705 0.704 0.713 0.732 0.765 0.777 0.78 0.773 0.766 0.741 0.695 0.685 0.692 0.708 0.686 0.717 0.662 0.595 0.544 0.516 0.572 0.578 0.611 0.621 0.617 0.627 0.629 0.623 0.625 0.624 0.634 0.645 0.625 0.603 0.606 0.527 0.486 0.476 0.554 0.581 0.503 0.382 0.315 0.317 0.406 0.273 0.2 0.213 0.178 0.206 0.19 0.224 0.292 0.389 0.482 0.452 0.413 0.361 0.31 0.322 0.292 0.179
