data/climatemaps/RS_maps/climate_winter_tmin_2006.asc
NCOLS 369 
NROWS 228 
XLLCORNER 479000 
YLLCORNER 73000 
CELLSIZE 1000 
NODATA_value -9 
[rows 0 to 33 of 228, columns 231 to 307 of 369]
-9 -9 -9 -9 -9 -9 -9 -9 -9 -9 -9 -9 -9 -9 -9 -9 -9 -9 -9 -9 -9 -9 -9 -9 -9 -9 -9 -9 -9 -9 -9 -9 -9 -9 -9 -9 -9 -9 -9 -9 -9 -9 -9 -9 -9 -9 -9 -9 -9 -9 -9 -9 -9 -9 -9 -9 -9 -9 -9 -9 -9 -9 -9 -9 -9 -9 -9 -9 -9 -9 -9 -9 -9 -9 -9 -9 -9
-9 -9 -9 -9 -9 -9 -9 -9 -9 -9 -9 -9 -9 -9 -9 -9 -9 -9 -9 -9 -9 -9 -9 -9 -9 -9 -9 -9 -9 -9 -9 -9 -9 -9 -9 -9 -9 -9 -9 -9 -9 -9 -9 -9 -9 -9 -9 -9 -9 -9 -9 -9 -9 -9 -9 -9 -9 -9 -9 -9 -9 -9 -9 -9 -9 -9 -9 -9 -9 -9 -9 -9 -9 -9 -9 -9 -9
-9 -9 -9 -9 -9 -9 -9 -9 -9 -9 -9 -9 -9 -9 -9 -9 -9 -9 -9 -9 -9 -9 -9 -9 -9 -9 -9 -9 -9 -9 -9 -9 -9 -9 -9 -9 -9 -9 -9 -9 -9 -9 -9 -9 -9 -9 -9 -9 -9 -9 -9 -9 -9 -9 -9 -9 -9 -9 -9 -9 -9 -9 -9 -9 -9 -9 -9 -9 -9 -9 -9 -9 -9 -9 -9 -9 -9
1.327 -9 -9 -9 -9 -9 -9 -9 -9 -9 -9 -9 -9 -9 -9 -9 -9 -9 -9 -9 -9 -9 -9 -9 -9 -9 -9 -9 -9 -9 -9 -9 -9 -9 -9 -9 -9 -9 -9 -9 -9 -9 -9 -9 -9 -9 -9 -9 -9 -9 -9 -9 -9 -9 -9 -9 -9 -9 -9 -9 -9 -9 -9 -9 -9 -9 -9 -9 -9 -9 -9 -9 -9 -9 -9 -9 -9
1.342 1.304 -9 -9 -9 -9 -9 -9 -9 -9 -9 -9 -9 -9 -9 -9 -9 -9 -9 -9 -9 -9 -9 -9 -9 -9 -9 -9 -9 -9 -9 -9 -9 -9 -9 -9 -9 -9 -9 -9 -9 -9 -9 -9 -9 -9 -9 -9 -9 -9 -9 -9 -9 -9 -9 -9 -9 -9 -9 -9 -9 -9 -9 -9 -9 -9 -9 -9 -9 -9 -9 -9 -9 -9 -9 -9 -9
1.344 1.341 1.311 -9 -9 -9 -9 -9 -9 -9 -9 -9 -9 -9 -9 -9 -9 -9 -9 -9 -9 -9 -9 -9 -9 -9 -9 -9 -9 -9 -9 -9 -9 -9 -9 -9 -9 -9 -9 -9 -9 -9 -9 -9 -9 -9 -9 -9 -9 -9 -9 -9 -9 -9 -9 -9 -9 -9 -9 -9 -9 -9 -9 -9 -9 -9 -9 -9 -9 -9 -9 -9 -9 -9 -9 -9 -9
1.339 1.355 1.317 1.292 -9 1.352 1.286 1.297 1.299 1.298 1.35 1.397 1.399 1.399 1.392 1.37 -9 -9 -9 -9 -9 -9 -9 -9 -9 -9 -9 -9 -9 -9 -9 -9 -9 -9 -9 -9 -9 -9 -9 -9 -9 -9 -9 -9 -9 -9 -9 -9 -9 -9 -9 -9 -9 -9 -9 -9 -9 -9 -9 -9 -9 -9 -9 -9 -9 -9 -9 -9 -9 -9 -9 -9 -9 -9 -9 -9 -9
1.352 1.364 1.338 1.325 1.342 1.346 1.296 1.287 1.3 1.273 1.287 1.357 1.4 1.406 1.404 1.4 1.374 1.354 1.347 1.35 -9 -9 -9 -9 -9 -9 -9 -9 -9 -9 -9 -9 -9 -9 -9 -9 -9 -9 -9 -9 -9 -9 -9 -9 -9 -9 -9 -9 -9 -9 -9 -9 -9 -9 -9 -9 -9 -9 -9 -9 -9 -9 -9 -9 -9 -9 -9 -9 -9 -9 -9 -9 -9 -9 -9 -9 -9
1.362 1.369 1.362 1.357 1.357 1.364 1.352 1.323 1.325 1.308 1.287 1.307 1.349 1.394 1.409 1.405 1.401 1.39 1.384 1.379 1.359 1.352 1.369 1.362 1.352 1.35 1.347 1.364 1.378 -9 -9 -9 -9 -9 -9 -9 -9 -9 -9 -9 -9 -9 -9 -9 -9 -9 -9 -9 -9 -9 -9 -9 -9 -9 -9 -9 -9 -9 -9 -9 -9 -9 -9 -9 -9 -9 -9 -9 -9 -9 -9 -9 -9 -9 -9 -9 -9
1.363 1.371 1.372 1.37 1.371 1.367 1.377 1.368 1.354 1.342 1.323 1.317 1.326 1.345 1.369 1.401 1.405 1.406 1.404 1.401 1.377 1.369 1.371 1.378 1.375 1.376 1.363 1.371 1.379 1.389 1.382 1.348 1.324 -9 -9 -9 -9 -9 -9 -9 -9 -9 -9 -9 -9 -9 -9 -9 -9 -9 -9 -9 -9 -9 -9 -9 -9 -9 -9 -9 -9 -9 -9 -9 -9 -9 -9 -9 -9 -9 -9 -9 -9 -9 -9 -9 -9
1.369 1.375 1.381 1.382 1.384 1.377 1.375 1.385 1.38 1.381 1.377 1.356 1.341 1.332 1.333 1.356 1.391 1.41 1.405 1.405 1.403 1.396 1.377 1.375 1.372 1.379 1.368 1.37 1.382 1.389 1.389 1.381 1.354 1.333 1.334 -9 -9 -9 -9 -9 -9 -9 -9 -9 -9 -9 -9 -9 -9 -9 -9 -9 -9 -9 -9 -9 -9 -9 -9 -9 -9 -9 -9 -9 -9 -9 -9 -9 -9 -9 -9 -9 -9 -9 -9 -9 -9
1.377 1.384 1.389 1.388 1.39 1.392 1.39 1.388 1.371 1.37 1.379 1.363 1.346 1.332 1.321 1.337 1.37 1.398 1.398 1.408 1.399 1.399 1.4 1.393 1.383 1.385 1.383 1.383 1.382 1.387 1.385 1.389 1.369 1.347 1.343 1.318 1.269 -9 -9 -9 -9 -9 -9 -9 -9 -9 -9 -9 -9 -9 -9 -9 -9 -9 -9 -9 -9 -9 -9 -9 -9 -9 -9 -9 -9 -9 -9 -9 -9 -9 -9 -9 -9 -9 -9 -9 -9
1.387 1.388 1.393 1.393 1.394 1.399 1.399 1.397 1.375 1.37 1.369 1.383 1.371 1.37 1.36 1.364 1.369 1.377 1.386 1.394 1.4 1.401 1.403 1.404 1.399 1.388 1.386 1.39 1.391 1.387 1.384 1.389 1.388 1.373 1.359 1.342 1.313 1.279 1.27 -9 -9 -9 -9 -9 -9 -9 -9 -9 -9 -9 -9 -9 -9 -9 -9 -9 -9 -9 -9 -9 -9 -9 -9 -9 -9 -9 -9 -9 -9 -9 -9 -9 -9 -9 -9 -9 -9
1.384 1.389 1.39 1.394 1.399 1.399 1.399 1.405 1.4 1.395 1.385 1.385 1.389 1.38 1.364 1.371 1.359 1.355 1.367 1.378 1.403 1.405 1.405 1.405 1.401 1.377 1.354 1.357 1.383 1.39 1.389 1.389 1.394 1.388 1.382 1.377 1.366 1.344 1.338 1.358 1.38 -9 -9 -9 -9 -9 -9 -9 -9 -9 -9 -9 -9 -9 -9 -9 -9 -9 -9 -9 -9 -9 -9 -9 -9 -9 -9 -9 -9 -9 -9 -9 -9 -9 -9 -9 -9
1.383 1.384 1.386 1.398 1.399 1.399 1.403 1.405 1.405 1.407 1.404 1.398 1.395 1.386 1.377 1.365 1.351 1.352 1.35 1.363 1.397 1.407 1.405 1.405 1.399 1.368 1.341 1.324 1.341 1.373 1.382 1.384 1.393 1.383 1.384 1.389 1.387 1.382 1.374 1.383 1.384 1.38 1.376 -9 -9 -9 -9 -9 -9 -9 -9 -9 -9 -9 -9 -9 -9 -9 -9 -9 -9 -9 -9 -9 -9 -9 -9 -9 -9 -9 -9 -9 -9 -9 -9 -9 -9
1.371 1.381 1.382 1.383 1.386 1.397 1.403 1.405 1.405 1.406 1.406 1.408 1.408 1.4 1.389 1.377 1.366 1.367 1.364 1.362 1.393 1.407 1.405 1.405 1.406 1.389 1.361 1.34 1.331 1.346 1.366 1.372 1.383 1.387 1.38 1.388 1.389 1.393 1.37 1.375 1.368 1.378 1.377 1.366 1.354 -9 -9 -9 -9 -9 -9 -9 -9 -9 -9 -9 -9 -9 -9 -9 -9 -9 -9 -9 -9 -9 -9 -9 -9 -9 -9 -9 -9 -9 -9 -9 -9
1.296 1.318 1.346 1.369 1.357 1.38 1.391 1.405 1.409 1.41 1.41 1.407 1.408 1.41 1.408 1.395 1.383 1.382 1.378 1.369 1.378 1.397 1.408 1.406 1.406 1.4 1.389 1.369 1.353 1.353 1.362 1.363 1.374 1.385 1.381 1.389 1.386 1.393 1.381 1.374 1.369 1.373 1.378 1.372 1.364 1.373 1.381 -9 -9 -9 -9 -9 -9 -9 -9 -9 -9 -9 -9 -9 -9 -9 -9 -9 -9 -9 -9 -9 -9 -9 -9 -9 -9 -9 -9 -9 -9
1.231 1.247 1.279 1.321 1.353 1.372 1.383 1.407 1.41 1.41 1.41 1.405 1.405 1.41 1.41 1.41 1.404 1.399 1.393 1.378 1.371 1.383 1.393 1.405 1.401 1.399 1.399 1.395 1.383 1.37 1.363 1.358 1.359 1.37 1.378 1.383 1.391 1.389 1.389 1.367 1.368 1.376 1.375 1.381 1.379 1.376 1.38 1.383 -9 -9 -9 -9 -9 -9 -9 -9 -9 -9 -9 -9 -9 -9 -9 -9 -9 -9 -9 -9 -9 -9 -9 -9 -9 -9 -9 -9 -9
1.24 1.236 1.265 1.307 1.349 1.379 1.4 1.41 1.41 1.41 1.41 1.41 1.407 1.41 1.41 1.41 1.41 1.407 1.4 1.394 1.382 1.382 1.384 1.403 1.402 1.399 1.399 1.399 1.398 1.392 1.384 1.37 1.368 1.375 1.38 1.383 1.399 1.399 1.389 1.371 1.378 1.377 1.383 1.385 1.383 1.383 1.375 1.383 1.378 1.368 -9 -9 -9 -9 -9 -9 -9 -9 -9 -9 -9 -9 -9 -9 -9 -9 -9 -9 -9 -9 -9 -9 -9 -9 -9 -9 -9
1.277 1.282 1.318 1.345 1.378 1.4 1.408 1.394 1.389 1.388 1.391 1.392 1.404 1.407 1.41 1.41 1.41 1.41 1.404 1.402 1.396 1.392 1.379 1.398 1.4 1.399 1.399 1.399 1.399 1.395 1.399 1.395 1.38 1.385 1.385 1.386 1.399 1.399 1.393 1.382 1.379 1.38 1.383 1.383 1.383 1.38 1.373 1.38 1.371 1.367 1.361 -9 -9 -9 -9 -9 -9 -9 -9 -9 -9 -9 -9 -9 -9 -9 -9 -9 -9 -9 -9 -9 -9 -9 -9 -9 -9
1.319 1.336 1.369 1.388 1.404 1.405 1.386 1.348 1.333 1.328 1.33 1.348 1.371 1.379 1.392 1.404 1.406 1.406 1.405 1.403 1.403 1.403 1.397 1.402 1.399 1.399 1.399 1.399 1.394 1.394 1.398 1.399 1.399 1.394 1.394 1.397 1.399 1.399 1.398 1.393 1.387 1.379 1.383 1.383 1.383 1.376 1.37 1.372 1.367 1.364 1.35 1.324 -9 -9 -9 -9 -9 -9 -9 -9 -9 -9 -9 -9 -9 -9 -9 -9 -9 -9 -9 -9 -9 -9 -9 -9 -9
1.363 1.381 1.394 1.391 1.384 1.37 1.337 1.288 1.266 1.26 1.265 1.297 1.325 1.342 1.35 1.359 1.38 1.395 1.398 1.403 1.402 1.405 1.404 1.404 1.395 1.395 1.394 1.394 1.394 1.394 1.398 1.398 1.398 1.394 1.394 1.394 1.399 1.397 1.394 1.394 1.394 1.386 1.384 1.383 1.383 1.375 1.366 1.372 1.363 1.355 1.336 1.311 1.287 -9 -9 -9 -9 -9 -9 -9 -9 -9 -9 -9 -9 -9 -9 -9 -9 -9 -9 -9 -9 -9 -9 -9 -9
1.392 1.381 1.349 1.329 1.326 1.325 1.3 1.257 1.244 1.232 1.257 1.269 1.292 1.312 1.318 1.318 1.341 1.359 1.371 1.38 1.388 1.393 1.393 1.401 1.398 1.394 1.394 1.394 1.393 1.393 1.395 1.393 1.394 1.394 1.394 1.392 1.395 1.394 1.394 1.391 1.391 1.389 1.384 1.383 1.383 1.377 1.363 1.365 1.359 1.344 1.339 1.32 1.303 1.301 1.318 -9 -9 -9 -9 -9 -9 -9 -9 -9 -9 -9 -9 -9 -9 -9 -9 -9 -9 -9 -9 -9 -9
1.347 1.337 1.292 1.292 1.306 1.312 1.301 1.282 1.274 1.275 1.288 1.295 1.298 1.29 1.301 1.31 1.317 1.325 1.335 1.341 1.356 1.365 1.378 1.386 1.39 1.392 1.393 1.394 1.391 1.389 1.389 1.39 1.394 1.392 1.392 1.389 1.389 1.391 1.391 1.389 1.387 1.385 1.381 1.38 1.38 1.378 1.369 1.362 1.35 1.337 1.337 1.339 1.335 1.33 1.31 1.298 -9 -9 -9 -9 -9 -9 -9 -9 -9 -9 -9 -9 -9 -9 -9 -9 -9 -9 -9 -9 -9
1.304 1.302 1.279 1.295 1.314 1.323 1.309 1.307 1.307 1.308 1.309 1.309 1.31 1.31 1.31 1.305 1.31 1.311 1.318 1.324 1.325 1.334 1.346 1.355 1.366 1.378 1.385 1.39 1.389 1.389 1.387 1.387 1.391 1.389 1.389 1.389 1.386 1.383 1.382 1.382 1.38 1.38 1.378 1.378 1.378 1.378 1.364 1.359 1.34 1.336 1.341 1.34 1.312 1.29 1.289 1.275 1.272 1.272 -9 -9 -9 -9 -9 -9 -9 -9 -9 -9 -9 -9 -9 -9 -9 -9 -9 -9 -9
1.266 1.302 1.31 1.317 1.334 1.332 1.334 1.339 1.341 1.336 1.34 1.337 1.337 1.328 1.322 1.322 1.316 1.322 1.321 1.316 1.312 1.317 1.322 1.323 1.339 1.35 1.365 1.373 1.381 1.386 1.385 1.383 1.385 1.388 1.386 1.382 1.38 1.379 1.378 1.375 1.374 1.374 1.374 1.375 1.369 1.366 1.362 1.359 1.35 1.342 1.341 1.34 1.311 1.29 1.285 1.273 1.273 1.273 1.27 -9 -9 -9 -9 -9 -9 -9 -9 -9 -9 -9 -9 -9 -9 -9 -9 -9 -9
1.271 1.324 1.325 1.342 1.351 1.352 1.358 1.359 1.376 1.379 1.376 1.366 1.351 1.348 1.34 1.341 1.339 1.332 1.324 1.317 1.303 1.299 1.301 1.302 1.316 1.327 1.343 1.354 1.365 1.377 1.382 1.383 1.383 1.381 1.38 1.378 1.378 1.375 1.374 1.373 1.373 1.368 1.368 1.363 1.363 1.362 1.362 1.354 1.349 1.341 1.341 1.341 1.322 1.299 1.289 1.279 1.273 1.274 1.271 -9 -9 -9 -9 -9 -9 -9 -9 -9 -9 -9 -9 -9 -9 -9 -9 -9 -9
1.336 1.339 1.353 1.374 1.374 1.386 1.39 1.394 1.399 1.39 1.387 1.38 1.376 1.359 1.354 1.349 1.338 1.328 1.32 1.306 1.293 1.289 1.291 1.292 1.296 1.308 1.325 1.331 1.345 1.359 1.369 1.376 1.376 1.374 1.374 1.376 1.374 1.373 1.373 1.373 1.368 1.363 1.362 1.362 1.358 1.357 1.357 1.356 1.341 1.341 1.34 1.341 1.329 1.308 1.294 1.291 1.279 1.275 1.275 1.265 -9 -9 -9 -9 -9 -9 -9 -9 -9 -9 -9 -9 -9 -9 -9 -9 -9
1.369 1.371 1.384 1.396 1.4 1.399 1.404 1.4 1.406 1.402 1.397 1.395 1.388 1.362 1.324 1.307 1.292 1.288 1.29 1.296 1.29 1.289 1.289 1.289 1.286 1.3 1.31 1.308 1.321 1.329 1.34 1.357 1.366 1.37 1.369 1.369 1.368 1.373 1.368 1.364 1.362 1.362 1.357 1.357 1.357 1.356 1.354 1.35 1.341 1.341 1.341 1.34 1.335 1.311 1.303 1.298 1.285 1.278 1.277 1.265 1.256 -9 -9 -9 -9 -9 -9 -9 -9 -9 -9 -9 -9 -9 -9 -9 -9
1.377 1.386 1.397 1.399 1.403 1.399 1.398 1.394 1.396 1.404 1.403 1.397 1.394 1.371 1.312 1.277 1.254 1.252 1.266 1.289 1.296 1.295 1.295 1.295 1.294 1.304 1.308 1.308 1.315 1.316 1.322 1.33 1.344 1.355 1.362 1.368 1.368 1.359 1.361 1.361 1.36 1.357 1.356 1.354 1.354 1.347 1.341 1.341 1.34 1.34 1.338 1.334 1.331 1.319 1.315 1.309 1.294 1.289 1.284 1.28 1.268 -9 -9 -9 -9 -9 -9 -9 -9 -9 -9 -9 -9 -9 -9 -9 -9
1.393 1.395 1.396 1.392 1.381 1.371 1.36 1.359 1.361 1.366 1.376 1.389 1.392 1.39 1.368 1.33 1.301 1.295 1.301 1.311 1.316 1.317 1.314 1.314 1.308 1.311 1.31 1.31 1.324 1.324 1.325 1.326 1.324 1.333 1.341 1.357 1.357 1.357 1.357 1.353 1.352 1.351 1.35 1.341 1.341 1.341 1.34 1.339 1.336 1.334 1.331 1.329 1.324 1.323 1.32 1.317 1.306 1.302 1.299 1.293 1.283 -9 -9 -9 -9 -9 -9 -9 -9 -9 -9 -9 -9 -9 -9 -9 -9
1.388 1.379 1.368 1.352 1.313 1.288 1.285 1.295 1.31 1.319 1.342 1.367 1.377 1.386 1.384 1.376 1.359 1.355 1.353 1.349 1.343 1.333 1.333 1.328 1.32 1.321 1.332 1.333 1.335 1.336 1.334 1.326 1.326 1.332 1.34 1.348 1.356 1.354 1.352 1.351 1.35 1.346 1.341 1.341 1.339 1.338 1.334 1.334 1.331 1.326 1.323 1.323 1.32 1.32 1.32 1.315 1.308 1.307 1.304 1.298 1.297 1.295 1.276 -9 -9 -9 -9 -9 -9 -9 -9 -9 -9 -9 -9 -9 -9
1.369 1.337 1.318 1.297 1.265 1.251 1.247 1.26 1.289 1.305 1.327 1.343 1.353 1.37 1.372 1.376 1.373 1.368 1.363 1.361 1.35 1.345 1.336 1.335 1.335 1.335 1.336 1.336 1.336 1.336 1.336 1.335 1.333 1.34 1.343 1.345 1.35 1.351 1.348 1.346 1.344 1.341 1.339 1.337 1.334 1.331 1.327 1.325 1.323 1.32 1.32 1.32 1.319 1.313 1.31 1.307 1.306 1.305 1.304 1.299 1.299 1.299 1.287 1.279 -9 -9 -9 -9 -9 -9 -9 -9 -9 -9 -9 -9 -9
1.348 1.32 1.292 1.282 1.279 1.278 1.27 1.266 1.287 1.305 1.323 1.329 1.335 1.345 1.356 1.35 1.352 1.358 1.349 1.349 1.345 1.324 1.329 1.331 1.324 1.315 1.313 1.318 1.318 1.322 1.327 1.323 1.329 1.33 1.333 1.336 1.343 1.343 1.336 1.338 1.339 1.337 1.334 1.328 1.327 1.323 1.321 1.32 1.32 1.32 1.317 1.311 1.308 1.306 1.305 1.304 1.304 1.303 1.3 1.299 1.299 1.294 1.287 1.275 1.231 1.066 -9 -9 -9 -9 -9 -9 -9 -9 -9 -9 -9
