data/climatemaps/RS_maps/climate_winter_pr_2014.asc
NCOLS 369 
NROWS 228 
XLLCORNER 479000 
YLLCORNER 73000 
CELLSIZE 1000 
NODATA_value -9 
[rows 132 to 164 of 228, columns 228 to 303 of 369]
-0.18 -0.26 -0.115 -0.059 0.167 0.423 0.529 0.582 0.526 0.35 0.055 -0.131 0.043 0.234 0.34 0.376 0.377 0.304 0.05 -0.247 -0.406 -0.412 -0.322 -0.311 -0.299 -0.469 -0.67 -0.632 -0.464 -0.295 -0.125 -0.054 -0.059 -0.183 -0.334 -0.318 -0.246 -0.221 -0.259 -0.102 -0.132 -0.205 -0.303 -0.427 -0.599 -0.793 -1.002 -1.01 -0.865 -0.678 -0.56 -0.468 -0.49 -0.584 -0.746 -0.927 -1.059 -1.072 -1.005 -0.996 -0.925 -0.848 -0.812 -0.686 -0.719 -0.728 -0.859 -1.012 -1.035 -0.958 -0.907 -0.921 -0.892 -0.899 -0.885 -0.869
-0.078 -0.122 0.049 0.061 0.242 0.501 0.614 0.629 0.559 0.413 0.223 0.084 0.129 0.331 0.425 0.394 0.344 0.253 0.006 -0.234 -0.243 -0.252 -0.207 -0.123 -0.162 -0.318 -0.578 -0.535 -0.432 -0.312 -0.097 -0.009 -0.018 -0.176 -0.252 -0.215 -0.153 -0.138 -0.118 -0.026 -0.083 -0.177 -0.283 -0.424 -0.626 -0.853 -1.013 -0.993 -0.862 -0.675 -0.479 -0.374 -0.373 -0.442 -0.609 -0.808 -0.97 -1.014 -0.916 -0.886 -0.822 -0.719 -0.663 -0.539 -0.555 -0.56 -0.605 -0.815 -0.954 -0.986 -0.99 -1.011 -0.973 -0.912 -0.853 -0.834
0.04 0.002 0.128 0.199 0.312 0.555 0.663 0.661 0.655 0.581 0.488 0.418 0.288 0.403 0.481 0.452 0.364 0.178 -0.005 -0.155 -0.099 -0.058 -0.082 0.008 -0.054 -0.258 -0.539 -0.495 -0.394 -0.335 -0.131 -0.008 -0.017 -0.16 -0.182 -0.098 -0.068 -0.07 -0.019 -0.003 -0.067 -0.142 -0.281 -0.456 -0.674 -0.889 -1.004 -0.933 -0.804 -0.63 -0.416 -0.286 -0.27 -0.317 -0.482 -0.692 -0.899 -0.996 -0.926 -0.84 -0.752 -0.644 -0.562 -0.427 -0.411 -0.449 -0.454 -0.615 -0.796 -0.927 -0.982 -0.964 -0.9 -0.855 -0.818 -0.795
0.149 0.177 0.235 0.337 0.453 0.684 0.822 0.764 0.801 0.751 0.709 0.618 0.464 0.456 0.54 0.466 0.376 0.324 0.122 -0.04 0.01 0.067 0.118 0.096 -0.045 -0.27 -0.533 -0.519 -0.344 -0.24 -0.09 -0.011 -0.014 -0.153 -0.146 -0.044 -0.054 -0.058 -0.009 -0.009 -0.042 -0.114 -0.267 -0.479 -0.696 -0.895 -0.973 -0.857 -0.708 -0.568 -0.354 -0.216 -0.16 -0.175 -0.365 -0.618 -0.843 -0.985 -0.941 -0.864 -0.753 -0.604 -0.494 -0.389 -0.319 -0.348 -0.316 -0.421 -0.563 -0.77 -0.908 -0.909 -0.886 -0.871 -0.837 -0.807
0.284 0.382 0.423 0.518 0.636 0.821 0.924 0.861 0.839 0.758 0.709 0.643 0.537 0.539 0.607 0.543 0.503 0.458 0.19 0.064 0.119 0.193 0.191 0.088 -0.059 -0.319 -0.525 -0.491 -0.371 -0.23 -0.091 -0.013 -0.006 -0.142 -0.125 -0.037 -0.061 -0.066 -0.024 -0.023 -0.055 -0.099 -0.227 -0.422 -0.687 -0.895 -0.947 -0.828 -0.666 -0.516 -0.328 -0.171 -0.13 -0.175 -0.344 -0.579 -0.794 -0.962 -0.983 -0.925 -0.858 -0.687 -0.536 -0.407 -0.314 -0.299 -0.201 -0.278 -0.369 -0.562 -0.81 -0.82 -0.855 -0.879 -0.861 -0.831
0.417 0.467 0.583 0.687 0.781 0.898 0.87 0.79 0.779 0.699 0.654 0.617 0.597 0.631 0.675 0.575 0.501 0.408 0.208 0.216 0.307 0.29 0.193 0.08 -0.116 -0.357 -0.475 -0.417 -0.343 -0.286 -0.131 -0.016 0.001 -0.117 -0.155 -0.076 -0.06 -0.045 -0.004 0.015 -0.018 -0.055 -0.161 -0.373 -0.692 -0.888 -0.905 -0.807 -0.687 -0.495 -0.253 -0.159 -0.149 -0.203 -0.321 -0.508 -0.722 -0.925 -1.011 -0.996 -0.902 -0.78 -0.668 -0.509 -0.379 -0.308 -0.19 -0.22 -0.281 -0.453 -0.711 -0.743 -0.785 -0.833 -0.845 -0.82
0.581 0.466 0.635 0.753 0.827 0.897 0.822 0.703 0.773 0.763 0.731 0.676 0.62 0.714 0.725 0.712 0.569 0.38 0.322 0.375 0.401 0.31 0.216 0.056 -0.138 -0.263 -0.353 -0.396 -0.29 -0.251 -0.099 -0.008 0.019 -0.077 -0.145 -0.076 -0.051 -0.026 0.025 0.044 0.039 -0.013 -0.153 -0.372 -0.685 -0.867 -0.851 -0.754 -0.662 -0.509 -0.262 -0.167 -0.169 -0.149 -0.229 -0.415 -0.657 -0.875 -1.009 -1.039 -0.951 -0.882 -0.8 -0.624 -0.515 -0.408 -0.27 -0.241 -0.296 -0.406 -0.619 -0.735 -0.804 -0.831 -0.834 -0.813
0.732 0.562 0.653 0.718 0.776 0.867 0.839 0.628 0.675 0.704 0.632 0.592 0.607 0.634 0.697 0.721 0.613 0.524 0.45 0.501 0.473 0.36 0.214 0.053 -0.027 -0.066 -0.187 -0.361 -0.275 -0.172 -0.074 -0.017 -0.003 -0.034 -0.044 -0.023 -0.035 -0.054 -0.036 -0.037 -0.032 -0.088 -0.186 -0.358 -0.654 -0.82 -0.797 -0.712 -0.605 -0.469 -0.278 -0.174 -0.114 -0.065 -0.157 -0.353 -0.607 -0.787 -0.94 -1.058 -1.021 -0.972 -0.91 -0.773 -0.654 -0.512 -0.32 -0.267 -0.293 -0.36 -0.505 -0.597 -0.736 -0.82 -0.851 -0.847
0.873 0.727 0.794 0.797 0.861 0.885 0.719 0.471 0.457 0.536 0.491 0.484 0.474 0.546 0.612 0.724 0.712 0.611 0.558 0.588 0.467 0.32 0.171 0.153 0.144 0.084 -0.06 -0.275 -0.246 -0.113 -0.044 -0.009 0.007 0.017 -0.006 -0.039 -0.058 -0.057 -0.101 -0.165 -0.2 -0.213 -0.232 -0.363 -0.643 -0.807 -0.792 -0.732 -0.66 -0.491 -0.282 -0.163 -0.057 -0.03 -0.148 -0.345 -0.543 -0.639 -0.798 -0.991 -1.052 -1.012 -0.925 -0.809 -0.687 -0.586 -0.423 -0.275 -0.253 -0.322 -0.417 -0.449 -0.581 -0.703 -0.766 -0.781
0.92 0.875 0.979 0.931 0.867 0.809 0.615 0.324 0.249 0.39 0.349 0.334 0.436 0.563 0.66 0.736 0.736 0.645 0.596 0.549 0.383 0.278 0.241 0.293 0.265 0.19 0.017 -0.162 -0.154 -0.096 -0.018 -0.001 0.01 -0.016 -0.079 -0.144 -0.137 -0.107 -0.194 -0.318 -0.396 -0.412 -0.422 -0.469 -0.625 -0.733 -0.831 -0.747 -0.619 -0.476 -0.295 -0.126 -0.045 -0.072 -0.173 -0.339 -0.433 -0.478 -0.645 -0.872 -0.999 -0.983 -0.9 -0.823 -0.702 -0.606 -0.497 -0.301 -0.237 -0.28 -0.311 -0.354 -0.471 -0.614 -0.724 -0.785
0.983 1.005 1.041 0.907 0.744 0.604 0.459 0.152 0.036 0.175 0.195 0.244 0.452 0.638 0.755 0.739 0.635 0.574 0.504 0.435 0.336 0.384 0.372 0.365 0.344 0.232 0.062 -0.005 -0.005 -0.039 -0.057 -0.07 -0.058 -0.056 -0.126 -0.188 -0.261 -0.27 -0.365 -0.429 -0.433 -0.385 -0.429 -0.437 -0.481 -0.636 -0.786 -0.722 -0.602 -0.442 -0.28 -0.126 -0.08 -0.108 -0.218 -0.299 -0.283 -0.352 -0.549 -0.777 -0.94 -0.939 -0.878 -0.81 -0.7 -0.583 -0.497 -0.338 -0.203 -0.204 -0.239 -0.349 -0.487 -0.59 -0.616 -0.626
0.979 0.957 0.926 0.816 0.615 0.389 0.22 -0.015 -0.113 -0.013 0.117 0.303 0.438 0.622 0.793 0.745 0.632 0.668 0.591 0.467 0.389 0.494 0.464 0.414 0.339 0.233 0.176 0.137 0.064 -0.06 -0.149 -0.194 -0.188 -0.187 -0.248 -0.316 -0.355 -0.403 -0.394 -0.348 -0.26 -0.205 -0.289 -0.255 -0.325 -0.557 -0.714 -0.662 -0.585 -0.464 -0.303 -0.163 -0.119 -0.128 -0.208 -0.239 -0.165 -0.278 -0.453 -0.683 -0.875 -0.872 -0.841 -0.81 -0.716 -0.541 -0.428 -0.297 -0.203 -0.211 -0.305 -0.397 -0.455 -0.473 -0.468 -0.502
0.891 0.886 0.859 0.784 0.61 0.374 0.157 -0.1 -0.174 -0.057 0.104 0.342 0.489 0.598 0.799 0.751 0.719 0.798 0.718 0.606 0.437 0.528 0.548 0.468 0.392 0.366 0.276 0.14 0.025 -0.109 -0.268 -0.349 -0.368 -0.382 -0.417 -0.414 -0.38 -0.35 -0.258 -0.176 -0.122 -0.098 -0.177 -0.094 -0.186 -0.432 -0.586 -0.518 -0.51 -0.432 -0.321 -0.197 -0.155 -0.081 -0.133 -0.199 -0.086 -0.174 -0.324 -0.566 -0.804 -0.83 -0.842 -0.829 -0.746 -0.581 -0.417 -0.316 -0.216 -0.265 -0.323 -0.328 -0.386 -0.371 -0.413 -0.443
0.838 0.863 0.841 0.758 0.579 0.354 0.149 -0.154 -0.287 -0.159 0.023 0.281 0.525 0.656 0.836 0.767 0.802 0.881 0.807 0.673 0.496 0.567 0.589 0.513 0.523 0.446 0.286 0.068 -0.088 -0.23 -0.34 -0.393 -0.412 -0.385 -0.323 -0.258 -0.193 -0.209 -0.128 -0.073 -0.019 -0.036 -0.075 0.037 -0.051 -0.329 -0.463 -0.399 -0.394 -0.365 -0.305 -0.213 -0.146 -0.059 -0.107 -0.119 -0.04 -0.12 -0.278 -0.516 -0.745 -0.821 -0.849 -0.837 -0.76 -0.636 -0.463 -0.362 -0.302 -0.296 -0.27 -0.291 -0.345 -0.339 -0.391 -0.428
0.686 0.741 0.732 0.658 0.473 0.219 -0.021 -0.265 -0.409 -0.249 -0.011 0.179 0.447 0.678 0.839 0.789 0.87 0.925 0.825 0.683 0.594 0.62 0.625 0.559 0.505 0.385 0.182 -0.008 -0.116 -0.168 -0.153 -0.246 -0.221 -0.113 -0.087 -0.092 -0.064 -0.077 -0.053 0.014 0.042 0.004 0.047 0.124 0.024 -0.237 -0.394 -0.381 -0.362 -0.361 -0.3 -0.226 -0.142 -0.095 -0.116 -0.007 -0.028 -0.134 -0.269 -0.506 -0.708 -0.816 -0.843 -0.849 -0.793 -0.691 -0.492 -0.409 -0.336 -0.311 -0.241 -0.283 -0.318 -0.326 -0.395 -0.443
0.659 0.636 0.598 0.539 0.388 0.163 -0.085 -0.332 -0.458 -0.318 -0.042 0.123 0.326 0.607 0.831 0.797 0.922 0.995 0.848 0.734 0.695 0.713 0.62 0.515 0.364 0.216 0.088 0.038 0.047 -0.034 0.03 -0.046 -0.064 0.101 0.066 0.034 0.06 0.044 0.014 0.078 0.093 0.049 0.127 0.161 0.058 -0.127 -0.287 -0.384 -0.407 -0.405 -0.351 -0.276 -0.188 -0.124 -0.08 -0.015 -0.063 -0.163 -0.266 -0.401 -0.618 -0.771 -0.809 -0.829 -0.805 -0.723 -0.573 -0.457 -0.352 -0.32 -0.285 -0.314 -0.321 -0.321 -0.372 -0.443
0.67 0.639 0.593 0.548 0.459 0.279 0.007 -0.31 -0.488 -0.389 -0.118 0.095 0.277 0.577 0.815 0.839 0.93 0.996 0.903 0.834 0.788 0.732 0.61 0.449 0.398 0.34 0.205 0.154 0.12 0.088 0.137 0.107 0.052 0.157 0.184 0.171 0.203 0.154 0.104 0.108 0.093 0.091 0.13 0.112 0.031 0.012 -0.071 -0.299 -0.417 -0.394 -0.365 -0.323 -0.252 -0.152 -0.094 -0.109 -0.132 -0.198 -0.162 -0.268 -0.497 -0.724 -0.769 -0.794 -0.801 -0.752 -0.637 -0.54 -0.423 -0.37 -0.325 -0.344 -0.352 -0.345 -0.388 -0.475
0.551 0.647 0.689 0.675 0.606 0.414 0.097 -0.277 -0.53 -0.47 -0.246 0.034 0.232 0.556 0.82 0.897 0.92 0.881 0.835 0.805 0.79 0.714 0.545 0.572 0.613 0.488 0.308 0.207 0.187 0.142 0.17 0.186 0.133 0.232 0.311 0.288 0.305 0.216 0.133 0.07 0.017 0.024 0.038 0.031 0.039 0.118 0.058 -0.177 -0.326 -0.349 -0.323 -0.314 -0.268 -0.201 -0.16 -0.121 -0.084 -0.102 -0.099 -0.17 -0.374 -0.633 -0.748 -0.778 -0.797 -0.766 -0.697 -0.614 -0.514 -0.456 -0.38 -0.341 -0.368 -0.401 -0.459 -0.561
0.308 0.479 0.636 0.667 0.585 0.386 0.068 -0.299 -0.55 -0.551 -0.383 -0.141 0.159 0.494 0.735 0.885 0.869 0.797 0.8 0.782 0.729 0.697 0.712 0.763 0.704 0.542 0.361 0.23 0.145 0.106 0.164 0.216 0.207 0.316 0.381 0.335 0.299 0.2 0.073 -0.045 -0.109 -0.089 -0.065 -0.03 0.072 0.176 0.104 -0.086 -0.208 -0.334 -0.329 -0.343 -0.314 -0.241 -0.179 -0.09 -0.032 -0.07 -0.045 -0.113 -0.293 -0.55 -0.703 -0.742 -0.765 -0.764 -0.731 -0.683 -0.582 -0.529 -0.441 -0.377 -0.347 -0.423 -0.554 -0.664
0.039 0.246 0.475 0.541 0.459 0.256 -0.046 -0.364 -0.573 -0.575 -0.381 -0.144 0.132 0.426 0.623 0.765 0.817 0.806 0.815 0.807 0.798 0.83 0.848 0.813 0.717 0.562 0.364 0.201 0.101 0.105 0.164 0.181 0.195 0.347 0.393 0.321 0.273 0.185 0.042 -0.152 -0.216 -0.209 -0.157 -0.08 0.096 0.221 0.147 -0.025 -0.066 -0.282 -0.39 -0.421 -0.392 -0.313 -0.256 -0.142 -0.077 -0.103 -0.013 -0.09 -0.236 -0.464 -0.657 -0.715 -0.752 -0.783 -0.762 -0.728 -0.636 -0.582 -0.506 -0.451 -0.4 -0.485 -0.642 -0.723
-0.176 0.046 0.269 0.363 0.326 0.112 -0.184 -0.443 -0.591 -0.554 -0.295 -0.019 0.253 0.426 0.488 0.638 0.737 0.773 0.778 0.811 0.842 0.907 0.89 0.825 0.743 0.59 0.346 0.142 0.055 0.072 0.106 0.11 0.151 0.335 0.398 0.347 0.274 0.145 -0.018 -0.217 -0.314 -0.335 -0.254 -0.099 0.101 0.205 0.164 0.052 0.017 -0.19 -0.32 -0.402 -0.455 -0.408 -0.328 -0.234 -0.15 -0.108 -0.038 -0.072 -0.189 -0.373 -0.601 -0.725 -0.783 -0.82 -0.79 -0.722 -0.622 -0.55 -0.486 -0.468 -0.488 -0.587 -0.714 -0.749
-0.332 -0.123 0.087 0.188 0.164 0.028 -0.209 -0.452 -0.566 -0.469 -0.22 0.03 0.272 0.378 0.428 0.467 0.539 0.566 0.58 0.699 0.772 0.789 0.833 0.875 0.793 0.634 0.347 0.097 -0.016 -0.038 0.005 0.012 0.079 0.291 0.405 0.363 0.258 0.023 -0.155 -0.28 -0.404 -0.445 -0.305 -0.117 0.057 0.143 0.132 0.1 0.094 -0.177 -0.22 -0.288 -0.403 -0.464 -0.395 -0.309 -0.214 -0.154 -0.089 -0.102 -0.184 -0.343 -0.541 -0.701 -0.762 -0.784 -0.74 -0.665 -0.555 -0.474 -0.437 -0.451 -0.531 -0.668 -0.759 -0.758
-0.444 -0.258 -0.044 0.046 0.049 -0.036 -0.217 -0.44 -0.548 -0.427 -0.174 -0.005 0.249 0.347 0.388 0.319 0.315 0.356 0.411 0.585 0.722 0.738 0.783 0.871 0.779 0.625 0.361 0.082 -0.089 -0.158 -0.118 -0.074 0.042 0.24 0.344 0.32 0.212 -0.052 -0.255 -0.353 -0.489 -0.508 -0.369 -0.178 -0.015 0.104 0.101 0.123 0.094 -0.144 -0.172 -0.207 -0.306 -0.36 -0.398 -0.384 -0.32 -0.271 -0.192 -0.161 -0.222 -0.321 -0.454 -0.631 -0.656 -0.677 -0.636 -0.581 -0.462 -0.402 -0.42 -0.494 -0.627 -0.734 -0.777 -0.742
-0.528 -0.403 -0.214 -0.045 0.022 -0.028 -0.194 -0.388 -0.509 -0.439 -0.277 -0.11 0.144 0.293 0.335 0.265 0.155 0.235 0.387 0.56 0.663 0.69 0.778 0.827 0.733 0.594 0.372 0.083 -0.124 -0.235 -0.205 -0.118 -0.005 0.133 0.243 0.281 0.175 -0.096 -0.346 -0.425 -0.557 -0.55 -0.397 -0.2 -0.063 0.084 0.071 0.125 0.111 -0.13 -0.126 -0.132 -0.221 -0.251 -0.319 -0.383 -0.323 -0.315 -0.257 -0.192 -0.229 -0.285 -0.393 -0.552 -0.591 -0.601 -0.568 -0.522 -0.461 -0.451 -0.498 -0.596 -0.685 -0.728 -0.722 -0.697
-0.564 -0.53 -0.362 -0.146 -0.001 0.007 -0.128 -0.316 -0.469 -0.478 -0.388 -0.227 0.018 0.168 0.218 0.153 0.051 0.144 0.357 0.527 0.604 0.629 0.691 0.699 0.618 0.53 0.365 0.086 -0.152 -0.316 -0.317 -0.241 -0.131 0.019 0.139 0.194 0.111 -0.077 -0.342 -0.49 -0.575 -0.565 -0.461 -0.28 -0.1 0.028 0.049 0.149 0.112 -0.072 -0.107 -0.097 -0.129 -0.179 -0.267 -0.301 -0.221 -0.247 -0.267 -0.188 -0.181 -0.238 -0.369 -0.473 -0.524 -0.537 -0.55 -0.54 -0.536 -0.579 -0.61 -0.647 -0.677 -0.666 -0.674 -0.642
-0.504 -0.609 -0.52 -0.33 -0.119 -0.001 -0.056 -0.193 -0.354 -0.482 -0.5 -0.373 -0.142 -0.039 -0.013 -0.036 -0.036 0.086 0.298 0.471 0.584 0.612 0.526 0.519 0.523 0.489 0.353 0.096 -0.18 -0.384 -0.447 -0.341 -0.192 -0.065 0.04 0.121 0.143 0.039 -0.298 -0.506 -0.557 -0.572 -0.518 -0.345 -0.165 -0.041 0.02 0.169 0.148 0.007 -0.102 -0.095 -0.079 -0.129 -0.22 -0.243 -0.154 -0.153 -0.202 -0.145 -0.136 -0.209 -0.316 -0.397 -0.46 -0.517 -0.559 -0.587 -0.615 -0.625 -0.621 -0.631 -0.627 -0.636 -0.641 -0.581
-0.431 -0.629 -0.633 -0.49 -0.273 -0.086 -0.045 -0.087 -0.219 -0.406 -0.523 -0.488 -0.314 -0.235 -0.185 -0.102 0.007 0.1 0.224 0.383 0.579 0.635 0.483 0.418 0.467 0.416 0.316 0.177 -0.064 -0.331 -0.501 -0.461 -0.288 -0.12 0.023 0.122 0.159 0.048 -0.256 -0.502 -0.543 -0.571 -0.512 -0.37 -0.214 -0.085 -0.007 0.142 0.182 0.094 -0.015 -0.098 -0.064 -0.093 -0.177 -0.204 -0.115 -0.068 -0.102 -0.056 -0.096 -0.183 -0.271 -0.361 -0.443 -0.545 -0.607 -0.652 -0.648 -0.618 -0.57 -0.581 -0.613 -0.601 -0.607 -0.535
-0.339 -0.571 -0.675 -0.597 -0.427 -0.243 -0.092 -0.046 -0.136 -0.329 -0.503 -0.553 -0.464 -0.352 -0.193 -0.088 0.071 0.186 0.266 0.364 0.586 0.646 0.451 0.321 0.385 0.339 0.316 0.256 0.071 -0.255 -0.522 -0.562 -0.386 -0.256 -0.043 0.073 0.126 0.039 -0.21 -0.502 -0.581 -0.616 -0.552 -0.426 -0.289 -0.14 -0.046 0.08 0.178 0.144 0.067 -0.076 -0.066 -0.086 -0.157 -0.16 -0.074 -0.024 -0.04 -0.034 -0.096 -0.209 -0.324 -0.447 -0.552 -0.635 -0.67 -0.638 -0.566 -0.503 -0.491 -0.491 -0.585 -0.604 -0.597 -0.527
-0.182 -0.435 -0.612 -0.638 -0.55 -0.389 -0.219 -0.099 -0.137 -0.306 -0.5 -0.587 -0.526 -0.35 -0.156 -0.038 0.066 0.173 0.285 0.418 0.58 0.614 0.415 0.258 0.247 0.192 0.213 0.211 0.039 -0.249 -0.517 -0.595 -0.47 -0.303 -0.115 0.003 0.092 0.077 -0.121 -0.449 -0.621 -0.651 -0.612 -0.527 -0.383 -0.194 -0.07 0.011 0.125 0.151 0.075 -0.057 -0.087 -0.108 -0.159 -0.143 -0.063 -0.035 -0.062 -0.1 -0.168 -0.281 -0.411 -0.582 -0.693 -0.698 -0.674 -0.587 -0.468 -0.407 -0.426 -0.419 -0.518 -0.594 -0.582 -0.527
-0.022 -0.19 -0.423 -0.589 -0.612 -0.522 -0.387 -0.227 -0.201 -0.332 -0.517 -0.609 -0.55 -0.36 -0.175 -0.023 0.092 0.186 0.296 0.453 0.568 0.555 0.345 0.227 0.165 0.104 0.169 0.194 0.057 -0.218 -0.508 -0.617 -0.507 -0.311 -0.135 -0.016 0.113 0.114 -0.066 -0.416 -0.617 -0.611 -0.584 -0.541 -0.421 -0.232 -0.116 -0.067 0.063 0.094 0.004 -0.063 -0.136 -0.173 -0.18 -0.162 -0.1 -0.1 -0.113 -0.157 -0.232 -0.293 -0.423 -0.655 -0.735 -0.647 -0.614 -0.56 -0.391 -0.317 -0.357 -0.361 -0.431 -0.576 -0.567 -0.518
0.185 0.105 -0.162 -0.436 -0.593 -0.604 -0.541 -0.383 -0.29 -0.393 -0.56 -0.633 -0.567 -0.439 -0.306 -0.143 0.025 0.166 0.323 0.495 0.514 0.463 0.24 0.218 0.171 0.116 0.184 0.183 0.066 -0.201 -0.504 -0.629 -0.53 -0.337 -0.152 -0.025 0.12 0.141 -0.027 -0.386 -0.622 -0.619 -0.576 -0.53 -0.435 -0.281 -0.198 -0.138 -0.031 -0.022 -0.058 -0.101 -0.161 -0.233 -0.247 -0.226 -0.209 -0.171 -0.149 -0.207 -0.297 -0.408 -0.533 -0.706 -0.726 -0.595 -0.521 -0.504 -0.373 -0.27 -0.295 -0.329 -0.348 -0.514 -0.565 -0.51
0.345 0.245 0.06 -0.146 -0.399 -0.562 -0.617 -0.542 -0.432 -0.468 -0.595 -0.623 -0.52 -0.389 -0.307 -0.201 -0.07 0.089 0.25 0.395 0.509 0.427 0.184 0.098 0.058 0.048 0.125 0.125 -0.008 -0.267 -0.525 -0.603 -0.524 -0.356 -0.19 -0.091 0.045 0.137 -0.02 -0.335 -0.641 -0.683 -0.638 -0.586 -0.505 -0.356 -0.281 -0.224 -0.175 -0.154 -0.123 -0.18 -0.207 -0.281 -0.298 -0.322 -0.323 -0.317 -0.307 -0.35 -0.442 -0.579 -0.673 -0.754 -0.698 -0.541 -0.433 -0.423 -0.334 -0.227 -0.243 -0.299 -0.292 -0.448 -0.552 -0.528
0.377 0.318 0.335 0.176 -0.113 -0.371 -0.594 -0.64 -0.575 -0.547 -0.639 -0.606 -0.45 -0.238 -0.161 -0.054 0.006 0.11 0.329 0.423 0.532 0.406 0.115 -0.001 0.002 0.02 0.089 0.087 -0.067 -0.342 -0.554 -0.579 -0.519 -0.382 -0.237 -0.133 -0.017 0.057 -0.047 -0.319 -0.642 -0.736 -0.667 -0.607 -0.543 -0.454 -0.401 -0.387 -0.37 -0.322 -0.285 -0.336 -0.392 -0.433 -0.472 -0.505 -0.525 -0.54 -0.542 -0.575 -0.653 -0.733 -0.767 -0.741 -0.614 -0.465 -0.36 -0.33 -0.244 -0.197 -0.18 -0.267 -0.272 -0.403 -0.54 -0.536
