data/climatemaps/RS_maps/climate_postbreed_tmp_2005.asc
NCOLS 369 
NROWS 228 
XLLCORNER 479000 
YLLCORNER 73000 
CELLSIZE 1000 
NODATA_value -9 
[rows 34 to 67 of 228, columns 231 to 307 of 369]
0.88 0.843 0.81 0.811 0.796 0.779 0.763 0.778 0.842 0.863 0.863 0.872 0.89 0.878 0.883 0.901 0.915 0.901 0.94 0.945 0.94 0.928 0.914 0.896 0.872 0.853 0.84 0.864 0.888 0.893 0.907 0.914 0.94 0.952 0.958 0.967 0.972 0.983 0.991 0.999 1 1 0.999 0.997 0.987 0.987 0.987 0.986 0.981 0.98 0.98 0.969 0.967 0.967 0.96 0.959 0.949 0.947 0.941 0.94 0.94 0.94 0.939 0.93 0.827 0.574 0.336 -9 -9 -9 -9 -9 -9 -9 -9 -9 -9
0.861 0.872 0.854 0.845 0.786 0.75 0.798 0.866 0.9 0.897 0.887 0.884 0.867 0.845 0.851 0.843 0.89 0.887 0.913 0.917 0.936 0.936 0.91 0.86 0.845 0.834 0.842 0.855 0.862 0.865 0.878 0.894 0.91 0.928 0.935 0.939 0.955 0.965 0.977 0.992 0.994 1 1 1 0.989 0.987 0.987 0.987 0.986 0.98 0.98 0.969 0.967 0.967 0.96 0.96 0.952 0.947 0.942 0.94 0.94 0.94 0.94 0.94 0.806 0.505 0.298 -9 -9 -9 -9 -9 -9 -9 -9 -9 -9
0.849 0.895 0.899 0.893 0.878 0.874 0.894 0.91 0.9 0.883 0.87 0.84 0.804 0.796 0.816 0.823 0.837 0.84 0.862 0.869 0.857 0.874 0.915 0.862 0.832 0.834 0.858 0.87 0.867 0.861 0.868 0.885 0.894 0.913 0.929 0.938 0.952 0.964 0.971 0.987 0.988 1 1 0.996 0.988 0.987 0.987 0.987 0.987 0.98 0.98 0.97 0.967 0.967 0.964 0.96 0.96 0.953 0.948 0.942 0.94 0.938 0.938 0.936 0.837 0.481 0.306 0.435 -9 -9 -9 -9 -9 -9 -9 -9 -9
0.852 0.888 0.889 0.884 0.892 0.901 0.896 0.88 0.869 0.859 0.821 0.783 0.756 0.724 0.706 0.749 0.792 0.793 0.798 0.803 0.827 0.829 0.862 0.881 0.832 0.84 0.876 0.886 0.878 0.868 0.862 0.866 0.87 0.884 0.899 0.922 0.945 0.964 0.981 0.987 0.987 0.997 1 0.995 0.987 0.987 0.987 0.987 0.987 0.984 0.987 0.97 0.967 0.967 0.967 0.961 0.96 0.958 0.954 0.95 0.938 0.932 0.93 0.913 0.811 0.485 0.418 0.617 0.644 -9 -9 -9 -9 -9 -9 -9 -9
0.834 0.851 0.874 0.892 0.885 0.86 0.855 0.856 0.86 0.828 0.784 0.729 0.714 0.692 0.659 0.719 0.757 0.741 0.746 0.762 0.802 0.81 0.825 0.89 0.866 0.892 0.886 0.866 0.861 0.87 0.865 0.856 0.848 0.846 0.847 0.868 0.895 0.926 0.958 0.978 0.987 0.988 0.989 0.993 0.987 0.987 0.987 0.987 0.987 0.976 0.967 0.97 0.967 0.967 0.965 0.96 0.96 0.954 0.954 0.949 0.935 0.931 0.923 0.893 0.748 0.61 0.63 0.749 0.758 -9 -9 -9 -9 -9 -9 -9 -9
0.812 0.801 0.869 0.887 0.882 0.877 0.867 0.858 0.853 0.827 0.733 0.741 0.701 0.657 0.712 0.769 0.71 0.716 0.728 0.748 0.81 0.809 0.813 0.877 0.903 0.869 0.835 0.822 0.808 0.833 0.831 0.841 0.828 0.816 0.811 0.817 0.836 0.864 0.904 0.923 0.945 0.966 0.982 0.987 0.987 0.987 0.986 0.985 0.984 0.972 0.967 0.967 0.967 0.967 0.967 0.961 0.958 0.954 0.954 0.949 0.941 0.934 0.924 0.91 0.84 0.796 0.772 0.748 0.616 -9 -9 -9 -9 -9 -9 -9 -9
0.816 0.806 0.784 0.809 0.85 0.866 0.873 0.875 0.857 0.842 0.778 0.731 0.73 0.733 0.754 0.785 0.736 0.766 0.78 0.797 0.826 0.815 0.817 0.881 0.879 0.82 0.812 0.807 0.794 0.804 0.795 0.804 0.816 0.832 0.814 0.796 0.803 0.825 0.857 0.87 0.894 0.924 0.96 0.963 0.983 0.978 0.955 0.935 0.931 0.95 0.952 0.967 0.967 0.967 0.966 0.961 0.954 0.954 0.954 0.953 0.948 0.939 0.931 0.924 0.885 0.771 0.645 0.543 0.411 -9 -9 -9 -9 -9 -9 -9 -9
0.797 0.799 0.756 0.729 0.786 0.825 0.858 0.872 0.87 0.842 0.782 0.735 0.765 0.753 0.788 0.832 0.817 0.838 0.844 0.824 0.812 0.821 0.866 0.887 0.864 0.823 0.813 0.795 0.78 0.765 0.725 0.736 0.761 0.79 0.814 0.801 0.79 0.803 0.825 0.839 0.858 0.893 0.906 0.905 0.903 0.857 0.801 0.765 0.806 0.894 0.913 0.94 0.954 0.965 0.963 0.957 0.954 0.954 0.954 0.954 0.949 0.943 0.938 0.936 0.872 0.713 0.574 0.452 0.371 0.493 -9 -9 -9 -9 -9 -9 -9
0.688 0.762 0.763 0.727 0.766 0.784 0.835 0.849 0.84 0.835 0.807 0.791 0.793 0.8 0.854 0.87 0.866 0.854 0.832 0.825 0.824 0.871 0.895 0.872 0.833 0.805 0.794 0.775 0.733 0.667 0.623 0.62 0.644 0.732 0.79 0.801 0.776 0.766 0.779 0.787 0.827 0.84 0.809 0.778 0.734 0.643 0.601 0.647 0.74 0.788 0.8 0.804 0.845 0.883 0.935 0.954 0.954 0.954 0.954 0.954 0.949 0.946 0.941 0.94 0.918 0.807 0.611 0.466 0.461 0.589 -9 -9 -9 -9 -9 -9 -9
0.661 0.69 0.748 0.789 0.794 0.806 0.827 0.792 0.786 0.81 0.816 0.824 0.851 0.865 0.868 0.865 0.874 0.875 0.866 0.869 0.876 0.879 0.835 0.828 0.801 0.767 0.765 0.75 0.665 0.606 0.555 0.516 0.564 0.668 0.777 0.77 0.681 0.718 0.732 0.762 0.805 0.731 0.642 0.612 0.531 0.476 0.52 0.606 0.622 0.618 0.615 0.588 0.633 0.709 0.815 0.888 0.947 0.954 0.954 0.954 0.953 0.947 0.946 0.94 0.933 0.856 0.735 0.639 0.625 0.564 -9 -9 -9 -9 -9 -9 -9
0.656 0.707 0.743 0.734 0.759 0.801 0.804 0.75 0.77 0.781 0.813 0.83 0.856 0.84 0.826 0.827 0.847 0.869 0.872 0.877 0.849 0.796 0.772 0.786 0.784 0.778 0.76 0.713 0.644 0.583 0.555 0.536 0.607 0.673 0.746 0.718 0.621 0.702 0.7 0.741 0.735 0.604 0.522 0.499 0.447 0.416 0.436 0.52 0.535 0.509 0.547 0.463 0.488 0.636 0.753 0.881 0.951 0.954 0.954 0.954 0.954 0.946 0.941 0.94 0.928 0.766 0.626 0.56 0.496 0.37 -9 -9 -9 -9 -9 -9 -9
0.594 0.646 0.689 0.71 0.731 0.793 0.785 0.749 0.753 0.743 0.782 0.792 0.835 0.819 0.8 0.785 0.759 0.818 0.841 0.846 0.814 0.771 0.761 0.767 0.766 0.78 0.748 0.705 0.65 0.569 0.568 0.513 0.613 0.681 0.75 0.684 0.664 0.704 0.672 0.664 0.709 0.624 0.588 0.477 0.389 0.335 0.363 0.445 0.466 0.438 0.513 0.49 0.574 0.767 0.888 0.94 0.954 0.954 0.959 0.96 0.953 0.94 0.94 0.94 0.922 0.72 0.447 0.289 0.22 0.174 -9 -9 -9 -9 -9 -9 -9
0.586 0.588 0.632 0.708 0.73 0.77 0.734 0.694 0.672 0.67 0.724 0.732 0.792 0.814 0.791 0.779 0.766 0.795 0.798 0.791 0.811 0.786 0.76 0.747 0.749 0.759 0.724 0.68 0.648 0.606 0.582 0.622 0.679 0.734 0.735 0.662 0.664 0.618 0.562 0.557 0.599 0.57 0.591 0.461 0.398 0.342 0.316 0.339 0.405 0.448 0.542 0.606 0.694 0.855 0.948 0.959 0.959 0.955 0.96 0.96 0.951 0.94 0.939 0.926 0.904 0.653 0.325 0.128 0.057 0.145 -9 -9 -9 -9 -9 -9 -9
0.563 0.572 0.622 0.664 0.697 0.728 0.683 0.652 0.625 0.655 0.689 0.701 0.76 0.805 0.736 0.7 0.706 0.72 0.736 0.739 0.759 0.755 0.765 0.733 0.739 0.739 0.718 0.698 0.668 0.639 0.633 0.711 0.739 0.738 0.665 0.633 0.58 0.518 0.483 0.434 0.427 0.463 0.555 0.502 0.437 0.361 0.315 0.267 0.302 0.361 0.445 0.563 0.674 0.813 0.905 0.96 0.96 0.96 0.96 0.96 0.954 0.941 0.932 0.923 0.868 0.668 0.377 0.193 -0.027 -0.004 -9 -9 -9 -9 -9 -9 -9
0.545 0.543 0.596 0.595 0.656 0.692 0.629 0.615 0.593 0.626 0.635 0.664 0.755 0.794 0.713 0.621 0.612 0.588 0.647 0.672 0.724 0.73 0.752 0.747 0.737 0.732 0.711 0.705 0.684 0.681 0.707 0.722 0.736 0.684 0.595 0.56 0.505 0.453 0.424 0.383 0.379 0.406 0.449 0.463 0.455 0.388 0.292 0.314 0.394 0.47 0.604 0.768 0.892 0.949 0.96 0.96 0.96 0.96 0.96 0.96 0.956 0.947 0.934 0.922 0.84 0.741 0.568 0.351 0.051 -0.056 0.172 -9 -9 -9 -9 -9 -9
0.588 0.558 0.549 0.563 0.617 0.642 0.584 0.542 0.553 0.578 0.608 0.619 0.755 0.778 0.713 0.698 0.678 0.655 0.627 0.636 0.616 0.64 0.683 0.68 0.703 0.691 0.647 0.652 0.612 0.643 0.674 0.664 0.685 0.655 0.575 0.512 0.444 0.411 0.433 0.422 0.384 0.321 0.323 0.354 0.317 0.307 0.331 0.441 0.607 0.734 0.852 0.944 0.962 0.967 0.961 0.96 0.96 0.96 0.96 0.96 0.961 0.95 0.938 0.891 0.686 0.692 0.688 0.51 0.209 0.004 0.015 -9 -9 -9 -9 -9 -9
0.55 0.558 0.555 0.542 0.596 0.587 0.549 0.552 0.592 0.615 0.654 0.677 0.715 0.791 0.722 0.626 0.588 0.539 0.555 0.547 0.512 0.559 0.604 0.594 0.633 0.647 0.586 0.607 0.584 0.564 0.569 0.574 0.639 0.618 0.61 0.535 0.496 0.484 0.46 0.394 0.324 0.289 0.279 0.239 0.188 0.293 0.501 0.645 0.791 0.902 0.95 0.96 0.96 0.96 0.96 0.96 0.96 0.96 0.96 0.962 0.966 0.935 0.794 0.6 0.342 0.409 0.677 0.541 0.297 0.066 -0.074 -9 -9 -9 -9 -9 -9
0.518 0.481 0.51 0.507 0.49 0.541 0.479 0.506 0.51 0.537 0.618 0.647 0.726 0.774 0.765 0.706 0.653 0.59 0.6 0.546 0.501 0.502 0.53 0.566 0.606 0.562 0.501 0.556 0.587 0.531 0.485 0.526 0.612 0.56 0.624 0.585 0.53 0.523 0.479 0.399 0.379 0.352 0.189 0.14 0.183 0.36 0.533 0.717 0.882 0.925 0.95 0.96 0.96 0.96 0.96 0.96 0.96 0.962 0.963 0.967 0.942 0.802 0.494 0.164 0.098 0.264 0.517 0.425 0.177 -0.007 -0.064 -9 -9 -9 -9 -9 -9
0.502 0.487 0.462 0.391 0.414 0.507 0.534 0.561 0.595 0.614 0.631 0.66 0.714 0.77 0.715 0.671 0.698 0.671 0.609 0.577 0.537 0.488 0.503 0.523 0.558 0.464 0.464 0.534 0.525 0.504 0.48 0.554 0.587 0.537 0.603 0.589 0.457 0.415 0.449 0.469 0.415 0.283 0.241 0.279 0.203 0.318 0.558 0.76 0.902 0.942 0.953 0.96 0.96 0.96 0.96 0.961 0.963 0.967 0.967 0.958 0.85 0.605 0.259 -0.037 0.031 0.174 0.371 0.322 0.134 -0.084 -0.22 -9 -9 -9 -9 -9 -9
0.595 0.527 0.485 0.344 0.395 0.444 0.543 0.564 0.605 0.578 0.61 0.613 0.675 0.76 0.663 0.575 0.615 0.689 0.632 0.593 0.543 0.5 0.483 0.443 0.533 0.444 0.448 0.498 0.442 0.489 0.541 0.551 0.528 0.524 0.587 0.592 0.462 0.413 0.325 0.308 0.344 0.359 0.359 0.332 0.312 0.414 0.612 0.82 0.93 0.946 0.958 0.96 0.96 0.96 0.96 0.962 0.967 0.967 0.967 0.925 0.728 0.435 0.066 -0.146 0.02 0.224 0.306 0.17 -0.011 -0.363 -9 -9 -9 -9 -9 -9 -9
0.606 0.604 0.545 0.426 0.45 0.406 0.415 0.471 0.554 0.47 0.546 0.589 0.667 0.741 0.671 0.548 0.549 0.687 0.581 0.556 0.527 0.512 0.408 0.392 0.47 0.456 0.408 0.426 0.445 0.508 0.544 0.487 0.397 0.381 0.503 0.584 0.567 0.477 0.424 0.326 0.325 0.401 0.359 0.286 0.263 0.391 0.593 0.8 0.932 0.942 0.951 0.96 0.96 0.96 0.961 0.964 0.967 0.963 0.919 0.673 0.396 0.17 -0.109 0 0.219 0.217 0.156 -0.013 -0.305 -0.481 -9 -9 -9 -9 -9 -9 -9
0.51 0.484 0.572 0.521 0.465 0.418 0.366 0.442 0.504 0.391 0.505 0.575 0.651 0.727 0.686 0.547 0.527 0.676 0.578 0.506 0.402 0.423 0.367 0.342 0.379 0.351 0.326 0.407 0.444 0.495 0.508 0.405 0.308 0.186 0.262 0.375 0.498 0.562 0.475 0.397 0.379 0.32 0.271 0.203 0.271 0.481 0.667 0.829 0.922 0.937 0.954 0.956 0.957 0.934 0.907 0.956 0.953 0.903 0.762 0.417 0.245 -0.063 -0.25 0.031 0.223 0.022 -0.099 -0.125 -0.305 -0.313 -9 -9 -9 -9 -9 -9 -9
0.394 0.413 0.539 0.531 0.464 0.362 0.35 0.466 0.386 0.365 0.482 0.582 0.639 0.697 0.677 0.513 0.479 0.641 0.545 0.418 0.321 0.333 0.439 0.386 0.34 0.386 0.4 0.395 0.398 0.455 0.475 0.334 0.182 0.205 0.296 0.339 0.402 0.521 0.546 0.495 0.412 0.366 0.371 0.341 0.389 0.51 0.676 0.829 0.903 0.915 0.954 0.954 0.955 0.937 0.908 0.947 0.908 0.772 0.569 0.325 0.078 -0.175 -0.305 -0.152 0.1 -0.094 -0.421 -0.361 -0.26 -0.068 -9 -9 -9 -9 -9 -9 -9
0.356 0.452 0.482 0.465 0.378 0.343 0.25 0.346 0.348 0.442 0.492 0.503 0.564 0.656 0.677 0.522 0.405 0.562 0.603 0.555 0.498 0.477 0.434 0.395 0.444 0.439 0.349 0.255 0.269 0.4 0.456 0.344 0.284 0.336 0.389 0.401 0.398 0.404 0.488 0.518 0.487 0.43 0.329 0.25 0.221 0.313 0.529 0.682 0.808 0.876 0.954 0.954 0.955 0.962 0.948 0.939 0.818 0.706 0.538 0.34 0.193 -0.079 -0.233 -0.191 -0.033 -0.123 -0.444 -0.249 -0.178 -9 -9 -9 -9 -9 -9 -9 -9
0.388 0.495 0.437 0.378 0.397 0.278 0.17 0.262 0.412 0.502 0.402 0.383 0.52 0.586 0.699 0.499 0.33 0.391 0.534 0.595 0.557 0.54 0.488 0.489 0.464 0.348 0.2 0.233 0.288 0.431 0.443 0.376 0.376 0.396 0.285 0.27 0.285 0.214 0.275 0.415 0.487 0.398 0.241 0.075 -0.019 0.145 0.337 0.547 0.69 0.873 0.954 0.957 0.955 0.962 0.954 0.892 0.846 0.771 0.604 0.448 0.228 0.113 0.195 0.047 -0.137 -0.162 -0.483 -0.28 -9 -9 -9 -9 -9 -9 -9 -9 -9
0.417 0.512 0.397 0.258 0.341 0.325 0.163 0.191 0.365 0.374 0.248 0.367 0.483 0.601 0.672 0.462 0.324 0.361 0.438 0.485 0.526 0.552 0.52 0.424 0.314 0.221 0.196 0.288 0.426 0.436 0.313 0.201 0.252 0.286 0.15 0.09 0.146 0.094 0.171 0.326 0.452 0.4 0.292 0.127 -0.01 -0.029 0.074 0.442 0.646 0.886 0.944 0.958 0.959 0.96 0.95 0.934 0.921 0.867 0.659 0.41 0.49 0.438 0.371 0.206 0.015 -0.172 -0.545 -0.675 -9 -9 -9 -9 -9 -9 -9 -9 -9
0.424 0.554 0.428 0.212 0.311 0.272 0.24 0.227 0.211 0.213 0.175 0.314 0.41 0.519 0.711 0.564 0.453 0.369 0.351 0.456 0.467 0.43 0.478 0.335 0.319 0.271 0.176 0.244 0.455 0.345 0.188 0.133 0.149 0.047 0.019 -0.01 0.106 0.146 0.26 0.29 0.375 0.37 0.34 0.185 -0.037 -0.224 0.024 0.474 0.829 0.94 0.94 0.96 0.96 0.96 0.949 0.94 0.93 0.859 0.749 0.633 0.443 0.134 0.005 0.164 0.132 -0.164 -0.544 -9 -9 -9 -9 -9 -9 -9 -9 -9 -9
0.426 0.584 0.503 0.307 0.326 0.145 0.186 0.316 0.19 0.094 0.203 0.34 0.455 0.571 0.709 0.638 0.519 0.444 0.409 0.372 0.334 0.396 0.469 0.348 0.285 0.175 0.095 0.184 0.422 0.279 0.068 0.021 -0.08 -0.16 -0.035 0.087 0.202 0.181 0.071 0.047 0.363 0.222 0.248 0.139 -0.208 -0.225 0.309 0.708 0.927 0.957 0.941 0.954 0.96 0.96 0.957 0.936 0.927 0.905 0.798 0.587 0.374 0.164 -0.04 -0.07 -0.067 -0.35 -9 -9 -9 -9 -9 -9 -9 -9 -9 -9 -9
0.437 0.615 0.559 0.427 0.245 0.19 0.39 0.444 0.34 0.121 0.15 0.177 0.305 0.433 0.646 0.704 0.582 0.414 0.272 0.207 0.232 0.296 0.413 0.257 0.174 0.094 0.013 0.05 0.29 0.223 -0.048 -0.101 -0.146 -0.068 0.045 0.104 0.071 -0.203 -0.265 0.055 0.212 -0.211 -0.157 -0.026 -0.223 -0.022 0.57 0.906 0.945 0.941 0.94 0.94 0.96 0.96 0.957 0.947 0.926 0.89 0.747 0.496 0.221 0.089 -0.029 -0.151 -9 -9 -9 -9 -9 -9 -9 -9 -9 -9 -9 -9 -9
0.571 0.689 0.574 0.407 0.281 0.361 0.531 0.427 0.213 0.134 0.347 0.378 0.417 0.551 0.582 0.675 0.663 0.477 0.29 0.184 0.186 0.21 0.341 0.294 0.205 0.076 -0.073 -0.071 0.038 0.179 0.094 0.038 -0.059 -0.072 -0.094 -0.184 -0.368 -0.343 -0.091 -0.023 -0.212 -0.261 -0.101 -0.213 -0.038 0.499 0.85 0.94 0.951 0.941 0.941 0.943 0.953 0.96 0.958 0.946 0.92 0.822 0.713 0.536 0.405 0.256 0.121 0.067 -9 -9 -9 -9 -9 -9 -9 -9 -9 -9 -9 -9 -9
0.702 0.721 0.646 0.58 0.432 0.477 0.566 0.354 0.347 0.408 0.424 0.485 0.536 0.472 0.373 0.556 0.708 0.608 0.447 0.317 0.241 0.234 0.229 0.086 0.141 0.111 0.046 0.043 -0.102 0.014 0.148 0.019 -0.063 -0.224 -0.56 -0.741 -0.496 -0.146 -0.418 -0.492 -0.242 -0.189 -0.351 -0.083 0.401 0.813 0.933 0.96 0.956 0.959 0.95 0.945 0.947 0.935 0.949 0.899 0.841 0.842 0.619 0.43 0.386 0.383 0.34 -9 -9 -9 -9 -9 -9 -9 -9 -9 -9 -9 -9 -9 -9
0.611 0.631 0.71 0.717 0.622 0.637 0.597 0.512 0.517 0.431 0.492 0.509 0.437 0.27 0.172 0.357 0.595 0.672 0.624 0.505 0.405 0.304 0.157 -0.022 -0.034 0.025 0.033 0.022 -0.076 -0.061 0.031 -0.064 -0.219 -0.644 -0.995 -0.794 -0.54 -0.402 -0.697 -0.451 -0.308 -0.459 -0.041 0.477 0.822 0.918 0.948 0.959 0.96 0.961 0.94 0.909 0.945 0.856 0.907 0.769 0.791 0.868 0.547 0.312 0.157 0.043 -9 -9 -9 -9 -9 -9 -9 -9 -9 -9 -9 -9 -9 -9 -9
0.751 0.759 0.767 0.762 0.737 0.716 0.72 0.677 0.607 0.56 0.532 0.398 0.26 0.116 0.074 0.243 0.4 0.551 0.6 0.586 0.554 0.442 0.232 0.105 0.157 0.204 0.195 0.16 0.087 0.078 0.007 -0.2 -0.708 -0.923 -1.104 -0.828 -0.742 -0.712 -0.544 -0.662 -0.36 0.05 0.544 0.851 0.941 0.936 0.947 0.955 0.959 0.937 0.832 0.852 0.935 0.873 0.857 0.772 0.836 0.824 0.608 0.466 0.247 -0.118 -9 -9 -9 -9 -9 -9 -9 -9 -9 -9 -9 -9 -9 -9 -9
0.846 0.833 0.828 0.842 0.847 0.815 0.787 0.763 0.731 0.676 0.561 0.347 0.224 0.114 0.062 0.137 0.233 0.391 0.415 0.38 0.496 0.55 0.44 0.362 0.345 0.23 0.188 0.128 0.156 0.055 -0.026 -0.485 -0.736 -0.524 -0.641 -1.03 -1.007 -0.839 -0.889 -0.573 0.091 0.53 0.783 0.933 0.954 0.955 0.958 0.944 0.913 0.83 0.8 0.925 0.909 0.875 0.862 0.865 0.856 0.829 0.817 0.728 0.513 -9 -9 -9 -9 -9 -9 -9 -9 -9 -9 -9 -9 -9 -9 -9 -9
