data/climatemaps/RS_maps/climate_breeding_pr_2005.asc
NCOLS 369 
NROWS 228 
XLLCORNER 479000 
YLLCORNER 73000 
CELLSIZE 1000 
NODATA_value -9 
[rows 102 to 135 of 228, columns 75 to 149 of 369]
-1.144 -1.17 -1.173 -1.164 -1.151 -1.138 -1.128 -1.122 -1.121 -1.121 -1.116 -1.101 -1.081 -1.063 -1.048 -1.054 -1.087 -1.113 -1.129 -1.141 -1.148 -1.15 -1.141 -1.118 -1.082 -1.059 -1.073 -1.097 -1.124 -1.141 -1.16 -1.127 -1.062 -0.998 -0.934 -0.907 -0.895 -0.911 -0.927 -0.952 -0.988 -1.011 -1.024 -1.028 -1.047 -1.056 -1.065 -1.054 -1.045 -1.033 -0.996 -0.937 -0.873 -0.832 -0.837 -0.758 -0.622 -0.508 -0.44 -0.327 -0.183 -0.13 -0.09 -0.033 0.005 0.053 -0.043 -0.169 -0.349 -0.489 -0.538 -0.565 -0.566 -0.532 -0.476
-1.154 -1.171 -1.171 -1.164 -1.153 -1.144 -1.136 -1.132 -1.129 -1.123 -1.103 -1.078 -1.054 -1.045 -1.042 -1.071 -1.102 -1.12 -1.134 -1.146 -1.151 -1.144 -1.121 -1.083 -1.049 -1.034 -1.042 -1.07 -1.103 -1.124 -1.149 -1.114 -1.061 -0.989 -0.927 -0.882 -0.857 -0.862 -0.87 -0.895 -0.94 -0.973 -0.963 -0.975 -1.006 -0.996 -0.996 -1.016 -1.02 -1.014 -0.993 -0.966 -0.925 -0.88 -0.85 -0.799 -0.693 -0.575 -0.449 -0.355 -0.257 -0.167 -0.091 -0.026 0.035 0.082 -0.013 -0.168 -0.35 -0.435 -0.458 -0.471 -0.467 -0.49 -0.497
-1.162 -1.171 -1.17 -1.164 -1.156 -1.149 -1.143 -1.138 -1.131 -1.114 -1.088 -1.067 -1.06 -1.064 -1.081 -1.101 -1.116 -1.13 -1.143 -1.15 -1.147 -1.131 -1.101 -1.06 -1.028 -1.01 -1.017 -1.052 -1.081 -1.106 -1.132 -1.094 -1.045 -0.978 -0.91 -0.864 -0.842 -0.833 -0.838 -0.856 -0.904 -0.903 -0.921 -0.949 -0.946 -0.891 -0.86 -0.923 -0.968 -0.99 -0.981 -0.951 -0.932 -0.907 -0.846 -0.804 -0.735 -0.614 -0.466 -0.367 -0.275 -0.162 -0.079 -0.035 -0.008 0.002 -0.038 -0.192 -0.33 -0.405 -0.391 -0.383 -0.36 -0.392 -0.42
-1.17 -1.173 -1.171 -1.165 -1.159 -1.153 -1.148 -1.141 -1.125 -1.101 -1.083 -1.075 -1.083 -1.094 -1.104 -1.117 -1.13 -1.14 -1.147 -1.147 -1.136 -1.113 -1.075 -1.045 -1.015 -0.997 -1.008 -1.044 -1.069 -1.09 -1.112 -1.081 -1.036 -0.968 -0.907 -0.865 -0.843 -0.832 -0.83 -0.849 -0.863 -0.858 -0.887 -0.893 -0.877 -0.839 -0.789 -0.803 -0.886 -0.935 -0.954 -0.948 -0.924 -0.912 -0.868 -0.813 -0.737 -0.624 -0.491 -0.373 -0.276 -0.176 -0.13 -0.101 -0.059 -0.047 -0.123 -0.224 -0.267 -0.359 -0.411 -0.393 -0.325 -0.294 -0.315
-1.179 -1.178 -1.175 -1.17 -1.164 -1.157 -1.15 -1.136 -1.115 -1.093 -1.082 -1.088 -1.1 -1.108 -1.118 -1.129 -1.138 -1.143 -1.141 -1.136 -1.115 -1.078 -1.041 -1.032 -1.02 -1.005 -1.01 -1.028 -1.054 -1.077 -1.086 -1.053 -1.015 -0.976 -0.937 -0.907 -0.876 -0.856 -0.851 -0.859 -0.839 -0.822 -0.849 -0.845 -0.808 -0.72 -0.708 -0.702 -0.735 -0.846 -0.902 -0.928 -0.925 -0.909 -0.866 -0.816 -0.732 -0.596 -0.458 -0.332 -0.269 -0.25 -0.231 -0.204 -0.16 -0.143 -0.189 -0.201 -0.187 -0.241 -0.36 -0.378 -0.331 -0.295 -0.244
-1.19 -1.186 -1.181 -1.176 -1.169 -1.158 -1.147 -1.132 -1.114 -1.097 -1.092 -1.102 -1.111 -1.119 -1.128 -1.137 -1.139 -1.133 -1.131 -1.11 -1.079 -1.045 -1.027 -1.02 -1.009 -1.006 -1.002 -1.013 -1.048 -1.048 -1.039 -1.029 -1.01 -0.984 -0.961 -0.95 -0.932 -0.905 -0.89 -0.878 -0.836 -0.846 -0.837 -0.808 -0.748 -0.649 -0.59 -0.561 -0.594 -0.719 -0.84 -0.885 -0.899 -0.896 -0.861 -0.805 -0.719 -0.577 -0.41 -0.292 -0.271 -0.281 -0.246 -0.19 -0.138 -0.161 -0.159 -0.146 -0.172 -0.157 -0.235 -0.342 -0.377 -0.3 -0.215
-1.203 -1.197 -1.19 -1.183 -1.17 -1.156 -1.144 -1.132 -1.122 -1.115 -1.112 -1.117 -1.121 -1.126 -1.131 -1.131 -1.122 -1.11 -1.104 -1.082 -1.058 -1.027 -1.014 -0.992 -0.98 -0.982 -0.995 -1.011 -1.019 -0.999 -0.975 -0.961 -0.958 -0.952 -0.94 -0.94 -0.929 -0.907 -0.891 -0.897 -0.85 -0.833 -0.806 -0.757 -0.702 -0.601 -0.512 -0.474 -0.514 -0.62 -0.778 -0.805 -0.824 -0.867 -0.85 -0.796 -0.713 -0.584 -0.438 -0.349 -0.32 -0.255 -0.168 -0.088 -0.045 -0.067 -0.04 -0.054 -0.099 -0.096 -0.122 -0.238 -0.353 -0.3 -0.235
-1.215 -1.208 -1.2 -1.186 -1.169 -1.156 -1.147 -1.141 -1.137 -1.135 -1.132 -1.131 -1.13 -1.129 -1.122 -1.106 -1.085 -1.079 -1.058 -1.044 -1.032 -1.011 -0.986 -0.963 -0.956 -0.973 -0.994 -0.996 -0.978 -0.951 -0.918 -0.896 -0.893 -0.903 -0.91 -0.919 -0.901 -0.873 -0.858 -0.88 -0.838 -0.796 -0.776 -0.73 -0.671 -0.592 -0.49 -0.431 -0.466 -0.595 -0.743 -0.701 -0.715 -0.808 -0.824 -0.788 -0.714 -0.612 -0.496 -0.41 -0.326 -0.189 -0.083 0.017 0.048 0.068 0.103 0.081 0.001 -0.047 -0.058 -0.168 -0.282 -0.35 -0.301
-1.226 -1.218 -1.205 -1.189 -1.172 -1.162 -1.159 -1.157 -1.154 -1.151 -1.146 -1.142 -1.135 -1.122 -1.095 -1.061 -1.04 -1.037 -1.01 -1 -0.995 -0.979 -0.958 -0.936 -0.946 -0.978 -0.981 -0.963 -0.93 -0.894 -0.863 -0.844 -0.84 -0.85 -0.858 -0.878 -0.869 -0.841 -0.821 -0.847 -0.826 -0.782 -0.757 -0.703 -0.626 -0.568 -0.502 -0.435 -0.446 -0.592 -0.724 -0.661 -0.651 -0.719 -0.786 -0.774 -0.707 -0.607 -0.481 -0.398 -0.313 -0.127 -0.006 0.128 0.175 0.226 0.219 0.17 0.062 -0.034 -0.064 -0.138 -0.221 -0.32 -0.318
-1.234 -1.223 -1.208 -1.195 -1.181 -1.176 -1.175 -1.173 -1.169 -1.164 -1.157 -1.146 -1.126 -1.091 -1.051 -1.016 -1.006 -0.987 -0.969 -0.964 -0.955 -0.939 -0.941 -0.933 -0.956 -0.974 -0.959 -0.925 -0.877 -0.834 -0.797 -0.788 -0.795 -0.802 -0.809 -0.828 -0.833 -0.795 -0.804 -0.824 -0.803 -0.785 -0.767 -0.703 -0.635 -0.557 -0.478 -0.427 -0.435 -0.574 -0.709 -0.648 -0.618 -0.647 -0.737 -0.758 -0.705 -0.602 -0.472 -0.4 -0.299 -0.075 0.049 0.161 0.217 0.252 0.232 0.169 0.081 0.004 -0.01 -0.07 -0.125 -0.218 -0.271
-1.235 -1.224 -1.213 -1.203 -1.194 -1.194 -1.192 -1.187 -1.181 -1.174 -1.162 -1.139 -1.101 -1.046 -0.996 -0.971 -0.961 -0.937 -0.925 -0.918 -0.906 -0.904 -0.933 -0.956 -0.963 -0.958 -0.937 -0.894 -0.837 -0.787 -0.749 -0.735 -0.747 -0.757 -0.759 -0.772 -0.796 -0.784 -0.799 -0.793 -0.77 -0.77 -0.772 -0.734 -0.684 -0.602 -0.497 -0.406 -0.413 -0.548 -0.701 -0.682 -0.62 -0.614 -0.704 -0.744 -0.708 -0.616 -0.489 -0.429 -0.331 -0.141 -0.018 0.088 0.171 0.219 0.242 0.221 0.118 0.083 0.11 0.07 0.026 -0.104 -0.171
-1.227 -1.222 -1.217 -1.211 -1.211 -1.21 -1.205 -1.199 -1.19 -1.178 -1.157 -1.121 -1.068 -1.013 -0.964 -0.942 -0.909 -0.887 -0.877 -0.867 -0.878 -0.901 -0.935 -0.957 -0.955 -0.945 -0.912 -0.87 -0.813 -0.76 -0.713 -0.684 -0.704 -0.713 -0.718 -0.723 -0.744 -0.773 -0.771 -0.75 -0.77 -0.785 -0.768 -0.747 -0.702 -0.634 -0.552 -0.455 -0.431 -0.537 -0.694 -0.732 -0.681 -0.631 -0.694 -0.733 -0.709 -0.639 -0.542 -0.496 -0.401 -0.234 -0.076 0.065 0.19 0.236 0.275 0.251 0.156 0.141 0.185 0.197 0.163 0.019 -0.094
-1.212 -1.215 -1.216 -1.218 -1.219 -1.217 -1.214 -1.206 -1.193 -1.171 -1.14 -1.1 -1.052 -1.008 -0.956 -0.899 -0.859 -0.836 -0.831 -0.842 -0.879 -0.907 -0.915 -0.93 -0.95 -0.932 -0.882 -0.842 -0.8 -0.749 -0.695 -0.667 -0.667 -0.668 -0.685 -0.684 -0.712 -0.757 -0.735 -0.726 -0.77 -0.791 -0.801 -0.779 -0.718 -0.625 -0.561 -0.496 -0.467 -0.548 -0.678 -0.746 -0.737 -0.689 -0.695 -0.72 -0.711 -0.663 -0.609 -0.543 -0.395 -0.191 -0.027 0.119 0.19 0.206 0.223 0.211 0.153 0.112 0.164 0.193 0.234 0.164 0.044
-1.186 -1.197 -1.207 -1.212 -1.213 -1.217 -1.218 -1.207 -1.181 -1.153 -1.117 -1.075 -1.02 -0.977 -0.91 -0.859 -0.818 -0.778 -0.792 -0.836 -0.87 -0.875 -0.885 -0.907 -0.931 -0.924 -0.864 -0.829 -0.796 -0.752 -0.699 -0.67 -0.636 -0.619 -0.637 -0.662 -0.701 -0.707 -0.709 -0.72 -0.745 -0.766 -0.798 -0.799 -0.729 -0.672 -0.618 -0.557 -0.526 -0.562 -0.659 -0.746 -0.748 -0.699 -0.696 -0.706 -0.711 -0.682 -0.64 -0.558 -0.364 -0.179 -0.042 0.054 0.066 0.119 0.132 0.13 0.112 0.061 0.053 0.122 0.207 0.287 0.264
-1.166 -1.172 -1.184 -1.195 -1.198 -1.21 -1.218 -1.2 -1.163 -1.117 -1.056 -1.034 -0.997 -0.948 -0.898 -0.845 -0.79 -0.765 -0.789 -0.813 -0.834 -0.859 -0.873 -0.885 -0.926 -0.912 -0.858 -0.833 -0.794 -0.742 -0.695 -0.663 -0.621 -0.592 -0.606 -0.64 -0.676 -0.673 -0.688 -0.695 -0.721 -0.763 -0.809 -0.812 -0.79 -0.753 -0.703 -0.653 -0.608 -0.611 -0.66 -0.743 -0.748 -0.694 -0.7 -0.698 -0.71 -0.684 -0.641 -0.552 -0.399 -0.286 -0.163 -0.089 -0.038 0.036 0.037 0.03 0.007 -0.005 0.05 0.14 0.245 0.317 0.348
-1.133 -1.134 -1.151 -1.172 -1.189 -1.212 -1.214 -1.187 -1.131 -1.055 -0.995 -0.979 -0.96 -0.925 -0.884 -0.836 -0.781 -0.769 -0.788 -0.797 -0.819 -0.834 -0.858 -0.885 -0.93 -0.916 -0.867 -0.84 -0.811 -0.761 -0.703 -0.661 -0.634 -0.603 -0.616 -0.63 -0.641 -0.641 -0.664 -0.66 -0.687 -0.741 -0.794 -0.825 -0.798 -0.726 -0.674 -0.647 -0.648 -0.635 -0.64 -0.728 -0.744 -0.698 -0.696 -0.699 -0.706 -0.678 -0.635 -0.528 -0.448 -0.346 -0.241 -0.155 -0.102 -0.065 -0.041 -0.034 -0.038 -0.018 0.055 0.201 0.335 0.451 0.465
-1.091 -1.1 -1.123 -1.161 -1.191 -1.212 -1.206 -1.166 -1.096 -1.007 -0.95 -0.922 -0.912 -0.909 -0.887 -0.857 -0.814 -0.789 -0.776 -0.798 -0.829 -0.846 -0.871 -0.907 -0.932 -0.897 -0.853 -0.83 -0.813 -0.783 -0.741 -0.703 -0.662 -0.632 -0.635 -0.651 -0.628 -0.639 -0.639 -0.618 -0.643 -0.69 -0.754 -0.795 -0.744 -0.678 -0.614 -0.597 -0.607 -0.633 -0.634 -0.723 -0.737 -0.7 -0.676 -0.697 -0.702 -0.679 -0.646 -0.509 -0.467 -0.357 -0.257 -0.209 -0.169 -0.12 -0.088 -0.057 -0.032 0.012 0.069 0.17 0.234 0.344 0.352
-1.061 -1.084 -1.124 -1.167 -1.198 -1.209 -1.193 -1.135 -1.05 -0.955 -0.9 -0.873 -0.865 -0.865 -0.851 -0.832 -0.806 -0.78 -0.79 -0.827 -0.869 -0.894 -0.918 -0.937 -0.935 -0.887 -0.845 -0.828 -0.816 -0.778 -0.751 -0.719 -0.69 -0.667 -0.642 -0.663 -0.634 -0.63 -0.592 -0.552 -0.57 -0.639 -0.704 -0.752 -0.744 -0.687 -0.648 -0.623 -0.607 -0.593 -0.616 -0.709 -0.724 -0.694 -0.672 -0.69 -0.696 -0.684 -0.66 -0.57 -0.518 -0.457 -0.363 -0.286 -0.205 -0.133 -0.078 -0.071 -0.026 0.001 0.015 0.082 0.177 0.268 0.294
-1.046 -1.092 -1.135 -1.176 -1.203 -1.203 -1.164 -1.08 -0.981 -0.892 -0.846 -0.823 -0.818 -0.81 -0.801 -0.795 -0.785 -0.784 -0.809 -0.845 -0.869 -0.912 -0.934 -0.934 -0.92 -0.891 -0.855 -0.834 -0.814 -0.773 -0.727 -0.696 -0.675 -0.678 -0.667 -0.672 -0.632 -0.587 -0.529 -0.482 -0.498 -0.567 -0.617 -0.669 -0.665 -0.654 -0.631 -0.584 -0.562 -0.553 -0.618 -0.713 -0.69 -0.661 -0.646 -0.669 -0.685 -0.677 -0.659 -0.622 -0.576 -0.492 -0.357 -0.221 -0.098 0.01 0.081 0.036 -0.011 0.034 0.099 0.209 0.333 0.461 0.462
-1.055 -1.109 -1.143 -1.183 -1.205 -1.183 -1.116 -1.021 -0.915 -0.835 -0.794 -0.779 -0.782 -0.78 -0.784 -0.778 -0.776 -0.794 -0.818 -0.847 -0.881 -0.919 -0.92 -0.912 -0.892 -0.878 -0.857 -0.837 -0.804 -0.77 -0.716 -0.679 -0.656 -0.673 -0.701 -0.703 -0.661 -0.592 -0.502 -0.451 -0.444 -0.436 -0.47 -0.512 -0.534 -0.522 -0.49 -0.46 -0.476 -0.543 -0.649 -0.706 -0.649 -0.63 -0.633 -0.643 -0.668 -0.666 -0.655 -0.634 -0.592 -0.463 -0.315 -0.175 -0.039 0.076 0.138 0.144 0.097 0.161 0.244 0.354 0.492 0.625 0.583
-1.073 -1.112 -1.154 -1.191 -1.194 -1.145 -1.067 -0.963 -0.857 -0.786 -0.749 -0.741 -0.763 -0.778 -0.785 -0.78 -0.796 -0.808 -0.822 -0.86 -0.905 -0.912 -0.892 -0.87 -0.845 -0.821 -0.821 -0.819 -0.787 -0.756 -0.721 -0.679 -0.637 -0.663 -0.719 -0.772 -0.72 -0.661 -0.547 -0.4 -0.304 -0.247 -0.25 -0.298 -0.33 -0.328 -0.309 -0.275 -0.353 -0.466 -0.604 -0.667 -0.636 -0.606 -0.609 -0.619 -0.648 -0.654 -0.651 -0.639 -0.609 -0.466 -0.336 -0.208 -0.057 0.098 0.171 0.207 0.184 0.26 0.383 0.463 0.624 0.804 0.817
-1.059 -1.107 -1.17 -1.189 -1.162 -1.096 -1.008 -0.899 -0.8 -0.739 -0.715 -0.722 -0.756 -0.778 -0.791 -0.8 -0.819 -0.81 -0.827 -0.871 -0.91 -0.897 -0.858 -0.823 -0.791 -0.765 -0.757 -0.758 -0.742 -0.731 -0.711 -0.655 -0.622 -0.665 -0.734 -0.794 -0.758 -0.684 -0.526 -0.314 -0.132 -0.025 -0.02 -0.063 -0.063 -0.069 -0.082 -0.053 -0.185 -0.352 -0.511 -0.598 -0.596 -0.572 -0.576 -0.594 -0.624 -0.639 -0.643 -0.64 -0.627 -0.559 -0.442 -0.274 -0.123 0.021 0.18 0.225 0.212 0.358 0.506 0.577 0.775 0.911 1.01
-1.052 -1.119 -1.177 -1.169 -1.114 -1.03 -0.935 -0.826 -0.743 -0.697 -0.706 -0.738 -0.773 -0.797 -0.813 -0.825 -0.831 -0.822 -0.84 -0.872 -0.906 -0.889 -0.839 -0.789 -0.725 -0.7 -0.666 -0.658 -0.649 -0.667 -0.685 -0.648 -0.639 -0.681 -0.74 -0.779 -0.711 -0.602 -0.418 -0.189 0.007 0.112 0.158 0.161 0.212 0.199 0.18 0.155 -0.036 -0.234 -0.378 -0.501 -0.518 -0.499 -0.517 -0.555 -0.584 -0.615 -0.631 -0.639 -0.639 -0.621 -0.555 -0.408 -0.262 -0.091 0.054 0.096 0.167 0.355 0.552 0.725 0.804 0.826 1.044
-1.064 -1.137 -1.165 -1.124 -1.05 -0.956 -0.858 -0.759 -0.695 -0.682 -0.712 -0.75 -0.789 -0.811 -0.823 -0.824 -0.819 -0.819 -0.846 -0.871 -0.901 -0.879 -0.817 -0.743 -0.663 -0.591 -0.54 -0.506 -0.516 -0.544 -0.601 -0.623 -0.599 -0.631 -0.698 -0.73 -0.634 -0.508 -0.364 -0.197 -0.025 0.047 0.178 0.26 0.32 0.383 0.39 0.295 0.135 0.009 -0.146 -0.341 -0.396 -0.415 -0.438 -0.49 -0.532 -0.571 -0.604 -0.631 -0.642 -0.644 -0.627 -0.566 -0.434 -0.25 -0.139 -0.107 0.064 0.289 0.58 0.717 0.637 0.883 1.014
-1.084 -1.144 -1.126 -1.069 -0.983 -0.881 -0.786 -0.711 -0.681 -0.69 -0.715 -0.752 -0.763 -0.768 -0.773 -0.768 -0.771 -0.79 -0.821 -0.86 -0.886 -0.852 -0.77 -0.677 -0.592 -0.476 -0.392 -0.331 -0.33 -0.355 -0.455 -0.511 -0.462 -0.483 -0.575 -0.663 -0.628 -0.553 -0.452 -0.311 -0.165 -0.094 0.054 0.157 0.266 0.403 0.523 0.442 0.401 0.279 0.124 -0.05 -0.182 -0.276 -0.341 -0.401 -0.461 -0.512 -0.558 -0.599 -0.635 -0.651 -0.658 -0.649 -0.595 -0.464 -0.377 -0.284 -0.097 0.191 0.436 0.445 0.651 0.919 0.859
-1.108 -1.119 -1.074 -1.007 -0.911 -0.817 -0.753 -0.699 -0.688 -0.687 -0.705 -0.72 -0.707 -0.697 -0.686 -0.662 -0.667 -0.714 -0.761 -0.825 -0.868 -0.816 -0.72 -0.61 -0.543 -0.374 -0.228 -0.132 -0.123 -0.213 -0.345 -0.328 -0.244 -0.262 -0.348 -0.535 -0.613 -0.567 -0.519 -0.431 -0.294 -0.148 -0.056 0.144 0.3 0.528 0.662 0.706 0.7 0.58 0.481 0.344 0.178 0.041 -0.157 -0.295 -0.382 -0.423 -0.472 -0.555 -0.602 -0.641 -0.672 -0.685 -0.683 -0.65 -0.594 -0.492 -0.326 -0.004 0.114 0.413 0.681 0.706 0.554
-1.095 -1.075 -1.007 -0.936 -0.846 -0.784 -0.737 -0.697 -0.672 -0.664 -0.67 -0.648 -0.628 -0.603 -0.564 -0.542 -0.548 -0.599 -0.694 -0.811 -0.845 -0.809 -0.739 -0.655 -0.49 -0.275 -0.083 0.049 -0.01 -0.146 -0.192 -0.177 -0.073 -0.08 -0.243 -0.47 -0.491 -0.371 -0.398 -0.34 -0.211 -0.072 -0.05 0.256 0.452 0.72 0.829 0.875 0.837 0.816 0.765 0.679 0.6 0.49 0.244 0.029 -0.204 -0.374 -0.46 -0.528 -0.576 -0.604 -0.661 -0.701 -0.719 -0.723 -0.709 -0.674 -0.561 -0.311 -0.003 0.327 0.406 0.328 0.29
-1.054 -1.016 -0.939 -0.862 -0.793 -0.75 -0.702 -0.652 -0.624 -0.637 -0.608 -0.561 -0.529 -0.474 -0.42 -0.349 -0.369 -0.476 -0.613 -0.783 -0.86 -0.829 -0.776 -0.623 -0.415 -0.184 0.07 0.107 -0.002 0.005 -0.002 -0.027 0.097 0.01 -0.185 -0.396 -0.335 -0.226 -0.316 -0.252 -0.08 0.019 0.023 0.321 0.601 0.7 0.807 0.82 0.623 0.519 0.486 0.497 0.654 0.731 0.561 0.405 0.12 -0.063 -0.341 -0.48 -0.559 -0.589 -0.624 -0.685 -0.719 -0.747 -0.749 -0.735 -0.689 -0.498 -0.141 -0.003 0.032 -0.052 0.041
-0.983 -0.94 -0.859 -0.794 -0.742 -0.714 -0.673 -0.62 -0.605 -0.611 -0.554 -0.495 -0.426 -0.345 -0.291 -0.231 -0.288 -0.428 -0.588 -0.758 -0.866 -0.86 -0.735 -0.568 -0.355 -0.095 0.111 0.093 0.052 0.097 0.163 0.11 0.177 0.037 -0.153 -0.27 -0.172 -0.109 -0.184 -0.198 -0.001 0.091 0.141 0.394 0.453 0.48 0.432 0.627 0.518 0.284 0.377 0.575 0.588 0.602 0.674 0.563 0.363 0.074 -0.205 -0.371 -0.499 -0.582 -0.612 -0.649 -0.694 -0.742 -0.764 -0.765 -0.741 -0.639 -0.448 -0.385 -0.359 -0.383 -0.297
-0.907 -0.86 -0.781 -0.723 -0.69 -0.684 -0.645 -0.604 -0.606 -0.581 -0.514 -0.441 -0.367 -0.28 -0.23 -0.232 -0.323 -0.475 -0.65 -0.795 -0.871 -0.826 -0.667 -0.496 -0.275 -0.038 0.129 0.159 0.159 0.146 0.262 0.235 0.245 0.061 -0.154 -0.182 -0.091 -0.036 -0.017 -0.044 0.179 0.267 0.288 0.391 0.404 0.405 0.177 0.119 0.075 0.047 0.224 0.265 0.286 0.257 0.245 0.199 0.091 0.02 -0.136 -0.239 -0.474 -0.556 -0.591 -0.612 -0.635 -0.708 -0.761 -0.78 -0.771 -0.734 -0.677 -0.632 -0.592 -0.559 -0.538
-0.844 -0.783 -0.705 -0.663 -0.649 -0.642 -0.613 -0.596 -0.595 -0.542 -0.485 -0.417 -0.342 -0.272 -0.255 -0.29 -0.383 -0.539 -0.696 -0.823 -0.872 -0.795 -0.627 -0.402 -0.191 -0.052 0.071 0.154 0.172 0.193 0.295 0.256 0.195 -0.025 -0.125 -0.058 0.09 0.115 0.116 0.17 0.356 0.422 0.41 0.281 0.152 -0.008 -0.139 -0.266 -0.25 -0.234 -0.226 -0.27 -0.249 -0.234 -0.263 -0.281 -0.336 -0.388 -0.463 -0.452 -0.43 -0.466 -0.505 -0.575 -0.593 -0.65 -0.723 -0.77 -0.774 -0.76 -0.725 -0.687 -0.651 -0.616 -0.592
-0.795 -0.715 -0.65 -0.621 -0.601 -0.579 -0.568 -0.578 -0.559 -0.508 -0.46 -0.405 -0.339 -0.291 -0.283 -0.328 -0.448 -0.602 -0.736 -0.85 -0.882 -0.774 -0.581 -0.352 -0.221 -0.137 -0.083 -0.046 0.039 0.102 0.228 0.244 0.155 -0.005 0.018 0.065 0.212 0.277 0.363 0.454 0.457 0.357 0.199 -0.027 -0.23 -0.38 -0.475 -0.513 -0.549 -0.569 -0.59 -0.607 -0.616 -0.61 -0.597 -0.582 -0.597 -0.568 -0.498 -0.404 -0.28 -0.175 -0.23 -0.46 -0.575 -0.597 -0.645 -0.699 -0.708 -0.728 -0.719 -0.687 -0.636 -0.577 -0.535
-0.76 -0.671 -0.605 -0.563 -0.527 -0.504 -0.507 -0.53 -0.53 -0.508 -0.469 -0.419 -0.362 -0.316 -0.308 -0.374 -0.517 -0.664 -0.781 -0.886 -0.903 -0.775 -0.555 -0.375 -0.338 -0.287 -0.261 -0.225 -0.141 -0.007 0.187 0.288 0.262 0.162 0.142 0.202 0.388 0.454 0.559 0.604 0.488 0.229 -0.055 -0.319 -0.512 -0.561 -0.543 -0.534 -0.569 -0.597 -0.599 -0.611 -0.626 -0.642 -0.605 -0.627 -0.623 -0.492 -0.326 -0.164 0.04 0.228 0.183 -0.199 -0.521 -0.599 -0.606 -0.612 -0.582 -0.589 -0.605 -0.574 -0.502 -0.384 -0.276
-0.736 -0.636 -0.572 -0.501 -0.452 -0.428 -0.44 -0.477 -0.503 -0.511 -0.491 -0.446 -0.385 -0.342 -0.365 -0.465 -0.601 -0.72 -0.829 -0.929 -0.934 -0.791 -0.555 -0.416 -0.441 -0.451 -0.374 -0.255 -0.193 -0.069 0.189 0.326 0.292 0.285 0.202 0.349 0.456 0.49 0.5 0.573 0.352 0.082 -0.24 -0.494 -0.593 -0.539 -0.449 -0.373 -0.37 -0.372 -0.335 -0.346 -0.425 -0.494 -0.487 -0.634 -0.55 -0.334 -0.08 0.106 0.293 0.429 0.336 -0.027 -0.432 -0.631 -0.619 -0.575 -0.496 -0.399 -0.372 -0.319 -0.279 -0.096 0.091
