data/climatemaps/RS_maps/climate_winter_tmin_2004.asc
NCOLS 369 
NROWS 228 
XLLCORNER 479000 
YLLCORNER 73000 
CELLSIZE 1000 
NODATA_value -9 
[rows 170 to 203 of 228, columns 76 to 151 of 369]
-0.222 -0.012 0.39 0.524 0.51 0.493 0.473 0.44 0.336 -0.075 -0.196 -0.07 -0.065 -0.334 -0.566 -1.048 -1.275 -1.223 -1.263 -1.256 -1.259 -1.118 -0.99 -1.02 -0.95 -1.494 -2.08 -2.376 -2.405 -2.162 -2.151 -1.986 -1.87 -1.807 -1.91 -2.126 -2.186 -2.047 -2.066 -2.16 -2.249 -2.134 -1.894 -1.645 -1.375 -0.927 -1.29 -1.649 -1.533 -1.31 -1.125 -0.895 -0.819 -0.679 -0.734 -0.69 -0.665 -0.698 -0.562 -0.394 -0.67 -0.798 -0.881 -0.705 -0.879 -0.904 -0.843 -0.762 -0.327 -0.564 -0.715 -0.79 -0.702 -0.689 -0.693 -0.892
-0.37 -0.134 0.222 0.481 0.493 0.477 0.458 0.435 0.392 0.222 0.103 0.015 -0.241 -0.657 -0.948 -1.086 -1.176 -1.212 -1.197 -1.126 -1.125 -1.227 -1.22 -1.433 -1.267 -1.653 -2.217 -2.463 -2.413 -2.262 -2.128 -1.999 -1.871 -1.681 -1.513 -1.791 -1.879 -1.784 -2.03 -1.891 -1.957 -1.863 -1.64 -1.39 -1.126 -0.757 -1.246 -1.347 -1.276 -1.08 -0.873 -0.614 -0.451 -0.424 -0.354 -0.289 -0.33 -0.311 -0.232 -0.222 -0.342 -0.421 -0.531 -0.488 -0.484 -0.422 -0.39 -0.306 -0.117 -0.215 -0.21 -0.304 -0.315 -0.296 -0.416 -0.459
-0.446 -0.193 0.127 0.375 0.478 0.458 0.443 0.426 0.39 0.276 0.069 -0.076 -0.383 -0.74 -0.863 -0.84 -1.009 -0.993 -0.96 -1.011 -1.077 -1.301 -1.564 -1.941 -2.012 -2.221 -2.535 -2.182 -2.131 -2.1 -2.029 -1.939 -1.936 -1.674 -1.305 -1.348 -1.394 -1.618 -2.064 -1.637 -1.644 -1.641 -1.358 -1.053 -0.786 -0.768 -1.106 -1.141 -1.05 -0.87 -0.696 -0.486 -0.295 -0.235 -0.163 -0.121 -0.125 -0.106 -0.113 -0.144 -0.164 -0.172 -0.226 -0.198 -0.124 -0.096 -0.074 -0.067 -0.078 -0.101 -0.096 -0.054 -0.04 -0.056 -0.044 -0.101
-0.66 -0.358 -0.083 0.155 0.458 0.443 0.425 0.412 0.387 0.318 0.188 0.004 -0.408 -0.584 -0.554 -0.679 -0.88 -0.86 -0.969 -1.174 -1.249 -1.349 -1.537 -1.848 -2.051 -2.228 -2.215 -1.704 -1.464 -1.557 -1.579 -1.771 -1.972 -1.803 -1.474 -1.174 -1.023 -1.608 -2.01 -1.483 -1.353 -1.358 -1.088 -0.821 -0.62 -0.873 -1.029 -1.025 -0.907 -0.698 -0.454 -0.291 -0.18 -0.14 -0.106 -0.107 -0.128 -0.172 -0.202 -0.232 -0.23 -0.148 -0.1 -0.093 -0.152 -0.143 -0.274 -0.311 -0.377 -0.475 -0.437 -0.291 -0.189 -0.137 -0.093 -0.061
-0.947 -0.625 -0.419 -0.065 0.392 0.426 0.413 0.398 0.375 0.329 0.324 0.094 -0.245 -0.303 -0.332 -0.54 -0.707 -0.81 -0.953 -1.102 -1.142 -1.126 -1.317 -1.521 -1.666 -1.757 -1.645 -1.326 -1.063 -1.116 -1.452 -1.866 -1.922 -1.747 -1.491 -1.154 -0.809 -1.477 -1.679 -1.255 -1.169 -1.08 -0.861 -0.646 -0.536 -0.803 -0.92 -0.861 -0.729 -0.53 -0.269 -0.15 -0.107 -0.112 -0.188 -0.332 -0.457 -0.647 -0.634 -0.422 -0.551 -0.393 -0.29 -0.358 -0.449 -0.331 -0.628 -0.772 -0.866 -0.938 -0.807 -0.632 -0.472 -0.455 -0.494 -0.479
-1.028 -0.784 -0.683 -0.265 0.209 0.388 0.399 0.39 0.368 0.339 0.329 0.2 -0.028 -0.094 -0.334 -0.545 -0.585 -0.64 -0.747 -0.894 -1.067 -1.185 -1.495 -1.569 -1.631 -1.652 -1.518 -1.136 -1.007 -1.013 -1.531 -2.022 -1.855 -1.568 -1.238 -0.966 -0.713 -1.331 -1.291 -0.963 -0.934 -0.853 -0.665 -0.47 -0.502 -0.735 -0.689 -0.562 -0.48 -0.291 -0.141 -0.104 -0.125 -0.253 -0.589 -0.869 -1.121 -1.148 -0.901 -0.763 -1.042 -0.846 -0.751 -0.864 -0.802 -0.548 -0.968 -1.258 -1.35 -1.254 -1.012 -0.818 -0.719 -0.644 -0.76 -0.864
-0.966 -0.798 -0.888 -0.555 -0.076 0.216 0.29 0.374 0.361 0.342 0.311 0.254 0.135 -0.077 -0.288 -0.408 -0.413 -0.689 -0.977 -1.175 -1.39 -1.52 -1.469 -1.673 -1.891 -1.948 -1.6 -1.275 -1.287 -0.855 -1.281 -1.89 -1.696 -1.327 -0.921 -0.668 -0.826 -1.145 -0.933 -0.688 -0.714 -0.641 -0.489 -0.32 -0.567 -0.568 -0.364 -0.238 -0.191 -0.119 -0.094 -0.178 -0.39 -0.409 -0.875 -1.097 -1.309 -1.405 -1.346 -1.245 -1.498 -1.421 -1.344 -1.462 -1.165 -0.765 -1.213 -1.661 -1.725 -1.534 -1.23 -1.03 -1.041 -0.879 -0.873 -1.022
-0.94 -0.956 -1.103 -0.873 -0.488 -0.099 0.22 0.362 0.355 0.336 0.308 0.223 0.116 0.096 -0.101 -0.243 -0.308 -0.761 -0.933 -1.112 -1.333 -1.351 -1.665 -1.987 -2.101 -1.828 -1.514 -1.754 -1.539 -0.799 -1.157 -1.699 -1.403 -0.983 -0.733 -0.497 -0.839 -0.814 -0.66 -0.486 -0.506 -0.456 -0.289 -0.236 -0.386 -0.241 -0.13 -0.096 -0.096 -0.121 -0.19 -0.466 -0.791 -0.558 -0.64 -0.922 -1.331 -1.718 -1.929 -1.686 -1.828 -1.749 -1.842 -1.818 -1.481 -1.047 -1.196 -1.803 -1.982 -1.734 -1.466 -1.275 -1.375 -1.242 -1.115 -1.229
-1.067 -1.018 -1.151 -0.969 -0.624 -0.15 0.199 0.339 0.339 0.335 0.316 0.27 0.193 0.128 -0.353 -0.643 -0.537 -0.576 -0.642 -0.829 -1.016 -1.475 -1.983 -2.258 -2.076 -1.765 -1.821 -2.007 -1.511 -0.864 -0.991 -1.46 -1.105 -0.742 -0.482 -0.38 -0.58 -0.527 -0.425 -0.333 -0.369 -0.278 -0.146 -0.092 -0.101 -0.084 -0.083 -0.132 -0.253 -0.345 -0.566 -0.852 -0.91 -0.676 -0.567 -0.762 -1.395 -1.698 -1.933 -1.926 -2.018 -1.956 -2.118 -1.963 -1.676 -1.219 -1.281 -1.805 -2.088 -1.898 -1.538 -1.532 -1.701 -1.607 -1.391 -1.362
-0.825 -0.77 -0.818 -0.83 -0.475 -0.05 0.169 0.254 0.28 0.305 0.318 0.293 0.247 0.122 -0.461 -0.993 -1.033 -1.024 -1.149 -1.062 -1.624 -1.905 -2.162 -2.154 -1.981 -1.982 -2.218 -1.951 -1.573 -0.988 -0.638 -1.005 -0.798 -0.517 -0.255 -0.213 -0.354 -0.325 -0.283 -0.226 -0.154 -0.051 -0.041 -0.05 -0.094 -0.216 -0.339 -0.507 -0.64 -0.686 -1.026 -1.212 -1.155 -0.981 -0.775 -0.694 -1.155 -1.482 -1.84 -2.062 -2.209 -2.228 -2.166 -1.858 -1.704 -1.345 -1.444 -1.957 -2.09 -1.975 -1.657 -1.826 -2.03 -1.924 -1.577 -1.223
-0.679 -0.735 -0.679 -0.527 -0.291 -0.007 -0.078 -0.064 -0.061 0.033 0.283 0.249 0.167 0.058 -0.486 -1.135 -1.31 -1.487 -1.31 -1.135 -2.086 -2.385 -2.2 -2.052 -2.13 -2.22 -2.274 -2.122 -1.666 -1.07 -0.473 -0.643 -0.376 -0.243 -0.099 -0.074 -0.155 -0.188 -0.089 -0.052 -0.011 -0.028 -0.047 -0.216 -0.594 -0.732 -0.695 -1 -1.163 -0.963 -1.235 -1.572 -1.401 -1.326 -0.987 -0.646 -1.197 -1.648 -1.941 -2.022 -2.116 -2.33 -2.152 -2.073 -1.962 -1.48 -1.434 -2.012 -2.22 -1.996 -1.816 -1.975 -2.136 -1.935 -1.665 -1.196
-0.961 -0.884 -0.739 -0.392 -0.11 -0.194 -0.46 -0.51 -0.421 -0.115 0.129 0.25 0.157 -0.038 -0.724 -1.339 -1.57 -1.621 -1.153 -1.322 -1.809 -2.052 -1.96 -1.621 -1.486 -1.422 -1.387 -1.468 -1.317 -0.804 -0.357 -0.283 -0.046 0.011 0.037 0.01 -0.09 -0.026 0.008 -0.005 -0.023 -0.078 -0.138 -0.596 -0.921 -1.026 -1.043 -1.391 -1.555 -1.279 -1.229 -1.737 -1.805 -1.435 -1.014 -0.672 -1.11 -1.503 -1.708 -1.84 -2.016 -2.17 -2.246 -2.09 -1.88 -1.462 -1.455 -1.909 -2.13 -2.151 -1.99 -2.04 -1.968 -1.792 -1.472 -1.028
-0.97 -0.765 -0.545 -0.186 -0.236 -0.571 -0.815 -0.91 -0.652 -0.2 -0.013 0.256 0.172 -0.329 -0.9 -1.44 -1.779 -1.703 -1.312 -1.804 -1.986 -1.741 -1.795 -1.499 -1.059 -0.914 -0.66 -0.663 -0.847 -0.676 -0.22 0.024 0.086 0.077 0.059 0.045 0.041 0.019 -0.04 -0.135 -0.253 -0.386 -0.291 -0.552 -1.031 -1.335 -1.424 -1.606 -1.875 -1.604 -1.344 -1.798 -2.012 -1.656 -1.185 -0.772 -0.914 -1.242 -1.441 -1.727 -1.945 -2.06 -2.14 -2 -1.786 -1.396 -1.518 -1.856 -2.036 -2.249 -2.12 -2.039 -1.691 -1.371 -1.05 -0.612
-0.915 -0.726 -0.449 -0.184 -0.472 -0.839 -1.092 -1.148 -0.755 -0.321 -0.015 0.284 0.111 -0.508 -0.909 -1.468 -2.076 -1.933 -1.859 -2.096 -1.915 -1.635 -1.356 -1.213 -0.98 -0.634 -0.466 -0.329 -0.362 -0.363 -0.028 0.093 0.09 0.087 0.064 0.039 -0.032 -0.168 -0.368 -0.55 -0.677 -0.608 -0.346 -0.514 -0.966 -1.31 -1.63 -1.804 -2.036 -1.853 -1.584 -1.96 -2.065 -1.779 -1.424 -0.956 -0.785 -1.201 -1.573 -1.721 -1.946 -2.132 -2.158 -1.939 -1.668 -1.369 -1.671 -1.962 -2.137 -2.25 -2.039 -1.857 -1.576 -1.108 -0.658 -0.459
-0.947 -0.637 -0.276 -0.327 -0.669 -0.987 -1.315 -1.062 -0.683 -0.556 -0.253 0.248 0.206 -0.237 -0.869 -1.477 -2.114 -2.208 -2.201 -1.953 -1.808 -1.651 -1.354 -0.968 -0.818 -0.62 -0.555 -0.233 -0.044 0.024 0.095 0.11 0.07 -0.01 -0.107 -0.132 -0.342 -0.606 -0.79 -0.94 -0.994 -0.805 -0.417 -0.495 -0.968 -1.233 -1.485 -1.755 -2.061 -2.08 -1.815 -2.056 -2.127 -1.931 -1.608 -1.126 -0.812 -1.206 -1.709 -1.9 -2.048 -2.247 -2.251 -2.016 -1.579 -1.508 -1.892 -2.103 -2.232 -2.228 -2.05 -1.847 -1.561 -0.955 -0.521 -0.725
-0.832 -0.518 -0.224 -0.571 -1.018 -1.063 -1.431 -1.066 -0.883 -0.973 -0.661 0.046 0.209 0.052 -0.574 -1.2 -1.751 -2.177 -2.082 -2 -1.855 -1.611 -1.519 -1.036 -0.667 -0.362 -0.274 -0.043 0.056 0.091 0.11 0.02 -0.164 -0.422 -0.524 -0.392 -0.544 -0.937 -1.192 -1.319 -1.305 -1.014 -0.517 -0.443 -0.856 -1.085 -1.316 -1.674 -2.065 -2.12 -1.987 -2.198 -2.224 -1.99 -1.686 -1.21 -0.849 -1.177 -1.679 -2.005 -2.038 -2.218 -2.207 -1.96 -1.539 -1.622 -2.021 -2.261 -2.279 -2.084 -1.959 -1.664 -1.202 -0.67 -0.666 -0.927
-0.638 -0.346 -0.405 -0.75 -1.199 -1.363 -1.677 -1.559 -1.352 -1.035 -0.593 -0.153 0.151 0.191 -0.29 -0.991 -1.521 -1.914 -1.824 -2.168 -1.935 -1.422 -1.525 -1.12 -0.59 -0.099 0.088 0.14 0.123 0.117 -0.09 -0.351 -0.643 -0.841 -0.82 -0.616 -0.615 -0.991 -1.367 -1.616 -1.477 -1.106 -0.609 -0.364 -0.754 -1.158 -1.479 -1.84 -2.143 -2.163 -2.131 -2.317 -2.142 -1.895 -1.595 -1.191 -0.941 -1.055 -1.488 -1.863 -2.013 -2.227 -2.224 -1.978 -1.576 -1.745 -2.064 -2.358 -2.296 -2.168 -2.086 -1.595 -0.926 -0.555 -0.819 -1.136
-0.445 -0.394 -0.798 -1.141 -1.485 -1.883 -2.232 -1.991 -1.36 -0.793 -0.687 -0.453 0.11 0.243 -0.179 -0.97 -1.653 -1.849 -1.689 -1.971 -1.612 -1.171 -1.139 -0.754 -0.198 0.102 0.163 0.163 0.113 -0.098 -0.584 -0.891 -1.077 -1.162 -1.095 -0.791 -0.821 -1.182 -1.431 -1.772 -1.468 -1.028 -0.591 -0.464 -0.632 -1.055 -1.416 -1.812 -2.161 -2.263 -2.281 -2.374 -2.127 -1.859 -1.463 -1.231 -1.278 -1.057 -1.249 -1.704 -1.965 -2.194 -2.33 -2.061 -1.654 -1.955 -2.168 -2.409 -2.43 -2.279 -1.99 -1.334 -0.639 -0.707 -1.018 -1.31
-0.402 -0.677 -1.22 -1.438 -1.946 -2.342 -2.249 -1.998 -1.529 -0.985 -1.121 -0.764 -0.067 0.262 0.018 -0.781 -1.46 -1.784 -1.554 -1.381 -1.01 -0.701 -0.503 -0.115 0.141 0.181 0.179 0.16 -0.16 -0.336 -0.887 -1.257 -1.479 -1.573 -1.392 -0.934 -1.184 -1.552 -1.716 -1.856 -1.355 -0.856 -0.704 -0.78 -0.59 -0.755 -1.165 -1.642 -2.018 -2.282 -2.397 -2.412 -2.255 -1.893 -1.394 -1.519 -1.685 -1.348 -1.125 -1.545 -1.904 -2.104 -2.321 -2.123 -1.709 -1.997 -2.197 -2.471 -2.376 -2.099 -1.775 -1.154 -0.536 -0.955 -1.456 -1.438
-0.784 -0.776 -1.361 -1.881 -2.1 -2.099 -1.8 -1.646 -1.751 -1.449 -1.532 -1.113 -0.284 0.23 0.151 -0.571 -1.202 -1.579 -1.151 -0.684 -0.334 -0.054 0.077 0.179 0.197 0.192 0.147 -0.076 -0.59 -0.585 -0.738 -1.125 -1.552 -1.827 -1.597 -1.089 -1.433 -1.808 -1.982 -1.869 -1.298 -0.816 -1.059 -1.156 -0.904 -0.664 -0.939 -1.391 -1.732 -2.021 -2.214 -2.305 -2.204 -2.018 -1.576 -1.819 -2.028 -1.722 -1.248 -1.372 -1.918 -2.268 -2.444 -2.152 -1.803 -2.018 -2.338 -2.644 -2.467 -2.096 -1.593 -1.039 -0.627 -1.11 -1.727 -1.618
-1.118 -0.873 -1.572 -1.731 -1.843 -1.676 -1.462 -1.384 -1.412 -1.289 -1.295 -1.18 -0.516 0.203 0.221 -0.406 -1.09 -1.172 -0.551 -0.124 0.123 0.212 0.217 0.215 0.154 0.087 -0.118 -0.548 -0.957 -0.869 -0.844 -0.979 -1.344 -1.784 -1.706 -1.22 -1.524 -1.901 -2.149 -1.887 -1.334 -0.913 -1.358 -1.628 -1.426 -1.055 -0.754 -1.101 -1.565 -1.92 -2.241 -2.359 -2.247 -2.23 -1.84 -1.833 -2.173 -1.904 -1.441 -1.246 -1.71 -2.188 -2.67 -2.436 -2.082 -2.211 -2.322 -2.596 -2.486 -2.138 -1.773 -1.046 -0.747 -1.428 -2.028 -2.003
-1.497 -1.324 -1.412 -1.678 -2.126 -1.881 -1.403 -1.34 -1.466 -1.486 -0.991 -0.93 -0.529 0.099 0.287 0.024 -0.658 -0.595 -0.046 0.192 0.246 0.245 0.233 0.068 -0.176 -0.387 -0.621 -1.069 -1.32 -1.188 -1.118 -1.351 -1.397 -1.871 -1.713 -1.356 -1.674 -2.044 -2.172 -1.839 -1.389 -1.014 -1.475 -1.865 -1.828 -1.373 -0.92 -0.883 -1.486 -1.878 -2.124 -2.479 -2.339 -2.262 -1.925 -1.787 -2.214 -1.931 -1.528 -1.18 -1.509 -2.108 -2.576 -2.542 -2.483 -2.508 -2.457 -2.584 -2.491 -2.182 -1.664 -1.052 -0.714 -1.471 -2.152 -2.339
-1.54 -1.631 -1.784 -2.032 -2.306 -2.263 -1.625 -1.558 -1.766 -1.864 -1.564 -1.178 -0.503 -0.099 0.232 0.269 -0.119 0.014 0.254 0.267 0.261 0.251 0.127 -0.315 -0.584 -0.747 -1.198 -1.527 -1.645 -1.48 -1.344 -1.698 -1.723 -1.969 -1.708 -1.397 -1.785 -2.231 -2.206 -1.822 -1.366 -1.155 -1.511 -1.935 -2 -1.654 -1.344 -0.873 -1.167 -1.494 -1.975 -2.178 -2.302 -2.065 -1.838 -1.82 -2.347 -2.141 -1.637 -1.167 -1.419 -2.005 -2.341 -2.538 -2.709 -2.838 -2.682 -2.661 -2.809 -2.481 -1.871 -1.058 -0.776 -1.54 -2.148 -2.474
-1.366 -1.748 -2.054 -2.088 -2.005 -2.214 -1.892 -1.742 -1.855 -1.575 -1.188 -0.742 -0.292 -0.158 0.098 0.287 0.257 0.279 0.283 0.275 0.258 0.15 -0.307 -0.789 -0.983 -1.162 -1.65 -1.792 -1.688 -1.656 -1.574 -1.72 -2.077 -2.011 -1.649 -1.502 -1.892 -2.231 -2.388 -1.967 -1.543 -1.15 -1.547 -2.095 -2.115 -1.884 -1.477 -1.042 -0.881 -1.153 -1.634 -1.847 -2.219 -2.196 -1.908 -1.87 -2.298 -2.441 -1.894 -1.225 -1.461 -1.956 -2.09 -2.394 -2.822 -2.988 -3.157 -2.86 -2.711 -2.193 -1.682 -0.954 -0.942 -1.596 -2.067 -2.499
-0.832 -1.513 -2.055 -1.804 -1.715 -2.037 -1.597 -1.452 -1.406 -1.225 -0.843 -0.414 -0.189 -0.485 -0.378 0.132 0.295 0.294 0.283 0.244 0.087 -0.282 -0.846 -1.084 -1.158 -1.198 -1.594 -1.417 -1.326 -1.395 -1.73 -1.855 -2.195 -1.915 -1.665 -1.744 -1.863 -2.288 -2.485 -2.162 -1.803 -1.206 -1.553 -2.107 -2.212 -1.821 -1.539 -1.401 -1.025 -0.885 -1.266 -1.554 -1.956 -2.265 -2.063 -1.854 -2.151 -2.396 -2.104 -1.398 -1.502 -1.958 -2.197 -2.354 -2.648 -3.01 -3.156 -2.8 -2.323 -1.828 -1.39 -0.839 -1.091 -1.567 -2.14 -2.616
-1.021 -1.821 -2.103 -1.605 -1.553 -1.884 -1.818 -1.691 -1.523 -1.033 -0.52 -0.259 -0.604 -0.865 -0.549 -0.068 0.279 0.245 0.128 -0.088 -0.445 -0.793 -1.002 -0.842 -0.712 -0.863 -1.184 -0.997 -1.01 -1.181 -1.581 -2.048 -2.271 -2.121 -1.873 -2.027 -1.853 -2.104 -2.488 -2.309 -1.876 -1.349 -1.439 -1.923 -2.092 -1.741 -1.882 -1.804 -1.362 -0.928 -1.028 -1.401 -1.829 -2.212 -2.251 -1.938 -1.924 -2.276 -1.959 -1.585 -1.395 -1.703 -1.924 -2.157 -2.411 -2.839 -3.208 -2.833 -2.367 -1.796 -1.172 -0.792 -1.174 -1.722 -2.364 -2.735
-1.461 -1.94 -1.98 -1.474 -1.395 -1.732 -1.814 -1.575 -1.316 -0.913 -0.379 -0.56 -1.015 -0.779 -0.257 0.156 0.117 -0.023 -0.259 -0.546 -0.674 -0.862 -0.75 -0.489 -0.395 -0.481 -0.651 -0.615 -0.831 -1.154 -1.546 -1.952 -2.237 -2.255 -2.239 -2.39 -2.168 -2.062 -2.317 -2.275 -2.052 -1.554 -1.412 -1.896 -2.145 -1.783 -2.109 -2.022 -1.579 -1.094 -0.942 -1.31 -1.706 -1.997 -2.172 -2.166 -1.973 -2.277 -2.056 -1.7 -1.449 -1.771 -1.904 -2.078 -2.289 -2.844 -2.935 -2.6 -2.421 -1.904 -1.251 -0.812 -1.29 -1.81 -2.311 -2.655
-1.384 -1.673 -1.852 -1.491 -1.33 -1.706 -1.687 -1.239 -0.822 -0.55 -0.537 -1.03 -0.955 -0.483 -0.001 0.125 -0.111 -0.122 -0.21 -0.355 -0.327 -0.31 -0.35 -0.145 -0.166 -0.322 -0.305 -0.29 -0.599 -1.063 -1.519 -1.799 -1.903 -2.217 -2.393 -2.561 -2.383 -2.202 -2.316 -2.352 -2.168 -1.768 -1.648 -2.042 -2.333 -2.089 -2.238 -1.939 -1.546 -1.078 -0.924 -1.163 -1.515 -1.791 -2.037 -2.341 -2.207 -2.399 -2.353 -1.758 -1.671 -2.211 -2.339 -2.323 -2.479 -2.954 -2.447 -2.063 -2 -1.617 -1.099 -0.838 -1.358 -1.868 -2.243 -2.629
-1.22 -1.755 -1.927 -1.707 -1.322 -1.439 -1.472 -0.99 -0.503 -0.537 -0.958 -1.272 -0.742 -0.338 -0.136 0.007 -0.024 -0.133 -0.396 -0.539 -0.412 -0.206 -0.091 -0.134 -0.373 -0.728 -0.544 -0.257 -0.33 -0.713 -1.227 -1.52 -1.785 -2.169 -2.427 -2.452 -2.431 -2.359 -2.507 -2.344 -2.139 -1.877 -1.957 -2.451 -2.607 -2.469 -2.339 -1.898 -1.472 -1.058 -1.148 -1.138 -1.223 -1.609 -2.074 -2.457 -2.563 -2.599 -2.457 -1.795 -1.872 -2.386 -2.666 -2.711 -2.854 -2.818 -2.208 -1.81 -1.703 -1.539 -1.001 -0.851 -1.399 -1.99 -2.323 -2.511
-1.549 -1.912 -1.726 -1.625 -1.424 -1.239 -1.141 -0.702 -0.544 -0.836 -0.897 -1.059 -0.69 -0.712 -0.737 -0.483 -0.232 -0.546 -1.041 -1.285 -1.005 -0.497 -0.154 -0.375 -0.883 -1.148 -0.823 -0.447 -0.285 -0.39 -0.781 -1.12 -1.526 -2.064 -2.328 -2.184 -2.354 -2.461 -2.598 -2.329 -2.071 -1.77 -2.065 -2.57 -2.714 -2.532 -2.294 -2.025 -1.483 -1.192 -1.624 -1.596 -1.295 -1.437 -1.936 -2.322 -2.691 -2.809 -2.511 -1.895 -1.93 -2.297 -2.599 -2.84 -3.026 -2.744 -2.326 -2.03 -1.978 -1.752 -1.012 -0.892 -1.383 -1.745 -2.031 -2.269
-1.866 -1.889 -1.737 -1.715 -1.644 -1.148 -0.73 -0.561 -0.803 -1.115 -0.718 -1.019 -1.057 -1.205 -1.311 -0.983 -0.49 -0.655 -1.22 -1.698 -1.261 -0.557 -0.195 -0.533 -1.11 -1.346 -0.982 -0.735 -0.469 -0.353 -0.433 -0.658 -1.088 -1.769 -2.007 -1.972 -2.186 -2.371 -2.551 -2.239 -2.1 -1.728 -1.975 -2.414 -2.603 -2.445 -2.111 -1.881 -1.409 -1.385 -1.963 -2.13 -1.77 -1.366 -1.67 -2.155 -2.489 -2.817 -2.75 -2.218 -1.984 -2.156 -2.382 -2.802 -2.878 -2.718 -2.519 -2.341 -2.29 -1.724 -0.915 -1.049 -1.616 -1.66 -1.704 -2.153
-2.033 -1.922 -1.933 -1.718 -1.53 -0.984 -0.618 -0.809 -1.126 -1.199 -0.704 -1.186 -1.547 -1.612 -1.444 -1.006 -0.921 -0.74 -0.961 -1.605 -1.336 -0.532 -0.227 -0.637 -1.244 -1.502 -1.277 -1.028 -0.71 -0.768 -0.698 -0.57 -0.756 -1.377 -1.699 -1.805 -2.016 -2.349 -2.506 -2.391 -2.248 -1.786 -1.839 -2.351 -2.517 -2.274 -1.954 -1.666 -1.29 -1.443 -2.025 -2.398 -2.087 -1.497 -1.511 -2.006 -2.326 -2.737 -2.777 -2.401 -2.167 -2.212 -2.545 -2.823 -2.587 -2.368 -2.276 -2.258 -2.129 -1.506 -0.914 -1.321 -1.915 -1.996 -1.678 -1.911
-1.847 -1.768 -1.904 -1.418 -1.255 -0.726 -0.799 -1.195 -1.404 -1.297 -0.851 -1.108 -1.76 -1.839 -1.604 -1.388 -1.437 -1.101 -0.812 -1.155 -1.133 -0.47 -0.246 -0.691 -1.364 -1.669 -1.603 -1.226 -1.017 -1.199 -1.221 -0.992 -0.92 -0.93 -1.189 -1.529 -1.931 -2.157 -2.366 -2.602 -2.221 -1.878 -1.76 -2.242 -2.478 -2.353 -2.08 -1.735 -1.304 -1.526 -2.112 -2.531 -2.138 -1.605 -1.638 -1.85 -2.284 -2.758 -2.975 -2.602 -2.419 -2.578 -2.792 -2.81 -2.427 -2.053 -1.932 -2.074 -1.726 -1.166 -1.128 -1.658 -2.088 -2.214 -2.028 -1.786
-1.793 -1.46 -1.605 -1.273 -0.889 -0.608 -1.061 -1.415 -1.534 -1.436 -1.418 -1.152 -1.331 -1.934 -1.969 -1.893 -1.527 -1.144 -1.023 -0.882 -0.823 -0.391 -0.245 -0.707 -1.168 -1.441 -1.667 -1.424 -1.34 -1.579 -1.601 -1.466 -1.302 -1.079 -1.062 -1.115 -1.519 -1.899 -2.27 -2.622 -2.345 -1.976 -1.868 -2 -2.375 -2.214 -2.051 -1.674 -1.315 -1.629 -2.105 -2.511 -2 -1.746 -1.885 -1.87 -2.263 -2.801 -3.046 -2.729 -2.714 -2.686 -2.463 -2.659 -2.435 -2.084 -1.767 -1.669 -1.374 -0.967 -1.266 -1.725 -2.093 -2.345 -2.212 -2.062
