data/climatemaps/RS_maps/climate_breeding_pr_2008.asc
NCOLS 369 
NROWS 228 
XLLCORNER 479000 
YLLCORNER 73000 
CELLSIZE 1000 
NODATA_value -9 
[rows 0 to 33 of 228, columns 228 to 303 of 369]
-9 -9 -9 -9 -9 -9 -9 -9 -9 -9 -9 -9 -9 -9 -9 -9 -9 -9 -9 -9 -9 -9 -9 -9 -9 -9 -9 -9 -9 -9 -9 -9 -9 -9 -9 -9 -9 -9 -9 -9 -9 -9 -9 -9 -9 -9 -9 -9 -9 -9 -9 -9 -9 -9 -9 -9 -9 -9 -9 -9 -9 -9 -9 -9 -9 -9 -9 -9 -9 -9 -9 -9 -9 -9 -9 -9
-1.3 -9 -9 -9 -9 -9 -9 -9 -9 -9 -9 -9 -9 -9 -9 -9 -9 -9 -9 -9 -9 -9 -9 -9 -9 -9 -9 -9 -9 -9 -9 -9 -9 -9 -9 -9 -9 -9 -9 -9 -9 -9 -9 -9 -9 -9 -9 -9 -9 -9 -9 -9 -9 -9 -9 -9 -9 -9 -9 -9 -9 -9 -9 -9 -9 -9 -9 -9 -9 -9 -9 -9 -9 -9 -9 -9
-1.34 -1.318 -9 -9 -9 -9 -9 -9 -9 -9 -9 -9 -9 -9 -9 -9 -9 -9 -9 -9 -9 -9 -9 -9 -9 -9 -9 -9 -9 -9 -9 -9 -9 -9 -9 -9 -9 -9 -9 -9 -9 -9 -9 -9 -9 -9 -9 -9 -9 -9 -9 -9 -9 -9 -9 -9 -9 -9 -9 -9 -9 -9 -9 -9 -9 -9 -9 -9 -9 -9 -9 -9 -9 -9 -9 -9
-1.368 -1.344 -1.314 -1.283 -9 -9 -9 -9 -9 -9 -9 -9 -9 -9 -9 -9 -9 -9 -9 -9 -9 -9 -9 -9 -9 -9 -9 -9 -9 -9 -9 -9 -9 -9 -9 -9 -9 -9 -9 -9 -9 -9 -9 -9 -9 -9 -9 -9 -9 -9 -9 -9 -9 -9 -9 -9 -9 -9 -9 -9 -9 -9 -9 -9 -9 -9 -9 -9 -9 -9 -9 -9 -9 -9 -9 -9
-1.383 -1.36 -1.328 -1.291 -1.247 -9 -9 -9 -9 -9 -9 -9 -9 -9 -9 -9 -9 -9 -9 -9 -9 -9 -9 -9 -9 -9 -9 -9 -9 -9 -9 -9 -9 -9 -9 -9 -9 -9 -9 -9 -9 -9 -9 -9 -9 -9 -9 -9 -9 -9 -9 -9 -9 -9 -9 -9 -9 -9 -9 -9 -9 -9 -9 -9 -9 -9 -9 -9 -9 -9 -9 -9 -9 -9 -9 -9
-1.385 -1.362 -1.328 -1.292 -1.251 -1.213 -9 -9 -9 -9 -9 -9 -9 -9 -9 -9 -9 -9 -9 -9 -9 -9 -9 -9 -9 -9 -9 -9 -9 -9 -9 -9 -9 -9 -9 -9 -9 -9 -9 -9 -9 -9 -9 -9 -9 -9 -9 -9 -9 -9 -9 -9 -9 -9 -9 -9 -9 -9 -9 -9 -9 -9 -9 -9 -9 -9 -9 -9 -9 -9 -9 -9 -9 -9 -9 -9
-1.378 -1.356 -1.322 -1.29 -1.258 -1.219 -1.194 -9 -1.194 -1.191 -1.197 -1.195 -1.191 -1.205 -1.232 -1.258 -1.276 -1.275 -1.252 -9 -9 -9 -9 -9 -9 -9 -9 -9 -9 -9 -9 -9 -9 -9 -9 -9 -9 -9 -9 -9 -9 -9 -9 -9 -9 -9 -9 -9 -9 -9 -9 -9 -9 -9 -9 -9 -9 -9 -9 -9 -9 -9 -9 -9 -9 -9 -9 -9 -9 -9 -9 -9 -9 -9 -9 -9
-1.366 -1.35 -1.322 -1.295 -1.27 -1.239 -1.216 -1.207 -1.201 -1.19 -1.185 -1.175 -1.162 -1.163 -1.188 -1.223 -1.253 -1.269 -1.267 -1.242 -1.205 -1.173 -1.147 -9 -9 -9 -9 -9 -9 -9 -9 -9 -9 -9 -9 -9 -9 -9 -9 -9 -9 -9 -9 -9 -9 -9 -9 -9 -9 -9 -9 -9 -9 -9 -9 -9 -9 -9 -9 -9 -9 -9 -9 -9 -9 -9 -9 -9 -9 -9 -9 -9 -9 -9 -9 -9
-1.355 -1.346 -1.327 -1.306 -1.289 -1.271 -1.254 -1.244 -1.234 -1.221 -1.205 -1.185 -1.164 -1.15 -1.154 -1.179 -1.216 -1.242 -1.257 -1.256 -1.24 -1.222 -1.202 -1.179 -1.163 -1.152 -1.135 -1.111 -1.088 -1.07 -1.07 -1.073 -9 -9 -9 -9 -9 -9 -9 -9 -9 -9 -9 -9 -9 -9 -9 -9 -9 -9 -9 -9 -9 -9 -9 -9 -9 -9 -9 -9 -9 -9 -9 -9 -9 -9 -9 -9 -9 -9 -9 -9 -9 -9 -9 -9
-1.347 -1.343 -1.331 -1.318 -1.31 -1.303 -1.295 -1.287 -1.276 -1.265 -1.248 -1.221 -1.191 -1.163 -1.149 -1.153 -1.172 -1.202 -1.232 -1.249 -1.255 -1.253 -1.244 -1.226 -1.208 -1.191 -1.172 -1.146 -1.116 -1.088 -1.075 -1.072 -1.067 -1.047 -0.999 -0.936 -9 -9 -9 -9 -9 -9 -9 -9 -9 -9 -9 -9 -9 -9 -9 -9 -9 -9 -9 -9 -9 -9 -9 -9 -9 -9 -9 -9 -9 -9 -9 -9 -9 -9 -9 -9 -9 -9 -9 -9
-1.338 -1.337 -1.331 -1.327 -1.329 -1.331 -1.331 -1.326 -1.316 -1.305 -1.291 -1.267 -1.236 -1.204 -1.174 -1.155 -1.156 -1.17 -1.195 -1.227 -1.248 -1.258 -1.26 -1.255 -1.243 -1.223 -1.202 -1.174 -1.143 -1.108 -1.084 -1.073 -1.066 -1.053 -1.019 -0.963 -0.895 -0.828 -9 -9 -9 -9 -9 -9 -9 -9 -9 -9 -9 -9 -9 -9 -9 -9 -9 -9 -9 -9 -9 -9 -9 -9 -9 -9 -9 -9 -9 -9 -9 -9 -9 -9 -9 -9 -9 -9
-1.324 -1.325 -1.325 -1.33 -1.339 -1.347 -1.353 -1.354 -1.35 -1.341 -1.328 -1.303 -1.274 -1.245 -1.209 -1.179 -1.164 -1.163 -1.175 -1.202 -1.229 -1.246 -1.256 -1.26 -1.258 -1.248 -1.228 -1.201 -1.168 -1.13 -1.096 -1.071 -1.06 -1.05 -1.029 -0.985 -0.923 -0.853 -0.771 -0.687 -9 -9 -9 -9 -9 -9 -9 -9 -9 -9 -9 -9 -9 -9 -9 -9 -9 -9 -9 -9 -9 -9 -9 -9 -9 -9 -9 -9 -9 -9 -9 -9 -9 -9 -9 -9
-1.3 -1.3 -1.306 -1.317 -1.332 -1.348 -1.36 -1.366 -1.367 -1.365 -1.356 -1.334 -1.308 -1.279 -1.251 -1.222 -1.2 -1.186 -1.185 -1.194 -1.208 -1.225 -1.24 -1.252 -1.256 -1.253 -1.242 -1.218 -1.181 -1.136 -1.095 -1.063 -1.045 -1.034 -1.023 -0.997 -0.948 -0.883 -0.808 -0.724 -0.646 -0.589 -9 -9 -9 -9 -9 -9 -9 -9 -9 -9 -9 -9 -9 -9 -9 -9 -9 -9 -9 -9 -9 -9 -9 -9 -9 -9 -9 -9 -9 -9 -9 -9 -9 -9
-1.267 -1.26 -1.265 -1.283 -1.304 -1.327 -1.345 -1.358 -1.367 -1.37 -1.368 -1.358 -1.338 -1.314 -1.288 -1.265 -1.241 -1.219 -1.208 -1.2 -1.198 -1.206 -1.218 -1.236 -1.243 -1.245 -1.239 -1.218 -1.175 -1.121 -1.072 -1.04 -1.021 -1.01 -1.006 -0.993 -0.961 -0.913 -0.854 -0.784 -0.714 -0.658 -0.634 -0.637 -9 -9 -9 -9 -9 -9 -9 -9 -9 -9 -9 -9 -9 -9 -9 -9 -9 -9 -9 -9 -9 -9 -9 -9 -9 -9 -9 -9 -9 -9 -9 -9
-1.226 -1.211 -1.213 -1.229 -1.254 -1.282 -1.308 -1.33 -1.348 -1.359 -1.364 -1.362 -1.352 -1.337 -1.318 -1.299 -1.278 -1.257 -1.235 -1.218 -1.207 -1.199 -1.201 -1.219 -1.228 -1.232 -1.229 -1.21 -1.166 -1.107 -1.049 -1.007 -0.988 -0.981 -0.981 -0.978 -0.957 -0.926 -0.888 -0.838 -0.784 -0.733 -0.699 -0.681 -0.682 -0.691 -9 -9 -9 -9 -9 -9 -9 -9 -9 -9 -9 -9 -9 -9 -9 -9 -9 -9 -9 -9 -9 -9 -9 -9 -9 -9 -9 -9 -9 -9
-1.172 -1.146 -1.141 -1.154 -1.18 -1.213 -1.245 -1.276 -1.308 -1.332 -1.347 -1.351 -1.349 -1.341 -1.332 -1.322 -1.309 -1.292 -1.27 -1.248 -1.229 -1.212 -1.2 -1.21 -1.217 -1.219 -1.216 -1.201 -1.166 -1.108 -1.047 -0.995 -0.965 -0.956 -0.955 -0.957 -0.946 -0.925 -0.902 -0.869 -0.832 -0.785 -0.747 -0.717 -0.704 -0.7 -0.698 -0.696 -9 -9 -9 -9 -9 -9 -9 -9 -9 -9 -9 -9 -9 -9 -9 -9 -9 -9 -9 -9 -9 -9 -9 -9 -9 -9 -9 -9
-1.109 -1.07 -1.051 -1.055 -1.078 -1.115 -1.16 -1.201 -1.251 -1.292 -1.318 -1.328 -1.33 -1.327 -1.324 -1.323 -1.32 -1.312 -1.297 -1.277 -1.258 -1.236 -1.213 -1.207 -1.211 -1.21 -1.205 -1.191 -1.164 -1.118 -1.062 -1.007 -0.968 -0.947 -0.937 -0.934 -0.928 -0.916 -0.902 -0.883 -0.861 -0.825 -0.785 -0.75 -0.725 -0.713 -0.704 -0.697 -0.7 -0.705 -9 -9 -9 -9 -9 -9 -9 -9 -9 -9 -9 -9 -9 -9 -9 -9 -9 -9 -9 -9 -9 -9 -9 -9 -9 -9
-1.075 -1.023 -0.99 -0.977 -0.99 -1.022 -1.073 -1.135 -1.197 -1.248 -1.281 -1.291 -1.292 -1.291 -1.293 -1.297 -1.305 -1.308 -1.305 -1.293 -1.278 -1.257 -1.233 -1.213 -1.207 -1.202 -1.197 -1.183 -1.16 -1.126 -1.082 -1.031 -0.987 -0.954 -0.931 -0.916 -0.91 -0.901 -0.895 -0.889 -0.874 -0.85 -0.809 -0.775 -0.745 -0.723 -0.712 -0.702 -0.696 -0.694 -0.696 -9 -9 -9 -9 -9 -9 -9 -9 -9 -9 -9 -9 -9 -9 -9 -9 -9 -9 -9 -9 -9 -9 -9 -9 -9
-1.055 -1.005 -0.969 -0.947 -0.948 -0.975 -1.025 -1.092 -1.162 -1.211 -1.236 -1.238 -1.232 -1.229 -1.234 -1.247 -1.264 -1.279 -1.289 -1.288 -1.281 -1.266 -1.247 -1.225 -1.209 -1.197 -1.191 -1.177 -1.155 -1.126 -1.091 -1.052 -1.013 -0.976 -0.944 -0.92 -0.906 -0.895 -0.89 -0.888 -0.878 -0.856 -0.821 -0.789 -0.756 -0.73 -0.716 -0.703 -0.691 -0.682 -0.677 -0.666 -0.645 -9 -9 -9 -9 -9 -9 -9 -9 -9 -9 -9 -9 -9 -9 -9 -9 -9 -9 -9 -9 -9 -9 -9
-1.052 -1.016 -0.981 -0.962 -0.961 -0.985 -1.029 -1.087 -1.142 -1.174 -1.177 -1.161 -1.142 -1.133 -1.142 -1.167 -1.198 -1.227 -1.248 -1.26 -1.264 -1.258 -1.246 -1.23 -1.212 -1.194 -1.186 -1.171 -1.15 -1.124 -1.093 -1.06 -1.027 -0.995 -0.965 -0.935 -0.913 -0.898 -0.888 -0.882 -0.873 -0.854 -0.822 -0.789 -0.757 -0.731 -0.714 -0.699 -0.682 -0.667 -0.657 -0.639 -0.611 -0.563 -9 -9 -9 -9 -9 -9 -9 -9 -9 -9 -9 -9 -9 -9 -9 -9 -9 -9 -9 -9 -9 -9
-1.056 -1.037 -1.013 -0.998 -1 -1.018 -1.05 -1.086 -1.116 -1.122 -1.097 -1.062 -1.029 -1.013 -1.026 -1.061 -1.104 -1.146 -1.183 -1.208 -1.224 -1.229 -1.226 -1.218 -1.207 -1.191 -1.177 -1.161 -1.14 -1.117 -1.09 -1.061 -1.031 -1.003 -0.975 -0.948 -0.922 -0.902 -0.886 -0.874 -0.862 -0.845 -0.819 -0.786 -0.754 -0.729 -0.709 -0.692 -0.67 -0.65 -0.635 -0.611 -0.576 -0.522 -0.44 -9 -9 -9 -9 -9 -9 -9 -9 -9 -9 -9 -9 -9 -9 -9 -9 -9 -9 -9 -9 -9
-1.049 -1.042 -1.033 -1.026 -1.029 -1.033 -1.042 -1.054 -1.062 -1.046 -1.007 -0.96 -0.919 -0.899 -0.914 -0.951 -0.997 -1.043 -1.086 -1.127 -1.159 -1.177 -1.186 -1.187 -1.182 -1.172 -1.158 -1.143 -1.124 -1.103 -1.079 -1.054 -1.028 -1.002 -0.975 -0.949 -0.923 -0.9 -0.88 -0.863 -0.847 -0.829 -0.807 -0.78 -0.75 -0.724 -0.703 -0.683 -0.658 -0.634 -0.615 -0.584 -0.543 -0.483 -0.402 -0.31 -9 -9 -9 -9 -9 -9 -9 -9 -9 -9 -9 -9 -9 -9 -9 -9 -9 -9 -9 -9
-1.004 -1.01 -1.016 -1.019 -1.014 -0.996 -0.99 -0.99 -0.989 -0.97 -0.927 -0.882 -0.841 -0.825 -0.832 -0.861 -0.904 -0.947 -0.986 -1.029 -1.07 -1.101 -1.123 -1.134 -1.138 -1.133 -1.125 -1.113 -1.098 -1.081 -1.06 -1.038 -1.016 -0.992 -0.968 -0.943 -0.918 -0.893 -0.871 -0.851 -0.832 -0.812 -0.791 -0.766 -0.74 -0.715 -0.693 -0.672 -0.648 -0.62 -0.595 -0.559 -0.513 -0.458 -0.384 -0.302 -0.23 -0.177 -9 -9 -9 -9 -9 -9 -9 -9 -9 -9 -9 -9 -9 -9 -9 -9 -9 -9
-0.938 -0.946 -0.953 -0.966 -0.962 -0.941 -0.936 -0.935 -0.932 -0.916 -0.884 -0.848 -0.816 -0.802 -0.805 -0.822 -0.847 -0.88 -0.912 -0.946 -0.98 -1.014 -1.04 -1.059 -1.07 -1.074 -1.072 -1.068 -1.058 -1.046 -1.03 -1.013 -0.995 -0.975 -0.954 -0.932 -0.909 -0.885 -0.862 -0.84 -0.819 -0.797 -0.775 -0.751 -0.727 -0.703 -0.681 -0.659 -0.636 -0.609 -0.578 -0.536 -0.491 -0.444 -0.388 -0.316 -0.24 -0.163 -0.108 -9 -9 -9 -9 -9 -9 -9 -9 -9 -9 -9 -9 -9 -9 -9 -9 -9
-0.882 -0.886 -0.889 -0.901 -0.903 -0.895 -0.896 -0.901 -0.903 -0.894 -0.878 -0.858 -0.839 -0.828 -0.828 -0.836 -0.848 -0.863 -0.876 -0.894 -0.916 -0.94 -0.964 -0.979 -0.992 -0.997 -0.999 -1.001 -0.999 -0.995 -0.988 -0.978 -0.966 -0.952 -0.935 -0.916 -0.895 -0.873 -0.851 -0.829 -0.807 -0.785 -0.762 -0.738 -0.715 -0.691 -0.669 -0.647 -0.624 -0.597 -0.563 -0.52 -0.481 -0.443 -0.389 -0.306 -0.22 -0.146 -0.08 -0.036 -0.01 -9 -9 -9 -9 -9 -9 -9 -9 -9 -9 -9 -9 -9 -9 -9
-0.85 -0.844 -0.838 -0.844 -0.858 -0.864 -0.875 -0.89 -0.901 -0.908 -0.91 -0.908 -0.901 -0.899 -0.897 -0.895 -0.891 -0.884 -0.876 -0.872 -0.877 -0.885 -0.896 -0.906 -0.916 -0.92 -0.92 -0.924 -0.927 -0.931 -0.933 -0.933 -0.93 -0.922 -0.91 -0.895 -0.877 -0.858 -0.838 -0.818 -0.797 -0.775 -0.751 -0.728 -0.704 -0.681 -0.658 -0.636 -0.613 -0.586 -0.554 -0.517 -0.483 -0.445 -0.395 -0.318 -0.235 -0.158 -0.087 -0.039 -0.012 0.006 -9 -9 -9 -9 -9 -9 -9 -9 -9 -9 -9 -9 -9 -9
-0.864 -0.839 -0.82 -0.822 -0.843 -0.858 -0.881 -0.905 -0.928 -0.948 -0.962 -0.976 -0.982 -0.983 -0.98 -0.97 -0.954 -0.931 -0.903 -0.876 -0.857 -0.844 -0.838 -0.841 -0.846 -0.848 -0.848 -0.85 -0.855 -0.863 -0.872 -0.88 -0.886 -0.885 -0.88 -0.869 -0.855 -0.84 -0.824 -0.806 -0.787 -0.766 -0.743 -0.72 -0.696 -0.674 -0.651 -0.628 -0.605 -0.579 -0.548 -0.516 -0.483 -0.449 -0.408 -0.348 -0.269 -0.191 -0.121 -0.067 -0.034 -0.015 -9 -9 -9 -9 -9 -9 -9 -9 -9 -9 -9 -9 -9 -9
-0.914 -0.887 -0.865 -0.861 -0.87 -0.891 -0.922 -0.948 -0.973 -0.997 -1.015 -1.031 -1.041 -1.047 -1.047 -1.037 -1.013 -0.976 -0.929 -0.878 -0.836 -0.808 -0.792 -0.789 -0.792 -0.792 -0.791 -0.787 -0.791 -0.799 -0.81 -0.825 -0.836 -0.842 -0.844 -0.839 -0.83 -0.819 -0.806 -0.792 -0.776 -0.757 -0.736 -0.713 -0.691 -0.668 -0.645 -0.622 -0.599 -0.573 -0.545 -0.515 -0.485 -0.455 -0.423 -0.373 -0.305 -0.234 -0.168 -0.11 -0.07 -0.048 -0.029 -9 -9 -9 -9 -9 -9 -9 -9 -9 -9 -9 -9 -9
-0.953 -0.94 -0.928 -0.925 -0.931 -0.95 -0.971 -0.991 -1.008 -1.023 -1.038 -1.054 -1.07 -1.083 -1.09 -1.082 -1.051 -0.996 -0.937 -0.873 -0.817 -0.783 -0.769 -0.764 -0.764 -0.761 -0.755 -0.746 -0.746 -0.751 -0.758 -0.773 -0.785 -0.796 -0.803 -0.805 -0.802 -0.795 -0.787 -0.776 -0.763 -0.747 -0.727 -0.707 -0.685 -0.663 -0.64 -0.617 -0.593 -0.568 -0.541 -0.513 -0.486 -0.461 -0.433 -0.395 -0.338 -0.278 -0.217 -0.158 -0.115 -0.088 -0.067 -0.045 -9 -9 -9 -9 -9 -9 -9 -9 -9 -9 -9 -9
-1.002 -0.992 -0.984 -0.984 -0.989 -0.997 -1.005 -1.008 -1.007 -1.006 -1.012 -1.029 -1.055 -1.079 -1.095 -1.097 -1.074 -1.017 -0.952 -0.886 -0.827 -0.792 -0.778 -0.773 -0.768 -0.761 -0.748 -0.734 -0.728 -0.727 -0.732 -0.743 -0.751 -0.759 -0.765 -0.766 -0.767 -0.767 -0.765 -0.758 -0.747 -0.734 -0.717 -0.698 -0.677 -0.656 -0.634 -0.611 -0.587 -0.561 -0.535 -0.51 -0.485 -0.463 -0.439 -0.409 -0.367 -0.318 -0.265 -0.209 -0.163 -0.132 -0.112 -0.089 -9 -9 -9 -9 -9 -9 -9 -9 -9 -9 -9 -9
-1.054 -1.044 -1.037 -1.034 -1.031 -1.025 -1.011 -0.986 -0.955 -0.931 -0.928 -0.946 -0.983 -1.027 -1.061 -1.078 -1.076 -1.047 -0.991 -0.932 -0.88 -0.846 -0.828 -0.818 -0.807 -0.791 -0.771 -0.748 -0.732 -0.723 -0.723 -0.732 -0.738 -0.74 -0.739 -0.732 -0.732 -0.735 -0.738 -0.737 -0.729 -0.718 -0.703 -0.686 -0.668 -0.648 -0.626 -0.604 -0.58 -0.555 -0.53 -0.505 -0.482 -0.461 -0.441 -0.417 -0.386 -0.348 -0.301 -0.25 -0.205 -0.172 -0.149 -0.127 -9 -9 -9 -9 -9 -9 -9 -9 -9 -9 -9 -9
-1.074 -1.068 -1.064 -1.058 -1.046 -1.023 -0.986 -0.928 -0.868 -0.826 -0.818 -0.841 -0.886 -0.945 -0.999 -1.033 -1.047 -1.04 -1.013 -0.976 -0.939 -0.909 -0.887 -0.869 -0.849 -0.824 -0.796 -0.765 -0.742 -0.729 -0.723 -0.725 -0.727 -0.726 -0.721 -0.711 -0.708 -0.71 -0.713 -0.715 -0.709 -0.7 -0.687 -0.672 -0.656 -0.637 -0.617 -0.596 -0.572 -0.548 -0.524 -0.5 -0.478 -0.459 -0.44 -0.421 -0.396 -0.363 -0.321 -0.274 -0.231 -0.196 -0.168 -0.149 -0.126 -0.09 -9 -9 -9 -9 -9 -9 -9 -9 -9 -9
-1.067 -1.066 -1.066 -1.057 -1.033 -0.999 -0.95 -0.882 -0.81 -0.752 -0.735 -0.76 -0.81 -0.874 -0.93 -0.968 -0.993 -0.999 -0.992 -0.975 -0.953 -0.932 -0.912 -0.891 -0.867 -0.836 -0.806 -0.772 -0.743 -0.723 -0.71 -0.706 -0.706 -0.705 -0.701 -0.693 -0.69 -0.69 -0.691 -0.691 -0.687 -0.68 -0.668 -0.656 -0.642 -0.625 -0.607 -0.587 -0.564 -0.541 -0.518 -0.496 -0.475 -0.456 -0.439 -0.421 -0.399 -0.368 -0.329 -0.284 -0.24 -0.201 -0.173 -0.153 -0.134 -0.104 -0.051 -9 -9 -9 -9 -9 -9 -9 -9 -9
-1.03 -1.033 -1.043 -1.037 -1.015 -0.98 -0.933 -0.871 -0.796 -0.728 -0.698 -0.714 -0.762 -0.821 -0.866 -0.899 -0.92 -0.932 -0.932 -0.929 -0.921 -0.912 -0.899 -0.88 -0.853 -0.825 -0.795 -0.753 -0.715 -0.688 -0.675 -0.67 -0.668 -0.669 -0.666 -0.665 -0.663 -0.663 -0.664 -0.664 -0.662 -0.657 -0.648 -0.637 -0.625 -0.611 -0.595 -0.577 -0.556 -0.534 -0.513 -0.492 -0.472 -0.454 -0.438 -0.421 -0.4 -0.37 -0.33 -0.284 -0.237 -0.196 -0.165 -0.143 -0.126 -0.1 -0.045 0.089 0.369 -9 -9 -9 -9 -9 -9 -9
