data/climatemaps/RS_maps/climate_winter_pr_2011.asc
NCOLS 369 
NROWS 228 
XLLCORNER 479000 
YLLCORNER 73000 
CELLSIZE 1000 
NODATA_value -9 
[rows 70 to 104 of 228, columns 78 to 155 of 369]
1.113 1.132 1.135 1.125 1.126 1.148 1.162 1.172 1.193 1.217 1.217 1.174 1.101 1.017 0.938 0.877 0.834 0.812 0.817 0.841 0.875 0.884 0.845 0.76 0.666 0.622 0.641 0.723 0.84 0.955 1.041 1.101 1.143 1.18 1.219 1.273 1.333 1.394 1.453 1.489 1.482 1.456 1.411 1.35 1.291 1.227 1.164 1.109 1.054 0.994 0.931 0.834 0.727 0.615 0.506 0.415 0.352 0.313 0.29 0.284 0.275 0.247 0.218 0.186 0.163 0.155 0.152 0.142 0.129 0.12 0.127 0.134 0.128 0.118 0.141 0.179 0.198 0.2
1.085 1.075 1.069 1.113 1.173 1.21 1.229 1.251 1.273 1.271 1.238 1.173 1.091 1.004 0.916 0.838 0.777 0.745 0.744 0.765 0.793 0.801 0.774 0.711 0.642 0.636 0.681 0.781 0.912 1.047 1.159 1.239 1.3 1.347 1.378 1.412 1.442 1.467 1.475 1.446 1.38 1.321 1.251 1.188 1.125 1.062 0.998 0.94 0.882 0.823 0.753 0.659 0.56 0.46 0.373 0.302 0.257 0.24 0.237 0.244 0.246 0.229 0.204 0.183 0.172 0.174 0.168 0.157 0.146 0.138 0.145 0.154 0.154 0.14 0.156 0.193 0.211 0.234
1.024 1.014 1.066 1.149 1.217 1.271 1.314 1.349 1.353 1.327 1.274 1.196 1.106 1.007 0.904 0.808 0.733 0.686 0.667 0.666 0.68 0.691 0.68 0.647 0.621 0.642 0.694 0.795 0.926 1.064 1.184 1.285 1.366 1.425 1.456 1.469 1.463 1.437 1.387 1.308 1.224 1.144 1.067 1.002 0.942 0.879 0.819 0.765 0.713 0.657 0.593 0.513 0.428 0.346 0.278 0.227 0.201 0.203 0.216 0.227 0.23 0.22 0.202 0.193 0.189 0.188 0.184 0.179 0.168 0.156 0.165 0.172 0.177 0.167 0.17 0.208 0.234 0.27
0.958 1.004 1.081 1.17 1.263 1.345 1.402 1.428 1.415 1.379 1.319 1.235 1.134 1.017 0.896 0.776 0.679 0.608 0.563 0.545 0.551 0.568 0.576 0.577 0.599 0.62 0.655 0.737 0.839 0.98 1.128 1.265 1.363 1.424 1.443 1.43 1.385 1.308 1.215 1.121 1.037 0.956 0.884 0.825 0.77 0.716 0.665 0.618 0.572 0.526 0.475 0.41 0.343 0.277 0.226 0.192 0.181 0.191 0.211 0.225 0.233 0.228 0.213 0.208 0.208 0.214 0.21 0.2 0.189 0.174 0.187 0.196 0.21 0.205 0.19 0.224 0.256 0.303
0.932 1 1.077 1.185 1.305 1.4 1.454 1.472 1.455 1.416 1.35 1.255 1.135 0.999 0.854 0.715 0.612 0.545 0.511 0.501 0.515 0.545 0.568 0.579 0.591 0.595 0.619 0.674 0.756 0.912 1.069 1.203 1.288 1.342 1.349 1.309 1.237 1.139 1.032 0.937 0.853 0.781 0.724 0.679 0.639 0.6 0.56 0.52 0.486 0.452 0.407 0.345 0.289 0.241 0.207 0.188 0.187 0.203 0.227 0.248 0.259 0.247 0.234 0.233 0.237 0.238 0.227 0.22 0.213 0.193 0.214 0.23 0.241 0.234 0.225 0.237 0.272 0.327
0.923 0.979 1.065 1.184 1.311 1.408 1.462 1.481 1.462 1.415 1.331 1.213 1.072 0.923 0.779 0.681 0.625 0.606 0.615 0.618 0.642 0.688 0.718 0.727 0.704 0.692 0.706 0.702 0.726 0.865 0.981 1.095 1.19 1.224 1.204 1.14 1.052 0.952 0.855 0.766 0.688 0.632 0.598 0.578 0.565 0.551 0.528 0.497 0.468 0.425 0.368 0.305 0.26 0.229 0.212 0.203 0.213 0.236 0.265 0.281 0.282 0.273 0.263 0.264 0.262 0.259 0.259 0.264 0.247 0.217 0.235 0.259 0.266 0.261 0.256 0.27 0.283 0.348
0.896 0.952 1.039 1.162 1.288 1.383 1.433 1.45 1.431 1.367 1.255 1.113 0.96 0.839 0.767 0.752 0.769 0.788 0.809 0.829 0.866 0.908 0.932 0.937 0.902 0.869 0.832 0.768 0.719 0.782 0.886 0.978 1.011 1.014 0.992 0.938 0.864 0.777 0.693 0.614 0.551 0.518 0.518 0.538 0.556 0.571 0.564 0.529 0.476 0.411 0.342 0.292 0.255 0.235 0.226 0.228 0.248 0.274 0.302 0.309 0.312 0.319 0.309 0.302 0.303 0.317 0.331 0.328 0.298 0.247 0.248 0.27 0.295 0.3 0.298 0.326 0.312 0.362
0.87 0.928 1.015 1.125 1.239 1.326 1.366 1.378 1.348 1.265 1.131 0.995 0.902 0.872 0.887 0.922 0.96 0.993 1.024 1.057 1.094 1.13 1.144 1.126 1.068 0.975 0.883 0.793 0.732 0.712 0.751 0.784 0.815 0.838 0.83 0.778 0.705 0.627 0.557 0.495 0.455 0.452 0.499 0.553 0.595 0.622 0.614 0.558 0.487 0.409 0.343 0.296 0.266 0.25 0.248 0.256 0.278 0.307 0.331 0.341 0.368 0.386 0.371 0.379 0.395 0.402 0.413 0.41 0.359 0.28 0.26 0.279 0.325 0.334 0.346 0.361 0.354 0.371
0.864 0.913 0.985 1.077 1.171 1.233 1.251 1.24 1.195 1.103 1.01 0.978 1.008 1.041 1.088 1.139 1.18 1.213 1.231 1.26 1.281 1.294 1.276 1.238 1.158 1.07 0.97 0.863 0.742 0.644 0.617 0.638 0.68 0.689 0.655 0.606 0.554 0.503 0.457 0.421 0.411 0.449 0.52 0.584 0.633 0.657 0.643 0.598 0.522 0.425 0.35 0.298 0.277 0.269 0.274 0.286 0.307 0.335 0.36 0.388 0.421 0.449 0.439 0.482 0.494 0.497 0.51 0.492 0.406 0.326 0.316 0.306 0.349 0.364 0.369 0.384 0.389 0.411
0.879 0.912 0.965 1.032 1.093 1.12 1.105 1.073 1.021 0.999 1.023 1.077 1.152 1.245 1.318 1.37 1.389 1.392 1.385 1.388 1.395 1.4 1.381 1.314 1.237 1.176 1.05 0.877 0.697 0.578 0.533 0.533 0.55 0.535 0.497 0.464 0.434 0.41 0.394 0.392 0.413 0.475 0.55 0.615 0.659 0.693 0.68 0.622 0.524 0.421 0.346 0.298 0.28 0.287 0.296 0.312 0.342 0.368 0.408 0.46 0.487 0.534 0.524 0.584 0.609 0.617 0.629 0.565 0.472 0.387 0.375 0.354 0.353 0.372 0.384 0.392 0.408 0.433
0.909 0.933 0.963 0.995 1.014 0.999 0.972 0.964 0.992 1.031 1.094 1.19 1.309 1.422 1.497 1.516 1.496 1.458 1.45 1.469 1.484 1.463 1.401 1.337 1.298 1.178 1.007 0.81 0.65 0.537 0.477 0.439 0.422 0.408 0.386 0.366 0.359 0.368 0.375 0.401 0.432 0.501 0.573 0.645 0.698 0.71 0.693 0.623 0.498 0.403 0.336 0.295 0.282 0.294 0.309 0.331 0.374 0.417 0.482 0.523 0.542 0.576 0.62 0.677 0.729 0.738 0.735 0.665 0.568 0.478 0.394 0.362 0.365 0.393 0.409 0.413 0.413 0.435
0.963 0.972 0.975 0.969 0.96 0.953 0.978 0.999 1.034 1.093 1.187 1.324 1.444 1.526 1.546 1.525 1.488 1.457 1.48 1.473 1.431 1.38 1.345 1.306 1.214 1.043 0.87 0.728 0.597 0.489 0.421 0.379 0.35 0.333 0.317 0.312 0.342 0.365 0.367 0.402 0.446 0.518 0.592 0.649 0.682 0.674 0.638 0.54 0.441 0.372 0.319 0.288 0.281 0.299 0.319 0.347 0.389 0.449 0.509 0.553 0.582 0.635 0.709 0.763 0.842 0.866 0.838 0.771 0.677 0.597 0.482 0.426 0.395 0.425 0.432 0.425 0.416 0.42
1.033 1.03 1.009 0.982 0.987 0.998 1.015 1.048 1.105 1.186 1.302 1.436 1.522 1.526 1.5 1.46 1.426 1.415 1.403 1.36 1.312 1.286 1.248 1.161 1.024 0.877 0.758 0.645 0.539 0.447 0.383 0.341 0.307 0.29 0.281 0.288 0.318 0.336 0.359 0.406 0.459 0.521 0.573 0.612 0.614 0.575 0.511 0.444 0.386 0.338 0.298 0.277 0.28 0.302 0.328 0.36 0.411 0.462 0.51 0.574 0.612 0.701 0.773 0.85 0.932 0.985 0.939 0.892 0.782 0.688 0.581 0.528 0.448 0.455 0.454 0.441 0.448 0.432
1.125 1.116 1.095 1.073 1.06 1.046 1.056 1.093 1.161 1.257 1.391 1.486 1.505 1.472 1.419 1.368 1.337 1.319 1.293 1.26 1.22 1.17 1.082 0.953 0.826 0.73 0.642 0.563 0.496 0.43 0.371 0.328 0.282 0.265 0.266 0.282 0.311 0.342 0.37 0.406 0.455 0.499 0.52 0.524 0.491 0.456 0.417 0.383 0.345 0.306 0.278 0.269 0.278 0.302 0.332 0.373 0.444 0.491 0.53 0.585 0.649 0.746 0.827 0.933 1.014 1.058 1.022 0.981 0.877 0.788 0.679 0.611 0.519 0.505 0.487 0.487 0.493 0.468
1.227 1.241 1.227 1.185 1.129 1.081 1.067 1.097 1.171 1.297 1.425 1.465 1.448 1.395 1.324 1.269 1.24 1.226 1.213 1.178 1.105 1 0.885 0.759 0.666 0.591 0.53 0.488 0.449 0.395 0.335 0.286 0.258 0.252 0.27 0.303 0.338 0.368 0.383 0.386 0.4 0.411 0.401 0.401 0.395 0.382 0.367 0.35 0.313 0.283 0.265 0.265 0.277 0.302 0.336 0.388 0.471 0.519 0.552 0.615 0.7 0.78 0.864 0.974 1.071 1.118 1.096 1.049 0.963 0.88 0.763 0.677 0.608 0.603 0.566 0.558 0.553 0.524
1.344 1.359 1.324 1.251 1.155 1.082 1.056 1.081 1.169 1.321 1.419 1.419 1.382 1.312 1.221 1.163 1.141 1.141 1.121 1.053 0.933 0.813 0.701 0.602 0.517 0.462 0.438 0.427 0.388 0.337 0.295 0.259 0.239 0.246 0.281 0.319 0.353 0.369 0.355 0.33 0.313 0.303 0.314 0.33 0.331 0.331 0.339 0.327 0.294 0.27 0.26 0.265 0.278 0.303 0.34 0.396 0.467 0.525 0.567 0.642 0.744 0.836 0.934 1.028 1.099 1.17 1.139 1.086 1.015 0.933 0.843 0.779 0.723 0.713 0.673 0.659 0.641 0.592
1.432 1.399 1.319 1.207 1.097 1.019 1.003 1.036 1.156 1.321 1.39 1.362 1.315 1.208 1.104 1.045 1.027 1.017 0.954 0.858 0.756 0.656 0.556 0.46 0.386 0.359 0.356 0.347 0.317 0.291 0.263 0.234 0.219 0.236 0.278 0.315 0.348 0.348 0.31 0.278 0.251 0.248 0.267 0.283 0.291 0.3 0.321 0.312 0.287 0.27 0.258 0.266 0.279 0.303 0.344 0.399 0.451 0.508 0.569 0.66 0.761 0.875 0.998 1.094 1.145 1.196 1.154 1.12 1.074 1.018 0.96 0.917 0.862 0.848 0.809 0.798 0.757 0.681
1.441 1.344 1.209 1.064 0.946 0.869 0.878 0.963 1.146 1.297 1.328 1.283 1.203 1.072 0.959 0.897 0.86 0.813 0.747 0.682 0.612 0.521 0.424 0.337 0.284 0.265 0.257 0.253 0.25 0.244 0.227 0.207 0.198 0.217 0.255 0.289 0.325 0.311 0.275 0.24 0.208 0.206 0.229 0.247 0.266 0.286 0.311 0.301 0.29 0.277 0.259 0.265 0.281 0.302 0.341 0.389 0.439 0.497 0.569 0.662 0.759 0.886 1.034 1.121 1.172 1.201 1.171 1.163 1.138 1.118 1.092 1.053 1.011 1 0.964 0.95 0.895 0.8
1.39 1.218 1.028 0.868 0.767 0.734 0.792 0.936 1.134 1.239 1.235 1.174 1.05 0.901 0.774 0.7 0.655 0.62 0.586 0.544 0.482 0.402 0.316 0.244 0.198 0.173 0.17 0.184 0.195 0.2 0.192 0.183 0.189 0.212 0.234 0.257 0.278 0.264 0.234 0.2 0.176 0.175 0.198 0.222 0.254 0.274 0.285 0.283 0.288 0.273 0.256 0.263 0.284 0.304 0.343 0.379 0.418 0.472 0.559 0.618 0.733 0.88 1.01 1.097 1.164 1.187 1.164 1.176 1.178 1.201 1.208 1.175 1.162 1.155 1.141 1.115 1.039 0.963
1.262 1.047 0.851 0.71 0.654 0.677 0.788 0.952 1.12 1.168 1.13 1.023 0.857 0.713 0.603 0.538 0.504 0.484 0.462 0.428 0.376 0.312 0.247 0.183 0.134 0.115 0.118 0.135 0.152 0.164 0.167 0.174 0.204 0.229 0.245 0.259 0.268 0.252 0.217 0.187 0.172 0.171 0.192 0.214 0.235 0.251 0.258 0.26 0.264 0.254 0.246 0.258 0.279 0.309 0.353 0.389 0.413 0.445 0.514 0.573 0.695 0.841 0.929 1.035 1.109 1.145 1.125 1.142 1.178 1.209 1.256 1.297 1.302 1.315 1.33 1.291 1.221 1.133
1.116 0.885 0.705 0.608 0.608 0.695 0.839 1.006 1.09 1.053 0.988 0.844 0.693 0.566 0.472 0.423 0.4 0.378 0.362 0.338 0.304 0.266 0.212 0.143 0.104 0.082 0.084 0.101 0.12 0.138 0.155 0.183 0.237 0.267 0.3 0.311 0.305 0.27 0.226 0.198 0.181 0.189 0.2 0.209 0.207 0.219 0.232 0.237 0.236 0.239 0.241 0.258 0.281 0.331 0.383 0.424 0.43 0.426 0.478 0.558 0.676 0.776 0.831 0.928 1.004 1.041 1.038 1.095 1.103 1.141 1.203 1.263 1.337 1.382 1.415 1.469 1.406 1.299
0.969 0.748 0.603 0.558 0.627 0.761 0.916 1.026 1 0.94 0.842 0.693 0.56 0.444 0.374 0.362 0.323 0.292 0.291 0.299 0.281 0.249 0.173 0.121 0.089 0.063 0.062 0.078 0.101 0.131 0.161 0.224 0.276 0.33 0.37 0.4 0.395 0.346 0.277 0.239 0.211 0.193 0.19 0.194 0.191 0.206 0.216 0.213 0.218 0.236 0.251 0.271 0.321 0.347 0.404 0.435 0.453 0.428 0.469 0.539 0.624 0.663 0.714 0.83 0.905 0.897 0.918 0.948 1.007 1.11 1.19 1.326 1.393 1.484 1.507 1.524 1.575 1.468
0.841 0.65 0.552 0.571 0.69 0.841 0.937 0.944 0.884 0.815 0.694 0.567 0.441 0.352 0.317 0.266 0.232 0.23 0.255 0.275 0.256 0.193 0.141 0.097 0.06 0.042 0.045 0.066 0.103 0.14 0.184 0.255 0.327 0.409 0.478 0.515 0.496 0.453 0.384 0.353 0.328 0.285 0.231 0.195 0.179 0.185 0.195 0.196 0.214 0.251 0.295 0.306 0.336 0.384 0.462 0.471 0.521 0.458 0.44 0.499 0.516 0.546 0.647 0.719 0.766 0.742 0.772 0.832 0.953 1.082 1.183 1.292 1.461 1.549 1.618 1.639 1.629 1.646
0.732 0.582 0.534 0.607 0.74 0.832 0.855 0.823 0.755 0.666 0.564 0.444 0.33 0.265 0.217 0.174 0.165 0.189 0.224 0.225 0.187 0.146 0.118 0.072 0.035 0.021 0.031 0.066 0.102 0.138 0.217 0.303 0.389 0.48 0.573 0.608 0.584 0.529 0.471 0.432 0.394 0.344 0.285 0.232 0.192 0.166 0.162 0.186 0.23 0.287 0.35 0.375 0.387 0.438 0.502 0.525 0.585 0.536 0.441 0.421 0.43 0.489 0.564 0.605 0.6 0.605 0.688 0.758 0.836 0.97 1.14 1.284 1.398 1.553 1.675 1.757 1.725 1.76
0.633 0.531 0.517 0.597 0.694 0.742 0.735 0.682 0.611 0.527 0.43 0.323 0.229 0.161 0.117 0.096 0.102 0.132 0.15 0.149 0.121 0.099 0.073 0.033 0.005 -0.002 0.024 0.061 0.083 0.162 0.251 0.351 0.447 0.542 0.624 0.627 0.618 0.549 0.5 0.463 0.423 0.358 0.295 0.239 0.189 0.16 0.16 0.199 0.277 0.355 0.415 0.448 0.436 0.507 0.566 0.602 0.674 0.614 0.495 0.421 0.386 0.413 0.447 0.455 0.468 0.512 0.581 0.624 0.751 0.901 1.117 1.3 1.413 1.524 1.63 1.774 1.853 1.835
0.527 0.463 0.464 0.52 0.585 0.615 0.595 0.546 0.477 0.393 0.303 0.214 0.141 0.086 0.049 0.033 0.033 0.048 0.059 0.06 0.051 0.035 0.013 -0.013 -0.031 -0.026 0.013 0.034 0.061 0.156 0.242 0.353 0.454 0.536 0.579 0.571 0.54 0.498 0.457 0.423 0.378 0.31 0.259 0.2 0.155 0.144 0.166 0.248 0.343 0.43 0.477 0.499 0.511 0.582 0.647 0.711 0.733 0.67 0.597 0.47 0.411 0.381 0.374 0.378 0.403 0.426 0.483 0.58 0.704 0.853 1.072 1.287 1.441 1.566 1.644 1.783 1.881 1.857
0.405 0.367 0.376 0.415 0.456 0.476 0.461 0.416 0.348 0.271 0.192 0.122 0.065 0.024 -0.006 -0.021 -0.024 -0.022 -0.018 -0.015 -0.019 -0.03 -0.045 -0.061 -0.071 -0.053 -0.021 0.004 0.027 0.098 0.191 0.281 0.361 0.436 0.47 0.454 0.446 0.42 0.377 0.326 0.281 0.235 0.187 0.122 0.091 0.101 0.156 0.263 0.366 0.449 0.517 0.558 0.614 0.68 0.734 0.801 0.804 0.768 0.68 0.54 0.494 0.439 0.401 0.372 0.359 0.363 0.429 0.535 0.654 0.796 1.018 1.251 1.362 1.501 1.641 1.803 1.789 1.767
0.28 0.264 0.28 0.312 0.342 0.353 0.335 0.292 0.232 0.166 0.104 0.05 0.005 -0.027 -0.05 -0.062 -0.065 -0.069 -0.071 -0.073 -0.08 -0.088 -0.097 -0.106 -0.108 -0.089 -0.065 -0.035 -0.022 0.027 0.114 0.183 0.26 0.321 0.344 0.33 0.328 0.302 0.261 0.215 0.181 0.146 0.101 0.034 0.016 0.028 0.098 0.186 0.329 0.453 0.554 0.556 0.636 0.71 0.794 0.842 0.879 0.823 0.719 0.634 0.602 0.52 0.47 0.444 0.398 0.334 0.356 0.456 0.568 0.728 0.93 1.158 1.259 1.427 1.614 1.725 1.693 1.667
0.178 0.179 0.2 0.226 0.243 0.243 0.221 0.182 0.134 0.084 0.036 -0.004 -0.038 -0.064 -0.082 -0.088 -0.088 -0.096 -0.107 -0.116 -0.124 -0.131 -0.137 -0.141 -0.139 -0.127 -0.115 -0.093 -0.087 -0.041 0.019 0.079 0.148 0.198 0.209 0.188 0.166 0.142 0.109 0.081 0.059 0.03 -0.004 -0.04 -0.052 -0.04 0.002 0.084 0.232 0.375 0.482 0.471 0.573 0.658 0.767 0.869 0.886 0.819 0.799 0.742 0.703 0.609 0.578 0.54 0.5 0.374 0.331 0.409 0.523 0.688 0.853 1.034 1.155 1.347 1.525 1.592 1.565 1.528
0.107 0.116 0.134 0.151 0.157 0.148 0.125 0.093 0.058 0.023 -0.009 -0.037 -0.063 -0.085 -0.091 -0.078 -0.072 -0.098 -0.134 -0.148 -0.157 -0.163 -0.164 -0.16 -0.162 -0.164 -0.165 -0.158 -0.146 -0.093 -0.038 0.017 0.063 0.093 0.087 0.055 0.023 -0.002 -0.03 -0.04 -0.049 -0.063 -0.078 -0.101 -0.102 -0.093 -0.071 -0.009 0.091 0.223 0.329 0.35 0.466 0.562 0.697 0.828 0.841 0.857 0.883 0.837 0.772 0.697 0.696 0.651 0.611 0.439 0.338 0.391 0.507 0.596 0.764 0.892 1.068 1.201 1.335 1.408 1.431 1.382
0.062 0.072 0.084 0.092 0.09 0.076 0.054 0.029 0.005 -0.015 -0.033 -0.049 -0.065 -0.081 -0.085 -0.075 -0.102 -0.141 -0.168 -0.177 -0.184 -0.183 -0.169 -0.157 -0.171 -0.19 -0.198 -0.208 -0.182 -0.116 -0.038 0.03 0.062 0.078 0.051 0.006 -0.029 -0.062 -0.103 -0.11 -0.118 -0.127 -0.135 -0.155 -0.144 -0.134 -0.119 -0.055 0.016 0.09 0.159 0.216 0.328 0.465 0.609 0.761 0.774 0.859 0.918 0.888 0.84 0.809 0.818 0.772 0.688 0.496 0.361 0.392 0.459 0.531 0.655 0.771 0.914 1.023 1.128 1.223 1.277 1.234
0.034 0.041 0.047 0.049 0.041 0.026 0.007 -0.012 -0.026 -0.029 -0.033 -0.034 -0.045 -0.074 -0.106 -0.134 -0.167 -0.191 -0.205 -0.21 -0.206 -0.187 -0.161 -0.155 -0.173 -0.205 -0.219 -0.242 -0.204 -0.127 -0.042 0.036 0.056 0.06 0.02 -0.024 -0.062 -0.103 -0.134 -0.15 -0.164 -0.175 -0.185 -0.195 -0.184 -0.168 -0.155 -0.078 -0.007 0.057 0.069 0.101 0.213 0.368 0.51 0.635 0.679 0.831 0.905 0.92 0.948 0.939 0.939 0.868 0.736 0.551 0.389 0.35 0.372 0.441 0.541 0.62 0.727 0.885 0.95 1.059 1.054 1.134
0.017 0.018 0.019 0.015 0.005 -0.01 -0.025 -0.035 -0.032 -0.023 -0.016 -0.015 -0.04 -0.099 -0.148 -0.182 -0.209 -0.228 -0.238 -0.232 -0.208 -0.165 -0.139 -0.156 -0.186 -0.218 -0.24 -0.265 -0.225 -0.148 -0.074 -0.001 0.024 0.029 0.001 -0.026 -0.063 -0.112 -0.142 -0.161 -0.168 -0.192 -0.203 -0.215 -0.203 -0.194 -0.182 -0.142 -0.076 -0.006 0.037 0.026 0.113 0.268 0.398 0.474 0.601 0.766 0.824 0.867 0.931 0.976 1.032 0.921 0.777 0.572 0.416 0.368 0.35 0.363 0.417 0.495 0.615 0.775 0.835 0.834 0.936 1.102
0.004 0 -0.005 -0.012 -0.024 -0.037 -0.046 -0.036 -0.022 -0.009 -0.016 -0.032 -0.087 -0.145 -0.183 -0.217 -0.244 -0.261 -0.261 -0.238 -0.197 -0.159 -0.142 -0.153 -0.187 -0.227 -0.253 -0.284 -0.244 -0.183 -0.103 -0.034 0.011 0.031 0.016 -0.003 -0.04 -0.098 -0.139 -0.131 -0.147 -0.184 -0.173 -0.173 -0.197 -0.203 -0.199 -0.178 -0.15 -0.108 -0.06 -0.031 0.024 0.143 0.274 0.416 0.523 0.633 0.734 0.819 0.893 0.965 1.021 0.914 0.739 0.535 0.443 0.427 0.424 0.444 0.43 0.437 0.543 0.668 0.656 0.769 0.867 0.985
-0.007 -0.016 -0.025 -0.036 -0.047 -0.055 -0.05 -0.034 -0.026 -0.035 -0.06 -0.103 -0.148 -0.185 -0.22 -0.252 -0.274 -0.283 -0.274 -0.243 -0.199 -0.165 -0.146 -0.154 -0.197 -0.232 -0.262 -0.295 -0.253 -0.198 -0.126 -0.053 -0.008 0.007 0.008 -0.007 -0.036 -0.097 -0.099 -0.122 -0.155 -0.153 -0.09 -0.055 -0.128 -0.18 -0.209 -0.202 -0.172 -0.155 -0.131 -0.066 -0.022 0.052 0.187 0.353 0.463 0.568 0.694 0.788 0.839 0.873 0.888 0.846 0.675 0.522 0.443 0.468 0.49 0.532 0.511 0.495 0.499 0.549 0.617 0.716 0.789 0.862
