data/climatemaps/RS_maps/climate_breeding_pr_2016.asc
NCOLS 369 
NROWS 228 
XLLCORNER 479000 
YLLCORNER 73000 
CELLSIZE 1000 
NODATA_value -9 
[rows 70 to 104 of 228, columns 234 to 311 of 369]
1.417 1.412 1.39 1.378 1.394 1.433 1.496 1.596 1.777 2.071 2.421 2.704 3.099 3.283 3.098 2.788 2.765 2.454 2.119 1.86 1.637 1.555 1.764 2.087 2.521 2.623 2.734 2.772 2.559 2.39 2.44 2.379 2.352 2.33 2.186 1.999 1.644 1.225 0.855 0.64 0.517 0.433 0.371 0.32 0.285 0.269 0.301 0.432 0.705 0.977 0.966 0.826 0.799 0.715 0.641 0.595 0.585 -9 -9 -9 -9 -9 -9 -9 -9 -9 -9 -9 -9 -9 -9 -9 -9 -9 -9 -9 -9 -9
1.433 1.398 1.367 1.347 1.349 1.368 1.404 1.451 1.57 1.871 2.276 2.567 2.888 3.234 3.174 3.123 2.999 2.622 2.481 2.227 1.916 1.717 1.736 2.128 2.39 2.489 2.498 2.428 2.252 2.167 2.13 2.078 1.999 1.938 1.838 1.662 1.379 1.031 0.727 0.559 0.455 0.38 0.317 0.26 0.224 0.228 0.323 0.595 0.968 1.178 1.021 0.949 1.01 0.919 0.782 0.671 -9 -9 -9 -9 -9 -9 -9 -9 -9 -9 -9 -9 -9 -9 -9 -9 -9 -9 -9 -9 -9 -9
1.428 1.382 1.362 1.346 1.342 1.358 1.403 1.382 1.459 1.667 2.081 2.497 2.721 3.135 3.328 3.397 3.173 2.865 2.545 2.27 2.155 2.016 1.9 2.118 2.24 2.273 2.169 2.166 2.132 2.117 2.089 2.077 2.011 1.899 1.733 1.508 1.221 0.921 0.657 0.506 0.406 0.331 0.265 0.208 0.18 0.215 0.426 0.79 1.231 1.293 1.119 1.119 1.263 1.165 0.948 0.794 -9 -9 -9 -9 -9 -9 -9 -9 -9 -9 -9 -9 -9 -9 -9 -9 -9 -9 -9 -9 -9 -9
1.442 1.406 1.388 1.369 1.36 1.396 1.427 1.35 1.377 1.507 1.893 2.36 2.814 3.072 3.48 3.412 3.161 2.944 2.762 2.648 2.707 2.529 2.423 2.194 2.162 2.195 2.304 2.396 2.373 2.343 2.302 2.314 2.233 2.092 1.887 1.603 1.263 0.938 0.656 0.485 0.373 0.288 0.22 0.165 0.153 0.243 0.56 0.991 1.433 1.441 1.238 1.405 1.576 1.446 1.206 1.06 -9 -9 -9 -9 -9 -9 -9 -9 -9 -9 -9 -9 -9 -9 -9 -9 -9 -9 -9 -9 -9 -9
1.471 1.454 1.435 1.412 1.394 1.412 1.397 1.337 1.338 1.427 1.757 2.254 2.851 3.119 3.348 3.419 3.306 3.13 3.126 3.048 3.045 3.02 2.861 2.653 2.622 2.649 2.748 2.708 2.668 2.682 2.64 2.637 2.49 2.254 2.013 1.698 1.377 1.072 0.748 0.514 0.366 0.261 0.186 0.133 0.146 0.28 0.659 1.225 1.616 1.575 1.375 1.711 1.852 1.592 1.473 1.405 1.106 0.866 0.948 0.979 -9 -9 -9 -9 -9 -9 -9 -9 -9 -9 -9 -9 -9 -9 -9 -9 -9 -9
1.573 1.563 1.536 1.49 1.453 1.422 1.387 1.348 1.332 1.398 1.773 2.362 2.809 2.88 3.055 3.37 3.336 3.212 3.266 3.338 3.312 3.225 3.079 3.121 3.198 3.102 3.033 2.968 2.974 3.031 2.955 2.89 2.665 2.336 2.099 1.917 1.703 1.333 0.943 0.68 0.419 0.253 0.164 0.11 0.158 0.337 0.769 1.33 1.503 1.45 1.584 1.831 2.01 1.778 1.681 1.549 1.304 0.974 1.079 1.253 1.379 1.291 1.098 0.933 -9 -9 -9 -9 -9 -9 -9 -9 -9 -9 -9 -9 -9 -9
1.89 1.903 1.805 1.672 1.593 1.507 1.439 1.382 1.351 1.414 1.863 2.447 2.597 2.523 2.857 2.929 2.905 2.951 3.121 3.193 3.33 3.311 3.36 3.462 3.457 3.326 3.212 3.12 3.153 3.119 2.999 2.843 2.601 2.309 2.297 2.33 1.983 1.647 1.295 0.899 0.51 0.268 0.154 0.098 0.15 0.35 0.787 1.304 1.443 1.446 1.839 2.02 2.126 1.934 1.771 1.664 1.405 1.038 1.116 1.35 1.509 1.405 1.245 1.065 0.837 0.678 0.549 -9 -9 -9 -9 -9 -9 -9 -9 -9 -9 -9
2.179 2.229 2.247 2.092 2.001 1.834 1.583 1.443 1.382 1.437 1.876 2.186 2.133 2.115 2.444 2.399 2.455 2.655 2.812 2.916 3.161 3.319 3.418 3.386 3.244 3.076 2.875 2.701 2.751 2.806 2.765 2.673 2.555 2.4 2.521 2.562 2.33 2.002 1.58 1.061 0.627 0.325 0.157 0.091 0.123 0.364 0.86 1.306 1.424 1.464 1.779 1.997 2.086 1.939 1.864 1.685 1.338 1.126 1.254 1.456 1.535 1.477 1.329 1.119 0.898 0.848 0.704 0.597 0.5 0.421 0.462 -9 -9 -9 -9 -9 -9 -9
2.227 2.438 2.544 2.502 2.437 2.26 1.919 1.578 1.426 1.436 1.657 1.838 1.729 1.71 1.904 1.907 1.998 2.196 2.321 2.462 2.655 2.764 2.785 2.739 2.567 2.413 2.177 1.956 1.929 2.062 2.18 2.23 2.434 2.52 2.615 2.597 2.484 2.19 1.696 1.246 0.789 0.385 0.168 0.089 0.101 0.313 0.762 1.155 1.263 1.562 1.852 1.863 2.014 2.006 1.855 1.46 1.285 1.3 1.41 1.6 1.546 1.514 1.428 1.156 1.026 1.236 1.096 1.067 0.878 0.487 0.451 0.697 0.97 1.141 -9 -9 -9 -9
2.177 2.408 2.671 2.744 2.721 2.662 2.376 1.897 1.541 1.398 1.436 1.479 1.463 1.49 1.542 1.602 1.64 1.685 1.73 1.797 1.854 1.86 1.87 1.854 1.775 1.682 1.524 1.378 1.309 1.34 1.485 1.708 2.083 2.089 2.267 2.523 2.359 2.091 1.942 1.46 0.896 0.425 0.186 0.089 0.086 0.222 0.596 0.975 1.199 1.618 1.908 1.869 1.984 2.006 1.695 1.34 1.44 1.43 1.593 1.659 1.509 1.359 1.249 1.131 1.337 1.68 1.613 1.567 1.355 0.791 0.474 0.505 0.798 1.091 1.396 1.652 1.814 1.767
2.233 2.395 2.754 2.931 2.928 2.79 2.502 2.148 1.708 1.42 1.365 1.363 1.41 1.523 1.653 1.684 1.62 1.545 1.477 1.434 1.416 1.409 1.399 1.372 1.315 1.238 1.14 1.05 0.984 0.943 0.954 1.151 1.555 1.637 1.819 2.13 2.263 2.184 2.105 1.55 0.946 0.502 0.212 0.091 0.072 0.154 0.453 0.822 1.149 1.496 1.722 1.849 2.035 1.953 1.578 1.355 1.573 1.56 1.66 1.681 1.555 1.256 1.172 1.473 1.532 2.062 2.135 2.047 1.651 0.955 0.553 0.472 0.724 0.981 1.294 1.55 1.638 1.542
2.4 2.458 2.863 3.047 3.031 2.907 2.685 2.356 1.886 1.469 1.358 1.394 1.576 1.805 1.968 1.996 1.917 1.729 1.548 1.412 1.325 1.26 1.214 1.172 1.119 1.076 0.978 0.906 0.869 0.744 0.687 0.705 1.037 1.283 1.539 1.774 2.117 2.204 2.001 1.531 0.981 0.555 0.251 0.091 0.06 0.127 0.382 0.764 1.167 1.358 1.636 1.776 2.019 1.89 1.493 1.409 1.588 1.653 1.735 1.795 1.605 1.287 1.445 1.784 1.917 2.26 2.572 2.262 1.656 1.093 0.655 0.51 0.646 0.841 1.03 1.144 1.136 1.028
2.456 2.535 2.859 3.144 3.122 2.919 2.679 2.408 2.082 1.553 1.354 1.482 1.831 2.187 2.343 2.368 2.298 2.047 1.891 1.657 1.538 1.337 1.342 1.251 1.159 1.136 1.14 1.102 0.982 0.793 0.605 0.55 0.657 1.014 1.344 1.54 1.768 2.011 1.859 1.463 0.932 0.522 0.258 0.086 0.051 0.111 0.367 0.792 1.249 1.36 1.706 1.801 1.951 1.874 1.47 1.481 1.629 1.81 1.86 1.855 1.669 1.466 1.847 2.165 2.334 2.619 2.706 2.314 1.846 1.266 0.797 0.55 0.506 0.565 0.67 0.707 0.684 0.72
2.371 2.707 2.978 3.164 3.156 2.909 2.528 2.268 1.997 1.558 1.34 1.458 1.891 2.404 2.724 2.691 2.786 2.452 2.414 2.092 1.874 1.506 1.701 1.614 1.451 1.374 1.49 1.354 1.152 0.889 0.622 0.505 0.496 0.648 0.941 1.282 1.433 1.622 1.549 1.238 0.811 0.442 0.203 0.068 0.043 0.125 0.429 0.84 1.299 1.427 1.708 1.964 2.055 1.953 1.542 1.598 1.776 1.9 1.95 2.17 2.132 1.738 2.153 2.545 2.617 2.733 2.639 2.45 2.037 1.523 1.09 0.732 0.553 0.448 0.418 0.407 0.505 0.717
2.362 2.872 3.127 3.206 3.03 2.716 2.406 2.198 2.047 1.513 1.322 1.412 1.876 2.361 2.879 2.851 3.337 2.957 2.918 2.59 2.024 1.856 2.067 2.045 1.864 1.784 1.711 1.533 1.305 0.996 0.742 0.567 0.48 0.467 0.577 0.886 1.108 1.33 1.246 0.987 0.627 0.319 0.131 0.04 0.035 0.192 0.545 0.981 1.39 1.503 1.665 2.046 2.179 1.984 1.737 1.757 1.86 2.07 2.174 2.49 2.265 2.049 2.339 2.72 2.665 2.65 2.62 2.554 2.274 1.989 1.556 1.068 0.774 0.518 0.36 0.287 0.377 0.626
2.438 2.824 3.257 3.282 2.959 2.812 2.65 2.488 2.254 1.468 1.334 1.573 2.002 2.404 2.927 3.09 3.733 3.377 3.271 2.942 2.282 2.374 2.419 2.419 2.28 2.146 1.938 1.662 1.322 1.076 0.933 0.75 0.602 0.472 0.409 0.474 0.751 1.049 1.04 0.779 0.427 0.191 0.062 0.005 0.04 0.372 0.716 0.951 1.389 1.656 1.721 2.041 2.155 2.027 2.12 2.049 2.086 2.399 2.569 2.686 2.536 2.592 2.499 2.822 2.834 2.792 2.85 2.957 2.732 2.446 1.939 1.376 1.084 0.771 0.521 0.356 0.255 0.433
2.69 3.02 3.316 3.118 3.171 3.207 3.079 2.942 2.231 1.404 1.375 1.746 2.188 2.681 3.039 3.278 3.902 3.66 3.344 3.051 2.545 2.777 2.862 2.762 2.624 2.419 2.073 1.636 1.312 1.299 1.209 0.999 0.792 0.601 0.412 0.318 0.396 0.595 0.702 0.487 0.211 0.075 -0.001 -0.039 0.022 0.442 0.818 1.019 1.272 1.699 1.892 2.254 2.303 2.235 2.387 2.305 2.438 2.669 2.816 2.963 2.931 3.06 2.804 2.943 3.022 3.042 2.961 3.165 3.017 2.638 2.098 1.746 1.518 1.107 0.869 0.673 0.306 0.332
2.938 3.244 3.211 3.186 3.446 3.414 3.22 2.912 1.958 1.353 1.4 1.705 2.17 2.696 3.115 3.469 3.75 3.72 3.757 3.507 2.854 3.081 3.226 3.059 2.816 2.498 2.057 1.593 1.52 1.582 1.443 1.236 1.003 0.759 0.538 0.337 0.24 0.243 0.294 0.176 0.053 -0.003 -0.023 -0.045 -0.023 0.304 0.674 1.077 1.395 1.712 1.992 2.118 2.361 2.433 2.407 2.234 2.259 2.472 2.753 3.003 3.039 2.991 2.874 3.002 3.168 3.13 3.098 3.281 3.178 2.712 2.279 2.225 1.994 1.477 1.273 1.071 0.484 0.274
3.124 3.38 3.227 3.392 3.473 3.269 2.881 2.284 1.658 1.32 1.293 1.607 2.064 2.638 3.203 3.552 3.691 3.971 4.051 3.657 3.202 3.406 3.5 3.287 3.052 2.617 2.081 1.79 1.85 1.778 1.59 1.397 1.179 0.917 0.693 0.47 0.277 0.151 0.106 0.04 -0.023 -0.067 -0.032 0.028 -0.057 0.071 0.464 0.967 1.3 1.493 1.755 1.961 2.086 2.19 2.172 1.993 2.006 2.16 2.369 2.659 2.798 2.822 2.883 3.013 3.083 3.137 3.227 3.236 3.153 2.815 2.603 2.632 2.272 1.789 1.691 1.363 0.721 0.263
3.292 3.31 3.199 3.238 3.058 2.73 2.187 1.788 1.512 1.314 1.199 1.324 1.845 2.538 3.068 3.534 3.788 3.972 3.988 3.77 3.709 3.742 3.737 3.593 3.421 2.966 2.328 2.102 2.17 1.911 1.656 1.51 1.344 1.073 0.789 0.551 0.384 0.189 0.08 0.006 -0.056 -0.111 -0.144 -0.098 -0.031 -0.054 0.124 0.473 0.86 1.363 1.564 1.771 1.894 1.898 1.763 1.75 1.823 1.933 2.131 2.319 2.511 2.65 2.745 2.748 2.756 2.984 3.303 3.271 3.094 2.965 2.912 2.921 2.563 2.173 2.107 1.683 1.099 0.446
2.944 2.916 2.959 2.871 2.424 2.147 2.011 1.92 1.672 1.446 1.192 1.123 1.443 2.134 2.741 3.408 3.775 3.843 4.088 4.06 3.93 3.858 3.945 3.885 3.709 3.249 2.602 2.442 2.403 2.014 1.852 1.696 1.463 1.151 0.767 0.719 0.607 0.31 0.139 0.026 -0.053 -0.124 -0.184 -0.228 -0.221 -0.158 -0.078 0.204 0.583 1.095 1.454 1.757 1.947 1.92 1.608 1.491 1.594 1.755 2.025 2.236 2.287 2.376 2.458 2.327 2.383 2.722 3.032 3.26 3.207 3.253 3.294 3.038 2.807 2.511 2.342 1.899 1.251 0.603
2.445 2.383 2.383 2.338 2.214 2.221 2.353 2.333 2.323 1.88 1.293 1.068 1.211 1.85 2.51 3.116 3.62 3.721 3.932 3.96 3.709 3.731 3.963 3.985 3.804 3.347 2.963 2.782 2.571 2.243 2.069 1.819 1.496 1.038 0.764 0.922 0.844 0.52 0.32 0.157 0.03 -0.095 -0.193 -0.264 -0.303 -0.288 -0.235 -0.024 0.278 0.793 1.266 1.721 1.892 1.833 1.487 1.265 1.477 1.688 1.946 2.008 1.912 1.991 2.045 1.878 1.95 2.334 2.604 2.891 3.14 3.34 3.104 2.985 2.972 2.759 2.494 2.02 1.367 0.699
2.52 2.554 2.46 2.462 2.769 3.005 3.087 3.007 2.818 2.064 1.326 1.025 1.087 1.66 2.225 2.701 3.247 3.306 3.285 3.425 3.291 3.554 3.757 3.782 3.776 3.552 3.338 3.048 2.771 2.439 2.131 1.737 1.281 0.869 0.969 1.108 1.051 0.779 0.561 0.426 0.255 0.076 -0.135 -0.268 -0.339 -0.366 -0.349 -0.213 0.044 0.488 0.973 1.477 1.613 1.534 1.248 1.057 1.24 1.458 1.685 1.619 1.421 1.583 1.548 1.389 1.61 1.955 2.337 2.759 2.86 2.906 2.802 2.876 3.005 2.86 2.484 2.012 1.329 0.756
3.078 3.335 3.209 3.235 3.537 3.827 3.778 3.468 2.688 1.872 1.236 0.943 1.003 1.391 1.694 2.124 2.647 2.657 2.517 2.789 2.97 3.339 3.284 3.448 3.748 3.674 3.482 3.113 2.715 2.349 1.962 1.564 1.006 0.904 1.157 1.329 1.267 1.028 0.811 0.734 0.511 0.297 0.001 -0.22 -0.33 -0.395 -0.406 -0.336 -0.161 0.19 0.595 1.012 1.18 1.139 0.94 0.833 1 1.161 1.27 1.208 0.998 1.174 1.047 1.105 1.466 1.793 2.075 2.455 2.607 2.563 2.474 2.653 2.849 2.749 2.397 1.889 1.217 0.898
3.362 3.507 3.514 3.709 3.889 4.078 3.856 3.299 2.535 1.687 1.072 0.854 0.886 1.07 1.18 1.42 1.803 1.86 1.986 2.433 2.766 2.996 2.815 3.198 3.656 3.48 3.322 3.121 2.472 1.948 1.538 1.151 0.923 1.02 1.222 1.51 1.522 1.271 1.155 1.024 0.738 0.432 0.048 -0.141 -0.24 -0.371 -0.422 -0.398 -0.296 -0.072 0.26 0.597 0.732 0.747 0.639 0.63 0.7 0.764 0.837 0.747 0.644 0.694 0.668 0.801 1.077 1.342 1.722 2.176 2.264 2.186 2.343 2.587 2.764 2.679 2.271 1.678 1.216 1.108
3.842 3.558 3.642 3.835 3.994 3.956 3.406 2.897 2.166 1.366 0.916 0.881 0.931 1.251 1.306 1.14 1.141 1.209 1.538 2.01 2.373 2.583 2.443 2.927 3.438 3.161 3.129 2.85 2.195 1.564 1.235 1.024 1.026 1.231 1.318 1.671 1.768 1.622 1.494 1.262 0.903 0.484 0.042 -0.022 -0.056 -0.253 -0.388 -0.411 -0.36 -0.242 -0.01 0.251 0.38 0.405 0.39 0.404 0.425 0.422 0.429 0.369 0.355 0.452 0.615 0.76 0.885 1.157 1.498 1.66 1.722 1.805 2.24 2.607 2.748 2.53 2.14 1.57 1.42 1.394
4.237 4.074 4.004 4.055 3.929 3.632 3.051 2.482 1.679 1.059 0.908 1.045 1.053 1.421 1.626 1.381 1.106 0.879 1.129 1.571 1.859 2.197 2.168 2.69 3.223 3.082 2.737 2.406 1.876 1.62 1.533 1.337 1.078 1.391 1.459 1.792 1.969 1.865 1.65 1.317 0.883 0.448 0.058 0.113 0.109 -0.043 -0.266 -0.393 -0.386 -0.322 -0.205 -0.013 0.168 0.235 0.305 0.374 0.356 0.252 0.193 0.226 0.343 0.493 0.661 0.833 0.965 1.078 1.135 1.146 1.386 1.628 1.974 2.419 2.612 2.436 2.066 1.573 1.591 1.653
4.388 4.606 4.323 3.974 3.602 3.169 2.613 1.929 1.215 0.92 1.021 1.227 1.17 1.541 1.858 1.699 1.417 0.923 0.787 1.153 1.447 1.732 1.901 2.574 3.125 2.971 2.513 2.282 2.012 1.857 1.767 1.595 1.252 1.488 1.686 1.953 2.041 1.884 1.538 1.171 0.751 0.354 0.086 0.224 0.208 0.05 -0.211 -0.385 -0.397 -0.362 -0.281 0.025 0.132 0.289 0.501 0.632 0.655 0.439 0.163 0.087 0.248 0.375 0.503 0.738 0.936 0.977 0.855 0.906 1.315 1.59 1.773 2.165 2.481 2.4 2.086 1.692 1.696 1.659
4.581 4.825 4.494 4.042 3.559 2.974 2.371 1.502 0.914 0.955 1.279 1.384 1.401 1.684 2.012 1.977 1.662 1.155 0.671 0.801 1.06 1.381 1.916 2.698 3.163 2.952 2.732 2.682 2.309 2.045 1.985 1.737 1.457 1.589 1.845 2.049 2.103 1.927 1.622 1.255 0.907 0.393 0.139 0.33 0.316 0.07 -0.224 -0.392 -0.411 -0.387 -0.292 0.02 0.151 0.427 0.771 0.89 0.907 0.728 0.327 -0.001 0.033 0.163 0.305 0.542 0.748 0.728 0.548 0.723 1.101 1.438 1.698 1.952 2.325 2.386 2.105 1.879 2.005 1.796
4.564 4.592 4.327 3.832 3.251 2.626 1.967 1.139 0.778 1.088 1.506 1.554 1.757 1.865 2.086 1.952 1.534 1.122 0.671 0.778 1.188 1.621 2.189 2.709 3.087 3.038 3.005 2.917 2.601 2.362 2.167 1.891 1.735 1.793 1.982 1.996 2.2 2.084 1.825 1.55 1.091 0.49 0.219 0.474 0.368 0.06 -0.244 -0.4 -0.424 -0.387 -0.238 0.083 0.19 0.572 0.939 1.116 1.026 0.744 0.335 -0.014 -0.052 0.082 0.26 0.398 0.446 0.338 0.262 0.543 0.908 1.178 1.597 1.898 2.201 2.3 2.096 1.926 2.162 1.999
4.236 4.205 3.915 3.323 2.692 2.082 1.378 0.781 0.761 1.157 1.566 1.722 1.942 2.053 2.197 2.076 1.667 1.213 0.692 0.829 1.35 1.714 2.069 2.517 2.963 3.082 3.197 3.123 2.83 2.498 2.263 2.059 1.948 1.921 2.044 1.895 2.089 2.018 1.698 1.431 1.04 0.501 0.42 0.631 0.404 0.081 -0.246 -0.403 -0.432 -0.367 -0.188 0.141 0.294 0.613 1.009 1.224 1.098 0.703 0.29 0.014 -0.087 0.018 0.12 0.139 0.115 0.006 0.088 0.355 0.63 0.914 1.319 1.668 1.951 2.038 1.981 1.826 1.943 2.088
4.04 3.952 3.46 2.802 2.021 1.444 0.845 0.647 0.96 1.127 1.547 1.887 2.152 2.219 2.287 2.121 1.722 1.244 0.709 0.759 1.236 1.51 1.856 2.356 3.01 3.286 3.39 3.181 2.84 2.449 2.194 2.007 1.904 1.891 2.016 1.891 1.786 1.867 1.571 1.152 0.741 0.424 0.722 0.754 0.451 0.084 -0.239 -0.397 -0.437 -0.353 -0.112 0.272 0.411 0.73 1.133 1.258 1.062 0.646 0.357 0.142 -0.06 -0.109 -0.104 -0.119 -0.17 -0.2 -0.125 0.027 0.232 0.505 0.884 1.231 1.511 1.579 1.603 1.719 1.8 1.959
3.684 3.691 3.235 2.512 1.6 0.901 0.595 0.707 1.148 1.311 1.624 2.068 2.395 2.371 2.275 1.995 1.594 1.142 0.709 0.666 1.018 1.295 1.714 2.296 3.095 3.461 3.344 3.041 2.737 2.463 2.216 2.002 1.799 1.719 1.869 1.775 1.418 1.4 1.129 0.703 0.392 0.508 0.937 0.887 0.582 0.252 -0.093 -0.378 -0.445 -0.336 0.028 0.423 0.582 0.815 1.236 1.349 1.116 0.713 0.488 0.382 0.155 -0.021 -0.142 -0.212 -0.286 -0.337 -0.366 -0.315 -0.164 0.086 0.485 0.799 1.067 1.104 1.023 1.177 1.513 1.818
3.362 3.129 2.618 2.009 1.189 0.609 0.598 0.737 1.12 1.528 1.812 2.159 2.511 2.483 2.138 1.773 1.363 0.969 0.716 0.732 0.989 1.424 1.852 2.479 3.213 3.437 3.287 3.093 2.953 2.818 2.576 2.427 2.188 1.947 1.673 1.439 1.09 0.815 0.553 0.32 0.397 0.861 1.147 1.151 0.846 0.411 -0.019 -0.377 -0.449 -0.295 0.058 0.48 0.808 0.908 1.253 1.48 1.275 0.924 0.643 0.655 0.511 0.295 0.068 -0.012 -0.098 -0.226 -0.354 -0.431 -0.397 -0.241 0.11 0.388 0.6 0.632 0.75 1.014 1.104 1.37
2.696 2.287 1.892 1.385 0.805 0.531 0.77 0.916 0.987 1.419 1.883 2.204 2.396 2.359 2.072 1.555 1.131 0.902 0.954 1.148 1.26 1.714 2.184 2.705 3.137 3.398 3.428 3.332 3.267 3.202 3.046 2.945 2.706 2.427 2.221 2.084 1.678 1.093 0.447 0.351 0.822 1.32 1.387 1.239 0.905 0.42 -0.073 -0.399 -0.451 -0.284 0.049 0.515 0.972 1.042 1.291 1.586 1.469 1.17 0.841 0.938 0.898 0.673 0.363 0.325 0.276 0.079 -0.118 -0.266 -0.363 -0.408 -0.26 -0.021 0.106 0.151 0.485 0.81 0.989 1.215
