data/climatemaps/RS_maps/climate_postbreed_tmp_2015.asc
NCOLS 369 
NROWS 228 
XLLCORNER 479000 
YLLCORNER 73000 
CELLSIZE 1000 
NODATA_value -9 
[rows 170 to 203 of 228, columns 0 to 76 of 369]
-9 -9 0.086 0.061 0.104 0.298 0.357 0.049 -0.196 -0.277 -0.071 0.233 0.581 0.769 0.819 0.839 0.855 0.859 0.887 0.918 0.934 0.939 0.974 0.994 1.026 1.056 1.067 1.067 1.074 1.074 1.043 1.012 1.009 1.015 1.022 1.024 1.024 1.025 1.005 1 0.982 0.965 0.957 0.96 0.835 0.768 0.822 0.828 0.803 0.654 -9 -9 -9 -9 -9 -9 -9 -9 0.259 0.286 0.426 0.574 0.425 0.155 -0.069 -0.267 -0.269 -0.32 -0.404 -0.486 -0.747 -0.712 -0.528 -0.323 -0.253 -0.107 0.127
-9 0.098 0.046 0.062 0.212 0.401 0.224 -0.056 -0.261 -0.142 0.164 0.458 0.719 0.797 0.844 0.869 0.884 0.894 0.909 0.934 0.939 0.948 0.976 1.005 1.04 1.054 1.054 1.066 1.066 1.051 1.007 1.007 1.01 1.008 1.014 0.992 0.92 0.813 0.791 0.921 0.945 0.92 0.912 0.931 0.815 0.782 0.807 0.784 0.684 -9 -9 -9 -9 -9 -9 -9 -9 -9 0.144 -0.048 0.147 0.406 0.543 0.351 0.07 -0.084 -0.164 -0.314 -0.489 -0.408 -0.265 -0.467 -0.587 -0.573 -0.359 -0.148 -0.034
0.105 0.068 0.029 0.08 0.36 0.335 0.041 -0.133 -0.219 0.012 0.336 0.609 0.784 0.818 0.861 0.886 0.899 0.914 0.922 0.934 0.948 0.963 0.98 1.022 1.051 1.054 1.054 1.054 1.052 1.017 1.004 0.999 0.999 0.999 0.967 0.834 0.732 0.675 0.776 0.904 0.922 0.895 0.894 0.886 0.835 -9 -9 -9 -9 -9 -9 -9 -9 -9 -9 -9 -9 -9 0.318 -0.172 -0.155 0.197 0.469 0.068 -0.13 -0.116 -0.217 -0.367 -0.409 -0.317 -0.068 -0.215 -0.422 -0.519 -0.438 -0.175 -0.101
0.063 0.009 0.017 0.172 0.405 0.111 -0.16 -0.229 -0.11 0.205 0.516 0.733 0.822 0.844 0.876 0.899 0.905 0.908 0.916 0.938 0.957 0.972 0.994 1.036 1.045 1.051 1.052 1.05 1.039 1.008 0.996 0.986 0.982 0.976 0.909 0.802 0.775 0.804 0.876 0.908 0.889 0.88 0.873 0.842 0.81 -9 -9 -9 -9 -9 -9 -9 -9 -9 -9 -9 -9 -9 0.253 -0.312 -0.29 0.291 0.405 0.015 -0.253 -0.326 -0.182 -0.019 0.031 0.087 0.189 0.108 -0.107 -0.368 -0.581 -0.43 -0.341
-0.011 -0.028 0.046 0.299 0.337 -0.123 -0.314 -0.166 0.085 0.425 0.691 0.821 0.857 0.881 0.896 0.911 0.912 0.9 0.915 0.949 0.965 0.979 1.003 1.034 1.038 1.04 1.047 1.028 1.003 0.994 0.982 0.975 0.97 0.949 0.875 0.8 0.822 0.867 0.881 0.886 0.873 0.867 0.849 0.804 0.751 -9 -9 -9 -9 -9 -9 -9 -9 -9 -9 -9 -9 -9 -9 -0.066 -0.014 0.238 0.228 0.333 0.099 -0.155 0.143 0.299 0.208 0.13 0.137 0.196 0.175 -0.165 -0.408 -0.568 -0.677
-0.045 0.023 0.241 0.395 0.091 -0.312 -0.25 0.1 0.38 0.641 0.809 0.866 0.891 0.911 0.916 0.92 0.912 0.905 0.927 0.958 0.971 0.978 1.002 1.032 1.034 1.034 1.039 0.998 0.983 0.98 0.973 0.956 0.954 0.928 0.859 0.81 0.837 0.857 0.861 0.864 0.852 0.828 0.79 0.709 0.573 -9 -9 -9 -9 -9 -9 -9 -9 -9 -9 -9 -9 -9 -9 -9 -0.16 -0.091 0.081 0.246 0.246 0.33 0.179 0.055 -0.125 -0.193 -0.346 -0.108 0.154 0.158 -0.08 -0.457 -0.755
0.096 0.145 0.423 0.104 -0.231 -0.272 -0.076 0.342 0.622 0.793 0.869 0.894 0.909 0.92 0.923 0.92 0.903 0.918 0.944 0.963 0.965 0.978 1.004 1.032 1.034 1.03 1.015 0.975 0.972 0.972 0.962 0.937 0.932 0.911 0.855 0.82 0.829 0.831 0.832 0.828 0.798 0.73 0.62 0.478 0.342 0.214 -9 -9 -9 -9 -9 -9 -9 -9 -9 -9 -9 -9 -9 -9 -0.203 -0.336 -0.196 -0.263 -0.043 0.254 0.088 -0.261 -0.482 -0.568 -0.758 -0.372 -0.271 -0.043 0.146 -0.268 -0.655
0.112 0.472 0.327 -0.091 -0.314 -0.098 0.266 0.542 0.769 0.865 0.902 0.917 0.921 0.926 0.921 0.92 0.925 0.947 0.964 0.971 0.977 0.995 1.022 1.03 1.029 1.013 0.987 0.959 0.96 0.951 0.943 0.921 0.914 0.892 0.855 0.832 0.761 0.747 0.75 0.741 0.66 0.528 0.334 0.225 0.164 0.263 -9 -9 -9 -9 -9 -9 -9 -9 -9 -9 -9 -9 -9 -9 -9 -0.42 -0.261 -0.39 -0.185 0.038 0.201 0.051 -0.366 -0.936 -1.035 -0.73 -0.526 -0.165 0.127 -0.315 -0.6
0.233 0.579 0.455 0.02 -0.158 0.175 0.468 0.688 0.837 0.899 0.921 0.926 0.929 0.921 0.92 0.938 0.95 0.958 0.965 0.974 0.976 1.004 1.027 1.027 1.026 0.991 0.966 0.958 0.957 0.941 0.928 0.916 0.899 0.881 0.858 0.811 0.607 0.559 0.557 0.532 0.439 0.284 0.102 0.15 0.17 0.347 -9 -9 -9 -9 -9 -9 -9 -9 -9 -9 -9 -9 -9 -9 -0.01 0.013 -0.077 -0.539 -0.439 0.049 -0.149 0.013 -0.169 -0.661 -0.795 -0.434 -0.072 0.074 -0.105 -0.312 -0.74
0.511 0.591 0.371 -0.033 0.05 0.392 0.617 0.792 0.889 0.925 0.943 0.947 0.937 0.933 0.94 0.964 0.954 0.958 0.972 0.95 0.94 0.996 1.027 1.027 1.023 0.963 0.942 0.957 0.959 0.933 0.919 0.904 0.882 0.871 0.848 0.734 0.425 0.255 0.287 0.346 0.391 0.14 0.043 0.243 0.346 0.405 -9 -9 -9 -9 -9 -9 -9 -9 -9 -9 -9 -9 -9 -9 0.349 0.103 -0.261 -0.635 -0.506 -0.261 -0.504 -0.214 -0.115 -0.413 -0.519 -0.168 -0.223 -0.342 -0.535 -0.258 -0.419
0.658 0.453 0.105 0.022 0.294 0.572 0.718 0.852 0.914 0.943 0.946 0.93 0.913 0.948 0.96 0.953 0.951 0.968 0.958 0.934 0.95 1.002 1.027 1.021 0.993 0.912 0.927 0.94 0.962 0.934 0.909 0.895 0.871 0.865 0.815 0.598 0.225 -0.028 0.114 0.373 0.431 0.189 0.163 0.366 0.459 0.349 -9 -9 -9 -9 -9 -9 -9 -9 -9 -9 -9 -9 -9 -9 0.476 0.043 -0.368 -0.592 -0.823 -0.737 -0.733 -0.349 -0.392 -0.432 -0.293 -0.277 -0.676 -0.707 -0.508 -0.221 -0.221
0.577 0.215 -0.04 0.245 0.545 0.716 0.817 0.89 0.928 0.948 0.933 0.891 0.927 0.967 0.959 0.954 0.955 0.974 0.957 0.942 0.972 1.007 1.021 1.013 0.915 0.916 0.945 0.955 0.956 0.929 0.904 0.877 0.872 0.849 0.732 0.423 0.129 -0.075 0.134 0.429 0.495 0.363 0.395 0.492 0.447 0.197 -9 -9 -9 -9 -9 -9 -9 -9 -9 -9 -9 -9 -9 -9 0.388 0.239 -0.068 -0.428 -0.767 -0.703 -0.719 -0.614 -0.499 -0.541 -0.349 -0.502 -0.856 -0.807 -0.327 -0.455 -0.55
0.406 0.051 0.143 0.484 0.686 0.804 0.879 0.91 0.932 0.967 0.927 0.914 0.969 0.969 0.962 0.963 0.978 0.978 0.964 0.971 0.982 1.007 1.013 0.979 0.928 0.943 0.949 0.954 0.948 0.915 0.903 0.889 0.847 0.774 0.591 0.347 0.105 -0.086 0.127 0.446 0.569 0.537 0.526 0.515 0.367 -9 -9 -9 -9 -9 -9 -9 -9 -9 -9 -9 -9 -9 -9 -0.009 0.145 0.364 0.105 -0.386 -0.491 -0.253 -0.28 -0.244 -0.232 -0.463 -0.591 -0.665 -0.906 -0.607 -0.415 -0.661 -0.551
0.174 0.079 0.38 0.649 0.767 0.837 0.896 0.91 0.921 0.968 0.96 0.962 0.995 0.992 0.988 0.988 0.999 0.981 0.977 0.983 1.002 1.004 0.988 0.958 0.95 0.954 0.948 0.947 0.94 0.92 0.883 0.853 0.823 0.644 0.481 0.305 0.072 -0.005 0.209 0.481 0.591 0.529 0.41 0.381 0.203 -9 -9 -9 -9 -9 -9 -9 -9 -9 -9 -9 -9 -9 -9 -0.173 -0.095 0.354 0.266 0.006 0.021 -0.044 -0.1 -0.199 -0.273 -0.38 -0.579 -0.852 -0.872 -0.521 -0.706 -0.736 -0.465
0.032 0.256 0.579 0.754 0.827 0.866 0.904 0.888 0.909 0.967 0.99 0.998 1.013 1.012 0.997 0.99 0.988 0.985 0.968 0.986 1.012 0.982 0.967 0.957 0.968 0.961 0.961 0.944 0.939 0.916 0.881 0.853 0.816 0.688 0.536 0.308 0.046 0.019 0.301 0.514 0.597 0.438 0.301 0.294 0.062 -9 -9 -9 -9 -9 -9 -9 -9 -9 -9 -9 -9 -9 -9 -0.359 -0.167 0.219 0.38 0.329 0.057 -0.269 -0.401 -0.402 -0.489 -0.598 -0.537 -0.823 -0.898 -0.785 -0.908 -0.755 -0.491
0.149 0.436 0.689 0.843 0.876 0.895 0.909 0.894 0.942 1 1.009 1.017 0.989 0.987 0.98 0.971 0.965 0.967 0.974 0.998 1.002 0.98 0.973 0.965 0.98 0.967 0.968 0.958 0.933 0.875 0.866 0.871 0.851 0.784 0.658 0.461 0.231 0.166 0.486 0.581 0.537 0.343 0.397 0.254 0.067 -9 -9 -9 -9 -9 -9 -9 -9 -9 -9 -9 -9 -9 -9 -0.301 -0.164 0.134 0.289 0.341 0.125 -0.218 -0.153 -0.096 -0.243 -0.591 -0.699 -0.866 -0.993 -0.887 -0.711 -0.524 -0.333
0.241 0.554 0.794 0.888 0.912 0.909 0.924 0.941 0.997 1.012 0.993 0.983 0.964 0.956 0.957 0.94 0.967 0.981 0.99 0.992 0.984 0.971 0.966 0.968 0.983 0.977 0.928 0.885 0.936 0.892 0.86 0.879 0.87 0.853 0.756 0.621 0.469 0.364 0.642 0.471 0.383 0.411 0.422 0.145 -9 -9 -9 -9 -9 -9 -9 -9 -9 -9 -9 -9 -9 -9 -9 -0.169 -0.036 0.007 0.133 0.167 0.288 0.07 -0.139 -0.288 -0.346 -0.71 -0.798 -0.997 -0.954 -0.752 -0.655 -0.478 -0.082
0.219 0.641 0.864 0.921 0.928 0.937 0.943 0.988 1.014 0.988 0.964 0.96 0.95 0.937 0.947 0.95 0.978 0.98 0.973 0.967 0.963 0.957 0.953 0.954 0.944 0.853 0.717 0.757 0.912 0.916 0.89 0.882 0.866 0.861 0.844 0.791 0.693 0.608 0.701 0.484 0.437 0.514 0.383 -9 -9 -9 -9 -9 -9 -9 -9 -9 -9 -9 -9 -9 -9 -9 -0.298 -0.414 -0.35 -0.111 -0.004 -0.103 0.2 -0.069 -0.545 -0.794 -0.773 -1.053 -1.07 -0.979 -0.806 -0.634 -0.531 -0.401 0.16
0.186 0.639 0.861 0.923 0.963 0.948 0.963 1.029 1.014 0.98 0.966 0.96 0.953 0.937 0.965 0.971 0.96 0.95 0.934 0.93 0.939 0.943 0.931 0.903 0.706 0.508 0.6 0.802 0.879 0.92 0.907 0.892 0.879 0.866 0.846 0.826 0.798 0.768 0.734 0.529 0.598 0.599 0.359 -9 -9 -9 -9 -9 -9 -9 -9 -9 -9 -9 -9 -9 -9 -9 -0.219 -0.447 -0.279 0.03 -0.109 -0.233 0.042 0.125 -0.172 -0.63 -0.857 -0.921 -1.037 -0.789 -0.477 -0.336 -0.171 -0.034 0.234
0.091 0.562 0.857 0.915 0.964 0.984 1.016 1.04 1.025 1.002 0.982 0.96 0.952 0.94 0.96 0.954 0.933 0.923 0.911 0.904 0.914 0.898 0.838 0.681 0.291 0.327 0.664 0.792 0.818 0.913 0.927 0.91 0.912 0.901 0.875 0.84 0.78 0.728 0.73 0.672 0.691 0.656 -9 -9 -9 -9 -9 -9 -9 -9 -9 -9 -9 -9 -9 -9 -9 -9 -0.263 -0.176 0.032 0.051 -0.142 -0.241 -0.182 -0.36 0.039 -0.058 -0.238 -0.411 -0.798 -0.662 -0.504 -0.396 -0.298 -0.076 -0.229
0.097 0.502 0.903 0.99 1.037 1.035 1.038 1.009 0.989 0.988 0.969 0.952 0.937 0.928 0.934 0.929 0.901 0.893 0.881 0.875 0.861 0.808 0.613 0.214 0.136 0.45 0.727 0.722 0.778 0.863 0.904 0.9 0.911 0.918 0.91 0.878 0.761 0.67 0.691 0.747 0.744 -9 -9 -9 -9 -9 -9 -9 -9 -9 -9 -9 -9 -9 -9 -9 -9 -9 -0.08 0.09 0.068 -0.095 -0.214 -0.364 -0.317 -0.649 -0.339 -0.025 -0.108 -0.223 -0.541 -0.737 -0.553 -0.4 -0.453 -0.79 -0.63
0.488 0.624 0.974 1.052 1.048 1.04 1.022 0.978 0.96 0.958 0.936 0.916 0.916 0.89 0.889 0.894 0.87 0.87 0.85 0.827 0.789 0.712 0.399 0.07 0.285 0.621 0.686 0.637 0.733 0.815 0.874 0.89 0.901 0.915 0.931 0.917 0.79 0.652 0.633 0.712 -9 -9 -9 -9 -9 -9 -9 -9 -9 -9 -9 -9 -9 -9 -9 -9 -9 -9 -9 0.046 -0.074 -0.283 -0.275 -0.433 -0.407 -0.664 -0.583 -0.31 -0.412 -0.32 -0.707 -1.106 -1.113 -1.069 -1.297 -1.288 -1.085
0.787 0.88 0.971 0.986 0.973 0.957 0.963 0.946 0.94 0.934 0.912 0.912 0.896 0.857 0.866 0.858 0.847 0.828 0.798 0.733 0.686 0.547 0.217 0.183 0.438 0.67 0.595 0.597 0.704 0.793 0.838 0.866 0.888 0.904 0.931 0.934 0.864 0.679 -9 -9 -9 -9 -9 -9 -9 -9 -9 -9 -9 -9 -9 -9 -9 -9 -9 -9 -9 -9 -9 -0.171 -0.167 -0.295 -0.38 -0.341 -0.469 -0.623 -0.35 -0.423 -0.443 -0.687 -0.917 -1.097 -1.448 -1.366 -1.522 -1.391 -1.129
0.896 0.808 0.781 0.923 0.938 0.935 0.931 0.931 0.928 0.91 0.888 0.882 0.851 0.851 0.839 0.828 0.818 0.787 0.716 0.613 0.516 0.277 0.042 0.238 0.466 0.63 0.527 0.58 0.672 0.72 0.798 0.837 0.868 0.889 0.917 0.934 0.919 -9 -9 -9 -9 -9 -9 -9 -9 -9 -9 -9 -9 -9 -9 -9 -9 -9 -9 -9 -9 -9 -9 -0.128 -0.235 -0.319 -0.269 -0.025 -0.284 -0.447 -0.057 -0.033 -0.26 -0.506 -0.804 -1.181 -1.391 -1.121 -1.104 -1.028 -0.904
0.904 0.899 0.622 0.824 0.897 0.898 0.882 0.878 0.875 0.856 0.829 0.826 0.8 0.817 0.806 0.785 0.772 0.734 0.667 0.52 0.299 0.02 0.072 0.35 0.516 0.522 0.491 0.597 0.564 0.599 0.744 0.809 0.853 0.886 0.897 -9 -9 -9 -9 -9 -9 -9 -9 -9 -9 -9 -9 -9 -9 -9 -9 -9 -9 -9 -9 -9 -9 -9 -9 0.303 0.097 -0.066 0.019 0.149 -0.027 -0.14 0.093 0.269 -0.174 -0.419 -0.761 -1.18 -1.469 -1.273 -0.725 -0.327 -0.237
0.955 0.977 0.624 0.694 0.803 0.82 0.802 0.806 0.781 0.758 0.746 0.758 0.745 0.744 0.726 0.704 0.722 0.704 0.596 0.375 0.027 0.041 0.286 0.459 0.49 0.4 0.475 0.574 0.48 0.523 0.666 0.784 0.838 0.883 -9 -9 -9 -9 -9 -9 -9 -9 -9 -9 -9 -9 -9 -9 -9 -9 -9 -9 -9 -9 -9 -9 -9 -9 -9 -9 0.617 0.471 0.42 0.401 0.343 0.208 0.212 0.435 -0.204 -0.643 -1.054 -1.201 -1.241 -1.133 -0.414 0.099 -0.456
0.958 0.926 0.695 0.546 0.669 0.754 0.764 0.755 0.703 0.687 0.69 0.682 0.659 0.631 0.588 0.588 0.676 0.64 0.402 0.082 0.038 0.225 0.447 0.514 0.455 0.397 0.485 0.5 0.422 0.461 0.575 0.736 0.805 -9 -9 -9 -9 -9 -9 -9 -9 -9 -9 -9 -9 -9 -9 -9 -9 -9 -9 -9 -9 -9 -9 -9 -9 -9 -9 -9 0.742 0.743 0.717 0.672 0.619 0.53 0.48 0.293 -0.479 -0.857 -1.161 -0.934 -0.795 -0.806 -0.06 0.025 -0.996
0.923 0.871 0.746 0.555 0.533 0.711 0.813 0.801 0.752 0.727 0.699 0.665 0.638 0.628 0.567 0.548 0.568 0.514 0.213 0.049 0.255 0.444 0.548 0.516 0.414 0.4 0.435 0.439 0.384 0.388 0.498 0.662 -9 -9 -9 -9 -9 -9 -9 -9 -9 -9 -9 -9 -9 -9 -9 -9 -9 -9 -9 -9 -9 -9 -9 -9 -9 -9 -9 -9 -9 0.651 0.729 0.765 0.752 0.75 0.717 0.317 -0.166 -0.554 -0.872 -0.435 -0.358 -0.252 0.327 0.042 -0.892
0.89 0.88 0.8 0.678 0.475 0.622 0.816 0.855 0.819 0.78 0.697 0.741 0.746 0.755 0.669 0.61 0.501 0.315 0.14 0.207 0.417 0.534 0.569 0.451 0.376 0.374 0.399 0.376 0.371 0.389 0.445 -9 -9 -9 -9 -9 -9 -9 -9 -9 -9 -9 -9 -9 -9 -9 -9 -9 -9 -9 -9 -9 -9 -9 -9 -9 -9 -9 -9 -9 -9 -9 0.542 0.561 0.616 0.647 0.746 0.612 0.087 -0.375 -0.228 0.118 0.32 0.293 0.397 0.16 -0.687
0.898 0.928 0.864 0.769 0.589 0.501 0.791 0.883 0.872 0.791 0.75 0.831 0.844 0.825 0.743 0.697 0.517 0.277 0.239 0.376 0.525 0.599 0.573 0.452 0.379 0.382 0.394 0.41 0.435 -9 -9 -9 -9 -9 -9 -9 -9 -9 -9 -9 -9 -9 -9 -9 -9 -9 -9 -9 -9 -9 -9 -9 -9 -9 -9 -9 -9 -9 -9 -9 -9 -9 0.258 0.127 0.172 0.275 0.603 0.703 0.263 0.046 0.422 0.474 0.251 -0.11 0.016 -0.231 -1.088
0.976 1.01 0.921 0.833 0.732 0.607 0.76 0.901 0.901 0.803 0.825 0.901 0.906 0.854 0.821 0.77 0.613 0.437 0.394 0.504 0.599 0.645 0.574 0.506 0.423 0.421 0.452 0.471 -9 -9 -9 -9 -9 -9 -9 -9 -9 -9 -9 -9 -9 -9 -9 -9 -9 -9 -9 -9 -9 -9 -9 -9 -9 -9 -9 -9 -9 -9 -9 -9 -9 -9 -9 -0.263 -0.13 0.144 0.225 0.548 0.587 0.587 0.436 0.069 -0.251 -0.611 -0.851 -0.963 -1.47
1.022 1.02 0.911 0.875 0.829 0.786 0.825 0.929 0.895 0.833 0.85 0.954 0.96 0.926 0.887 0.819 0.694 0.568 0.515 0.537 0.626 0.646 0.58 0.514 0.466 0.47 -9 -9 -9 -9 -9 -9 -9 -9 -9 -9 -9 -9 -9 -9 -9 -9 -9 -9 -9 -9 -9 -9 -9 -9 -9 -9 -9 -9 -9 -9 -9 -9 -9 -9 -9 -9 -9 -9 -0.163 -0.064 -0.33 -0.082 0.552 0.561 0.173 -0.303 -0.747 -1.19 -1.606 -1.618 -1.673
-9 1.052 0.975 0.9 0.906 0.913 0.937 0.917 0.876 0.898 0.933 0.974 0.906 0.882 0.908 -9 0.749 0.603 0.544 0.541 0.63 0.671 -9 -9 -9 -9 -9 -9 -9 -9 -9 -9 -9 -9 -9 -9 -9 -9 -9 -9 -9 -9 -9 -9 -9 -9 -9 -9 -9 -9 -9 -9 -9 -9 -9 -9 -9 -9 -9 -9 -9 -9 -9 -9 -9 -0.485 -0.393 -0.058 0.367 0.506 -0.07 -0.69 -1.159 -1.173 -1.449 -1.73 -1.437
-9 -9 -9 -9 -9 1.031 0.88 0.887 0.944 0.989 -9 -9 -9 -9 -9 -9 -9 -9 -9 -9 -9 -9 -9 -9 -9 -9 -9 -9 -9 -9 -9 -9 -9 -9 -9 -9 -9 -9 -9 -9 -9 -9 -9 -9 -9 -9 -9 -9 -9 -9 -9 -9 -9 -9 -9 -9 -9 -9 -9 -9 -9 -9 -9 -9 -9 -9 -0.44 -0.445 -0.049 0.365 -0.05 -0.498 -0.449 -0.532 -1.388 -1.881 -1.367
