data/climatemaps/RS_maps/climate_breeding_tmp_2001.asc
NCOLS 369 
NROWS 228 
XLLCORNER 479000 
YLLCORNER 73000 
CELLSIZE 1000 
NODATA_value -9 
[rows 34 to 67 of 228, columns 228 to 303 of 369]
0.72 0.706 0.769 0.766 0.714 0.651 0.649 0.627 0.596 0.575 0.594 0.667 0.703 0.696 0.71 0.741 0.726 0.729 0.764 0.78 0.765 0.82 0.831 0.823 0.815 0.794 0.769 0.738 0.715 0.698 0.73 0.758 0.77 0.789 0.798 0.828 0.847 0.86 0.864 0.872 0.889 0.905 0.913 0.913 0.91 0.903 0.899 0.898 0.898 0.898 0.898 0.898 0.898 0.893 0.89 0.889 0.889 0.886 0.884 0.883 0.879 0.874 0.874 0.869 0.869 0.868 0.857 0.724 0.407 0.11 -9 -9 -9 -9 -9 -9
0.668 0.664 0.684 0.74 0.756 0.715 0.698 0.61 0.548 0.616 0.714 0.757 0.752 0.732 0.734 0.709 0.675 0.682 0.68 0.745 0.751 0.779 0.796 0.826 0.826 0.796 0.722 0.7 0.683 0.693 0.718 0.727 0.732 0.75 0.767 0.79 0.813 0.826 0.835 0.848 0.867 0.883 0.899 0.908 0.907 0.903 0.899 0.898 0.898 0.898 0.898 0.898 0.897 0.893 0.89 0.889 0.889 0.888 0.884 0.881 0.879 0.879 0.875 0.874 0.871 0.869 0.866 0.701 0.321 0.061 -9 -9 -9 -9 -9 -9
0.648 0.637 0.661 0.724 0.781 0.778 0.764 0.74 0.723 0.755 0.776 0.76 0.732 0.716 0.67 0.622 0.616 0.633 0.648 0.675 0.68 0.713 0.728 0.717 0.738 0.791 0.72 0.683 0.682 0.722 0.742 0.737 0.727 0.734 0.757 0.772 0.793 0.817 0.834 0.846 0.86 0.873 0.889 0.901 0.907 0.906 0.899 0.898 0.898 0.898 0.898 0.898 0.896 0.893 0.89 0.889 0.889 0.889 0.884 0.884 0.879 0.878 0.875 0.873 0.868 0.866 0.864 0.738 0.29 0.072 0.236 -9 -9 -9 -9 -9
0.591 0.572 0.663 0.729 0.766 0.768 0.75 0.761 0.765 0.75 0.731 0.707 0.692 0.646 0.598 0.561 0.512 0.488 0.552 0.609 0.615 0.627 0.636 0.664 0.672 0.722 0.753 0.684 0.698 0.746 0.761 0.75 0.734 0.723 0.734 0.737 0.753 0.773 0.801 0.836 0.86 0.885 0.894 0.899 0.903 0.904 0.899 0.898 0.898 0.898 0.898 0.898 0.897 0.893 0.893 0.889 0.889 0.888 0.884 0.884 0.881 0.874 0.873 0.866 0.857 0.854 0.832 0.706 0.298 0.211 0.457 0.489 -9 -9 -9 -9
0.589 0.629 0.694 0.705 0.723 0.743 0.762 0.751 0.711 0.695 0.696 0.703 0.655 0.586 0.515 0.494 0.474 0.422 0.511 0.563 0.544 0.554 0.582 0.636 0.651 0.673 0.76 0.73 0.771 0.761 0.732 0.73 0.741 0.735 0.721 0.705 0.704 0.704 0.725 0.768 0.807 0.857 0.882 0.883 0.897 0.899 0.902 0.898 0.898 0.898 0.898 0.898 0.89 0.884 0.893 0.889 0.889 0.886 0.882 0.882 0.874 0.874 0.871 0.859 0.853 0.842 0.802 0.623 0.449 0.475 0.622 0.621 -9 -9 -9 -9
0.682 0.693 0.699 0.674 0.651 0.733 0.745 0.747 0.724 0.72 0.7 0.681 0.646 0.527 0.53 0.48 0.427 0.496 0.58 0.499 0.51 0.528 0.559 0.641 0.649 0.655 0.747 0.785 0.738 0.69 0.67 0.661 0.691 0.691 0.696 0.687 0.664 0.656 0.662 0.686 0.726 0.78 0.807 0.834 0.87 0.882 0.897 0.898 0.898 0.897 0.896 0.891 0.887 0.881 0.887 0.888 0.887 0.887 0.88 0.879 0.874 0.874 0.872 0.862 0.854 0.842 0.822 0.736 0.677 0.649 0.615 0.454 -9 -9 -9 -9
0.646 0.606 0.619 0.668 0.663 0.619 0.657 0.703 0.719 0.722 0.729 0.702 0.674 0.586 0.525 0.521 0.525 0.564 0.605 0.539 0.581 0.602 0.626 0.668 0.652 0.666 0.755 0.754 0.663 0.664 0.65 0.644 0.651 0.64 0.647 0.664 0.689 0.659 0.633 0.646 0.676 0.715 0.743 0.761 0.812 0.853 0.87 0.883 0.874 0.853 0.826 0.825 0.851 0.853 0.884 0.887 0.882 0.882 0.879 0.878 0.874 0.874 0.873 0.867 0.855 0.852 0.84 0.794 0.645 0.487 0.363 0.203 -9 -9 -9 -9
0.535 0.6 0.6 0.651 0.645 0.573 0.542 0.608 0.665 0.702 0.717 0.715 0.681 0.593 0.532 0.57 0.559 0.606 0.67 0.651 0.681 0.69 0.671 0.655 0.663 0.732 0.766 0.733 0.673 0.66 0.641 0.62 0.603 0.553 0.554 0.588 0.622 0.661 0.64 0.632 0.643 0.675 0.687 0.725 0.764 0.788 0.78 0.785 0.719 0.648 0.602 0.66 0.772 0.802 0.849 0.864 0.877 0.878 0.876 0.875 0.874 0.874 0.874 0.872 0.856 0.854 0.847 0.768 0.572 0.399 0.246 0.154 0.301 -9 -9 -9
0.447 0.499 0.553 0.498 0.591 0.584 0.535 0.586 0.601 0.672 0.692 0.677 0.667 0.629 0.611 0.606 0.624 0.695 0.728 0.712 0.704 0.675 0.668 0.675 0.736 0.772 0.743 0.691 0.65 0.631 0.616 0.559 0.466 0.408 0.401 0.433 0.55 0.63 0.646 0.609 0.603 0.612 0.626 0.68 0.693 0.649 0.61 0.553 0.43 0.382 0.444 0.57 0.642 0.652 0.672 0.723 0.772 0.845 0.872 0.871 0.87 0.874 0.874 0.874 0.857 0.854 0.851 0.822 0.683 0.449 0.274 0.261 0.415 -9 -9 -9
0.302 0.405 0.482 0.458 0.494 0.569 0.628 0.63 0.636 0.669 0.619 0.606 0.638 0.648 0.654 0.692 0.716 0.717 0.716 0.728 0.737 0.726 0.731 0.746 0.745 0.692 0.68 0.644 0.603 0.607 0.577 0.464 0.383 0.321 0.265 0.317 0.468 0.61 0.613 0.483 0.523 0.553 0.591 0.648 0.555 0.437 0.388 0.293 0.213 0.28 0.389 0.414 0.417 0.411 0.39 0.454 0.547 0.688 0.786 0.859 0.869 0.874 0.874 0.871 0.858 0.854 0.852 0.834 0.747 0.588 0.474 0.453 0.379 -9 -9 -9
0.385 0.318 0.511 0.459 0.521 0.559 0.546 0.578 0.626 0.637 0.553 0.584 0.603 0.648 0.662 0.705 0.685 0.664 0.67 0.692 0.724 0.736 0.739 0.706 0.643 0.616 0.627 0.627 0.621 0.595 0.533 0.441 0.357 0.328 0.297 0.4 0.477 0.573 0.54 0.404 0.509 0.514 0.569 0.553 0.384 0.277 0.247 0.182 0.136 0.172 0.282 0.305 0.281 0.319 0.229 0.268 0.455 0.611 0.769 0.864 0.869 0.871 0.869 0.862 0.854 0.854 0.85 0.834 0.627 0.458 0.372 0.292 0.148 -9 -9 -9
0.453 0.379 0.509 0.378 0.433 0.493 0.509 0.54 0.617 0.608 0.553 0.561 0.55 0.602 0.611 0.671 0.652 0.625 0.615 0.573 0.661 0.697 0.697 0.662 0.602 0.604 0.601 0.61 0.624 0.581 0.522 0.449 0.344 0.346 0.268 0.397 0.492 0.588 0.5 0.47 0.518 0.481 0.466 0.519 0.414 0.366 0.22 0.106 0.032 0.083 0.188 0.22 0.189 0.286 0.261 0.376 0.616 0.781 0.849 0.868 0.867 0.869 0.869 0.858 0.854 0.854 0.84 0.815 0.57 0.236 0.055 -0.029 -0.083 -9 -9 -9
0.504 0.473 0.463 0.362 0.357 0.418 0.519 0.545 0.594 0.542 0.486 0.461 0.455 0.533 0.534 0.622 0.651 0.619 0.6 0.591 0.632 0.639 0.631 0.656 0.63 0.594 0.576 0.588 0.599 0.542 0.487 0.457 0.392 0.363 0.415 0.499 0.564 0.562 0.467 0.474 0.405 0.333 0.323 0.383 0.347 0.372 0.206 0.119 0.048 0.025 0.049 0.143 0.202 0.329 0.413 0.527 0.736 0.855 0.869 0.868 0.864 0.869 0.864 0.854 0.852 0.833 0.829 0.792 0.487 0.108 -0.132 -0.219 -0.116 -9 -9 -9
0.456 0.397 0.364 0.333 0.34 0.398 0.465 0.499 0.541 0.474 0.436 0.4 0.439 0.489 0.495 0.572 0.643 0.557 0.513 0.515 0.53 0.563 0.566 0.592 0.592 0.608 0.559 0.571 0.574 0.55 0.525 0.482 0.44 0.432 0.539 0.575 0.57 0.474 0.428 0.362 0.279 0.228 0.172 0.165 0.207 0.331 0.26 0.175 0.076 0.026 -0.027 0.019 0.099 0.202 0.368 0.508 0.678 0.801 0.864 0.864 0.864 0.864 0.859 0.854 0.838 0.827 0.81 0.751 0.501 0.169 -0.057 -0.31 -0.289 -9 -9 -9
0.477 0.41 0.393 0.313 0.307 0.368 0.37 0.447 0.5 0.401 0.389 0.357 0.407 0.425 0.458 0.562 0.621 0.517 0.41 0.389 0.367 0.448 0.479 0.546 0.556 0.584 0.585 0.573 0.56 0.539 0.532 0.504 0.501 0.53 0.553 0.575 0.503 0.388 0.337 0.266 0.198 0.157 0.103 0.103 0.145 0.195 0.215 0.198 0.122 -0.004 0.039 0.14 0.238 0.411 0.622 0.779 0.856 0.863 0.864 0.864 0.866 0.864 0.86 0.854 0.841 0.826 0.809 0.712 0.589 0.385 0.126 -0.222 -0.35 -0.089 -9 -9
0.508 0.407 0.431 0.379 0.331 0.316 0.337 0.398 0.433 0.356 0.3 0.311 0.347 0.38 0.401 0.572 0.612 0.519 0.499 0.485 0.455 0.416 0.433 0.404 0.444 0.495 0.5 0.526 0.514 0.452 0.456 0.407 0.454 0.49 0.48 0.509 0.464 0.356 0.282 0.192 0.152 0.175 0.161 0.11 0.037 0.037 0.08 0.03 0.019 0.059 0.194 0.407 0.57 0.727 0.84 0.864 0.864 0.864 0.864 0.864 0.864 0.864 0.86 0.854 0.849 0.825 0.768 0.529 0.53 0.516 0.31 -0.045 -0.276 -0.269 -9 -9
0.446 0.367 0.355 0.332 0.336 0.325 0.304 0.375 0.362 0.309 0.319 0.363 0.399 0.45 0.475 0.531 0.624 0.541 0.414 0.369 0.308 0.325 0.322 0.279 0.338 0.399 0.388 0.437 0.458 0.376 0.399 0.374 0.354 0.36 0.371 0.447 0.417 0.414 0.319 0.261 0.244 0.211 0.123 0.042 -0.002 -0.018 -0.067 -0.127 0.012 0.276 0.461 0.64 0.789 0.845 0.863 0.863 0.864 0.864 0.864 0.864 0.864 0.862 0.86 0.857 0.822 0.652 0.419 0.119 0.194 0.498 0.344 0.052 -0.207 -0.371 -9 -9
0.482 0.375 0.334 0.283 0.236 0.266 0.259 0.241 0.305 0.228 0.255 0.264 0.3 0.395 0.442 0.538 0.602 0.585 0.521 0.453 0.378 0.388 0.324 0.263 0.267 0.31 0.353 0.405 0.348 0.273 0.337 0.381 0.313 0.254 0.306 0.409 0.351 0.441 0.376 0.309 0.299 0.24 0.141 0.116 0.084 -0.121 -0.187 -0.132 0.096 0.31 0.551 0.763 0.822 0.844 0.858 0.861 0.863 0.863 0.864 0.864 0.864 0.859 0.857 0.827 0.657 0.295 -0.086 -0.166 0.021 0.313 0.206 -0.085 -0.291 -0.362 -9 -9
0.487 0.318 0.249 0.26 0.242 0.21 0.12 0.149 0.264 0.297 0.326 0.369 0.404 0.418 0.461 0.524 0.603 0.529 0.473 0.516 0.481 0.398 0.365 0.316 0.253 0.274 0.298 0.349 0.222 0.232 0.315 0.302 0.285 0.249 0.345 0.384 0.323 0.405 0.393 0.22 0.172 0.211 0.237 0.171 0.001 -0.051 0.002 -0.1 0.045 0.349 0.606 0.784 0.83 0.847 0.858 0.859 0.858 0.857 0.862 0.864 0.862 0.858 0.843 0.714 0.426 0.02 -0.324 -0.24 -0.081 0.141 0.085 -0.135 -0.378 -0.541 -9 -9
0.462 0.454 0.373 0.381 0.297 0.239 0.058 0.131 0.185 0.309 0.329 0.391 0.357 0.393 0.397 0.474 0.588 0.468 0.359 0.409 0.496 0.433 0.39 0.326 0.277 0.248 0.196 0.317 0.2 0.213 0.277 0.206 0.263 0.331 0.346 0.314 0.313 0.393 0.394 0.225 0.167 0.058 0.03 0.085 0.111 0.11 0.063 0.042 0.171 0.421 0.681 0.816 0.836 0.848 0.856 0.858 0.856 0.848 0.859 0.86 0.856 0.856 0.802 0.566 0.228 -0.206 -0.451 -0.256 -0.017 0.063 -0.092 -0.296 -0.693 -9 -9 -9
0.381 0.408 0.386 0.399 0.392 0.321 0.168 0.199 0.143 0.159 0.233 0.327 0.224 0.318 0.374 0.466 0.567 0.481 0.32 0.323 0.5 0.369 0.343 0.306 0.292 0.16 0.134 0.239 0.224 0.165 0.185 0.207 0.286 0.336 0.268 0.151 0.126 0.291 0.389 0.358 0.251 0.187 0.056 0.066 0.156 0.109 0.017 -0.018 0.143 0.398 0.659 0.81 0.832 0.84 0.852 0.854 0.849 0.848 0.858 0.854 0.844 0.792 0.501 0.177 -0.079 -0.407 -0.273 -0.035 -0.031 -0.103 -0.296 -0.633 -0.827 -9 -9 -9
0.382 0.273 0.227 0.277 0.245 0.356 0.292 0.223 0.163 0.1 0.197 0.271 0.124 0.268 0.356 0.449 0.547 0.5 0.325 0.301 0.489 0.361 0.277 0.153 0.178 0.112 0.081 0.125 0.093 0.068 0.163 0.215 0.274 0.297 0.168 0.047 -0.105 -0.014 0.119 0.28 0.363 0.254 0.149 0.133 0.062 -0.001 -0.083 0 0.259 0.485 0.688 0.797 0.823 0.837 0.845 0.843 0.812 0.776 0.841 0.833 0.77 0.604 0.199 -0.003 -0.358 -0.566 -0.241 -0.029 -0.261 -0.397 -0.42 -0.628 -0.641 -9 -9 -9
0.327 0.256 0.17 0.132 0.162 0.315 0.3 0.223 0.092 0.081 0.224 0.125 0.097 0.245 0.363 0.437 0.51 0.491 0.287 0.243 0.45 0.322 0.174 0.057 0.074 0.2 0.139 0.076 0.137 0.157 0.153 0.154 0.227 0.248 0.077 -0.105 -0.09 0.028 0.082 0.157 0.307 0.345 0.277 0.178 0.124 0.124 0.091 0.147 0.303 0.501 0.685 0.781 0.791 0.836 0.839 0.837 0.816 0.776 0.828 0.776 0.621 0.376 0.094 -0.194 -0.484 -0.628 -0.449 -0.163 -0.391 -0.76 -0.682 -0.584 -0.369 -9 -9 -9
0.353 0.223 0.197 0.089 0.211 0.248 0.222 0.117 0.07 -0.043 0.075 0.077 0.193 0.257 0.269 0.347 0.462 0.488 0.295 0.151 0.35 0.404 0.35 0.277 0.257 0.196 0.15 0.211 0.209 0.104 -0.019 0.006 0.162 0.232 0.093 0.021 0.086 0.144 0.16 0.161 0.169 0.268 0.308 0.272 0.201 0.078 -0.012 -0.055 0.06 0.322 0.508 0.659 0.743 0.839 0.839 0.839 0.839 0.825 0.81 0.671 0.541 0.339 0.109 -0.061 -0.373 -0.541 -0.493 -0.324 -0.426 -0.782 -0.56 -0.484 -9 -9 -9 -9
0.31 0.256 0.104 0.125 0.259 0.19 0.117 0.133 -0.006 -0.133 -0.021 0.154 0.266 0.149 0.128 0.291 0.376 0.517 0.274 0.067 0.142 0.315 0.391 0.34 0.329 0.266 0.27 0.238 0.098 -0.087 -0.05 0.028 0.199 0.215 0.135 0.138 0.157 0.019 0.005 0.027 -0.063 0.014 0.184 0.272 0.16 -0.03 -0.23 -0.341 -0.142 0.091 0.341 0.515 0.738 0.832 0.839 0.835 0.832 0.824 0.748 0.695 0.613 0.414 0.236 -0.015 -0.154 -0.061 -0.226 -0.44 -0.473 -0.829 -0.595 -9 -9 -9 -9 -9
0.305 0.219 0.027 0.164 0.285 0.142 -0.027 0.068 0.056 -0.135 -0.105 0.105 0.119 -0.031 0.114 0.253 0.394 0.485 0.229 0.063 0.111 0.199 0.261 0.309 0.349 0.305 0.187 0.059 -0.054 -0.083 0.026 0.193 0.203 0.056 -0.082 -0.01 0.024 -0.138 -0.203 -0.139 -0.202 -0.114 0.072 0.224 0.167 0.036 -0.167 -0.331 -0.344 -0.222 0.218 0.468 0.751 0.814 0.833 0.834 0.826 0.819 0.801 0.777 0.708 0.473 0.181 0.284 0.215 0.133 -0.05 -0.27 -0.476 -0.895 -1.034 -9 -9 -9 -9 -9
0.387 0.242 0.034 0.175 0.332 0.181 -0.08 0.037 -0.006 -0.044 -0.061 -0.078 -0.069 -0.113 0.053 0.166 0.292 0.53 0.348 0.216 0.119 0.097 0.23 0.24 0.198 0.258 0.083 0.06 0.014 -0.109 -0.028 0.232 0.098 -0.092 -0.157 -0.134 -0.264 -0.289 -0.324 -0.186 -0.138 -0.003 0.03 0.134 0.13 0.093 -0.094 -0.358 -0.578 -0.278 0.259 0.682 0.813 0.809 0.829 0.829 0.824 0.814 0.804 0.781 0.704 0.579 0.437 0.218 -0.127 -0.275 -0.104 -0.137 -0.469 -0.885 -9 -9 -9 -9 -9 -9
0.451 0.256 -0.004 0.176 0.367 0.268 0.034 0.056 -0.156 -0.1 0.052 -0.1 -0.211 -0.082 0.082 0.221 0.354 0.524 0.439 0.295 0.211 0.172 0.123 0.086 0.157 0.24 0.101 0.025 -0.102 -0.203 -0.099 0.198 0.018 -0.228 -0.288 -0.41 -0.503 -0.355 -0.213 -0.073 -0.096 -0.227 -0.252 0.122 -0.045 -0.019 -0.146 -0.559 -0.572 0.061 0.534 0.796 0.824 0.809 0.824 0.824 0.824 0.814 0.787 0.775 0.743 0.622 0.38 0.14 -0.101 -0.334 -0.361 -0.355 -0.675 -9 -9 -9 -9 -9 -9 -9
0.519 0.296 0.102 0.189 0.402 0.342 0.18 -0.038 -0.1 0.137 0.199 0.089 -0.178 -0.139 -0.108 0.041 0.197 0.445 0.515 0.366 0.17 0.012 -0.07 -0.034 0.04 0.175 -0.015 -0.108 -0.202 -0.292 -0.252 0.035 -0.044 -0.365 -0.424 -0.482 -0.392 -0.254 -0.19 -0.229 -0.553 -0.626 -0.237 -0.059 -0.558 -0.495 -0.334 -0.57 -0.329 0.368 0.756 0.813 0.809 0.809 0.804 0.823 0.82 0.804 0.796 0.775 0.725 0.564 0.276 -0.031 -0.183 -0.322 -0.452 -9 -9 -9 -9 -9 -9 -9 -9 -9
0.59 0.435 0.336 0.347 0.489 0.353 0.156 0.004 0.103 0.301 0.188 -0.068 -0.156 0.091 0.126 0.171 0.327 0.366 0.473 0.464 0.25 0.025 -0.093 -0.091 -0.062 0.088 0.033 -0.068 -0.217 -0.392 -0.392 -0.257 -0.099 -0.198 -0.259 -0.375 -0.391 -0.417 -0.53 -0.744 -0.713 -0.411 -0.332 -0.556 -0.61 -0.419 -0.554 -0.353 0.291 0.702 0.803 0.809 0.809 0.804 0.801 0.804 0.816 0.804 0.797 0.759 0.646 0.519 0.317 0.172 0.003 -0.152 -0.212 -9 -9 -9 -9 -9 -9 -9 -9 -9
0.646 0.583 0.518 0.503 0.527 0.442 0.363 0.185 0.243 0.341 0.089 0.094 0.158 0.182 0.248 0.308 0.242 0.125 0.34 0.514 0.406 0.205 0.064 -0.026 -0.031 -0.036 -0.204 -0.139 -0.177 -0.252 -0.26 -0.421 -0.295 -0.135 -0.276 -0.379 -0.566 -0.963 -1.181 -0.891 -0.477 -0.79 -0.881 -0.585 -0.528 -0.717 -0.4 0.167 0.643 0.787 0.813 0.812 0.817 0.805 0.795 0.803 0.776 0.792 0.737 0.668 0.662 0.407 0.195 0.144 0.138 0.09 -9 -9 -9 -9 -9 -9 -9 -9 -9 -9
0.683 0.617 0.516 0.394 0.415 0.509 0.512 0.415 0.427 0.378 0.281 0.289 0.19 0.257 0.279 0.194 0 -0.104 0.104 0.376 0.473 0.411 0.279 0.161 0.047 -0.122 -0.32 -0.342 -0.274 -0.266 -0.281 -0.392 -0.374 -0.261 -0.374 -0.559 -1.056 -1.46 -1.236 -0.935 -0.78 -1.12 -0.828 -0.662 -0.836 -0.349 0.255 0.655 0.772 0.805 0.809 0.814 0.818 0.789 0.751 0.799 0.687 0.742 0.586 0.606 0.685 0.325 0.062 -0.115 -0.24 -9 -9 -9 -9 -9 -9 -9 -9 -9 -9 -9
0.727 0.662 0.576 0.555 0.57 0.576 0.565 0.533 0.519 0.519 0.473 0.392 0.341 0.304 0.152 -0.009 -0.167 -0.219 -0.028 0.152 0.332 0.383 0.371 0.335 0.208 -0.035 -0.182 -0.123 -0.068 -0.08 -0.121 -0.208 -0.211 -0.29 -0.534 -1.122 -1.375 -1.581 -1.266 -1.161 -1.128 -0.933 -1.071 -0.718 -0.242 0.325 0.692 0.791 0.782 0.801 0.808 0.811 0.783 0.664 0.684 0.777 0.701 0.682 0.576 0.652 0.635 0.393 0.231 -0.016 -0.421 -9 -9 -9 -9 -9 -9 -9 -9 -9 -9 -9
0.748 0.722 0.706 0.662 0.649 0.641 0.658 0.662 0.629 0.594 0.571 0.529 0.47 0.334 0.089 -0.051 -0.169 -0.235 -0.146 -0.038 0.146 0.171 0.13 0.266 0.331 0.201 0.106 0.095 -0.033 -0.086 -0.153 -0.129 -0.239 -0.336 -0.86 -1.142 -0.908 -1.037 -1.49 -1.462 -1.274 -1.331 -0.963 -0.194 0.31 0.608 0.782 0.8 0.8 0.803 0.788 0.756 0.658 0.616 0.758 0.736 0.703 0.685 0.675 0.666 0.634 0.618 0.517 0.273 -9 -9 -9 -9 -9 -9 -9 -9 -9 -9 -9 -9
