data/climatemaps/RS_maps/climate_breeding_tmp_2012.asc
NCOLS 369 
NROWS 228 
XLLCORNER 479000 
YLLCORNER 73000 
CELLSIZE 1000 
NODATA_value -9 
[rows 34 to 67 of 228, columns 228 to 303 of 369]
0.845 0.833 0.894 0.894 0.841 0.784 0.778 0.753 0.726 0.705 0.723 0.801 0.837 0.828 0.844 0.874 0.86 0.862 0.897 0.915 0.9 0.951 0.965 0.958 0.949 0.934 0.904 0.87 0.859 0.838 0.875 0.902 0.915 0.935 0.946 0.977 0.997 1.01 1.019 1.031 1.045 1.064 1.068 1.068 1.068 1.068 1.068 1.069 1.073 1.073 1.073 1.073 1.073 1.073 1.073 1.07 1.073 1.071 1.068 1.068 1.067 1.063 1.065 1.064 1.063 1.063 1.05 0.927 0.613 0.327 -9 -9 -9 -9 -9 -9
0.794 0.791 0.816 0.871 0.881 0.846 0.828 0.739 0.682 0.75 0.843 0.888 0.886 0.865 0.864 0.845 0.814 0.817 0.815 0.879 0.886 0.914 0.931 0.957 0.961 0.932 0.857 0.837 0.827 0.834 0.861 0.871 0.872 0.895 0.913 0.937 0.964 0.979 0.988 1.006 1.024 1.045 1.059 1.068 1.068 1.068 1.068 1.068 1.073 1.073 1.073 1.073 1.073 1.073 1.073 1.068 1.072 1.073 1.068 1.068 1.068 1.065 1.065 1.068 1.066 1.063 1.063 0.903 0.532 0.276 -9 -9 -9 -9 -9 -9
0.778 0.77 0.793 0.855 0.909 0.906 0.892 0.871 0.851 0.889 0.908 0.893 0.861 0.85 0.804 0.757 0.751 0.768 0.792 0.81 0.819 0.848 0.866 0.851 0.873 0.929 0.856 0.822 0.825 0.866 0.881 0.879 0.871 0.882 0.901 0.92 0.948 0.969 0.985 1.002 1.022 1.038 1.049 1.065 1.068 1.068 1.068 1.07 1.073 1.073 1.073 1.073 1.073 1.073 1.073 1.078 1.078 1.076 1.068 1.069 1.067 1.067 1.065 1.066 1.065 1.062 1.059 0.939 0.502 0.288 0.451 -9 -9 -9 -9 -9
0.719 0.701 0.793 0.851 0.888 0.897 0.884 0.892 0.898 0.885 0.864 0.842 0.83 0.78 0.732 0.699 0.647 0.63 0.693 0.745 0.754 0.763 0.775 0.806 0.809 0.862 0.896 0.822 0.837 0.89 0.898 0.891 0.88 0.874 0.877 0.883 0.909 0.928 0.962 0.992 1.024 1.045 1.059 1.063 1.068 1.068 1.072 1.073 1.073 1.073 1.073 1.073 1.073 1.073 1.073 1.078 1.078 1.076 1.069 1.073 1.067 1.066 1.063 1.057 1.053 1.054 1.031 0.908 0.508 0.427 0.67 0.702 -9 -9 -9 -9
0.718 0.758 0.826 0.833 0.849 0.873 0.896 0.884 0.838 0.825 0.831 0.838 0.787 0.726 0.655 0.631 0.619 0.566 0.655 0.7 0.683 0.698 0.714 0.775 0.79 0.814 0.9 0.871 0.909 0.902 0.871 0.87 0.886 0.88 0.869 0.855 0.862 0.862 0.892 0.927 0.971 1.016 1.045 1.051 1.064 1.065 1.072 1.073 1.073 1.073 1.073 1.073 1.073 1.073 1.072 1.078 1.078 1.073 1.073 1.072 1.063 1.063 1.062 1.056 1.048 1.039 1.003 0.829 0.658 0.687 0.834 0.83 -9 -9 -9 -9
0.814 0.822 0.824 0.809 0.785 0.868 0.884 0.88 0.859 0.847 0.834 0.819 0.786 0.667 0.666 0.618 0.57 0.638 0.722 0.643 0.649 0.671 0.698 0.782 0.787 0.797 0.886 0.924 0.88 0.834 0.813 0.809 0.841 0.834 0.846 0.838 0.821 0.815 0.823 0.848 0.89 0.947 0.97 1 1.033 1.051 1.067 1.073 1.073 1.072 1.07 1.07 1.071 1.07 1.066 1.074 1.073 1.073 1.071 1.067 1.063 1.063 1.063 1.061 1.05 1.039 1.019 0.935 0.881 0.855 0.826 0.663 -9 -9 -9 -9
0.776 0.731 0.747 0.799 0.784 0.75 0.787 0.829 0.854 0.857 0.864 0.834 0.814 0.723 0.665 0.661 0.662 0.703 0.741 0.681 0.726 0.74 0.768 0.81 0.798 0.807 0.895 0.897 0.811 0.808 0.795 0.787 0.8 0.785 0.8 0.818 0.845 0.818 0.793 0.806 0.837 0.883 0.904 0.935 0.982 1.023 1.04 1.058 1.052 1.033 1.002 1.009 1.038 1.043 1.068 1.072 1.066 1.069 1.064 1.063 1.063 1.063 1.063 1.063 1.052 1.048 1.04 0.992 0.853 0.697 0.58 0.419 -9 -9 -9 -9
0.665 0.726 0.736 0.776 0.777 0.711 0.677 0.745 0.801 0.841 0.854 0.854 0.818 0.734 0.673 0.711 0.7 0.746 0.808 0.793 0.825 0.826 0.812 0.793 0.808 0.874 0.906 0.88 0.819 0.805 0.787 0.767 0.752 0.702 0.708 0.746 0.784 0.816 0.804 0.79 0.807 0.843 0.857 0.899 0.934 0.954 0.956 0.96 0.903 0.829 0.783 0.843 0.96 0.991 1.03 1.049 1.058 1.061 1.06 1.063 1.063 1.063 1.063 1.063 1.055 1.049 1.048 0.968 0.783 0.609 0.464 0.369 0.517 -9 -9 -9
0.58 0.639 0.69 0.63 0.724 0.723 0.671 0.72 0.741 0.809 0.829 0.813 0.805 0.77 0.753 0.749 0.765 0.834 0.863 0.856 0.846 0.815 0.812 0.81 0.879 0.914 0.884 0.839 0.798 0.781 0.765 0.71 0.617 0.566 0.562 0.589 0.708 0.789 0.81 0.773 0.768 0.777 0.797 0.851 0.865 0.829 0.789 0.733 0.615 0.563 0.627 0.757 0.826 0.84 0.859 0.908 0.961 1.031 1.057 1.063 1.063 1.063 1.063 1.061 1.057 1.052 1.044 1.022 0.884 0.663 0.493 0.477 0.63 -9 -9 -9
0.442 0.539 0.621 0.593 0.632 0.704 0.766 0.764 0.776 0.804 0.761 0.746 0.775 0.786 0.796 0.833 0.855 0.855 0.86 0.87 0.876 0.864 0.871 0.888 0.89 0.836 0.825 0.79 0.749 0.756 0.723 0.622 0.535 0.477 0.425 0.486 0.628 0.779 0.774 0.655 0.697 0.723 0.761 0.819 0.729 0.618 0.571 0.474 0.401 0.467 0.575 0.604 0.604 0.602 0.58 0.644 0.742 0.881 0.975 1.053 1.06 1.063 1.063 1.06 1.058 1.057 1.051 1.038 0.947 0.797 0.686 0.668 0.59 -9 -9 -9
0.521 0.451 0.653 0.594 0.659 0.697 0.685 0.716 0.766 0.774 0.7 0.725 0.74 0.783 0.804 0.844 0.824 0.806 0.813 0.836 0.867 0.878 0.884 0.854 0.788 0.762 0.777 0.776 0.766 0.745 0.687 0.593 0.513 0.488 0.457 0.56 0.64 0.74 0.703 0.573 0.675 0.687 0.741 0.729 0.563 0.46 0.432 0.368 0.327 0.362 0.473 0.5 0.471 0.516 0.42 0.461 0.65 0.806 0.959 1.052 1.058 1.059 1.059 1.059 1.058 1.054 1.047 1.03 0.837 0.665 0.587 0.512 0.365 -9 -9 -9
0.587 0.515 0.65 0.513 0.575 0.633 0.649 0.68 0.757 0.752 0.698 0.7 0.69 0.74 0.757 0.816 0.8 0.769 0.755 0.724 0.805 0.841 0.842 0.811 0.751 0.75 0.75 0.755 0.773 0.733 0.677 0.607 0.5 0.509 0.432 0.557 0.655 0.754 0.668 0.638 0.689 0.652 0.643 0.699 0.595 0.55 0.41 0.301 0.223 0.273 0.379 0.413 0.382 0.482 0.454 0.569 0.809 0.976 1.039 1.057 1.057 1.058 1.058 1.058 1.052 1.045 1.042 1.015 0.775 0.451 0.27 0.191 0.14 -9 -9 -9
0.637 0.609 0.603 0.497 0.499 0.56 0.658 0.684 0.737 0.687 0.633 0.604 0.603 0.673 0.682 0.763 0.796 0.762 0.744 0.741 0.78 0.786 0.781 0.806 0.778 0.748 0.728 0.733 0.748 0.699 0.646 0.608 0.552 0.524 0.578 0.659 0.726 0.729 0.635 0.642 0.581 0.51 0.502 0.561 0.528 0.561 0.396 0.311 0.241 0.218 0.244 0.337 0.397 0.524 0.608 0.721 0.929 1.046 1.06 1.058 1.057 1.058 1.058 1.056 1.038 1.037 1.028 0.992 0.692 0.319 0.085 0.004 0.104 -9 -9 -9
0.594 0.537 0.505 0.474 0.483 0.543 0.606 0.641 0.685 0.622 0.58 0.549 0.59 0.637 0.648 0.719 0.786 0.702 0.658 0.663 0.684 0.712 0.715 0.742 0.737 0.758 0.714 0.725 0.729 0.703 0.676 0.643 0.601 0.595 0.702 0.737 0.736 0.645 0.6 0.538 0.457 0.409 0.354 0.345 0.389 0.513 0.45 0.368 0.269 0.223 0.165 0.213 0.298 0.4 0.56 0.704 0.871 0.99 1.054 1.053 1.057 1.058 1.058 1.049 1.038 1.026 1.009 0.949 0.71 0.383 0.156 -0.092 -0.066 -9 -9 -9
0.615 0.548 0.534 0.451 0.449 0.512 0.513 0.59 0.644 0.549 0.541 0.506 0.557 0.571 0.605 0.717 0.772 0.669 0.563 0.54 0.517 0.598 0.63 0.696 0.709 0.739 0.742 0.725 0.719 0.694 0.688 0.662 0.664 0.694 0.717 0.742 0.668 0.558 0.511 0.443 0.375 0.339 0.288 0.289 0.33 0.379 0.405 0.392 0.314 0.189 0.233 0.333 0.433 0.604 0.816 0.971 1.045 1.057 1.053 1.058 1.059 1.061 1.058 1.05 1.036 1.023 1.008 0.909 0.791 0.594 0.339 -0.002 -0.124 0.131 -9 -9
0.647 0.55 0.571 0.518 0.477 0.464 0.479 0.545 0.585 0.501 0.451 0.457 0.5 0.526 0.553 0.726 0.76 0.673 0.649 0.632 0.61 0.57 0.593 0.558 0.602 0.65 0.651 0.681 0.667 0.614 0.617 0.568 0.616 0.655 0.645 0.674 0.633 0.531 0.455 0.368 0.331 0.358 0.349 0.298 0.226 0.229 0.266 0.228 0.215 0.253 0.392 0.598 0.76 0.915 1.025 1.055 1.058 1.058 1.058 1.053 1.06 1.053 1.054 1.052 1.044 1.022 0.97 0.732 0.736 0.722 0.523 0.172 -0.055 -0.048 -9 -9
0.587 0.511 0.499 0.479 0.484 0.47 0.451 0.524 0.516 0.461 0.464 0.518 0.55 0.601 0.628 0.681 0.776 0.692 0.569 0.525 0.462 0.478 0.482 0.439 0.498 0.557 0.543 0.594 0.615 0.538 0.564 0.538 0.518 0.526 0.537 0.619 0.59 0.583 0.49 0.436 0.426 0.397 0.308 0.231 0.191 0.177 0.13 0.069 0.207 0.466 0.654 0.835 0.98 1.034 1.048 1.056 1.058 1.058 1.058 1.055 1.058 1.049 1.053 1.053 1.019 0.851 0.625 0.329 0.406 0.708 0.554 0.268 0.009 -0.148 -9 -9
0.618 0.52 0.479 0.429 0.383 0.419 0.407 0.392 0.456 0.38 0.405 0.416 0.455 0.55 0.59 0.693 0.76 0.74 0.676 0.609 0.529 0.543 0.483 0.422 0.424 0.475 0.511 0.562 0.509 0.436 0.501 0.546 0.478 0.419 0.474 0.586 0.519 0.609 0.551 0.49 0.481 0.425 0.326 0.306 0.271 0.074 0.008 0.066 0.29 0.51 0.744 0.956 1.009 1.034 1.048 1.053 1.057 1.056 1.056 1.057 1.055 1.049 1.051 1.024 0.857 0.498 0.119 0.047 0.236 0.525 0.418 0.138 -0.076 -0.138 -9 -9
0.631 0.463 0.395 0.413 0.39 0.36 0.27 0.3 0.419 0.452 0.481 0.524 0.559 0.577 0.616 0.68 0.759 0.683 0.63 0.671 0.64 0.554 0.525 0.478 0.411 0.435 0.46 0.511 0.387 0.398 0.479 0.471 0.45 0.415 0.515 0.555 0.495 0.582 0.565 0.401 0.352 0.394 0.421 0.356 0.194 0.142 0.189 0.099 0.242 0.54 0.805 0.971 1.024 1.037 1.048 1.048 1.052 1.049 1.049 1.053 1.053 1.05 1.039 0.917 0.627 0.224 -0.116 -0.03 0.128 0.353 0.299 0.078 -0.158 -0.313 -9 -9
0.603 0.604 0.518 0.534 0.444 0.394 0.216 0.281 0.34 0.466 0.484 0.548 0.513 0.552 0.552 0.632 0.744 0.622 0.519 0.568 0.661 0.591 0.55 0.488 0.439 0.414 0.361 0.478 0.364 0.377 0.441 0.373 0.431 0.5 0.512 0.483 0.483 0.566 0.57 0.409 0.347 0.24 0.219 0.271 0.295 0.303 0.266 0.241 0.367 0.621 0.875 1.01 1.031 1.039 1.046 1.048 1.046 1.046 1.049 1.053 1.053 1.053 0.998 0.77 0.427 0.002 -0.237 -0.043 0.188 0.276 0.124 -0.081 -0.469 -9 -9 -9
0.526 0.558 0.531 0.549 0.542 0.472 0.324 0.355 0.302 0.314 0.388 0.487 0.38 0.475 0.53 0.623 0.727 0.639 0.481 0.486 0.662 0.531 0.506 0.468 0.456 0.326 0.302 0.4 0.388 0.333 0.353 0.376 0.459 0.506 0.437 0.325 0.304 0.462 0.567 0.543 0.437 0.374 0.247 0.257 0.342 0.3 0.212 0.184 0.341 0.596 0.85 1.006 1.023 1.037 1.042 1.044 1.041 1.044 1.049 1.053 1.044 0.992 0.701 0.385 0.123 -0.197 -0.065 0.174 0.178 0.107 -0.081 -0.415 -0.602 -9 -9 -9
0.527 0.422 0.37 0.423 0.401 0.508 0.447 0.377 0.321 0.258 0.354 0.427 0.285 0.429 0.515 0.61 0.708 0.657 0.487 0.465 0.649 0.525 0.445 0.317 0.346 0.277 0.25 0.29 0.259 0.238 0.335 0.386 0.449 0.468 0.342 0.224 0.077 0.168 0.308 0.464 0.548 0.439 0.337 0.328 0.253 0.196 0.109 0.197 0.459 0.68 0.886 0.997 1.016 1.033 1.04 1.037 1.009 0.974 1.037 1.032 0.969 0.804 0.405 0.2 -0.147 -0.359 -0.035 0.18 -0.047 -0.182 -0.202 -0.411 -0.418 -9 -9 -9
0.477 0.408 0.323 0.286 0.314 0.463 0.455 0.376 0.249 0.239 0.384 0.288 0.261 0.407 0.526 0.603 0.67 0.651 0.449 0.408 0.607 0.489 0.34 0.222 0.244 0.367 0.309 0.248 0.304 0.331 0.319 0.329 0.402 0.422 0.257 0.074 0.091 0.218 0.268 0.343 0.494 0.531 0.467 0.371 0.317 0.322 0.29 0.348 0.5 0.698 0.884 0.976 0.987 1.034 1.038 1.035 1.013 0.974 1.031 0.976 0.818 0.576 0.296 0.014 -0.278 -0.42 -0.244 0.047 -0.177 -0.539 -0.471 -0.366 -0.15 -9 -9 -9
0.503 0.375 0.348 0.242 0.366 0.403 0.382 0.275 0.23 0.117 0.234 0.243 0.357 0.422 0.434 0.513 0.625 0.657 0.463 0.32 0.516 0.57 0.515 0.444 0.423 0.364 0.327 0.381 0.373 0.269 0.156 0.184 0.341 0.404 0.272 0.201 0.262 0.333 0.341 0.345 0.357 0.46 0.498 0.466 0.393 0.273 0.185 0.148 0.264 0.525 0.709 0.854 0.94 1.038 1.038 1.038 1.034 1.021 1.011 0.871 0.736 0.542 0.311 0.14 -0.163 -0.331 -0.284 -0.111 -0.208 -0.567 -0.347 -0.271 -9 -9 -9 -9
0.46 0.407 0.254 0.276 0.417 0.346 0.278 0.293 0.159 0.031 0.141 0.322 0.43 0.314 0.294 0.454 0.545 0.685 0.442 0.24 0.313 0.484 0.56 0.509 0.498 0.435 0.437 0.412 0.267 0.088 0.133 0.207 0.378 0.391 0.319 0.316 0.334 0.208 0.19 0.216 0.127 0.201 0.377 0.469 0.355 0.172 -0.031 -0.135 0.066 0.293 0.547 0.72 0.937 1.029 1.038 1.035 1.034 1.025 0.948 0.894 0.813 0.618 0.436 0.19 0.053 0.144 -0.018 -0.226 -0.254 -0.607 -0.384 -9 -9 -9 -9 -9
0.459 0.373 0.177 0.315 0.443 0.299 0.133 0.235 0.221 0.032 0.06 0.273 0.284 0.134 0.279 0.421 0.562 0.653 0.396 0.23 0.283 0.371 0.426 0.484 0.519 0.475 0.362 0.226 0.126 0.093 0.208 0.362 0.38 0.239 0.101 0.17 0.208 0.052 -0.019 0.057 -0.009 0.078 0.272 0.423 0.366 0.238 0.036 -0.126 -0.134 -0.015 0.419 0.671 0.953 1.016 1.034 1.033 1.033 1.018 1.001 0.979 0.908 0.673 0.391 0.486 0.42 0.337 0.156 -0.063 -0.258 -0.676 -0.815 -9 -9 -9 -9 -9
0.544 0.396 0.187 0.328 0.493 0.341 0.082 0.207 0.162 0.125 0.106 0.088 0.096 0.054 0.226 0.336 0.463 0.696 0.522 0.385 0.292 0.272 0.405 0.41 0.368 0.428 0.258 0.239 0.192 0.071 0.153 0.403 0.277 0.089 0.032 0.049 -0.071 -0.102 -0.13 0.005 0.057 0.189 0.227 0.332 0.33 0.294 0.111 -0.149 -0.365 -0.072 0.462 0.882 1.013 1.014 1.033 1.033 1.022 1.014 1.004 0.981 0.905 0.78 0.641 0.426 0.081 -0.068 0.11 0.075 -0.252 -0.67 -9 -9 -9 -9 -9 -9
0.603 0.412 0.154 0.334 0.526 0.428 0.2 0.222 0.014 0.069 0.219 0.07 -0.038 0.09 0.252 0.391 0.524 0.694 0.609 0.47 0.386 0.347 0.298 0.261 0.332 0.413 0.273 0.2 0.077 -0.02 0.083 0.373 0.2 -0.049 -0.103 -0.22 -0.311 -0.164 -0.018 0.12 0.098 -0.032 -0.053 0.322 0.155 0.186 0.063 -0.347 -0.361 0.265 0.742 0.994 1.025 1.01 1.024 1.028 1.02 1.016 0.992 0.977 0.948 0.825 0.585 0.345 0.103 -0.119 -0.146 -0.146 -0.459 -9 -9 -9 -9 -9 -9 -9
0.672 0.45 0.262 0.347 0.563 0.502 0.346 0.127 0.063 0.307 0.368 0.255 -0.004 0.031 0.071 0.221 0.371 0.615 0.687 0.54 0.344 0.184 0.111 0.141 0.217 0.352 0.164 0.073 -0.023 -0.112 -0.069 0.213 0.135 -0.181 -0.235 -0.29 -0.197 -0.06 0.003 -0.031 -0.355 -0.426 -0.035 0.141 -0.351 -0.283 -0.124 -0.356 -0.119 0.572 0.964 1.019 1.013 1.008 1.008 1.023 1.023 1.011 0.999 0.977 0.933 0.766 0.48 0.173 0.027 -0.106 -0.24 -9 -9 -9 -9 -9 -9 -9 -9 -9
0.742 0.585 0.495 0.508 0.649 0.517 0.322 0.177 0.272 0.47 0.356 0.103 0.019 0.266 0.297 0.344 0.502 0.542 0.649 0.639 0.423 0.21 0.085 0.087 0.122 0.265 0.211 0.112 -0.04 -0.212 -0.206 -0.075 0.082 -0.014 -0.07 -0.18 -0.199 -0.222 -0.33 -0.545 -0.509 -0.212 -0.128 -0.349 -0.406 -0.212 -0.341 -0.141 0.497 0.904 1.008 1.018 1.014 1.009 1.008 1.012 1.023 1.008 0.997 0.961 0.852 0.725 0.521 0.378 0.215 0.06 0.002 -9 -9 -9 -9 -9 -9 -9 -9 -9
0.798 0.737 0.677 0.661 0.687 0.607 0.53 0.351 0.413 0.511 0.264 0.264 0.332 0.356 0.428 0.485 0.413 0.306 0.517 0.692 0.581 0.388 0.241 0.155 0.15 0.143 -0.021 0.04 0.001 -0.074 -0.07 -0.236 -0.109 0.051 -0.086 -0.186 -0.373 -0.762 -0.976 -0.688 -0.271 -0.587 -0.672 -0.38 -0.315 -0.503 -0.185 0.381 0.853 0.997 1.018 1.022 1.025 1.011 1.003 1.003 0.99 0.999 0.939 0.87 0.871 0.617 0.399 0.352 0.346 0.303 -9 -9 -9 -9 -9 -9 -9 -9 -9 -9
0.839 0.773 0.68 0.556 0.58 0.677 0.677 0.587 0.596 0.548 0.456 0.464 0.369 0.433 0.463 0.378 0.17 0.072 0.285 0.559 0.651 0.591 0.46 0.341 0.228 0.061 -0.143 -0.162 -0.095 -0.08 -0.094 -0.206 -0.184 -0.071 -0.183 -0.361 -0.857 -1.256 -1.031 -0.73 -0.575 -0.911 -0.62 -0.456 -0.626 -0.139 0.462 0.863 0.977 1.012 1.018 1.025 1.028 0.998 0.956 1.002 0.898 0.949 0.792 0.812 0.896 0.535 0.271 0.096 -0.03 -9 -9 -9 -9 -9 -9 -9 -9 -9 -9 -9
0.879 0.817 0.731 0.718 0.735 0.741 0.735 0.702 0.686 0.689 0.645 0.569 0.518 0.481 0.336 0.174 0.003 -0.036 0.154 0.335 0.511 0.562 0.549 0.518 0.391 0.145 0.001 0.062 0.118 0.11 0.068 -0.02 -0.017 -0.1 -0.337 -0.923 -1.173 -1.379 -1.053 -0.956 -0.923 -0.727 -0.857 -0.504 -0.032 0.539 0.9 0.998 0.991 1.009 1.018 1.024 0.993 0.873 0.893 0.988 0.912 0.892 0.786 0.862 0.843 0.6 0.441 0.199 -0.207 -9 -9 -9 -9 -9 -9 -9 -9 -9 -9 -9
0.91 0.884 0.863 0.83 0.81 0.812 0.828 0.831 0.799 0.764 0.743 0.698 0.645 0.512 0.269 0.134 0.008 -0.05 0.035 0.148 0.329 0.353 0.311 0.454 0.515 0.386 0.292 0.277 0.153 0.101 0.037 0.063 -0.047 -0.147 -0.666 -0.95 -0.71 -0.835 -1.285 -1.255 -1.064 -1.125 -0.753 0.016 0.52 0.813 0.989 1.01 1.011 1.015 0.999 0.966 0.868 0.83 0.97 0.947 0.916 0.897 0.886 0.882 0.847 0.826 0.727 0.489 -9 -9 -9 -9 -9 -9 -9 -9 -9 -9 -9 -9
