data/climatemaps/RS_maps/climate_winter_pr_1999.asc
NCOLS 369 
NROWS 228 
XLLCORNER 479000 
YLLCORNER 73000 
CELLSIZE 1000 
NODATA_value -9 
[rows 102 to 135 of 228, columns 0 to 76 of 369]
-9 -9 -9 -9 -9 -9 -9 -9 -9 -9 -9 -9 -9 -9 -9 -9 -9 -9 -9 -9 -9 -9 -9 -9 -9 -9 -9 -9 -9 -9 -9 -9 1.779 1.78 1.783 1.748 1.678 1.607 1.567 1.582 1.656 1.762 1.855 1.922 1.959 1.985 1.996 1.988 1.962 1.915 1.852 1.771 1.686 1.606 1.536 1.47 1.396 1.309 1.198 1.082 0.976 0.877 0.818 0.812 0.864 0.942 1.01 1.061 1.071 1.015 0.877 0.68 0.48 0.305 0.187 0.108 0.056
-9 -9 -9 -9 -9 -9 -9 -9 -9 -9 -9 -9 -9 -9 -9 -9 -9 -9 -9 -9 -9 -9 -9 -9 -9 -9 -9 -9 -9 -9 -9 -9 1.787 1.758 1.721 1.654 1.572 1.497 1.465 1.496 1.583 1.699 1.822 1.921 1.982 2.003 1.998 1.967 1.916 1.839 1.747 1.647 1.546 1.451 1.362 1.277 1.184 1.078 0.963 0.863 0.807 0.79 0.81 0.879 0.967 1.065 1.144 1.173 1.118 0.987 0.802 0.6 0.412 0.257 0.154 0.086 0.046
-9 -9 -9 -9 -9 -9 -9 -9 -9 -9 -9 -9 -9 -9 -9 -9 -9 -9 -9 -9 -9 -9 -9 -9 -9 -9 -9 -9 -9 -9 -9 -9 1.757 1.698 1.627 1.545 1.458 1.386 1.365 1.409 1.51 1.652 1.802 1.922 1.987 1.998 1.976 1.925 1.844 1.741 1.634 1.517 1.395 1.274 1.166 1.074 0.959 0.849 0.773 0.745 0.762 0.815 0.889 0.991 1.105 1.204 1.253 1.221 1.084 0.894 0.684 0.487 0.321 0.197 0.117 0.068 0.037
-9 -9 -9 -9 -9 -9 -9 -9 -9 -9 -9 -9 -9 -9 -9 -9 -9 -9 -9 -9 -9 -9 -9 -9 -9 -9 -9 -9 -9 -9 -9 -9 1.702 1.619 1.529 1.439 1.352 1.291 1.28 1.339 1.465 1.622 1.784 1.901 1.956 1.96 1.925 1.862 1.782 1.678 1.562 1.429 1.289 1.143 1.011 0.913 0.802 0.729 0.707 0.743 0.805 0.896 1.01 1.132 1.241 1.314 1.303 1.194 1.002 0.776 0.551 0.365 0.226 0.14 0.085 0.05 0.026
-9 -9 -9 -9 -9 -9 -9 -9 -9 -9 -9 -9 -9 -9 -9 -9 -9 -9 -9 -9 -9 -9 -9 -9 -9 -9 -9 -9 -9 -9 -9 -9 -9 1.547 1.449 1.353 1.274 1.232 1.235 1.304 1.446 1.606 1.755 1.857 1.905 1.899 1.876 1.825 1.754 1.655 1.533 1.393 1.248 1.1 0.957 0.857 0.791 0.754 0.767 0.828 0.919 1.037 1.161 1.266 1.337 1.355 1.273 1.113 0.885 0.641 0.42 0.254 0.149 0.09 0.053 0.029 0.011
-9 -9 -9 -9 -9 -9 -9 -9 -9 -9 -9 -9 -9 -9 -9 -9 -9 -9 -9 -9 -9 -9 -9 -9 -9 -9 -9 -9 -9 -9 -9 -9 -9 1.507 1.407 1.314 1.247 1.215 1.227 1.301 1.441 1.591 1.723 1.812 1.852 1.86 1.842 1.79 1.717 1.621 1.508 1.382 1.246 1.118 1.022 0.947 0.898 0.875 0.9 0.97 1.071 1.186 1.288 1.355 1.375 1.327 1.192 0.997 0.753 0.508 0.305 0.165 0.086 0.045 0.022 0.006 -0.008
-9 -9 -9 -9 -9 -9 -9 -9 -9 -9 -9 -9 -9 -9 -9 -9 -9 -9 -9 -9 -9 -9 -9 -9 -9 -9 -9 -9 -9 -9 -9 -9 -9 1.52 1.42 1.331 1.268 1.236 1.246 1.307 1.439 1.575 1.693 1.78 1.829 1.833 1.8 1.735 1.655 1.563 1.469 1.373 1.306 1.236 1.179 1.121 1.071 1.046 1.064 1.124 1.206 1.291 1.356 1.381 1.352 1.255 1.083 0.867 0.623 0.39 0.213 0.098 0.036 0.008 -0.007 -0.019 -0.03
-9 -9 -9 -9 -9 -9 -9 -9 -9 -9 -9 -9 -9 -9 -9 -9 -9 -9 -9 -9 -9 -9 -9 -9 -9 -9 -9 -9 -9 -9 -9 -9 -9 1.565 1.468 1.379 1.31 1.273 1.28 1.321 1.432 1.564 1.688 1.776 1.817 1.804 1.753 1.671 1.58 1.493 1.42 1.396 1.395 1.388 1.362 1.315 1.26 1.22 1.212 1.238 1.283 1.325 1.346 1.33 1.262 1.132 0.946 0.732 0.5 0.293 0.143 0.048 -0.002 -0.024 -0.035 -0.044 -0.055
-9 -9 -9 -9 -9 -9 -9 -9 -9 -9 -9 -9 -9 -9 -9 -9 -9 -9 -9 -9 -9 -9 -9 -9 -9 -9 -9 -9 -9 -9 -9 -9 -9 1.603 1.504 1.413 1.343 1.306 1.312 1.357 1.467 1.585 1.697 1.774 1.802 1.774 1.705 1.608 1.508 1.432 1.399 1.426 1.474 1.513 1.508 1.459 1.387 1.319 1.276 1.261 1.262 1.258 1.239 1.187 1.092 0.953 0.775 0.581 0.379 0.207 0.084 0.006 -0.034 -0.05 -0.06 -0.068 -0.077
-9 -9 -9 -9 -9 -9 -9 -9 -9 -9 -9 -9 -9 -9 -9 -9 -9 -9 -9 -9 -9 -9 -9 -9 -9 -9 -9 -9 -9 -9 -9 -9 -9 1.61 1.505 1.413 1.344 1.32 1.354 1.413 1.512 1.618 1.711 1.773 1.786 1.742 1.657 1.549 1.45 1.39 1.389 1.448 1.524 1.575 1.56 1.488 1.385 1.283 1.203 1.153 1.12 1.089 1.046 0.973 0.865 0.733 0.579 0.416 0.258 0.125 0.028 -0.032 -0.062 -0.074 -0.081 -0.088 -0.093
-9 -9 -9 -9 -9 -9 -9 -9 -9 -9 -9 -9 -9 -9 -9 -9 -9 -9 -9 -9 -9 -9 -9 -9 -9 -9 -9 -9 -9 -9 -9 -9 1.684 1.579 1.475 1.392 1.327 1.337 1.387 1.461 1.557 1.653 1.732 1.775 1.772 1.712 1.616 1.503 1.411 1.366 1.383 1.451 1.519 1.549 1.504 1.397 1.259 1.126 1.019 0.945 0.893 0.85 0.795 0.722 0.628 0.517 0.392 0.264 0.145 0.045 -0.025 -0.067 -0.086 -0.092 -0.096 -0.099 -0.104
-9 -9 -9 -9 -9 -9 -9 -9 -9 -9 -9 -9 -9 -9 -9 -9 -9 -9 -9 -9 -9 -9 -9 -9 -9 -9 -9 -9 -9 -9 -9 -9 1.612 1.507 1.414 1.344 1.312 1.354 1.423 1.51 1.608 1.695 1.758 1.782 1.76 1.688 1.586 1.477 1.391 1.351 1.361 1.404 1.436 1.423 1.339 1.203 1.046 0.891 0.77 0.692 0.636 0.59 0.541 0.483 0.411 0.325 0.228 0.131 0.043 -0.026 -0.072 -0.095 -0.101 -0.094 -0.09 -0.098 -0.112
-9 -9 -9 -9 -9 -9 -9 -9 -9 -9 -9 -9 -9 -9 -9 -9 -9 -9 -9 -9 -9 -9 -9 -9 -9 -9 -9 -9 -9 -9 -9 -9 1.497 1.4 1.324 1.275 1.305 1.374 1.46 1.557 1.654 1.733 1.782 1.789 1.753 1.675 1.575 1.474 1.391 1.34 1.315 1.303 1.272 1.207 1.093 0.94 0.782 0.647 0.542 0.471 0.419 0.379 0.337 0.289 0.232 0.165 0.092 0.021 -0.04 -0.084 -0.108 -0.112 -0.093 -0.063 -0.061 -0.086 -0.112
-9 -9 -9 -9 -9 -9 -9 -9 -9 -9 -9 -9 -9 -9 -9 -9 -9 -9 -9 -9 -9 -9 -9 -9 -9 -9 -9 -9 -9 -9 -9 1.481 1.366 1.28 1.22 1.225 1.3 1.388 1.488 1.589 1.68 1.75 1.789 1.787 1.748 1.674 1.585 1.494 1.409 1.331 1.25 1.163 1.063 0.949 0.811 0.665 0.539 0.434 0.352 0.295 0.252 0.216 0.181 0.142 0.095 0.044 -0.01 -0.061 -0.1 -0.122 -0.124 -0.102 -0.052 -0.035 -0.041 -0.061 -0.099
-9 -9 -9 -9 -9 -9 -9 -9 -9 -9 -9 -9 -9 -9 -9 -9 -9 -9 -9 -9 -9 -9 -9 -9 -9 -9 -9 -9 -9 1.671 1.507 1.36 1.247 1.166 1.141 1.196 1.29 1.393 1.495 1.591 1.673 1.734 1.769 1.769 1.74 1.683 1.612 1.532 1.438 1.317 1.169 1.006 0.85 0.697 0.558 0.438 0.341 0.264 0.204 0.161 0.126 0.096 0.067 0.036 0.001 -0.038 -0.078 -0.112 -0.133 -0.133 -0.107 -0.054 -0.009 0 -0.01 -0.044 -0.076
-9 -9 -9 -9 -9 -9 -9 -9 -9 -9 -9 -9 -9 -9 -9 -9 -9 -9 -9 -9 -9 -9 -9 -9 -9 -9 -9 -9 1.784 1.628 1.442 1.264 1.14 1.079 1.098 1.169 1.274 1.382 1.478 1.56 1.626 1.677 1.713 1.727 1.721 1.692 1.646 1.574 1.46 1.292 1.08 0.854 0.653 0.489 0.366 0.27 0.195 0.14 0.098 0.064 0.036 0.013 -0.007 -0.028 -0.051 -0.08 -0.111 -0.133 -0.136 -0.109 -0.047 0.01 0.042 0.045 0.022 -0.011 -0.037
-9 -9 -9 -9 -9 -9 -9 -9 -9 -9 -9 -9 -9 -9 -9 -9 -9 -9 -9 -9 -9 -9 -9 -9 -9 -9 2.015 1.919 1.778 1.593 1.386 1.196 1.062 1.029 1.059 1.139 1.248 1.354 1.437 1.499 1.542 1.582 1.62 1.654 1.679 1.686 1.664 1.591 1.453 1.24 0.975 0.706 0.486 0.332 0.229 0.153 0.098 0.058 0.025 -0.002 -0.024 -0.041 -0.051 -0.056 -0.069 -0.091 -0.117 -0.127 -0.106 -0.048 0.026 0.075 0.101 0.095 0.052 0.032 -0.006
-9 -9 -9 -9 -9 -9 -9 -9 -9 -9 -9 -9 -9 -9 -9 -9 -9 -9 -9 -9 -9 -9 -9 -9 -9 2.117 2.05 1.936 1.769 1.558 1.337 1.14 1.015 0.993 1.024 1.103 1.208 1.304 1.375 1.413 1.431 1.453 1.491 1.546 1.607 1.647 1.638 1.554 1.387 1.137 0.838 0.56 0.352 0.217 0.132 0.075 0.038 0.004 -0.026 -0.048 -0.066 -0.075 -0.068 -0.059 -0.069 -0.09 -0.104 -0.094 -0.051 0.021 0.094 0.145 0.164 0.127 0.087 0.057 0
-9 -9 -9 -9 -9 -9 -9 -9 -9 -9 -9 -9 -9 -9 -9 -9 -9 -9 -9 -9 -9 -9 -9 2.195 2.184 2.152 2.076 1.941 1.752 1.525 1.286 1.095 0.997 0.974 1 1.072 1.165 1.255 1.31 1.322 1.307 1.305 1.336 1.409 1.495 1.553 1.547 1.449 1.258 0.981 0.686 0.428 0.244 0.13 0.062 0.021 -0.006 -0.036 -0.063 -0.082 -0.093 -0.09 -0.07 -0.056 -0.065 -0.076 -0.077 -0.046 0.009 0.089 0.164 0.212 0.207 0.153 0.112 0.059 -0.028
-9 -9 -9 -9 -9 -9 -9 -9 -9 -9 -9 -9 -9 -9 -9 -9 -9 -9 -9 -9 -9 -9 2.227 2.223 2.212 2.173 2.083 1.931 1.727 1.483 1.253 1.094 1.009 0.975 0.997 1.058 1.146 1.226 1.265 1.248 1.198 1.165 1.173 1.24 1.33 1.399 1.393 1.281 1.071 0.794 0.529 0.307 0.156 0.064 0.011 -0.022 -0.045 -0.068 -0.087 -0.101 -0.105 -0.092 -0.069 -0.056 -0.049 -0.052 -0.047 0.004 0.075 0.163 0.233 0.263 0.236 0.177 0.116 0.027 -0.071
-9 -9 -9 -9 -9 -9 -9 -9 -9 -9 -9 -9 -9 -9 -9 -9 -9 -9 -9 -9 -9 2.268 2.256 2.249 2.23 2.176 2.071 1.907 1.7 1.476 1.267 1.12 1.033 1.004 1.018 1.084 1.166 1.235 1.26 1.215 1.119 1.044 1.015 1.059 1.132 1.188 1.172 1.053 0.841 0.598 0.377 0.2 0.082 0.012 -0.029 -0.056 -0.075 -0.088 -0.097 -0.102 -0.099 -0.082 -0.06 -0.042 -0.039 -0.049 -0.019 0.048 0.138 0.228 0.288 0.299 0.256 0.178 0.087 -0.02 -0.099
-9 -9 -9 -9 -9 -9 -9 -9 -9 -9 -9 -9 -9 -9 -9 -9 -9 -9 -9 -9 2.341 2.305 2.288 2.27 2.234 2.159 2.038 1.869 1.668 1.463 1.284 1.157 1.087 1.061 1.083 1.139 1.214 1.275 1.283 1.206 1.071 0.95 0.881 0.888 0.925 0.95 0.915 0.792 0.611 0.417 0.244 0.109 0.022 -0.032 -0.064 -0.084 -0.094 -0.095 -0.089 -0.084 -0.075 -0.053 -0.03 -0.02 -0.039 -0.043 0.012 0.092 0.194 0.279 0.326 0.323 0.268 0.168 0.054 -0.028 -0.118
-9 -9 -9 -9 -9 -9 -9 -9 -9 -9 -9 -9 -9 -9 -9 -9 -9 -9 -9 2.443 2.388 2.348 2.319 2.282 2.22 2.121 1.985 1.816 1.631 1.456 1.319 1.227 1.175 1.157 1.17 1.214 1.276 1.319 1.305 1.196 1.021 0.878 0.773 0.741 0.74 0.721 0.665 0.559 0.417 0.268 0.139 0.041 -0.025 -0.067 -0.094 -0.106 -0.099 -0.085 -0.065 -0.052 -0.031 -0.002 0.019 0.011 -0.022 -0.023 0.042 0.129 0.236 0.318 0.358 0.346 0.267 0.153 0.044 -0.047 -0.16
-9 -9 -9 -9 -9 -9 -9 -9 -9 -9 -9 -9 -9 -9 -9 -9 -9 -9 2.562 2.497 2.439 2.39 2.343 2.282 2.192 2.07 1.92 1.756 1.596 1.472 1.387 1.326 1.293 1.276 1.277 1.302 1.337 1.351 1.306 1.174 0.97 0.802 0.683 0.623 0.594 0.555 0.489 0.394 0.281 0.166 0.07 -0.005 -0.059 -0.095 -0.117 -0.12 -0.095 -0.064 -0.032 -0.007 0.032 0.067 0.079 0.053 0.009 0.006 0.067 0.165 0.275 0.352 0.386 0.343 0.26 0.149 0.017 -0.093 -0.211
-9 -9 -9 -9 -9 -9 -9 -9 -9 -9 -9 -9 -9 -9 -9 -9 -9 2.672 2.611 2.546 2.483 2.423 2.358 2.273 2.161 2.016 1.859 1.718 1.602 1.526 1.475 1.443 1.422 1.402 1.384 1.382 1.386 1.367 1.295 1.139 0.928 0.753 0.627 0.559 0.513 0.46 0.384 0.292 0.197 0.105 0.03 -0.033 -0.083 -0.117 -0.135 -0.129 -0.093 -0.044 0.004 0.047 0.103 0.14 0.142 0.099 0.048 0.039 0.095 0.193 0.293 0.371 0.39 0.332 0.254 0.113 -0.028 -0.147 -0.248
-9 -9 -9 -9 -9 -9 -9 -9 -9 -9 -9 -9 -9 -9 -9 -9 2.753 2.71 2.65 2.583 2.512 2.439 2.359 2.26 2.136 1.982 1.845 1.733 1.653 1.607 1.583 1.565 1.542 1.508 1.467 1.437 1.412 1.366 1.272 1.109 0.918 0.751 0.624 0.533 0.464 0.397 0.32 0.232 0.148 0.071 0.009 -0.049 -0.1 -0.133 -0.147 -0.134 -0.091 -0.023 0.04 0.103 0.17 0.205 0.198 0.143 0.091 0.074 0.126 0.212 0.304 0.368 0.376 0.329 0.222 0.062 -0.086 -0.205 -0.245
-9 -9 -9 -9 -9 -9 -9 -9 -9 -9 -9 -9 -9 -9 -9 2.776 2.77 2.733 2.673 2.601 2.521 2.44 2.352 2.25 2.129 1.996 1.877 1.789 1.738 1.715 1.701 1.678 1.637 1.58 1.515 1.458 1.41 1.343 1.245 1.099 0.93 0.768 0.632 0.531 0.446 0.364 0.282 0.198 0.121 0.052 -0.005 -0.064 -0.114 -0.144 -0.153 -0.131 -0.076 0.004 0.08 0.159 0.227 0.259 0.24 0.179 0.135 0.113 0.162 0.24 0.32 0.372 0.37 0.301 0.167 0.026 -0.121 -0.219 -0.221
-9 -9 -9 -9 -9 -9 -9 -9 -9 -9 -9 -9 -9 2.649 2.717 2.756 2.76 2.73 2.672 2.599 2.517 2.434 2.348 2.251 2.143 2.033 1.935 1.872 1.843 1.828 1.809 1.768 1.699 1.615 1.525 1.448 1.383 1.311 1.223 1.089 0.934 0.785 0.653 0.542 0.442 0.348 0.262 0.18 0.107 0.041 -0.018 -0.076 -0.123 -0.15 -0.152 -0.118 -0.05 0.039 0.123 0.211 0.274 0.3 0.268 0.213 0.175 0.157 0.203 0.273 0.342 0.369 0.346 0.258 0.121 -0.006 -0.144 -0.198 -0.181
-9 -9 -9 -9 -9 -9 -9 -9 -9 -9 -9 -9 2.482 2.574 2.65 2.698 2.711 2.691 2.643 2.58 2.507 2.432 2.353 2.269 2.18 2.09 2.012 1.966 1.944 1.925 1.889 1.822 1.724 1.613 1.505 1.415 1.343 1.27 1.185 1.068 0.931 0.795 0.667 0.549 0.439 0.339 0.25 0.169 0.097 0.032 -0.029 -0.085 -0.128 -0.15 -0.141 -0.097 -0.019 0.077 0.167 0.256 0.31 0.324 0.288 0.246 0.213 0.2 0.238 0.3 0.357 0.356 0.309 0.2 0.069 -0.061 -0.144 -0.143 -0.122
-9 -9 -9 -9 -9 -9 -9 -9 -9 -9 -9 2.316 2.398 2.486 2.562 2.616 2.635 2.627 2.597 2.551 2.495 2.434 2.371 2.305 2.234 2.162 2.098 2.056 2.026 1.99 1.929 1.835 1.712 1.583 1.466 1.369 1.304 1.232 1.149 1.04 0.916 0.79 0.666 0.543 0.429 0.326 0.237 0.156 0.087 0.024 -0.035 -0.088 -0.127 -0.142 -0.118 -0.066 0.018 0.119 0.209 0.291 0.333 0.336 0.311 0.279 0.249 0.248 0.275 0.317 0.355 0.338 0.267 0.13 -0.006 -0.093 -0.104 -0.084 -0.061
-9 -9 -9 -9 -9 -9 -9 -9 -9 -9 2.223 2.262 2.331 2.406 2.475 2.528 2.549 2.557 2.552 2.526 2.487 2.445 2.399 2.349 2.294 2.235 2.178 2.129 2.081 2.017 1.927 1.806 1.667 1.534 1.415 1.332 1.289 1.219 1.129 1.017 0.895 0.771 0.646 0.523 0.41 0.308 0.22 0.142 0.078 0.017 -0.039 -0.085 -0.119 -0.125 -0.086 -0.027 0.06 0.16 0.247 0.317 0.348 0.348 0.336 0.308 0.285 0.295 0.312 0.333 0.344 0.308 0.202 0.053 -0.041 -0.076 -0.073 -0.041 -0.003
-9 -9 -9 -9 -9 -9 -9 -9 -9 -9 2.238 2.247 2.295 2.349 2.403 2.449 2.483 2.511 2.518 2.512 2.49 2.461 2.428 2.392 2.349 2.297 2.238 2.174 2.098 2.003 1.881 1.738 1.595 1.464 1.381 1.351 1.319 1.245 1.138 1.006 0.869 0.736 0.609 0.491 0.381 0.283 0.199 0.129 0.07 0.013 -0.038 -0.077 -0.108 -0.102 -0.049 0.017 0.105 0.197 0.277 0.334 0.358 0.363 0.36 0.339 0.329 0.342 0.352 0.356 0.333 0.266 0.148 0.015 -0.044 -0.066 -0.064 -0.013 0.042
-9 -9 -9 -9 -9 -9 -9 -9 -9 2.303 2.271 2.273 2.29 2.321 2.361 2.404 2.443 2.476 2.496 2.503 2.494 2.475 2.453 2.426 2.391 2.339 2.271 2.185 2.08 1.95 1.801 1.647 1.502 1.418 1.408 1.41 1.391 1.309 1.173 1.006 0.839 0.691 0.562 0.449 0.346 0.256 0.184 0.121 0.071 0.021 -0.029 -0.07 -0.095 -0.07 -0.008 0.065 0.153 0.236 0.303 0.349 0.372 0.387 0.39 0.38 0.38 0.392 0.399 0.387 0.329 0.242 0.119 0 -0.069 -0.087 -0.071 -0.002 0.063
-9 -9 -9 -9 -9 -9 -9 -9 2.386 2.323 2.3 2.308 2.323 2.336 2.369 2.398 2.429 2.46 2.482 2.493 2.489 2.479 2.466 2.445 2.412 2.353 2.27 2.159 2.024 1.869 1.702 1.542 1.448 1.441 1.466 1.504 1.499 1.398 1.222 1.01 0.808 0.646 0.515 0.406 0.314 0.239 0.177 0.121 0.085 0.042 -0.008 -0.055 -0.073 -0.033 0.032 0.118 0.205 0.278 0.334 0.373 0.399 0.422 0.428 0.432 0.436 0.453 0.458 0.427 0.349 0.244 0.127 0.014 -0.077 -0.111 -0.079 0 0.074
