data/climatemaps/RS_maps/climate_winter_pr_2018.asc
NCOLS 369 
NROWS 228 
XLLCORNER 479000 
YLLCORNER 73000 
CELLSIZE 1000 
NODATA_value -9 
[rows 68 to 101 of 228, columns 154 to 230 of 369]
-0.296 -0.284 -0.256 -0.249 -0.244 -0.262 -0.28 -0.256 -0.184 -0.09 0.001 0.082 0.086 0.029 0.006 0.052 0.16 0.293 0.395 0.468 0.532 0.52 0.391 0.258 0.201 0.136 0.004 -0.061 -0.05 0.034 0.15 0.316 0.463 0.514 0.444 0.32 0.162 0.014 -0.103 -0.167 -0.189 -0.175 -0.141 -0.088 -0.012 0.114 0.243 0.366 0.466 0.554 0.655 0.745 0.702 0.68 0.66 0.556 0.438 0.373 0.305 0.24 0.223 0.227 0.244 0.272 0.318 0.375 0.422 0.471 0.52 0.566 0.624 0.684 0.738 0.781 0.837 0.896 0.971
-0.281 -0.269 -0.234 -0.206 -0.2 -0.227 -0.259 -0.247 -0.186 -0.101 -0.012 0.086 0.108 0.058 0.021 0.037 0.15 0.286 0.404 0.513 0.575 0.603 0.506 0.371 0.296 0.233 0.1 -0.004 -0.033 0.02 0.125 0.275 0.44 0.543 0.506 0.389 0.238 0.083 -0.043 -0.128 -0.161 -0.162 -0.136 -0.086 -0.023 0.076 0.192 0.316 0.413 0.501 0.591 0.688 0.73 0.722 0.767 0.693 0.578 0.5 0.442 0.361 0.311 0.293 0.293 0.305 0.33 0.367 0.412 0.464 0.52 0.58 0.641 0.702 0.753 0.797 0.843 0.897 0.969
-0.266 -0.253 -0.208 -0.162 -0.165 -0.2 -0.227 -0.238 -0.206 -0.119 -0.026 0.066 0.109 0.09 0.032 0.022 0.111 0.237 0.369 0.507 0.591 0.615 0.576 0.477 0.393 0.338 0.216 0.074 0.008 0.01 0.098 0.227 0.393 0.53 0.54 0.435 0.29 0.144 0.021 -0.085 -0.129 -0.137 -0.115 -0.076 -0.026 0.058 0.157 0.262 0.362 0.43 0.519 0.608 0.682 0.719 0.809 0.793 0.715 0.611 0.569 0.519 0.451 0.404 0.371 0.364 0.376 0.402 0.441 0.491 0.551 0.615 0.678 0.737 0.788 0.831 0.871 0.923 0.993
-0.256 -0.226 -0.175 -0.138 -0.144 -0.167 -0.198 -0.221 -0.21 -0.129 -0.053 0.018 0.081 0.099 0.042 0.012 0.058 0.176 0.318 0.468 0.589 0.626 0.627 0.56 0.489 0.449 0.346 0.177 0.071 0.027 0.074 0.182 0.327 0.478 0.533 0.46 0.323 0.187 0.07 -0.04 -0.096 -0.109 -0.089 -0.06 -0.015 0.049 0.133 0.223 0.3 0.366 0.424 0.527 0.643 0.74 0.802 0.837 0.802 0.724 0.659 0.63 0.587 0.545 0.48 0.443 0.446 0.469 0.501 0.548 0.608 0.674 0.738 0.794 0.843 0.884 0.924 0.969 1.023
-0.239 -0.197 -0.141 -0.116 -0.118 -0.126 -0.176 -0.199 -0.179 -0.143 -0.093 -0.036 0.023 0.066 0.046 0.009 0.026 0.113 0.255 0.416 0.555 0.604 0.637 0.615 0.568 0.554 0.484 0.309 0.158 0.076 0.066 0.133 0.249 0.395 0.487 0.453 0.342 0.213 0.106 -0.004 -0.065 -0.082 -0.068 -0.035 -0.004 0.042 0.106 0.176 0.227 0.277 0.373 0.54 0.682 0.793 0.852 0.876 0.871 0.821 0.755 0.718 0.688 0.657 0.606 0.569 0.557 0.582 0.61 0.656 0.716 0.782 0.835 0.882 0.926 0.963 1.002 1.043 1.093
-0.22 -0.17 -0.117 -0.09 -0.083 -0.083 -0.141 -0.177 -0.14 -0.106 -0.065 -0.027 -0.004 0.032 0.043 0.016 0.013 0.059 0.178 0.34 0.482 0.547 0.622 0.642 0.617 0.637 0.607 0.461 0.271 0.146 0.087 0.102 0.181 0.309 0.418 0.42 0.34 0.231 0.125 0.025 -0.035 -0.05 -0.038 -0.013 0.02 0.046 0.086 0.133 0.182 0.249 0.359 0.501 0.686 0.856 0.95 0.973 0.934 0.908 0.866 0.826 0.805 0.794 0.771 0.751 0.728 0.751 0.792 0.846 0.911 0.966 1.005 1.031 1.058 1.082 1.114 1.143 1.181
-0.205 -0.149 -0.102 -0.074 -0.058 -0.055 -0.113 -0.159 -0.138 -0.102 -0.062 -0.035 -0.007 0.032 0.045 0.023 0.015 0.035 0.103 0.24 0.367 0.473 0.592 0.643 0.641 0.672 0.69 0.595 0.407 0.227 0.131 0.096 0.133 0.229 0.335 0.37 0.318 0.238 0.147 0.05 -0.004 -0.014 0.006 0.018 0.041 0.06 0.088 0.123 0.173 0.249 0.391 0.562 0.76 0.939 1.042 1.072 1.031 1.007 0.99 0.967 0.956 0.979 0.969 0.938 0.925 0.969 1.038 1.11 1.148 1.214 1.263 1.28 1.281 1.282 1.283 1.282 1.293
-0.193 -0.129 -0.086 -0.06 -0.056 -0.057 -0.098 -0.139 -0.144 -0.127 -0.103 -0.074 -0.038 -0.001 0.02 0.024 0.026 0.033 0.068 0.146 0.274 0.398 0.523 0.608 0.638 0.666 0.716 0.677 0.527 0.328 0.189 0.123 0.117 0.183 0.264 0.316 0.29 0.235 0.161 0.075 0.027 0.028 0.053 0.052 0.065 0.083 0.104 0.133 0.189 0.294 0.47 0.656 0.861 1.045 1.161 1.192 1.161 1.12 1.123 1.121 1.155 1.23 1.231 1.158 1.133 1.151 1.226 1.287 1.353 1.475 1.572 1.589 1.606 1.597 1.549 1.518 1.474
-0.165 -0.113 -0.063 -0.033 -0.026 -0.034 -0.073 -0.119 -0.131 -0.124 -0.109 -0.082 -0.048 -0.011 0.017 0.032 0.043 0.046 0.062 0.094 0.184 0.316 0.425 0.526 0.6 0.644 0.691 0.696 0.587 0.419 0.247 0.16 0.125 0.156 0.215 0.265 0.253 0.227 0.173 0.101 0.06 0.071 0.089 0.09 0.097 0.113 0.128 0.155 0.227 0.394 0.616 0.79 0.98 1.174 1.265 1.314 1.307 1.28 1.304 1.337 1.419 1.504 1.49 1.4 1.32 1.295 1.335 1.378 1.453 1.621 1.803 1.906 1.942 1.906 1.909 1.854 1.749
-0.127 -0.103 -0.062 -0.02 -0.007 -0.012 -0.047 -0.083 -0.107 -0.106 -0.096 -0.076 -0.036 0.039 0.076 0.088 0.08 0.069 0.069 0.078 0.116 0.219 0.334 0.43 0.52 0.587 0.635 0.653 0.594 0.464 0.293 0.193 0.151 0.152 0.176 0.211 0.219 0.216 0.187 0.124 0.094 0.111 0.123 0.134 0.138 0.148 0.158 0.187 0.285 0.528 0.783 0.934 1.099 1.292 1.388 1.442 1.471 1.457 1.516 1.543 1.607 1.618 1.59 1.506 1.431 1.411 1.426 1.467 1.523 1.664 1.875 2.098 2.178 2.19 2.254 2.251 2.023
-0.096 -0.065 -0.058 -0.01 0.006 -0.007 -0.052 -0.071 -0.083 -0.09 -0.079 -0.059 -0.013 0.056 0.095 0.138 0.126 0.102 0.089 0.084 0.097 0.138 0.216 0.313 0.404 0.478 0.537 0.568 0.544 0.458 0.318 0.223 0.179 0.164 0.16 0.181 0.201 0.216 0.201 0.146 0.13 0.149 0.167 0.186 0.185 0.186 0.192 0.225 0.357 0.658 0.933 1.064 1.198 1.371 1.45 1.469 1.472 1.474 1.528 1.591 1.621 1.62 1.61 1.556 1.52 1.494 1.487 1.505 1.55 1.666 1.871 2.13 2.307 2.445 2.55 2.479 2.213
-0.077 -0.045 -0.045 -0.039 -0.01 -0.006 -0.03 -0.061 -0.068 -0.066 -0.051 -0.042 -0.016 0.029 0.075 0.137 0.164 0.154 0.126 0.11 0.108 0.12 0.151 0.21 0.28 0.346 0.414 0.461 0.466 0.42 0.326 0.247 0.207 0.182 0.158 0.169 0.196 0.226 0.211 0.168 0.176 0.209 0.23 0.248 0.247 0.231 0.227 0.267 0.453 0.764 1.041 1.171 1.282 1.379 1.403 1.372 1.354 1.391 1.445 1.554 1.641 1.634 1.659 1.663 1.645 1.56 1.515 1.531 1.558 1.661 1.867 2.045 2.301 2.618 2.706 2.581 2.286
-0.069 -0.04 -0.04 -0.064 -0.051 -0.042 -0.041 -0.032 -0.037 -0.046 0.007 -0.004 -0.01 0.008 0.061 0.123 0.175 0.202 0.175 0.163 0.146 0.14 0.148 0.166 0.209 0.261 0.316 0.367 0.388 0.372 0.32 0.266 0.228 0.191 0.161 0.162 0.19 0.224 0.205 0.198 0.264 0.313 0.34 0.328 0.309 0.276 0.264 0.333 0.589 0.862 1.119 1.261 1.376 1.417 1.4 1.339 1.277 1.289 1.405 1.532 1.58 1.632 1.717 1.811 1.68 1.566 1.561 1.592 1.57 1.632 1.801 2.034 2.291 2.592 2.735 2.687 2.458
-0.064 -0.05 -0.06 -0.052 -0.024 -0.016 -0.009 -0.007 -0.014 -0.024 0.03 0.042 0.018 0.013 0.044 0.114 0.174 0.197 0.222 0.241 0.227 0.198 0.182 0.178 0.194 0.227 0.266 0.31 0.339 0.338 0.313 0.275 0.233 0.194 0.16 0.153 0.168 0.195 0.2 0.245 0.383 0.457 0.447 0.392 0.36 0.324 0.303 0.392 0.623 0.899 1.147 1.373 1.495 1.507 1.512 1.429 1.299 1.229 1.333 1.451 1.51 1.656 1.804 1.899 1.762 1.615 1.663 1.686 1.598 1.625 1.807 2.067 2.316 2.619 2.802 2.834 2.804
-0.037 -0.039 -0.051 -0.038 -0.018 -0.022 -0.02 -0.023 -0.013 -0.008 0.027 0.045 0.04 0.028 0.039 0.077 0.127 0.175 0.248 0.3 0.322 0.299 0.261 0.23 0.213 0.224 0.251 0.283 0.308 0.311 0.299 0.268 0.23 0.197 0.163 0.154 0.161 0.185 0.222 0.329 0.505 0.556 0.5 0.442 0.432 0.406 0.356 0.393 0.581 0.877 1.149 1.448 1.574 1.632 1.758 1.711 1.439 1.25 1.267 1.451 1.514 1.747 1.98 2.036 1.818 1.716 1.745 1.705 1.655 1.646 1.802 2.067 2.229 2.531 2.858 3.003 3.102
-0.001 -0.01 -0.029 -0.03 -0.02 -0.021 -0.031 -0.017 0.017 0.02 0.019 0.042 0.041 0.052 0.058 0.071 0.108 0.173 0.263 0.331 0.384 0.404 0.365 0.317 0.268 0.248 0.258 0.269 0.289 0.29 0.28 0.258 0.226 0.194 0.173 0.168 0.181 0.211 0.279 0.462 0.587 0.589 0.531 0.501 0.519 0.474 0.413 0.409 0.507 0.789 1.097 1.427 1.57 1.679 1.808 1.864 1.647 1.339 1.339 1.555 1.59 1.84 2.067 2.039 1.864 1.917 1.903 1.837 1.837 1.724 1.795 1.915 2.026 2.329 2.728 3.016 3.033
0.046 0.034 0.003 -0.007 -0.001 -0.011 -0.029 0.008 0.025 0.053 0.038 0.069 0.063 0.084 0.093 0.098 0.123 0.186 0.291 0.374 0.439 0.48 0.464 0.41 0.343 0.291 0.282 0.278 0.282 0.279 0.268 0.245 0.216 0.195 0.186 0.192 0.21 0.254 0.388 0.556 0.596 0.591 0.567 0.572 0.561 0.532 0.504 0.481 0.496 0.686 0.994 1.323 1.605 1.785 1.964 1.986 1.808 1.452 1.469 1.622 1.69 1.968 2.192 2.12 1.968 2.101 2.055 2.09 2.07 1.911 1.776 1.757 1.958 2.278 2.544 2.872 2.939
0.113 0.085 0.049 0.032 0.02 0.008 -0.012 0.03 0.041 0.088 0.079 0.091 0.086 0.105 0.119 0.129 0.144 0.188 0.276 0.37 0.453 0.509 0.532 0.478 0.405 0.334 0.311 0.294 0.287 0.282 0.265 0.239 0.215 0.204 0.212 0.214 0.248 0.361 0.446 0.529 0.576 0.589 0.586 0.617 0.711 0.678 0.653 0.615 0.581 0.67 0.957 1.28 1.624 1.87 2.036 1.951 1.74 1.499 1.54 1.668 1.86 2.119 2.393 2.269 2.094 2.277 2.214 2.308 2.245 2.132 1.917 1.731 1.833 2.088 2.353 2.643 2.836
0.202 0.152 0.103 0.068 0.05 0.026 0.018 0.065 0.069 0.126 0.123 0.148 0.124 0.124 0.139 0.149 0.175 0.189 0.248 0.323 0.41 0.494 0.54 0.514 0.438 0.355 0.326 0.308 0.298 0.291 0.263 0.239 0.225 0.225 0.231 0.247 0.335 0.428 0.474 0.518 0.583 0.579 0.579 0.706 0.934 0.996 0.916 0.825 0.734 0.717 0.937 1.26 1.502 1.654 1.727 1.679 1.537 1.473 1.603 1.821 2.086 2.235 2.478 2.344 2.207 2.423 2.388 2.463 2.352 2.195 1.934 1.734 1.794 1.849 2.066 2.389 2.714
0.306 0.242 0.188 0.112 0.094 0.049 0.056 0.099 0.114 0.162 0.188 0.21 0.196 0.159 0.154 0.183 0.192 0.2 0.28 0.345 0.388 0.443 0.494 0.484 0.43 0.366 0.332 0.321 0.314 0.288 0.265 0.252 0.25 0.24 0.262 0.313 0.355 0.391 0.461 0.53 0.527 0.519 0.59 0.807 1.146 1.376 1.406 1.15 0.929 0.815 0.845 1.064 1.191 1.322 1.386 1.38 1.327 1.432 1.654 1.895 2.194 2.338 2.506 2.335 2.353 2.528 2.575 2.53 2.375 2.148 1.86 1.778 1.921 1.925 1.961 2.454 2.884
0.414 0.365 0.279 0.186 0.156 0.091 0.094 0.14 0.155 0.222 0.239 0.246 0.25 0.217 0.17 0.189 0.189 0.226 0.328 0.379 0.42 0.432 0.441 0.435 0.415 0.367 0.331 0.32 0.309 0.281 0.292 0.281 0.267 0.27 0.297 0.34 0.345 0.406 0.461 0.461 0.451 0.485 0.61 0.931 1.327 1.683 1.907 1.62 1.195 0.986 0.881 0.935 0.983 1.063 1.095 1.1 1.125 1.31 1.584 1.811 2.133 2.335 2.412 2.306 2.492 2.639 2.639 2.511 2.311 2.104 1.88 1.948 2.11 2.138 2.047 2.42 2.88
0.551 0.494 0.383 0.269 0.23 0.164 0.155 0.202 0.204 0.272 0.293 0.276 0.248 0.241 0.189 0.176 0.19 0.216 0.292 0.39 0.444 0.452 0.435 0.401 0.365 0.325 0.306 0.301 0.307 0.331 0.352 0.33 0.293 0.267 0.257 0.274 0.33 0.388 0.395 0.397 0.42 0.468 0.64 1.035 1.456 1.885 2.138 2.022 1.583 1.249 1.062 0.966 0.915 0.909 0.906 0.906 0.939 1.096 1.336 1.59 1.883 2.196 2.265 2.285 2.526 2.71 2.688 2.539 2.302 2.192 1.932 2.009 2.253 2.41 2.326 2.496 2.93
0.69 0.617 0.505 0.387 0.318 0.246 0.226 0.272 0.311 0.305 0.293 0.309 0.301 0.269 0.205 0.227 0.301 0.333 0.283 0.299 0.363 0.384 0.335 0.295 0.28 0.283 0.294 0.313 0.364 0.432 0.425 0.389 0.318 0.29 0.267 0.263 0.311 0.331 0.341 0.368 0.409 0.464 0.623 0.978 1.428 1.776 2.004 2.073 1.882 1.597 1.337 1.156 1.012 0.925 0.871 0.84 0.836 0.903 1.06 1.296 1.611 2.033 2.124 2.25 2.507 2.714 2.693 2.586 2.367 2.291 2.024 2.168 2.458 2.65 2.441 2.767 3.107
0.815 0.743 0.625 0.512 0.43 0.379 0.341 0.375 0.384 0.376 0.344 0.277 0.249 0.235 0.21 0.244 0.362 0.443 0.404 0.328 0.267 0.263 0.26 0.282 0.328 0.379 0.409 0.411 0.436 0.447 0.42 0.382 0.341 0.343 0.311 0.272 0.283 0.305 0.327 0.36 0.406 0.445 0.526 0.721 1.066 1.413 1.766 2.031 2.042 1.947 1.681 1.463 1.268 1.105 0.982 0.885 0.844 0.817 0.893 1.064 1.361 1.808 2.031 2.217 2.455 2.633 2.633 2.557 2.501 2.546 2.26 2.159 2.572 2.684 2.581 3.108 3.125
0.849 0.875 0.771 0.636 0.583 0.524 0.493 0.459 0.42 0.386 0.343 0.295 0.269 0.203 0.185 0.255 0.389 0.484 0.465 0.365 0.312 0.31 0.331 0.391 0.459 0.537 0.571 0.492 0.494 0.528 0.495 0.427 0.366 0.372 0.355 0.292 0.283 0.301 0.331 0.365 0.398 0.422 0.46 0.55 0.727 0.98 1.352 1.829 2.019 2.041 1.921 1.806 1.615 1.424 1.258 1.114 0.996 0.809 0.813 0.903 1.119 1.47 1.83 2.107 2.286 2.482 2.535 2.65 2.634 2.732 2.384 2.191 2.578 2.797 2.909 3.243 3.106
0.915 0.955 0.878 0.785 0.729 0.678 0.663 0.603 0.545 0.493 0.393 0.308 0.229 0.214 0.184 0.268 0.424 0.493 0.463 0.375 0.396 0.423 0.427 0.469 0.518 0.609 0.667 0.588 0.651 0.704 0.649 0.531 0.408 0.372 0.368 0.313 0.297 0.314 0.348 0.385 0.411 0.425 0.442 0.479 0.554 0.682 0.943 1.392 1.709 1.778 1.775 1.912 1.893 1.72 1.515 1.236 0.954 0.81 0.791 0.848 0.986 1.25 1.582 1.805 2.03 2.335 2.497 2.701 2.682 2.578 2.338 2.409 2.664 2.909 3.042 3.212 3.199
1.007 1.004 0.971 0.926 0.894 0.868 0.833 0.76 0.689 0.579 0.437 0.302 0.234 0.249 0.175 0.278 0.433 0.48 0.499 0.422 0.461 0.471 0.458 0.489 0.569 0.665 0.715 0.701 0.78 0.843 0.799 0.659 0.48 0.382 0.373 0.328 0.314 0.343 0.392 0.474 0.495 0.464 0.461 0.462 0.483 0.543 0.709 1.114 1.406 1.366 1.485 1.783 1.704 1.462 1.247 1.037 0.884 0.821 0.82 0.907 1.083 1.213 1.407 1.658 1.858 2.072 2.3 2.529 2.57 2.491 2.464 2.506 2.651 2.823 3.041 3.115 3.438
1.02 1.011 1.029 0.947 0.993 0.966 0.939 0.853 0.766 0.613 0.477 0.344 0.24 0.23 0.169 0.294 0.44 0.524 0.551 0.489 0.457 0.48 0.537 0.594 0.687 0.789 0.773 0.826 0.921 0.977 0.904 0.748 0.542 0.396 0.36 0.333 0.337 0.444 0.558 0.675 0.686 0.606 0.558 0.511 0.479 0.487 0.61 0.845 0.945 0.955 1.227 1.349 1.169 1.063 0.984 0.901 0.883 0.902 0.948 1.055 1.182 1.221 1.391 1.532 1.655 1.766 2.013 2.213 2.27 2.224 2.12 2.103 2.19 2.345 2.637 2.957 3.489
0.94 0.931 0.974 0.92 0.968 0.951 0.91 0.824 0.737 0.589 0.489 0.323 0.234 0.189 0.176 0.321 0.455 0.554 0.614 0.539 0.493 0.598 0.68 0.803 0.909 0.977 0.862 0.96 1.109 1.093 0.944 0.748 0.554 0.406 0.359 0.341 0.411 0.567 0.653 0.706 0.622 0.554 0.516 0.49 0.472 0.472 0.507 0.571 0.634 0.71 0.83 0.884 0.906 0.915 0.899 0.823 0.912 1.062 1.229 1.341 1.5 1.496 1.496 1.438 1.478 1.597 1.772 1.889 1.756 1.66 1.67 1.778 1.924 2.133 2.43 2.848 3.407
0.859 0.847 0.882 0.882 0.904 0.957 0.917 0.825 0.693 0.533 0.409 0.304 0.209 0.16 0.204 0.336 0.456 0.581 0.658 0.582 0.564 0.696 0.802 0.98 1.049 1.026 1.016 1.158 1.381 1.369 1.088 0.791 0.609 0.461 0.389 0.359 0.49 0.609 0.585 0.527 0.495 0.505 0.516 0.515 0.504 0.498 0.504 0.527 0.569 0.635 0.717 0.802 0.913 1.014 0.945 0.783 0.899 1.249 1.638 1.823 1.914 1.98 2.036 1.908 1.737 1.584 1.571 1.557 1.507 1.483 1.636 1.801 1.906 2.082 2.334 2.702 3.223
0.756 0.735 0.76 0.787 0.845 0.935 0.854 0.765 0.64 0.516 0.37 0.241 0.15 0.202 0.269 0.334 0.432 0.553 0.627 0.658 0.694 0.83 0.951 1.201 1.316 1.273 1.371 1.443 1.499 1.406 1.073 0.704 0.526 0.455 0.371 0.359 0.439 0.47 0.431 0.442 0.468 0.522 0.591 0.614 0.59 0.572 0.565 0.568 0.597 0.675 0.804 0.981 1.155 1.18 0.96 0.765 0.912 1.388 1.855 2.012 2.194 2.366 2.439 2.426 2.316 2.002 1.798 1.765 1.695 1.697 1.655 1.631 1.819 2.01 2.184 2.502 2.961
0.652 0.621 0.65 0.74 0.831 0.858 0.787 0.719 0.604 0.444 0.258 0.145 0.178 0.297 0.381 0.445 0.491 0.523 0.568 0.652 0.791 1.02 1.183 1.239 1.32 1.326 1.383 1.361 1.385 1.239 0.863 0.502 0.398 0.37 0.401 0.437 0.437 0.457 0.449 0.462 0.525 0.631 0.829 0.931 0.799 0.781 0.756 0.736 0.772 0.888 1.021 1.167 1.241 1.16 0.962 0.758 0.838 1.239 1.714 2.062 2.361 2.597 2.714 2.765 2.652 2.458 2.323 2.283 2.069 2.154 1.96 1.661 1.629 1.851 2.038 2.345 2.855
0.536 0.507 0.62 0.702 0.783 0.761 0.713 0.655 0.486 0.3 0.146 0.129 0.269 0.4 0.535 0.596 0.582 0.641 0.662 0.627 0.827 1.047 1.212 1.259 1.303 1.252 1.204 1.163 1.064 0.848 0.55 0.405 0.393 0.492 0.456 0.552 0.63 0.633 0.549 0.511 0.622 0.826 1.119 1.159 1.098 1.18 1.19 1.154 1.084 1.105 1.27 1.449 1.462 1.238 0.903 0.749 0.759 1.034 1.436 1.774 2.137 2.441 2.663 2.84 2.864 2.839 2.875 2.697 2.391 2.566 2.425 2.087 1.628 1.725 1.981 2.306 2.744
0.367 0.434 0.569 0.695 0.748 0.722 0.621 0.514 0.35 0.197 0.102 0.167 0.37 0.534 0.702 0.69 0.749 0.84 0.858 0.736 0.859 1.063 1.225 1.318 1.432 1.366 1.086 0.847 0.691 0.545 0.422 0.349 0.425 0.413 0.514 0.834 0.988 1.013 0.808 0.561 0.661 1.024 1.334 1.371 1.416 1.601 1.651 1.545 1.333 1.363 1.565 1.722 1.586 1.154 0.842 0.736 0.756 1.113 1.497 1.729 2.005 2.345 2.646 2.9 3.118 3.237 3.258 2.93 2.638 2.938 2.792 2.433 1.976 1.714 1.976 2.384 2.643
