data/climatemaps/RS_maps/climate_postbreed_tmp_2009.asc
NCOLS 369 
NROWS 228 
XLLCORNER 479000 
YLLCORNER 73000 
CELLSIZE 1000 
NODATA_value -9 
[rows 170 to 203 of 228, columns 0 to 76 of 369]
-9 -9 0.263 0.238 0.286 0.482 0.543 0.217 -0.038 -0.122 0.086 0.406 0.773 0.967 1.025 1.041 1.06 1.072 1.095 1.127 1.145 1.155 1.19 1.217 1.251 1.28 1.294 1.295 1.295 1.295 1.27 1.239 1.236 1.237 1.249 1.257 1.258 1.257 1.237 1.225 1.215 1.192 1.185 1.19 1.059 0.987 1.043 1.05 1.025 0.863 -9 -9 -9 -9 -9 -9 -9 -9 0.458 0.484 0.634 0.779 0.625 0.343 0.114 -0.094 -0.086 -0.141 -0.225 -0.312 -0.577 -0.539 -0.349 -0.141 -0.067 0.083 0.322
-9 0.28 0.219 0.238 0.392 0.587 0.4 0.105 -0.107 0.014 0.333 0.638 0.915 1.002 1.046 1.072 1.088 1.101 1.121 1.146 1.157 1.168 1.197 1.224 1.261 1.277 1.287 1.294 1.294 1.279 1.234 1.234 1.234 1.234 1.235 1.22 1.142 1.035 1.008 1.15 1.174 1.151 1.14 1.159 1.047 1.006 1.031 1.007 0.905 -9 -9 -9 -9 -9 -9 -9 -9 -9 0.338 0.136 0.341 0.606 0.753 0.548 0.261 0.099 0.019 -0.139 -0.31 -0.227 -0.078 -0.288 -0.408 -0.39 -0.179 0.04 0.156
0.286 0.25 0.199 0.257 0.549 0.52 0.209 0.025 -0.069 0.181 0.513 0.797 0.979 1.018 1.064 1.091 1.105 1.121 1.132 1.142 1.161 1.178 1.201 1.244 1.274 1.275 1.28 1.287 1.288 1.245 1.233 1.232 1.233 1.233 1.194 1.06 0.946 0.895 1.002 1.138 1.15 1.129 1.122 1.11 1.068 -9 -9 -9 -9 -9 -9 -9 -9 -9 -9 -9 -9 -9 0.528 0.012 0.032 0.396 0.681 0.257 0.057 0.071 -0.034 -0.187 -0.229 -0.134 0.127 -0.029 -0.24 -0.334 -0.256 0.014 0.089
0.238 0.183 0.185 0.349 0.594 0.281 -0.005 -0.076 0.046 0.38 0.698 0.929 1.019 1.044 1.078 1.103 1.116 1.115 1.124 1.15 1.172 1.188 1.215 1.262 1.273 1.275 1.275 1.28 1.264 1.238 1.222 1.214 1.213 1.21 1.139 1.023 0.997 1.036 1.108 1.142 1.123 1.118 1.107 1.076 1.032 -9 -9 -9 -9 -9 -9 -9 -9 -9 -9 -9 -9 -9 0.457 -0.127 -0.113 0.492 0.616 0.208 -0.065 -0.144 0.001 0.172 0.228 0.283 0.391 0.305 0.08 -0.177 -0.397 -0.245 -0.154
0.159 0.141 0.214 0.475 0.515 0.037 -0.167 -0.011 0.247 0.604 0.887 1.02 1.058 1.081 1.099 1.115 1.119 1.108 1.127 1.161 1.181 1.198 1.224 1.26 1.268 1.272 1.274 1.264 1.232 1.229 1.213 1.209 1.201 1.183 1.101 1.022 1.055 1.095 1.107 1.121 1.108 1.104 1.076 1.036 0.973 -9 -9 -9 -9 -9 -9 -9 -9 -9 -9 -9 -9 -9 -9 0.127 0.178 0.445 0.437 0.54 0.305 0.036 0.341 0.499 0.412 0.33 0.334 0.402 0.374 0.028 -0.218 -0.387 -0.495
0.129 0.191 0.419 0.573 0.255 -0.163 -0.108 0.262 0.557 0.828 1.001 1.066 1.093 1.112 1.118 1.121 1.118 1.113 1.141 1.17 1.187 1.199 1.219 1.259 1.265 1.268 1.269 1.232 1.212 1.214 1.204 1.19 1.185 1.161 1.093 1.035 1.068 1.084 1.098 1.102 1.087 1.056 1.012 0.938 0.797 -9 -9 -9 -9 -9 -9 -9 -9 -9 -9 -9 -9 -9 -9 -9 0.029 0.107 0.283 0.448 0.449 0.536 0.381 0.255 0.071 -0.004 -0.158 0.085 0.359 0.358 0.114 -0.268 -0.569
0.268 0.319 0.602 0.276 -0.076 -0.125 0.077 0.512 0.814 0.986 1.066 1.093 1.113 1.125 1.123 1.121 1.115 1.13 1.161 1.174 1.179 1.199 1.228 1.256 1.261 1.261 1.247 1.21 1.202 1.205 1.193 1.176 1.164 1.141 1.089 1.054 1.059 1.059 1.063 1.064 1.036 0.962 0.846 0.7 0.556 0.419 -9 -9 -9 -9 -9 -9 -9 -9 -9 -9 -9 -9 -9 -9 -0.01 -0.146 -0.003 -0.076 0.149 0.46 0.289 -0.073 -0.298 -0.38 -0.575 -0.183 -0.081 0.147 0.34 -0.076 -0.468
0.285 0.66 0.509 0.065 -0.173 0.049 0.433 0.722 0.967 1.062 1.101 1.117 1.122 1.133 1.119 1.116 1.139 1.152 1.176 1.188 1.192 1.217 1.249 1.255 1.257 1.243 1.219 1.193 1.192 1.185 1.177 1.161 1.148 1.129 1.092 1.068 0.991 0.974 0.977 0.969 0.892 0.75 0.547 0.431 0.379 0.478 -9 -9 -9 -9 -9 -9 -9 -9 -9 -9 -9 -9 -9 -9 -9 -0.23 -0.067 -0.201 0.002 0.239 0.408 0.245 -0.182 -0.768 -0.861 -0.549 -0.346 0.031 0.328 -0.123 -0.413
0.412 0.77 0.639 0.185 -0.004 0.343 0.638 0.879 1.032 1.1 1.122 1.127 1.13 1.122 1.118 1.143 1.16 1.171 1.175 1.194 1.196 1.226 1.249 1.255 1.257 1.223 1.196 1.189 1.189 1.172 1.165 1.15 1.135 1.119 1.097 1.044 0.837 0.781 0.781 0.751 0.664 0.493 0.301 0.355 0.377 0.566 -9 -9 -9 -9 -9 -9 -9 -9 -9 -9 -9 -9 -9 -9 0.193 0.214 0.12 -0.353 -0.255 0.253 0.043 0.208 0.018 -0.479 -0.614 -0.248 0.123 0.266 0.082 -0.125 -0.552
0.702 0.787 0.553 0.122 0.205 0.568 0.805 0.983 1.083 1.123 1.137 1.141 1.134 1.134 1.144 1.17 1.155 1.174 1.179 1.171 1.16 1.217 1.248 1.255 1.252 1.195 1.167 1.19 1.188 1.164 1.155 1.139 1.117 1.105 1.086 0.96 0.643 0.466 0.497 0.558 0.612 0.347 0.242 0.454 0.563 0.631 -9 -9 -9 -9 -9 -9 -9 -9 -9 -9 -9 -9 -9 -9 0.564 0.307 -0.069 -0.456 -0.319 -0.068 -0.324 -0.016 0.078 -0.221 -0.335 0.021 -0.04 -0.154 -0.349 -0.072 -0.237
0.852 0.634 0.261 0.178 0.459 0.759 0.912 1.045 1.109 1.134 1.148 1.131 1.111 1.156 1.167 1.154 1.154 1.174 1.164 1.144 1.153 1.223 1.248 1.255 1.216 1.144 1.155 1.174 1.191 1.163 1.146 1.129 1.103 1.098 1.049 0.819 0.43 0.169 0.311 0.591 0.655 0.401 0.373 0.588 0.686 0.573 -9 -9 -9 -9 -9 -9 -9 -9 -9 -9 -9 -9 -9 -9 0.694 0.246 -0.181 -0.412 -0.649 -0.554 -0.554 -0.165 -0.206 -0.247 -0.103 -0.09 -0.493 -0.526 -0.321 -0.037 -0.035
0.771 0.381 0.105 0.41 0.726 0.901 1.017 1.09 1.125 1.152 1.127 1.09 1.12 1.174 1.162 1.155 1.156 1.175 1.158 1.162 1.193 1.231 1.242 1.24 1.136 1.142 1.174 1.19 1.187 1.156 1.133 1.111 1.111 1.084 0.963 0.639 0.327 0.122 0.337 0.651 0.722 0.585 0.618 0.721 0.674 0.412 -9 -9 -9 -9 -9 -9 -9 -9 -9 -9 -9 -9 -9 -9 0.6 0.448 0.133 -0.242 -0.593 -0.525 -0.536 -0.44 -0.314 -0.362 -0.16 -0.316 -0.673 -0.622 -0.138 -0.271 -0.367
0.592 0.209 0.3 0.662 0.87 0.999 1.078 1.106 1.126 1.161 1.123 1.109 1.161 1.176 1.168 1.17 1.184 1.188 1.176 1.179 1.196 1.231 1.24 1.202 1.156 1.171 1.183 1.188 1.182 1.155 1.137 1.129 1.082 0.998 0.815 0.558 0.31 0.105 0.329 0.67 0.796 0.769 0.754 0.744 0.589 -9 -9 -9 -9 -9 -9 -9 -9 -9 -9 -9 -9 -9 -9 0.196 0.356 0.574 0.309 -0.2 -0.307 -0.062 -0.093 -0.061 -0.042 -0.281 -0.408 -0.484 -0.73 -0.425 -0.226 -0.478 -0.364
0.345 0.235 0.551 0.834 0.961 1.034 1.096 1.102 1.116 1.163 1.158 1.161 1.194 1.197 1.194 1.194 1.207 1.189 1.186 1.2 1.222 1.222 1.214 1.185 1.177 1.182 1.181 1.181 1.174 1.154 1.117 1.093 1.057 0.871 0.703 0.521 0.274 0.193 0.415 0.705 0.825 0.761 0.635 0.605 0.415 -9 -9 -9 -9 -9 -9 -9 -9 -9 -9 -9 -9 -9 -9 0.024 0.104 0.565 0.466 0.2 0.219 0.143 0.087 -0.011 -0.086 -0.193 -0.399 -0.677 -0.692 -0.341 -0.528 -0.555 -0.277
0.193 0.428 0.76 0.946 1.026 1.059 1.105 1.083 1.106 1.161 1.186 1.195 1.217 1.213 1.203 1.194 1.195 1.194 1.182 1.202 1.226 1.206 1.188 1.182 1.192 1.19 1.189 1.179 1.174 1.15 1.121 1.093 1.05 0.914 0.757 0.522 0.248 0.219 0.527 0.735 0.826 0.668 0.527 0.51 0.274 -9 -9 -9 -9 -9 -9 -9 -9 -9 -9 -9 -9 -9 -9 -0.172 0.026 0.425 0.583 0.529 0.258 -0.092 -0.224 -0.217 -0.309 -0.422 -0.365 -0.65 -0.725 -0.604 -0.73 -0.576 -0.307
0.31 0.617 0.874 1.04 1.08 1.09 1.108 1.088 1.145 1.198 1.206 1.215 1.193 1.185 1.18 1.178 1.172 1.176 1.188 1.212 1.217 1.204 1.195 1.191 1.21 1.199 1.203 1.197 1.17 1.114 1.097 1.111 1.088 1.018 0.888 0.682 0.44 0.374 0.707 0.809 0.759 0.571 0.618 0.469 0.279 -9 -9 -9 -9 -9 -9 -9 -9 -9 -9 -9 -9 -9 -9 -0.111 0.033 0.334 0.493 0.547 0.318 -0.04 0.028 0.099 -0.059 -0.413 -0.534 -0.7 -0.822 -0.711 -0.534 -0.346 -0.153
0.412 0.737 0.988 1.087 1.114 1.108 1.119 1.135 1.199 1.213 1.191 1.176 1.161 1.158 1.15 1.144 1.173 1.189 1.201 1.209 1.199 1.196 1.193 1.193 1.214 1.207 1.159 1.118 1.17 1.126 1.091 1.113 1.108 1.088 0.996 0.852 0.687 0.586 0.876 0.694 0.605 0.639 0.643 0.365 -9 -9 -9 -9 -9 -9 -9 -9 -9 -9 -9 -9 -9 -9 -9 0.029 0.163 0.201 0.333 0.368 0.484 0.266 0.04 -0.107 -0.164 -0.538 -0.627 -0.829 -0.78 -0.576 -0.476 -0.3 0.102
0.387 0.832 1.069 1.118 1.13 1.139 1.137 1.182 1.213 1.185 1.169 1.161 1.145 1.141 1.141 1.153 1.186 1.192 1.184 1.184 1.178 1.18 1.18 1.177 1.173 1.08 0.938 0.984 1.145 1.148 1.123 1.116 1.101 1.102 1.084 1.028 0.928 0.839 0.935 0.709 0.66 0.744 0.606 -9 -9 -9 -9 -9 -9 -9 -9 -9 -9 -9 -9 -9 -9 -9 -0.106 -0.23 -0.168 0.081 0.186 0.086 0.395 0.12 -0.365 -0.616 -0.603 -0.885 -0.901 -0.808 -0.633 -0.462 -0.355 -0.224 0.346
0.347 0.83 1.062 1.119 1.16 1.142 1.165 1.229 1.212 1.174 1.168 1.152 1.146 1.134 1.162 1.178 1.163 1.158 1.144 1.144 1.153 1.16 1.159 1.128 0.922 0.719 0.813 1.029 1.11 1.151 1.143 1.126 1.118 1.106 1.088 1.059 1.037 1.01 0.97 0.76 0.828 0.829 0.58 -9 -9 -9 -9 -9 -9 -9 -9 -9 -9 -9 -9 -9 -9 -9 -0.021 -0.262 -0.087 0.228 0.079 -0.046 0.23 0.311 0.002 -0.461 -0.692 -0.752 -0.874 -0.623 -0.304 -0.16 -0.003 0.141 0.416
0.246 0.747 1.063 1.121 1.16 1.188 1.213 1.247 1.225 1.201 1.174 1.161 1.147 1.144 1.166 1.162 1.134 1.132 1.123 1.114 1.128 1.113 1.056 0.888 0.482 0.525 0.881 1.016 1.049 1.147 1.166 1.147 1.152 1.141 1.118 1.076 1.017 0.963 0.97 0.906 0.926 0.892 -9 -9 -9 -9 -9 -9 -9 -9 -9 -9 -9 -9 -9 -9 -9 -9 -0.076 0.012 0.226 0.244 0.041 -0.06 -0.005 -0.186 0.215 0.11 -0.065 -0.238 -0.624 -0.49 -0.331 -0.228 -0.118 0.098 -0.054
0.261 0.68 1.106 1.197 1.244 1.242 1.235 1.21 1.19 1.189 1.175 1.147 1.132 1.136 1.136 1.133 1.107 1.096 1.095 1.088 1.08 1.026 0.815 0.397 0.322 0.652 0.951 0.943 1.008 1.097 1.143 1.139 1.149 1.162 1.157 1.114 0.999 0.902 0.926 0.982 0.98 -9 -9 -9 -9 -9 -9 -9 -9 -9 -9 -9 -9 -9 -9 -9 -9 -9 0.105 0.283 0.26 0.09 -0.03 -0.19 -0.146 -0.483 -0.169 0.154 0.07 -0.045 -0.378 -0.581 -0.38 -0.23 -0.292 -0.616 -0.456
0.668 0.806 1.177 1.249 1.251 1.241 1.219 1.166 1.147 1.163 1.13 1.109 1.109 1.087 1.084 1.094 1.072 1.07 1.064 1.036 0.994 0.921 0.594 0.249 0.482 0.829 0.911 0.854 0.954 1.05 1.113 1.126 1.139 1.16 1.181 1.158 1.028 0.886 0.868 0.946 -9 -9 -9 -9 -9 -9 -9 -9 -9 -9 -9 -9 -9 -9 -9 -9 -9 -9 -9 0.234 0.113 -0.112 -0.096 -0.259 -0.237 -0.503 -0.419 -0.145 -0.241 -0.151 -0.547 -0.951 -0.947 -0.909 -1.138 -1.121 -0.908
0.977 1.079 1.176 1.189 1.177 1.158 1.158 1.144 1.131 1.124 1.108 1.106 1.096 1.051 1.06 1.058 1.054 1.032 0.999 0.939 0.891 0.744 0.399 0.364 0.643 0.882 0.813 0.821 0.927 1.031 1.077 1.102 1.129 1.145 1.174 1.183 1.109 0.916 -9 -9 -9 -9 -9 -9 -9 -9 -9 -9 -9 -9 -9 -9 -9 -9 -9 -9 -9 -9 -9 0.014 0.015 -0.121 -0.206 -0.168 -0.302 -0.462 -0.187 -0.266 -0.281 -0.526 -0.758 -0.935 -1.289 -1.212 -1.374 -1.235 -0.963
1.106 1.006 0.973 1.127 1.141 1.131 1.132 1.118 1.119 1.099 1.086 1.077 1.051 1.046 1.033 1.025 1.018 0.988 0.915 0.803 0.708 0.464 0.215 0.43 0.664 0.839 0.741 0.802 0.892 0.955 1.029 1.073 1.109 1.133 1.158 1.181 1.161 -9 -9 -9 -9 -9 -9 -9 -9 -9 -9 -9 -9 -9 -9 -9 -9 -9 -9 -9 -9 -9 -9 0.054 -0.06 -0.146 -0.096 0.152 -0.116 -0.285 0.116 0.134 -0.105 -0.346 -0.649 -1.027 -1.237 -0.965 -0.948 -0.864 -0.738
1.114 1.1 0.804 1.02 1.095 1.081 1.076 1.065 1.061 1.049 1.023 1.015 0.993 1.005 1.004 0.975 0.967 0.932 0.862 0.709 0.475 0.181 0.248 0.55 0.723 0.735 0.696 0.813 0.785 0.828 0.967 1.047 1.088 1.124 1.138 -9 -9 -9 -9 -9 -9 -9 -9 -9 -9 -9 -9 -9 -9 -9 -9 -9 -9 -9 -9 -9 -9 -9 -9 0.489 0.276 0.111 0.191 0.32 0.144 0.022 0.264 0.437 -0.02 -0.264 -0.611 -1.029 -1.316 -1.121 -0.564 -0.165 -0.077
1.163 1.185 0.805 0.878 0.993 1.005 0.985 0.991 0.963 0.943 0.933 0.942 0.929 0.931 0.912 0.892 0.922 0.897 0.792 0.56 0.19 0.209 0.469 0.659 0.694 0.601 0.679 0.788 0.69 0.737 0.885 1.015 1.072 1.12 -9 -9 -9 -9 -9 -9 -9 -9 -9 -9 -9 -9 -9 -9 -9 -9 -9 -9 -9 -9 -9 -9 -9 -9 -9 -9 0.805 0.655 0.598 0.568 0.516 0.375 0.379 0.602 -0.045 -0.487 -0.906 -1.053 -1.09 -0.979 -0.253 0.257 -0.296
1.165 1.13 0.88 0.72 0.847 0.939 0.951 0.935 0.882 0.866 0.866 0.859 0.834 0.813 0.764 0.772 0.871 0.827 0.584 0.251 0.208 0.407 0.642 0.716 0.658 0.598 0.697 0.712 0.633 0.674 0.794 0.967 1.032 -9 -9 -9 -9 -9 -9 -9 -9 -9 -9 -9 -9 -9 -9 -9 -9 -9 -9 -9 -9 -9 -9 -9 -9 -9 -9 -9 0.929 0.93 0.896 0.849 0.792 0.7 0.647 0.452 -0.327 -0.711 -1.01 -0.782 -0.647 -0.653 0.099 0.189 -0.837
1.128 1.072 0.934 0.729 0.701 0.894 0.999 0.986 0.932 0.906 0.879 0.841 0.818 0.805 0.74 0.724 0.75 0.695 0.382 0.216 0.438 0.638 0.749 0.722 0.613 0.601 0.645 0.642 0.587 0.595 0.711 0.886 -9 -9 -9 -9 -9 -9 -9 -9 -9 -9 -9 -9 -9 -9 -9 -9 -9 -9 -9 -9 -9 -9 -9 -9 -9 -9 -9 -9 -9 0.829 0.904 0.941 0.921 0.917 0.884 0.472 -0.015 -0.41 -0.732 -0.283 -0.211 -0.096 0.482 0.207 -0.737
1.093 1.076 0.99 0.856 0.644 0.8 1.005 1.043 1 0.966 0.877 0.92 0.93 0.945 0.85 0.788 0.68 0.483 0.306 0.381 0.604 0.73 0.769 0.651 0.572 0.57 0.604 0.584 0.578 0.596 0.659 -9 -9 -9 -9 -9 -9 -9 -9 -9 -9 -9 -9 -9 -9 -9 -9 -9 -9 -9 -9 -9 -9 -9 -9 -9 -9 -9 -9 -9 -9 -9 0.71 0.729 0.778 0.805 0.908 0.771 0.242 -0.229 -0.089 0.273 0.468 0.444 0.551 0.318 -0.533
1.105 1.133 1.06 0.96 0.761 0.663 0.973 1.071 1.057 0.975 0.931 1.015 1.037 1.019 0.931 0.882 0.699 0.444 0.412 0.558 0.715 0.797 0.776 0.65 0.578 0.584 0.601 0.618 0.644 -9 -9 -9 -9 -9 -9 -9 -9 -9 -9 -9 -9 -9 -9 -9 -9 -9 -9 -9 -9 -9 -9 -9 -9 -9 -9 -9 -9 -9 -9 -9 -9 -9 0.42 0.283 0.329 0.43 0.764 0.858 0.412 0.188 0.572 0.626 0.403 0.037 0.16 -0.083 -0.936
1.183 1.217 1.118 1.026 0.915 0.773 0.945 1.09 1.09 0.99 1.01 1.091 1.102 1.045 1.014 0.96 0.799 0.616 0.575 0.693 0.792 0.846 0.775 0.703 0.625 0.624 0.658 0.684 -9 -9 -9 -9 -9 -9 -9 -9 -9 -9 -9 -9 -9 -9 -9 -9 -9 -9 -9 -9 -9 -9 -9 -9 -9 -9 -9 -9 -9 -9 -9 -9 -9 -9 -9 -0.116 0.018 0.292 0.378 0.692 0.735 0.739 0.595 0.217 -0.103 -0.47 -0.705 -0.816 -1.324
1.236 1.233 1.111 1.069 1.019 0.965 1.015 1.118 1.084 1.016 1.042 1.148 1.159 1.118 1.083 1.015 0.881 0.753 0.698 0.73 0.823 0.85 0.776 0.716 0.673 0.673 -9 -9 -9 -9 -9 -9 -9 -9 -9 -9 -9 -9 -9 -9 -9 -9 -9 -9 -9 -9 -9 -9 -9 -9 -9 -9 -9 -9 -9 -9 -9 -9 -9 -9 -9 -9 -9 -9 -0.022 0.075 -0.191 0.059 0.693 0.708 0.315 -0.159 -0.606 -1.049 -1.463 -1.469 -1.522
-9 1.272 1.172 1.1 1.105 1.1 1.134 1.108 1.063 1.087 1.127 1.171 1.101 1.072 1.109 -9 0.94 0.79 0.727 0.735 0.828 0.876 -9 -9 -9 -9 -9 -9 -9 -9 -9 -9 -9 -9 -9 -9 -9 -9 -9 -9 -9 -9 -9 -9 -9 -9 -9 -9 -9 -9 -9 -9 -9 -9 -9 -9 -9 -9 -9 -9 -9 -9 -9 -9 -9 -0.342 -0.259 0.082 0.507 0.645 0.071 -0.55 -1.025 -1.039 -1.312 -1.583 -1.29
-9 -9 -9 -9 -9 1.232 1.069 1.074 1.131 1.186 -9 -9 -9 -9 -9 -9 -9 -9 -9 -9 -9 -9 -9 -9 -9 -9 -9 -9 -9 -9 -9 -9 -9 -9 -9 -9 -9 -9 -9 -9 -9 -9 -9 -9 -9 -9 -9 -9 -9 -9 -9 -9 -9 -9 -9 -9 -9 -9 -9 -9 -9 -9 -9 -9 -9 -9 -0.303 -0.306 0.096 0.501 0.084 -0.365 -0.314 -0.391 -1.244 -1.747 -1.227
