data/climatemaps/RS_maps/climate_postbreed_tmp_2005.asc
NCOLS 369 
NROWS 228 
XLLCORNER 479000 
YLLCORNER 73000 
CELLSIZE 1000 
NODATA_value -9 
[rows 102 to 135 of 228, columns 231 to 307 of 369]
-0.872 -0.986 -1.103 -1.154 -1.343 -1.061 -0.593 0.06 0.622 0.791 0.354 -0.427 -0.44 -0.618 -0.988 -1.235 -1.096 -1.091 -0.96 -0.688 -0.293 0.236 0.299 -0.172 -0.279 -0.491 -0.894 -1.626 -1.677 -1.249 -0.873 -0.713 -0.645 -0.557 -0.458 -0.331 -0.38 -0.821 -0.875 -0.468 -0.751 -0.574 -0.071 0.398 0.175 -0.576 -0.45 0.011 0.309 0.63 1.014 1.041 0.826 0.183 -0.3 -0.066 -0.052 -0.481 -0.509 -0.149 0.232 0.259 0.12 0.34 0.507 0.599 0.601 0.622 0.566 0.5 0.319 0.02 -0.278 -0.758 -0.934 -1.056 -0.761
-0.794 -0.761 -0.912 -1.26 -1.145 -0.79 -0.443 0.228 0.806 0.504 0.179 -0.418 -0.919 -1.009 -1.179 -1.462 -1.328 -0.878 -0.624 -0.353 -0.034 0.251 0.229 -0.047 -0.474 -0.748 -1.315 -1.965 -1.767 -1.219 -0.941 -0.979 -1.111 -0.993 -0.969 -0.749 -0.533 -0.33 -0.227 0.01 0.092 0.173 0.419 0.241 -0.503 -0.846 -0.774 -0.358 0.113 0.513 1.013 1.018 0.695 0.167 -0.299 -0.425 -0.114 -0.391 -0.665 -0.343 -0.031 0.159 -0.157 -0.139 0.069 0.335 0.282 0.269 0.342 0.457 0.539 0.417 0.15 -0.384 -0.631 -0.771 -0.524
-0.843 -1.166 -1.115 -0.764 -0.386 -0.201 0.053 0.532 0.653 -0.013 -0.232 -0.131 -0.674 -1.151 -1.29 -1.285 -1.158 -0.824 -0.313 0.023 0.165 -0.031 -0.346 -0.289 -0.777 -1.206 -1.642 -1.845 -1.808 -1.581 -1.425 -1.524 -1.756 -1.777 -1.837 -1.59 -1.285 -1.182 -1.33 -1.09 -0.529 0.233 0.229 -0.67 -1.426 -1.195 -0.79 -0.374 0.128 0.653 1.034 0.977 0.642 0.227 -0.279 -0.662 -0.262 -0.344 -0.743 -0.565 -0.285 0.027 -0.383 -0.566 -0.322 0.092 -0.098 -0.253 -0.079 0.123 0.261 0.368 0.507 0.218 -0.194 -0.282 -0.179
-1.167 -0.959 -0.416 -0.163 -0.21 -0.263 -0.098 0.5 0.519 -0.072 -0.672 -0.323 -0.41 -1.06 -1.265 -1.021 -0.739 -0.504 -0.138 0.085 -0.198 -0.768 -0.93 -0.691 -1.135 -1.479 -1.58 -1.633 -1.62 -1.594 -1.318 -1.368 -1.699 -1.805 -1.925 -1.997 -1.958 -1.803 -1.15 -0.705 -0.262 0.328 -0.147 -0.966 -1.452 -1.054 -0.741 -0.259 0.377 0.902 0.996 0.893 0.608 0.129 -0.204 -0.665 -0.437 -0.58 -0.913 -0.76 -0.327 -0.2 -0.441 -0.864 -0.576 -0.215 -0.408 -0.562 -0.437 -0.269 -0.102 0.06 0.354 0.45 0.312 0.249 -0.001
-0.741 -0.301 -0.199 -0.396 -0.642 -0.753 -0.397 0.436 0.398 -0.284 -0.878 -0.727 -0.429 -1.171 -1.347 -0.898 -0.453 -0.274 -0.129 -0.449 -0.857 -1.417 -1.332 -1.125 -1.629 -1.501 -1.293 -1.393 -1.477 -1.251 -1.049 -0.982 -1.297 -1.54 -1.755 -1.77 -1.467 -1.428 -1.048 -0.579 0 0.206 -0.462 -1.354 -1.242 -0.945 -0.585 -0.097 0.57 0.989 0.918 0.775 0.528 0.001 -0.397 -0.724 -0.676 -1.016 -0.997 -0.707 -0.417 -0.603 -0.661 -1.021 -0.711 -0.565 -0.632 -0.85 -0.67 -0.463 -0.351 -0.328 -0.216 0.046 0.267 0.332 0.149
-0.314 -0.34 -0.601 -0.799 -0.76 -0.67 -0.245 0.452 0.085 -0.587 -1.309 -1.104 -0.74 -1.536 -1.473 -1.009 -0.775 -0.664 -0.38 -1.051 -1.732 -1.808 -1.647 -1.615 -1.793 -1.541 -1.127 -1.267 -1.488 -1.541 -1.46 -0.977 -0.892 -1.288 -1.642 -1.716 -1.503 -1.087 -0.618 -0.218 0.168 -0.133 -0.747 -1.311 -1.045 -0.657 -0.27 0.263 0.816 1.014 0.879 0.67 0.364 -0.246 -0.797 -0.977 -1.043 -1.211 -0.971 -0.792 -0.866 -0.994 -0.895 -1.03 -0.707 -0.881 -0.883 -1.041 -0.877 -0.672 -0.633 -0.701 -0.665 -0.417 -0.164 0.105 0.254
-0.525 -0.76 -1.084 -1.029 -0.854 -0.623 -0.199 0.323 -0.339 -1.066 -1.669 -1.443 -1.409 -1.838 -1.797 -1.539 -1.475 -1.129 -0.739 -1.523 -1.935 -1.817 -1.615 -1.523 -1.451 -1.46 -1.223 -0.943 -0.974 -1.3 -1.38 -1.287 -0.645 -0.88 -1.306 -1.452 -1.438 -0.968 -0.538 -0.068 0.082 -0.515 -1.013 -0.991 -0.7 -0.179 0.259 0.72 0.995 1.009 0.869 0.541 0.024 -0.544 -0.855 -0.806 -1.038 -1.105 -1.077 -1.018 -1.068 -1.036 -1.049 -0.962 -0.853 -1.007 -1.092 -1.063 -0.97 -0.923 -0.93 -1.082 -1.016 -0.865 -0.512 -0.115 0.177
-0.959 -1.138 -1.603 -1.411 -1.162 -0.885 -0.263 0.083 -0.568 -1.328 -1.619 -1.614 -1.975 -1.737 -1.786 -1.545 -1.532 -1.375 -1.287 -1.789 -1.632 -1.571 -1.432 -1.307 -1.194 -1.129 -1.044 -0.742 -0.547 -0.723 -1.048 -1.127 -0.624 -0.445 -0.802 -1.149 -1.162 -0.814 -0.506 -0.036 -0.005 -0.578 -0.726 -0.403 -0.079 0.377 0.803 0.987 1.019 0.991 0.723 0.205 -0.34 -0.426 -0.397 -0.394 -0.656 -0.619 -0.748 -0.713 -0.828 -0.817 -0.86 -1.064 -1.112 -1.014 -0.938 -0.846 -0.922 -1.059 -1.177 -1.204 -0.986 -0.84 -0.555 -0.173 -0.077
-1.367 -1.647 -1.786 -1.616 -1.269 -0.75 -0.243 -0.8 -0.717 -1.127 -1.405 -1.53 -1.997 -1.58 -1.541 -1.525 -1.308 -1.47 -1.521 -1.545 -1.3 -1.285 -1.293 -1.088 -0.987 -0.851 -0.757 -0.608 -0.276 -0.288 -0.438 -0.742 -0.56 -0.148 -0.276 -0.772 -0.889 -0.691 -0.251 0.254 0.277 -0.083 0.021 0.388 0.65 0.866 1.011 1.01 0.96 0.917 0.619 0.019 -0.083 0.022 -0.006 -0.098 -0.269 -0.289 -0.409 -0.358 -0.493 -0.552 -0.671 -0.92 -1.013 -0.72 -0.736 -0.99 -1.211 -1.346 -1.377 -1.221 -0.9 -0.514 -0.325 -0.177 -0.331
-1.846 -1.868 -1.541 -1.408 -1.006 -0.257 -0.563 -1.65 -1.226 -0.818 -1.003 -1.675 -1.979 -1.644 -1.358 -1.346 -1.091 -1.352 -1.178 -1.259 -0.973 -1.028 -1.347 -1.205 -1.009 -0.802 -0.543 -0.429 -0.181 -0.02 0.096 -0.011 0.04 0.24 0.213 -0.206 -0.367 -0.326 0.013 0.501 0.675 0.607 0.75 0.9 0.98 1.006 0.906 0.772 0.433 0.513 0.782 0.461 0.492 0.525 0.431 0.326 0.191 0.118 0.012 -0.038 -0.087 -0.181 -0.433 -0.63 -0.815 -0.567 -0.922 -1.254 -1.316 -1.523 -1.475 -1.289 -0.949 -0.456 -0.265 -0.357 -0.684
-2.042 -1.669 -1.133 -0.99 -0.619 -0.126 -0.94 -1.956 -1.74 -1.043 -0.919 -1.783 -1.693 -1.718 -1.406 -0.954 -0.504 -0.887 -0.794 -1.085 -0.809 -0.804 -1.156 -1.236 -1.098 -0.995 -0.651 -0.312 -0.03 0.118 0.282 0.331 0.392 0.525 0.575 0.417 0.283 0.315 0.455 0.698 0.878 0.932 0.985 1.003 0.975 0.862 0.581 0.218 -0.095 0.259 0.693 0.706 0.577 0.512 0.53 0.607 0.526 0.386 0.32 0.247 0.169 0.086 -0.091 -0.246 -0.448 -0.457 -0.881 -1.045 -1.047 -1.253 -1.428 -1.202 -0.869 -0.395 -0.247 -0.591 -1.021
-2.019 -1.41 -1.101 -1.25 -1.067 -0.588 -0.984 -1.998 -1.786 -1.056 -1.129 -1.693 -1.56 -1.391 -1.349 -1.226 -0.628 -0.403 -0.635 -1.091 -0.974 -0.636 -0.938 -1.078 -0.799 -0.757 -0.529 -0.142 0.115 0.221 0.294 0.369 0.437 0.565 0.682 0.666 0.712 0.766 0.828 0.912 0.934 0.915 0.963 0.72 0.522 0.379 0.064 -0.352 -0.263 0.158 0.49 0.133 0.045 0.019 -0.015 0.205 0.231 0.198 0.033 -0.05 -0.148 -0.181 0.012 -0.069 -0.295 -0.478 -0.629 -0.753 -0.975 -1.152 -1.263 -0.974 -0.595 -0.235 -0.303 -0.666 -0.812
-1.922 -1.507 -1.672 -1.896 -1.337 -0.89 -1.312 -1.876 -1.571 -1.133 -1.436 -1.483 -1.519 -1.228 -0.966 -0.879 -0.645 -0.12 -0.504 -1.086 -1.002 -0.618 -0.702 -0.786 -0.457 -0.378 -0.347 -0.1 0.234 0.301 0.252 0.383 0.514 0.604 0.693 0.788 0.778 0.844 0.899 0.932 0.96 0.834 0.583 0.17 -0.04 -0.104 -0.352 -0.646 -0.234 0.249 0.3 -0.142 -0.476 -0.408 -0.39 -0.121 -0.13 -0.345 -0.498 -0.589 -0.657 -0.609 -0.195 -0.193 -0.524 -0.686 -0.836 -0.826 -1.211 -1.149 -0.955 -0.664 -0.31 -0.194 -0.438 -0.537 -0.602
-1.735 -1.975 -2.559 -2.448 -1.48 -1.384 -2.082 -2.033 -1.716 -1.447 -1.371 -1.077 -1.055 -1.213 -0.949 -0.534 -0.403 -0.016 -0.266 -0.784 -0.738 -0.542 -0.47 -0.644 -0.238 -0.013 -0.054 0.073 0.387 0.425 0.38 0.58 0.71 0.73 0.826 0.679 0.632 0.759 0.783 0.915 0.882 0.451 0.013 -0.372 -0.574 -0.595 -0.844 -0.769 -0.243 0.231 0.131 -0.314 -0.74 -0.826 -0.709 -0.489 -0.383 -0.877 -0.957 -0.918 -0.819 -0.628 -0.243 -0.374 -0.663 -0.939 -1.216 -1.192 -1.282 -0.986 -0.651 -0.332 -0.205 -0.285 -0.318 -0.708 -1.072
-1.31 -1.666 -2.454 -2.289 -1.915 -2.164 -2.291 -1.942 -1.539 -1.143 -0.969 -0.791 -0.603 -1.06 -1.024 -0.569 -0.329 -0.066 0.046 -0.378 -0.303 -0.342 -0.265 -0.499 -0.173 0.235 0.281 0.322 0.539 0.657 0.706 0.779 0.693 0.56 0.656 0.701 0.42 0.338 0.555 0.892 0.757 0.1 -0.192 -0.517 -0.714 -0.77 -0.9 -0.867 -0.441 0.066 0.1 -0.317 -0.68 -1.086 -0.957 -0.861 -0.548 -1.142 -1.171 -0.959 -0.712 -0.523 -0.282 -0.571 -0.827 -1.069 -1.363 -1.353 -1.281 -1.009 -0.531 -0.192 -0.479 -0.87 -0.611 -0.38 -0.868
-1.138 -1.609 -2.161 -2.301 -2.003 -1.821 -1.978 -1.686 -1.441 -1.321 -1.322 -1.024 -0.566 -0.654 -0.797 -0.5 -0.215 -0.067 0.245 0.087 0.139 0.032 0.078 -0.098 0.07 0.409 0.654 0.686 0.736 0.774 0.729 0.687 0.443 0.152 0.322 0.709 0.317 -0.151 0.241 0.748 0.897 0.378 -0.137 -0.234 -0.397 -0.649 -0.983 -0.973 -0.586 -0.086 0.111 -0.22 -0.513 -0.965 -1.185 -0.975 -0.844 -1.19 -1.024 -0.783 -0.592 -0.395 -0.407 -0.82 -1.202 -1.439 -1.349 -1.162 -1.064 -0.782 -0.327 -0.248 -0.712 -1.092 -1.123 -0.515 -0.565
-0.91 -1.474 -1.787 -1.887 -1.802 -1.437 -1.774 -1.947 -1.761 -1.472 -1.331 -1.035 -0.629 -0.301 -0.412 -0.298 0.01 0.18 0.425 0.495 0.555 0.478 0.53 0.426 0.509 0.678 0.827 0.81 0.705 0.535 0.357 0.375 0.116 -0.233 0.167 0.46 0.416 -0.345 -0.08 0.458 0.825 0.617 -0.017 0.132 -0.111 -0.601 -1.114 -1.032 -0.583 -0.283 -0.022 -0.041 -0.359 -0.84 -1.345 -1.128 -1.152 -1.088 -0.83 -0.637 -0.556 -0.352 -0.684 -1.029 -1.297 -1.327 -1.29 -1.06 -0.741 -0.417 -0.139 -0.374 -0.735 -1.133 -1.29 -0.961 -0.536
-0.8 -1.375 -1.578 -1.791 -1.814 -1.422 -1.171 -1.505 -1.32 -1.084 -0.884 -0.559 -0.256 -0.085 -0.065 -0.04 0.149 0.443 0.624 0.601 0.537 0.55 0.676 0.72 0.774 0.802 0.756 0.556 0.139 -0.109 -0.117 0.002 0.008 -0.349 -0.117 0.048 0.449 -0.195 -0.309 0.02 0.443 0.893 0.526 0.384 -0.073 -0.398 -0.907 -1.12 -0.9 -0.645 -0.334 -0.069 -0.266 -0.747 -1.331 -1.391 -1.382 -1.096 -0.765 -0.894 -0.832 -0.474 -0.965 -1.274 -1.461 -1.394 -0.99 -0.838 -0.549 -0.19 -0.302 -0.418 -0.449 -0.886 -1.261 -1.247 -0.832
-0.732 -1.372 -1.667 -1.568 -1.411 -1.352 -0.853 -0.752 -0.736 -0.616 -0.416 -0.219 0.061 0.171 0.233 0.276 0.48 0.587 0.395 0.276 0.196 0.176 0.213 0.352 0.626 0.722 0.434 0.013 -0.353 -0.565 -0.452 -0.304 -0.159 -0.768 -0.662 -0.112 0.375 -0.087 -0.533 -0.078 0.519 0.952 0.838 0.558 0.069 -0.235 -0.504 -0.97 -1.218 -0.82 -0.463 -0.184 -0.286 -0.73 -1.276 -1.481 -1.308 -1.126 -0.948 -1.115 -0.724 -0.926 -1.038 -1.305 -1.347 -1.163 -1.012 -0.701 -0.271 -0.206 -0.574 -0.794 -0.417 -0.665 -1.096 -1.304 -1.152
-0.523 -1.062 -1.52 -1.223 -1.037 -0.902 -0.681 -0.171 -0.129 -0.058 0.027 0.163 0.395 0.503 0.527 0.472 0.436 0.215 0.069 -0.044 -0.183 -0.261 -0.149 0.107 0.371 0.699 0.306 -0.241 -0.525 -0.774 -0.983 -0.88 -0.641 -0.922 -0.71 -0.298 0.21 -0.196 -0.565 -0.058 0.437 0.88 0.883 0.716 0.341 -0.079 -0.373 -0.856 -1.166 -0.797 -0.397 -0.174 -0.373 -0.815 -1.369 -1.67 -1.408 -1.417 -1.403 -1.026 -0.962 -1.296 -1.212 -1.342 -1.238 -0.959 -0.707 -0.471 -0.143 -0.339 -0.751 -1.036 -0.705 -0.583 -1.005 -1.346 -1.35
-0.571 -0.638 -1.249 -0.906 -0.69 -0.318 -0.158 0.22 0.399 0.44 0.468 0.482 0.378 0.287 0.219 0.145 0.108 -0.09 -0.211 -0.317 -0.448 -0.606 -0.422 -0.171 0.124 0.602 0.368 0.089 -0.041 -0.378 -0.97 -1.424 -1.146 -0.907 -0.39 -0.063 0.088 -0.473 -0.57 -0.091 0.376 0.818 0.948 0.81 0.567 -0.055 -0.634 -1.039 -1.07 -0.657 -0.278 -0.131 -0.415 -0.892 -1.449 -1.601 -1.686 -1.541 -1.296 -0.958 -1.257 -1.516 -1.35 -1.181 -1.141 -0.995 -0.989 -0.58 -0.158 -0.465 -0.842 -1.24 -1.06 -0.637 -0.824 -1.283 -1.437
-0.734 -0.334 -0.809 -0.539 -0.251 0.108 0.328 0.502 0.503 0.488 0.375 0.175 -0.094 -0.194 -0.116 -0.213 -0.23 -0.37 -0.555 -0.637 -0.805 -0.61 -0.379 -0.107 0.185 0.598 0.418 0.21 0.046 -0.309 -0.919 -1.536 -1.31 -0.854 -0.152 0.082 -0.288 -0.746 -0.53 -0.114 0.341 0.784 0.968 0.886 0.695 -0.019 -0.589 -0.781 -0.991 -0.56 -0.236 -0.108 -0.295 -0.834 -1.197 -1.436 -1.545 -1.314 -1.153 -1.343 -1.522 -1.38 -1.156 -0.728 -0.856 -0.81 -0.763 -0.332 -0.21 -0.725 -0.98 -1.346 -1.349 -0.811 -0.682 -1.249 -1.447
-0.573 -0.069 -0.193 -0.003 0.188 0.437 0.493 0.22 -0.002 0.152 -0.171 -0.357 -0.611 -0.667 -0.381 -0.539 -0.504 -0.484 -0.86 -0.808 -0.583 -0.344 -0.112 0.118 0.434 0.515 0.136 -0.228 -0.322 -0.672 -1.286 -1.561 -1.045 -0.673 -0.054 -0.098 -0.696 -0.709 -0.428 -0.121 0.274 0.7 0.952 0.929 0.752 0.202 -0.151 -0.585 -1.006 -0.549 -0.286 -0.102 -0.207 -0.807 -1.06 -1.456 -1.376 -1.343 -1.379 -1.322 -1.163 -1.066 -0.906 -0.46 -0.436 -0.48 -0.464 -0.082 -0.325 -0.779 -1.161 -1.446 -1.538 -1.014 -0.653 -1.008 -1.31
-0.176 0.26 0.319 0.379 0.449 0.474 0.139 -0.396 -0.569 -0.254 -0.5 -0.887 -0.987 -0.88 -0.565 -0.8 -0.782 -0.7 -0.855 -0.64 -0.368 -0.118 0.123 0.361 0.538 0.314 0.055 -0.384 -0.644 -0.869 -1.373 -1.384 -0.769 -0.345 0.064 -0.254 -0.766 -0.632 -0.35 -0.06 0.303 0.656 0.904 0.943 0.807 0.407 -0.106 -0.314 -0.812 -0.589 -0.273 -0.041 -0.153 -0.831 -1.43 -1.447 -1.307 -0.969 -1.025 -0.792 -0.667 -0.67 -0.531 -0.271 -0.047 -0.172 -0.198 -0.276 -0.418 -0.751 -1.138 -1.412 -1.606 -1.209 -0.851 -1.1 -1.021
0.253 0.213 0.095 0.067 -0.004 0.143 -0.227 -0.7 -0.81 -0.779 -0.675 -1.267 -1.249 -0.982 -0.721 -0.892 -1.013 -0.997 -0.849 -0.491 -0.216 0.068 0.284 0.511 0.424 0.154 0 -0.272 -0.547 -0.805 -1.157 -1.254 -0.711 -0.243 0.085 -0.555 -0.76 -0.602 -0.34 -0.049 0.266 0.579 0.806 0.941 0.885 0.719 0.327 -0.092 -0.482 -0.353 -0.113 0.051 -0.114 -0.64 -1.349 -1.271 -1.141 -0.716 -0.642 -0.502 -0.252 -0.366 -0.21 0.012 0.119 -0.067 -0.191 -0.73 -0.65 -0.743 -1.103 -1.337 -1.482 -1.17 -1.263 -1.483 -1.135
-0.083 -0.286 -0.363 -0.387 -0.629 -0.054 -0.258 -0.658 -1.057 -1.181 -1.017 -1.547 -1.335 -1.039 -0.92 -1.099 -0.993 -0.976 -0.707 -0.42 -0.071 0.205 0.421 0.486 0.118 -0.301 -0.118 -0.264 -0.563 -0.848 -1.227 -1.167 -0.715 -0.224 -0.056 -0.743 -0.733 -0.512 -0.269 -0.008 0.253 0.548 0.788 0.839 0.558 0.645 0.709 0.473 0.071 0.173 0.283 0.031 -0.043 -0.417 -1.052 -1.09 -0.737 -0.439 -0.279 -0.33 -0.016 -0.043 0.164 0.217 -0.057 -0.373 -0.659 -1.016 -1.022 -0.74 -1.125 -1.533 -1.415 -1.36 -1.631 -1.586 -1.518
-0.643 -0.873 -0.912 -0.964 -0.788 -0.217 -0.111 -0.494 -1.036 -1.555 -1.422 -1.689 -1.499 -1.198 -1.065 -1.268 -1.079 -0.86 -0.553 -0.29 0.081 0.321 0.392 0.327 -0.178 -0.591 -0.558 -0.187 -0.467 -0.875 -1.312 -0.987 -0.553 -0.124 -0.346 -0.772 -0.589 -0.324 -0.114 0.104 0.379 0.519 0.625 0.67 0.206 0.02 0.099 0.377 0.564 0.532 0.467 0.146 0.116 -0.088 -0.542 -0.578 -0.263 -0.024 0.032 0.021 0.296 0.341 0.283 -0.041 -0.606 -0.918 -1.125 -1.257 -1.237 -1.059 -1.35 -1.433 -1.602 -1.728 -1.39 -1.434 -1.5
-0.931 -1.166 -1.244 -0.905 -0.594 -0.308 -0.006 -0.512 -1.144 -1.588 -1.697 -1.638 -1.469 -1.202 -1.179 -1.233 -1.061 -0.764 -0.354 -0.048 0.194 0.154 0.19 0.201 -0.418 -0.878 -0.978 -0.536 -0.446 -0.89 -1.218 -0.803 -0.322 -0.034 -0.431 -0.677 -0.505 -0.161 0.092 0.25 0.2 -0.061 0.256 0.535 0.171 -0.509 -0.525 -0.067 0.181 0.441 0.546 0.477 0.351 0.212 -0.037 0.005 0.197 0.378 0.394 0.463 0.522 0.475 0.298 -0.348 -0.916 -1.104 -1.148 -1.405 -1.387 -1.311 -1.225 -1.365 -1.62 -1.478 -1.193 -1.65 -1.523
-0.659 -1.23 -1.462 -1.111 -0.799 -0.736 -0.396 -0.236 -0.7 -1.244 -1.691 -1.612 -1.436 -1.21 -1.019 -0.865 -0.673 -0.414 -0.037 0.075 0.006 -0.3 -0.015 0.12 -0.458 -0.865 -1.072 -0.908 -0.719 -1.159 -1.032 -0.621 -0.152 -0.442 -0.45 -0.546 -0.768 -0.322 -0.158 -0.205 -0.387 -0.639 -0.205 0.455 0.157 -0.3 -0.583 -0.256 -0.258 -0.086 0.176 0.48 0.592 0.514 0.445 0.485 0.523 0.549 0.511 0.474 0.253 0.194 0.39 -0.07 -0.522 -0.585 -0.751 -1.075 -0.993 -1.004 -1.313 -1.611 -1.328 -0.945 -1.177 -1.653 -1.493
-0.717 -1.341 -1.712 -1.349 -1.052 -1.12 -0.965 -0.311 -0.305 -0.998 -1.53 -1.503 -1.329 -1.137 -0.997 -0.691 -0.382 -0.076 -0.041 -0.239 -0.443 -0.734 -0.22 0.202 -0.178 -0.581 -1.007 -1.209 -1.222 -1.16 -0.783 -0.391 -0.408 -0.824 -0.899 -0.586 -1.136 -0.866 -0.762 -0.784 -0.898 -0.718 -0.31 0.416 0.059 -0.531 -0.901 -0.638 -0.688 -0.475 -0.118 0.171 0.473 0.619 0.482 0.343 0.316 0.271 0.087 0.108 -0.319 -0.253 -0.045 0.252 0.152 -0.296 -0.743 -0.87 -0.872 -1.292 -1.267 -1.065 -0.89 -0.77 -1.301 -1.695 -1.433
-0.773 -1.288 -1.737 -1.551 -1.42 -1.342 -1.1 -0.523 -0.196 -0.945 -1.564 -1.556 -1.301 -1.173 -1.157 -0.717 -0.289 -0.107 -0.319 -0.801 -0.839 -0.964 -0.407 0.121 -0.205 -0.848 -1.349 -1.634 -1.375 -0.981 -0.581 -0.299 -0.58 -1.1 -1.196 -0.907 -1.614 -1.496 -1.232 -0.974 -0.746 -0.444 -0.13 0.403 0.2 -0.44 -1 -0.975 -0.917 -0.624 -0.343 -0.073 0.24 0.506 0.254 -0.245 -0.2 -0.359 -0.424 -0.239 -0.71 -0.513 -0.679 -0.295 0.199 0.065 -0.5 -0.838 -0.659 -0.699 -0.53 -0.514 -0.561 -0.772 -1.14 -1.469 -1.464
-0.905 -1.226 -1.694 -1.579 -1.339 -1.205 -1.04 -0.75 -0.555 -0.825 -1.538 -1.604 -1.187 -0.937 -0.883 -0.534 -0.209 -0.54 -0.713 -0.978 -1.347 -1.224 -0.785 -0.086 -0.512 -0.869 -1.132 -1.648 -1.45 -1.019 -0.521 -0.516 -0.956 -1.453 -1.393 -1.279 -1.617 -1.366 -1.023 -0.776 -0.533 -0.201 0.217 0.541 0.184 -0.32 -0.799 -1.102 -1.007 -0.741 -0.538 -0.243 0.05 0.302 0.148 -0.601 -0.702 -0.755 -0.842 -0.62 -0.933 -0.732 -0.867 -0.951 -0.288 0.066 -0.074 -0.265 -0.236 -0.426 -0.686 -0.903 -0.942 -0.816 -1.234 -1.61 -1.623
-1.096 -1.142 -1.564 -1.491 -1.264 -1.378 -1.46 -1.414 -1.379 -0.965 -1.39 -1.511 -1.225 -0.913 -0.548 -0.42 -0.339 -0.867 -1.279 -1.199 -1.577 -1.38 -0.798 -0.093 -0.568 -0.969 -0.951 -1.414 -1.379 -0.94 -0.526 -0.686 -1.463 -1.781 -1.555 -1.496 -1.431 -1.146 -0.908 -0.565 -0.258 0.065 0.444 0.532 -0.07 -0.553 -0.873 -1.206 -1.155 -0.884 -0.727 -0.415 -0.125 0.23 0.243 -0.402 -0.942 -1.147 -1.197 -1 -1.214 -1.036 -0.878 -1.096 -0.62 -0.155 0.101 -0.035 -0.426 -0.877 -1.169 -1.322 -1.355 -0.896 -1.286 -1.746 -1.928
-1.309 -1.384 -1.769 -1.856 -1.478 -1.779 -1.917 -1.994 -1.779 -1.257 -1.241 -1.472 -1.11 -0.807 -0.889 -0.68 -0.522 -1.057 -1.52 -1.764 -1.647 -1.167 -0.601 -0.035 -0.395 -1.198 -1.419 -1.585 -1.331 -0.899 -0.518 -0.745 -1.659 -1.78 -1.488 -1.368 -1.193 -1.042 -0.827 -0.473 -0.088 0.212 0.514 0.38 -0.415 -1.016 -1.087 -1.354 -1.298 -1.145 -1.085 -0.622 -0.149 0.212 0.359 -0.249 -0.842 -1.28 -1.589 -1.483 -1.401 -1.34 -1.065 -1.331 -1.034 -0.685 -0.2 -0.057 -0.5 -0.864 -1.123 -1.352 -1.464 -1.077 -1.27 -1.744 -1.956
