data/climatemaps/RS_maps/climate_postbreed_tmp_2010.asc
NCOLS 369 
NROWS 228 
XLLCORNER 479000 
YLLCORNER 73000 
CELLSIZE 1000 
NODATA_value -9 
[rows 136 to 169 of 228, columns 228 to 303 of 369]
-0.805 -1.359 -1.693 -1.985 -2.095 -2.32 -2.319 -1.962 -2.055 -2.051 -2.044 -1.86 -1.52 -1.561 -1.809 -1.539 -1.438 -1.495 -0.973 -0.916 -1.497 -2.029 -2.03 -1.616 -1.203 -0.649 -0.283 -0.749 -1.307 -1.752 -1.871 -1.609 -1.217 -0.837 -1.098 -1.934 -1.991 -1.672 -1.491 -1.303 -1.147 -1.075 -0.846 -0.558 -0.091 0.243 -0.04 -0.819 -1.476 -1.577 -1.691 -1.703 -1.444 -1.205 -0.799 -0.408 -0.132 0.055 -0.325 -0.877 -1.174 -1.74 -1.901 -1.896 -1.848 -1.639 -2.07 -1.776 -1.563 -1.115 -0.554 -1.051 -1.261 -1.421 -1.653 -1.825
-0.919 -1.32 -1.936 -2.295 -2.371 -2.393 -1.967 -1.603 -1.74 -1.723 -1.687 -1.576 -1.54 -1.724 -1.934 -1.585 -1.353 -1.19 -0.876 -1.224 -1.971 -2.089 -1.69 -1.316 -0.849 -0.397 -0.395 -0.954 -1.353 -1.397 -1.654 -1.591 -1.253 -0.924 -0.985 -1.685 -1.934 -1.722 -1.533 -1.416 -1.256 -1.223 -1.098 -0.713 -0.013 0.239 -0.241 -0.882 -1.276 -1.612 -1.984 -1.67 -1.266 -0.961 -0.755 -0.53 -0.287 0.009 -0.14 -0.552 -1.097 -1.497 -1.533 -1.759 -1.874 -1.834 -2.215 -1.979 -1.76 -1.275 -0.726 -1.16 -1.456 -1.605 -1.762 -1.987
-1.173 -0.998 -1.682 -2.125 -2.222 -2.196 -1.702 -1.253 -1.705 -1.931 -1.919 -1.704 -1.512 -1.928 -2.068 -2.088 -1.579 -1.058 -1.12 -1.615 -2.03 -1.802 -1.47 -1.028 -0.674 -0.612 -0.727 -0.857 -1.435 -1.462 -1.758 -1.632 -1.36 -1.053 -0.996 -1.636 -1.924 -1.798 -1.688 -1.584 -1.547 -1.445 -1.156 -0.702 -0.03 0.167 -0.458 -1.172 -1.385 -1.483 -1.888 -1.588 -1.127 -1.143 -1.035 -0.754 -0.407 -0.094 -0.026 -0.326 -0.925 -1.113 -1.121 -1.566 -1.596 -1.695 -2.063 -1.958 -1.587 -1.289 -0.892 -0.895 -1.07 -1.373 -1.698 -1.991
-1.464 -1.014 -1.309 -1.553 -1.717 -1.94 -1.763 -1.09 -1.44 -1.796 -1.59 -1.384 -1.432 -1.586 -1.932 -2.124 -1.747 -1.506 -1.458 -1.937 -2.04 -1.685 -1.214 -0.877 -0.892 -1.141 -1.111 -0.774 -1.263 -1.692 -1.812 -1.601 -1.316 -1.218 -1.44 -1.877 -1.989 -1.7 -1.505 -1.36 -1.377 -1.247 -1.109 -0.807 -0.186 -0.077 -0.69 -1.374 -1.676 -1.673 -1.782 -1.541 -1.357 -1.493 -1.288 -0.907 -0.461 -0.308 -0.198 -0.076 -0.532 -0.737 -0.779 -1.082 -1.241 -1.508 -2.073 -1.961 -1.608 -1.398 -1.158 -1.247 -1.091 -1.17 -1.305 -1.533
-1.81 -1.244 -1.434 -1.483 -1.792 -1.964 -1.438 -0.78 -0.94 -1.401 -1.221 -1.113 -1.052 -1.24 -1.591 -2.109 -2.087 -1.774 -1.778 -2.115 -1.776 -1.315 -0.938 -1.076 -1.326 -1.529 -1.335 -0.854 -1.14 -1.789 -1.889 -1.689 -1.482 -1.55 -1.711 -1.846 -1.902 -1.79 -1.391 -1.031 -0.928 -0.915 -1.075 -0.888 -0.253 -0.084 -0.648 -1.145 -1.266 -1.523 -1.773 -1.611 -1.625 -1.635 -1.271 -0.859 -0.562 -0.724 -0.619 -0.207 -0.218 -0.552 -0.869 -1.167 -1.405 -1.399 -1.721 -2.042 -1.86 -1.537 -1.369 -1.711 -1.563 -1.425 -1.455 -1.634
-1.88 -1.583 -1.846 -1.731 -1.681 -1.747 -1.329 -0.645 -0.66 -1.244 -1.006 -0.841 -1.016 -1.327 -1.734 -2.063 -2.068 -1.78 -1.765 -1.781 -1.31 -1.068 -1.087 -1.476 -1.669 -1.711 -1.335 -0.974 -1.256 -1.672 -1.955 -1.818 -1.69 -1.604 -1.517 -1.412 -1.556 -1.665 -1.156 -0.704 -0.409 -0.382 -0.472 -0.558 -0.306 -0.413 -0.322 -0.892 -1.404 -1.573 -1.724 -1.819 -1.701 -1.438 -1.139 -0.827 -0.823 -1.15 -0.986 -0.532 -0.304 -0.644 -1.068 -1.289 -1.577 -1.53 -1.461 -1.982 -1.974 -1.716 -1.787 -1.982 -1.829 -1.52 -1.299 -1.209
-2.042 -1.947 -1.938 -1.533 -1.226 -1.152 -1.106 -0.497 -0.37 -0.91 -0.824 -0.703 -1.142 -1.665 -2.045 -1.934 -1.523 -1.336 -1.252 -1.227 -1.075 -1.389 -1.513 -1.702 -1.836 -1.601 -1.17 -1.277 -1.674 -1.785 -1.753 -1.621 -1.616 -1.681 -1.482 -1.284 -0.971 -0.961 -0.604 -0.378 -0.379 -0.605 -0.475 -0.589 -0.773 -0.654 -0.341 -0.846 -1.346 -1.707 -1.809 -1.849 -1.563 -1.277 -0.978 -0.903 -1.284 -1.477 -1.085 -0.641 -0.336 -0.723 -1.19 -1.508 -1.805 -1.885 -1.601 -1.848 -2.17 -2.076 -2.038 -1.794 -1.457 -1.311 -1.535 -1.735
-1.962 -1.72 -1.485 -1.189 -0.87 -0.625 -0.62 -0.318 -0.27 -0.638 -0.838 -1.092 -1.187 -1.651 -2.121 -1.795 -1.335 -1.531 -1.421 -1.217 -1.165 -1.758 -1.879 -1.834 -1.635 -1.331 -1.356 -1.605 -1.782 -1.582 -1.347 -1.195 -1.254 -1.315 -1.09 -0.862 -0.685 -0.428 -0.472 -0.664 -0.944 -1.167 -0.787 -1.088 -1.124 -0.612 -0.334 -0.846 -1.216 -1.491 -1.677 -1.689 -1.404 -1.205 -1.009 -1.046 -1.675 -1.561 -1.212 -0.725 -0.366 -0.883 -1.35 -1.561 -1.852 -2.341 -2.157 -2.155 -2.19 -2.002 -1.603 -1.397 -1.442 -1.709 -2.046 -2.03
-1.566 -1.431 -1.258 -1.13 -0.94 -0.751 -0.664 -0.337 -0.435 -0.806 -1.058 -1.467 -1.558 -1.6 -2.074 -1.657 -1.499 -1.891 -1.731 -1.526 -1.188 -1.82 -2.169 -1.949 -1.678 -1.665 -1.544 -1.388 -1.431 -1.273 -0.921 -0.754 -0.735 -0.713 -0.526 -0.449 -0.465 -0.519 -0.82 -1.131 -1.395 -1.399 -0.924 -1.451 -1.339 -0.741 -0.522 -1.203 -1.384 -1.565 -1.576 -1.568 -1.287 -1.435 -1.254 -1.125 -1.89 -1.814 -1.535 -0.955 -0.451 -0.894 -1.203 -1.428 -1.761 -2.256 -2.403 -2.166 -2.193 -1.733 -1.483 -1.695 -1.692 -2.074 -2.063 -2.025
-1.34 -1.339 -1.228 -1.113 -0.933 -0.806 -0.847 -0.388 -0.238 -0.674 -0.992 -1.438 -1.863 -1.892 -2.168 -1.588 -1.69 -2.103 -1.951 -1.63 -1.251 -1.862 -2.202 -1.973 -2.041 -1.817 -1.413 -1.008 -0.923 -0.773 -0.581 -0.515 -0.5 -0.584 -0.781 -0.928 -0.998 -0.81 -1.024 -1.355 -1.64 -1.391 -1.046 -1.687 -1.52 -0.72 -0.636 -1.446 -1.808 -1.866 -1.713 -1.575 -1.422 -1.649 -1.29 -1.391 -2.041 -1.854 -1.462 -0.934 -0.463 -0.812 -0.999 -1.346 -1.804 -2.063 -2.352 -2.106 -1.825 -1.595 -1.826 -1.956 -1.778 -2.16 -1.977 -1.886
-0.85 -0.976 -0.938 -0.851 -0.652 -0.402 -0.242 -0.039 0.162 -0.567 -1.202 -1.135 -1.661 -2.095 -2.197 -1.503 -1.889 -2.178 -1.864 -1.417 -1.466 -1.87 -2.216 -2.014 -1.835 -1.442 -0.94 -0.632 -0.669 -0.844 -1.105 -0.787 -0.946 -1.506 -1.639 -1.309 -1.138 -0.944 -1.03 -1.524 -1.763 -1.38 -1.373 -1.815 -1.469 -0.7 -0.549 -1.119 -1.669 -1.754 -1.782 -1.672 -1.63 -1.613 -1.331 -1.882 -1.913 -1.542 -1.233 -0.744 -0.468 -0.637 -0.935 -1.203 -1.576 -1.881 -2.427 -2.128 -1.971 -1.793 -2.134 -2.009 -1.985 -2.072 -1.781 -1.604
-0.887 -0.771 -0.639 -0.562 -0.425 -0.212 -0.027 0.182 0.229 -0.442 -1.289 -1.122 -1.277 -1.842 -2.181 -1.604 -2.068 -2.414 -1.89 -1.562 -1.706 -2.047 -1.822 -1.447 -0.987 -0.725 -0.648 -0.866 -1.249 -1.166 -1.568 -1.139 -1.044 -1.876 -1.677 -1.343 -1.241 -1.084 -1.005 -1.617 -1.947 -1.613 -1.804 -1.785 -1.315 -0.846 -0.63 -0.664 -1 -1.192 -1.441 -1.574 -1.655 -1.639 -1.724 -1.951 -1.608 -1.215 -0.974 -1.008 -0.651 -0.675 -0.99 -1.201 -1.494 -1.799 -2.233 -2.193 -2.31 -2.017 -2.134 -1.947 -2.007 -2.029 -1.8 -1.54
-1.305 -0.963 -0.664 -0.555 -0.565 -0.577 -0.415 0.023 0.271 -0.273 -1.163 -1.323 -1.124 -1.791 -2.226 -1.781 -2.153 -2.599 -2.147 -1.999 -2 -1.957 -1.528 -0.863 -0.871 -1.073 -0.99 -1.236 -1.596 -1.589 -1.854 -1.467 -0.985 -1.597 -1.695 -1.515 -1.521 -1.246 -1.176 -1.688 -2.019 -1.956 -1.937 -1.56 -1.082 -1.164 -1.195 -0.72 -0.677 -1.033 -1.344 -1.498 -1.599 -1.786 -1.815 -1.533 -1.264 -1.032 -1.282 -1.266 -0.91 -0.593 -0.972 -1.315 -1.515 -1.757 -2.044 -2.026 -2.169 -2.066 -2.136 -1.932 -1.749 -1.816 -1.69 -1.388
-1.39 -1.377 -1.227 -1.083 -1.073 -0.99 -0.66 -0.117 0.401 -0.073 -0.709 -1.187 -1.127 -1.781 -2.308 -2.262 -2.241 -2.059 -1.844 -1.748 -1.789 -1.592 -1.031 -1.172 -1.453 -1.28 -1.097 -1.324 -1.798 -1.725 -1.691 -1.525 -1.071 -1.517 -2.005 -1.804 -1.755 -1.359 -1.305 -1.53 -1.745 -1.853 -1.619 -1.265 -1.095 -1.577 -1.528 -0.858 -0.781 -0.997 -1.58 -1.756 -1.852 -1.839 -1.629 -1.548 -1.53 -1.347 -1.424 -1.576 -1.176 -0.689 -0.794 -1.207 -1.443 -1.719 -1.858 -1.86 -1.993 -1.873 -2.09 -2.135 -1.678 -1.491 -1.327 -1.089
-1.104 -1.287 -1.552 -1.327 -1.133 -0.908 -0.549 -0.053 0.461 0.254 -0.159 -0.418 -0.919 -1.666 -2.071 -2.573 -2.222 -1.74 -1.766 -1.651 -1.337 -1.204 -1.404 -1.875 -1.678 -1.272 -1.141 -1.285 -1.526 -1.474 -1.651 -1.655 -1.207 -1.717 -2.134 -1.776 -1.541 -1.177 -1.053 -1.113 -1.346 -1.676 -1.501 -1.211 -1.373 -1.826 -1.471 -0.887 -0.954 -0.713 -1.282 -1.59 -1.772 -2.048 -2.024 -2.162 -2.168 -1.566 -1.725 -1.65 -1.267 -0.791 -0.768 -1.212 -1.637 -1.824 -1.753 -1.615 -1.838 -1.714 -1.915 -2.004 -1.926 -1.46 -1.014 -0.837
-0.69 -1.026 -1.535 -1.228 -0.825 -0.489 -0.178 0.216 0.513 0.326 -0.436 -0.562 -0.772 -1.36 -1.723 -2.076 -2.245 -2.159 -2.143 -1.948 -1.763 -1.798 -1.95 -1.807 -1.437 -1.122 -1.056 -1.045 -1.248 -1.644 -1.929 -1.612 -1.234 -1.811 -1.969 -1.508 -1.291 -1.137 -1.061 -0.892 -1.142 -1.426 -1.475 -1.349 -1.733 -1.993 -1.482 -0.922 -1.131 -0.798 -0.848 -1.044 -1.356 -1.719 -1.777 -2.083 -2.08 -1.632 -1.966 -1.688 -1.326 -0.946 -0.766 -1.149 -1.525 -1.506 -1.517 -1.373 -1.541 -1.448 -1.478 -1.48 -1.694 -1.277 -0.823 -0.779
-0.474 -0.921 -1.267 -1.047 -0.717 -0.21 0.307 0.59 0.61 0.209 -0.733 -1.309 -1.625 -1.53 -1.232 -1.685 -2.102 -2.309 -2.289 -2.298 -2.073 -2.04 -1.925 -1.676 -1.429 -1.13 -0.862 -0.805 -1.104 -1.775 -1.977 -1.651 -1.308 -1.92 -1.966 -1.621 -1.321 -1.089 -1.049 -0.857 -1.03 -1.052 -1.344 -1.68 -2.12 -1.999 -1.451 -0.95 -1.326 -0.974 -0.987 -0.968 -0.982 -1.207 -1.568 -1.848 -2.013 -1.875 -2.094 -1.856 -1.461 -1.19 -0.819 -0.901 -1.159 -1.121 -1.222 -1.318 -1.58 -1.612 -1.583 -1.41 -1.269 -0.988 -0.733 -0.844
-0.312 -0.807 -1.173 -0.918 -0.504 -0.18 0.262 0.693 0.596 -0.123 -1.098 -1.7 -1.927 -1.42 -1.059 -1.094 -1.518 -1.757 -1.779 -2.214 -1.938 -1.507 -1.628 -1.812 -1.581 -1.241 -0.784 -0.63 -0.887 -1.459 -1.886 -1.621 -1.36 -1.935 -2.051 -1.632 -1.242 -0.708 -0.698 -0.845 -0.889 -0.897 -1.53 -1.954 -2.016 -1.659 -1.162 -1.098 -1.489 -0.849 -1.208 -1.407 -1.146 -0.995 -1.221 -1.56 -1.886 -1.947 -2.052 -1.834 -1.541 -1.151 -0.967 -0.86 -1.018 -1.102 -1.342 -1.465 -1.799 -1.955 -1.839 -1.613 -1.236 -0.815 -0.703 -0.92
-0.115 -0.685 -1.169 -0.92 -0.52 -0.16 0.222 0.637 0.64 -0.184 -1.261 -1.457 -1.902 -1.54 -1.184 -0.759 -0.748 -1.047 -1.317 -1.951 -1.961 -1.389 -1.345 -1.8 -1.528 -1.234 -0.829 -0.558 -0.692 -0.951 -1.614 -1.609 -1.716 -2.074 -1.875 -1.37 -1.047 -0.557 -0.477 -0.8 -0.685 -0.789 -1.439 -1.918 -1.767 -1.513 -0.999 -1.17 -1.518 -0.855 -1.249 -1.671 -1.406 -1.299 -1.086 -1.142 -1.371 -1.5 -1.752 -1.73 -1.446 -1.203 -1.189 -0.971 -1.338 -1.463 -1.672 -1.664 -2.026 -2.066 -1.737 -1.292 -0.891 -0.705 -0.798 -1.133
0.224 -0.334 -0.908 -1.112 -0.811 -0.352 0.143 0.524 0.693 -0.023 -0.721 -0.993 -1.659 -1.588 -1.267 -0.843 -0.39 -0.798 -1.476 -2.112 -1.859 -1.213 -1.339 -1.701 -1.507 -1.266 -0.891 -0.55 -0.576 -0.751 -1.44 -1.842 -1.919 -1.804 -1.538 -1.286 -0.953 -0.475 -0.2 -0.632 -0.533 -0.797 -1.532 -2.007 -1.726 -1.51 -0.943 -1.198 -1.524 -0.875 -1.309 -1.807 -1.606 -1.606 -1.298 -1.031 -1.355 -1.283 -1.473 -1.75 -1.442 -1.405 -1.296 -1.082 -1.381 -1.659 -1.836 -1.759 -1.752 -1.488 -1.123 -0.796 -0.718 -0.861 -1.123 -1.432
0.53 0.073 -0.546 -1.099 -1.183 -0.726 -0.151 0.359 0.709 0.429 -0.093 -0.571 -1.253 -1.321 -1.13 -0.719 -0.28 -0.581 -1.602 -2.199 -1.65 -0.949 -1.098 -1.244 -1.205 -1.226 -0.966 -0.523 -0.463 -0.413 -0.922 -1.479 -1.549 -1.546 -1.241 -0.99 -0.643 -0.512 -0.214 -0.458 -0.473 -0.795 -1.299 -1.742 -1.762 -1.397 -0.859 -1.33 -1.532 -0.971 -1.208 -1.74 -1.834 -1.757 -1.314 -1.152 -1.714 -1.537 -1.345 -1.726 -1.652 -1.536 -1.243 -1.277 -1.544 -1.76 -1.627 -1.381 -1.131 -0.828 -0.721 -0.733 -0.886 -1.26 -1.522 -1.782
0.483 0.458 -0.084 -0.632 -1.134 -1.041 -0.528 -0.032 0.393 0.748 0.563 0.041 -0.752 -0.715 -0.498 -0.222 -0.097 -0.493 -1.425 -1.993 -1.629 -0.945 -0.623 -0.792 -1.139 -1.397 -1.094 -0.539 -0.18 -0.036 -0.353 -1.106 -1.679 -1.53 -1.145 -0.918 -0.932 -0.939 -0.346 -0.257 -0.582 -0.813 -1.048 -1.54 -1.629 -1.247 -0.881 -1.513 -1.638 -1.217 -0.982 -1.328 -1.834 -1.771 -1.339 -1.198 -1.77 -1.862 -1.438 -1.698 -1.728 -1.466 -1.35 -1.567 -1.785 -1.693 -1.383 -1.021 -0.799 -0.683 -0.737 -0.831 -1.186 -1.558 -1.733 -2.104
0.28 0.63 0.397 -0.149 -0.74 -1.063 -0.84 -0.47 -0.095 0.451 0.841 0.598 -0.216 -0.098 0.005 -0.23 -0.48 -0.57 -0.928 -1.394 -1.708 -1.151 -0.61 -0.591 -1.349 -1.502 -1.081 -0.843 -0.521 -0.147 0.011 -0.498 -1.518 -1.838 -1.626 -1.313 -1.175 -0.983 -0.35 -0.099 -0.649 -0.897 -1.242 -1.662 -1.691 -1.315 -0.915 -1.524 -1.8 -1.475 -1.145 -1.077 -1.703 -1.83 -1.444 -1.244 -1.729 -2.002 -1.714 -1.903 -1.72 -1.467 -1.489 -1.659 -1.726 -1.324 -0.994 -0.767 -0.686 -0.751 -0.954 -1.006 -1.15 -1.697 -1.906 -2.32
0.19 0.594 0.771 0.239 -0.312 -0.739 -0.985 -0.809 -0.372 0.23 0.817 0.883 0.305 0.119 -0.261 -0.387 -0.804 -1.061 -1.235 -1.35 -1.701 -1.274 -0.578 -0.495 -1.281 -1.51 -1.447 -1.292 -0.958 -0.321 0.213 -0.025 -0.995 -1.179 -1.649 -1.378 -1.084 -0.78 -0.416 0.106 -0.318 -0.584 -1.066 -1.519 -1.56 -1.409 -1.041 -1.348 -1.888 -1.687 -1.421 -1.032 -1.565 -1.853 -1.539 -1.472 -1.849 -2.054 -1.884 -1.93 -1.647 -1.331 -1.275 -1.212 -1.062 -0.811 -0.705 -0.775 -0.961 -1.188 -1.092 -1.276 -1.034 -1.451 -1.813 -2.348
-0.163 0.348 0.808 0.672 0.147 -0.346 -0.764 -0.947 -0.521 0.109 0.814 1.008 0.51 -0.219 -0.777 -0.81 -0.703 -0.944 -1.356 -1.664 -1.693 -1.242 -0.55 -0.45 -0.978 -1.199 -1.193 -1.194 -0.632 -0.119 0.391 0.225 -0.569 -1.113 -1.648 -1.284 -1 -0.926 -0.681 0.021 0.027 -0.41 -0.722 -1.025 -1.269 -1.57 -1.345 -1.294 -1.856 -1.874 -1.485 -1.06 -1.487 -1.869 -1.679 -1.684 -2.025 -1.95 -1.625 -1.335 -1.167 -0.883 -0.82 -0.623 -0.414 -0.522 -0.699 -0.97 -1.469 -1.637 -1.245 -1.386 -1.135 -1.285 -1.746 -2.253
-0.236 -0.16 0.39 0.92 0.676 0.098 -0.285 -0.794 -0.602 0.037 0.753 1.058 0.556 -0.341 -0.856 -1.09 -1.146 -1.17 -1.318 -1.784 -1.695 -1.057 -0.441 -0.552 -0.803 -0.987 -1.26 -1.253 -0.755 -0.165 0.461 0.378 -0.405 -1.425 -1.81 -1.42 -1.286 -1.129 -0.767 -0.032 0.011 -0.742 -1.071 -1.15 -1.375 -1.798 -1.641 -1.368 -1.86 -1.85 -1.333 -1.285 -1.385 -1.659 -1.852 -1.888 -2.03 -1.788 -1.562 -1.301 -1.142 -1.298 -1.172 -0.485 -0.385 -0.907 -0.93 -0.924 -1.695 -1.937 -1.455 -1.38 -1.364 -1.094 -1.646 -2.257
-0.723 -0.801 -0.128 0.655 0.959 0.616 0.282 -0.274 -0.508 0.067 0.81 1.069 0.616 0.173 -0.07 -0.354 -0.626 -0.908 -1.359 -1.808 -1.307 -0.722 -0.2 -0.711 -1.291 -1.53 -1.661 -1.3 -0.825 -0.208 0.486 0.481 -0.317 -1.312 -1.949 -1.659 -1.517 -1.343 -0.916 -0.081 0.134 -0.648 -1.244 -1.468 -1.64 -2.01 -1.666 -1.564 -1.994 -1.715 -1.507 -1.564 -1.714 -1.586 -1.799 -1.98 -1.777 -1.89 -2.01 -1.558 -1.345 -1.165 -0.967 -0.364 -0.452 -1.152 -1.295 -0.938 -1.521 -1.994 -1.638 -1.382 -1.62 -1.208 -1.487 -2.255
-1.299 -0.872 -0.22 -0.063 0.549 0.938 0.884 0.382 -0.12 0.111 0.893 1.015 0.344 0.037 0.127 0.13 -0.066 -0.399 -0.596 -1.013 -1.235 -0.696 -0.107 -0.495 -0.95 -1.373 -1.563 -1.102 -0.519 0.068 0.635 0.343 -0.373 -1.31 -1.927 -1.51 -1.307 -1.44 -0.982 -0.316 0.274 -0.253 -0.731 -1.032 -1.272 -1.818 -1.724 -1.679 -1.736 -1.702 -1.924 -1.792 -1.962 -1.841 -1.977 -1.831 -1.711 -1.597 -1.579 -1.367 -1.051 -0.592 -0.427 -0.208 -0.562 -1.337 -1.608 -1.105 -1.284 -1.952 -1.785 -1.435 -1.908 -1.513 -1.422 -2.082
-1.343 -0.903 -0.898 -0.602 0.019 0.451 1.036 1.025 0.598 0.408 1.023 0.821 0.12 -0.679 -0.556 -0.578 -0.441 -0.408 -0.935 -0.974 -1.183 -0.664 -0.02 -0.283 -0.944 -1.428 -1.47 -1.015 -0.418 0.386 0.778 0.05 -0.498 -1.253 -1.778 -1.501 -1.181 -1.184 -1.051 -0.436 0.309 0.153 -0.44 -0.752 -1.029 -1.455 -1.463 -1.158 -1.042 -1.337 -1.881 -1.584 -1.362 -1.399 -1.315 -1.106 -1.026 -0.819 -0.796 -0.648 -0.338 -0.098 0.022 -0.196 -0.836 -1.551 -1.721 -1.243 -1.418 -1.844 -2.019 -1.64 -2.089 -1.848 -1.574 -2.138
-1.563 -1.431 -1.044 -0.664 -0.602 -0.221 0.489 0.865 1.105 1.061 1.163 0.765 -0.145 -0.95 -1.09 -0.997 -0.75 -0.625 -1.178 -1.275 -1.261 -0.702 0.013 -0.329 -0.805 -1.216 -1.215 -0.802 -0.223 0.546 0.769 0.119 -0.288 -0.924 -1.415 -1.581 -1.274 -0.758 -0.619 -0.448 0.264 0.459 -0.388 -1.014 -1.173 -0.898 -0.851 -0.66 -0.577 -1.268 -1.095 -0.915 -0.604 -0.659 -0.571 -0.501 -0.211 -0.082 -0.068 0.046 0.195 0.158 -0.175 -0.418 -1.215 -1.875 -1.634 -1.379 -1.868 -1.722 -1.961 -1.98 -2.105 -2.218 -1.918 -2.061
-1.13 -1.42 -1.185 -1.087 -0.985 -0.467 0.311 0.239 0.506 1.091 1.192 0.844 -0.214 -0.721 -1.217 -1.177 -1.017 -1.118 -1.389 -1.619 -1.232 -0.592 0.13 -0.449 -0.946 -1.204 -0.901 -0.552 0 0.74 0.666 0.012 -0.288 -0.479 -0.984 -1.464 -1.24 -0.49 -0.168 -0.03 0.368 0.766 -0.05 -0.665 -0.459 -0.172 -0.108 -0.074 -0.4 -0.651 -0.342 -0.312 0.036 0.048 0.157 0.151 0.378 0.3 0.253 0.169 -0.006 -0.351 -0.804 -0.852 -1.6 -2.108 -1.635 -1.484 -2.081 -1.842 -1.464 -1.941 -2.237 -2.294 -1.655 -1.48
-0.457 -1.015 -1.475 -0.994 -0.624 0.006 0.106 -0.39 -0.002 0.821 1.188 1.025 -0.19 -0.959 -1.302 -1.27 -1.264 -1.436 -1.706 -1.452 -0.924 -0.352 0.198 -0.433 -0.978 -1.313 -0.968 -0.626 0.189 0.97 0.389 -0.246 -0.72 -0.644 -0.733 -1.352 -1.033 -0.54 -0.559 -0.272 0.29 0.89 0.411 0.026 0.538 0.702 0.644 0.467 0.207 0.329 0.384 0.41 0.554 0.57 0.483 0.451 0.312 -0.014 -0.189 -0.451 -0.755 -1.197 -1.233 -1.173 -1.644 -2.033 -1.693 -1.518 -1.923 -1.756 -1.329 -1.387 -1.706 -1.637 -1.284 -1.046
-0.696 -1.004 -1.064 -0.472 -0.11 -0.004 -0.441 -0.713 -0.222 0.565 1.136 1.175 0.144 -0.747 -0.746 -0.774 -0.887 -1.188 -1.54 -1.156 -0.658 -0.19 0.277 -0.392 -0.885 -1.289 -0.751 -0.32 0.589 1.013 0.365 -0.032 -0.569 -0.873 -0.926 -1.126 -1.097 -0.896 -0.963 -0.351 0.351 0.888 0.843 0.731 1.113 1.155 1.119 1.007 0.876 0.774 0.721 0.671 0.514 0.341 0.124 -0.06 -0.038 -0.213 -0.402 -0.79 -1.284 -1.749 -1.416 -1.267 -1.681 -1.966 -1.8 -1.602 -1.99 -1.752 -1.316 -0.95 -1.057 -0.887 -0.644 -0.585
-1.287 -1.313 -0.818 -0.649 -0.484 -0.468 -0.906 -0.63 -0.061 0.425 1.017 1.221 0.429 -0.365 -0.24 -0.654 -0.827 -1.183 -1.482 -1.203 -0.76 -0.192 0.339 -0.361 -1.075 -1.34 -0.697 0.072 0.909 0.869 0.168 -0.264 -0.201 -0.601 -1.226 -1.325 -1.095 -0.88 -0.876 -0.349 0.082 0.573 1.128 1.282 1.169 0.789 0.697 0.76 0.553 0.356 0.134 0.114 0.005 -0.113 -0.381 -0.735 -0.708 -0.45 -0.584 -0.677 -1.247 -1.804 -1.461 -1.407 -1.934 -2.274 -1.894 -1.693 -2.029 -1.974 -1.453 -0.878 -0.515 -0.599 -0.763 -0.498
