data/climatemaps/RS_maps/climate_winter_tmin_2019.asc
NCOLS 369 
NROWS 228 
XLLCORNER 479000 
YLLCORNER 73000 
CELLSIZE 1000 
NODATA_value -9 
[rows 34 to 67 of 228, columns 231 to 307 of 369]
1.287 1.276 1.261 1.262 1.26 1.248 1.247 1.253 1.279 1.282 1.279 1.283 1.292 1.285 1.283 1.286 1.285 1.285 1.299 1.299 1.283 1.283 1.276 1.266 1.251 1.236 1.234 1.242 1.249 1.249 1.249 1.249 1.263 1.263 1.274 1.278 1.277 1.279 1.283 1.283 1.283 1.283 1.283 1.283 1.283 1.282 1.281 1.283 1.283 1.283 1.283 1.283 1.283 1.283 1.283 1.283 1.283 1.283 1.283 1.283 1.283 1.283 1.283 1.273 1.215 1.068 0.927 -9 -9 -9 -9 -9 -9 -9 -9 -9 -9
1.28 1.293 1.278 1.276 1.255 1.236 1.258 1.282 1.306 1.296 1.295 1.284 1.278 1.269 1.269 1.258 1.282 1.275 1.283 1.283 1.282 1.281 1.276 1.249 1.235 1.23 1.223 1.236 1.236 1.236 1.238 1.238 1.252 1.252 1.261 1.261 1.26 1.27 1.275 1.279 1.283 1.283 1.283 1.274 1.273 1.272 1.27 1.271 1.271 1.27 1.283 1.283 1.283 1.283 1.283 1.283 1.283 1.283 1.283 1.283 1.283 1.283 1.283 1.28 1.2 1.027 0.894 -9 -9 -9 -9 -9 -9 -9 -9 -9 -9
1.273 1.298 1.295 1.295 1.289 1.286 1.304 1.304 1.3 1.285 1.285 1.271 1.253 1.252 1.252 1.252 1.251 1.251 1.251 1.264 1.25 1.249 1.264 1.239 1.225 1.22 1.233 1.236 1.236 1.23 1.23 1.234 1.245 1.245 1.252 1.252 1.252 1.268 1.268 1.271 1.273 1.273 1.272 1.268 1.268 1.268 1.268 1.268 1.268 1.268 1.269 1.268 1.268 1.268 1.273 1.282 1.282 1.282 1.283 1.282 1.28 1.279 1.279 1.271 1.211 1.002 0.89 0.956 -9 -9 -9 -9 -9 -9 -9 -9 -9
1.273 1.287 1.293 1.286 1.295 1.299 1.301 1.286 1.284 1.273 1.264 1.238 1.228 1.204 1.202 1.218 1.231 1.232 1.231 1.23 1.233 1.232 1.242 1.252 1.22 1.226 1.239 1.236 1.236 1.223 1.22 1.226 1.228 1.228 1.234 1.243 1.249 1.258 1.266 1.268 1.268 1.268 1.268 1.268 1.268 1.268 1.268 1.268 1.268 1.268 1.268 1.268 1.268 1.268 1.268 1.268 1.268 1.269 1.28 1.276 1.268 1.268 1.267 1.257 1.191 0.996 0.948 1.057 1.069 -9 -9 -9 -9 -9 -9 -9 -9
1.268 1.27 1.284 1.298 1.289 1.28 1.269 1.275 1.283 1.258 1.234 1.21 1.203 1.185 1.175 1.196 1.21 1.201 1.201 1.2 1.216 1.217 1.224 1.245 1.232 1.243 1.24 1.222 1.221 1.224 1.22 1.22 1.211 1.211 1.206 1.215 1.224 1.232 1.253 1.255 1.255 1.262 1.268 1.257 1.253 1.253 1.261 1.252 1.252 1.252 1.252 1.266 1.265 1.265 1.268 1.268 1.268 1.268 1.268 1.268 1.268 1.261 1.26 1.237 1.15 1.06 1.066 1.137 1.128 -9 -9 -9 -9 -9 -9 -9 -9
1.249 1.251 1.283 1.284 1.283 1.283 1.283 1.269 1.268 1.258 1.208 1.205 1.193 1.164 1.196 1.217 1.18 1.189 1.189 1.194 1.211 1.209 1.216 1.234 1.248 1.235 1.207 1.202 1.196 1.207 1.201 1.206 1.202 1.194 1.187 1.193 1.194 1.208 1.222 1.23 1.238 1.246 1.253 1.252 1.252 1.252 1.251 1.251 1.25 1.25 1.249 1.252 1.252 1.252 1.263 1.263 1.262 1.262 1.264 1.266 1.26 1.252 1.252 1.239 1.192 1.162 1.141 1.125 1.035 -9 -9 -9 -9 -9 -9 -9 -9
1.252 1.251 1.235 1.25 1.265 1.269 1.281 1.281 1.268 1.259 1.232 1.206 1.202 1.193 1.213 1.222 1.192 1.202 1.207 1.214 1.22 1.21 1.211 1.235 1.236 1.202 1.198 1.193 1.189 1.187 1.178 1.18 1.192 1.189 1.183 1.176 1.175 1.179 1.191 1.196 1.206 1.221 1.236 1.235 1.249 1.233 1.227 1.224 1.222 1.229 1.232 1.248 1.252 1.25 1.252 1.252 1.252 1.252 1.255 1.258 1.252 1.252 1.252 1.239 1.211 1.138 1.058 0.991 0.899 -9 -9 -9 -9 -9 -9 -9 -9
1.247 1.238 1.215 1.216 1.234 1.249 1.266 1.268 1.268 1.257 1.23 1.203 1.206 1.205 1.218 1.242 1.229 1.23 1.23 1.221 1.212 1.212 1.228 1.238 1.22 1.199 1.194 1.186 1.177 1.171 1.149 1.142 1.152 1.162 1.174 1.173 1.158 1.159 1.173 1.177 1.188 1.202 1.2 1.198 1.205 1.175 1.144 1.135 1.15 1.196 1.208 1.222 1.239 1.241 1.245 1.244 1.247 1.252 1.252 1.252 1.252 1.249 1.241 1.236 1.199 1.099 1.007 0.92 0.859 0.933 -9 -9 -9 -9 -9 -9 -9
1.186 1.22 1.223 1.2 1.219 1.226 1.256 1.261 1.257 1.246 1.235 1.226 1.215 1.223 1.239 1.252 1.242 1.236 1.223 1.217 1.214 1.234 1.237 1.229 1.203 1.193 1.177 1.174 1.151 1.116 1.089 1.085 1.088 1.134 1.162 1.159 1.149 1.141 1.145 1.144 1.168 1.167 1.146 1.132 1.112 1.068 1.042 1.062 1.105 1.135 1.14 1.147 1.169 1.19 1.222 1.236 1.238 1.242 1.242 1.241 1.241 1.239 1.236 1.231 1.217 1.147 1.028 0.929 0.899 0.981 -9 -9 -9 -9 -9 -9 -9
1.162 1.184 1.213 1.231 1.231 1.231 1.243 1.229 1.228 1.229 1.236 1.236 1.244 1.251 1.243 1.243 1.239 1.246 1.241 1.231 1.231 1.232 1.211 1.197 1.187 1.164 1.16 1.156 1.108 1.081 1.052 1.033 1.049 1.099 1.149 1.144 1.099 1.108 1.113 1.129 1.144 1.114 1.067 1.043 1.007 0.975 0.991 1.035 1.035 1.037 1.034 1.024 1.05 1.091 1.15 1.196 1.228 1.236 1.236 1.236 1.236 1.236 1.236 1.221 1.22 1.168 1.082 1.019 0.997 0.947 -9 -9 -9 -9 -9 -9 -9
1.161 1.187 1.207 1.198 1.207 1.221 1.231 1.2 1.215 1.212 1.228 1.233 1.243 1.235 1.222 1.226 1.225 1.232 1.241 1.232 1.213 1.19 1.179 1.175 1.174 1.171 1.157 1.126 1.089 1.062 1.049 1.039 1.063 1.102 1.132 1.115 1.064 1.096 1.099 1.117 1.103 1.04 0.999 0.977 0.953 0.938 0.939 0.981 0.988 0.976 0.99 0.945 0.967 1.04 1.111 1.181 1.221 1.224 1.223 1.223 1.222 1.222 1.221 1.22 1.206 1.1 1.005 0.957 0.906 0.812 -9 -9 -9 -9 -9 -9 -9
1.131 1.151 1.179 1.179 1.191 1.221 1.218 1.194 1.2 1.184 1.201 1.208 1.226 1.213 1.207 1.198 1.179 1.2 1.214 1.209 1.193 1.174 1.173 1.163 1.158 1.158 1.15 1.125 1.089 1.047 1.047 1.019 1.066 1.092 1.127 1.088 1.076 1.097 1.077 1.067 1.086 1.045 1.026 0.963 0.913 0.883 0.896 0.931 0.944 0.924 0.963 0.952 1 1.106 1.18 1.212 1.22 1.22 1.22 1.22 1.22 1.218 1.204 1.204 1.189 1.059 0.871 0.768 0.72 0.677 -9 -9 -9 -9 -9 -9 -9
1.118 1.117 1.145 1.182 1.186 1.211 1.186 1.167 1.15 1.144 1.167 1.173 1.201 1.208 1.192 1.189 1.178 1.189 1.191 1.18 1.189 1.173 1.158 1.147 1.145 1.156 1.125 1.11 1.085 1.062 1.051 1.061 1.096 1.118 1.113 1.07 1.068 1.038 1.015 1.007 1.024 1.009 1.016 0.949 0.913 0.876 0.859 0.863 0.897 0.926 0.969 1.004 1.059 1.148 1.202 1.207 1.206 1.206 1.205 1.205 1.204 1.204 1.203 1.187 1.171 1.006 0.789 0.661 0.6 0.639 -9 -9 -9 -9 -9 -9 -9
1.102 1.108 1.135 1.152 1.165 1.183 1.151 1.141 1.124 1.139 1.145 1.153 1.178 1.201 1.167 1.147 1.145 1.146 1.159 1.158 1.157 1.157 1.157 1.142 1.141 1.14 1.125 1.113 1.094 1.067 1.07 1.102 1.114 1.11 1.076 1.049 1.02 0.98 0.966 0.937 0.932 0.942 0.984 0.957 0.926 0.872 0.849 0.823 0.833 0.862 0.907 0.98 1.038 1.109 1.171 1.204 1.204 1.204 1.204 1.204 1.203 1.189 1.187 1.172 1.144 1.007 0.818 0.688 0.533 0.526 -9 -9 -9 -9 -9 -9 -9
1.089 1.087 1.118 1.113 1.138 1.16 1.123 1.114 1.09 1.115 1.114 1.122 1.174 1.19 1.146 1.098 1.086 1.079 1.103 1.115 1.136 1.137 1.151 1.144 1.138 1.126 1.116 1.114 1.093 1.094 1.101 1.104 1.112 1.079 1.032 1.006 0.978 0.94 0.928 0.904 0.895 0.905 0.918 0.932 0.92 0.876 0.819 0.835 0.874 0.907 0.984 1.085 1.153 1.185 1.188 1.189 1.189 1.198 1.203 1.191 1.189 1.185 1.178 1.166 1.114 1.043 0.928 0.776 0.568 0.478 0.621 -9 -9 -9 -9 -9 -9
1.112 1.095 1.084 1.089 1.118 1.131 1.097 1.067 1.06 1.085 1.095 1.094 1.174 1.179 1.141 1.127 1.121 1.103 1.088 1.085 1.069 1.091 1.103 1.105 1.114 1.105 1.075 1.073 1.053 1.07 1.075 1.068 1.078 1.06 1.014 0.976 0.938 0.916 0.924 0.915 0.89 0.855 0.844 0.861 0.836 0.823 0.839 0.891 0.976 1.043 1.117 1.171 1.183 1.188 1.187 1.187 1.187 1.187 1.186 1.186 1.187 1.174 1.17 1.133 0.998 0.997 0.99 0.867 0.661 0.509 0.504 -9 -9 -9 -9 -9 -9
1.089 1.095 1.086 1.071 1.102 1.096 1.065 1.063 1.087 1.094 1.107 1.125 1.142 1.181 1.138 1.09 1.06 1.034 1.044 1.04 1.012 1.039 1.063 1.055 1.074 1.072 1.038 1.045 1.03 1.016 1.016 1.02 1.044 1.037 1.025 0.98 0.959 0.944 0.928 0.888 0.847 0.828 0.816 0.789 0.759 0.806 0.916 0.997 1.07 1.135 1.163 1.172 1.173 1.173 1.173 1.173 1.173 1.179 1.174 1.176 1.18 1.158 1.068 0.937 0.768 0.806 0.975 0.872 0.699 0.538 0.429 -9 -9 -9 -9 -9 -9
1.066 1.044 1.05 1.048 1.03 1.056 1.024 1.031 1.032 1.041 1.088 1.099 1.141 1.166 1.162 1.125 1.092 1.059 1.058 1.032 1.001 1 1.017 1.032 1.049 1.02 0.985 1.016 1.027 0.991 0.969 0.988 1.021 0.999 1.03 0.996 0.97 0.953 0.93 0.889 0.872 0.849 0.76 0.727 0.747 0.841 0.92 1.031 1.116 1.141 1.157 1.157 1.17 1.17 1.169 1.169 1.168 1.17 1.172 1.167 1.153 1.062 0.865 0.643 0.602 0.694 0.86 0.779 0.61 0.469 0.415 -9 -9 -9 -9 -9 -9
1.045 1.038 1.028 0.983 0.99 1.038 1.047 1.062 1.078 1.092 1.091 1.107 1.134 1.162 1.124 1.094 1.112 1.097 1.06 1.045 1.016 0.985 0.996 1.005 1.015 0.959 0.958 0.994 0.99 0.974 0.96 0.992 1.007 0.981 1.015 0.993 0.926 0.895 0.912 0.917 0.883 0.797 0.78 0.79 0.741 0.8 0.935 1.053 1.129 1.141 1.155 1.157 1.157 1.157 1.157 1.157 1.157 1.162 1.166 1.153 1.082 0.929 0.703 0.502 0.545 0.622 0.739 0.699 0.565 0.402 0.298 -9 -9 -9 -9 -9 -9
1.094 1.051 1.029 0.945 0.97 0.988 1.042 1.054 1.074 1.064 1.068 1.065 1.103 1.147 1.088 1.041 1.063 1.102 1.07 1.045 1.012 0.991 0.978 0.954 0.998 0.94 0.945 0.97 0.938 0.955 0.982 0.986 0.967 0.961 0.997 0.993 0.919 0.884 0.831 0.817 0.838 0.841 0.832 0.806 0.791 0.848 0.958 1.074 1.138 1.141 1.144 1.152 1.152 1.151 1.151 1.152 1.157 1.157 1.157 1.125 0.997 0.809 0.561 0.418 0.525 0.646 0.684 0.584 0.449 0.199 -9 -9 -9 -9 -9 -9 -9
1.104 1.094 1.051 0.983 0.992 0.963 0.972 0.999 1.04 0.993 1.027 1.05 1.086 1.134 1.089 1.018 1.023 1.097 1.033 1.013 0.998 0.992 0.934 0.913 0.957 0.943 0.924 0.929 0.927 0.962 0.979 0.942 0.895 0.876 0.946 0.984 0.965 0.917 0.883 0.821 0.812 0.85 0.822 0.776 0.756 0.823 0.935 1.054 1.122 1.136 1.137 1.141 1.141 1.141 1.138 1.143 1.149 1.145 1.113 0.956 0.771 0.621 0.437 0.497 0.639 0.627 0.572 0.451 0.229 0.106 -9 -9 -9 -9 -9 -9 -9
1.045 1.023 1.073 1.033 0.993 0.971 0.932 0.971 1.003 0.934 0.998 1.034 1.076 1.12 1.092 1.011 1.002 1.084 1.029 0.984 0.923 0.93 0.9 0.882 0.9 0.878 0.873 0.911 0.925 0.952 0.958 0.892 0.832 0.758 0.793 0.862 0.931 0.959 0.901 0.851 0.837 0.799 0.759 0.719 0.752 0.868 0.972 1.065 1.11 1.123 1.127 1.134 1.134 1.118 1.092 1.132 1.125 1.097 1.002 0.785 0.661 0.456 0.328 0.501 0.619 0.48 0.387 0.354 0.217 0.201 -9 -9 -9 -9 -9 -9 -9
0.973 0.976 1.049 1.033 0.989 0.925 0.913 0.979 0.928 0.915 0.98 1.03 1.067 1.102 1.085 0.987 0.963 1.057 1 0.932 0.873 0.876 0.934 0.903 0.866 0.889 0.91 0.891 0.892 0.928 0.928 0.843 0.758 0.756 0.809 0.829 0.855 0.927 0.932 0.9 0.853 0.822 0.81 0.794 0.812 0.884 0.97 1.055 1.102 1.103 1.125 1.125 1.125 1.114 1.089 1.115 1.09 1.005 0.876 0.71 0.538 0.367 0.27 0.367 0.523 0.394 0.153 0.185 0.23 0.348 -9 -9 -9 -9 -9 -9 -9
0.946 0.994 1.008 0.987 0.935 0.904 0.844 0.896 0.901 0.955 0.978 0.979 1.017 1.074 1.079 0.983 0.911 1.01 1.03 1.003 0.971 0.959 0.924 0.905 0.923 0.92 0.875 0.804 0.816 0.89 0.913 0.844 0.799 0.833 0.86 0.86 0.847 0.846 0.894 0.901 0.884 0.846 0.774 0.733 0.705 0.752 0.874 0.963 1.038 1.073 1.116 1.116 1.115 1.124 1.11 1.096 1.027 0.949 0.843 0.7 0.608 0.416 0.315 0.33 0.422 0.35 0.12 0.243 0.279 -9 -9 -9 -9 -9 -9 -9 -9
0.956 1.011 0.969 0.932 0.932 0.861 0.792 0.842 0.927 0.979 0.918 0.904 0.979 1.022 1.089 0.966 0.864 0.907 0.989 1.016 0.99 0.982 0.949 0.949 0.926 0.855 0.764 0.783 0.821 0.892 0.9 0.857 0.85 0.857 0.789 0.771 0.777 0.729 0.764 0.833 0.873 0.815 0.714 0.617 0.552 0.636 0.751 0.871 0.96 1.066 1.11 1.11 1.11 1.113 1.105 1.056 1.033 0.98 0.87 0.767 0.611 0.532 0.574 0.475 0.339 0.309 0.079 0.202 -9 -9 -9 -9 -9 -9 -9 -9 -9
0.97 1.017 0.94 0.852 0.896 0.886 0.777 0.795 0.893 0.893 0.818 0.893 0.957 1.023 1.071 0.94 0.857 0.878 0.918 0.942 0.971 0.983 0.964 0.898 0.836 0.779 0.76 0.807 0.894 0.888 0.809 0.741 0.768 0.781 0.702 0.656 0.687 0.649 0.691 0.773 0.843 0.808 0.736 0.637 0.542 0.525 0.58 0.795 0.921 1.062 1.098 1.11 1.11 1.099 1.095 1.089 1.067 1.034 0.9 0.727 0.782 0.738 0.682 0.564 0.426 0.289 0.019 -0.081 -9 -9 -9 -9 -9 -9 -9 -9 -9
0.967 1.039 0.96 0.818 0.878 0.84 0.823 0.809 0.798 0.786 0.769 0.852 0.908 0.968 1.087 0.996 0.929 0.869 0.868 0.929 0.931 0.903 0.932 0.844 0.828 0.805 0.74 0.771 0.9 0.83 0.728 0.693 0.695 0.632 0.615 0.588 0.65 0.672 0.735 0.741 0.788 0.78 0.754 0.659 0.511 0.396 0.54 0.806 1.024 1.086 1.094 1.096 1.096 1.094 1.089 1.078 1.07 1.025 0.952 0.862 0.732 0.523 0.422 0.523 0.488 0.28 0.005 -9 -9 -9 -9 -9 -9 -9 -9 -9 -9
0.961 1.057 0.995 0.871 0.876 0.754 0.779 0.85 0.769 0.713 0.774 0.858 0.923 0.992 1.083 1.036 0.967 0.916 0.896 0.867 0.84 0.878 0.921 0.85 0.802 0.736 0.682 0.729 0.873 0.778 0.656 0.615 0.547 0.498 0.567 0.638 0.696 0.676 0.609 0.584 0.774 0.685 0.689 0.623 0.394 0.387 0.705 0.95 1.078 1.094 1.081 1.094 1.094 1.083 1.078 1.064 1.055 1.044 0.96 0.821 0.675 0.527 0.386 0.357 0.34 0.138 -9 -9 -9 -9 -9 -9 -9 -9 -9 -9 -9
0.962 1.072 1.03 0.943 0.813 0.779 0.902 0.922 0.862 0.715 0.731 0.75 0.827 0.906 1.041 1.075 0.989 0.887 0.802 0.759 0.773 0.809 0.88 0.78 0.729 0.671 0.628 0.641 0.787 0.736 0.576 0.533 0.5 0.544 0.603 0.638 0.605 0.434 0.387 0.584 0.667 0.407 0.429 0.511 0.382 0.499 0.858 1.057 1.082 1.079 1.078 1.078 1.077 1.077 1.073 1.062 1.053 1.019 0.926 0.755 0.56 0.465 0.376 0.285 -9 -9 -9 -9 -9 -9 -9 -9 -9 -9 -9 -9 -9
1.045 1.114 1.036 0.925 0.829 0.88 0.979 0.916 0.763 0.717 0.847 0.86 0.891 0.97 0.984 1.049 1.041 0.917 0.802 0.737 0.733 0.754 0.824 0.792 0.734 0.654 0.565 0.56 0.624 0.696 0.651 0.606 0.542 0.533 0.507 0.444 0.325 0.344 0.487 0.52 0.4 0.365 0.451 0.38 0.481 0.812 1.021 1.078 1.078 1.078 1.064 1.062 1.062 1.068 1.062 1.06 1.031 0.971 0.894 0.768 0.677 0.566 0.465 0.418 -9 -9 -9 -9 -9 -9 -9 -9 -9 -9 -9 -9 -9
1.119 1.123 1.074 1.029 0.929 0.948 0.995 0.859 0.849 0.879 0.895 0.924 0.952 0.919 0.854 0.966 1.063 1.003 0.891 0.809 0.761 0.758 0.748 0.653 0.689 0.666 0.625 0.618 0.529 0.589 0.666 0.59 0.527 0.427 0.202 0.085 0.235 0.448 0.274 0.221 0.37 0.392 0.283 0.448 0.748 0.99 1.07 1.078 1.078 1.073 1.062 1.06 1.059 1.045 1.054 1.018 0.975 0.975 0.817 0.68 0.651 0.638 0.608 -9 -9 -9 -9 -9 -9 -9 -9 -9 -9 -9 -9 -9 -9
1.063 1.065 1.105 1.099 1.04 1.048 1.007 0.955 0.95 0.892 0.928 0.939 0.885 0.774 0.718 0.831 0.978 1.035 0.999 0.921 0.855 0.796 0.697 0.583 0.57 0.605 0.608 0.596 0.526 0.536 0.586 0.521 0.419 0.141 -0.083 0.034 0.198 0.269 0.082 0.232 0.308 0.217 0.476 0.797 0.998 1.057 1.076 1.076 1.075 1.062 1.048 1.029 1.046 0.99 1.016 0.919 0.933 0.981 0.754 0.594 0.481 0.395 -9 -9 -9 -9 -9 -9 -9 -9 -9 -9 -9 -9 -9 -9 -9
1.145 1.144 1.143 1.131 1.11 1.093 1.087 1.058 1.007 0.969 0.952 0.866 0.767 0.668 0.638 0.75 0.843 0.951 0.98 0.961 0.947 0.877 0.737 0.656 0.68 0.707 0.699 0.672 0.618 0.61 0.567 0.422 0.095 -0.045 -0.163 0.003 0.057 0.061 0.164 0.087 0.271 0.521 0.826 1.021 1.062 1.062 1.062 1.062 1.06 1.041 0.973 0.983 1.034 0.991 0.97 0.907 0.957 0.943 0.787 0.694 0.532 0.268 -9 -9 -9 -9 -9 -9 -9 -9 -9 -9 -9 -9 -9 -9 -9
1.203 1.183 1.173 1.182 1.18 1.146 1.13 1.108 1.079 1.043 0.962 0.817 0.739 0.657 0.625 0.674 0.734 0.838 0.854 0.824 0.904 0.941 0.858 0.808 0.79 0.711 0.681 0.641 0.65 0.586 0.534 0.227 0.069 0.193 0.12 -0.145 -0.128 -0.029 -0.069 0.128 0.548 0.812 0.976 1.064 1.062 1.062 1.061 1.049 1.024 0.962 0.94 1.02 1.005 0.984 0.967 0.965 0.953 0.938 0.924 0.857 0.704 -9 -9 -9 -9 -9 -9 -9 -9 -9 -9 -9 -9 -9 -9 -9 -9
