data/climatemaps/RS_maps/climate_breeding_pr_2018.asc
NCOLS 369 
NROWS 228 
XLLCORNER 479000 
YLLCORNER 73000 
CELLSIZE 1000 
NODATA_value -9 
[rows 99 to 131 of 228, columns 74 to 147 of 369]
-1.095 -1.159 -1.209 -1.237 -1.243 -1.232 -1.215 -1.198 -1.189 -1.188 -1.196 -1.209 -1.224 -1.239 -1.252 -1.262 -1.272 -1.281 -1.279 -1.266 -1.26 -1.276 -1.301 -1.311 -1.32 -1.327 -1.331 -1.332 -1.337 -1.342 -1.348 -1.35 -1.348 -1.319 -1.288 -1.256 -1.228 -1.207 -1.208 -1.224 -1.241 -1.255 -1.272 -1.277 -1.283 -1.293 -1.306 -1.326 -1.333 -1.335 -1.329 -1.296 -1.237 -1.154 -1.086 -1.07 -0.99 -0.924 -0.83 -0.738 -0.723 -0.707 -0.687 -0.72 -0.769 -0.828 -0.839 -0.883 -0.927 -1.059 -1.151 -1.149 -1.111 -1.091
-1.146 -1.204 -1.243 -1.26 -1.259 -1.246 -1.231 -1.219 -1.213 -1.214 -1.221 -1.23 -1.238 -1.244 -1.247 -1.25 -1.253 -1.257 -1.254 -1.242 -1.258 -1.284 -1.302 -1.31 -1.317 -1.319 -1.312 -1.306 -1.319 -1.336 -1.346 -1.359 -1.348 -1.31 -1.263 -1.22 -1.199 -1.185 -1.199 -1.223 -1.241 -1.261 -1.286 -1.29 -1.296 -1.303 -1.313 -1.332 -1.333 -1.335 -1.334 -1.299 -1.258 -1.212 -1.167 -1.129 -1.052 -0.958 -0.858 -0.753 -0.739 -0.678 -0.637 -0.661 -0.699 -0.727 -0.733 -0.778 -0.851 -0.998 -1.113 -1.127 -1.12 -1.112
-1.162 -1.216 -1.255 -1.267 -1.264 -1.252 -1.24 -1.23 -1.227 -1.229 -1.235 -1.239 -1.241 -1.235 -1.229 -1.221 -1.22 -1.233 -1.249 -1.263 -1.283 -1.298 -1.308 -1.312 -1.311 -1.3 -1.284 -1.281 -1.296 -1.322 -1.337 -1.359 -1.34 -1.293 -1.239 -1.188 -1.173 -1.167 -1.188 -1.211 -1.231 -1.255 -1.274 -1.284 -1.295 -1.305 -1.316 -1.329 -1.329 -1.328 -1.329 -1.285 -1.243 -1.204 -1.197 -1.175 -1.098 -0.992 -0.894 -0.807 -0.774 -0.67 -0.62 -0.614 -0.602 -0.617 -0.628 -0.69 -0.795 -0.939 -1.072 -1.131 -1.153 -1.146
-1.169 -1.223 -1.257 -1.267 -1.263 -1.254 -1.244 -1.237 -1.236 -1.238 -1.24 -1.239 -1.229 -1.215 -1.201 -1.191 -1.199 -1.232 -1.26 -1.279 -1.294 -1.306 -1.312 -1.308 -1.292 -1.263 -1.246 -1.259 -1.281 -1.308 -1.328 -1.353 -1.332 -1.284 -1.236 -1.187 -1.167 -1.158 -1.17 -1.181 -1.2 -1.23 -1.248 -1.261 -1.266 -1.286 -1.297 -1.312 -1.311 -1.313 -1.315 -1.296 -1.257 -1.214 -1.187 -1.195 -1.136 -1.03 -0.94 -0.887 -0.799 -0.687 -0.649 -0.624 -0.588 -0.568 -0.541 -0.631 -0.743 -0.901 -1.032 -1.097 -1.145 -1.173
-1.19 -1.234 -1.258 -1.265 -1.261 -1.254 -1.247 -1.243 -1.242 -1.242 -1.241 -1.227 -1.209 -1.191 -1.187 -1.188 -1.218 -1.25 -1.27 -1.287 -1.302 -1.312 -1.31 -1.294 -1.264 -1.237 -1.226 -1.234 -1.259 -1.291 -1.316 -1.346 -1.324 -1.286 -1.233 -1.184 -1.149 -1.128 -1.131 -1.136 -1.155 -1.192 -1.218 -1.211 -1.223 -1.251 -1.246 -1.25 -1.273 -1.286 -1.292 -1.287 -1.275 -1.252 -1.222 -1.204 -1.167 -1.085 -0.994 -0.896 -0.824 -0.749 -0.683 -0.631 -0.588 -0.549 -0.523 -0.609 -0.743 -0.901 -0.99 -1.035 -1.076 -1.102
-1.215 -1.245 -1.26 -1.263 -1.26 -1.254 -1.249 -1.247 -1.247 -1.244 -1.233 -1.215 -1.201 -1.199 -1.207 -1.227 -1.249 -1.266 -1.283 -1.299 -1.31 -1.312 -1.302 -1.279 -1.247 -1.221 -1.207 -1.213 -1.246 -1.274 -1.302 -1.334 -1.31 -1.276 -1.226 -1.172 -1.136 -1.118 -1.109 -1.112 -1.126 -1.166 -1.164 -1.179 -1.203 -1.202 -1.156 -1.133 -1.192 -1.237 -1.265 -1.269 -1.257 -1.252 -1.241 -1.197 -1.169 -1.118 -1.025 -0.91 -0.835 -0.766 -0.683 -0.625 -0.599 -0.586 -0.587 -0.628 -0.76 -0.884 -0.964 -0.982 -1.008 -1.022
-1.239 -1.256 -1.264 -1.264 -1.26 -1.255 -1.252 -1.25 -1.248 -1.239 -1.223 -1.213 -1.211 -1.224 -1.239 -1.252 -1.267 -1.282 -1.296 -1.306 -1.311 -1.305 -1.288 -1.259 -1.235 -1.211 -1.196 -1.206 -1.24 -1.266 -1.291 -1.319 -1.302 -1.272 -1.219 -1.17 -1.137 -1.119 -1.11 -1.108 -1.124 -1.135 -1.131 -1.154 -1.16 -1.146 -1.115 -1.075 -1.089 -1.164 -1.214 -1.239 -1.246 -1.238 -1.239 -1.211 -1.173 -1.118 -1.032 -0.929 -0.84 -0.768 -0.694 -0.667 -0.652 -0.626 -0.624 -0.691 -0.781 -0.832 -0.925 -0.993 -1.011 -0.993
-1.262 -1.269 -1.27 -1.268 -1.263 -1.259 -1.255 -1.251 -1.244 -1.231 -1.218 -1.215 -1.227 -1.244 -1.255 -1.269 -1.282 -1.294 -1.301 -1.304 -1.303 -1.288 -1.259 -1.229 -1.224 -1.215 -1.204 -1.209 -1.228 -1.256 -1.283 -1.3 -1.28 -1.254 -1.226 -1.195 -1.172 -1.147 -1.13 -1.127 -1.135 -1.118 -1.105 -1.128 -1.125 -1.094 -1.02 -1.012 -1.008 -1.039 -1.136 -1.19 -1.221 -1.231 -1.23 -1.204 -1.172 -1.11 -1.007 -0.902 -0.806 -0.762 -0.753 -0.746 -0.731 -0.701 -0.695 -0.737 -0.758 -0.766 -0.832 -0.949 -0.994 -0.992
-1.283 -1.282 -1.279 -1.274 -1.269 -1.263 -1.256 -1.249 -1.241 -1.232 -1.225 -1.228 -1.244 -1.258 -1.269 -1.282 -1.293 -1.298 -1.297 -1.297 -1.283 -1.259 -1.231 -1.219 -1.214 -1.206 -1.204 -1.203 -1.217 -1.253 -1.262 -1.262 -1.261 -1.251 -1.232 -1.214 -1.205 -1.19 -1.169 -1.159 -1.152 -1.118 -1.129 -1.123 -1.099 -1.05 -0.968 -0.92 -0.897 -0.925 -1.03 -1.133 -1.178 -1.201 -1.212 -1.194 -1.158 -1.097 -0.989 -0.862 -0.773 -0.763 -0.778 -0.756 -0.717 -0.68 -0.703 -0.71 -0.711 -0.751 -0.763 -0.851 -0.962 -1.019
-1.301 -1.295 -1.288 -1.282 -1.274 -1.264 -1.254 -1.248 -1.244 -1.244 -1.246 -1.251 -1.263 -1.273 -1.282 -1.29 -1.293 -1.287 -1.28 -1.277 -1.26 -1.241 -1.217 -1.207 -1.189 -1.181 -1.185 -1.2 -1.218 -1.233 -1.224 -1.211 -1.205 -1.207 -1.204 -1.193 -1.193 -1.185 -1.167 -1.158 -1.167 -1.131 -1.121 -1.101 -1.062 -1.018 -0.935 -0.863 -0.832 -0.863 -0.948 -1.08 -1.105 -1.131 -1.18 -1.179 -1.146 -1.088 -0.994 -0.884 -0.82 -0.803 -0.757 -0.694 -0.635 -0.605 -0.627 -0.615 -0.638 -0.692 -0.713 -0.762 -0.879 -0.996
-1.316 -1.307 -1.298 -1.29 -1.277 -1.263 -1.254 -1.253 -1.256 -1.262 -1.269 -1.275 -1.281 -1.287 -1.29 -1.287 -1.276 -1.259 -1.255 -1.239 -1.229 -1.22 -1.204 -1.184 -1.165 -1.162 -1.179 -1.202 -1.21 -1.202 -1.188 -1.166 -1.153 -1.153 -1.161 -1.165 -1.172 -1.157 -1.136 -1.128 -1.152 -1.121 -1.091 -1.079 -1.043 -0.996 -0.933 -0.85 -0.801 -0.827 -0.929 -1.049 -1.014 -1.035 -1.126 -1.152 -1.134 -1.086 -1.014 -0.93 -0.869 -0.809 -0.707 -0.628 -0.553 -0.532 -0.522 -0.504 -0.535 -0.615 -0.675 -0.71 -0.822 -0.94
-1.326 -1.316 -1.306 -1.293 -1.279 -1.266 -1.261 -1.266 -1.275 -1.283 -1.289 -1.295 -1.298 -1.297 -1.289 -1.269 -1.242 -1.225 -1.224 -1.2 -1.193 -1.19 -1.178 -1.161 -1.144 -1.155 -1.187 -1.196 -1.188 -1.167 -1.145 -1.125 -1.113 -1.112 -1.118 -1.121 -1.135 -1.128 -1.107 -1.094 -1.123 -1.111 -1.08 -1.065 -1.023 -0.962 -0.916 -0.863 -0.807 -0.812 -0.927 -1.032 -0.979 -0.979 -1.048 -1.117 -1.119 -1.079 -1.01 -0.92 -0.862 -0.802 -0.661 -0.57 -0.469 -0.436 -0.402 -0.419 -0.47 -0.571 -0.665 -0.714 -0.798 -0.892
-1.333 -1.32 -1.307 -1.294 -1.283 -1.274 -1.276 -1.285 -1.294 -1.301 -1.307 -1.31 -1.307 -1.296 -1.269 -1.238 -1.21 -1.202 -1.186 -1.17 -1.165 -1.157 -1.145 -1.148 -1.144 -1.168 -1.189 -1.183 -1.162 -1.13 -1.102 -1.077 -1.073 -1.08 -1.082 -1.083 -1.095 -1.098 -1.068 -1.08 -1.103 -1.092 -1.083 -1.073 -1.023 -0.97 -0.908 -0.843 -0.8 -0.802 -0.911 -1.02 -0.968 -0.952 -0.99 -1.077 -1.106 -1.078 -1.008 -0.915 -0.867 -0.794 -0.624 -0.532 -0.448 -0.41 -0.388 -0.414 -0.477 -0.561 -0.64 -0.675 -0.749 -0.822
-1.333 -1.317 -1.304 -1.295 -1.289 -1.286 -1.295 -1.304 -1.311 -1.317 -1.321 -1.32 -1.307 -1.28 -1.237 -1.198 -1.179 -1.171 -1.15 -1.137 -1.13 -1.119 -1.117 -1.145 -1.168 -1.179 -1.182 -1.172 -1.144 -1.105 -1.071 -1.046 -1.037 -1.047 -1.051 -1.046 -1.052 -1.071 -1.061 -1.078 -1.078 -1.063 -1.07 -1.077 -1.048 -1.01 -0.943 -0.857 -0.78 -0.781 -0.887 -1.012 -0.998 -0.957 -0.967 -1.054 -1.098 -1.083 -1.022 -0.931 -0.893 -0.823 -0.681 -0.591 -0.513 -0.453 -0.422 -0.414 -0.443 -0.539 -0.587 -0.591 -0.65 -0.715
-1.318 -1.305 -1.298 -1.295 -1.295 -1.302 -1.311 -1.318 -1.325 -1.33 -1.33 -1.32 -1.297 -1.258 -1.216 -1.178 -1.162 -1.135 -1.114 -1.103 -1.091 -1.099 -1.119 -1.151 -1.174 -1.178 -1.177 -1.157 -1.131 -1.092 -1.056 -1.024 -1.004 -1.02 -1.022 -1.021 -1.018 -1.033 -1.056 -1.056 -1.042 -1.063 -1.08 -1.07 -1.055 -1.02 -0.966 -0.898 -0.815 -0.79 -0.873 -1.003 -1.04 -1.011 -0.986 -1.052 -1.094 -1.088 -1.044 -0.977 -0.95 -0.883 -0.759 -0.643 -0.539 -0.446 -0.417 -0.397 -0.428 -0.518 -0.55 -0.542 -0.563 -0.619
-1.288 -1.286 -1.288 -1.292 -1.3 -1.31 -1.32 -1.329 -1.335 -1.336 -1.329 -1.311 -1.284 -1.25 -1.218 -1.178 -1.133 -1.099 -1.079 -1.071 -1.076 -1.105 -1.129 -1.137 -1.155 -1.178 -1.171 -1.138 -1.113 -1.087 -1.053 -1.016 -0.996 -0.997 -0.993 -1.001 -0.994 -1.011 -1.046 -1.027 -1.021 -1.059 -1.08 -1.091 -1.076 -1.027 -0.953 -0.899 -0.842 -0.811 -0.874 -0.985 -1.049 -1.058 -1.037 -1.057 -1.09 -1.094 -1.068 -1.035 -0.991 -0.883 -0.732 -0.611 -0.504 -0.454 -0.448 -0.444 -0.465 -0.527 -0.579 -0.565 -0.571 -0.571
-1.265 -1.259 -1.27 -1.283 -1.295 -1.306 -1.322 -1.336 -1.341 -1.331 -1.318 -1.297 -1.269 -1.228 -1.196 -1.144 -1.104 -1.071 -1.036 -1.044 -1.078 -1.104 -1.106 -1.116 -1.139 -1.166 -1.169 -1.126 -1.106 -1.088 -1.059 -1.023 -1.003 -0.977 -0.959 -0.969 -0.983 -1.009 -1.009 -1.007 -1.014 -1.034 -1.051 -1.08 -1.085 -1.03 -0.983 -0.938 -0.883 -0.852 -0.878 -0.962 -1.044 -1.064 -1.046 -1.06 -1.083 -1.1 -1.088 -1.064 -1.008 -0.864 -0.727 -0.628 -0.56 -0.556 -0.522 -0.52 -0.533 -0.563 -0.622 -0.652 -0.627 -0.593
-1.238 -1.241 -1.248 -1.264 -1.282 -1.295 -1.319 -1.34 -1.34 -1.322 -1.293 -1.25 -1.239 -1.212 -1.176 -1.137 -1.096 -1.051 -1.03 -1.048 -1.065 -1.078 -1.097 -1.109 -1.123 -1.165 -1.161 -1.123 -1.112 -1.088 -1.053 -1.021 -1.001 -0.969 -0.943 -0.949 -0.971 -0.993 -0.984 -0.99 -0.99 -1.008 -1.041 -1.08 -1.086 -1.071 -1.043 -1 -0.954 -0.911 -0.91 -0.954 -1.035 -1.06 -1.039 -1.064 -1.08 -1.102 -1.094 -1.069 -1.007 -0.895 -0.815 -0.727 -0.675 -0.641 -0.59 -0.597 -0.613 -0.646 -0.674 -0.655 -0.614 -0.563
-1.215 -1.217 -1.218 -1.239 -1.266 -1.292 -1.326 -1.344 -1.336 -1.301 -1.246 -1.204 -1.196 -1.185 -1.158 -1.127 -1.089 -1.045 -1.036 -1.05 -1.054 -1.069 -1.078 -1.099 -1.125 -1.169 -1.166 -1.132 -1.119 -1.103 -1.069 -1.029 -1 -0.98 -0.955 -0.962 -0.966 -0.967 -0.958 -0.97 -0.959 -0.975 -1.014 -1.059 -1.087 -1.067 -1.009 -0.963 -0.938 -0.935 -0.922 -0.93 -1.017 -1.051 -1.039 -1.06 -1.082 -1.103 -1.092 -1.067 -0.992 -0.938 -0.865 -0.789 -0.728 -0.693 -0.67 -0.66 -0.665 -0.681 -0.683 -0.648 -0.564 -0.49
-1.196 -1.187 -1.196 -1.221 -1.264 -1.302 -1.334 -1.346 -1.327 -1.28 -1.213 -1.172 -1.153 -1.147 -1.147 -1.131 -1.108 -1.075 -1.054 -1.041 -1.056 -1.079 -1.09 -1.112 -1.145 -1.171 -1.149 -1.12 -1.11 -1.104 -1.086 -1.058 -1.033 -1.002 -0.978 -0.978 -0.985 -0.958 -0.958 -0.949 -0.922 -0.935 -0.966 -1.016 -1.05 -1.008 -0.955 -0.9 -0.884 -0.891 -0.913 -0.918 -1.008 -1.041 -1.036 -1.042 -1.081 -1.101 -1.095 -1.08 -0.981 -0.956 -0.875 -0.802 -0.77 -0.745 -0.714 -0.698 -0.683 -0.677 -0.657 -0.633 -0.579 -0.554
-1.174 -1.171 -1.192 -1.232 -1.279 -1.318 -1.342 -1.344 -1.311 -1.249 -1.177 -1.136 -1.116 -1.11 -1.11 -1.1 -1.087 -1.067 -1.046 -1.053 -1.082 -1.115 -1.133 -1.152 -1.171 -1.173 -1.139 -1.113 -1.107 -1.105 -1.081 -1.065 -1.045 -1.025 -1.006 -0.983 -0.995 -0.964 -0.953 -0.913 -0.869 -0.874 -0.922 -0.968 -1.005 -0.998 -0.951 -0.919 -0.898 -0.884 -0.873 -0.9 -0.993 -1.028 -1.029 -1.037 -1.076 -1.099 -1.102 -1.094 -1.032 -0.999 -0.956 -0.887 -0.831 -0.775 -0.726 -0.691 -0.695 -0.671 -0.664 -0.669 -0.637 -0.586
-1.16 -1.171 -1.211 -1.253 -1.298 -1.333 -1.348 -1.33 -1.273 -1.199 -1.131 -1.096 -1.077 -1.072 -1.065 -1.058 -1.056 -1.049 -1.049 -1.068 -1.096 -1.113 -1.148 -1.166 -1.168 -1.16 -1.142 -1.119 -1.11 -1.102 -1.075 -1.043 -1.023 -1.009 -1.013 -1.003 -1.003 -0.965 -0.92 -0.864 -0.817 -0.82 -0.865 -0.895 -0.931 -0.924 -0.915 -0.898 -0.859 -0.843 -0.838 -0.902 -0.997 -1 -1.002 -1.017 -1.061 -1.092 -1.099 -1.096 -1.076 -1.047 -0.987 -0.885 -0.784 -0.695 -0.619 -0.573 -0.616 -0.662 -0.64 -0.605 -0.54 -0.467
-1.159 -1.193 -1.239 -1.272 -1.316 -1.346 -1.342 -1.301 -1.233 -1.153 -1.09 -1.057 -1.042 -1.043 -1.04 -1.045 -1.042 -1.041 -1.056 -1.074 -1.096 -1.121 -1.153 -1.153 -1.149 -1.137 -1.131 -1.121 -1.112 -1.092 -1.071 -1.031 -1.006 -0.991 -1.006 -1.028 -1.029 -0.992 -0.93 -0.85 -0.803 -0.788 -0.767 -0.78 -0.803 -0.814 -0.804 -0.778 -0.755 -0.773 -0.834 -0.934 -0.996 -0.969 -0.979 -1.009 -1.041 -1.079 -1.093 -1.096 -1.088 -1.062 -0.967 -0.857 -0.753 -0.654 -0.573 -0.534 -0.54 -0.586 -0.549 -0.501 -0.434 -0.35
-1.177 -1.223 -1.255 -1.294 -1.334 -1.349 -1.322 -1.269 -1.193 -1.11 -1.054 -1.022 -1.012 -1.028 -1.039 -1.046 -1.042 -1.055 -1.064 -1.074 -1.103 -1.14 -1.145 -1.129 -1.114 -1.099 -1.086 -1.094 -1.099 -1.079 -1.059 -1.034 -1.003 -0.971 -0.992 -1.04 -1.085 -1.043 -0.993 -0.899 -0.776 -0.691 -0.63 -0.615 -0.641 -0.659 -0.656 -0.64 -0.613 -0.681 -0.781 -0.906 -0.973 -0.966 -0.965 -0.993 -1.023 -1.064 -1.083 -1.092 -1.092 -1.077 -0.973 -0.877 -0.784 -0.675 -0.564 -0.518 -0.502 -0.531 -0.486 -0.407 -0.361 -0.258
-1.195 -1.223 -1.262 -1.32 -1.344 -1.333 -1.291 -1.229 -1.147 -1.069 -1.018 -0.996 -0.998 -1.023 -1.039 -1.05 -1.056 -1.072 -1.061 -1.072 -1.108 -1.141 -1.131 -1.102 -1.078 -1.059 -1.046 -1.046 -1.053 -1.045 -1.039 -1.025 -0.98 -0.953 -0.989 -1.048 -1.102 -1.077 -1.019 -0.893 -0.724 -0.573 -0.475 -0.455 -0.476 -0.467 -0.471 -0.481 -0.454 -0.564 -0.706 -0.845 -0.93 -0.945 -0.946 -0.97 -1.004 -1.043 -1.069 -1.083 -1.091 -1.091 -1.046 -0.963 -0.841 -0.732 -0.632 -0.522 -0.501 -0.524 -0.429 -0.332 -0.291 -0.158
-1.194 -1.229 -1.284 -1.338 -1.34 -1.305 -1.246 -1.177 -1.093 -1.025 -0.986 -0.99 -1.012 -1.038 -1.055 -1.067 -1.076 -1.079 -1.066 -1.078 -1.104 -1.134 -1.125 -1.09 -1.058 -1.014 -1.003 -0.982 -0.981 -0.976 -0.991 -1.006 -0.973 -0.964 -0.999 -1.05 -1.088 -1.037 -0.956 -0.815 -0.638 -0.48 -0.388 -0.338 -0.324 -0.278 -0.29 -0.305 -0.322 -0.475 -0.638 -0.76 -0.87 -0.897 -0.896 -0.927 -0.972 -1.007 -1.043 -1.066 -1.084 -1.096 -1.093 -1.051 -0.947 -0.844 -0.725 -0.628 -0.611 -0.573 -0.448 -0.315 -0.199 -0.15
-1.202 -1.251 -1.313 -1.341 -1.314 -1.263 -1.195 -1.121 -1.043 -0.99 -0.977 -0.998 -1.025 -1.054 -1.069 -1.077 -1.075 -1.066 -1.06 -1.078 -1.098 -1.129 -1.12 -1.081 -1.034 -0.98 -0.931 -0.896 -0.872 -0.88 -0.899 -0.942 -0.955 -0.931 -0.957 -1.015 -1.046 -0.973 -0.88 -0.776 -0.652 -0.517 -0.455 -0.34 -0.268 -0.222 -0.18 -0.179 -0.256 -0.381 -0.479 -0.603 -0.765 -0.817 -0.841 -0.869 -0.92 -0.96 -0.998 -1.033 -1.067 -1.09 -1.105 -1.105 -1.069 -0.979 -0.851 -0.781 -0.771 -0.66 -0.509 -0.31 -0.219 -0.283
-1.222 -1.279 -1.332 -1.321 -1.281 -1.219 -1.142 -1.069 -1.01 -0.984 -0.989 -1.005 -1.031 -1.036 -1.037 -1.04 -1.031 -1.027 -1.035 -1.055 -1.087 -1.117 -1.104 -1.055 -0.997 -0.944 -0.86 -0.798 -0.75 -0.746 -0.758 -0.832 -0.87 -0.824 -0.84 -0.916 -0.991 -0.967 -0.916 -0.847 -0.746 -0.632 -0.573 -0.449 -0.367 -0.291 -0.199 -0.117 -0.186 -0.215 -0.305 -0.421 -0.558 -0.665 -0.744 -0.799 -0.848 -0.896 -0.938 -0.982 -1.027 -1.071 -1.101 -1.123 -1.13 -1.101 -1.014 -0.961 -0.907 -0.784 -0.589 -0.424 -0.427 -0.285
-1.249 -1.31 -1.323 -1.291 -1.243 -1.172 -1.099 -1.051 -1.007 -0.996 -0.993 -1.003 -1.011 -0.997 -0.986 -0.975 -0.95 -0.946 -0.976 -1.006 -1.06 -1.106 -1.083 -1.031 -0.966 -0.93 -0.804 -0.692 -0.613 -0.598 -0.662 -0.758 -0.734 -0.659 -0.671 -0.739 -0.89 -0.956 -0.927 -0.9 -0.839 -0.731 -0.613 -0.541 -0.389 -0.285 -0.129 -0.043 -0.017 -0.02 -0.104 -0.171 -0.271 -0.4 -0.508 -0.663 -0.767 -0.829 -0.856 -0.898 -0.975 -1.03 -1.08 -1.124 -1.151 -1.164 -1.152 -1.122 -1.061 -0.952 -0.732 -0.66 -0.454 -0.27
-1.261 -1.31 -1.297 -1.247 -1.196 -1.128 -1.081 -1.045 -1.013 -0.991 -0.981 -0.983 -0.962 -0.944 -0.922 -0.887 -0.864 -0.86 -0.89 -0.958 -1.056 -1.096 -1.091 -1.068 -1.029 -0.916 -0.755 -0.603 -0.493 -0.531 -0.628 -0.655 -0.635 -0.543 -0.544 -0.669 -0.846 -0.859 -0.764 -0.797 -0.758 -0.657 -0.548 -0.54 -0.311 -0.182 -0.001 0.062 0.089 0.062 0.056 0.027 -0.031 -0.089 -0.173 -0.36 -0.517 -0.688 -0.812 -0.877 -0.938 -0.993 -1.036 -1.102 -1.152 -1.182 -1.2 -1.203 -1.19 -1.119 -0.95 -0.74 -0.513 -0.465
-1.265 -1.286 -1.261 -1.204 -1.146 -1.094 -1.06 -1.023 -0.982 -0.959 -0.969 -0.943 -0.904 -0.877 -0.832 -0.786 -0.721 -0.727 -0.801 -0.903 -1.043 -1.123 -1.126 -1.122 -1.03 -0.885 -0.712 -0.509 -0.471 -0.546 -0.53 -0.528 -0.542 -0.436 -0.499 -0.644 -0.799 -0.738 -0.649 -0.731 -0.685 -0.551 -0.476 -0.489 -0.274 -0.081 -0.032 0.034 0.037 -0.113 -0.185 -0.203 -0.19 -0.065 -0.001 -0.124 -0.229 -0.432 -0.559 -0.773 -0.887 -0.962 -1.006 -1.055 -1.124 -1.169 -1.207 -1.223 -1.226 -1.205 -1.076 -0.828 -0.739 -0.724
-1.255 -1.238 -1.21 -1.148 -1.099 -1.059 -1.038 -1.006 -0.963 -0.952 -0.958 -0.911 -0.863 -0.808 -0.742 -0.697 -0.641 -0.676 -0.776 -0.897 -1.037 -1.145 -1.172 -1.11 -1.011 -0.863 -0.667 -0.502 -0.505 -0.526 -0.482 -0.423 -0.461 -0.403 -0.503 -0.639 -0.713 -0.619 -0.567 -0.636 -0.654 -0.499 -0.432 -0.407 -0.228 -0.207 -0.207 -0.256 -0.107 -0.188 -0.365 -0.287 -0.131 -0.12 -0.106 -0.038 -0.105 -0.238 -0.446 -0.656 -0.787 -0.899 -0.982 -1.025 -1.075 -1.132 -1.188 -1.221 -1.236 -1.231 -1.166 -1.036 -1 -0.99
-1.218 -1.188 -1.156 -1.095 -1.05 -1.024 -1.02 -0.989 -0.957 -0.961 -0.942 -0.889 -0.831 -0.773 -0.702 -0.66 -0.655 -0.717 -0.827 -0.962 -1.086 -1.168 -1.165 -1.077 -0.976 -0.821 -0.644 -0.508 -0.475 -0.466 -0.469 -0.373 -0.388 -0.373 -0.506 -0.659 -0.661 -0.575 -0.534 -0.528 -0.557 -0.382 -0.316 -0.307 -0.238 -0.243 -0.255 -0.441 -0.486 -0.517 -0.535 -0.392 -0.358 -0.342 -0.362 -0.362 -0.383 -0.448 -0.484 -0.594 -0.67 -0.866 -0.944 -0.988 -1.023 -1.063 -1.142 -1.202 -1.233 -1.239 -1.223 -1.189 -1.164 -1.142
