data/climatemaps/RS_maps/climate_breeding_pr_2006.asc
NCOLS 369 
NROWS 228 
XLLCORNER 479000 
YLLCORNER 73000 
CELLSIZE 1000 
NODATA_value -9 
[rows 132 to 164 of 228, columns 152 to 227 of 369]
-0.302 -0.416 -0.421 -0.302 -0.187 -0.045 0.267 0.52 0.795 1.054 1.219 1.337 1.452 1.42 1.427 1.45 1.389 1.371 1.384 1.348 1.211 1.105 1.231 1.12 0.855 0.911 0.411 -0.235 -0.036 0.203 -0.103 -0.365 -0.503 -0.433 -0.312 -0.029 0.276 0.592 0.767 0.924 1.044 1.243 1.514 1.581 1.368 1.202 1.105 1.116 1.041 0.835 0.633 0.408 0.141 -0.044 -0.227 -0.367 -0.542 -0.563 -0.384 -0.185 0.003 0.149 0.296 0.378 0.361 0.199 -0.085 -0.352 -0.486 -0.484 -0.541 -0.644 -0.567 -0.629 -0.611 -0.69
-0.16 -0.309 -0.298 -0.079 0.053 0.16 0.25 0.4 0.629 0.838 0.936 0.947 1.078 1.095 1.097 1.052 1.04 0.978 1.015 1.117 1.091 1.182 1.479 1.347 1.114 0.897 0.44 -0.074 0.16 0.446 0.227 -0.028 -0.335 -0.474 -0.474 -0.239 0.052 0.411 0.716 0.988 1.093 1.274 1.562 1.722 1.573 1.338 1.013 0.819 0.782 0.609 0.382 0.179 0.039 0 -0.042 -0.114 -0.452 -0.408 -0.28 -0.201 -0.148 0.039 0.281 0.297 0.247 0.003 -0.211 -0.264 -0.304 -0.314 -0.465 -0.473 -0.384 -0.462 -0.417 -0.539
0.068 -0.097 -0.249 -0.098 0.079 0.06 0.008 0.106 0.237 0.325 0.463 0.51 0.555 0.549 0.658 0.588 0.55 0.536 0.636 0.912 1.29 1.389 1.55 1.467 1.339 0.974 0.565 0.118 0.21 0.453 0.486 0.212 -0.043 -0.211 -0.408 -0.338 0.026 0.305 0.515 0.926 1.082 1.271 1.53 1.715 1.706 1.459 1.185 0.806 0.516 0.377 0.265 0.261 0.274 0.26 0.181 -0.037 -0.378 -0.467 -0.363 -0.311 -0.154 0.094 0.291 0.256 0.147 0.059 -0.09 -0.06 -0.131 -0.202 -0.349 -0.278 -0.203 -0.263 -0.262 -0.433
0.425 0.27 -0.072 -0.21 -0.172 -0.256 -0.306 -0.277 -0.2 -0.14 -0.047 0.038 0.038 0.065 0.179 0.137 0.109 0.159 0.378 0.886 1.388 1.539 1.561 1.502 1.413 1.079 0.769 0.442 0.336 0.345 0.466 0.521 0.329 0.114 -0.234 -0.344 -0.019 0.178 0.352 0.793 1.076 1.232 1.405 1.627 1.65 1.433 1.107 0.896 0.817 0.6 0.556 0.522 0.462 0.355 0.127 -0.15 -0.435 -0.516 -0.464 -0.348 -0.136 0.11 0.242 0.266 0.266 0.24 0.003 0.082 0.03 -0.098 -0.197 -0.083 -0.036 -0.081 -0.202 -0.435
0.793 0.62 0.3 -0.042 -0.332 -0.349 -0.289 -0.26 -0.237 -0.175 -0.12 -0.184 -0.283 -0.262 -0.198 -0.195 -0.161 -0.055 0.267 0.75 1.073 1.409 1.574 1.52 1.4 1.272 1.088 0.804 0.559 0.333 0.422 0.656 0.447 0.199 -0.144 -0.337 -0.076 0.052 0.283 0.629 0.977 1.145 1.261 1.476 1.571 1.386 1.184 1.139 1.003 0.826 0.725 0.494 0.343 0.149 -0.042 -0.308 -0.427 -0.378 -0.356 -0.312 -0.195 0.04 0.243 0.314 0.312 0.288 0.085 0.175 0.144 0.04 -0.031 0.105 0.136 0.024 -0.21 -0.403
1.136 0.914 0.593 0.168 -0.275 -0.129 0.014 0.123 0.12 0.122 0.055 -0.149 -0.328 -0.388 -0.376 -0.334 -0.175 0.081 0.221 0.458 0.811 1.19 1.427 1.411 1.263 1.14 1.057 0.808 0.529 0.39 0.538 0.679 0.464 0.241 -0.022 -0.325 -0.09 -0.079 0.129 0.454 0.8 1.054 1.17 1.375 1.522 1.456 1.367 1.204 1.013 0.809 0.578 0.289 0.049 -0.134 -0.277 -0.382 -0.316 -0.179 -0.107 -0.05 -0.116 -0.04 0.224 0.338 0.315 0.352 0.201 0.279 0.295 0.163 0.178 0.3 0.276 0.08 -0.194 -0.238
1.34 1.102 0.687 0.208 -0.189 -0.074 0.063 0.295 0.332 0.321 0.197 -0.014 -0.189 -0.285 -0.299 -0.261 0.085 0.453 0.482 0.51 0.714 0.996 1.308 1.392 1.25 1.027 0.861 0.638 0.486 0.484 0.658 0.634 0.459 0.19 -0.031 -0.285 -0.207 -0.066 0.091 0.411 0.691 0.884 1.11 1.414 1.473 1.361 1.238 1.071 0.822 0.568 0.28 0.027 -0.187 -0.263 -0.293 -0.36 -0.188 -0.074 0.07 0.157 0.14 0.048 0.167 0.334 0.345 0.445 0.323 0.356 0.419 0.277 0.39 0.428 0.323 0.123 -0.143 -0.084
1.478 1.138 0.789 0.408 -0.131 -0.168 -0.03 0.298 0.452 0.429 0.348 0.187 0.073 0.03 0.1 0.087 0.155 0.464 0.662 0.765 0.814 0.906 1.077 1.229 1.224 1.017 0.764 0.59 0.53 0.599 0.626 0.505 0.432 0.303 0.205 -0.128 -0.243 -0.005 0.198 0.445 0.608 0.794 1.078 1.313 1.346 1.303 1.152 0.976 0.761 0.356 0.01 -0.131 -0.171 -0.147 -0.207 -0.328 -0.13 0.039 0.19 0.271 0.308 0.25 0.191 0.351 0.377 0.485 0.413 0.418 0.496 0.408 0.536 0.479 0.316 0.058 -0.048 0.039
1.444 1.17 1.037 0.508 -0.053 -0.205 -0.048 0.305 0.542 0.551 0.503 0.43 0.409 0.435 0.599 0.412 0.142 0.351 0.464 0.677 0.966 1.024 0.948 0.927 1.044 1.009 0.798 0.711 0.649 0.576 0.636 0.55 0.532 0.474 0.35 0.126 -0.161 -0.056 0.155 0.428 0.548 0.696 1.008 1.188 1.167 1.159 1.003 0.817 0.579 0.172 -0.054 -0.035 -0.029 -0.047 -0.203 -0.238 -0.133 0.045 0.212 0.305 0.329 0.302 0.259 0.33 0.396 0.503 0.449 0.466 0.524 0.509 0.525 0.424 0.306 0.069 0.114 0.161
1.482 1.436 1.099 0.575 0.045 -0.201 0.009 0.317 0.532 0.586 0.666 0.736 0.89 1.007 0.955 0.647 0.306 0.292 0.388 0.572 0.859 1.105 1.071 0.912 0.807 0.84 0.826 0.74 0.699 0.596 0.642 0.576 0.491 0.43 0.343 0.237 0.003 -0.054 0.141 0.347 0.438 0.585 0.88 1.087 1.049 1.004 0.94 0.772 0.485 0.134 0.04 0.061 0.041 -0.024 -0.177 -0.134 -0.071 0.004 0.198 0.342 0.351 0.291 0.314 0.345 0.373 0.469 0.412 0.499 0.512 0.574 0.537 0.409 0.223 0.154 0.213 0.284
1.534 1.579 1.132 0.649 0.101 -0.167 0.07 0.251 0.434 0.652 0.868 1.234 1.458 1.192 1.026 0.848 0.641 0.622 0.631 0.551 0.759 0.953 1.087 1.003 0.788 0.651 0.618 0.536 0.535 0.458 0.457 0.487 0.478 0.469 0.385 0.292 0.112 -0.008 0.147 0.23 0.24 0.426 0.709 0.935 0.975 1.028 1.058 0.898 0.564 0.184 0.115 0.108 0.058 -0.031 -0.157 -0.116 -0.043 0.006 0.127 0.247 0.304 0.236 0.273 0.199 0.218 0.314 0.347 0.407 0.45 0.538 0.534 0.404 0.186 0.192 0.272 0.347
1.597 1.455 1.085 0.632 0.033 -0.174 -0.007 0.116 0.341 0.657 0.973 1.343 1.435 1.224 1.145 1.018 0.881 0.879 0.854 0.652 0.764 0.889 0.894 1.049 0.888 0.646 0.525 0.439 0.371 0.321 0.283 0.277 0.275 0.305 0.276 0.264 0.227 0.133 0.15 0.063 0.094 0.36 0.601 0.781 0.983 1.066 1.022 0.835 0.569 0.301 0.161 0.16 0.045 -0.052 -0.128 -0.11 -0.06 -0.1 -0.043 0.059 0.116 0.037 -0.039 -0.073 0.067 0.139 0.16 0.23 0.311 0.366 0.417 0.356 0.272 0.128 0.169 0.259
1.478 1.225 0.841 0.462 -0.119 -0.053 0.07 0.183 0.438 0.774 1.089 1.439 1.493 1.404 1.375 1.281 1.181 1.154 1.088 0.871 0.853 0.982 0.867 0.912 0.867 0.677 0.66 0.598 0.473 0.447 0.445 0.401 0.318 0.267 0.33 0.435 0.437 0.275 0.135 -0.066 0.085 0.333 0.598 0.738 0.937 0.943 0.859 0.759 0.632 0.441 0.206 0.196 0.018 0.002 -0.083 -0.173 -0.194 -0.223 -0.172 -0.164 -0.234 -0.327 -0.33 -0.219 -0.182 -0.138 -0.112 0.055 0.195 0.321 0.329 0.384 0.294 0.086 0.049 0.117
1.167 0.937 0.647 0.238 -0.202 0.054 0.264 0.448 0.749 0.984 1.154 1.405 1.447 1.419 1.345 1.349 1.402 1.387 1.224 1.142 1.123 1.104 0.99 0.845 0.8 0.82 0.897 0.813 0.728 0.67 0.598 0.496 0.441 0.473 0.555 0.597 0.486 0.276 0.053 -0.2 -0.061 0.225 0.456 0.668 0.843 0.845 0.812 0.8 0.688 0.464 0.224 0.208 0.067 0.053 -0.047 -0.258 -0.327 -0.347 -0.39 -0.47 -0.577 -0.665 -0.532 -0.436 -0.448 -0.418 -0.326 -0.204 -0.072 0.072 0.21 0.335 0.263 0.089 -0.027 -0.003
0.854 0.66 0.371 0.103 -0.228 -0.049 0.23 0.568 0.915 1.149 1.205 1.254 1.324 1.411 1.269 1.191 1.257 1.329 1.143 1.141 1.243 1.299 1.103 0.994 0.938 1.048 1.012 0.892 0.789 0.688 0.6 0.546 0.58 0.634 0.619 0.565 0.421 0.15 -0.162 -0.342 -0.221 0.033 0.264 0.506 0.59 0.743 0.78 0.8 0.644 0.471 0.288 0.176 0.054 -0.077 -0.135 -0.317 -0.526 -0.619 -0.702 -0.785 -0.874 -0.823 -0.702 -0.672 -0.682 -0.591 -0.475 -0.348 -0.237 -0.092 0.052 0.155 0.142 0.095 -0.003 -0.06
0.642 0.514 0.36 0.159 -0.17 -0.094 0.165 0.474 0.825 1.102 1.166 1.149 1.167 1.227 1.149 1.062 1.087 1.199 1.1 1.04 1.156 1.307 1.222 1.169 1.117 1.138 1.028 0.935 0.873 0.821 0.778 0.717 0.674 0.611 0.531 0.414 0.224 -0.082 -0.317 -0.384 -0.337 -0.189 0.05 0.249 0.377 0.565 0.59 0.621 0.583 0.388 0.175 -0.018 -0.165 -0.301 -0.385 -0.52 -0.674 -0.782 -0.868 -0.943 -0.999 -0.97 -0.912 -0.9 -0.896 -0.8 -0.708 -0.581 -0.437 -0.249 -0.107 -0.004 0.041 0.044 0.033 -0.005
0.753 0.743 0.516 0.199 -0.102 -0.002 0.204 0.397 0.613 1 1.2 1.142 1.038 0.99 0.952 0.918 0.945 1.043 1.026 0.977 1.021 1.113 1.186 1.211 1.126 1.16 1.13 1.074 1.006 0.885 0.872 0.742 0.636 0.461 0.33 0.183 -0.09 -0.31 -0.371 -0.283 -0.278 -0.242 -0.152 -0.046 0.258 0.373 0.362 0.505 0.476 0.231 -0.002 -0.227 -0.405 -0.565 -0.652 -0.68 -0.7 -0.734 -0.808 -0.892 -1.009 -1.064 -1.075 -1.09 -1.075 -1.016 -0.949 -0.839 -0.695 -0.475 -0.34 -0.228 -0.153 -0.113 -0.053 -0.029
0.97 0.815 0.476 0.186 0.047 0.18 0.361 0.554 0.765 1.05 1.162 1.157 1.04 0.892 0.8 0.761 0.784 0.825 0.908 0.936 0.958 1.003 1.054 1.094 1.068 1.146 1.194 1.132 1.063 0.883 0.728 0.658 0.469 0.28 0.053 -0.149 -0.304 -0.354 -0.28 -0.205 -0.18 -0.145 -0.066 0.042 0.112 0.216 0.318 0.339 0.241 0.027 -0.234 -0.459 -0.577 -0.618 -0.578 -0.543 -0.475 -0.492 -0.561 -0.686 -0.825 -0.92 -0.973 -1.016 -1.047 -1.046 -1.029 -0.982 -0.878 -0.709 -0.632 -0.559 -0.481 -0.416 -0.32 -0.245
0.951 0.72 0.483 0.336 0.313 0.425 0.587 0.824 1.01 1.095 1.07 1.06 0.98 0.837 0.707 0.614 0.62 0.729 0.884 0.923 0.951 0.98 0.965 0.943 1.011 1.133 1.197 1.138 1.131 0.915 0.58 0.485 0.272 -0.039 -0.246 -0.347 -0.375 -0.32 -0.217 -0.13 -0.069 -0.009 0.009 0.156 0.145 0.206 0.266 0.15 0.014 -0.195 -0.416 -0.507 -0.478 -0.455 -0.335 -0.299 -0.211 -0.256 -0.333 -0.463 -0.586 -0.692 -0.752 -0.783 -0.827 -0.836 -0.869 -0.939 -0.945 -0.883 -0.89 -0.865 -0.815 -0.744 -0.631 -0.527
0.925 0.756 0.598 0.526 0.549 0.672 0.811 0.906 0.99 1.039 1.023 0.975 0.901 0.796 0.677 0.553 0.517 0.617 0.77 0.922 1.005 1.024 0.927 0.865 1.007 1.005 1.044 1.01 0.941 0.842 0.541 0.19 -0.055 -0.258 -0.332 -0.297 -0.222 -0.194 -0.2 -0.159 -0.067 0.042 0.119 0.204 0.238 0.243 0.159 -0.015 -0.188 -0.326 -0.382 -0.326 -0.25 -0.211 -0.111 -0.026 -0.004 -0.083 -0.193 -0.299 -0.387 -0.482 -0.542 -0.55 -0.56 -0.528 -0.561 -0.711 -0.862 -0.942 -1.006 -1.043 -1.061 -1.019 -0.922 -0.803
1.032 0.887 0.778 0.751 0.789 0.826 0.827 0.901 0.945 0.959 0.961 0.938 0.903 0.851 0.733 0.542 0.446 0.465 0.598 0.825 0.928 0.919 0.794 0.738 0.915 0.864 0.843 0.884 0.735 0.602 0.317 -0.048 -0.255 -0.333 -0.272 -0.132 -0.023 0.03 0.006 -0.112 -0.075 0.036 0.13 0.2 0.219 0.194 0.07 -0.125 -0.22 -0.206 -0.196 -0.134 -0.04 -0.002 0.099 0.167 0.151 0.049 -0.069 -0.239 -0.334 -0.358 -0.368 -0.365 -0.332 -0.271 -0.323 -0.442 -0.605 -0.818 -0.934 -1.022 -1.128 -1.172 -1.137 -1.032
1.153 1.04 1.056 0.898 0.795 0.806 0.716 0.827 0.915 0.888 0.886 0.964 1.032 1.07 0.879 0.606 0.433 0.364 0.484 0.703 0.739 0.734 0.574 0.574 0.801 0.711 0.596 0.651 0.518 0.273 -0.016 -0.257 -0.318 -0.254 -0.131 0.029 0.177 0.259 0.215 0.067 -0.044 0.064 0.138 0.164 0.173 0.166 0.06 -0.044 -0.028 0.045 0.053 0.067 0.147 0.189 0.272 0.314 0.306 0.218 0.1 -0.104 -0.297 -0.384 -0.358 -0.329 -0.246 -0.162 -0.145 -0.181 -0.308 -0.506 -0.699 -0.875 -1.004 -1.124 -1.194 -1.162
0.971 0.858 0.853 0.66 0.601 0.644 0.628 0.666 0.777 0.885 0.956 1.093 1.01 0.912 0.882 0.729 0.501 0.38 0.419 0.614 0.598 0.45 0.345 0.47 0.584 0.556 0.468 0.323 0.195 -0.061 -0.243 -0.315 -0.239 -0.088 -0.014 0.153 0.347 0.397 0.357 0.278 0.132 0.172 0.183 0.208 0.226 0.231 0.198 0.183 0.223 0.274 0.26 0.233 0.267 0.35 0.379 0.386 0.36 0.289 0.228 0.02 -0.2 -0.407 -0.508 -0.415 -0.311 -0.2 -0.023 0.058 -0.031 -0.192 -0.428 -0.645 -0.742 -0.924 -1.097 -1.224
0.767 0.575 0.672 0.482 0.433 0.482 0.48 0.581 0.795 0.776 0.862 1.016 0.872 0.712 0.747 0.772 0.54 0.375 0.364 0.555 0.512 0.266 0.124 0.3 0.344 0.312 0.237 0.032 -0.132 -0.273 -0.297 -0.244 -0.123 0.059 0.148 0.262 0.486 0.544 0.532 0.482 0.312 0.289 0.257 0.254 0.262 0.263 0.285 0.358 0.422 0.444 0.358 0.262 0.276 0.37 0.423 0.422 0.327 0.19 0.165 0.042 -0.139 -0.357 -0.592 -0.569 -0.394 -0.215 0.025 0.145 0.104 -0.029 -0.265 -0.445 -0.524 -0.748 -0.971 -1.174
0.597 0.386 0.398 0.274 0.22 0.324 0.462 0.679 0.77 0.638 0.631 0.745 0.787 0.646 0.579 0.596 0.52 0.337 0.321 0.437 0.385 0.158 -0.093 0.008 0.082 0.03 -0.085 -0.25 -0.337 -0.303 -0.159 -0.026 -0.016 0.196 0.346 0.433 0.62 0.689 0.667 0.605 0.384 0.343 0.334 0.25 0.198 0.174 0.266 0.472 0.555 0.547 0.408 0.201 0.184 0.293 0.413 0.36 0.218 0.018 -0.027 -0.042 -0.22 -0.413 -0.696 -0.711 -0.434 -0.208 0.046 0.137 0.147 0.044 -0.144 -0.239 -0.248 -0.547 -0.793 -1.086
0.365 0.156 0.142 0.072 0.136 0.322 0.508 0.662 0.723 0.561 0.472 0.59 0.736 0.626 0.536 0.431 0.36 0.248 0.249 0.328 0.277 0.033 -0.318 -0.303 -0.207 -0.256 -0.389 -0.442 -0.373 -0.192 0.013 0.189 0.148 0.274 0.482 0.621 0.748 0.793 0.763 0.675 0.453 0.316 0.271 0.168 0.094 0.098 0.223 0.437 0.537 0.534 0.387 0.138 0.109 0.21 0.281 0.224 0.106 -0.136 -0.195 -0.199 -0.368 -0.598 -0.83 -0.812 -0.545 -0.27 0.035 0.24 0.297 0.233 0.182 0.113 -0.016 -0.313 -0.615 -0.93
0.076 0.021 0.087 0.166 0.29 0.443 0.479 0.502 0.592 0.472 0.438 0.567 0.622 0.541 0.472 0.334 0.165 0.136 0.198 0.283 0.178 -0.094 -0.492 -0.571 -0.501 -0.555 -0.596 -0.47 -0.262 -0.022 0.168 0.355 0.349 0.311 0.548 0.788 0.847 0.889 0.778 0.658 0.523 0.29 0.112 0 -0.046 0.022 0.165 0.394 0.482 0.524 0.368 0.092 -0.066 0.035 0.099 0.03 -0.085 -0.351 -0.435 -0.39 -0.502 -0.738 -0.968 -0.901 -0.627 -0.336 -0.049 0.217 0.398 0.388 0.361 0.263 0.085 -0.24 -0.556 -0.847
0.039 0.108 0.252 0.385 0.482 0.534 0.488 0.461 0.494 0.403 0.378 0.447 0.432 0.32 0.241 0.116 -0.007 0.031 0.139 0.179 0.021 -0.256 -0.629 -0.755 -0.739 -0.744 -0.633 -0.386 -0.137 0.1 0.296 0.474 0.538 0.512 0.638 0.828 0.852 0.855 0.768 0.738 0.654 0.387 0.086 -0.113 -0.159 -0.03 0.148 0.396 0.554 0.594 0.393 -0.04 -0.282 -0.221 -0.14 -0.091 -0.157 -0.399 -0.645 -0.674 -0.76 -0.938 -1.046 -0.886 -0.638 -0.397 -0.207 0.024 0.271 0.352 0.278 0.154 -0.036 -0.321 -0.629 -0.862
0.218 0.339 0.461 0.549 0.603 0.628 0.653 0.562 0.482 0.442 0.298 0.194 0.17 0.044 -0.028 -0.156 -0.174 -0.055 0.033 -0.03 -0.179 -0.446 -0.767 -0.881 -0.897 -0.783 -0.567 -0.293 -0.043 0.157 0.314 0.53 0.711 0.718 0.745 0.766 0.745 0.729 0.738 0.813 0.732 0.456 0.252 -0.124 -0.175 -0.078 0.084 0.373 0.61 0.673 0.384 -0.141 -0.523 -0.56 -0.394 -0.234 -0.297 -0.464 -0.727 -0.876 -1.001 -1.115 -1.117 -0.905 -0.667 -0.511 -0.358 -0.122 0.172 0.305 0.209 0.063 -0.137 -0.38 -0.594 -0.739
0.362 0.466 0.53 0.529 0.523 0.575 0.611 0.609 0.539 0.459 0.287 0.046 -0.107 -0.238 -0.306 -0.339 -0.301 -0.213 -0.195 -0.273 -0.432 -0.679 -0.897 -0.957 -0.916 -0.757 -0.53 -0.297 -0.096 0.093 0.314 0.519 0.648 0.684 0.723 0.733 0.73 0.715 0.783 0.837 0.747 0.568 0.339 -0.053 -0.25 -0.109 0.046 0.287 0.465 0.481 0.26 -0.125 -0.55 -0.763 -0.636 -0.501 -0.42 -0.495 -0.661 -0.739 -0.897 -1.091 -1.16 -1.017 -0.835 -0.678 -0.44 -0.125 0.118 0.213 0.19 0.063 -0.139 -0.317 -0.396 -0.534
0.448 0.463 0.429 0.396 0.395 0.403 0.408 0.507 0.432 0.307 0.166 -0.107 -0.384 -0.504 -0.488 -0.438 -0.435 -0.431 -0.456 -0.548 -0.716 -0.893 -0.991 -0.971 -0.867 -0.742 -0.571 -0.379 -0.171 0.05 0.233 0.363 0.435 0.465 0.544 0.597 0.665 0.701 0.751 0.767 0.751 0.671 0.417 0.022 -0.289 -0.179 -0.022 0.195 0.361 0.376 0.262 -0.024 -0.503 -0.884 -0.861 -0.698 -0.552 -0.55 -0.574 -0.605 -0.765 -0.982 -1.162 -1.139 -0.983 -0.827 -0.479 -0.137 0.071 0.053 0.034 -0.043 -0.222 -0.317 -0.293 -0.424
0.401 0.402 0.305 0.2 0.296 0.28 0.188 0.35 0.184 0.043 -0.063 -0.333 -0.637 -0.63 -0.567 -0.574 -0.624 -0.656 -0.745 -0.823 -0.946 -1.027 -1.02 -0.951 -0.896 -0.721 -0.574 -0.381 -0.186 -0.085 0.05 0.154 0.191 0.291 0.343 0.451 0.618 0.659 0.652 0.624 0.647 0.618 0.459 0.09 -0.308 -0.266 -0.095 0.156 0.283 0.325 0.288 -0.016 -0.468 -0.938 -1.006 -0.856 -0.713 -0.632 -0.587 -0.599 -0.721 -0.911 -1.141 -1.172 -0.999 -0.82 -0.486 -0.142 0.056 0.003 -0.081 -0.201 -0.404 -0.503 -0.4 -0.35
0.14 0.191 0.116 0.049 0.129 0.139 -0.002 0.091 -0.037 -0.184 -0.321 -0.552 -0.764 -0.735 -0.765 -0.812 -0.894 -0.968 -1.016 -1.048 -1.056 -1.03 -0.98 -0.964 -0.867 -0.725 -0.628 -0.553 -0.451 -0.309 -0.191 -0.097 0.014 0.126 0.213 0.318 0.411 0.497 0.536 0.549 0.621 0.561 0.38 0.104 -0.259 -0.325 -0.136 0.108 0.277 0.301 0.217 -0.042 -0.483 -0.938 -1.112 -1.084 -0.971 -0.846 -0.76 -0.703 -0.81 -0.977 -1.16 -1.12 -0.903 -0.681 -0.472 -0.163 0.037 0.047 -0.012 -0.183 -0.446 -0.703 -0.561 -0.351
