data/climatemaps/RS_maps/climate_breeding_pr_2003.asc
NCOLS 369 
NROWS 228 
XLLCORNER 479000 
YLLCORNER 73000 
CELLSIZE 1000 
NODATA_value -9 
[rows 132 to 164 of 228, columns 75 to 149 of 369]
-1.335 -1.284 -1.219 -1.176 -1.152 -1.133 -1.096 -1.068 -1.05 -0.992 -0.929 -0.856 -0.775 -0.697 -0.66 -0.663 -0.716 -0.823 -0.938 -1.034 -1.07 -1.001 -0.851 -0.646 -0.443 -0.295 -0.156 -0.052 -0.009 0.039 0.166 0.157 0.125 -0.064 -0.135 -0.035 0.142 0.185 0.198 0.269 0.48 0.565 0.561 0.426 0.287 0.114 -0.03 -0.168 -0.157 -0.144 -0.139 -0.187 -0.17 -0.16 -0.194 -0.215 -0.271 -0.322 -0.397 -0.386 -0.369 -0.415 -0.466 -0.554 -0.594 -0.677 -0.774 -0.841 -0.861 -0.861 -0.838 -0.812 -0.786 -0.759 -0.74
-1.303 -1.238 -1.181 -1.146 -1.117 -1.086 -1.062 -1.054 -1.022 -0.965 -0.909 -0.846 -0.772 -0.711 -0.681 -0.693 -0.768 -0.877 -0.974 -1.061 -1.083 -0.986 -0.812 -0.602 -0.471 -0.374 -0.301 -0.242 -0.136 -0.051 0.098 0.142 0.084 -0.046 0.005 0.084 0.26 0.343 0.445 0.556 0.578 0.494 0.342 0.11 -0.102 -0.261 -0.362 -0.403 -0.442 -0.463 -0.485 -0.504 -0.518 -0.518 -0.512 -0.505 -0.527 -0.501 -0.43 -0.334 -0.211 -0.109 -0.175 -0.424 -0.562 -0.61 -0.685 -0.76 -0.785 -0.815 -0.815 -0.792 -0.749 -0.697 -0.658
-1.281 -1.208 -1.149 -1.104 -1.062 -1.029 -1.015 -1.016 -0.999 -0.965 -0.916 -0.856 -0.789 -0.729 -0.698 -0.728 -0.823 -0.928 -1.012 -1.095 -1.104 -0.988 -0.789 -0.622 -0.575 -0.511 -0.466 -0.41 -0.308 -0.156 0.057 0.184 0.189 0.118 0.127 0.215 0.429 0.515 0.637 0.703 0.606 0.36 0.08 -0.187 -0.387 -0.437 -0.415 -0.404 -0.438 -0.463 -0.461 -0.473 -0.494 -0.519 -0.492 -0.529 -0.539 -0.414 -0.248 -0.087 0.115 0.301 0.248 -0.153 -0.499 -0.602 -0.636 -0.664 -0.649 -0.666 -0.687 -0.663 -0.599 -0.486 -0.381
-1.265 -1.185 -1.126 -1.058 -1.006 -0.971 -0.963 -0.974 -0.977 -0.966 -0.932 -0.876 -0.805 -0.746 -0.74 -0.799 -0.89 -0.973 -1.053 -1.133 -1.132 -1.002 -0.788 -0.656 -0.666 -0.659 -0.569 -0.438 -0.358 -0.215 0.059 0.223 0.22 0.239 0.184 0.356 0.488 0.543 0.572 0.667 0.465 0.21 -0.108 -0.362 -0.46 -0.399 -0.302 -0.217 -0.206 -0.2 -0.152 -0.16 -0.25 -0.335 -0.343 -0.519 -0.451 -0.244 0.006 0.186 0.366 0.497 0.398 0.02 -0.406 -0.629 -0.642 -0.619 -0.556 -0.469 -0.448 -0.401 -0.366 -0.191 -0.009
-1.256 -1.162 -1.102 -1.021 -0.96 -0.92 -0.917 -0.93 -0.942 -0.945 -0.928 -0.896 -0.841 -0.807 -0.826 -0.878 -0.939 -1.008 -1.074 -1.16 -1.159 -1.019 -0.806 -0.73 -0.764 -0.732 -0.601 -0.46 -0.361 -0.273 -0.005 0.163 0.207 0.22 0.186 0.278 0.387 0.523 0.402 0.357 0.233 -0.079 -0.34 -0.448 -0.347 -0.245 -0.135 0.068 0.081 0.168 0.176 0.101 -0.063 -0.168 -0.32 -0.481 -0.327 -0.085 0.197 0.464 0.569 0.435 0.235 -0.062 -0.432 -0.667 -0.654 -0.582 -0.48 -0.388 -0.271 -0.164 -0.092 0.104 0.203
-1.248 -1.145 -1.075 -0.993 -0.925 -0.893 -0.883 -0.888 -0.904 -0.91 -0.909 -0.901 -0.885 -0.875 -0.888 -0.919 -0.969 -1.032 -1.095 -1.177 -1.181 -1.037 -0.887 -0.857 -0.845 -0.783 -0.674 -0.547 -0.409 -0.312 -0.071 0.072 0.106 0.014 0.041 0.006 0.149 0.303 0.242 0.066 -0.1 -0.322 -0.384 -0.327 -0.149 -0.023 0.098 0.363 0.353 0.379 0.294 0.151 0.027 -0.2 -0.375 -0.398 -0.197 0.045 0.33 0.637 0.556 0.316 0.021 -0.252 -0.571 -0.701 -0.642 -0.501 -0.346 -0.26 -0.228 -0.069 0.188 0.338 0.284
-1.217 -1.125 -1.044 -0.967 -0.91 -0.874 -0.861 -0.863 -0.873 -0.878 -0.871 -0.868 -0.867 -0.874 -0.893 -0.928 -0.982 -1.044 -1.108 -1.18 -1.193 -1.077 -0.991 -0.918 -0.846 -0.808 -0.746 -0.645 -0.583 -0.387 -0.185 -0.173 -0.191 -0.282 -0.253 -0.237 -0.007 0.211 0.164 -0.034 -0.249 -0.416 -0.329 -0.206 0.002 0.216 0.402 0.578 0.482 0.339 0.217 0.028 -0.125 -0.289 -0.304 -0.261 -0.054 0.171 0.473 0.602 0.408 0.123 -0.194 -0.498 -0.679 -0.717 -0.604 -0.377 -0.191 -0.072 -0.112 0.081 0.26 0.445 0.462
-1.184 -1.104 -1.02 -0.946 -0.889 -0.864 -0.85 -0.857 -0.854 -0.832 -0.797 -0.784 -0.797 -0.819 -0.849 -0.9 -0.973 -1.039 -1.105 -1.172 -1.182 -1.095 -0.972 -0.839 -0.716 -0.637 -0.717 -0.765 -0.731 -0.549 -0.484 -0.483 -0.427 -0.38 -0.374 -0.367 -0.079 0.098 0.08 -0.072 -0.316 -0.464 -0.299 -0.132 0.099 0.427 0.572 0.59 0.532 0.434 0.16 -0.054 -0.134 -0.151 -0.118 -0.127 0.131 0.38 0.609 0.504 0.246 -0.107 -0.453 -0.645 -0.684 -0.676 -0.595 -0.332 -0.107 0.001 0.103 0.355 0.367 0.453 0.659
-1.157 -1.086 -0.997 -0.917 -0.876 -0.872 -0.864 -0.856 -0.822 -0.76 -0.691 -0.666 -0.696 -0.738 -0.758 -0.832 -0.935 -1.014 -1.092 -1.159 -1.132 -0.976 -0.787 -0.643 -0.635 -0.483 -0.531 -0.699 -0.691 -0.682 -0.658 -0.453 -0.311 -0.254 -0.185 -0.305 -0.184 -0.036 0.03 -0.11 -0.368 -0.484 -0.32 -0.079 0.201 0.522 0.611 0.78 0.74 0.642 0.168 0.172 0.115 0.066 -0.024 0.048 0.275 0.502 0.568 0.315 0 -0.341 -0.612 -0.689 -0.617 -0.509 -0.571 -0.428 -0.235 0.012 0.323 0.473 0.445 0.535 0.88
-1.138 -1.06 -0.972 -0.91 -0.885 -0.867 -0.861 -0.839 -0.764 -0.661 -0.581 -0.574 -0.626 -0.641 -0.604 -0.728 -0.848 -0.96 -1.054 -1.127 -1.035 -0.817 -0.605 -0.521 -0.531 -0.403 -0.432 -0.603 -0.472 -0.505 -0.518 -0.288 -0.195 -0.098 -0.052 -0.248 -0.146 -0.009 0.009 -0.187 -0.402 -0.525 -0.383 -0.069 0.268 0.518 0.715 0.926 0.872 0.56 0.189 0.265 0.324 0.282 0.075 0.255 0.462 0.517 0.395 0.138 -0.233 -0.513 -0.694 -0.684 -0.519 -0.377 -0.436 -0.476 -0.278 0.09 0.288 0.316 0.511 0.704 0.897
-1.111 -1.035 -0.968 -0.919 -0.88 -0.857 -0.845 -0.799 -0.692 -0.576 -0.527 -0.57 -0.587 -0.526 -0.504 -0.612 -0.737 -0.885 -1.005 -1.09 -0.993 -0.837 -0.586 -0.422 -0.417 -0.283 -0.293 -0.444 -0.261 -0.177 -0.176 -0.2 -0.021 0.058 -0.052 -0.116 0.062 0.145 0.039 -0.174 -0.334 -0.528 -0.444 -0.107 0.174 0.519 0.769 0.788 0.654 0.355 0.292 0.44 0.496 0.365 0.241 0.362 0.658 0.549 0.206 -0.03 -0.347 -0.584 -0.736 -0.665 -0.459 -0.236 -0.254 -0.316 -0.306 -0.116 0.029 0.197 0.424 0.522 0.79
-1.078 -1.022 -0.963 -0.897 -0.862 -0.853 -0.823 -0.754 -0.647 -0.535 -0.515 -0.539 -0.509 -0.447 -0.451 -0.546 -0.611 -0.792 -0.969 -1.065 -1.013 -0.813 -0.49 -0.379 -0.274 -0.02 -0.137 -0.286 -0.052 -0.019 -0.046 -0.043 0.157 0.162 0.029 0.139 0.29 0.29 0.099 -0.07 -0.326 -0.568 -0.481 -0.26 0.059 0.447 0.746 0.962 0.721 0.359 0.337 0.367 0.511 0.55 0.496 0.407 0.654 0.404 0.113 -0.208 -0.444 -0.563 -0.74 -0.673 -0.464 -0.146 -0.088 -0.091 -0.201 0.022 0.02 0.025 0.147 0.338 0.604
-1.059 -1.003 -0.928 -0.879 -0.856 -0.84 -0.794 -0.696 -0.574 -0.479 -0.481 -0.469 -0.389 -0.35 -0.351 -0.438 -0.484 -0.721 -0.944 -1.054 -0.981 -0.724 -0.437 -0.361 -0.107 0.111 0.039 -0.091 -0.001 0.059 0.074 0.202 0.309 0.217 0.21 0.397 0.439 0.318 0.22 0.019 -0.362 -0.591 -0.53 -0.3 0.034 0.406 0.734 0.836 0.584 0.489 0.354 0.485 0.529 0.69 0.653 0.53 0.581 0.247 -0.096 -0.337 -0.384 -0.404 -0.706 -0.669 -0.43 -0.104 0.086 0.066 -0.1 -0.011 0.108 0.146 0.237 0.431 0.628
-1.025 -0.973 -0.907 -0.862 -0.836 -0.818 -0.758 -0.639 -0.511 -0.446 -0.457 -0.39 -0.274 -0.193 -0.272 -0.312 -0.416 -0.692 -0.947 -1.023 -0.89 -0.647 -0.363 -0.232 0.021 0.247 0.196 0.023 0.078 0.208 0.259 0.333 0.306 0.277 0.404 0.53 0.478 0.415 0.297 0.044 -0.381 -0.597 -0.547 -0.365 -0.114 0.259 0.576 0.652 0.653 0.685 0.425 0.491 0.635 0.754 0.851 0.769 0.464 0.067 -0.278 -0.353 -0.257 -0.269 -0.639 -0.646 -0.393 -0.021 0.22 0.228 0.062 -0.047 0.005 0.15 0.374 0.521 0.635
-0.97 -0.939 -0.882 -0.835 -0.813 -0.791 -0.725 -0.616 -0.512 -0.446 -0.437 -0.319 -0.168 -0.138 -0.227 -0.285 -0.455 -0.761 -0.943 -0.964 -0.781 -0.535 -0.262 -0.027 0.17 0.272 0.15 0.072 0.162 0.255 0.209 0.259 0.359 0.392 0.469 0.478 0.408 0.372 0.261 -0.048 -0.353 -0.569 -0.589 -0.44 -0.185 0.165 0.514 0.696 0.754 0.767 0.539 0.488 0.675 0.754 0.829 0.662 0.277 -0.105 -0.363 -0.282 -0.111 -0.082 -0.499 -0.607 -0.364 -0.041 0.268 0.382 0.262 0.179 0.102 0.081 0.242 0.449 0.585
-0.9 -0.886 -0.847 -0.805 -0.789 -0.764 -0.7 -0.624 -0.553 -0.475 -0.414 -0.264 -0.155 -0.212 -0.274 -0.352 -0.577 -0.823 -0.913 -0.879 -0.713 -0.502 -0.185 0.097 0.229 0.228 0.132 0.108 0.185 0.193 0.133 0.154 0.334 0.35 0.393 0.405 0.309 0.216 0.116 -0.095 -0.24 -0.489 -0.6 -0.394 -0.216 0.071 0.367 0.555 0.665 0.77 0.626 0.529 0.63 0.73 0.659 0.437 0.11 -0.225 -0.368 -0.218 0.01 0.081 -0.288 -0.548 -0.413 -0.164 0.146 0.341 0.359 0.392 0.328 0.208 0.182 0.334 0.501
-0.821 -0.81 -0.789 -0.759 -0.763 -0.736 -0.659 -0.591 -0.547 -0.484 -0.371 -0.259 -0.194 -0.197 -0.248 -0.454 -0.708 -0.86 -0.854 -0.783 -0.653 -0.423 -0.107 0.127 0.188 0.159 0.048 0.094 0.058 0.1 0.069 0.036 0.206 0.253 0.207 0.183 0.127 0.08 0.04 0.022 -0.093 -0.424 -0.563 -0.405 -0.29 -0.115 -0.016 0.177 0.387 0.608 0.707 0.687 0.707 0.74 0.5 0.235 -0.079 -0.336 -0.318 -0.148 0.058 0.144 -0.092 -0.476 -0.527 -0.283 -0.002 0.281 0.44 0.489 0.501 0.388 0.264 0.323 0.508
-0.754 -0.734 -0.72 -0.725 -0.744 -0.7 -0.611 -0.525 -0.489 -0.423 -0.316 -0.217 -0.131 -0.129 -0.244 -0.531 -0.783 -0.867 -0.782 -0.674 -0.564 -0.352 -0.06 0.065 0.034 -0.026 -0.061 -0.055 -0.11 -0.025 -0.056 -0.109 0.052 0.058 -0.009 -0.052 -0.014 0.072 0.112 0.175 0.029 -0.355 -0.545 -0.486 -0.409 -0.333 -0.252 -0.006 0.201 0.411 0.624 0.786 0.798 0.633 0.337 0.07 -0.228 -0.38 -0.274 -0.102 0.081 0.194 0.003 -0.421 -0.558 -0.327 -0.076 0.147 0.317 0.463 0.56 0.561 0.449 0.37 0.487
-0.725 -0.692 -0.68 -0.742 -0.727 -0.631 -0.586 -0.515 -0.448 -0.338 -0.223 -0.111 -0.021 -0.125 -0.34 -0.618 -0.825 -0.843 -0.713 -0.565 -0.475 -0.258 -0.058 -0.054 -0.159 -0.234 -0.239 -0.284 -0.229 -0.167 -0.233 -0.292 -0.165 -0.228 -0.281 -0.216 -0.067 0.111 0.188 0.305 0.133 -0.22 -0.491 -0.579 -0.528 -0.515 -0.333 -0.098 0.135 0.39 0.566 0.775 0.756 0.509 0.261 -0.015 -0.324 -0.382 -0.24 -0.067 0.156 0.26 0.018 -0.419 -0.59 -0.419 -0.277 -0.131 0.002 0.29 0.49 0.67 0.619 0.477 0.456
-0.717 -0.703 -0.728 -0.763 -0.69 -0.564 -0.522 -0.472 -0.386 -0.294 -0.193 -0.065 -0.05 -0.201 -0.441 -0.686 -0.826 -0.804 -0.709 -0.547 -0.394 -0.246 -0.202 -0.225 -0.257 -0.337 -0.434 -0.464 -0.432 -0.423 -0.482 -0.514 -0.47 -0.51 -0.493 -0.323 -0.124 0.068 0.197 0.316 0.196 -0.072 -0.31 -0.502 -0.621 -0.612 -0.452 -0.262 0.018 0.376 0.531 0.599 0.526 0.396 0.166 -0.153 -0.375 -0.357 -0.197 0.004 0.2 0.179 -0.103 -0.491 -0.634 -0.575 -0.475 -0.366 -0.195 0.156 0.455 0.673 0.718 0.63 0.515
-0.755 -0.771 -0.799 -0.786 -0.677 -0.538 -0.497 -0.413 -0.299 -0.212 -0.143 -0.017 -0.065 -0.269 -0.507 -0.712 -0.787 -0.747 -0.689 -0.56 -0.435 -0.383 -0.425 -0.43 -0.371 -0.443 -0.57 -0.593 -0.594 -0.599 -0.621 -0.652 -0.686 -0.709 -0.644 -0.435 -0.227 -0.052 0.11 0.241 0.235 0.08 -0.072 -0.29 -0.586 -0.661 -0.529 -0.387 -0.148 0.226 0.366 0.338 0.257 0.173 -0.028 -0.283 -0.368 -0.334 -0.157 0.074 0.196 0.08 -0.234 -0.545 -0.582 -0.541 -0.456 -0.327 -0.169 0.081 0.396 0.605 0.591 0.522 0.465
-0.856 -0.87 -0.857 -0.826 -0.717 -0.562 -0.55 -0.388 -0.237 -0.147 -0.067 0.038 -0.078 -0.316 -0.494 -0.691 -0.778 -0.765 -0.74 -0.671 -0.582 -0.629 -0.671 -0.641 -0.579 -0.622 -0.636 -0.579 -0.508 -0.507 -0.522 -0.561 -0.708 -0.791 -0.758 -0.567 -0.421 -0.275 -0.093 0.075 0.242 0.211 0.129 -0.103 -0.458 -0.695 -0.605 -0.43 -0.253 0.07 0.174 0.163 0.182 0.011 -0.129 -0.331 -0.255 -0.27 -0.053 0.199 0.165 -0.042 -0.336 -0.553 -0.419 -0.359 -0.311 -0.152 -0.038 0.092 0.354 0.383 0.318 0.347 0.39
-0.954 -0.939 -0.92 -0.891 -0.807 -0.696 -0.62 -0.48 -0.313 -0.197 -0.031 0.003 -0.136 -0.253 -0.329 -0.612 -0.795 -0.86 -0.902 -0.86 -0.819 -0.834 -0.807 -0.761 -0.716 -0.632 -0.471 -0.35 -0.267 -0.269 -0.32 -0.457 -0.581 -0.755 -0.809 -0.73 -0.569 -0.355 -0.101 0.073 0.23 0.325 0.226 0.033 -0.336 -0.662 -0.703 -0.575 -0.388 -0.113 0.065 0.131 0.124 0.015 -0.082 -0.281 -0.156 -0.005 0.165 0.242 0.03 -0.13 -0.366 -0.474 -0.37 -0.304 -0.234 -0.099 0.073 0.104 0.134 0.16 0.229 0.335 0.413
-1.021 -1.001 -0.982 -0.958 -0.904 -0.815 -0.7 -0.565 -0.391 -0.279 -0.056 -0.025 -0.177 -0.14 -0.134 -0.429 -0.709 -0.869 -0.935 -0.944 -0.947 -0.906 -0.813 -0.734 -0.675 -0.547 -0.274 -0.103 0.023 -0.057 -0.203 -0.353 -0.449 -0.708 -0.803 -0.784 -0.57 -0.384 -0.096 0.127 0.149 0.416 0.291 0.146 -0.285 -0.626 -0.757 -0.686 -0.511 -0.262 -0.023 0.015 0.026 0.023 -0.015 -0.255 -0.066 0.226 0.358 0.164 -0.062 -0.032 -0.282 -0.531 -0.491 -0.416 -0.35 -0.202 -0.006 -0.1 -0.177 0.015 0.219 0.367 0.423
-1.056 -1.042 -1.031 -1.014 -0.974 -0.88 -0.754 -0.67 -0.529 -0.354 -0.121 -0.03 -0.076 -0.093 -0.089 -0.263 -0.456 -0.621 -0.737 -0.821 -0.856 -0.823 -0.708 -0.634 -0.535 -0.442 -0.214 0.026 0.071 0.001 -0.133 -0.266 -0.459 -0.685 -0.695 -0.728 -0.618 -0.368 -0.153 0.122 0.13 0.316 0.312 0.072 -0.239 -0.532 -0.734 -0.701 -0.535 -0.342 -0.163 -0.051 0.047 0.138 0.089 -0.071 0.028 0.175 0.232 0.088 0.003 -0.092 -0.21 -0.276 -0.403 -0.438 -0.448 -0.383 -0.285 -0.326 -0.237 0.034 0.236 0.279 0.255
-1.067 -1.061 -1.058 -1.05 -1.032 -0.967 -0.861 -0.781 -0.595 -0.375 -0.119 0.034 0.04 -0.047 -0.061 -0.129 -0.242 -0.419 -0.553 -0.624 -0.68 -0.748 -0.645 -0.524 -0.39 -0.332 -0.126 0.109 0.085 0.043 -0.063 -0.243 -0.496 -0.653 -0.567 -0.677 -0.689 -0.401 -0.237 0.045 0.037 0.212 0.204 0.02 -0.156 -0.417 -0.7 -0.727 -0.581 -0.398 -0.216 -0.066 0.058 0.278 0.216 0.091 0.132 0.242 0.23 0.082 0.031 -0.128 -0.131 -0.053 -0.131 -0.181 -0.254 -0.451 -0.432 -0.387 -0.157 0.052 0.149 0.102 0.029
-1.063 -1.06 -1.063 -1.067 -1.067 -1.043 -0.953 -0.816 -0.646 -0.397 -0.133 0.039 0.09 0.056 -0.041 -0.061 -0.191 -0.334 -0.371 -0.431 -0.52 -0.636 -0.627 -0.497 -0.334 -0.206 -0.029 0.12 0.144 0.079 -0.004 -0.152 -0.438 -0.606 -0.546 -0.651 -0.757 -0.591 -0.399 -0.187 -0.062 0.078 0.076 0.03 -0.108 -0.39 -0.612 -0.694 -0.666 -0.511 -0.322 -0.126 0.111 0.228 0.178 0.146 0.198 0.291 0.284 0.178 0.02 -0.047 -0.078 0.049 0.097 0.076 -0.047 -0.214 -0.18 -0.108 -0.084 -0.073 -0.078 -0.11 -0.185
-1.046 -1.046 -1.052 -1.063 -1.075 -1.076 -1.014 -0.867 -0.689 -0.469 -0.245 -0.021 0.119 0.169 0.061 -0.028 -0.14 -0.234 -0.253 -0.307 -0.38 -0.462 -0.521 -0.486 -0.355 -0.242 -0.108 0.067 0.175 0.133 0.089 -0.078 -0.419 -0.617 -0.568 -0.634 -0.804 -0.761 -0.606 -0.422 -0.219 -0.062 -0.036 -0.018 -0.148 -0.413 -0.502 -0.556 -0.651 -0.598 -0.403 -0.169 0.072 0.209 0.243 0.243 0.299 0.372 0.329 0.189 0.038 0.059 -0.033 0.074 0.185 0.233 0.057 -0.028 0.024 0.025 -0.147 -0.279 -0.335 -0.375 -0.434
-1.016 -1.019 -1.029 -1.046 -1.065 -1.078 -1.056 -0.906 -0.733 -0.604 -0.392 -0.067 0.173 0.214 0.157 0.062 0.001 -0.083 -0.126 -0.212 -0.273 -0.267 -0.305 -0.375 -0.314 -0.226 -0.195 0.01 0.182 0.105 -0.012 -0.185 -0.475 -0.627 -0.589 -0.638 -0.785 -0.843 -0.729 -0.555 -0.384 -0.191 -0.117 -0.131 -0.21 -0.388 -0.419 -0.355 -0.46 -0.506 -0.328 -0.051 0.118 0.299 0.393 0.408 0.409 0.406 0.321 0.151 0.048 0.09 0.079 0.006 0.031 0.074 0.08 0.038 -0.002 -0.111 -0.318 -0.492 -0.612 -0.686 -0.685
-0.973 -0.981 -0.996 -1.019 -1.046 -1.068 -1.065 -0.964 -0.812 -0.635 -0.378 -0.072 0.127 0.204 0.25 0.2 0.142 0.077 0.013 -0.121 -0.189 -0.17 -0.176 -0.241 -0.208 -0.12 -0.188 -0.029 0.104 -0.002 -0.082 -0.227 -0.495 -0.628 -0.588 -0.62 -0.722 -0.833 -0.754 -0.581 -0.433 -0.256 -0.19 -0.184 -0.19 -0.291 -0.339 -0.22 -0.232 -0.296 -0.162 0.051 0.213 0.37 0.387 0.393 0.364 0.328 0.266 0.102 0.003 -0.017 -0.061 -0.175 -0.195 -0.099 0.035 -0.017 -0.12 -0.293 -0.539 -0.735 -0.852 -0.871 -0.74
-0.908 -0.926 -0.952 -0.984 -1.019 -1.049 -1.058 -0.994 -0.789 -0.53 -0.294 -0.091 0.101 0.257 0.364 0.308 0.248 0.201 0.068 -0.084 -0.125 -0.126 -0.11 -0.12 -0.12 -0.074 -0.127 -0.022 0.014 -0.038 -0.03 -0.178 -0.475 -0.614 -0.578 -0.557 -0.617 -0.737 -0.696 -0.523 -0.377 -0.252 -0.191 -0.132 -0.129 -0.181 -0.205 -0.091 -0.024 -0.06 -0.015 0.098 0.232 0.316 0.286 0.245 0.217 0.2 0.17 -0.004 -0.155 -0.282 -0.383 -0.415 -0.335 -0.168 -0.06 -0.092 -0.212 -0.473 -0.766 -0.93 -0.952 -0.863 -0.667
-0.805 -0.849 -0.893 -0.941 -0.989 -1.027 -1.046 -0.99 -0.709 -0.482 -0.315 -0.108 0.149 0.373 0.432 0.329 0.32 0.209 0.031 -0.108 -0.062 -0.048 -0.031 0.009 -0.026 -0.051 -0.071 -0.007 -0.065 -0.044 -0.016 -0.181 -0.481 -0.595 -0.519 -0.457 -0.501 -0.556 -0.577 -0.464 -0.311 -0.148 -0.101 -0.079 -0.092 -0.037 -0.028 0.034 0.093 0.099 0.096 0.121 0.169 0.201 0.239 0.212 0.209 0.198 0.169 -0.217 -0.459 -0.58 -0.61 -0.513 -0.332 -0.209 -0.149 -0.182 -0.297 -0.618 -0.928 -0.962 -0.905 -0.787 -0.593
-0.614 -0.726 -0.819 -0.894 -0.957 -1.005 -1.018 -0.912 -0.675 -0.483 -0.293 -0.042 0.224 0.399 0.376 0.236 0.161 0.056 -0.085 -0.127 -0.044 -0.023 -0.029 -0.015 -0.028 -0.055 -0.052 -0.035 -0.087 -0.058 -0.109 -0.285 -0.453 -0.526 -0.442 -0.323 -0.301 -0.371 -0.404 -0.317 -0.194 -0.061 -0.001 0.05 0.048 0.06 0.05 0.08 0.109 0.116 0.106 0.098 0.097 0.085 0.096 0.126 0.142 0.11 -0.006 -0.392 -0.66 -0.681 -0.611 -0.5 -0.392 -0.336 -0.269 -0.284 -0.42 -0.742 -0.99 -0.943 -0.864 -0.731 -0.572
