data/climatemaps/RS_maps/climate_breeding_pr_2000.asc
NCOLS 369 
NROWS 228 
XLLCORNER 479000 
YLLCORNER 73000 
CELLSIZE 1000 
NODATA_value -9 
[rows 0 to 32 of 228, columns 152 to 227 of 369]
-9 -9 -9 -9 -9 -9 -9 -9 -9 -9 -9 -9 -9 -9 -9 -9 -9 -9 -9 -9 -9 -9 -9 -9 -9 -9 -9 -9 -9 -9 -9 -9 -9 -9 -9 -9 -9 -9 -0.818 -0.838 -0.863 -0.888 -0.908 -0.931 -0.938 -0.934 -0.925 -0.901 -0.879 -0.817 -0.767 -0.737 -0.72 -0.707 -0.702 -0.704 -0.716 -0.733 -0.76 -0.79 -0.818 -0.844 -0.861 -0.868 -0.87 -0.878 -0.904 -0.953 -1.017 -1.065 -1.094 -1.092 -1.069 -1.037 -9 -9
-9 -9 -9 -9 -9 -9 -9 -9 -9 -9 -9 -9 -9 -9 -9 -9 -9 -9 -9 -9 -9 -9 -9 -9 -9 -9 -9 -9 -9 -9 -9 -9 -9 -9 -9 -9 -9 -0.806 -0.811 -0.823 -0.843 -0.849 -0.856 -0.876 -0.896 -0.91 -0.92 -0.925 -0.906 -0.842 -0.795 -0.759 -0.732 -0.711 -0.701 -0.699 -0.715 -0.734 -0.762 -0.796 -0.829 -0.86 -0.883 -0.895 -0.899 -0.904 -0.924 -0.965 -1.025 -1.072 -1.107 -1.118 -1.109 -1.089 -1.068 -1.047
-9 -9 -9 -9 -9 -9 -9 -9 -9 -9 -9 -9 -9 -9 -9 -9 -9 -9 -9 -9 -9 -9 -9 -9 -9 -9 -9 -9 -9 -9 -9 -9 -9 -9 -9 -9 -9 -0.766 -0.773 -0.776 -0.782 -0.786 -0.798 -0.812 -0.829 -0.851 -0.88 -0.905 -0.911 -0.864 -0.812 -0.776 -0.74 -0.71 -0.694 -0.692 -0.711 -0.735 -0.768 -0.809 -0.849 -0.886 -0.916 -0.931 -0.937 -0.939 -0.95 -0.984 -1.033 -1.075 -1.109 -1.127 -1.131 -1.123 -1.112 -1.098
-9 -9 -9 -9 -9 -9 -9 -9 -9 -9 -9 -9 -9 -9 -9 -9 -9 -9 -9 -9 -9 -9 -9 -9 -9 -9 -9 -9 -9 -9 -9 -9 -9 -9 -9 -9 -0.706 -0.709 -0.709 -0.708 -0.713 -0.722 -0.736 -0.752 -0.777 -0.809 -0.838 -0.865 -0.891 -0.871 -0.826 -0.796 -0.749 -0.706 -0.686 -0.684 -0.703 -0.735 -0.779 -0.826 -0.874 -0.919 -0.956 -0.974 -0.981 -0.982 -0.987 -1.003 -1.03 -1.061 -1.093 -1.117 -1.132 -1.138 -1.138 -1.134
-9 -9 -9 -9 -9 -9 -9 -9 -9 -9 -9 -9 -9 -9 -9 -9 -9 -9 -9 -9 -9 -9 -9 -9 -9 -9 -9 -9 -9 -9 -9 -9 -9 -9 -9 -0.633 -0.664 -0.666 -0.661 -0.659 -0.661 -0.673 -0.689 -0.714 -0.747 -0.79 -0.818 -0.848 -0.87 -0.876 -0.848 -0.812 -0.75 -0.701 -0.675 -0.673 -0.695 -0.735 -0.787 -0.843 -0.898 -0.951 -0.996 -1.018 -1.027 -1.026 -1.016 -1.008 -1.011 -1.023 -1.051 -1.081 -1.11 -1.132 -1.146 -1.15
-9 -9 -9 -9 -9 -9 -9 -9 -9 -9 -9 -9 -9 -9 -9 -9 -9 -9 -9 -9 -9 -9 -9 -9 -9 -9 -9 -9 -9 -9 -9 -9 -9 -9 -9 -0.593 -0.632 -0.641 -0.636 -0.636 -0.639 -0.653 -0.671 -0.701 -0.735 -0.78 -0.821 -0.85 -0.871 -0.873 -0.854 -0.802 -0.732 -0.689 -0.664 -0.663 -0.688 -0.732 -0.79 -0.85 -0.914 -0.975 -1.03 -1.062 -1.074 -1.063 -1.027 -0.993 -0.98 -0.979 -0.995 -1.023 -1.066 -1.107 -1.135 -1.15
-9 -9 -9 -9 -9 -9 -9 -9 -9 -9 -9 -9 -9 -9 -9 -9 -9 -9 -9 -9 -9 -9 -9 -9 -9 -9 -9 -9 -9 -9 -9 -9 -9 -9 -0.489 -0.562 -0.607 -0.628 -0.628 -0.637 -0.642 -0.654 -0.675 -0.711 -0.744 -0.787 -0.825 -0.866 -0.877 -0.869 -0.842 -0.786 -0.714 -0.673 -0.653 -0.654 -0.683 -0.726 -0.784 -0.846 -0.914 -0.985 -1.05 -1.094 -1.108 -1.083 -1.029 -0.98 -0.949 -0.941 -0.946 -0.971 -1.016 -1.073 -1.114 -1.139
-9 -9 -9 -9 -9 -9 -9 -9 -9 -9 -9 -9 -9 -9 -9 -9 -9 -9 -9 -9 -9 -9 -9 -9 -9 -9 -9 -9 -9 -9 -9 -9 -9 -0.367 -0.457 -0.537 -0.584 -0.614 -0.625 -0.64 -0.66 -0.663 -0.69 -0.73 -0.769 -0.815 -0.841 -0.874 -0.886 -0.863 -0.822 -0.767 -0.695 -0.647 -0.632 -0.639 -0.672 -0.721 -0.777 -0.837 -0.901 -0.975 -1.045 -1.097 -1.118 -1.092 -1.035 -0.975 -0.931 -0.913 -0.913 -0.935 -0.983 -1.043 -1.091 -1.123
-9 -9 -9 -9 -9 -9 -9 -9 -9 -9 -9 -9 -9 -9 -9 -9 -9 -9 -9 -9 -9 -9 -9 -9 -9 -9 -9 -9 -9 -9 -9 -9 -0.27 -0.356 -0.44 -0.521 -0.572 -0.597 -0.611 -0.63 -0.658 -0.68 -0.714 -0.754 -0.797 -0.843 -0.869 -0.892 -0.884 -0.841 -0.808 -0.757 -0.689 -0.628 -0.612 -0.623 -0.661 -0.714 -0.761 -0.813 -0.871 -0.944 -1.016 -1.076 -1.108 -1.093 -1.041 -0.98 -0.933 -0.91 -0.906 -0.921 -0.967 -1.025 -1.072 -1.106
-9 -9 -9 -9 -9 -9 -9 -9 -9 -9 -9 -9 -9 -9 -9 -9 -9 -9 -9 -9 -9 -9 -9 -9 -9 -9 -9 -9 -9 -9 -9 -9 -0.267 -0.343 -0.424 -0.505 -0.565 -0.587 -0.601 -0.618 -0.628 -0.649 -0.686 -0.731 -0.778 -0.833 -0.887 -0.898 -0.874 -0.842 -0.801 -0.749 -0.674 -0.614 -0.603 -0.622 -0.661 -0.705 -0.748 -0.79 -0.833 -0.899 -0.977 -1.041 -1.085 -1.086 -1.048 -0.993 -0.952 -0.929 -0.92 -0.926 -0.963 -1.016 -1.061 -1.093
-9 -9 -9 -9 -9 -9 -9 -9 -9 -9 -9 -9 -9 -9 -9 -9 -9 -9 -9 -9 -9 -9 -9 -9 -9 -9 -9 -9 -9 -9 -9 -0.213 -0.267 -0.336 -0.406 -0.483 -0.556 -0.591 -0.598 -0.605 -0.617 -0.639 -0.677 -0.726 -0.777 -0.837 -0.887 -0.887 -0.876 -0.837 -0.78 -0.717 -0.643 -0.598 -0.592 -0.612 -0.663 -0.701 -0.742 -0.779 -0.814 -0.866 -0.941 -1.011 -1.058 -1.068 -1.049 -1.008 -0.97 -0.947 -0.94 -0.944 -0.973 -1.018 -1.056 -1.083
-9 -9 -9 -9 -9 -9 -9 -9 -9 -9 -9 -9 -9 -9 -9 -9 -9 -9 -9 -9 -9 -9 -9 -9 -9 -9 -9 -9 -9 -9 -0.186 -0.226 -0.282 -0.344 -0.406 -0.474 -0.546 -0.584 -0.595 -0.601 -0.613 -0.636 -0.671 -0.733 -0.789 -0.849 -0.878 -0.886 -0.861 -0.81 -0.741 -0.672 -0.618 -0.583 -0.581 -0.603 -0.65 -0.703 -0.743 -0.78 -0.814 -0.86 -0.926 -0.994 -1.039 -1.05 -1.041 -1.011 -0.974 -0.955 -0.957 -0.965 -0.989 -1.023 -1.052 -1.071
-9 -9 -9 -9 -9 -9 -9 -9 -9 -9 -9 -9 -9 -9 -9 -9 -9 -9 -9 -9 -9 -9 -9 -9 -9 -9 -9 -9 -9 -9 -0.224 -0.252 -0.296 -0.354 -0.412 -0.47 -0.535 -0.577 -0.587 -0.605 -0.624 -0.644 -0.68 -0.739 -0.812 -0.847 -0.873 -0.873 -0.84 -0.791 -0.719 -0.648 -0.6 -0.578 -0.575 -0.599 -0.642 -0.706 -0.751 -0.794 -0.831 -0.876 -0.931 -0.986 -1.025 -1.039 -1.032 -1.007 -0.978 -0.964 -0.97 -0.979 -0.997 -1.024 -1.045 -1.053
-9 -9 -9 -9 -9 -9 -9 -9 -9 -9 -9 -9 -9 -9 -9 -9 -9 -9 -9 -9 -9 -9 -9 -9 -9 -9 -9 -9 -9 -9 -0.266 -0.288 -0.322 -0.371 -0.431 -0.479 -0.536 -0.577 -0.591 -0.621 -0.643 -0.661 -0.7 -0.755 -0.816 -0.834 -0.854 -0.858 -0.83 -0.777 -0.707 -0.641 -0.604 -0.587 -0.588 -0.61 -0.652 -0.717 -0.772 -0.82 -0.864 -0.908 -0.948 -0.987 -1.017 -1.026 -1.02 -0.999 -0.977 -0.966 -0.969 -0.982 -1.001 -1.02 -1.029 -1.025
-9 -9 -9 -9 -9 -9 -9 -9 -9 -9 -9 -9 -9 -9 -9 -9 -9 -9 -9 -9 -9 -9 -9 -9 -0.028 -0.079 -0.166 -0.218 -0.261 -0.302 -0.315 -0.336 -0.364 -0.406 -0.46 -0.504 -0.556 -0.6 -0.61 -0.651 -0.662 -0.69 -0.739 -0.784 -0.826 -0.834 -0.842 -0.853 -0.833 -0.789 -0.729 -0.665 -0.627 -0.612 -0.61 -0.633 -0.675 -0.737 -0.802 -0.858 -0.908 -0.944 -0.971 -1 -1.021 -1.019 -1.005 -0.985 -0.965 -0.953 -0.958 -0.975 -0.997 -1.009 -1.006 -0.989
-9 -9 -9 -9 -9 -9 -9 -9 -9 -9 -9 -9 -9 -9 -9 -9 -9 -9 -9 -9 0.075 0.026 0.007 -0.017 -0.04 -0.09 -0.167 -0.263 -0.292 -0.339 -0.364 -0.387 -0.413 -0.45 -0.497 -0.537 -0.588 -0.626 -0.636 -0.684 -0.688 -0.727 -0.783 -0.816 -0.831 -0.842 -0.86 -0.867 -0.851 -0.821 -0.764 -0.702 -0.667 -0.657 -0.651 -0.674 -0.713 -0.772 -0.84 -0.9 -0.944 -0.972 -0.995 -1.019 -1.033 -1.021 -0.997 -0.969 -0.948 -0.935 -0.942 -0.965 -0.986 -0.989 -0.972 -0.94
-9 -9 -9 -9 -9 -9 -9 -9 -9 -9 -9 -9 -9 -9 -9 -9 -9 -9 -9 0.141 0.042 0.017 -0.012 -0.036 -0.062 -0.114 -0.185 -0.298 -0.334 -0.376 -0.412 -0.439 -0.459 -0.495 -0.531 -0.568 -0.628 -0.65 -0.662 -0.716 -0.729 -0.773 -0.816 -0.829 -0.842 -0.866 -0.895 -0.897 -0.882 -0.856 -0.809 -0.756 -0.722 -0.711 -0.712 -0.733 -0.77 -0.826 -0.887 -0.936 -0.967 -0.988 -1.008 -1.028 -1.04 -1.03 -1.003 -0.972 -0.942 -0.923 -0.925 -0.954 -0.973 -0.961 -0.927 -0.881
-9 -9 -9 -9 -9 -9 -9 -9 -9 -9 -9 -9 -9 -9 -9 -9 -9 0.265 0.183 0.097 0.01 -0.011 -0.036 -0.058 -0.092 -0.14 -0.213 -0.309 -0.382 -0.42 -0.453 -0.488 -0.508 -0.533 -0.563 -0.614 -0.665 -0.674 -0.693 -0.736 -0.779 -0.816 -0.831 -0.843 -0.871 -0.906 -0.928 -0.929 -0.915 -0.887 -0.848 -0.809 -0.785 -0.78 -0.789 -0.81 -0.84 -0.889 -0.936 -0.965 -0.981 -0.991 -1.003 -1.019 -1.034 -1.036 -1.022 -0.994 -0.961 -0.939 -0.931 -0.945 -0.961 -0.946 -0.903 -0.852
0.309 0.394 0.468 0.543 0.612 0.659 -9 -9 -9 -9 -9 -9 -9 -9 -9 -9 0.303 0.217 0.128 0.048 -0.032 -0.048 -0.063 -0.08 -0.113 -0.16 -0.23 -0.304 -0.399 -0.466 -0.507 -0.534 -0.546 -0.563 -0.606 -0.663 -0.684 -0.703 -0.73 -0.768 -0.815 -0.832 -0.842 -0.861 -0.906 -0.94 -0.956 -0.955 -0.936 -0.903 -0.861 -0.827 -0.817 -0.823 -0.84 -0.868 -0.902 -0.948 -0.974 -0.98 -0.981 -0.978 -0.978 -0.991 -1.011 -1.023 -1.024 -1.01 -0.986 -0.963 -0.945 -0.944 -0.946 -0.929 -0.884 -0.829
0.243 0.335 0.424 0.499 0.582 0.632 0.643 0.641 0.629 0.619 -9 -9 -9 -9 0.434 0.352 0.264 0.165 0.078 -0.004 -0.068 -0.083 -0.094 -0.106 -0.13 -0.174 -0.239 -0.317 -0.401 -0.498 -0.556 -0.56 -0.57 -0.599 -0.655 -0.7 -0.713 -0.741 -0.773 -0.817 -0.837 -0.841 -0.857 -0.893 -0.94 -0.967 -0.975 -0.961 -0.93 -0.881 -0.835 -0.799 -0.797 -0.815 -0.852 -0.903 -0.954 -0.993 -0.999 -0.982 -0.959 -0.939 -0.934 -0.946 -0.964 -0.983 -0.999 -0.999 -0.984 -0.961 -0.943 -0.934 -0.924 -0.903 -0.859 -0.813
0.164 0.249 0.342 0.424 0.518 0.57 0.602 0.63 0.647 0.633 0.6 -9 -9 0.471 0.411 0.327 0.231 0.123 0.032 -0.057 -0.099 -0.118 -0.125 -0.133 -0.159 -0.204 -0.265 -0.342 -0.414 -0.519 -0.585 -0.588 -0.608 -0.64 -0.7 -0.747 -0.758 -0.788 -0.821 -0.858 -0.856 -0.856 -0.886 -0.929 -0.967 -0.988 -0.989 -0.955 -0.902 -0.842 -0.796 -0.77 -0.769 -0.798 -0.852 -0.922 -0.982 -1.018 -1.02 -0.992 -0.947 -0.903 -0.883 -0.894 -0.91 -0.932 -0.959 -0.971 -0.966 -0.945 -0.926 -0.909 -0.891 -0.869 -0.837 -0.795
0.099 0.168 0.247 0.327 0.426 0.485 0.56 0.622 0.655 0.638 0.598 0.549 0.495 0.444 0.378 0.294 0.199 0.088 -0.015 -0.094 -0.13 -0.156 -0.158 -0.159 -0.185 -0.226 -0.292 -0.383 -0.454 -0.556 -0.612 -0.629 -0.664 -0.695 -0.749 -0.8 -0.819 -0.85 -0.88 -0.888 -0.872 -0.872 -0.912 -0.954 -0.985 -1.003 -0.996 -0.955 -0.883 -0.815 -0.766 -0.74 -0.746 -0.783 -0.849 -0.924 -0.992 -1.033 -1.038 -1.005 -0.945 -0.887 -0.852 -0.853 -0.865 -0.886 -0.914 -0.931 -0.94 -0.935 -0.909 -0.873 -0.842 -0.817 -0.794 -0.772
0.054 0.104 0.156 0.221 0.314 0.39 0.501 0.594 0.64 0.632 0.59 0.529 0.471 0.409 0.338 0.255 0.16 0.049 -0.058 -0.123 -0.169 -0.192 -0.194 -0.19 -0.221 -0.275 -0.328 -0.409 -0.508 -0.611 -0.659 -0.689 -0.738 -0.762 -0.817 -0.862 -0.881 -0.915 -0.93 -0.907 -0.887 -0.907 -0.937 -0.968 -0.994 -1.002 -0.975 -0.933 -0.86 -0.795 -0.752 -0.731 -0.741 -0.785 -0.849 -0.923 -0.997 -1.041 -1.049 -1.02 -0.962 -0.895 -0.846 -0.831 -0.834 -0.849 -0.87 -0.889 -0.906 -0.909 -0.877 -0.825 -0.78 -0.746 -0.72 -0.706
0.021 0.055 0.083 0.124 0.194 0.301 0.424 0.534 0.601 0.608 0.566 0.501 0.435 0.368 0.295 0.214 0.118 0.005 -0.092 -0.158 -0.208 -0.228 -0.227 -0.247 -0.277 -0.327 -0.405 -0.463 -0.554 -0.674 -0.724 -0.778 -0.825 -0.861 -0.903 -0.929 -0.949 -0.973 -0.964 -0.925 -0.916 -0.935 -0.95 -0.97 -0.987 -0.98 -0.932 -0.886 -0.834 -0.788 -0.755 -0.739 -0.752 -0.793 -0.853 -0.926 -1 -1.044 -1.055 -1.031 -0.983 -0.921 -0.866 -0.834 -0.823 -0.827 -0.838 -0.855 -0.874 -0.879 -0.849 -0.792 -0.735 -0.682 -0.64 -0.623
-0.01 0.015 0.026 0.039 0.09 0.22 0.357 0.469 0.542 0.558 0.527 0.462 0.397 0.326 0.253 0.17 0.077 -0.029 -0.13 -0.201 -0.239 -0.265 -0.299 -0.317 -0.373 -0.404 -0.49 -0.547 -0.631 -0.745 -0.82 -0.88 -0.925 -0.959 -0.983 -0.993 -1.009 -1.01 -0.985 -0.951 -0.932 -0.942 -0.943 -0.953 -0.961 -0.935 -0.904 -0.859 -0.816 -0.782 -0.76 -0.759 -0.773 -0.804 -0.865 -0.935 -1.004 -1.047 -1.059 -1.04 -1.001 -0.951 -0.904 -0.865 -0.843 -0.833 -0.832 -0.838 -0.85 -0.856 -0.834 -0.785 -0.721 -0.654 -0.597 -0.567
-0.05 -0.031 -0.027 -0.035 0.001 0.129 0.278 0.395 0.476 0.499 0.466 0.405 0.346 0.278 0.208 0.129 0.036 -0.076 -0.172 -0.239 -0.29 -0.344 -0.393 -0.419 -0.481 -0.524 -0.6 -0.678 -0.739 -0.822 -0.903 -0.957 -0.988 -1.019 -1.036 -1.044 -1.046 -1.029 -1.004 -0.974 -0.95 -0.933 -0.924 -0.919 -0.912 -0.893 -0.874 -0.849 -0.825 -0.802 -0.79 -0.79 -0.802 -0.832 -0.888 -0.95 -1.011 -1.05 -1.064 -1.049 -1.017 -0.976 -0.938 -0.904 -0.881 -0.864 -0.85 -0.841 -0.838 -0.841 -0.826 -0.787 -0.733 -0.669 -0.602 -0.555
-0.107 -0.09 -0.086 -0.107 -0.087 0.022 0.178 0.308 0.396 0.427 0.403 0.341 0.276 0.219 0.159 0.088 0.007 -0.106 -0.2 -0.29 -0.376 -0.45 -0.5 -0.547 -0.607 -0.68 -0.751 -0.81 -0.849 -0.92 -0.973 -1.012 -1.04 -1.052 -1.057 -1.063 -1.062 -1.044 -1.014 -0.979 -0.942 -0.913 -0.884 -0.864 -0.866 -0.874 -0.865 -0.856 -0.849 -0.843 -0.843 -0.846 -0.853 -0.87 -0.915 -0.97 -1.021 -1.054 -1.067 -1.054 -1.028 -0.997 -0.966 -0.939 -0.92 -0.901 -0.88 -0.858 -0.841 -0.834 -0.819 -0.789 -0.753 -0.706 -0.649 -0.597
-0.19 -0.178 -0.172 -0.19 -0.189 -0.096 0.058 0.201 0.302 0.343 0.328 0.274 0.208 0.141 0.082 0.026 -0.053 -0.158 -0.267 -0.369 -0.465 -0.542 -0.602 -0.664 -0.728 -0.785 -0.835 -0.897 -0.945 -0.991 -1.02 -1.051 -1.072 -1.08 -1.061 -1.05 -1.057 -1.033 -0.997 -0.95 -0.906 -0.873 -0.845 -0.844 -0.841 -0.858 -0.865 -0.874 -0.888 -0.9 -0.909 -0.91 -0.908 -0.91 -0.941 -0.987 -1.029 -1.055 -1.063 -1.053 -1.034 -1.011 -0.987 -0.966 -0.95 -0.932 -0.907 -0.883 -0.861 -0.843 -0.822 -0.795 -0.769 -0.738 -0.698 -0.652
-0.296 -0.298 -0.294 -0.298 -0.302 -0.226 -0.079 0.075 0.185 0.241 0.234 0.191 0.133 0.064 -0.002 -0.06 -0.138 -0.249 -0.353 -0.459 -0.555 -0.637 -0.705 -0.757 -0.801 -0.842 -0.879 -0.941 -0.992 -1.022 -1.034 -1.051 -1.076 -1.085 -1.075 -1.051 -1.037 -1.003 -0.957 -0.903 -0.863 -0.85 -0.85 -0.853 -0.864 -0.881 -0.897 -0.92 -0.946 -0.963 -0.966 -0.96 -0.951 -0.948 -0.967 -0.998 -1.029 -1.049 -1.053 -1.045 -1.031 -1.012 -0.992 -0.977 -0.966 -0.952 -0.933 -0.913 -0.894 -0.872 -0.846 -0.817 -0.792 -0.765 -0.735 -0.697
-0.423 -0.421 -0.421 -0.421 -0.421 -0.351 -0.217 -0.068 0.05 0.112 0.116 0.078 0.028 -0.038 -0.108 -0.179 -0.253 -0.351 -0.459 -0.56 -0.648 -0.721 -0.769 -0.804 -0.835 -0.863 -0.904 -0.961 -1.008 -1.031 -1.03 -1.028 -1.054 -1.068 -1.065 -1.051 -1.02 -0.976 -0.927 -0.888 -0.864 -0.873 -0.879 -0.889 -0.918 -0.939 -0.96 -0.982 -1.003 -1.014 -1.01 -0.996 -0.98 -0.971 -0.982 -0.997 -1.015 -1.028 -1.029 -1.02 -1.004 -0.991 -0.977 -0.967 -0.959 -0.95 -0.938 -0.924 -0.908 -0.897 -0.884 -0.865 -0.836 -0.805 -0.78 -0.751
-0.539 -0.534 -0.535 -0.539 -0.531 -0.471 -0.358 -0.225 -0.113 -0.052 -0.045 -0.073 -0.118 -0.178 -0.241 -0.314 -0.39 -0.47 -0.561 -0.648 -0.708 -0.761 -0.781 -0.797 -0.823 -0.847 -0.896 -0.949 -1.001 -1.033 -1.032 -1.013 -1.021 -1.029 -1.032 -1.02 -0.991 -0.937 -0.908 -0.895 -0.896 -0.91 -0.914 -0.932 -0.969 -0.991 -1.01 -1.027 -1.04 -1.046 -1.038 -1.013 -0.986 -0.971 -0.975 -0.975 -0.981 -0.985 -0.983 -0.973 -0.955 -0.955 -0.953 -0.948 -0.94 -0.929 -0.914 -0.907 -0.898 -0.891 -0.887 -0.881 -0.87 -0.855 -0.836 -0.816
-0.623 -0.613 -0.612 -0.619 -0.618 -0.578 -0.498 -0.391 -0.302 -0.254 -0.239 -0.26 -0.297 -0.346 -0.399 -0.46 -0.523 -0.591 -0.656 -0.707 -0.727 -0.754 -0.764 -0.769 -0.782 -0.81 -0.851 -0.907 -0.971 -1.02 -1.037 -1.01 -0.998 -0.976 -0.975 -0.969 -0.951 -0.922 -0.911 -0.913 -0.92 -0.933 -0.952 -0.973 -1.003 -1.021 -1.037 -1.046 -1.046 -1.046 -1.046 -1.023 -0.986 -0.957 -0.942 -0.928 -0.924 -0.922 -0.922 -0.915 -0.9 -0.903 -0.921 -0.924 -0.916 -0.903 -0.882 -0.869 -0.865 -0.86 -0.862 -0.867 -0.869 -0.865 -0.855 -0.843
-0.681 -0.669 -0.666 -0.672 -0.678 -0.66 -0.619 -0.556 -0.498 -0.459 -0.438 -0.445 -0.477 -0.516 -0.554 -0.597 -0.641 -0.687 -0.722 -0.731 -0.748 -0.76 -0.77 -0.758 -0.74 -0.758 -0.786 -0.846 -0.929 -0.992 -1.019 -1.009 -0.984 -0.931 -0.898 -0.886 -0.869 -0.877 -0.884 -0.894 -0.904 -0.926 -0.958 -0.985 -1.007 -1.019 -1.037 -1.053 -1.055 -1.046 -1.039 -1.006 -0.982 -0.945 -0.894 -0.859 -0.852 -0.848 -0.839 -0.835 -0.833 -0.844 -0.883 -0.899 -0.899 -0.891 -0.867 -0.844 -0.839 -0.835 -0.83 -0.84 -0.85 -0.85 -0.844 -0.837
