data/climatemaps/RS_maps/climate_postbreed_tmp_1999.asc
NCOLS 369 
NROWS 228 
XLLCORNER 479000 
YLLCORNER 73000 
CELLSIZE 1000 
NODATA_value -9 
[rows 102 to 135 of 228, columns 0 to 76 of 369]
-9 -9 -9 -9 -9 -9 -9 -9 -9 -9 -9 -9 -9 -9 -9 -9 -9 -9 -9 -9 -9 -9 -9 -9 -9 -9 -9 -9 -9 -9 -9 -9 0.464 0.45 0.435 0.505 0.532 0.529 0.502 0.457 0.355 0.267 0.29 0.306 0.283 0.191 0.121 0.111 0.139 0.158 0.13 0.124 0.125 0.13 0.135 0.137 0.175 0.226 0.336 0.406 0.409 0.534 0.57 0.536 0.388 0.091 0.047 0.045 -0.034 -0.018 0.113 0.426 0.661 0.8 0.814 0.848 0.88
-9 -9 -9 -9 -9 -9 -9 -9 -9 -9 -9 -9 -9 -9 -9 -9 -9 -9 -9 -9 -9 -9 -9 -9 -9 -9 -9 -9 -9 -9 -9 -9 0.457 0.466 0.498 0.529 0.531 0.522 0.483 0.359 0.307 0.334 0.322 0.259 0.155 0.13 0.103 0.119 0.141 0.179 0.21 0.2 0.192 0.192 0.178 0.145 0.21 0.348 0.465 0.545 0.553 0.501 0.447 0.276 0.096 -0.027 -0.099 -0.089 -0.003 0.212 0.413 0.618 0.749 0.846 0.857 0.882 0.88
-9 -9 -9 -9 -9 -9 -9 -9 -9 -9 -9 -9 -9 -9 -9 -9 -9 -9 -9 -9 -9 -9 -9 -9 -9 -9 -9 -9 -9 -9 -9 -9 0.49 0.513 0.534 0.532 0.53 0.519 0.476 0.376 0.38 0.347 0.258 0.132 0.075 0.114 0.139 0.186 0.253 0.304 0.311 0.284 0.277 0.305 0.319 0.223 0.413 0.543 0.573 0.526 0.405 0.276 0.2 0.103 0.038 -0.018 -0.046 0.06 0.301 0.506 0.65 0.736 0.83 0.896 0.9 0.9 0.889
-9 -9 -9 -9 -9 -9 -9 -9 -9 -9 -9 -9 -9 -9 -9 -9 -9 -9 -9 -9 -9 -9 -9 -9 -9 -9 -9 -9 -9 -9 -9 -9 0.525 0.536 0.539 0.534 0.53 0.515 0.494 0.445 0.381 0.306 0.155 0.091 0.123 0.21 0.272 0.33 0.342 0.32 0.283 0.263 0.284 0.402 0.47 0.434 0.569 0.593 0.538 0.371 0.229 0.165 0.09 0.044 0.036 -0.002 0.098 0.371 0.548 0.668 0.767 0.831 0.9 0.913 0.903 0.901 0.9
-9 -9 -9 -9 -9 -9 -9 -9 -9 -9 -9 -9 -9 -9 -9 -9 -9 -9 -9 -9 -9 -9 -9 -9 -9 -9 -9 -9 -9 -9 -9 -9 -9 0.539 0.539 0.535 0.53 0.506 0.476 0.459 0.315 0.223 0.161 0.176 0.243 0.338 0.339 0.274 0.226 0.181 0.15 0.156 0.218 0.353 0.473 0.57 0.512 0.495 0.395 0.245 0.17 0.088 0.018 0.067 0.112 0.127 0.346 0.565 0.685 0.774 0.856 0.905 0.924 0.921 0.915 0.906 0.902
-9 -9 -9 -9 -9 -9 -9 -9 -9 -9 -9 -9 -9 -9 -9 -9 -9 -9 -9 -9 -9 -9 -9 -9 -9 -9 -9 -9 -9 -9 -9 -9 -9 0.533 0.527 0.521 0.509 0.416 0.402 0.387 0.247 0.223 0.238 0.296 0.354 0.303 0.186 0.135 0.111 0.103 0.131 0.212 0.359 0.464 0.467 0.403 0.291 0.291 0.161 0.11 0.1 0.071 0.108 0.189 0.241 0.347 0.535 0.655 0.754 0.85 0.918 0.935 0.933 0.926 0.923 0.917 0.909
-9 -9 -9 -9 -9 -9 -9 -9 -9 -9 -9 -9 -9 -9 -9 -9 -9 -9 -9 -9 -9 -9 -9 -9 -9 -9 -9 -9 -9 -9 -9 -9 -9 0.506 0.505 0.464 0.381 0.327 0.341 0.45 0.299 0.321 0.373 0.373 0.277 0.161 0.104 0.128 0.135 0.174 0.242 0.372 0.364 0.304 0.196 0.073 0.062 0.118 0.049 0.059 0.078 0.123 0.18 0.209 0.224 0.354 0.586 0.706 0.81 0.916 0.944 0.939 0.937 0.932 0.93 0.925 0.916
-9 -9 -9 -9 -9 -9 -9 -9 -9 -9 -9 -9 -9 -9 -9 -9 -9 -9 -9 -9 -9 -9 -9 -9 -9 -9 -9 -9 -9 -9 -9 -9 -9 0.398 0.388 0.349 0.328 0.318 0.352 0.451 0.452 0.416 0.347 0.246 0.161 0.131 0.138 0.178 0.223 0.284 0.323 0.322 0.06 0.016 -0.021 -0.092 -0.021 0.025 0.03 0.06 0.053 0.095 0.13 0.123 0.158 0.386 0.634 0.747 0.869 0.953 0.955 0.948 0.944 0.937 0.933 0.93 0.923
-9 -9 -9 -9 -9 -9 -9 -9 -9 -9 -9 -9 -9 -9 -9 -9 -9 -9 -9 -9 -9 -9 -9 -9 -9 -9 -9 -9 -9 -9 -9 -9 -9 0.354 0.357 0.347 0.355 0.399 0.453 0.463 0.382 0.306 0.199 0.128 0.146 0.174 0.208 0.239 0.291 0.249 0.293 0.051 -0.045 -0.122 -0.087 -0.03 0.084 0.087 0.053 0.097 0.124 0.254 0.317 0.37 0.483 0.647 0.758 0.829 0.925 0.96 0.96 0.958 0.956 0.945 0.938 0.935 0.927
-9 -9 -9 -9 -9 -9 -9 -9 -9 -9 -9 -9 -9 -9 -9 -9 -9 -9 -9 -9 -9 -9 -9 -9 -9 -9 -9 -9 -9 -9 -9 -9 -9 0.366 0.413 0.435 0.468 0.467 0.373 0.411 0.266 0.178 0.163 0.134 0.159 0.198 0.25 0.261 0.225 0.198 0.223 0.086 -0.139 -0.114 0.03 0.123 0.123 0.174 0.257 0.354 0.44 0.507 0.577 0.688 0.81 0.876 0.916 0.949 0.967 0.971 0.97 0.96 0.96 0.957 0.945 0.939 0.912
-9 -9 -9 -9 -9 -9 -9 -9 -9 -9 -9 -9 -9 -9 -9 -9 -9 -9 -9 -9 -9 -9 -9 -9 -9 -9 -9 -9 -9 -9 -9 -9 0.367 0.416 0.417 0.425 0.468 0.43 0.364 0.363 0.284 0.234 0.217 0.171 0.137 0.161 0.212 0.202 0.181 0.204 0.068 -0.11 -0.143 0.011 0.121 0.142 0.193 0.428 0.601 0.646 0.669 0.704 0.786 0.877 0.924 0.965 0.979 0.985 0.979 0.974 0.974 0.971 0.961 0.96 0.951 0.926 0.893
-9 -9 -9 -9 -9 -9 -9 -9 -9 -9 -9 -9 -9 -9 -9 -9 -9 -9 -9 -9 -9 -9 -9 -9 -9 -9 -9 -9 -9 -9 -9 -9 0.423 0.422 0.391 0.443 0.481 0.417 0.342 0.329 0.253 0.244 0.217 0.177 0.169 0.198 0.228 0.245 0.238 0.143 -0.023 -0.094 0.011 0.129 0.199 0.359 0.597 0.74 0.8 0.839 0.869 0.902 0.943 0.947 0.965 0.992 0.993 0.993 0.993 0.986 0.981 0.974 0.972 0.945 0.911 0.897 0.893
-9 -9 -9 -9 -9 -9 -9 -9 -9 -9 -9 -9 -9 -9 -9 -9 -9 -9 -9 -9 -9 -9 -9 -9 -9 -9 -9 -9 -9 -9 -9 -9 0.434 0.403 0.431 0.498 0.459 0.34 0.294 0.31 0.22 0.193 0.161 0.161 0.195 0.241 0.265 0.249 0.203 0.177 0.107 0.142 0.178 0.26 0.491 0.751 0.825 0.85 0.869 0.903 0.937 0.959 0.981 0.987 0.994 0.994 0.994 0.994 0.994 0.994 0.994 0.981 0.942 0.841 0.834 0.881 0.893
-9 -9 -9 -9 -9 -9 -9 -9 -9 -9 -9 -9 -9 -9 -9 -9 -9 -9 -9 -9 -9 -9 -9 -9 -9 -9 -9 -9 -9 -9 -9 0.451 0.429 0.425 0.486 0.494 0.384 0.293 0.265 0.285 0.171 0.129 0.133 0.164 0.223 0.241 0.241 0.207 0.171 0.277 0.294 0.347 0.372 0.504 0.775 0.824 0.807 0.841 0.886 0.922 0.955 0.978 0.993 1.006 1.007 1.007 1.007 1.001 1.001 1.001 0.994 0.961 0.825 0.803 0.826 0.834 0.876
-9 -9 -9 -9 -9 -9 -9 -9 -9 -9 -9 -9 -9 -9 -9 -9 -9 -9 -9 -9 -9 -9 -9 -9 -9 -9 -9 -9 -9 0.436 0.492 0.476 0.441 0.483 0.504 0.43 0.314 0.268 0.287 0.264 0.156 0.103 0.121 0.16 0.214 0.214 0.17 0.115 0.172 0.224 0.241 0.307 0.596 0.764 0.834 0.828 0.842 0.869 0.898 0.929 0.969 0.999 1.009 1.009 1.01 1.008 1.01 1.008 1.013 1.003 0.967 0.86 0.781 0.804 0.807 0.853 0.857
-9 -9 -9 -9 -9 -9 -9 -9 -9 -9 -9 -9 -9 -9 -9 -9 -9 -9 -9 -9 -9 -9 -9 -9 -9 -9 -9 -9 0.385 0.43 0.449 0.497 0.477 0.512 0.437 0.343 0.287 0.269 0.293 0.279 0.139 0.07 0.106 0.161 0.176 0.138 0.076 0.015 0.066 0.197 0.315 0.421 0.729 0.826 0.867 0.879 0.904 0.925 0.944 0.98 1.006 1.011 1.019 1.018 1.008 1.002 1.005 1.014 1.014 0.968 0.854 0.786 0.791 0.802 0.814 0.828 0.796
-9 -9 -9 -9 -9 -9 -9 -9 -9 -9 -9 -9 -9 -9 -9 -9 -9 -9 -9 -9 -9 -9 -9 -9 -9 -9 0.29 0.36 0.372 0.365 0.432 0.477 0.512 0.48 0.355 0.295 0.291 0.334 0.329 0.293 0.156 0.116 0.155 0.147 0.126 0.107 0.078 0.002 0.105 0.364 0.612 0.695 0.792 0.849 0.888 0.928 0.952 0.964 0.989 1.005 1.015 1.023 1.016 0.991 0.957 0.964 0.999 0.999 0.965 0.865 0.763 0.766 0.792 0.781 0.83 0.769 0.741
-9 -9 -9 -9 -9 -9 -9 -9 -9 -9 -9 -9 -9 -9 -9 -9 -9 -9 -9 -9 -9 -9 -9 -9 -9 0.277 0.327 0.333 0.332 0.366 0.409 0.494 0.512 0.456 0.385 0.342 0.367 0.4 0.347 0.315 0.221 0.187 0.206 0.176 0.181 0.165 0.057 0.008 0.227 0.559 0.756 0.78 0.819 0.859 0.902 0.957 0.936 0.966 1.01 1.012 1.015 1.011 0.959 0.897 0.916 0.957 0.982 0.945 0.888 0.808 0.766 0.756 0.76 0.807 0.793 0.712 0.729
-9 -9 -9 -9 -9 -9 -9 -9 -9 -9 -9 -9 -9 -9 -9 -9 -9 -9 -9 -9 -9 -9 -9 0.32 0.298 0.293 0.264 0.32 0.363 0.438 0.475 0.538 0.505 0.432 0.381 0.37 0.424 0.404 0.367 0.326 0.281 0.257 0.28 0.299 0.234 0.072 -0.08 0.046 0.426 0.716 0.794 0.809 0.874 0.908 0.958 0.961 0.927 0.978 1.014 1.016 1.015 0.971 0.893 0.864 0.913 0.929 0.937 0.886 0.865 0.812 0.784 0.746 0.779 0.808 0.751 0.699 0.783
-9 -9 -9 -9 -9 -9 -9 -9 -9 -9 -9 -9 -9 -9 -9 -9 -9 -9 -9 -9 -9 -9 0.346 0.286 0.287 0.268 0.282 0.38 0.447 0.487 0.527 0.499 0.468 0.434 0.409 0.448 0.412 0.327 0.231 0.286 0.35 0.376 0.312 0.182 0.032 0.003 0.024 0.289 0.617 0.779 0.812 0.84 0.916 0.947 0.997 0.991 0.991 1.013 1.022 1.02 1.009 0.946 0.888 0.897 0.872 0.87 0.918 0.851 0.837 0.785 0.772 0.761 0.786 0.782 0.735 0.761 0.835
-9 -9 -9 -9 -9 -9 -9 -9 -9 -9 -9 -9 -9 -9 -9 -9 -9 -9 -9 -9 -9 0.372 0.33 0.276 0.248 0.289 0.334 0.402 0.416 0.422 0.463 0.42 0.383 0.421 0.471 0.432 0.321 0.106 0.112 0.322 0.469 0.312 0.172 0.093 0.04 0.13 0.307 0.586 0.744 0.82 0.865 0.916 0.947 0.99 1.012 1.017 1.019 1.028 1.03 1.007 0.98 0.936 0.908 0.887 0.873 0.926 0.899 0.847 0.802 0.764 0.768 0.774 0.782 0.788 0.78 0.84 0.831
-9 -9 -9 -9 -9 -9 -9 -9 -9 -9 -9 -9 -9 -9 -9 -9 -9 -9 -9 -9 0.377 0.332 0.323 0.263 0.23 0.319 0.361 0.353 0.377 0.419 0.463 0.437 0.439 0.455 0.396 0.307 0.22 0.08 0.121 0.443 0.419 0.235 0.218 0.244 0.276 0.453 0.573 0.685 0.772 0.825 0.884 0.937 0.982 1.012 1.019 1.02 1.026 1.016 0.975 0.97 0.962 0.921 0.891 0.884 0.939 0.961 0.867 0.82 0.758 0.757 0.777 0.773 0.777 0.79 0.822 0.791 0.801
-9 -9 -9 -9 -9 -9 -9 -9 -9 -9 -9 -9 -9 -9 -9 -9 -9 -9 -9 0.373 0.346 0.286 0.253 0.221 0.273 0.317 0.319 0.357 0.41 0.46 0.449 0.431 0.398 0.35 0.278 0.185 0.115 0.026 0.146 0.417 0.514 0.43 0.387 0.433 0.552 0.655 0.692 0.721 0.782 0.833 0.906 0.952 1.005 1.015 1.02 1.024 0.947 0.945 0.93 0.955 0.938 0.895 0.862 0.892 0.958 0.95 0.855 0.803 0.745 0.747 0.753 0.729 0.775 0.797 0.793 0.763 0.83
-9 -9 -9 -9 -9 -9 -9 -9 -9 -9 -9 -9 -9 -9 -9 -9 -9 -9 0.388 0.315 0.222 0.191 0.23 0.276 0.35 0.321 0.356 0.412 0.446 0.448 0.378 0.308 0.25 0.233 0.195 0.143 0.082 0.017 0.08 0.364 0.577 0.556 0.58 0.627 0.675 0.715 0.774 0.796 0.829 0.864 0.936 0.974 1.017 1.027 1.033 1.011 0.894 0.896 0.885 0.937 0.892 0.829 0.835 0.905 0.968 0.931 0.862 0.764 0.698 0.7 0.694 0.742 0.762 0.748 0.787 0.788 0.894
-9 -9 -9 -9 -9 -9 -9 -9 -9 -9 -9 -9 -9 -9 -9 -9 -9 0.415 0.326 0.2 0.181 0.234 0.296 0.342 0.354 0.39 0.431 0.435 0.414 0.365 0.265 0.196 0.177 0.192 0.18 0.161 0.123 0.078 0.173 0.405 0.617 0.64 0.668 0.614 0.471 0.59 0.689 0.784 0.829 0.898 0.932 0.978 1.028 1.032 1.04 0.991 0.917 0.882 0.887 0.919 0.872 0.806 0.837 0.92 0.97 0.924 0.864 0.75 0.709 0.68 0.692 0.755 0.714 0.785 0.814 0.836 0.945
-9 -9 -9 -9 -9 -9 -9 -9 -9 -9 -9 -9 -9 -9 -9 -9 0.376 0.277 0.205 0.204 0.266 0.31 0.323 0.333 0.376 0.444 0.418 0.354 0.301 0.245 0.18 0.143 0.166 0.187 0.208 0.238 0.246 0.295 0.504 0.596 0.589 0.523 0.446 0.382 0.429 0.597 0.699 0.802 0.837 0.912 0.912 0.957 1.037 1.043 1.035 1.002 0.952 0.901 0.901 0.91 0.856 0.816 0.847 0.929 0.953 0.934 0.856 0.785 0.738 0.713 0.725 0.711 0.752 0.832 0.884 0.958 0.903
-9 -9 -9 -9 -9 -9 -9 -9 -9 -9 -9 -9 -9 -9 -9 0.312 0.219 0.191 0.229 0.268 0.298 0.324 0.315 0.357 0.408 0.391 0.308 0.242 0.205 0.144 0.122 0.144 0.179 0.234 0.255 0.286 0.348 0.492 0.535 0.403 0.401 0.39 0.365 0.419 0.572 0.667 0.721 0.813 0.854 0.905 0.917 0.98 1.052 1.056 1.037 0.998 0.945 0.903 0.915 0.902 0.85 0.821 0.87 0.948 0.933 0.925 0.849 0.775 0.737 0.709 0.707 0.73 0.818 0.846 0.928 0.965 0.858
-9 -9 -9 -9 -9 -9 -9 -9 -9 -9 -9 -9 -9 0.426 0.331 0.218 0.176 0.224 0.262 0.29 0.32 0.354 0.369 0.345 0.337 0.29 0.213 0.191 0.158 0.133 0.115 0.172 0.208 0.238 0.236 0.244 0.336 0.383 0.267 0.281 0.403 0.384 0.397 0.44 0.59 0.704 0.75 0.823 0.864 0.911 0.952 1.019 1.064 1.066 1.04 0.986 0.928 0.901 0.914 0.885 0.848 0.831 0.899 0.946 0.921 0.905 0.831 0.745 0.696 0.707 0.721 0.775 0.842 0.851 0.949 0.912 0.819
-9 -9 -9 -9 -9 -9 -9 -9 -9 -9 -9 -9 0.467 0.345 0.254 0.216 0.241 0.302 0.314 0.344 0.371 0.366 0.262 0.228 0.276 0.263 0.231 0.212 0.171 0.135 0.138 0.185 0.207 0.224 0.247 0.291 0.341 0.187 0.21 0.35 0.428 0.287 0.235 0.352 0.568 0.697 0.759 0.835 0.885 0.937 0.987 1.05 1.076 1.077 1.025 0.977 0.929 0.904 0.917 0.878 0.859 0.873 0.918 0.924 0.91 0.889 0.826 0.738 0.674 0.714 0.755 0.824 0.869 0.93 0.94 0.812 0.77
-9 -9 -9 -9 -9 -9 -9 -9 -9 -9 -9 0.536 0.448 0.341 0.257 0.301 0.359 0.386 0.41 0.355 0.333 0.29 0.185 0.218 0.267 0.251 0.236 0.193 0.126 0.108 0.105 0.17 0.248 0.28 0.349 0.41 0.348 0.202 0.299 0.371 0.322 0.204 0.251 0.473 0.643 0.728 0.791 0.866 0.913 0.966 1.008 1.058 1.083 1.077 0.989 0.967 0.926 0.91 0.917 0.883 0.88 0.905 0.913 0.912 0.904 0.86 0.816 0.754 0.697 0.719 0.777 0.877 0.965 0.96 0.83 0.736 0.728
-9 -9 -9 -9 -9 -9 -9 -9 -9 -9 0.639 0.586 0.473 0.401 0.355 0.428 0.478 0.452 0.365 0.293 0.227 0.241 0.183 0.186 0.231 0.21 0.181 0.14 0.06 0.03 0.124 0.252 0.318 0.364 0.405 0.442 0.368 0.304 0.361 0.342 0.238 0.265 0.452 0.627 0.723 0.771 0.841 0.903 0.938 0.991 1.029 1.049 1.069 1.057 0.957 0.958 0.937 0.925 0.919 0.902 0.904 0.917 0.905 0.902 0.899 0.84 0.809 0.787 0.758 0.767 0.857 0.976 0.955 0.856 0.76 0.686 0.685
-9 -9 -9 -9 -9 -9 -9 -9 -9 -9 0.594 0.604 0.552 0.433 0.451 0.468 0.443 0.35 0.249 0.186 0.204 0.229 0.174 0.152 0.158 0.168 0.13 0.09 0.025 0.111 0.262 0.343 0.371 0.424 0.445 0.443 0.317 0.265 0.335 0.282 0.302 0.427 0.612 0.716 0.788 0.841 0.908 0.95 0.976 1.034 1.068 1.035 1.072 1.055 0.952 0.97 0.955 0.951 0.941 0.93 0.929 0.928 0.904 0.907 0.885 0.822 0.808 0.807 0.821 0.853 0.915 0.985 0.879 0.795 0.745 0.663 0.646
-9 -9 -9 -9 -9 -9 -9 -9 -9 0.489 0.473 0.503 0.535 0.521 0.489 0.421 0.358 0.239 0.162 0.146 0.182 0.226 0.19 0.152 0.118 0.119 0.069 0.053 0.1 0.252 0.335 0.375 0.429 0.465 0.438 0.324 0.171 0.121 0.28 0.364 0.451 0.589 0.71 0.78 0.847 0.915 0.937 0.967 0.988 1.036 1.068 1.079 1.11 1.03 0.964 0.982 0.975 0.975 0.966 0.959 0.95 0.934 0.903 0.897 0.864 0.809 0.794 0.812 0.872 0.9 0.959 0.978 0.909 0.818 0.767 0.664 0.644
-9 -9 -9 -9 -9 -9 -9 -9 0.488 0.449 0.44 0.459 0.501 0.526 0.465 0.394 0.282 0.21 0.156 0.158 0.181 0.249 0.192 0.136 0.11 0.077 0.058 0.126 0.22 0.324 0.379 0.439 0.465 0.413 0.219 0.156 0.125 0.133 0.323 0.457 0.567 0.681 0.776 0.854 0.914 0.933 0.952 1.015 0.982 1.007 1.039 1.094 1.126 1.012 0.995 0.998 0.997 0.992 0.984 0.969 0.949 0.913 0.903 0.866 0.849 0.779 0.756 0.807 0.876 0.931 0.948 0.941 0.919 0.867 0.79 0.679 0.643
