data/climatemaps/RS_maps/climate_breeding_pr_2005.asc
NCOLS 369 
NROWS 228 
XLLCORNER 479000 
YLLCORNER 73000 
CELLSIZE 1000 
NODATA_value -9 
[rows 68 to 101 of 228, columns 225 to 299 of 369]
-0.12 -0.093 -0.074 -0.043 -0.007 0.044 0.106 0.155 0.189 0.211 0.22 0.233 0.274 0.322 0.387 0.472 0.603 0.81 1.017 1.217 1.368 1.48 1.426 1.215 0.913 0.805 0.549 0.322 0.191 0.164 0.232 0.422 0.688 0.819 0.923 1.172 1.323 1.332 1.158 1.041 1.283 1.32 1.179 1.129 0.98 0.612 0.243 -0.088 -0.352 -0.49 -0.569 -0.617 -0.649 -0.654 -0.657 -0.661 -0.677 -0.651 -0.571 -0.52 -0.524 -0.52 -0.514 -0.505 -0.487 -0.432 -9 -9 -9 -9 -9 -9 -9 -9 -9
-0.121 -0.098 -0.079 -0.059 -0.028 0.019 0.07 0.109 0.139 0.156 0.155 0.146 0.157 0.193 0.248 0.319 0.418 0.58 0.796 0.994 1.212 1.441 1.515 1.343 1.006 0.923 0.719 0.453 0.244 0.154 0.197 0.396 0.644 0.816 1.019 1.259 1.273 1.105 0.862 0.904 1.011 0.942 0.937 0.896 0.652 0.362 0.051 -0.232 -0.433 -0.542 -0.61 -0.655 -0.686 -0.694 -0.713 -0.727 -0.704 -0.622 -0.472 -0.418 -0.471 -0.513 -0.543 -0.553 -0.546 -0.521 -9 -9 -9 -9 -9 -9 -9 -9 -9
-0.107 -0.085 -0.069 -0.054 -0.027 0.016 0.049 0.078 0.107 0.127 0.124 0.11 0.104 0.117 0.146 0.192 0.262 0.39 0.597 0.848 1.057 1.345 1.486 1.363 1.147 1.126 0.9 0.656 0.465 0.299 0.233 0.369 0.585 0.877 0.937 0.999 1.011 0.855 0.732 0.757 0.707 0.681 0.658 0.552 0.42 0.177 -0.108 -0.358 -0.505 -0.592 -0.651 -0.695 -0.731 -0.757 -0.769 -0.751 -0.668 -0.496 -0.323 -0.332 -0.424 -0.441 -0.495 -0.54 -0.565 -0.565 -9 -9 -9 -9 -9 -9 -9 -9 -9
-0.074 -0.055 -0.04 -0.027 -0.008 0.019 0.059 0.119 0.147 0.138 0.114 0.094 0.083 0.086 0.1 0.126 0.16 0.244 0.455 0.743 0.956 1.193 1.447 1.412 1.377 1.284 1.011 0.902 0.714 0.487 0.34 0.343 0.605 0.777 0.836 0.828 0.768 0.637 0.569 0.536 0.492 0.43 0.38 0.306 0.182 -0.011 -0.245 -0.45 -0.565 -0.637 -0.691 -0.736 -0.775 -0.802 -0.801 -0.742 -0.57 -0.334 -0.202 -0.305 -0.353 -0.314 -0.372 -0.457 -0.524 -9 -9 -9 -9 -9 -9 -9 -9 -9 -9
-0.013 0.001 0.01 0.022 0.035 0.057 0.097 0.157 0.169 0.137 0.107 0.094 0.085 0.082 0.094 0.124 0.111 0.165 0.311 0.603 0.901 1.071 1.372 1.514 1.562 1.398 1.173 0.94 0.738 0.647 0.539 0.45 0.591 0.666 0.679 0.597 0.584 0.55 0.53 0.5 0.481 0.425 0.342 0.223 0.069 -0.124 -0.325 -0.501 -0.605 -0.675 -0.728 -0.775 -0.814 -0.835 -0.815 -0.681 -0.45 -0.172 -0.137 -0.25 -0.25 -0.158 -0.221 -0.358 -0.453 -9 -9 -9 -9 -9 -9 -9 -9 -9 -9
0.101 0.099 0.095 0.099 0.1 0.11 0.128 0.148 0.154 0.153 0.129 0.118 0.107 0.1 0.123 0.142 0.088 0.107 0.198 0.469 0.801 1.128 1.321 1.612 1.564 1.381 1.219 1.081 0.992 1.02 0.884 0.801 0.637 0.607 0.621 0.684 0.736 0.711 0.68 0.64 0.632 0.563 0.458 0.314 0.121 -0.105 -0.321 -0.508 -0.624 -0.701 -0.761 -0.809 -0.847 -0.857 -0.801 -0.599 -0.324 -0.047 -0.048 -0.179 -0.071 0.038 -0.047 -0.201 -0.292 -9 -9 -9 -9 -9 -9 -9 -9 -9 -9
0.301 0.274 0.248 0.224 0.198 0.183 0.182 0.184 0.184 0.184 0.173 0.161 0.146 0.132 0.14 0.126 0.081 0.079 0.141 0.372 0.722 1.146 1.343 1.508 1.557 1.469 1.336 1.322 1.258 1.243 1.214 1.095 0.944 0.916 0.926 0.983 0.947 0.91 0.909 0.865 0.844 0.728 0.557 0.389 0.177 -0.037 -0.24 -0.454 -0.61 -0.711 -0.783 -0.835 -0.872 -0.867 -0.783 -0.54 -0.177 0.067 0.033 -0.096 0.122 0.212 0.042 -0.037 -0.082 -0.271 -0.419 -0.357 -0.326 -9 -9 -9 -9 -9 -9
0.552 0.535 0.497 0.428 0.375 0.312 0.274 0.264 0.26 0.266 0.259 0.243 0.211 0.183 0.155 0.125 0.091 0.076 0.119 0.379 0.79 1.107 1.166 1.292 1.508 1.477 1.381 1.407 1.446 1.417 1.345 1.237 1.258 1.303 1.23 1.174 1.12 1.115 1.14 1.072 1.008 0.839 0.606 0.44 0.315 0.171 -0.075 -0.333 -0.509 -0.682 -0.792 -0.854 -0.891 -0.864 -0.751 -0.474 -0.115 -0.01 -0.052 0.033 0.196 0.311 0.158 0.089 0 -0.158 -0.364 -0.288 -0.165 -0.074 -0.118 -0.229 -0.318 -9 -9
0.805 0.801 0.737 0.708 0.631 0.516 0.425 0.463 0.48 0.496 0.505 0.438 0.347 0.29 0.223 0.168 0.12 0.09 0.129 0.438 0.842 0.952 0.908 1.142 1.19 1.167 1.189 1.296 1.336 1.418 1.394 1.417 1.479 1.469 1.372 1.286 1.213 1.225 1.189 1.093 0.971 0.794 0.588 0.571 0.585 0.352 0.125 -0.112 -0.374 -0.629 -0.788 -0.864 -0.903 -0.873 -0.748 -0.47 -0.14 -0.056 -0.061 0.19 0.313 0.383 0.255 0.14 0.062 -0.107 -0.337 -0.278 -0.117 -0.005 -0.06 -0.148 -0.245 -0.371 -0.455
0.949 0.978 0.951 0.969 0.933 0.716 0.534 0.673 0.705 0.702 0.737 0.751 0.645 0.579 0.456 0.273 0.166 0.114 0.145 0.444 0.657 0.626 0.618 0.846 0.813 0.846 0.974 1.073 1.134 1.291 1.387 1.444 1.414 1.31 1.189 1.044 0.917 0.94 0.963 0.922 0.849 0.761 0.649 0.72 0.74 0.58 0.353 0.066 -0.277 -0.56 -0.756 -0.866 -0.911 -0.895 -0.745 -0.431 -0.149 -0.077 -0.056 0.147 0.293 0.354 0.254 0.193 0.066 -0.159 -0.292 -0.2 -0.06 0.001 -0.025 -0.105 -0.22 -0.341 -0.351
0.952 1.062 1.137 1.185 1.089 0.843 0.59 0.595 0.651 0.733 0.879 0.956 0.928 0.881 0.753 0.508 0.261 0.147 0.145 0.291 0.414 0.342 0.331 0.465 0.466 0.523 0.651 0.728 0.815 0.936 1 1.004 0.964 0.84 0.727 0.56 0.403 0.376 0.453 0.52 0.546 0.675 0.727 0.782 0.764 0.68 0.472 0.137 -0.164 -0.462 -0.723 -0.864 -0.917 -0.913 -0.783 -0.501 -0.254 -0.188 0 0.189 0.204 0.302 0.29 0.179 -0.085 -0.2 -0.186 -0.106 0.026 0.001 -0.01 -0.049 -0.203 -0.263 -0.1
0.855 1.03 1.251 1.281 1.141 0.872 0.674 0.645 0.612 0.689 0.849 1.033 1.086 1.07 1.025 0.82 0.479 0.224 0.118 0.137 0.164 0.154 0.173 0.21 0.249 0.271 0.295 0.318 0.356 0.386 0.381 0.379 0.359 0.298 0.227 0.113 0.008 -0.047 -0.035 0.051 0.192 0.436 0.437 0.549 0.711 0.595 0.405 0.292 -0.031 -0.399 -0.703 -0.857 -0.921 -0.927 -0.845 -0.612 -0.375 -0.234 0.031 0.221 0.203 0.276 0.281 0.069 -0.168 -0.108 -0.104 0.011 0.063 -0.026 -0.112 -0.167 -0.221 -0.061 0.193
0.818 0.991 1.197 1.272 1.195 0.977 0.794 0.732 0.716 0.711 0.824 1.075 1.198 1.197 1.1 0.897 0.646 0.335 0.129 0.086 0.081 0.113 0.19 0.279 0.298 0.251 0.194 0.141 0.104 0.084 0.071 0.056 0.029 -0.017 -0.076 -0.149 -0.216 -0.268 -0.303 -0.303 -0.18 0.08 0.131 0.247 0.446 0.526 0.461 0.392 0.022 -0.373 -0.658 -0.844 -0.924 -0.94 -0.893 -0.707 -0.476 -0.269 -0.048 0.101 0.186 0.301 0.238 -0.015 -0.166 -0.026 -0.018 0.058 0.079 0.004 -0.177 -0.213 0.006 0.073 0.45
0.817 0.98 1.186 1.293 1.279 1.219 0.884 0.717 0.732 0.806 0.849 1.131 1.259 1.248 1.164 1.01 0.78 0.452 0.159 0.078 0.099 0.221 0.376 0.487 0.504 0.447 0.314 0.186 0.086 0.019 -0.033 -0.072 -0.109 -0.153 -0.189 -0.26 -0.315 -0.347 -0.437 -0.482 -0.478 -0.267 -0.111 0.053 0.204 0.421 0.465 0.319 0.005 -0.354 -0.629 -0.824 -0.929 -0.952 -0.914 -0.755 -0.516 -0.26 -0.136 0.043 0.134 0.283 0.188 -0.076 -0.136 -0.016 0.045 0.111 0.156 0.04 -0.152 -0.029 0.22 0.339 0.592
0.787 0.878 1.083 1.306 1.382 1.423 1.07 0.771 0.701 0.826 0.884 1.111 1.307 1.293 1.157 0.995 0.808 0.58 0.213 0.073 0.155 0.39 0.63 0.736 0.752 0.701 0.526 0.413 0.248 0.16 0.016 0.01 -0.059 -0.129 -0.152 -0.157 -0.189 -0.276 -0.409 -0.54 -0.585 -0.522 -0.296 -0.086 0.04 0.182 0.329 0.219 -0.044 -0.389 -0.653 -0.823 -0.936 -0.962 -0.928 -0.768 -0.499 -0.209 -0.137 0.084 0.145 0.233 0.171 -0.094 -0.091 0.013 0.149 0.196 0.2 0.088 -0.028 0.244 0.486 0.631 0.843
0.633 0.683 0.89 1.173 1.364 1.341 1.137 0.796 0.654 0.753 0.988 1.18 1.308 1.303 1.139 0.884 0.707 0.519 0.214 0.06 0.135 0.426 0.772 0.989 0.965 1.026 0.795 0.763 0.537 0.382 0.126 0.248 0.18 0.062 0.002 0.07 -0.028 -0.168 -0.35 -0.535 -0.62 -0.633 -0.54 -0.357 -0.14 -0.048 0.066 0.011 -0.194 -0.47 -0.706 -0.861 -0.951 -0.971 -0.923 -0.731 -0.469 -0.177 -0.096 0.081 0.243 0.294 0.218 -0.048 -0.012 0.113 0.213 0.26 0.411 0.396 0.159 0.459 0.751 0.831 0.926
0.478 0.602 0.824 1.002 1.226 1.246 1.116 0.846 0.629 0.737 1.092 1.274 1.329 1.209 1.003 0.799 0.657 0.55 0.18 0.044 0.1 0.412 0.74 1.092 1.071 1.396 1.132 1.097 0.866 0.478 0.359 0.491 0.465 0.333 0.268 0.21 0.085 -0.074 -0.287 -0.463 -0.587 -0.651 -0.665 -0.599 -0.405 -0.268 -0.132 -0.192 -0.36 -0.591 -0.788 -0.911 -0.973 -0.98 -0.884 -0.66 -0.38 -0.118 -0.047 0.054 0.293 0.372 0.242 0.084 0.101 0.18 0.333 0.416 0.631 0.499 0.379 0.596 0.878 0.867 0.872
0.433 0.48 0.651 0.83 1.028 1.151 1.11 0.844 0.639 0.787 1.057 1.359 1.379 1.161 1.071 0.969 0.856 0.69 0.146 0.048 0.204 0.493 0.768 1.124 1.233 1.663 1.412 1.328 1.094 0.645 0.703 0.726 0.713 0.605 0.501 0.352 0.161 -0.071 -0.242 -0.347 -0.476 -0.58 -0.669 -0.714 -0.677 -0.505 -0.321 -0.332 -0.499 -0.723 -0.874 -0.959 -1 -0.981 -0.775 -0.556 -0.399 -0.117 0.051 0.09 0.29 0.36 0.277 0.337 0.3 0.337 0.554 0.682 0.774 0.694 0.75 0.715 0.953 0.98 0.965
0.417 0.43 0.444 0.588 0.817 1.048 1.056 0.796 0.712 0.961 1.191 1.398 1.267 1.309 1.346 1.267 1.17 0.673 0.1 0.071 0.315 0.614 0.953 1.2 1.36 1.775 1.6 1.37 1.159 0.814 0.968 1.017 0.937 0.826 0.672 0.43 0.134 -0.086 -0.105 -0.177 -0.325 -0.467 -0.595 -0.72 -0.783 -0.737 -0.615 -0.552 -0.69 -0.865 -0.952 -1.004 -1.031 -0.996 -0.736 -0.495 -0.358 -0.19 0.08 0.2 0.425 0.454 0.413 0.513 0.471 0.569 0.736 0.852 0.969 0.968 1.071 0.925 1.037 1.106 1.133
0.438 0.519 0.494 0.495 0.858 1.173 1.131 0.823 0.899 1.133 1.345 1.326 1.314 1.5 1.491 1.368 1.149 0.484 0.06 0.082 0.28 0.595 0.959 1.248 1.486 1.668 1.634 1.639 1.455 1.012 1.162 1.252 1.125 0.943 0.711 0.407 0.096 0.041 0.071 -0.035 -0.182 -0.342 -0.503 -0.648 -0.778 -0.842 -0.844 -0.814 -0.89 -0.969 -1.006 -1.023 -1.04 -1.029 -0.826 -0.59 -0.325 -0.114 0.09 0.265 0.34 0.49 0.535 0.524 0.426 0.457 0.614 0.818 1.006 1.05 1.037 0.978 1.08 1.205 1.195
0.563 0.664 0.658 0.557 0.826 1.168 1.097 0.908 1.043 1.262 1.437 1.335 1.452 1.517 1.392 1.134 0.717 0.276 0.033 0.003 0.207 0.515 0.912 1.3 1.533 1.618 1.792 1.827 1.547 1.235 1.366 1.42 1.262 1.082 0.774 0.41 0.213 0.246 0.19 0.052 -0.088 -0.239 -0.413 -0.559 -0.702 -0.826 -0.907 -0.937 -0.98 -1.022 -1.052 -1.034 -1 -1.055 -0.975 -0.725 -0.399 -0.178 -0.049 0.116 0.242 0.314 0.378 0.37 0.269 0.295 0.415 0.575 0.789 0.9 0.931 0.986 1.086 1.149 1.201
0.607 0.779 0.876 0.777 0.883 1.204 1.132 1.18 1.275 1.377 1.387 1.312 1.345 1.232 1.019 0.654 0.373 0.171 0.023 -0.066 0.009 0.359 0.832 1.195 1.507 1.669 1.777 1.771 1.611 1.559 1.573 1.558 1.445 1.307 0.985 0.557 0.403 0.442 0.267 0.086 -0.026 -0.145 -0.325 -0.508 -0.659 -0.765 -0.888 -0.958 -1.006 -1.048 -1.085 -1.109 -1.083 -1.043 -1.056 -0.941 -0.714 -0.461 -0.136 -0.006 0.122 0.194 0.192 0.11 0.113 0.178 0.271 0.424 0.571 0.714 0.817 0.892 0.907 0.927 1.096
0.731 0.946 1.073 0.872 1.093 1.335 1.29 1.329 1.275 1.14 1.116 1.146 1.094 0.8 0.619 0.528 0.459 0.277 0.109 -0.075 -0.131 0.08 0.546 0.958 1.404 1.64 1.669 1.817 1.784 1.687 1.63 1.674 1.616 1.477 1.155 0.722 0.61 0.58 0.321 0.199 0.081 -0.082 -0.287 -0.531 -0.563 -0.634 -0.819 -0.926 -0.998 -1.051 -1.099 -1.14 -1.169 -1.166 -1.126 -1.072 -0.889 -0.644 -0.313 -0.081 0.114 0.231 0.207 0.014 -0.048 0.036 0.159 0.356 0.515 0.565 0.633 0.697 0.621 0.67 0.911
0.727 1.041 1.107 0.988 1.358 1.341 1.285 1.208 0.944 0.798 0.752 0.755 0.733 0.659 0.669 0.758 0.736 0.716 0.4 -0.011 -0.174 -0.084 0.341 0.783 1.187 1.513 1.563 1.686 1.693 1.519 1.525 1.664 1.661 1.522 1.206 0.943 0.816 0.672 0.451 0.323 0.145 -0.073 -0.368 -0.542 -0.446 -0.494 -0.695 -0.819 -0.923 -1.006 -1.088 -1.152 -1.198 -1.222 -1.212 -1.176 -1.039 -0.844 -0.513 -0.207 0.089 0.198 0.156 -0.059 -0.188 -0.036 0.118 0.304 0.363 0.314 0.375 0.418 0.317 0.374 0.641
0.754 1.047 1.198 1.248 1.464 1.318 1.196 1.119 0.875 0.847 0.866 0.807 0.819 1.039 1.203 1.252 1.189 1.046 0.52 0.007 -0.208 -0.176 0.2 0.574 0.89 1.241 1.262 1.234 1.316 1.223 1.387 1.508 1.509 1.487 1.324 1.171 0.972 0.781 0.555 0.343 0.079 -0.219 -0.483 -0.424 -0.339 -0.373 -0.54 -0.676 -0.763 -0.875 -0.992 -1.125 -1.209 -1.252 -1.266 -1.252 -1.163 -0.998 -0.714 -0.399 -0.071 0.021 -0.03 -0.207 -0.317 -0.186 -0.031 0.132 0.105 -0.012 0.102 0.086 -0.011 0.141 0.38
0.924 1.108 1.281 1.351 1.439 1.383 1.507 1.546 1.151 1.224 1.393 1.315 1.343 1.558 1.753 1.709 1.487 0.947 0.382 -0.059 -0.269 -0.241 0.008 0.206 0.488 0.822 0.813 0.71 0.881 0.994 1.227 1.181 1.273 1.45 1.386 1.247 0.996 0.724 0.474 0.215 -0.047 -0.404 -0.472 -0.317 -0.208 -0.245 -0.391 -0.527 -0.581 -0.728 -0.868 -1.053 -1.189 -1.255 -1.292 -1.294 -1.246 -1.132 -0.907 -0.644 -0.371 -0.258 -0.281 -0.402 -0.46 -0.343 -0.227 -0.143 -0.17 -0.294 -0.172 -0.248 -0.204 0.039 0.265
0.989 1.085 1.199 1.34 1.359 1.562 1.806 1.888 1.618 1.416 1.508 1.519 1.661 1.786 1.905 1.739 1.352 0.827 0.246 -0.178 -0.336 -0.326 -0.214 -0.146 0.008 0.25 0.275 0.348 0.635 0.846 0.986 0.859 1.093 1.371 1.243 1.127 0.981 0.55 0.201 -0.069 -0.319 -0.468 -0.412 -0.285 -0.103 -0.094 -0.249 -0.324 -0.414 -0.602 -0.799 -1.036 -1.152 -1.21 -1.286 -1.311 -1.29 -1.221 -1.076 -0.861 -0.641 -0.548 -0.532 -0.594 -0.592 -0.539 -0.489 -0.432 -0.477 -0.533 -0.493 -0.502 -0.409 -0.222 -0.038
0.655 0.703 0.806 1.01 1.226 1.597 1.936 2.087 1.986 1.744 1.542 1.603 1.738 1.84 1.799 1.411 1.059 0.561 0.018 -0.293 -0.328 -0.306 -0.104 -0.075 -0.189 -0.197 -0.161 0.046 0.348 0.576 0.701 0.602 0.901 1.212 1.02 0.983 0.79 0.359 -0.053 -0.27 -0.409 -0.416 -0.293 -0.236 -0.015 0.047 -0.045 -0.13 -0.284 -0.516 -0.78 -1.051 -1.091 -1.11 -1.223 -1.298 -1.306 -1.267 -1.187 -1.036 -0.865 -0.776 -0.753 -0.756 -0.74 -0.721 -0.717 -0.704 -0.732 -0.731 -0.66 -0.546 -0.444 -0.354 -0.165
0.382 0.475 0.619 0.83 1.129 1.527 1.898 2.087 2.119 2.016 1.893 1.844 1.875 1.776 1.558 1.152 0.762 0.22 -0.2 -0.31 -0.232 -0.236 -0.003 0.125 -0.043 -0.23 -0.386 -0.23 0.051 0.228 0.435 0.409 0.733 1.056 0.949 0.716 0.494 0.147 -0.029 -0.096 -0.227 -0.391 -0.205 -0.161 0.045 0.154 0.086 -0.054 -0.269 -0.544 -0.814 -1.052 -1.022 -1.022 -1.107 -1.234 -1.302 -1.29 -1.242 -1.162 -1.035 -0.915 -0.866 -0.816 -0.767 -0.774 -0.835 -0.867 -0.837 -0.753 -0.647 -0.529 -0.406 -0.309 -0.224
0.382 0.442 0.558 0.736 1 1.375 1.777 2.056 2.156 2.123 2.254 2.055 1.807 1.537 1.228 0.843 0.379 -0.101 -0.305 -0.249 -0.125 -0.17 0.068 0.268 0.154 -0.039 -0.366 -0.46 -0.232 -0.053 0.12 0.223 0.643 0.976 0.859 0.556 0.399 0.219 0.11 0.041 -0.076 -0.293 -0.156 -0.037 0.127 0.18 0.079 -0.141 -0.375 -0.637 -0.881 -1.045 -0.967 -0.974 -1.063 -1.21 -1.305 -1.303 -1.272 -1.214 -1.019 -0.944 -0.839 -0.701 -0.614 -0.597 -0.731 -0.899 -0.939 -0.828 -0.737 -0.641 -0.477 -0.337 -0.298
0.236 0.356 0.482 0.602 0.831 1.162 1.594 2.043 2.179 2.257 2.403 2.162 1.838 1.49 1.081 0.668 0.084 -0.312 -0.294 -0.093 -0.035 -0.03 0.152 0.36 0.327 0.111 -0.226 -0.544 -0.47 -0.314 -0.118 0.217 0.706 0.983 0.83 0.675 0.631 0.389 0.215 0.165 0.001 -0.18 -0.107 0.045 0.167 0.198 0.086 -0.107 -0.339 -0.557 -0.869 -1.024 -0.915 -0.922 -1.062 -1.226 -1.316 -1.317 -1.292 -1.225 -1.026 -0.937 -0.759 -0.54 -0.462 -0.451 -0.563 -0.81 -1.007 -0.975 -0.882 -0.779 -0.614 -0.469 -0.47
0.248 0.195 0.343 0.474 0.696 1.065 1.512 1.937 2.124 2.246 2.241 2.04 1.682 1.271 0.837 0.389 -0.166 -0.411 -0.218 0.044 0.065 0.191 0.26 0.4 0.303 0.021 -0.256 -0.555 -0.498 -0.248 0.019 0.375 0.698 0.921 0.869 0.829 0.76 0.552 0.393 0.26 0.079 -0.026 0 0.11 0.117 0.237 0.162 -0.001 -0.176 -0.46 -0.822 -0.986 -0.841 -0.903 -1.078 -1.247 -1.329 -1.331 -1.297 -1.196 -0.991 -0.916 -0.673 -0.441 -0.33 -0.388 -0.566 -0.818 -1.027 -1.039 -0.943 -0.817 -0.717 -0.673 -0.733
0.57 0.183 0.234 0.416 0.653 0.967 1.351 1.683 1.916 2.017 1.973 1.751 1.329 0.887 0.467 -0.008 -0.409 -0.431 -0.184 0.072 0.164 0.302 0.372 0.461 0.373 0.097 -0.208 -0.552 -0.476 -0.158 0.065 0.286 0.562 0.827 0.882 0.932 0.869 0.674 0.457 0.3 0.163 0.084 0.059 0.127 0.036 0.148 0.103 -0.092 -0.26 -0.501 -0.824 -0.876 -0.757 -0.891 -1.074 -1.257 -1.337 -1.342 -1.289 -1.168 -0.958 -0.855 -0.652 -0.404 -0.271 -0.353 -0.602 -0.856 -1.02 -1.072 -0.994 -0.917 -0.892 -0.895 -0.956
0.835 0.442 0.214 0.399 0.698 0.878 1.175 1.457 1.716 1.876 1.791 1.433 0.969 0.433 0.038 -0.366 -0.506 -0.311 -0.211 0.053 0.264 0.429 0.467 0.506 0.388 0.119 -0.2 -0.551 -0.531 -0.241 -0.075 0.139 0.446 0.839 0.99 1.033 0.886 0.661 0.408 0.239 0.113 0.038 0.02 0.088 0.011 -0.054 -0.011 -0.189 -0.44 -0.687 -0.875 -0.703 -0.688 -0.868 -1.08 -1.26 -1.34 -1.349 -1.285 -1.125 -0.88 -0.786 -0.585 -0.335 -0.259 -0.384 -0.645 -0.824 -0.951 -1.067 -1.085 -1.069 -1.065 -1.086 -1.096
