data/climatemaps/RS_maps/climate_winter_tmin_2008.asc
NCOLS 369 
NROWS 228 
XLLCORNER 479000 
YLLCORNER 73000 
CELLSIZE 1000 
NODATA_value -9 
[rows 136 to 169 of 228, columns 228 to 303 of 369]
-0.719 -1.162 -1.428 -1.662 -1.758 -1.936 -1.943 -1.668 -1.739 -1.743 -1.741 -1.609 -1.334 -1.375 -1.572 -1.363 -1.284 -1.331 -0.919 -0.879 -1.347 -1.767 -1.767 -1.441 -1.121 -0.689 -0.401 -0.783 -1.219 -1.566 -1.67 -1.463 -1.163 -0.865 -1.075 -1.733 -1.775 -1.531 -1.397 -1.254 -1.134 -1.08 -0.905 -0.682 -0.32 -0.06 -0.289 -0.903 -1.418 -1.504 -1.594 -1.609 -1.409 -1.226 -0.912 -0.609 -0.391 -0.24 -0.548 -0.981 -1.224 -1.675 -1.805 -1.804 -1.761 -1.602 -1.952 -1.72 -1.554 -1.204 -0.761 -1.157 -1.33 -1.456 -1.651 -1.787
-0.811 -1.133 -1.623 -1.911 -1.973 -2.002 -1.667 -1.387 -1.5 -1.487 -1.464 -1.382 -1.356 -1.504 -1.676 -1.4 -1.218 -1.092 -0.847 -1.126 -1.725 -1.819 -1.508 -1.21 -0.85 -0.496 -0.493 -0.941 -1.255 -1.296 -1.501 -1.456 -1.194 -0.933 -0.987 -1.54 -1.737 -1.574 -1.432 -1.348 -1.223 -1.2 -1.106 -0.806 -0.262 -0.071 -0.448 -0.958 -1.267 -1.536 -1.829 -1.59 -1.275 -1.037 -0.88 -0.706 -0.519 -0.292 -0.405 -0.73 -1.167 -1.489 -1.511 -1.695 -1.791 -1.766 -2.069 -1.883 -1.712 -1.332 -0.901 -1.251 -1.486 -1.611 -1.738 -1.918
-1.017 -0.881 -1.424 -1.778 -1.862 -1.847 -1.464 -1.111 -1.475 -1.656 -1.647 -1.487 -1.335 -1.67 -1.783 -1.801 -1.403 -0.995 -1.05 -1.436 -1.776 -1.595 -1.333 -0.989 -0.711 -0.668 -0.76 -0.869 -1.325 -1.349 -1.586 -1.487 -1.277 -1.04 -1.002 -1.507 -1.735 -1.639 -1.558 -1.48 -1.452 -1.379 -1.159 -0.807 -0.285 -0.132 -0.626 -1.186 -1.357 -1.44 -1.759 -1.529 -1.171 -1.184 -1.103 -0.89 -0.62 -0.37 -0.317 -0.557 -1.033 -1.189 -1.198 -1.548 -1.572 -1.657 -1.949 -1.869 -1.583 -1.347 -1.036 -1.043 -1.184 -1.433 -1.691 -1.93
-1.247 -0.897 -1.127 -1.329 -1.461 -1.645 -1.514 -0.984 -1.265 -1.55 -1.397 -1.236 -1.275 -1.401 -1.678 -1.834 -1.54 -1.354 -1.316 -1.699 -1.78 -1.508 -1.141 -0.875 -0.884 -1.09 -1.07 -0.805 -1.193 -1.529 -1.632 -1.468 -1.247 -1.176 -1.354 -1.7 -1.787 -1.567 -1.42 -1.309 -1.324 -1.227 -1.127 -0.893 -0.411 -0.328 -0.811 -1.347 -1.592 -1.595 -1.682 -1.497 -1.358 -1.467 -1.311 -1.01 -0.66 -0.547 -0.464 -0.366 -0.725 -0.89 -0.932 -1.168 -1.295 -1.51 -1.963 -1.879 -1.602 -1.438 -1.25 -1.324 -1.206 -1.27 -1.384 -1.567
-1.515 -1.073 -1.23 -1.277 -1.52 -1.664 -1.258 -0.742 -0.872 -1.245 -1.108 -1.023 -0.985 -1.13 -1.409 -1.827 -1.809 -1.568 -1.574 -1.843 -1.578 -1.22 -0.929 -1.036 -1.232 -1.394 -1.246 -0.872 -1.099 -1.608 -1.694 -1.537 -1.382 -1.438 -1.567 -1.677 -1.726 -1.644 -1.332 -1.052 -0.974 -0.971 -1.099 -0.956 -0.462 -0.339 -0.783 -1.176 -1.272 -1.479 -1.68 -1.552 -1.566 -1.58 -1.3 -0.976 -0.746 -0.876 -0.799 -0.473 -0.484 -0.753 -1.005 -1.243 -1.431 -1.427 -1.686 -1.941 -1.799 -1.552 -1.424 -1.703 -1.584 -1.477 -1.507 -1.648
-1.572 -1.345 -1.56 -1.473 -1.443 -1.496 -1.172 -0.644 -0.651 -1.12 -0.939 -0.81 -0.954 -1.207 -1.526 -1.794 -1.798 -1.574 -1.567 -1.581 -1.213 -1.028 -1.048 -1.353 -1.504 -1.538 -1.244 -0.968 -1.194 -1.519 -1.75 -1.643 -1.549 -1.479 -1.415 -1.341 -1.46 -1.547 -1.151 -0.801 -0.573 -0.553 -0.629 -0.701 -0.506 -0.599 -0.527 -0.981 -1.388 -1.522 -1.643 -1.721 -1.637 -1.43 -1.197 -0.954 -0.958 -1.216 -1.091 -0.731 -0.555 -0.827 -1.161 -1.341 -1.572 -1.535 -1.49 -1.902 -1.898 -1.699 -1.754 -1.913 -1.803 -1.559 -1.39 -1.315
-1.702 -1.633 -1.633 -1.317 -1.08 -1.029 -0.997 -0.525 -0.425 -0.858 -0.796 -0.707 -1.058 -1.473 -1.776 -1.696 -1.367 -1.23 -1.164 -1.148 -1.028 -1.283 -1.38 -1.531 -1.637 -1.46 -1.121 -1.21 -1.522 -1.617 -1.595 -1.495 -1.491 -1.548 -1.395 -1.245 -1.004 -1.002 -0.717 -0.548 -0.552 -0.734 -0.636 -0.731 -0.877 -0.788 -0.55 -0.946 -1.34 -1.633 -1.713 -1.748 -1.526 -1.305 -1.074 -1.019 -1.322 -1.478 -1.17 -0.82 -0.581 -0.892 -1.262 -1.516 -1.754 -1.822 -1.6 -1.801 -2.059 -1.986 -1.964 -1.766 -1.507 -1.396 -1.573 -1.734
-1.635 -1.453 -1.277 -1.05 -0.799 -0.614 -0.618 -0.385 -0.354 -0.645 -0.804 -1.015 -1.09 -1.462 -1.837 -1.587 -1.223 -1.385 -1.298 -1.142 -1.101 -1.576 -1.671 -1.637 -1.48 -1.25 -1.268 -1.472 -1.611 -1.46 -1.278 -1.161 -1.207 -1.261 -1.087 -0.914 -0.78 -0.584 -0.619 -0.772 -1 -1.178 -0.882 -1.124 -1.158 -0.762 -0.55 -0.953 -1.243 -1.466 -1.614 -1.625 -1.403 -1.249 -1.105 -1.135 -1.634 -1.549 -1.273 -0.89 -0.609 -1.016 -1.396 -1.563 -1.795 -2.188 -2.044 -2.049 -2.077 -1.935 -1.62 -1.457 -1.494 -1.712 -1.984 -1.981
-1.329 -1.222 -1.097 -1.004 -0.856 -0.71 -0.653 -0.403 -0.486 -0.78 -0.984 -1.308 -1.387 -1.422 -1.802 -1.475 -1.357 -1.664 -1.54 -1.385 -1.124 -1.625 -1.902 -1.732 -1.516 -1.519 -1.416 -1.305 -1.334 -1.217 -0.943 -0.819 -0.804 -0.788 -0.65 -0.586 -0.607 -0.653 -0.897 -1.143 -1.356 -1.359 -0.989 -1.411 -1.33 -0.868 -0.698 -1.233 -1.38 -1.527 -1.54 -1.53 -1.312 -1.436 -1.297 -1.203 -1.811 -1.752 -1.531 -1.074 -0.686 -1.028 -1.279 -1.464 -1.727 -2.125 -2.245 -2.062 -2.084 -1.725 -1.525 -1.702 -1.692 -2.007 -2.001 -1.975
-1.15 -1.154 -1.075 -0.993 -0.852 -0.757 -0.797 -0.442 -0.334 -0.677 -0.936 -1.286 -1.628 -1.655 -1.878 -1.421 -1.507 -1.835 -1.717 -1.473 -1.175 -1.658 -1.925 -1.749 -1.801 -1.632 -1.313 -1.006 -0.938 -0.824 -0.677 -0.631 -0.619 -0.69 -0.844 -0.968 -1.031 -0.883 -1.058 -1.324 -1.548 -1.357 -1.095 -1.601 -1.478 -0.846 -0.788 -1.429 -1.719 -1.764 -1.652 -1.541 -1.427 -1.611 -1.329 -1.414 -1.933 -1.786 -1.48 -1.061 -0.698 -0.97 -1.124 -1.406 -1.767 -1.977 -2.216 -2.012 -1.803 -1.613 -1.805 -1.911 -1.775 -2.081 -1.941 -1.87
-0.766 -0.868 -0.845 -0.781 -0.632 -0.44 -0.323 -0.17 -0.014 -0.592 -1.101 -1.049 -1.47 -1.815 -1.899 -1.359 -1.663 -1.898 -1.653 -1.306 -1.346 -1.662 -1.942 -1.777 -1.639 -1.335 -0.95 -0.71 -0.736 -0.874 -1.089 -0.845 -0.968 -1.416 -1.525 -1.268 -1.142 -0.991 -1.063 -1.457 -1.645 -1.352 -1.35 -1.703 -1.435 -0.834 -0.717 -1.172 -1.611 -1.681 -1.708 -1.625 -1.596 -1.587 -1.366 -1.802 -1.832 -1.545 -1.298 -0.916 -0.703 -0.836 -1.078 -1.289 -1.588 -1.839 -2.274 -2.043 -1.92 -1.782 -2.055 -1.956 -1.946 -2.014 -1.783 -1.651
-0.794 -0.706 -0.609 -0.555 -0.454 -0.293 -0.156 0.004 0.035 -0.494 -1.172 -1.041 -1.169 -1.614 -1.887 -1.437 -1.802 -2.076 -1.673 -1.418 -1.53 -1.805 -1.63 -1.333 -0.981 -0.776 -0.715 -0.893 -1.204 -1.133 -1.451 -1.119 -1.049 -1.703 -1.555 -1.3 -1.223 -1.102 -1.046 -1.531 -1.792 -1.533 -1.69 -1.683 -1.315 -0.954 -0.786 -0.815 -1.084 -1.237 -1.439 -1.548 -1.619 -1.608 -1.674 -1.861 -1.596 -1.286 -1.098 -1.129 -0.845 -0.872 -1.122 -1.298 -1.526 -1.775 -2.126 -2.092 -2.191 -1.963 -2.059 -1.914 -1.959 -1.984 -1.803 -1.602
-1.121 -0.855 -0.63 -0.549 -0.56 -0.58 -0.456 -0.118 0.069 -0.361 -1.069 -1.198 -1.049 -1.577 -1.921 -1.578 -1.871 -2.22 -1.876 -1.753 -1.758 -1.731 -1.397 -0.877 -0.886 -1.05 -0.989 -1.184 -1.473 -1.457 -1.673 -1.382 -1.009 -1.484 -1.571 -1.433 -1.438 -1.226 -1.177 -1.584 -1.85 -1.801 -1.799 -1.507 -1.134 -1.202 -1.232 -0.861 -0.833 -1.115 -1.363 -1.489 -1.575 -1.724 -1.75 -1.54 -1.322 -1.143 -1.346 -1.338 -1.048 -0.807 -1.118 -1.384 -1.553 -1.747 -1.974 -1.968 -2.084 -2.008 -2.066 -1.903 -1.757 -1.818 -1.719 -1.487
-1.186 -1.176 -1.069 -0.953 -0.958 -0.902 -0.647 -0.226 0.171 -0.203 -0.711 -1.085 -1.042 -1.568 -1.984 -1.949 -1.938 -1.799 -1.635 -1.56 -1.597 -1.447 -1.006 -1.12 -1.348 -1.212 -1.067 -1.247 -1.624 -1.568 -1.546 -1.42 -1.071 -1.424 -1.811 -1.657 -1.623 -1.318 -1.279 -1.461 -1.633 -1.724 -1.551 -1.276 -1.146 -1.528 -1.493 -0.973 -0.917 -1.093 -1.549 -1.697 -1.774 -1.765 -1.608 -1.549 -1.541 -1.392 -1.458 -1.585 -1.264 -0.882 -0.969 -1.307 -1.497 -1.723 -1.828 -1.838 -1.948 -1.858 -2.03 -2.068 -1.709 -1.565 -1.439 -1.252
-0.958 -1.1 -1.319 -1.151 -1.003 -0.839 -0.56 -0.176 0.217 0.053 -0.281 -0.483 -0.885 -1.473 -1.799 -2.198 -1.919 -1.548 -1.569 -1.483 -1.237 -1.141 -1.299 -1.668 -1.517 -1.204 -1.098 -1.217 -1.415 -1.373 -1.511 -1.523 -1.178 -1.578 -1.911 -1.635 -1.456 -1.177 -1.082 -1.138 -1.322 -1.587 -1.457 -1.231 -1.365 -1.727 -1.451 -0.993 -1.054 -0.868 -1.321 -1.567 -1.713 -1.938 -1.919 -2.039 -2.048 -1.572 -1.701 -1.644 -1.344 -0.969 -0.958 -1.311 -1.654 -1.807 -1.753 -1.646 -1.829 -1.732 -1.895 -1.971 -1.911 -1.545 -1.198 -1.056
-0.629 -0.892 -1.303 -1.068 -0.762 -0.51 -0.272 0.033 0.258 0.108 -0.496 -0.597 -0.761 -1.233 -1.523 -1.801 -1.941 -1.876 -1.86 -1.712 -1.568 -1.599 -1.725 -1.613 -1.329 -1.086 -1.031 -1.03 -1.193 -1.505 -1.731 -1.485 -1.199 -1.652 -1.781 -1.423 -1.257 -1.148 -1.088 -0.96 -1.162 -1.389 -1.431 -1.338 -1.645 -1.856 -1.458 -1.02 -1.19 -0.937 -0.982 -1.132 -1.388 -1.683 -1.727 -1.976 -1.975 -1.629 -1.895 -1.677 -1.393 -1.096 -0.957 -1.263 -1.566 -1.555 -1.567 -1.46 -1.596 -1.526 -1.552 -1.556 -1.731 -1.406 -1.047 -1.018
-0.458 -0.813 -1.086 -0.928 -0.678 -0.287 0.112 0.328 0.336 0.021 -0.719 -1.18 -1.427 -1.362 -1.128 -1.485 -1.822 -1.982 -1.975 -1.987 -1.81 -1.785 -1.702 -1.51 -1.319 -1.088 -0.877 -0.842 -1.079 -1.605 -1.77 -1.515 -1.251 -1.735 -1.778 -1.516 -1.282 -1.11 -1.077 -0.93 -1.069 -1.093 -1.33 -1.602 -1.952 -1.858 -1.436 -1.043 -1.345 -1.072 -1.087 -1.077 -1.091 -1.272 -1.566 -1.792 -1.926 -1.826 -1.998 -1.814 -1.505 -1.293 -1.004 -1.072 -1.282 -1.253 -1.335 -1.419 -1.631 -1.661 -1.641 -1.506 -1.397 -1.178 -0.98 -1.077
-0.324 -0.715 -1.013 -0.817 -0.507 -0.258 0.08 0.413 0.332 -0.235 -1.002 -1.48 -1.663 -1.276 -0.996 -1.026 -1.361 -1.554 -1.572 -1.914 -1.703 -1.365 -1.466 -1.612 -1.436 -1.171 -0.814 -0.702 -0.908 -1.356 -1.696 -1.492 -1.29 -1.745 -1.842 -1.519 -1.22 -0.809 -0.801 -0.923 -0.958 -0.97 -1.473 -1.817 -1.871 -1.593 -1.204 -1.162 -1.472 -0.977 -1.263 -1.423 -1.226 -1.109 -1.292 -1.565 -1.824 -1.883 -1.968 -1.801 -1.564 -1.266 -1.124 -1.043 -1.172 -1.241 -1.438 -1.54 -1.809 -1.937 -1.851 -1.677 -1.377 -1.041 -0.961 -1.141
-0.169 -0.622 -0.999 -0.817 -0.513 -0.24 0.051 0.374 0.368 -0.282 -1.13 -1.284 -1.639 -1.359 -1.087 -0.761 -0.756 -0.994 -1.208 -1.704 -1.718 -1.27 -1.24 -1.599 -1.393 -1.16 -0.849 -0.641 -0.752 -0.956 -1.481 -1.48 -1.564 -1.853 -1.702 -1.31 -1.059 -0.686 -0.626 -0.883 -0.804 -0.887 -1.396 -1.789 -1.675 -1.478 -1.081 -1.219 -1.501 -0.983 -1.295 -1.635 -1.431 -1.349 -1.184 -1.231 -1.419 -1.526 -1.731 -1.722 -1.498 -1.311 -1.302 -1.136 -1.428 -1.535 -1.701 -1.702 -2 -2.034 -1.775 -1.423 -1.107 -0.968 -1.042 -1.315
0.106 -0.342 -0.795 -0.962 -0.732 -0.377 -0.006 0.286 0.41 -0.15 -0.705 -0.915 -1.444 -1.396 -1.145 -0.82 -0.473 -0.794 -1.327 -1.826 -1.632 -1.128 -1.232 -1.52 -1.37 -1.184 -0.895 -0.629 -0.658 -0.791 -1.34 -1.657 -1.721 -1.636 -1.436 -1.238 -0.984 -0.62 -0.403 -0.754 -0.675 -0.887 -1.47 -1.852 -1.637 -1.472 -1.032 -1.24 -1.5 -0.996 -1.347 -1.742 -1.588 -1.59 -1.353 -1.146 -1.409 -1.357 -1.513 -1.739 -1.502 -1.477 -1.389 -1.224 -1.467 -1.693 -1.837 -1.788 -1.784 -1.577 -1.289 -1.036 -0.975 -1.094 -1.305 -1.562
0.34 -0.02 -0.508 -0.939 -1.018 -0.672 -0.229 0.163 0.428 0.205 -0.212 -0.584 -1.12 -1.182 -1.039 -0.719 -0.384 -0.619 -1.419 -1.889 -1.464 -0.92 -1.042 -1.155 -1.13 -1.15 -0.953 -0.606 -0.565 -0.528 -0.93 -1.365 -1.43 -1.429 -1.196 -1.005 -0.743 -0.644 -0.416 -0.608 -0.63 -0.89 -1.287 -1.642 -1.666 -1.382 -0.968 -1.344 -1.508 -1.068 -1.264 -1.688 -1.769 -1.711 -1.368 -1.246 -1.696 -1.565 -1.414 -1.719 -1.673 -1.58 -1.351 -1.382 -1.607 -1.785 -1.675 -1.483 -1.288 -1.056 -0.97 -0.998 -1.117 -1.418 -1.632 -1.842
0.312 0.286 -0.14 -0.571 -0.972 -0.905 -0.519 -0.139 0.187 0.457 0.305 -0.105 -0.73 -0.706 -0.544 -0.328 -0.236 -0.546 -1.279 -1.722 -1.441 -0.913 -0.664 -0.801 -1.072 -1.284 -1.048 -0.616 -0.34 -0.231 -0.483 -1.076 -1.523 -1.414 -1.117 -0.942 -0.965 -0.975 -0.516 -0.449 -0.71 -0.901 -1.089 -1.48 -1.561 -1.266 -0.98 -1.487 -1.595 -1.269 -1.085 -1.366 -1.77 -1.725 -1.391 -1.282 -1.741 -1.821 -1.492 -1.7 -1.733 -1.529 -1.44 -1.621 -1.799 -1.732 -1.493 -1.211 -1.035 -0.947 -0.995 -1.07 -1.363 -1.664 -1.81 -2.104
0.159 0.422 0.238 -0.19 -0.657 -0.916 -0.753 -0.471 -0.188 0.231 0.528 0.332 -0.308 -0.221 -0.145 -0.329 -0.526 -0.603 -0.888 -1.252 -1.499 -1.069 -0.647 -0.639 -1.231 -1.354 -1.029 -0.853 -0.6 -0.316 -0.191 -0.599 -1.399 -1.655 -1.49 -1.255 -1.15 -1.007 -0.518 -0.324 -0.758 -0.964 -1.245 -1.58 -1.607 -1.316 -1.007 -1.492 -1.72 -1.467 -1.212 -1.164 -1.664 -1.772 -1.473 -1.319 -1.71 -1.933 -1.713 -1.869 -1.727 -1.535 -1.563 -1.693 -1.758 -1.442 -1.187 -1.007 -0.951 -1.008 -1.174 -1.215 -1.34 -1.779 -1.949 -2.287
0.096 0.401 0.531 0.113 -0.324 -0.658 -0.861 -0.723 -0.398 0.069 0.514 0.556 0.103 -0.047 -0.348 -0.449 -0.774 -0.979 -1.119 -1.212 -1.492 -1.16 -0.622 -0.559 -1.171 -1.361 -1.311 -1.192 -0.937 -0.44 -0.036 -0.224 -0.978 -1.134 -1.503 -1.301 -1.073 -0.841 -0.563 -0.158 -0.497 -0.714 -1.101 -1.463 -1.503 -1.389 -1.103 -1.35 -1.786 -1.632 -1.429 -1.129 -1.555 -1.792 -1.546 -1.503 -1.811 -1.975 -1.846 -1.886 -1.677 -1.429 -1.393 -1.34 -1.225 -1.041 -0.955 -1.016 -1.174 -1.361 -1.286 -1.442 -1.253 -1.591 -1.883 -2.314
-0.171 0.218 0.564 0.453 0.037 -0.347 -0.681 -0.826 -0.504 -0.02 0.51 0.657 0.271 -0.304 -0.741 -0.771 -0.691 -0.885 -1.21 -1.449 -1.476 -1.129 -0.595 -0.517 -0.932 -1.112 -1.107 -1.118 -0.683 -0.279 0.11 -0.023 -0.647 -1.078 -1.498 -1.222 -1.007 -0.955 -0.767 -0.222 -0.225 -0.568 -0.824 -1.07 -1.27 -1.515 -1.345 -1.307 -1.76 -1.778 -1.476 -1.151 -1.495 -1.805 -1.659 -1.672 -1.948 -1.902 -1.644 -1.41 -1.293 -1.074 -1.028 -0.875 -0.72 -0.808 -0.951 -1.184 -1.582 -1.722 -1.412 -1.534 -1.338 -1.463 -1.836 -2.24
-0.219 -0.166 0.249 0.649 0.456 0 -0.303 -0.7 -0.557 -0.073 0.469 0.698 0.311 -0.391 -0.792 -0.976 -1.029 -1.051 -1.17 -1.533 -1.467 -0.968 -0.504 -0.592 -0.786 -0.938 -1.153 -1.155 -0.768 -0.314 0.167 0.099 -0.517 -1.318 -1.623 -1.324 -1.225 -1.111 -0.833 -0.259 -0.233 -0.826 -1.093 -1.165 -1.348 -1.692 -1.573 -1.365 -1.763 -1.76 -1.354 -1.325 -1.416 -1.638 -1.796 -1.832 -1.954 -1.761 -1.593 -1.397 -1.279 -1.403 -1.316 -0.774 -0.7 -1.121 -1.145 -1.148 -1.771 -1.97 -1.587 -1.538 -1.527 -1.317 -1.758 -2.248
-0.587 -0.652 -0.14 0.447 0.68 0.404 0.148 -0.293 -0.481 -0.035 0.521 0.715 0.359 0.018 -0.18 -0.396 -0.619 -0.838 -1.191 -1.542 -1.157 -0.713 -0.309 -0.708 -1.162 -1.352 -1.455 -1.187 -0.824 -0.342 0.195 0.185 -0.442 -1.219 -1.727 -1.507 -1.4 -1.276 -0.945 -0.294 -0.129 -0.751 -1.228 -1.413 -1.557 -1.856 -1.592 -1.518 -1.861 -1.65 -1.495 -1.546 -1.675 -1.578 -1.758 -1.909 -1.754 -1.856 -1.948 -1.609 -1.438 -1.306 -1.154 -0.675 -0.753 -1.326 -1.44 -1.163 -1.636 -2.023 -1.736 -1.543 -1.738 -1.416 -1.638 -2.257
-1.025 -0.698 -0.209 -0.095 0.37 0.662 0.614 0.218 -0.173 -0.006 0.595 0.68 0.16 -0.084 -0.021 -0.023 -0.182 -0.437 -0.594 -0.923 -1.094 -0.686 -0.235 -0.541 -0.889 -1.226 -1.374 -1.026 -0.574 -0.122 0.314 0.084 -0.48 -1.215 -1.706 -1.386 -1.234 -1.349 -0.99 -0.474 -0.022 -0.441 -0.822 -1.066 -1.264 -1.702 -1.637 -1.603 -1.655 -1.641 -1.825 -1.731 -1.871 -1.782 -1.899 -1.787 -1.702 -1.624 -1.615 -1.45 -1.205 -0.849 -0.722 -0.558 -0.844 -1.476 -1.694 -1.302 -1.452 -1.995 -1.863 -1.591 -1.974 -1.663 -1.593 -2.119
-1.044 -0.717 -0.718 -0.5 -0.032 0.303 0.739 0.719 0.385 0.237 0.698 0.541 -0.008 -0.63 -0.541 -0.563 -0.461 -0.436 -0.846 -0.884 -1.051 -0.654 -0.161 -0.366 -0.882 -1.264 -1.297 -0.946 -0.489 0.129 0.432 -0.139 -0.57 -1.164 -1.583 -1.374 -1.132 -1.141 -1.04 -0.564 0.012 -0.12 -0.592 -0.836 -1.065 -1.411 -1.432 -1.19 -1.107 -1.351 -1.786 -1.562 -1.393 -1.427 -1.372 -1.215 -1.156 -1.002 -0.987 -0.881 -0.637 -0.456 -0.368 -0.549 -1.066 -1.647 -1.798 -1.415 -1.563 -1.909 -2.053 -1.761 -2.12 -1.934 -1.724 -2.173
-1.205 -1.11 -0.813 -0.539 -0.493 -0.213 0.322 0.603 0.78 0.741 0.814 0.495 -0.204 -0.827 -0.94 -0.873 -0.691 -0.598 -1.035 -1.105 -1.1 -0.672 -0.129 -0.395 -0.766 -1.089 -1.092 -0.778 -0.335 0.264 0.431 -0.078 -0.401 -0.9 -1.298 -1.433 -1.196 -0.802 -0.698 -0.571 -0.018 0.129 -0.545 -1.045 -1.181 -0.97 -0.939 -0.798 -0.736 -1.29 -1.166 -1.03 -0.785 -0.84 -0.78 -0.728 -0.507 -0.408 -0.409 -0.326 -0.218 -0.254 -0.525 -0.732 -1.376 -1.908 -1.731 -1.531 -1.931 -1.822 -2.011 -2.037 -2.138 -2.232 -2.001 -2.124
-0.862 -1.086 -0.916 -0.853 -0.776 -0.391 0.196 0.132 0.329 0.768 0.843 0.571 -0.251 -0.645 -1.028 -1.004 -0.889 -0.969 -1.186 -1.365 -1.068 -0.582 -0.028 -0.483 -0.868 -1.071 -0.839 -0.579 -0.153 0.42 0.356 -0.159 -0.396 -0.547 -0.952 -1.334 -1.161 -0.582 -0.339 -0.239 0.066 0.372 -0.273 -0.765 -0.609 -0.393 -0.348 -0.331 -0.595 -0.806 -0.566 -0.551 -0.276 -0.274 -0.201 -0.208 -0.039 -0.111 -0.152 -0.229 -0.38 -0.661 -1.032 -1.079 -1.682 -2.098 -1.729 -1.618 -2.098 -1.923 -1.621 -2.01 -2.253 -2.303 -1.797 -1.661
-0.338 -0.77 -1.133 -0.769 -0.497 -0.021 0.046 -0.341 -0.049 0.573 0.846 0.713 -0.222 -0.818 -1.087 -1.068 -1.071 -1.205 -1.42 -1.227 -0.822 -0.389 0.035 -0.46 -0.885 -1.148 -0.887 -0.627 0.002 0.604 0.147 -0.355 -0.725 -0.676 -0.753 -1.236 -0.997 -0.617 -0.636 -0.425 0.007 0.484 0.092 -0.221 0.183 0.301 0.25 0.104 -0.11 -0.02 0.014 0.03 0.137 0.142 0.063 0.031 -0.091 -0.36 -0.505 -0.723 -0.976 -1.341 -1.374 -1.334 -1.721 -2.043 -1.781 -1.645 -1.978 -1.856 -1.519 -1.575 -1.833 -1.783 -1.505 -1.325
-0.509 -0.749 -0.801 -0.357 -0.09 -0.017 -0.365 -0.57 -0.21 0.385 0.815 0.833 0.041 -0.647 -0.653 -0.678 -0.771 -1.005 -1.28 -0.992 -0.609 -0.258 0.101 -0.42 -0.804 -1.121 -0.711 -0.383 0.317 0.64 0.134 -0.182 -0.601 -0.847 -0.897 -1.056 -1.038 -0.897 -0.948 -0.486 0.059 0.481 0.442 0.345 0.633 0.667 0.627 0.534 0.419 0.337 0.283 0.238 0.106 -0.04 -0.214 -0.377 -0.367 -0.516 -0.676 -0.995 -1.397 -1.778 -1.523 -1.415 -1.755 -1.987 -1.865 -1.718 -2.037 -1.852 -1.509 -1.226 -1.316 -1.188 -1.002 -0.964
-0.948 -0.974 -0.606 -0.485 -0.373 -0.366 -0.706 -0.501 -0.081 0.283 0.733 0.877 0.266 -0.345 -0.256 -0.575 -0.718 -0.995 -1.229 -1.02 -0.678 -0.251 0.156 -0.391 -0.944 -1.155 -0.662 -0.073 0.57 0.531 -0.011 -0.357 -0.315 -0.633 -1.118 -1.206 -1.03 -0.878 -0.874 -0.475 -0.142 0.23 0.665 0.78 0.683 0.377 0.3 0.338 0.168 0.011 -0.177 -0.202 -0.297 -0.398 -0.62 -0.915 -0.902 -0.706 -0.821 -0.904 -1.369 -1.822 -1.56 -1.528 -1.961 -2.24 -1.947 -1.795 -2.068 -2.034 -1.623 -1.17 -0.894 -0.967 -1.102 -0.893
