data/climatemaps/RS_maps/climate_winter_tmin_2007.asc
NCOLS 369 
NROWS 228 
XLLCORNER 479000 
YLLCORNER 73000 
CELLSIZE 1000 
NODATA_value -9 
[rows 136 to 169 of 228, columns 231 to 307 of 369]
-1.434 -1.526 -1.71 -1.707 -1.434 -1.506 -1.509 -1.507 -1.368 -1.099 -1.139 -1.337 -1.133 -1.061 -1.109 -0.702 -0.66 -1.126 -1.557 -1.562 -1.24 -0.93 -0.499 -0.215 -0.593 -1.035 -1.392 -1.491 -1.289 -0.993 -0.706 -0.917 -1.579 -1.626 -1.385 -1.255 -1.121 -1.005 -0.956 -0.786 -0.569 -0.21 0.045 -0.183 -0.801 -1.323 -1.404 -1.503 -1.511 -1.316 -1.134 -0.82 -0.515 -0.302 -0.151 -0.457 -0.891 -1.134 -1.585 -1.715 -1.713 -1.675 -1.511 -1.857 -1.624 -1.452 -1.098 -0.648 -1.044 -1.212 -1.337 -1.524 -1.66 -1.595 -1.666 -1.983 -1.902
-1.684 -1.742 -1.771 -1.431 -1.15 -1.259 -1.25 -1.227 -1.14 -1.121 -1.272 -1.441 -1.169 -0.99 -0.862 -0.62 -0.905 -1.51 -1.608 -1.302 -1.008 -0.648 -0.302 -0.308 -0.753 -1.076 -1.116 -1.327 -1.282 -1.024 -0.772 -0.831 -1.385 -1.587 -1.425 -1.288 -1.21 -1.087 -1.069 -0.98 -0.691 -0.153 0.04 -0.339 -0.849 -1.168 -1.43 -1.727 -1.488 -1.176 -0.944 -0.783 -0.611 -0.424 -0.197 -0.31 -0.635 -1.07 -1.39 -1.418 -1.605 -1.696 -1.665 -1.972 -1.783 -1.605 -1.221 -0.787 -1.131 -1.366 -1.485 -1.607 -1.783 -1.891 -1.828 -1.805 -1.673
-1.549 -1.634 -1.615 -1.227 -0.868 -1.232 -1.418 -1.413 -1.247 -1.098 -1.433 -1.552 -1.574 -1.176 -0.764 -0.824 -1.216 -1.56 -1.382 -1.124 -0.787 -0.513 -0.476 -0.57 -0.685 -1.143 -1.167 -1.41 -1.316 -1.111 -0.88 -0.844 -1.352 -1.585 -1.488 -1.409 -1.337 -1.315 -1.242 -1.03 -0.68 -0.169 -0.016 -0.515 -1.074 -1.243 -1.331 -1.649 -1.424 -1.066 -1.082 -0.999 -0.786 -0.518 -0.269 -0.216 -0.457 -0.931 -1.084 -1.094 -1.447 -1.474 -1.552 -1.847 -1.765 -1.47 -1.232 -0.919 -0.919 -1.057 -1.302 -1.556 -1.787 -1.726 -1.562 -1.433 -1.366
-1.095 -1.226 -1.411 -1.272 -0.743 -1.019 -1.312 -1.156 -0.999 -1.035 -1.163 -1.446 -1.599 -1.309 -1.127 -1.094 -1.479 -1.561 -1.294 -0.932 -0.671 -0.687 -0.896 -0.878 -0.621 -1.01 -1.35 -1.454 -1.297 -1.079 -1.012 -1.188 -1.544 -1.634 -1.415 -1.271 -1.166 -1.185 -1.09 -0.996 -0.765 -0.289 -0.207 -0.691 -1.23 -1.471 -1.477 -1.571 -1.381 -1.246 -1.352 -1.202 -0.906 -0.554 -0.441 -0.359 -0.259 -0.618 -0.782 -0.819 -1.06 -1.187 -1.401 -1.853 -1.766 -1.486 -1.317 -1.127 -1.2 -1.075 -1.135 -1.242 -1.42 -1.439 -1.434 -1.436 -1.468
-1.043 -1.293 -1.43 -1.021 -0.494 -0.63 -0.999 -0.866 -0.78 -0.739 -0.888 -1.176 -1.596 -1.581 -1.339 -1.348 -1.626 -1.364 -1.004 -0.715 -0.83 -1.032 -1.202 -1.056 -0.685 -0.914 -1.429 -1.515 -1.364 -1.21 -1.273 -1.402 -1.515 -1.569 -1.491 -1.184 -0.906 -0.833 -0.834 -0.966 -0.825 -0.336 -0.213 -0.66 -1.051 -1.154 -1.353 -1.554 -1.436 -1.448 -1.463 -1.183 -0.868 -0.634 -0.763 -0.683 -0.361 -0.372 -0.637 -0.891 -1.13 -1.318 -1.315 -1.57 -1.824 -1.683 -1.426 -1.294 -1.57 -1.448 -1.336 -1.358 -1.496 -1.565 -1.596 -1.63 -1.747
-1.241 -1.206 -1.26 -0.93 -0.391 -0.405 -0.874 -0.692 -0.563 -0.706 -0.964 -1.289 -1.562 -1.57 -1.345 -1.342 -1.356 -0.994 -0.81 -0.837 -1.145 -1.304 -1.344 -1.057 -0.781 -1.008 -1.337 -1.571 -1.47 -1.375 -1.313 -1.251 -1.176 -1.298 -1.39 -0.999 -0.657 -0.431 -0.416 -0.497 -0.574 -0.374 -0.467 -0.4 -0.849 -1.258 -1.396 -1.514 -1.596 -1.51 -1.306 -1.072 -0.836 -0.837 -1.095 -0.973 -0.613 -0.438 -0.707 -1.044 -1.223 -1.456 -1.415 -1.365 -1.78 -1.775 -1.573 -1.623 -1.778 -1.663 -1.412 -1.236 -1.157 -1.039 -0.971 -1.062 -1.222
-1.085 -0.847 -0.791 -0.754 -0.273 -0.181 -0.616 -0.548 -0.46 -0.813 -1.231 -1.538 -1.462 -1.136 -0.996 -0.935 -0.921 -0.811 -1.065 -1.169 -1.323 -1.439 -1.259 -0.932 -1.025 -1.336 -1.429 -1.416 -1.321 -1.317 -1.379 -1.227 -1.085 -0.85 -0.844 -0.569 -0.403 -0.409 -0.591 -0.499 -0.594 -0.739 -0.656 -0.413 -0.813 -1.207 -1.5 -1.58 -1.615 -1.395 -1.179 -0.947 -0.893 -1.198 -1.35 -1.045 -0.697 -0.457 -0.766 -1.138 -1.393 -1.634 -1.695 -1.475 -1.671 -1.933 -1.856 -1.824 -1.627 -1.361 -1.245 -1.417 -1.567 -1.422 -1.054 -0.948 -0.817
-0.816 -0.56 -0.372 -0.37 -0.137 -0.102 -0.401 -0.558 -0.772 -0.847 -1.221 -1.601 -1.35 -0.99 -1.155 -1.07 -0.917 -0.882 -1.358 -1.457 -1.43 -1.279 -1.051 -1.077 -1.279 -1.422 -1.278 -1.098 -0.983 -1.034 -1.093 -0.919 -0.75 -0.623 -0.428 -0.466 -0.622 -0.848 -1.028 -0.739 -0.977 -1.011 -0.62 -0.412 -0.813 -1.106 -1.326 -1.473 -1.487 -1.271 -1.116 -0.97 -1.004 -1.503 -1.415 -1.143 -0.761 -0.479 -0.89 -1.262 -1.43 -1.666 -2.058 -1.915 -1.913 -1.95 -1.794 -1.478 -1.312 -1.347 -1.561 -1.821 -1.813 -1.61 -1.362 -1.215 -0.942
-0.769 -0.616 -0.468 -0.404 -0.153 -0.235 -0.533 -0.74 -1.068 -1.144 -1.184 -1.568 -1.238 -1.124 -1.438 -1.314 -1.163 -0.9 -1.409 -1.683 -1.522 -1.311 -1.316 -1.225 -1.11 -1.15 -1.034 -0.766 -0.64 -0.635 -0.62 -0.487 -0.433 -0.454 -0.498 -0.739 -0.987 -1.201 -1.202 -0.843 -1.257 -1.177 -0.724 -0.555 -1.092 -1.232 -1.381 -1.393 -1.388 -1.174 -1.294 -1.158 -1.063 -1.666 -1.611 -1.398 -0.941 -0.548 -0.894 -1.142 -1.324 -1.587 -1.992 -2.108 -1.924 -1.947 -1.578 -1.378 -1.549 -1.539 -1.849 -1.839 -1.804 -1.64 -1.404 -0.932 -0.731
-0.755 -0.614 -0.517 -0.554 -0.195 -0.084 -0.427 -0.691 -1.046 -1.388 -1.417 -1.642 -1.184 -1.275 -1.606 -1.49 -1.252 -0.952 -1.441 -1.711 -1.54 -1.6 -1.433 -1.119 -0.812 -0.756 -0.643 -0.498 -0.462 -0.453 -0.522 -0.677 -0.803 -0.862 -0.723 -0.895 -1.16 -1.384 -1.194 -0.94 -1.44 -1.318 -0.696 -0.641 -1.278 -1.56 -1.611 -1.499 -1.393 -1.279 -1.463 -1.181 -1.266 -1.782 -1.637 -1.336 -0.92 -0.559 -0.825 -0.981 -1.255 -1.621 -1.83 -2.069 -1.863 -1.65 -1.464 -1.648 -1.75 -1.61 -1.914 -1.766 -1.69 -1.576 -1.281 -0.825 -0.67
-0.551 -0.393 -0.2 -0.077 0.08 0.234 -0.342 -0.858 -0.806 -1.231 -1.578 -1.665 -1.119 -1.433 -1.667 -1.425 -1.084 -1.125 -1.444 -1.723 -1.57 -1.434 -1.14 -0.76 -0.52 -0.553 -0.695 -0.91 -0.666 -0.797 -1.242 -1.348 -1.095 -0.97 -0.827 -0.899 -1.289 -1.477 -1.189 -1.185 -1.539 -1.275 -0.679 -0.567 -1.017 -1.45 -1.523 -1.548 -1.467 -1.44 -1.431 -1.215 -1.647 -1.675 -1.393 -1.151 -0.769 -0.557 -0.689 -0.928 -1.141 -1.435 -1.685 -2.119 -1.889 -1.762 -1.622 -1.895 -1.792 -1.772 -1.842 -1.61 -1.465 -1.318 -1.04 -0.751 -0.675
-0.321 -0.216 -0.051 0.089 0.251 0.28 -0.246 -0.929 -0.801 -0.925 -1.376 -1.652 -1.203 -1.57 -1.852 -1.444 -1.193 -1.31 -1.584 -1.412 -1.128 -0.776 -0.576 -0.52 -0.7 -1.009 -0.943 -1.268 -0.938 -0.873 -1.52 -1.375 -1.123 -1.052 -0.932 -0.877 -1.36 -1.622 -1.367 -1.518 -1.51 -1.15 -0.791 -0.626 -0.662 -0.925 -1.08 -1.275 -1.384 -1.456 -1.445 -1.513 -1.698 -1.434 -1.126 -0.946 -0.976 -0.697 -0.719 -0.964 -1.14 -1.371 -1.617 -1.967 -1.932 -2.028 -1.799 -1.893 -1.744 -1.786 -1.802 -1.621 -1.41 -1.216 -0.932 -0.729 -0.723
-0.314 -0.327 -0.34 -0.219 0.124 0.316 -0.115 -0.827 -0.961 -0.809 -1.339 -1.684 -1.342 -1.638 -1.989 -1.65 -1.536 -1.54 -1.514 -1.184 -0.667 -0.68 -0.849 -0.794 -0.989 -1.281 -1.275 -1.484 -1.193 -0.831 -1.305 -1.385 -1.256 -1.26 -1.052 -1.004 -1.409 -1.674 -1.627 -1.62 -1.334 -0.963 -1.029 -1.062 -0.704 -0.671 -0.951 -1.195 -1.318 -1.406 -1.555 -1.578 -1.367 -1.158 -0.98 -1.183 -1.174 -0.891 -0.645 -0.955 -1.22 -1.389 -1.583 -1.812 -1.8 -1.916 -1.838 -1.89 -1.728 -1.585 -1.632 -1.53 -1.288 -1.032 -0.808 -0.764 -0.789
-0.728 -0.73 -0.672 -0.416 0.014 0.415 0.039 -0.464 -0.848 -0.805 -1.33 -1.748 -1.717 -1.708 -1.572 -1.406 -1.334 -1.376 -1.226 -0.796 -0.909 -1.137 -1.007 -0.872 -1.056 -1.432 -1.376 -1.35 -1.233 -0.892 -1.24 -1.619 -1.469 -1.442 -1.139 -1.1 -1.285 -1.455 -1.54 -1.372 -1.102 -0.972 -1.35 -1.316 -0.803 -0.747 -0.921 -1.374 -1.519 -1.596 -1.588 -1.438 -1.376 -1.367 -1.221 -1.284 -1.416 -1.095 -0.717 -0.801 -1.134 -1.326 -1.553 -1.659 -1.667 -1.772 -1.682 -1.854 -1.889 -1.528 -1.369 -1.239 -1.05 -0.881 -0.762 -0.832 -0.934
-0.926 -0.774 -0.608 -0.329 0.06 0.459 0.296 -0.039 -0.244 -0.648 -1.236 -1.565 -1.96 -1.687 -1.312 -1.342 -1.262 -1.016 -0.921 -1.086 -1.455 -1.305 -0.998 -0.902 -1.022 -1.217 -1.18 -1.32 -1.329 -0.995 -1.386 -1.715 -1.443 -1.276 -0.991 -0.902 -0.956 -1.143 -1.398 -1.274 -1.053 -1.184 -1.539 -1.272 -0.818 -0.872 -0.689 -1.138 -1.383 -1.527 -1.75 -1.739 -1.851 -1.863 -1.393 -1.525 -1.466 -1.166 -0.795 -0.78 -1.136 -1.48 -1.632 -1.576 -1.466 -1.646 -1.547 -1.711 -1.784 -1.721 -1.346 -0.993 -0.848 -0.795 -0.904 -1.152 -1.302
-0.85 -0.533 -0.279 -0.037 0.266 0.499 0.348 -0.254 -0.362 -0.528 -0.994 -1.287 -1.566 -1.706 -1.648 -1.633 -1.49 -1.349 -1.378 -1.506 -1.399 -1.12 -0.883 -0.833 -0.835 -0.996 -1.308 -1.533 -1.288 -1.008 -1.457 -1.584 -1.234 -1.072 -0.958 -0.902 -0.778 -0.982 -1.203 -1.243 -1.151 -1.452 -1.658 -1.271 -0.837 -1.007 -0.753 -0.795 -0.953 -1.201 -1.49 -1.538 -1.785 -1.783 -1.442 -1.706 -1.491 -1.212 -0.911 -0.776 -1.08 -1.387 -1.37 -1.381 -1.273 -1.406 -1.329 -1.359 -1.36 -1.528 -1.202 -0.835 -0.8 -0.938 -1.24 -1.592 -1.693
-0.712 -0.451 -0.06 0.343 0.561 0.573 0.253 -0.487 -0.945 -1.195 -1.128 -0.896 -1.257 -1.591 -1.751 -1.746 -1.76 -1.588 -1.562 -1.483 -1.294 -1.11 -0.88 -0.68 -0.645 -0.876 -1.404 -1.565 -1.316 -1.056 -1.529 -1.578 -1.32 -1.089 -0.917 -0.891 -0.747 -0.886 -0.909 -1.14 -1.406 -1.753 -1.658 -1.238 -0.852 -1.15 -0.881 -0.895 -0.887 -0.898 -1.08 -1.365 -1.592 -1.726 -1.629 -1.804 -1.621 -1.314 -1.101 -0.816 -0.879 -1.092 -1.06 -1.144 -1.224 -1.436 -1.464 -1.442 -1.302 -1.191 -0.965 -0.764 -0.853 -1.207 -1.6 -1.861 -1.616
-0.602 -0.29 -0.036 0.307 0.639 0.554 -0.007 -0.77 -1.251 -1.437 -1.041 -0.761 -0.797 -1.131 -1.325 -1.346 -1.689 -1.477 -1.149 -1.246 -1.392 -1.223 -0.959 -0.615 -0.505 -0.705 -1.152 -1.487 -1.287 -1.092 -1.537 -1.635 -1.319 -1.023 -0.615 -0.613 -0.731 -0.768 -0.774 -1.278 -1.611 -1.661 -1.388 -1 -0.964 -1.272 -0.78 -1.057 -1.221 -1.022 -0.903 -1.085 -1.359 -1.621 -1.677 -1.762 -1.597 -1.365 -1.067 -0.927 -0.841 -0.973 -1.044 -1.236 -1.34 -1.609 -1.732 -1.644 -1.468 -1.165 -0.821 -0.734 -0.911 -1.426 -1.864 -1.912 -1.307
-0.612 -0.3 -0.025 0.27 0.596 0.59 -0.056 -0.9 -1.057 -1.412 -1.134 -0.857 -0.532 -0.527 -0.768 -0.983 -1.483 -1.492 -1.052 -1.022 -1.381 -1.178 -0.947 -0.645 -0.443 -0.552 -0.755 -1.273 -1.273 -1.36 -1.641 -1.487 -1.109 -0.862 -0.496 -0.433 -0.692 -0.606 -0.688 -1.196 -1.575 -1.464 -1.267 -0.875 -1.009 -1.289 -0.775 -1.085 -1.422 -1.216 -1.135 -0.976 -1.023 -1.21 -1.315 -1.52 -1.51 -1.288 -1.1 -1.096 -0.926 -1.219 -1.328 -1.492 -1.495 -1.788 -1.824 -1.558 -1.207 -0.887 -0.738 -0.815 -1.081 -1.423 -1.81 -1.66 -1.094
-0.758 -0.525 -0.168 0.207 0.499 0.626 0.069 -0.48 -0.694 -1.219 -1.171 -0.92 -0.596 -0.248 -0.572 -1.104 -1.6 -1.409 -0.912 -1.015 -1.304 -1.155 -0.97 -0.685 -0.429 -0.458 -0.595 -1.131 -1.443 -1.508 -1.427 -1.225 -1.037 -0.784 -0.421 -0.213 -0.555 -0.477 -0.685 -1.259 -1.629 -1.415 -1.253 -0.826 -1.025 -1.278 -0.779 -1.125 -1.518 -1.361 -1.367 -1.135 -0.929 -1.189 -1.139 -1.293 -1.518 -1.281 -1.256 -1.175 -1.007 -1.251 -1.477 -1.621 -1.566 -1.561 -1.357 -1.066 -0.806 -0.744 -0.863 -1.073 -1.322 -1.5 -1.704 -1.416 -1.042
-0.741 -0.817 -0.468 -0.022 0.376 0.64 0.417 0.008 -0.369 -0.899 -0.96 -0.818 -0.5 -0.163 -0.401 -1.199 -1.659 -1.243 -0.706 -0.825 -0.94 -0.915 -0.937 -0.738 -0.403 -0.364 -0.329 -0.728 -1.153 -1.218 -1.218 -0.984 -0.795 -0.537 -0.444 -0.215 -0.408 -0.423 -0.677 -1.069 -1.414 -1.438 -1.161 -0.751 -1.122 -1.279 -0.845 -1.038 -1.454 -1.534 -1.478 -1.14 -1.014 -1.463 -1.33 -1.186 -1.492 -1.441 -1.352 -1.131 -1.159 -1.375 -1.554 -1.45 -1.256 -1.06 -0.821 -0.741 -0.756 -0.877 -1.172 -1.387 -1.593 -1.716 -1.657 -1.234 -1.111
-0.379 -0.774 -0.707 -0.318 0.065 0.391 0.665 0.511 0.103 -0.513 -0.488 -0.323 -0.111 -0.02 -0.331 -1.06 -1.499 -1.22 -0.697 -0.454 -0.588 -0.857 -1.061 -0.833 -0.409 -0.14 -0.036 -0.283 -0.865 -1.298 -1.194 -0.907 -0.737 -0.747 -0.758 -0.306 -0.238 -0.495 -0.685 -0.867 -1.247 -1.325 -1.034 -0.755 -1.251 -1.356 -1.03 -0.852 -1.126 -1.528 -1.483 -1.152 -1.042 -1.497 -1.575 -1.253 -1.463 -1.492 -1.29 -1.206 -1.386 -1.562 -1.492 -1.26 -0.97 -0.795 -0.71 -0.755 -0.822 -1.113 -1.415 -1.554 -1.852 -2.038 -1.706 -1.143 -1.241
-0.004 -0.467 -0.725 -0.556 -0.277 0.012 0.431 0.727 0.537 -0.096 -0.009 0.067 -0.115 -0.313 -0.391 -0.669 -1.033 -1.277 -0.849 -0.437 -0.428 -1.013 -1.132 -0.818 -0.638 -0.393 -0.11 0.01 -0.389 -1.168 -1.422 -1.26 -1.03 -0.925 -0.783 -0.305 -0.109 -0.536 -0.739 -1.008 -1.335 -1.363 -1.075 -0.771 -1.248 -1.473 -1.22 -0.968 -0.923 -1.414 -1.522 -1.225 -1.073 -1.456 -1.681 -1.46 -1.621 -1.478 -1.285 -1.317 -1.449 -1.511 -1.196 -0.935 -0.76 -0.702 -0.758 -0.924 -0.962 -1.086 -1.52 -1.692 -2.021 -2.069 -1.645 -1.157 -1.284
0.291 -0.139 -0.475 -0.667 -0.536 -0.204 0.262 0.708 0.75 0.306 0.161 -0.143 -0.238 -0.564 -0.769 -0.898 -0.994 -1.269 -0.938 -0.409 -0.348 -0.955 -1.131 -1.082 -0.972 -0.725 -0.236 0.164 -0.022 -0.762 -0.911 -1.267 -1.07 -0.841 -0.619 -0.341 0.056 -0.275 -0.479 -0.86 -1.211 -1.251 -1.139 -0.86 -1.1 -1.528 -1.373 -1.171 -0.88 -1.296 -1.528 -1.29 -1.245 -1.545 -1.714 -1.584 -1.627 -1.418 -1.169 -1.14 -1.086 -0.972 -0.785 -0.707 -0.757 -0.919 -1.102 -1.025 -1.181 -0.993 -1.326 -1.621 -2.043 -1.933 -1.477 -1.265 -1.427
0.618 0.214 -0.167 -0.495 -0.64 -0.317 0.166 0.703 0.843 0.463 -0.102 -0.533 -0.559 -0.489 -0.676 -0.992 -1.228 -1.254 -0.907 -0.386 -0.312 -0.716 -0.886 -0.882 -0.892 -0.465 -0.073 0.311 0.179 -0.425 -0.848 -1.254 -0.983 -0.771 -0.72 -0.534 -0.001 -0.001 -0.334 -0.582 -0.82 -1.013 -1.253 -1.088 -1.049 -1.488 -1.51 -1.21 -0.887 -1.228 -1.529 -1.391 -1.4 -1.675 -1.625 -1.372 -1.147 -1.033 -0.815 -0.769 -0.614 -0.46 -0.549 -0.691 -0.918 -1.317 -1.456 -1.145 -1.264 -1.065 -1.189 -1.563 -1.968 -1.779 -1.34 -1.435 -1.754
0.808 0.617 0.169 -0.126 -0.519 -0.375 0.111 0.656 0.879 0.496 -0.192 -0.586 -0.767 -0.816 -0.838 -0.954 -1.31 -1.242 -0.759 -0.292 -0.381 -0.577 -0.716 -0.921 -0.923 -0.544 -0.1 0.372 0.304 -0.292 -1.073 -1.368 -1.077 -0.981 -0.864 -0.593 -0.031 -0.001 -0.584 -0.84 -0.909 -1.082 -1.418 -1.301 -1.096 -1.484 -1.484 -1.078 -1.053 -1.136 -1.357 -1.515 -1.55 -1.67 -1.486 -1.317 -1.119 -1.005 -1.132 -1.04 -0.5 -0.426 -0.85 -0.87 -0.872 -1.495 -1.69 -1.309 -1.258 -1.243 -1.033 -1.476 -1.969 -1.845 -1.513 -1.625 -1.97
0.602 0.827 0.565 0.311 -0.118 -0.301 0.137 0.696 0.886 0.537 0.203 0.011 -0.203 -0.418 -0.635 -0.98 -1.321 -0.941 -0.501 -0.102 -0.489 -0.937 -1.121 -1.217 -0.95 -0.595 -0.124 0.399 0.394 -0.22 -0.973 -1.463 -1.248 -1.144 -1.017 -0.693 -0.057 0.105 -0.498 -0.963 -1.143 -1.279 -1.567 -1.305 -1.236 -1.574 -1.361 -1.208 -1.259 -1.382 -1.288 -1.462 -1.614 -1.464 -1.565 -1.655 -1.315 -1.154 -1.026 -0.871 -0.396 -0.476 -1.041 -1.158 -0.878 -1.35 -1.734 -1.448 -1.253 -1.447 -1.129 -1.348 -1.962 -2.056 -1.87 -1.961 -2.09
0.057 0.52 0.808 0.766 0.374 -0.001 0.168 0.759 0.845 0.338 0.098 0.165 0.165 0.012 -0.242 -0.388 -0.709 -0.878 -0.47 -0.027 -0.323 -0.667 -0.996 -1.132 -0.791 -0.348 0.093 0.518 0.298 -0.25 -0.964 -1.438 -1.12 -0.97 -1.078 -0.729 -0.223 0.221 -0.187 -0.56 -0.792 -0.987 -1.406 -1.34 -1.31 -1.358 -1.342 -1.526 -1.427 -1.566 -1.48 -1.59 -1.483 -1.404 -1.322 -1.312 -1.155 -0.916 -0.559 -0.434 -0.265 -0.557 -1.182 -1.401 -1.01 -1.158 -1.699 -1.565 -1.295 -1.677 -1.37 -1.295 -1.819 -2.066 -2.18 -2.206 -2.224
-0.347 0.115 0.445 0.88 0.862 0.541 0.396 0.857 0.705 0.166 -0.444 -0.35 -0.37 -0.271 -0.243 -0.639 -0.676 -0.835 -0.439 0.043 -0.155 -0.658 -1.026 -1.057 -0.711 -0.261 0.344 0.636 0.088 -0.331 -0.909 -1.309 -1.104 -0.857 -0.87 -0.771 -0.304 0.258 0.135 -0.323 -0.562 -0.782 -1.115 -1.133 -0.897 -0.813 -1.052 -1.476 -1.257 -1.082 -1.122 -1.066 -0.911 -0.855 -0.698 -0.687 -0.585 -0.341 -0.163 -0.073 -0.25 -0.763 -1.342 -1.493 -1.114 -1.26 -1.605 -1.747 -1.456 -1.816 -1.628 -1.416 -1.862 -2.103 -2.042 -1.94 -1.805
-0.393 -0.35 -0.066 0.464 0.745 0.919 0.883 0.963 0.653 -0.034 -0.642 -0.753 -0.68 -0.496 -0.401 -0.822 -0.896 -0.885 -0.457 0.073 -0.184 -0.54 -0.854 -0.853 -0.541 -0.109 0.476 0.642 0.149 -0.162 -0.648 -1.025 -1.15 -0.914 -0.535 -0.428 -0.307 0.238 0.382 -0.268 -0.757 -0.885 -0.675 -0.644 -0.5 -0.439 -0.981 -0.855 -0.722 -0.485 -0.535 -0.477 -0.421 -0.205 -0.104 -0.108 -0.024 0.085 0.05 -0.222 -0.419 -1.059 -1.592 -1.415 -1.218 -1.616 -1.505 -1.702 -1.721 -1.825 -1.915 -1.685 -1.804 -1.964 -2.105 -1.926 -1.679
-0.706 -0.633 -0.247 0.326 0.274 0.469 0.905 0.984 0.719 -0.081 -0.466 -0.838 -0.808 -0.692 -0.767 -0.977 -1.144 -0.854 -0.368 0.171 -0.265 -0.639 -0.83 -0.605 -0.344 0.069 0.63 0.572 0.077 -0.15 -0.298 -0.683 -1.044 -0.881 -0.314 -0.074 0.029 0.327 0.625 0.001 -0.471 -0.318 -0.103 -0.063 -0.038 -0.296 -0.493 -0.261 -0.241 0.025 0.026 0.108 0.097 0.264 0.197 0.156 0.083 -0.063 -0.341 -0.711 -0.758 -1.36 -1.767 -1.407 -1.295 -1.774 -1.596 -1.299 -1.689 -1.921 -1.973 -1.471 -1.334 -1.561 -1.793 -1.74 -1.768
-0.628 -0.362 0.111 0.183 -0.197 0.096 0.709 0.978 0.858 -0.059 -0.639 -0.898 -0.872 -0.872 -0.997 -1.206 -1.009 -0.614 -0.185 0.23 -0.243 -0.654 -0.902 -0.649 -0.39 0.223 0.809 0.372 -0.103 -0.465 -0.41 -0.482 -0.95 -0.717 -0.342 -0.358 -0.143 0.275 0.735 0.366 0.068 0.459 0.585 0.53 0.39 0.186 0.275 0.311 0.331 0.44 0.443 0.37 0.339 0.221 -0.041 -0.186 -0.393 -0.643 -1.004 -1.042 -1.007 -1.389 -1.702 -1.446 -1.311 -1.647 -1.521 -1.184 -1.241 -1.496 -1.444 -1.169 -0.988 -1.237 -1.194 -1.336 -1.689
-0.236 0.027 0.108 -0.226 -0.429 -0.067 0.514 0.939 0.966 0.191 -0.476 -0.472 -0.494 -0.583 -0.802 -1.07 -0.777 -0.404 -0.056 0.293 -0.205 -0.572 -0.871 -0.474 -0.153 0.533 0.844 0.362 0.063 -0.341 -0.57 -0.616 -0.768 -0.744 -0.604 -0.649 -0.195 0.332 0.743 0.705 0.616 0.904 0.939 0.908 0.82 0.713 0.627 0.582 0.548 0.418 0.276 0.105 -0.052 -0.04 -0.184 -0.343 -0.655 -1.055 -1.432 -1.177 -1.076 -1.413 -1.645 -1.522 -1.373 -1.696 -1.508 -1.168 -0.885 -0.979 -0.84 -0.664 -0.621 -0.749 -0.799 -1.085 -1.432
-0.361 -0.249 -0.237 -0.564 -0.362 0.051 0.411 0.852 0.997 0.404 -0.184 -0.088 -0.396 -0.53 -0.793 -1.016 -0.804 -0.472 -0.05 0.346 -0.174 -0.704 -0.903 -0.418 0.151 0.779 0.745 0.227 -0.101 -0.057 -0.36 -0.822 -0.903 -0.729 -0.584 -0.574 -0.184 0.138 0.509 0.931 1.051 0.959 0.669 0.595 0.637 0.474 0.319 0.142 0.125 0.028 -0.067 -0.281 -0.571 -0.559 -0.363 -0.475 -0.557 -1.021 -1.468 -1.207 -1.174 -1.606 -1.885 -1.596 -1.444 -1.718 -1.683 -1.275 -0.817 -0.546 -0.616 -0.753 -0.544 -0.44 -0.571 -0.8 -1.101
