data/climatemaps/RS_maps/climate_winter_pr_2001.asc
NCOLS 369 
NROWS 228 
XLLCORNER 479000 
YLLCORNER 73000 
CELLSIZE 1000 
NODATA_value -9 
[rows 132 to 164 of 228, columns 150 to 224 of 369]
-0.86 -0.821 -0.846 -0.908 -0.902 -0.823 -0.745 -0.655 -0.474 -0.317 -0.137 0.045 0.178 0.288 0.401 0.424 0.472 0.536 0.546 0.577 0.616 0.604 0.506 0.412 0.468 0.372 0.185 0.218 -0.105 -0.524 -0.387 -0.221 -0.404 -0.551 -0.615 -0.541 -0.436 -0.226 -0.017 0.19 0.308 0.424 0.514 0.662 0.866 0.918 0.757 0.619 0.526 0.506 0.43 0.279 0.144 -0.009 -0.199 -0.333 -0.461 -0.555 -0.666 -0.667 -0.533 -0.404 -0.297 -0.217 -0.129 -0.081 -0.1 -0.219 -0.422 -0.616 -0.718 -0.729 -0.781 -0.866 -0.843
-0.774 -0.699 -0.796 -0.874 -0.855 -0.716 -0.62 -0.54 -0.474 -0.369 -0.209 -0.053 0.044 0.089 0.209 0.259 0.302 0.317 0.353 0.347 0.396 0.472 0.445 0.485 0.661 0.555 0.389 0.237 -0.069 -0.41 -0.259 -0.073 -0.205 -0.346 -0.519 -0.581 -0.551 -0.366 -0.159 0.085 0.299 0.499 0.581 0.719 0.936 1.055 0.933 0.742 0.484 0.319 0.267 0.135 -0.024 -0.167 -0.271 -0.303 -0.331 -0.374 -0.597 -0.552 -0.454 -0.408 -0.393 -0.287 -0.138 -0.136 -0.178 -0.355 -0.518 -0.58 -0.629 -0.649 -0.76 -0.791 -0.766
-0.591 -0.634 -0.697 -0.78 -0.845 -0.738 -0.61 -0.59 -0.594 -0.514 -0.41 -0.327 -0.211 -0.149 -0.088 -0.058 0.048 0.039 0.048 0.067 0.152 0.343 0.593 0.647 0.744 0.68 0.585 0.325 0.037 -0.271 -0.223 -0.072 -0.047 -0.206 -0.341 -0.414 -0.513 -0.437 -0.167 0.026 0.177 0.483 0.605 0.751 0.947 1.082 1.06 0.855 0.63 0.332 0.101 -0.014 -0.103 -0.115 -0.116 -0.13 -0.177 -0.316 -0.539 -0.588 -0.509 -0.481 -0.394 -0.249 -0.136 -0.171 -0.254 -0.332 -0.457 -0.475 -0.549 -0.607 -0.713 -0.7 -0.687
-0.48 -0.573 -0.518 -0.596 -0.758 -0.804 -0.748 -0.759 -0.758 -0.715 -0.644 -0.583 -0.501 -0.423 -0.397 -0.353 -0.249 -0.248 -0.24 -0.185 -0.024 0.324 0.664 0.769 0.789 0.75 0.681 0.432 0.198 -0.043 -0.132 -0.142 -0.065 -0.014 -0.105 -0.204 -0.399 -0.445 -0.196 -0.054 0.078 0.412 0.63 0.752 0.885 1.046 1.045 0.861 0.597 0.418 0.331 0.154 0.104 0.064 0.01 -0.063 -0.209 -0.387 -0.573 -0.621 -0.584 -0.511 -0.384 -0.243 -0.178 -0.177 -0.19 -0.23 -0.415 -0.407 -0.471 -0.563 -0.64 -0.602 -0.606
-0.412 -0.403 -0.313 -0.403 -0.555 -0.71 -0.831 -0.803 -0.733 -0.686 -0.648 -0.589 -0.534 -0.554 -0.597 -0.562 -0.498 -0.471 -0.426 -0.339 -0.111 0.222 0.447 0.694 0.825 0.798 0.708 0.595 0.437 0.213 0.024 -0.144 -0.09 0.075 -0.031 -0.153 -0.343 -0.444 -0.235 -0.136 0.042 0.311 0.58 0.711 0.8 0.957 1.009 0.848 0.674 0.611 0.481 0.327 0.235 0.058 -0.058 -0.192 -0.314 -0.487 -0.564 -0.529 -0.52 -0.499 -0.434 -0.299 -0.19 -0.162 -0.178 -0.217 -0.377 -0.359 -0.41 -0.49 -0.551 -0.5 -0.509
-0.281 -0.187 -0.099 -0.221 -0.379 -0.582 -0.791 -0.669 -0.545 -0.445 -0.421 -0.399 -0.421 -0.532 -0.631 -0.654 -0.626 -0.576 -0.449 -0.263 -0.16 0.011 0.266 0.551 0.74 0.742 0.635 0.524 0.433 0.227 0.011 -0.097 -0.003 0.1 -0.014 -0.123 -0.261 -0.439 -0.244 -0.224 -0.059 0.195 0.465 0.662 0.751 0.899 0.991 0.92 0.827 0.677 0.505 0.331 0.149 -0.067 -0.245 -0.373 -0.465 -0.531 -0.485 -0.399 -0.363 -0.335 -0.392 -0.363 -0.216 -0.162 -0.192 -0.19 -0.313 -0.299 -0.319 -0.42 -0.432 -0.388 -0.424
-0.11 0.011 0.058 -0.079 -0.297 -0.539 -0.731 -0.627 -0.505 -0.331 -0.284 -0.272 -0.331 -0.451 -0.552 -0.602 -0.594 -0.546 -0.292 -0.031 -0.001 0.035 0.198 0.421 0.664 0.74 0.638 0.458 0.308 0.119 -0.009 -0.023 0.093 0.086 -0.008 -0.157 -0.271 -0.415 -0.33 -0.208 -0.077 0.175 0.398 0.553 0.726 0.948 0.975 0.869 0.753 0.602 0.387 0.177 -0.046 -0.238 -0.4 -0.456 -0.471 -0.513 -0.398 -0.335 -0.255 -0.209 -0.233 -0.316 -0.263 -0.174 -0.182 -0.138 -0.241 -0.251 -0.243 -0.353 -0.31 -0.313 -0.394
0.097 0.216 0.188 -0.01 -0.202 -0.401 -0.682 -0.669 -0.547 -0.314 -0.199 -0.198 -0.233 -0.325 -0.392 -0.414 -0.353 -0.333 -0.258 -0.034 0.109 0.201 0.266 0.363 0.508 0.63 0.623 0.455 0.244 0.091 0.028 0.067 0.089 0.018 -0.014 -0.077 -0.112 -0.31 -0.359 -0.158 0.013 0.215 0.353 0.506 0.724 0.895 0.902 0.847 0.71 0.552 0.363 0.041 -0.227 -0.347 -0.392 -0.38 -0.413 -0.492 -0.363 -0.263 -0.181 -0.142 -0.131 -0.19 -0.252 -0.165 -0.164 -0.114 -0.184 -0.211 -0.194 -0.275 -0.225 -0.282 -0.397
0.392 0.369 0.223 0.057 -0.021 -0.315 -0.619 -0.677 -0.543 -0.294 -0.128 -0.108 -0.126 -0.165 -0.178 -0.158 -0.038 -0.127 -0.268 -0.111 -0.024 0.142 0.373 0.448 0.42 0.418 0.496 0.448 0.267 0.175 0.116 0.065 0.113 0.065 0.064 0.042 -0.016 -0.137 -0.302 -0.19 -0.006 0.219 0.328 0.454 0.696 0.825 0.789 0.757 0.616 0.452 0.246 -0.08 -0.271 -0.286 -0.305 -0.319 -0.414 -0.432 -0.367 -0.261 -0.166 -0.121 -0.123 -0.16 -0.205 -0.175 -0.148 -0.1 -0.159 -0.179 -0.175 -0.215 -0.233 -0.314 -0.403
0.479 0.454 0.291 0.256 0.055 -0.247 -0.542 -0.658 -0.491 -0.267 -0.114 -0.068 -0.004 0.049 0.149 0.227 0.209 0.039 -0.153 -0.145 -0.07 0.075 0.303 0.507 0.51 0.409 0.329 0.327 0.285 0.196 0.155 0.087 0.129 0.096 0.048 0.018 -0.02 -0.059 -0.185 -0.185 -0.004 0.178 0.267 0.392 0.621 0.77 0.717 0.655 0.58 0.426 0.184 -0.106 -0.211 -0.23 -0.267 -0.31 -0.397 -0.357 -0.32 -0.283 -0.168 -0.091 -0.106 -0.163 -0.161 -0.156 -0.155 -0.116 -0.179 -0.156 -0.181 -0.178 -0.228 -0.324 -0.452
0.437 0.42 0.358 0.378 0.11 -0.173 -0.487 -0.619 -0.435 -0.288 -0.154 -0.003 0.152 0.402 0.558 0.394 0.297 0.2 0.086 0.086 0.103 0.07 0.243 0.409 0.529 0.479 0.319 0.198 0.143 0.061 0.05 0.001 0.012 0.046 0.05 0.056 0.018 -0.015 -0.102 -0.143 0.015 0.11 0.137 0.291 0.508 0.669 0.674 0.683 0.672 0.52 0.239 -0.075 -0.168 -0.209 -0.261 -0.314 -0.379 -0.337 -0.289 -0.268 -0.203 -0.144 -0.128 -0.189 -0.176 -0.239 -0.246 -0.208 -0.215 -0.21 -0.219 -0.201 -0.233 -0.328 -0.474
0.364 0.392 0.427 0.337 0.113 -0.155 -0.504 -0.604 -0.464 -0.352 -0.189 0.029 0.254 0.519 0.601 0.474 0.428 0.353 0.274 0.282 0.274 0.157 0.263 0.379 0.404 0.521 0.398 0.203 0.088 0.005 -0.051 -0.082 -0.096 -0.088 -0.076 -0.041 -0.042 -0.021 -0.006 -0.026 0.033 0 0.044 0.256 0.439 0.561 0.689 0.718 0.648 0.471 0.238 0.003 -0.143 -0.179 -0.268 -0.319 -0.347 -0.317 -0.282 -0.322 -0.3 -0.254 -0.238 -0.306 -0.367 -0.404 -0.332 -0.31 -0.326 -0.316 -0.302 -0.305 -0.304 -0.359 -0.425
0.376 0.431 0.387 0.232 -0.002 -0.229 -0.573 -0.51 -0.396 -0.288 -0.098 0.141 0.37 0.629 0.691 0.646 0.633 0.577 0.519 0.507 0.471 0.341 0.355 0.47 0.405 0.441 0.4 0.242 0.203 0.137 0.041 0.025 0.033 0.015 -0.028 -0.045 0.022 0.128 0.173 0.102 0.04 -0.086 0.049 0.244 0.443 0.533 0.66 0.631 0.53 0.417 0.284 0.102 -0.111 -0.149 -0.276 -0.266 -0.295 -0.338 -0.351 -0.383 -0.366 -0.384 -0.454 -0.533 -0.546 -0.486 -0.482 -0.478 -0.49 -0.419 -0.37 -0.331 -0.357 -0.346 -0.415
0.287 0.321 0.233 0.09 -0.092 -0.341 -0.602 -0.423 -0.256 -0.095 0.139 0.323 0.455 0.645 0.697 0.695 0.654 0.669 0.72 0.72 0.614 0.577 0.588 0.592 0.52 0.416 0.376 0.37 0.401 0.321 0.251 0.21 0.165 0.106 0.084 0.132 0.219 0.283 0.243 0.132 -0.004 -0.182 -0.063 0.16 0.331 0.478 0.589 0.56 0.501 0.453 0.329 0.124 -0.087 -0.125 -0.223 -0.209 -0.244 -0.373 -0.419 -0.446 -0.496 -0.575 -0.67 -0.746 -0.669 -0.618 -0.645 -0.648 -0.618 -0.574 -0.528 -0.476 -0.426 -0.377 -0.436
0.195 0.147 0.069 -0.054 -0.237 -0.402 -0.598 -0.466 -0.258 0.007 0.288 0.479 0.53 0.575 0.64 0.717 0.634 0.599 0.667 0.732 0.608 0.623 0.718 0.77 0.629 0.548 0.5 0.564 0.519 0.417 0.334 0.26 0.202 0.175 0.221 0.289 0.31 0.303 0.232 0.063 -0.157 -0.291 -0.195 0.001 0.173 0.346 0.391 0.482 0.479 0.457 0.302 0.14 -0.025 -0.122 -0.206 -0.275 -0.283 -0.394 -0.545 -0.625 -0.704 -0.783 -0.863 -0.844 -0.775 -0.769 -0.793 -0.755 -0.707 -0.659 -0.624 -0.57 -0.516 -0.481 -0.508
0.194 0.074 -0.046 -0.128 -0.226 -0.348 -0.543 -0.474 -0.278 -0.029 0.261 0.485 0.537 0.529 0.553 0.611 0.575 0.54 0.584 0.682 0.621 0.59 0.688 0.803 0.739 0.696 0.654 0.659 0.566 0.488 0.436 0.397 0.373 0.342 0.337 0.326 0.299 0.237 0.119 -0.098 -0.273 -0.331 -0.3 -0.189 -0.009 0.136 0.218 0.339 0.331 0.323 0.262 0.091 -0.083 -0.229 -0.329 -0.409 -0.446 -0.532 -0.647 -0.74 -0.82 -0.893 -0.949 -0.943 -0.917 -0.923 -0.936 -0.891 -0.854 -0.802 -0.743 -0.661 -0.606 -0.572 -0.569
0.263 0.056 0.032 0.024 -0.115 -0.306 -0.481 -0.393 -0.227 -0.053 0.146 0.444 0.588 0.547 0.483 0.463 0.457 0.459 0.507 0.599 0.598 0.572 0.611 0.679 0.728 0.744 0.68 0.701 0.672 0.624 0.573 0.487 0.488 0.409 0.362 0.27 0.202 0.106 -0.096 -0.266 -0.321 -0.268 -0.276 -0.253 -0.185 -0.108 0.112 0.181 0.15 0.233 0.187 -0.012 -0.189 -0.352 -0.475 -0.582 -0.634 -0.651 -0.672 -0.713 -0.784 -0.863 -0.961 -1.014 -1.034 -1.059 -1.061 -1.037 -1.012 -0.963 -0.899 -0.793 -0.74 -0.7 -0.681
0.329 0.202 0.177 0.079 -0.127 -0.295 -0.363 -0.248 -0.091 0.087 0.279 0.504 0.584 0.578 0.502 0.411 0.365 0.362 0.405 0.457 0.533 0.562 0.58 0.61 0.644 0.673 0.655 0.712 0.746 0.698 0.651 0.528 0.428 0.396 0.285 0.179 0.028 -0.122 -0.248 -0.301 -0.264 -0.23 -0.228 -0.208 -0.147 -0.064 -0.02 0.044 0.105 0.106 0.018 -0.15 -0.341 -0.503 -0.587 -0.614 -0.584 -0.564 -0.526 -0.555 -0.623 -0.73 -0.845 -0.927 -0.978 -1.021 -1.054 -1.064 -1.067 -1.054 -1.01 -0.932 -0.912 -0.892 -0.871
0.354 0.252 0.184 0.038 -0.101 -0.174 -0.161 -0.051 0.101 0.311 0.48 0.556 0.537 0.527 0.476 0.386 0.31 0.265 0.293 0.397 0.531 0.569 0.589 0.607 0.592 0.577 0.63 0.723 0.771 0.728 0.734 0.592 0.361 0.309 0.171 -0.044 -0.19 -0.271 -0.307 -0.289 -0.238 -0.199 -0.175 -0.139 -0.123 -0.008 -0.02 0.016 0.055 -0.036 -0.145 -0.305 -0.467 -0.534 -0.515 -0.504 -0.425 -0.409 -0.36 -0.408 -0.478 -0.587 -0.691 -0.783 -0.842 -0.88 -0.922 -0.938 -0.971 -1.03 -1.054 -1.038 -1.065 -1.072 -1.066
0.328 0.25 0.198 0.092 0.004 -0.019 0.032 0.16 0.304 0.411 0.496 0.539 0.523 0.486 0.436 0.37 0.298 0.226 0.221 0.32 0.456 0.582 0.645 0.657 0.583 0.539 0.65 0.65 0.68 0.658 0.621 0.575 0.372 0.116 -0.061 -0.208 -0.263 -0.243 -0.206 -0.217 -0.253 -0.249 -0.203 -0.134 -0.074 -0.004 0.023 0.024 -0.035 -0.161 -0.292 -0.398 -0.442 -0.406 -0.359 -0.342 -0.283 -0.235 -0.233 -0.303 -0.394 -0.483 -0.562 -0.647 -0.71 -0.736 -0.758 -0.749 -0.782 -0.894 -1.009 -1.078 -1.137 -1.18 -1.21
0.343 0.314 0.306 0.218 0.163 0.174 0.242 0.317 0.365 0.45 0.497 0.506 0.501 0.48 0.455 0.424 0.348 0.224 0.173 0.212 0.336 0.522 0.605 0.603 0.511 0.47 0.607 0.571 0.559 0.594 0.497 0.425 0.228 -0.048 -0.21 -0.274 -0.234 -0.141 -0.084 -0.077 -0.127 -0.24 -0.235 -0.165 -0.095 -0.033 -0.013 -0.029 -0.114 -0.25 -0.321 -0.315 -0.312 -0.275 -0.217 -0.202 -0.143 -0.106 -0.131 -0.217 -0.314 -0.445 -0.523 -0.558 -0.588 -0.611 -0.612 -0.592 -0.643 -0.739 -0.862 -1.011 -1.101 -1.174 -1.255
0.363 0.401 0.43 0.369 0.403 0.33 0.303 0.358 0.334 0.439 0.511 0.485 0.475 0.523 0.569 0.598 0.467 0.28 0.17 0.143 0.259 0.442 0.481 0.492 0.379 0.379 0.552 0.49 0.41 0.458 0.367 0.196 -0.016 -0.207 -0.266 -0.232 -0.155 -0.055 0.031 0.061 0 -0.133 -0.233 -0.166 -0.109 -0.078 -0.063 -0.063 -0.133 -0.204 -0.192 -0.142 -0.14 -0.136 -0.086 -0.066 -0.016 0.004 -0.014 -0.093 -0.195 -0.348 -0.488 -0.56 -0.564 -0.573 -0.55 -0.526 -0.543 -0.592 -0.695 -0.836 -0.972 -1.097 -1.195
0.398 0.401 0.358 0.303 0.329 0.228 0.224 0.293 0.311 0.357 0.445 0.517 0.558 0.646 0.577 0.502 0.486 0.384 0.233 0.166 0.221 0.389 0.394 0.303 0.239 0.335 0.418 0.406 0.351 0.243 0.148 -0.048 -0.192 -0.262 -0.225 -0.134 -0.103 0 0.121 0.135 0.081 0.001 -0.122 -0.102 -0.09 -0.06 -0.036 -0.024 -0.042 -0.05 -0.019 0.017 0.007 -0.014 0.005 0.058 0.072 0.069 0.042 -0.028 -0.094 -0.253 -0.408 -0.558 -0.646 -0.613 -0.582 -0.55 -0.476 -0.459 -0.543 -0.664 -0.827 -0.98 -1.063
0.385 0.35 0.28 0.173 0.271 0.163 0.153 0.213 0.232 0.321 0.486 0.466 0.52 0.622 0.504 0.38 0.407 0.437 0.284 0.183 0.196 0.36 0.347 0.182 0.092 0.232 0.259 0.246 0.202 0.043 -0.09 -0.21 -0.245 -0.231 -0.17 -0.063 -0.021 0.045 0.195 0.222 0.194 0.138 -0.001 -0.025 -0.046 -0.036 -0.016 -0.004 0.019 0.075 0.124 0.143 0.088 0.022 0.026 0.086 0.118 0.113 0.039 -0.076 -0.121 -0.223 -0.352 -0.508 -0.688 -0.702 -0.627 -0.555 -0.449 -0.415 -0.476 -0.585 -0.751 -0.885 -0.962
0.315 0.248 0.235 0.109 0.141 0.066 0.034 0.12 0.236 0.411 0.487 0.387 0.375 0.452 0.473 0.36 0.31 0.335 0.3 0.183 0.185 0.288 0.264 0.112 -0.067 0.017 0.074 0.044 -0.036 -0.168 -0.249 -0.243 -0.161 -0.099 -0.13 -0.004 0.087 0.142 0.273 0.315 0.286 0.223 0.05 0.012 0.005 -0.043 -0.065 -0.067 0.009 0.164 0.228 0.231 0.144 0.002 -0.02 0.047 0.125 0.085 -0.017 -0.175 -0.235 -0.265 -0.396 -0.537 -0.749 -0.788 -0.644 -0.545 -0.432 -0.423 -0.46 -0.557 -0.7 -0.791 -0.83
0.26 0.143 0.135 0.001 0.004 -0.046 -0.004 0.132 0.279 0.407 0.462 0.344 0.278 0.366 0.471 0.381 0.314 0.249 0.218 0.147 0.154 0.223 0.197 0.023 -0.24 -0.224 -0.146 -0.175 -0.274 -0.322 -0.285 -0.175 -0.06 0.026 -0.046 0.018 0.157 0.258 0.353 0.382 0.351 0.273 0.1 -0.008 -0.04 -0.101 -0.138 -0.119 -0.017 0.147 0.226 0.234 0.147 -0.023 -0.053 0.002 0.041 -0.001 -0.08 -0.264 -0.331 -0.356 -0.488 -0.659 -0.837 -0.852 -0.713 -0.577 -0.431 -0.355 -0.374 -0.459 -0.532 -0.611 -0.717
0.069 0.034 -0.036 -0.066 -0.012 0.044 0.124 0.229 0.26 0.287 0.365 0.284 0.269 0.376 0.421 0.359 0.313 0.223 0.11 0.095 0.14 0.21 0.138 -0.068 -0.377 -0.438 -0.38 -0.418 -0.447 -0.356 -0.216 -0.07 0.025 0.116 0.073 0.023 0.188 0.366 0.415 0.445 0.358 0.258 0.147 -0.027 -0.15 -0.215 -0.232 -0.168 -0.053 0.123 0.192 0.233 0.142 -0.044 -0.168 -0.113 -0.083 -0.135 -0.21 -0.407 -0.487 -0.474 -0.57 -0.751 -0.93 -0.911 -0.765 -0.613 -0.471 -0.357 -0.31 -0.373 -0.438 -0.533 -0.663
-0.121 -0.089 -0.048 0.005 0.112 0.208 0.269 0.3 0.268 0.254 0.29 0.236 0.237 0.308 0.31 0.234 0.187 0.106 0.02 0.047 0.121 0.15 0.033 -0.185 -0.486 -0.591 -0.58 -0.581 -0.493 -0.31 -0.144 -0.006 0.092 0.18 0.196 0.16 0.248 0.392 0.413 0.413 0.343 0.308 0.235 0.038 -0.167 -0.287 -0.304 -0.2 -0.061 0.129 0.247 0.285 0.161 -0.141 -0.325 -0.294 -0.252 -0.221 -0.258 -0.435 -0.629 -0.667 -0.745 -0.888 -0.984 -0.902 -0.77 -0.645 -0.557 -0.461 -0.375 -0.39 -0.482 -0.588 -0.721
-0.179 -0.018 0.089 0.171 0.258 0.322 0.36 0.377 0.398 0.335 0.285 0.276 0.193 0.137 0.14 0.06 0.024 -0.063 -0.073 0.012 0.063 0.007 -0.109 -0.328 -0.597 -0.699 -0.719 -0.63 -0.462 -0.261 -0.095 0.014 0.088 0.211 0.319 0.313 0.332 0.351 0.336 0.318 0.313 0.353 0.281 0.081 -0.05 -0.29 -0.307 -0.228 -0.103 0.115 0.288 0.34 0.146 -0.225 -0.508 -0.545 -0.437 -0.326 -0.365 -0.485 -0.687 -0.809 -0.914 -1.011 -1.033 -0.915 -0.787 -0.712 -0.641 -0.537 -0.422 -0.408 -0.514 -0.631 -0.769
-0.126 0.071 0.197 0.262 0.306 0.307 0.307 0.351 0.383 0.388 0.347 0.311 0.212 0.052 -0.048 -0.131 -0.165 -0.177 -0.144 -0.086 -0.092 -0.167 -0.3 -0.511 -0.705 -0.77 -0.75 -0.629 -0.455 -0.286 -0.155 -0.047 0.083 0.207 0.285 0.303 0.33 0.337 0.328 0.305 0.338 0.361 0.282 0.151 0.007 -0.239 -0.357 -0.244 -0.124 0.055 0.181 0.193 0.043 -0.227 -0.538 -0.7 -0.614 -0.522 -0.463 -0.518 -0.646 -0.713 -0.839 -0.994 -1.064 -0.99 -0.894 -0.813 -0.685 -0.528 -0.444 -0.451 -0.517 -0.625 -0.767
-0.052 0.13 0.269 0.27 0.243 0.224 0.231 0.245 0.255 0.34 0.296 0.226 0.151 -0.037 -0.242 -0.323 -0.292 -0.237 -0.233 -0.241 -0.281 -0.373 -0.524 -0.688 -0.79 -0.796 -0.73 -0.638 -0.507 -0.368 -0.226 -0.085 0.026 0.102 0.143 0.158 0.213 0.248 0.287 0.294 0.31 0.302 0.274 0.214 0.056 -0.189 -0.384 -0.289 -0.169 -0.012 0.103 0.109 0.032 -0.169 -0.517 -0.798 -0.784 -0.669 -0.569 -0.573 -0.595 -0.624 -0.748 -0.917 -1.065 -1.072 -0.989 -0.905 -0.705 -0.531 -0.464 -0.536 -0.597 -0.677 -0.809
0.022 0.146 0.255 0.248 0.179 0.106 0.187 0.181 0.119 0.259 0.143 0.056 0.002 -0.192 -0.429 -0.41 -0.344 -0.34 -0.381 -0.415 -0.507 -0.591 -0.716 -0.809 -0.832 -0.801 -0.773 -0.644 -0.531 -0.388 -0.249 -0.192 -0.111 -0.05 -0.033 0.035 0.07 0.145 0.254 0.263 0.233 0.192 0.191 0.168 0.078 -0.143 -0.398 -0.35 -0.221 -0.044 0.039 0.063 0.037 -0.18 -0.507 -0.85 -0.898 -0.791 -0.696 -0.645 -0.616 -0.627 -0.72 -0.869 -1.05 -1.093 -0.997 -0.899 -0.71 -0.535 -0.471 -0.56 -0.656 -0.76 -0.903
-0.025 0.012 0.087 0.122 0.074 0.033 0.096 0.106 0.009 0.102 0.013 -0.089 -0.179 -0.355 -0.523 -0.49 -0.506 -0.539 -0.608 -0.677 -0.735 -0.785 -0.822 -0.835 -0.828 -0.839 -0.778 -0.673 -0.595 -0.536 -0.464 -0.373 -0.304 -0.249 -0.178 -0.1 -0.037 0.04 0.099 0.143 0.146 0.132 0.165 0.123 0.019 -0.135 -0.363 -0.395 -0.256 -0.088 0.022 0.033 -0.029 -0.215 -0.535 -0.864 -0.987 -0.968 -0.892 -0.808 -0.748 -0.708 -0.788 -0.918 -1.063 -1.056 -0.931 -0.81 -0.706 -0.554 -0.486 -0.535 -0.615 -0.747 -0.921
