data/climatemaps/RS_maps/climate_winter_pr_2008.asc
NCOLS 369 
NROWS 228 
XLLCORNER 479000 
YLLCORNER 73000 
CELLSIZE 1000 
NODATA_value -9 
[rows 34 to 67 of 228, columns 152 to 227 of 369]
-0.695 -0.689 -0.683 -0.692 -0.71 -0.725 -0.733 -0.735 -0.733 -0.733 -0.737 -0.745 -0.759 -0.772 -0.783 -0.779 -0.761 -0.778 -0.779 -0.754 -0.762 -0.774 -0.754 -0.751 -0.725 -0.725 -0.738 -0.793 -0.867 -0.906 -0.918 -0.901 -0.87 -0.809 -0.75 -0.724 -0.713 -0.719 -0.732 -0.762 -0.773 -0.804 -0.825 -0.852 -0.877 -0.91 -0.947 -0.97 -0.979 -0.986 -0.983 -0.964 -0.937 -0.915 -0.87 -0.821 -0.789 -0.779 -0.771 -0.773 -0.793 -0.837 -0.889 -0.928 -0.951 -0.955 -0.943 -0.924 -0.911 -0.915 -0.921 -0.922 -0.92 -0.919 -0.919 -0.92
-0.685 -0.685 -0.672 -0.67 -0.686 -0.709 -0.721 -0.734 -0.745 -0.756 -0.77 -0.779 -0.791 -0.802 -0.812 -0.803 -0.783 -0.772 -0.777 -0.746 -0.741 -0.746 -0.717 -0.712 -0.701 -0.698 -0.728 -0.788 -0.855 -0.892 -0.901 -0.873 -0.834 -0.781 -0.727 -0.699 -0.677 -0.682 -0.698 -0.722 -0.741 -0.755 -0.787 -0.805 -0.831 -0.867 -0.923 -0.952 -0.963 -0.975 -0.978 -0.96 -0.928 -0.895 -0.871 -0.824 -0.782 -0.754 -0.745 -0.756 -0.783 -0.833 -0.883 -0.925 -0.951 -0.958 -0.952 -0.934 -0.918 -0.913 -0.908 -0.901 -0.892 -0.878 -0.872 -0.874
-0.669 -0.664 -0.66 -0.657 -0.655 -0.675 -0.698 -0.707 -0.721 -0.742 -0.772 -0.795 -0.802 -0.808 -0.823 -0.811 -0.779 -0.764 -0.761 -0.713 -0.692 -0.704 -0.684 -0.679 -0.674 -0.689 -0.73 -0.8 -0.854 -0.883 -0.879 -0.84 -0.788 -0.737 -0.706 -0.685 -0.666 -0.665 -0.684 -0.698 -0.709 -0.715 -0.731 -0.775 -0.803 -0.844 -0.901 -0.939 -0.955 -0.973 -0.977 -0.961 -0.928 -0.881 -0.856 -0.828 -0.795 -0.77 -0.756 -0.766 -0.798 -0.838 -0.875 -0.92 -0.944 -0.953 -0.948 -0.94 -0.931 -0.92 -0.906 -0.887 -0.865 -0.84 -0.825 -0.823
-0.657 -0.637 -0.631 -0.639 -0.639 -0.642 -0.659 -0.676 -0.69 -0.714 -0.75 -0.792 -0.815 -0.818 -0.815 -0.809 -0.765 -0.742 -0.725 -0.695 -0.667 -0.665 -0.662 -0.666 -0.693 -0.72 -0.745 -0.816 -0.863 -0.876 -0.843 -0.802 -0.739 -0.682 -0.661 -0.664 -0.673 -0.676 -0.694 -0.69 -0.681 -0.683 -0.692 -0.724 -0.771 -0.815 -0.878 -0.926 -0.953 -0.972 -0.976 -0.964 -0.931 -0.879 -0.839 -0.823 -0.799 -0.775 -0.776 -0.785 -0.804 -0.834 -0.871 -0.91 -0.93 -0.948 -0.941 -0.934 -0.936 -0.927 -0.907 -0.877 -0.84 -0.809 -0.784 -0.781
-0.644 -0.617 -0.601 -0.597 -0.608 -0.621 -0.621 -0.634 -0.656 -0.679 -0.722 -0.777 -0.814 -0.819 -0.795 -0.791 -0.767 -0.742 -0.725 -0.687 -0.648 -0.644 -0.656 -0.682 -0.715 -0.762 -0.802 -0.84 -0.873 -0.872 -0.836 -0.786 -0.719 -0.659 -0.635 -0.65 -0.676 -0.688 -0.7 -0.693 -0.669 -0.662 -0.663 -0.691 -0.74 -0.796 -0.859 -0.916 -0.947 -0.969 -0.973 -0.964 -0.932 -0.88 -0.833 -0.818 -0.798 -0.763 -0.761 -0.769 -0.779 -0.808 -0.85 -0.885 -0.912 -0.938 -0.941 -0.935 -0.939 -0.927 -0.905 -0.869 -0.828 -0.789 -0.76 -0.75
-0.626 -0.604 -0.58 -0.567 -0.575 -0.597 -0.596 -0.594 -0.607 -0.646 -0.709 -0.768 -0.806 -0.823 -0.822 -0.811 -0.787 -0.77 -0.75 -0.698 -0.654 -0.626 -0.638 -0.658 -0.714 -0.78 -0.821 -0.844 -0.88 -0.892 -0.864 -0.803 -0.734 -0.674 -0.645 -0.66 -0.684 -0.696 -0.689 -0.685 -0.677 -0.665 -0.662 -0.681 -0.73 -0.789 -0.852 -0.909 -0.944 -0.963 -0.968 -0.963 -0.936 -0.885 -0.837 -0.815 -0.802 -0.766 -0.749 -0.741 -0.74 -0.766 -0.8 -0.84 -0.882 -0.914 -0.929 -0.936 -0.935 -0.912 -0.888 -0.859 -0.813 -0.755 -0.711 -0.712
-0.607 -0.584 -0.57 -0.559 -0.564 -0.578 -0.571 -0.548 -0.561 -0.628 -0.705 -0.76 -0.783 -0.792 -0.805 -0.803 -0.803 -0.791 -0.761 -0.72 -0.669 -0.629 -0.637 -0.67 -0.724 -0.796 -0.83 -0.858 -0.899 -0.903 -0.884 -0.843 -0.784 -0.725 -0.686 -0.686 -0.699 -0.699 -0.682 -0.667 -0.659 -0.655 -0.661 -0.682 -0.729 -0.789 -0.85 -0.902 -0.935 -0.955 -0.963 -0.96 -0.94 -0.895 -0.85 -0.82 -0.804 -0.777 -0.751 -0.726 -0.71 -0.722 -0.741 -0.785 -0.842 -0.869 -0.891 -0.916 -0.92 -0.897 -0.866 -0.836 -0.786 -0.723 -0.663 -0.655
-0.622 -0.596 -0.594 -0.578 -0.571 -0.558 -0.543 -0.538 -0.576 -0.632 -0.697 -0.738 -0.75 -0.767 -0.791 -0.787 -0.786 -0.775 -0.751 -0.71 -0.659 -0.629 -0.643 -0.683 -0.747 -0.817 -0.857 -0.887 -0.909 -0.903 -0.879 -0.853 -0.814 -0.777 -0.748 -0.727 -0.72 -0.711 -0.692 -0.675 -0.661 -0.652 -0.656 -0.678 -0.724 -0.788 -0.846 -0.892 -0.923 -0.943 -0.955 -0.957 -0.946 -0.911 -0.87 -0.836 -0.802 -0.778 -0.748 -0.72 -0.694 -0.689 -0.693 -0.74 -0.798 -0.82 -0.839 -0.866 -0.887 -0.881 -0.851 -0.807 -0.761 -0.7 -0.639 -0.618
-0.671 -0.653 -0.641 -0.614 -0.601 -0.57 -0.556 -0.553 -0.591 -0.638 -0.684 -0.714 -0.734 -0.745 -0.76 -0.762 -0.745 -0.736 -0.704 -0.666 -0.632 -0.617 -0.651 -0.71 -0.781 -0.84 -0.872 -0.893 -0.91 -0.902 -0.875 -0.847 -0.819 -0.8 -0.797 -0.78 -0.762 -0.754 -0.741 -0.725 -0.715 -0.701 -0.693 -0.701 -0.734 -0.788 -0.839 -0.881 -0.91 -0.927 -0.944 -0.95 -0.949 -0.931 -0.895 -0.86 -0.82 -0.786 -0.749 -0.717 -0.69 -0.673 -0.67 -0.7 -0.754 -0.779 -0.796 -0.821 -0.841 -0.844 -0.828 -0.794 -0.737 -0.674 -0.617 -0.578
-0.732 -0.716 -0.694 -0.675 -0.644 -0.621 -0.595 -0.578 -0.605 -0.624 -0.668 -0.696 -0.704 -0.705 -0.717 -0.712 -0.688 -0.675 -0.64 -0.612 -0.59 -0.602 -0.666 -0.745 -0.803 -0.845 -0.874 -0.893 -0.908 -0.908 -0.891 -0.862 -0.839 -0.822 -0.827 -0.823 -0.816 -0.809 -0.8 -0.794 -0.79 -0.775 -0.761 -0.753 -0.767 -0.795 -0.834 -0.868 -0.894 -0.91 -0.929 -0.941 -0.948 -0.944 -0.924 -0.893 -0.851 -0.809 -0.771 -0.733 -0.701 -0.676 -0.664 -0.677 -0.713 -0.726 -0.763 -0.776 -0.791 -0.797 -0.798 -0.767 -0.725 -0.665 -0.608 -0.555
-0.769 -0.751 -0.728 -0.706 -0.691 -0.661 -0.624 -0.602 -0.607 -0.605 -0.639 -0.665 -0.655 -0.635 -0.646 -0.643 -0.615 -0.604 -0.572 -0.555 -0.553 -0.604 -0.683 -0.764 -0.813 -0.849 -0.879 -0.894 -0.905 -0.917 -0.912 -0.893 -0.874 -0.847 -0.846 -0.847 -0.845 -0.839 -0.831 -0.843 -0.845 -0.839 -0.83 -0.819 -0.819 -0.826 -0.843 -0.858 -0.874 -0.891 -0.909 -0.927 -0.941 -0.946 -0.938 -0.918 -0.886 -0.846 -0.807 -0.771 -0.731 -0.7 -0.678 -0.678 -0.697 -0.687 -0.704 -0.701 -0.712 -0.744 -0.758 -0.743 -0.715 -0.675 -0.627 -0.579
-0.776 -0.767 -0.749 -0.725 -0.705 -0.683 -0.645 -0.609 -0.596 -0.565 -0.577 -0.607 -0.59 -0.564 -0.57 -0.579 -0.547 -0.535 -0.53 -0.534 -0.56 -0.628 -0.709 -0.785 -0.829 -0.866 -0.889 -0.898 -0.906 -0.918 -0.927 -0.92 -0.904 -0.879 -0.852 -0.844 -0.851 -0.85 -0.851 -0.867 -0.875 -0.877 -0.875 -0.868 -0.861 -0.86 -0.864 -0.869 -0.871 -0.875 -0.887 -0.912 -0.931 -0.942 -0.938 -0.923 -0.902 -0.881 -0.849 -0.813 -0.777 -0.741 -0.712 -0.704 -0.697 -0.67 -0.659 -0.65 -0.662 -0.679 -0.698 -0.715 -0.711 -0.691 -0.66 -0.622
-0.781 -0.764 -0.754 -0.737 -0.714 -0.683 -0.647 -0.592 -0.567 -0.52 -0.509 -0.536 -0.524 -0.52 -0.52 -0.531 -0.514 -0.516 -0.537 -0.554 -0.584 -0.65 -0.735 -0.811 -0.842 -0.873 -0.896 -0.902 -0.909 -0.921 -0.934 -0.935 -0.928 -0.908 -0.866 -0.838 -0.84 -0.845 -0.853 -0.865 -0.876 -0.884 -0.889 -0.889 -0.887 -0.885 -0.883 -0.882 -0.883 -0.88 -0.88 -0.896 -0.917 -0.933 -0.933 -0.921 -0.904 -0.893 -0.879 -0.853 -0.815 -0.783 -0.751 -0.732 -0.709 -0.673 -0.642 -0.625 -0.63 -0.624 -0.632 -0.661 -0.666 -0.667 -0.661 -0.641
-0.789 -0.763 -0.742 -0.726 -0.7 -0.658 -0.617 -0.551 -0.513 -0.477 -0.467 -0.476 -0.477 -0.507 -0.517 -0.531 -0.519 -0.534 -0.561 -0.571 -0.604 -0.676 -0.766 -0.845 -0.865 -0.876 -0.896 -0.906 -0.911 -0.924 -0.941 -0.948 -0.945 -0.932 -0.896 -0.848 -0.822 -0.823 -0.836 -0.858 -0.886 -0.903 -0.911 -0.907 -0.898 -0.893 -0.891 -0.889 -0.885 -0.884 -0.885 -0.892 -0.905 -0.92 -0.925 -0.915 -0.906 -0.902 -0.897 -0.879 -0.85 -0.821 -0.786 -0.76 -0.73 -0.695 -0.655 -0.626 -0.606 -0.593 -0.583 -0.605 -0.613 -0.608 -0.628 -0.632
-0.781 -0.751 -0.721 -0.696 -0.661 -0.606 -0.561 -0.508 -0.46 -0.452 -0.462 -0.467 -0.481 -0.528 -0.572 -0.59 -0.586 -0.602 -0.613 -0.634 -0.677 -0.745 -0.818 -0.884 -0.904 -0.905 -0.903 -0.908 -0.918 -0.928 -0.944 -0.96 -0.96 -0.951 -0.927 -0.878 -0.821 -0.793 -0.802 -0.83 -0.868 -0.907 -0.931 -0.934 -0.932 -0.904 -0.89 -0.881 -0.875 -0.877 -0.881 -0.888 -0.899 -0.909 -0.912 -0.904 -0.899 -0.899 -0.9 -0.891 -0.869 -0.846 -0.818 -0.788 -0.755 -0.724 -0.681 -0.641 -0.601 -0.572 -0.555 -0.568 -0.569 -0.561 -0.584 -0.611
-0.754 -0.719 -0.679 -0.654 -0.618 -0.566 -0.511 -0.493 -0.462 -0.465 -0.493 -0.515 -0.545 -0.585 -0.637 -0.673 -0.693 -0.713 -0.725 -0.747 -0.78 -0.828 -0.876 -0.919 -0.94 -0.943 -0.934 -0.925 -0.924 -0.928 -0.943 -0.962 -0.971 -0.968 -0.953 -0.908 -0.841 -0.785 -0.763 -0.793 -0.834 -0.882 -0.925 -0.947 -0.952 -0.94 -0.918 -0.897 -0.878 -0.87 -0.872 -0.887 -0.894 -0.894 -0.891 -0.884 -0.878 -0.879 -0.887 -0.892 -0.882 -0.863 -0.843 -0.813 -0.779 -0.749 -0.711 -0.665 -0.616 -0.565 -0.551 -0.536 -0.533 -0.525 -0.538 -0.569
-0.709 -0.666 -0.618 -0.606 -0.559 -0.522 -0.498 -0.499 -0.501 -0.499 -0.532 -0.583 -0.617 -0.652 -0.709 -0.752 -0.78 -0.798 -0.812 -0.828 -0.853 -0.883 -0.915 -0.943 -0.959 -0.958 -0.951 -0.942 -0.919 -0.914 -0.925 -0.946 -0.969 -0.977 -0.969 -0.939 -0.868 -0.792 -0.743 -0.753 -0.795 -0.847 -0.898 -0.931 -0.947 -0.943 -0.93 -0.915 -0.897 -0.881 -0.875 -0.887 -0.885 -0.867 -0.856 -0.847 -0.841 -0.841 -0.854 -0.871 -0.879 -0.875 -0.864 -0.836 -0.8 -0.768 -0.737 -0.693 -0.641 -0.586 -0.557 -0.515 -0.499 -0.487 -0.493 -0.529
-0.665 -0.622 -0.587 -0.561 -0.518 -0.515 -0.532 -0.538 -0.566 -0.588 -0.615 -0.662 -0.7 -0.739 -0.784 -0.82 -0.846 -0.862 -0.872 -0.884 -0.902 -0.921 -0.941 -0.96 -0.97 -0.965 -0.957 -0.952 -0.936 -0.921 -0.928 -0.931 -0.955 -0.978 -0.978 -0.957 -0.899 -0.818 -0.747 -0.733 -0.76 -0.807 -0.859 -0.901 -0.918 -0.918 -0.916 -0.911 -0.904 -0.899 -0.899 -0.899 -0.882 -0.841 -0.815 -0.798 -0.787 -0.789 -0.805 -0.831 -0.855 -0.871 -0.872 -0.857 -0.826 -0.786 -0.752 -0.716 -0.67 -0.619 -0.568 -0.516 -0.479 -0.458 -0.466 -0.495
-0.598 -0.585 -0.56 -0.527 -0.512 -0.537 -0.583 -0.618 -0.651 -0.669 -0.69 -0.74 -0.777 -0.81 -0.84 -0.871 -0.894 -0.909 -0.916 -0.924 -0.933 -0.943 -0.958 -0.968 -0.974 -0.964 -0.953 -0.951 -0.947 -0.938 -0.931 -0.93 -0.947 -0.974 -0.983 -0.972 -0.928 -0.851 -0.77 -0.736 -0.742 -0.773 -0.815 -0.862 -0.87 -0.872 -0.878 -0.886 -0.888 -0.891 -0.898 -0.904 -0.889 -0.843 -0.8 -0.757 -0.725 -0.718 -0.742 -0.774 -0.81 -0.843 -0.862 -0.861 -0.842 -0.808 -0.764 -0.731 -0.692 -0.649 -0.594 -0.536 -0.492 -0.465 -0.458 -0.448
-0.528 -0.549 -0.546 -0.542 -0.569 -0.613 -0.65 -0.692 -0.724 -0.741 -0.768 -0.809 -0.826 -0.846 -0.871 -0.9 -0.919 -0.933 -0.935 -0.936 -0.941 -0.942 -0.96 -0.966 -0.97 -0.96 -0.941 -0.941 -0.942 -0.942 -0.936 -0.929 -0.945 -0.969 -0.983 -0.982 -0.954 -0.89 -0.813 -0.764 -0.749 -0.751 -0.778 -0.821 -0.832 -0.83 -0.83 -0.841 -0.854 -0.863 -0.879 -0.895 -0.896 -0.864 -0.806 -0.736 -0.677 -0.648 -0.656 -0.699 -0.75 -0.797 -0.833 -0.85 -0.848 -0.823 -0.78 -0.736 -0.703 -0.67 -0.626 -0.572 -0.525 -0.482 -0.44 -0.403
-0.499 -0.541 -0.577 -0.602 -0.64 -0.683 -0.722 -0.76 -0.789 -0.815 -0.841 -0.857 -0.857 -0.877 -0.902 -0.919 -0.932 -0.939 -0.94 -0.931 -0.931 -0.935 -0.954 -0.959 -0.957 -0.946 -0.933 -0.923 -0.928 -0.935 -0.94 -0.935 -0.943 -0.96 -0.977 -0.984 -0.972 -0.929 -0.858 -0.806 -0.764 -0.735 -0.748 -0.78 -0.795 -0.794 -0.785 -0.777 -0.794 -0.821 -0.849 -0.876 -0.893 -0.878 -0.825 -0.743 -0.664 -0.599 -0.581 -0.604 -0.673 -0.737 -0.788 -0.821 -0.837 -0.827 -0.798 -0.752 -0.714 -0.687 -0.651 -0.603 -0.542 -0.487 -0.425 -0.36
-0.467 -0.534 -0.601 -0.661 -0.708 -0.745 -0.78 -0.809 -0.832 -0.853 -0.869 -0.875 -0.875 -0.898 -0.921 -0.932 -0.928 -0.926 -0.934 -0.928 -0.919 -0.919 -0.94 -0.949 -0.946 -0.931 -0.919 -0.901 -0.91 -0.924 -0.934 -0.942 -0.943 -0.949 -0.965 -0.975 -0.977 -0.954 -0.896 -0.839 -0.78 -0.734 -0.725 -0.745 -0.762 -0.759 -0.748 -0.722 -0.722 -0.767 -0.813 -0.85 -0.881 -0.881 -0.843 -0.764 -0.672 -0.582 -0.53 -0.525 -0.581 -0.663 -0.728 -0.777 -0.809 -0.816 -0.799 -0.766 -0.722 -0.695 -0.666 -0.625 -0.548 -0.478 -0.41 -0.349
-0.509 -0.573 -0.646 -0.708 -0.752 -0.781 -0.809 -0.827 -0.838 -0.849 -0.861 -0.868 -0.876 -0.907 -0.926 -0.933 -0.914 -0.907 -0.913 -0.923 -0.915 -0.907 -0.919 -0.936 -0.94 -0.931 -0.91 -0.884 -0.886 -0.903 -0.919 -0.93 -0.938 -0.941 -0.95 -0.959 -0.971 -0.966 -0.928 -0.867 -0.808 -0.752 -0.724 -0.72 -0.726 -0.72 -0.715 -0.696 -0.669 -0.707 -0.772 -0.818 -0.86 -0.876 -0.852 -0.779 -0.687 -0.593 -0.509 -0.467 -0.491 -0.578 -0.657 -0.722 -0.769 -0.792 -0.79 -0.768 -0.727 -0.697 -0.673 -0.636 -0.574 -0.491 -0.407 -0.351
-0.581 -0.645 -0.699 -0.748 -0.787 -0.801 -0.81 -0.813 -0.814 -0.816 -0.83 -0.846 -0.866 -0.901 -0.922 -0.93 -0.908 -0.896 -0.891 -0.907 -0.903 -0.89 -0.894 -0.915 -0.925 -0.925 -0.903 -0.877 -0.867 -0.883 -0.899 -0.906 -0.921 -0.931 -0.936 -0.943 -0.956 -0.965 -0.947 -0.899 -0.839 -0.781 -0.736 -0.704 -0.691 -0.676 -0.685 -0.66 -0.637 -0.641 -0.722 -0.774 -0.83 -0.862 -0.856 -0.792 -0.701 -0.606 -0.513 -0.427 -0.422 -0.489 -0.578 -0.656 -0.72 -0.76 -0.772 -0.759 -0.73 -0.704 -0.676 -0.64 -0.59 -0.516 -0.437 -0.369
-0.647 -0.689 -0.724 -0.775 -0.81 -0.812 -0.813 -0.801 -0.789 -0.787 -0.8 -0.817 -0.844 -0.885 -0.912 -0.924 -0.906 -0.885 -0.877 -0.891 -0.888 -0.875 -0.872 -0.884 -0.9 -0.909 -0.902 -0.881 -0.865 -0.869 -0.879 -0.876 -0.883 -0.904 -0.918 -0.927 -0.939 -0.955 -0.955 -0.929 -0.874 -0.812 -0.754 -0.707 -0.675 -0.647 -0.658 -0.622 -0.599 -0.6 -0.671 -0.722 -0.783 -0.837 -0.854 -0.81 -0.735 -0.645 -0.537 -0.433 -0.391 -0.413 -0.493 -0.585 -0.66 -0.717 -0.751 -0.748 -0.73 -0.703 -0.676 -0.642 -0.598 -0.539 -0.454 -0.368
-0.695 -0.711 -0.736 -0.803 -0.834 -0.843 -0.845 -0.832 -0.806 -0.787 -0.781 -0.787 -0.818 -0.862 -0.896 -0.916 -0.902 -0.878 -0.862 -0.877 -0.871 -0.863 -0.856 -0.853 -0.862 -0.885 -0.895 -0.887 -0.87 -0.866 -0.856 -0.844 -0.833 -0.854 -0.885 -0.904 -0.916 -0.935 -0.949 -0.943 -0.903 -0.844 -0.783 -0.728 -0.67 -0.648 -0.638 -0.586 -0.562 -0.544 -0.62 -0.671 -0.728 -0.803 -0.84 -0.827 -0.768 -0.673 -0.571 -0.469 -0.384 -0.365 -0.423 -0.512 -0.598 -0.669 -0.718 -0.733 -0.725 -0.699 -0.669 -0.641 -0.603 -0.553 -0.473 -0.381
-0.747 -0.757 -0.783 -0.828 -0.853 -0.87 -0.874 -0.858 -0.818 -0.782 -0.756 -0.755 -0.787 -0.833 -0.873 -0.902 -0.891 -0.869 -0.857 -0.869 -0.86 -0.842 -0.827 -0.823 -0.828 -0.855 -0.88 -0.89 -0.878 -0.869 -0.841 -0.808 -0.792 -0.793 -0.837 -0.87 -0.893 -0.913 -0.934 -0.942 -0.92 -0.871 -0.819 -0.753 -0.702 -0.673 -0.614 -0.558 -0.529 -0.478 -0.548 -0.616 -0.669 -0.757 -0.813 -0.827 -0.787 -0.702 -0.599 -0.495 -0.389 -0.34 -0.382 -0.452 -0.538 -0.619 -0.68 -0.709 -0.714 -0.693 -0.664 -0.634 -0.602 -0.56 -0.498 -0.414
-0.802 -0.813 -0.824 -0.842 -0.861 -0.881 -0.89 -0.872 -0.828 -0.785 -0.748 -0.742 -0.766 -0.808 -0.854 -0.885 -0.882 -0.86 -0.844 -0.852 -0.852 -0.83 -0.811 -0.796 -0.799 -0.812 -0.857 -0.882 -0.879 -0.864 -0.826 -0.773 -0.739 -0.731 -0.776 -0.823 -0.862 -0.891 -0.915 -0.933 -0.925 -0.893 -0.848 -0.787 -0.743 -0.676 -0.595 -0.536 -0.488 -0.421 -0.48 -0.546 -0.604 -0.697 -0.774 -0.81 -0.801 -0.734 -0.646 -0.544 -0.43 -0.354 -0.368 -0.426 -0.496 -0.574 -0.637 -0.679 -0.696 -0.683 -0.658 -0.626 -0.596 -0.56 -0.514 -0.448
-0.833 -0.832 -0.832 -0.845 -0.862 -0.883 -0.898 -0.887 -0.848 -0.802 -0.752 -0.735 -0.753 -0.78 -0.837 -0.861 -0.87 -0.86 -0.831 -0.822 -0.831 -0.825 -0.808 -0.791 -0.774 -0.779 -0.831 -0.869 -0.873 -0.855 -0.809 -0.742 -0.689 -0.673 -0.708 -0.763 -0.816 -0.855 -0.89 -0.917 -0.918 -0.899 -0.864 -0.819 -0.772 -0.698 -0.603 -0.515 -0.459 -0.369 -0.404 -0.479 -0.545 -0.624 -0.718 -0.777 -0.798 -0.76 -0.694 -0.61 -0.511 -0.417 -0.386 -0.422 -0.482 -0.548 -0.599 -0.637 -0.663 -0.663 -0.645 -0.618 -0.589 -0.56 -0.524 -0.472
-0.842 -0.832 -0.831 -0.841 -0.859 -0.878 -0.901 -0.898 -0.863 -0.81 -0.768 -0.748 -0.747 -0.756 -0.815 -0.849 -0.843 -0.841 -0.821 -0.792 -0.781 -0.796 -0.8 -0.786 -0.769 -0.762 -0.814 -0.856 -0.866 -0.843 -0.798 -0.725 -0.645 -0.617 -0.63 -0.69 -0.759 -0.81 -0.856 -0.894 -0.905 -0.897 -0.869 -0.828 -0.788 -0.722 -0.618 -0.521 -0.438 -0.344 -0.337 -0.403 -0.482 -0.546 -0.641 -0.725 -0.769 -0.772 -0.735 -0.675 -0.6 -0.517 -0.462 -0.451 -0.489 -0.542 -0.579 -0.602 -0.624 -0.633 -0.624 -0.603 -0.58 -0.563 -0.535 -0.495
-0.847 -0.831 -0.828 -0.843 -0.856 -0.872 -0.899 -0.903 -0.879 -0.834 -0.784 -0.764 -0.737 -0.734 -0.785 -0.83 -0.83 -0.812 -0.793 -0.757 -0.718 -0.732 -0.761 -0.768 -0.746 -0.742 -0.798 -0.845 -0.861 -0.836 -0.789 -0.714 -0.617 -0.564 -0.564 -0.61 -0.691 -0.758 -0.813 -0.864 -0.885 -0.888 -0.868 -0.831 -0.793 -0.732 -0.639 -0.522 -0.431 -0.366 -0.3 -0.32 -0.402 -0.472 -0.547 -0.653 -0.719 -0.75 -0.75 -0.722 -0.677 -0.621 -0.571 -0.53 -0.52 -0.547 -0.571 -0.58 -0.595 -0.602 -0.596 -0.586 -0.569 -0.558 -0.541 -0.513
-0.838 -0.828 -0.828 -0.843 -0.849 -0.86 -0.887 -0.904 -0.894 -0.849 -0.801 -0.77 -0.73 -0.719 -0.763 -0.812 -0.813 -0.788 -0.755 -0.717 -0.666 -0.663 -0.697 -0.732 -0.742 -0.742 -0.781 -0.83 -0.851 -0.836 -0.781 -0.709 -0.608 -0.525 -0.506 -0.535 -0.611 -0.695 -0.759 -0.827 -0.858 -0.871 -0.862 -0.834 -0.796 -0.736 -0.652 -0.541 -0.441 -0.373 -0.303 -0.268 -0.317 -0.4 -0.45 -0.557 -0.65 -0.7 -0.728 -0.733 -0.72 -0.694 -0.662 -0.624 -0.585 -0.566 -0.567 -0.568 -0.573 -0.586 -0.578 -0.568 -0.559 -0.551 -0.541 -0.526
-0.83 -0.826 -0.827 -0.84 -0.841 -0.844 -0.868 -0.896 -0.901 -0.871 -0.822 -0.779 -0.743 -0.714 -0.745 -0.791 -0.794 -0.77 -0.729 -0.677 -0.619 -0.594 -0.616 -0.66 -0.706 -0.731 -0.749 -0.797 -0.833 -0.832 -0.781 -0.711 -0.609 -0.501 -0.454 -0.468 -0.532 -0.622 -0.702 -0.78 -0.827 -0.849 -0.846 -0.827 -0.797 -0.742 -0.66 -0.559 -0.475 -0.397 -0.324 -0.273 -0.251 -0.327 -0.381 -0.443 -0.547 -0.619 -0.671 -0.7 -0.712 -0.712 -0.702 -0.684 -0.651 -0.611 -0.579 -0.573 -0.575 -0.583 -0.58 -0.57 -0.555 -0.545 -0.539 -0.533
-0.82 -0.812 -0.815 -0.83 -0.833 -0.838 -0.853 -0.88 -0.898 -0.886 -0.851 -0.793 -0.745 -0.711 -0.729 -0.771 -0.781 -0.755 -0.706 -0.634 -0.581 -0.54 -0.526 -0.558 -0.629 -0.679 -0.696 -0.741 -0.803 -0.819 -0.785 -0.717 -0.619 -0.498 -0.416 -0.409 -0.46 -0.543 -0.639 -0.726 -0.789 -0.821 -0.828 -0.811 -0.789 -0.747 -0.679 -0.581 -0.501 -0.425 -0.355 -0.303 -0.234 -0.25 -0.327 -0.357 -0.417 -0.508 -0.581 -0.628 -0.663 -0.686 -0.693 -0.692 -0.683 -0.66 -0.631 -0.608 -0.601 -0.6 -0.597 -0.584 -0.56 -0.546 -0.542 -0.533
