data/climatemaps/RS_maps/climate_winter_pr_2018.asc
NCOLS 369 
NROWS 228 
XLLCORNER 479000 
YLLCORNER 73000 
CELLSIZE 1000 
NODATA_value -9 
[rows 34 to 67 of 228, columns 77 to 153 of 369]
-0.204 -0.211 -0.214 -0.223 -0.241 -0.257 -0.275 -0.291 -0.301 -0.308 -0.317 -0.327 -0.334 -0.343 -0.355 -0.368 -0.384 -0.402 -0.418 -0.433 -0.448 -0.465 -0.486 -0.503 -0.514 -0.529 -0.542 -0.554 -0.57 -0.586 -0.603 -0.62 -0.64 -0.659 -0.675 -0.688 -0.695 -0.701 -0.705 -0.708 -0.712 -0.715 -0.721 -0.731 -0.745 -0.766 -0.788 -0.807 -0.823 -0.836 -0.844 -0.851 -0.854 -0.852 -0.848 -0.84 -0.829 -0.815 -0.793 -0.764 -0.726 -0.679 -0.629 -0.575 -0.531 -0.504 -0.483 -0.461 -0.436 -0.403 -0.365 -0.327 -0.289 -0.25 -0.207 -0.164 -0.124
-0.216 -0.219 -0.222 -0.228 -0.24 -0.25 -0.267 -0.285 -0.298 -0.307 -0.315 -0.322 -0.328 -0.337 -0.346 -0.356 -0.37 -0.386 -0.401 -0.416 -0.428 -0.442 -0.459 -0.479 -0.496 -0.512 -0.526 -0.539 -0.552 -0.566 -0.583 -0.598 -0.617 -0.636 -0.657 -0.677 -0.69 -0.696 -0.703 -0.707 -0.708 -0.709 -0.712 -0.718 -0.73 -0.75 -0.772 -0.793 -0.81 -0.823 -0.832 -0.838 -0.842 -0.843 -0.84 -0.833 -0.825 -0.813 -0.793 -0.766 -0.734 -0.699 -0.662 -0.625 -0.592 -0.562 -0.534 -0.502 -0.463 -0.419 -0.375 -0.339 -0.299 -0.255 -0.204 -0.157 -0.123
-0.228 -0.228 -0.232 -0.232 -0.234 -0.238 -0.249 -0.269 -0.286 -0.3 -0.313 -0.321 -0.326 -0.333 -0.34 -0.347 -0.358 -0.371 -0.384 -0.398 -0.408 -0.419 -0.433 -0.454 -0.476 -0.493 -0.508 -0.522 -0.534 -0.546 -0.562 -0.576 -0.593 -0.612 -0.635 -0.661 -0.681 -0.692 -0.699 -0.704 -0.706 -0.706 -0.706 -0.709 -0.718 -0.736 -0.759 -0.78 -0.797 -0.811 -0.821 -0.827 -0.833 -0.835 -0.832 -0.825 -0.821 -0.81 -0.788 -0.76 -0.728 -0.698 -0.671 -0.647 -0.624 -0.598 -0.566 -0.527 -0.479 -0.424 -0.376 -0.343 -0.3 -0.252 -0.193 -0.138 -0.099
-0.241 -0.239 -0.233 -0.224 -0.222 -0.223 -0.231 -0.248 -0.265 -0.282 -0.304 -0.316 -0.323 -0.329 -0.333 -0.338 -0.346 -0.357 -0.368 -0.38 -0.389 -0.397 -0.41 -0.43 -0.452 -0.471 -0.488 -0.502 -0.515 -0.526 -0.539 -0.552 -0.567 -0.587 -0.611 -0.64 -0.667 -0.685 -0.695 -0.701 -0.705 -0.705 -0.703 -0.703 -0.71 -0.727 -0.749 -0.767 -0.783 -0.8 -0.808 -0.818 -0.826 -0.83 -0.826 -0.821 -0.818 -0.804 -0.776 -0.743 -0.705 -0.677 -0.658 -0.645 -0.633 -0.613 -0.582 -0.545 -0.494 -0.435 -0.375 -0.334 -0.294 -0.238 -0.188 -0.126 -0.066
-0.25 -0.238 -0.221 -0.208 -0.207 -0.211 -0.217 -0.228 -0.242 -0.262 -0.289 -0.304 -0.309 -0.315 -0.317 -0.323 -0.332 -0.339 -0.351 -0.361 -0.368 -0.375 -0.39 -0.408 -0.427 -0.448 -0.465 -0.481 -0.493 -0.504 -0.513 -0.524 -0.538 -0.559 -0.585 -0.614 -0.647 -0.672 -0.688 -0.699 -0.704 -0.704 -0.702 -0.701 -0.706 -0.719 -0.738 -0.755 -0.772 -0.789 -0.798 -0.809 -0.82 -0.823 -0.819 -0.818 -0.816 -0.797 -0.758 -0.715 -0.669 -0.632 -0.62 -0.619 -0.624 -0.616 -0.583 -0.555 -0.508 -0.438 -0.368 -0.321 -0.28 -0.219 -0.158 -0.11 -0.039
-0.25 -0.234 -0.214 -0.198 -0.191 -0.188 -0.2 -0.208 -0.219 -0.244 -0.27 -0.288 -0.291 -0.292 -0.294 -0.3 -0.314 -0.319 -0.328 -0.338 -0.345 -0.354 -0.368 -0.385 -0.403 -0.423 -0.441 -0.457 -0.469 -0.477 -0.482 -0.49 -0.504 -0.525 -0.553 -0.584 -0.618 -0.647 -0.671 -0.691 -0.702 -0.705 -0.702 -0.702 -0.706 -0.718 -0.733 -0.748 -0.763 -0.777 -0.789 -0.8 -0.811 -0.813 -0.811 -0.815 -0.813 -0.79 -0.738 -0.679 -0.619 -0.573 -0.565 -0.579 -0.606 -0.615 -0.586 -0.552 -0.512 -0.431 -0.36 -0.311 -0.259 -0.205 -0.136 -0.086 -0.023
-0.249 -0.232 -0.211 -0.19 -0.171 -0.157 -0.169 -0.173 -0.187 -0.218 -0.243 -0.264 -0.267 -0.268 -0.275 -0.287 -0.298 -0.299 -0.305 -0.315 -0.328 -0.337 -0.348 -0.363 -0.379 -0.4 -0.418 -0.433 -0.443 -0.447 -0.448 -0.455 -0.467 -0.49 -0.519 -0.552 -0.585 -0.616 -0.643 -0.672 -0.692 -0.701 -0.704 -0.705 -0.712 -0.72 -0.727 -0.734 -0.744 -0.756 -0.77 -0.783 -0.794 -0.801 -0.805 -0.811 -0.808 -0.783 -0.724 -0.649 -0.567 -0.514 -0.513 -0.541 -0.583 -0.611 -0.598 -0.556 -0.516 -0.442 -0.375 -0.309 -0.252 -0.2 -0.124 -0.062 0.004
-0.252 -0.232 -0.209 -0.182 -0.15 -0.127 -0.126 -0.125 -0.144 -0.176 -0.202 -0.225 -0.239 -0.25 -0.258 -0.268 -0.276 -0.286 -0.295 -0.304 -0.316 -0.328 -0.336 -0.347 -0.362 -0.382 -0.398 -0.409 -0.416 -0.414 -0.415 -0.421 -0.434 -0.459 -0.489 -0.523 -0.557 -0.59 -0.62 -0.652 -0.677 -0.692 -0.699 -0.706 -0.711 -0.712 -0.709 -0.708 -0.714 -0.724 -0.74 -0.756 -0.77 -0.782 -0.794 -0.801 -0.8 -0.773 -0.711 -0.622 -0.526 -0.474 -0.471 -0.504 -0.562 -0.608 -0.615 -0.576 -0.529 -0.464 -0.39 -0.32 -0.264 -0.207 -0.153 -0.083 -0.014
-0.249 -0.232 -0.21 -0.176 -0.131 -0.092 -0.075 -0.071 -0.091 -0.12 -0.148 -0.171 -0.194 -0.221 -0.231 -0.239 -0.251 -0.264 -0.28 -0.291 -0.299 -0.316 -0.33 -0.339 -0.351 -0.368 -0.383 -0.386 -0.385 -0.382 -0.383 -0.391 -0.408 -0.435 -0.467 -0.501 -0.536 -0.57 -0.604 -0.636 -0.66 -0.676 -0.687 -0.696 -0.698 -0.69 -0.681 -0.678 -0.679 -0.684 -0.697 -0.716 -0.736 -0.754 -0.772 -0.785 -0.787 -0.76 -0.694 -0.596 -0.497 -0.445 -0.452 -0.498 -0.558 -0.608 -0.631 -0.614 -0.567 -0.505 -0.437 -0.378 -0.308 -0.241 -0.208 -0.153 -0.095
-0.242 -0.227 -0.207 -0.166 -0.111 -0.058 -0.027 -0.016 -0.034 -0.062 -0.094 -0.123 -0.151 -0.179 -0.204 -0.21 -0.223 -0.24 -0.261 -0.273 -0.284 -0.303 -0.323 -0.335 -0.347 -0.361 -0.369 -0.364 -0.357 -0.352 -0.353 -0.365 -0.387 -0.42 -0.454 -0.487 -0.523 -0.558 -0.591 -0.619 -0.642 -0.657 -0.667 -0.674 -0.673 -0.664 -0.656 -0.649 -0.647 -0.65 -0.661 -0.678 -0.699 -0.725 -0.748 -0.767 -0.771 -0.743 -0.677 -0.584 -0.49 -0.439 -0.456 -0.514 -0.573 -0.613 -0.643 -0.629 -0.598 -0.55 -0.498 -0.446 -0.383 -0.322 -0.284 -0.241 -0.187
-0.229 -0.22 -0.199 -0.154 -0.094 -0.032 0.013 0.033 0.021 -0.007 -0.044 -0.078 -0.107 -0.137 -0.175 -0.186 -0.201 -0.219 -0.245 -0.257 -0.271 -0.294 -0.315 -0.329 -0.343 -0.355 -0.356 -0.344 -0.335 -0.325 -0.327 -0.342 -0.369 -0.405 -0.442 -0.477 -0.511 -0.544 -0.574 -0.6 -0.62 -0.633 -0.64 -0.644 -0.643 -0.638 -0.633 -0.629 -0.627 -0.632 -0.645 -0.664 -0.685 -0.707 -0.73 -0.751 -0.756 -0.723 -0.664 -0.582 -0.499 -0.463 -0.487 -0.542 -0.589 -0.629 -0.656 -0.637 -0.607 -0.561 -0.52 -0.487 -0.439 -0.396 -0.342 -0.297 -0.242
-0.202 -0.203 -0.185 -0.139 -0.08 -0.013 0.038 0.066 0.062 0.034 -0.005 -0.038 -0.067 -0.103 -0.148 -0.171 -0.184 -0.205 -0.232 -0.242 -0.26 -0.283 -0.305 -0.321 -0.336 -0.347 -0.343 -0.33 -0.314 -0.301 -0.301 -0.321 -0.354 -0.394 -0.434 -0.471 -0.504 -0.534 -0.558 -0.578 -0.594 -0.604 -0.61 -0.613 -0.614 -0.616 -0.617 -0.622 -0.629 -0.641 -0.661 -0.683 -0.701 -0.713 -0.726 -0.744 -0.744 -0.707 -0.654 -0.587 -0.525 -0.51 -0.536 -0.577 -0.616 -0.649 -0.668 -0.652 -0.618 -0.571 -0.53 -0.509 -0.454 -0.418 -0.363 -0.312 -0.269
-0.174 -0.182 -0.172 -0.13 -0.074 -0.009 0.048 0.08 0.081 0.056 0.02 -0.011 -0.042 -0.079 -0.124 -0.161 -0.176 -0.199 -0.221 -0.234 -0.254 -0.275 -0.298 -0.313 -0.329 -0.336 -0.329 -0.315 -0.296 -0.282 -0.281 -0.303 -0.339 -0.382 -0.424 -0.464 -0.497 -0.524 -0.544 -0.56 -0.571 -0.579 -0.583 -0.586 -0.591 -0.599 -0.612 -0.629 -0.648 -0.669 -0.695 -0.719 -0.734 -0.739 -0.742 -0.746 -0.733 -0.694 -0.647 -0.592 -0.552 -0.551 -0.578 -0.609 -0.64 -0.661 -0.67 -0.656 -0.632 -0.585 -0.543 -0.52 -0.468 -0.421 -0.385 -0.324 -0.27
-0.148 -0.164 -0.159 -0.124 -0.077 -0.017 0.039 0.072 0.077 0.056 0.024 -0.003 -0.035 -0.072 -0.112 -0.154 -0.183 -0.204 -0.22 -0.238 -0.26 -0.281 -0.302 -0.317 -0.328 -0.329 -0.321 -0.305 -0.284 -0.269 -0.266 -0.285 -0.319 -0.361 -0.404 -0.447 -0.482 -0.506 -0.525 -0.539 -0.55 -0.557 -0.562 -0.566 -0.577 -0.594 -0.618 -0.646 -0.676 -0.705 -0.732 -0.752 -0.763 -0.765 -0.758 -0.741 -0.718 -0.68 -0.637 -0.595 -0.568 -0.57 -0.598 -0.633 -0.657 -0.669 -0.662 -0.647 -0.632 -0.596 -0.549 -0.527 -0.482 -0.425 -0.391 -0.339 -0.273
-0.119 -0.143 -0.147 -0.12 -0.086 -0.035 0.016 0.047 0.054 0.037 0.013 -0.015 -0.048 -0.082 -0.117 -0.155 -0.192 -0.214 -0.229 -0.248 -0.27 -0.289 -0.306 -0.321 -0.329 -0.329 -0.319 -0.299 -0.277 -0.26 -0.252 -0.264 -0.291 -0.33 -0.37 -0.413 -0.45 -0.477 -0.5 -0.517 -0.532 -0.544 -0.549 -0.553 -0.568 -0.595 -0.628 -0.665 -0.701 -0.734 -0.76 -0.78 -0.788 -0.784 -0.767 -0.739 -0.705 -0.662 -0.62 -0.585 -0.569 -0.575 -0.602 -0.641 -0.651 -0.655 -0.645 -0.631 -0.622 -0.594 -0.546 -0.525 -0.482 -0.423 -0.386 -0.331 -0.259
-0.094 -0.118 -0.136 -0.119 -0.096 -0.051 -0.009 0.016 0.024 0.011 -0.011 -0.039 -0.071 -0.104 -0.138 -0.168 -0.197 -0.215 -0.231 -0.251 -0.271 -0.287 -0.302 -0.313 -0.32 -0.319 -0.307 -0.285 -0.265 -0.249 -0.237 -0.242 -0.262 -0.295 -0.333 -0.376 -0.418 -0.453 -0.481 -0.502 -0.518 -0.531 -0.538 -0.543 -0.56 -0.591 -0.628 -0.675 -0.716 -0.752 -0.778 -0.798 -0.805 -0.797 -0.777 -0.744 -0.7 -0.649 -0.601 -0.571 -0.562 -0.572 -0.601 -0.628 -0.626 -0.627 -0.614 -0.61 -0.598 -0.571 -0.533 -0.503 -0.462 -0.403 -0.365 -0.296 -0.216
-0.07 -0.093 -0.12 -0.115 -0.092 -0.058 -0.028 -0.007 -0.003 -0.017 -0.039 -0.066 -0.091 -0.119 -0.148 -0.171 -0.191 -0.208 -0.227 -0.245 -0.262 -0.276 -0.286 -0.291 -0.292 -0.287 -0.28 -0.26 -0.246 -0.234 -0.224 -0.225 -0.236 -0.263 -0.302 -0.347 -0.394 -0.438 -0.475 -0.504 -0.518 -0.53 -0.538 -0.549 -0.565 -0.591 -0.626 -0.673 -0.715 -0.754 -0.782 -0.803 -0.81 -0.801 -0.781 -0.746 -0.7 -0.647 -0.594 -0.56 -0.549 -0.555 -0.585 -0.595 -0.591 -0.583 -0.57 -0.571 -0.543 -0.518 -0.484 -0.448 -0.396 -0.337 -0.307 -0.236 -0.144
-0.038 -0.066 -0.082 -0.089 -0.071 -0.054 -0.038 -0.024 -0.024 -0.037 -0.056 -0.079 -0.097 -0.114 -0.137 -0.158 -0.178 -0.195 -0.213 -0.231 -0.247 -0.257 -0.262 -0.267 -0.267 -0.259 -0.251 -0.235 -0.228 -0.222 -0.217 -0.215 -0.224 -0.248 -0.285 -0.333 -0.386 -0.439 -0.492 -0.526 -0.542 -0.552 -0.557 -0.559 -0.565 -0.586 -0.623 -0.661 -0.698 -0.739 -0.77 -0.792 -0.8 -0.792 -0.773 -0.742 -0.699 -0.648 -0.596 -0.556 -0.533 -0.532 -0.552 -0.554 -0.537 -0.524 -0.512 -0.506 -0.461 -0.435 -0.388 -0.351 -0.312 -0.252 -0.215 -0.176 -0.084
0.013 -0.003 -0.021 -0.038 -0.042 -0.041 -0.033 -0.025 -0.023 -0.032 -0.044 -0.058 -0.072 -0.092 -0.112 -0.131 -0.152 -0.171 -0.19 -0.208 -0.223 -0.239 -0.25 -0.251 -0.246 -0.24 -0.234 -0.225 -0.224 -0.228 -0.229 -0.231 -0.239 -0.26 -0.294 -0.343 -0.401 -0.466 -0.52 -0.551 -0.567 -0.57 -0.569 -0.564 -0.565 -0.582 -0.618 -0.649 -0.679 -0.712 -0.74 -0.765 -0.77 -0.764 -0.752 -0.729 -0.693 -0.643 -0.588 -0.537 -0.5 -0.49 -0.488 -0.486 -0.463 -0.441 -0.425 -0.417 -0.374 -0.329 -0.28 -0.257 -0.216 -0.148 -0.112 -0.085 -0.031
0.109 0.087 0.057 0.022 -0.003 -0.015 -0.012 0.002 0.006 0.004 -0.004 -0.019 -0.037 -0.051 -0.067 -0.091 -0.115 -0.141 -0.165 -0.185 -0.203 -0.229 -0.247 -0.255 -0.257 -0.252 -0.243 -0.246 -0.257 -0.269 -0.275 -0.281 -0.291 -0.312 -0.346 -0.393 -0.448 -0.511 -0.557 -0.578 -0.595 -0.599 -0.594 -0.583 -0.578 -0.587 -0.612 -0.637 -0.663 -0.685 -0.704 -0.728 -0.729 -0.726 -0.717 -0.701 -0.669 -0.625 -0.574 -0.512 -0.46 -0.426 -0.399 -0.388 -0.354 -0.328 -0.324 -0.304 -0.253 -0.201 -0.153 -0.133 -0.093 -0.049 0.002 0.011 0.02
0.204 0.167 0.115 0.063 0.023 0.003 0.01 0.029 0.036 0.039 0.027 0.02 0.003 -0.011 -0.033 -0.055 -0.085 -0.116 -0.147 -0.178 -0.208 -0.238 -0.273 -0.29 -0.29 -0.28 -0.276 -0.29 -0.32 -0.34 -0.347 -0.358 -0.372 -0.396 -0.432 -0.476 -0.522 -0.569 -0.605 -0.628 -0.638 -0.636 -0.626 -0.611 -0.598 -0.597 -0.61 -0.629 -0.644 -0.655 -0.664 -0.678 -0.675 -0.67 -0.671 -0.659 -0.631 -0.599 -0.555 -0.493 -0.427 -0.363 -0.313 -0.292 -0.255 -0.224 -0.203 -0.188 -0.135 -0.091 -0.035 0.005 0.026 0.06 0.066 0.052 0.033
0.269 0.219 0.153 0.087 0.039 0.018 0.022 0.035 0.042 0.038 0.026 0.015 0.005 -0.013 -0.041 -0.06 -0.09 -0.123 -0.154 -0.194 -0.229 -0.267 -0.305 -0.325 -0.309 -0.304 -0.318 -0.348 -0.387 -0.414 -0.428 -0.444 -0.463 -0.485 -0.515 -0.549 -0.583 -0.616 -0.644 -0.665 -0.675 -0.673 -0.658 -0.637 -0.617 -0.611 -0.619 -0.629 -0.635 -0.634 -0.62 -0.608 -0.601 -0.603 -0.604 -0.595 -0.578 -0.555 -0.515 -0.457 -0.384 -0.314 -0.271 -0.249 -0.213 -0.159 -0.112 -0.099 -0.061 -0.016 0.046 0.104 0.116 0.121 0.116 0.097 0.043
0.267 0.208 0.132 0.059 0.013 -0.007 0.001 -0.001 0 -0.018 -0.03 -0.026 -0.035 -0.055 -0.081 -0.096 -0.122 -0.145 -0.163 -0.177 -0.212 -0.258 -0.306 -0.337 -0.335 -0.34 -0.372 -0.41 -0.44 -0.471 -0.492 -0.507 -0.524 -0.541 -0.567 -0.595 -0.619 -0.642 -0.665 -0.681 -0.689 -0.686 -0.672 -0.651 -0.629 -0.62 -0.623 -0.629 -0.627 -0.604 -0.574 -0.539 -0.514 -0.496 -0.491 -0.489 -0.492 -0.479 -0.452 -0.415 -0.365 -0.314 -0.272 -0.244 -0.203 -0.144 -0.078 -0.041 -0.015 0.033 0.085 0.13 0.125 0.103 0.085 0.043 -0.009
0.216 0.151 0.094 0.045 0.004 -0.028 -0.03 -0.037 -0.049 -0.069 -0.075 -0.075 -0.078 -0.083 -0.101 -0.112 -0.124 -0.136 -0.143 -0.166 -0.209 -0.253 -0.31 -0.328 -0.345 -0.375 -0.42 -0.454 -0.483 -0.512 -0.535 -0.549 -0.56 -0.574 -0.596 -0.616 -0.631 -0.645 -0.666 -0.68 -0.683 -0.675 -0.657 -0.634 -0.607 -0.59 -0.591 -0.599 -0.596 -0.567 -0.521 -0.469 -0.42 -0.385 -0.368 -0.375 -0.389 -0.396 -0.395 -0.378 -0.349 -0.314 -0.282 -0.264 -0.233 -0.158 -0.078 -0.025 0.002 0.046 0.086 0.096 0.09 0.053 0.003 -0.052 -0.105
0.143 0.101 0.091 0.062 0.035 0.002 -0.01 -0.019 -0.045 -0.071 -0.073 -0.075 -0.074 -0.078 -0.097 -0.107 -0.121 -0.134 -0.15 -0.183 -0.224 -0.262 -0.296 -0.316 -0.35 -0.398 -0.442 -0.478 -0.505 -0.53 -0.551 -0.565 -0.575 -0.587 -0.6 -0.611 -0.62 -0.629 -0.648 -0.66 -0.656 -0.642 -0.616 -0.581 -0.546 -0.524 -0.527 -0.538 -0.536 -0.512 -0.463 -0.399 -0.338 -0.291 -0.268 -0.281 -0.303 -0.325 -0.341 -0.346 -0.332 -0.314 -0.292 -0.278 -0.267 -0.185 -0.113 -0.054 -0.013 0.025 0.04 0.033 -0.001 -0.047 -0.097 -0.138 -0.164
0.096 0.093 0.092 0.078 0.068 0.061 0.045 0.019 -0.018 -0.047 -0.057 -0.065 -0.073 -0.089 -0.102 -0.124 -0.147 -0.166 -0.184 -0.203 -0.222 -0.244 -0.274 -0.312 -0.349 -0.391 -0.435 -0.476 -0.497 -0.518 -0.536 -0.549 -0.557 -0.565 -0.574 -0.58 -0.586 -0.594 -0.609 -0.626 -0.62 -0.604 -0.565 -0.511 -0.464 -0.439 -0.442 -0.455 -0.456 -0.436 -0.385 -0.322 -0.257 -0.206 -0.189 -0.211 -0.244 -0.29 -0.331 -0.362 -0.357 -0.344 -0.338 -0.327 -0.318 -0.241 -0.159 -0.09 -0.048 -0.042 -0.066 -0.093 -0.132 -0.164 -0.191 -0.202 -0.194
0.095 0.101 0.099 0.098 0.103 0.104 0.082 0.042 0.002 -0.041 -0.056 -0.052 -0.069 -0.103 -0.116 -0.144 -0.166 -0.18 -0.192 -0.195 -0.201 -0.226 -0.264 -0.301 -0.333 -0.368 -0.416 -0.461 -0.474 -0.493 -0.509 -0.515 -0.517 -0.521 -0.525 -0.529 -0.536 -0.542 -0.561 -0.584 -0.586 -0.56 -0.507 -0.438 -0.378 -0.347 -0.347 -0.366 -0.372 -0.351 -0.306 -0.252 -0.189 -0.145 -0.138 -0.175 -0.227 -0.289 -0.342 -0.382 -0.386 -0.379 -0.379 -0.376 -0.344 -0.272 -0.181 -0.137 -0.128 -0.15 -0.179 -0.21 -0.239 -0.261 -0.276 -0.272 -0.259
0.115 0.111 0.113 0.125 0.141 0.143 0.116 0.066 0.015 -0.037 -0.062 -0.052 -0.06 -0.078 -0.1 -0.125 -0.131 -0.146 -0.159 -0.174 -0.193 -0.22 -0.249 -0.281 -0.317 -0.359 -0.409 -0.453 -0.463 -0.476 -0.486 -0.482 -0.475 -0.472 -0.47 -0.471 -0.478 -0.488 -0.514 -0.542 -0.547 -0.512 -0.45 -0.375 -0.311 -0.275 -0.269 -0.287 -0.295 -0.274 -0.239 -0.191 -0.138 -0.107 -0.118 -0.169 -0.227 -0.282 -0.327 -0.354 -0.359 -0.355 -0.351 -0.36 -0.328 -0.277 -0.231 -0.221 -0.226 -0.24 -0.264 -0.296 -0.324 -0.342 -0.349 -0.347 -0.335
0.148 0.136 0.141 0.165 0.184 0.179 0.13 0.06 0.001 -0.04 -0.049 -0.021 0.001 0.001 -0.019 -0.052 -0.077 -0.11 -0.135 -0.159 -0.183 -0.204 -0.229 -0.262 -0.3 -0.345 -0.39 -0.436 -0.442 -0.446 -0.442 -0.43 -0.42 -0.412 -0.408 -0.408 -0.417 -0.438 -0.469 -0.504 -0.495 -0.462 -0.406 -0.338 -0.277 -0.24 -0.227 -0.23 -0.223 -0.196 -0.165 -0.126 -0.095 -0.084 -0.115 -0.168 -0.209 -0.242 -0.264 -0.269 -0.258 -0.245 -0.249 -0.299 -0.317 -0.308 -0.311 -0.313 -0.309 -0.315 -0.334 -0.36 -0.385 -0.401 -0.4 -0.39 -0.363
0.18 0.168 0.176 0.203 0.213 0.194 0.12 0.058 0.003 -0.016 0.003 0.043 0.072 0.074 0.052 0.013 -0.036 -0.079 -0.115 -0.139 -0.161 -0.183 -0.206 -0.237 -0.275 -0.319 -0.362 -0.4 -0.402 -0.389 -0.371 -0.35 -0.337 -0.332 -0.336 -0.346 -0.366 -0.395 -0.429 -0.459 -0.443 -0.415 -0.371 -0.315 -0.264 -0.228 -0.201 -0.175 -0.153 -0.129 -0.103 -0.08 -0.07 -0.083 -0.11 -0.131 -0.15 -0.166 -0.167 -0.156 -0.141 -0.14 -0.166 -0.246 -0.317 -0.35 -0.374 -0.379 -0.373 -0.376 -0.388 -0.409 -0.429 -0.437 -0.429 -0.402 -0.363
0.206 0.194 0.201 0.225 0.237 0.211 0.125 0.058 0.024 0.022 0.056 0.102 0.131 0.131 0.1 0.05 -0.005 -0.054 -0.091 -0.116 -0.14 -0.162 -0.185 -0.215 -0.259 -0.308 -0.347 -0.369 -0.362 -0.332 -0.296 -0.263 -0.247 -0.254 -0.276 -0.302 -0.335 -0.375 -0.403 -0.414 -0.397 -0.365 -0.319 -0.266 -0.225 -0.189 -0.15 -0.12 -0.105 -0.084 -0.065 -0.046 -0.043 -0.051 -0.059 -0.082 -0.091 -0.098 -0.094 -0.089 -0.104 -0.128 -0.171 -0.251 -0.321 -0.373 -0.41 -0.42 -0.414 -0.424 -0.433 -0.448 -0.457 -0.457 -0.442 -0.408 -0.361
0.228 0.211 0.216 0.245 0.263 0.243 0.148 0.078 0.057 0.058 0.1 0.149 0.177 0.167 0.127 0.072 0.015 -0.035 -0.073 -0.1 -0.12 -0.137 -0.157 -0.191 -0.241 -0.294 -0.327 -0.341 -0.321 -0.27 -0.211 -0.176 -0.165 -0.186 -0.22 -0.262 -0.313 -0.352 -0.36 -0.347 -0.317 -0.273 -0.216 -0.164 -0.135 -0.122 -0.094 -0.083 -0.065 -0.032 -0.003 0.015 0.02 0.005 -0.029 -0.066 -0.081 -0.094 -0.105 -0.117 -0.137 -0.162 -0.216 -0.279 -0.34 -0.394 -0.436 -0.446 -0.45 -0.462 -0.465 -0.47 -0.468 -0.46 -0.434 -0.394 -0.355
0.237 0.222 0.232 0.263 0.279 0.251 0.147 0.077 0.071 0.088 0.137 0.184 0.2 0.182 0.135 0.076 0.018 -0.03 -0.066 -0.086 -0.099 -0.113 -0.135 -0.174 -0.222 -0.27 -0.307 -0.315 -0.282 -0.222 -0.153 -0.119 -0.118 -0.149 -0.193 -0.236 -0.272 -0.298 -0.279 -0.249 -0.203 -0.152 -0.099 -0.058 -0.04 -0.051 -0.049 -0.034 -0.007 0.032 0.058 0.059 0.032 -0.01 -0.056 -0.091 -0.114 -0.134 -0.151 -0.172 -0.205 -0.235 -0.277 -0.323 -0.373 -0.418 -0.451 -0.463 -0.478 -0.48 -0.478 -0.473 -0.465 -0.449 -0.414 -0.381 -0.349
0.239 0.23 0.245 0.276 0.288 0.25 0.147 0.088 0.094 0.11 0.154 0.195 0.201 0.173 0.119 0.055 0.001 -0.041 -0.07 -0.083 -0.086 -0.09 -0.107 -0.148 -0.209 -0.267 -0.314 -0.326 -0.289 -0.232 -0.176 -0.149 -0.149 -0.169 -0.196 -0.219 -0.243 -0.236 -0.201 -0.156 -0.103 -0.051 -0.001 0.021 0.023 0.018 0.023 0.036 0.049 0.069 0.077 0.063 0.007 -0.054 -0.109 -0.151 -0.186 -0.22 -0.245 -0.268 -0.292 -0.314 -0.341 -0.373 -0.411 -0.441 -0.463 -0.478 -0.489 -0.485 -0.47 -0.45 -0.449 -0.432 -0.388 -0.364 -0.327
