data/climatemaps/RS_maps/climate_breeding_pr_2004.asc
NCOLS 369 
NROWS 228 
XLLCORNER 479000 
YLLCORNER 73000 
CELLSIZE 1000 
NODATA_value -9 
[rows 33 to 65 of 228, columns 228 to 303 of 369]
-1.131 -1.13 -1.136 -1.127 -1.104 -1.067 -1.019 -0.956 -0.879 -0.808 -0.773 -0.781 -0.819 -0.868 -0.906 -0.932 -0.947 -0.954 -0.95 -0.942 -0.931 -0.919 -0.903 -0.882 -0.854 -0.825 -0.794 -0.751 -0.711 -0.683 -0.669 -0.664 -0.663 -0.664 -0.662 -0.661 -0.662 -0.663 -0.666 -0.669 -0.67 -0.667 -0.661 -0.653 -0.643 -0.63 -0.614 -0.596 -0.575 -0.553 -0.532 -0.511 -0.492 -0.474 -0.457 -0.438 -0.415 -0.382 -0.339 -0.289 -0.238 -0.192 -0.158 -0.132 -0.111 -0.081 -0.024 0.112 0.393 -9 -9 -9 -9 -9 -9 -9
-1.067 -1.07 -1.09 -1.097 -1.084 -1.053 -1.014 -0.951 -0.875 -0.804 -0.769 -0.779 -0.807 -0.832 -0.853 -0.866 -0.861 -0.858 -0.863 -0.865 -0.86 -0.866 -0.86 -0.845 -0.824 -0.792 -0.752 -0.705 -0.662 -0.628 -0.616 -0.613 -0.612 -0.615 -0.616 -0.62 -0.624 -0.627 -0.63 -0.632 -0.635 -0.636 -0.633 -0.628 -0.621 -0.611 -0.598 -0.581 -0.563 -0.543 -0.523 -0.505 -0.487 -0.47 -0.454 -0.435 -0.412 -0.378 -0.335 -0.282 -0.229 -0.181 -0.144 -0.116 -0.096 -0.071 -0.016 0.137 0.428 0.775 -9 -9 -9 -9 -9 -9
-0.998 -1.009 -1.029 -1.058 -1.068 -1.052 -1.019 -0.954 -0.883 -0.834 -0.82 -0.816 -0.82 -0.82 -0.812 -0.791 -0.763 -0.75 -0.747 -0.764 -0.771 -0.78 -0.782 -0.778 -0.765 -0.741 -0.696 -0.655 -0.619 -0.592 -0.577 -0.567 -0.562 -0.565 -0.569 -0.573 -0.579 -0.584 -0.587 -0.591 -0.595 -0.598 -0.599 -0.598 -0.595 -0.588 -0.578 -0.564 -0.548 -0.531 -0.513 -0.496 -0.48 -0.465 -0.449 -0.431 -0.407 -0.374 -0.328 -0.274 -0.219 -0.168 -0.128 -0.098 -0.078 -0.053 0.001 0.165 0.469 0.799 -9 -9 -9 -9 -9 -9
-0.93 -0.947 -0.976 -1.017 -1.047 -1.049 -1.031 -0.992 -0.944 -0.904 -0.876 -0.85 -0.829 -0.804 -0.759 -0.705 -0.662 -0.639 -0.633 -0.644 -0.655 -0.67 -0.676 -0.67 -0.669 -0.674 -0.641 -0.604 -0.577 -0.561 -0.547 -0.531 -0.519 -0.518 -0.523 -0.526 -0.534 -0.541 -0.548 -0.551 -0.555 -0.557 -0.56 -0.563 -0.563 -0.56 -0.553 -0.542 -0.53 -0.515 -0.499 -0.485 -0.47 -0.456 -0.442 -0.425 -0.401 -0.367 -0.321 -0.266 -0.208 -0.155 -0.112 -0.079 -0.055 -0.03 0.026 0.177 0.492 0.792 0.97 -9 -9 -9 -9 -9
-0.851 -0.874 -0.928 -0.977 -1.011 -1.024 -1.019 -1.002 -0.975 -0.938 -0.903 -0.868 -0.832 -0.777 -0.709 -0.638 -0.568 -0.523 -0.52 -0.533 -0.545 -0.556 -0.563 -0.57 -0.572 -0.588 -0.592 -0.557 -0.541 -0.533 -0.515 -0.495 -0.479 -0.47 -0.47 -0.471 -0.478 -0.486 -0.496 -0.505 -0.511 -0.515 -0.518 -0.522 -0.525 -0.525 -0.522 -0.515 -0.504 -0.492 -0.479 -0.467 -0.454 -0.443 -0.43 -0.414 -0.391 -0.358 -0.312 -0.256 -0.197 -0.141 -0.095 -0.057 -0.029 -0.001 0.062 0.209 0.499 0.737 0.855 0.974 -9 -9 -9 -9
-0.779 -0.822 -0.882 -0.926 -0.96 -0.985 -0.996 -0.985 -0.96 -0.933 -0.908 -0.879 -0.826 -0.756 -0.67 -0.585 -0.508 -0.45 -0.445 -0.453 -0.457 -0.466 -0.474 -0.488 -0.495 -0.51 -0.541 -0.529 -0.523 -0.498 -0.466 -0.443 -0.432 -0.421 -0.414 -0.409 -0.411 -0.418 -0.428 -0.439 -0.449 -0.459 -0.467 -0.472 -0.479 -0.483 -0.484 -0.48 -0.472 -0.461 -0.451 -0.44 -0.429 -0.419 -0.41 -0.396 -0.375 -0.343 -0.298 -0.244 -0.184 -0.127 -0.078 -0.037 -0.004 0.029 0.098 0.251 0.459 0.636 0.76 0.88 -9 -9 -9 -9
-0.734 -0.772 -0.822 -0.862 -0.892 -0.933 -0.95 -0.95 -0.939 -0.923 -0.902 -0.872 -0.818 -0.733 -0.654 -0.559 -0.473 -0.435 -0.427 -0.403 -0.405 -0.41 -0.416 -0.436 -0.441 -0.454 -0.494 -0.504 -0.478 -0.439 -0.405 -0.377 -0.365 -0.349 -0.344 -0.34 -0.341 -0.349 -0.359 -0.367 -0.378 -0.39 -0.398 -0.408 -0.423 -0.434 -0.439 -0.437 -0.428 -0.418 -0.408 -0.4 -0.393 -0.386 -0.379 -0.368 -0.348 -0.319 -0.277 -0.225 -0.168 -0.11 -0.06 -0.017 0.019 0.054 0.114 0.233 0.393 0.575 0.763 0.956 -9 -9 -9 -9
-0.647 -0.673 -0.727 -0.79 -0.826 -0.841 -0.866 -0.887 -0.896 -0.895 -0.886 -0.858 -0.811 -0.729 -0.643 -0.563 -0.494 -0.455 -0.44 -0.411 -0.414 -0.414 -0.412 -0.418 -0.414 -0.427 -0.464 -0.464 -0.424 -0.394 -0.359 -0.323 -0.294 -0.262 -0.251 -0.257 -0.278 -0.291 -0.299 -0.307 -0.314 -0.324 -0.33 -0.341 -0.36 -0.375 -0.379 -0.378 -0.365 -0.348 -0.332 -0.33 -0.337 -0.337 -0.338 -0.329 -0.31 -0.285 -0.247 -0.199 -0.145 -0.09 -0.04 0.003 0.04 0.075 0.126 0.225 0.409 0.645 0.877 1.076 -9 -9 -9 -9
-0.537 -0.58 -0.63 -0.694 -0.738 -0.753 -0.772 -0.803 -0.83 -0.847 -0.849 -0.831 -0.789 -0.715 -0.639 -0.583 -0.524 -0.5 -0.494 -0.47 -0.465 -0.453 -0.431 -0.414 -0.414 -0.433 -0.446 -0.43 -0.394 -0.362 -0.321 -0.271 -0.22 -0.165 -0.142 -0.151 -0.187 -0.234 -0.254 -0.258 -0.26 -0.265 -0.268 -0.282 -0.298 -0.306 -0.302 -0.292 -0.261 -0.229 -0.211 -0.229 -0.262 -0.272 -0.277 -0.273 -0.261 -0.24 -0.208 -0.165 -0.115 -0.064 -0.016 0.026 0.062 0.094 0.139 0.239 0.439 0.686 0.936 1.126 1.142 -9 -9 -9
-0.448 -0.473 -0.524 -0.559 -0.628 -0.667 -0.692 -0.731 -0.758 -0.789 -0.796 -0.779 -0.751 -0.702 -0.65 -0.604 -0.569 -0.559 -0.545 -0.523 -0.501 -0.471 -0.447 -0.43 -0.436 -0.437 -0.422 -0.393 -0.359 -0.327 -0.282 -0.215 -0.135 -0.065 -0.031 -0.036 -0.097 -0.174 -0.213 -0.21 -0.205 -0.201 -0.203 -0.223 -0.229 -0.218 -0.2 -0.171 -0.123 -0.097 -0.107 -0.142 -0.168 -0.172 -0.17 -0.172 -0.173 -0.177 -0.159 -0.124 -0.081 -0.033 0.012 0.052 0.084 0.112 0.15 0.225 0.402 0.668 0.936 1.111 1.131 -9 -9 -9
-0.375 -0.392 -0.432 -0.46 -0.51 -0.571 -0.63 -0.671 -0.707 -0.734 -0.722 -0.708 -0.696 -0.672 -0.645 -0.625 -0.603 -0.578 -0.555 -0.536 -0.515 -0.487 -0.465 -0.447 -0.428 -0.399 -0.38 -0.353 -0.32 -0.293 -0.244 -0.162 -0.075 0.006 0.058 0.046 -0.028 -0.129 -0.166 -0.141 -0.145 -0.141 -0.146 -0.164 -0.139 -0.108 -0.087 -0.046 -0.006 -0.005 -0.027 -0.041 -0.05 -0.05 -0.036 -0.039 -0.053 -0.076 -0.086 -0.08 -0.044 0 0.042 0.078 0.106 0.127 0.158 0.22 0.374 0.611 0.858 1.036 1.164 -9 -9 -9
-0.385 -0.344 -0.389 -0.386 -0.427 -0.477 -0.522 -0.582 -0.642 -0.668 -0.647 -0.642 -0.629 -0.62 -0.608 -0.599 -0.573 -0.543 -0.518 -0.5 -0.486 -0.466 -0.444 -0.412 -0.37 -0.343 -0.334 -0.32 -0.3 -0.268 -0.212 -0.133 -0.045 0.031 0.078 0.053 -0.008 -0.097 -0.117 -0.088 -0.101 -0.085 -0.091 -0.087 -0.041 -0.014 0.005 0.041 0.077 0.086 0.062 0.046 0.041 0.027 0.058 0.059 0.021 -0.008 -0.041 -0.043 -0.01 0.032 0.071 0.102 0.125 0.14 0.164 0.223 0.404 0.648 0.89 1.103 1.269 -9 -9 -9
-0.409 -0.352 -0.359 -0.308 -0.326 -0.367 -0.421 -0.49 -0.568 -0.594 -0.581 -0.57 -0.549 -0.544 -0.535 -0.541 -0.521 -0.49 -0.454 -0.415 -0.412 -0.4 -0.379 -0.349 -0.312 -0.296 -0.286 -0.28 -0.275 -0.242 -0.19 -0.122 -0.035 0.025 0.08 0.045 -0.02 -0.097 -0.09 -0.076 -0.068 -0.028 -0.007 -0.017 0.014 0.025 0.069 0.116 0.16 0.166 0.142 0.122 0.114 0.08 0.088 0.065 0.005 -0.034 -0.04 -0.019 0.018 0.058 0.094 0.121 0.14 0.15 0.17 0.228 0.423 0.712 0.986 1.207 1.341 -9 -9 -9
-0.423 -0.371 -0.325 -0.257 -0.238 -0.263 -0.332 -0.405 -0.479 -0.496 -0.488 -0.471 -0.452 -0.452 -0.445 -0.465 -0.466 -0.432 -0.39 -0.351 -0.329 -0.304 -0.282 -0.275 -0.257 -0.241 -0.229 -0.231 -0.231 -0.204 -0.164 -0.116 -0.054 0 0.009 -0.021 -0.072 -0.099 -0.074 -0.056 -0.004 0.057 0.091 0.088 0.097 0.082 0.13 0.166 0.207 0.231 0.224 0.184 0.145 0.095 0.066 0.035 -0.024 -0.051 -0.037 -0.006 0.035 0.075 0.109 0.134 0.15 0.162 0.184 0.245 0.45 0.737 1.017 1.237 1.312 -9 -9 -9
-0.392 -0.337 -0.275 -0.21 -0.172 -0.179 -0.225 -0.295 -0.367 -0.384 -0.388 -0.372 -0.367 -0.365 -0.362 -0.387 -0.404 -0.352 -0.3 -0.255 -0.214 -0.186 -0.165 -0.165 -0.165 -0.172 -0.163 -0.172 -0.178 -0.169 -0.152 -0.115 -0.072 -0.044 -0.07 -0.093 -0.105 -0.083 -0.061 -0.016 0.051 0.117 0.175 0.202 0.195 0.156 0.176 0.209 0.25 0.271 0.277 0.239 0.185 0.13 0.071 0.026 -0.023 -0.046 -0.039 -0.003 0.041 0.082 0.115 0.139 0.158 0.18 0.214 0.284 0.451 0.691 0.932 1.189 1.294 -9 -9 -9
-0.36 -0.308 -0.25 -0.161 -0.103 -0.093 -0.105 -0.173 -0.245 -0.258 -0.277 -0.268 -0.274 -0.271 -0.281 -0.324 -0.341 -0.283 -0.212 -0.153 -0.088 -0.059 -0.036 -0.045 -0.052 -0.073 -0.087 -0.101 -0.111 -0.113 -0.113 -0.096 -0.085 -0.086 -0.096 -0.114 -0.098 -0.064 -0.04 0.011 0.078 0.146 0.212 0.248 0.257 0.252 0.255 0.268 0.292 0.313 0.269 0.198 0.127 0.046 -0.039 -0.087 -0.1 -0.085 -0.053 -0.009 0.038 0.08 0.113 0.139 0.167 0.21 0.265 0.349 0.448 0.589 0.788 1.043 1.203 1.161 -9 -9
-0.311 -0.254 -0.21 -0.126 -0.046 0.003 0.003 -0.046 -0.105 -0.127 -0.144 -0.158 -0.175 -0.187 -0.203 -0.272 -0.289 -0.237 -0.183 -0.118 -0.041 0.032 0.072 0.105 0.097 0.07 0.049 0.013 -0.01 -0.012 -0.026 -0.017 -0.034 -0.05 -0.057 -0.085 -0.084 -0.057 -0.027 0.024 0.079 0.126 0.185 0.246 0.306 0.339 0.354 0.382 0.37 0.317 0.217 0.088 -0.018 -0.103 -0.154 -0.16 -0.144 -0.113 -0.071 -0.021 0.03 0.075 0.11 0.145 0.193 0.27 0.369 0.508 0.537 0.542 0.659 0.881 1.073 1.153 -9 -9
-0.215 -0.17 -0.12 -0.046 0.023 0.081 0.109 0.073 0.04 0.008 -0.034 -0.078 -0.108 -0.138 -0.167 -0.212 -0.251 -0.205 -0.119 -0.042 0.056 0.126 0.187 0.239 0.24 0.222 0.207 0.158 0.113 0.103 0.066 0.052 0.043 0.028 0.007 -0.043 -0.056 -0.068 -0.038 -0.004 0.033 0.086 0.162 0.239 0.307 0.366 0.425 0.466 0.4 0.262 0.113 -0.029 -0.136 -0.19 -0.209 -0.2 -0.174 -0.135 -0.087 -0.033 0.02 0.068 0.112 0.167 0.261 0.432 0.626 0.796 0.775 0.613 0.646 0.809 0.995 1.149 -9 -9
-0.142 -0.087 -0.033 0.045 0.129 0.177 0.212 0.218 0.171 0.15 0.093 0.044 -0.004 -0.062 -0.106 -0.171 -0.207 -0.187 -0.118 -0.03 0.074 0.155 0.246 0.319 0.356 0.36 0.341 0.296 0.268 0.239 0.169 0.114 0.102 0.092 0.052 -0.008 -0.014 -0.07 -0.06 -0.03 -0.008 0.041 0.112 0.172 0.243 0.368 0.447 0.462 0.368 0.231 0.054 -0.103 -0.185 -0.228 -0.241 -0.226 -0.194 -0.148 -0.096 -0.042 0.012 0.066 0.128 0.225 0.406 0.689 0.973 1.078 1.002 0.8 0.774 0.892 1.036 1.145 -9 -9
-0.061 0.022 0.081 0.132 0.201 0.268 0.334 0.334 0.276 0.228 0.165 0.096 0.038 -0.009 -0.06 -0.119 -0.165 -0.127 -0.066 -0.023 0.063 0.179 0.269 0.352 0.431 0.468 0.478 0.445 0.436 0.366 0.266 0.203 0.154 0.123 0.059 0.019 0.015 -0.049 -0.065 -0.015 0.004 0.013 0.039 0.101 0.204 0.289 0.341 0.41 0.346 0.185 0.005 -0.139 -0.215 -0.252 -0.261 -0.242 -0.203 -0.152 -0.098 -0.043 0.014 0.079 0.17 0.332 0.596 0.933 1.234 1.285 1.208 1.012 0.951 1.012 1.133 1.24 -9 -9
0.03 0.062 0.134 0.178 0.257 0.325 0.419 0.408 0.381 0.311 0.254 0.173 0.134 0.074 0.027 -0.048 -0.114 -0.061 0.016 0.05 0.079 0.188 0.285 0.383 0.475 0.553 0.616 0.578 0.569 0.486 0.369 0.296 0.197 0.114 0.072 0.063 0.041 -0.027 -0.062 -0.021 -0.011 0.023 0.047 0.067 0.11 0.174 0.253 0.306 0.258 0.121 -0.046 -0.171 -0.235 -0.267 -0.274 -0.251 -0.206 -0.151 -0.095 -0.037 0.029 0.114 0.251 0.481 0.791 1.148 1.415 1.418 1.31 1.183 1.174 1.216 1.361 -9 -9 -9
0.134 0.167 0.221 0.254 0.297 0.362 0.441 0.444 0.466 0.449 0.392 0.308 0.288 0.197 0.117 0.021 -0.055 -0.021 0.07 0.12 0.116 0.244 0.334 0.425 0.512 0.64 0.716 0.703 0.67 0.607 0.486 0.356 0.216 0.123 0.114 0.128 0.117 0.04 -0.036 -0.063 -0.048 -0.032 0.007 0.026 0.041 0.111 0.203 0.26 0.216 0.09 -0.062 -0.184 -0.243 -0.276 -0.282 -0.256 -0.206 -0.146 -0.088 -0.024 0.058 0.186 0.432 0.721 1.014 1.324 1.425 1.39 1.386 1.37 1.401 1.507 1.543 -9 -9 -9
0.195 0.295 0.372 0.4 0.443 0.415 0.453 0.495 0.53 0.561 0.517 0.458 0.459 0.339 0.229 0.111 0.017 0.02 0.116 0.174 0.167 0.293 0.403 0.519 0.585 0.693 0.781 0.804 0.795 0.727 0.569 0.408 0.245 0.15 0.155 0.176 0.209 0.158 0.082 -0.015 -0.084 -0.071 -0.038 -0.025 0.024 0.092 0.177 0.206 0.142 0.039 -0.082 -0.184 -0.243 -0.28 -0.288 -0.259 -0.197 -0.122 -0.077 -0.003 0.111 0.299 0.602 0.869 1.191 1.437 1.431 1.391 1.507 1.558 1.561 1.637 1.582 -9 -9 -9
0.259 0.369 0.474 0.542 0.559 0.505 0.51 0.558 0.632 0.667 0.63 0.658 0.629 0.502 0.362 0.23 0.118 0.086 0.186 0.248 0.239 0.363 0.498 0.6 0.648 0.669 0.763 0.836 0.814 0.746 0.632 0.473 0.287 0.18 0.191 0.234 0.225 0.173 0.127 0.062 -0.042 -0.092 -0.089 -0.058 -0.018 0.026 0.097 0.139 0.115 0.033 -0.073 -0.168 -0.232 -0.284 -0.295 -0.267 -0.204 -0.123 -0.069 0.027 0.18 0.403 0.677 0.969 1.255 1.452 1.48 1.417 1.543 1.732 1.726 1.686 1.536 -9 -9 -9
0.285 0.433 0.532 0.631 0.611 0.601 0.612 0.67 0.725 0.821 0.819 0.83 0.765 0.676 0.572 0.42 0.255 0.169 0.248 0.339 0.343 0.395 0.487 0.561 0.596 0.654 0.722 0.75 0.774 0.784 0.725 0.559 0.332 0.196 0.197 0.21 0.193 0.167 0.143 0.105 0.053 -0.029 -0.081 -0.09 -0.052 0.029 0.116 0.194 0.198 0.11 0.005 -0.114 -0.212 -0.289 -0.305 -0.279 -0.222 -0.146 -0.063 0.063 0.213 0.423 0.676 0.913 1.177 1.36 1.429 1.42 1.511 1.721 1.675 1.662 -9 -9 -9 -9
0.319 0.453 0.613 0.668 0.644 0.681 0.719 0.737 0.844 0.965 0.987 0.947 0.907 0.911 0.822 0.622 0.429 0.262 0.334 0.431 0.485 0.503 0.526 0.564 0.559 0.59 0.615 0.677 0.776 0.848 0.755 0.582 0.344 0.228 0.211 0.202 0.2 0.248 0.24 0.2 0.181 0.109 0.002 -0.069 -0.031 0.061 0.177 0.282 0.274 0.205 0.08 -0.059 -0.209 -0.298 -0.318 -0.293 -0.236 -0.16 -0.059 0.045 0.177 0.381 0.606 0.849 1.032 1.103 1.242 1.393 1.47 1.691 1.659 -9 -9 -9 -9 -9
0.323 0.48 0.666 0.68 0.662 0.743 0.835 0.83 0.896 1.061 1.131 1.099 1.124 1.167 1.018 0.819 0.577 0.388 0.435 0.494 0.548 0.605 0.64 0.623 0.57 0.553 0.607 0.694 0.795 0.836 0.747 0.549 0.385 0.342 0.337 0.311 0.314 0.371 0.381 0.324 0.291 0.206 0.088 -0.018 -0.016 0.05 0.163 0.285 0.341 0.302 0.123 -0.049 -0.225 -0.312 -0.336 -0.313 -0.254 -0.177 -0.095 -0.009 0.108 0.311 0.558 0.674 0.817 0.937 1.083 1.248 1.402 1.657 1.795 -9 -9 -9 -9 -9
0.286 0.47 0.669 0.684 0.648 0.749 0.892 0.89 0.982 1.085 1.185 1.274 1.325 1.345 1.205 1.021 0.772 0.489 0.467 0.493 0.574 0.662 0.683 0.696 0.666 0.586 0.64 0.675 0.76 0.855 0.802 0.578 0.498 0.471 0.45 0.451 0.518 0.533 0.525 0.434 0.355 0.244 0.164 0.059 0.026 0.046 0.146 0.288 0.397 0.303 0.092 -0.134 -0.267 -0.335 -0.36 -0.335 -0.276 -0.2 -0.126 -0.051 0.056 0.21 0.395 0.611 0.864 1.02 1.026 1.109 1.323 1.576 -9 -9 -9 -9 -9 -9
0.247 0.45 0.671 0.675 0.627 0.714 0.857 0.906 1.075 1.14 1.167 1.331 1.458 1.421 1.308 1.136 0.893 0.616 0.509 0.509 0.557 0.631 0.72 0.764 0.706 0.611 0.647 0.697 0.814 0.915 0.877 0.663 0.621 0.624 0.611 0.669 0.736 0.691 0.616 0.514 0.449 0.405 0.329 0.132 0.134 0.107 0.163 0.325 0.36 0.164 -0.039 -0.21 -0.308 -0.366 -0.386 -0.362 -0.302 -0.23 -0.159 -0.093 -0.013 0.128 0.331 0.554 0.765 0.952 1.046 1.124 1.324 -9 -9 -9 -9 -9 -9 -9
0.197 0.408 0.602 0.647 0.595 0.665 0.785 0.942 1.048 1.025 1.09 1.247 1.457 1.484 1.462 1.315 1.096 0.782 0.585 0.538 0.599 0.678 0.762 0.783 0.741 0.642 0.698 0.758 0.866 0.978 0.99 0.821 0.755 0.796 0.789 0.831 0.837 0.799 0.752 0.708 0.737 0.655 0.424 0.274 0.35 0.281 0.217 0.291 0.225 -0.001 -0.177 -0.275 -0.351 -0.4 -0.412 -0.388 -0.331 -0.263 -0.199 -0.137 -0.061 0.08 0.288 0.518 0.696 0.853 0.993 -9 -9 -9 -9 -9 -9 -9 -9 -9
0.143 0.319 0.469 0.543 0.527 0.632 0.767 0.893 0.922 0.9 1.053 1.276 1.405 1.349 1.355 1.304 1.128 0.964 0.737 0.589 0.606 0.666 0.726 0.744 0.73 0.652 0.666 0.737 0.873 1.034 1.09 1.027 0.892 0.863 0.861 0.923 0.968 0.992 1.015 1.044 0.946 0.725 0.573 0.522 0.434 0.294 0.274 0.181 -0.031 -0.192 -0.274 -0.342 -0.401 -0.438 -0.442 -0.414 -0.361 -0.298 -0.238 -0.177 -0.093 0.029 0.198 0.364 0.536 0.696 0.814 -9 -9 -9 -9 -9 -9 -9 -9 -9
0.097 0.216 0.345 0.431 0.476 0.558 0.64 0.767 0.802 0.821 1.026 1.117 1.175 1.232 1.234 1.228 1.251 1.226 0.96 0.694 0.604 0.607 0.628 0.653 0.648 0.645 0.714 0.732 0.83 0.964 1.051 1.151 1.07 0.959 0.991 1.041 1.144 1.31 1.38 1.228 0.999 0.997 0.879 0.626 0.466 0.402 0.212 -0.024 -0.22 -0.308 -0.36 -0.409 -0.453 -0.476 -0.471 -0.441 -0.381 -0.327 -0.259 -0.201 -0.152 -0.005 0.154 0.281 0.4 0.523 -9 -9 -9 -9 -9 -9 -9 -9 -9 -9
0.065 0.167 0.299 0.432 0.489 0.486 0.52 0.606 0.644 0.721 0.846 0.926 1.053 1.095 1.155 1.274 1.413 1.436 1.223 0.904 0.677 0.555 0.527 0.527 0.549 0.602 0.685 0.738 0.798 0.911 1.032 1.156 1.166 1.107 1.131 1.204 1.418 1.577 1.469 1.325 1.21 1.229 0.968 0.729 0.598 0.287 -0.02 -0.233 -0.331 -0.389 -0.429 -0.467 -0.497 -0.503 -0.486 -0.464 -0.387 -0.344 -0.26 -0.233 -0.216 -0.051 0.108 0.268 0.428 -9 -9 -9 -9 -9 -9 -9 -9 -9 -9 -9
