data/climatemaps/RS_maps/climate_winter_tmin_2006.asc
NCOLS 369 
NROWS 228 
XLLCORNER 479000 
YLLCORNER 73000 
CELLSIZE 1000 
NODATA_value -9 
[rows 34 to 67 of 228, columns 77 to 153 of 369]
1.487 1.46 1.432 1.441 1.471 1.46 1.452 1.439 1.428 1.418 1.41 1.411 1.405 1.405 1.403 1.395 1.391 1.394 1.39 1.382 1.374 1.381 1.384 1.386 1.368 1.37 1.367 1.357 1.355 1.361 1.359 1.356 1.367 1.382 1.381 1.365 1.355 1.345 1.342 1.335 1.332 1.33 1.326 1.32 1.329 1.359 1.371 1.378 1.388 1.397 1.405 1.422 1.426 1.428 1.431 1.434 1.439 1.443 1.438 1.439 1.438 1.42 1.413 1.399 1.401 1.426 1.434 1.432 1.428 1.426 1.413 1.404 1.399 1.394 1.379 1.368 1.353
1.486 1.458 1.45 1.456 1.47 1.452 1.449 1.452 1.441 1.429 1.42 1.409 1.405 1.405 1.394 1.391 1.387 1.391 1.386 1.387 1.374 1.373 1.373 1.379 1.375 1.369 1.368 1.36 1.353 1.353 1.357 1.353 1.359 1.356 1.362 1.377 1.355 1.337 1.335 1.329 1.328 1.319 1.313 1.309 1.332 1.352 1.362 1.372 1.38 1.381 1.393 1.397 1.406 1.412 1.42 1.418 1.43 1.44 1.434 1.433 1.44 1.441 1.441 1.439 1.439 1.436 1.43 1.417 1.398 1.384 1.37 1.381 1.37 1.358 1.327 1.312 1.338
1.484 1.463 1.469 1.471 1.469 1.444 1.427 1.434 1.434 1.43 1.433 1.415 1.405 1.405 1.391 1.389 1.386 1.385 1.378 1.378 1.373 1.368 1.364 1.368 1.377 1.37 1.364 1.362 1.353 1.35 1.354 1.346 1.348 1.339 1.339 1.366 1.371 1.339 1.321 1.312 1.313 1.306 1.302 1.295 1.314 1.341 1.363 1.372 1.364 1.368 1.38 1.384 1.39 1.402 1.401 1.395 1.42 1.44 1.425 1.428 1.433 1.438 1.438 1.437 1.438 1.422 1.413 1.386 1.364 1.343 1.338 1.376 1.357 1.336 1.293 1.262 1.298
1.492 1.484 1.472 1.459 1.457 1.434 1.418 1.422 1.418 1.414 1.434 1.424 1.412 1.412 1.4 1.393 1.388 1.383 1.379 1.376 1.373 1.362 1.355 1.363 1.37 1.368 1.362 1.355 1.352 1.347 1.348 1.342 1.333 1.33 1.332 1.347 1.372 1.36 1.334 1.313 1.3 1.296 1.289 1.285 1.301 1.343 1.369 1.354 1.348 1.374 1.355 1.373 1.385 1.403 1.391 1.387 1.42 1.43 1.402 1.415 1.402 1.425 1.428 1.425 1.418 1.408 1.384 1.381 1.356 1.348 1.333 1.346 1.357 1.315 1.308 1.269 1.244
1.494 1.465 1.444 1.438 1.448 1.445 1.424 1.415 1.404 1.404 1.425 1.417 1.394 1.399 1.391 1.39 1.387 1.371 1.379 1.373 1.365 1.355 1.36 1.362 1.359 1.365 1.354 1.352 1.346 1.342 1.339 1.336 1.326 1.326 1.327 1.329 1.363 1.368 1.361 1.345 1.325 1.311 1.288 1.278 1.293 1.324 1.346 1.342 1.354 1.37 1.362 1.371 1.4 1.396 1.377 1.388 1.422 1.42 1.369 1.37 1.369 1.354 1.383 1.383 1.4 1.402 1.335 1.369 1.371 1.337 1.303 1.325 1.343 1.296 1.259 1.281 1.235
1.478 1.449 1.435 1.435 1.441 1.427 1.445 1.427 1.401 1.409 1.415 1.417 1.388 1.37 1.343 1.351 1.38 1.368 1.369 1.364 1.334 1.337 1.349 1.353 1.353 1.357 1.346 1.352 1.339 1.335 1.327 1.308 1.292 1.313 1.325 1.324 1.355 1.359 1.363 1.365 1.356 1.334 1.308 1.297 1.319 1.332 1.364 1.371 1.387 1.389 1.396 1.398 1.412 1.388 1.36 1.395 1.425 1.408 1.304 1.291 1.302 1.268 1.319 1.344 1.384 1.402 1.319 1.307 1.35 1.265 1.25 1.313 1.295 1.293 1.238 1.27 1.259
1.458 1.448 1.435 1.427 1.426 1.405 1.428 1.414 1.393 1.41 1.41 1.413 1.38 1.351 1.354 1.375 1.386 1.356 1.323 1.323 1.348 1.335 1.332 1.332 1.33 1.349 1.34 1.347 1.333 1.322 1.265 1.238 1.223 1.247 1.288 1.272 1.282 1.281 1.309 1.337 1.357 1.352 1.334 1.316 1.341 1.37 1.378 1.379 1.38 1.38 1.39 1.397 1.405 1.389 1.381 1.407 1.423 1.395 1.31 1.269 1.228 1.212 1.291 1.338 1.363 1.402 1.335 1.26 1.318 1.26 1.278 1.273 1.276 1.282 1.214 1.215 1.201
1.468 1.445 1.432 1.423 1.404 1.392 1.409 1.375 1.378 1.394 1.392 1.391 1.385 1.386 1.372 1.372 1.368 1.367 1.368 1.366 1.353 1.357 1.346 1.331 1.326 1.338 1.343 1.336 1.33 1.303 1.261 1.252 1.256 1.239 1.247 1.236 1.247 1.247 1.289 1.342 1.35 1.354 1.337 1.347 1.367 1.378 1.346 1.306 1.327 1.353 1.385 1.396 1.396 1.388 1.399 1.41 1.414 1.386 1.314 1.263 1.201 1.24 1.268 1.283 1.338 1.391 1.378 1.296 1.287 1.268 1.235 1.217 1.238 1.24 1.25 1.219 1.189
1.466 1.445 1.44 1.422 1.385 1.361 1.366 1.349 1.366 1.364 1.366 1.348 1.348 1.388 1.363 1.36 1.362 1.357 1.367 1.363 1.347 1.354 1.357 1.337 1.328 1.335 1.343 1.325 1.306 1.25 1.28 1.267 1.258 1.271 1.274 1.293 1.292 1.3 1.31 1.333 1.346 1.343 1.336 1.362 1.362 1.319 1.25 1.27 1.302 1.288 1.313 1.353 1.374 1.383 1.393 1.405 1.413 1.375 1.301 1.187 1.151 1.2 1.26 1.297 1.317 1.354 1.384 1.375 1.337 1.312 1.286 1.293 1.233 1.176 1.262 1.266 1.265
1.464 1.439 1.438 1.411 1.365 1.33 1.332 1.326 1.345 1.334 1.328 1.326 1.346 1.358 1.379 1.345 1.337 1.346 1.362 1.359 1.345 1.349 1.357 1.345 1.339 1.331 1.341 1.311 1.253 1.236 1.266 1.266 1.266 1.278 1.281 1.273 1.282 1.303 1.316 1.334 1.339 1.334 1.333 1.343 1.338 1.281 1.269 1.253 1.246 1.249 1.252 1.257 1.288 1.339 1.377 1.4 1.4 1.34 1.258 1.186 1.164 1.158 1.246 1.319 1.335 1.322 1.376 1.354 1.366 1.354 1.348 1.345 1.306 1.269 1.288 1.303 1.304
1.458 1.447 1.433 1.395 1.346 1.319 1.311 1.305 1.314 1.304 1.32 1.323 1.321 1.332 1.372 1.338 1.319 1.321 1.357 1.344 1.341 1.349 1.357 1.339 1.34 1.335 1.326 1.263 1.258 1.242 1.241 1.23 1.206 1.229 1.223 1.207 1.221 1.257 1.281 1.303 1.31 1.311 1.295 1.285 1.275 1.226 1.19 1.162 1.139 1.134 1.151 1.194 1.224 1.275 1.318 1.362 1.371 1.29 1.21 1.187 1.158 1.196 1.271 1.323 1.308 1.32 1.372 1.313 1.311 1.283 1.301 1.341 1.325 1.332 1.298 1.304 1.283
1.425 1.436 1.415 1.361 1.319 1.304 1.302 1.295 1.293 1.291 1.314 1.308 1.293 1.324 1.363 1.353 1.31 1.318 1.349 1.328 1.334 1.336 1.344 1.326 1.324 1.332 1.304 1.28 1.25 1.208 1.181 1.169 1.159 1.174 1.162 1.176 1.188 1.224 1.241 1.242 1.254 1.252 1.196 1.19 1.162 1.14 1.128 1.18 1.183 1.213 1.259 1.302 1.297 1.244 1.245 1.332 1.37 1.247 1.193 1.181 1.198 1.28 1.303 1.314 1.309 1.323 1.361 1.33 1.29 1.253 1.254 1.326 1.265 1.298 1.261 1.25 1.263
1.404 1.424 1.409 1.348 1.312 1.304 1.297 1.299 1.287 1.29 1.304 1.29 1.281 1.31 1.342 1.354 1.318 1.318 1.337 1.32 1.323 1.314 1.323 1.305 1.305 1.303 1.263 1.246 1.198 1.187 1.184 1.184 1.194 1.215 1.21 1.237 1.244 1.243 1.233 1.225 1.205 1.18 1.126 1.133 1.161 1.194 1.211 1.248 1.272 1.281 1.317 1.35 1.342 1.32 1.297 1.344 1.334 1.233 1.202 1.186 1.224 1.277 1.306 1.296 1.299 1.305 1.328 1.313 1.31 1.262 1.243 1.295 1.256 1.244 1.274 1.234 1.221
1.395 1.418 1.398 1.34 1.314 1.31 1.295 1.301 1.291 1.294 1.304 1.278 1.28 1.301 1.322 1.343 1.347 1.331 1.326 1.321 1.33 1.333 1.332 1.318 1.307 1.276 1.24 1.209 1.186 1.188 1.198 1.211 1.209 1.229 1.232 1.26 1.258 1.255 1.254 1.246 1.226 1.204 1.208 1.219 1.24 1.268 1.276 1.286 1.311 1.325 1.362 1.361 1.329 1.324 1.306 1.265 1.25 1.23 1.215 1.219 1.226 1.231 1.255 1.287 1.295 1.308 1.29 1.28 1.29 1.283 1.234 1.281 1.266 1.219 1.258 1.253 1.227
1.372 1.402 1.396 1.333 1.327 1.314 1.298 1.307 1.3 1.297 1.288 1.277 1.295 1.308 1.316 1.328 1.358 1.351 1.34 1.341 1.347 1.339 1.333 1.327 1.317 1.295 1.283 1.232 1.201 1.205 1.187 1.185 1.172 1.199 1.17 1.213 1.223 1.191 1.194 1.204 1.255 1.274 1.28 1.257 1.265 1.283 1.305 1.319 1.346 1.36 1.348 1.35 1.325 1.311 1.264 1.193 1.171 1.169 1.194 1.205 1.205 1.185 1.204 1.285 1.258 1.271 1.259 1.253 1.282 1.287 1.235 1.276 1.267 1.223 1.253 1.245 1.232
1.375 1.387 1.396 1.342 1.348 1.314 1.299 1.307 1.304 1.297 1.293 1.301 1.313 1.326 1.345 1.355 1.358 1.34 1.336 1.335 1.341 1.332 1.327 1.319 1.312 1.299 1.275 1.216 1.184 1.197 1.145 1.134 1.129 1.161 1.144 1.162 1.185 1.144 1.162 1.184 1.211 1.231 1.231 1.216 1.225 1.259 1.27 1.319 1.36 1.357 1.337 1.35 1.318 1.293 1.252 1.218 1.16 1.119 1.122 1.167 1.19 1.185 1.218 1.26 1.201 1.238 1.219 1.256 1.284 1.282 1.257 1.268 1.273 1.234 1.257 1.224 1.2
1.377 1.366 1.4 1.367 1.345 1.315 1.312 1.305 1.305 1.311 1.312 1.318 1.324 1.34 1.357 1.353 1.344 1.33 1.332 1.331 1.328 1.317 1.309 1.286 1.255 1.229 1.244 1.154 1.159 1.19 1.16 1.145 1.115 1.131 1.165 1.162 1.165 1.161 1.21 1.236 1.193 1.209 1.235 1.254 1.286 1.292 1.264 1.315 1.322 1.35 1.333 1.346 1.321 1.273 1.242 1.209 1.178 1.151 1.111 1.144 1.176 1.165 1.226 1.216 1.185 1.195 1.199 1.27 1.245 1.263 1.257 1.258 1.225 1.177 1.242 1.196 1.129
1.365 1.387 1.369 1.367 1.323 1.315 1.323 1.318 1.326 1.329 1.329 1.338 1.336 1.32 1.331 1.334 1.33 1.318 1.309 1.314 1.313 1.291 1.251 1.243 1.23 1.192 1.21 1.111 1.132 1.156 1.139 1.115 1.115 1.145 1.179 1.201 1.208 1.217 1.276 1.292 1.289 1.284 1.309 1.314 1.275 1.263 1.284 1.275 1.253 1.314 1.318 1.333 1.306 1.268 1.222 1.205 1.179 1.178 1.152 1.168 1.166 1.192 1.234 1.223 1.161 1.174 1.212 1.258 1.188 1.217 1.178 1.191 1.208 1.151 1.186 1.215 1.131
1.384 1.359 1.333 1.326 1.305 1.315 1.315 1.325 1.326 1.326 1.316 1.301 1.287 1.301 1.312 1.302 1.299 1.29 1.277 1.269 1.245 1.237 1.232 1.171 1.125 1.125 1.155 1.098 1.067 1.101 1.092 1.09 1.097 1.113 1.092 1.114 1.174 1.267 1.324 1.302 1.291 1.24 1.259 1.221 1.196 1.221 1.286 1.257 1.207 1.247 1.247 1.302 1.244 1.185 1.157 1.198 1.192 1.148 1.101 1.079 1.083 1.161 1.179 1.208 1.148 1.133 1.175 1.239 1.196 1.161 1.13 1.21 1.212 1.13 1.138 1.181 1.162
1.332 1.3 1.266 1.264 1.275 1.285 1.293 1.271 1.273 1.265 1.229 1.22 1.225 1.213 1.198 1.205 1.196 1.201 1.202 1.162 1.115 1.162 1.154 1.144 1.167 1.172 1.133 1.134 1.137 1.152 1.113 1.095 1.099 1.112 1.139 1.192 1.228 1.276 1.278 1.212 1.18 1.156 1.157 1.116 1.087 1.162 1.26 1.238 1.215 1.187 1.197 1.281 1.222 1.153 1.089 1.12 1.091 1.069 1.073 1.003 1.006 1.052 1.039 1.095 1.019 1.036 1.169 1.202 1.123 1.073 1.071 1.166 1.171 1.149 1.085 1.127 1.172
1.292 1.277 1.284 1.288 1.297 1.287 1.239 1.186 1.185 1.159 1.163 1.118 1.124 1.114 1.128 1.11 1.115 1.127 1.143 1.162 1.179 1.182 1.258 1.247 1.261 1.201 1.133 1.163 1.247 1.246 1.184 1.184 1.216 1.241 1.277 1.302 1.313 1.335 1.339 1.318 1.286 1.251 1.185 1.143 1.066 1.079 1.125 1.126 1.096 1.078 1.141 1.275 1.197 1.118 1.156 1.123 1.048 1.072 1.099 1.059 1.033 0.978 0.936 1.012 0.974 0.998 1.077 1.151 1.07 1.066 1.04 1.061 1.118 1.104 1.127 1.178 1.221
1.213 1.223 1.253 1.268 1.277 1.238 1.186 1.14 1.139 1.153 1.164 1.164 1.149 1.173 1.222 1.192 1.205 1.226 1.247 1.282 1.29 1.298 1.315 1.306 1.181 1.082 1.126 1.247 1.271 1.283 1.26 1.271 1.29 1.304 1.335 1.342 1.343 1.346 1.347 1.341 1.329 1.306 1.255 1.258 1.212 1.226 1.239 1.225 1.223 1.206 1.118 1.121 1.164 1.211 1.204 1.17 1.13 1.134 1.111 1.073 1.002 0.954 1.004 1.102 1.092 1.025 1.008 1.116 1.115 1.105 1.05 1.002 1.063 1.098 1.111 1.124 1.201
1.225 1.252 1.304 1.341 1.332 1.312 1.23 1.238 1.233 1.292 1.302 1.246 1.253 1.283 1.313 1.282 1.305 1.294 1.28 1.212 1.212 1.235 1.247 1.292 1.228 1.125 1.236 1.292 1.267 1.299 1.293 1.278 1.306 1.288 1.317 1.345 1.344 1.334 1.344 1.339 1.328 1.313 1.291 1.27 1.247 1.261 1.259 1.243 1.226 1.161 1.071 1.016 1.095 1.101 1.098 1.073 1.134 1.112 1.063 1.09 1.105 1.115 1.143 1.164 1.138 1.086 1.029 1.064 1.127 1.11 1.067 1.035 1.106 1.173 1.176 1.207 1.241
1.29 1.335 1.336 1.337 1.343 1.362 1.305 1.306 1.302 1.337 1.325 1.298 1.291 1.276 1.306 1.275 1.24 1.22 1.156 1.122 1.183 1.194 1.297 1.221 1.179 1.223 1.296 1.314 1.298 1.316 1.323 1.307 1.296 1.292 1.324 1.336 1.323 1.285 1.328 1.325 1.31 1.285 1.275 1.282 1.26 1.243 1.241 1.231 1.222 1.132 1.038 1.005 1.018 1.001 0.936 0.979 1.039 1.056 1.075 1.103 1.135 1.152 1.165 1.19 1.2 1.125 1.047 1.051 1.121 1.11 1.081 1.111 1.141 1.21 1.258 1.289 1.312
1.366 1.37 1.254 1.238 1.237 1.289 1.266 1.233 1.25 1.281 1.227 1.204 1.175 1.149 1.183 1.133 1.125 1.11 1.127 1.189 1.247 1.25 1.243 1.142 1.17 1.27 1.3 1.315 1.318 1.31 1.319 1.317 1.31 1.317 1.314 1.311 1.295 1.262 1.302 1.292 1.229 1.188 1.186 1.209 1.213 1.174 1.183 1.172 1.163 1.109 1.081 1.047 1.054 1.009 0.928 0.975 0.995 0.979 0.978 1.017 1.041 1.076 1.098 1.138 1.202 1.117 1.102 1.113 1.135 1.114 1.123 1.149 1.212 1.273 1.302 1.316 1.302
1.38 1.3 1.198 1.187 1.186 1.165 1.146 1.148 1.18 1.194 1.143 1.127 1.129 1.154 1.121 1.14 1.163 1.189 1.233 1.242 1.213 1.167 1.131 1.167 1.192 1.218 1.236 1.286 1.253 1.23 1.237 1.246 1.246 1.249 1.261 1.252 1.243 1.221 1.226 1.264 1.148 1.162 1.162 1.134 1.179 1.182 1.184 1.149 1.089 1.031 0.971 0.979 0.988 0.932 0.903 0.953 0.961 1 1.049 1.12 1.107 1.107 1.151 1.166 1.231 1.184 1.147 1.13 1.14 1.175 1.232 1.265 1.301 1.315 1.315 1.29 1.238
1.305 1.224 1.183 1.184 1.177 1.147 1.151 1.174 1.172 1.216 1.19 1.125 1.17 1.251 1.206 1.239 1.243 1.236 1.235 1.171 1.085 1.076 1.136 1.167 1.127 1.087 1.156 1.236 1.129 1.12 1.141 1.129 1.109 1.116 1.132 1.12 1.135 1.071 1.119 1.199 1.186 1.132 1.075 1.046 1.059 1.094 1.092 1.124 1.081 0.984 0.94 0.968 0.939 0.895 0.921 1.027 1.087 1.148 1.185 1.237 1.228 1.213 1.239 1.252 1.226 1.16 1.077 1.132 1.216 1.281 1.305 1.312 1.312 1.312 1.31 1.284 1.253
1.241 1.218 1.2 1.192 1.166 1.141 1.14 1.157 1.167 1.222 1.263 1.221 1.247 1.254 1.27 1.269 1.157 1.103 1.076 1.065 1.072 1.109 1.118 1.106 1.107 1.124 1.19 1.246 1.163 1.165 1.19 1.155 1.102 1.088 1.062 1.026 1.022 0.98 1.083 1.167 1.196 1.029 0.904 0.869 0.896 0.935 0.95 1.054 1.108 1.015 1.016 0.996 0.937 0.917 1.012 1.142 1.206 1.232 1.249 1.262 1.256 1.252 1.24 1.249 1.175 1.093 1.101 1.209 1.289 1.309 1.31 1.31 1.31 1.31 1.315 1.317 1.315
1.192 1.204 1.187 1.148 1.119 1.113 1.187 1.225 1.229 1.256 1.272 1.233 1.167 1.136 1.13 1.129 1.059 1.045 1.029 1.06 1.093 1.082 1.066 1.079 1.094 1.122 1.154 1.234 1.175 1.177 1.179 1.149 1.143 1.104 1.056 0.976 0.943 0.98 1.093 1.212 1.096 0.946 0.895 0.906 0.93 0.943 0.972 1.03 1.057 0.981 0.979 0.932 0.925 0.954 1.103 1.209 1.237 1.237 1.235 1.223 1.171 1.118 1.104 1.22 1.207 1.179 1.229 1.284 1.305 1.309 1.306 1.303 1.306 1.31 1.313 1.32 1.308
1.189 1.187 1.155 1.113 1.127 1.164 1.254 1.211 1.229 1.217 1.182 1.115 1.064 1.052 1.042 1.037 1.053 1.058 1.071 1.052 1.046 1.045 1.024 1.022 1.018 1.029 1.053 1.152 1.091 1.041 1.047 1.019 1.017 0.997 0.989 0.956 0.972 1.033 1.124 1.193 1.089 1.074 1.101 1.12 1.115 1.102 1.077 0.969 0.958 0.986 1.002 0.999 1.026 1.102 1.164 1.143 1.117 1.107 1.081 1.044 0.998 0.994 1.036 1.207 1.272 1.275 1.292 1.299 1.295 1.292 1.291 1.291 1.304 1.31 1.315 1.298 1.289
1.191 1.179 1.142 1.124 1.127 1.179 1.279 1.251 1.212 1.15 1.078 1.047 1.033 1.028 1.033 1.049 1.067 1.071 1.061 1.019 1.022 1.027 1.019 1.008 1.029 1.089 1.106 1.119 1.106 1.068 1.062 1.015 0.986 1.009 1.064 1.085 1.13 1.18 1.223 1.238 1.218 1.208 1.199 1.179 1.171 1.123 1.001 0.917 1.035 1.084 1.122 1.111 1.117 1.094 1.011 1.001 0.959 0.955 0.939 0.944 1.022 1.099 1.169 1.264 1.288 1.293 1.295 1.29 1.272 1.291 1.29 1.305 1.309 1.31 1.317 1.302 1.278
1.177 1.173 1.163 1.119 1.091 1.098 1.228 1.211 1.101 1.083 1.039 1.035 1.029 1.039 1.041 1.032 1.036 1.037 1.028 1.02 1.006 1 0.98 0.978 1.044 1.098 1.082 1.101 1.092 1.031 0.967 0.974 0.971 1.017 1.05 1.112 1.178 1.232 1.246 1.222 1.209 1.182 1.146 1.074 1.075 1.102 0.978 1.045 1.113 1.104 1.069 1.031 0.957 0.928 0.965 1.017 0.987 1.006 1.049 1.096 1.156 1.193 1.253 1.283 1.284 1.289 1.294 1.276 1.275 1.301 1.305 1.31 1.307 1.315 1.304 1.282 1.273
1.178 1.173 1.152 1.102 1.069 1.102 1.258 1.255 1.11 1.044 1.006 1.022 1.041 1.026 1.014 0.999 1.009 1.012 1.004 0.987 0.973 0.989 1.006 1.034 1.032 0.987 0.977 0.973 0.922 0.889 0.839 0.861 0.919 1.001 1.059 1.093 1.099 1.165 1.061 1.021 0.999 1 0.963 0.921 0.932 1.054 1.075 1.055 1.02 0.929 0.896 0.922 1.002 1.078 1.137 1.132 1.102 1.117 1.151 1.189 1.243 1.256 1.279 1.283 1.283 1.282 1.278 1.27 1.295 1.299 1.306 1.309 1.306 1.304 1.284 1.278 1.281
1.178 1.171 1.136 1.087 1.055 1.111 1.271 1.243 1.082 1.051 1.021 1.036 1.033 1.014 0.999 0.999 0.999 0.997 0.993 0.992 0.98 0.979 0.992 1.021 1.05 1.008 1.015 1.011 0.92 0.908 0.946 1.019 1.086 1.08 1.043 1.014 1.075 1.019 0.898 0.878 0.883 0.901 0.865 0.919 0.983 0.997 0.933 0.857 0.844 0.809 0.817 0.874 1.072 1.192 1.211 1.207 1.2 1.223 1.237 1.257 1.276 1.274 1.276 1.274 1.282 1.272 1.268 1.275 1.295 1.302 1.295 1.266 1.29 1.296 1.255 1.273 1.252
