data/climatemaps/RS_maps/climate_winter_tmin_2014.asc
NCOLS 369 
NROWS 228 
XLLCORNER 479000 
YLLCORNER 73000 
CELLSIZE 1000 
NODATA_value -9 
[rows 170 to 203 of 228, columns 231 to 307 of 369]
-0.595 -0.499 -0.419 -0.411 -0.026 0.048 0.373 0.892 1.176 0.874 0.336 -0.008 -0.21 -0.295 -0.471 -0.891 -0.766 -0.35 0.179 0.34 -0.16 -0.709 -0.587 -0.098 0.664 1.039 0.594 0.123 0.009 -0.188 -0.024 -0.648 -0.849 -0.636 -0.292 0.034 0.213 0.517 0.732 1.134 1.214 0.936 0.494 0.221 0.178 0.02 0.133 -0.146 -0.35 -0.289 -0.385 -0.565 -0.872 -1.046 -0.763 -0.821 -0.725 -1.036 -1.501 -1.186 -1.296 -1.713 -1.916 -1.529 -1.59 -1.854 -1.528 -1.158 -0.739 -0.674 -0.962 -1.219 -0.986 -0.541 -0.33 -0.481 -0.743
-0.531 -0.67 -0.606 -0.427 -0.237 -0.323 0.128 0.728 1.16 1.088 0.579 0.108 0.002 -0.375 -0.612 -0.864 -0.583 -0.17 0.355 0.325 -0.174 -0.624 -0.082 0.337 1.028 0.953 0.359 -0.049 0.097 -0.421 -0.043 -0.514 -0.66 -0.344 -0.237 0.112 0.513 0.81 1.105 1.255 1.172 0.889 0.513 0.154 -0.204 -0.483 -0.248 -0.299 -0.678 -0.806 -0.853 -0.871 -0.847 -1.095 -1.249 -1.414 -1.392 -1.438 -1.561 -1.285 -1.355 -1.556 -1.803 -1.714 -1.717 -1.766 -1.382 -1.021 -0.916 -1.025 -0.969 -1.353 -1.228 -0.861 -0.349 -0.355 -0.719
-0.492 -0.502 -0.508 -0.616 -0.403 -0.221 0.157 0.635 1.081 1.171 0.786 0.284 -0.128 -0.565 -0.89 -0.744 -0.488 -0.138 0.348 0.426 -0.107 -0.491 0.155 0.828 1.111 0.721 0.135 -0.276 0.079 -0.442 -0.205 -0.575 -0.558 -0.252 -0.025 0.035 0.463 0.891 1.217 1.289 1.185 0.844 0.471 0.134 -0.152 -0.545 -0.655 -0.597 -0.869 -1.142 -0.899 -0.563 -0.516 -1.011 -1.417 -1.41 -1.447 -1.632 -1.656 -1.574 -1.414 -1.119 -1.41 -1.58 -1.684 -1.695 -1.436 -1.247 -1.419 -1.307 -1.087 -1.535 -1.373 -1.113 -0.452 -0.133 -0.419
-0.254 -0.087 -0.409 -0.418 -0.082 0.176 0.362 0.45 0.974 1.211 1.005 0.549 0.053 -0.361 -0.713 -0.501 -0.296 -0.201 0.203 0.568 -0.099 -0.094 0.283 0.979 1.01 0.406 -0.178 -0.535 -0.165 -0.409 -0.489 -0.566 -0.335 -0.102 0.056 0.163 0.455 0.745 1.194 1.317 1.299 1.036 0.435 -0.071 -0.391 -0.65 -0.728 -0.775 -0.833 -0.936 -0.671 -0.224 -0.494 -1.216 -1.297 -1.098 -1.042 -1.388 -1.335 -1.382 -1.128 -0.829 -0.991 -1.105 -1.228 -1.405 -1.639 -1.709 -1.862 -1.579 -1.321 -1.462 -1.316 -1.015 -0.479 0.002 0.021
0.129 -0.074 -0.472 -0.36 -0.121 0.156 0.176 0.149 0.89 1.22 1.19 0.819 0.42 0.103 -0.419 -0.449 -0.189 0.184 0.493 0.374 -0.074 0.234 0.676 1.139 0.775 0.158 -0.361 -0.549 -0.483 -0.513 -0.63 -0.33 -0.131 0.012 0.151 0.225 0.522 0.585 0.981 1.318 1.33 1.22 0.655 0.119 -0.376 -0.623 -0.538 -0.386 -0.348 -0.422 -0.317 -0.05 -0.496 -1.112 -1.04 -0.766 -0.831 -1.224 -0.949 -0.995 -0.9 -0.599 -0.486 -0.659 -0.841 -1.195 -1.621 -1.971 -2.072 -1.73 -1.582 -1.376 -1.068 -0.689 -0.335 0.112 0.108
0.097 -0.285 -0.499 -0.592 -0.298 0.156 -0.087 0.016 0.611 1.125 1.229 1.078 0.733 0.234 -0.257 -0.514 -0.157 0.254 0.653 0.253 0.197 0.489 0.926 1.151 0.639 0.224 0.096 -0.075 -0.499 -0.638 -0.443 0.041 0.161 0.296 0.333 0.429 0.296 0.265 0.795 1.291 1.343 1.326 0.975 0.352 0.054 -0.349 -0.276 0.09 0.183 0.14 0.122 -0.01 -0.545 -0.964 -0.904 -0.502 -0.778 -1.064 -0.597 -0.502 -0.394 -0.152 -0.179 -0.543 -0.868 -1.26 -1.553 -1.769 -1.836 -1.705 -1.559 -1.183 -0.875 -0.557 -0.271 0.197 -0.056
0.222 0.032 -0.176 -0.566 -0.242 -0.086 0.007 0.432 0.595 0.906 1.218 1.227 0.97 0.561 0.066 -0.229 -0.223 0.152 0.575 0.685 0.631 0.727 1.094 1.05 0.483 0.149 0.028 0.159 -0.184 -0.514 -0.127 0.089 -0.132 0.208 0.054 0.216 -0.029 0.267 0.798 1.191 1.347 1.351 1.286 0.942 0.493 0.046 0.013 0.365 -0.045 -0.264 -0.433 -0.349 -0.678 -0.974 -0.668 -0.224 -0.385 -0.599 -0.317 0.086 0.01 -0.219 -0.584 -0.892 -1.207 -1.311 -1.344 -1.572 -1.458 -1.434 -1.373 -1.152 -0.86 -0.509 -0.347 0.176 -0.02
0.2 0.103 0.074 -0.39 -0.537 -0.219 0.248 0.203 0.16 0.547 1.096 1.239 1.154 0.808 0.309 0.262 0.2 0.306 0.509 0.742 0.916 1.049 1.174 0.895 0.288 -0.11 -0.326 -0.076 0.035 -0.395 0.01 -0.198 -0.235 0.061 -0.233 -0.061 -0.132 0.372 0.557 0.968 1.301 1.365 1.355 1.275 0.779 0.245 0.27 0.364 -0.362 -0.617 -0.899 -0.808 -0.929 -0.922 -0.499 -0.138 0.037 0.055 0.191 0.238 -0.386 -0.794 -0.981 -1.09 -1.166 -1.068 -1.304 -1.558 -1.258 -1.12 -1.042 -0.936 -0.717 -0.4 -0.159 0.175 0.199
-0.22 -0.359 -0.304 -0.273 -0.421 -0.036 0.016 -0.052 -0.109 0.353 0.9 1.206 1.244 0.89 0.412 0.73 0.808 0.863 0.951 0.964 1.051 1.183 1.023 0.662 0.227 -0.104 -0.412 -0.392 -0.152 -0.411 -0.184 -0.483 -0.366 -0.319 -0.514 -0.361 -0.31 -0.016 0.215 0.708 1.127 1.372 1.364 1.346 0.93 0.314 0.556 0.436 0.023 -0.343 -0.934 -1.192 -1.26 -1.088 -0.727 -0.585 -0.198 -0.076 0.205 0.313 -0.449 -0.93 -0.927 -0.92 -0.885 -1.046 -1.36 -1.421 -1.194 -1.167 -1.049 -0.961 -0.883 -0.601 -0.397 -9 -9
0.031 -0.291 -0.518 -0.501 -0.447 -0.387 -0.212 -0.303 -0.022 0.346 0.643 1.049 1.26 1.107 0.805 1.1 1.18 1.211 1.229 1.201 1.168 0.932 0.567 0.382 0.235 0.041 -0.435 -0.638 -0.453 -0.463 -0.364 -0.356 -0.283 -0.334 -0.478 -0.495 -0.396 -0.432 -0.023 0.544 0.923 1.235 -9 1.366 1.262 0.797 0.78 0.457 -0.065 -0.519 -1.028 -0.948 -0.974 -1.218 -1.054 -0.884 -0.684 -0.683 -0.052 0.432 -0.191 -0.475 -0.428 -0.527 -0.789 -1.015 -1.246 -1.34 -1.046 -1.219 -1.172 -1.16 -1.019 -0.839 -0.718 -9 -9
0.46 0.119 -0.191 -0.207 -0.278 -0.486 -0.368 -0.326 0.022 0.297 0.516 0.854 1.197 1.259 1.181 1.128 1.01 0.981 0.972 0.95 0.941 0.841 0.533 0.185 -0.032 -0.062 -0.335 -0.609 -0.269 -0.297 -0.105 0.078 0.179 0.066 -0.245 -0.193 -0.143 -0.545 -0.164 0.345 0.386 0.608 -9 -9 1.358 1.287 0.953 0.569 0.18 -0.29 -0.741 -0.597 -0.677 -1.075 -0.982 -0.942 -0.882 -0.653 -0.091 0.489 0.106 -0.152 -0.481 -0.601 -0.671 -0.904 -0.997 -1.142 -0.939 -0.934 -0.999 -0.959 -1.065 -1.108 -9 -9 -9
0.731 0.399 0.2 0.067 -0.148 -0.3 -0.105 -0.008 0.158 0.406 0.601 0.867 1.151 1.277 1.171 0.892 0.583 0.459 0.452 0.471 0.648 0.739 0.693 0.351 -0.112 -0.432 -0.505 -0.491 0.01 -0.182 -0.052 -0.026 0.106 0.366 -0.115 0.111 -0.145 -0.32 -0.163 -0.018 -0.052 -9 -9 -9 -9 -9 0.961 0.351 0.144 -0.065 -0.267 -0.332 -0.615 -1.033 -0.908 -0.711 -0.565 -0.351 0.164 0.491 -0.011 -0.179 -0.341 -0.37 -0.245 -0.384 -0.639 -0.659 -0.652 -0.569 -0.759 -0.518 -9 -9 -9 -9 -9
0.547 0.376 0.218 0.083 0.057 -0.101 0.158 0.367 0.215 0.346 0.652 1.066 1.254 1.225 0.89 0.756 0.615 0.429 0.198 0.116 0.359 0.319 0.517 0.48 0.122 -0.249 -0.372 -0.274 0.148 -0.14 -0.365 -0.269 0.111 0.527 0.356 0.375 0 0.136 0.154 0.253 0.14 -9 -9 -9 -9 -9 -9 0.469 0.302 0.057 -0.201 -0.443 -0.782 -1.089 -1.002 -0.663 -0.314 0.001 0.431 0.273 -0.064 0.169 0.052 0.045 0.206 0.103 -0.221 -0.227 -0.19 -0.209 -0.358 -9 -9 -9 -9 -9 -9
0.571 0.348 0.226 0.282 0.408 0.166 0.255 0.577 0.609 0.665 0.916 1.269 1.302 1.107 0.603 0.428 0.489 0.474 0.345 0.025 0.01 0.093 0.241 0.366 0.068 -0.232 0.018 0.266 0.373 -0.016 -0.042 0.092 0.383 0.694 0.784 0.662 0.31 0.476 0.409 0.563 0.467 -9 -9 -9 -9 -9 -9 -9 -9 -9 -9 -0.71 -0.865 -0.906 -0.73 -0.676 -0.333 0.201 0.628 0.225 0.314 0.537 0.485 0.507 0.57 0.316 0.011 -9 -9 -9 -9 -9 -9 -9 -9 -9 -9
0.756 0.706 0.627 0.675 0.672 0.498 0.544 0.672 0.88 1.087 1.203 1.319 1.257 1.015 0.579 0.205 0.17 0.198 0.202 -0.007 -0.27 -0.078 0.028 0.069 0.065 -0.332 -0.131 0.332 0.592 0.316 0.322 0.432 0.409 0.674 0.963 0.797 0.48 0.752 0.697 0.873 0.878 -9 -9 -9 -9 -9 -9 -9 -9 -9 -9 -9 -9 -9 -9 -9 -0.084 0.375 0.77 0.46 0.737 0.888 -9 -9 -9 -9 -9 -9 -9 -9 -9 -9 -9 -9 -9 -9 -9
1.165 1.097 1.02 1.049 1.017 0.921 0.98 1.024 1.157 1.295 1.321 1.321 1.184 0.93 0.586 0.3 0.255 0.149 0.039 -0.061 -0.234 -0.249 -0.095 -0.202 -0.12 -0.318 0.031 0.416 0.716 0.492 0.542 0.718 0.479 0.617 0.968 0.897 0.647 0.972 1.16 1.219 -9 -9 -9 -9 -9 -9 -9 -9 -9 -9 -9 -9 -9 -9 -9 -9 -9 -9 -9 -9 -9 -9 -9 -9 -9 -9 -9 -9 -9 -9 -9 -9 -9 -9 -9 -9 -9
1.357 1.333 1.304 1.301 1.302 1.272 1.285 1.298 1.328 1.343 1.335 1.301 1.141 0.902 0.728 0.697 0.664 0.536 0.417 0.321 0.166 -0.08 -0.298 -0.38 -0.243 0.042 0.311 0.564 0.807 0.739 0.754 0.921 0.801 0.878 0.988 1.079 0.971 1.264 1.376 -9 -9 -9 -9 -9 -9 -9 -9 -9 -9 -9 -9 -9 -9 -9 -9 -9 -9 -9 -9 -9 -9 -9 -9 -9 -9 -9 -9 -9 -9 -9 -9 -9 -9 -9 -9 -9 -9
1.378 1.37 1.37 1.364 1.357 1.358 1.359 1.356 1.351 1.351 1.322 1.197 0.997 0.974 0.905 0.835 0.649 0.592 0.462 0.362 0.115 0.022 -0.11 -0.082 0.043 0.257 0.432 0.552 0.647 0.842 0.932 1.007 1.098 1.073 1.032 1.24 1.31 1.414 1.426 -9 -9 -9 -9 -9 -9 -9 -9 -9 -9 -9 -9 -9 -9 -9 -9 -9 -9 -9 -9 -9 -9 -9 -9 -9 -9 -9 -9 -9 -9 -9 -9 -9 -9 -9 -9 -9 -9
1.383 1.377 1.373 1.376 1.37 1.368 1.362 1.35 1.344 1.283 1.14 0.913 0.636 0.509 0.458 0.574 0.381 0.205 0.063 0.272 -0.029 -0.006 0.25 0.246 0.193 0.196 0.244 0.288 0.388 0.604 0.768 0.896 1.168 1.301 1.29 1.372 1.43 1.433 -9 -9 -9 -9 -9 -9 -9 -9 -9 -9 -9 -9 -9 -9 -9 -9 -9 -9 -9 -9 -9 -9 -9 -9 -9 -9 -9 -9 -9 -9 -9 -9 -9 -9 -9 -9 -9 -9 -9
1.223 1.14 1.218 1.211 1.245 1.247 1.239 1.144 1.049 0.972 0.753 0.535 0.287 0.222 0.131 0.179 0.432 0.227 -0.059 0.104 -0.071 0.175 0.364 0.484 0.504 0.5 0.487 0.418 0.541 0.677 0.802 0.997 1.258 1.42 1.443 1.444 1.441 -9 -9 -9 -9 -9 -9 -9 -9 -9 -9 -9 -9 -9 -9 -9 -9 -9 -9 -9 -9 -9 -9 -9 -9 -9 -9 -9 -9 -9 -9 -9 -9 -9 -9 -9 -9 -9 -9 -9 -9
0.742 0.723 1.003 1.053 1.018 0.824 0.863 0.804 0.719 0.673 0.75 0.629 0.433 0.226 -0.03 -0.129 0.108 0.144 -0.12 -0.06 -0.067 -0.015 0.142 0.339 0.526 0.636 0.763 0.785 0.884 1.006 1.074 1.225 1.403 1.445 1.447 1.446 1.442 -9 -9 -9 -9 -9 -9 -9 -9 -9 -9 -9 -9 -9 -9 -9 -9 -9 -9 -9 -9 -9 -9 -9 -9 -9 -9 -9 -9 -9 -9 -9 -9 -9 -9 -9 -9 -9 -9 -9 -9
0.35 0.658 0.68 0.904 1.129 0.809 0.57 0.69 0.703 0.846 0.722 0.646 0.544 0.317 0.084 -0.057 -0.096 -0.024 -0.092 0.083 0.098 -0.123 -0.063 0.092 0.178 0.339 0.579 0.727 0.834 0.91 0.927 1.157 1.429 1.45 1.446 1.413 1.437 -9 -9 -9 -9 -9 -9 -9 -9 -9 -9 -9 -9 -9 -9 -9 -9 -9 -9 -9 -9 -9 -9 -9 -9 -9 -9 -9 -9 -9 -9 -9 -9 -9 -9 -9 -9 -9 -9 -9 -9
0.334 0.554 0.375 0.756 1.115 1.021 0.801 0.886 0.832 0.794 0.486 0.396 0.408 0.333 0.251 0.07 -0.139 -0.024 0.122 0.353 0.271 0.025 -0.105 -0.065 -0.062 0.012 0.262 0.407 0.446 0.587 0.874 1.258 1.45 1.46 1.446 1.345 -9 -9 -9 -9 -9 -9 -9 -9 -9 -9 -9 -9 -9 -9 -9 -9 -9 -9 -9 -9 -9 -9 -9 -9 -9 -9 -9 -9 -9 -9 -9 -9 -9 -9 -9 -9 -9 -9 -9 -9 -9
0.292 0.26 0.323 0.706 1.03 1.163 1.005 0.913 0.855 0.625 0.37 0.196 0.258 0.234 0.315 0.258 -0.014 0.093 0.298 0.555 0.483 0.219 0.174 0.16 0.014 -0.048 -0.045 0.075 0.116 0.527 0.936 1.305 1.459 1.462 1.461 -9 -9 -9 -9 -9 -9 -9 -9 -9 -9 -9 -9 -9 -9 -9 -9 -9 -9 -9 -9 -9 -9 -9 -9 -9 -9 -9 -9 -9 -9 -9 -9 -9 -9 -9 -9 -9 -9 -9 -9 -9 -9
0.157 0.216 0.33 0.708 1.032 1.156 0.872 0.75 0.775 0.488 0.35 0.263 0.381 0.425 0.561 0.554 0.227 0.153 0.407 0.662 0.621 0.371 0.47 0.362 0.338 0.08 -0.046 -0.101 0.062 0.448 0.844 1.282 1.453 1.468 1.459 -9 -9 -9 -9 -9 -9 -9 -9 -9 -9 -9 -9 -9 -9 -9 -9 -9 -9 -9 -9 -9 -9 -9 -9 -9 -9 -9 -9 -9 -9 -9 -9 -9 -9 -9 -9 -9 -9 -9 -9 -9 -9
0.23 0.447 0.577 0.919 1.207 1.052 0.766 0.764 0.914 0.586 0.528 0.544 0.613 0.711 0.758 0.706 0.47 0.269 0.484 0.734 0.8 0.64 0.717 0.614 0.45 0.233 0.304 0.114 0.136 0.535 0.916 1.286 1.455 1.468 -9 -9 -9 -9 -9 -9 -9 -9 -9 -9 -9 -9 -9 -9 -9 -9 -9 -9 -9 -9 -9 -9 -9 -9 -9 -9 -9 -9 -9 -9 -9 -9 -9 -9 -9 -9 -9 -9 -9 -9 -9 -9 -9
0.226 0.396 0.747 1.003 1.241 1.044 0.844 0.828 1.016 0.777 0.782 0.858 0.861 0.832 0.735 0.698 0.451 0.358 0.514 0.61 0.76 0.93 0.926 0.764 0.401 0.512 0.413 0.127 0.195 0.593 0.95 1.259 -9 -9 -9 -9 -9 -9 -9 -9 -9 -9 -9 -9 -9 -9 -9 -9 -9 -9 -9 -9 -9 -9 -9 -9 -9 -9 -9 -9 -9 -9 -9 -9 -9 -9 -9 -9 -9 -9 -9 -9 -9 -9 -9 -9 -9
0.381 0.466 0.636 0.916 1.194 1.227 1.033 1 1.088 0.998 0.972 0.92 0.803 0.654 0.583 0.545 0.362 0.439 0.648 0.678 0.581 0.885 0.939 0.63 0.547 0.737 0.571 0.319 0.493 0.685 1.022 -9 -9 -9 -9 -9 -9 -9 -9 -9 -9 -9 -9 -9 -9 -9 -9 -9 -9 -9 -9 -9 -9 -9 -9 -9 -9 -9 -9 -9 -9 -9 -9 -9 -9 -9 -9 -9 -9 -9 -9 -9 -9 -9 -9 -9 -9
0.516 0.669 0.57 0.875 1.198 1.3 1.212 1.151 1.163 1.098 0.994 0.961 0.79 0.56 0.416 0.312 0.243 0.378 0.574 0.772 0.73 0.866 0.928 0.52 0.679 0.815 0.492 0.389 0.684 0.956 -9 -9 -9 -9 -9 -9 -9 -9 -9 -9 -9 -9 -9 -9 -9 -9 -9 -9 -9 -9 -9 -9 -9 -9 -9 -9 -9 -9 -9 -9 -9 -9 -9 -9 -9 -9 -9 -9 -9 -9 -9 -9 -9 -9 -9 -9 -9
0.613 0.819 0.696 0.94 1.257 1.288 1.264 1.158 1.197 1.19 1.069 0.887 0.616 0.532 0.56 0.392 0.371 0.592 0.734 0.93 0.91 1.109 1.121 0.939 0.88 0.95 0.931 0.752 0.956 -9 -9 -9 -9 -9 -9 -9 -9 -9 -9 -9 -9 -9 -9 -9 -9 -9 -9 -9 -9 -9 -9 -9 -9 -9 -9 -9 -9 -9 -9 -9 -9 -9 -9 -9 -9 -9 -9 -9 -9 -9 -9 -9 -9 -9 -9 -9 -9
0.708 0.906 0.914 1.002 1.306 1.318 1.265 1.143 1.281 1.253 1.078 0.77 0.608 0.743 0.765 0.753 0.749 0.559 0.707 1.057 1.195 1.295 1.327 1.317 1.212 1.059 1.117 1.024 1.142 -9 -9 -9 -9 -9 -9 -9 -9 -9 -9 -9 -9 -9 -9 -9 -9 -9 -9 -9 -9 -9 -9 -9 -9 -9 -9 -9 -9 -9 -9 -9 -9 -9 -9 -9 -9 -9 -9 -9 -9 -9 -9 -9 -9 -9 -9 -9 -9
0.91 1.015 0.956 1.042 1.328 1.362 1.287 1.224 1.331 1.236 0.953 0.676 0.764 0.969 1.115 1.13 0.964 0.716 0.969 1.27 1.407 1.405 1.373 1.367 1.35 1.288 1.216 1.198 1.233 -9 -9 -9 -9 -9 -9 -9 -9 -9 -9 -9 -9 -9 -9 -9 -9 -9 -9 -9 -9 -9 -9 -9 -9 -9 -9 -9 -9 -9 -9 -9 -9 -9 -9 -9 -9 -9 -9 -9 -9 -9 -9 -9 -9 -9 -9 -9 -9
1.066 1.062 0.931 1.131 1.356 1.383 1.284 1.305 1.372 1.18 0.77 0.582 0.834 1.039 1.261 1.301 1.191 1.215 1.367 1.425 1.367 1.26 1.109 1.074 1.146 1.262 1.292 1.301 -9 -9 -9 -9 -9 -9 -9 -9 -9 -9 -9 -9 -9 -9 -9 -9 -9 -9 -9 -9 -9 -9 -9 -9 -9 -9 -9 -9 -9 -9 -9 -9 -9 -9 -9 -9 -9 -9 -9 -9 -9 -9 -9 -9 -9 -9 -9 -9 -9
1.112 0.959 1.042 1.282 1.399 1.383 1.303 1.372 1.376 1.136 0.821 0.876 1.216 1.388 1.421 1.422 1.428 1.431 1.424 1.351 1.074 0.916 0.669 0.595 0.772 0.914 1.076 1.203 -9 -9 -9 -9 -9 -9 -9 -9 -9 -9 -9 -9 -9 -9 -9 -9 -9 -9 -9 -9 -9 -9 -9 -9 -9 -9 -9 -9 -9 -9 -9 -9 -9 -9 -9 -9 -9 -9 -9 -9 -9 -9 -9 -9 -9 -9 -9 -9 -9
