data/climatemaps/RS_maps/climate_breeding_pr_2005.asc
NCOLS 369 
NROWS 228 
XLLCORNER 479000 
YLLCORNER 73000 
CELLSIZE 1000 
NODATA_value -9 
[rows 102 to 135 of 228, columns 150 to 224 of 369]
-0.384 -0.258 -0.213 -0.218 -0.135 -0.001 0.093 0.186 0.191 0.148 0.023 -0.115 -0.253 -0.373 -0.439 -0.329 -0.06 0.142 0.201 0.264 0.395 0.531 0.52 0.297 0.357 0.531 0.682 0.773 0.836 0.754 0.48 0.218 0.02 -0.098 -0.179 -0.194 -0.161 -0.137 0.214 0.728 0.94 0.93 0.549 0.11 0.127 0.444 0.782 1.066 1.112 1.315 1.369 1.135 0.804 0.822 0.921 0.971 0.695 0.208 -0.029 -0.145 -0.113 0.217 0.567 0.788 0.999 1.232 1.424 1.621 1.809 1.852 1.677 1.419 1.238 1.444 1.347
-0.419 -0.322 -0.341 -0.252 -0.173 -0.08 0.042 0.123 0.081 0.018 -0.077 -0.144 -0.177 -0.238 -0.379 -0.259 0.019 0.166 0.305 0.52 0.625 0.647 0.515 0.479 0.587 0.62 0.628 0.701 0.737 0.721 0.585 0.288 0.039 -0.128 -0.209 -0.206 -0.2 -0.087 0.397 0.962 1.071 0.916 0.523 0.149 0.119 0.361 0.695 1.118 1.33 1.549 1.666 1.48 1.157 1.048 0.981 0.906 0.656 0.31 0.012 -0.165 -0.176 0.042 0.363 0.623 0.979 1.23 1.375 1.619 1.728 1.671 1.607 1.445 1.434 1.534 1.494
-0.431 -0.401 -0.353 -0.276 -0.22 -0.164 -0.073 -0.048 -0.076 -0.101 -0.081 -0.017 0.048 0.01 -0.245 -0.208 -0.023 0.206 0.508 0.819 0.86 0.856 0.749 0.767 0.709 0.606 0.697 0.768 0.862 0.883 0.684 0.292 0.015 -0.161 -0.22 -0.233 -0.202 -0.012 0.389 0.896 1.05 0.968 0.67 0.207 0.137 0.461 0.746 1.1 1.526 1.859 2.017 1.82 1.453 1.073 0.749 0.598 0.461 0.32 0.049 -0.18 -0.244 -0.159 0.121 0.402 0.761 1.021 1.2 1.4 1.499 1.524 1.474 1.404 1.585 1.635 1.637
-0.324 -0.301 -0.262 -0.259 -0.287 -0.22 -0.182 -0.166 -0.194 -0.126 0.003 0.173 0.29 0.181 -0.179 -0.169 -0.015 0.315 0.755 0.904 1.107 1.088 0.941 0.919 0.751 0.712 0.805 0.816 0.858 0.771 0.5 0.195 -0.056 -0.187 -0.226 -0.257 -0.186 0.09 0.521 0.954 1.137 1.176 0.834 0.233 0.176 0.568 0.935 1.29 1.763 2.08 2.108 1.832 1.41 0.892 0.723 0.655 0.437 0.404 0.045 -0.188 -0.261 -0.221 0.12 0.4 0.624 0.779 0.896 1.026 1.152 1.347 1.393 1.374 1.515 1.631 1.572
-0.258 -0.202 -0.141 -0.105 -0.225 -0.295 -0.298 -0.288 -0.257 -0.094 0.126 0.427 0.457 0.177 -0.148 -0.162 0.032 0.422 0.746 1.033 1.287 1.193 1.101 0.955 0.857 0.765 0.671 0.623 0.596 0.515 0.313 0.072 -0.128 -0.208 -0.239 -0.235 -0.132 0.18 0.699 1.112 1.239 1.18 0.681 0.185 0.181 0.451 0.819 1.32 1.888 2.163 2.078 1.804 1.427 0.964 1.058 0.816 0.592 0.474 0.067 -0.182 -0.261 -0.255 0.022 0.325 0.472 0.479 0.544 0.672 0.801 1.038 1.197 1.291 1.42 1.484 1.491
-0.199 -0.112 -0.004 -0.015 -0.104 -0.241 -0.333 -0.35 -0.229 -0.031 0.289 0.585 0.493 0.268 -0.08 -0.137 0.128 0.391 0.72 1.097 1.294 1.258 1.144 0.951 0.867 0.674 0.491 0.393 0.318 0.241 0.1 -0.085 -0.195 -0.226 -0.233 -0.186 -0.065 0.254 0.805 1.23 1.26 1.025 0.44 0.213 0.287 0.274 0.608 1.164 1.671 2.033 2.137 2.008 1.648 1.173 1.243 0.866 0.715 0.668 0.265 -0.126 -0.251 -0.302 -0.239 0.016 0.101 0.098 0.162 0.302 0.424 0.643 0.75 0.852 0.966 1.175 1.362
-0.165 -0.079 0.064 0.045 -0.035 -0.207 -0.313 -0.36 -0.187 0.086 0.397 0.548 0.498 0.326 -0.06 -0.133 0.184 0.293 0.608 0.978 1.242 1.272 1.147 0.961 0.703 0.483 0.294 0.162 0.079 0.009 -0.125 -0.225 -0.247 -0.225 -0.211 -0.143 0.056 0.414 0.889 1.191 1.143 0.802 0.321 0.225 0.31 0.315 0.611 1.177 1.694 2.204 2.22 2.051 1.645 1.421 1.442 0.984 0.961 1.021 0.479 0.034 -0.22 -0.302 -0.337 -0.291 -0.23 -0.177 -0.084 0.013 0.122 0.279 0.377 0.436 0.551 0.667 0.818
-0.213 -0.106 0.05 0.051 -0.007 -0.186 -0.33 -0.365 -0.176 0.11 0.32 0.448 0.474 0.263 -0.047 -0.163 0.026 0.185 0.524 0.925 1.198 1.275 1.179 0.98 0.587 0.284 0.078 -0.06 -0.149 -0.231 -0.304 -0.32 -0.28 -0.197 -0.163 -0.005 0.26 0.549 0.92 1.191 1.018 0.55 0.24 0.262 0.437 0.653 0.847 1.293 1.782 2.23 2.308 2.194 1.808 1.819 1.893 1.506 1.434 1.152 0.556 0.224 -0.092 -0.295 -0.364 -0.391 -0.315 -0.175 -0.035 0.128 0.143 0.17 0.195 0.189 0.199 0.252 0.337
-0.236 -0.117 -0.01 0.05 -0.032 -0.182 -0.346 -0.3 -0.153 0.014 0.214 0.414 0.53 0.372 0.042 -0.175 -0.061 0.16 0.504 0.906 1.062 1.197 1.045 0.779 0.455 0.136 -0.1 -0.247 -0.34 -0.392 -0.403 -0.356 -0.235 -0.063 -0.019 0.006 0.195 0.352 0.761 1.091 0.732 0.333 0.275 0.486 0.684 0.969 1.086 1.414 1.81 2.286 2.442 2.549 2.164 2.104 2.237 1.944 1.5 0.899 0.567 0.468 0.082 -0.261 -0.394 -0.427 -0.304 -0.12 -0.013 0.261 0.411 0.466 0.462 0.29 0.104 0.231 0.314
-0.237 -0.149 -0.081 0.003 -0.052 -0.203 -0.345 -0.205 -0.057 0.065 0.229 0.503 0.687 0.524 0.076 -0.102 0.076 0.284 0.517 0.9 0.967 0.994 0.824 0.519 0.258 -0.021 -0.245 -0.357 -0.429 -0.457 -0.409 -0.281 -0.052 0.18 0.341 0.094 0.042 0.324 0.734 0.854 0.614 0.284 0.293 0.492 0.707 1.071 1.23 1.452 1.775 2.174 2.395 2.617 2.592 2.394 2.291 2.149 1.526 0.99 0.824 0.569 0.139 -0.218 -0.421 -0.394 -0.274 -0.136 0.038 0.307 0.639 0.804 0.856 0.607 0.293 0.53 0.613
-0.19 -0.157 -0.09 -0.007 -0.103 -0.264 -0.299 -0.209 -0.057 0.124 0.306 0.73 0.757 0.494 0.084 0.013 0.249 0.414 0.582 0.905 0.93 0.81 0.615 0.329 0.078 -0.143 -0.296 -0.394 -0.456 -0.426 -0.281 -0.09 0.221 0.505 0.645 0.301 0.053 0.304 0.673 0.765 0.763 0.372 0.213 0.434 0.627 0.831 0.937 1.11 1.493 1.817 2.123 2.445 2.533 2.391 2.381 2.197 1.632 1.178 0.904 0.59 0.225 -0.181 -0.45 -0.358 -0.142 -0.028 0.124 0.431 0.848 1.073 0.998 0.758 0.56 0.802 0.898
-0.119 -0.103 -0.058 -0.105 -0.247 -0.266 -0.208 -0.224 -0.134 0.101 0.447 0.747 0.661 0.427 0.119 0.112 0.373 0.564 0.73 0.888 0.891 0.741 0.576 0.401 0.089 -0.181 -0.3 -0.387 -0.379 -0.251 -0.008 0.186 0.476 0.813 0.688 0.227 0.147 0.42 0.811 1.029 0.996 0.603 0.251 0.342 0.471 0.568 0.511 0.796 1.299 1.642 1.975 2.104 2.083 2.022 2.156 2.023 1.67 1.231 0.952 0.691 0.321 -0.137 -0.479 -0.466 -0.179 0.077 0.269 0.584 0.917 1.165 1.162 0.912 0.835 1.008 1.117
-0.055 -0.069 -0.151 -0.268 -0.295 -0.213 -0.221 -0.273 -0.179 0.08 0.506 0.605 0.551 0.403 0.2 0.134 0.273 0.544 0.791 0.848 0.851 0.865 0.747 0.505 0.166 -0.112 -0.247 -0.348 -0.228 -0.127 0.169 0.494 0.787 0.899 0.634 0.272 0.323 0.602 0.997 1.18 1.092 0.651 0.333 0.309 0.297 0.27 0.245 0.663 1.144 1.406 1.718 1.691 1.677 1.798 1.913 2.015 1.798 1.499 1.139 0.771 0.39 -0.084 -0.473 -0.61 -0.403 -0.087 0.202 0.581 0.883 1.169 1.284 1.108 1.156 1.325 1.367
0.042 -0.119 -0.249 -0.33 -0.331 -0.331 -0.375 -0.358 -0.218 0.093 0.393 0.443 0.441 0.412 0.386 0.259 0.214 0.399 0.708 0.895 0.99 1.057 0.961 0.788 0.409 0.151 -0.118 -0.216 0.046 0.07 0.129 0.591 0.985 0.925 0.769 0.357 0.479 0.83 1.17 1.188 1.029 0.806 0.506 0.324 0.195 0.125 0.164 0.522 0.89 1.144 1.464 1.411 1.374 1.724 1.95 1.981 1.741 1.433 0.93 0.508 0.217 -0.072 -0.367 -0.656 -0.614 -0.369 -0.03 0.393 0.787 1.324 1.519 1.524 1.666 1.598 1.383
0.224 0.085 -0.089 -0.255 -0.356 -0.401 -0.43 -0.432 -0.315 0.02 0.223 0.264 0.321 0.422 0.499 0.477 0.401 0.406 0.591 0.815 1.004 1.209 1.185 0.856 0.608 0.231 -0.118 -0.059 0.288 0.212 0.169 0.593 1.05 1.096 0.836 0.446 0.639 0.961 1.328 1.567 1.333 1.068 0.843 0.609 0.394 0.309 0.215 0.318 0.583 0.957 1.132 1.013 1.169 1.723 1.912 1.676 1.459 1.229 0.941 0.577 0.374 0.2 -0.165 -0.59 -0.736 -0.587 -0.196 0.29 0.789 1.306 1.514 1.647 1.594 1.418 1.16
0.371 0.202 0.005 -0.078 -0.16 -0.181 -0.203 -0.235 -0.261 -0.173 -0.049 0.076 0.292 0.43 0.561 0.645 0.609 0.641 0.731 0.898 1.029 1.271 1.224 0.939 0.645 0.073 -0.157 0.02 0.358 0.258 0.342 0.703 1.083 1.118 0.77 0.613 0.823 1.07 1.404 1.751 1.754 1.444 1.218 1 0.745 0.723 0.567 0.463 0.469 0.694 0.756 0.74 1.07 1.548 1.664 1.533 1.505 1.335 1.237 0.966 0.778 0.462 0.048 -0.453 -0.746 -0.658 -0.264 0.279 0.768 1.019 1.214 1.289 1.203 0.994 0.691
0.307 0.176 0.123 0.109 0.079 0.123 0.175 0.159 0.108 -0.031 -0.085 0.109 0.333 0.493 0.625 0.788 0.892 0.946 1.003 1.123 1.161 1.285 1.128 0.861 0.418 -0.069 -0.179 0.01 0.339 0.31 0.549 0.867 1.14 1.191 0.949 0.944 1.067 1.3 1.523 1.757 1.884 1.826 1.59 1.318 1.143 1.179 1.07 0.988 0.674 0.672 0.765 0.901 1.139 1.442 1.58 1.645 1.732 1.645 1.499 1.176 0.824 0.592 0.194 -0.278 -0.69 -0.686 -0.341 0.122 0.449 0.639 0.863 0.891 0.735 0.518 0.477
0.241 0.203 0.247 0.386 0.412 0.518 0.539 0.449 0.266 0.059 0.073 0.248 0.431 0.628 0.723 0.756 0.873 0.913 0.872 0.942 1.028 1.057 0.866 0.546 0.103 -0.188 -0.193 0.038 0.29 0.32 0.591 0.993 1.209 1.217 1.235 1.305 1.306 1.402 1.473 1.591 1.733 1.878 1.808 1.608 1.456 1.518 1.6 1.425 1.128 1.122 1.123 1.249 1.321 1.399 1.527 1.62 1.713 1.738 1.467 1.16 0.813 0.475 0.201 -0.262 -0.687 -0.685 -0.42 -0.108 0.012 0.162 0.325 0.345 0.337 0.407 0.517
0.385 0.314 0.436 0.505 0.462 0.583 0.567 0.504 0.377 0.219 0.298 0.445 0.579 0.618 0.513 0.358 0.384 0.397 0.363 0.412 0.483 0.687 0.619 0.267 -0.049 -0.221 -0.136 0.103 0.315 0.39 0.528 0.981 1.205 1.251 1.333 1.384 1.381 1.365 1.322 1.43 1.593 1.697 1.765 1.817 1.803 1.769 1.867 1.7 1.629 1.626 1.492 1.374 1.238 1.187 1.344 1.416 1.374 1.527 1.417 1.08 0.789 0.353 -0.033 -0.388 -0.692 -0.683 -0.58 -0.452 -0.334 -0.185 -0.029 0.133 0.361 0.613 0.673
0.674 0.569 0.519 0.462 0.475 0.586 0.597 0.579 0.531 0.414 0.531 0.574 0.447 0.234 0.03 -0.096 -0.146 -0.15 -0.144 -0.084 -0.049 0.193 0.299 0.09 -0.123 -0.211 -0.103 0.044 0.207 0.345 0.519 0.834 1.117 1.331 1.335 1.363 1.376 1.211 1.144 1.363 1.561 1.775 1.876 1.841 1.687 1.543 1.658 1.754 1.793 1.726 1.593 1.241 0.97 1.052 1.218 1.261 1.068 1.233 1.163 0.849 0.51 0.151 -0.275 -0.562 -0.643 -0.468 -0.35 -0.395 -0.308 -0.153 0.014 0.266 0.497 0.731 0.711
0.924 0.783 0.569 0.437 0.543 0.622 0.649 0.672 0.61 0.632 0.61 0.389 0.034 -0.228 -0.4 -0.487 -0.517 -0.522 -0.5 -0.46 -0.429 -0.301 -0.141 -0.175 -0.275 -0.263 -0.243 -0.169 -0.023 0.145 0.365 0.613 0.814 1.121 1.346 1.285 1.129 0.927 1.143 1.417 1.52 1.55 1.497 1.295 1.212 1.344 1.6 1.799 1.618 1.488 1.426 1.212 0.842 0.996 0.966 1.138 0.911 0.771 0.776 0.745 0.431 -0.016 -0.427 -0.555 -0.42 -0.134 0.039 -0.077 -0.124 0.064 0.193 0.394 0.645 0.77 0.696
0.994 0.806 0.54 0.43 0.559 0.624 0.665 0.731 0.758 0.638 0.334 -0.034 -0.318 -0.483 -0.583 -0.65 -0.684 -0.691 -0.666 -0.638 -0.609 -0.561 -0.483 -0.47 -0.479 -0.467 -0.427 -0.381 -0.258 -0.113 0.068 0.329 0.591 0.862 1.059 0.853 0.663 0.869 1.071 1.056 0.926 0.856 0.855 0.915 1.158 1.38 1.509 1.587 1.487 1.197 1.056 0.962 0.751 0.771 0.754 0.837 0.86 0.767 0.508 0.409 0.191 -0.259 -0.513 -0.449 -0.152 0.227 0.355 0.226 0.059 0.286 0.389 0.483 0.727 0.811 0.773
0.966 0.778 0.49 0.335 0.426 0.509 0.586 0.739 0.689 0.299 -0.084 -0.341 -0.482 -0.579 -0.65 -0.684 -0.67 -0.658 -0.671 -0.654 -0.624 -0.594 -0.567 -0.544 -0.553 -0.574 -0.573 -0.517 -0.428 -0.359 -0.168 0.107 0.405 0.617 0.543 0.359 0.529 0.745 0.701 0.495 0.397 0.423 0.489 0.664 0.885 1.119 1.179 1.297 1.223 1.113 1.161 0.959 0.764 0.592 0.525 0.538 0.581 0.623 0.464 0.135 -0.074 -0.422 -0.476 -0.327 0.046 0.47 0.626 0.515 0.338 0.502 0.605 0.524 0.623 0.766 0.788
0.868 0.725 0.444 0.215 0.259 0.332 0.466 0.521 0.257 -0.131 -0.358 -0.475 -0.552 -0.604 -0.577 -0.484 -0.394 -0.336 -0.325 -0.316 -0.229 -0.237 -0.244 -0.25 -0.303 -0.468 -0.562 -0.613 -0.617 -0.54 -0.416 -0.181 0.088 0.17 0.041 0.138 0.232 0.201 0.232 0.229 0.448 0.613 0.685 0.73 0.842 0.971 0.979 1.109 1.164 1.163 1.36 1.241 1.104 0.868 0.653 0.39 0.277 0.264 0.28 0.034 -0.342 -0.477 -0.241 -0.163 0.157 0.539 0.791 0.791 0.676 0.629 0.635 0.442 0.513 0.66 0.618
0.719 0.52 0.25 0.096 0.209 0.295 0.246 0.035 -0.248 -0.415 -0.497 -0.546 -0.551 -0.461 -0.242 -0.193 -0.096 0.007 0.053 0.221 0.361 0.252 0.25 0.224 0.134 -0.085 -0.358 -0.543 -0.659 -0.705 -0.649 -0.465 -0.365 -0.332 -0.302 -0.247 -0.192 -0.108 0.008 0.272 0.612 0.79 0.915 1 1.06 1.124 1.052 1.155 1.298 1.213 1.419 1.48 1.317 1.211 0.972 0.584 0.333 0.084 -0.045 -0.201 -0.487 -0.363 -0.011 -0.021 0.326 0.686 0.91 0.976 0.916 0.786 0.685 0.381 0.421 0.459 0.387
0.545 0.277 0.03 0.118 0.155 -0.07 -0.261 -0.421 -0.529 -0.56 -0.57 -0.529 -0.345 -0.114 0.073 0.027 0.23 0.385 0.502 0.559 0.602 0.64 0.809 0.636 0.562 0.336 0.008 -0.312 -0.533 -0.684 -0.782 -0.757 -0.705 -0.603 -0.475 -0.304 -0.109 0.023 0.099 0.286 0.644 0.835 1 1.163 1.181 1.18 1.222 1.264 1.494 1.297 1.336 1.54 1.47 1.326 1.109 0.859 0.678 0.307 -0.12 -0.419 -0.507 -0.224 0.124 0.116 0.462 0.767 1.053 1.173 1.099 0.859 0.655 0.313 0.21 0.204 0.093
0.239 -0.076 -0.031 0.053 -0.235 -0.46 -0.578 -0.633 -0.647 -0.604 -0.483 -0.281 0.07 0.313 0.381 0.383 0.514 0.738 0.822 0.927 1.066 1.175 1.064 0.958 0.858 0.489 0.125 -0.12 -0.25 -0.498 -0.744 -0.861 -0.769 -0.501 -0.283 -0.084 0.09 0.284 0.352 0.271 0.497 0.694 0.887 1.137 1.299 1.426 1.47 1.479 1.637 1.347 1.184 1.427 1.531 1.41 1.319 1.09 0.799 0.374 -0.114 -0.481 -0.391 -0.077 0.255 0.309 0.534 0.919 1.196 1.219 1.169 0.767 0.488 0.201 -0.06 -0.092 -0.17
-0.101 -0.308 -0.211 -0.361 -0.543 -0.629 -0.693 -0.713 -0.672 -0.459 -0.163 0.038 0.406 0.635 0.656 0.666 0.735 1.023 1.193 1.367 1.427 1.375 1.32 1.2 0.917 0.535 0.152 0.075 0.001 -0.247 -0.623 -0.789 -0.775 -0.426 -0.145 0.021 0.193 0.414 0.499 0.487 0.487 0.536 0.844 1.15 1.454 1.619 1.657 1.671 1.691 1.416 1.17 1.206 1.383 1.476 1.399 1.077 0.742 0.375 -0.147 -0.463 -0.248 0.049 0.371 0.462 0.664 1.057 1.215 1.082 1.017 0.673 0.263 -0.02 -0.317 -0.382 -0.426
-0.396 -0.483 -0.53 -0.597 -0.656 -0.703 -0.721 -0.669 -0.522 -0.173 0.204 0.44 0.663 0.834 0.869 0.928 0.926 1.105 1.322 1.475 1.421 1.37 1.276 1.076 0.781 0.416 0.252 0.329 0.172 -0.391 -0.622 -0.569 -0.725 -0.568 -0.294 -0.105 0.069 0.313 0.518 0.603 0.589 0.549 0.875 1.217 1.485 1.545 1.609 1.637 1.636 1.491 1.283 1.136 1.054 1.209 1.218 0.913 0.655 0.361 -0.144 -0.443 -0.158 0.127 0.434 0.603 0.776 1.072 1.036 0.975 0.667 0.432 0.007 -0.291 -0.48 -0.581 -0.643
-0.539 -0.554 -0.581 -0.635 -0.682 -0.68 -0.617 -0.473 -0.225 0.09 0.463 0.637 0.824 1.008 1.124 1.179 1.141 1.232 1.299 1.356 1.329 1.262 1.174 0.916 0.715 0.523 0.427 0.559 0.179 -0.493 -0.44 -0.255 -0.524 -0.645 -0.549 -0.317 -0.151 0.097 0.383 0.616 0.675 0.721 0.948 1.241 1.535 1.516 1.436 1.445 1.511 1.485 1.379 1.151 0.889 0.808 0.834 0.638 0.37 0.079 -0.248 -0.423 -0.188 0.061 0.406 0.665 0.845 0.964 0.837 0.79 0.452 0.111 -0.185 -0.373 -0.426 -0.531 -0.552
-0.56 -0.49 -0.527 -0.63 -0.631 -0.516 -0.405 -0.272 0.013 0.243 0.494 0.732 0.883 0.994 1.106 1.087 1.11 1.149 1.109 1.101 1.113 1.074 0.936 0.825 0.93 0.822 0.58 0.637 0.184 -0.408 -0.211 0.024 -0.25 -0.485 -0.604 -0.527 -0.399 -0.111 0.199 0.523 0.714 0.892 1.033 1.256 1.558 1.657 1.475 1.337 1.272 1.32 1.276 1.095 0.916 0.706 0.442 0.263 0.082 -0.058 -0.246 -0.267 -0.067 0.149 0.351 0.509 0.674 0.772 0.762 0.587 0.269 -0.036 -0.19 -0.191 -0.261 -0.385 -0.306
-0.406 -0.271 -0.428 -0.559 -0.541 -0.332 -0.198 -0.09 -0.001 0.14 0.353 0.546 0.638 0.651 0.777 0.802 0.82 0.795 0.798 0.748 0.781 0.867 0.829 0.9 1.163 1.038 0.829 0.638 0.225 -0.244 -0.015 0.266 0.074 -0.154 -0.434 -0.556 -0.544 -0.304 -0.008 0.358 0.677 0.969 1.098 1.307 1.63 1.83 1.713 1.506 1.205 1.036 1.035 0.886 0.677 0.485 0.359 0.343 0.322 0.26 -0.118 -0.064 0.077 0.158 0.209 0.413 0.687 0.712 0.665 0.393 0.148 0.083 0.03 0.013 -0.165 -0.183 -0.094
-0.095 -0.155 -0.251 -0.391 -0.516 -0.365 -0.186 -0.185 -0.22 -0.123 0.001 0.085 0.213 0.258 0.305 0.307 0.421 0.37 0.345 0.338 0.429 0.677 1.014 1.092 1.233 1.159 1.049 0.724 0.355 -0.052 0.046 0.289 0.334 0.087 -0.142 -0.29 -0.469 -0.389 -0.021 0.267 0.492 0.923 1.106 1.325 1.623 1.851 1.882 1.663 1.417 1.055 0.781 0.668 0.579 0.607 0.652 0.666 0.606 0.377 -0.007 -0.108 0.007 0.059 0.232 0.508 0.73 0.696 0.581 0.484 0.31 0.334 0.242 0.153 -0.021 0.048 0.12
0.079 -0.058 0.049 -0.08 -0.37 -0.476 -0.42 -0.476 -0.507 -0.471 -0.395 -0.337 -0.25 -0.171 -0.168 -0.137 -0.022 -0.051 -0.069 -0.019 0.184 0.648 1.101 1.232 1.249 1.201 1.13 0.834 0.558 0.266 0.18 0.201 0.33 0.399 0.232 0.039 -0.285 -0.382 -0.052 0.155 0.345 0.807 1.118 1.307 1.52 1.79 1.854 1.669 1.367 1.186 1.143 0.947 0.935 0.93 0.894 0.805 0.573 0.272 -0.05 -0.143 -0.088 0.042 0.283 0.561 0.708 0.74 0.749 0.72 0.439 0.517 0.443 0.288 0.168 0.286 0.326
