data/climatemaps/RS_maps/climate_winter_pr_2010.asc
NCOLS 369 
NROWS 228 
XLLCORNER 479000 
YLLCORNER 73000 
CELLSIZE 1000 
NODATA_value -9 
[rows 66 to 98 of 228, columns 148 to 221 of 369]
-0.872 -0.875 -0.873 -0.854 -0.835 -0.817 -0.803 -0.801 -0.789 -0.781 -0.798 -0.823 -0.827 -0.793 -0.736 -0.681 -0.63 -0.586 -0.611 -0.655 -0.655 -0.628 -0.586 -0.53 -0.465 -0.431 -0.446 -0.482 -0.521 -0.54 -0.556 -0.612 -0.662 -0.673 -0.627 -0.556 -0.445 -0.321 -0.263 -0.269 -0.33 -0.42 -0.507 -0.6 -0.668 -0.71 -0.727 -0.722 -0.703 -0.656 -0.579 -0.481 -0.396 -0.311 -0.227 -0.161 -0.123 -0.19 -0.237 -0.299 -0.414 -0.5 -0.567 -0.609 -0.63 -0.638 -0.633 -0.618 -0.588 -0.549 -0.521 -0.521 -0.53 -0.548
-0.857 -0.865 -0.862 -0.837 -0.826 -0.804 -0.791 -0.791 -0.781 -0.774 -0.781 -0.804 -0.822 -0.808 -0.769 -0.7 -0.637 -0.59 -0.599 -0.638 -0.646 -0.618 -0.568 -0.49 -0.431 -0.379 -0.355 -0.377 -0.443 -0.488 -0.5 -0.55 -0.629 -0.66 -0.634 -0.568 -0.464 -0.329 -0.234 -0.218 -0.264 -0.343 -0.443 -0.541 -0.624 -0.678 -0.706 -0.706 -0.698 -0.666 -0.607 -0.515 -0.439 -0.361 -0.284 -0.22 -0.134 -0.136 -0.206 -0.23 -0.291 -0.391 -0.473 -0.53 -0.575 -0.608 -0.623 -0.631 -0.627 -0.609 -0.584 -0.567 -0.565 -0.572
-0.856 -0.858 -0.852 -0.828 -0.814 -0.8 -0.789 -0.783 -0.765 -0.763 -0.764 -0.785 -0.81 -0.809 -0.771 -0.712 -0.65 -0.591 -0.585 -0.623 -0.642 -0.617 -0.552 -0.467 -0.398 -0.341 -0.286 -0.279 -0.349 -0.424 -0.448 -0.484 -0.58 -0.634 -0.632 -0.574 -0.486 -0.357 -0.236 -0.181 -0.209 -0.277 -0.376 -0.48 -0.577 -0.643 -0.683 -0.694 -0.689 -0.667 -0.628 -0.556 -0.479 -0.404 -0.339 -0.278 -0.205 -0.14 -0.169 -0.185 -0.202 -0.279 -0.367 -0.421 -0.483 -0.547 -0.582 -0.605 -0.62 -0.625 -0.622 -0.611 -0.606 -0.599
-0.848 -0.845 -0.845 -0.836 -0.818 -0.8 -0.783 -0.777 -0.754 -0.735 -0.734 -0.76 -0.794 -0.802 -0.775 -0.725 -0.665 -0.596 -0.577 -0.61 -0.639 -0.635 -0.566 -0.48 -0.402 -0.322 -0.269 -0.235 -0.283 -0.356 -0.391 -0.423 -0.515 -0.593 -0.618 -0.582 -0.505 -0.388 -0.257 -0.165 -0.17 -0.231 -0.321 -0.426 -0.525 -0.606 -0.656 -0.68 -0.681 -0.662 -0.635 -0.583 -0.518 -0.446 -0.388 -0.332 -0.271 -0.205 -0.175 -0.18 -0.149 -0.2 -0.279 -0.337 -0.387 -0.461 -0.518 -0.555 -0.582 -0.602 -0.613 -0.616 -0.614 -0.606
-0.835 -0.829 -0.83 -0.833 -0.818 -0.793 -0.778 -0.772 -0.742 -0.708 -0.711 -0.741 -0.771 -0.795 -0.79 -0.741 -0.682 -0.617 -0.584 -0.594 -0.637 -0.651 -0.599 -0.521 -0.434 -0.335 -0.27 -0.239 -0.248 -0.296 -0.335 -0.359 -0.438 -0.538 -0.587 -0.587 -0.522 -0.423 -0.292 -0.177 -0.148 -0.201 -0.285 -0.379 -0.474 -0.569 -0.626 -0.656 -0.662 -0.653 -0.635 -0.593 -0.542 -0.485 -0.43 -0.392 -0.337 -0.279 -0.23 -0.204 -0.142 -0.149 -0.198 -0.268 -0.303 -0.353 -0.419 -0.476 -0.525 -0.557 -0.578 -0.589 -0.591 -0.585
-0.826 -0.819 -0.818 -0.824 -0.813 -0.79 -0.777 -0.759 -0.724 -0.697 -0.702 -0.721 -0.751 -0.784 -0.794 -0.751 -0.705 -0.656 -0.609 -0.594 -0.636 -0.663 -0.64 -0.567 -0.474 -0.371 -0.281 -0.244 -0.226 -0.253 -0.282 -0.293 -0.354 -0.468 -0.541 -0.571 -0.536 -0.454 -0.339 -0.214 -0.153 -0.184 -0.261 -0.347 -0.434 -0.532 -0.596 -0.631 -0.639 -0.638 -0.623 -0.596 -0.555 -0.51 -0.473 -0.442 -0.411 -0.349 -0.273 -0.208 -0.164 -0.135 -0.153 -0.201 -0.249 -0.281 -0.329 -0.38 -0.449 -0.499 -0.526 -0.538 -0.544 -0.54
-0.816 -0.812 -0.807 -0.812 -0.809 -0.786 -0.77 -0.745 -0.707 -0.689 -0.69 -0.697 -0.739 -0.77 -0.774 -0.763 -0.736 -0.698 -0.655 -0.623 -0.638 -0.669 -0.665 -0.613 -0.521 -0.412 -0.313 -0.269 -0.231 -0.229 -0.241 -0.233 -0.268 -0.38 -0.48 -0.533 -0.538 -0.486 -0.393 -0.273 -0.186 -0.187 -0.247 -0.329 -0.407 -0.502 -0.57 -0.607 -0.62 -0.615 -0.612 -0.596 -0.569 -0.539 -0.521 -0.502 -0.45 -0.347 -0.257 -0.185 -0.144 -0.123 -0.12 -0.15 -0.196 -0.232 -0.27 -0.312 -0.368 -0.416 -0.448 -0.457 -0.465 -0.462
-0.806 -0.801 -0.792 -0.794 -0.802 -0.783 -0.763 -0.733 -0.698 -0.679 -0.673 -0.673 -0.719 -0.757 -0.748 -0.739 -0.72 -0.697 -0.68 -0.653 -0.646 -0.668 -0.676 -0.651 -0.576 -0.468 -0.369 -0.317 -0.252 -0.223 -0.222 -0.191 -0.193 -0.279 -0.401 -0.48 -0.518 -0.503 -0.438 -0.332 -0.233 -0.21 -0.248 -0.316 -0.394 -0.48 -0.545 -0.58 -0.594 -0.596 -0.59 -0.588 -0.578 -0.564 -0.549 -0.52 -0.46 -0.376 -0.26 -0.151 -0.089 -0.072 -0.094 -0.109 -0.141 -0.178 -0.21 -0.238 -0.273 -0.305 -0.341 -0.347 -0.345 -0.337
-0.794 -0.785 -0.779 -0.783 -0.788 -0.781 -0.759 -0.726 -0.696 -0.676 -0.664 -0.66 -0.705 -0.747 -0.747 -0.737 -0.721 -0.706 -0.687 -0.659 -0.649 -0.665 -0.675 -0.666 -0.626 -0.538 -0.451 -0.373 -0.282 -0.233 -0.218 -0.179 -0.147 -0.193 -0.307 -0.42 -0.48 -0.5 -0.467 -0.386 -0.291 -0.245 -0.264 -0.311 -0.378 -0.463 -0.523 -0.552 -0.559 -0.57 -0.57 -0.573 -0.571 -0.566 -0.551 -0.518 -0.437 -0.336 -0.214 -0.102 -0.039 -0.021 -0.049 -0.067 -0.085 -0.113 -0.138 -0.145 -0.169 -0.205 -0.228 -0.219 -0.198 -0.179
-0.785 -0.773 -0.77 -0.774 -0.776 -0.767 -0.759 -0.719 -0.693 -0.676 -0.671 -0.669 -0.7 -0.737 -0.752 -0.755 -0.75 -0.735 -0.712 -0.685 -0.669 -0.665 -0.665 -0.664 -0.647 -0.6 -0.515 -0.428 -0.335 -0.265 -0.231 -0.194 -0.138 -0.142 -0.224 -0.346 -0.432 -0.472 -0.471 -0.413 -0.339 -0.283 -0.286 -0.316 -0.372 -0.447 -0.502 -0.522 -0.523 -0.541 -0.548 -0.552 -0.556 -0.556 -0.538 -0.485 -0.383 -0.273 -0.149 -0.037 0.03 0.043 0.016 -0.019 -0.029 -0.046 -0.045 -0.02 -0.037 -0.095 -0.122 -0.125 -0.098 -0.086
-0.782 -0.772 -0.759 -0.758 -0.758 -0.742 -0.748 -0.717 -0.685 -0.665 -0.658 -0.661 -0.689 -0.726 -0.745 -0.753 -0.754 -0.743 -0.722 -0.696 -0.673 -0.659 -0.65 -0.651 -0.646 -0.63 -0.574 -0.484 -0.406 -0.327 -0.264 -0.217 -0.163 -0.134 -0.184 -0.279 -0.384 -0.437 -0.457 -0.427 -0.371 -0.32 -0.315 -0.327 -0.368 -0.433 -0.48 -0.491 -0.496 -0.511 -0.521 -0.528 -0.537 -0.54 -0.511 -0.418 -0.286 -0.185 -0.073 0.042 0.089 0.107 0.09 0.058 0.056 0.057 0.084 0.113 0.087 0.02 -0.036 -0.062 -0.055 -0.054
-0.781 -0.773 -0.749 -0.746 -0.738 -0.728 -0.73 -0.718 -0.692 -0.663 -0.652 -0.652 -0.676 -0.705 -0.729 -0.74 -0.744 -0.738 -0.715 -0.663 -0.634 -0.62 -0.621 -0.629 -0.634 -0.634 -0.615 -0.547 -0.467 -0.395 -0.322 -0.261 -0.207 -0.169 -0.18 -0.246 -0.346 -0.405 -0.43 -0.424 -0.398 -0.361 -0.345 -0.342 -0.366 -0.423 -0.46 -0.463 -0.47 -0.476 -0.489 -0.501 -0.515 -0.518 -0.474 -0.33 -0.177 -0.093 0.001 0.113 0.159 0.177 0.177 0.148 0.163 0.154 0.166 0.148 0.114 0.053 0.002 -0.019 -0.027 -0.027
-0.756 -0.764 -0.743 -0.736 -0.732 -0.722 -0.717 -0.7 -0.697 -0.663 -0.649 -0.655 -0.685 -0.7 -0.714 -0.728 -0.73 -0.725 -0.698 -0.651 -0.621 -0.585 -0.587 -0.601 -0.612 -0.621 -0.62 -0.596 -0.544 -0.473 -0.403 -0.338 -0.277 -0.23 -0.216 -0.248 -0.324 -0.378 -0.403 -0.41 -0.409 -0.386 -0.365 -0.351 -0.365 -0.414 -0.438 -0.436 -0.436 -0.436 -0.453 -0.472 -0.493 -0.495 -0.43 -0.248 -0.084 -0.014 0.058 0.154 0.189 0.182 0.164 0.141 0.149 0.158 0.145 0.117 0.095 0.054 0.027 0.004 -0.016 -0.03
-0.731 -0.745 -0.748 -0.739 -0.731 -0.725 -0.712 -0.694 -0.695 -0.689 -0.665 -0.659 -0.673 -0.695 -0.704 -0.71 -0.708 -0.708 -0.696 -0.668 -0.635 -0.586 -0.561 -0.562 -0.581 -0.595 -0.603 -0.599 -0.58 -0.538 -0.485 -0.427 -0.362 -0.305 -0.271 -0.274 -0.317 -0.358 -0.379 -0.395 -0.41 -0.4 -0.378 -0.355 -0.369 -0.406 -0.408 -0.393 -0.388 -0.388 -0.407 -0.442 -0.471 -0.472 -0.372 -0.186 -0.022 0.046 0.101 0.147 0.145 0.108 0.076 0.074 0.079 0.114 0.132 0.099 0.097 0.09 0.075 0.018 -0.023 -0.039
-0.731 -0.749 -0.749 -0.734 -0.725 -0.719 -0.714 -0.696 -0.696 -0.71 -0.697 -0.687 -0.684 -0.678 -0.684 -0.694 -0.664 -0.677 -0.687 -0.678 -0.642 -0.596 -0.554 -0.528 -0.544 -0.552 -0.567 -0.575 -0.572 -0.558 -0.524 -0.479 -0.426 -0.368 -0.326 -0.308 -0.321 -0.344 -0.364 -0.389 -0.412 -0.414 -0.394 -0.369 -0.385 -0.393 -0.348 -0.317 -0.306 -0.329 -0.364 -0.414 -0.452 -0.434 -0.288 -0.132 0.016 0.09 0.147 0.155 0.128 0.074 0.015 -0.003 0.039 0.081 0.074 0.074 0.106 0.15 0.07 -0.001 -0.019 -0.026
-0.694 -0.723 -0.741 -0.723 -0.718 -0.719 -0.718 -0.708 -0.713 -0.704 -0.681 -0.671 -0.664 -0.662 -0.668 -0.678 -0.645 -0.642 -0.663 -0.671 -0.652 -0.603 -0.557 -0.534 -0.511 -0.494 -0.503 -0.524 -0.535 -0.536 -0.522 -0.492 -0.453 -0.403 -0.358 -0.333 -0.329 -0.341 -0.364 -0.392 -0.42 -0.429 -0.422 -0.403 -0.4 -0.367 -0.264 -0.213 -0.228 -0.283 -0.33 -0.385 -0.432 -0.402 -0.276 -0.12 0.019 0.144 0.203 0.193 0.181 0.113 0.013 -0.054 -0.021 0.014 0.011 0.065 0.129 0.172 0.09 0.003 0.016 0.004
-0.652 -0.677 -0.719 -0.715 -0.713 -0.715 -0.704 -0.705 -0.709 -0.696 -0.677 -0.677 -0.672 -0.673 -0.667 -0.665 -0.644 -0.635 -0.642 -0.656 -0.652 -0.628 -0.591 -0.552 -0.494 -0.452 -0.432 -0.444 -0.467 -0.486 -0.494 -0.48 -0.452 -0.415 -0.377 -0.354 -0.344 -0.352 -0.374 -0.399 -0.428 -0.44 -0.439 -0.423 -0.394 -0.313 -0.181 -0.145 -0.194 -0.253 -0.285 -0.334 -0.402 -0.409 -0.313 -0.146 0.004 0.172 0.231 0.248 0.311 0.266 0.079 -0.062 -0.082 -0.009 -0.01 0.09 0.199 0.219 0.091 0.029 0.032 -0.013
-0.611 -0.643 -0.69 -0.696 -0.702 -0.695 -0.684 -0.688 -0.696 -0.691 -0.679 -0.676 -0.68 -0.669 -0.645 -0.643 -0.646 -0.632 -0.635 -0.634 -0.635 -0.63 -0.605 -0.556 -0.487 -0.431 -0.386 -0.366 -0.387 -0.414 -0.442 -0.45 -0.435 -0.417 -0.387 -0.371 -0.362 -0.369 -0.388 -0.413 -0.433 -0.442 -0.435 -0.414 -0.362 -0.224 -0.13 -0.13 -0.181 -0.221 -0.233 -0.296 -0.37 -0.405 -0.37 -0.215 -0.044 0.139 0.204 0.25 0.313 0.332 0.179 -0.034 -0.067 0.021 0.002 0.11 0.213 0.184 0.081 0.104 0.082 0.023
-0.579 -0.619 -0.652 -0.651 -0.667 -0.664 -0.656 -0.66 -0.675 -0.676 -0.666 -0.668 -0.678 -0.651 -0.638 -0.619 -0.629 -0.608 -0.615 -0.606 -0.605 -0.607 -0.593 -0.548 -0.47 -0.404 -0.349 -0.311 -0.312 -0.341 -0.378 -0.407 -0.406 -0.401 -0.388 -0.38 -0.378 -0.389 -0.408 -0.426 -0.437 -0.437 -0.426 -0.393 -0.291 -0.165 -0.135 -0.142 -0.172 -0.186 -0.219 -0.267 -0.316 -0.362 -0.382 -0.288 -0.121 0.056 0.202 0.288 0.378 0.374 0.244 0.002 -0.023 0.025 0.025 0.146 0.244 0.189 0.099 0.162 0.123 0.118
-0.549 -0.578 -0.603 -0.604 -0.619 -0.618 -0.616 -0.63 -0.646 -0.65 -0.651 -0.654 -0.665 -0.634 -0.626 -0.592 -0.598 -0.59 -0.595 -0.585 -0.582 -0.581 -0.575 -0.546 -0.481 -0.409 -0.341 -0.291 -0.263 -0.288 -0.327 -0.367 -0.376 -0.383 -0.381 -0.379 -0.386 -0.403 -0.422 -0.434 -0.432 -0.433 -0.41 -0.326 -0.26 -0.197 -0.165 -0.162 -0.178 -0.176 -0.132 -0.18 -0.224 -0.278 -0.33 -0.303 -0.152 0.016 0.195 0.317 0.394 0.321 0.171 -0.003 -0.017 0.015 0.082 0.192 0.316 0.233 0.128 0.212 0.162 0.189
-0.501 -0.519 -0.544 -0.546 -0.56 -0.556 -0.565 -0.591 -0.613 -0.627 -0.631 -0.642 -0.644 -0.608 -0.604 -0.564 -0.565 -0.548 -0.566 -0.568 -0.564 -0.564 -0.551 -0.543 -0.499 -0.441 -0.371 -0.301 -0.255 -0.26 -0.3 -0.347 -0.361 -0.369 -0.372 -0.375 -0.394 -0.412 -0.426 -0.43 -0.431 -0.423 -0.36 -0.291 -0.254 -0.222 -0.179 -0.193 -0.208 -0.138 -0.001 0.018 -0.061 -0.148 -0.234 -0.276 -0.169 -0.004 0.108 0.169 0.186 0.132 0.021 -0.049 -0.015 0.064 0.17 0.218 0.326 0.239 0.15 0.246 0.208 0.225
-0.445 -0.463 -0.481 -0.483 -0.494 -0.49 -0.505 -0.539 -0.562 -0.601 -0.603 -0.626 -0.617 -0.584 -0.573 -0.54 -0.52 -0.504 -0.514 -0.542 -0.55 -0.537 -0.535 -0.532 -0.475 -0.423 -0.384 -0.335 -0.287 -0.28 -0.305 -0.339 -0.355 -0.359 -0.362 -0.381 -0.398 -0.41 -0.416 -0.429 -0.419 -0.387 -0.359 -0.332 -0.28 -0.234 -0.243 -0.261 -0.228 -0.097 0.116 0.25 0.247 0.053 -0.116 -0.218 -0.232 -0.131 -0.09 -0.043 -0.034 -0.065 -0.126 -0.101 -0.016 0.073 0.196 0.242 0.309 0.203 0.193 0.26 0.262 0.218
-0.396 -0.412 -0.418 -0.418 -0.418 -0.42 -0.445 -0.467 -0.509 -0.556 -0.564 -0.598 -0.591 -0.557 -0.545 -0.499 -0.486 -0.48 -0.478 -0.502 -0.537 -0.528 -0.534 -0.51 -0.438 -0.397 -0.36 -0.341 -0.323 -0.314 -0.316 -0.339 -0.357 -0.361 -0.368 -0.388 -0.382 -0.393 -0.408 -0.414 -0.403 -0.379 -0.38 -0.338 -0.3 -0.304 -0.32 -0.31 -0.241 -0.04 0.208 0.424 0.55 0.341 0.041 -0.119 -0.217 -0.217 -0.221 -0.205 -0.217 -0.244 -0.262 -0.192 -0.079 0.003 0.138 0.214 0.233 0.161 0.233 0.28 0.257 0.174
-0.379 -0.36 -0.357 -0.348 -0.335 -0.344 -0.367 -0.393 -0.45 -0.508 -0.517 -0.551 -0.551 -0.515 -0.513 -0.466 -0.451 -0.461 -0.48 -0.485 -0.523 -0.535 -0.529 -0.512 -0.458 -0.384 -0.34 -0.324 -0.325 -0.338 -0.352 -0.371 -0.378 -0.378 -0.373 -0.356 -0.342 -0.361 -0.393 -0.42 -0.438 -0.436 -0.403 -0.366 -0.364 -0.369 -0.363 -0.344 -0.245 0.003 0.262 0.523 0.666 0.571 0.269 0.032 -0.115 -0.206 -0.269 -0.303 -0.336 -0.367 -0.381 -0.328 -0.233 -0.133 -0.012 0.123 0.136 0.127 0.223 0.286 0.251 0.159
-0.41 -0.383 -0.348 -0.324 -0.303 -0.268 -0.287 -0.324 -0.38 -0.439 -0.466 -0.502 -0.508 -0.473 -0.444 -0.447 -0.454 -0.441 -0.445 -0.466 -0.511 -0.498 -0.45 -0.428 -0.46 -0.444 -0.391 -0.368 -0.394 -0.412 -0.414 -0.403 -0.39 -0.374 -0.336 -0.286 -0.291 -0.319 -0.376 -0.406 -0.436 -0.451 -0.428 -0.42 -0.419 -0.407 -0.39 -0.366 -0.276 -0.059 0.215 0.417 0.541 0.57 0.433 0.231 0.041 -0.1 -0.217 -0.3 -0.362 -0.412 -0.448 -0.446 -0.395 -0.302 -0.167 0.024 0.047 0.088 0.19 0.262 0.228 0.157
-0.417 -0.354 -0.324 -0.279 -0.266 -0.252 -0.215 -0.252 -0.313 -0.367 -0.403 -0.423 -0.442 -0.413 -0.404 -0.406 -0.424 -0.466 -0.483 -0.49 -0.508 -0.486 -0.406 -0.35 -0.374 -0.421 -0.456 -0.451 -0.445 -0.421 -0.381 -0.339 -0.314 -0.31 -0.289 -0.279 -0.297 -0.326 -0.36 -0.37 -0.408 -0.451 -0.456 -0.45 -0.443 -0.428 -0.407 -0.394 -0.357 -0.247 -0.044 0.156 0.36 0.513 0.507 0.427 0.235 0.073 -0.074 -0.201 -0.305 -0.393 -0.452 -0.502 -0.494 -0.434 -0.308 -0.104 -0.015 0.054 0.145 0.203 0.178 0.122
-0.418 -0.371 -0.29 -0.249 -0.214 -0.2 -0.198 -0.174 -0.228 -0.3 -0.317 -0.344 -0.357 -0.374 -0.394 -0.41 -0.431 -0.457 -0.469 -0.512 -0.525 -0.478 -0.387 -0.322 -0.333 -0.395 -0.424 -0.416 -0.394 -0.345 -0.292 -0.232 -0.206 -0.26 -0.255 -0.226 -0.246 -0.295 -0.343 -0.35 -0.379 -0.441 -0.463 -0.462 -0.45 -0.435 -0.423 -0.42 -0.412 -0.372 -0.279 -0.139 0.077 0.362 0.467 0.46 0.362 0.263 0.119 -0.024 -0.153 -0.27 -0.374 -0.515 -0.546 -0.527 -0.441 -0.287 -0.129 -0.015 0.046 0.114 0.115 0.146
-0.435 -0.372 -0.322 -0.247 -0.187 -0.145 -0.156 -0.126 -0.166 -0.213 -0.238 -0.261 -0.263 -0.296 -0.325 -0.349 -0.404 -0.451 -0.498 -0.505 -0.525 -0.469 -0.363 -0.318 -0.336 -0.39 -0.366 -0.337 -0.327 -0.294 -0.256 -0.191 -0.149 -0.203 -0.155 -0.111 -0.144 -0.225 -0.316 -0.352 -0.372 -0.43 -0.459 -0.46 -0.446 -0.429 -0.421 -0.425 -0.432 -0.426 -0.4 -0.339 -0.193 0.071 0.252 0.274 0.249 0.306 0.266 0.134 -0.017 -0.212 -0.407 -0.524 -0.566 -0.564 -0.517 -0.407 -0.262 -0.176 -0.089 0.033 0.085 0.155
-0.442 -0.36 -0.311 -0.261 -0.212 -0.139 -0.094 -0.094 -0.109 -0.129 -0.141 -0.151 -0.168 -0.208 -0.243 -0.301 -0.38 -0.458 -0.494 -0.48 -0.531 -0.462 -0.358 -0.328 -0.313 -0.359 -0.322 -0.306 -0.31 -0.288 -0.233 -0.165 -0.13 -0.14 -0.08 -0.029 -0.051 -0.143 -0.271 -0.349 -0.372 -0.424 -0.452 -0.447 -0.422 -0.374 -0.37 -0.404 -0.424 -0.442 -0.45 -0.433 -0.348 -0.115 0.046 0.002 0.052 0.207 0.134 -0.035 -0.188 -0.34 -0.46 -0.529 -0.56 -0.54 -0.473 -0.43 -0.355 -0.253 -0.178 -0.1 -0.017 0.063
-0.459 -0.362 -0.293 -0.237 -0.205 -0.135 -0.08 -0.085 -0.069 -0.118 -0.084 -0.098 -0.111 -0.159 -0.203 -0.287 -0.358 -0.432 -0.491 -0.493 -0.535 -0.45 -0.353 -0.298 -0.277 -0.314 -0.327 -0.305 -0.263 -0.228 -0.167 -0.097 -0.108 -0.072 -0.003 0.044 0.005 -0.093 -0.236 -0.346 -0.387 -0.425 -0.441 -0.383 -0.315 -0.243 -0.245 -0.313 -0.362 -0.413 -0.455 -0.471 -0.414 -0.289 -0.248 -0.262 -0.119 -0.068 -0.196 -0.282 -0.354 -0.432 -0.475 -0.498 -0.502 -0.471 -0.428 -0.43 -0.367 -0.317 -0.278 -0.248 -0.156 -0.09
-0.48 -0.375 -0.33 -0.268 -0.205 -0.124 -0.126 -0.131 -0.102 -0.136 -0.104 -0.114 -0.137 -0.185 -0.229 -0.308 -0.352 -0.447 -0.496 -0.521 -0.53 -0.432 -0.341 -0.276 -0.234 -0.28 -0.307 -0.231 -0.179 -0.103 -0.037 0.009 -0.07 -0.001 0.106 0.103 0.016 -0.107 -0.238 -0.347 -0.394 -0.425 -0.395 -0.303 -0.254 -0.226 -0.291 -0.35 -0.39 -0.426 -0.458 -0.48 -0.479 -0.46 -0.443 -0.417 -0.364 -0.352 -0.36 -0.377 -0.414 -0.489 -0.474 -0.426 -0.366 -0.333 -0.274 -0.298 -0.318 -0.366 -0.365 -0.329 -0.271 -0.244
-0.518 -0.416 -0.378 -0.303 -0.217 -0.162 -0.174 -0.182 -0.159 -0.161 -0.148 -0.113 -0.135 -0.187 -0.259 -0.344 -0.405 -0.459 -0.512 -0.542 -0.511 -0.421 -0.34 -0.255 -0.201 -0.251 -0.264 -0.178 -0.117 -0.008 0.031 0.016 0.011 0.112 0.272 0.277 0.101 -0.089 -0.212 -0.319 -0.381 -0.419 -0.346 -0.277 -0.301 -0.348 -0.379 -0.385 -0.392 -0.408 -0.433 -0.458 -0.476 -0.483 -0.479 -0.461 -0.432 -0.4 -0.357 -0.324 -0.395 -0.521 -0.493 -0.339 -0.164 -0.094 -0.074 -0.064 -0.057 -0.139 -0.242 -0.336 -0.366 -0.398
-0.549 -0.473 -0.426 -0.34 -0.259 -0.228 -0.238 -0.253 -0.239 -0.224 -0.188 -0.129 -0.176 -0.223 -0.289 -0.349 -0.426 -0.498 -0.552 -0.513 -0.467 -0.424 -0.356 -0.272 -0.22 -0.199 -0.181 -0.102 -0.039 0.113 0.182 0.155 0.227 0.285 0.338 0.293 0.081 -0.162 -0.281 -0.335 -0.404 -0.427 -0.385 -0.372 -0.406 -0.406 -0.4 -0.377 -0.344 -0.343 -0.375 -0.405 -0.432 -0.451 -0.455 -0.429 -0.374 -0.291 -0.213 -0.229 -0.39 -0.537 -0.496 -0.277 -0.064 -0.01 0.056 0.117 0.13 0.103 0.03 -0.144 -0.263 -0.304
