data/climatemaps/RS_maps/climate_breeding_tmp_2014.asc
NCOLS 369 
NROWS 228 
XLLCORNER 479000 
YLLCORNER 73000 
CELLSIZE 1000 
NODATA_value -9 
[rows 170 to 203 of 228, columns 154 to 230 of 369]
-0.249 -0.389 -0.862 -0.883 -0.932 -0.493 -0.412 -0.171 0.353 0.613 0.59 0.449 0.165 -0.455 -1.067 -1.515 -1.811 -1.878 -1.65 -1.369 -1.463 -1.455 -1.246 -1.316 -1.305 -1.487 -2.018 -2.073 -1.566 -0.973 -0.77 -0.822 -1.045 -1.373 -1.435 -1.431 -1.56 -1.142 -0.596 0.075 0.144 -0.384 -0.551 -0.964 -1.387 -1.292 -0.96 -0.649 -0.566 -0.427 -0.508 -0.404 -0.466 -0.651 -0.46 0.238 1.017 0.337 -0.325 -0.626 -0.837 -0.991 -1.003 -0.861 -0.31 -0.274 -0.351 -0.462 -0.8 -1.048 -0.325 0.414 0.258 -0.411 -1.014 -1.238 -0.989
0.16 -0.099 -0.359 -0.447 -0.407 -0.1 0.139 0.36 0.614 0.667 0.528 0.363 0.1 -0.479 -1.17 -1.474 -1.486 -1.706 -1.714 -1.621 -1.736 -1.637 -1.388 -1.634 -1.84 -1.635 -1.995 -1.631 -1.167 -0.792 -0.618 -0.853 -1.147 -1.173 -1.102 -1.374 -1.359 -0.844 -0.205 0.332 -0.286 -0.938 -1.214 -1.146 -1.434 -1.056 -0.657 -0.442 -0.44 -0.42 -0.247 -0.012 0.142 0.064 0.247 0.695 1.088 0.655 -0.093 -0.231 -0.297 -0.719 -0.499 -0.829 -0.83 -0.493 -0.116 0.122 -0.11 -0.376 -0.212 0.539 0.183 -0.432 -1.01 -0.917 -0.576
0.534 0.306 0.188 0.063 0.18 0.395 0.568 0.622 0.562 0.543 0.484 0.204 -0.202 -0.634 -0.925 -1.054 -1.307 -1.426 -1.531 -1.67 -1.965 -1.977 -1.487 -1.881 -2.248 -2 -1.792 -1.274 -1.113 -0.936 -0.479 -0.875 -1.112 -0.712 -0.938 -1.312 -0.962 -0.355 0.301 0.13 -0.536 -1.238 -1.57 -1.466 -1.521 -1.069 -0.886 -0.835 -1.006 -0.839 -0.43 0.082 0.487 0.387 0.612 0.552 0.722 1.028 0.633 0.4 0.094 -0.332 -0.156 -0.466 -0.565 -0.58 -0.807 -0.293 0.14 0.251 0.187 0.654 -0.051 -0.814 -0.866 -0.535 -0.45
0.694 0.667 0.629 0.558 0.549 0.48 0.472 0.189 0.039 0.068 0.09 0.039 -0.209 -0.38 -0.498 -0.642 -0.985 -1.274 -1.616 -1.96 -2.016 -1.852 -1.823 -1.904 -2.02 -2.007 -1.668 -1.345 -1.312 -0.775 -0.095 -0.437 -0.795 -0.591 -1.162 -1.211 -0.524 0.205 0.312 -0.355 -0.844 -1.443 -1.694 -1.544 -1.256 -1.156 -0.774 -0.472 -0.396 -0.329 0.026 0.436 0.193 -0.457 -0.298 -0.088 0.003 0.502 1.033 1.009 0.769 0.515 0.092 0.18 -0.075 -0.434 -0.738 -0.704 -0.515 -0.01 0.339 0.7 0.01 -0.686 -0.682 -0.153 -0.53
0.522 0.671 0.368 0.409 0.142 -0.105 0.136 -0.336 -0.749 -0.846 -0.473 -0.054 -0.109 -0.432 -0.663 -0.813 -0.896 -1.264 -1.711 -1.95 -1.637 -1.378 -1.498 -1.416 -1.657 -1.846 -1.584 -1.347 -1.013 -0.583 -0.191 0.029 -0.081 -0.461 -1.123 -1.049 -0.387 0.486 0.171 -0.665 -1.386 -1.603 -1.296 -1.116 -0.838 -0.758 -0.558 -0.249 -0.016 0.089 0.268 0.242 -0.355 -0.759 -0.575 -0.288 -0.45 0.025 0.492 0.792 1.13 1.125 0.657 0.495 -0.093 -0.568 -0.221 -0.593 -0.876 -0.552 -0.082 0.588 0.474 -0.19 -0.567 0.051 -0.121
0.28 0.585 0.115 -0.202 -0.589 -0.681 -0.13 -0.728 -1.271 -1.391 -0.725 -0.351 -0.27 -0.784 -1.03 -1.237 -1.326 -1.473 -1.86 -1.462 -1.091 -0.912 -1.021 -1.195 -1.54 -1.629 -1.272 -1.1 -0.774 -0.74 -0.711 -0.216 0.15 0.028 -0.439 -0.547 0.071 0.58 0.094 -0.618 -1.352 -1.489 -1.17 -0.747 -0.578 -0.352 -0.305 -0.184 -0.384 -0.48 -0.158 -0.193 -0.494 -0.952 -0.891 -0.715 -0.45 0.077 0.033 0.273 0.612 1.012 1.112 0.695 0.007 -0.192 0.189 -0.175 -0.602 -0.797 -0.504 0.025 0.652 0.376 -0.062 0.215 0.217
0.285 0.478 0.008 -0.431 -0.964 -1.085 -0.432 -0.865 -1.522 -1.352 -0.78 -0.868 -0.6 -0.935 -1.292 -1.522 -1.968 -1.903 -1.486 -1.1 -0.831 -0.704 -0.926 -1.335 -1.642 -1.436 -1.426 -1.414 -1.512 -1.431 -0.994 -0.654 0.026 0.464 0.376 0.098 0.538 0.41 -0.234 -0.904 -1.491 -1.227 -0.941 -0.618 -0.471 -0.715 -0.698 -0.468 -0.876 -0.829 -0.768 -0.789 -0.897 -0.988 -0.877 -0.717 -0.5 -0.244 -0.491 -0.151 0.051 0.667 1.187 0.954 0.333 0.375 0.472 0.125 -0.231 -0.776 -0.71 -0.204 0.361 0.692 0.67 0.619 0.407
0.423 0.439 -0.02 -0.47 -0.876 -1.218 -0.735 -1.084 -1.707 -1.596 -1.393 -1.37 -0.96 -0.926 -1.516 -1.917 -2.145 -1.718 -1.549 -1.507 -1.027 -0.869 -0.846 -0.988 -0.94 -1.026 -1.359 -1.514 -1.846 -1.824 -1.353 -0.93 -0.175 0.312 0.676 0.614 0.58 0.146 -0.472 -1.051 -1.459 -1.182 -0.886 -0.779 -1.113 -1.137 -0.877 -0.683 -1.018 -1.085 -1.159 -1.154 -1.169 -0.998 -0.703 -0.54 -0.776 -0.75 -0.86 -0.518 0.067 0.552 0.977 1.22 0.872 0.732 0.366 -0.18 -0.415 -0.724 -0.625 -0.523 -0.224 0.092 0.603 0.779 0.193
0.45 0.307 -0.195 -0.552 -0.957 -1.224 -0.801 -1.076 -1.608 -1.62 -1.51 -1.194 -0.976 -0.883 -1.295 -1.821 -2.111 -2.264 -2.27 -1.77 -1.225 -1.235 -0.685 -0.314 -0.375 -0.609 -0.759 -0.975 -1.217 -1.65 -1.607 -0.941 -0.371 0.084 0.62 0.833 0.41 -0.184 -0.647 -1.141 -1.381 -1.178 -1.076 -1.22 -1.402 -1.191 -1.002 -0.848 -0.947 -0.857 -0.818 -0.736 -0.763 -0.783 -0.531 -0.159 -0.718 -0.613 -0.808 -0.452 0.083 0.208 0.615 1.178 1.256 0.94 0.389 0.016 -0.117 -0.441 -0.775 -0.783 -0.565 -0.429 0.324 0.929 -0.048
0.461 0.162 -0.147 -0.408 -0.981 -1.377 -0.892 -1.012 -1.497 -1.531 -1.169 -0.961 -1.06 -1.33 -1.626 -1.917 -2.364 -2.601 -2.523 -1.752 -1.402 -1.472 -0.774 -0.497 -0.449 -0.188 -0.248 -0.553 -0.832 -1.102 -1.174 -0.711 -0.267 0.091 0.562 0.879 0.366 -0.037 -0.544 -1.078 -1.167 -0.828 -0.926 -1.299 -1.319 -1.254 -1.206 -0.81 -0.527 -0.385 -0.24 -0.125 -0.103 -0.152 -0.182 0.041 -0.413 -0.227 -0.523 -0.459 -0.344 -0.336 0.081 0.671 1.167 1.263 1.044 0.674 0.351 -0.155 -0.483 -0.699 -0.3 0.167 0.609 0.979 0.261
0.492 0.034 -0.53 -0.621 -1.054 -1.519 -1.129 -1.076 -1.547 -1.378 -1.019 -0.896 -1.224 -1.702 -2.068 -1.973 -2.423 -2.3 -2.202 -1.885 -1.593 -1.549 -0.95 -1.036 -1.048 -0.372 0.015 -0.14 -0.48 -0.65 -0.69 -0.546 -0.078 0.271 0.62 0.896 0.461 0.025 -0.593 -0.81 -0.818 -0.598 -0.955 -1.139 -1.004 -1.051 -1.295 -1.01 -0.758 -0.545 -0.358 -0.219 -0.238 -0.021 0.115 0.249 0.218 0.168 -0.049 -0.338 -0.594 -0.377 0.12 0.459 0.864 1.282 1.375 1.243 0.776 0.371 -0.079 -0.612 -0.213 0.097 0.531 0.981 0.707
0.418 0.049 -0.637 -1.041 -1.375 -1.718 -1.443 -1.08 -1.632 -1.474 -1.003 -0.895 -0.998 -1.275 -1.55 -1.632 -2.13 -1.763 -1.673 -1.652 -1.719 -1.592 -1.137 -1.129 -0.909 -0.597 -0.115 0.144 0.025 -0.123 -0.123 -0.319 -0.16 0.321 0.686 0.885 0.291 -0.4 -0.75 -0.314 -0.296 -0.404 -0.628 -0.669 -0.804 -1.109 -1.013 -0.975 -0.816 -0.829 -0.814 -0.746 -0.733 -0.466 -0.322 -0.199 0.132 0.503 0.265 -0.246 -0.282 -0.022 0.208 0.241 0.401 0.825 1.09 1.332 1.04 0.713 0.238 -0.44 -0.457 -0.224 0.127 0.67 1.038
-0.008 0.118 -0.535 -1.193 -1.596 -1.931 -1.654 -1.224 -1.708 -1.642 -1.225 -1.117 -0.777 -0.74 -1.101 -1.505 -1.891 -1.367 -1.049 -1.134 -1.298 -1.345 -1.023 -0.709 -0.33 -0.11 -0.025 0.215 0.466 0.433 0.382 -0.056 -0.397 0.177 0.76 0.831 0.037 -0.663 -0.766 -0.126 -0.261 -0.731 -0.76 -0.626 -0.924 -0.996 -0.691 -0.452 -0.394 -0.385 -0.588 -0.685 -0.607 -0.473 -0.189 -0.117 -0.103 0.587 0.2 -0.109 -0.033 0.426 0.627 0.348 -0.025 0.281 0.649 1.267 0.745 0.249 -0.158 -0.342 -0.001 0.264 0.502 0.789 1.016
-0.733 0.092 -0.349 -0.995 -1.532 -2.004 -1.892 -1.564 -1.703 -1.838 -1.719 -1.494 -1.053 -0.568 -0.83 -1.222 -1.6 -1.337 -0.66 -0.673 -0.674 -0.769 -0.399 -0.059 0.21 0.394 0.407 0.441 0.691 0.765 0.743 0.273 -0.432 -0.021 0.793 0.785 -0.069 -0.666 -0.336 0.133 -0.376 -0.962 -1.024 -0.775 -0.974 -0.979 -0.715 -0.382 -0.159 0.055 -0.037 -0.099 -0.161 -0.131 0.264 0.439 0.474 0.711 0.628 0.487 0.5 0.809 0.929 0.671 0.219 0.412 0.939 1.303 1.11 0.418 -0.042 -0.196 0.161 0.258 0.559 1.084 0.936
-1.26 -0.358 -0.108 -0.755 -1.411 -2.04 -2.191 -1.995 -1.887 -2.153 -1.901 -1.401 -1.002 -0.618 -0.48 -0.679 -1.085 -1.067 -0.358 -0.32 -0.227 -0.119 0.07 0.112 0.121 0.052 0.064 0.021 0.142 0.368 0.72 0.619 -0.222 -0.084 0.808 0.692 -0.056 -0.264 0.165 -0.05 -0.386 -0.664 -1.058 -1.091 -1.138 -0.959 -0.817 -0.828 -0.491 -0.03 0.087 0.187 0.324 0.381 0.342 0.152 0.276 0.565 0.653 0.882 0.888 0.887 0.959 1.089 0.772 0.628 1.045 1.21 1.362 0.682 0.167 0.162 0.481 0.76 0.819 1.206 0.94
-1.525 -0.806 -0.178 -0.657 -1.385 -1.905 -2.075 -2.085 -2.192 -2.395 -1.967 -1.427 -1.169 -0.967 -0.596 -0.324 -0.437 -0.45 -0.463 -0.659 -0.206 0.001 -0.382 -0.489 -0.68 -0.719 -0.813 -0.829 -0.736 -0.371 0.102 0.75 0.097 -0.21 0.585 0.9 0.239 0.206 0.101 -0.019 -0.197 -0.783 -1.122 -0.883 -0.685 -0.682 -0.461 -0.835 -0.51 -0.273 -0.411 -0.055 -0.115 0.004 -0.223 -0.241 -0.205 0.148 0.158 0.534 0.371 0.443 0.583 1.007 1.049 1.214 1.381 1.428 1.476 0.912 0.567 0.793 1.057 1.232 1.309 1.429 1.36
-1.749 -1.229 -0.446 -0.495 -1.233 -1.657 -1.883 -2.102 -2.273 -2.584 -2.315 -2.007 -1.67 -1.445 -1.143 -0.358 -0.318 -0.597 -0.946 -0.793 -0.19 -0.59 -1.099 -1.21 -1.341 -1.42 -1.275 -1.211 -1.225 -0.971 -0.553 0.578 0.377 0.128 0.783 1.053 0.501 0.462 0.332 0.416 -0.171 -0.846 -1.029 -0.636 -0.212 -0.182 -0.32 -0.681 -0.676 -0.599 -0.646 -0.252 -0.372 -0.219 -0.318 -0.442 -0.41 -0.11 0.17 0.295 0.357 0.629 0.799 1.091 1.257 1.262 1.326 1.463 1.526 1.34 1.182 1.325 1.479 1.544 1.57 1.575 1.579
-1.823 -1.301 -0.797 -0.347 -0.985 -1.536 -1.878 -2.066 -2.217 -2.705 -2.947 -2.637 -2.087 -1.678 -1.195 -0.432 -0.708 -0.979 -0.742 -0.351 -0.491 -0.978 -1.31 -1.221 -1.235 -1.318 -1.175 -0.944 -1.189 -1.053 -0.494 0.5 0.721 0.661 1.163 1.065 0.73 0.702 0.726 0.307 -0.12 -0.752 -0.599 -0.315 0.018 0.134 -0.15 -0.36 -0.678 -0.512 -0.685 -0.548 -0.42 -0.244 0.037 0.121 0.073 0.364 0.702 0.704 0.872 1.016 1.086 1.117 0.84 0.741 0.94 1.319 1.447 1.548 1.538 1.564 1.602 1.607 1.61 1.606 1.601
-1.813 -1.587 -1.45 -0.648 -0.61 -1.231 -1.607 -1.985 -2.443 -2.75 -3.15 -2.644 -1.999 -1.526 -0.844 -0.629 -1.049 -1.069 -0.545 -0.3 -0.727 -0.927 -1.049 -0.894 -0.832 -0.767 -0.726 -0.663 -0.949 -0.612 -0.037 0.611 1.011 0.996 1.229 -9 -9 0.88 0.458 -0.079 -0.523 -0.722 -0.643 -0.573 -0.163 0.237 -0.209 -0.293 -0.328 -0.152 -0.392 -0.455 -0.087 0.029 0.259 0.63 0.678 0.829 0.979 1.016 0.984 0.817 0.892 0.821 0.531 0.399 0.785 1.244 1.446 1.564 1.597 1.606 1.612 1.616 1.619 1.618 1.611
-2.08 -2.063 -1.962 -1.153 -0.535 -0.924 -1.53 -2.057 -2.296 -2.533 -3.157 -2.401 -1.689 -1.245 -0.645 -0.898 -1.252 -1.136 -0.499 -0.602 -1.08 -0.999 -1.101 -0.905 -0.605 -0.385 -0.273 -0.563 -0.875 -0.606 -0.084 0.389 0.985 1.187 1.264 -9 -9 -9 0.013 -0.305 -0.451 -0.267 -0.252 -0.201 -0.025 0.348 0.172 0.178 0.066 0.117 -0.008 -0.074 0.108 0.337 0.365 0.708 0.93 0.843 0.908 0.872 0.801 0.553 0.4 0.304 0.326 0.48 1.098 1.467 1.577 1.615 1.613 1.62 1.624 1.628 1.628 1.603 1.498
-2.713 -2.705 -2.012 -1.265 -0.615 -0.859 -1.392 -1.837 -1.947 -2.294 -2.771 -2.276 -1.683 -1.491 -1.281 -1.391 -1.421 -1.044 -0.484 -1.044 -1.369 -1.264 -1.298 -1.122 -0.685 -0.226 -0.073 -0.141 -0.706 -0.636 -0.22 0.249 1.057 1.287 1.292 -9 -9 -9 -9 -9 0.118 0.163 0.18 0.295 0.402 0.554 0.563 0.544 0.486 0.397 0.283 0.223 0.412 0.672 0.744 0.828 0.759 0.42 0.562 0.542 0.49 0.137 0.038 0.178 0.426 0.937 1.499 1.626 1.631 1.633 1.629 1.635 1.626 1.55 1.46 1.348 0.979
-2.899 -2.776 -1.927 -1.215 -0.655 -0.681 -1.174 -1.479 -1.892 -2.3 -2.745 -2.754 -1.99 -1.906 -1.652 -1.775 -1.779 -0.968 -0.929 -1.415 -1.474 -1.36 -0.99 -0.775 -0.473 0.065 0.196 0.161 -0.077 -0.071 0.287 0.718 1.261 1.318 1.319 -9 -9 -9 -9 -9 -9 0.565 0.522 0.585 0.611 0.642 0.645 0.691 0.729 0.646 0.589 0.584 0.755 0.788 0.709 0.653 0.41 0.041 0.07 -0.025 -0.036 -0.359 0.129 0.597 0.857 1.341 1.624 1.637 1.637 1.641 1.641 1.612 1.451 1.154 0.926 0.931 0.469
-2.91 -2.623 -2.179 -1.557 -0.868 -0.471 -1.087 -1.558 -2.025 -2.458 -2.897 -3.042 -2.283 -2.244 -1.951 -1.868 -1.332 -0.892 -1.218 -1.448 -1.201 -1.065 -0.751 -0.163 0.025 0.322 0.528 0.592 0.593 0.663 0.844 1.123 1.304 1.337 -9 -9 -9 -9 -9 -9 -9 -9 0.481 0.426 0.332 0.31 0.395 0.569 0.652 0.719 0.725 0.762 0.724 0.446 0.25 0.177 -0.037 -0.33 -0.496 -0.58 -0.632 -0.573 0.081 0.791 1.213 1.57 1.646 1.645 1.646 1.647 1.616 1.328 0.957 0.618 0.288 0.384 0.255
-3.087 -2.732 -2.046 -1.575 -1.003 -0.49 -1.015 -1.697 -2.164 -2.485 -2.569 -2.671 -2.559 -2.249 -1.815 -1.535 -1.007 -1.099 -1.349 -1.183 -0.82 -0.672 -0.366 0.038 0.175 0.344 0.521 0.726 0.715 0.78 0.904 1.139 1.308 1.353 -9 -9 -9 -9 -9 -9 -9 -9 -9 -0.022 -0.128 -0.08 0.307 0.257 0.238 0.305 0.425 0.572 0.428 0.276 0.001 0.044 0.187 0.134 -0.3 -0.261 -0.421 -0.463 0.211 0.832 1.433 1.644 1.648 1.652 1.652 1.622 1.274 0.911 0.456 0.117 -0.211 0.023 0.056
-3.267 -2.666 -1.85 -1.237 -0.896 -0.64 -0.85 -1.54 -1.952 -1.992 -2.132 -2.357 -2.501 -2.175 -1.681 -1.342 -1.114 -1.244 -1.357 -1.195 -0.944 -0.653 -0.355 -0.244 -0.308 -0.209 0.171 0.401 0.229 0.318 0.568 0.939 1.26 1.368 -9 -9 -9 -9 -9 -9 -9 -9 -9 -9 -0.386 -0.113 0.288 0.065 -0.236 -0.005 0.332 0.571 0.639 0.314 0.254 0.334 0.712 0.314 -0.14 0.232 0.05 -0.107 0.509 1.078 1.578 1.657 1.657 1.615 1.577 1.35 0.894 0.41 0.027 0.084 0.159 0.261 -0.111
-3.141 -2.394 -1.659 -0.977 -0.878 -1.054 -0.75 -1.055 -1.449 -1.579 -1.804 -2.191 -2.604 -2.356 -1.827 -1.358 -1.004 -0.845 -0.933 -1.219 -1.348 -1.196 -0.902 -0.725 -0.738 -0.579 -0.182 -0.104 -0.239 0.119 0.548 0.965 1.312 1.394 -9 -9 -9 -9 -9 -9 -9 -9 -9 -9 -9 0.02 -0.043 0.016 -0.338 0.056 0.418 0.386 0.791 0.736 0.836 0.866 0.935 0.443 0.146 0.574 0.055 0.076 0.623 1.301 1.648 1.658 1.648 1.405 1.17 0.932 0.502 0.117 0.001 0.476 0.637 0.402 -0.057
-2.802 -2.081 -1.575 -1.167 -1.328 -1.63 -1 -0.824 -1.496 -1.884 -1.898 -2.087 -2.436 -2.003 -1.461 -1.017 -0.839 -0.698 -0.503 -0.728 -1.025 -1.263 -1.025 -0.692 -0.642 -0.278 -0.159 -0.342 -0.371 0.129 0.708 1.215 1.402 -9 -9 -9 -9 -9 -9 -9 -9 -9 -9 -9 -9 -0.394 -0.309 -0.018 -0.293 0.17 0.209 0.198 0.68 0.554 0.85 0.738 1.068 0.71 0.18 0.724 0.466 0.307 0.821 1.396 1.665 1.667 1.544 1.102 0.782 0.697 0.457 0.251 0.233 0.695 0.7 0.328 -0.209
-2.807 -2.234 -1.935 -1.615 -1.832 -2.054 -1.199 -0.877 -1.369 -1.974 -2.197 -2.24 -2.341 -1.723 -1.257 -1.102 -1.229 -1.043 -0.508 -0.226 -0.567 -1.002 -1.107 -0.705 -0.34 -0.118 0.204 0.158 0.017 0.439 1.034 1.385 -9 -9 -9 -9 -9 -9 -9 -9 -9 -9 -9 -9 -9 -9 -0.478 -0.049 -0.266 0.135 -0.199 0.271 0.48 0.269 0.608 0.512 1.017 0.783 0.479 0.701 1.007 0.556 0.765 1.351 1.662 1.674 1.513 0.929 0.624 0.457 0.396 0.369 0.646 0.936 0.671 0.204 -0.204
-3.082 -2.537 -2.228 -1.993 -2.098 -2.056 -1.226 -0.981 -1.412 -1.504 -2.015 -2.357 -2.248 -1.744 -1.523 -1.537 -1.362 -0.731 -0.507 0.053 -0.354 -0.849 -0.932 -0.524 -0.561 -0.361 0.306 0.648 0.604 0.803 1.295 1.419 -9 -9 -9 -9 -9 -9 -9 -9 -9 -9 -9 -9 -9 -9 -9 -0.43 -0.255 -0.259 -0.232 0.021 0.016 0.347 0.818 0.906 1.096 1.133 1.115 1.071 1.194 1.087 1.093 1.43 1.667 1.682 1.661 1.135 0.743 0.517 0.563 0.81 0.982 0.809 0.632 0.387 -0.031
-3.304 -2.774 -2.447 -2.353 -2.296 -2.075 -1.313 -1.031 -1.68 -1.578 -1.706 -2.221 -2.239 -1.587 -1.47 -1.517 -1.031 -0.161 0.056 0.362 0.005 -0.542 -0.347 -0.033 -0.136 -0.007 0.412 0.892 1.011 1.105 1.35 -9 -9 -9 -9 -9 -9 -9 -9 -9 -9 -9 -9 -9 -9 -9 -9 -0.733 -0.634 -0.35 -0.317 -0.347 0.001 0.433 0.387 0.541 0.784 0.753 1.02 0.924 1.011 1.173 1.386 1.523 1.585 1.684 1.677 1.256 0.915 0.95 1.021 1.078 1.026 0.609 0.383 0.303 0.005
-3.251 -2.933 -2.723 -2.599 -2.299 -1.959 -1.35 -1.15 -1.856 -2.015 -1.6 -2.01 -2.294 -1.734 -1.154 -0.894 -0.539 0.152 0.209 0.366 0.529 0.173 0.208 0.215 0.514 0.718 0.874 0.89 0.548 0.743 -9 -9 -9 -9 -9 -9 -9 -9 -9 -9 -9 -9 -9 -9 -9 -9 -9 -9 -0.31 0.072 0.045 -0.389 -0.138 0.061 -0.059 0.33 0.321 0.617 0.684 0.468 0.537 0.765 0.952 1.114 1.398 1.69 1.69 1.451 1.23 1.233 1.174 0.859 0.748 0.467 0.167 0.002 0.174
-2.933 -3.064 -3.001 -2.558 -2.258 -2.019 -1.505 -1.213 -1.836 -2.184 -1.937 -1.861 -2.217 -1.928 -1.281 -0.612 -0.262 -0.336 -0.436 -0.396 0.134 0.641 0.742 0.773 0.742 0.572 0.478 0.332 0.255 -9 -9 -9 -9 -9 -9 -9 -9 -9 -9 -9 -9 -9 -9 -9 -9 -9 -9 -9 -9 0.353 0.074 -0.523 -0.341 -0.161 -0.1 0.169 0.224 0.464 0.443 0.371 0.437 0.559 0.647 0.79 1.251 1.684 1.698 1.62 1.357 1.172 1.102 0.871 0.672 0.376 -0.005 0.14 0.477
-2.804 -2.993 -2.744 -2.598 -2.443 -2.063 -1.434 -1.208 -1.786 -2.255 -2.38 -2.033 -1.839 -1.679 -1.367 -0.453 -0.522 -0.927 -1.02 -0.821 -0.341 0.03 0.29 0.25 0.056 -0.12 0.007 -0.025 -9 -9 -9 -9 -9 -9 -9 -9 -9 -9 -9 -9 -9 -9 -9 -9 -9 -9 -9 -9 -9 -9 -9 -0.494 -0.073 0.302 0.261 0.347 0.36 0.243 0.14 0.439 0.745 0.888 0.989 1.003 1.311 1.678 1.705 1.699 1.487 1.293 1.186 1.107 0.89 0.563 0.16 0.5 0.786
-2.952 -3.215 -2.824 -2.832 -2.582 -1.925 -1.615 -1.213 -1.542 -1.769 -2.055 -2.193 -1.681 -1.204 -0.821 -0.493 -0.77 -1.118 -1.387 -1.197 -0.893 -0.71 -0.317 -0.384 -0.211 0.079 0.552 -9 -9 -9 -9 -9 -9 -9 -9 -9 -9 -9 -9 -9 -9 -9 -9 -9 -9 -9 -9 -9 -9 -9 -9 -9 0.035 0.419 0.623 0.687 0.464 0.331 0.247 0.374 0.649 1.035 1.386 1.502 1.609 1.698 1.707 1.711 1.626 1.439 1.37 1.29 0.996 0.609 0.572 0.816 1.003
