data/climatemaps/RS_maps/climate_winter_pr_2017.asc
NCOLS 369 
NROWS 228 
XLLCORNER 479000 
YLLCORNER 73000 
CELLSIZE 1000 
NODATA_value -9 
[rows 35 to 69 of 228, columns 237 to 315 of 369]
0.078 0.084 0.077 0.061 0.049 0.046 0.057 0.075 0.075 0.064 0.03 0.008 -0.017 -0.032 -0.04 -0.039 -0.025 0.01 0.041 0.068 0.088 0.095 0.097 0.095 0.086 0.078 0.072 0.066 0.064 0.062 0.06 0.057 0.055 0.056 0.059 0.064 0.07 0.079 0.09 0.103 0.116 0.129 0.142 0.154 0.167 0.179 0.195 0.217 0.251 0.297 0.354 0.414 0.47 0.517 0.554 0.585 0.622 0.695 0.885 1.224 1.59 -9 -9 -9 -9 -9 -9 -9 -9 -9 -9 -9 -9 -9 -9 -9 -9 -9 -9
-0.018 0.006 0.028 0.042 0.06 0.1 0.149 0.185 0.197 0.188 0.159 0.131 0.099 0.078 0.071 0.058 0.04 0.062 0.091 0.108 0.116 0.122 0.132 0.136 0.13 0.121 0.115 0.108 0.101 0.096 0.093 0.091 0.09 0.092 0.092 0.093 0.096 0.102 0.109 0.119 0.13 0.142 0.153 0.164 0.175 0.187 0.202 0.223 0.257 0.305 0.363 0.426 0.485 0.535 0.577 0.611 0.651 0.726 0.904 1.254 1.588 1.791 -9 -9 -9 -9 -9 -9 -9 -9 -9 -9 -9 -9 -9 -9 -9 -9 -9
-0.068 -0.035 -0.003 0.029 0.082 0.149 0.22 0.287 0.324 0.311 0.28 0.25 0.221 0.198 0.175 0.159 0.128 0.111 0.137 0.143 0.142 0.154 0.167 0.176 0.177 0.172 0.17 0.162 0.153 0.143 0.135 0.13 0.129 0.13 0.13 0.128 0.127 0.128 0.132 0.139 0.147 0.158 0.168 0.178 0.188 0.198 0.21 0.232 0.265 0.313 0.372 0.437 0.499 0.554 0.601 0.641 0.684 0.767 0.939 1.262 1.526 1.664 1.808 -9 -9 -9 -9 -9 -9 -9 -9 -9 -9 -9 -9 -9 -9 -9 -9
-0.072 -0.051 -0.026 0.027 0.097 0.187 0.274 0.35 0.402 0.392 0.366 0.344 0.317 0.293 0.263 0.24 0.21 0.162 0.163 0.159 0.177 0.203 0.219 0.222 0.226 0.229 0.232 0.227 0.22 0.209 0.198 0.191 0.183 0.18 0.178 0.17 0.165 0.16 0.16 0.164 0.171 0.18 0.189 0.199 0.208 0.215 0.227 0.247 0.279 0.325 0.384 0.45 0.514 0.572 0.624 0.67 0.717 0.805 0.981 1.213 1.411 1.554 1.702 -9 -9 -9 -9 -9 -9 -9 -9 -9 -9 -9 -9 -9 -9 -9 -9
-0.07 -0.053 -0.026 0.027 0.116 0.198 0.296 0.384 0.413 0.409 0.42 0.4 0.378 0.355 0.319 0.298 0.269 0.211 0.187 0.204 0.237 0.266 0.287 0.293 0.304 0.305 0.305 0.301 0.289 0.278 0.27 0.263 0.254 0.249 0.24 0.223 0.209 0.199 0.197 0.2 0.206 0.215 0.223 0.23 0.237 0.243 0.253 0.272 0.301 0.345 0.402 0.466 0.531 0.591 0.645 0.693 0.743 0.818 0.956 1.134 1.335 1.547 1.777 -9 -9 -9 -9 -9 -9 -9 -9 -9 -9 -9 -9 -9 -9 -9 -9
-0.048 -0.044 -0.019 0.027 0.113 0.204 0.285 0.354 0.387 0.391 0.409 0.389 0.373 0.359 0.337 0.326 0.296 0.241 0.228 0.259 0.283 0.313 0.345 0.371 0.401 0.409 0.398 0.371 0.352 0.341 0.334 0.329 0.324 0.319 0.307 0.285 0.264 0.254 0.25 0.257 0.27 0.283 0.286 0.281 0.281 0.281 0.289 0.309 0.335 0.376 0.428 0.489 0.552 0.611 0.666 0.714 0.761 0.825 0.939 1.14 1.395 1.658 1.902 -9 -9 -9 -9 -9 -9 -9 -9 -9 -9 -9 -9 -9 -9 -9 -9
-0.002 -0.01 0.004 0.045 0.123 0.201 0.257 0.314 0.331 0.326 0.34 0.331 0.329 0.337 0.341 0.324 0.286 0.257 0.261 0.289 0.316 0.354 0.402 0.455 0.512 0.533 0.52 0.475 0.419 0.393 0.389 0.39 0.387 0.385 0.368 0.346 0.331 0.328 0.332 0.357 0.384 0.398 0.381 0.349 0.342 0.339 0.345 0.359 0.382 0.418 0.465 0.52 0.579 0.636 0.688 0.733 0.775 0.83 0.943 1.158 1.426 1.712 1.954 2.025 -9 -9 -9 -9 -9 -9 -9 -9 -9 -9 -9 -9 -9 -9 -9
0.054 0.042 0.057 0.083 0.132 0.183 0.227 0.259 0.26 0.265 0.278 0.29 0.308 0.319 0.321 0.298 0.28 0.28 0.298 0.324 0.351 0.395 0.464 0.55 0.628 0.664 0.654 0.58 0.492 0.444 0.446 0.452 0.457 0.455 0.43 0.417 0.421 0.431 0.452 0.492 0.512 0.498 0.462 0.439 0.438 0.445 0.448 0.451 0.451 0.473 0.512 0.56 0.613 0.664 0.711 0.75 0.785 0.832 0.917 1.107 1.395 1.705 1.94 2.027 -9 -9 -9 -9 -9 -9 -9 -9 -9 -9 -9 -9 -9 -9 -9
0.107 0.117 0.131 0.139 0.161 0.184 0.2 0.218 0.236 0.253 0.263 0.274 0.289 0.297 0.3 0.303 0.318 0.322 0.338 0.364 0.386 0.435 0.523 0.619 0.711 0.769 0.752 0.666 0.549 0.504 0.527 0.523 0.527 0.518 0.494 0.512 0.536 0.547 0.578 0.608 0.601 0.574 0.56 0.554 0.559 0.581 0.585 0.577 0.56 0.555 0.564 0.603 0.648 0.692 0.733 0.765 0.792 0.83 0.901 1.068 1.328 1.619 1.865 2.077 -9 -9 -9 -9 -9 -9 -9 -9 -9 -9 -9 -9 -9 -9 -9
0.173 0.194 0.198 0.21 0.215 0.224 0.228 0.25 0.274 0.294 0.303 0.306 0.313 0.32 0.338 0.365 0.375 0.369 0.371 0.382 0.411 0.468 0.554 0.654 0.744 0.799 0.77 0.698 0.594 0.567 0.593 0.579 0.593 0.582 0.579 0.62 0.637 0.644 0.668 0.691 0.691 0.661 0.646 0.645 0.636 0.676 0.685 0.656 0.634 0.606 0.606 0.641 0.681 0.717 0.75 0.776 0.797 0.827 0.895 1.094 1.364 1.655 1.946 2.209 -9 -9 -9 -9 -9 -9 -9 -9 -9 -9 -9 -9 -9 -9 -9
0.246 0.261 0.272 0.295 0.298 0.303 0.291 0.306 0.334 0.365 0.397 0.388 0.386 0.392 0.406 0.426 0.424 0.417 0.411 0.406 0.437 0.49 0.567 0.666 0.741 0.807 0.77 0.695 0.606 0.606 0.618 0.623 0.661 0.678 0.659 0.683 0.684 0.717 0.75 0.779 0.773 0.743 0.724 0.719 0.69 0.706 0.691 0.64 0.608 0.608 0.631 0.666 0.703 0.734 0.761 0.782 0.798 0.826 0.897 1.112 1.434 1.766 2.071 2.306 -9 -9 -9 -9 -9 -9 -9 -9 -9 -9 -9 -9 -9 -9 -9
0.347 0.356 0.376 0.398 0.396 0.403 0.375 0.367 0.398 0.435 0.468 0.479 0.493 0.499 0.487 0.486 0.483 0.476 0.46 0.45 0.475 0.517 0.572 0.646 0.714 0.733 0.703 0.646 0.613 0.633 0.649 0.7 0.759 0.789 0.777 0.778 0.753 0.789 0.809 0.833 0.844 0.831 0.79 0.754 0.707 0.684 0.659 0.608 0.588 0.608 0.641 0.677 0.711 0.741 0.764 0.783 0.802 0.836 0.913 1.145 1.471 1.815 2.121 2.295 -9 -9 -9 -9 -9 -9 -9 -9 -9 -9 -9 -9 -9 -9 -9
0.464 0.46 0.479 0.487 0.49 0.492 0.46 0.435 0.484 0.533 0.572 0.606 0.623 0.629 0.61 0.588 0.557 0.547 0.522 0.505 0.51 0.529 0.573 0.625 0.666 0.647 0.628 0.616 0.637 0.657 0.701 0.769 0.833 0.888 0.907 0.892 0.84 0.846 0.863 0.887 0.894 0.893 0.854 0.8 0.748 0.69 0.649 0.605 0.587 0.599 0.635 0.673 0.707 0.735 0.759 0.782 0.814 0.863 0.958 1.159 1.441 1.747 2.094 2.301 -9 -9 -9 -9 -9 -9 -9 -9 -9 -9 -9 -9 -9 -9 -9
0.595 0.575 0.587 0.584 0.589 0.578 0.528 0.501 0.558 0.627 0.683 0.744 0.763 0.774 0.744 0.715 0.669 0.632 0.601 0.578 0.571 0.571 0.592 0.611 0.619 0.619 0.607 0.627 0.665 0.689 0.74 0.809 0.876 0.939 0.967 0.968 0.951 0.938 0.934 0.942 0.951 0.899 0.824 0.751 0.668 0.581 0.532 0.521 0.54 0.576 0.617 0.658 0.694 0.723 0.75 0.784 0.839 0.917 1.035 1.173 1.358 1.621 1.966 2.228 2.269 -9 -9 -9 -9 -9 -9 -9 -9 -9 -9 -9 -9 -9 -9
0.731 0.715 0.702 0.687 0.676 0.66 0.58 0.555 0.605 0.655 0.717 0.794 0.864 0.895 0.914 0.884 0.831 0.786 0.728 0.69 0.681 0.664 0.677 0.665 0.658 0.66 0.64 0.648 0.679 0.712 0.766 0.822 0.869 0.923 0.979 1.031 1.051 1.05 1.062 1.037 0.973 0.865 0.729 0.617 0.526 0.468 0.458 0.473 0.504 0.546 0.593 0.638 0.678 0.711 0.749 0.805 0.898 1.027 1.213 1.288 1.335 1.511 1.818 2.108 2.277 -9 -9 -9 -9 -9 -9 -9 -9 -9 -9 -9 -9 -9 -9
0.873 0.83 0.784 0.754 0.723 0.692 0.64 0.592 0.634 0.721 0.798 0.898 0.968 1.024 1.067 1.048 1.007 0.968 0.895 0.831 0.811 0.769 0.755 0.752 0.744 0.731 0.689 0.683 0.674 0.71 0.747 0.786 0.84 0.914 0.986 1.045 1.091 1.135 1.161 1.083 0.935 0.777 0.627 0.511 0.448 0.418 0.42 0.44 0.476 0.522 0.571 0.619 0.663 0.707 0.766 0.871 1.064 1.296 1.526 1.561 1.437 1.524 1.761 2.036 2.28 -9 -9 -9 -9 -9 -9 -9 -9 -9 -9 -9 -9 -9 -9
1.022 0.964 0.914 0.864 0.801 0.754 0.681 0.635 0.65 0.717 0.806 0.916 0.999 1.091 1.161 1.186 1.172 1.13 1.061 1.014 0.971 0.891 0.833 0.825 0.821 0.787 0.732 0.734 0.68 0.695 0.73 0.755 0.805 0.877 0.93 0.993 1.109 1.173 1.172 1.065 0.921 0.735 0.57 0.479 0.425 0.396 0.398 0.422 0.462 0.509 0.558 0.607 0.657 0.718 0.821 1.017 1.329 1.66 1.833 1.819 1.657 1.681 1.865 2.084 2.269 -9 -9 -9 -9 -9 -9 -9 -9 -9 -9 -9 -9 -9 -9
1.1 1.039 0.968 0.907 0.857 0.801 0.735 0.679 0.713 0.772 0.811 0.901 1.025 1.119 1.203 1.28 1.305 1.3 1.246 1.218 1.129 1.015 0.946 0.895 0.866 0.804 0.768 0.772 0.71 0.699 0.758 0.781 0.79 0.813 0.871 0.969 1.042 1.078 1.134 1.06 0.89 0.703 0.553 0.468 0.417 0.389 0.391 0.418 0.461 0.508 0.556 0.606 0.666 0.755 0.924 1.206 1.579 1.936 2.058 2.045 1.89 1.872 1.987 2.177 2.366 -9 -9 -9 -9 -9 -9 -9 -9 -9 -9 -9 -9 -9 -9
1.185 1.133 1.05 1.011 0.946 0.895 0.811 0.733 0.784 0.859 0.891 0.92 1.037 1.142 1.245 1.34 1.416 1.472 1.414 1.388 1.285 1.15 1.066 0.958 0.87 0.828 0.823 0.806 0.74 0.71 0.761 0.777 0.814 0.836 0.85 0.885 0.936 1.002 1.042 0.985 0.841 0.671 0.542 0.471 0.421 0.392 0.394 0.424 0.469 0.516 0.564 0.62 0.697 0.83 1.064 1.393 1.795 2.127 2.199 2.148 2.057 2.085 2.176 2.4 -9 -9 -9 -9 -9 -9 -9 -9 -9 -9 -9 -9 -9 -9 -9
1.331 1.282 1.197 1.18 1.08 0.993 0.886 0.796 0.827 0.919 0.969 0.964 1.105 1.204 1.302 1.393 1.527 1.601 1.574 1.523 1.441 1.299 1.15 0.994 0.891 0.881 0.899 0.892 0.819 0.745 0.724 0.745 0.764 0.804 0.818 0.823 0.883 0.963 1.011 0.959 0.831 0.678 0.554 0.487 0.436 0.403 0.405 0.437 0.483 0.53 0.581 0.651 0.766 1.004 1.292 1.604 1.966 2.136 2.164 2.211 2.224 2.284 2.443 2.56 -9 -9 -9 -9 -9 -9 -9 -9 -9 -9 -9 -9 -9 -9 -9
1.449 1.414 1.36 1.366 1.235 1.115 0.983 0.875 0.873 0.973 1.033 1.026 1.168 1.291 1.417 1.485 1.598 1.687 1.702 1.681 1.593 1.409 1.223 1.037 0.93 0.933 0.955 0.996 0.95 0.878 0.782 0.713 0.73 0.764 0.773 0.815 0.873 0.949 0.968 0.9 0.801 0.684 0.584 0.514 0.456 0.42 0.421 0.462 0.52 0.549 0.607 0.705 0.876 1.166 1.426 1.766 2.066 2.129 2.146 2.306 2.379 2.404 2.535 2.566 -9 -9 -9 -9 -9 -9 -9 -9 -9 -9 -9 -9 -9 -9 -9
1.559 1.532 1.574 1.55 1.413 1.26 1.115 0.988 0.948 1.053 1.12 1.114 1.256 1.408 1.518 1.564 1.579 1.676 1.749 1.716 1.631 1.493 1.307 1.092 0.969 0.978 1.024 1.019 0.97 0.931 0.868 0.762 0.711 0.714 0.744 0.777 0.812 0.872 0.909 0.89 0.821 0.726 0.633 0.557 0.48 0.438 0.435 0.472 0.531 0.566 0.645 0.776 0.976 1.231 1.512 1.813 2.061 2.152 2.134 2.293 2.509 2.535 2.561 2.496 -9 -9 -9 -9 -9 -9 -9 -9 -9 -9 -9 -9 -9 -9 -9
1.722 1.733 1.757 1.693 1.6 1.49 1.325 1.142 1.044 1.127 1.226 1.237 1.3 1.404 1.483 1.511 1.567 1.634 1.658 1.679 1.683 1.606 1.41 1.148 0.992 0.991 1.005 0.989 0.967 0.949 0.916 0.867 0.783 0.727 0.715 0.748 0.822 0.901 0.979 0.999 0.935 0.845 0.726 0.609 0.502 0.452 0.443 0.47 0.522 0.583 0.688 0.813 0.993 1.22 1.443 1.719 1.94 2.06 2.083 2.199 2.442 2.443 2.516 -9 -9 -9 -9 -9 -9 -9 -9 -9 -9 -9 -9 -9 -9 -9 -9
1.873 1.909 1.877 1.841 1.854 1.765 1.551 1.339 1.152 1.227 1.334 1.399 1.425 1.452 1.49 1.474 1.495 1.513 1.576 1.683 1.758 1.646 1.441 1.166 1.032 1.012 1.003 1.004 1.06 1.057 1.02 1.007 0.935 0.821 0.741 0.777 0.867 0.979 1.088 1.103 1.07 0.963 0.821 0.642 0.518 0.46 0.448 0.473 0.522 0.599 0.678 0.78 0.95 1.142 1.366 1.555 1.651 1.823 1.997 2.094 2.359 2.391 -9 -9 -9 -9 -9 -9 -9 -9 -9 -9 -9 -9 -9 -9 -9 -9 -9
1.972 2.059 2.035 2.073 2.13 1.978 1.77 1.507 1.296 1.345 1.409 1.473 1.542 1.582 1.559 1.489 1.456 1.505 1.596 1.705 1.749 1.644 1.414 1.219 1.162 1.153 1.127 1.134 1.2 1.215 1.159 1.129 1.041 0.917 0.801 0.802 0.869 0.981 1.112 1.203 1.211 1.045 0.861 0.65 0.525 0.46 0.444 0.47 0.517 0.575 0.633 0.718 0.882 1.09 1.181 1.32 1.451 1.616 1.796 1.972 2.279 2.5 -9 -9 -9 -9 -9 -9 -9 -9 -9 -9 -9 -9 -9 -9 -9 -9 -9
1.992 2.112 2.22 2.287 2.322 2.183 1.994 1.727 1.413 1.385 1.411 1.504 1.608 1.633 1.644 1.601 1.499 1.548 1.581 1.672 1.776 1.714 1.457 1.352 1.309 1.28 1.282 1.36 1.385 1.382 1.285 1.2 1.083 1 0.89 0.858 0.881 0.986 1.146 1.301 1.248 1.042 0.79 0.622 0.516 0.449 0.434 0.462 0.509 0.558 0.604 0.676 0.789 0.93 1.112 1.346 1.503 1.522 1.616 1.853 2.164 -9 -9 -9 -9 -9 -9 -9 -9 -9 -9 -9 -9 -9 -9 -9 -9 -9 -9
2.051 2.09 2.278 2.43 2.404 2.297 2.123 1.862 1.557 1.435 1.432 1.487 1.573 1.675 1.724 1.654 1.538 1.568 1.616 1.741 1.853 1.81 1.565 1.503 1.489 1.464 1.527 1.605 1.566 1.492 1.38 1.307 1.259 1.18 0.973 0.986 0.967 1.035 1.228 1.303 1.129 0.922 0.725 0.593 0.495 0.433 0.42 0.45 0.495 0.541 0.578 0.623 0.721 0.879 1.061 1.245 1.422 1.522 1.609 1.833 -9 -9 -9 -9 -9 -9 -9 -9 -9 -9 -9 -9 -9 -9 -9 -9 -9 -9 -9
1.926 2.007 2.187 2.429 2.475 2.469 2.323 2.09 1.743 1.523 1.467 1.534 1.625 1.723 1.748 1.699 1.582 1.637 1.696 1.813 1.938 1.951 1.756 1.669 1.698 1.678 1.719 1.729 1.696 1.652 1.601 1.628 1.535 1.284 1.13 1.233 1.18 1.132 1.24 1.202 0.981 0.792 0.669 0.558 0.467 0.417 0.407 0.437 0.482 0.521 0.554 0.597 0.696 0.86 1.047 1.192 1.332 1.469 -9 -9 -9 -9 -9 -9 -9 -9 -9 -9 -9 -9 -9 -9 -9 -9 -9 -9 -9 -9 -9
1.793 1.972 2.225 2.378 2.333 2.357 2.313 2.127 1.948 1.694 1.525 1.541 1.611 1.682 1.707 1.692 1.602 1.612 1.688 1.839 2.02 2.081 2.006 1.845 1.799 1.784 1.844 1.892 1.923 1.955 1.984 1.868 1.617 1.451 1.409 1.338 1.218 1.236 1.168 0.961 0.797 0.705 0.608 0.51 0.433 0.395 0.396 0.428 0.469 0.507 0.539 0.593 0.676 0.803 0.926 1.062 1.198 1.306 -9 -9 -9 -9 -9 -9 -9 -9 -9 -9 -9 -9 -9 -9 -9 -9 -9 -9 -9 -9 -9
1.713 1.95 2.06 2.137 2.215 2.231 2.234 2.267 2.243 1.946 1.644 1.54 1.543 1.572 1.607 1.605 1.602 1.678 1.699 1.811 1.964 2.06 2.168 2.069 1.935 1.958 2.002 2.111 2.297 2.378 2.205 1.94 1.93 1.803 1.541 1.399 1.373 1.207 0.98 0.783 0.69 0.622 0.541 0.458 0.4 0.377 0.388 0.432 0.468 0.515 0.547 0.564 0.679 0.799 0.884 0.963 1.055 -9 -9 -9 -9 -9 -9 -9 -9 -9 -9 -9 -9 -9 -9 -9 -9 -9 -9 -9 -9 -9 -9
1.61 1.762 1.861 2.016 2.076 2.153 2.292 2.453 2.482 2.245 1.886 1.628 1.49 1.461 1.466 1.498 1.561 1.658 1.722 1.799 1.93 2.066 2.202 2.206 2.127 2.141 2.21 2.442 2.621 2.503 2.336 2.197 2.21 1.928 1.692 1.592 1.286 0.981 0.772 0.678 0.61 0.547 0.476 0.411 0.379 0.378 0.386 0.458 0.486 0.554 0.551 0.534 0.671 0.796 0.916 1.036 -9 -9 -9 -9 -9 -9 -9 -9 -9 -9 -9 -9 -9 -9 -9 -9 -9 -9 -9 -9 -9 -9 -9
1.445 1.551 1.683 1.812 1.943 2.147 2.355 2.549 2.616 2.454 2.192 1.864 1.618 1.465 1.366 1.366 1.448 1.506 1.529 1.604 1.755 1.936 2.111 2.182 2.233 2.314 2.56 2.659 2.734 2.565 2.492 2.427 2.237 2.137 1.805 1.435 1.054 0.798 0.677 0.611 0.542 0.478 0.418 0.382 0.396 0.391 0.396 0.466 0.513 0.558 0.53 0.529 0.616 0.7 0.834 1.028 -9 -9 -9 -9 -9 -9 -9 -9 -9 -9 -9 -9 -9 -9 -9 -9 -9 -9 -9 -9 -9 -9 -9
1.314 1.391 1.493 1.617 1.803 2.066 2.289 2.506 2.64 2.605 2.445 2.139 1.884 1.698 1.449 1.293 1.281 1.291 1.331 1.493 1.676 1.89 2.044 2.221 2.308 2.529 2.618 2.465 2.487 2.662 2.626 2.503 2.435 2.131 1.63 1.225 0.927 0.731 0.626 0.551 0.481 0.425 0.386 0.384 0.388 0.369 0.428 0.495 0.537 0.542 0.526 0.516 0.517 0.564 0.68 -9 -9 -9 -9 -9 -9 -9 -9 -9 -9 -9 -9 -9 -9 -9 -9 -9 -9 -9 -9 -9 -9 -9 -9
1.196 1.256 1.336 1.442 1.601 1.848 2.094 2.336 2.525 2.67 2.624 2.394 2.055 1.933 1.635 1.369 1.216 1.186 1.273 1.504 1.82 1.973 2.092 2.381 2.556 2.566 2.364 2.231 2.521 2.571 2.413 2.368 2.224 1.84 1.467 1.128 0.844 0.689 0.586 0.505 0.436 0.402 0.372 0.352 0.331 0.375 0.496 0.575 0.575 0.56 0.531 0.494 0.465 0.477 -9 -9 -9 -9 -9 -9 -9 -9 -9 -9 -9 -9 -9 -9 -9 -9 -9 -9 -9 -9 -9 -9 -9 -9 -9
1.084 1.131 1.2 1.287 1.409 1.603 1.862 2.101 2.366 2.644 2.745 2.566 2.191 2.104 1.867 1.554 1.306 1.2 1.255 1.495 1.788 1.987 2.223 2.511 2.541 2.358 2.079 2.13 2.258 2.18 2.181 2.152 1.902 1.607 1.289 0.992 0.773 0.645 0.549 0.467 0.399 0.361 0.317 0.29 0.326 0.453 0.678 0.779 0.727 0.66 0.588 0.527 0.48 0.452 -9 -9 -9 -9 -9 -9 -9 -9 -9 -9 -9 -9 -9 -9 -9 -9 -9 -9 -9 -9 -9 -9 -9 -9 -9
