data/climatemaps/RS_maps/climate_postbreed_tmp_2009.asc
NCOLS 369 
NROWS 228 
XLLCORNER 479000 
YLLCORNER 73000 
CELLSIZE 1000 
NODATA_value -9 
[rows 102 to 135 of 228, columns 0 to 76 of 369]
-9 -9 -9 -9 -9 -9 -9 -9 -9 -9 -9 -9 -9 -9 -9 -9 -9 -9 -9 -9 -9 -9 -9 -9 -9 -9 -9 -9 -9 -9 -9 -9 0.668 0.657 0.642 0.719 0.739 0.742 0.721 0.67 0.569 0.476 0.498 0.516 0.494 0.402 0.323 0.318 0.353 0.367 0.338 0.337 0.337 0.344 0.346 0.351 0.392 0.442 0.561 0.638 0.637 0.766 0.809 0.771 0.617 0.295 0.249 0.244 0.164 0.184 0.326 0.667 0.919 1.077 1.095 1.13 1.167
-9 -9 -9 -9 -9 -9 -9 -9 -9 -9 -9 -9 -9 -9 -9 -9 -9 -9 -9 -9 -9 -9 -9 -9 -9 -9 -9 -9 -9 -9 -9 -9 0.666 0.671 0.709 0.742 0.743 0.739 0.698 0.568 0.52 0.538 0.531 0.468 0.359 0.34 0.309 0.322 0.355 0.392 0.421 0.415 0.402 0.404 0.391 0.359 0.426 0.568 0.69 0.775 0.78 0.734 0.67 0.491 0.3 0.163 0.082 0.092 0.197 0.425 0.644 0.868 1.009 1.121 1.138 1.166 1.173
-9 -9 -9 -9 -9 -9 -9 -9 -9 -9 -9 -9 -9 -9 -9 -9 -9 -9 -9 -9 -9 -9 -9 -9 -9 -9 -9 -9 -9 -9 -9 -9 0.7 0.721 0.744 0.746 0.741 0.731 0.69 0.584 0.593 0.558 0.465 0.336 0.274 0.32 0.352 0.395 0.47 0.516 0.528 0.499 0.492 0.52 0.536 0.437 0.639 0.774 0.807 0.751 0.623 0.489 0.403 0.301 0.231 0.176 0.142 0.254 0.518 0.748 0.893 0.993 1.092 1.17 1.177 1.175 1.175
-9 -9 -9 -9 -9 -9 -9 -9 -9 -9 -9 -9 -9 -9 -9 -9 -9 -9 -9 -9 -9 -9 -9 -9 -9 -9 -9 -9 -9 -9 -9 -9 0.737 0.744 0.746 0.746 0.737 0.726 0.712 0.661 0.594 0.516 0.361 0.295 0.33 0.415 0.489 0.545 0.563 0.537 0.5 0.477 0.498 0.625 0.695 0.655 0.802 0.824 0.765 0.583 0.439 0.369 0.287 0.238 0.231 0.195 0.297 0.591 0.785 0.914 1.022 1.092 1.17 1.188 1.188 1.183 1.181
-9 -9 -9 -9 -9 -9 -9 -9 -9 -9 -9 -9 -9 -9 -9 -9 -9 -9 -9 -9 -9 -9 -9 -9 -9 -9 -9 -9 -9 -9 -9 -9 -9 0.746 0.746 0.746 0.737 0.715 0.689 0.675 0.522 0.426 0.361 0.382 0.454 0.552 0.555 0.487 0.434 0.39 0.356 0.366 0.43 0.57 0.696 0.8 0.737 0.716 0.607 0.454 0.377 0.29 0.215 0.263 0.312 0.328 0.559 0.801 0.929 1.029 1.114 1.174 1.192 1.19 1.19 1.188 1.184
-9 -9 -9 -9 -9 -9 -9 -9 -9 -9 -9 -9 -9 -9 -9 -9 -9 -9 -9 -9 -9 -9 -9 -9 -9 -9 -9 -9 -9 -9 -9 -9 -9 0.743 0.728 0.729 0.717 0.625 0.609 0.596 0.451 0.419 0.441 0.512 0.567 0.514 0.391 0.338 0.316 0.308 0.34 0.426 0.581 0.687 0.691 0.62 0.502 0.5 0.362 0.312 0.297 0.265 0.309 0.392 0.447 0.56 0.76 0.896 1.002 1.102 1.183 1.204 1.204 1.197 1.194 1.19 1.19
-9 -9 -9 -9 -9 -9 -9 -9 -9 -9 -9 -9 -9 -9 -9 -9 -9 -9 -9 -9 -9 -9 -9 -9 -9 -9 -9 -9 -9 -9 -9 -9 -9 0.71 0.707 0.674 0.587 0.528 0.544 0.663 0.506 0.521 0.584 0.589 0.485 0.365 0.31 0.329 0.346 0.38 0.451 0.59 0.58 0.517 0.403 0.271 0.259 0.315 0.246 0.253 0.276 0.319 0.386 0.409 0.425 0.563 0.811 0.947 1.056 1.168 1.207 1.208 1.208 1.204 1.197 1.194 1.194
-9 -9 -9 -9 -9 -9 -9 -9 -9 -9 -9 -9 -9 -9 -9 -9 -9 -9 -9 -9 -9 -9 -9 -9 -9 -9 -9 -9 -9 -9 -9 -9 -9 0.602 0.594 0.549 0.529 0.519 0.559 0.658 0.656 0.629 0.557 0.448 0.362 0.334 0.345 0.382 0.427 0.491 0.534 0.533 0.26 0.213 0.175 0.101 0.171 0.217 0.22 0.254 0.24 0.29 0.326 0.312 0.355 0.597 0.867 0.988 1.114 1.208 1.212 1.212 1.212 1.212 1.208 1.199 1.194
-9 -9 -9 -9 -9 -9 -9 -9 -9 -9 -9 -9 -9 -9 -9 -9 -9 -9 -9 -9 -9 -9 -9 -9 -9 -9 -9 -9 -9 -9 -9 -9 -9 0.551 0.552 0.55 0.561 0.605 0.66 0.663 0.586 0.507 0.399 0.33 0.348 0.378 0.415 0.45 0.498 0.456 0.502 0.248 0.149 0.072 0.104 0.155 0.283 0.28 0.236 0.291 0.305 0.457 0.518 0.573 0.701 0.871 0.99 1.071 1.177 1.218 1.214 1.214 1.214 1.214 1.214 1.21 1.195
-9 -9 -9 -9 -9 -9 -9 -9 -9 -9 -9 -9 -9 -9 -9 -9 -9 -9 -9 -9 -9 -9 -9 -9 -9 -9 -9 -9 -9 -9 -9 -9 -9 0.562 0.618 0.634 0.675 0.673 0.574 0.612 0.468 0.373 0.361 0.334 0.359 0.403 0.445 0.464 0.431 0.399 0.426 0.288 0.049 0.08 0.224 0.317 0.319 0.37 0.461 0.568 0.645 0.722 0.79 0.911 1.041 1.114 1.163 1.191 1.226 1.226 1.221 1.219 1.215 1.214 1.214 1.211 1.181
-9 -9 -9 -9 -9 -9 -9 -9 -9 -9 -9 -9 -9 -9 -9 -9 -9 -9 -9 -9 -9 -9 -9 -9 -9 -9 -9 -9 -9 -9 -9 -9 0.563 0.61 0.616 0.627 0.673 0.631 0.563 0.565 0.478 0.437 0.411 0.372 0.337 0.369 0.418 0.398 0.389 0.407 0.262 0.084 0.044 0.199 0.317 0.336 0.392 0.637 0.82 0.867 0.889 0.929 1.014 1.11 1.168 1.206 1.23 1.232 1.234 1.233 1.228 1.227 1.225 1.225 1.213 1.192 1.16
-9 -9 -9 -9 -9 -9 -9 -9 -9 -9 -9 -9 -9 -9 -9 -9 -9 -9 -9 -9 -9 -9 -9 -9 -9 -9 -9 -9 -9 -9 -9 -9 0.613 0.615 0.585 0.642 0.684 0.618 0.544 0.534 0.452 0.44 0.412 0.379 0.365 0.394 0.429 0.443 0.448 0.345 0.169 0.095 0.206 0.324 0.396 0.563 0.81 0.968 1.028 1.066 1.097 1.137 1.184 1.188 1.201 1.233 1.234 1.234 1.234 1.234 1.229 1.228 1.228 1.2 1.167 1.164 1.16
-9 -9 -9 -9 -9 -9 -9 -9 -9 -9 -9 -9 -9 -9 -9 -9 -9 -9 -9 -9 -9 -9 -9 -9 -9 -9 -9 -9 -9 -9 -9 -9 0.632 0.604 0.627 0.7 0.661 0.536 0.491 0.508 0.419 0.395 0.359 0.354 0.394 0.44 0.466 0.452 0.402 0.377 0.303 0.344 0.378 0.462 0.699 0.977 1.052 1.079 1.096 1.135 1.171 1.198 1.216 1.231 1.235 1.235 1.241 1.248 1.248 1.248 1.242 1.236 1.189 1.082 1.083 1.136 1.161
-9 -9 -9 -9 -9 -9 -9 -9 -9 -9 -9 -9 -9 -9 -9 -9 -9 -9 -9 -9 -9 -9 -9 -9 -9 -9 -9 -9 -9 -9 -9 0.646 0.623 0.624 0.684 0.698 0.58 0.484 0.46 0.479 0.365 0.322 0.325 0.358 0.417 0.434 0.444 0.405 0.367 0.477 0.494 0.553 0.571 0.716 0.997 1.052 1.033 1.064 1.113 1.155 1.188 1.212 1.231 1.236 1.244 1.248 1.248 1.248 1.248 1.248 1.247 1.204 1.065 1.045 1.075 1.083 1.136
-9 -9 -9 -9 -9 -9 -9 -9 -9 -9 -9 -9 -9 -9 -9 -9 -9 -9 -9 -9 -9 -9 -9 -9 -9 -9 -9 -9 -9 0.627 0.685 0.669 0.629 0.679 0.699 0.628 0.505 0.462 0.486 0.46 0.346 0.291 0.311 0.353 0.405 0.407 0.374 0.313 0.366 0.419 0.439 0.505 0.81 0.983 1.052 1.054 1.067 1.09 1.123 1.157 1.199 1.233 1.243 1.247 1.248 1.248 1.248 1.248 1.249 1.246 1.212 1.093 1.008 1.041 1.052 1.103 1.11
-9 -9 -9 -9 -9 -9 -9 -9 -9 -9 -9 -9 -9 -9 -9 -9 -9 -9 -9 -9 -9 -9 -9 -9 -9 -9 -9 -9 0.567 0.623 0.638 0.691 0.669 0.703 0.635 0.533 0.48 0.459 0.491 0.474 0.327 0.26 0.296 0.35 0.367 0.333 0.269 0.203 0.253 0.39 0.518 0.623 0.945 1.046 1.088 1.104 1.135 1.151 1.169 1.213 1.238 1.243 1.248 1.248 1.236 1.235 1.242 1.248 1.245 1.207 1.085 1.012 1.017 1.038 1.051 1.077 1.044
-9 -9 -9 -9 -9 -9 -9 -9 -9 -9 -9 -9 -9 -9 -9 -9 -9 -9 -9 -9 -9 -9 -9 -9 -9 -9 0.472 0.549 0.564 0.548 0.63 0.664 0.706 0.668 0.545 0.487 0.485 0.521 0.52 0.49 0.344 0.314 0.344 0.33 0.32 0.295 0.268 0.184 0.294 0.563 0.826 0.909 1.01 1.07 1.111 1.156 1.177 1.193 1.22 1.237 1.242 1.248 1.24 1.212 1.184 1.192 1.224 1.229 1.191 1.094 0.988 0.991 1.013 1.013 1.066 1.003 0.98
-9 -9 -9 -9 -9 -9 -9 -9 -9 -9 -9 -9 -9 -9 -9 -9 -9 -9 -9 -9 -9 -9 -9 -9 -9 0.463 0.513 0.521 0.52 0.556 0.598 0.687 0.7 0.643 0.574 0.536 0.556 0.593 0.539 0.506 0.41 0.379 0.398 0.361 0.366 0.351 0.246 0.193 0.417 0.763 0.968 0.994 1.032 1.081 1.125 1.184 1.153 1.192 1.238 1.24 1.242 1.237 1.186 1.114 1.135 1.184 1.205 1.165 1.114 1.031 0.984 0.979 0.979 1.04 1.024 0.946 0.969
-9 -9 -9 -9 -9 -9 -9 -9 -9 -9 -9 -9 -9 -9 -9 -9 -9 -9 -9 -9 -9 -9 -9 0.507 0.483 0.473 0.443 0.503 0.55 0.629 0.668 0.725 0.694 0.626 0.571 0.563 0.614 0.598 0.555 0.512 0.472 0.446 0.474 0.489 0.425 0.252 0.101 0.226 0.626 0.919 1.01 1.023 1.087 1.13 1.179 1.188 1.142 1.202 1.241 1.241 1.239 1.197 1.11 1.077 1.132 1.15 1.161 1.104 1.083 1.032 0.995 0.964 0.994 1.037 0.984 0.928 1.022
-9 -9 -9 -9 -9 -9 -9 -9 -9 -9 -9 -9 -9 -9 -9 -9 -9 -9 -9 -9 -9 -9 0.536 0.468 0.471 0.45 0.457 0.567 0.628 0.675 0.714 0.691 0.654 0.625 0.597 0.635 0.596 0.509 0.419 0.478 0.533 0.569 0.506 0.37 0.209 0.19 0.207 0.484 0.822 0.985 1.024 1.06 1.132 1.17 1.213 1.215 1.215 1.235 1.241 1.247 1.229 1.162 1.1 1.11 1.084 1.081 1.135 1.067 1.048 0.998 0.984 0.975 1.004 1.007 0.964 0.991 1.079
-9 -9 -9 -9 -9 -9 -9 -9 -9 -9 -9 -9 -9 -9 -9 -9 -9 -9 -9 -9 -9 0.555 0.515 0.459 0.425 0.466 0.515 0.586 0.602 0.61 0.644 0.602 0.566 0.603 0.658 0.614 0.501 0.287 0.292 0.509 0.656 0.495 0.347 0.277 0.214 0.305 0.49 0.785 0.951 1.027 1.074 1.13 1.163 1.206 1.23 1.238 1.241 1.244 1.245 1.23 1.199 1.154 1.122 1.092 1.081 1.143 1.113 1.063 1.005 0.972 0.979 0.991 0.999 1.007 1.012 1.073 1.071
-9 -9 -9 -9 -9 -9 -9 -9 -9 -9 -9 -9 -9 -9 -9 -9 -9 -9 -9 -9 0.558 0.52 0.505 0.439 0.405 0.5 0.542 0.537 0.557 0.594 0.641 0.615 0.624 0.639 0.577 0.492 0.4 0.255 0.299 0.632 0.607 0.413 0.404 0.425 0.458 0.645 0.773 0.885 0.977 1.033 1.095 1.155 1.198 1.228 1.239 1.241 1.241 1.236 1.189 1.183 1.176 1.135 1.098 1.089 1.144 1.176 1.083 1.032 0.959 0.961 0.989 0.989 0.988 1.009 1.054 1.016 1.04
-9 -9 -9 -9 -9 -9 -9 -9 -9 -9 -9 -9 -9 -9 -9 -9 -9 -9 -9 0.554 0.529 0.468 0.435 0.399 0.451 0.496 0.5 0.537 0.591 0.637 0.624 0.604 0.577 0.525 0.447 0.353 0.289 0.204 0.322 0.604 0.701 0.611 0.568 0.625 0.746 0.854 0.888 0.916 0.989 1.047 1.117 1.16 1.224 1.236 1.241 1.241 1.161 1.157 1.132 1.165 1.145 1.103 1.065 1.099 1.165 1.158 1.06 1.004 0.944 0.95 0.967 0.938 0.983 1.016 1.017 0.989 1.073
-9 -9 -9 -9 -9 -9 -9 -9 -9 -9 -9 -9 -9 -9 -9 -9 -9 -9 0.572 0.495 0.402 0.365 0.404 0.454 0.526 0.498 0.536 0.588 0.626 0.627 0.553 0.476 0.421 0.404 0.363 0.31 0.253 0.184 0.252 0.546 0.76 0.744 0.768 0.819 0.867 0.911 0.977 0.991 1.032 1.071 1.145 1.192 1.231 1.241 1.241 1.219 1.101 1.103 1.091 1.138 1.099 1.037 1.032 1.113 1.176 1.138 1.069 0.959 0.893 0.895 0.89 0.947 0.97 0.966 1.012 1.015 1.138
-9 -9 -9 -9 -9 -9 -9 -9 -9 -9 -9 -9 -9 -9 -9 -9 -9 0.598 0.506 0.38 0.359 0.412 0.471 0.517 0.525 0.568 0.608 0.609 0.594 0.536 0.439 0.364 0.344 0.362 0.35 0.326 0.289 0.241 0.345 0.583 0.801 0.828 0.856 0.802 0.658 0.781 0.88 0.978 1.026 1.099 1.131 1.179 1.238 1.244 1.248 1.202 1.117 1.082 1.087 1.113 1.062 0.994 1.031 1.114 1.17 1.13 1.06 0.949 0.903 0.874 0.893 0.96 0.921 0.995 1.035 1.062 1.189
-9 -9 -9 -9 -9 -9 -9 -9 -9 -9 -9 -9 -9 -9 -9 -9 0.556 0.455 0.381 0.384 0.443 0.485 0.496 0.502 0.55 0.617 0.592 0.528 0.47 0.41 0.344 0.307 0.333 0.354 0.372 0.402 0.413 0.456 0.678 0.774 0.767 0.7 0.625 0.562 0.613 0.784 0.888 0.996 1.034 1.111 1.116 1.161 1.243 1.248 1.245 1.208 1.148 1.095 1.099 1.101 1.053 1.004 1.037 1.129 1.154 1.127 1.054 0.972 0.925 0.907 0.919 0.905 0.95 1.048 1.114 1.192 1.141
-9 -9 -9 -9 -9 -9 -9 -9 -9 -9 -9 -9 -9 -9 -9 0.498 0.403 0.36 0.401 0.448 0.467 0.493 0.492 0.528 0.579 0.559 0.473 0.409 0.365 0.305 0.287 0.309 0.346 0.391 0.42 0.45 0.514 0.66 0.706 0.574 0.569 0.56 0.535 0.597 0.748 0.851 0.908 1.005 1.04 1.101 1.117 1.181 1.248 1.252 1.238 1.196 1.142 1.095 1.099 1.087 1.042 1.004 1.058 1.141 1.127 1.117 1.034 0.96 0.925 0.895 0.895 0.928 1.027 1.056 1.152 1.199 1.089
-9 -9 -9 -9 -9 -9 -9 -9 -9 -9 -9 -9 -9 0.612 0.511 0.392 0.35 0.397 0.439 0.459 0.492 0.526 0.542 0.516 0.503 0.457 0.374 0.352 0.318 0.292 0.276 0.327 0.368 0.392 0.396 0.398 0.496 0.551 0.43 0.444 0.567 0.549 0.566 0.606 0.761 0.886 0.933 1.01 1.047 1.111 1.149 1.211 1.262 1.264 1.236 1.175 1.113 1.086 1.102 1.074 1.034 1.016 1.087 1.135 1.105 1.096 1.013 0.924 0.88 0.891 0.915 0.968 1.049 1.061 1.173 1.139 1.048
-9 -9 -9 -9 -9 -9 -9 -9 -9 -9 -9 -9 0.653 0.53 0.428 0.39 0.419 0.475 0.488 0.524 0.542 0.537 0.428 0.392 0.443 0.424 0.386 0.369 0.331 0.289 0.293 0.342 0.357 0.383 0.402 0.448 0.499 0.346 0.365 0.51 0.591 0.443 0.394 0.512 0.736 0.875 0.938 1.018 1.062 1.13 1.178 1.238 1.269 1.269 1.209 1.162 1.109 1.083 1.096 1.061 1.035 1.053 1.101 1.111 1.094 1.075 1.005 0.909 0.848 0.9 0.943 1.016 1.067 1.147 1.154 1.024 0.988
-9 -9 -9 -9 -9 -9 -9 -9 -9 -9 -9 0.719 0.624 0.523 0.431 0.48 0.533 0.56 0.59 0.528 0.504 0.452 0.347 0.381 0.422 0.412 0.391 0.349 0.281 0.261 0.257 0.324 0.398 0.44 0.498 0.565 0.501 0.351 0.452 0.526 0.478 0.354 0.401 0.632 0.814 0.901 0.965 1.042 1.089 1.147 1.198 1.244 1.275 1.267 1.17 1.148 1.103 1.084 1.096 1.059 1.054 1.082 1.091 1.086 1.08 1.041 0.99 0.93 0.87 0.902 0.952 1.073 1.17 1.171 1.037 0.939 0.943
-9 -9 -9 -9 -9 -9 -9 -9 -9 -9 0.82 0.769 0.654 0.577 0.529 0.602 0.655 0.626 0.538 0.464 0.393 0.407 0.345 0.343 0.385 0.361 0.335 0.294 0.21 0.175 0.278 0.395 0.466 0.507 0.556 0.595 0.516 0.457 0.505 0.487 0.377 0.409 0.601 0.784 0.887 0.943 1.013 1.077 1.116 1.171 1.212 1.235 1.25 1.238 1.133 1.133 1.111 1.097 1.096 1.073 1.075 1.087 1.077 1.072 1.07 1.01 0.979 0.957 0.932 0.947 1.037 1.177 1.157 1.056 0.964 0.891 0.892
-9 -9 -9 -9 -9 -9 -9 -9 -9 -9 0.777 0.783 0.732 0.609 0.628 0.644 0.614 0.523 0.415 0.347 0.366 0.388 0.332 0.305 0.306 0.315 0.276 0.233 0.159 0.245 0.405 0.49 0.525 0.564 0.59 0.589 0.453 0.41 0.476 0.423 0.442 0.576 0.766 0.871 0.943 1.003 1.073 1.119 1.153 1.214 1.244 1.213 1.25 1.23 1.121 1.137 1.128 1.123 1.109 1.094 1.097 1.092 1.071 1.067 1.052 0.986 0.972 0.975 0.995 1.032 1.1 1.182 1.069 0.982 0.942 0.864 0.846
-9 -9 -9 -9 -9 -9 -9 -9 -9 0.672 0.654 0.682 0.716 0.702 0.668 0.601 0.528 0.407 0.324 0.305 0.341 0.384 0.34 0.304 0.263 0.26 0.211 0.199 0.242 0.393 0.478 0.517 0.573 0.611 0.579 0.463 0.305 0.25 0.42 0.502 0.597 0.736 0.859 0.934 1.007 1.076 1.098 1.129 1.158 1.21 1.245 1.248 1.281 1.199 1.136 1.149 1.14 1.143 1.131 1.12 1.115 1.09 1.063 1.052 1.027 0.969 0.954 0.977 1.045 1.076 1.144 1.17 1.096 1.005 0.964 0.861 0.842
-9 -9 -9 -9 -9 -9 -9 -9 0.668 0.63 0.621 0.64 0.679 0.701 0.639 0.568 0.45 0.37 0.318 0.317 0.34 0.402 0.346 0.287 0.25 0.22 0.204 0.265 0.359 0.459 0.522 0.59 0.608 0.556 0.351 0.29 0.249 0.264 0.451 0.594 0.714 0.829 0.93 1.008 1.064 1.099 1.107 1.176 1.149 1.169 1.202 1.263 1.288 1.174 1.163 1.163 1.152 1.153 1.144 1.129 1.11 1.072 1.058 1.02 1 0.932 0.91 0.963 1.045 1.105 1.126 1.125 1.104 1.06 0.986 0.873 0.84
