data/climatemaps/RS_maps/climate_breeding_tmp_2004.asc
NCOLS 369 
NROWS 228 
XLLCORNER 479000 
YLLCORNER 73000 
CELLSIZE 1000 
NODATA_value -9 
[rows 136 to 169 of 228, columns 152 to 227 of 369]
-0.984 -0.815 -0.445 -0.064 0.317 0.132 -0.094 -0.103 -0.067 -0.154 -0.296 -0.224 -0.051 -0.154 -0.282 -0.229 -0.217 -0.328 -0.902 -1.915 -2.447 -2.953 -3.075 -2.816 -2.539 -2.388 -2.227 -1.9 -1.574 -1.192 -1.536 -2.333 -1.925 -1.436 -0.826 -0.551 -1.37 -1.619 -1.954 -2.405 -2.691 -2.511 -2.422 -2.689 -2.704 -2.175 -1.788 -1.959 -2.028 -2.037 -2.203 -1.905 -1.77 -1.455 -1.151 -0.671 -0.55 -0.846 -0.869 -0.879 -1.014 -1.561 -1.971 -1.82 -1.548 -1.549 -1.141 -1.732 -1.801 -1.447 -1.203 -1.75 -1.99 -1.718 -1.115 -0.827
-1.384 -1.153 -0.862 -0.373 0.293 -0.367 -0.835 -1.049 -0.879 -0.782 -0.64 -0.302 -0.02 0.039 0.013 -0.031 -0.326 -0.824 -1.027 -1.44 -2.086 -2.701 -2.968 -2.745 -2.366 -2.192 -2.228 -1.931 -1.493 -1.323 -1.858 -2.365 -1.886 -1.442 -1.088 -0.542 -1.331 -1.246 -1.601 -2.075 -2.396 -2.424 -2.305 -2.54 -2.681 -2.406 -2.262 -2.119 -2.06 -2.028 -1.894 -1.493 -1.141 -0.892 -0.743 -0.601 -0.898 -1.337 -1.464 -1.437 -1.03 -1.105 -1.813 -1.889 -1.539 -1.636 -1.275 -1.738 -1.912 -1.428 -1.466 -2.004 -2.108 -1.601 -0.95 -1.128
-1.501 -1.277 -0.825 -0.273 0.196 -0.402 -0.84 -1.359 -1.225 -1.043 -0.744 -0.421 -0.231 -0.137 -0.105 -0.152 -0.975 -1.897 -1.863 -1.757 -2.05 -2.458 -2.902 -2.88 -2.496 -2.09 -1.918 -1.63 -1.471 -1.645 -2.234 -2.237 -1.826 -1.201 -0.935 -0.565 -0.976 -1.282 -1.552 -2.087 -2.24 -2.105 -2.247 -2.714 -2.62 -2.219 -1.977 -1.82 -1.626 -1.484 -1.236 -0.986 -0.759 -0.759 -0.88 -0.771 -1.308 -1.611 -1.886 -1.863 -1.525 -1.125 -1.423 -1.786 -1.6 -1.848 -1.488 -1.719 -1.995 -1.458 -1.822 -2.069 -1.93 -1.495 -0.939 -1.398
-1.542 -1.122 -0.843 -0.56 0.158 -0.101 -0.51 -1.26 -1.365 -1.075 -0.836 -0.601 -0.561 -0.599 -0.824 -0.814 -0.956 -1.803 -2.354 -2.573 -2.535 -2.473 -2.566 -2.691 -2.613 -2.27 -1.9 -1.706 -1.749 -2.063 -2.198 -1.875 -1.705 -1.453 -1.418 -0.841 -0.757 -1.443 -1.937 -2.309 -2.132 -1.972 -2.252 -2.532 -2.349 -2.095 -1.79 -1.646 -1.592 -1.143 -0.79 -0.784 -0.937 -1.205 -1.192 -0.89 -1.511 -1.945 -2.127 -1.985 -1.783 -1.469 -1.28 -1.726 -1.679 -1.952 -1.697 -1.752 -2.024 -1.646 -2.034 -1.944 -1.628 -1.132 -1.079 -1.631
-1.327 -1.031 -1.234 -0.667 0.034 0.012 -0.484 -1.241 -1.514 -1.206 -0.957 -0.864 -1.014 -1.25 -1.749 -1.301 -0.705 -1.286 -1.713 -2.385 -3.12 -2.993 -2.45 -2.156 -2.366 -2.467 -2.225 -2.244 -2.243 -2.125 -2.292 -2.021 -1.973 -1.895 -1.732 -1.365 -0.831 -1.2 -1.794 -2.335 -2.073 -1.818 -2.169 -2.293 -1.951 -1.767 -1.478 -1.344 -1.286 -0.901 -0.806 -1.188 -1.445 -1.591 -1.195 -1.173 -1.483 -1.914 -2.097 -1.944 -1.674 -1.463 -1.369 -1.611 -1.79 -2.07 -1.83 -1.866 -2.002 -1.838 -1.811 -1.548 -1.421 -1.051 -1.481 -1.921
-1.358 -1.521 -1.3 -0.758 -0.19 0.02 -0.657 -1.3 -1.462 -1.214 -1.209 -1.394 -1.926 -2.354 -2.283 -1.582 -0.891 -0.998 -1.382 -2.067 -2.895 -3.325 -2.892 -2.259 -1.941 -2.215 -2.471 -2.478 -2.515 -2.277 -2.382 -2.153 -1.898 -1.769 -1.636 -1.516 -1.11 -1.083 -1.682 -2.113 -1.848 -1.631 -1.955 -2.143 -1.734 -1.449 -1.394 -1.303 -1.16 -0.925 -1.128 -1.559 -1.746 -1.66 -1.236 -1.492 -1.704 -1.77 -2.065 -2.11 -1.799 -1.491 -1.633 -1.79 -1.881 -2.128 -1.845 -2.05 -1.971 -2.011 -1.769 -1.393 -1.123 -1.173 -1.748 -2.263
-1.544 -1.88 -1.409 -0.955 -0.349 -0.105 -0.868 -1.158 -1.225 -1.386 -1.69 -2.537 -3.174 -2.613 -2.233 -1.866 -1.496 -1.627 -1.884 -1.894 -2.556 -2.924 -3.003 -2.583 -2.001 -1.821 -1.985 -1.969 -2.103 -1.939 -1.933 -1.978 -1.933 -1.919 -1.724 -1.554 -1.23 -1.062 -1.587 -1.739 -1.384 -1.367 -1.659 -1.898 -1.693 -1.651 -1.779 -1.672 -1.362 -1.047 -1.331 -1.736 -1.784 -1.575 -1.234 -1.498 -1.826 -1.87 -1.975 -2.032 -1.954 -1.642 -1.833 -1.63 -1.679 -1.918 -1.893 -1.947 -1.895 -1.967 -1.794 -1.377 -1.017 -1.268 -1.916 -2.42
-1.854 -1.79 -1.454 -1.036 -0.248 -0.14 -0.735 -0.86 -1.052 -1.491 -2.049 -2.877 -3.116 -2.628 -2.43 -2.173 -1.978 -2.17 -2.33 -2.008 -2.417 -2.667 -2.504 -2.74 -2.299 -1.818 -1.708 -1.652 -1.605 -1.533 -1.452 -1.419 -1.435 -1.507 -1.382 -1.321 -1.348 -1.262 -1.487 -1.257 -1.125 -1.395 -1.6 -1.711 -1.945 -1.967 -1.866 -1.615 -1.394 -1.281 -1.426 -1.861 -1.676 -1.431 -1.269 -1.495 -1.834 -1.66 -1.679 -1.827 -1.867 -1.543 -1.315 -1.205 -1.653 -1.774 -1.661 -1.676 -1.694 -1.586 -1.533 -1.299 -1.244 -1.081 -1.496 -2.024
-1.871 -1.559 -1.133 -0.841 0.03 -0.577 -1.041 -1.163 -1.459 -1.94 -2.472 -3.214 -3.309 -3.078 -2.995 -2.821 -2.709 -2.808 -2.824 -2.431 -2.475 -2.775 -2.369 -2.369 -2.224 -1.844 -1.969 -1.952 -1.751 -1.765 -1.811 -1.712 -1.504 -1.32 -1.403 -1.634 -1.74 -1.506 -1.379 -0.995 -1.289 -1.58 -1.919 -1.902 -2.124 -1.924 -1.674 -1.58 -1.657 -1.658 -1.499 -1.918 -1.538 -1.607 -1.443 -1.319 -1.493 -1.518 -1.699 -1.671 -1.362 -1.024 -1.019 -1.387 -1.416 -1.385 -1.224 -1.544 -1.708 -1.782 -1.509 -1.589 -1.366 -1.017 -1.089 -1.442
-1.518 -1.244 -1.002 -0.589 0.067 -1.026 -1.763 -2.092 -2.499 -2.664 -2.767 -3.216 -3.263 -3.182 -3.01 -3.081 -3.335 -3.416 -3.116 -3.01 -3.018 -2.949 -2.573 -2.117 -1.978 -2.118 -2.457 -2.346 -2.216 -2.161 -2.05 -1.824 -1.666 -1.703 -1.837 -1.911 -1.713 -1.415 -1.18 -0.768 -1.103 -1.616 -1.883 -2.081 -2.235 -2.005 -1.862 -1.943 -1.954 -1.762 -1.545 -1.95 -1.746 -1.877 -1.694 -1.148 -1.227 -1.436 -1.423 -1.201 -0.884 -0.627 -1.06 -1.37 -1.15 -1.027 -1.078 -1.189 -1.289 -1.387 -1.504 -1.733 -1.461 -1.078 -0.92 -1.019
-1.146 -0.955 -0.679 -0.495 -0.034 -0.844 -1.768 -2.591 -3.146 -3.262 -3.006 -2.912 -3.029 -3.254 -2.965 -2.868 -3.14 -3.385 -2.935 -2.951 -3.217 -3.317 -2.741 -2.389 -2.228 -2.591 -2.607 -2.351 -2.128 -1.943 -1.808 -1.747 -1.881 -2.012 -1.907 -1.748 -1.508 -1.114 -0.725 -0.518 -0.931 -1.366 -1.694 -2.006 -1.913 -2.131 -2.157 -2.268 -2.039 -1.905 -1.842 -1.959 -1.89 -1.625 -1.611 -1.172 -0.773 -0.749 -0.671 -0.589 -0.406 -0.672 -1.114 -1.154 -0.92 -1.07 -1.225 -1.364 -1.359 -1.436 -1.513 -1.563 -1.367 -1.241 -1.035 -0.878
-0.875 -0.83 -0.846 -0.818 -0.245 -0.712 -1.557 -2.372 -2.956 -3.281 -2.97 -2.675 -2.681 -2.9 -2.859 -2.764 -2.921 -3.315 -2.982 -2.683 -2.934 -3.273 -3.004 -2.793 -2.649 -2.758 -2.448 -2.201 -2.094 -2.081 -2.119 -2.081 -2.041 -1.916 -1.742 -1.471 -1.165 -0.721 -0.415 -0.543 -0.708 -0.935 -1.34 -1.665 -1.593 -2.146 -2.034 -2.09 -2.239 -1.88 -1.734 -1.533 -1.452 -1.15 -1.041 -0.806 -0.458 -0.216 -0.125 -0.113 -0.204 -0.582 -0.778 -0.795 -0.627 -0.898 -0.968 -1.164 -1.348 -1.614 -1.646 -1.625 -1.532 -1.456 -1.341 -1.134
-1.23 -1.458 -1.285 -0.945 -0.437 -0.937 -1.653 -2.145 -2.388 -3.041 -3.121 -2.733 -2.447 -2.424 -2.52 -2.623 -2.83 -3.146 -2.974 -2.631 -2.576 -2.7 -2.803 -2.822 -2.612 -2.731 -2.627 -2.408 -2.198 -1.941 -2.055 -1.927 -1.848 -1.544 -1.336 -1.119 -0.7 -0.42 -0.56 -1.006 -1.051 -1.055 -1.064 -1.052 -1.692 -1.89 -1.77 -2.21 -2.208 -1.681 -1.41 -1.156 -0.948 -0.621 -0.397 -0.36 -0.408 -0.464 -0.399 -0.377 -0.147 -0.133 -0.192 -0.123 -0.103 -0.197 -0.288 -0.505 -0.762 -1.342 -1.489 -1.548 -1.547 -1.457 -1.548 -1.489
-2.032 -1.763 -1.113 -0.797 -0.737 -1.317 -2.054 -2.576 -2.862 -3.235 -3.034 -2.93 -2.601 -2.275 -2.245 -2.398 -2.69 -2.703 -2.862 -2.682 -2.434 -2.34 -2.35 -2.502 -2.413 -2.649 -2.791 -2.422 -2.157 -1.696 -1.428 -1.745 -1.42 -1.298 -0.914 -0.575 -0.38 -0.577 -0.987 -1.399 -1.451 -1.376 -1.37 -1.42 -1.333 -1.561 -2.022 -2.126 -1.866 -1.335 -0.97 -0.663 -0.482 -0.453 -0.678 -0.775 -1.008 -1.031 -0.983 -0.849 -0.609 -0.491 -0.41 -0.245 -0.049 0.039 0.06 -0.078 -0.332 -0.853 -0.927 -0.957 -1.032 -1.02 -1.2 -1.242
-1.993 -1.567 -1.214 -1.162 -1.363 -1.916 -2.572 -3.196 -3.398 -3.223 -2.797 -2.653 -2.471 -2.235 -2.143 -2.16 -2.393 -2.739 -3.064 -2.874 -2.583 -2.38 -2.195 -2.139 -2.344 -2.623 -2.68 -2.365 -2.276 -1.815 -1.19 -1.326 -1.153 -0.715 -0.442 -0.352 -0.458 -0.771 -1.16 -1.602 -1.848 -1.926 -1.68 -1.841 -1.598 -1.758 -2.015 -1.731 -1.411 -0.96 -0.614 -0.591 -0.852 -0.893 -1.214 -1.187 -1.542 -1.454 -1.408 -1.218 -1.031 -0.895 -0.872 -0.869 -0.626 -0.511 -0.305 0.015 -0.006 -0.334 -0.2 -0.291 -0.398 -0.51 -0.763 -0.833
-1.926 -1.68 -1.508 -1.539 -1.851 -2.548 -3.232 -3.262 -3.164 -2.987 -2.682 -2.432 -2.289 -2.189 -2.119 -2.065 -2.165 -2.668 -3.024 -3.193 -2.992 -2.72 -2.201 -1.966 -2.563 -2.317 -2.342 -1.997 -1.83 -1.857 -1.385 -0.778 -0.668 -0.401 -0.402 -0.635 -0.931 -0.973 -0.947 -1.3 -1.711 -2.108 -2.066 -1.96 -1.877 -1.917 -1.73 -1.322 -0.938 -0.711 -0.708 -1.089 -1.313 -1.299 -1.523 -1.639 -1.661 -1.422 -1.25 -1.242 -1.304 -1.212 -1.181 -1.305 -1.103 -1.167 -1.046 -0.439 0.033 0.094 0.161 0.175 0.209 -0.005 -0.322 -0.474
-2.396 -2.103 -1.974 -2.235 -2.704 -2.973 -2.939 -3.132 -2.975 -2.72 -2.548 -2.393 -2.34 -2.36 -2.34 -1.99 -1.951 -2.155 -2.497 -3.052 -2.946 -2.559 -2.005 -1.784 -2.489 -2.125 -1.879 -2.009 -1.47 -1.514 -1.124 -0.646 -0.397 -0.438 -0.751 -1.126 -1.406 -1.493 -1.483 -1.086 -1.459 -1.805 -1.924 -1.839 -1.647 -1.528 -1.32 -0.971 -0.822 -1.014 -1.124 -1.409 -1.639 -1.568 -1.589 -1.645 -1.439 -1.19 -1.032 -0.858 -0.982 -1.196 -1.426 -1.576 -1.546 -1.624 -1.305 -0.839 -0.454 -0.006 0.032 0.063 0.342 0.42 0.228 -0.073
-2.76 -2.623 -2.843 -2.638 -2.567 -2.746 -2.553 -2.817 -2.916 -2.667 -2.526 -2.685 -2.896 -3.099 -2.752 -2.176 -1.866 -1.824 -2.206 -2.694 -2.475 -2.203 -1.65 -1.695 -2.386 -2.007 -1.529 -1.602 -1.379 -0.986 -0.632 -0.352 -0.475 -0.81 -1.093 -1.497 -1.746 -1.843 -1.66 -1.363 -1.205 -1.664 -1.799 -1.554 -1.352 -1.299 -1.137 -1.011 -1.162 -1.445 -1.616 -1.685 -1.833 -1.733 -1.657 -1.577 -1.555 -1.436 -1.329 -1.047 -0.739 -0.733 -1.199 -1.444 -1.654 -1.641 -1.412 -1.173 -0.838 -0.556 -0.383 -0.101 0.004 0.309 0.542 0.241
-2.454 -2.297 -2.531 -2.028 -2.053 -2.34 -2.335 -2.336 -2.478 -2.921 -2.977 -3.439 -3.05 -2.774 -2.877 -2.471 -1.944 -1.763 -1.919 -2.499 -2.14 -1.572 -1.315 -1.773 -2.225 -1.99 -1.583 -1.087 -1.031 -0.587 -0.354 -0.391 -0.763 -1.237 -1.252 -1.647 -1.929 -1.861 -1.633 -1.551 -1.35 -1.764 -1.825 -1.65 -1.494 -1.443 -1.374 -1.388 -1.538 -1.732 -1.831 -1.801 -1.845 -1.93 -1.665 -1.477 -1.429 -1.439 -1.605 -1.315 -0.94 -0.643 -0.66 -1.066 -1.268 -1.271 -1.506 -1.536 -1.233 -1.014 -0.662 -0.406 -0.508 -0.267 0.058 0.487
-2.108 -1.754 -2.216 -1.837 -1.78 -1.935 -1.926 -2.235 -2.807 -2.681 -2.909 -3.299 -2.845 -2.348 -2.417 -2.582 -2.057 -1.702 -1.771 -2.325 -2.045 -1.371 -1.12 -1.766 -1.955 -1.72 -1.383 -0.855 -0.564 -0.346 -0.436 -0.696 -0.972 -1.459 -1.531 -1.551 -2.006 -1.957 -1.839 -1.833 -1.617 -1.91 -1.966 -1.851 -1.767 -1.615 -1.579 -1.78 -1.857 -1.859 -1.663 -1.492 -1.637 -1.859 -1.711 -1.571 -1.292 -1.051 -1.514 -1.564 -1.375 -1.016 -0.51 -0.697 -0.98 -1.128 -1.588 -1.591 -1.263 -1.043 -0.67 -0.447 -0.717 -0.34 -0.126 0.481
-1.955 -1.406 -1.798 -1.527 -1.419 -1.591 -1.927 -2.692 -2.889 -2.36 -2.415 -2.764 -2.856 -2.317 -2.007 -2.208 -2.11 -1.624 -1.673 -2.108 -1.83 -1.327 -0.856 -1.396 -1.711 -1.416 -0.985 -0.559 -0.313 -0.432 -0.824 -1.169 -0.985 -1.523 -1.805 -1.782 -2.161 -2.143 -1.974 -1.895 -1.532 -1.824 -2.094 -1.88 -1.684 -1.45 -1.567 -2.039 -2.032 -1.86 -1.556 -1.164 -1.301 -1.679 -1.842 -1.508 -1.114 -0.837 -1.114 -1.559 -1.353 -1.065 -0.449 -0.459 -1.115 -1.416 -1.717 -1.454 -1.182 -0.863 -0.546 -0.607 -1.142 -0.61 -0.355 0.249
-1.518 -1.179 -1.289 -1.202 -1.355 -1.8 -2.33 -2.671 -2.822 -2.292 -2.043 -2.499 -3.008 -2.612 -2.258 -1.895 -1.707 -1.523 -1.602 -1.82 -1.733 -1.232 -0.564 -0.861 -1.287 -1.088 -0.564 -0.327 -0.468 -0.851 -1.193 -1.596 -1.151 -1.304 -1.86 -2.19 -2.367 -2.261 -2.099 -1.912 -1.504 -1.408 -1.774 -1.698 -1.491 -1.389 -1.567 -1.916 -1.825 -1.582 -1.336 -0.932 -1.259 -1.78 -1.79 -1.424 -1.185 -0.735 -0.939 -1.548 -1.254 -0.743 -0.28 -0.381 -0.96 -1.385 -1.933 -1.994 -1.668 -1.235 -1.331 -1.5 -1.602 -1.156 -0.737 -0.212
-1.011 -0.999 -1.238 -1.505 -1.822 -2.277 -2.352 -2.221 -2.478 -2.063 -1.992 -2.585 -2.94 -2.671 -2.405 -1.934 -1.415 -1.432 -1.653 -1.896 -1.69 -1.146 -0.356 -0.455 -0.839 -0.627 -0.328 -0.497 -0.857 -1.295 -1.508 -1.806 -1.446 -1.131 -1.774 -2.475 -2.504 -2.407 -1.99 -1.699 -1.532 -1.211 -1.195 -1.212 -1.242 -1.383 -1.597 -1.918 -1.699 -1.56 -1.295 -0.973 -0.899 -1.517 -1.674 -1.263 -0.897 -0.394 -0.571 -1.209 -1.289 -0.777 -0.176 -0.349 -0.917 -1.386 -1.66 -1.916 -2.07 -1.795 -1.762 -1.72 -1.605 -1.088 -0.666 -0.277
-1.057 -1.316 -1.755 -2.272 -2.564 -2.511 -2.288 -2.073 -2.04 -1.811 -1.903 -2.39 -2.572 -2.272 -2.042 -1.655 -1.308 -1.417 -1.837 -1.903 -1.488 -0.943 -0.288 -0.209 -0.494 -0.308 -0.495 -0.9 -1.268 -1.592 -1.796 -1.936 -1.817 -1.549 -1.821 -2.537 -2.461 -2.258 -1.816 -1.868 -1.879 -1.4 -0.953 -0.923 -0.961 -1.464 -1.846 -2.217 -2.104 -1.867 -1.543 -0.61 -0.52 -1.174 -1.481 -1.512 -1.257 -0.591 0.007 -0.574 -0.76 -0.468 -0.097 -0.653 -1.158 -1.407 -1.173 -1.321 -1.742 -1.723 -1.462 -1.28 -1.09 -0.69 -0.269 0.023
-1.655 -2.018 -2.402 -2.756 -2.919 -2.788 -2.777 -2.369 -2.018 -1.985 -1.778 -1.804 -2.03 -1.777 -1.641 -1.273 -1.218 -1.569 -1.87 -1.62 -1.245 -0.735 -0.16 -0.125 -0.245 -0.485 -0.878 -1.309 -1.599 -1.708 -1.736 -2.02 -2.293 -2.14 -2.168 -2.286 -2.121 -1.87 -1.75 -2.003 -1.94 -1.438 -1.34 -0.857 -1.1 -1.431 -1.783 -2.277 -2.418 -2.22 -1.519 -0.518 0.045 -0.37 -1.106 -1.615 -1.206 -0.683 -0.096 0.031 0.068 0.185 -0.039 -0.81 -1.313 -1.066 -0.748 -0.911 -1.514 -1.726 -1.338 -1.005 -0.705 -0.463 -0.293 -0.272
-2.284 -2.554 -2.682 -2.616 -2.501 -2.683 -2.666 -2.687 -2.433 -2.293 -2.1 -1.638 -1.457 -1.288 -1.145 -1.075 -1.269 -1.582 -1.545 -1.323 -0.917 -0.425 -0.016 -0.112 -0.374 -0.786 -1.289 -1.518 -1.488 -1.452 -1.848 -2.165 -2.306 -2.274 -2.344 -2.366 -2.245 -1.878 -1.954 -2.12 -1.863 -1.573 -1.548 -0.854 -0.724 -1.45 -1.803 -2.211 -2.038 -1.674 -1.092 -0.547 0.024 0.14 -0.8 -1.176 -1.369 -0.94 -0.36 -0.521 -0.301 0.226 0.236 -0.453 -0.779 -0.556 -0.616 -1.075 -1.505 -1.557 -1.493 -1.255 -0.936 -0.747 -1.027 -0.828
-2.838 -2.628 -2.381 -2.22 -2.161 -2.208 -2.145 -2.56 -2.296 -2.068 -2.007 -1.529 -1.036 -0.832 -0.99 -1.32 -1.305 -1.278 -1.218 -0.853 -0.462 -0.054 0.048 -0.309 -0.814 -0.938 -1.15 -1.219 -1.399 -1.778 -1.887 -1.894 -1.864 -1.677 -1.985 -2.101 -2.205 -2.033 -1.963 -1.864 -1.871 -1.983 -1.542 -1.002 -0.458 -1.173 -1.596 -1.827 -1.851 -1.384 -1.234 -1.045 -0.385 0.377 -0.25 -0.872 -1.408 -1.074 -0.868 -1.038 -0.597 -0.159 0.381 0.145 -0.134 -0.083 -0.687 -1.181 -1.444 -1.045 -1.077 -1.134 -0.923 -0.929 -1.405 -1.01
-2.832 -2.634 -2.184 -1.768 -2.063 -2.033 -1.755 -2.327 -1.849 -1.621 -1.675 -1.236 -0.695 -0.921 -1.246 -1.265 -1.075 -0.942 -0.649 -0.454 -0.102 0.088 -0.119 -0.495 -0.612 -1.113 -1.331 -1.567 -1.755 -1.594 -1.61 -1.604 -1.449 -1.586 -1.684 -1.996 -2.355 -2.174 -1.822 -1.519 -1.532 -1.606 -1.555 -1.031 -0.343 -0.78 -1.311 -1.803 -1.638 -1.366 -1.467 -1.092 -0.574 0.256 0.012 -0.782 -1.227 -1.349 -1.231 -1.181 -0.872 -0.394 0.276 0.417 -0.115 -0.163 -0.684 -1.288 -1.538 -1.017 -0.71 -0.603 -0.431 -0.388 -1.013 -1.315
-2.216 -2.293 -1.98 -1.653 -1.851 -2.019 -1.405 -1.992 -1.611 -1.382 -1.388 -1.085 -0.625 -1.096 -1.041 -0.911 -0.59 -0.292 -0.087 0.127 0.169 0.025 -0.184 -0.24 -0.726 -1.144 -1.377 -1.222 -1.094 -1.219 -1.165 -1.133 -1.206 -1.34 -1.548 -1.918 -2.03 -1.969 -1.671 -1.434 -1.56 -1.423 -1.224 -0.944 -0.356 -0.552 -1.165 -1.71 -1.749 -1.409 -1.411 -1.122 -0.611 0.143 0.313 -0.132 -0.538 -0.938 -0.964 -1.139 -0.748 -0.23 0.398 0.275 -0.354 -0.609 -0.678 -1.229 -1.515 -1.292 -1.166 -0.968 -0.625 -0.034 -0.657 -1.395
-1.804 -2.052 -1.375 -1.274 -1.845 -2.021 -1.174 -1.709 -1.462 -1.203 -0.987 -0.677 -0.548 -1.046 -0.582 -0.273 -0.043 0.236 0.219 0.093 -0.049 -0.385 -0.775 -0.497 -0.603 -0.97 -0.729 -0.644 -0.659 -0.859 -1.121 -1.384 -1.648 -1.693 -1.614 -1.517 -1.564 -1.764 -1.819 -1.585 -1.788 -1.829 -1.513 -1.13 -0.476 -0.334 -1.003 -1.593 -1.658 -1.312 -0.975 -0.975 -0.453 0.069 0.165 0.35 0.268 -0.188 -0.724 -0.76 -0.176 0.282 0.539 -0.026 -0.645 -0.895 -1.042 -1.162 -1.015 -0.802 -0.953 -1.025 -0.486 0.129 -0.584 -1.388
-1.812 -1.829 -0.957 -1.45 -2.028 -2.098 -1.145 -1.305 -1.444 -0.949 -0.498 -0.348 -0.657 -0.872 -0.254 0.163 0.303 -0.004 -0.243 -0.43 -0.491 -1.018 -1.315 -1.149 -0.542 -0.455 -0.579 -0.916 -0.999 -1.073 -1.614 -1.934 -1.977 -1.752 -1.605 -1.167 -1.424 -1.656 -1.864 -1.761 -1.687 -1.927 -1.868 -1.433 -0.633 -0.321 -1.094 -1.635 -1.62 -1.197 -0.646 -0.404 -0.235 -0.439 -0.689 -0.182 0.441 0.434 -0.139 0.074 0.429 0.557 0.348 -0.304 -0.878 -1.064 -1.427 -1.425 -0.872 -0.259 -0.12 -0.284 0.06 -0.047 -0.88 -1.183
-1.847 -1.87 -0.831 -1.093 -1.633 -2 -1.251 -1.009 -1.53 -0.919 -0.176 -0.197 -0.649 -0.385 0.095 0.338 -0.043 -0.458 -0.827 -1.127 -0.989 -1.455 -1.69 -1.483 -0.996 -0.532 -0.898 -1.294 -1.387 -1.293 -1.632 -1.827 -1.859 -1.429 -1.3 -1.136 -1.431 -1.672 -1.817 -1.601 -1.33 -1.534 -1.465 -1.115 -0.492 -0.382 -1.14 -1.735 -1.648 -1.294 -0.91 -0.7 -0.764 -1.187 -1.052 -0.597 -0.236 0.412 0.662 0.708 0.32 0.18 -0.174 -0.2 -0.669 -1.204 -1.264 -1.433 -0.979 -0.555 -0.426 0.101 0.219 0.298 -0.246 -0.432
-1.673 -1.606 -0.674 -0.868 -1.408 -1.913 -1.376 -0.82 -1.456 -1.006 -0.096 -0.012 -0.114 0.151 0.366 0.029 -0.474 -0.718 -1.231 -1.661 -1.636 -1.649 -1.448 -1.221 -1.039 -0.613 -0.946 -1.439 -1.661 -1.699 -1.735 -1.642 -1.676 -1.304 -1.038 -1.167 -1.411 -1.615 -1.687 -1.224 -0.786 -0.876 -0.697 -0.413 -0.211 -0.476 -1.032 -1.583 -1.645 -1.561 -1.457 -1.349 -1.307 -1.361 -1.253 -0.996 -0.663 -0.112 0.728 0.777 0.1 -0.259 -0.276 -0.631 -0.718 -1.076 -0.733 -1.181 -1.446 -1.243 -0.783 -0.561 -0.331 0.302 0.216 -0.151
-1.155 -1.255 -0.565 -0.73 -1.383 -1.501 -1.346 -0.713 -1.096 -0.766 0.05 0.274 0.375 0.456 0.18 -0.288 -0.674 -1.234 -1.644 -2.042 -1.813 -1.516 -1.287 -1.303 -1.122 -0.872 -0.955 -1.455 -1.821 -2.124 -1.825 -1.394 -1.284 -1.099 -1.011 -1.314 -1.548 -1.618 -1.679 -1.223 -0.748 -0.35 0.048 0.038 -0.314 -0.791 -1.204 -1.549 -1.378 -1.268 -1.317 -1.182 -1.211 -1.028 -1.094 -1.234 -0.848 -0.15 0.774 0.607 0.082 -0.272 -0.662 -0.823 -1.155 -0.958 -0.429 -0.918 -1.159 -1.239 -1.18 -1.065 -0.341 0.271 0.158 -0.674
