data/climatemaps/RS_maps/climate_breeding_pr_2019.asc
NCOLS 369 
NROWS 228 
XLLCORNER 479000 
YLLCORNER 73000 
CELLSIZE 1000 
NODATA_value -9 
[rows 102 to 135 of 228, columns 75 to 149 of 369]
-1.095 -1.128 -1.133 -1.123 -1.105 -1.087 -1.071 -1.061 -1.054 -1.048 -1.037 -1.015 -0.987 -0.962 -0.94 -0.941 -0.971 -0.997 -1.013 -1.025 -1.033 -1.035 -1.025 -1.001 -0.962 -0.938 -0.953 -0.98 -1.012 -1.035 -1.062 -1.034 -0.972 -0.912 -0.85 -0.827 -0.819 -0.838 -0.858 -0.885 -0.925 -0.95 -0.964 -0.966 -0.983 -0.989 -0.999 -0.995 -0.997 -1.001 -0.981 -0.937 -0.887 -0.858 -0.872 -0.803 -0.677 -0.572 -0.512 -0.408 -0.274 -0.227 -0.194 -0.145 -0.113 -0.072 -0.17 -0.297 -0.476 -0.624 -0.691 -0.737 -0.757 -0.74 -0.702
-1.104 -1.126 -1.127 -1.117 -1.102 -1.087 -1.075 -1.065 -1.057 -1.046 -1.02 -0.988 -0.957 -0.941 -0.932 -0.957 -0.987 -1.003 -1.018 -1.029 -1.035 -1.027 -1.001 -0.961 -0.925 -0.909 -0.918 -0.949 -0.988 -1.016 -1.049 -1.02 -0.971 -0.904 -0.844 -0.803 -0.782 -0.79 -0.802 -0.83 -0.879 -0.913 -0.903 -0.912 -0.939 -0.925 -0.923 -0.949 -0.964 -0.974 -0.97 -0.96 -0.935 -0.901 -0.883 -0.841 -0.745 -0.638 -0.522 -0.436 -0.348 -0.266 -0.2 -0.142 -0.088 -0.047 -0.143 -0.294 -0.474 -0.569 -0.609 -0.643 -0.658 -0.695 -0.713
-1.112 -1.124 -1.122 -1.112 -1.099 -1.087 -1.076 -1.067 -1.055 -1.033 -1.001 -0.975 -0.961 -0.96 -0.972 -0.989 -1.001 -1.013 -1.025 -1.032 -1.028 -1.011 -0.977 -0.934 -0.9 -0.881 -0.888 -0.928 -0.963 -0.995 -1.031 -0.999 -0.955 -0.893 -0.828 -0.786 -0.769 -0.763 -0.772 -0.794 -0.846 -0.846 -0.862 -0.886 -0.877 -0.814 -0.778 -0.848 -0.904 -0.94 -0.949 -0.937 -0.935 -0.925 -0.875 -0.844 -0.785 -0.675 -0.537 -0.449 -0.365 -0.263 -0.19 -0.154 -0.131 -0.125 -0.165 -0.314 -0.452 -0.534 -0.538 -0.551 -0.549 -0.596 -0.635
-1.12 -1.123 -1.118 -1.108 -1.097 -1.086 -1.076 -1.064 -1.045 -1.017 -0.994 -0.981 -0.985 -0.991 -0.996 -1.005 -1.015 -1.023 -1.029 -1.028 -1.014 -0.988 -0.947 -0.914 -0.883 -0.863 -0.876 -0.917 -0.949 -0.977 -1.009 -0.985 -0.946 -0.882 -0.824 -0.787 -0.77 -0.764 -0.767 -0.79 -0.807 -0.802 -0.829 -0.83 -0.807 -0.762 -0.706 -0.722 -0.815 -0.878 -0.913 -0.926 -0.919 -0.923 -0.893 -0.85 -0.785 -0.683 -0.56 -0.453 -0.366 -0.275 -0.239 -0.217 -0.181 -0.171 -0.243 -0.34 -0.387 -0.483 -0.548 -0.55 -0.507 -0.496 -0.531
-1.128 -1.125 -1.117 -1.107 -1.096 -1.085 -1.073 -1.056 -1.031 -1.006 -0.991 -0.994 -1.002 -1.005 -1.01 -1.017 -1.023 -1.024 -1.02 -1.013 -0.989 -0.948 -0.906 -0.897 -0.884 -0.869 -0.875 -0.898 -0.931 -0.962 -0.98 -0.953 -0.921 -0.888 -0.853 -0.829 -0.803 -0.789 -0.789 -0.801 -0.783 -0.766 -0.792 -0.783 -0.739 -0.643 -0.629 -0.623 -0.662 -0.783 -0.853 -0.895 -0.912 -0.913 -0.886 -0.848 -0.776 -0.653 -0.527 -0.411 -0.357 -0.346 -0.334 -0.314 -0.274 -0.259 -0.302 -0.313 -0.303 -0.363 -0.489 -0.525 -0.501 -0.488 -0.459
-1.136 -1.129 -1.119 -1.109 -1.096 -1.081 -1.065 -1.047 -1.027 -1.007 -1 -1.007 -1.012 -1.015 -1.019 -1.024 -1.021 -1.012 -1.006 -0.982 -0.947 -0.908 -0.888 -0.88 -0.868 -0.866 -0.863 -0.879 -0.922 -0.93 -0.929 -0.926 -0.914 -0.893 -0.875 -0.869 -0.857 -0.835 -0.827 -0.82 -0.779 -0.79 -0.779 -0.745 -0.681 -0.577 -0.515 -0.485 -0.52 -0.652 -0.784 -0.843 -0.876 -0.893 -0.874 -0.832 -0.76 -0.631 -0.477 -0.37 -0.357 -0.375 -0.347 -0.298 -0.251 -0.273 -0.269 -0.254 -0.282 -0.275 -0.361 -0.481 -0.535 -0.485 -0.426
-1.144 -1.134 -1.122 -1.11 -1.092 -1.074 -1.058 -1.044 -1.033 -1.024 -1.019 -1.021 -1.022 -1.022 -1.021 -1.016 -1.001 -0.985 -0.974 -0.948 -0.919 -0.885 -0.869 -0.845 -0.832 -0.836 -0.853 -0.874 -0.89 -0.877 -0.86 -0.853 -0.857 -0.856 -0.848 -0.854 -0.85 -0.833 -0.824 -0.837 -0.792 -0.775 -0.745 -0.694 -0.637 -0.534 -0.443 -0.404 -0.443 -0.551 -0.717 -0.754 -0.791 -0.854 -0.855 -0.817 -0.749 -0.635 -0.502 -0.424 -0.405 -0.35 -0.274 -0.202 -0.162 -0.181 -0.153 -0.164 -0.209 -0.211 -0.249 -0.377 -0.506 -0.479 -0.439
-1.15 -1.138 -1.125 -1.107 -1.085 -1.068 -1.057 -1.051 -1.047 -1.043 -1.039 -1.034 -1.03 -1.023 -1.01 -0.987 -0.959 -0.948 -0.922 -0.904 -0.888 -0.863 -0.835 -0.809 -0.803 -0.823 -0.851 -0.858 -0.846 -0.827 -0.799 -0.784 -0.788 -0.802 -0.813 -0.829 -0.815 -0.794 -0.786 -0.815 -0.775 -0.733 -0.712 -0.664 -0.605 -0.528 -0.425 -0.365 -0.398 -0.527 -0.679 -0.641 -0.672 -0.787 -0.821 -0.802 -0.744 -0.658 -0.556 -0.482 -0.412 -0.29 -0.197 -0.106 -0.076 -0.054 -0.018 -0.037 -0.114 -0.166 -0.187 -0.308 -0.436 -0.521 -0.496
-1.152 -1.139 -1.122 -1.102 -1.082 -1.069 -1.065 -1.064 -1.062 -1.058 -1.052 -1.045 -1.033 -1.014 -0.979 -0.937 -0.909 -0.901 -0.867 -0.853 -0.844 -0.825 -0.801 -0.777 -0.79 -0.827 -0.836 -0.823 -0.796 -0.767 -0.742 -0.729 -0.731 -0.745 -0.757 -0.781 -0.779 -0.757 -0.743 -0.777 -0.759 -0.714 -0.688 -0.634 -0.557 -0.502 -0.438 -0.37 -0.378 -0.523 -0.657 -0.597 -0.602 -0.69 -0.776 -0.781 -0.733 -0.65 -0.54 -0.472 -0.403 -0.237 -0.131 -0.008 0.039 0.091 0.087 0.042 -0.062 -0.158 -0.198 -0.283 -0.38 -0.492 -0.508
-1.149 -1.132 -1.115 -1.099 -1.083 -1.077 -1.078 -1.077 -1.074 -1.069 -1.062 -1.047 -1.023 -0.98 -0.933 -0.89 -0.872 -0.847 -0.822 -0.813 -0.798 -0.779 -0.78 -0.771 -0.799 -0.823 -0.813 -0.784 -0.742 -0.705 -0.674 -0.672 -0.685 -0.695 -0.705 -0.728 -0.739 -0.706 -0.722 -0.748 -0.73 -0.712 -0.693 -0.628 -0.562 -0.487 -0.41 -0.359 -0.364 -0.502 -0.641 -0.582 -0.566 -0.615 -0.723 -0.761 -0.728 -0.643 -0.532 -0.477 -0.394 -0.196 -0.088 0.014 0.07 0.108 0.093 0.033 -0.052 -0.131 -0.155 -0.226 -0.295 -0.399 -0.463
-1.136 -1.119 -1.107 -1.096 -1.086 -1.088 -1.089 -1.087 -1.083 -1.077 -1.064 -1.039 -0.995 -0.932 -0.874 -0.842 -0.826 -0.794 -0.775 -0.762 -0.745 -0.739 -0.77 -0.795 -0.807 -0.807 -0.791 -0.753 -0.701 -0.657 -0.626 -0.618 -0.637 -0.649 -0.653 -0.67 -0.7 -0.693 -0.713 -0.712 -0.688 -0.689 -0.692 -0.654 -0.607 -0.526 -0.422 -0.329 -0.334 -0.471 -0.63 -0.616 -0.568 -0.581 -0.689 -0.746 -0.729 -0.657 -0.551 -0.509 -0.432 -0.267 -0.162 -0.066 0.016 0.066 0.092 0.073 -0.029 -0.068 -0.053 -0.105 -0.161 -0.296 -0.37
-1.112 -1.103 -1.096 -1.091 -1.093 -1.096 -1.096 -1.094 -1.088 -1.077 -1.056 -1.018 -0.959 -0.897 -0.841 -0.813 -0.772 -0.742 -0.725 -0.707 -0.715 -0.736 -0.772 -0.797 -0.799 -0.793 -0.765 -0.729 -0.677 -0.63 -0.59 -0.567 -0.593 -0.606 -0.613 -0.62 -0.646 -0.68 -0.681 -0.66 -0.681 -0.695 -0.678 -0.658 -0.616 -0.549 -0.468 -0.368 -0.342 -0.451 -0.616 -0.665 -0.629 -0.597 -0.679 -0.735 -0.73 -0.681 -0.605 -0.578 -0.505 -0.363 -0.227 -0.098 0.023 0.072 0.112 0.091 -0.003 -0.025 0.005 0.003 -0.041 -0.185 -0.298
-1.081 -1.08 -1.08 -1.084 -1.089 -1.093 -1.096 -1.095 -1.086 -1.066 -1.035 -0.992 -0.94 -0.89 -0.832 -0.768 -0.72 -0.69 -0.678 -0.682 -0.717 -0.743 -0.751 -0.769 -0.794 -0.781 -0.734 -0.7 -0.664 -0.619 -0.572 -0.55 -0.556 -0.56 -0.581 -0.581 -0.613 -0.662 -0.639 -0.628 -0.671 -0.691 -0.701 -0.682 -0.622 -0.53 -0.465 -0.398 -0.365 -0.45 -0.591 -0.673 -0.681 -0.653 -0.678 -0.722 -0.733 -0.706 -0.671 -0.625 -0.503 -0.327 -0.186 -0.054 0.014 0.034 0.054 0.043 -0.015 -0.062 -0.023 -0.007 0.021 -0.053 -0.17
-1.041 -1.049 -1.058 -1.066 -1.072 -1.083 -1.092 -1.089 -1.068 -1.043 -1.008 -0.963 -0.903 -0.855 -0.782 -0.724 -0.677 -0.63 -0.638 -0.679 -0.71 -0.71 -0.72 -0.746 -0.776 -0.774 -0.715 -0.685 -0.659 -0.621 -0.574 -0.552 -0.524 -0.51 -0.532 -0.56 -0.602 -0.609 -0.608 -0.615 -0.635 -0.652 -0.686 -0.691 -0.622 -0.566 -0.511 -0.447 -0.413 -0.45 -0.558 -0.66 -0.683 -0.657 -0.675 -0.707 -0.734 -0.724 -0.702 -0.64 -0.473 -0.315 -0.201 -0.118 -0.107 -0.055 -0.039 -0.041 -0.061 -0.115 -0.131 -0.076 -0.006 0.061 0.035
-1.011 -1.013 -1.024 -1.038 -1.046 -1.067 -1.085 -1.077 -1.046 -1.002 -0.94 -0.916 -0.875 -0.821 -0.766 -0.707 -0.646 -0.615 -0.635 -0.655 -0.672 -0.694 -0.708 -0.722 -0.77 -0.761 -0.708 -0.689 -0.656 -0.609 -0.569 -0.544 -0.508 -0.482 -0.5 -0.539 -0.576 -0.571 -0.58 -0.579 -0.598 -0.636 -0.684 -0.691 -0.673 -0.638 -0.587 -0.532 -0.482 -0.484 -0.541 -0.642 -0.67 -0.641 -0.674 -0.696 -0.73 -0.725 -0.701 -0.633 -0.505 -0.414 -0.312 -0.25 -0.205 -0.134 -0.131 -0.137 -0.161 -0.177 -0.134 -0.059 0.031 0.092 0.119
-0.973 -0.968 -0.983 -1.007 -1.031 -1.064 -1.078 -1.061 -1.011 -0.935 -0.873 -0.855 -0.832 -0.791 -0.746 -0.692 -0.632 -0.617 -0.632 -0.637 -0.655 -0.667 -0.692 -0.722 -0.774 -0.765 -0.717 -0.696 -0.672 -0.627 -0.575 -0.539 -0.518 -0.492 -0.51 -0.526 -0.537 -0.532 -0.548 -0.533 -0.552 -0.601 -0.656 -0.692 -0.667 -0.594 -0.538 -0.508 -0.506 -0.491 -0.501 -0.609 -0.65 -0.633 -0.662 -0.694 -0.724 -0.717 -0.692 -0.607 -0.547 -0.465 -0.379 -0.306 -0.26 -0.225 -0.202 -0.194 -0.199 -0.185 -0.124 0.004 0.122 0.224 0.236
-0.928 -0.93 -0.95 -0.993 -1.031 -1.063 -1.07 -1.04 -0.975 -0.885 -0.824 -0.793 -0.777 -0.77 -0.743 -0.709 -0.662 -0.633 -0.616 -0.635 -0.665 -0.679 -0.706 -0.745 -0.776 -0.743 -0.7 -0.683 -0.673 -0.648 -0.611 -0.58 -0.545 -0.519 -0.527 -0.546 -0.518 -0.522 -0.512 -0.48 -0.496 -0.537 -0.602 -0.646 -0.593 -0.525 -0.456 -0.435 -0.443 -0.47 -0.476 -0.587 -0.629 -0.624 -0.635 -0.687 -0.717 -0.715 -0.7 -0.583 -0.559 -0.467 -0.384 -0.347 -0.314 -0.27 -0.239 -0.209 -0.187 -0.149 -0.104 -0.017 0.035 0.134 0.141
-0.897 -0.913 -0.952 -0.999 -1.038 -1.062 -1.058 -1.01 -0.928 -0.831 -0.772 -0.739 -0.723 -0.717 -0.698 -0.676 -0.646 -0.618 -0.626 -0.663 -0.706 -0.73 -0.755 -0.777 -0.777 -0.729 -0.69 -0.678 -0.673 -0.639 -0.62 -0.594 -0.571 -0.552 -0.53 -0.551 -0.517 -0.505 -0.455 -0.403 -0.413 -0.478 -0.541 -0.59 -0.58 -0.519 -0.475 -0.446 -0.425 -0.41 -0.442 -0.559 -0.605 -0.609 -0.624 -0.676 -0.708 -0.716 -0.71 -0.638 -0.602 -0.555 -0.476 -0.41 -0.339 -0.273 -0.221 -0.214 -0.173 -0.152 -0.147 -0.092 -0.01 0.071 0.095
-0.883 -0.922 -0.965 -1.011 -1.046 -1.06 -1.032 -0.955 -0.858 -0.766 -0.713 -0.683 -0.669 -0.653 -0.638 -0.63 -0.618 -0.616 -0.64 -0.677 -0.701 -0.747 -0.77 -0.772 -0.759 -0.732 -0.698 -0.682 -0.668 -0.632 -0.591 -0.566 -0.55 -0.559 -0.549 -0.553 -0.506 -0.45 -0.382 -0.326 -0.337 -0.401 -0.447 -0.495 -0.487 -0.471 -0.443 -0.388 -0.363 -0.355 -0.434 -0.555 -0.563 -0.57 -0.593 -0.65 -0.692 -0.704 -0.704 -0.682 -0.65 -0.581 -0.46 -0.339 -0.228 -0.128 -0.062 -0.106 -0.154 -0.117 -0.064 0.032 0.142 0.258 0.258
-0.894 -0.943 -0.975 -1.021 -1.053 -1.043 -0.987 -0.898 -0.792 -0.707 -0.658 -0.633 -0.627 -0.616 -0.616 -0.606 -0.602 -0.619 -0.643 -0.674 -0.709 -0.752 -0.753 -0.747 -0.728 -0.716 -0.699 -0.684 -0.655 -0.626 -0.575 -0.543 -0.525 -0.546 -0.575 -0.576 -0.527 -0.448 -0.349 -0.295 -0.285 -0.27 -0.297 -0.332 -0.346 -0.326 -0.285 -0.248 -0.264 -0.339 -0.465 -0.546 -0.517 -0.535 -0.575 -0.618 -0.668 -0.687 -0.694 -0.687 -0.659 -0.544 -0.412 -0.286 -0.163 -0.058 -0.002 0 -0.051 0.003 0.073 0.17 0.294 0.415 0.373
-0.916 -0.949 -0.99 -1.035 -1.048 -1.01 -0.942 -0.842 -0.733 -0.656 -0.61 -0.589 -0.602 -0.609 -0.611 -0.602 -0.616 -0.627 -0.64 -0.681 -0.731 -0.74 -0.721 -0.7 -0.676 -0.655 -0.661 -0.664 -0.636 -0.609 -0.577 -0.537 -0.496 -0.524 -0.583 -0.637 -0.578 -0.514 -0.396 -0.246 -0.149 -0.086 -0.08 -0.119 -0.142 -0.131 -0.102 -0.057 -0.137 -0.262 -0.421 -0.509 -0.505 -0.507 -0.544 -0.585 -0.639 -0.666 -0.68 -0.683 -0.667 -0.54 -0.424 -0.31 -0.174 -0.032 0.031 0.058 0.029 0.092 0.2 0.271 0.419 0.583 0.593
-0.904 -0.946 -1.012 -1.039 -1.022 -0.966 -0.887 -0.779 -0.676 -0.607 -0.571 -0.567 -0.592 -0.605 -0.613 -0.617 -0.634 -0.62 -0.637 -0.686 -0.732 -0.721 -0.684 -0.65 -0.62 -0.597 -0.594 -0.6 -0.588 -0.58 -0.561 -0.504 -0.469 -0.512 -0.584 -0.647 -0.609 -0.533 -0.374 -0.164 0.016 0.127 0.138 0.104 0.115 0.117 0.113 0.154 0.02 -0.158 -0.337 -0.446 -0.468 -0.471 -0.504 -0.548 -0.6 -0.637 -0.66 -0.674 -0.675 -0.621 -0.519 -0.367 -0.231 -0.103 0.04 0.071 0.049 0.176 0.308 0.373 0.558 0.683 0.773
-0.898 -0.963 -1.027 -1.026 -0.981 -0.906 -0.817 -0.707 -0.617 -0.562 -0.56 -0.582 -0.608 -0.624 -0.633 -0.639 -0.64 -0.625 -0.643 -0.681 -0.723 -0.712 -0.665 -0.618 -0.555 -0.534 -0.504 -0.499 -0.492 -0.512 -0.531 -0.489 -0.476 -0.518 -0.578 -0.619 -0.548 -0.439 -0.259 -0.038 0.152 0.254 0.305 0.315 0.374 0.365 0.351 0.334 0.141 -0.065 -0.221 -0.362 -0.397 -0.396 -0.436 -0.494 -0.544 -0.595 -0.631 -0.658 -0.675 -0.671 -0.619 -0.489 -0.36 -0.208 -0.081 -0.054 0 0.166 0.344 0.505 0.581 0.601 0.803
-0.915 -0.99 -1.024 -0.99 -0.925 -0.838 -0.743 -0.641 -0.569 -0.547 -0.567 -0.594 -0.625 -0.638 -0.642 -0.635 -0.623 -0.617 -0.645 -0.675 -0.716 -0.702 -0.647 -0.578 -0.5 -0.431 -0.381 -0.348 -0.358 -0.383 -0.44 -0.457 -0.425 -0.454 -0.523 -0.556 -0.456 -0.332 -0.198 -0.046 0.117 0.184 0.32 0.405 0.464 0.523 0.528 0.432 0.272 0.145 -0.015 -0.222 -0.287 -0.317 -0.351 -0.418 -0.475 -0.531 -0.584 -0.631 -0.662 -0.681 -0.679 -0.634 -0.518 -0.354 -0.262 -0.245 -0.096 0.104 0.368 0.494 0.421 0.651 0.772
-0.941 -1.007 -0.994 -0.945 -0.867 -0.769 -0.675 -0.595 -0.557 -0.558 -0.572 -0.599 -0.599 -0.593 -0.591 -0.576 -0.571 -0.585 -0.616 -0.661 -0.699 -0.677 -0.604 -0.52 -0.442 -0.326 -0.242 -0.177 -0.171 -0.189 -0.286 -0.336 -0.276 -0.293 -0.386 -0.479 -0.445 -0.375 -0.286 -0.158 -0.019 0.046 0.196 0.294 0.392 0.515 0.624 0.535 0.494 0.375 0.222 0.047 -0.088 -0.187 -0.256 -0.321 -0.389 -0.451 -0.515 -0.577 -0.635 -0.672 -0.697 -0.703 -0.665 -0.551 -0.48 -0.405 -0.241 0.018 0.238 0.239 0.431 0.681 0.625
-0.973 -0.989 -0.951 -0.893 -0.804 -0.712 -0.647 -0.587 -0.569 -0.559 -0.566 -0.57 -0.545 -0.526 -0.505 -0.471 -0.466 -0.508 -0.552 -0.623 -0.681 -0.644 -0.563 -0.467 -0.411 -0.241 -0.09 0.016 0.035 -0.049 -0.176 -0.146 -0.047 -0.06 -0.146 -0.342 -0.428 -0.388 -0.354 -0.277 -0.143 0.003 0.088 0.279 0.414 0.62 0.731 0.762 0.753 0.638 0.547 0.417 0.254 0.118 -0.079 -0.215 -0.301 -0.344 -0.406 -0.51 -0.58 -0.643 -0.694 -0.725 -0.738 -0.719 -0.677 -0.592 -0.447 -0.155 -0.056 0.214 0.458 0.481 0.34
-0.968 -0.954 -0.894 -0.832 -0.746 -0.685 -0.635 -0.59 -0.557 -0.54 -0.537 -0.503 -0.474 -0.439 -0.389 -0.357 -0.352 -0.394 -0.486 -0.613 -0.66 -0.643 -0.599 -0.535 -0.379 -0.162 0.039 0.187 0.139 0.01 -0.027 -0.001 0.119 0.12 -0.045 -0.279 -0.3 -0.177 -0.221 -0.173 -0.046 0.09 0.095 0.387 0.556 0.793 0.874 0.904 0.862 0.847 0.804 0.726 0.653 0.549 0.31 0.106 -0.118 -0.284 -0.376 -0.461 -0.532 -0.584 -0.663 -0.722 -0.756 -0.775 -0.775 -0.754 -0.657 -0.432 -0.154 0.144 0.209 0.133 0.096
-0.935 -0.906 -0.837 -0.765 -0.699 -0.654 -0.602 -0.546 -0.511 -0.519 -0.481 -0.425 -0.384 -0.32 -0.255 -0.169 -0.176 -0.273 -0.407 -0.588 -0.684 -0.677 -0.656 -0.523 -0.325 -0.092 0.177 0.23 0.133 0.154 0.157 0.137 0.276 0.194 0 -0.212 -0.14 -0.028 -0.138 -0.081 0.09 0.181 0.162 0.44 0.691 0.756 0.837 0.836 0.636 0.536 0.506 0.52 0.682 0.768 0.612 0.477 0.212 0.043 -0.24 -0.392 -0.49 -0.544 -0.603 -0.684 -0.737 -0.781 -0.798 -0.799 -0.766 -0.595 -0.269 -0.151 -0.129 -0.214 -0.129
-0.872 -0.84 -0.765 -0.703 -0.651 -0.62 -0.575 -0.516 -0.497 -0.499 -0.436 -0.369 -0.291 -0.2 -0.135 -0.059 -0.103 -0.233 -0.39 -0.57 -0.701 -0.724 -0.629 -0.487 -0.284 -0.021 0.2 0.199 0.174 0.233 0.31 0.26 0.336 0.201 0.016 -0.093 0.02 0.08 -0.013 -0.04 0.157 0.24 0.269 0.501 0.528 0.526 0.458 0.646 0.536 0.303 0.397 0.594 0.608 0.629 0.719 0.634 0.461 0.189 -0.088 -0.263 -0.409 -0.513 -0.563 -0.621 -0.689 -0.757 -0.796 -0.812 -0.802 -0.715 -0.544 -0.496 -0.481 -0.51 -0.432
-0.806 -0.769 -0.694 -0.637 -0.602 -0.592 -0.548 -0.503 -0.503 -0.476 -0.405 -0.326 -0.244 -0.145 -0.083 -0.071 -0.148 -0.292 -0.466 -0.622 -0.72 -0.704 -0.575 -0.43 -0.219 0.022 0.205 0.254 0.27 0.265 0.392 0.37 0.389 0.21 -0.001 -0.016 0.084 0.131 0.135 0.093 0.316 0.396 0.401 0.487 0.477 0.459 0.214 0.15 0.106 0.08 0.258 0.298 0.32 0.297 0.3 0.273 0.189 0.139 -0.009 -0.113 -0.366 -0.464 -0.516 -0.556 -0.602 -0.699 -0.773 -0.811 -0.815 -0.792 -0.747 -0.714 -0.684 -0.658 -0.638
-0.755 -0.702 -0.626 -0.582 -0.563 -0.552 -0.518 -0.499 -0.497 -0.443 -0.385 -0.312 -0.229 -0.146 -0.116 -0.135 -0.214 -0.363 -0.521 -0.663 -0.735 -0.687 -0.548 -0.347 -0.146 -0.003 0.135 0.236 0.267 0.295 0.405 0.372 0.319 0.104 0.013 0.094 0.247 0.257 0.239 0.282 0.466 0.528 0.51 0.369 0.227 0.053 -0.088 -0.219 -0.201 -0.182 -0.173 -0.218 -0.193 -0.171 -0.192 -0.198 -0.24 -0.28 -0.348 -0.331 -0.31 -0.355 -0.406 -0.494 -0.534 -0.617 -0.715 -0.784 -0.804 -0.802 -0.778 -0.749 -0.72 -0.688 -0.663
-0.72 -0.646 -0.581 -0.545 -0.518 -0.49 -0.475 -0.484 -0.465 -0.415 -0.366 -0.308 -0.232 -0.169 -0.146 -0.174 -0.28 -0.431 -0.57 -0.702 -0.759 -0.677 -0.511 -0.304 -0.184 -0.098 -0.032 0.019 0.115 0.183 0.315 0.34 0.26 0.108 0.142 0.195 0.34 0.389 0.46 0.543 0.542 0.442 0.284 0.054 -0.156 -0.313 -0.412 -0.45 -0.484 -0.501 -0.52 -0.533 -0.538 -0.526 -0.507 -0.487 -0.497 -0.46 -0.382 -0.282 -0.154 -0.047 -0.107 -0.358 -0.496 -0.543 -0.62 -0.697 -0.723 -0.754 -0.753 -0.728 -0.679 -0.622 -0.577
-0.7 -0.616 -0.547 -0.496 -0.449 -0.417 -0.416 -0.439 -0.44 -0.42 -0.382 -0.326 -0.257 -0.194 -0.167 -0.216 -0.349 -0.495 -0.621 -0.749 -0.791 -0.687 -0.491 -0.332 -0.306 -0.255 -0.219 -0.174 -0.082 0.056 0.256 0.368 0.354 0.26 0.247 0.305 0.486 0.538 0.631 0.673 0.559 0.303 0.022 -0.241 -0.438 -0.489 -0.469 -0.457 -0.489 -0.511 -0.506 -0.511 -0.521 -0.532 -0.49 -0.513 -0.51 -0.374 -0.201 -0.036 0.169 0.365 0.323 -0.077 -0.428 -0.532 -0.566 -0.596 -0.581 -0.599 -0.62 -0.592 -0.521 -0.401 -0.288
-0.69 -0.596 -0.528 -0.443 -0.382 -0.346 -0.352 -0.389 -0.417 -0.427 -0.406 -0.355 -0.278 -0.215 -0.217 -0.303 -0.431 -0.553 -0.676 -0.801 -0.831 -0.709 -0.493 -0.373 -0.41 -0.421 -0.336 -0.208 -0.142 -0.016 0.248 0.396 0.371 0.37 0.286 0.429 0.526 0.548 0.553 0.629 0.416 0.155 -0.163 -0.416 -0.516 -0.462 -0.369 -0.286 -0.274 -0.266 -0.215 -0.215 -0.29 -0.357 -0.348 -0.508 -0.425 -0.205 0.051 0.232 0.415 0.557 0.474 0.101 -0.33 -0.558 -0.569 -0.547 -0.482 -0.392 -0.368 -0.315 -0.273 -0.087 0.107
