data/climatemaps/RS_maps/climate_breeding_pr_2004.asc
NCOLS 369 
NROWS 228 
XLLCORNER 479000 
YLLCORNER 73000 
CELLSIZE 1000 
NODATA_value -9 
[rows 66 to 98 of 228, columns 152 to 227 of 369]
-0.993 -0.962 -0.937 -0.928 -0.906 -0.889 -0.903 -0.924 -0.914 -0.852 -0.761 -0.675 -0.598 -0.53 -0.556 -0.605 -0.59 -0.535 -0.454 -0.355 -0.246 -0.186 -0.201 -0.25 -0.303 -0.325 -0.341 -0.413 -0.472 -0.472 -0.387 -0.265 -0.087 0.106 0.192 0.174 0.071 -0.075 -0.209 -0.343 -0.427 -0.469 -0.47 -0.441 -0.393 -0.302 -0.164 0.006 0.15 0.285 0.413 0.505 0.549 0.423 0.332 0.225 0.04 -0.093 -0.192 -0.249 -0.274 -0.278 -0.262 -0.234 -0.182 -0.117 -0.065 -0.056 -0.062 -0.078 -0.074 -0.058 -0.034 -0.018 -0.01 -0.001
-0.963 -0.926 -0.904 -0.898 -0.879 -0.863 -0.863 -0.883 -0.891 -0.856 -0.785 -0.679 -0.583 -0.509 -0.513 -0.557 -0.554 -0.495 -0.401 -0.268 -0.166 -0.078 -0.033 -0.061 -0.156 -0.219 -0.229 -0.295 -0.399 -0.428 -0.372 -0.256 -0.084 0.13 0.277 0.295 0.212 0.077 -0.084 -0.232 -0.344 -0.404 -0.421 -0.398 -0.365 -0.297 -0.184 -0.018 0.118 0.249 0.371 0.464 0.588 0.565 0.434 0.38 0.27 0.102 -0.033 -0.123 -0.19 -0.233 -0.247 -0.247 -0.232 -0.195 -0.146 -0.108 -0.096 -0.097 -0.093 -0.071 -0.033 -0.011 -0.005 0.006
-0.929 -0.903 -0.882 -0.869 -0.839 -0.83 -0.824 -0.841 -0.86 -0.84 -0.77 -0.673 -0.575 -0.484 -0.468 -0.512 -0.525 -0.47 -0.352 -0.206 -0.086 0.01 0.103 0.122 0.02 -0.09 -0.121 -0.169 -0.301 -0.366 -0.346 -0.239 -0.091 0.119 0.311 0.393 0.337 0.215 0.047 -0.115 -0.252 -0.333 -0.368 -0.361 -0.331 -0.277 -0.196 -0.059 0.084 0.218 0.327 0.42 0.525 0.615 0.549 0.501 0.455 0.312 0.154 0.056 -0.045 -0.14 -0.184 -0.206 -0.215 -0.213 -0.195 -0.166 -0.148 -0.128 -0.109 -0.091 -0.062 -0.031 -0.005 0.013
-0.918 -0.885 -0.855 -0.841 -0.804 -0.772 -0.764 -0.789 -0.822 -0.813 -0.756 -0.669 -0.574 -0.465 -0.431 -0.469 -0.498 -0.474 -0.35 -0.201 -0.065 0.069 0.16 0.221 0.153 0.045 -0.005 -0.046 -0.176 -0.281 -0.304 -0.232 -0.097 0.097 0.31 0.454 0.435 0.322 0.165 -0.005 -0.152 -0.258 -0.308 -0.321 -0.301 -0.251 -0.187 -0.081 0.045 0.179 0.281 0.372 0.464 0.561 0.592 0.56 0.586 0.475 0.318 0.203 0.112 -0.003 -0.084 -0.131 -0.159 -0.176 -0.179 -0.172 -0.157 -0.136 -0.109 -0.079 -0.048 -0.016 0.007 0.024
-0.899 -0.855 -0.827 -0.813 -0.765 -0.714 -0.712 -0.744 -0.773 -0.787 -0.759 -0.672 -0.574 -0.472 -0.416 -0.424 -0.474 -0.477 -0.379 -0.24 -0.09 0.075 0.188 0.245 0.239 0.169 0.113 0.083 -0.032 -0.174 -0.236 -0.22 -0.103 0.066 0.282 0.467 0.503 0.404 0.253 0.094 -0.047 -0.179 -0.243 -0.266 -0.252 -0.217 -0.167 -0.08 0.026 0.137 0.24 0.306 0.396 0.482 0.548 0.569 0.644 0.596 0.479 0.334 0.259 0.175 0.073 -0.007 -0.072 -0.11 -0.128 -0.134 -0.126 -0.107 -0.079 -0.047 -0.013 0.016 0.037 0.053
-0.874 -0.833 -0.804 -0.772 -0.717 -0.676 -0.676 -0.696 -0.726 -0.753 -0.747 -0.667 -0.587 -0.507 -0.431 -0.402 -0.451 -0.476 -0.422 -0.291 -0.13 0.046 0.198 0.267 0.304 0.268 0.226 0.215 0.127 -0.042 -0.144 -0.178 -0.106 0.038 0.231 0.434 0.525 0.462 0.32 0.173 0.039 -0.099 -0.178 -0.207 -0.197 -0.174 -0.131 -0.067 0.02 0.112 0.188 0.249 0.301 0.402 0.516 0.604 0.647 0.657 0.585 0.468 0.365 0.303 0.226 0.149 0.049 -0.021 -0.052 -0.062 -0.063 -0.049 -0.022 0.012 0.044 0.07 0.089 0.102
-0.851 -0.808 -0.774 -0.731 -0.671 -0.64 -0.637 -0.64 -0.689 -0.716 -0.701 -0.666 -0.613 -0.549 -0.478 -0.424 -0.435 -0.468 -0.443 -0.344 -0.183 0.004 0.174 0.255 0.324 0.335 0.32 0.339 0.292 0.123 -0.027 -0.099 -0.092 0.005 0.164 0.362 0.498 0.483 0.37 0.23 0.107 -0.031 -0.116 -0.151 -0.148 -0.12 -0.096 -0.053 0.01 0.077 0.121 0.163 0.257 0.433 0.576 0.678 0.716 0.711 0.673 0.584 0.479 0.407 0.341 0.275 0.188 0.114 0.067 0.056 0.049 0.061 0.087 0.119 0.14 0.156 0.169 0.177
-0.823 -0.783 -0.745 -0.693 -0.635 -0.603 -0.589 -0.583 -0.639 -0.678 -0.646 -0.614 -0.572 -0.527 -0.495 -0.447 -0.427 -0.448 -0.444 -0.387 -0.252 -0.064 0.108 0.204 0.316 0.372 0.379 0.437 0.44 0.309 0.12 0.003 -0.045 -0.008 0.108 0.285 0.442 0.469 0.394 0.276 0.153 0.027 -0.057 -0.089 -0.09 -0.072 -0.044 -0.027 0.007 0.046 0.086 0.148 0.257 0.403 0.594 0.764 0.84 0.83 0.752 0.69 0.609 0.531 0.473 0.425 0.365 0.307 0.244 0.23 0.235 0.252 0.281 0.3 0.306 0.3 0.296 0.29
-0.784 -0.761 -0.72 -0.662 -0.611 -0.577 -0.554 -0.543 -0.599 -0.647 -0.628 -0.595 -0.555 -0.524 -0.487 -0.437 -0.414 -0.428 -0.429 -0.399 -0.317 -0.158 -0.004 0.135 0.292 0.381 0.412 0.482 0.541 0.474 0.294 0.117 0.03 0.01 0.074 0.212 0.366 0.433 0.391 0.308 0.202 0.077 0 -0.025 -0.015 -0.013 0.001 0.011 0.029 0.054 0.095 0.166 0.312 0.489 0.693 0.871 0.955 0.954 0.871 0.808 0.753 0.69 0.641 0.625 0.575 0.501 0.447 0.451 0.481 0.514 0.513 0.542 0.553 0.536 0.506 0.475
-0.747 -0.723 -0.699 -0.633 -0.585 -0.554 -0.542 -0.535 -0.572 -0.614 -0.621 -0.608 -0.585 -0.552 -0.508 -0.461 -0.43 -0.415 -0.404 -0.387 -0.34 -0.244 -0.089 0.065 0.228 0.351 0.417 0.483 0.581 0.58 0.45 0.255 0.121 0.066 0.078 0.178 0.3 0.389 0.376 0.323 0.235 0.126 0.055 0.044 0.063 0.047 0.049 0.057 0.066 0.083 0.131 0.236 0.422 0.615 0.825 1.005 1.102 1.099 1.025 0.94 0.904 0.862 0.857 0.894 0.85 0.728 0.658 0.633 0.667 0.688 0.713 0.792 0.846 0.826 0.807 0.765
-0.702 -0.666 -0.664 -0.61 -0.554 -0.518 -0.503 -0.502 -0.536 -0.581 -0.595 -0.591 -0.578 -0.549 -0.508 -0.461 -0.421 -0.395 -0.372 -0.358 -0.331 -0.285 -0.172 -0.01 0.133 0.271 0.384 0.469 0.564 0.615 0.534 0.379 0.209 0.132 0.108 0.165 0.26 0.343 0.348 0.328 0.265 0.172 0.112 0.114 0.124 0.111 0.106 0.11 0.111 0.125 0.192 0.371 0.61 0.786 0.976 1.166 1.232 1.247 1.198 1.124 1.108 1.101 1.143 1.186 1.121 0.976 0.846 0.775 0.773 0.774 0.807 0.929 1.061 1.117 1.113 1.045
-0.653 -0.627 -0.619 -0.591 -0.545 -0.496 -0.475 -0.47 -0.499 -0.533 -0.557 -0.56 -0.552 -0.53 -0.485 -0.398 -0.349 -0.323 -0.319 -0.319 -0.308 -0.286 -0.231 -0.1 0.047 0.177 0.306 0.417 0.512 0.578 0.558 0.449 0.283 0.191 0.159 0.178 0.228 0.291 0.318 0.326 0.293 0.211 0.165 0.178 0.181 0.181 0.172 0.167 0.162 0.177 0.274 0.545 0.822 0.969 1.127 1.314 1.382 1.401 1.388 1.326 1.346 1.327 1.346 1.307 1.224 1.084 0.958 0.89 0.86 0.857 0.868 0.96 1.117 1.284 1.319 1.293
-0.625 -0.598 -0.58 -0.546 -0.533 -0.477 -0.452 -0.456 -0.496 -0.511 -0.521 -0.53 -0.521 -0.5 -0.448 -0.368 -0.316 -0.257 -0.256 -0.268 -0.269 -0.261 -0.234 -0.173 -0.069 0.062 0.19 0.306 0.413 0.493 0.513 0.456 0.327 0.241 0.21 0.209 0.221 0.265 0.305 0.334 0.319 0.248 0.221 0.237 0.248 0.259 0.243 0.228 0.215 0.234 0.372 0.712 1.011 1.132 1.252 1.414 1.461 1.437 1.394 1.349 1.361 1.381 1.361 1.307 1.244 1.136 1.048 0.974 0.918 0.889 0.884 0.949 1.097 1.297 1.421 1.508
-0.603 -0.582 -0.554 -0.518 -0.512 -0.499 -0.46 -0.447 -0.464 -0.49 -0.495 -0.492 -0.478 -0.467 -0.437 -0.384 -0.326 -0.247 -0.203 -0.198 -0.214 -0.215 -0.203 -0.172 -0.122 -0.035 0.066 0.171 0.285 0.382 0.432 0.423 0.347 0.282 0.256 0.242 0.229 0.257 0.305 0.352 0.336 0.282 0.287 0.32 0.337 0.347 0.331 0.291 0.266 0.293 0.496 0.847 1.147 1.266 1.356 1.427 1.41 1.329 1.262 1.256 1.269 1.34 1.382 1.32 1.295 1.248 1.179 1.042 0.946 0.91 0.883 0.931 1.078 1.2 1.396 1.647
-0.572 -0.555 -0.539 -0.505 -0.499 -0.517 -0.494 -0.475 -0.466 -0.45 -0.451 -0.459 -0.402 -0.412 -0.416 -0.392 -0.328 -0.25 -0.179 -0.133 -0.145 -0.14 -0.142 -0.131 -0.105 -0.064 0.006 0.092 0.188 0.284 0.351 0.373 0.348 0.313 0.289 0.261 0.239 0.252 0.299 0.35 0.329 0.321 0.402 0.459 0.483 0.454 0.414 0.353 0.316 0.377 0.666 0.969 1.244 1.376 1.469 1.472 1.408 1.292 1.175 1.142 1.224 1.313 1.312 1.317 1.356 1.405 1.22 1.052 0.992 0.966 0.888 0.893 1.003 1.175 1.371 1.605
-0.543 -0.535 -0.526 -0.507 -0.511 -0.494 -0.456 -0.438 -0.422 -0.414 -0.415 -0.424 -0.364 -0.349 -0.372 -0.373 -0.333 -0.248 -0.169 -0.128 -0.082 -0.04 -0.036 -0.047 -0.044 -0.028 0.011 0.073 0.147 0.23 0.302 0.339 0.343 0.327 0.298 0.267 0.238 0.241 0.269 0.311 0.321 0.381 0.556 0.643 0.621 0.538 0.481 0.415 0.365 0.449 0.707 1.011 1.277 1.507 1.609 1.576 1.535 1.392 1.198 1.072 1.141 1.22 1.233 1.338 1.447 1.497 1.307 1.105 1.096 1.057 0.91 0.878 0.998 1.194 1.378 1.612
-0.514 -0.509 -0.487 -0.486 -0.491 -0.47 -0.439 -0.434 -0.423 -0.419 -0.403 -0.393 -0.353 -0.331 -0.333 -0.342 -0.325 -0.276 -0.21 -0.142 -0.042 0.037 0.086 0.084 0.066 0.054 0.057 0.091 0.146 0.211 0.274 0.31 0.328 0.317 0.292 0.267 0.238 0.239 0.255 0.292 0.345 0.483 0.708 0.768 0.686 0.598 0.569 0.515 0.427 0.447 0.65 0.98 1.273 1.592 1.698 1.718 1.814 1.709 1.35 1.089 1.062 1.214 1.232 1.431 1.629 1.639 1.363 1.206 1.176 1.075 0.962 0.894 0.988 1.185 1.288 1.517
-0.476 -0.459 -0.438 -0.444 -0.457 -0.45 -0.43 -0.421 -0.424 -0.4 -0.358 -0.35 -0.348 -0.319 -0.316 -0.302 -0.29 -0.27 -0.22 -0.134 -0.017 0.081 0.167 0.215 0.2 0.173 0.14 0.138 0.171 0.207 0.257 0.287 0.304 0.301 0.281 0.257 0.244 0.249 0.274 0.319 0.411 0.647 0.806 0.804 0.719 0.666 0.671 0.592 0.491 0.459 0.551 0.864 1.201 1.56 1.688 1.767 1.864 1.874 1.574 1.179 1.131 1.318 1.307 1.523 1.713 1.633 1.401 1.402 1.329 1.201 1.136 0.966 0.977 1.039 1.093 1.323
-0.398 -0.389 -0.376 -0.385 -0.41 -0.413 -0.397 -0.398 -0.41 -0.362 -0.336 -0.301 -0.312 -0.274 -0.277 -0.251 -0.237 -0.227 -0.192 -0.109 0.024 0.137 0.236 0.311 0.325 0.293 0.243 0.204 0.214 0.228 0.255 0.275 0.284 0.278 0.26 0.249 0.252 0.269 0.302 0.365 0.542 0.759 0.807 0.796 0.753 0.744 0.712 0.654 0.594 0.538 0.528 0.728 1.066 1.426 1.719 1.882 2.033 1.997 1.738 1.29 1.261 1.379 1.404 1.648 1.83 1.7 1.492 1.573 1.471 1.443 1.357 1.141 0.957 0.888 1.024 1.269
-0.298 -0.294 -0.292 -0.317 -0.349 -0.359 -0.362 -0.365 -0.378 -0.324 -0.306 -0.248 -0.253 -0.236 -0.237 -0.212 -0.194 -0.178 -0.155 -0.096 0.017 0.14 0.257 0.35 0.41 0.381 0.327 0.267 0.258 0.254 0.265 0.277 0.276 0.262 0.248 0.25 0.272 0.287 0.339 0.491 0.605 0.712 0.769 0.779 0.763 0.786 0.886 0.821 0.766 0.69 0.618 0.695 1.008 1.358 1.724 1.963 2.096 1.937 1.642 1.325 1.322 1.414 1.571 1.793 2.02 1.832 1.6 1.732 1.614 1.643 1.516 1.344 1.085 0.861 0.908 1.093
-0.176 -0.168 -0.185 -0.233 -0.277 -0.306 -0.316 -0.333 -0.333 -0.272 -0.261 -0.193 -0.191 -0.159 -0.182 -0.177 -0.157 -0.141 -0.107 -0.081 -0.003 0.096 0.215 0.338 0.423 0.427 0.37 0.298 0.282 0.275 0.279 0.286 0.267 0.253 0.25 0.265 0.285 0.316 0.437 0.562 0.626 0.682 0.762 0.748 0.736 0.879 1.145 1.199 1.073 0.93 0.788 0.734 0.964 1.311 1.555 1.685 1.715 1.603 1.393 1.275 1.371 1.559 1.792 1.894 2.084 1.882 1.689 1.857 1.766 1.776 1.604 1.394 1.096 0.862 0.87 0.875
-0.039 -0.033 -0.061 -0.125 -0.175 -0.247 -0.256 -0.295 -0.279 -0.222 -0.199 -0.142 -0.108 -0.079 -0.089 -0.125 -0.126 -0.089 -0.073 -0.056 0.044 0.132 0.198 0.285 0.372 0.394 0.362 0.311 0.29 0.29 0.295 0.275 0.262 0.26 0.272 0.273 0.312 0.386 0.449 0.501 0.594 0.679 0.671 0.652 0.728 0.983 1.384 1.646 1.655 1.307 1.003 0.832 0.833 1.054 1.163 1.271 1.297 1.241 1.136 1.206 1.402 1.613 1.879 1.972 2.079 1.841 1.808 1.937 1.924 1.815 1.605 1.335 1.018 0.897 0.982 0.94
0.116 0.114 0.067 0.02 -0.065 -0.156 -0.178 -0.238 -0.225 -0.166 -0.143 -0.065 -0.041 -0.028 -0.017 -0.048 -0.094 -0.067 -0.063 -0.013 0.112 0.181 0.242 0.277 0.313 0.337 0.343 0.311 0.286 0.284 0.282 0.261 0.286 0.287 0.282 0.299 0.344 0.407 0.421 0.503 0.575 0.574 0.555 0.589 0.731 1.113 1.582 1.996 2.242 1.855 1.301 1.014 0.853 0.877 0.896 0.947 0.941 0.905 0.888 1.048 1.298 1.493 1.78 1.93 1.944 1.776 1.914 2.015 1.955 1.766 1.518 1.274 1.021 1.043 1.148 1.127
0.283 0.269 0.228 0.17 0.058 -0.057 -0.087 -0.149 -0.149 -0.088 -0.08 0.001 0.029 0.016 -0.009 -0.008 -0.061 -0.069 -0.047 -0.012 0.081 0.203 0.277 0.305 0.31 0.298 0.282 0.257 0.249 0.253 0.27 0.31 0.347 0.334 0.302 0.282 0.282 0.311 0.388 0.465 0.475 0.475 0.498 0.548 0.747 1.216 1.711 2.214 2.494 2.312 1.738 1.299 1.04 0.889 0.793 0.749 0.707 0.668 0.664 0.79 1.002 1.223 1.478 1.743 1.752 1.717 1.912 2.049 1.967 1.759 1.48 1.331 1.05 1.084 1.27 1.362
0.364 0.428 0.393 0.317 0.2 0.079 0.016 -0.052 -0.063 -0.004 0.045 0.044 0.037 0.063 0.063 0.035 -0.03 0.002 0.091 0.132 0.08 0.105 0.191 0.231 0.196 0.174 0.179 0.201 0.226 0.257 0.326 0.419 0.423 0.393 0.32 0.3 0.281 0.285 0.35 0.378 0.391 0.421 0.464 0.524 0.704 1.12 1.647 2.05 2.299 2.34 2.063 1.679 1.333 1.085 0.884 0.748 0.651 0.578 0.533 0.56 0.681 0.88 1.156 1.531 1.568 1.644 1.855 2.013 1.935 1.77 1.513 1.397 1.112 1.207 1.438 1.564
0.453 0.484 0.547 0.469 0.343 0.227 0.145 0.1 0.067 0.114 0.13 0.129 0.102 0.037 0.015 0.009 -0.012 0.033 0.171 0.267 0.226 0.145 0.085 0.096 0.111 0.157 0.23 0.304 0.35 0.359 0.399 0.423 0.403 0.372 0.336 0.352 0.323 0.283 0.301 0.33 0.356 0.394 0.444 0.481 0.565 0.783 1.18 1.578 1.978 2.252 2.216 2.055 1.701 1.412 1.154 0.935 0.76 0.614 0.524 0.448 0.48 0.609 0.866 1.266 1.438 1.574 1.766 1.895 1.841 1.713 1.613 1.608 1.304 1.176 1.516 1.572
0.562 0.597 0.605 0.634 0.52 0.374 0.323 0.265 0.239 0.207 0.17 0.142 0.107 0.067 0.05 -0.015 -0.027 0.057 0.213 0.322 0.302 0.192 0.141 0.154 0.196 0.281 0.375 0.479 0.527 0.441 0.455 0.508 0.483 0.414 0.355 0.375 0.365 0.294 0.287 0.31 0.346 0.384 0.416 0.435 0.465 0.555 0.747 1.028 1.446 1.974 2.151 2.129 1.947 1.777 1.524 1.274 1.052 0.851 0.673 0.421 0.375 0.421 0.595 0.9 1.209 1.434 1.565 1.711 1.714 1.772 1.711 1.753 1.39 1.177 1.489 1.642
0.626 0.714 0.701 0.745 0.658 0.557 0.496 0.444 0.431 0.368 0.311 0.265 0.17 0.09 0.016 0.01 -0.017 0.083 0.263 0.34 0.305 0.208 0.243 0.289 0.308 0.369 0.436 0.55 0.626 0.544 0.633 0.713 0.661 0.533 0.396 0.364 0.367 0.307 0.29 0.312 0.351 0.392 0.416 0.421 0.425 0.45 0.517 0.648 0.93 1.424 1.755 1.794 1.751 1.869 1.811 1.582 1.317 0.966 0.61 0.403 0.332 0.344 0.44 0.659 0.942 1.114 1.288 1.535 1.645 1.79 1.727 1.584 1.319 1.34 1.529 1.705
0.601 0.744 0.829 0.823 0.785 0.733 0.696 0.667 0.627 0.548 0.476 0.367 0.227 0.094 0.034 0.061 -0.018 0.104 0.282 0.331 0.353 0.269 0.323 0.346 0.343 0.388 0.487 0.607 0.676 0.675 0.788 0.88 0.839 0.682 0.476 0.366 0.364 0.313 0.299 0.333 0.391 0.486 0.501 0.452 0.43 0.413 0.415 0.461 0.629 1.07 1.373 1.294 1.393 1.694 1.573 1.272 0.998 0.727 0.511 0.392 0.341 0.385 0.519 0.605 0.752 0.95 1.098 1.257 1.429 1.598 1.59 1.471 1.398 1.389 1.48 1.592
0.629 0.768 0.868 0.856 0.874 0.779 0.826 0.791 0.757 0.661 0.57 0.413 0.282 0.151 0.05 0.05 -0.015 0.132 0.298 0.391 0.422 0.353 0.324 0.359 0.435 0.507 0.622 0.748 0.745 0.827 0.962 1.046 0.967 0.785 0.545 0.377 0.339 0.31 0.316 0.444 0.578 0.714 0.717 0.606 0.532 0.454 0.393 0.378 0.495 0.739 0.823 0.804 1.08 1.186 0.956 0.81 0.687 0.553 0.483 0.45 0.449 0.515 0.602 0.599 0.721 0.815 0.889 0.95 1.136 1.276 1.283 1.195 1.059 1.003 1.044 1.146
0.642 0.801 0.802 0.791 0.836 0.771 0.818 0.792 0.739 0.641 0.548 0.396 0.306 0.137 0.052 0.011 0.001 0.17 0.324 0.435 0.504 0.42 0.372 0.5 0.601 0.75 0.879 0.969 0.851 0.992 1.192 1.188 1.015 0.78 0.554 0.382 0.33 0.311 0.395 0.581 0.681 0.736 0.624 0.528 0.467 0.416 0.372 0.349 0.366 0.414 0.459 0.517 0.624 0.658 0.654 0.632 0.575 0.446 0.485 0.586 0.711 0.783 0.901 0.854 0.81 0.713 0.708 0.776 0.893 0.955 0.793 0.667 0.636 0.694 0.786 0.935
0.633 0.747 0.73 0.715 0.752 0.746 0.764 0.815 0.764 0.657 0.513 0.347 0.227 0.126 0.033 -0.016 0.039 0.193 0.331 0.475 0.566 0.479 0.461 0.618 0.745 0.957 1.044 1.028 1.035 1.227 1.514 1.512 1.18 0.825 0.613 0.442 0.361 0.325 0.48 0.62 0.586 0.508 0.458 0.456 0.453 0.434 0.402 0.373 0.36 0.362 0.386 0.434 0.5 0.569 0.663 0.737 0.614 0.385 0.446 0.75 1.096 1.243 1.291 1.311 1.318 1.15 0.942 0.753 0.696 0.639 0.553 0.491 0.588 0.694 0.751 0.871
0.569 0.643 0.63 0.604 0.629 0.654 0.712 0.806 0.709 0.607 0.47 0.344 0.197 0.065 -0.027 0.04 0.12 0.195 0.309 0.451 0.539 0.577 0.621 0.781 0.923 1.216 1.355 1.316 1.45 1.558 1.641 1.541 1.147 0.709 0.506 0.429 0.331 0.316 0.409 0.443 0.389 0.393 0.412 0.464 0.531 0.542 0.496 0.457 0.43 0.415 0.425 0.49 0.61 0.78 0.938 0.919 0.624 0.351 0.437 0.863 1.285 1.404 1.544 1.667 1.689 1.627 1.473 1.129 0.892 0.814 0.708 0.668 0.593 0.535 0.662 0.795
