data/climatemaps/RS_maps/climate_breeding_tmp_2015.asc
NCOLS 369 
NROWS 228 
XLLCORNER 479000 
YLLCORNER 73000 
CELLSIZE 1000 
NODATA_value -9 
[rows 102 to 135 of 228, columns 154 to 230 of 369]
0.623 0.463 0.395 0.323 0.404 0.497 0.602 0.7 0.78 0.834 0.82 0.582 0.095 -0.032 0.202 0.313 0.147 -0.144 -0.196 0.2 0.07 -0.193 -0.273 -0.187 -0.122 0.065 0.476 0.758 1.002 1.152 1.221 1.143 1.03 1.095 0.69 0.048 0.002 0.087 0.581 1.136 0.9 0.304 -0.075 -0.217 0.048 -0.148 -0.29 -0.061 0.293 0.035 -0.281 -0.435 0.123 1.016 1.278 1.278 1.053 0.282 -0.326 -0.443 -0.457 -0.528 -0.574 -0.734 -0.977 -1.038 -0.726 -0.309 -0.084 -0.706 -0.732 -0.47 -0.271 0.324 -0.071 -0.669 -0.74
0.557 0.451 0.305 0.259 0.458 0.586 0.718 0.769 0.7 0.633 0.771 0.475 -0.019 0.036 0.165 0.039 0.009 -0.03 0.141 0.082 -0.211 -0.226 -0.058 0.039 0.141 0.192 0.329 0.659 0.945 1.148 1.192 1.065 1.044 0.963 0.36 -0.258 -0.028 0.341 0.78 1.117 0.919 0.496 0.162 -0.2 -0.164 -0.294 -0.496 -0.378 -0.138 -0.267 -0.371 -0.33 0.135 0.689 1.11 1.281 1.14 0.593 0 -0.28 -0.689 -0.827 -0.772 -1.003 -1.027 -0.799 -0.628 -0.337 -0.38 -0.708 -0.771 -0.768 -0.618 0.134 -0.097 -0.637 -0.737
0.554 0.5 0.367 0.426 0.585 0.682 0.678 0.565 0.361 0.254 0.606 0.443 0.153 0.049 -0.115 -0.323 -0.154 -0.107 -0.008 -0.223 -0.241 -0.05 -0.111 -0.057 -0.081 -0.102 0.151 0.683 0.999 1.191 1.15 1.061 1.004 0.798 0.449 0.015 0.165 0.375 0.582 1.029 0.871 0.253 0.055 -0.091 -0.375 -0.618 -0.834 -0.698 -0.449 -0.155 0.152 0.292 0.471 0.588 0.953 1.282 1.264 1.008 0.453 0.053 -0.45 -0.689 -0.76 -0.916 -0.901 -0.791 -0.577 -0.388 -0.784 -0.926 -0.963 -1.054 -0.773 -0.105 0.058 -0.248 -0.649
0.698 0.547 0.481 0.507 0.646 0.631 0.524 0.275 0.013 0.063 0.585 0.428 0.193 -0.13 -0.526 -0.323 -0.39 -0.275 -0.106 -0.271 -0.134 -0.168 -0.313 -0.2 -0.155 0.037 0.462 0.83 1.121 1.201 1.108 1.068 0.946 0.594 0.229 -0.011 0.076 0.037 0.29 0.967 0.75 -0.03 -0.385 -0.451 -0.721 -0.843 -0.775 -0.48 -0.156 0.316 0.278 0.176 0.481 0.353 0.932 1.281 1.282 1.101 0.285 -0.18 -0.427 -0.499 -0.498 -0.548 -0.608 -0.85 -0.806 -0.665 -0.927 -1.13 -0.925 -0.749 -0.505 -0.255 -0.254 -0.906 -1.042
0.659 0.712 0.649 0.626 0.668 0.532 0.318 -0.127 -0.147 0.261 0.618 0.469 0.123 -0.346 -0.454 -0.479 -0.583 -0.287 -0.206 -0.155 -0.225 -0.237 -0.101 0.048 0.182 0.341 0.648 0.945 1.186 1.17 1.085 0.981 0.815 0.419 -0.096 -0.272 -0.109 0.008 0.533 1.021 0.685 0.176 -0.184 -0.532 -0.93 -0.908 -0.581 -0.263 -0.037 0.316 -0.278 -0.078 0.176 0.208 0.884 1.272 1.28 1.152 0.417 -0.224 -0.37 -0.15 -0.103 -0.21 -0.31 -0.676 -0.887 -0.991 -1.195 -1.235 -1.075 -0.747 -0.501 -0.531 -0.52 -1.017 -1.06
0.526 0.647 0.688 0.682 0.546 0.384 0.026 -0.319 -0.053 0.198 0.538 0.453 -0.09 -0.279 -0.401 -0.578 -0.539 -0.311 -0.18 -0.06 -0.201 -0.089 0.145 0.312 0.478 0.612 0.822 1.092 1.2 1.122 1.024 0.847 0.669 0.268 -0.294 -0.51 -0.216 0.184 0.907 0.879 0.404 0.528 0.224 -0.239 -0.537 -0.649 -0.602 -0.486 -0.272 0.109 -0.467 -0.041 0 -0.188 0.461 1.162 1.278 1.272 1.039 0.394 0.308 0.42 0.387 0.199 0.102 -0.219 -0.348 -0.521 -0.706 -1.085 -1.31 -0.916 -0.856 -0.904 -1.06 -1.217 -0.741
0.48 0.643 0.637 0.666 0.419 0.101 -0.166 -0.153 0.023 0.145 0.53 0.457 -0.236 -0.091 -0.2 -0.371 -0.447 -0.325 -0.169 -0.086 0.075 0.196 0.377 0.553 0.682 0.792 1.032 1.192 1.171 1.046 0.953 0.765 0.41 -0.083 -0.496 -0.514 -0.146 0.408 0.999 0.783 0.38 0.468 0.247 -0.251 -0.584 -0.965 -0.708 -0.443 -0.08 -0.113 -0.627 -0.087 -0.364 -0.858 0.051 0.814 1.235 1.266 1.241 1.064 0.938 0.871 0.758 0.671 0.531 0.253 0.084 -0.035 -0.268 -0.466 -0.636 -0.658 -0.714 -0.845 -1.117 -1.027 -0.482
0.443 0.613 0.675 0.663 0.367 0.033 0.006 0.069 0.094 0.298 0.509 0.496 0.1 0.11 -0.066 -0.307 -0.41 -0.385 -0.291 -0.207 0.191 0.452 0.637 0.798 0.912 1.052 1.181 1.212 1.132 0.959 0.872 0.49 -0.032 -0.39 -0.623 -0.65 -0.113 0.661 1.008 0.647 0.114 -0.228 -0.195 -0.49 -0.8 -1.074 -0.892 -0.632 -0.18 -0.598 -1.256 -0.906 -1.131 -0.948 -0.007 0.432 0.935 1.246 1.241 1.195 0.957 0.626 0.429 0.217 0.382 0.421 0.346 0.252 0.157 0.069 0.014 -0.104 -0.275 -0.685 -0.871 -0.844 -0.623
0.451 0.569 0.695 0.506 0.292 0.235 0.214 0.125 -0.021 0.082 0.344 0.517 0.292 0.153 -0.048 -0.311 -0.227 -0.341 -0.18 0.028 0.297 0.598 0.86 1.034 1.14 1.197 1.213 1.157 0.996 0.716 0.652 0.551 0.17 0.043 -0.375 -0.607 0.214 0.878 0.751 0.081 -0.475 -0.933 -0.722 -0.807 -0.985 -1.351 -1.259 -1.288 -0.701 -0.91 -1.642 -1.497 -0.993 -0.179 0.119 -0.034 0.539 1.14 1.243 1.142 0.723 0.307 0.287 -0.128 -0.229 -0.191 -0.197 0.052 0.376 0.017 -0.109 -0.18 -0.414 -0.908 -1.168 -1.07 -0.963
0.379 0.53 0.646 0.253 0.033 0.096 0.162 -0.064 -0.322 -0.199 0.316 0.407 0.038 -0.087 -0.065 -0.327 -0.122 -0.097 0.066 0.339 0.521 0.798 1.082 1.166 1.204 1.206 1.111 0.952 0.658 0.34 0.023 0.485 0.552 0.111 -0.394 -0.27 0.278 0.817 0.571 -0.007 -0.584 -1.232 -1.171 -1.092 -1.186 -1.441 -1.442 -1.572 -1.478 -1.317 -1.516 -1.62 -0.788 -0.172 -0.331 -0.183 0.455 0.992 1.229 0.885 0.49 0.237 0.083 -0.204 -0.643 -0.734 -0.815 -0.38 0.184 -0.5 -0.715 -0.718 -0.89 -1.074 -1.588 -1.506 -1.566
0.339 0.546 0.472 0.212 -0.008 -0.08 -0.037 -0.536 -0.447 -0.09 0.356 0.259 -0.246 -0.287 -0.149 -0.336 -0.107 0.118 0.289 0.555 0.776 0.998 1.141 1.194 1.208 1.079 0.8 0.595 0.222 -0.138 -0.395 0.179 0.604 0.176 -0.3 -0.161 -0.069 0.571 0.694 0.038 -0.476 -0.814 -0.726 -0.656 -0.974 -1.139 -1.298 -1.546 -1.52 -1.315 -1.564 -1.525 -0.8 -0.407 -0.391 -0.162 0.26 0.848 1.212 0.63 -0.058 -0.232 -0.232 -0.511 -0.986 -1.035 -0.657 -0.246 -0.007 -0.741 -1.112 -1.229 -1.237 -1.405 -1.917 -1.933 -2.027
0.506 0.425 0.145 0.164 0.1 -0.11 -0.417 -0.626 -0.271 0.077 0.347 0.176 -0.373 -0.489 -0.379 -0.292 -0.067 0.179 0.306 0.379 0.736 1.076 1.151 1.181 1.018 0.682 0.242 0.115 -0.119 -0.533 -0.241 0.501 0.502 -0.004 -0.553 -0.68 -0.521 0.146 0.614 0.201 -0.189 -0.363 -0.024 -0.316 -0.986 -1.235 -1.454 -1.289 -0.982 -0.802 -1.19 -1.146 -0.783 -0.426 -0.431 -0.375 0.03 0.68 1.192 0.798 -0.162 -0.767 -0.818 -0.999 -1.073 -0.994 -0.625 -0.15 -0.155 -0.762 -1.265 -1.549 -1.722 -1.829 -1.899 -1.892 -1.979
0.475 0.163 0.069 0.183 0.094 -0.197 -0.704 -0.475 -0.133 0.126 0.273 0.257 0.016 -0.305 -0.425 -0.183 0.023 0.016 0.097 0.312 0.689 1.015 1.088 1.152 0.739 0.489 -0.027 -0.381 -0.555 -0.487 0.044 0.502 0.243 -0.263 -0.816 -0.852 -0.571 0.196 0.532 0.287 0.137 0.15 0.282 -0.362 -1.061 -1.195 -1.42 -0.945 -0.625 -0.697 -0.949 -1.242 -1.059 -0.962 -0.832 -0.563 -0.169 0.493 1.081 1.092 0.279 -0.511 -0.849 -1.163 -1.05 -0.926 -0.682 -0.194 -0.429 -1.158 -1.588 -1.568 -1.752 -1.962 -1.751 -1.691 -1.863
0.474 0.378 0.386 0.311 0.103 -0.374 -0.649 -0.324 -0.034 0.091 0.049 0.177 0.25 0.098 -0.19 -0.235 -0.187 -0.242 -0.159 -0.063 0.36 0.531 0.842 0.903 0.204 0.161 0.23 -0.375 -0.743 -0.355 -0.089 0.437 0.065 -0.581 -0.981 -0.661 -0.209 0.098 0.378 0.408 0.412 0.427 0.332 -0.27 -0.774 -0.987 -1.324 -0.837 -0.499 -0.99 -1.367 -1.389 -1.034 -0.839 -0.371 0.042 0.25 0.476 0.743 1.153 0.753 0.108 -0.392 -0.863 -0.985 -1.429 -1.232 -0.976 -1.432 -1.675 -1.523 -1.166 -1.113 -1.546 -1.576 -1.627 -1.84
0.568 0.567 0.555 0.536 0.329 -0.261 -0.408 -0.113 0.077 0.049 -0.071 -0.058 0.072 0.179 0.079 -0.051 -0.175 -0.444 -0.453 -0.071 0.061 0.405 0.855 0.578 -0.277 -0.036 0.278 -0.185 -0.683 -0.541 -0.091 0.401 -0.077 -0.654 -1.088 -1.18 -0.551 -0.116 0.019 0.106 0.208 0.187 0.316 0.179 -0.194 -0.768 -0.902 -0.428 -0.531 -1.482 -1.682 -1.02 -0.597 -0.438 -0.339 -0.034 -0.021 -0.104 0.273 0.949 1.09 0.633 -0.104 -0.818 -1.269 -1.669 -1.462 -1.447 -1.418 -1.402 -1.157 -0.653 -1.039 -1.34 -1.564 -1.67 -1.707
0.292 0.287 0.311 0.343 0.389 0.259 0.175 0.169 0.046 0.018 -0.127 -0.249 -0.14 -0.085 -0.079 -0.175 -0.228 -0.547 -0.509 -0.225 -0.041 0.663 0.867 0.366 -0.395 -0.038 0.052 -0.263 -0.608 -0.452 0.152 0.258 -0.221 -0.662 -1.032 -1.335 -1.129 -0.548 -0.362 -0.296 -0.135 -0.356 -0.149 0.08 0.12 -0.237 -0.254 -0.145 -0.698 -1.568 -1.541 -0.974 -0.81 -0.665 -0.899 -0.789 -0.846 -0.625 -0.158 0.609 1.137 0.795 -0.064 -1.052 -1.582 -1.351 -1.18 -1.034 -0.897 -0.732 -0.397 -0.668 -1.542 -1.795 -1.877 -1.331 -1.337
-0.025 -0.102 -0.178 -0.159 -0.118 0.111 0.281 0.09 -0.055 -0.14 -0.252 -0.48 -0.626 -0.631 -0.598 -0.652 -0.575 -0.701 -0.468 -0.218 0.243 0.818 0.785 0.311 -0.371 -0.101 -0.282 -0.509 -0.643 -0.506 -0.041 -0.154 -0.481 -0.924 -1.102 -1.195 -1.207 -1.064 -0.797 -0.575 -0.564 -0.919 -0.826 -0.695 -0.051 -0.064 -0.262 -0.599 -1.147 -1.723 -1.712 -1.475 -1.444 -1.366 -1.429 -1.168 -0.84 -0.854 -0.467 0.165 0.971 0.871 0.041 -0.852 -1.092 -0.865 -0.893 -0.673 -0.389 -0.121 -0.272 -1.055 -1.766 -1.675 -1.687 -1.461 -0.914
-0.529 -0.673 -0.614 -0.408 -0.105 0.198 0.151 -0.083 -0.254 -0.477 -0.548 -0.555 -0.742 -0.751 -0.575 -0.591 -0.629 -0.608 -0.289 0.101 0.609 0.882 0.67 0.133 -0.333 -0.146 -0.369 -0.763 -0.78 -0.533 -0.469 -0.662 -0.761 -0.954 -0.883 -0.806 -0.868 -1.08 -1.06 -0.906 -0.889 -1.259 -1.57 -1.256 -0.656 -0.727 -0.871 -1.374 -1.728 -1.894 -1.904 -1.714 -1.63 -1.698 -1.405 -1.126 -0.809 -0.571 -0.521 0.109 0.982 0.847 0.141 -0.406 -0.242 -0.177 -0.222 -0.017 0.09 -0.183 -0.587 -0.996 -1.544 -1.462 -1.174 -1.381 -0.944
-0.41 -0.548 -0.37 -0.192 -0.005 0.173 -0.039 -0.339 -0.547 -0.579 -0.366 -0.08 -0.145 -0.146 -0.03 -0.046 -0.076 -0.401 -0.282 0.252 0.609 0.724 0.386 -0.176 -0.525 -0.408 -0.333 -0.848 -0.879 -0.664 -0.659 -0.743 -0.796 -0.781 -0.561 -0.542 -0.687 -0.811 -1 -1.246 -1.419 -1.529 -1.848 -1.537 -1.399 -1.508 -1.473 -1.554 -1.539 -1.521 -1.734 -1.571 -1.177 -1.479 -1.461 -1.061 -0.855 -0.381 -0.032 0.359 0.986 0.879 0.664 0.472 0.398 0.277 0.177 0.029 -0.391 -1.01 -1.162 -1.009 -1.539 -1.572 -1.01 -0.9 -0.759
-0.258 -0.367 -0.226 -0.105 -0.053 0.066 -0.289 -0.487 -0.308 0.012 0.313 0.468 0.499 0.495 0.508 0.433 0.461 0.062 -0.138 0.201 0.456 0.48 0.147 -0.205 -0.443 -0.49 -0.516 -0.767 -0.923 -1.004 -0.796 -0.78 -0.824 -0.526 -0.328 -0.591 -0.873 -1.236 -1.443 -1.435 -1.224 -1.03 -1.333 -1.532 -1.583 -1.541 -1.536 -1.136 -0.851 -1.265 -1.652 -1.532 -0.836 -1.163 -1.177 -0.769 -0.403 -0.11 0.38 0.816 0.862 0.299 0.074 0.385 0.253 -0.003 -0.232 -0.672 -1.1 -1.569 -1.311 -1.162 -1.73 -1.466 -1.123 -0.833 -0.614
-0.288 -0.334 -0.216 -0.159 -0.064 -0.233 -0.375 -0.114 0.405 0.746 0.924 0.963 0.939 0.914 0.873 0.825 0.832 0.659 0.348 0.385 0.506 0.38 0.301 0.146 -0.093 -0.287 -0.475 -0.622 -0.629 -0.911 -1.129 -0.9 -0.575 -0.201 -0.578 -1.061 -1.203 -1.216 -1.077 -0.642 -0.498 -0.806 -1.372 -1.748 -1.293 -1.069 -1.169 -1.049 -0.588 -1.187 -1.214 -1.566 -0.867 -0.515 -0.682 -0.911 -0.558 -0.003 0.617 0.731 0.257 -0.441 -0.736 -0.202 -0.001 -0.436 -0.744 -1.22 -1.713 -1.732 -1.205 -1.331 -1.526 -1.292 -1.198 -1.25 -1.069
-0.273 -0.316 -0.24 -0.277 -0.372 -0.291 0.092 0.592 0.942 1.069 1.095 1.093 1.085 1.073 1.015 0.998 1 0.977 0.855 0.836 0.819 0.74 0.586 0.477 0.243 0.033 -0.144 -0.4 -0.594 -0.824 -0.993 -0.449 -0.05 -0.43 -0.825 -0.738 -0.424 -0.281 -0.278 -0.389 -0.784 -1.222 -1.489 -1.587 -1.265 -0.677 -0.555 -0.639 -0.49 -0.692 -0.794 -1.056 -1.116 -0.954 -0.478 -0.515 -0.352 0.347 0.718 0.398 -0.33 -1.19 -1.197 -0.53 -0.027 -0.683 -1.126 -1.433 -1.984 -1.87 -1.422 -1.529 -1.525 -1.398 -1.368 -1.321 -1.109
-0.023 -0.149 -0.196 -0.455 -0.415 0.194 0.732 1.019 1.096 1.102 1.101 1.062 0.962 0.931 1.001 1.02 1.028 1.038 1.037 1.006 1.023 1.029 0.951 0.723 0.448 0.334 0.042 -0.345 -0.704 -0.852 -0.432 0.042 -0.242 -0.619 -0.464 -0.025 0.194 0.172 0.09 -0.228 -0.52 -0.934 -1.031 -1.24 -0.974 -0.75 -0.912 -0.664 -0.467 -0.289 -0.312 -0.442 -0.691 -0.965 -0.798 -0.223 -0.083 0.567 0.525 0.124 -0.681 -1.509 -1.464 -0.793 -0.275 -0.868 -1.485 -1.429 -1.668 -1.84 -1.624 -1.521 -1.447 -1.328 -1.134 -1.017 -0.744
0.215 0.058 -0.196 -0.326 0.162 0.786 1.053 1.1 1.103 1.091 0.93 0.634 0.419 0.327 0.371 0.452 0.347 0.438 0.513 0.536 0.614 0.943 1.045 1.028 0.884 0.564 0.306 -0.083 -0.507 -0.404 0.08 -0.059 -0.129 0.094 0.09 0.195 -0.234 -0.509 -0.544 -0.484 -0.56 -0.714 -0.714 -0.981 -1.069 -1.068 -1.564 -1.355 -1.117 -0.701 -0.432 -0.106 -0.104 -0.298 -0.657 -0.338 0.358 0.58 -0.169 -0.17 -0.703 -1.303 -1.477 -1.081 -0.707 -0.837 -1.31 -1.089 -1.418 -1.771 -1.471 -1.205 -1.088 -0.947 -0.88 -0.556 -0.384
0.154 -0.135 -0.084 0.307 0.827 1.073 1.107 1.104 1.062 0.812 0.285 0.206 0.016 -0.137 -0.118 -0.374 -0.562 -0.189 -0.14 -0.105 -0.009 0.298 0.715 0.935 1.005 0.919 0.653 0.2 0.13 0.244 0.356 0.419 0.479 0.448 0.311 -0.152 -0.82 -1.143 -1.249 -1.199 -1.074 -1.056 -0.877 -1.146 -1.529 -1.354 -1.844 -1.957 -1.543 -1.328 -0.934 -0.38 -0.181 0.003 -0.052 -0.015 0.574 0.144 -0.743 -0.343 -0.863 -1.352 -1.445 -1.227 -1.015 -1.03 -1.329 -0.937 -1.355 -1.547 -1.294 -0.965 -0.646 -0.475 -0.425 -0.02 0.215
0.013 0.381 0.661 0.92 1.095 1.112 1.106 1.035 0.658 0.207 -0.143 0.089 -0.309 -0.552 -0.667 -0.609 -0.523 -0.473 -0.814 -0.516 -0.579 -0.386 0.034 0.465 0.71 0.805 0.887 0.738 0.68 0.574 0.456 0.238 -0.044 -0.132 -0.087 -0.294 -1.009 -1.336 -1.537 -1.66 -1.383 -1.149 -1.202 -1.373 -2.021 -1.606 -1.666 -2.057 -1.807 -1.46 -1.1 -0.829 -0.893 -0.549 -0.008 0.421 0.51 -0.27 -1.028 -0.493 -0.914 -1.26 -1.573 -1.544 -1.353 -1.158 -1.29 -0.922 -1.051 -1.265 -0.992 -0.715 -0.376 -0.063 0.14 0.366 0.378
0.603 0.958 1.086 1.116 1.112 1.062 0.889 0.58 -0.067 -0.449 -0.42 -0.276 -0.48 -0.879 -0.915 -0.952 -1.037 -1.111 -0.84 -0.766 -0.887 -0.486 -0.063 0.148 0.092 0.348 0.737 0.945 0.685 0.074 -0.276 -0.551 -0.741 -0.948 -0.778 -0.273 -0.617 -0.951 -1.265 -1.652 -1.693 -1.7 -1.702 -1.778 -2.282 -1.673 -1.236 -1.698 -1.872 -1.6 -1.54 -1.327 -1.126 -0.681 -0.073 0.536 0.119 -0.657 -1.279 -0.799 -0.808 -1.408 -1.796 -1.629 -1.582 -1.02 -1.003 -0.894 -0.604 -0.842 -0.767 -0.418 -0.14 0.154 0.33 0.332 -0.046
1.05 1.097 1.12 1.113 1.061 0.702 0.256 0.102 -0.475 -0.749 -0.593 -0.485 -0.553 -1.1 -1.349 -1.532 -1.43 -1.155 -1.016 -0.97 -0.763 -0.421 -0.009 -0.19 -0.431 -0.234 0.426 0.727 0.681 -0.208 -0.818 -1.017 -1.193 -1.444 -1.255 -0.823 -0.594 -0.546 -1.142 -1.708 -2.079 -2.12 -2.033 -2.082 -2.28 -1.745 -1.139 -1.145 -1.539 -1.819 -1.808 -1.344 -0.991 -0.696 -0.022 0.443 -0.273 -0.982 -1.495 -1.043 -0.94 -1.603 -1.806 -1.384 -1.406 -1.05 -0.634 -0.587 -0.241 -0.356 -0.404 -0.43 -0.104 0.2 0.158 0.076 -0.55
1.127 1.111 1.053 0.924 0.685 0.092 -0.461 -0.593 -0.742 -0.852 -0.751 -0.76 -0.68 -1 -1.373 -1.538 -1.229 -0.977 -0.767 -0.58 -0.357 -0.081 -0.14 -0.703 -0.744 0.268 0.546 0.22 0.634 0.212 -0.45 -0.78 -1.011 -1.351 -1.487 -1.271 -0.899 -0.587 -1.186 -1.826 -2.115 -1.893 -1.817 -1.863 -2.031 -1.862 -1.424 -1.073 -0.91 -1.379 -1.587 -1.131 -0.918 -0.757 -0.105 0.371 -0.505 -1.155 -1.584 -1.331 -1.135 -1.587 -1.392 -1.331 -0.817 -0.768 -0.33 -0.111 0.024 0.067 0.108 0.12 0.17 0.115 -0.104 0.055 -0.19
1.11 1.006 0.782 0.459 0.027 -0.425 -0.915 -0.88 -0.956 -1.115 -1.208 -1.208 -1.04 -1.163 -1.233 -1.237 -1.041 -0.798 -0.633 -0.319 -0.229 -0.245 -0.437 -1.158 -0.633 0.634 0.206 -0.428 0.24 0.516 0.259 -0.317 -0.579 -0.991 -1.424 -1.627 -1.328 -1.064 -1.339 -1.785 -2.138 -1.743 -1.322 -1.305 -1.645 -1.832 -1.745 -1.295 -0.751 -0.686 -0.923 -0.72 -0.466 -0.226 0.115 0.334 -0.343 -0.868 -1.437 -1.482 -1.337 -1.338 -0.972 -1.103 -0.639 -0.385 -0.132 -0.02 -0.212 -0.071 -0.128 -0.127 -0.262 -0.262 -0.052 0.065 -0.228
0.998 0.595 0.271 0.023 -0.507 -0.724 -0.932 -1.115 -1.168 -1.21 -1.324 -1.172 -1.11 -1.11 -0.955 -0.851 -0.787 -0.65 -0.417 -0.314 -0.737 -0.856 -0.703 -1.226 -0.529 0.536 -0.196 -0.933 -0.259 0.223 0.451 0.203 -0.05 -0.639 -1.232 -1.744 -1.731 -1.648 -1.57 -1.744 -2.109 -2.003 -1.338 -0.989 -1.039 -1.439 -1.594 -1.339 -1.036 -0.734 -0.307 -0.087 0.079 0.037 0.114 -0.084 -0.618 -1.086 -1.245 -1.084 -0.967 -0.92 -0.879 -0.761 -0.524 -0.245 -0.229 -0.521 -0.53 -0.256 -0.6 -0.398 -0.652 -0.564 -0.177 -0.071 -0.633
0.828 0.152 -0.27 -0.474 -0.479 -0.534 -0.748 -0.929 -0.927 -0.81 -1.011 -0.969 -0.9 -0.739 -0.664 -0.499 -0.498 -0.615 -0.552 -0.737 -1.436 -1.397 -1.226 -1.104 -0.489 0.271 -0.499 -1.337 -0.902 -0.462 0.123 0.366 0.326 -0.257 -0.882 -1.608 -1.949 -2.067 -1.828 -1.871 -2.263 -2.387 -1.848 -1.315 -0.876 -0.801 -1.036 -0.913 -0.633 -0.364 -0.196 -0.303 -0.456 -0.689 -0.115 -0.548 -0.991 -1.063 -0.809 -0.895 -1.16 -0.878 -0.769 -0.445 -0.285 -0.543 -0.759 -0.999 -0.53 -0.525 -0.94 -0.655 -1.034 -0.791 -0.154 -0.21 -0.915
0.91 0.319 -0.288 -0.272 -0.057 -0.117 -0.217 -0.226 -0.398 -0.426 -0.49 -0.423 -0.607 -0.387 -0.27 -0.195 -0.282 -0.727 -1.463 -1.57 -1.871 -1.79 -1.714 -1.196 -0.64 -0.027 -0.442 -1.163 -1.401 -0.877 -0.417 -0.175 0.178 -0.061 -1.02 -1.582 -1.694 -2.195 -2.006 -1.995 -2.293 -2.488 -2.265 -1.661 -1.248 -0.81 -0.514 -0.491 -0.429 -0.565 -0.793 -1.022 -1.143 -0.896 -0.294 -0.308 -0.635 -0.654 -0.862 -1.269 -1.444 -0.943 -0.567 -0.617 -0.58 -1.095 -1.176 -1.062 -0.551 -0.84 -1.172 -0.984 -1.202 -0.819 -0.196 -0.284 -0.809
0.713 0.731 0.372 0.455 0.552 0.564 0.497 0.456 0.308 0.103 0.078 0.021 -0.193 -0.043 0.063 0.06 -0.238 -1.249 -2.21 -2.33 -2.213 -2.038 -1.927 -1.395 -0.992 -0.594 -0.592 -0.745 -1.202 -1.544 -1.234 -0.858 -0.204 -0.054 -1.004 -1.392 -1.471 -2.114 -2.227 -2.067 -2.136 -2.421 -2.274 -1.706 -1.091 -0.903 -1.105 -0.95 -1.178 -1.364 -1.454 -1.411 -1.026 -0.513 -0.088 -0.068 -0.272 -0.511 -0.907 -1.42 -1.46 -1.129 -0.921 -1.047 -0.654 -1.315 -1.384 -0.976 -0.647 -1.088 -1.328 -1.252 -1.004 -0.479 -0.227 -0.523 -0.845
