data/climatemaps/RS_maps/climate_breeding_tmp_2005.asc
NCOLS 369 
NROWS 228 
XLLCORNER 479000 
YLLCORNER 73000 
CELLSIZE 1000 
NODATA_value -9 
[rows 34 to 67 of 228, columns 154 to 230 of 369]
1.005 1.055 1.122 1.145 1.151 1.171 1.164 1.165 1.162 1.145 1.146 1.144 1.142 1.055 0.896 0.999 1.002 0.887 0.938 1.014 0.904 0.942 0.84 0.846 0.845 0.95 1.102 1.077 1.045 0.998 1.016 0.907 0.785 0.792 0.789 0.803 0.779 0.887 0.811 0.889 0.829 0.856 0.816 0.884 0.972 0.978 0.934 0.952 0.984 0.952 0.922 1.009 0.906 0.702 0.638 0.75 0.763 0.726 0.748 0.865 0.939 0.964 0.954 0.929 0.898 0.861 0.852 0.908 0.944 0.945 0.926 0.932 0.943 0.939 0.889 0.875 0.936
0.939 0.899 0.956 1.046 1.012 1.069 1.104 1.124 1.143 1.086 1.075 1.073 1.102 1.039 0.956 0.922 1.021 0.914 0.938 0.99 0.84 0.846 0.807 0.772 0.872 0.993 1.091 1.068 1.053 0.965 0.987 0.954 0.885 0.88 0.762 0.736 0.753 0.823 0.839 0.789 0.887 0.803 0.717 0.719 0.954 0.955 0.902 0.926 0.971 0.938 0.893 0.891 1.003 0.903 0.767 0.685 0.708 0.787 0.827 0.917 0.951 0.964 0.954 0.928 0.925 0.893 0.88 0.893 0.896 0.891 0.887 0.834 0.847 0.868 0.836 0.836 0.855
0.952 0.933 0.835 0.902 0.976 0.939 0.958 1.001 1.085 1.098 1.005 0.966 1.056 1.005 0.882 0.893 0.996 0.817 0.79 0.924 0.822 0.77 0.701 0.723 0.861 1.041 1.091 1.071 1.022 0.949 0.927 0.933 0.969 0.952 0.859 0.753 0.772 0.786 0.79 0.742 0.735 0.9 0.839 0.836 0.949 0.962 0.893 0.957 0.975 0.946 0.921 0.834 0.943 0.99 0.931 0.891 0.841 0.867 0.944 0.968 0.904 0.945 0.918 0.89 0.884 0.904 0.916 0.91 0.891 0.863 0.827 0.773 0.761 0.776 0.815 0.812 0.829
0.871 0.974 0.92 0.831 0.875 0.918 0.907 0.929 0.987 1.076 1.068 0.997 0.963 0.986 0.767 0.766 0.833 0.812 0.775 0.851 0.841 0.804 0.858 0.877 0.84 1.038 1.093 1.045 0.878 0.86 0.818 0.79 0.876 0.94 0.945 0.864 0.874 0.803 0.72 0.709 0.687 0.782 0.858 0.833 0.933 0.968 0.933 0.977 0.978 0.97 0.94 0.843 0.84 0.964 0.944 0.882 0.944 0.962 0.974 0.96 0.934 0.949 0.884 0.902 0.852 0.844 0.912 0.918 0.892 0.848 0.779 0.771 0.741 0.77 0.756 0.741 0.835
0.774 0.801 0.869 0.911 0.834 0.854 0.909 0.866 0.918 1.031 1.1 1.006 0.803 0.849 0.783 0.775 0.853 0.804 0.731 0.835 0.9 0.948 0.951 1.016 1.042 1.065 1.076 0.987 0.86 0.817 0.769 0.728 0.767 0.882 0.947 0.918 0.913 0.881 0.751 0.723 0.688 0.744 0.824 0.855 0.906 0.972 0.94 0.984 0.968 0.973 0.931 0.824 0.772 0.933 0.929 0.781 0.813 0.86 0.867 0.89 0.955 0.942 0.9 0.931 0.896 0.853 0.918 0.913 0.897 0.846 0.81 0.827 0.823 0.819 0.752 0.798 0.863
0.763 0.71 0.801 0.919 0.885 0.829 0.779 0.812 0.949 1.046 1.089 1.083 1.032 0.981 0.903 0.901 0.932 0.828 0.758 0.746 0.832 0.83 0.904 1.021 1.039 0.97 1.032 1.078 1.007 0.893 0.811 0.741 0.722 0.872 0.922 0.927 0.849 0.88 0.902 0.882 0.843 0.822 0.871 0.897 0.931 0.982 0.973 0.977 0.95 0.956 0.931 0.822 0.75 0.878 0.936 0.798 0.757 0.745 0.73 0.829 0.876 0.901 0.916 0.934 0.923 0.912 0.924 0.846 0.827 0.844 0.834 0.784 0.739 0.822 0.849 0.858 0.864
0.742 0.733 0.813 0.917 0.906 0.661 0.611 0.84 1.004 1.063 0.991 0.909 0.942 0.934 0.984 0.986 0.933 0.903 0.84 0.757 0.816 0.868 0.902 1.024 0.971 0.96 1.102 1.095 1.067 1.046 0.99 0.905 0.787 0.847 0.881 0.862 0.763 0.746 0.788 0.819 0.84 0.854 0.9 0.945 0.969 0.985 0.964 0.969 0.955 0.951 0.932 0.833 0.762 0.842 0.9 0.869 0.819 0.736 0.687 0.763 0.769 0.831 0.931 0.876 0.863 0.918 0.919 0.834 0.755 0.79 0.78 0.739 0.628 0.72 0.811 0.771 0.782
0.846 0.804 0.818 0.764 0.702 0.665 0.843 0.906 0.994 0.966 0.852 0.854 0.967 0.936 0.965 0.964 0.948 0.898 0.82 0.785 0.836 0.889 0.943 1.043 1.051 1.085 1.109 1.044 0.951 1.002 1.009 1.001 0.953 0.863 0.8 0.731 0.626 0.604 0.623 0.633 0.652 0.72 0.827 0.934 0.974 0.977 0.956 0.962 0.961 0.958 0.952 0.87 0.797 0.821 0.792 0.827 0.793 0.762 0.71 0.723 0.692 0.818 0.919 0.83 0.777 0.821 0.882 0.863 0.776 0.694 0.721 0.702 0.647 0.703 0.7 0.765 0.767
0.875 0.764 0.781 0.631 0.641 0.692 0.884 0.928 0.932 0.878 0.865 0.863 0.928 0.971 0.914 0.934 0.875 0.834 0.8 0.79 0.881 0.958 1.041 1.088 1.072 1.062 1.083 1.004 0.88 0.845 0.878 0.933 1.029 0.945 0.813 0.762 0.715 0.686 0.735 0.701 0.648 0.658 0.755 0.897 0.942 0.955 0.958 0.941 0.97 0.965 0.969 0.928 0.844 0.828 0.772 0.775 0.736 0.725 0.718 0.712 0.71 0.779 0.894 0.849 0.782 0.802 0.839 0.83 0.788 0.743 0.641 0.607 0.602 0.599 0.61 0.664 0.717
0.897 0.875 0.753 0.752 0.719 0.712 0.877 0.822 0.894 0.875 0.846 0.82 0.911 0.931 0.863 0.877 0.792 0.772 0.734 0.795 0.954 1.078 1.065 1.026 1.017 1.028 1.059 1.014 0.936 0.839 0.863 0.899 1.004 1.003 0.957 0.904 0.871 0.868 0.908 0.863 0.818 0.776 0.809 0.845 0.898 0.917 0.937 0.928 0.97 0.967 0.973 0.96 0.928 0.883 0.828 0.79 0.775 0.749 0.738 0.725 0.73 0.766 0.831 0.767 0.853 0.827 0.842 0.804 0.804 0.724 0.66 0.585 0.548 0.485 0.466 0.564 0.645
0.854 0.789 0.821 0.784 0.714 0.74 0.85 0.782 0.869 0.906 0.808 0.679 0.808 0.856 0.767 0.791 0.689 0.673 0.677 0.865 1.009 1.095 1.011 0.965 1.006 1.016 1.028 1.054 1.014 0.948 0.937 0.886 0.972 1.026 1.005 0.955 0.868 0.944 0.958 0.95 0.942 0.93 0.929 0.905 0.9 0.864 0.869 0.9 0.935 0.957 0.969 0.957 0.944 0.93 0.906 0.863 0.83 0.821 0.78 0.756 0.745 0.773 0.833 0.71 0.749 0.673 0.697 0.805 0.833 0.758 0.702 0.655 0.6 0.555 0.546 0.471 0.676
0.836 0.751 0.732 0.775 0.747 0.738 0.824 0.666 0.731 0.878 0.765 0.59 0.692 0.816 0.675 0.658 0.689 0.73 0.806 0.979 1.071 1.101 1.003 0.998 1.028 1.031 1.02 1.034 1.051 1.005 0.974 0.929 0.848 0.914 1.014 0.984 0.933 0.966 0.949 0.942 0.956 0.968 0.965 0.958 0.94 0.916 0.87 0.857 0.874 0.939 0.968 0.964 0.931 0.901 0.896 0.922 0.892 0.851 0.834 0.803 0.795 0.818 0.83 0.703 0.65 0.619 0.687 0.745 0.769 0.803 0.785 0.754 0.724 0.692 0.611 0.531 0.673
0.805 0.795 0.768 0.747 0.763 0.665 0.76 0.581 0.574 0.775 0.684 0.639 0.642 0.748 0.658 0.694 0.831 0.879 0.898 0.985 1.067 1.097 0.953 0.959 1.022 1.03 1.023 1.029 1.047 1.011 0.997 0.951 0.793 0.749 0.931 1.003 0.989 0.933 0.864 0.799 0.801 0.873 0.921 0.954 0.948 0.933 0.93 0.914 0.88 0.905 0.945 0.958 0.935 0.892 0.86 0.886 0.921 0.9 0.829 0.822 0.806 0.833 0.819 0.726 0.643 0.631 0.719 0.685 0.674 0.747 0.716 0.73 0.727 0.72 0.659 0.632 0.625
0.764 0.782 0.773 0.7 0.697 0.541 0.582 0.521 0.547 0.621 0.576 0.699 0.697 0.748 0.628 0.703 0.83 0.776 0.769 0.888 1.004 1.092 0.927 0.837 0.945 1.01 1.004 1.019 1.043 1.024 0.991 0.961 0.866 0.691 0.75 0.927 1.004 1.009 0.993 0.907 0.853 0.797 0.792 0.868 0.91 0.933 0.932 0.936 0.934 0.933 0.934 0.951 0.946 0.898 0.88 0.899 0.93 0.907 0.861 0.848 0.82 0.834 0.812 0.782 0.708 0.686 0.682 0.669 0.597 0.685 0.669 0.605 0.692 0.713 0.615 0.559 0.521
0.758 0.761 0.736 0.571 0.536 0.47 0.41 0.524 0.651 0.642 0.614 0.774 0.881 0.873 0.765 0.797 0.785 0.789 0.841 0.95 1.014 1.095 0.995 0.911 0.883 0.942 1.006 1.005 1.031 1.081 1.021 0.97 0.937 0.796 0.656 0.745 0.938 1.01 1.028 1.023 0.973 0.907 0.922 0.776 0.784 0.825 0.859 0.905 0.916 0.922 0.935 0.959 0.954 0.915 0.907 0.923 0.936 0.908 0.855 0.841 0.835 0.83 0.815 0.81 0.765 0.735 0.666 0.624 0.581 0.673 0.658 0.561 0.647 0.725 0.641 0.572 0.552
0.635 0.726 0.728 0.596 0.437 0.563 0.527 0.633 0.809 0.835 0.854 0.879 0.964 1 0.99 1.015 0.997 1.015 1.034 1.067 1.075 1.081 1.053 1.025 0.985 0.969 0.989 0.987 1.018 1.077 1.067 1.015 0.986 0.887 0.707 0.659 0.778 0.965 1.024 1.027 1.025 0.997 0.994 0.976 0.926 0.885 0.833 0.838 0.852 0.917 0.927 0.941 0.949 0.953 0.939 0.942 0.944 0.939 0.889 0.846 0.84 0.827 0.805 0.814 0.802 0.771 0.711 0.586 0.632 0.626 0.638 0.572 0.603 0.675 0.673 0.572 0.591
0.414 0.661 0.571 0.511 0.502 0.626 0.692 0.656 0.793 0.947 0.944 0.913 1.005 1.065 1.07 1.077 1.062 1.059 1.068 1.07 1.046 1.036 1.039 0.999 0.998 0.997 0.882 0.838 0.87 0.948 1.037 1.052 1.026 0.988 0.789 0.613 0.625 0.835 0.973 1.01 1.016 0.996 1.009 1.005 0.997 0.98 0.931 0.869 0.823 0.886 0.892 0.847 0.883 0.929 0.947 0.947 0.941 0.946 0.925 0.89 0.874 0.838 0.793 0.802 0.828 0.802 0.751 0.659 0.665 0.566 0.568 0.528 0.552 0.666 0.608 0.528 0.516
0.501 0.576 0.466 0.584 0.742 0.735 0.838 0.881 0.908 1.011 1.03 1.017 1.062 1.073 1.07 1.057 1.039 1.034 1.043 1.043 1.023 1.023 1.023 0.98 0.98 1.018 0.954 0.858 0.889 0.84 0.945 1.057 1.047 0.994 0.869 0.666 0.564 0.728 0.893 0.959 0.977 0.989 0.954 0.939 0.962 0.997 0.993 0.974 0.955 0.928 0.872 0.713 0.734 0.832 0.894 0.935 0.939 0.941 0.936 0.928 0.907 0.882 0.832 0.796 0.805 0.817 0.793 0.739 0.668 0.563 0.504 0.477 0.563 0.669 0.638 0.537 0.494
0.556 0.456 0.464 0.68 0.88 0.933 0.961 0.924 0.9 1.035 1.073 1.071 1.039 1.042 1.049 1.051 1.032 1.021 1.03 1.016 1.022 1.014 1.016 0.951 0.943 0.99 1.008 0.967 0.911 0.836 0.907 1.03 1.06 1.035 0.941 0.749 0.571 0.675 0.84 0.898 0.903 0.957 0.843 0.802 0.865 0.954 0.985 0.988 0.988 0.973 0.906 0.748 0.694 0.716 0.768 0.853 0.921 0.944 0.94 0.936 0.926 0.904 0.864 0.828 0.781 0.81 0.81 0.785 0.714 0.614 0.554 0.563 0.632 0.611 0.651 0.478 0.407
0.592 0.547 0.738 0.922 0.953 1 0.978 0.915 0.936 1.057 1.011 0.976 0.963 1.011 1.014 1.042 1 0.982 0.994 0.936 1.005 0.977 0.994 0.952 0.882 0.949 0.996 1 0.944 0.84 0.902 1.001 1.051 1.068 1.009 0.854 0.68 0.714 0.838 0.855 0.871 0.926 0.843 0.744 0.753 0.872 0.956 0.97 0.976 0.977 0.954 0.869 0.745 0.646 0.645 0.737 0.816 0.911 0.945 0.947 0.933 0.92 0.898 0.861 0.8 0.767 0.787 0.798 0.773 0.7 0.668 0.642 0.598 0.525 0.622 0.617 0.534
0.847 0.85 0.913 0.983 1.003 1.034 1.013 1.022 1.059 1.05 0.94 0.956 1.001 1.001 1.013 1.023 0.998 0.929 0.923 0.906 0.99 0.97 0.946 0.896 0.876 0.877 0.964 0.996 0.995 0.905 0.902 0.959 1.024 1.059 1.058 0.958 0.792 0.798 0.815 0.757 0.831 0.885 0.854 0.786 0.704 0.702 0.829 0.928 0.964 0.973 0.984 0.935 0.829 0.7 0.661 0.659 0.718 0.8 0.915 0.953 0.946 0.925 0.913 0.897 0.858 0.784 0.781 0.811 0.802 0.764 0.678 0.638 0.548 0.403 0.541 0.573 0.549
0.863 0.971 1.041 1.031 1.053 1.056 1.067 1.071 1.063 1.004 0.921 0.976 1.02 1.023 0.96 0.936 0.997 0.943 0.886 0.85 0.955 0.957 0.93 0.839 0.81 0.752 0.907 0.989 1.004 0.992 0.932 0.918 0.976 1.008 1.051 1.018 0.864 0.809 0.742 0.669 0.746 0.845 0.873 0.815 0.745 0.61 0.627 0.856 0.954 0.968 0.993 0.961 0.886 0.785 0.706 0.648 0.653 0.708 0.83 0.943 0.953 0.932 0.913 0.902 0.868 0.83 0.774 0.797 0.814 0.795 0.653 0.559 0.475 0.415 0.538 0.434 0.381
0.928 1.011 1.026 0.983 1.027 1.045 1.053 1.045 1.021 0.973 0.913 1.002 1.015 1.006 0.862 0.846 0.908 0.98 0.92 0.853 0.899 0.959 0.955 0.904 0.804 0.662 0.779 0.927 0.986 0.994 0.974 0.933 0.94 0.946 1.012 1.035 0.943 0.813 0.739 0.665 0.742 0.808 0.849 0.807 0.782 0.728 0.562 0.746 0.936 0.963 0.993 0.986 0.919 0.8 0.715 0.682 0.624 0.631 0.723 0.902 0.952 0.946 0.929 0.903 0.88 0.84 0.788 0.779 0.814 0.812 0.744 0.595 0.46 0.461 0.491 0.419 0.329
1.011 1.009 1.012 0.934 0.891 0.9 0.938 0.94 0.955 0.956 0.933 1.002 1.007 0.989 0.848 0.813 0.835 0.942 0.917 0.821 0.831 0.929 0.963 0.946 0.826 0.655 0.668 0.853 0.939 0.948 0.987 0.975 0.942 0.923 0.961 1.017 0.999 0.88 0.773 0.719 0.739 0.75 0.794 0.739 0.811 0.739 0.64 0.613 0.907 0.93 0.989 0.998 0.947 0.807 0.678 0.646 0.636 0.556 0.63 0.817 0.921 0.953 0.949 0.925 0.891 0.846 0.801 0.798 0.814 0.808 0.776 0.688 0.595 0.558 0.511 0.383 0.356
0.908 0.966 0.978 0.848 0.784 0.758 0.804 0.86 0.925 0.935 0.93 0.987 0.996 0.979 0.868 0.786 0.808 0.917 0.892 0.812 0.789 0.866 0.935 0.952 0.895 0.763 0.686 0.796 0.896 0.892 0.913 0.979 0.973 0.943 0.941 0.995 1.035 0.988 0.855 0.765 0.73 0.719 0.733 0.684 0.819 0.728 0.669 0.66 0.883 0.895 0.944 0.996 0.986 0.851 0.757 0.719 0.659 0.58 0.606 0.72 0.849 0.945 0.953 0.941 0.93 0.868 0.825 0.808 0.81 0.81 0.794 0.748 0.644 0.538 0.465 0.415 0.257
0.742 1.002 0.995 0.932 0.899 0.893 0.891 0.905 0.928 0.905 0.926 0.972 0.979 0.971 0.878 0.787 0.755 0.889 0.849 0.832 0.799 0.8 0.847 0.945 0.943 0.86 0.76 0.805 0.82 0.848 0.815 0.9 0.978 0.965 0.921 0.948 1.022 1.04 0.944 0.829 0.757 0.731 0.655 0.733 0.814 0.707 0.686 0.618 0.888 0.901 0.891 0.992 0.998 0.935 0.823 0.703 0.672 0.647 0.576 0.631 0.774 0.893 0.943 0.945 0.936 0.899 0.855 0.816 0.8 0.812 0.807 0.781 0.684 0.558 0.464 0.379 0.177
0.883 1.039 1.032 1.016 0.99 0.962 0.886 0.857 0.827 0.826 0.892 0.93 0.935 0.949 0.853 0.771 0.789 0.911 0.857 0.771 0.688 0.711 0.774 0.912 0.959 0.926 0.834 0.842 0.796 0.753 0.796 0.813 0.946 0.968 0.945 0.934 0.994 1.046 1.001 0.881 0.832 0.749 0.752 0.837 0.76 0.687 0.711 0.527 0.803 0.906 0.867 0.972 0.998 0.977 0.854 0.715 0.622 0.595 0.488 0.507 0.709 0.821 0.89 0.935 0.948 0.919 0.891 0.843 0.812 0.802 0.804 0.796 0.746 0.647 0.552 0.403 0.184
1.029 1.043 1.036 1.03 1.013 0.954 0.85 0.81 0.774 0.825 0.882 0.904 0.928 0.924 0.852 0.764 0.761 0.883 0.909 0.793 0.681 0.609 0.676 0.757 0.935 0.961 0.882 0.836 0.769 0.671 0.708 0.747 0.904 0.965 0.968 0.968 0.981 1.048 1.034 0.958 0.898 0.811 0.856 0.788 0.671 0.655 0.66 0.474 0.745 0.855 0.834 0.925 0.995 0.996 0.93 0.777 0.674 0.595 0.472 0.433 0.611 0.784 0.848 0.902 0.923 0.934 0.927 0.876 0.836 0.803 0.799 0.793 0.778 0.726 0.614 0.417 0.153
0.982 1.013 1.014 1.019 1.016 0.973 0.872 0.821 0.735 0.788 0.874 0.844 0.945 0.859 0.855 0.846 0.765 0.813 0.905 0.881 0.779 0.685 0.581 0.632 0.885 0.966 0.905 0.825 0.725 0.613 0.626 0.713 0.858 0.938 0.967 0.953 0.983 1.048 1.038 0.983 0.924 0.884 0.893 0.819 0.688 0.586 0.631 0.411 0.632 0.822 0.846 0.862 0.966 1.002 0.986 0.859 0.76 0.679 0.59 0.483 0.526 0.713 0.821 0.884 0.881 0.891 0.906 0.895 0.854 0.823 0.805 0.804 0.795 0.772 0.682 0.458 0.258
0.953 0.971 0.991 0.974 1.019 0.982 0.87 0.743 0.747 0.827 0.876 0.799 0.921 0.921 0.776 0.81 0.823 0.787 0.798 0.879 0.87 0.785 0.661 0.603 0.867 0.968 0.925 0.806 0.726 0.618 0.551 0.659 0.764 0.879 0.945 0.934 0.975 1.047 1.04 1.006 0.943 0.881 0.893 0.865 0.72 0.626 0.591 0.431 0.504 0.729 0.846 0.814 0.902 0.994 1.005 0.963 0.87 0.801 0.741 0.647 0.598 0.639 0.763 0.858 0.86 0.855 0.863 0.878 0.859 0.832 0.815 0.835 0.835 0.817 0.754 0.596 0.502
0.933 0.99 0.977 0.962 1.012 0.989 0.901 0.803 0.725 0.86 0.812 0.726 0.86 0.912 0.819 0.718 0.771 0.765 0.671 0.79 0.876 0.835 0.644 0.562 0.831 0.968 0.954 0.813 0.711 0.618 0.516 0.573 0.7 0.797 0.909 0.933 0.961 1.038 1.048 1.026 0.97 0.887 0.893 0.866 0.772 0.607 0.568 0.591 0.455 0.558 0.766 0.802 0.813 0.968 1.008 1 0.965 0.914 0.877 0.826 0.774 0.715 0.698 0.788 0.835 0.822 0.836 0.854 0.837 0.843 0.831 0.852 0.863 0.856 0.814 0.753 0.683
0.934 0.993 0.954 0.924 0.968 1.003 0.949 0.8 0.708 0.812 0.733 0.676 0.849 0.938 0.834 0.684 0.663 0.732 0.638 0.726 0.831 0.872 0.819 0.707 0.818 0.961 0.965 0.861 0.698 0.621 0.529 0.497 0.628 0.729 0.838 0.922 0.929 1.028 1.047 1.036 1 0.937 0.901 0.856 0.791 0.659 0.59 0.625 0.531 0.472 0.621 0.781 0.726 0.878 0.997 1.007 1.002 0.992 0.979 0.962 0.921 0.86 0.767 0.738 0.771 0.794 0.812 0.859 0.839 0.832 0.843 0.858 0.873 0.89 0.847 0.78 0.686
0.947 0.99 0.935 0.882 0.92 0.989 0.993 0.881 0.741 0.754 0.771 0.689 0.847 0.943 0.843 0.706 0.648 0.676 0.645 0.655 0.758 0.817 0.865 0.848 0.797 0.898 0.964 0.912 0.739 0.645 0.542 0.434 0.535 0.667 0.779 0.877 0.917 1.003 1.043 1.039 1.003 0.96 0.933 0.877 0.792 0.699 0.695 0.689 0.627 0.557 0.48 0.699 0.735 0.737 0.901 0.964 0.998 1.003 1.003 1.007 0.996 0.973 0.899 0.803 0.74 0.773 0.809 0.858 0.87 0.869 0.859 0.863 0.884 0.913 0.896 0.837 0.746
0.901 0.955 0.934 0.901 0.894 0.942 0.987 0.939 0.872 0.756 0.719 0.698 0.831 0.935 0.875 0.726 0.617 0.552 0.64 0.649 0.622 0.661 0.81 0.835 0.742 0.79 0.95 0.941 0.804 0.677 0.556 0.425 0.444 0.586 0.729 0.816 0.897 0.966 1.032 1.039 1.016 0.954 0.942 0.915 0.858 0.744 0.742 0.729 0.698 0.67 0.469 0.527 0.75 0.699 0.726 0.861 0.928 0.953 0.981 1.008 1.008 1.006 0.997 0.942 0.882 0.84 0.86 0.895 0.925 0.927 0.881 0.88 0.908 0.92 0.917 0.896 0.88
