data/climatemaps/RS_maps/climate_winter_tmin_2000.asc
NCOLS 369 
NROWS 228 
XLLCORNER 479000 
YLLCORNER 73000 
CELLSIZE 1000 
NODATA_value -9 
[rows 170 to 203 of 228, columns 154 to 230 of 369]
-0.156 -0.255 -0.627 -0.636 -0.665 -0.313 -0.245 -0.046 0.377 0.588 0.576 0.47 0.249 -0.234 -0.714 -1.066 -1.292 -1.342 -1.15 -0.919 -0.99 -0.98 -0.81 -0.856 -0.84 -0.983 -1.397 -1.429 -1.026 -0.549 -0.387 -0.422 -0.592 -0.843 -0.884 -0.876 -0.972 -0.637 -0.205 0.319 0.38 -0.023 -0.151 -0.469 -0.787 -0.708 -0.447 -0.204 -0.133 -0.023 -0.077 0.001 -0.042 -0.184 -0.028 0.516 1.103 0.589 0.087 -0.136 -0.296 -0.406 -0.416 -0.304 0.117 0.143 0.089 0.005 -0.247 -0.435 0.11 0.664 0.543 0.041 -0.413 -0.578 -0.39
0.157 -0.039 -0.233 -0.301 -0.259 -0.013 0.186 0.372 0.572 0.621 0.517 0.394 0.191 -0.26 -0.804 -1.036 -1.038 -1.208 -1.205 -1.122 -1.212 -1.127 -0.922 -1.111 -1.268 -1.101 -1.383 -1.086 -0.714 -0.414 -0.273 -0.447 -0.675 -0.691 -0.625 -0.838 -0.816 -0.407 0.096 0.516 0.045 -0.454 -0.669 -0.607 -0.825 -0.525 -0.211 -0.042 -0.036 -0.018 0.121 0.301 0.423 0.371 0.513 0.855 1.156 0.828 0.268 0.171 0.118 -0.196 -0.03 -0.276 -0.273 -0.016 0.268 0.443 0.268 0.069 0.196 0.759 0.492 0.031 -0.401 -0.336 -0.08
0.444 0.271 0.191 0.097 0.198 0.369 0.518 0.568 0.522 0.517 0.472 0.262 -0.055 -0.391 -0.614 -0.709 -0.899 -0.992 -1.065 -1.165 -1.399 -1.401 -1.005 -1.309 -1.597 -1.393 -1.228 -0.812 -0.68 -0.532 -0.17 -0.469 -0.654 -0.334 -0.503 -0.791 -0.509 -0.032 0.489 0.363 -0.152 -0.694 -0.939 -0.856 -0.892 -0.538 -0.391 -0.344 -0.474 -0.337 -0.018 0.382 0.688 0.619 0.793 0.751 0.879 1.116 0.82 0.64 0.413 0.1 0.233 0.002 -0.074 -0.076 -0.246 0.139 0.461 0.547 0.497 0.846 0.319 -0.249 -0.291 -0.043 0.016
0.564 0.548 0.53 0.478 0.478 0.431 0.434 0.219 0.107 0.137 0.153 0.124 -0.068 -0.191 -0.278 -0.385 -0.655 -0.87 -1.132 -1.404 -1.44 -1.306 -1.276 -1.331 -1.42 -1.4 -1.131 -0.868 -0.842 -0.409 0.131 -0.128 -0.407 -0.242 -0.683 -0.714 -0.168 0.404 0.495 -0.022 -0.388 -0.848 -1.031 -0.915 -0.688 -0.601 -0.301 -0.062 0.001 0.059 0.33 0.647 0.465 -0.023 0.1 0.261 0.333 0.721 1.12 1.108 0.929 0.738 0.418 0.49 0.3 0.035 -0.19 -0.164 -0.024 0.358 0.616 0.884 0.367 -0.152 -0.148 0.242 -0.043
0.425 0.548 0.314 0.355 0.153 -0.036 0.159 -0.2 -0.518 -0.589 -0.295 0.051 0.008 -0.24 -0.412 -0.525 -0.587 -0.871 -1.212 -1.397 -1.144 -0.934 -1.022 -0.954 -1.137 -1.277 -1.069 -0.872 -0.602 -0.265 0.044 0.227 0.148 -0.139 -0.651 -0.586 -0.064 0.622 0.387 -0.264 -0.818 -0.976 -0.73 -0.586 -0.365 -0.295 -0.137 0.105 0.289 0.377 0.514 0.503 0.051 -0.247 -0.106 0.114 -0.004 0.358 0.713 0.94 1.197 1.193 0.845 0.726 0.29 -0.062 0.194 -0.078 -0.289 -0.042 0.307 0.802 0.716 0.227 -0.059 0.396 0.265
0.227 0.476 0.113 -0.131 -0.423 -0.492 -0.049 -0.514 -0.931 -1.024 -0.495 -0.188 -0.124 -0.521 -0.703 -0.864 -0.926 -1.035 -1.335 -1.011 -0.719 -0.575 -0.653 -0.782 -1.052 -1.111 -0.827 -0.68 -0.421 -0.387 -0.357 0.041 0.325 0.237 -0.123 -0.199 0.287 0.69 0.324 -0.231 -0.79 -0.886 -0.633 -0.298 -0.158 0.016 0.056 0.155 0.011 -0.059 0.192 0.169 -0.052 -0.395 -0.346 -0.208 -0.004 0.398 0.369 0.549 0.809 1.114 1.186 0.879 0.368 0.22 0.506 0.237 -0.08 -0.224 -0.003 0.384 0.847 0.648 0.317 0.521 0.525
0.224 0.382 0.024 -0.313 -0.723 -0.81 -0.291 -0.626 -1.13 -0.993 -0.535 -0.597 -0.391 -0.645 -0.911 -1.088 -1.435 -1.382 -1.043 -0.735 -0.516 -0.413 -0.583 -0.895 -1.129 -0.962 -0.949 -0.932 -0.996 -0.931 -0.581 -0.31 0.225 0.568 0.508 0.302 0.65 0.553 0.063 -0.452 -0.893 -0.68 -0.46 -0.199 -0.079 -0.263 -0.242 -0.059 -0.366 -0.324 -0.271 -0.279 -0.356 -0.419 -0.332 -0.208 -0.039 0.157 -0.022 0.235 0.389 0.856 1.244 1.071 0.613 0.643 0.717 0.462 0.198 -0.205 -0.154 0.221 0.636 0.882 0.856 0.822 0.666
0.325 0.348 -0.004 -0.345 -0.658 -0.918 -0.538 -0.802 -1.286 -1.188 -1.021 -0.997 -0.672 -0.635 -1.096 -1.404 -1.579 -1.234 -1.097 -1.056 -0.672 -0.54 -0.518 -0.629 -0.579 -0.643 -0.895 -1.007 -1.269 -1.24 -0.865 -0.529 0.065 0.451 0.74 0.7 0.678 0.349 -0.123 -0.56 -0.868 -0.65 -0.411 -0.323 -0.57 -0.583 -0.379 -0.223 -0.473 -0.518 -0.567 -0.555 -0.564 -0.424 -0.196 -0.072 -0.242 -0.223 -0.297 -0.036 0.407 0.767 1.087 1.27 1.012 0.912 0.639 0.238 0.07 -0.16 -0.087 -0.006 0.21 0.445 0.813 0.944 0.505
0.347 0.244 -0.146 -0.42 -0.725 -0.929 -0.584 -0.789 -1.205 -1.212 -1.112 -0.863 -0.685 -0.607 -0.923 -1.327 -1.549 -1.665 -1.661 -1.262 -0.83 -0.829 -0.395 -0.094 -0.144 -0.321 -0.428 -0.592 -0.776 -1.103 -1.062 -0.539 -0.086 0.273 0.697 0.862 0.544 0.09 -0.259 -0.632 -0.807 -0.644 -0.553 -0.656 -0.787 -0.621 -0.47 -0.348 -0.415 -0.342 -0.304 -0.237 -0.258 -0.261 -0.065 0.217 -0.192 -0.116 -0.254 0.017 0.419 0.512 0.816 1.237 1.293 1.062 0.661 0.385 0.291 0.052 -0.191 -0.196 -0.033 0.062 0.608 1.052 0.338
0.352 0.129 -0.111 -0.306 -0.743 -1.048 -0.66 -0.747 -1.119 -1.144 -0.846 -0.68 -0.752 -0.961 -1.185 -1.403 -1.747 -1.923 -1.861 -1.252 -0.97 -1.016 -0.471 -0.244 -0.2 0.012 -0.031 -0.265 -0.477 -0.678 -0.727 -0.362 -0.008 0.274 0.647 0.897 0.508 0.204 -0.18 -0.583 -0.644 -0.372 -0.441 -0.717 -0.726 -0.665 -0.623 -0.315 -0.096 0.018 0.135 0.23 0.243 0.215 0.197 0.372 0.039 0.176 -0.041 0.016 0.102 0.111 0.423 0.86 1.224 1.303 1.14 0.869 0.64 0.267 0.026 -0.131 0.166 0.498 0.823 1.083 0.564
0.376 0.026 -0.409 -0.473 -0.804 -1.163 -0.847 -0.8 -1.158 -1.02 -0.73 -0.631 -0.883 -1.249 -1.526 -1.447 -1.799 -1.696 -1.613 -1.355 -1.119 -1.078 -0.604 -0.665 -0.67 -0.134 0.173 0.058 -0.204 -0.328 -0.35 -0.234 0.141 0.414 0.69 0.908 0.58 0.253 -0.215 -0.374 -0.372 -0.2 -0.457 -0.593 -0.483 -0.509 -0.688 -0.462 -0.266 -0.1 0.047 0.16 0.149 0.315 0.42 0.524 0.509 0.472 0.316 0.113 -0.074 0.088 0.455 0.709 1.004 1.31 1.378 1.285 0.944 0.653 0.326 -0.063 0.229 0.456 0.762 1.09 0.887
0.322 0.037 -0.49 -0.803 -1.057 -1.315 -1.09 -0.8 -1.225 -1.098 -0.725 -0.631 -0.709 -0.916 -1.12 -1.181 -1.569 -1.275 -1.197 -1.172 -1.22 -1.115 -0.751 -0.734 -0.561 -0.309 0.071 0.275 0.189 0.082 0.09 -0.059 0.078 0.453 0.741 0.9 0.449 -0.077 -0.336 0.006 0.028 -0.045 -0.206 -0.232 -0.329 -0.551 -0.47 -0.437 -0.306 -0.308 -0.293 -0.235 -0.221 -0.015 0.096 0.199 0.447 0.724 0.549 0.183 0.157 0.348 0.524 0.551 0.67 0.978 1.175 1.351 1.134 0.902 0.566 0.07 0.052 0.223 0.476 0.871 1.127
-0.013 0.09 -0.409 -0.919 -1.231 -1.483 -1.262 -0.912 -1.285 -1.23 -0.896 -0.803 -0.531 -0.499 -0.773 -1.082 -1.379 -0.96 -0.707 -0.767 -0.89 -0.921 -0.663 -0.41 -0.107 0.071 0.141 0.33 0.533 0.516 0.482 0.151 -0.111 0.342 0.796 0.86 0.254 -0.28 -0.347 0.145 0.053 -0.296 -0.31 -0.198 -0.416 -0.464 -0.225 -0.041 0.005 0.024 -0.122 -0.187 -0.122 -0.016 0.195 0.256 0.277 0.783 0.505 0.28 0.342 0.681 0.829 0.631 0.363 0.585 0.854 1.3 0.926 0.57 0.28 0.146 0.388 0.58 0.747 0.951 1.112
-0.58 0.072 -0.264 -0.764 -1.18 -1.537 -1.446 -1.18 -1.282 -1.386 -1.282 -1.101 -0.746 -0.36 -0.563 -0.861 -1.157 -0.939 -0.4 -0.402 -0.4 -0.468 -0.177 0.097 0.313 0.466 0.48 0.508 0.708 0.771 0.765 0.404 -0.138 0.187 0.819 0.821 0.171 -0.28 -0.019 0.348 -0.032 -0.465 -0.505 -0.304 -0.451 -0.451 -0.244 0.013 0.185 0.354 0.291 0.254 0.21 0.238 0.537 0.671 0.699 0.881 0.817 0.724 0.727 0.96 1.048 0.865 0.546 0.685 1.063 1.327 1.191 0.695 0.363 0.259 0.508 0.576 0.788 1.167 1.057
-0.991 -0.281 -0.072 -0.572 -1.081 -1.566 -1.679 -1.523 -1.428 -1.634 -1.424 -1.025 -0.711 -0.396 -0.283 -0.431 -0.747 -0.729 -0.163 -0.127 -0.046 0.041 0.192 0.234 0.241 0.198 0.212 0.185 0.282 0.465 0.743 0.671 0.026 0.137 0.834 0.749 0.182 0.03 0.365 0.21 -0.037 -0.242 -0.53 -0.55 -0.573 -0.43 -0.315 -0.316 -0.057 0.293 0.386 0.462 0.572 0.616 0.591 0.462 0.557 0.769 0.842 1.008 1.019 1.016 1.077 1.169 0.94 0.842 1.142 1.259 1.368 0.885 0.517 0.52 0.74 0.937 0.978 1.249 1.06
-1.199 -0.625 -0.122 -0.496 -1.058 -1.461 -1.587 -1.595 -1.668 -1.823 -1.477 -1.044 -0.837 -0.667 -0.374 -0.148 -0.234 -0.242 -0.248 -0.389 -0.032 0.141 -0.158 -0.23 -0.38 -0.406 -0.47 -0.475 -0.395 -0.107 0.265 0.772 0.273 0.041 0.662 0.908 0.409 0.393 0.319 0.237 0.107 -0.335 -0.579 -0.388 -0.229 -0.214 -0.044 -0.318 -0.066 0.117 0.014 0.291 0.257 0.343 0.185 0.175 0.209 0.466 0.484 0.755 0.644 0.704 0.804 1.108 1.142 1.26 1.382 1.414 1.447 1.049 0.808 0.964 1.152 1.273 1.328 1.406 1.356
-1.374 -0.957 -0.332 -0.368 -0.939 -1.267 -1.435 -1.603 -1.732 -1.969 -1.751 -1.502 -1.227 -1.044 -0.804 -0.174 -0.134 -0.351 -0.625 -0.496 -0.02 -0.324 -0.719 -0.799 -0.894 -0.953 -0.832 -0.771 -0.775 -0.573 -0.241 0.637 0.488 0.303 0.811 1.029 0.607 0.584 0.497 0.564 0.129 -0.377 -0.502 -0.198 0.127 0.159 0.062 -0.197 -0.192 -0.123 -0.152 0.148 0.062 0.182 0.114 0.033 0.062 0.286 0.496 0.593 0.637 0.84 0.962 1.169 1.292 1.296 1.341 1.439 1.486 1.349 1.24 1.339 1.45 1.491 1.509 1.512 1.512
-1.428 -1.012 -0.606 -0.242 -0.741 -1.168 -1.431 -1.571 -1.687 -2.068 -2.252 -2 -1.555 -1.226 -0.839 -0.229 -0.443 -0.65 -0.463 -0.146 -0.25 -0.63 -0.884 -0.804 -0.807 -0.867 -0.755 -0.564 -0.751 -0.636 -0.198 0.591 0.762 0.714 1.108 1.039 0.788 0.769 0.795 0.488 0.166 -0.303 -0.178 0.047 0.301 0.396 0.189 0.044 -0.185 -0.057 -0.176 -0.066 0.036 0.17 0.378 0.443 0.415 0.635 0.879 0.883 1.006 1.114 1.166 1.191 0.999 0.93 1.068 1.339 1.428 1.493 1.491 1.508 1.532 1.537 1.534 1.534 1.524
-1.419 -1.234 -1.117 -0.476 -0.44 -0.923 -1.22 -1.507 -1.861 -2.103 -2.415 -2.003 -1.486 -1.104 -0.559 -0.386 -0.71 -0.721 -0.305 -0.105 -0.436 -0.585 -0.678 -0.55 -0.494 -0.438 -0.395 -0.341 -0.56 -0.291 0.165 0.666 0.983 0.975 1.163 -9 -9 0.902 0.59 0.191 -0.13 -0.273 -0.206 -0.142 0.17 0.475 0.151 0.095 0.078 0.214 0.047 0.006 0.281 0.373 0.544 0.817 0.855 0.971 1.078 1.107 1.09 0.973 1.029 0.982 0.779 0.69 0.96 1.284 1.428 1.508 1.532 1.538 1.541 1.545 1.539 1.536 1.53
-1.631 -1.609 -1.523 -0.868 -0.376 -0.68 -1.152 -1.559 -1.748 -1.926 -2.417 -1.812 -1.24 -0.879 -0.402 -0.594 -0.868 -0.772 -0.264 -0.337 -0.711 -0.64 -0.717 -0.557 -0.313 -0.132 -0.038 -0.259 -0.5 -0.283 0.123 0.498 0.962 1.12 1.187 -9 -9 -9 0.254 0.022 -0.076 0.07 0.09 0.14 0.274 0.559 0.433 0.443 0.372 0.412 0.331 0.288 0.425 0.598 0.623 0.874 1.039 0.98 1.03 1.01 0.963 0.79 0.684 0.624 0.64 0.749 1.183 1.437 1.517 1.542 1.547 1.545 1.545 1.547 1.543 1.526 1.449
-2.129 -2.116 -1.561 -0.958 -0.434 -0.617 -1.039 -1.387 -1.466 -1.737 -2.107 -1.71 -1.234 -1.072 -0.895 -0.98 -0.998 -0.695 -0.248 -0.682 -0.936 -0.85 -0.869 -0.724 -0.372 -0.009 0.116 0.066 -0.365 -0.308 0.022 0.392 1.021 1.197 1.206 -9 -9 -9 -9 -9 0.355 0.394 0.413 0.506 0.591 0.713 0.722 0.718 0.682 0.622 0.547 0.504 0.649 0.838 0.901 0.962 0.917 0.677 0.787 0.783 0.744 0.504 0.437 0.538 0.713 1.073 1.466 1.547 1.552 1.552 1.556 1.555 1.544 1.494 1.426 1.35 1.096
-2.274 -2.168 -1.488 -0.913 -0.457 -0.469 -0.854 -1.091 -1.423 -1.734 -2.091 -2.092 -1.471 -1.401 -1.192 -1.283 -1.279 -0.63 -0.589 -0.973 -1.016 -0.916 -0.623 -0.449 -0.202 0.218 0.331 0.307 0.128 0.137 0.424 0.756 1.179 1.23 1.235 -9 -9 -9 -9 -9 -9 0.7 0.673 0.728 0.746 0.778 0.786 0.827 0.86 0.804 0.771 0.768 0.898 0.928 0.877 0.837 0.673 0.419 0.444 0.385 0.377 0.161 0.506 0.833 1.015 1.352 1.546 1.552 1.552 1.556 1.562 1.54 1.425 1.222 1.069 1.066 0.758
-2.285 -2.05 -1.685 -1.187 -0.626 -0.293 -0.788 -1.153 -1.519 -1.865 -2.207 -2.318 -1.702 -1.665 -1.424 -1.353 -0.926 -0.568 -0.82 -0.995 -0.798 -0.685 -0.432 0.035 0.192 0.426 0.591 0.645 0.654 0.707 0.853 1.073 1.219 1.245 -9 -9 -9 -9 -9 -9 -9 -9 0.644 0.614 0.543 0.536 0.606 0.736 0.808 0.861 0.867 0.902 0.877 0.686 0.548 0.504 0.357 0.16 0.051 0 -0.03 0.02 0.476 0.967 1.262 1.507 1.555 1.566 1.566 1.567 1.539 1.343 1.089 0.86 0.641 0.705 0.623
-2.423 -2.133 -1.576 -1.192 -0.725 -0.312 -0.722 -1.267 -1.632 -1.879 -1.945 -2.019 -1.926 -1.666 -1.314 -1.087 -0.659 -0.732 -0.926 -0.781 -0.493 -0.373 -0.127 0.194 0.31 0.45 0.587 0.75 0.748 0.805 0.904 1.087 1.222 1.259 -9 -9 -9 -9 -9 -9 -9 -9 -9 0.283 0.209 0.253 0.547 0.513 0.511 0.563 0.651 0.765 0.672 0.567 0.375 0.416 0.52 0.491 0.193 0.224 0.126 0.104 0.572 1.006 1.413 1.556 1.567 1.568 1.568 1.546 1.31 1.064 0.759 0.534 0.308 0.469 0.492
-2.565 -2.077 -1.415 -0.914 -0.637 -0.431 -0.587 -1.134 -1.459 -1.483 -1.59 -1.765 -1.876 -1.607 -1.208 -0.93 -0.744 -0.843 -0.925 -0.788 -0.587 -0.355 -0.113 -0.018 -0.07 0.019 0.317 0.5 0.373 0.45 0.644 0.933 1.183 1.272 -9 -9 -9 -9 -9 -9 -9 -9 -9 -9 0.024 0.234 0.535 0.38 0.169 0.341 0.593 0.766 0.817 0.596 0.558 0.623 0.89 0.619 0.31 0.575 0.458 0.358 0.779 1.169 1.51 1.568 1.568 1.541 1.516 1.359 1.062 0.735 0.479 0.518 0.568 0.634 0.386
-2.463 -1.856 -1.258 -0.701 -0.615 -0.756 -0.5 -0.739 -1.048 -1.149 -1.326 -1.633 -1.954 -1.751 -1.321 -0.941 -0.65 -0.521 -0.584 -0.806 -0.901 -0.781 -0.541 -0.394 -0.405 -0.271 0.047 0.11 0.011 0.295 0.627 0.959 1.225 1.291 -9 -9 -9 -9 -9 -9 -9 -9 -9 -9 -9 0.34 0.295 0.346 0.099 0.39 0.655 0.64 0.934 0.897 0.974 0.998 1.053 0.707 0.513 0.811 0.466 0.481 0.863 1.324 1.561 1.568 1.562 1.398 1.244 1.08 0.802 0.55 0.468 0.782 0.888 0.731 0.428
-2.189 -1.602 -1.188 -0.849 -0.972 -1.211 -0.699 -0.544 -1.085 -1.392 -1.398 -1.547 -1.819 -1.467 -1.024 -0.664 -0.514 -0.397 -0.24 -0.413 -0.645 -0.832 -0.637 -0.367 -0.322 -0.031 0.069 -0.072 -0.09 0.308 0.752 1.153 1.299 -9 -9 -9 -9 -9 -9 -9 -9 -9 -9 -9 -9 0.042 0.107 0.326 0.139 0.474 0.511 0.511 0.852 0.767 0.981 0.911 1.142 0.899 0.545 0.919 0.747 0.641 0.999 1.389 1.567 1.568 1.492 1.197 0.987 0.928 0.775 0.64 0.627 0.933 0.934 0.691 0.333
-2.186 -1.72 -1.471 -1.208 -1.378 -1.548 -0.854 -0.584 -0.98 -1.458 -1.636 -1.667 -1.743 -1.236 -0.855 -0.727 -0.823 -0.667 -0.24 -0.009 -0.276 -0.62 -0.699 -0.373 -0.083 0.095 0.355 0.32 0.218 0.545 1.011 1.285 -9 -9 -9 -9 -9 -9 -9 -9 -9 -9 -9 -9 -9 -9 -0.006 0.309 0.161 0.457 0.219 0.565 0.717 0.576 0.819 0.759 1.11 0.954 0.752 0.907 1.12 0.816 0.962 1.357 1.563 1.572 1.466 1.087 0.883 0.774 0.737 0.721 0.903 1.093 0.916 0.616 0.345
-2.404 -1.96 -1.702 -1.509 -1.588 -1.548 -0.864 -0.667 -1.008 -1.075 -1.481 -1.761 -1.663 -1.253 -1.067 -1.073 -0.925 -0.414 -0.236 0.213 -0.105 -0.5 -0.555 -0.231 -0.254 -0.096 0.437 0.705 0.673 0.828 1.213 1.314 -9 -9 -9 -9 -9 -9 -9 -9 -9 -9 -9 -9 -9 -9 -9 0.043 0.177 0.178 0.201 0.392 0.394 0.633 0.966 1.033 1.169 1.195 1.189 1.164 1.246 1.179 1.181 1.406 1.571 1.584 1.568 1.226 0.968 0.823 0.85 1.016 1.13 1.013 0.897 0.74 0.466
-2.582 -2.15 -1.875 -1.793 -1.746 -1.562 -0.93 -0.703 -1.221 -1.129 -1.227 -1.647 -1.649 -1.12 -1.02 -1.053 -0.663 0.043 0.22 0.465 0.184 -0.246 -0.093 0.158 0.082 0.182 0.523 0.893 0.992 1.067 1.256 -9 -9 -9 -9 -9 -9 -9 -9 -9 -9 -9 -9 -9 -9 -9 -9 -0.171 -0.094 0.121 0.149 0.139 0.39 0.7 0.67 0.78 0.953 0.94 1.123 1.067 1.124 1.237 1.382 1.469 1.516 1.584 1.578 1.305 1.082 1.11 1.15 1.189 1.162 0.888 0.74 0.69 0.493
-2.54 -2.273 -2.102 -1.991 -1.741 -1.464 -0.96 -0.795 -1.362 -1.478 -1.14 -1.468 -1.692 -1.232 -0.76 -0.552 -0.26 0.293 0.349 0.471 0.603 0.324 0.354 0.362 0.594 0.761 0.886 0.9 0.64 0.787 -9 -9 -9 -9 -9 -9 -9 -9 -9 -9 -9 -9 -9 -9 -9 -9 -9 -9 0.143 0.421 0.406 0.121 0.296 0.444 0.367 0.64 0.644 0.853 0.898 0.758 0.808 0.966 1.095 1.203 1.394 1.584 1.585 1.431 1.287 1.295 1.258 1.052 0.982 0.8 0.605 0.5 0.611
-2.276 -2.378 -2.324 -1.952 -1.704 -1.509 -1.08 -0.845 -1.341 -1.622 -1.411 -1.344 -1.623 -1.389 -0.861 -0.321 -0.04 -0.091 -0.166 -0.132 0.29 0.692 0.779 0.803 0.778 0.649 0.577 0.468 0.41 -9 -9 -9 -9 -9 -9 -9 -9 -9 -9 -9 -9 -9 -9 -9 -9 -9 -9 -9 -9 0.621 0.432 0.03 0.162 0.293 0.348 0.535 0.582 0.753 0.741 0.699 0.748 0.831 0.894 0.995 1.298 1.58 1.589 1.54 1.371 1.252 1.214 1.062 0.935 0.747 0.503 0.598 0.811
-2.169 -2.321 -2.109 -1.982 -1.854 -1.537 -1.024 -0.829 -1.3 -1.668 -1.77 -1.479 -1.318 -1.186 -0.923 -0.182 -0.242 -0.565 -0.633 -0.469 -0.085 0.211 0.423 0.392 0.242 0.105 0.214 0.185 -9 -9 -9 -9 -9 -9 -9 -9 -9 -9 -9 -9 -9 -9 -9 -9 -9 -9 -9 -9 -9 -9 -9 0.053 0.35 0.614 0.598 0.664 0.675 0.606 0.546 0.748 0.955 1.053 1.122 1.134 1.339 1.577 1.597 1.592 1.46 1.331 1.264 1.214 1.077 0.871 0.617 0.831 1.01
-2.283 -2.495 -2.167 -2.168 -1.961 -1.418 -1.16 -0.83 -1.089 -1.265 -1.498 -1.605 -1.183 -0.797 -0.478 -0.221 -0.434 -0.714 -0.926 -0.771 -0.521 -0.37 -0.057 -0.102 0.029 0.268 0.638 -9 -9 -9 -9 -9 -9 -9 -9 -9 -9 -9 -9 -9 -9 -9 -9 -9 -9 -9 -9 -9 -9 -9 -9 -9 0.426 0.701 0.841 0.896 0.744 0.668 0.615 0.707 0.898 1.152 1.385 1.46 1.53 1.593 1.599 1.599 1.545 1.429 1.384 1.335 1.147 0.906 0.876 1.031 1.145
