data/climatemaps/RS_maps/climate_breeding_tmp_2011.asc
NCOLS 369 
NROWS 228 
XLLCORNER 479000 
YLLCORNER 73000 
CELLSIZE 1000 
NODATA_value -9 
[rows 34 to 67 of 228, columns 154 to 230 of 369]
1.059 1.111 1.175 1.203 1.203 1.221 1.215 1.216 1.213 1.199 1.204 1.199 1.195 1.111 0.949 1.053 1.058 0.945 0.994 1.073 0.966 0.997 0.893 0.9 0.901 1.012 1.166 1.144 1.109 1.068 1.083 0.978 0.849 0.861 0.847 0.863 0.852 0.957 0.881 0.958 0.901 0.925 0.882 0.953 1.045 1.051 1.004 1.025 1.055 1.023 0.993 1.074 0.969 0.763 0.695 0.805 0.819 0.786 0.801 0.922 0.995 1.018 1.009 0.987 0.951 0.912 0.897 0.959 0.994 0.991 0.973 0.978 0.988 0.981 0.936 0.92 0.982
0.991 0.95 1.01 1.099 1.065 1.119 1.153 1.173 1.192 1.137 1.129 1.124 1.156 1.091 1.007 0.977 1.076 0.973 0.998 1.05 0.9 0.894 0.862 0.831 0.927 1.057 1.159 1.138 1.122 1.035 1.056 1.016 0.946 0.949 0.834 0.805 0.81 0.887 0.909 0.855 0.957 0.868 0.782 0.785 1.024 1.03 0.972 0.993 1.037 1.004 0.958 0.955 1.072 0.969 0.826 0.745 0.771 0.845 0.886 0.98 1.005 1.016 1.009 0.982 0.979 0.945 0.925 0.941 0.943 0.935 0.929 0.882 0.89 0.913 0.879 0.876 0.896
1.001 0.985 0.886 0.95 1.027 0.99 1.003 1.051 1.135 1.148 1.056 1.018 1.106 1.055 0.928 0.945 1.047 0.87 0.843 0.976 0.873 0.825 0.755 0.786 0.92 1.106 1.161 1.141 1.09 1.01 0.997 0.993 1.035 1.013 0.916 0.817 0.837 0.848 0.856 0.812 0.804 0.974 0.909 0.91 1.022 1.037 0.963 1.025 1.041 1.013 0.989 0.896 1.007 1.054 0.993 0.952 0.903 0.925 1 1.026 0.955 1.002 0.974 0.95 0.939 0.955 0.964 0.959 0.939 0.911 0.873 0.822 0.805 0.821 0.861 0.849 0.87
0.92 1.022 0.973 0.881 0.925 0.961 0.958 0.98 1.037 1.134 1.122 1.048 1.013 1.033 0.816 0.813 0.883 0.862 0.825 0.91 0.894 0.851 0.919 0.942 0.905 1.105 1.163 1.108 0.944 0.926 0.876 0.864 0.944 1.008 1.014 0.933 0.944 0.87 0.782 0.779 0.754 0.852 0.93 0.903 1.003 1.043 1.002 1.047 1.047 1.04 1.009 0.908 0.901 1.026 1.007 0.943 1.007 1.023 1.029 1.014 0.987 1.007 0.94 0.962 0.906 0.897 0.962 0.968 0.936 0.895 0.825 0.815 0.785 0.815 0.8 0.78 0.873
0.825 0.847 0.923 0.958 0.884 0.901 0.963 0.912 0.972 1.086 1.153 1.062 0.855 0.896 0.833 0.822 0.904 0.859 0.781 0.894 0.953 1.008 1.011 1.077 1.107 1.125 1.142 1.051 0.92 0.881 0.834 0.783 0.825 0.951 1.014 0.985 0.982 0.945 0.816 0.793 0.753 0.813 0.894 0.929 0.976 1.046 1.007 1.056 1.035 1.043 1 0.888 0.833 1 0.993 0.842 0.873 0.921 0.922 0.943 1.009 1 0.957 0.988 0.947 0.905 0.968 0.963 0.937 0.891 0.858 0.87 0.866 0.864 0.798 0.838 0.901
0.81 0.755 0.855 0.966 0.935 0.874 0.825 0.862 1.004 1.096 1.139 1.133 1.082 1.036 0.958 0.954 0.983 0.881 0.814 0.797 0.891 0.877 0.968 1.082 1.1 1.036 1.098 1.147 1.072 0.959 0.872 0.801 0.781 0.938 0.995 0.994 0.914 0.944 0.967 0.953 0.913 0.888 0.941 0.97 1.002 1.056 1.042 1.047 1.02 1.024 1 0.881 0.815 0.943 1.003 0.86 0.815 0.803 0.785 0.884 0.929 0.957 0.97 0.985 0.974 0.965 0.974 0.897 0.875 0.887 0.876 0.825 0.78 0.87 0.892 0.902 0.905
0.791 0.783 0.863 0.972 0.946 0.709 0.656 0.888 1.052 1.108 1.041 0.964 0.997 0.986 1.034 1.043 0.988 0.955 0.895 0.81 0.869 0.922 0.961 1.088 1.036 1.023 1.172 1.161 1.135 1.115 1.053 0.97 0.849 0.911 0.95 0.928 0.826 0.812 0.853 0.884 0.91 0.923 0.97 1.014 1.042 1.056 1.032 1.039 1.025 1.022 1.003 0.89 0.825 0.91 0.965 0.931 0.875 0.795 0.739 0.818 0.827 0.886 0.984 0.929 0.915 0.969 0.969 0.883 0.804 0.839 0.828 0.783 0.677 0.762 0.856 0.811 0.824
0.895 0.849 0.864 0.809 0.748 0.712 0.892 0.956 1.048 1.011 0.902 0.908 1.015 0.987 1.015 1.017 1.002 0.953 0.872 0.832 0.894 0.938 0.999 1.106 1.116 1.153 1.178 1.107 1.016 1.066 1.075 1.068 1.02 0.934 0.871 0.794 0.688 0.666 0.684 0.697 0.719 0.785 0.897 1.001 1.045 1.048 1.027 1.032 1.031 1.029 1.021 0.93 0.86 0.886 0.851 0.89 0.851 0.822 0.76 0.775 0.745 0.876 0.97 0.881 0.827 0.868 0.928 0.91 0.821 0.737 0.766 0.745 0.692 0.744 0.742 0.805 0.808
0.923 0.807 0.827 0.673 0.69 0.737 0.93 0.981 0.979 0.919 0.914 0.914 0.977 1.023 0.965 0.986 0.927 0.884 0.853 0.842 0.94 1.018 1.103 1.152 1.138 1.129 1.153 1.07 0.945 0.909 0.942 1.001 1.1 1.018 0.88 0.826 0.779 0.75 0.798 0.768 0.714 0.715 0.823 0.965 1.012 1.025 1.031 1.014 1.043 1.033 1.031 0.991 0.908 0.888 0.833 0.832 0.794 0.779 0.776 0.768 0.758 0.834 0.951 0.904 0.834 0.847 0.885 0.879 0.829 0.788 0.681 0.65 0.643 0.644 0.651 0.703 0.761
0.944 0.924 0.799 0.796 0.763 0.758 0.922 0.868 0.939 0.92 0.892 0.87 0.961 0.982 0.916 0.927 0.842 0.823 0.785 0.849 1.01 1.138 1.125 1.083 1.081 1.094 1.127 1.08 1.002 0.901 0.927 0.963 1.078 1.071 1.022 0.973 0.934 0.931 0.978 0.932 0.884 0.84 0.877 0.915 0.97 0.987 1.011 0.999 1.037 1.033 1.039 1.023 0.984 0.939 0.889 0.846 0.836 0.802 0.797 0.78 0.779 0.82 0.886 0.813 0.903 0.877 0.892 0.849 0.849 0.769 0.705 0.627 0.592 0.528 0.505 0.6 0.686
0.899 0.834 0.867 0.827 0.756 0.783 0.893 0.826 0.914 0.951 0.855 0.722 0.855 0.909 0.815 0.84 0.732 0.722 0.727 0.92 1.067 1.155 1.072 1.016 1.066 1.08 1.09 1.12 1.082 1.012 1.004 0.948 1.04 1.088 1.07 1.018 0.938 1.01 1.027 1.019 1.01 1 0.997 0.971 0.967 0.933 0.939 0.969 0.996 1.022 1.03 1.025 1.006 0.993 0.966 0.918 0.889 0.883 0.839 0.809 0.8 0.829 0.884 0.76 0.796 0.717 0.745 0.855 0.876 0.803 0.746 0.696 0.649 0.601 0.584 0.514 0.717
0.882 0.795 0.78 0.816 0.79 0.779 0.865 0.709 0.772 0.923 0.812 0.632 0.734 0.864 0.718 0.703 0.734 0.779 0.858 1.034 1.131 1.158 1.058 1.055 1.089 1.095 1.08 1.1 1.12 1.074 1.039 0.992 0.91 0.974 1.078 1.052 1.001 1.035 1.019 1.012 1.026 1.038 1.036 1.023 1.009 0.989 0.935 0.915 0.934 1.006 1.028 1.025 0.994 0.961 0.956 0.981 0.947 0.914 0.881 0.853 0.841 0.873 0.88 0.749 0.698 0.659 0.736 0.793 0.821 0.851 0.828 0.795 0.771 0.739 0.653 0.58 0.712
0.851 0.838 0.814 0.788 0.801 0.704 0.805 0.626 0.61 0.819 0.729 0.681 0.687 0.793 0.701 0.738 0.882 0.929 0.952 1.037 1.123 1.155 1.009 1.013 1.082 1.093 1.087 1.094 1.11 1.074 1.06 1.02 0.854 0.81 0.997 1.072 1.057 0.999 0.929 0.865 0.868 0.94 0.99 1.019 1.013 1.008 1.004 0.978 0.949 0.97 1.01 1.023 0.996 0.952 0.925 0.947 0.977 0.954 0.888 0.874 0.86 0.884 0.869 0.773 0.685 0.672 0.767 0.73 0.721 0.793 0.766 0.77 0.775 0.77 0.706 0.677 0.667
0.808 0.825 0.82 0.744 0.735 0.579 0.621 0.56 0.583 0.659 0.612 0.741 0.739 0.79 0.673 0.748 0.885 0.824 0.821 0.937 1.059 1.152 0.99 0.891 1.008 1.071 1.068 1.08 1.107 1.089 1.052 1.026 0.926 0.751 0.816 0.993 1.074 1.078 1.063 0.974 0.913 0.861 0.86 0.932 0.98 0.999 1.003 1.007 1.007 0.993 0.995 1.013 1.01 0.963 0.942 0.962 0.987 0.964 0.922 0.901 0.872 0.884 0.862 0.832 0.755 0.731 0.729 0.714 0.642 0.731 0.717 0.647 0.735 0.762 0.659 0.6 0.568
0.802 0.805 0.779 0.614 0.57 0.507 0.442 0.558 0.693 0.677 0.648 0.814 0.923 0.916 0.812 0.84 0.829 0.831 0.891 1.002 1.073 1.151 1.057 0.963 0.941 1.001 1.063 1.067 1.091 1.141 1.084 1.038 1.001 0.864 0.716 0.805 1.006 1.079 1.093 1.09 1.037 0.971 0.985 0.84 0.845 0.894 0.921 0.97 0.983 0.991 1 1.021 1.018 0.979 0.971 0.983 0.999 0.964 0.913 0.897 0.894 0.884 0.864 0.859 0.814 0.78 0.715 0.669 0.628 0.721 0.701 0.604 0.688 0.774 0.681 0.614 0.598
0.676 0.768 0.769 0.632 0.471 0.598 0.564 0.67 0.848 0.875 0.897 0.923 1.007 1.045 1.039 1.062 1.049 1.063 1.083 1.127 1.135 1.136 1.113 1.088 1.04 1.025 1.049 1.047 1.082 1.14 1.132 1.076 1.047 0.947 0.767 0.717 0.84 1.036 1.09 1.092 1.09 1.069 1.06 1.041 0.995 0.952 0.892 0.901 0.925 0.981 0.992 1.005 1.013 1.014 0.999 1 1.002 0.996 0.944 0.902 0.891 0.877 0.855 0.865 0.851 0.816 0.757 0.631 0.679 0.671 0.682 0.616 0.645 0.724 0.712 0.615 0.635
0.448 0.705 0.608 0.549 0.537 0.661 0.732 0.695 0.834 0.99 0.99 0.958 1.048 1.114 1.119 1.122 1.112 1.11 1.119 1.129 1.104 1.09 1.099 1.055 1.058 1.052 0.945 0.896 0.925 1.007 1.098 1.119 1.083 1.04 0.847 0.673 0.685 0.898 1.038 1.073 1.085 1.068 1.083 1.07 1.06 1.052 0.999 0.932 0.886 0.948 0.957 0.906 0.944 0.989 1.006 1.003 1.001 1.001 0.979 0.94 0.923 0.889 0.848 0.851 0.876 0.85 0.797 0.704 0.711 0.609 0.612 0.579 0.596 0.714 0.651 0.571 0.554
0.537 0.616 0.494 0.622 0.778 0.772 0.878 0.924 0.951 1.055 1.071 1.067 1.105 1.118 1.115 1.101 1.089 1.083 1.089 1.089 1.073 1.077 1.083 1.04 1.036 1.073 1.012 0.913 0.948 0.896 1.002 1.122 1.105 1.063 0.931 0.725 0.622 0.789 0.958 1.023 1.042 1.057 1.02 1.001 1.033 1.065 1.063 1.039 1.015 0.99 0.935 0.771 0.797 0.892 0.953 0.993 0.997 0.997 0.985 0.976 0.957 0.934 0.881 0.846 0.85 0.864 0.839 0.784 0.712 0.604 0.549 0.525 0.612 0.714 0.686 0.581 0.53
0.591 0.491 0.5 0.712 0.919 0.973 0.996 0.964 0.936 1.075 1.115 1.116 1.082 1.088 1.095 1.099 1.082 1.076 1.085 1.068 1.074 1.064 1.071 1.006 0.996 1.045 1.064 1.021 0.97 0.895 0.967 1.092 1.117 1.097 1.003 0.806 0.625 0.731 0.904 0.96 0.966 1.022 0.906 0.866 0.926 1.027 1.048 1.052 1.052 1.037 0.966 0.805 0.753 0.774 0.827 0.905 0.978 1.001 0.993 0.986 0.977 0.953 0.913 0.879 0.829 0.855 0.856 0.83 0.758 0.655 0.599 0.608 0.678 0.654 0.691 0.514 0.448
0.627 0.582 0.773 0.962 0.989 1.037 1.018 0.955 0.972 1.097 1.052 1.016 1.004 1.051 1.058 1.087 1.049 1.031 1.043 0.985 1.061 1.03 1.048 1.011 0.937 1.004 1.054 1.054 1 0.895 0.96 1.055 1.114 1.135 1.069 0.914 0.739 0.77 0.903 0.914 0.931 0.991 0.907 0.807 0.814 0.937 1.02 1.038 1.041 1.039 1.016 0.925 0.802 0.705 0.704 0.79 0.872 0.966 0.998 0.997 0.984 0.969 0.948 0.907 0.849 0.816 0.835 0.843 0.812 0.745 0.713 0.684 0.643 0.573 0.671 0.664 0.581
0.88 0.89 0.951 1.022 1.041 1.072 1.048 1.062 1.099 1.09 0.979 0.995 1.043 1.042 1.057 1.067 1.042 0.974 0.968 0.956 1.035 1.019 0.996 0.949 0.93 0.932 1.017 1.056 1.055 0.959 0.957 1.013 1.079 1.117 1.119 1.018 0.848 0.858 0.876 0.814 0.891 0.947 0.917 0.845 0.766 0.759 0.889 0.993 1.025 1.032 1.043 0.992 0.884 0.759 0.718 0.712 0.773 0.855 0.965 1.003 1 0.975 0.963 0.941 0.904 0.833 0.828 0.856 0.846 0.809 0.72 0.683 0.589 0.448 0.586 0.615 0.591
0.9 1.011 1.079 1.07 1.089 1.095 1.103 1.11 1.102 1.042 0.957 1.01 1.057 1.062 1.002 0.979 1.037 0.989 0.928 0.899 1.002 1.007 0.98 0.889 0.862 0.804 0.959 1.048 1.064 1.049 0.987 0.977 1.031 1.063 1.116 1.078 0.923 0.866 0.8 0.727 0.806 0.902 0.933 0.874 0.804 0.665 0.689 0.915 1.012 1.028 1.055 1.018 0.947 0.838 0.763 0.694 0.704 0.759 0.88 0.993 1.003 0.978 0.963 0.95 0.913 0.871 0.819 0.841 0.859 0.84 0.695 0.604 0.524 0.461 0.587 0.481 0.426
0.965 1.05 1.064 1.02 1.065 1.08 1.093 1.083 1.055 1.002 0.952 1.035 1.052 1.044 0.902 0.886 0.948 1.024 0.963 0.897 0.945 1.009 1.005 0.952 0.854 0.708 0.833 0.982 1.043 1.049 1.029 0.989 0.995 1.001 1.074 1.098 1.006 0.872 0.799 0.724 0.798 0.865 0.906 0.863 0.842 0.783 0.624 0.802 0.995 1.023 1.058 1.046 0.975 0.853 0.767 0.729 0.675 0.685 0.774 0.947 1.001 0.996 0.974 0.953 0.925 0.889 0.83 0.823 0.859 0.857 0.79 0.641 0.505 0.509 0.536 0.464 0.375
1.047 1.044 1.049 0.967 0.926 0.934 0.976 0.973 0.992 0.987 0.969 1.042 1.044 1.027 0.879 0.851 0.873 0.985 0.955 0.866 0.872 0.978 1.013 0.991 0.875 0.702 0.716 0.907 0.994 1 1.042 1.03 0.997 0.978 1.02 1.082 1.06 0.939 0.833 0.779 0.797 0.809 0.85 0.798 0.871 0.801 0.701 0.676 0.96 0.994 1.054 1.058 1.011 0.86 0.732 0.704 0.686 0.601 0.683 0.871 0.971 1.001 0.99 0.974 0.935 0.89 0.846 0.842 0.859 0.857 0.818 0.733 0.636 0.605 0.558 0.427 0.403
0.944 0.999 1.01 0.879 0.817 0.79 0.837 0.892 0.964 0.972 0.966 1.027 1.034 1.014 0.902 0.819 0.84 0.958 0.93 0.856 0.83 0.91 0.98 1.002 0.942 0.813 0.734 0.842 0.947 0.945 0.968 1.034 1.029 0.999 0.999 1.056 1.091 1.045 0.914 0.825 0.786 0.775 0.785 0.74 0.879 0.781 0.729 0.72 0.938 0.959 0.996 1.058 1.046 0.906 0.812 0.77 0.714 0.626 0.659 0.769 0.897 0.991 0.999 0.988 0.975 0.909 0.866 0.847 0.856 0.855 0.836 0.795 0.685 0.58 0.513 0.463 0.302
0.775 1.035 1.028 0.962 0.931 0.93 0.924 0.937 0.96 0.942 0.961 1.011 1.016 1.009 0.911 0.819 0.789 0.928 0.886 0.872 0.839 0.839 0.892 0.993 0.996 0.905 0.809 0.853 0.869 0.9 0.866 0.956 1.031 1.015 0.976 1.004 1.077 1.095 0.999 0.886 0.816 0.785 0.714 0.788 0.876 0.763 0.751 0.678 0.947 0.964 0.951 1.052 1.058 0.992 0.875 0.759 0.725 0.693 0.628 0.677 0.822 0.94 0.99 0.99 0.98 0.94 0.898 0.851 0.841 0.857 0.85 0.821 0.726 0.601 0.511 0.427 0.225
0.915 1.074 1.065 1.046 1.022 0.995 0.918 0.889 0.855 0.857 0.924 0.966 0.967 0.983 0.886 0.802 0.821 0.948 0.896 0.811 0.725 0.75 0.817 0.953 1.01 0.977 0.882 0.889 0.846 0.803 0.842 0.867 1.002 1.027 1.004 0.989 1.052 1.103 1.059 0.941 0.892 0.807 0.812 0.895 0.821 0.743 0.766 0.577 0.859 0.965 0.923 1.032 1.058 1.034 0.909 0.767 0.675 0.64 0.541 0.558 0.754 0.873 0.942 0.98 0.986 0.958 0.931 0.88 0.848 0.847 0.85 0.837 0.791 0.692 0.599 0.448 0.234
1.064 1.075 1.067 1.063 1.043 0.984 0.883 0.837 0.8 0.855 0.909 0.938 0.96 0.961 0.883 0.797 0.791 0.917 0.949 0.836 0.719 0.645 0.718 0.805 0.982 1.007 0.927 0.881 0.819 0.716 0.753 0.795 0.956 1.013 1.028 1.023 1.041 1.103 1.089 1.011 0.953 0.868 0.911 0.844 0.729 0.706 0.715 0.525 0.801 0.91 0.886 0.983 1.051 1.048 0.988 0.826 0.723 0.642 0.523 0.483 0.658 0.832 0.896 0.947 0.965 0.976 0.971 0.918 0.882 0.85 0.84 0.836 0.824 0.771 0.659 0.466 0.199
1.012 1.042 1.044 1.053 1.046 1.003 0.903 0.846 0.76 0.817 0.903 0.874 0.979 0.89 0.891 0.876 0.791 0.844 0.945 0.921 0.819 0.721 0.623 0.669 0.932 1.011 0.952 0.873 0.774 0.659 0.68 0.758 0.903 0.994 1.018 1.003 1.043 1.102 1.092 1.044 0.979 0.944 0.948 0.877 0.739 0.641 0.683 0.469 0.684 0.879 0.9 0.921 1.025 1.048 1.04 0.909 0.811 0.735 0.634 0.527 0.571 0.756 0.868 0.928 0.929 0.935 0.948 0.931 0.897 0.867 0.845 0.849 0.838 0.818 0.728 0.5 0.311
0.982 0.996 1.021 1.004 1.049 1.009 0.896 0.772 0.767 0.854 0.906 0.825 0.949 0.95 0.807 0.841 0.857 0.816 0.838 0.919 0.91 0.821 0.706 0.643 0.911 1.013 0.971 0.855 0.771 0.665 0.596 0.704 0.814 0.929 0.998 0.99 1.03 1.099 1.097 1.066 1.002 0.941 0.951 0.921 0.773 0.682 0.643 0.483 0.556 0.789 0.898 0.871 0.956 1.041 1.048 1.015 0.919 0.851 0.787 0.697 0.645 0.681 0.81 0.899 0.907 0.89 0.909 0.923 0.899 0.878 0.855 0.876 0.875 0.862 0.799 0.641 0.541
0.961 1.015 1.004 0.993 1.039 1.021 0.926 0.833 0.754 0.892 0.837 0.751 0.892 0.938 0.849 0.75 0.807 0.804 0.697 0.825 0.916 0.875 0.689 0.607 0.876 1.013 1.001 0.858 0.759 0.665 0.56 0.618 0.75 0.849 0.959 0.994 1.018 1.097 1.1 1.085 1.023 0.946 0.945 0.921 0.826 0.66 0.62 0.646 0.508 0.613 0.819 0.855 0.863 1.016 1.048 1.048 1.014 0.962 0.92 0.873 0.821 0.757 0.746 0.832 0.875 0.866 0.885 0.901 0.884 0.886 0.874 0.896 0.905 0.899 0.857 0.8 0.727
0.961 1.027 0.984 0.954 0.995 1.028 0.979 0.825 0.733 0.842 0.756 0.705 0.877 0.968 0.859 0.711 0.701 0.77 0.677 0.76 0.871 0.917 0.86 0.751 0.862 1.006 1.008 0.908 0.742 0.667 0.57 0.542 0.674 0.785 0.889 0.969 0.986 1.086 1.094 1.092 1.048 0.99 0.958 0.912 0.848 0.713 0.644 0.676 0.585 0.522 0.674 0.831 0.778 0.932 1.043 1.05 1.052 1.038 1.025 1.004 0.968 0.904 0.809 0.783 0.814 0.838 0.85 0.903 0.882 0.877 0.885 0.898 0.917 0.935 0.895 0.83 0.731
0.973 1.02 0.962 0.906 0.94 1.015 1.019 0.911 0.77 0.775 0.796 0.714 0.876 0.973 0.872 0.733 0.675 0.713 0.68 0.692 0.795 0.857 0.906 0.889 0.839 0.947 1.011 0.956 0.785 0.692 0.587 0.481 0.58 0.716 0.826 0.929 0.971 1.058 1.093 1.093 1.056 1.01 0.988 0.932 0.847 0.751 0.748 0.737 0.676 0.605 0.529 0.751 0.78 0.789 0.951 1.009 1.047 1.049 1.05 1.051 1.041 1.017 0.942 0.848 0.784 0.819 0.857 0.903 0.914 0.914 0.898 0.908 0.929 0.958 0.937 0.882 0.795
0.926 0.985 0.96 0.927 0.92 0.967 1.016 0.969 0.892 0.777 0.74 0.719 0.858 0.968 0.904 0.756 0.644 0.583 0.675 0.678 0.655 0.695 0.852 0.877 0.784 0.833 0.996 0.982 0.848 0.722 0.601 0.47 0.489 0.631 0.774 0.868 0.953 1.019 1.086 1.093 1.07 1.008 0.995 0.971 0.913 0.796 0.795 0.782 0.75 0.721 0.519 0.576 0.797 0.748 0.779 0.908 0.981 0.999 1.025 1.052 1.053 1.051 1.039 0.987 0.927 0.889 0.901 0.939 0.976 0.963 0.922 0.921 0.958 0.966 0.966 0.942 0.925
