data/climatemaps/RS_maps/climate_breeding_tmp_2018.asc
NCOLS 369 
NROWS 228 
XLLCORNER 479000 
YLLCORNER 73000 
CELLSIZE 1000 
NODATA_value -9 
[rows 68 to 101 of 228, columns 77 to 153 of 369]
0.868 0.83 0.73 0.668 0.673 0.779 1.004 1.003 0.642 0.623 0.612 0.613 0.584 0.561 0.565 0.563 0.566 0.548 0.527 0.502 0.437 0.428 0.432 0.519 0.737 0.792 0.866 0.883 0.827 0.84 0.841 0.88 0.919 0.92 0.917 0.883 0.894 0.876 0.803 0.773 0.751 0.674 0.487 0.308 0.305 0.351 0.377 0.548 0.601 0.621 0.764 0.972 1.133 1.198 1.254 1.296 1.325 1.339 1.337 1.37 1.369 1.356 1.313 1.31 1.305 1.315 1.358 1.378 1.401 1.374 1.327 1.354 1.365 1.348 1.259 1.251 1.257
0.83 0.737 0.661 0.687 0.827 0.93 1.031 0.75 0.542 0.61 0.594 0.576 0.546 0.548 0.572 0.575 0.577 0.551 0.52 0.493 0.482 0.506 0.594 0.742 0.846 0.858 0.88 0.915 0.923 0.908 0.924 0.947 0.956 0.933 0.934 0.931 0.908 0.785 0.703 0.595 0.43 0.29 0.347 0.316 0.482 0.637 0.824 0.943 1.021 1.072 1.146 1.19 1.191 1.221 1.27 1.331 1.368 1.362 1.365 1.391 1.388 1.367 1.371 1.349 1.324 1.354 1.392 1.375 1.357 1.349 1.361 1.345 1.332 1.351 1.334 1.287 1.271
0.792 0.678 0.66 0.812 0.955 0.983 0.806 0.631 0.601 0.619 0.588 0.548 0.554 0.572 0.579 0.589 0.572 0.581 0.605 0.648 0.7 0.657 0.651 0.731 0.814 0.878 0.9 0.859 0.803 0.749 0.732 0.718 0.704 0.652 0.61 0.607 0.513 0.393 0.311 0.218 0.214 0.384 0.558 0.733 0.942 1.046 1.135 1.182 1.207 1.237 1.253 1.227 1.292 1.324 1.345 1.374 1.387 1.393 1.391 1.392 1.348 1.322 1.339 1.347 1.376 1.382 1.358 1.328 1.328 1.343 1.349 1.311 1.293 1.299 1.342 1.296 1.226
0.758 0.715 0.823 0.987 0.908 0.731 0.619 0.617 0.586 0.524 0.523 0.555 0.595 0.579 0.544 0.553 0.582 0.644 0.644 0.621 0.574 0.537 0.56 0.626 0.757 0.857 0.771 0.663 0.546 0.461 0.412 0.367 0.38 0.356 0.355 0.427 0.411 0.377 0.33 0.331 0.482 0.764 0.91 1.064 1.144 1.195 1.237 1.274 1.295 1.311 1.31 1.311 1.354 1.362 1.378 1.375 1.38 1.387 1.369 1.357 1.328 1.308 1.322 1.349 1.358 1.357 1.318 1.325 1.333 1.336 1.337 1.309 1.277 1.27 1.32 1.28 1.212
0.708 0.882 0.976 0.868 0.66 0.599 0.59 0.545 0.46 0.474 0.536 0.571 0.577 0.535 0.473 0.458 0.482 0.494 0.49 0.515 0.581 0.624 0.65 0.675 0.743 0.743 0.508 0.445 0.391 0.403 0.455 0.529 0.563 0.524 0.489 0.497 0.5 0.536 0.591 0.728 0.929 1.087 1.177 1.246 1.278 1.301 1.337 1.361 1.365 1.364 1.363 1.358 1.37 1.374 1.371 1.369 1.373 1.369 1.343 1.319 1.317 1.322 1.336 1.356 1.341 1.332 1.319 1.323 1.311 1.316 1.323 1.283 1.271 1.258 1.29 1.285 1.198
0.745 1.034 0.851 0.679 0.584 0.554 0.519 0.457 0.446 0.519 0.55 0.533 0.485 0.412 0.355 0.342 0.428 0.516 0.646 0.762 0.856 0.923 0.936 0.917 0.883 0.685 0.576 0.656 0.683 0.812 0.841 0.82 0.711 0.644 0.608 0.622 0.659 0.785 0.966 1.141 1.242 1.269 1.303 1.339 1.349 1.366 1.379 1.378 1.379 1.373 1.363 1.348 1.351 1.346 1.357 1.368 1.373 1.365 1.347 1.324 1.327 1.335 1.336 1.353 1.335 1.318 1.287 1.29 1.299 1.297 1.307 1.258 1.244 1.212 1.225 1.28 1.189
0.893 0.954 0.708 0.614 0.562 0.501 0.491 0.504 0.524 0.533 0.483 0.398 0.34 0.334 0.384 0.556 0.741 0.855 0.945 0.981 1.004 1.007 0.976 0.959 0.946 0.893 0.924 0.97 0.954 1.017 0.86 0.761 0.744 0.796 0.79 0.817 0.92 1.047 1.188 1.299 1.334 1.354 1.362 1.369 1.379 1.38 1.374 1.359 1.354 1.33 1.292 1.286 1.323 1.34 1.356 1.363 1.37 1.369 1.348 1.326 1.321 1.309 1.333 1.351 1.324 1.294 1.278 1.303 1.304 1.275 1.294 1.216 1.171 1.166 1.202 1.235 1.215
0.961 0.784 0.639 0.571 0.55 0.554 0.576 0.57 0.543 0.488 0.385 0.309 0.32 0.465 0.675 0.894 0.978 0.976 0.925 0.794 0.826 0.805 0.637 0.595 0.613 0.812 0.839 0.694 0.853 1.034 0.733 0.785 0.85 0.803 0.873 0.984 1.114 1.237 1.316 1.353 1.363 1.374 1.376 1.378 1.379 1.362 1.335 1.306 1.29 1.243 1.234 1.266 1.329 1.359 1.363 1.352 1.36 1.346 1.328 1.295 1.305 1.321 1.342 1.348 1.314 1.304 1.31 1.303 1.259 1.25 1.279 1.193 1.109 1.13 1.187 1.215 1.189
0.909 0.738 0.614 0.597 0.567 0.565 0.584 0.549 0.48 0.367 0.302 0.372 0.562 0.777 0.926 0.958 0.89 0.694 0.545 0.484 0.512 0.431 0.338 0.327 0.343 0.524 0.527 0.507 0.77 1.08 0.964 0.845 0.867 1.08 1.226 1.28 1.318 1.353 1.372 1.379 1.384 1.384 1.382 1.362 1.322 1.308 1.259 1.227 1.224 1.235 1.27 1.312 1.331 1.359 1.359 1.355 1.35 1.325 1.305 1.291 1.316 1.333 1.311 1.323 1.329 1.318 1.273 1.228 1.199 1.198 1.253 1.195 1.129 1.078 1.123 1.175 1.105
0.872 0.768 0.627 0.562 0.564 0.554 0.498 0.438 0.337 0.295 0.402 0.701 0.861 0.92 0.853 0.683 0.49 0.377 0.34 0.339 0.326 0.276 0.234 0.252 0.354 0.574 0.825 0.967 1.058 1.079 1.12 1.114 1.259 1.319 1.292 1.256 1.292 1.338 1.383 1.387 1.388 1.387 1.365 1.284 1.237 1.225 1.202 1.203 1.258 1.292 1.326 1.323 1.336 1.345 1.353 1.354 1.352 1.329 1.309 1.301 1.334 1.284 1.255 1.298 1.273 1.232 1.221 1.167 1.097 1.141 1.248 1.225 1.147 1.023 1.067 1.09 1.072
0.637 0.769 0.644 0.58 0.542 0.468 0.396 0.362 0.361 0.486 0.792 0.915 0.878 0.647 0.442 0.294 0.2 0.19 0.188 0.26 0.249 0.271 0.314 0.465 0.616 0.873 0.977 1.006 0.989 1.091 1.253 1.347 1.342 1.27 1.28 1.33 1.369 1.383 1.387 1.388 1.388 1.367 1.293 1.219 1.201 1.21 1.224 1.246 1.247 1.257 1.311 1.325 1.346 1.328 1.342 1.336 1.339 1.339 1.324 1.334 1.329 1.297 1.246 1.299 1.201 1.194 1.194 1.119 1.067 1.17 1.224 1.135 1.134 0.998 1.013 1.063 1.055
0.645 0.711 0.636 0.565 0.489 0.413 0.41 0.497 0.63 0.83 0.828 0.723 0.595 0.381 0.142 0.03 -0.003 0.088 0.19 0.312 0.37 0.383 0.368 0.43 0.684 0.869 0.759 0.854 1.073 1.302 1.376 1.366 1.324 1.283 1.328 1.39 1.393 1.393 1.393 1.386 1.367 1.326 1.25 1.208 1.215 1.243 1.216 1.229 1.246 1.291 1.336 1.332 1.339 1.338 1.31 1.325 1.328 1.316 1.338 1.321 1.254 1.262 1.172 1.264 1.155 1.145 1.154 1.046 1.113 1.168 1.198 1.077 1.063 1.058 1.039 1.055 1.067
0.64 0.679 0.58 0.509 0.493 0.532 0.713 0.799 0.772 0.626 0.517 0.435 0.353 0.201 -0.002 -0.076 0.041 0.25 0.48 0.493 0.349 0.22 0.288 0.504 0.673 0.594 0.783 1.069 1.306 1.383 1.365 1.328 1.358 1.383 1.386 1.393 1.392 1.385 1.342 1.337 1.294 1.303 1.239 1.225 1.189 1.147 1.164 1.148 1.187 1.312 1.347 1.332 1.331 1.328 1.314 1.328 1.337 1.299 1.292 1.215 1.207 1.24 1.231 1.194 1.145 1.077 1.108 1.047 1.095 1.13 1.13 1.172 1.142 1.104 1.035 1.01 1.034
0.6 0.606 0.539 0.536 0.615 0.724 0.718 0.585 0.488 0.462 0.46 0.393 0.176 0.059 0.008 0.153 0.351 0.525 0.625 0.408 0.368 0.494 0.639 0.645 0.609 0.762 1.145 1.389 1.399 1.384 1.378 1.366 1.35 1.392 1.398 1.398 1.378 1.288 1.256 1.324 1.303 1.292 1.227 1.178 1.153 1.131 1.15 1.155 1.279 1.345 1.336 1.326 1.328 1.328 1.31 1.326 1.328 1.314 1.264 1.218 1.211 1.226 1.203 1.128 1.125 1.021 1.021 1.053 1.077 1.089 1.025 1.118 1.109 1.127 1.02 1.002 1.035
0.551 0.588 0.568 0.652 0.73 0.601 0.458 0.401 0.387 0.412 0.453 0.345 0.12 0.093 0.309 0.505 0.634 0.696 0.652 0.62 0.741 0.84 0.786 0.736 0.873 1.176 1.369 1.402 1.388 1.376 1.379 1.376 1.369 1.393 1.398 1.398 1.381 1.324 1.345 1.341 1.29 1.249 1.197 1.176 1.164 1.178 1.246 1.306 1.333 1.324 1.315 1.315 1.326 1.324 1.309 1.311 1.323 1.298 1.284 1.268 1.21 1.236 1.136 1.109 1.073 0.99 0.935 1.031 1.003 1.046 1.01 1.061 1.02 1.115 1.045 1.023 1.044
0.505 0.582 0.644 0.662 0.585 0.43 0.387 0.373 0.406 0.476 0.511 0.311 0.231 0.415 0.604 0.741 0.811 0.819 0.814 0.855 0.894 0.892 0.89 0.994 1.225 1.39 1.403 1.395 1.354 1.316 1.299 1.309 1.307 1.384 1.398 1.397 1.389 1.366 1.346 1.317 1.272 1.195 1.142 1.179 1.236 1.312 1.339 1.34 1.31 1.294 1.308 1.315 1.316 1.313 1.308 1.308 1.307 1.249 1.245 1.249 1.231 1.208 1.121 1.099 1.004 0.959 0.941 1.013 0.981 1.008 0.959 1.004 0.99 1.092 1.056 1.056 1.018
0.525 0.613 0.528 0.445 0.409 0.438 0.487 0.551 0.613 0.668 0.531 0.348 0.474 0.657 0.766 0.859 0.885 0.887 0.887 0.868 0.88 0.974 1.13 1.254 1.395 1.409 1.4 1.372 1.327 1.293 1.305 1.35 1.387 1.398 1.394 1.37 1.341 1.317 1.285 1.262 1.261 1.227 1.229 1.306 1.33 1.337 1.323 1.296 1.264 1.291 1.307 1.315 1.308 1.307 1.308 1.308 1.288 1.201 1.199 1.235 1.206 1.156 1.142 1.125 1.04 0.954 0.929 0.967 0.96 0.959 0.919 0.997 1.031 1.063 0.994 1.02 0.984
0.503 0.442 0.293 0.262 0.318 0.494 0.582 0.652 0.734 0.74 0.445 0.399 0.613 0.725 0.78 0.894 0.909 0.881 0.835 0.853 0.997 1.215 1.356 1.41 1.419 1.42 1.384 1.324 1.266 1.313 1.385 1.398 1.398 1.398 1.375 1.324 1.297 1.288 1.276 1.291 1.307 1.31 1.328 1.315 1.293 1.298 1.286 1.244 1.245 1.282 1.308 1.314 1.303 1.304 1.301 1.301 1.274 1.213 1.188 1.211 1.174 1.103 1.08 1.045 1.012 0.994 0.894 0.959 0.987 0.983 0.982 1.015 1.014 1.029 0.961 0.977 0.932
0.393 0.255 0.204 0.253 0.39 0.549 0.642 0.691 0.789 0.723 0.373 0.435 0.659 0.672 0.805 0.915 0.92 0.865 0.868 1.076 1.286 1.394 1.423 1.423 1.423 1.41 1.334 1.274 1.286 1.359 1.397 1.398 1.395 1.394 1.353 1.298 1.279 1.258 1.264 1.317 1.318 1.315 1.296 1.257 1.247 1.252 1.255 1.213 1.232 1.271 1.297 1.313 1.292 1.293 1.293 1.281 1.249 1.234 1.21 1.186 1.122 1.075 1.03 0.959 0.922 0.951 0.896 0.988 0.993 0.978 0.967 0.97 0.956 0.987 0.927 0.932 0.854
0.293 0.322 0.341 0.429 0.602 0.772 0.891 0.909 0.903 0.609 0.356 0.553 0.731 0.787 0.939 1.024 1.017 1.038 1.174 1.352 1.416 1.41 1.423 1.423 1.423 1.363 1.315 1.323 1.362 1.386 1.398 1.398 1.39 1.393 1.358 1.305 1.279 1.228 1.256 1.284 1.284 1.296 1.274 1.229 1.227 1.222 1.219 1.191 1.23 1.257 1.27 1.303 1.292 1.283 1.29 1.276 1.253 1.229 1.188 1.137 1.069 1.056 1.008 0.897 0.897 0.915 0.911 0.98 0.947 0.926 0.897 0.888 0.914 0.944 0.892 0.885 0.808
0.292 0.423 0.58 0.79 0.916 0.984 1.014 0.976 0.878 0.508 0.491 0.747 0.859 1.011 1.148 1.251 1.284 1.338 1.392 1.421 1.422 1.418 1.423 1.423 1.403 1.361 1.376 1.385 1.387 1.395 1.398 1.398 1.388 1.375 1.342 1.329 1.316 1.281 1.285 1.287 1.288 1.283 1.263 1.23 1.219 1.189 1.198 1.217 1.245 1.243 1.268 1.297 1.285 1.263 1.278 1.26 1.259 1.246 1.204 1.094 1.109 1.056 0.969 0.921 0.927 0.906 0.913 0.968 0.916 0.881 0.812 0.796 0.856 0.865 0.833 0.791 0.751
0.428 0.687 0.864 0.945 0.997 1.024 1.018 0.964 0.78 0.506 0.661 0.91 1.081 1.304 1.378 1.401 1.411 1.42 1.423 1.423 1.423 1.423 1.423 1.398 1.386 1.4 1.392 1.396 1.404 1.398 1.398 1.394 1.385 1.337 1.323 1.333 1.323 1.295 1.277 1.281 1.273 1.249 1.243 1.206 1.192 1.195 1.204 1.227 1.255 1.265 1.284 1.297 1.278 1.26 1.258 1.237 1.237 1.238 1.219 1.134 1.131 1.045 0.948 1.004 0.956 0.912 0.891 0.954 0.914 0.849 0.821 0.769 0.728 0.741 0.714 0.644 0.663
0.604 0.825 0.94 0.99 1.008 1.011 0.972 0.864 0.563 0.611 1.002 1.136 1.328 1.418 1.422 1.422 1.411 1.398 1.423 1.423 1.423 1.41 1.373 1.358 1.405 1.391 1.404 1.406 1.408 1.401 1.398 1.388 1.376 1.296 1.305 1.279 1.28 1.276 1.288 1.29 1.266 1.246 1.198 1.19 1.185 1.222 1.233 1.235 1.256 1.285 1.286 1.288 1.266 1.253 1.201 1.172 1.159 1.201 1.236 1.156 1.067 0.934 0.931 1.035 1.004 0.957 0.934 0.965 0.866 0.911 0.914 0.885 0.853 0.777 0.735 0.679 0.542
0.738 0.924 0.978 1.026 1.038 0.978 0.795 0.587 0.514 0.946 1.17 1.289 1.415 1.423 1.425 1.385 1.268 1.339 1.423 1.399 1.338 1.319 1.297 1.394 1.399 1.37 1.401 1.408 1.408 1.402 1.379 1.375 1.299 1.29 1.254 1.247 1.209 1.193 1.22 1.274 1.262 1.271 1.272 1.252 1.231 1.238 1.218 1.226 1.262 1.287 1.276 1.269 1.248 1.164 1.188 1.146 1.172 1.169 1.227 1.135 1.021 0.914 1.004 1.069 0.98 0.923 0.997 0.978 0.976 0.952 0.862 0.848 0.716 0.702 0.624 0.646 0.632
0.89 0.967 1.007 1.043 1.011 0.784 0.517 0.56 0.869 1.194 1.263 1.395 1.406 1.417 1.377 1.259 1.33 1.4 1.398 1.336 1.252 1.264 1.37 1.407 1.408 1.408 1.408 1.408 1.406 1.372 1.345 1.349 1.297 1.265 1.204 1.125 1.064 1.097 1.123 1.177 1.144 1.115 1.166 1.239 1.277 1.277 1.246 1.231 1.269 1.287 1.264 1.206 1.216 1.185 1.147 1.04 1.147 1.07 1.195 1.188 1.038 1.058 1.095 1 0.965 0.95 1.041 1.022 0.982 0.864 0.769 0.763 0.744 0.582 0.553 0.524 0.548
0.933 0.985 1.018 1.051 0.888 0.637 0.693 0.944 1.192 1.315 1.385 1.381 1.407 1.421 1.343 1.332 1.384 1.395 1.339 1.266 1.268 1.364 1.407 1.386 1.404 1.417 1.408 1.4 1.367 1.351 1.376 1.294 1.238 1.198 1.135 1.008 0.969 1.017 1.081 1.114 1.091 1.091 1.14 1.197 1.231 1.243 1.26 1.275 1.276 1.263 1.235 1.166 1.147 1.149 1.093 1.032 1.108 1.009 1.086 1.207 1.177 1.14 1.055 0.977 0.968 1.034 1.061 0.956 0.896 0.905 0.847 0.747 0.702 0.691 0.563 0.471 0.416
0.947 0.975 0.99 1.042 0.927 0.915 1.073 1.247 1.379 1.421 1.416 1.402 1.423 1.423 1.424 1.423 1.417 1.393 1.336 1.319 1.341 1.401 1.405 1.396 1.415 1.419 1.41 1.367 1.33 1.373 1.275 1.202 1.109 1.063 1 0.917 0.974 0.989 1.092 1.107 1.087 1.083 1.147 1.19 1.213 1.226 1.233 1.241 1.238 1.191 1.15 1.129 1.095 1.154 1.052 1.013 1.052 0.922 1.017 1.153 1.184 1.185 1.113 1.074 1.098 1.092 1.032 0.955 0.965 0.892 0.835 0.684 0.601 0.625 0.61 0.579 0.43
0.955 0.977 1.015 1.11 1.153 1.219 1.312 1.404 1.445 1.448 1.434 1.431 1.435 1.427 1.424 1.428 1.429 1.422 1.392 1.387 1.394 1.413 1.421 1.428 1.425 1.422 1.396 1.323 1.335 1.359 1.216 1.149 1.033 0.972 0.944 0.963 1.04 1.112 1.141 1.143 1.123 1.136 1.193 1.196 1.221 1.222 1.204 1.183 1.103 1.049 1.036 1.089 1.11 1.121 1.025 0.978 0.954 0.95 1.04 1.037 1.142 1.146 1.157 1.149 1.143 1.085 1.057 0.991 0.877 0.823 0.791 0.672 0.554 0.523 0.501 0.537 0.412
1.069 1.118 1.185 1.265 1.336 1.399 1.432 1.444 1.448 1.446 1.447 1.44 1.438 1.437 1.426 1.429 1.433 1.428 1.427 1.425 1.415 1.419 1.426 1.428 1.426 1.423 1.368 1.323 1.315 1.337 1.266 1.176 1.109 1.099 1.06 1.073 1.143 1.141 1.138 1.152 1.181 1.201 1.211 1.215 1.261 1.247 1.201 1.129 0.997 0.97 1.015 1.053 1.055 0.99 0.91 0.906 0.891 0.938 0.953 0.981 1.097 1.049 1.074 1.095 1.131 1.125 1.092 0.975 0.841 0.793 0.783 0.669 0.53 0.588 0.554 0.481 0.328
1.265 1.311 1.361 1.404 1.438 1.446 1.448 1.446 1.447 1.445 1.445 1.443 1.438 1.437 1.43 1.431 1.433 1.426 1.433 1.431 1.424 1.43 1.429 1.428 1.428 1.416 1.358 1.326 1.292 1.327 1.302 1.224 1.203 1.173 1.146 1.148 1.175 1.147 1.15 1.169 1.194 1.203 1.206 1.223 1.299 1.271 1.24 1.145 1.096 0.969 0.921 0.89 1.021 0.925 0.854 0.808 0.867 0.856 0.941 1.018 1.029 0.941 1.011 1.038 1.037 1.065 1.13 1.065 0.926 0.875 0.808 0.722 0.586 0.665 0.577 0.425 0.363
1.39 1.428 1.441 1.45 1.451 1.451 1.447 1.443 1.444 1.444 1.443 1.443 1.439 1.434 1.43 1.433 1.433 1.42 1.425 1.431 1.43 1.432 1.429 1.425 1.424 1.397 1.352 1.333 1.298 1.343 1.314 1.298 1.287 1.244 1.213 1.205 1.223 1.225 1.217 1.229 1.233 1.235 1.247 1.264 1.29 1.277 1.251 1.221 1.184 1.035 0.927 0.878 1.054 0.934 0.879 0.813 0.783 0.863 1.006 0.95 0.932 0.871 0.974 0.949 0.956 0.93 1.078 1.102 0.96 0.883 0.765 0.735 0.672 0.703 0.561 0.426 0.441
1.429 1.453 1.453 1.453 1.449 1.449 1.448 1.446 1.446 1.443 1.443 1.443 1.436 1.433 1.425 1.398 1.328 1.286 1.346 1.425 1.427 1.432 1.429 1.42 1.4 1.382 1.36 1.344 1.33 1.348 1.301 1.299 1.301 1.293 1.272 1.275 1.295 1.304 1.289 1.293 1.266 1.25 1.244 1.246 1.268 1.253 1.239 1.243 1.225 1.177 1.064 1.003 1.095 0.971 0.925 0.83 0.774 0.909 0.926 0.831 0.842 0.879 0.959 0.878 0.877 0.816 1.019 1.11 0.973 0.836 0.843 0.751 0.765 0.656 0.624 0.557 0.558
1.445 1.452 1.452 1.451 1.448 1.448 1.448 1.448 1.448 1.447 1.443 1.435 1.421 1.404 1.378 1.336 1.253 1.311 1.393 1.433 1.421 1.429 1.42 1.385 1.343 1.351 1.358 1.333 1.348 1.321 1.252 1.19 1.167 1.2 1.191 1.217 1.241 1.24 1.235 1.276 1.246 1.234 1.232 1.229 1.262 1.23 1.224 1.233 1.186 1.169 1.159 1.155 1.155 1.055 0.936 0.845 0.761 0.937 0.866 0.755 0.797 0.863 0.881 0.806 0.798 0.806 0.995 1.099 0.954 0.867 0.862 0.8 0.789 0.717 0.705 0.674 0.632
1.448 1.451 1.448 1.448 1.448 1.448 1.448 1.448 1.448 1.448 1.417 1.399 1.361 1.342 1.342 1.356 1.378 1.42 1.436 1.438 1.43 1.423 1.39 1.339 1.315 1.321 1.342 1.314 1.353 1.286 1.193 1.124 1.09 1.163 1.174 1.218 1.227 1.227 1.236 1.245 1.233 1.242 1.245 1.252 1.27 1.244 1.218 1.233 1.122 1.07 1.048 1.16 1.194 1.09 0.943 0.863 0.861 0.98 0.808 0.726 0.74 0.703 0.729 0.707 0.757 0.848 0.969 1.083 1.04 0.99 0.923 0.858 0.866 0.833 0.692 0.724 0.645
