data/climatemaps/RS_maps/climate_winter_tmin_2001.asc
NCOLS 369 
NROWS 228 
XLLCORNER 479000 
YLLCORNER 73000 
CELLSIZE 1000 
NODATA_value -9 
[rows 170 to 203 of 228, columns 0 to 75 of 369]
-9 -9 0.542 0.519 0.543 0.66 0.696 0.493 0.334 0.276 0.405 0.602 0.827 0.947 0.984 0.999 1.005 1.018 1.038 1.06 1.076 1.081 1.106 1.123 1.145 1.164 1.167 1.167 1.168 1.168 1.143 1.119 1.117 1.117 1.11 1.108 1.1 1.097 1.076 1.062 1.044 1.023 1.005 1.001 0.903 0.849 0.879 0.872 0.847 0.73 -9 -9 -9 -9 -9 -9 -9 -9 0.364 0.37 0.458 0.546 0.427 0.223 0.049 -0.111 -0.128 -0.181 -0.262 -0.342 -0.556 -0.55 -0.437 -0.307 -0.275 -0.191
-9 0.552 0.516 0.52 0.61 0.723 0.608 0.426 0.291 0.364 0.558 0.747 0.917 0.969 0.995 1.009 1.025 1.035 1.05 1.067 1.072 1.082 1.102 1.123 1.146 1.159 1.161 1.161 1.161 1.15 1.119 1.107 1.104 1.1 1.094 1.077 1.02 0.94 0.912 0.997 1.001 0.977 0.967 0.965 0.88 0.843 0.85 0.828 0.748 -9 -9 -9 -9 -9 -9 -9 -9 -9 0.262 0.108 0.236 0.403 0.492 0.338 0.126 -0.003 -0.076 -0.201 -0.348 -0.304 -0.221 -0.393 -0.504 -0.515 -0.383 -0.242
0.562 0.536 0.507 0.528 0.707 0.683 0.494 0.38 0.317 0.465 0.67 0.84 0.955 0.98 1.005 1.021 1.035 1.047 1.054 1.062 1.072 1.086 1.103 1.129 1.148 1.149 1.149 1.146 1.147 1.119 1.101 1.093 1.09 1.082 1.051 0.952 0.878 0.835 0.891 0.973 0.97 0.945 0.938 0.917 0.88 -9 -9 -9 -9 -9 -9 -9 -9 -9 -9 -9 -9 -9 0.364 0 0.001 0.237 0.419 0.113 -0.046 -0.047 -0.141 -0.263 -0.312 -0.266 -0.097 -0.228 -0.403 -0.499 -0.462 -0.279
0.535 0.5 0.497 0.586 0.734 0.541 0.367 0.32 0.391 0.588 0.783 0.923 0.978 0.994 1.013 1.027 1.038 1.04 1.045 1.061 1.076 1.088 1.105 1.131 1.134 1.135 1.136 1.132 1.125 1.1 1.087 1.075 1.066 1.054 1.003 0.925 0.896 0.909 0.946 0.962 0.943 0.925 0.909 0.877 0.844 -9 -9 -9 -9 -9 -9 -9 -9 -9 -9 -9 -9 -9 0.295 -0.12 -0.12 0.282 0.351 0.055 -0.154 -0.222 -0.142 -0.032 -0.009 0.013 0.073 -0.004 -0.191 -0.403 -0.59 -0.496
0.494 0.477 0.513 0.666 0.687 0.392 0.269 0.359 0.511 0.726 0.897 0.98 1.001 1.014 1.024 1.036 1.037 1.031 1.042 1.064 1.076 1.086 1.102 1.125 1.127 1.129 1.129 1.113 1.092 1.084 1.07 1.054 1.048 1.03 0.97 0.912 0.914 0.937 0.938 0.937 0.915 0.903 0.874 0.835 0.784 -9 -9 -9 -9 -9 -9 -9 -9 -9 -9 -9 -9 -9 -9 0.035 0.061 0.221 0.203 0.265 0.08 -0.12 0.078 0.18 0.1 0.025 0.015 0.042 0.008 -0.268 -0.473 -0.623
0.469 0.511 0.637 0.729 0.529 0.278 0.304 0.52 0.701 0.864 0.968 1.003 1.021 1.031 1.035 1.038 1.034 1.032 1.048 1.066 1.074 1.08 1.095 1.115 1.115 1.115 1.113 1.086 1.067 1.065 1.056 1.035 1.027 1.002 0.949 0.907 0.915 0.917 0.917 0.908 0.891 0.857 0.823 0.757 0.654 -9 -9 -9 -9 -9 -9 -9 -9 -9 -9 -9 -9 -9 -9 -9 -0.068 -0.037 0.078 0.182 0.166 0.214 0.088 -0.024 -0.171 -0.236 -0.371 -0.211 -0.024 -0.042 -0.241 -0.555
0.554 0.582 0.748 0.547 0.332 0.3 0.421 0.676 0.856 0.957 1.006 1.02 1.03 1.035 1.036 1.036 1.031 1.039 1.055 1.064 1.063 1.072 1.09 1.107 1.107 1.102 1.092 1.062 1.051 1.045 1.036 1.014 1.004 0.977 0.934 0.899 0.9 0.885 0.881 0.869 0.835 0.779 0.694 0.585 0.48 0.378 -9 -9 -9 -9 -9 -9 -9 -9 -9 -9 -9 -9 -9 -9 -0.118 -0.232 -0.145 -0.211 -0.069 0.14 0.001 -0.278 -0.455 -0.541 -0.703 -0.426 -0.368 -0.215 -0.082 -0.429
0.562 0.782 0.688 0.421 0.28 0.404 0.632 0.806 0.949 1.01 1.025 1.03 1.035 1.036 1.034 1.028 1.039 1.05 1.059 1.062 1.067 1.079 1.093 1.096 1.095 1.085 1.063 1.043 1.036 1.026 1.013 0.994 0.981 0.953 0.923 0.896 0.841 0.821 0.813 0.793 0.725 0.627 0.481 0.395 0.345 0.397 -9 -9 -9 -9 -9 -9 -9 -9 -9 -9 -9 -9 -9 -9 -9 -0.313 -0.214 -0.326 -0.189 -0.042 0.072 -0.06 -0.391 -0.837 -0.932 -0.724 -0.584 -0.322 -0.108 -0.475
0.632 0.845 0.768 0.491 0.37 0.578 0.757 0.897 0.99 1.028 1.033 1.04 1.036 1.036 1.027 1.035 1.046 1.048 1.052 1.061 1.06 1.08 1.09 1.087 1.084 1.062 1.038 1.03 1.021 1.006 0.994 0.977 0.958 0.936 0.915 0.872 0.723 0.679 0.667 0.637 0.566 0.446 0.302 0.328 0.329 0.441 -9 -9 -9 -9 -9 -9 -9 -9 -9 -9 -9 -9 -9 -9 -0.015 -0.015 -0.099 -0.455 -0.395 -0.049 -0.21 -0.11 -0.258 -0.644 -0.768 -0.509 -0.249 -0.155 -0.304 -0.492
0.806 0.851 0.712 0.454 0.503 0.713 0.851 0.96 1.015 1.039 1.046 1.046 1.039 1.036 1.041 1.05 1.043 1.047 1.052 1.036 1.03 1.071 1.084 1.081 1.073 1.033 1.015 1.02 1.015 0.993 0.976 0.959 0.936 0.919 0.893 0.805 0.586 0.456 0.466 0.497 0.517 0.333 0.252 0.377 0.437 0.469 -9 -9 -9 -9 -9 -9 -9 -9 -9 -9 -9 -9 -9 -9 0.233 0.032 -0.253 -0.546 -0.464 -0.301 -0.5 -0.294 -0.233 -0.476 -0.575 -0.322 -0.386 -0.49 -0.66 -0.462
0.894 0.763 0.54 0.488 0.653 0.828 0.914 0.995 1.028 1.044 1.045 1.034 1.02 1.042 1.046 1.039 1.034 1.041 1.037 1.021 1.02 1.062 1.074 1.071 1.043 0.992 0.994 0.997 1.002 0.978 0.958 0.939 0.916 0.904 0.859 0.699 0.436 0.248 0.332 0.505 0.531 0.353 0.324 0.452 0.505 0.415 -9 -9 -9 -9 -9 -9 -9 -9 -9 -9 -9 -9 -9 -9 0.309 -0.029 -0.348 -0.533 -0.722 -0.671 -0.69 -0.42 -0.459 -0.509 -0.419 -0.418 -0.75 -0.786 -0.652 -0.446
0.845 0.613 0.451 0.626 0.81 0.914 0.977 1.019 1.034 1.051 1.03 1.005 1.021 1.051 1.044 1.031 1.028 1.041 1.028 1.019 1.035 1.057 1.063 1.053 0.984 0.983 0.998 0.998 0.989 0.965 0.941 0.918 0.907 0.879 0.788 0.567 0.356 0.202 0.337 0.529 0.564 0.461 0.47 0.526 0.484 0.292 -9 -9 -9 -9 -9 -9 -9 -9 -9 -9 -9 -9 -9 -9 0.224 0.101 -0.143 -0.432 -0.698 -0.663 -0.695 -0.635 -0.56 -0.611 -0.475 -0.61 -0.899 -0.88 -0.517 -0.639
0.737 0.514 0.562 0.772 0.894 0.966 1.007 1.026 1.033 1.056 1.025 1.012 1.045 1.047 1.041 1.04 1.04 1.044 1.027 1.028 1.031 1.048 1.05 1.019 0.984 0.992 0.994 0.981 0.974 0.948 0.928 0.913 0.876 0.813 0.68 0.501 0.325 0.179 0.319 0.53 0.601 0.566 0.546 0.525 0.409 -9 -9 -9 -9 -9 -9 -9 -9 -9 -9 -9 -9 -9 -9 -0.068 0.027 0.174 -0.032 -0.415 -0.51 -0.341 -0.38 -0.372 -0.373 -0.566 -0.677 -0.751 -0.956 -0.741 -0.602 -0.811
0.592 0.526 0.705 0.873 0.943 0.983 1.016 1.02 1.026 1.054 1.044 1.041 1.06 1.057 1.051 1.048 1.051 1.036 1.028 1.029 1.041 1.036 1.02 0.998 0.993 0.989 0.976 0.972 0.959 0.941 0.901 0.877 0.843 0.715 0.592 0.459 0.285 0.224 0.349 0.533 0.604 0.548 0.452 0.42 0.278 -9 -9 -9 -9 -9 -9 -9 -9 -9 -9 -9 -9 -9 -9 -0.209 -0.166 0.152 0.07 -0.138 -0.141 -0.203 -0.262 -0.351 -0.421 -0.516 -0.687 -0.91 -0.941 -0.687 -0.849 -0.884
0.505 0.637 0.83 0.937 0.979 0.997 1.02 1.005 1.015 1.048 1.058 1.063 1.068 1.063 1.051 1.041 1.036 1.032 1.014 1.024 1.036 1.015 0.997 0.989 0.986 0.974 0.971 0.958 0.943 0.917 0.888 0.865 0.827 0.73 0.611 0.451 0.257 0.218 0.416 0.544 0.593 0.469 0.364 0.343 0.167 -9 -9 -9 -9 -9 -9 -9 -9 -9 -9 -9 -9 -9 -9 -0.364 -0.239 0.037 0.14 0.089 -0.129 -0.391 -0.507 -0.521 -0.603 -0.703 -0.674 -0.903 -0.981 -0.902 -1.019 -0.909
0.572 0.745 0.897 0.985 1.007 1.013 1.018 1.006 1.033 1.065 1.068 1.07 1.048 1.043 1.031 1.026 1.013 1.012 1.011 1.022 1.015 1.006 0.99 0.983 0.983 0.97 0.969 0.953 0.932 0.881 0.866 0.859 0.839 0.78 0.685 0.538 0.364 0.31 0.519 0.576 0.534 0.389 0.415 0.295 0.158 -9 -9 -9 -9 -9 -9 -9 -9 -9 -9 -9 -9 -9 -9 -0.34 -0.253 -0.046 0.06 0.084 -0.098 -0.37 -0.335 -0.298 -0.427 -0.707 -0.815 -0.956 -1.064 -0.997 -0.873 -0.737
0.625 0.811 0.953 1.009 1.026 1.021 1.024 1.032 1.064 1.068 1.055 1.038 1.024 1.021 1.01 0.997 1.006 1.012 1.01 1.012 0.995 0.986 0.977 0.973 0.977 0.964 0.929 0.889 0.916 0.878 0.849 0.853 0.839 0.817 0.739 0.638 0.519 0.436 0.619 0.485 0.406 0.424 0.413 0.212 -9 -9 -9 -9 -9 -9 -9 -9 -9 -9 -9 -9 -9 -9 -9 -0.256 -0.176 -0.16 -0.075 -0.061 0.012 -0.166 -0.343 -0.465 -0.522 -0.82 -0.899 -1.067 -1.048 -0.9 -0.834 -0.708
0.612 0.866 0.997 1.027 1.033 1.037 1.032 1.056 1.069 1.048 1.035 1.02 1.012 1 1 0.997 1.006 1.006 0.991 0.988 0.975 0.967 0.961 0.954 0.936 0.87 0.773 0.786 0.885 0.878 0.854 0.839 0.819 0.81 0.785 0.739 0.66 0.589 0.644 0.479 0.429 0.475 0.374 -9 -9 -9 -9 -9 -9 -9 -9 -9 -9 -9 -9 -9 -9 -9 -0.354 -0.462 -0.428 -0.263 -0.198 -0.288 -0.067 -0.289 -0.664 -0.869 -0.871 -1.101 -1.125 -1.066 -0.947 -0.819 -0.747 -0.652
0.586 0.864 0.993 1.022 1.047 1.036 1.044 1.078 1.064 1.037 1.03 1.016 1.007 0.992 1.006 1.005 0.992 0.979 0.959 0.952 0.952 0.948 0.934 0.908 0.763 0.624 0.676 0.804 0.849 0.867 0.852 0.834 0.813 0.799 0.777 0.745 0.715 0.686 0.654 0.496 0.528 0.522 0.339 -9 -9 -9 -9 -9 -9 -9 -9 -9 -9 -9 -9 -9 -9 -9 -0.31 -0.503 -0.388 -0.172 -0.298 -0.398 -0.21 -0.149 -0.401 -0.763 -0.954 -1.009 -1.113 -0.931 -0.695 -0.592 -0.475 -0.372
0.525 0.813 0.993 1.021 1.045 1.059 1.069 1.088 1.067 1.053 1.033 1.013 1.002 0.988 0.993 0.984 0.965 0.953 0.939 0.925 0.923 0.905 0.859 0.745 0.476 0.488 0.707 0.782 0.798 0.854 0.85 0.834 0.819 0.804 0.781 0.74 0.69 0.641 0.634 0.582 0.58 0.547 -9 -9 -9 -9 -9 -9 -9 -9 -9 -9 -9 -9 -9 -9 -9 -9 -0.367 -0.318 -0.172 -0.174 -0.34 -0.431 -0.398 -0.542 -0.254 -0.344 -0.485 -0.629 -0.942 -0.843 -0.727 -0.655 -0.572 -0.417
0.532 0.772 1.009 1.061 1.09 1.084 1.08 1.058 1.045 1.041 1.021 1.002 0.983 0.976 0.972 0.959 0.941 0.926 0.911 0.895 0.878 0.835 0.7 0.42 0.362 0.559 0.737 0.725 0.755 0.807 0.822 0.811 0.804 0.804 0.792 0.751 0.663 0.587 0.591 0.62 0.606 -9 -9 -9 -9 -9 -9 -9 -9 -9 -9 -9 -9 -9 -9 -9 -9 -9 -0.247 -0.135 -0.164 -0.302 -0.404 -0.539 -0.516 -0.782 -0.555 -0.321 -0.394 -0.498 -0.757 -0.919 -0.773 -0.665 -0.715 -0.988
0.763 0.841 1.053 1.092 1.09 1.084 1.068 1.034 1.016 1.013 0.989 0.969 0.964 0.943 0.934 0.931 0.908 0.9 0.881 0.853 0.82 0.762 0.546 0.316 0.451 0.662 0.701 0.652 0.708 0.756 0.788 0.789 0.787 0.787 0.788 0.767 0.669 0.562 0.534 0.576 -9 -9 -9 -9 -9 -9 -9 -9 -9 -9 -9 -9 -9 -9 -9 -9 -9 -9 -9 -0.186 -0.287 -0.464 -0.471 -0.606 -0.6 -0.809 -0.764 -0.562 -0.649 -0.582 -0.899 -1.218 -1.235 -1.208 -1.396 -1.394
0.937 0.993 1.049 1.052 1.044 1.028 1.025 1.009 1 0.994 0.973 0.965 0.953 0.916 0.914 0.9 0.884 0.866 0.834 0.783 0.737 0.642 0.411 0.375 0.537 0.679 0.626 0.613 0.677 0.725 0.752 0.759 0.768 0.764 0.769 0.767 0.705 0.566 -9 -9 -9 -9 -9 -9 -9 -9 -9 -9 -9 -9 -9 -9 -9 -9 -9 -9 -9 -9 -9 -0.363 -0.378 -0.487 -0.567 -0.549 -0.661 -0.795 -0.597 -0.667 -0.686 -0.885 -1.075 -1.225 -1.51 -1.453 -1.588 -1.488
1.004 0.95 0.929 1.01 1.016 1.01 1.004 0.997 0.987 0.972 0.955 0.942 0.914 0.908 0.892 0.874 0.855 0.831 0.774 0.692 0.613 0.449 0.283 0.403 0.541 0.636 0.561 0.588 0.639 0.664 0.702 0.724 0.737 0.741 0.747 0.753 0.728 -9 -9 -9 -9 -9 -9 -9 -9 -9 -9 -9 -9 -9 -9 -9 -9 -9 -9 -9 -9 -9 -9 -0.349 -0.444 -0.519 -0.496 -0.324 -0.536 -0.673 -0.382 -0.373 -0.562 -0.758 -0.998 -1.301 -1.475 -1.266 -1.258 -1.198
1.008 1 0.829 0.947 0.986 0.978 0.971 0.961 0.951 0.934 0.913 0.9 0.875 0.874 0.861 0.837 0.819 0.787 0.727 0.624 0.468 0.263 0.293 0.468 0.563 0.558 0.521 0.582 0.554 0.568 0.649 0.688 0.703 0.723 0.72 -9 -9 -9 -9 -9 -9 -9 -9 -9 -9 -9 -9 -9 -9 -9 -9 -9 -9 -9 -9 -9 -9 -9 -9 -0.037 -0.204 -0.34 -0.292 -0.207 -0.351 -0.451 -0.277 -0.147 -0.503 -0.704 -0.976 -1.311 -1.544 -1.397 -0.961 -0.643
1.034 1.042 0.825 0.863 0.925 0.925 0.914 0.913 0.89 0.866 0.853 0.852 0.836 0.822 0.801 0.774 0.779 0.757 0.677 0.521 0.278 0.275 0.419 0.525 0.534 0.467 0.501 0.553 0.477 0.498 0.581 0.657 0.687 0.705 -9 -9 -9 -9 -9 -9 -9 -9 -9 -9 -9 -9 -9 -9 -9 -9 -9 -9 -9 -9 -9 -9 -9 -9 -9 -9 0.177 0.055 0 -0.023 -0.079 -0.196 -0.197 -0.031 -0.54 -0.888 -1.215 -1.338 -1.374 -1.293 -0.721 -0.306
1.032 1.011 0.864 0.774 0.84 0.886 0.888 0.876 0.836 0.816 0.808 0.798 0.771 0.745 0.704 0.695 0.74 0.708 0.538 0.316 0.275 0.382 0.521 0.552 0.5 0.447 0.493 0.488 0.431 0.443 0.513 0.611 0.651 -9 -9 -9 -9 -9 -9 -9 -9 -9 -9 -9 -9 -9 -9 -9 -9 -9 -9 -9 -9 -9 -9 -9 -9 -9 -9 -9 0.259 0.248 0.215 0.178 0.123 0.045 -0.001 -0.154 -0.768 -1.068 -1.311 -1.135 -1.031 -1.038 -0.442 -0.366
1.004 0.972 0.892 0.774 0.751 0.861 0.911 0.897 0.862 0.837 0.81 0.781 0.752 0.735 0.686 0.659 0.662 0.62 0.406 0.285 0.404 0.519 0.574 0.544 0.459 0.435 0.446 0.432 0.387 0.378 0.441 0.547 -9 -9 -9 -9 -9 -9 -9 -9 -9 -9 -9 -9 -9 -9 -9 -9 -9 -9 -9 -9 -9 -9 -9 -9 -9 -9 -9 -9 -9 0.167 0.214 0.234 0.214 0.199 0.169 -0.147 -0.532 -0.844 -1.1 -0.75 -0.695 -0.602 -0.136 -0.357
0.982 0.97 0.922 0.842 0.716 0.802 0.911 0.928 0.895 0.868 0.806 0.821 0.81 0.813 0.741 0.691 0.613 0.477 0.35 0.377 0.501 0.565 0.574 0.491 0.422 0.407 0.409 0.383 0.36 0.365 0.389 -9 -9 -9 -9 -9 -9 -9 -9 -9 -9 -9 -9 -9 -9 -9 -9 -9 -9 -9 -9 -9 -9 -9 -9 -9 -9 -9 -9 -9 -9 -9 0.055 0.06 0.093 0.105 0.177 0.074 -0.344 -0.712 -0.6 -0.319 -0.159 -0.173 -0.085 -0.267
0.988 0.998 0.955 0.892 0.781 0.721 0.887 0.939 0.922 0.868 0.836 0.872 0.871 0.848 0.782 0.738 0.613 0.446 0.408 0.477 0.564 0.596 0.566 0.478 0.41 0.4 0.39 0.395 0.394 -9 -9 -9 -9 -9 -9 -9 -9 -9 -9 -9 -9 -9 -9 -9 -9 -9 -9 -9 -9 -9 -9 -9 -9 -9 -9 -9 -9 -9 -9 -9 -9 -9 -0.177 -0.289 -0.262 -0.194 0.06 0.13 -0.216 -0.392 -0.089 -0.044 -0.216 -0.505 -0.398 -0.59
1.029 1.041 0.986 0.927 0.861 0.778 0.869 0.944 0.936 0.868 0.877 0.912 0.902 0.858 0.827 0.776 0.668 0.541 0.498 0.55 0.602 0.617 0.556 0.497 0.429 0.414 0.421 0.42 -9 -9 -9 -9 -9 -9 -9 -9 -9 -9 -9 -9 -9 -9 -9 -9 -9 -9 -9 -9 -9 -9 -9 -9 -9 -9 -9 -9 -9 -9 -9 -9 -9 -9 -9 -0.606 -0.51 -0.302 -0.246 -0.003 0.032 0.031 -0.082 -0.374 -0.622 -0.907 -1.097 -1.179
1.051 1.046 0.976 0.945 0.915 0.883 0.901 0.954 0.93 0.88 0.883 0.937 0.928 0.895 0.86 0.803 0.713 0.613 0.566 0.566 0.611 0.609 0.546 0.492 0.447 0.434 -9 -9 -9 -9 -9 -9 -9 -9 -9 -9 -9 -9 -9 -9 -9 -9 -9 -9 -9 -9 -9 -9 -9 -9 -9 -9 -9 -9 -9 -9 -9 -9 -9 -9 -9 -9 -9 -9 -0.544 -0.482 -0.692 -0.502 -0.011 0.003 -0.304 -0.677 -1.028 -1.378 -1.704 -1.712
-9 1.065 1.007 0.96 0.963 0.954 0.965 0.944 0.908 0.915 0.928 0.94 0.891 0.86 0.868 -9 0.738 0.628 0.577 0.559 0.603 0.614 -9 -9 -9 -9 -9 -9 -9 -9 -9 -9 -9 -9 -9 -9 -9 -9 -9 -9 -9 -9 -9 -9 -9 -9 -9 -9 -9 -9 -9 -9 -9 -9 -9 -9 -9 -9 -9 -9 -9 -9 -9 -9 -9 -0.816 -0.756 -0.493 -0.158 -0.055 -0.502 -0.993 -1.364 -1.374 -1.591 -1.805
-9 -9 -9 -9 -9 1.021 0.924 0.921 0.945 0.965 -9 -9 -9 -9 -9 -9 -9 -9 -9 -9 -9 -9 -9 -9 -9 -9 -9 -9 -9 -9 -9 -9 -9 -9 -9 -9 -9 -9 -9 -9 -9 -9 -9 -9 -9 -9 -9 -9 -9 -9 -9 -9 -9 -9 -9 -9 -9 -9 -9 -9 -9 -9 -9 -9 -9 -9 -0.797 -0.804 -0.492 -0.167 -0.492 -0.852 -0.805 -0.861 -1.541 -1.933
