data/climatemaps/RS_maps/climate_winter_tmin_2000.asc
NCOLS 369 
NROWS 228 
XLLCORNER 479000 
YLLCORNER 73000 
CELLSIZE 1000 
NODATA_value -9 
[rows 34 to 67 of 228, columns 231 to 307 of 369]
1.187 1.168 1.143 1.148 1.135 1.123 1.112 1.12 1.157 1.168 1.163 1.167 1.178 1.165 1.167 1.171 1.174 1.163 1.179 1.183 1.173 1.163 1.149 1.138 1.112 1.104 1.089 1.099 1.111 1.111 1.124 1.121 1.132 1.14 1.143 1.142 1.146 1.155 1.158 1.157 1.157 1.152 1.151 1.149 1.145 1.143 1.137 1.136 1.133 1.127 1.126 1.122 1.117 1.116 1.115 1.11 1.11 1.103 1.099 1.099 1.099 1.095 1.083 1.083 1.005 0.813 0.645 -9 -9 -9 -9 -9 -9 -9 -9 -9 -9
1.177 1.186 1.174 1.165 1.128 1.103 1.132 1.176 1.195 1.194 1.179 1.176 1.164 1.144 1.143 1.134 1.157 1.157 1.162 1.169 1.169 1.165 1.148 1.109 1.093 1.086 1.087 1.091 1.094 1.094 1.099 1.103 1.114 1.121 1.124 1.126 1.133 1.137 1.143 1.15 1.151 1.146 1.145 1.143 1.14 1.137 1.132 1.132 1.127 1.121 1.121 1.117 1.115 1.115 1.115 1.104 1.104 1.103 1.099 1.098 1.097 1.083 1.083 1.082 0.986 0.765 0.607 -9 -9 -9 -9 -9 -9 -9 -9 -9 -9
1.169 1.197 1.203 1.195 1.189 1.183 1.197 1.207 1.198 1.182 1.176 1.151 1.125 1.116 1.119 1.125 1.129 1.121 1.137 1.133 1.121 1.124 1.144 1.106 1.086 1.085 1.094 1.096 1.094 1.089 1.088 1.094 1.102 1.108 1.117 1.125 1.125 1.131 1.135 1.139 1.143 1.142 1.141 1.141 1.135 1.132 1.128 1.125 1.121 1.12 1.12 1.115 1.115 1.115 1.104 1.104 1.104 1.098 1.095 1.092 1.084 1.081 1.08 1.076 1.001 0.74 0.607 0.696 -9 -9 -9 -9 -9 -9 -9 -9 -9
1.17 1.194 1.197 1.191 1.194 1.2 1.196 1.186 1.174 1.165 1.142 1.112 1.086 1.066 1.049 1.073 1.095 1.09 1.084 1.087 1.095 1.092 1.111 1.118 1.082 1.086 1.104 1.103 1.098 1.086 1.08 1.082 1.081 1.085 1.093 1.108 1.118 1.128 1.132 1.14 1.141 1.141 1.14 1.133 1.129 1.131 1.123 1.12 1.12 1.12 1.11 1.107 1.104 1.1 1.099 1.099 1.097 1.092 1.091 1.086 1.08 1.073 1.07 1.053 0.977 0.737 0.682 0.82 0.831 -9 -9 -9 -9 -9 -9 -9 -9
1.16 1.17 1.187 1.193 1.19 1.174 1.173 1.17 1.172 1.14 1.108 1.073 1.056 1.042 1.018 1.05 1.069 1.058 1.057 1.06 1.079 1.08 1.087 1.118 1.105 1.114 1.105 1.089 1.084 1.086 1.08 1.072 1.063 1.06 1.058 1.07 1.083 1.098 1.117 1.127 1.129 1.128 1.128 1.127 1.126 1.126 1.12 1.115 1.115 1.104 1.104 1.104 1.104 1.1 1.098 1.096 1.087 1.087 1.085 1.079 1.072 1.064 1.06 1.032 0.922 0.819 0.828 0.914 0.903 -9 -9 -9 -9 -9 -9 -9 -9
1.146 1.141 1.183 1.194 1.19 1.182 1.174 1.169 1.157 1.139 1.081 1.077 1.048 1.02 1.048 1.084 1.037 1.037 1.041 1.05 1.081 1.078 1.076 1.111 1.125 1.098 1.072 1.059 1.05 1.061 1.058 1.059 1.051 1.038 1.03 1.03 1.039 1.057 1.081 1.091 1.098 1.112 1.116 1.123 1.125 1.12 1.114 1.112 1.107 1.102 1.098 1.097 1.097 1.096 1.094 1.084 1.083 1.079 1.076 1.073 1.067 1.06 1.049 1.038 0.981 0.942 0.927 0.901 0.796 -9 -9 -9 -9 -9 -9 -9 -9
1.141 1.141 1.126 1.143 1.163 1.172 1.177 1.179 1.16 1.151 1.105 1.072 1.064 1.066 1.076 1.091 1.051 1.066 1.068 1.077 1.093 1.078 1.076 1.114 1.108 1.066 1.059 1.046 1.038 1.04 1.032 1.033 1.039 1.047 1.029 1.012 1.017 1.033 1.045 1.054 1.063 1.081 1.099 1.105 1.107 1.104 1.091 1.067 1.066 1.076 1.08 1.088 1.088 1.085 1.086 1.083 1.081 1.07 1.07 1.07 1.064 1.057 1.047 1.042 1.009 0.922 0.825 0.742 0.633 -9 -9 -9 -9 -9 -9 -9 -9
1.131 1.131 1.101 1.089 1.121 1.149 1.166 1.172 1.169 1.152 1.11 1.072 1.087 1.077 1.091 1.119 1.103 1.112 1.106 1.095 1.08 1.078 1.106 1.115 1.094 1.064 1.051 1.039 1.026 1.012 0.985 0.986 0.998 1.01 1.023 1.015 1.003 1.002 1.019 1.028 1.04 1.055 1.057 1.056 1.051 1.024 0.98 0.954 0.98 1.035 1.046 1.066 1.076 1.076 1.078 1.076 1.073 1.067 1.067 1.064 1.059 1.053 1.047 1.037 0.991 0.873 0.76 0.667 0.597 0.68 -9 -9 -9 -9 -9 -9 -9
1.06 1.106 1.105 1.078 1.11 1.113 1.149 1.158 1.145 1.144 1.124 1.108 1.102 1.104 1.132 1.141 1.132 1.119 1.099 1.091 1.087 1.108 1.123 1.104 1.074 1.049 1.036 1.025 0.991 0.946 0.911 0.908 0.916 0.97 1.006 1.011 0.994 0.983 0.987 0.989 1.012 1.016 0.993 0.967 0.937 0.869 0.84 0.868 0.93 0.957 0.965 0.97 0.993 1.016 1.053 1.064 1.061 1.061 1.061 1.055 1.053 1.051 1.04 1.036 1.015 0.926 0.787 0.673 0.657 0.749 -9 -9 -9 -9 -9 -9 -9
1.035 1.06 1.092 1.124 1.126 1.13 1.146 1.122 1.112 1.125 1.125 1.127 1.14 1.143 1.143 1.135 1.135 1.132 1.12 1.118 1.117 1.111 1.081 1.07 1.048 1.021 1.016 0.999 0.947 0.898 0.864 0.834 0.855 0.927 0.994 0.99 0.927 0.945 0.952 0.964 0.994 0.943 0.88 0.853 0.795 0.755 0.785 0.831 0.842 0.838 0.832 0.816 0.842 0.889 0.964 1.011 1.052 1.054 1.053 1.052 1.045 1.042 1.036 1.029 1.016 0.962 0.86 0.784 0.771 0.714 -9 -9 -9 -9 -9 -9 -9
1.04 1.07 1.088 1.084 1.1 1.126 1.126 1.086 1.098 1.102 1.123 1.127 1.143 1.122 1.115 1.109 1.115 1.127 1.121 1.118 1.095 1.059 1.038 1.043 1.037 1.025 1.007 0.977 0.926 0.882 0.864 0.844 0.888 0.926 0.97 0.953 0.881 0.928 0.927 0.949 0.939 0.852 0.794 0.775 0.734 0.711 0.724 0.77 0.776 0.763 0.774 0.726 0.739 0.834 0.916 0.996 1.047 1.045 1.043 1.043 1.039 1.032 1.031 1.022 1.005 0.883 0.778 0.72 0.661 0.565 -9 -9 -9 -9 -9 -9 -9
0.994 1.023 1.054 1.064 1.081 1.12 1.114 1.083 1.082 1.074 1.098 1.099 1.126 1.107 1.093 1.081 1.053 1.091 1.104 1.095 1.072 1.04 1.031 1.022 1.019 1.025 1 0.966 0.926 0.868 0.863 0.824 0.883 0.927 0.969 0.924 0.904 0.928 0.904 0.894 0.919 0.861 0.832 0.755 0.692 0.65 0.667 0.713 0.726 0.708 0.749 0.729 0.791 0.914 1.005 1.036 1.042 1.038 1.038 1.037 1.029 1.024 1.018 1.013 0.99 0.841 0.632 0.509 0.45 0.408 -9 -9 -9 -9 -9 -9 -9
0.981 0.984 1.013 1.063 1.077 1.105 1.079 1.045 1.026 1.025 1.057 1.057 1.093 1.107 1.084 1.073 1.058 1.073 1.072 1.062 1.067 1.044 1.03 1.005 1.009 1.009 0.977 0.947 0.924 0.889 0.869 0.892 0.927 0.958 0.955 0.9 0.9 0.862 0.825 0.82 0.842 0.817 0.83 0.74 0.69 0.646 0.628 0.635 0.676 0.702 0.767 0.805 0.863 0.97 1.034 1.039 1.036 1.036 1.036 1.027 1.02 1.014 1.003 0.999 0.971 0.782 0.54 0.381 0.315 0.374 -9 -9 -9 -9 -9 -9 -9
0.966 0.973 1.001 1.032 1.05 1.074 1.039 1.015 0.994 1.013 1.033 1.036 1.067 1.098 1.046 1.015 1.012 1.02 1.024 1.024 1.031 1.025 1.03 0.996 0.999 0.994 0.979 0.956 0.938 0.905 0.898 0.95 0.963 0.956 0.905 0.88 0.839 0.791 0.765 0.732 0.722 0.738 0.798 0.761 0.71 0.651 0.619 0.583 0.601 0.636 0.69 0.774 0.845 0.933 0.998 1.036 1.035 1.025 1.02 1.02 1.015 1.004 0.993 0.983 0.943 0.784 0.57 0.42 0.249 0.254 -9 -9 -9 -9 -9 -9 -9
0.951 0.949 0.981 0.98 1.022 1.046 0.996 0.992 0.967 0.993 0.992 1.008 1.063 1.086 1.028 0.968 0.946 0.927 0.965 0.974 1.003 1.003 1.014 1.006 0.995 0.983 0.966 0.96 0.941 0.935 0.944 0.953 0.961 0.918 0.856 0.828 0.784 0.745 0.723 0.688 0.686 0.7 0.721 0.726 0.715 0.666 0.595 0.609 0.658 0.702 0.788 0.903 0.985 1.021 1.025 1.025 1.025 1.023 1.019 1.015 1.007 0.998 0.984 0.969 0.908 0.831 0.7 0.527 0.297 0.207 0.367 -9 -9 -9 -9 -9 -9
0.985 0.959 0.952 0.96 0.992 1.011 0.968 0.942 0.938 0.956 0.971 0.973 1.063 1.075 1.027 1.008 0.99 0.97 0.943 0.95 0.927 0.945 0.963 0.96 0.971 0.955 0.92 0.916 0.888 0.906 0.918 0.91 0.924 0.894 0.838 0.793 0.739 0.715 0.726 0.712 0.683 0.638 0.632 0.646 0.615 0.602 0.618 0.683 0.794 0.874 0.958 1.018 1.025 1.025 1.021 1.02 1.019 1.013 1.009 1.008 1.005 0.993 0.977 0.938 0.785 0.785 0.776 0.637 0.403 0.244 0.239 -9 -9 -9 -9 -9 -9
0.959 0.959 0.955 0.942 0.977 0.973 0.941 0.942 0.966 0.977 1 1.01 1.032 1.076 1.029 0.961 0.929 0.888 0.895 0.888 0.858 0.882 0.91 0.9 0.918 0.925 0.878 0.883 0.866 0.848 0.847 0.851 0.885 0.865 0.857 0.804 0.769 0.758 0.736 0.689 0.637 0.608 0.596 0.562 0.522 0.591 0.719 0.819 0.913 0.995 1.02 1.02 1.019 1.019 1.015 1.016 1.009 1.006 1.003 1.002 0.997 0.972 0.866 0.716 0.525 0.569 0.755 0.651 0.455 0.278 0.162 -9 -9 -9 -9 -9 -9
0.926 0.903 0.923 0.913 0.902 0.934 0.889 0.899 0.906 0.921 0.968 0.987 1.041 1.066 1.057 1.014 0.972 0.922 0.925 0.881 0.847 0.842 0.858 0.876 0.896 0.861 0.816 0.846 0.866 0.822 0.787 0.813 0.86 0.824 0.863 0.829 0.79 0.782 0.741 0.689 0.668 0.64 0.528 0.487 0.509 0.628 0.736 0.863 0.976 1.001 1.01 1.014 1.012 1.013 1.008 1.003 1.003 1.001 0.996 0.994 0.968 0.867 0.637 0.39 0.335 0.446 0.628 0.554 0.357 0.208 0.158 -9 -9 -9 -9 -9 -9
0.917 0.903 0.886 0.835 0.843 0.907 0.927 0.942 0.959 0.976 0.977 0.995 1.03 1.065 1.018 0.985 0.998 0.976 0.926 0.897 0.868 0.83 0.835 0.842 0.862 0.791 0.787 0.833 0.82 0.806 0.78 0.828 0.843 0.807 0.846 0.834 0.739 0.707 0.719 0.726 0.686 0.591 0.559 0.578 0.523 0.587 0.751 0.887 0.978 1.005 1.009 1.008 1.008 1.005 1.001 0.997 0.997 0.993 0.986 0.979 0.895 0.716 0.453 0.229 0.275 0.369 0.508 0.462 0.314 0.143 0.028 -9 -9 -9 -9 -9 -9
0.98 0.928 0.899 0.797 0.834 0.855 0.928 0.936 0.966 0.945 0.961 0.957 0.992 1.053 0.982 0.916 0.936 0.981 0.942 0.908 0.867 0.841 0.819 0.784 0.839 0.776 0.774 0.806 0.761 0.789 0.817 0.824 0.804 0.794 0.828 0.829 0.734 0.696 0.63 0.613 0.634 0.641 0.641 0.605 0.588 0.651 0.783 0.923 0.994 1.004 1.003 1.005 1.002 0.994 0.992 0.992 0.989 0.987 0.981 0.949 0.801 0.582 0.302 0.138 0.255 0.4 0.446 0.338 0.198 -0.079 -9 -9 -9 -9 -9 -9 -9
0.984 0.982 0.94 0.852 0.863 0.831 0.84 0.874 0.925 0.862 0.909 0.939 0.985 1.038 0.987 0.888 0.889 0.981 0.9 0.878 0.852 0.841 0.767 0.743 0.79 0.78 0.743 0.748 0.758 0.798 0.816 0.774 0.711 0.69 0.767 0.822 0.806 0.734 0.692 0.619 0.617 0.66 0.627 0.573 0.546 0.629 0.765 0.906 0.989 0.994 0.993 0.998 0.993 0.991 0.987 0.985 0.981 0.973 0.937 0.756 0.55 0.379 0.16 0.238 0.387 0.38 0.326 0.191 -0.043 -0.179 -9 -9 -9 -9 -9 -9 -9
0.915 0.899 0.955 0.917 0.878 0.84 0.798 0.851 0.885 0.803 0.879 0.924 0.972 1.023 0.994 0.886 0.869 0.97 0.89 0.842 0.765 0.773 0.73 0.708 0.725 0.701 0.686 0.733 0.757 0.782 0.79 0.714 0.643 0.552 0.599 0.671 0.751 0.792 0.722 0.659 0.647 0.6 0.561 0.508 0.545 0.687 0.806 0.917 0.976 0.986 0.988 0.988 0.982 0.965 0.938 0.968 0.966 0.923 0.815 0.56 0.425 0.191 0.049 0.247 0.38 0.223 0.123 0.098 -0.053 -0.065 -9 -9 -9 -9 -9 -9 -9
0.832 0.843 0.924 0.918 0.871 0.793 0.781 0.863 0.801 0.783 0.862 0.926 0.966 0.999 0.987 0.862 0.832 0.943 0.866 0.776 0.706 0.712 0.778 0.738 0.695 0.72 0.73 0.724 0.717 0.757 0.763 0.658 0.55 0.554 0.616 0.641 0.677 0.754 0.767 0.721 0.665 0.627 0.626 0.599 0.622 0.705 0.814 0.91 0.96 0.962 0.986 0.984 0.975 0.961 0.933 0.957 0.927 0.822 0.667 0.484 0.297 0.1 -0.005 0.105 0.288 0.127 -0.131 -0.089 -0.03 0.111 -9 -9 -9 -9 -9 -9 -9
0.802 0.871 0.888 0.872 0.805 0.774 0.705 0.769 0.769 0.832 0.866 0.867 0.911 0.968 0.982 0.865 0.773 0.883 0.908 0.873 0.827 0.808 0.772 0.74 0.771 0.759 0.696 0.622 0.626 0.712 0.746 0.662 0.613 0.646 0.68 0.68 0.675 0.672 0.724 0.738 0.713 0.666 0.588 0.53 0.501 0.562 0.704 0.803 0.885 0.93 0.98 0.979 0.973 0.969 0.959 0.943 0.852 0.765 0.637 0.483 0.371 0.159 0.041 0.065 0.171 0.093 -0.157 -0.009 0.029 -9 -9 -9 -9 -9 -9 -9 -9
0.82 0.896 0.85 0.808 0.812 0.722 0.646 0.704 0.809 0.87 0.795 0.78 0.872 0.914 0.993 0.848 0.722 0.76 0.859 0.897 0.86 0.848 0.806 0.803 0.778 0.691 0.585 0.599 0.636 0.731 0.733 0.686 0.677 0.679 0.602 0.583 0.593 0.534 0.57 0.662 0.707 0.639 0.52 0.399 0.328 0.436 0.56 0.701 0.799 0.922 0.971 0.972 0.965 0.963 0.954 0.899 0.865 0.812 0.677 0.554 0.395 0.292 0.343 0.233 0.085 0.053 -0.199 -0.051 -9 -9 -9 -9 -9 -9 -9 -9 -9
0.838 0.905 0.818 0.716 0.767 0.755 0.638 0.651 0.77 0.776 0.681 0.768 0.845 0.925 0.972 0.813 0.71 0.739 0.787 0.811 0.838 0.851 0.827 0.756 0.666 0.601 0.581 0.636 0.724 0.726 0.636 0.552 0.584 0.601 0.504 0.454 0.488 0.449 0.49 0.593 0.675 0.634 0.552 0.426 0.325 0.307 0.373 0.621 0.763 0.928 0.96 0.968 0.961 0.954 0.947 0.931 0.908 0.86 0.713 0.517 0.576 0.523 0.463 0.338 0.185 0.038 -0.254 -0.36 -9 -9 -9 -9 -9 -9 -9 -9 -9
0.841 0.934 0.84 0.678 0.746 0.714 0.689 0.673 0.657 0.657 0.626 0.726 0.789 0.861 0.998 0.882 0.801 0.739 0.722 0.795 0.797 0.766 0.799 0.684 0.666 0.631 0.56 0.601 0.744 0.66 0.545 0.502 0.508 0.428 0.407 0.379 0.453 0.477 0.549 0.56 0.617 0.608 0.579 0.464 0.3 0.159 0.331 0.642 0.888 0.962 0.957 0.958 0.957 0.948 0.937 0.926 0.91 0.861 0.771 0.674 0.528 0.295 0.187 0.299 0.268 0.038 -0.258 -9 -9 -9 -9 -9 -9 -9 -9 -9 -9
0.838 0.952 0.889 0.74 0.753 0.617 0.645 0.736 0.641 0.565 0.639 0.742 0.816 0.893 0.997 0.942 0.847 0.79 0.764 0.726 0.698 0.74 0.783 0.695 0.642 0.561 0.494 0.554 0.721 0.607 0.46 0.417 0.34 0.279 0.361 0.442 0.514 0.493 0.413 0.386 0.603 0.5 0.506 0.428 0.171 0.153 0.527 0.803 0.951 0.965 0.953 0.954 0.951 0.943 0.934 0.917 0.904 0.882 0.792 0.633 0.47 0.303 0.142 0.12 0.111 -0.113 -9 -9 -9 -9 -9 -9 -9 -9 -9 -9 -9
0.846 0.97 0.93 0.827 0.689 0.645 0.785 0.82 0.744 0.579 0.601 0.614 0.705 0.797 0.944 0.984 0.885 0.764 0.66 0.602 0.619 0.666 0.74 0.617 0.556 0.499 0.436 0.455 0.62 0.568 0.372 0.328 0.289 0.338 0.412 0.446 0.417 0.214 0.168 0.392 0.493 0.186 0.215 0.307 0.157 0.293 0.702 0.937 0.964 0.954 0.946 0.941 0.941 0.938 0.928 0.916 0.897 0.869 0.751 0.559 0.349 0.245 0.147 0.048 -9 -9 -9 -9 -9 -9 -9 -9 -9 -9 -9 -9 -9
0.938 1.023 0.937 0.808 0.712 0.768 0.883 0.807 0.639 0.585 0.738 0.756 0.78 0.871 0.892 0.958 0.944 0.804 0.663 0.585 0.583 0.597 0.68 0.643 0.578 0.482 0.368 0.364 0.438 0.532 0.465 0.423 0.348 0.332 0.308 0.237 0.099 0.111 0.287 0.329 0.186 0.146 0.255 0.167 0.279 0.658 0.901 0.957 0.959 0.95 0.937 0.935 0.935 0.935 0.924 0.914 0.886 0.81 0.722 0.581 0.483 0.362 0.255 0.206 -9 -9 -9 -9 -9 -9 -9 -9 -9 -9 -9 -9 -9
1.033 1.042 0.986 0.932 0.819 0.847 0.91 0.746 0.743 0.78 0.791 0.83 0.863 0.815 0.739 0.87 0.978 0.898 0.771 0.68 0.618 0.61 0.599 0.496 0.528 0.499 0.448 0.44 0.333 0.406 0.498 0.407 0.338 0.22 -0.029 -0.167 0.002 0.249 0.051 -0.008 0.156 0.188 0.065 0.255 0.589 0.871 0.954 0.962 0.956 0.951 0.938 0.929 0.928 0.909 0.911 0.873 0.825 0.82 0.645 0.497 0.458 0.447 0.41 -9 -9 -9 -9 -9 -9 -9 -9 -9 -9 -9 -9 -9 -9
0.961 0.966 1.025 1.023 0.961 0.963 0.928 0.864 0.861 0.798 0.833 0.844 0.788 0.658 0.587 0.718 0.889 0.943 0.899 0.813 0.73 0.658 0.543 0.415 0.395 0.433 0.435 0.423 0.342 0.35 0.415 0.341 0.222 -0.091 -0.346 -0.214 -0.033 0.054 -0.158 0.011 0.101 -0.009 0.278 0.643 0.881 0.945 0.961 0.961 0.952 0.951 0.925 0.901 0.919 0.85 0.879 0.772 0.781 0.834 0.586 0.405 0.278 0.185 -9 -9 -9 -9 -9 -9 -9 -9 -9 -9 -9 -9 -9 -9 -9
1.061 1.066 1.067 1.053 1.033 1.017 1.014 0.981 0.927 0.891 0.859 0.758 0.654 0.545 0.509 0.63 0.74 0.853 0.876 0.867 0.837 0.755 0.594 0.498 0.53 0.563 0.549 0.516 0.457 0.45 0.393 0.236 -0.135 -0.3 -0.431 -0.24 -0.181 -0.173 -0.059 -0.148 0.067 0.35 0.691 0.911 0.96 0.949 0.956 0.953 0.95 0.927 0.847 0.855 0.91 0.859 0.838 0.766 0.808 0.795 0.627 0.517 0.342 0.056 -9 -9 -9 -9 -9 -9 -9 -9 -9 -9 -9 -9 -9 -9 -9
1.127 1.117 1.106 1.112 1.114 1.087 1.062 1.044 1.009 0.971 0.879 0.717 0.622 0.539 0.495 0.545 0.614 0.73 0.742 0.707 0.791 0.828 0.744 0.681 0.666 0.577 0.541 0.488 0.501 0.427 0.36 0.022 -0.16 -0.018 -0.107 -0.391 -0.378 -0.271 -0.314 -0.092 0.377 0.684 0.863 0.965 0.967 0.962 0.959 0.944 0.916 0.844 0.817 0.901 0.881 0.855 0.835 0.827 0.817 0.792 0.775 0.706 0.532 -9 -9 -9 -9 -9 -9 -9 -9 -9 -9 -9 -9 -9 -9 -9 -9
