data/climatemaps/RS_maps/climate_winter_pr_2014.asc
NCOLS 369 
NROWS 228 
XLLCORNER 479000 
YLLCORNER 73000 
CELLSIZE 1000 
NODATA_value -9 
[rows 165 to 197 of 228, columns 152 to 227 of 369]
0.384 0.497 0.349 0.368 0.552 0.61 0.392 0.572 0.484 0.338 0.166 -0.062 -0.18 -0.101 -0.249 -0.358 -0.421 -0.476 -0.445 -0.386 -0.315 -0.183 -0.049 -0.147 -0.144 -0.026 -0.071 -0.055 0.024 0.189 0.385 0.562 0.73 0.828 0.872 0.913 0.996 1.171 1.331 1.39 1.556 1.584 1.457 1.274 0.896 0.756 1.006 1.301 1.518 1.562 1.437 1.227 0.749 0.284 0.058 -0.079 -0.065 0.066 0.255 0.318 0.158 0.006 -0.095 0.052 0.319 0.533 0.718 0.919 0.991 0.947 0.888 0.712 0.336 0.022 0.121 0.296
0.252 0.3 0.124 0.245 0.419 0.452 0.279 0.321 0.33 0.117 -0.143 -0.293 -0.283 -0.308 -0.475 -0.583 -0.578 -0.486 -0.361 -0.24 -0.128 0.093 0.215 0.152 -0.042 -0.133 -0.102 0.008 0.085 0.213 0.443 0.617 0.717 0.736 0.753 0.712 0.845 1.021 1.223 1.336 1.405 1.478 1.44 1.262 0.881 0.722 1.009 1.289 1.459 1.457 1.238 0.935 0.652 0.509 0.39 0.139 -0.098 -0.141 0.003 -0.033 -0.118 -0.135 -0.06 0.178 0.44 0.621 0.859 0.993 0.907 0.698 0.572 0.456 0.135 -0.008 0.133 0.211
0.106 0.147 -0.114 -0.013 0.162 0.281 0.116 0.071 0.186 -0.054 -0.372 -0.469 -0.42 -0.527 -0.666 -0.715 -0.594 -0.398 -0.184 0.03 0.122 0.358 0.479 0.4 0.176 -0.049 0.029 0.15 0.208 0.277 0.461 0.595 0.664 0.601 0.589 0.564 0.721 0.896 1.09 1.168 1.157 1.194 1.142 0.991 0.715 0.673 0.993 1.281 1.427 1.428 1.258 1.006 0.829 0.763 0.614 0.382 0.14 -0.097 -0.196 -0.243 -0.181 -0.084 0.056 0.222 0.446 0.671 0.823 0.958 0.918 0.804 0.648 0.389 0.11 -0.093 -0.069 0.004
-0.161 -0.131 -0.314 -0.269 -0.079 0.043 -0.037 -0.136 -0.034 -0.191 -0.498 -0.62 -0.664 -0.748 -0.784 -0.707 -0.533 -0.313 -0.046 0.254 0.42 0.551 0.554 0.471 0.315 0.085 0.127 0.248 0.331 0.444 0.534 0.566 0.598 0.518 0.421 0.475 0.6 0.76 0.925 0.913 0.816 0.781 0.669 0.549 0.486 0.645 0.939 1.227 1.393 1.453 1.383 1.202 1.007 0.854 0.736 0.582 0.372 0.102 -0.236 -0.311 -0.145 0.031 0.13 0.34 0.465 0.667 0.66 0.876 1.015 0.974 0.785 0.579 0.277 -0.11 -0.2 -0.098
-0.453 -0.395 -0.541 -0.484 -0.295 -0.225 -0.241 -0.369 -0.28 -0.392 -0.657 -0.77 -0.834 -0.874 -0.819 -0.677 -0.485 -0.211 0.075 0.409 0.567 0.639 0.621 0.586 0.456 0.269 0.248 0.36 0.492 0.641 0.635 0.536 0.491 0.401 0.327 0.415 0.519 0.645 0.79 0.758 0.605 0.417 0.278 0.284 0.423 0.713 0.992 1.21 1.279 1.274 1.204 1.029 0.868 0.704 0.652 0.616 0.43 0.122 -0.233 -0.278 -0.123 0.048 0.221 0.39 0.55 0.613 0.58 0.743 0.857 0.901 0.871 0.718 0.332 -0.056 -0.146 0.038
-0.75 -0.722 -0.759 -0.708 -0.578 -0.529 -0.512 -0.582 -0.596 -0.662 -0.811 -0.889 -0.91 -0.896 -0.826 -0.642 -0.398 -0.142 0.118 0.378 0.554 0.645 0.736 0.704 0.583 0.51 0.452 0.487 0.692 0.775 0.676 0.458 0.316 0.262 0.274 0.352 0.411 0.506 0.648 0.602 0.411 0.133 0.108 0.334 0.514 0.813 1.106 1.184 1.131 0.984 0.842 0.654 0.547 0.42 0.405 0.441 0.335 0.023 -0.286 -0.191 -0.004 0.131 0.276 0.422 0.529 0.582 0.494 0.539 0.616 0.69 0.797 0.788 0.394 -0.021 -0.1 0.065
-1.005 -0.995 -0.978 -0.91 -0.828 -0.785 -0.772 -0.82 -0.853 -0.886 -0.934 -0.947 -0.927 -0.89 -0.813 -0.629 -0.386 -0.174 0.022 0.307 0.53 0.673 0.794 0.769 0.637 0.635 0.648 0.619 0.809 0.778 0.652 0.43 0.226 0.199 0.215 0.21 0.234 0.384 0.458 0.354 0.122 -0.072 0.131 0.458 0.723 0.904 1.164 1.126 0.987 0.811 0.686 0.529 0.334 0.165 0.099 0.138 0.072 -0.102 -0.274 -0.227 -0.04 0.026 0.103 0.291 0.328 0.504 0.589 0.561 0.48 0.458 0.575 0.613 0.395 0.025 0.001 0.131
-1.167 -1.157 -1.132 -1.082 -1.043 -1.007 -1 -1.01 -1.01 -0.986 -0.947 -0.92 -0.892 -0.841 -0.746 -0.608 -0.457 -0.298 -0.084 0.183 0.426 0.638 0.787 0.79 0.648 0.669 0.736 0.743 0.812 0.763 0.694 0.471 0.169 0.127 0.107 0.031 0.103 0.231 0.196 0.033 -0.135 -0.102 0.178 0.528 0.837 1.04 1.208 1.139 0.999 0.83 0.689 0.5 0.266 0.038 -0.019 0.056 0.052 0.017 -0.094 -0.204 -0.195 -0.148 -0.047 0.096 0.169 0.291 0.406 0.503 0.633 0.585 0.514 0.442 0.297 0.08 0.161 0.301
-1.216 -1.207 -1.209 -1.204 -1.19 -1.17 -1.138 -1.083 -1.031 -0.918 -0.826 -0.785 -0.769 -0.763 -0.709 -0.651 -0.57 -0.439 -0.209 0.072 0.361 0.627 0.723 0.679 0.643 0.603 0.635 0.733 0.779 0.784 0.769 0.434 0.025 -0.037 -0.027 -0.104 0.05 0.091 -0.07 -0.277 -0.287 -0.036 0.248 0.611 0.933 1.128 1.183 1.159 0.929 0.662 0.477 0.315 0.092 -0.067 0.038 0.327 0.348 0.303 0.213 -0.012 -0.211 -0.251 -0.213 -0.137 -0.01 0.04 0.193 0.375 0.583 0.66 0.662 0.516 0.314 0.133 0.229 0.363
-1.146 -1.155 -1.21 -1.237 -1.206 -1.177 -1.1 -1.009 -0.963 -0.792 -0.624 -0.549 -0.582 -0.668 -0.667 -0.608 -0.532 -0.417 -0.239 0.028 0.32 0.524 0.534 0.47 0.435 0.385 0.458 0.603 0.686 0.716 0.645 0.374 0.055 -0.148 -0.236 -0.209 -0.089 -0.088 -0.256 -0.441 -0.337 0.003 0.364 0.668 0.879 1.04 1.082 1.005 0.813 0.519 0.324 0.194 0.057 0.047 0.255 0.494 0.554 0.542 0.501 0.267 0.053 -0.09 -0.22 -0.259 -0.199 -0.11 0.106 0.308 0.361 0.561 0.73 0.701 0.502 0.243 0.179 0.307
-1.047 -1.078 -1.178 -1.242 -1.174 -1.086 -0.965 -0.872 -0.884 -0.652 -0.439 -0.339 -0.435 -0.533 -0.576 -0.483 -0.425 -0.314 -0.156 0.058 0.341 0.37 0.313 0.225 0.194 0.195 0.303 0.432 0.48 0.539 0.477 0.387 0.231 -0.086 -0.317 -0.372 -0.292 -0.29 -0.456 -0.566 -0.374 -0.019 0.393 0.696 0.874 0.949 0.971 0.848 0.706 0.514 0.459 0.406 0.247 0.265 0.442 0.684 0.773 0.791 0.702 0.472 0.364 0.209 -0.005 -0.183 -0.259 -0.197 0.005 0.142 0.155 0.381 0.621 0.744 0.663 0.45 0.229 0.221
-0.98 -1.05 -1.175 -1.23 -1.156 -1.04 -0.89 -0.771 -0.759 -0.554 -0.33 -0.267 -0.32 -0.336 -0.427 -0.413 -0.35 -0.239 -0.032 0.142 0.264 0.298 0.204 0.102 0.074 0.102 0.165 0.23 0.35 0.47 0.557 0.511 0.322 0.079 -0.24 -0.457 -0.525 -0.535 -0.611 -0.563 -0.314 0.037 0.42 0.655 0.836 0.917 0.986 1.027 0.895 0.7 0.705 0.633 0.576 0.591 0.687 0.803 0.87 0.907 0.851 0.73 0.694 0.518 0.309 0.014 -0.208 -0.243 -0.12 -0.075 -0.01 0.21 0.439 0.699 0.742 0.601 0.387 0.187
-0.908 -1.035 -1.193 -1.223 -1.145 -1.024 -0.871 -0.689 -0.658 -0.456 -0.223 -0.175 -0.162 -0.166 -0.31 -0.392 -0.291 -0.161 0.029 0.116 0.259 0.368 0.226 0.09 -0.024 -0.053 -0.085 -0.016 0.167 0.319 0.506 0.533 0.376 0.174 -0.165 -0.439 -0.624 -0.667 -0.666 -0.525 -0.248 0.078 0.441 0.646 0.822 0.971 1.171 1.185 1.022 0.857 0.862 0.814 0.783 0.783 0.836 0.862 0.868 0.9 0.953 0.907 0.887 0.72 0.478 0.198 -0.071 -0.235 -0.238 -0.204 -0.071 0.163 0.373 0.612 0.717 0.716 0.615 0.423
-0.887 -1.025 -1.185 -1.2 -1.12 -1.008 -0.842 -0.668 -0.596 -0.425 -0.232 -0.162 -0.153 -0.209 -0.313 -0.391 -0.342 -0.205 -0.001 0.224 0.4 0.385 0.253 0.15 -0.106 -0.295 -0.327 -0.269 -0.154 0 0.167 0.317 0.321 0.118 -0.123 -0.377 -0.598 -0.694 -0.621 -0.438 -0.195 0.113 0.423 0.636 0.856 1.083 1.228 1.206 1.105 0.984 0.92 0.829 0.751 0.709 0.743 0.802 0.792 0.73 0.887 0.83 0.867 0.741 0.556 0.421 0.137 -0.156 -0.291 -0.27 -0.126 0.058 0.23 0.468 0.701 0.8 0.765 0.652
-0.913 -1.036 -1.199 -1.177 -1.114 -1.024 -0.828 -0.623 -0.579 -0.432 -0.242 -0.185 -0.236 -0.3 -0.324 -0.343 -0.329 -0.23 -0.002 0.251 0.42 0.321 0.224 0.163 -0.143 -0.336 -0.412 -0.478 -0.432 -0.278 -0.118 0.034 0.104 -0.023 -0.181 -0.372 -0.575 -0.683 -0.585 -0.414 -0.179 0.114 0.373 0.54 0.788 1.056 1.174 1.204 1.185 1.043 0.907 0.771 0.644 0.564 0.568 0.611 0.621 0.57 0.686 0.639 0.707 0.702 0.678 0.61 0.35 0.021 -0.22 -0.313 -0.281 -0.154 0.041 0.304 0.547 0.731 0.712 0.56
-1.007 -1.111 -1.198 -1.16 -1.054 -0.971 -0.813 -0.611 -0.516 -0.413 -0.244 -0.23 -0.294 -0.352 -0.326 -0.317 -0.303 -0.271 -0.07 0.084 0.224 0.25 0.188 0.085 -0.161 -0.265 -0.352 -0.512 -0.599 -0.518 -0.359 -0.234 -0.164 -0.169 -0.284 -0.43 -0.573 -0.653 -0.566 -0.379 -0.131 0.062 0.273 0.442 0.75 0.946 1.019 1.113 1.229 1.146 1.027 0.863 0.71 0.607 0.604 0.543 0.488 0.435 0.402 0.392 0.464 0.582 0.7 0.623 0.382 0.144 -0.105 -0.299 -0.368 -0.322 -0.136 0.1 0.372 0.673 0.662 0.564
-1.105 -1.168 -1.203 -1.158 -1.025 -0.915 -0.777 -0.587 -0.48 -0.427 -0.224 -0.223 -0.319 -0.376 -0.396 -0.413 -0.405 -0.38 -0.19 -0.138 -0.019 0.065 0.085 -0.01 -0.228 -0.328 -0.448 -0.553 -0.663 -0.679 -0.592 -0.489 -0.424 -0.317 -0.327 -0.466 -0.581 -0.633 -0.481 -0.244 -0.054 -0.042 0.113 0.337 0.595 0.754 0.91 1.099 1.123 1.13 1.043 0.967 0.872 0.783 0.759 0.681 0.63 0.555 0.38 0.198 0.268 0.443 0.501 0.44 0.321 0.213 0.057 -0.159 -0.299 -0.357 -0.242 -0.05 0.221 0.564 0.694 0.648
-1.146 -1.106 -1.134 -1.155 -1.043 -0.899 -0.76 -0.585 -0.471 -0.417 -0.229 -0.191 -0.259 -0.316 -0.464 -0.54 -0.516 -0.443 -0.314 -0.321 -0.278 -0.204 -0.161 -0.207 -0.364 -0.519 -0.66 -0.713 -0.727 -0.753 -0.743 -0.689 -0.624 -0.451 -0.335 -0.455 -0.587 -0.596 -0.39 -0.155 -0.038 -0.092 0.091 0.382 0.566 0.696 0.893 1.027 0.994 0.954 0.889 0.836 0.809 0.768 0.738 0.691 0.606 0.528 0.385 0.154 0.182 0.28 0.292 0.21 0.136 0.141 0.129 -0.026 -0.219 -0.339 -0.238 -0.009 0.235 0.451 0.512 0.483
-1.091 -0.999 -0.998 -1.12 -1.071 -0.937 -0.794 -0.616 -0.474 -0.383 -0.266 -0.158 -0.137 -0.209 -0.364 -0.564 -0.577 -0.518 -0.424 -0.406 -0.476 -0.447 -0.446 -0.471 -0.612 -0.741 -0.826 -0.848 -0.825 -0.796 -0.788 -0.763 -0.716 -0.549 -0.34 -0.415 -0.596 -0.58 -0.343 -0.133 -0.127 -0.158 0.124 0.436 0.611 0.686 0.871 0.971 0.946 0.863 0.759 0.643 0.636 0.628 0.644 0.622 0.465 0.364 0.264 0.096 0.054 0.068 0.065 -0.019 -0.059 -0.01 0.065 -0.048 -0.241 -0.363 -0.305 -0.069 0.161 0.337 0.357 0.37
-1.038 -0.936 -0.887 -1.032 -1.079 -0.976 -0.828 -0.651 -0.489 -0.373 -0.27 -0.119 -0.088 -0.184 -0.305 -0.507 -0.615 -0.623 -0.552 -0.532 -0.623 -0.619 -0.657 -0.698 -0.761 -0.798 -0.794 -0.755 -0.7 -0.636 -0.608 -0.622 -0.655 -0.586 -0.379 -0.402 -0.586 -0.569 -0.356 -0.226 -0.22 -0.116 0.12 0.357 0.579 0.713 0.841 0.891 0.896 0.913 0.83 0.687 0.644 0.586 0.543 0.516 0.497 0.481 0.371 0.192 0.072 -0.04 -0.066 -0.093 -0.127 -0.159 -0.11 -0.14 -0.269 -0.352 -0.356 -0.161 0.046 0.153 0.162 0.13
-0.99 -0.868 -0.808 -0.906 -1.036 -0.985 -0.839 -0.71 -0.573 -0.429 -0.267 -0.104 -0.09 -0.167 -0.225 -0.353 -0.537 -0.688 -0.7 -0.695 -0.652 -0.6 -0.728 -0.78 -0.682 -0.648 -0.572 -0.516 -0.427 -0.352 -0.305 -0.347 -0.435 -0.579 -0.426 -0.365 -0.556 -0.615 -0.425 -0.345 -0.233 -0.099 0.076 0.354 0.571 0.623 0.667 0.741 0.711 0.867 0.795 0.756 0.827 0.698 0.693 0.644 0.684 0.626 0.524 0.316 0.197 0.001 -0.007 -0.045 -0.1 -0.207 -0.206 -0.249 -0.319 -0.365 -0.387 -0.239 -0.095 -0.066 -0.073 -0.097
-0.923 -0.79 -0.73 -0.79 -0.949 -0.982 -0.863 -0.77 -0.657 -0.506 -0.325 -0.123 -0.041 -0.05 -0.09 -0.193 -0.379 -0.632 -0.693 -0.649 -0.591 -0.605 -0.719 -0.652 -0.53 -0.472 -0.394 -0.322 -0.271 -0.213 -0.136 -0.136 -0.229 -0.473 -0.476 -0.456 -0.609 -0.646 -0.51 -0.416 -0.313 -0.171 0.076 0.349 0.494 0.502 0.471 0.49 0.569 0.694 0.752 0.782 0.839 0.778 0.783 0.731 0.689 0.638 0.528 0.333 0.152 0.03 -0.041 -0.115 -0.163 -0.219 -0.215 -0.213 -0.26 -0.336 -0.379 -0.344 -0.28 -0.263 -0.261 -0.265
-0.852 -0.707 -0.676 -0.725 -0.833 -0.976 -0.895 -0.805 -0.707 -0.585 -0.418 -0.166 0.039 0.074 0.016 -0.096 -0.294 -0.568 -0.552 -0.524 -0.593 -0.685 -0.639 -0.513 -0.419 -0.404 -0.349 -0.273 -0.245 -0.231 -0.084 -0.044 -0.15 -0.431 -0.538 -0.57 -0.704 -0.681 -0.575 -0.497 -0.399 -0.166 0.08 0.344 0.378 0.368 0.307 0.288 0.406 0.497 0.645 0.669 0.783 0.783 0.779 0.707 0.575 0.466 0.367 0.183 0.007 -0.057 -0.125 -0.17 -0.17 -0.155 -0.075 -0.05 -0.132 -0.266 -0.348 -0.387 -0.383 -0.373 -0.364 -0.358
-0.825 -0.673 -0.633 -0.623 -0.674 -0.865 -0.929 -0.865 -0.784 -0.658 -0.468 -0.238 -0.009 0.023 -0.025 -0.123 -0.332 -0.468 -0.429 -0.464 -0.596 -0.646 -0.538 -0.461 -0.41 -0.41 -0.393 -0.366 -0.341 -0.274 -0.138 -0.13 -0.223 -0.424 -0.579 -0.651 -0.722 -9 -9 -0.511 -0.312 -0.04 0.181 0.311 0.354 0.373 0.294 0.19 0.298 0.349 0.413 0.449 0.563 0.634 0.591 0.538 0.437 0.247 0.124 0.01 -0.073 -0.101 -0.086 -0.027 -0.001 0.046 0.119 0.129 -0.021 -0.198 -0.313 -0.379 -0.407 -0.411 -0.405 -0.397
-0.801 -0.637 -0.569 -0.506 -0.521 -0.716 -0.932 -0.927 -0.828 -0.698 -0.546 -0.351 -0.065 -0.084 -0.13 -0.195 -0.386 -0.374 -0.343 -0.405 -0.583 -0.543 -0.408 -0.403 -0.355 -0.377 -0.426 -0.468 -0.472 -0.338 -0.185 -0.17 -0.25 -0.403 -0.605 -0.702 -0.747 -9 -9 -9 -0.195 0.023 0.172 0.188 0.223 0.235 0.186 0.054 0.109 0.124 0.193 0.241 0.339 0.41 0.389 0.325 0.276 0.106 0.004 -0.016 -0.024 0.006 0.076 0.21 0.286 0.326 0.305 0.21 -0.011 -0.188 -0.297 -0.362 -0.399 -0.41 -0.403 -0.386
-0.772 -0.601 -0.459 -0.396 -0.48 -0.654 -0.883 -0.943 -0.868 -0.776 -0.648 -0.453 -0.219 -0.146 -0.148 -0.152 -0.218 -0.249 -0.282 -0.401 -0.521 -0.409 -0.321 -0.305 -0.292 -0.315 -0.401 -0.515 -0.546 -0.463 -0.294 -0.232 -0.279 -0.423 -0.64 -0.731 -0.76 -9 -9 -9 -9 -9 0.004 0.046 0.066 0.039 -0.006 -0.068 -0.074 -0.057 -0.007 0.071 0.158 0.212 0.174 0.103 0.061 0.008 0.027 0.127 0.146 0.219 0.319 0.507 0.582 0.549 0.429 0.194 -0.05 -0.185 -0.275 -0.333 -0.365 -0.369 -0.351 -0.309
-0.733 -0.567 -0.397 -0.343 -0.471 -0.628 -0.856 -0.964 -0.912 -0.852 -0.71 -0.517 -0.277 -0.112 -0.142 -0.09 -0.152 -0.161 -0.198 -0.407 -0.426 -0.302 -0.264 -0.26 -0.319 -0.359 -0.44 -0.593 -0.629 -0.586 -0.462 -0.395 -0.434 -0.551 -0.711 -0.759 -0.775 -9 -9 -9 -9 -9 -9 -0.081 -0.047 -0.059 -0.071 -0.09 -0.094 -0.096 -0.082 -0.028 0.024 0.05 0.014 0.008 0.027 0.047 0.137 0.289 0.366 0.498 0.612 0.809 0.733 0.601 0.434 0.168 -0.038 -0.159 -0.245 -0.292 -0.308 -0.283 -0.211 -0.099
-0.645 -0.509 -0.393 -0.364 -0.401 -0.537 -0.788 -0.986 -0.93 -0.855 -0.723 -0.541 -0.304 -0.108 -0.132 -0.058 -0.11 -0.154 -0.3 -0.426 -0.362 -0.295 -0.318 -0.321 -0.372 -0.506 -0.562 -0.652 -0.707 -0.696 -0.641 -0.598 -0.605 -0.675 -0.745 -0.778 -9 -9 -9 -9 -9 -9 -9 -9 0.011 0.046 0.081 0.089 0.058 0.032 0.023 0.027 0.026 0.02 0.036 0.107 0.167 0.199 0.277 0.412 0.564 0.721 0.867 0.984 0.865 0.661 0.416 0.167 -0.011 -0.135 -0.214 -0.241 -0.214 -0.112 0.037 0.198
-0.608 -0.464 -0.357 -0.338 -0.416 -0.532 -0.752 -0.959 -0.937 -0.84 -0.727 -0.589 -0.421 -0.245 -0.134 -0.118 -0.178 -0.255 -0.373 -0.388 -0.352 -0.373 -0.413 -0.426 -0.482 -0.563 -0.585 -0.635 -0.688 -0.71 -0.664 -0.634 -0.641 -0.702 -0.764 -0.793 -9 -9 -9 -9 -9 -9 -9 -9 -9 0.278 0.335 0.339 0.224 0.269 0.29 0.278 0.223 0.153 0.187 0.227 0.294 0.289 0.278 0.353 0.58 0.708 0.905 1.053 0.913 0.7 0.391 0.164 0.004 -0.115 -0.179 -0.179 -0.068 0.101 0.306 0.471
-0.595 -0.403 -0.32 -0.336 -0.447 -0.58 -0.762 -0.934 -0.952 -0.852 -0.76 -0.682 -0.539 -0.353 -0.196 -0.176 -0.241 -0.319 -0.394 -0.388 -0.38 -0.413 -0.436 -0.46 -0.502 -0.51 -0.472 -0.502 -0.58 -0.611 -0.551 -0.546 -0.594 -0.686 -0.769 -0.802 -9 -9 -9 -9 -9 -9 -9 -9 -9 -9 0.517 0.483 0.397 0.496 0.574 0.519 0.404 0.287 0.24 0.277 0.281 0.231 0.173 0.314 0.515 0.594 0.801 0.963 0.854 0.635 0.368 0.165 0.013 -0.079 -0.106 -0.044 0.124 0.326 0.496 0.557
-0.587 -0.39 -0.343 -0.382 -0.482 -0.641 -0.751 -0.831 -0.943 -0.92 -0.828 -0.758 -0.624 -0.422 -0.221 -0.175 -0.235 -0.337 -0.445 -0.512 -0.514 -0.455 -0.397 -0.378 -0.393 -0.391 -0.348 -0.378 -0.45 -0.445 -0.401 -0.473 -0.579 -0.692 -0.782 -0.809 -9 -9 -9 -9 -9 -9 -9 -9 -9 -9 -9 0.555 0.632 0.656 0.788 0.673 0.53 0.478 0.289 0.248 0.168 0.107 0.077 0.256 0.423 0.438 0.746 0.887 0.78 0.541 0.316 0.151 0.016 -0.021 0.011 0.11 0.294 0.48 0.584 0.512
-0.564 -0.365 -0.378 -0.421 -0.492 -0.605 -0.653 -0.692 -0.872 -0.939 -0.815 -0.731 -0.628 -0.46 -0.273 -0.251 -0.315 -0.405 -0.485 -0.57 -0.64 -0.601 -0.512 -0.426 -0.404 -0.406 -0.37 -0.407 -0.433 -0.384 -0.354 -0.461 -0.611 -0.734 -0.799 -9 -9 -9 -9 -9 -9 -9 -9 -9 -9 -9 -9 0.733 0.788 0.791 0.892 0.788 0.744 0.657 0.466 0.404 0.265 0.177 0.078 0.186 0.348 0.376 0.565 0.751 0.683 0.48 0.284 0.13 0.035 0.059 0.127 0.212 0.35 0.482 0.526 0.44
-0.56 -0.382 -0.369 -0.387 -0.421 -0.503 -0.539 -0.587 -0.794 -0.893 -0.808 -0.7 -0.571 -0.437 -0.301 -0.322 -0.371 -0.399 -0.412 -0.516 -0.682 -0.777 -0.686 -0.555 -0.453 -0.462 -0.483 -0.477 -0.538 -0.503 -0.439 -0.533 -0.688 -0.781 -9 -9 -9 -9 -9 -9 -9 -9 -9 -9 -9 -9 -9 -9 0.869 0.813 0.956 0.854 0.965 0.769 0.649 0.646 0.438 0.346 0.124 0.174 0.299 0.324 0.378 0.638 0.63 0.435 0.248 0.105 0.029 0.094 0.172 0.261 0.357 0.434 0.408 0.344
