data/climatemaps/RS_maps/climate_breeding_tmp_2001.asc
NCOLS 369 
NROWS 228 
XLLCORNER 479000 
YLLCORNER 73000 
CELLSIZE 1000 
NODATA_value -9 
[rows 102 to 135 of 228, columns 228 to 303 of 369]
-0.491 -1.075 -1.153 -1.219 -1.325 -1.444 -1.496 -1.687 -1.403 -0.93 -0.276 0.283 0.45 0.01 -0.769 -0.781 -0.963 -1.333 -1.575 -1.442 -1.433 -1.305 -1.038 -0.641 -0.115 -0.05 -0.523 -0.632 -0.851 -1.254 -1.99 -2.044 -1.613 -1.238 -1.076 -1.009 -0.919 -0.812 -0.69 -0.74 -1.188 -1.246 -0.83 -1.113 -0.929 -0.426 0.048 -0.174 -0.945 -0.818 -0.35 -0.041 0.287 0.684 0.702 0.484 -0.18 -0.676 -0.432 -0.427 -0.867 -0.897 -0.532 -0.144 -0.123 -0.269 -0.045 0.121 0.21 0.207 0.219 0.158 0.087 -0.102 -0.398 -0.708
-0.515 -1.052 -1.156 -1.132 -1.103 -1.247 -1.593 -1.482 -1.127 -0.777 -0.103 0.468 0.168 -0.16 -0.754 -1.253 -1.345 -1.52 -1.797 -1.668 -1.219 -0.969 -0.699 -0.375 -0.098 -0.124 -0.399 -0.821 -1.103 -1.674 -2.329 -2.128 -1.585 -1.302 -1.339 -1.476 -1.354 -1.33 -1.111 -0.897 -0.69 -0.583 -0.345 -0.258 -0.174 0.076 -0.108 -0.865 -1.218 -1.15 -0.722 -0.245 0.169 0.675 0.685 0.347 -0.193 -0.675 -0.795 -0.486 -0.77 -1.054 -0.728 -0.411 -0.226 -0.551 -0.532 -0.326 -0.058 -0.117 -0.136 -0.064 0.048 0.129 -0.006 -0.276
-0.361 -0.661 -1.065 -1.179 -1.501 -1.448 -1.093 -0.716 -0.531 -0.274 0.197 0.321 -0.347 -0.567 -0.467 -1.006 -1.487 -1.625 -1.622 -1.494 -1.159 -0.657 -0.319 -0.181 -0.375 -0.696 -0.635 -1.126 -1.556 -1.997 -2.203 -2.163 -1.94 -1.783 -1.886 -2.118 -2.147 -2.206 -1.965 -1.654 -1.553 -1.701 -1.46 -0.887 -0.108 -0.119 -1.03 -1.81 -1.572 -1.165 -0.736 -0.224 0.311 0.699 0.641 0.293 -0.132 -0.653 -1.041 -0.641 -0.727 -1.137 -0.955 -0.671 -0.357 -0.78 -0.964 -0.723 -0.306 -0.5 -0.666 -0.488 -0.295 -0.153 -0.054 0.079
-0.669 -1.32 -1.452 -1.499 -1.291 -0.744 -0.484 -0.535 -0.59 -0.425 0.17 0.188 -0.403 -1.002 -0.656 -0.747 -1.388 -1.59 -1.352 -1.072 -0.838 -0.477 -0.257 -0.541 -1.108 -1.278 -1.035 -1.484 -1.831 -1.933 -1.986 -1.972 -1.945 -1.674 -1.728 -2.064 -2.171 -2.297 -2.368 -2.337 -2.174 -1.515 -1.069 -0.607 -0.02 -0.498 -1.327 -1.831 -1.428 -1.113 -0.619 0.031 0.564 0.664 0.555 0.263 -0.236 -0.577 -1.051 -0.819 -0.968 -1.31 -1.152 -0.718 -0.587 -0.84 -1.273 -0.98 -0.616 -0.817 -0.975 -0.858 -0.681 -0.527 -0.361 -0.076
-0.937 -1.432 -1.471 -1.063 -0.617 -0.522 -0.715 -0.963 -1.078 -0.724 0.11 0.073 -0.611 -1.205 -1.056 -0.753 -1.492 -1.67 -1.229 -0.784 -0.61 -0.468 -0.783 -1.192 -1.755 -1.674 -1.47 -1.971 -1.85 -1.634 -1.746 -1.825 -1.6 -1.4 -1.334 -1.651 -1.896 -2.115 -2.132 -1.828 -1.797 -1.407 -0.931 -0.341 -0.138 -0.814 -1.729 -1.614 -1.31 -0.949 -0.453 0.228 0.655 0.586 0.435 0.179 -0.365 -0.769 -1.109 -1.061 -1.406 -1.393 -1.095 -0.806 -0.996 -1.065 -1.427 -1.118 -0.973 -1.047 -1.263 -1.078 -0.882 -0.772 -0.75 -0.645
-1.473 -1.63 -1.151 -0.63 -0.654 -0.922 -1.122 -1.078 -0.989 -0.569 0.127 -0.239 -0.906 -1.622 -1.427 -1.058 -1.853 -1.789 -1.337 -1.1 -0.999 -0.714 -1.38 -2.063 -2.138 -1.982 -1.948 -2.135 -1.882 -1.469 -1.612 -1.835 -1.891 -1.809 -1.318 -1.244 -1.643 -1.998 -2.076 -1.864 -1.446 -0.965 -0.566 -0.177 -0.485 -1.099 -1.684 -1.409 -1.018 -0.624 -0.08 0.479 0.684 0.544 0.328 0.008 -0.61 -1.178 -1.364 -1.435 -1.609 -1.362 -1.181 -1.255 -1.39 -1.291 -1.435 -1.115 -1.283 -1.302 -1.451 -1.292 -1.095 -1.053 -1.125 -1.099
-1.524 -1.431 -0.896 -0.84 -1.079 -1.4 -1.348 -1.168 -0.935 -0.516 0.002 -0.658 -1.38 -1.979 -1.758 -1.716 -2.149 -2.106 -1.855 -1.793 -1.453 -1.068 -1.845 -2.265 -2.141 -1.942 -1.852 -1.793 -1.795 -1.566 -1.286 -1.311 -1.641 -1.724 -1.634 -0.988 -1.224 -1.654 -1.806 -1.797 -1.32 -0.883 -0.407 -0.254 -0.867 -1.371 -1.353 -1.057 -0.533 -0.086 0.389 0.663 0.679 0.532 0.198 -0.332 -0.914 -1.235 -1.187 -1.425 -1.495 -1.467 -1.407 -1.457 -1.434 -1.456 -1.367 -1.259 -1.417 -1.508 -1.478 -1.386 -1.34 -1.351 -1.509 -1.448
-1.28 -1.251 -1.036 -1.279 -1.455 -1.914 -1.72 -1.471 -1.192 -0.573 -0.231 -0.882 -1.636 -1.925 -1.923 -2.28 -2.042 -2.097 -1.859 -1.847 -1.693 -1.605 -2.107 -1.957 -1.891 -1.759 -1.628 -1.528 -1.46 -1.383 -1.083 -0.882 -1.056 -1.387 -1.472 -0.966 -0.782 -1.143 -1.499 -1.507 -1.158 -0.85 -0.37 -0.344 -0.928 -1.078 -0.751 -0.426 0.039 0.47 0.655 0.691 0.66 0.383 -0.143 -0.704 -0.792 -0.762 -0.766 -1.037 -0.999 -1.135 -1.099 -1.216 -1.216 -1.259 -1.467 -1.528 -1.421 -1.346 -1.258 -1.335 -1.482 -1.601 -1.635 -1.418
-1.574 -1.475 -1.372 -1.681 -1.955 -2.093 -1.919 -1.572 -1.053 -0.552 -1.105 -1.025 -1.432 -1.701 -1.83 -2.303 -1.883 -1.847 -1.829 -1.619 -1.778 -1.833 -1.864 -1.614 -1.601 -1.615 -1.411 -1.315 -1.186 -1.086 -0.944 -0.61 -0.622 -0.777 -1.077 -0.897 -0.483 -0.608 -1.11 -1.225 -1.033 -0.586 -0.078 -0.052 -0.425 -0.315 0.053 0.318 0.541 0.685 0.681 0.628 0.585 0.282 -0.332 -0.443 -0.339 -0.368 -0.466 -0.643 -0.664 -0.787 -0.737 -0.877 -0.938 -1.064 -1.32 -1.413 -1.122 -1.137 -1.402 -1.625 -1.764 -1.793 -1.648 -1.333
-1.99 -1.91 -1.973 -2.154 -2.173 -1.841 -1.707 -1.304 -0.566 -0.869 -1.948 -1.522 -1.124 -1.298 -1.97 -2.271 -1.937 -1.661 -1.647 -1.4 -1.651 -1.494 -1.573 -1.29 -1.348 -1.666 -1.528 -1.336 -1.129 -0.867 -0.764 -0.51 -0.353 -0.236 -0.339 -0.29 -0.094 -0.119 -0.54 -0.704 -0.662 -0.317 0.172 0.352 0.278 0.427 0.576 0.653 0.684 0.581 0.44 0.093 0.169 0.445 0.11 0.141 0.171 0.074 -0.038 -0.173 -0.257 -0.358 -0.417 -0.466 -0.568 -0.824 -1.026 -1.215 -0.968 -1.328 -1.67 -1.731 -1.942 -1.893 -1.714 -1.38
-2.319 -2.337 -2.433 -2.344 -1.969 -1.431 -1.287 -0.914 -0.429 -1.236 -2.247 -2.034 -1.34 -1.214 -2.073 -1.988 -2.008 -1.706 -1.263 -0.813 -1.189 -1.107 -1.396 -1.12 -1.123 -1.475 -1.548 -1.424 -1.319 -0.973 -0.64 -0.359 -0.21 -0.046 0.003 0.066 0.196 0.249 0.088 -0.046 -0.013 0.126 0.372 0.554 0.607 0.665 0.679 0.653 0.542 0.252 -0.125 -0.444 -0.082 0.351 0.364 0.23 0.16 0.177 0.256 0.167 0.023 -0.052 -0.125 -0.208 -0.297 -0.482 -0.64 -0.846 -0.859 -1.289 -1.458 -1.462 -1.669 -1.852 -1.625 -1.292
-2.299 -2.296 -2.384 -2.314 -1.705 -1.393 -1.541 -1.358 -0.882 -1.273 -2.28 -2.071 -1.351 -1.422 -1.979 -1.853 -1.688 -1.646 -1.52 -0.927 -0.711 -0.944 -1.399 -1.281 -0.946 -1.255 -1.383 -1.121 -1.078 -0.85 -0.46 -0.209 -0.105 -0.03 0.044 0.111 0.243 0.356 0.339 0.389 0.441 0.505 0.591 0.613 0.593 0.639 0.392 0.194 0.051 -0.273 -0.7 -0.614 -0.183 0.143 -0.212 -0.302 -0.34 -0.375 -0.151 -0.132 -0.173 -0.34 -0.432 -0.53 -0.563 -0.379 -0.462 -0.693 -0.88 -1.033 -1.163 -1.389 -1.567 -1.682 -1.395 -1.016
-2.15 -2.092 -2.265 -2.211 -1.797 -1.959 -2.178 -1.62 -1.175 -1.599 -2.159 -1.846 -1.422 -1.725 -1.773 -1.807 -1.524 -1.264 -1.174 -0.951 -0.429 -0.81 -1.39 -1.308 -0.926 -1.013 -1.091 -0.771 -0.694 -0.663 -0.418 -0.086 -0.028 -0.067 0.059 0.189 0.283 0.374 0.46 0.454 0.52 0.575 0.609 0.641 0.512 0.259 -0.158 -0.374 -0.439 -0.693 -0.998 -0.582 -0.087 -0.042 -0.499 -0.834 -0.763 -0.748 -0.485 -0.497 -0.717 -0.874 -0.968 -1.039 -0.995 -0.586 -0.586 -0.922 -1.085 -1.241 -1.235 -1.621 -1.563 -1.376 -1.089 -0.74
-1.979 -2.031 -2.244 -2.017 -2.255 -2.838 -2.727 -1.763 -1.658 -2.355 -2.307 -1.991 -1.725 -1.646 -1.364 -1.336 -1.497 -1.24 -0.829 -0.703 -0.32 -0.568 -1.089 -1.043 -0.847 -0.778 -0.948 -0.55 -0.327 -0.365 -0.243 0.068 0.101 0.063 0.26 0.389 0.407 0.507 0.355 0.31 0.437 0.46 0.595 0.564 0.124 -0.314 -0.701 -0.915 -0.936 -1.191 -1.113 -0.585 -0.109 -0.21 -0.666 -1.101 -1.19 -1.075 -0.855 -0.752 -1.251 -1.338 -1.299 -1.2 -1.018 -0.632 -0.769 -1.058 -1.335 -1.614 -1.598 -1.696 -1.397 -1.075 -0.758 -0.635
-1.966 -2.069 -2.113 -1.599 -1.946 -2.73 -2.564 -2.19 -2.432 -2.563 -2.215 -1.814 -1.423 -1.25 -1.08 -0.892 -1.343 -1.309 -0.859 -0.626 -0.365 -0.257 -0.682 -0.605 -0.643 -0.569 -0.802 -0.481 -0.079 -0.033 0.008 0.22 0.339 0.387 0.456 0.372 0.243 0.335 0.384 0.103 0.02 0.236 0.578 0.44 -0.229 -0.512 -0.85 -1.049 -1.11 -1.24 -1.212 -0.786 -0.278 -0.244 -0.664 -1.035 -1.449 -1.322 -1.228 -0.917 -1.519 -1.552 -1.341 -1.089 -0.909 -0.666 -0.965 -1.223 -1.462 -1.758 -1.758 -1.685 -1.425 -0.951 -0.617 -0.906
-2.282 -1.74 -1.741 -1.426 -1.883 -2.434 -2.573 -2.272 -2.093 -2.245 -1.953 -1.711 -1.598 -1.598 -1.304 -0.85 -0.942 -1.083 -0.792 -0.51 -0.368 -0.052 -0.212 -0.161 -0.272 -0.228 -0.404 -0.235 0.094 0.338 0.368 0.414 0.454 0.417 0.373 0.126 -0.162 0.002 0.39 -0.004 -0.473 -0.079 0.433 0.576 0.056 -0.464 -0.566 -0.731 -0.987 -1.322 -1.316 -0.931 -0.42 -0.233 -0.566 -0.868 -1.327 -1.552 -1.341 -1.218 -1.567 -1.401 -1.163 -0.972 -0.782 -0.792 -1.212 -1.594 -1.83 -1.744 -1.568 -1.47 -1.197 -0.748 -0.675 -1.14
-2.088 -1.866 -1.319 -1.181 -1.744 -2.059 -2.155 -2.069 -1.708 -2.041 -2.209 -2.03 -1.746 -1.603 -1.309 -0.909 -0.591 -0.696 -0.585 -0.287 -0.121 0.129 0.197 0.254 0.175 0.223 0.12 0.202 0.372 0.519 0.497 0.392 0.221 0.042 0.066 -0.197 -0.545 -0.154 0.145 0.096 -0.668 -0.402 0.14 0.512 0.299 -0.348 -0.197 -0.439 -0.936 -1.455 -1.375 -0.922 -0.626 -0.357 -0.384 -0.715 -1.197 -1.713 -1.491 -1.523 -1.463 -1.207 -1.014 -0.933 -0.738 -1.073 -1.419 -1.692 -1.729 -1.685 -1.468 -1.156 -0.832 -0.56 -0.801 -1.173
-1.576 -1.786 -1.352 -1.068 -1.639 -1.85 -2.057 -2.075 -1.69 -1.439 -1.769 -1.587 -1.356 -1.157 -0.839 -0.537 -0.372 -0.354 -0.325 -0.147 0.148 0.326 0.297 0.233 0.249 0.371 0.422 0.469 0.494 0.454 0.245 -0.167 -0.416 -0.434 -0.311 -0.307 -0.667 -0.431 -0.261 0.133 -0.508 -0.632 -0.296 0.127 0.573 0.204 0.059 -0.408 -0.734 -1.252 -1.467 -1.239 -0.994 -0.679 -0.415 -0.622 -1.103 -1.695 -1.754 -1.753 -1.467 -1.142 -1.27 -1.209 -0.859 -1.358 -1.669 -1.857 -1.79 -1.386 -1.242 -0.963 -0.611 -0.729 -0.841 -0.888
-1.415 -1.305 -1.169 -0.996 -1.636 -1.934 -1.831 -1.669 -1.615 -1.117 -1.019 -1.007 -0.892 -0.693 -0.498 -0.223 -0.115 -0.055 -0.01 0.188 0.295 0.102 -0.021 -0.102 -0.125 -0.086 0.046 0.322 0.413 0.129 -0.291 -0.658 -0.868 -0.759 -0.615 -0.472 -1.079 -0.973 -0.425 0.059 -0.4 -0.849 -0.401 0.205 0.631 0.513 0.235 -0.263 -0.566 -0.839 -1.307 -1.56 -1.167 -0.811 -0.532 -0.638 -1.088 -1.636 -1.845 -1.678 -1.499 -1.319 -1.496 -1.107 -1.312 -1.423 -1.694 -1.743 -1.56 -1.413 -1.099 -0.685 -0.628 -0.998 -1.214 -0.851
-1.522 -1.24 -1.022 -0.789 -1.326 -1.783 -1.485 -1.3 -1.168 -0.948 -0.445 -0.404 -0.332 -0.251 -0.11 0.111 0.218 0.232 0.181 0.143 -0.071 -0.224 -0.338 -0.465 -0.546 -0.443 -0.191 0.068 0.397 0.004 -0.545 -0.831 -1.08 -1.287 -1.182 -0.946 -1.228 -1.021 -0.611 -0.102 -0.513 -0.882 -0.379 0.118 0.567 0.565 0.395 0.013 -0.404 -0.708 -1.194 -1.506 -1.143 -0.742 -0.52 -0.722 -1.168 -1.733 -2.036 -1.781 -1.789 -1.784 -1.405 -1.34 -1.684 -1.603 -1.734 -1.63 -1.367 -1.106 -0.878 -0.562 -0.762 -1.176 -1.456 -1.136
-1.6 -1.654 -1.475 -0.834 -0.902 -1.507 -1.168 -0.957 -0.587 -0.426 -0.056 0.123 0.161 0.184 0.202 0.093 0.002 -0.07 -0.139 -0.172 -0.369 -0.504 -0.595 -0.729 -0.898 -0.712 -0.462 -0.17 0.294 0.068 -0.217 -0.346 -0.683 -1.273 -1.724 -1.45 -1.214 -0.703 -0.378 -0.225 -0.786 -0.886 -0.41 0.056 0.5 0.628 0.495 0.24 -0.385 -0.967 -1.384 -1.414 -1.005 -0.624 -0.48 -0.774 -1.252 -1.81 -1.968 -2.058 -1.913 -1.667 -1.342 -1.635 -1.902 -1.742 -1.574 -1.538 -1.394 -1.397 -0.991 -0.574 -0.894 -1.269 -1.659 -1.484
-1.77 -1.725 -1.517 -0.993 -0.597 -1.066 -0.804 -0.516 -0.161 0.056 0.228 0.226 0.211 0.099 -0.105 -0.371 -0.473 -0.395 -0.488 -0.508 -0.645 -0.839 -0.917 -1.089 -0.894 -0.658 -0.399 -0.111 0.301 0.117 -0.088 -0.255 -0.609 -1.221 -1.838 -1.614 -1.162 -0.463 -0.229 -0.601 -1.058 -0.846 -0.431 0.023 0.461 0.644 0.563 0.367 -0.351 -0.921 -1.122 -1.335 -0.907 -0.585 -0.465 -0.654 -1.192 -1.554 -1.806 -1.919 -1.69 -1.53 -1.725 -1.905 -1.766 -1.55 -1.131 -1.259 -1.212 -1.177 -0.757 -0.631 -1.147 -1.404 -1.77 -1.774
-1.539 -1.42 -1.16 -0.831 -0.333 -0.455 -0.269 -0.079 0.167 0.218 -0.052 -0.269 -0.12 -0.44 -0.627 -0.866 -0.931 -0.651 -0.81 -0.777 -0.759 -1.129 -1.085 -0.867 -0.63 -0.399 -0.165 0.139 0.215 -0.161 -0.525 -0.62 -0.97 -1.58 -1.862 -1.346 -0.978 -0.363 -0.407 -1.011 -1.025 -0.743 -0.439 -0.043 0.379 0.628 0.606 0.43 -0.127 -0.489 -0.926 -1.348 -0.898 -0.627 -0.452 -0.569 -1.17 -1.417 -1.825 -1.747 -1.719 -1.755 -1.702 -1.547 -1.456 -1.299 -0.865 -0.84 -0.888 -0.88 -0.504 -0.744 -1.2 -1.582 -1.863 -1.958
-1.291 -0.959 -0.794 -0.434 -0.006 0.055 0.113 0.187 0.203 -0.128 -0.65 -0.823 -0.518 -0.763 -1.142 -1.242 -1.141 -0.832 -1.061 -1.05 -0.966 -1.122 -0.914 -0.648 -0.406 -0.166 0.066 0.241 0.014 -0.241 -0.675 -0.941 -1.167 -1.668 -1.68 -1.071 -0.657 -0.248 -0.566 -1.079 -0.95 -0.666 -0.378 -0.015 0.336 0.578 0.623 0.478 0.071 -0.44 -0.654 -1.15 -0.94 -0.624 -0.397 -0.516 -1.193 -1.791 -1.816 -1.676 -1.346 -1.403 -1.175 -1.057 -1.062 -0.924 -0.677 -0.456 -0.587 -0.615 -0.696 -0.839 -1.175 -1.56 -1.837 -2.032
-0.832 -0.432 -0.191 -0.009 -0.046 -0.166 -0.187 -0.254 -0.117 -0.488 -0.952 -1.063 -1.038 -0.935 -1.51 -1.496 -1.237 -0.984 -1.155 -1.274 -1.255 -1.119 -0.761 -0.497 -0.217 -0.007 0.217 0.13 -0.14 -0.295 -0.565 -0.844 -1.102 -1.448 -1.548 -1.01 -0.554 -0.221 -0.867 -1.065 -0.917 -0.657 -0.377 -0.055 0.257 0.482 0.616 0.559 0.392 -0.001 -0.432 -0.823 -0.694 -0.463 -0.299 -0.47 -1 -1.707 -1.642 -1.517 -1.092 -1.024 -0.889 -0.647 -0.763 -0.613 -0.401 -0.289 -0.487 -0.611 -1.148 -1.074 -1.163 -1.528 -1.769 -1.913
-0.264 -0.046 -0.035 -0.339 -0.54 -0.616 -0.641 -0.878 -0.316 -0.518 -0.905 -1.308 -1.427 -1.264 -1.787 -1.577 -1.286 -1.179 -1.351 -1.254 -1.232 -0.974 -0.694 -0.343 -0.078 0.129 0.198 -0.167 -0.585 -0.408 -0.562 -0.854 -1.148 -1.518 -1.463 -1.016 -0.527 -0.359 -1.05 -1.039 -0.827 -0.591 -0.326 -0.063 0.231 0.462 0.512 0.223 0.315 0.375 0.137 -0.275 -0.173 -0.067 -0.325 -0.402 -0.778 -1.414 -1.459 -1.115 -0.816 -0.659 -0.719 -0.412 -0.447 -0.246 -0.2 -0.472 -0.791 -1.081 -1.434 -1.445 -1.167 -1.556 -1.962 -1.847
-0.088 -0.078 -0.456 -0.896 -1.124 -1.163 -1.211 -1.034 -0.469 -0.366 -0.744 -1.283 -1.787 -1.656 -1.925 -1.742 -1.442 -1.314 -1.52 -1.333 -1.12 -0.821 -0.561 -0.192 0.04 0.106 0.042 -0.457 -0.874 -0.845 -0.481 -0.756 -1.172 -1.605 -1.282 -0.856 -0.423 -0.654 -1.079 -0.902 -0.637 -0.43 -0.217 0.063 0.191 0.295 0.349 -0.123 -0.318 -0.239 0.035 0.217 0.18 0.115 -0.213 -0.241 -0.456 -0.912 -0.949 -0.641 -0.404 -0.356 -0.375 -0.11 -0.072 -0.129 -0.454 -1.026 -1.329 -1.54 -1.675 -1.659 -1.486 -1.777 -1.86 -2.032
-0.247 -0.343 -0.968 -1.179 -1.407 -1.485 -1.148 -0.837 -0.555 -0.257 -0.759 -1.38 -1.822 -1.931 -1.874 -1.701 -1.446 -1.425 -1.481 -1.313 -1.021 -0.618 -0.323 -0.078 -0.12 -0.084 -0.077 -0.696 -1.157 -1.261 -0.829 -0.741 -1.184 -1.511 -1.101 -0.627 -0.333 -0.73 -0.98 -0.817 -0.479 -0.224 -0.069 -0.119 -0.388 -0.073 0.209 -0.164 -0.846 -0.864 -0.411 -0.16 0.09 0.196 0.119 -0.01 -0.158 -0.412 -0.375 -0.187 -0.011 -0.001 0.062 0.111 0.063 -0.112 -0.763 -1.332 -1.516 -1.565 -1.823 -1.812 -1.736 -1.657 -1.804 -2.051
-0.517 -0.357 -0.599 -0.905 -1.473 -1.695 -1.353 -1.038 -0.976 -0.64 -0.485 -0.943 -1.483 -1.924 -1.843 -1.672 -1.449 -1.266 -1.116 -0.926 -0.671 -0.304 -0.198 -0.265 -0.569 -0.289 -0.157 -0.735 -1.141 -1.351 -1.197 -1.013 -1.45 -1.323 -0.921 -0.452 -0.747 -0.756 -0.853 -1.066 -0.64 -0.47 -0.516 -0.709 -0.957 -0.534 0.12 -0.174 -0.636 -0.919 -0.6 -0.607 -0.441 -0.18 0.119 0.226 0.141 0.068 0.102 0.134 0.155 0.114 0.063 -0.158 -0.215 -0.031 -0.489 -0.942 -1.008 -1.172 -1.506 -1.426 -1.437 -1.75 -2.047 -1.765
-0.46 -0.347 -0.637 -0.96 -1.576 -1.941 -1.585 -1.288 -1.354 -1.196 -0.554 -0.546 -1.234 -1.758 -1.736 -1.563 -1.37 -1.242 -0.94 -0.64 -0.338 -0.307 -0.503 -0.711 -1.001 -0.495 -0.077 -0.462 -0.86 -1.289 -1.493 -1.504 -1.444 -1.077 -0.696 -0.703 -1.127 -1.202 -0.891 -1.451 -1.18 -1.079 -1.101 -1.219 -1.033 -0.639 0.094 -0.278 -0.869 -1.244 -0.981 -1.038 -0.83 -0.475 -0.194 0.111 0.239 0.103 -0.043 -0.073 -0.124 -0.308 -0.307 -0.726 -0.661 -0.47 -0.178 -0.277 -0.727 -1.175 -1.303 -1.306 -1.727 -1.704 -1.504 -1.346
-0.585 -0.484 -1.045 -1.011 -1.522 -1.964 -1.78 -1.648 -1.572 -1.33 -0.761 -0.431 -1.177 -1.793 -1.787 -1.533 -1.41 -1.395 -0.961 -0.546 -0.369 -0.583 -1.059 -1.096 -1.229 -0.677 -0.153 -0.489 -1.124 -1.629 -1.918 -1.657 -1.271 -0.874 -0.595 -0.877 -1.402 -1.499 -1.211 -1.921 -1.804 -1.547 -1.291 -1.069 -0.769 -0.459 0.07 -0.138 -0.78 -1.34 -1.32 -1.265 -0.978 -0.708 -0.444 -0.124 0.13 -0.131 -0.628 -0.586 -0.757 -0.819 -0.644 -1.11 -0.921 -1.097 -0.723 -0.239 -0.369 -0.93 -1.267 -1.104 -1.15 -0.985 -0.969 -1.014
-0.559 -0.62 -1.33 -1.14 -1.461 -1.921 -1.804 -1.567 -1.435 -1.267 -0.985 -0.792 -1.056 -1.764 -1.829 -1.418 -1.17 -1.119 -0.774 -0.461 -0.798 -0.971 -1.236 -1.591 -1.478 -1.051 -0.36 -0.788 -1.149 -1.412 -1.928 -1.733 -1.314 -0.819 -0.812 -1.255 -1.749 -1.699 -1.586 -1.925 -1.679 -1.34 -1.1 -0.86 -0.529 -0.113 0.206 -0.155 -0.666 -1.138 -1.446 -1.354 -1.094 -0.899 -0.612 -0.321 -0.075 -0.237 -0.98 -1.093 -1.149 -1.238 -1.027 -1.337 -1.145 -1.285 -1.372 -0.72 -0.371 -0.52 -0.707 -0.684 -0.878 -1.138 -1.351 -1.396
-0.606 -0.698 -1.219 -1.328 -1.377 -1.79 -1.716 -1.487 -1.603 -1.68 -1.639 -1.602 -1.191 -1.613 -1.731 -1.45 -1.145 -0.789 -0.663 -0.586 -1.118 -1.529 -1.444 -1.824 -1.637 -1.049 -0.362 -0.839 -1.245 -1.228 -1.694 -1.664 -1.223 -0.817 -0.984 -1.756 -2.08 -1.854 -1.801 -1.734 -1.46 -1.223 -0.885 -0.589 -0.264 0.114 0.195 -0.409 -0.892 -1.216 -1.553 -1.504 -1.243 -1.087 -0.784 -0.502 -0.15 -0.146 -0.788 -1.33 -1.541 -1.592 -1.404 -1.616 -1.447 -1.294 -1.517 -1.048 -0.599 -0.347 -0.484 -0.878 -1.321 -1.619 -1.765 -1.805
-0.64 -0.935 -1.255 -1.536 -1.614 -1.991 -2.076 -1.698 -1.995 -2.13 -2.204 -1.996 -1.473 -1.458 -1.692 -1.334 -1.038 -1.125 -0.918 -0.765 -1.299 -1.76 -2.003 -1.892 -1.423 -0.857 -0.304 -0.664 -1.467 -1.69 -1.866 -1.608 -1.19 -0.808 -1.044 -1.953 -2.078 -1.788 -1.672 -1.502 -1.352 -1.14 -0.79 -0.413 -0.116 0.182 0.045 -0.753 -1.351 -1.428 -1.705 -1.65 -1.504 -1.446 -0.988 -0.525 -0.169 -0.024 -0.636 -1.236 -1.677 -1.987 -1.887 -1.808 -1.754 -1.484 -1.75 -1.463 -1.119 -0.649 -0.512 -0.951 -1.312 -1.575 -1.802 -1.911
