data/climatemaps/RS_maps/climate_breeding_tmp_2004.asc
NCOLS 369 
NROWS 228 
XLLCORNER 479000 
YLLCORNER 73000 
CELLSIZE 1000 
NODATA_value -9 
[rows 170 to 203 of 228, columns 152 to 227 of 369]
-0.604 -0.586 -0.337 -0.474 -0.95 -0.965 -1.012 -0.57 -0.49 -0.244 0.28 0.539 0.521 0.38 0.095 -0.521 -1.129 -1.582 -1.868 -1.933 -1.705 -1.417 -1.513 -1.505 -1.297 -1.362 -1.349 -1.53 -2.058 -2.115 -1.608 -1.015 -0.813 -0.867 -1.09 -1.421 -1.482 -1.481 -1.612 -1.201 -0.658 0.016 0.08 -0.451 -0.621 -1.039 -1.459 -1.368 -1.044 -0.732 -0.648 -0.513 -0.586 -0.492 -0.549 -0.736 -0.54 0.165 0.948 0.259 -0.41 -0.711 -0.926 -1.081 -1.093 -0.954 -0.388 -0.345 -0.426 -0.544 -0.879 -1.128 -0.392 0.361 0.205 -0.469
-0.003 0.082 0.069 -0.188 -0.442 -0.529 -0.485 -0.177 0.064 0.286 0.542 0.592 0.456 0.297 0.036 -0.542 -1.231 -1.534 -1.539 -1.758 -1.764 -1.664 -1.781 -1.681 -1.43 -1.674 -1.88 -1.67 -2.032 -1.672 -1.208 -0.831 -0.657 -0.889 -1.19 -1.222 -1.141 -1.421 -1.41 -0.896 -0.26 0.277 -0.346 -1.001 -1.287 -1.217 -1.512 -1.131 -0.733 -0.525 -0.525 -0.501 -0.33 -0.097 0.059 -0.016 0.165 0.617 1.016 0.578 -0.178 -0.314 -0.378 -0.806 -0.588 -0.922 -0.916 -0.576 -0.187 0.05 -0.181 -0.451 -0.278 0.489 0.13 -0.497
0.478 0.528 0.443 0.216 0.105 -0.02 0.097 0.318 0.491 0.547 0.487 0.472 0.415 0.143 -0.263 -0.695 -0.982 -1.11 -1.356 -1.48 -1.577 -1.709 -2.01 -2.021 -1.524 -1.916 -2.28 -2.033 -1.83 -1.314 -1.152 -0.969 -0.514 -0.909 -1.158 -0.752 -0.979 -1.353 -1.01 -0.405 0.252 0.083 -0.591 -1.304 -1.64 -1.543 -1.601 -1.149 -0.961 -0.919 -1.093 -0.922 -0.513 0.007 0.41 0.312 0.543 0.473 0.65 0.958 0.557 0.323 0.012 -0.413 -0.236 -0.551 -0.654 -0.667 -0.895 -0.375 0.069 0.186 0.125 0.604 -0.11 -0.884
0.544 0.571 0.607 0.582 0.547 0.477 0.471 0.406 0.396 0.117 -0.033 -0.001 0.025 -0.026 -0.274 -0.435 -0.551 -0.694 -1.038 -1.323 -1.654 -2.002 -2.057 -1.892 -1.858 -1.94 -2.052 -2.035 -1.7 -1.377 -1.344 -0.805 -0.125 -0.466 -0.832 -0.626 -1.2 -1.25 -0.567 0.163 0.262 -0.413 -0.895 -1.505 -1.759 -1.611 -1.326 -1.229 -0.849 -0.547 -0.472 -0.405 -0.049 0.361 0.115 -0.542 -0.382 -0.172 -0.077 0.427 0.966 0.942 0.7 0.44 0.015 0.105 -0.16 -0.521 -0.828 -0.791 -0.6 -0.087 0.28 0.65 -0.052 -0.757
0.012 0.059 0.439 0.586 0.288 0.332 0.066 -0.181 0.058 -0.404 -0.816 -0.914 -0.538 -0.116 -0.173 -0.49 -0.714 -0.863 -0.947 -1.313 -1.75 -1.991 -1.673 -1.416 -1.527 -1.446 -1.683 -1.876 -1.618 -1.377 -1.043 -0.611 -0.221 0.001 -0.115 -0.495 -1.158 -1.089 -0.427 0.446 0.131 -0.72 -1.444 -1.671 -1.361 -1.186 -0.912 -0.835 -0.634 -0.329 -0.091 0.012 0.198 0.167 -0.438 -0.849 -0.661 -0.37 -0.539 -0.059 0.416 0.719 1.065 1.059 0.589 0.425 -0.176 -0.659 -0.306 -0.68 -0.971 -0.642 -0.153 0.53 0.415 -0.253
-0.432 -0.309 0.196 0.5 0.034 -0.277 -0.661 -0.755 -0.202 -0.795 -1.336 -1.455 -0.794 -0.41 -0.333 -0.841 -1.083 -1.284 -1.376 -1.518 -1.899 -1.498 -1.126 -0.946 -1.057 -1.223 -1.568 -1.657 -1.302 -1.127 -0.804 -0.768 -0.732 -0.241 0.125 -0.005 -0.471 -0.586 0.033 0.545 0.051 -0.672 -1.412 -1.549 -1.232 -0.816 -0.647 -0.422 -0.385 -0.261 -0.459 -0.566 -0.235 -0.273 -0.578 -1.042 -0.987 -0.801 -0.54 -0.008 -0.048 0.188 0.536 0.947 1.047 0.629 -0.076 -0.276 0.115 -0.258 -0.694 -0.893 -0.588 -0.049 0.593 0.322
-0.675 -0.363 0.202 0.397 -0.073 -0.51 -1.04 -1.156 -0.509 -0.932 -1.579 -1.413 -0.841 -0.928 -0.661 -0.992 -1.34 -1.569 -2.018 -1.948 -1.524 -1.139 -0.866 -0.734 -0.96 -1.365 -1.668 -1.461 -1.451 -1.441 -1.536 -1.454 -1.014 -0.681 -0.003 0.435 0.344 0.064 0.506 0.37 -0.279 -0.955 -1.547 -1.285 -1.011 -0.683 -0.538 -0.789 -0.779 -0.543 -0.96 -0.912 -0.855 -0.879 -0.985 -1.079 -0.971 -0.809 -0.589 -0.336 -0.585 -0.238 -0.037 0.594 1.122 0.886 0.259 0.298 0.4 0.045 -0.321 -0.876 -0.806 -0.287 0.299 0.639
-0.943 -0.383 0.339 0.354 -0.099 -0.546 -0.949 -1.292 -0.807 -1.151 -1.776 -1.656 -1.449 -1.429 -1.014 -0.973 -1.569 -1.966 -2.187 -1.758 -1.589 -1.537 -1.062 -0.894 -0.874 -1.02 -0.965 -1.044 -1.383 -1.538 -1.866 -1.848 -1.374 -0.957 -0.203 0.283 0.644 0.585 0.549 0.105 -0.517 -1.101 -1.516 -1.245 -0.951 -0.844 -1.185 -1.216 -0.96 -0.761 -1.106 -1.172 -1.253 -1.247 -1.265 -1.093 -0.794 -0.63 -0.872 -0.85 -0.963 -0.611 -0.013 0.475 0.908 1.157 0.807 0.66 0.283 -0.269 -0.506 -0.827 -0.721 -0.608 -0.304 0.025
-1.069 -0.454 0.365 0.227 -0.272 -0.631 -1.031 -1.298 -0.867 -1.134 -1.668 -1.68 -1.565 -1.254 -1.031 -0.936 -1.34 -1.868 -2.152 -2.3 -2.306 -1.801 -1.255 -1.26 -0.71 -0.336 -0.4 -0.631 -0.776 -0.994 -1.238 -1.669 -1.628 -0.965 -0.392 0.06 0.598 0.797 0.378 -0.227 -0.692 -1.191 -1.437 -1.241 -1.142 -1.288 -1.476 -1.27 -1.084 -0.933 -1.03 -0.942 -0.905 -0.827 -0.859 -0.876 -0.623 -0.247 -0.814 -0.71 -0.91 -0.549 0.001 0.121 0.537 1.114 1.191 0.869 0.307 -0.072 -0.203 -0.539 -0.878 -0.884 -0.651 -0.516
-0.837 -0.407 0.375 0.083 -0.227 -0.491 -1.049 -1.447 -0.962 -1.074 -1.557 -1.594 -1.224 -1.016 -1.119 -1.382 -1.679 -1.956 -2.403 -2.635 -2.561 -1.79 -1.432 -1.503 -0.807 -0.522 -0.474 -0.213 -0.268 -0.576 -0.857 -1.122 -1.198 -0.733 -0.291 0.065 0.534 0.848 0.334 -0.075 -0.586 -1.13 -1.222 -0.89 -0.99 -1.37 -1.396 -1.334 -1.289 -0.893 -0.61 -0.469 -0.322 -0.204 -0.191 -0.236 -0.268 -0.043 -0.504 -0.319 -0.626 -0.561 -0.444 -0.431 -0.008 0.593 1.102 1.207 0.98 0.597 0.273 -0.251 -0.574 -0.802 -0.381 0.096
-0.387 -0.118 0.409 -0.043 -0.608 -0.697 -1.124 -1.587 -1.196 -1.143 -1.603 -1.44 -1.075 -0.952 -1.275 -1.751 -2.113 -2.014 -2.466 -2.333 -2.241 -1.915 -1.626 -1.581 -0.977 -1.06 -1.074 -0.398 -0.008 -0.162 -0.505 -0.671 -0.71 -0.575 -0.101 0.245 0.59 0.863 0.429 -0.013 -0.639 -0.862 -0.874 -0.662 -1.018 -1.208 -1.076 -1.128 -1.383 -1.094 -0.849 -0.633 -0.44 -0.304 -0.324 -0.105 0.031 0.169 0.131 0.081 -0.142 -0.437 -0.696 -0.477 0.029 0.377 0.786 1.216 1.311 1.182 0.705 0.292 -0.165 -0.714 -0.302 0.026
-0.026 0.23 0.341 -0.033 -0.707 -1.118 -1.446 -1.781 -1.507 -1.143 -1.691 -1.533 -1.06 -0.951 -1.053 -1.326 -1.595 -1.674 -2.172 -1.803 -1.712 -1.685 -1.753 -1.626 -1.167 -1.152 -0.937 -0.616 -0.137 0.121 -0.004 -0.145 -0.146 -0.351 -0.183 0.296 0.658 0.853 0.255 -0.439 -0.802 -0.367 -0.354 -0.463 -0.691 -0.739 -0.876 -1.19 -1.098 -1.06 -0.907 -0.914 -0.905 -0.839 -0.829 -0.552 -0.413 -0.287 0.043 0.43 0.176 -0.345 -0.379 -0.115 0.121 0.148 0.315 0.748 1.024 1.268 0.975 0.64 0.16 -0.541 -0.559 -0.314
0.075 -0.234 -0.088 0.04 -0.606 -1.263 -1.668 -1.991 -1.718 -1.283 -1.765 -1.702 -1.276 -1.166 -0.828 -0.791 -1.145 -1.545 -1.93 -1.405 -1.088 -1.173 -1.335 -1.378 -1.053 -0.738 -0.356 -0.132 -0.051 0.188 0.436 0.412 0.358 -0.084 -0.425 0.148 0.733 0.795 -0.002 -0.705 -0.817 -0.184 -0.322 -0.794 -0.827 -0.696 -1.004 -1.078 -0.772 -0.536 -0.484 -0.468 -0.676 -0.776 -0.696 -0.567 -0.283 -0.207 -0.195 0.503 0.11 -0.209 -0.133 0.34 0.545 0.26 -0.111 0.196 0.57 1.202 0.666 0.154 -0.258 -0.441 -0.093 0.182
-0.358 -0.882 -0.811 0.012 -0.423 -1.065 -1.598 -2.06 -1.952 -1.621 -1.759 -1.896 -1.769 -1.545 -1.102 -0.619 -0.876 -1.264 -1.645 -1.379 -0.698 -0.711 -0.712 -0.799 -0.433 -0.093 0.181 0.367 0.381 0.409 0.659 0.739 0.715 0.242 -0.465 -0.055 0.757 0.749 -0.116 -0.715 -0.388 0.081 -0.434 -1.028 -1.095 -0.848 -1.058 -1.066 -0.8 -0.469 -0.24 -0.025 -0.126 -0.184 -0.252 -0.219 0.177 0.354 0.389 0.641 0.548 0.4 0.408 0.731 0.848 0.589 0.125 0.326 0.868 1.24 1.045 0.331 -0.14 -0.29 0.071 0.178
-0.685 -1.122 -1.331 -0.435 -0.178 -0.822 -1.477 -2.099 -2.25 -2.053 -1.944 -2.207 -1.953 -1.451 -1.055 -0.67 -0.53 -0.723 -1.127 -1.111 -0.397 -0.358 -0.265 -0.149 0.033 0.08 0.087 0.016 0.035 -0.01 0.107 0.339 0.687 0.586 -0.257 -0.121 0.772 0.653 -0.102 -0.318 0.115 -0.104 -0.448 -0.734 -1.139 -1.179 -1.227 -1.05 -0.907 -0.918 -0.58 -0.117 -0.003 0.097 0.237 0.29 0.256 0.058 0.193 0.475 0.575 0.805 0.811 0.81 0.882 1.014 0.686 0.54 0.972 1.142 1.301 0.603 0.072 0.074 0.397 0.692
-0.95 -1.448 -1.597 -0.878 -0.247 -0.725 -1.445 -1.967 -2.133 -2.14 -2.246 -2.444 -2.016 -1.477 -1.219 -1.011 -0.64 -0.368 -0.48 -0.492 -0.504 -0.699 -0.247 -0.029 -0.416 -0.526 -0.715 -0.759 -0.848 -0.866 -0.771 -0.41 0.064 0.715 0.062 -0.255 0.542 0.856 0.196 0.151 0.049 -0.078 -0.26 -0.857 -1.207 -0.963 -0.766 -0.764 -0.546 -0.928 -0.595 -0.363 -0.512 -0.147 -0.202 -0.09 -0.328 -0.342 -0.308 0.052 0.064 0.44 0.277 0.348 0.493 0.932 0.971 1.144 1.316 1.367 1.414 0.839 0.481 0.715 0.995 1.178
-1.366 -1.827 -1.823 -1.298 -0.515 -0.562 -1.294 -1.721 -1.939 -2.157 -2.327 -2.633 -2.365 -2.058 -1.72 -1.492 -1.187 -0.4 -0.363 -0.641 -0.991 -0.837 -0.231 -0.62 -1.137 -1.25 -1.381 -1.46 -1.318 -1.253 -1.264 -1.013 -0.594 0.532 0.33 0.085 0.738 1.009 0.451 0.411 0.278 0.357 -0.238 -0.921 -1.115 -0.715 -0.294 -0.262 -0.412 -0.78 -0.78 -0.697 -0.747 -0.346 -0.477 -0.324 -0.426 -0.548 -0.525 -0.213 0.07 0.201 0.26 0.539 0.716 1.014 1.188 1.191 1.255 1.4 1.467 1.273 1.112 1.26 1.424 1.496
-1.717 -2.158 -1.887 -1.373 -0.866 -0.416 -1.048 -1.597 -1.934 -2.124 -2.273 -2.755 -3.003 -2.686 -2.134 -1.726 -1.244 -0.478 -0.753 -1.024 -0.788 -0.396 -0.537 -1.024 -1.35 -1.26 -1.275 -1.362 -1.222 -0.992 -1.239 -1.103 -0.548 0.46 0.671 0.616 1.116 1.013 0.675 0.646 0.667 0.242 -0.19 -0.832 -0.684 -0.396 -0.067 0.052 -0.24 -0.454 -0.778 -0.613 -0.792 -0.651 -0.521 -0.349 -0.062 0.018 -0.031 0.271 0.609 0.616 0.782 0.935 1.007 1.036 0.759 0.652 0.855 1.25 1.38 1.483 1.481 1.508 1.547 1.56
-1.771 -2.235 -1.877 -1.65 -1.514 -0.718 -0.67 -1.287 -1.665 -2.034 -2.495 -2.796 -3.201 -2.693 -2.044 -1.573 -0.894 -0.679 -1.092 -1.115 -0.595 -0.344 -0.779 -0.972 -1.098 -0.944 -0.881 -0.821 -0.777 -0.713 -1.007 -0.661 -0.087 0.561 0.961 0.942 1.175 -9 -9 0.815 0.389 -0.154 -0.599 -0.805 -0.733 -0.663 -0.25 0.158 -0.299 -0.389 -0.426 -0.248 -0.486 -0.564 -0.186 -0.072 0.169 0.54 0.591 0.745 0.896 0.931 0.9 0.728 0.801 0.73 0.434 0.295 0.694 1.169 1.376 1.503 1.544 1.55 1.561 1.571
-1.857 -2.302 -2.145 -2.127 -2.025 -1.214 -0.597 -0.984 -1.585 -2.106 -2.343 -2.583 -3.203 -2.449 -1.738 -1.293 -0.694 -0.946 -1.294 -1.186 -0.551 -0.651 -1.129 -1.049 -1.154 -0.965 -0.662 -0.44 -0.325 -0.621 -0.94 -0.664 -0.148 0.333 0.933 1.13 1.203 -9 -9 -9 -0.065 -0.389 -0.536 -0.359 -0.337 -0.29 -0.115 0.267 0.083 0.087 -0.027 0.022 -0.101 -0.177 0.006 0.239 0.268 0.617 0.846 0.756 0.824 0.782 0.712 0.455 0.295 0.198 0.217 0.38 1.021 1.397 1.51 1.554 1.558 1.564 1.57 1.573
-1.959 -2.419 -2.775 -2.762 -2.071 -1.33 -0.675 -0.914 -1.444 -1.895 -2.001 -2.344 -2.817 -2.324 -1.733 -1.543 -1.331 -1.435 -1.471 -1.094 -0.539 -1.095 -1.427 -1.323 -1.353 -1.181 -0.743 -0.287 -0.137 -0.204 -0.772 -0.707 -0.285 0.184 0.991 1.221 1.222 -9 -9 -9 -9 -9 0.036 0.08 0.095 0.21 0.313 0.475 0.477 0.46 0.395 0.306 0.191 0.122 0.313 0.578 0.656 0.736 0.665 0.312 0.466 0.444 0.39 0.022 -0.077 0.064 0.32 0.848 1.432 1.562 1.57 1.574 1.574 1.576 1.568 1.496
-2.262 -2.59 -2.961 -2.831 -1.987 -1.266 -0.715 -0.731 -1.229 -1.529 -1.946 -2.346 -2.795 -2.805 -2.036 -1.955 -1.702 -1.826 -1.83 -1.018 -0.981 -1.465 -1.527 -1.416 -1.05 -0.836 -0.535 0.003 0.133 0.095 -0.144 -0.142 0.216 0.65 1.191 1.248 1.248 -9 -9 -9 -9 -9 -9 0.485 0.437 0.5 0.522 0.559 0.557 0.603 0.64 0.554 0.499 0.491 0.663 0.697 0.622 0.553 0.306 -0.073 -0.044 -0.145 -0.158 -0.49 0.015 0.497 0.764 1.263 1.556 1.572 1.576 1.577 1.578 1.552 1.387 1.085
-2.845 -2.92 -2.97 -2.683 -2.239 -1.616 -0.925 -0.517 -1.136 -1.607 -2.074 -2.506 -2.942 -3.088 -2.328 -2.293 -2.001 -1.917 -1.384 -0.947 -1.275 -1.498 -1.263 -1.131 -0.817 -0.229 -0.044 0.251 0.458 0.522 0.527 0.591 0.769 1.05 1.233 1.265 -9 -9 -9 -9 -9 -9 -9 -9 0.389 0.341 0.236 0.215 0.299 0.474 0.563 0.628 0.634 0.673 0.627 0.342 0.143 0.062 -0.16 -0.456 -0.631 -0.717 -0.773 -0.715 -0.041 0.689 1.13 1.502 1.572 1.577 1.578 1.582 1.551 1.249 0.868 0.519
-3.21 -3.153 -3.148 -2.79 -2.105 -1.627 -1.056 -0.547 -1.065 -1.747 -2.21 -2.53 -2.618 -2.718 -2.609 -2.297 -1.867 -1.588 -1.062 -1.159 -1.416 -1.243 -0.886 -0.743 -0.438 -0.031 0.099 0.269 0.443 0.645 0.638 0.703 0.827 1.06 1.229 1.274 -9 -9 -9 -9 -9 -9 -9 -9 -9 -0.119 -0.234 -0.186 0.209 0.156 0.137 0.203 0.323 0.474 0.321 0.164 -0.118 -0.075 0.066 0.019 -0.431 -0.396 -0.561 -0.608 0.095 0.737 1.351 1.579 1.585 1.587 1.587 1.557 1.195 0.823 0.35 0.003
-3.186 -3.544 -3.324 -2.72 -1.902 -1.294 -0.951 -0.703 -0.901 -1.59 -1.997 -2.035 -2.178 -2.404 -2.551 -2.226 -1.734 -1.397 -1.173 -1.307 -1.421 -1.257 -1.011 -0.729 -0.432 -0.313 -0.393 -0.288 0.087 0.312 0.143 0.232 0.482 0.852 1.17 1.282 -9 -9 -9 -9 -9 -9 -9 -9 -9 -9 -0.501 -0.222 0.184 -0.047 -0.352 -0.118 0.226 0.468 0.529 0.196 0.141 0.217 0.608 0.196 -0.269 0.114 -0.077 -0.242 0.394 0.984 1.502 1.588 1.588 1.55 1.51 1.27 0.798 0.297 -0.099 -0.039
-3.167 -3.583 -3.192 -2.448 -1.715 -1.026 -0.933 -1.111 -0.804 -1.104 -1.499 -1.628 -1.856 -2.24 -2.653 -2.409 -1.879 -1.418 -1.068 -0.908 -1 -1.287 -1.418 -1.274 -0.984 -0.805 -0.826 -0.672 -0.272 -0.201 -0.333 0.021 0.452 0.87 1.219 1.301 -9 -9 -9 -9 -9 -9 -9 -9 -9 -9 -9 -0.09 -0.159 -0.097 -0.458 -0.058 0.308 0.281 0.686 0.634 0.731 0.765 0.841 0.323 0.018 0.458 -0.075 -0.059 0.516 1.207 1.58 1.587 1.577 1.322 1.08 0.834 0.389 -0.007 -0.133 0.363
-3.279 -3.707 -2.854 -2.138 -1.632 -1.217 -1.378 -1.682 -1.054 -0.872 -1.551 -1.935 -1.95 -2.136 -2.488 -2.057 -1.519 -1.078 -0.903 -0.762 -0.575 -0.8 -1.103 -1.348 -1.114 -0.777 -0.731 -0.378 -0.254 -0.445 -0.472 0.03 0.607 1.114 1.308 -9 -9 -9 -9 -9 -9 -9 -9 -9 -9 -9 -9 -0.512 -0.43 -0.135 -0.419 0.049 0.098 0.08 0.571 0.442 0.745 0.634 0.968 0.597 0.054 0.613 0.346 0.182 0.71 1.311 1.587 1.588 1.463 1.002 0.676 0.583 0.34 0.127 0.108 0.591
-3.17 -3.545 -2.858 -2.287 -1.989 -1.668 -1.88 -2.101 -1.248 -0.925 -1.422 -2.022 -2.249 -2.292 -2.396 -1.777 -1.314 -1.165 -1.291 -1.108 -0.583 -0.301 -0.648 -1.086 -1.201 -0.793 -0.436 -0.221 0.102 0.049 -0.088 0.332 0.929 1.278 -9 -9 -9 -9 -9 -9 -9 -9 -9 -9 -9 -9 -9 -9 -0.608 -0.171 -0.396 0.017 -0.332 0.153 0.369 0.148 0.493 0.401 0.918 0.675 0.362 0.587 0.905 0.44 0.65 1.263 1.585 1.598 1.425 0.825 0.507 0.333 0.272 0.247 0.534 0.84
-2.879 -3.39 -3.128 -2.588 -2.278 -2.043 -2.144 -2.104 -1.273 -1.031 -1.461 -1.555 -2.065 -2.409 -2.303 -1.799 -1.581 -1.6 -1.425 -0.8 -0.583 -0.026 -0.437 -0.942 -1.026 -0.621 -0.661 -0.466 0.197 0.538 0.488 0.683 1.182 1.309 -9 -9 -9 -9 -9 -9 -9 -9 -9 -9 -9 -9 -9 -9 -9 -0.564 -0.386 -0.393 -0.366 -0.104 -0.113 0.218 0.711 0.797 0.994 1.031 1.014 0.971 1.095 0.988 0.99 1.338 1.59 1.604 1.577 1.041 0.63 0.398 0.442 0.706 0.881 0.702
-2.633 -3.316 -3.352 -2.821 -2.492 -2.399 -2.344 -2.127 -1.36 -1.084 -1.725 -1.626 -1.753 -2.274 -2.29 -1.647 -1.527 -1.581 -1.101 -0.241 -0.024 0.279 -0.08 -0.637 -0.449 -0.137 -0.245 -0.116 0.3 0.778 0.893 0.988 1.237 -9 -9 -9 -9 -9 -9 -9 -9 -9 -9 -9 -9 -9 -9 -9 -9 -0.881 -0.782 -0.486 -0.458 -0.488 -0.135 0.31 0.264 0.419 0.67 0.64 0.913 0.817 0.906 1.073 1.29 1.433 1.502 1.608 1.597 1.164 0.802 0.847 0.918 0.979 0.931 0.493
-2.486 -2.994 -3.298 -2.979 -2.77 -2.644 -2.343 -2.005 -1.397 -1.201 -1.901 -2.058 -1.647 -2.064 -2.348 -1.795 -1.214 -0.967 -0.617 0.071 0.133 0.279 0.439 0.074 0.103 0.106 0.401 0.609 0.757 0.771 0.425 0.62 -9 -9 -9 -9 -9 -9 -9 -9 -9 -9 -9 -9 -9 -9 -9 -9 -9 -9 -0.449 -0.054 -0.088 -0.535 -0.281 -0.076 -0.197 0.197 0.192 0.504 0.567 0.341 0.404 0.647 0.836 1.007 1.307 1.607 1.61 1.365 1.131 1.137 1.075 0.749 0.637 0.34
-2.311 -2.681 -2.978 -3.109 -3.046 -2.603 -2.303 -2.064 -1.553 -1.267 -1.882 -2.234 -1.991 -1.915 -2.264 -1.985 -1.345 -0.686 -0.342 -0.418 -0.52 -0.481 0.038 0.541 0.637 0.664 0.625 0.452 0.355 0.202 0.124 -9 -9 -9 -9 -9 -9 -9 -9 -9 -9 -9 -9 -9 -9 -9 -9 -9 -9 -9 -9 0.224 -0.062 -0.677 -0.489 -0.307 -0.244 0.032 0.084 0.339 0.311 0.235 0.302 0.426 0.518 0.67 1.15 1.602 1.617 1.537 1.259 1.07 0.998 0.76 0.55 0.244
-2.101 -2.508 -2.85 -3.039 -2.788 -2.644 -2.491 -2.1 -1.486 -1.254 -1.838 -2.297 -2.427 -2.083 -1.893 -1.744 -1.436 -0.524 -0.602 -1.015 -1.11 -0.912 -0.437 -0.074 0.179 0.135 -0.064 -0.249 -0.116 -0.164 -9 -9 -9 -9 -9 -9 -9 -9 -9 -9 -9 -9 -9 -9 -9 -9 -9 -9 -9 -9 -9 -9 -9 -0.651 -0.216 0.165 0.124 0.217 0.225 0.1 -0.002 0.302 0.622 0.766 0.875 0.888 1.212 1.597 1.624 1.614 1.395 1.197 1.08 1.007 0.772 0.438
-2.12 -2.508 -2.996 -3.255 -2.866 -2.877 -2.624 -1.974 -1.665 -1.263 -1.592 -1.814 -2.103 -2.243 -1.735 -1.269 -0.891 -0.57 -0.845 -1.206 -1.474 -1.296 -0.991 -0.822 -0.429 -0.499 -0.341 -0.043 0.421 -9 -9 -9 -9 -9 -9 -9 -9 -9 -9 -9 -9 -9 -9 -9 -9 -9 -9 -9 -9 -9 -9 -9 -9 -9 -0.109 0.285 0.494 0.564 0.328 0.19 0.099 0.229 0.519 0.922 1.284 1.409 1.518 1.618 1.627 1.626 1.538 1.348 1.269 1.19 0.886 0.485
