data/climatemaps/RS_maps/climate_winter_pr_2000.asc
NCOLS 369 
NROWS 228 
XLLCORNER 479000 
YLLCORNER 73000 
CELLSIZE 1000 
NODATA_value -9 
[rows 132 to 164 of 228, columns 76 to 151 of 369]
-0.099 -0.052 -0.034 -0.042 -0.058 -0.053 -0.062 -0.086 -0.061 -0.031 0.011 0.062 0.11 0.113 0.077 -0.006 -0.147 -0.297 -0.437 -0.525 -0.518 -0.445 -0.327 -0.209 -0.132 -0.052 0.007 0.017 0.021 0.083 0.052 0.016 -0.133 -0.2 -0.159 -0.074 -0.085 -0.111 -0.09 0.034 0.079 0.072 -0.02 -0.12 -0.248 -0.354 -0.449 -0.439 -0.426 -0.426 -0.466 -0.46 -0.454 -0.47 -0.469 -0.486 -0.498 -0.534 -0.517 -0.503 -0.536 -0.576 -0.645 -0.685 -0.758 -0.838 -0.895 -0.915 -0.92 -0.908 -0.889 -0.868 -0.844 -0.82 -0.788 -0.73
-0.07 -0.032 -0.021 -0.019 -0.018 -0.031 -0.068 -0.078 -0.058 -0.039 -0.01 0.035 0.068 0.068 0.029 -0.076 -0.217 -0.352 -0.485 -0.561 -0.531 -0.439 -0.32 -0.264 -0.227 -0.197 -0.174 -0.118 -0.086 -0.007 0.008 -0.044 -0.149 -0.129 -0.112 -0.034 -0.015 0.025 0.078 0.081 0.023 -0.072 -0.221 -0.362 -0.474 -0.546 -0.575 -0.599 -0.611 -0.628 -0.645 -0.656 -0.656 -0.648 -0.638 -0.645 -0.617 -0.561 -0.491 -0.403 -0.328 -0.367 -0.541 -0.646 -0.694 -0.761 -0.825 -0.849 -0.874 -0.875 -0.856 -0.82 -0.776 -0.739 -0.641 -0.542
-0.067 -0.024 0.004 0.028 0.032 0.005 -0.046 -0.078 -0.088 -0.079 -0.052 -0.011 0.027 0.036 -0.018 -0.141 -0.279 -0.404 -0.535 -0.602 -0.557 -0.446 -0.364 -0.377 -0.362 -0.352 -0.333 -0.282 -0.202 -0.075 0.003 -0.001 -0.064 -0.081 -0.061 0.044 0.068 0.13 0.161 0.095 -0.061 -0.238 -0.409 -0.541 -0.576 -0.562 -0.552 -0.573 -0.589 -0.588 -0.598 -0.612 -0.629 -0.609 -0.634 -0.639 -0.554 -0.443 -0.337 -0.2 -0.06 -0.075 -0.344 -0.59 -0.674 -0.713 -0.745 -0.741 -0.754 -0.766 -0.743 -0.69 -0.602 -0.52 -0.389 -0.423
-0.074 -0.03 0.033 0.071 0.078 0.043 -0.022 -0.079 -0.118 -0.124 -0.098 -0.047 -0.005 -0.015 -0.095 -0.211 -0.329 -0.455 -0.589 -0.648 -0.592 -0.468 -0.415 -0.469 -0.496 -0.449 -0.372 -0.341 -0.272 -0.102 0.003 -0.008 -0.008 -0.076 0.004 0.054 0.063 0.07 0.134 0.007 -0.149 -0.351 -0.518 -0.584 -0.545 -0.478 -0.416 -0.404 -0.396 -0.361 -0.366 -0.426 -0.482 -0.487 -0.612 -0.569 -0.436 -0.281 -0.172 -0.054 0.055 0.021 -0.22 -0.518 -0.685 -0.707 -0.702 -0.662 -0.599 -0.578 -0.537 -0.503 -0.371 -0.235 -0.24 -0.332
-0.08 -0.034 0.046 0.095 0.109 0.068 0.002 -0.065 -0.118 -0.141 -0.137 -0.097 -0.073 -0.104 -0.173 -0.259 -0.367 -0.484 -0.629 -0.69 -0.626 -0.502 -0.492 -0.56 -0.562 -0.478 -0.393 -0.35 -0.325 -0.16 -0.054 -0.03 -0.037 -0.09 -0.065 -0.027 0.042 -0.045 -0.067 -0.135 -0.331 -0.5 -0.572 -0.508 -0.446 -0.376 -0.233 -0.215 -0.145 -0.131 -0.177 -0.285 -0.354 -0.461 -0.579 -0.482 -0.335 -0.169 -0.006 0.065 0 -0.099 -0.281 -0.535 -0.709 -0.711 -0.668 -0.597 -0.528 -0.438 -0.354 -0.294 -0.147 -0.074 -0.179 -0.159
-0.093 -0.038 0.041 0.098 0.102 0.071 0.019 -0.049 -0.102 -0.137 -0.151 -0.146 -0.142 -0.162 -0.208 -0.285 -0.393 -0.513 -0.659 -0.727 -0.658 -0.584 -0.606 -0.629 -0.599 -0.529 -0.451 -0.377 -0.345 -0.202 -0.111 -0.096 -0.179 -0.187 -0.248 -0.181 -0.096 -0.138 -0.244 -0.343 -0.485 -0.525 -0.492 -0.385 -0.317 -0.246 -0.063 -0.055 -0.016 -0.057 -0.142 -0.22 -0.373 -0.497 -0.52 -0.398 -0.261 -0.1 0.092 0.049 -0.082 -0.25 -0.419 -0.638 -0.735 -0.701 -0.607 -0.495 -0.428 -0.398 -0.279 -0.092 0.019 -0.019 -0.086 0.024
-0.102 -0.038 0.028 0.069 0.079 0.055 0.009 -0.046 -0.09 -0.11 -0.124 -0.129 -0.139 -0.163 -0.213 -0.299 -0.411 -0.538 -0.675 -0.752 -0.707 -0.684 -0.662 -0.627 -0.611 -0.574 -0.512 -0.492 -0.381 -0.265 -0.272 -0.294 -0.376 -0.379 -0.397 -0.263 -0.132 -0.165 -0.287 -0.424 -0.54 -0.487 -0.42 -0.304 -0.187 -0.078 0.043 0 -0.066 -0.122 -0.234 -0.33 -0.44 -0.451 -0.43 -0.312 -0.193 -0.02 0.059 -0.049 -0.209 -0.399 -0.596 -0.72 -0.75 -0.675 -0.516 -0.379 -0.289 -0.313 -0.175 -0.048 0.082 0.088 0.026 0.157
-0.109 -0.05 0.004 0.041 0.038 0.019 -0.027 -0.06 -0.064 -0.048 -0.044 -0.062 -0.086 -0.123 -0.193 -0.301 -0.42 -0.55 -0.682 -0.756 -0.737 -0.679 -0.601 -0.516 -0.462 -0.537 -0.592 -0.59 -0.481 -0.463 -0.48 -0.451 -0.431 -0.445 -0.461 -0.279 -0.175 -0.19 -0.285 -0.451 -0.565 -0.471 -0.387 -0.267 -0.081 -0.002 0.016 0.005 -0.022 -0.174 -0.3 -0.346 -0.353 -0.331 -0.349 -0.202 -0.069 0.064 -0.001 -0.148 -0.36 -0.579 -0.703 -0.729 -0.725 -0.667 -0.478 -0.313 -0.234 -0.164 0.008 0.012 0.064 0.196 0.161 0.282
-0.12 -0.064 -0.012 0.001 -0.027 -0.051 -0.073 -0.061 -0.015 0.044 0.062 0.028 -0.02 -0.048 -0.145 -0.285 -0.414 -0.556 -0.686 -0.726 -0.649 -0.537 -0.446 -0.449 -0.331 -0.38 -0.531 -0.546 -0.565 -0.574 -0.44 -0.352 -0.326 -0.289 -0.392 -0.323 -0.236 -0.194 -0.287 -0.473 -0.573 -0.492 -0.371 -0.228 -0.05 -0.007 0.114 0.121 0.103 -0.18 -0.156 -0.189 -0.222 -0.285 -0.248 -0.124 0.001 0.041 -0.112 -0.301 -0.514 -0.689 -0.737 -0.686 -0.609 -0.648 -0.539 -0.396 -0.223 -0.014 0.079 0.048 0.093 0.312 0.378 0.352
-0.121 -0.075 -0.053 -0.063 -0.076 -0.098 -0.1 -0.038 0.057 0.135 0.134 0.072 0.05 0.079 -0.07 -0.223 -0.383 -0.535 -0.671 -0.654 -0.529 -0.403 -0.359 -0.373 -0.272 -0.305 -0.457 -0.372 -0.423 -0.46 -0.312 -0.267 -0.211 -0.187 -0.342 -0.281 -0.197 -0.191 -0.328 -0.489 -0.599 -0.54 -0.378 -0.204 -0.074 0.039 0.189 0.194 0.037 -0.177 -0.109 -0.068 -0.103 -0.246 -0.133 -0.017 0.005 -0.064 -0.213 -0.446 -0.626 -0.744 -0.735 -0.619 -0.516 -0.55 -0.568 -0.42 -0.163 -0.038 -0.035 0.082 0.189 0.295 0.397 0.367
-0.12 -0.107 -0.105 -0.104 -0.112 -0.126 -0.1 -0.003 0.109 0.156 0.104 0.074 0.124 0.135 0.009 -0.14 -0.328 -0.503 -0.65 -0.631 -0.564 -0.409 -0.301 -0.301 -0.197 -0.213 -0.348 -0.224 -0.184 -0.214 -0.264 -0.156 -0.11 -0.199 -0.257 -0.141 -0.093 -0.17 -0.317 -0.437 -0.599 -0.581 -0.405 -0.271 -0.085 0.063 0.091 0.043 -0.107 -0.119 -0.009 0.019 -0.083 -0.171 -0.093 0.098 0.03 -0.175 -0.31 -0.511 -0.667 -0.769 -0.719 -0.575 -0.415 -0.418 -0.451 -0.437 -0.303 -0.212 -0.11 0.026 0.06 0.213 0.319 0.298
-0.133 -0.132 -0.115 -0.122 -0.148 -0.143 -0.092 0.003 0.109 0.129 0.098 0.109 0.154 0.138 0.035 -0.042 -0.255 -0.482 -0.639 -0.665 -0.564 -0.356 -0.295 -0.218 -0.02 -0.12 -0.252 -0.093 -0.096 -0.149 -0.179 -0.055 -0.059 -0.164 -0.1 -0.007 -0.011 -0.14 -0.248 -0.433 -0.626 -0.602 -0.5 -0.341 -0.131 0.045 0.199 0.081 -0.114 -0.104 -0.08 -0.002 0 -0.041 -0.093 0.088 -0.055 -0.22 -0.417 -0.567 -0.644 -0.765 -0.719 -0.573 -0.349 -0.303 -0.294 -0.361 -0.198 -0.204 -0.215 -0.153 -0.056 0.093 0.237 0.26
-0.134 -0.117 -0.122 -0.146 -0.168 -0.148 -0.069 0.038 0.125 0.123 0.127 0.185 0.202 0.192 0.106 0.057 -0.202 -0.47 -0.643 -0.657 -0.516 -0.343 -0.313 -0.12 0.048 -0.014 -0.133 -0.089 -0.075 -0.095 -0.032 0.024 -0.048 -0.06 0.056 0.072 -0.012 -0.066 -0.191 -0.462 -0.641 -0.63 -0.516 -0.348 -0.153 0.037 0.114 -0.017 -0.044 -0.111 -0.022 -0.017 0.061 0.033 -0.028 0.041 -0.143 -0.345 -0.492 -0.514 -0.523 -0.732 -0.706 -0.542 -0.319 -0.189 -0.195 -0.296 -0.219 -0.13 -0.112 -0.073 0.023 0.128 0.251 0.304
-0.118 -0.111 -0.124 -0.149 -0.172 -0.142 -0.044 0.064 0.119 0.104 0.16 0.253 0.313 0.233 0.2 0.101 -0.191 -0.487 -0.632 -0.602 -0.483 -0.317 -0.244 -0.052 0.123 0.077 -0.077 -0.065 0.002 0.01 0.036 -0.003 -0.031 0.052 0.128 0.086 0.049 -0.017 -0.178 -0.477 -0.643 -0.634 -0.549 -0.433 -0.24 -0.063 -0.01 0.012 0.062 -0.086 -0.036 0.035 0.085 0.151 0.128 -0.025 -0.245 -0.453 -0.49 -0.415 -0.418 -0.675 -0.678 -0.507 -0.263 -0.112 -0.102 -0.194 -0.247 -0.199 -0.098 0.037 0.104 0.159 0.177 0.219
-0.097 -0.101 -0.113 -0.146 -0.169 -0.137 -0.055 0.028 0.08 0.082 0.186 0.314 0.332 0.249 0.204 0.043 -0.276 -0.503 -0.603 -0.538 -0.425 -0.27 -0.115 0.037 0.119 0.017 -0.068 -0.034 0.007 -0.049 -0.036 0.015 0.031 0.08 0.082 0.033 0.019 -0.043 -0.248 -0.461 -0.622 -0.656 -0.587 -0.465 -0.287 -0.096 0.015 0.063 0.091 -0.033 -0.054 0.051 0.082 0.143 0.073 -0.129 -0.343 -0.495 -0.428 -0.306 -0.281 -0.567 -0.639 -0.476 -0.28 -0.097 -0.019 -0.071 -0.098 -0.136 -0.149 -0.05 0.069 0.15 0.098 0.07
-0.056 -0.08 -0.101 -0.142 -0.167 -0.141 -0.096 -0.047 0.015 0.065 0.199 0.291 0.234 0.187 0.125 -0.093 -0.358 -0.503 -0.559 -0.515 -0.431 -0.238 -0.041 0.067 0.071 -0.013 -0.062 -0.042 -0.06 -0.12 -0.122 -0.012 -0.006 0.021 0.03 -0.032 -0.088 -0.146 -0.287 -0.385 -0.563 -0.655 -0.54 -0.464 -0.326 -0.172 -0.067 0 0.077 0.003 -0.045 0.015 0.074 0.054 -0.048 -0.217 -0.406 -0.484 -0.375 -0.221 -0.166 -0.41 -0.588 -0.503 -0.366 -0.194 -0.068 -0.027 0.029 0.004 -0.074 -0.099 -0.007 0.109 0.095 0.006
0.006 -0.038 -0.073 -0.139 -0.165 -0.13 -0.097 -0.075 -0.028 0.071 0.17 0.228 0.233 0.205 0.019 -0.236 -0.42 -0.485 -0.515 -0.501 -0.396 -0.199 -0.03 0.031 0.013 -0.086 -0.085 -0.148 -0.138 -0.171 -0.208 -0.1 -0.069 -0.101 -0.116 -0.152 -0.179 -0.202 -0.211 -0.287 -0.518 -0.621 -0.53 -0.489 -0.417 -0.391 -0.291 -0.171 -0.032 0.041 0.043 0.064 0.1 -0.019 -0.147 -0.318 -0.466 -0.438 -0.322 -0.192 -0.127 -0.268 -0.529 -0.578 -0.445 -0.298 -0.123 0.005 0.065 0.094 0.027 -0.057 -0.017 0.121 0.147 -0.022
0.065 0.012 -0.06 -0.143 -0.155 -0.112 -0.065 -0.054 -0.005 0.091 0.184 0.272 0.292 0.208 -0.061 -0.323 -0.456 -0.46 -0.464 -0.463 -0.363 -0.174 -0.079 -0.084 -0.127 -0.169 -0.195 -0.266 -0.222 -0.25 -0.298 -0.192 -0.188 -0.235 -0.267 -0.241 -0.18 -0.153 -0.11 -0.207 -0.468 -0.601 -0.571 -0.545 -0.531 -0.515 -0.386 -0.277 -0.154 -0.015 0.104 0.134 0.059 -0.09 -0.223 -0.395 -0.482 -0.4 -0.29 -0.181 -0.096 -0.196 -0.481 -0.592 -0.467 -0.343 -0.218 -0.097 0.019 0.103 0.121 0.056 0.012 0.11 0.183 0.094
0.084 0.031 -0.101 -0.149 -0.111 -0.115 -0.085 -0.048 0.042 0.149 0.265 0.37 0.3 0.119 -0.149 -0.379 -0.461 -0.437 -0.411 -0.42 -0.304 -0.172 -0.163 -0.227 -0.283 -0.299 -0.353 -0.332 -0.295 -0.347 -0.397 -0.313 -0.362 -0.404 -0.365 -0.267 -0.147 -0.101 -0.024 -0.138 -0.372 -0.556 -0.625 -0.608 -0.629 -0.541 -0.423 -0.303 -0.157 -0.04 0.116 0.138 0.017 -0.101 -0.247 -0.439 -0.471 -0.374 -0.269 -0.131 -0.044 -0.175 -0.468 -0.603 -0.518 -0.467 -0.4 -0.316 -0.115 0.037 0.18 0.164 0.084 0.089 0.173 0.105
0.045 -0.043 -0.143 -0.131 -0.066 -0.078 -0.073 -0.02 0.054 0.154 0.296 0.346 0.235 0.023 -0.222 -0.395 -0.448 -0.461 -0.421 -0.372 -0.297 -0.269 -0.28 -0.297 -0.356 -0.436 -0.466 -0.447 -0.44 -0.483 -0.512 -0.489 -0.528 -0.528 -0.42 -0.294 -0.171 -0.093 -0.017 -0.095 -0.268 -0.425 -0.563 -0.659 -0.676 -0.599 -0.51 -0.361 -0.148 -0.037 0.038 0.03 -0.013 -0.127 -0.315 -0.457 -0.445 -0.346 -0.223 -0.093 -0.086 -0.244 -0.504 -0.619 -0.612 -0.587 -0.547 -0.446 -0.209 0.009 0.179 0.232 0.192 0.131 0.113 0.063
-0.047 -0.133 -0.177 -0.129 -0.054 -0.069 -0.038 0.036 0.103 0.181 0.331 0.333 0.173 -0.044 -0.256 -0.371 -0.411 -0.456 -0.438 -0.399 -0.384 -0.416 -0.416 -0.37 -0.427 -0.525 -0.541 -0.536 -0.53 -0.539 -0.565 -0.602 -0.636 -0.608 -0.478 -0.35 -0.247 -0.149 -0.068 -0.068 -0.163 -0.256 -0.405 -0.622 -0.694 -0.63 -0.57 -0.447 -0.219 -0.111 -0.091 -0.105 -0.122 -0.227 -0.384 -0.44 -0.427 -0.323 -0.174 -0.082 -0.132 -0.317 -0.526 -0.564 -0.57 -0.556 -0.506 -0.418 -0.253 -0.027 0.136 0.147 0.118 0.097 0.095 0.081
-0.157 -0.194 -0.218 -0.169 -0.079 -0.125 -0.024 0.078 0.146 0.235 0.372 0.317 0.123 -0.042 -0.25 -0.374 -0.429 -0.489 -0.506 -0.483 -0.541 -0.574 -0.551 -0.508 -0.544 -0.558 -0.512 -0.448 -0.43 -0.425 -0.452 -0.577 -0.661 -0.662 -0.548 -0.471 -0.394 -0.286 -0.179 -0.063 -0.077 -0.118 -0.268 -0.519 -0.703 -0.662 -0.573 -0.487 -0.289 -0.201 -0.169 -0.114 -0.198 -0.269 -0.4 -0.351 -0.385 -0.254 -0.08 -0.081 -0.19 -0.368 -0.514 -0.425 -0.422 -0.438 -0.37 -0.317 -0.233 -0.045 -0.01 -0.039 -0.002 0.044 0.085 0.122
-0.224 -0.252 -0.275 -0.249 -0.2 -0.186 -0.107 0.005 0.092 0.256 0.326 0.248 0.168 0.097 -0.191 -0.398 -0.508 -0.603 -0.621 -0.625 -0.657 -0.642 -0.612 -0.585 -0.531 -0.415 -0.325 -0.254 -0.231 -0.244 -0.341 -0.444 -0.603 -0.674 -0.644 -0.558 -0.436 -0.28 -0.173 -0.071 -0.003 -0.053 -0.164 -0.417 -0.661 -0.708 -0.644 -0.544 -0.373 -0.237 -0.155 -0.124 -0.169 -0.213 -0.352 -0.28 -0.202 -0.102 -0.038 -0.152 -0.225 -0.368 -0.441 -0.378 -0.371 -0.372 -0.319 -0.225 -0.211 -0.183 -0.156 -0.097 -0.008 0.063 0.089 0.086
-0.278 -0.303 -0.329 -0.33 -0.301 -0.249 -0.178 -0.065 0.012 0.218 0.281 0.187 0.25 0.256 -0.04 -0.327 -0.507 -0.604 -0.645 -0.675 -0.66 -0.6 -0.554 -0.527 -0.447 -0.252 -0.132 -0.031 -0.063 -0.143 -0.242 -0.317 -0.543 -0.644 -0.66 -0.534 -0.438 -0.262 -0.124 -0.123 0.064 -0.003 -0.069 -0.361 -0.613 -0.721 -0.69 -0.59 -0.432 -0.259 -0.209 -0.176 -0.152 -0.158 -0.331 -0.219 -0.04 0.039 -0.079 -0.199 -0.131 -0.294 -0.484 -0.472 -0.453 -0.446 -0.375 -0.258 -0.333 -0.385 -0.248 -0.099 0.018 0.076 0.049 0.006
-0.309 -0.341 -0.372 -0.385 -0.348 -0.284 -0.263 -0.185 -0.06 0.142 0.25 0.252 0.264 0.27 0.093 -0.105 -0.278 -0.404 -0.498 -0.545 -0.536 -0.463 -0.437 -0.395 -0.356 -0.206 -0.037 0.001 -0.023 -0.089 -0.167 -0.313 -0.507 -0.539 -0.594 -0.548 -0.403 -0.284 -0.111 -0.122 0.009 0.032 -0.1 -0.301 -0.517 -0.675 -0.667 -0.566 -0.444 -0.32 -0.235 -0.155 -0.075 -0.092 -0.205 -0.156 -0.077 -0.042 -0.121 -0.14 -0.173 -0.247 -0.305 -0.422 -0.474 -0.508 -0.483 -0.429 -0.47 -0.413 -0.226 -0.08 -0.037 -0.033 -0.044 -0.116
-0.318 -0.358 -0.397 -0.429 -0.417 -0.369 -0.352 -0.236 -0.082 0.126 0.276 0.321 0.272 0.267 0.197 0.08 -0.093 -0.224 -0.294 -0.351 -0.427 -0.37 -0.316 -0.262 -0.263 -0.136 0.026 0.007 0.005 -0.037 -0.147 -0.336 -0.47 -0.42 -0.535 -0.58 -0.401 -0.318 -0.141 -0.164 -0.037 -0.015 -0.107 -0.208 -0.398 -0.617 -0.651 -0.557 -0.439 -0.323 -0.229 -0.148 0.012 -0.018 -0.101 -0.086 -0.024 -0.032 -0.115 -0.115 -0.208 -0.207 -0.162 -0.24 -0.294 -0.359 -0.512 -0.509 -0.488 -0.336 -0.195 -0.124 -0.144 -0.176 -0.12 -0.236
-0.309 -0.355 -0.405 -0.453 -0.478 -0.443 -0.369 -0.273 -0.102 0.096 0.249 0.328 0.33 0.258 0.241 0.117 -0.018 -0.055 -0.108 -0.189 -0.307 -0.332 -0.273 -0.2 -0.15 -0.049 0.041 0.055 0.032 0.008 -0.072 -0.283 -0.423 -0.39 -0.498 -0.611 -0.516 -0.405 -0.275 -0.199 -0.094 -0.068 -0.059 -0.132 -0.34 -0.514 -0.589 -0.58 -0.482 -0.369 -0.258 -0.11 -0.035 -0.061 -0.074 -0.043 0.017 0.018 -0.038 -0.126 -0.161 -0.189 -0.111 -0.091 -0.114 -0.203 -0.325 -0.306 -0.261 -0.251 -0.249 -0.25 -0.262 -0.299 -0.298 -0.344
-0.286 -0.338 -0.395 -0.453 -0.501 -0.49 -0.404 -0.302 -0.164 -0.015 0.166 0.313 0.392 0.322 0.253 0.153 0.065 0.046 -0.002 -0.069 -0.156 -0.24 -0.257 -0.203 -0.157 -0.089 0.017 0.089 0.08 0.087 -0.007 -0.262 -0.425 -0.398 -0.47 -0.628 -0.616 -0.52 -0.405 -0.269 -0.152 -0.108 -0.054 -0.124 -0.323 -0.394 -0.446 -0.534 -0.514 -0.405 -0.276 -0.132 -0.049 -0.02 -0.013 0.029 0.082 0.062 -0.023 -0.115 -0.094 -0.172 -0.109 -0.038 -0.003 -0.124 -0.18 -0.139 -0.134 -0.254 -0.348 -0.386 -0.408 -0.443 -0.464 -0.453
-0.248 -0.306 -0.371 -0.438 -0.497 -0.523 -0.433 -0.335 -0.284 -0.156 0.099 0.321 0.394 0.379 0.314 0.262 0.183 0.141 0.061 0 -0.011 -0.074 -0.173 -0.163 -0.128 -0.137 -0.007 0.11 0.069 0.014 -0.085 -0.3 -0.424 -0.405 -0.461 -0.592 -0.649 -0.573 -0.459 -0.347 -0.205 -0.131 -0.108 -0.144 -0.278 -0.305 -0.264 -0.362 -0.424 -0.333 -0.178 -0.09 0.025 0.091 0.107 0.112 0.118 0.071 -0.038 -0.104 -0.074 -0.095 -0.164 -0.152 -0.119 -0.104 -0.122 -0.137 -0.2 -0.335 -0.454 -0.541 -0.597 -0.597 -0.514 -0.396
-0.189 -0.259 -0.336 -0.414 -0.484 -0.528 -0.484 -0.407 -0.318 -0.159 0.07 0.249 0.351 0.43 0.408 0.359 0.295 0.233 0.104 0.029 0.025 -0.005 -0.088 -0.089 -0.042 -0.123 -0.023 0.068 0.001 -0.029 -0.107 -0.303 -0.412 -0.391 -0.433 -0.523 -0.611 -0.555 -0.438 -0.347 -0.221 -0.161 -0.134 -0.119 -0.194 -0.238 -0.155 -0.182 -0.26 -0.204 -0.095 -0.01 0.089 0.098 0.104 0.09 0.079 0.054 -0.049 -0.116 -0.139 -0.19 -0.291 -0.314 -0.241 -0.13 -0.147 -0.196 -0.297 -0.46 -0.597 -0.687 -0.708 -0.619 -0.475 -0.326
-0.107 -0.195 -0.289 -0.381 -0.463 -0.521 -0.514 -0.391 -0.236 -0.104 0.033 0.201 0.367 0.498 0.469 0.415 0.366 0.242 0.093 0.032 0.007 0 -0.026 -0.043 -0.02 -0.078 -0.008 0.016 -0.008 0.031 -0.051 -0.272 -0.385 -0.369 -0.369 -0.423 -0.51 -0.479 -0.362 -0.277 -0.196 -0.15 -0.093 -0.08 -0.119 -0.145 -0.071 -0.038 -0.094 -0.101 -0.057 0.017 0.066 0.04 0.013 0.001 0.007 0.015 -0.093 -0.2 -0.309 -0.409 -0.455 -0.408 -0.284 -0.189 -0.18 -0.229 -0.395 -0.601 -0.72 -0.741 -0.687 -0.558 -0.424 -0.284
0.001 -0.112 -0.232 -0.344 -0.439 -0.509 -0.512 -0.324 -0.203 -0.134 0.001 0.219 0.441 0.53 0.458 0.443 0.336 0.172 0.032 0.038 0.026 0.025 0.048 0.012 -0.015 -0.036 0.014 -0.027 0.011 0.064 -0.037 -0.265 -0.358 -0.308 -0.278 -0.318 -0.349 -0.368 -0.301 -0.21 -0.102 -0.075 -0.058 -0.066 -0.025 -0.027 0.002 0.026 0.004 -0.028 -0.036 -0.018 -0.002 0.024 0.007 0.015 0.031 0.049 -0.218 -0.397 -0.506 -0.558 -0.512 -0.393 -0.302 -0.239 -0.222 -0.258 -0.471 -0.701 -0.724 -0.691 -0.624 -0.503 -0.376 -0.282
0.153 -0.014 -0.168 -0.304 -0.414 -0.481 -0.438 -0.293 -0.206 -0.122 0.046 0.265 0.445 0.466 0.363 0.286 0.179 0.045 -0.014 0.026 0.026 0.015 0.024 0.01 -0.016 -0.015 0.005 -0.022 0.025 0.011 -0.111 -0.236 -0.298 -0.242 -0.164 -0.152 -0.2 -0.231 -0.183 -0.113 -0.028 0.006 0.04 0.035 0.039 0.017 0.02 0.018 0.001 -0.027 -0.048 -0.057 -0.07 -0.064 -0.039 -0.016 -0.012 -0.055 -0.321 -0.525 -0.56 -0.54 -0.487 -0.421 -0.379 -0.31 -0.276 -0.324 -0.541 -0.73 -0.695 -0.655 -0.581 -0.484 -0.429 -0.402
