data/climatemaps/RS_maps/climate_winter_tmin_2013.asc
NCOLS 369 
NROWS 228 
XLLCORNER 479000 
YLLCORNER 73000 
CELLSIZE 1000 
NODATA_value -9 
[rows 102 to 135 of 228, columns 0 to 76 of 369]
-9 -9 -9 -9 -9 -9 -9 -9 -9 -9 -9 -9 -9 -9 -9 -9 -9 -9 -9 -9 -9 -9 -9 -9 -9 -9 -9 -9 -9 -9 -9 -9 0.994 0.98 0.964 1.007 1.02 1.013 0.996 0.953 0.884 0.818 0.827 0.839 0.817 0.748 0.698 0.688 0.7 0.711 0.693 0.688 0.681 0.685 0.682 0.679 0.708 0.734 0.807 0.85 0.846 0.927 0.945 0.922 0.825 0.63 0.601 0.595 0.541 0.554 0.635 0.832 0.981 1.063 1.078 1.09 1.109
-9 -9 -9 -9 -9 -9 -9 -9 -9 -9 -9 -9 -9 -9 -9 -9 -9 -9 -9 -9 -9 -9 -9 -9 -9 -9 -9 -9 -9 -9 -9 -9 0.984 0.985 1.003 1.019 1.019 1.006 0.978 0.884 0.844 0.857 0.843 0.802 0.724 0.702 0.684 0.687 0.698 0.723 0.74 0.735 0.722 0.722 0.709 0.686 0.724 0.812 0.888 0.936 0.936 0.905 0.863 0.753 0.639 0.552 0.505 0.508 0.566 0.697 0.826 0.955 1.029 1.096 1.101 1.116 1.11
-9 -9 -9 -9 -9 -9 -9 -9 -9 -9 -9 -9 -9 -9 -9 -9 -9 -9 -9 -9 -9 -9 -9 -9 -9 -9 -9 -9 -9 -9 -9 -9 1.001 1.011 1.02 1.016 1.009 1 0.966 0.888 0.89 0.861 0.797 0.708 0.665 0.689 0.705 0.73 0.774 0.805 0.804 0.781 0.777 0.794 0.799 0.731 0.855 0.94 0.957 0.921 0.84 0.759 0.704 0.639 0.6 0.562 0.542 0.608 0.758 0.891 0.976 1.033 1.087 1.125 1.126 1.123 1.12
-9 -9 -9 -9 -9 -9 -9 -9 -9 -9 -9 -9 -9 -9 -9 -9 -9 -9 -9 -9 -9 -9 -9 -9 -9 -9 -9 -9 -9 -9 -9 -9 1.022 1.02 1.02 1.014 1.003 0.992 0.975 0.936 0.89 0.829 0.724 0.678 0.698 0.751 0.788 0.825 0.833 0.812 0.782 0.766 0.779 0.859 0.895 0.868 0.953 0.971 0.932 0.818 0.727 0.687 0.636 0.604 0.599 0.579 0.638 0.808 0.921 0.994 1.053 1.091 1.134 1.137 1.133 1.128 1.121
-9 -9 -9 -9 -9 -9 -9 -9 -9 -9 -9 -9 -9 -9 -9 -9 -9 -9 -9 -9 -9 -9 -9 -9 -9 -9 -9 -9 -9 -9 -9 -9 -9 1.02 1.02 1.008 1.002 0.98 0.957 0.943 0.839 0.766 0.725 0.733 0.774 0.836 0.829 0.786 0.75 0.717 0.691 0.696 0.733 0.823 0.896 0.956 0.915 0.907 0.835 0.739 0.689 0.642 0.592 0.626 0.652 0.658 0.795 0.931 1.01 1.063 1.111 1.142 1.15 1.142 1.141 1.13 1.128
-9 -9 -9 -9 -9 -9 -9 -9 -9 -9 -9 -9 -9 -9 -9 -9 -9 -9 -9 -9 -9 -9 -9 -9 -9 -9 -9 -9 -9 -9 -9 -9 -9 1.013 1.006 0.997 0.982 0.916 0.904 0.885 0.787 0.762 0.772 0.809 0.842 0.806 0.722 0.689 0.671 0.661 0.679 0.73 0.824 0.889 0.89 0.847 0.772 0.774 0.686 0.654 0.646 0.628 0.653 0.706 0.736 0.798 0.917 0.993 1.052 1.109 1.151 1.157 1.157 1.147 1.143 1.136 1.135
-9 -9 -9 -9 -9 -9 -9 -9 -9 -9 -9 -9 -9 -9 -9 -9 -9 -9 -9 -9 -9 -9 -9 -9 -9 -9 -9 -9 -9 -9 -9 -9 -9 0.989 0.988 0.954 0.894 0.852 0.86 0.926 0.819 0.824 0.86 0.86 0.793 0.706 0.67 0.678 0.686 0.704 0.748 0.83 0.824 0.784 0.713 0.634 0.623 0.662 0.619 0.624 0.639 0.662 0.702 0.72 0.725 0.804 0.95 1.027 1.086 1.147 1.17 1.162 1.16 1.153 1.149 1.14 1.138
-9 -9 -9 -9 -9 -9 -9 -9 -9 -9 -9 -9 -9 -9 -9 -9 -9 -9 -9 -9 -9 -9 -9 -9 -9 -9 -9 -9 -9 -9 -9 -9 -9 0.915 0.896 0.869 0.849 0.841 0.865 0.92 0.916 0.892 0.842 0.766 0.707 0.69 0.69 0.712 0.737 0.771 0.798 0.796 0.623 0.596 0.571 0.529 0.573 0.605 0.605 0.625 0.622 0.649 0.669 0.666 0.685 0.83 0.983 1.054 1.127 1.175 1.176 1.171 1.169 1.157 1.155 1.15 1.141
-9 -9 -9 -9 -9 -9 -9 -9 -9 -9 -9 -9 -9 -9 -9 -9 -9 -9 -9 -9 -9 -9 -9 -9 -9 -9 -9 -9 -9 -9 -9 -9 -9 0.877 0.876 0.867 0.871 0.893 0.921 0.923 0.866 0.811 0.735 0.69 0.696 0.713 0.739 0.75 0.778 0.751 0.778 0.616 0.558 0.512 0.53 0.564 0.641 0.643 0.621 0.652 0.661 0.749 0.791 0.821 0.891 0.997 1.062 1.109 1.166 1.187 1.185 1.173 1.173 1.166 1.16 1.154 1.145
-9 -9 -9 -9 -9 -9 -9 -9 -9 -9 -9 -9 -9 -9 -9 -9 -9 -9 -9 -9 -9 -9 -9 -9 -9 -9 -9 -9 -9 -9 -9 -9 -9 0.882 0.913 0.921 0.94 0.932 0.866 0.888 0.789 0.719 0.714 0.692 0.7 0.723 0.756 0.758 0.736 0.711 0.731 0.642 0.496 0.516 0.601 0.659 0.659 0.697 0.751 0.812 0.865 0.908 0.954 1.022 1.095 1.144 1.166 1.18 1.192 1.189 1.189 1.183 1.177 1.172 1.166 1.159 1.138
-9 -9 -9 -9 -9 -9 -9 -9 -9 -9 -9 -9 -9 -9 -9 -9 -9 -9 -9 -9 -9 -9 -9 -9 -9 -9 -9 -9 -9 -9 -9 -9 0.885 0.914 0.911 0.908 0.937 0.902 0.853 0.847 0.794 0.757 0.74 0.71 0.687 0.698 0.73 0.717 0.708 0.716 0.631 0.518 0.493 0.583 0.658 0.675 0.711 0.856 0.966 0.996 1.009 1.036 1.08 1.138 1.171 1.195 1.202 1.203 1.203 1.196 1.193 1.191 1.183 1.177 1.17 1.152 1.129
-9 -9 -9 -9 -9 -9 -9 -9 -9 -9 -9 -9 -9 -9 -9 -9 -9 -9 -9 -9 -9 -9 -9 -9 -9 -9 -9 -9 -9 -9 -9 -9 0.916 0.912 0.886 0.919 0.941 0.894 0.837 0.829 0.776 0.762 0.74 0.715 0.706 0.717 0.736 0.741 0.745 0.672 0.567 0.523 0.589 0.664 0.707 0.811 0.963 1.055 1.089 1.114 1.132 1.159 1.184 1.184 1.197 1.219 1.214 1.209 1.209 1.208 1.204 1.192 1.188 1.17 1.14 1.138 1.125
-9 -9 -9 -9 -9 -9 -9 -9 -9 -9 -9 -9 -9 -9 -9 -9 -9 -9 -9 -9 -9 -9 -9 -9 -9 -9 -9 -9 -9 -9 -9 -9 0.925 0.9 0.91 0.953 0.923 0.837 0.802 0.814 0.748 0.729 0.703 0.699 0.715 0.747 0.754 0.746 0.714 0.693 0.648 0.677 0.696 0.743 0.892 1.058 1.104 1.123 1.132 1.159 1.181 1.195 1.205 1.213 1.22 1.22 1.218 1.22 1.215 1.208 1.204 1.202 1.169 1.105 1.098 1.123 1.13
-9 -9 -9 -9 -9 -9 -9 -9 -9 -9 -9 -9 -9 -9 -9 -9 -9 -9 -9 -9 -9 -9 -9 -9 -9 -9 -9 -9 -9 -9 -9 0.935 0.918 0.911 0.947 0.946 0.868 0.805 0.78 0.797 0.711 0.682 0.682 0.699 0.73 0.744 0.74 0.715 0.694 0.753 0.77 0.801 0.815 0.902 1.072 1.104 1.092 1.116 1.146 1.169 1.189 1.205 1.217 1.221 1.223 1.226 1.227 1.222 1.221 1.219 1.211 1.192 1.099 1.088 1.099 1.094 1.123
-9 -9 -9 -9 -9 -9 -9 -9 -9 -9 -9 -9 -9 -9 -9 -9 -9 -9 -9 -9 -9 -9 -9 -9 -9 -9 -9 -9 -9 0.929 0.965 0.947 0.922 0.946 0.956 0.904 0.816 0.788 0.795 0.78 0.699 0.664 0.671 0.696 0.725 0.727 0.697 0.659 0.689 0.721 0.736 0.771 0.956 1.062 1.105 1.106 1.114 1.132 1.152 1.172 1.196 1.219 1.224 1.227 1.232 1.231 1.234 1.233 1.225 1.224 1.201 1.129 1.078 1.088 1.088 1.112 1.11
-9 -9 -9 -9 -9 -9 -9 -9 -9 -9 -9 -9 -9 -9 -9 -9 -9 -9 -9 -9 -9 -9 -9 -9 -9 -9 -9 -9 0.888 0.922 0.928 0.959 0.942 0.961 0.909 0.842 0.796 0.786 0.799 0.784 0.688 0.643 0.659 0.693 0.703 0.674 0.636 0.592 0.621 0.707 0.78 0.843 1.035 1.1 1.123 1.137 1.154 1.167 1.179 1.205 1.225 1.229 1.233 1.233 1.229 1.225 1.224 1.228 1.224 1.203 1.128 1.086 1.08 1.088 1.091 1.096 1.074
-9 -9 -9 -9 -9 -9 -9 -9 -9 -9 -9 -9 -9 -9 -9 -9 -9 -9 -9 -9 -9 -9 -9 -9 -9 -9 0.83 0.876 0.886 0.872 0.915 0.942 0.963 0.935 0.854 0.807 0.801 0.822 0.816 0.794 0.698 0.671 0.69 0.679 0.672 0.652 0.634 0.583 0.647 0.814 0.964 1.016 1.077 1.115 1.138 1.168 1.184 1.192 1.206 1.219 1.233 1.236 1.232 1.215 1.2 1.206 1.222 1.224 1.201 1.14 1.076 1.076 1.082 1.073 1.099 1.057 1.038
-9 -9 -9 -9 -9 -9 -9 -9 -9 -9 -9 -9 -9 -9 -9 -9 -9 -9 -9 -9 -9 -9 -9 -9 -9 0.822 0.854 0.853 0.853 0.871 0.901 0.952 0.963 0.922 0.871 0.836 0.848 0.869 0.827 0.805 0.74 0.715 0.724 0.7 0.702 0.688 0.621 0.589 0.723 0.933 1.052 1.068 1.094 1.121 1.149 1.184 1.169 1.194 1.218 1.222 1.233 1.228 1.201 1.161 1.176 1.202 1.216 1.19 1.159 1.108 1.08 1.071 1.068 1.093 1.079 1.026 1.03
-9 -9 -9 -9 -9 -9 -9 -9 -9 -9 -9 -9 -9 -9 -9 -9 -9 -9 -9 -9 -9 -9 -9 0.852 0.829 0.823 0.804 0.839 0.871 0.922 0.943 0.977 0.953 0.904 0.866 0.851 0.885 0.868 0.839 0.808 0.778 0.757 0.768 0.781 0.739 0.629 0.534 0.611 0.85 1.03 1.076 1.087 1.124 1.153 1.183 1.188 1.16 1.202 1.227 1.231 1.232 1.208 1.161 1.144 1.177 1.183 1.192 1.158 1.144 1.11 1.091 1.065 1.076 1.094 1.054 1.016 1.066
-9 -9 -9 -9 -9 -9 -9 -9 -9 -9 -9 -9 -9 -9 -9 -9 -9 -9 -9 -9 -9 -9 0.866 0.821 0.822 0.81 0.814 0.882 0.923 0.948 0.974 0.954 0.932 0.901 0.883 0.897 0.873 0.817 0.754 0.783 0.819 0.834 0.793 0.705 0.606 0.586 0.598 0.764 0.969 1.069 1.086 1.105 1.15 1.173 1.202 1.202 1.204 1.226 1.234 1.238 1.228 1.192 1.158 1.164 1.151 1.153 1.179 1.141 1.131 1.094 1.086 1.074 1.081 1.076 1.045 1.054 1.102
-9 -9 -9 -9 -9 -9 -9 -9 -9 -9 -9 -9 -9 -9 -9 -9 -9 -9 -9 -9 -9 0.882 0.851 0.813 0.793 0.819 0.848 0.897 0.907 0.905 0.929 0.898 0.871 0.892 0.921 0.89 0.818 0.671 0.673 0.805 0.9 0.788 0.699 0.65 0.611 0.664 0.772 0.951 1.048 1.09 1.118 1.146 1.168 1.201 1.216 1.218 1.228 1.233 1.235 1.226 1.213 1.188 1.17 1.159 1.152 1.189 1.169 1.141 1.109 1.084 1.085 1.082 1.085 1.082 1.077 1.101 1.097
-9 -9 -9 -9 -9 -9 -9 -9 -9 -9 -9 -9 -9 -9 -9 -9 -9 -9 -9 -9 0.883 0.847 0.843 0.802 0.774 0.839 0.863 0.862 0.877 0.895 0.926 0.909 0.907 0.917 0.872 0.808 0.753 0.656 0.681 0.883 0.86 0.74 0.734 0.745 0.764 0.873 0.95 1.013 1.068 1.093 1.131 1.168 1.195 1.215 1.22 1.224 1.231 1.231 1.204 1.202 1.201 1.177 1.161 1.16 1.193 1.211 1.153 1.121 1.083 1.079 1.088 1.084 1.078 1.083 1.1 1.071 1.076
-9 -9 -9 -9 -9 -9 -9 -9 -9 -9 -9 -9 -9 -9 -9 -9 -9 -9 -9 0.876 0.856 0.816 0.795 0.768 0.802 0.835 0.836 0.864 0.899 0.924 0.914 0.899 0.877 0.84 0.79 0.728 0.685 0.623 0.698 0.871 0.926 0.871 0.834 0.867 0.936 0.998 1.02 1.034 1.072 1.105 1.146 1.181 1.212 1.22 1.22 1.228 1.182 1.184 1.175 1.195 1.182 1.165 1.148 1.166 1.207 1.203 1.146 1.116 1.076 1.075 1.076 1.055 1.082 1.088 1.081 1.055 1.095
-9 -9 -9 -9 -9 -9 -9 -9 -9 -9 -9 -9 -9 -9 -9 -9 -9 -9 0.885 0.832 0.77 0.746 0.774 0.805 0.855 0.837 0.861 0.898 0.92 0.919 0.871 0.816 0.778 0.765 0.739 0.702 0.661 0.615 0.654 0.837 0.967 0.951 0.962 0.986 1.013 1.038 1.074 1.082 1.1 1.128 1.166 1.194 1.22 1.224 1.231 1.217 1.152 1.157 1.149 1.183 1.164 1.126 1.13 1.177 1.218 1.193 1.152 1.092 1.044 1.044 1.041 1.062 1.071 1.059 1.082 1.072 1.133
-9 -9 -9 -9 -9 -9 -9 -9 -9 -9 -9 -9 -9 -9 -9 -9 -9 0.902 0.839 0.749 0.738 0.773 0.816 0.847 0.858 0.884 0.911 0.909 0.9 0.861 0.795 0.747 0.732 0.741 0.73 0.712 0.69 0.655 0.717 0.86 0.994 1.006 1.016 0.982 0.892 0.964 1.021 1.077 1.107 1.15 1.162 1.196 1.226 1.232 1.235 1.212 1.17 1.148 1.157 1.178 1.151 1.114 1.135 1.184 1.22 1.192 1.157 1.083 1.054 1.034 1.036 1.072 1.045 1.077 1.094 1.103 1.162
-9 -9 -9 -9 -9 -9 -9 -9 -9 -9 -9 -9 -9 -9 -9 -9 0.871 0.804 0.752 0.752 0.795 0.825 0.833 0.842 0.872 0.919 0.905 0.857 0.823 0.78 0.737 0.714 0.73 0.741 0.749 0.77 0.773 0.797 0.93 0.988 0.98 0.936 0.883 0.842 0.869 0.971 1.031 1.092 1.115 1.161 1.159 1.186 1.239 1.243 1.238 1.222 1.194 1.162 1.172 1.176 1.147 1.123 1.145 1.196 1.213 1.2 1.151 1.105 1.076 1.055 1.057 1.045 1.066 1.113 1.136 1.173 1.138
-9 -9 -9 -9 -9 -9 -9 -9 -9 -9 -9 -9 -9 -9 -9 0.828 0.757 0.74 0.765 0.793 0.811 0.832 0.831 0.859 0.892 0.88 0.826 0.785 0.758 0.715 0.702 0.715 0.739 0.772 0.785 0.805 0.839 0.93 0.954 0.869 0.861 0.855 0.835 0.87 0.96 1.017 1.049 1.1 1.127 1.157 1.165 1.205 1.248 1.255 1.244 1.223 1.193 1.171 1.18 1.171 1.145 1.131 1.162 1.21 1.202 1.194 1.146 1.101 1.074 1.055 1.048 1.058 1.111 1.12 1.166 1.179 1.11
-9 -9 -9 -9 -9 -9 -9 -9 -9 -9 -9 -9 -9 0.901 0.831 0.753 0.726 0.753 0.782 0.804 0.825 0.85 0.863 0.848 0.847 0.81 0.761 0.747 0.729 0.71 0.698 0.736 0.757 0.776 0.774 0.779 0.834 0.865 0.788 0.79 0.868 0.852 0.858 0.885 0.973 1.041 1.072 1.11 1.137 1.167 1.192 1.231 1.26 1.266 1.248 1.214 1.179 1.171 1.181 1.167 1.148 1.138 1.184 1.208 1.193 1.189 1.141 1.085 1.054 1.057 1.062 1.084 1.126 1.123 1.184 1.148 1.085
-9 -9 -9 -9 -9 -9 -9 -9 -9 -9 -9 -9 0.926 0.84 0.774 0.743 0.767 0.807 0.819 0.845 0.856 0.858 0.792 0.769 0.807 0.792 0.773 0.763 0.734 0.712 0.717 0.747 0.758 0.775 0.781 0.812 0.84 0.744 0.756 0.836 0.887 0.796 0.759 0.831 0.964 1.046 1.084 1.122 1.153 1.187 1.215 1.253 1.271 1.276 1.241 1.214 1.185 1.175 1.188 1.168 1.157 1.166 1.196 1.202 1.192 1.185 1.138 1.08 1.039 1.062 1.084 1.117 1.139 1.174 1.171 1.083 1.05
-9 -9 -9 -9 -9 -9 -9 -9 -9 -9 -9 0.968 0.902 0.828 0.77 0.805 0.843 0.861 0.879 0.844 0.83 0.805 0.735 0.76 0.796 0.788 0.773 0.752 0.71 0.7 0.7 0.744 0.791 0.812 0.849 0.891 0.849 0.756 0.819 0.856 0.826 0.75 0.776 0.912 1.017 1.068 1.108 1.149 1.178 1.208 1.233 1.265 1.285 1.282 1.224 1.214 1.191 1.182 1.194 1.175 1.174 1.189 1.197 1.195 1.188 1.167 1.136 1.095 1.058 1.066 1.096 1.154 1.202 1.195 1.102 1.031 1.022
-9 -9 -9 -9 -9 -9 -9 -9 -9 -9 1.034 0.996 0.917 0.866 0.829 0.88 0.919 0.9 0.847 0.801 0.755 0.767 0.73 0.737 0.768 0.759 0.744 0.72 0.668 0.645 0.711 0.796 0.837 0.868 0.891 0.914 0.868 0.825 0.857 0.841 0.776 0.79 0.905 1.014 1.071 1.098 1.142 1.18 1.202 1.232 1.255 1.267 1.282 1.272 1.216 1.212 1.203 1.199 1.197 1.19 1.193 1.202 1.196 1.192 1.187 1.153 1.133 1.116 1.098 1.099 1.144 1.219 1.199 1.124 1.058 1.002 0.994
-9 -9 -9 -9 -9 -9 -9 -9 -9 -9 0.999 1.003 0.965 0.878 0.895 0.908 0.89 0.829 0.762 0.722 0.738 0.759 0.726 0.713 0.721 0.731 0.714 0.683 0.642 0.701 0.805 0.861 0.875 0.903 0.92 0.923 0.836 0.804 0.843 0.81 0.819 0.902 1.013 1.073 1.115 1.149 1.184 1.213 1.232 1.266 1.281 1.263 1.288 1.276 1.219 1.225 1.22 1.222 1.214 1.209 1.209 1.211 1.197 1.197 1.184 1.148 1.133 1.129 1.137 1.152 1.183 1.226 1.148 1.086 1.048 0.989 0.966
-9 -9 -9 -9 -9 -9 -9 -9 -9 0.926 0.906 0.927 0.946 0.937 0.917 0.871 0.829 0.756 0.699 0.689 0.725 0.758 0.736 0.713 0.695 0.697 0.673 0.664 0.698 0.801 0.854 0.881 0.917 0.936 0.923 0.849 0.748 0.715 0.817 0.87 0.914 1.01 1.076 1.122 1.16 1.197 1.212 1.234 1.242 1.271 1.291 1.296 1.314 1.266 1.228 1.241 1.238 1.242 1.236 1.227 1.226 1.215 1.198 1.197 1.174 1.141 1.128 1.134 1.169 1.183 1.212 1.22 1.164 1.101 1.063 0.986 0.965
-9 -9 -9 -9 -9 -9 -9 -9 0.924 0.894 0.88 0.893 0.918 0.936 0.895 0.847 0.773 0.728 0.695 0.699 0.721 0.77 0.738 0.708 0.693 0.672 0.667 0.714 0.776 0.847 0.887 0.93 0.944 0.914 0.784 0.746 0.721 0.728 0.842 0.929 0.999 1.069 1.131 1.176 1.209 1.219 1.227 1.264 1.245 1.259 1.273 1.31 1.329 1.26 1.253 1.255 1.251 1.255 1.251 1.243 1.233 1.211 1.201 1.185 1.165 1.124 1.109 1.132 1.174 1.201 1.206 1.196 1.172 1.131 1.079 0.994 0.964
