data/climatemaps/RS_maps/climate_winter_pr_2007.asc
NCOLS 369 
NROWS 228 
XLLCORNER 479000 
YLLCORNER 73000 
CELLSIZE 1000 
NODATA_value -9 
[rows 68 to 101 of 228, columns 150 to 224 of 369]
-0.664 -0.648 -0.643 -0.64 -0.641 -0.647 -0.638 -0.645 -0.652 -0.676 -0.697 -0.687 -0.639 -0.575 -0.514 -0.461 -0.466 -0.515 -0.538 -0.51 -0.436 -0.343 -0.272 -0.222 -0.179 -0.19 -0.286 -0.385 -0.428 -0.476 -0.573 -0.62 -0.609 -0.545 -0.457 -0.333 -0.223 -0.183 -0.232 -0.323 -0.439 -0.548 -0.635 -0.683 -0.7 -0.692 -0.67 -0.634 -0.582 -0.494 -0.404 -0.321 -0.256 -0.201 -0.141 -0.09 -0.134 -0.165 -0.195 -0.283 -0.377 -0.433 -0.487 -0.536 -0.552 -0.552 -0.544 -0.527 -0.503 -0.469 -0.444 -0.419 -0.395 -0.374 -0.348
-0.65 -0.651 -0.642 -0.633 -0.626 -0.631 -0.617 -0.608 -0.614 -0.645 -0.678 -0.676 -0.636 -0.579 -0.519 -0.452 -0.443 -0.487 -0.521 -0.514 -0.435 -0.34 -0.257 -0.181 -0.139 -0.121 -0.194 -0.295 -0.353 -0.4 -0.498 -0.574 -0.592 -0.549 -0.469 -0.355 -0.231 -0.153 -0.178 -0.264 -0.375 -0.49 -0.584 -0.648 -0.674 -0.678 -0.662 -0.628 -0.587 -0.518 -0.438 -0.355 -0.292 -0.238 -0.184 -0.128 -0.113 -0.136 -0.122 -0.192 -0.287 -0.355 -0.405 -0.466 -0.503 -0.515 -0.516 -0.512 -0.499 -0.48 -0.458 -0.432 -0.404 -0.375 -0.347
-0.629 -0.644 -0.636 -0.618 -0.612 -0.617 -0.595 -0.57 -0.583 -0.62 -0.65 -0.665 -0.647 -0.588 -0.525 -0.463 -0.437 -0.458 -0.507 -0.52 -0.458 -0.369 -0.276 -0.177 -0.119 -0.105 -0.135 -0.211 -0.275 -0.318 -0.409 -0.512 -0.557 -0.551 -0.482 -0.382 -0.257 -0.154 -0.145 -0.222 -0.33 -0.438 -0.53 -0.61 -0.645 -0.654 -0.641 -0.617 -0.585 -0.528 -0.461 -0.391 -0.327 -0.287 -0.234 -0.183 -0.146 -0.137 -0.094 -0.126 -0.2 -0.288 -0.328 -0.371 -0.418 -0.45 -0.472 -0.478 -0.475 -0.464 -0.446 -0.423 -0.394 -0.363 -0.333
-0.612 -0.629 -0.626 -0.609 -0.603 -0.593 -0.566 -0.549 -0.565 -0.592 -0.624 -0.648 -0.647 -0.592 -0.541 -0.495 -0.454 -0.447 -0.495 -0.522 -0.492 -0.408 -0.307 -0.2 -0.114 -0.09 -0.092 -0.144 -0.2 -0.231 -0.308 -0.432 -0.506 -0.533 -0.493 -0.409 -0.298 -0.183 -0.14 -0.195 -0.297 -0.399 -0.487 -0.571 -0.614 -0.627 -0.617 -0.601 -0.573 -0.532 -0.476 -0.418 -0.37 -0.332 -0.3 -0.239 -0.173 -0.122 -0.1 -0.099 -0.147 -0.219 -0.277 -0.305 -0.336 -0.364 -0.406 -0.432 -0.435 -0.427 -0.415 -0.394 -0.366 -0.335 -0.305
-0.597 -0.612 -0.617 -0.6 -0.589 -0.571 -0.539 -0.531 -0.544 -0.559 -0.605 -0.63 -0.621 -0.6 -0.569 -0.533 -0.494 -0.467 -0.487 -0.52 -0.512 -0.45 -0.349 -0.233 -0.133 -0.1 -0.078 -0.099 -0.136 -0.149 -0.201 -0.329 -0.437 -0.491 -0.493 -0.437 -0.348 -0.237 -0.166 -0.191 -0.275 -0.372 -0.453 -0.537 -0.585 -0.602 -0.597 -0.578 -0.561 -0.534 -0.494 -0.451 -0.422 -0.395 -0.337 -0.231 -0.146 -0.087 -0.069 -0.077 -0.105 -0.16 -0.22 -0.254 -0.276 -0.296 -0.329 -0.356 -0.369 -0.361 -0.352 -0.333 -0.305 -0.275 -0.253
-0.576 -0.588 -0.606 -0.59 -0.576 -0.551 -0.521 -0.512 -0.517 -0.525 -0.578 -0.612 -0.59 -0.57 -0.545 -0.523 -0.512 -0.489 -0.486 -0.511 -0.518 -0.487 -0.402 -0.285 -0.182 -0.138 -0.085 -0.074 -0.095 -0.083 -0.104 -0.21 -0.347 -0.433 -0.471 -0.453 -0.39 -0.292 -0.209 -0.207 -0.268 -0.351 -0.432 -0.51 -0.557 -0.573 -0.57 -0.558 -0.54 -0.529 -0.506 -0.481 -0.455 -0.416 -0.348 -0.26 -0.145 -0.046 -0.004 -0.014 -0.066 -0.105 -0.149 -0.185 -0.203 -0.211 -0.227 -0.243 -0.265 -0.258 -0.242 -0.219 -0.189 -0.167 -0.154
-0.557 -0.571 -0.585 -0.585 -0.567 -0.537 -0.513 -0.502 -0.5 -0.505 -0.557 -0.599 -0.588 -0.566 -0.542 -0.527 -0.511 -0.487 -0.482 -0.503 -0.513 -0.502 -0.455 -0.355 -0.264 -0.189 -0.104 -0.069 -0.073 -0.052 -0.037 -0.105 -0.239 -0.366 -0.431 -0.451 -0.419 -0.345 -0.263 -0.237 -0.277 -0.338 -0.408 -0.484 -0.53 -0.542 -0.534 -0.532 -0.522 -0.515 -0.504 -0.487 -0.461 -0.417 -0.327 -0.22 -0.097 0.007 0.055 0.05 -0.001 -0.039 -0.066 -0.092 -0.104 -0.092 -0.101 -0.127 -0.143 -0.124 -0.091 -0.057 -0.046 -0.017 0
-0.543 -0.556 -0.567 -0.565 -0.563 -0.526 -0.504 -0.495 -0.501 -0.509 -0.547 -0.585 -0.594 -0.586 -0.573 -0.555 -0.533 -0.51 -0.499 -0.5 -0.502 -0.501 -0.478 -0.423 -0.33 -0.241 -0.151 -0.091 -0.07 -0.051 -0.011 -0.037 -0.142 -0.284 -0.381 -0.424 -0.425 -0.372 -0.31 -0.27 -0.291 -0.333 -0.393 -0.46 -0.502 -0.507 -0.495 -0.504 -0.503 -0.498 -0.492 -0.479 -0.449 -0.385 -0.273 -0.156 -0.031 0.076 0.132 0.13 0.087 0.04 0.026 0.015 0.03 0.074 0.068 0.013 -0.013 -0.012 0.024 0.05 0.078 0.141 0.187
-0.525 -0.532 -0.542 -0.532 -0.547 -0.52 -0.492 -0.48 -0.482 -0.495 -0.531 -0.571 -0.585 -0.585 -0.578 -0.562 -0.541 -0.517 -0.5 -0.493 -0.488 -0.49 -0.481 -0.46 -0.395 -0.299 -0.221 -0.147 -0.094 -0.062 -0.024 -0.016 -0.092 -0.21 -0.332 -0.391 -0.413 -0.388 -0.341 -0.303 -0.312 -0.334 -0.379 -0.437 -0.474 -0.472 -0.466 -0.474 -0.477 -0.475 -0.474 -0.464 -0.422 -0.314 -0.17 -0.065 0.047 0.161 0.2 0.211 0.186 0.15 0.152 0.163 0.207 0.255 0.236 0.167 0.104 0.076 0.089 0.102 0.136 0.227 0.326
-0.509 -0.513 -0.514 -0.512 -0.523 -0.518 -0.498 -0.475 -0.472 -0.482 -0.514 -0.547 -0.569 -0.573 -0.57 -0.559 -0.533 -0.48 -0.456 -0.451 -0.46 -0.471 -0.475 -0.47 -0.445 -0.37 -0.286 -0.216 -0.15 -0.1 -0.061 -0.043 -0.08 -0.171 -0.293 -0.362 -0.39 -0.386 -0.366 -0.339 -0.333 -0.338 -0.365 -0.418 -0.447 -0.44 -0.44 -0.441 -0.447 -0.449 -0.451 -0.44 -0.38 -0.218 -0.053 0.034 0.127 0.238 0.28 0.295 0.295 0.269 0.295 0.301 0.332 0.33 0.3 0.233 0.174 0.148 0.144 0.155 0.176 0.248 0.364
-0.497 -0.497 -0.503 -0.501 -0.504 -0.494 -0.5 -0.472 -0.467 -0.484 -0.523 -0.542 -0.555 -0.564 -0.56 -0.549 -0.516 -0.468 -0.441 -0.413 -0.425 -0.446 -0.459 -0.465 -0.458 -0.43 -0.373 -0.301 -0.234 -0.178 -0.131 -0.103 -0.115 -0.173 -0.271 -0.338 -0.366 -0.374 -0.375 -0.358 -0.344 -0.336 -0.352 -0.4 -0.419 -0.412 -0.408 -0.404 -0.414 -0.422 -0.427 -0.412 -0.328 -0.126 0.051 0.122 0.192 0.288 0.318 0.308 0.292 0.278 0.302 0.332 0.341 0.328 0.31 0.263 0.228 0.199 0.181 0.177 0.188 0.245 0.356
-0.497 -0.495 -0.496 -0.499 -0.496 -0.485 -0.497 -0.501 -0.485 -0.488 -0.512 -0.539 -0.548 -0.55 -0.542 -0.538 -0.521 -0.49 -0.458 -0.414 -0.397 -0.408 -0.432 -0.446 -0.45 -0.442 -0.421 -0.377 -0.326 -0.274 -0.221 -0.181 -0.172 -0.2 -0.265 -0.319 -0.344 -0.36 -0.375 -0.367 -0.347 -0.327 -0.344 -0.382 -0.384 -0.37 -0.364 -0.36 -0.37 -0.391 -0.402 -0.382 -0.259 -0.051 0.127 0.196 0.248 0.29 0.282 0.239 0.208 0.219 0.243 0.305 0.35 0.333 0.338 0.329 0.307 0.239 0.197 0.191 0.19 0.237 0.347
-0.493 -0.484 -0.483 -0.489 -0.495 -0.487 -0.498 -0.526 -0.523 -0.521 -0.525 -0.522 -0.53 -0.539 -0.502 -0.512 -0.52 -0.507 -0.47 -0.426 -0.389 -0.372 -0.395 -0.406 -0.421 -0.427 -0.423 -0.41 -0.378 -0.337 -0.293 -0.251 -0.23 -0.237 -0.27 -0.305 -0.329 -0.354 -0.374 -0.373 -0.353 -0.33 -0.35 -0.362 -0.321 -0.295 -0.286 -0.305 -0.329 -0.361 -0.378 -0.337 -0.163 0.018 0.181 0.258 0.312 0.314 0.277 0.214 0.153 0.147 0.212 0.285 0.305 0.327 0.37 0.42 0.325 0.241 0.222 0.226 0.195 0.215 0.301
-0.476 -0.466 -0.472 -0.484 -0.497 -0.5 -0.519 -0.522 -0.507 -0.507 -0.506 -0.509 -0.516 -0.526 -0.488 -0.481 -0.501 -0.506 -0.484 -0.433 -0.391 -0.376 -0.361 -0.348 -0.361 -0.385 -0.398 -0.401 -0.389 -0.363 -0.33 -0.294 -0.268 -0.264 -0.278 -0.301 -0.328 -0.354 -0.378 -0.382 -0.373 -0.355 -0.357 -0.331 -0.237 -0.194 -0.213 -0.263 -0.296 -0.329 -0.353 -0.297 -0.141 0.041 0.2 0.335 0.393 0.373 0.351 0.271 0.166 0.104 0.16 0.226 0.253 0.335 0.42 0.471 0.372 0.266 0.283 0.282 0.208 0.206 0.297
-0.443 -0.449 -0.46 -0.476 -0.479 -0.495 -0.516 -0.516 -0.507 -0.516 -0.519 -0.524 -0.519 -0.517 -0.493 -0.481 -0.487 -0.497 -0.49 -0.463 -0.427 -0.394 -0.341 -0.304 -0.29 -0.31 -0.34 -0.363 -0.375 -0.365 -0.343 -0.316 -0.293 -0.287 -0.291 -0.31 -0.335 -0.357 -0.381 -0.386 -0.383 -0.369 -0.346 -0.274 -0.153 -0.127 -0.18 -0.233 -0.248 -0.275 -0.319 -0.301 -0.176 0.022 0.198 0.385 0.445 0.456 0.515 0.459 0.257 0.115 0.112 0.22 0.248 0.387 0.527 0.551 0.4 0.323 0.328 0.288 0.239 0.213 0.287
-0.397 -0.418 -0.441 -0.449 -0.453 -0.476 -0.503 -0.514 -0.513 -0.519 -0.531 -0.523 -0.5 -0.499 -0.502 -0.487 -0.488 -0.481 -0.477 -0.469 -0.443 -0.396 -0.331 -0.282 -0.244 -0.233 -0.264 -0.3 -0.335 -0.349 -0.339 -0.329 -0.311 -0.307 -0.31 -0.323 -0.344 -0.365 -0.38 -0.383 -0.374 -0.356 -0.311 -0.182 -0.1 -0.111 -0.164 -0.196 -0.191 -0.231 -0.283 -0.296 -0.235 -0.047 0.155 0.365 0.438 0.484 0.545 0.56 0.394 0.171 0.154 0.281 0.29 0.439 0.574 0.544 0.421 0.443 0.421 0.364 0.345 0.254 0.274
-0.339 -0.355 -0.391 -0.407 -0.418 -0.444 -0.481 -0.499 -0.501 -0.514 -0.533 -0.508 -0.496 -0.478 -0.49 -0.468 -0.474 -0.46 -0.453 -0.45 -0.433 -0.386 -0.31 -0.25 -0.204 -0.177 -0.191 -0.233 -0.282 -0.32 -0.324 -0.326 -0.32 -0.321 -0.326 -0.34 -0.359 -0.372 -0.377 -0.372 -0.36 -0.332 -0.237 -0.122 -0.103 -0.117 -0.145 -0.15 -0.166 -0.195 -0.223 -0.251 -0.251 -0.128 0.074 0.285 0.455 0.55 0.645 0.636 0.497 0.242 0.235 0.318 0.347 0.513 0.644 0.585 0.476 0.549 0.507 0.512 0.48 0.36 0.255
-0.264 -0.285 -0.324 -0.345 -0.365 -0.405 -0.446 -0.47 -0.487 -0.502 -0.521 -0.493 -0.487 -0.453 -0.462 -0.455 -0.46 -0.446 -0.436 -0.429 -0.418 -0.386 -0.321 -0.254 -0.196 -0.157 -0.143 -0.185 -0.239 -0.291 -0.308 -0.32 -0.323 -0.326 -0.336 -0.354 -0.369 -0.374 -0.367 -0.364 -0.341 -0.26 -0.203 -0.151 -0.126 -0.126 -0.137 -0.122 -0.061 -0.094 -0.122 -0.161 -0.198 -0.148 0.039 0.245 0.459 0.601 0.687 0.607 0.446 0.268 0.276 0.341 0.448 0.601 0.762 0.67 0.546 0.649 0.595 0.634 0.575 0.483 0.33
-0.174 -0.199 -0.238 -0.258 -0.295 -0.352 -0.404 -0.442 -0.465 -0.489 -0.5 -0.467 -0.467 -0.427 -0.431 -0.414 -0.434 -0.434 -0.423 -0.415 -0.396 -0.385 -0.342 -0.29 -0.23 -0.171 -0.14 -0.162 -0.219 -0.28 -0.302 -0.316 -0.323 -0.327 -0.348 -0.364 -0.372 -0.368 -0.361 -0.349 -0.284 -0.219 -0.191 -0.168 -0.128 -0.139 -0.145 -0.06 0.098 0.134 0.063 -0.017 -0.096 -0.124 0.014 0.219 0.365 0.445 0.471 0.418 0.305 0.244 0.311 0.433 0.586 0.666 0.806 0.707 0.606 0.728 0.689 0.715 0.625 0.507 0.328
-0.079 -0.103 -0.141 -0.164 -0.211 -0.281 -0.338 -0.408 -0.431 -0.472 -0.472 -0.443 -0.435 -0.402 -0.385 -0.37 -0.382 -0.41 -0.414 -0.391 -0.383 -0.377 -0.319 -0.275 -0.248 -0.212 -0.178 -0.188 -0.23 -0.278 -0.305 -0.315 -0.321 -0.341 -0.358 -0.366 -0.364 -0.368 -0.348 -0.309 -0.278 -0.255 -0.209 -0.166 -0.175 -0.187 -0.14 0.011 0.249 0.404 0.41 0.21 0.034 -0.064 -0.061 0.072 0.14 0.21 0.234 0.211 0.159 0.21 0.337 0.473 0.648 0.724 0.814 0.69 0.687 0.781 0.79 0.74 0.623 0.464 0.271
0.017 -0.005 -0.031 -0.061 -0.123 -0.181 -0.265 -0.35 -0.383 -0.441 -0.444 -0.414 -0.406 -0.359 -0.348 -0.345 -0.344 -0.369 -0.403 -0.387 -0.387 -0.359 -0.285 -0.252 -0.228 -0.224 -0.222 -0.23 -0.247 -0.286 -0.315 -0.327 -0.338 -0.359 -0.351 -0.358 -0.365 -0.357 -0.332 -0.298 -0.294 -0.252 -0.217 -0.222 -0.236 -0.215 -0.129 0.099 0.378 0.621 0.763 0.537 0.214 0.046 -0.047 -0.028 -0.012 0.025 0.031 0.018 0.018 0.123 0.283 0.412 0.602 0.714 0.746 0.663 0.763 0.836 0.815 0.713 0.569 0.424 0.273
0.103 0.094 0.087 0.048 -0.01 -0.078 -0.182 -0.284 -0.325 -0.385 -0.399 -0.368 -0.371 -0.322 -0.309 -0.323 -0.346 -0.351 -0.39 -0.398 -0.387 -0.369 -0.316 -0.249 -0.216 -0.215 -0.232 -0.261 -0.291 -0.325 -0.345 -0.354 -0.354 -0.339 -0.324 -0.338 -0.361 -0.374 -0.374 -0.357 -0.314 -0.272 -0.271 -0.275 -0.262 -0.231 -0.11 0.171 0.466 0.761 0.921 0.813 0.477 0.219 0.067 -0.018 -0.07 -0.088 -0.104 -0.118 -0.111 -0.024 0.115 0.262 0.435 0.619 0.647 0.642 0.774 0.868 0.832 0.717 0.551 0.466 0.295
0.121 0.132 0.138 0.157 0.104 0.024 -0.084 -0.192 -0.258 -0.323 -0.345 -0.316 -0.29 -0.298 -0.309 -0.299 -0.306 -0.33 -0.378 -0.36 -0.306 -0.285 -0.328 -0.323 -0.282 -0.272 -0.313 -0.346 -0.362 -0.367 -0.367 -0.361 -0.329 -0.284 -0.289 -0.312 -0.358 -0.37 -0.379 -0.375 -0.336 -0.321 -0.316 -0.3 -0.275 -0.238 -0.128 0.124 0.439 0.675 0.816 0.839 0.676 0.451 0.246 0.102 -0.013 -0.087 -0.136 -0.168 -0.185 -0.157 -0.07 0.067 0.256 0.51 0.552 0.613 0.753 0.86 0.824 0.735 0.582 0.517 0.342
0.151 0.192 0.192 0.189 0.207 0.127 0.014 -0.091 -0.169 -0.218 -0.255 -0.235 -0.234 -0.243 -0.269 -0.321 -0.344 -0.355 -0.374 -0.349 -0.263 -0.207 -0.244 -0.308 -0.36 -0.368 -0.375 -0.363 -0.337 -0.31 -0.299 -0.307 -0.294 -0.29 -0.309 -0.334 -0.357 -0.347 -0.36 -0.379 -0.366 -0.348 -0.333 -0.311 -0.282 -0.258 -0.204 -0.069 0.17 0.405 0.637 0.799 0.778 0.683 0.473 0.302 0.151 0.026 -0.069 -0.145 -0.186 -0.218 -0.183 -0.087 0.09 0.361 0.487 0.585 0.714 0.802 0.78 0.71 0.656 0.664 0.477
0.189 0.229 0.259 0.258 0.238 0.236 0.132 0.009 -0.046 -0.103 -0.134 -0.167 -0.203 -0.233 -0.268 -0.306 -0.328 -0.379 -0.392 -0.342 -0.246 -0.182 -0.206 -0.288 -0.334 -0.34 -0.331 -0.294 -0.254 -0.209 -0.198 -0.264 -0.269 -0.247 -0.27 -0.316 -0.354 -0.341 -0.341 -0.376 -0.375 -0.358 -0.336 -0.313 -0.294 -0.281 -0.259 -0.201 -0.082 0.086 0.333 0.646 0.752 0.739 0.629 0.526 0.376 0.232 0.108 -0.001 -0.092 -0.228 -0.239 -0.194 -0.069 0.141 0.353 0.509 0.601 0.702 0.713 0.761 0.731 0.77 0.547
0.142 0.227 0.29 0.328 0.294 0.302 0.221 0.131 0.073 0.022 0.001 -0.053 -0.103 -0.148 -0.228 -0.296 -0.358 -0.37 -0.394 -0.334 -0.223 -0.18 -0.212 -0.286 -0.278 -0.265 -0.268 -0.247 -0.222 -0.171 -0.143 -0.209 -0.17 -0.133 -0.172 -0.253 -0.335 -0.353 -0.344 -0.371 -0.373 -0.355 -0.33 -0.305 -0.29 -0.286 -0.281 -0.261 -0.216 -0.136 0.034 0.331 0.529 0.551 0.523 0.59 0.555 0.422 0.272 0.074 -0.124 -0.232 -0.258 -0.235 -0.16 -0.006 0.19 0.312 0.436 0.604 0.683 0.786 0.755 0.674 0.516
0.146 0.202 0.255 0.333 0.369 0.344 0.3 0.246 0.207 0.174 0.136 0.071 0.009 -0.081 -0.194 -0.3 -0.354 -0.345 -0.402 -0.329 -0.22 -0.195 -0.191 -0.256 -0.235 -0.235 -0.252 -0.24 -0.196 -0.14 -0.117 -0.136 -0.084 -0.04 -0.072 -0.169 -0.292 -0.354 -0.348 -0.367 -0.366 -0.34 -0.303 -0.246 -0.236 -0.265 -0.275 -0.282 -0.276 -0.244 -0.14 0.127 0.311 0.263 0.32 0.498 0.424 0.246 0.089 -0.062 -0.176 -0.231 -0.245 -0.204 -0.106 -0.037 0.07 0.211 0.318 0.433 0.555 0.675 0.682 0.618 0.587
0.157 0.223 0.258 0.332 0.38 0.353 0.349 0.269 0.288 0.253 0.22 0.143 0.068 -0.057 -0.165 -0.271 -0.351 -0.36 -0.409 -0.32 -0.219 -0.166 -0.155 -0.21 -0.241 -0.233 -0.2 -0.17 -0.115 -0.055 -0.077 -0.048 0.017 0.056 0.003 -0.107 -0.25 -0.347 -0.361 -0.368 -0.354 -0.271 -0.188 -0.107 -0.105 -0.17 -0.213 -0.257 -0.289 -0.294 -0.219 -0.069 -0.015 -0.025 0.14 0.202 0.063 -0.023 -0.088 -0.156 -0.182 -0.185 -0.17 -0.118 -0.051 -0.041 0.049 0.123 0.183 0.236 0.371 0.476 0.495 0.454 0.381
0.1 0.175 0.249 0.337 0.316 0.291 0.308 0.251 0.272 0.243 0.198 0.119 0.042 -0.079 -0.16 -0.289 -0.358 -0.393 -0.406 -0.304 -0.211 -0.147 -0.111 -0.174 -0.216 -0.148 -0.099 -0.021 0.044 0.082 -0.01 0.053 0.156 0.144 0.037 -0.104 -0.239 -0.338 -0.362 -0.363 -0.302 -0.185 -0.124 -0.09 -0.156 -0.214 -0.25 -0.279 -0.303 -0.314 -0.3 -0.267 -0.236 -0.199 -0.135 -0.115 -0.117 -0.125 -0.149 -0.212 -0.169 -0.089 0.001 0.055 0.139 0.121 0.104 0.054 0.064 0.121 0.214 0.271 0.181 0.115 0.112
0.027 0.119 0.223 0.28 0.248 0.222 0.234 0.219 0.22 0.245 0.198 0.114 0.003 -0.126 -0.225 -0.307 -0.38 -0.419 -0.39 -0.297 -0.214 -0.129 -0.08 -0.143 -0.165 -0.077 -0.009 0.111 0.152 0.126 0.109 0.203 0.358 0.349 0.148 -0.066 -0.194 -0.294 -0.336 -0.347 -0.246 -0.157 -0.176 -0.222 -0.252 -0.254 -0.257 -0.269 -0.288 -0.304 -0.31 -0.306 -0.29 -0.26 -0.221 -0.179 -0.119 -0.064 -0.122 -0.242 -0.183 0.024 0.252 0.35 0.387 0.41 0.427 0.331 0.211 0.103 0.082 0.064 0.026 0.003 0.087
-0.048 0.06 0.159 0.188 0.161 0.128 0.133 0.139 0.167 0.219 0.142 0.06 -0.046 -0.146 -0.26 -0.359 -0.428 -0.391 -0.345 -0.303 -0.236 -0.152 -0.103 -0.087 -0.068 0.023 0.105 0.28 0.356 0.315 0.375 0.417 0.452 0.386 0.146 -0.118 -0.243 -0.289 -0.341 -0.343 -0.281 -0.258 -0.29 -0.287 -0.276 -0.246 -0.209 -0.204 -0.233 -0.258 -0.275 -0.286 -0.281 -0.243 -0.173 -0.07 0.033 0.039 -0.116 -0.257 -0.179 0.107 0.382 0.46 0.554 0.641 0.666 0.638 0.551 0.344 0.209 0.18 0.13 0.123 0.093
-0.112 -0.041 0.031 0.065 0.069 0.03 0.039 0.093 0.146 0.149 0.079 0.014 -0.083 -0.209 -0.35 -0.435 -0.411 -0.325 -0.266 -0.224 -0.194 -0.174 -0.146 -0.09 0.005 0.166 0.28 0.318 0.371 0.367 0.395 0.369 0.38 0.274 0.006 -0.252 -0.323 -0.338 -0.31 -0.28 -0.279 -0.267 -0.278 -0.275 -0.237 -0.171 -0.042 0.016 -0.09 -0.116 -0.147 -0.177 -0.17 -0.11 -0.039 0.043 0.081 0.02 -0.118 -0.265 -0.23 0.008 0.289 0.487 0.652 0.778 0.829 0.837 0.746 0.61 0.516 0.483 0.347 0.387 0.267
-0.219 -0.162 -0.108 -0.058 -0.034 -0.069 0.004 0.051 0.096 0.063 0.011 -0.045 -0.181 -0.324 -0.44 -0.452 -0.348 -0.252 -0.154 -0.113 -0.126 -0.086 -0.073 -0.104 0.037 0.193 0.31 0.343 0.369 0.323 0.275 0.233 0.155 -0.001 -0.213 -0.313 -0.316 -0.239 -0.26 -0.189 -0.134 -0.137 -0.205 -0.24 -0.168 -0.033 0.162 0.176 0.119 0.16 0.15 0.105 0.036 0.027 0.117 0.22 0.218 0.064 -0.163 -0.275 -0.284 -0.124 0.111 0.305 0.511 0.68 0.795 0.879 0.869 0.833 0.842 0.729 0.536 0.627 0.537
-0.345 -0.257 -0.226 -0.168 -0.18 -0.139 -0.048 0.032 0.056 0.02 -0.069 -0.161 -0.291 -0.408 -0.478 -0.429 -0.277 -0.154 -0.031 -0.041 0 0.067 0.077 -0.017 0.068 0.213 0.329 0.395 0.471 0.412 0.195 0.009 -0.11 -0.216 -0.3 -0.346 -0.283 -0.285 -0.208 0.026 0.133 0.143 -0.016 -0.202 -0.14 0.109 0.317 0.328 0.342 0.453 0.466 0.369 0.2 0.195 0.307 0.393 0.292 0.004 -0.207 -0.287 -0.288 -0.076 0.149 0.277 0.43 0.621 0.783 0.913 1.018 1.07 1.072 0.871 0.686 0.846 0.752
