data/climatemaps/RS_maps/climate_winter_pr_2014.asc
NCOLS 369 
NROWS 228 
XLLCORNER 479000 
YLLCORNER 73000 
CELLSIZE 1000 
NODATA_value -9 
[rows 99 to 131 of 228, columns 152 to 227 of 369]
-0.138 -0.089 -0.066 -0.084 -0.057 0.013 0.082 0.103 0.05 -0.001 -0.085 -0.202 -0.337 -0.417 -0.388 -0.295 -0.229 -0.178 -0.141 -0.114 -0.076 -0.009 0.097 0.27 0.397 0.448 0.518 0.531 0.581 0.572 0.606 0.511 0.231 -0.045 -0.119 -0.134 -0.1 -0.063 -0.055 -0.033 -0.036 -0.026 0.022 0.103 0.257 0.331 0.216 0.192 0.16 0.132 0.146 0.221 0.306 0.4 0.436 0.352 0.183 0.011 0.052 0.329 0.658 0.892 1.085 1.23 1.289 1.299 1.193 1.03 0.914 0.862 0.691 0.721 0.571 0.356 0.317 0.441
-0.241 -0.18 -0.141 -0.158 -0.071 -0.009 0.051 0.034 -0.002 -0.046 -0.171 -0.307 -0.418 -0.427 -0.318 -0.215 -0.11 -0.061 -0.068 -0.02 0 -0.023 0.129 0.296 0.426 0.471 0.515 0.484 0.453 0.428 0.364 0.21 -0.012 -0.118 -0.119 -0.031 -0.052 0.033 0.104 0.112 0.047 0.015 0.101 0.26 0.489 0.512 0.453 0.508 0.504 0.462 0.393 0.391 0.501 0.615 0.601 0.407 0.133 0.001 -0.007 0.181 0.458 0.686 0.927 1.122 1.254 1.35 1.336 1.29 1.293 1.151 0.916 1.004 0.888 0.648 0.329 0.374
-0.328 -0.26 -0.258 -0.205 -0.102 -0.009 0.03 0.009 -0.068 -0.148 -0.27 -0.382 -0.448 -0.396 -0.239 -0.111 0.019 0.014 0.063 0.137 0.155 0.066 0.161 0.317 0.445 0.526 0.624 0.582 0.371 0.191 0.078 -0.025 -0.112 -0.16 -0.091 -0.092 -0.003 0.264 0.395 0.421 0.258 0.056 0.133 0.419 0.661 0.679 0.703 0.839 0.865 0.768 0.587 0.594 0.73 0.825 0.693 0.339 0.083 -0.011 -0.009 0.24 0.504 0.656 0.836 1.056 1.241 1.387 1.507 1.562 1.557 1.316 1.092 1.261 1.141 0.887 0.569 0.38
-0.38 -0.377 -0.313 -0.212 -0.138 -0.06 -0.045 -0.064 -0.143 -0.233 -0.324 -0.403 -0.444 -0.356 -0.147 0.012 0.067 0.126 0.236 0.349 0.348 0.188 0.243 0.384 0.51 0.595 0.656 0.597 0.378 0.164 0.001 -0.095 -0.16 -0.173 -0.146 -0.124 0.157 0.57 0.747 0.748 0.454 0.111 0.127 0.378 0.644 0.87 0.912 1.079 1.133 0.962 0.714 0.737 0.822 0.871 0.653 0.256 0.064 -0.026 0.008 0.293 0.594 0.784 0.96 1.153 1.307 1.467 1.622 1.67 1.551 1.36 1.207 1.371 1.302 1.116 0.898 0.529
-0.47 -0.4 -0.34 -0.269 -0.177 -0.11 -0.129 -0.164 -0.223 -0.261 -0.275 -0.307 -0.401 -0.304 -0.09 0.025 0.138 0.314 0.407 0.439 0.351 0.338 0.435 0.469 0.484 0.552 0.59 0.581 0.471 0.227 0.023 -0.115 -0.181 -0.178 -0.173 -0.08 0.307 0.76 0.855 0.742 0.439 0.148 0.128 0.32 0.58 0.912 1.079 1.256 1.362 1.237 1.004 0.93 0.88 0.822 0.621 0.339 0.098 -0.041 -0.039 0.155 0.434 0.656 0.951 1.155 1.271 1.474 1.567 1.533 1.506 1.393 1.385 1.46 1.435 1.369 1.193 0.749
-0.478 -0.417 -0.373 -0.33 -0.26 -0.235 -0.247 -0.257 -0.233 -0.175 -0.114 -0.128 -0.303 -0.266 -0.123 0.05 0.282 0.529 0.579 0.598 0.537 0.571 0.542 0.472 0.553 0.617 0.697 0.716 0.555 0.236 0.009 -0.136 -0.185 -0.196 -0.17 -0.017 0.302 0.708 0.839 0.787 0.562 0.201 0.15 0.41 0.629 0.901 1.231 1.496 1.637 1.509 1.246 0.955 0.693 0.569 0.457 0.344 0.126 -0.053 -0.092 -0.006 0.241 0.481 0.779 0.99 1.138 1.31 1.403 1.439 1.417 1.374 1.529 1.563 1.57 1.582 1.391 0.995
-0.414 -0.403 -0.419 -0.368 -0.337 -0.321 -0.336 -0.281 -0.18 -0.046 0.056 -0.005 -0.255 -0.237 -0.118 0.129 0.462 0.587 0.762 0.775 0.69 0.698 0.585 0.569 0.651 0.663 0.698 0.629 0.41 0.161 -0.044 -0.152 -0.185 -0.209 -0.153 0.066 0.405 0.751 0.908 0.957 0.701 0.229 0.19 0.507 0.795 1.064 1.425 1.674 1.713 1.523 1.216 0.808 0.67 0.612 0.433 0.41 0.122 -0.058 -0.103 -0.051 0.252 0.495 0.682 0.809 0.91 1.03 1.15 1.33 1.384 1.372 1.49 1.581 1.535 1.493 1.369 1.173
-0.326 -0.291 -0.37 -0.417 -0.417 -0.406 -0.381 -0.262 -0.1 0.13 0.171 -0.011 -0.232 -0.231 -0.082 0.21 0.455 0.683 0.898 0.856 0.816 0.731 0.679 0.621 0.553 0.515 0.49 0.425 0.262 0.066 -0.097 -0.164 -0.19 -0.187 -0.104 0.141 0.545 0.871 0.989 0.966 0.585 0.198 0.203 0.424 0.716 1.104 1.539 1.753 1.701 1.512 1.236 0.868 0.939 0.737 0.555 0.466 0.142 -0.05 -0.098 -0.073 0.179 0.449 0.578 0.587 0.649 0.77 0.896 1.112 1.255 1.333 1.434 1.484 1.495 1.441 1.375 1.369
-0.226 -0.223 -0.279 -0.373 -0.436 -0.447 -0.359 -0.219 0.012 0.237 0.194 0.055 -0.18 -0.209 -0.006 0.192 0.443 0.738 0.908 0.908 0.853 0.733 0.692 0.556 0.413 0.332 0.268 0.205 0.091 -0.057 -0.147 -0.173 -0.179 -0.14 -0.043 0.206 0.63 0.964 1.009 0.85 0.4 0.228 0.296 0.286 0.555 0.991 1.381 1.667 1.767 1.692 1.423 1.038 1.084 0.77 0.652 0.628 0.313 0.003 -0.084 -0.107 -0.034 0.199 0.283 0.288 0.354 0.487 0.607 0.807 0.901 0.982 1.073 1.251 1.42 1.38 1.433 1.491
-0.174 -0.176 -0.223 -0.341 -0.415 -0.448 -0.325 -0.132 0.091 0.21 0.197 0.099 -0.161 -0.201 0.045 0.128 0.37 0.659 0.878 0.926 0.86 0.745 0.565 0.403 0.254 0.144 0.074 0.017 -0.089 -0.168 -0.185 -0.167 -0.153 -0.096 0.063 0.344 0.705 0.939 0.925 0.682 0.314 0.246 0.318 0.321 0.558 1.009 1.414 1.824 1.851 1.737 1.422 1.238 1.242 0.863 0.852 0.925 0.501 0.149 -0.048 -0.101 -0.113 -0.056 0.01 0.068 0.16 0.256 0.362 0.508 0.596 0.642 0.74 0.844 0.984 1.103 1.234 1.376
-0.18 -0.165 -0.196 -0.319 -0.419 -0.445 -0.311 -0.109 0.042 0.143 0.183 0.056 -0.146 -0.215 -0.064 0.06 0.322 0.635 0.859 0.941 0.893 0.763 0.471 0.239 0.075 -0.039 -0.111 -0.177 -0.232 -0.242 -0.207 -0.138 -0.106 0.026 0.241 0.465 0.744 0.955 0.839 0.492 0.259 0.285 0.424 0.595 0.75 1.107 1.497 1.861 1.938 1.862 1.557 1.564 1.611 1.291 1.245 1.043 0.581 0.325 0.072 -0.089 -0.133 -0.139 -0.055 0.081 0.214 0.366 0.387 0.419 0.446 0.444 0.455 0.506 0.589 0.726 0.918 1.204
-0.217 -0.16 -0.207 -0.309 -0.424 -0.39 -0.286 -0.17 -0.026 0.125 0.229 0.143 -0.072 -0.216 -0.12 0.055 0.322 0.639 0.771 0.894 0.798 0.608 0.364 0.114 -0.075 -0.193 -0.266 -0.305 -0.31 -0.268 -0.167 -0.023 0.02 0.047 0.203 0.323 0.636 0.893 0.626 0.33 0.302 0.48 0.635 0.858 0.952 1.216 1.535 1.924 2.063 2.163 1.855 1.803 1.903 1.663 1.312 0.848 0.607 0.547 0.231 -0.054 -0.157 -0.166 -0.039 0.138 0.238 0.482 0.619 0.677 0.688 0.548 0.387 0.504 0.584 0.686 0.891 1.207
-0.262 -0.187 -0.215 -0.317 -0.417 -0.315 -0.21 -0.127 -0.01 0.195 0.35 0.262 -0.039 -0.152 -0.006 0.16 0.345 0.65 0.715 0.752 0.633 0.405 0.204 -0.016 -0.195 -0.283 -0.338 -0.356 -0.311 -0.201 -0.013 0.18 0.321 0.132 0.095 0.319 0.634 0.723 0.55 0.306 0.332 0.501 0.67 0.963 1.093 1.272 1.528 1.853 2.042 2.235 2.22 2.057 1.97 1.855 1.355 0.942 0.84 0.646 0.29 -0.012 -0.177 -0.132 -0.006 0.129 0.283 0.514 0.806 0.962 1.033 0.836 0.564 0.776 0.849 0.905 1.064 1.251
-0.261 -0.187 -0.245 -0.355 -0.376 -0.311 -0.204 -0.079 0.049 0.365 0.409 0.249 -0.025 -0.057 0.134 0.267 0.404 0.668 0.702 0.619 0.475 0.255 0.059 -0.116 -0.237 -0.312 -0.356 -0.326 -0.201 -0.039 0.217 0.453 0.58 0.315 0.119 0.32 0.604 0.67 0.689 0.395 0.28 0.469 0.626 0.794 0.883 1.02 1.322 1.58 1.836 2.11 2.19 2.076 2.069 1.922 1.469 1.12 0.923 0.676 0.372 0.025 -0.198 -0.096 0.117 0.231 0.362 0.618 0.978 1.187 1.15 0.969 0.803 1.015 1.097 1.156 1.229 1.387
-0.23 -0.25 -0.343 -0.35 -0.303 -0.316 -0.253 -0.09 0.158 0.386 0.349 0.21 0.01 0.026 0.238 0.392 0.529 0.667 0.684 0.573 0.448 0.312 0.067 -0.146 -0.238 -0.302 -0.288 -0.177 0.028 0.192 0.433 0.715 0.63 0.268 0.209 0.428 0.73 0.902 0.897 0.601 0.325 0.407 0.517 0.601 0.557 0.786 1.185 1.455 1.73 1.844 1.833 1.789 1.906 1.804 1.527 1.186 0.98 0.774 0.461 0.069 -0.219 -0.186 0.091 0.333 0.497 0.756 1.038 1.265 1.292 1.101 1.046 1.197 1.291 1.372 1.461 1.56
-0.287 -0.362 -0.371 -0.304 -0.308 -0.345 -0.277 -0.093 0.215 0.297 0.283 0.205 0.081 0.051 0.17 0.388 0.59 0.646 0.657 0.672 0.58 0.394 0.13 -0.087 -0.19 -0.263 -0.156 -0.065 0.181 0.451 0.697 0.801 0.604 0.32 0.365 0.585 0.894 1.039 0.991 0.654 0.404 0.39 0.386 0.368 0.351 0.695 1.076 1.276 1.531 1.513 1.509 1.618 1.723 1.821 1.659 1.435 1.157 0.853 0.527 0.12 -0.207 -0.307 -0.101 0.196 0.45 0.766 1.019 1.277 1.405 1.277 1.336 1.488 1.526 1.47 1.519 1.613
-0.349 -0.399 -0.391 -0.386 -0.414 -0.398 -0.293 -0.065 0.155 0.2 0.221 0.225 0.231 0.153 0.131 0.284 0.535 0.688 0.767 0.819 0.746 0.619 0.33 0.131 -0.076 -0.144 0.078 0.107 0.16 0.538 0.87 0.84 0.733 0.404 0.502 0.778 1.042 1.057 0.95 0.792 0.554 0.408 0.305 0.252 0.29 0.587 0.879 1.076 1.336 1.293 1.267 1.569 1.77 1.813 1.631 1.397 0.989 0.631 0.38 0.135 -0.109 -0.342 -0.283 -0.047 0.257 0.616 0.954 1.437 1.633 1.665 1.812 1.756 1.564 1.359 1.296 1.44
-0.22 -0.334 -0.402 -0.43 -0.446 -0.441 -0.347 -0.095 0.057 0.092 0.15 0.244 0.322 0.321 0.275 0.29 0.442 0.623 0.773 0.935 0.924 0.681 0.501 0.21 -0.062 -0.003 0.292 0.239 0.205 0.55 0.934 0.995 0.802 0.488 0.642 0.89 1.18 1.38 1.209 1.012 0.836 0.646 0.471 0.405 0.33 0.417 0.635 0.94 1.078 0.973 1.107 1.581 1.754 1.574 1.41 1.236 1.004 0.691 0.514 0.374 0.076 -0.278 -0.387 -0.235 0.119 0.543 0.98 1.451 1.663 1.812 1.784 1.63 1.392 1.122 1.2 1.296
-0.138 -0.192 -0.247 -0.256 -0.264 -0.276 -0.284 -0.213 -0.121 -0.025 0.146 0.259 0.369 0.444 0.427 0.463 0.543 0.678 0.786 0.984 0.964 0.762 0.548 0.101 -0.075 0.079 0.368 0.295 0.362 0.653 0.973 1.026 0.758 0.634 0.802 0.989 1.255 1.546 1.566 1.325 1.146 0.968 0.759 0.746 0.62 0.539 0.551 0.74 0.783 0.761 1.037 1.446 1.561 1.471 1.467 1.338 1.261 1.026 0.864 0.608 0.272 -0.149 -0.389 -0.293 0.07 0.551 0.986 1.228 1.434 1.532 1.474 1.282 0.989 1.001 1.248 1.345
-0.036 -0.041 -0.057 -0.014 0.039 0.044 0.022 -0.078 -0.121 0.025 0.193 0.316 0.419 0.549 0.637 0.69 0.746 0.847 0.887 1.002 0.903 0.72 0.388 0.006 -0.075 0.091 0.374 0.357 0.55 0.804 1.034 1.097 0.915 0.919 1.016 1.197 1.373 1.568 1.683 1.647 1.457 1.234 1.092 1.128 1.042 0.987 0.738 0.742 0.813 0.915 1.109 1.371 1.508 1.586 1.681 1.617 1.492 1.212 0.913 0.734 0.414 0.019 -0.331 -0.31 0.011 0.426 0.723 0.914 1.148 1.203 1.072 0.864 0.805 1.023 1.21 1.218
0.071 0.183 0.21 0.303 0.335 0.287 0.166 0.014 0.022 0.152 0.286 0.433 0.503 0.529 0.624 0.666 0.645 0.711 0.792 0.838 0.715 0.488 0.152 -0.072 -0.066 0.134 0.354 0.386 0.606 0.928 1.108 1.131 1.162 1.231 1.234 1.309 1.361 1.454 1.576 1.703 1.652 1.491 1.369 1.428 1.504 1.372 1.142 1.145 1.137 1.23 1.283 1.354 1.483 1.586 1.685 1.714 1.478 1.215 0.928 0.656 0.44 0.048 -0.317 -0.299 -0.049 0.235 0.347 0.499 0.672 0.707 0.703 0.756 0.835 0.931 1.085 1.106
0.227 0.291 0.268 0.372 0.377 0.349 0.27 0.154 0.213 0.322 0.418 0.443 0.357 0.236 0.26 0.278 0.263 0.313 0.384 0.569 0.542 0.284 0.047 -0.082 0 0.209 0.396 0.465 0.575 0.942 1.127 1.175 1.256 1.312 1.323 1.316 1.274 1.354 1.487 1.577 1.643 1.697 1.694 1.671 1.761 1.632 1.59 1.594 1.472 1.358 1.236 1.198 1.352 1.435 1.413 1.551 1.457 1.176 0.942 0.577 0.253 -0.049 -0.309 -0.288 -0.187 -0.066 0.046 0.194 0.349 0.505 0.712 0.927 0.96 0.904 1.071 1.124
0.304 0.277 0.297 0.395 0.42 0.424 0.403 0.319 0.409 0.437 0.332 0.161 -0.001 -0.099 -0.133 -0.129 -0.115 -0.056 -0.014 0.2 0.308 0.161 0.003 -0.057 0.045 0.179 0.326 0.449 0.593 0.849 1.082 1.266 1.279 1.319 1.352 1.227 1.166 1.34 1.501 1.687 1.782 1.761 1.635 1.514 1.617 1.709 1.755 1.7 1.58 1.27 1.036 1.118 1.279 1.332 1.172 1.32 1.262 1.004 0.729 0.426 0.056 -0.19 -0.253 -0.084 0.031 -0.004 0.083 0.23 0.384 0.615 0.817 1.012 0.977 0.959 1.15 1.09
0.354 0.274 0.368 0.441 0.475 0.511 0.477 0.503 0.484 0.304 0.021 -0.187 -0.321 -0.387 -0.406 -0.402 -0.376 -0.333 -0.295 -0.177 -0.029 -0.04 -0.108 -0.086 -0.058 0.014 0.149 0.301 0.491 0.696 0.861 1.124 1.324 1.29 1.179 1.022 1.211 1.439 1.52 1.549 1.51 1.34 1.266 1.379 1.601 1.78 1.63 1.52 1.465 1.281 0.966 1.116 1.102 1.263 1.066 0.941 0.951 0.944 0.687 0.299 -0.064 -0.167 -0.036 0.225 0.386 0.293 0.258 0.429 0.539 0.716 0.936 1.035 0.957 1.042 1.115 1.03
0.345 0.282 0.396 0.456 0.5 0.567 0.605 0.519 0.278 -0.019 -0.245 -0.375 -0.45 -0.498 -0.518 -0.517 -0.489 -0.457 -0.422 -0.371 -0.294 -0.271 -0.267 -0.247 -0.203 -0.152 -0.034 0.101 0.264 0.489 0.714 0.947 1.123 0.96 0.813 1.012 1.194 1.175 1.057 0.996 1.001 1.055 1.26 1.443 1.552 1.623 1.544 1.294 1.174 1.1 0.928 0.962 0.958 1.036 1.054 0.97 0.745 0.671 0.493 0.097 -0.125 -0.055 0.221 0.558 0.671 0.57 0.425 0.627 0.707 0.784 1.002 1.07 1.032 1.117 1.112 1.019
0.319 0.22 0.304 0.378 0.448 0.582 0.56 0.26 -0.044 -0.25 -0.363 -0.437 -0.486 -0.505 -0.486 -0.471 -0.476 -0.455 -0.421 -0.384 -0.351 -0.321 -0.319 -0.328 -0.316 -0.254 -0.164 -0.092 0.084 0.332 0.593 0.779 0.719 0.568 0.734 0.939 0.905 0.72 0.63 0.65 0.711 0.866 1.048 1.239 1.285 1.392 1.335 1.246 1.295 1.127 0.971 0.834 0.783 0.798 0.835 0.873 0.736 0.448 0.271 -0.036 -0.075 0.071 0.414 0.784 0.915 0.831 0.678 0.82 0.899 0.819 0.908 1.038 1.062 1.075 1.025 0.89
0.298 0.137 0.183 0.248 0.363 0.42 0.223 -0.076 -0.252 -0.344 -0.403 -0.439 -0.406 -0.319 -0.237 -0.187 -0.177 -0.165 -0.084 -0.078 -0.07 -0.062 -0.097 -0.227 -0.295 -0.325 -0.315 -0.234 -0.113 0.104 0.348 0.421 0.31 0.407 0.5 0.479 0.512 0.508 0.699 0.839 0.9 0.936 1.023 1.125 1.127 1.247 1.304 1.312 1.496 1.4 1.294 1.098 0.916 0.684 0.584 0.574 0.594 0.377 0.041 -0.072 0.159 0.235 0.524 0.852 1.067 1.079 0.983 0.934 0.93 0.752 0.819 0.958 0.929 0.873 0.784 0.613
0.161 0.053 0.152 0.229 0.2 0.043 -0.172 -0.296 -0.353 -0.386 -0.383 -0.3 -0.107 -0.055 0.031 0.115 0.149 0.288 0.413 0.336 0.353 0.348 0.288 0.115 -0.105 -0.251 -0.338 -0.367 -0.305 -0.13 -0.035 -0.001 0.029 0.083 0.137 0.217 0.326 0.564 0.861 1.006 1.11 1.181 1.228 1.279 1.213 1.31 1.445 1.376 1.568 1.63 1.495 1.414 1.214 0.875 0.656 0.432 0.317 0.179 -0.078 0.048 0.384 0.373 0.685 0.994 1.181 1.247 1.202 1.085 0.994 0.716 0.756 0.795 0.743 0.646 0.483 0.284
0.002 0.081 0.119 -0.052 -0.194 -0.311 -0.388 -0.402 -0.398 -0.355 -0.195 0.007 0.175 0.146 0.32 0.444 0.532 0.576 0.617 0.665 0.831 0.709 0.669 0.495 0.23 -0.034 -0.214 -0.336 -0.413 -0.38 -0.326 -0.228 -0.109 0.046 0.224 0.345 0.416 0.584 0.9 1.057 1.195 1.336 1.352 1.353 1.393 1.435 1.648 1.474 1.515 1.704 1.647 1.527 1.346 1.137 0.992 0.66 0.268 -0.005 -0.082 0.188 0.513 0.499 0.811 1.073 1.322 1.434 1.378 1.171 0.996 0.684 0.591 0.587 0.493 0.39 0.203 -0.036
-0.034 0.041 -0.18 -0.353 -0.436 -0.469 -0.469 -0.421 -0.308 -0.131 0.167 0.379 0.446 0.456 0.566 0.746 0.805 0.89 1.013 1.122 1.053 0.995 0.94 0.644 0.346 0.148 0.049 -0.159 -0.37 -0.466 -0.372 -0.118 0.082 0.258 0.411 0.586 0.648 0.574 0.778 0.953 1.119 1.338 1.486 1.607 1.652 1.664 1.81 1.549 1.403 1.627 1.726 1.622 1.552 1.363 1.118 0.74 0.293 -0.046 0.043 0.333 0.632 0.672 0.875 1.22 1.467 1.492 1.463 1.114 0.876 0.617 0.37 0.34 0.27 0.13 -0.05 -0.255
-0.162 -0.275 -0.415 -0.477 -0.516 -0.519 -0.472 -0.281 -0.022 0.154 0.462 0.659 0.686 0.7 0.756 0.991 1.126 1.272 1.332 1.306 1.284 1.216 1.005 0.697 0.381 0.331 0.283 0.076 -0.253 -0.394 -0.369 -0.038 0.223 0.366 0.514 0.712 0.787 0.779 0.787 0.836 1.113 1.383 1.663 1.821 1.862 1.877 1.895 1.644 1.419 1.455 1.622 1.714 1.651 1.371 1.083 0.76 0.281 -0.011 0.194 0.458 0.737 0.81 0.995 1.359 1.506 1.39 1.352 1.062 0.699 0.44 0.155 0.09 0.044 -0.013 -0.191 -0.359
-0.401 -0.447 -0.49 -0.52 -0.522 -0.465 -0.33 -0.025 0.302 0.505 0.691 0.837 0.874 0.928 0.924 1.071 1.251 1.387 1.356 1.33 1.273 1.128 0.897 0.598 0.473 0.562 0.442 -0.048 -0.246 -0.189 -0.321 -0.161 0.099 0.268 0.421 0.641 0.825 0.902 0.901 0.874 1.173 1.481 1.73 1.792 1.856 1.883 1.88 1.745 1.553 1.424 1.357 1.51 1.524 1.251 1.027 0.768 0.302 0.024 0.293 0.541 0.8 0.944 1.107 1.391 1.368 1.327 1.059 0.867 0.481 0.203 0.018 -0.085 -0.152 -0.205 -0.279 -0.338
-0.422 -0.457 -0.49 -0.479 -0.415 -0.282 -0.063 0.21 0.53 0.679 0.838 0.999 1.105 1.155 1.121 1.197 1.258 1.321 1.317 1.28 1.222 1.011 0.848 0.693 0.627 0.769 0.453 -0.135 -0.076 0.1 -0.135 -0.229 -0.127 0.094 0.249 0.478 0.736 0.944 1.004 1.057 1.268 1.536 1.814 1.801 1.729 1.738 1.797 1.77 1.673 1.472 1.245 1.181 1.21 1.03 0.787 0.521 0.219 0.056 0.275 0.489 0.785 1.012 1.184 1.311 1.211 1.191 0.893 0.586 0.313 0.137 0.083 -0.028 -0.058 -0.097 -0.104 -0.169
