data/climatemaps/RS_maps/climate_winter_pr_2014.asc
NCOLS 369 
NROWS 228 
XLLCORNER 479000 
YLLCORNER 73000 
CELLSIZE 1000 
NODATA_value -9 
[rows 0 to 32 of 228, columns 228 to 303 of 369]
-9 -9 -9 -9 -9 -9 -9 -9 -9 -9 -9 -9 -9 -9 -9 -9 -9 -9 -9 -9 -9 -9 -9 -9 -9 -9 -9 -9 -9 -9 -9 -9 -9 -9 -9 -9 -9 -9 -9 -9 -9 -9 -9 -9 -9 -9 -9 -9 -9 -9 -9 -9 -9 -9 -9 -9 -9 -9 -9 -9 -9 -9 -9 -9 -9 -9 -9 -9 -9 -9 -9 -9 -9 -9 -9 -9
-1.091 -9 -9 -9 -9 -9 -9 -9 -9 -9 -9 -9 -9 -9 -9 -9 -9 -9 -9 -9 -9 -9 -9 -9 -9 -9 -9 -9 -9 -9 -9 -9 -9 -9 -9 -9 -9 -9 -9 -9 -9 -9 -9 -9 -9 -9 -9 -9 -9 -9 -9 -9 -9 -9 -9 -9 -9 -9 -9 -9 -9 -9 -9 -9 -9 -9 -9 -9 -9 -9 -9 -9 -9 -9 -9 -9
-1.121 -1.106 -9 -9 -9 -9 -9 -9 -9 -9 -9 -9 -9 -9 -9 -9 -9 -9 -9 -9 -9 -9 -9 -9 -9 -9 -9 -9 -9 -9 -9 -9 -9 -9 -9 -9 -9 -9 -9 -9 -9 -9 -9 -9 -9 -9 -9 -9 -9 -9 -9 -9 -9 -9 -9 -9 -9 -9 -9 -9 -9 -9 -9 -9 -9 -9 -9 -9 -9 -9 -9 -9 -9 -9 -9 -9
-1.142 -1.125 -1.104 -1.083 -9 -9 -9 -9 -9 -9 -9 -9 -9 -9 -9 -9 -9 -9 -9 -9 -9 -9 -9 -9 -9 -9 -9 -9 -9 -9 -9 -9 -9 -9 -9 -9 -9 -9 -9 -9 -9 -9 -9 -9 -9 -9 -9 -9 -9 -9 -9 -9 -9 -9 -9 -9 -9 -9 -9 -9 -9 -9 -9 -9 -9 -9 -9 -9 -9 -9 -9 -9 -9 -9 -9 -9
-1.152 -1.136 -1.113 -1.087 -1.056 -9 -9 -9 -9 -9 -9 -9 -9 -9 -9 -9 -9 -9 -9 -9 -9 -9 -9 -9 -9 -9 -9 -9 -9 -9 -9 -9 -9 -9 -9 -9 -9 -9 -9 -9 -9 -9 -9 -9 -9 -9 -9 -9 -9 -9 -9 -9 -9 -9 -9 -9 -9 -9 -9 -9 -9 -9 -9 -9 -9 -9 -9 -9 -9 -9 -9 -9 -9 -9 -9 -9
-1.152 -1.136 -1.111 -1.085 -1.056 -1.03 -9 -9 -9 -9 -9 -9 -9 -9 -9 -9 -9 -9 -9 -9 -9 -9 -9 -9 -9 -9 -9 -9 -9 -9 -9 -9 -9 -9 -9 -9 -9 -9 -9 -9 -9 -9 -9 -9 -9 -9 -9 -9 -9 -9 -9 -9 -9 -9 -9 -9 -9 -9 -9 -9 -9 -9 -9 -9 -9 -9 -9 -9 -9 -9 -9 -9 -9 -9 -9 -9
-1.145 -1.129 -1.104 -1.08 -1.058 -1.031 -1.014 -9 -1.021 -1.022 -1.03 -1.032 -1.031 -1.044 -1.066 -1.087 -1.101 -1.101 -1.084 -9 -9 -9 -9 -9 -9 -9 -9 -9 -9 -9 -9 -9 -9 -9 -9 -9 -9 -9 -9 -9 -9 -9 -9 -9 -9 -9 -9 -9 -9 -9 -9 -9 -9 -9 -9 -9 -9 -9 -9 -9 -9 -9 -9 -9 -9 -9 -9 -9 -9 -9 -9 -9 -9 -9 -9 -9
-1.133 -1.121 -1.1 -1.081 -1.064 -1.043 -1.027 -1.023 -1.022 -1.017 -1.016 -1.012 -1.004 -1.008 -1.028 -1.056 -1.08 -1.092 -1.091 -1.072 -1.045 -1.021 -1.001 -9 -9 -9 -9 -9 -9 -9 -9 -9 -9 -9 -9 -9 -9 -9 -9 -9 -9 -9 -9 -9 -9 -9 -9 -9 -9 -9 -9 -9 -9 -9 -9 -9 -9 -9 -9 -9 -9 -9 -9 -9 -9 -9 -9 -9 -9 -9 -9 -9 -9 -9 -9 -9
-1.12 -1.115 -1.1 -1.086 -1.075 -1.063 -1.053 -1.047 -1.042 -1.036 -1.026 -1.014 -1.001 -0.993 -0.998 -1.018 -1.047 -1.068 -1.079 -1.078 -1.067 -1.053 -1.038 -1.021 -1.008 -0.998 -0.984 -0.965 -0.945 -0.929 -0.926 -0.926 -9 -9 -9 -9 -9 -9 -9 -9 -9 -9 -9 -9 -9 -9 -9 -9 -9 -9 -9 -9 -9 -9 -9 -9 -9 -9 -9 -9 -9 -9 -9 -9 -9 -9 -9 -9 -9 -9 -9 -9 -9 -9 -9 -9
-1.11 -1.108 -1.1 -1.091 -1.087 -1.084 -1.08 -1.075 -1.069 -1.064 -1.053 -1.036 -1.015 -0.997 -0.988 -0.993 -1.009 -1.032 -1.056 -1.069 -1.074 -1.073 -1.065 -1.052 -1.038 -1.024 -1.008 -0.987 -0.964 -0.94 -0.928 -0.923 -0.916 -0.898 -0.858 -0.807 -9 -9 -9 -9 -9 -9 -9 -9 -9 -9 -9 -9 -9 -9 -9 -9 -9 -9 -9 -9 -9 -9 -9 -9 -9 -9 -9 -9 -9 -9 -9 -9 -9 -9 -9 -9 -9 -9 -9 -9
-1.099 -1.099 -1.096 -1.095 -1.098 -1.101 -1.103 -1.102 -1.096 -1.09 -1.081 -1.065 -1.044 -1.022 -1.002 -0.99 -0.991 -1.003 -1.023 -1.048 -1.064 -1.072 -1.073 -1.07 -1.06 -1.044 -1.027 -1.005 -0.981 -0.953 -0.932 -0.921 -0.914 -0.901 -0.872 -0.826 -0.77 -0.714 -9 -9 -9 -9 -9 -9 -9 -9 -9 -9 -9 -9 -9 -9 -9 -9 -9 -9 -9 -9 -9 -9 -9 -9 -9 -9 -9 -9 -9 -9 -9 -9 -9 -9 -9 -9 -9 -9
-1.083 -1.085 -1.087 -1.092 -1.101 -1.11 -1.116 -1.119 -1.117 -1.113 -1.104 -1.088 -1.068 -1.047 -1.023 -1.001 -0.991 -0.992 -1.003 -1.024 -1.045 -1.058 -1.066 -1.069 -1.067 -1.059 -1.044 -1.022 -0.997 -0.966 -0.938 -0.918 -0.907 -0.897 -0.878 -0.842 -0.79 -0.732 -0.664 -0.594 -9 -9 -9 -9 -9 -9 -9 -9 -9 -9 -9 -9 -9 -9 -9 -9 -9 -9 -9 -9 -9 -9 -9 -9 -9 -9 -9 -9 -9 -9 -9 -9 -9 -9 -9 -9
-1.059 -1.061 -1.068 -1.078 -1.092 -1.106 -1.116 -1.123 -1.126 -1.127 -1.121 -1.107 -1.088 -1.069 -1.049 -1.029 -1.014 -1.004 -1.005 -1.012 -1.024 -1.037 -1.049 -1.058 -1.062 -1.06 -1.051 -1.032 -1.003 -0.968 -0.936 -0.91 -0.894 -0.883 -0.872 -0.849 -0.807 -0.754 -0.691 -0.621 -0.556 -0.505 -9 -9 -9 -9 -9 -9 -9 -9 -9 -9 -9 -9 -9 -9 -9 -9 -9 -9 -9 -9 -9 -9 -9 -9 -9 -9 -9 -9 -9 -9 -9 -9 -9 -9
-1.029 -1.025 -1.031 -1.047 -1.066 -1.085 -1.101 -1.113 -1.121 -1.126 -1.126 -1.12 -1.107 -1.09 -1.072 -1.056 -1.039 -1.024 -1.017 -1.012 -1.011 -1.018 -1.028 -1.042 -1.049 -1.05 -1.045 -1.029 -0.996 -0.954 -0.916 -0.89 -0.874 -0.863 -0.857 -0.844 -0.816 -0.775 -0.725 -0.667 -0.607 -0.557 -0.533 -0.529 -9 -9 -9 -9 -9 -9 -9 -9 -9 -9 -9 -9 -9 -9 -9 -9 -9 -9 -9 -9 -9 -9 -9 -9 -9 -9 -9 -9 -9 -9 -9 -9
-0.991 -0.981 -0.984 -0.999 -1.021 -1.045 -1.068 -1.086 -1.102 -1.112 -1.118 -1.118 -1.113 -1.103 -1.09 -1.077 -1.063 -1.048 -1.032 -1.02 -1.013 -1.008 -1.011 -1.025 -1.033 -1.036 -1.034 -1.019 -0.986 -0.941 -0.896 -0.863 -0.847 -0.84 -0.837 -0.831 -0.812 -0.784 -0.751 -0.707 -0.66 -0.614 -0.582 -0.561 -0.555 -0.556 -9 -9 -9 -9 -9 -9 -9 -9 -9 -9 -9 -9 -9 -9 -9 -9 -9 -9 -9 -9 -9 -9 -9 -9 -9 -9 -9 -9 -9 -9
-0.942 -0.923 -0.922 -0.935 -0.958 -0.985 -1.013 -1.039 -1.066 -1.087 -1.1 -1.106 -1.105 -1.102 -1.097 -1.09 -1.082 -1.07 -1.054 -1.038 -1.025 -1.013 -1.005 -1.014 -1.02 -1.023 -1.021 -1.01 -0.983 -0.939 -0.892 -0.852 -0.828 -0.819 -0.816 -0.815 -0.802 -0.782 -0.76 -0.731 -0.696 -0.654 -0.618 -0.587 -0.571 -0.561 -0.553 -0.545 -9 -9 -9 -9 -9 -9 -9 -9 -9 -9 -9 -9 -9 -9 -9 -9 -9 -9 -9 -9 -9 -9 -9 -9 -9 -9 -9 -9
-0.886 -0.856 -0.844 -0.85 -0.87 -0.902 -0.94 -0.975 -1.016 -1.05 -1.073 -1.083 -1.086 -1.086 -1.086 -1.086 -1.086 -1.081 -1.07 -1.056 -1.042 -1.027 -1.011 -1.008 -1.012 -1.012 -1.009 -1 -0.979 -0.944 -0.901 -0.859 -0.828 -0.81 -0.801 -0.796 -0.788 -0.774 -0.76 -0.741 -0.718 -0.683 -0.646 -0.612 -0.586 -0.569 -0.556 -0.544 -0.541 -0.539 -9 -9 -9 -9 -9 -9 -9 -9 -9 -9 -9 -9 -9 -9 -9 -9 -9 -9 -9 -9 -9 -9 -9 -9 -9 -9
-0.853 -0.812 -0.788 -0.781 -0.793 -0.821 -0.865 -0.916 -0.968 -1.01 -1.039 -1.049 -1.053 -1.054 -1.057 -1.063 -1.07 -1.073 -1.072 -1.064 -1.054 -1.039 -1.022 -1.008 -1.005 -1.002 -1 -0.99 -0.973 -0.947 -0.914 -0.875 -0.841 -0.814 -0.794 -0.781 -0.773 -0.763 -0.754 -0.745 -0.728 -0.702 -0.664 -0.63 -0.6 -0.576 -0.561 -0.546 -0.536 -0.528 -0.523 -9 -9 -9 -9 -9 -9 -9 -9 -9 -9 -9 -9 -9 -9 -9 -9 -9 -9 -9 -9 -9 -9 -9 -9 -9
-0.829 -0.791 -0.764 -0.748 -0.752 -0.777 -0.82 -0.876 -0.935 -0.976 -0.998 -1.003 -1 -1.001 -1.007 -1.019 -1.034 -1.047 -1.055 -1.056 -1.052 -1.042 -1.028 -1.013 -1.003 -0.995 -0.992 -0.982 -0.967 -0.946 -0.919 -0.889 -0.859 -0.83 -0.803 -0.782 -0.769 -0.758 -0.75 -0.744 -0.73 -0.707 -0.673 -0.64 -0.607 -0.58 -0.562 -0.545 -0.53 -0.516 -0.506 -0.492 -0.469 -9 -9 -9 -9 -9 -9 -9 -9 -9 -9 -9 -9 -9 -9 -9 -9 -9 -9 -9 -9 -9 -9 -9
-0.821 -0.792 -0.766 -0.753 -0.755 -0.777 -0.816 -0.865 -0.913 -0.941 -0.946 -0.937 -0.925 -0.921 -0.93 -0.951 -0.978 -1.002 -1.02 -1.031 -1.035 -1.032 -1.024 -1.013 -1.001 -0.99 -0.984 -0.974 -0.96 -0.941 -0.918 -0.893 -0.868 -0.843 -0.819 -0.794 -0.774 -0.759 -0.748 -0.739 -0.726 -0.705 -0.673 -0.64 -0.608 -0.58 -0.559 -0.54 -0.521 -0.502 -0.488 -0.468 -0.44 -0.395 -9 -9 -9 -9 -9 -9 -9 -9 -9 -9 -9 -9 -9 -9 -9 -9 -9 -9 -9 -9 -9 -9
-0.817 -0.804 -0.785 -0.775 -0.78 -0.797 -0.826 -0.858 -0.886 -0.894 -0.878 -0.853 -0.83 -0.821 -0.834 -0.864 -0.9 -0.935 -0.965 -0.986 -1 -1.006 -1.005 -1 -0.994 -0.984 -0.975 -0.964 -0.95 -0.933 -0.914 -0.892 -0.87 -0.847 -0.824 -0.802 -0.78 -0.761 -0.746 -0.732 -0.717 -0.698 -0.67 -0.638 -0.605 -0.577 -0.554 -0.533 -0.509 -0.488 -0.469 -0.444 -0.41 -0.361 -0.288 -9 -9 -9 -9 -9 -9 -9 -9 -9 -9 -9 -9 -9 -9 -9 -9 -9 -9 -9 -9 -9
-0.807 -0.802 -0.796 -0.792 -0.796 -0.803 -0.814 -0.827 -0.837 -0.828 -0.8 -0.766 -0.738 -0.726 -0.741 -0.772 -0.811 -0.849 -0.885 -0.919 -0.946 -0.961 -0.97 -0.973 -0.971 -0.966 -0.957 -0.947 -0.935 -0.92 -0.903 -0.884 -0.865 -0.844 -0.823 -0.802 -0.78 -0.758 -0.74 -0.722 -0.705 -0.685 -0.661 -0.632 -0.601 -0.573 -0.549 -0.526 -0.499 -0.473 -0.452 -0.421 -0.382 -0.328 -0.256 -0.176 -9 -9 -9 -9 -9 -9 -9 -9 -9 -9 -9 -9 -9 -9 -9 -9 -9 -9 -9 -9
-0.765 -0.771 -0.776 -0.781 -0.779 -0.767 -0.766 -0.769 -0.772 -0.76 -0.731 -0.698 -0.669 -0.661 -0.67 -0.697 -0.732 -0.769 -0.802 -0.837 -0.872 -0.898 -0.917 -0.928 -0.933 -0.932 -0.928 -0.922 -0.912 -0.9 -0.886 -0.87 -0.854 -0.835 -0.816 -0.795 -0.774 -0.752 -0.732 -0.712 -0.692 -0.671 -0.647 -0.621 -0.593 -0.566 -0.541 -0.516 -0.49 -0.461 -0.435 -0.399 -0.357 -0.307 -0.242 -0.169 -0.105 -0.055 -9 -9 -9 -9 -9 -9 -9 -9 -9 -9 -9 -9 -9 -9 -9 -9 -9 -9
-0.707 -0.714 -0.721 -0.732 -0.732 -0.718 -0.717 -0.719 -0.72 -0.712 -0.69 -0.665 -0.644 -0.637 -0.643 -0.66 -0.682 -0.711 -0.739 -0.767 -0.797 -0.826 -0.849 -0.866 -0.877 -0.883 -0.884 -0.883 -0.878 -0.871 -0.861 -0.849 -0.836 -0.82 -0.804 -0.785 -0.765 -0.744 -0.723 -0.702 -0.68 -0.658 -0.634 -0.608 -0.582 -0.556 -0.53 -0.506 -0.48 -0.451 -0.421 -0.381 -0.339 -0.295 -0.244 -0.181 -0.114 -0.044 0.008 -9 -9 -9 -9 -9 -9 -9 -9 -9 -9 -9 -9 -9 -9 -9 -9 -9
-0.658 -0.661 -0.665 -0.675 -0.679 -0.675 -0.68 -0.687 -0.692 -0.689 -0.681 -0.669 -0.658 -0.653 -0.656 -0.666 -0.679 -0.693 -0.705 -0.721 -0.741 -0.763 -0.784 -0.799 -0.812 -0.819 -0.824 -0.828 -0.829 -0.829 -0.825 -0.819 -0.811 -0.8 -0.787 -0.771 -0.753 -0.733 -0.713 -0.691 -0.67 -0.647 -0.623 -0.597 -0.571 -0.545 -0.52 -0.495 -0.469 -0.441 -0.408 -0.367 -0.33 -0.294 -0.246 -0.172 -0.097 -0.03 0.032 0.075 0.104 -9 -9 -9 -9 -9 -9 -9 -9 -9 -9 -9 -9 -9 -9 -9
-0.629 -0.624 -0.62 -0.626 -0.639 -0.647 -0.658 -0.675 -0.687 -0.696 -0.702 -0.704 -0.703 -0.705 -0.708 -0.709 -0.708 -0.705 -0.701 -0.7 -0.706 -0.714 -0.726 -0.738 -0.748 -0.755 -0.759 -0.765 -0.771 -0.777 -0.781 -0.782 -0.781 -0.774 -0.765 -0.752 -0.737 -0.719 -0.701 -0.681 -0.659 -0.636 -0.612 -0.587 -0.562 -0.536 -0.51 -0.485 -0.46 -0.432 -0.4 -0.364 -0.331 -0.296 -0.251 -0.182 -0.108 -0.038 0.027 0.074 0.105 0.128 -9 -9 -9 -9 -9 -9 -9 -9 -9 -9 -9 -9 -9 -9
-0.639 -0.618 -0.602 -0.605 -0.624 -0.639 -0.661 -0.683 -0.706 -0.726 -0.741 -0.757 -0.765 -0.77 -0.771 -0.765 -0.755 -0.739 -0.718 -0.699 -0.685 -0.678 -0.676 -0.682 -0.689 -0.695 -0.699 -0.705 -0.712 -0.721 -0.731 -0.739 -0.744 -0.744 -0.739 -0.73 -0.717 -0.703 -0.687 -0.669 -0.649 -0.627 -0.603 -0.579 -0.553 -0.528 -0.503 -0.478 -0.452 -0.424 -0.394 -0.362 -0.331 -0.298 -0.26 -0.205 -0.133 -0.064 0.001 0.053 0.089 0.113 -9 -9 -9 -9 -9 -9 -9 -9 -9 -9 -9 -9 -9 -9
-0.68 -0.657 -0.639 -0.636 -0.645 -0.665 -0.693 -0.716 -0.741 -0.763 -0.783 -0.799 -0.811 -0.819 -0.822 -0.816 -0.799 -0.771 -0.735 -0.697 -0.666 -0.646 -0.636 -0.637 -0.643 -0.647 -0.651 -0.652 -0.659 -0.669 -0.679 -0.693 -0.702 -0.708 -0.709 -0.704 -0.695 -0.684 -0.67 -0.655 -0.638 -0.617 -0.594 -0.571 -0.547 -0.522 -0.497 -0.471 -0.445 -0.418 -0.39 -0.36 -0.33 -0.302 -0.27 -0.224 -0.162 -0.097 -0.035 0.021 0.061 0.088 0.111 -9 -9 -9 -9 -9 -9 -9 -9 -9 -9 -9 -9 -9
-0.712 -0.701 -0.691 -0.69 -0.696 -0.713 -0.732 -0.751 -0.769 -0.784 -0.8 -0.817 -0.833 -0.846 -0.854 -0.85 -0.827 -0.785 -0.739 -0.69 -0.647 -0.623 -0.614 -0.614 -0.618 -0.619 -0.619 -0.616 -0.621 -0.628 -0.636 -0.65 -0.66 -0.669 -0.674 -0.674 -0.67 -0.662 -0.652 -0.64 -0.625 -0.606 -0.585 -0.563 -0.54 -0.515 -0.49 -0.465 -0.439 -0.412 -0.385 -0.357 -0.33 -0.305 -0.277 -0.24 -0.186 -0.131 -0.074 -0.017 0.026 0.057 0.081 0.108 -9 -9 -9 -9 -9 -9 -9 -9 -9 -9 -9 -9
-0.755 -0.745 -0.738 -0.739 -0.744 -0.752 -0.761 -0.766 -0.768 -0.771 -0.779 -0.797 -0.82 -0.843 -0.857 -0.861 -0.844 -0.8 -0.749 -0.698 -0.654 -0.628 -0.62 -0.618 -0.618 -0.617 -0.611 -0.605 -0.604 -0.607 -0.613 -0.623 -0.631 -0.637 -0.641 -0.641 -0.64 -0.636 -0.631 -0.622 -0.609 -0.593 -0.574 -0.553 -0.531 -0.507 -0.483 -0.458 -0.431 -0.405 -0.379 -0.353 -0.328 -0.304 -0.28 -0.249 -0.208 -0.162 -0.111 -0.057 -0.012 0.022 0.046 0.074 -9 -9 -9 -9 -9 -9 -9 -9 -9 -9 -9 -9
-0.8 -0.79 -0.784 -0.781 -0.78 -0.776 -0.767 -0.749 -0.727 -0.711 -0.712 -0.73 -0.762 -0.8 -0.829 -0.845 -0.844 -0.822 -0.779 -0.734 -0.694 -0.669 -0.658 -0.653 -0.647 -0.639 -0.627 -0.614 -0.605 -0.601 -0.603 -0.612 -0.618 -0.619 -0.618 -0.611 -0.609 -0.608 -0.606 -0.602 -0.591 -0.577 -0.56 -0.541 -0.52 -0.498 -0.474 -0.449 -0.424 -0.398 -0.372 -0.347 -0.323 -0.301 -0.279 -0.254 -0.223 -0.185 -0.139 -0.09 -0.045 -0.01 0.017 0.043 -9 -9 -9 -9 -9 -9 -9 -9 -9 -9 -9 -9
-0.82 -0.814 -0.809 -0.804 -0.794 -0.777 -0.748 -0.703 -0.658 -0.626 -0.623 -0.645 -0.684 -0.733 -0.779 -0.807 -0.82 -0.816 -0.796 -0.768 -0.741 -0.72 -0.704 -0.693 -0.681 -0.664 -0.646 -0.625 -0.611 -0.603 -0.601 -0.604 -0.607 -0.606 -0.601 -0.591 -0.587 -0.585 -0.584 -0.581 -0.572 -0.56 -0.544 -0.526 -0.507 -0.486 -0.464 -0.44 -0.416 -0.39 -0.365 -0.341 -0.318 -0.297 -0.277 -0.255 -0.229 -0.195 -0.154 -0.108 -0.065 -0.028 0.003 0.027 0.055 0.093 -9 -9 -9 -9 -9 -9 -9 -9 -9 -9
-0.818 -0.815 -0.814 -0.805 -0.786 -0.759 -0.72 -0.668 -0.612 -0.568 -0.557 -0.58 -0.623 -0.675 -0.723 -0.755 -0.777 -0.783 -0.779 -0.768 -0.752 -0.738 -0.724 -0.711 -0.694 -0.673 -0.653 -0.63 -0.611 -0.597 -0.59 -0.588 -0.589 -0.587 -0.583 -0.575 -0.569 -0.566 -0.563 -0.559 -0.551 -0.54 -0.526 -0.51 -0.493 -0.474 -0.453 -0.43 -0.406 -0.382 -0.358 -0.335 -0.313 -0.293 -0.275 -0.254 -0.23 -0.199 -0.16 -0.115 -0.071 -0.03 0.001 0.025 0.049 0.081 0.133 -9 -9 -9 -9 -9 -9 -9 -9 -9
