data/climatemaps/RS_maps/climate_breeding_pr_2013.asc
NCOLS 369 
NROWS 228 
XLLCORNER 479000 
YLLCORNER 73000 
CELLSIZE 1000 
NODATA_value -9 
[rows 68 to 101 of 228, columns 152 to 227 of 369]
-0.556 -0.538 -0.526 -0.523 -0.501 -0.503 -0.509 -0.542 -0.578 -0.568 -0.503 -0.408 -0.311 -0.223 -0.219 -0.282 -0.31 -0.265 -0.153 -0.011 0.103 0.191 0.275 0.281 0.16 0.033 -0.01 -0.069 -0.214 -0.287 -0.271 -0.165 -0.017 0.193 0.382 0.457 0.389 0.253 0.074 -0.096 -0.234 -0.313 -0.343 -0.33 -0.295 -0.236 -0.15 -0.005 0.144 0.283 0.394 0.488 0.596 0.687 0.621 0.575 0.531 0.387 0.23 0.134 0.037 -0.054 -0.091 -0.106 -0.107 -0.096 -0.072 -0.035 -0.011 0.014 0.037 0.058 0.089 0.125 0.154 0.175
-0.558 -0.532 -0.509 -0.506 -0.476 -0.454 -0.457 -0.5 -0.551 -0.556 -0.505 -0.424 -0.332 -0.226 -0.202 -0.258 -0.303 -0.292 -0.175 -0.031 0.097 0.224 0.306 0.356 0.272 0.147 0.084 0.032 -0.109 -0.222 -0.249 -0.179 -0.044 0.149 0.359 0.497 0.469 0.344 0.176 -0.001 -0.149 -0.253 -0.298 -0.305 -0.28 -0.224 -0.154 -0.041 0.092 0.232 0.338 0.432 0.528 0.628 0.66 0.63 0.658 0.548 0.39 0.277 0.188 0.076 0 -0.039 -0.059 -0.069 -0.065 -0.051 -0.031 -0.005 0.025 0.059 0.093 0.128 0.154 0.174
-0.551 -0.513 -0.493 -0.49 -0.449 -0.404 -0.416 -0.467 -0.513 -0.544 -0.528 -0.447 -0.354 -0.256 -0.21 -0.232 -0.3 -0.319 -0.229 -0.098 0.044 0.202 0.306 0.351 0.332 0.248 0.179 0.139 0.016 -0.135 -0.201 -0.188 -0.072 0.095 0.309 0.489 0.518 0.41 0.251 0.086 -0.058 -0.188 -0.247 -0.264 -0.244 -0.203 -0.148 -0.054 0.058 0.176 0.286 0.357 0.451 0.542 0.611 0.634 0.712 0.666 0.548 0.402 0.329 0.247 0.15 0.077 0.018 -0.012 -0.023 -0.022 -0.009 0.013 0.045 0.081 0.117 0.148 0.173 0.191
-0.537 -0.502 -0.483 -0.46 -0.412 -0.378 -0.394 -0.43 -0.479 -0.524 -0.534 -0.461 -0.388 -0.316 -0.249 -0.232 -0.299 -0.339 -0.298 -0.176 -0.023 0.144 0.288 0.345 0.37 0.322 0.269 0.249 0.154 -0.023 -0.129 -0.166 -0.097 0.045 0.235 0.435 0.521 0.452 0.304 0.152 0.015 -0.121 -0.195 -0.218 -0.202 -0.174 -0.125 -0.055 0.039 0.138 0.222 0.289 0.347 0.454 0.573 0.665 0.71 0.721 0.649 0.531 0.429 0.369 0.296 0.226 0.132 0.068 0.044 0.04 0.043 0.061 0.091 0.127 0.161 0.19 0.212 0.227
-0.526 -0.489 -0.464 -0.429 -0.376 -0.356 -0.368 -0.386 -0.456 -0.5 -0.5 -0.479 -0.437 -0.382 -0.321 -0.277 -0.303 -0.352 -0.342 -0.254 -0.103 0.075 0.235 0.305 0.364 0.364 0.339 0.35 0.296 0.121 -0.032 -0.109 -0.104 -0.009 0.147 0.343 0.476 0.457 0.341 0.197 0.072 -0.065 -0.145 -0.174 -0.166 -0.133 -0.103 -0.055 0.015 0.09 0.142 0.192 0.294 0.477 0.627 0.733 0.774 0.771 0.733 0.645 0.539 0.468 0.407 0.346 0.264 0.196 0.155 0.15 0.147 0.16 0.188 0.222 0.244 0.262 0.278 0.288
-0.508 -0.475 -0.446 -0.402 -0.352 -0.332 -0.333 -0.341 -0.418 -0.476 -0.457 -0.439 -0.411 -0.378 -0.36 -0.323 -0.316 -0.353 -0.363 -0.319 -0.194 -0.018 0.143 0.228 0.33 0.375 0.374 0.424 0.42 0.284 0.093 -0.028 -0.078 -0.042 0.072 0.248 0.403 0.428 0.351 0.231 0.107 -0.019 -0.098 -0.124 -0.119 -0.097 -0.064 -0.041 -0.001 0.046 0.094 0.165 0.284 0.438 0.638 0.814 0.894 0.888 0.811 0.749 0.668 0.592 0.537 0.495 0.44 0.387 0.329 0.319 0.326 0.345 0.374 0.394 0.401 0.396 0.394 0.389
-0.478 -0.466 -0.433 -0.382 -0.341 -0.32 -0.311 -0.315 -0.391 -0.458 -0.455 -0.436 -0.41 -0.393 -0.37 -0.332 -0.323 -0.352 -0.366 -0.35 -0.281 -0.134 0.008 0.135 0.281 0.36 0.383 0.445 0.498 0.426 0.244 0.065 -0.025 -0.045 0.02 0.159 0.312 0.378 0.335 0.251 0.144 0.021 -0.051 -0.071 -0.056 -0.05 -0.03 -0.015 0.009 0.041 0.091 0.171 0.329 0.516 0.73 0.915 1.005 1.009 0.928 0.868 0.815 0.754 0.709 0.699 0.654 0.584 0.533 0.54 0.572 0.605 0.604 0.632 0.645 0.629 0.598 0.568
-0.451 -0.437 -0.425 -0.365 -0.329 -0.311 -0.315 -0.323 -0.378 -0.439 -0.463 -0.466 -0.458 -0.439 -0.41 -0.376 -0.357 -0.356 -0.358 -0.355 -0.323 -0.241 -0.099 0.043 0.194 0.308 0.365 0.425 0.515 0.509 0.376 0.18 0.046 -0.008 0.008 0.111 0.234 0.322 0.309 0.255 0.167 0.061 -0.005 -0.012 0.011 0 0.007 0.02 0.036 0.061 0.117 0.232 0.429 0.633 0.854 1.044 1.149 1.153 1.085 1.004 0.972 0.934 0.935 0.979 0.94 0.82 0.751 0.727 0.761 0.78 0.803 0.884 0.941 0.922 0.903 0.858
-0.414 -0.388 -0.401 -0.355 -0.31 -0.287 -0.288 -0.304 -0.356 -0.42 -0.451 -0.464 -0.467 -0.452 -0.426 -0.393 -0.365 -0.352 -0.342 -0.343 -0.33 -0.298 -0.2 -0.051 0.079 0.208 0.312 0.389 0.477 0.523 0.439 0.284 0.115 0.041 0.023 0.084 0.181 0.265 0.27 0.25 0.188 0.098 0.042 0.048 0.062 0.053 0.053 0.062 0.071 0.093 0.169 0.358 0.609 0.797 0.998 1.199 1.275 1.3 1.26 1.193 1.184 1.183 1.233 1.285 1.225 1.08 0.949 0.876 0.871 0.868 0.899 1.024 1.162 1.222 1.216 1.142
-0.373 -0.358 -0.365 -0.35 -0.316 -0.279 -0.273 -0.285 -0.332 -0.385 -0.426 -0.445 -0.453 -0.447 -0.417 -0.343 -0.307 -0.296 -0.305 -0.319 -0.322 -0.315 -0.275 -0.159 -0.025 0.095 0.216 0.318 0.407 0.467 0.443 0.334 0.172 0.084 0.06 0.084 0.138 0.203 0.23 0.238 0.207 0.129 0.086 0.102 0.108 0.113 0.108 0.11 0.112 0.137 0.245 0.525 0.814 0.973 1.143 1.342 1.423 1.453 1.452 1.4 1.429 1.418 1.447 1.416 1.338 1.198 1.071 1 0.965 0.958 0.967 1.062 1.226 1.399 1.433 1.4
-0.355 -0.34 -0.336 -0.315 -0.317 -0.273 -0.264 -0.286 -0.345 -0.376 -0.403 -0.428 -0.435 -0.43 -0.392 -0.327 -0.29 -0.245 -0.258 -0.283 -0.299 -0.306 -0.294 -0.247 -0.155 -0.035 0.083 0.192 0.291 0.366 0.383 0.327 0.202 0.121 0.097 0.102 0.12 0.166 0.208 0.237 0.224 0.157 0.133 0.151 0.164 0.179 0.168 0.161 0.157 0.187 0.336 0.686 0.997 1.13 1.262 1.437 1.498 1.486 1.456 1.422 1.447 1.478 1.468 1.422 1.365 1.26 1.171 1.092 1.032 0.997 0.992 1.06 1.216 1.421 1.546 1.628
-0.345 -0.337 -0.322 -0.298 -0.31 -0.312 -0.287 -0.29 -0.325 -0.369 -0.388 -0.402 -0.403 -0.408 -0.394 -0.357 -0.314 -0.249 -0.22 -0.228 -0.259 -0.276 -0.279 -0.263 -0.224 -0.148 -0.054 0.044 0.151 0.242 0.29 0.281 0.209 0.149 0.13 0.124 0.117 0.148 0.197 0.245 0.232 0.182 0.189 0.223 0.242 0.255 0.245 0.215 0.201 0.24 0.453 0.815 1.127 1.259 1.361 1.446 1.442 1.374 1.32 1.328 1.354 1.439 1.494 1.442 1.425 1.382 1.312 1.168 1.067 1.028 1.001 1.053 1.206 1.331 1.529 1.778
-0.325 -0.32 -0.319 -0.298 -0.309 -0.345 -0.337 -0.333 -0.34 -0.339 -0.357 -0.38 -0.337 -0.364 -0.386 -0.378 -0.329 -0.267 -0.21 -0.179 -0.206 -0.217 -0.235 -0.238 -0.224 -0.193 -0.13 -0.05 0.041 0.134 0.199 0.222 0.199 0.169 0.151 0.13 0.114 0.132 0.181 0.234 0.217 0.212 0.292 0.347 0.373 0.35 0.317 0.267 0.243 0.317 0.616 0.931 1.218 1.364 1.47 1.487 1.436 1.334 1.23 1.21 1.307 1.414 1.427 1.443 1.493 1.548 1.358 1.184 1.121 1.095 1.017 1.024 1.138 1.312 1.507 1.738
-0.306 -0.312 -0.319 -0.314 -0.335 -0.333 -0.309 -0.307 -0.306 -0.314 -0.332 -0.356 -0.31 -0.311 -0.352 -0.37 -0.347 -0.278 -0.215 -0.188 -0.157 -0.133 -0.145 -0.171 -0.182 -0.174 -0.141 -0.083 -0.013 0.07 0.14 0.178 0.184 0.171 0.148 0.125 0.103 0.111 0.142 0.186 0.2 0.259 0.43 0.516 0.496 0.422 0.373 0.32 0.285 0.382 0.651 0.968 1.246 1.49 1.605 1.587 1.562 1.433 1.252 1.139 1.224 1.321 1.35 1.47 1.591 1.648 1.452 1.243 1.234 1.197 1.049 1.017 1.14 1.336 1.517 1.748
-0.288 -0.298 -0.29 -0.303 -0.325 -0.319 -0.302 -0.314 -0.319 -0.331 -0.33 -0.336 -0.31 -0.304 -0.324 -0.35 -0.351 -0.318 -0.268 -0.214 -0.131 -0.07 -0.04 -0.059 -0.09 -0.111 -0.113 -0.08 -0.025 0.04 0.102 0.139 0.158 0.152 0.132 0.115 0.093 0.098 0.118 0.158 0.212 0.347 0.566 0.625 0.55 0.471 0.452 0.411 0.34 0.375 0.59 0.931 1.239 1.571 1.691 1.727 1.841 1.753 1.406 1.158 1.146 1.319 1.353 1.571 1.783 1.798 1.513 1.352 1.325 1.223 1.109 1.037 1.131 1.327 1.424 1.653
-0.26 -0.257 -0.25 -0.271 -0.302 -0.31 -0.304 -0.311 -0.331 -0.323 -0.295 -0.302 -0.315 -0.303 -0.316 -0.32 -0.326 -0.322 -0.288 -0.218 -0.118 -0.039 0.026 0.055 0.025 -0.012 -0.046 -0.047 -0.012 0.026 0.077 0.107 0.125 0.126 0.112 0.095 0.088 0.098 0.126 0.173 0.265 0.493 0.648 0.649 0.573 0.53 0.545 0.482 0.399 0.383 0.489 0.812 1.162 1.534 1.678 1.775 1.892 1.921 1.637 1.253 1.221 1.429 1.433 1.669 1.874 1.795 1.558 1.563 1.491 1.36 1.291 1.111 1.116 1.174 1.225 1.456
-0.19 -0.196 -0.197 -0.222 -0.264 -0.283 -0.281 -0.299 -0.327 -0.294 -0.283 -0.263 -0.289 -0.267 -0.286 -0.278 -0.282 -0.288 -0.269 -0.204 -0.089 0.005 0.082 0.136 0.133 0.091 0.04 0.005 0.02 0.037 0.065 0.086 0.097 0.094 0.082 0.078 0.086 0.108 0.143 0.207 0.378 0.587 0.638 0.631 0.599 0.601 0.581 0.54 0.497 0.457 0.463 0.674 1.025 1.397 1.706 1.89 2.062 2.05 1.81 1.372 1.359 1.496 1.537 1.803 1.999 1.87 1.659 1.748 1.646 1.615 1.52 1.286 1.089 1.014 1.153 1.404
-0.099 -0.109 -0.122 -0.164 -0.213 -0.238 -0.257 -0.276 -0.305 -0.266 -0.263 -0.22 -0.241 -0.238 -0.255 -0.247 -0.246 -0.247 -0.241 -0.2 -0.105 -0.001 0.094 0.165 0.204 0.166 0.111 0.056 0.053 0.054 0.065 0.077 0.078 0.069 0.062 0.069 0.095 0.115 0.168 0.315 0.427 0.533 0.592 0.609 0.604 0.638 0.748 0.702 0.663 0.604 0.548 0.639 0.963 1.327 1.711 1.971 2.129 1.993 1.716 1.412 1.426 1.536 1.714 1.958 2.203 2.014 1.779 1.921 1.8 1.825 1.682 1.491 1.214 0.981 1.031 1.225
0.014 0.008 -0.025 -0.091 -0.152 -0.197 -0.222 -0.254 -0.27 -0.225 -0.23 -0.176 -0.189 -0.172 -0.209 -0.22 -0.217 -0.218 -0.202 -0.193 -0.132 -0.051 0.048 0.149 0.213 0.205 0.147 0.08 0.069 0.065 0.069 0.076 0.059 0.051 0.054 0.074 0.098 0.132 0.25 0.374 0.438 0.496 0.579 0.576 0.576 0.728 0.999 1.068 0.962 0.837 0.713 0.677 0.92 1.281 1.543 1.695 1.748 1.659 1.466 1.364 1.48 1.69 1.948 2.069 2.278 2.076 1.88 2.058 1.962 1.965 1.771 1.538 1.219 0.978 0.99 1.002
0.141 0.132 0.087 0.005 -0.061 -0.149 -0.173 -0.229 -0.228 -0.186 -0.18 -0.136 -0.117 -0.101 -0.126 -0.176 -0.194 -0.175 -0.176 -0.176 -0.094 -0.023 0.027 0.094 0.163 0.172 0.136 0.088 0.069 0.07 0.074 0.056 0.045 0.047 0.064 0.071 0.114 0.189 0.252 0.307 0.4 0.487 0.488 0.482 0.569 0.829 1.233 1.502 1.527 1.205 0.924 0.772 0.791 1.029 1.155 1.283 1.331 1.295 1.207 1.297 1.516 1.753 2.048 2.162 2.287 2.045 2.014 2.149 2.133 2.01 1.775 1.479 1.14 1.015 1.109 1.076
0.285 0.266 0.202 0.138 0.036 -0.072 -0.108 -0.184 -0.186 -0.143 -0.135 -0.07 -0.061 -0.061 -0.065 -0.11 -0.171 -0.162 -0.174 -0.142 -0.037 0.016 0.064 0.084 0.106 0.118 0.116 0.083 0.059 0.056 0.052 0.031 0.057 0.062 0.063 0.086 0.134 0.199 0.219 0.301 0.375 0.383 0.376 0.421 0.572 0.955 1.425 1.842 2.096 1.738 1.216 0.953 0.813 0.856 0.893 0.963 0.975 0.958 0.959 1.14 1.416 1.637 1.958 2.135 2.163 1.993 2.139 2.242 2.176 1.969 1.695 1.426 1.155 1.177 1.294 1.283
0.44 0.409 0.349 0.275 0.144 0.013 -0.03 -0.107 -0.123 -0.077 -0.084 -0.016 -0.003 -0.028 -0.066 -0.08 -0.148 -0.173 -0.167 -0.149 -0.073 0.032 0.092 0.107 0.101 0.079 0.056 0.028 0.017 0.017 0.031 0.066 0.104 0.096 0.072 0.061 0.067 0.101 0.18 0.259 0.277 0.286 0.32 0.381 0.587 1.054 1.549 2.052 2.34 2.182 1.643 1.235 1.001 0.873 0.796 0.77 0.745 0.723 0.735 0.883 1.12 1.369 1.659 1.959 1.983 1.949 2.153 2.293 2.203 1.977 1.674 1.506 1.206 1.241 1.44 1.548
0.505 0.555 0.5 0.407 0.273 0.136 0.059 -0.024 -0.05 -0.006 0.03 0.016 -0.004 0.007 -0.006 -0.05 -0.129 -0.114 -0.045 -0.02 -0.079 -0.065 0.007 0.036 -0.008 -0.038 -0.042 -0.03 -0.013 0.011 0.071 0.156 0.163 0.141 0.079 0.067 0.058 0.069 0.138 0.173 0.194 0.234 0.287 0.358 0.546 0.962 1.487 1.892 2.149 2.209 1.961 1.611 1.295 1.073 0.893 0.776 0.695 0.638 0.608 0.654 0.797 1.026 1.339 1.755 1.808 1.889 2.109 2.272 2.186 2.009 1.731 1.602 1.298 1.397 1.643 1.782
0.578 0.593 0.639 0.544 0.401 0.269 0.174 0.115 0.067 0.099 0.101 0.087 0.048 -0.029 -0.065 -0.086 -0.122 -0.094 0.022 0.099 0.05 -0.034 -0.096 -0.094 -0.089 -0.055 0.002 0.061 0.093 0.094 0.126 0.148 0.134 0.111 0.084 0.106 0.088 0.06 0.087 0.124 0.159 0.207 0.267 0.317 0.413 0.638 1.035 1.435 1.837 2.124 2.114 1.985 1.665 1.405 1.171 0.971 0.813 0.683 0.609 0.548 0.599 0.754 1.045 1.488 1.682 1.829 2.029 2.162 2.105 1.969 1.861 1.854 1.531 1.394 1.753 1.815
0.673 0.691 0.681 0.694 0.562 0.401 0.337 0.264 0.223 0.177 0.128 0.087 0.04 -0.012 -0.043 -0.121 -0.148 -0.083 0.051 0.142 0.113 0.004 -0.049 -0.043 -0.012 0.059 0.134 0.217 0.248 0.158 0.165 0.214 0.195 0.138 0.092 0.119 0.119 0.065 0.069 0.102 0.148 0.197 0.241 0.273 0.317 0.419 0.617 0.903 1.322 1.855 2.054 2.063 1.915 1.776 1.55 1.322 1.119 0.934 0.772 0.529 0.498 0.565 0.767 1.107 1.446 1.689 1.828 1.982 1.988 2.053 1.991 2.038 1.653 1.425 1.753 1.913
0.724 0.795 0.763 0.789 0.685 0.568 0.494 0.426 0.398 0.32 0.252 0.193 0.088 -0.002 -0.089 -0.11 -0.15 -0.07 0.087 0.148 0.108 0.012 0.04 0.077 0.09 0.137 0.188 0.277 0.33 0.241 0.314 0.386 0.344 0.235 0.12 0.101 0.116 0.072 0.069 0.102 0.153 0.206 0.243 0.263 0.28 0.318 0.397 0.536 0.824 1.324 1.671 1.738 1.727 1.876 1.848 1.644 1.399 1.064 0.718 0.521 0.464 0.492 0.611 0.857 1.169 1.358 1.546 1.812 1.934 2.095 2.034 1.885 1.605 1.625 1.82 2.002
0.685 0.811 0.878 0.853 0.797 0.729 0.677 0.631 0.576 0.481 0.396 0.278 0.13 -0.012 -0.085 -0.073 -0.163 -0.062 0.093 0.13 0.143 0.06 0.108 0.126 0.118 0.15 0.229 0.322 0.366 0.347 0.441 0.523 0.493 0.361 0.185 0.098 0.108 0.075 0.076 0.122 0.191 0.296 0.326 0.295 0.289 0.285 0.3 0.358 0.536 0.984 1.304 1.252 1.379 1.711 1.619 1.34 1.086 0.829 0.627 0.52 0.483 0.545 0.703 0.809 0.977 1.197 1.36 1.536 1.726 1.914 1.911 1.787 1.711 1.7 1.79 1.904
0.701 0.823 0.905 0.873 0.873 0.762 0.791 0.739 0.687 0.575 0.471 0.306 0.167 0.028 -0.082 -0.097 -0.172 -0.047 0.097 0.174 0.197 0.129 0.101 0.13 0.195 0.252 0.343 0.44 0.416 0.473 0.585 0.662 0.6 0.448 0.244 0.104 0.083 0.071 0.092 0.226 0.368 0.513 0.535 0.446 0.39 0.329 0.284 0.283 0.412 0.668 0.772 0.777 1.078 1.212 1.007 0.883 0.781 0.664 0.61 0.594 0.61 0.695 0.803 0.814 0.958 1.069 1.157 1.23 1.437 1.593 1.605 1.513 1.365 1.301 1.339 1.443
0.703 0.845 0.826 0.796 0.823 0.741 0.77 0.724 0.653 0.539 0.434 0.274 0.175 0.001 -0.093 -0.146 -0.169 -0.024 0.108 0.203 0.261 0.182 0.135 0.25 0.336 0.461 0.564 0.627 0.5 0.61 0.782 0.782 0.638 0.441 0.251 0.11 0.077 0.074 0.167 0.355 0.467 0.538 0.451 0.377 0.333 0.299 0.271 0.262 0.294 0.358 0.421 0.501 0.632 0.691 0.713 0.715 0.68 0.566 0.626 0.751 0.9 0.994 1.137 1.105 1.073 0.979 0.985 1.066 1.199 1.271 1.097 0.961 0.926 0.984 1.078 1.234
0.683 0.779 0.743 0.709 0.729 0.705 0.704 0.733 0.662 0.54 0.385 0.212 0.086 -0.023 -0.125 -0.185 -0.147 -0.016 0.103 0.228 0.306 0.224 0.204 0.343 0.45 0.63 0.694 0.663 0.653 0.812 1.066 1.071 0.787 0.484 0.307 0.168 0.108 0.09 0.25 0.396 0.382 0.326 0.297 0.313 0.326 0.324 0.308 0.296 0.298 0.318 0.361 0.43 0.519 0.614 0.735 0.838 0.735 0.518 0.602 0.94 1.328 1.504 1.576 1.616 1.642 1.474 1.262 1.065 1.01 0.952 0.859 0.792 0.894 1.004 1.058 1.181
0.607 0.663 0.632 0.589 0.597 0.603 0.641 0.711 0.595 0.478 0.331 0.197 0.044 -0.093 -0.194 -0.147 -0.086 -0.028 0.068 0.191 0.268 0.299 0.334 0.472 0.589 0.841 0.953 0.905 1.013 1.102 1.179 1.101 0.764 0.385 0.216 0.16 0.086 0.086 0.189 0.236 0.202 0.223 0.258 0.326 0.408 0.438 0.411 0.39 0.381 0.384 0.413 0.5 0.644 0.843 1.034 1.043 0.763 0.499 0.609 1.08 1.55 1.701 1.874 2.027 2.069 2.019 1.864 1.5 1.248 1.169 1.054 1.01 0.923 0.852 0.981 1.116
0.444 0.503 0.518 0.464 0.477 0.554 0.628 0.629 0.526 0.433 0.299 0.123 -0.077 -0.2 -0.171 -0.054 0.021 0.077 0.118 0.15 0.197 0.284 0.425 0.656 0.812 0.857 0.933 0.94 1.009 1.002 1.046 0.912 0.532 0.165 0.074 0.064 0.116 0.169 0.183 0.216 0.219 0.242 0.319 0.446 0.68 0.802 0.655 0.639 0.615 0.596 0.639 0.775 0.927 1.09 1.16 1.04 0.775 0.492 0.525 0.913 1.393 1.747 2.046 2.269 2.36 2.376 2.217 1.971 1.784 1.693 1.435 1.47 1.231 0.895 0.815 0.978
0.27 0.348 0.388 0.34 0.447 0.514 0.578 0.527 0.451 0.373 0.179 -0.027 -0.196 -0.221 -0.079 0.044 0.17 0.221 0.2 0.262 0.285 0.244 0.447 0.664 0.82 0.855 0.892 0.843 0.803 0.78 0.697 0.488 0.191 0.057 0.065 0.193 0.17 0.291 0.393 0.411 0.33 0.297 0.429 0.669 1.013 1.067 1.001 1.103 1.126 1.095 1.025 1.058 1.255 1.45 1.439 1.144 0.714 0.482 0.435 0.687 1.088 1.432 1.801 2.101 2.307 2.458 2.439 2.362 2.345 2.115 1.767 1.892 1.699 1.315 0.828 0.875
0.129 0.216 0.2 0.261 0.396 0.512 0.546 0.491 0.36 0.229 0.041 -0.133 -0.243 -0.182 0.022 0.175 0.331 0.301 0.356 0.455 0.475 0.342 0.46 0.66 0.812 0.895 1.005 0.94 0.665 0.438 0.296 0.162 0.051 -0.007 0.094 0.099 0.227 0.598 0.787 0.835 0.623 0.357 0.476 0.897 1.264 1.312 1.365 1.586 1.66 1.556 1.33 1.384 1.631 1.798 1.604 1.06 0.65 0.468 0.431 0.768 1.145 1.374 1.654 1.996 2.289 2.519 2.7 2.769 2.734 2.356 2.023 2.272 2.07 1.659 1.168 0.877
