data/climatemaps/RS_maps/climate_postbreed_tmp_2017.asc
NCOLS 369 
NROWS 228 
XLLCORNER 479000 
YLLCORNER 73000 
CELLSIZE 1000 
NODATA_value -9 
[rows 136 to 169 of 228, columns 152 to 227 of 369]
-0.782 -0.601 -0.222 0.176 0.568 0.393 0.167 0.16 0.199 0.119 -0.026 0.059 0.232 0.131 -0.009 0.051 0.063 -0.055 -0.648 -1.704 -2.25 -2.774 -2.908 -2.643 -2.357 -2.202 -2.04 -1.702 -1.367 -0.979 -1.332 -2.156 -1.741 -1.24 -0.619 -0.336 -1.188 -1.443 -1.793 -2.252 -2.546 -2.369 -2.275 -2.56 -2.572 -2.034 -1.648 -1.823 -1.903 -1.911 -2.078 -1.784 -1.658 -1.338 -1.037 -0.561 -0.441 -0.737 -0.766 -0.78 -0.918 -1.474 -1.889 -1.738 -1.467 -1.473 -1.069 -1.662 -1.735 -1.381 -1.141 -1.689 -1.932 -1.665 -1.055 -0.772
-1.186 -0.952 -0.648 -0.136 0.547 -0.123 -0.597 -0.815 -0.636 -0.53 -0.377 -0.027 0.263 0.326 0.297 0.254 -0.048 -0.567 -0.775 -1.213 -1.879 -2.521 -2.795 -2.567 -2.175 -1.996 -2.042 -1.732 -1.283 -1.115 -1.666 -2.186 -1.699 -1.249 -0.881 -0.33 -1.144 -1.059 -1.432 -1.915 -2.241 -2.278 -2.155 -2.4 -2.541 -2.272 -2.126 -1.984 -1.929 -1.9 -1.766 -1.368 -1.02 -0.767 -0.626 -0.493 -0.789 -1.233 -1.361 -1.344 -0.933 -1.016 -1.726 -1.808 -1.46 -1.559 -1.2 -1.667 -1.847 -1.361 -1.402 -1.947 -2.053 -1.549 -0.889 -1.07
-1.306 -1.078 -0.61 -0.037 0.444 -0.16 -0.607 -1.137 -0.995 -0.808 -0.491 -0.16 0.044 0.15 0.171 0.134 -0.722 -1.682 -1.643 -1.534 -1.848 -2.262 -2.728 -2.711 -2.307 -1.892 -1.716 -1.423 -1.261 -1.444 -2.056 -2.054 -1.631 -1.002 -0.722 -0.354 -0.78 -1.099 -1.378 -1.923 -2.084 -1.948 -2.098 -2.572 -2.484 -2.078 -1.837 -1.681 -1.489 -1.353 -1.108 -0.858 -0.637 -0.636 -0.766 -0.662 -1.202 -1.506 -1.787 -1.766 -1.434 -1.031 -1.336 -1.698 -1.523 -1.769 -1.415 -1.649 -1.93 -1.392 -1.754 -2.009 -1.873 -1.434 -0.878 -1.344
-1.347 -0.917 -0.631 -0.336 0.411 0.147 -0.277 -1.033 -1.148 -0.842 -0.592 -0.349 -0.297 -0.339 -0.567 -0.552 -0.708 -1.584 -2.157 -2.383 -2.34 -2.284 -2.383 -2.513 -2.437 -2.081 -1.702 -1.501 -1.543 -1.873 -2.016 -1.688 -1.514 -1.258 -1.22 -0.633 -0.554 -1.257 -1.77 -2.147 -1.978 -1.813 -2.103 -2.387 -2.206 -1.955 -1.654 -1.502 -1.459 -1.002 -0.654 -0.66 -0.814 -1.085 -1.075 -0.774 -1.403 -1.839 -2.032 -1.887 -1.689 -1.377 -1.19 -1.64 -1.595 -1.867 -1.618 -1.681 -1.955 -1.578 -1.965 -1.88 -1.566 -1.076 -1.017 -1.58
-1.135 -0.826 -1.027 -0.443 0.277 0.266 -0.237 -1.016 -1.292 -0.983 -0.716 -0.611 -0.768 -1.017 -1.53 -1.067 -0.449 -1.045 -1.494 -2.189 -2.95 -2.816 -2.259 -1.954 -2.181 -2.282 -2.028 -2.052 -2.05 -1.931 -2.108 -1.837 -1.785 -1.705 -1.544 -1.169 -0.628 -1.013 -1.624 -2.174 -1.918 -1.655 -2.016 -2.146 -1.799 -1.624 -1.333 -1.197 -1.148 -0.758 -0.67 -1.064 -1.323 -1.474 -1.082 -1.056 -1.375 -1.808 -2.001 -1.848 -1.577 -1.373 -1.276 -1.526 -1.7 -1.984 -1.748 -1.796 -1.932 -1.761 -1.745 -1.482 -1.359 -0.99 -1.42 -1.861
-1.164 -1.328 -1.094 -0.539 0.047 0.265 -0.419 -1.08 -1.242 -0.982 -0.974 -1.165 -1.715 -2.154 -2.088 -1.353 -0.641 -0.756 -1.153 -1.859 -2.721 -3.161 -2.717 -2.06 -1.736 -2.014 -2.28 -2.3 -2.328 -2.088 -2.196 -1.961 -1.703 -1.577 -1.444 -1.324 -0.912 -0.891 -1.505 -1.943 -1.683 -1.465 -1.797 -1.99 -1.583 -1.297 -1.245 -1.158 -1.018 -0.787 -0.995 -1.437 -1.62 -1.541 -1.12 -1.382 -1.599 -1.661 -1.966 -2.011 -1.704 -1.4 -1.541 -1.703 -1.797 -2.048 -1.768 -1.973 -1.899 -1.941 -1.703 -1.329 -1.058 -1.11 -1.689 -2.206
-1.354 -1.699 -1.216 -0.738 -0.115 0.139 -0.639 -0.937 -1.002 -1.161 -1.475 -2.351 -3.004 -2.422 -2.034 -1.652 -1.273 -1.406 -1.672 -1.683 -2.364 -2.747 -2.83 -2.397 -1.797 -1.609 -1.779 -1.768 -1.908 -1.742 -1.731 -1.782 -1.738 -1.727 -1.53 -1.361 -1.034 -0.867 -1.411 -1.566 -1.207 -1.193 -1.496 -1.737 -1.541 -1.5 -1.636 -1.527 -1.223 -0.909 -1.194 -1.612 -1.659 -1.451 -1.114 -1.384 -1.715 -1.761 -1.872 -1.929 -1.859 -1.551 -1.738 -1.537 -1.591 -1.834 -1.813 -1.867 -1.816 -1.896 -1.723 -1.309 -0.942 -1.201 -1.858 -2.37
-1.676 -1.601 -1.259 -0.824 -0.016 0.102 -0.505 -0.63 -0.832 -1.273 -1.843 -2.699 -2.951 -2.441 -2.242 -1.976 -1.778 -1.972 -2.136 -1.803 -2.222 -2.48 -2.31 -2.555 -2.101 -1.606 -1.495 -1.438 -1.393 -1.323 -1.237 -1.209 -1.226 -1.304 -1.179 -1.123 -1.152 -1.068 -1.301 -1.076 -0.946 -1.225 -1.438 -1.545 -1.794 -1.818 -1.719 -1.467 -1.252 -1.142 -1.287 -1.736 -1.555 -1.307 -1.151 -1.379 -1.724 -1.554 -1.572 -1.725 -1.768 -1.445 -1.22 -1.111 -1.568 -1.691 -1.576 -1.602 -1.62 -1.509 -1.467 -1.228 -1.169 -1.018 -1.433 -1.966
-1.696 -1.367 -0.935 -0.632 0.271 -0.349 -0.817 -0.941 -1.246 -1.736 -2.287 -3.048 -3.154 -2.91 -2.825 -2.644 -2.531 -2.628 -2.648 -2.235 -2.283 -2.591 -2.173 -2.175 -2.025 -1.633 -1.76 -1.748 -1.54 -1.561 -1.608 -1.511 -1.296 -1.111 -1.199 -1.442 -1.552 -1.313 -1.186 -0.807 -1.11 -1.414 -1.76 -1.743 -1.98 -1.774 -1.526 -1.438 -1.515 -1.524 -1.368 -1.79 -1.412 -1.485 -1.319 -1.2 -1.38 -1.409 -1.594 -1.571 -1.26 -0.928 -0.922 -1.298 -1.329 -1.309 -1.143 -1.467 -1.635 -1.71 -1.431 -1.512 -1.3 -0.95 -1.026 -1.377
-1.33 -1.048 -0.797 -0.365 0.311 -0.812 -1.56 -1.902 -2.317 -2.483 -2.591 -3.05 -3.104 -3.017 -2.84 -2.912 -3.177 -3.255 -2.947 -2.834 -2.847 -2.771 -2.385 -1.914 -1.769 -1.916 -2.264 -2.155 -2.021 -1.969 -1.852 -1.622 -1.465 -1.503 -1.645 -1.727 -1.522 -1.228 -0.984 -0.574 -0.92 -1.449 -1.723 -1.925 -2.092 -1.861 -1.719 -1.805 -1.819 -1.627 -1.415 -1.825 -1.624 -1.758 -1.569 -1.035 -1.114 -1.327 -1.312 -1.097 -0.782 -0.514 -0.964 -1.276 -1.061 -0.941 -0.993 -1.11 -1.208 -1.311 -1.43 -1.658 -1.389 -1.011 -0.855 -0.953
-0.954 -0.754 -0.464 -0.271 0.21 -0.627 -1.571 -2.412 -2.979 -3.104 -2.838 -2.744 -2.861 -3.095 -2.791 -2.69 -2.975 -3.224 -2.757 -2.774 -3.05 -3.153 -2.556 -2.196 -2.031 -2.405 -2.42 -2.154 -1.933 -1.741 -1.603 -1.548 -1.684 -1.817 -1.713 -1.556 -1.312 -0.923 -0.529 -0.324 -0.745 -1.196 -1.526 -1.855 -1.761 -1.979 -2.014 -2.134 -1.905 -1.77 -1.711 -1.835 -1.757 -1.501 -1.494 -1.054 -0.655 -0.638 -0.562 -0.485 -0.305 -0.569 -1.017 -1.066 -0.837 -0.985 -1.14 -1.281 -1.277 -1.356 -1.441 -1.491 -1.297 -1.171 -0.971 -0.81
-0.678 -0.626 -0.638 -0.606 -0.013 -0.488 -1.357 -2.191 -2.785 -3.127 -2.807 -2.501 -2.503 -2.729 -2.684 -2.587 -2.752 -3.156 -2.81 -2.499 -2.755 -3.107 -2.827 -2.613 -2.464 -2.575 -2.26 -2.003 -1.897 -1.883 -1.926 -1.888 -1.847 -1.724 -1.546 -1.276 -0.964 -0.516 -0.206 -0.352 -0.524 -0.752 -1.174 -1.509 -1.443 -2.001 -1.888 -1.952 -2.104 -1.746 -1.605 -1.412 -1.325 -1.029 -0.921 -0.688 -0.343 -0.105 -0.013 -0.006 -0.096 -0.479 -0.677 -0.697 -0.537 -0.812 -0.882 -1.083 -1.261 -1.535 -1.565 -1.546 -1.456 -1.384 -1.275 -1.068
-1.036 -1.265 -1.087 -0.735 -0.213 -0.724 -1.451 -1.96 -2.209 -2.877 -2.963 -2.562 -2.261 -2.24 -2.34 -2.444 -2.653 -2.982 -2.806 -2.449 -2.394 -2.515 -2.624 -2.644 -2.422 -2.549 -2.445 -2.218 -2.002 -1.739 -1.865 -1.725 -1.65 -1.347 -1.138 -0.915 -0.496 -0.208 -0.359 -0.819 -0.869 -0.879 -0.889 -0.881 -1.534 -1.741 -1.621 -2.073 -2.071 -1.551 -1.28 -1.031 -0.815 -0.496 -0.271 -0.24 -0.29 -0.349 -0.289 -0.271 -0.042 -0.03 -0.094 -0.029 -0.009 -0.106 -0.198 -0.425 -0.678 -1.259 -1.408 -1.469 -1.468 -1.379 -1.478 -1.423
-1.854 -1.583 -0.914 -0.582 -0.521 -1.113 -1.865 -2.403 -2.7 -3.08 -2.872 -2.769 -2.416 -2.089 -2.056 -2.209 -2.508 -2.521 -2.688 -2.501 -2.242 -2.151 -2.157 -2.317 -2.225 -2.465 -2.612 -2.23 -1.963 -1.487 -1.216 -1.54 -1.215 -1.095 -0.704 -0.362 -0.173 -0.371 -0.789 -1.216 -1.277 -1.207 -1.206 -1.261 -1.173 -1.408 -1.88 -1.994 -1.729 -1.203 -0.831 -0.533 -0.351 -0.329 -0.553 -0.657 -0.895 -0.922 -0.874 -0.744 -0.503 -0.386 -0.311 -0.15 0.042 0.13 0.146 0.005 -0.246 -0.774 -0.844 -0.878 -0.96 -0.946 -1.127 -1.176
-1.821 -1.377 -1.015 -0.956 -1.158 -1.732 -2.398 -3.043 -3.245 -3.069 -2.63 -2.483 -2.286 -2.054 -1.947 -1.967 -2.205 -2.568 -2.891 -2.691 -2.392 -2.192 -1.999 -1.942 -2.149 -2.44 -2.499 -2.177 -2.085 -1.612 -0.975 -1.116 -0.944 -0.499 -0.223 -0.141 -0.247 -0.572 -0.974 -1.423 -1.672 -1.76 -1.519 -1.685 -1.447 -1.608 -1.873 -1.589 -1.273 -0.826 -0.482 -0.465 -0.727 -0.768 -1.093 -1.07 -1.423 -1.343 -1.3 -1.116 -0.924 -0.79 -0.771 -0.767 -0.533 -0.42 -0.221 0.096 0.075 -0.257 -0.122 -0.216 -0.329 -0.44 -0.697 -0.767
-1.748 -1.489 -1.31 -1.348 -1.666 -2.375 -3.082 -3.105 -3.012 -2.819 -2.512 -2.251 -2.1 -1.996 -1.925 -1.87 -1.973 -2.489 -2.85 -3.031 -2.825 -2.54 -2.008 -1.764 -2.38 -2.125 -2.153 -1.792 -1.625 -1.655 -1.179 -0.555 -0.444 -0.176 -0.178 -0.426 -0.732 -0.78 -0.759 -1.121 -1.547 -1.948 -1.913 -1.812 -1.726 -1.772 -1.589 -1.177 -0.8 -0.58 -0.576 -0.964 -1.193 -1.18 -1.406 -1.524 -1.551 -1.309 -1.144 -1.138 -1.199 -1.111 -1.081 -1.205 -1.008 -1.075 -0.959 -0.356 0.114 0.169 0.232 0.244 0.274 0.06 -0.26 -0.41
-2.231 -1.929 -1.791 -2.062 -2.539 -2.815 -2.779 -2.986 -2.814 -2.559 -2.369 -2.212 -2.159 -2.177 -2.154 -1.795 -1.753 -1.963 -2.323 -2.888 -2.775 -2.377 -1.805 -1.575 -2.308 -1.93 -1.686 -1.81 -1.254 -1.307 -0.914 -0.425 -0.17 -0.221 -0.541 -0.928 -1.219 -1.31 -1.304 -0.908 -1.289 -1.645 -1.767 -1.685 -1.498 -1.381 -1.178 -0.827 -0.682 -0.882 -0.994 -1.285 -1.519 -1.449 -1.472 -1.53 -1.327 -1.083 -0.922 -0.753 -0.881 -1.097 -1.327 -1.478 -1.449 -1.527 -1.214 -0.756 -0.371 0.069 0.103 0.127 0.402 0.482 0.282 -0.011
-2.6 -2.46 -2.68 -2.473 -2.399 -2.579 -2.384 -2.65 -2.759 -2.496 -2.346 -2.512 -2.729 -2.934 -2.581 -1.983 -1.667 -1.621 -2.011 -2.518 -2.294 -2.014 -1.447 -1.492 -2.195 -1.811 -1.319 -1.399 -1.172 -0.769 -0.413 -0.13 -0.254 -0.601 -0.896 -1.307 -1.569 -1.667 -1.485 -1.191 -1.028 -1.498 -1.645 -1.4 -1.2 -1.15 -0.995 -0.872 -1.028 -1.312 -1.484 -1.555 -1.71 -1.611 -1.539 -1.462 -1.432 -1.326 -1.22 -0.939 -0.642 -0.633 -1.099 -1.346 -1.554 -1.546 -1.321 -1.084 -0.752 -0.478 -0.309 -0.032 0.072 0.373 0.601 0.3
-2.293 -2.122 -2.365 -1.844 -1.871 -2.171 -2.155 -2.162 -2.304 -2.754 -2.821 -3.29 -2.898 -2.605 -2.708 -2.291 -1.747 -1.565 -1.721 -2.313 -1.945 -1.367 -1.107 -1.569 -2.04 -1.793 -1.387 -0.875 -0.814 -0.364 -0.13 -0.168 -0.551 -1.035 -1.06 -1.467 -1.756 -1.689 -1.462 -1.383 -1.185 -1.61 -1.67 -1.497 -1.342 -1.296 -1.231 -1.251 -1.406 -1.602 -1.7 -1.677 -1.723 -1.807 -1.551 -1.358 -1.31 -1.328 -1.497 -1.207 -0.839 -0.545 -0.565 -0.967 -1.172 -1.177 -1.411 -1.443 -1.144 -0.932 -0.59 -0.332 -0.436 -0.199 0.115 0.537
-1.929 -1.574 -2.045 -1.652 -1.595 -1.755 -1.75 -2.063 -2.649 -2.513 -2.751 -3.148 -2.679 -2.166 -2.236 -2.407 -1.863 -1.503 -1.57 -2.142 -1.855 -1.16 -0.897 -1.568 -1.761 -1.521 -1.18 -0.637 -0.338 -0.121 -0.218 -0.487 -0.77 -1.262 -1.345 -1.375 -1.837 -1.786 -1.672 -1.67 -1.455 -1.757 -1.813 -1.699 -1.62 -1.467 -1.441 -1.64 -1.724 -1.729 -1.535 -1.372 -1.516 -1.739 -1.595 -1.454 -1.173 -0.944 -1.401 -1.448 -1.265 -0.916 -0.421 -0.606 -0.89 -1.034 -1.494 -1.501 -1.178 -0.961 -0.597 -0.374 -0.651 -0.274 -0.072 0.529
-1.776 -1.216 -1.618 -1.332 -1.224 -1.399 -1.75 -2.523 -2.726 -2.184 -2.241 -2.598 -2.689 -2.142 -1.822 -2.024 -1.921 -1.42 -1.472 -1.917 -1.633 -1.115 -0.633 -1.192 -1.515 -1.212 -0.775 -0.333 -0.083 -0.215 -0.618 -0.97 -0.787 -1.335 -1.629 -1.612 -2 -1.982 -1.813 -1.738 -1.371 -1.669 -1.944 -1.735 -1.537 -1.308 -1.43 -1.901 -1.903 -1.729 -1.43 -1.04 -1.18 -1.56 -1.723 -1.393 -1.009 -0.732 -1.01 -1.451 -1.249 -0.964 -0.358 -0.369 -1.023 -1.323 -1.616 -1.362 -1.099 -0.782 -0.472 -0.538 -1.059 -0.543 -0.291 0.302
-1.335 -0.978 -1.092 -0.997 -1.158 -1.613 -2.156 -2.503 -2.658 -2.109 -1.855 -2.322 -2.842 -2.44 -2.076 -1.701 -1.512 -1.321 -1.405 -1.625 -1.534 -1.025 -0.34 -0.646 -1.081 -0.88 -0.35 -0.105 -0.248 -0.648 -1.001 -1.415 -0.962 -1.119 -1.687 -2.028 -2.211 -2.105 -1.943 -1.756 -1.347 -1.252 -1.625 -1.55 -1.347 -1.246 -1.425 -1.779 -1.694 -1.455 -1.21 -0.811 -1.141 -1.659 -1.67 -1.305 -1.072 -0.635 -0.836 -1.446 -1.148 -0.646 -0.193 -0.296 -0.87 -1.286 -1.834 -1.891 -1.572 -1.143 -1.246 -1.414 -1.523 -1.075 -0.671 -0.152
-0.818 -0.798 -1.04 -1.31 -1.635 -2.098 -2.172 -2.042 -2.306 -1.876 -1.806 -2.413 -2.771 -2.502 -2.226 -1.744 -1.212 -1.232 -1.459 -1.708 -1.497 -0.936 -0.132 -0.239 -0.626 -0.412 -0.112 -0.285 -0.655 -1.103 -1.325 -1.636 -1.264 -0.95 -1.607 -2.317 -2.354 -2.256 -1.84 -1.543 -1.376 -1.06 -1.045 -1.063 -1.098 -1.244 -1.459 -1.785 -1.569 -1.439 -1.173 -0.854 -0.78 -1.406 -1.564 -1.153 -0.784 -0.293 -0.462 -1.106 -1.186 -0.685 -0.092 -0.265 -0.82 -1.293 -1.561 -1.809 -1.965 -1.699 -1.664 -1.63 -1.517 -1.009 -0.605 -0.218
-0.863 -1.126 -1.567 -2.096 -2.395 -2.342 -2.109 -1.891 -1.862 -1.621 -1.717 -2.211 -2.399 -2.093 -1.857 -1.461 -1.103 -1.214 -1.648 -1.713 -1.294 -0.726 -0.065 0.011 -0.281 -0.091 -0.287 -0.701 -1.08 -1.411 -1.62 -1.768 -1.642 -1.374 -1.654 -2.378 -2.305 -2.105 -1.664 -1.714 -1.731 -1.252 -0.805 -0.779 -0.82 -1.324 -1.715 -2.086 -1.973 -1.738 -1.42 -0.495 -0.408 -1.063 -1.37 -1.401 -1.151 -0.492 0.096 -0.479 -0.67 -0.376 -0.018 -0.561 -1.064 -1.309 -1.085 -1.224 -1.642 -1.623 -1.366 -1.192 -1.007 -0.617 -0.208 0.074
-1.467 -1.84 -2.229 -2.586 -2.758 -2.623 -2.61 -2.187 -1.832 -1.796 -1.594 -1.61 -1.85 -1.586 -1.45 -1.076 -1.017 -1.373 -1.684 -1.426 -1.048 -0.519 0.065 0.098 -0.032 -0.279 -0.68 -1.126 -1.42 -1.534 -1.562 -1.853 -2.137 -1.977 -2.013 -2.128 -1.967 -1.72 -1.6 -1.854 -1.799 -1.291 -1.195 -0.712 -0.958 -1.298 -1.652 -2.141 -2.288 -2.099 -1.395 -0.405 0.151 -0.258 -0.997 -1.505 -1.096 -0.581 -0.01 0.109 0.149 0.26 0.038 -0.714 -1.22 -0.972 -0.666 -0.82 -1.417 -1.621 -1.242 -0.921 -0.634 -0.396 -0.23 -0.215
-2.106 -2.383 -2.514 -2.447 -2.331 -2.508 -2.488 -2.513 -2.259 -2.114 -1.916 -1.441 -1.263 -1.093 -0.944 -0.88 -1.074 -1.387 -1.354 -1.127 -0.714 -0.214 0.203 0.108 -0.167 -0.59 -1.104 -1.341 -1.312 -1.284 -1.682 -2.013 -2.15 -2.121 -2.197 -2.218 -2.096 -1.73 -1.808 -1.977 -1.723 -1.436 -1.414 -0.713 -0.59 -1.318 -1.671 -2.077 -1.914 -1.545 -0.973 -0.442 0.122 0.237 -0.696 -1.065 -1.254 -0.844 -0.267 -0.423 -0.22 0.3 0.306 -0.369 -0.691 -0.472 -0.537 -0.984 -1.406 -1.455 -1.39 -1.163 -0.856 -0.672 -0.945 -0.757
-2.667 -2.457 -2.209 -2.043 -1.982 -2.027 -1.956 -2.383 -2.125 -1.885 -1.82 -1.335 -0.826 -0.624 -0.78 -1.122 -1.108 -1.077 -1.018 -0.657 -0.251 0.163 0.266 -0.105 -0.618 -0.75 -0.965 -1.044 -1.216 -1.609 -1.72 -1.737 -1.709 -1.517 -1.833 -1.958 -2.063 -1.889 -1.82 -1.723 -1.736 -1.842 -1.404 -0.868 -0.328 -1.041 -1.466 -1.695 -1.726 -1.266 -1.112 -0.931 -0.28 0.481 -0.154 -0.764 -1.297 -0.97 -0.766 -0.938 -0.509 -0.082 0.441 0.217 -0.06 -0.007 -0.606 -1.083 -1.344 -0.955 -0.987 -1.043 -0.838 -0.851 -1.306 -0.934
-2.661 -2.457 -2.004 -1.579 -1.881 -1.85 -1.564 -2.146 -1.663 -1.431 -1.486 -1.039 -0.481 -0.716 -1.048 -1.07 -0.877 -0.743 -0.442 -0.248 0.115 0.301 0.1 -0.298 -0.422 -0.934 -1.152 -1.398 -1.588 -1.43 -1.448 -1.448 -1.292 -1.434 -1.534 -1.852 -2.214 -2.028 -1.679 -1.376 -1.394 -1.471 -1.417 -0.895 -0.218 -0.65 -1.182 -1.678 -1.514 -1.246 -1.347 -0.97 -0.469 0.354 0.101 -0.678 -1.114 -1.237 -1.122 -1.08 -0.773 -0.312 0.34 0.48 -0.039 -0.089 -0.6 -1.185 -1.433 -0.927 -0.632 -0.525 -0.363 -0.323 -0.931 -1.226
-2.031 -2.115 -1.793 -1.462 -1.663 -1.836 -1.202 -1.809 -1.422 -1.18 -1.192 -0.885 -0.421 -0.895 -0.846 -0.706 -0.385 -0.087 0.132 0.339 0.38 0.231 0.015 -0.036 -0.53 -0.965 -1.209 -1.052 -0.933 -1.049 -0.999 -0.968 -1.048 -1.185 -1.398 -1.767 -1.888 -1.825 -1.528 -1.291 -1.42 -1.284 -1.086 -0.812 -0.234 -0.426 -1.044 -1.585 -1.626 -1.284 -1.291 -1.012 -0.51 0.238 0.4 -0.037 -0.439 -0.833 -0.857 -1.036 -0.652 -0.152 0.465 0.339 -0.279 -0.527 -0.591 -1.123 -1.406 -1.185 -1.072 -0.879 -0.552 0.021 -0.584 -1.3
-1.621 -1.864 -1.177 -1.076 -1.659 -1.828 -0.978 -1.518 -1.268 -1.006 -0.781 -0.473 -0.341 -0.851 -0.375 -0.066 0.173 0.449 0.44 0.304 0.153 -0.189 -0.58 -0.304 -0.414 -0.796 -0.557 -0.465 -0.494 -0.694 -0.96 -1.227 -1.497 -1.543 -1.468 -1.374 -1.424 -1.623 -1.681 -1.451 -1.651 -1.697 -1.389 -1 -0.348 -0.216 -0.887 -1.467 -1.535 -1.194 -0.859 -0.86 -0.355 0.159 0.254 0.434 0.348 -0.103 -0.624 -0.666 -0.097 0.345 0.603 0.046 -0.564 -0.798 -0.944 -1.059 -0.918 -0.716 -0.862 -0.935 -0.413 0.175 -0.51 -1.286
-1.621 -1.638 -0.755 -1.258 -1.84 -1.919 -0.947 -1.108 -1.247 -0.742 -0.294 -0.137 -0.45 -0.675 -0.035 0.379 0.52 0.213 -0.041 -0.236 -0.296 -0.841 -1.144 -0.974 -0.36 -0.275 -0.405 -0.749 -0.84 -0.912 -1.461 -1.784 -1.837 -1.613 -1.463 -1.026 -1.283 -1.52 -1.73 -1.624 -1.56 -1.796 -1.738 -1.308 -0.509 -0.204 -0.979 -1.509 -1.494 -1.082 -0.541 -0.303 -0.138 -0.345 -0.584 -0.09 0.516 0.505 -0.051 0.148 0.491 0.616 0.414 -0.227 -0.78 -0.966 -1.315 -1.316 -0.777 -0.185 -0.058 -0.213 0.111 0.004 -0.801 -1.085
-1.657 -1.673 -0.625 -0.892 -1.44 -1.816 -1.054 -0.808 -1.332 -0.716 0.036 0.012 -0.448 -0.177 0.308 0.549 0.166 -0.264 -0.636 -0.945 -0.808 -1.285 -1.521 -1.318 -0.826 -0.359 -0.738 -1.138 -1.231 -1.14 -1.49 -1.684 -1.723 -1.287 -1.158 -0.998 -1.29 -1.538 -1.687 -1.47 -1.201 -1.406 -1.336 -0.99 -0.374 -0.264 -1.021 -1.611 -1.524 -1.173 -0.799 -0.593 -0.66 -1.081 -0.939 -0.496 -0.147 0.484 0.724 0.765 0.389 0.248 -0.101 -0.13 -0.581 -1.094 -1.158 -1.314 -0.874 -0.471 -0.348 0.15 0.269 0.342 -0.185 -0.358
-1.475 -1.411 -0.475 -0.665 -1.212 -1.722 -1.179 -0.622 -1.259 -0.804 0.114 0.204 0.096 0.362 0.574 0.237 -0.28 -0.527 -1.051 -1.492 -1.467 -1.486 -1.285 -1.049 -0.874 -0.446 -0.786 -1.289 -1.512 -1.557 -1.597 -1.504 -1.54 -1.168 -0.893 -1.023 -1.275 -1.484 -1.558 -1.095 -0.658 -0.754 -0.578 -0.293 -0.099 -0.362 -0.917 -1.463 -1.524 -1.436 -1.332 -1.233 -1.192 -1.247 -1.138 -0.889 -0.566 -0.026 0.783 0.831 0.172 -0.173 -0.201 -0.536 -0.626 -0.967 -0.637 -1.067 -1.328 -1.13 -0.69 -0.484 -0.261 0.345 0.261 -0.094
-0.954 -1.058 -0.366 -0.531 -1.184 -1.304 -1.148 -0.51 -0.898 -0.563 0.263 0.487 0.582 0.67 0.386 -0.086 -0.481 -1.05 -1.472 -1.876 -1.647 -1.352 -1.125 -1.131 -0.959 -0.709 -0.8 -1.309 -1.682 -1.988 -1.692 -1.256 -1.15 -0.966 -0.869 -1.179 -1.419 -1.49 -1.554 -1.095 -0.622 -0.229 0.161 0.153 -0.2 -0.673 -1.084 -1.429 -1.257 -1.147 -1.197 -1.067 -1.094 -0.917 -0.986 -1.116 -0.746 -0.07 0.831 0.662 0.149 -0.187 -0.567 -0.726 -1.046 -0.85 -0.341 -0.817 -1.042 -1.125 -1.071 -0.963 -0.266 0.32 0.203 -0.588
