data/climatemaps/RS_maps/climate_breeding_pr_2012.asc
NCOLS 369 
NROWS 228 
XLLCORNER 479000 
YLLCORNER 73000 
CELLSIZE 1000 
NODATA_value -9 
[rows 68 to 101 of 228, columns 76 to 151 of 369]
0.043 0.039 0.05 0.085 0.124 0.136 0.102 0.012 -0.032 -0.012 0.008 0.051 0.087 0.088 0.052 -0.008 -0.07 -0.119 -0.152 -0.167 -0.162 -0.141 -0.125 -0.126 -0.165 -0.243 -0.318 -0.376 -0.391 -0.351 -0.286 -0.213 -0.171 -0.16 -0.16 -0.161 -0.153 -0.146 -0.113 -0.06 0.004 0.069 0.131 0.191 0.231 0.234 0.213 0.183 0.137 0.111 0.094 0.066 0.02 -0.043 -0.119 -0.207 -0.293 -0.367 -0.423 -0.46 -0.494 -0.521 -0.544 -0.566 -0.594 -0.624 -0.655 -0.686 -0.703 -0.712 -0.707 -0.693 -0.694 -0.693 -0.679 -0.638
0.016 0.011 0.027 0.056 0.081 0.074 0.042 -0.004 0 0.009 0.021 0.05 0.067 0.051 0.002 -0.063 -0.124 -0.173 -0.203 -0.215 -0.208 -0.188 -0.169 -0.172 -0.213 -0.29 -0.369 -0.423 -0.436 -0.399 -0.331 -0.261 -0.21 -0.179 -0.162 -0.15 -0.13 -0.095 -0.04 0.015 0.078 0.141 0.19 0.206 0.216 0.191 0.15 0.093 0.039 -0.006 -0.044 -0.082 -0.126 -0.179 -0.25 -0.337 -0.427 -0.502 -0.552 -0.584 -0.607 -0.62 -0.629 -0.644 -0.654 -0.664 -0.683 -0.698 -0.698 -0.693 -0.689 -0.687 -0.679 -0.668 -0.662 -0.644
-0.007 -0.017 -0.005 0.011 0.012 0.003 0.002 0.018 0.027 0.031 0.043 0.057 0.054 0.018 -0.04 -0.107 -0.171 -0.221 -0.259 -0.28 -0.283 -0.27 -0.248 -0.243 -0.274 -0.339 -0.41 -0.445 -0.435 -0.378 -0.294 -0.21 -0.146 -0.101 -0.068 -0.041 -0.014 0.024 0.066 0.108 0.148 0.168 0.156 0.13 0.097 0.052 0.008 -0.044 -0.098 -0.144 -0.188 -0.229 -0.268 -0.332 -0.403 -0.48 -0.555 -0.616 -0.656 -0.676 -0.684 -0.676 -0.669 -0.676 -0.683 -0.693 -0.696 -0.687 -0.676 -0.672 -0.673 -0.671 -0.654 -0.639 -0.634 -0.635
-0.037 -0.049 -0.052 -0.06 -0.067 -0.032 0.014 0.042 0.054 0.067 0.081 0.077 0.049 -0.003 -0.067 -0.135 -0.205 -0.268 -0.32 -0.349 -0.356 -0.346 -0.328 -0.324 -0.345 -0.392 -0.444 -0.449 -0.418 -0.348 -0.254 -0.158 -0.077 -0.018 0.026 0.059 0.079 0.101 0.119 0.133 0.133 0.103 0.044 -0.007 -0.061 -0.107 -0.151 -0.198 -0.247 -0.291 -0.333 -0.371 -0.415 -0.475 -0.537 -0.602 -0.658 -0.702 -0.727 -0.731 -0.722 -0.704 -0.687 -0.686 -0.691 -0.692 -0.687 -0.669 -0.661 -0.658 -0.657 -0.654 -0.638 -0.62 -0.611 -0.616
-0.07 -0.089 -0.126 -0.135 -0.095 -0.03 0.022 0.062 0.093 0.118 0.118 0.096 0.054 -0.006 -0.076 -0.151 -0.231 -0.308 -0.369 -0.41 -0.431 -0.437 -0.431 -0.424 -0.431 -0.455 -0.474 -0.458 -0.423 -0.354 -0.264 -0.168 -0.085 -0.014 0.044 0.084 0.103 0.108 0.099 0.074 0.031 -0.036 -0.107 -0.172 -0.23 -0.276 -0.315 -0.358 -0.398 -0.434 -0.467 -0.501 -0.539 -0.587 -0.638 -0.687 -0.727 -0.757 -0.767 -0.756 -0.735 -0.714 -0.697 -0.69 -0.69 -0.682 -0.672 -0.658 -0.648 -0.639 -0.637 -0.637 -0.619 -0.604 -0.59 -0.592
-0.111 -0.147 -0.203 -0.168 -0.109 -0.041 0.029 0.091 0.133 0.152 0.14 0.111 0.065 0.002 -0.075 -0.162 -0.255 -0.348 -0.426 -0.486 -0.526 -0.545 -0.544 -0.533 -0.526 -0.523 -0.505 -0.491 -0.471 -0.418 -0.353 -0.258 -0.158 -0.063 0.004 0.044 0.054 0.039 0 -0.062 -0.135 -0.208 -0.274 -0.336 -0.387 -0.426 -0.459 -0.491 -0.52 -0.548 -0.573 -0.598 -0.625 -0.66 -0.698 -0.736 -0.765 -0.781 -0.781 -0.764 -0.738 -0.714 -0.694 -0.683 -0.68 -0.67 -0.656 -0.637 -0.626 -0.622 -0.619 -0.622 -0.601 -0.584 -0.562 -0.559
-0.167 -0.224 -0.247 -0.196 -0.138 -0.056 0.034 0.105 0.145 0.158 0.146 0.116 0.066 -0.004 -0.093 -0.195 -0.304 -0.411 -0.494 -0.55 -0.581 -0.594 -0.587 -0.565 -0.548 -0.537 -0.527 -0.528 -0.516 -0.486 -0.44 -0.337 -0.232 -0.143 -0.088 -0.054 -0.054 -0.089 -0.147 -0.223 -0.303 -0.372 -0.433 -0.482 -0.519 -0.545 -0.565 -0.583 -0.6 -0.619 -0.633 -0.647 -0.669 -0.703 -0.734 -0.76 -0.777 -0.784 -0.777 -0.757 -0.727 -0.697 -0.674 -0.668 -0.665 -0.652 -0.635 -0.62 -0.615 -0.607 -0.6 -0.606 -0.578 -0.555 -0.538 -0.537
-0.259 -0.295 -0.276 -0.236 -0.171 -0.081 0.013 0.086 0.127 0.142 0.128 0.094 0.033 -0.054 -0.159 -0.27 -0.378 -0.453 -0.498 -0.518 -0.516 -0.52 -0.506 -0.473 -0.45 -0.441 -0.459 -0.472 -0.469 -0.485 -0.483 -0.395 -0.325 -0.253 -0.192 -0.173 -0.193 -0.244 -0.311 -0.385 -0.454 -0.516 -0.567 -0.601 -0.618 -0.624 -0.623 -0.621 -0.624 -0.633 -0.641 -0.661 -0.692 -0.729 -0.753 -0.768 -0.774 -0.774 -0.76 -0.734 -0.7 -0.675 -0.659 -0.651 -0.645 -0.631 -0.619 -0.607 -0.591 -0.571 -0.572 -0.588 -0.563 -0.533 -0.52 -0.519
-0.321 -0.339 -0.318 -0.278 -0.213 -0.12 -0.025 0.046 0.084 0.099 0.087 0.041 -0.041 -0.146 -0.26 -0.35 -0.403 -0.414 -0.404 -0.395 -0.386 -0.379 -0.355 -0.327 -0.308 -0.302 -0.329 -0.357 -0.393 -0.454 -0.508 -0.479 -0.418 -0.363 -0.347 -0.351 -0.371 -0.412 -0.466 -0.527 -0.585 -0.636 -0.673 -0.69 -0.681 -0.656 -0.632 -0.606 -0.595 -0.606 -0.631 -0.667 -0.708 -0.735 -0.756 -0.765 -0.765 -0.759 -0.737 -0.709 -0.677 -0.658 -0.641 -0.62 -0.614 -0.606 -0.591 -0.565 -0.536 -0.522 -0.532 -0.565 -0.555 -0.529 -0.5 -0.491
-0.361 -0.362 -0.353 -0.313 -0.248 -0.165 -0.079 -0.013 0.019 0.03 0.01 -0.05 -0.149 -0.25 -0.32 -0.343 -0.331 -0.306 -0.279 -0.261 -0.245 -0.227 -0.205 -0.182 -0.171 -0.182 -0.226 -0.3 -0.377 -0.455 -0.516 -0.548 -0.534 -0.522 -0.507 -0.495 -0.502 -0.539 -0.591 -0.643 -0.688 -0.726 -0.747 -0.74 -0.697 -0.647 -0.604 -0.569 -0.559 -0.584 -0.622 -0.667 -0.706 -0.732 -0.749 -0.756 -0.753 -0.743 -0.72 -0.69 -0.66 -0.639 -0.603 -0.574 -0.572 -0.552 -0.524 -0.503 -0.475 -0.459 -0.487 -0.543 -0.551 -0.527 -0.482 -0.469
-0.348 -0.354 -0.37 -0.336 -0.282 -0.212 -0.141 -0.092 -0.077 -0.083 -0.114 -0.181 -0.251 -0.277 -0.258 -0.239 -0.207 -0.17 -0.14 -0.12 -0.113 -0.098 -0.089 -0.082 -0.094 -0.121 -0.182 -0.252 -0.333 -0.423 -0.526 -0.613 -0.644 -0.637 -0.613 -0.609 -0.634 -0.669 -0.703 -0.736 -0.763 -0.782 -0.781 -0.745 -0.684 -0.628 -0.578 -0.545 -0.538 -0.555 -0.595 -0.655 -0.7 -0.732 -0.743 -0.745 -0.737 -0.725 -0.704 -0.675 -0.646 -0.611 -0.57 -0.533 -0.529 -0.481 -0.457 -0.439 -0.409 -0.402 -0.458 -0.511 -0.508 -0.511 -0.469 -0.451
-0.332 -0.356 -0.367 -0.344 -0.305 -0.253 -0.205 -0.182 -0.192 -0.214 -0.251 -0.267 -0.25 -0.217 -0.17 -0.112 -0.065 -0.028 -0.014 -0.013 -0.024 -0.028 -0.028 -0.025 -0.038 -0.087 -0.146 -0.195 -0.296 -0.433 -0.575 -0.672 -0.713 -0.718 -0.709 -0.722 -0.749 -0.77 -0.789 -0.802 -0.809 -0.805 -0.783 -0.73 -0.667 -0.608 -0.562 -0.52 -0.512 -0.538 -0.595 -0.659 -0.705 -0.734 -0.743 -0.735 -0.726 -0.71 -0.683 -0.656 -0.615 -0.562 -0.528 -0.477 -0.475 -0.413 -0.38 -0.357 -0.326 -0.358 -0.415 -0.47 -0.467 -0.477 -0.474 -0.453
-0.32 -0.341 -0.351 -0.335 -0.311 -0.286 -0.269 -0.277 -0.295 -0.3 -0.278 -0.251 -0.209 -0.148 -0.073 -0.002 0.044 0.055 0.04 0.011 0 0.008 0.016 -0.001 -0.045 -0.092 -0.123 -0.216 -0.347 -0.499 -0.623 -0.71 -0.757 -0.786 -0.8 -0.811 -0.827 -0.839 -0.841 -0.832 -0.823 -0.8 -0.772 -0.715 -0.654 -0.589 -0.534 -0.508 -0.502 -0.537 -0.616 -0.673 -0.714 -0.738 -0.745 -0.733 -0.72 -0.701 -0.664 -0.624 -0.565 -0.521 -0.496 -0.458 -0.412 -0.356 -0.301 -0.278 -0.259 -0.293 -0.351 -0.406 -0.463 -0.481 -0.473 -0.443
-0.293 -0.311 -0.319 -0.312 -0.307 -0.308 -0.311 -0.313 -0.293 -0.278 -0.255 -0.217 -0.156 -0.065 0.013 0.06 0.065 0.045 0.016 -0.011 0 -0.011 -0.046 -0.083 -0.108 -0.136 -0.205 -0.334 -0.465 -0.572 -0.67 -0.749 -0.8 -0.829 -0.85 -0.863 -0.873 -0.875 -0.852 -0.832 -0.83 -0.801 -0.765 -0.706 -0.642 -0.588 -0.547 -0.535 -0.543 -0.599 -0.658 -0.697 -0.727 -0.745 -0.747 -0.731 -0.714 -0.692 -0.657 -0.606 -0.551 -0.507 -0.476 -0.425 -0.356 -0.303 -0.228 -0.193 -0.195 -0.226 -0.278 -0.32 -0.4 -0.436 -0.457 -0.424
-0.254 -0.268 -0.275 -0.275 -0.287 -0.303 -0.294 -0.282 -0.269 -0.248 -0.213 -0.163 -0.086 0.004 0.058 0.052 0.025 -0.012 -0.044 -0.059 -0.075 -0.113 -0.151 -0.171 -0.197 -0.261 -0.361 -0.47 -0.558 -0.64 -0.716 -0.781 -0.826 -0.855 -0.879 -0.891 -0.897 -0.891 -0.869 -0.855 -0.836 -0.799 -0.756 -0.704 -0.656 -0.614 -0.596 -0.607 -0.636 -0.669 -0.697 -0.721 -0.743 -0.754 -0.749 -0.73 -0.709 -0.685 -0.644 -0.601 -0.557 -0.501 -0.463 -0.384 -0.32 -0.25 -0.172 -0.115 -0.132 -0.145 -0.208 -0.259 -0.329 -0.36 -0.42 -0.407
-0.203 -0.212 -0.215 -0.219 -0.23 -0.24 -0.244 -0.251 -0.246 -0.224 -0.184 -0.123 -0.034 0.03 0.037 0.007 -0.039 -0.087 -0.12 -0.142 -0.169 -0.199 -0.231 -0.269 -0.331 -0.423 -0.515 -0.584 -0.648 -0.703 -0.748 -0.792 -0.832 -0.861 -0.894 -0.906 -0.905 -0.893 -0.873 -0.85 -0.827 -0.798 -0.756 -0.717 -0.691 -0.675 -0.683 -0.691 -0.701 -0.709 -0.723 -0.742 -0.757 -0.759 -0.75 -0.731 -0.707 -0.677 -0.621 -0.582 -0.548 -0.499 -0.443 -0.36 -0.29 -0.196 -0.12 -0.07 -0.079 -0.088 -0.145 -0.192 -0.26 -0.302 -0.37 -0.373
-0.149 -0.153 -0.147 -0.133 -0.138 -0.162 -0.198 -0.232 -0.247 -0.233 -0.187 -0.104 -0.017 0.007 -0.009 -0.054 -0.113 -0.164 -0.197 -0.217 -0.235 -0.266 -0.322 -0.398 -0.479 -0.568 -0.633 -0.684 -0.726 -0.753 -0.778 -0.813 -0.853 -0.886 -0.907 -0.911 -0.899 -0.876 -0.851 -0.827 -0.813 -0.807 -0.791 -0.775 -0.771 -0.758 -0.745 -0.737 -0.729 -0.726 -0.741 -0.755 -0.763 -0.76 -0.749 -0.73 -0.704 -0.666 -0.601 -0.563 -0.535 -0.482 -0.411 -0.343 -0.269 -0.173 -0.083 -0.031 -0.029 -0.043 -0.087 -0.13 -0.205 -0.26 -0.306 -0.299
-0.087 -0.087 -0.066 -0.05 -0.07 -0.117 -0.183 -0.237 -0.263 -0.253 -0.197 -0.092 -0.024 -0.028 -0.057 -0.115 -0.19 -0.243 -0.271 -0.28 -0.302 -0.356 -0.445 -0.532 -0.61 -0.678 -0.734 -0.77 -0.784 -0.788 -0.813 -0.848 -0.875 -0.9 -0.914 -0.909 -0.885 -0.858 -0.834 -0.82 -0.826 -0.839 -0.844 -0.843 -0.824 -0.798 -0.78 -0.763 -0.739 -0.734 -0.748 -0.759 -0.763 -0.757 -0.747 -0.727 -0.7 -0.659 -0.604 -0.559 -0.526 -0.465 -0.382 -0.304 -0.22 -0.135 -0.066 0.006 -0.001 -0.023 -0.056 -0.1 -0.154 -0.191 -0.225 -0.221
-0.022 -0.016 -0.002 -0.018 -0.071 -0.149 -0.227 -0.287 -0.306 -0.29 -0.209 -0.092 -0.043 -0.065 -0.103 -0.188 -0.273 -0.327 -0.35 -0.365 -0.417 -0.489 -0.565 -0.635 -0.704 -0.769 -0.817 -0.832 -0.83 -0.834 -0.854 -0.871 -0.89 -0.91 -0.92 -0.908 -0.879 -0.852 -0.826 -0.823 -0.846 -0.863 -0.874 -0.868 -0.842 -0.816 -0.794 -0.772 -0.741 -0.735 -0.746 -0.754 -0.76 -0.752 -0.742 -0.723 -0.693 -0.652 -0.614 -0.57 -0.522 -0.45 -0.369 -0.276 -0.171 -0.084 -0.031 0.024 0.008 -0.001 -0.019 -0.045 -0.075 -0.096 -0.128 -0.127
0.047 0.04 0.009 -0.053 -0.146 -0.25 -0.338 -0.398 -0.399 -0.343 -0.212 -0.103 -0.081 -0.116 -0.178 -0.281 -0.372 -0.426 -0.46 -0.501 -0.554 -0.603 -0.653 -0.717 -0.782 -0.84 -0.873 -0.883 -0.887 -0.888 -0.889 -0.892 -0.904 -0.918 -0.924 -0.911 -0.883 -0.857 -0.827 -0.832 -0.853 -0.871 -0.887 -0.879 -0.85 -0.824 -0.796 -0.767 -0.735 -0.733 -0.735 -0.741 -0.753 -0.748 -0.735 -0.718 -0.688 -0.652 -0.615 -0.571 -0.516 -0.444 -0.367 -0.265 -0.14 -0.061 -0.008 0.029 0.019 0.029 0.025 0.024 0.015 -0.005 -0.028 -0.025
0.096 0.06 -0.02 -0.137 -0.272 -0.39 -0.467 -0.497 -0.459 -0.357 -0.212 -0.135 -0.138 -0.184 -0.279 -0.394 -0.495 -0.556 -0.596 -0.626 -0.652 -0.683 -0.726 -0.781 -0.839 -0.886 -0.916 -0.932 -0.933 -0.923 -0.913 -0.909 -0.915 -0.921 -0.917 -0.9 -0.882 -0.863 -0.842 -0.846 -0.86 -0.877 -0.887 -0.879 -0.852 -0.822 -0.787 -0.76 -0.743 -0.737 -0.728 -0.736 -0.748 -0.741 -0.724 -0.707 -0.676 -0.648 -0.619 -0.579 -0.513 -0.47 -0.38 -0.262 -0.153 -0.075 -0.011 0.02 0.014 0.036 0.049 0.078 0.092 0.075 0.074 0.08
0.115 0.031 -0.102 -0.251 -0.394 -0.5 -0.546 -0.534 -0.455 -0.335 -0.211 -0.174 -0.202 -0.282 -0.408 -0.518 -0.604 -0.657 -0.686 -0.703 -0.72 -0.744 -0.779 -0.822 -0.865 -0.908 -0.941 -0.954 -0.952 -0.94 -0.927 -0.919 -0.917 -0.912 -0.889 -0.869 -0.855 -0.839 -0.826 -0.829 -0.847 -0.861 -0.865 -0.858 -0.834 -0.807 -0.783 -0.763 -0.751 -0.744 -0.736 -0.741 -0.746 -0.735 -0.716 -0.69 -0.652 -0.623 -0.605 -0.582 -0.531 -0.49 -0.396 -0.281 -0.208 -0.116 -0.047 -0.008 -0.016 0.006 0.042 0.073 0.117 0.156 0.169 0.191
0.088 -0.034 -0.196 -0.36 -0.492 -0.568 -0.573 -0.512 -0.407 -0.282 -0.218 -0.245 -0.291 -0.399 -0.512 -0.608 -0.68 -0.719 -0.738 -0.756 -0.768 -0.783 -0.805 -0.829 -0.865 -0.914 -0.941 -0.957 -0.956 -0.945 -0.932 -0.919 -0.908 -0.887 -0.844 -0.819 -0.79 -0.774 -0.772 -0.789 -0.814 -0.827 -0.833 -0.819 -0.805 -0.791 -0.787 -0.772 -0.757 -0.75 -0.747 -0.742 -0.737 -0.722 -0.7 -0.654 -0.609 -0.573 -0.568 -0.574 -0.537 -0.479 -0.392 -0.315 -0.271 -0.189 -0.123 -0.086 -0.083 -0.032 -0.024 0.01 0.063 0.116 0.184 0.23
0.041 -0.112 -0.291 -0.449 -0.56 -0.598 -0.55 -0.452 -0.335 -0.251 -0.269 -0.311 -0.382 -0.492 -0.591 -0.677 -0.729 -0.738 -0.768 -0.793 -0.792 -0.783 -0.793 -0.813 -0.868 -0.906 -0.929 -0.949 -0.952 -0.941 -0.926 -0.905 -0.883 -0.835 -0.793 -0.747 -0.71 -0.68 -0.675 -0.704 -0.749 -0.771 -0.787 -0.795 -0.793 -0.785 -0.783 -0.767 -0.754 -0.755 -0.748 -0.73 -0.716 -0.695 -0.65 -0.621 -0.568 -0.539 -0.523 -0.545 -0.517 -0.469 -0.41 -0.384 -0.346 -0.252 -0.188 -0.192 -0.173 -0.148 -0.101 -0.019 0.046 0.16 0.221 0.303
-0.03 -0.2 -0.374 -0.513 -0.589 -0.579 -0.492 -0.379 -0.304 -0.297 -0.338 -0.385 -0.472 -0.564 -0.657 -0.721 -0.745 -0.784 -0.809 -0.81 -0.789 -0.77 -0.782 -0.828 -0.866 -0.898 -0.927 -0.942 -0.942 -0.928 -0.903 -0.876 -0.845 -0.79 -0.73 -0.661 -0.6 -0.563 -0.57 -0.595 -0.642 -0.66 -0.673 -0.702 -0.741 -0.766 -0.775 -0.767 -0.756 -0.754 -0.737 -0.703 -0.664 -0.649 -0.618 -0.57 -0.497 -0.484 -0.438 -0.49 -0.511 -0.472 -0.468 -0.453 -0.377 -0.32 -0.282 -0.303 -0.279 -0.233 -0.139 -0.039 0.041 0.13 0.274 0.353
-0.122 -0.284 -0.443 -0.553 -0.592 -0.54 -0.441 -0.371 -0.35 -0.37 -0.415 -0.477 -0.547 -0.634 -0.716 -0.76 -0.794 -0.826 -0.832 -0.811 -0.781 -0.778 -0.806 -0.836 -0.856 -0.891 -0.921 -0.933 -0.928 -0.904 -0.881 -0.856 -0.796 -0.728 -0.656 -0.578 -0.498 -0.462 -0.475 -0.511 -0.551 -0.576 -0.601 -0.636 -0.679 -0.718 -0.745 -0.764 -0.766 -0.746 -0.707 -0.658 -0.602 -0.575 -0.557 -0.505 -0.442 -0.415 -0.358 -0.395 -0.479 -0.505 -0.509 -0.47 -0.415 -0.386 -0.395 -0.394 -0.33 -0.278 -0.224 -0.123 0.011 0.127 0.223 0.357
-0.225 -0.376 -0.506 -0.582 -0.594 -0.535 -0.462 -0.423 -0.423 -0.457 -0.503 -0.559 -0.625 -0.701 -0.767 -0.815 -0.844 -0.858 -0.851 -0.824 -0.807 -0.806 -0.827 -0.843 -0.862 -0.895 -0.918 -0.926 -0.908 -0.883 -0.871 -0.812 -0.744 -0.664 -0.583 -0.501 -0.427 -0.418 -0.42 -0.47 -0.504 -0.528 -0.555 -0.603 -0.649 -0.69 -0.728 -0.75 -0.75 -0.718 -0.653 -0.586 -0.533 -0.498 -0.499 -0.428 -0.368 -0.328 -0.257 -0.301 -0.402 -0.471 -0.51 -0.497 -0.478 -0.478 -0.474 -0.444 -0.395 -0.37 -0.279 -0.168 0 0.146 0.241 0.337
-0.347 -0.475 -0.575 -0.622 -0.623 -0.579 -0.528 -0.501 -0.509 -0.539 -0.582 -0.637 -0.698 -0.758 -0.809 -0.845 -0.869 -0.878 -0.874 -0.858 -0.848 -0.845 -0.851 -0.863 -0.881 -0.903 -0.919 -0.918 -0.89 -0.878 -0.862 -0.789 -0.723 -0.634 -0.548 -0.475 -0.434 -0.434 -0.454 -0.483 -0.512 -0.535 -0.566 -0.617 -0.655 -0.699 -0.735 -0.743 -0.726 -0.66 -0.581 -0.507 -0.465 -0.44 -0.42 -0.348 -0.281 -0.215 -0.184 -0.227 -0.284 -0.394 -0.449 -0.484 -0.498 -0.505 -0.493 -0.485 -0.449 -0.383 -0.298 -0.192 -0.026 0.144 0.27 0.378
-0.482 -0.587 -0.658 -0.685 -0.676 -0.644 -0.608 -0.586 -0.589 -0.614 -0.656 -0.706 -0.757 -0.803 -0.84 -0.865 -0.883 -0.89 -0.888 -0.883 -0.877 -0.873 -0.875 -0.884 -0.897 -0.912 -0.922 -0.911 -0.889 -0.873 -0.86 -0.806 -0.734 -0.661 -0.593 -0.527 -0.492 -0.498 -0.5 -0.515 -0.546 -0.584 -0.617 -0.649 -0.686 -0.738 -0.764 -0.758 -0.715 -0.628 -0.544 -0.474 -0.414 -0.373 -0.315 -0.247 -0.188 -0.118 -0.101 -0.117 -0.183 -0.3 -0.339 -0.393 -0.433 -0.468 -0.492 -0.503 -0.463 -0.394 -0.317 -0.221 -0.055 0.125 0.213 0.332
-0.617 -0.699 -0.744 -0.752 -0.734 -0.704 -0.674 -0.657 -0.661 -0.685 -0.721 -0.761 -0.8 -0.833 -0.859 -0.877 -0.888 -0.891 -0.889 -0.887 -0.886 -0.886 -0.892 -0.898 -0.907 -0.917 -0.922 -0.909 -0.894 -0.874 -0.869 -0.833 -0.765 -0.709 -0.643 -0.587 -0.562 -0.567 -0.561 -0.578 -0.607 -0.642 -0.666 -0.692 -0.727 -0.785 -0.802 -0.797 -0.743 -0.673 -0.554 -0.449 -0.361 -0.353 -0.275 -0.2 -0.114 -0.059 -0.012 -0.045 -0.122 -0.187 -0.21 -0.284 -0.333 -0.364 -0.417 -0.491 -0.492 -0.431 -0.364 -0.257 -0.111 0.063 0.139 0.279
-0.732 -0.788 -0.81 -0.803 -0.779 -0.751 -0.729 -0.719 -0.725 -0.744 -0.771 -0.8 -0.826 -0.848 -0.865 -0.877 -0.884 -0.881 -0.874 -0.876 -0.882 -0.888 -0.895 -0.902 -0.908 -0.914 -0.915 -0.908 -0.903 -0.889 -0.89 -0.857 -0.81 -0.762 -0.701 -0.654 -0.638 -0.649 -0.661 -0.675 -0.698 -0.718 -0.734 -0.755 -0.784 -0.818 -0.833 -0.83 -0.801 -0.737 -0.613 -0.491 -0.397 -0.402 -0.304 -0.221 -0.113 -0.01 0.021 -0.023 -0.025 -0.064 -0.091 -0.173 -0.201 -0.24 -0.285 -0.416 -0.479 -0.439 -0.374 -0.266 -0.155 -0.022 0.067 0.225
-0.813 -0.847 -0.851 -0.836 -0.812 -0.789 -0.774 -0.77 -0.776 -0.789 -0.806 -0.822 -0.836 -0.846 -0.856 -0.864 -0.859 -0.837 -0.825 -0.843 -0.872 -0.882 -0.89 -0.895 -0.897 -0.896 -0.901 -0.906 -0.911 -0.911 -0.907 -0.865 -0.822 -0.776 -0.735 -0.705 -0.704 -0.723 -0.744 -0.76 -0.779 -0.784 -0.789 -0.799 -0.814 -0.838 -0.846 -0.847 -0.837 -0.791 -0.709 -0.595 -0.501 -0.479 -0.369 -0.277 -0.146 -0.017 0.009 0.038 0.077 0.046 -0.004 -0.068 -0.065 -0.107 -0.148 -0.32 -0.438 -0.422 -0.358 -0.317 -0.204 -0.118 0.016 0.121
-0.859 -0.876 -0.872 -0.854 -0.833 -0.815 -0.805 -0.804 -0.809 -0.816 -0.823 -0.826 -0.827 -0.827 -0.828 -0.829 -0.821 -0.802 -0.819 -0.848 -0.868 -0.874 -0.88 -0.878 -0.867 -0.857 -0.872 -0.893 -0.905 -0.92 -0.903 -0.849 -0.784 -0.725 -0.695 -0.675 -0.692 -0.724 -0.746 -0.77 -0.802 -0.805 -0.81 -0.818 -0.828 -0.851 -0.85 -0.851 -0.848 -0.8 -0.743 -0.68 -0.619 -0.567 -0.461 -0.333 -0.194 -0.048 -0.024 0.066 0.133 0.115 0.079 0.058 0.071 0.032 -0.048 -0.236 -0.384 -0.388 -0.366 -0.342 -0.265 -0.189 -0.084 -0.001
-0.874 -0.886 -0.879 -0.862 -0.844 -0.83 -0.823 -0.822 -0.825 -0.827 -0.824 -0.812 -0.8 -0.785 -0.779 -0.792 -0.809 -0.824 -0.846 -0.861 -0.869 -0.87 -0.865 -0.847 -0.822 -0.817 -0.836 -0.87 -0.887 -0.916 -0.888 -0.823 -0.748 -0.679 -0.658 -0.649 -0.678 -0.709 -0.735 -0.766 -0.789 -0.801 -0.813 -0.824 -0.837 -0.852 -0.85 -0.846 -0.846 -0.785 -0.729 -0.674 -0.666 -0.636 -0.532 -0.387 -0.252 -0.132 -0.082 0.068 0.147 0.168 0.202 0.199 0.205 0.143 0.021 -0.158 -0.328 -0.394 -0.41 -0.385 -0.325 -0.28 -0.205 -0.082
