data/climatemaps/RS_maps/climate_winter_tmin_2016.asc
NCOLS 369 
NROWS 228 
XLLCORNER 479000 
YLLCORNER 73000 
CELLSIZE 1000 
NODATA_value -9 
[rows 102 to 135 of 228, columns 0 to 76 of 369]
-9 -9 -9 -9 -9 -9 -9 -9 -9 -9 -9 -9 -9 -9 -9 -9 -9 -9 -9 -9 -9 -9 -9 -9 -9 -9 -9 -9 -9 -9 -9 -9 0.734 0.726 0.721 0.775 0.791 0.786 0.77 0.721 0.644 0.578 0.597 0.603 0.582 0.512 0.461 0.456 0.479 0.491 0.468 0.464 0.466 0.472 0.473 0.473 0.505 0.544 0.628 0.676 0.672 0.753 0.771 0.72 0.604 0.384 0.341 0.335 0.291 0.332 0.438 0.656 0.808 0.895 0.904 0.916 0.926
-9 -9 -9 -9 -9 -9 -9 -9 -9 -9 -9 -9 -9 -9 -9 -9 -9 -9 -9 -9 -9 -9 -9 -9 -9 -9 -9 -9 -9 -9 -9 -9 0.735 0.742 0.777 0.792 0.788 0.783 0.751 0.65 0.613 0.637 0.616 0.56 0.479 0.465 0.454 0.466 0.482 0.514 0.536 0.53 0.524 0.522 0.509 0.487 0.536 0.638 0.718 0.768 0.757 0.706 0.651 0.522 0.398 0.323 0.269 0.29 0.365 0.522 0.658 0.792 0.871 0.934 0.939 0.945 0.936
-9 -9 -9 -9 -9 -9 -9 -9 -9 -9 -9 -9 -9 -9 -9 -9 -9 -9 -9 -9 -9 -9 -9 -9 -9 -9 -9 -9 -9 -9 -9 -9 0.765 0.783 0.799 0.793 0.788 0.781 0.747 0.671 0.674 0.642 0.563 0.464 0.423 0.46 0.489 0.525 0.574 0.605 0.608 0.586 0.582 0.608 0.621 0.553 0.692 0.777 0.788 0.737 0.636 0.537 0.476 0.414 0.384 0.352 0.335 0.42 0.589 0.735 0.823 0.877 0.931 0.966 0.968 0.957 0.946
-9 -9 -9 -9 -9 -9 -9 -9 -9 -9 -9 -9 -9 -9 -9 -9 -9 -9 -9 -9 -9 -9 -9 -9 -9 -9 -9 -9 -9 -9 -9 -9 0.79 0.798 0.799 0.797 0.787 0.774 0.761 0.725 0.667 0.602 0.488 0.449 0.478 0.54 0.591 0.626 0.632 0.603 0.574 0.562 0.58 0.673 0.727 0.704 0.791 0.799 0.746 0.616 0.515 0.472 0.421 0.394 0.398 0.379 0.455 0.648 0.767 0.844 0.9 0.943 0.987 0.978 0.974 0.965 0.953
-9 -9 -9 -9 -9 -9 -9 -9 -9 -9 -9 -9 -9 -9 -9 -9 -9 -9 -9 -9 -9 -9 -9 -9 -9 -9 -9 -9 -9 -9 -9 -9 -9 0.801 0.799 0.796 0.783 0.764 0.739 0.732 0.608 0.543 0.501 0.522 0.571 0.638 0.628 0.568 0.531 0.494 0.475 0.489 0.535 0.629 0.718 0.78 0.72 0.706 0.627 0.528 0.484 0.432 0.389 0.428 0.466 0.481 0.635 0.778 0.861 0.92 0.963 0.994 1.001 0.989 0.978 0.969 0.962
-9 -9 -9 -9 -9 -9 -9 -9 -9 -9 -9 -9 -9 -9 -9 -9 -9 -9 -9 -9 -9 -9 -9 -9 -9 -9 -9 -9 -9 -9 -9 -9 -9 0.794 0.78 0.78 0.764 0.691 0.682 0.674 0.566 0.55 0.571 0.612 0.643 0.595 0.5 0.466 0.448 0.45 0.474 0.539 0.643 0.701 0.688 0.622 0.546 0.552 0.465 0.442 0.441 0.429 0.464 0.519 0.556 0.633 0.761 0.84 0.906 0.968 1.009 1.014 1.007 0.996 0.984 0.978 0.97
-9 -9 -9 -9 -9 -9 -9 -9 -9 -9 -9 -9 -9 -9 -9 -9 -9 -9 -9 -9 -9 -9 -9 -9 -9 -9 -9 -9 -9 -9 -9 -9 -9 0.768 0.762 0.73 0.66 0.625 0.64 0.728 0.617 0.628 0.668 0.658 0.573 0.485 0.456 0.469 0.482 0.51 0.56 0.646 0.615 0.559 0.471 0.387 0.397 0.44 0.407 0.416 0.437 0.47 0.519 0.529 0.537 0.636 0.796 0.878 0.945 1.015 1.029 1.023 1.015 1.004 0.996 0.987 0.978
-9 -9 -9 -9 -9 -9 -9 -9 -9 -9 -9 -9 -9 -9 -9 -9 -9 -9 -9 -9 -9 -9 -9 -9 -9 -9 -9 -9 -9 -9 -9 -9 -9 0.683 0.67 0.646 0.629 0.629 0.656 0.729 0.726 0.696 0.63 0.543 0.487 0.478 0.489 0.514 0.546 0.588 0.612 0.59 0.385 0.35 0.339 0.307 0.363 0.397 0.407 0.429 0.433 0.465 0.495 0.482 0.513 0.674 0.84 0.913 0.988 1.042 1.037 1.031 1.023 1.014 1.002 0.997 0.986
-9 -9 -9 -9 -9 -9 -9 -9 -9 -9 -9 -9 -9 -9 -9 -9 -9 -9 -9 -9 -9 -9 -9 -9 -9 -9 -9 -9 -9 -9 -9 -9 -9 0.654 0.657 0.653 0.666 0.699 0.73 0.728 0.654 0.595 0.514 0.466 0.484 0.512 0.544 0.563 0.585 0.557 0.585 0.394 0.329 0.288 0.321 0.367 0.453 0.456 0.435 0.474 0.497 0.591 0.639 0.679 0.761 0.866 0.93 0.976 1.033 1.05 1.045 1.039 1.029 1.023 1.011 1.005 0.992
-9 -9 -9 -9 -9 -9 -9 -9 -9 -9 -9 -9 -9 -9 -9 -9 -9 -9 -9 -9 -9 -9 -9 -9 -9 -9 -9 -9 -9 -9 -9 -9 -9 0.668 0.709 0.723 0.747 0.747 0.66 0.688 0.577 0.506 0.5 0.485 0.495 0.523 0.556 0.566 0.536 0.515 0.526 0.431 0.275 0.315 0.416 0.487 0.483 0.53 0.598 0.671 0.725 0.773 0.821 0.902 0.98 1.022 1.043 1.057 1.064 1.06 1.055 1.045 1.042 1.029 1.022 1.009 0.985
-9 -9 -9 -9 -9 -9 -9 -9 -9 -9 -9 -9 -9 -9 -9 -9 -9 -9 -9 -9 -9 -9 -9 -9 -9 -9 -9 -9 -9 -9 -9 -9 0.672 0.708 0.709 0.716 0.745 0.713 0.655 0.652 0.593 0.565 0.544 0.513 0.479 0.501 0.537 0.528 0.513 0.528 0.414 0.298 0.288 0.404 0.485 0.507 0.555 0.722 0.848 0.872 0.891 0.912 0.967 1.022 1.056 1.078 1.081 1.077 1.074 1.067 1.066 1.053 1.051 1.039 1.024 1.001 0.977
-9 -9 -9 -9 -9 -9 -9 -9 -9 -9 -9 -9 -9 -9 -9 -9 -9 -9 -9 -9 -9 -9 -9 -9 -9 -9 -9 -9 -9 -9 -9 -9 0.715 0.713 0.69 0.731 0.753 0.7 0.641 0.633 0.57 0.562 0.538 0.516 0.509 0.531 0.552 0.56 0.56 0.485 0.37 0.327 0.411 0.493 0.551 0.67 0.84 0.939 0.973 0.998 1.022 1.048 1.074 1.069 1.08 1.093 1.091 1.087 1.083 1.077 1.073 1.064 1.052 1.024 0.997 0.987 0.978
-9 -9 -9 -9 -9 -9 -9 -9 -9 -9 -9 -9 -9 -9 -9 -9 -9 -9 -9 -9 -9 -9 -9 -9 -9 -9 -9 -9 -9 -9 -9 -9 0.73 0.704 0.725 0.775 0.734 0.634 0.604 0.617 0.543 0.521 0.501 0.501 0.533 0.565 0.574 0.564 0.528 0.519 0.476 0.513 0.534 0.593 0.761 0.947 0.988 1.002 1.01 1.038 1.065 1.082 1.09 1.094 1.1 1.099 1.102 1.099 1.09 1.089 1.08 1.071 1.022 0.955 0.947 0.977 0.983
-9 -9 -9 -9 -9 -9 -9 -9 -9 -9 -9 -9 -9 -9 -9 -9 -9 -9 -9 -9 -9 -9 -9 -9 -9 -9 -9 -9 -9 -9 -9 0.749 0.726 0.724 0.769 0.767 0.676 0.605 0.585 0.599 0.51 0.476 0.482 0.506 0.551 0.558 0.557 0.527 0.506 0.585 0.604 0.65 0.672 0.772 0.954 0.985 0.968 0.99 1.021 1.049 1.075 1.089 1.106 1.109 1.111 1.106 1.105 1.105 1.101 1.094 1.088 1.053 0.956 0.939 0.951 0.949 0.975
-9 -9 -9 -9 -9 -9 -9 -9 -9 -9 -9 -9 -9 -9 -9 -9 -9 -9 -9 -9 -9 -9 -9 -9 -9 -9 -9 -9 -9 0.736 0.779 0.765 0.736 0.769 0.778 0.712 0.625 0.591 0.61 0.587 0.502 0.465 0.473 0.506 0.538 0.535 0.502 0.461 0.501 0.544 0.569 0.617 0.829 0.947 0.986 0.984 0.995 1.011 1.034 1.057 1.09 1.109 1.115 1.116 1.117 1.12 1.112 1.111 1.11 1.096 1.064 0.987 0.937 0.947 0.946 0.967 0.96
-9 -9 -9 -9 -9 -9 -9 -9 -9 -9 -9 -9 -9 -9 -9 -9 -9 -9 -9 -9 -9 -9 -9 -9 -9 -9 -9 -9 0.699 0.73 0.744 0.782 0.766 0.788 0.726 0.646 0.609 0.602 0.62 0.6 0.493 0.447 0.467 0.507 0.513 0.481 0.438 0.396 0.433 0.54 0.635 0.709 0.918 0.984 1.005 1.022 1.041 1.055 1.07 1.095 1.117 1.118 1.121 1.122 1.11 1.113 1.113 1.116 1.107 1.072 0.988 0.945 0.949 0.951 0.951 0.952 0.921
-9 -9 -9 -9 -9 -9 -9 -9 -9 -9 -9 -9 -9 -9 -9 -9 -9 -9 -9 -9 -9 -9 -9 -9 -9 -9 0.629 0.683 0.692 0.68 0.735 0.767 0.797 0.763 0.665 0.62 0.62 0.658 0.644 0.615 0.515 0.487 0.512 0.497 0.482 0.466 0.445 0.393 0.476 0.67 0.847 0.9 0.958 0.997 1.024 1.056 1.072 1.08 1.103 1.112 1.12 1.125 1.115 1.094 1.078 1.088 1.108 1.108 1.075 1.006 0.941 0.94 0.948 0.937 0.964 0.908 0.89
-9 -9 -9 -9 -9 -9 -9 -9 -9 -9 -9 -9 -9 -9 -9 -9 -9 -9 -9 -9 -9 -9 -9 -9 -9 0.619 0.659 0.662 0.662 0.696 0.723 0.788 0.798 0.745 0.696 0.665 0.68 0.702 0.658 0.634 0.566 0.54 0.553 0.53 0.527 0.506 0.429 0.404 0.57 0.808 0.938 0.949 0.977 1.004 1.036 1.074 1.056 1.083 1.118 1.116 1.123 1.117 1.081 1.04 1.055 1.086 1.1 1.071 1.032 0.976 0.949 0.939 0.933 0.959 0.941 0.879 0.892
-9 -9 -9 -9 -9 -9 -9 -9 -9 -9 -9 -9 -9 -9 -9 -9 -9 -9 -9 -9 -9 -9 -9 0.653 0.632 0.632 0.605 0.655 0.697 0.751 0.785 0.818 0.784 0.731 0.694 0.687 0.722 0.699 0.662 0.637 0.613 0.599 0.607 0.615 0.554 0.438 0.343 0.45 0.716 0.913 0.959 0.97 1.016 1.046 1.077 1.078 1.054 1.095 1.12 1.125 1.123 1.093 1.043 1.026 1.057 1.07 1.075 1.036 1.022 0.984 0.961 0.933 0.948 0.963 0.919 0.878 0.934
-9 -9 -9 -9 -9 -9 -9 -9 -9 -9 -9 -9 -9 -9 -9 -9 -9 -9 -9 -9 -9 -9 0.681 0.628 0.626 0.62 0.625 0.708 0.758 0.787 0.811 0.786 0.759 0.741 0.721 0.743 0.704 0.627 0.558 0.615 0.663 0.679 0.622 0.523 0.413 0.409 0.438 0.626 0.85 0.953 0.972 0.998 1.048 1.072 1.104 1.1 1.104 1.12 1.124 1.132 1.121 1.079 1.045 1.055 1.032 1.034 1.064 1.022 1.004 0.967 0.96 0.943 0.957 0.949 0.914 0.927 0.972
-9 -9 -9 -9 -9 -9 -9 -9 -9 -9 -9 -9 -9 -9 -9 -9 -9 -9 -9 -9 -9 0.699 0.669 0.625 0.6 0.635 0.67 0.728 0.728 0.736 0.761 0.731 0.699 0.728 0.764 0.726 0.635 0.465 0.477 0.649 0.752 0.619 0.52 0.476 0.442 0.514 0.641 0.832 0.934 0.983 1.012 1.049 1.07 1.101 1.113 1.119 1.128 1.127 1.129 1.118 1.103 1.076 1.061 1.05 1.04 1.075 1.052 1.022 0.983 0.959 0.961 0.956 0.958 0.955 0.949 0.979 0.964
-9 -9 -9 -9 -9 -9 -9 -9 -9 -9 -9 -9 -9 -9 -9 -9 -9 -9 -9 -9 0.71 0.67 0.663 0.61 0.586 0.664 0.695 0.688 0.7 0.735 0.765 0.744 0.744 0.753 0.695 0.629 0.559 0.457 0.498 0.738 0.72 0.584 0.572 0.603 0.628 0.75 0.837 0.897 0.952 0.988 1.029 1.063 1.097 1.118 1.119 1.127 1.126 1.123 1.089 1.093 1.091 1.067 1.051 1.049 1.087 1.104 1.038 1.003 0.958 0.955 0.966 0.959 0.948 0.957 0.976 0.939 0.945
-9 -9 -9 -9 -9 -9 -9 -9 -9 -9 -9 -9 -9 -9 -9 -9 -9 -9 -9 0.707 0.68 0.632 0.61 0.584 0.63 0.663 0.669 0.694 0.735 0.766 0.753 0.732 0.702 0.661 0.608 0.544 0.488 0.425 0.517 0.711 0.793 0.736 0.704 0.74 0.818 0.888 0.909 0.919 0.96 0.994 1.049 1.081 1.115 1.121 1.129 1.126 1.077 1.074 1.064 1.088 1.077 1.052 1.032 1.06 1.105 1.096 1.034 0.995 0.95 0.951 0.947 0.933 0.951 0.965 0.952 0.927 0.972
-9 -9 -9 -9 -9 -9 -9 -9 -9 -9 -9 -9 -9 -9 -9 -9 -9 -9 0.721 0.656 0.58 0.563 0.599 0.635 0.694 0.674 0.702 0.739 0.762 0.758 0.694 0.631 0.588 0.576 0.558 0.521 0.481 0.431 0.479 0.682 0.836 0.827 0.841 0.87 0.89 0.918 0.963 0.972 0.996 1.023 1.071 1.097 1.125 1.128 1.135 1.118 1.047 1.049 1.045 1.079 1.055 1.011 1.017 1.071 1.113 1.086 1.041 0.974 0.922 0.92 0.914 0.945 0.948 0.937 0.958 0.953 1.017
-9 -9 -9 -9 -9 -9 -9 -9 -9 -9 -9 -9 -9 -9 -9 -9 -9 0.74 0.669 0.567 0.561 0.609 0.655 0.688 0.699 0.731 0.758 0.75 0.737 0.686 0.612 0.56 0.548 0.564 0.558 0.543 0.522 0.493 0.565 0.723 0.867 0.875 0.885 0.841 0.74 0.833 0.9 0.971 0.999 1.045 1.064 1.093 1.138 1.142 1.142 1.113 1.07 1.045 1.052 1.073 1.042 0.998 1.026 1.078 1.114 1.095 1.043 0.971 0.942 0.91 0.919 0.948 0.924 0.961 0.979 0.987 1.046
-9 -9 -9 -9 -9 -9 -9 -9 -9 -9 -9 -9 -9 -9 -9 -9 0.71 0.626 0.577 0.583 0.637 0.671 0.677 0.684 0.721 0.772 0.74 0.684 0.645 0.594 0.553 0.527 0.552 0.569 0.586 0.61 0.623 0.661 0.806 0.856 0.835 0.782 0.725 0.685 0.735 0.851 0.917 0.988 1.008 1.058 1.061 1.088 1.146 1.151 1.148 1.128 1.094 1.062 1.067 1.072 1.04 1.013 1.037 1.095 1.109 1.095 1.046 0.991 0.959 0.939 0.941 0.927 0.955 1.003 1.033 1.073 1.019
-9 -9 -9 -9 -9 -9 -9 -9 -9 -9 -9 -9 -9 -9 -9 0.662 0.588 0.565 0.606 0.642 0.662 0.679 0.677 0.703 0.745 0.721 0.652 0.606 0.574 0.527 0.519 0.54 0.567 0.61 0.624 0.647 0.696 0.795 0.804 0.704 0.705 0.699 0.689 0.73 0.843 0.905 0.942 1.002 1.025 1.064 1.072 1.113 1.161 1.165 1.154 1.125 1.095 1.069 1.078 1.071 1.039 1.023 1.06 1.106 1.099 1.093 1.04 0.984 0.961 0.934 0.932 0.946 1 1.009 1.059 1.077 0.989
-9 -9 -9 -9 -9 -9 -9 -9 -9 -9 -9 -9 -9 0.757 0.676 0.586 0.56 0.603 0.638 0.656 0.684 0.705 0.715 0.694 0.686 0.645 0.592 0.576 0.549 0.53 0.523 0.568 0.592 0.611 0.612 0.618 0.685 0.703 0.613 0.634 0.727 0.7 0.713 0.743 0.852 0.936 0.965 1.015 1.039 1.075 1.103 1.147 1.178 1.178 1.158 1.122 1.091 1.072 1.086 1.067 1.045 1.038 1.084 1.112 1.095 1.086 1.032 0.969 0.933 0.94 0.948 0.975 1.017 1.012 1.07 1.027 0.962
-9 -9 -9 -9 -9 -9 -9 -9 -9 -9 -9 -9 0.799 0.696 0.622 0.595 0.626 0.675 0.687 0.708 0.721 0.713 0.627 0.598 0.643 0.638 0.609 0.598 0.567 0.539 0.545 0.582 0.595 0.614 0.632 0.667 0.695 0.572 0.598 0.698 0.748 0.636 0.603 0.693 0.848 0.939 0.978 1.03 1.059 1.098 1.131 1.174 1.192 1.191 1.152 1.123 1.095 1.079 1.092 1.069 1.057 1.069 1.099 1.102 1.092 1.077 1.034 0.97 0.921 0.95 0.972 1.013 1.04 1.07 1.055 0.958 0.927
-9 -9 -9 -9 -9 -9 -9 -9 -9 -9 -9 0.857 0.782 0.697 0.635 0.678 0.725 0.746 0.76 0.706 0.687 0.647 0.569 0.6 0.633 0.63 0.614 0.581 0.532 0.524 0.527 0.58 0.641 0.667 0.715 0.761 0.705 0.601 0.675 0.717 0.673 0.596 0.638 0.798 0.915 0.968 1.007 1.06 1.09 1.124 1.151 1.182 1.2 1.197 1.135 1.124 1.098 1.091 1.101 1.077 1.078 1.095 1.1 1.097 1.091 1.061 1.029 0.99 0.95 0.957 0.988 1.055 1.104 1.085 0.98 0.908 0.899
-9 -9 -9 -9 -9 -9 -9 -9 -9 -9 0.936 0.895 0.81 0.75 0.716 0.776 0.814 0.782 0.713 0.656 0.601 0.623 0.577 0.58 0.614 0.601 0.575 0.546 0.484 0.468 0.551 0.647 0.699 0.73 0.759 0.784 0.722 0.677 0.715 0.696 0.627 0.657 0.794 0.912 0.978 1.007 1.052 1.091 1.114 1.151 1.175 1.184 1.196 1.187 1.123 1.125 1.116 1.111 1.107 1.097 1.102 1.107 1.097 1.097 1.094 1.053 1.026 1.015 0.995 0.996 1.049 1.127 1.095 1.012 0.941 0.877 0.869
-9 -9 -9 -9 -9 -9 -9 -9 -9 -9 0.89 0.901 0.869 0.776 0.796 0.805 0.771 0.697 0.615 0.567 0.592 0.618 0.575 0.558 0.559 0.566 0.54 0.506 0.466 0.546 0.665 0.724 0.746 0.777 0.79 0.78 0.676 0.644 0.696 0.668 0.69 0.788 0.912 0.977 1.027 1.06 1.103 1.128 1.147 1.191 1.206 1.185 1.208 1.194 1.131 1.138 1.132 1.137 1.125 1.12 1.125 1.121 1.101 1.102 1.086 1.043 1.028 1.03 1.04 1.058 1.089 1.132 1.046 0.976 0.941 0.868 0.844
-9 -9 -9 -9 -9 -9 -9 -9 -9 0.803 0.792 0.818 0.848 0.848 0.82 0.762 0.706 0.612 0.554 0.549 0.581 0.621 0.593 0.563 0.535 0.533 0.501 0.496 0.54 0.658 0.723 0.754 0.788 0.808 0.771 0.684 0.576 0.545 0.673 0.738 0.803 0.906 0.985 1.035 1.078 1.117 1.133 1.15 1.162 1.19 1.213 1.225 1.24 1.185 1.148 1.158 1.152 1.157 1.149 1.142 1.141 1.122 1.105 1.098 1.074 1.036 1.023 1.033 1.07 1.089 1.12 1.126 1.068 1.001 0.958 0.868 0.844
-9 -9 -9 -9 -9 -9 -9 -9 0.806 0.776 0.775 0.79 0.819 0.839 0.792 0.734 0.649 0.597 0.559 0.564 0.586 0.639 0.594 0.554 0.527 0.51 0.506 0.561 0.637 0.716 0.759 0.808 0.815 0.766 0.608 0.563 0.557 0.567 0.704 0.814 0.895 0.978 1.043 1.091 1.126 1.14 1.148 1.185 1.16 1.172 1.194 1.239 1.256 1.179 1.169 1.174 1.171 1.175 1.165 1.159 1.142 1.116 1.108 1.081 1.064 1.014 0.999 1.033 1.074 1.108 1.112 1.097 1.078 1.037 0.976 0.881 0.844
