data/climatemaps/RS_maps/climate_winter_tmin_2012.asc
NCOLS 369 
NROWS 228 
XLLCORNER 479000 
YLLCORNER 73000 
CELLSIZE 1000 
NODATA_value -9 
[rows 34 to 67 of 228, columns 228 to 303 of 369]
0.784 0.779 0.819 0.82 0.793 0.765 0.764 0.752 0.735 0.722 0.733 0.777 0.787 0.788 0.789 0.799 0.786 0.783 0.792 0.796 0.782 0.805 0.804 0.799 0.785 0.765 0.748 0.722 0.708 0.697 0.712 0.725 0.727 0.741 0.744 0.757 0.774 0.776 0.779 0.787 0.793 0.797 0.804 0.804 0.804 0.803 0.801 0.801 0.796 0.795 0.79 0.79 0.782 0.78 0.779 0.774 0.769 0.768 0.767 0.759 0.757 0.757 0.751 0.751 0.751 0.749 0.738 0.658 0.452 0.26 -9 -9 -9 -9 -9 -9
0.753 0.756 0.77 0.808 0.813 0.801 0.791 0.742 0.706 0.746 0.801 0.824 0.819 0.805 0.798 0.78 0.755 0.754 0.744 0.776 0.773 0.778 0.781 0.792 0.784 0.761 0.713 0.7 0.683 0.685 0.7 0.699 0.7 0.713 0.721 0.732 0.745 0.75 0.758 0.764 0.775 0.78 0.795 0.796 0.796 0.796 0.792 0.792 0.793 0.786 0.78 0.78 0.778 0.778 0.775 0.768 0.763 0.762 0.757 0.753 0.751 0.747 0.746 0.745 0.745 0.741 0.737 0.637 0.39 0.219 -9 -9 -9 -9 -9 -9
0.742 0.74 0.755 0.797 0.832 0.833 0.826 0.816 0.808 0.825 0.836 0.821 0.802 0.791 0.762 0.724 0.711 0.722 0.727 0.734 0.73 0.742 0.742 0.726 0.729 0.756 0.706 0.682 0.679 0.697 0.706 0.697 0.692 0.695 0.708 0.714 0.726 0.739 0.75 0.755 0.767 0.773 0.779 0.787 0.79 0.789 0.785 0.784 0.785 0.779 0.778 0.778 0.774 0.768 0.763 0.762 0.762 0.757 0.751 0.748 0.745 0.742 0.741 0.737 0.737 0.736 0.733 0.652 0.362 0.218 0.328 -9 -9 -9 -9 -9
0.708 0.7 0.757 0.798 0.822 0.828 0.818 0.824 0.827 0.814 0.81 0.795 0.782 0.749 0.712 0.689 0.654 0.634 0.666 0.688 0.685 0.682 0.682 0.689 0.689 0.709 0.719 0.678 0.68 0.708 0.71 0.702 0.689 0.685 0.687 0.689 0.697 0.707 0.723 0.743 0.758 0.772 0.777 0.779 0.783 0.784 0.78 0.779 0.779 0.778 0.773 0.769 0.766 0.762 0.762 0.756 0.752 0.746 0.746 0.745 0.739 0.738 0.736 0.726 0.722 0.721 0.709 0.627 0.358 0.303 0.468 0.493 -9 -9 -9 -9
0.704 0.736 0.773 0.781 0.797 0.811 0.824 0.813 0.793 0.784 0.788 0.787 0.752 0.711 0.663 0.645 0.624 0.589 0.634 0.656 0.639 0.638 0.643 0.667 0.671 0.678 0.722 0.7 0.716 0.708 0.688 0.684 0.688 0.682 0.674 0.662 0.663 0.661 0.673 0.699 0.721 0.746 0.763 0.765 0.77 0.77 0.772 0.773 0.773 0.77 0.767 0.762 0.755 0.751 0.75 0.749 0.745 0.744 0.743 0.738 0.73 0.73 0.726 0.721 0.712 0.707 0.683 0.567 0.453 0.473 0.571 0.578 -9 -9 -9 -9
0.759 0.77 0.773 0.765 0.748 0.799 0.815 0.811 0.799 0.794 0.782 0.768 0.742 0.67 0.664 0.633 0.595 0.626 0.669 0.618 0.614 0.616 0.626 0.668 0.666 0.661 0.71 0.725 0.695 0.66 0.645 0.637 0.652 0.649 0.652 0.642 0.634 0.628 0.629 0.645 0.67 0.698 0.713 0.725 0.744 0.754 0.766 0.766 0.762 0.759 0.754 0.753 0.748 0.739 0.74 0.74 0.736 0.734 0.73 0.729 0.725 0.724 0.718 0.713 0.708 0.699 0.691 0.635 0.598 0.581 0.562 0.457 -9 -9 -9 -9
0.732 0.716 0.725 0.754 0.755 0.729 0.758 0.78 0.791 0.792 0.793 0.778 0.758 0.701 0.657 0.651 0.645 0.661 0.68 0.634 0.648 0.653 0.661 0.677 0.661 0.661 0.707 0.7 0.646 0.637 0.627 0.619 0.624 0.609 0.617 0.625 0.635 0.62 0.607 0.611 0.63 0.65 0.663 0.679 0.705 0.73 0.737 0.749 0.74 0.73 0.706 0.704 0.716 0.717 0.733 0.732 0.728 0.727 0.724 0.721 0.715 0.715 0.715 0.708 0.706 0.699 0.699 0.664 0.571 0.465 0.384 0.28 -9 -9 -9 -9
0.665 0.707 0.709 0.735 0.739 0.696 0.683 0.725 0.756 0.774 0.787 0.776 0.754 0.701 0.658 0.674 0.657 0.68 0.713 0.694 0.701 0.698 0.679 0.661 0.662 0.694 0.707 0.682 0.644 0.63 0.615 0.601 0.589 0.551 0.555 0.577 0.592 0.614 0.601 0.597 0.597 0.626 0.628 0.648 0.672 0.681 0.678 0.681 0.638 0.594 0.567 0.598 0.666 0.68 0.702 0.713 0.716 0.715 0.715 0.712 0.709 0.709 0.708 0.705 0.704 0.696 0.695 0.639 0.514 0.4 0.301 0.243 0.342 -9 -9 -9
0.609 0.64 0.676 0.646 0.701 0.7 0.669 0.704 0.709 0.75 0.768 0.749 0.741 0.712 0.698 0.691 0.692 0.726 0.735 0.725 0.709 0.685 0.674 0.665 0.697 0.712 0.687 0.652 0.625 0.607 0.595 0.554 0.5 0.46 0.458 0.472 0.544 0.588 0.595 0.578 0.567 0.575 0.584 0.615 0.621 0.591 0.573 0.53 0.457 0.423 0.459 0.534 0.573 0.58 0.587 0.619 0.645 0.687 0.705 0.701 0.698 0.701 0.697 0.699 0.693 0.694 0.689 0.671 0.58 0.428 0.313 0.308 0.412 -9 -9 -9
0.522 0.578 0.628 0.621 0.644 0.684 0.721 0.724 0.727 0.745 0.717 0.702 0.715 0.717 0.718 0.734 0.738 0.737 0.727 0.726 0.721 0.71 0.704 0.703 0.697 0.659 0.642 0.617 0.586 0.586 0.566 0.494 0.444 0.402 0.366 0.403 0.483 0.571 0.566 0.492 0.518 0.533 0.553 0.585 0.529 0.457 0.427 0.363 0.317 0.353 0.418 0.43 0.425 0.42 0.404 0.438 0.499 0.58 0.643 0.686 0.694 0.695 0.69 0.69 0.688 0.686 0.682 0.678 0.617 0.513 0.442 0.431 0.386 -9 -9 -9
0.563 0.524 0.645 0.614 0.655 0.677 0.668 0.688 0.716 0.721 0.671 0.686 0.687 0.712 0.717 0.732 0.713 0.699 0.693 0.698 0.706 0.708 0.7 0.676 0.628 0.603 0.604 0.601 0.584 0.569 0.53 0.471 0.417 0.396 0.377 0.441 0.481 0.537 0.518 0.438 0.499 0.5 0.532 0.52 0.417 0.351 0.331 0.287 0.259 0.277 0.344 0.356 0.333 0.356 0.292 0.314 0.434 0.521 0.627 0.682 0.685 0.685 0.684 0.684 0.679 0.678 0.678 0.668 0.53 0.424 0.37 0.318 0.216 -9 -9 -9
0.597 0.558 0.638 0.559 0.595 0.631 0.642 0.659 0.707 0.7 0.66 0.664 0.649 0.678 0.679 0.71 0.69 0.669 0.648 0.619 0.664 0.676 0.668 0.642 0.598 0.589 0.584 0.58 0.583 0.555 0.513 0.465 0.4 0.398 0.351 0.431 0.483 0.542 0.482 0.464 0.491 0.469 0.462 0.493 0.427 0.395 0.308 0.231 0.184 0.213 0.276 0.293 0.271 0.326 0.307 0.375 0.53 0.626 0.668 0.679 0.679 0.678 0.674 0.673 0.667 0.666 0.662 0.651 0.485 0.262 0.141 0.085 0.049 -9 -9 -9
0.623 0.613 0.604 0.541 0.542 0.58 0.642 0.654 0.686 0.653 0.614 0.594 0.585 0.625 0.626 0.669 0.682 0.653 0.637 0.622 0.638 0.634 0.626 0.635 0.602 0.577 0.561 0.562 0.561 0.524 0.484 0.462 0.424 0.401 0.432 0.48 0.514 0.519 0.456 0.456 0.419 0.373 0.368 0.398 0.376 0.392 0.291 0.23 0.184 0.166 0.179 0.232 0.271 0.344 0.391 0.463 0.591 0.668 0.673 0.672 0.668 0.668 0.667 0.665 0.656 0.655 0.649 0.629 0.42 0.162 0.005 -0.054 0.021 -9 -9 -9
0.594 0.56 0.538 0.518 0.526 0.563 0.6 0.621 0.646 0.606 0.578 0.55 0.57 0.596 0.593 0.633 0.67 0.607 0.568 0.566 0.573 0.585 0.571 0.582 0.571 0.577 0.543 0.542 0.537 0.52 0.502 0.47 0.44 0.435 0.497 0.52 0.511 0.454 0.423 0.381 0.333 0.304 0.266 0.257 0.281 0.353 0.315 0.257 0.191 0.16 0.119 0.14 0.192 0.254 0.354 0.441 0.549 0.619 0.667 0.667 0.665 0.667 0.658 0.656 0.641 0.64 0.632 0.594 0.428 0.2 0.048 -0.125 -0.108 -9 -9 -9
0.602 0.559 0.551 0.503 0.498 0.536 0.537 0.581 0.614 0.549 0.539 0.514 0.542 0.545 0.561 0.626 0.65 0.577 0.501 0.483 0.458 0.501 0.509 0.545 0.546 0.555 0.551 0.536 0.525 0.501 0.498 0.473 0.469 0.485 0.496 0.512 0.462 0.391 0.361 0.316 0.271 0.246 0.211 0.21 0.231 0.259 0.275 0.262 0.21 0.129 0.15 0.211 0.267 0.376 0.507 0.607 0.652 0.656 0.657 0.656 0.657 0.655 0.655 0.649 0.641 0.634 0.621 0.556 0.477 0.339 0.166 -0.075 -0.16 0.03 -9 -9
0.613 0.556 0.568 0.534 0.506 0.493 0.506 0.544 0.566 0.511 0.479 0.472 0.497 0.504 0.52 0.617 0.635 0.571 0.547 0.535 0.505 0.474 0.481 0.45 0.467 0.496 0.486 0.499 0.487 0.443 0.441 0.406 0.436 0.45 0.443 0.46 0.431 0.364 0.318 0.26 0.235 0.247 0.236 0.206 0.156 0.151 0.177 0.146 0.132 0.159 0.242 0.366 0.468 0.569 0.639 0.655 0.656 0.652 0.651 0.646 0.645 0.645 0.642 0.64 0.638 0.626 0.588 0.425 0.427 0.425 0.284 0.042 -0.118 -0.109 -9 -9
0.57 0.524 0.514 0.498 0.501 0.491 0.478 0.523 0.512 0.478 0.473 0.504 0.514 0.541 0.554 0.589 0.633 0.572 0.488 0.453 0.407 0.406 0.398 0.365 0.394 0.428 0.407 0.434 0.442 0.386 0.4 0.379 0.363 0.36 0.368 0.412 0.396 0.386 0.327 0.291 0.285 0.262 0.205 0.152 0.123 0.11 0.075 0.038 0.118 0.276 0.398 0.509 0.6 0.634 0.64 0.642 0.644 0.644 0.643 0.64 0.64 0.639 0.639 0.636 0.612 0.501 0.343 0.137 0.192 0.405 0.3 0.102 -0.078 -0.191 -9 -9
0.59 0.522 0.494 0.459 0.433 0.45 0.444 0.433 0.469 0.413 0.425 0.432 0.449 0.508 0.524 0.586 0.615 0.597 0.545 0.495 0.439 0.441 0.39 0.347 0.338 0.363 0.381 0.407 0.365 0.311 0.352 0.376 0.327 0.288 0.32 0.382 0.345 0.39 0.354 0.309 0.308 0.266 0.201 0.183 0.159 0.033 -0.013 0.02 0.161 0.299 0.447 0.578 0.612 0.63 0.63 0.63 0.63 0.629 0.628 0.631 0.631 0.63 0.63 0.608 0.497 0.249 -0.018 -0.068 0.063 0.27 0.198 0 -0.147 -0.19 -9 -9
0.589 0.479 0.435 0.444 0.429 0.406 0.345 0.363 0.44 0.452 0.463 0.492 0.506 0.512 0.53 0.561 0.607 0.55 0.508 0.523 0.497 0.438 0.405 0.371 0.325 0.333 0.338 0.364 0.279 0.278 0.329 0.316 0.299 0.278 0.333 0.358 0.313 0.366 0.354 0.246 0.212 0.237 0.249 0.204 0.102 0.067 0.094 0.034 0.121 0.309 0.474 0.583 0.612 0.622 0.627 0.627 0.626 0.622 0.621 0.62 0.62 0.62 0.611 0.525 0.331 0.049 -0.193 -0.129 -0.019 0.14 0.106 -0.048 -0.217 -0.327 -9 -9
0.569 0.564 0.509 0.512 0.457 0.414 0.301 0.341 0.372 0.449 0.46 0.493 0.464 0.484 0.476 0.521 0.59 0.5 0.424 0.451 0.5 0.453 0.412 0.37 0.331 0.305 0.267 0.336 0.256 0.258 0.293 0.243 0.275 0.32 0.325 0.302 0.299 0.348 0.347 0.244 0.201 0.127 0.113 0.143 0.157 0.156 0.129 0.109 0.188 0.349 0.511 0.595 0.61 0.612 0.614 0.614 0.611 0.61 0.613 0.613 0.613 0.614 0.576 0.418 0.184 -0.114 -0.288 -0.147 0.018 0.076 -0.029 -0.171 -0.449 -9 -9 -9
0.51 0.523 0.512 0.514 0.509 0.46 0.365 0.375 0.339 0.346 0.386 0.443 0.373 0.425 0.456 0.51 0.566 0.501 0.391 0.391 0.491 0.404 0.378 0.347 0.33 0.239 0.218 0.274 0.259 0.218 0.228 0.238 0.282 0.315 0.268 0.192 0.168 0.271 0.339 0.316 0.243 0.202 0.116 0.118 0.178 0.145 0.082 0.063 0.159 0.323 0.488 0.589 0.595 0.601 0.609 0.607 0.602 0.599 0.601 0.601 0.596 0.562 0.363 0.141 -0.036 -0.266 -0.178 -0.003 -0.003 -0.049 -0.183 -0.421 -0.553 -9 -9 -9
0.507 0.436 0.399 0.431 0.409 0.475 0.434 0.381 0.339 0.3 0.356 0.397 0.297 0.387 0.435 0.493 0.544 0.506 0.389 0.367 0.476 0.393 0.327 0.238 0.251 0.198 0.172 0.192 0.168 0.147 0.205 0.236 0.269 0.281 0.194 0.112 0.011 0.067 0.157 0.255 0.305 0.232 0.165 0.156 0.105 0.066 0.01 0.062 0.225 0.37 0.499 0.572 0.582 0.592 0.596 0.593 0.573 0.543 0.587 0.581 0.539 0.425 0.15 0.004 -0.237 -0.384 -0.163 -0.009 -0.17 -0.265 -0.281 -0.428 -0.43 -9 -9 -9
0.47 0.419 0.356 0.331 0.344 0.439 0.431 0.375 0.287 0.276 0.365 0.295 0.267 0.36 0.43 0.475 0.513 0.497 0.353 0.315 0.441 0.357 0.248 0.166 0.174 0.247 0.205 0.158 0.185 0.2 0.188 0.189 0.229 0.24 0.127 0.004 0.014 0.09 0.119 0.165 0.261 0.281 0.236 0.173 0.135 0.137 0.111 0.143 0.242 0.372 0.487 0.549 0.553 0.583 0.585 0.579 0.566 0.537 0.574 0.538 0.428 0.263 0.067 -0.133 -0.336 -0.441 -0.317 -0.115 -0.268 -0.534 -0.479 -0.405 -0.247 -9 -9 -9
0.475 0.389 0.369 0.294 0.37 0.39 0.371 0.296 0.262 0.186 0.257 0.257 0.322 0.359 0.361 0.407 0.476 0.487 0.352 0.25 0.367 0.4 0.357 0.299 0.282 0.236 0.199 0.233 0.225 0.154 0.068 0.08 0.179 0.217 0.13 0.076 0.116 0.156 0.159 0.16 0.163 0.224 0.246 0.221 0.177 0.093 0.034 0.001 0.079 0.248 0.362 0.46 0.511 0.575 0.576 0.575 0.578 0.564 0.554 0.46 0.368 0.228 0.068 -0.047 -0.268 -0.388 -0.355 -0.235 -0.302 -0.56 -0.402 -0.343 -9 -9 -9 -9
0.437 0.404 0.301 0.312 0.395 0.35 0.295 0.303 0.203 0.118 0.18 0.297 0.361 0.281 0.261 0.364 0.41 0.494 0.329 0.188 0.231 0.336 0.373 0.333 0.317 0.267 0.266 0.242 0.145 0.016 0.041 0.081 0.196 0.199 0.151 0.143 0.149 0.063 0.049 0.061 0.001 0.045 0.159 0.214 0.141 0.015 -0.119 -0.194 -0.065 0.082 0.246 0.357 0.504 0.565 0.565 0.565 0.563 0.557 0.5 0.466 0.408 0.271 0.145 -0.026 -0.124 -0.058 -0.175 -0.327 -0.348 -0.6 -0.437 -9 -9 -9 -9 -9
0.438 0.374 0.243 0.327 0.405 0.308 0.19 0.252 0.238 0.105 0.118 0.253 0.255 0.151 0.243 0.33 0.417 0.464 0.29 0.173 0.198 0.253 0.278 0.306 0.32 0.288 0.208 0.117 0.034 0.012 0.08 0.183 0.187 0.089 -0.003 0.037 0.055 -0.048 -0.097 -0.057 -0.099 -0.044 0.081 0.173 0.134 0.048 -0.086 -0.199 -0.207 -0.134 0.153 0.316 0.505 0.55 0.554 0.557 0.552 0.544 0.531 0.513 0.469 0.305 0.106 0.17 0.124 0.066 -0.06 -0.215 -0.359 -0.662 -0.76 -9 -9 -9 -9 -9
0.486 0.383 0.242 0.327 0.43 0.324 0.146 0.224 0.185 0.158 0.142 0.12 0.122 0.083 0.192 0.262 0.336 0.487 0.361 0.268 0.195 0.176 0.254 0.253 0.218 0.25 0.131 0.109 0.071 -0.009 0.038 0.204 0.109 -0.017 -0.063 -0.054 -0.142 -0.162 -0.183 -0.1 -0.067 0.021 0.038 0.106 0.099 0.074 -0.05 -0.228 -0.375 -0.183 0.173 0.45 0.537 0.538 0.544 0.547 0.538 0.533 0.525 0.512 0.46 0.37 0.273 0.122 -0.123 -0.23 -0.104 -0.134 -0.367 -0.668 -9 -9 -9 -9 -9 -9
0.52 0.386 0.21 0.322 0.447 0.378 0.217 0.228 0.076 0.11 0.204 0.097 0.018 0.098 0.205 0.288 0.37 0.475 0.417 0.309 0.249 0.215 0.174 0.142 0.181 0.232 0.134 0.075 -0.015 -0.082 -0.02 0.17 0.048 -0.116 -0.159 -0.244 -0.309 -0.215 -0.121 -0.032 -0.049 -0.139 -0.159 0.09 -0.026 -0.006 -0.094 -0.373 -0.386 0.037 0.348 0.517 0.537 0.522 0.534 0.535 0.53 0.527 0.51 0.499 0.481 0.392 0.229 0.057 -0.115 -0.28 -0.297 -0.3 -0.522 -9 -9 -9 -9 -9 -9 -9
0.556 0.405 0.268 0.324 0.465 0.421 0.306 0.154 0.102 0.262 0.296 0.212 0.028 0.049 0.066 0.164 0.256 0.415 0.459 0.348 0.211 0.097 0.037 0.051 0.1 0.181 0.049 -0.019 -0.088 -0.155 -0.132 0.054 -0.006 -0.216 -0.26 -0.3 -0.242 -0.159 -0.118 -0.143 -0.362 -0.412 -0.159 -0.04 -0.376 -0.335 -0.23 -0.39 -0.232 0.228 0.49 0.522 0.521 0.515 0.514 0.524 0.521 0.518 0.506 0.493 0.462 0.348 0.146 -0.074 -0.18 -0.277 -0.372 -9 -9 -9 -9 -9 -9 -9 -9 -9
0.599 0.492 0.422 0.425 0.514 0.421 0.283 0.18 0.235 0.362 0.282 0.095 0.037 0.194 0.218 0.241 0.339 0.355 0.426 0.407 0.259 0.1 0.013 0.003 0.022 0.115 0.071 -0.003 -0.107 -0.229 -0.234 -0.149 -0.048 -0.115 -0.161 -0.242 -0.252 -0.277 -0.353 -0.497 -0.477 -0.284 -0.231 -0.381 -0.422 -0.295 -0.383 -0.256 0.172 0.444 0.51 0.52 0.509 0.509 0.506 0.509 0.517 0.504 0.5 0.475 0.396 0.31 0.163 0.061 -0.055 -0.165 -0.209 -9 -9 -9 -9 -9 -9 -9 -9 -9
0.632 0.585 0.541 0.527 0.535 0.468 0.415 0.289 0.321 0.378 0.207 0.208 0.243 0.252 0.292 0.329 0.274 0.188 0.326 0.438 0.356 0.214 0.11 0.04 0.033 0.023 -0.098 -0.061 -0.091 -0.145 -0.151 -0.267 -0.186 -0.083 -0.179 -0.253 -0.38 -0.648 -0.794 -0.607 -0.325 -0.545 -0.61 -0.415 -0.372 -0.506 -0.292 0.084 0.399 0.495 0.509 0.509 0.509 0.505 0.496 0.501 0.483 0.492 0.449 0.406 0.399 0.221 0.069 0.035 0.032 -0.001 -9 -9 -9 -9 -9 -9 -9 -9 -9 -9
0.653 0.602 0.53 0.442 0.455 0.51 0.509 0.441 0.439 0.407 0.329 0.332 0.257 0.299 0.302 0.243 0.101 0.019 0.159 0.337 0.397 0.348 0.253 0.163 0.079 -0.042 -0.185 -0.206 -0.164 -0.163 -0.175 -0.257 -0.249 -0.177 -0.255 -0.382 -0.723 -0.997 -0.843 -0.647 -0.544 -0.773 -0.582 -0.478 -0.597 -0.274 0.134 0.405 0.48 0.502 0.507 0.503 0.503 0.486 0.454 0.484 0.412 0.448 0.339 0.356 0.414 0.155 -0.033 -0.158 -0.249 -9 -9 -9 -9 -9 -9 -9 -9 -9 -9 -9
0.678 0.627 0.564 0.55 0.555 0.555 0.542 0.514 0.498 0.493 0.455 0.395 0.355 0.32 0.212 0.095 -0.026 -0.063 0.063 0.177 0.294 0.323 0.306 0.278 0.182 0.009 -0.099 -0.062 -0.033 -0.043 -0.073 -0.141 -0.144 -0.202 -0.373 -0.775 -0.946 -1.093 -0.877 -0.807 -0.792 -0.664 -0.761 -0.525 -0.205 0.176 0.423 0.486 0.475 0.489 0.492 0.495 0.476 0.39 0.405 0.465 0.415 0.399 0.327 0.378 0.371 0.198 0.086 -0.093 -0.388 -9 -9 -9 -9 -9 -9 -9 -9 -9 -9 -9
0.691 0.666 0.648 0.62 0.603 0.595 0.6 0.597 0.57 0.54 0.519 0.483 0.436 0.335 0.162 0.058 -0.033 -0.082 -0.031 0.04 0.16 0.169 0.132 0.225 0.258 0.162 0.093 0.081 -0.018 -0.055 -0.102 -0.096 -0.17 -0.239 -0.604 -0.8 -0.642 -0.732 -1.051 -1.028 -0.897 -0.944 -0.7 -0.181 0.161 0.357 0.476 0.486 0.483 0.485 0.472 0.45 0.379 0.354 0.451 0.433 0.411 0.393 0.391 0.383 0.364 0.351 0.28 0.107 -9 -9 -9 -9 -9 -9 -9 -9 -9 -9 -9 -9
