data/climatemaps/RS_maps/climate_postbreed_tmp_2012.asc
NCOLS 369 
NROWS 228 
XLLCORNER 479000 
YLLCORNER 73000 
CELLSIZE 1000 
NODATA_value -9 
[rows 102 to 135 of 228, columns 231 to 307 of 369]
-0.876 -0.986 -1.097 -1.146 -1.329 -1.058 -0.583 0.066 0.622 0.792 0.36 -0.42 -0.428 -0.609 -0.969 -1.208 -1.066 -1.056 -0.93 -0.662 -0.266 0.26 0.323 -0.143 -0.245 -0.46 -0.855 -1.576 -1.625 -1.2 -0.827 -0.669 -0.593 -0.505 -0.405 -0.281 -0.324 -0.763 -0.81 -0.408 -0.683 -0.501 -0.013 0.445 0.227 -0.511 -0.39 0.066 0.361 0.678 1.058 1.081 0.866 0.23 -0.251 -0.015 -0.013 -0.435 -0.466 -0.113 0.265 0.286 0.14 0.36 0.522 0.609 0.607 0.618 0.559 0.485 0.296 0 -0.308 -0.797 -0.987 -1.113 -0.83
-0.798 -0.774 -0.915 -1.247 -1.137 -0.784 -0.436 0.228 0.799 0.507 0.185 -0.411 -0.903 -0.997 -1.164 -1.437 -1.304 -0.854 -0.602 -0.335 -0.016 0.27 0.249 -0.025 -0.445 -0.711 -1.275 -1.922 -1.717 -1.177 -0.897 -0.934 -1.059 -0.94 -0.915 -0.696 -0.485 -0.282 -0.181 0.054 0.146 0.221 0.462 0.289 -0.444 -0.783 -0.708 -0.295 0.16 0.561 1.048 1.058 0.731 0.212 -0.254 -0.379 -0.075 -0.35 -0.622 -0.307 -0.001 0.184 -0.147 -0.122 0.079 0.342 0.283 0.263 0.335 0.442 0.518 0.385 0.112 -0.429 -0.69 -0.831 -0.604
-0.853 -1.168 -1.12 -0.765 -0.388 -0.204 0.056 0.525 0.646 -0.014 -0.23 -0.132 -0.666 -1.145 -1.278 -1.268 -1.142 -0.801 -0.298 0.035 0.172 -0.011 -0.326 -0.267 -0.748 -1.166 -1.599 -1.809 -1.76 -1.541 -1.382 -1.48 -1.697 -1.722 -1.779 -1.534 -1.226 -1.123 -1.264 -1.023 -0.478 0.28 0.277 -0.604 -1.36 -1.129 -0.734 -0.317 0.175 0.694 1.066 1.015 0.678 0.263 -0.238 -0.618 -0.228 -0.314 -0.709 -0.534 -0.258 0.048 -0.367 -0.554 -0.316 0.095 -0.103 -0.26 -0.091 0.091 0.229 0.334 0.457 0.167 -0.255 -0.352 -0.248
-1.179 -0.972 -0.428 -0.176 -0.223 -0.273 -0.101 0.49 0.512 -0.078 -0.67 -0.327 -0.41 -1.057 -1.253 -1.008 -0.729 -0.488 -0.125 0.095 -0.188 -0.748 -0.914 -0.669 -1.108 -1.449 -1.543 -1.599 -1.581 -1.554 -1.28 -1.326 -1.645 -1.76 -1.871 -1.936 -1.897 -1.74 -1.091 -0.656 -0.207 0.364 -0.096 -0.906 -1.389 -0.994 -0.687 -0.211 0.422 0.937 1.028 0.926 0.642 0.158 -0.17 -0.632 -0.406 -0.55 -0.889 -0.733 -0.308 -0.185 -0.43 -0.861 -0.58 -0.22 -0.419 -0.579 -0.465 -0.296 -0.142 0.018 0.307 0.385 0.241 0.172 -0.083
-0.758 -0.316 -0.22 -0.411 -0.656 -0.761 -0.41 0.425 0.388 -0.291 -0.882 -0.734 -0.428 -1.171 -1.339 -0.892 -0.447 -0.271 -0.122 -0.437 -0.839 -1.399 -1.314 -1.105 -1.607 -1.482 -1.259 -1.368 -1.445 -1.218 -1.015 -0.947 -1.261 -1.49 -1.703 -1.717 -1.42 -1.378 -0.996 -0.535 0.046 0.249 -0.409 -1.296 -1.18 -0.891 -0.535 -0.053 0.608 1.019 0.956 0.806 0.556 0.033 -0.361 -0.696 -0.647 -0.983 -0.978 -0.685 -0.401 -0.595 -0.664 -1.021 -0.712 -0.579 -0.653 -0.871 -0.695 -0.503 -0.395 -0.375 -0.279 -0.023 0.192 0.248 0.061
-0.337 -0.359 -0.625 -0.822 -0.777 -0.683 -0.266 0.437 0.072 -0.595 -1.309 -1.111 -0.741 -1.537 -1.463 -1.012 -0.774 -0.664 -0.376 -1.046 -1.716 -1.788 -1.627 -1.592 -1.778 -1.52 -1.106 -1.242 -1.459 -1.514 -1.43 -0.944 -0.867 -1.249 -1.593 -1.674 -1.462 -1.042 -0.579 -0.178 0.204 -0.094 -0.693 -1.258 -0.99 -0.61 -0.224 0.299 0.844 1.042 0.909 0.698 0.391 -0.213 -0.763 -0.945 -1.015 -1.187 -0.954 -0.778 -0.858 -0.989 -0.891 -1.037 -0.726 -0.894 -0.911 -1.061 -0.913 -0.718 -0.683 -0.752 -0.737 -0.489 -0.247 0.01 0.156
-0.553 -0.789 -1.108 -1.053 -0.873 -0.643 -0.223 0.301 -0.354 -1.077 -1.677 -1.449 -1.409 -1.838 -1.793 -1.54 -1.475 -1.124 -0.738 -1.513 -1.931 -1.803 -1.595 -1.508 -1.438 -1.443 -1.209 -0.93 -0.952 -1.279 -1.357 -1.261 -0.62 -0.849 -1.27 -1.411 -1.398 -0.928 -0.505 -0.032 0.117 -0.473 -0.965 -0.94 -0.654 -0.142 0.295 0.748 1.019 1.038 0.892 0.568 0.052 -0.511 -0.824 -0.775 -1.01 -1.09 -1.063 -1.01 -1.062 -1.042 -1.056 -0.977 -0.874 -1.032 -1.125 -1.101 -1.015 -0.973 -0.986 -1.15 -1.092 -0.946 -0.606 -0.214 0.067
-0.991 -1.168 -1.627 -1.431 -1.182 -0.909 -0.289 0.06 -0.59 -1.34 -1.632 -1.626 -1.984 -1.74 -1.791 -1.554 -1.537 -1.374 -1.284 -1.792 -1.63 -1.564 -1.424 -1.296 -1.194 -1.113 -1.041 -0.736 -0.537 -0.704 -1.031 -1.107 -0.607 -0.419 -0.774 -1.119 -1.122 -0.776 -0.472 -0.001 0.029 -0.538 -0.686 -0.365 -0.045 0.41 0.826 1.007 1.043 1.014 0.747 0.235 -0.313 -0.396 -0.376 -0.378 -0.641 -0.606 -0.743 -0.713 -0.828 -0.825 -0.874 -1.085 -1.145 -1.044 -0.967 -0.888 -0.974 -1.12 -1.243 -1.28 -1.072 -0.927 -0.659 -0.278 -0.193
-1.396 -1.671 -1.812 -1.64 -1.293 -0.777 -0.268 -0.824 -0.742 -1.15 -1.419 -1.543 -2.011 -1.593 -1.549 -1.533 -1.316 -1.471 -1.524 -1.551 -1.295 -1.285 -1.288 -1.09 -0.987 -0.854 -0.751 -0.605 -0.269 -0.277 -0.432 -0.726 -0.542 -0.132 -0.254 -0.746 -0.855 -0.662 -0.221 0.276 0.31 -0.056 0.049 0.413 0.674 0.891 1.035 1.033 0.985 0.936 0.643 0.046 -0.067 0.04 0.004 -0.087 -0.268 -0.289 -0.405 -0.359 -0.498 -0.562 -0.692 -0.945 -1.043 -0.753 -0.771 -1.042 -1.263 -1.412 -1.446 -1.3 -0.996 -0.615 -0.43 -0.29 -0.46
-1.878 -1.899 -1.569 -1.439 -1.038 -0.289 -0.591 -1.677 -1.252 -0.845 -1.017 -1.694 -1.999 -1.66 -1.371 -1.354 -1.111 -1.36 -1.191 -1.271 -0.981 -1.039 -1.349 -1.21 -1.009 -0.805 -0.545 -0.431 -0.182 -0.019 0.099 -0.005 0.05 0.247 0.227 -0.188 -0.346 -0.304 0.04 0.52 0.7 0.623 0.771 0.921 0.997 1.026 0.927 0.793 0.458 0.532 0.801 0.476 0.506 0.535 0.438 0.328 0.191 0.107 0.01 -0.051 -0.101 -0.202 -0.46 -0.662 -0.853 -0.611 -0.969 -1.315 -1.379 -1.594 -1.551 -1.375 -1.047 -0.563 -0.38 -0.484 -0.821
-2.077 -1.709 -1.17 -1.029 -0.65 -0.159 -0.972 -1.977 -1.765 -1.069 -0.945 -1.803 -1.719 -1.735 -1.426 -0.974 -0.52 -0.902 -0.814 -1.098 -0.821 -0.813 -1.166 -1.242 -1.102 -1 -0.659 -0.32 -0.036 0.114 0.279 0.334 0.395 0.529 0.582 0.427 0.297 0.331 0.474 0.712 0.89 0.944 1.001 1.019 0.992 0.886 0.604 0.238 -0.072 0.279 0.703 0.715 0.589 0.519 0.536 0.603 0.526 0.38 0.305 0.231 0.147 0.059 -0.127 -0.285 -0.493 -0.506 -0.938 -1.11 -1.117 -1.33 -1.514 -1.296 -0.971 -0.505 -0.37 -0.721 -1.164
-2.058 -1.456 -1.137 -1.286 -1.102 -0.627 -1.018 -2.024 -1.817 -1.083 -1.167 -1.713 -1.587 -1.418 -1.376 -1.247 -0.65 -0.429 -0.653 -1.105 -0.99 -0.656 -0.953 -1.089 -0.816 -0.767 -0.539 -0.15 0.108 0.209 0.284 0.365 0.433 0.565 0.682 0.666 0.717 0.773 0.841 0.925 0.945 0.928 0.968 0.735 0.544 0.409 0.091 -0.338 -0.246 0.17 0.501 0.146 0.058 0.025 -0.014 0.205 0.23 0.182 0.016 -0.076 -0.175 -0.208 -0.029 -0.117 -0.349 -0.533 -0.69 -0.821 -1.053 -1.235 -1.355 -1.079 -0.703 -0.361 -0.431 -0.804 -0.962
-1.963 -1.554 -1.714 -1.934 -1.372 -0.924 -1.349 -1.915 -1.598 -1.167 -1.469 -1.517 -1.547 -1.261 -0.998 -0.907 -0.669 -0.144 -0.525 -1.108 -1.019 -0.635 -0.716 -0.804 -0.48 -0.394 -0.358 -0.113 0.221 0.286 0.247 0.373 0.504 0.603 0.692 0.778 0.778 0.846 0.904 0.939 0.968 0.847 0.595 0.19 -0.019 -0.079 -0.333 -0.632 -0.22 0.257 0.317 -0.135 -0.469 -0.405 -0.385 -0.134 -0.137 -0.36 -0.516 -0.614 -0.687 -0.642 -0.243 -0.244 -0.582 -0.747 -0.906 -0.9 -1.291 -1.236 -1.057 -0.775 -0.422 -0.316 -0.571 -0.677 -0.755
-1.782 -2.018 -2.599 -2.493 -1.522 -1.419 -2.122 -2.067 -1.75 -1.482 -1.403 -1.115 -1.087 -1.245 -0.976 -0.56 -0.432 -0.043 -0.294 -0.811 -0.765 -0.561 -0.487 -0.661 -0.258 -0.032 -0.068 0.056 0.367 0.408 0.37 0.566 0.7 0.726 0.821 0.676 0.632 0.758 0.782 0.914 0.893 0.458 0.026 -0.352 -0.549 -0.58 -0.824 -0.743 -0.229 0.239 0.139 -0.309 -0.734 -0.825 -0.709 -0.498 -0.403 -0.892 -0.977 -0.947 -0.85 -0.67 -0.293 -0.425 -0.724 -1.005 -1.284 -1.274 -1.371 -1.081 -0.758 -0.445 -0.326 -0.421 -0.458 -0.866 -1.232
-1.364 -1.713 -2.502 -2.338 -1.959 -2.206 -2.337 -1.982 -1.581 -1.186 -1.011 -0.831 -0.635 -1.09 -1.05 -0.597 -0.36 -0.094 0.014 -0.405 -0.331 -0.368 -0.286 -0.519 -0.193 0.213 0.26 0.303 0.519 0.638 0.688 0.756 0.677 0.553 0.646 0.701 0.423 0.344 0.556 0.899 0.769 0.106 -0.172 -0.497 -0.7 -0.754 -0.878 -0.847 -0.425 0.072 0.107 -0.316 -0.677 -1.083 -0.96 -0.871 -0.565 -1.164 -1.198 -0.991 -0.746 -0.568 -0.334 -0.627 -0.892 -1.137 -1.435 -1.441 -1.369 -1.111 -0.638 -0.309 -0.605 -1.002 -0.754 -0.533 -1.039
-1.198 -1.66 -2.209 -2.348 -2.048 -1.873 -2.019 -1.726 -1.478 -1.368 -1.367 -1.064 -0.603 -0.694 -0.827 -0.536 -0.247 -0.101 0.216 0.056 0.111 0.006 0.046 -0.129 0.05 0.383 0.628 0.656 0.707 0.746 0.713 0.67 0.429 0.145 0.311 0.702 0.312 -0.15 0.236 0.745 0.892 0.391 -0.125 -0.227 -0.383 -0.632 -0.964 -0.958 -0.576 -0.08 0.114 -0.217 -0.516 -0.966 -1.191 -0.99 -0.864 -1.216 -1.055 -0.822 -0.632 -0.446 -0.463 -0.88 -1.271 -1.513 -1.426 -1.255 -1.162 -0.891 -0.441 -0.375 -0.846 -1.237 -1.278 -0.682 -0.738
-0.969 -1.527 -1.842 -1.936 -1.851 -1.486 -1.82 -1.987 -1.807 -1.518 -1.375 -1.079 -0.669 -0.34 -0.446 -0.334 -0.026 0.141 0.391 0.464 0.524 0.447 0.497 0.395 0.484 0.647 0.803 0.782 0.682 0.507 0.333 0.356 0.098 -0.241 0.153 0.447 0.403 -0.35 -0.08 0.461 0.826 0.621 -0.015 0.135 -0.101 -0.589 -1.098 -1.018 -0.57 -0.281 -0.016 -0.044 -0.369 -0.844 -1.356 -1.144 -1.174 -1.114 -0.868 -0.681 -0.598 -0.408 -0.74 -1.094 -1.37 -1.412 -1.372 -1.159 -0.845 -0.528 -0.259 -0.508 -0.876 -1.281 -1.45 -1.132 -0.71
-0.855 -1.428 -1.638 -1.846 -1.864 -1.47 -1.219 -1.548 -1.365 -1.133 -0.928 -0.602 -0.299 -0.124 -0.106 -0.075 0.112 0.404 0.59 0.561 0.496 0.512 0.643 0.688 0.742 0.773 0.733 0.523 0.112 -0.135 -0.144 -0.021 -0.012 -0.364 -0.128 0.036 0.439 -0.195 -0.309 0.03 0.443 0.889 0.53 0.386 -0.071 -0.391 -0.903 -1.115 -0.885 -0.645 -0.335 -0.075 -0.278 -0.757 -1.342 -1.407 -1.407 -1.125 -0.805 -0.936 -0.879 -0.532 -1.032 -1.346 -1.544 -1.475 -1.079 -0.939 -0.657 -0.31 -0.428 -0.549 -0.597 -1.041 -1.42 -1.42 -1.01
-0.792 -1.431 -1.727 -1.622 -1.464 -1.403 -0.902 -0.799 -0.784 -0.669 -0.461 -0.26 0.018 0.13 0.194 0.237 0.44 0.547 0.361 0.236 0.155 0.136 0.18 0.313 0.591 0.69 0.403 -0.02 -0.386 -0.592 -0.479 -0.327 -0.19 -0.78 -0.678 -0.125 0.36 -0.088 -0.531 -0.079 0.515 0.945 0.837 0.563 0.073 -0.232 -0.499 -0.962 -1.208 -0.819 -0.47 -0.191 -0.294 -0.747 -1.291 -1.501 -1.339 -1.166 -0.988 -1.163 -0.781 -0.988 -1.099 -1.377 -1.424 -1.25 -1.106 -0.803 -0.386 -0.329 -0.702 -0.933 -0.566 -0.824 -1.266 -1.481 -1.337
-0.587 -1.12 -1.577 -1.283 -1.091 -0.957 -0.733 -0.221 -0.177 -0.107 -0.015 0.123 0.347 0.457 0.484 0.431 0.391 0.17 0.025 -0.084 -0.212 -0.289 -0.185 0.067 0.333 0.666 0.275 -0.273 -0.563 -0.806 -1.016 -0.901 -0.666 -0.946 -0.726 -0.313 0.202 -0.205 -0.568 -0.066 0.429 0.875 0.879 0.717 0.341 -0.078 -0.367 -0.853 -1.16 -0.802 -0.405 -0.185 -0.387 -0.831 -1.392 -1.697 -1.446 -1.454 -1.448 -1.079 -1.017 -1.367 -1.291 -1.422 -1.321 -1.058 -0.802 -0.574 -0.26 -0.466 -0.889 -1.179 -0.857 -0.747 -1.177 -1.528 -1.539
-0.638 -0.7 -1.306 -0.966 -0.744 -0.376 -0.211 0.174 0.35 0.388 0.418 0.442 0.329 0.244 0.172 0.103 0.061 -0.125 -0.262 -0.351 -0.487 -0.646 -0.46 -0.211 0.091 0.563 0.334 0.05 -0.076 -0.41 -0.998 -1.448 -1.167 -0.928 -0.412 -0.082 0.075 -0.484 -0.575 -0.099 0.368 0.811 0.941 0.807 0.563 -0.059 -0.638 -1.041 -1.069 -0.663 -0.292 -0.148 -0.437 -0.916 -1.475 -1.633 -1.725 -1.583 -1.343 -1.014 -1.317 -1.584 -1.425 -1.266 -1.233 -1.089 -1.094 -0.691 -0.275 -0.601 -0.987 -1.384 -1.211 -0.801 -0.998 -1.468 -1.629
-0.793 -0.394 -0.869 -0.598 -0.305 0.054 0.276 0.453 0.451 0.439 0.327 0.129 -0.139 -0.243 -0.166 -0.257 -0.27 -0.41 -0.602 -0.68 -0.852 -0.647 -0.419 -0.147 0.145 0.564 0.383 0.179 0.009 -0.342 -0.947 -1.564 -1.334 -0.879 -0.172 0.064 -0.303 -0.756 -0.538 -0.118 0.331 0.772 0.96 0.878 0.685 -0.021 -0.595 -0.785 -1.001 -0.572 -0.254 -0.133 -0.321 -0.86 -1.221 -1.476 -1.589 -1.361 -1.206 -1.4 -1.589 -1.451 -1.231 -0.814 -0.95 -0.909 -0.874 -0.452 -0.338 -0.865 -1.124 -1.495 -1.508 -0.979 -0.858 -1.437 -1.645
-0.632 -0.133 -0.254 -0.063 0.13 0.388 0.44 0.168 -0.052 0.105 -0.218 -0.415 -0.656 -0.708 -0.426 -0.586 -0.545 -0.528 -0.906 -0.849 -0.624 -0.39 -0.149 0.078 0.399 0.475 0.101 -0.261 -0.358 -0.705 -1.315 -1.591 -1.068 -0.694 -0.077 -0.118 -0.714 -0.728 -0.439 -0.132 0.263 0.684 0.943 0.916 0.743 0.197 -0.162 -0.597 -1.019 -0.567 -0.298 -0.124 -0.238 -0.847 -1.087 -1.496 -1.423 -1.397 -1.434 -1.386 -1.23 -1.141 -0.982 -0.554 -0.532 -0.583 -0.579 -0.202 -0.455 -0.919 -1.309 -1.595 -1.7 -1.19 -0.835 -1.199 -1.511
-0.237 0.193 0.259 0.321 0.4 0.421 0.085 -0.445 -0.618 -0.306 -0.551 -0.934 -1.037 -0.932 -0.612 -0.845 -0.828 -0.741 -0.889 -0.684 -0.409 -0.163 0.082 0.319 0.498 0.274 0.017 -0.418 -0.679 -0.908 -1.407 -1.415 -0.799 -0.374 0.038 -0.278 -0.786 -0.654 -0.37 -0.078 0.291 0.641 0.892 0.93 0.794 0.397 -0.124 -0.331 -0.819 -0.611 -0.299 -0.068 -0.191 -0.871 -1.461 -1.487 -1.357 -1.029 -1.091 -0.861 -0.735 -0.754 -0.616 -0.37 -0.143 -0.281 -0.315 -0.399 -0.55 -0.891 -1.284 -1.57 -1.774 -1.383 -1.042 -1.296 -1.222
0.193 0.156 0.04 0.016 -0.051 0.087 -0.274 -0.752 -0.862 -0.826 -0.722 -1.313 -1.298 -1.03 -0.77 -0.939 -1.06 -1.038 -0.891 -0.527 -0.255 0.028 0.244 0.467 0.385 0.112 -0.041 -0.309 -0.585 -0.844 -1.191 -1.284 -0.744 -0.275 0.062 -0.579 -0.777 -0.626 -0.364 -0.073 0.25 0.566 0.793 0.922 0.866 0.705 0.318 -0.116 -0.496 -0.375 -0.136 0.023 -0.148 -0.674 -1.385 -1.312 -1.199 -0.771 -0.707 -0.576 -0.328 -0.455 -0.301 -0.086 0.019 -0.179 -0.311 -0.856 -0.791 -0.884 -1.254 -1.498 -1.65 -1.34 -1.455 -1.678 -1.342
-0.143 -0.349 -0.416 -0.441 -0.682 -0.105 -0.317 -0.706 -1.11 -1.233 -1.061 -1.592 -1.379 -1.086 -0.966 -1.146 -1.04 -1.019 -0.753 -0.463 -0.107 0.163 0.379 0.444 0.083 -0.347 -0.158 -0.304 -0.602 -0.89 -1.264 -1.2 -0.749 -0.252 -0.081 -0.769 -0.758 -0.536 -0.296 -0.03 0.234 0.529 0.769 0.824 0.533 0.625 0.689 0.453 0.044 0.148 0.251 -0.002 -0.083 -0.455 -1.091 -1.138 -0.796 -0.496 -0.348 -0.408 -0.098 -0.134 0.07 0.112 -0.168 -0.49 -0.784 -1.143 -1.16 -0.889 -1.284 -1.695 -1.591 -1.54 -1.823 -1.788 -1.726
-0.707 -0.935 -0.973 -1.024 -0.842 -0.27 -0.165 -0.539 -1.088 -1.6 -1.465 -1.73 -1.547 -1.243 -1.11 -1.313 -1.126 -0.904 -0.595 -0.332 0.043 0.28 0.349 0.284 -0.215 -0.634 -0.599 -0.227 -0.504 -0.918 -1.353 -1.022 -0.592 -0.151 -0.378 -0.801 -0.616 -0.345 -0.135 0.079 0.358 0.487 0.604 0.657 0.187 0 0.073 0.347 0.531 0.498 0.433 0.103 0.074 -0.141 -0.593 -0.634 -0.324 -0.087 -0.043 -0.062 0.205 0.245 0.186 -0.145 -0.724 -1.036 -1.253 -1.389 -1.381 -1.211 -1.51 -1.599 -1.782 -1.911 -1.584 -1.636 -1.714
-0.998 -1.226 -1.299 -0.965 -0.648 -0.359 -0.057 -0.56 -1.192 -1.641 -1.749 -1.686 -1.51 -1.244 -1.225 -1.274 -1.108 -0.806 -0.394 -0.092 0.157 0.116 0.153 0.16 -0.458 -0.915 -1.021 -0.581 -0.487 -0.935 -1.26 -0.841 -0.357 -0.064 -0.464 -0.704 -0.538 -0.196 0.066 0.223 0.18 -0.087 0.229 0.514 0.148 -0.529 -0.554 -0.101 0.152 0.406 0.508 0.429 0.305 0.158 -0.093 -0.06 0.13 0.305 0.315 0.379 0.425 0.379 0.204 -0.458 -1.032 -1.225 -1.28 -1.542 -1.539 -1.459 -1.388 -1.544 -1.801 -1.672 -1.395 -1.86 -1.738
-0.72 -1.289 -1.516 -1.167 -0.851 -0.789 -0.438 -0.285 -0.746 -1.294 -1.74 -1.66 -1.481 -1.254 -1.062 -0.905 -0.716 -0.452 -0.077 0.028 -0.038 -0.341 -0.056 0.08 -0.501 -0.903 -1.115 -0.955 -0.763 -1.201 -1.069 -0.666 -0.191 -0.481 -0.484 -0.576 -0.789 -0.359 -0.19 -0.231 -0.418 -0.659 -0.234 0.423 0.127 -0.328 -0.608 -0.291 -0.292 -0.127 0.132 0.433 0.539 0.457 0.386 0.416 0.453 0.472 0.429 0.382 0.152 0.096 0.288 -0.184 -0.636 -0.714 -0.885 -1.219 -1.148 -1.158 -1.485 -1.798 -1.508 -1.14 -1.371 -1.858 -1.709
-0.776 -1.4 -1.767 -1.402 -1.1 -1.173 -1.014 -0.357 -0.349 -1.042 -1.576 -1.549 -1.376 -1.175 -1.039 -0.732 -0.426 -0.117 -0.082 -0.284 -0.49 -0.78 -0.266 0.157 -0.229 -0.623 -1.053 -1.246 -1.26 -1.206 -0.824 -0.436 -0.444 -0.862 -0.932 -0.624 -1.17 -0.898 -0.79 -0.809 -0.929 -0.74 -0.337 0.386 0.024 -0.565 -0.939 -0.679 -0.728 -0.52 -0.161 0.119 0.419 0.559 0.417 0.27 0.243 0.194 -0.004 0.01 -0.42 -0.359 -0.155 0.132 0.026 -0.429 -0.883 -1.015 -1.021 -1.452 -1.437 -1.25 -1.08 -0.969 -1.498 -1.905 -1.651
-0.829 -1.342 -1.791 -1.605 -1.47 -1.391 -1.15 -0.569 -0.239 -0.985 -1.608 -1.605 -1.345 -1.215 -1.201 -0.757 -0.332 -0.15 -0.362 -0.841 -0.876 -1.008 -0.454 0.082 -0.253 -0.89 -1.401 -1.68 -1.417 -1.015 -0.618 -0.339 -0.614 -1.137 -1.23 -0.947 -1.654 -1.528 -1.272 -1.014 -0.781 -0.479 -0.162 0.363 0.162 -0.478 -1.036 -1.018 -0.961 -0.67 -0.396 -0.132 0.182 0.441 0.18 -0.322 -0.279 -0.444 -0.518 -0.335 -0.815 -0.625 -0.799 -0.419 0.066 -0.065 -0.647 -0.989 -0.814 -0.865 -0.709 -0.698 -0.748 -0.966 -1.347 -1.682 -1.681
-0.958 -1.282 -1.749 -1.627 -1.387 -1.254 -1.084 -0.799 -0.601 -0.867 -1.584 -1.649 -1.231 -0.976 -0.922 -0.57 -0.25 -0.585 -0.759 -1.026 -1.386 -1.261 -0.826 -0.128 -0.558 -0.918 -1.173 -1.694 -1.496 -1.066 -0.565 -0.556 -1 -1.496 -1.439 -1.32 -1.652 -1.406 -1.061 -0.817 -0.574 -0.241 0.179 0.503 0.143 -0.367 -0.838 -1.148 -1.053 -0.789 -0.597 -0.303 -0.015 0.234 0.072 -0.676 -0.789 -0.842 -0.935 -0.725 -1.04 -0.851 -0.979 -1.078 -0.416 -0.071 -0.221 -0.416 -0.393 -0.593 -0.861 -1.08 -1.128 -1.011 -1.438 -1.823 -1.847
-1.147 -1.196 -1.617 -1.54 -1.31 -1.425 -1.504 -1.459 -1.421 -1.007 -1.432 -1.553 -1.266 -0.952 -0.588 -0.458 -0.379 -0.909 -1.325 -1.239 -1.616 -1.422 -0.832 -0.13 -0.607 -1.012 -0.993 -1.456 -1.423 -0.98 -0.569 -0.732 -1.506 -1.828 -1.597 -1.54 -1.471 -1.185 -0.95 -0.606 -0.301 0.023 0.404 0.492 -0.111 -0.596 -0.916 -1.256 -1.208 -0.941 -0.791 -0.482 -0.197 0.16 0.164 -0.48 -1.027 -1.241 -1.293 -1.113 -1.327 -1.156 -1.001 -1.219 -0.758 -0.297 -0.048 -0.187 -0.59 -1.043 -1.345 -1.503 -1.549 -1.095 -1.491 -1.967 -2.153
-1.356 -1.438 -1.818 -1.905 -1.524 -1.821 -1.959 -2.031 -1.823 -1.293 -1.281 -1.513 -1.147 -0.845 -0.924 -0.72 -0.559 -1.098 -1.567 -1.799 -1.687 -1.205 -0.641 -0.075 -0.436 -1.244 -1.465 -1.631 -1.374 -0.944 -0.558 -0.791 -1.704 -1.824 -1.533 -1.413 -1.24 -1.085 -0.869 -0.517 -0.131 0.169 0.471 0.334 -0.461 -1.06 -1.138 -1.407 -1.354 -1.209 -1.15 -0.69 -0.222 0.136 0.279 -0.331 -0.935 -1.373 -1.696 -1.591 -1.517 -1.461 -1.189 -1.465 -1.173 -0.824 -0.353 -0.217 -0.66 -1.036 -1.304 -1.538 -1.655 -1.276 -1.479 -1.964 -2.182
