data/climatemaps/RS_maps/climate_postbreed_tmp_2011.asc
NCOLS 369 
NROWS 228 
XLLCORNER 479000 
YLLCORNER 73000 
CELLSIZE 1000 
NODATA_value -9 
[rows 68 to 101 of 228, columns 231 to 307 of 369]
0.948 0.965 0.962 0.958 0.951 0.956 0.927 0.911 0.884 0.848 0.772 0.604 0.48 0.381 0.323 0.227 0.251 0.364 0.526 0.365 0.505 0.637 0.683 0.613 0.497 0.259 -0.023 0.054 0.191 -0.037 -0.221 -0.295 -0.069 0.041 -0.549 -0.697 -0.461 -0.446 -0.352 0.107 0.454 0.729 0.97 1.028 1.042 1.043 1.031 0.969 0.923 0.914 1.007 1.025 0.931 0.898 0.981 0.995 0.993 0.996 1.011 0.954 -9 -9 -9 -9 -9 -9 -9 -9 -9 -9 -9 -9 -9 -9 -9 -9 -9
0.986 1.001 0.997 0.994 1.003 1.028 1.031 1.009 0.969 0.934 0.877 0.762 0.611 0.529 0.401 0.194 0.108 0.244 0.525 0.333 0.362 0.541 0.665 0.667 0.549 0.263 -0.018 -0.042 -0.096 -0.303 -0.237 0.001 0.289 0.074 -0.251 -0.168 -0.21 -0.238 0.053 0.351 0.599 0.85 1.004 1.038 1.047 1.048 1.031 0.968 0.976 1.024 1.04 0.939 0.648 0.593 0.793 0.92 0.996 1.027 1.033 1.023 -9 -9 -9 -9 -9 -9 -9 -9 -9 -9 -9 -9 -9 -9 -9 -9 -9
1.026 1.049 1.043 1.024 1.025 1.041 1.057 1.055 1.042 1.02 0.977 0.879 0.705 0.518 0.437 0.19 0.09 0.248 0.408 0.149 0.224 0.359 0.442 0.524 0.559 0.36 0.096 -0.247 -0.064 0.05 0.08 0.257 0.283 0.121 0.126 0.116 0.086 0.176 0.212 0.409 0.67 0.934 1.019 1.044 1.05 1.052 1.045 1.038 1.05 1.047 0.948 0.624 0.266 0.41 0.702 0.721 0.836 0.939 1.009 1.027 -9 -9 -9 -9 -9 -9 -9 -9 -9 -9 -9 -9 -9 -9 -9 -9 -9
1.038 0.981 0.967 0.989 1.028 1.049 1.065 1.071 1.061 1.053 1.043 0.985 0.748 0.472 0.387 0.275 0.056 0.162 0.112 0.044 0.233 0.125 0.2 0.413 0.552 0.541 0.127 -0.073 0.011 0.179 0.288 0.412 0.39 0.339 0.326 0.364 0.37 0.381 0.416 0.544 0.765 0.98 1.04 1.053 1.054 1.058 1.062 1.065 1.066 1.012 0.714 0.246 0.061 0.494 0.602 0.428 0.543 0.719 0.876 -9 -9 -9 -9 -9 -9 -9 -9 -9 -9 -9 -9 -9 -9 -9 -9 -9 -9
1.016 0.944 0.953 1.013 1.065 1.074 1.077 1.08 1.066 1.013 1.062 1.012 0.86 0.539 0.288 0.324 0.064 -0.046 -0.135 -0.011 0.151 0.323 0.446 0.433 0.483 0.584 0.311 0.215 0.264 0.452 0.474 0.458 0.384 0.33 0.268 0.262 0.29 0.357 0.461 0.622 0.814 1.003 1.053 1.064 1.062 1.063 1.076 1.076 1.053 0.826 0.435 -0.099 0.074 0.511 0.491 0.125 0.224 0.562 0.757 -9 -9 -9 -9 -9 -9 -9 -9 -9 -9 -9 -9 -9 -9 -9 -9 -9 -9
1.038 1.029 1.042 1.032 1.079 1.085 1.086 1.086 1.034 0.976 1.082 1.059 0.978 0.645 0.321 0.056 0.015 -0.287 -0.14 0.106 0.241 0.294 0.289 0.084 0.229 0.26 0.49 0.502 0.464 0.333 0.203 0.181 0.154 0.142 0.035 0.028 0.058 0.136 0.309 0.542 0.776 0.987 1.057 1.077 1.076 1.073 1.081 1.074 0.974 0.592 0.125 -0.323 0.001 0.508 0.208 -0.202 -0.049 0.307 0.432 -9 -9 -9 -9 -9 -9 -9 -9 -9 -9 -9 -9 -9 -9 -9 -9 -9 -9
1.054 1.055 1.072 1.069 1.089 1.093 1.093 1.093 1.048 1.043 1.093 1.092 1.036 0.749 0.368 -0.125 -0.183 -0.243 -0.194 -0.042 0.116 0.038 0.067 0.002 -0.027 0.11 0.285 0.235 0.148 -0.031 -0.049 -0.078 -0.172 -0.164 -0.241 -0.152 0.01 0.128 0.33 0.514 0.666 0.9 1.042 1.082 1.086 1.079 1.086 1.055 0.898 0.428 -0.278 -0.542 -0.075 0.452 -0.11 -0.422 -0.019 0.041 -0.056 0.317 0.63 0.428 0.443 -9 -9 -9 -9 -9 -9 -9 -9 -9 -9 -9 -9 -9 -9
1.024 1.027 1.047 1.031 1.048 1.056 1.084 1.096 1.103 1.098 1.114 1.107 1.059 0.698 0.129 -0.2 -0.032 -0.042 -0.264 -0.143 0.021 -0.042 -0.135 -0.096 0.002 0.151 0.015 -0.216 -0.203 -0.221 -0.247 -0.371 -0.537 -0.466 -0.432 -0.219 0.091 0.216 0.218 0.221 0.453 0.732 0.826 1.01 1.085 1.086 1.087 1.003 0.784 0.221 -0.439 -0.224 0.252 0.214 -0.135 -0.494 -0.149 -0.145 -0.138 0.049 0.48 0.242 -0.053 -0.213 0.048 0.411 0.615 -9 -9 -9 -9 -9 -9 -9 -9 -9 -9
0.884 0.767 0.724 0.694 0.687 0.815 0.974 1.044 1.097 1.119 1.121 1.121 1.048 0.535 -0.095 -0.055 0.253 -0.001 0.079 0.214 0.211 0.053 0.015 -0.117 -0.064 -0.14 -0.341 -0.478 -0.458 -0.471 -0.495 -0.688 -0.713 -0.563 -0.377 -0.108 0.18 0.013 -0.27 0.023 0.208 0.364 0.6 0.921 1.086 1.098 1.094 1.003 0.767 0.198 -0.379 -0.088 0.277 -0.169 -0.411 -0.605 -0.331 -0.206 -0.27 -0.087 0.375 0.214 -0.171 -0.387 -0.094 0.193 0.406 0.709 0.888 1.037 -9 -9 -9 -9 -9 -9 -9
0.801 0.443 0.331 0.35 0.317 0.341 0.591 0.687 0.819 1.052 1.121 1.123 1.027 0.46 0.165 0.413 0.579 0.265 0.47 0.485 0.303 0.164 0.095 -0.169 -0.333 -0.447 -0.443 -0.375 -0.322 -0.229 -0.152 -0.374 -0.529 -0.48 -0.372 -0.253 -0.106 -0.399 -0.569 -0.354 -0.119 0.154 0.544 0.828 1.028 1.112 1.107 1.07 0.712 -0.001 -0.421 -0.097 0.209 -0.087 -0.378 -0.529 -0.332 -0.371 -0.307 0.029 0.199 -0.032 -0.326 -0.358 -0.186 0.063 0.353 0.687 0.682 0.878 0.962 1.006 1.011 0.821 -9 -9 -9
0.816 0.682 0.506 0.337 0.13 0.088 0.22 0.309 0.445 0.746 1.051 1.129 1.044 0.747 0.562 0.803 0.919 0.747 0.836 0.771 0.566 0.44 0.295 0.102 0.025 0.025 0.062 0.189 0.232 0.367 0.533 0.457 0.203 0.013 -0.092 -0.473 -0.633 -0.773 -0.697 -0.533 -0.229 0.233 0.449 0.673 0.988 1.115 1.11 1.107 0.793 0.16 -0.187 0.13 -0.055 -0.322 -0.207 -0.452 -0.515 -0.418 0.044 0.075 -0.16 -0.306 -0.543 -0.316 -0.244 -0.134 0.326 0.598 0.185 0.432 0.339 0.47 1.024 0.867 0.273 -0.156 -0.204
0.773 0.644 0.606 0.459 0.251 0.053 0.082 0.141 0.086 0.259 0.708 1.034 1.136 1.043 1.009 1.088 1.137 1.14 1.114 1.086 1.031 0.968 0.886 0.847 0.886 0.885 0.883 0.904 0.879 0.942 1.013 1.016 0.906 0.611 0.256 -0.4 -0.338 -0.529 -0.819 -0.426 -0.017 -0.049 0.247 0.616 1.011 1.119 1.122 1.122 0.951 0.438 0.085 0.111 -0.31 -0.563 -0.334 -0.489 -0.602 -0.22 0.135 -0.308 -0.424 -0.604 -0.524 -0.144 0.068 0.206 0.471 0.206 -0.32 -0.139 -0.2 -0.103 0.608 0.969 0.743 0.216 -0.146
0.685 0.552 0.434 0.413 0.312 0.026 -0.029 0.036 0.074 0.216 0.461 0.862 1.137 1.153 1.163 1.156 1.079 0.97 0.979 1.069 1.131 1.173 1.183 1.177 1.172 1.174 1.175 1.177 1.167 1.174 1.181 1.177 1.157 1.067 0.677 0.004 -0.016 -0.157 -0.496 -0.536 -0.31 -0.323 0.175 0.628 0.909 1.097 1.127 1.127 1.05 0.654 0.296 0.071 -0.209 -0.333 -0.396 -0.663 -0.577 -0.099 0.026 -0.626 -0.646 -0.577 -0.34 -0.103 0.306 0.43 -0.012 0.16 -0.623 -0.646 -0.622 -0.244 0.593 0.993 0.902 0.361 0.034
0.668 0.643 0.417 0.206 0.251 -0.071 -0.09 0.023 0.024 0.044 0.227 0.667 1.087 1.17 1.111 0.925 0.734 0.622 0.653 0.734 0.889 1.02 1.091 1.111 1.14 1.156 1.166 1.157 1.096 1.16 1.154 1.058 1.18 1.18 1.115 0.515 0.216 -0.068 -0.263 -0.657 -0.627 -0.289 0.158 0.567 0.821 1.019 1.127 1.133 1.066 0.748 0.343 -0.065 -0.019 -0.249 -0.308 -0.664 -0.461 0.004 -0.079 -0.61 -0.687 -0.491 -0.276 0.003 0.431 0.128 -0.346 -0.258 -0.57 -0.984 -0.578 0.119 0.577 0.965 0.922 0.5 0.197
0.43 0.587 0.485 0.163 0.163 -0.037 -0.162 -0.03 0.059 0.084 0.177 0.396 0.962 1.174 0.967 0.581 0.256 0.243 0.331 0.428 0.635 0.651 0.773 0.736 0.923 0.821 0.904 0.955 0.879 0.752 0.677 0.723 0.891 1.126 1.173 0.97 0.363 -0.101 -0.25 -0.433 -0.67 -0.344 0.076 0.56 0.847 0.975 1.127 1.142 1.103 0.774 0.259 -0.274 -0.057 -0.417 -0.355 -0.503 -0.371 0.085 -0.134 -0.547 -0.781 -0.45 -0.081 0.177 0.379 -0.322 -0.756 -0.691 -0.838 -0.822 -0.299 0.08 0.522 0.9 0.999 0.855 0.653
0.311 0.569 0.572 0.313 -0.054 -0.172 -0.164 -0.047 0.086 0.277 0.365 0.517 0.938 1.179 1.005 0.535 0.038 -0.128 0.124 0.035 0.365 0.138 0.31 0.358 0.764 0.33 0.402 0.56 0.575 0.202 0.272 0.445 0.703 1.04 1.174 1.153 0.854 0.388 -0.142 -0.218 -0.388 -0.18 0.193 0.592 0.903 1.045 1.141 1.147 1.082 0.653 0.167 -0.376 -0.196 -0.394 -0.633 -0.629 -0.424 0.073 -0.198 -0.616 -0.68 -0.33 -0.34 -0.292 0.25 -0.484 -1.066 -0.842 -0.709 -0.396 -0.233 0.048 0.391 0.625 0.851 0.885 0.898
0.28 0.476 0.627 0.369 -0.239 -0.333 -0.184 0.14 0.32 0.425 0.461 0.43 0.999 1.191 1.09 0.587 0.205 -0.185 0.151 -0.421 -0.022 -0.261 -0.163 0.382 0.405 -0.062 -0.113 0.089 0.056 -0.034 0.041 0.219 0.568 0.843 1.06 1.138 1.127 0.904 0.337 0.017 -0.297 -0.063 0.299 0.699 1.005 1.125 1.158 1.151 0.942 0.433 -0.135 -0.558 -0.338 -0.277 -0.728 -0.778 -0.36 -0.073 -0.248 -0.501 -0.727 -0.502 -0.673 -0.188 0.085 -0.389 -0.964 -0.59 -0.301 -0.155 -0.148 -0.017 -0.041 0.141 0.495 0.641 0.86
0.171 0.446 0.637 0.34 -0.08 -0.43 -0.222 0.266 0.252 0.143 0.06 0.108 1.06 1.149 0.805 0.417 0.182 -0.15 -0.017 -0.696 -0.286 -0.412 -0.336 0.274 -0.124 -0.336 -0.43 -0.322 -0.306 -0.261 -0.093 0.262 0.505 0.582 0.778 0.919 1.084 1.15 0.964 0.401 -0.176 -0.132 0.317 0.813 1.086 1.159 1.161 1.095 0.505 0.038 -0.057 -0.57 -0.667 -0.377 -0.66 -0.638 -0.309 -0.543 -0.555 -0.672 -1.104 -1.046 -0.867 -0.397 -0.461 -0.293 -0.791 -0.614 -0.349 -0.342 -0.571 -0.456 -0.432 -0.112 0.312 0.363 0.553
0.135 0.483 0.538 0.09 -0.239 -0.413 0.059 0.047 -0.208 -0.398 -0.582 0.143 1.135 1.046 0.532 0.115 -0.251 -0.297 -0.201 -0.757 -0.42 -0.197 -0.141 0.205 -0.394 -0.674 -0.6 -0.52 -0.446 -0.271 0.074 0.358 0.169 0.166 0.42 0.652 0.838 1.08 1.163 0.915 0.455 0.211 0.588 1.019 1.146 1.166 1.166 1.063 0.263 -0.277 -0.303 -0.393 -0.823 -0.742 -1.041 -0.847 -0.604 -0.918 -0.877 -1.164 -1.448 -1.404 -1.307 -0.984 -1.059 -0.589 -0.776 -0.76 -0.627 -0.387 -0.727 -0.657 -0.391 -0.003 0.079 -0.038 0.25
-0.116 0.406 0.24 -0.177 -0.47 -0.225 -0.02 -0.344 -0.533 -0.635 -0.577 0.53 1.174 0.958 0.564 0.075 -0.353 -0.479 -0.485 -0.495 -0.333 -0.483 -0.461 0.088 -0.465 -0.815 -0.633 -0.405 -0.198 0.008 0.286 0.086 -0.283 -0.178 0.086 0.362 0.606 0.807 1.04 1.124 1.04 0.855 1.026 1.158 1.139 1.076 1.061 1.054 0.472 -0.101 -0.627 -0.844 -0.988 -1.022 -0.802 -0.933 -0.922 -0.906 -0.683 -0.763 -1.028 -1.291 -1.429 -1.216 -0.947 -0.67 -0.815 -0.962 -0.739 -0.556 -0.806 -0.724 -0.253 0.024 -0.341 -0.47 -0.014
-0.074 0.287 0.009 -0.4 -0.648 -0.284 -0.415 -0.567 -0.525 -0.321 0.229 0.832 1.153 1.07 0.596 0.104 -0.426 -0.754 -0.709 -0.457 -0.578 -0.679 -0.409 -0.085 -0.569 -0.812 -0.552 -0.344 -0.008 0.221 0.152 -0.368 -0.531 -0.328 -0.097 0.124 0.394 0.552 0.762 1.003 1.165 1.148 1.177 1.185 1.164 0.963 0.736 0.992 0.828 0.147 -0.664 -0.898 -0.75 -0.708 -0.581 -0.461 -0.509 -0.52 -0.295 -0.34 -0.511 -0.692 -0.96 -0.959 -0.811 -0.805 -0.933 -0.917 -0.828 -0.81 -0.718 -0.592 -0.262 -0.205 -0.673 -0.543 -0.137
-0.074 -0.186 -0.414 -0.622 -0.584 -0.358 -0.411 -0.251 -0.011 0.454 0.774 0.981 1.096 1.17 0.943 0.272 -0.484 -0.778 -0.876 -0.706 -0.605 -0.538 -0.415 -0.545 -0.765 -0.828 -0.651 -0.544 -0.211 0.122 -0.086 -0.728 -0.573 -0.272 -0.174 -0.112 0.152 0.434 0.694 0.835 1.093 1.184 1.194 1.194 1.191 1.17 0.95 0.716 0.881 0.653 0.187 -0.229 -0.765 -0.542 -0.36 -0.216 -0.09 0.05 -0.048 -0.176 -0.251 -0.428 -0.561 -0.695 -0.77 -0.824 -0.735 -0.599 -0.787 -1.103 -0.883 -0.524 -0.41 -0.531 -0.905 -0.713 -0.44
-0.26 -0.387 -0.358 -0.127 -0.093 -0.15 -0.077 0.404 0.605 0.604 0.563 0.791 0.914 1.147 1.189 0.74 -0.08 -0.549 -0.949 -0.895 -0.583 -0.74 -0.791 -0.772 -0.801 -0.955 -0.876 -0.75 -0.393 -0.003 -0.335 -0.817 -0.469 -0.433 -0.403 -0.288 0.025 0.542 0.434 0.48 0.93 1.124 1.194 1.194 1.194 1.194 1.182 1.087 0.903 0.829 0.448 0.038 -0.519 -0.586 -0.546 -0.479 -0.264 0.139 0.189 0.001 -0.153 -0.484 -0.686 -0.594 -0.62 -0.69 -0.375 -0.336 -0.676 -0.939 -1.099 -0.867 -0.943 -1.131 -0.954 -0.891 -0.733
-0.101 -0.033 0.326 0.502 0.539 0.509 0.521 0.65 0.568 0.286 0.193 -0.021 0.326 0.954 1.17 0.942 0.135 -0.486 -0.845 -0.993 -0.703 -0.784 -0.84 -0.592 -0.689 -1.002 -1.003 -0.819 -0.402 -0.312 -0.602 -0.766 -0.599 -0.65 -0.547 -0.332 0.246 0.604 0.109 0.117 0.642 0.84 0.99 1.077 1.164 1.188 1.193 1.167 1.066 0.988 0.674 0.385 -0.202 -0.525 -0.782 -0.65 -0.347 0.157 0.371 -0.03 -0.323 -0.678 -0.612 -0.281 -0.339 -0.405 -0.117 -0.087 -0.419 -0.581 -0.798 -1.018 -1.274 -0.903 -0.848 -1.048 -0.976
0.2 0.252 0.568 0.507 0.385 0.448 0.391 -0.037 -0.351 -0.489 -0.546 -0.598 0.134 0.862 1.133 0.973 0.193 -0.358 -0.604 -0.902 -0.592 -0.355 -0.507 -0.331 -0.688 -0.9 -0.839 -0.841 -0.692 -0.768 -0.83 -0.884 -0.786 -0.687 -0.384 0.04 0.546 0.194 -0.172 -0.142 0.293 0.52 0.539 0.661 0.796 1.057 1.177 1.186 1.161 1.11 0.907 0.626 0.141 -0.274 -0.692 -0.501 -0.136 0.29 0.488 0.118 -0.247 -0.589 -0.307 0.125 -0.117 -0.058 0.226 0.025 -0.22 -0.562 -0.967 -0.891 -0.819 -0.597 -0.771 -1.116 -1.106
-0.196 -0.309 0.309 0.017 -0.473 -0.447 -0.576 -1.007 -1.331 -1.217 -1.011 -0.29 0.414 0.914 1.145 0.932 0.386 0.168 -0.144 -0.574 -0.294 0.056 -0.204 -0.382 -0.802 -0.519 -0.572 -0.95 -0.94 -0.974 -0.869 -0.746 -0.671 -0.495 -0.222 0.436 0.4 -0.165 -0.556 -0.395 0.037 0.251 0.077 0.24 0.366 0.741 1.051 1.155 1.2 1.173 1.08 0.898 0.504 0.159 -0.183 -0.097 0.17 0.506 0.606 0.223 -0.048 -0.21 -0.022 0.402 0.045 0.307 0.226 -0.186 -0.437 -0.565 -0.886 -0.862 -0.585 -0.367 -0.576 -0.952 -0.967
-0.649 -0.721 -0.217 0.027 -0.373 -0.614 -1.061 -1.318 -1.464 -1.137 -0.695 -0.14 0.535 1.043 1.157 0.999 0.747 0.729 0.527 0.106 0.163 0.106 -0.414 -0.751 -0.835 -0.209 -0.503 -1.01 -0.756 -0.782 -0.946 -0.432 -0.131 0.014 0.297 0.462 0.135 -0.29 -0.837 -0.706 -0.178 -0.206 -0.337 -0.126 0.149 0.688 0.882 0.948 1.161 1.204 1.176 1.082 0.865 0.523 0.249 0.335 0.481 0.745 0.701 0.507 0.37 0.203 0.374 0.582 0.475 0.574 0.389 0.087 -0.046 -0.368 -0.859 -0.712 -0.36 -0.443 -0.694 -0.956 -0.947
-0.865 -0.897 -0.601 -0.221 -0.055 -0.46 -0.967 -1.258 -1.162 -0.477 -0.218 0.179 0.814 1.15 0.96 0.823 0.331 0.33 0.66 0.699 0.59 0.134 -0.471 -0.815 -0.754 -0.078 -0.4 -0.895 -0.387 -0.589 -0.638 -0.187 0.258 0.368 0.398 0.186 -0.266 -0.439 -1.035 -0.962 -0.61 -0.633 -0.619 -0.354 0.119 0.752 0.631 0.559 0.912 1.15 1.202 1.166 1.101 0.84 0.609 0.647 0.833 1.008 1.001 0.89 0.804 0.677 0.754 0.758 0.559 0.29 0.163 0.157 -0.078 -0.393 -0.398 -0.249 -0.171 -0.588 -0.995 -1.107 -0.806
-0.86 -0.812 -0.643 -0.46 -0.429 -0.655 -1.007 -0.999 -0.709 -0.156 0.076 0.565 1.069 0.984 0.591 0.603 0.036 -0.281 0.162 0.496 0.789 0.305 -0.284 -0.482 -0.597 -0.044 -0.324 -0.757 -0.41 -0.156 -0.113 0.162 0.046 -0.227 -0.208 0.162 -0.529 -0.641 -1.115 -1.116 -0.81 -0.674 -0.516 -0.179 0.227 0.735 0.373 0.249 0.454 0.875 1.17 1.199 1.18 1.11 0.952 0.808 0.943 1.002 0.939 0.94 1.043 0.971 0.697 0.368 0.108 -0.116 -0.25 -0.258 -0.214 -0.144 0.008 -0.154 -0.26 -0.479 -0.953 -1.067 -0.771
-0.789 -0.799 -0.665 -0.54 -0.949 -0.872 -0.71 -0.483 -0.211 0.104 0.44 0.946 1.059 0.675 0.303 0.477 -0.07 -0.603 -0.376 -0.071 0.514 0.638 0.047 -0.12 -0.164 0.089 -0.365 -0.776 -0.37 0.069 -0.009 -0.124 -0.349 -0.654 -0.61 -0.047 -0.6 -1 -1.292 -1.057 -0.63 -0.231 -0.051 0.198 0.459 0.711 0.211 0.11 0.328 0.788 1.178 1.206 1.193 1.158 0.598 0.697 0.668 0.488 0.379 0.279 0.517 0.878 0.798 0.288 0.053 -0.069 -0.353 -0.557 -0.419 -0.065 -0.019 -0.453 -0.593 -0.496 -0.812 -1.072 -0.856
-0.656 -0.931 -0.796 -0.825 -1.212 -1.031 -0.771 -0.528 -0.246 -0.018 0.618 1.105 0.768 0.19 0.12 0.221 -0.143 -0.712 -0.771 -0.491 0.036 0.725 0.481 0.295 0.194 -0.096 -0.772 -0.984 -0.388 -0.239 -0.614 -0.55 -0.627 -0.947 -0.716 -0.291 -0.658 -1.188 -1.359 -1.079 -0.628 -0.298 -0.12 -0.06 0.441 0.679 0.079 -0.046 0.376 0.869 1.206 1.213 1.206 1.096 0.539 0.604 0.402 0.012 -0.01 -0.125 -0.045 0.421 0.905 0.606 0.318 0.14 -0.221 -0.54 -0.35 0.083 -0.097 -0.537 -0.804 -0.805 -0.788 -1.085 -1.036
-0.763 -0.961 -0.879 -0.958 -1.036 -0.926 -0.668 -0.428 -0.214 0.047 0.765 1.046 0.379 -0.238 -0.059 -0.204 -0.269 -0.678 -0.613 -0.196 0.11 0.662 0.429 -0.049 -0.378 -0.779 -0.95 -0.946 -0.537 -0.583 -0.9 -0.916 -1.022 -1.058 -0.782 -0.662 -0.917 -1.317 -1.157 -1.289 -0.994 -0.726 -0.705 -0.397 0.315 0.63 -0.107 -0.019 0.483 0.958 1.22 1.215 1.165 0.912 0.379 0.563 0.202 -0.16 -0.285 -0.158 0.095 0.475 0.918 0.728 0.333 -0.011 -0.223 -0.25 0.026 0.216 -0.208 -0.719 -0.827 -1.136 -1.158 -1.268 -1.195
-0.702 -0.724 -0.742 -0.786 -0.792 -0.666 -0.345 -0.124 0.02 0.432 1.028 0.835 0.184 -0.298 -0.226 -0.329 -0.422 -0.754 -0.784 -0.438 -0.059 0.596 0.28 -0.46 -0.7 -0.691 -0.739 -0.823 -0.619 -0.813 -1.061 -1.073 -0.984 -0.928 -0.828 -0.851 -0.97 -1.276 -0.906 -1.182 -1.072 -0.677 -0.599 -0.324 0.359 0.345 -0.25 0.096 0.525 1.015 1.216 1.21 1.08 0.787 0.338 0.432 0.269 -0.101 -0.308 -0.135 0.278 0.661 0.878 0.816 0.385 0.117 0.099 0.13 0.327 0.124 -0.35 -0.719 -0.901 -1.193 -1.298 -1.343 -1.182
-0.57 -0.556 -0.688 -0.896 -0.869 -0.493 -0.122 0.25 0.384 0.902 0.959 0.279 0.221 -0.217 -0.425 -0.575 -0.596 -0.844 -0.867 -0.591 -0.152 0.523 0.375 -0.296 -0.387 -0.417 -0.597 -1.049 -1.018 -1.073 -0.973 -0.826 -0.603 -0.523 -0.474 -0.515 -0.649 -1.037 -0.885 -0.766 -1.109 -0.806 -0.323 0.09 0.55 -0.105 -0.25 0.228 0.701 1.109 1.226 1.197 1.034 0.653 0.13 0.321 0.157 -0.219 -0.251 0.038 0.445 0.572 0.642 0.829 0.732 0.581 0.519 0.536 0.473 0.218 -0.078 -0.354 -0.613 -0.923 -1.074 -1.142 -0.91
