data/climatemaps/RS_maps/climate_postbreed_tmp_2006.asc
NCOLS 369 
NROWS 228 
XLLCORNER 479000 
YLLCORNER 73000 
CELLSIZE 1000 
NODATA_value -9 
[rows 34 to 67 of 228, columns 156 to 233 of 369]
1.323 1.335 1.335 1.343 1.341 1.335 1.332 1.318 1.319 1.314 1.311 1.261 1.155 1.222 1.224 1.153 1.184 1.23 1.163 1.185 1.119 1.13 1.128 1.196 1.293 1.271 1.258 1.23 1.241 1.179 1.108 1.111 1.113 1.122 1.112 1.182 1.133 1.183 1.152 1.165 1.144 1.19 1.244 1.25 1.221 1.234 1.256 1.234 1.214 1.269 1.21 1.081 1.045 1.109 1.12 1.1 1.108 1.182 1.227 1.236 1.236 1.222 1.204 1.186 1.182 1.219 1.245 1.249 1.246 1.254 1.266 1.275 1.246 1.24 1.285 1.291 1.264 1.23
1.213 1.267 1.242 1.276 1.3 1.308 1.321 1.28 1.271 1.266 1.288 1.249 1.195 1.171 1.236 1.168 1.185 1.22 1.127 1.127 1.101 1.086 1.146 1.226 1.287 1.272 1.263 1.214 1.226 1.211 1.168 1.169 1.101 1.09 1.097 1.143 1.157 1.131 1.194 1.134 1.088 1.097 1.239 1.239 1.214 1.227 1.251 1.235 1.203 1.201 1.273 1.211 1.13 1.075 1.086 1.136 1.163 1.221 1.237 1.243 1.24 1.225 1.222 1.208 1.203 1.215 1.219 1.221 1.22 1.198 1.209 1.229 1.214 1.216 1.233 1.278 1.289 1.272
1.132 1.175 1.224 1.193 1.201 1.228 1.281 1.291 1.228 1.204 1.255 1.227 1.143 1.153 1.218 1.108 1.093 1.178 1.112 1.079 1.038 1.06 1.143 1.255 1.287 1.274 1.242 1.204 1.194 1.191 1.219 1.213 1.154 1.099 1.116 1.121 1.129 1.102 1.098 1.209 1.169 1.171 1.24 1.25 1.213 1.245 1.256 1.241 1.228 1.173 1.236 1.267 1.23 1.204 1.178 1.187 1.236 1.254 1.208 1.239 1.222 1.207 1.201 1.215 1.227 1.225 1.218 1.21 1.187 1.163 1.157 1.17 1.204 1.204 1.219 1.265 1.305 1.312
1.189 1.131 1.153 1.176 1.175 1.182 1.219 1.274 1.272 1.225 1.202 1.21 1.08 1.077 1.119 1.106 1.086 1.13 1.126 1.101 1.142 1.153 1.132 1.254 1.294 1.261 1.168 1.15 1.126 1.121 1.173 1.211 1.212 1.171 1.183 1.14 1.09 1.088 1.077 1.141 1.187 1.176 1.233 1.255 1.236 1.262 1.267 1.261 1.244 1.183 1.18 1.253 1.24 1.204 1.242 1.252 1.255 1.25 1.233 1.243 1.202 1.217 1.183 1.181 1.227 1.232 1.22 1.202 1.161 1.16 1.146 1.167 1.164 1.161 1.226 1.27 1.301 1.308
1.16 1.183 1.128 1.145 1.177 1.144 1.178 1.243 1.288 1.228 1.103 1.127 1.087 1.083 1.134 1.104 1.055 1.122 1.164 1.201 1.201 1.245 1.26 1.272 1.287 1.228 1.152 1.129 1.101 1.074 1.105 1.176 1.223 1.203 1.202 1.185 1.112 1.102 1.083 1.121 1.167 1.193 1.22 1.26 1.246 1.273 1.263 1.27 1.241 1.171 1.147 1.241 1.239 1.146 1.163 1.197 1.192 1.21 1.25 1.242 1.217 1.239 1.216 1.194 1.232 1.233 1.228 1.2 1.185 1.197 1.2 1.201 1.164 1.198 1.245 1.255 1.272 1.293
1.114 1.186 1.165 1.124 1.088 1.115 1.198 1.26 1.281 1.278 1.246 1.212 1.17 1.166 1.184 1.118 1.076 1.07 1.123 1.125 1.174 1.248 1.256 1.217 1.263 1.286 1.243 1.177 1.128 1.086 1.083 1.173 1.213 1.214 1.17 1.191 1.207 1.201 1.177 1.168 1.198 1.222 1.24 1.275 1.271 1.271 1.259 1.263 1.248 1.177 1.136 1.214 1.248 1.158 1.133 1.128 1.113 1.177 1.208 1.219 1.232 1.243 1.239 1.236 1.243 1.193 1.188 1.199 1.197 1.172 1.148 1.203 1.228 1.243 1.248 1.238 1.227 1.29
1.125 1.192 1.173 1.019 0.984 1.13 1.229 1.265 1.227 1.168 1.19 1.185 1.215 1.22 1.188 1.168 1.129 1.084 1.114 1.151 1.175 1.252 1.219 1.215 1.304 1.302 1.288 1.276 1.244 1.198 1.124 1.163 1.19 1.177 1.123 1.114 1.142 1.165 1.179 1.193 1.222 1.252 1.271 1.279 1.272 1.271 1.267 1.265 1.255 1.188 1.145 1.195 1.231 1.207 1.174 1.123 1.089 1.139 1.142 1.178 1.243 1.208 1.202 1.239 1.24 1.19 1.147 1.169 1.17 1.145 1.076 1.141 1.199 1.188 1.192 1.228 1.228 1.209
1.13 1.088 1.044 1.021 1.133 1.175 1.227 1.207 1.139 1.137 1.205 1.192 1.206 1.205 1.198 1.165 1.12 1.101 1.135 1.166 1.202 1.271 1.271 1.297 1.315 1.275 1.224 1.25 1.261 1.263 1.229 1.181 1.148 1.106 1.046 1.033 1.042 1.057 1.074 1.115 1.185 1.253 1.278 1.285 1.269 1.271 1.275 1.277 1.27 1.219 1.173 1.19 1.168 1.184 1.163 1.141 1.105 1.12 1.097 1.174 1.24 1.181 1.151 1.181 1.216 1.218 1.162 1.106 1.13 1.12 1.089 1.131 1.131 1.185 1.186 1.22 1.221 1.183
1.101 1.002 1.011 1.04 1.158 1.189 1.188 1.148 1.144 1.142 1.186 1.211 1.173 1.188 1.154 1.125 1.117 1.108 1.162 1.214 1.268 1.297 1.286 1.285 1.305 1.252 1.181 1.162 1.188 1.224 1.279 1.238 1.161 1.131 1.108 1.091 1.117 1.104 1.074 1.077 1.146 1.237 1.263 1.278 1.274 1.266 1.286 1.286 1.285 1.263 1.207 1.193 1.161 1.156 1.132 1.121 1.118 1.114 1.107 1.155 1.231 1.201 1.163 1.17 1.195 1.194 1.17 1.142 1.079 1.058 1.062 1.063 1.072 1.114 1.155 1.12 1.19 1.189
1.086 1.082 1.057 1.052 1.154 1.124 1.162 1.15 1.134 1.121 1.172 1.188 1.148 1.158 1.106 1.095 1.075 1.115 1.21 1.29 1.29 1.263 1.26 1.27 1.293 1.264 1.218 1.164 1.183 1.208 1.274 1.277 1.252 1.221 1.201 1.205 1.233 1.208 1.184 1.16 1.185 1.206 1.243 1.257 1.269 1.266 1.293 1.29 1.293 1.286 1.26 1.228 1.202 1.171 1.164 1.143 1.144 1.126 1.128 1.156 1.191 1.149 1.207 1.187 1.2 1.183 1.184 1.135 1.096 1.046 1.032 0.987 0.976 1.049 1.107 1.092 1.121 1.178
1.13 1.105 1.054 1.071 1.139 1.096 1.149 1.17 1.116 1.033 1.113 1.15 1.096 1.108 1.046 1.038 1.046 1.162 1.249 1.308 1.26 1.229 1.255 1.27 1.279 1.293 1.272 1.233 1.23 1.202 1.26 1.292 1.284 1.253 1.211 1.258 1.272 1.267 1.268 1.263 1.265 1.249 1.254 1.231 1.234 1.257 1.278 1.289 1.295 1.294 1.28 1.271 1.253 1.221 1.205 1.199 1.169 1.154 1.148 1.162 1.201 1.124 1.145 1.091 1.109 1.188 1.203 1.157 1.127 1.095 1.065 1.036 1.03 0.987 1.127 1.093 1.139 1.171
1.073 1.1 1.076 1.072 1.126 1.026 1.066 1.158 1.091 0.981 1.047 1.128 1.043 1.03 1.049 1.077 1.128 1.236 1.294 1.315 1.257 1.255 1.271 1.28 1.274 1.287 1.299 1.276 1.258 1.23 1.188 1.227 1.293 1.279 1.254 1.278 1.271 1.272 1.284 1.288 1.29 1.29 1.282 1.265 1.247 1.231 1.25 1.286 1.301 1.296 1.277 1.256 1.258 1.273 1.25 1.223 1.208 1.186 1.176 1.197 1.201 1.118 1.084 1.062 1.109 1.152 1.164 1.19 1.179 1.163 1.149 1.129 1.083 1.031 1.128 1.036 1.08 1.124
1.097 1.082 1.087 1.029 1.093 0.978 0.971 1.093 1.043 1.014 1.019 1.087 1.03 1.057 1.143 1.173 1.187 1.238 1.294 1.319 1.235 1.239 1.276 1.282 1.281 1.288 1.3 1.283 1.281 1.258 1.164 1.141 1.251 1.297 1.295 1.265 1.223 1.19 1.189 1.239 1.272 1.294 1.294 1.287 1.286 1.274 1.255 1.272 1.295 1.301 1.287 1.257 1.239 1.251 1.27 1.259 1.215 1.204 1.19 1.208 1.198 1.135 1.079 1.075 1.132 1.114 1.107 1.159 1.142 1.149 1.155 1.154 1.116 1.096 1.091 1.021 1.028 1.07
1.1 1.055 1.048 0.953 0.98 0.939 0.956 1.001 0.975 1.056 1.055 1.088 1.017 1.064 1.15 1.114 1.111 1.186 1.26 1.32 1.223 1.172 1.238 1.276 1.276 1.286 1.311 1.296 1.282 1.264 1.211 1.109 1.149 1.263 1.314 1.318 1.318 1.266 1.228 1.206 1.202 1.247 1.279 1.289 1.289 1.301 1.301 1.288 1.291 1.307 1.304 1.272 1.252 1.272 1.288 1.267 1.239 1.228 1.207 1.212 1.197 1.18 1.129 1.112 1.108 1.107 1.054 1.118 1.112 1.069 1.127 1.147 1.085 1.043 1.023 1.002 1.012 1.056
1.08 0.975 0.948 0.911 0.873 0.944 1.023 1.017 1.001 1.107 1.169 1.168 1.105 1.126 1.124 1.125 1.16 1.228 1.276 1.325 1.266 1.222 1.204 1.246 1.285 1.287 1.306 1.336 1.303 1.28 1.262 1.185 1.096 1.156 1.275 1.324 1.341 1.344 1.312 1.273 1.285 1.199 1.202 1.233 1.26 1.283 1.286 1.294 1.308 1.315 1.316 1.286 1.283 1.293 1.293 1.275 1.239 1.228 1.226 1.22 1.208 1.204 1.174 1.147 1.104 1.08 1.051 1.112 1.108 1.04 1.097 1.158 1.099 1.054 1.044 0.986 0.988 1.032
1.075 0.991 0.889 0.972 0.946 1.014 1.126 1.141 1.154 1.172 1.221 1.251 1.246 1.264 1.259 1.269 1.28 1.308 1.316 1.317 1.31 1.299 1.277 1.265 1.282 1.282 1.304 1.343 1.344 1.306 1.301 1.24 1.137 1.112 1.189 1.308 1.346 1.348 1.348 1.341 1.344 1.334 1.306 1.278 1.248 1.247 1.262 1.302 1.306 1.319 1.324 1.316 1.308 1.31 1.308 1.305 1.267 1.239 1.232 1.222 1.205 1.212 1.199 1.179 1.138 1.058 1.091 1.085 1.093 1.05 1.073 1.126 1.123 1.057 1.069 1.034 1.004 0.991
0.979 0.94 0.933 1.009 1.056 1.03 1.116 1.212 1.211 1.194 1.255 1.293 1.304 1.306 1.3 1.302 1.308 1.315 1.305 1.296 1.308 1.282 1.286 1.295 1.223 1.201 1.223 1.273 1.329 1.342 1.33 1.31 1.191 1.087 1.103 1.235 1.321 1.349 1.356 1.343 1.359 1.359 1.355 1.351 1.317 1.275 1.25 1.288 1.29 1.259 1.279 1.313 1.316 1.317 1.312 1.313 1.298 1.275 1.261 1.236 1.207 1.208 1.221 1.21 1.17 1.111 1.112 1.042 1.045 1.026 1.039 1.123 1.078 1.028 1.016 0.998 1.003 0.998
0.914 0.989 1.087 1.083 1.148 1.175 1.193 1.257 1.271 1.27 1.294 1.295 1.3 1.295 1.295 1.295 1.295 1.295 1.295 1.295 1.305 1.281 1.285 1.308 1.272 1.216 1.242 1.214 1.285 1.355 1.35 1.331 1.25 1.129 1.065 1.176 1.284 1.326 1.335 1.346 1.328 1.326 1.342 1.364 1.368 1.351 1.339 1.326 1.286 1.182 1.192 1.251 1.292 1.321 1.32 1.321 1.312 1.307 1.291 1.269 1.24 1.209 1.214 1.221 1.206 1.172 1.121 1.042 1.002 0.988 1.051 1.126 1.105 1.034 1 0.966 0.929 0.963
0.915 1.045 1.176 1.208 1.226 1.204 1.187 1.277 1.3 1.307 1.279 1.289 1.294 1.295 1.293 1.293 1.294 1.291 1.295 1.299 1.305 1.27 1.271 1.302 1.315 1.291 1.263 1.221 1.267 1.344 1.363 1.358 1.302 1.187 1.078 1.146 1.258 1.297 1.304 1.335 1.273 1.243 1.283 1.342 1.365 1.368 1.368 1.36 1.314 1.211 1.174 1.182 1.217 1.267 1.312 1.328 1.319 1.318 1.311 1.289 1.261 1.238 1.207 1.223 1.223 1.203 1.155 1.082 1.04 1.048 1.1 1.088 1.115 0.987 0.939 0.95 0.935 0.91
1.084 1.201 1.222 1.252 1.235 1.2 1.212 1.291 1.264 1.246 1.239 1.274 1.276 1.295 1.275 1.27 1.278 1.253 1.294 1.283 1.299 1.276 1.239 1.279 1.312 1.317 1.285 1.229 1.268 1.331 1.372 1.39 1.353 1.261 1.157 1.178 1.263 1.273 1.292 1.327 1.279 1.212 1.22 1.296 1.353 1.365 1.365 1.37 1.351 1.294 1.212 1.145 1.144 1.196 1.25 1.314 1.332 1.333 1.321 1.309 1.291 1.264 1.229 1.198 1.215 1.224 1.198 1.156 1.124 1.108 1.077 1.023 1.096 1.095 1.035 1.038 0.978 0.933
1.196 1.234 1.255 1.27 1.26 1.268 1.288 1.292 1.225 1.231 1.265 1.273 1.282 1.288 1.275 1.241 1.239 1.24 1.29 1.281 1.272 1.248 1.239 1.244 1.3 1.323 1.322 1.277 1.274 1.31 1.358 1.388 1.392 1.331 1.23 1.238 1.254 1.218 1.276 1.306 1.294 1.244 1.2 1.2 1.279 1.345 1.365 1.372 1.375 1.346 1.277 1.187 1.159 1.153 1.191 1.244 1.322 1.341 1.338 1.316 1.312 1.29 1.27 1.219 1.215 1.228 1.226 1.201 1.139 1.11 1.047 0.935 1.041 1.061 1.035 1.051 1.049 0.986
1.276 1.27 1.282 1.289 1.295 1.301 1.295 1.269 1.212 1.252 1.28 1.286 1.254 1.243 1.28 1.256 1.219 1.205 1.277 1.282 1.27 1.218 1.207 1.177 1.27 1.322 1.335 1.336 1.303 1.297 1.338 1.361 1.395 1.377 1.283 1.255 1.218 1.171 1.226 1.287 1.31 1.272 1.23 1.145 1.158 1.305 1.371 1.376 1.396 1.373 1.32 1.249 1.199 1.151 1.151 1.189 1.271 1.343 1.347 1.327 1.32 1.306 1.279 1.252 1.214 1.233 1.241 1.231 1.121 1.056 0.991 0.944 1.033 0.956 0.918 0.955 0.936 1.014
1.272 1.239 1.269 1.285 1.289 1.29 1.27 1.247 1.213 1.266 1.284 1.282 1.193 1.19 1.233 1.277 1.249 1.211 1.248 1.291 1.29 1.265 1.209 1.125 1.197 1.296 1.335 1.347 1.336 1.312 1.32 1.33 1.377 1.4 1.344 1.267 1.225 1.174 1.23 1.271 1.298 1.275 1.261 1.228 1.12 1.24 1.36 1.378 1.406 1.397 1.347 1.264 1.206 1.18 1.14 1.139 1.198 1.317 1.348 1.345 1.329 1.314 1.292 1.27 1.223 1.221 1.248 1.241 1.189 1.082 0.978 0.986 1.006 0.947 0.878 0.848 0.867 0.983
1.26 1.211 1.193 1.194 1.219 1.227 1.236 1.237 1.228 1.267 1.281 1.274 1.186 1.171 1.193 1.263 1.251 1.198 1.213 1.276 1.301 1.295 1.228 1.126 1.138 1.258 1.319 1.323 1.352 1.348 1.33 1.322 1.353 1.398 1.387 1.312 1.252 1.218 1.226 1.241 1.277 1.239 1.288 1.247 1.179 1.159 1.349 1.37 1.406 1.408 1.376 1.274 1.183 1.167 1.151 1.089 1.141 1.27 1.34 1.359 1.35 1.336 1.31 1.276 1.245 1.244 1.249 1.247 1.221 1.155 1.081 1.055 1.02 0.92 0.899 0.811 0.906 0.932
1.24 1.161 1.126 1.111 1.136 1.176 1.222 1.231 1.23 1.267 1.276 1.271 1.202 1.156 1.175 1.252 1.238 1.198 1.191 1.24 1.293 1.306 1.277 1.198 1.156 1.228 1.298 1.295 1.318 1.357 1.361 1.348 1.349 1.386 1.414 1.388 1.312 1.256 1.232 1.23 1.239 1.208 1.3 1.241 1.204 1.194 1.34 1.357 1.382 1.415 1.407 1.313 1.243 1.216 1.171 1.112 1.127 1.205 1.294 1.357 1.363 1.356 1.347 1.297 1.266 1.255 1.253 1.25 1.238 1.204 1.122 1.04 0.985 0.947 0.823 0.843 0.947 0.891
1.255 1.215 1.194 1.201 1.191 1.206 1.223 1.215 1.23 1.267 1.265 1.27 1.215 1.162 1.147 1.238 1.218 1.213 1.203 1.207 1.242 1.307 1.319 1.264 1.208 1.238 1.253 1.278 1.261 1.318 1.374 1.367 1.343 1.365 1.414 1.429 1.373 1.301 1.259 1.245 1.195 1.249 1.301 1.231 1.223 1.17 1.356 1.356 1.356 1.421 1.422 1.38 1.295 1.209 1.187 1.164 1.113 1.149 1.244 1.329 1.364 1.364 1.357 1.323 1.296 1.264 1.247 1.254 1.251 1.236 1.155 1.058 0.988 0.92 0.759 0.874 0.971 0.854
1.279 1.27 1.254 1.24 1.192 1.177 1.162 1.168 1.212 1.241 1.243 1.256 1.204 1.156 1.175 1.254 1.234 1.179 1.138 1.157 1.2 1.295 1.331 1.312 1.262 1.267 1.245 1.224 1.253 1.267 1.362 1.374 1.365 1.368 1.403 1.441 1.419 1.342 1.319 1.257 1.261 1.321 1.272 1.227 1.243 1.117 1.303 1.374 1.343 1.411 1.429 1.414 1.323 1.223 1.155 1.132 1.052 1.065 1.204 1.283 1.337 1.362 1.37 1.343 1.324 1.287 1.261 1.254 1.256 1.252 1.207 1.127 1.055 0.935 0.769 0.88 1.01 0.884
1.279 1.28 1.269 1.234 1.174 1.148 1.131 1.171 1.209 1.224 1.243 1.244 1.207 1.157 1.162 1.243 1.264 1.198 1.134 1.097 1.146 1.202 1.321 1.342 1.295 1.272 1.236 1.175 1.2 1.232 1.338 1.379 1.388 1.388 1.405 1.443 1.444 1.4 1.364 1.305 1.343 1.298 1.222 1.214 1.212 1.085 1.268 1.342 1.323 1.392 1.435 1.434 1.385 1.275 1.194 1.136 1.043 1.012 1.138 1.258 1.304 1.346 1.358 1.364 1.359 1.317 1.288 1.259 1.256 1.251 1.239 1.193 1.107 0.951 0.743 0.885 1.037 0.956
1.269 1.273 1.271 1.249 1.192 1.155 1.109 1.147 1.204 1.187 1.258 1.213 1.213 1.213 1.167 1.201 1.267 1.254 1.2 1.151 1.092 1.129 1.297 1.347 1.316 1.273 1.217 1.141 1.156 1.216 1.309 1.368 1.388 1.382 1.414 1.456 1.451 1.425 1.386 1.363 1.365 1.324 1.23 1.167 1.193 1.052 1.194 1.326 1.336 1.353 1.421 1.442 1.431 1.339 1.262 1.201 1.129 1.049 1.074 1.212 1.286 1.339 1.335 1.336 1.354 1.338 1.306 1.276 1.266 1.265 1.253 1.236 1.165 0.983 0.831 0.894 1.069 1.018
1.253 1.247 1.275 1.258 1.187 1.113 1.116 1.171 1.206 1.164 1.245 1.253 1.168 1.196 1.213 1.192 1.21 1.263 1.263 1.217 1.148 1.113 1.283 1.361 1.338 1.266 1.213 1.153 1.112 1.182 1.254 1.336 1.386 1.378 1.411 1.462 1.459 1.449 1.407 1.369 1.38 1.358 1.261 1.197 1.171 1.064 1.112 1.27 1.341 1.322 1.378 1.44 1.446 1.417 1.345 1.289 1.246 1.176 1.134 1.166 1.252 1.321 1.327 1.312 1.324 1.333 1.314 1.293 1.278 1.289 1.286 1.274 1.227 1.094 1.024 1.027 1.139 1.026
1.245 1.24 1.273 1.265 1.203 1.157 1.108 1.198 1.167 1.122 1.211 1.247 1.199 1.143 1.184 1.185 1.123 1.213 1.274 1.259 1.143 1.093 1.268 1.362 1.355 1.273 1.21 1.155 1.091 1.135 1.226 1.289 1.366 1.393 1.41 1.466 1.47 1.468 1.427 1.373 1.377 1.362 1.305 1.188 1.159 1.174 1.082 1.154 1.289 1.314 1.318 1.428 1.458 1.451 1.42 1.38 1.352 1.312 1.271 1.224 1.213 1.273 1.308 1.294 1.31 1.317 1.301 1.305 1.293 1.311 1.313 1.306 1.273 1.224 1.163 1.159 1.17 1.105
1.235 1.221 1.246 1.275 1.244 1.152 1.103 1.169 1.119 1.091 1.205 1.269 1.208 1.123 1.118 1.167 1.116 1.174 1.248 1.284 1.253 1.19 1.262 1.36 1.37 1.311 1.209 1.161 1.108 1.091 1.18 1.248 1.329 1.382 1.391 1.469 1.475 1.474 1.449 1.413 1.389 1.365 1.32 1.227 1.18 1.204 1.139 1.093 1.193 1.304 1.263 1.371 1.455 1.46 1.455 1.444 1.43 1.412 1.387 1.34 1.263 1.239 1.265 1.273 1.294 1.324 1.31 1.299 1.308 1.315 1.333 1.338 1.303 1.26 1.173 1.069 1.086 1.162
1.224 1.193 1.218 1.267 1.275 1.209 1.131 1.135 1.147 1.1 1.207 1.28 1.214 1.142 1.103 1.132 1.121 1.135 1.208 1.253 1.286 1.287 1.256 1.332 1.378 1.342 1.239 1.18 1.116 1.052 1.121 1.21 1.291 1.36 1.389 1.451 1.477 1.481 1.459 1.431 1.414 1.379 1.326 1.259 1.258 1.252 1.207 1.152 1.097 1.249 1.272 1.273 1.388 1.431 1.454 1.456 1.45 1.452 1.446 1.429 1.37 1.296 1.244 1.269 1.289 1.332 1.337 1.331 1.322 1.333 1.342 1.368 1.344 1.293 1.224 1.203 1.213 1.22
1.223 1.202 1.199 1.237 1.274 1.245 1.207 1.139 1.118 1.108 1.204 1.273 1.24 1.154 1.093 1.052 1.119 1.132 1.122 1.154 1.256 1.281 1.226 1.264 1.372 1.37 1.289 1.208 1.138 1.05 1.065 1.159 1.26 1.326 1.38 1.43 1.479 1.489 1.476 1.432 1.428 1.41 1.379 1.294 1.291 1.283 1.259 1.236 1.091 1.126 1.286 1.246 1.262 1.357 1.41 1.423 1.438 1.46 1.458 1.454 1.446 1.405 1.358 1.323 1.332 1.364 1.393 1.384 1.348 1.343 1.37 1.376 1.371 1.35 1.335 1.301 1.282 1.284
