data/climatemaps/RS_maps/climate_winter_pr_2009.asc
NCOLS 369 
NROWS 228 
XLLCORNER 479000 
YLLCORNER 73000 
CELLSIZE 1000 
NODATA_value -9 
[rows 0 to 32 of 228, columns 225 to 299 of 369]
-0.956 -9 -9 -9 -9 -9 -9 -9 -9 -9 -9 -9 -9 -9 -9 -9 -9 -9 -9 -9 -9 -9 -9 -9 -9 -9 -9 -9 -9 -9 -9 -9 -9 -9 -9 -9 -9 -9 -9 -9 -9 -9 -9 -9 -9 -9 -9 -9 -9 -9 -9 -9 -9 -9 -9 -9 -9 -9 -9 -9 -9 -9 -9 -9 -9 -9 -9 -9 -9 -9 -9 -9 -9 -9 -9
-0.982 -0.976 -0.971 -0.966 -9 -9 -9 -9 -9 -9 -9 -9 -9 -9 -9 -9 -9 -9 -9 -9 -9 -9 -9 -9 -9 -9 -9 -9 -9 -9 -9 -9 -9 -9 -9 -9 -9 -9 -9 -9 -9 -9 -9 -9 -9 -9 -9 -9 -9 -9 -9 -9 -9 -9 -9 -9 -9 -9 -9 -9 -9 -9 -9 -9 -9 -9 -9 -9 -9 -9 -9 -9 -9 -9 -9
-0.996 -0.997 -0.996 -0.992 -0.985 -9 -9 -9 -9 -9 -9 -9 -9 -9 -9 -9 -9 -9 -9 -9 -9 -9 -9 -9 -9 -9 -9 -9 -9 -9 -9 -9 -9 -9 -9 -9 -9 -9 -9 -9 -9 -9 -9 -9 -9 -9 -9 -9 -9 -9 -9 -9 -9 -9 -9 -9 -9 -9 -9 -9 -9 -9 -9 -9 -9 -9 -9 -9 -9 -9 -9 -9 -9 -9 -9
-0.997 -1.005 -1.01 -1.008 -1 -0.986 -0.971 -9 -9 -9 -9 -9 -9 -9 -9 -9 -9 -9 -9 -9 -9 -9 -9 -9 -9 -9 -9 -9 -9 -9 -9 -9 -9 -9 -9 -9 -9 -9 -9 -9 -9 -9 -9 -9 -9 -9 -9 -9 -9 -9 -9 -9 -9 -9 -9 -9 -9 -9 -9 -9 -9 -9 -9 -9 -9 -9 -9 -9 -9 -9 -9 -9 -9 -9 -9
-0.984 -1.002 -1.012 -1.014 -1.006 -0.991 -0.972 -0.945 -9 -9 -9 -9 -9 -9 -9 -9 -9 -9 -9 -9 -9 -9 -9 -9 -9 -9 -9 -9 -9 -9 -9 -9 -9 -9 -9 -9 -9 -9 -9 -9 -9 -9 -9 -9 -9 -9 -9 -9 -9 -9 -9 -9 -9 -9 -9 -9 -9 -9 -9 -9 -9 -9 -9 -9 -9 -9 -9 -9 -9 -9 -9 -9 -9 -9 -9
-0.959 -0.986 -1.004 -1.01 -1.003 -0.986 -0.967 -0.944 -0.922 -9 -9 -9 -9 -9 -9 -9 -9 -9 -9 -9 -9 -9 -9 -9 -9 -9 -9 -9 -9 -9 -9 -9 -9 -9 -9 -9 -9 -9 -9 -9 -9 -9 -9 -9 -9 -9 -9 -9 -9 -9 -9 -9 -9 -9 -9 -9 -9 -9 -9 -9 -9 -9 -9 -9 -9 -9 -9 -9 -9 -9 -9 -9 -9 -9 -9
-0.928 -0.964 -0.99 -0.999 -0.992 -0.975 -0.96 -0.945 -0.923 -0.91 -9 -0.926 -0.931 -0.943 -0.948 -0.951 -0.968 -0.996 -1.022 -1.042 -1.047 -1.035 -9 -9 -9 -9 -9 -9 -9 -9 -9 -9 -9 -9 -9 -9 -9 -9 -9 -9 -9 -9 -9 -9 -9 -9 -9 -9 -9 -9 -9 -9 -9 -9 -9 -9 -9 -9 -9 -9 -9 -9 -9 -9 -9 -9 -9 -9 -9 -9 -9 -9 -9 -9 -9
-0.901 -0.942 -0.972 -0.984 -0.981 -0.969 -0.959 -0.949 -0.934 -0.923 -0.924 -0.927 -0.925 -0.928 -0.927 -0.923 -0.93 -0.956 -0.99 -1.018 -1.035 -1.04 -1.027 -1.005 -0.987 -0.972 -9 -9 -9 -9 -9 -9 -9 -9 -9 -9 -9 -9 -9 -9 -9 -9 -9 -9 -9 -9 -9 -9 -9 -9 -9 -9 -9 -9 -9 -9 -9 -9 -9 -9 -9 -9 -9 -9 -9 -9 -9 -9 -9 -9 -9 -9 -9 -9 -9
-0.883 -0.923 -0.955 -0.97 -0.973 -0.968 -0.962 -0.959 -0.954 -0.949 -0.948 -0.948 -0.945 -0.939 -0.93 -0.92 -0.915 -0.924 -0.949 -0.983 -1.008 -1.024 -1.029 -1.023 -1.015 -1.006 -0.993 -0.985 -0.98 -0.971 -0.956 -0.942 -0.933 -0.936 -0.941 -9 -9 -9 -9 -9 -9 -9 -9 -9 -9 -9 -9 -9 -9 -9 -9 -9 -9 -9 -9 -9 -9 -9 -9 -9 -9 -9 -9 -9 -9 -9 -9 -9 -9 -9 -9 -9 -9 -9 -9
-0.873 -0.911 -0.941 -0.958 -0.966 -0.966 -0.966 -0.97 -0.973 -0.976 -0.977 -0.975 -0.974 -0.967 -0.953 -0.935 -0.919 -0.914 -0.922 -0.942 -0.97 -0.997 -1.016 -1.026 -1.031 -1.029 -1.021 -1.011 -1.002 -0.991 -0.975 -0.957 -0.939 -0.933 -0.933 -0.933 -0.922 -0.89 -0.847 -9 -9 -9 -9 -9 -9 -9 -9 -9 -9 -9 -9 -9 -9 -9 -9 -9 -9 -9 -9 -9 -9 -9 -9 -9 -9 -9 -9 -9 -9 -9 -9 -9 -9 -9 -9
-0.869 -0.902 -0.929 -0.946 -0.956 -0.96 -0.967 -0.978 -0.989 -0.998 -1.002 -1.001 -1 -0.995 -0.982 -0.965 -0.945 -0.927 -0.918 -0.923 -0.938 -0.962 -0.992 -1.013 -1.027 -1.034 -1.035 -1.031 -1.02 -1.007 -0.99 -0.971 -0.948 -0.933 -0.928 -0.926 -0.92 -0.899 -0.86 -0.814 -0.767 -9 -9 -9 -9 -9 -9 -9 -9 -9 -9 -9 -9 -9 -9 -9 -9 -9 -9 -9 -9 -9 -9 -9 -9 -9 -9 -9 -9 -9 -9 -9 -9 -9 -9
-0.868 -0.895 -0.916 -0.93 -0.94 -0.949 -0.962 -0.978 -0.995 -1.009 -1.017 -1.021 -1.022 -1.018 -1.004 -0.988 -0.971 -0.948 -0.93 -0.922 -0.925 -0.939 -0.965 -0.991 -1.009 -1.023 -1.033 -1.036 -1.033 -1.022 -1.005 -0.984 -0.959 -0.936 -0.921 -0.916 -0.911 -0.899 -0.871 -0.828 -0.779 -0.722 -0.661 -9 -9 -9 -9 -9 -9 -9 -9 -9 -9 -9 -9 -9 -9 -9 -9 -9 -9 -9 -9 -9 -9 -9 -9 -9 -9 -9 -9 -9 -9 -9 -9
-0.864 -0.886 -0.899 -0.906 -0.914 -0.927 -0.944 -0.965 -0.987 -1.005 -1.019 -1.028 -1.034 -1.034 -1.023 -1.008 -0.992 -0.975 -0.957 -0.944 -0.937 -0.94 -0.951 -0.967 -0.985 -1.003 -1.019 -1.028 -1.032 -1.028 -1.014 -0.989 -0.959 -0.932 -0.911 -0.9 -0.895 -0.89 -0.874 -0.841 -0.797 -0.744 -0.685 -0.628 -0.585 -9 -9 -9 -9 -9 -9 -9 -9 -9 -9 -9 -9 -9 -9 -9 -9 -9 -9 -9 -9 -9 -9 -9 -9 -9 -9 -9 -9 -9 -9
-0.858 -0.871 -0.876 -0.874 -0.874 -0.886 -0.908 -0.933 -0.959 -0.984 -1.004 -1.02 -1.031 -1.037 -1.036 -1.027 -1.013 -0.998 -0.984 -0.97 -0.956 -0.951 -0.949 -0.952 -0.964 -0.98 -1 -1.013 -1.021 -1.022 -1.01 -0.982 -0.945 -0.912 -0.891 -0.879 -0.874 -0.874 -0.868 -0.847 -0.815 -0.775 -0.726 -0.675 -0.634 -0.616 -0.616 -9 -9 -9 -9 -9 -9 -9 -9 -9 -9 -9 -9 -9 -9 -9 -9 -9 -9 -9 -9 -9 -9 -9 -9 -9 -9 -9 -9
-0.846 -0.852 -0.846 -0.837 -0.829 -0.835 -0.854 -0.882 -0.913 -0.943 -0.971 -0.996 -1.015 -1.027 -1.033 -1.032 -1.026 -1.015 -1.005 -0.993 -0.979 -0.966 -0.957 -0.953 -0.952 -0.961 -0.982 -0.997 -1.006 -1.01 -1.001 -0.972 -0.932 -0.893 -0.865 -0.853 -0.851 -0.854 -0.854 -0.842 -0.823 -0.798 -0.763 -0.725 -0.689 -0.663 -0.648 -0.648 -0.652 -9 -9 -9 -9 -9 -9 -9 -9 -9 -9 -9 -9 -9 -9 -9 -9 -9 -9 -9 -9 -9 -9 -9 -9 -9 -9
-0.829 -0.824 -0.808 -0.788 -0.77 -0.77 -0.785 -0.812 -0.847 -0.883 -0.918 -0.956 -0.986 -1.007 -1.018 -1.023 -1.024 -1.021 -1.017 -1.011 -1.002 -0.988 -0.975 -0.965 -0.958 -0.955 -0.97 -0.983 -0.992 -0.997 -0.992 -0.971 -0.932 -0.891 -0.855 -0.836 -0.832 -0.834 -0.838 -0.832 -0.821 -0.806 -0.785 -0.759 -0.725 -0.697 -0.674 -0.664 -0.66 -0.655 -0.651 -9 -9 -9 -9 -9 -9 -9 -9 -9 -9 -9 -9 -9 -9 -9 -9 -9 -9 -9 -9 -9 -9 -9 -9
-0.807 -0.791 -0.765 -0.733 -0.703 -0.691 -0.698 -0.722 -0.76 -0.806 -0.85 -0.901 -0.945 -0.976 -0.994 -1.002 -1.006 -1.009 -1.012 -1.014 -1.012 -1.004 -0.994 -0.984 -0.972 -0.961 -0.964 -0.975 -0.982 -0.986 -0.982 -0.969 -0.939 -0.902 -0.865 -0.839 -0.826 -0.822 -0.822 -0.82 -0.814 -0.806 -0.794 -0.779 -0.752 -0.723 -0.698 -0.68 -0.669 -0.661 -0.654 -0.654 -0.657 -9 -9 -9 -9 -9 -9 -9 -9 -9 -9 -9 -9 -9 -9 -9 -9 -9 -9 -9 -9 -9 -9
-0.795 -0.772 -0.744 -0.705 -0.664 -0.64 -0.632 -0.647 -0.679 -0.729 -0.789 -0.85 -0.902 -0.939 -0.957 -0.965 -0.97 -0.976 -0.985 -0.996 -1.003 -1.005 -1.002 -0.995 -0.985 -0.972 -0.965 -0.968 -0.972 -0.976 -0.973 -0.964 -0.944 -0.917 -0.884 -0.855 -0.833 -0.819 -0.81 -0.809 -0.805 -0.802 -0.799 -0.789 -0.771 -0.741 -0.716 -0.694 -0.677 -0.669 -0.661 -0.655 -0.653 -0.654 -9 -9 -9 -9 -9 -9 -9 -9 -9 -9 -9 -9 -9 -9 -9 -9 -9 -9 -9 -9 -9
-0.782 -0.759 -0.728 -0.689 -0.651 -0.624 -0.608 -0.613 -0.639 -0.687 -0.75 -0.817 -0.866 -0.896 -0.907 -0.909 -0.913 -0.922 -0.937 -0.956 -0.973 -0.986 -0.992 -0.992 -0.987 -0.979 -0.97 -0.965 -0.965 -0.969 -0.966 -0.958 -0.944 -0.924 -0.9 -0.875 -0.852 -0.831 -0.815 -0.808 -0.803 -0.801 -0.8 -0.793 -0.777 -0.751 -0.727 -0.703 -0.685 -0.674 -0.664 -0.654 -0.648 -0.645 -0.638 -0.624 -9 -9 -9 -9 -9 -9 -9 -9 -9 -9 -9 -9 -9 -9 -9 -9 -9 -9 -9
-0.762 -0.74 -0.717 -0.687 -0.662 -0.637 -0.624 -0.626 -0.649 -0.69 -0.744 -0.797 -0.832 -0.844 -0.839 -0.831 -0.829 -0.841 -0.866 -0.896 -0.924 -0.947 -0.962 -0.972 -0.975 -0.973 -0.969 -0.963 -0.959 -0.962 -0.959 -0.952 -0.941 -0.926 -0.907 -0.888 -0.869 -0.849 -0.83 -0.816 -0.807 -0.802 -0.798 -0.791 -0.777 -0.754 -0.73 -0.706 -0.688 -0.675 -0.664 -0.652 -0.641 -0.635 -0.623 -0.606 -0.574 -9 -9 -9 -9 -9 -9 -9 -9 -9 -9 -9 -9 -9 -9 -9 -9 -9 -9
-0.736 -0.724 -0.704 -0.692 -0.683 -0.666 -0.658 -0.662 -0.679 -0.708 -0.743 -0.775 -0.787 -0.776 -0.755 -0.735 -0.728 -0.743 -0.775 -0.815 -0.854 -0.888 -0.914 -0.934 -0.946 -0.952 -0.954 -0.955 -0.952 -0.951 -0.949 -0.943 -0.934 -0.923 -0.908 -0.892 -0.875 -0.858 -0.841 -0.825 -0.812 -0.803 -0.795 -0.786 -0.774 -0.755 -0.731 -0.707 -0.689 -0.675 -0.662 -0.647 -0.634 -0.624 -0.609 -0.587 -0.552 -0.498 -9 -9 -9 -9 -9 -9 -9 -9 -9 -9 -9 -9 -9 -9 -9 -9 -9
-0.697 -0.692 -0.688 -0.688 -0.689 -0.686 -0.684 -0.688 -0.693 -0.703 -0.718 -0.731 -0.726 -0.702 -0.672 -0.645 -0.635 -0.652 -0.686 -0.726 -0.767 -0.806 -0.845 -0.877 -0.898 -0.914 -0.923 -0.93 -0.932 -0.932 -0.93 -0.928 -0.922 -0.914 -0.903 -0.89 -0.876 -0.86 -0.844 -0.828 -0.813 -0.8 -0.789 -0.778 -0.765 -0.75 -0.73 -0.708 -0.69 -0.674 -0.66 -0.643 -0.627 -0.615 -0.595 -0.57 -0.531 -0.478 -0.418 -9 -9 -9 -9 -9 -9 -9 -9 -9 -9 -9 -9 -9 -9 -9 -9
-0.645 -0.639 -0.641 -0.652 -0.663 -0.673 -0.68 -0.678 -0.664 -0.663 -0.667 -0.675 -0.667 -0.642 -0.612 -0.585 -0.578 -0.588 -0.615 -0.652 -0.69 -0.726 -0.764 -0.802 -0.833 -0.858 -0.876 -0.889 -0.897 -0.901 -0.904 -0.904 -0.903 -0.898 -0.89 -0.881 -0.869 -0.856 -0.841 -0.825 -0.81 -0.796 -0.783 -0.77 -0.757 -0.741 -0.723 -0.705 -0.687 -0.672 -0.657 -0.64 -0.622 -0.606 -0.583 -0.554 -0.52 -0.472 -0.419 -0.371 -0.334 -9 -9 -9 -9 -9 -9 -9 -9 -9 -9 -9 -9 -9 -9
-0.601 -0.584 -0.584 -0.599 -0.612 -0.623 -0.637 -0.637 -0.622 -0.623 -0.628 -0.635 -0.632 -0.614 -0.592 -0.572 -0.565 -0.571 -0.587 -0.61 -0.639 -0.668 -0.698 -0.73 -0.762 -0.79 -0.813 -0.832 -0.846 -0.856 -0.865 -0.87 -0.873 -0.873 -0.87 -0.865 -0.856 -0.846 -0.833 -0.819 -0.805 -0.79 -0.776 -0.763 -0.748 -0.733 -0.716 -0.699 -0.683 -0.667 -0.652 -0.637 -0.619 -0.599 -0.573 -0.545 -0.516 -0.48 -0.434 -0.384 -0.33 -0.291 -9 -9 -9 -9 -9 -9 -9 -9 -9 -9 -9 -9 -9
-0.587 -0.559 -0.55 -0.558 -0.568 -0.575 -0.589 -0.594 -0.592 -0.599 -0.612 -0.622 -0.624 -0.62 -0.609 -0.599 -0.593 -0.595 -0.604 -0.616 -0.631 -0.644 -0.66 -0.682 -0.705 -0.729 -0.749 -0.768 -0.782 -0.796 -0.81 -0.822 -0.832 -0.839 -0.842 -0.842 -0.838 -0.832 -0.822 -0.81 -0.797 -0.784 -0.77 -0.756 -0.741 -0.726 -0.709 -0.693 -0.678 -0.663 -0.647 -0.632 -0.614 -0.594 -0.567 -0.543 -0.52 -0.486 -0.431 -0.373 -0.323 -0.275 -0.242 -0.219 -9 -9 -9 -9 -9 -9 -9 -9 -9 -9 -9
-0.606 -0.571 -0.55 -0.541 -0.542 -0.542 -0.551 -0.567 -0.579 -0.594 -0.615 -0.633 -0.647 -0.655 -0.658 -0.655 -0.655 -0.656 -0.657 -0.657 -0.654 -0.651 -0.649 -0.656 -0.666 -0.679 -0.693 -0.708 -0.721 -0.733 -0.748 -0.764 -0.781 -0.795 -0.807 -0.814 -0.815 -0.813 -0.806 -0.797 -0.787 -0.775 -0.763 -0.749 -0.735 -0.72 -0.704 -0.689 -0.673 -0.658 -0.644 -0.628 -0.612 -0.592 -0.57 -0.55 -0.526 -0.494 -0.442 -0.387 -0.334 -0.285 -0.248 -0.225 -0.208 -9 -9 -9 -9 -9 -9 -9 -9 -9 -9
-0.64 -0.613 -0.588 -0.564 -0.548 -0.537 -0.543 -0.566 -0.585 -0.611 -0.638 -0.664 -0.687 -0.703 -0.718 -0.724 -0.726 -0.726 -0.721 -0.712 -0.697 -0.679 -0.66 -0.648 -0.641 -0.639 -0.646 -0.657 -0.667 -0.678 -0.692 -0.709 -0.729 -0.748 -0.766 -0.78 -0.787 -0.789 -0.786 -0.781 -0.773 -0.764 -0.755 -0.743 -0.73 -0.715 -0.7 -0.685 -0.67 -0.656 -0.642 -0.627 -0.61 -0.592 -0.573 -0.553 -0.532 -0.506 -0.466 -0.412 -0.359 -0.31 -0.272 -0.245 -0.227 -9 -9 -9 -9 -9 -9 -9 -9 -9 -9
-0.666 -0.652 -0.632 -0.614 -0.597 -0.585 -0.586 -0.599 -0.622 -0.654 -0.68 -0.706 -0.729 -0.746 -0.76 -0.769 -0.776 -0.779 -0.775 -0.761 -0.737 -0.705 -0.669 -0.639 -0.62 -0.61 -0.613 -0.621 -0.629 -0.639 -0.648 -0.663 -0.682 -0.702 -0.724 -0.742 -0.754 -0.763 -0.764 -0.761 -0.757 -0.752 -0.745 -0.736 -0.725 -0.712 -0.698 -0.683 -0.669 -0.654 -0.64 -0.626 -0.61 -0.594 -0.576 -0.558 -0.539 -0.518 -0.485 -0.439 -0.391 -0.345 -0.304 -0.273 -0.253 -0.237 -9 -9 -9 -9 -9 -9 -9 -9 -9
-0.684 -0.678 -0.664 -0.651 -0.647 -0.644 -0.647 -0.657 -0.677 -0.699 -0.719 -0.735 -0.748 -0.76 -0.773 -0.787 -0.8 -0.81 -0.811 -0.793 -0.756 -0.716 -0.671 -0.631 -0.608 -0.601 -0.602 -0.608 -0.613 -0.618 -0.622 -0.634 -0.649 -0.665 -0.687 -0.705 -0.72 -0.732 -0.738 -0.741 -0.74 -0.739 -0.735 -0.728 -0.719 -0.708 -0.695 -0.681 -0.667 -0.654 -0.64 -0.625 -0.61 -0.595 -0.579 -0.562 -0.546 -0.528 -0.503 -0.464 -0.424 -0.381 -0.339 -0.307 -0.285 -0.268 -0.249 -9 -9 -9 -9 -9 -9 -9 -9
-0.709 -0.706 -0.698 -0.694 -0.692 -0.692 -0.699 -0.708 -0.719 -0.728 -0.732 -0.732 -0.73 -0.734 -0.747 -0.768 -0.791 -0.81 -0.82 -0.811 -0.775 -0.731 -0.687 -0.646 -0.623 -0.618 -0.619 -0.622 -0.624 -0.624 -0.623 -0.628 -0.637 -0.651 -0.668 -0.682 -0.695 -0.704 -0.71 -0.715 -0.721 -0.723 -0.722 -0.719 -0.712 -0.702 -0.691 -0.678 -0.666 -0.653 -0.639 -0.625 -0.61 -0.595 -0.581 -0.565 -0.551 -0.536 -0.516 -0.487 -0.454 -0.417 -0.376 -0.344 -0.319 -0.303 -0.284 -9 -9 -9 -9 -9 -9 -9 -9
-0.741 -0.74 -0.737 -0.736 -0.734 -0.735 -0.739 -0.742 -0.741 -0.732 -0.713 -0.688 -0.667 -0.663 -0.676 -0.704 -0.743 -0.777 -0.801 -0.812 -0.8 -0.765 -0.728 -0.694 -0.673 -0.666 -0.665 -0.664 -0.66 -0.652 -0.644 -0.641 -0.642 -0.65 -0.665 -0.677 -0.684 -0.688 -0.688 -0.692 -0.698 -0.705 -0.709 -0.708 -0.703 -0.695 -0.686 -0.675 -0.664 -0.651 -0.638 -0.624 -0.61 -0.595 -0.581 -0.567 -0.554 -0.541 -0.525 -0.504 -0.477 -0.444 -0.407 -0.375 -0.351 -0.333 -0.317 -9 -9 -9 -9 -9 -9 -9 -9
-0.74 -0.744 -0.747 -0.748 -0.75 -0.752 -0.754 -0.75 -0.737 -0.709 -0.664 -0.616 -0.582 -0.574 -0.591 -0.625 -0.675 -0.725 -0.762 -0.787 -0.794 -0.785 -0.765 -0.743 -0.728 -0.719 -0.713 -0.707 -0.696 -0.682 -0.667 -0.658 -0.655 -0.658 -0.666 -0.674 -0.679 -0.679 -0.675 -0.676 -0.682 -0.689 -0.695 -0.695 -0.692 -0.687 -0.679 -0.67 -0.661 -0.649 -0.637 -0.624 -0.61 -0.596 -0.582 -0.569 -0.557 -0.545 -0.531 -0.514 -0.491 -0.462 -0.428 -0.397 -0.371 -0.351 -0.337 -0.32 -0.296 -9 -9 -9 -9 -9 -9
-0.719 -0.726 -0.73 -0.735 -0.74 -0.747 -0.746 -0.735 -0.714 -0.678 -0.627 -0.572 -0.527 -0.513 -0.531 -0.569 -0.62 -0.671 -0.71 -0.743 -0.761 -0.766 -0.764 -0.755 -0.748 -0.742 -0.736 -0.727 -0.713 -0.699 -0.681 -0.666 -0.657 -0.654 -0.657 -0.664 -0.668 -0.668 -0.666 -0.666 -0.67 -0.675 -0.68 -0.681 -0.68 -0.676 -0.671 -0.664 -0.657 -0.647 -0.636 -0.623 -0.609 -0.596 -0.583 -0.571 -0.56 -0.549 -0.536 -0.521 -0.499 -0.471 -0.44 -0.408 -0.38 -0.36 -0.346 -0.333 -0.314 -0.28 -9 -9 -9 -9 -9
