data/climatemaps/RS_maps/climate_winter_tmin_2018.asc
NCOLS 369 
NROWS 228 
XLLCORNER 479000 
YLLCORNER 73000 
CELLSIZE 1000 
NODATA_value -9 
[rows 68 to 101 of 228, columns 154 to 230 of 369]
1.039 1.054 1.032 1.041 1.039 1.06 1.081 1.069 1.024 0.983 0.975 0.965 1.014 1.072 1.077 1.016 0.933 0.899 0.942 0.974 0.939 0.923 1.019 1.071 1.044 1.032 1.12 1.141 1.099 1.03 0.98 0.925 0.904 0.935 1.017 1.065 1.105 1.133 1.176 1.184 1.184 1.156 1.138 1.126 1.114 1.069 1.04 1.015 1.005 0.993 0.934 0.861 0.934 0.942 0.902 0.948 0.996 0.986 1.005 1.055 1.062 1.052 1.051 1.035 1.022 0.998 0.994 0.986 0.986 0.994 0.985 0.965 0.948 0.937 0.917 0.908 0.897
1.023 1.046 1.022 1.004 1.004 1.035 1.072 1.062 1.016 0.978 0.967 0.934 0.983 1.051 1.074 1.052 0.958 0.912 0.938 0.947 0.961 0.93 0.994 1.049 1.04 1.012 1.086 1.133 1.122 1.057 0.993 0.941 0.905 0.899 0.981 1.056 1.088 1.122 1.159 1.18 1.184 1.169 1.153 1.131 1.126 1.095 1.065 1.03 1.013 0.998 0.976 0.919 0.915 0.95 0.868 0.898 0.96 0.954 0.953 1.015 1.046 1.051 1.043 1.036 1.031 1.02 1.015 1.012 1.004 0.999 0.988 0.979 0.964 0.954 0.943 0.934 0.916
1.01 1.036 1.008 0.956 0.984 1.028 1.048 1.064 1.048 0.998 0.96 0.939 0.961 1.012 1.066 1.074 1.005 0.959 0.955 0.939 0.962 0.979 0.996 1.024 1.03 0.993 1.049 1.125 1.127 1.095 1.019 0.967 0.916 0.883 0.947 1.04 1.083 1.116 1.132 1.174 1.175 1.168 1.15 1.136 1.129 1.101 1.073 1.046 1.017 1.022 0.996 0.976 0.959 0.968 0.882 0.865 0.897 0.93 0.907 0.919 0.969 1.013 1.037 1.034 1.027 1.018 1.015 1.009 0.999 0.993 0.986 0.979 0.971 0.962 0.957 0.945 0.916
1.005 1.006 0.977 0.959 0.996 1.018 1.031 1.057 1.064 1 0.98 0.983 0.976 0.985 1.05 1.08 1.057 1.001 0.962 0.936 0.935 0.973 0.98 1.003 1.016 0.971 1.003 1.105 1.126 1.117 1.054 0.996 0.943 0.894 0.928 1.02 1.084 1.114 1.121 1.165 1.17 1.163 1.147 1.139 1.125 1.108 1.077 1.048 1.03 1.03 1.05 1.023 0.986 0.949 0.932 0.89 0.877 0.886 0.897 0.882 0.909 0.933 0.995 1.027 1.025 1.008 1.009 1.003 0.997 0.988 0.983 0.977 0.972 0.962 0.958 0.947 0.941
0.987 0.975 0.943 0.963 0.995 0.996 1.036 1.05 1.026 1.028 1.03 1.036 1.03 1.007 1.034 1.078 1.077 1.035 0.978 0.927 0.904 0.962 0.972 0.991 1.003 0.953 0.953 1.068 1.123 1.126 1.094 1.044 0.994 0.938 0.931 1.012 1.074 1.118 1.12 1.155 1.169 1.167 1.154 1.131 1.13 1.121 1.097 1.073 1.081 1.093 1.063 0.957 0.919 0.907 0.92 0.907 0.875 0.853 0.867 0.871 0.886 0.909 0.953 0.981 0.994 0.971 0.972 0.972 0.966 0.959 0.968 0.971 0.968 0.96 0.952 0.938 0.926
0.971 0.941 0.923 0.948 0.973 0.962 1.013 1.045 0.99 0.975 0.98 1.003 1.038 1.032 1.03 1.06 1.075 1.064 1.009 0.944 0.91 0.964 0.957 0.972 0.999 0.946 0.917 1.009 1.104 1.13 1.115 1.08 1.042 0.979 0.949 1.001 1.066 1.113 1.128 1.153 1.168 1.15 1.146 1.139 1.116 1.131 1.12 1.112 1.105 1.095 1.055 1.005 0.923 0.859 0.851 0.863 0.884 0.842 0.83 0.845 0.858 0.866 0.882 0.882 0.908 0.888 0.867 0.86 0.848 0.862 0.893 0.929 0.942 0.948 0.937 0.932 0.918
0.969 0.929 0.922 0.95 0.963 0.948 1.004 1.045 1.007 0.986 0.978 1.001 1.016 1.007 1.018 1.048 1.068 1.072 1.053 0.996 0.964 0.97 0.926 0.943 0.988 0.959 0.907 0.955 1.051 1.127 1.122 1.102 1.067 1.029 0.991 1.009 1.067 1.097 1.117 1.153 1.164 1.146 1.128 1.131 1.131 1.131 1.129 1.12 1.112 1.095 1.029 0.964 0.883 0.82 0.816 0.83 0.862 0.836 0.808 0.81 0.823 0.803 0.805 0.818 0.812 0.751 0.685 0.649 0.687 0.702 0.742 0.802 0.852 0.884 0.9 0.917 0.913
0.978 0.922 0.921 0.953 0.976 0.979 1.007 1.036 1.032 1.029 1.037 1.04 1.041 1.04 1.04 1.055 1.056 1.068 1.067 1.045 0.988 0.959 0.919 0.916 0.961 0.973 0.918 0.927 0.999 1.091 1.12 1.109 1.09 1.052 1.03 1.022 1.066 1.096 1.116 1.151 1.161 1.135 1.105 1.129 1.131 1.131 1.129 1.12 1.112 1.082 0.997 0.932 0.853 0.785 0.768 0.787 0.827 0.834 0.797 0.788 0.758 0.675 0.66 0.721 0.713 0.67 0.583 0.561 0.571 0.527 0.533 0.618 0.666 0.714 0.784 0.814 0.849
0.966 0.933 0.902 0.917 0.946 0.961 0.992 1.031 1.031 1.031 1.042 1.041 1.041 1.046 1.046 1.052 1.052 1.059 1.067 1.065 1.032 0.967 0.944 0.926 0.933 0.954 0.937 0.918 0.977 1.053 1.109 1.106 1.098 1.071 1.056 1.039 1.074 1.088 1.108 1.142 1.152 1.12 1.109 1.122 1.131 1.131 1.128 1.12 1.104 1.018 0.902 0.884 0.829 0.737 0.74 0.73 0.746 0.76 0.708 0.672 0.591 0.509 0.513 0.583 0.631 0.63 0.585 0.583 0.575 0.485 0.397 0.406 0.463 0.569 0.575 0.619 0.686
0.942 0.943 0.92 0.895 0.916 0.937 0.962 0.993 1.015 1.025 1.027 1.039 1.032 0.981 0.974 0.997 1.027 1.051 1.063 1.069 1.064 1.011 0.959 0.948 0.93 0.941 0.941 0.939 0.966 1.028 1.097 1.104 1.089 1.079 1.075 1.069 1.083 1.086 1.095 1.141 1.152 1.115 1.115 1.119 1.13 1.13 1.121 1.116 1.082 0.923 0.795 0.832 0.809 0.7 0.664 0.627 0.584 0.594 0.516 0.508 0.48 0.507 0.531 0.583 0.618 0.592 0.573 0.561 0.573 0.521 0.409 0.292 0.345 0.434 0.393 0.352 0.53
0.914 0.894 0.923 0.879 0.881 0.919 0.98 0.99 1.003 1.019 1.025 1.025 1.002 0.946 0.944 0.931 0.99 1.034 1.053 1.066 1.071 1.066 1.032 0.996 0.972 0.963 0.962 0.963 0.978 1.021 1.081 1.096 1.087 1.082 1.093 1.087 1.086 1.08 1.085 1.141 1.151 1.123 1.118 1.11 1.129 1.124 1.115 1.113 1.05 0.837 0.721 0.802 0.812 0.702 0.642 0.612 0.58 0.563 0.509 0.478 0.519 0.587 0.594 0.614 0.594 0.565 0.567 0.569 0.567 0.538 0.448 0.317 0.298 0.295 0.255 0.307 0.48
0.897 0.866 0.903 0.926 0.895 0.903 0.937 0.981 0.994 1.001 1.004 1.016 1.004 0.987 0.974 0.937 0.95 0.991 1.032 1.055 1.067 1.069 1.071 1.047 1.028 1.014 0.997 0.992 0.998 1.021 1.064 1.085 1.08 1.081 1.104 1.101 1.088 1.069 1.083 1.141 1.141 1.112 1.11 1.101 1.107 1.117 1.115 1.108 0.977 0.773 0.686 0.786 0.806 0.773 0.749 0.736 0.703 0.633 0.576 0.502 0.49 0.588 0.582 0.55 0.496 0.543 0.571 0.564 0.567 0.536 0.441 0.429 0.357 0.2 0.236 0.382 0.565
0.899 0.87 0.889 0.937 0.945 0.946 0.952 0.946 0.961 0.994 0.94 0.981 1.007 1.01 0.983 0.956 0.934 0.939 0.998 1.026 1.054 1.066 1.073 1.074 1.053 1.037 1.022 1.018 1.019 1.033 1.058 1.073 1.078 1.089 1.11 1.115 1.089 1.066 1.103 1.141 1.089 1.06 1.051 1.078 1.094 1.116 1.115 1.059 0.822 0.686 0.652 0.756 0.787 0.805 0.802 0.797 0.782 0.712 0.566 0.47 0.534 0.588 0.552 0.419 0.514 0.576 0.561 0.518 0.558 0.551 0.487 0.402 0.345 0.253 0.289 0.399 0.533
0.899 0.895 0.918 0.913 0.889 0.893 0.896 0.911 0.933 0.973 0.925 0.934 0.982 1.004 0.995 0.955 0.928 0.951 0.958 0.968 1.002 1.042 1.064 1.071 1.062 1.044 1.034 1.026 1.026 1.034 1.05 1.066 1.086 1.099 1.124 1.129 1.118 1.103 1.132 1.126 1.005 0.956 1.006 1.078 1.101 1.118 1.111 1.013 0.801 0.66 0.644 0.655 0.712 0.781 0.763 0.772 0.785 0.766 0.616 0.522 0.59 0.57 0.483 0.38 0.477 0.564 0.477 0.436 0.544 0.544 0.449 0.306 0.25 0.179 0.223 0.315 0.298
0.872 0.885 0.9 0.892 0.87 0.894 0.905 0.93 0.935 0.955 0.933 0.939 0.962 0.988 0.998 0.99 0.975 0.97 0.936 0.919 0.933 0.977 1.023 1.048 1.061 1.049 1.037 1.029 1.03 1.042 1.052 1.072 1.098 1.109 1.131 1.137 1.138 1.127 1.129 1.068 0.91 0.909 1.022 1.094 1.083 1.071 1.097 1.057 0.892 0.688 0.621 0.553 0.634 0.697 0.558 0.532 0.711 0.776 0.695 0.511 0.586 0.486 0.325 0.28 0.481 0.519 0.444 0.481 0.521 0.54 0.439 0.248 0.26 0.182 0.095 0.121 0.031
0.845 0.86 0.881 0.88 0.868 0.883 0.912 0.917 0.899 0.924 0.954 0.949 0.966 0.968 0.979 0.996 0.988 0.964 0.927 0.901 0.891 0.901 0.964 1.003 1.04 1.046 1.036 1.039 1.038 1.054 1.066 1.08 1.105 1.119 1.131 1.13 1.127 1.117 1.098 0.943 0.866 0.942 1.045 1.087 1.041 1.064 1.103 1.093 1.015 0.79 0.631 0.511 0.605 0.656 0.568 0.45 0.574 0.76 0.684 0.452 0.558 0.447 0.302 0.371 0.515 0.368 0.337 0.409 0.394 0.515 0.438 0.377 0.403 0.286 0.106 0.011 0.077
0.822 0.829 0.858 0.857 0.846 0.867 0.907 0.881 0.893 0.888 0.94 0.921 0.948 0.941 0.952 0.969 0.972 0.953 0.891 0.859 0.849 0.849 0.893 0.952 1.004 1.034 1.032 1.04 1.047 1.062 1.077 1.098 1.12 1.127 1.126 1.117 1.114 1.101 1.001 0.864 0.915 0.995 1.043 1.05 1.08 1.102 1.095 1.094 1.086 0.92 0.694 0.539 0.472 0.488 0.393 0.36 0.463 0.72 0.623 0.476 0.541 0.394 0.258 0.378 0.486 0.256 0.27 0.21 0.22 0.386 0.482 0.502 0.369 0.197 0.144 0.012 0.079
0.795 0.811 0.83 0.826 0.83 0.843 0.883 0.856 0.877 0.846 0.902 0.909 0.938 0.93 0.934 0.945 0.954 0.95 0.908 0.87 0.844 0.836 0.844 0.908 0.971 1.016 1.024 1.039 1.049 1.063 1.082 1.103 1.128 1.124 1.099 1.104 1.094 0.998 0.969 0.956 0.984 1.009 1.047 1.067 0.991 1.077 1.093 1.094 1.087 0.976 0.695 0.471 0.295 0.249 0.213 0.358 0.548 0.7 0.611 0.523 0.438 0.316 0.117 0.291 0.44 0.165 0.204 0.077 0.12 0.198 0.353 0.501 0.422 0.278 0.185 0.09 0.047
0.766 0.796 0.811 0.81 0.804 0.831 0.85 0.814 0.851 0.809 0.86 0.853 0.906 0.921 0.919 0.932 0.925 0.948 0.934 0.923 0.9 0.856 0.836 0.872 0.947 1.011 1.02 1.036 1.047 1.058 1.09 1.114 1.116 1.101 1.089 1.085 1.002 0.936 0.96 0.985 0.966 1.013 1.077 1.017 0.853 0.887 1.032 1.081 1.083 1.023 0.722 0.392 0.28 0.314 0.394 0.529 0.665 0.688 0.55 0.383 0.233 0.253 0.092 0.282 0.399 0.11 0.129 0.019 0.097 0.185 0.351 0.48 0.41 0.446 0.353 0.211 0.03
0.739 0.77 0.768 0.804 0.778 0.818 0.816 0.782 0.805 0.78 0.785 0.789 0.832 0.897 0.913 0.896 0.911 0.94 0.9 0.893 0.912 0.899 0.874 0.899 0.946 0.995 1.018 1.03 1.038 1.073 1.1 1.109 1.096 1.095 1.063 1.013 0.991 1.008 0.988 0.959 1.015 1.079 1.066 0.943 0.715 0.617 0.694 0.953 1.076 1.061 0.926 0.632 0.563 0.542 0.595 0.673 0.742 0.629 0.421 0.273 0.115 0.146 0.089 0.33 0.304 0.089 0.03 0.063 0.163 0.283 0.438 0.437 0.266 0.322 0.393 0.022 -0.285
0.721 0.707 0.737 0.777 0.745 0.799 0.794 0.75 0.768 0.716 0.744 0.763 0.778 0.837 0.908 0.896 0.921 0.913 0.843 0.842 0.851 0.884 0.908 0.92 0.939 0.98 1.018 1.03 1.048 1.098 1.08 1.092 1.093 1.07 1.026 0.983 1.011 0.981 0.972 1.02 1.085 1.092 1.03 0.807 0.565 0.388 0.288 0.622 0.984 1.046 1.015 0.858 0.795 0.748 0.778 0.816 0.819 0.633 0.381 0.282 0.109 0.092 0.161 0.352 0.186 0.039 0.051 0.18 0.292 0.358 0.433 0.264 0.066 0.109 0.319 0.06 -0.305
0.67 0.668 0.709 0.761 0.719 0.754 0.753 0.703 0.735 0.673 0.685 0.738 0.794 0.816 0.885 0.916 0.937 0.944 0.893 0.823 0.79 0.815 0.864 0.911 0.957 1.009 1.034 1.053 1.065 1.055 1.033 1.053 1.081 1.093 1.094 1.077 1.023 0.991 1.032 1.075 1.089 1.075 0.962 0.642 0.404 0.188 0.111 0.297 0.724 0.936 0.976 0.956 0.939 0.926 0.934 0.946 0.921 0.753 0.549 0.405 0.266 0.118 0.229 0.319 0.137 -0.006 0.061 0.211 0.337 0.298 0.41 0.235 -0.05 -0.136 0.103 0.064 -0.299
0.61 0.635 0.68 0.715 0.697 0.726 0.727 0.668 0.635 0.672 0.708 0.699 0.717 0.772 0.863 0.858 0.82 0.825 0.923 0.928 0.877 0.873 0.939 0.998 1.032 1.046 1.049 1.045 1.008 0.947 0.97 1.003 1.075 1.084 1.094 1.091 1.036 1.048 1.082 1.087 1.069 1.045 0.941 0.663 0.372 0.258 0.233 0.271 0.487 0.698 0.846 0.907 0.963 0.99 1 0.991 0.976 0.892 0.76 0.598 0.412 0.116 0.23 0.25 0.093 -0.024 0.071 0.189 0.309 0.256 0.366 0.108 -0.218 -0.313 0.107 -0.107 -0.376
0.548 0.594 0.653 0.675 0.675 0.662 0.683 0.627 0.619 0.632 0.672 0.757 0.793 0.803 0.844 0.842 0.747 0.694 0.793 0.899 0.986 0.995 1.004 0.992 0.96 0.917 0.91 0.934 0.938 0.963 1.009 1.044 1.071 1.04 1.053 1.089 1.079 1.073 1.086 1.08 1.052 1.042 1.023 0.927 0.712 0.545 0.351 0.207 0.278 0.36 0.587 0.729 0.838 0.914 0.956 0.98 0.949 0.95 0.866 0.742 0.535 0.183 0.134 0.116 0.023 -0.011 0.099 0.22 0.21 0.022 0.172 0.192 -0.265 -0.248 0.073 -0.344 -0.245
0.583 0.522 0.581 0.651 0.619 0.623 0.63 0.654 0.684 0.697 0.715 0.739 0.749 0.823 0.855 0.823 0.712 0.659 0.734 0.87 0.927 0.926 0.908 0.848 0.793 0.719 0.708 0.857 0.896 0.891 0.95 1.022 1.069 1.031 1.016 1.078 1.084 1.082 1.082 1.074 1.063 1.062 1.066 1.05 0.984 0.864 0.612 0.223 0.158 0.198 0.345 0.438 0.579 0.683 0.735 0.758 0.761 0.952 0.925 0.86 0.693 0.432 0.179 0.05 0.058 0.025 0.121 0.064 0.055 -0.172 0.08 0.206 -0.208 -0.316 -0.22 -0.388 -0.096
0.544 0.489 0.54 0.582 0.575 0.582 0.565 0.611 0.635 0.63 0.686 0.726 0.784 0.789 0.836 0.799 0.664 0.661 0.754 0.87 0.836 0.789 0.786 0.755 0.723 0.645 0.607 0.762 0.726 0.698 0.785 0.927 1.046 1.055 1.021 1.069 1.078 1.075 1.076 1.07 1.067 1.065 1.062 1.059 1.055 1.024 0.867 0.499 0.303 0.36 0.453 0.308 0.281 0.374 0.46 0.654 0.877 0.972 0.952 0.904 0.808 0.594 0.349 0.262 0.191 0.018 -0.005 -0.143 -0.109 -0.061 0.108 -0.066 -0.346 -0.479 -0.381 -0.325 -0.124
0.443 0.459 0.479 0.483 0.471 0.462 0.476 0.526 0.543 0.582 0.655 0.735 0.762 0.72 0.83 0.766 0.645 0.688 0.714 0.815 0.756 0.732 0.758 0.752 0.689 0.607 0.582 0.651 0.6 0.563 0.63 0.799 0.986 1.065 1.028 1.064 1.075 1.066 1.055 0.988 0.996 1.046 1.039 1.038 1.045 1.047 0.956 0.598 0.407 0.634 0.624 0.298 0.409 0.643 0.778 0.897 0.972 0.972 0.948 0.865 0.682 0.611 0.495 0.323 0.236 0.136 0.002 -0.18 -0.212 -0.163 -0.224 -0.336 -0.471 -0.511 -0.5 -0.292 -0.398
0.412 0.443 0.417 0.488 0.401 0.414 0.425 0.483 0.507 0.579 0.614 0.678 0.738 0.722 0.815 0.724 0.625 0.617 0.639 0.73 0.754 0.728 0.673 0.644 0.574 0.49 0.554 0.533 0.467 0.44 0.543 0.72 0.929 1.063 1.062 1.071 1.066 0.953 0.852 0.73 0.746 0.874 0.917 0.96 1.007 1.032 0.94 0.739 0.763 0.898 0.649 0.596 0.872 0.976 0.989 0.978 0.911 0.859 0.835 0.766 0.674 0.711 0.548 0.441 0.372 0.346 0.141 -0.044 -0.11 -0.095 -0.023 -0.034 -0.095 -0.122 -0.205 -0.262 -0.552
0.463 0.495 0.446 0.502 0.439 0.457 0.49 0.545 0.558 0.609 0.582 0.686 0.718 0.75 0.787 0.672 0.585 0.553 0.535 0.651 0.699 0.576 0.511 0.417 0.35 0.315 0.505 0.415 0.282 0.349 0.536 0.752 0.926 1.06 1.07 1.067 0.976 0.787 0.728 0.71 0.869 0.976 1.017 1.028 1.031 1.03 1.017 1.005 1.008 1.009 0.952 0.979 0.999 0.984 0.943 0.981 0.814 0.65 0.536 0.538 0.453 0.551 0.609 0.715 0.662 0.512 0.318 0.208 0.364 0.422 0.343 0.178 0.045 -0.064 -0.165 -0.333 -0.609
0.489 0.529 0.493 0.503 0.487 0.431 0.466 0.52 0.577 0.634 0.64 0.661 0.712 0.769 0.745 0.645 0.568 0.487 0.441 0.571 0.604 0.46 0.396 0.265 0.268 0.351 0.388 0.23 -0.011 0.042 0.374 0.693 0.839 0.966 1.01 1.034 0.861 0.726 0.816 0.946 1.024 1.033 1.039 1.036 1.028 1.025 1.025 1.019 1.015 1.009 1.004 0.983 0.895 0.75 0.787 0.977 0.801 0.395 0.022 0.022 0.132 0.2 0.2 0.351 0.53 0.671 0.633 0.625 0.643 0.597 0.281 0.023 -0.068 -0.173 -0.263 -0.378 -0.581
0.519 0.564 0.549 0.55 0.508 0.412 0.494 0.536 0.575 0.577 0.611 0.677 0.755 0.709 0.676 0.66 0.603 0.508 0.454 0.442 0.425 0.307 0.263 0.076 0.044 0.152 0.034 -0.068 -0.116 0.027 0.396 0.781 0.917 0.94 1.029 1.044 0.955 0.94 1.027 1.029 1.018 0.993 0.952 0.957 0.993 1.009 1.01 1.009 0.997 0.953 0.869 0.723 0.559 0.512 0.755 0.974 0.757 0.186 -0.221 -0.097 -0.044 -0.048 -0.022 0.001 0.065 0.347 0.509 0.471 0.474 0.369 0.295 0.238 -0.039 -0.215 -0.252 -0.34 -0.468
0.531 0.583 0.587 0.53 0.46 0.446 0.507 0.504 0.516 0.575 0.67 0.745 0.699 0.601 0.566 0.557 0.556 0.557 0.529 0.443 0.301 0.089 0.017 0.119 0.148 0.187 0.097 0.077 0.038 0.217 0.634 1 1.042 1.037 0.976 0.957 1.026 1.021 1.019 0.977 0.9 0.825 0.64 0.583 0.825 0.869 0.89 0.893 0.83 0.704 0.615 0.529 0.497 0.589 0.757 0.965 0.842 0.395 0.003 -0.125 -0.177 -0.199 -0.178 -0.198 -0.106 0.027 0.077 0.011 0.179 -0.079 0.041 0.294 0.231 -0.074 -0.186 -0.317 -0.544
0.534 0.609 0.539 0.499 0.451 0.502 0.519 0.489 0.563 0.649 0.734 0.721 0.571 0.496 0.429 0.44 0.521 0.461 0.442 0.499 0.281 0.095 0.042 0.164 0.245 0.343 0.352 0.311 0.396 0.651 0.954 1.045 0.976 0.801 0.926 0.903 0.909 0.93 0.987 0.949 0.76 0.541 0.261 0.383 0.589 0.532 0.504 0.491 0.522 0.505 0.351 0.195 0.236 0.502 0.858 0.959 0.926 0.645 0.348 0.204 0.066 -0.015 -0.073 -0.185 -0.201 -0.232 -0.369 -0.249 0.026 -0.376 -0.344 -0.064 0.363 0.105 -0.166 -0.393 -0.574
0.606 0.592 0.505 0.415 0.414 0.472 0.543 0.571 0.635 0.698 0.735 0.644 0.421 0.358 0.301 0.448 0.43 0.313 0.266 0.426 0.292 0.12 0.082 0.146 0.14 0.239 0.512 0.672 0.791 0.928 1.019 1.023 0.836 0.879 0.883 0.638 0.607 0.609 0.757 0.949 0.73 0.26 0.01 0.225 0.355 0.214 0.137 0.177 0.349 0.263 0.012 -0.138 0.1 0.64 0.945 0.952 0.88 0.439 0.133 0.132 0.104 -0.01 -0.125 -0.265 -0.445 -0.588 -0.651 -0.304 -0.054 -0.586 -0.545 -0.24 0.106 0.253 -0.118 -0.555 -0.563
