data/climatemaps/RS_maps/climate_breeding_pr_2007.asc
NCOLS 369 
NROWS 228 
XLLCORNER 479000 
YLLCORNER 73000 
CELLSIZE 1000 
NODATA_value -9 
[rows 70 to 104 of 228, columns 231 to 307 of 369]
0.319 0.347 0.373 0.389 0.379 0.357 0.342 0.347 0.368 0.408 0.475 0.603 0.816 1.072 1.281 1.572 1.709 1.57 1.337 1.308 1.063 0.798 0.587 0.402 0.32 0.444 0.65 0.933 0.979 1.026 1.023 0.855 0.723 0.74 0.685 0.652 0.625 0.518 0.388 0.148 -0.134 -0.384 -0.536 -0.631 -0.702 -0.757 -0.802 -0.834 -0.85 -0.834 -0.751 -0.577 -0.396 -0.388 -0.46 -0.462 -0.505 -0.546 -0.572 -0.577 -9 -9 -9 -9 -9 -9 -9 -9 -9 -9 -9 -9 -9 -9 -9 -9 -9
0.343 0.405 0.431 0.415 0.383 0.354 0.333 0.327 0.333 0.351 0.379 0.46 0.679 0.975 1.189 1.428 1.687 1.643 1.6 1.494 1.199 1.074 0.864 0.614 0.445 0.434 0.689 0.851 0.895 0.872 0.796 0.653 0.575 0.535 0.486 0.42 0.369 0.294 0.172 -0.02 -0.254 -0.461 -0.583 -0.666 -0.731 -0.787 -0.836 -0.868 -0.871 -0.814 -0.642 -0.403 -0.258 -0.34 -0.366 -0.308 -0.351 -0.43 -0.497 -9 -9 -9 -9 -9 -9 -9 -9 -9 -9 -9 -9 -9 -9 -9 -9 -9 -9
0.396 0.459 0.469 0.43 0.389 0.368 0.349 0.337 0.34 0.364 0.34 0.39 0.538 0.841 1.148 1.317 1.629 1.774 1.818 1.636 1.389 1.132 0.907 0.797 0.67 0.561 0.692 0.756 0.755 0.658 0.63 0.583 0.554 0.517 0.493 0.435 0.35 0.232 0.078 -0.116 -0.319 -0.5 -0.611 -0.692 -0.757 -0.815 -0.863 -0.89 -0.873 -0.742 -0.511 -0.227 -0.175 -0.267 -0.246 -0.132 -0.176 -0.303 -0.394 -9 -9 -9 -9 -9 -9 -9 -9 -9 -9 -9 -9 -9 -9 -9 -9 -9 -9
0.442 0.462 0.466 0.461 0.429 0.409 0.387 0.37 0.386 0.398 0.331 0.342 0.431 0.712 1.058 1.398 1.597 1.901 1.842 1.639 1.456 1.298 1.19 1.204 1.046 0.943 0.758 0.714 0.715 0.766 0.805 0.766 0.725 0.676 0.664 0.592 0.485 0.339 0.145 -0.083 -0.302 -0.495 -0.618 -0.706 -0.777 -0.837 -0.884 -0.901 -0.85 -0.65 -0.373 -0.087 -0.071 -0.183 -0.054 0.078 0.013 -0.126 -0.206 -9 -9 -9 -9 -9 -9 -9 -9 -9 -9 -9 -9 -9 -9 -9 -9 -9 -9
0.513 0.513 0.511 0.508 0.49 0.469 0.444 0.419 0.42 0.397 0.34 0.329 0.385 0.623 0.991 1.438 1.642 1.812 1.855 1.751 1.598 1.571 1.487 1.456 1.408 1.266 1.095 1.053 1.049 1.094 1.041 0.99 0.977 0.924 0.896 0.773 0.598 0.427 0.212 -0.004 -0.21 -0.43 -0.593 -0.703 -0.787 -0.851 -0.898 -0.899 -0.82 -0.578 -0.213 0.042 0.023 -0.089 0.149 0.26 0.11 0.051 0.027 -0.154 -0.3 -0.233 -0.201 -9 -9 -9 -9 -9 -9 -9 -9 -9 -9 -9 -9 -9 -9
0.627 0.614 0.608 0.613 0.6 0.574 0.53 0.491 0.453 0.414 0.369 0.342 0.378 0.649 1.084 1.418 1.472 1.598 1.821 1.776 1.661 1.677 1.704 1.656 1.563 1.432 1.439 1.473 1.383 1.31 1.24 1.219 1.233 1.154 1.08 0.901 0.66 0.49 0.361 0.214 -0.035 -0.298 -0.48 -0.662 -0.784 -0.857 -0.905 -0.885 -0.777 -0.5 -0.137 -0.021 -0.05 0.049 0.23 0.366 0.233 0.189 0.125 -0.015 -0.215 -0.127 0.007 0.109 0.064 -0.055 -0.159 -9 -9 -9 -9 -9 -9 -9 -9 -9 -9
0.81 0.85 0.868 0.885 0.891 0.808 0.697 0.625 0.547 0.48 0.42 0.377 0.407 0.731 1.16 1.269 1.211 1.453 1.494 1.458 1.471 1.574 1.603 1.674 1.631 1.639 1.688 1.663 1.548 1.444 1.353 1.351 1.301 1.192 1.058 0.869 0.655 0.634 0.646 0.408 0.177 -0.064 -0.332 -0.597 -0.767 -0.855 -0.905 -0.882 -0.761 -0.483 -0.149 -0.057 -0.05 0.216 0.356 0.447 0.34 0.252 0.203 0.057 -0.164 -0.088 0.09 0.217 0.162 0.069 -0.043 -0.195 -0.305 -0.395 -9 -9 -9 -9 -9 -9 -9
0.95 1.104 1.138 1.133 1.168 1.177 1.047 0.967 0.825 0.617 0.491 0.423 0.443 0.758 0.978 0.931 0.911 1.148 1.102 1.127 1.256 1.351 1.405 1.556 1.642 1.684 1.636 1.513 1.372 1.206 1.061 1.072 1.084 1.032 0.948 0.851 0.732 0.8 0.817 0.651 0.419 0.127 -0.222 -0.515 -0.723 -0.845 -0.901 -0.892 -0.746 -0.432 -0.146 -0.068 -0.037 0.18 0.346 0.428 0.352 0.32 0.223 0.019 -0.095 0.016 0.175 0.247 0.226 0.144 0.014 -0.132 -0.162 -0.263 -0.337 -0.404 -0.456 -0.421 -9 -9 -9
1.033 1.034 1.096 1.189 1.349 1.428 1.388 1.328 1.181 0.902 0.62 0.48 0.463 0.609 0.729 0.636 0.613 0.749 0.74 0.793 0.923 0.997 1.08 1.195 1.247 1.235 1.176 1.032 0.902 0.715 0.54 0.501 0.57 0.631 0.65 0.778 0.827 0.879 0.856 0.767 0.553 0.21 -0.096 -0.402 -0.676 -0.83 -0.894 -0.898 -0.771 -0.489 -0.24 -0.17 0.028 0.232 0.267 0.39 0.407 0.325 0.083 -0.006 0.036 0.132 0.279 0.26 0.259 0.222 0.05 -0.028 0.132 0.037 0.02 -0.113 -0.392 -0.415 -0.234 -0.034 0.096
1.151 1.114 1.074 1.16 1.338 1.54 1.592 1.567 1.514 1.28 0.89 0.591 0.455 0.459 0.471 0.445 0.455 0.486 0.521 0.538 0.557 0.574 0.603 0.622 0.603 0.586 0.551 0.475 0.39 0.261 0.141 0.075 0.078 0.159 0.299 0.547 0.543 0.655 0.818 0.697 0.499 0.382 0.053 -0.325 -0.643 -0.81 -0.885 -0.9 -0.821 -0.588 -0.35 -0.205 0.07 0.277 0.28 0.381 0.417 0.231 0.017 0.115 0.139 0.266 0.322 0.233 0.151 0.099 0.037 0.2 0.459 0.422 0.397 0.249 -0.156 -0.385 -0.362 -0.15 0.067
1.315 1.24 1.218 1.21 1.335 1.614 1.747 1.739 1.627 1.396 1.105 0.741 0.492 0.423 0.398 0.417 0.49 0.58 0.595 0.538 0.47 0.403 0.352 0.318 0.29 0.26 0.219 0.159 0.087 0.001 -0.078 -0.141 -0.186 -0.195 -0.073 0.192 0.24 0.357 0.562 0.643 0.573 0.502 0.123 -0.284 -0.584 -0.785 -0.876 -0.901 -0.857 -0.671 -0.439 -0.228 0.003 0.169 0.28 0.426 0.393 0.164 0.041 0.222 0.242 0.318 0.335 0.262 0.078 0.046 0.284 0.342 0.736 0.802 0.751 0.473 -0.027 -0.318 -0.378 -0.195 -0.006
1.446 1.249 1.263 1.346 1.388 1.706 1.845 1.826 1.729 1.553 1.285 0.899 0.549 0.436 0.437 0.555 0.716 0.831 0.846 0.781 0.628 0.478 0.358 0.271 0.2 0.144 0.092 0.036 -0.011 -0.096 -0.163 -0.204 -0.308 -0.365 -0.367 -0.155 0.003 0.17 0.325 0.551 0.596 0.443 0.12 -0.251 -0.541 -0.751 -0.869 -0.9 -0.866 -0.707 -0.466 -0.205 -0.073 0.127 0.245 0.428 0.36 0.117 0.09 0.245 0.315 0.373 0.41 0.293 0.098 0.242 0.509 0.62 0.875 1.111 0.901 0.476 0.077 -0.238 -0.343 -0.244 -0.1
1.686 1.336 1.251 1.392 1.455 1.711 1.928 1.905 1.746 1.559 1.341 1.069 0.632 0.449 0.519 0.763 1.019 1.13 1.146 1.088 0.889 0.758 0.564 0.454 0.281 0.262 0.174 0.087 0.053 0.04 -0.004 -0.106 -0.256 -0.405 -0.462 -0.404 -0.175 0.04 0.169 0.318 0.472 0.358 0.085 -0.274 -0.554 -0.739 -0.864 -0.899 -0.868 -0.707 -0.434 -0.137 -0.056 0.189 0.276 0.395 0.359 0.11 0.148 0.281 0.427 0.458 0.448 0.335 0.223 0.529 0.785 0.919 1.127 1.194 0.926 0.608 0.203 -0.13 -0.306 -0.337 -0.291
1.787 1.387 1.217 1.33 1.599 1.816 1.955 1.941 1.749 1.452 1.244 1.018 0.651 0.453 0.515 0.823 1.2 1.437 1.41 1.478 1.217 1.176 0.915 0.731 0.433 0.553 0.465 0.325 0.248 0.314 0.198 0.036 -0.169 -0.376 -0.477 -0.502 -0.414 -0.227 -0.003 0.094 0.214 0.157 -0.056 -0.346 -0.599 -0.768 -0.869 -0.897 -0.851 -0.656 -0.388 -0.085 0.006 0.208 0.4 0.479 0.424 0.168 0.236 0.387 0.489 0.52 0.667 0.657 0.414 0.746 1.055 1.116 1.198 1.134 1.012 0.737 0.386 0.087 -0.165 -0.29 -0.362
1.782 1.464 1.207 1.331 1.743 1.948 2.002 1.853 1.609 1.37 1.203 1.07 0.628 0.45 0.49 0.825 1.183 1.574 1.55 1.918 1.619 1.577 1.311 0.866 0.72 0.854 0.811 0.651 0.568 0.494 0.348 0.165 -0.073 -0.273 -0.417 -0.498 -0.525 -0.465 -0.265 -0.123 0.021 -0.041 -0.217 -0.463 -0.675 -0.81 -0.881 -0.894 -0.798 -0.569 -0.28 -0.007 0.076 0.198 0.472 0.577 0.458 0.311 0.351 0.446 0.605 0.677 0.895 0.755 0.634 0.875 1.173 1.141 1.13 1.113 1.08 0.902 0.721 0.429 0.09 -0.113 -0.294
1.793 1.479 1.236 1.408 1.721 2.069 2.081 1.815 1.705 1.583 1.449 1.247 0.601 0.469 0.625 0.934 1.232 1.63 1.752 2.238 1.953 1.858 1.591 1.077 1.132 1.143 1.114 0.98 0.852 0.677 0.458 0.195 0.001 -0.121 -0.272 -0.396 -0.506 -0.566 -0.535 -0.357 -0.164 -0.174 -0.352 -0.592 -0.756 -0.851 -0.899 -0.884 -0.671 -0.445 -0.285 0.012 0.197 0.254 0.484 0.576 0.501 0.582 0.556 0.601 0.828 0.952 1.04 0.953 1.019 0.983 1.236 1.251 1.224 1.274 1.367 1.228 1.048 0.708 0.322 0.128 -0.09
1.747 1.439 1.339 1.631 1.898 2.135 1.968 2.007 2.043 1.947 1.828 1.239 0.559 0.508 0.766 1.087 1.46 1.734 1.913 2.383 2.182 1.921 1.682 1.287 1.453 1.496 1.391 1.252 1.066 0.789 0.454 0.204 0.177 0.092 -0.079 -0.246 -0.4 -0.549 -0.629 -0.588 -0.462 -0.396 -0.544 -0.733 -0.83 -0.889 -0.922 -0.889 -0.616 -0.366 -0.226 -0.049 0.244 0.385 0.64 0.685 0.651 0.768 0.73 0.836 1.007 1.122 1.24 1.238 1.351 1.195 1.313 1.378 1.399 1.354 1.518 1.431 1.183 0.821 0.595 0.455 0.167
1.854 1.485 1.576 1.852 2.099 2.067 2.039 2.248 2.229 2.078 1.818 1.03 0.524 0.532 0.74 1.081 1.482 1.804 2.073 2.277 2.236 2.242 2.034 1.528 1.692 1.782 1.623 1.403 1.133 0.787 0.434 0.369 0.398 0.275 0.105 -0.082 -0.272 -0.445 -0.601 -0.681 -0.69 -0.662 -0.747 -0.834 -0.878 -0.899 -0.92 -0.911 -0.698 -0.451 -0.176 0.045 0.267 0.463 0.556 0.727 0.785 0.778 0.674 0.703 0.862 1.074 1.27 1.317 1.303 1.24 1.347 1.476 1.461 1.456 1.606 1.548 1.233 0.949 0.944 0.804 0.44
1.827 1.6 1.761 2.019 2.222 2.092 2.22 2.284 2.126 1.815 1.32 0.797 0.503 0.453 0.669 1.004 1.444 1.88 2.143 2.237 2.433 2.472 2.154 1.796 1.941 1.99 1.796 1.581 1.225 0.811 0.588 0.622 0.555 0.395 0.233 0.057 -0.147 -0.321 -0.493 -0.641 -0.739 -0.778 -0.83 -0.878 -0.915 -0.899 -0.865 -0.926 -0.844 -0.581 -0.24 -0.01 0.128 0.311 0.454 0.541 0.617 0.612 0.5 0.519 0.638 0.802 1.027 1.145 1.178 1.236 1.342 1.406 1.461 1.549 1.578 1.533 1.309 1.184 1.239 1.004 0.664
1.878 1.936 2.048 2.168 2.175 2.079 2.106 1.961 1.697 1.258 0.924 0.684 0.503 0.384 0.452 0.838 1.369 1.778 2.133 2.314 2.434 2.425 2.242 2.183 2.195 2.167 2.024 1.857 1.486 0.999 0.825 0.867 0.663 0.453 0.324 0.185 -0.025 -0.24 -0.422 -0.551 -0.698 -0.782 -0.841 -0.891 -0.936 -0.966 -0.941 -0.9 -0.918 -0.799 -0.563 -0.298 0.047 0.187 0.329 0.414 0.418 0.332 0.33 0.388 0.475 0.63 0.781 0.932 1.041 1.119 1.134 1.154 1.336 1.594 1.601 1.495 1.423 1.411 1.449 1.212 0.939
2.073 2.12 2.056 1.892 1.861 1.891 1.819 1.458 1.233 1.118 1.034 0.818 0.615 0.386 0.303 0.53 1.057 1.524 2.035 2.303 2.332 2.498 2.46 2.349 2.28 2.323 2.245 2.077 1.704 1.21 1.083 1.045 0.745 0.602 0.464 0.277 0.039 -0.246 -0.292 -0.382 -0.6 -0.727 -0.814 -0.877 -0.934 -0.983 -1.02 -1.02 -0.979 -0.926 -0.736 -0.478 -0.13 0.116 0.325 0.456 0.437 0.229 0.154 0.232 0.35 0.549 0.709 0.757 0.827 0.894 0.812 0.865 1.125 1.381 1.585 1.578 1.638 1.693 1.531 1.386 1.178
2.068 1.979 1.664 1.489 1.432 1.429 1.396 1.299 1.301 1.399 1.371 1.347 0.97 0.476 0.269 0.356 0.839 1.345 1.809 2.183 2.234 2.372 2.378 2.176 2.182 2.337 2.325 2.158 1.79 1.487 1.341 1.172 0.914 0.763 0.558 0.306 -0.034 -0.24 -0.14 -0.205 -0.44 -0.588 -0.709 -0.807 -0.903 -0.979 -1.035 -1.066 -1.059 -1.024 -0.881 -0.677 -0.329 -0.007 0.307 0.426 0.386 0.152 0.005 0.156 0.306 0.491 0.542 0.482 0.542 0.586 0.478 0.539 0.827 1.056 1.305 1.521 1.696 1.548 1.484 1.496 1.35
1.959 1.872 1.583 1.55 1.571 1.496 1.504 1.759 1.945 1.996 1.917 1.75 1.126 0.513 0.245 0.267 0.695 1.125 1.49 1.895 1.914 1.875 1.967 1.858 2.048 2.185 2.179 2.147 1.955 1.775 1.542 1.32 1.056 0.808 0.502 0.157 -0.15 -0.088 0.001 -0.049 -0.248 -0.409 -0.511 -0.64 -0.774 -0.929 -1.027 -1.081 -1.102 -1.093 -1.001 -0.828 -0.528 -0.199 0.148 0.244 0.19 -0.004 -0.13 0 0.155 0.315 0.273 0.14 0.255 0.235 0.131 0.291 0.547 0.85 1.189 1.299 1.361 1.308 1.385 1.505 1.411
2.329 2.382 1.914 2.002 2.204 2.106 2.137 2.386 2.61 2.55 2.285 1.647 0.979 0.45 0.189 0.208 0.491 0.717 1.046 1.437 1.42 1.293 1.489 1.619 1.89 1.832 1.933 2.133 2.052 1.888 1.594 1.279 0.99 0.687 0.381 -0.036 -0.119 0.054 0.168 0.113 -0.065 -0.225 -0.287 -0.453 -0.611 -0.825 -0.984 -1.065 -1.113 -1.122 -1.076 -0.958 -0.721 -0.446 -0.159 -0.044 -0.073 -0.207 -0.276 -0.155 -0.04 0.039 -0.002 -0.145 -0.021 -0.106 -0.062 0.191 0.43 0.653 0.954 1.092 1.085 1.044 1.2 1.373 1.318
2.686 2.793 2.472 2.232 2.342 2.354 2.521 2.665 2.8 2.598 2.14 1.523 0.833 0.325 0.125 0.124 0.248 0.325 0.507 0.793 0.819 0.9 1.232 1.476 1.636 1.481 1.748 2.067 1.91 1.77 1.6 1.101 0.697 0.381 0.086 -0.092 -0.032 0.108 0.304 0.3 0.111 0.021 -0.081 -0.29 -0.511 -0.783 -0.919 -0.991 -1.086 -1.124 -1.109 -1.04 -0.889 -0.663 -0.434 -0.343 -0.334 -0.406 -0.406 -0.351 -0.3 -0.245 -0.305 -0.375 -0.338 -0.355 -0.262 -0.069 0.121 0.402 0.744 0.828 0.794 0.93 1.135 1.298 1.258
2.84 3.03 2.912 2.623 2.382 2.457 2.618 2.737 2.685 2.221 1.809 1.224 0.577 0.203 0.152 0.168 0.402 0.436 0.301 0.293 0.332 0.573 0.925 1.188 1.329 1.204 1.548 1.906 1.672 1.626 1.401 0.9 0.42 0.166 0 -0.014 0.124 0.18 0.422 0.477 0.358 0.257 0.085 -0.174 -0.47 -0.78 -0.827 -0.854 -0.994 -1.092 -1.11 -1.075 -0.995 -0.837 -0.66 -0.574 -0.559 -0.568 -0.551 -0.528 -0.522 -0.511 -0.549 -0.557 -0.486 -0.373 -0.275 -0.189 0.002 0.25 0.377 0.435 0.512 0.846 1.142 1.28 1.146
2.794 3.028 3.07 2.949 2.804 2.749 2.787 2.669 2.41 1.931 1.474 0.833 0.331 0.197 0.286 0.273 0.55 0.705 0.507 0.283 0.093 0.274 0.602 0.803 1.04 0.999 1.374 1.748 1.613 1.334 1.073 0.67 0.468 0.39 0.232 0.03 0.242 0.282 0.507 0.616 0.524 0.359 0.117 -0.19 -0.494 -0.764 -0.725 -0.73 -0.839 -0.998 -1.088 -1.084 -1.04 -0.96 -0.831 -0.709 -0.666 -0.615 -0.56 -0.562 -0.624 -0.658 -0.629 -0.543 -0.436 -0.32 -0.204 -0.116 -0.038 0.005 0.02 0.2 0.386 0.658 1.011 1.184 1.079
2.648 2.989 3.114 3.079 3.241 3.007 2.712 2.393 2.032 1.582 1.036 0.464 0.22 0.287 0.434 0.375 0.664 0.911 0.78 0.548 0.147 0.024 0.29 0.493 0.689 0.801 1.292 1.679 1.532 1.168 0.984 0.775 0.65 0.569 0.426 0.161 0.315 0.443 0.618 0.662 0.532 0.275 0.01 -0.284 -0.558 -0.741 -0.642 -0.653 -0.765 -0.95 -1.074 -1.083 -1.058 -1.003 -0.793 -0.723 -0.617 -0.466 -0.365 -0.335 -0.473 -0.659 -0.707 -0.589 -0.499 -0.411 -0.251 -0.117 -0.091 -0.178 -0.138 0.16 0.37 0.527 0.841 1.102 1.062
2.429 2.971 3.141 3.243 3.427 3.146 2.763 2.355 1.879 1.398 0.701 0.226 0.249 0.494 0.564 0.57 0.796 1.058 1.025 0.764 0.347 -0.053 0.025 0.201 0.425 0.817 1.394 1.716 1.523 1.334 1.282 0.997 0.794 0.734 0.534 0.311 0.388 0.555 0.682 0.701 0.56 0.333 0.069 -0.174 -0.529 -0.702 -0.564 -0.571 -0.744 -0.952 -1.07 -1.084 -1.067 -1.001 -0.786 -0.7 -0.51 -0.265 -0.168 -0.137 -0.246 -0.521 -0.75 -0.724 -0.631 -0.534 -0.371 -0.23 -0.249 -0.379 -0.253 0.023 0.278 0.493 0.707 1.006 1.065
2.334 2.845 3.076 3.235 3.243 3.014 2.597 2.117 1.612 1.086 0.417 0.12 0.357 0.678 0.706 0.866 0.959 1.141 1.029 0.682 0.337 -0.042 0.016 0.306 0.615 1.032 1.411 1.67 1.598 1.544 1.461 1.215 1.027 0.868 0.646 0.512 0.534 0.649 0.641 0.769 0.673 0.479 0.281 -0.042 -0.459 -0.643 -0.459 -0.53 -0.745 -0.959 -1.069 -1.085 -1.059 -0.955 -0.733 -0.663 -0.397 -0.132 0.011 -0.031 -0.212 -0.494 -0.742 -0.769 -0.673 -0.55 -0.456 -0.426 -0.508 -0.565 -0.363 -0.095 0.112 0.44 0.686 0.931 1.012
2.149 2.546 2.833 2.971 2.936 2.688 2.199 1.684 1.192 0.623 0.135 0.108 0.414 0.73 0.849 1.029 1.127 1.25 1.148 0.805 0.422 -0.016 0.064 0.441 0.695 0.95 1.276 1.587 1.642 1.697 1.62 1.386 1.126 0.935 0.766 0.663 0.622 0.69 0.566 0.689 0.63 0.397 0.205 -0.072 -0.447 -0.498 -0.344 -0.5 -0.724 -0.954 -1.063 -1.084 -1.037 -0.911 -0.684 -0.581 -0.356 -0.068 0.106 0.041 -0.221 -0.507 -0.704 -0.778 -0.705 -0.634 -0.625 -0.645 -0.727 -0.67 -0.477 -0.275 -0.06 0.253 0.528 0.751 0.819
1.951 2.287 2.608 2.821 2.744 2.336 1.796 1.162 0.694 0.201 0.03 0.271 0.394 0.725 0.996 1.214 1.275 1.336 1.196 0.86 0.457 0.007 0.018 0.362 0.549 0.797 1.163 1.634 1.806 1.85 1.669 1.396 1.09 0.882 0.724 0.626 0.595 0.664 0.56 0.475 0.524 0.312 0.015 -0.275 -0.495 -0.279 -0.251 -0.461 -0.716 -0.943 -1.053 -1.08 -1.02 -0.849 -0.581 -0.487 -0.26 0.037 0.149 0.033 -0.245 -0.441 -0.594 -0.744 -0.783 -0.782 -0.795 -0.834 -0.857 -0.804 -0.695 -0.544 -0.341 -0.055 0.209 0.422 0.475
1.883 2.214 2.469 2.549 2.554 2.179 1.588 0.841 0.264 0.004 0.082 0.426 0.551 0.801 1.161 1.427 1.41 1.332 1.101 0.764 0.383 0.014 -0.046 0.203 0.394 0.698 1.126 1.707 1.947 1.824 1.571 1.323 1.1 0.898 0.718 0.546 0.466 0.555 0.476 0.215 0.196 0.004 -0.296 -0.515 -0.428 -0.119 -0.148 -0.36 -0.591 -0.833 -1.033 -1.079 -1 -0.741 -0.463 -0.354 -0.185 0.128 0.232 0.089 -0.182 -0.332 -0.404 -0.572 -0.703 -0.795 -0.847 -0.901 -0.939 -0.961 -0.925 -0.816 -0.632 -0.339 -0.107 0.092 0.119
1.792 1.954 2.141 2.314 2.125 1.707 1.206 0.525 0.037 0.012 0.109 0.409 0.738 0.972 1.256 1.539 1.511 1.226 0.924 0.584 0.252 0.03 0.019 0.194 0.507 0.816 1.276 1.806 1.937 1.789 1.615 1.486 1.363 1.161 1.025 0.825 0.628 0.418 0.241 -0.015 -0.214 -0.4 -0.562 -0.503 -0.169 0.041 0.049 -0.165 -0.471 -0.774 -1.026 -1.075 -0.964 -0.711 -0.412 -0.178 -0.102 0.158 0.344 0.219 -0.016 -0.209 -0.193 -0.298 -0.458 -0.626 -0.682 -0.744 -0.838 -0.934 -0.994 -0.971 -0.859 -0.605 -0.403 -0.25 -0.227
1.818 2.035 2.03 1.798 1.463 1.139 0.717 0.226 -0.017 0.159 0.26 0.31 0.664 1.051 1.313 1.462 1.42 1.177 0.752 0.402 0.208 0.233 0.364 0.423 0.748 1.087 1.462 1.759 1.917 1.903 1.8 1.724 1.648 1.506 1.404 1.203 0.979 0.817 0.708 0.408 -0.013 -0.47 -0.533 -0.192 0.17 0.223 0.122 -0.115 -0.458 -0.807 -1.036 -1.07 -0.948 -0.709 -0.375 -0.046 0.011 0.204 0.438 0.374 0.173 -0.057 0.022 -0.004 -0.168 -0.395 -0.417 -0.448 -0.594 -0.742 -0.856 -0.933 -0.972 -0.868 -0.695 -0.606 -0.575
