data/climatemaps/RS_maps/climate_breeding_tmp_2019.asc
NCOLS 369 
NROWS 228 
XLLCORNER 479000 
YLLCORNER 73000 
CELLSIZE 1000 
NODATA_value -9 
[rows 102 to 135 of 228, columns 0 to 76 of 369]
-9 -9 -9 -9 -9 -9 -9 -9 -9 -9 -9 -9 -9 -9 -9 -9 -9 -9 -9 -9 -9 -9 -9 -9 -9 -9 -9 -9 -9 -9 -9 -9 0.505 0.489 0.471 0.567 0.599 0.601 0.575 0.515 0.393 0.279 0.311 0.341 0.309 0.2 0.103 0.099 0.135 0.16 0.131 0.122 0.122 0.13 0.13 0.13 0.189 0.244 0.39 0.478 0.484 0.637 0.687 0.649 0.459 0.06 0 -0.008 -0.106 -0.079 0.094 0.516 0.829 1.019 1.049 1.088 1.134
-9 -9 -9 -9 -9 -9 -9 -9 -9 -9 -9 -9 -9 -9 -9 -9 -9 -9 -9 -9 -9 -9 -9 -9 -9 -9 -9 -9 -9 -9 -9 -9 0.498 0.507 0.553 0.593 0.594 0.596 0.55 0.392 0.33 0.361 0.348 0.276 0.145 0.117 0.083 0.106 0.137 0.186 0.224 0.215 0.203 0.206 0.185 0.141 0.223 0.398 0.548 0.653 0.66 0.594 0.519 0.299 0.062 -0.104 -0.205 -0.188 -0.069 0.213 0.486 0.763 0.932 1.075 1.098 1.138 1.148
-9 -9 -9 -9 -9 -9 -9 -9 -9 -9 -9 -9 -9 -9 -9 -9 -9 -9 -9 -9 -9 -9 -9 -9 -9 -9 -9 -9 -9 -9 -9 -9 0.536 0.569 0.595 0.594 0.593 0.588 0.537 0.409 0.419 0.381 0.27 0.112 0.04 0.094 0.133 0.192 0.278 0.34 0.35 0.317 0.31 0.345 0.362 0.242 0.484 0.644 0.686 0.618 0.463 0.296 0.189 0.061 -0.023 -0.095 -0.138 0.002 0.321 0.605 0.789 0.914 1.036 1.137 1.148 1.148 1.148
-9 -9 -9 -9 -9 -9 -9 -9 -9 -9 -9 -9 -9 -9 -9 -9 -9 -9 -9 -9 -9 -9 -9 -9 -9 -9 -9 -9 -9 -9 -9 -9 0.58 0.593 0.599 0.595 0.592 0.579 0.56 0.496 0.422 0.326 0.138 0.059 0.108 0.213 0.301 0.373 0.393 0.361 0.315 0.287 0.316 0.469 0.554 0.508 0.681 0.707 0.637 0.413 0.226 0.143 0.04 -0.027 -0.03 -0.076 0.045 0.408 0.648 0.812 0.938 1.031 1.132 1.148 1.148 1.148 1.148
-9 -9 -9 -9 -9 -9 -9 -9 -9 -9 -9 -9 -9 -9 -9 -9 -9 -9 -9 -9 -9 -9 -9 -9 -9 -9 -9 -9 -9 -9 -9 -9 -9 0.596 0.599 0.598 0.592 0.565 0.532 0.514 0.334 0.22 0.145 0.169 0.251 0.38 0.382 0.299 0.238 0.183 0.14 0.147 0.227 0.401 0.556 0.676 0.598 0.571 0.441 0.246 0.145 0.042 -0.061 0 0.066 0.085 0.366 0.655 0.82 0.946 1.052 1.124 1.149 1.15 1.15 1.148 1.148
-9 -9 -9 -9 -9 -9 -9 -9 -9 -9 -9 -9 -9 -9 -9 -9 -9 -9 -9 -9 -9 -9 -9 -9 -9 -9 -9 -9 -9 -9 -9 -9 -9 0.592 0.581 0.584 0.565 0.451 0.443 0.419 0.248 0.212 0.242 0.314 0.39 0.326 0.181 0.119 0.084 0.078 0.114 0.219 0.402 0.535 0.542 0.455 0.31 0.304 0.132 0.066 0.047 0.005 0.054 0.158 0.224 0.362 0.611 0.77 0.904 1.034 1.128 1.153 1.153 1.153 1.153 1.15 1.15
-9 -9 -9 -9 -9 -9 -9 -9 -9 -9 -9 -9 -9 -9 -9 -9 -9 -9 -9 -9 -9 -9 -9 -9 -9 -9 -9 -9 -9 -9 -9 -9 -9 0.557 0.554 0.509 0.4 0.339 0.359 0.503 0.313 0.336 0.411 0.409 0.289 0.14 0.073 0.102 0.116 0.161 0.248 0.419 0.401 0.324 0.185 0.026 0.006 0.071 -0.014 -0.014 0.015 0.065 0.145 0.176 0.19 0.363 0.666 0.828 0.968 1.108 1.153 1.153 1.153 1.153 1.153 1.153 1.153
-9 -9 -9 -9 -9 -9 -9 -9 -9 -9 -9 -9 -9 -9 -9 -9 -9 -9 -9 -9 -9 -9 -9 -9 -9 -9 -9 -9 -9 -9 -9 -9 -9 0.415 0.408 0.36 0.328 0.328 0.374 0.503 0.499 0.462 0.377 0.244 0.14 0.104 0.112 0.164 0.217 0.295 0.355 0.344 0.004 -0.052 -0.102 -0.189 -0.109 -0.051 -0.054 -0.021 -0.023 0.03 0.073 0.052 0.099 0.403 0.729 0.877 1.038 1.148 1.153 1.153 1.153 1.153 1.153 1.153 1.153
-9 -9 -9 -9 -9 -9 -9 -9 -9 -9 -9 -9 -9 -9 -9 -9 -9 -9 -9 -9 -9 -9 -9 -9 -9 -9 -9 -9 -9 -9 -9 -9 -9 0.361 0.361 0.353 0.373 0.426 0.497 0.506 0.405 0.315 0.182 0.095 0.114 0.153 0.21 0.237 0.297 0.252 0.314 -0.012 -0.132 -0.231 -0.188 -0.126 0.021 0.02 -0.031 0.026 0.049 0.223 0.305 0.37 0.518 0.732 0.879 0.979 1.109 1.16 1.157 1.153 1.153 1.153 1.153 1.153 1.15
-9 -9 -9 -9 -9 -9 -9 -9 -9 -9 -9 -9 -9 -9 -9 -9 -9 -9 -9 -9 -9 -9 -9 -9 -9 -9 -9 -9 -9 -9 -9 -9 -9 0.373 0.435 0.462 0.509 0.511 0.39 0.44 0.257 0.149 0.132 0.101 0.127 0.181 0.243 0.263 0.216 0.176 0.219 0.034 -0.259 -0.23 -0.044 0.066 0.064 0.124 0.238 0.363 0.46 0.547 0.637 0.784 0.937 1.033 1.083 1.124 1.156 1.163 1.159 1.157 1.157 1.157 1.153 1.153 1.118
-9 -9 -9 -9 -9 -9 -9 -9 -9 -9 -9 -9 -9 -9 -9 -9 -9 -9 -9 -9 -9 -9 -9 -9 -9 -9 -9 -9 -9 -9 -9 -9 0.37 0.432 0.441 0.446 0.507 0.458 0.375 0.375 0.277 0.225 0.195 0.14 0.094 0.133 0.191 0.178 0.157 0.187 0.007 -0.221 -0.264 -0.076 0.059 0.09 0.151 0.452 0.675 0.732 0.755 0.799 0.901 1.017 1.087 1.134 1.158 1.166 1.167 1.163 1.163 1.158 1.158 1.158 1.152 1.127 1.089
-9 -9 -9 -9 -9 -9 -9 -9 -9 -9 -9 -9 -9 -9 -9 -9 -9 -9 -9 -9 -9 -9 -9 -9 -9 -9 -9 -9 -9 -9 -9 -9 0.44 0.435 0.402 0.467 0.521 0.442 0.35 0.336 0.239 0.223 0.194 0.144 0.139 0.173 0.21 0.226 0.23 0.1 -0.118 -0.215 -0.078 0.07 0.16 0.358 0.664 0.854 0.924 0.971 1.006 1.049 1.105 1.108 1.132 1.166 1.168 1.168 1.168 1.168 1.164 1.163 1.158 1.128 1.09 1.082 1.081
-9 -9 -9 -9 -9 -9 -9 -9 -9 -9 -9 -9 -9 -9 -9 -9 -9 -9 -9 -9 -9 -9 -9 -9 -9 -9 -9 -9 -9 -9 -9 -9 0.456 0.417 0.452 0.541 0.492 0.342 0.284 0.306 0.193 0.163 0.12 0.116 0.168 0.224 0.247 0.238 0.174 0.136 0.046 0.094 0.133 0.23 0.527 0.862 0.955 0.986 1.005 1.054 1.093 1.124 1.144 1.149 1.168 1.168 1.168 1.168 1.168 1.168 1.168 1.164 1.101 0.973 0.98 1.05 1.075
-9 -9 -9 -9 -9 -9 -9 -9 -9 -9 -9 -9 -9 -9 -9 -9 -9 -9 -9 -9 -9 -9 -9 -9 -9 -9 -9 -9 -9 -9 -9 0.473 0.444 0.442 0.52 0.532 0.391 0.277 0.244 0.269 0.129 0.076 0.081 0.119 0.197 0.214 0.219 0.172 0.129 0.259 0.286 0.348 0.377 0.552 0.891 0.954 0.93 0.966 1.018 1.071 1.107 1.133 1.155 1.167 1.168 1.169 1.171 1.173 1.173 1.171 1.162 1.121 0.946 0.926 0.969 0.984 1.049
-9 -9 -9 -9 -9 -9 -9 -9 -9 -9 -9 -9 -9 -9 -9 -9 -9 -9 -9 -9 -9 -9 -9 -9 -9 -9 -9 -9 -9 0.449 0.522 0.503 0.454 0.508 0.536 0.447 0.297 0.244 0.271 0.24 0.106 0.039 0.061 0.111 0.175 0.175 0.131 0.055 0.122 0.188 0.212 0.289 0.667 0.878 0.957 0.958 0.965 0.993 1.031 1.07 1.114 1.164 1.168 1.168 1.169 1.169 1.169 1.169 1.171 1.161 1.117 0.975 0.879 0.916 0.936 0.999 1.011
-9 -9 -9 -9 -9 -9 -9 -9 -9 -9 -9 -9 -9 -9 -9 -9 -9 -9 -9 -9 -9 -9 -9 -9 -9 -9 -9 -9 0.38 0.441 0.465 0.526 0.499 0.54 0.453 0.33 0.261 0.246 0.275 0.255 0.077 -0.005 0.033 0.107 0.127 0.077 0 -0.079 -0.017 0.15 0.299 0.433 0.828 0.952 0.996 1.013 1.042 1.061 1.083 1.126 1.164 1.167 1.168 1.164 1.153 1.136 1.145 1.153 1.151 1.103 0.955 0.869 0.883 0.907 0.929 0.958 0.928
-9 -9 -9 -9 -9 -9 -9 -9 -9 -9 -9 -9 -9 -9 -9 -9 -9 -9 -9 -9 -9 -9 -9 -9 -9 -9 0.264 0.352 0.371 0.349 0.444 0.493 0.541 0.496 0.339 0.27 0.265 0.321 0.31 0.273 0.094 0.052 0.092 0.079 0.062 0.03 -0.005 -0.108 0.024 0.358 0.677 0.78 0.902 0.975 1.022 1.069 1.097 1.108 1.132 1.152 1.163 1.163 1.15 1.109 1.072 1.078 1.122 1.13 1.079 0.958 0.838 0.84 0.877 0.872 0.942 0.869 0.847
-9 -9 -9 -9 -9 -9 -9 -9 -9 -9 -9 -9 -9 -9 -9 -9 -9 -9 -9 -9 -9 -9 -9 -9 -9 0.255 0.312 0.315 0.32 0.356 0.41 0.518 0.537 0.464 0.379 0.328 0.355 0.396 0.331 0.289 0.172 0.133 0.155 0.11 0.117 0.098 -0.037 -0.105 0.171 0.6 0.853 0.878 0.927 0.983 1.034 1.099 1.062 1.104 1.151 1.148 1.156 1.144 1.073 0.985 1.009 1.061 1.093 1.047 0.976 0.877 0.828 0.825 0.826 0.9 0.883 0.795 0.827
-9 -9 -9 -9 -9 -9 -9 -9 -9 -9 -9 -9 -9 -9 -9 -9 -9 -9 -9 -9 -9 -9 -9 0.311 0.278 0.265 0.228 0.295 0.356 0.449 0.492 0.563 0.527 0.437 0.367 0.361 0.423 0.403 0.35 0.299 0.243 0.217 0.243 0.265 0.186 -0.026 -0.22 -0.059 0.424 0.791 0.893 0.907 0.987 1.041 1.097 1.099 1.041 1.108 1.156 1.151 1.145 1.082 0.977 0.938 0.998 1.019 1.031 0.962 0.935 0.873 0.838 0.797 0.839 0.895 0.824 0.769 0.888
-9 -9 -9 -9 -9 -9 -9 -9 -9 -9 -9 -9 -9 -9 -9 -9 -9 -9 -9 -9 -9 -9 0.343 0.258 0.258 0.233 0.24 0.367 0.445 0.501 0.547 0.516 0.474 0.431 0.402 0.444 0.397 0.295 0.184 0.244 0.32 0.364 0.281 0.117 -0.086 -0.11 -0.093 0.247 0.666 0.873 0.909 0.951 1.039 1.082 1.137 1.13 1.119 1.145 1.154 1.15 1.127 1.037 0.959 0.973 0.933 0.93 0.993 0.911 0.886 0.823 0.815 0.804 0.844 0.851 0.798 0.84 0.954
-9 -9 -9 -9 -9 -9 -9 -9 -9 -9 -9 -9 -9 -9 -9 -9 -9 -9 -9 -9 -9 0.376 0.323 0.244 0.208 0.257 0.312 0.397 0.415 0.421 0.462 0.409 0.369 0.405 0.474 0.422 0.285 0.015 0.018 0.286 0.47 0.27 0.09 -0.007 -0.077 0.033 0.258 0.617 0.818 0.917 0.97 1.032 1.072 1.12 1.146 1.147 1.155 1.155 1.151 1.125 1.082 1.018 0.98 0.945 0.926 0.992 0.954 0.895 0.832 0.786 0.802 0.816 0.836 0.848 0.854 0.937 0.938
-9 -9 -9 -9 -9 -9 -9 -9 -9 -9 -9 -9 -9 -9 -9 -9 -9 -9 -9 -9 0.381 0.327 0.305 0.226 0.182 0.298 0.341 0.332 0.355 0.404 0.457 0.421 0.433 0.447 0.374 0.265 0.152 -0.027 0.025 0.434 0.399 0.165 0.152 0.177 0.219 0.438 0.602 0.738 0.849 0.917 0.99 1.056 1.11 1.142 1.144 1.144 1.145 1.136 1.07 1.063 1.047 0.99 0.945 0.927 0.998 1.034 0.912 0.849 0.768 0.771 0.803 0.805 0.813 0.842 0.898 0.862 0.894
-9 -9 -9 -9 -9 -9 -9 -9 -9 -9 -9 -9 -9 -9 -9 -9 -9 -9 -9 0.381 0.34 0.263 0.219 0.174 0.237 0.289 0.291 0.331 0.395 0.448 0.433 0.406 0.373 0.31 0.214 0.1 0.021 -0.096 0.052 0.392 0.516 0.404 0.351 0.415 0.559 0.695 0.738 0.773 0.852 0.919 1.009 1.065 1.134 1.143 1.143 1.141 1.042 1.033 0.997 1.031 1 0.942 0.899 0.932 1.016 1.006 0.881 0.816 0.741 0.749 0.764 0.743 0.802 0.846 0.85 0.829 0.931
-9 -9 -9 -9 -9 -9 -9 -9 -9 -9 -9 -9 -9 -9 -9 -9 -9 -9 0.4 0.304 0.186 0.142 0.189 0.239 0.329 0.289 0.329 0.391 0.435 0.434 0.347 0.248 0.18 0.153 0.108 0.042 -0.03 -0.122 -0.039 0.316 0.58 0.557 0.585 0.648 0.706 0.759 0.836 0.859 0.903 0.947 1.037 1.085 1.139 1.143 1.143 1.108 0.964 0.96 0.934 0.994 0.939 0.848 0.85 0.933 1.016 0.966 0.879 0.752 0.669 0.675 0.684 0.75 0.779 0.775 0.841 0.854 1.005
-9 -9 -9 -9 -9 -9 -9 -9 -9 -9 -9 -9 -9 -9 -9 -9 -9 0.438 0.321 0.159 0.134 0.193 0.267 0.314 0.328 0.37 0.413 0.411 0.392 0.323 0.201 0.112 0.081 0.101 0.085 0.052 0.006 -0.052 0.068 0.357 0.623 0.653 0.685 0.624 0.444 0.593 0.714 0.834 0.89 0.978 1.017 1.074 1.139 1.143 1.141 1.075 0.966 0.924 0.93 0.958 0.887 0.8 0.843 0.939 1.005 0.954 0.865 0.726 0.676 0.635 0.664 0.753 0.714 0.809 0.866 0.907 1.061
-9 -9 -9 -9 -9 -9 -9 -9 -9 -9 -9 -9 -9 -9 -9 -9 0.388 0.267 0.17 0.168 0.236 0.285 0.296 0.302 0.348 0.431 0.395 0.31 0.241 0.165 0.085 0.038 0.063 0.084 0.11 0.144 0.153 0.21 0.469 0.59 0.58 0.496 0.399 0.318 0.377 0.589 0.716 0.849 0.893 0.988 0.986 1.034 1.136 1.143 1.122 1.079 0.997 0.928 0.93 0.933 0.862 0.798 0.835 0.95 0.977 0.943 0.843 0.752 0.702 0.676 0.697 0.689 0.745 0.871 0.947 1.05 0.996
-9 -9 -9 -9 -9 -9 -9 -9 -9 -9 -9 -9 -9 -9 -9 0.322 0.196 0.151 0.199 0.243 0.268 0.296 0.287 0.325 0.384 0.358 0.251 0.169 0.109 0.031 0.007 0.031 0.071 0.131 0.16 0.197 0.271 0.448 0.499 0.337 0.33 0.318 0.283 0.356 0.542 0.662 0.735 0.85 0.894 0.966 0.973 1.05 1.139 1.141 1.106 1.055 0.982 0.921 0.93 0.906 0.837 0.794 0.853 0.952 0.932 0.921 0.817 0.729 0.685 0.654 0.655 0.701 0.832 0.87 0.991 1.054 0.931
-9 -9 -9 -9 -9 -9 -9 -9 -9 -9 -9 -9 -9 0.467 0.342 0.199 0.148 0.192 0.241 0.263 0.291 0.33 0.347 0.308 0.296 0.222 0.126 0.094 0.051 0.013 -0.009 0.051 0.098 0.125 0.125 0.131 0.245 0.303 0.154 0.17 0.32 0.293 0.312 0.364 0.551 0.697 0.756 0.848 0.89 0.964 1.004 1.084 1.14 1.138 1.099 1.02 0.94 0.9 0.918 0.872 0.821 0.794 0.878 0.937 0.896 0.884 0.779 0.677 0.618 0.642 0.671 0.745 0.849 0.865 1.011 0.972 0.875
-9 -9 -9 -9 -9 -9 -9 -9 -9 -9 -9 -9 0.521 0.368 0.248 0.194 0.221 0.291 0.303 0.337 0.355 0.345 0.211 0.161 0.217 0.185 0.138 0.11 0.057 0.008 0.01 0.062 0.078 0.105 0.127 0.18 0.239 0.05 0.077 0.241 0.34 0.161 0.091 0.236 0.51 0.676 0.751 0.844 0.903 0.979 1.034 1.106 1.138 1.134 1.061 0.993 0.927 0.886 0.9 0.849 0.812 0.829 0.884 0.896 0.869 0.847 0.762 0.646 0.577 0.637 0.696 0.798 0.861 0.959 0.987 0.835 0.801
-9 -9 -9 -9 -9 -9 -9 -9 -9 -9 -9 0.606 0.489 0.359 0.251 0.305 0.367 0.392 0.421 0.34 0.305 0.24 0.107 0.14 0.195 0.172 0.138 0.077 -0.007 -0.034 -0.036 0.035 0.123 0.166 0.239 0.314 0.233 0.053 0.174 0.254 0.193 0.043 0.096 0.377 0.595 0.697 0.776 0.872 0.927 0.989 1.046 1.102 1.136 1.12 0.999 0.967 0.909 0.879 0.885 0.834 0.824 0.852 0.861 0.857 0.843 0.793 0.732 0.661 0.597 0.629 0.707 0.854 0.977 0.983 0.834 0.726 0.739
-9 -9 -9 -9 -9 -9 -9 -9 -9 -9 0.733 0.664 0.53 0.434 0.371 0.455 0.509 0.464 0.362 0.268 0.167 0.184 0.095 0.094 0.136 0.108 0.065 0.009 -0.097 -0.142 -0.031 0.121 0.202 0.253 0.301 0.346 0.244 0.171 0.227 0.205 0.075 0.103 0.333 0.556 0.674 0.737 0.823 0.906 0.95 1.008 1.057 1.084 1.099 1.073 0.946 0.938 0.902 0.883 0.869 0.841 0.841 0.851 0.835 0.828 0.824 0.748 0.71 0.688 0.664 0.679 0.8 0.969 0.954 0.836 0.735 0.653 0.673
-9 -9 -9 -9 -9 -9 -9 -9 -9 -9 0.679 0.688 0.621 0.473 0.488 0.505 0.458 0.345 0.21 0.124 0.141 0.162 0.084 0.051 0.042 0.043 -0.005 -0.065 -0.156 -0.055 0.127 0.223 0.264 0.313 0.341 0.334 0.164 0.103 0.176 0.117 0.14 0.296 0.532 0.649 0.739 0.809 0.891 0.948 0.979 1.052 1.088 1.051 1.087 1.053 0.922 0.933 0.914 0.898 0.88 0.857 0.853 0.852 0.815 0.815 0.79 0.712 0.695 0.698 0.727 0.775 0.864 0.969 0.838 0.748 0.705 0.618 0.613
-9 -9 -9 -9 -9 -9 -9 -9 -9 0.556 0.53 0.566 0.601 0.583 0.536 0.446 0.355 0.207 0.1 0.069 0.106 0.152 0.093 0.043 -0.012 -0.023 -0.084 -0.118 -0.067 0.113 0.214 0.254 0.316 0.363 0.32 0.171 -0.023 -0.091 0.104 0.205 0.304 0.483 0.639 0.718 0.805 0.886 0.914 0.956 0.982 1.036 1.075 1.083 1.118 1.008 0.922 0.935 0.923 0.913 0.895 0.877 0.863 0.834 0.796 0.783 0.747 0.678 0.664 0.689 0.771 0.821 0.905 0.943 0.866 0.767 0.726 0.611 0.605
-9 -9 -9 -9 -9 -9 -9 -9 0.554 0.505 0.492 0.514 0.556 0.584 0.508 0.408 0.261 0.164 0.09 0.081 0.101 0.171 0.093 0.019 -0.03 -0.078 -0.109 -0.034 0.068 0.189 0.257 0.331 0.356 0.291 0.031 -0.047 -0.101 -0.087 0.14 0.311 0.453 0.589 0.707 0.8 0.874 0.903 0.918 0.989 0.954 0.983 1.015 1.087 1.112 0.964 0.94 0.94 0.923 0.916 0.899 0.881 0.849 0.801 0.777 0.737 0.706 0.619 0.603 0.667 0.761 0.842 0.879 0.881 0.866 0.819 0.748 0.621 0.598
