data/climatemaps/RS_maps/climate_winter_tmin_2012.asc
NCOLS 369 
NROWS 228 
XLLCORNER 479000 
YLLCORNER 73000 
CELLSIZE 1000 
NODATA_value -9 
[rows 170 to 203 of 228, columns 0 to 75 of 369]
-9 -9 0.148 0.131 0.161 0.295 0.338 0.115 -0.059 -0.12 0.023 0.245 0.504 0.635 0.682 0.696 0.713 0.724 0.749 0.777 0.794 0.809 0.837 0.862 0.887 0.916 0.925 0.933 0.936 0.936 0.912 0.896 0.893 0.9 0.904 0.903 0.905 0.903 0.887 0.88 0.866 0.851 0.841 0.84 0.742 0.688 0.729 0.727 0.709 0.585 -9 -9 -9 -9 -9 -9 -9 -9 0.255 0.274 0.38 0.492 0.367 0.149 -0.034 -0.204 -0.209 -0.258 -0.336 -0.411 -0.634 -0.615 -0.482 -0.337 -0.299 -0.204
-9 0.162 0.12 0.135 0.237 0.369 0.244 0.04 -0.107 -0.024 0.197 0.408 0.602 0.663 0.699 0.714 0.735 0.745 0.764 0.787 0.795 0.809 0.836 0.861 0.887 0.905 0.914 0.917 0.924 0.92 0.888 0.879 0.883 0.883 0.881 0.867 0.808 0.735 0.71 0.809 0.821 0.803 0.794 0.802 0.717 0.685 0.698 0.678 0.599 -9 -9 -9 -9 -9 -9 -9 -9 -9 0.143 -0.013 0.14 0.338 0.447 0.285 0.06 -0.073 -0.145 -0.276 -0.423 -0.364 -0.266 -0.443 -0.55 -0.549 -0.403 -0.255
0.167 0.143 0.106 0.145 0.346 0.324 0.114 -0.014 -0.077 0.092 0.324 0.517 0.649 0.677 0.709 0.727 0.744 0.757 0.769 0.782 0.795 0.812 0.834 0.866 0.891 0.894 0.902 0.907 0.906 0.882 0.866 0.861 0.866 0.861 0.84 0.735 0.657 0.616 0.684 0.785 0.791 0.77 0.764 0.752 0.713 -9 -9 -9 -9 -9 -9 -9 -9 -9 -9 -9 -9 -9 0.269 -0.126 -0.117 0.156 0.37 0.044 -0.12 -0.117 -0.206 -0.333 -0.376 -0.318 -0.128 -0.264 -0.441 -0.529 -0.488 -0.289
0.137 0.101 0.103 0.211 0.381 0.162 -0.032 -0.078 0.003 0.231 0.452 0.614 0.675 0.691 0.72 0.735 0.746 0.752 0.761 0.782 0.797 0.812 0.838 0.87 0.878 0.884 0.889 0.89 0.882 0.861 0.85 0.843 0.843 0.837 0.783 0.699 0.678 0.702 0.748 0.773 0.758 0.743 0.735 0.706 0.676 -9 -9 -9 -9 -9 -9 -9 -9 -9 -9 -9 -9 -9 0.195 -0.254 -0.245 0.212 0.297 -0.014 -0.24 -0.304 -0.198 -0.077 -0.049 -0.013 0.056 -0.024 -0.21 -0.429 -0.615 -0.511
0.088 0.073 0.127 0.302 0.328 -0.006 -0.141 -0.033 0.145 0.387 0.583 0.677 0.699 0.718 0.731 0.746 0.747 0.744 0.762 0.785 0.799 0.814 0.838 0.863 0.867 0.876 0.874 0.867 0.849 0.842 0.834 0.826 0.821 0.807 0.744 0.687 0.701 0.733 0.737 0.743 0.729 0.721 0.699 0.66 0.618 -9 -9 -9 -9 -9 -9 -9 -9 -9 -9 -9 -9 -9 -9 -0.078 -0.045 0.155 0.141 0.223 0.025 -0.183 0.043 0.156 0.075 0.005 -0.006 0.031 0.001 -0.284 -0.494 -0.639
0.063 0.112 0.263 0.375 0.151 -0.137 -0.094 0.154 0.357 0.541 0.663 0.703 0.724 0.737 0.744 0.748 0.745 0.743 0.765 0.788 0.8 0.811 0.831 0.854 0.862 0.863 0.861 0.836 0.827 0.825 0.82 0.808 0.794 0.776 0.726 0.681 0.7 0.712 0.716 0.717 0.701 0.675 0.638 0.574 0.472 -9 -9 -9 -9 -9 -9 -9 -9 -9 -9 -9 -9 -9 -9 -9 -0.176 -0.123 0.008 0.134 0.126 0.184 0.057 -0.054 -0.204 -0.27 -0.406 -0.229 -0.035 -0.05 -0.253 -0.566
0.166 0.199 0.394 0.166 -0.079 -0.107 0.031 0.326 0.533 0.651 0.705 0.72 0.736 0.748 0.748 0.746 0.742 0.754 0.773 0.789 0.79 0.805 0.827 0.849 0.848 0.852 0.842 0.815 0.809 0.808 0.8 0.783 0.776 0.753 0.712 0.679 0.686 0.68 0.678 0.673 0.645 0.59 0.498 0.384 0.277 0.166 -9 -9 -9 -9 -9 -9 -9 -9 -9 -9 -9 -9 -9 -9 -0.224 -0.336 -0.229 -0.291 -0.122 0.107 -0.035 -0.32 -0.507 -0.584 -0.751 -0.456 -0.389 -0.225 -0.092 -0.434
0.175 0.432 0.328 0.025 -0.136 0.014 0.274 0.472 0.638 0.708 0.729 0.741 0.746 0.751 0.74 0.742 0.752 0.773 0.783 0.789 0.797 0.816 0.83 0.841 0.841 0.833 0.817 0.797 0.794 0.787 0.777 0.76 0.754 0.732 0.7 0.682 0.623 0.611 0.603 0.593 0.526 0.419 0.265 0.174 0.125 0.196 -9 -9 -9 -9 -9 -9 -9 -9 -9 -9 -9 -9 -9 -9 -9 -0.415 -0.293 -0.406 -0.253 -0.081 0.045 -0.091 -0.435 -0.9 -0.986 -0.755 -0.611 -0.336 -0.119 -0.486
0.262 0.501 0.417 0.104 -0.029 0.216 0.416 0.579 0.69 0.731 0.744 0.747 0.75 0.742 0.741 0.751 0.765 0.778 0.779 0.789 0.795 0.815 0.83 0.833 0.836 0.811 0.787 0.782 0.781 0.765 0.76 0.746 0.731 0.715 0.695 0.657 0.498 0.455 0.445 0.422 0.35 0.222 0.071 0.105 0.116 0.25 -9 -9 -9 -9 -9 -9 -9 -9 -9 -9 -9 -9 -9 -9 -0.103 -0.093 -0.168 -0.536 -0.471 -0.085 -0.256 -0.139 -0.287 -0.695 -0.809 -0.535 -0.263 -0.165 -0.32 -0.501
0.462 0.517 0.361 0.066 0.127 0.37 0.531 0.651 0.726 0.749 0.757 0.757 0.754 0.756 0.759 0.771 0.767 0.774 0.778 0.767 0.766 0.804 0.826 0.829 0.825 0.781 0.766 0.775 0.773 0.751 0.742 0.73 0.71 0.696 0.679 0.588 0.35 0.211 0.227 0.269 0.303 0.103 0.015 0.164 0.244 0.287 -9 -9 -9 -9 -9 -9 -9 -9 -9 -9 -9 -9 -9 -9 0.172 -0.035 -0.33 -0.634 -0.538 -0.354 -0.555 -0.334 -0.262 -0.509 -0.61 -0.341 -0.404 -0.509 -0.68 -0.473
0.567 0.417 0.164 0.105 0.301 0.498 0.605 0.691 0.744 0.755 0.761 0.749 0.736 0.758 0.767 0.762 0.762 0.773 0.773 0.752 0.761 0.803 0.82 0.818 0.795 0.739 0.749 0.762 0.764 0.744 0.728 0.713 0.692 0.682 0.642 0.473 0.188 -0.013 0.083 0.282 0.323 0.131 0.101 0.252 0.324 0.229 -9 -9 -9 -9 -9 -9 -9 -9 -9 -9 -9 -9 -9 -9 0.259 -0.092 -0.426 -0.618 -0.807 -0.742 -0.753 -0.458 -0.496 -0.545 -0.444 -0.444 -0.773 -0.808 -0.672 -0.46
0.51 0.246 0.058 0.268 0.482 0.601 0.677 0.724 0.752 0.762 0.749 0.721 0.741 0.772 0.769 0.762 0.763 0.773 0.759 0.758 0.777 0.804 0.815 0.804 0.737 0.731 0.754 0.762 0.757 0.733 0.712 0.688 0.687 0.662 0.572 0.334 0.105 -0.059 0.096 0.315 0.362 0.253 0.273 0.345 0.303 0.098 -9 -9 -9 -9 -9 -9 -9 -9 -9 -9 -9 -9 -9 -9 0.173 0.05 -0.202 -0.503 -0.773 -0.731 -0.753 -0.683 -0.596 -0.648 -0.503 -0.638 -0.928 -0.903 -0.533 -0.655
0.385 0.132 0.194 0.439 0.58 0.662 0.718 0.737 0.752 0.774 0.744 0.731 0.771 0.774 0.769 0.768 0.778 0.777 0.764 0.773 0.778 0.799 0.807 0.775 0.741 0.749 0.752 0.752 0.746 0.716 0.707 0.691 0.66 0.596 0.456 0.262 0.075 -0.081 0.078 0.323 0.405 0.379 0.365 0.349 0.23 -9 -9 -9 -9 -9 -9 -9 -9 -9 -9 -9 -9 -9 -9 -0.147 -0.034 0.132 -0.081 -0.484 -0.571 -0.389 -0.419 -0.405 -0.402 -0.597 -0.709 -0.781 -0.988 -0.761 -0.62 -0.83
0.222 0.15 0.363 0.555 0.641 0.688 0.732 0.736 0.745 0.778 0.767 0.767 0.791 0.791 0.788 0.781 0.788 0.775 0.771 0.777 0.789 0.788 0.778 0.759 0.747 0.751 0.741 0.736 0.733 0.715 0.685 0.656 0.63 0.489 0.365 0.225 0.038 -0.026 0.13 0.337 0.414 0.36 0.265 0.237 0.089 -9 -9 -9 -9 -9 -9 -9 -9 -9 -9 -9 -9 -9 -9 -0.298 -0.237 0.108 0.027 -0.184 -0.177 -0.243 -0.291 -0.383 -0.452 -0.543 -0.719 -0.944 -0.971 -0.709 -0.868 -0.903
0.117 0.281 0.508 0.631 0.685 0.71 0.738 0.723 0.739 0.773 0.785 0.791 0.805 0.801 0.792 0.781 0.779 0.777 0.762 0.777 0.791 0.768 0.752 0.749 0.748 0.746 0.741 0.737 0.722 0.701 0.673 0.65 0.617 0.511 0.395 0.219 0.011 -0.018 0.201 0.351 0.417 0.283 0.173 0.156 -0.03 -9 -9 -9 -9 -9 -9 -9 -9 -9 -9 -9 -9 -9 -9 -0.46 -0.312 -0.013 0.105 0.057 -0.161 -0.437 -0.549 -0.562 -0.639 -0.734 -0.703 -0.935 -1.009 -0.927 -1.036 -0.931
0.201 0.409 0.586 0.697 0.722 0.73 0.742 0.725 0.761 0.796 0.8 0.807 0.789 0.779 0.777 0.769 0.76 0.761 0.762 0.778 0.779 0.764 0.756 0.751 0.756 0.747 0.744 0.735 0.712 0.666 0.653 0.65 0.633 0.58 0.477 0.321 0.139 0.091 0.325 0.392 0.35 0.201 0.233 0.112 -0.035 -9 -9 -9 -9 -9 -9 -9 -9 -9 -9 -9 -9 -9 -9 -0.43 -0.324 -0.096 0.024 0.056 -0.127 -0.41 -0.368 -0.329 -0.458 -0.739 -0.847 -0.989 -1.097 -1.026 -0.895 -0.765
0.27 0.493 0.66 0.729 0.746 0.742 0.75 0.758 0.794 0.806 0.789 0.782 0.766 0.759 0.751 0.741 0.76 0.764 0.768 0.77 0.761 0.751 0.748 0.744 0.754 0.744 0.705 0.669 0.704 0.67 0.638 0.653 0.638 0.621 0.547 0.44 0.312 0.23 0.432 0.302 0.223 0.245 0.243 0.029 -9 -9 -9 -9 -9 -9 -9 -9 -9 -9 -9 -9 -9 -9 -9 -0.335 -0.238 -0.216 -0.118 -0.093 -0.012 -0.194 -0.375 -0.5 -0.556 -0.856 -0.935 -1.102 -1.082 -0.934 -0.864 -0.742
0.252 0.559 0.713 0.751 0.758 0.762 0.763 0.791 0.807 0.786 0.771 0.764 0.752 0.745 0.743 0.747 0.763 0.762 0.751 0.747 0.736 0.735 0.732 0.727 0.717 0.648 0.543 0.57 0.679 0.678 0.655 0.644 0.626 0.624 0.605 0.558 0.475 0.405 0.474 0.302 0.255 0.313 0.204 -9 -9 -9 -9 -9 -9 -9 -9 -9 -9 -9 -9 -9 -9 -9 -0.449 -0.549 -0.506 -0.319 -0.242 -0.329 -0.097 -0.32 -0.709 -0.914 -0.912 -1.143 -1.167 -1.103 -0.979 -0.855 -0.782 -0.693
0.229 0.553 0.713 0.753 0.782 0.767 0.78 0.822 0.809 0.778 0.773 0.762 0.752 0.742 0.756 0.761 0.75 0.741 0.722 0.717 0.717 0.72 0.712 0.688 0.534 0.385 0.447 0.593 0.645 0.667 0.66 0.643 0.63 0.62 0.598 0.573 0.547 0.523 0.495 0.333 0.372 0.367 0.177 -9 -9 -9 -9 -9 -9 -9 -9 -9 -9 -9 -9 -9 -9 -9 -0.395 -0.587 -0.459 -0.223 -0.344 -0.446 -0.244 -0.18 -0.434 -0.805 -0.999 -1.047 -1.155 -0.973 -0.732 -0.629 -0.521 -0.418
0.164 0.497 0.714 0.751 0.781 0.795 0.815 0.83 0.818 0.799 0.778 0.761 0.753 0.744 0.749 0.742 0.726 0.718 0.702 0.695 0.695 0.679 0.635 0.513 0.221 0.242 0.487 0.576 0.594 0.66 0.667 0.651 0.643 0.632 0.613 0.575 0.524 0.482 0.479 0.432 0.434 0.406 -9 -9 -9 -9 -9 -9 -9 -9 -9 -9 -9 -9 -9 -9 -9 -9 -0.446 -0.385 -0.228 -0.222 -0.385 -0.473 -0.44 -0.588 -0.275 -0.367 -0.521 -0.666 -0.979 -0.88 -0.764 -0.692 -0.624 -0.467
0.172 0.457 0.747 0.803 0.841 0.832 0.831 0.81 0.795 0.788 0.772 0.755 0.74 0.734 0.726 0.721 0.704 0.692 0.679 0.671 0.656 0.61 0.462 0.165 0.1 0.325 0.529 0.519 0.56 0.618 0.644 0.634 0.633 0.635 0.63 0.595 0.5 0.429 0.44 0.48 0.469 -9 -9 -9 -9 -9 -9 -9 -9 -9 -9 -9 -9 -9 -9 -9 -9 -9 -0.317 -0.189 -0.214 -0.355 -0.453 -0.587 -0.558 -0.829 -0.593 -0.354 -0.424 -0.532 -0.798 -0.956 -0.814 -0.709 -0.762 -1.034
0.452 0.546 0.792 0.843 0.844 0.836 0.819 0.782 0.767 0.765 0.745 0.727 0.719 0.7 0.696 0.694 0.671 0.667 0.654 0.63 0.598 0.536 0.298 0.056 0.204 0.443 0.494 0.451 0.517 0.574 0.61 0.619 0.621 0.629 0.635 0.62 0.517 0.404 0.389 0.443 -9 -9 -9 -9 -9 -9 -9 -9 -9 -9 -9 -9 -9 -9 -9 -9 -9 -9 -9 -0.238 -0.34 -0.521 -0.519 -0.653 -0.646 -0.862 -0.808 -0.596 -0.684 -0.624 -0.94 -1.268 -1.277 -1.251 -1.444 -1.441
0.66 0.731 0.79 0.804 0.792 0.775 0.777 0.765 0.756 0.743 0.726 0.723 0.71 0.679 0.677 0.666 0.657 0.637 0.609 0.558 0.517 0.408 0.157 0.129 0.313 0.475 0.418 0.414 0.488 0.55 0.576 0.594 0.604 0.611 0.625 0.626 0.566 0.418 -9 -9 -9 -9 -9 -9 -9 -9 -9 -9 -9 -9 -9 -9 -9 -9 -9 -9 -9 -9 -9 -0.422 -0.427 -0.539 -0.62 -0.594 -0.707 -0.846 -0.635 -0.703 -0.725 -0.929 -1.118 -1.268 -1.553 -1.501 -1.636 -1.538
0.745 0.678 0.658 0.759 0.767 0.758 0.753 0.746 0.743 0.729 0.715 0.7 0.672 0.671 0.656 0.64 0.629 0.608 0.543 0.462 0.383 0.206 0.028 0.164 0.326 0.44 0.358 0.394 0.454 0.487 0.538 0.563 0.582 0.594 0.612 0.616 0.599 -9 -9 -9 -9 -9 -9 -9 -9 -9 -9 -9 -9 -9 -9 -9 -9 -9 -9 -9 -9 -9 -9 -0.403 -0.496 -0.572 -0.545 -0.359 -0.577 -0.718 -0.415 -0.408 -0.6 -0.8 -1.042 -1.352 -1.524 -1.322 -1.313 -1.258
0.751 0.744 0.545 0.684 0.732 0.732 0.722 0.713 0.707 0.692 0.667 0.66 0.637 0.64 0.629 0.606 0.593 0.562 0.505 0.39 0.222 0.01 0.043 0.241 0.355 0.354 0.329 0.398 0.371 0.391 0.493 0.533 0.563 0.58 0.584 -9 -9 -9 -9 -9 -9 -9 -9 -9 -9 -9 -9 -9 -9 -9 -9 -9 -9 -9 -9 -9 -9 -9 -9 -0.077 -0.248 -0.387 -0.33 -0.239 -0.389 -0.488 -0.31 -0.183 -0.545 -0.744 -1.025 -1.366 -1.597 -1.454 -1.023 -0.716
0.785 0.798 0.545 0.589 0.665 0.676 0.66 0.659 0.64 0.618 0.607 0.608 0.597 0.589 0.563 0.546 0.558 0.531 0.45 0.28 0.018 0.018 0.192 0.315 0.336 0.257 0.306 0.377 0.295 0.322 0.422 0.511 0.545 0.568 -9 -9 -9 -9 -9 -9 -9 -9 -9 -9 -9 -9 -9 -9 -9 -9 -9 -9 -9 -9 -9 -9 -9 -9 -9 -9 0.154 0.025 -0.028 -0.052 -0.108 -0.223 -0.23 -0.064 -0.577 -0.934 -1.27 -1.394 -1.429 -1.355 -0.793 -0.392
0.79 0.762 0.597 0.487 0.571 0.629 0.635 0.622 0.583 0.564 0.562 0.552 0.529 0.505 0.461 0.459 0.52 0.481 0.304 0.06 0.024 0.152 0.308 0.352 0.298 0.248 0.306 0.309 0.252 0.27 0.349 0.466 0.513 -9 -9 -9 -9 -9 -9 -9 -9 -9 -9 -9 -9 -9 -9 -9 -9 -9 -9 -9 -9 -9 -9 -9 -9 -9 -9 -9 0.237 0.23 0.195 0.154 0.096 0.021 -0.031 -0.19 -0.81 -1.121 -1.365 -1.194 -1.091 -1.107 -0.522 -0.458
0.763 0.721 0.633 0.495 0.473 0.604 0.668 0.657 0.615 0.593 0.57 0.537 0.514 0.498 0.448 0.427 0.434 0.391 0.16 0.034 0.178 0.311 0.38 0.348 0.263 0.245 0.265 0.255 0.213 0.207 0.282 0.401 -9 -9 -9 -9 -9 -9 -9 -9 -9 -9 -9 -9 -9 -9 -9 -9 -9 -9 -9 -9 -9 -9 -9 -9 -9 -9 -9 -9 -9 0.144 0.191 0.213 0.188 0.179 0.143 -0.188 -0.575 -0.894 -1.156 -0.81 -0.761 -0.677 -0.227 -0.454
0.737 0.729 0.669 0.584 0.432 0.539 0.673 0.696 0.662 0.631 0.565 0.591 0.586 0.591 0.52 0.468 0.383 0.237 0.103 0.145 0.29 0.371 0.386 0.293 0.232 0.218 0.225 0.208 0.193 0.2 0.235 -9 -9 -9 -9 -9 -9 -9 -9 -9 -9 -9 -9 -9 -9 -9 -9 -9 -9 -9 -9 -9 -9 -9 -9 -9 -9 -9 -9 -9 -9 -9 0.03 0.034 0.068 0.078 0.154 0.038 -0.388 -0.765 -0.658 -0.381 -0.235 -0.259 -0.184 -0.373
0.749 0.769 0.718 0.646 0.515 0.445 0.648 0.716 0.7 0.638 0.601 0.653 0.658 0.641 0.574 0.528 0.395 0.208 0.174 0.265 0.365 0.412 0.385 0.289 0.23 0.219 0.218 0.226 0.236 -9 -9 -9 -9 -9 -9 -9 -9 -9 -9 -9 -9 -9 -9 -9 -9 -9 -9 -9 -9 -9 -9 -9 -9 -9 -9 -9 -9 -9 -9 -9 -9 -9 -0.21 -0.324 -0.297 -0.229 0.03 0.096 -0.262 -0.445 -0.151 -0.113 -0.296 -0.591 -0.499 -0.697
0.802 0.823 0.758 0.689 0.615 0.518 0.626 0.729 0.718 0.647 0.659 0.702 0.701 0.655 0.626 0.58 0.459 0.325 0.284 0.351 0.417 0.443 0.379 0.323 0.256 0.245 0.258 0.266 -9 -9 -9 -9 -9 -9 -9 -9 -9 -9 -9 -9 -9 -9 -9 -9 -9 -9 -9 -9 -9 -9 -9 -9 -9 -9 -9 -9 -9 -9 -9 -9 -9 -9 -9 -0.643 -0.547 -0.339 -0.286 -0.041 -0.018 -0.022 -0.141 -0.443 -0.705 -0.996 -1.191 -1.284
0.84 0.835 0.755 0.717 0.683 0.646 0.676 0.744 0.715 0.664 0.676 0.741 0.74 0.704 0.671 0.614 0.514 0.414 0.368 0.377 0.433 0.438 0.378 0.324 0.283 0.275 -9 -9 -9 -9 -9 -9 -9 -9 -9 -9 -9 -9 -9 -9 -9 -9 -9 -9 -9 -9 -9 -9 -9 -9 -9 -9 -9 -9 -9 -9 -9 -9 -9 -9 -9 -9 -9 -9 -0.586 -0.52 -0.738 -0.549 -0.063 -0.057 -0.371 -0.751 -1.108 -1.462 -1.786 -1.804
-9 0.86 0.796 0.744 0.743 0.739 0.757 0.736 0.705 0.709 0.732 0.755 0.702 0.672 0.684 -9 0.551 0.438 0.384 0.377 0.432 0.449 -9 -9 -9 -9 -9 -9 -9 -9 -9 -9 -9 -9 -9 -9 -9 -9 -9 -9 -9 -9 -9 -9 -9 -9 -9 -9 -9 -9 -9 -9 -9 -9 -9 -9 -9 -9 -9 -9 -9 -9 -9 -9 -9 -0.864 -0.803 -0.542 -0.216 -0.117 -0.565 -1.067 -1.443 -1.458 -1.677 -1.899
-9 -9 -9 -9 -9 0.823 0.717 0.711 0.75 0.777 -9 -9 -9 -9 -9 -9 -9 -9 -9 -9 -9 -9 -9 -9 -9 -9 -9 -9 -9 -9 -9 -9 -9 -9 -9 -9 -9 -9 -9 -9 -9 -9 -9 -9 -9 -9 -9 -9 -9 -9 -9 -9 -9 -9 -9 -9 -9 -9 -9 -9 -9 -9 -9 -9 -9 -9 -0.844 -0.856 -0.545 -0.229 -0.566 -0.924 -0.894 -0.954 -1.64 -2.028
