data/climatemaps/RS_maps/climate_winter_tmin_2010.asc
NCOLS 369 
NROWS 228 
XLLCORNER 479000 
YLLCORNER 73000 
CELLSIZE 1000 
NODATA_value -9 
[rows 34 to 67 of 228, columns 231 to 307 of 369]
0.754 0.73 0.706 0.706 0.691 0.68 0.668 0.674 0.701 0.706 0.701 0.703 0.707 0.701 0.697 0.706 0.705 0.691 0.704 0.704 0.696 0.688 0.673 0.66 0.641 0.626 0.619 0.623 0.637 0.634 0.646 0.647 0.658 0.663 0.667 0.671 0.672 0.678 0.683 0.687 0.688 0.688 0.688 0.685 0.683 0.683 0.688 0.685 0.683 0.684 0.684 0.68 0.682 0.683 0.683 0.683 0.683 0.683 0.687 0.688 0.683 0.683 0.684 0.679 0.61 0.438 0.272 -9 -9 -9 -9 -9 -9 -9 -9 -9 -9
0.742 0.75 0.733 0.725 0.685 0.66 0.682 0.721 0.737 0.731 0.716 0.713 0.697 0.68 0.672 0.668 0.687 0.686 0.688 0.686 0.69 0.686 0.671 0.63 0.622 0.612 0.614 0.618 0.62 0.62 0.623 0.631 0.64 0.649 0.654 0.656 0.662 0.672 0.677 0.683 0.685 0.685 0.684 0.683 0.683 0.686 0.684 0.679 0.679 0.683 0.679 0.678 0.683 0.683 0.68 0.683 0.683 0.684 0.688 0.686 0.683 0.685 0.686 0.683 0.595 0.385 0.238 -9 -9 -9 -9 -9 -9 -9 -9 -9 -9
0.735 0.761 0.759 0.75 0.736 0.731 0.744 0.747 0.736 0.722 0.712 0.688 0.662 0.648 0.652 0.652 0.656 0.655 0.659 0.657 0.652 0.651 0.667 0.632 0.61 0.607 0.62 0.624 0.62 0.615 0.616 0.623 0.628 0.638 0.646 0.652 0.659 0.667 0.672 0.674 0.68 0.682 0.683 0.683 0.683 0.68 0.679 0.678 0.681 0.678 0.678 0.681 0.683 0.679 0.683 0.683 0.682 0.682 0.682 0.682 0.682 0.681 0.682 0.681 0.612 0.362 0.237 0.328 -9 -9 -9 -9 -9 -9 -9 -9 -9
0.738 0.749 0.752 0.744 0.746 0.747 0.739 0.725 0.716 0.706 0.678 0.653 0.633 0.608 0.591 0.614 0.623 0.621 0.62 0.619 0.622 0.622 0.637 0.644 0.607 0.607 0.629 0.63 0.624 0.612 0.609 0.611 0.611 0.619 0.626 0.64 0.651 0.663 0.672 0.676 0.678 0.681 0.683 0.683 0.679 0.678 0.678 0.679 0.679 0.678 0.678 0.683 0.677 0.677 0.679 0.678 0.677 0.678 0.678 0.678 0.676 0.672 0.674 0.662 0.591 0.361 0.312 0.452 0.469 -9 -9 -9 -9 -9 -9 -9 -9
0.725 0.733 0.739 0.75 0.743 0.724 0.715 0.712 0.709 0.682 0.651 0.615 0.602 0.589 0.559 0.593 0.603 0.59 0.587 0.592 0.609 0.608 0.614 0.646 0.624 0.637 0.631 0.617 0.61 0.613 0.609 0.604 0.594 0.593 0.595 0.603 0.618 0.638 0.659 0.667 0.669 0.672 0.674 0.674 0.678 0.678 0.678 0.678 0.678 0.672 0.672 0.672 0.672 0.672 0.677 0.676 0.674 0.676 0.678 0.675 0.671 0.667 0.662 0.641 0.543 0.442 0.458 0.542 0.54 -9 -9 -9 -9 -9 -9 -9 -9
0.713 0.7 0.738 0.741 0.739 0.729 0.721 0.711 0.699 0.681 0.623 0.619 0.59 0.565 0.588 0.617 0.575 0.571 0.569 0.579 0.608 0.602 0.601 0.637 0.644 0.622 0.599 0.585 0.579 0.59 0.59 0.589 0.583 0.57 0.569 0.573 0.58 0.599 0.623 0.633 0.648 0.661 0.668 0.672 0.678 0.678 0.669 0.675 0.671 0.669 0.665 0.669 0.672 0.671 0.675 0.671 0.672 0.671 0.674 0.67 0.667 0.667 0.657 0.65 0.602 0.565 0.556 0.53 0.436 -9 -9 -9 -9 -9 -9 -9 -9
0.708 0.704 0.684 0.701 0.714 0.724 0.721 0.72 0.705 0.69 0.646 0.613 0.605 0.603 0.612 0.626 0.588 0.599 0.6 0.606 0.614 0.602 0.603 0.635 0.632 0.59 0.584 0.574 0.567 0.567 0.559 0.564 0.571 0.577 0.566 0.554 0.559 0.571 0.592 0.601 0.61 0.631 0.656 0.659 0.661 0.661 0.652 0.636 0.636 0.648 0.651 0.664 0.669 0.665 0.669 0.668 0.668 0.665 0.668 0.667 0.667 0.665 0.657 0.657 0.63 0.543 0.456 0.378 0.281 -9 -9 -9 -9 -9 -9 -9 -9
0.699 0.694 0.663 0.648 0.673 0.694 0.711 0.712 0.708 0.687 0.647 0.609 0.627 0.613 0.624 0.651 0.633 0.637 0.634 0.618 0.606 0.605 0.626 0.633 0.618 0.586 0.578 0.564 0.553 0.546 0.516 0.52 0.535 0.547 0.564 0.557 0.552 0.553 0.57 0.571 0.591 0.607 0.62 0.615 0.614 0.585 0.548 0.528 0.554 0.609 0.624 0.641 0.652 0.661 0.66 0.665 0.664 0.662 0.664 0.667 0.667 0.659 0.657 0.657 0.608 0.498 0.396 0.304 0.246 0.336 -9 -9 -9 -9 -9 -9 -9
0.63 0.67 0.664 0.638 0.66 0.665 0.694 0.699 0.691 0.679 0.66 0.641 0.638 0.636 0.66 0.667 0.658 0.641 0.623 0.612 0.608 0.631 0.643 0.623 0.598 0.573 0.561 0.548 0.522 0.479 0.447 0.447 0.453 0.51 0.543 0.552 0.535 0.53 0.537 0.542 0.567 0.571 0.552 0.532 0.503 0.446 0.419 0.45 0.507 0.534 0.546 0.552 0.576 0.605 0.64 0.656 0.659 0.659 0.66 0.663 0.66 0.657 0.657 0.652 0.635 0.555 0.416 0.314 0.303 0.396 -9 -9 -9 -9 -9 -9 -9
0.609 0.624 0.654 0.676 0.677 0.678 0.689 0.664 0.654 0.658 0.662 0.661 0.668 0.672 0.665 0.658 0.658 0.65 0.64 0.637 0.636 0.631 0.603 0.592 0.571 0.547 0.544 0.525 0.478 0.436 0.4 0.38 0.402 0.469 0.536 0.532 0.477 0.492 0.508 0.521 0.545 0.504 0.444 0.421 0.375 0.333 0.364 0.418 0.426 0.422 0.418 0.404 0.434 0.485 0.556 0.607 0.648 0.653 0.654 0.654 0.657 0.657 0.657 0.651 0.636 0.586 0.497 0.426 0.413 0.366 -9 -9 -9 -9 -9 -9 -9
0.605 0.632 0.646 0.64 0.65 0.668 0.671 0.63 0.64 0.636 0.654 0.658 0.672 0.655 0.638 0.634 0.636 0.646 0.641 0.639 0.619 0.582 0.563 0.567 0.558 0.555 0.536 0.508 0.462 0.419 0.405 0.385 0.43 0.471 0.512 0.495 0.43 0.48 0.485 0.508 0.501 0.418 0.364 0.348 0.316 0.292 0.303 0.354 0.366 0.351 0.368 0.316 0.333 0.432 0.514 0.596 0.646 0.648 0.649 0.651 0.648 0.647 0.642 0.64 0.636 0.517 0.41 0.361 0.309 0.214 -9 -9 -9 -9 -9 -9 -9
0.565 0.589 0.611 0.621 0.629 0.662 0.654 0.624 0.621 0.608 0.627 0.628 0.654 0.637 0.617 0.603 0.58 0.611 0.62 0.617 0.597 0.558 0.552 0.546 0.544 0.547 0.523 0.497 0.461 0.405 0.404 0.366 0.421 0.469 0.512 0.469 0.456 0.482 0.462 0.452 0.48 0.428 0.407 0.332 0.273 0.234 0.252 0.3 0.315 0.298 0.343 0.328 0.386 0.511 0.597 0.632 0.642 0.645 0.646 0.647 0.644 0.636 0.636 0.635 0.621 0.477 0.27 0.155 0.101 0.067 -9 -9 -9 -9 -9 -9 -9
0.551 0.548 0.573 0.618 0.625 0.647 0.62 0.587 0.569 0.563 0.592 0.588 0.622 0.632 0.61 0.594 0.582 0.594 0.589 0.583 0.588 0.569 0.55 0.529 0.529 0.531 0.504 0.468 0.458 0.425 0.406 0.432 0.469 0.5 0.499 0.45 0.453 0.421 0.387 0.382 0.407 0.39 0.406 0.318 0.274 0.234 0.215 0.227 0.267 0.299 0.359 0.399 0.461 0.568 0.636 0.641 0.641 0.641 0.645 0.636 0.636 0.635 0.629 0.618 0.603 0.417 0.182 0.03 -0.029 0.033 -9 -9 -9 -9 -9 -9 -9
0.536 0.535 0.56 0.587 0.6 0.616 0.585 0.557 0.535 0.551 0.566 0.563 0.598 0.621 0.576 0.544 0.538 0.541 0.553 0.547 0.551 0.545 0.55 0.516 0.523 0.515 0.499 0.485 0.462 0.439 0.434 0.484 0.501 0.497 0.454 0.428 0.397 0.355 0.331 0.3 0.295 0.315 0.373 0.338 0.294 0.239 0.21 0.18 0.193 0.235 0.282 0.368 0.441 0.537 0.594 0.638 0.631 0.634 0.636 0.635 0.633 0.62 0.618 0.607 0.574 0.42 0.212 0.066 -0.099 -0.09 -9 -9 -9 -9 -9 -9 -9
0.519 0.512 0.539 0.54 0.569 0.595 0.541 0.534 0.508 0.527 0.531 0.536 0.585 0.607 0.553 0.493 0.472 0.458 0.488 0.495 0.528 0.524 0.53 0.527 0.516 0.509 0.489 0.482 0.467 0.466 0.475 0.485 0.495 0.458 0.404 0.378 0.342 0.309 0.289 0.259 0.257 0.277 0.299 0.309 0.299 0.256 0.186 0.205 0.252 0.297 0.389 0.498 0.586 0.624 0.631 0.63 0.63 0.63 0.634 0.63 0.625 0.62 0.61 0.6 0.54 0.466 0.34 0.174 -0.05 -0.138 0.028 -9 -9 -9 -9 -9 -9
0.546 0.52 0.507 0.515 0.541 0.554 0.51 0.48 0.481 0.493 0.498 0.509 0.584 0.596 0.549 0.53 0.516 0.496 0.468 0.47 0.45 0.465 0.482 0.481 0.487 0.479 0.444 0.441 0.417 0.437 0.45 0.445 0.459 0.436 0.382 0.344 0.297 0.277 0.292 0.285 0.253 0.216 0.215 0.234 0.203 0.194 0.212 0.282 0.392 0.473 0.554 0.613 0.628 0.63 0.63 0.63 0.63 0.629 0.624 0.624 0.62 0.618 0.606 0.57 0.421 0.422 0.413 0.284 0.055 -0.102 -0.098 -9 -9 -9 -9 -9 -9
0.517 0.517 0.507 0.49 0.522 0.512 0.483 0.483 0.501 0.509 0.531 0.542 0.557 0.602 0.552 0.481 0.454 0.413 0.415 0.408 0.379 0.408 0.428 0.421 0.436 0.445 0.4 0.411 0.396 0.381 0.383 0.386 0.425 0.409 0.404 0.357 0.327 0.32 0.303 0.259 0.211 0.187 0.18 0.15 0.114 0.183 0.314 0.414 0.513 0.591 0.619 0.625 0.625 0.63 0.63 0.627 0.624 0.62 0.62 0.62 0.618 0.598 0.495 0.35 0.16 0.205 0.396 0.297 0.107 -0.063 -0.178 -9 -9 -9 -9 -9 -9
0.488 0.458 0.475 0.463 0.445 0.476 0.436 0.441 0.441 0.456 0.499 0.514 0.561 0.586 0.572 0.532 0.489 0.443 0.443 0.402 0.368 0.364 0.379 0.398 0.419 0.387 0.34 0.375 0.395 0.353 0.325 0.347 0.399 0.365 0.41 0.379 0.345 0.343 0.307 0.261 0.246 0.223 0.117 0.078 0.108 0.221 0.336 0.461 0.572 0.606 0.616 0.62 0.62 0.623 0.623 0.618 0.617 0.619 0.618 0.616 0.596 0.493 0.268 0.027 -0.028 0.085 0.273 0.199 0.012 -0.133 -0.179 -9 -9 -9 -9 -9 -9
0.471 0.458 0.438 0.388 0.394 0.454 0.458 0.473 0.492 0.501 0.502 0.518 0.548 0.582 0.534 0.5 0.515 0.496 0.438 0.418 0.389 0.347 0.355 0.361 0.388 0.316 0.314 0.354 0.347 0.329 0.314 0.364 0.38 0.345 0.389 0.381 0.292 0.266 0.288 0.299 0.263 0.175 0.143 0.169 0.113 0.188 0.351 0.487 0.579 0.607 0.612 0.618 0.618 0.613 0.613 0.613 0.61 0.614 0.612 0.603 0.526 0.345 0.086 -0.135 -0.091 0.008 0.154 0.112 -0.036 -0.197 -0.308 -9 -9 -9 -9 -9 -9
0.529 0.482 0.445 0.349 0.381 0.402 0.465 0.468 0.497 0.469 0.484 0.481 0.514 0.57 0.496 0.434 0.454 0.499 0.454 0.426 0.388 0.356 0.336 0.303 0.362 0.297 0.297 0.328 0.289 0.317 0.35 0.357 0.338 0.339 0.378 0.38 0.291 0.261 0.199 0.185 0.21 0.22 0.225 0.199 0.18 0.248 0.382 0.525 0.594 0.607 0.612 0.613 0.613 0.609 0.609 0.608 0.607 0.607 0.609 0.572 0.432 0.21 -0.063 -0.225 -0.108 0.041 0.091 -0.011 -0.148 -0.416 -9 -9 -9 -9 -9 -9 -9
0.535 0.527 0.481 0.395 0.408 0.375 0.376 0.409 0.453 0.396 0.439 0.462 0.503 0.555 0.499 0.412 0.405 0.496 0.415 0.394 0.371 0.359 0.284 0.262 0.314 0.302 0.268 0.272 0.282 0.325 0.348 0.305 0.245 0.231 0.319 0.372 0.358 0.3 0.266 0.192 0.193 0.243 0.213 0.163 0.145 0.227 0.361 0.509 0.592 0.602 0.605 0.609 0.608 0.607 0.605 0.604 0.602 0.598 0.568 0.383 0.178 0.008 -0.202 -0.125 0.027 0.026 -0.026 -0.156 -0.381 -0.521 -9 -9 -9 -9 -9 -9 -9
0.463 0.442 0.498 0.458 0.414 0.378 0.338 0.382 0.413 0.334 0.408 0.444 0.491 0.541 0.504 0.407 0.386 0.482 0.406 0.357 0.279 0.29 0.249 0.225 0.247 0.223 0.208 0.258 0.283 0.308 0.324 0.25 0.183 0.099 0.151 0.222 0.309 0.352 0.291 0.237 0.226 0.184 0.148 0.098 0.146 0.288 0.406 0.524 0.586 0.595 0.601 0.607 0.602 0.583 0.558 0.592 0.59 0.547 0.442 0.19 0.055 -0.177 -0.314 -0.113 0.022 -0.13 -0.227 -0.249 -0.395 -0.406 -9 -9 -9 -9 -9 -9 -9
0.382 0.395 0.47 0.456 0.406 0.332 0.322 0.392 0.33 0.314 0.387 0.445 0.482 0.515 0.494 0.377 0.347 0.452 0.378 0.294 0.22 0.226 0.289 0.253 0.215 0.237 0.254 0.241 0.246 0.282 0.292 0.19 0.092 0.102 0.168 0.193 0.233 0.318 0.336 0.298 0.245 0.215 0.214 0.188 0.22 0.308 0.415 0.519 0.573 0.575 0.595 0.601 0.597 0.585 0.556 0.583 0.555 0.448 0.294 0.115 -0.072 -0.271 -0.366 -0.259 -0.072 -0.231 -0.479 -0.437 -0.374 -0.231 -9 -9 -9 -9 -9 -9 -9
0.353 0.412 0.429 0.41 0.342 0.308 0.244 0.303 0.301 0.361 0.386 0.389 0.428 0.483 0.49 0.378 0.292 0.394 0.419 0.382 0.336 0.319 0.286 0.252 0.283 0.275 0.212 0.143 0.157 0.243 0.274 0.197 0.152 0.19 0.224 0.231 0.229 0.237 0.293 0.311 0.292 0.249 0.18 0.122 0.099 0.162 0.309 0.413 0.501 0.544 0.597 0.599 0.599 0.599 0.581 0.569 0.483 0.396 0.268 0.117 -0.002 -0.207 -0.321 -0.297 -0.187 -0.26 -0.51 -0.365 -0.316 -9 -9 -9 -9 -9 -9 -9 -9
0.368 0.435 0.391 0.346 0.346 0.262 0.186 0.241 0.337 0.393 0.32 0.303 0.39 0.429 0.504 0.361 0.242 0.273 0.368 0.4 0.367 0.354 0.317 0.314 0.289 0.208 0.095 0.118 0.161 0.257 0.261 0.214 0.212 0.224 0.145 0.135 0.152 0.098 0.138 0.237 0.288 0.222 0.114 -0.006 -0.072 0.037 0.167 0.315 0.414 0.54 0.592 0.599 0.587 0.587 0.58 0.529 0.49 0.435 0.308 0.191 0.022 -0.074 -0.02 -0.128 -0.279 -0.302 -0.55 -0.398 -9 -9 -9 -9 -9 -9 -9 -9 -9
0.385 0.444 0.359 0.257 0.304 0.293 0.172 0.186 0.301 0.301 0.21 0.289 0.364 0.435 0.482 0.328 0.23 0.25 0.294 0.323 0.344 0.367 0.334 0.257 0.183 0.115 0.092 0.158 0.245 0.25 0.165 0.086 0.122 0.145 0.052 0.008 0.05 0.01 0.06 0.171 0.259 0.221 0.143 0.023 -0.076 -0.087 -0.021 0.235 0.379 0.545 0.584 0.587 0.583 0.583 0.572 0.562 0.539 0.492 0.346 0.15 0.212 0.162 0.1 -0.023 -0.176 -0.315 -0.607 -0.707 -9 -9 -9 -9 -9 -9 -9 -9 -9
0.385 0.469 0.378 0.222 0.288 0.25 0.222 0.207 0.19 0.19 0.154 0.247 0.306 0.372 0.505 0.393 0.312 0.251 0.232 0.301 0.304 0.276 0.303 0.199 0.183 0.148 0.075 0.117 0.264 0.184 0.071 0.034 0.043 -0.029 -0.044 -0.067 0.014 0.04 0.119 0.139 0.198 0.194 0.171 0.061 -0.1 -0.235 -0.064 0.257 0.504 0.577 0.583 0.583 0.583 0.576 0.564 0.557 0.544 0.488 0.407 0.311 0.164 -0.072 -0.176 -0.063 -0.092 -0.318 -0.613 -9 -9 -9 -9 -9 -9 -9 -9 -9 -9
0.383 0.487 0.421 0.278 0.291 0.156 0.177 0.263 0.168 0.092 0.167 0.258 0.332 0.406 0.494 0.444 0.351 0.3 0.264 0.232 0.206 0.245 0.286 0.198 0.152 0.073 0.01 0.069 0.237 0.133 -0.019 -0.053 -0.123 -0.183 -0.091 -0.01 0.075 0.056 -0.019 -0.035 0.185 0.086 0.1 0.024 -0.229 -0.242 0.136 0.418 0.567 0.583 0.578 0.581 0.582 0.572 0.564 0.552 0.536 0.513 0.432 0.273 0.106 -0.06 -0.223 -0.248 -0.252 -0.472 -9 -9 -9 -9 -9 -9 -9 -9 -9 -9 -9
0.386 0.499 0.457 0.364 0.225 0.179 0.311 0.343 0.268 0.105 0.125 0.134 0.219 0.307 0.45 0.486 0.389 0.269 0.166 0.112 0.129 0.171 0.245 0.13 0.069 0.009 -0.049 -0.03 0.135 0.089 -0.103 -0.14 -0.175 -0.121 -0.042 -0.003 -0.024 -0.219 -0.267 -0.032 0.074 -0.229 -0.192 -0.097 -0.244 -0.102 0.317 0.556 0.582 0.578 0.573 0.567 0.572 0.569 0.56 0.548 0.531 0.501 0.39 0.195 -0.016 -0.124 -0.222 -0.317 -9 -9 -9 -9 -9 -9 -9 -9 -9 -9 -9 -9 -9
0.473 0.545 0.466 0.34 0.248 0.297 0.408 0.33 0.175 0.116 0.255 0.271 0.293 0.38 0.398 0.459 0.443 0.31 0.168 0.094 0.092 0.103 0.186 0.148 0.087 -0.007 -0.117 -0.119 -0.046 0.051 -0.013 -0.049 -0.119 -0.129 -0.151 -0.211 -0.341 -0.321 -0.146 -0.1 -0.231 -0.272 -0.158 -0.242 -0.121 0.271 0.519 0.578 0.583 0.572 0.568 0.566 0.566 0.565 0.557 0.548 0.52 0.445 0.359 0.218 0.117 -0.001 -0.111 -0.158 -9 -9 -9 -9 -9 -9 -9 -9 -9 -9 -9 -9 -9
0.559 0.568 0.509 0.459 0.346 0.376 0.43 0.271 0.268 0.3 0.308 0.345 0.375 0.322 0.25 0.37 0.473 0.404 0.275 0.184 0.124 0.115 0.104 0.001 0.033 0.008 -0.042 -0.045 -0.152 -0.074 0.021 -0.066 -0.129 -0.247 -0.488 -0.614 -0.442 -0.187 -0.385 -0.442 -0.257 -0.226 -0.342 -0.152 0.196 0.486 0.572 0.583 0.583 0.576 0.569 0.554 0.556 0.539 0.548 0.509 0.456 0.452 0.282 0.133 0.092 0.083 0.045 -9 -9 -9 -9 -9 -9 -9 -9 -9 -9 -9 -9 -9 -9
0.495 0.502 0.551 0.549 0.478 0.484 0.444 0.381 0.381 0.313 0.35 0.356 0.302 0.174 0.102 0.226 0.387 0.441 0.399 0.311 0.236 0.161 0.048 -0.08 -0.098 -0.059 -0.057 -0.068 -0.14 -0.132 -0.063 -0.137 -0.249 -0.556 -0.803 -0.666 -0.48 -0.383 -0.596 -0.419 -0.315 -0.427 -0.128 0.239 0.489 0.561 0.582 0.582 0.579 0.575 0.557 0.524 0.555 0.483 0.515 0.404 0.413 0.466 0.221 0.039 -0.09 -0.184 -9 -9 -9 -9 -9 -9 -9 -9 -9 -9 -9 -9 -9 -9 -9
0.587 0.588 0.591 0.578 0.553 0.534 0.533 0.496 0.441 0.403 0.373 0.272 0.17 0.06 0.023 0.138 0.246 0.351 0.38 0.363 0.339 0.255 0.096 0 0.036 0.069 0.054 0.024 -0.034 -0.034 -0.086 -0.241 -0.608 -0.761 -0.893 -0.697 -0.632 -0.614 -0.492 -0.58 -0.356 -0.065 0.29 0.514 0.576 0.568 0.572 0.573 0.575 0.55 0.473 0.486 0.544 0.489 0.473 0.396 0.442 0.427 0.261 0.145 -0.028 -0.314 -9 -9 -9 -9 -9 -9 -9 -9 -9 -9 -9 -9 -9 -9 -9
0.654 0.639 0.627 0.634 0.632 0.6 0.573 0.556 0.52 0.482 0.39 0.229 0.138 0.055 0.01 0.058 0.121 0.233 0.243 0.211 0.293 0.327 0.243 0.178 0.167 0.082 0.043 0 0.013 -0.062 -0.123 -0.452 -0.637 -0.489 -0.566 -0.854 -0.831 -0.718 -0.753 -0.525 -0.044 0.275 0.457 0.566 0.579 0.576 0.578 0.56 0.541 0.47 0.441 0.53 0.509 0.485 0.469 0.459 0.448 0.426 0.407 0.335 0.165 -9 -9 -9 -9 -9 -9 -9 -9 -9 -9 -9 -9 -9 -9 -9 -9
