data/climatemaps/RS_maps/climate_breeding_tmp_2014.asc
NCOLS 369 
NROWS 228 
XLLCORNER 479000 
YLLCORNER 73000 
CELLSIZE 1000 
NODATA_value -9 
[rows 0 to 33 of 228, columns 154 to 230 of 369]
-9 -9 -9 -9 -9 -9 -9 -9 -9 -9 -9 -9 -9 -9 -9 -9 -9 -9 -9 -9 -9 -9 -9 -9 -9 -9 -9 -9 -9 -9 -9 -9 -9 -9 -9 -9 0.53 0.55 0.573 0.603 0.615 0.656 0.654 0.627 0.633 0.59 0.669 0.49 0.414 0.461 0.53 0.529 0.535 0.545 0.553 0.498 0.505 0.514 0.457 0.496 0.542 0.574 0.565 0.587 0.642 0.731 0.822 0.799 0.827 0.827 0.823 0.831 -9 -9 -9 -9 -9
-9 -9 -9 -9 -9 -9 -9 -9 -9 -9 -9 -9 -9 -9 -9 -9 -9 -9 -9 -9 -9 -9 -9 -9 -9 -9 -9 -9 -9 -9 -9 -9 -9 -9 -9 0.557 0.552 0.574 0.609 0.586 0.566 0.597 0.641 0.664 0.685 0.727 0.739 0.548 0.502 0.539 0.576 0.562 0.538 0.484 0.537 0.483 0.46 0.496 0.506 0.554 0.607 0.655 0.624 0.633 0.608 0.75 0.852 0.821 0.844 0.876 0.867 0.877 0.898 0.9 0.896 -9 -9
-9 -9 -9 -9 -9 -9 -9 -9 -9 -9 -9 -9 -9 -9 -9 -9 -9 -9 -9 -9 -9 -9 -9 -9 -9 -9 -9 -9 -9 -9 -9 -9 -9 -9 -9 0.49 0.533 0.533 0.539 0.509 0.518 0.528 0.535 0.552 0.619 0.696 0.765 0.628 0.496 0.561 0.563 0.508 0.489 0.445 0.514 0.479 0.448 0.529 0.574 0.621 0.669 0.657 0.65 0.709 0.676 0.815 0.878 0.887 0.897 0.905 0.902 0.903 0.903 0.926 0.938 0.938 -9
-9 -9 -9 -9 -9 -9 -9 -9 -9 -9 -9 -9 -9 -9 -9 -9 -9 -9 -9 -9 -9 -9 -9 -9 -9 -9 -9 -9 -9 -9 -9 -9 -9 -9 0.377 0.367 0.403 0.421 0.441 0.449 0.468 0.476 0.504 0.547 0.551 0.59 0.705 0.661 0.555 0.628 0.596 0.471 0.456 0.443 0.492 0.488 0.539 0.595 0.639 0.663 0.706 0.655 0.684 0.763 0.809 0.863 0.896 0.905 0.917 0.922 0.914 0.914 0.908 0.937 0.951 0.959 0.915
-9 -9 -9 -9 -9 -9 -9 -9 -9 -9 -9 -9 -9 -9 -9 -9 -9 -9 -9 -9 -9 -9 -9 -9 -9 -9 -9 -9 -9 -9 -9 -9 -9 0.375 0.389 0.368 0.383 0.41 0.423 0.444 0.466 0.502 0.554 0.64 0.595 0.606 0.662 0.727 0.696 0.713 0.61 0.478 0.439 0.461 0.5 0.558 0.614 0.66 0.69 0.714 0.76 0.703 0.743 0.8 0.834 0.819 0.803 0.778 0.864 0.919 0.944 0.945 0.93 0.93 0.959 0.966 0.948
-9 -9 -9 -9 -9 -9 -9 -9 -9 -9 -9 -9 -9 -9 -9 -9 -9 -9 -9 -9 -9 -9 -9 -9 -9 -9 -9 -9 -9 -9 -9 -9 -9 0.421 0.44 0.426 0.43 0.467 0.47 0.491 0.493 0.536 0.564 0.645 0.682 0.669 0.717 0.727 0.754 0.674 0.479 0.475 0.487 0.496 0.549 0.597 0.659 0.682 0.75 0.747 0.784 0.77 0.821 0.866 0.831 0.776 0.806 0.759 0.744 0.78 0.915 0.951 0.95 0.951 0.966 0.956 0.937
-9 -9 -9 -9 -9 -9 -9 -9 -9 -9 -9 -9 -9 -9 -9 -9 -9 -9 -9 -9 -9 -9 -9 -9 -9 -9 -9 -9 -9 -9 -9 -9 0.422 0.461 0.467 0.491 0.481 0.553 0.559 0.539 0.525 0.578 0.574 0.633 0.649 0.738 0.738 0.741 0.733 0.664 0.427 0.474 0.555 0.57 0.628 0.595 0.629 0.678 0.739 0.808 0.834 0.858 0.875 0.842 0.661 0.562 0.754 0.827 0.793 0.752 0.861 0.961 0.964 0.965 0.964 0.923 0.902
-9 -9 -9 -9 -9 -9 -9 -9 -9 -9 -9 -9 -9 -9 -9 -9 -9 -9 -9 -9 -9 -9 -9 -9 -9 -9 -9 -9 -9 -9 -9 0.351 0.417 0.481 0.46 0.496 0.513 0.596 0.646 0.576 0.583 0.639 0.648 0.708 0.672 0.72 0.793 0.765 0.693 0.648 0.407 0.345 0.478 0.531 0.589 0.638 0.657 0.731 0.772 0.812 0.846 0.844 0.839 0.813 0.662 0.597 0.712 0.809 0.82 0.761 0.9 0.968 0.967 0.967 0.948 0.916 0.928
-9 -9 -9 -9 -9 -9 -9 -9 -9 -9 -9 -9 -9 -9 -9 -9 -9 -9 -9 -9 -9 -9 -9 -9 -9 -9 -9 -9 -9 -9 0.348 0.415 0.449 0.523 0.498 0.464 0.472 0.559 0.664 0.685 0.717 0.746 0.774 0.809 0.765 0.803 0.792 0.669 0.706 0.689 0.599 0.33 0.388 0.424 0.523 0.658 0.55 0.684 0.772 0.861 0.827 0.855 0.858 0.833 0.756 0.695 0.756 0.82 0.851 0.807 0.921 0.96 0.954 0.952 0.935 0.946 0.962
-9 -9 -9 -9 -9 -9 -9 -9 -9 -9 -9 -9 -9 -9 -9 -9 -9 -9 -9 -9 -9 -9 -9 -9 -9 -9 -9 -9 -9 -9 0.368 0.41 0.463 0.528 0.553 0.471 0.466 0.54 0.565 0.578 0.626 0.668 0.678 0.727 0.852 0.835 0.743 0.759 0.746 0.754 0.659 0.382 0.464 0.585 0.656 0.617 0.516 0.578 0.664 0.785 0.877 0.829 0.858 0.884 0.844 0.782 0.861 0.881 0.882 0.832 0.88 0.962 0.962 0.96 0.956 0.973 0.983
-9 -9 -9 -9 -9 -9 -9 -9 -9 -9 -9 -9 -9 -9 -9 -9 -9 -9 -9 -9 -9 -9 -9 -9 -9 -9 -9 -9 -9 0.353 0.368 0.409 0.431 0.487 0.582 0.575 0.512 0.518 0.553 0.587 0.65 0.695 0.71 0.776 0.871 0.783 0.837 0.808 0.764 0.724 0.526 0.408 0.525 0.597 0.738 0.679 0.596 0.63 0.659 0.685 0.864 0.853 0.853 0.862 0.903 0.902 0.911 0.902 0.904 0.867 0.891 0.971 0.973 0.973 0.976 0.987 0.987
-9 -9 -9 -9 -9 -9 -9 -9 -9 -9 -9 -9 -9 -9 -9 -9 -9 -9 -9 -9 -9 -9 -9 -9 -9 -9 -9 -9 0.29 0.346 0.418 0.462 0.467 0.501 0.595 0.603 0.551 0.534 0.562 0.601 0.633 0.761 0.776 0.874 0.851 0.86 0.827 0.759 0.657 0.514 0.486 0.44 0.554 0.607 0.695 0.747 0.675 0.667 0.708 0.74 0.839 0.914 0.897 0.862 0.903 0.905 0.857 0.846 0.908 0.901 0.937 0.974 0.979 0.974 0.979 0.983 0.999
-9 -9 -9 -9 -9 -9 -9 -9 -9 -9 -9 -9 -9 -9 -9 -9 -9 -9 -9 -9 -9 -9 -9 -9 -9 -9 -9 -9 0.338 0.373 0.421 0.481 0.501 0.5 0.583 0.616 0.54 0.573 0.619 0.632 0.665 0.76 0.917 0.881 0.883 0.859 0.787 0.762 0.618 0.441 0.425 0.501 0.549 0.595 0.642 0.796 0.726 0.73 0.753 0.815 0.886 0.908 0.915 0.919 0.936 0.924 0.89 0.892 0.937 0.932 0.906 0.966 0.984 0.982 0.962 0.988 1.016
-9 -9 -9 -9 -9 -9 -9 -9 -9 -9 -9 -9 -9 -9 -9 -9 -9 -9 -9 -9 -9 -9 -9 -9 -9 -9 -9 -9 0.378 0.403 0.439 0.489 0.546 0.524 0.59 0.615 0.552 0.64 0.68 0.653 0.706 0.787 0.897 0.821 0.831 0.834 0.798 0.716 0.531 0.398 0.48 0.571 0.654 0.681 0.689 0.819 0.793 0.782 0.825 0.881 0.895 0.883 0.881 0.89 0.938 0.958 0.961 0.952 0.953 0.951 0.946 0.979 0.991 0.986 0.967 0.964 0.975
-9 -9 -9 -9 -9 -9 -9 -9 -9 -9 -9 -9 -9 -9 -9 -9 -9 -9 -9 -9 -9 -9 0.231 0.315 0.505 0.434 0.392 0.46 0.446 0.47 0.491 0.54 0.6 0.583 0.634 0.69 0.604 0.744 0.681 0.7 0.801 0.833 0.898 0.821 0.767 0.818 0.805 0.752 0.667 0.51 0.539 0.637 0.646 0.703 0.736 0.815 0.85 0.857 0.908 0.92 0.885 0.884 0.896 0.876 0.892 0.948 0.97 0.976 0.964 0.957 0.984 0.979 0.985 0.996 1.009 1.013 1.012
-9 -9 -9 -9 -9 -9 -9 -9 -9 -9 -9 -9 -9 -9 -9 -9 -9 -9 0.523 0.419 0.252 0.274 0.289 0.337 0.422 0.584 0.416 0.48 0.511 0.537 0.563 0.603 0.654 0.636 0.692 0.736 0.662 0.818 0.698 0.756 0.881 0.891 0.841 0.806 0.831 0.854 0.84 0.86 0.784 0.609 0.605 0.741 0.67 0.718 0.752 0.818 0.884 0.931 0.933 0.914 0.911 0.931 0.938 0.879 0.832 0.88 0.943 0.954 0.976 0.984 0.988 0.982 0.965 0.967 0.968 0.963 0.991
-9 -9 -9 -9 -9 -9 -9 -9 -9 -9 -9 -9 -9 -9 -9 -9 -9 0.383 0.555 0.342 0.315 0.349 0.38 0.43 0.458 0.674 0.527 0.505 0.569 0.602 0.61 0.661 0.679 0.662 0.769 0.748 0.69 0.863 0.78 0.853 0.912 0.858 0.816 0.834 0.933 0.913 0.908 0.914 0.886 0.79 0.763 0.775 0.75 0.745 0.785 0.872 0.939 0.948 0.929 0.913 0.942 0.97 0.965 0.918 0.84 0.793 0.773 0.771 0.824 0.974 0.989 0.877 0.727 0.71 0.738 0.718 0.745
-9 -9 -9 -9 -9 -9 -9 -9 -9 -9 -9 -9 -9 -9 -9 0.284 0.314 0.388 0.542 0.36 0.367 0.41 0.493 0.511 0.559 0.66 0.678 0.601 0.6 0.665 0.68 0.693 0.693 0.751 0.817 0.744 0.725 0.831 0.899 0.94 0.883 0.837 0.869 0.94 0.981 0.967 0.959 0.951 0.945 0.927 0.921 0.902 0.895 0.874 0.848 0.912 0.979 0.965 0.936 0.946 0.985 0.998 0.987 0.965 0.957 0.926 0.881 0.91 0.9 0.908 0.992 0.933 0.756 0.784 0.767 0.685 0.659
0.39 0.417 0.387 0.307 -9 -9 -9 -9 -9 -9 -9 -9 -9 -9 0.323 0.351 0.39 0.408 0.577 0.426 0.405 0.436 0.523 0.548 0.589 0.584 0.688 0.721 0.713 0.726 0.696 0.676 0.754 0.84 0.786 0.751 0.781 0.839 0.952 0.913 0.855 0.823 0.934 0.99 0.992 0.988 0.972 0.967 0.939 0.921 0.954 0.946 0.885 0.869 0.847 0.947 0.959 0.931 0.975 0.996 1 0.989 0.988 0.986 0.971 0.988 0.984 0.961 0.926 0.947 1 0.97 0.866 0.804 0.742 0.718 0.715
0.448 0.55 0.372 0.319 0.451 0.473 0.413 0.215 -9 -9 -9 -9 0.269 0.374 0.4 0.451 0.434 0.473 0.572 0.473 0.472 0.492 0.516 0.534 0.565 0.591 0.637 0.769 0.809 0.705 0.653 0.696 0.83 0.86 0.776 0.777 0.834 0.945 0.939 0.87 0.836 0.891 0.991 0.999 0.97 0.93 0.916 0.871 0.855 0.777 0.827 0.836 0.835 0.884 0.934 0.998 0.928 0.783 0.831 0.894 0.975 0.988 0.968 0.928 0.969 0.988 0.967 0.95 0.945 0.986 1 0.969 0.847 0.827 0.772 0.794 0.749
0.66 0.668 0.413 0.479 0.569 0.478 0.281 0.234 0.261 -9 -9 0.271 0.279 0.361 0.419 0.497 0.481 0.587 0.556 0.527 0.529 0.539 0.578 0.611 0.624 0.657 0.634 0.784 0.842 0.7 0.678 0.73 0.862 0.915 0.819 0.833 0.879 0.998 0.923 0.869 0.901 0.972 1.008 0.992 0.958 0.871 0.78 0.698 0.71 0.758 0.75 0.787 0.858 0.94 0.995 0.979 0.929 0.86 0.8 0.777 0.89 0.976 0.935 0.92 0.951 0.982 0.958 0.87 0.892 0.93 0.965 0.987 0.947 0.856 0.862 0.904 0.865
0.808 0.786 0.535 0.659 0.495 0.317 0.181 0.266 0.33 0.329 0.338 0.291 0.33 0.397 0.423 0.502 0.578 0.616 0.559 0.608 0.589 0.559 0.596 0.601 0.652 0.763 0.73 0.845 0.837 0.721 0.75 0.776 0.877 0.958 0.893 0.909 0.978 0.981 0.899 0.857 0.946 1.007 1.001 0.995 0.987 0.926 0.796 0.716 0.718 0.745 0.775 0.83 0.914 0.965 0.997 1.018 0.975 0.926 0.831 0.786 0.865 0.949 0.944 0.92 0.947 0.949 0.954 0.969 0.937 0.886 0.917 0.964 0.996 0.995 0.998 0.997 0.982
0.909 0.9 0.7 0.771 0.482 0.238 0.174 0.247 0.311 0.374 0.339 0.339 0.395 0.448 0.483 0.554 0.66 0.608 0.635 0.667 0.64 0.572 0.62 0.69 0.669 0.722 0.832 0.938 0.868 0.772 0.839 0.798 0.915 0.977 0.929 0.993 1.022 0.923 0.842 0.932 0.998 1.013 1 0.996 0.912 0.937 0.828 0.786 0.809 0.823 0.855 0.916 0.952 0.969 1.024 1.017 1.008 0.979 0.94 0.859 0.848 0.914 0.919 0.92 0.924 0.924 0.955 0.971 0.893 0.742 0.78 0.878 0.929 0.965 1.003 1.021 1.029
0.948 0.979 0.877 0.775 0.551 0.349 0.238 0.251 0.329 0.387 0.369 0.386 0.448 0.508 0.559 0.656 0.684 0.653 0.704 0.696 0.627 0.663 0.671 0.706 0.813 0.747 0.813 1.002 0.903 0.896 0.906 0.923 0.996 0.998 0.985 1.047 0.996 0.86 0.893 1.014 1.018 1.003 0.989 0.964 0.775 0.779 0.825 0.872 0.873 0.87 0.884 0.947 0.955 0.994 1.049 1.028 1.011 0.989 0.984 0.931 0.891 0.885 0.889 0.893 0.9 0.906 0.954 0.97 0.9 0.748 0.73 0.766 0.785 0.841 0.919 0.912 0.899
0.936 1.015 0.999 0.678 0.416 0.379 0.351 0.376 0.367 0.409 0.366 0.409 0.477 0.574 0.638 0.683 0.745 0.739 0.679 0.665 0.74 0.718 0.832 0.735 0.869 0.808 0.85 1.026 1.049 1.058 1.055 1.058 1.063 1.017 1.041 1.043 0.959 0.903 0.905 1.018 1.002 0.977 0.982 0.847 0.809 0.768 0.786 0.819 0.825 0.887 0.901 0.882 0.964 1 1.032 1.025 1.01 0.986 0.984 0.974 0.973 0.93 0.91 0.898 0.901 0.897 0.933 0.963 0.943 0.883 0.826 0.772 0.704 0.737 0.827 0.832 0.792
0.925 1.029 1.017 0.693 0.344 0.368 0.411 0.454 0.499 0.511 0.415 0.451 0.524 0.627 0.716 0.794 0.816 0.774 0.714 0.778 0.85 0.808 0.904 0.847 0.898 0.959 0.94 1 1.101 1.11 1.047 1.072 1.075 1.067 1.065 1.002 0.977 0.976 0.998 1.017 1.008 0.967 0.906 0.813 0.801 0.838 0.867 0.841 0.832 0.834 0.845 0.89 0.978 1.013 1.036 1.022 1.025 1.004 0.994 0.978 0.982 0.958 0.949 0.935 0.904 0.892 0.896 0.947 0.952 0.931 0.915 0.874 0.772 0.724 0.732 0.752 0.712
0.905 1.012 1.009 0.803 0.398 0.373 0.455 0.508 0.534 0.595 0.563 0.52 0.55 0.627 0.674 0.803 0.792 0.812 0.869 0.944 0.945 0.95 0.988 1.072 1.117 1.101 0.999 1.088 1.112 1.107 1.096 1.036 1.012 1.034 1.053 1.045 1.03 1.035 1.017 1.013 0.922 0.827 0.842 0.911 0.892 0.896 0.897 0.891 0.903 0.916 0.907 0.905 0.968 1.035 1.052 1.027 1.038 1.011 0.993 0.986 0.977 0.96 0.971 0.959 0.933 0.893 0.877 0.897 0.924 0.915 0.943 0.947 0.912 0.877 0.823 0.771 0.702
0.907 0.965 1.068 0.91 0.521 0.416 0.472 0.53 0.555 0.6 0.616 0.66 0.691 0.676 0.733 0.814 0.872 0.903 0.956 0.98 0.989 1.055 1.123 1.137 1.087 1.119 1.096 1.112 1.086 1.115 1.129 1.096 0.954 0.909 1.006 1.007 0.999 0.963 0.909 0.873 0.762 0.783 0.733 0.849 0.839 0.884 0.916 0.951 0.985 0.989 0.967 0.92 0.957 1.041 1.058 1.028 1.011 1.002 1.02 1.031 1.013 0.986 0.994 0.984 0.932 0.905 0.892 0.882 0.877 0.864 0.9 0.926 0.952 0.932 0.942 0.919 0.893
1.003 0.964 1.079 0.976 0.643 0.473 0.522 0.554 0.598 0.634 0.631 0.695 0.752 0.74 0.776 0.896 0.92 0.957 1 1.044 1.111 1.14 1.136 1.104 1.03 1.085 1.115 1.077 1.02 1.026 1.117 1.125 1.056 0.946 0.941 0.918 0.875 0.786 0.725 0.764 0.792 0.784 0.804 0.845 0.852 0.909 0.977 1.024 1.012 0.989 0.972 0.961 0.995 1.051 1.065 1.046 1.016 1.014 1.053 1.045 1.019 1.003 1.014 1.019 1.002 0.995 0.981 0.941 0.886 0.851 0.866 0.882 0.91 0.903 0.903 0.946 0.963
1.062 1.004 1.099 0.977 0.673 0.531 0.533 0.574 0.625 0.7 0.689 0.748 0.82 0.859 0.868 0.922 0.995 1.04 1.082 1.125 1.123 1.109 1.091 1.056 1.054 1.112 1.125 1.058 0.964 0.906 1.044 1.121 1.102 1.059 0.97 0.902 0.809 0.793 0.795 0.891 0.896 0.866 0.955 0.973 0.992 1.007 1.032 1.033 1.009 0.989 0.975 0.974 1.054 1.077 1.07 1.053 1.01 0.989 0.973 0.989 0.968 0.954 0.959 0.98 1.013 1.031 1.012 1.026 1.023 0.997 0.935 0.885 0.902 0.902 0.926 0.956 0.971
1.137 1.137 1.131 1.005 0.748 0.594 0.573 0.628 0.705 0.778 0.794 0.842 0.876 0.933 0.966 0.989 1.037 1.095 1.075 1.081 1.003 0.956 0.985 0.985 1.059 1.108 1.138 1.096 0.995 0.865 0.957 1.045 1.109 1.093 1.007 0.838 0.829 0.89 0.965 1.014 0.933 0.92 1.027 1.046 1.056 1.049 1.048 1.04 1.019 0.939 0.929 0.945 1.066 1.083 1.07 1.03 0.978 0.941 0.89 0.949 0.952 0.943 0.925 0.929 0.93 0.991 1.013 1.021 1.032 1.037 1.037 1.029 1.021 1.021 1.025 1.024 1.037
1.084 1.128 1.154 1.051 0.891 0.727 0.713 0.774 0.81 0.882 0.903 0.932 0.957 1 1.027 1.067 1.1 1.087 0.958 0.927 0.885 0.845 0.881 0.945 1.008 1.06 1.114 1.131 1.089 0.921 0.943 0.94 1.044 1.091 1.069 0.969 0.977 1.031 1.055 1.039 1.028 1.002 1.066 1.066 1.07 1.016 0.943 0.939 1.018 1.007 0.93 0.905 0.985 1.009 1.016 0.988 0.982 0.95 0.877 0.892 0.949 0.929 0.893 0.881 0.877 0.893 0.946 0.955 0.974 1.004 1.019 1.035 1.035 1.034 1.035 1.033 1.034
1.088 1.108 1.164 1.104 1.035 0.985 0.981 0.99 0.948 0.954 0.999 1.038 1.047 1.072 1.091 1.128 1.123 1.017 0.97 0.934 0.955 0.905 0.846 0.92 0.939 0.998 1.092 1.127 1.095 1.019 1.01 0.92 0.927 0.981 0.944 0.996 1 1.02 1.005 0.995 1.046 1.056 1.061 1.009 1.023 1.05 1.014 0.947 0.99 0.901 0.983 0.957 0.869 0.854 0.951 0.962 0.905 0.888 0.857 0.829 0.933 0.915 0.886 0.896 0.881 0.877 0.929 0.94 0.924 0.947 0.992 1.009 1.013 1.013 1.015 1.013 1.016
1.089 1.129 1.166 1.142 1.116 1.125 1.14 1.14 1.105 1.078 1.096 1.116 1.124 1.101 1.008 1.09 1.034 0.899 0.951 1.015 0.985 0.923 0.838 0.883 0.922 0.986 1.101 1.101 1.071 1.027 1.03 0.935 0.832 0.896 0.884 0.875 0.957 0.94 0.877 0.946 0.941 0.981 0.965 0.874 0.967 1.015 0.99 1.026 1.003 0.922 0.947 1.012 0.796 0.7 0.812 0.897 0.859 0.824 0.809 0.864 0.92 0.934 0.92 0.911 0.87 0.875 0.913 0.94 0.958 0.96 0.965 0.977 0.99 0.976 0.97 0.965 0.984
