data/climatemaps/RS_maps/climate_breeding_pr_2012.asc
NCOLS 369 
NROWS 228 
XLLCORNER 479000 
YLLCORNER 73000 
CELLSIZE 1000 
NODATA_value -9 
[rows 136 to 169 of 228, columns 228 to 303 of 369]
1.089 1.268 1.356 1.53 1.745 2.079 2.29 2.234 2.246 2.158 2.119 2.048 1.908 1.953 2.116 2.036 1.98 1.909 1.454 1.271 1.437 1.638 1.676 1.497 1.221 0.734 0.363 0.475 0.781 1.127 1.446 1.615 1.62 1.336 1.38 1.616 1.636 1.677 1.789 1.783 1.671 1.505 1.17 0.729 0.187 -0.214 -0.288 -0.01 0.359 0.692 1.083 1.372 1.387 1.214 0.813 0.312 -0.112 -0.423 -0.435 -0.275 -0.083 0.311 0.639 0.903 1.08 1.09 1.263 1.06 0.819 0.397 -0.099 -0.104 -0.127 -0.104 0.017 0.148
1.321 1.43 1.639 1.824 2 2.225 2.216 2.126 2.149 2.06 2.024 2.003 2.016 2.127 2.259 2.126 2.02 1.869 1.532 1.588 1.817 1.84 1.688 1.484 1.116 0.666 0.464 0.625 0.844 1.021 1.372 1.614 1.645 1.404 1.344 1.558 1.66 1.734 1.836 1.862 1.746 1.594 1.302 0.823 0.173 -0.201 -0.198 0.045 0.331 0.749 1.249 1.407 1.366 1.178 0.871 0.454 0.025 -0.355 -0.492 -0.42 -0.179 0.116 0.37 0.711 0.982 1.118 1.338 1.229 1.046 0.653 0.118 0.057 0.013 -0.013 0.049 0.174
1.603 1.451 1.741 1.947 2.092 2.239 2.146 1.978 2.132 2.158 2.143 2.092 2.051 2.277 2.365 2.398 2.179 1.865 1.787 1.923 2.025 1.892 1.733 1.441 1.083 0.857 0.705 0.671 0.947 1.087 1.433 1.636 1.699 1.515 1.404 1.597 1.705 1.786 1.896 1.912 1.853 1.673 1.314 0.821 0.184 -0.162 -0.086 0.165 0.397 0.73 1.239 1.405 1.345 1.313 1.076 0.647 0.156 -0.258 -0.492 -0.514 -0.294 -0.115 0.085 0.475 0.721 0.947 1.219 1.239 1.072 0.8 0.335 0.092 -0.018 -0.014 0.059 0.17
1.867 1.62 1.782 1.903 2.022 2.2 2.174 1.845 1.955 2.047 1.962 1.932 2.017 2.139 2.324 2.435 2.292 2.169 2.066 2.199 2.189 2.003 1.734 1.441 1.309 1.251 1.035 0.739 0.971 1.235 1.476 1.621 1.673 1.637 1.653 1.742 1.755 1.724 1.749 1.717 1.677 1.499 1.237 0.841 0.24 -0.072 0.022 0.253 0.52 0.819 1.212 1.399 1.474 1.506 1.239 0.783 0.262 -0.082 -0.358 -0.56 -0.451 -0.315 -0.154 0.167 0.448 0.758 1.151 1.23 1.133 0.948 0.612 0.407 0.14 0.01 0.002 0.059
2.115 1.899 2.022 2.043 2.17 2.236 1.977 1.58 1.587 1.761 1.716 1.737 1.781 1.987 2.187 2.462 2.499 2.361 2.302 2.394 2.203 1.945 1.669 1.648 1.656 1.562 1.294 0.91 1.022 1.344 1.533 1.644 1.712 1.771 1.763 1.725 1.7 1.691 1.57 1.401 1.284 1.207 1.118 0.816 0.251 -0.054 0.023 0.202 0.397 0.77 1.206 1.426 1.599 1.587 1.267 0.81 0.399 0.217 -0.077 -0.433 -0.524 -0.408 -0.187 0.099 0.397 0.627 0.961 1.248 1.261 1.08 0.848 0.761 0.492 0.265 0.168 0.163
2.208 2.156 2.339 2.273 2.188 2.114 1.811 1.345 1.251 1.521 1.479 1.482 1.721 2.027 2.286 2.501 2.566 2.45 2.395 2.342 2.065 1.888 1.829 1.945 1.918 1.788 1.458 1.134 1.198 1.371 1.583 1.667 1.732 1.718 1.619 1.495 1.499 1.535 1.316 1.026 0.829 0.762 0.708 0.592 0.281 0.085 -0.069 0.154 0.466 0.793 1.175 1.504 1.627 1.506 1.227 0.839 0.632 0.548 0.232 -0.199 -0.426 -0.356 -0.134 0.082 0.382 0.607 0.828 1.221 1.332 1.215 1.125 1.015 0.761 0.471 0.254 0.134
2.319 2.38 2.457 2.25 1.997 1.787 1.564 1.08 0.915 1.178 1.231 1.342 1.762 2.176 2.476 2.529 2.403 2.34 2.243 2.145 1.993 2.114 2.112 2.118 2.099 1.888 1.557 1.443 1.486 1.476 1.499 1.525 1.59 1.631 1.505 1.369 1.189 1.131 0.9 0.74 0.709 0.78 0.676 0.652 0.569 0.278 0.011 0.187 0.487 0.855 1.203 1.503 1.557 1.44 1.156 0.947 0.958 0.823 0.434 -0.012 -0.314 -0.27 -0.084 0.122 0.406 0.679 0.85 1.168 1.437 1.417 1.322 1.073 0.771 0.552 0.497 0.472
2.31 2.309 2.283 2.118 1.803 1.453 1.195 0.832 0.695 0.885 1.123 1.469 1.762 2.171 2.566 2.565 2.422 2.541 2.43 2.228 2.113 2.349 2.317 2.24 2.106 1.9 1.781 1.715 1.611 1.42 1.3 1.256 1.302 1.33 1.213 1.052 0.932 0.796 0.779 0.857 1.026 1.127 0.96 1.033 0.898 0.438 0.147 0.298 0.511 0.802 1.149 1.427 1.482 1.417 1.206 1.106 1.235 1.003 0.642 0.177 -0.188 -0.136 -0.005 0.133 0.391 0.793 1.024 1.282 1.466 1.434 1.219 1.01 0.88 0.836 0.841 0.757
2.163 2.194 2.184 2.083 1.82 1.46 1.13 0.729 0.628 0.843 1.134 1.572 1.884 2.153 2.604 2.602 2.614 2.817 2.702 2.521 2.23 2.434 2.497 2.355 2.215 2.157 1.97 1.713 1.52 1.307 1.042 0.917 0.9 0.887 0.814 0.794 0.824 0.845 1.003 1.17 1.293 1.35 1.204 1.385 1.201 0.696 0.395 0.578 0.654 0.86 1.107 1.357 1.416 1.535 1.393 1.23 1.44 1.243 0.916 0.414 -0.047 -0.055 -0.006 0.1 0.34 0.728 1.075 1.267 1.466 1.347 1.213 1.195 1.065 1.093 0.996 0.914
2.083 2.164 2.166 2.064 1.804 1.468 1.162 0.679 0.472 0.705 1.032 1.508 1.984 2.284 2.698 2.66 2.8 3.007 2.907 2.682 2.367 2.527 2.584 2.441 2.461 2.302 1.981 1.568 1.297 1.062 0.885 0.805 0.782 0.843 0.961 1.065 1.157 1.09 1.232 1.363 1.505 1.497 1.438 1.681 1.498 0.908 0.634 0.801 0.872 0.983 1.132 1.32 1.443 1.598 1.476 1.431 1.571 1.377 1.021 0.52 0.07 -0.037 -0.024 0.084 0.319 0.628 0.999 1.196 1.308 1.31 1.36 1.313 1.193 1.201 1.079 0.971
1.87 1.994 2.017 1.935 1.67 1.287 0.916 0.527 0.294 0.581 1.007 1.366 1.879 2.351 2.728 2.726 2.958 3.121 2.971 2.728 2.578 2.639 2.652 2.519 2.409 2.168 1.773 1.424 1.252 1.195 1.261 1.097 1.152 1.37 1.415 1.382 1.401 1.344 1.379 1.542 1.644 1.603 1.712 1.884 1.667 1.101 0.766 0.814 0.908 0.966 1.128 1.291 1.458 1.541 1.482 1.691 1.621 1.366 1.052 0.55 0.151 -0.028 -0.015 0.056 0.252 0.525 0.964 1.124 1.266 1.31 1.459 1.365 1.288 1.267 1.101 0.958
1.884 1.877 1.848 1.786 1.575 1.235 0.844 0.442 0.237 0.487 0.983 1.296 1.691 2.25 2.74 2.768 3.081 3.283 3.043 2.85 2.789 2.829 2.64 2.422 2.117 1.825 1.588 1.525 1.595 1.485 1.643 1.501 1.464 1.793 1.717 1.634 1.656 1.595 1.527 1.687 1.772 1.724 1.908 1.984 1.754 1.333 0.979 0.791 0.786 0.847 1.005 1.183 1.369 1.495 1.58 1.7 1.571 1.329 1.079 0.783 0.348 0.069 0.054 0.095 0.23 0.469 0.813 1.053 1.269 1.329 1.401 1.332 1.315 1.303 1.168 0.97
1.974 1.952 1.906 1.863 1.747 1.476 1.037 0.506 0.207 0.385 0.872 1.271 1.628 2.225 2.738 2.871 3.122 3.31 3.173 3.064 2.986 2.876 2.624 2.292 2.175 2.059 1.816 1.764 1.763 1.753 1.874 1.817 1.701 1.905 1.954 1.912 1.953 1.826 1.72 1.768 1.801 1.847 1.951 1.913 1.719 1.631 1.424 0.953 0.738 0.838 0.954 1.079 1.242 1.455 1.573 1.53 1.457 1.288 1.332 1.095 0.621 0.176 0.139 0.169 0.243 0.418 0.695 0.906 1.152 1.257 1.349 1.299 1.271 1.267 1.139 0.906
1.837 2.035 2.138 2.145 2.054 1.752 1.227 0.589 0.153 0.264 0.669 1.184 1.57 2.213 2.775 3.008 3.131 3.12 3.069 3.032 3.009 2.857 2.512 2.542 2.603 2.354 2.025 1.88 1.91 1.878 1.955 1.986 1.87 2.059 2.212 2.15 2.16 1.957 1.788 1.709 1.68 1.75 1.801 1.774 1.758 1.875 1.706 1.201 0.905 0.902 1.017 1.09 1.217 1.37 1.456 1.53 1.59 1.531 1.518 1.353 0.915 0.384 0.189 0.205 0.252 0.392 0.58 0.772 0.989 1.106 1.261 1.333 1.254 1.152 0.984 0.726
1.471 1.808 2.117 2.194 2.068 1.741 1.204 0.572 0.137 0.142 0.446 0.891 1.464 2.131 2.652 3.017 3.069 2.995 3.036 3.017 2.915 2.846 2.86 2.939 2.806 2.483 2.141 1.931 1.834 1.815 1.957 2.059 2.029 2.235 2.355 2.245 2.15 1.925 1.672 1.49 1.449 1.553 1.627 1.678 1.851 2.02 1.826 1.399 1.142 0.92 0.989 1.023 1.129 1.303 1.437 1.623 1.736 1.643 1.687 1.528 1.127 0.581 0.291 0.28 0.316 0.392 0.512 0.639 0.866 0.973 1.153 1.272 1.31 1.105 0.78 0.52
1.043 1.454 1.895 2.028 1.891 1.546 1.029 0.478 0.115 0.119 0.472 0.913 1.445 2.041 2.478 2.828 3.01 3.058 3.111 3.108 3.086 3.137 3.155 3.069 2.864 2.547 2.157 1.875 1.748 1.823 1.973 2.009 2.023 2.309 2.382 2.214 2.092 1.891 1.61 1.281 1.242 1.332 1.468 1.602 1.921 2.132 1.936 1.545 1.446 1.031 0.863 0.86 0.968 1.161 1.292 1.538 1.674 1.614 1.802 1.627 1.29 0.79 0.404 0.339 0.334 0.336 0.439 0.549 0.765 0.876 1.025 1.117 1.193 0.969 0.597 0.424
0.701 1.142 1.574 1.751 1.69 1.319 0.806 0.357 0.101 0.176 0.653 1.174 1.708 2.085 2.262 2.625 2.902 3.051 3.1 3.17 3.217 3.321 3.267 3.121 2.944 2.624 2.131 1.755 1.653 1.763 1.874 1.891 1.959 2.304 2.398 2.262 2.084 1.806 1.491 1.149 1.044 1.081 1.293 1.591 1.95 2.109 1.983 1.728 1.645 1.239 1.015 0.903 0.84 0.967 1.154 1.367 1.553 1.641 1.788 1.705 1.431 1.018 0.546 0.326 0.263 0.244 0.37 0.564 0.807 0.961 1.078 1.081 0.994 0.744 0.458 0.404
0.458 0.87 1.275 1.465 1.427 1.194 0.783 0.359 0.162 0.348 0.815 1.3 1.788 2.038 2.189 2.331 2.558 2.694 2.764 3.003 3.122 3.123 3.186 3.25 3.073 2.734 2.144 1.665 1.506 1.542 1.685 1.717 1.841 2.238 2.423 2.288 2.042 1.555 1.219 1.022 0.856 0.858 1.205 1.576 1.872 1.989 1.926 1.846 1.836 1.296 1.24 1.149 0.955 0.855 1.023 1.229 1.443 1.574 1.714 1.679 1.484 1.126 0.709 0.4 0.32 0.33 0.486 0.695 0.959 1.133 1.182 1.11 0.894 0.575 0.384 0.428
0.289 0.652 1.061 1.235 1.248 1.103 0.788 0.397 0.21 0.439 0.921 1.263 1.783 2.022 2.148 2.073 2.144 2.309 2.466 2.823 3.063 3.049 3.113 3.275 3.079 2.749 2.187 1.637 1.353 1.294 1.444 1.564 1.795 2.163 2.316 2.203 1.943 1.401 1.022 0.876 0.678 0.725 1.078 1.463 1.734 1.914 1.868 1.911 1.866 1.392 1.361 1.333 1.168 1.084 1.029 1.082 1.237 1.35 1.525 1.59 1.446 1.219 0.941 0.587 0.582 0.592 0.731 0.883 1.16 1.281 1.201 0.997 0.679 0.445 0.377 0.502
0.166 0.415 0.778 1.104 1.235 1.15 0.852 0.506 0.291 0.428 0.743 1.086 1.611 1.95 2.077 1.988 1.84 2.078 2.439 2.805 2.97 2.973 3.124 3.216 3.026 2.726 2.238 1.651 1.276 1.125 1.26 1.483 1.723 1.972 2.132 2.133 1.867 1.314 0.844 0.733 0.535 0.633 1.021 1.428 1.646 1.879 1.811 1.928 1.922 1.444 1.479 1.504 1.357 1.326 1.206 1.094 1.246 1.276 1.409 1.552 1.465 1.342 1.118 0.802 0.763 0.79 0.898 1.011 1.143 1.144 1 0.753 0.553 0.48 0.535 0.636
0.125 0.207 0.534 0.954 1.233 1.246 0.995 0.652 0.376 0.365 0.547 0.877 1.387 1.731 1.873 1.786 1.642 1.897 2.387 2.756 2.871 2.863 2.962 2.982 2.831 2.642 2.265 1.679 1.219 0.94 1.005 1.221 1.473 1.759 1.946 1.979 1.749 1.354 0.852 0.598 0.49 0.593 0.88 1.262 1.582 1.777 1.776 1.987 1.937 1.579 1.531 1.588 1.56 1.486 1.325 1.276 1.472 1.431 1.395 1.574 1.591 1.475 1.208 1.015 0.948 0.958 0.943 0.956 0.95 0.831 0.729 0.629 0.579 0.643 0.671 0.781
0.255 0.084 0.268 0.645 1.05 1.263 1.152 0.894 0.597 0.362 0.343 0.608 1.093 1.344 1.437 1.428 1.476 1.785 2.273 2.651 2.841 2.838 2.634 2.624 2.661 2.602 2.291 1.733 1.169 0.784 0.707 0.984 1.338 1.602 1.774 1.864 1.836 1.591 0.936 0.555 0.513 0.565 0.751 1.126 1.459 1.652 1.732 2.039 2.019 1.75 1.549 1.597 1.67 1.599 1.43 1.402 1.614 1.632 1.536 1.667 1.698 1.555 1.352 1.214 1.117 1.018 0.923 0.838 0.754 0.71 0.696 0.664 0.701 0.729 0.76 0.932
0.407 0.066 0.078 0.366 0.785 1.134 1.199 1.109 0.857 0.509 0.302 0.395 0.769 0.967 1.105 1.307 1.575 1.826 2.132 2.476 2.835 2.886 2.542 2.411 2.558 2.494 2.266 1.936 1.41 0.868 0.558 0.697 1.115 1.494 1.773 1.905 1.897 1.624 1.012 0.547 0.523 0.551 0.75 1.074 1.368 1.58 1.697 2 2.097 1.935 1.732 1.595 1.711 1.687 1.532 1.491 1.697 1.811 1.748 1.859 1.789 1.623 1.469 1.314 1.171 0.958 0.811 0.689 0.677 0.725 0.81 0.779 0.741 0.819 0.847 1.044
0.598 0.191 0.015 0.18 0.512 0.863 1.135 1.204 1.025 0.659 0.347 0.278 0.484 0.739 1.09 1.343 1.719 2.018 2.23 2.439 2.849 2.9 2.462 2.202 2.399 2.37 2.315 2.133 1.69 1.001 0.48 0.455 0.888 1.212 1.661 1.839 1.859 1.615 1.093 0.53 0.427 0.437 0.648 0.947 1.218 1.489 1.643 1.894 2.102 2.047 1.912 1.652 1.723 1.721 1.595 1.601 1.793 1.909 1.883 1.91 1.797 1.578 1.365 1.13 0.925 0.75 0.668 0.728 0.876 0.999 1.001 0.99 0.806 0.808 0.87 1.068
0.916 0.465 0.147 0.113 0.294 0.604 0.918 1.127 1.041 0.717 0.364 0.221 0.366 0.74 1.159 1.445 1.718 2.005 2.279 2.551 2.824 2.816 2.37 2.064 2.124 2.096 2.139 2.069 1.631 0.998 0.465 0.361 0.697 1.113 1.525 1.718 1.808 1.695 1.261 0.618 0.325 0.341 0.497 0.718 1.024 1.395 1.624 1.779 2.016 2.083 1.949 1.714 1.704 1.705 1.622 1.666 1.838 1.898 1.847 1.777 1.652 1.434 1.179 0.826 0.597 0.601 0.664 0.86 1.122 1.238 1.168 1.168 0.961 0.829 0.904 1.076
1.244 0.943 0.515 0.215 0.185 0.364 0.617 0.905 0.939 0.687 0.346 0.189 0.323 0.718 1.119 1.476 1.778 2.041 2.307 2.618 2.782 2.671 2.208 1.992 1.961 1.936 2.07 2.05 1.669 1.049 0.469 0.302 0.607 1.094 1.491 1.69 1.858 1.77 1.362 0.67 0.315 0.395 0.522 0.666 0.941 1.336 1.562 1.653 1.924 1.999 1.833 1.739 1.635 1.607 1.621 1.666 1.794 1.785 1.758 1.67 1.529 1.424 1.159 0.656 0.492 0.712 0.801 0.928 1.308 1.458 1.34 1.318 1.17 0.873 0.945 1.108
1.657 1.519 1.02 0.513 0.228 0.214 0.333 0.623 0.788 0.59 0.277 0.15 0.295 0.567 0.867 1.247 1.652 2.001 2.361 2.691 2.649 2.454 1.976 1.966 1.979 1.973 2.113 2.037 1.687 1.075 0.466 0.27 0.554 1.035 1.459 1.675 1.878 1.825 1.433 0.718 0.285 0.345 0.496 0.652 0.898 1.247 1.423 1.549 1.775 1.804 1.754 1.709 1.633 1.526 1.527 1.579 1.604 1.675 1.717 1.59 1.404 1.179 0.915 0.536 0.506 0.83 1.012 1.052 1.345 1.567 1.492 1.409 1.38 1.035 0.965 1.149
1.968 1.794 1.453 1.07 0.599 0.297 0.192 0.328 0.529 0.456 0.216 0.171 0.385 0.671 0.877 1.143 1.464 1.84 2.196 2.462 2.604 2.349 1.843 1.717 1.747 1.834 1.995 1.919 1.538 0.943 0.424 0.317 0.563 0.994 1.382 1.545 1.73 1.82 1.446 0.809 0.229 0.181 0.32 0.488 0.725 1.087 1.271 1.404 1.517 1.577 1.672 1.591 1.584 1.467 1.459 1.409 1.397 1.393 1.399 1.296 1.095 0.803 0.598 0.42 0.565 0.95 1.209 1.225 1.418 1.659 1.62 1.501 1.538 1.217 1.025 1.139
2.022 1.932 1.978 1.681 1.137 0.653 0.232 0.141 0.256 0.307 0.133 0.2 0.52 0.97 1.176 1.445 1.621 1.871 2.329 2.481 2.614 2.276 1.686 1.513 1.63 1.769 1.911 1.83 1.416 0.795 0.369 0.365 0.575 0.941 1.286 1.462 1.609 1.667 1.396 0.837 0.211 0.043 0.211 0.392 0.604 0.855 1.008 1.062 1.118 1.245 1.354 1.279 1.197 1.14 1.074 1.007 0.955 0.904 0.884 0.8 0.624 0.452 0.382 0.444 0.748 1.114 1.364 1.424 1.614 1.726 1.779 1.603 1.625 1.364 1.096 1.165
2.033 2.189 2.213 2.019 1.709 1.175 0.582 0.312 0.209 0.146 0.113 0.241 0.63 1.051 1.379 1.631 1.825 2.052 2.463 2.682 2.642 2.224 1.589 1.453 1.519 1.653 1.771 1.701 1.271 0.679 0.342 0.346 0.503 0.823 1.131 1.422 1.552 1.413 1.184 0.803 0.204 -0.054 0.172 0.408 0.552 0.586 0.681 0.72 0.761 0.998 0.948 0.883 0.766 0.741 0.676 0.616 0.497 0.436 0.43 0.378 0.321 0.343 0.459 0.635 1.008 1.352 1.508 1.623 1.884 1.829 1.82 1.702 1.628 1.441 1.165 1.093
1.784 2.225 2.356 2.351 2.137 1.575 0.895 0.711 0.484 0.206 0.134 0.237 0.67 1.026 1.437 1.695 1.91 2.206 2.578 2.839 2.642 2.111 1.469 1.444 1.511 1.623 1.656 1.565 1.111 0.566 0.34 0.396 0.527 0.714 0.975 1.308 1.434 1.225 0.967 0.635 0.169 -0.101 0.05 0.239 0.261 0.255 0.315 0.392 0.531 0.626 0.581 0.534 0.42 0.361 0.305 0.258 0.197 0.21 0.243 0.299 0.408 0.613 0.825 0.979 1.33 1.62 1.658 1.801 2.123 1.995 1.694 1.704 1.623 1.429 1.032 0.849
1.456 1.996 2.415 2.332 2.066 1.555 1.264 1.216 0.892 0.438 0.222 0.24 0.645 1.065 1.403 1.663 1.931 2.256 2.665 2.746 2.476 1.923 1.376 1.397 1.507 1.663 1.648 1.516 0.957 0.428 0.389 0.5 0.674 0.74 0.861 1.217 1.283 1.145 1.021 0.657 0.184 -0.152 -0.077 0.038 -0.08 -0.085 -0.006 0.114 0.254 0.265 0.263 0.25 0.195 0.17 0.175 0.174 0.214 0.309 0.414 0.576 0.782 1.053 1.197 1.293 1.572 1.805 1.843 1.952 2.201 2.074 1.725 1.529 1.384 1.131 0.816 0.63
1.416 1.907 2.278 2.118 1.878 1.661 1.713 1.642 1.245 0.691 0.335 0.232 0.555 0.958 1.2 1.458 1.752 2.104 2.547 2.592 2.322 1.78 1.287 1.349 1.491 1.649 1.537 1.292 0.743 0.363 0.38 0.472 0.637 0.773 0.896 1.111 1.23 1.193 1.069 0.669 0.21 -0.097 -0.176 -0.185 -0.243 -0.218 -0.148 -0.058 0.048 0.135 0.195 0.224 0.267 0.319 0.402 0.492 0.512 0.565 0.698 0.944 1.229 1.505 1.502 1.551 1.793 1.967 2.017 2.073 2.316 2.162 1.797 1.349 1.133 0.821 0.505 0.334
1.594 1.989 2.171 2.258 2.18 2.076 2.103 1.825 1.419 0.941 0.499 0.283 0.452 0.769 0.962 1.334 1.632 1.985 2.4 2.506 2.273 1.705 1.202 1.314 1.548 1.658 1.429 1.009 0.519 0.329 0.424 0.535 0.533 0.709 0.975 1.126 1.192 1.158 1.044 0.661 0.294 -0.012 -0.234 -0.313 -0.303 -0.19 -0.096 -0.031 0.105 0.239 0.39 0.459 0.532 0.626 0.784 0.97 1.014 0.98 1.089 1.218 1.52 1.816 1.758 1.803 2.059 2.227 2.131 2.144 2.365 2.325 1.945 1.378 0.93 0.73 0.59 0.312
