data/climatemaps/RS_maps/climate_winter_tmin_2009.asc
NCOLS 369 
NROWS 228 
XLLCORNER 479000 
YLLCORNER 73000 
CELLSIZE 1000 
NODATA_value -9 
[rows 136 to 169 of 228, columns 0 to 75 of 369]
-9 -9 -9 -9 -9 -9 -9 -9 0.431 0.409 0.406 0.395 0.402 0.407 0.334 0.295 0.254 0.25 0.245 0.249 0.257 0.307 0.228 0.216 0.184 0.181 0.232 0.317 0.387 0.457 0.516 0.532 0.481 0.339 0.234 0.227 0.242 0.288 0.405 0.551 0.688 0.777 0.835 0.885 0.907 0.92 0.95 0.986 0.95 0.978 1.014 1.08 1.051 1.007 0.997 0.992 0.993 0.997 0.994 0.974 0.942 0.922 0.912 0.878 0.856 0.796 0.789 0.824 0.901 0.912 0.907 0.874 0.898 0.867 0.801 0.715
-9 -9 -9 -9 -9 -9 -9 -9 0.456 0.414 0.387 0.384 0.374 0.318 0.239 0.238 0.265 0.282 0.289 0.293 0.299 0.296 0.195 0.185 0.175 0.226 0.297 0.379 0.458 0.518 0.528 0.48 0.355 0.266 0.212 0.205 0.224 0.306 0.427 0.648 0.781 0.846 0.886 0.902 0.923 0.943 0.968 0.975 0.958 0.99 1.076 1.074 1.063 1.044 1.008 1 1.002 1.01 0.999 0.965 0.937 0.906 0.892 0.848 0.834 0.782 0.765 0.814 0.891 0.898 0.892 0.86 0.909 0.885 0.832 0.752
-9 -9 -9 -9 -9 -9 -9 -9 0.443 0.392 0.377 0.36 0.278 0.232 0.228 0.244 0.281 0.314 0.315 0.321 0.311 0.217 0.164 0.179 0.225 0.295 0.365 0.436 0.51 0.534 0.47 0.365 0.284 0.252 0.201 0.166 0.18 0.38 0.563 0.752 0.85 0.894 0.907 0.92 0.938 0.966 0.988 0.975 0.98 1.011 1.089 1.083 1.073 1.054 0.999 1.006 1.01 1.014 0.991 0.959 0.931 0.909 0.868 0.836 0.824 0.787 0.762 0.842 0.889 0.885 0.897 0.855 0.89 0.905 0.843 0.726
-9 -9 -9 -9 -9 -9 -9 0.44 0.434 0.401 0.35 0.271 0.214 0.21 0.232 0.257 0.286 0.318 0.327 0.338 0.242 0.151 0.176 0.245 0.3 0.371 0.435 0.501 0.517 0.455 0.359 0.31 0.27 0.208 0.13 0.125 0.244 0.45 0.694 0.822 0.888 0.913 0.919 0.93 0.953 0.982 0.997 1 1.01 1.036 1.081 1.119 1.081 1.06 1.016 1.022 1.027 1.017 0.984 0.953 0.935 0.907 0.856 0.848 0.814 0.791 0.801 0.858 0.894 0.89 0.901 0.856 0.892 0.928 0.818 0.705
-9 -9 -9 -9 -9 -9 -9 0.422 0.406 0.402 0.287 0.235 0.25 0.23 0.235 0.27 0.284 0.291 0.313 0.306 0.169 0.181 0.233 0.292 0.366 0.426 0.492 0.515 0.414 0.321 0.293 0.293 0.228 0.143 0.113 0.195 0.311 0.47 0.748 0.876 0.912 0.925 0.921 0.947 0.968 0.984 1.011 1.034 1.044 1.065 1.094 1.146 1.105 1.073 1.029 1.04 1.041 1.019 0.981 0.961 0.947 0.907 0.885 0.848 0.798 0.775 0.795 0.848 0.896 0.89 0.892 0.865 0.9 0.926 0.796 0.71
-9 -9 -9 -9 -9 -9 -9 0.401 0.405 0.389 0.309 0.286 0.288 0.295 0.292 0.268 0.27 0.3 0.303 0.201 0.176 0.24 0.281 0.324 0.389 0.468 0.498 0.43 0.285 0.262 0.291 0.245 0.156 0.143 0.186 0.268 0.37 0.57 0.819 0.904 0.924 0.928 0.933 0.96 0.989 1.006 1.036 1.058 1.074 1.099 1.131 1.162 1.141 1.086 1.049 1.057 1.053 1.029 0.982 0.978 0.933 0.892 0.877 0.831 0.8 0.772 0.789 0.846 0.854 0.891 0.865 0.872 0.907 0.913 0.81 0.742
-9 -9 -9 -9 -9 -9 -9 0.395 0.384 0.335 0.313 0.296 0.324 0.325 0.281 0.257 0.279 0.305 0.219 0.192 0.21 0.253 0.281 0.348 0.444 0.459 0.398 0.339 0.274 0.296 0.293 0.201 0.161 0.204 0.238 0.33 0.526 0.758 0.887 0.925 0.934 0.933 0.946 0.974 1.011 1.034 1.056 1.077 1.11 1.134 1.165 1.184 1.158 1.113 1.082 1.079 1.063 1.044 0.996 0.973 0.912 0.865 0.854 0.848 0.818 0.788 0.806 0.843 0.83 0.864 0.864 0.871 0.921 0.915 0.832 0.75
-9 -9 -9 -9 -9 -9 -9 0.37 0.324 0.292 0.311 0.338 0.371 0.33 0.261 0.304 0.297 0.23 0.193 0.237 0.26 0.285 0.334 0.442 0.446 0.361 0.312 0.281 0.273 0.3 0.269 0.189 0.242 0.288 0.338 0.527 0.751 0.882 0.927 0.935 0.944 0.936 0.95 0.975 1.024 1.063 1.076 1.108 1.127 1.151 1.182 1.195 1.172 1.146 1.131 1.112 1.079 1.056 1.001 0.964 0.919 0.888 0.853 0.842 0.83 0.815 0.819 0.823 0.828 0.834 0.86 0.881 0.928 0.916 0.846 0.737
-9 -9 -9 -9 -9 -9 -9 0.291 0.288 0.267 0.295 0.392 0.384 0.336 0.341 0.337 0.233 0.189 0.208 0.244 0.272 0.315 0.428 0.406 0.331 0.302 0.277 0.305 0.304 0.273 0.237 0.236 0.316 0.375 0.568 0.766 0.873 0.924 0.939 0.935 0.952 0.945 0.966 0.998 1.042 1.091 1.103 1.129 1.125 1.168 1.176 1.205 1.195 1.177 1.18 1.15 1.106 1.065 1.031 0.977 0.935 0.912 0.868 0.855 0.844 0.818 0.801 0.812 0.845 0.844 0.848 0.892 0.922 0.9 0.867 0.774
-9 -9 -9 -9 -9 -9 -9 0.245 0.281 0.282 0.339 0.425 0.4 0.392 0.37 0.259 0.166 0.19 0.219 0.253 0.286 0.376 0.385 0.29 0.266 0.23 0.261 0.309 0.292 0.255 0.305 0.386 0.42 0.546 0.757 0.867 0.912 0.933 0.93 0.934 0.951 0.952 0.988 1.022 1.065 1.12 1.123 1.126 1.134 1.177 1.175 1.205 1.227 1.222 1.22 1.189 1.143 1.087 1.06 1.012 0.975 0.943 0.902 0.885 0.872 0.834 0.823 0.841 0.874 0.873 0.871 0.896 0.886 0.891 0.87 0.801
-9 -9 -9 -9 -9 -9 -9 0.247 0.291 0.337 0.45 0.484 0.479 0.411 0.276 0.176 0.179 0.202 0.22 0.259 0.353 0.368 0.241 0.214 0.171 0.192 0.283 0.316 0.291 0.362 0.45 0.524 0.606 0.733 0.836 0.914 0.941 0.949 0.936 0.939 0.955 0.961 1.008 1.048 1.097 1.142 1.129 1.137 1.156 1.186 1.198 1.198 1.241 1.244 1.238 1.227 1.188 1.126 1.084 1.041 1.028 0.994 0.959 0.924 0.893 0.862 0.865 0.883 0.913 0.914 0.896 0.879 0.853 0.884 0.853 0.788
-9 -9 -9 -9 -9 -9 0.235 0.27 0.356 0.459 0.468 0.431 0.508 0.313 0.196 0.176 0.192 0.193 0.238 0.339 0.374 0.256 0.18 0.132 0.159 0.259 0.281 0.235 0.31 0.437 0.53 0.584 0.642 0.756 0.867 0.934 0.958 0.969 0.968 0.96 0.998 1.017 1.024 1.073 1.126 1.148 1.154 1.168 1.17 1.196 1.218 1.232 1.254 1.246 1.254 1.249 1.225 1.182 1.13 1.092 1.08 1.037 1.019 0.942 0.904 0.884 0.901 0.919 0.94 0.933 0.9 0.872 0.86 0.851 0.819 0.766
-9 -9 -9 -9 -9 0.334 0.286 0.401 0.49 0.462 0.364 0.346 0.487 0.293 0.188 0.169 0.169 0.217 0.333 0.362 0.261 0.18 0.109 0.135 0.218 0.305 0.26 0.232 0.34 0.456 0.602 0.625 0.689 0.829 0.9 0.945 0.968 0.992 0.994 0.988 1.029 1.054 1.074 1.127 1.141 1.144 1.18 1.203 1.216 1.24 1.254 1.243 1.265 1.256 1.264 1.277 1.266 1.23 1.191 1.155 1.136 1.111 1.079 0.998 0.97 0.933 0.933 0.923 0.932 0.924 0.906 0.879 0.836 0.724 0.779 0.737
-9 -9 -9 -9 -9 0.402 0.406 0.51 0.465 0.362 0.288 0.3 0.472 0.315 0.169 0.162 0.206 0.31 0.369 0.276 0.144 0.106 0.106 0.201 0.28 0.308 0.27 0.326 0.448 0.579 0.696 0.746 0.811 0.867 0.913 0.944 0.961 0.98 1.025 1.045 1.047 1.094 1.133 1.159 1.159 1.165 1.209 1.228 1.251 1.268 1.268 1.267 1.266 1.268 1.287 1.288 1.287 1.28 1.251 1.223 1.216 1.212 1.167 1.127 1.044 0.969 0.934 0.858 0.881 0.924 0.922 0.883 0.754 0.637 0.755 0.708
-9 -9 -9 -9 -9 0.568 0.573 0.523 0.383 0.282 0.25 0.288 0.473 0.357 0.211 0.222 0.305 0.359 0.319 0.168 0.079 0.077 0.178 0.273 0.313 0.285 0.311 0.431 0.563 0.677 0.714 0.778 0.852 0.883 0.922 0.941 0.952 0.988 1.026 1.093 1.102 1.119 1.136 1.174 1.179 1.197 1.225 1.245 1.266 1.27 1.272 1.276 1.278 1.282 1.285 1.289 1.289 1.289 1.291 1.291 1.285 1.284 1.265 1.244 1.131 0.988 0.935 0.884 0.852 0.94 0.929 0.863 0.682 0.585 0.725 0.714
-9 -9 -9 -9 -9 0.581 0.467 0.401 0.309 0.275 0.276 0.292 0.472 0.393 0.281 0.281 0.335 0.338 0.205 0.06 0.076 0.142 0.241 0.283 0.344 0.337 0.435 0.542 0.671 0.756 0.751 0.789 0.823 0.854 0.903 0.929 0.952 0.979 1.031 1.088 1.141 1.164 1.152 1.178 1.199 1.218 1.242 1.257 1.262 1.267 1.267 1.27 1.272 1.276 1.282 1.283 1.288 1.288 1.288 1.288 1.288 1.287 1.283 1.279 1.258 1.139 1.102 1.066 0.925 0.956 0.896 0.831 0.662 0.501 0.652 0.708
-9 -9 -9 -9 0.624 0.428 0.395 0.352 0.312 0.292 0.285 0.387 0.421 0.389 0.286 0.285 0.31 0.286 0.112 0.047 0.106 0.202 0.254 0.307 0.389 0.437 0.564 0.657 0.753 0.812 0.784 0.787 0.79 0.828 0.885 0.918 0.96 0.998 1.068 1.142 1.168 1.189 1.182 1.193 1.211 1.235 1.254 1.259 1.26 1.261 1.263 1.266 1.266 1.267 1.269 1.276 1.279 1.281 1.279 1.277 1.277 1.276 1.272 1.272 1.262 1.246 1.231 1.222 1.096 0.975 0.904 0.823 0.723 0.602 0.605 0.698
-9 -9 -9 -9 0.462 0.41 0.394 0.353 0.32 0.222 0.293 0.369 0.318 0.328 0.301 0.279 0.277 0.233 0.156 0.108 0.143 0.19 0.259 0.362 0.437 0.538 0.643 0.742 0.801 0.852 0.832 0.794 0.82 0.881 0.958 1.011 1.069 1.114 1.158 1.185 1.192 1.204 1.206 1.212 1.224 1.238 1.248 1.25 1.25 1.254 1.257 1.256 1.258 1.263 1.264 1.266 1.266 1.266 1.266 1.265 1.265 1.265 1.261 1.257 1.25 1.242 1.234 1.22 1.199 1.098 1.043 0.942 0.844 0.812 0.8 0.84
-9 -9 -9 -9 0.456 0.423 0.364 0.336 0.24 0.203 0.2 0.27 0.239 0.257 0.299 0.277 0.223 0.179 0.173 0.173 0.184 0.199 0.282 0.403 0.486 0.552 0.687 0.795 0.843 0.882 0.855 0.838 0.904 1.002 1.078 1.132 1.17 1.194 1.2 1.208 1.213 1.213 1.222 1.229 1.235 1.239 1.239 1.242 1.242 1.242 1.243 1.244 1.245 1.252 1.251 1.257 1.257 1.257 1.256 1.254 1.254 1.253 1.248 1.245 1.239 1.23 1.221 1.206 1.193 1.176 1.154 1.122 1.073 1.044 1.002 0.971
-9 -9 -9 -9 0.457 0.385 0.325 0.278 0.203 0.143 0.117 0.115 0.181 0.207 0.218 0.225 0.203 0.202 0.25 0.246 0.245 0.288 0.37 0.454 0.515 0.628 0.752 0.849 0.884 0.907 0.881 0.915 1.029 1.09 1.128 1.167 1.201 1.206 1.214 1.217 1.221 1.218 1.224 1.225 1.227 1.23 1.23 1.231 1.231 1.231 1.231 1.234 1.234 1.237 1.238 1.24 1.241 1.242 1.242 1.241 1.239 1.239 1.233 1.226 1.224 1.215 1.204 1.192 1.176 1.157 1.139 1.118 1.095 1.065 1.033 0.985
-9 -9 -9 -9 0.408 0.356 0.287 0.229 0.197 0.135 0.089 0.064 0.091 0.193 0.138 0.086 0.186 0.196 0.156 0.233 0.304 0.353 0.438 0.537 0.612 0.719 0.842 0.901 0.951 0.95 0.971 1.053 1.11 1.122 1.147 1.18 1.2 1.2 1.207 1.207 1.209 1.209 1.21 1.21 1.214 1.219 1.219 1.216 1.216 1.218 1.22 1.218 1.221 1.223 1.224 1.225 1.227 1.228 1.228 1.224 1.221 1.22 1.217 1.211 1.201 1.198 1.186 1.174 1.159 1.143 1.123 1.103 1.076 1.054 1.022 0.992
-9 -9 -9 0.42 0.372 0.327 0.27 0.226 0.188 0.134 0.066 0.049 0.127 0.144 0.075 0.069 0.146 0.089 0.027 0.118 0.205 0.32 0.458 0.661 0.798 0.863 0.929 0.963 0.98 1.026 1.069 1.109 1.13 1.135 1.168 1.183 1.186 1.19 1.192 1.196 1.196 1.2 1.2 1.201 1.202 1.204 1.204 1.203 1.203 1.204 1.205 1.204 1.206 1.208 1.211 1.211 1.211 1.211 1.212 1.207 1.207 1.203 1.197 1.194 1.183 1.179 1.167 1.155 1.141 1.125 1.103 1.08 1.06 1.033 1.006 0.977
-9 -9 -9 0.39 0.328 0.255 0.247 0.22 0.192 0.144 0.104 0.11 0.104 0.067 0.073 0.121 0.076 -0.013 0.001 0.055 0.156 0.359 0.598 0.748 0.848 0.92 0.961 1.003 1.024 1.057 1.088 1.107 1.126 1.144 1.168 1.169 1.17 1.179 1.184 1.185 1.185 1.186 1.186 1.186 1.187 1.187 1.187 1.187 1.187 1.188 1.188 1.188 1.188 1.188 1.19 1.191 1.191 1.191 1.191 1.189 1.187 1.181 1.18 1.173 1.169 1.157 1.145 1.134 1.121 1.105 1.083 1.058 1.038 1.014 0.989 0.959
-9 -9 -9 0.369 0.289 0.248 0.243 0.207 0.177 0.147 0.137 0.072 0.029 0.061 0.153 0.141 0.089 -0.011 0.051 0.191 0.329 0.541 0.726 0.834 0.893 0.935 0.979 1.025 1.053 1.075 1.089 1.107 1.132 1.146 1.162 1.162 1.162 1.163 1.168 1.168 1.169 1.169 1.169 1.169 1.169 1.17 1.17 1.17 1.17 1.166 1.167 1.167 1.167 1.167 1.168 1.168 1.168 1.168 1.169 1.169 1.168 1.162 1.159 1.151 1.148 1.135 1.126 1.114 1.1 1.083 1.064 1.044 1.017 0.994 0.968 0.944
-9 -9 -9 0.361 0.304 0.245 0.216 0.207 0.158 0.173 0.08 0.017 0.032 0.141 0.199 0.132 0.079 0.063 0.136 0.292 0.499 0.714 0.818 0.884 0.923 0.959 0.997 1.023 1.045 1.076 1.092 1.102 1.127 1.143 1.145 1.145 1.146 1.146 1.146 1.147 1.152 1.155 1.151 1.152 1.148 1.151 1.148 1.148 1.148 1.148 1.148 1.149 1.149 1.149 1.149 1.149 1.15 1.146 1.146 1.146 1.146 1.141 1.136 1.128 1.125 1.112 1.104 1.092 1.078 1.061 1.046 1.027 0.998 0.976 0.947 0.924
-9 -9 -9 -9 0.266 0.231 0.228 0.218 0.18 0.157 0.063 0.086 0.159 0.231 0.153 0.097 0.062 0.129 0.232 0.402 0.645 0.808 0.869 0.902 0.936 0.965 0.995 1.019 1.046 1.067 1.085 1.1 1.122 1.126 1.128 1.13 1.134 1.134 1.139 1.14 1.14 1.139 1.135 1.135 1.135 1.136 1.136 1.133 1.126 1.126 1.126 1.127 1.127 1.127 1.127 1.127 1.123 1.117 1.106 1.097 1.101 1.096 1.071 1.004 0.877 0.93 0.946 1.005 1.042 1.038 1.024 1.004 0.975 0.955 0.93 0.901
-9 -9 -9 -9 0.283 0.288 0.267 0.22 0.159 0.111 0.102 0.2 0.3 0.241 0.119 0.052 0.082 0.189 0.313 0.562 0.749 0.849 0.889 0.912 0.939 0.969 1.001 1.028 1.049 1.067 1.091 1.098 1.107 1.112 1.113 1.12 1.122 1.118 1.122 1.121 1.122 1.122 1.122 1.12 1.117 1.116 1.113 1.107 1.093 1.098 1.097 1.101 1.081 1.058 1.035 1.012 1.006 1.004 1 0.986 0.965 0.938 0.879 0.732 0.557 0.584 0.568 0.647 0.81 0.915 0.974 0.969 0.95 0.933 0.908 0.878
-9 -9 -9 -9 0.349 0.312 0.219 0.203 0.169 0.137 0.144 0.299 0.282 0.133 0.021 0.028 0.098 0.252 0.492 0.696 0.811 0.852 0.903 0.921 0.953 0.98 1.009 1.033 1.053 1.078 1.087 1.091 1.096 1.099 1.099 1.099 1.105 1.105 1.102 1.1 1.1 1.101 1.101 1.1 1.095 1.095 1.091 1.076 1.063 1.063 1.03 0.977 0.938 0.908 0.874 0.841 0.823 0.82 0.806 0.751 0.693 0.64 0.575 0.512 0.416 0.313 0.224 0.279 0.317 0.531 0.576 0.75 0.803 0.849 0.864 0.836
-9 -9 -9 -9 0.38 0.238 0.219 0.208 0.19 0.212 0.302 0.223 0.091 0.046 0.042 0.094 0.145 0.393 0.649 0.787 0.835 0.862 0.912 0.934 0.955 0.976 0.999 1.034 1.062 1.072 1.073 1.079 1.084 1.084 1.083 1.078 1.082 1.088 1.085 1.085 1.083 1.084 1.084 1.079 1.072 1.071 1.064 1.033 1.021 1.004 0.92 0.856 0.799 0.745 0.703 0.667 0.648 0.643 0.622 0.594 0.552 0.448 0.264 0.328 0.138 -0.104 -0.211 -0.201 -0.132 0.051 -0.007 0.333 0.431 0.503 0.602 0.689
-9 -9 -9 -9 -9 0.194 0.166 0.164 0.263 0.318 0.135 0.047 0.161 0.197 0.337 0.307 0.379 0.507 0.709 0.808 0.851 0.892 0.917 0.927 0.945 0.968 0.995 1.039 1.053 1.06 1.062 1.066 1.069 1.061 1.053 1.04 1.045 1.068 1.069 1.069 1.066 1.066 1.061 1.056 1.044 1.028 1.007 0.98 0.97 0.931 0.853 0.777 0.728 0.669 0.629 0.604 0.578 0.566 0.538 0.511 0.469 0.301 0.228 0.157 -0.028 -0.125 -0.253 -0.413 -0.351 -0.173 0.12 0.36 0.104 -0.058 -0.02 0.229
-9 -9 -9 -9 -9 -9 0.132 0.189 0.358 0.164 -0.02 0.07 0.325 0.421 0.523 0.554 0.592 0.592 0.71 0.726 0.855 0.901 0.916 0.921 0.945 0.973 1.011 1.036 1.043 1.047 1.047 1.047 1.037 1.018 1.007 0.997 1.005 1.041 1.049 1.049 1.047 1.042 1.019 1.015 1 0.972 0.952 0.923 0.879 0.846 0.859 0.763 0.698 0.632 0.591 0.56 0.535 0.514 0.48 0.476 0.454 0.39 0.362 0.257 0.16 -0.037 -0.369 -0.371 -0.151 0.028 -0.029 -0.024 -0.435 -0.638 -0.52 -0.134
-9 -9 -9 -9 -9 -9 0.162 0.296 0.288 0.023 -0.075 0.289 0.509 0.578 0.637 0.692 0.704 0.704 0.685 0.783 0.873 0.899 0.901 0.913 0.951 0.988 1.019 1.023 1.029 1.029 1.031 1.024 0.999 0.985 0.982 0.98 0.988 1.014 1.029 1.028 1.022 1.002 0.973 0.959 0.943 0.927 0.904 0.859 0.809 0.766 0.789 0.769 0.712 0.643 0.574 0.511 0.482 0.472 0.482 0.449 0.347 0.267 0.182 0.17 0.1 -0.259 -0.554 -0.488 -0.397 -0.309 -0.513 -0.587 -0.726 -0.679 -0.45 -0.131
-9 -9 -9 -9 -9 -9 0.262 0.342 0.109 -0.042 -0.004 0.319 0.389 0.602 0.702 0.741 0.737 0.677 0.714 0.837 0.877 0.885 0.896 0.921 0.954 0.985 1.006 1.011 1.021 1.021 1.019 0.988 0.963 0.962 0.966 0.974 0.981 0.994 1.002 1.003 0.992 0.96 0.939 0.913 0.877 0.869 0.844 0.808 0.772 0.738 0.69 0.661 0.666 0.7 -9 -9 -9 0.516 0.533 0.427 0.261 0.114 -0.068 -0.073 -0.143 -0.335 -0.463 -0.62 -0.601 -0.626 -0.772 -0.737 -0.68 -0.524 -0.381 -0.273
-9 -9 -9 -9 0.2 0.252 0.399 0.265 0.018 -0.093 0.03 0.191 0.405 0.664 0.739 0.762 0.756 0.743 0.797 0.844 0.874 0.87 0.899 0.928 0.95 0.98 0.999 1.002 1.006 1.006 0.988 0.959 0.94 0.951 0.96 0.964 0.964 0.969 0.971 0.964 0.943 0.914 0.904 0.879 0.826 0.764 0.766 0.765 0.74 0.668 0.573 0.383 -9 -9 -9 -9 -9 0.497 0.491 0.477 0.437 0.327 0.077 -0.073 -0.244 -0.371 -0.414 -0.514 -0.475 -0.481 -0.887 -0.877 -0.734 -0.577 -0.361 -0.112
