data/climatemaps/RS_maps/climate_breeding_tmp_2010.asc
NCOLS 369 
NROWS 228 
XLLCORNER 479000 
YLLCORNER 73000 
CELLSIZE 1000 
NODATA_value -9 
[rows 68 to 101 of 228, columns 77 to 153 of 369]
0.471 0.425 0.326 0.254 0.271 0.38 0.605 0.602 0.232 0.217 0.206 0.207 0.178 0.152 0.155 0.154 0.155 0.136 0.114 0.087 0.025 0.013 0.019 0.108 0.334 0.391 0.463 0.482 0.418 0.439 0.433 0.472 0.519 0.519 0.517 0.477 0.487 0.467 0.397 0.358 0.336 0.259 0.067 -0.118 -0.119 -0.076 -0.046 0.132 0.179 0.207 0.346 0.555 0.727 0.791 0.855 0.888 0.924 0.936 0.933 0.958 0.957 0.943 0.899 0.892 0.887 0.9 0.944 0.966 0.987 0.961 0.911 0.94 0.949 0.933 0.843 0.831 0.838
0.431 0.333 0.257 0.277 0.43 0.534 0.635 0.343 0.134 0.202 0.185 0.168 0.138 0.139 0.164 0.166 0.168 0.142 0.112 0.082 0.075 0.092 0.189 0.329 0.441 0.454 0.477 0.506 0.522 0.508 0.523 0.543 0.551 0.532 0.529 0.532 0.501 0.375 0.29 0.179 0.012 -0.134 -0.079 -0.106 0.065 0.22 0.411 0.534 0.614 0.668 0.742 0.783 0.784 0.818 0.869 0.929 0.964 0.954 0.961 0.983 0.982 0.961 0.961 0.935 0.911 0.942 0.976 0.963 0.943 0.934 0.946 0.932 0.915 0.931 0.917 0.879 0.855
0.39 0.276 0.255 0.408 0.558 0.583 0.405 0.228 0.197 0.215 0.179 0.139 0.148 0.168 0.171 0.18 0.162 0.171 0.2 0.244 0.289 0.248 0.249 0.324 0.408 0.473 0.499 0.454 0.397 0.343 0.323 0.305 0.293 0.242 0.2 0.194 0.095 -0.021 -0.109 -0.202 -0.208 -0.037 0.142 0.322 0.534 0.643 0.732 0.782 0.804 0.835 0.854 0.825 0.886 0.922 0.942 0.973 0.982 0.99 0.988 0.987 0.943 0.913 0.93 0.938 0.97 0.974 0.942 0.915 0.918 0.931 0.933 0.898 0.875 0.884 0.93 0.886 0.807
0.353 0.312 0.42 0.584 0.51 0.327 0.214 0.213 0.182 0.118 0.114 0.146 0.187 0.178 0.134 0.148 0.17 0.235 0.237 0.215 0.167 0.129 0.155 0.219 0.356 0.455 0.369 0.255 0.132 0.048 0 -0.048 -0.033 -0.061 -0.062 0.01 -0.006 -0.04 -0.09 -0.087 0.064 0.351 0.501 0.664 0.742 0.797 0.84 0.877 0.897 0.916 0.914 0.913 0.952 0.959 0.98 0.976 0.979 0.984 0.96 0.952 0.919 0.899 0.913 0.942 0.949 0.946 0.908 0.912 0.924 0.925 0.924 0.893 0.866 0.86 0.909 0.87 0.797
0.305 0.482 0.574 0.462 0.255 0.194 0.186 0.138 0.053 0.064 0.126 0.166 0.174 0.126 0.067 0.055 0.072 0.088 0.084 0.107 0.174 0.217 0.245 0.27 0.34 0.341 0.097 0.032 -0.022 -0.013 0.043 0.12 0.154 0.114 0.077 0.083 0.088 0.119 0.179 0.322 0.525 0.683 0.779 0.848 0.881 0.907 0.944 0.967 0.969 0.969 0.969 0.968 0.972 0.978 0.976 0.969 0.976 0.971 0.934 0.917 0.907 0.914 0.93 0.952 0.933 0.922 0.912 0.913 0.903 0.902 0.909 0.871 0.858 0.846 0.877 0.875 0.782
0.343 0.635 0.453 0.276 0.178 0.149 0.114 0.044 0.039 0.108 0.145 0.128 0.076 0.002 -0.051 -0.065 0.017 0.108 0.24 0.36 0.454 0.525 0.535 0.52 0.483 0.28 0.168 0.254 0.274 0.408 0.437 0.417 0.302 0.235 0.195 0.212 0.25 0.381 0.567 0.747 0.846 0.873 0.908 0.948 0.954 0.972 0.983 0.983 0.984 0.978 0.971 0.958 0.953 0.953 0.962 0.967 0.971 0.967 0.942 0.924 0.926 0.931 0.932 0.948 0.926 0.909 0.883 0.876 0.891 0.884 0.899 0.846 0.833 0.797 0.812 0.873 0.778
0.49 0.551 0.305 0.21 0.156 0.095 0.089 0.095 0.122 0.126 0.082 -0.007 -0.07 -0.079 -0.027 0.15 0.336 0.452 0.544 0.583 0.607 0.611 0.574 0.561 0.545 0.491 0.524 0.571 0.551 0.619 0.461 0.36 0.338 0.393 0.384 0.415 0.514 0.653 0.791 0.908 0.946 0.957 0.967 0.982 0.987 0.989 0.98 0.962 0.956 0.93 0.903 0.893 0.929 0.946 0.961 0.966 0.968 0.968 0.947 0.926 0.917 0.907 0.929 0.943 0.917 0.888 0.87 0.893 0.894 0.863 0.884 0.802 0.757 0.752 0.795 0.824 0.808
0.564 0.384 0.238 0.166 0.146 0.149 0.172 0.165 0.135 0.078 -0.025 -0.103 -0.086 0.058 0.271 0.494 0.582 0.579 0.53 0.393 0.427 0.406 0.232 0.188 0.208 0.409 0.436 0.288 0.452 0.632 0.333 0.38 0.443 0.398 0.471 0.588 0.719 0.849 0.929 0.964 0.977 0.987 0.988 0.992 0.993 0.973 0.94 0.914 0.89 0.842 0.839 0.875 0.936 0.965 0.968 0.957 0.964 0.948 0.927 0.895 0.902 0.918 0.937 0.939 0.906 0.899 0.907 0.896 0.847 0.838 0.868 0.782 0.694 0.72 0.777 0.811 0.78
0.51 0.343 0.21 0.188 0.165 0.16 0.168 0.145 0.066 -0.041 -0.105 -0.034 0.16 0.377 0.529 0.562 0.49 0.293 0.135 0.078 0.101 0.025 -0.071 -0.082 -0.068 0.115 0.115 0.101 0.364 0.684 0.565 0.438 0.472 0.684 0.833 0.895 0.932 0.965 0.986 0.988 0.991 0.993 0.993 0.973 0.933 0.917 0.866 0.833 0.828 0.843 0.871 0.925 0.936 0.961 0.961 0.961 0.951 0.926 0.909 0.889 0.913 0.932 0.908 0.921 0.922 0.915 0.865 0.819 0.789 0.788 0.847 0.783 0.715 0.661 0.711 0.766 0.691
0.474 0.359 0.224 0.158 0.163 0.147 0.089 0.033 -0.073 -0.11 -0.009 0.3 0.461 0.52 0.458 0.279 0.08 -0.03 -0.07 -0.073 -0.088 -0.131 -0.179 -0.158 -0.053 0.164 0.429 0.568 0.662 0.683 0.729 0.719 0.866 0.927 0.902 0.864 0.899 0.953 0.995 0.993 0.993 0.993 0.979 0.895 0.843 0.831 0.805 0.808 0.865 0.899 0.926 0.93 0.94 0.95 0.957 0.955 0.956 0.931 0.911 0.902 0.932 0.888 0.85 0.89 0.867 0.821 0.808 0.759 0.687 0.731 0.844 0.812 0.74 0.608 0.658 0.681 0.666
0.231 0.364 0.24 0.176 0.134 0.057 -0.018 -0.048 -0.04 0.075 0.391 0.515 0.478 0.252 0.04 -0.116 -0.211 -0.223 -0.235 -0.15 -0.175 -0.145 -0.101 0.051 0.205 0.472 0.583 0.606 0.594 0.697 0.872 0.955 0.952 0.883 0.884 0.941 0.985 0.994 0.998 0.997 0.993 0.982 0.903 0.825 0.81 0.812 0.831 0.849 0.852 0.858 0.916 0.931 0.951 0.933 0.947 0.942 0.94 0.944 0.928 0.935 0.931 0.893 0.841 0.89 0.792 0.789 0.799 0.709 0.649 0.761 0.817 0.728 0.725 0.579 0.601 0.653 0.645
0.245 0.307 0.232 0.16 0.084 0.005 -0.003 0.091 0.226 0.436 0.425 0.327 0.186 -0.019 -0.276 -0.385 -0.421 -0.325 -0.219 -0.097 -0.039 -0.026 -0.041 0.029 0.283 0.469 0.355 0.46 0.679 0.916 0.991 0.984 0.935 0.893 0.937 0.998 0.998 1.003 1.003 1.002 0.979 0.938 0.856 0.819 0.816 0.85 0.818 0.83 0.851 0.902 0.941 0.948 0.948 0.944 0.92 0.931 0.929 0.921 0.943 0.927 0.856 0.862 0.765 0.868 0.746 0.743 0.745 0.631 0.709 0.759 0.793 0.669 0.651 0.645 0.628 0.646 0.662
0.237 0.277 0.176 0.1 0.085 0.128 0.31 0.399 0.371 0.226 0.115 0.028 -0.051 -0.21 -0.418 -0.495 -0.377 -0.161 0.071 0.09 -0.06 -0.192 -0.131 0.099 0.27 0.194 0.388 0.676 0.923 0.996 0.981 0.943 0.974 0.999 1 1.003 1.003 0.996 0.957 0.948 0.909 0.911 0.849 0.835 0.794 0.754 0.765 0.748 0.788 0.927 0.948 0.946 0.943 0.94 0.924 0.931 0.942 0.902 0.892 0.812 0.803 0.84 0.823 0.794 0.737 0.673 0.702 0.635 0.695 0.72 0.729 0.77 0.739 0.699 0.626 0.6 0.622
0.193 0.207 0.135 0.128 0.211 0.324 0.318 0.181 0.086 0.055 0.052 -0.008 -0.234 -0.354 -0.408 -0.261 -0.058 0.119 0.221 0 -0.039 0.087 0.239 0.24 0.207 0.364 0.761 1 1.01 1.003 0.992 0.979 0.964 1.003 1.007 1.003 0.995 0.903 0.865 0.939 0.91 0.898 0.834 0.784 0.758 0.735 0.756 0.758 0.882 0.951 0.945 0.933 0.933 0.933 0.916 0.929 0.937 0.923 0.869 0.82 0.812 0.825 0.793 0.724 0.717 0.611 0.615 0.644 0.67 0.68 0.618 0.71 0.702 0.719 0.611 0.594 0.63
0.146 0.181 0.162 0.248 0.328 0.2 0.053 -0.009 -0.013 0.003 0.046 -0.06 -0.292 -0.317 -0.098 0.096 0.231 0.297 0.249 0.219 0.34 0.441 0.393 0.334 0.473 0.783 0.985 1.017 1 0.992 0.99 0.987 0.978 1.004 1.008 1.005 0.991 0.937 0.959 0.955 0.901 0.857 0.807 0.785 0.77 0.784 0.855 0.916 0.941 0.936 0.922 0.929 0.933 0.931 0.915 0.919 0.927 0.902 0.889 0.874 0.814 0.834 0.73 0.704 0.668 0.589 0.527 0.625 0.589 0.639 0.6 0.658 0.613 0.717 0.639 0.617 0.648
0.102 0.175 0.24 0.257 0.181 0.024 -0.02 -0.033 0.003 0.074 0.108 -0.095 -0.18 0.009 0.203 0.342 0.411 0.422 0.414 0.458 0.493 0.493 0.494 0.602 0.84 1.005 1.027 1.014 0.972 0.93 0.914 0.926 0.914 0.996 1.01 1.01 0.999 0.983 0.955 0.929 0.882 0.806 0.751 0.785 0.844 0.923 0.954 0.947 0.919 0.91 0.915 0.928 0.927 0.923 0.914 0.918 0.919 0.848 0.847 0.855 0.835 0.814 0.717 0.695 0.599 0.554 0.533 0.608 0.567 0.6 0.551 0.599 0.584 0.697 0.652 0.651 0.617
0.121 0.206 0.12 0.041 0.002 0.03 0.083 0.148 0.213 0.267 0.125 -0.062 0.068 0.26 0.367 0.465 0.491 0.494 0.49 0.469 0.483 0.58 0.739 0.872 1.015 1.028 1.018 0.997 0.945 0.908 0.921 0.969 0.999 1.012 1.007 0.982 0.949 0.929 0.896 0.875 0.873 0.836 0.837 0.917 0.944 0.95 0.937 0.905 0.876 0.904 0.918 0.926 0.919 0.917 0.914 0.913 0.892 0.804 0.801 0.834 0.806 0.757 0.742 0.722 0.635 0.546 0.521 0.557 0.55 0.552 0.516 0.594 0.625 0.666 0.591 0.618 0.581
0.097 0.034 -0.117 -0.144 -0.093 0.088 0.18 0.25 0.332 0.343 0.037 -0.011 0.214 0.331 0.385 0.498 0.514 0.486 0.438 0.454 0.601 0.829 0.968 1.027 1.028 1.028 1.001 0.942 0.878 0.93 0.998 1.012 1.013 1.013 0.989 0.938 0.91 0.901 0.888 0.902 0.921 0.92 0.938 0.925 0.904 0.909 0.898 0.853 0.855 0.894 0.919 0.922 0.911 0.913 0.907 0.905 0.872 0.817 0.791 0.814 0.776 0.702 0.68 0.643 0.606 0.587 0.489 0.549 0.582 0.576 0.582 0.613 0.608 0.629 0.559 0.573 0.531
-0.012 -0.152 -0.2 -0.157 -0.015 0.149 0.241 0.289 0.391 0.326 -0.033 0.026 0.26 0.272 0.41 0.516 0.521 0.471 0.472 0.682 0.903 1.008 1.036 1.036 1.034 1.027 0.948 0.885 0.899 0.975 1.01 1.012 1.011 1.011 0.968 0.913 0.894 0.871 0.876 0.928 0.931 0.932 0.904 0.868 0.856 0.863 0.864 0.82 0.843 0.886 0.907 0.922 0.903 0.903 0.899 0.888 0.848 0.839 0.813 0.79 0.724 0.676 0.629 0.549 0.516 0.546 0.492 0.583 0.586 0.571 0.564 0.566 0.553 0.587 0.526 0.53 0.453
-0.114 -0.086 -0.067 0.023 0.202 0.375 0.499 0.513 0.505 0.21 -0.049 0.15 0.332 0.386 0.545 0.632 0.625 0.648 0.789 0.968 1.037 1.03 1.043 1.045 1.04 0.987 0.93 0.938 0.98 1.005 1.013 1.012 1.009 1.01 0.973 0.92 0.894 0.844 0.868 0.895 0.895 0.909 0.886 0.841 0.833 0.834 0.829 0.793 0.838 0.866 0.882 0.911 0.901 0.89 0.898 0.885 0.857 0.834 0.793 0.737 0.672 0.654 0.606 0.487 0.487 0.511 0.506 0.576 0.538 0.521 0.489 0.482 0.51 0.544 0.491 0.485 0.404
-0.117 0.019 0.186 0.394 0.521 0.595 0.62 0.581 0.482 0.103 0.088 0.348 0.461 0.62 0.76 0.866 0.906 0.956 1.012 1.043 1.043 1.042 1.047 1.048 1.023 0.983 0.994 1.002 1.007 1.015 1.013 1.013 1.008 0.992 0.957 0.945 0.933 0.893 0.901 0.898 0.901 0.901 0.875 0.841 0.824 0.802 0.808 0.825 0.856 0.852 0.879 0.906 0.894 0.871 0.884 0.87 0.864 0.853 0.808 0.696 0.712 0.656 0.565 0.515 0.522 0.5 0.51 0.565 0.51 0.476 0.407 0.388 0.455 0.465 0.433 0.392 0.348
0.025 0.297 0.469 0.55 0.602 0.633 0.628 0.572 0.387 0.108 0.265 0.515 0.691 0.923 0.999 1.021 1.032 1.045 1.047 1.048 1.047 1.048 1.048 1.019 1.009 1.02 1.015 1.016 1.024 1.018 1.014 1.011 1.006 0.954 0.94 0.952 0.943 0.913 0.897 0.896 0.891 0.868 0.85 0.817 0.798 0.801 0.811 0.837 0.867 0.875 0.897 0.907 0.886 0.872 0.864 0.846 0.843 0.843 0.827 0.736 0.732 0.638 0.547 0.604 0.549 0.509 0.487 0.552 0.51 0.445 0.417 0.368 0.328 0.342 0.308 0.244 0.259
0.202 0.43 0.546 0.595 0.618 0.619 0.578 0.47 0.16 0.215 0.616 0.746 0.951 1.039 1.042 1.043 1.036 1.021 1.048 1.048 1.048 1.035 0.996 0.979 1.026 1.011 1.027 1.027 1.028 1.021 1.018 1.013 0.993 0.919 0.925 0.9 0.898 0.896 0.907 0.909 0.882 0.862 0.812 0.801 0.791 0.836 0.844 0.847 0.871 0.896 0.901 0.899 0.876 0.864 0.811 0.782 0.769 0.806 0.845 0.764 0.668 0.53 0.532 0.636 0.603 0.558 0.534 0.566 0.466 0.512 0.514 0.485 0.453 0.369 0.331 0.28 0.141
0.337 0.53 0.584 0.632 0.648 0.589 0.404 0.189 0.113 0.553 0.787 0.9 1.038 1.043 1.049 1.009 0.884 0.959 1.048 1.019 0.951 0.945 0.921 1.018 1.022 0.999 1.023 1.028 1.028 1.024 1 0.996 0.915 0.906 0.875 0.868 0.823 0.804 0.831 0.889 0.876 0.887 0.884 0.872 0.846 0.852 0.83 0.837 0.876 0.902 0.889 0.88 0.859 0.77 0.794 0.753 0.778 0.781 0.842 0.739 0.623 0.514 0.609 0.673 0.579 0.523 0.601 0.577 0.577 0.555 0.462 0.449 0.308 0.306 0.221 0.246 0.233
0.5 0.573 0.613 0.655 0.622 0.391 0.114 0.162 0.474 0.809 0.88 1.016 1.033 1.042 1 0.874 0.954 1.023 1.023 0.954 0.87 0.89 0.995 1.028 1.028 1.034 1.034 1.032 1.027 0.992 0.961 0.973 0.916 0.881 0.819 0.737 0.679 0.707 0.731 0.791 0.754 0.722 0.777 0.852 0.888 0.888 0.86 0.845 0.879 0.902 0.872 0.821 0.828 0.796 0.754 0.649 0.753 0.675 0.805 0.798 0.647 0.663 0.699 0.601 0.571 0.554 0.645 0.629 0.588 0.467 0.362 0.371 0.345 0.179 0.149 0.121 0.147
0.539 0.591 0.629 0.664 0.502 0.241 0.297 0.558 0.81 0.941 1.005 1.008 1.029 1.044 0.968 0.951 1.006 1.021 0.964 0.89 0.897 0.989 1.038 1.008 1.03 1.043 1.039 1.03 0.989 0.97 0.996 0.916 0.854 0.819 0.752 0.616 0.577 0.632 0.693 0.725 0.703 0.702 0.751 0.812 0.847 0.856 0.871 0.886 0.887 0.878 0.846 0.776 0.757 0.76 0.703 0.644 0.724 0.611 0.697 0.822 0.789 0.747 0.662 0.574 0.577 0.645 0.669 0.56 0.499 0.506 0.448 0.345 0.304 0.289 0.16 0.076 0.017
0.555 0.582 0.599 0.653 0.538 0.527 0.685 0.864 1 1.046 1.039 1.031 1.049 1.053 1.054 1.05 1.044 1.02 0.962 0.944 0.964 1.03 1.037 1.028 1.047 1.044 1.041 0.993 0.953 0.996 0.897 0.82 0.722 0.681 0.617 0.524 0.586 0.595 0.706 0.718 0.695 0.694 0.763 0.806 0.829 0.841 0.845 0.856 0.856 0.805 0.757 0.738 0.703 0.771 0.663 0.62 0.665 0.522 0.625 0.761 0.794 0.796 0.725 0.687 0.707 0.704 0.643 0.559 0.58 0.495 0.439 0.287 0.202 0.226 0.213 0.184 0.033
0.565 0.587 0.621 0.723 0.767 0.842 0.932 1.029 1.067 1.067 1.064 1.059 1.065 1.057 1.056 1.06 1.06 1.052 1.024 1.013 1.024 1.045 1.05 1.05 1.052 1.049 1.022 0.944 0.96 0.983 0.843 0.771 0.643 0.583 0.556 0.575 0.656 0.725 0.757 0.759 0.738 0.75 0.811 0.815 0.839 0.842 0.819 0.798 0.718 0.659 0.644 0.696 0.72 0.738 0.639 0.588 0.558 0.555 0.65 0.645 0.757 0.755 0.765 0.765 0.754 0.697 0.664 0.596 0.489 0.426 0.393 0.274 0.154 0.125 0.101 0.143 0.015
0.684 0.732 0.801 0.884 0.959 1.027 1.058 1.071 1.073 1.073 1.073 1.07 1.07 1.067 1.056 1.062 1.065 1.058 1.06 1.054 1.046 1.051 1.055 1.055 1.057 1.051 0.998 0.948 0.942 0.964 0.888 0.798 0.733 0.714 0.679 0.693 0.763 0.762 0.756 0.773 0.797 0.82 0.829 0.835 0.883 0.862 0.815 0.742 0.61 0.576 0.628 0.663 0.665 0.597 0.518 0.511 0.493 0.543 0.561 0.588 0.711 0.656 0.683 0.702 0.741 0.738 0.704 0.586 0.448 0.399 0.392 0.273 0.131 0.195 0.157 0.086 -0.07
0.882 0.933 0.987 1.028 1.066 1.073 1.073 1.073 1.073 1.073 1.073 1.073 1.075 1.068 1.062 1.065 1.068 1.057 1.063 1.062 1.056 1.06 1.059 1.058 1.058 1.044 0.989 0.952 0.922 0.959 0.929 0.85 0.834 0.796 0.768 0.77 0.8 0.768 0.769 0.793 0.817 0.824 0.836 0.843 0.919 0.894 0.859 0.762 0.71 0.579 0.53 0.5 0.632 0.533 0.462 0.413 0.47 0.464 0.547 0.63 0.642 0.552 0.623 0.648 0.648 0.676 0.747 0.678 0.535 0.484 0.416 0.326 0.19 0.277 0.184 0.031 -0.032
1.01 1.051 1.066 1.075 1.078 1.079 1.074 1.079 1.076 1.076 1.076 1.076 1.077 1.067 1.065 1.068 1.068 1.052 1.058 1.065 1.065 1.063 1.06 1.059 1.057 1.033 0.983 0.963 0.928 0.978 0.947 0.928 0.919 0.874 0.837 0.835 0.852 0.853 0.84 0.854 0.858 0.857 0.874 0.889 0.913 0.901 0.875 0.844 0.802 0.653 0.537 0.491 0.668 0.545 0.484 0.416 0.384 0.474 0.617 0.561 0.547 0.482 0.583 0.56 0.565 0.54 0.692 0.717 0.575 0.491 0.368 0.341 0.275 0.313 0.171 0.035 0.05
1.058 1.077 1.078 1.08 1.082 1.083 1.081 1.081 1.078 1.078 1.078 1.078 1.072 1.068 1.063 1.033 0.958 0.918 0.979 1.063 1.065 1.066 1.062 1.056 1.036 1.022 0.992 0.976 0.963 0.984 0.933 0.93 0.932 0.926 0.903 0.908 0.926 0.936 0.916 0.923 0.892 0.876 0.872 0.872 0.892 0.875 0.861 0.867 0.848 0.797 0.684 0.621 0.712 0.581 0.534 0.442 0.377 0.522 0.54 0.438 0.452 0.491 0.57 0.485 0.485 0.429 0.632 0.725 0.59 0.447 0.452 0.364 0.378 0.268 0.231 0.167 0.171
1.072 1.082 1.082 1.083 1.083 1.083 1.083 1.08 1.078 1.078 1.078 1.071 1.058 1.043 1.015 0.972 0.879 0.949 1.031 1.069 1.064 1.065 1.058 1.02 0.978 0.991 0.993 0.969 0.984 0.952 0.879 0.825 0.798 0.827 0.822 0.85 0.872 0.874 0.869 0.906 0.873 0.864 0.862 0.857 0.89 0.858 0.844 0.855 0.81 0.793 0.787 0.778 0.775 0.671 0.554 0.458 0.374 0.55 0.481 0.363 0.409 0.474 0.494 0.419 0.407 0.422 0.61 0.715 0.573 0.481 0.473 0.419 0.404 0.331 0.318 0.292 0.246
1.076 1.091 1.091 1.088 1.083 1.088 1.088 1.087 1.085 1.079 1.054 1.034 0.998 0.977 0.979 0.994 1.016 1.062 1.08 1.081 1.072 1.063 1.031 0.971 0.95 0.955 0.982 0.948 0.988 0.92 0.822 0.755 0.718 0.796 0.808 0.853 0.862 0.863 0.872 0.876 0.867 0.873 0.876 0.882 0.904 0.873 0.845 0.851 0.746 0.692 0.674 0.782 0.82 0.716 0.557 0.478 0.477 0.598 0.423 0.336 0.348 0.309 0.342 0.323 0.366 0.461 0.585 0.699 0.66 0.61 0.537 0.475 0.485 0.453 0.309 0.345 0.263
