data/climatemaps/RS_maps/climate_breeding_tmp_2010.asc
NCOLS 369 
NROWS 228 
XLLCORNER 479000 
YLLCORNER 73000 
CELLSIZE 1000 
NODATA_value -9 
[rows 0 to 33 of 228, columns 231 to 307 of 369]
-9 -9 -9 -9 -9 -9 -9 -9 -9 -9 -9 -9 -9 -9 -9 -9 -9 -9 -9 -9 -9 -9 -9 -9 -9 -9 -9 -9 -9 -9 -9 -9 -9 -9 -9 -9 -9 -9 -9 -9 -9 -9 -9 -9 -9 -9 -9 -9 -9 -9 -9 -9 -9 -9 -9 -9 -9 -9 -9 -9 -9 -9 -9 -9 -9 -9 -9 -9 -9 -9 -9 -9 -9 -9 -9 -9 -9
-9 -9 -9 -9 -9 -9 -9 -9 -9 -9 -9 -9 -9 -9 -9 -9 -9 -9 -9 -9 -9 -9 -9 -9 -9 -9 -9 -9 -9 -9 -9 -9 -9 -9 -9 -9 -9 -9 -9 -9 -9 -9 -9 -9 -9 -9 -9 -9 -9 -9 -9 -9 -9 -9 -9 -9 -9 -9 -9 -9 -9 -9 -9 -9 -9 -9 -9 -9 -9 -9 -9 -9 -9 -9 -9 -9 -9
-9 -9 -9 -9 -9 -9 -9 -9 -9 -9 -9 -9 -9 -9 -9 -9 -9 -9 -9 -9 -9 -9 -9 -9 -9 -9 -9 -9 -9 -9 -9 -9 -9 -9 -9 -9 -9 -9 -9 -9 -9 -9 -9 -9 -9 -9 -9 -9 -9 -9 -9 -9 -9 -9 -9 -9 -9 -9 -9 -9 -9 -9 -9 -9 -9 -9 -9 -9 -9 -9 -9 -9 -9 -9 -9 -9 -9
0.826 -9 -9 -9 -9 -9 -9 -9 -9 -9 -9 -9 -9 -9 -9 -9 -9 -9 -9 -9 -9 -9 -9 -9 -9 -9 -9 -9 -9 -9 -9 -9 -9 -9 -9 -9 -9 -9 -9 -9 -9 -9 -9 -9 -9 -9 -9 -9 -9 -9 -9 -9 -9 -9 -9 -9 -9 -9 -9 -9 -9 -9 -9 -9 -9 -9 -9 -9 -9 -9 -9 -9 -9 -9 -9 -9 -9
0.862 0.757 -9 -9 -9 -9 -9 -9 -9 -9 -9 -9 -9 -9 -9 -9 -9 -9 -9 -9 -9 -9 -9 -9 -9 -9 -9 -9 -9 -9 -9 -9 -9 -9 -9 -9 -9 -9 -9 -9 -9 -9 -9 -9 -9 -9 -9 -9 -9 -9 -9 -9 -9 -9 -9 -9 -9 -9 -9 -9 -9 -9 -9 -9 -9 -9 -9 -9 -9 -9 -9 -9 -9 -9 -9 -9 -9
0.865 0.854 0.767 -9 -9 -9 -9 -9 -9 -9 -9 -9 -9 -9 -9 -9 -9 -9 -9 -9 -9 -9 -9 -9 -9 -9 -9 -9 -9 -9 -9 -9 -9 -9 -9 -9 -9 -9 -9 -9 -9 -9 -9 -9 -9 -9 -9 -9 -9 -9 -9 -9 -9 -9 -9 -9 -9 -9 -9 -9 -9 -9 -9 -9 -9 -9 -9 -9 -9 -9 -9 -9 -9 -9 -9 -9 -9
0.847 0.883 0.787 0.72 -9 0.859 0.688 0.713 0.716 0.707 0.841 0.968 0.973 0.969 0.949 0.9 -9 -9 -9 -9 -9 -9 -9 -9 -9 -9 -9 -9 -9 -9 -9 -9 -9 -9 -9 -9 -9 -9 -9 -9 -9 -9 -9 -9 -9 -9 -9 -9 -9 -9 -9 -9 -9 -9 -9 -9 -9 -9 -9 -9 -9 -9 -9 -9 -9 -9 -9 -9 -9 -9 -9 -9 -9 -9 -9 -9 -9
0.883 0.902 0.84 0.801 0.836 0.839 0.707 0.685 0.711 0.638 0.685 0.864 0.963 0.973 0.972 0.966 0.901 0.846 0.833 0.827 -9 -9 -9 -9 -9 -9 -9 -9 -9 -9 -9 -9 -9 -9 -9 -9 -9 -9 -9 -9 -9 -9 -9 -9 -9 -9 -9 -9 -9 -9 -9 -9 -9 -9 -9 -9 -9 -9 -9 -9 -9 -9 -9 -9 -9 -9 -9 -9 -9 -9 -9 -9 -9 -9 -9 -9 -9
0.91 0.92 0.9 0.886 0.879 0.882 0.843 0.781 0.777 0.732 0.686 0.723 0.829 0.948 0.973 0.969 0.962 0.929 0.913 0.907 0.858 0.845 0.876 0.868 0.845 0.841 0.831 0.867 0.913 -9 -9 -9 -9 -9 -9 -9 -9 -9 -9 -9 -9 -9 -9 -9 -9 -9 -9 -9 -9 -9 -9 -9 -9 -9 -9 -9 -9 -9 -9 -9 -9 -9 -9 -9 -9 -9 -9 -9 -9 -9 -9 -9 -9 -9 -9 -9 -9
0.915 0.93 0.927 0.913 0.912 0.891 0.912 0.899 0.845 0.81 0.766 0.753 0.778 0.818 0.88 0.955 0.973 0.971 0.971 0.955 0.904 0.878 0.889 0.911 0.894 0.889 0.864 0.884 0.913 0.916 0.899 0.815 0.75 -9 -9 -9 -9 -9 -9 -9 -9 -9 -9 -9 -9 -9 -9 -9 -9 -9 -9 -9 -9 -9 -9 -9 -9 -9 -9 -9 -9 -9 -9 -9 -9 -9 -9 -9 -9 -9 -9 -9 -9 -9 -9 -9 -9
0.928 0.944 0.944 0.945 0.946 0.918 0.916 0.938 0.921 0.919 0.901 0.854 0.808 0.781 0.792 0.847 0.949 0.973 0.973 0.973 0.972 0.954 0.908 0.895 0.891 0.902 0.879 0.884 0.912 0.923 0.924 0.902 0.829 0.781 0.776 -9 -9 -9 -9 -9 -9 -9 -9 -9 -9 -9 -9 -9 -9 -9 -9 -9 -9 -9 -9 -9 -9 -9 -9 -9 -9 -9 -9 -9 -9 -9 -9 -9 -9 -9 -9 -9 -9 -9 -9 -9 -9
0.948 0.955 0.963 0.958 0.959 0.958 0.953 0.946 0.898 0.899 0.914 0.873 0.824 0.782 0.76 0.802 0.88 0.964 0.969 0.972 0.974 0.975 0.972 0.944 0.928 0.93 0.924 0.917 0.914 0.922 0.921 0.925 0.876 0.824 0.799 0.736 0.618 -9 -9 -9 -9 -9 -9 -9 -9 -9 -9 -9 -9 -9 -9 -9 -9 -9 -9 -9 -9 -9 -9 -9 -9 -9 -9 -9 -9 -9 -9 -9 -9 -9 -9 -9 -9 -9 -9 -9 -9
0.961 0.962 0.968 0.967 0.972 0.964 0.972 0.965 0.912 0.887 0.89 0.909 0.89 0.886 0.868 0.871 0.881 0.904 0.927 0.953 0.977 0.981 0.978 0.975 0.967 0.944 0.926 0.937 0.934 0.931 0.918 0.926 0.924 0.882 0.849 0.809 0.732 0.654 0.632 -9 -9 -9 -9 -9 -9 -9 -9 -9 -9 -9 -9 -9 -9 -9 -9 -9 -9 -9 -9 -9 -9 -9 -9 -9 -9 -9 -9 -9 -9 -9 -9 -9 -9 -9 -9 -9 -9
0.959 0.963 0.97 0.973 0.973 0.973 0.973 0.975 0.974 0.949 0.927 0.926 0.93 0.912 0.871 0.883 0.866 0.85 0.888 0.912 0.974 0.98 0.982 0.98 0.965 0.91 0.857 0.865 0.926 0.941 0.94 0.94 0.942 0.923 0.91 0.895 0.865 0.814 0.801 0.855 0.894 -9 -9 -9 -9 -9 -9 -9 -9 -9 -9 -9 -9 -9 -9 -9 -9 -9 -9 -9 -9 -9 -9 -9 -9 -9 -9 -9 -9 -9 -9 -9 -9 -9 -9 -9 -9
0.954 0.953 0.961 0.972 0.973 0.973 0.978 0.978 0.982 0.983 0.975 0.959 0.95 0.92 0.901 0.866 0.851 0.851 0.853 0.875 0.966 0.983 0.983 0.983 0.966 0.894 0.828 0.791 0.833 0.898 0.929 0.93 0.945 0.918 0.919 0.937 0.927 0.912 0.898 0.908 0.908 0.912 0.9 -9 -9 -9 -9 -9 -9 -9 -9 -9 -9 -9 -9 -9 -9 -9 -9 -9 -9 -9 -9 -9 -9 -9 -9 -9 -9 -9 -9 -9 -9 -9 -9 -9 -9
0.934 0.942 0.94 0.947 0.94 0.966 0.976 0.98 0.983 0.983 0.982 0.983 0.978 0.962 0.939 0.903 0.882 0.88 0.879 0.87 0.951 0.98 0.982 0.986 0.985 0.95 0.878 0.831 0.807 0.842 0.888 0.905 0.934 0.927 0.915 0.931 0.94 0.939 0.898 0.902 0.889 0.903 0.904 0.89 0.867 -9 -9 -9 -9 -9 -9 -9 -9 -9 -9 -9 -9 -9 -9 -9 -9 -9 -9 -9 -9 -9 -9 -9 -9 -9 -9 -9 -9 -9 -9 -9 -9
0.738 0.789 0.845 0.906 0.864 0.907 0.954 0.981 0.983 0.983 0.98 0.977 0.978 0.986 0.982 0.949 0.926 0.923 0.918 0.889 0.915 0.969 0.988 0.991 0.991 0.984 0.953 0.897 0.865 0.862 0.877 0.886 0.912 0.924 0.928 0.941 0.939 0.946 0.918 0.905 0.9 0.905 0.914 0.913 0.896 0.921 0.936 -9 -9 -9 -9 -9 -9 -9 -9 -9 -9 -9 -9 -9 -9 -9 -9 -9 -9 -9 -9 -9 -9 -9 -9 -9 -9 -9 -9 -9 -9
0.565 0.607 0.689 0.788 0.854 0.895 0.928 0.977 0.983 0.983 0.983 0.972 0.967 0.985 0.985 0.979 0.965 0.961 0.947 0.921 0.907 0.939 0.96 0.993 0.993 0.992 0.988 0.973 0.935 0.903 0.885 0.879 0.873 0.906 0.928 0.941 0.954 0.945 0.946 0.906 0.911 0.919 0.917 0.942 0.938 0.943 0.945 0.96 -9 -9 -9 -9 -9 -9 -9 -9 -9 -9 -9 -9 -9 -9 -9 -9 -9 -9 -9 -9 -9 -9 -9 -9 -9 -9 -9 -9 -9
0.586 0.575 0.646 0.745 0.842 0.919 0.961 0.983 0.983 0.983 0.983 0.983 0.979 0.985 0.987 0.989 0.983 0.98 0.97 0.955 0.934 0.935 0.945 0.991 0.993 0.993 0.993 0.993 0.989 0.978 0.948 0.916 0.909 0.922 0.93 0.946 0.97 0.97 0.954 0.924 0.929 0.933 0.945 0.962 0.964 0.96 0.952 0.965 0.963 0.96 -9 -9 -9 -9 -9 -9 -9 -9 -9 -9 -9 -9 -9 -9 -9 -9 -9 -9 -9 -9 -9 -9 -9 -9 -9 -9 -9
0.679 0.693 0.772 0.838 0.915 0.963 0.972 0.944 0.934 0.931 0.933 0.938 0.965 0.981 0.992 0.993 0.988 0.983 0.982 0.974 0.966 0.957 0.94 0.985 0.993 0.993 0.993 0.993 0.993 0.993 0.989 0.981 0.952 0.952 0.955 0.962 0.982 0.986 0.974 0.939 0.94 0.946 0.955 0.969 0.975 0.965 0.954 0.968 0.965 0.961 0.945 -9 -9 -9 -9 -9 -9 -9 -9 -9 -9 -9 -9 -9 -9 -9 -9 -9 -9 -9 -9 -9 -9 -9 -9 -9 -9
0.786 0.832 0.893 0.941 0.971 0.97 0.922 0.832 0.787 0.774 0.78 0.829 0.878 0.912 0.943 0.968 0.979 0.983 0.986 0.977 0.98 0.99 0.984 0.993 0.993 0.993 0.993 0.993 0.993 0.993 0.994 0.994 0.99 0.983 0.989 0.99 0.993 0.993 0.993 0.978 0.965 0.959 0.97 0.977 0.981 0.964 0.957 0.965 0.964 0.956 0.934 0.877 -9 -9 -9 -9 -9 -9 -9 -9 -9 -9 -9 -9 -9 -9 -9 -9 -9 -9 -9 -9 -9 -9 -9 -9 -9
0.899 0.942 0.959 0.948 0.922 0.882 0.801 0.68 0.618 0.605 0.622 0.703 0.782 0.818 0.844 0.87 0.923 0.961 0.973 0.974 0.981 0.993 0.993 0.993 0.993 0.993 0.993 0.993 0.994 0.994 0.997 0.998 0.998 0.998 0.995 0.995 0.993 0.993 0.993 0.993 0.993 0.986 0.983 0.988 0.989 0.974 0.958 0.973 0.966 0.953 0.919 0.866 0.828 -9 -9 -9 -9 -9 -9 -9 -9 -9 -9 -9 -9 -9 -9 -9 -9 -9 -9 -9 -9 -9 -9 -9 -9
0.961 0.938 0.844 0.8 0.781 0.774 0.713 0.601 0.566 0.552 0.603 0.638 0.691 0.738 0.77 0.781 0.824 0.88 0.911 0.935 0.951 0.976 0.986 0.992 0.993 0.994 0.994 0.994 0.998 0.998 0.998 0.998 0.998 0.998 0.998 0.998 0.995 0.996 0.996 0.996 0.996 0.995 0.993 1 1 0.989 0.969 0.978 0.961 0.938 0.927 0.892 0.861 0.869 0.907 -9 -9 -9 -9 -9 -9 -9 -9 -9 -9 -9 -9 -9 -9 -9 -9 -9 -9 -9 -9 -9 -9
0.848 0.825 0.698 0.701 0.731 0.74 0.713 0.66 0.642 0.648 0.686 0.7 0.706 0.694 0.727 0.744 0.77 0.796 0.828 0.844 0.878 0.911 0.941 0.966 0.985 0.993 0.997 0.998 0.998 0.998 0.998 0.998 0.998 0.998 0.998 0.998 1.001 1.001 1.001 1.001 1.001 1.001 1 1.003 1.003 0.999 0.988 0.983 0.954 0.934 0.933 0.948 0.944 0.935 0.899 0.891 -9 -9 -9 -9 -9 -9 -9 -9 -9 -9 -9 -9 -9 -9 -9 -9 -9 -9 -9 -9 -9
0.747 0.737 0.672 0.713 0.759 0.767 0.731 0.723 0.722 0.738 0.741 0.743 0.743 0.742 0.745 0.746 0.746 0.765 0.782 0.806 0.818 0.845 0.871 0.903 0.933 0.958 0.978 0.992 0.998 0.998 0.998 0.998 0.998 0.998 0.998 1 1.003 1.003 1.003 1.003 1.003 1.003 1.003 1.003 1.003 1.003 0.997 0.983 0.953 0.952 0.963 0.96 0.899 0.866 0.861 0.849 0.845 0.842 -9 -9 -9 -9 -9 -9 -9 -9 -9 -9 -9 -9 -9 -9 -9 -9 -9 -9 -9
0.662 0.735 0.739 0.764 0.799 0.789 0.795 0.8 0.805 0.804 0.806 0.806 0.794 0.787 0.788 0.783 0.777 0.802 0.798 0.791 0.791 0.804 0.821 0.838 0.874 0.903 0.936 0.965 0.986 0.998 1.001 0.998 0.998 0.998 0.998 1.003 1.003 1.003 1.003 1.003 1.003 1.003 1.003 1.005 1.008 1.008 1.006 0.993 0.973 0.974 0.974 0.963 0.907 0.879 0.872 0.857 0.857 0.863 0.862 -9 -9 -9 -9 -9 -9 -9 -9 -9 -9 -9 -9 -9 -9 -9 -9 -9 -9
0.669 0.793 0.791 0.82 0.833 0.84 0.855 0.861 0.895 0.892 0.89 0.869 0.844 0.832 0.832 0.833 0.83 0.833 0.819 0.794 0.775 0.77 0.777 0.798 0.83 0.86 0.893 0.929 0.96 0.986 0.996 1.001 1.002 0.998 0.998 1.007 1.007 1.003 1.003 1.003 1.008 1.008 1.008 1.008 1.008 1.008 1.008 0.996 0.992 0.993 0.984 0.98 0.955 0.903 0.892 0.879 0.873 0.876 0.88 -9 -9 -9 -9 -9 -9 -9 -9 -9 -9 -9 -9 -9 -9 -9 -9 -9 -9
0.83 0.828 0.851 0.898 0.907 0.92 0.934 0.945 0.95 0.932 0.93 0.914 0.897 0.873 0.86 0.853 0.833 0.826 0.808 0.779 0.753 0.748 0.759 0.777 0.787 0.824 0.855 0.88 0.92 0.954 0.976 1 1.003 1.009 1.01 1.012 1.012 1.012 1.012 1.012 1.013 1.008 1.008 1.008 1.009 1.011 1.013 1.011 0.996 0.995 0.991 0.996 0.978 0.935 0.912 0.909 0.898 0.889 0.892 0.877 -9 -9 -9 -9 -9 -9 -9 -9 -9 -9 -9 -9 -9 -9 -9 -9 -9
0.909 0.908 0.938 0.956 0.965 0.973 0.968 0.968 0.968 0.954 0.954 0.953 0.936 0.873 0.79 0.764 0.744 0.728 0.746 0.766 0.755 0.756 0.763 0.772 0.775 0.814 0.837 0.843 0.875 0.898 0.927 0.961 0.985 1.007 1.013 1.013 1.013 1.013 1.013 1.013 1.013 1.013 1.013 1.013 1.013 1.013 1.013 1.013 1.008 1.004 1 1.005 0.999 0.956 0.945 0.939 0.918 0.911 0.903 0.894 0.873 -9 -9 -9 -9 -9 -9 -9 -9 -9 -9 -9 -9 -9 -9 -9 -9
0.935 0.954 0.96 0.973 0.973 0.967 0.957 0.951 0.948 0.96 0.968 0.961 0.951 0.899 0.777 0.693 0.66 0.654 0.696 0.759 0.777 0.777 0.791 0.797 0.808 0.831 0.844 0.854 0.864 0.871 0.894 0.923 0.948 0.971 0.997 1.013 1.013 1.013 1.013 1.013 1.013 1.013 1.013 1.013 1.013 1.013 1.013 1.013 1.008 1.007 1.006 1.008 1.007 0.986 0.98 0.975 0.952 0.941 0.933 0.932 0.911 -9 -9 -9 -9 -9 -9 -9 -9 -9 -9 -9 -9 -9 -9 -9 -9
0.978 0.977 0.968 0.957 0.929 0.895 0.868 0.857 0.865 0.879 0.922 0.94 0.948 0.946 0.913 0.821 0.766 0.76 0.78 0.817 0.834 0.839 0.846 0.849 0.853 0.86 0.868 0.868 0.894 0.899 0.907 0.923 0.916 0.942 0.97 0.997 1.013 1.013 1.013 1.013 1.013 1.013 1.013 1.013 1.013 1.013 1.013 1.014 1.01 1.012 1.01 1.008 1.008 1.003 1.003 0.997 0.985 0.973 0.972 0.966 0.958 -9 -9 -9 -9 -9 -9 -9 -9 -9 -9 -9 -9 -9 -9 -9 -9
0.966 0.941 0.907 0.862 0.766 0.706 0.691 0.717 0.762 0.773 0.829 0.898 0.924 0.948 0.948 0.934 0.909 0.905 0.909 0.905 0.904 0.894 0.887 0.889 0.88 0.895 0.912 0.918 0.922 0.93 0.941 0.943 0.927 0.947 0.972 0.994 1.012 1.013 1.014 1.014 1.014 1.013 1.013 1.013 1.013 1.014 1.016 1.017 1.013 1.013 1.013 1.011 1.01 1.006 1.008 1.007 1.003 1.001 0.999 0.989 0.99 0.981 0.959 -9 -9 -9 -9 -9 -9 -9 -9 -9 -9 -9 -9 -9 -9
0.923 0.849 0.787 0.728 0.662 0.627 0.615 0.643 0.717 0.751 0.799 0.845 0.874 0.919 0.934 0.943 0.943 0.942 0.943 0.936 0.931 0.916 0.9 0.909 0.92 0.934 0.942 0.938 0.943 0.95 0.956 0.963 0.964 0.971 0.99 1.004 1.013 1.015 1.018 1.018 1.018 1.015 1.015 1.017 1.018 1.019 1.021 1.019 1.016 1.015 1.013 1.016 1.014 1.009 1.008 1.008 1.008 1.008 1.004 1.002 1.007 1.004 0.991 0.979 -9 -9 -9 -9 -9 -9 -9 -9 -9 -9 -9 -9 -9
0.881 0.812 0.739 0.703 0.706 0.693 0.677 0.664 0.717 0.758 0.801 0.815 0.839 0.868 0.898 0.9 0.911 0.921 0.928 0.928 0.923 0.893 0.899 0.918 0.9 0.889 0.899 0.909 0.919 0.927 0.941 0.947 0.963 0.977 0.985 0.997 1.008 1.016 1.018 1.019 1.02 1.02 1.021 1.023 1.023 1.023 1.023 1.021 1.018 1.017 1.02 1.022 1.02 1.013 1.008 1.008 1.008 1.013 1.009 1.008 1.008 1.008 1.001 0.986 0.905 0.62 -9 -9 -9 -9 -9 -9 -9 -9 -9 -9 -9
