data/climatemaps/RS_maps/climate_breeding_pr_2011.asc
NCOLS 369 
NROWS 228 
XLLCORNER 479000 
YLLCORNER 73000 
CELLSIZE 1000 
NODATA_value -9 
[rows 0 to 33 of 228, columns 152 to 227 of 369]
-9 -9 -9 -9 -9 -9 -9 -9 -9 -9 -9 -9 -9 -9 -9 -9 -9 -9 -9 -9 -9 -9 -9 -9 -9 -9 -9 -9 -9 -9 -9 -9 -9 -9 -9 -9 -9 -9 -1.419 -1.423 -1.431 -1.438 -1.442 -1.448 -1.443 -1.43 -1.414 -1.386 -1.361 -1.305 -1.259 -1.228 -1.206 -1.188 -1.177 -1.172 -1.175 -1.182 -1.198 -1.216 -1.233 -1.248 -1.258 -1.259 -1.257 -1.259 -1.277 -1.312 -1.359 -1.394 -1.414 -1.41 -1.39 -1.361 -9 -9
-9 -9 -9 -9 -9 -9 -9 -9 -9 -9 -9 -9 -9 -9 -9 -9 -9 -9 -9 -9 -9 -9 -9 -9 -9 -9 -9 -9 -9 -9 -9 -9 -9 -9 -9 -9 -9 -1.419 -1.413 -1.412 -1.416 -1.41 -1.405 -1.408 -1.412 -1.412 -1.41 -1.403 -1.38 -1.324 -1.28 -1.245 -1.216 -1.193 -1.178 -1.171 -1.177 -1.186 -1.203 -1.224 -1.244 -1.264 -1.278 -1.284 -1.283 -1.284 -1.297 -1.326 -1.37 -1.404 -1.428 -1.435 -1.424 -1.405 -1.384 -1.362
-9 -9 -9 -9 -9 -9 -9 -9 -9 -9 -9 -9 -9 -9 -9 -9 -9 -9 -9 -9 -9 -9 -9 -9 -9 -9 -9 -9 -9 -9 -9 -9 -9 -9 -9 -9 -9 -1.391 -1.386 -1.378 -1.372 -1.365 -1.363 -1.362 -1.364 -1.369 -1.38 -1.388 -1.384 -1.34 -1.292 -1.258 -1.223 -1.193 -1.175 -1.167 -1.176 -1.189 -1.21 -1.236 -1.263 -1.287 -1.307 -1.316 -1.317 -1.315 -1.321 -1.345 -1.379 -1.409 -1.433 -1.445 -1.444 -1.435 -1.421 -1.405
-9 -9 -9 -9 -9 -9 -9 -9 -9 -9 -9 -9 -9 -9 -9 -9 -9 -9 -9 -9 -9 -9 -9 -9 -9 -9 -9 -9 -9 -9 -9 -9 -9 -9 -9 -9 -1.358 -1.351 -1.34 -1.329 -1.322 -1.318 -1.317 -1.318 -1.325 -1.338 -1.349 -1.358 -1.368 -1.345 -1.303 -1.272 -1.23 -1.191 -1.169 -1.162 -1.172 -1.19 -1.22 -1.252 -1.284 -1.315 -1.341 -1.352 -1.354 -1.353 -1.353 -1.364 -1.381 -1.402 -1.424 -1.439 -1.448 -1.449 -1.444 -1.435
-9 -9 -9 -9 -9 -9 -9 -9 -9 -9 -9 -9 -9 -9 -9 -9 -9 -9 -9 -9 -9 -9 -9 -9 -9 -9 -9 -9 -9 -9 -9 -9 -9 -9 -9 -1.317 -1.328 -1.319 -1.305 -1.292 -1.283 -1.281 -1.282 -1.289 -1.302 -1.322 -1.332 -1.344 -1.352 -1.347 -1.318 -1.283 -1.23 -1.187 -1.161 -1.155 -1.167 -1.192 -1.228 -1.266 -1.305 -1.343 -1.375 -1.389 -1.393 -1.39 -1.38 -1.37 -1.37 -1.376 -1.395 -1.415 -1.434 -1.447 -1.453 -1.451
-9 -9 -9 -9 -9 -9 -9 -9 -9 -9 -9 -9 -9 -9 -9 -9 -9 -9 -9 -9 -9 -9 -9 -9 -9 -9 -9 -9 -9 -9 -9 -9 -9 -9 -9 -1.288 -1.304 -1.299 -1.285 -1.274 -1.265 -1.264 -1.266 -1.277 -1.291 -1.313 -1.332 -1.344 -1.351 -1.343 -1.322 -1.275 -1.216 -1.177 -1.153 -1.147 -1.162 -1.191 -1.231 -1.273 -1.319 -1.363 -1.403 -1.426 -1.433 -1.422 -1.391 -1.361 -1.349 -1.345 -1.354 -1.372 -1.402 -1.43 -1.447 -1.454
-9 -9 -9 -9 -9 -9 -9 -9 -9 -9 -9 -9 -9 -9 -9 -9 -9 -9 -9 -9 -9 -9 -9 -9 -9 -9 -9 -9 -9 -9 -9 -9 -9 -9 -1.226 -1.264 -1.283 -1.287 -1.276 -1.271 -1.264 -1.261 -1.265 -1.28 -1.294 -1.315 -1.332 -1.353 -1.352 -1.338 -1.311 -1.261 -1.2 -1.164 -1.144 -1.14 -1.158 -1.187 -1.228 -1.271 -1.321 -1.373 -1.421 -1.453 -1.461 -1.44 -1.396 -1.355 -1.327 -1.318 -1.319 -1.335 -1.366 -1.406 -1.434 -1.448
-9 -9 -9 -9 -9 -9 -9 -9 -9 -9 -9 -9 -9 -9 -9 -9 -9 -9 -9 -9 -9 -9 -9 -9 -9 -9 -9 -9 -9 -9 -9 -9 -9 -1.153 -1.202 -1.244 -1.264 -1.274 -1.27 -1.269 -1.272 -1.263 -1.271 -1.29 -1.308 -1.331 -1.341 -1.356 -1.356 -1.332 -1.293 -1.245 -1.184 -1.143 -1.127 -1.128 -1.15 -1.183 -1.223 -1.266 -1.312 -1.367 -1.419 -1.457 -1.471 -1.448 -1.402 -1.353 -1.316 -1.299 -1.297 -1.31 -1.343 -1.386 -1.418 -1.438
-9 -9 -9 -9 -9 -9 -9 -9 -9 -9 -9 -9 -9 -9 -9 -9 -9 -9 -9 -9 -9 -9 -9 -9 -9 -9 -9 -9 -9 -9 -9 -9 -1.097 -1.142 -1.186 -1.229 -1.252 -1.257 -1.256 -1.257 -1.266 -1.27 -1.284 -1.302 -1.324 -1.348 -1.358 -1.366 -1.351 -1.312 -1.28 -1.234 -1.178 -1.126 -1.11 -1.115 -1.141 -1.178 -1.211 -1.248 -1.29 -1.344 -1.398 -1.442 -1.465 -1.452 -1.409 -1.359 -1.32 -1.3 -1.294 -1.303 -1.334 -1.374 -1.406 -1.427
-9 -9 -9 -9 -9 -9 -9 -9 -9 -9 -9 -9 -9 -9 -9 -9 -9 -9 -9 -9 -9 -9 -9 -9 -9 -9 -9 -9 -9 -9 -9 -9 -1.091 -1.129 -1.171 -1.213 -1.242 -1.245 -1.244 -1.244 -1.24 -1.243 -1.259 -1.281 -1.305 -1.336 -1.367 -1.366 -1.34 -1.31 -1.271 -1.225 -1.163 -1.113 -1.101 -1.112 -1.14 -1.17 -1.2 -1.23 -1.261 -1.31 -1.368 -1.416 -1.448 -1.448 -1.416 -1.371 -1.337 -1.317 -1.307 -1.309 -1.333 -1.37 -1.4 -1.42
-9 -9 -9 -9 -9 -9 -9 -9 -9 -9 -9 -9 -9 -9 -9 -9 -9 -9 -9 -9 -9 -9 -9 -9 -9 -9 -9 -9 -9 -9 -9 -1.063 -1.086 -1.119 -1.154 -1.193 -1.23 -1.242 -1.236 -1.229 -1.226 -1.231 -1.248 -1.272 -1.299 -1.334 -1.362 -1.354 -1.338 -1.301 -1.251 -1.197 -1.137 -1.098 -1.091 -1.103 -1.139 -1.166 -1.195 -1.221 -1.246 -1.285 -1.341 -1.393 -1.428 -1.435 -1.418 -1.385 -1.353 -1.333 -1.325 -1.325 -1.344 -1.374 -1.398 -1.415
-9 -9 -9 -9 -9 -9 -9 -9 -9 -9 -9 -9 -9 -9 -9 -9 -9 -9 -9 -9 -9 -9 -9 -9 -9 -9 -9 -9 -9 -9 -1.053 -1.067 -1.091 -1.119 -1.147 -1.18 -1.216 -1.23 -1.227 -1.219 -1.217 -1.222 -1.236 -1.271 -1.302 -1.338 -1.351 -1.348 -1.322 -1.277 -1.218 -1.16 -1.115 -1.084 -1.08 -1.094 -1.128 -1.165 -1.194 -1.221 -1.246 -1.28 -1.33 -1.381 -1.414 -1.422 -1.413 -1.388 -1.358 -1.341 -1.34 -1.344 -1.359 -1.381 -1.398 -1.408
-9 -9 -9 -9 -9 -9 -9 -9 -9 -9 -9 -9 -9 -9 -9 -9 -9 -9 -9 -9 -9 -9 -9 -9 -9 -9 -9 -9 -9 -9 -1.072 -1.078 -1.094 -1.118 -1.145 -1.17 -1.202 -1.218 -1.213 -1.214 -1.217 -1.221 -1.236 -1.268 -1.313 -1.331 -1.341 -1.334 -1.301 -1.257 -1.197 -1.137 -1.097 -1.076 -1.072 -1.088 -1.119 -1.166 -1.199 -1.231 -1.258 -1.291 -1.333 -1.375 -1.405 -1.414 -1.407 -1.386 -1.362 -1.35 -1.352 -1.357 -1.367 -1.384 -1.395 -1.396
-9 -9 -9 -9 -9 -9 -9 -9 -9 -9 -9 -9 -9 -9 -9 -9 -9 -9 -9 -9 -9 -9 -9 -9 -9 -9 -9 -9 -9 -9 -1.094 -1.095 -1.104 -1.123 -1.149 -1.168 -1.194 -1.21 -1.208 -1.218 -1.223 -1.225 -1.243 -1.273 -1.31 -1.314 -1.322 -1.317 -1.289 -1.242 -1.183 -1.128 -1.096 -1.08 -1.079 -1.094 -1.124 -1.172 -1.213 -1.249 -1.282 -1.316 -1.346 -1.375 -1.398 -1.404 -1.399 -1.381 -1.363 -1.352 -1.353 -1.361 -1.372 -1.383 -1.385 -1.377
-9 -9 -9 -9 -9 -9 -9 -9 -9 -9 -9 -9 -9 -9 -9 -9 -9 -9 -9 -9 -9 -9 -9 -9 -1.015 -1.036 -1.079 -1.098 -1.112 -1.125 -1.12 -1.12 -1.124 -1.139 -1.161 -1.178 -1.2 -1.218 -1.213 -1.231 -1.228 -1.238 -1.264 -1.288 -1.31 -1.308 -1.307 -1.307 -1.286 -1.246 -1.195 -1.142 -1.11 -1.096 -1.092 -1.108 -1.139 -1.185 -1.234 -1.277 -1.315 -1.342 -1.363 -1.385 -1.402 -1.399 -1.388 -1.371 -1.354 -1.344 -1.346 -1.357 -1.371 -1.376 -1.369 -1.351
-9 -9 -9 -9 -9 -9 -9 -9 -9 -9 -9 -9 -9 -9 -9 -9 -9 -9 -9 -9 -0.987 -1.008 -1.011 -1.016 -1.021 -1.04 -1.076 -1.123 -1.127 -1.143 -1.146 -1.147 -1.15 -1.161 -1.178 -1.192 -1.215 -1.228 -1.224 -1.247 -1.239 -1.257 -1.289 -1.304 -1.307 -1.308 -1.314 -1.312 -1.294 -1.266 -1.218 -1.166 -1.136 -1.126 -1.119 -1.135 -1.165 -1.21 -1.261 -1.307 -1.341 -1.363 -1.38 -1.399 -1.41 -1.401 -1.382 -1.36 -1.342 -1.331 -1.335 -1.35 -1.364 -1.363 -1.345 -1.315
-9 -9 -9 -9 -9 -9 -9 -9 -9 -9 -9 -9 -9 -9 -9 -9 -9 -9 -9 -0.953 -1.006 -1.013 -1.02 -1.026 -1.031 -1.052 -1.084 -1.142 -1.149 -1.162 -1.171 -1.175 -1.174 -1.183 -1.194 -1.206 -1.235 -1.237 -1.234 -1.262 -1.261 -1.284 -1.305 -1.307 -1.308 -1.319 -1.334 -1.329 -1.313 -1.288 -1.248 -1.203 -1.175 -1.164 -1.163 -1.178 -1.206 -1.248 -1.295 -1.333 -1.358 -1.374 -1.389 -1.405 -1.415 -1.407 -1.387 -1.362 -1.339 -1.323 -1.323 -1.343 -1.356 -1.343 -1.313 -1.271
-9 -9 -9 -9 -9 -9 -9 -9 -9 -9 -9 -9 -9 -9 -9 -9 -9 -0.885 -0.931 -0.978 -1.023 -1.027 -1.033 -1.037 -1.047 -1.065 -1.098 -1.144 -1.176 -1.185 -1.192 -1.201 -1.2 -1.202 -1.208 -1.23 -1.253 -1.246 -1.248 -1.269 -1.289 -1.307 -1.309 -1.31 -1.324 -1.343 -1.353 -1.349 -1.333 -1.307 -1.273 -1.24 -1.219 -1.213 -1.219 -1.234 -1.256 -1.294 -1.33 -1.353 -1.366 -1.375 -1.384 -1.398 -1.41 -1.411 -1.401 -1.379 -1.354 -1.337 -1.329 -1.339 -1.349 -1.334 -1.296 -1.251
-0.689 -0.652 -0.621 -0.59 -0.562 -0.547 -9 -9 -9 -9 -9 -9 -9 -9 -9 -9 -0.864 -0.915 -0.964 -1.006 -1.047 -1.047 -1.046 -1.047 -1.056 -1.074 -1.104 -1.136 -1.182 -1.21 -1.223 -1.226 -1.218 -1.215 -1.231 -1.257 -1.259 -1.259 -1.268 -1.284 -1.309 -1.312 -1.311 -1.317 -1.344 -1.363 -1.369 -1.363 -1.344 -1.315 -1.28 -1.25 -1.24 -1.243 -1.254 -1.276 -1.302 -1.337 -1.357 -1.362 -1.364 -1.362 -1.364 -1.375 -1.391 -1.401 -1.402 -1.392 -1.374 -1.355 -1.341 -1.339 -1.339 -1.323 -1.284 -1.236
-0.738 -0.696 -0.655 -0.623 -0.585 -0.569 -0.576 -0.591 -0.611 -0.629 -9 -9 -9 -9 -0.782 -0.835 -0.889 -0.945 -0.993 -1.035 -1.066 -1.065 -1.062 -1.059 -1.062 -1.077 -1.105 -1.14 -1.178 -1.226 -1.249 -1.237 -1.228 -1.233 -1.258 -1.276 -1.272 -1.279 -1.292 -1.313 -1.318 -1.312 -1.315 -1.335 -1.363 -1.378 -1.378 -1.363 -1.335 -1.294 -1.256 -1.225 -1.221 -1.233 -1.26 -1.3 -1.338 -1.368 -1.374 -1.361 -1.344 -1.329 -1.327 -1.337 -1.354 -1.369 -1.382 -1.383 -1.373 -1.355 -1.34 -1.333 -1.323 -1.304 -1.267 -1.226
-0.795 -0.757 -0.713 -0.676 -0.63 -0.612 -0.605 -0.6 -0.602 -0.621 -0.652 -9 -9 -0.755 -0.796 -0.85 -0.908 -0.969 -1.018 -1.065 -1.081 -1.083 -1.078 -1.072 -1.076 -1.092 -1.117 -1.151 -1.182 -1.235 -1.264 -1.25 -1.248 -1.255 -1.282 -1.302 -1.297 -1.307 -1.319 -1.337 -1.326 -1.316 -1.33 -1.356 -1.378 -1.389 -1.384 -1.354 -1.309 -1.26 -1.221 -1.198 -1.195 -1.216 -1.257 -1.31 -1.357 -1.385 -1.387 -1.366 -1.332 -1.299 -1.285 -1.295 -1.31 -1.329 -1.351 -1.362 -1.359 -1.343 -1.329 -1.315 -1.299 -1.28 -1.252 -1.215
-0.843 -0.814 -0.779 -0.742 -0.693 -0.669 -0.634 -0.607 -0.598 -0.619 -0.654 -0.693 -0.733 -0.77 -0.815 -0.869 -0.926 -0.989 -1.045 -1.085 -1.097 -1.103 -1.093 -1.083 -1.088 -1.101 -1.129 -1.173 -1.203 -1.255 -1.276 -1.272 -1.281 -1.288 -1.311 -1.334 -1.334 -1.345 -1.356 -1.352 -1.33 -1.322 -1.344 -1.369 -1.386 -1.395 -1.385 -1.349 -1.29 -1.234 -1.193 -1.171 -1.173 -1.2 -1.251 -1.309 -1.362 -1.394 -1.398 -1.373 -1.328 -1.284 -1.258 -1.261 -1.273 -1.291 -1.315 -1.331 -1.339 -1.336 -1.316 -1.287 -1.262 -1.241 -1.22 -1.198
-0.875 -0.859 -0.841 -0.813 -0.768 -0.731 -0.673 -0.625 -0.607 -0.623 -0.659 -0.704 -0.747 -0.79 -0.838 -0.89 -0.947 -1.01 -1.068 -1.099 -1.117 -1.121 -1.111 -1.098 -1.106 -1.128 -1.148 -1.185 -1.234 -1.287 -1.303 -1.309 -1.328 -1.33 -1.354 -1.372 -1.374 -1.387 -1.387 -1.36 -1.335 -1.342 -1.357 -1.374 -1.388 -1.39 -1.365 -1.328 -1.268 -1.214 -1.178 -1.159 -1.166 -1.199 -1.248 -1.305 -1.363 -1.397 -1.404 -1.382 -1.337 -1.286 -1.251 -1.241 -1.247 -1.261 -1.28 -1.297 -1.312 -1.315 -1.291 -1.251 -1.215 -1.186 -1.163 -1.149
-0.899 -0.893 -0.89 -0.878 -0.845 -0.789 -0.722 -0.663 -0.631 -0.636 -0.672 -0.72 -0.766 -0.812 -0.861 -0.912 -0.969 -1.033 -1.085 -1.116 -1.137 -1.139 -1.127 -1.129 -1.136 -1.155 -1.193 -1.216 -1.261 -1.325 -1.344 -1.366 -1.384 -1.395 -1.41 -1.415 -1.418 -1.423 -1.406 -1.367 -1.352 -1.357 -1.361 -1.37 -1.378 -1.369 -1.327 -1.287 -1.244 -1.205 -1.176 -1.162 -1.171 -1.202 -1.248 -1.305 -1.363 -1.397 -1.405 -1.388 -1.351 -1.303 -1.264 -1.241 -1.236 -1.242 -1.254 -1.27 -1.286 -1.292 -1.269 -1.225 -1.18 -1.137 -1.102 -1.085
-0.921 -0.921 -0.928 -0.933 -0.913 -0.841 -0.764 -0.703 -0.666 -0.665 -0.693 -0.74 -0.786 -0.835 -0.882 -0.934 -0.99 -1.049 -1.104 -1.139 -1.152 -1.158 -1.168 -1.168 -1.193 -1.2 -1.244 -1.267 -1.307 -1.369 -1.405 -1.432 -1.449 -1.459 -1.462 -1.457 -1.456 -1.446 -1.417 -1.381 -1.358 -1.357 -1.351 -1.353 -1.354 -1.329 -1.301 -1.262 -1.225 -1.195 -1.176 -1.174 -1.184 -1.208 -1.255 -1.309 -1.363 -1.397 -1.406 -1.392 -1.362 -1.325 -1.29 -1.263 -1.249 -1.245 -1.248 -1.255 -1.267 -1.273 -1.257 -1.218 -1.168 -1.116 -1.069 -1.042
-0.948 -0.951 -0.963 -0.981 -0.969 -0.898 -0.812 -0.747 -0.705 -0.699 -0.727 -0.771 -0.813 -0.859 -0.905 -0.954 -1.009 -1.073 -1.125 -1.159 -1.18 -1.203 -1.223 -1.229 -1.258 -1.274 -1.312 -1.35 -1.376 -1.418 -1.459 -1.481 -1.489 -1.497 -1.496 -1.489 -1.478 -1.454 -1.426 -1.393 -1.366 -1.345 -1.331 -1.321 -1.311 -1.292 -1.272 -1.249 -1.227 -1.207 -1.196 -1.194 -1.203 -1.226 -1.271 -1.319 -1.366 -1.397 -1.408 -1.397 -1.372 -1.342 -1.315 -1.291 -1.277 -1.267 -1.26 -1.256 -1.257 -1.26 -1.249 -1.219 -1.177 -1.126 -1.071 -1.031
-0.985 -0.989 -1.001 -1.026 -1.024 -0.963 -0.873 -0.798 -0.751 -0.739 -0.761 -0.806 -0.851 -0.89 -0.929 -0.973 -1.021 -1.086 -1.138 -1.185 -1.23 -1.267 -1.289 -1.308 -1.337 -1.373 -1.408 -1.435 -1.447 -1.481 -1.503 -1.517 -1.522 -1.517 -1.507 -1.498 -1.485 -1.461 -1.428 -1.392 -1.355 -1.325 -1.296 -1.274 -1.27 -1.272 -1.261 -1.25 -1.241 -1.234 -1.234 -1.235 -1.24 -1.254 -1.289 -1.332 -1.371 -1.397 -1.407 -1.398 -1.379 -1.356 -1.334 -1.316 -1.305 -1.294 -1.281 -1.267 -1.256 -1.252 -1.242 -1.218 -1.19 -1.152 -1.106 -1.062
-1.038 -1.045 -1.054 -1.078 -1.087 -1.036 -0.946 -0.862 -0.805 -0.786 -0.802 -0.841 -0.887 -0.932 -0.97 -1.004 -1.052 -1.112 -1.174 -1.231 -1.282 -1.322 -1.35 -1.381 -1.412 -1.439 -1.461 -1.49 -1.509 -1.525 -1.532 -1.539 -1.54 -1.532 -1.505 -1.484 -1.477 -1.448 -1.411 -1.366 -1.323 -1.29 -1.261 -1.254 -1.246 -1.255 -1.255 -1.26 -1.268 -1.276 -1.281 -1.282 -1.28 -1.282 -1.306 -1.342 -1.375 -1.395 -1.402 -1.395 -1.382 -1.365 -1.349 -1.335 -1.326 -1.315 -1.299 -1.283 -1.269 -1.256 -1.241 -1.22 -1.199 -1.173 -1.141 -1.102
-1.107 -1.123 -1.133 -1.146 -1.158 -1.117 -1.03 -0.938 -0.874 -0.845 -0.855 -0.887 -0.928 -0.973 -1.015 -1.051 -1.097 -1.163 -1.223 -1.283 -1.335 -1.379 -1.414 -1.438 -1.458 -1.475 -1.488 -1.516 -1.537 -1.543 -1.537 -1.534 -1.538 -1.53 -1.51 -1.48 -1.458 -1.421 -1.376 -1.325 -1.285 -1.268 -1.26 -1.256 -1.259 -1.268 -1.277 -1.292 -1.31 -1.322 -1.323 -1.318 -1.311 -1.309 -1.323 -1.348 -1.373 -1.389 -1.393 -1.387 -1.377 -1.364 -1.351 -1.342 -1.336 -1.328 -1.316 -1.304 -1.291 -1.275 -1.256 -1.234 -1.213 -1.191 -1.166 -1.133
-1.19 -1.202 -1.214 -1.224 -1.233 -1.195 -1.115 -1.026 -0.955 -0.921 -0.924 -0.952 -0.987 -1.031 -1.075 -1.119 -1.163 -1.221 -1.284 -1.342 -1.391 -1.43 -1.453 -1.467 -1.478 -1.486 -1.502 -1.527 -1.544 -1.545 -1.529 -1.513 -1.517 -1.513 -1.498 -1.475 -1.44 -1.396 -1.348 -1.309 -1.282 -1.281 -1.278 -1.279 -1.297 -1.309 -1.322 -1.337 -1.351 -1.359 -1.354 -1.343 -1.33 -1.323 -1.332 -1.344 -1.359 -1.37 -1.371 -1.364 -1.353 -1.346 -1.337 -1.331 -1.327 -1.323 -1.317 -1.308 -1.298 -1.291 -1.281 -1.266 -1.243 -1.217 -1.196 -1.171
-1.265 -1.274 -1.286 -1.298 -1.302 -1.27 -1.203 -1.122 -1.055 -1.021 -1.021 -1.042 -1.074 -1.113 -1.153 -1.198 -1.243 -1.29 -1.344 -1.393 -1.425 -1.452 -1.458 -1.459 -1.467 -1.473 -1.493 -1.515 -1.535 -1.541 -1.525 -1.497 -1.488 -1.48 -1.469 -1.447 -1.414 -1.362 -1.33 -1.31 -1.302 -1.305 -1.301 -1.309 -1.333 -1.346 -1.358 -1.369 -1.377 -1.38 -1.373 -1.353 -1.331 -1.32 -1.323 -1.324 -1.329 -1.332 -1.332 -1.324 -1.312 -1.314 -1.315 -1.313 -1.309 -1.303 -1.294 -1.291 -1.286 -1.281 -1.279 -1.274 -1.265 -1.252 -1.235 -1.216
-1.318 -1.324 -1.333 -1.348 -1.356 -1.337 -1.291 -1.226 -1.173 -1.146 -1.14 -1.156 -1.182 -1.214 -1.247 -1.285 -1.322 -1.361 -1.399 -1.426 -1.433 -1.444 -1.443 -1.437 -1.436 -1.443 -1.458 -1.482 -1.51 -1.528 -1.524 -1.489 -1.466 -1.436 -1.422 -1.404 -1.379 -1.346 -1.328 -1.32 -1.317 -1.319 -1.327 -1.338 -1.356 -1.367 -1.377 -1.381 -1.378 -1.377 -1.376 -1.357 -1.327 -1.304 -1.293 -1.282 -1.28 -1.279 -1.28 -1.276 -1.265 -1.27 -1.287 -1.291 -1.287 -1.279 -1.265 -1.256 -1.255 -1.252 -1.254 -1.258 -1.259 -1.254 -1.244 -1.232
-1.354 -1.357 -1.366 -1.379 -1.391 -1.387 -1.365 -1.329 -1.295 -1.274 -1.264 -1.27 -1.293 -1.318 -1.341 -1.367 -1.392 -1.418 -1.436 -1.437 -1.442 -1.442 -1.442 -1.424 -1.402 -1.403 -1.408 -1.435 -1.476 -1.503 -1.505 -1.482 -1.45 -1.397 -1.359 -1.337 -1.311 -1.307 -1.302 -1.301 -1.3 -1.31 -1.329 -1.345 -1.357 -1.362 -1.374 -1.383 -1.382 -1.373 -1.366 -1.339 -1.319 -1.29 -1.25 -1.223 -1.218 -1.216 -1.209 -1.208 -1.208 -1.219 -1.252 -1.268 -1.269 -1.265 -1.248 -1.231 -1.229 -1.227 -1.224 -1.231 -1.238 -1.237 -1.231 -1.223
-1.374 -1.375 -1.382 -1.394 -1.408 -1.414 -1.412 -1.399 -1.384 -1.373 -1.367 -1.369 -1.384 -1.4 -1.414 -1.424 -1.424 -1.443 -1.442 -1.423 -1.431 -1.438 -1.425 -1.398 -1.363 -1.354 -1.358 -1.39 -1.442 -1.471 -1.476 -1.457 -1.421 -1.358 -1.296 -1.267 -1.243 -1.235 -1.247 -1.251 -1.248 -1.272 -1.288 -1.308 -1.32 -1.324 -1.349 -1.365 -1.368 -1.368 -1.354 -1.323 -1.299 -1.273 -1.211 -1.167 -1.149 -1.142 -1.131 -1.131 -1.143 -1.174 -1.219 -1.251 -1.263 -1.26 -1.237 -1.217 -1.207 -1.206 -1.207 -1.208 -1.208 -1.206 -1.201 -1.192
