data/climatemaps/RS_maps/climate_postbreed_tmp_2000.asc
NCOLS 369 
NROWS 228 
XLLCORNER 479000 
YLLCORNER 73000 
CELLSIZE 1000 
NODATA_value -9 
[rows 136 to 169 of 228, columns 0 to 76 of 369]
-9 -9 -9 -9 -9 -9 -9 -9 0.584 0.552 0.551 0.535 0.541 0.539 0.434 0.371 0.308 0.292 0.27 0.264 0.256 0.318 0.198 0.168 0.113 0.096 0.158 0.263 0.343 0.436 0.507 0.529 0.455 0.252 0.108 0.103 0.118 0.179 0.333 0.529 0.712 0.834 0.911 0.98 1.002 1.027 1.058 1.104 1.056 1.084 1.14 1.226 1.175 1.109 1.092 1.076 1.079 1.075 1.066 1.031 0.993 0.951 0.944 0.896 0.863 0.788 0.777 0.833 0.943 0.971 0.968 0.942 0.987 0.959 0.89 0.798 0.701
-9 -9 -9 -9 -9 -9 -9 -9 0.614 0.555 0.523 0.512 0.497 0.419 0.308 0.291 0.322 0.333 0.323 0.318 0.307 0.291 0.143 0.117 0.094 0.147 0.231 0.332 0.432 0.504 0.522 0.442 0.274 0.147 0.068 0.055 0.084 0.188 0.359 0.653 0.825 0.909 0.967 0.988 1.011 1.035 1.076 1.086 1.049 1.097 1.212 1.2 1.188 1.148 1.093 1.082 1.081 1.08 1.065 1.018 0.97 0.934 0.913 0.851 0.834 0.765 0.749 0.819 0.924 0.935 0.951 0.913 0.997 0.985 0.934 0.847 0.718
-9 -9 -9 -9 -9 -9 -9 -9 0.595 0.527 0.507 0.484 0.362 0.303 0.287 0.301 0.341 0.369 0.352 0.349 0.324 0.178 0.097 0.104 0.15 0.229 0.311 0.401 0.49 0.516 0.424 0.271 0.162 0.114 0.037 -0.009 0.009 0.282 0.529 0.777 0.91 0.964 0.98 1.003 1.023 1.057 1.086 1.068 1.071 1.11 1.212 1.204 1.188 1.154 1.073 1.079 1.082 1.08 1.046 1.002 0.961 0.932 0.868 0.827 0.817 0.771 0.74 0.851 0.92 0.925 0.952 0.904 0.97 1.013 0.942 0.814 0.724
-9 -9 -9 -9 -9 -9 -9 0.582 0.585 0.547 0.474 0.36 0.282 0.267 0.288 0.303 0.335 0.364 0.366 0.365 0.218 0.086 0.105 0.182 0.243 0.327 0.4 0.481 0.489 0.394 0.266 0.185 0.128 0.042 -0.068 -0.071 0.078 0.361 0.695 0.861 0.947 0.979 0.985 1.003 1.029 1.069 1.088 1.088 1.097 1.127 1.193 1.241 1.19 1.154 1.082 1.095 1.098 1.075 1.028 0.982 0.961 0.917 0.85 0.841 0.793 0.776 0.789 0.862 0.933 0.933 0.951 0.916 0.973 1.03 0.914 0.782 0.74
-9 -9 -9 -9 -9 -9 -9 0.559 0.542 0.54 0.379 0.308 0.32 0.281 0.288 0.326 0.331 0.326 0.341 0.313 0.119 0.12 0.17 0.242 0.324 0.392 0.469 0.494 0.343 0.206 0.164 0.159 0.066 -0.055 -0.098 0.01 0.163 0.375 0.75 0.92 0.966 0.981 0.978 1.011 1.041 1.057 1.097 1.121 1.134 1.159 1.195 1.263 1.204 1.161 1.093 1.106 1.105 1.067 1.02 0.985 0.969 0.917 0.882 0.838 0.769 0.745 0.781 0.855 0.924 0.931 0.946 0.927 0.987 1.035 0.886 0.794 0.772
-9 -9 -9 -9 -9 -9 -9 0.528 0.54 0.516 0.41 0.381 0.368 0.367 0.366 0.319 0.306 0.338 0.327 0.169 0.123 0.189 0.233 0.277 0.347 0.441 0.466 0.367 0.156 0.12 0.147 0.082 -0.041 -0.064 -0.012 0.099 0.234 0.5 0.832 0.949 0.972 0.975 0.982 1.014 1.06 1.073 1.118 1.142 1.161 1.196 1.236 1.273 1.234 1.166 1.115 1.12 1.116 1.076 1.018 1.001 0.949 0.901 0.872 0.818 0.774 0.741 0.773 0.851 0.876 0.927 0.911 0.936 0.995 1.023 0.901 0.841 0.77
-9 -9 -9 -9 -9 -9 -9 0.524 0.506 0.446 0.416 0.389 0.426 0.413 0.339 0.298 0.316 0.337 0.207 0.15 0.166 0.201 0.235 0.305 0.42 0.42 0.314 0.232 0.134 0.156 0.145 0.014 -0.043 0.006 0.046 0.177 0.431 0.74 0.915 0.964 0.97 0.973 0.991 1.022 1.074 1.102 1.131 1.163 1.202 1.239 1.269 1.293 1.253 1.195 1.155 1.14 1.118 1.089 1.022 0.992 0.911 0.853 0.841 0.832 0.795 0.761 0.795 0.855 0.841 0.895 0.907 0.936 1.013 1.027 0.933 0.851 0.753
-9 -9 -9 -9 -9 -9 -9 0.492 0.419 0.384 0.406 0.442 0.481 0.417 0.309 0.359 0.339 0.237 0.16 0.211 0.223 0.244 0.289 0.424 0.415 0.286 0.201 0.144 0.124 0.154 0.103 -0.003 0.059 0.11 0.177 0.434 0.733 0.899 0.958 0.967 0.973 0.969 0.988 1.017 1.081 1.135 1.149 1.196 1.217 1.249 1.283 1.301 1.264 1.23 1.215 1.177 1.134 1.101 1.026 0.977 0.921 0.875 0.835 0.821 0.806 0.795 0.812 0.826 0.844 0.86 0.91 0.954 1.023 1.035 0.959 0.833 0.797
-9 -9 -9 -9 -9 -9 -9 0.375 0.374 0.352 0.379 0.512 0.499 0.415 0.418 0.402 0.245 0.169 0.183 0.219 0.237 0.272 0.414 0.369 0.249 0.197 0.145 0.166 0.161 0.111 0.05 0.048 0.15 0.219 0.473 0.743 0.889 0.949 0.965 0.957 0.979 0.968 0.996 1.041 1.098 1.163 1.176 1.207 1.208 1.262 1.272 1.311 1.294 1.267 1.268 1.222 1.165 1.108 1.063 0.993 0.938 0.907 0.851 0.837 0.829 0.801 0.789 0.811 0.863 0.875 0.893 0.967 1.02 1.02 0.987 0.888 0.825
-9 -9 -9 -9 -9 -9 -9 0.31 0.36 0.367 0.442 0.556 0.516 0.499 0.462 0.289 0.157 0.174 0.201 0.221 0.244 0.359 0.35 0.199 0.158 0.092 0.12 0.177 0.132 0.076 0.141 0.237 0.284 0.448 0.725 0.87 0.925 0.955 0.947 0.952 0.973 0.969 1.02 1.069 1.122 1.194 1.199 1.202 1.214 1.269 1.267 1.302 1.328 1.321 1.315 1.273 1.209 1.136 1.1 1.037 0.989 0.947 0.898 0.879 0.865 0.823 0.817 0.849 0.902 0.91 0.927 0.97 0.975 1.009 0.999 0.923 0.829
-9 -9 -9 -9 -9 -9 -9 0.313 0.375 0.442 0.591 0.633 0.623 0.522 0.324 0.18 0.17 0.184 0.189 0.225 0.339 0.34 0.152 0.092 0.013 0.035 0.141 0.167 0.134 0.219 0.33 0.422 0.527 0.692 0.833 0.925 0.96 0.971 0.953 0.952 0.971 0.979 1.037 1.097 1.159 1.218 1.206 1.211 1.234 1.275 1.293 1.287 1.337 1.343 1.341 1.318 1.263 1.184 1.132 1.074 1.059 1.016 0.973 0.929 0.89 0.862 0.875 0.905 0.959 0.972 0.962 0.954 0.938 1.004 0.981 0.917 0.856
-9 -9 -9 -9 -9 -9 0.289 0.346 0.464 0.604 0.616 0.564 0.662 0.383 0.216 0.18 0.179 0.166 0.206 0.33 0.358 0.183 0.063 -0.02 -0.001 0.121 0.134 0.062 0.151 0.318 0.429 0.498 0.567 0.718 0.865 0.951 0.981 0.992 0.988 0.977 1.026 1.044 1.058 1.127 1.194 1.221 1.233 1.238 1.256 1.288 1.318 1.335 1.357 1.345 1.358 1.35 1.318 1.254 1.188 1.139 1.126 1.07 1.051 0.962 0.911 0.893 0.931 0.958 0.995 1.003 0.97 0.954 0.957 0.97 0.942 0.9 0.868
-9 -9 -9 -9 -9 0.426 0.36 0.523 0.645 0.606 0.47 0.445 0.629 0.353 0.202 0.163 0.146 0.197 0.338 0.359 0.204 0.076 -0.035 -0.023 0.078 0.178 0.101 0.053 0.186 0.34 0.519 0.552 0.629 0.815 0.902 0.961 0.994 1.018 1.02 1.002 1.065 1.097 1.122 1.189 1.208 1.214 1.27 1.286 1.309 1.346 1.365 1.344 1.366 1.354 1.375 1.387 1.365 1.32 1.273 1.224 1.197 1.173 1.134 1.034 1.001 0.961 0.972 0.969 0.984 0.991 0.987 0.966 0.935 0.807 0.898 0.862 0.832
-9 -9 -9 -9 -9 0.512 0.525 0.666 0.611 0.465 0.366 0.379 0.608 0.385 0.172 0.15 0.195 0.323 0.385 0.235 0.041 -0.026 -0.043 0.069 0.16 0.174 0.111 0.175 0.334 0.503 0.645 0.712 0.794 0.865 0.925 0.959 0.979 1 1.059 1.083 1.088 1.155 1.191 1.236 1.229 1.252 1.302 1.326 1.361 1.378 1.388 1.371 1.367 1.375 1.391 1.406 1.403 1.39 1.357 1.318 1.312 1.304 1.251 1.202 1.108 1.014 0.978 0.891 0.93 0.995 1.016 0.978 0.835 0.704 0.874 0.826 0.765
-9 -9 -9 -9 -9 0.738 0.751 0.685 0.501 0.358 0.309 0.364 0.605 0.44 0.225 0.23 0.327 0.385 0.313 0.092 -0.049 -0.068 0.053 0.166 0.2 0.147 0.166 0.321 0.485 0.626 0.674 0.755 0.845 0.888 0.935 0.958 0.968 1.018 1.062 1.144 1.16 1.191 1.197 1.255 1.265 1.291 1.316 1.349 1.381 1.382 1.388 1.388 1.388 1.393 1.403 1.408 1.408 1.408 1.414 1.413 1.412 1.407 1.389 1.357 1.221 1.046 0.991 0.93 0.901 1.027 1.025 0.965 0.747 0.642 0.84 0.846 0.721
-9 -9 -9 -9 -9 0.757 0.611 0.523 0.389 0.348 0.345 0.365 0.606 0.482 0.32 0.307 0.361 0.355 0.156 -0.058 -0.059 0.016 0.136 0.179 0.241 0.22 0.332 0.476 0.631 0.736 0.722 0.773 0.814 0.85 0.906 0.94 0.967 1.005 1.072 1.148 1.211 1.246 1.229 1.263 1.288 1.318 1.343 1.371 1.382 1.382 1.382 1.387 1.388 1.388 1.398 1.407 1.408 1.408 1.412 1.415 1.415 1.415 1.415 1.415 1.396 1.249 1.205 1.176 1.007 1.056 0.993 0.932 0.726 0.542 0.757 0.852 0.738
-9 -9 -9 -9 0.808 0.542 0.508 0.442 0.395 0.37 0.35 0.49 0.529 0.477 0.325 0.312 0.327 0.28 0.029 -0.079 -0.017 0.097 0.156 0.213 0.301 0.355 0.511 0.629 0.745 0.816 0.775 0.771 0.769 0.817 0.883 0.933 0.979 1.031 1.125 1.224 1.256 1.284 1.272 1.29 1.309 1.342 1.366 1.377 1.382 1.382 1.382 1.382 1.383 1.388 1.39 1.394 1.407 1.408 1.408 1.409 1.414 1.414 1.414 1.414 1.409 1.395 1.39 1.383 1.233 1.094 1.018 0.924 0.817 0.69 0.713 0.853 0.878
-9 -9 -9 -9 0.579 0.514 0.501 0.454 0.395 0.268 0.365 0.462 0.391 0.39 0.338 0.298 0.279 0.2 0.088 0.002 0.034 0.083 0.164 0.284 0.371 0.498 0.624 0.74 0.807 0.873 0.842 0.782 0.807 0.89 0.983 1.059 1.127 1.19 1.246 1.283 1.29 1.31 1.306 1.319 1.333 1.353 1.365 1.37 1.375 1.379 1.379 1.381 1.382 1.385 1.387 1.388 1.396 1.405 1.405 1.407 1.407 1.408 1.408 1.408 1.406 1.403 1.4 1.394 1.375 1.262 1.205 1.095 0.985 0.958 0.975 1.054 1.087
-9 -9 -9 -9 0.571 0.529 0.451 0.423 0.294 0.236 0.236 0.327 0.282 0.29 0.333 0.298 0.209 0.132 0.106 0.085 0.085 0.093 0.184 0.337 0.433 0.514 0.687 0.817 0.871 0.921 0.876 0.837 0.927 1.059 1.15 1.225 1.273 1.3 1.312 1.32 1.323 1.328 1.333 1.349 1.354 1.358 1.361 1.362 1.362 1.369 1.375 1.378 1.379 1.381 1.382 1.386 1.386 1.393 1.393 1.398 1.4 1.405 1.405 1.403 1.395 1.395 1.393 1.389 1.38 1.375 1.361 1.344 1.295 1.271 1.246 1.22 1.14
-9 -9 -9 -9 0.568 0.474 0.398 0.336 0.24 0.146 0.107 0.112 0.192 0.221 0.223 0.221 0.177 0.165 0.213 0.19 0.172 0.217 0.311 0.414 0.475 0.615 0.774 0.89 0.934 0.956 0.917 0.948 1.107 1.186 1.232 1.281 1.319 1.33 1.335 1.337 1.338 1.339 1.347 1.355 1.355 1.355 1.358 1.358 1.358 1.358 1.369 1.369 1.373 1.378 1.379 1.381 1.382 1.386 1.386 1.387 1.39 1.391 1.393 1.392 1.391 1.391 1.385 1.378 1.371 1.366 1.357 1.345 1.331 1.324 1.305 1.263 1.203
-9 -9 -9 -9 0.5 0.428 0.345 0.263 0.228 0.135 0.074 0.033 0.067 0.193 0.113 0.029 0.149 0.153 0.082 0.175 0.254 0.302 0.41 0.533 0.612 0.745 0.907 0.962 1.021 1.012 1.037 1.142 1.22 1.235 1.262 1.304 1.322 1.329 1.335 1.335 1.336 1.337 1.339 1.342 1.342 1.351 1.354 1.355 1.355 1.355 1.358 1.358 1.362 1.367 1.369 1.375 1.377 1.378 1.381 1.382 1.382 1.383 1.386 1.384 1.382 1.379 1.376 1.37 1.365 1.36 1.349 1.333 1.326 1.31 1.3 1.289 1.246
-9 -9 -9 0.506 0.446 0.383 0.315 0.26 0.21 0.132 0.043 0.015 0.106 0.13 0.022 0.006 0.095 0.005 -0.096 0.013 0.122 0.259 0.437 0.692 0.865 0.948 1.02 1.06 1.071 1.127 1.176 1.226 1.252 1.253 1.294 1.314 1.316 1.317 1.321 1.335 1.335 1.335 1.335 1.335 1.335 1.339 1.341 1.343 1.346 1.349 1.351 1.354 1.355 1.357 1.359 1.361 1.368 1.371 1.373 1.375 1.375 1.375 1.375 1.375 1.375 1.372 1.365 1.365 1.358 1.35 1.338 1.328 1.318 1.301 1.294 1.28 1.263
-9 -9 -9 0.462 0.386 0.279 0.278 0.246 0.211 0.145 0.086 0.09 0.07 0.019 0.02 0.069 0.001 -0.135 -0.127 -0.073 0.048 0.312 0.625 0.817 0.942 1.021 1.068 1.118 1.134 1.172 1.213 1.232 1.255 1.279 1.304 1.315 1.315 1.315 1.315 1.317 1.318 1.324 1.329 1.333 1.334 1.335 1.335 1.336 1.337 1.338 1.339 1.345 1.346 1.35 1.355 1.355 1.359 1.36 1.36 1.36 1.363 1.364 1.364 1.364 1.365 1.365 1.357 1.354 1.348 1.339 1.33 1.325 1.311 1.298 1.287 1.27 1.26
-9 -9 -9 0.427 0.329 0.265 0.271 0.222 0.182 0.145 0.122 0.033 -0.03 0.007 0.129 0.095 0.015 -0.134 -0.063 0.113 0.284 0.57 0.809 0.938 1.003 1.048 1.098 1.149 1.178 1.208 1.222 1.245 1.277 1.295 1.295 1.295 1.304 1.308 1.315 1.315 1.315 1.315 1.316 1.318 1.323 1.329 1.329 1.329 1.329 1.329 1.33 1.331 1.336 1.338 1.345 1.345 1.348 1.35 1.353 1.355 1.357 1.357 1.357 1.355 1.353 1.353 1.345 1.34 1.339 1.331 1.326 1.31 1.302 1.29 1.277 1.263 1.255
-9 -9 -9 0.414 0.345 0.267 0.231 0.214 0.152 0.173 0.043 -0.049 -0.03 0.116 0.182 0.082 -0.002 -0.032 0.054 0.25 0.519 0.808 0.932 1.008 1.052 1.09 1.125 1.162 1.179 1.216 1.234 1.246 1.277 1.292 1.293 1.294 1.294 1.294 1.301 1.301 1.305 1.308 1.308 1.308 1.309 1.309 1.31 1.322 1.322 1.322 1.328 1.328 1.329 1.329 1.33 1.331 1.335 1.343 1.344 1.345 1.345 1.345 1.345 1.344 1.343 1.339 1.336 1.331 1.33 1.321 1.312 1.301 1.293 1.282 1.267 1.256 1.248
-9 -9 -9 -9 0.285 0.245 0.243 0.224 0.181 0.145 0.016 0.045 0.138 0.234 0.11 0.032 -0.026 0.056 0.187 0.398 0.72 0.934 1.009 1.039 1.074 1.105 1.137 1.16 1.183 1.211 1.236 1.248 1.275 1.275 1.282 1.287 1.287 1.288 1.294 1.294 1.294 1.295 1.301 1.303 1.308 1.308 1.308 1.308 1.308 1.308 1.309 1.314 1.316 1.316 1.316 1.316 1.317 1.317 1.309 1.296 1.306 1.306 1.272 1.199 1.05 1.123 1.154 1.243 1.303 1.306 1.3 1.296 1.283 1.271 1.259 1.253 1.235
-9 -9 -9 -9 0.308 0.318 0.286 0.225 0.149 0.076 0.069 0.197 0.335 0.24 0.067 -0.027 -0.001 0.137 0.298 0.619 0.862 0.99 1.039 1.052 1.083 1.115 1.147 1.173 1.198 1.222 1.248 1.257 1.271 1.273 1.273 1.277 1.278 1.286 1.287 1.287 1.286 1.287 1.288 1.29 1.294 1.294 1.294 1.289 1.273 1.283 1.286 1.291 1.279 1.249 1.219 1.191 1.186 1.188 1.179 1.171 1.144 1.113 1.04 0.87 0.652 0.699 0.688 0.804 1.018 1.175 1.262 1.278 1.27 1.262 1.255 1.245 1.224
-9 -9 -9 -9 0.393 0.337 0.215 0.198 0.15 0.106 0.118 0.329 0.308 0.088 -0.068 -0.064 0.016 0.223 0.54 0.809 0.95 1.002 1.055 1.081 1.108 1.134 1.167 1.19 1.213 1.245 1.259 1.259 1.26 1.266 1.266 1.268 1.268 1.277 1.278 1.277 1.276 1.28 1.285 1.285 1.285 1.283 1.286 1.267 1.25 1.255 1.217 1.153 1.105 1.073 1.027 0.987 0.965 0.967 0.954 0.893 0.813 0.757 0.681 0.613 0.499 0.367 0.27 0.351 0.415 0.704 0.775 1.011 1.099 1.171 1.216 1.204 1.221
-9 -9 -9 -9 0.425 0.241 0.21 0.203 0.175 0.207 0.322 0.22 0.04 -0.029 -0.046 0.025 0.082 0.416 0.753 0.935 0.988 1.016 1.075 1.096 1.116 1.138 1.162 1.201 1.228 1.243 1.248 1.251 1.252 1.255 1.256 1.257 1.259 1.263 1.263 1.266 1.268 1.267 1.271 1.271 1.271 1.269 1.261 1.225 1.212 1.197 1.09 1.009 0.936 0.88 0.823 0.776 0.761 0.759 0.733 0.703 0.66 0.529 0.295 0.389 0.157 -0.139 -0.266 -0.238 -0.133 0.103 0.056 0.496 0.644 0.753 0.899 1.033 1.191
-9 -9 -9 -9 -9 0.172 0.137 0.137 0.278 0.347 0.105 -0.03 0.129 0.172 0.357 0.312 0.402 0.569 0.842 0.966 1.014 1.056 1.089 1.091 1.11 1.139 1.165 1.216 1.231 1.239 1.242 1.244 1.243 1.235 1.228 1.216 1.221 1.252 1.253 1.259 1.262 1.259 1.259 1.255 1.247 1.231 1.204 1.172 1.158 1.115 1.022 0.923 0.862 0.791 0.744 0.718 0.689 0.682 0.652 0.618 0.57 0.364 0.272 0.194 -0.028 -0.141 -0.292 -0.486 -0.392 -0.148 0.237 0.558 0.258 0.063 0.133 0.468 0.849
-9 -9 -9 -9 -9 -9 0.088 0.163 0.392 0.129 -0.127 -0.001 0.352 0.477 0.605 0.649 0.685 0.689 0.851 0.856 1.021 1.074 1.088 1.089 1.11 1.143 1.19 1.222 1.223 1.23 1.233 1.233 1.216 1.195 1.181 1.17 1.18 1.231 1.243 1.248 1.248 1.24 1.227 1.218 1.201 1.174 1.153 1.115 1.061 1.021 1.046 0.922 0.843 0.757 0.72 0.683 0.651 0.636 0.599 0.594 0.573 0.496 0.468 0.342 0.223 -0.006 -0.423 -0.415 -0.113 0.123 0.066 0.092 -0.411 -0.654 -0.484 0.033 0.613
-9 -9 -9 -9 -9 -9 0.119 0.312 0.296 -0.072 -0.197 0.295 0.605 0.689 0.763 0.833 0.846 0.84 0.808 0.933 1.05 1.074 1.076 1.084 1.126 1.17 1.205 1.218 1.221 1.222 1.223 1.213 1.18 1.162 1.156 1.158 1.17 1.208 1.229 1.237 1.232 1.205 1.178 1.162 1.147 1.13 1.104 1.052 0.986 0.939 0.973 0.951 0.881 0.802 0.713 0.641 0.601 0.597 0.619 0.579 0.456 0.361 0.257 0.249 0.172 -0.269 -0.632 -0.536 -0.408 -0.286 -0.525 -0.601 -0.761 -0.689 -0.378 0.049 0.333
-9 -9 -9 -9 -9 -9 0.255 0.365 0.038 -0.161 -0.104 0.339 0.427 0.719 0.852 0.897 0.895 0.813 0.849 1.008 1.063 1.068 1.072 1.104 1.137 1.184 1.202 1.206 1.21 1.216 1.214 1.175 1.142 1.144 1.149 1.165 1.174 1.198 1.212 1.217 1.207 1.17 1.15 1.118 1.081 1.071 1.043 1.006 0.958 0.924 0.864 0.831 0.843 0.894 -9 -9 -9 0.674 0.698 0.576 0.365 0.184 -0.039 -0.034 -0.114 -0.341 -0.499 -0.684 -0.649 -0.661 -0.834 -0.77 -0.685 -0.469 -0.268 -0.113 0.043
-9 -9 -9 -9 0.159 0.227 0.432 0.252 -0.091 -0.233 -0.059 0.155 0.445 0.804 0.902 0.929 0.915 0.89 0.962 1.018 1.058 1.051 1.082 1.116 1.138 1.183 1.201 1.201 1.202 1.202 1.185 1.144 1.125 1.139 1.15 1.168 1.164 1.18 1.184 1.179 1.154 1.123 1.113 1.09 1.03 0.95 0.957 0.962 0.933 0.851 0.73 0.49 -9 -9 -9 -9 -9 0.67 0.665 0.658 0.608 0.472 0.164 -0.015 -0.221 -0.373 -0.416 -0.53 -0.466 -0.463 -0.957 -0.929 -0.728 -0.512 -0.224 0.11 0.353
