data/climatemaps/RS_maps/climate_postbreed_tmp_2014.asc
NCOLS 369 
NROWS 228 
XLLCORNER 479000 
YLLCORNER 73000 
CELLSIZE 1000 
NODATA_value -9 
[rows 170 to 203 of 228, columns 154 to 230 of 369]
0.082 -0.047 -0.523 -0.537 -0.58 -0.135 -0.048 0.202 0.737 1.003 0.991 0.85 0.574 -0.046 -0.661 -1.113 -1.405 -1.468 -1.23 -0.938 -1.032 -1.017 -0.798 -0.864 -0.848 -1.038 -1.564 -1.623 -1.106 -0.509 -0.307 -0.361 -0.591 -0.925 -0.986 -0.989 -1.125 -0.712 -0.174 0.49 0.551 0.017 -0.157 -0.575 -0.996 -0.909 -0.584 -0.285 -0.206 -0.07 -0.152 -0.06 -0.118 -0.302 -0.114 0.564 1.315 0.654 0.003 -0.286 -0.491 -0.644 -0.656 -0.519 0.015 0.048 -0.022 -0.139 -0.456 -0.692 0.006 0.715 0.561 -0.084 -0.658 -0.865 -0.628
0.491 0.24 -0.013 -0.1 -0.051 0.258 0.503 0.74 1.002 1.055 0.923 0.763 0.505 -0.074 -0.767 -1.072 -1.075 -1.294 -1.293 -1.191 -1.305 -1.203 -0.942 -1.188 -1.392 -1.186 -1.543 -1.18 -0.707 -0.33 -0.156 -0.392 -0.693 -0.728 -0.653 -0.933 -0.924 -0.418 0.212 0.743 0.117 -0.532 -0.818 -0.757 -1.048 -0.677 -0.288 -0.079 -0.082 -0.068 0.099 0.322 0.472 0.39 0.57 0.999 1.38 0.957 0.235 0.1 0.029 -0.377 -0.166 -0.481 -0.483 -0.162 0.205 0.429 0.209 -0.046 0.112 0.835 0.493 -0.099 -0.653 -0.559 -0.23
0.865 0.644 0.535 0.414 0.538 0.757 0.939 1.002 0.946 0.933 0.88 0.605 0.2 -0.235 -0.518 -0.645 -0.892 -1.005 -1.104 -1.243 -1.538 -1.545 -1.043 -1.439 -1.808 -1.553 -1.342 -0.821 -0.66 -0.473 -0.015 -0.414 -0.666 -0.261 -0.494 -0.872 -0.531 0.069 0.718 0.545 -0.131 -0.835 -1.17 -1.074 -1.127 -0.685 -0.512 -0.467 -0.64 -0.476 -0.077 0.425 0.812 0.718 0.927 0.865 1.022 1.32 0.926 0.707 0.41 0.002 0.168 -0.13 -0.233 -0.245 -0.459 0.037 0.444 0.558 0.495 0.944 0.269 -0.452 -0.51 -0.187 -0.105
1.022 1.007 0.978 0.908 0.908 0.841 0.845 0.564 0.422 0.454 0.481 0.441 0.19 0.027 -0.085 -0.222 -0.57 -0.854 -1.187 -1.534 -1.589 -1.416 -1.386 -1.46 -1.575 -1.557 -1.221 -0.887 -0.857 -0.311 0.373 0.024 -0.346 -0.14 -0.724 -0.774 -0.095 0.631 0.727 0.05 -0.435 -1.037 -1.29 -1.15 -0.868 -0.774 -0.404 -0.107 -0.039 0.025 0.37 0.761 0.523 -0.112 0.041 0.242 0.328 0.81 1.32 1.294 1.06 0.811 0.401 0.491 0.245 -0.1 -0.389 -0.356 -0.178 0.307 0.641 0.988 0.33 -0.33 -0.328 0.174 -0.178
0.858 1.013 0.716 0.765 0.496 0.253 0.506 0.039 -0.372 -0.466 -0.088 0.348 0.293 -0.028 -0.25 -0.398 -0.48 -0.844 -1.289 -1.526 -1.205 -0.934 -1.052 -0.969 -1.206 -1.393 -1.139 -0.891 -0.551 -0.123 0.267 0.488 0.367 -0.013 -0.68 -0.611 0.048 0.909 0.592 -0.258 -0.978 -1.197 -0.895 -0.723 -0.463 -0.382 -0.195 0.101 0.332 0.433 0.603 0.575 -0.012 -0.408 -0.226 0.05 -0.108 0.344 0.791 1.085 1.405 1.393 0.944 0.791 0.23 -0.226 0.1 -0.246 -0.517 -0.211 0.241 0.881 0.771 0.146 -0.216 0.373 0.211
0.614 0.93 0.465 0.153 -0.227 -0.315 0.245 -0.352 -0.891 -1.009 -0.341 0.05 0.128 -0.383 -0.626 -0.821 -0.912 -1.054 -1.44 -1.031 -0.655 -0.472 -0.579 -0.747 -1.09 -1.178 -0.818 -0.638 -0.316 -0.283 -0.255 0.235 0.603 0.47 0.003 -0.118 0.504 1.001 0.512 -0.214 -0.945 -1.081 -0.77 -0.359 -0.199 0.016 0.053 0.167 -0.029 -0.129 0.186 0.15 -0.145 -0.594 -0.535 -0.36 -0.112 0.392 0.354 0.582 0.906 1.287 1.382 0.985 0.325 0.133 0.495 0.151 -0.253 -0.442 -0.161 0.346 0.938 0.686 0.268 0.533 0.535
0.622 0.823 0.357 -0.078 -0.605 -0.716 -0.061 -0.485 -1.136 -0.967 -0.386 -0.468 -0.204 -0.537 -0.89 -1.109 -1.554 -1.484 -1.055 -0.667 -0.389 -0.258 -0.482 -0.89 -1.198 -0.988 -0.967 -0.96 -1.058 -0.978 -0.539 -0.204 0.47 0.902 0.813 0.53 0.962 0.821 0.179 -0.492 -1.077 -0.819 -0.55 -0.236 -0.091 -0.343 -0.336 -0.108 -0.508 -0.471 -0.406 -0.428 -0.535 -0.622 -0.519 -0.361 -0.158 0.084 -0.149 0.176 0.369 0.958 1.449 1.223 0.637 0.675 0.765 0.435 0.105 -0.415 -0.352 0.134 0.663 0.976 0.958 0.913 0.721
0.762 0.783 0.34 -0.118 -0.512 -0.847 -0.359 -0.706 -1.326 -1.212 -1.003 -0.973 -0.555 -0.524 -1.106 -1.502 -1.732 -1.3 -1.126 -1.075 -0.586 -0.42 -0.402 -0.541 -0.491 -0.572 -0.904 -1.064 -1.397 -1.375 -0.902 -0.489 0.268 0.753 1.108 1.038 1.001 0.557 -0.064 -0.638 -1.045 -0.781 -0.49 -0.392 -0.724 -0.755 -0.498 -0.316 -0.645 -0.716 -0.788 -0.781 -0.797 -0.63 -0.348 -0.189 -0.418 -0.399 -0.497 -0.169 0.389 0.846 1.247 1.472 1.144 1.012 0.664 0.149 -0.064 -0.359 -0.263 -0.16 0.116 0.422 0.893 1.065 0.513
0.787 0.656 0.158 -0.194 -0.588 -0.848 -0.414 -0.688 -1.223 -1.233 -1.112 -0.796 -0.57 -0.477 -0.881 -1.405 -1.694 -1.842 -1.85 -1.337 -0.79 -0.787 -0.241 0.14 0.077 -0.157 -0.307 -0.519 -0.761 -1.193 -1.155 -0.495 0.076 0.522 1.051 1.25 0.828 0.232 -0.233 -0.727 -0.966 -0.775 -0.678 -0.822 -1 -0.805 -0.618 -0.476 -0.573 -0.492 -0.452 -0.379 -0.408 -0.419 -0.182 0.178 -0.358 -0.266 -0.443 -0.108 0.401 0.517 0.902 1.432 1.505 1.206 0.687 0.339 0.211 -0.092 -0.403 -0.399 -0.193 -0.068 0.635 1.202 0.297
0.807 0.518 0.213 -0.042 -0.607 -0.997 -0.509 -0.621 -1.109 -1.146 -0.768 -0.559 -0.654 -0.92 -1.214 -1.498 -1.946 -2.179 -2.1 -1.324 -0.965 -1.031 -0.335 -0.049 0.001 0.267 0.202 -0.097 -0.39 -0.651 -0.722 -0.262 0.178 0.526 0.989 1.299 0.781 0.373 -0.134 -0.669 -0.758 -0.429 -0.528 -0.898 -0.922 -0.861 -0.815 -0.436 -0.167 -0.035 0.11 0.215 0.229 0.186 0.153 0.371 -0.063 0.106 -0.176 -0.115 -0.002 0.009 0.401 0.956 1.415 1.511 1.298 0.951 0.652 0.178 -0.119 -0.315 0.06 0.491 0.905 1.253 0.582
0.845 0.393 -0.166 -0.247 -0.675 -1.138 -0.738 -0.683 -1.144 -0.986 -0.618 -0.488 -0.814 -1.29 -1.652 -1.556 -2.005 -1.874 -1.78 -1.454 -1.159 -1.108 -0.501 -0.588 -0.604 0.081 0.465 0.315 -0.037 -0.202 -0.239 -0.103 0.367 0.706 1.041 1.308 0.874 0.434 -0.182 -0.403 -0.414 -0.211 -0.552 -0.737 -0.616 -0.662 -0.901 -0.627 -0.389 -0.184 -0.002 0.131 0.109 0.313 0.438 0.569 0.532 0.484 0.279 0.009 -0.236 -0.03 0.437 0.758 1.127 1.522 1.608 1.487 1.048 0.672 0.266 -0.228 0.134 0.43 0.83 1.25 0.999
0.78 0.41 -0.261 -0.665 -0.993 -1.33 -1.05 -0.687 -1.233 -1.072 -0.598 -0.487 -0.587 -0.861 -1.13 -1.209 -1.707 -1.338 -1.245 -1.22 -1.283 -1.15 -0.691 -0.678 -0.461 -0.143 0.339 0.596 0.471 0.325 0.324 0.122 0.28 0.754 1.106 1.297 0.699 0.016 -0.335 0.084 0.099 -0.014 -0.234 -0.283 -0.419 -0.717 -0.624 -0.591 -0.443 -0.45 -0.434 -0.372 -0.36 -0.106 0.029 0.148 0.455 0.805 0.575 0.097 0.064 0.305 0.524 0.549 0.702 1.095 1.351 1.561 1.292 0.997 0.562 -0.072 -0.086 0.135 0.464 0.967 1.304
0.357 0.486 -0.155 -0.807 -1.214 -1.538 -1.26 -0.822 -1.304 -1.24 -0.813 -0.704 -0.358 -0.323 -0.676 -1.077 -1.465 -0.933 -0.613 -0.697 -0.861 -0.903 -0.576 -0.261 0.124 0.348 0.424 0.666 0.912 0.881 0.821 0.386 0.043 0.612 1.178 1.241 0.449 -0.242 -0.35 0.268 0.131 -0.332 -0.363 -0.239 -0.533 -0.606 -0.313 -0.086 -0.038 -0.025 -0.218 -0.311 -0.233 -0.108 0.154 0.224 0.238 0.88 0.516 0.225 0.298 0.732 0.919 0.658 0.312 0.595 0.936 1.501 1.032 0.564 0.196 0.031 0.342 0.583 0.811 1.079 1.286
-0.357 0.466 0.033 -0.608 -1.142 -1.603 -1.493 -1.162 -1.299 -1.435 -1.308 -1.082 -0.628 -0.14 -0.403 -0.793 -1.178 -0.904 -0.22 -0.23 -0.229 -0.324 0.05 0.391 0.663 0.849 0.857 0.892 1.137 1.208 1.186 0.712 0.006 0.408 1.207 1.191 0.344 -0.247 0.07 0.523 0.021 -0.556 -0.618 -0.375 -0.577 -0.589 -0.337 -0.017 0.194 0.395 0.303 0.25 0.186 0.216 0.579 0.744 0.781 1.004 0.92 0.786 0.797 1.088 1.193 0.959 0.535 0.718 1.202 1.541 1.364 0.726 0.306 0.171 0.496 0.586 0.863 1.347 1.211
-0.876 0.03 0.285 -0.357 -1.012 -1.636 -1.79 -1.59 -1.475 -1.747 -1.484 -0.98 -0.575 -0.185 -0.045 -0.245 -0.65 -0.63 0.082 0.127 0.226 0.334 0.519 0.564 0.567 0.501 0.514 0.471 0.585 0.81 1.159 1.052 0.212 0.346 1.22 1.096 0.353 0.14 0.558 0.346 0.013 -0.265 -0.648 -0.678 -0.732 -0.561 -0.428 -0.432 -0.119 0.315 0.429 0.517 0.649 0.695 0.658 0.479 0.599 0.862 0.95 1.158 1.159 1.161 1.225 1.342 1.052 0.918 1.304 1.454 1.591 0.976 0.503 0.503 0.79 1.047 1.106 1.456 1.217
-1.135 -0.409 0.226 -0.249 -0.98 -1.499 -1.666 -1.673 -1.777 -1.984 -1.548 -0.998 -0.737 -0.531 -0.157 0.12 0.009 -0.004 -0.017 -0.208 0.243 0.456 0.068 -0.035 -0.23 -0.272 -0.361 -0.381 -0.29 0.075 0.539 1.182 0.525 0.219 0.994 1.295 0.643 0.606 0.5 0.38 0.195 -0.375 -0.709 -0.47 -0.29 -0.286 -0.081 -0.436 -0.131 0.097 -0.038 0.298 0.24 0.348 0.135 0.116 0.157 0.477 0.492 0.836 0.684 0.751 0.877 1.272 1.308 1.453 1.613 1.65 1.692 1.183 0.87 1.079 1.321 1.477 1.55 1.663 1.599
-1.352 -0.83 -0.033 -0.081 -0.82 -1.245 -1.467 -1.685 -1.856 -2.168 -1.9 -1.582 -1.239 -1.007 -0.701 0.096 0.133 -0.146 -0.498 -0.343 0.261 -0.132 -0.65 -0.762 -0.892 -0.97 -0.823 -0.757 -0.777 -0.528 -0.106 1.001 0.799 0.553 1.194 1.456 0.9 0.855 0.724 0.797 0.22 -0.434 -0.616 -0.235 0.157 0.191 0.052 -0.288 -0.285 -0.214 -0.255 0.116 0.006 0.145 0.053 -0.059 -0.032 0.249 0.511 0.626 0.681 0.925 1.085 1.347 1.497 1.5 1.559 1.685 1.739 1.57 1.43 1.558 1.701 1.761 1.785 1.791 1.8
-1.418 -0.894 -0.382 0.08 -0.564 -1.113 -1.461 -1.644 -1.795 -2.286 -2.534 -2.216 -1.659 -1.24 -0.751 0.024 -0.257 -0.526 -0.284 0.104 -0.036 -0.526 -0.862 -0.768 -0.779 -0.868 -0.723 -0.497 -0.74 -0.604 -0.058 0.934 1.14 1.071 1.565 1.456 1.123 1.084 1.108 0.688 0.273 -0.346 -0.201 0.072 0.384 0.493 0.219 0.02 -0.276 -0.124 -0.29 -0.156 -0.039 0.129 0.391 0.461 0.418 0.694 0.994 1.001 1.149 1.284 1.344 1.373 1.124 1.031 1.208 1.553 1.669 1.758 1.752 1.771 1.806 1.819 1.82 1.818 1.817
-1.404 -1.172 -1.03 -0.217 -0.173 -0.793 -1.179 -1.556 -2.02 -2.326 -2.734 -2.218 -1.563 -1.079 -0.385 -0.174 -0.601 -0.615 -0.088 0.159 -0.27 -0.464 -0.598 -0.446 -0.381 -0.316 -0.275 -0.216 -0.5 -0.166 0.398 1.035 1.421 1.401 1.627 -9 -9 1.253 0.842 0.316 -0.118 -0.307 -0.24 -0.166 0.219 0.593 0.167 0.087 0.058 0.219 0.001 -0.065 0.281 0.386 0.603 0.936 0.985 1.122 1.252 1.288 1.256 1.1 1.171 1.107 0.843 0.729 1.071 1.486 1.665 1.774 1.805 1.81 1.819 1.823 1.823 1.823 1.825
-1.667 -1.648 -1.538 -0.721 -0.09 -0.478 -1.093 -1.616 -1.864 -2.105 -2.735 -1.971 -1.242 -0.783 -0.189 -0.435 -0.792 -0.685 -0.035 -0.144 -0.63 -0.546 -0.647 -0.454 -0.153 0.066 0.175 -0.115 -0.432 -0.16 0.355 0.821 1.4 1.59 1.652 -9 -9 -9 0.406 0.093 -0.047 0.129 0.138 0.185 0.348 0.701 0.531 0.528 0.426 0.479 0.363 0.296 0.464 0.674 0.696 1.011 1.219 1.138 1.19 1.165 1.095 0.872 0.736 0.645 0.666 0.806 1.358 1.683 1.784 1.817 1.819 1.826 1.833 1.833 1.832 1.816 1.723
-2.298 -2.288 -1.589 -0.83 -0.164 -0.397 -0.946 -1.39 -1.507 -1.852 -2.339 -1.831 -1.234 -1.032 -0.823 -0.928 -0.961 -0.576 -0.017 -0.584 -0.917 -0.813 -0.843 -0.672 -0.233 0.227 0.378 0.3 -0.262 -0.192 0.215 0.677 1.463 1.681 1.673 -9 -9 -9 -9 -9 0.503 0.543 0.554 0.654 0.75 0.899 0.899 0.876 0.82 0.737 0.636 0.574 0.749 0.981 1.049 1.119 1.061 0.754 0.882 0.87 0.817 0.507 0.416 0.54 0.764 1.219 1.72 1.828 1.835 1.835 1.833 1.835 1.832 1.768 1.683 1.592 1.272
-2.483 -2.353 -1.49 -0.759 -0.186 -0.209 -0.711 -1.018 -1.441 -1.848 -2.307 -2.315 -1.534 -1.45 -1.189 -1.32 -1.328 -0.502 -0.463 -0.955 -1.017 -0.897 -0.529 -0.319 -0.016 0.515 0.646 0.609 0.365 0.371 0.72 1.137 1.662 1.715 1.705 -9 -9 -9 -9 -9 -9 0.925 0.881 0.937 0.948 0.983 0.98 1.018 1.049 0.973 0.924 0.914 1.066 1.098 1.023 0.967 0.753 0.417 0.448 0.362 0.354 0.075 0.506 0.921 1.148 1.58 1.826 1.836 1.841 1.842 1.842 1.817 1.675 1.422 1.224 1.227 0.829
-2.488 -2.2 -1.743 -1.101 -0.396 0.016 -0.615 -1.086 -1.566 -2.012 -2.456 -2.602 -1.824 -1.791 -1.496 -1.408 -0.863 -0.422 -0.751 -0.983 -0.74 -0.608 -0.289 0.293 0.485 0.778 0.974 1.04 1.035 1.092 1.264 1.536 1.705 1.732 -9 -9 -9 -9 -9 -9 -9 -9 0.839 0.792 0.69 0.671 0.747 0.905 0.983 1.045 1.05 1.08 1.04 0.788 0.613 0.544 0.352 0.093 -0.054 -0.122 -0.165 -0.108 0.47 1.093 1.471 1.78 1.842 1.844 1.849 1.849 1.825 1.568 1.249 0.961 0.678 0.759 0.65
-2.669 -2.297 -1.598 -1.11 -0.525 0.003 -0.533 -1.232 -1.704 -2.032 -2.121 -2.225 -2.113 -1.791 -1.352 -1.066 -0.523 -0.626 -0.889 -0.715 -0.351 -0.207 0.098 0.498 0.635 0.802 0.97 1.162 1.155 1.21 1.329 1.547 1.705 1.741 -9 -9 -9 -9 -9 -9 -9 -9 -9 0.368 0.264 0.308 0.666 0.622 0.604 0.665 0.779 0.907 0.774 0.633 0.389 0.431 0.558 0.516 0.135 0.163 0.032 -0.008 0.592 1.143 1.662 1.847 1.856 1.856 1.856 1.831 1.523 1.214 0.822 0.536 0.249 0.454 0.484
-2.844 -2.224 -1.386 -0.763 -0.406 -0.152 -0.356 -1.064 -1.481 -1.521 -1.663 -1.898 -2.048 -1.709 -1.207 -0.863 -0.628 -0.77 -0.887 -0.722 -0.473 -0.187 0.108 0.221 0.148 0.244 0.617 0.84 0.667 0.751 0.997 1.35 1.65 1.755 -9 -9 -9 -9 -9 -9 -9 -9 -9 -9 0.029 0.291 0.653 0.449 0.172 0.384 0.692 0.914 0.968 0.677 0.625 0.698 1.034 0.68 0.285 0.615 0.455 0.32 0.858 1.357 1.793 1.857 1.857 1.822 1.791 1.594 1.203 0.788 0.46 0.509 0.576 0.668 0.349
-2.706 -1.937 -1.187 -0.483 -0.378 -0.562 -0.244 -0.554 -0.961 -1.092 -1.326 -1.725 -2.147 -1.888 -1.351 -0.876 -0.515 -0.355 -0.448 -0.746 -0.877 -0.733 -0.442 -0.263 -0.284 -0.131 0.267 0.34 0.2 0.55 0.969 1.376 1.701 1.775 -9 -9 -9 -9 -9 -9 -9 -9 -9 -9 -9 0.419 0.353 0.404 0.085 0.451 0.772 0.75 1.108 1.064 1.149 1.173 1.235 0.795 0.542 0.921 0.464 0.489 0.968 1.553 1.855 1.863 1.854 1.64 1.438 1.24 0.878 0.548 0.446 0.855 0.994 0.798 0.404
-2.354 -1.616 -1.094 -0.67 -0.828 -1.141 -0.492 -0.305 -1.004 -1.398 -1.416 -1.612 -1.969 -1.527 -0.97 -0.522 -0.343 -0.203 -0.011 -0.244 -0.554 -0.799 -0.56 -0.228 -0.184 0.171 0.29 0.099 0.07 0.564 1.122 1.618 1.796 -9 -9 -9 -9 -9 -9 -9 -9 -9 -9 -9 -9 0.038 0.112 0.381 0.136 0.551 0.593 0.588 1.014 0.903 1.164 1.065 1.354 1.033 0.578 1.052 0.83 0.699 1.144 1.637 1.863 1.864 1.758 1.385 1.115 1.041 0.845 0.672 0.652 1.05 1.054 0.744 0.285
-2.351 -1.769 -1.455 -1.124 -1.344 -1.566 -0.687 -0.355 -0.865 -1.484 -1.718 -1.766 -1.867 -1.232 -0.756 -0.606 -0.737 -0.549 -0.014 0.268 -0.086 -0.533 -0.643 -0.238 0.118 0.332 0.651 0.596 0.454 0.863 1.446 1.779 -9 -9 -9 -9 -9 -9 -9 -9 -9 -9 -9 -9 -9 -9 -0.028 0.364 0.165 0.538 0.23 0.651 0.848 0.65 0.959 0.876 1.32 1.113 0.847 1.037 1.305 0.921 1.095 1.603 1.866 1.877 1.732 1.244 0.987 0.848 0.801 0.781 1.011 1.258 1.035 0.646 0.297
-2.627 -2.071 -1.747 -1.506 -1.614 -1.562 -0.702 -0.46 -0.899 -0.991 -1.524 -1.881 -1.768 -1.252 -1.024 -1.045 -0.869 -0.226 -0.009 0.551 0.135 -0.376 -0.464 -0.06 -0.101 0.091 0.75 1.082 1.03 1.217 1.696 1.811 -9 -9 -9 -9 -9 -9 -9 -9 -9 -9 -9 -9 -9 -9 -9 0.021 0.188 0.179 0.207 0.44 0.433 0.727 1.147 1.219 1.39 1.419 1.408 1.364 1.471 1.378 1.382 1.671 1.872 1.883 1.863 1.426 1.095 0.909 0.945 1.156 1.298 1.153 1.007 0.805 0.455
-2.853 -2.306 -1.968 -1.87 -1.815 -1.577 -0.787 -0.506 -1.168 -1.06 -1.198 -1.741 -1.753 -1.086 -0.967 -1.022 -0.525 0.354 0.566 0.867 0.496 -0.061 0.123 0.429 0.321 0.438 0.858 1.325 1.432 1.514 1.749 -9 -9 -9 -9 -9 -9 -9 -9 -9 -9 -9 -9 -9 -9 -9 -9 -0.244 -0.153 0.112 0.138 0.12 0.429 0.814 0.777 0.911 1.122 1.093 1.326 1.245 1.319 1.457 1.633 1.751 1.803 1.886 1.879 1.528 1.243 1.277 1.335 1.383 1.343 0.997 0.809 0.739 0.493
-2.795 -2.464 -2.252 -2.117 -1.806 -1.457 -0.82 -0.613 -1.347 -1.51 -1.087 -1.51 -1.804 -1.233 -0.637 -0.379 -0.022 0.674 0.729 0.874 1.03 0.66 0.69 0.682 0.975 1.167 1.315 1.317 0.972 1.157 -9 -9 -9 -9 -9 -9 -9 -9 -9 -9 -9 -9 -9 -9 -9 -9 -9 -9 0.147 0.492 0.468 0.088 0.314 0.491 0.397 0.727 0.729 0.987 1.045 0.86 0.918 1.116 1.273 1.411 1.65 1.893 1.893 1.693 1.513 1.514 1.466 1.207 1.116 0.883 0.635 0.501 0.642
-2.462 -2.599 -2.534 -2.07 -1.759 -1.516 -0.98 -0.673 -1.318 -1.684 -1.434 -1.354 -1.719 -1.426 -0.767 -0.086 0.262 0.184 0.064 0.106 0.628 1.132 1.227 1.241 1.199 1.017 0.913 0.767 0.685 -9 -9 -9 -9 -9 -9 -9 -9 -9 -9 -9 -9 -9 -9 -9 -9 -9 -9 -9 -9 0.743 0.501 -0.02 0.145 0.306 0.366 0.599 0.649 0.863 0.846 0.785 0.84 0.946 1.021 1.143 1.529 1.892 1.897 1.836 1.619 1.467 1.408 1.22 1.054 0.818 0.504 0.625 0.901
-2.323 -2.526 -2.262 -2.11 -1.95 -1.552 -0.901 -0.66 -1.267 -1.751 -1.882 -1.525 -1.331 -1.175 -0.857 0.083 0.006 -0.428 -0.525 -0.328 0.151 0.51 0.768 0.719 0.51 0.327 0.452 0.402 -9 -9 -9 -9 -9 -9 -9 -9 -9 -9 -9 -9 -9 -9 -9 -9 -9 -9 -9 -9 -9 -9 -9 0.015 0.382 0.713 0.685 0.759 0.769 0.675 0.594 0.843 1.105 1.224 1.313 1.327 1.581 1.888 1.901 1.898 1.732 1.57 1.479 1.418 1.242 0.973 0.649 0.929 1.161
-2.474 -2.748 -2.337 -2.339 -2.086 -1.407 -1.083 -0.668 -1.007 -1.241 -1.542 -1.686 -1.171 -0.679 -0.291 0.037 -0.251 -0.617 -0.898 -0.713 -0.404 -0.238 0.152 0.084 0.244 0.533 0.988 -9 -9 -9 -9 -9 -9 -9 -9 -9 -9 -9 -9 -9 -9 -9 -9 -9 -9 -9 -9 -9 -9 -9 -9 -9 0.481 0.819 0.996 1.054 0.864 0.753 0.688 0.794 1.033 1.357 1.646 1.745 1.829 1.903 1.908 1.913 1.846 1.688 1.634 1.572 1.334 1.02 0.99 1.194 1.333
