data/climatemaps/RS_maps/climate_winter_pr_2013.asc
NCOLS 369 
NROWS 228 
XLLCORNER 479000 
YLLCORNER 73000 
CELLSIZE 1000 
NODATA_value -9 
[rows 102 to 135 of 228, columns 76 to 151 of 369]
-0.059 -0.069 -0.064 -0.054 -0.046 -0.043 -0.049 -0.06 -0.073 -0.081 -0.077 -0.067 -0.06 -0.058 -0.081 -0.139 -0.188 -0.225 -0.257 -0.282 -0.299 -0.305 -0.295 -0.271 -0.265 -0.302 -0.35 -0.4 -0.438 -0.479 -0.464 -0.415 -0.371 -0.328 -0.324 -0.336 -0.375 -0.412 -0.454 -0.504 -0.538 -0.563 -0.577 -0.605 -0.624 -0.642 -0.644 -0.647 -0.65 -0.63 -0.592 -0.548 -0.524 -0.54 -0.481 -0.374 -0.285 -0.235 -0.149 -0.037 -0.005 0.015 0.048 0.065 0.09 -0.003 -0.119 -0.28 -0.413 -0.475 -0.519 -0.541 -0.535 -0.514 -0.468 -0.401
-0.045 -0.052 -0.049 -0.043 -0.04 -0.043 -0.05 -0.059 -0.067 -0.057 -0.043 -0.029 -0.036 -0.05 -0.104 -0.16 -0.2 -0.236 -0.268 -0.291 -0.299 -0.289 -0.264 -0.246 -0.249 -0.281 -0.334 -0.392 -0.436 -0.483 -0.467 -0.433 -0.383 -0.344 -0.325 -0.326 -0.355 -0.385 -0.427 -0.485 -0.528 -0.531 -0.553 -0.591 -0.591 -0.601 -0.628 -0.644 -0.652 -0.647 -0.637 -0.615 -0.587 -0.573 -0.539 -0.457 -0.366 -0.266 -0.195 -0.123 -0.06 -0.012 0.027 0.062 0.087 -0.001 -0.136 -0.294 -0.38 -0.421 -0.454 -0.474 -0.511 -0.535 -0.498 -0.45
-0.031 -0.036 -0.034 -0.032 -0.033 -0.039 -0.047 -0.054 -0.049 -0.033 -0.024 -0.034 -0.058 -0.1 -0.144 -0.18 -0.217 -0.251 -0.277 -0.292 -0.292 -0.274 -0.247 -0.233 -0.237 -0.267 -0.329 -0.383 -0.431 -0.481 -0.463 -0.435 -0.393 -0.35 -0.331 -0.337 -0.354 -0.381 -0.417 -0.478 -0.49 -0.518 -0.553 -0.56 -0.519 -0.499 -0.566 -0.617 -0.648 -0.654 -0.642 -0.64 -0.632 -0.59 -0.564 -0.514 -0.42 -0.302 -0.228 -0.16 -0.08 -0.027 -0.007 0.002 -0.001 -0.042 -0.171 -0.29 -0.364 -0.374 -0.391 -0.397 -0.443 -0.483 -0.509 -0.507
-0.019 -0.022 -0.022 -0.023 -0.027 -0.034 -0.04 -0.038 -0.026 -0.021 -0.031 -0.062 -0.097 -0.13 -0.164 -0.201 -0.233 -0.261 -0.28 -0.285 -0.277 -0.254 -0.241 -0.231 -0.234 -0.271 -0.334 -0.383 -0.428 -0.474 -0.466 -0.445 -0.402 -0.368 -0.355 -0.361 -0.376 -0.398 -0.435 -0.464 -0.474 -0.511 -0.527 -0.521 -0.496 -0.461 -0.481 -0.564 -0.619 -0.648 -0.656 -0.649 -0.652 -0.627 -0.591 -0.536 -0.449 -0.344 -0.255 -0.185 -0.116 -0.093 -0.084 -0.063 -0.062 -0.126 -0.209 -0.25 -0.334 -0.393 -0.402 -0.375 -0.374 -0.41 -0.436 -0.437
-0.012 -0.013 -0.014 -0.016 -0.021 -0.026 -0.025 -0.016 -0.009 -0.017 -0.046 -0.084 -0.115 -0.149 -0.182 -0.214 -0.239 -0.257 -0.271 -0.267 -0.244 -0.223 -0.236 -0.247 -0.256 -0.285 -0.328 -0.38 -0.428 -0.462 -0.453 -0.44 -0.428 -0.416 -0.415 -0.412 -0.418 -0.437 -0.465 -0.464 -0.464 -0.5 -0.507 -0.484 -0.416 -0.415 -0.418 -0.456 -0.561 -0.62 -0.654 -0.665 -0.665 -0.641 -0.61 -0.548 -0.445 -0.338 -0.244 -0.203 -0.2 -0.197 -0.188 -0.162 -0.154 -0.192 -0.202 -0.196 -0.248 -0.357 -0.393 -0.381 -0.379 -0.362 -0.391 -0.369
-0.008 -0.008 -0.01 -0.011 -0.011 -0.013 -0.011 -0.008 -0.008 -0.025 -0.062 -0.097 -0.129 -0.162 -0.194 -0.217 -0.231 -0.249 -0.246 -0.231 -0.214 -0.218 -0.234 -0.246 -0.267 -0.287 -0.324 -0.386 -0.411 -0.427 -0.444 -0.452 -0.453 -0.456 -0.471 -0.479 -0.48 -0.49 -0.5 -0.48 -0.504 -0.51 -0.496 -0.454 -0.379 -0.338 -0.322 -0.358 -0.472 -0.582 -0.631 -0.656 -0.668 -0.651 -0.615 -0.554 -0.447 -0.321 -0.235 -0.229 -0.248 -0.233 -0.199 -0.164 -0.183 -0.182 -0.169 -0.193 -0.19 -0.266 -0.368 -0.418 -0.385 -0.345 -0.352 -0.308
-0.009 -0.008 -0.007 -0.002 0.001 -0.001 -0.005 -0.015 -0.028 -0.049 -0.08 -0.11 -0.139 -0.167 -0.189 -0.199 -0.207 -0.222 -0.218 -0.213 -0.202 -0.212 -0.211 -0.223 -0.251 -0.291 -0.333 -0.368 -0.373 -0.376 -0.39 -0.415 -0.436 -0.45 -0.475 -0.49 -0.494 -0.504 -0.531 -0.508 -0.51 -0.5 -0.471 -0.435 -0.36 -0.294 -0.271 -0.311 -0.406 -0.545 -0.577 -0.606 -0.654 -0.653 -0.62 -0.563 -0.471 -0.364 -0.304 -0.292 -0.253 -0.196 -0.142 -0.111 -0.127 -0.104 -0.112 -0.148 -0.152 -0.186 -0.294 -0.403 -0.387 -0.362 -0.331 -0.286
-0.013 -0.009 -0.001 0.009 0.01 0.002 -0.012 -0.031 -0.052 -0.074 -0.098 -0.122 -0.144 -0.157 -0.161 -0.157 -0.172 -0.172 -0.181 -0.191 -0.192 -0.189 -0.187 -0.206 -0.251 -0.301 -0.33 -0.338 -0.338 -0.333 -0.34 -0.366 -0.402 -0.433 -0.467 -0.474 -0.474 -0.486 -0.527 -0.51 -0.491 -0.489 -0.463 -0.425 -0.37 -0.295 -0.255 -0.29 -0.401 -0.528 -0.502 -0.526 -0.615 -0.64 -0.624 -0.577 -0.51 -0.43 -0.374 -0.321 -0.227 -0.155 -0.084 -0.059 -0.042 -0.011 -0.026 -0.087 -0.129 -0.148 -0.247 -0.354 -0.426 -0.411 -0.367 -0.306
-0.015 -0.006 0.004 0.012 0.009 -0.007 -0.029 -0.05 -0.072 -0.092 -0.112 -0.128 -0.136 -0.126 -0.107 -0.107 -0.128 -0.12 -0.135 -0.155 -0.163 -0.164 -0.166 -0.204 -0.266 -0.297 -0.306 -0.3 -0.293 -0.292 -0.303 -0.329 -0.364 -0.396 -0.439 -0.455 -0.455 -0.462 -0.508 -0.51 -0.49 -0.485 -0.453 -0.401 -0.364 -0.319 -0.271 -0.285 -0.409 -0.521 -0.478 -0.482 -0.551 -0.618 -0.622 -0.584 -0.521 -0.438 -0.387 -0.335 -0.205 -0.121 -0.023 0.015 0.057 0.055 0.021 -0.061 -0.136 -0.166 -0.235 -0.314 -0.406 -0.424 -0.382 -0.312
-0.012 -0.002 0.004 0.007 -0.005 -0.026 -0.048 -0.067 -0.087 -0.106 -0.117 -0.118 -0.098 -0.075 -0.058 -0.071 -0.075 -0.079 -0.1 -0.115 -0.123 -0.153 -0.17 -0.224 -0.272 -0.284 -0.278 -0.259 -0.247 -0.241 -0.263 -0.299 -0.331 -0.362 -0.403 -0.432 -0.422 -0.455 -0.496 -0.499 -0.502 -0.502 -0.462 -0.419 -0.365 -0.308 -0.273 -0.283 -0.399 -0.515 -0.473 -0.463 -0.503 -0.589 -0.619 -0.595 -0.532 -0.448 -0.408 -0.345 -0.19 -0.105 -0.023 0.022 0.053 0.042 -0.003 -0.068 -0.127 -0.143 -0.197 -0.251 -0.335 -0.389 -0.378 -0.327
-0.003 -0.001 -0.001 -0.005 -0.026 -0.047 -0.064 -0.083 -0.1 -0.112 -0.11 -0.088 -0.045 -0.011 -0.009 -0.024 -0.023 -0.034 -0.053 -0.066 -0.09 -0.151 -0.204 -0.24 -0.264 -0.272 -0.257 -0.231 -0.213 -0.208 -0.225 -0.267 -0.301 -0.326 -0.362 -0.408 -0.422 -0.459 -0.476 -0.476 -0.495 -0.514 -0.495 -0.466 -0.407 -0.327 -0.258 -0.266 -0.379 -0.51 -0.505 -0.472 -0.485 -0.572 -0.619 -0.609 -0.556 -0.476 -0.446 -0.387 -0.26 -0.178 -0.102 -0.038 0.002 0.024 0.011 -0.064 -0.09 -0.073 -0.109 -0.15 -0.256 -0.316 -0.34 -0.323
0.008 0.002 -0.005 -0.024 -0.044 -0.062 -0.079 -0.095 -0.106 -0.106 -0.089 -0.05 -0.01 0.021 0.018 0.03 0.028 0.013 -0.001 -0.04 -0.093 -0.16 -0.212 -0.239 -0.258 -0.254 -0.243 -0.218 -0.198 -0.186 -0.19 -0.238 -0.272 -0.301 -0.329 -0.371 -0.421 -0.441 -0.444 -0.481 -0.511 -0.513 -0.508 -0.482 -0.434 -0.372 -0.296 -0.277 -0.366 -0.501 -0.546 -0.524 -0.507 -0.575 -0.621 -0.621 -0.586 -0.529 -0.51 -0.455 -0.347 -0.243 -0.144 -0.05 -0.011 0.023 0.01 -0.058 -0.069 -0.038 -0.033 -0.062 -0.173 -0.26 -0.283 -0.274
0.028 0.013 -0.008 -0.03 -0.052 -0.072 -0.089 -0.099 -0.1 -0.088 -0.066 -0.035 -0.011 0.022 0.061 0.08 0.079 0.058 0.02 -0.049 -0.107 -0.144 -0.19 -0.241 -0.253 -0.232 -0.224 -0.215 -0.199 -0.18 -0.185 -0.215 -0.242 -0.282 -0.304 -0.352 -0.414 -0.415 -0.427 -0.482 -0.516 -0.539 -0.534 -0.494 -0.425 -0.376 -0.324 -0.299 -0.368 -0.483 -0.555 -0.571 -0.558 -0.584 -0.622 -0.633 -0.615 -0.591 -0.557 -0.466 -0.333 -0.227 -0.128 -0.074 -0.057 -0.038 -0.042 -0.08 -0.109 -0.071 -0.05 -0.022 -0.073 -0.161 -0.231 -0.24
0.062 0.033 0.007 -0.018 -0.049 -0.077 -0.092 -0.086 -0.079 -0.063 -0.04 -0.002 0.02 0.069 0.101 0.119 0.138 0.095 0.017 -0.048 -0.079 -0.118 -0.173 -0.229 -0.253 -0.22 -0.219 -0.219 -0.21 -0.193 -0.198 -0.197 -0.207 -0.25 -0.296 -0.352 -0.378 -0.398 -0.424 -0.461 -0.492 -0.531 -0.545 -0.498 -0.457 -0.416 -0.366 -0.339 -0.371 -0.46 -0.549 -0.578 -0.569 -0.591 -0.62 -0.643 -0.639 -0.624 -0.579 -0.455 -0.338 -0.253 -0.192 -0.182 -0.14 -0.123 -0.119 -0.127 -0.16 -0.164 -0.113 -0.05 0.01 -0.003 -0.156 -0.266
0.107 0.072 0.035 0.006 -0.038 -0.078 -0.085 -0.068 -0.038 0.01 0.004 0.018 0.045 0.074 0.108 0.143 0.144 0.088 0.034 -0.016 -0.07 -0.113 -0.155 -0.23 -0.246 -0.222 -0.23 -0.225 -0.208 -0.197 -0.2 -0.192 -0.193 -0.232 -0.286 -0.339 -0.355 -0.383 -0.403 -0.437 -0.483 -0.533 -0.547 -0.539 -0.515 -0.477 -0.435 -0.396 -0.4 -0.45 -0.539 -0.573 -0.564 -0.597 -0.62 -0.649 -0.648 -0.633 -0.584 -0.49 -0.424 -0.35 -0.304 -0.269 -0.213 -0.204 -0.202 -0.212 -0.216 -0.174 -0.106 -0.027 0.031 0.062 -0.017 -0.108
0.167 0.124 0.071 0.019 -0.042 -0.078 -0.074 -0.033 0.035 0.079 0.065 0.055 0.066 0.083 0.11 0.146 0.13 0.079 0.043 -0.009 -0.051 -0.105 -0.164 -0.241 -0.258 -0.238 -0.244 -0.248 -0.233 -0.211 -0.205 -0.211 -0.213 -0.251 -0.285 -0.315 -0.331 -0.365 -0.373 -0.404 -0.457 -0.511 -0.547 -0.533 -0.479 -0.439 -0.416 -0.417 -0.408 -0.423 -0.518 -0.563 -0.563 -0.594 -0.625 -0.653 -0.651 -0.635 -0.574 -0.532 -0.473 -0.41 -0.356 -0.32 -0.29 -0.267 -0.253 -0.248 -0.226 -0.169 -0.06 0.043 0.135 0.156 0.102 -0.012
0.218 0.165 0.084 0.013 -0.047 -0.074 -0.054 0.004 0.087 0.126 0.126 0.106 0.077 0.072 0.077 0.098 0.098 0.085 0.033 -0.029 -0.073 -0.129 -0.195 -0.251 -0.245 -0.23 -0.24 -0.256 -0.259 -0.251 -0.249 -0.244 -0.245 -0.275 -0.312 -0.309 -0.333 -0.344 -0.335 -0.363 -0.407 -0.468 -0.509 -0.473 -0.424 -0.373 -0.359 -0.37 -0.396 -0.407 -0.505 -0.55 -0.559 -0.578 -0.626 -0.653 -0.656 -0.649 -0.565 -0.549 -0.482 -0.421 -0.394 -0.367 -0.33 -0.301 -0.269 -0.242 -0.201 -0.154 -0.075 -0.022 0.067 0.084 0.065 -0.022
0.239 0.159 0.072 -0.002 -0.051 -0.064 -0.023 0.054 0.142 0.178 0.179 0.157 0.126 0.11 0.102 0.102 0.102 0.061 -0.009 -0.084 -0.136 -0.188 -0.236 -0.262 -0.241 -0.23 -0.244 -0.264 -0.259 -0.267 -0.27 -0.275 -0.282 -0.286 -0.326 -0.318 -0.328 -0.306 -0.279 -0.3 -0.361 -0.419 -0.464 -0.461 -0.418 -0.389 -0.371 -0.36 -0.353 -0.386 -0.487 -0.534 -0.55 -0.573 -0.622 -0.652 -0.663 -0.663 -0.612 -0.587 -0.554 -0.495 -0.446 -0.391 -0.337 -0.291 -0.276 -0.233 -0.203 -0.185 -0.13 -0.056 0.018 0.046 0.019 -0.001
0.223 0.138 0.051 -0.018 -0.053 -0.036 0.04 0.134 0.213 0.238 0.234 0.209 0.186 0.166 0.14 0.12 0.09 0.033 -0.037 -0.09 -0.164 -0.214 -0.241 -0.254 -0.253 -0.246 -0.257 -0.268 -0.26 -0.249 -0.252 -0.264 -0.296 -0.31 -0.336 -0.318 -0.292 -0.255 -0.225 -0.245 -0.305 -0.347 -0.392 -0.391 -0.384 -0.37 -0.333 -0.318 -0.317 -0.385 -0.488 -0.505 -0.523 -0.553 -0.607 -0.646 -0.66 -0.664 -0.65 -0.628 -0.578 -0.489 -0.398 -0.313 -0.234 -0.175 -0.195 -0.218 -0.175 -0.12 -0.033 0.061 0.158 0.164 0.117 0.073
0.19 0.118 0.032 -0.031 -0.037 0.016 0.105 0.206 0.276 0.294 0.282 0.247 0.218 0.18 0.154 0.125 0.073 0.016 -0.046 -0.11 -0.18 -0.207 -0.226 -0.233 -0.248 -0.257 -0.267 -0.266 -0.263 -0.243 -0.239 -0.249 -0.291 -0.34 -0.363 -0.344 -0.3 -0.238 -0.21 -0.214 -0.211 -0.239 -0.272 -0.29 -0.283 -0.259 -0.236 -0.252 -0.313 -0.415 -0.486 -0.473 -0.499 -0.541 -0.585 -0.631 -0.651 -0.66 -0.658 -0.639 -0.555 -0.458 -0.363 -0.269 -0.184 -0.132 -0.117 -0.14 -0.083 -0.016 0.071 0.174 0.27 0.241 0.315 0.247
0.176 0.092 0.009 -0.029 0.001 0.067 0.167 0.27 0.327 0.342 0.322 0.264 0.214 0.172 0.145 0.096 0.052 0.007 -0.065 -0.143 -0.178 -0.184 -0.189 -0.192 -0.2 -0.231 -0.259 -0.257 -0.257 -0.252 -0.242 -0.23 -0.278 -0.352 -0.42 -0.394 -0.363 -0.287 -0.185 -0.122 -0.083 -0.086 -0.126 -0.153 -0.154 -0.139 -0.11 -0.171 -0.266 -0.39 -0.463 -0.467 -0.479 -0.52 -0.562 -0.611 -0.637 -0.652 -0.658 -0.648 -0.555 -0.47 -0.385 -0.28 -0.167 -0.109 -0.075 -0.082 -0.02 0.075 0.141 0.261 0.388 0.396 0.481 0.388
0.173 0.056 -0.002 0.001 0.052 0.13 0.236 0.33 0.376 0.376 0.337 0.264 0.206 0.157 0.116 0.064 0.046 -0.002 -0.081 -0.154 -0.169 -0.157 -0.149 -0.149 -0.155 -0.179 -0.211 -0.224 -0.241 -0.247 -0.22 -0.214 -0.275 -0.359 -0.435 -0.427 -0.387 -0.282 -0.136 -0.012 0.061 0.057 0.018 0.014 0.004 -0.007 0.022 -0.075 -0.203 -0.337 -0.422 -0.444 -0.454 -0.489 -0.534 -0.582 -0.616 -0.638 -0.653 -0.656 -0.618 -0.543 -0.429 -0.325 -0.222 -0.104 -0.067 -0.071 0.036 0.146 0.206 0.356 0.451 0.521 0.518 0.392
0.142 0.03 0.009 0.047 0.122 0.209 0.315 0.39 0.418 0.376 0.306 0.232 0.172 0.122 0.079 0.044 0.029 -0.02 -0.086 -0.155 -0.168 -0.147 -0.128 -0.097 -0.107 -0.107 -0.131 -0.149 -0.19 -0.23 -0.217 -0.23 -0.288 -0.361 -0.417 -0.381 -0.317 -0.199 -0.049 0.078 0.14 0.162 0.152 0.179 0.157 0.137 0.124 -0.011 -0.155 -0.266 -0.371 -0.398 -0.402 -0.441 -0.495 -0.54 -0.584 -0.617 -0.641 -0.657 -0.656 -0.618 -0.52 -0.42 -0.3 -0.196 -0.164 -0.112 0.021 0.163 0.295 0.361 0.378 0.534 0.486 0.358
0.099 0.028 0.05 0.113 0.199 0.291 0.385 0.435 0.421 0.353 0.276 0.198 0.142 0.098 0.07 0.051 0.027 -0.03 -0.088 -0.156 -0.168 -0.139 -0.1 -0.057 -0.022 -0.007 -0.005 -0.041 -0.088 -0.162 -0.202 -0.2 -0.246 -0.323 -0.371 -0.31 -0.234 -0.153 -0.058 0.046 0.077 0.16 0.201 0.222 0.246 0.239 0.167 0.055 -0.027 -0.136 -0.284 -0.33 -0.353 -0.385 -0.442 -0.489 -0.536 -0.58 -0.619 -0.646 -0.662 -0.662 -0.627 -0.537 -0.409 -0.332 -0.309 -0.189 -0.031 0.175 0.278 0.23 0.41 0.507 0.409 0.308
0.069 0.061 0.102 0.18 0.277 0.365 0.427 0.434 0.391 0.33 0.255 0.211 0.176 0.141 0.122 0.096 0.052 -0.009 -0.082 -0.147 -0.152 -0.109 -0.057 -0.014 0.06 0.105 0.133 0.111 0.07 -0.041 -0.114 -0.089 -0.124 -0.219 -0.313 -0.304 -0.269 -0.221 -0.144 -0.057 -0.029 0.061 0.107 0.153 0.221 0.286 0.216 0.19 0.113 0.011 -0.109 -0.202 -0.272 -0.325 -0.377 -0.428 -0.475 -0.526 -0.576 -0.624 -0.653 -0.673 -0.676 -0.644 -0.555 -0.496 -0.432 -0.301 -0.098 0.075 0.082 0.233 0.431 0.396 0.299 0.15
0.084 0.11 0.162 0.251 0.338 0.385 0.421 0.402 0.372 0.319 0.27 0.256 0.238 0.222 0.225 0.199 0.125 0.05 -0.052 -0.137 -0.129 -0.081 -0.02 -0.001 0.12 0.221 0.284 0.273 0.173 0.034 0.027 0.083 0.055 -0.03 -0.206 -0.294 -0.281 -0.275 -0.234 -0.15 -0.061 -0.024 0.088 0.157 0.284 0.348 0.362 0.356 0.28 0.223 0.137 0.026 -0.068 -0.213 -0.311 -0.37 -0.398 -0.443 -0.522 -0.577 -0.627 -0.666 -0.688 -0.695 -0.678 -0.642 -0.573 -0.456 -0.228 -0.145 0.064 0.253 0.28 0.182 0.174 -0.027
0.123 0.177 0.234 0.315 0.36 0.384 0.4 0.398 0.375 0.335 0.33 0.322 0.32 0.337 0.337 0.31 0.235 0.11 -0.049 -0.126 -0.14 -0.129 -0.101 0.01 0.169 0.309 0.409 0.34 0.2 0.138 0.126 0.199 0.188 0.044 -0.162 -0.196 -0.117 -0.174 -0.157 -0.079 -0.001 -0.028 0.158 0.251 0.399 0.441 0.454 0.425 0.419 0.391 0.338 0.289 0.218 0.048 -0.095 -0.247 -0.359 -0.421 -0.482 -0.535 -0.575 -0.636 -0.68 -0.704 -0.716 -0.713 -0.693 -0.613 -0.435 -0.216 0.013 0.065 0.016 -0.002 -0.041 -0.274
0.18 0.246 0.311 0.363 0.383 0.408 0.433 0.432 0.38 0.381 0.402 0.407 0.439 0.472 0.528 0.486 0.351 0.181 -0.034 -0.161 -0.185 -0.198 -0.107 0.037 0.204 0.399 0.414 0.307 0.297 0.266 0.216 0.308 0.234 0.07 -0.116 -0.077 -0.01 -0.12 -0.097 0.012 0.055 0.009 0.185 0.341 0.367 0.411 0.405 0.263 0.195 0.171 0.173 0.286 0.348 0.241 0.155 -0.019 -0.124 -0.321 -0.428 -0.497 -0.536 -0.58 -0.641 -0.681 -0.714 -0.725 -0.722 -0.692 -0.554 -0.3 -0.206 -0.186 -0.244 -0.172 -0.273 -0.423
0.261 0.332 0.38 0.411 0.409 0.422 0.45 0.428 0.382 0.414 0.449 0.497 0.558 0.589 0.632 0.552 0.382 0.188 -0.026 -0.189 -0.245 -0.19 -0.095 0.048 0.236 0.387 0.357 0.315 0.338 0.368 0.296 0.341 0.228 0.074 -0.031 0.035 0.057 -0.041 -0.085 0.043 0.08 0.077 0.225 0.223 0.205 0.145 0.277 0.201 0.036 0.096 0.223 0.224 0.237 0.306 0.258 0.155 -0.022 -0.209 -0.328 -0.429 -0.502 -0.538 -0.58 -0.63 -0.682 -0.711 -0.722 -0.71 -0.639 -0.504 -0.463 -0.448 -0.464 -0.397 -0.463 -0.521
0.347 0.415 0.454 0.459 0.427 0.437 0.446 0.401 0.391 0.432 0.482 0.534 0.604 0.632 0.608 0.493 0.312 0.101 -0.088 -0.22 -0.242 -0.16 -0.068 0.077 0.244 0.363 0.379 0.373 0.341 0.414 0.371 0.374 0.226 0.048 0.014 0.064 0.072 0.049 -0.005 0.143 0.181 0.168 0.218 0.199 0.174 -0.014 -0.064 -0.094 -0.112 0.009 0.024 0.029 0.008 0.013 0.004 -0.04 -0.057 -0.149 -0.212 -0.39 -0.454 -0.486 -0.512 -0.543 -0.617 -0.675 -0.705 -0.708 -0.689 -0.65 -0.621 -0.592 -0.565 -0.542 -0.532 -0.531
0.428 0.493 0.511 0.492 0.461 0.456 0.433 0.39 0.41 0.438 0.481 0.536 0.587 0.582 0.527 0.413 0.228 0.034 -0.141 -0.25 -0.243 -0.156 -0.018 0.114 0.197 0.282 0.344 0.35 0.344 0.405 0.359 0.307 0.13 0.044 0.08 0.165 0.143 0.105 0.116 0.236 0.269 0.248 0.141 0.032 -0.102 -0.213 -0.313 -0.3 -0.286 -0.286 -0.329 -0.319 -0.308 -0.323 -0.322 -0.343 -0.36 -0.397 -0.372 -0.342 -0.362 -0.387 -0.444 -0.466 -0.53 -0.608 -0.665 -0.682 -0.682 -0.66 -0.632 -0.602 -0.568 -0.537 -0.497 -0.427
0.491 0.539 0.544 0.533 0.52 0.491 0.434 0.411 0.426 0.442 0.47 0.516 0.547 0.537 0.475 0.334 0.149 -0.025 -0.192 -0.287 -0.251 -0.143 -0.003 0.06 0.098 0.126 0.147 0.206 0.233 0.313 0.317 0.245 0.115 0.127 0.136 0.211 0.219 0.25 0.296 0.282 0.201 0.084 -0.082 -0.236 -0.357 -0.434 -0.465 -0.492 -0.506 -0.524 -0.539 -0.549 -0.543 -0.531 -0.515 -0.519 -0.485 -0.418 -0.332 -0.221 -0.119 -0.142 -0.316 -0.413 -0.448 -0.511 -0.576 -0.6 -0.623 -0.619 -0.591 -0.543 -0.485 -0.435 -0.314 -0.19
0.519 0.57 0.591 0.603 0.593 0.546 0.472 0.425 0.405 0.409 0.434 0.473 0.507 0.504 0.422 0.255 0.074 -0.087 -0.25 -0.331 -0.277 -0.143 -0.044 -0.06 -0.046 -0.039 -0.023 0.03 0.114 0.247 0.32 0.299 0.214 0.184 0.197 0.301 0.313 0.365 0.383 0.293 0.104 -0.101 -0.293 -0.439 -0.479 -0.466 -0.458 -0.482 -0.5 -0.498 -0.506 -0.517 -0.529 -0.5 -0.519 -0.515 -0.412 -0.279 -0.147 0.023 0.202 0.206 -0.077 -0.339 -0.418 -0.449 -0.477 -0.466 -0.475 -0.484 -0.451 -0.381 -0.269 -0.162 0.003 -0.032
0.531 0.577 0.639 0.667 0.661 0.606 0.516 0.439 0.385 0.37 0.391 0.439 0.475 0.443 0.325 0.165 0.008 -0.151 -0.312 -0.381 -0.311 -0.159 -0.091 -0.155 -0.19 -0.139 -0.054 -0.026 0.045 0.226 0.326 0.294 0.28 0.194 0.274 0.315 0.307 0.297 0.349 0.191 0.002 -0.23 -0.418 -0.494 -0.456 -0.389 -0.326 -0.316 -0.308 -0.269 -0.271 -0.328 -0.382 -0.377 -0.5 -0.439 -0.277 -0.087 0.055 0.211 0.356 0.338 0.081 -0.245 -0.424 -0.437 -0.421 -0.365 -0.282 -0.25 -0.193 -0.145 0.023 0.198 0.2 0.095
