data/climatemaps/RS_maps/climate_postbreed_tmp_2015.asc
NCOLS 369 
NROWS 228 
XLLCORNER 479000 
YLLCORNER 73000 
CELLSIZE 1000 
NODATA_value -9 
[rows 34 to 67 of 228, columns 154 to 230 of 369]
0.819 0.856 0.891 0.912 0.907 0.917 0.91 0.91 0.907 0.892 0.892 0.892 0.892 0.83 0.726 0.792 0.796 0.718 0.755 0.804 0.734 0.761 0.694 0.698 0.699 0.772 0.875 0.862 0.843 0.804 0.824 0.746 0.67 0.673 0.673 0.682 0.672 0.74 0.694 0.752 0.712 0.725 0.699 0.75 0.809 0.817 0.787 0.801 0.821 0.799 0.776 0.833 0.762 0.62 0.572 0.649 0.659 0.632 0.642 0.721 0.771 0.794 0.781 0.771 0.743 0.719 0.712 0.752 0.781 0.778 0.767 0.776 0.782 0.783 0.752 0.745 0.79
0.772 0.745 0.782 0.839 0.813 0.847 0.871 0.877 0.893 0.852 0.846 0.84 0.865 0.819 0.764 0.742 0.812 0.742 0.753 0.792 0.691 0.694 0.669 0.651 0.713 0.801 0.866 0.857 0.847 0.787 0.802 0.782 0.735 0.732 0.66 0.642 0.65 0.704 0.718 0.682 0.755 0.692 0.634 0.641 0.799 0.804 0.766 0.78 0.809 0.787 0.76 0.752 0.831 0.763 0.667 0.609 0.627 0.673 0.703 0.765 0.786 0.796 0.785 0.768 0.762 0.741 0.732 0.745 0.748 0.741 0.741 0.711 0.718 0.734 0.714 0.716 0.729
0.783 0.766 0.694 0.736 0.789 0.759 0.769 0.794 0.85 0.858 0.798 0.772 0.832 0.797 0.71 0.723 0.795 0.671 0.651 0.749 0.679 0.644 0.599 0.619 0.713 0.836 0.866 0.859 0.821 0.777 0.77 0.769 0.795 0.785 0.72 0.651 0.668 0.678 0.685 0.648 0.644 0.761 0.72 0.724 0.803 0.811 0.765 0.804 0.819 0.796 0.78 0.719 0.79 0.825 0.781 0.751 0.717 0.732 0.785 0.799 0.752 0.781 0.764 0.745 0.733 0.751 0.759 0.757 0.74 0.727 0.701 0.669 0.664 0.671 0.704 0.698 0.713
0.725 0.788 0.756 0.689 0.719 0.741 0.738 0.748 0.785 0.85 0.84 0.794 0.769 0.784 0.634 0.638 0.679 0.669 0.646 0.701 0.691 0.667 0.707 0.722 0.697 0.836 0.873 0.84 0.727 0.714 0.688 0.68 0.734 0.777 0.789 0.731 0.742 0.691 0.634 0.631 0.622 0.686 0.739 0.723 0.791 0.814 0.788 0.821 0.826 0.819 0.795 0.728 0.723 0.811 0.791 0.748 0.791 0.8 0.807 0.794 0.776 0.782 0.739 0.755 0.713 0.709 0.758 0.762 0.738 0.716 0.669 0.669 0.648 0.669 0.661 0.648 0.714
0.662 0.67 0.719 0.741 0.693 0.701 0.738 0.711 0.739 0.821 0.862 0.802 0.661 0.689 0.646 0.645 0.693 0.663 0.616 0.692 0.736 0.767 0.773 0.817 0.838 0.854 0.859 0.798 0.718 0.689 0.66 0.632 0.662 0.742 0.789 0.769 0.762 0.748 0.664 0.642 0.622 0.664 0.72 0.74 0.776 0.822 0.798 0.832 0.82 0.826 0.79 0.714 0.679 0.789 0.786 0.681 0.703 0.732 0.733 0.746 0.791 0.783 0.751 0.77 0.746 0.718 0.763 0.76 0.742 0.714 0.694 0.701 0.703 0.701 0.654 0.688 0.735
0.651 0.609 0.672 0.748 0.724 0.683 0.646 0.673 0.763 0.825 0.854 0.844 0.807 0.782 0.735 0.725 0.75 0.685 0.643 0.623 0.688 0.685 0.739 0.821 0.833 0.792 0.836 0.865 0.819 0.743 0.689 0.644 0.632 0.736 0.776 0.776 0.732 0.748 0.768 0.751 0.726 0.709 0.75 0.776 0.795 0.833 0.826 0.828 0.806 0.812 0.794 0.715 0.667 0.749 0.792 0.696 0.663 0.652 0.64 0.707 0.738 0.757 0.764 0.773 0.767 0.761 0.767 0.715 0.7 0.715 0.709 0.674 0.649 0.707 0.731 0.741 0.746
0.634 0.629 0.682 0.747 0.731 0.574 0.536 0.687 0.797 0.83 0.788 0.738 0.756 0.754 0.781 0.791 0.753 0.733 0.688 0.641 0.678 0.716 0.739 0.826 0.793 0.785 0.883 0.878 0.863 0.849 0.814 0.757 0.676 0.722 0.748 0.736 0.673 0.662 0.692 0.711 0.733 0.739 0.772 0.808 0.823 0.834 0.822 0.826 0.816 0.812 0.797 0.725 0.677 0.734 0.77 0.747 0.707 0.647 0.612 0.669 0.667 0.709 0.775 0.735 0.728 0.768 0.768 0.709 0.653 0.682 0.671 0.642 0.567 0.628 0.701 0.674 0.684
0.706 0.669 0.682 0.639 0.601 0.57 0.696 0.729 0.79 0.765 0.695 0.698 0.774 0.753 0.77 0.77 0.762 0.73 0.681 0.651 0.694 0.731 0.771 0.839 0.851 0.873 0.893 0.845 0.787 0.821 0.829 0.822 0.795 0.739 0.7 0.648 0.583 0.57 0.586 0.588 0.605 0.653 0.728 0.802 0.831 0.831 0.819 0.826 0.826 0.823 0.813 0.757 0.705 0.724 0.697 0.72 0.694 0.667 0.625 0.641 0.612 0.699 0.767 0.707 0.663 0.701 0.738 0.73 0.668 0.611 0.633 0.616 0.585 0.623 0.616 0.67 0.671
0.724 0.646 0.654 0.548 0.556 0.588 0.717 0.747 0.746 0.707 0.705 0.705 0.748 0.775 0.733 0.752 0.711 0.688 0.664 0.663 0.725 0.783 0.837 0.872 0.861 0.859 0.883 0.822 0.74 0.714 0.742 0.785 0.852 0.798 0.707 0.674 0.643 0.627 0.665 0.641 0.605 0.609 0.68 0.782 0.816 0.817 0.826 0.817 0.835 0.826 0.825 0.797 0.737 0.729 0.687 0.686 0.656 0.64 0.642 0.635 0.624 0.674 0.757 0.72 0.671 0.687 0.71 0.703 0.675 0.644 0.571 0.55 0.552 0.547 0.557 0.598 0.638
0.733 0.722 0.637 0.632 0.605 0.6 0.711 0.674 0.716 0.71 0.69 0.674 0.735 0.751 0.709 0.716 0.655 0.648 0.625 0.664 0.775 0.865 0.855 0.828 0.825 0.838 0.866 0.83 0.779 0.715 0.732 0.766 0.839 0.84 0.806 0.776 0.75 0.752 0.785 0.756 0.726 0.696 0.725 0.747 0.788 0.8 0.819 0.807 0.835 0.828 0.831 0.822 0.798 0.766 0.727 0.698 0.69 0.662 0.658 0.645 0.645 0.667 0.712 0.663 0.726 0.705 0.714 0.689 0.69 0.633 0.586 0.532 0.517 0.466 0.451 0.528 0.583
0.701 0.661 0.68 0.651 0.606 0.619 0.693 0.649 0.703 0.73 0.666 0.58 0.667 0.702 0.643 0.659 0.592 0.584 0.589 0.712 0.815 0.876 0.823 0.788 0.823 0.831 0.841 0.862 0.836 0.794 0.79 0.758 0.816 0.853 0.846 0.81 0.756 0.806 0.819 0.818 0.816 0.806 0.807 0.797 0.791 0.771 0.771 0.795 0.816 0.831 0.839 0.829 0.819 0.798 0.784 0.746 0.724 0.717 0.687 0.663 0.66 0.671 0.712 0.624 0.655 0.594 0.611 0.691 0.711 0.659 0.616 0.587 0.553 0.514 0.51 0.462 0.609
0.693 0.633 0.619 0.646 0.625 0.619 0.678 0.57 0.612 0.71 0.635 0.519 0.589 0.674 0.579 0.569 0.597 0.622 0.675 0.794 0.863 0.88 0.819 0.815 0.841 0.841 0.836 0.851 0.859 0.835 0.82 0.788 0.733 0.781 0.849 0.835 0.807 0.826 0.821 0.82 0.827 0.838 0.837 0.836 0.82 0.808 0.776 0.764 0.777 0.819 0.84 0.839 0.812 0.793 0.783 0.798 0.775 0.743 0.727 0.701 0.694 0.715 0.712 0.62 0.582 0.552 0.607 0.653 0.664 0.69 0.68 0.656 0.638 0.614 0.557 0.501 0.604
0.672 0.661 0.645 0.628 0.632 0.569 0.635 0.51 0.505 0.64 0.583 0.552 0.557 0.626 0.567 0.595 0.691 0.725 0.74 0.796 0.858 0.88 0.789 0.791 0.837 0.842 0.842 0.85 0.859 0.838 0.832 0.807 0.698 0.673 0.803 0.85 0.848 0.809 0.764 0.723 0.722 0.773 0.811 0.839 0.832 0.819 0.817 0.806 0.787 0.804 0.822 0.84 0.814 0.777 0.761 0.775 0.798 0.776 0.732 0.72 0.707 0.72 0.709 0.639 0.576 0.564 0.63 0.607 0.598 0.649 0.631 0.64 0.64 0.635 0.595 0.575 0.568
0.642 0.651 0.647 0.596 0.59 0.484 0.515 0.471 0.488 0.537 0.509 0.591 0.595 0.627 0.552 0.604 0.69 0.66 0.655 0.735 0.816 0.884 0.777 0.714 0.794 0.835 0.835 0.846 0.86 0.852 0.833 0.815 0.752 0.64 0.682 0.805 0.865 0.866 0.862 0.804 0.759 0.727 0.727 0.779 0.808 0.821 0.823 0.835 0.833 0.82 0.821 0.836 0.833 0.796 0.776 0.789 0.802 0.788 0.754 0.743 0.718 0.723 0.705 0.68 0.629 0.611 0.609 0.592 0.547 0.606 0.595 0.549 0.615 0.63 0.559 0.518 0.496
0.635 0.632 0.62 0.508 0.481 0.435 0.401 0.472 0.558 0.549 0.537 0.644 0.714 0.71 0.645 0.664 0.663 0.664 0.704 0.781 0.827 0.885 0.823 0.765 0.754 0.795 0.833 0.843 0.857 0.895 0.861 0.827 0.805 0.717 0.617 0.683 0.824 0.869 0.886 0.887 0.855 0.81 0.816 0.718 0.727 0.757 0.777 0.808 0.816 0.822 0.834 0.84 0.838 0.808 0.798 0.805 0.817 0.796 0.751 0.738 0.731 0.726 0.709 0.703 0.673 0.645 0.594 0.563 0.539 0.598 0.584 0.518 0.578 0.64 0.579 0.525 0.519
0.547 0.612 0.61 0.519 0.411 0.501 0.476 0.546 0.664 0.678 0.697 0.716 0.765 0.796 0.795 0.816 0.808 0.819 0.831 0.861 0.874 0.87 0.86 0.849 0.827 0.817 0.832 0.83 0.856 0.9 0.896 0.858 0.843 0.779 0.661 0.626 0.719 0.846 0.885 0.89 0.887 0.877 0.869 0.864 0.832 0.802 0.763 0.772 0.78 0.825 0.829 0.833 0.838 0.84 0.823 0.824 0.821 0.819 0.776 0.744 0.737 0.724 0.706 0.71 0.703 0.674 0.626 0.54 0.577 0.566 0.574 0.526 0.545 0.605 0.606 0.528 0.547
0.402 0.568 0.504 0.465 0.457 0.541 0.587 0.56 0.654 0.75 0.756 0.739 0.797 0.843 0.849 0.852 0.846 0.846 0.865 0.867 0.855 0.847 0.86 0.834 0.833 0.844 0.767 0.74 0.767 0.816 0.875 0.894 0.874 0.848 0.721 0.604 0.614 0.761 0.858 0.883 0.89 0.882 0.885 0.881 0.883 0.873 0.84 0.799 0.765 0.806 0.804 0.773 0.796 0.827 0.836 0.833 0.824 0.823 0.809 0.777 0.763 0.737 0.702 0.701 0.724 0.7 0.661 0.597 0.596 0.521 0.522 0.498 0.515 0.599 0.557 0.496 0.483
0.455 0.508 0.432 0.51 0.618 0.611 0.679 0.707 0.732 0.795 0.809 0.809 0.837 0.847 0.847 0.844 0.834 0.833 0.842 0.848 0.84 0.845 0.85 0.825 0.828 0.851 0.816 0.755 0.779 0.752 0.818 0.898 0.893 0.87 0.781 0.647 0.576 0.693 0.812 0.853 0.87 0.876 0.854 0.841 0.866 0.894 0.888 0.879 0.859 0.842 0.794 0.682 0.693 0.763 0.802 0.829 0.829 0.822 0.816 0.806 0.786 0.77 0.732 0.702 0.709 0.716 0.693 0.661 0.602 0.521 0.479 0.461 0.525 0.601 0.582 0.501 0.467
0.487 0.424 0.427 0.576 0.713 0.743 0.764 0.738 0.724 0.814 0.842 0.845 0.821 0.827 0.837 0.844 0.832 0.835 0.838 0.835 0.843 0.832 0.845 0.809 0.806 0.841 0.855 0.831 0.789 0.752 0.8 0.883 0.908 0.896 0.834 0.704 0.584 0.659 0.774 0.817 0.825 0.86 0.783 0.758 0.8 0.867 0.885 0.89 0.884 0.874 0.826 0.71 0.668 0.68 0.714 0.775 0.822 0.83 0.822 0.816 0.807 0.786 0.756 0.729 0.698 0.712 0.708 0.695 0.642 0.562 0.519 0.523 0.577 0.56 0.586 0.457 0.406
0.516 0.487 0.612 0.733 0.753 0.788 0.766 0.732 0.745 0.829 0.798 0.783 0.777 0.806 0.812 0.835 0.809 0.805 0.814 0.782 0.832 0.821 0.834 0.811 0.767 0.815 0.853 0.86 0.819 0.757 0.8 0.868 0.909 0.928 0.885 0.78 0.663 0.689 0.779 0.789 0.805 0.848 0.786 0.722 0.727 0.812 0.871 0.879 0.882 0.879 0.862 0.797 0.707 0.634 0.631 0.693 0.748 0.813 0.832 0.827 0.815 0.802 0.784 0.752 0.715 0.683 0.701 0.705 0.683 0.627 0.599 0.584 0.549 0.492 0.568 0.567 0.5
0.683 0.687 0.728 0.772 0.787 0.812 0.793 0.802 0.821 0.824 0.754 0.763 0.8 0.805 0.813 0.823 0.812 0.774 0.766 0.762 0.825 0.818 0.804 0.773 0.766 0.773 0.832 0.858 0.86 0.801 0.805 0.841 0.887 0.922 0.923 0.858 0.745 0.755 0.769 0.73 0.785 0.822 0.801 0.751 0.696 0.694 0.786 0.853 0.874 0.879 0.886 0.848 0.774 0.677 0.644 0.636 0.677 0.738 0.815 0.833 0.829 0.808 0.804 0.781 0.755 0.704 0.688 0.711 0.705 0.673 0.611 0.58 0.512 0.4 0.501 0.524 0.512
0.691 0.768 0.809 0.806 0.814 0.823 0.832 0.833 0.831 0.79 0.739 0.78 0.809 0.816 0.782 0.764 0.81 0.784 0.748 0.73 0.806 0.815 0.797 0.741 0.727 0.696 0.797 0.858 0.873 0.867 0.831 0.822 0.86 0.886 0.923 0.904 0.801 0.767 0.72 0.675 0.731 0.798 0.821 0.777 0.73 0.63 0.646 0.806 0.875 0.881 0.902 0.874 0.817 0.739 0.684 0.634 0.63 0.675 0.752 0.836 0.84 0.819 0.806 0.792 0.758 0.735 0.697 0.711 0.713 0.709 0.597 0.517 0.456 0.415 0.51 0.423 0.381
0.738 0.795 0.802 0.772 0.798 0.814 0.82 0.819 0.8 0.771 0.737 0.791 0.806 0.802 0.717 0.706 0.752 0.81 0.771 0.73 0.772 0.82 0.822 0.787 0.726 0.637 0.714 0.824 0.866 0.873 0.861 0.837 0.845 0.851 0.902 0.921 0.86 0.772 0.724 0.678 0.73 0.776 0.805 0.777 0.763 0.718 0.604 0.73 0.865 0.883 0.911 0.899 0.84 0.755 0.691 0.665 0.612 0.624 0.679 0.803 0.838 0.83 0.814 0.799 0.777 0.75 0.701 0.699 0.717 0.712 0.664 0.551 0.443 0.449 0.471 0.412 0.337
0.787 0.791 0.793 0.74 0.71 0.72 0.746 0.746 0.759 0.763 0.752 0.804 0.806 0.795 0.707 0.687 0.705 0.786 0.772 0.715 0.728 0.799 0.83 0.82 0.745 0.631 0.645 0.775 0.837 0.844 0.873 0.869 0.852 0.84 0.871 0.912 0.904 0.823 0.755 0.718 0.73 0.741 0.772 0.733 0.785 0.735 0.661 0.64 0.847 0.865 0.91 0.912 0.868 0.764 0.662 0.641 0.623 0.554 0.612 0.749 0.825 0.844 0.834 0.82 0.782 0.745 0.716 0.713 0.72 0.712 0.692 0.617 0.546 0.524 0.485 0.387 0.36
0.718 0.76 0.765 0.679 0.639 0.625 0.658 0.695 0.741 0.75 0.745 0.795 0.801 0.792 0.724 0.674 0.688 0.772 0.759 0.712 0.707 0.755 0.809 0.826 0.793 0.708 0.662 0.738 0.806 0.807 0.827 0.877 0.879 0.857 0.862 0.903 0.931 0.9 0.813 0.754 0.726 0.723 0.73 0.695 0.793 0.727 0.688 0.674 0.836 0.843 0.879 0.913 0.911 0.802 0.728 0.695 0.649 0.578 0.598 0.677 0.768 0.838 0.84 0.828 0.818 0.767 0.733 0.713 0.722 0.716 0.705 0.668 0.585 0.506 0.447 0.409 0.289
0.608 0.781 0.779 0.734 0.713 0.712 0.712 0.724 0.741 0.73 0.745 0.781 0.787 0.789 0.733 0.675 0.659 0.758 0.728 0.724 0.713 0.715 0.751 0.825 0.834 0.779 0.713 0.75 0.763 0.787 0.761 0.829 0.887 0.878 0.852 0.873 0.924 0.937 0.875 0.803 0.751 0.733 0.68 0.738 0.793 0.716 0.701 0.649 0.841 0.851 0.841 0.913 0.913 0.865 0.773 0.682 0.659 0.635 0.583 0.613 0.718 0.801 0.834 0.835 0.827 0.79 0.76 0.723 0.714 0.724 0.716 0.7 0.62 0.524 0.449 0.381 0.227
0.699 0.802 0.803 0.79 0.776 0.754 0.706 0.69 0.671 0.676 0.723 0.753 0.759 0.769 0.716 0.662 0.681 0.773 0.739 0.688 0.643 0.657 0.703 0.803 0.846 0.83 0.768 0.775 0.752 0.721 0.757 0.776 0.869 0.886 0.877 0.867 0.912 0.946 0.919 0.84 0.812 0.748 0.753 0.813 0.759 0.705 0.725 0.588 0.785 0.857 0.826 0.901 0.915 0.901 0.802 0.696 0.622 0.596 0.512 0.524 0.673 0.753 0.801 0.832 0.835 0.812 0.789 0.75 0.724 0.716 0.716 0.71 0.668 0.593 0.517 0.4 0.226
0.796 0.804 0.799 0.798 0.788 0.753 0.686 0.658 0.637 0.677 0.716 0.74 0.758 0.76 0.716 0.66 0.665 0.751 0.779 0.703 0.638 0.591 0.641 0.706 0.827 0.854 0.8 0.773 0.731 0.67 0.699 0.735 0.844 0.885 0.893 0.893 0.91 0.955 0.95 0.897 0.856 0.8 0.829 0.785 0.7 0.687 0.685 0.55 0.747 0.825 0.807 0.872 0.924 0.918 0.868 0.747 0.664 0.595 0.5 0.468 0.598 0.727 0.769 0.808 0.823 0.828 0.822 0.782 0.75 0.718 0.715 0.705 0.695 0.655 0.563 0.411 0.199
0.765 0.79 0.782 0.791 0.789 0.761 0.699 0.668 0.613 0.65 0.71 0.694 0.768 0.719 0.717 0.717 0.671 0.706 0.774 0.764 0.704 0.644 0.583 0.621 0.796 0.864 0.823 0.771 0.715 0.639 0.654 0.705 0.813 0.872 0.895 0.887 0.912 0.961 0.957 0.923 0.883 0.854 0.861 0.812 0.71 0.641 0.668 0.515 0.665 0.807 0.823 0.832 0.903 0.924 0.91 0.81 0.733 0.668 0.591 0.503 0.532 0.676 0.754 0.797 0.797 0.796 0.809 0.793 0.762 0.734 0.721 0.716 0.714 0.694 0.622 0.441 0.289
0.744 0.753 0.767 0.76 0.788 0.771 0.692 0.617 0.616 0.681 0.715 0.669 0.75 0.758 0.668 0.695 0.711 0.691 0.702 0.765 0.768 0.716 0.646 0.606 0.792 0.867 0.836 0.76 0.711 0.643 0.603 0.673 0.746 0.834 0.885 0.887 0.912 0.967 0.968 0.943 0.9 0.855 0.866 0.846 0.738 0.669 0.642 0.527 0.58 0.739 0.823 0.799 0.856 0.924 0.922 0.89 0.821 0.765 0.708 0.634 0.593 0.622 0.714 0.777 0.782 0.769 0.776 0.789 0.766 0.747 0.734 0.745 0.744 0.728 0.681 0.553 0.477
0.729 0.764 0.763 0.753 0.786 0.775 0.714 0.656 0.606 0.702 0.674 0.62 0.715 0.759 0.697 0.635 0.676 0.68 0.621 0.705 0.773 0.753 0.635 0.584 0.77 0.867 0.863 0.774 0.706 0.648 0.575 0.616 0.711 0.784 0.864 0.886 0.908 0.967 0.972 0.963 0.921 0.864 0.866 0.846 0.781 0.658 0.628 0.643 0.547 0.615 0.766 0.791 0.793 0.905 0.93 0.923 0.892 0.852 0.817 0.77 0.732 0.678 0.663 0.728 0.759 0.748 0.763 0.772 0.753 0.756 0.744 0.764 0.771 0.763 0.726 0.677 0.626
0.731 0.772 0.746 0.726 0.761 0.786 0.75 0.657 0.595 0.669 0.622 0.589 0.71 0.767 0.71 0.615 0.611 0.658 0.608 0.665 0.746 0.781 0.754 0.681 0.766 0.862 0.871 0.806 0.695 0.649 0.588 0.57 0.66 0.738 0.818 0.879 0.885 0.963 0.974 0.971 0.944 0.902 0.877 0.844 0.8 0.699 0.646 0.672 0.603 0.553 0.657 0.779 0.729 0.84 0.926 0.929 0.923 0.912 0.898 0.879 0.85 0.792 0.717 0.692 0.716 0.724 0.745 0.776 0.76 0.754 0.758 0.772 0.779 0.796 0.761 0.712 0.625
0.74 0.765 0.732 0.697 0.722 0.77 0.773 0.708 0.617 0.626 0.646 0.599 0.708 0.78 0.713 0.633 0.593 0.625 0.612 0.622 0.703 0.743 0.784 0.775 0.753 0.824 0.877 0.845 0.727 0.666 0.599 0.53 0.599 0.697 0.781 0.851 0.881 0.944 0.974 0.974 0.951 0.919 0.903 0.861 0.801 0.731 0.724 0.72 0.674 0.617 0.552 0.715 0.736 0.736 0.86 0.899 0.923 0.922 0.921 0.914 0.905 0.881 0.821 0.748 0.69 0.713 0.741 0.781 0.79 0.784 0.772 0.779 0.79 0.819 0.796 0.747 0.676
0.699 0.744 0.729 0.707 0.708 0.74 0.773 0.746 0.699 0.63 0.61 0.604 0.696 0.775 0.741 0.644 0.578 0.54 0.61 0.615 0.604 0.637 0.754 0.774 0.717 0.756 0.869 0.863 0.782 0.696 0.614 0.523 0.537 0.639 0.745 0.811 0.871 0.919 0.97 0.974 0.967 0.919 0.913 0.889 0.851 0.77 0.761 0.752 0.727 0.706 0.545 0.583 0.751 0.71 0.729 0.824 0.872 0.888 0.901 0.919 0.913 0.911 0.9 0.857 0.809 0.775 0.783 0.813 0.838 0.829 0.796 0.794 0.815 0.828 0.826 0.808 0.792
