data/climatemaps/RS_maps/climate_breeding_pr_2010.asc
NCOLS 369 
NROWS 228 
XLLCORNER 479000 
YLLCORNER 73000 
CELLSIZE 1000 
NODATA_value -9 
[rows 170 to 203 of 228, columns 152 to 227 of 369]
-0.95 -0.922 -0.975 -0.915 -0.751 -0.691 -0.681 -0.778 -0.796 -0.866 -1.037 -1.125 -1.143 -1.121 -1.031 -0.795 -0.473 -0.107 0.292 0.699 0.991 1.161 1.329 1.32 1.182 1.107 1.052 1.134 1.468 1.619 1.5 1.199 0.994 0.901 0.905 1.014 1.099 1.241 1.455 1.391 1.109 0.696 0.662 1.008 1.298 1.798 2.322 2.526 2.503 2.305 2.112 1.842 1.691 1.498 1.488 1.559 1.39 0.871 0.347 0.475 0.738 0.912 1.106 1.319 1.485 1.578 1.457 1.557 1.723 1.895 2.119 2.136 1.494 0.821 0.714 1.024
-1.249 -1.242 -1.224 -1.143 -1.042 -0.99 -0.981 -1.044 -1.081 -1.11 -1.154 -1.16 -1.13 -1.083 -0.985 -0.748 -0.425 -0.119 0.191 0.632 0.997 1.253 1.479 1.493 1.344 1.376 1.423 1.401 1.704 1.676 1.508 1.195 0.897 0.852 0.863 0.842 0.87 1.092 1.202 1.045 0.701 0.417 0.737 1.252 1.693 2.03 2.513 2.527 2.35 2.091 1.91 1.674 1.366 1.095 1.001 1.084 0.992 0.706 0.406 0.454 0.721 0.787 0.88 1.159 1.202 1.475 1.609 1.574 1.464 1.467 1.701 1.794 1.45 0.859 0.848 1.104
-1.433 -1.424 -1.395 -1.335 -1.29 -1.25 -1.245 -1.255 -1.247 -1.2 -1.133 -1.085 -1.045 -0.98 -0.861 -0.686 -0.484 -0.254 0.072 0.49 0.892 1.257 1.535 1.597 1.435 1.499 1.622 1.646 1.761 1.7 1.614 1.296 0.848 0.785 0.743 0.612 0.708 0.894 0.836 0.586 0.338 0.402 0.849 1.416 1.944 2.331 2.676 2.633 2.447 2.192 1.98 1.681 1.299 0.926 0.844 0.992 1.002 0.948 0.745 0.529 0.505 0.547 0.683 0.893 0.991 1.172 1.345 1.492 1.703 1.655 1.582 1.49 1.266 0.927 1.088 1.365
-1.474 -1.466 -1.47 -1.467 -1.457 -1.438 -1.399 -1.323 -1.243 -1.076 -0.933 -0.863 -0.835 -0.832 -0.77 -0.703 -0.597 -0.41 -0.068 0.371 0.846 1.299 1.506 1.499 1.489 1.457 1.517 1.676 1.758 1.776 1.773 1.282 0.667 0.574 0.582 0.446 0.667 0.718 0.462 0.141 0.131 0.531 0.995 1.596 2.161 2.549 2.717 2.743 2.409 1.99 1.7 1.443 1.071 0.808 0.998 1.507 1.553 1.474 1.299 0.886 0.515 0.415 0.452 0.558 0.747 0.814 1.045 1.323 1.647 1.786 1.824 1.611 1.292 1.009 1.192 1.458
-1.354 -1.37 -1.446 -1.486 -1.454 -1.425 -1.325 -1.199 -1.123 -0.871 -0.615 -0.492 -0.53 -0.655 -0.668 -0.599 -0.5 -0.336 -0.067 0.355 0.841 1.209 1.283 1.238 1.221 1.162 1.28 1.513 1.656 1.718 1.629 1.24 0.763 0.446 0.3 0.327 0.499 0.484 0.212 -0.081 0.083 0.625 1.217 1.739 2.138 2.476 2.621 2.556 2.282 1.82 1.517 1.314 1.086 1.07 1.434 1.849 1.947 1.91 1.814 1.383 0.986 0.714 0.473 0.394 0.483 0.618 0.955 1.261 1.326 1.654 1.953 1.931 1.618 1.206 1.12 1.368
-1.189 -1.235 -1.376 -1.469 -1.389 -1.281 -1.121 -0.987 -0.987 -0.641 -0.309 -0.141 -0.27 -0.419 -0.496 -0.377 -0.296 -0.134 0.111 0.461 0.937 1.039 0.999 0.902 0.884 0.898 1.068 1.281 1.376 1.492 1.422 1.32 1.102 0.599 0.219 0.119 0.23 0.218 -0.057 -0.24 0.059 0.628 1.307 1.835 2.189 2.387 2.497 2.352 2.162 1.874 1.819 1.755 1.489 1.517 1.817 2.22 2.348 2.348 2.169 1.749 1.534 1.242 0.859 0.549 0.419 0.518 0.839 1.039 1.032 1.393 1.801 2.029 1.919 1.582 1.227 1.24
-1.057 -1.164 -1.346 -1.431 -1.343 -1.197 -0.994 -0.821 -0.784 -0.465 -0.1 0.023 -0.051 -0.089 -0.238 -0.224 -0.128 0.044 0.364 0.66 0.893 0.988 0.876 0.746 0.725 0.778 0.878 0.997 1.21 1.431 1.606 1.58 1.311 0.923 0.395 0.03 -0.092 -0.123 -0.259 -0.197 0.192 0.754 1.391 1.816 2.179 2.386 2.575 2.708 2.537 2.248 2.302 2.21 2.124 2.142 2.285 2.45 2.523 2.548 2.426 2.199 2.112 1.788 1.411 0.906 0.534 0.479 0.678 0.727 0.803 1.147 1.53 1.985 2.088 1.872 1.525 1.207
-0.915 -1.107 -1.345 -1.4 -1.306 -1.15 -0.938 -0.674 -0.611 -0.287 0.107 0.215 0.232 0.207 -0.021 -0.143 0.016 0.226 0.528 0.693 0.954 1.156 0.962 0.772 0.608 0.567 0.517 0.64 0.955 1.229 1.568 1.665 1.448 1.127 0.564 0.105 -0.209 -0.292 -0.306 -0.097 0.333 0.854 1.459 1.838 2.193 2.519 2.933 3.023 2.798 2.557 2.61 2.557 2.512 2.495 2.551 2.549 2.513 2.529 2.598 2.505 2.457 2.153 1.723 1.239 0.792 0.522 0.515 0.554 0.744 1.104 1.444 1.861 2.075 2.102 1.945 1.639
-0.845 -1.06 -1.307 -1.344 -1.248 -1.102 -0.865 -0.607 -0.487 -0.204 0.137 0.28 0.288 0.186 0.02 -0.092 -0.006 0.216 0.545 0.92 1.233 1.251 1.072 0.927 0.528 0.227 0.174 0.274 0.474 0.745 1.048 1.339 1.384 1.067 0.672 0.247 -0.127 -0.299 -0.195 0.081 0.454 0.941 1.455 1.844 2.273 2.737 3.065 3.092 2.97 2.798 2.72 2.579 2.439 2.343 2.364 2.423 2.365 2.228 2.479 2.376 2.436 2.211 1.879 1.639 1.163 0.676 0.45 0.475 0.691 0.963 1.229 1.636 2.066 2.27 2.233 2.062
-0.845 -1.044 -1.302 -1.288 -1.215 -1.097 -0.81 -0.5 -0.423 -0.177 0.161 0.283 0.201 0.087 0.045 0.023 0.055 0.22 0.589 1.011 1.318 1.208 1.092 1.013 0.52 0.205 0.079 -0.026 0.056 0.321 0.605 0.891 1.044 0.858 0.608 0.293 -0.052 -0.245 -0.101 0.154 0.511 0.968 1.394 1.703 2.18 2.716 3 3.116 3.13 2.912 2.69 2.456 2.224 2.061 2.033 2.072 2.059 1.95 2.135 2.051 2.17 2.159 2.103 1.978 1.54 0.99 0.586 0.423 0.459 0.638 0.935 1.377 1.819 2.169 2.165 1.925
-0.959 -1.132 -1.278 -1.239 -1.104 -0.992 -0.749 -0.437 -0.284 -0.106 0.196 0.249 0.146 0.041 0.077 0.096 0.124 0.188 0.521 0.788 1.043 1.129 1.074 0.93 0.529 0.358 0.216 -0.042 -0.179 -0.039 0.238 0.474 0.623 0.643 0.469 0.232 -0.013 -0.161 -0.036 0.247 0.62 0.905 1.248 1.558 2.137 2.552 2.757 2.979 3.223 3.098 2.897 2.608 2.329 2.13 2.097 1.959 1.838 1.727 1.657 1.637 1.761 1.96 2.148 2.006 1.601 1.205 0.789 0.459 0.329 0.378 0.664 1.054 1.536 2.079 2.084 1.934
-1.087 -1.197 -1.264 -1.213 -1.033 -0.879 -0.656 -0.349 -0.177 -0.077 0.271 0.297 0.143 0.038 -0.003 -0.029 -0.011 0.045 0.364 0.465 0.672 0.842 0.919 0.794 0.445 0.289 0.1 -0.066 -0.24 -0.26 -0.101 0.09 0.223 0.431 0.436 0.207 0.01 -0.093 0.142 0.508 0.781 0.755 1.005 1.408 1.904 2.251 2.593 2.976 3.052 3.076 2.925 2.789 2.621 2.458 2.394 2.226 2.109 1.957 1.638 1.314 1.429 1.722 1.806 1.695 1.494 1.322 1.068 0.701 0.454 0.336 0.508 0.825 1.293 1.89 2.126 2.062
-1.13 -1.076 -1.135 -1.185 -1.033 -0.82 -0.59 -0.295 -0.107 -0.008 0.31 0.386 0.273 0.166 -0.08 -0.205 -0.165 -0.032 0.194 0.195 0.27 0.411 0.519 0.478 0.241 0.005 -0.21 -0.281 -0.291 -0.323 -0.297 -0.191 -0.066 0.253 0.471 0.269 0.035 0.004 0.333 0.696 0.839 0.7 0.994 1.516 1.892 2.185 2.589 2.87 2.835 2.769 2.652 2.556 2.514 2.445 2.379 2.271 2.093 1.933 1.665 1.248 1.284 1.44 1.445 1.298 1.175 1.195 1.186 0.926 0.595 0.378 0.533 0.912 1.324 1.693 1.796 1.758
-1.021 -0.881 -0.893 -1.104 -1.045 -0.844 -0.601 -0.296 -0.058 0.095 0.295 0.478 0.508 0.377 0.113 -0.214 -0.235 -0.125 0.044 0.081 -0.031 0.03 0.065 0.06 -0.143 -0.328 -0.441 -0.451 -0.391 -0.326 -0.304 -0.255 -0.166 0.139 0.521 0.388 0.056 0.066 0.45 0.771 0.726 0.624 1.089 1.654 2.018 2.209 2.582 2.792 2.761 2.611 2.419 2.21 2.2 2.192 2.213 2.158 1.86 1.663 1.466 1.155 1.065 1.075 1.059 0.909 0.843 0.936 1.076 0.89 0.559 0.344 0.432 0.821 1.199 1.486 1.513 1.542
-0.908 -0.745 -0.679 -0.933 -1.025 -0.866 -0.616 -0.31 -0.037 0.156 0.33 0.58 0.628 0.464 0.255 -0.08 -0.257 -0.262 -0.133 -0.094 -0.238 -0.216 -0.249 -0.282 -0.349 -0.369 -0.319 -0.213 -0.087 0.046 0.101 0.074 0.011 0.135 0.511 0.463 0.113 0.119 0.464 0.646 0.605 0.736 1.133 1.576 2.019 2.302 2.561 2.667 2.677 2.699 2.54 2.278 2.199 2.099 2.021 1.962 1.916 1.872 1.655 1.319 1.094 0.89 0.836 0.787 0.732 0.682 0.776 0.732 0.513 0.368 0.353 0.67 1.002 1.162 1.168 1.12
-0.8 -0.592 -0.507 -0.691 -0.919 -0.846 -0.599 -0.37 -0.136 0.105 0.374 0.645 0.669 0.542 0.441 0.224 -0.082 -0.327 -0.338 -0.32 -0.238 -0.132 -0.313 -0.362 -0.141 -0.028 0.16 0.305 0.5 0.656 0.745 0.657 0.482 0.206 0.484 0.582 0.206 0.069 0.377 0.474 0.623 0.815 1.114 1.632 2.061 2.183 2.275 2.407 2.347 2.613 2.471 2.389 2.509 2.281 2.269 2.175 2.234 2.118 1.915 1.527 1.304 0.959 0.94 0.873 0.782 0.604 0.615 0.547 0.429 0.347 0.304 0.539 0.762 0.79 0.768 0.731
-0.656 -0.419 -0.327 -0.451 -0.736 -0.806 -0.608 -0.442 -0.242 0.016 0.319 0.658 0.798 0.788 0.725 0.551 0.236 -0.18 -0.269 -0.179 -0.067 -0.067 -0.225 -0.054 0.226 0.391 0.584 0.755 0.875 0.997 1.144 1.126 0.928 0.457 0.443 0.461 0.145 0.046 0.259 0.387 0.527 0.743 1.172 1.681 1.968 1.992 1.932 1.954 2.085 2.298 2.389 2.433 2.534 2.426 2.428 2.321 2.232 2.126 1.909 1.547 1.221 1.005 0.881 0.757 0.677 0.586 0.6 0.61 0.531 0.398 0.318 0.363 0.452 0.463 0.456 0.455
-0.503 -0.234 -0.184 -0.288 -0.497 -0.76 -0.634 -0.479 -0.299 -0.08 0.205 0.63 0.982 1.05 0.965 0.781 0.448 -0.007 0.047 0.118 0.017 -0.121 0.01 0.303 0.546 0.631 0.769 0.933 0.994 1.027 1.308 1.362 1.131 0.582 0.371 0.288 0.005 0.014 0.177 0.282 0.419 0.802 1.235 1.725 1.799 1.771 1.643 1.593 1.789 1.945 2.2 2.239 2.443 2.448 2.429 2.277 2.024 1.813 1.618 1.279 0.967 0.853 0.738 0.663 0.665 0.695 0.838 0.886 0.748 0.515 0.368 0.289 0.28 0.284 0.293 0.309
-0.419 -0.132 -0.059 -0.057 -0.176 -0.536 -0.664 -0.557 -0.403 -0.169 0.162 0.554 0.95 1.018 0.955 0.803 0.454 0.242 0.351 0.321 0.106 0.045 0.298 0.513 0.679 0.724 0.772 0.82 0.86 0.987 1.249 1.242 1.033 0.636 0.331 0.17 0.003 -9 -9 0.298 0.625 1.082 1.469 1.713 1.792 1.804 1.637 1.43 1.609 1.693 1.799 1.86 2.067 2.195 2.107 1.983 1.779 1.424 1.192 0.978 0.827 0.778 0.806 0.909 0.951 1.029 1.158 1.179 0.925 0.62 0.418 0.297 0.24 0.225 0.232 0.252
-0.339 -0.026 0.102 0.2 0.139 -0.241 -0.639 -0.637 -0.449 -0.204 0.066 0.404 0.906 0.886 0.83 0.742 0.431 0.495 0.603 0.53 0.225 0.339 0.654 0.732 0.887 0.873 0.769 0.667 0.639 0.891 1.185 1.196 1.023 0.719 0.317 0.106 -0.014 -9 -9 -9 0.886 1.252 1.506 1.537 1.596 1.597 1.483 1.226 1.308 1.324 1.434 1.507 1.68 1.801 1.75 1.61 1.498 1.181 0.985 0.936 0.913 0.962 1.085 1.313 1.433 1.49 1.451 1.294 0.921 0.621 0.432 0.316 0.248 0.227 0.239 0.277
-0.246 0.078 0.342 0.446 0.26 -0.091 -0.519 -0.633 -0.486 -0.304 -0.073 0.27 0.687 0.83 0.851 0.882 0.808 0.811 0.811 0.632 0.436 0.699 0.93 1.022 1.093 1.063 0.873 0.612 0.523 0.666 0.99 1.106 1.007 0.723 0.284 0.079 -0.01 -9 -9 -9 -9 -9 1.252 1.324 1.356 1.297 1.197 1.065 1.034 1.044 1.111 1.23 1.37 1.454 1.37 1.223 1.128 1.018 1.034 1.191 1.211 1.328 1.499 1.814 1.918 1.84 1.629 1.236 0.829 0.603 0.452 0.352 0.295 0.289 0.327 0.414
-0.136 0.176 0.496 0.586 0.321 -0.003 -0.434 -0.634 -0.528 -0.401 -0.142 0.204 0.637 0.947 0.916 1.056 1.003 1.058 1.053 0.698 0.705 0.999 1.127 1.184 1.089 1.015 0.835 0.496 0.392 0.452 0.683 0.816 0.741 0.509 0.176 0.054 -0.011 -9 -9 -9 -9 -9 -9 1.145 1.211 1.187 1.154 1.095 1.059 1.024 1.019 1.087 1.154 1.179 1.095 1.065 1.081 1.098 1.24 1.487 1.598 1.807 1.991 2.31 2.144 1.891 1.6 1.159 0.822 0.624 0.483 0.404 0.376 0.422 0.558 0.776
0.058 0.318 0.541 0.589 0.491 0.205 -0.272 -0.635 -0.521 -0.366 -0.12 0.214 0.647 1.016 0.993 1.176 1.146 1.136 0.916 0.72 0.897 1.075 1.069 1.094 1.01 0.738 0.619 0.419 0.281 0.278 0.368 0.453 0.443 0.298 0.141 0.045 -9 -9 -9 -9 -9 -9 -9 -9 1.396 1.469 1.524 1.502 1.4 1.312 1.256 1.225 1.19 1.151 1.153 1.257 1.34 1.379 1.5 1.715 1.947 2.184 2.407 2.575 2.326 1.946 1.53 1.124 0.84 0.643 0.517 0.473 0.52 0.699 0.972 1.287
0.152 0.431 0.641 0.677 0.508 0.262 -0.16 -0.544 -0.492 -0.298 -0.079 0.181 0.492 0.827 1.051 1.125 1.074 0.992 0.82 0.843 0.962 0.955 0.901 0.897 0.8 0.646 0.612 0.505 0.379 0.309 0.383 0.44 0.422 0.286 0.136 0.044 -9 -9 -9 -9 -9 -9 -9 -9 -9 2.004 2.09 2.046 1.771 1.805 1.797 1.726 1.582 1.419 1.446 1.488 1.579 1.548 1.51 1.62 1.972 2.146 2.44 2.647 2.36 1.968 1.451 1.088 0.84 0.658 0.561 0.567 0.758 1.054 1.428 1.76
0.201 0.572 0.743 0.719 0.494 0.221 -0.126 -0.445 -0.473 -0.278 -0.094 0.059 0.33 0.686 0.998 1.075 1.006 0.912 0.815 0.872 0.929 0.895 0.873 0.848 0.786 0.793 0.896 0.841 0.67 0.586 0.693 0.69 0.578 0.364 0.161 0.053 -9 -9 -9 -9 -9 -9 -9 -9 -9 -9 2.513 2.385 2.156 2.285 2.373 2.21 1.945 1.691 1.566 1.596 1.569 1.452 1.326 1.539 1.838 1.919 2.216 2.439 2.212 1.82 1.38 1.062 0.834 0.703 0.675 0.794 1.089 1.446 1.76 1.919
0.234 0.62 0.727 0.666 0.471 0.158 -0.045 -0.188 -0.406 -0.367 -0.181 -0.036 0.223 0.613 1.013 1.136 1.069 0.917 0.743 0.639 0.663 0.817 0.973 1.051 1.054 1.087 1.206 1.16 1.013 1.016 1.094 0.916 0.664 0.392 0.164 0.067 -9 -9 -9 -9 -9 -9 -9 -9 -9 -9 -9 2.571 2.656 2.639 2.82 2.532 2.209 2.067 1.68 1.562 1.379 1.236 1.148 1.417 1.647 1.612 2.07 2.253 2.042 1.632 1.271 1.018 0.822 0.79 0.868 1.06 1.393 1.73 1.933 1.86
0.295 0.689 0.686 0.623 0.491 0.277 0.204 0.144 -0.219 -0.364 -0.116 0.063 0.267 0.596 0.972 1.044 0.961 0.823 0.692 0.536 0.406 0.513 0.742 0.973 1.064 1.093 1.195 1.14 1.103 1.215 1.263 1.003 0.646 0.34 0.158 -9 -9 -9 -9 -9 -9 -9 -9 -9 -9 -9 -9 2.952 2.995 2.934 3.052 2.781 2.634 2.423 2.023 1.856 1.557 1.36 1.142 1.277 1.494 1.477 1.73 1.987 1.849 1.51 1.201 0.968 0.843 0.918 1.067 1.245 1.509 1.76 1.865 1.767
0.318 0.677 0.726 0.714 0.663 0.52 0.48 0.407 -0.022 -0.237 -0.062 0.167 0.427 0.695 0.974 0.956 0.897 0.876 0.873 0.667 0.327 0.147 0.377 0.706 0.974 0.995 0.979 1.024 0.912 0.997 1.126 0.892 0.514 0.27 -9 -9 -9 -9 -9 -9 -9 -9 -9 -9 -9 -9 -9 -9 3.167 2.996 3.198 2.933 3.08 2.663 2.381 2.307 1.875 1.662 1.225 1.254 1.405 1.383 1.411 1.783 1.745 1.424 1.132 0.92 0.828 0.978 1.152 1.344 1.543 1.706 1.697 1.644
0.312 0.685 0.824 0.828 0.793 0.696 0.655 0.545 0.128 -0.071 0.068 0.166 0.446 0.783 1.016 1.011 1.033 1.051 0.903 0.529 0.204 -0.067 0.124 0.471 0.707 0.765 0.912 0.992 0.799 0.718 0.794 0.678 0.406 0.246 -9 -9 -9 -9 -9 -9 -9 -9 -9 -9 -9 -9 -9 -9 -9 3.22 3.253 3.231 3.201 2.998 2.821 2.49 2.077 1.759 1.416 1.282 1.231 1.273 1.348 1.51 1.53 1.345 1.102 0.891 0.768 0.886 1.1 1.299 1.444 1.473 1.497 1.676
0.319 0.725 0.938 0.923 0.887 0.87 0.807 0.663 0.281 0.082 0.294 0.272 0.417 0.832 1.111 1.034 1.099 1.125 0.805 0.24 -0.041 -0.245 -0.093 0.264 0.341 0.396 0.645 0.768 0.663 0.516 0.532 0.502 0.346 -9 -9 -9 -9 -9 -9 -9 -9 -9 -9 -9 -9 -9 -9 -9 -9 3.313 3.373 3.264 3.261 3.245 3.008 2.672 2.517 2.2 1.812 1.653 1.453 1.511 1.554 1.562 1.492 1.362 1.14 0.892 0.74 0.819 1.006 1.134 1.253 1.325 1.449 1.728
0.37 0.698 0.946 1.001 1.012 0.995 0.894 0.739 0.432 0.27 0.464 0.49 0.521 0.871 1.229 1.219 1.1 0.953 0.631 0.207 0.014 -0.143 -0.208 -0.068 0.042 0.161 0.273 0.388 0.454 0.551 0.731 0.637 -9 -9 -9 -9 -9 -9 -9 -9 -9 -9 -9 -9 -9 -9 -9 -9 -9 -9 2.999 2.893 2.956 3.202 3.141 3.052 2.986 2.629 2.365 2.067 1.947 2.041 2.062 1.98 1.854 1.642 1.269 0.914 0.737 0.734 0.857 0.981 1.138 1.376 1.539 1.762
0.421 0.666 0.891 1.077 1.16 1.049 0.965 0.869 0.603 0.396 0.584 0.697 0.746 0.944 1.374 1.458 1.242 0.87 0.579 0.519 0.475 0.359 0.032 -0.202 -0.175 -0.063 0.115 0.373 0.59 0.83 0.971 -9 -9 -9 -9 -9 -9 -9 -9 -9 -9 -9 -9 -9 -9 -9 -9 -9 -9 -9 -9 2.503 2.732 3.16 3.173 3.2 3.19 2.925 2.734 2.472 2.421 2.456 2.416 2.306 2.14 1.865 1.384 0.93 0.727 0.657 0.779 0.947 1.098 1.321 1.522 1.755
0.45 0.683 0.903 1.085 1.098 1.138 1.136 0.991 0.677 0.487 0.676 0.85 1.061 1.168 1.355 1.485 1.41 0.882 0.856 1.002 0.965 0.782 0.478 0.258 0.159 0.273 0.513 0.758 0.852 1.027 -9 -9 -9 -9 -9 -9 -9 -9 -9 -9 -9 -9 -9 -9 -9 -9 -9 -9 -9 -9 -9 -9 -9 2.948 2.906 2.916 2.996 2.923 2.832 2.778 2.795 2.697 2.518 2.324 2.069 1.774 1.337 0.915 0.703 0.608 0.699 0.855 0.998 1.168 1.388 1.634
0.559 0.769 1.005 1.178 1.206 1.29 1.25 1.051 0.865 0.64 0.702 0.817 1.07 1.343 1.42 1.393 1.26 1.078 1.161 1.264 1.3 1.131 0.912 0.759 0.606 0.626 0.62 0.606 0.553 -9 -9 -9 -9 -9 -9 -9 -9 -9 -9 -9 -9 -9 -9 -9 -9 -9 -9 -9 -9 -9 -9 -9 -9 -9 2.709 2.739 2.694 2.668 2.771 2.79 2.85 2.845 2.649 2.272 1.845 1.483 1.138 0.842 0.66 0.57 0.609 0.738 0.865 1.018 1.257 1.519
