data/climatemaps/RS_maps/climate_winter_pr_2006.asc
NCOLS 369 
NROWS 228 
XLLCORNER 479000 
YLLCORNER 73000 
CELLSIZE 1000 
NODATA_value -9 
[rows 132 to 164 of 228, columns 152 to 227 of 369]
-0.503 -0.582 -0.583 -0.495 -0.41 -0.311 -0.1 0.069 0.254 0.436 0.561 0.66 0.764 0.769 0.806 0.861 0.859 0.888 0.935 0.939 0.853 0.778 0.882 0.809 0.629 0.707 0.349 -0.138 0.055 0.281 0.06 -0.119 -0.198 -0.102 0.038 0.318 0.605 0.898 1.079 1.257 1.393 1.603 1.89 1.986 1.813 1.679 1.613 1.656 1.614 1.451 1.3 1.11 0.858 0.69 0.528 0.404 0.228 0.206 0.382 0.558 0.715 0.844 0.998 1.108 1.125 0.99 0.711 0.431 0.29 0.294 0.223 0.093 0.157 0.077 0.091 0.008
-0.403 -0.506 -0.492 -0.332 -0.231 -0.152 -0.09 0.012 0.172 0.324 0.409 0.437 0.553 0.592 0.626 0.63 0.662 0.654 0.715 0.815 0.805 0.876 1.11 1.021 0.867 0.733 0.407 0.027 0.253 0.521 0.372 0.2 -0.02 -0.099 -0.061 0.181 0.458 0.791 1.092 1.38 1.51 1.714 2.028 2.221 2.102 1.897 1.603 1.437 1.433 1.295 1.103 0.923 0.798 0.787 0.78 0.733 0.371 0.422 0.545 0.595 0.613 0.784 1.038 1.077 1.059 0.827 0.61 0.549 0.498 0.488 0.314 0.282 0.354 0.254 0.302 0.18
-0.24 -0.354 -0.451 -0.335 -0.198 -0.201 -0.231 -0.159 -0.063 0.01 0.124 0.177 0.231 0.25 0.36 0.339 0.344 0.365 0.466 0.692 0.99 1.07 1.205 1.161 1.09 0.834 0.544 0.219 0.332 0.566 0.628 0.438 0.272 0.18 0.043 0.136 0.49 0.749 0.96 1.387 1.572 1.792 2.086 2.308 2.325 2.101 1.857 1.501 1.23 1.115 1.026 1.048 1.086 1.104 1.064 0.858 0.491 0.393 0.494 0.524 0.663 0.902 1.102 1.082 0.995 0.924 0.767 0.784 0.69 0.614 0.447 0.497 0.551 0.473 0.481 0.312
0.017 -0.09 -0.318 -0.401 -0.358 -0.403 -0.427 -0.398 -0.334 -0.28 -0.198 -0.12 -0.101 -0.061 0.049 0.042 0.046 0.106 0.292 0.693 1.087 1.219 1.258 1.239 1.199 0.963 0.751 0.527 0.477 0.51 0.647 0.746 0.644 0.523 0.251 0.173 0.498 0.683 0.861 1.322 1.637 1.83 2.044 2.307 2.354 2.154 1.85 1.666 1.616 1.413 1.391 1.373 1.33 1.25 1.043 0.767 0.459 0.367 0.411 0.523 0.737 0.979 1.104 1.139 1.165 1.153 0.886 0.948 0.869 0.731 0.619 0.717 0.743 0.692 0.573 0.337
0.289 0.168 -0.043 -0.267 -0.454 -0.448 -0.387 -0.353 -0.325 -0.268 -0.213 -0.247 -0.306 -0.273 -0.205 -0.181 -0.136 -0.04 0.22 0.601 0.858 1.147 1.312 1.304 1.239 1.169 1.061 0.875 0.707 0.538 0.649 0.909 0.793 0.644 0.378 0.219 0.491 0.615 0.852 1.221 1.604 1.811 1.97 2.229 2.351 2.18 2.001 1.991 1.878 1.718 1.639 1.408 1.262 1.077 0.901 0.626 0.499 0.55 0.558 0.596 0.715 0.956 1.16 1.235 1.246 1.227 0.991 1.064 1.007 0.892 0.808 0.934 0.955 0.841 0.603 0.406
0.554 0.396 0.184 -0.097 -0.394 -0.266 -0.14 -0.041 -0.03 -0.016 -0.053 -0.194 -0.316 -0.347 -0.321 -0.269 -0.128 0.083 0.192 0.381 0.673 1.005 1.235 1.26 1.173 1.105 1.079 0.916 0.715 0.626 0.795 0.976 0.851 0.724 0.533 0.266 0.523 0.537 0.753 1.1 1.484 1.785 1.943 2.194 2.376 2.331 2.268 2.126 1.951 1.763 1.545 1.251 1 0.816 0.682 0.58 0.659 0.804 0.865 0.923 0.844 0.913 1.187 1.303 1.275 1.318 1.137 1.198 1.194 1.04 1.05 1.168 1.139 0.941 0.656 0.616
0.729 0.559 0.28 -0.042 -0.31 -0.202 -0.076 0.118 0.158 0.162 0.08 -0.069 -0.192 -0.253 -0.247 -0.198 0.097 0.394 0.41 0.438 0.621 0.882 1.178 1.289 1.209 1.056 0.953 0.803 0.711 0.748 0.948 0.978 0.883 0.7 0.548 0.332 0.439 0.598 0.766 1.111 1.429 1.671 1.95 2.31 2.402 2.308 2.205 2.054 1.808 1.559 1.274 1.015 0.785 0.717 0.707 0.639 0.836 0.946 1.091 1.186 1.171 1.053 1.167 1.339 1.337 1.444 1.292 1.306 1.353 1.184 1.302 1.335 1.222 1.02 0.735 0.797
0.866 0.624 0.389 0.135 -0.242 -0.246 -0.117 0.153 0.282 0.272 0.222 0.106 0.026 0.002 0.076 0.092 0.168 0.421 0.572 0.665 0.731 0.844 1.026 1.196 1.232 1.091 0.908 0.794 0.783 0.888 0.956 0.893 0.884 0.826 0.794 0.507 0.427 0.703 0.928 1.202 1.402 1.641 1.987 2.277 2.344 2.328 2.193 2.029 1.819 1.387 1.021 0.877 0.842 0.888 0.841 0.706 0.928 1.1 1.255 1.344 1.393 1.32 1.233 1.398 1.405 1.515 1.416 1.398 1.465 1.351 1.486 1.421 1.246 0.966 0.847 0.927
0.883 0.689 0.61 0.242 -0.156 -0.247 -0.1 0.193 0.386 0.399 0.37 0.319 0.306 0.334 0.483 0.365 0.174 0.35 0.436 0.62 0.889 0.978 0.955 0.978 1.118 1.125 0.976 0.937 0.923 0.901 1.003 0.969 1.004 1.005 0.944 0.777 0.533 0.683 0.932 1.241 1.4 1.602 1.983 2.213 2.22 2.243 2.1 1.924 1.683 1.235 0.992 1.024 1.034 1.031 0.872 0.839 0.947 1.13 1.309 1.412 1.444 1.411 1.352 1.413 1.462 1.564 1.482 1.479 1.521 1.487 1.497 1.388 1.263 0.994 1.027 1.047
0.951 0.928 0.699 0.329 -0.052 -0.215 -0.023 0.239 0.413 0.458 0.528 0.591 0.717 0.817 0.792 0.574 0.325 0.321 0.398 0.562 0.833 1.084 1.101 1.003 0.949 1.013 1.036 0.996 1.002 0.951 1.042 1.026 0.988 0.977 0.947 0.903 0.722 0.714 0.963 1.213 1.345 1.545 1.907 2.167 2.149 2.126 2.088 1.93 1.627 1.235 1.133 1.16 1.136 1.08 0.929 0.993 1.049 1.111 1.329 1.492 1.503 1.434 1.459 1.474 1.474 1.558 1.468 1.545 1.535 1.585 1.534 1.397 1.19 1.101 1.134 1.168
1.029 1.076 0.764 0.423 0.023 -0.159 0.059 0.221 0.367 0.541 0.721 1.027 1.22 1.014 0.891 0.767 0.621 0.613 0.623 0.575 0.785 0.994 1.156 1.124 0.97 0.879 0.88 0.841 0.882 0.853 0.896 0.968 1.002 1.039 1.008 0.976 0.856 0.791 1.015 1.145 1.188 1.428 1.772 2.047 2.113 2.198 2.265 2.113 1.752 1.319 1.239 1.228 1.175 1.097 0.98 1.045 1.117 1.153 1.284 1.421 1.489 1.411 1.454 1.344 1.331 1.414 1.426 1.47 1.491 1.569 1.555 1.414 1.165 1.152 1.201 1.232
1.118 1.024 0.768 0.447 0.003 -0.134 0.029 0.144 0.324 0.579 0.842 1.163 1.259 1.098 1.04 0.946 0.848 0.855 0.843 0.698 0.833 0.984 1.03 1.207 1.098 0.91 0.83 0.785 0.759 0.752 0.755 0.788 0.827 0.901 0.922 0.969 1.001 0.975 1.061 1.01 1.081 1.409 1.699 1.914 2.162 2.277 2.25 2.059 1.775 1.472 1.303 1.3 1.179 1.099 1.047 1.088 1.14 1.07 1.127 1.244 1.31 1.216 1.121 1.058 1.194 1.249 1.245 1.296 1.36 1.395 1.439 1.371 1.272 1.083 1.088 1.137
1.076 0.894 0.621 0.353 -0.084 -0.006 0.12 0.227 0.439 0.715 0.981 1.29 1.361 1.302 1.284 1.216 1.146 1.135 1.093 0.938 0.964 1.119 1.055 1.129 1.121 0.976 0.993 0.969 0.889 0.902 0.939 0.934 0.892 0.888 1.005 1.179 1.26 1.167 1.084 0.904 1.116 1.421 1.737 1.901 2.141 2.161 2.08 1.986 1.863 1.65 1.367 1.361 1.171 1.198 1.141 1.054 1.025 0.974 1.027 1.028 0.933 0.815 0.806 0.925 0.94 0.962 0.964 1.129 1.257 1.367 1.35 1.405 1.294 1.035 0.958 0.99
0.89 0.721 0.512 0.212 -0.119 0.111 0.302 0.473 0.736 0.94 1.085 1.31 1.369 1.363 1.31 1.33 1.397 1.402 1.278 1.242 1.269 1.289 1.217 1.116 1.104 1.152 1.257 1.213 1.168 1.149 1.114 1.051 1.038 1.126 1.272 1.388 1.352 1.208 1.026 0.779 0.973 1.326 1.6 1.847 2.059 2.071 2.048 2.054 1.944 1.692 1.41 1.405 1.265 1.3 1.229 0.993 0.912 0.879 0.814 0.701 0.556 0.437 0.595 0.699 0.657 0.667 0.748 0.859 0.976 1.101 1.224 1.347 1.25 1.033 0.875 0.866
0.691 0.546 0.332 0.139 -0.109 0.056 0.298 0.599 0.92 1.134 1.181 1.229 1.306 1.398 1.293 1.251 1.339 1.426 1.281 1.312 1.446 1.53 1.374 1.3 1.278 1.413 1.41 1.329 1.263 1.199 1.147 1.131 1.214 1.33 1.383 1.4 1.325 1.102 0.804 0.63 0.8 1.118 1.395 1.68 1.781 1.973 2.033 2.077 1.911 1.725 1.522 1.409 1.294 1.179 1.161 0.961 0.701 0.578 0.461 0.344 0.218 0.272 0.415 0.436 0.401 0.49 0.603 0.722 0.812 0.935 1.058 1.145 1.106 1.03 0.894 0.8
0.553 0.46 0.357 0.219 -0.03 0.048 0.271 0.55 0.884 1.143 1.197 1.182 1.21 1.279 1.233 1.189 1.249 1.378 1.311 1.287 1.426 1.592 1.534 1.51 1.492 1.543 1.469 1.411 1.384 1.371 1.369 1.351 1.361 1.364 1.35 1.292 1.151 0.867 0.641 0.588 0.667 0.861 1.154 1.395 1.55 1.782 1.826 1.883 1.868 1.663 1.434 1.226 1.076 0.941 0.876 0.729 0.538 0.396 0.277 0.168 0.081 0.106 0.167 0.166 0.151 0.252 0.341 0.466 0.603 0.779 0.897 0.975 0.991 0.963 0.917 0.844
0.66 0.666 0.512 0.284 0.058 0.157 0.336 0.519 0.739 1.098 1.271 1.218 1.137 1.11 1.101 1.105 1.169 1.291 1.301 1.282 1.349 1.456 1.544 1.595 1.544 1.608 1.61 1.585 1.556 1.48 1.516 1.432 1.385 1.273 1.201 1.095 0.837 0.626 0.585 0.707 0.733 0.796 0.918 1.055 1.426 1.57 1.571 1.772 1.777 1.517 1.269 1.021 0.822 0.64 0.552 0.535 0.52 0.477 0.375 0.254 0.084 -0.003 -0.034 -0.07 -0.066 -0.009 0.056 0.169 0.314 0.536 0.65 0.735 0.779 0.78 0.807 0.8
0.855 0.745 0.503 0.302 0.214 0.345 0.51 0.695 0.911 1.181 1.279 1.273 1.178 1.063 1.005 1.003 1.062 1.135 1.242 1.292 1.332 1.391 1.458 1.523 1.528 1.633 1.711 1.68 1.654 1.526 1.422 1.404 1.269 1.139 0.949 0.766 0.62 0.587 0.691 0.793 0.838 0.9 1.017 1.165 1.258 1.392 1.541 1.604 1.529 1.308 1.021 0.765 0.633 0.593 0.659 0.718 0.819 0.802 0.711 0.538 0.338 0.194 0.104 0.028 -0.028 -0.041 -0.036 0.005 0.108 0.277 0.326 0.37 0.416 0.444 0.509 0.558
0.872 0.698 0.538 0.458 0.472 0.593 0.749 0.978 1.167 1.256 1.235 1.226 1.164 1.052 0.959 0.905 0.945 1.085 1.265 1.325 1.367 1.409 1.412 1.415 1.509 1.657 1.748 1.723 1.766 1.61 1.322 1.276 1.104 0.824 0.642 0.559 0.548 0.625 0.758 0.87 0.953 1.04 1.085 1.288 1.294 1.389 1.501 1.407 1.285 1.062 0.815 0.723 0.774 0.808 0.969 1.024 1.153 1.107 1.014 0.839 0.663 0.502 0.397 0.331 0.253 0.226 0.17 0.064 0.032 0.077 0.033 0.026 0.047 0.088 0.175 0.259
0.9 0.774 0.674 0.652 0.709 0.849 0.997 1.1 1.191 1.244 1.23 1.191 1.134 1.055 0.967 0.882 0.881 1.015 1.197 1.367 1.463 1.496 1.419 1.379 1.543 1.566 1.632 1.633 1.615 1.584 1.333 1.003 0.779 0.597 0.55 0.614 0.715 0.755 0.759 0.819 0.934 1.073 1.188 1.322 1.396 1.437 1.388 1.23 1.056 0.915 0.871 0.963 1.066 1.116 1.244 1.363 1.408 1.322 1.192 1.059 0.936 0.791 0.68 0.635 0.594 0.613 0.555 0.346 0.133 0.009 -0.097 -0.172 -0.225 -0.21 -0.133 -0.032
1.052 0.942 0.877 0.889 0.961 1.03 1.06 1.145 1.194 1.21 1.215 1.2 1.178 1.146 1.057 0.905 0.847 0.902 1.067 1.314 1.432 1.443 1.339 1.298 1.491 1.464 1.473 1.55 1.448 1.376 1.131 0.774 0.575 0.516 0.606 0.781 0.914 0.982 0.967 0.847 0.9 1.039 1.173 1.297 1.361 1.379 1.285 1.102 1.021 1.069 1.105 1.201 1.327 1.375 1.506 1.606 1.605 1.49 1.349 1.135 1.014 0.971 0.926 0.887 0.886 0.927 0.834 0.662 0.437 0.156 -0.008 -0.141 -0.295 -0.375 -0.364 -0.277
1.223 1.141 1.183 1.077 1.02 1.063 1.007 1.125 1.212 1.189 1.192 1.27 1.344 1.393 1.234 1.001 0.868 0.839 0.991 1.232 1.289 1.314 1.179 1.186 1.421 1.355 1.272 1.365 1.268 1.06 0.793 0.557 0.509 0.594 0.74 0.925 1.097 1.2 1.168 1.019 0.908 1.047 1.164 1.241 1.3 1.344 1.27 1.193 1.25 1.373 1.408 1.445 1.557 1.616 1.732 1.804 1.819 1.72 1.572 1.315 1.072 0.954 0.962 0.951 0.998 1.05 1.029 0.956 0.781 0.523 0.27 0.033 -0.149 -0.318 -0.425 -0.418
1.137 1.055 1.078 0.931 0.904 0.968 0.97 1.017 1.128 1.234 1.307 1.442 1.371 1.288 1.279 1.159 0.974 0.892 0.962 1.181 1.19 1.079 1.004 1.133 1.244 1.242 1.191 1.071 0.967 0.724 0.555 0.492 0.586 0.758 0.838 1.021 1.24 1.312 1.29 1.227 1.085 1.155 1.206 1.285 1.362 1.425 1.435 1.459 1.546 1.644 1.662 1.655 1.713 1.829 1.881 1.916 1.913 1.833 1.753 1.486 1.213 0.941 0.782 0.855 0.92 0.99 1.154 1.219 1.093 0.884 0.581 0.294 0.148 -0.09 -0.313 -0.484
1.042 0.885 0.998 0.841 0.806 0.862 0.869 0.974 1.187 1.176 1.267 1.421 1.289 1.143 1.193 1.248 1.06 0.932 0.947 1.16 1.143 0.932 0.82 1.004 1.038 1.03 0.99 0.798 0.642 0.507 0.494 0.559 0.693 0.89 0.981 1.102 1.356 1.442 1.457 1.433 1.273 1.281 1.288 1.339 1.408 1.466 1.538 1.665 1.783 1.854 1.795 1.712 1.744 1.873 1.958 1.989 1.901 1.734 1.693 1.53 1.305 1.019 0.68 0.663 0.818 0.967 1.198 1.301 1.228 1.052 0.748 0.504 0.38 0.103 -0.167 -0.421
0.989 0.804 0.829 0.715 0.656 0.749 0.883 1.102 1.201 1.086 1.09 1.211 1.26 1.129 1.078 1.128 1.098 0.947 0.947 1.079 1.049 0.852 0.62 0.73 0.801 0.767 0.673 0.514 0.43 0.473 0.633 0.775 0.78 1.004 1.161 1.257 1.477 1.58 1.59 1.556 1.346 1.342 1.381 1.34 1.337 1.362 1.515 1.805 1.949 1.995 1.887 1.671 1.658 1.8 1.968 1.934 1.792 1.542 1.468 1.44 1.209 0.949 0.547 0.481 0.772 0.977 1.22 1.278 1.256 1.109 0.86 0.715 0.676 0.325 0.038 -0.316
0.861 0.664 0.654 0.577 0.615 0.776 0.955 1.116 1.19 1.048 0.977 1.109 1.266 1.167 1.094 1.025 0.999 0.91 0.917 1.006 0.972 0.746 0.398 0.42 0.523 0.484 0.359 0.311 0.389 0.582 0.797 0.979 0.924 1.053 1.275 1.436 1.598 1.68 1.685 1.625 1.419 1.313 1.316 1.255 1.222 1.273 1.463 1.761 1.931 1.991 1.887 1.628 1.6 1.723 1.82 1.779 1.676 1.372 1.279 1.257 1.022 0.704 0.369 0.35 0.631 0.905 1.213 1.4 1.419 1.306 1.214 1.101 0.929 0.587 0.243 -0.136
0.637 0.578 0.637 0.7 0.793 0.919 0.953 0.987 1.092 0.994 0.984 1.136 1.211 1.148 1.102 0.998 0.86 0.847 0.905 0.996 0.902 0.633 0.223 0.146 0.225 0.175 0.139 0.276 0.495 0.74 0.928 1.118 1.103 1.06 1.32 1.596 1.691 1.775 1.693 1.599 1.495 1.286 1.142 1.071 1.067 1.187 1.392 1.709 1.864 1.984 1.878 1.592 1.4 1.525 1.605 1.54 1.439 1.105 0.983 1.028 0.862 0.526 0.188 0.233 0.527 0.832 1.125 1.382 1.532 1.469 1.401 1.262 1.042 0.67 0.306 -0.047
0.62 0.671 0.803 0.922 0.996 1.031 0.989 0.974 1.024 0.958 0.964 1.066 1.08 0.993 0.942 0.845 0.741 0.782 0.881 0.92 0.767 0.482 0.086 -0.048 -0.027 -0.027 0.096 0.356 0.607 0.837 1.026 1.204 1.271 1.248 1.397 1.626 1.687 1.729 1.674 1.682 1.639 1.399 1.123 0.957 0.948 1.131 1.372 1.711 1.953 2.073 1.914 1.427 1.129 1.209 1.31 1.395 1.356 1.055 0.713 0.66 0.526 0.264 0.087 0.255 0.516 0.765 0.947 1.162 1.382 1.418 1.296 1.135 0.908 0.575 0.212 -0.077
0.797 0.89 0.999 1.081 1.13 1.152 1.185 1.108 1.046 1.037 0.929 0.859 0.87 0.772 0.731 0.622 0.614 0.731 0.802 0.728 0.579 0.295 -0.056 -0.182 -0.199 -0.073 0.161 0.443 0.688 0.872 1.016 1.235 1.43 1.45 1.501 1.552 1.565 1.585 1.635 1.759 1.721 1.477 1.325 0.958 0.947 1.084 1.299 1.685 2.023 2.171 1.895 1.286 0.81 0.767 0.986 1.214 1.167 0.966 0.605 0.39 0.206 0.031 -0.002 0.235 0.487 0.632 0.775 0.998 1.27 1.364 1.218 1.035 0.796 0.5 0.229 0.036
0.936 1.013 1.069 1.074 1.075 1.136 1.183 1.198 1.15 1.106 0.975 0.764 0.634 0.526 0.484 0.469 0.515 0.594 0.589 0.494 0.326 0.054 -0.193 -0.265 -0.224 -0.05 0.193 0.429 0.62 0.793 1.005 1.216 1.361 1.414 1.477 1.515 1.544 1.564 1.675 1.778 1.73 1.597 1.425 1.051 0.87 1.064 1.266 1.583 1.841 1.922 1.724 1.298 0.771 0.497 0.671 0.862 0.994 0.91 0.687 0.578 0.354 0.067 -0.058 0.092 0.279 0.433 0.682 1.004 1.216 1.266 1.207 1.042 0.793 0.556 0.423 0.231
1.03 1.027 0.997 0.977 0.988 1.008 1.026 1.147 1.098 1.01 0.911 0.659 0.386 0.276 0.318 0.389 0.392 0.381 0.333 0.218 0.028 -0.176 -0.296 -0.284 -0.176 -0.04 0.143 0.336 0.538 0.748 0.925 1.061 1.145 1.19 1.29 1.37 1.472 1.542 1.633 1.692 1.724 1.702 1.507 1.14 0.831 0.993 1.196 1.474 1.712 1.786 1.719 1.419 0.823 0.33 0.371 0.601 0.806 0.816 0.791 0.754 0.532 0.217 -0.059 -0.068 0.094 0.251 0.638 0.993 1.17 1.092 1.04 0.93 0.696 0.54 0.507 0.317
1.014 1.008 0.923 0.833 0.941 0.934 0.856 1.049 0.903 0.792 0.723 0.461 0.143 0.167 0.251 0.25 0.192 0.146 0.03 -0.07 -0.221 -0.326 -0.334 -0.27 -0.214 -0.025 0.133 0.331 0.525 0.613 0.742 0.849 0.893 1.009 1.08 1.215 1.419 1.491 1.516 1.523 1.593 1.624 1.539 1.213 0.808 0.893 1.111 1.425 1.612 1.72 1.745 1.415 0.857 0.249 0.173 0.387 0.581 0.691 0.761 0.753 0.586 0.309 -0.034 -0.113 0.076 0.259 0.625 0.984 1.16 1.048 0.92 0.755 0.489 0.322 0.372 0.371
0.801 0.851 0.795 0.745 0.829 0.842 0.716 0.847 0.735 0.604 0.485 0.249 0.022 0.062 0.036 -0.014 -0.109 -0.2 -0.268 -0.319 -0.348 -0.34 -0.302 -0.297 -0.195 -0.041 0.067 0.146 0.246 0.38 0.49 0.582 0.701 0.828 0.938 1.072 1.193 1.309 1.378 1.427 1.548 1.542 1.43 1.216 0.859 0.814 1.055 1.358 1.596 1.682 1.641 1.365 0.82 0.236 0.019 0.069 0.223 0.394 0.518 0.603 0.454 0.209 -0.067 -0.05 0.195 0.427 0.63 0.952 1.141 1.111 1.01 0.783 0.444 0.098 0.192 0.358
