data/climatemaps/RS_maps/climate_winter_pr_2002.asc
NCOLS 369 
NROWS 228 
XLLCORNER 479000 
YLLCORNER 73000 
CELLSIZE 1000 
NODATA_value -9 
[rows 102 to 135 of 228, columns 75 to 149 of 369]
-0.659 -0.699 -0.715 -0.721 -0.722 -0.723 -0.728 -0.736 -0.747 -0.76 -0.768 -0.767 -0.762 -0.759 -0.761 -0.778 -0.818 -0.853 -0.879 -0.9 -0.917 -0.927 -0.927 -0.915 -0.891 -0.879 -0.893 -0.914 -0.94 -0.959 -0.98 -0.964 -0.924 -0.887 -0.849 -0.838 -0.837 -0.854 -0.87 -0.891 -0.918 -0.934 -0.943 -0.945 -0.958 -0.964 -0.97 -0.964 -0.961 -0.956 -0.935 -0.899 -0.858 -0.832 -0.838 -0.785 -0.691 -0.61 -0.561 -0.483 -0.382 -0.346 -0.317 -0.276 -0.247 -0.21 -0.276 -0.363 -0.489 -0.589 -0.624 -0.64 -0.637 -0.608 -0.564
-0.673 -0.704 -0.719 -0.726 -0.729 -0.734 -0.741 -0.75 -0.761 -0.769 -0.764 -0.756 -0.75 -0.756 -0.768 -0.807 -0.846 -0.874 -0.9 -0.921 -0.937 -0.941 -0.93 -0.908 -0.888 -0.88 -0.89 -0.916 -0.946 -0.968 -0.995 -0.978 -0.949 -0.909 -0.874 -0.852 -0.842 -0.852 -0.863 -0.884 -0.917 -0.939 -0.931 -0.939 -0.959 -0.951 -0.95 -0.965 -0.97 -0.97 -0.961 -0.948 -0.925 -0.897 -0.879 -0.846 -0.774 -0.693 -0.605 -0.539 -0.472 -0.409 -0.356 -0.309 -0.262 -0.225 -0.285 -0.388 -0.512 -0.571 -0.587 -0.594 -0.588 -0.599 -0.598
-0.684 -0.708 -0.721 -0.729 -0.735 -0.743 -0.751 -0.761 -0.769 -0.767 -0.759 -0.756 -0.764 -0.782 -0.812 -0.845 -0.871 -0.897 -0.922 -0.941 -0.95 -0.948 -0.933 -0.909 -0.891 -0.883 -0.892 -0.923 -0.95 -0.975 -1.004 -0.986 -0.963 -0.927 -0.889 -0.867 -0.861 -0.862 -0.872 -0.888 -0.923 -0.922 -0.934 -0.951 -0.948 -0.908 -0.885 -0.929 -0.961 -0.979 -0.979 -0.964 -0.956 -0.944 -0.906 -0.879 -0.833 -0.752 -0.651 -0.583 -0.519 -0.441 -0.382 -0.348 -0.324 -0.31 -0.33 -0.429 -0.52 -0.569 -0.558 -0.551 -0.531 -0.548 -0.562
-0.695 -0.713 -0.725 -0.734 -0.741 -0.75 -0.76 -0.767 -0.768 -0.762 -0.761 -0.769 -0.792 -0.817 -0.842 -0.868 -0.895 -0.919 -0.939 -0.952 -0.956 -0.948 -0.93 -0.914 -0.898 -0.89 -0.903 -0.934 -0.96 -0.982 -1.008 -0.997 -0.978 -0.943 -0.912 -0.893 -0.888 -0.889 -0.895 -0.912 -0.924 -0.921 -0.939 -0.942 -0.93 -0.903 -0.868 -0.876 -0.932 -0.968 -0.985 -0.986 -0.975 -0.971 -0.946 -0.912 -0.863 -0.789 -0.699 -0.619 -0.552 -0.481 -0.446 -0.421 -0.387 -0.37 -0.412 -0.472 -0.496 -0.555 -0.588 -0.574 -0.524 -0.497 -0.504
-0.707 -0.72 -0.73 -0.739 -0.748 -0.756 -0.764 -0.766 -0.763 -0.759 -0.765 -0.787 -0.813 -0.836 -0.862 -0.888 -0.911 -0.931 -0.945 -0.955 -0.951 -0.935 -0.917 -0.917 -0.915 -0.911 -0.919 -0.938 -0.965 -0.99 -1.007 -0.995 -0.981 -0.967 -0.952 -0.943 -0.932 -0.928 -0.932 -0.943 -0.933 -0.924 -0.941 -0.938 -0.913 -0.854 -0.845 -0.839 -0.861 -0.934 -0.974 -0.995 -0.998 -0.992 -0.968 -0.938 -0.885 -0.798 -0.707 -0.622 -0.575 -0.557 -0.538 -0.514 -0.477 -0.457 -0.477 -0.476 -0.46 -0.492 -0.568 -0.577 -0.541 -0.512 -0.47
-0.719 -0.729 -0.738 -0.746 -0.754 -0.758 -0.763 -0.764 -0.765 -0.766 -0.778 -0.804 -0.829 -0.853 -0.877 -0.902 -0.92 -0.932 -0.945 -0.944 -0.934 -0.921 -0.917 -0.92 -0.918 -0.922 -0.926 -0.941 -0.974 -0.984 -0.989 -0.994 -0.993 -0.988 -0.983 -0.987 -0.985 -0.977 -0.976 -0.975 -0.952 -0.961 -0.957 -0.938 -0.9 -0.836 -0.797 -0.778 -0.798 -0.877 -0.955 -0.987 -1 -1.003 -0.984 -0.952 -0.899 -0.809 -0.702 -0.622 -0.602 -0.601 -0.57 -0.526 -0.484 -0.488 -0.476 -0.458 -0.467 -0.45 -0.497 -0.565 -0.584 -0.527 -0.464
-0.731 -0.738 -0.746 -0.753 -0.755 -0.757 -0.761 -0.767 -0.775 -0.785 -0.8 -0.822 -0.843 -0.865 -0.886 -0.904 -0.913 -0.921 -0.932 -0.93 -0.926 -0.915 -0.915 -0.908 -0.907 -0.915 -0.932 -0.951 -0.966 -0.962 -0.957 -0.96 -0.97 -0.978 -0.981 -0.992 -0.996 -0.991 -0.99 -1.002 -0.977 -0.971 -0.956 -0.927 -0.893 -0.83 -0.774 -0.75 -0.773 -0.837 -0.936 -0.954 -0.97 -1.001 -0.994 -0.964 -0.914 -0.834 -0.742 -0.681 -0.655 -0.605 -0.542 -0.482 -0.444 -0.447 -0.418 -0.416 -0.435 -0.424 -0.434 -0.505 -0.578 -0.539 -0.489
-0.742 -0.748 -0.754 -0.755 -0.754 -0.756 -0.764 -0.776 -0.79 -0.805 -0.821 -0.837 -0.855 -0.872 -0.884 -0.889 -0.89 -0.902 -0.903 -0.908 -0.913 -0.909 -0.902 -0.893 -0.897 -0.916 -0.94 -0.95 -0.947 -0.94 -0.929 -0.927 -0.937 -0.955 -0.971 -0.987 -0.986 -0.979 -0.979 -1.002 -0.982 -0.961 -0.952 -0.926 -0.891 -0.843 -0.781 -0.745 -0.764 -0.841 -0.931 -0.904 -0.916 -0.978 -0.992 -0.973 -0.929 -0.868 -0.795 -0.736 -0.677 -0.583 -0.507 -0.434 -0.405 -0.381 -0.345 -0.346 -0.385 -0.405 -0.402 -0.468 -0.54 -0.582 -0.545
-0.75 -0.756 -0.757 -0.756 -0.755 -0.761 -0.775 -0.791 -0.806 -0.821 -0.836 -0.85 -0.863 -0.87 -0.866 -0.858 -0.859 -0.874 -0.871 -0.879 -0.889 -0.89 -0.886 -0.88 -0.895 -0.926 -0.938 -0.935 -0.923 -0.909 -0.901 -0.901 -0.911 -0.928 -0.944 -0.967 -0.972 -0.965 -0.963 -0.989 -0.982 -0.961 -0.95 -0.92 -0.875 -0.842 -0.803 -0.762 -0.767 -0.853 -0.931 -0.892 -0.889 -0.935 -0.98 -0.975 -0.937 -0.877 -0.799 -0.743 -0.683 -0.56 -0.475 -0.383 -0.343 -0.3 -0.291 -0.307 -0.36 -0.408 -0.417 -0.458 -0.508 -0.57 -0.564
-0.755 -0.757 -0.757 -0.759 -0.761 -0.773 -0.789 -0.805 -0.82 -0.834 -0.847 -0.856 -0.859 -0.848 -0.836 -0.827 -0.837 -0.84 -0.843 -0.855 -0.863 -0.864 -0.876 -0.881 -0.906 -0.929 -0.928 -0.915 -0.893 -0.876 -0.864 -0.871 -0.888 -0.903 -0.918 -0.94 -0.954 -0.94 -0.956 -0.978 -0.973 -0.968 -0.961 -0.926 -0.888 -0.843 -0.796 -0.766 -0.769 -0.85 -0.931 -0.893 -0.879 -0.901 -0.959 -0.974 -0.945 -0.883 -0.803 -0.754 -0.684 -0.54 -0.455 -0.377 -0.333 -0.3 -0.298 -0.322 -0.362 -0.396 -0.393 -0.423 -0.453 -0.51 -0.538
-0.752 -0.754 -0.758 -0.763 -0.77 -0.787 -0.804 -0.817 -0.831 -0.845 -0.853 -0.853 -0.841 -0.815 -0.795 -0.795 -0.805 -0.805 -0.812 -0.823 -0.829 -0.84 -0.872 -0.899 -0.915 -0.922 -0.918 -0.899 -0.871 -0.85 -0.838 -0.841 -0.862 -0.878 -0.889 -0.908 -0.933 -0.936 -0.955 -0.96 -0.953 -0.96 -0.966 -0.946 -0.919 -0.872 -0.81 -0.755 -0.758 -0.838 -0.929 -0.919 -0.886 -0.888 -0.946 -0.972 -0.952 -0.897 -0.819 -0.777 -0.711 -0.588 -0.506 -0.434 -0.374 -0.333 -0.304 -0.302 -0.351 -0.358 -0.328 -0.343 -0.363 -0.44 -0.475
-0.741 -0.748 -0.757 -0.767 -0.783 -0.8 -0.814 -0.828 -0.84 -0.849 -0.851 -0.84 -0.816 -0.791 -0.772 -0.775 -0.768 -0.768 -0.778 -0.786 -0.809 -0.838 -0.874 -0.901 -0.91 -0.914 -0.902 -0.884 -0.858 -0.834 -0.817 -0.811 -0.836 -0.852 -0.866 -0.878 -0.901 -0.929 -0.936 -0.931 -0.951 -0.966 -0.96 -0.951 -0.927 -0.888 -0.84 -0.781 -0.765 -0.828 -0.923 -0.949 -0.925 -0.901 -0.943 -0.968 -0.956 -0.914 -0.854 -0.821 -0.757 -0.65 -0.549 -0.457 -0.372 -0.332 -0.294 -0.293 -0.338 -0.333 -0.292 -0.272 -0.282 -0.363 -0.424
-0.722 -0.738 -0.752 -0.77 -0.788 -0.805 -0.821 -0.834 -0.843 -0.844 -0.838 -0.824 -0.805 -0.789 -0.767 -0.743 -0.73 -0.731 -0.744 -0.767 -0.808 -0.841 -0.859 -0.881 -0.906 -0.905 -0.882 -0.866 -0.849 -0.827 -0.805 -0.799 -0.812 -0.823 -0.844 -0.853 -0.879 -0.916 -0.91 -0.911 -0.944 -0.963 -0.973 -0.963 -0.929 -0.876 -0.837 -0.797 -0.778 -0.827 -0.908 -0.954 -0.955 -0.935 -0.943 -0.96 -0.956 -0.928 -0.893 -0.85 -0.756 -0.629 -0.526 -0.432 -0.381 -0.36 -0.335 -0.327 -0.349 -0.362 -0.315 -0.283 -0.242 -0.271 -0.333
-0.695 -0.719 -0.742 -0.763 -0.782 -0.804 -0.825 -0.836 -0.834 -0.83 -0.82 -0.805 -0.78 -0.764 -0.732 -0.711 -0.699 -0.687 -0.714 -0.762 -0.801 -0.816 -0.835 -0.863 -0.892 -0.898 -0.867 -0.854 -0.843 -0.826 -0.804 -0.798 -0.788 -0.789 -0.811 -0.836 -0.869 -0.88 -0.888 -0.899 -0.92 -0.936 -0.96 -0.964 -0.924 -0.892 -0.86 -0.822 -0.802 -0.824 -0.885 -0.944 -0.955 -0.934 -0.939 -0.948 -0.953 -0.936 -0.91 -0.857 -0.738 -0.623 -0.539 -0.477 -0.462 -0.42 -0.398 -0.385 -0.382 -0.4 -0.393 -0.335 -0.264 -0.192 -0.186
-0.675 -0.695 -0.721 -0.747 -0.768 -0.798 -0.825 -0.832 -0.821 -0.802 -0.771 -0.772 -0.761 -0.742 -0.721 -0.699 -0.676 -0.675 -0.71 -0.743 -0.772 -0.802 -0.823 -0.844 -0.884 -0.885 -0.858 -0.852 -0.837 -0.814 -0.795 -0.787 -0.773 -0.766 -0.785 -0.817 -0.848 -0.851 -0.864 -0.873 -0.892 -0.92 -0.952 -0.957 -0.947 -0.926 -0.896 -0.865 -0.835 -0.837 -0.87 -0.929 -0.942 -0.92 -0.931 -0.935 -0.945 -0.931 -0.905 -0.851 -0.757 -0.687 -0.613 -0.565 -0.529 -0.474 -0.46 -0.45 -0.45 -0.445 -0.398 -0.326 -0.24 -0.17 -0.124
-0.646 -0.661 -0.691 -0.727 -0.761 -0.801 -0.825 -0.823 -0.797 -0.752 -0.722 -0.728 -0.731 -0.721 -0.708 -0.689 -0.666 -0.675 -0.705 -0.727 -0.757 -0.779 -0.808 -0.839 -0.881 -0.883 -0.858 -0.851 -0.841 -0.819 -0.793 -0.778 -0.773 -0.765 -0.784 -0.802 -0.816 -0.821 -0.838 -0.838 -0.856 -0.891 -0.926 -0.948 -0.934 -0.891 -0.858 -0.841 -0.84 -0.831 -0.838 -0.901 -0.922 -0.906 -0.915 -0.925 -0.933 -0.919 -0.895 -0.832 -0.784 -0.723 -0.659 -0.605 -0.568 -0.536 -0.507 -0.489 -0.477 -0.452 -0.393 -0.284 -0.177 -0.076 -0.037
-0.61 -0.632 -0.668 -0.72 -0.766 -0.805 -0.822 -0.809 -0.771 -0.715 -0.687 -0.682 -0.692 -0.707 -0.707 -0.702 -0.687 -0.685 -0.692 -0.722 -0.758 -0.782 -0.811 -0.848 -0.877 -0.862 -0.841 -0.835 -0.834 -0.825 -0.808 -0.795 -0.781 -0.773 -0.786 -0.805 -0.796 -0.806 -0.808 -0.795 -0.811 -0.84 -0.882 -0.909 -0.878 -0.838 -0.796 -0.784 -0.789 -0.805 -0.808 -0.874 -0.896 -0.887 -0.885 -0.908 -0.918 -0.909 -0.894 -0.813 -0.79 -0.725 -0.664 -0.634 -0.605 -0.565 -0.532 -0.499 -0.469 -0.427 -0.379 -0.298 -0.236 -0.137 -0.101
-0.586 -0.621 -0.674 -0.73 -0.777 -0.808 -0.815 -0.788 -0.736 -0.676 -0.649 -0.644 -0.654 -0.67 -0.676 -0.679 -0.676 -0.674 -0.696 -0.739 -0.782 -0.811 -0.839 -0.863 -0.871 -0.846 -0.827 -0.825 -0.827 -0.812 -0.805 -0.795 -0.788 -0.784 -0.777 -0.798 -0.785 -0.785 -0.762 -0.736 -0.746 -0.789 -0.829 -0.859 -0.854 -0.818 -0.792 -0.774 -0.761 -0.751 -0.77 -0.839 -0.863 -0.859 -0.862 -0.888 -0.901 -0.9 -0.892 -0.841 -0.814 -0.778 -0.721 -0.672 -0.618 -0.565 -0.518 -0.5 -0.458 -0.429 -0.407 -0.348 -0.266 -0.179 -0.132
-0.578 -0.634 -0.689 -0.744 -0.788 -0.809 -0.797 -0.746 -0.683 -0.628 -0.607 -0.604 -0.615 -0.625 -0.635 -0.647 -0.657 -0.672 -0.705 -0.745 -0.775 -0.817 -0.843 -0.854 -0.853 -0.841 -0.825 -0.82 -0.816 -0.798 -0.777 -0.768 -0.765 -0.778 -0.779 -0.789 -0.767 -0.74 -0.703 -0.673 -0.682 -0.723 -0.752 -0.782 -0.778 -0.77 -0.754 -0.719 -0.702 -0.695 -0.742 -0.813 -0.814 -0.813 -0.824 -0.855 -0.877 -0.882 -0.879 -0.861 -0.837 -0.788 -0.705 -0.62 -0.54 -0.464 -0.409 -0.423 -0.441 -0.402 -0.348 -0.261 -0.158 -0.046 -0.016
-0.594 -0.657 -0.703 -0.758 -0.797 -0.799 -0.764 -0.704 -0.635 -0.586 -0.568 -0.57 -0.587 -0.601 -0.62 -0.632 -0.645 -0.674 -0.705 -0.74 -0.776 -0.815 -0.825 -0.83 -0.824 -0.823 -0.817 -0.812 -0.799 -0.785 -0.758 -0.744 -0.739 -0.759 -0.785 -0.793 -0.768 -0.725 -0.668 -0.636 -0.63 -0.62 -0.637 -0.66 -0.67 -0.66 -0.635 -0.61 -0.617 -0.66 -0.735 -0.782 -0.76 -0.767 -0.791 -0.817 -0.847 -0.858 -0.861 -0.854 -0.833 -0.755 -0.664 -0.576 -0.488 -0.409 -0.36 -0.347 -0.367 -0.317 -0.253 -0.163 -0.05 0.066 0.066
-0.62 -0.669 -0.722 -0.774 -0.797 -0.776 -0.731 -0.664 -0.593 -0.551 -0.536 -0.542 -0.573 -0.599 -0.62 -0.631 -0.656 -0.679 -0.701 -0.741 -0.786 -0.802 -0.797 -0.791 -0.781 -0.774 -0.783 -0.791 -0.777 -0.765 -0.75 -0.73 -0.71 -0.735 -0.78 -0.821 -0.79 -0.755 -0.683 -0.589 -0.525 -0.483 -0.478 -0.504 -0.52 -0.516 -0.498 -0.467 -0.512 -0.584 -0.68 -0.732 -0.725 -0.725 -0.75 -0.777 -0.813 -0.83 -0.839 -0.839 -0.826 -0.739 -0.659 -0.579 -0.483 -0.381 -0.329 -0.3 -0.308 -0.254 -0.164 -0.092 0.039 0.186 0.224
-0.617 -0.675 -0.748 -0.783 -0.78 -0.744 -0.691 -0.619 -0.555 -0.52 -0.514 -0.531 -0.57 -0.6 -0.624 -0.643 -0.67 -0.674 -0.698 -0.742 -0.782 -0.783 -0.764 -0.748 -0.735 -0.726 -0.729 -0.739 -0.736 -0.737 -0.73 -0.698 -0.682 -0.717 -0.771 -0.818 -0.799 -0.754 -0.654 -0.519 -0.4 -0.325 -0.316 -0.339 -0.334 -0.335 -0.338 -0.308 -0.386 -0.491 -0.599 -0.665 -0.676 -0.678 -0.701 -0.734 -0.771 -0.796 -0.81 -0.818 -0.817 -0.778 -0.707 -0.603 -0.508 -0.417 -0.313 -0.283 -0.288 -0.192 -0.088 -0.02 0.139 0.257 0.353
-0.622 -0.697 -0.766 -0.778 -0.751 -0.701 -0.642 -0.57 -0.517 -0.494 -0.513 -0.549 -0.588 -0.617 -0.64 -0.66 -0.674 -0.676 -0.7 -0.735 -0.772 -0.77 -0.743 -0.717 -0.68 -0.672 -0.657 -0.66 -0.661 -0.681 -0.7 -0.679 -0.677 -0.711 -0.757 -0.789 -0.747 -0.68 -0.564 -0.419 -0.291 -0.219 -0.183 -0.177 -0.142 -0.15 -0.159 -0.165 -0.281 -0.405 -0.498 -0.586 -0.606 -0.606 -0.635 -0.679 -0.715 -0.75 -0.774 -0.79 -0.8 -0.796 -0.758 -0.669 -0.579 -0.473 -0.382 -0.356 -0.311 -0.19 -0.056 0.077 0.159 0.203 0.379
-0.646 -0.728 -0.77 -0.754 -0.711 -0.653 -0.59 -0.526 -0.489 -0.492 -0.526 -0.565 -0.606 -0.632 -0.65 -0.658 -0.661 -0.668 -0.697 -0.726 -0.761 -0.756 -0.722 -0.679 -0.631 -0.589 -0.561 -0.545 -0.559 -0.583 -0.629 -0.648 -0.634 -0.659 -0.709 -0.735 -0.673 -0.593 -0.505 -0.401 -0.289 -0.238 -0.146 -0.09 -0.054 -0.018 -0.015 -0.074 -0.171 -0.244 -0.341 -0.473 -0.513 -0.532 -0.558 -0.607 -0.647 -0.685 -0.72 -0.752 -0.772 -0.784 -0.782 -0.75 -0.67 -0.556 -0.488 -0.471 -0.362 -0.218 -0.025 0.081 0.054 0.247 0.365
-0.678 -0.749 -0.751 -0.722 -0.67 -0.605 -0.545 -0.501 -0.49 -0.509 -0.538 -0.575 -0.592 -0.603 -0.614 -0.616 -0.623 -0.642 -0.672 -0.711 -0.743 -0.731 -0.683 -0.628 -0.578 -0.503 -0.452 -0.415 -0.419 -0.439 -0.513 -0.556 -0.523 -0.539 -0.604 -0.668 -0.647 -0.602 -0.54 -0.451 -0.352 -0.303 -0.2 -0.135 -0.071 0.008 0.08 0.023 0.002 -0.069 -0.163 -0.274 -0.361 -0.426 -0.474 -0.52 -0.566 -0.607 -0.65 -0.692 -0.733 -0.76 -0.777 -0.781 -0.753 -0.672 -0.619 -0.563 -0.443 -0.257 -0.095 -0.081 0.074 0.281 0.272
-0.714 -0.742 -0.723 -0.686 -0.627 -0.568 -0.534 -0.505 -0.509 -0.518 -0.541 -0.56 -0.557 -0.556 -0.553 -0.538 -0.543 -0.582 -0.622 -0.679 -0.724 -0.7 -0.644 -0.579 -0.543 -0.43 -0.333 -0.268 -0.263 -0.33 -0.427 -0.416 -0.357 -0.368 -0.425 -0.558 -0.615 -0.588 -0.561 -0.504 -0.408 -0.304 -0.244 -0.114 -0.025 0.112 0.186 0.207 0.205 0.133 0.078 -0.003 -0.109 -0.199 -0.334 -0.427 -0.482 -0.507 -0.548 -0.621 -0.674 -0.721 -0.758 -0.779 -0.786 -0.77 -0.737 -0.673 -0.566 -0.354 -0.277 -0.076 0.113 0.155 0.081
-0.718 -0.72 -0.683 -0.645 -0.591 -0.558 -0.537 -0.519 -0.51 -0.513 -0.526 -0.516 -0.507 -0.494 -0.467 -0.452 -0.456 -0.495 -0.569 -0.665 -0.702 -0.692 -0.659 -0.614 -0.507 -0.362 -0.23 -0.136 -0.178 -0.276 -0.312 -0.304 -0.229 -0.227 -0.336 -0.493 -0.505 -0.419 -0.445 -0.407 -0.315 -0.217 -0.212 -0.009 0.105 0.266 0.32 0.34 0.314 0.308 0.282 0.232 0.185 0.116 -0.047 -0.184 -0.331 -0.44 -0.502 -0.563 -0.618 -0.66 -0.719 -0.761 -0.783 -0.793 -0.788 -0.769 -0.694 -0.527 -0.321 -0.099 -0.041 -0.075 -0.078
-0.699 -0.687 -0.644 -0.602 -0.566 -0.547 -0.524 -0.497 -0.486 -0.506 -0.492 -0.463 -0.444 -0.406 -0.367 -0.312 -0.324 -0.403 -0.507 -0.642 -0.713 -0.707 -0.69 -0.595 -0.457 -0.3 -0.122 -0.094 -0.169 -0.164 -0.172 -0.194 -0.102 -0.153 -0.28 -0.423 -0.371 -0.289 -0.362 -0.317 -0.192 -0.125 -0.136 0.061 0.236 0.279 0.334 0.333 0.196 0.129 0.108 0.115 0.228 0.29 0.184 0.099 -0.074 -0.182 -0.379 -0.491 -0.567 -0.611 -0.656 -0.715 -0.751 -0.779 -0.788 -0.783 -0.753 -0.622 -0.378 -0.285 -0.259 -0.305 -0.224
-0.655 -0.641 -0.596 -0.564 -0.54 -0.534 -0.516 -0.486 -0.485 -0.501 -0.464 -0.426 -0.377 -0.319 -0.279 -0.23 -0.268 -0.369 -0.489 -0.623 -0.719 -0.734 -0.663 -0.561 -0.42 -0.241 -0.096 -0.106 -0.129 -0.096 -0.051 -0.092 -0.037 -0.123 -0.243 -0.315 -0.234 -0.187 -0.248 -0.261 -0.117 -0.055 -0.029 0.14 0.162 0.16 0.109 0.243 0.167 0.004 0.069 0.202 0.209 0.223 0.291 0.241 0.134 -0.049 -0.244 -0.373 -0.484 -0.564 -0.604 -0.647 -0.695 -0.742 -0.767 -0.773 -0.76 -0.69 -0.557 -0.513 -0.493 -0.502 -0.429
-0.609 -0.593 -0.55 -0.523 -0.515 -0.525 -0.508 -0.488 -0.5 -0.491 -0.447 -0.397 -0.344 -0.279 -0.24 -0.238 -0.3 -0.409 -0.539 -0.655 -0.726 -0.713 -0.619 -0.515 -0.369 -0.206 -0.086 -0.059 -0.052 -0.062 0.021 0.006 0.025 -0.09 -0.231 -0.238 -0.165 -0.127 -0.118 -0.141 0.025 0.088 0.1 0.171 0.17 0.158 -0.022 -0.068 -0.098 -0.115 0.011 0.034 0.045 0.027 0.031 0.019 -0.031 -0.056 -0.16 -0.237 -0.426 -0.5 -0.539 -0.57 -0.605 -0.675 -0.728 -0.752 -0.75 -0.728 -0.688 -0.656 -0.623 -0.592 -0.565
-0.576 -0.548 -0.507 -0.492 -0.497 -0.506 -0.496 -0.495 -0.505 -0.474 -0.439 -0.392 -0.337 -0.283 -0.267 -0.286 -0.347 -0.458 -0.576 -0.68 -0.732 -0.696 -0.595 -0.453 -0.315 -0.221 -0.131 -0.064 -0.045 -0.029 0.047 0.028 0.001 -0.141 -0.198 -0.138 -0.027 -0.014 -0.018 0.021 0.163 0.218 0.217 0.126 0.031 -0.094 -0.198 -0.295 -0.281 -0.265 -0.26 -0.298 -0.283 -0.27 -0.285 -0.287 -0.314 -0.339 -0.387 -0.373 -0.357 -0.388 -0.424 -0.492 -0.523 -0.588 -0.661 -0.71 -0.721 -0.716 -0.691 -0.662 -0.629 -0.593 -0.56
-0.555 -0.513 -0.48 -0.473 -0.472 -0.469 -0.474 -0.494 -0.49 -0.46 -0.431 -0.394 -0.344 -0.304 -0.292 -0.316 -0.396 -0.506 -0.608 -0.704 -0.745 -0.686 -0.567 -0.422 -0.342 -0.286 -0.244 -0.211 -0.144 -0.098 -0.002 0.024 -0.02 -0.118 -0.085 -0.046 0.061 0.105 0.167 0.239 0.251 0.19 0.089 -0.069 -0.216 -0.329 -0.401 -0.428 -0.452 -0.463 -0.479 -0.491 -0.497 -0.491 -0.479 -0.466 -0.475 -0.448 -0.389 -0.313 -0.212 -0.124 -0.164 -0.354 -0.463 -0.504 -0.564 -0.622 -0.639 -0.657 -0.65 -0.621 -0.571 -0.513 -0.463
-0.546 -0.496 -0.461 -0.443 -0.428 -0.423 -0.438 -0.468 -0.479 -0.472 -0.449 -0.414 -0.369 -0.328 -0.312 -0.349 -0.446 -0.552 -0.643 -0.734 -0.765 -0.691 -0.552 -0.442 -0.429 -0.396 -0.373 -0.341 -0.275 -0.176 -0.031 0.06 0.064 0.009 0.006 0.052 0.188 0.236 0.319 0.366 0.299 0.126 -0.07 -0.257 -0.398 -0.431 -0.41 -0.396 -0.416 -0.431 -0.427 -0.433 -0.443 -0.456 -0.428 -0.452 -0.455 -0.356 -0.228 -0.102 0.06 0.223 0.203 -0.103 -0.38 -0.467 -0.498 -0.522 -0.506 -0.513 -0.52 -0.485 -0.415 -0.305 -0.199
-0.543 -0.486 -0.453 -0.409 -0.384 -0.377 -0.398 -0.438 -0.469 -0.483 -0.473 -0.441 -0.39 -0.349 -0.352 -0.414 -0.505 -0.592 -0.68 -0.77 -0.792 -0.707 -0.554 -0.472 -0.501 -0.511 -0.45 -0.358 -0.308 -0.216 -0.023 0.096 0.092 0.104 0.051 0.161 0.24 0.268 0.289 0.366 0.228 0.051 -0.177 -0.361 -0.43 -0.382 -0.302 -0.229 -0.214 -0.202 -0.16 -0.161 -0.223 -0.281 -0.28 -0.416 -0.36 -0.199 -0.009 0.13 0.277 0.404 0.356 0.07 -0.274 -0.462 -0.477 -0.46 -0.404 -0.322 -0.289 -0.232 -0.183 -0.017 0.155
