data/climatemaps/RS_maps/climate_winter_tmin_2005.asc
NCOLS 369 
NROWS 228 
XLLCORNER 479000 
YLLCORNER 73000 
CELLSIZE 1000 
NODATA_value -9 
[rows 34 to 67 of 228, columns 76 to 151 of 369]
0.832 0.839 0.809 0.788 0.798 0.818 0.81 0.802 0.794 0.785 0.771 0.767 0.767 0.759 0.757 0.756 0.748 0.745 0.746 0.738 0.732 0.726 0.728 0.731 0.732 0.715 0.715 0.71 0.704 0.704 0.704 0.702 0.702 0.711 0.717 0.72 0.708 0.696 0.692 0.689 0.681 0.68 0.68 0.677 0.675 0.686 0.706 0.717 0.721 0.732 0.742 0.745 0.761 0.766 0.774 0.776 0.78 0.787 0.797 0.794 0.794 0.795 0.781 0.779 0.764 0.766 0.791 0.799 0.795 0.794 0.782 0.776 0.762 0.752 0.747 0.726
0.836 0.838 0.811 0.804 0.807 0.818 0.799 0.799 0.803 0.792 0.781 0.773 0.763 0.754 0.753 0.747 0.744 0.741 0.743 0.733 0.733 0.724 0.719 0.719 0.725 0.72 0.711 0.709 0.704 0.701 0.697 0.702 0.697 0.703 0.697 0.705 0.715 0.698 0.686 0.682 0.681 0.68 0.67 0.665 0.664 0.689 0.699 0.709 0.717 0.723 0.725 0.737 0.744 0.753 0.761 0.765 0.769 0.78 0.797 0.788 0.788 0.801 0.805 0.807 0.804 0.804 0.8 0.798 0.785 0.772 0.75 0.743 0.744 0.732 0.721 0.686
0.836 0.836 0.814 0.821 0.818 0.813 0.795 0.782 0.786 0.788 0.781 0.781 0.768 0.755 0.753 0.746 0.741 0.74 0.734 0.725 0.727 0.721 0.716 0.711 0.716 0.719 0.714 0.707 0.704 0.697 0.69 0.698 0.691 0.692 0.685 0.686 0.707 0.711 0.69 0.671 0.665 0.668 0.66 0.659 0.656 0.671 0.689 0.707 0.719 0.715 0.718 0.728 0.733 0.737 0.75 0.751 0.752 0.775 0.797 0.784 0.788 0.8 0.804 0.806 0.806 0.806 0.796 0.79 0.764 0.744 0.723 0.716 0.744 0.726 0.705 0.661
0.841 0.836 0.829 0.823 0.809 0.806 0.786 0.773 0.774 0.773 0.767 0.778 0.772 0.76 0.76 0.75 0.741 0.741 0.73 0.728 0.727 0.717 0.711 0.706 0.71 0.714 0.711 0.704 0.701 0.694 0.689 0.69 0.688 0.681 0.681 0.682 0.69 0.711 0.705 0.68 0.665 0.658 0.653 0.647 0.645 0.661 0.693 0.715 0.705 0.702 0.72 0.711 0.723 0.736 0.754 0.746 0.746 0.775 0.791 0.766 0.781 0.774 0.797 0.8 0.797 0.797 0.786 0.766 0.76 0.741 0.731 0.714 0.721 0.727 0.689 0.681
0.844 0.836 0.813 0.796 0.786 0.795 0.792 0.775 0.764 0.76 0.758 0.772 0.764 0.753 0.749 0.74 0.741 0.735 0.726 0.726 0.717 0.711 0.705 0.708 0.709 0.705 0.704 0.698 0.699 0.689 0.684 0.684 0.684 0.678 0.671 0.672 0.672 0.705 0.713 0.701 0.69 0.675 0.662 0.645 0.639 0.652 0.681 0.697 0.695 0.706 0.72 0.71 0.723 0.749 0.75 0.738 0.752 0.782 0.782 0.741 0.753 0.749 0.74 0.765 0.765 0.784 0.782 0.726 0.756 0.754 0.729 0.692 0.711 0.721 0.676 0.642
0.827 0.82 0.801 0.783 0.783 0.788 0.779 0.787 0.774 0.753 0.753 0.762 0.764 0.741 0.718 0.7 0.704 0.726 0.716 0.711 0.711 0.689 0.69 0.696 0.696 0.695 0.702 0.692 0.699 0.684 0.682 0.674 0.66 0.644 0.663 0.667 0.667 0.697 0.702 0.705 0.703 0.698 0.684 0.662 0.657 0.668 0.687 0.709 0.723 0.735 0.737 0.741 0.751 0.76 0.745 0.727 0.758 0.788 0.773 0.691 0.684 0.697 0.67 0.713 0.736 0.772 0.787 0.713 0.704 0.741 0.668 0.649 0.698 0.687 0.678 0.623
0.83 0.81 0.795 0.782 0.781 0.773 0.752 0.78 0.758 0.743 0.76 0.757 0.759 0.732 0.703 0.707 0.723 0.728 0.698 0.673 0.673 0.7 0.684 0.684 0.684 0.676 0.692 0.685 0.689 0.68 0.671 0.625 0.604 0.585 0.61 0.64 0.63 0.638 0.637 0.657 0.683 0.699 0.696 0.686 0.671 0.693 0.716 0.724 0.726 0.727 0.727 0.74 0.749 0.757 0.749 0.744 0.767 0.786 0.765 0.698 0.663 0.634 0.624 0.694 0.73 0.757 0.791 0.731 0.671 0.717 0.664 0.675 0.667 0.674 0.673 0.608
0.834 0.813 0.788 0.779 0.77 0.753 0.739 0.754 0.73 0.729 0.742 0.739 0.738 0.733 0.729 0.719 0.719 0.712 0.71 0.711 0.708 0.699 0.702 0.688 0.68 0.674 0.682 0.687 0.678 0.677 0.652 0.626 0.615 0.609 0.604 0.61 0.598 0.61 0.61 0.647 0.689 0.699 0.697 0.689 0.697 0.719 0.72 0.7 0.667 0.684 0.705 0.737 0.744 0.748 0.747 0.756 0.772 0.778 0.758 0.7 0.662 0.611 0.649 0.673 0.686 0.733 0.78 0.774 0.704 0.694 0.679 0.645 0.627 0.642 0.637 0.645
0.828 0.804 0.791 0.786 0.769 0.737 0.709 0.721 0.701 0.715 0.714 0.71 0.696 0.698 0.727 0.709 0.703 0.704 0.704 0.709 0.706 0.69 0.695 0.699 0.687 0.67 0.678 0.687 0.672 0.66 0.607 0.633 0.626 0.616 0.629 0.631 0.639 0.644 0.656 0.663 0.684 0.693 0.692 0.693 0.704 0.713 0.677 0.621 0.633 0.663 0.656 0.675 0.71 0.735 0.748 0.756 0.773 0.777 0.751 0.694 0.602 0.571 0.616 0.668 0.703 0.721 0.752 0.783 0.776 0.741 0.716 0.693 0.698 0.64 0.591 0.659
0.82 0.805 0.781 0.78 0.758 0.715 0.682 0.686 0.675 0.696 0.685 0.68 0.677 0.69 0.706 0.718 0.691 0.685 0.694 0.704 0.701 0.687 0.691 0.698 0.688 0.677 0.676 0.685 0.66 0.612 0.598 0.625 0.625 0.624 0.637 0.634 0.631 0.64 0.657 0.672 0.686 0.689 0.685 0.685 0.691 0.688 0.645 0.636 0.624 0.622 0.621 0.625 0.634 0.66 0.711 0.747 0.769 0.77 0.724 0.66 0.601 0.584 0.583 0.66 0.719 0.744 0.73 0.776 0.756 0.769 0.758 0.75 0.746 0.706 0.67 0.686
0.807 0.797 0.787 0.772 0.741 0.696 0.671 0.668 0.659 0.663 0.655 0.664 0.67 0.669 0.679 0.714 0.68 0.67 0.67 0.699 0.687 0.683 0.691 0.697 0.683 0.683 0.677 0.672 0.625 0.617 0.602 0.605 0.597 0.571 0.594 0.586 0.572 0.587 0.621 0.643 0.657 0.665 0.669 0.654 0.645 0.64 0.6 0.569 0.547 0.533 0.533 0.542 0.585 0.614 0.657 0.699 0.738 0.748 0.683 0.622 0.604 0.582 0.613 0.683 0.728 0.715 0.729 0.774 0.724 0.72 0.703 0.709 0.746 0.728 0.729 0.697
0.784 0.764 0.776 0.756 0.709 0.67 0.654 0.658 0.648 0.644 0.639 0.656 0.655 0.641 0.667 0.702 0.691 0.658 0.66 0.69 0.674 0.677 0.679 0.683 0.67 0.667 0.674 0.655 0.638 0.608 0.576 0.552 0.545 0.534 0.547 0.538 0.548 0.561 0.591 0.607 0.608 0.621 0.623 0.573 0.566 0.552 0.529 0.523 0.566 0.568 0.603 0.636 0.674 0.675 0.63 0.635 0.717 0.75 0.646 0.606 0.6 0.616 0.687 0.712 0.724 0.724 0.733 0.771 0.742 0.71 0.677 0.675 0.734 0.68 0.702 0.671
0.757 0.741 0.759 0.748 0.694 0.66 0.651 0.647 0.644 0.636 0.635 0.656 0.637 0.628 0.652 0.68 0.689 0.657 0.66 0.674 0.662 0.664 0.659 0.666 0.651 0.653 0.65 0.618 0.606 0.565 0.556 0.553 0.556 0.57 0.581 0.579 0.603 0.606 0.606 0.602 0.595 0.582 0.56 0.519 0.521 0.551 0.572 0.591 0.625 0.646 0.659 0.687 0.718 0.713 0.697 0.685 0.726 0.718 0.639 0.615 0.605 0.639 0.691 0.714 0.713 0.715 0.722 0.743 0.73 0.726 0.687 0.669 0.71 0.674 0.66 0.684
0.741 0.732 0.751 0.735 0.681 0.66 0.654 0.641 0.644 0.634 0.634 0.648 0.622 0.621 0.637 0.662 0.679 0.678 0.665 0.663 0.662 0.669 0.671 0.674 0.661 0.653 0.628 0.598 0.572 0.555 0.556 0.567 0.583 0.577 0.595 0.596 0.622 0.623 0.62 0.622 0.609 0.597 0.579 0.584 0.595 0.614 0.636 0.646 0.655 0.678 0.699 0.725 0.73 0.706 0.705 0.692 0.661 0.651 0.638 0.627 0.637 0.645 0.653 0.674 0.705 0.713 0.729 0.713 0.704 0.71 0.708 0.667 0.699 0.686 0.645 0.675
0.718 0.713 0.734 0.726 0.671 0.664 0.653 0.637 0.644 0.635 0.635 0.625 0.618 0.63 0.639 0.65 0.665 0.684 0.677 0.672 0.676 0.678 0.675 0.672 0.668 0.662 0.646 0.632 0.592 0.567 0.569 0.555 0.558 0.543 0.569 0.548 0.579 0.593 0.564 0.57 0.579 0.621 0.637 0.647 0.624 0.633 0.651 0.672 0.685 0.708 0.73 0.713 0.721 0.702 0.692 0.655 0.599 0.584 0.587 0.61 0.624 0.628 0.614 0.635 0.707 0.687 0.696 0.691 0.686 0.708 0.713 0.67 0.7 0.688 0.651 0.674
0.693 0.704 0.715 0.723 0.671 0.678 0.651 0.636 0.642 0.637 0.63 0.626 0.635 0.641 0.654 0.671 0.683 0.685 0.672 0.664 0.668 0.674 0.669 0.664 0.657 0.655 0.65 0.624 0.58 0.551 0.563 0.521 0.513 0.508 0.538 0.526 0.538 0.561 0.525 0.545 0.563 0.587 0.603 0.605 0.589 0.604 0.631 0.645 0.686 0.721 0.724 0.708 0.723 0.698 0.678 0.651 0.623 0.574 0.545 0.551 0.593 0.62 0.616 0.648 0.685 0.638 0.667 0.658 0.693 0.714 0.708 0.69 0.693 0.697 0.663 0.678
0.691 0.703 0.696 0.722 0.696 0.671 0.639 0.637 0.637 0.632 0.641 0.639 0.643 0.65 0.663 0.679 0.674 0.67 0.659 0.663 0.658 0.661 0.656 0.653 0.632 0.606 0.587 0.6 0.526 0.531 0.559 0.536 0.521 0.497 0.514 0.544 0.541 0.543 0.541 0.586 0.604 0.573 0.589 0.606 0.627 0.655 0.66 0.643 0.683 0.691 0.713 0.706 0.72 0.701 0.665 0.643 0.618 0.593 0.575 0.543 0.577 0.608 0.6 0.657 0.648 0.626 0.632 0.641 0.703 0.68 0.694 0.692 0.684 0.655 0.615 0.665
0.686 0.691 0.71 0.691 0.685 0.646 0.636 0.645 0.644 0.643 0.647 0.646 0.659 0.651 0.642 0.653 0.654 0.656 0.644 0.639 0.644 0.648 0.632 0.597 0.59 0.581 0.551 0.567 0.488 0.509 0.529 0.519 0.497 0.495 0.524 0.557 0.573 0.581 0.595 0.639 0.655 0.652 0.65 0.669 0.677 0.646 0.637 0.66 0.65 0.633 0.689 0.693 0.708 0.694 0.666 0.626 0.613 0.595 0.598 0.583 0.6 0.599 0.627 0.664 0.658 0.603 0.613 0.654 0.691 0.63 0.661 0.62 0.635 0.646 0.596 0.621
0.686 0.7 0.676 0.659 0.652 0.625 0.636 0.633 0.641 0.641 0.641 0.636 0.621 0.607 0.622 0.633 0.627 0.625 0.616 0.612 0.603 0.586 0.581 0.575 0.529 0.492 0.488 0.523 0.481 0.445 0.481 0.476 0.476 0.484 0.499 0.483 0.5 0.556 0.633 0.68 0.665 0.654 0.615 0.63 0.599 0.578 0.605 0.659 0.634 0.595 0.63 0.632 0.68 0.632 0.596 0.571 0.608 0.608 0.572 0.536 0.524 0.528 0.601 0.62 0.644 0.59 0.584 0.621 0.675 0.639 0.609 0.58 0.653 0.65 0.577 0.58
0.674 0.656 0.621 0.595 0.595 0.6 0.605 0.612 0.595 0.594 0.583 0.555 0.543 0.551 0.543 0.53 0.542 0.535 0.538 0.538 0.508 0.472 0.516 0.512 0.503 0.528 0.538 0.501 0.513 0.513 0.526 0.487 0.482 0.488 0.496 0.522 0.57 0.597 0.639 0.645 0.586 0.563 0.54 0.545 0.514 0.49 0.554 0.639 0.626 0.604 0.586 0.59 0.67 0.616 0.567 0.514 0.54 0.526 0.509 0.512 0.463 0.462 0.5 0.496 0.549 0.481 0.499 0.621 0.646 0.572 0.534 0.531 0.613 0.613 0.597 0.533
0.627 0.614 0.604 0.603 0.608 0.615 0.608 0.56 0.514 0.516 0.481 0.489 0.454 0.46 0.457 0.466 0.456 0.459 0.474 0.49 0.508 0.525 0.533 0.599 0.589 0.605 0.557 0.498 0.53 0.603 0.605 0.556 0.558 0.584 0.608 0.645 0.662 0.674 0.693 0.696 0.682 0.654 0.62 0.572 0.537 0.472 0.486 0.521 0.535 0.503 0.493 0.543 0.669 0.604 0.536 0.572 0.547 0.485 0.514 0.542 0.51 0.488 0.441 0.405 0.473 0.449 0.466 0.534 0.603 0.537 0.528 0.503 0.52 0.573 0.557 0.576
0.553 0.544 0.549 0.575 0.587 0.592 0.557 0.508 0.475 0.472 0.476 0.486 0.487 0.476 0.498 0.546 0.52 0.534 0.559 0.575 0.612 0.617 0.628 0.645 0.648 0.535 0.45 0.496 0.599 0.627 0.637 0.622 0.635 0.652 0.662 0.688 0.694 0.701 0.703 0.704 0.704 0.693 0.674 0.632 0.637 0.597 0.611 0.62 0.61 0.612 0.601 0.527 0.533 0.575 0.616 0.624 0.592 0.557 0.567 0.551 0.516 0.463 0.421 0.466 0.554 0.549 0.497 0.476 0.574 0.577 0.566 0.515 0.471 0.525 0.558 0.561
0.567 0.552 0.57 0.615 0.644 0.635 0.618 0.543 0.549 0.543 0.596 0.604 0.553 0.56 0.595 0.619 0.591 0.62 0.613 0.599 0.547 0.549 0.574 0.589 0.63 0.575 0.49 0.589 0.638 0.624 0.654 0.647 0.64 0.659 0.65 0.674 0.7 0.701 0.688 0.703 0.702 0.69 0.683 0.663 0.648 0.633 0.64 0.644 0.632 0.621 0.567 0.49 0.45 0.517 0.53 0.532 0.509 0.564 0.547 0.51 0.532 0.551 0.569 0.589 0.615 0.593 0.546 0.496 0.535 0.59 0.569 0.537 0.506 0.566 0.625 0.631
0.577 0.602 0.64 0.637 0.632 0.638 0.655 0.608 0.604 0.599 0.631 0.621 0.597 0.591 0.582 0.611 0.588 0.558 0.544 0.489 0.468 0.523 0.536 0.622 0.566 0.532 0.574 0.641 0.657 0.644 0.667 0.672 0.664 0.655 0.651 0.687 0.691 0.683 0.65 0.693 0.692 0.677 0.658 0.644 0.658 0.638 0.624 0.627 0.621 0.617 0.542 0.467 0.438 0.45 0.441 0.389 0.427 0.484 0.496 0.521 0.549 0.58 0.598 0.613 0.637 0.646 0.58 0.513 0.521 0.585 0.571 0.546 0.574 0.6 0.658 0.705
0.606 0.664 0.668 0.56 0.543 0.543 0.588 0.568 0.535 0.552 0.581 0.531 0.509 0.485 0.464 0.5 0.466 0.454 0.447 0.458 0.519 0.577 0.581 0.574 0.495 0.524 0.613 0.644 0.66 0.662 0.662 0.673 0.674 0.671 0.676 0.678 0.672 0.661 0.633 0.669 0.664 0.608 0.576 0.572 0.596 0.604 0.565 0.58 0.571 0.565 0.521 0.498 0.473 0.484 0.449 0.383 0.426 0.444 0.434 0.438 0.473 0.496 0.533 0.554 0.591 0.649 0.576 0.568 0.577 0.6 0.577 0.587 0.61 0.666 0.72 0.748
0.667 0.671 0.605 0.506 0.495 0.496 0.475 0.457 0.455 0.486 0.501 0.453 0.438 0.442 0.468 0.441 0.468 0.484 0.512 0.55 0.563 0.543 0.509 0.477 0.514 0.542 0.568 0.588 0.635 0.61 0.594 0.6 0.611 0.61 0.618 0.628 0.623 0.616 0.597 0.604 0.641 0.537 0.554 0.552 0.534 0.576 0.579 0.583 0.549 0.505 0.452 0.408 0.415 0.425 0.384 0.358 0.406 0.417 0.455 0.5 0.565 0.557 0.563 0.603 0.615 0.675 0.636 0.604 0.594 0.602 0.633 0.686 0.718 0.748 0.759 0.762
0.619 0.602 0.531 0.488 0.488 0.482 0.457 0.458 0.474 0.474 0.514 0.488 0.433 0.477 0.551 0.514 0.548 0.549 0.551 0.552 0.501 0.429 0.428 0.48 0.515 0.482 0.452 0.519 0.595 0.503 0.498 0.518 0.507 0.493 0.505 0.518 0.511 0.524 0.47 0.514 0.587 0.575 0.53 0.482 0.459 0.474 0.505 0.509 0.53 0.499 0.415 0.381 0.409 0.388 0.353 0.377 0.471 0.526 0.586 0.62 0.669 0.664 0.655 0.681 0.695 0.671 0.618 0.543 0.595 0.671 0.729 0.755 0.762 0.762 0.762 0.76
0.552 0.544 0.519 0.5 0.492 0.468 0.444 0.447 0.456 0.467 0.513 0.552 0.514 0.541 0.55 0.567 0.573 0.471 0.429 0.412 0.41 0.416 0.458 0.467 0.462 0.465 0.486 0.549 0.604 0.533 0.536 0.566 0.53 0.49 0.48 0.457 0.428 0.426 0.393 0.481 0.561 0.588 0.442 0.338 0.308 0.333 0.37 0.384 0.472 0.523 0.44 0.45 0.435 0.383 0.372 0.458 0.573 0.632 0.663 0.68 0.691 0.69 0.692 0.681 0.695 0.625 0.56 0.566 0.665 0.737 0.754 0.762 0.762 0.762 0.762 0.763
0.502 0.497 0.504 0.486 0.448 0.42 0.416 0.48 0.514 0.521 0.546 0.553 0.522 0.468 0.448 0.437 0.442 0.386 0.376 0.368 0.399 0.435 0.429 0.418 0.436 0.452 0.486 0.519 0.595 0.539 0.548 0.553 0.527 0.527 0.497 0.45 0.388 0.358 0.392 0.491 0.598 0.501 0.372 0.33 0.338 0.358 0.377 0.403 0.451 0.48 0.412 0.418 0.382 0.374 0.405 0.536 0.636 0.661 0.667 0.666 0.658 0.614 0.572 0.563 0.668 0.658 0.639 0.685 0.734 0.752 0.756 0.757 0.751 0.756 0.762 0.763
0.465 0.489 0.486 0.452 0.413 0.429 0.458 0.542 0.498 0.514 0.506 0.473 0.415 0.374 0.368 0.36 0.361 0.379 0.388 0.407 0.389 0.395 0.392 0.38 0.385 0.387 0.405 0.432 0.522 0.466 0.431 0.436 0.412 0.42 0.405 0.394 0.37 0.385 0.439 0.52 0.582 0.498 0.483 0.513 0.523 0.521 0.516 0.496 0.398 0.394 0.423 0.437 0.437 0.466 0.534 0.586 0.581 0.552 0.55 0.531 0.503 0.461 0.46 0.502 0.661 0.72 0.724 0.737 0.749 0.746 0.746 0.744 0.746 0.758 0.762 0.765
0.484 0.487 0.474 0.444 0.419 0.423 0.472 0.555 0.535 0.496 0.442 0.374 0.351 0.343 0.338 0.344 0.366 0.388 0.396 0.392 0.36 0.365 0.381 0.376 0.373 0.394 0.459 0.472 0.492 0.479 0.452 0.452 0.411 0.387 0.413 0.46 0.488 0.524 0.568 0.608 0.623 0.61 0.6 0.595 0.58 0.571 0.535 0.425 0.358 0.465 0.512 0.541 0.538 0.545 0.524 0.457 0.456 0.413 0.418 0.405 0.416 0.482 0.55 0.621 0.711 0.734 0.74 0.741 0.74 0.729 0.748 0.747 0.755 0.761 0.767 0.77
0.469 0.472 0.468 0.452 0.419 0.385 0.393 0.505 0.493 0.39 0.378 0.339 0.34 0.339 0.349 0.353 0.347 0.36 0.364 0.364 0.358 0.352 0.356 0.342 0.348 0.407 0.461 0.455 0.475 0.469 0.418 0.369 0.373 0.37 0.414 0.452 0.504 0.571 0.62 0.632 0.61 0.604 0.583 0.55 0.487 0.488 0.515 0.413 0.475 0.532 0.53 0.503 0.467 0.405 0.383 0.417 0.465 0.445 0.466 0.5 0.551 0.604 0.639 0.695 0.726 0.734 0.741 0.741 0.731 0.731 0.752 0.758 0.762 0.762 0.768 0.756
0.473 0.472 0.467 0.441 0.401 0.366 0.395 0.538 0.531 0.4 0.344 0.306 0.325 0.349 0.34 0.327 0.315 0.33 0.34 0.345 0.334 0.325 0.339 0.36 0.401 0.397 0.365 0.361 0.358 0.323 0.295 0.253 0.274 0.338 0.403 0.462 0.489 0.502 0.564 0.47 0.436 0.418 0.418 0.392 0.353 0.366 0.474 0.496 0.484 0.444 0.375 0.348 0.375 0.448 0.517 0.569 0.571 0.549 0.559 0.594 0.631 0.683 0.703 0.719 0.725 0.733 0.732 0.73 0.725 0.747 0.755 0.763 0.766 0.762 0.761 0.742
0.474 0.47 0.46 0.43 0.382 0.351 0.399 0.542 0.514 0.38 0.346 0.325 0.332 0.333 0.319 0.316 0.32 0.324 0.325 0.329 0.329 0.328 0.337 0.347 0.381 0.416 0.38 0.393 0.399 0.321 0.312 0.351 0.419 0.476 0.48 0.447 0.419 0.479 0.433 0.329 0.309 0.32 0.335 0.306 0.353 0.41 0.427 0.373 0.308 0.301 0.271 0.282 0.332 0.502 0.617 0.637 0.635 0.631 0.654 0.677 0.698 0.714 0.72 0.719 0.72 0.724 0.721 0.716 0.727 0.752 0.758 0.752 0.724 0.751 0.754 0.721
