data/climatemaps/RS_maps/climate_winter_pr_2000.asc
NCOLS 369 
NROWS 228 
XLLCORNER 479000 
YLLCORNER 73000 
CELLSIZE 1000 
NODATA_value -9 
[rows 132 to 164 of 228, columns 228 to 303 of 369]
-0.042 -0.113 0.057 0.133 0.402 0.715 0.871 0.975 0.959 0.802 0.494 0.302 0.542 0.807 0.977 1.064 1.105 1.049 0.749 0.382 0.191 0.2 0.34 0.373 0.404 0.179 -0.101 -0.058 0.159 0.383 0.62 0.737 0.76 0.617 0.431 0.47 0.577 0.607 0.54 0.749 0.697 0.591 0.451 0.275 0.02 -0.274 -0.587 -0.625 -0.459 -0.24 -0.107 -0.004 -0.041 -0.167 -0.38 -0.617 -0.791 -0.814 -0.735 -0.727 -0.638 -0.532 -0.468 -0.28 -0.291 -0.272 -0.42 -0.605 -0.617 -0.489 -0.397 -0.401 -0.341 -0.331 -0.283 -0.225
0.087 0.056 0.256 0.283 0.504 0.825 0.993 1.054 1.023 0.902 0.718 0.588 0.674 0.958 1.117 1.12 1.099 1.019 0.723 0.426 0.433 0.438 0.518 0.654 0.619 0.415 0.053 0.102 0.228 0.384 0.691 0.837 0.858 0.666 0.583 0.644 0.726 0.732 0.743 0.862 0.777 0.647 0.504 0.308 0.011 -0.332 -0.583 -0.586 -0.44 -0.223 0.008 0.128 0.119 0.025 -0.194 -0.455 -0.668 -0.731 -0.613 -0.578 -0.497 -0.359 -0.267 -0.078 -0.061 -0.032 -0.062 -0.32 -0.487 -0.508 -0.491 -0.501 -0.426 -0.313 -0.195 -0.13
0.232 0.209 0.361 0.454 0.604 0.911 1.076 1.12 1.164 1.128 1.064 1.023 0.898 1.079 1.22 1.228 1.16 0.952 0.738 0.558 0.652 0.726 0.713 0.864 0.801 0.531 0.136 0.185 0.307 0.382 0.676 0.875 0.896 0.722 0.712 0.835 0.861 0.836 0.89 0.904 0.815 0.717 0.529 0.286 -0.035 -0.364 -0.556 -0.49 -0.35 -0.151 0.106 0.258 0.269 0.202 -0.016 -0.293 -0.566 -0.695 -0.612 -0.504 -0.392 -0.248 -0.123 0.083 0.144 0.133 0.163 -0.025 -0.247 -0.404 -0.456 -0.404 -0.282 -0.187 -0.099 -0.025
0.367 0.417 0.498 0.629 0.786 1.086 1.288 1.271 1.367 1.36 1.359 1.296 1.144 1.176 1.327 1.279 1.208 1.181 0.94 0.741 0.829 0.928 1.023 1.023 0.853 0.551 0.174 0.182 0.409 0.546 0.768 0.906 0.934 0.758 0.786 0.929 0.893 0.863 0.918 0.913 0.872 0.778 0.569 0.269 -0.054 -0.363 -0.504 -0.376 -0.208 -0.051 0.207 0.37 0.433 0.407 0.155 -0.181 -0.48 -0.668 -0.614 -0.516 -0.374 -0.175 -0.016 0.151 0.283 0.285 0.371 0.267 0.107 -0.153 -0.324 -0.294 -0.228 -0.173 -0.085 0.002
0.531 0.661 0.725 0.855 1.019 1.272 1.439 1.416 1.442 1.395 1.386 1.352 1.262 1.308 1.444 1.41 1.409 1.392 1.06 0.911 1.009 1.137 1.163 1.051 0.874 0.518 0.219 0.254 0.405 0.596 0.802 0.935 0.971 0.794 0.83 0.951 0.893 0.864 0.913 0.914 0.876 0.822 0.644 0.362 -0.034 -0.357 -0.461 -0.327 -0.137 0.037 0.265 0.456 0.499 0.434 0.206 -0.109 -0.397 -0.622 -0.65 -0.575 -0.485 -0.258 -0.048 0.15 0.311 0.374 0.554 0.496 0.414 0.177 -0.152 -0.129 -0.145 -0.148 -0.084 0.003
0.694 0.772 0.924 1.069 1.212 1.392 1.407 1.364 1.4 1.351 1.343 1.344 1.364 1.453 1.561 1.481 1.434 1.35 1.11 1.149 1.304 1.308 1.203 1.077 0.828 0.496 0.326 0.398 0.483 0.55 0.778 0.957 1.002 0.843 0.793 0.898 0.904 0.908 0.96 0.991 0.951 0.904 0.754 0.442 -0.037 -0.342 -0.395 -0.288 -0.151 0.086 0.391 0.501 0.505 0.426 0.264 0.01 -0.279 -0.552 -0.665 -0.644 -0.519 -0.353 -0.194 0.04 0.249 0.388 0.599 0.609 0.575 0.371 0.028 0.019 -0.004 -0.041 -0.022 0.058
0.894 0.79 1.004 1.168 1.291 1.419 1.383 1.292 1.427 1.459 1.466 1.445 1.42 1.587 1.654 1.689 1.547 1.333 1.29 1.396 1.465 1.368 1.271 1.078 0.828 0.667 0.539 0.465 0.598 0.636 0.853 0.991 1.042 0.908 0.81 0.902 0.926 0.951 1.022 1.053 1.053 0.981 0.775 0.45 -0.021 -0.308 -0.31 -0.201 -0.099 0.09 0.407 0.523 0.51 0.53 0.419 0.163 -0.166 -0.462 -0.642 -0.679 -0.559 -0.462 -0.343 -0.087 0.091 0.278 0.518 0.614 0.588 0.477 0.2 0.063 -0.002 -0.004 0.031 0.105
1.083 0.918 1.047 1.153 1.258 1.412 1.435 1.235 1.339 1.415 1.367 1.364 1.428 1.509 1.638 1.722 1.627 1.552 1.49 1.599 1.592 1.469 1.298 1.102 1.018 0.986 0.815 0.544 0.652 0.782 0.912 0.993 1.017 0.974 0.961 0.986 0.962 0.928 0.953 0.956 0.967 0.884 0.737 0.477 0.031 -0.23 -0.221 -0.128 -0.001 0.168 0.414 0.543 0.616 0.677 0.549 0.279 -0.07 -0.318 -0.526 -0.682 -0.628 -0.555 -0.463 -0.26 -0.071 0.162 0.479 0.61 0.628 0.582 0.41 0.316 0.141 0.048 0.035 0.08
1.265 1.128 1.235 1.273 1.388 1.468 1.325 1.075 1.101 1.236 1.218 1.251 1.279 1.414 1.546 1.745 1.78 1.691 1.663 1.745 1.608 1.433 1.259 1.271 1.291 1.229 1.023 0.692 0.714 0.889 0.972 1.014 1.036 1.053 1.023 0.975 0.947 0.95 0.883 0.789 0.737 0.715 0.681 0.479 0.054 -0.203 -0.201 -0.139 -0.058 0.16 0.436 0.588 0.725 0.759 0.593 0.32 0.045 -0.091 -0.309 -0.568 -0.645 -0.583 -0.454 -0.279 -0.086 0.088 0.363 0.634 0.723 0.675 0.583 0.59 0.431 0.279 0.216 0.229
1.343 1.324 1.48 1.464 1.433 1.414 1.236 0.926 0.873 1.085 1.068 1.084 1.253 1.456 1.627 1.777 1.83 1.758 1.736 1.712 1.509 1.391 1.377 1.492 1.483 1.395 1.145 0.868 0.861 0.924 1.019 1.032 1.045 1.009 0.923 0.835 0.853 0.903 0.771 0.584 0.462 0.433 0.409 0.331 0.09 -0.084 -0.245 -0.144 0.019 0.204 0.443 0.666 0.773 0.732 0.589 0.357 0.223 0.158 -0.07 -0.377 -0.547 -0.516 -0.389 -0.266 -0.076 0.092 0.288 0.63 0.783 0.776 0.789 0.781 0.647 0.461 0.317 0.251
1.443 1.502 1.587 1.474 1.327 1.208 1.078 0.742 0.633 0.844 0.9 0.993 1.295 1.574 1.772 1.799 1.707 1.676 1.625 1.568 1.458 1.562 1.581 1.605 1.605 1.457 1.211 1.107 1.09 1.015 0.968 0.937 0.951 0.96 0.866 0.787 0.689 0.681 0.537 0.433 0.419 0.482 0.407 0.385 0.309 0.068 -0.167 -0.094 0.062 0.273 0.489 0.694 0.753 0.71 0.555 0.44 0.46 0.363 0.093 -0.216 -0.437 -0.425 -0.326 -0.215 -0.038 0.16 0.324 0.613 0.876 0.935 0.941 0.824 0.652 0.53 0.532 0.559
1.469 1.48 1.488 1.406 1.213 0.983 0.816 0.561 0.471 0.63 0.825 1.094 1.295 1.569 1.839 1.825 1.72 1.826 1.765 1.63 1.548 1.735 1.724 1.68 1.592 1.451 1.377 1.319 1.197 0.991 0.842 0.764 0.771 0.778 0.7 0.611 0.563 0.496 0.505 0.564 0.682 0.753 0.619 0.66 0.546 0.192 -0.051 0.008 0.102 0.262 0.48 0.67 0.726 0.712 0.596 0.551 0.654 0.498 0.261 -0.051 -0.316 -0.298 -0.242 -0.184 -0.027 0.259 0.467 0.715 0.917 0.963 0.871 0.777 0.738 0.759 0.816 0.804
1.403 1.434 1.448 1.409 1.247 1.002 0.772 0.481 0.418 0.597 0.829 1.161 1.377 1.549 1.865 1.85 1.861 2.027 1.961 1.841 1.627 1.792 1.854 1.759 1.665 1.643 1.522 1.32 1.139 0.925 0.675 0.546 0.518 0.503 0.46 0.474 0.535 0.583 0.718 0.826 0.888 0.913 0.787 0.902 0.757 0.388 0.15 0.235 0.229 0.329 0.478 0.649 0.703 0.807 0.73 0.634 0.798 0.68 0.482 0.151 -0.182 -0.208 -0.213 -0.181 -0.04 0.234 0.524 0.725 0.936 0.912 0.875 0.926 0.883 0.962 0.939 0.937
1.379 1.446 1.466 1.419 1.249 1.012 0.792 0.437 0.294 0.484 0.737 1.091 1.434 1.637 1.93 1.89 1.995 2.16 2.1 1.946 1.72 1.857 1.919 1.827 1.859 1.758 1.53 1.207 0.969 0.748 0.575 0.492 0.466 0.513 0.613 0.72 0.826 0.802 0.917 0.982 1.043 1.008 0.944 1.104 0.969 0.553 0.349 0.43 0.42 0.447 0.524 0.648 0.742 0.864 0.794 0.778 0.899 0.795 0.585 0.258 -0.065 -0.164 -0.195 -0.164 -0.031 0.182 0.486 0.69 0.834 0.897 0.996 1.019 0.981 1.044 1.006 0.993
1.235 1.339 1.373 1.334 1.152 0.873 0.601 0.316 0.151 0.381 0.706 0.963 1.335 1.674 1.943 1.933 2.107 2.237 2.136 1.967 1.87 1.94 1.976 1.899 1.834 1.666 1.371 1.088 0.922 0.841 0.862 0.723 0.765 0.933 0.978 0.977 1.023 1.004 1.032 1.117 1.138 1.073 1.133 1.246 1.095 0.708 0.471 0.48 0.492 0.475 0.552 0.652 0.771 0.839 0.808 0.972 0.951 0.813 0.636 0.306 0.02 -0.128 -0.157 -0.154 -0.054 0.128 0.473 0.647 0.813 0.905 1.077 1.061 1.056 1.097 1.029 0.999
1.237 1.248 1.247 1.221 1.078 0.83 0.542 0.248 0.103 0.303 0.678 0.897 1.177 1.582 1.939 1.955 2.193 2.351 2.18 2.049 2.023 2.083 1.973 1.839 1.627 1.414 1.229 1.156 1.166 1.04 1.138 1.026 1.007 1.263 1.213 1.168 1.212 1.189 1.137 1.219 1.224 1.149 1.264 1.315 1.164 0.891 0.65 0.498 0.449 0.435 0.499 0.601 0.727 0.821 0.89 0.991 0.932 0.805 0.674 0.494 0.186 -0.032 -0.077 -0.097 -0.046 0.105 0.376 0.601 0.819 0.922 1.034 1.036 1.08 1.136 1.104 1.035
1.284 1.287 1.276 1.267 1.199 1.007 0.685 0.294 0.078 0.22 0.587 0.871 1.119 1.549 1.925 2.025 2.217 2.364 2.27 2.2 2.164 2.113 1.96 1.743 1.683 1.607 1.41 1.331 1.274 1.221 1.297 1.259 1.185 1.35 1.394 1.377 1.431 1.357 1.277 1.272 1.233 1.223 1.28 1.256 1.137 1.112 0.99 0.642 0.452 0.472 0.501 0.553 0.655 0.805 0.897 0.881 0.859 0.78 0.858 0.724 0.396 0.065 0.012 -0.016 -0.013 0.086 0.301 0.497 0.732 0.868 0.996 1.014 1.053 1.126 1.111 1.01
1.173 1.329 1.426 1.458 1.416 1.207 0.825 0.355 0.033 0.123 0.428 0.804 1.071 1.533 1.943 2.122 2.218 2.212 2.181 2.165 2.17 2.087 1.861 1.924 2.006 1.83 1.567 1.414 1.376 1.303 1.347 1.38 1.31 1.468 1.593 1.559 1.588 1.455 1.327 1.221 1.128 1.132 1.151 1.143 1.157 1.281 1.193 0.836 0.604 0.557 0.583 0.588 0.654 0.758 0.825 0.891 0.959 0.95 0.978 0.897 0.609 0.23 0.068 0.034 0.019 0.089 0.231 0.403 0.61 0.752 0.929 1.049 1.056 1.057 1.012 0.879
0.906 1.149 1.387 1.474 1.413 1.192 0.804 0.338 0.016 0.025 0.256 0.581 0.99 1.467 1.849 2.128 2.166 2.107 2.14 2.136 2.082 2.06 2.107 2.207 2.138 1.911 1.649 1.452 1.317 1.252 1.341 1.427 1.425 1.6 1.705 1.638 1.586 1.436 1.242 1.054 0.946 0.97 1.005 1.057 1.213 1.372 1.266 0.979 0.793 0.594 0.592 0.566 0.609 0.724 0.822 0.965 1.063 1.022 1.082 1.003 0.753 0.379 0.157 0.112 0.094 0.117 0.201 0.314 0.521 0.652 0.851 1.015 1.126 1.048 0.863 0.709
0.6 0.884 1.208 1.336 1.271 1.041 0.668 0.262 -0.005 0.001 0.269 0.591 0.972 1.398 1.724 1.993 2.121 2.139 2.172 2.178 2.186 2.255 2.307 2.279 2.156 1.941 1.658 1.416 1.258 1.258 1.345 1.378 1.412 1.653 1.73 1.624 1.554 1.421 1.203 0.9 0.792 0.796 0.87 0.985 1.253 1.446 1.335 1.075 1.015 0.682 0.515 0.467 0.513 0.639 0.731 0.91 1.018 0.992 1.151 1.056 0.857 0.527 0.246 0.173 0.135 0.107 0.172 0.261 0.453 0.584 0.761 0.91 1.061 0.963 0.721 0.621
0.354 0.657 0.97 1.13 1.121 0.868 0.496 0.166 -0.022 0.039 0.395 0.774 1.157 1.431 1.573 1.857 2.043 2.116 2.132 2.188 2.252 2.369 2.368 2.295 2.195 1.986 1.638 1.336 1.199 1.216 1.264 1.277 1.351 1.641 1.744 1.673 1.565 1.371 1.121 0.81 0.653 0.61 0.728 0.961 1.267 1.426 1.365 1.197 1.143 0.828 0.633 0.512 0.438 0.516 0.645 0.793 0.93 1.005 1.129 1.096 0.941 0.68 0.344 0.168 0.099 0.061 0.142 0.29 0.499 0.663 0.823 0.908 0.928 0.799 0.609 0.591
0.179 0.464 0.759 0.924 0.927 0.773 0.476 0.163 0.02 0.164 0.508 0.853 1.205 1.399 1.534 1.653 1.795 1.84 1.857 2.029 2.149 2.196 2.286 2.373 2.272 2.057 1.648 1.279 1.103 1.06 1.119 1.134 1.246 1.58 1.762 1.704 1.551 1.192 0.921 0.724 0.525 0.45 0.654 0.937 1.204 1.34 1.325 1.273 1.264 0.854 0.796 0.701 0.535 0.448 0.56 0.698 0.85 0.949 1.062 1.058 0.955 0.733 0.445 0.213 0.141 0.132 0.24 0.404 0.635 0.822 0.938 0.968 0.877 0.673 0.546 0.598
0.055 0.31 0.61 0.756 0.789 0.7 0.475 0.188 0.053 0.23 0.583 0.823 1.204 1.397 1.519 1.474 1.493 1.554 1.622 1.87 2.08 2.124 2.215 2.371 2.254 2.048 1.675 1.267 1.005 0.892 0.946 1.012 1.195 1.508 1.676 1.647 1.491 1.087 0.774 0.62 0.402 0.36 0.56 0.848 1.098 1.289 1.287 1.318 1.271 0.912 0.88 0.838 0.698 0.624 0.573 0.598 0.701 0.78 0.911 0.973 0.898 0.768 0.587 0.33 0.32 0.318 0.424 0.56 0.815 0.973 0.996 0.918 0.724 0.573 0.536 0.654
-0.039 0.139 0.404 0.65 0.765 0.723 0.517 0.266 0.111 0.22 0.455 0.703 1.095 1.362 1.48 1.421 1.276 1.392 1.6 1.841 1.998 2.059 2.214 2.31 2.187 2.002 1.696 1.276 0.965 0.789 0.827 0.954 1.13 1.35 1.528 1.595 1.442 1.028 0.64 0.515 0.304 0.301 0.524 0.82 1.032 1.266 1.251 1.331 1.307 0.942 0.961 0.963 0.839 0.806 0.708 0.612 0.708 0.721 0.817 0.929 0.889 0.827 0.685 0.459 0.429 0.448 0.547 0.673 0.831 0.905 0.878 0.756 0.641 0.609 0.67 0.771
-0.072 -0.014 0.222 0.527 0.744 0.778 0.613 0.37 0.172 0.172 0.315 0.565 0.952 1.217 1.337 1.272 1.134 1.267 1.566 1.801 1.92 1.976 2.092 2.126 2.019 1.905 1.686 1.284 0.93 0.675 0.666 0.777 0.943 1.178 1.372 1.467 1.348 1.062 0.65 0.419 0.282 0.286 0.433 0.704 0.984 1.189 1.228 1.378 1.318 1.04 0.997 1.025 0.989 0.925 0.797 0.748 0.876 0.835 0.805 0.941 0.97 0.906 0.726 0.591 0.544 0.561 0.586 0.653 0.715 0.696 0.695 0.685 0.681 0.754 0.79 0.907
0.018 -0.107 0.024 0.292 0.594 0.774 0.718 0.544 0.334 0.169 0.166 0.375 0.748 0.939 1.014 1.002 1.01 1.187 1.485 1.725 1.896 1.958 1.853 1.864 1.88 1.843 1.663 1.296 0.889 0.578 0.476 0.63 0.855 1.051 1.219 1.353 1.398 1.24 0.72 0.397 0.314 0.282 0.354 0.613 0.893 1.092 1.191 1.418 1.383 1.17 1.011 1.031 1.068 1.004 0.871 0.84 0.984 0.986 0.914 1.015 1.05 0.96 0.82 0.721 0.655 0.605 0.582 0.586 0.591 0.631 0.699 0.739 0.799 0.833 0.876 1.057
0.122 -0.126 -0.119 0.086 0.394 0.667 0.739 0.696 0.525 0.278 0.136 0.218 0.509 0.661 0.768 0.911 1.08 1.211 1.378 1.6 1.895 2 1.798 1.72 1.802 1.732 1.6 1.414 1.064 0.662 0.398 0.452 0.711 0.967 1.192 1.351 1.415 1.251 0.784 0.405 0.34 0.29 0.371 0.585 0.826 1.031 1.155 1.384 1.442 1.31 1.148 1.027 1.093 1.059 0.937 0.901 1.045 1.123 1.077 1.164 1.124 1.012 0.903 0.791 0.695 0.568 0.511 0.487 0.548 0.661 0.811 0.851 0.845 0.922 0.966 1.174
0.249 -0.043 -0.169 -0.05 0.195 0.461 0.682 0.758 0.647 0.39 0.168 0.128 0.293 0.493 0.762 0.94 1.184 1.342 1.443 1.577 1.914 2.024 1.757 1.582 1.684 1.614 1.595 1.526 1.268 0.779 0.369 0.301 0.564 0.756 1.086 1.268 1.357 1.231 0.852 0.406 0.284 0.225 0.315 0.504 0.717 0.952 1.1 1.294 1.441 1.391 1.277 1.062 1.089 1.067 0.965 0.968 1.109 1.195 1.18 1.208 1.135 0.983 0.831 0.662 0.526 0.428 0.415 0.523 0.709 0.885 0.971 1.034 0.912 0.931 1.005 1.211
0.46 0.142 -0.079 -0.099 0.037 0.27 0.517 0.696 0.656 0.431 0.178 0.082 0.203 0.497 0.821 1.024 1.183 1.328 1.475 1.665 1.913 1.985 1.71 1.491 1.476 1.39 1.434 1.452 1.213 0.786 0.377 0.251 0.435 0.685 0.97 1.155 1.298 1.284 0.989 0.488 0.222 0.173 0.226 0.353 0.577 0.872 1.065 1.189 1.363 1.405 1.291 1.092 1.055 1.03 0.96 0.993 1.126 1.179 1.153 1.112 1.031 0.88 0.702 0.454 0.303 0.334 0.421 0.626 0.897 1.069 1.099 1.18 1.052 0.965 1.051 1.229
0.671 0.471 0.18 -0.027 -0.043 0.096 0.297 0.531 0.578 0.406 0.163 0.057 0.171 0.483 0.795 1.053 1.232 1.355 1.498 1.725 1.906 1.907 1.609 1.445 1.349 1.257 1.364 1.423 1.237 0.832 0.39 0.217 0.377 0.672 0.938 1.121 1.323 1.335 1.072 0.538 0.229 0.237 0.273 0.336 0.522 0.816 0.996 1.07 1.269 1.319 1.182 1.085 0.977 0.929 0.926 0.964 1.07 1.081 1.078 1.031 0.94 0.875 0.696 0.345 0.243 0.432 0.534 0.682 1.042 1.241 1.232 1.296 1.23 1.009 1.094 1.26
0.943 0.866 0.534 0.184 -0.012 -0.01 0.092 0.324 0.465 0.332 0.11 0.027 0.148 0.364 0.599 0.879 1.141 1.331 1.546 1.796 1.833 1.774 1.452 1.428 1.357 1.273 1.384 1.404 1.248 0.854 0.392 0.197 0.341 0.631 0.911 1.103 1.329 1.372 1.128 0.583 0.221 0.226 0.289 0.356 0.502 0.742 0.87 0.963 1.126 1.141 1.09 1.029 0.941 0.836 0.823 0.865 0.901 0.975 1.03 0.964 0.848 0.699 0.526 0.27 0.268 0.53 0.702 0.784 1.079 1.332 1.352 1.361 1.399 1.141 1.104 1.286
1.152 1.05 0.833 0.581 0.259 0.055 -0.006 0.109 0.273 0.232 0.065 0.043 0.214 0.435 0.595 0.791 0.999 1.222 1.443 1.651 1.826 1.72 1.366 1.24 1.179 1.165 1.293 1.312 1.13 0.748 0.357 0.234 0.349 0.6 0.849 1 1.21 1.361 1.134 0.658 0.19 0.127 0.195 0.272 0.396 0.627 0.745 0.833 0.909 0.942 0.994 0.911 0.875 0.767 0.748 0.717 0.727 0.752 0.788 0.746 0.625 0.431 0.302 0.197 0.322 0.627 0.859 0.93 1.15 1.414 1.453 1.421 1.512 1.278 1.134 1.253
1.192 1.141 1.198 1.018 0.655 0.324 0.029 -0.026 0.072 0.121 0.003 0.067 0.314 0.652 0.807 1.007 1.113 1.255 1.562 1.689 1.857 1.683 1.255 1.084 1.087 1.116 1.235 1.251 1.036 0.627 0.307 0.268 0.354 0.556 0.774 0.932 1.114 1.237 1.09 0.681 0.187 0.044 0.151 0.243 0.339 0.477 0.561 0.584 0.612 0.689 0.751 0.675 0.594 0.535 0.48 0.437 0.416 0.405 0.422 0.395 0.292 0.184 0.153 0.224 0.47 0.76 0.989 1.098 1.316 1.472 1.577 1.485 1.555 1.371 1.161 1.238
