data/climatemaps/RS_maps/climate_breeding_pr_2010.asc
NCOLS 369 
NROWS 228 
XLLCORNER 479000 
YLLCORNER 73000 
CELLSIZE 1000 
NODATA_value -9 
[rows 170 to 203 of 228, columns 76 to 151 of 369]
-0.144 -0.45 -0.787 -0.989 -1.099 -1.164 -1.196 -1.19 -1.125 -0.957 -0.82 -0.76 -0.668 -0.526 -0.366 -0.163 -0.029 0.036 0.117 0.165 0.185 0.125 0.017 -0.071 -0.111 0.083 0.321 0.512 0.589 0.571 0.583 0.564 0.515 0.454 0.42 0.464 0.467 0.413 0.447 0.506 0.571 0.564 0.454 0.281 0.028 -0.27 -0.135 -0.016 -0.048 -0.175 -0.335 -0.527 -0.673 -0.783 -0.816 -0.826 -0.813 -0.815 -0.899 -0.974 -0.938 -0.908 -0.91 -0.976 -0.946 -0.944 -0.982 -1.061 -1.225 -1.211 -1.152 -1.124 -1.13 -1.128 -1.095 -1.013
-0.062 -0.355 -0.696 -0.947 -1.08 -1.157 -1.2 -1.211 -1.181 -1.089 -0.986 -0.886 -0.722 -0.493 -0.316 -0.191 -0.087 0 0.073 0.113 0.156 0.196 0.156 0.185 0.089 0.225 0.46 0.591 0.614 0.592 0.562 0.53 0.495 0.393 0.251 0.314 0.314 0.251 0.36 0.311 0.377 0.353 0.227 0.031 -0.219 -0.491 -0.3 -0.278 -0.331 -0.465 -0.637 -0.839 -0.997 -1.081 -1.148 -1.175 -1.143 -1.13 -1.151 -1.172 -1.166 -1.174 -1.174 -1.214 -1.231 -1.264 -1.29 -1.335 -1.411 -1.399 -1.406 -1.378 -1.373 -1.374 -1.323 -1.283
-0.023 -0.283 -0.591 -0.865 -1.046 -1.143 -1.196 -1.217 -1.203 -1.146 -1.049 -0.93 -0.761 -0.56 -0.42 -0.343 -0.218 -0.138 -0.059 0.029 0.121 0.226 0.299 0.413 0.422 0.493 0.616 0.519 0.487 0.455 0.433 0.426 0.451 0.337 0.115 0.072 0.036 0.1 0.26 0.093 0.121 0.104 -0.057 -0.29 -0.522 -0.628 -0.508 -0.522 -0.595 -0.724 -0.87 -1.04 -1.198 -1.293 -1.357 -1.376 -1.348 -1.314 -1.288 -1.278 -1.292 -1.319 -1.339 -1.377 -1.418 -1.441 -1.454 -1.46 -1.459 -1.457 -1.466 -1.481 -1.492 -1.493 -1.49 -1.458
0.061 -0.174 -0.445 -0.736 -1.005 -1.122 -1.186 -1.215 -1.213 -1.183 -1.122 -1.013 -0.834 -0.701 -0.619 -0.496 -0.357 -0.271 -0.137 0.018 0.133 0.213 0.286 0.404 0.487 0.554 0.537 0.35 0.175 0.132 0.128 0.234 0.358 0.307 0.127 -0.089 -0.229 -0.007 0.108 -0.1 -0.154 -0.188 -0.353 -0.564 -0.734 -0.719 -0.682 -0.718 -0.807 -0.938 -1.09 -1.222 -1.341 -1.426 -1.477 -1.479 -1.436 -1.369 -1.315 -1.285 -1.291 -1.337 -1.384 -1.418 -1.428 -1.447 -1.412 -1.39 -1.358 -1.322 -1.34 -1.396 -1.447 -1.477 -1.494 -1.49
0.132 -0.047 -0.27 -0.601 -0.934 -1.091 -1.172 -1.209 -1.217 -1.205 -1.178 -1.091 -0.954 -0.866 -0.785 -0.646 -0.512 -0.399 -0.241 -0.079 0.043 0.116 0.213 0.324 0.413 0.465 0.405 0.2 -0.044 -0.134 -0.057 0.115 0.223 0.181 0.028 -0.211 -0.415 -0.189 -0.14 -0.34 -0.406 -0.474 -0.626 -0.798 -0.907 -0.869 -0.868 -0.924 -1.011 -1.124 -1.254 -1.352 -1.436 -1.497 -1.514 -1.474 -1.389 -1.275 -1.214 -1.195 -1.16 -1.214 -1.277 -1.3 -1.315 -1.358 -1.28 -1.208 -1.149 -1.113 -1.15 -1.237 -1.318 -1.359 -1.367 -1.361
0.153 0.027 -0.126 -0.475 -0.839 -1.051 -1.154 -1.203 -1.219 -1.22 -1.209 -1.162 -1.076 -1.009 -0.883 -0.746 -0.648 -0.536 -0.385 -0.215 -0.046 0.083 0.249 0.333 0.413 0.459 0.392 0.131 -0.097 -0.248 -0.116 0.067 0.077 -0.008 -0.191 -0.405 -0.566 -0.379 -0.44 -0.612 -0.663 -0.736 -0.869 -1.008 -1.052 -1.024 -1.08 -1.152 -1.208 -1.295 -1.372 -1.428 -1.48 -1.5 -1.442 -1.349 -1.216 -1.114 -1.081 -1.015 -0.892 -0.95 -1.016 -1.025 -1.103 -1.219 -1.094 -0.97 -0.896 -0.895 -0.963 -1.065 -1.145 -1.215 -1.205 -1.171
0.095 0.041 -0.041 -0.335 -0.703 -0.967 -1.116 -1.196 -1.223 -1.234 -1.233 -1.212 -1.163 -1.094 -0.978 -0.861 -0.754 -0.569 -0.366 -0.183 -0.003 0.129 0.241 0.374 0.509 0.562 0.446 0.252 0.022 -0.301 -0.232 -0.068 -0.097 -0.228 -0.439 -0.624 -0.662 -0.592 -0.712 -0.858 -0.901 -0.967 -1.077 -1.175 -1.177 -1.202 -1.283 -1.337 -1.365 -1.405 -1.435 -1.439 -1.44 -1.463 -1.392 -1.293 -1.147 -0.994 -0.871 -0.758 -0.61 -0.615 -0.662 -0.691 -0.849 -1.036 -0.929 -0.757 -0.667 -0.679 -0.757 -0.849 -0.913 -1.015 -1.05 -1.028
0.07 0.06 0.034 -0.218 -0.553 -0.866 -1.087 -1.194 -1.229 -1.248 -1.258 -1.246 -1.213 -1.18 -1.07 -0.943 -0.814 -0.547 -0.356 -0.179 -0.006 0.082 0.285 0.486 0.614 0.564 0.438 0.457 0.167 -0.335 -0.313 -0.187 -0.302 -0.482 -0.657 -0.822 -0.774 -0.836 -0.951 -1.062 -1.1 -1.157 -1.26 -1.319 -1.323 -1.389 -1.429 -1.443 -1.445 -1.446 -1.436 -1.373 -1.313 -1.411 -1.424 -1.319 -1.121 -0.871 -0.63 -0.532 -0.369 -0.351 -0.327 -0.394 -0.598 -0.853 -0.839 -0.606 -0.475 -0.491 -0.547 -0.633 -0.654 -0.768 -0.867 -0.87
0.074 0.039 -0.015 -0.227 -0.536 -0.857 -1.079 -1.185 -1.228 -1.258 -1.28 -1.284 -1.268 -1.212 -1.034 -0.832 -0.697 -0.522 -0.362 -0.212 -0.03 0.158 0.396 0.577 0.618 0.578 0.571 0.528 0.177 -0.291 -0.397 -0.359 -0.51 -0.702 -0.878 -0.986 -0.99 -1.058 -1.144 -1.217 -1.257 -1.318 -1.392 -1.44 -1.458 -1.478 -1.473 -1.448 -1.412 -1.376 -1.312 -1.233 -1.222 -1.324 -1.392 -1.33 -1.109 -0.878 -0.621 -0.424 -0.252 -0.181 -0.14 -0.23 -0.432 -0.708 -0.735 -0.546 -0.394 -0.361 -0.414 -0.419 -0.411 -0.526 -0.67 -0.756
0.034 -0.061 -0.148 -0.305 -0.601 -0.898 -1.071 -1.156 -1.206 -1.251 -1.291 -1.311 -1.304 -1.236 -0.988 -0.683 -0.48 -0.302 -0.123 -0.068 0.193 0.338 0.506 0.591 0.59 0.621 0.694 0.494 0.177 -0.254 -0.562 -0.553 -0.725 -0.905 -1.073 -1.159 -1.177 -1.233 -1.288 -1.339 -1.391 -1.451 -1.488 -1.514 -1.514 -1.481 -1.429 -1.349 -1.276 -1.236 -1.114 -1.047 -1.069 -1.166 -1.285 -1.329 -1.156 -0.955 -0.686 -0.42 -0.202 -0.087 -0.068 -0.2 -0.344 -0.615 -0.656 -0.474 -0.358 -0.288 -0.322 -0.231 -0.184 -0.308 -0.529 -0.739
0.021 -0.077 -0.227 -0.448 -0.705 -0.904 -0.979 -1.034 -1.087 -1.172 -1.269 -1.308 -1.299 -1.217 -0.95 -0.601 -0.319 -0.071 0.02 0.086 0.381 0.53 0.551 0.55 0.569 0.569 0.535 0.388 0.085 -0.301 -0.655 -0.784 -0.956 -1.096 -1.217 -1.287 -1.317 -1.357 -1.403 -1.437 -1.469 -1.5 -1.519 -1.489 -1.414 -1.361 -1.302 -1.165 -1.061 -1.055 -0.962 -0.849 -0.876 -0.975 -1.16 -1.282 -1.154 -0.956 -0.739 -0.522 -0.309 -0.125 -0.086 -0.116 -0.249 -0.541 -0.637 -0.475 -0.339 -0.272 -0.231 -0.137 -0.116 -0.27 -0.488 -0.74
0.123 -0.045 -0.257 -0.549 -0.777 -0.84 -0.816 -0.84 -0.918 -1.075 -1.211 -1.294 -1.289 -1.193 -0.88 -0.494 -0.169 0.075 0.068 0.217 0.446 0.553 0.534 0.393 0.287 0.17 0.055 -0.023 -0.196 -0.513 -0.819 -0.968 -1.143 -1.245 -1.322 -1.372 -1.392 -1.437 -1.464 -1.475 -1.486 -1.5 -1.512 -1.409 -1.303 -1.233 -1.16 -0.97 -0.829 -0.858 -0.837 -0.648 -0.633 -0.811 -1.052 -1.246 -1.166 -1.016 -0.862 -0.673 -0.45 -0.249 -0.115 -0.128 -0.26 -0.565 -0.657 -0.506 -0.369 -0.237 -0.182 -0.106 -0.165 -0.333 -0.568 -0.834
0.151 -0.087 -0.355 -0.626 -0.727 -0.67 -0.622 -0.626 -0.749 -0.965 -1.118 -1.258 -1.272 -1.113 -0.812 -0.435 -0.074 0.147 0.181 0.461 0.604 0.525 0.526 0.325 0.022 -0.189 -0.427 -0.542 -0.568 -0.727 -0.973 -1.139 -1.243 -1.314 -1.366 -1.406 -1.438 -1.451 -1.446 -1.429 -1.412 -1.405 -1.46 -1.407 -1.254 -1.121 -1.011 -0.839 -0.639 -0.645 -0.684 -0.506 -0.44 -0.629 -0.906 -1.168 -1.215 -1.126 -1.007 -0.801 -0.579 -0.384 -0.228 -0.206 -0.327 -0.608 -0.64 -0.536 -0.417 -0.219 -0.145 -0.125 -0.304 -0.542 -0.782 -1.023
0.142 -0.11 -0.413 -0.613 -0.608 -0.503 -0.419 -0.417 -0.582 -0.811 -1.027 -1.206 -1.228 -1.063 -0.797 -0.417 0.013 0.234 0.409 0.587 0.63 0.551 0.391 0.176 -0.103 -0.415 -0.652 -0.834 -0.909 -0.987 -1.129 -1.229 -1.293 -1.342 -1.376 -1.395 -1.393 -1.366 -1.319 -1.27 -1.251 -1.303 -1.41 -1.396 -1.252 -1.109 -0.938 -0.748 -0.545 -0.489 -0.508 -0.36 -0.326 -0.492 -0.742 -1.061 -1.231 -1.166 -1.027 -0.88 -0.667 -0.442 -0.29 -0.27 -0.413 -0.615 -0.577 -0.499 -0.377 -0.225 -0.183 -0.22 -0.388 -0.704 -0.996 -1.095
0.129 -0.162 -0.459 -0.546 -0.463 -0.341 -0.212 -0.246 -0.413 -0.597 -0.857 -1.121 -1.206 -1.095 -0.819 -0.44 0.003 0.274 0.485 0.568 0.606 0.562 0.356 0.046 -0.236 -0.536 -0.767 -0.996 -1.12 -1.186 -1.246 -1.286 -1.305 -1.31 -1.312 -1.317 -1.275 -1.197 -1.128 -1.073 -1.073 -1.178 -1.351 -1.376 -1.249 -1.13 -0.97 -0.766 -0.53 -0.4 -0.401 -0.261 -0.237 -0.377 -0.621 -0.971 -1.22 -1.179 -1.034 -0.906 -0.716 -0.485 -0.323 -0.299 -0.472 -0.579 -0.49 -0.432 -0.326 -0.214 -0.192 -0.267 -0.46 -0.829 -1.087 -1.058
0.065 -0.231 -0.463 -0.412 -0.267 -0.198 -0.02 -0.07 -0.174 -0.304 -0.61 -0.987 -1.161 -1.155 -0.92 -0.559 -0.176 0.191 0.371 0.537 0.582 0.496 0.36 0.002 -0.374 -0.706 -0.939 -1.125 -1.218 -1.266 -1.294 -1.28 -1.226 -1.154 -1.14 -1.178 -1.142 -1.009 -0.906 -0.858 -0.89 -1.043 -1.275 -1.364 -1.282 -1.184 -1.046 -0.832 -0.578 -0.423 -0.347 -0.198 -0.182 -0.323 -0.554 -0.909 -1.19 -1.191 -1.067 -0.925 -0.78 -0.561 -0.398 -0.362 -0.504 -0.523 -0.425 -0.345 -0.276 -0.242 -0.223 -0.366 -0.654 -0.981 -1.066 -0.98
-0.043 -0.28 -0.375 -0.277 -0.115 0.013 0.216 0.231 0.105 -0.127 -0.474 -0.849 -1.097 -1.175 -1.014 -0.666 -0.309 0.035 0.22 0.471 0.485 0.317 0.209 -0.124 -0.533 -0.875 -1.087 -1.217 -1.267 -1.282 -1.243 -1.156 -1.043 -0.948 -0.941 -1.011 -1.002 -0.859 -0.727 -0.662 -0.744 -0.947 -1.213 -1.353 -1.309 -1.201 -1.064 -0.862 -0.63 -0.471 -0.353 -0.194 -0.206 -0.338 -0.556 -0.884 -1.139 -1.208 -1.126 -0.983 -0.837 -0.623 -0.45 -0.395 -0.498 -0.456 -0.368 -0.273 -0.217 -0.187 -0.2 -0.437 -0.811 -1.043 -1.022 -0.879
-0.15 -0.264 -0.186 -0.094 0.051 0.278 0.523 0.518 0.254 -0.079 -0.337 -0.671 -1.033 -1.172 -1.071 -0.733 -0.354 -0.085 0.058 0.276 0.208 0.032 -0.122 -0.434 -0.792 -1.024 -1.161 -1.244 -1.263 -1.207 -1.057 -0.922 -0.803 -0.718 -0.719 -0.829 -0.815 -0.674 -0.584 -0.502 -0.664 -0.923 -1.181 -1.307 -1.337 -1.247 -1.115 -0.926 -0.701 -0.528 -0.389 -0.246 -0.258 -0.373 -0.612 -0.844 -0.985 -1.179 -1.193 -1.042 -0.89 -0.692 -0.474 -0.403 -0.473 -0.353 -0.295 -0.205 -0.119 -0.105 -0.223 -0.563 -0.949 -1.008 -0.93 -0.78
-0.151 -0.142 -0.005 0.083 0.257 0.473 0.601 0.605 0.41 0.099 -0.129 -0.497 -0.935 -1.156 -1.132 -0.853 -0.51 -0.245 -0.151 -0.096 -0.202 -0.377 -0.554 -0.8 -1.009 -1.128 -1.196 -1.221 -1.159 -1.072 -0.89 -0.712 -0.549 -0.443 -0.478 -0.628 -0.574 -0.444 -0.38 -0.379 -0.622 -0.921 -1.1 -1.197 -1.313 -1.314 -1.199 -1.013 -0.813 -0.628 -0.471 -0.335 -0.303 -0.4 -0.627 -0.715 -0.801 -1.039 -1.183 -1.084 -0.932 -0.758 -0.535 -0.429 -0.454 -0.321 -0.233 -0.127 -0.078 -0.12 -0.286 -0.65 -0.976 -0.921 -0.77 -0.679
0.006 -0.036 0.131 0.292 0.402 0.498 0.517 0.54 0.55 0.302 0.081 -0.327 -0.833 -1.143 -1.198 -0.98 -0.7 -0.452 -0.456 -0.548 -0.664 -0.807 -0.932 -1.051 -1.136 -1.185 -1.189 -1.118 -0.945 -0.895 -0.802 -0.594 -0.351 -0.181 -0.245 -0.449 -0.355 -0.233 -0.174 -0.272 -0.581 -0.898 -0.936 -1.016 -1.182 -1.318 -1.265 -1.107 -0.948 -0.787 -0.627 -0.471 -0.401 -0.407 -0.572 -0.571 -0.617 -0.837 -1.095 -1.115 -0.938 -0.763 -0.561 -0.467 -0.448 -0.304 -0.147 0.001 0.003 -0.091 -0.333 -0.699 -0.965 -0.835 -0.622 -0.586
0.21 0.12 0.24 0.318 0.408 0.454 0.459 0.486 0.466 0.289 0.038 -0.292 -0.751 -1.112 -1.224 -1.094 -0.863 -0.747 -0.826 -0.922 -0.991 -1.057 -1.121 -1.171 -1.184 -1.163 -1.075 -0.902 -0.712 -0.658 -0.614 -0.462 -0.24 -0.038 -0.072 -0.266 -0.208 -0.09 -0.034 -0.183 -0.505 -0.802 -0.788 -0.822 -0.965 -1.16 -1.263 -1.191 -1.031 -0.885 -0.724 -0.567 -0.475 -0.418 -0.504 -0.523 -0.512 -0.693 -0.952 -1.096 -0.982 -0.811 -0.573 -0.437 -0.364 -0.224 -0.103 0.038 0.062 -0.031 -0.26 -0.677 -0.906 -0.716 -0.5 -0.418
0.397 0.283 0.268 0.346 0.54 0.536 0.445 0.465 0.468 0.337 -0.055 -0.33 -0.714 -1.091 -1.258 -1.239 -1.046 -1.027 -1.145 -1.186 -1.194 -1.206 -1.228 -1.206 -1.134 -1.033 -0.875 -0.636 -0.454 -0.407 -0.364 -0.205 -0.105 0.128 0.064 -0.128 -0.056 0.052 0.078 -0.115 -0.422 -0.727 -0.674 -0.659 -0.754 -0.967 -1.18 -1.235 -1.067 -0.948 -0.831 -0.632 -0.552 -0.465 -0.496 -0.528 -0.415 -0.576 -0.809 -1.058 -1.016 -0.834 -0.6 -0.426 -0.259 -0.114 -0.033 0.091 0.129 0.04 -0.242 -0.662 -0.914 -0.664 -0.413 -0.269
0.432 0.404 0.413 0.497 0.642 0.702 0.535 0.547 0.575 0.469 0.132 -0.256 -0.716 -1.028 -1.24 -1.318 -1.255 -1.277 -1.321 -1.311 -1.298 -1.287 -1.251 -1.121 -0.999 -0.869 -0.623 -0.391 -0.231 -0.188 -0.163 0.04 0.125 0.265 0.154 -0.033 0.068 0.203 0.165 -0.058 -0.37 -0.626 -0.602 -0.564 -0.621 -0.795 -0.969 -1.19 -1.161 -1.082 -0.939 -0.814 -0.664 -0.608 -0.569 -0.515 -0.309 -0.411 -0.666 -0.971 -0.981 -0.821 -0.654 -0.439 -0.2 0.004 0.07 0.173 0.325 0.22 -0.122 -0.639 -0.885 -0.634 -0.407 -0.205
0.343 0.41 0.494 0.521 0.566 0.681 0.614 0.592 0.564 0.35 -0.01 -0.405 -0.775 -0.982 -1.168 -1.314 -1.356 -1.37 -1.376 -1.365 -1.339 -1.278 -1.141 -0.975 -0.851 -0.703 -0.452 -0.277 -0.178 -0.09 -0.009 0.127 0.304 0.315 0.194 0.1 0.168 0.271 0.274 0.063 -0.231 -0.538 -0.529 -0.463 -0.515 -0.654 -0.834 -1.055 -1.192 -1.197 -1.087 -0.975 -0.793 -0.652 -0.595 -0.5 -0.298 -0.255 -0.47 -0.816 -0.868 -0.758 -0.657 -0.452 -0.176 0.061 0.243 0.301 0.325 0.164 -0.165 -0.652 -0.815 -0.623 -0.432 -0.184
0.141 0.336 0.504 0.471 0.496 0.657 0.546 0.518 0.438 0.219 -0.151 -0.527 -0.788 -0.864 -1.03 -1.269 -1.364 -1.385 -1.382 -1.362 -1.306 -1.184 -0.996 -0.877 -0.779 -0.673 -0.445 -0.377 -0.304 -0.186 0.027 0.156 0.361 0.291 0.207 0.208 0.221 0.348 0.384 0.19 -0.064 -0.47 -0.47 -0.375 -0.404 -0.569 -0.709 -0.855 -1.114 -1.262 -1.21 -1.103 -0.917 -0.699 -0.611 -0.533 -0.317 -0.175 -0.295 -0.669 -0.755 -0.659 -0.574 -0.43 -0.183 0.103 0.326 0.361 0.285 0.091 -0.242 -0.694 -0.767 -0.616 -0.413 -0.141
0.187 0.425 0.521 0.441 0.482 0.618 0.64 0.602 0.455 0.132 -0.291 -0.549 -0.616 -0.715 -0.942 -1.193 -1.324 -1.342 -1.309 -1.238 -1.145 -1.029 -0.96 -0.946 -0.921 -0.813 -0.654 -0.605 -0.517 -0.358 -0.125 0.123 0.308 0.314 0.282 0.32 0.267 0.322 0.413 0.29 0.038 -0.324 -0.448 -0.368 -0.378 -0.506 -0.511 -0.631 -0.921 -1.193 -1.268 -1.169 -0.995 -0.788 -0.626 -0.531 -0.382 -0.185 -0.261 -0.5 -0.677 -0.634 -0.573 -0.426 -0.201 0.115 0.409 0.466 0.399 0.15 -0.288 -0.676 -0.712 -0.547 -0.331 -0.084
0.27 0.459 0.515 0.438 0.472 0.603 0.646 0.552 0.355 0.027 -0.343 -0.449 -0.455 -0.661 -0.946 -1.163 -1.243 -1.24 -1.178 -1.085 -1.031 -0.971 -1 -1.058 -1.066 -0.996 -0.894 -0.86 -0.735 -0.538 -0.299 -0.04 0.183 0.265 0.325 0.423 0.361 0.321 0.407 0.333 0.159 -0.186 -0.392 -0.307 -0.292 -0.419 -0.339 -0.455 -0.751 -1.096 -1.26 -1.194 -1.049 -0.876 -0.679 -0.516 -0.394 -0.158 -0.184 -0.358 -0.551 -0.516 -0.491 -0.369 -0.158 0.185 0.437 0.487 0.484 0.224 -0.252 -0.652 -0.638 -0.489 -0.294 -0.055
0.232 0.382 0.512 0.498 0.495 0.616 0.587 0.384 0.102 -0.159 -0.281 -0.261 -0.418 -0.69 -0.944 -1.076 -1.115 -1.143 -1.111 -1.059 -1.062 -1.078 -1.101 -1.153 -1.14 -1.069 -1.048 -1.038 -0.923 -0.716 -0.472 -0.26 -0.085 0.119 0.286 0.418 0.414 0.373 0.419 0.382 0.238 -0.028 -0.217 -0.181 -0.168 -0.231 -0.211 -0.39 -0.679 -1.023 -1.2 -1.203 -1.097 -0.943 -0.743 -0.501 -0.339 -0.12 -0.043 -0.238 -0.335 -0.252 -0.251 -0.195 0.007 0.315 0.355 0.366 0.371 0.137 -0.303 -0.613 -0.57 -0.428 -0.261 -0.001
0.233 0.442 0.58 0.602 0.542 0.554 0.477 0.21 -0.077 -0.199 -0.168 -0.16 -0.399 -0.638 -0.808 -0.935 -1.005 -1.018 -0.948 -0.903 -0.959 -1.068 -1.135 -1.147 -1.075 -0.967 -1.004 -1.077 -1.045 -0.912 -0.69 -0.494 -0.294 -0.037 0.176 0.307 0.367 0.384 0.449 0.38 0.257 0.063 -0.057 -0.011 -0.018 -0.062 -0.097 -0.316 -0.627 -0.939 -1.056 -1.127 -1.121 -0.971 -0.747 -0.491 -0.286 -0.069 0.026 -0.137 -0.16 -0.072 -0.054 0.009 0.201 0.401 0.368 0.348 0.327 0.114 -0.331 -0.594 -0.515 -0.356 -0.189 0.036
0.394 0.58 0.598 0.653 0.619 0.485 0.316 0.029 -0.114 -0.091 -0.146 -0.156 -0.334 -0.401 -0.485 -0.655 -0.825 -0.782 -0.647 -0.587 -0.714 -0.944 -1.095 -1.063 -0.899 -0.802 -0.876 -0.998 -1.057 -1.042 -0.908 -0.73 -0.496 -0.197 0.021 0.098 0.241 0.345 0.425 0.339 0.224 0.034 0.027 0.084 0.076 0.022 -0.045 -0.203 -0.563 -0.816 -0.807 -0.89 -1.015 -0.969 -0.742 -0.524 -0.265 -0.015 0.055 -0.045 -0.05 -0.003 0.021 0.147 0.358 0.472 0.501 0.495 0.458 0.194 -0.338 -0.575 -0.487 -0.374 -0.203 0.044
0.571 0.684 0.716 0.767 0.708 0.449 0.147 -0.03 -0.014 0.023 -0.119 -0.063 -0.091 -0.1 -0.162 -0.361 -0.594 -0.615 -0.49 -0.407 -0.583 -0.885 -1.058 -0.994 -0.797 -0.691 -0.744 -0.843 -0.951 -1.008 -0.986 -0.896 -0.702 -0.397 -0.199 -0.101 0.066 0.212 0.317 0.265 0.202 0.016 0.03 0.096 0.101 0.048 -0.045 -0.202 -0.543 -0.7 -0.624 -0.647 -0.778 -0.876 -0.727 -0.519 -0.294 -0.016 0.125 0.084 0.042 0.041 0.072 0.231 0.41 0.537 0.614 0.62 0.519 0.133 -0.391 -0.519 -0.381 -0.317 -0.195 0.095
0.746 0.807 0.895 0.856 0.73 0.37 0.074 0.065 0.148 0.141 -0.057 0.12 0.23 0.208 0.074 -0.17 -0.297 -0.476 -0.471 -0.348 -0.519 -0.877 -1.04 -0.945 -0.727 -0.588 -0.584 -0.641 -0.769 -0.785 -0.839 -0.899 -0.834 -0.585 -0.399 -0.278 -0.119 0.075 0.189 0.229 0.218 0.024 -0.011 0.123 0.131 0.043 -0.06 -0.248 -0.572 -0.641 -0.531 -0.453 -0.536 -0.701 -0.676 -0.466 -0.292 -0.018 0.158 0.172 0.144 0.121 0.216 0.35 0.395 0.478 0.563 0.581 0.409 -0.034 -0.472 -0.42 -0.228 -0.133 -0.122 0.122
0.789 0.864 0.987 0.814 0.66 0.261 0.161 0.251 0.298 0.265 0.099 0.216 0.46 0.453 0.301 0.128 0.019 -0.237 -0.446 -0.421 -0.551 -0.887 -1.027 -0.917 -0.672 -0.499 -0.426 -0.478 -0.538 -0.493 -0.524 -0.657 -0.728 -0.73 -0.623 -0.45 -0.25 -0.113 0.022 0.196 0.141 0.038 -0.036 0.125 0.181 0.137 0.032 -0.192 -0.546 -0.579 -0.44 -0.303 -0.377 -0.523 -0.504 -0.398 -0.217 0.049 0.273 0.272 0.269 0.322 0.396 0.449 0.413 0.397 0.424 0.453 0.166 -0.29 -0.463 -0.289 -0.121 0.02 0.109 0.185
0.896 0.899 0.943 0.807 0.516 0.269 0.293 0.338 0.377 0.402 0.402 0.373 0.455 0.585 0.538 0.387 0.163 -0.096 -0.283 -0.44 -0.641 -0.9 -1.008 -0.921 -0.725 -0.545 -0.38 -0.344 -0.308 -0.219 -0.226 -0.321 -0.445 -0.574 -0.598 -0.575 -0.453 -0.297 -0.131 0.077 0.097 0.049 0.041 0.103 0.184 0.152 0.06 -0.175 -0.483 -0.485 -0.373 -0.235 -0.286 -0.312 -0.262 -0.246 -0.101 0.147 0.33 0.353 0.408 0.418 0.372 0.445 0.457 0.423 0.335 0.209 -0.117 -0.442 -0.444 -0.263 -0.07 0.131 0.282 0.399
