data/climatemaps/RS_maps/climate_winter_tmin_2008.asc
NCOLS 369 
NROWS 228 
XLLCORNER 479000 
YLLCORNER 73000 
CELLSIZE 1000 
NODATA_value -9 
[rows 136 to 169 of 228, columns 0 to 75 of 369]
-9 -9 -9 -9 -9 -9 -9 -9 0.392 0.376 0.372 0.365 0.376 0.381 0.324 0.298 0.272 0.274 0.275 0.283 0.294 0.346 0.288 0.281 0.266 0.267 0.317 0.391 0.443 0.508 0.557 0.57 0.534 0.426 0.349 0.343 0.359 0.398 0.491 0.604 0.711 0.778 0.822 0.864 0.879 0.889 0.913 0.935 0.916 0.936 0.968 1.019 0.997 0.97 0.97 0.966 0.972 0.98 0.983 0.968 0.95 0.931 0.933 0.909 0.895 0.85 0.845 0.87 0.926 0.927 0.919 0.889 0.902 0.871 0.818 0.743
-9 -9 -9 -9 -9 -9 -9 -9 0.41 0.377 0.358 0.355 0.348 0.313 0.252 0.253 0.283 0.3 0.309 0.319 0.329 0.336 0.259 0.26 0.262 0.309 0.371 0.44 0.505 0.56 0.574 0.532 0.441 0.374 0.337 0.334 0.352 0.418 0.513 0.684 0.789 0.838 0.87 0.886 0.9 0.912 0.938 0.944 0.925 0.956 1.022 1.024 1.02 1.007 0.988 0.984 0.993 0.997 0.992 0.974 0.955 0.935 0.927 0.899 0.887 0.842 0.832 0.869 0.922 0.921 0.916 0.884 0.915 0.889 0.846 0.778
-9 -9 -9 -9 -9 -9 -9 -9 0.4 0.358 0.347 0.332 0.272 0.244 0.244 0.262 0.295 0.324 0.333 0.344 0.34 0.276 0.241 0.262 0.303 0.365 0.426 0.491 0.552 0.576 0.528 0.447 0.39 0.367 0.329 0.308 0.324 0.484 0.627 0.768 0.848 0.88 0.894 0.909 0.918 0.939 0.96 0.953 0.953 0.98 1.04 1.04 1.037 1.023 0.984 0.995 1.005 1.009 0.995 0.979 0.957 0.941 0.914 0.889 0.881 0.853 0.835 0.893 0.925 0.92 0.927 0.884 0.908 0.913 0.857 0.762
-9 -9 -9 -9 -9 -9 -9 0.396 0.393 0.369 0.328 0.263 0.225 0.225 0.248 0.265 0.294 0.327 0.341 0.359 0.284 0.228 0.255 0.315 0.366 0.428 0.486 0.546 0.562 0.518 0.447 0.413 0.384 0.341 0.28 0.284 0.378 0.544 0.733 0.83 0.883 0.905 0.91 0.92 0.935 0.958 0.977 0.975 0.986 1.003 1.041 1.078 1.051 1.036 1.003 1.017 1.022 1.017 0.996 0.979 0.966 0.955 0.912 0.902 0.88 0.865 0.87 0.906 0.936 0.929 0.928 0.892 0.907 0.933 0.843 0.742
-9 -9 -9 -9 -9 -9 -9 0.38 0.369 0.364 0.273 0.238 0.248 0.236 0.25 0.276 0.296 0.306 0.333 0.336 0.234 0.253 0.297 0.358 0.421 0.475 0.535 0.561 0.485 0.418 0.401 0.406 0.358 0.296 0.276 0.342 0.436 0.565 0.781 0.879 0.911 0.918 0.921 0.938 0.955 0.97 0.994 1.008 1.019 1.036 1.06 1.104 1.076 1.053 1.024 1.036 1.041 1.024 1.001 0.987 0.983 0.956 0.937 0.912 0.872 0.855 0.87 0.906 0.939 0.932 0.926 0.902 0.918 0.937 0.824 0.752
-9 -9 -9 -9 -9 -9 -9 0.367 0.368 0.351 0.295 0.275 0.282 0.281 0.296 0.278 0.284 0.316 0.327 0.249 0.244 0.298 0.339 0.386 0.44 0.512 0.541 0.497 0.389 0.376 0.401 0.374 0.307 0.303 0.337 0.403 0.489 0.646 0.84 0.907 0.924 0.926 0.935 0.954 0.978 0.993 1.016 1.034 1.053 1.069 1.096 1.122 1.104 1.071 1.043 1.054 1.055 1.039 1.009 1.006 0.977 0.953 0.937 0.905 0.879 0.855 0.868 0.91 0.912 0.934 0.912 0.907 0.93 0.929 0.838 0.779
-9 -9 -9 -9 -9 -9 -9 0.362 0.35 0.31 0.298 0.28 0.314 0.315 0.284 0.268 0.291 0.317 0.259 0.248 0.269 0.311 0.343 0.408 0.491 0.506 0.463 0.428 0.385 0.404 0.41 0.342 0.315 0.35 0.379 0.461 0.613 0.797 0.896 0.928 0.937 0.936 0.951 0.972 0.999 1.019 1.04 1.058 1.087 1.105 1.123 1.143 1.121 1.1 1.077 1.077 1.07 1.059 1.022 1.008 0.963 0.93 0.923 0.917 0.894 0.87 0.884 0.909 0.894 0.918 0.913 0.912 0.941 0.931 0.86 0.788
-9 -9 -9 -9 -9 -9 -9 0.34 0.3 0.274 0.292 0.315 0.344 0.319 0.269 0.308 0.306 0.265 0.24 0.289 0.308 0.338 0.385 0.48 0.492 0.433 0.399 0.383 0.388 0.415 0.395 0.335 0.381 0.419 0.465 0.617 0.793 0.896 0.932 0.939 0.95 0.947 0.959 0.977 1.017 1.05 1.06 1.086 1.103 1.122 1.143 1.16 1.141 1.128 1.124 1.104 1.086 1.071 1.031 1.009 0.97 0.947 0.923 0.913 0.901 0.894 0.897 0.893 0.897 0.894 0.914 0.924 0.951 0.94 0.874 0.779
-9 -9 -9 -9 -9 -9 -9 0.279 0.272 0.256 0.277 0.358 0.355 0.321 0.332 0.332 0.258 0.228 0.25 0.294 0.325 0.364 0.465 0.453 0.404 0.388 0.377 0.406 0.417 0.394 0.366 0.373 0.442 0.491 0.642 0.804 0.888 0.929 0.949 0.948 0.964 0.963 0.973 0.996 1.036 1.077 1.086 1.104 1.109 1.138 1.148 1.173 1.166 1.156 1.161 1.139 1.111 1.082 1.057 1.022 0.985 0.969 0.936 0.927 0.918 0.901 0.884 0.884 0.909 0.903 0.903 0.929 0.95 0.932 0.891 0.811
-9 -9 -9 -9 -9 -9 -9 0.242 0.267 0.265 0.316 0.387 0.368 0.37 0.356 0.273 0.209 0.232 0.266 0.299 0.332 0.416 0.434 0.363 0.356 0.335 0.372 0.414 0.406 0.386 0.425 0.498 0.531 0.628 0.798 0.889 0.923 0.946 0.938 0.948 0.964 0.967 0.998 1.02 1.059 1.1 1.106 1.108 1.116 1.154 1.154 1.176 1.195 1.194 1.192 1.174 1.14 1.103 1.082 1.048 1.021 0.995 0.965 0.951 0.942 0.913 0.899 0.909 0.933 0.927 0.921 0.931 0.922 0.923 0.894 0.832
-9 -9 -9 -9 -9 -9 -9 0.243 0.276 0.315 0.404 0.432 0.431 0.384 0.281 0.207 0.217 0.241 0.265 0.306 0.388 0.409 0.321 0.304 0.282 0.31 0.386 0.419 0.412 0.471 0.542 0.605 0.675 0.778 0.863 0.927 0.946 0.961 0.949 0.956 0.97 0.977 1.015 1.048 1.087 1.121 1.112 1.12 1.135 1.162 1.173 1.176 1.209 1.213 1.215 1.204 1.177 1.134 1.103 1.073 1.063 1.037 1.012 0.981 0.958 0.933 0.936 0.945 0.969 0.96 0.939 0.921 0.894 0.916 0.881 0.823
-9 -9 -9 -9 -9 -9 0.238 0.263 0.33 0.412 0.416 0.391 0.458 0.304 0.221 0.212 0.227 0.236 0.277 0.369 0.408 0.32 0.273 0.242 0.274 0.358 0.387 0.362 0.425 0.53 0.604 0.653 0.702 0.794 0.888 0.942 0.968 0.98 0.98 0.975 1.009 1.018 1.029 1.072 1.112 1.13 1.139 1.144 1.149 1.171 1.191 1.204 1.223 1.218 1.225 1.227 1.211 1.175 1.139 1.113 1.103 1.071 1.062 1 0.967 0.95 0.966 0.972 0.989 0.975 0.945 0.916 0.904 0.889 0.853 0.807
-9 -9 -9 -9 -9 0.322 0.279 0.368 0.437 0.411 0.333 0.322 0.44 0.291 0.214 0.205 0.213 0.258 0.359 0.39 0.319 0.263 0.216 0.242 0.321 0.396 0.371 0.358 0.451 0.545 0.661 0.693 0.747 0.858 0.916 0.958 0.978 0.997 1.002 0.999 1.034 1.058 1.069 1.111 1.129 1.133 1.16 1.172 1.185 1.209 1.223 1.217 1.229 1.223 1.237 1.248 1.243 1.215 1.188 1.166 1.148 1.13 1.107 1.042 1.017 0.989 0.988 0.971 0.979 0.967 0.95 0.918 0.884 0.784 0.821 0.778
-9 -9 -9 -9 -9 0.372 0.376 0.456 0.418 0.33 0.279 0.285 0.43 0.31 0.199 0.201 0.243 0.334 0.39 0.32 0.226 0.206 0.214 0.299 0.371 0.4 0.377 0.431 0.538 0.645 0.738 0.789 0.842 0.888 0.932 0.957 0.972 0.986 1.027 1.042 1.047 1.088 1.115 1.141 1.137 1.147 1.183 1.194 1.219 1.228 1.236 1.225 1.235 1.238 1.253 1.261 1.261 1.259 1.237 1.215 1.213 1.205 1.172 1.141 1.076 1.011 0.979 0.918 0.931 0.963 0.959 0.92 0.812 0.713 0.803 0.75
-9 -9 -9 -9 -9 0.503 0.508 0.461 0.354 0.267 0.247 0.283 0.432 0.343 0.233 0.25 0.323 0.373 0.351 0.236 0.175 0.179 0.271 0.358 0.397 0.379 0.41 0.516 0.624 0.719 0.757 0.811 0.874 0.905 0.935 0.955 0.965 0.999 1.026 1.082 1.091 1.105 1.12 1.147 1.155 1.172 1.193 1.211 1.229 1.231 1.236 1.239 1.241 1.245 1.257 1.257 1.259 1.262 1.262 1.261 1.261 1.259 1.249 1.228 1.142 1.023 0.982 0.935 0.911 0.971 0.962 0.904 0.748 0.66 0.771 0.757
-9 -9 -9 -9 -9 0.517 0.426 0.373 0.294 0.269 0.27 0.285 0.436 0.373 0.291 0.298 0.346 0.357 0.26 0.152 0.168 0.232 0.322 0.367 0.42 0.425 0.509 0.601 0.711 0.783 0.786 0.82 0.851 0.883 0.921 0.946 0.961 0.988 1.031 1.08 1.118 1.136 1.134 1.151 1.167 1.183 1.204 1.218 1.225 1.23 1.23 1.233 1.24 1.244 1.246 1.255 1.256 1.257 1.262 1.262 1.262 1.262 1.262 1.258 1.237 1.142 1.107 1.077 0.966 0.98 0.931 0.876 0.729 0.589 0.707 0.751
-9 -9 -9 -9 0.557 0.401 0.369 0.33 0.304 0.286 0.275 0.362 0.39 0.374 0.296 0.305 0.325 0.315 0.188 0.141 0.194 0.279 0.331 0.388 0.458 0.506 0.611 0.694 0.775 0.829 0.813 0.818 0.825 0.86 0.906 0.935 0.969 0.998 1.059 1.119 1.144 1.157 1.156 1.166 1.175 1.194 1.212 1.215 1.221 1.223 1.224 1.228 1.229 1.234 1.239 1.243 1.247 1.249 1.25 1.25 1.245 1.245 1.245 1.245 1.24 1.225 1.21 1.2 1.098 0.994 0.936 0.864 0.775 0.671 0.667 0.74
-9 -9 -9 -9 0.432 0.384 0.37 0.342 0.306 0.237 0.289 0.349 0.313 0.324 0.308 0.297 0.297 0.272 0.223 0.194 0.224 0.271 0.336 0.43 0.498 0.587 0.672 0.759 0.812 0.86 0.85 0.822 0.843 0.899 0.961 1.004 1.054 1.092 1.129 1.148 1.158 1.17 1.171 1.18 1.183 1.199 1.206 1.208 1.208 1.211 1.215 1.216 1.221 1.228 1.228 1.229 1.233 1.235 1.239 1.238 1.234 1.234 1.233 1.232 1.223 1.22 1.208 1.199 1.174 1.096 1.046 0.958 0.87 0.84 0.828 0.859
-9 -9 -9 -9 0.43 0.399 0.354 0.326 0.246 0.22 0.223 0.278 0.259 0.272 0.31 0.305 0.264 0.235 0.237 0.244 0.26 0.279 0.35 0.459 0.53 0.597 0.712 0.804 0.848 0.882 0.869 0.852 0.91 0.993 1.051 1.095 1.134 1.152 1.158 1.168 1.169 1.173 1.178 1.186 1.191 1.194 1.194 1.198 1.2 1.2 1.2 1.205 1.212 1.214 1.215 1.22 1.22 1.224 1.224 1.223 1.223 1.22 1.216 1.216 1.207 1.202 1.194 1.18 1.164 1.155 1.133 1.105 1.063 1.033 0.999 0.963
-9 -9 -9 -9 0.434 0.376 0.324 0.281 0.221 0.171 0.15 0.155 0.21 0.233 0.245 0.255 0.246 0.255 0.298 0.301 0.31 0.35 0.427 0.502 0.554 0.652 0.76 0.846 0.88 0.905 0.885 0.91 1.01 1.06 1.091 1.124 1.153 1.162 1.165 1.171 1.171 1.17 1.175 1.18 1.182 1.183 1.183 1.184 1.186 1.186 1.186 1.19 1.195 1.197 1.198 1.201 1.203 1.203 1.204 1.204 1.204 1.203 1.199 1.196 1.192 1.181 1.175 1.163 1.15 1.137 1.116 1.095 1.072 1.047 1.019 0.974
-9 -9 -9 -9 0.401 0.356 0.298 0.246 0.22 0.173 0.136 0.116 0.139 0.223 0.186 0.148 0.235 0.246 0.222 0.295 0.356 0.405 0.485 0.569 0.637 0.725 0.833 0.885 0.928 0.931 0.949 1.018 1.07 1.084 1.103 1.135 1.15 1.154 1.155 1.156 1.16 1.164 1.165 1.168 1.168 1.168 1.168 1.169 1.169 1.171 1.169 1.169 1.178 1.18 1.181 1.181 1.188 1.186 1.187 1.186 1.185 1.185 1.182 1.176 1.17 1.162 1.151 1.14 1.131 1.115 1.094 1.075 1.054 1.03 1.005 0.976
-9 -9 -9 0.418 0.375 0.333 0.287 0.249 0.217 0.173 0.123 0.11 0.169 0.19 0.139 0.138 0.207 0.165 0.119 0.202 0.281 0.379 0.494 0.665 0.779 0.841 0.899 0.932 0.953 0.991 1.028 1.062 1.083 1.087 1.115 1.131 1.138 1.139 1.143 1.148 1.149 1.15 1.15 1.151 1.151 1.155 1.155 1.155 1.155 1.154 1.156 1.156 1.161 1.163 1.163 1.164 1.167 1.166 1.165 1.164 1.162 1.162 1.16 1.153 1.149 1.14 1.131 1.121 1.109 1.093 1.073 1.057 1.033 1.01 0.983 0.963
-9 -9 -9 0.398 0.343 0.278 0.272 0.249 0.223 0.185 0.15 0.159 0.155 0.132 0.141 0.18 0.15 0.087 0.101 0.151 0.24 0.406 0.607 0.736 0.825 0.884 0.925 0.966 0.987 1.013 1.04 1.06 1.079 1.096 1.115 1.12 1.123 1.126 1.127 1.133 1.133 1.138 1.138 1.137 1.134 1.135 1.136 1.136 1.136 1.135 1.137 1.137 1.138 1.139 1.141 1.143 1.145 1.144 1.144 1.139 1.139 1.139 1.137 1.129 1.126 1.115 1.108 1.098 1.086 1.069 1.053 1.034 1.009 0.99 0.964 0.943
-9 -9 -9 0.386 0.315 0.274 0.273 0.241 0.216 0.195 0.18 0.131 0.098 0.128 0.214 0.2 0.162 0.092 0.14 0.261 0.377 0.56 0.713 0.809 0.857 0.897 0.939 0.976 1.006 1.027 1.041 1.057 1.08 1.098 1.099 1.103 1.11 1.115 1.115 1.116 1.119 1.121 1.117 1.117 1.117 1.117 1.117 1.117 1.118 1.118 1.118 1.118 1.116 1.119 1.119 1.12 1.122 1.124 1.122 1.12 1.12 1.113 1.11 1.105 1.101 1.091 1.085 1.072 1.06 1.046 1.03 1.01 0.986 0.97 0.941 0.92
-9 -9 -9 0.384 0.331 0.283 0.256 0.242 0.207 0.217 0.142 0.09 0.106 0.198 0.249 0.194 0.158 0.149 0.213 0.342 0.513 0.698 0.785 0.847 0.881 0.92 0.948 0.98 0.998 1.023 1.044 1.049 1.069 1.082 1.087 1.087 1.088 1.093 1.098 1.099 1.099 1.099 1.099 1.1 1.1 1.098 1.091 1.093 1.091 1.091 1.092 1.092 1.093 1.097 1.097 1.098 1.098 1.095 1.094 1.095 1.095 1.089 1.084 1.079 1.075 1.067 1.059 1.047 1.037 1.02 1.006 0.989 0.964 0.947 0.918 0.898
-9 -9 -9 -9 0.305 0.274 0.269 0.256 0.229 0.206 0.13 0.151 0.21 0.273 0.209 0.167 0.148 0.203 0.292 0.429 0.634 0.77 0.83 0.861 0.892 0.92 0.948 0.974 0.996 1.016 1.032 1.045 1.066 1.07 1.07 1.07 1.078 1.081 1.081 1.082 1.081 1.081 1.078 1.072 1.072 1.072 1.073 1.073 1.068 1.068 1.068 1.069 1.069 1.07 1.07 1.066 1.066 1.064 1.054 1.047 1.048 1.045 1.023 0.965 0.858 0.906 0.915 0.967 0.997 0.994 0.98 0.96 0.942 0.924 0.898 0.879
-9 -9 -9 -9 0.324 0.326 0.303 0.265 0.215 0.171 0.165 0.247 0.33 0.279 0.188 0.14 0.162 0.255 0.359 0.56 0.72 0.804 0.842 0.866 0.895 0.92 0.951 0.974 0.993 1.015 1.034 1.043 1.052 1.054 1.054 1.054 1.063 1.064 1.062 1.062 1.059 1.054 1.054 1.054 1.055 1.05 1.05 1.043 1.034 1.034 1.034 1.034 1.029 1.01 0.984 0.964 0.958 0.957 0.957 0.94 0.927 0.9 0.85 0.724 0.573 0.601 0.583 0.65 0.788 0.879 0.934 0.934 0.914 0.897 0.872 0.853
-9 -9 -9 -9 0.382 0.346 0.272 0.255 0.224 0.195 0.208 0.326 0.32 0.194 0.113 0.121 0.174 0.307 0.502 0.673 0.77 0.813 0.849 0.875 0.903 0.932 0.957 0.974 0.995 1.019 1.027 1.032 1.034 1.038 1.04 1.041 1.042 1.044 1.037 1.037 1.036 1.036 1.033 1.032 1.032 1.032 1.027 1.01 0.999 0.998 0.971 0.929 0.899 0.877 0.847 0.816 0.796 0.794 0.784 0.734 0.682 0.639 0.584 0.535 0.452 0.352 0.271 0.321 0.349 0.539 0.577 0.727 0.776 0.813 0.831 0.808
-9 -9 -9 -9 0.408 0.294 0.271 0.264 0.247 0.264 0.335 0.272 0.167 0.133 0.129 0.174 0.216 0.421 0.632 0.748 0.788 0.818 0.86 0.883 0.902 0.926 0.949 0.974 0.996 1.011 1.012 1.014 1.016 1.018 1.02 1.02 1.018 1.019 1.018 1.018 1.015 1.015 1.014 1.012 1.008 1.004 0.995 0.969 0.961 0.944 0.873 0.816 0.772 0.725 0.695 0.662 0.64 0.639 0.615 0.588 0.557 0.467 0.306 0.359 0.191 -0.023 -0.121 -0.111 -0.055 0.104 0.05 0.346 0.431 0.505 0.591 0.671
-9 -9 -9 -9 -9 0.264 0.24 0.232 0.31 0.351 0.208 0.133 0.227 0.258 0.371 0.348 0.407 0.516 0.685 0.766 0.803 0.841 0.865 0.875 0.896 0.919 0.947 0.978 0.991 0.995 0.998 1 1.001 0.997 0.992 0.984 0.982 1 0.997 0.997 0.996 0.994 0.989 0.987 0.976 0.963 0.937 0.917 0.906 0.876 0.81 0.744 0.708 0.652 0.621 0.597 0.574 0.565 0.534 0.509 0.473 0.329 0.261 0.197 0.037 -0.053 -0.174 -0.312 -0.266 -0.111 0.147 0.367 0.137 -0.014 0.02 0.246
-9 -9 -9 -9 -9 -9 0.219 0.256 0.385 0.232 0.079 0.157 0.366 0.439 0.523 0.551 0.58 0.583 0.692 0.706 0.807 0.847 0.86 0.871 0.893 0.913 0.953 0.975 0.978 0.982 0.984 0.984 0.975 0.965 0.952 0.942 0.945 0.972 0.978 0.977 0.975 0.967 0.954 0.947 0.931 0.91 0.891 0.862 0.829 0.795 0.805 0.725 0.672 0.611 0.579 0.547 0.529 0.51 0.479 0.473 0.453 0.397 0.367 0.275 0.182 0.009 -0.288 -0.295 -0.096 0.061 0.003 0.011 -0.362 -0.556 -0.448 -0.099
-9 -9 -9 -9 -9 -9 0.244 0.349 0.343 0.126 0.045 0.339 0.515 0.574 0.619 0.666 0.673 0.678 0.667 0.748 0.825 0.839 0.853 0.865 0.899 0.925 0.956 0.96 0.965 0.966 0.97 0.962 0.941 0.93 0.924 0.922 0.928 0.945 0.956 0.952 0.952 0.928 0.909 0.893 0.877 0.864 0.844 0.805 0.762 0.725 0.743 0.723 0.675 0.617 0.556 0.503 0.472 0.462 0.472 0.44 0.348 0.278 0.198 0.186 0.119 -0.199 -0.464 -0.412 -0.33 -0.261 -0.441 -0.508 -0.643 -0.607 -0.4 -0.105
-9 -9 -9 -9 -9 -9 0.327 0.391 0.2 0.079 0.11 0.366 0.42 0.592 0.67 0.706 0.707 0.66 0.688 0.794 0.827 0.836 0.844 0.873 0.898 0.922 0.943 0.948 0.949 0.952 0.95 0.929 0.909 0.908 0.904 0.909 0.918 0.925 0.929 0.926 0.916 0.889 0.87 0.847 0.817 0.809 0.784 0.754 0.719 0.693 0.654 0.621 0.627 0.658 -9 -9 -9 0.492 0.504 0.414 0.259 0.131 -0.033 -0.039 -0.102 -0.276 -0.397 -0.543 -0.525 -0.553 -0.688 -0.658 -0.614 -0.472 -0.341 -0.245
-9 -9 -9 -9 0.292 0.324 0.44 0.327 0.131 0.042 0.143 0.264 0.437 0.646 0.708 0.727 0.722 0.714 0.757 0.796 0.826 0.823 0.852 0.874 0.892 0.916 0.931 0.934 0.937 0.942 0.924 0.896 0.883 0.887 0.894 0.896 0.894 0.9 0.896 0.89 0.868 0.845 0.832 0.811 0.771 0.715 0.711 0.708 0.686 0.622 0.546 0.38 -9 -9 -9 -9 -9 0.468 0.457 0.446 0.406 0.31 0.08 -0.052 -0.202 -0.321 -0.365 -0.458 -0.424 -0.435 -0.808 -0.803 -0.673 -0.532 -0.33 -0.098
