data/climatemaps/RS_maps/climate_breeding_pr_2009.asc
NCOLS 369 
NROWS 228 
XLLCORNER 479000 
YLLCORNER 73000 
CELLSIZE 1000 
NODATA_value -9 
[rows 132 to 164 of 228, columns 0 to 75 of 369]
-9 -9 -9 -9 -9 -9 -9 -9 -9 -9 -0.847 -0.832 -0.803 -0.772 -0.742 -0.716 -0.702 -0.69 -0.683 -0.683 -0.688 -0.696 -0.707 -0.721 -0.739 -0.759 -0.779 -0.796 -0.812 -0.835 -0.87 -0.917 -0.973 -1.026 -1.073 -1.102 -1.113 -1.136 -1.169 -1.212 -1.261 -1.311 -1.363 -1.415 -1.462 -1.504 -1.542 -1.573 -1.599 -1.624 -1.647 -1.666 -1.679 -1.678 -1.655 -1.621 -1.572 -1.516 -1.464 -1.42 -1.395 -1.384 -1.378 -1.379 -1.377 -1.354 -1.324 -1.288 -1.252 -1.239 -1.267 -1.321 -1.344 -1.332 -1.296 -1.241
-9 -9 -9 -9 -9 -9 -9 -9 -9 -9 -0.839 -0.835 -0.816 -0.793 -0.769 -0.747 -0.727 -0.708 -0.695 -0.687 -0.685 -0.688 -0.694 -0.702 -0.715 -0.732 -0.753 -0.776 -0.804 -0.841 -0.889 -0.945 -1.002 -1.054 -1.084 -1.09 -1.097 -1.122 -1.162 -1.215 -1.271 -1.326 -1.379 -1.428 -1.474 -1.515 -1.549 -1.578 -1.6 -1.623 -1.643 -1.658 -1.67 -1.663 -1.632 -1.594 -1.544 -1.491 -1.443 -1.405 -1.382 -1.368 -1.356 -1.353 -1.342 -1.316 -1.288 -1.259 -1.242 -1.246 -1.281 -1.327 -1.329 -1.309 -1.274 -1.204
-9 -9 -9 -9 -9 -9 -9 -9 -9 -0.811 -0.823 -0.822 -0.815 -0.801 -0.782 -0.762 -0.741 -0.719 -0.701 -0.688 -0.682 -0.681 -0.683 -0.688 -0.697 -0.714 -0.738 -0.77 -0.81 -0.862 -0.921 -0.983 -1.041 -1.072 -1.068 -1.06 -1.062 -1.09 -1.144 -1.213 -1.283 -1.345 -1.399 -1.447 -1.49 -1.526 -1.555 -1.579 -1.597 -1.616 -1.636 -1.651 -1.66 -1.644 -1.608 -1.566 -1.515 -1.466 -1.423 -1.39 -1.367 -1.347 -1.331 -1.321 -1.303 -1.276 -1.248 -1.226 -1.228 -1.244 -1.281 -1.32 -1.328 -1.306 -1.261 -1.179
-9 -9 -9 -9 -9 -9 -9 -9 -0.777 -0.801 -0.81 -0.806 -0.799 -0.792 -0.776 -0.76 -0.742 -0.723 -0.705 -0.691 -0.683 -0.679 -0.678 -0.68 -0.688 -0.707 -0.737 -0.779 -0.832 -0.894 -0.961 -1.026 -1.061 -1.057 -1.039 -1.015 -1.011 -1.048 -1.119 -1.209 -1.295 -1.364 -1.419 -1.465 -1.503 -1.532 -1.556 -1.577 -1.588 -1.603 -1.623 -1.641 -1.646 -1.622 -1.584 -1.536 -1.484 -1.439 -1.401 -1.371 -1.346 -1.32 -1.302 -1.283 -1.261 -1.229 -1.201 -1.188 -1.2 -1.226 -1.26 -1.295 -1.317 -1.306 -1.25 -1.16
-9 -9 -9 -9 -9 -9 -9 -9 -0.772 -0.792 -0.796 -0.787 -0.774 -0.762 -0.752 -0.743 -0.732 -0.72 -0.708 -0.698 -0.691 -0.684 -0.68 -0.681 -0.689 -0.713 -0.751 -0.803 -0.866 -0.935 -1.004 -1.047 -1.051 -1.031 -0.992 -0.956 -0.952 -1.003 -1.094 -1.204 -1.305 -1.38 -1.436 -1.477 -1.507 -1.531 -1.552 -1.569 -1.575 -1.589 -1.611 -1.629 -1.628 -1.602 -1.559 -1.503 -1.453 -1.412 -1.377 -1.345 -1.315 -1.288 -1.266 -1.24 -1.215 -1.18 -1.154 -1.144 -1.165 -1.188 -1.219 -1.25 -1.292 -1.292 -1.241 -1.151
-9 -9 -9 -9 -9 -9 -9 -9 -0.768 -0.784 -0.781 -0.765 -0.746 -0.73 -0.723 -0.718 -0.717 -0.714 -0.712 -0.707 -0.701 -0.694 -0.689 -0.69 -0.702 -0.732 -0.778 -0.838 -0.908 -0.978 -1.023 -1.037 -1.024 -0.985 -0.932 -0.892 -0.893 -0.961 -1.073 -1.202 -1.314 -1.394 -1.446 -1.48 -1.504 -1.525 -1.542 -1.553 -1.558 -1.575 -1.6 -1.613 -1.61 -1.583 -1.531 -1.471 -1.422 -1.384 -1.351 -1.315 -1.282 -1.252 -1.224 -1.192 -1.165 -1.13 -1.104 -1.1 -1.122 -1.142 -1.174 -1.205 -1.261 -1.271 -1.23 -1.142
-9 -9 -9 -9 -9 -9 -9 -9 -0.763 -0.774 -0.766 -0.744 -0.721 -0.704 -0.696 -0.697 -0.703 -0.709 -0.714 -0.714 -0.71 -0.705 -0.701 -0.706 -0.725 -0.764 -0.817 -0.881 -0.949 -0.995 -1.013 -1.009 -0.977 -0.925 -0.868 -0.831 -0.843 -0.931 -1.063 -1.204 -1.325 -1.403 -1.449 -1.476 -1.495 -1.512 -1.527 -1.534 -1.542 -1.56 -1.584 -1.596 -1.591 -1.561 -1.503 -1.443 -1.394 -1.357 -1.32 -1.283 -1.248 -1.214 -1.177 -1.144 -1.115 -1.083 -1.057 -1.062 -1.081 -1.098 -1.131 -1.159 -1.216 -1.245 -1.205 -1.11
-9 -9 -9 -9 -9 -9 -9 -0.733 -0.756 -0.762 -0.75 -0.727 -0.703 -0.685 -0.68 -0.684 -0.695 -0.707 -0.716 -0.719 -0.717 -0.714 -0.714 -0.727 -0.755 -0.802 -0.862 -0.926 -0.97 -0.987 -0.984 -0.96 -0.915 -0.86 -0.808 -0.783 -0.811 -0.916 -1.063 -1.212 -1.332 -1.405 -1.443 -1.464 -1.478 -1.492 -1.505 -1.515 -1.526 -1.543 -1.565 -1.579 -1.572 -1.538 -1.479 -1.42 -1.372 -1.33 -1.29 -1.252 -1.213 -1.173 -1.13 -1.099 -1.065 -1.037 -1.02 -1.022 -1.04 -1.055 -1.085 -1.112 -1.174 -1.213 -1.164 -1.076
-9 -9 -9 -9 -9 -9 -9 -0.729 -0.745 -0.747 -0.735 -0.714 -0.692 -0.678 -0.676 -0.682 -0.694 -0.707 -0.717 -0.722 -0.723 -0.724 -0.73 -0.75 -0.786 -0.841 -0.905 -0.949 -0.971 -0.97 -0.943 -0.901 -0.851 -0.8 -0.762 -0.757 -0.803 -0.922 -1.077 -1.226 -1.337 -1.399 -1.428 -1.445 -1.455 -1.465 -1.479 -1.494 -1.509 -1.526 -1.547 -1.562 -1.553 -1.517 -1.458 -1.401 -1.352 -1.306 -1.263 -1.222 -1.179 -1.131 -1.09 -1.051 -1.014 -0.986 -0.973 -0.977 -0.995 -1.009 -1.034 -1.068 -1.131 -1.171 -1.121 -1.048
-9 -9 -9 -9 -9 -9 -9 -0.72 -0.729 -0.728 -0.719 -0.705 -0.691 -0.683 -0.683 -0.69 -0.7 -0.71 -0.718 -0.725 -0.728 -0.733 -0.746 -0.772 -0.813 -0.87 -0.921 -0.951 -0.959 -0.941 -0.899 -0.848 -0.798 -0.758 -0.741 -0.76 -0.825 -0.954 -1.108 -1.245 -1.341 -1.389 -1.408 -1.417 -1.424 -1.432 -1.449 -1.468 -1.488 -1.507 -1.529 -1.542 -1.534 -1.498 -1.442 -1.387 -1.337 -1.288 -1.239 -1.194 -1.141 -1.088 -1.044 -1.003 -0.969 -0.94 -0.929 -0.933 -0.937 -0.959 -0.975 -1.021 -1.088 -1.128 -1.091 -1.03
-9 -9 -9 -9 -9 -9 -9 -0.707 -0.71 -0.709 -0.707 -0.705 -0.701 -0.7 -0.702 -0.705 -0.71 -0.715 -0.722 -0.727 -0.733 -0.743 -0.76 -0.788 -0.832 -0.875 -0.914 -0.938 -0.935 -0.907 -0.86 -0.809 -0.768 -0.745 -0.748 -0.792 -0.879 -1.012 -1.154 -1.27 -1.342 -1.373 -1.38 -1.38 -1.384 -1.395 -1.415 -1.439 -1.464 -1.485 -1.506 -1.519 -1.513 -1.482 -1.433 -1.379 -1.326 -1.275 -1.219 -1.166 -1.103 -1.044 -0.999 -0.963 -0.931 -0.904 -0.892 -0.89 -0.883 -0.9 -0.923 -0.972 -1.046 -1.087 -1.066 -1.006
-9 -9 -9 -9 -9 -9 -9 -0.69 -0.691 -0.693 -0.701 -0.711 -0.718 -0.724 -0.726 -0.724 -0.723 -0.723 -0.727 -0.731 -0.74 -0.752 -0.769 -0.798 -0.829 -0.864 -0.894 -0.91 -0.901 -0.873 -0.832 -0.792 -0.767 -0.763 -0.788 -0.857 -0.958 -1.085 -1.206 -1.292 -1.34 -1.35 -1.343 -1.334 -1.338 -1.354 -1.377 -1.407 -1.433 -1.456 -1.478 -1.492 -1.49 -1.468 -1.43 -1.377 -1.322 -1.267 -1.204 -1.141 -1.075 -1.014 -0.962 -0.926 -0.897 -0.875 -0.859 -0.846 -0.841 -0.846 -0.875 -0.93 -1.002 -1.045 -1.037 -0.977
-9 -9 -9 -9 -9 -9 -9 -0.672 -0.673 -0.682 -0.701 -0.722 -0.74 -0.75 -0.749 -0.743 -0.737 -0.734 -0.734 -0.74 -0.749 -0.758 -0.773 -0.789 -0.811 -0.838 -0.861 -0.873 -0.867 -0.847 -0.821 -0.8 -0.797 -0.815 -0.863 -0.947 -1.052 -1.16 -1.251 -1.306 -1.329 -1.321 -1.301 -1.285 -1.289 -1.311 -1.339 -1.369 -1.395 -1.421 -1.442 -1.462 -1.468 -1.455 -1.429 -1.382 -1.325 -1.264 -1.199 -1.127 -1.056 -0.993 -0.938 -0.9 -0.874 -0.848 -0.825 -0.81 -0.809 -0.81 -0.83 -0.889 -0.953 -0.996 -1.005 -0.963
-9 -9 -9 -9 -9 -9 -9 -0.659 -0.663 -0.678 -0.706 -0.742 -0.767 -0.776 -0.772 -0.764 -0.753 -0.746 -0.746 -0.751 -0.759 -0.763 -0.766 -0.773 -0.786 -0.805 -0.823 -0.836 -0.838 -0.832 -0.827 -0.831 -0.851 -0.891 -0.956 -1.045 -1.14 -1.224 -1.282 -1.311 -1.311 -1.285 -1.256 -1.238 -1.243 -1.27 -1.3 -1.33 -1.358 -1.386 -1.407 -1.431 -1.448 -1.447 -1.43 -1.392 -1.337 -1.271 -1.202 -1.125 -1.051 -0.984 -0.927 -0.89 -0.862 -0.832 -0.808 -0.794 -0.791 -0.79 -0.805 -0.849 -0.893 -0.943 -0.962 -0.937
-9 -9 -9 -9 -9 -9 -9 -0.656 -0.663 -0.683 -0.722 -0.767 -0.795 -0.8 -0.797 -0.785 -0.771 -0.762 -0.761 -0.765 -0.767 -0.764 -0.758 -0.755 -0.76 -0.774 -0.792 -0.809 -0.821 -0.833 -0.852 -0.879 -0.918 -0.974 -1.044 -1.129 -1.208 -1.267 -1.299 -1.305 -1.285 -1.249 -1.215 -1.198 -1.208 -1.237 -1.268 -1.3 -1.33 -1.357 -1.382 -1.406 -1.432 -1.442 -1.434 -1.406 -1.356 -1.287 -1.212 -1.132 -1.06 -0.99 -0.935 -0.893 -0.858 -0.828 -0.805 -0.79 -0.79 -0.786 -0.789 -0.806 -0.834 -0.888 -0.905 -0.888
-9 -9 -9 -9 -9 -9 -0.663 -0.665 -0.675 -0.701 -0.736 -0.776 -0.81 -0.82 -0.82 -0.807 -0.793 -0.783 -0.78 -0.778 -0.775 -0.764 -0.75 -0.74 -0.742 -0.756 -0.776 -0.798 -0.821 -0.851 -0.889 -0.932 -0.982 -1.04 -1.107 -1.18 -1.242 -1.283 -1.296 -1.285 -1.257 -1.217 -1.185 -1.173 -1.186 -1.216 -1.251 -1.286 -1.315 -1.344 -1.372 -1.4 -1.428 -1.442 -1.442 -1.423 -1.378 -1.313 -1.235 -1.154 -1.081 -1.013 -0.958 -0.907 -0.868 -0.836 -0.812 -0.795 -0.788 -0.78 -0.773 -0.774 -0.791 -0.817 -0.832 -0.826
-9 -9 -9 -9 -9 -0.673 -0.675 -0.681 -0.698 -0.714 -0.74 -0.778 -0.823 -0.841 -0.846 -0.836 -0.822 -0.81 -0.802 -0.793 -0.781 -0.763 -0.744 -0.734 -0.738 -0.756 -0.782 -0.81 -0.844 -0.887 -0.938 -0.987 -1.036 -1.088 -1.142 -1.196 -1.241 -1.268 -1.272 -1.254 -1.227 -1.194 -1.169 -1.165 -1.18 -1.208 -1.25 -1.288 -1.32 -1.351 -1.379 -1.406 -1.433 -1.449 -1.454 -1.44 -1.402 -1.343 -1.267 -1.187 -1.115 -1.053 -0.998 -0.941 -0.9 -0.86 -0.828 -0.797 -0.779 -0.772 -0.767 -0.758 -0.745 -0.718 -0.757 -0.756
-9 -9 -9 -9 -9 -0.69 -0.694 -0.705 -0.711 -0.719 -0.747 -0.786 -0.838 -0.865 -0.878 -0.873 -0.859 -0.843 -0.827 -0.808 -0.787 -0.764 -0.745 -0.739 -0.751 -0.777 -0.812 -0.849 -0.891 -0.942 -0.994 -1.039 -1.076 -1.111 -1.147 -1.182 -1.211 -1.229 -1.234 -1.221 -1.198 -1.177 -1.166 -1.17 -1.187 -1.219 -1.262 -1.302 -1.337 -1.368 -1.395 -1.421 -1.445 -1.46 -1.466 -1.453 -1.419 -1.367 -1.299 -1.227 -1.163 -1.107 -1.056 -1.008 -0.956 -0.898 -0.852 -0.806 -0.781 -0.781 -0.778 -0.752 -0.697 -0.66 -0.701 -0.7
-9 -9 -9 -9 -9 -0.722 -0.723 -0.719 -0.712 -0.723 -0.75 -0.792 -0.854 -0.891 -0.912 -0.913 -0.901 -0.88 -0.852 -0.823 -0.794 -0.769 -0.755 -0.759 -0.783 -0.819 -0.864 -0.912 -0.961 -1.011 -1.054 -1.081 -1.097 -1.111 -1.126 -1.146 -1.165 -1.18 -1.188 -1.188 -1.178 -1.168 -1.167 -1.181 -1.205 -1.241 -1.284 -1.325 -1.361 -1.389 -1.414 -1.437 -1.457 -1.47 -1.471 -1.457 -1.425 -1.38 -1.323 -1.264 -1.21 -1.165 -1.124 -1.086 -1.027 -0.951 -0.901 -0.852 -0.813 -0.819 -0.805 -0.761 -0.677 -0.633 -0.676 -0.683
-9 -9 -9 -9 -9 -0.743 -0.732 -0.72 -0.715 -0.722 -0.749 -0.793 -0.864 -0.911 -0.939 -0.948 -0.938 -0.912 -0.877 -0.838 -0.803 -0.78 -0.775 -0.792 -0.83 -0.88 -0.935 -0.99 -1.041 -1.085 -1.112 -1.116 -1.107 -1.098 -1.099 -1.111 -1.127 -1.142 -1.154 -1.164 -1.171 -1.174 -1.182 -1.201 -1.232 -1.27 -1.313 -1.352 -1.385 -1.411 -1.431 -1.449 -1.464 -1.471 -1.468 -1.451 -1.42 -1.379 -1.332 -1.284 -1.242 -1.206 -1.176 -1.147 -1.108 -1.053 -1.01 -0.965 -0.903 -0.875 -0.84 -0.784 -0.706 -0.647 -0.668 -0.689
-9 -9 -9 -9 -0.756 -0.744 -0.733 -0.722 -0.715 -0.718 -0.743 -0.788 -0.86 -0.911 -0.949 -0.967 -0.961 -0.934 -0.894 -0.85 -0.815 -0.797 -0.805 -0.838 -0.892 -0.953 -1.015 -1.073 -1.122 -1.156 -1.165 -1.148 -1.119 -1.098 -1.091 -1.1 -1.117 -1.136 -1.154 -1.171 -1.184 -1.197 -1.211 -1.233 -1.265 -1.304 -1.344 -1.379 -1.407 -1.428 -1.443 -1.454 -1.462 -1.464 -1.456 -1.437 -1.406 -1.37 -1.331 -1.295 -1.263 -1.238 -1.217 -1.196 -1.17 -1.138 -1.107 -1.072 -1.013 -0.957 -0.908 -0.847 -0.781 -0.723 -0.716 -0.741
-9 -9 -9 -9 -0.755 -0.745 -0.733 -0.721 -0.713 -0.716 -0.737 -0.777 -0.836 -0.895 -0.941 -0.966 -0.965 -0.94 -0.901 -0.859 -0.828 -0.821 -0.844 -0.893 -0.962 -1.033 -1.098 -1.153 -1.196 -1.219 -1.212 -1.181 -1.142 -1.118 -1.113 -1.127 -1.149 -1.17 -1.19 -1.206 -1.219 -1.234 -1.251 -1.274 -1.303 -1.338 -1.373 -1.402 -1.424 -1.438 -1.446 -1.45 -1.451 -1.447 -1.435 -1.413 -1.385 -1.353 -1.322 -1.296 -1.275 -1.258 -1.244 -1.229 -1.212 -1.191 -1.169 -1.143 -1.11 -1.059 -1.017 -0.957 -0.896 -0.858 -0.844 -0.856
-9 -9 -9 -9 -0.755 -0.742 -0.729 -0.718 -0.712 -0.714 -0.732 -0.766 -0.816 -0.87 -0.917 -0.944 -0.949 -0.929 -0.896 -0.86 -0.84 -0.847 -0.888 -0.955 -1.036 -1.112 -1.177 -1.228 -1.262 -1.272 -1.255 -1.219 -1.18 -1.163 -1.163 -1.181 -1.204 -1.225 -1.241 -1.253 -1.264 -1.277 -1.294 -1.316 -1.341 -1.37 -1.397 -1.419 -1.433 -1.439 -1.439 -1.436 -1.431 -1.421 -1.406 -1.384 -1.359 -1.332 -1.309 -1.292 -1.279 -1.27 -1.262 -1.252 -1.24 -1.226 -1.21 -1.191 -1.169 -1.141 -1.112 -1.077 -1.038 -1.007 -0.985 -0.968
-9 -9 -9 -9 -0.75 -0.735 -0.724 -0.716 -0.712 -0.716 -0.729 -0.755 -0.794 -0.838 -0.879 -0.905 -0.912 -0.899 -0.874 -0.852 -0.847 -0.874 -0.936 -1.02 -1.111 -1.19 -1.249 -1.294 -1.319 -1.32 -1.299 -1.267 -1.237 -1.223 -1.224 -1.241 -1.261 -1.278 -1.29 -1.299 -1.308 -1.319 -1.334 -1.352 -1.373 -1.395 -1.415 -1.428 -1.434 -1.431 -1.425 -1.416 -1.404 -1.391 -1.374 -1.354 -1.333 -1.313 -1.298 -1.287 -1.281 -1.277 -1.273 -1.267 -1.259 -1.25 -1.239 -1.226 -1.21 -1.191 -1.168 -1.143 -1.117 -1.092 -1.07 -1.047
-9 -9 -9 -9 -0.746 -0.729 -0.72 -0.716 -0.716 -0.72 -0.73 -0.748 -0.775 -0.807 -0.838 -0.86 -0.866 -0.859 -0.845 -0.839 -0.855 -0.905 -0.988 -1.088 -1.183 -1.26 -1.315 -1.351 -1.368 -1.365 -1.348 -1.325 -1.302 -1.288 -1.287 -1.299 -1.313 -1.323 -1.33 -1.336 -1.344 -1.353 -1.366 -1.38 -1.396 -1.411 -1.424 -1.429 -1.427 -1.419 -1.406 -1.392 -1.376 -1.36 -1.344 -1.327 -1.312 -1.299 -1.29 -1.285 -1.283 -1.282 -1.28 -1.277 -1.271 -1.264 -1.255 -1.245 -1.233 -1.216 -1.197 -1.175 -1.152 -1.131 -1.111 -1.094
-9 -9 -9 -0.773 -0.747 -0.728 -0.72 -0.719 -0.723 -0.728 -0.736 -0.747 -0.764 -0.785 -0.806 -0.821 -0.826 -0.823 -0.82 -0.831 -0.87 -0.945 -1.048 -1.158 -1.255 -1.328 -1.373 -1.398 -1.408 -1.406 -1.395 -1.378 -1.359 -1.347 -1.345 -1.35 -1.356 -1.359 -1.362 -1.364 -1.371 -1.379 -1.389 -1.4 -1.411 -1.419 -1.425 -1.424 -1.416 -1.402 -1.385 -1.368 -1.35 -1.333 -1.317 -1.305 -1.295 -1.289 -1.286 -1.285 -1.285 -1.285 -1.285 -1.282 -1.277 -1.27 -1.262 -1.253 -1.241 -1.226 -1.208 -1.188 -1.167 -1.147 -1.13 -1.116
-9 -9 -9 -0.792 -0.758 -0.733 -0.725 -0.727 -0.734 -0.741 -0.748 -0.755 -0.765 -0.778 -0.79 -0.798 -0.801 -0.801 -0.806 -0.835 -0.899 -0.996 -1.116 -1.229 -1.321 -1.383 -1.417 -1.435 -1.44 -1.438 -1.431 -1.417 -1.402 -1.393 -1.389 -1.386 -1.385 -1.384 -1.383 -1.384 -1.389 -1.397 -1.405 -1.411 -1.417 -1.419 -1.419 -1.413 -1.401 -1.384 -1.365 -1.346 -1.327 -1.31 -1.296 -1.287 -1.283 -1.283 -1.284 -1.286 -1.287 -1.288 -1.288 -1.284 -1.278 -1.27 -1.261 -1.251 -1.238 -1.223 -1.206 -1.187 -1.168 -1.149 -1.134 -1.122
-9 -9 -9 -0.825 -0.781 -0.748 -0.737 -0.739 -0.749 -0.758 -0.764 -0.771 -0.778 -0.785 -0.79 -0.792 -0.791 -0.793 -0.808 -0.856 -0.943 -1.06 -1.188 -1.3 -1.377 -1.426 -1.45 -1.461 -1.464 -1.462 -1.456 -1.446 -1.434 -1.424 -1.415 -1.408 -1.402 -1.399 -1.397 -1.398 -1.403 -1.408 -1.412 -1.415 -1.414 -1.411 -1.406 -1.397 -1.383 -1.365 -1.347 -1.327 -1.308 -1.291 -1.279 -1.273 -1.273 -1.276 -1.28 -1.284 -1.286 -1.286 -1.285 -1.279 -1.27 -1.26 -1.248 -1.235 -1.222 -1.207 -1.191 -1.174 -1.156 -1.14 -1.125 -1.115
-9 -9 -9 -0.873 -0.817 -0.773 -0.756 -0.756 -0.765 -0.776 -0.785 -0.794 -0.8 -0.804 -0.804 -0.801 -0.797 -0.802 -0.829 -0.895 -1 -1.131 -1.261 -1.362 -1.424 -1.459 -1.473 -1.479 -1.479 -1.479 -1.475 -1.466 -1.455 -1.442 -1.429 -1.419 -1.412 -1.409 -1.409 -1.411 -1.414 -1.416 -1.415 -1.411 -1.405 -1.397 -1.388 -1.376 -1.362 -1.346 -1.328 -1.309 -1.29 -1.273 -1.262 -1.256 -1.258 -1.263 -1.269 -1.273 -1.275 -1.273 -1.268 -1.256 -1.239 -1.223 -1.206 -1.192 -1.18 -1.169 -1.158 -1.146 -1.133 -1.118 -1.106 -1.098
-9 -9 -9 -9 -0.864 -0.807 -0.78 -0.775 -0.784 -0.796 -0.808 -0.819 -0.827 -0.832 -0.832 -0.825 -0.819 -0.829 -0.869 -0.949 -1.068 -1.204 -1.324 -1.41 -1.458 -1.481 -1.488 -1.489 -1.489 -1.489 -1.487 -1.479 -1.467 -1.451 -1.435 -1.423 -1.418 -1.418 -1.421 -1.424 -1.425 -1.421 -1.414 -1.404 -1.392 -1.38 -1.367 -1.354 -1.339 -1.324 -1.307 -1.289 -1.268 -1.248 -1.234 -1.227 -1.228 -1.232 -1.237 -1.239 -1.239 -1.232 -1.214 -1.177 -1.126 -1.103 -1.084 -1.081 -1.089 -1.095 -1.098 -1.097 -1.092 -1.083 -1.074 -1.07
-9 -9 -9 -9 -0.912 -0.843 -0.806 -0.796 -0.804 -0.818 -0.83 -0.843 -0.858 -0.866 -0.869 -0.863 -0.858 -0.875 -0.926 -1.017 -1.142 -1.271 -1.377 -1.447 -1.482 -1.496 -1.497 -1.495 -1.496 -1.497 -1.496 -1.488 -1.473 -1.453 -1.435 -1.422 -1.42 -1.424 -1.431 -1.436 -1.434 -1.425 -1.411 -1.394 -1.377 -1.36 -1.344 -1.329 -1.313 -1.299 -1.281 -1.258 -1.232 -1.205 -1.184 -1.17 -1.169 -1.173 -1.176 -1.174 -1.165 -1.146 -1.112 -1.047 -0.967 -0.92 -0.879 -0.877 -0.915 -0.958 -0.991 -1.012 -1.02 -1.022 -1.02 -1.022
-9 -9 -9 -9 -0.952 -0.876 -0.833 -0.818 -0.824 -0.837 -0.849 -0.865 -0.885 -0.903 -0.915 -0.916 -0.918 -0.94 -0.998 -1.093 -1.213 -1.327 -1.418 -1.474 -1.498 -1.505 -1.502 -1.5 -1.501 -1.504 -1.503 -1.493 -1.475 -1.452 -1.431 -1.418 -1.418 -1.427 -1.438 -1.444 -1.439 -1.425 -1.405 -1.383 -1.36 -1.338 -1.319 -1.301 -1.284 -1.269 -1.243 -1.209 -1.174 -1.141 -1.114 -1.094 -1.086 -1.087 -1.085 -1.07 -1.046 -1.014 -0.968 -0.906 -0.823 -0.732 -0.657 -0.645 -0.653 -0.735 -0.775 -0.854 -0.887 -0.91 -0.925 -0.94
-9 -9 -9 -9 -0.978 -0.902 -0.856 -0.839 -0.843 -0.853 -0.863 -0.882 -0.911 -0.943 -0.97 -0.986 -0.996 -1.023 -1.083 -1.173 -1.276 -1.373 -1.448 -1.492 -1.507 -1.508 -1.504 -1.504 -1.507 -1.509 -1.507 -1.496 -1.475 -1.448 -1.424 -1.41 -1.413 -1.425 -1.439 -1.445 -1.438 -1.421 -1.396 -1.368 -1.34 -1.314 -1.29 -1.268 -1.251 -1.231 -1.194 -1.152 -1.111 -1.072 -1.042 -1.019 -1.007 -1 -0.991 -0.975 -0.948 -0.893 -0.82 -0.76 -0.646 -0.521 -0.432 -0.389 -0.397 -0.455 -0.502 -0.604 -0.639 -0.656 -0.703 -0.777
