data/climatemaps/RS_maps/climate_winter_pr_2007.asc
NCOLS 369 
NROWS 228 
XLLCORNER 479000 
YLLCORNER 73000 
CELLSIZE 1000 
NODATA_value -9 
[rows 136 to 169 of 228, columns 0 to 74 of 369]
-9 -9 -9 -9 -9 -9 -9 -9 0.691 0.678 0.689 0.718 0.751 0.779 0.805 0.829 0.853 0.878 0.901 0.919 0.933 0.945 0.953 0.954 0.942 0.907 0.852 0.773 0.678 0.572 0.465 0.396 0.388 0.418 0.477 0.53 0.533 0.445 0.293 0.112 -0.054 -0.176 -0.267 -0.333 -0.383 -0.424 -0.46 -0.488 -0.501 -0.523 -0.556 -0.581 -0.576 -0.535 -0.467 -0.384 -0.312 -0.256 -0.214 -0.178 -0.148 -0.125 -0.114 -0.099 -0.088 -0.067 -0.062 -0.083 -0.15 -0.22 -0.3 -0.377 -0.462 -0.493 -0.465
-9 -9 -9 -9 -9 -9 -9 -9 0.7 0.693 0.713 0.753 0.795 0.83 0.851 0.866 0.878 0.889 0.901 0.913 0.925 0.937 0.946 0.943 0.924 0.878 0.809 0.717 0.611 0.501 0.429 0.405 0.423 0.483 0.566 0.628 0.623 0.508 0.323 0.112 -0.073 -0.203 -0.287 -0.342 -0.382 -0.416 -0.447 -0.467 -0.479 -0.505 -0.541 -0.559 -0.552 -0.509 -0.429 -0.34 -0.27 -0.222 -0.182 -0.143 -0.111 -0.084 -0.065 -0.044 -0.033 -0.015 -0.011 -0.043 -0.111 -0.179 -0.26 -0.336 -0.439 -0.484 -0.468
-9 -9 -9 -9 -9 -9 -9 -9 0.712 0.712 0.741 0.789 0.836 0.874 0.894 0.902 0.902 0.902 0.903 0.908 0.917 0.925 0.93 0.919 0.888 0.829 0.748 0.648 0.542 0.468 0.438 0.442 0.49 0.572 0.663 0.72 0.699 0.553 0.336 0.104 -0.095 -0.222 -0.296 -0.34 -0.371 -0.4 -0.426 -0.44 -0.456 -0.483 -0.519 -0.534 -0.525 -0.477 -0.389 -0.301 -0.235 -0.188 -0.145 -0.105 -0.071 -0.041 -0.01 0.01 0.021 0.033 0.034 -0.009 -0.073 -0.137 -0.22 -0.293 -0.398 -0.467 -0.455
-9 -9 -9 -9 -9 -9 -9 0.746 0.727 0.736 0.77 0.82 0.87 0.907 0.925 0.927 0.92 0.912 0.906 0.905 0.909 0.911 0.908 0.886 0.84 0.767 0.674 0.572 0.503 0.473 0.477 0.513 0.582 0.67 0.752 0.791 0.744 0.57 0.329 0.085 -0.112 -0.23 -0.292 -0.326 -0.35 -0.374 -0.396 -0.414 -0.433 -0.459 -0.492 -0.511 -0.497 -0.446 -0.356 -0.272 -0.207 -0.155 -0.109 -0.068 -0.03 0.008 0.044 0.06 0.076 0.08 0.068 0.027 -0.037 -0.096 -0.175 -0.249 -0.36 -0.442 -0.422
-9 -9 -9 -9 -9 -9 -9 0.758 0.75 0.765 0.799 0.847 0.893 0.925 0.939 0.939 0.929 0.917 0.908 0.903 0.899 0.895 0.881 0.846 0.788 0.703 0.602 0.529 0.493 0.493 0.534 0.6 0.679 0.759 0.819 0.826 0.751 0.555 0.301 0.056 -0.126 -0.228 -0.274 -0.3 -0.318 -0.334 -0.359 -0.384 -0.408 -0.434 -0.465 -0.486 -0.472 -0.417 -0.329 -0.249 -0.184 -0.127 -0.076 -0.032 0.011 0.057 0.09 0.114 0.133 0.135 0.115 0.071 0.008 -0.051 -0.124 -0.206 -0.322 -0.406 -0.387
-9 -9 -9 -9 -9 -9 -9 0.778 0.781 0.8 0.83 0.867 0.901 0.926 0.937 0.936 0.927 0.918 0.908 0.897 0.889 0.876 0.851 0.806 0.741 0.649 0.568 0.518 0.502 0.53 0.598 0.679 0.757 0.819 0.847 0.816 0.709 0.497 0.244 0.018 -0.138 -0.216 -0.246 -0.26 -0.272 -0.287 -0.315 -0.347 -0.378 -0.407 -0.439 -0.458 -0.446 -0.391 -0.31 -0.232 -0.167 -0.107 -0.048 0.001 0.058 0.11 0.144 0.169 0.18 0.182 0.16 0.117 0.071 0.001 -0.062 -0.16 -0.281 -0.367 -0.364
-9 -9 -9 -9 -9 -9 -9 0.806 0.818 0.835 0.855 0.875 0.895 0.909 0.917 0.919 0.917 0.912 0.901 0.889 0.875 0.854 0.822 0.773 0.702 0.632 0.568 0.529 0.533 0.577 0.653 0.734 0.799 0.835 0.829 0.757 0.615 0.397 0.163 -0.026 -0.146 -0.195 -0.205 -0.205 -0.214 -0.232 -0.264 -0.303 -0.342 -0.375 -0.406 -0.425 -0.416 -0.371 -0.301 -0.225 -0.157 -0.094 -0.026 0.035 0.105 0.164 0.198 0.212 0.22 0.218 0.197 0.16 0.128 0.064 -0.009 -0.112 -0.242 -0.329 -0.346
-9 -9 -9 -9 -9 -9 -9 0.841 0.855 0.867 0.872 0.873 0.876 0.879 0.886 0.895 0.899 0.897 0.889 0.876 0.858 0.832 0.8 0.75 0.697 0.64 0.589 0.563 0.577 0.623 0.691 0.755 0.794 0.799 0.758 0.646 0.482 0.273 0.074 -0.068 -0.146 -0.163 -0.151 -0.136 -0.143 -0.17 -0.208 -0.255 -0.296 -0.332 -0.365 -0.387 -0.385 -0.354 -0.301 -0.229 -0.156 -0.087 -0.01 0.064 0.138 0.197 0.238 0.252 0.253 0.245 0.227 0.205 0.17 0.119 0.039 -0.072 -0.198 -0.289 -0.321
-9 -9 -9 -9 -9 -9 -9 0.876 0.889 0.891 0.879 0.861 0.847 0.843 0.852 0.866 0.875 0.877 0.871 0.856 0.835 0.814 0.785 0.756 0.716 0.671 0.632 0.614 0.625 0.659 0.703 0.735 0.739 0.709 0.63 0.494 0.324 0.146 -0.003 -0.096 -0.133 -0.118 -0.086 -0.06 -0.068 -0.103 -0.148 -0.198 -0.239 -0.28 -0.313 -0.344 -0.355 -0.34 -0.304 -0.241 -0.167 -0.089 -0.008 0.078 0.156 0.216 0.26 0.274 0.272 0.268 0.26 0.239 0.199 0.153 0.083 -0.033 -0.15 -0.242 -0.293
-9 -9 -9 -9 -9 -9 -9 0.906 0.914 0.904 0.876 0.834 0.808 0.804 0.815 0.831 0.846 0.853 0.847 0.831 0.813 0.8 0.789 0.773 0.748 0.716 0.685 0.666 0.666 0.677 0.686 0.679 0.646 0.579 0.474 0.329 0.174 0.037 -0.06 -0.107 -0.106 -0.064 -0.018 0.013 0.003 -0.04 -0.089 -0.138 -0.183 -0.227 -0.261 -0.3 -0.329 -0.333 -0.312 -0.262 -0.19 -0.104 -0.019 0.074 0.154 0.218 0.261 0.275 0.275 0.277 0.27 0.249 0.21 0.167 0.104 0.006 -0.089 -0.189 -0.252
-9 -9 -9 -9 -9 -9 -9 0.921 0.922 0.903 0.857 0.799 0.766 0.765 0.774 0.793 0.814 0.823 0.818 0.805 0.795 0.792 0.793 0.793 0.782 0.759 0.73 0.705 0.688 0.669 0.64 0.597 0.531 0.439 0.325 0.186 0.057 -0.04 -0.092 -0.1 -0.068 -0.008 0.046 0.075 0.058 0.011 -0.039 -0.091 -0.14 -0.185 -0.225 -0.266 -0.31 -0.329 -0.323 -0.288 -0.224 -0.135 -0.041 0.056 0.131 0.196 0.237 0.257 0.267 0.269 0.261 0.242 0.202 0.161 0.114 0.048 -0.029 -0.134 -0.195
-9 -9 -9 -9 -9 -9 0.911 0.918 0.911 0.882 0.838 0.786 0.74 0.73 0.733 0.753 0.775 0.787 0.786 0.781 0.779 0.788 0.802 0.812 0.806 0.783 0.751 0.717 0.681 0.635 0.575 0.504 0.421 0.325 0.215 0.098 -0.003 -0.069 -0.09 -0.071 -0.024 0.041 0.094 0.113 0.092 0.045 -0.013 -0.07 -0.119 -0.167 -0.213 -0.26 -0.306 -0.333 -0.34 -0.318 -0.263 -0.18 -0.082 0.014 0.089 0.152 0.192 0.225 0.241 0.248 0.242 0.225 0.192 0.159 0.123 0.077 0.013 -0.06 -0.12
-9 -9 -9 -9 -9 0.894 0.901 0.9 0.883 0.866 0.833 0.782 0.717 0.692 0.687 0.704 0.726 0.743 0.749 0.756 0.767 0.786 0.807 0.818 0.808 0.779 0.738 0.693 0.641 0.573 0.491 0.41 0.327 0.241 0.153 0.064 -0.007 -0.049 -0.055 -0.023 0.023 0.077 0.118 0.125 0.103 0.056 -0.011 -0.073 -0.128 -0.179 -0.227 -0.273 -0.32 -0.348 -0.362 -0.35 -0.303 -0.229 -0.137 -0.044 0.029 0.084 0.125 0.167 0.187 0.205 0.21 0.211 0.192 0.159 0.122 0.089 0.059 0.044 -0.041
-9 -9 -9 -9 -9 0.874 0.877 0.869 0.866 0.86 0.821 0.765 0.688 0.649 0.63 0.641 0.664 0.689 0.709 0.73 0.754 0.781 0.802 0.805 0.784 0.742 0.687 0.627 0.56 0.48 0.395 0.321 0.257 0.198 0.14 0.083 0.037 0.01 0.005 0.028 0.068 0.104 0.124 0.119 0.09 0.039 -0.031 -0.097 -0.156 -0.208 -0.254 -0.3 -0.341 -0.371 -0.385 -0.375 -0.335 -0.272 -0.192 -0.111 -0.049 -0.002 0.035 0.067 0.105 0.147 0.17 0.19 0.181 0.14 0.101 0.089 0.109 0.105 0.018
-9 -9 -9 -9 -9 0.829 0.836 0.849 0.864 0.852 0.812 0.75 0.656 0.6 0.57 0.572 0.594 0.627 0.666 0.703 0.74 0.77 0.784 0.772 0.731 0.671 0.599 0.524 0.446 0.366 0.296 0.25 0.219 0.195 0.17 0.137 0.108 0.085 0.076 0.08 0.1 0.118 0.122 0.1 0.061 0.003 -0.067 -0.135 -0.195 -0.244 -0.288 -0.329 -0.365 -0.39 -0.399 -0.386 -0.351 -0.299 -0.236 -0.174 -0.125 -0.091 -0.066 -0.044 0.004 0.071 0.101 0.125 0.134 0.087 0.063 0.074 0.127 0.133 0.045
-9 -9 -9 -9 -9 0.796 0.822 0.846 0.856 0.848 0.808 0.739 0.631 0.561 0.521 0.51 0.53 0.571 0.623 0.676 0.723 0.75 0.749 0.715 0.651 0.572 0.484 0.397 0.315 0.244 0.2 0.19 0.202 0.213 0.212 0.192 0.168 0.147 0.13 0.117 0.111 0.107 0.098 0.067 0.017 -0.046 -0.116 -0.181 -0.237 -0.281 -0.319 -0.352 -0.38 -0.397 -0.4 -0.384 -0.351 -0.307 -0.258 -0.214 -0.18 -0.156 -0.141 -0.13 -0.106 -0.065 -0.042 -0.019 0.02 0.015 0.019 0.043 0.092 0.117 0.054
-9 -9 -9 -9 0.767 0.793 0.816 0.838 0.852 0.847 0.807 0.737 0.628 0.55 0.493 0.472 0.485 0.53 0.588 0.651 0.699 0.717 0.696 0.638 0.549 0.451 0.352 0.262 0.185 0.13 0.115 0.14 0.184 0.216 0.227 0.212 0.185 0.158 0.131 0.106 0.088 0.071 0.049 0.014 -0.039 -0.102 -0.169 -0.228 -0.277 -0.314 -0.343 -0.366 -0.384 -0.392 -0.389 -0.37 -0.339 -0.303 -0.267 -0.238 -0.218 -0.206 -0.201 -0.197 -0.191 -0.177 -0.167 -0.154 -0.116 -0.084 -0.064 -0.03 0.007 0.034 0.003
-9 -9 -9 -9 0.764 0.788 0.813 0.835 0.848 0.842 0.807 0.742 0.651 0.563 0.494 0.462 0.468 0.509 0.569 0.631 0.672 0.674 0.63 0.544 0.432 0.319 0.218 0.132 0.067 0.032 0.043 0.091 0.151 0.187 0.195 0.174 0.14 0.107 0.077 0.052 0.032 0.01 -0.017 -0.055 -0.103 -0.161 -0.22 -0.27 -0.308 -0.335 -0.353 -0.365 -0.373 -0.374 -0.365 -0.344 -0.317 -0.288 -0.264 -0.248 -0.241 -0.239 -0.242 -0.245 -0.246 -0.247 -0.245 -0.243 -0.234 -0.206 -0.19 -0.156 -0.121 -0.114 -0.135
-9 -9 -9 -9 0.761 0.788 0.813 0.833 0.841 0.834 0.803 0.748 0.669 0.589 0.521 0.485 0.483 0.518 0.57 0.621 0.647 0.627 0.555 0.442 0.31 0.189 0.09 0.013 -0.036 -0.048 -0.021 0.037 0.096 0.122 0.122 0.094 0.056 0.024 -0.002 -0.022 -0.041 -0.062 -0.09 -0.126 -0.169 -0.217 -0.264 -0.302 -0.329 -0.343 -0.349 -0.35 -0.349 -0.343 -0.33 -0.31 -0.288 -0.267 -0.254 -0.249 -0.252 -0.259 -0.269 -0.277 -0.285 -0.291 -0.297 -0.302 -0.304 -0.302 -0.3 -0.291 -0.279 -0.278 -0.287
-9 -9 -9 -9 0.763 0.793 0.816 0.829 0.832 0.822 0.795 0.752 0.692 0.627 0.57 0.536 0.531 0.556 0.595 0.627 0.628 0.578 0.474 0.336 0.191 0.067 -0.023 -0.088 -0.121 -0.118 -0.084 -0.033 0.013 0.033 0.031 0.003 -0.03 -0.058 -0.079 -0.097 -0.114 -0.133 -0.159 -0.189 -0.225 -0.263 -0.298 -0.323 -0.337 -0.339 -0.334 -0.326 -0.317 -0.306 -0.291 -0.275 -0.259 -0.248 -0.244 -0.248 -0.258 -0.271 -0.286 -0.299 -0.311 -0.322 -0.333 -0.343 -0.352 -0.36 -0.364 -0.366 -0.367 -0.371 -0.379
-9 -9 -9 -9 0.763 0.796 0.815 0.822 0.819 0.806 0.785 0.753 0.711 0.668 0.625 0.6 0.596 0.612 0.633 0.64 0.609 0.526 0.389 0.229 0.078 -0.042 -0.123 -0.171 -0.191 -0.182 -0.154 -0.118 -0.083 -0.063 -0.065 -0.087 -0.112 -0.131 -0.147 -0.16 -0.176 -0.193 -0.216 -0.241 -0.269 -0.297 -0.32 -0.333 -0.335 -0.327 -0.314 -0.298 -0.283 -0.268 -0.255 -0.244 -0.236 -0.234 -0.239 -0.249 -0.264 -0.28 -0.297 -0.312 -0.326 -0.34 -0.354 -0.367 -0.38 -0.39 -0.398 -0.403 -0.407 -0.414 -0.423
-9 -9 -9 0.707 0.755 0.793 0.809 0.81 0.8 0.786 0.769 0.748 0.724 0.698 0.672 0.657 0.655 0.662 0.667 0.648 0.582 0.461 0.295 0.12 -0.032 -0.143 -0.206 -0.238 -0.247 -0.24 -0.222 -0.196 -0.169 -0.154 -0.155 -0.167 -0.181 -0.192 -0.201 -0.211 -0.225 -0.242 -0.261 -0.281 -0.301 -0.318 -0.33 -0.332 -0.325 -0.309 -0.29 -0.27 -0.251 -0.235 -0.224 -0.218 -0.22 -0.226 -0.237 -0.252 -0.269 -0.287 -0.305 -0.32 -0.335 -0.349 -0.362 -0.377 -0.39 -0.402 -0.411 -0.418 -0.425 -0.433 -0.444
-9 -9 -9 0.67 0.731 0.776 0.793 0.791 0.777 0.761 0.747 0.735 0.721 0.709 0.698 0.693 0.693 0.695 0.686 0.638 0.537 0.38 0.19 0.01 -0.131 -0.222 -0.267 -0.288 -0.291 -0.286 -0.274 -0.255 -0.236 -0.226 -0.224 -0.227 -0.231 -0.235 -0.241 -0.249 -0.262 -0.277 -0.293 -0.308 -0.319 -0.327 -0.33 -0.324 -0.31 -0.29 -0.267 -0.245 -0.225 -0.209 -0.201 -0.2 -0.208 -0.221 -0.237 -0.254 -0.273 -0.292 -0.309 -0.324 -0.337 -0.35 -0.362 -0.375 -0.388 -0.4 -0.41 -0.419 -0.427 -0.437 -0.45
-9 -9 -9 0.61 0.687 0.745 0.766 0.764 0.749 0.733 0.72 0.711 0.705 0.702 0.702 0.705 0.708 0.706 0.681 0.606 0.469 0.282 0.078 -0.096 -0.212 -0.281 -0.312 -0.324 -0.325 -0.321 -0.312 -0.3 -0.287 -0.277 -0.269 -0.265 -0.264 -0.265 -0.27 -0.278 -0.29 -0.303 -0.313 -0.321 -0.324 -0.324 -0.319 -0.308 -0.291 -0.269 -0.247 -0.225 -0.205 -0.19 -0.183 -0.185 -0.197 -0.215 -0.234 -0.253 -0.272 -0.29 -0.306 -0.319 -0.329 -0.337 -0.346 -0.357 -0.369 -0.383 -0.395 -0.406 -0.417 -0.429 -0.443
-9 -9 -9 0.524 0.621 0.697 0.729 0.732 0.718 0.702 0.688 0.679 0.675 0.677 0.683 0.692 0.699 0.692 0.65 0.548 0.38 0.174 -0.031 -0.187 -0.278 -0.325 -0.342 -0.346 -0.346 -0.345 -0.341 -0.332 -0.322 -0.309 -0.296 -0.288 -0.285 -0.287 -0.294 -0.304 -0.313 -0.321 -0.325 -0.324 -0.319 -0.311 -0.3 -0.286 -0.268 -0.248 -0.227 -0.206 -0.187 -0.171 -0.164 -0.167 -0.18 -0.199 -0.219 -0.239 -0.258 -0.273 -0.286 -0.292 -0.292 -0.294 -0.298 -0.308 -0.323 -0.342 -0.361 -0.379 -0.394 -0.409 -0.426
-9 -9 -9 -9 0.538 0.635 0.683 0.695 0.684 0.667 0.653 0.643 0.637 0.636 0.641 0.654 0.664 0.65 0.589 0.463 0.274 0.06 -0.128 -0.258 -0.325 -0.354 -0.36 -0.359 -0.359 -0.361 -0.361 -0.355 -0.343 -0.327 -0.31 -0.3 -0.3 -0.307 -0.318 -0.329 -0.335 -0.336 -0.331 -0.321 -0.307 -0.293 -0.278 -0.261 -0.243 -0.224 -0.204 -0.184 -0.162 -0.142 -0.13 -0.128 -0.14 -0.157 -0.176 -0.194 -0.211 -0.22 -0.218 -0.193 -0.153 -0.151 -0.155 -0.181 -0.222 -0.262 -0.299 -0.33 -0.355 -0.376 -0.396
-9 -9 -9 -9 0.453 0.57 0.633 0.654 0.646 0.63 0.616 0.604 0.59 0.582 0.581 0.592 0.601 0.578 0.5 0.357 0.159 -0.044 -0.207 -0.311 -0.357 -0.372 -0.371 -0.368 -0.369 -0.374 -0.377 -0.371 -0.356 -0.335 -0.315 -0.305 -0.309 -0.323 -0.339 -0.352 -0.354 -0.347 -0.332 -0.312 -0.291 -0.271 -0.252 -0.232 -0.212 -0.195 -0.174 -0.148 -0.118 -0.088 -0.065 -0.054 -0.06 -0.077 -0.095 -0.107 -0.114 -0.111 -0.089 -0.032 0.039 0.065 0.081 0.05 -0.028 -0.113 -0.185 -0.244 -0.285 -0.316 -0.342
-9 -9 -9 -9 0.381 0.507 0.581 0.611 0.608 0.593 0.579 0.563 0.54 0.519 0.504 0.504 0.505 0.473 0.384 0.235 0.046 -0.133 -0.269 -0.35 -0.379 -0.384 -0.378 -0.375 -0.378 -0.386 -0.39 -0.381 -0.362 -0.336 -0.313 -0.303 -0.312 -0.332 -0.354 -0.368 -0.367 -0.352 -0.328 -0.3 -0.272 -0.246 -0.223 -0.198 -0.178 -0.16 -0.129 -0.086 -0.043 -0.002 0.03 0.05 0.052 0.038 0.025 0.027 0.038 0.056 0.089 0.136 0.204 0.276 0.326 0.304 0.261 0.13 0.048 -0.079 -0.151 -0.205 -0.246
-9 -9 -9 -9 0.331 0.455 0.534 0.568 0.569 0.558 0.547 0.523 0.487 0.445 0.41 0.391 0.379 0.34 0.249 0.106 -0.056 -0.205 -0.314 -0.374 -0.39 -0.388 -0.382 -0.382 -0.388 -0.396 -0.398 -0.388 -0.365 -0.334 -0.308 -0.296 -0.308 -0.334 -0.36 -0.374 -0.37 -0.35 -0.319 -0.284 -0.249 -0.217 -0.187 -0.158 -0.138 -0.113 -0.066 -0.013 0.04 0.09 0.127 0.151 0.158 0.153 0.148 0.147 0.158 0.202 0.265 0.303 0.4 0.504 0.562 0.573 0.531 0.431 0.342 0.186 0.106 0.058 -0.012
-9 -9 -9 -9 -9 0.422 0.493 0.526 0.533 0.527 0.516 0.485 0.431 0.361 0.295 0.252 0.227 0.188 0.109 -0.009 -0.142 -0.262 -0.345 -0.386 -0.394 -0.39 -0.386 -0.389 -0.397 -0.404 -0.405 -0.392 -0.363 -0.326 -0.295 -0.281 -0.294 -0.325 -0.353 -0.366 -0.36 -0.337 -0.302 -0.261 -0.22 -0.18 -0.144 -0.114 -0.093 -0.064 -0.012 0.048 0.105 0.162 0.198 0.219 0.231 0.231 0.231 0.236 0.253 0.324 0.379 0.438 0.546 0.613 0.676 0.757 0.738 0.646 0.483 0.338 0.391 0.415 0.356
-9 -9 -9 -9 -9 -9 0.462 0.489 0.5 0.5 0.494 0.452 0.369 0.261 0.161 0.094 0.059 0.028 -0.025 -0.104 -0.21 -0.301 -0.361 -0.389 -0.396 -0.395 -0.394 -0.398 -0.406 -0.413 -0.41 -0.391 -0.355 -0.31 -0.275 -0.259 -0.272 -0.304 -0.331 -0.343 -0.337 -0.312 -0.272 -0.228 -0.182 -0.137 -0.099 -0.069 -0.04 -0.011 0.018 0.084 0.15 0.206 0.236 0.252 0.261 0.265 0.267 0.269 0.291 0.338 0.388 0.452 0.532 0.643 0.773 0.798 0.75 0.689 0.672 0.648 0.738 0.774 0.673
-9 -9 -9 -9 -9 -9 0.438 0.457 0.47 0.479 0.479 0.421 0.303 0.152 0.016 -0.072 -0.109 -0.123 -0.147 -0.193 -0.264 -0.325 -0.367 -0.39 -0.399 -0.402 -0.404 -0.409 -0.416 -0.419 -0.412 -0.384 -0.339 -0.291 -0.254 -0.237 -0.245 -0.269 -0.292 -0.303 -0.297 -0.272 -0.232 -0.186 -0.139 -0.093 -0.055 -0.022 0.009 0.041 0.065 0.119 0.174 0.217 0.242 0.256 0.26 0.255 0.246 0.257 0.306 0.365 0.433 0.482 0.553 0.721 0.864 0.862 0.855 0.829 0.911 0.937 0.992 0.971 0.829
-9 -9 -9 -9 -9 -9 0.416 0.428 0.443 0.462 0.463 0.387 0.237 0.054 -0.109 -0.21 -0.246 -0.246 -0.247 -0.269 -0.304 -0.339 -0.369 -0.391 -0.403 -0.41 -0.414 -0.419 -0.425 -0.424 -0.409 -0.37 -0.319 -0.27 -0.232 -0.211 -0.208 -0.218 -0.232 -0.241 -0.238 -0.218 -0.187 -0.144 -0.093 -0.047 -0.007 0.024 0.054 0.087 0.137 0.195 0.219 0.205 -9 -9 -9 0.202 0.186 0.219 0.296 0.387 0.493 0.548 0.633 0.738 0.818 0.907 0.936 0.955 1.038 1.052 1.058 1.017 0.898
-9 -9 -9 -9 0.421 0.404 0.394 0.402 0.422 0.444 0.44 0.348 0.172 -0.032 -0.202 -0.305 -0.337 -0.331 -0.32 -0.321 -0.332 -0.35 -0.375 -0.395 -0.409 -0.419 -0.425 -0.43 -0.432 -0.423 -0.397 -0.351 -0.298 -0.249 -0.207 -0.175 -0.152 -0.143 -0.144 -0.153 -0.158 -0.152 -0.137 -0.105 -0.05 0.007 0.045 0.073 0.109 0.163 0.235 0.32 -9 -9 -9 -9 -9 0.186 0.182 0.191 0.233 0.309 0.433 0.518 0.632 0.72 0.766 0.857 0.893 0.922 1.084 1.118 1.109 1.071 0.939
