data/climatemaps/RS_maps/climate_winter_tmin_2016.asc
NCOLS 369 
NROWS 228 
XLLCORNER 479000 
YLLCORNER 73000 
CELLSIZE 1000 
NODATA_value -9 
[rows 102 to 135 of 228, columns 231 to 307 of 369]
-0.929 -1.041 -1.157 -1.212 -1.391 -1.128 -0.683 -0.053 0.488 0.616 0.162 -0.592 -0.664 -0.797 -1.146 -1.389 -1.245 -1.2 -1.063 -0.814 -0.464 0.012 0.051 -0.355 -0.464 -0.687 -1.098 -1.807 -1.856 -1.409 -1.053 -0.949 -0.949 -0.875 -0.79 -0.698 -0.734 -1.016 -1.129 -0.725 -0.943 -0.773 -0.315 0.081 -0.243 -0.922 -0.733 -0.298 -0.01 0.301 0.686 0.715 0.505 -0.125 -0.589 -0.38 -0.341 -0.744 -0.779 -0.432 -0.054 -0.032 -0.206 -0.023 0.185 0.325 0.323 0.337 0.307 0.268 0.098 -0.178 -0.475 -0.965 -1.151 -1.269 -0.975
-0.858 -0.842 -0.98 -1.291 -1.173 -0.836 -0.515 0.113 0.645 0.279 -0.033 -0.543 -1.037 -1.16 -1.313 -1.566 -1.44 -0.995 -0.746 -0.511 -0.242 -0.046 -0.097 -0.283 -0.69 -0.983 -1.518 -2.109 -1.906 -1.405 -1.165 -1.258 -1.461 -1.356 -1.339 -1.131 -0.928 -0.713 -0.632 -0.387 -0.178 -0.077 0.13 -0.179 -0.926 -1.188 -1.037 -0.642 -0.181 0.212 0.689 0.699 0.383 -0.117 -0.573 -0.724 -0.405 -0.65 -0.933 -0.629 -0.327 -0.133 -0.464 -0.511 -0.274 0.029 -0.047 -0.102 0.023 0.185 0.294 0.197 -0.056 -0.585 -0.833 -0.97 -0.733
-0.935 -1.227 -1.157 -0.802 -0.453 -0.297 -0.054 0.394 0.486 -0.184 -0.451 -0.287 -0.783 -1.261 -1.4 -1.374 -1.248 -0.937 -0.464 -0.18 -0.117 -0.368 -0.685 -0.575 -1.023 -1.422 -1.801 -1.966 -1.929 -1.746 -1.608 -1.72 -1.962 -2.018 -2.123 -1.949 -1.653 -1.562 -1.648 -1.351 -0.784 -0.043 -0.088 -1.017 -1.778 -1.442 -1.035 -0.628 -0.139 0.367 0.719 0.662 0.339 -0.065 -0.542 -0.93 -0.556 -0.632 -1.019 -0.844 -0.565 -0.261 -0.665 -0.892 -0.634 -0.217 -0.425 -0.616 -0.411 -0.2 -0.035 0.111 0.28 0.006 -0.395 -0.472 -0.376
-1.225 -1.002 -0.485 -0.251 -0.33 -0.405 -0.242 0.347 0.349 -0.228 -0.839 -0.521 -0.56 -1.177 -1.376 -1.126 -0.862 -0.638 -0.314 -0.187 -0.532 -1.092 -1.252 -0.992 -1.398 -1.658 -1.71 -1.756 -1.745 -1.732 -1.472 -1.517 -1.836 -1.956 -2.084 -2.166 -2.141 -1.989 -1.346 -0.918 -0.487 0.041 -0.458 -1.25 -1.666 -1.275 -0.972 -0.508 0.111 0.611 0.687 0.58 0.307 -0.169 -0.487 -0.934 -0.736 -0.894 -1.187 -1.02 -0.603 -0.513 -0.72 -1.149 -0.861 -0.529 -0.717 -0.873 -0.746 -0.559 -0.402 -0.247 0.027 0.195 0.103 0.05 -0.2
-0.801 -0.392 -0.321 -0.538 -0.781 -0.882 -0.519 0.286 0.226 -0.453 -1.052 -0.938 -0.645 -1.327 -1.477 -1.032 -0.675 -0.508 -0.334 -0.75 -1.183 -1.708 -1.563 -1.39 -1.834 -1.658 -1.426 -1.527 -1.621 -1.413 -1.234 -1.158 -1.448 -1.681 -1.902 -1.926 -1.64 -1.591 -1.229 -0.784 -0.241 -0.097 -0.755 -1.592 -1.445 -1.154 -0.808 -0.34 0.298 0.694 0.616 0.467 0.222 -0.302 -0.704 -1.005 -0.981 -1.311 -1.257 -0.96 -0.722 -0.937 -0.955 -1.282 -0.966 -0.875 -0.928 -1.134 -0.945 -0.746 -0.647 -0.663 -0.6 -0.295 0.003 0.103 -0.052
-0.417 -0.477 -0.799 -0.969 -0.883 -0.776 -0.357 0.279 -0.105 -0.778 -1.48 -1.292 -1.017 -1.719 -1.611 -1.195 -1.069 -0.942 -0.621 -1.31 -1.981 -1.986 -1.798 -1.785 -1.932 -1.682 -1.286 -1.409 -1.621 -1.694 -1.638 -1.176 -1.074 -1.442 -1.79 -1.876 -1.676 -1.27 -0.822 -0.443 -0.102 -0.446 -1.022 -1.514 -1.243 -0.863 -0.492 0.019 0.541 0.718 0.581 0.363 0.043 -0.545 -1.079 -1.233 -1.31 -1.465 -1.217 -1.051 -1.159 -1.275 -1.162 -1.278 -0.971 -1.162 -1.165 -1.301 -1.142 -0.957 -0.937 -1.037 -1.017 -0.768 -0.465 -0.151 0.036
-0.679 -0.951 -1.31 -1.193 -0.986 -0.742 -0.33 0.094 -0.542 -1.235 -1.797 -1.587 -1.679 -1.983 -1.912 -1.697 -1.672 -1.331 -1.006 -1.719 -2.073 -1.934 -1.733 -1.651 -1.58 -1.59 -1.381 -1.103 -1.117 -1.442 -1.531 -1.468 -0.84 -1.046 -1.459 -1.606 -1.609 -1.163 -0.757 -0.301 -0.181 -0.779 -1.237 -1.179 -0.897 -0.396 0.023 0.461 0.712 0.715 0.567 0.227 -0.29 -0.807 -1.083 -1.027 -1.256 -1.33 -1.309 -1.252 -1.309 -1.274 -1.295 -1.209 -1.127 -1.264 -1.344 -1.303 -1.22 -1.2 -1.231 -1.381 -1.294 -1.146 -0.778 -0.36 -0.075
-1.169 -1.353 -1.768 -1.539 -1.278 -0.99 -0.402 -0.192 -0.782 -1.446 -1.708 -1.722 -2.136 -1.838 -1.882 -1.666 -1.651 -1.524 -1.482 -1.933 -1.742 -1.681 -1.563 -1.436 -1.334 -1.271 -1.2 -0.916 -0.717 -0.881 -1.196 -1.291 -0.822 -0.632 -0.972 -1.319 -1.336 -1.008 -0.722 -0.264 -0.243 -0.797 -0.92 -0.601 -0.292 0.14 0.538 0.7 0.723 0.689 0.424 -0.088 -0.599 -0.653 -0.611 -0.614 -0.869 -0.826 -0.965 -0.928 -1.04 -1.039 -1.093 -1.306 -1.373 -1.247 -1.173 -1.094 -1.188 -1.346 -1.465 -1.469 -1.23 -1.069 -0.787 -0.411 -0.346
-1.6 -1.81 -1.866 -1.688 -1.351 -0.848 -0.391 -1.08 -0.968 -1.238 -1.493 -1.638 -2.103 -1.683 -1.64 -1.627 -1.418 -1.584 -1.651 -1.663 -1.412 -1.406 -1.437 -1.252 -1.152 -1.022 -0.918 -0.788 -0.465 -0.469 -0.609 -0.899 -0.739 -0.343 -0.462 -0.946 -1.061 -0.884 -0.465 0.023 0.052 -0.298 -0.191 0.16 0.405 0.605 0.717 0.684 0.575 0.582 0.339 -0.227 -0.313 -0.197 -0.23 -0.321 -0.482 -0.503 -0.618 -0.569 -0.705 -0.765 -0.892 -1.142 -1.238 -0.945 -0.977 -1.259 -1.487 -1.635 -1.65 -1.48 -1.147 -0.736 -0.545 -0.426 -0.613
-2.019 -1.961 -1.616 -1.499 -1.095 -0.377 -0.722 -1.872 -1.454 -0.952 -1.103 -1.788 -2.074 -1.753 -1.477 -1.447 -1.205 -1.454 -1.294 -1.383 -1.108 -1.176 -1.49 -1.372 -1.185 -0.992 -0.731 -0.617 -0.38 -0.224 -0.1 -0.197 -0.154 0.026 0.003 -0.394 -0.553 -0.519 -0.197 0.26 0.437 0.366 0.507 0.639 0.701 0.707 0.568 0.373 0.017 0.174 0.501 0.194 0.235 0.283 0.18 0.078 -0.048 -0.117 -0.21 -0.265 -0.312 -0.402 -0.649 -0.843 -1.029 -0.796 -1.174 -1.508 -1.557 -1.778 -1.731 -1.538 -1.191 -0.682 -0.492 -0.622 -0.978
-2.137 -1.746 -1.244 -1.133 -0.748 -0.298 -1.092 -2.088 -1.88 -1.179 -1.049 -1.892 -1.798 -1.818 -1.53 -1.088 -0.637 -0.998 -0.926 -1.228 -0.969 -0.958 -1.302 -1.395 -1.264 -1.169 -0.842 -0.507 -0.234 -0.094 0.063 0.113 0.172 0.293 0.344 0.201 0.077 0.109 0.231 0.451 0.618 0.659 0.71 0.685 0.586 0.472 0.183 -0.2 -0.434 -0.028 0.398 0.39 0.201 0.19 0.227 0.329 0.262 0.119 0.044 -0.033 -0.111 -0.171 -0.319 -0.464 -0.666 -0.693 -1.119 -1.279 -1.28 -1.489 -1.67 -1.433 -1.093 -0.617 -0.48 -0.847 -1.284
-2.092 -1.509 -1.34 -1.509 -1.244 -0.806 -1.182 -2.101 -1.879 -1.185 -1.286 -1.798 -1.661 -1.498 -1.456 -1.346 -0.771 -0.544 -0.781 -1.244 -1.137 -0.803 -1.086 -1.226 -0.96 -0.921 -0.71 -0.342 -0.096 0.004 0.067 0.137 0.202 0.326 0.436 0.424 0.475 0.527 0.585 0.654 0.667 0.627 0.633 0.328 0.11 -0.029 -0.333 -0.71 -0.53 -0.099 0.196 -0.209 -0.352 -0.369 -0.376 -0.12 -0.087 -0.182 -0.363 -0.453 -0.53 -0.487 -0.244 -0.307 -0.544 -0.736 -0.879 -0.997 -1.231 -1.394 -1.494 -1.196 -0.806 -0.457 -0.541 -0.904 -1.045
-1.992 -1.63 -1.951 -2.174 -1.487 -1.151 -1.571 -1.993 -1.67 -1.267 -1.574 -1.58 -1.612 -1.347 -1.09 -0.997 -0.782 -0.272 -0.65 -1.232 -1.145 -0.785 -0.858 -0.945 -0.625 -0.547 -0.525 -0.299 0.023 0.078 0.032 0.153 0.278 0.363 0.446 0.531 0.512 0.576 0.629 0.666 0.684 0.529 0.198 -0.23 -0.45 -0.501 -0.719 -0.936 -0.481 -0.006 0.019 -0.436 -0.819 -0.773 -0.726 -0.449 -0.453 -0.745 -0.894 -0.95 -0.975 -0.888 -0.454 -0.454 -0.793 -0.962 -1.133 -1.111 -1.477 -1.39 -1.174 -0.879 -0.527 -0.426 -0.674 -0.773 -0.854
-1.796 -2.066 -2.698 -2.573 -1.629 -1.648 -2.31 -2.134 -1.816 -1.554 -1.47 -1.178 -1.153 -1.328 -1.086 -0.672 -0.547 -0.178 -0.415 -0.921 -0.878 -0.697 -0.632 -0.81 -0.421 -0.194 -0.237 -0.12 0.172 0.206 0.164 0.348 0.466 0.474 0.562 0.415 0.355 0.458 0.49 0.645 0.604 0.143 -0.305 -0.675 -0.87 -0.898 -1.123 -1.022 -0.498 -0.036 -0.131 -0.573 -0.999 -1.129 -1.014 -0.804 -0.679 -1.217 -1.292 -1.196 -1.066 -0.869 -0.49 -0.645 -0.932 -1.217 -1.507 -1.481 -1.546 -1.22 -0.873 -0.548 -0.451 -0.614 -0.579 -0.958 -1.341
-1.378 -1.745 -2.533 -2.374 -2.038 -2.29 -2.398 -2.036 -1.642 -1.26 -1.095 -0.92 -0.722 -1.166 -1.147 -0.711 -0.476 -0.231 -0.108 -0.516 -0.447 -0.495 -0.425 -0.661 -0.352 0.043 0.087 0.12 0.315 0.428 0.47 0.526 0.421 0.265 0.362 0.438 0.156 0.005 0.247 0.62 0.491 -0.155 -0.44 -0.744 -0.934 -1.008 -1.141 -1.114 -0.694 -0.203 -0.154 -0.554 -0.908 -1.327 -1.233 -1.143 -0.832 -1.412 -1.427 -1.198 -0.939 -0.752 -0.533 -0.849 -1.115 -1.348 -1.623 -1.607 -1.518 -1.247 -0.755 -0.421 -0.753 -1.208 -0.927 -0.616 -1.108
-1.217 -1.692 -2.23 -2.372 -2.096 -1.911 -2.052 -1.792 -1.559 -1.461 -1.464 -1.161 -0.698 -0.768 -0.91 -0.635 -0.357 -0.221 0.093 -0.059 -0.013 -0.129 -0.086 -0.263 -0.102 0.211 0.445 0.464 0.487 0.495 0.445 0.404 0.15 -0.157 0.037 0.433 0.066 -0.433 -0.052 0.461 0.628 0.147 -0.362 -0.446 -0.61 -0.87 -1.22 -1.215 -0.829 -0.348 -0.151 -0.445 -0.737 -1.193 -1.447 -1.238 -1.132 -1.436 -1.254 -1.011 -0.823 -0.629 -0.673 -1.105 -1.489 -1.707 -1.595 -1.395 -1.284 -0.997 -0.537 -0.486 -0.976 -1.372 -1.436 -0.803 -0.801
-0.986 -1.558 -1.869 -1.965 -1.893 -1.526 -1.849 -2.039 -1.862 -1.579 -1.435 -1.143 -0.746 -0.422 -0.527 -0.426 -0.131 0.027 0.264 0.329 0.378 0.296 0.348 0.241 0.319 0.472 0.601 0.555 0.364 0.162 -0.001 0.059 -0.163 -0.51 -0.12 0.167 0.161 -0.582 -0.357 0.154 0.541 0.387 -0.23 -0.087 -0.331 -0.819 -1.333 -1.266 -0.842 -0.567 -0.294 -0.274 -0.591 -1.068 -1.596 -1.394 -1.433 -1.327 -1.064 -0.881 -0.802 -0.604 -0.964 -1.312 -1.566 -1.579 -1.524 -1.295 -0.958 -0.626 -0.369 -0.621 -0.975 -1.383 -1.565 -1.269 -0.802
-0.882 -1.465 -1.675 -1.88 -1.897 -1.516 -1.251 -1.575 -1.395 -1.174 -0.974 -0.657 -0.362 -0.203 -0.186 -0.168 0.007 0.284 0.442 0.387 0.31 0.315 0.43 0.491 0.555 0.577 0.51 0.243 -0.231 -0.488 -0.475 -0.32 -0.29 -0.63 -0.43 -0.234 0.192 -0.419 -0.568 -0.254 0.185 0.647 0.31 0.159 -0.3 -0.62 -1.121 -1.342 -1.166 -0.92 -0.602 -0.315 -0.506 -0.981 -1.569 -1.649 -1.644 -1.338 -1.023 -1.16 -1.09 -0.761 -1.248 -1.545 -1.718 -1.632 -1.216 -1.06 -0.763 -0.415 -0.563 -0.689 -0.681 -1.121 -1.516 -1.536 -1.126
-0.818 -1.457 -1.764 -1.651 -1.485 -1.436 -0.938 -0.824 -0.81 -0.701 -0.507 -0.32 -0.053 0.043 0.098 0.136 0.326 0.397 0.176 0.029 -0.07 -0.115 -0.081 0.088 0.377 0.488 0.192 -0.259 -0.621 -0.836 -0.778 -0.677 -0.528 -1.037 -0.923 -0.371 0.109 -0.324 -0.768 -0.321 0.273 0.699 0.6 0.33 -0.153 -0.455 -0.723 -1.184 -1.457 -1.059 -0.704 -0.424 -0.532 -0.974 -1.521 -1.734 -1.562 -1.391 -1.227 -1.375 -0.988 -1.246 -1.31 -1.559 -1.59 -1.389 -1.243 -0.924 -0.49 -0.444 -0.846 -1.091 -0.68 -0.902 -1.347 -1.579 -1.455
-0.626 -1.139 -1.598 -1.3 -1.112 -0.974 -0.757 -0.255 -0.21 -0.149 -0.077 0.05 0.259 0.348 0.352 0.296 0.241 -0.014 -0.173 -0.283 -0.429 -0.524 -0.4 -0.136 0.125 0.471 0.086 -0.454 -0.728 -0.978 -1.228 -1.232 -1.003 -1.165 -0.92 -0.527 -0.05 -0.455 -0.795 -0.294 0.189 0.631 0.642 0.484 0.122 -0.304 -0.613 -1.087 -1.385 -1.02 -0.622 -0.405 -0.615 -1.059 -1.617 -1.92 -1.676 -1.685 -1.673 -1.273 -1.245 -1.6 -1.486 -1.586 -1.471 -1.196 -0.94 -0.7 -0.37 -0.591 -1.024 -1.332 -1.003 -0.833 -1.252 -1.618 -1.642
-0.682 -0.715 -1.315 -0.98 -0.761 -0.391 -0.239 0.127 0.301 0.324 0.334 0.326 0.149 0.035 -0.005 -0.081 -0.117 -0.307 -0.45 -0.542 -0.675 -0.813 -0.622 -0.377 -0.086 0.371 0.15 -0.125 -0.249 -0.587 -1.19 -1.692 -1.424 -1.128 -0.598 -0.294 -0.186 -0.743 -0.795 -0.323 0.132 0.571 0.705 0.579 0.343 -0.285 -0.874 -1.267 -1.288 -0.881 -0.504 -0.365 -0.651 -1.126 -1.683 -1.84 -1.942 -1.786 -1.533 -1.228 -1.543 -1.773 -1.593 -1.401 -1.368 -1.226 -1.236 -0.81 -0.391 -0.739 -1.12 -1.531 -1.368 -0.906 -1.066 -1.548 -1.721
-0.818 -0.404 -0.871 -0.605 -0.317 0.027 0.233 0.374 0.286 0.319 0.16 -0.089 -0.379 -0.478 -0.336 -0.433 -0.455 -0.57 -0.767 -0.846 -0.99 -0.781 -0.546 -0.287 -0.009 0.382 0.178 -0.035 -0.202 -0.551 -1.151 -1.757 -1.516 -1.058 -0.366 -0.16 -0.572 -0.993 -0.748 -0.341 0.099 0.536 0.723 0.648 0.462 -0.241 -0.807 -0.994 -1.214 -0.795 -0.47 -0.341 -0.527 -1.068 -1.423 -1.677 -1.782 -1.551 -1.401 -1.603 -1.767 -1.613 -1.379 -0.94 -1.069 -1.023 -0.984 -0.55 -0.455 -1 -1.263 -1.638 -1.654 -1.092 -0.927 -1.512 -1.725
-0.633 -0.141 -0.263 -0.085 0.079 0.347 0.369 -0.002 -0.271 -0.074 -0.397 -0.648 -0.878 -0.881 -0.568 -0.742 -0.71 -0.681 -1.044 -0.981 -0.744 -0.507 -0.279 -0.06 0.238 0.285 -0.1 -0.48 -0.595 -0.926 -1.516 -1.767 -1.234 -0.87 -0.277 -0.35 -0.96 -0.938 -0.643 -0.348 0.037 0.454 0.705 0.689 0.52 -0.016 -0.365 -0.799 -1.226 -0.784 -0.516 -0.33 -0.44 -1.057 -1.307 -1.704 -1.612 -1.573 -1.61 -1.551 -1.38 -1.282 -1.118 -0.674 -0.642 -0.69 -0.685 -0.312 -0.574 -1.035 -1.438 -1.727 -1.833 -1.304 -0.925 -1.272 -1.577
-0.247 0.18 0.227 0.267 0.291 0.34 -0.017 -0.595 -0.784 -0.496 -0.688 -1.113 -1.194 -1.047 -0.734 -0.973 -0.977 -0.896 -1.025 -0.801 -0.526 -0.288 -0.051 0.172 0.324 0.071 -0.169 -0.595 -0.869 -1.094 -1.578 -1.581 -0.971 -0.557 -0.17 -0.515 -1.001 -0.857 -0.575 -0.291 0.069 0.413 0.657 0.702 0.568 0.184 -0.319 -0.523 -1.023 -0.81 -0.497 -0.265 -0.389 -1.068 -1.681 -1.693 -1.536 -1.194 -1.241 -1.003 -0.869 -0.881 -0.732 -0.489 -0.257 -0.391 -0.434 -0.569 -0.69 -1.003 -1.403 -1.686 -1.89 -1.496 -1.182 -1.42 -1.293
0.157 0.018 -0.119 -0.146 -0.237 -0.014 -0.36 -0.833 -0.962 -1.014 -0.873 -1.45 -1.417 -1.134 -0.889 -1.068 -1.181 -1.166 -1.009 -0.647 -0.383 -0.103 0.102 0.309 0.188 -0.115 -0.239 -0.483 -0.76 -1.017 -1.366 -1.452 -0.925 -0.466 -0.155 -0.816 -0.985 -0.828 -0.564 -0.285 0.029 0.341 0.559 0.69 0.625 0.484 0.052 -0.313 -0.685 -0.556 -0.324 -0.175 -0.34 -0.868 -1.574 -1.495 -1.362 -0.93 -0.848 -0.716 -0.456 -0.573 -0.413 -0.209 -0.115 -0.356 -0.498 -1.054 -0.957 -1.002 -1.376 -1.623 -1.762 -1.457 -1.602 -1.811 -1.443
-0.288 -0.532 -0.614 -0.627 -0.815 -0.184 -0.371 -0.759 -1.194 -1.388 -1.232 -1.716 -1.486 -1.189 -1.089 -1.275 -1.158 -1.127 -0.86 -0.582 -0.234 0.029 0.228 0.269 -0.127 -0.58 -0.396 -0.491 -0.777 -1.068 -1.449 -1.367 -0.927 -0.444 -0.305 -0.984 -0.951 -0.73 -0.495 -0.236 0.021 0.307 0.53 0.582 0.262 0.273 0.353 0.239 -0.142 -0.034 0.072 -0.19 -0.27 -0.631 -1.263 -1.301 -0.945 -0.642 -0.485 -0.539 -0.216 -0.242 -0.041 -0.024 -0.372 -0.74 -1.027 -1.332 -1.334 -1.03 -1.415 -1.821 -1.711 -1.673 -1.932 -1.889 -1.842
-0.808 -1.069 -1.135 -1.113 -0.894 -0.327 -0.216 -0.598 -1.164 -1.7 -1.604 -1.833 -1.639 -1.348 -1.221 -1.423 -1.235 -1.008 -0.703 -0.446 -0.087 0.126 0.178 0.107 -0.412 -0.846 -0.844 -0.438 -0.685 -1.095 -1.526 -1.185 -0.761 -0.345 -0.589 -1.002 -0.806 -0.549 -0.35 -0.131 0.12 0.155 0.33 0.417 -0.06 -0.348 -0.289 0.086 0.313 0.301 0.235 -0.078 -0.101 -0.304 -0.746 -0.777 -0.464 -0.22 -0.175 -0.187 0.092 0.137 0.068 -0.303 -0.932 -1.238 -1.435 -1.553 -1.531 -1.36 -1.641 -1.719 -1.902 -2.024 -1.667 -1.73 -1.801
-1.022 -1.282 -1.389 -1.023 -0.698 -0.443 -0.152 -0.618 -1.251 -1.699 -1.839 -1.768 -1.598 -1.344 -1.323 -1.361 -1.194 -0.901 -0.503 -0.213 0.001 -0.098 -0.041 -0.013 -0.632 -1.096 -1.223 -0.817 -0.703 -1.123 -1.423 -1.004 -0.539 -0.287 -0.672 -0.897 -0.745 -0.419 -0.173 -0.076 -0.183 -0.451 -0.074 0.28 -0.078 -0.774 -0.827 -0.363 -0.138 0.133 0.28 0.246 0.137 -0.001 -0.247 -0.228 -0.037 0.166 0.179 0.237 0.262 0.232 0.079 -0.603 -1.17 -1.355 -1.399 -1.669 -1.656 -1.587 -1.505 -1.652 -1.899 -1.753 -1.476 -1.974 -1.825
-0.733 -1.333 -1.582 -1.239 -0.93 -0.909 -0.603 -0.358 -0.803 -1.346 -1.811 -1.733 -1.56 -1.346 -1.158 -0.992 -0.799 -0.552 -0.197 -0.138 -0.247 -0.594 -0.24 -0.09 -0.654 -1.056 -1.283 -1.179 -1.022 -1.391 -1.229 -0.829 -0.387 -0.744 -0.737 -0.79 -1.045 -0.707 -0.553 -0.59 -0.767 -0.942 -0.48 0.2 -0.091 -0.554 -0.862 -0.563 -0.619 -0.434 -0.12 0.22 0.361 0.294 0.22 0.199 0.218 0.248 0.197 0.185 -0.104 -0.126 0.083 -0.3 -0.738 -0.801 -0.986 -1.324 -1.239 -1.259 -1.596 -1.893 -1.582 -1.195 -1.464 -1.961 -1.792
-0.802 -1.433 -1.817 -1.473 -1.19 -1.275 -1.127 -0.445 -0.439 -1.109 -1.65 -1.63 -1.453 -1.267 -1.144 -0.829 -0.521 -0.241 -0.236 -0.51 -0.745 -1.001 -0.436 -0.014 -0.381 -0.783 -1.226 -1.474 -1.495 -1.373 -0.98 -0.613 -0.664 -1.118 -1.202 -0.863 -1.451 -1.258 -1.146 -1.109 -1.168 -0.949 -0.543 0.179 -0.186 -0.787 -1.176 -0.954 -1.014 -0.771 -0.398 -0.109 0.218 0.38 0.23 0 -0.052 -0.111 -0.302 -0.232 -0.69 -0.581 -0.426 -0.051 -0.065 -0.519 -0.988 -1.119 -1.116 -1.555 -1.524 -1.31 -1.145 -1.03 -1.595 -2.004 -1.738
-0.869 -1.369 -1.828 -1.657 -1.537 -1.455 -1.221 -0.705 -0.395 -1.07 -1.691 -1.693 -1.43 -1.301 -1.29 -0.855 -0.441 -0.315 -0.579 -1.048 -1.13 -1.196 -0.626 -0.101 -0.428 -1.071 -1.559 -1.861 -1.603 -1.184 -0.792 -0.538 -0.857 -1.389 -1.469 -1.208 -1.886 -1.764 -1.491 -1.215 -0.973 -0.661 -0.349 0.164 -0.044 -0.686 -1.247 -1.263 -1.198 -0.892 -0.623 -0.35 -0.026 0.251 -0.013 -0.582 -0.596 -0.762 -0.812 -0.578 -1.032 -0.815 -1.03 -0.691 -0.075 -0.159 -0.735 -1.08 -0.894 -0.942 -0.781 -0.78 -0.837 -1.048 -1.436 -1.781 -1.783
-0.999 -1.31 -1.781 -1.675 -1.435 -1.327 -1.226 -1.011 -0.825 -0.992 -1.658 -1.732 -1.317 -1.063 -1.003 -0.666 -0.374 -0.763 -1.012 -1.218 -1.577 -1.432 -0.984 -0.294 -0.728 -1.085 -1.327 -1.847 -1.66 -1.229 -0.742 -0.762 -1.28 -1.752 -1.651 -1.556 -1.851 -1.588 -1.252 -1.002 -0.758 -0.418 -0.006 0.304 -0.082 -0.592 -1.049 -1.373 -1.281 -1.013 -0.826 -0.518 -0.215 0.049 -0.102 -0.874 -1.04 -1.113 -1.213 -0.985 -1.254 -1.039 -1.157 -1.284 -0.602 -0.193 -0.302 -0.487 -0.476 -0.693 -1 -1.257 -1.298 -1.108 -1.545 -1.942 -1.974
-1.195 -1.256 -1.664 -1.61 -1.376 -1.528 -1.683 -1.684 -1.626 -1.141 -1.505 -1.632 -1.357 -1.048 -0.697 -0.582 -0.517 -1.072 -1.529 -1.465 -1.765 -1.558 -0.97 -0.282 -0.768 -1.188 -1.18 -1.623 -1.584 -1.145 -0.747 -0.926 -1.735 -2.043 -1.789 -1.732 -1.651 -1.367 -1.135 -0.794 -0.489 -0.162 0.211 0.282 -0.361 -0.864 -1.155 -1.484 -1.437 -1.172 -1.026 -0.694 -0.384 -0.018 0.009 -0.641 -1.216 -1.452 -1.541 -1.367 -1.538 -1.358 -1.172 -1.405 -0.951 -0.498 -0.17 -0.269 -0.692 -1.171 -1.491 -1.655 -1.698 -1.204 -1.598 -2.086 -2.282
-1.437 -1.546 -1.899 -1.983 -1.598 -1.902 -2.056 -2.148 -1.923 -1.388 -1.359 -1.604 -1.242 -0.956 -1.067 -0.85 -0.703 -1.25 -1.724 -1.967 -1.812 -1.326 -0.766 -0.222 -0.595 -1.401 -1.641 -1.8 -1.537 -1.122 -0.739 -0.98 -1.895 -2.009 -1.712 -1.585 -1.414 -1.264 -1.061 -0.719 -0.336 -0.026 0.273 0.119 -0.699 -1.314 -1.373 -1.638 -1.576 -1.426 -1.362 -0.884 -0.402 -0.035 0.124 -0.482 -1.088 -1.545 -1.892 -1.799 -1.72 -1.66 -1.381 -1.666 -1.392 -1.072 -0.527 -0.32 -0.777 -1.148 -1.412 -1.654 -1.78 -1.409 -1.594 -2.081 -2.284
