data/climatemaps/RS_maps/climate_breeding_pr_2018.asc
NCOLS 369 
NROWS 228 
XLLCORNER 479000 
YLLCORNER 73000 
CELLSIZE 1000 
NODATA_value -9 
[rows 165 to 197 of 228, columns 0 to 73 of 369]
-9 -9 -9 -9 -9 -0.687 -0.652 -0.636 -0.634 -0.634 -0.632 -0.64 -0.664 -0.704 -0.749 -0.775 -0.784 -0.795 -0.83 -0.896 -0.983 -1.072 -1.146 -1.192 -1.211 -1.215 -1.215 -1.217 -1.221 -1.222 -1.216 -1.196 -1.16 -1.113 -1.067 -1.033 -1.022 -1.031 -1.042 -1.048 -1.042 -1.026 -1.001 -0.975 -0.949 -0.924 -0.903 -0.886 -0.875 -0.856 -0.817 -0.772 -0.731 -0.692 -0.672 -0.667 -0.673 -0.692 -0.713 -0.733 -0.747 -0.72 -0.71 -0.693 -0.633 -0.597 -0.556 -0.493 -0.498 -0.553 -0.656 -0.748 -0.687 -0.654
-9 -9 -9 -9 -9 -9 -0.67 -0.659 -0.652 -0.645 -0.635 -0.645 -0.685 -0.752 -0.825 -0.877 -0.901 -0.912 -0.932 -0.971 -1.04 -1.109 -1.163 -1.195 -1.21 -1.215 -1.217 -1.222 -1.227 -1.23 -1.222 -1.198 -1.155 -1.101 -1.049 -1.009 -0.992 -0.996 -1.004 -1.005 -0.997 -0.978 -0.949 -0.919 -0.89 -0.86 -0.838 -0.82 -0.803 -0.785 -0.768 -0.72 -0.675 -0.64 -0.631 -0.634 -0.647 -0.668 -0.693 -0.72 -0.733 -0.73 -0.725 -0.704 -0.665 -0.595 -0.503 -0.482 -0.51 -0.542 -0.537 -0.533 -0.442 -0.397
-9 -9 -9 -9 -9 -9 -0.683 -0.678 -0.669 -0.651 -0.63 -0.647 -0.71 -0.81 -0.913 -0.989 -1.022 -1.028 -1.029 -1.046 -1.089 -1.132 -1.169 -1.195 -1.209 -1.217 -1.223 -1.229 -1.237 -1.238 -1.227 -1.197 -1.147 -1.089 -1.033 -0.988 -0.963 -0.955 -0.953 -0.949 -0.937 -0.915 -0.886 -0.855 -0.824 -0.796 -0.774 -0.754 -0.736 -0.716 -0.705 -0.671 -0.637 -0.617 -0.615 -0.624 -0.646 -0.678 -0.716 -0.74 -0.734 -0.723 -0.703 -0.694 -0.662 -0.549 -0.446 -0.446 -0.443 -0.451 -0.374 -0.335 -0.275 -0.277
-9 -9 -9 -9 -9 -9 -0.695 -0.695 -0.682 -0.653 -0.626 -0.652 -0.738 -0.865 -0.993 -1.084 -1.124 -1.125 -1.112 -1.114 -1.129 -1.149 -1.173 -1.195 -1.211 -1.221 -1.231 -1.24 -1.247 -1.246 -1.23 -1.192 -1.137 -1.078 -1.02 -0.97 -0.931 -0.905 -0.889 -0.877 -0.863 -0.842 -0.82 -0.792 -0.759 -0.733 -0.709 -0.692 -0.675 -0.655 -0.623 -0.586 -0.584 -0.616 -9 -9 -9 -0.722 -0.769 -0.778 -0.751 -0.714 -0.665 -0.65 -0.607 -0.541 -0.486 -0.417 -0.389 -0.366 -0.293 -0.269 -0.253 -0.275
-9 -9 -9 -9 -0.652 -0.685 -0.709 -0.709 -0.689 -0.653 -0.628 -0.666 -0.771 -0.916 -1.054 -1.151 -1.194 -1.196 -1.178 -1.164 -1.159 -1.164 -1.181 -1.2 -1.216 -1.23 -1.243 -1.253 -1.258 -1.252 -1.228 -1.184 -1.128 -1.069 -1.008 -0.947 -0.89 -0.843 -0.809 -0.789 -0.774 -0.762 -0.753 -0.737 -0.703 -0.667 -0.646 -0.631 -0.61 -0.573 -0.522 -0.463 -9 -9 -9 -9 -9 -0.732 -0.772 -0.802 -0.805 -0.781 -0.715 -0.675 -0.609 -0.557 -0.527 -0.458 -0.426 -0.399 -0.271 -0.237 -0.237 -0.259
-9 -9 -0.553 -0.594 -0.642 -0.688 -0.717 -0.715 -0.69 -0.655 -0.64 -0.694 -0.816 -0.968 -1.103 -1.198 -1.242 -1.245 -1.224 -1.2 -1.184 -1.181 -1.193 -1.209 -1.226 -1.244 -1.258 -1.267 -1.268 -1.255 -1.221 -1.173 -1.118 -1.057 -0.989 -0.916 -0.838 -0.768 -0.715 -0.691 -0.683 -0.683 -0.69 -0.692 -0.65 -0.613 -0.596 -0.571 -0.535 -0.47 -9 -9 -9 -9 -9 -9 -9 -9 -0.682 -0.724 -0.771 -0.827 -0.806 -0.745 -0.675 -0.61 -0.59 -0.537 -0.465 -0.408 -0.34 -0.302 -0.292 -0.308
-9 -0.514 -0.541 -0.584 -0.636 -0.69 -0.713 -0.709 -0.682 -0.66 -0.669 -0.744 -0.875 -1.022 -1.146 -1.232 -1.271 -1.273 -1.25 -1.224 -1.204 -1.197 -1.206 -1.222 -1.242 -1.262 -1.276 -1.282 -1.276 -1.252 -1.211 -1.16 -1.104 -1.04 -0.964 -0.873 -0.766 -0.664 -0.601 -0.603 -0.611 -0.622 -0.642 -0.658 -0.625 -0.588 -0.554 -0.505 -0.436 -9 -9 -9 -9 -9 -9 -9 -9 -9 -0.635 -0.633 -0.692 -0.78 -0.846 -0.806 -0.739 -0.689 -0.644 -0.575 -0.495 -0.479 -0.478 -0.389 -0.323 -0.298
-0.505 -0.516 -0.543 -0.584 -0.638 -0.681 -0.701 -0.694 -0.672 -0.673 -0.717 -0.814 -0.949 -1.081 -1.186 -1.258 -1.286 -1.284 -1.261 -1.236 -1.218 -1.213 -1.221 -1.24 -1.262 -1.282 -1.295 -1.296 -1.281 -1.245 -1.197 -1.143 -1.083 -1.016 -0.928 -0.813 -0.699 -0.6 -0.549 -0.553 -0.567 -0.586 -0.615 -0.632 -0.613 -9 -9 -9 -9 -9 -9 -9 -9 -9 -9 -9 -9 -9 -0.634 -0.587 -0.612 -0.716 -0.806 -0.75 -0.715 -0.709 -0.674 -0.627 -0.589 -0.581 -0.593 -0.51 -0.424 -0.363
-0.516 -0.528 -0.555 -0.594 -0.642 -0.672 -0.685 -0.679 -0.672 -0.703 -0.782 -0.9 -1.029 -1.141 -1.225 -1.277 -1.292 -1.283 -1.262 -1.242 -1.229 -1.228 -1.239 -1.26 -1.283 -1.302 -1.313 -1.307 -1.281 -1.236 -1.182 -1.123 -1.06 -0.99 -0.892 -0.775 -0.665 -0.578 -0.535 -0.529 -0.538 -0.563 -0.592 -0.603 -0.587 -9 -9 -9 -9 -9 -9 -9 -9 -9 -9 -9 -9 -9 -0.598 -0.533 -0.559 -0.717 -0.773 -0.7 -0.664 -0.67 -0.717 -0.766 -0.766 -0.752 -0.733 -0.668 -0.567 -0.463
-0.536 -0.549 -0.577 -0.614 -0.649 -0.669 -0.671 -0.672 -0.691 -0.755 -0.863 -0.991 -1.107 -1.2 -1.261 -1.293 -1.294 -1.279 -1.261 -1.247 -1.24 -1.243 -1.258 -1.281 -1.305 -1.323 -1.329 -1.314 -1.277 -1.226 -1.166 -1.102 -1.037 -0.965 -0.864 -0.75 -0.648 -0.568 -0.516 -0.501 -0.507 -0.529 -0.549 -0.551 -0.521 -9 -9 -9 -9 -9 -9 -9 -9 -9 -9 -9 -9 -9 -9 -0.58 -0.61 -0.679 -0.714 -0.729 -0.701 -0.705 -0.794 -0.858 -0.841 -0.8 -0.749 -0.719 -0.671 -0.565
-0.564 -0.58 -0.608 -0.641 -0.665 -0.67 -0.665 -0.682 -0.733 -0.829 -0.954 -1.078 -1.18 -1.252 -1.291 -1.305 -1.295 -1.278 -1.263 -1.254 -1.251 -1.259 -1.277 -1.303 -1.327 -1.343 -1.343 -1.316 -1.27 -1.214 -1.15 -1.082 -1.017 -0.944 -0.846 -0.734 -0.634 -0.547 -0.486 -0.462 -0.459 -0.466 -0.468 -0.455 -0.411 -9 -9 -9 -9 -9 -9 -9 -9 -9 -9 -9 -9 -9 -9 -9 -0.606 -0.612 -0.64 -0.685 -0.711 -0.78 -0.796 -0.786 -0.75 -0.708 -0.62 -0.622 -0.661 -0.654
-0.602 -0.623 -0.65 -0.674 -0.683 -0.678 -0.676 -0.713 -0.796 -0.917 -1.044 -1.156 -1.241 -1.295 -1.315 -1.314 -1.297 -1.281 -1.269 -1.263 -1.264 -1.276 -1.299 -1.326 -1.35 -1.361 -1.352 -1.316 -1.264 -1.203 -1.134 -1.066 -1.001 -0.929 -0.833 -0.722 -0.611 -0.508 -0.437 -0.401 -0.384 -0.366 -0.34 -0.31 -0.275 -0.227 -9 -9 -9 -9 -9 -9 -9 -9 -9 -9 -9 -9 -9 -9 -0.632 -0.588 -0.57 -0.538 -0.583 -0.693 -0.717 -0.679 -0.633 -0.57 -0.487 -0.489 -0.498 -0.572
-0.653 -0.68 -0.702 -0.709 -0.702 -0.696 -0.709 -0.769 -0.877 -1.005 -1.125 -1.223 -1.289 -1.325 -1.332 -1.322 -1.305 -1.29 -1.28 -1.277 -1.281 -1.298 -1.323 -1.35 -1.372 -1.376 -1.358 -1.316 -1.259 -1.193 -1.122 -1.053 -0.989 -0.917 -0.822 -0.703 -0.563 -0.437 -0.352 -0.304 -0.269 -0.231 -0.192 -0.173 -0.169 -0.184 -9 -9 -9 -9 -9 -9 -9 -9 -9 -9 -9 -9 -9 -9 -9 -0.594 -0.575 -0.485 -0.506 -0.587 -0.673 -0.654 -0.56 -0.408 -0.333 -0.345 -0.36 -0.485
-0.708 -0.745 -0.75 -0.741 -0.724 -0.727 -0.762 -0.844 -0.963 -1.087 -1.194 -1.276 -1.324 -1.346 -1.344 -1.333 -1.317 -1.303 -1.294 -1.293 -1.301 -1.322 -1.348 -1.374 -1.392 -1.388 -1.362 -1.318 -1.258 -1.187 -1.116 -1.048 -0.982 -0.908 -0.809 -0.67 -0.485 -0.329 -0.226 -0.166 -0.128 -0.087 -0.061 -0.098 -0.134 -0.184 -9 -9 -9 -9 -9 -9 -9 -9 -9 -9 -9 -9 -9 -9 -0.744 -0.728 -0.648 -0.494 -0.465 -0.532 -0.517 -0.56 -0.524 -0.398 -0.332 -0.361 -0.411 -0.485
-0.762 -0.792 -0.785 -0.768 -0.753 -0.772 -0.83 -0.929 -1.048 -1.16 -1.251 -1.315 -1.348 -1.36 -1.356 -1.344 -1.329 -1.318 -1.313 -1.311 -1.321 -1.346 -1.373 -1.397 -1.41 -1.396 -1.366 -1.322 -1.261 -1.189 -1.118 -1.049 -0.979 -0.902 -0.79 -0.621 -0.398 -0.203 -0.091 -0.047 -0.031 0.01 0.003 -0.088 -0.162 -0.204 -9 -9 -9 -9 -9 -9 -9 -9 -9 -9 -9 -9 -9 -9 -0.828 -0.795 -0.68 -0.52 -0.481 -0.485 -0.398 -0.455 -0.489 -0.398 -0.343 -0.399 -0.372 -0.361
-0.809 -0.814 -0.803 -0.789 -0.79 -0.83 -0.907 -1.014 -1.124 -1.22 -1.293 -1.34 -1.362 -1.372 -1.366 -1.355 -1.343 -1.338 -1.334 -1.334 -1.347 -1.374 -1.4 -1.42 -1.423 -1.401 -1.372 -1.328 -1.27 -1.199 -1.127 -1.056 -0.983 -0.898 -0.767 -0.566 -0.313 -0.084 0.012 0.001 0.001 0.024 -0.022 -0.137 -0.217 -0.197 -9 -9 -9 -9 -9 -9 -9 -9 -9 -9 -9 -9 -9 -9 -0.83 -0.797 -0.708 -0.601 -0.482 -0.422 -0.372 -0.403 -0.403 -0.373 -0.381 -0.357 -0.261 -0.261
-0.828 -0.819 -0.808 -0.81 -0.836 -0.899 -0.99 -1.092 -1.188 -1.267 -1.322 -1.355 -1.374 -1.383 -1.377 -1.368 -1.362 -1.36 -1.359 -1.363 -1.38 -1.404 -1.426 -1.438 -1.428 -1.411 -1.384 -1.339 -1.28 -1.212 -1.141 -1.07 -0.995 -0.896 -0.74 -0.515 -0.263 -0.038 0.039 0.005 -0.027 -0.036 -0.118 -0.221 -0.245 -0.17 -9 -9 -9 -9 -9 -9 -9 -9 -9 -9 -9 -9 -9 -9 -0.757 -0.818 -0.78 -0.687 -0.558 -0.504 -0.437 -0.414 -0.414 -0.375 -0.393 -0.323 -0.213 -0.224
-0.821 -0.81 -0.808 -0.834 -0.888 -0.97 -1.066 -1.158 -1.239 -1.304 -1.345 -1.372 -1.389 -1.395 -1.391 -1.386 -1.385 -1.385 -1.387 -1.396 -1.412 -1.432 -1.449 -1.453 -1.442 -1.423 -1.39 -1.344 -1.287 -1.224 -1.158 -1.089 -1.005 -0.887 -0.718 -0.498 -0.252 -0.042 0.03 -0.016 -0.083 -0.131 -0.205 -0.265 -0.237 -9 -9 -9 -9 -9 -9 -9 -9 -9 -9 -9 -9 -9 -9 -0.392 -0.602 -0.797 -0.822 -0.747 -0.69 -0.684 -0.617 -0.567 -0.53 -0.431 -0.37 -0.307 -0.219 -0.264
-0.802 -0.791 -0.808 -0.864 -0.943 -1.037 -1.132 -1.211 -1.278 -1.332 -1.367 -1.391 -1.406 -1.41 -1.409 -1.407 -1.408 -1.409 -1.413 -1.425 -1.441 -1.456 -1.467 -1.465 -1.452 -1.426 -1.387 -1.341 -1.288 -1.231 -1.168 -1.102 -1.018 -0.885 -0.719 -0.511 -0.272 -0.086 -0.022 -0.072 -0.143 -0.181 -0.21 -0.251 -0.206 -9 -9 -9 -9 -9 -9 -9 -9 -9 -9 -9 -9 -9 -9 -0.238 -0.43 -0.725 -0.84 -0.856 -0.858 -0.802 -0.736 -0.649 -0.575 -0.491 -0.402 -0.281 -0.243 -0.285
-0.776 -0.77 -0.811 -0.897 -0.997 -1.097 -1.186 -1.254 -1.309 -1.356 -1.387 -1.409 -1.421 -1.425 -1.425 -1.424 -1.426 -1.429 -1.436 -1.449 -1.464 -1.474 -1.477 -1.47 -1.45 -1.415 -1.371 -1.323 -1.274 -1.224 -1.172 -1.117 -1.039 -0.92 -0.762 -0.56 -0.333 -0.166 -0.116 -0.152 -0.196 -0.199 -0.221 -0.237 -0.177 -9 -9 -9 -9 -9 -9 -9 -9 -9 -9 -9 -9 -9 -9 -0.111 -0.313 -0.62 -0.816 -0.911 -0.902 -0.821 -0.752 -0.671 -0.581 -0.488 -0.416 -0.292 -0.241 -0.249
-0.755 -0.757 -0.821 -0.93 -1.044 -1.148 -1.232 -1.293 -1.341 -1.38 -1.405 -1.423 -1.432 -1.435 -1.435 -1.435 -1.439 -1.445 -1.454 -1.468 -1.479 -1.484 -1.48 -1.462 -1.431 -1.384 -1.333 -1.286 -1.244 -1.201 -1.166 -1.128 -1.067 -0.97 -0.829 -0.645 -0.438 -0.28 -0.249 -0.253 -0.242 -0.22 -0.261 -0.232 -0.165 -9 -9 -9 -9 -9 -9 -9 -9 -9 -9 -9 -9 -9 -9 -0.059 -0.242 -0.519 -0.738 -0.883 -0.903 -0.835 -0.816 -0.766 -0.653 -0.497 -0.387 -0.288 -0.224 -0.232
-0.745 -0.752 -0.835 -0.958 -1.081 -1.187 -1.27 -1.33 -1.373 -1.402 -1.421 -1.434 -1.439 -1.441 -1.44 -1.441 -1.449 -1.457 -1.467 -1.477 -1.483 -1.481 -1.468 -1.436 -1.388 -1.326 -1.259 -1.21 -1.194 -1.172 -1.152 -1.131 -1.088 -1.016 -0.901 -0.747 -0.576 -0.433 -0.387 -0.315 -0.279 -0.29 -0.284 -0.21 -9 -9 -9 -9 -9 -9 -9 -9 -9 -9 -9 -9 -9 -9 -9 -0.058 -0.22 -0.426 -0.624 -0.781 -0.886 -0.86 -0.791 -0.715 -0.616 -0.465 -0.36 -0.271 -0.236 -0.271
-0.741 -0.753 -0.847 -0.977 -1.107 -1.217 -1.301 -1.362 -1.398 -1.421 -1.435 -1.444 -1.447 -1.446 -1.446 -1.448 -1.456 -1.463 -1.469 -1.475 -1.475 -1.464 -1.435 -1.384 -1.311 -1.226 -1.148 -1.113 -1.129 -1.135 -1.134 -1.126 -1.098 -1.049 -0.966 -0.851 -0.711 -0.581 -0.515 -0.402 -0.358 -0.368 -0.309 -9 -9 -9 -9 -9 -9 -9 -9 -9 -9 -9 -9 -9 -9 -9 0.002 -0.034 -0.157 -0.358 -0.527 -0.632 -0.814 -0.793 -0.671 -0.578 -0.514 -0.383 -0.306 -0.275 -0.278 -0.322
-0.742 -0.753 -0.851 -0.986 -1.122 -1.237 -1.323 -1.384 -1.417 -1.437 -1.448 -1.455 -1.456 -1.453 -1.454 -1.454 -1.456 -1.459 -1.46 -1.46 -1.453 -1.428 -1.378 -1.298 -1.183 -1.08 -1.037 -1.034 -1.057 -1.089 -1.109 -1.116 -1.104 -1.069 -1.006 -0.916 -0.809 -0.7 -0.603 -0.494 -0.458 -0.434 -0.335 -9 -9 -9 -9 -9 -9 -9 -9 -9 -9 -9 -9 -9 -9 -9 -0.102 -0.123 -0.243 -0.407 -0.478 -0.56 -0.703 -0.753 -0.694 -0.592 -0.504 -0.418 -0.333 -0.324 -0.357 -0.416
-0.751 -0.757 -0.855 -0.991 -1.129 -1.247 -1.335 -1.395 -1.427 -1.447 -1.457 -1.461 -1.46 -1.456 -1.454 -1.451 -1.447 -1.445 -1.442 -1.434 -1.414 -1.368 -1.287 -1.168 -1.029 -0.948 -0.941 -0.953 -0.984 -1.037 -1.076 -1.099 -1.102 -1.082 -1.035 -0.96 -0.861 -0.753 -0.663 -0.576 -0.533 -0.489 -9 -9 -9 -9 -9 -9 -9 -9 -9 -9 -9 -9 -9 -9 -9 -9 -0.217 -0.294 -0.417 -0.489 -0.483 -0.527 -0.604 -0.608 -0.722 -0.691 -0.61 -0.525 -0.389 -0.376 -0.391 -0.448
-0.78 -0.78 -0.872 -1 -1.131 -1.246 -1.332 -1.39 -1.422 -1.443 -1.452 -1.455 -1.452 -1.447 -1.441 -1.435 -1.427 -1.421 -1.412 -1.393 -1.357 -1.287 -1.169 -1.005 -0.893 -0.856 -0.865 -0.867 -0.913 -0.978 -1.033 -1.069 -1.086 -1.082 -1.055 -0.993 -0.891 -0.775 -0.688 -0.627 -0.574 -9 -9 -9 -9 -9 -9 -9 -9 -9 -9 -9 -9 -9 -9 -9 -9 -9 -0.415 -0.493 -0.527 -0.509 -0.514 -0.521 -0.557 -0.54 -0.608 -0.681 -0.651 -0.583 -0.456 -0.383 -0.396 -0.434
-0.836 -0.827 -0.904 -1.011 -1.124 -1.229 -1.309 -1.364 -1.398 -1.421 -1.431 -1.433 -1.43 -1.421 -1.412 -1.404 -1.394 -1.383 -1.366 -1.333 -1.278 -1.188 -1.047 -0.888 -0.813 -0.797 -0.79 -0.788 -0.847 -0.918 -0.982 -1.028 -1.058 -1.069 -1.059 -1.015 -0.921 -0.797 -0.699 -0.638 -9 -9 -9 -9 -9 -9 -9 -9 -9 -9 -9 -9 -9 -9 -9 -9 -9 -9 -9 -0.603 -0.586 -0.547 -0.563 -0.539 -0.563 -0.529 -0.569 -0.639 -0.608 -0.594 -0.468 -0.347 -0.329 -0.342
-0.906 -0.893 -0.938 -1.018 -1.108 -1.196 -1.269 -1.324 -1.361 -1.384 -1.395 -1.399 -1.393 -1.38 -1.369 -1.357 -1.345 -1.329 -1.3 -1.251 -1.18 -1.072 -0.931 -0.816 -0.761 -0.747 -0.722 -0.731 -0.789 -0.857 -0.922 -0.976 -1.018 -1.042 -1.048 -1.024 -0.953 -0.83 -9 -9 -9 -9 -9 -9 -9 -9 -9 -9 -9 -9 -9 -9 -9 -9 -9 -9 -9 -9 -9 -0.639 -0.647 -0.622 -0.611 -0.619 -0.607 -0.599 -0.674 -0.673 -0.654 -0.566 -0.473 -0.4 -0.302 -0.307
-0.982 -0.951 -0.963 -1.018 -1.084 -1.152 -1.217 -1.272 -1.312 -1.337 -1.348 -1.349 -1.339 -1.325 -1.309 -1.293 -1.28 -1.259 -1.219 -1.157 -1.074 -0.951 -0.821 -0.756 -0.719 -0.704 -0.667 -0.683 -0.731 -0.783 -0.85 -0.911 -0.965 -1.004 -1.027 -1.022 -0.978 -9 -9 -9 -9 -9 -9 -9 -9 -9 -9 -9 -9 -9 -9 -9 -9 -9 -9 -9 -9 -9 -9 -0.724 -0.699 -0.684 -0.709 -0.755 -0.724 -0.726 -0.817 -0.841 -0.762 -0.671 -0.561 -0.443 -0.367 -0.39
-1.045 -1.006 -0.988 -1.01 -1.052 -1.1 -1.155 -1.208 -1.251 -1.278 -1.288 -1.286 -1.272 -1.254 -1.234 -1.215 -1.2 -1.176 -1.133 -1.062 -0.961 -0.846 -0.763 -0.722 -0.691 -0.652 -0.629 -0.641 -0.654 -0.69 -0.761 -0.835 -0.902 -0.958 -0.997 -9 -9 -9 -9 -9 -9 -9 -9 -9 -9 -9 -9 -9 -9 -9 -9 -9 -9 -9 -9 -9 -9 -9 -9 -0.864 -0.821 -0.797 -0.834 -0.883 -0.862 -0.871 -0.958 -0.997 -0.865 -0.762 -0.64 -0.505 -0.417 -0.444
-1.094 -1.056 -1.014 -1.003 -1.015 -1.045 -1.091 -1.144 -1.19 -1.219 -1.23 -1.225 -1.206 -1.182 -1.156 -1.134 -1.121 -1.096 -1.048 -0.968 -0.855 -0.779 -0.742 -0.709 -0.668 -0.612 -0.595 -0.598 -0.576 -0.598 -0.665 -0.752 -0.831 -0.905 -9 -9 -9 -9 -9 -9 -9 -9 -9 -9 -9 -9 -9 -9 -9 -9 -9 -9 -9 -9 -9 -9 -9 -9 -9 -9 -0.981 -0.964 -0.978 -1.005 -1.017 -1.026 -1.069 -1.104 -0.942 -0.802 -0.666 -0.575 -0.537 -0.556
-1.122 -1.086 -1.039 -1.001 -0.987 -1.003 -1.045 -1.096 -1.144 -1.176 -1.189 -1.181 -1.158 -1.127 -1.094 -1.07 -1.054 -1.024 -0.958 -0.872 -0.805 -0.764 -0.738 -0.707 -0.649 -0.599 -0.57 -0.542 -0.513 -0.518 -0.568 -0.661 -0.753 -9 -9 -9 -9 -9 -9 -9 -9 -9 -9 -9 -9 -9 -9 -9 -9 -9 -9 -9 -9 -9 -9 -9 -9 -9 -9 -9 -1.023 -1.034 -1.053 -1.081 -1.11 -1.138 -1.167 -1.154 -0.989 -0.862 -0.746 -0.705 -0.693 -0.707
-1.132 -1.103 -1.062 -1.012 -0.977 -0.983 -1.027 -1.079 -1.124 -1.157 -1.17 -1.162 -1.139 -1.107 -1.069 -1.037 -1.01 -0.968 -0.891 -0.819 -0.792 -0.772 -0.751 -0.704 -0.64 -0.589 -0.546 -0.503 -0.461 -0.447 -0.483 -0.573 -9 -9 -9 -9 -9 -9 -9 -9 -9 -9 -9 -9 -9 -9 -9 -9 -9 -9 -9 -9 -9 -9 -9 -9 -9 -9 -9 -9 -9 -0.982 -1.019 -1.063 -1.113 -1.173 -1.223 -1.19 -1.097 -0.994 -0.889 -0.893 -0.87 -0.904
