data/climatemaps/RS_maps/climate_winter_tmin_2008.asc
NCOLS 369 
NROWS 228 
XLLCORNER 479000 
YLLCORNER 73000 
CELLSIZE 1000 
NODATA_value -9 
[rows 102 to 135 of 228, columns 228 to 303 of 369]
-0.257 -0.709 -0.772 -0.826 -0.917 -1.011 -1.061 -1.218 -0.996 -0.626 -0.116 0.322 0.456 0.098 -0.521 -0.533 -0.681 -0.979 -1.169 -1.069 -1.071 -0.969 -0.76 -0.448 -0.037 0.01 -0.367 -0.459 -0.634 -0.954 -1.532 -1.578 -1.244 -0.951 -0.835 -0.783 -0.715 -0.643 -0.553 -0.595 -0.942 -0.994 -0.681 -0.907 -0.766 -0.392 -0.033 -0.205 -0.8 -0.706 -0.354 -0.131 0.112 0.408 0.421 0.252 -0.251 -0.626 -0.449 -0.446 -0.784 -0.81 -0.537 -0.245 -0.231 -0.34 -0.179 -0.054 0.015 0.009 0.017 -0.033 -0.089 -0.239 -0.474 -0.72
-0.287 -0.702 -0.781 -0.769 -0.756 -0.87 -1.146 -1.066 -0.789 -0.512 0.007 0.461 0.219 -0.043 -0.523 -0.923 -0.996 -1.137 -1.359 -1.263 -0.909 -0.71 -0.501 -0.251 -0.033 -0.054 -0.28 -0.615 -0.839 -1.293 -1.807 -1.655 -1.23 -1.012 -1.049 -1.159 -1.068 -1.051 -0.884 -0.724 -0.569 -0.494 -0.316 -0.258 -0.199 -0.017 -0.162 -0.739 -1.011 -0.957 -0.642 -0.285 0.021 0.399 0.403 0.144 -0.268 -0.636 -0.733 -0.498 -0.718 -0.937 -0.687 -0.455 -0.314 -0.563 -0.555 -0.4 -0.195 -0.247 -0.267 -0.21 -0.125 -0.07 -0.175 -0.387
-0.178 -0.412 -0.727 -0.82 -1.076 -1.04 -0.769 -0.47 -0.332 -0.134 0.239 0.333 -0.197 -0.372 -0.301 -0.731 -1.118 -1.23 -1.229 -1.13 -0.869 -0.472 -0.209 -0.103 -0.262 -0.518 -0.474 -0.863 -1.204 -1.556 -1.722 -1.692 -1.522 -1.4 -1.485 -1.669 -1.687 -1.736 -1.553 -1.312 -1.242 -1.358 -1.178 -0.748 -0.158 -0.164 -0.865 -1.465 -1.285 -0.982 -0.66 -0.278 0.124 0.413 0.367 0.101 -0.225 -0.624 -0.923 -0.62 -0.693 -1.006 -0.866 -0.657 -0.418 -0.743 -0.891 -0.707 -0.391 -0.549 -0.677 -0.543 -0.397 -0.296 -0.215 -0.113
-0.422 -0.93 -1.039 -1.08 -0.922 -0.499 -0.302 -0.341 -0.385 -0.26 0.206 0.218 -0.253 -0.732 -0.46 -0.532 -1.05 -1.212 -1.029 -0.806 -0.623 -0.34 -0.168 -0.398 -0.853 -0.987 -0.801 -1.159 -1.432 -1.516 -1.563 -1.552 -1.534 -1.321 -1.365 -1.629 -1.721 -1.813 -1.874 -1.856 -1.728 -1.223 -0.885 -0.541 -0.092 -0.465 -1.103 -1.486 -1.184 -0.947 -0.578 -0.086 0.311 0.379 0.294 0.074 -0.309 -0.571 -0.934 -0.761 -0.877 -1.144 -1.023 -0.696 -0.602 -0.796 -1.133 -0.914 -0.635 -0.798 -0.924 -0.835 -0.701 -0.588 -0.464 -0.242
-0.641 -1.023 -1.067 -0.756 -0.407 -0.335 -0.492 -0.693 -0.784 -0.508 0.148 0.117 -0.429 -0.901 -0.789 -0.551 -1.144 -1.29 -0.94 -0.587 -0.453 -0.34 -0.598 -0.924 -1.372 -1.31 -1.153 -1.559 -1.458 -1.291 -1.381 -1.448 -1.278 -1.117 -1.067 -1.324 -1.513 -1.686 -1.703 -1.47 -1.443 -1.153 -0.796 -0.342 -0.186 -0.709 -1.413 -1.329 -1.104 -0.831 -0.457 0.052 0.375 0.316 0.199 0.006 -0.411 -0.725 -0.983 -0.952 -1.216 -1.213 -0.99 -0.772 -0.922 -0.98 -1.263 -1.023 -0.917 -0.977 -1.153 -1.019 -0.869 -0.784 -0.77 -0.695
-1.066 -1.188 -0.829 -0.429 -0.446 -0.661 -0.821 -0.795 -0.727 -0.395 0.154 -0.141 -0.676 -1.246 -1.094 -0.803 -1.441 -1.395 -1.036 -0.851 -0.772 -0.548 -1.084 -1.627 -1.689 -1.567 -1.544 -1.694 -1.493 -1.171 -1.286 -1.462 -1.512 -1.451 -1.065 -1.017 -1.325 -1.604 -1.668 -1.504 -1.181 -0.824 -0.519 -0.221 -0.457 -0.935 -1.383 -1.182 -0.887 -0.589 -0.183 0.238 0.392 0.285 0.116 -0.131 -0.607 -1.039 -1.187 -1.24 -1.38 -1.195 -1.061 -1.125 -1.232 -1.159 -1.275 -1.029 -1.167 -1.184 -1.305 -1.188 -1.038 -1.008 -1.07 -1.055
-1.12 -1.055 -0.642 -0.603 -0.789 -1.048 -1.015 -0.875 -0.698 -0.365 0.046 -0.483 -1.063 -1.544 -1.368 -1.344 -1.689 -1.658 -1.458 -1.413 -1.141 -0.84 -1.462 -1.794 -1.701 -1.545 -1.477 -1.426 -1.438 -1.262 -1.042 -1.066 -1.328 -1.394 -1.324 -0.824 -1.01 -1.349 -1.468 -1.46 -1.095 -0.767 -0.403 -0.289 -0.758 -1.151 -1.14 -0.917 -0.525 -0.185 0.167 0.374 0.383 0.269 0.013 -0.398 -0.842 -1.088 -1.055 -1.237 -1.304 -1.284 -1.238 -1.283 -1.273 -1.288 -1.221 -1.145 -1.275 -1.348 -1.329 -1.262 -1.233 -1.253 -1.378 -1.334
-0.945 -0.926 -0.762 -0.956 -1.097 -1.462 -1.316 -1.124 -0.91 -0.423 -0.152 -0.674 -1.279 -1.511 -1.512 -1.804 -1.611 -1.662 -1.476 -1.467 -1.348 -1.28 -1.684 -1.561 -1.515 -1.41 -1.312 -1.234 -1.179 -1.122 -0.888 -0.736 -0.879 -1.139 -1.208 -0.817 -0.674 -0.959 -1.238 -1.247 -0.982 -0.745 -0.381 -0.364 -0.814 -0.935 -0.687 -0.441 -0.092 0.235 0.371 0.392 0.365 0.152 -0.251 -0.683 -0.753 -0.733 -0.739 -0.952 -0.924 -1.035 -1.008 -1.104 -1.103 -1.149 -1.31 -1.354 -1.281 -1.229 -1.166 -1.232 -1.348 -1.449 -1.478 -1.319
-1.18 -1.111 -1.039 -1.278 -1.503 -1.613 -1.483 -1.213 -0.813 -0.416 -0.858 -0.796 -1.126 -1.347 -1.451 -1.828 -1.498 -1.475 -1.459 -1.297 -1.426 -1.473 -1.494 -1.296 -1.298 -1.308 -1.153 -1.081 -0.976 -0.902 -0.787 -0.532 -0.543 -0.671 -0.908 -0.773 -0.448 -0.552 -0.949 -1.039 -0.892 -0.55 -0.162 -0.147 -0.435 -0.36 -0.08 0.12 0.286 0.392 0.385 0.34 0.303 0.071 -0.402 -0.489 -0.41 -0.439 -0.515 -0.654 -0.67 -0.774 -0.735 -0.849 -0.899 -1.001 -1.202 -1.278 -1.058 -1.075 -1.287 -1.465 -1.576 -1.609 -1.496 -1.258
-1.517 -1.463 -1.52 -1.66 -1.686 -1.424 -1.327 -1.014 -0.432 -0.678 -1.538 -1.201 -0.886 -1.028 -1.57 -1.82 -1.557 -1.333 -1.327 -1.132 -1.338 -1.209 -1.275 -1.053 -1.104 -1.356 -1.251 -1.097 -0.942 -0.74 -0.654 -0.462 -0.342 -0.251 -0.34 -0.304 -0.157 -0.18 -0.51 -0.637 -0.613 -0.35 0.024 0.16 0.098 0.202 0.312 0.373 0.393 0.304 0.197 -0.073 -0.018 0.187 -0.065 -0.043 -0.025 -0.107 -0.191 -0.302 -0.368 -0.446 -0.494 -0.538 -0.618 -0.819 -0.981 -1.129 -0.946 -1.229 -1.498 -1.549 -1.724 -1.691 -1.556 -1.299
-1.786 -1.806 -1.891 -1.826 -1.538 -1.117 -1.008 -0.717 -0.33 -0.983 -1.783 -1.623 -1.072 -0.979 -1.661 -1.601 -1.62 -1.38 -1.028 -0.675 -0.978 -0.912 -1.149 -0.928 -0.93 -1.219 -1.279 -1.18 -1.099 -0.834 -0.57 -0.353 -0.238 -0.114 -0.075 -0.033 0.064 0.097 -0.029 -0.137 -0.115 -0.013 0.172 0.311 0.339 0.381 0.39 0.365 0.271 0.048 -0.243 -0.488 -0.213 0.113 0.121 0.017 -0.041 -0.03 0.021 -0.044 -0.155 -0.219 -0.279 -0.343 -0.416 -0.559 -0.687 -0.853 -0.863 -1.204 -1.338 -1.348 -1.517 -1.663 -1.491 -1.239
-1.786 -1.791 -1.864 -1.815 -1.343 -1.095 -1.223 -1.082 -0.703 -1.022 -1.825 -1.663 -1.09 -1.156 -1.601 -1.502 -1.371 -1.345 -1.245 -0.777 -0.606 -0.791 -1.16 -1.062 -0.808 -1.05 -1.158 -0.949 -0.921 -0.746 -0.444 -0.246 -0.166 -0.113 -0.056 -0.007 0.092 0.174 0.16 0.192 0.23 0.271 0.332 0.351 0.323 0.356 0.164 0.009 -0.104 -0.355 -0.688 -0.623 -0.298 -0.046 -0.327 -0.396 -0.43 -0.458 -0.291 -0.276 -0.31 -0.444 -0.517 -0.594 -0.627 -0.485 -0.557 -0.739 -0.884 -1.013 -1.115 -1.296 -1.443 -1.538 -1.318 -1.026
-1.682 -1.643 -1.78 -1.744 -1.425 -1.554 -1.74 -1.299 -0.947 -1.288 -1.739 -1.496 -1.157 -1.407 -1.443 -1.475 -1.251 -1.045 -0.98 -0.799 -0.387 -0.699 -1.165 -1.093 -0.801 -0.87 -0.937 -0.684 -0.628 -0.61 -0.417 -0.155 -0.111 -0.149 -0.055 0.045 0.111 0.179 0.248 0.232 0.282 0.321 0.342 0.364 0.259 0.059 -0.265 -0.431 -0.486 -0.685 -0.919 -0.607 -0.231 -0.196 -0.547 -0.81 -0.765 -0.751 -0.557 -0.559 -0.736 -0.863 -0.941 -0.996 -0.966 -0.651 -0.657 -0.922 -1.052 -1.183 -1.179 -1.486 -1.447 -1.301 -1.084 -0.814
-1.563 -1.602 -1.778 -1.607 -1.8 -2.263 -2.18 -1.416 -1.347 -1.902 -1.868 -1.62 -1.409 -1.354 -1.127 -1.114 -1.243 -1.038 -0.715 -0.615 -0.313 -0.513 -0.929 -0.898 -0.744 -0.694 -0.833 -0.52 -0.343 -0.382 -0.286 -0.043 -0.018 -0.052 0.098 0.195 0.204 0.277 0.157 0.118 0.213 0.225 0.322 0.295 -0.044 -0.394 -0.69 -0.852 -0.868 -1.075 -1.016 -0.614 -0.245 -0.33 -0.688 -1.019 -1.092 -1.01 -0.842 -0.764 -1.153 -1.227 -1.203 -1.126 -0.988 -0.69 -0.8 -1.032 -1.255 -1.479 -1.471 -1.553 -1.322 -1.073 -0.827 -0.731
-1.558 -1.646 -1.685 -1.279 -1.564 -2.186 -2.06 -1.771 -1.968 -2.072 -1.799 -1.49 -1.178 -1.044 -0.905 -0.762 -1.122 -1.1 -0.745 -0.562 -0.357 -0.272 -0.612 -0.558 -0.59 -0.534 -0.725 -0.474 -0.156 -0.126 -0.096 0.066 0.155 0.192 0.245 0.172 0.068 0.136 0.169 -0.051 -0.119 0.044 0.308 0.191 -0.329 -0.551 -0.809 -0.971 -1.018 -1.118 -1.098 -0.77 -0.384 -0.36 -0.689 -0.975 -1.298 -1.203 -1.138 -0.894 -1.366 -1.396 -1.239 -1.047 -0.91 -0.725 -0.958 -1.165 -1.361 -1.594 -1.598 -1.55 -1.345 -0.981 -0.722 -0.956
-1.815 -1.395 -1.4 -1.153 -1.523 -1.961 -2.075 -1.846 -1.711 -1.828 -1.605 -1.411 -1.329 -1.33 -1.095 -0.739 -0.813 -0.926 -0.701 -0.478 -0.368 -0.119 -0.247 -0.213 -0.304 -0.273 -0.415 -0.286 -0.026 0.16 0.18 0.213 0.242 0.206 0.169 -0.028 -0.261 -0.13 0.169 -0.141 -0.513 -0.209 0.188 0.292 -0.109 -0.514 -0.595 -0.727 -0.925 -1.184 -1.185 -0.886 -0.501 -0.357 -0.618 -0.851 -1.211 -1.384 -1.23 -1.133 -1.41 -1.286 -1.106 -0.96 -0.814 -0.827 -1.159 -1.466 -1.655 -1.593 -1.455 -1.383 -1.172 -0.821 -0.773 -1.144
-1.673 -1.505 -1.079 -0.975 -1.42 -1.674 -1.756 -1.693 -1.408 -1.678 -1.813 -1.674 -1.448 -1.342 -1.112 -0.794 -0.539 -0.632 -0.547 -0.305 -0.18 0.013 0.067 0.108 0.04 0.076 -0.01 0.053 0.181 0.293 0.273 0.187 0.051 -0.096 -0.082 -0.292 -0.567 -0.261 -0.031 -0.072 -0.661 -0.461 -0.044 0.237 0.074 -0.428 -0.318 -0.506 -0.891 -1.29 -1.233 -0.889 -0.661 -0.461 -0.482 -0.736 -1.114 -1.515 -1.35 -1.377 -1.334 -1.141 -0.995 -0.934 -0.788 -1.048 -1.325 -1.542 -1.575 -1.55 -1.382 -1.138 -0.888 -0.677 -0.876 -1.168
-1.285 -1.449 -1.114 -0.894 -1.349 -1.521 -1.688 -1.704 -1.401 -1.208 -1.471 -1.33 -1.149 -0.994 -0.74 -0.503 -0.374 -0.366 -0.345 -0.2 0.026 0.165 0.138 0.085 0.09 0.187 0.219 0.251 0.27 0.237 0.067 -0.264 -0.459 -0.471 -0.377 -0.382 -0.658 -0.481 -0.356 -0.046 -0.549 -0.646 -0.385 -0.062 0.279 -0.006 -0.124 -0.484 -0.741 -1.139 -1.307 -1.137 -0.947 -0.712 -0.509 -0.668 -1.044 -1.505 -1.558 -1.56 -1.344 -1.095 -1.199 -1.158 -0.886 -1.279 -1.523 -1.681 -1.629 -1.318 -1.208 -0.991 -0.721 -0.812 -0.913 -0.944
-1.162 -1.08 -0.975 -0.844 -1.351 -1.589 -1.515 -1.391 -1.351 -0.959 -0.881 -0.873 -0.789 -0.629 -0.475 -0.258 -0.179 -0.13 -0.103 0.051 0.135 -0.02 -0.127 -0.195 -0.212 -0.185 -0.083 0.131 0.205 -0.024 -0.361 -0.656 -0.823 -0.74 -0.626 -0.514 -0.995 -0.914 -0.487 -0.11 -0.47 -0.821 -0.47 -0.011 0.32 0.229 0.011 -0.374 -0.617 -0.828 -1.194 -1.39 -1.084 -0.819 -0.6 -0.691 -1.039 -1.469 -1.632 -1.507 -1.374 -1.24 -1.377 -1.075 -1.243 -1.336 -1.554 -1.594 -1.453 -1.342 -1.102 -0.78 -0.735 -1.03 -1.211 -0.925
-1.256 -1.036 -0.866 -0.683 -1.111 -1.475 -1.248 -1.101 -1.001 -0.828 -0.432 -0.398 -0.347 -0.284 -0.177 -0.002 0.078 0.093 0.045 0.012 -0.166 -0.286 -0.385 -0.487 -0.548 -0.474 -0.278 -0.074 0.182 -0.132 -0.567 -0.796 -0.994 -1.163 -1.077 -0.894 -1.121 -0.952 -0.636 -0.241 -0.565 -0.85 -0.464 -0.081 0.265 0.262 0.127 -0.166 -0.496 -0.73 -1.111 -1.354 -1.074 -0.767 -0.6 -0.762 -1.107 -1.549 -1.789 -1.591 -1.603 -1.603 -1.31 -1.263 -1.539 -1.481 -1.587 -1.51 -1.302 -1.107 -0.929 -0.682 -0.841 -1.177 -1.406 -1.156
-1.324 -1.372 -1.232 -0.728 -0.785 -1.267 -1.003 -0.833 -0.543 -0.419 -0.124 0.012 0.043 0.058 0.071 -0.02 -0.095 -0.157 -0.218 -0.247 -0.407 -0.518 -0.595 -0.701 -0.834 -0.695 -0.502 -0.267 0.091 -0.086 -0.315 -0.417 -0.682 -1.154 -1.509 -1.296 -1.109 -0.71 -0.459 -0.341 -0.782 -0.859 -0.491 -0.129 0.212 0.305 0.197 0.001 -0.483 -0.935 -1.259 -1.281 -0.969 -0.68 -0.574 -0.797 -1.174 -1.616 -1.743 -1.815 -1.707 -1.52 -1.264 -1.5 -1.71 -1.59 -1.466 -1.44 -1.33 -1.334 -1.018 -0.695 -0.95 -1.256 -1.571 -1.433
-1.462 -1.432 -1.27 -0.861 -0.548 -0.924 -0.718 -0.491 -0.213 -0.042 0.092 0.09 0.079 -0.019 -0.177 -0.397 -0.482 -0.425 -0.504 -0.521 -0.632 -0.784 -0.855 -0.989 -0.843 -0.661 -0.447 -0.224 0.096 -0.049 -0.225 -0.354 -0.633 -1.118 -1.602 -1.426 -1.074 -0.528 -0.346 -0.638 -1 -0.834 -0.508 -0.162 0.178 0.316 0.251 0.096 -0.46 -0.909 -1.061 -1.227 -0.901 -0.655 -0.562 -0.709 -1.13 -1.422 -1.619 -1.707 -1.54 -1.413 -1.573 -1.715 -1.614 -1.439 -1.115 -1.223 -1.188 -1.163 -0.834 -0.745 -1.157 -1.367 -1.661 -1.667
-1.286 -1.195 -0.992 -0.735 -0.342 -0.441 -0.3 -0.15 0.042 0.084 -0.137 -0.312 -0.194 -0.452 -0.606 -0.805 -0.855 -0.634 -0.761 -0.738 -0.728 -1.029 -0.992 -0.822 -0.638 -0.454 -0.277 -0.037 0.02 -0.276 -0.573 -0.647 -0.924 -1.408 -1.627 -1.223 -0.936 -0.455 -0.49 -0.961 -0.976 -0.757 -0.519 -0.218 0.107 0.303 0.279 0.143 -0.294 -0.575 -0.916 -1.248 -0.898 -0.692 -0.559 -0.649 -1.12 -1.319 -1.636 -1.583 -1.564 -1.593 -1.56 -1.442 -1.372 -1.252 -0.912 -0.894 -0.936 -0.935 -0.64 -0.835 -1.205 -1.515 -1.74 -1.823
-1.095 -0.834 -0.712 -0.425 -0.088 -0.046 0.001 0.054 0.066 -0.201 -0.623 -0.761 -0.519 -0.714 -1.024 -1.106 -1.029 -0.782 -0.97 -0.967 -0.901 -1.026 -0.866 -0.654 -0.463 -0.274 -0.095 0.041 -0.143 -0.347 -0.694 -0.902 -1.084 -1.481 -1.493 -1.013 -0.689 -0.37 -0.616 -1.022 -0.921 -0.703 -0.483 -0.199 0.069 0.261 0.287 0.18 -0.139 -0.541 -0.707 -1.097 -0.936 -0.693 -0.515 -0.612 -1.139 -1.616 -1.639 -1.53 -1.279 -1.327 -1.149 -1.056 -1.068 -0.964 -0.766 -0.591 -0.7 -0.729 -0.795 -0.912 -1.183 -1.499 -1.724 -1.883
-0.739 -0.423 -0.235 -0.093 -0.127 -0.228 -0.249 -0.303 -0.197 -0.489 -0.865 -0.956 -0.939 -0.858 -1.329 -1.315 -1.111 -0.91 -1.046 -1.15 -1.138 -1.027 -0.746 -0.538 -0.318 -0.153 0.021 -0.05 -0.271 -0.394 -0.609 -0.83 -1.036 -1.313 -1.391 -0.97 -0.609 -0.354 -0.857 -1.02 -0.902 -0.699 -0.483 -0.232 0.009 0.18 0.283 0.235 0.108 -0.205 -0.543 -0.848 -0.754 -0.569 -0.443 -0.58 -0.998 -1.557 -1.506 -1.412 -1.078 -1.026 -0.925 -0.733 -0.833 -0.716 -0.545 -0.462 -0.622 -0.726 -1.152 -1.101 -1.178 -1.475 -1.669 -1.79
-0.29 -0.123 -0.115 -0.361 -0.529 -0.59 -0.61 -0.8 -0.356 -0.524 -0.838 -1.16 -1.261 -1.133 -1.554 -1.391 -1.16 -1.071 -1.214 -1.139 -1.127 -0.922 -0.697 -0.424 -0.213 -0.051 0.002 -0.295 -0.631 -0.488 -0.608 -0.846 -1.075 -1.374 -1.328 -0.978 -0.595 -0.465 -1.01 -1.006 -0.834 -0.653 -0.453 -0.247 -0.015 0.161 0.202 -0.027 0.039 0.085 -0.104 -0.424 -0.346 -0.266 -0.462 -0.532 -0.826 -1.328 -1.364 -1.095 -0.867 -0.746 -0.796 -0.554 -0.585 -0.423 -0.389 -0.609 -0.867 -1.101 -1.385 -1.399 -1.187 -1.499 -1.823 -1.74
-0.154 -0.154 -0.453 -0.809 -0.992 -1.023 -1.066 -0.935 -0.485 -0.409 -0.712 -1.15 -1.556 -1.454 -1.667 -1.525 -1.286 -1.185 -1.351 -1.206 -1.039 -0.803 -0.597 -0.309 -0.125 -0.075 -0.126 -0.53 -0.862 -0.838 -0.549 -0.772 -1.097 -1.444 -1.192 -0.858 -0.52 -0.701 -1.038 -0.896 -0.691 -0.53 -0.369 -0.149 -0.048 0.034 0.07 -0.301 -0.456 -0.398 -0.186 -0.045 -0.071 -0.127 -0.386 -0.411 -0.58 -0.938 -0.97 -0.728 -0.546 -0.511 -0.525 -0.315 -0.289 -0.335 -0.596 -1.051 -1.297 -1.47 -1.579 -1.577 -1.439 -1.678 -1.753 -1.897
-0.29 -0.364 -0.862 -1.041 -1.224 -1.289 -1.028 -0.78 -0.566 -0.329 -0.733 -1.23 -1.588 -1.678 -1.632 -1.503 -1.295 -1.281 -1.327 -1.197 -0.967 -0.646 -0.413 -0.228 -0.259 -0.235 -0.231 -0.722 -1.086 -1.172 -0.832 -0.763 -1.113 -1.374 -1.052 -0.682 -0.453 -0.77 -0.964 -0.838 -0.573 -0.374 -0.254 -0.295 -0.5 -0.259 -0.043 -0.336 -0.866 -0.887 -0.535 -0.344 -0.148 -0.068 -0.133 -0.232 -0.347 -0.549 -0.521 -0.372 -0.239 -0.232 -0.181 -0.142 -0.181 -0.326 -0.845 -1.296 -1.446 -1.492 -1.698 -1.697 -1.641 -1.585 -1.705 -1.912
-0.505 -0.383 -0.576 -0.823 -1.278 -1.46 -1.19 -0.949 -0.905 -0.635 -0.517 -0.885 -1.321 -1.675 -1.613 -1.48 -1.305 -1.159 -1.042 -0.896 -0.695 -0.402 -0.32 -0.379 -0.622 -0.402 -0.299 -0.758 -1.078 -1.25 -1.13 -0.982 -1.328 -1.228 -0.915 -0.55 -0.782 -0.786 -0.869 -1.037 -0.707 -0.573 -0.614 -0.764 -0.961 -0.627 -0.115 -0.351 -0.716 -0.938 -0.691 -0.696 -0.566 -0.364 -0.133 -0.049 -0.113 -0.176 -0.148 -0.121 -0.101 -0.143 -0.181 -0.358 -0.404 -0.262 -0.629 -0.985 -1.044 -1.185 -1.448 -1.391 -1.4 -1.66 -1.904 -1.682
-0.462 -0.376 -0.608 -0.872 -1.367 -1.659 -1.38 -1.15 -1.209 -1.089 -0.578 -0.575 -1.127 -1.551 -1.532 -1.398 -1.248 -1.146 -0.905 -0.669 -0.437 -0.41 -0.571 -0.736 -0.969 -0.567 -0.24 -0.547 -0.861 -1.202 -1.363 -1.378 -1.333 -1.038 -0.735 -0.754 -1.085 -1.147 -0.901 -1.342 -1.132 -1.053 -1.072 -1.166 -1.025 -0.715 -0.147 -0.437 -0.901 -1.194 -0.994 -1.035 -0.875 -0.597 -0.378 -0.143 -0.033 -0.147 -0.265 -0.29 -0.325 -0.48 -0.473 -0.812 -0.766 -0.607 -0.381 -0.463 -0.819 -1.184 -1.289 -1.299 -1.638 -1.626 -1.47 -1.343
-0.565 -0.486 -0.939 -0.916 -1.329 -1.683 -1.542 -1.443 -1.385 -1.197 -0.749 -0.491 -1.088 -1.582 -1.579 -1.381 -1.285 -1.277 -0.928 -0.599 -0.465 -0.635 -1.015 -1.046 -1.153 -0.719 -0.306 -0.567 -1.076 -1.472 -1.705 -1.502 -1.188 -0.883 -0.671 -0.892 -1.307 -1.383 -1.16 -1.718 -1.626 -1.424 -1.226 -1.053 -0.818 -0.578 -0.163 -0.324 -0.832 -1.277 -1.264 -1.221 -0.995 -0.785 -0.576 -0.333 -0.126 -0.335 -0.728 -0.701 -0.828 -0.885 -0.746 -1.124 -0.972 -1.113 -0.814 -0.436 -0.537 -0.999 -1.268 -1.131 -1.175 -1.048 -1.044 -1.084
-0.552 -0.598 -1.164 -1.022 -1.284 -1.655 -1.566 -1.382 -1.281 -1.155 -0.934 -0.781 -0.997 -1.564 -1.62 -1.296 -1.099 -1.061 -0.791 -0.539 -0.808 -0.949 -1.161 -1.448 -1.356 -1.013 -0.472 -0.81 -1.096 -1.301 -1.717 -1.561 -1.233 -0.842 -0.838 -1.192 -1.583 -1.547 -1.455 -1.723 -1.53 -1.267 -1.077 -0.894 -0.633 -0.309 -0.058 -0.341 -0.741 -1.122 -1.364 -1.294 -1.093 -0.943 -0.715 -0.487 -0.293 -0.422 -1.01 -1.105 -1.146 -1.219 -1.054 -1.305 -1.158 -1.26 -1.334 -0.816 -0.543 -0.663 -0.817 -0.798 -0.958 -1.176 -1.35 -1.387
-0.59 -0.663 -1.082 -1.177 -1.223 -1.553 -1.501 -1.324 -1.419 -1.488 -1.456 -1.429 -1.112 -1.447 -1.548 -1.327 -1.084 -0.798 -0.704 -0.647 -1.067 -1.396 -1.33 -1.63 -1.484 -1.022 -0.476 -0.857 -1.175 -1.165 -1.53 -1.512 -1.167 -0.848 -0.978 -1.59 -1.846 -1.672 -1.631 -1.583 -1.364 -1.179 -0.915 -0.685 -0.432 -0.135 -0.07 -0.547 -0.927 -1.185 -1.453 -1.416 -1.211 -1.099 -0.852 -0.629 -0.353 -0.353 -0.859 -1.296 -1.461 -1.502 -1.36 -1.529 -1.395 -1.277 -1.453 -1.086 -0.726 -0.531 -0.643 -0.956 -1.317 -1.555 -1.685 -1.718
-0.618 -0.855 -1.115 -1.343 -1.41 -1.715 -1.793 -1.497 -1.732 -1.85 -1.91 -1.749 -1.342 -1.33 -1.52 -1.238 -1 -1.072 -0.913 -0.794 -1.217 -1.586 -1.776 -1.688 -1.324 -0.873 -0.435 -0.718 -1.362 -1.534 -1.669 -1.475 -1.148 -0.844 -1.034 -1.749 -1.849 -1.624 -1.53 -1.401 -1.285 -1.118 -0.847 -0.548 -0.317 -0.082 -0.192 -0.826 -1.294 -1.359 -1.579 -1.538 -1.424 -1.38 -1.021 -0.653 -0.374 -0.26 -0.742 -1.216 -1.569 -1.826 -1.747 -1.687 -1.639 -1.428 -1.645 -1.418 -1.142 -0.773 -0.661 -1.016 -1.315 -1.524 -1.714 -1.804
