data/climatemaps/RS_maps/climate_winter_pr_2005.asc
NCOLS 369 
NROWS 228 
XLLCORNER 479000 
YLLCORNER 73000 
CELLSIZE 1000 
NODATA_value -9 
[rows 33 to 65 of 228, columns 150 to 224 of 369]
-0.832 -0.81 -0.786 -0.765 -0.751 -0.744 -0.74 -0.728 -0.708 -0.677 -0.645 -0.617 -0.597 -0.586 -0.592 -0.601 -0.61 -0.615 -0.611 -0.631 -0.628 -0.607 -0.619 -0.634 -0.625 -0.602 -0.571 -0.572 -0.59 -0.639 -0.713 -0.76 -0.781 -0.774 -0.75 -0.697 -0.647 -0.633 -0.624 -0.632 -0.66 -0.68 -0.693 -0.731 -0.761 -0.795 -0.822 -0.84 -0.878 -0.906 -0.923 -0.937 -0.938 -0.923 -0.915 -0.903 -0.861 -0.835 -0.83 -0.835 -0.836 -0.845 -0.865 -0.9 -0.945 -0.982 -1.003 -1.011 -1.004 -0.998 -1.001 -1.011 -1.023 -1.034 -1.047
-0.845 -0.821 -0.796 -0.773 -0.749 -0.741 -0.741 -0.74 -0.733 -0.72 -0.702 -0.687 -0.676 -0.671 -0.673 -0.675 -0.676 -0.662 -0.633 -0.644 -0.639 -0.608 -0.612 -0.621 -0.594 -0.585 -0.55 -0.544 -0.555 -0.615 -0.7 -0.748 -0.77 -0.759 -0.732 -0.671 -0.614 -0.59 -0.582 -0.593 -0.61 -0.645 -0.659 -0.695 -0.719 -0.752 -0.781 -0.82 -0.865 -0.895 -0.913 -0.93 -0.938 -0.929 -0.911 -0.898 -0.861 -0.819 -0.795 -0.792 -0.793 -0.802 -0.829 -0.88 -0.937 -0.981 -1.008 -1.017 -1.01 -0.997 -0.989 -0.998 -1.009 -1.015 -1.02
-0.841 -0.812 -0.785 -0.766 -0.737 -0.718 -0.717 -0.725 -0.723 -0.722 -0.718 -0.715 -0.715 -0.712 -0.712 -0.712 -0.712 -0.693 -0.664 -0.645 -0.645 -0.606 -0.596 -0.597 -0.558 -0.547 -0.529 -0.521 -0.551 -0.618 -0.695 -0.742 -0.76 -0.738 -0.704 -0.651 -0.6 -0.574 -0.554 -0.563 -0.584 -0.612 -0.633 -0.65 -0.687 -0.708 -0.738 -0.779 -0.843 -0.882 -0.901 -0.925 -0.939 -0.931 -0.907 -0.883 -0.866 -0.827 -0.792 -0.772 -0.77 -0.789 -0.822 -0.878 -0.933 -0.98 -1.009 -1.02 -1.017 -1.005 -0.994 -0.993 -0.995 -0.994 -0.992
-0.832 -0.799 -0.767 -0.745 -0.723 -0.705 -0.688 -0.694 -0.703 -0.698 -0.697 -0.705 -0.721 -0.733 -0.728 -0.723 -0.729 -0.708 -0.666 -0.643 -0.635 -0.578 -0.55 -0.558 -0.529 -0.518 -0.506 -0.519 -0.563 -0.641 -0.705 -0.743 -0.746 -0.713 -0.664 -0.616 -0.589 -0.57 -0.553 -0.556 -0.579 -0.596 -0.61 -0.618 -0.637 -0.684 -0.716 -0.763 -0.827 -0.874 -0.9 -0.929 -0.944 -0.937 -0.913 -0.874 -0.857 -0.836 -0.81 -0.793 -0.786 -0.802 -0.84 -0.886 -0.927 -0.975 -1.002 -1.014 -1.012 -1.009 -1.004 -0.999 -0.991 -0.98 -0.965
-0.817 -0.79 -0.754 -0.718 -0.696 -0.688 -0.674 -0.663 -0.667 -0.669 -0.67 -0.68 -0.703 -0.733 -0.746 -0.738 -0.726 -0.712 -0.657 -0.627 -0.603 -0.566 -0.529 -0.52 -0.512 -0.51 -0.536 -0.562 -0.589 -0.669 -0.725 -0.746 -0.719 -0.683 -0.624 -0.569 -0.552 -0.559 -0.572 -0.578 -0.602 -0.599 -0.591 -0.595 -0.606 -0.642 -0.693 -0.743 -0.813 -0.87 -0.905 -0.936 -0.95 -0.947 -0.923 -0.879 -0.846 -0.836 -0.819 -0.803 -0.81 -0.826 -0.85 -0.885 -0.925 -0.967 -0.989 -1.008 -1.004 -1.001 -1.007 -1.003 -0.99 -0.969 -0.941
-0.8 -0.766 -0.74 -0.699 -0.668 -0.649 -0.646 -0.645 -0.632 -0.63 -0.638 -0.648 -0.678 -0.722 -0.75 -0.746 -0.71 -0.699 -0.667 -0.635 -0.611 -0.565 -0.516 -0.505 -0.513 -0.536 -0.569 -0.619 -0.662 -0.707 -0.748 -0.753 -0.723 -0.678 -0.615 -0.557 -0.536 -0.555 -0.587 -0.604 -0.619 -0.614 -0.59 -0.584 -0.587 -0.618 -0.672 -0.733 -0.803 -0.868 -0.909 -0.941 -0.955 -0.955 -0.93 -0.885 -0.845 -0.837 -0.824 -0.796 -0.8 -0.814 -0.83 -0.862 -0.907 -0.944 -0.971 -0.998 -1.002 -1 -1.007 -1.001 -0.986 -0.96 -0.928
-0.787 -0.749 -0.723 -0.688 -0.651 -0.623 -0.618 -0.625 -0.61 -0.593 -0.592 -0.617 -0.668 -0.717 -0.746 -0.755 -0.746 -0.727 -0.696 -0.671 -0.645 -0.584 -0.53 -0.494 -0.501 -0.519 -0.577 -0.648 -0.694 -0.723 -0.767 -0.786 -0.764 -0.707 -0.642 -0.585 -0.558 -0.578 -0.607 -0.622 -0.618 -0.617 -0.609 -0.6 -0.598 -0.62 -0.672 -0.736 -0.806 -0.871 -0.914 -0.943 -0.957 -0.959 -0.941 -0.897 -0.855 -0.84 -0.833 -0.803 -0.793 -0.791 -0.795 -0.826 -0.861 -0.902 -0.942 -0.974 -0.99 -0.999 -1.002 -0.985 -0.968 -0.948 -0.914
-0.782 -0.74 -0.708 -0.672 -0.644 -0.619 -0.608 -0.609 -0.588 -0.55 -0.548 -0.601 -0.667 -0.712 -0.727 -0.728 -0.734 -0.725 -0.719 -0.701 -0.663 -0.615 -0.555 -0.507 -0.51 -0.542 -0.599 -0.677 -0.715 -0.749 -0.799 -0.809 -0.796 -0.761 -0.706 -0.65 -0.612 -0.616 -0.634 -0.637 -0.622 -0.609 -0.602 -0.6 -0.608 -0.631 -0.682 -0.748 -0.814 -0.873 -0.915 -0.943 -0.959 -0.964 -0.951 -0.913 -0.874 -0.851 -0.841 -0.82 -0.8 -0.781 -0.771 -0.787 -0.807 -0.851 -0.906 -0.932 -0.954 -0.979 -0.987 -0.97 -0.947 -0.927 -0.889
-0.786 -0.76 -0.723 -0.685 -0.67 -0.64 -0.62 -0.592 -0.563 -0.543 -0.565 -0.608 -0.663 -0.694 -0.698 -0.707 -0.725 -0.715 -0.707 -0.691 -0.661 -0.612 -0.553 -0.517 -0.527 -0.567 -0.634 -0.71 -0.755 -0.792 -0.82 -0.82 -0.8 -0.78 -0.747 -0.714 -0.687 -0.67 -0.666 -0.659 -0.643 -0.628 -0.615 -0.609 -0.614 -0.639 -0.689 -0.757 -0.82 -0.873 -0.911 -0.939 -0.958 -0.967 -0.963 -0.935 -0.899 -0.871 -0.844 -0.826 -0.802 -0.78 -0.76 -0.759 -0.765 -0.811 -0.866 -0.887 -0.906 -0.933 -0.955 -0.954 -0.932 -0.899 -0.867
-0.808 -0.796 -0.77 -0.741 -0.717 -0.678 -0.652 -0.608 -0.579 -0.561 -0.584 -0.618 -0.654 -0.675 -0.686 -0.69 -0.699 -0.695 -0.672 -0.656 -0.618 -0.574 -0.534 -0.515 -0.549 -0.609 -0.683 -0.747 -0.783 -0.81 -0.832 -0.829 -0.805 -0.782 -0.76 -0.746 -0.747 -0.734 -0.718 -0.713 -0.703 -0.689 -0.682 -0.67 -0.663 -0.674 -0.71 -0.767 -0.823 -0.871 -0.907 -0.931 -0.955 -0.968 -0.972 -0.96 -0.93 -0.9 -0.867 -0.839 -0.808 -0.782 -0.76 -0.748 -0.748 -0.777 -0.83 -0.853 -0.869 -0.893 -0.914 -0.921 -0.912 -0.889 -0.846
-0.861 -0.848 -0.829 -0.802 -0.769 -0.739 -0.696 -0.661 -0.62 -0.59 -0.603 -0.609 -0.643 -0.661 -0.661 -0.655 -0.66 -0.65 -0.619 -0.602 -0.56 -0.528 -0.501 -0.511 -0.577 -0.658 -0.719 -0.765 -0.798 -0.821 -0.841 -0.844 -0.831 -0.806 -0.789 -0.777 -0.786 -0.785 -0.782 -0.777 -0.772 -0.769 -0.767 -0.754 -0.742 -0.737 -0.753 -0.785 -0.828 -0.867 -0.899 -0.922 -0.947 -0.964 -0.976 -0.977 -0.963 -0.938 -0.902 -0.866 -0.835 -0.803 -0.777 -0.756 -0.748 -0.762 -0.796 -0.809 -0.843 -0.856 -0.871 -0.88 -0.886 -0.865 -0.835
-0.91 -0.885 -0.865 -0.838 -0.804 -0.771 -0.745 -0.702 -0.653 -0.618 -0.611 -0.596 -0.619 -0.636 -0.618 -0.591 -0.596 -0.587 -0.552 -0.537 -0.5 -0.48 -0.476 -0.527 -0.608 -0.692 -0.742 -0.781 -0.815 -0.832 -0.847 -0.862 -0.862 -0.846 -0.831 -0.81 -0.813 -0.818 -0.818 -0.815 -0.811 -0.826 -0.832 -0.828 -0.821 -0.812 -0.815 -0.825 -0.847 -0.867 -0.889 -0.912 -0.936 -0.958 -0.976 -0.985 -0.982 -0.967 -0.94 -0.906 -0.874 -0.844 -0.81 -0.784 -0.767 -0.77 -0.789 -0.779 -0.794 -0.792 -0.804 -0.836 -0.854 -0.846 -0.828
-0.922 -0.896 -0.872 -0.853 -0.826 -0.792 -0.76 -0.727 -0.678 -0.63 -0.605 -0.563 -0.564 -0.585 -0.56 -0.527 -0.528 -0.531 -0.494 -0.478 -0.47 -0.472 -0.496 -0.566 -0.648 -0.726 -0.771 -0.811 -0.837 -0.848 -0.857 -0.873 -0.885 -0.881 -0.87 -0.849 -0.826 -0.822 -0.832 -0.833 -0.837 -0.857 -0.868 -0.873 -0.874 -0.87 -0.866 -0.869 -0.878 -0.888 -0.894 -0.904 -0.921 -0.949 -0.972 -0.987 -0.987 -0.976 -0.96 -0.943 -0.918 -0.888 -0.858 -0.829 -0.805 -0.8 -0.796 -0.771 -0.761 -0.754 -0.766 -0.784 -0.804 -0.824 -0.825
-0.919 -0.908 -0.878 -0.852 -0.832 -0.806 -0.773 -0.731 -0.684 -0.62 -0.583 -0.527 -0.505 -0.523 -0.504 -0.493 -0.488 -0.495 -0.473 -0.472 -0.491 -0.507 -0.535 -0.602 -0.688 -0.765 -0.797 -0.83 -0.854 -0.863 -0.87 -0.885 -0.9 -0.904 -0.902 -0.885 -0.847 -0.823 -0.828 -0.836 -0.846 -0.861 -0.876 -0.887 -0.895 -0.899 -0.9 -0.902 -0.905 -0.91 -0.915 -0.917 -0.922 -0.94 -0.965 -0.983 -0.988 -0.979 -0.966 -0.958 -0.949 -0.928 -0.898 -0.872 -0.846 -0.831 -0.813 -0.782 -0.756 -0.742 -0.748 -0.743 -0.752 -0.779 -0.786
-0.917 -0.908 -0.886 -0.852 -0.822 -0.797 -0.762 -0.712 -0.662 -0.587 -0.539 -0.494 -0.474 -0.474 -0.468 -0.492 -0.498 -0.508 -0.493 -0.506 -0.531 -0.539 -0.57 -0.642 -0.732 -0.812 -0.832 -0.844 -0.864 -0.876 -0.882 -0.896 -0.914 -0.924 -0.925 -0.916 -0.885 -0.841 -0.818 -0.821 -0.836 -0.861 -0.892 -0.912 -0.924 -0.924 -0.92 -0.92 -0.921 -0.924 -0.925 -0.928 -0.933 -0.944 -0.96 -0.977 -0.985 -0.978 -0.97 -0.969 -0.968 -0.956 -0.933 -0.911 -0.883 -0.862 -0.838 -0.811 -0.778 -0.755 -0.738 -0.727 -0.716 -0.735 -0.74
-0.912 -0.902 -0.878 -0.842 -0.805 -0.772 -0.73 -0.668 -0.614 -0.553 -0.498 -0.481 -0.482 -0.478 -0.485 -0.527 -0.566 -0.581 -0.575 -0.588 -0.598 -0.617 -0.658 -0.725 -0.797 -0.863 -0.882 -0.883 -0.881 -0.887 -0.897 -0.907 -0.924 -0.943 -0.947 -0.943 -0.923 -0.878 -0.826 -0.801 -0.812 -0.841 -0.881 -0.924 -0.951 -0.958 -0.96 -0.938 -0.929 -0.925 -0.924 -0.929 -0.936 -0.947 -0.96 -0.973 -0.977 -0.97 -0.966 -0.969 -0.973 -0.969 -0.953 -0.936 -0.916 -0.892 -0.867 -0.844 -0.812 -0.78 -0.746 -0.72 -0.7 -0.708 -0.703
-0.895 -0.885 -0.853 -0.813 -0.768 -0.736 -0.694 -0.636 -0.575 -0.549 -0.51 -0.505 -0.524 -0.538 -0.561 -0.596 -0.644 -0.677 -0.694 -0.712 -0.722 -0.742 -0.774 -0.819 -0.866 -0.908 -0.928 -0.931 -0.921 -0.913 -0.911 -0.915 -0.931 -0.953 -0.965 -0.967 -0.956 -0.916 -0.855 -0.803 -0.783 -0.815 -0.858 -0.908 -0.953 -0.978 -0.988 -0.98 -0.964 -0.947 -0.933 -0.929 -0.934 -0.952 -0.961 -0.964 -0.962 -0.955 -0.95 -0.952 -0.962 -0.971 -0.966 -0.953 -0.94 -0.918 -0.892 -0.873 -0.847 -0.812 -0.771 -0.724 -0.707 -0.686 -0.675
-0.847 -0.845 -0.813 -0.766 -0.715 -0.696 -0.645 -0.603 -0.572 -0.565 -0.559 -0.549 -0.574 -0.617 -0.644 -0.673 -0.726 -0.766 -0.79 -0.807 -0.818 -0.833 -0.855 -0.884 -0.914 -0.94 -0.956 -0.954 -0.947 -0.937 -0.914 -0.909 -0.92 -0.944 -0.97 -0.983 -0.98 -0.955 -0.89 -0.819 -0.775 -0.787 -0.83 -0.883 -0.935 -0.971 -0.99 -0.991 -0.983 -0.972 -0.958 -0.945 -0.943 -0.958 -0.959 -0.944 -0.933 -0.924 -0.918 -0.918 -0.932 -0.953 -0.965 -0.966 -0.961 -0.942 -0.916 -0.896 -0.876 -0.844 -0.801 -0.752 -0.721 -0.674 -0.65
-0.788 -0.782 -0.774 -0.73 -0.691 -0.661 -0.615 -0.606 -0.614 -0.613 -0.633 -0.647 -0.666 -0.704 -0.736 -0.768 -0.809 -0.841 -0.863 -0.877 -0.886 -0.896 -0.911 -0.929 -0.947 -0.966 -0.974 -0.968 -0.96 -0.955 -0.937 -0.923 -0.931 -0.937 -0.963 -0.992 -0.997 -0.981 -0.929 -0.855 -0.79 -0.779 -0.807 -0.854 -0.906 -0.95 -0.97 -0.974 -0.975 -0.974 -0.97 -0.968 -0.971 -0.974 -0.961 -0.924 -0.9 -0.883 -0.872 -0.874 -0.89 -0.916 -0.943 -0.962 -0.969 -0.962 -0.942 -0.915 -0.893 -0.869 -0.831 -0.786 -0.736 -0.681 -0.638
-0.716 -0.713 -0.716 -0.7 -0.672 -0.637 -0.617 -0.635 -0.672 -0.698 -0.723 -0.734 -0.748 -0.789 -0.818 -0.846 -0.87 -0.896 -0.916 -0.929 -0.934 -0.94 -0.948 -0.957 -0.97 -0.98 -0.985 -0.974 -0.963 -0.961 -0.955 -0.947 -0.941 -0.943 -0.964 -0.995 -1.008 -1.004 -0.967 -0.897 -0.823 -0.794 -0.802 -0.832 -0.874 -0.921 -0.933 -0.937 -0.946 -0.956 -0.96 -0.964 -0.974 -0.983 -0.972 -0.931 -0.892 -0.851 -0.821 -0.815 -0.837 -0.868 -0.903 -0.936 -0.96 -0.967 -0.959 -0.937 -0.905 -0.883 -0.852 -0.814 -0.761 -0.703 -0.653
-0.651 -0.64 -0.656 -0.672 -0.665 -0.657 -0.678 -0.714 -0.743 -0.776 -0.8 -0.81 -0.829 -0.861 -0.872 -0.885 -0.906 -0.931 -0.946 -0.958 -0.958 -0.958 -0.962 -0.962 -0.98 -0.984 -0.988 -0.978 -0.959 -0.957 -0.958 -0.958 -0.954 -0.95 -0.969 -0.997 -1.016 -1.021 -1 -0.944 -0.875 -0.832 -0.82 -0.823 -0.85 -0.892 -0.905 -0.906 -0.908 -0.919 -0.932 -0.941 -0.957 -0.976 -0.98 -0.955 -0.904 -0.841 -0.786 -0.76 -0.766 -0.804 -0.85 -0.896 -0.934 -0.958 -0.964 -0.95 -0.92 -0.886 -0.86 -0.831 -0.789 -0.736 -0.686
-0.58 -0.601 -0.635 -0.67 -0.701 -0.72 -0.751 -0.786 -0.816 -0.846 -0.867 -0.885 -0.902 -0.911 -0.906 -0.919 -0.941 -0.954 -0.963 -0.969 -0.968 -0.959 -0.957 -0.961 -0.98 -0.984 -0.982 -0.97 -0.958 -0.947 -0.952 -0.959 -0.965 -0.963 -0.974 -0.995 -1.017 -1.029 -1.024 -0.989 -0.927 -0.882 -0.845 -0.819 -0.833 -0.864 -0.88 -0.881 -0.873 -0.866 -0.88 -0.905 -0.932 -0.96 -0.98 -0.973 -0.929 -0.856 -0.786 -0.727 -0.708 -0.726 -0.786 -0.844 -0.895 -0.932 -0.955 -0.954 -0.934 -0.897 -0.866 -0.842 -0.809 -0.764 -0.705
-0.543 -0.573 -0.61 -0.669 -0.728 -0.779 -0.819 -0.848 -0.875 -0.896 -0.912 -0.925 -0.934 -0.932 -0.926 -0.944 -0.962 -0.971 -0.965 -0.961 -0.968 -0.962 -0.952 -0.952 -0.972 -0.981 -0.979 -0.964 -0.951 -0.934 -0.942 -0.956 -0.967 -0.977 -0.981 -0.992 -1.012 -1.028 -1.036 -1.021 -0.972 -0.922 -0.871 -0.83 -0.823 -0.843 -0.861 -0.859 -0.848 -0.822 -0.819 -0.859 -0.901 -0.937 -0.971 -0.978 -0.951 -0.885 -0.805 -0.724 -0.675 -0.665 -0.712 -0.784 -0.845 -0.893 -0.93 -0.943 -0.934 -0.908 -0.87 -0.847 -0.821 -0.783 -0.713
-0.562 -0.601 -0.653 -0.71 -0.773 -0.826 -0.863 -0.885 -0.906 -0.917 -0.921 -0.925 -0.929 -0.929 -0.93 -0.955 -0.971 -0.976 -0.956 -0.949 -0.953 -0.963 -0.954 -0.947 -0.959 -0.975 -0.979 -0.971 -0.951 -0.926 -0.927 -0.944 -0.961 -0.973 -0.984 -0.991 -1.005 -1.019 -1.037 -1.038 -1.009 -0.958 -0.907 -0.857 -0.834 -0.831 -0.838 -0.834 -0.827 -0.807 -0.778 -0.808 -0.866 -0.909 -0.954 -0.977 -0.964 -0.906 -0.829 -0.747 -0.669 -0.627 -0.643 -0.716 -0.786 -0.847 -0.895 -0.922 -0.926 -0.909 -0.874 -0.847 -0.826 -0.794 -0.741
-0.603 -0.663 -0.723 -0.778 -0.825 -0.866 -0.897 -0.906 -0.909 -0.907 -0.901 -0.897 -0.902 -0.911 -0.924 -0.953 -0.971 -0.977 -0.956 -0.943 -0.938 -0.953 -0.949 -0.937 -0.942 -0.962 -0.973 -0.973 -0.952 -0.927 -0.918 -0.933 -0.949 -0.958 -0.975 -0.988 -0.998 -1.01 -1.029 -1.044 -1.034 -0.995 -0.945 -0.895 -0.856 -0.83 -0.82 -0.806 -0.811 -0.784 -0.758 -0.756 -0.826 -0.873 -0.928 -0.965 -0.971 -0.924 -0.851 -0.771 -0.687 -0.605 -0.594 -0.648 -0.722 -0.793 -0.852 -0.894 -0.909 -0.901 -0.876 -0.853 -0.83 -0.8 -0.759
-0.678 -0.735 -0.785 -0.82 -0.849 -0.892 -0.92 -0.917 -0.914 -0.897 -0.881 -0.873 -0.878 -0.887 -0.906 -0.94 -0.964 -0.976 -0.958 -0.939 -0.931 -0.944 -0.941 -0.929 -0.928 -0.94 -0.956 -0.965 -0.958 -0.939 -0.925 -0.929 -0.939 -0.939 -0.948 -0.971 -0.988 -1.002 -1.019 -1.042 -1.049 -1.031 -0.986 -0.934 -0.885 -0.846 -0.818 -0.792 -0.8 -0.763 -0.735 -0.729 -0.788 -0.831 -0.888 -0.945 -0.972 -0.944 -0.888 -0.815 -0.72 -0.625 -0.58 -0.593 -0.657 -0.735 -0.804 -0.857 -0.891 -0.892 -0.876 -0.855 -0.833 -0.806 -0.771
-0.762 -0.802 -0.829 -0.841 -0.861 -0.918 -0.942 -0.946 -0.944 -0.927 -0.899 -0.875 -0.863 -0.862 -0.885 -0.922 -0.953 -0.972 -0.959 -0.938 -0.923 -0.937 -0.932 -0.925 -0.92 -0.918 -0.928 -0.95 -0.961 -0.954 -0.939 -0.936 -0.928 -0.919 -0.912 -0.934 -0.966 -0.988 -1.005 -1.029 -1.05 -1.051 -1.022 -0.973 -0.923 -0.876 -0.827 -0.808 -0.797 -0.744 -0.716 -0.692 -0.753 -0.793 -0.843 -0.915 -0.959 -0.962 -0.922 -0.845 -0.76 -0.668 -0.587 -0.563 -0.606 -0.679 -0.754 -0.817 -0.863 -0.879 -0.874 -0.853 -0.831 -0.809 -0.78
-0.832 -0.861 -0.876 -0.883 -0.903 -0.941 -0.959 -0.971 -0.972 -0.953 -0.912 -0.873 -0.843 -0.836 -0.86 -0.899 -0.935 -0.963 -0.953 -0.934 -0.923 -0.936 -0.928 -0.912 -0.9 -0.898 -0.904 -0.93 -0.954 -0.964 -0.955 -0.948 -0.924 -0.896 -0.884 -0.888 -0.931 -0.964 -0.991 -1.015 -1.043 -1.058 -1.046 -1.007 -0.966 -0.911 -0.868 -0.844 -0.79 -0.736 -0.703 -0.649 -0.702 -0.754 -0.797 -0.877 -0.937 -0.963 -0.941 -0.876 -0.791 -0.701 -0.603 -0.552 -0.58 -0.635 -0.706 -0.776 -0.832 -0.86 -0.867 -0.851 -0.829 -0.807 -0.783
-0.888 -0.91 -0.925 -0.932 -0.94 -0.953 -0.966 -0.98 -0.985 -0.967 -0.922 -0.878 -0.838 -0.827 -0.845 -0.879 -0.921 -0.951 -0.948 -0.929 -0.916 -0.926 -0.928 -0.909 -0.892 -0.88 -0.884 -0.898 -0.941 -0.965 -0.965 -0.953 -0.921 -0.875 -0.847 -0.843 -0.885 -0.93 -0.97 -1.003 -1.033 -1.057 -1.057 -1.035 -1.001 -0.951 -0.916 -0.859 -0.789 -0.733 -0.685 -0.615 -0.656 -0.705 -0.748 -0.83 -0.905 -0.95 -0.955 -0.907 -0.837 -0.751 -0.648 -0.574 -0.577 -0.62 -0.676 -0.741 -0.797 -0.836 -0.855 -0.847 -0.828 -0.804 -0.781
-0.928 -0.943 -0.952 -0.949 -0.946 -0.954 -0.966 -0.981 -0.992 -0.98 -0.941 -0.895 -0.845 -0.824 -0.837 -0.858 -0.909 -0.932 -0.941 -0.934 -0.91 -0.904 -0.914 -0.911 -0.896 -0.883 -0.868 -0.874 -0.924 -0.961 -0.968 -0.955 -0.916 -0.86 -0.815 -0.803 -0.835 -0.887 -0.937 -0.978 -1.018 -1.05 -1.059 -1.049 -1.023 -0.988 -0.952 -0.891 -0.81 -0.732 -0.677 -0.589 -0.608 -0.661 -0.709 -0.774 -0.86 -0.922 -0.953 -0.931 -0.882 -0.812 -0.724 -0.637 -0.602 -0.626 -0.671 -0.725 -0.768 -0.804 -0.83 -0.834 -0.821 -0.8 -0.778
-0.951 -0.962 -0.959 -0.948 -0.943 -0.949 -0.962 -0.976 -0.995 -0.99 -0.956 -0.905 -0.863 -0.84 -0.835 -0.84 -0.892 -0.925 -0.92 -0.921 -0.907 -0.882 -0.875 -0.891 -0.897 -0.885 -0.87 -0.865 -0.915 -0.957 -0.97 -0.954 -0.918 -0.856 -0.788 -0.765 -0.779 -0.833 -0.897 -0.947 -0.995 -1.037 -1.054 -1.054 -1.036 -1.006 -0.977 -0.924 -0.838 -0.754 -0.677 -0.588 -0.57 -0.614 -0.671 -0.718 -0.799 -0.879 -0.928 -0.941 -0.917 -0.87 -0.805 -0.73 -0.676 -0.659 -0.686 -0.728 -0.758 -0.779 -0.802 -0.812 -0.806 -0.79 -0.772
-0.964 -0.97 -0.963 -0.946 -0.94 -0.949 -0.957 -0.969 -0.991 -0.995 -0.971 -0.929 -0.881 -0.859 -0.83 -0.824 -0.87 -0.912 -0.914 -0.901 -0.887 -0.858 -0.825 -0.84 -0.868 -0.875 -0.855 -0.854 -0.907 -0.954 -0.973 -0.957 -0.919 -0.858 -0.776 -0.732 -0.735 -0.776 -0.849 -0.911 -0.966 -1.017 -1.043 -1.053 -1.043 -1.017 -0.991 -0.945 -0.87 -0.772 -0.691 -0.627 -0.559 -0.563 -0.621 -0.67 -0.728 -0.822 -0.885 -0.921 -0.928 -0.91 -0.873 -0.823 -0.776 -0.736 -0.722 -0.74 -0.759 -0.767 -0.781 -0.79 -0.785 -0.777 -0.764
-0.967 -0.965 -0.954 -0.942 -0.938 -0.948 -0.95 -0.957 -0.98 -0.996 -0.987 -0.945 -0.899 -0.869 -0.828 -0.815 -0.856 -0.902 -0.904 -0.884 -0.859 -0.828 -0.785 -0.785 -0.817 -0.849 -0.859 -0.859 -0.898 -0.947 -0.971 -0.964 -0.921 -0.863 -0.78 -0.71 -0.698 -0.726 -0.794 -0.869 -0.928 -0.992 -1.027 -1.046 -1.045 -1.029 -1.003 -0.959 -0.894 -0.804 -0.719 -0.655 -0.585 -0.542 -0.569 -0.627 -0.659 -0.747 -0.828 -0.877 -0.907 -0.917 -0.908 -0.887 -0.858 -0.823 -0.785 -0.765 -0.764 -0.764 -0.769 -0.78 -0.773 -0.764 -0.756
