data/climatemaps/RS_maps/climate_winter_tmin_2012.asc
NCOLS 369 
NROWS 228 
XLLCORNER 479000 
YLLCORNER 73000 
CELLSIZE 1000 
NODATA_value -9 
[rows 136 to 169 of 228, columns 0 to 75 of 369]
-9 -9 -9 -9 -9 -9 -9 -9 0.425 0.401 0.401 0.393 0.403 0.406 0.34 0.306 0.272 0.276 0.268 0.277 0.287 0.337 0.264 0.254 0.231 0.228 0.282 0.36 0.421 0.492 0.547 0.568 0.524 0.389 0.293 0.283 0.3 0.351 0.455 0.596 0.725 0.812 0.87 0.921 0.942 0.957 0.989 1.018 0.99 1.013 1.057 1.122 1.093 1.06 1.05 1.046 1.057 1.06 1.062 1.047 1.023 1.001 0.998 0.964 0.95 0.894 0.889 0.926 1.001 1.012 1.012 0.985 1.01 0.982 0.918 0.844
-9 -9 -9 -9 -9 -9 -9 -9 0.443 0.402 0.385 0.38 0.373 0.325 0.257 0.257 0.282 0.3 0.308 0.316 0.324 0.321 0.234 0.228 0.223 0.269 0.34 0.414 0.493 0.546 0.564 0.519 0.409 0.321 0.275 0.27 0.286 0.366 0.488 0.695 0.818 0.875 0.917 0.937 0.958 0.975 1.007 1.021 1 1.036 1.123 1.12 1.11 1.097 1.061 1.056 1.065 1.077 1.069 1.048 1.016 0.989 0.981 0.938 0.93 0.88 0.87 0.917 0.991 0.996 1.001 0.97 1.019 0.996 0.95 0.875
-9 -9 -9 -9 -9 -9 -9 -9 0.424 0.383 0.37 0.359 0.284 0.243 0.245 0.265 0.296 0.326 0.331 0.338 0.337 0.249 0.204 0.225 0.266 0.335 0.4 0.473 0.54 0.563 0.509 0.409 0.339 0.308 0.263 0.236 0.252 0.439 0.612 0.789 0.887 0.925 0.942 0.957 0.975 0.998 1.029 1.017 1.023 1.056 1.132 1.13 1.121 1.107 1.062 1.07 1.079 1.082 1.06 1.037 1.012 0.998 0.954 0.931 0.919 0.888 0.867 0.945 0.993 0.992 1.003 0.965 1 1.019 0.963 0.852
-9 -9 -9 -9 -9 -9 -9 0.42 0.419 0.392 0.341 0.271 0.226 0.224 0.248 0.266 0.299 0.329 0.341 0.354 0.268 0.193 0.215 0.284 0.336 0.406 0.468 0.534 0.549 0.49 0.408 0.36 0.324 0.267 0.197 0.202 0.31 0.506 0.736 0.854 0.924 0.947 0.956 0.968 0.991 1.02 1.042 1.044 1.053 1.076 1.127 1.166 1.135 1.116 1.076 1.091 1.096 1.085 1.056 1.032 1.021 0.997 0.95 0.943 0.918 0.897 0.902 0.956 0.999 0.993 1.006 0.969 1.001 1.038 0.937 0.832
-9 -9 -9 -9 -9 -9 -9 0.404 0.39 0.387 0.283 0.24 0.253 0.24 0.25 0.276 0.297 0.305 0.331 0.322 0.198 0.22 0.262 0.328 0.396 0.457 0.52 0.548 0.452 0.367 0.344 0.346 0.287 0.208 0.184 0.263 0.374 0.526 0.79 0.91 0.946 0.957 0.961 0.985 1.008 1.024 1.058 1.08 1.088 1.108 1.143 1.193 1.161 1.129 1.093 1.107 1.109 1.088 1.056 1.04 1.03 0.997 0.973 0.942 0.899 0.88 0.901 0.953 1.001 0.995 1 0.981 1.012 1.037 0.917 0.836
-9 -9 -9 -9 -9 -9 -9 0.385 0.384 0.372 0.304 0.285 0.285 0.29 0.298 0.278 0.279 0.315 0.323 0.226 0.207 0.271 0.307 0.357 0.419 0.496 0.525 0.465 0.332 0.314 0.339 0.303 0.223 0.211 0.254 0.332 0.43 0.621 0.857 0.941 0.956 0.964 0.971 0.999 1.029 1.043 1.078 1.102 1.12 1.148 1.181 1.207 1.192 1.143 1.113 1.121 1.119 1.1 1.059 1.057 1.02 0.988 0.968 0.931 0.905 0.875 0.898 0.949 0.965 0.996 0.979 0.986 1.018 1.024 0.928 0.868
-9 -9 -9 -9 -9 -9 -9 0.377 0.363 0.323 0.303 0.291 0.324 0.325 0.284 0.263 0.29 0.316 0.234 0.224 0.237 0.28 0.316 0.379 0.473 0.486 0.43 0.383 0.321 0.345 0.346 0.264 0.227 0.269 0.304 0.396 0.578 0.797 0.924 0.959 0.968 0.974 0.987 1.016 1.051 1.074 1.097 1.122 1.157 1.184 1.212 1.231 1.205 1.168 1.147 1.142 1.134 1.113 1.071 1.052 0.998 0.961 0.95 0.944 0.917 0.893 0.913 0.948 0.941 0.972 0.972 0.982 1.033 1.025 0.948 0.876
-9 -9 -9 -9 -9 -9 -9 0.351 0.305 0.281 0.3 0.33 0.357 0.324 0.267 0.305 0.306 0.248 0.21 0.264 0.281 0.311 0.36 0.463 0.469 0.395 0.353 0.328 0.327 0.356 0.326 0.252 0.306 0.348 0.402 0.582 0.791 0.912 0.957 0.97 0.975 0.977 0.994 1.018 1.066 1.108 1.118 1.151 1.176 1.2 1.229 1.245 1.222 1.203 1.197 1.177 1.15 1.127 1.08 1.046 1.002 0.978 0.948 0.937 0.927 0.916 0.93 0.929 0.939 0.944 0.975 0.992 1.039 1.028 0.963 0.86
-9 -9 -9 -9 -9 -9 -9 0.278 0.275 0.257 0.282 0.373 0.371 0.326 0.339 0.334 0.247 0.205 0.229 0.267 0.293 0.336 0.449 0.43 0.366 0.342 0.321 0.347 0.354 0.326 0.29 0.294 0.372 0.429 0.611 0.801 0.91 0.951 0.97 0.972 0.989 0.986 1.009 1.036 1.087 1.135 1.147 1.171 1.176 1.214 1.226 1.257 1.251 1.235 1.241 1.218 1.174 1.138 1.107 1.059 1.019 1.003 0.961 0.949 0.946 0.921 0.912 0.918 0.955 0.954 0.961 1.003 1.029 1.016 0.98 0.897
-9 -9 -9 -9 -9 -9 -9 0.231 0.266 0.269 0.323 0.403 0.385 0.379 0.366 0.262 0.184 0.211 0.243 0.272 0.303 0.396 0.404 0.322 0.305 0.277 0.306 0.356 0.34 0.302 0.356 0.431 0.468 0.592 0.79 0.896 0.94 0.962 0.962 0.971 0.991 0.989 1.03 1.067 1.106 1.162 1.166 1.17 1.186 1.227 1.228 1.257 1.278 1.278 1.279 1.254 1.21 1.16 1.138 1.091 1.061 1.033 0.992 0.982 0.972 0.938 0.931 0.946 0.983 0.981 0.979 1.005 0.996 1.007 0.984 0.919
-9 -9 -9 -9 -9 -9 -9 0.232 0.275 0.32 0.421 0.452 0.457 0.395 0.275 0.188 0.195 0.219 0.236 0.279 0.372 0.384 0.273 0.248 0.216 0.243 0.325 0.354 0.341 0.405 0.494 0.566 0.644 0.765 0.863 0.94 0.967 0.977 0.974 0.974 0.993 1.002 1.046 1.096 1.138 1.188 1.176 1.18 1.203 1.237 1.247 1.253 1.292 1.298 1.3 1.287 1.253 1.196 1.164 1.123 1.112 1.081 1.048 1.019 0.988 0.964 0.968 0.989 1.021 1.019 1.006 0.99 0.963 1 0.969 0.907
-9 -9 -9 -9 -9 -9 0.219 0.253 0.331 0.425 0.436 0.41 0.479 0.304 0.201 0.189 0.205 0.209 0.253 0.353 0.387 0.28 0.216 0.177 0.203 0.3 0.325 0.283 0.358 0.477 0.565 0.62 0.674 0.785 0.897 0.96 0.98 0.998 1.002 0.998 1.035 1.059 1.063 1.115 1.168 1.194 1.202 1.211 1.214 1.247 1.265 1.287 1.307 1.303 1.317 1.312 1.291 1.247 1.204 1.169 1.16 1.121 1.108 1.039 1.002 0.984 1.004 1.025 1.046 1.037 1.009 0.981 0.971 0.97 0.935 0.888
-9 -9 -9 -9 -9 0.307 0.262 0.368 0.451 0.423 0.337 0.33 0.456 0.284 0.188 0.177 0.184 0.231 0.343 0.37 0.28 0.209 0.151 0.174 0.255 0.34 0.302 0.278 0.386 0.492 0.633 0.66 0.72 0.857 0.922 0.966 0.996 1.02 1.026 1.019 1.066 1.086 1.113 1.164 1.178 1.182 1.222 1.245 1.262 1.287 1.306 1.294 1.317 1.308 1.323 1.336 1.33 1.298 1.267 1.229 1.212 1.192 1.164 1.09 1.065 1.031 1.034 1.028 1.034 1.03 1.013 0.985 0.952 0.841 0.895 0.857
-9 -9 -9 -9 -9 0.36 0.372 0.464 0.427 0.332 0.27 0.281 0.442 0.306 0.171 0.17 0.214 0.314 0.369 0.287 0.171 0.141 0.145 0.233 0.315 0.338 0.306 0.366 0.486 0.61 0.722 0.771 0.835 0.89 0.938 0.97 0.991 1.005 1.056 1.075 1.083 1.135 1.167 1.195 1.196 1.211 1.252 1.273 1.298 1.315 1.32 1.32 1.319 1.326 1.342 1.35 1.351 1.348 1.325 1.301 1.292 1.286 1.245 1.209 1.138 1.064 1.03 0.959 0.985 1.025 1.028 0.989 0.869 0.761 0.875 0.825
-9 -9 -9 -9 -9 0.509 0.518 0.475 0.355 0.263 0.229 0.27 0.443 0.34 0.208 0.221 0.299 0.356 0.322 0.188 0.109 0.111 0.208 0.301 0.343 0.316 0.343 0.465 0.586 0.697 0.737 0.798 0.87 0.904 0.944 0.965 0.981 1.019 1.056 1.122 1.133 1.155 1.166 1.209 1.217 1.238 1.267 1.287 1.309 1.317 1.32 1.326 1.331 1.338 1.341 1.35 1.352 1.357 1.354 1.356 1.355 1.354 1.343 1.318 1.216 1.08 1.034 0.983 0.961 1.037 1.031 0.973 0.799 0.703 0.842 0.83
-9 -9 -9 -9 -9 0.524 0.426 0.366 0.28 0.255 0.253 0.271 0.441 0.37 0.273 0.273 0.325 0.338 0.218 0.089 0.103 0.171 0.267 0.312 0.369 0.368 0.457 0.565 0.688 0.77 0.769 0.81 0.846 0.875 0.925 0.955 0.975 1.008 1.058 1.118 1.168 1.2 1.187 1.209 1.23 1.254 1.281 1.299 1.309 1.311 1.315 1.322 1.326 1.33 1.337 1.341 1.345 1.351 1.354 1.357 1.357 1.356 1.352 1.352 1.337 1.226 1.186 1.157 1.024 1.054 0.996 0.94 0.778 0.627 0.77 0.821
-9 -9 -9 -9 0.563 0.379 0.353 0.319 0.283 0.266 0.259 0.356 0.392 0.364 0.274 0.278 0.3 0.288 0.132 0.077 0.129 0.222 0.276 0.331 0.409 0.457 0.578 0.669 0.763 0.821 0.799 0.809 0.814 0.852 0.906 0.943 0.985 1.023 1.093 1.166 1.194 1.22 1.213 1.224 1.244 1.272 1.291 1.297 1.302 1.303 1.312 1.313 1.319 1.324 1.328 1.334 1.34 1.344 1.345 1.346 1.35 1.35 1.35 1.344 1.34 1.325 1.31 1.305 1.182 1.073 1.012 0.924 0.836 0.729 0.729 0.818
-9 -9 -9 -9 0.407 0.368 0.35 0.316 0.286 0.206 0.271 0.334 0.295 0.309 0.288 0.266 0.271 0.236 0.173 0.127 0.16 0.209 0.278 0.379 0.454 0.55 0.65 0.743 0.804 0.855 0.843 0.811 0.835 0.9 0.973 1.028 1.087 1.128 1.174 1.205 1.213 1.233 1.232 1.243 1.255 1.274 1.284 1.29 1.292 1.296 1.301 1.305 1.308 1.316 1.321 1.323 1.327 1.327 1.331 1.333 1.333 1.334 1.334 1.332 1.323 1.321 1.313 1.301 1.282 1.189 1.14 1.041 0.951 0.916 0.91 0.954
-9 -9 -9 -9 0.403 0.371 0.323 0.299 0.211 0.178 0.184 0.25 0.227 0.241 0.283 0.271 0.223 0.184 0.184 0.183 0.193 0.219 0.293 0.411 0.492 0.558 0.694 0.793 0.845 0.884 0.868 0.846 0.911 1.011 1.085 1.137 1.181 1.2 1.216 1.226 1.229 1.236 1.245 1.256 1.264 1.273 1.275 1.278 1.282 1.283 1.288 1.293 1.299 1.304 1.305 1.309 1.31 1.313 1.317 1.317 1.318 1.321 1.321 1.319 1.309 1.306 1.3 1.288 1.274 1.261 1.24 1.215 1.172 1.14 1.104 1.073
-9 -9 -9 -9 0.402 0.342 0.281 0.246 0.177 0.123 0.101 0.104 0.166 0.193 0.207 0.217 0.198 0.205 0.246 0.253 0.254 0.299 0.378 0.46 0.52 0.628 0.747 0.844 0.883 0.907 0.889 0.919 1.031 1.092 1.13 1.172 1.205 1.215 1.224 1.229 1.236 1.236 1.246 1.252 1.256 1.262 1.264 1.265 1.265 1.269 1.274 1.282 1.287 1.287 1.291 1.293 1.296 1.303 1.304 1.304 1.308 1.304 1.304 1.301 1.299 1.288 1.283 1.275 1.257 1.244 1.226 1.204 1.187 1.163 1.134 1.089
-9 -9 -9 -9 0.356 0.312 0.25 0.197 0.171 0.117 0.079 0.054 0.082 0.18 0.132 0.089 0.181 0.192 0.162 0.236 0.306 0.359 0.437 0.537 0.61 0.714 0.833 0.891 0.942 0.942 0.971 1.046 1.105 1.12 1.147 1.181 1.202 1.207 1.212 1.222 1.225 1.225 1.235 1.24 1.242 1.247 1.247 1.248 1.251 1.253 1.262 1.268 1.27 1.27 1.275 1.276 1.281 1.286 1.287 1.287 1.289 1.287 1.287 1.282 1.28 1.269 1.264 1.256 1.239 1.225 1.209 1.193 1.17 1.146 1.123 1.095
-9 -9 -9 0.364 0.321 0.282 0.23 0.193 0.162 0.109 0.057 0.04 0.117 0.132 0.071 0.07 0.146 0.096 0.039 0.13 0.215 0.325 0.45 0.645 0.776 0.847 0.913 0.944 0.969 1.015 1.055 1.094 1.12 1.123 1.162 1.181 1.188 1.191 1.199 1.208 1.208 1.209 1.222 1.224 1.225 1.23 1.23 1.231 1.236 1.24 1.244 1.25 1.253 1.253 1.258 1.258 1.261 1.269 1.268 1.266 1.267 1.269 1.268 1.265 1.26 1.251 1.242 1.234 1.219 1.205 1.189 1.172 1.152 1.126 1.103 1.079
-9 -9 -9 0.334 0.281 0.213 0.209 0.185 0.163 0.119 0.088 0.094 0.092 0.06 0.071 0.116 0.076 -0.002 0.017 0.071 0.16 0.353 0.582 0.726 0.826 0.893 0.938 0.982 1.003 1.036 1.072 1.094 1.111 1.136 1.158 1.167 1.174 1.179 1.187 1.191 1.191 1.2 1.204 1.207 1.211 1.213 1.213 1.214 1.219 1.221 1.225 1.23 1.232 1.232 1.237 1.241 1.243 1.249 1.248 1.247 1.245 1.246 1.245 1.242 1.237 1.23 1.222 1.21 1.198 1.187 1.169 1.15 1.13 1.106 1.085 1.062
-9 -9 -9 0.313 0.242 0.206 0.205 0.175 0.147 0.122 0.114 0.058 0.02 0.05 0.146 0.133 0.085 0.001 0.057 0.193 0.322 0.524 0.7 0.8 0.861 0.908 0.952 0.996 1.027 1.051 1.068 1.089 1.121 1.139 1.147 1.152 1.159 1.163 1.171 1.174 1.177 1.185 1.185 1.187 1.191 1.196 1.196 1.196 1.198 1.201 1.204 1.209 1.211 1.213 1.215 1.22 1.221 1.223 1.226 1.227 1.226 1.225 1.219 1.217 1.212 1.207 1.2 1.188 1.177 1.163 1.148 1.127 1.108 1.086 1.064 1.042
-9 -9 -9 0.306 0.254 0.203 0.18 0.167 0.128 0.143 0.059 0.006 0.022 0.124 0.184 0.12 0.073 0.063 0.136 0.281 0.473 0.682 0.78 0.844 0.889 0.926 0.962 0.992 1.017 1.049 1.071 1.083 1.106 1.126 1.129 1.138 1.142 1.146 1.148 1.156 1.157 1.163 1.168 1.168 1.168 1.169 1.179 1.177 1.18 1.18 1.185 1.186 1.187 1.196 1.197 1.198 1.202 1.203 1.204 1.204 1.201 1.201 1.198 1.196 1.189 1.183 1.174 1.168 1.154 1.142 1.123 1.106 1.085 1.063 1.039 1.019
-9 -9 -9 -9 0.219 0.188 0.188 0.173 0.147 0.124 0.04 0.067 0.137 0.206 0.132 0.085 0.055 0.121 0.221 0.381 0.607 0.761 0.826 0.861 0.896 0.929 0.962 0.989 1.013 1.037 1.062 1.077 1.098 1.111 1.112 1.12 1.128 1.129 1.131 1.135 1.142 1.146 1.15 1.151 1.151 1.151 1.152 1.157 1.157 1.158 1.158 1.162 1.164 1.165 1.17 1.17 1.171 1.17 1.16 1.154 1.158 1.155 1.134 1.075 0.954 1.005 1.023 1.083 1.116 1.117 1.1 1.087 1.064 1.044 1.019 0.995
-9 -9 -9 -9 0.237 0.242 0.219 0.177 0.128 0.08 0.075 0.172 0.264 0.211 0.103 0.047 0.073 0.175 0.294 0.526 0.703 0.801 0.839 0.867 0.898 0.929 0.962 0.99 1.014 1.038 1.062 1.074 1.084 1.095 1.095 1.096 1.111 1.111 1.112 1.117 1.117 1.12 1.123 1.124 1.132 1.133 1.134 1.128 1.119 1.124 1.125 1.128 1.123 1.1 1.082 1.059 1.051 1.052 1.053 1.041 1.023 0.998 0.946 0.808 0.64 0.673 0.657 0.736 0.89 0.995 1.052 1.057 1.038 1.019 0.998 0.973
-9 -9 -9 -9 0.293 0.256 0.171 0.161 0.13 0.104 0.114 0.259 0.251 0.107 0.01 0.024 0.087 0.231 0.456 0.648 0.758 0.805 0.847 0.876 0.908 0.939 0.97 0.994 1.016 1.041 1.058 1.061 1.066 1.078 1.078 1.083 1.09 1.094 1.095 1.099 1.099 1.101 1.101 1.101 1.105 1.106 1.107 1.095 1.084 1.088 1.059 1.014 0.983 0.951 0.925 0.889 0.878 0.882 0.868 0.82 0.762 0.716 0.658 0.602 0.51 0.406 0.328 0.376 0.42 0.629 0.676 0.834 0.893 0.938 0.953 0.926
-9 -9 -9 -9 0.318 0.195 0.174 0.166 0.148 0.173 0.253 0.185 0.069 0.031 0.025 0.08 0.126 0.355 0.599 0.73 0.778 0.811 0.856 0.883 0.908 0.933 0.962 0.99 1.02 1.029 1.044 1.044 1.053 1.06 1.061 1.06 1.066 1.075 1.076 1.076 1.078 1.082 1.083 1.084 1.084 1.08 1.079 1.053 1.044 1.029 0.952 0.893 0.838 0.797 0.758 0.725 0.706 0.703 0.687 0.66 0.625 0.527 0.353 0.42 0.236 0.008 -0.094 -0.076 -0.013 0.161 0.111 0.432 0.527 0.603 0.701 0.782
-9 -9 -9 -9 -9 0.152 0.124 0.123 0.214 0.264 0.106 0.022 0.131 0.17 0.292 0.274 0.335 0.46 0.654 0.75 0.793 0.831 0.861 0.872 0.894 0.921 0.955 0.991 1.011 1.017 1.027 1.027 1.037 1.033 1.031 1.019 1.025 1.05 1.055 1.056 1.059 1.059 1.062 1.062 1.056 1.039 1.017 0.993 0.985 0.951 0.884 0.812 0.768 0.716 0.682 0.66 0.637 0.628 0.605 0.58 0.542 0.386 0.317 0.251 0.077 -0.015 -0.138 -0.288 -0.225 -0.053 0.228 0.46 0.213 0.059 0.097 0.334
-9 -9 -9 -9 -9 -9 0.095 0.141 0.297 0.121 -0.047 0.039 0.282 0.369 0.466 0.495 0.533 0.539 0.653 0.673 0.793 0.838 0.854 0.865 0.89 0.919 0.962 0.986 0.994 1.002 1.01 1.01 1.005 0.994 0.982 0.976 0.984 1.02 1.034 1.036 1.037 1.033 1.023 1.017 1.005 0.984 0.963 0.937 0.901 0.87 0.886 0.796 0.738 0.675 0.643 0.61 0.596 0.576 0.549 0.543 0.528 0.467 0.445 0.346 0.25 0.068 -0.252 -0.255 -0.039 0.134 0.079 0.089 -0.305 -0.502 -0.389 -0.015
-9 -9 -9 -9 -9 -9 0.116 0.245 0.235 -0.006 -0.087 0.24 0.446 0.509 0.568 0.619 0.633 0.641 0.625 0.72 0.81 0.832 0.838 0.858 0.893 0.928 0.962 0.973 0.981 0.987 0.99 0.988 0.967 0.957 0.952 0.958 0.965 0.993 1.009 1.01 1.011 0.996 0.972 0.957 0.948 0.935 0.913 0.877 0.829 0.792 0.818 0.801 0.75 0.685 0.623 0.564 0.539 0.534 0.547 0.517 0.422 0.348 0.266 0.256 0.189 -0.15 -0.429 -0.367 -0.276 -0.198 -0.387 -0.459 -0.593 -0.546 -0.33 -0.02
-9 -9 -9 -9 -9 -9 0.211 0.282 0.068 -0.065 -0.026 0.268 0.334 0.526 0.623 0.663 0.667 0.614 0.648 0.763 0.81 0.825 0.833 0.86 0.896 0.926 0.948 0.961 0.965 0.97 0.971 0.949 0.929 0.933 0.935 0.949 0.957 0.973 0.982 0.988 0.98 0.951 0.937 0.912 0.883 0.878 0.853 0.825 0.79 0.763 0.722 0.692 0.703 0.737 -9 -9 -9 0.572 0.589 0.499 0.335 0.194 0.023 0.024 -0.042 -0.226 -0.346 -0.494 -0.476 -0.499 -0.64 -0.606 -0.552 -0.401 -0.26 -0.16
-9 -9 -9 -9 0.15 0.195 0.33 0.209 -0.013 -0.11 0.003 0.151 0.346 0.585 0.657 0.687 0.677 0.668 0.721 0.774 0.803 0.803 0.836 0.865 0.891 0.922 0.941 0.947 0.953 0.953 0.945 0.917 0.905 0.917 0.928 0.934 0.936 0.948 0.951 0.946 0.928 0.903 0.893 0.879 0.834 0.774 0.777 0.778 0.758 0.694 0.605 0.426 -9 -9 -9 -9 -9 0.552 0.548 0.541 0.501 0.396 0.155 0.02 -0.139 -0.265 -0.302 -0.4 -0.359 -0.365 -0.755 -0.745 -0.605 -0.453 -0.244 -0.005
