data/climatemaps/RS_maps/climate_postbreed_tmp_2000.asc
NCOLS 369 
NROWS 228 
XLLCORNER 479000 
YLLCORNER 73000 
CELLSIZE 1000 
NODATA_value -9 
[rows 102 to 135 of 228, columns 231 to 307 of 369]
-0.917 -1.033 -1.147 -1.202 -1.391 -1.116 -0.642 0.013 0.569 0.734 0.293 -0.485 -0.502 -0.689 -1.062 -1.296 -1.165 -1.156 -1.033 -0.761 -0.37 0.16 0.22 -0.249 -0.361 -0.575 -0.979 -1.706 -1.762 -1.333 -0.966 -0.813 -0.741 -0.656 -0.557 -0.441 -0.483 -0.929 -0.99 -0.582 -0.864 -0.682 -0.198 0.264 0.046 -0.707 -0.59 -0.136 0.161 0.476 0.859 0.877 0.668 0.023 -0.46 -0.229 -0.219 -0.646 -0.679 -0.327 0.057 0.075 -0.067 0.151 0.311 0.411 0.402 0.42 0.359 0.287 0.103 -0.19 -0.496 -0.981 -1.162 -1.287 -1.003
-0.837 -0.808 -0.962 -1.307 -1.196 -0.841 -0.49 0.176 0.753 0.452 0.124 -0.482 -0.977 -1.076 -1.25 -1.527 -1.396 -0.951 -0.696 -0.427 -0.11 0.169 0.145 -0.129 -0.555 -0.829 -1.398 -2.045 -1.851 -1.309 -1.032 -1.072 -1.209 -1.092 -1.069 -0.852 -0.639 -0.441 -0.345 -0.108 -0.028 0.047 0.285 0.108 -0.634 -0.977 -0.907 -0.497 -0.034 0.361 0.854 0.866 0.534 0.007 -0.462 -0.588 -0.282 -0.558 -0.833 -0.517 -0.206 -0.028 -0.344 -0.327 -0.125 0.143 0.085 0.062 0.135 0.248 0.324 0.194 -0.069 -0.608 -0.858 -0.999 -0.77
-0.889 -1.208 -1.159 -0.815 -0.427 -0.249 0.003 0.481 0.603 -0.061 -0.292 -0.191 -0.729 -1.221 -1.358 -1.356 -1.223 -0.894 -0.383 -0.052 0.088 -0.108 -0.426 -0.367 -0.856 -1.284 -1.724 -1.93 -1.892 -1.67 -1.514 -1.616 -1.845 -1.874 -1.932 -1.694 -1.387 -1.29 -1.441 -1.206 -0.647 0.106 0.102 -0.797 -1.553 -1.323 -0.923 -0.513 -0.018 0.498 0.876 0.823 0.479 0.066 -0.435 -0.822 -0.432 -0.519 -0.916 -0.739 -0.46 -0.156 -0.57 -0.751 -0.516 -0.102 -0.297 -0.455 -0.283 -0.091 0.051 0.158 0.286 -0.005 -0.422 -0.515 -0.406
-1.217 -1.004 -0.46 -0.209 -0.256 -0.311 -0.152 0.45 0.461 -0.126 -0.734 -0.384 -0.475 -1.124 -1.326 -1.088 -0.803 -0.571 -0.205 0.008 -0.273 -0.84 -1.01 -0.771 -1.219 -1.56 -1.66 -1.723 -1.707 -1.676 -1.408 -1.461 -1.791 -1.902 -2.023 -2.1 -2.064 -1.905 -1.252 -0.819 -0.378 0.197 -0.273 -1.087 -1.576 -1.182 -0.877 -0.398 0.232 0.748 0.844 0.737 0.452 -0.032 -0.365 -0.832 -0.606 -0.75 -1.09 -0.932 -0.506 -0.381 -0.628 -1.05 -0.775 -0.412 -0.608 -0.768 -0.651 -0.476 -0.316 -0.149 0.134 0.225 0.081 0.016 -0.23
-0.784 -0.341 -0.246 -0.443 -0.69 -0.801 -0.451 0.386 0.345 -0.339 -0.942 -0.793 -0.486 -1.234 -1.413 -0.969 -0.515 -0.344 -0.198 -0.52 -0.93 -1.49 -1.408 -1.207 -1.711 -1.584 -1.372 -1.478 -1.564 -1.338 -1.14 -1.075 -1.395 -1.635 -1.855 -1.87 -1.573 -1.535 -1.156 -0.698 -0.117 0.083 -0.585 -1.476 -1.364 -1.073 -0.722 -0.239 0.417 0.839 0.768 0.618 0.367 -0.159 -0.555 -0.89 -0.844 -1.179 -1.173 -0.876 -0.596 -0.784 -0.854 -1.211 -0.901 -0.761 -0.828 -1.051 -0.873 -0.67 -0.562 -0.537 -0.435 -0.179 0.04 0.101 -0.087
-0.356 -0.379 -0.649 -0.846 -0.809 -0.718 -0.298 0.402 0.029 -0.641 -1.362 -1.169 -0.795 -1.597 -1.537 -1.078 -0.838 -0.738 -0.449 -1.123 -1.808 -1.876 -1.72 -1.693 -1.873 -1.622 -1.214 -1.354 -1.577 -1.634 -1.553 -1.071 -0.998 -1.382 -1.741 -1.816 -1.609 -1.192 -0.732 -0.336 0.043 -0.263 -0.865 -1.436 -1.173 -0.79 -0.407 0.12 0.663 0.861 0.726 0.516 0.202 -0.402 -0.956 -1.143 -1.208 -1.386 -1.143 -0.965 -1.041 -1.174 -1.072 -1.221 -0.9 -1.075 -1.084 -1.237 -1.079 -0.885 -0.844 -0.917 -0.889 -0.644 -0.388 -0.127 0.016
-0.568 -0.807 -1.129 -1.079 -0.903 -0.671 -0.25 0.269 -0.395 -1.122 -1.724 -1.505 -1.471 -1.901 -1.86 -1.605 -1.538 -1.197 -0.811 -1.592 -2.013 -1.892 -1.689 -1.599 -1.531 -1.541 -1.311 -1.037 -1.056 -1.387 -1.477 -1.375 -0.742 -0.98 -1.404 -1.551 -1.544 -1.075 -0.652 -0.183 -0.037 -0.635 -1.134 -1.112 -0.829 -0.32 0.119 0.574 0.845 0.859 0.715 0.389 -0.132 -0.698 -1.012 -0.964 -1.201 -1.274 -1.248 -1.186 -1.242 -1.22 -1.239 -1.151 -1.048 -1.199 -1.293 -1.268 -1.173 -1.131 -1.143 -1.302 -1.239 -1.086 -0.738 -0.344 -0.058
-1.009 -1.188 -1.651 -1.461 -1.208 -0.932 -0.31 0.03 -0.622 -1.383 -1.674 -1.677 -2.036 -1.797 -1.852 -1.616 -1.601 -1.442 -1.355 -1.866 -1.704 -1.638 -1.509 -1.38 -1.274 -1.21 -1.131 -0.834 -0.639 -0.816 -1.14 -1.226 -0.722 -0.544 -0.899 -1.256 -1.263 -0.921 -0.619 -0.152 -0.126 -0.698 -0.851 -0.529 -0.211 0.24 0.657 0.837 0.87 0.843 0.57 0.055 -0.489 -0.583 -0.552 -0.554 -0.824 -0.787 -0.921 -0.887 -1.008 -0.993 -1.052 -1.249 -1.312 -1.21 -1.137 -1.051 -1.124 -1.266 -1.388 -1.424 -1.208 -1.062 -0.786 -0.408 -0.312
-1.417 -1.693 -1.83 -1.663 -1.312 -0.797 -0.29 -0.848 -0.774 -1.187 -1.464 -1.594 -2.062 -1.645 -1.6 -1.593 -1.375 -1.532 -1.588 -1.618 -1.367 -1.361 -1.375 -1.17 -1.074 -0.938 -0.839 -0.702 -0.369 -0.38 -0.536 -0.836 -0.658 -0.246 -0.379 -0.878 -0.992 -0.8 -0.362 0.13 0.156 -0.209 -0.103 0.253 0.515 0.728 0.868 0.866 0.814 0.769 0.469 -0.131 -0.236 -0.132 -0.165 -0.261 -0.436 -0.457 -0.579 -0.532 -0.666 -0.729 -0.859 -1.105 -1.206 -0.91 -0.923 -1.196 -1.418 -1.552 -1.587 -1.44 -1.124 -0.742 -0.552 -0.409 -0.568
-1.893 -1.914 -1.582 -1.454 -1.054 -0.309 -0.612 -1.702 -1.284 -0.878 -1.053 -1.735 -2.04 -1.701 -1.424 -1.406 -1.158 -1.413 -1.248 -1.332 -1.044 -1.106 -1.426 -1.284 -1.094 -0.888 -0.631 -0.521 -0.275 -0.114 0.001 -0.105 -0.06 0.136 0.105 -0.315 -0.476 -0.44 -0.094 0.376 0.554 0.48 0.621 0.765 0.841 0.866 0.768 0.626 0.29 0.364 0.629 0.306 0.338 0.368 0.265 0.161 0.024 -0.06 -0.16 -0.217 -0.262 -0.367 -0.619 -0.818 -1.002 -0.764 -1.117 -1.461 -1.521 -1.731 -1.683 -1.505 -1.171 -0.682 -0.494 -0.592 -0.919
-2.09 -1.717 -1.177 -1.036 -0.664 -0.174 -0.99 -2.004 -1.792 -1.097 -0.977 -1.838 -1.76 -1.778 -1.466 -1.019 -0.572 -0.95 -0.868 -1.157 -0.883 -0.878 -1.235 -1.315 -1.178 -1.078 -0.738 -0.4 -0.124 0.025 0.186 0.235 0.292 0.425 0.469 0.307 0.174 0.201 0.34 0.577 0.753 0.8 0.856 0.87 0.839 0.727 0.445 0.076 -0.237 0.113 0.537 0.554 0.422 0.355 0.369 0.442 0.358 0.218 0.142 0.072 -0.012 -0.095 -0.277 -0.437 -0.637 -0.653 -1.083 -1.251 -1.251 -1.462 -1.639 -1.416 -1.088 -0.62 -0.475 -0.823 -1.255
-2.061 -1.453 -1.143 -1.302 -1.113 -0.635 -1.031 -2.044 -1.842 -1.106 -1.189 -1.753 -1.614 -1.454 -1.416 -1.289 -0.687 -0.474 -0.709 -1.16 -1.045 -0.711 -1.014 -1.155 -0.881 -0.842 -0.616 -0.229 0.021 0.129 0.199 0.272 0.335 0.465 0.573 0.556 0.602 0.648 0.708 0.797 0.811 0.789 0.831 0.588 0.396 0.25 -0.07 -0.487 -0.405 0.015 0.341 -0.015 -0.097 -0.136 -0.175 0.04 0.065 0.025 -0.142 -0.231 -0.327 -0.362 -0.176 -0.258 -0.489 -0.676 -0.83 -0.957 -1.179 -1.359 -1.478 -1.189 -0.808 -0.461 -0.532 -0.893 -1.05
-1.968 -1.551 -1.719 -1.94 -1.377 -0.937 -1.365 -1.934 -1.611 -1.183 -1.496 -1.542 -1.578 -1.293 -1.031 -0.945 -0.712 -0.188 -0.577 -1.164 -1.069 -0.696 -0.778 -0.863 -0.542 -0.462 -0.437 -0.188 0.137 0.201 0.16 0.282 0.411 0.499 0.588 0.674 0.665 0.725 0.776 0.815 0.84 0.713 0.456 0.046 -0.173 -0.238 -0.482 -0.78 -0.375 0.108 0.158 -0.295 -0.629 -0.565 -0.546 -0.287 -0.289 -0.514 -0.669 -0.765 -0.834 -0.792 -0.379 -0.384 -0.718 -0.881 -1.042 -1.03 -1.412 -1.357 -1.169 -0.884 -0.531 -0.415 -0.667 -0.764 -0.836
-1.776 -2.018 -2.606 -2.495 -1.527 -1.425 -2.129 -2.08 -1.763 -1.5 -1.42 -1.133 -1.109 -1.267 -1.008 -0.597 -0.471 -0.084 -0.337 -0.857 -0.812 -0.616 -0.548 -0.72 -0.32 -0.099 -0.141 -0.014 0.286 0.324 0.291 0.476 0.609 0.628 0.721 0.57 0.52 0.643 0.662 0.793 0.761 0.322 -0.108 -0.496 -0.702 -0.722 -0.978 -0.897 -0.386 0.09 -0.012 -0.465 -0.888 -0.981 -0.868 -0.65 -0.55 -1.044 -1.127 -1.092 -0.996 -0.811 -0.427 -0.561 -0.856 -1.133 -1.414 -1.397 -1.492 -1.193 -0.87 -0.554 -0.422 -0.515 -0.548 -0.941 -1.309
-1.357 -1.709 -2.496 -2.331 -1.962 -2.212 -2.344 -1.989 -1.589 -1.194 -1.024 -0.85 -0.658 -1.115 -1.077 -0.632 -0.396 -0.133 -0.023 -0.449 -0.378 -0.415 -0.34 -0.577 -0.254 0.15 0.193 0.234 0.443 0.557 0.609 0.674 0.593 0.455 0.549 0.594 0.312 0.23 0.442 0.776 0.636 -0.024 -0.313 -0.64 -0.836 -0.897 -1.031 -1 -0.578 -0.08 -0.045 -0.46 -0.829 -1.234 -1.111 -1.016 -0.712 -1.309 -1.345 -1.133 -0.887 -0.699 -0.469 -0.76 -1.018 -1.263 -1.557 -1.559 -1.479 -1.222 -0.751 -0.407 -0.699 -1.091 -0.841 -0.614 -1.107
-1.184 -1.647 -2.202 -2.343 -2.051 -1.873 -2.025 -1.732 -1.488 -1.375 -1.377 -1.079 -0.62 -0.713 -0.856 -0.568 -0.281 -0.136 0.178 0.017 0.064 -0.045 0.002 -0.176 -0.009 0.325 0.562 0.593 0.638 0.676 0.633 0.591 0.344 0.052 0.221 0.602 0.208 -0.264 0.127 0.634 0.777 0.256 -0.258 -0.358 -0.524 -0.776 -1.109 -1.104 -0.726 -0.229 -0.034 -0.364 -0.662 -1.112 -1.337 -1.134 -1.004 -1.359 -1.194 -0.956 -0.767 -0.577 -0.594 -1.009 -1.392 -1.628 -1.543 -1.358 -1.268 -0.992 -0.548 -0.465 -0.933 -1.319 -1.352 -0.754 -0.808
-0.949 -1.514 -1.829 -1.932 -1.844 -1.484 -1.822 -1.994 -1.81 -1.528 -1.386 -1.093 -0.686 -0.363 -0.476 -0.361 -0.057 0.109 0.356 0.426 0.478 0.402 0.451 0.341 0.424 0.593 0.738 0.719 0.615 0.44 0.263 0.276 0.011 -0.338 0.06 0.353 0.306 -0.451 -0.195 0.343 0.705 0.498 -0.142 0.005 -0.24 -0.729 -1.238 -1.161 -0.718 -0.428 -0.165 -0.189 -0.511 -0.988 -1.5 -1.285 -1.312 -1.256 -1.002 -0.811 -0.731 -0.537 -0.868 -1.221 -1.49 -1.521 -1.488 -1.265 -0.947 -0.626 -0.359 -0.592 -0.956 -1.363 -1.521 -1.193 -0.776
-0.833 -1.415 -1.625 -1.831 -1.856 -1.467 -1.216 -1.555 -1.372 -1.144 -0.943 -0.616 -0.313 -0.147 -0.129 -0.1 0.082 0.374 0.557 0.526 0.459 0.477 0.596 0.638 0.689 0.715 0.678 0.463 0.046 -0.199 -0.217 -0.098 -0.099 -0.451 -0.223 -0.053 0.342 -0.298 -0.42 -0.095 0.327 0.767 0.403 0.255 -0.205 -0.527 -1.042 -1.253 -1.03 -0.785 -0.481 -0.216 -0.419 -0.897 -1.482 -1.546 -1.547 -1.261 -0.939 -1.066 -1.01 -0.657 -1.148 -1.467 -1.655 -1.588 -1.184 -1.039 -0.757 -0.408 -0.515 -0.638 -0.671 -1.115 -1.49 -1.484 -1.068
-0.766 -1.412 -1.711 -1.608 -1.453 -1.397 -0.894 -0.804 -0.791 -0.672 -0.473 -0.276 0.006 0.111 0.174 0.214 0.414 0.518 0.327 0.201 0.12 0.097 0.133 0.266 0.54 0.635 0.348 -0.074 -0.44 -0.655 -0.546 -0.4 -0.259 -0.865 -0.764 -0.219 0.262 -0.201 -0.646 -0.196 0.401 0.826 0.711 0.433 -0.061 -0.363 -0.636 -1.102 -1.35 -0.959 -0.609 -0.332 -0.439 -0.883 -1.428 -1.634 -1.475 -1.295 -1.116 -1.291 -0.903 -1.101 -1.225 -1.493 -1.541 -1.357 -1.209 -0.898 -0.481 -0.419 -0.783 -1.009 -0.645 -0.888 -1.326 -1.539 -1.388
-0.56 -1.104 -1.557 -1.266 -1.078 -0.952 -0.73 -0.223 -0.181 -0.107 -0.027 0.112 0.339 0.441 0.46 0.406 0.364 0.145 -0.008 -0.122 -0.251 -0.33 -0.229 0.02 0.289 0.617 0.217 -0.324 -0.618 -0.865 -1.077 -0.974 -0.74 -1.024 -0.808 -0.405 0.098 -0.31 -0.675 -0.172 0.317 0.758 0.756 0.587 0.21 -0.208 -0.501 -0.992 -1.297 -0.937 -0.538 -0.321 -0.525 -0.965 -1.526 -1.826 -1.575 -1.581 -1.57 -1.194 -1.142 -1.474 -1.4 -1.535 -1.428 -1.159 -0.902 -0.672 -0.354 -0.556 -0.974 -1.253 -0.93 -0.805 -1.237 -1.582 -1.587
-0.609 -0.683 -1.29 -0.954 -0.731 -0.369 -0.208 0.167 0.349 0.388 0.412 0.426 0.319 0.225 0.151 0.079 0.045 -0.151 -0.291 -0.382 -0.522 -0.686 -0.5 -0.257 0.041 0.516 0.28 0 -0.13 -0.474 -1.064 -1.515 -1.241 -1.005 -0.497 -0.172 -0.022 -0.584 -0.681 -0.205 0.257 0.693 0.82 0.679 0.436 -0.185 -0.766 -1.175 -1.203 -0.794 -0.421 -0.278 -0.571 -1.044 -1.603 -1.761 -1.852 -1.71 -1.47 -1.135 -1.431 -1.694 -1.539 -1.371 -1.334 -1.188 -1.19 -0.784 -0.366 -0.684 -1.067 -1.459 -1.282 -0.864 -1.055 -1.525 -1.677
-0.771 -0.376 -0.855 -0.586 -0.296 0.059 0.281 0.45 0.454 0.439 0.319 0.12 -0.148 -0.259 -0.181 -0.277 -0.296 -0.433 -0.628 -0.706 -0.879 -0.684 -0.459 -0.187 0.098 0.522 0.321 0.118 -0.048 -0.405 -1.013 -1.63 -1.408 -0.955 -0.257 -0.026 -0.394 -0.853 -0.642 -0.228 0.221 0.657 0.839 0.754 0.561 -0.152 -0.722 -0.913 -1.129 -0.698 -0.385 -0.261 -0.451 -0.988 -1.351 -1.597 -1.717 -1.488 -1.327 -1.517 -1.703 -1.559 -1.344 -0.925 -1.055 -1.005 -0.967 -0.545 -0.423 -0.941 -1.202 -1.569 -1.574 -1.041 -0.912 -1.492 -1.691
-0.614 -0.112 -0.235 -0.047 0.142 0.39 0.447 0.169 -0.051 0.105 -0.222 -0.416 -0.663 -0.726 -0.44 -0.606 -0.571 -0.557 -0.921 -0.876 -0.656 -0.423 -0.19 0.036 0.353 0.426 0.053 -0.316 -0.416 -0.764 -1.38 -1.658 -1.141 -0.773 -0.158 -0.202 -0.803 -0.819 -0.54 -0.239 0.155 0.574 0.824 0.799 0.622 0.07 -0.284 -0.724 -1.146 -0.693 -0.424 -0.25 -0.361 -0.968 -1.214 -1.616 -1.543 -1.517 -1.553 -1.499 -1.343 -1.252 -1.092 -0.656 -0.636 -0.68 -0.671 -0.291 -0.536 -0.996 -1.382 -1.665 -1.762 -1.251 -0.886 -1.246 -1.553
-0.217 0.219 0.274 0.338 0.408 0.425 0.091 -0.44 -0.614 -0.306 -0.553 -0.934 -1.04 -0.938 -0.626 -0.861 -0.848 -0.766 -0.922 -0.715 -0.435 -0.193 0.048 0.275 0.452 0.221 -0.029 -0.476 -0.739 -0.968 -1.47 -1.479 -0.869 -0.449 -0.043 -0.361 -0.876 -0.748 -0.467 -0.18 0.184 0.529 0.777 0.812 0.675 0.273 -0.244 -0.455 -0.947 -0.736 -0.419 -0.194 -0.316 -0.992 -1.584 -1.607 -1.47 -1.142 -1.197 -0.969 -0.849 -0.856 -0.717 -0.47 -0.245 -0.375 -0.407 -0.483 -0.627 -0.965 -1.356 -1.634 -1.836 -1.444 -1.09 -1.342 -1.267
0.209 0.173 0.054 0.029 -0.038 0.1 -0.273 -0.745 -0.857 -0.826 -0.725 -1.314 -1.305 -1.036 -0.78 -0.953 -1.079 -1.058 -0.916 -0.56 -0.283 -0.004 0.208 0.428 0.341 0.063 -0.088 -0.362 -0.643 -0.901 -1.256 -1.345 -0.815 -0.347 -0.022 -0.663 -0.869 -0.72 -0.459 -0.173 0.146 0.458 0.681 0.807 0.752 0.585 0.198 -0.236 -0.622 -0.497 -0.262 -0.098 -0.268 -0.799 -1.503 -1.433 -1.308 -0.886 -0.812 -0.679 -0.437 -0.555 -0.404 -0.187 -0.075 -0.27 -0.398 -0.943 -0.857 -0.953 -1.323 -1.562 -1.711 -1.399 -1.503 -1.723 -1.383
-0.123 -0.326 -0.403 -0.427 -0.669 -0.102 -0.304 -0.704 -1.11 -1.234 -1.068 -1.6 -1.386 -1.092 -0.981 -1.156 -1.053 -1.04 -0.775 -0.494 -0.14 0.129 0.341 0.404 0.038 -0.388 -0.207 -0.358 -0.654 -0.946 -1.322 -1.261 -0.818 -0.326 -0.164 -0.848 -0.841 -0.626 -0.389 -0.125 0.133 0.428 0.661 0.711 0.42 0.516 0.575 0.333 -0.076 0.026 0.131 -0.122 -0.199 -0.574 -1.209 -1.254 -0.904 -0.613 -0.453 -0.51 -0.199 -0.235 -0.033 0.018 -0.255 -0.578 -0.868 -1.229 -1.235 -0.956 -1.348 -1.756 -1.647 -1.595 -1.873 -1.832 -1.772
-0.683 -0.913 -0.952 -1.007 -0.828 -0.261 -0.153 -0.537 -1.088 -1.607 -1.471 -1.74 -1.553 -1.25 -1.121 -1.328 -1.137 -0.927 -0.621 -0.356 0.007 0.246 0.314 0.247 -0.255 -0.674 -0.643 -0.277 -0.555 -0.972 -1.407 -1.086 -0.654 -0.221 -0.453 -0.878 -0.697 -0.432 -0.224 -0.015 0.262 0.392 0.497 0.549 0.078 -0.113 -0.04 0.234 0.418 0.384 0.319 -0.013 -0.044 -0.254 -0.703 -0.737 -0.432 -0.197 -0.144 -0.163 0.107 0.144 0.089 -0.239 -0.811 -1.123 -1.335 -1.471 -1.452 -1.283 -1.573 -1.665 -1.836 -1.958 -1.631 -1.677 -1.742
-0.971 -1.206 -1.283 -0.945 -0.634 -0.352 -0.05 -0.557 -1.195 -1.642 -1.75 -1.681 -1.522 -1.253 -1.232 -1.287 -1.12 -0.826 -0.417 -0.119 0.12 0.083 0.116 0.123 -0.499 -0.955 -1.063 -0.632 -0.54 -0.988 -1.312 -0.899 -0.421 -0.131 -0.532 -0.778 -0.618 -0.276 -0.021 0.136 0.084 -0.181 0.132 0.407 0.04 -0.636 -0.661 -0.209 0.044 0.29 0.398 0.32 0.196 0.048 -0.202 -0.162 0.026 0.201 0.215 0.284 0.333 0.284 0.11 -0.548 -1.119 -1.31 -1.351 -1.617 -1.606 -1.531 -1.452 -1.598 -1.854 -1.719 -1.434 -1.898 -1.77
-0.696 -1.272 -1.496 -1.148 -0.839 -0.782 -0.432 -0.289 -0.745 -1.298 -1.746 -1.66 -1.488 -1.264 -1.074 -0.922 -0.733 -0.473 -0.104 0.005 -0.067 -0.372 -0.088 0.042 -0.542 -0.942 -1.158 -1.003 -0.811 -1.254 -1.123 -0.716 -0.252 -0.546 -0.551 -0.653 -0.87 -0.442 -0.267 -0.319 -0.507 -0.758 -0.332 0.323 0.029 -0.43 -0.714 -0.398 -0.405 -0.236 0.029 0.328 0.435 0.351 0.28 0.315 0.349 0.372 0.332 0.285 0.062 0.002 0.194 -0.269 -0.723 -0.792 -0.958 -1.292 -1.213 -1.219 -1.545 -1.845 -1.562 -1.186 -1.418 -1.897 -1.738
-0.754 -1.375 -1.747 -1.386 -1.092 -1.162 -1.005 -0.359 -0.353 -1.047 -1.575 -1.551 -1.374 -1.184 -1.052 -0.746 -0.444 -0.142 -0.111 -0.307 -0.516 -0.812 -0.298 0.121 -0.265 -0.662 -1.093 -1.297 -1.31 -1.254 -0.876 -0.496 -0.508 -0.922 -1.01 -0.694 -1.25 -0.983 -0.882 -0.899 -1.018 -0.834 -0.436 0.287 -0.075 -0.665 -1.042 -0.775 -0.837 -0.623 -0.265 0.018 0.316 0.457 0.318 0.17 0.145 0.093 -0.093 -0.086 -0.509 -0.447 -0.244 0.049 -0.049 -0.506 -0.957 -1.091 -1.094 -1.519 -1.495 -1.298 -1.133 -1.01 -1.544 -1.943 -1.683
-0.809 -1.325 -1.772 -1.589 -1.46 -1.379 -1.14 -0.566 -0.239 -0.99 -1.611 -1.605 -1.347 -1.224 -1.211 -0.771 -0.353 -0.177 -0.389 -0.868 -0.908 -1.04 -0.487 0.042 -0.291 -0.933 -1.436 -1.726 -1.462 -1.074 -0.675 -0.399 -0.678 -1.201 -1.297 -1.014 -1.727 -1.607 -1.353 -1.094 -0.871 -0.57 -0.258 0.271 0.067 -0.576 -1.141 -1.115 -1.064 -0.775 -0.497 -0.234 0.086 0.346 0.086 -0.416 -0.372 -0.539 -0.605 -0.428 -0.9 -0.711 -0.882 -0.497 -0.013 -0.142 -0.714 -1.056 -0.875 -0.931 -0.764 -0.748 -0.799 -1.007 -1.389 -1.715 -1.71
-0.938 -1.262 -1.734 -1.616 -1.377 -1.245 -1.08 -0.796 -0.605 -0.871 -1.585 -1.648 -1.238 -0.987 -0.934 -0.583 -0.268 -0.607 -0.78 -1.048 -1.413 -1.294 -0.86 -0.162 -0.593 -0.954 -1.219 -1.741 -1.543 -1.113 -0.615 -0.61 -1.055 -1.556 -1.5 -1.386 -1.725 -1.479 -1.143 -0.897 -0.661 -0.328 0.089 0.411 0.05 -0.46 -0.937 -1.246 -1.151 -0.89 -0.698 -0.403 -0.108 0.141 -0.025 -0.768 -0.881 -0.935 -1.028 -0.807 -1.129 -0.932 -1.066 -1.15 -0.497 -0.146 -0.288 -0.483 -0.453 -0.653 -0.92 -1.136 -1.183 -1.053 -1.478 -1.856 -1.876
-1.13 -1.182 -1.602 -1.528 -1.298 -1.418 -1.496 -1.458 -1.42 -1.012 -1.437 -1.555 -1.271 -0.965 -0.6 -0.472 -0.397 -0.928 -1.344 -1.261 -1.643 -1.454 -0.871 -0.167 -0.648 -1.059 -1.033 -1.501 -1.47 -1.028 -0.619 -0.787 -1.559 -1.889 -1.662 -1.606 -1.542 -1.257 -1.022 -0.686 -0.388 -0.062 0.316 0.401 -0.203 -0.69 -1.011 -1.353 -1.302 -1.032 -0.89 -0.571 -0.286 0.064 0.065 -0.568 -1.119 -1.329 -1.38 -1.194 -1.408 -1.236 -1.077 -1.303 -0.828 -0.368 -0.115 -0.256 -0.652 -1.103 -1.405 -1.555 -1.595 -1.142 -1.529 -2 -2.182
-1.342 -1.421 -1.806 -1.894 -1.515 -1.812 -1.955 -2.029 -1.817 -1.298 -1.28 -1.52 -1.159 -0.854 -0.943 -0.734 -0.579 -1.112 -1.58 -1.825 -1.713 -1.239 -0.675 -0.109 -0.469 -1.278 -1.498 -1.678 -1.418 -0.997 -0.611 -0.851 -1.76 -1.888 -1.596 -1.475 -1.304 -1.155 -0.944 -0.595 -0.212 0.088 0.386 0.253 -0.548 -1.15 -1.227 -1.505 -1.448 -1.301 -1.245 -0.781 -0.314 0.044 0.19 -0.42 -1.017 -1.46 -1.778 -1.677 -1.595 -1.54 -1.266 -1.534 -1.246 -0.892 -0.419 -0.282 -0.725 -1.095 -1.359 -1.592 -1.698 -1.327 -1.517 -1.998 -2.209
