data/climatemaps/RS_maps/climate_breeding_pr_2007.asc
NCOLS 369 
NROWS 228 
XLLCORNER 479000 
YLLCORNER 73000 
CELLSIZE 1000 
NODATA_value -9 
[rows 140 to 174 of 228, columns 77 to 153 of 369]
0.851 0.998 1.058 1.037 1.022 1.008 1.046 1.136 1.237 1.25 1.157 1.037 0.959 0.777 0.548 0.38 0.228 0.109 0.164 0.45 0.782 1.015 0.987 1.209 1.069 0.729 0.7 0.674 0.671 0.963 1.144 1.179 1.234 0.997 1.131 1.297 1.332 1.065 0.655 0.475 0.717 1.075 1.49 1.96 2.09 2.331 2.251 2.071 1.355 1.33 1.25 1.202 1.106 1.244 1.61 1.981 2.12 1.772 1.316 0.822 0.438 0.355 0.501 0.698 0.623 0.86 1.173 1.574 2.091 2.369 2.379 2.586 3.219 3.465 3.445 3.116 2.717
0.896 1.007 1.036 1.043 1.027 1.038 1.155 1.323 1.443 1.416 1.279 1.209 1.234 0.955 0.69 0.459 0.282 0.156 0.336 0.74 1.11 1.23 1.164 1.337 1.227 0.878 1.053 0.951 0.886 1.215 1.312 1.408 1.422 1.061 1.162 1.31 1.275 0.931 0.59 0.411 0.634 1.113 1.623 1.998 2.289 2.591 2.488 1.993 1.415 1.49 1.576 1.543 1.281 1.575 1.903 2.009 1.859 1.501 0.959 0.561 0.322 0.382 0.678 0.932 0.853 0.795 1.115 1.709 2.051 2.143 2.526 2.914 3.306 3.644 3.592 3.207 3.12
0.892 0.979 1.038 1.057 1.053 1.115 1.293 1.482 1.535 1.409 1.338 1.413 1.408 1.157 0.88 0.582 0.358 0.215 0.411 0.701 1.142 1.404 1.363 1.543 1.463 1.143 1.401 1.491 1.445 1.356 1.593 1.659 1.426 1.265 1.479 1.543 1.322 0.953 0.69 0.412 0.557 1.078 1.514 2.034 2.408 2.429 2.208 1.733 1.597 1.777 1.865 1.71 1.568 1.775 2.22 2.066 1.575 1.238 0.777 0.448 0.264 0.425 0.793 1.178 1.164 1.07 1.088 1.4 1.656 1.975 2.415 2.648 3.167 3.509 3.453 3.299 3.335
0.886 1.01 1.062 1.056 1.09 1.199 1.375 1.551 1.544 1.455 1.469 1.547 1.492 1.267 1.099 0.74 0.413 0.255 0.372 0.747 1.317 1.481 1.614 2.004 1.733 1.416 1.758 1.762 1.671 1.627 1.899 1.847 1.573 1.682 1.85 1.79 1.44 1.13 0.722 0.369 0.517 0.87 1.365 1.955 2.405 2.722 2.345 1.776 1.703 1.719 1.939 2.032 1.995 1.887 2.249 1.865 1.433 0.962 0.623 0.476 0.26 0.42 0.801 1.345 1.454 1.456 1.283 1.648 1.669 1.72 1.981 2.364 2.871 3.29 3.325 3.385 3.155
0.938 1.028 1.059 1.07 1.14 1.308 1.51 1.65 1.597 1.572 1.683 1.712 1.666 1.453 1.319 0.859 0.451 0.271 0.43 0.912 1.417 1.513 1.911 2.235 2.045 1.76 1.862 1.914 1.894 2.054 2.174 1.965 1.892 2.121 2.121 1.875 1.662 1.299 0.699 0.358 0.462 0.828 1.347 1.918 2.421 2.575 2.183 2.012 1.778 1.949 2.025 2.297 2.278 2.111 2.169 1.646 1.122 0.765 0.707 0.715 0.315 0.434 0.866 1.429 1.76 1.739 1.478 1.63 1.843 1.943 2.147 2.527 2.915 3.256 3.332 3.198 2.813
0.958 1.041 1.081 1.102 1.202 1.414 1.626 1.705 1.63 1.708 1.884 1.991 1.797 1.672 1.431 0.901 0.44 0.327 0.601 1.061 1.56 1.75 2.143 2.481 2.331 1.979 2.025 2.198 2.235 2.306 2.205 2.098 2.238 2.373 2.23 2.073 1.827 1.38 0.707 0.376 0.458 0.748 1.147 1.726 2.22 2.342 2.334 2.359 1.944 2.024 2.246 2.447 2.617 2.499 2.014 1.389 0.856 0.744 0.903 0.926 0.424 0.475 0.933 1.578 2.001 2.036 1.78 1.614 1.714 1.977 2.385 2.677 2.918 2.96 2.972 2.73 2.385
0.984 1.075 1.109 1.14 1.255 1.448 1.613 1.694 1.658 1.831 2.068 2.077 1.863 1.707 1.35 0.771 0.446 0.437 0.81 1.276 1.754 2.13 2.416 2.537 2.271 2.091 2.205 2.318 2.191 2.221 2.328 2.322 2.383 2.339 2.171 2.058 1.823 1.289 0.788 0.446 0.417 0.654 1.061 1.614 2.166 2.458 2.544 2.547 2.182 2.089 2.368 2.496 2.615 2.356 1.745 1.14 0.741 0.863 1.141 1.228 0.65 0.545 0.991 1.562 2.105 2.322 2.15 2.029 1.912 1.89 2.179 2.556 2.821 2.656 2.476 2.264 1.976
1.034 1.113 1.139 1.179 1.292 1.42 1.522 1.627 1.69 1.922 2.077 1.92 1.759 1.572 1.122 0.661 0.508 0.604 0.947 1.349 1.908 2.368 2.537 2.479 2.266 2.188 2.287 2.257 2.103 2.085 2.326 2.292 2.302 2.269 2.062 1.861 1.648 1.265 0.997 0.596 0.421 0.739 1.031 1.498 1.983 2.296 2.47 2.622 2.382 2.214 2.356 2.497 2.38 2.023 1.498 0.97 0.749 0.984 1.356 1.509 0.999 0.653 0.927 1.385 1.937 2.295 2.352 2.423 2.325 2.133 2.099 2.372 2.679 2.582 2.25 1.951 1.761
1.13 1.187 1.173 1.219 1.358 1.471 1.522 1.599 1.763 1.919 1.988 1.929 1.789 1.373 0.882 0.602 0.631 0.797 1.073 1.509 2.064 2.437 2.482 2.38 2.148 2.202 2.104 2.134 2.031 1.92 2.147 2.168 2.037 1.952 1.816 1.691 1.574 1.491 1.263 0.723 0.495 0.736 0.934 1.24 1.434 1.764 2.103 2.44 2.571 2.513 2.516 2.543 2.151 1.72 1.217 0.815 0.845 1.126 1.476 1.653 1.336 0.788 0.765 1.217 1.729 2.235 2.527 2.625 2.651 2.466 2.265 2.376 2.706 2.693 2.183 2.107 2.083
1.248 1.236 1.193 1.274 1.439 1.588 1.624 1.707 1.86 1.988 2.09 2.039 1.778 1.221 0.747 0.601 0.782 1.019 1.253 1.654 2.164 2.34 2.227 2.074 1.982 1.965 1.835 1.937 1.834 1.69 1.909 1.867 1.711 1.601 1.623 1.716 1.728 1.774 1.493 0.859 0.543 0.63 0.768 0.925 1.099 1.523 1.866 2.189 2.495 2.71 2.692 2.401 1.911 1.47 0.997 0.762 0.94 1.238 1.564 1.782 1.524 0.901 0.736 1.172 1.639 2.05 2.356 2.617 2.787 2.796 2.613 2.491 2.701 2.807 2.498 2.431 2.208
1.309 1.181 1.209 1.393 1.472 1.594 1.693 1.862 2.025 2.174 2.279 2.03 1.586 1.052 0.668 0.652 0.924 1.237 1.431 1.84 2.181 2.141 1.899 1.722 1.682 1.569 1.625 1.684 1.517 1.368 1.539 1.395 1.273 1.349 1.56 1.809 1.887 2.023 1.698 1.101 0.652 0.508 0.6 0.66 0.992 1.405 1.795 2.193 2.442 2.728 2.654 2.227 1.802 1.345 0.862 0.781 1.027 1.336 1.73 1.934 1.585 0.928 0.703 1.042 1.332 1.614 1.858 2.357 2.707 3.023 2.945 2.715 2.687 2.831 2.595 2.441 2.116
1.191 1.117 1.261 1.506 1.581 1.663 1.804 1.939 2.07 2.245 2.208 1.873 1.388 0.918 0.664 0.727 0.941 1.279 1.589 1.865 1.923 1.842 1.738 1.553 1.339 1.24 1.245 1.205 1.053 0.958 0.999 0.908 0.917 1.177 1.479 1.764 1.936 2.083 1.841 1.368 0.959 0.648 0.474 0.52 0.814 1.156 1.623 2.189 2.408 2.475 2.317 2.068 1.667 1.147 0.803 0.849 1.13 1.49 1.847 1.849 1.425 0.835 0.648 0.802 1.019 1.239 1.55 2.162 2.69 3.076 3.165 3.025 2.836 2.745 2.57 2.458 2.224
1.027 1.05 1.265 1.538 1.615 1.768 1.964 2.087 2.153 2.319 2.164 1.733 1.256 0.865 0.731 0.832 0.977 1.251 1.505 1.604 1.506 1.468 1.537 1.363 1.086 0.989 0.928 0.859 0.772 0.682 0.599 0.551 0.652 0.987 1.319 1.589 1.827 2.003 1.947 1.65 1.369 1.007 0.548 0.456 0.7 0.962 1.363 1.958 2.159 2.082 1.916 1.741 1.387 0.969 0.842 0.919 1.234 1.644 1.885 1.729 1.244 0.767 0.75 0.871 1.065 1.322 1.619 2.069 2.631 3.011 2.999 2.889 2.8 2.759 2.691 2.676 2.482
0.887 0.946 1.161 1.468 1.494 1.806 2.079 2.207 2.286 2.408 2.128 1.637 1.274 0.9 0.744 0.792 0.871 1.03 1.211 1.124 1.034 1.065 1.143 1.025 0.948 0.988 1.044 0.981 0.898 0.791 0.527 0.388 0.447 0.764 1.005 1.242 1.524 1.772 2.001 1.905 1.731 1.337 0.775 0.418 0.588 0.898 1.199 1.715 1.866 1.824 1.82 1.512 1.257 0.925 1.052 1.059 1.444 1.889 1.878 1.569 1.104 0.775 1.035 1.189 1.322 1.636 1.867 2.123 2.604 2.675 2.574 2.637 2.72 2.794 2.867 2.924 2.785
0.736 0.793 0.959 1.183 1.339 1.614 1.923 2.103 2.347 2.333 2.011 1.747 1.572 1.041 0.71 0.608 0.554 0.652 0.737 0.711 0.751 0.816 0.868 0.979 1.215 1.363 1.437 1.363 1.214 0.939 0.709 0.425 0.35 0.493 0.767 1.126 1.537 1.802 2.023 2.137 1.939 1.596 0.997 0.488 0.443 0.672 0.988 1.431 1.707 1.795 1.756 1.549 1.369 1.044 1.253 1.523 1.837 2.006 1.701 1.46 1.084 0.927 1.139 1.3 1.467 1.745 2.086 2.179 2.264 2.333 2.47 2.67 2.818 2.861 2.846 2.733 2.597
0.588 0.635 0.744 0.926 1.162 1.432 1.759 1.935 2.289 2.273 1.928 1.95 1.924 1.369 0.857 0.573 0.464 0.458 0.459 0.534 0.694 0.821 0.905 1.101 1.539 1.779 1.929 1.725 1.414 1.11 0.917 0.495 0.358 0.406 0.775 1.093 1.567 1.921 1.931 2.334 2.09 1.819 1.107 0.562 0.366 0.503 0.8 1.206 1.586 1.635 1.634 1.608 1.527 1.14 1.453 1.949 2.203 1.929 1.589 1.653 1.253 0.864 0.968 1.14 1.297 1.597 1.983 1.86 1.756 2.122 2.503 2.785 2.899 2.809 2.693 2.51 2.255
0.468 0.499 0.58 0.771 1.031 1.204 1.471 1.777 2.157 2.259 2.114 2.035 2.005 1.665 1.301 0.996 0.786 0.636 0.573 0.63 0.83 0.954 1.118 1.263 1.633 2.006 2.028 1.847 1.556 1.273 0.916 0.545 0.542 0.51 0.709 1.138 1.497 1.944 1.937 2.214 2.165 1.734 1.203 0.721 0.409 0.483 0.77 1.093 1.384 1.56 1.711 1.849 1.763 1.504 1.673 1.933 2.057 1.851 1.732 1.591 1.41 1.328 1.161 1.148 1.172 1.324 1.536 1.5 1.691 2.202 2.588 2.686 2.664 2.609 2.411 2.34 2.046
0.389 0.402 0.441 0.576 0.795 0.96 1.321 1.718 2.152 2.375 2.326 2.118 2.054 1.9 1.669 1.333 1.081 0.945 0.841 0.716 0.895 1.11 1.348 1.444 1.787 2.164 2.075 1.949 1.71 1.346 0.886 0.622 0.775 0.613 0.61 1.103 1.38 1.844 1.813 2.074 2.021 1.674 1.35 0.912 0.465 0.445 0.706 1.022 1.326 1.574 1.781 2.145 2.05 1.852 1.926 2.119 2.119 1.894 1.826 1.577 1.592 1.763 1.682 1.649 1.564 1.254 1.321 1.432 1.877 2.282 2.482 2.423 2.317 2.432 2.121 2.063 1.758
0.357 0.346 0.349 0.404 0.588 0.863 1.194 1.656 2.118 2.385 2.422 2.307 2.088 2.014 1.746 1.465 1.378 1.259 1.094 0.884 0.902 1.137 1.436 1.664 1.966 2.2 2.203 2.044 1.847 1.537 1.018 0.733 0.842 0.684 0.521 0.807 1.13 1.478 1.671 1.873 1.83 1.705 1.438 0.963 0.611 0.503 0.58 0.858 1.185 1.52 1.93 2.143 2.077 2.036 2.127 2.289 2.288 2.122 1.87 1.779 1.754 2.017 2.156 2.172 1.994 1.729 1.818 1.976 2.051 2.099 2.117 2.086 1.981 1.972 1.848 1.672 1.596
0.354 0.331 0.31 0.314 0.444 0.735 1.083 1.5 1.9 2.275 2.478 2.512 2.267 2.064 1.828 1.632 1.579 1.47 1.333 1.186 1.087 1.16 1.403 1.611 1.842 2.127 2.281 2.167 2.043 1.703 1.091 0.753 0.844 0.746 0.467 0.541 0.799 1.099 1.421 1.651 1.653 1.638 1.386 0.939 0.801 0.741 0.622 0.742 1.091 1.503 1.936 2.197 2.282 2.299 2.4 2.526 2.458 2.228 1.987 2.05 1.928 2.16 2.406 2.536 2.25 2.119 2.233 2.262 1.978 1.764 1.687 1.643 1.565 1.527 1.574 1.653 1.765
0.373 0.34 0.305 0.285 0.337 0.63 0.973 1.227 1.619 2.192 2.579 2.592 2.434 2.221 2.075 1.901 1.812 1.652 1.541 1.549 1.487 1.376 1.496 1.658 1.706 2.046 2.316 2.145 1.901 1.561 1.037 0.775 0.845 0.768 0.521 0.417 0.603 0.884 1.152 1.446 1.532 1.472 1.311 1.009 0.965 1.099 0.967 0.933 1.265 1.767 2.093 2.444 2.638 2.687 2.696 2.692 2.549 2.262 2.103 2.213 2.24 2.153 2.235 2.338 2.365 2.299 2.238 2.057 1.704 1.409 1.212 1.1 1.132 1.379 1.725 1.966 2.155
0.406 0.365 0.317 0.28 0.295 0.497 0.801 1.152 1.639 2.183 2.494 2.57 2.597 2.465 2.331 2.199 2.083 1.847 1.729 1.763 1.756 1.647 1.713 1.87 1.74 1.999 2.205 1.986 1.81 1.523 1.036 0.804 0.875 0.819 0.638 0.44 0.563 0.843 1.076 1.355 1.439 1.423 1.392 1.221 1.153 1.382 1.406 1.347 1.615 2.022 2.347 2.664 2.728 2.76 2.719 2.66 2.558 2.282 2.135 2.139 2.105 1.934 1.921 2.111 2.361 2.263 2.078 1.771 1.334 0.99 0.794 0.784 1.061 1.484 1.924 2.219 2.381
0.456 0.402 0.342 0.292 0.285 0.421 0.824 1.332 1.786 2.145 2.445 2.663 2.8 2.662 2.534 2.448 2.22 1.963 1.898 1.901 1.929 1.911 1.908 1.982 1.872 2.036 2.072 1.949 1.93 1.636 1.097 0.85 0.908 0.936 0.82 0.604 0.664 0.95 1.19 1.396 1.487 1.573 1.569 1.483 1.46 1.687 1.848 1.836 1.957 2.199 2.481 2.672 2.649 2.596 2.556 2.532 2.492 2.198 1.959 1.768 1.622 1.592 1.758 2.069 2.261 2.195 1.97 1.487 0.95 0.656 0.637 0.832 1.233 1.644 2.059 2.383 2.405
0.529 0.45 0.372 0.311 0.287 0.408 0.952 1.404 1.736 2.105 2.528 2.873 2.925 2.711 2.687 2.501 2.204 1.978 2.075 2.108 2.133 2.197 2.118 2.056 2.002 2.093 1.96 1.967 1.983 1.657 1.108 0.899 1.021 1.114 1.026 0.924 0.885 1.077 1.342 1.629 1.713 1.749 1.727 1.83 1.868 2.013 2.163 2.223 2.261 2.348 2.474 2.571 2.668 2.638 2.643 2.634 2.599 1.907 1.496 1.31 1.289 1.499 1.855 2.078 2.172 2.096 1.876 1.269 0.685 0.634 0.764 1.012 1.41 1.799 2.084 2.339 2.343
0.626 0.504 0.403 0.327 0.318 0.531 0.995 1.382 1.76 2.218 2.662 2.924 2.836 2.565 2.436 2.271 2.048 2.001 2.171 2.214 2.194 2.204 2.159 2.087 2.07 2.074 1.953 1.973 1.846 1.498 1.177 1.033 1.164 1.358 1.39 1.273 1.224 1.386 1.614 1.861 1.978 2.076 2.079 2.115 2.124 2.221 2.32 2.379 2.402 2.424 2.458 2.47 2.514 2.589 2.629 2.578 2.377 1.677 1.203 1.203 1.374 1.607 1.818 1.908 2.014 1.97 1.707 1.087 0.611 0.713 0.882 1.16 1.492 1.679 1.771 1.951 2.04
0.741 0.562 0.431 0.339 0.351 0.667 1.054 1.412 1.808 2.31 2.716 2.767 2.608 2.328 2.023 1.961 1.828 1.941 2.066 2.032 1.95 1.892 1.92 1.858 1.906 1.998 1.979 1.875 1.582 1.447 1.463 1.407 1.351 1.642 1.753 1.585 1.558 1.883 1.915 2.109 2.314 2.323 2.202 2.229 2.308 2.284 2.24 2.402 2.439 2.361 2.305 2.218 2.2 2.352 2.403 2.244 1.886 1.342 1.063 1.293 1.449 1.613 1.545 1.591 1.822 1.719 1.543 0.896 0.447 0.681 0.943 1.196 1.398 1.392 1.312 1.562 1.744
0.909 0.62 0.452 0.341 0.317 0.508 0.894 1.245 1.529 2.001 2.455 2.452 2.247 1.955 1.72 1.647 1.599 1.637 1.721 1.695 1.606 1.533 1.535 1.567 1.661 1.771 1.8 1.683 1.538 1.681 1.868 1.81 1.695 1.791 1.887 1.805 1.862 2.118 2.268 2.328 2.339 2.258 2.107 2.171 2.19 2.135 2.111 2.206 2.274 2.258 2.022 1.879 1.953 2.057 2.113 1.952 1.427 1.031 1.014 1.136 1.239 1.33 1.266 1.314 1.529 1.532 1.298 0.731 0.264 0.443 0.751 0.89 1.03 1.082 0.98 1.306 1.383
1.107 0.68 0.468 0.331 0.261 0.335 0.627 0.913 1.234 1.719 2.168 2.073 1.878 1.601 1.523 1.589 1.554 1.538 1.521 1.488 1.403 1.274 1.206 1.272 1.387 1.515 1.646 1.754 1.8 1.916 2.248 2.147 1.924 2.024 2.114 2.055 2.207 2.38 2.527 2.422 2.362 2.247 1.832 1.76 1.826 1.884 1.817 1.911 1.995 1.967 1.771 1.479 1.549 1.647 1.708 1.667 1.071 0.703 0.746 0.848 0.895 1.007 0.924 0.978 1.191 1.129 0.942 0.43 -0.021 0.235 0.546 0.551 0.655 0.713 0.589 1.036 1.098
1.33 0.755 0.48 0.316 0.224 0.225 0.406 0.624 1.017 1.472 1.679 1.677 1.529 1.429 1.61 1.768 1.813 1.901 1.891 1.851 1.659 1.402 1.171 1.233 1.436 1.642 1.905 2.121 2.107 2.15 2.385 2.259 2.076 2.114 2.265 2.277 2.279 2.344 2.377 2.299 2.34 2.283 1.977 1.583 1.371 1.482 1.517 1.705 1.657 1.517 1.388 1.155 1.024 1.091 1.179 1.137 0.836 0.445 0.344 0.436 0.55 0.619 0.535 0.582 0.681 0.611 0.432 -0.011 -0.217 0.049 0.212 0.189 0.261 0.266 0.274 0.579 0.62
1.393 0.803 0.492 0.3 0.186 0.134 0.206 0.36 0.778 1.12 1.2 1.256 1.196 1.321 1.661 1.929 1.948 2.11 2.108 2.136 1.908 1.626 1.283 1.41 1.719 1.936 2.193 2.424 2.281 2.37 2.55 2.314 2.148 2.161 2.243 2.155 2.116 2.166 2.28 2.255 2.22 2.005 1.799 1.417 0.961 1.122 1.306 1.412 1.276 1.083 0.893 0.709 0.487 0.522 0.563 0.547 0.488 0.163 -0.031 0.08 0.183 0.198 0.051 0.104 0.173 0.088 -0.027 -0.403 -0.462 -0.188 -0.172 -0.226 -0.16 -0.194 -0.105 0.099 0.183
1.604 0.923 0.514 0.289 0.155 0.081 0.076 0.174 0.456 0.679 0.763 0.905 1.137 1.4 1.733 1.936 2.01 2.108 2.147 2.139 1.997 1.784 1.607 1.509 1.793 2.148 2.429 2.522 2.465 2.458 2.4 2.295 2.169 2.081 2.112 2.088 1.982 2.013 2.076 2.141 2.095 1.899 1.609 1.209 0.755 0.93 1.085 1.032 0.849 0.623 0.355 0.152 -0.003 -0.052 -0.071 -0.062 -0.076 -0.204 -0.317 -0.277 -0.246 -0.26 -0.359 -0.327 -0.33 -0.385 -0.495 -0.72 -0.705 -0.629 -0.593 -0.603 -0.603 -0.562 -0.456 -0.374 -0.34
1.749 1.061 0.561 0.293 0.135 0.044 0.008 0.042 0.187 0.348 0.503 0.774 1.158 1.447 1.641 1.79 1.904 1.987 2.013 2.047 2.079 1.981 1.999 1.809 1.997 2.343 2.522 2.531 2.468 2.395 2.317 2.234 2.044 1.789 1.853 1.827 1.715 1.859 1.764 1.831 1.763 1.548 1.234 0.848 0.439 0.699 0.72 0.639 0.448 0.205 -0.079 -0.3 -0.421 -0.519 -0.563 -0.525 -0.516 -0.553 -0.59 -0.591 -0.611 -0.619 -0.682 -0.711 -0.76 -0.798 -0.863 -0.968 -0.954 -0.967 -0.933 -0.929 -0.933 -0.868 -0.818 -0.776 -0.769
1.844 1.224 0.683 0.325 0.13 0.019 -0.033 -0.026 0.055 0.207 0.396 0.673 1.005 1.227 1.336 1.521 1.624 1.72 1.829 1.948 2.091 2.182 2.34 2.321 2.398 2.56 2.372 2.296 2.22 2.161 2.126 2.135 1.927 1.554 1.46 1.386 1.464 1.686 1.417 1.43 1.378 1.117 0.76 0.408 0.245 0.406 0.379 0.273 0.088 -0.118 -0.358 -0.582 -0.719 -0.815 -0.846 -0.813 -0.774 -0.745 -0.738 -0.766 -0.811 -0.845 -0.901 -0.962 -0.998 -1.018 -1.029 -1.032 -1.033 -1.048 -1.071 -1.089 -1.093 -1.093 -1.052 -1.023 -1.014
2.008 1.461 0.89 0.372 0.138 0.006 -0.061 -0.075 -0.038 0.049 0.222 0.513 0.726 0.847 1.034 1.242 1.356 1.549 1.772 1.929 2.032 2.126 2.291 2.393 2.464 2.4 2.07 1.77 1.682 1.657 1.799 1.962 1.852 1.547 1.198 0.97 1.284 1.436 1.109 1.007 0.935 0.677 0.356 0.102 0.115 0.162 0.107 -0.023 -0.211 -0.426 -0.614 -0.783 -0.907 -0.984 -0.992 -0.938 -0.85 -0.782 -0.749 -0.765 -0.834 -0.905 -0.955 -0.973 -1.004 -0.959 -0.933 -0.893 -0.85 -0.878 -0.958 -1.029 -1.072 -1.099 -1.097 -1.079 -1.071
2.199 1.747 1.105 0.469 0.164 0.001 -0.082 -0.111 -0.107 -0.076 0.057 0.276 0.409 0.528 0.741 0.942 1.104 1.337 1.575 1.744 1.837 1.97 2.125 2.238 2.288 2.156 1.802 1.397 1.239 1.342 1.588 1.726 1.634 1.377 0.997 0.677 0.995 1.049 0.738 0.623 0.508 0.275 0.017 -0.146 -0.096 -0.098 -0.182 -0.307 -0.47 -0.655 -0.795 -0.917 -1.007 -1.034 -0.984 -0.871 -0.718 -0.641 -0.623 -0.58 -0.661 -0.755 -0.791 -0.817 -0.88 -0.777 -0.684 -0.61 -0.567 -0.622 -0.745 -0.858 -0.916 -0.93 -0.926 -0.921 -0.945
