data/climatemaps/RS_maps/climate_postbreed_tmp_2015.asc
NCOLS 369 
NROWS 228 
XLLCORNER 479000 
YLLCORNER 73000 
CELLSIZE 1000 
NODATA_value -9 
[rows 102 to 135 of 228, columns 231 to 307 of 369]
-0.923 -1.033 -1.144 -1.2 -1.383 -1.105 -0.641 0.009 0.556 0.727 0.293 -0.479 -0.494 -0.674 -1.035 -1.269 -1.137 -1.128 -1.005 -0.736 -0.344 0.176 0.237 -0.232 -0.333 -0.547 -0.948 -1.67 -1.722 -1.294 -0.924 -0.77 -0.695 -0.606 -0.505 -0.383 -0.427 -0.87 -0.922 -0.515 -0.789 -0.608 -0.114 0.357 0.14 -0.622 -0.497 -0.035 0.268 0.587 0.973 0.999 0.786 0.137 -0.35 -0.109 -0.096 -0.526 -0.555 -0.199 0.185 0.207 0.064 0.289 0.449 0.547 0.542 0.56 0.502 0.433 0.247 -0.043 -0.349 -0.831 -1.015 -1.136 -0.849
-0.839 -0.808 -0.958 -1.294 -1.183 -0.837 -0.49 0.173 0.741 0.447 0.127 -0.471 -0.96 -1.05 -1.223 -1.496 -1.366 -0.919 -0.669 -0.404 -0.089 0.193 0.168 -0.108 -0.525 -0.799 -1.364 -2.012 -1.811 -1.271 -0.992 -1.03 -1.163 -1.043 -1.016 -0.797 -0.585 -0.381 -0.272 -0.04 0.052 0.127 0.372 0.195 -0.543 -0.887 -0.816 -0.398 0.073 0.472 0.974 0.979 0.655 0.122 -0.345 -0.472 -0.16 -0.435 -0.714 -0.388 -0.081 0.105 -0.217 -0.193 0.013 0.281 0.225 0.202 0.278 0.395 0.475 0.346 0.078 -0.46 -0.711 -0.845 -0.616
-0.888 -1.207 -1.153 -0.81 -0.427 -0.249 0.005 0.473 0.598 -0.059 -0.278 -0.184 -0.713 -1.19 -1.327 -1.319 -1.195 -0.865 -0.361 -0.033 0.105 -0.081 -0.396 -0.343 -0.823 -1.252 -1.688 -1.895 -1.852 -1.625 -1.471 -1.574 -1.798 -1.823 -1.884 -1.64 -1.332 -1.227 -1.377 -1.137 -0.575 0.187 0.183 -0.705 -1.473 -1.236 -0.838 -0.413 0.088 0.61 0.992 0.937 0.6 0.179 -0.323 -0.709 -0.31 -0.395 -0.797 -0.615 -0.336 -0.024 -0.438 -0.622 -0.38 0.038 -0.157 -0.319 -0.14 0.051 0.192 0.3 0.429 0.143 -0.275 -0.365 -0.254
-1.213 -1.006 -0.463 -0.208 -0.254 -0.308 -0.144 0.446 0.463 -0.12 -0.712 -0.371 -0.459 -1.096 -1.295 -1.058 -0.776 -0.548 -0.183 0.028 -0.249 -0.812 -0.981 -0.74 -1.182 -1.525 -1.626 -1.681 -1.662 -1.634 -1.364 -1.415 -1.74 -1.852 -1.972 -2.04 -2.004 -1.845 -1.196 -0.752 -0.302 0.287 -0.188 -1.006 -1.494 -1.1 -0.78 -0.3 0.337 0.861 0.954 0.852 0.566 0.077 -0.251 -0.715 -0.488 -0.634 -0.971 -0.813 -0.381 -0.254 -0.495 -0.928 -0.641 -0.274 -0.474 -0.624 -0.504 -0.33 -0.179 -0.009 0.283 0.372 0.234 0.166 -0.087
-0.785 -0.347 -0.247 -0.436 -0.683 -0.794 -0.438 0.386 0.348 -0.333 -0.918 -0.768 -0.474 -1.203 -1.381 -0.941 -0.494 -0.321 -0.178 -0.495 -0.899 -1.457 -1.38 -1.173 -1.676 -1.546 -1.329 -1.437 -1.523 -1.297 -1.096 -1.023 -1.344 -1.582 -1.801 -1.814 -1.507 -1.474 -1.089 -0.63 -0.038 0.163 -0.505 -1.396 -1.281 -0.991 -0.626 -0.141 0.528 0.948 0.882 0.736 0.487 -0.048 -0.447 -0.777 -0.729 -1.069 -1.053 -0.756 -0.469 -0.659 -0.725 -1.079 -0.767 -0.627 -0.694 -0.912 -0.733 -0.536 -0.421 -0.396 -0.292 -0.036 0.19 0.246 0.067
-0.36 -0.382 -0.642 -0.84 -0.796 -0.711 -0.286 0.402 0.035 -0.629 -1.342 -1.142 -0.776 -1.564 -1.504 -1.051 -0.814 -0.711 -0.425 -1.095 -1.771 -1.839 -1.678 -1.651 -1.839 -1.588 -1.168 -1.314 -1.529 -1.588 -1.503 -1.018 -0.945 -1.333 -1.682 -1.757 -1.543 -1.128 -0.665 -0.265 0.125 -0.179 -0.786 -1.356 -1.083 -0.706 -0.308 0.219 0.77 0.974 0.839 0.632 0.32 -0.29 -0.845 -1.029 -1.094 -1.264 -1.023 -0.844 -0.919 -1.052 -0.95 -1.093 -0.766 -0.945 -0.95 -1.099 -0.948 -0.744 -0.7 -0.776 -0.746 -0.498 -0.248 0.016 0.166
-0.566 -0.801 -1.119 -1.066 -0.89 -0.663 -0.239 0.277 -0.383 -1.1 -1.696 -1.471 -1.438 -1.865 -1.821 -1.569 -1.507 -1.166 -0.779 -1.558 -1.972 -1.848 -1.648 -1.559 -1.498 -1.501 -1.275 -0.99 -1.021 -1.352 -1.424 -1.334 -0.691 -0.922 -1.346 -1.495 -1.479 -1.01 -0.585 -0.114 0.039 -0.56 -1.056 -1.031 -0.743 -0.229 0.217 0.676 0.952 0.97 0.829 0.503 -0.022 -0.585 -0.903 -0.855 -1.087 -1.158 -1.127 -1.071 -1.122 -1.101 -1.115 -1.017 -0.92 -1.072 -1.164 -1.133 -1.04 -0.994 -1 -1.162 -1.097 -0.946 -0.601 -0.201 0.087
-0.996 -1.174 -1.631 -1.441 -1.19 -0.918 -0.299 0.043 -0.608 -1.357 -1.645 -1.638 -1.997 -1.762 -1.815 -1.576 -1.565 -1.408 -1.321 -1.822 -1.67 -1.604 -1.465 -1.339 -1.234 -1.17 -1.096 -0.792 -0.592 -0.768 -1.091 -1.174 -0.674 -0.491 -0.843 -1.19 -1.2 -0.855 -0.55 -0.078 -0.045 -0.623 -0.77 -0.443 -0.124 0.334 0.763 0.942 0.979 0.951 0.683 0.164 -0.382 -0.468 -0.444 -0.441 -0.705 -0.667 -0.804 -0.76 -0.881 -0.878 -0.927 -1.122 -1.183 -1.08 -1.003 -0.919 -0.989 -1.137 -1.254 -1.282 -1.068 -0.921 -0.642 -0.26 -0.167
-1.399 -1.673 -1.812 -1.642 -1.296 -0.782 -0.277 -0.83 -0.751 -1.158 -1.427 -1.553 -2.023 -1.604 -1.568 -1.547 -1.341 -1.498 -1.554 -1.584 -1.333 -1.321 -1.334 -1.124 -1.033 -0.9 -0.803 -0.655 -0.323 -0.33 -0.491 -0.789 -0.607 -0.19 -0.318 -0.811 -0.925 -0.737 -0.295 0.212 0.24 -0.125 -0.023 0.346 0.608 0.83 0.975 0.969 0.918 0.881 0.583 -0.022 -0.129 -0.022 -0.052 -0.149 -0.322 -0.337 -0.462 -0.412 -0.547 -0.606 -0.73 -0.98 -1.07 -0.783 -0.793 -1.062 -1.28 -1.419 -1.447 -1.294 -0.984 -0.598 -0.412 -0.268 -0.422
-1.872 -1.895 -1.564 -1.434 -1.035 -0.296 -0.595 -1.677 -1.249 -0.847 -1.029 -1.695 -2 -1.668 -1.386 -1.378 -1.125 -1.368 -1.214 -1.298 -1.011 -1.073 -1.383 -1.245 -1.049 -0.842 -0.585 -0.474 -0.227 -0.067 0.048 -0.058 -0.006 0.191 0.168 -0.251 -0.409 -0.371 -0.031 0.46 0.642 0.568 0.709 0.859 0.94 0.977 0.867 0.731 0.391 0.467 0.736 0.415 0.446 0.481 0.384 0.279 0.138 0.059 -0.034 -0.091 -0.143 -0.241 -0.493 -0.694 -0.876 -0.638 -0.991 -1.329 -1.384 -1.594 -1.546 -1.365 -1.032 -0.539 -0.354 -0.448 -0.773
-2.063 -1.693 -1.157 -1.016 -0.644 -0.155 -0.967 -1.977 -1.764 -1.065 -0.946 -1.8 -1.719 -1.739 -1.433 -0.985 -0.537 -0.921 -0.834 -1.124 -0.845 -0.843 -1.196 -1.271 -1.139 -1.037 -0.695 -0.354 -0.074 0.071 0.236 0.282 0.347 0.472 0.528 0.371 0.241 0.275 0.411 0.654 0.836 0.886 0.945 0.962 0.935 0.825 0.544 0.177 -0.138 0.218 0.647 0.666 0.535 0.469 0.483 0.562 0.474 0.334 0.263 0.192 0.114 0.026 -0.152 -0.307 -0.512 -0.523 -0.952 -1.12 -1.114 -1.327 -1.505 -1.282 -0.95 -0.48 -0.335 -0.681 -1.113
-2.044 -1.434 -1.123 -1.272 -1.09 -0.609 -1.011 -2.011 -1.8 -1.078 -1.156 -1.712 -1.587 -1.417 -1.376 -1.253 -0.659 -0.444 -0.675 -1.126 -1.004 -0.672 -0.978 -1.112 -0.842 -0.802 -0.569 -0.184 0.067 0.175 0.247 0.319 0.389 0.515 0.632 0.619 0.668 0.723 0.786 0.871 0.897 0.871 0.919 0.682 0.484 0.343 0.027 -0.399 -0.31 0.117 0.443 0.088 0.004 -0.026 -0.062 0.156 0.184 0.146 -0.022 -0.11 -0.208 -0.242 -0.052 -0.133 -0.362 -0.546 -0.7 -0.827 -1.045 -1.226 -1.344 -1.055 -0.671 -0.321 -0.392 -0.753 -0.906
-1.943 -1.531 -1.692 -1.912 -1.353 -0.91 -1.329 -1.895 -1.58 -1.155 -1.462 -1.505 -1.546 -1.254 -0.991 -0.907 -0.681 -0.165 -0.541 -1.124 -1.032 -0.658 -0.741 -0.82 -0.498 -0.42 -0.39 -0.143 0.184 0.248 0.208 0.336 0.464 0.557 0.649 0.74 0.733 0.799 0.855 0.894 0.921 0.793 0.542 0.132 -0.084 -0.144 -0.392 -0.693 -0.28 0.208 0.258 -0.189 -0.527 -0.455 -0.439 -0.177 -0.179 -0.4 -0.551 -0.645 -0.717 -0.672 -0.257 -0.26 -0.594 -0.753 -0.908 -0.902 -1.282 -1.221 -1.031 -0.747 -0.393 -0.276 -0.523 -0.623 -0.696
-1.755 -1.992 -2.573 -2.461 -1.502 -1.404 -2.095 -2.046 -1.729 -1.462 -1.383 -1.1 -1.081 -1.233 -0.969 -0.564 -0.441 -0.054 -0.305 -0.815 -0.774 -0.579 -0.506 -0.678 -0.278 -0.052 -0.094 0.03 0.334 0.372 0.338 0.533 0.665 0.688 0.779 0.638 0.587 0.717 0.737 0.873 0.847 0.408 -0.021 -0.414 -0.615 -0.635 -0.887 -0.809 -0.282 0.19 0.089 -0.361 -0.784 -0.873 -0.761 -0.54 -0.437 -0.934 -1.013 -0.974 -0.878 -0.694 -0.303 -0.438 -0.727 -1.01 -1.282 -1.266 -1.365 -1.059 -0.735 -0.412 -0.286 -0.375 -0.409 -0.801 -1.172
-1.33 -1.68 -2.468 -2.302 -1.928 -2.178 -2.304 -1.955 -1.553 -1.161 -0.991 -0.817 -0.626 -1.08 -1.044 -0.593 -0.362 -0.1 0.01 -0.41 -0.337 -0.375 -0.298 -0.533 -0.207 0.195 0.239 0.28 0.49 0.607 0.661 0.732 0.649 0.515 0.612 0.661 0.381 0.302 0.514 0.856 0.722 0.063 -0.232 -0.557 -0.755 -0.81 -0.94 -0.908 -0.478 0.017 0.062 -0.36 -0.726 -1.131 -1.005 -0.911 -0.599 -1.2 -1.231 -1.019 -0.766 -0.585 -0.346 -0.636 -0.892 -1.138 -1.429 -1.427 -1.352 -1.088 -0.612 -0.272 -0.56 -0.952 -0.698 -0.473 -0.966
-1.163 -1.619 -2.173 -2.309 -2.017 -1.839 -1.985 -1.699 -1.454 -1.344 -1.344 -1.043 -0.59 -0.677 -0.82 -0.529 -0.247 -0.103 0.217 0.054 0.105 -0.005 0.04 -0.135 0.036 0.367 0.607 0.635 0.685 0.724 0.686 0.64 0.4 0.108 0.281 0.662 0.275 -0.191 0.196 0.705 0.853 0.342 -0.177 -0.274 -0.441 -0.688 -1.024 -1.02 -0.626 -0.122 0.066 -0.265 -0.557 -1.012 -1.232 -1.027 -0.898 -1.248 -1.083 -0.841 -0.65 -0.459 -0.474 -0.882 -1.269 -1.502 -1.419 -1.23 -1.141 -0.862 -0.402 -0.331 -0.799 -1.185 -1.213 -0.614 -0.661
-0.923 -1.481 -1.797 -1.9 -1.81 -1.45 -1.784 -1.96 -1.772 -1.486 -1.349 -1.054 -0.653 -0.328 -0.439 -0.326 -0.02 0.145 0.394 0.463 0.518 0.438 0.49 0.386 0.47 0.637 0.784 0.764 0.662 0.487 0.312 0.331 0.072 -0.277 0.12 0.42 0.376 -0.384 -0.116 0.42 0.791 0.58 -0.057 0.094 -0.148 -0.64 -1.154 -1.077 -0.622 -0.326 -0.061 -0.082 -0.406 -0.891 -1.398 -1.178 -1.204 -1.144 -0.89 -0.696 -0.613 -0.417 -0.748 -1.099 -1.364 -1.404 -1.362 -1.138 -0.815 -0.497 -0.225 -0.458 -0.822 -1.224 -1.382 -1.054 -0.63
-0.811 -1.385 -1.596 -1.802 -1.821 -1.432 -1.182 -1.516 -1.328 -1.1 -0.901 -0.58 -0.28 -0.111 -0.092 -0.065 0.122 0.412 0.59 0.559 0.494 0.51 0.636 0.68 0.734 0.762 0.72 0.513 0.093 -0.153 -0.158 -0.038 -0.039 -0.39 -0.157 0.014 0.41 -0.228 -0.349 -0.01 0.409 0.851 0.486 0.348 -0.118 -0.443 -0.951 -1.165 -0.938 -0.686 -0.379 -0.109 -0.312 -0.793 -1.382 -1.44 -1.434 -1.153 -0.825 -0.952 -0.891 -0.539 -1.031 -1.341 -1.532 -1.462 -1.059 -0.906 -0.623 -0.274 -0.377 -0.501 -0.536 -0.976 -1.349 -1.343 -0.927
-0.739 -1.382 -1.68 -1.576 -1.421 -1.363 -0.862 -0.759 -0.749 -0.639 -0.435 -0.24 0.038 0.147 0.206 0.247 0.449 0.557 0.369 0.239 0.161 0.141 0.179 0.312 0.586 0.682 0.398 -0.027 -0.393 -0.601 -0.492 -0.344 -0.198 -0.808 -0.697 -0.146 0.335 -0.115 -0.567 -0.119 0.485 0.913 0.797 0.519 0.031 -0.274 -0.545 -1.009 -1.258 -0.857 -0.509 -0.225 -0.329 -0.775 -1.326 -1.531 -1.366 -1.184 -1.008 -1.174 -0.788 -0.985 -1.105 -1.367 -1.414 -1.231 -1.086 -0.77 -0.347 -0.285 -0.654 -0.878 -0.506 -0.752 -1.185 -1.398 -1.249
-0.533 -1.073 -1.53 -1.233 -1.05 -0.916 -0.692 -0.184 -0.144 -0.08 0.01 0.147 0.367 0.476 0.496 0.442 0.403 0.185 0.038 -0.078 -0.205 -0.283 -0.181 0.073 0.33 0.659 0.271 -0.28 -0.564 -0.811 -1.017 -0.914 -0.674 -0.957 -0.743 -0.334 0.172 -0.232 -0.6 -0.1 0.397 0.845 0.843 0.682 0.307 -0.114 -0.41 -0.896 -1.203 -0.837 -0.438 -0.219 -0.417 -0.862 -1.42 -1.72 -1.468 -1.472 -1.463 -1.086 -1.022 -1.36 -1.283 -1.413 -1.305 -1.038 -0.774 -0.545 -0.22 -0.424 -0.839 -1.121 -0.794 -0.67 -1.096 -1.438 -1.447
-0.581 -0.651 -1.252 -0.916 -0.7 -0.331 -0.171 0.205 0.385 0.42 0.449 0.464 0.353 0.264 0.191 0.118 0.085 -0.114 -0.244 -0.34 -0.474 -0.638 -0.452 -0.204 0.094 0.557 0.332 0.054 -0.076 -0.417 -1.004 -1.457 -1.179 -0.938 -0.43 -0.103 0.051 -0.508 -0.604 -0.125 0.339 0.78 0.91 0.78 0.53 -0.092 -0.671 -1.081 -1.108 -0.694 -0.319 -0.177 -0.461 -0.939 -1.496 -1.654 -1.745 -1.601 -1.356 -1.018 -1.317 -1.58 -1.418 -1.25 -1.213 -1.062 -1.062 -0.655 -0.233 -0.555 -0.928 -1.325 -1.145 -0.727 -0.917 -1.375 -1.534
-0.737 -0.341 -0.813 -0.549 -0.254 0.097 0.315 0.488 0.491 0.478 0.361 0.155 -0.113 -0.218 -0.14 -0.236 -0.25 -0.393 -0.575 -0.657 -0.827 -0.632 -0.401 -0.139 0.152 0.564 0.379 0.176 0.006 -0.346 -0.951 -1.567 -1.341 -0.888 -0.189 0.046 -0.323 -0.773 -0.562 -0.148 0.305 0.744 0.931 0.851 0.656 -0.057 -0.627 -0.818 -1.031 -0.599 -0.284 -0.16 -0.345 -0.881 -1.244 -1.496 -1.605 -1.374 -1.214 -1.403 -1.582 -1.445 -1.223 -0.8 -0.928 -0.879 -0.837 -0.41 -0.29 -0.808 -1.064 -1.435 -1.44 -0.902 -0.771 -1.344 -1.547
-0.574 -0.075 -0.195 -0.015 0.183 0.427 0.479 0.203 -0.011 0.14 -0.184 -0.376 -0.623 -0.681 -0.404 -0.566 -0.519 -0.504 -0.885 -0.823 -0.604 -0.371 -0.137 0.088 0.404 0.473 0.101 -0.26 -0.358 -0.705 -1.313 -1.596 -1.074 -0.705 -0.09 -0.129 -0.732 -0.742 -0.46 -0.155 0.24 0.661 0.916 0.894 0.721 0.168 -0.191 -0.63 -1.046 -0.597 -0.324 -0.144 -0.258 -0.854 -1.107 -1.503 -1.432 -1.404 -1.44 -1.385 -1.223 -1.132 -0.972 -0.533 -0.503 -0.55 -0.539 -0.159 -0.404 -0.859 -1.249 -1.534 -1.628 -1.11 -0.747 -1.105 -1.41
-0.178 0.253 0.313 0.373 0.453 0.461 0.12 -0.403 -0.571 -0.267 -0.51 -0.901 -0.998 -0.898 -0.579 -0.816 -0.807 -0.713 -0.869 -0.664 -0.389 -0.152 0.097 0.324 0.505 0.27 0.026 -0.413 -0.675 -0.901 -1.401 -1.417 -0.803 -0.381 0.025 -0.287 -0.8 -0.672 -0.388 -0.098 0.27 0.621 0.867 0.903 0.767 0.365 -0.146 -0.355 -0.851 -0.636 -0.319 -0.083 -0.202 -0.884 -1.477 -1.499 -1.36 -1.029 -1.09 -0.852 -0.727 -0.736 -0.594 -0.343 -0.114 -0.241 -0.274 -0.355 -0.498 -0.831 -1.221 -1.502 -1.699 -1.302 -0.951 -1.195 -1.117
0.246 0.206 0.089 0.063 -0.01 0.139 -0.24 -0.707 -0.822 -0.792 -0.688 -1.273 -1.256 -0.996 -0.737 -0.909 -1.032 -1.008 -0.867 -0.507 -0.237 0.043 0.257 0.484 0.393 0.117 -0.029 -0.305 -0.579 -0.833 -1.184 -1.28 -0.741 -0.28 0.053 -0.59 -0.79 -0.641 -0.376 -0.093 0.227 0.546 0.766 0.906 0.851 0.684 0.293 -0.132 -0.516 -0.395 -0.155 0.005 -0.161 -0.687 -1.396 -1.318 -1.199 -0.769 -0.699 -0.562 -0.314 -0.435 -0.275 -0.058 0.052 -0.142 -0.267 -0.809 -0.73 -0.823 -1.186 -1.429 -1.576 -1.259 -1.363 -1.582 -1.235
-0.084 -0.293 -0.369 -0.389 -0.629 -0.065 -0.27 -0.66 -1.073 -1.187 -1.025 -1.553 -1.341 -1.048 -0.933 -1.108 -1.011 -0.986 -0.724 -0.445 -0.091 0.181 0.392 0.457 0.091 -0.332 -0.148 -0.301 -0.593 -0.881 -1.257 -1.196 -0.742 -0.255 -0.084 -0.777 -0.765 -0.547 -0.308 -0.04 0.213 0.509 0.754 0.805 0.514 0.61 0.675 0.436 0.031 0.132 0.238 -0.011 -0.087 -0.464 -1.102 -1.137 -0.793 -0.491 -0.335 -0.392 -0.08 -0.115 0.097 0.147 -0.128 -0.45 -0.737 -1.096 -1.104 -0.82 -1.214 -1.623 -1.51 -1.454 -1.731 -1.686 -1.624
-0.645 -0.876 -0.92 -0.971 -0.788 -0.224 -0.119 -0.5 -1.046 -1.561 -1.428 -1.694 -1.503 -1.209 -1.071 -1.279 -1.092 -0.876 -0.572 -0.31 0.063 0.297 0.364 0.299 -0.202 -0.618 -0.586 -0.219 -0.494 -0.91 -1.341 -1.017 -0.581 -0.154 -0.378 -0.805 -0.623 -0.358 -0.143 0.072 0.347 0.479 0.591 0.643 0.176 -0.02 0.054 0.335 0.523 0.491 0.426 0.095 0.075 -0.139 -0.596 -0.629 -0.316 -0.076 -0.027 -0.039 0.231 0.268 0.216 -0.111 -0.687 -0.99 -1.205 -1.337 -1.319 -1.144 -1.44 -1.52 -1.699 -1.823 -1.486 -1.534 -1.601
-0.938 -1.167 -1.25 -0.909 -0.594 -0.315 -0.016 -0.522 -1.15 -1.595 -1.702 -1.64 -1.474 -1.211 -1.191 -1.24 -1.074 -0.778 -0.367 -0.072 0.174 0.135 0.169 0.179 -0.442 -0.901 -1.004 -0.567 -0.477 -0.923 -1.248 -0.833 -0.357 -0.059 -0.458 -0.704 -0.544 -0.201 0.065 0.218 0.167 -0.094 0.219 0.507 0.138 -0.543 -0.564 -0.108 0.141 0.397 0.505 0.43 0.309 0.163 -0.092 -0.051 0.143 0.318 0.335 0.405 0.454 0.41 0.237 -0.422 -0.994 -1.176 -1.223 -1.483 -1.474 -1.393 -1.313 -1.458 -1.714 -1.584 -1.295 -1.757 -1.624
-0.661 -1.235 -1.463 -1.111 -0.798 -0.742 -0.396 -0.243 -0.704 -1.249 -1.697 -1.617 -1.441 -1.218 -1.029 -0.872 -0.684 -0.425 -0.053 0.054 -0.017 -0.317 -0.035 0.097 -0.484 -0.888 -1.094 -0.941 -0.747 -1.187 -1.059 -0.653 -0.179 -0.477 -0.484 -0.58 -0.795 -0.359 -0.19 -0.232 -0.423 -0.666 -0.244 0.417 0.12 -0.335 -0.618 -0.299 -0.299 -0.133 0.136 0.438 0.546 0.465 0.394 0.432 0.468 0.492 0.453 0.406 0.184 0.129 0.321 -0.139 -0.591 -0.661 -0.825 -1.161 -1.08 -1.09 -1.407 -1.711 -1.421 -1.039 -1.267 -1.75 -1.591
-0.718 -1.347 -1.714 -1.35 -1.047 -1.123 -0.965 -0.316 -0.312 -0.998 -1.533 -1.506 -1.332 -1.134 -1.007 -0.699 -0.396 -0.091 -0.058 -0.256 -0.463 -0.753 -0.239 0.176 -0.208 -0.602 -1.027 -1.231 -1.249 -1.181 -0.813 -0.429 -0.437 -0.853 -0.93 -0.617 -1.169 -0.9 -0.795 -0.818 -0.934 -0.741 -0.346 0.386 0.02 -0.572 -0.939 -0.685 -0.732 -0.523 -0.161 0.128 0.429 0.567 0.435 0.288 0.263 0.213 0.028 0.039 -0.387 -0.324 -0.121 0.177 0.079 -0.376 -0.823 -0.957 -0.959 -1.384 -1.361 -1.158 -0.99 -0.869 -1.396 -1.802 -1.535
-0.775 -1.292 -1.735 -1.552 -1.42 -1.342 -1.103 -0.528 -0.193 -0.945 -1.567 -1.561 -1.306 -1.175 -1.165 -0.724 -0.308 -0.124 -0.336 -0.814 -0.854 -0.982 -0.427 0.102 -0.231 -0.871 -1.37 -1.655 -1.398 -1.001 -0.605 -0.32 -0.611 -1.126 -1.222 -0.936 -1.642 -1.528 -1.266 -1.008 -0.779 -0.477 -0.165 0.363 0.165 -0.483 -1.035 -1.022 -0.96 -0.668 -0.396 -0.122 0.196 0.458 0.203 -0.303 -0.256 -0.423 -0.485 -0.301 -0.773 -0.585 -0.756 -0.368 0.125 -0.012 -0.581 -0.922 -0.74 -0.791 -0.624 -0.608 -0.658 -0.866 -1.24 -1.574 -1.565
-0.906 -1.229 -1.7 -1.582 -1.34 -1.209 -1.043 -0.755 -0.555 -0.827 -1.541 -1.607 -1.193 -0.936 -0.885 -0.536 -0.222 -0.558 -0.732 -1 -1.356 -1.235 -0.8 -0.105 -0.533 -0.894 -1.158 -1.669 -1.475 -1.052 -0.554 -0.542 -0.984 -1.485 -1.425 -1.311 -1.649 -1.394 -1.057 -0.811 -0.567 -0.236 0.184 0.504 0.148 -0.36 -0.834 -1.144 -1.045 -0.785 -0.589 -0.295 -0.001 0.255 0.094 -0.655 -0.764 -0.817 -0.908 -0.691 -1.002 -0.811 -0.939 -1.023 -0.359 -0.01 -0.154 -0.349 -0.319 -0.517 -0.779 -0.996 -1.04 -0.912 -1.334 -1.713 -1.728
-1.1 -1.146 -1.569 -1.497 -1.262 -1.38 -1.456 -1.414 -1.377 -0.97 -1.395 -1.511 -1.226 -0.912 -0.555 -0.425 -0.352 -0.881 -1.293 -1.208 -1.584 -1.39 -0.805 -0.107 -0.593 -0.992 -0.969 -1.433 -1.403 -0.96 -0.552 -0.719 -1.488 -1.81 -1.582 -1.524 -1.455 -1.176 -0.937 -0.599 -0.291 0.03 0.412 0.499 -0.108 -0.586 -0.907 -1.249 -1.197 -0.931 -0.774 -0.464 -0.179 0.183 0.184 -0.456 -0.999 -1.213 -1.264 -1.068 -1.284 -1.11 -0.952 -1.17 -0.695 -0.234 0.02 -0.118 -0.518 -0.964 -1.263 -1.414 -1.453 -0.996 -1.391 -1.856 -2.034
-1.309 -1.388 -1.778 -1.863 -1.48 -1.777 -1.914 -1.993 -1.777 -1.258 -1.239 -1.477 -1.11 -0.812 -0.894 -0.687 -0.532 -1.065 -1.529 -1.772 -1.66 -1.178 -0.62 -0.055 -0.409 -1.215 -1.434 -1.605 -1.35 -0.924 -0.541 -0.777 -1.681 -1.807 -1.513 -1.395 -1.22 -1.07 -0.856 -0.506 -0.118 0.179 0.482 0.348 -0.453 -1.043 -1.12 -1.4 -1.34 -1.192 -1.136 -0.668 -0.202 0.165 0.31 -0.304 -0.902 -1.34 -1.658 -1.551 -1.474 -1.42 -1.139 -1.405 -1.116 -0.757 -0.282 -0.142 -0.587 -0.952 -1.215 -1.449 -1.559 -1.175 -1.372 -1.854 -2.06
