data/climatemaps/RS_maps/climate_postbreed_tmp_2012.asc
NCOLS 369 
NROWS 228 
XLLCORNER 479000 
YLLCORNER 73000 
CELLSIZE 1000 
NODATA_value -9 
[rows 136 to 169 of 228, columns 77 to 153 of 369]
0.822 0.727 0.666 0.616 0.648 0.689 0.695 0.683 0.663 0.631 0.567 0.538 0.605 0.682 0.709 0.706 0.679 0.763 0.712 0.434 0.059 0.154 0.409 0.423 0.193 -0.061 -0.135 -0.087 -0.409 -0.545 -0.49 -0.471 -0.412 -0.593 -0.703 -0.757 -0.335 -0.206 -0.131 0.172 0.389 0.424 0.168 0.064 0.006 -0.279 -0.227 -0.442 -0.544 -0.51 -0.272 -0.129 0.13 0.463 0.222 -0.128 -0.49 -0.803 -0.867 -0.624 -0.408 -0.077 0.42 0.724 0.551 0.377 0.22 0.13 -0.002 -0.098 -0.081 -0.403 -0.487 0.001 -0.064 -0.591 -0.411
0.804 0.721 0.64 0.631 0.637 0.649 0.675 0.665 0.666 0.662 0.657 0.659 0.673 0.688 0.697 0.697 0.68 0.763 0.73 0.424 0.23 0.406 0.516 0.427 0.204 -0.068 -0.278 -0.259 -0.541 -0.614 -0.525 -0.275 -0.346 -0.241 -0.425 -0.519 -0.218 0.116 0.275 0.449 0.336 0.128 -0.185 -0.211 -0.195 -0.551 -0.46 -0.604 -0.591 -0.479 -0.373 -0.003 0.292 0.346 0.037 -0.295 -0.649 -1.066 -0.801 -0.414 -0.047 0.192 0.62 0.718 0.487 0.196 -0.048 -0.049 0.091 -0.08 -0.511 -0.683 -0.369 -0.068 -0.474 -1.003 -0.766
0.772 0.714 0.673 0.648 0.64 0.649 0.661 0.664 0.656 0.651 0.641 0.646 0.658 0.665 0.693 0.699 0.699 0.75 0.747 0.503 0.502 0.529 0.497 0.465 0.289 0.036 -0.023 -0.308 -0.537 -0.314 -0.13 0.089 0.013 0.02 -0.323 -0.568 -0.29 0.089 0.34 0.469 0.132 -0.126 -0.383 -0.467 -0.484 -0.611 -0.388 -0.253 -0.25 -0.113 0.011 0.247 0.217 0.159 -0.152 -0.444 -0.847 -0.941 -0.535 -0.137 0.2 0.551 0.724 0.67 0.373 -0.107 -0.379 -0.422 -0.023 -0.252 -0.44 -0.687 -0.56 -0.277 -0.769 -1.119 -0.887
0.777 0.732 0.676 0.669 0.651 0.681 0.677 0.637 0.565 0.537 0.563 0.582 0.601 0.639 0.71 0.721 0.712 0.749 0.731 0.6 0.507 0.401 0.264 0.105 0.263 0.324 0.261 -0.047 0.002 0.194 0.195 0.131 0.132 0.162 -0.303 -0.481 -0.298 0.005 0.306 0.442 -0.011 -0.279 -0.458 -0.682 -0.53 -0.327 -0.217 -0.234 -0.032 0.123 0.108 0.065 -0.044 0.016 -0.427 -0.793 -1.074 -0.759 -0.311 0.144 0.542 0.685 0.58 0.51 0.368 -0.166 -0.526 -0.527 -0.484 -0.827 -0.553 -0.535 -0.876 -0.681 -1.112 -1.168 -0.732
0.771 0.691 0.686 0.733 0.715 0.699 0.652 0.523 0.368 0.327 0.414 0.492 0.474 0.586 0.72 0.744 0.752 0.774 0.649 0.317 0.08 0.03 0.251 -0.101 -0.049 0.256 0.195 0.258 0.35 0.047 -0.115 -0.151 -0.258 0.039 -0.103 -0.232 -0.287 -0.03 0.301 0.371 -0.027 -0.396 -0.593 -0.73 -0.415 -0.486 -0.434 -0.515 0.048 -0.226 -0.277 -0.251 -0.076 -0.184 -0.6 -0.969 -0.976 -0.44 0.028 0.414 0.688 0.593 0.307 0.058 0.366 0.173 -0.081 -0.504 -1.046 -1.104 -0.705 -0.679 -1.339 -1.478 -1.346 -0.952 -0.647
0.755 0.737 0.761 0.736 0.724 0.697 0.549 0.32 0.17 0.205 0.365 0.371 0.207 0.473 0.639 0.726 0.734 0.755 0.416 -0.097 -0.315 -0.113 0.206 -0.031 -0.035 0.254 -0.17 -0.045 0.108 -0.282 -0.313 -0.408 -0.427 0.048 -0.084 -0.241 -0.235 0.082 0.315 0.383 0.053 -0.45 -0.737 -0.658 -0.526 -0.662 -0.593 -0.284 0.073 -0.332 -0.624 -0.572 -0.114 -0.451 -0.862 -0.933 -0.639 -0.191 0.333 0.6 0.687 0.434 -0.035 -0.29 0.136 0.451 0.112 -0.676 -0.972 -0.752 -0.949 -1.153 -1.408 -1.661 -1.472 -0.984 -1.151
0.809 0.815 0.775 0.738 0.722 0.643 0.394 0.159 0.122 0.321 0.389 0.208 0.11 0.337 0.511 0.669 0.69 0.716 0.359 0.077 -0.215 -0.174 0.149 -0.053 -0.089 0.144 -0.414 -0.626 -0.498 -0.242 -0.499 -0.533 -0.181 -0.004 -0.299 -0.403 -0.197 0.081 0.144 0.334 0.117 -0.45 -0.602 -0.708 -0.652 -0.384 -0.156 0.083 -0.104 -0.651 -0.915 -0.631 -0.295 -0.494 -1.15 -0.982 -0.311 0 0.409 0.621 0.678 0.298 -0.228 -0.624 -0.185 0.203 0.325 -0.03 -0.288 -0.547 -0.894 -0.862 -1.3 -1.555 -1.339 -1.183 -1.524
0.852 0.791 0.76 0.761 0.705 0.551 0.334 0.133 0.179 0.329 0.299 0.152 0.16 0.341 0.339 0.543 0.688 0.707 0.511 0.114 -0.352 -0.11 0.011 -0.44 -0.181 0.07 -0.597 -0.656 -0.467 -0.295 -0.591 -0.458 -0.08 -0.241 -0.519 -0.495 -0.17 -0.049 0.146 0.406 0.104 -0.197 -0.478 -0.695 -0.725 -0.807 -0.331 0.052 -0.168 -0.426 -0.858 -0.916 -0.685 -0.428 -1.054 -0.681 -0.237 0.215 0.515 0.486 0.655 0.306 -0.18 -0.772 -0.453 -0.147 0.213 -0.341 -0.291 -0.229 -0.365 -0.613 -1.06 -1.435 -1.358 -1.506 -1.434
0.798 0.784 0.782 0.765 0.672 0.431 0.182 0.041 0.16 0.225 0.087 0.033 0.047 0.201 0.109 0.446 0.687 0.744 0.506 -0.026 -0.351 0.008 -0.216 -0.536 -0.357 -0.118 -0.412 -0.518 -0.429 -0.561 -0.655 -0.315 -0.214 -0.551 -0.608 -0.36 -0.309 -0.166 0.253 0.429 0.144 -0.242 -0.612 -0.802 -0.879 -0.69 -0.141 -0.182 -0.141 -0.604 -0.802 -1.116 -0.907 -0.605 -0.881 -0.417 0.038 0.351 0.291 0.086 0.622 0.353 -0.201 -0.791 -0.804 -0.361 0.113 -0.147 -0.509 -0.622 -0.779 -1.118 -1.406 -1.676 -1.655 -1.527 -1.2
0.819 0.794 0.774 0.753 0.622 0.312 0.052 0.003 0.166 0.093 -0.117 -0.26 -0.03 -0.037 -0.008 0.394 0.732 0.725 0.344 -0.104 -0.394 -0.178 -0.39 -0.715 -0.553 -0.199 -0.38 -0.65 -0.646 -0.671 -0.464 -0.284 -0.471 -0.685 -0.554 -0.468 -0.416 -0.194 0.298 0.422 0.112 -0.209 -0.429 -0.688 -0.762 -0.486 -0.35 -0.511 -0.214 -0.518 -0.927 -1.159 -1.279 -1.121 -0.698 -0.175 0.289 0.28 -0.018 -0.159 0.564 0.409 -0.219 -0.976 -1.127 -0.717 -0.155 0.072 -0.176 -0.631 -1.269 -1.571 -1.701 -1.542 -1.437 -1.161 -0.881
0.848 0.787 0.771 0.733 0.586 0.315 0.12 0.066 0.179 -0.014 -0.299 -0.3 -0.059 -0.053 0.112 0.577 0.732 0.618 0.15 -0.267 -0.505 -0.589 -0.665 -0.692 -0.362 -0.217 -0.478 -0.659 -0.433 -0.427 -0.536 -0.496 -0.576 -0.543 -0.383 -0.367 -0.333 0.011 0.244 0.357 0.18 -0.117 -0.443 -0.731 -0.914 -0.826 -0.701 -0.724 -0.382 -0.43 -0.909 -1.09 -1.237 -0.972 -0.44 0.001 0.332 0.033 -0.376 -0.534 0.346 0.436 -0.245 -0.923 -1.318 -1.167 -0.599 -0.388 -0.319 -0.387 -0.893 -1.477 -1.776 -1.339 -0.965 -0.788 -0.59
0.878 0.807 0.784 0.731 0.599 0.45 0.339 0.221 0.197 -0.103 -0.224 0.025 0.179 0.115 0.41 0.684 0.652 0.45 0.102 -0.167 -0.541 -0.848 -0.804 -0.624 -0.299 -0.332 -0.577 -0.546 -0.298 -0.243 -0.549 -0.499 -0.496 -0.506 -0.27 -0.101 -0.043 0.124 0.053 0.188 0.252 -0.363 -0.589 -0.842 -0.952 -0.855 -0.791 -0.918 -0.607 -0.421 -0.717 -1.054 -0.91 -0.583 -0.288 0.099 0.209 -0.174 -0.708 -0.889 -0.054 0.434 -0.071 -0.633 -1.091 -1.245 -0.924 -0.841 -0.802 -0.609 -0.607 -1.129 -1.648 -1.448 -0.739 -0.512 -0.47
0.87 0.78 0.794 0.729 0.557 0.435 0.399 0.328 0.157 -0.021 -0.031 0.041 0.098 0.317 0.643 0.7 0.469 0.246 0.073 -0.231 -0.627 -0.87 -0.717 -0.529 -0.197 -0.443 -0.42 -0.49 -0.328 -0.161 -0.469 -0.518 -0.307 -0.259 -0.102 0.023 0.061 -0.07 -0.156 0.145 0.222 -0.376 -0.573 -0.71 -0.448 -0.422 -0.556 -0.831 -0.903 -0.742 -0.849 -1.101 -0.655 -0.324 -0.1 0.193 -0.025 -0.399 -0.816 -0.966 -0.443 0.314 0.223 -0.442 -0.923 -1.362 -1.363 -1.201 -1.259 -0.978 -0.723 -1.029 -1.683 -1.725 -0.782 -0.876 -1.113
0.76 0.756 0.833 0.739 0.475 0.23 0.29 0.237 0.103 0.002 -0.138 -0.199 -0.036 0.407 0.716 0.643 0.211 -0.066 -0.076 -0.29 -0.743 -0.665 -0.352 -0.143 -0.2 -0.28 -0.185 -0.478 -0.313 -0.091 -0.513 -0.41 -0.201 -0.037 -0.04 -0.119 -0.152 -0.421 -0.312 0.195 0.297 -0.081 -0.358 -0.361 -0.255 -0.542 -0.567 -0.582 -0.803 -1.103 -1.198 -0.812 -0.384 -0.201 0.047 0.134 -0.223 -0.578 -0.786 -1.019 -0.669 0.143 0.208 -0.635 -1.193 -1.418 -1.334 -1.428 -1.527 -1.519 -1.232 -1.044 -1.57 -2.001 -1.582 -1.704 -1.434
0.712 0.876 0.831 0.582 0.501 0.353 0.289 0.108 -0.045 -0.191 -0.356 -0.165 0.19 0.514 0.694 0.463 -0.041 -0.37 -0.282 -0.536 -0.77 -0.467 -0.057 0.098 -0.043 -0.016 -0.222 -0.458 -0.221 -0.027 -0.379 -0.153 -0.001 -0.025 -0.2 -0.412 -0.416 -0.689 -0.422 0.057 0.321 0.236 -0.115 -0.102 -0.405 -0.719 -0.832 -0.925 -0.945 -1.216 -1.183 -0.679 -0.422 -0.253 0.085 0.003 -0.375 -0.696 -0.998 -1.197 -0.75 0.034 0.148 -0.546 -0.851 -0.93 -0.811 -1.264 -1.583 -1.968 -1.796 -1.455 -1.568 -2.02 -1.753 -1.671 -1.239
0.88 0.968 0.745 0.328 0.35 0.361 0.222 0.155 0.047 -0.212 -0.156 0.089 0.36 0.609 0.637 0.293 -0.031 -0.4 -0.619 -0.706 -0.471 -0.187 -0.075 0.029 0.182 0.088 -0.007 -0.042 0.106 0.124 0.014 0.103 0.098 -0.163 -0.429 -0.58 -0.593 -0.745 -0.449 -0.059 0.084 0.198 0.251 0.001 -0.313 -0.581 -0.957 -1.447 -1.254 -1.042 -0.739 -0.712 -0.495 -0.129 0.087 -0.192 -0.552 -0.909 -1.193 -1.01 -0.476 0.115 0.17 -0.154 -0.405 -0.442 -0.505 -1.274 -1.892 -2.264 -2.456 -2.294 -1.954 -1.818 -1.664 -1.606 -1.355
1.06 0.964 0.663 0.213 0.297 0.171 -0.002 -0.092 0.02 -0.282 -0.1 0.287 0.511 0.65 0.392 -0.101 -0.289 -0.523 -0.587 -0.465 -0.008 0.08 -0.139 0.003 0.302 0.317 0.327 0.31 0.295 0.318 0.319 0.277 0.135 -0.288 -0.586 -0.568 -0.562 -0.59 -0.507 -0.228 -0.249 -0.178 0.261 0.132 -0.345 -0.51 -0.753 -1.38 -1.12 -0.552 -0.315 -0.324 -0.211 0.041 -0.048 -0.193 -0.582 -1.052 -1.206 -0.907 -0.377 0.166 -0.171 -0.412 -0.718 -0.914 -0.981 -1.339 -2.044 -2.603 -2.296 -1.975 -1.876 -1.964 -1.905 -2.088 -1.795
1.086 0.975 0.692 0.276 0.423 0.083 -0.185 -0.214 -0.188 -0.308 0.025 0.412 0.487 0.545 0.358 0.005 -0.156 -0.257 -0.299 0.092 0.329 0.312 0.172 0.323 0.388 0.277 0.12 0.118 0.08 0.014 0.242 0.33 0.215 -0.158 -0.237 -0.171 -0.191 -0.232 -0.484 -0.444 -0.52 -0.372 0.027 0.263 -0.198 -0.627 -0.807 -1.208 -0.903 -0.459 -0.45 -0.179 -0.156 0.034 -0.351 -0.324 -0.845 -1.367 -1.126 -0.659 -0.252 -0.007 -0.726 -1.17 -1.36 -1.704 -1.726 -1.742 -2.205 -2.048 -1.699 -1.726 -1.872 -2.06 -2.266 -2.469 -2.333
1.146 1.053 0.852 0.576 0.544 0.277 -0.044 -0.084 -0.367 -0.172 0.251 0.393 0.147 0.52 0.514 0.297 0.389 0.249 0.232 0.463 0.494 0.441 0.417 0.284 -0.019 -0.171 -0.284 -0.291 -0.355 -0.039 -0.038 0.249 0.287 0.157 0.015 -0.166 -0.418 -0.354 -0.525 -0.69 -0.586 -0.545 -0.139 0.316 0.062 -0.28 -0.62 -0.98 -0.923 -0.691 -0.52 -0.255 -0.391 -0.049 -0.587 -1.075 -1.41 -1.626 -0.681 -0.471 -0.218 -0.416 -1.061 -1.502 -1.788 -2.093 -2.512 -2.122 -1.84 -1.499 -1.581 -1.864 -2.142 -2.271 -2.309 -2.16 -2.001
1.215 1.146 1.018 0.827 0.598 0.371 0.09 0.066 -0.263 -0.071 0.381 0.149 -0.226 0.111 0.389 0.504 0.498 0.468 0.54 0.483 0.284 0.145 0.131 0.035 -0.486 -0.679 -0.814 -0.552 -0.272 -0.143 -0.235 0.182 0.252 0.183 -0.235 -0.367 -0.672 -0.782 -0.432 -0.947 -0.716 -0.684 -0.099 0.276 0.265 -0.036 -0.368 -0.728 -0.927 -0.589 -0.437 -0.394 -0.488 -0.116 -0.716 -1.555 -1.827 -1.188 -0.597 -0.911 -0.58 -0.195 -0.507 -0.859 -1.104 -1.558 -2.075 -1.502 -0.95 -1.32 -1.819 -2.196 -2.326 -2.154 -2.006 -1.796 -1.447
1.281 1.234 1.129 0.86 0.525 0.505 0.398 0.217 -0.168 -0.036 0.197 0.162 -0.156 -0.126 -0.092 0.028 0.09 0.294 0.383 0.237 -0.11 -0.156 -0.26 -0.14 -0.449 -0.86 -0.683 -0.433 -0.182 -0.271 -0.113 0.239 0.001 0.012 -0.201 -0.751 -0.767 -1.21 -0.537 -0.884 -0.892 -0.443 -0.103 0.142 0.334 -0.008 -0.411 -0.679 -0.747 -0.603 -0.668 -0.703 -0.729 -0.391 -0.819 -1.228 -1.39 -0.907 -0.827 -0.84 -0.763 -0.923 -0.569 -0.55 -0.477 -0.775 -1.16 -0.815 -0.845 -1.595 -2.194 -2.175 -2.007 -1.814 -1.519 -1.649 -1.09
1.322 1.277 1.224 1.036 0.776 0.692 0.368 0.04 -0.307 -0.341 -0.09 0.162 0.025 -0.245 -0.389 -0.225 -0.077 0.002 0.055 0.242 -0.089 -0.408 -0.603 -0.35 -0.556 -0.878 -0.53 -0.389 -0.272 -0.159 0.063 0.169 -0.374 -0.144 -0.084 -0.797 -0.87 -1.218 -0.68 -0.835 -0.711 -0.406 -0.316 -0.113 0.305 0.172 -0.277 -0.641 -0.83 -0.849 -0.878 -1.254 -1.041 -0.794 -1.013 -1.394 -1.355 -0.983 -0.968 -0.776 -1.101 -1.599 -1.476 -1.284 -1.064 -0.487 -0.592 -0.735 -1.405 -1.989 -2.146 -1.818 -1.425 -1.642 -1.164 -1.207 -0.858
1.326 1.309 1.298 1.224 0.959 0.618 0.345 -0.09 -0.442 -0.458 -0.231 0.011 0.194 -0.176 -0.177 -0.054 -0.275 -0.257 -0.098 0.213 0.131 -0.256 -0.609 -0.636 -0.81 -0.882 -0.645 -0.417 -0.326 -0.359 -0.059 0.081 -0.504 -0.244 0.039 -0.423 -0.715 -0.982 -0.78 -0.843 -0.612 -0.596 -0.526 -0.154 0.179 0.24 0.017 -0.355 -0.641 -0.847 -1.258 -1.255 -0.927 -0.88 -1.103 -1.465 -1.478 -1.299 -0.978 -1.052 -1.338 -1.955 -2.174 -1.952 -1.594 -0.963 -1.159 -1.543 -1.867 -1.93 -1.782 -1.501 -1.013 -1.059 -0.908 -0.688 -0.678
1.321 1.306 1.3 1.279 1.104 0.677 0.271 -0.061 -0.157 -0.311 -0.306 -0.263 0.029 0.045 0.035 0.012 -0.17 -0.191 -0.124 -0.059 0.086 0.041 -0.2 -0.288 -0.413 -0.71 -0.863 -0.7 -0.736 -0.642 -0.081 0.067 -0.375 -0.429 0.045 -0.072 -0.319 -0.552 -0.773 -0.833 -0.658 -0.691 -0.473 -0.038 -0.069 -0.075 0.139 -0.003 -0.344 -0.794 -1.172 -1.318 -1.301 -1.225 -1.429 -1.695 -1.593 -1.302 -1.149 -1.588 -1.585 -2.03 -2.457 -2.534 -1.781 -1.51 -1.801 -2.027 -1.733 -1.458 -1.302 -1.088 -0.763 -0.53 -0.55 -0.743 -1.009
1.314 1.302 1.296 1.288 1.23 0.728 0.304 0.267 0.189 -0.252 -0.473 -0.318 -0.056 0.027 -0.092 -0.125 -0.227 -0.145 -0.127 -0.33 -0.267 -0.044 -0.149 -0.24 -0.163 -0.624 -1.016 -0.725 -0.497 -0.365 0.046 0.062 -0.332 -0.465 -0.054 0.062 -0.178 -0.434 -0.632 -0.821 -0.736 -0.586 -0.411 -0.098 -0.185 -0.487 -0.24 -0.132 -0.481 -1.202 -1.419 -1.747 -1.898 -1.803 -1.804 -1.82 -1.587 -1.243 -1.303 -1.868 -2.12 -1.941 -2.104 -2.151 -1.891 -1.724 -1.715 -1.627 -1.329 -1.032 -0.812 -0.542 -0.394 -0.531 -0.943 -1.357 -1.73
1.307 1.301 1.292 1.287 1.255 0.944 0.675 0.407 0.052 -0.34 -0.263 -0.128 -0.183 -0.155 -0.244 -0.368 -0.496 -0.2 -0.153 -0.342 -0.424 -0.238 -0.312 -0.634 -0.192 -0.547 -0.836 -0.39 -0.295 -0.251 0.068 0.06 -0.341 -0.431 -0.242 0.056 -0.159 -0.508 -0.691 -0.868 -0.701 -0.528 -0.544 -0.401 -0.257 -0.703 -0.794 -0.613 -0.952 -1.49 -1.877 -2.199 -2.004 -1.919 -1.779 -1.616 -1.505 -1.224 -1.439 -1.789 -1.879 -1.552 -1.433 -1.636 -1.957 -1.556 -1.317 -1.081 -0.829 -0.571 -0.334 -0.255 -0.546 -0.971 -1.514 -1.996 -2.284
1.3 1.292 1.286 1.278 1.261 1.099 0.543 -0.069 -0.336 -0.247 -0.199 -0.209 -0.438 -0.341 -0.404 -0.669 -0.506 -0.184 -0.208 -0.295 -0.488 -0.526 -0.483 -0.687 -0.287 -0.633 -0.625 -0.344 -0.581 -0.453 0.015 0.054 -0.273 -0.556 -0.416 -0.069 -0.19 -0.714 -0.91 -0.935 -0.756 -0.802 -0.734 -0.571 -0.518 -1.024 -1.361 -1.191 -1.307 -1.606 -2.016 -2.207 -1.928 -1.645 -1.45 -1.337 -1.355 -1.101 -1.181 -1.176 -1.062 -0.992 -1.227 -1.698 -1.808 -1.519 -1.222 -0.75 -0.355 -0.187 -0.313 -0.566 -1.065 -1.473 -2.019 -2.562 -2.354
1.29 1.283 1.276 1.269 1.258 1.11 0.271 -0.15 -0.174 -0.187 -0.38 -0.585 -0.592 -0.383 -0.61 -0.649 -0.372 -0.149 -0.443 -0.596 -0.769 -0.974 -0.844 -0.734 -0.581 -0.741 -0.452 -0.467 -0.69 -0.453 0.046 0.068 -0.336 -0.698 -0.576 -0.43 -0.365 -0.72 -1.025 -1.252 -1.093 -0.99 -0.836 -0.981 -1.092 -1.394 -1.642 -1.637 -1.633 -1.713 -1.882 -1.98 -2.039 -1.842 -1.707 -1.615 -1.615 -0.727 -0.505 -0.525 -0.636 -1.018 -1.636 -1.871 -1.755 -1.487 -1.213 -0.624 -0.15 -0.462 -0.83 -1.177 -1.625 -2.002 -2.247 -2.565 -2.365
1.289 1.281 1.269 1.261 1.251 0.863 0.167 -0.055 -0.199 -0.44 -0.648 -0.835 -0.558 -0.203 -0.284 -0.328 -0.155 -0.271 -0.772 -0.962 -1.038 -1.138 -1.129 -0.977 -0.915 -0.831 -0.482 -0.649 -0.497 -0.138 0.057 0.098 -0.38 -0.951 -1.11 -0.808 -0.66 -0.951 -1.301 -1.495 -1.377 -1.427 -1.366 -1.385 -1.394 -1.66 -1.821 -1.799 -1.775 -1.803 -1.86 -1.876 -1.871 -1.965 -1.916 -1.752 -1.524 -0.521 -0.116 -0.447 -0.975 -1.484 -1.85 -1.739 -1.704 -1.515 -1.113 -0.551 -0.207 -0.924 -1.35 -1.804 -2.136 -2.004 -1.805 -1.94 -2.017
1.266 1.268 1.261 1.255 1.135 0.497 -0.009 -0.234 -0.411 -0.701 -0.883 -0.68 -0.377 -0.111 0.092 -0.067 -0.032 -0.322 -0.637 -0.661 -0.644 -0.666 -0.817 -0.722 -0.775 -0.844 -0.707 -0.541 -0.179 -0.099 -0.286 -0.371 -0.475 -1.218 -1.477 -1.057 -0.953 -1.554 -1.56 -1.705 -1.795 -1.623 -1.357 -1.455 -1.669 -1.703 -1.629 -1.836 -1.857 -1.716 -1.626 -1.505 -1.49 -1.735 -1.734 -1.401 -0.894 -0.276 -0.126 -0.785 -1.276 -1.658 -1.484 -1.402 -1.657 -1.363 -1.173 -0.476 -0.174 -1.069 -1.767 -2.114 -2.128 -1.693 -1.217 -1.534 -1.776
1.202 1.261 1.257 1.253 1.226 0.828 0.142 -0.176 -0.018 -0.326 -0.747 -0.45 -0.029 0.137 0.328 0.256 0.159 0.093 -0.105 -0.123 -0.124 -0.165 -0.284 -0.384 -0.542 -0.631 -0.529 -0.282 -0.052 -0.419 -0.949 -0.943 -0.889 -1.177 -1.438 -1.135 -1.138 -1.673 -1.986 -1.923 -1.644 -1.329 -1.066 -1.451 -1.568 -1.517 -1.491 -1.612 -1.722 -1.811 -1.236 -1.073 -1.363 -1.576 -1.613 -1.319 -0.419 -0.056 -0.403 -0.811 -1.188 -1.427 -1.251 -1.205 -1.593 -1.605 -1.267 -0.612 -0.056 -0.826 -1.715 -1.729 -1.699 -1.528 -0.801 -1.535 -1.551
0.972 1.253 1.25 1.248 1.243 1.057 0.581 0.344 0.185 -0.229 -0.599 -0.191 0.124 0.431 0.419 0.182 0.182 0.192 0.22 0.2 0.157 0.148 0.068 -0.118 -0.245 -0.31 -0.358 -0.455 -0.49 -0.726 -1.417 -1.312 -1.042 -1.434 -1.666 -1.468 -1.677 -1.983 -2.207 -1.906 -1.609 -1.294 -0.652 -0.715 -1.021 -1.234 -1.149 -1.282 -1.434 -1.427 -1.163 -0.768 -1 -1.243 -1.327 -1.247 -0.317 0.084 -0.235 -0.621 -0.87 -1.198 -1.042 -1.104 -1.494 -1.367 -1.165 -0.503 0.043 -0.774 -1.594 -1.417 -1.388 -1.249 -0.719 -1.573 -1.594
0.66 1.211 1.248 1.247 1.241 1.19 0.756 0.644 0.255 -0.28 -0.204 0.055 0.246 0.494 0.086 -0.117 -0.208 -0.327 -0.256 -0.271 -0.154 -0.031 0.16 -0.026 -0.276 -0.509 -0.922 -1.198 -1.066 -0.974 -1.588 -1.335 -1.079 -1.385 -1.923 -1.924 -1.825 -1.919 -1.876 -1.587 -1.592 -1.527 -1.083 -0.567 -0.414 -0.793 -0.754 -1.264 -1.15 -0.968 -0.953 -0.663 -0.501 -0.767 -0.996 -0.929 -0.408 0.171 0.089 -0.236 -0.677 -1 -0.818 -0.951 -1.163 -1.025 -0.847 -0.155 0.092 -0.852 -1.346 -1.096 -1.113 -0.928 -0.625 -1.398 -1.338
0.788 1.192 1.247 1.244 1.234 1.222 1.054 0.909 0.312 0.01 0.243 0.35 0.543 0.407 -0.097 -0.529 -0.444 -0.629 -0.561 -0.655 -0.421 -0.243 0.028 -0.308 -0.87 -1.175 -1.462 -1.69 -1.266 -1.397 -1.7 -1.299 -1.133 -1.4 -1.712 -1.599 -1.522 -1.597 -1.754 -1.63 -1.458 -1.071 -0.873 -0.552 -0.077 -0.447 -0.823 -1.01 -0.819 -0.611 -0.456 -0.339 -0.087 -0.273 -0.372 -0.343 -0.325 0.163 0.413 -0.042 -0.422 -0.585 -0.293 -0.493 -0.696 -0.571 -0.491 0.191 0.101 -0.723 -0.764 -0.523 -0.615 -0.388 -0.508 -0.884 -0.988
