data/climatemaps/RS_maps/climate_winter_pr_2011.asc
NCOLS 369 
NROWS 228 
XLLCORNER 479000 
YLLCORNER 73000 
CELLSIZE 1000 
NODATA_value -9 
[rows 175 to 209 of 228, columns 234 to 311 of 369]
-0.814 -0.836 -0.88 -0.892 -0.968 -1.132 -1.263 -1.332 -1.341 -1.301 -1.22 -1.125 -1.056 -1.057 -1.122 -1.216 -1.232 -1.25 -1.309 -1.381 -1.41 -1.373 -1.329 -1.313 -1.296 -1.246 -1.2 -1.186 -1.206 -1.191 -1.204 -1.207 -1.216 -1.197 -1.216 -1.306 -1.386 -1.426 -1.45 -1.427 -1.352 -1.293 -1.216 -1.191 -1.208 -1.194 -1.162 -1.13 -1.08 -0.967 -0.884 -0.861 -0.905 -0.891 -0.891 -0.98 -1.008 -1.039 -1.09 -1.09 -1.029 -0.971 -0.908 -0.84 -0.775 -0.72 -0.714 -0.737 -0.828 -0.946 -1.094 -1.253 -1.396 -1.425 -1.401 -1.336 -1.26 -1.197
-0.835 -0.862 -0.865 -0.892 -0.997 -1.087 -1.202 -1.302 -1.346 -1.339 -1.28 -1.193 -1.122 -1.099 -1.156 -1.254 -1.309 -1.336 -1.38 -1.434 -1.436 -1.38 -1.343 -1.333 -1.333 -1.274 -1.207 -1.202 -1.203 -1.162 -1.189 -1.179 -1.182 -1.152 -1.187 -1.274 -1.358 -1.411 -1.444 -1.447 -1.411 -1.351 -1.276 -1.247 -1.26 -1.201 -1.147 -1.103 -1.068 -0.994 -0.923 -0.918 -0.965 -0.977 -1.001 -1.08 -1.151 -1.146 -1.121 -1.072 -1.014 -0.961 -0.939 -0.909 -0.843 -0.813 -0.781 -0.782 -0.838 -0.942 -1.089 -1.224 -1.384 -1.415 -1.373 -1.304 -1.23 -1.242
-0.895 -0.854 -0.872 -0.92 -0.945 -0.989 -1.109 -1.244 -1.321 -1.349 -1.32 -1.253 -1.222 -1.206 -1.23 -1.293 -1.355 -1.404 -1.447 -1.468 -1.444 -1.381 -1.338 -1.314 -1.314 -1.297 -1.214 -1.21 -1.157 -1.141 -1.165 -1.134 -1.14 -1.124 -1.179 -1.223 -1.313 -1.388 -1.426 -1.445 -1.445 -1.391 -1.314 -1.297 -1.291 -1.187 -1.138 -1.084 -1.062 -1.002 -0.946 -0.951 -0.993 -1.045 -1.098 -1.175 -1.222 -1.157 -1.102 -1.064 -1.027 -0.993 -0.987 -0.947 -0.887 -0.876 -0.854 -0.853 -0.887 -0.966 -1.093 -1.223 -1.361 -1.421 -1.392 -1.324 -1.27 -1.271
-0.94 -0.885 -0.919 -0.908 -0.896 -0.911 -1.03 -1.182 -1.288 -1.347 -1.341 -1.294 -1.313 -1.314 -1.328 -1.366 -1.404 -1.444 -1.477 -1.476 -1.44 -1.389 -1.351 -1.314 -1.291 -1.278 -1.209 -1.19 -1.135 -1.129 -1.135 -1.111 -1.111 -1.1 -1.122 -1.164 -1.26 -1.345 -1.397 -1.424 -1.439 -1.41 -1.345 -1.339 -1.312 -1.242 -1.185 -1.111 -1.058 -0.999 -0.944 -0.925 -0.926 -0.999 -1.069 -1.184 -1.251 -1.179 -1.118 -1.099 -1.074 -1.052 -1.012 -0.963 -0.934 -0.923 -0.895 -0.901 -0.926 -0.969 -1.069 -1.176 -9 -9 -1.401 -1.312 -1.286 -1.298
-0.939 -0.912 -0.89 -0.884 -0.865 -0.905 -0.993 -1.112 -1.241 -1.333 -1.364 -1.359 -1.376 -1.377 -1.384 -1.405 -1.433 -1.459 -1.46 -1.437 -1.417 -1.4 -1.376 -1.319 -1.27 -1.248 -1.207 -1.181 -1.161 -1.156 -1.148 -1.129 -1.112 -1.101 -1.074 -1.122 -1.217 -1.294 -1.355 -9 -1.424 -1.431 -1.392 -1.381 -1.332 -1.256 -1.193 -1.119 -1.097 -1.045 -0.949 -0.903 -0.886 -0.926 -0.982 -1.145 -1.274 -1.22 -1.183 -1.17 -1.135 -1.083 -1.041 -1.001 -0.972 -0.986 -0.942 -0.941 -0.949 -0.989 -1.052 -1.125 -9 -9 -1.435 -1.356 -1.352 -1.319
-0.992 -0.956 -0.895 -0.882 -0.864 -0.911 -0.978 -1.074 -1.204 -1.318 -1.378 -1.396 -1.392 -1.371 -1.367 -1.378 -1.401 -1.431 -1.446 -1.428 -1.397 -1.376 -1.369 -1.33 -1.274 -1.273 -1.237 -1.234 -1.237 -1.241 -1.227 -1.188 -1.182 -1.164 -1.085 -1.114 -1.179 -1.203 -1.259 -9 -9 -1.431 -1.439 -1.407 -1.356 -1.295 -1.231 -1.165 -1.15 -1.099 -0.99 -0.928 -0.892 -0.905 -0.979 -1.131 -1.271 -1.256 -1.23 -1.191 -1.156 -1.123 -1.09 -1.064 -1.043 -1.052 -1.039 -1.03 -1.045 -1.047 -1.065 -9 -9 -9 -9 -1.426 -1.399 -1.337
-1.054 -1.001 -0.953 -0.945 -0.934 -0.955 -1.008 -1.093 -1.206 -1.313 -1.378 -1.394 -1.369 -1.328 -1.309 -1.311 -1.334 -1.379 -1.418 -1.429 -1.404 -1.366 -1.342 -1.317 -1.291 -1.302 -1.269 -1.261 -1.261 -1.275 -1.296 -1.26 -1.257 -1.214 -1.162 -1.151 -1.158 -1.164 -9 -9 -9 -9 -9 -1.411 -1.342 -1.302 -1.267 -1.231 -1.195 -1.127 -1.022 -0.966 -0.947 -0.964 -1.027 -1.168 -1.274 -1.25 -1.244 -1.223 -1.205 -1.207 -1.185 -1.149 -1.143 -1.14 -1.151 -1.131 -1.172 -9 -9 -9 -9 -9 -9 -9 -1.426 -1.38
-1.085 -1.064 -1.019 -1.016 -1.025 -1.005 -1.04 -1.132 -1.25 -1.334 -1.377 -1.366 -1.348 -1.323 -1.294 -1.27 -1.279 -1.331 -1.355 -1.399 -1.409 -1.376 -1.341 -1.314 -1.306 -1.33 -1.29 -1.262 -1.269 -1.31 -1.366 -1.349 -1.34 -1.277 -1.26 -1.233 -1.22 -1.199 -9 -9 -9 -9 -9 -9 -1.346 -1.316 -1.286 -1.252 -1.206 -1.138 -1.051 -1 -0.992 -1.025 -1.1 -1.216 -1.264 -1.266 -1.297 -1.295 -1.292 -1.301 -1.283 -1.246 -1.244 -1.251 -1.255 -1.257 -9 -9 -9 -9 -9 -9 -9 -9 -1.451 -1.448
-1.152 -1.146 -1.095 -1.086 -1.109 -1.108 -1.138 -1.215 -1.305 -1.361 -1.377 -1.339 -1.311 -1.3 -1.29 -1.277 -1.271 -1.293 -1.321 -1.353 -1.374 -1.354 -1.324 -1.328 -1.344 -1.358 -1.328 -1.324 -1.342 -1.374 -1.421 -1.439 -1.415 -1.365 -1.35 -1.32 -1.305 -1.281 -9 -9 -9 -9 -9 -9 -9 -9 -9 -9 -1.198 -1.155 -1.105 -1.071 -1.035 -1.07 -1.17 -1.271 -1.273 -1.321 -1.369 -1.375 -1.38 -1.388 -1.36 -1.321 -9 -9 -9 -9 -9 -9 -9 -9 -9 -9 -9 -9 -9 -1.518
-1.255 -1.229 -1.19 -1.179 -1.185 -1.214 -1.258 -1.305 -1.354 -1.385 -1.383 -1.336 -1.285 -1.268 -1.27 -1.28 -1.279 -1.27 -1.304 -1.322 -1.331 -1.332 -1.287 -1.301 -1.351 -1.391 -1.369 -1.382 -1.403 -1.414 -1.457 -1.495 -1.472 -1.425 -1.43 -1.399 -1.391 -1.366 -9 -9 -9 -9 -9 -9 -9 -9 -9 -9 -9 -9 -9 -9 -9 -1.16 -1.241 -1.318 -1.335 -1.388 -1.428 -9 -9 -9 -9 -9 -9 -9 -9 -9 -9 -9 -9 -9 -9 -9 -9 -9 -9 -9
-1.353 -1.327 -1.297 -1.288 -1.289 -1.31 -1.341 -1.369 -1.394 -1.404 -1.39 -1.347 -1.308 -1.295 -1.29 -1.294 -1.3 -1.297 -1.303 -1.307 -1.296 -1.291 -1.272 -1.296 -1.346 -1.398 -1.399 -1.42 -1.452 -1.452 -1.48 -1.518 -1.51 -1.479 -1.489 -1.484 -1.465 -9 -9 -9 -9 -9 -9 -9 -9 -9 -9 -9 -9 -9 -9 -9 -9 -9 -9 -9 -9 -9 -9 -9 -9 -9 -9 -9 -9 -9 -9 -9 -9 -9 -9 -9 -9 -9 -9 -9 -9 -9
-1.429 -1.409 -1.39 -1.379 -1.376 -1.382 -1.393 -1.408 -1.419 -1.416 -1.398 -1.374 -1.365 -1.36 -1.352 -1.352 -1.356 -1.352 -1.328 -1.294 -1.267 -1.262 -1.275 -1.299 -1.344 -1.4 -1.42 -1.448 -1.488 -1.493 -1.517 -1.54 -1.545 -1.528 -1.539 -1.532 -9 -9 -9 -9 -9 -9 -9 -9 -9 -9 -9 -9 -9 -9 -9 -9 -9 -9 -9 -9 -9 -9 -9 -9 -9 -9 -9 -9 -9 -9 -9 -9 -9 -9 -9 -9 -9 -9 -9 -9 -9 -9
-1.465 -1.449 -1.434 -1.423 -1.417 -1.416 -1.419 -1.42 -1.416 -1.402 -1.394 -1.388 -1.384 -1.371 -1.365 -1.367 -1.374 -1.358 -1.343 -1.318 -1.292 -1.275 -1.273 -1.287 -1.318 -1.362 -1.414 -1.457 -1.493 -1.525 -1.542 -1.553 -1.569 -1.571 -1.565 -1.55 -9 -9 -9 -9 -9 -9 -9 -9 -9 -9 -9 -9 -9 -9 -9 -9 -9 -9 -9 -9 -9 -9 -9 -9 -9 -9 -9 -9 -9 -9 -9 -9 -9 -9 -9 -9 -9 -9 -9 -9 -9 -9
-1.465 -1.451 -1.439 -1.43 -1.423 -1.419 -1.414 -1.4 -1.378 -1.349 -1.338 -1.337 -1.356 -1.338 -1.327 -1.329 -1.366 -1.347 -1.34 -1.345 -1.315 -1.28 -1.258 -1.26 -1.277 -1.315 -1.373 -1.426 -1.472 -1.527 -1.558 -1.571 -1.584 -1.584 -1.571 -9 -9 -9 -9 -9 -9 -9 -9 -9 -9 -9 -9 -9 -9 -9 -9 -9 -9 -9 -9 -9 -9 -9 -9 -9 -9 -9 -9 -9 -9 -9 -9 -9 -9 -9 -9 -9 -9 -9 -9 -9 -9 -9
-1.422 -1.411 -1.402 -1.397 -1.388 -1.376 -1.364 -1.343 -1.317 -1.296 -1.291 -1.291 -1.304 -1.328 -1.324 -1.315 -1.339 -1.338 -1.348 -1.346 -1.332 -1.309 -1.286 -1.28 -1.278 -1.309 -1.353 -1.401 -1.458 -1.518 -1.559 -1.579 -1.586 -1.58 -9 -9 -9 -9 -9 -9 -9 -9 -9 -9 -9 -9 -9 -9 -9 -9 -9 -9 -9 -9 -9 -9 -9 -9 -9 -9 -9 -9 -9 -9 -9 -9 -9 -9 -9 -9 -9 -9 -9 -9 -9 -9 -9 -9
-1.357 -1.347 -1.324 -1.331 -1.328 -1.317 -1.308 -1.31 -1.295 -1.279 -1.27 -1.26 -1.265 -1.301 -1.314 -1.297 -1.318 -1.327 -1.327 -1.323 -1.317 -1.309 -1.3 -1.303 -1.301 -1.321 -1.355 -1.394 -1.449 -1.506 -1.545 -1.568 -1.575 -1.567 -9 -9 -9 -9 -9 -9 -9 -9 -9 -9 -9 -9 -9 -9 -9 -9 -9 -9 -9 -9 -9 -9 -9 -9 -9 -9 -9 -9 -9 -9 -9 -9 -9 -9 -9 -9 -9 -9 -9 -9 -9 -9 -9 -9
-1.28 -1.312 -1.287 -1.278 -1.3 -1.303 -1.311 -1.293 -1.282 -1.278 -1.27 -1.268 -1.276 -1.286 -1.302 -1.298 -1.324 -1.338 -1.316 -1.307 -1.296 -1.27 -1.263 -1.268 -1.275 -1.286 -1.309 -1.349 -1.416 -1.481 -1.524 -1.55 -1.556 -1.544 -9 -9 -9 -9 -9 -9 -9 -9 -9 -9 -9 -9 -9 -9 -9 -9 -9 -9 -9 -9 -9 -9 -9 -9 -9 -9 -9 -9 -9 -9 -9 -9 -9 -9 -9 -9 -9 -9 -9 -9 -9 -9 -9 -9
-1.209 -1.265 -1.285 -1.291 -1.312 -1.314 -1.295 -1.26 -1.248 -1.256 -1.267 -1.285 -1.294 -1.292 -1.311 -1.322 -1.348 -1.351 -1.331 -1.309 -1.289 -1.255 -1.231 -1.228 -1.223 -1.214 -1.239 -1.307 -1.393 -1.456 -1.501 -1.53 -1.532 -9 -9 -9 -9 -9 -9 -9 -9 -9 -9 -9 -9 -9 -9 -9 -9 -9 -9 -9 -9 -9 -9 -9 -9 -9 -9 -9 -9 -9 -9 -9 -9 -9 -9 -9 -9 -9 -9 -9 -9 -9 -9 -9 -9 -9
-1.162 -1.232 -1.286 -1.306 -1.319 -1.315 -1.277 -1.243 -1.227 -1.241 -1.262 -1.296 -1.317 -1.311 -1.328 -1.341 -1.367 -1.368 -1.351 -1.34 -1.322 -1.284 -1.244 -1.213 -1.189 -1.173 -1.212 -1.286 -1.371 -1.433 -1.48 -1.51 -9 -9 -9 -9 -9 -9 -9 -9 -9 -9 -9 -9 -9 -9 -9 -9 -9 -9 -9 -9 -9 -9 -9 -9 -9 -9 -9 -9 -9 -9 -9 -9 -9 -9 -9 -9 -9 -9 -9 -9 -9 -9 -9 -9 -9 -9
-1.147 -1.223 -1.277 -1.29 -1.304 -1.308 -1.265 -1.241 -1.233 -1.252 -1.281 -1.323 -1.35 -1.338 -1.337 -1.354 -1.38 -1.381 -1.365 -1.377 -1.358 -1.34 -1.282 -1.232 -1.183 -1.168 -1.2 -1.265 -1.353 -1.415 -1.462 -1.494 -9 -9 -9 -9 -9 -9 -9 -9 -9 -9 -9 -9 -9 -9 -9 -9 -9 -9 -9 -9 -9 -9 -9 -9 -9 -9 -9 -9 -9 -9 -9 -9 -9 -9 -9 -9 -9 -9 -9 -9 -9 -9 -9 -9 -9 -9
-1.167 -1.237 -1.273 -1.284 -1.31 -1.325 -1.279 -1.259 -1.258 -1.276 -1.308 -1.344 -1.367 -1.357 -1.349 -1.361 -1.383 -1.396 -1.394 -1.408 -1.395 -1.369 -1.328 -1.291 -1.229 -1.193 -1.216 -1.27 -1.343 -1.403 -1.449 -9 -9 -9 -9 -9 -9 -9 -9 -9 -9 -9 -9 -9 -9 -9 -9 -9 -9 -9 -9 -9 -9 -9 -9 -9 -9 -9 -9 -9 -9 -9 -9 -9 -9 -9 -9 -9 -9 -9 -9 -9 -9 -9 -9 -9 -9 -9
-1.181 -1.245 -1.281 -1.302 -1.325 -1.344 -1.305 -1.29 -1.296 -1.305 -1.323 -1.342 -1.364 -1.355 -1.354 -1.361 -1.365 -1.39 -1.426 -1.437 -1.423 -1.38 -1.375 -1.333 -1.256 -1.217 -1.238 -1.28 -1.343 -9 -9 -9 -9 -9 -9 -9 -9 -9 -9 -9 -9 -9 -9 -9 -9 -9 -9 -9 -9 -9 -9 -9 -9 -9 -9 -9 -9 -9 -9 -9 -9 -9 -9 -9 -9 -9 -9 -9 -9 -9 -9 -9 -9 -9 -9 -9 -9 -9
-1.178 -1.252 -1.305 -1.332 -1.35 -1.361 -1.334 -1.316 -1.31 -1.303 -1.308 -1.326 -1.346 -1.346 -1.355 -1.366 -1.368 -1.378 -1.421 -1.439 -1.418 -1.41 -1.407 -1.362 -1.297 -1.269 -1.269 -1.303 -9 -9 -9 -9 -9 -9 -9 -9 -9 -9 -9 -9 -9 -9 -9 -9 -9 -9 -9 -9 -9 -9 -9 -9 -9 -9 -9 -9 -9 -9 -9 -9 -9 -9 -9 -9 -9 -9 -9 -9 -9 -9 -9 -9 -9 -9 -9 -9 -9 -9
-1.181 -1.261 -1.323 -1.359 -1.372 -1.374 -1.353 -1.327 -1.316 -1.302 -1.3 -1.311 -1.326 -1.333 -1.348 -1.363 -1.383 -1.391 -1.425 -1.447 -1.414 -1.43 -1.43 -1.368 -1.319 -1.31 -1.314 -9 -9 -9 -9 -9 -9 -9 -9 -9 -9 -9 -9 -9 -9 -9 -9 -9 -9 -9 -9 -9 -9 -9 -9 -9 -9 -9 -9 -9 -9 -9 -9 -9 -9 -9 -9 -9 -9 -9 -9 -9 -9 -9 -9 -9 -9 -9 -9 -9 -9 -9
-1.203 -1.277 -1.333 -1.368 -1.377 -1.381 -1.365 -1.336 -1.31 -1.294 -1.305 -1.329 -1.342 -1.353 -1.369 -1.385 -1.409 -1.428 -1.463 -1.479 -1.467 -1.46 -1.447 -1.415 -1.368 -1.352 -9 -9 -9 -9 -9 -9 -9 -9 -9 -9 -9 -9 -9 -9 -9 -9 -9 -9 -9 -9 -9 -9 -9 -9 -9 -9 -9 -9 -9 -9 -9 -9 -9 -9 -9 -9 -9 -9 -9 -9 -9 -9 -9 -9 -9 -9 -9 -9 -9 -9 -9 -9
-1.23 -1.298 -1.344 -1.372 -1.376 -1.388 -1.373 -1.341 -1.304 -1.296 -1.329 -1.357 -1.38 -1.392 -1.379 -1.399 -1.444 -1.473 -1.496 -1.509 -1.508 -1.489 -1.454 -1.432 -1.391 -1.379 -9 -9 -9 -9 -9 -9 -9 -9 -9 -9 -9 -9 -9 -9 -9 -9 -9 -9 -9 -9 -9 -9 -9 -9 -9 -9 -9 -9 -9 -9 -9 -9 -9 -9 -9 -9 -9 -9 -9 -9 -9 -9 -9 -9 -9 -9 -9 -9 -9 -9 -9 -9
-1.257 -1.317 -1.356 -1.377 -1.385 -1.394 -1.373 -1.333 -1.304 -1.321 -1.363 -1.405 -1.429 -1.426 -1.411 -1.443 -1.484 -1.503 -1.507 -1.505 -1.497 -1.48 -1.449 -1.416 -1.39 -1.382 -9 -9 -9 -9 -9 -9 -9 -9 -9 -9 -9 -9 -9 -9 -9 -9 -9 -9 -9 -9 -9 -9 -9 -9 -9 -9 -9 -9 -9 -9 -9 -9 -9 -9 -9 -9 -9 -9 -9 -9 -9 -9 -9 -9 -9 -9 -9 -9 -9 -9 -9 -9
-1.289 -1.335 -1.367 -1.383 -1.396 -1.4 -1.372 -1.331 -1.317 -1.347 -1.392 -1.435 -1.461 -1.469 -1.478 -1.498 -1.509 -1.499 -1.479 -1.452 -1.432 -1.413 -1.398 -1.378 -1.365 -9 -9 -9 -9 -9 -9 -9 -9 -9 -9 -9 -9 -9 -9 -9 -9 -9 -9 -9 -9 -9 -9 -9 -9 -9 -9 -9 -9 -9 -9 -9 -9 -9 -9 -9 -9 -9 -9 -9 -9 -9 -9 -9 -9 -9 -9 -9 -9 -9 -9 -9 -9 -9
-1.33 -1.359 -1.38 -1.392 -1.409 -1.41 -1.379 -1.344 -1.35 -1.393 -1.432 -1.457 -1.48 -1.5 -1.514 -1.519 -1.511 -1.472 -1.427 -1.378 -1.344 -1.324 -1.311 -1.307 -1.317 -9 -9 -9 -9 -9 -9 -9 -9 -9 -9 -9 -9 -9 -9 -9 -9 -9 -9 -9 -9 -9 -9 -9 -9 -9 -9 -9 -9 -9 -9 -9 -9 -9 -9 -9 -9 -9 -9 -9 -9 -9 -9 -9 -9 -9 -9 -9 -9 -9 -9 -9 -9 -9
-1.362 -1.376 -1.389 -1.407 -1.422 -1.42 -1.397 -1.383 -1.394 -1.417 -1.43 -1.434 -1.456 -1.488 -1.511 -1.506 -1.485 -1.44 -1.384 -1.328 -1.291 -1.252 -1.223 -1.235 -9 -9 -9 -9 -9 -9 -9 -9 -9 -9 -9 -9 -9 -9 -9 -9 -9 -9 -9 -9 -9 -9 -9 -9 -9 -9 -9 -9 -9 -9 -9 -9 -9 -9 -9 -9 -9 -9 -9 -9 -9 -9 -9 -9 -9 -9 -9 -9 -9 -9 -9 -9 -9 -9
-1.391 -1.392 -1.402 -1.42 -1.433 -1.435 -1.422 -1.417 -1.414 -1.409 -1.4 -1.385 -1.408 -1.456 -1.483 -1.469 -1.45 -1.416 -1.357 -1.307 -1.286 -1.241 -1.208 -9 -9 -9 -9 -9 -9 -9 -9 -9 -9 -9 -9 -9 -9 -9 -9 -9 -9 -9 -9 -9 -9 -9 -9 -9 -9 -9 -9 -9 -9 -9 -9 -9 -9 -9 -9 -9 -9 -9 -9 -9 -9 -9 -9 -9 -9 -9 -9 -9 -9 -9 -9 -9 -9 -9
-1.413 -1.412 -1.418 -1.429 -1.442 -1.446 -1.439 -1.421 -1.396 -1.371 -1.359 -1.359 -1.383 -1.425 -1.446 -1.439 -1.426 -1.395 -1.35 -1.309 -1.309 -1.281 -1.258 -9 -9 -9 -9 -9 -9 -9 -9 -9 -9 -9 -9 -9 -9 -9 -9 -9 -9 -9 -9 -9 -9 -9 -9 -9 -9 -9 -9 -9 -9 -9 -9 -9 -9 -9 -9 -9 -9 -9 -9 -9 -9 -9 -9 -9 -9 -9 -9 -9 -9 -9 -9 -9 -9 -9
-1.428 -1.423 -1.428 -1.431 -1.446 -1.453 -1.438 -1.402 -1.369 -1.343 -1.334 -1.333 -1.354 -1.387 -1.403 -1.412 -1.405 -1.381 -1.352 -1.329 -1.335 -1.342 -1.341 -1.36 -9 -9 -9 -9 -9 -9 -9 -9 -9 -9 -9 -9 -9 -9 -9 -9 -9 -9 -9 -9 -9 -9 -9 -9 -9 -9 -9 -9 -9 -9 -9 -9 -9 -9 -9 -9 -9 -9 -9 -9 -9 -9 -9 -9 -9 -9 -9 -9 -9 -9 -9 -9 -9 -9
-1.432 -1.428 -1.434 -1.429 -1.451 -1.456 -1.427 -1.381 -1.356 -1.338 -1.315 -1.303 -1.319 -1.351 -1.365 -1.38 -1.383 -1.386 -1.37 -1.371 -1.386 -1.413 -1.42 -1.418 -1.413 -9 -9 -9 -9 -9 -9 -9 -9 -9 -9 -9 -9 -9 -9 -9 -9 -9 -9 -9 -9 -9 -9 -9 -9 -9 -9 -9 -9 -9 -9 -9 -9 -9 -9 -9 -9 -9 -9 -9 -9 -9 -9 -9 -9 -9 -9 -9 -9 -9 -9 -9 -9 -9
-1.434 -1.433 -1.435 -1.435 -1.456 -1.455 -1.425 -1.387 -1.361 -1.331 -1.296 -1.277 -1.289 -1.327 -1.356 -1.374 -1.381 -1.398 -1.41 -1.431 -1.457 -1.471 -1.47 -1.457 -1.436 -9 -9 -9 -9 -9 -9 -9 -9 -9 -9 -9 -9 -9 -9 -9 -9 -9 -9 -9 -9 -9 -9 -9 -9 -9 -9 -9 -9 -9 -9 -9 -9 -9 -9 -9 -9 -9 -9 -9 -9 -9 -9 -9 -9 -9 -9 -9 -9 -9 -9 -9 -9 -9
