data/climatemaps/RS_maps/climate_winter_tmin_2005.asc
NCOLS 369 
NROWS 228 
XLLCORNER 479000 
YLLCORNER 73000 
CELLSIZE 1000 
NODATA_value -9 
[rows 68 to 101 of 228, columns 76 to 151 of 369]
0.465 0.46 0.438 0.391 0.359 0.358 0.401 0.484 0.485 0.338 0.325 0.321 0.322 0.315 0.304 0.312 0.319 0.322 0.319 0.314 0.314 0.296 0.295 0.306 0.348 0.44 0.465 0.502 0.515 0.497 0.506 0.51 0.525 0.539 0.542 0.539 0.525 0.527 0.52 0.492 0.473 0.46 0.435 0.356 0.284 0.28 0.299 0.311 0.38 0.401 0.414 0.465 0.551 0.615 0.644 0.671 0.687 0.701 0.712 0.711 0.725 0.727 0.721 0.71 0.711 0.709 0.716 0.732 0.741 0.754 0.747 0.732 0.741 0.749 0.745 0.714
0.444 0.438 0.394 0.36 0.366 0.418 0.457 0.495 0.379 0.294 0.315 0.312 0.304 0.296 0.299 0.314 0.323 0.324 0.32 0.314 0.309 0.313 0.329 0.37 0.437 0.482 0.496 0.51 0.532 0.535 0.534 0.542 0.551 0.55 0.547 0.547 0.549 0.535 0.482 0.449 0.406 0.339 0.281 0.301 0.286 0.354 0.414 0.491 0.536 0.568 0.592 0.622 0.639 0.638 0.652 0.676 0.7 0.716 0.718 0.719 0.734 0.732 0.725 0.728 0.723 0.717 0.727 0.739 0.738 0.736 0.736 0.74 0.739 0.733 0.742 0.738
0.416 0.419 0.363 0.353 0.412 0.466 0.474 0.398 0.327 0.313 0.321 0.306 0.29 0.296 0.307 0.312 0.325 0.324 0.332 0.349 0.373 0.399 0.389 0.398 0.434 0.474 0.505 0.522 0.506 0.486 0.469 0.466 0.46 0.453 0.436 0.417 0.418 0.38 0.329 0.296 0.259 0.252 0.317 0.388 0.456 0.54 0.58 0.616 0.636 0.643 0.66 0.664 0.659 0.682 0.691 0.702 0.716 0.721 0.73 0.728 0.731 0.717 0.702 0.716 0.721 0.736 0.738 0.728 0.718 0.721 0.73 0.731 0.719 0.714 0.721 0.74
0.411 0.399 0.376 0.416 0.478 0.443 0.365 0.319 0.316 0.305 0.278 0.276 0.289 0.309 0.308 0.298 0.31 0.325 0.355 0.361 0.362 0.35 0.339 0.361 0.391 0.452 0.496 0.469 0.427 0.384 0.354 0.339 0.323 0.326 0.319 0.315 0.341 0.34 0.323 0.301 0.302 0.362 0.474 0.531 0.59 0.625 0.645 0.655 0.673 0.68 0.692 0.692 0.689 0.706 0.709 0.714 0.718 0.72 0.725 0.715 0.714 0.706 0.699 0.706 0.719 0.723 0.725 0.712 0.711 0.72 0.725 0.726 0.717 0.707 0.706 0.729
0.379 0.371 0.441 0.475 0.425 0.333 0.309 0.301 0.286 0.253 0.253 0.28 0.296 0.304 0.286 0.269 0.27 0.282 0.297 0.299 0.319 0.353 0.377 0.395 0.411 0.447 0.454 0.363 0.343 0.323 0.332 0.357 0.388 0.404 0.39 0.372 0.376 0.378 0.391 0.41 0.461 0.543 0.604 0.642 0.668 0.678 0.688 0.7 0.712 0.714 0.714 0.714 0.709 0.713 0.715 0.715 0.715 0.72 0.718 0.707 0.701 0.699 0.704 0.707 0.724 0.717 0.714 0.71 0.711 0.712 0.713 0.719 0.706 0.701 0.699 0.715
0.351 0.379 0.497 0.418 0.346 0.3 0.288 0.272 0.242 0.242 0.27 0.286 0.278 0.264 0.236 0.218 0.22 0.258 0.306 0.364 0.419 0.467 0.502 0.512 0.512 0.505 0.433 0.393 0.432 0.443 0.503 0.515 0.509 0.468 0.439 0.422 0.429 0.443 0.494 0.565 0.635 0.671 0.681 0.693 0.711 0.71 0.715 0.72 0.72 0.72 0.717 0.714 0.709 0.707 0.707 0.712 0.715 0.72 0.718 0.709 0.703 0.705 0.707 0.707 0.718 0.711 0.706 0.696 0.696 0.704 0.703 0.71 0.695 0.687 0.676 0.687
0.367 0.439 0.455 0.352 0.31 0.287 0.263 0.257 0.26 0.27 0.271 0.257 0.223 0.199 0.205 0.227 0.305 0.387 0.443 0.486 0.51 0.53 0.536 0.53 0.528 0.532 0.517 0.538 0.56 0.557 0.589 0.526 0.489 0.48 0.504 0.5 0.514 0.549 0.602 0.656 0.703 0.714 0.717 0.719 0.723 0.723 0.723 0.718 0.714 0.711 0.699 0.689 0.686 0.7 0.706 0.712 0.715 0.717 0.72 0.709 0.703 0.7 0.694 0.705 0.711 0.704 0.693 0.688 0.696 0.7 0.69 0.702 0.676 0.657 0.657 0.676
0.472 0.458 0.384 0.321 0.29 0.279 0.276 0.281 0.285 0.269 0.25 0.211 0.185 0.191 0.258 0.347 0.441 0.487 0.491 0.478 0.434 0.457 0.456 0.397 0.383 0.398 0.484 0.504 0.454 0.521 0.6 0.479 0.5 0.522 0.511 0.539 0.585 0.634 0.683 0.717 0.729 0.734 0.735 0.732 0.732 0.728 0.718 0.708 0.697 0.686 0.667 0.666 0.678 0.703 0.713 0.714 0.711 0.711 0.709 0.701 0.69 0.691 0.703 0.708 0.708 0.7 0.696 0.696 0.696 0.676 0.68 0.691 0.657 0.628 0.639 0.666
0.471 0.43 0.359 0.304 0.292 0.287 0.278 0.287 0.27 0.243 0.203 0.173 0.208 0.291 0.386 0.449 0.47 0.449 0.375 0.324 0.306 0.324 0.303 0.277 0.277 0.288 0.372 0.381 0.379 0.49 0.62 0.575 0.525 0.534 0.626 0.684 0.71 0.719 0.73 0.744 0.743 0.741 0.74 0.736 0.728 0.71 0.7 0.681 0.666 0.663 0.672 0.68 0.699 0.706 0.715 0.711 0.711 0.709 0.699 0.694 0.684 0.696 0.705 0.692 0.701 0.7 0.699 0.68 0.664 0.651 0.654 0.679 0.656 0.632 0.61 0.637
0.497 0.413 0.362 0.301 0.273 0.276 0.271 0.25 0.217 0.181 0.167 0.215 0.348 0.412 0.442 0.423 0.36 0.286 0.246 0.237 0.248 0.248 0.238 0.231 0.246 0.297 0.4 0.506 0.564 0.61 0.621 0.642 0.64 0.696 0.727 0.716 0.702 0.711 0.735 0.748 0.746 0.745 0.744 0.732 0.697 0.678 0.674 0.66 0.657 0.678 0.695 0.703 0.707 0.706 0.71 0.709 0.71 0.709 0.7 0.692 0.688 0.701 0.682 0.667 0.686 0.678 0.66 0.652 0.632 0.609 0.625 0.674 0.664 0.638 0.587 0.608
0.393 0.302 0.364 0.307 0.28 0.259 0.23 0.204 0.186 0.19 0.241 0.373 0.43 0.42 0.326 0.253 0.196 0.162 0.167 0.173 0.218 0.217 0.24 0.265 0.336 0.41 0.517 0.57 0.589 0.588 0.63 0.701 0.739 0.738 0.713 0.712 0.733 0.749 0.755 0.756 0.752 0.749 0.742 0.705 0.674 0.668 0.667 0.672 0.676 0.674 0.679 0.702 0.705 0.709 0.706 0.708 0.704 0.704 0.704 0.698 0.702 0.697 0.683 0.662 0.683 0.644 0.643 0.646 0.611 0.586 0.636 0.658 0.625 0.626 0.569 0.579
0.302 0.304 0.329 0.3 0.265 0.238 0.205 0.203 0.239 0.3 0.385 0.388 0.351 0.3 0.219 0.125 0.087 0.081 0.127 0.179 0.241 0.273 0.286 0.289 0.325 0.437 0.523 0.485 0.528 0.622 0.721 0.751 0.751 0.739 0.72 0.739 0.767 0.762 0.762 0.762 0.755 0.742 0.731 0.692 0.672 0.673 0.681 0.671 0.672 0.682 0.698 0.712 0.709 0.709 0.709 0.7 0.701 0.704 0.697 0.704 0.695 0.665 0.667 0.628 0.671 0.625 0.617 0.62 0.575 0.604 0.63 0.643 0.597 0.589 0.595 0.583
0.29 0.298 0.313 0.269 0.24 0.231 0.253 0.333 0.365 0.36 0.3 0.257 0.23 0.204 0.142 0.064 0.042 0.098 0.191 0.302 0.318 0.265 0.223 0.254 0.358 0.438 0.413 0.499 0.623 0.724 0.754 0.753 0.739 0.752 0.767 0.767 0.768 0.765 0.759 0.743 0.734 0.718 0.718 0.691 0.687 0.671 0.649 0.649 0.641 0.659 0.709 0.722 0.709 0.709 0.709 0.7 0.701 0.704 0.686 0.685 0.649 0.64 0.655 0.649 0.632 0.614 0.589 0.598 0.573 0.598 0.61 0.613 0.634 0.623 0.606 0.579
0.285 0.274 0.275 0.248 0.248 0.284 0.329 0.331 0.273 0.234 0.23 0.232 0.211 0.126 0.084 0.067 0.134 0.228 0.308 0.363 0.282 0.275 0.338 0.409 0.418 0.409 0.482 0.651 0.755 0.766 0.767 0.763 0.757 0.752 0.769 0.77 0.773 0.765 0.723 0.712 0.737 0.726 0.72 0.691 0.668 0.657 0.644 0.648 0.648 0.698 0.724 0.721 0.709 0.709 0.709 0.7 0.701 0.703 0.694 0.668 0.65 0.643 0.646 0.637 0.607 0.599 0.557 0.558 0.571 0.58 0.587 0.562 0.605 0.605 0.613 0.572
0.268 0.248 0.259 0.256 0.29 0.326 0.273 0.221 0.192 0.194 0.206 0.228 0.188 0.099 0.097 0.194 0.284 0.347 0.383 0.376 0.371 0.432 0.481 0.471 0.458 0.523 0.655 0.746 0.763 0.763 0.761 0.761 0.765 0.762 0.774 0.777 0.774 0.767 0.744 0.751 0.747 0.722 0.704 0.682 0.669 0.662 0.666 0.689 0.708 0.721 0.716 0.71 0.709 0.709 0.707 0.699 0.699 0.697 0.685 0.673 0.668 0.64 0.648 0.605 0.593 0.574 0.541 0.516 0.559 0.542 0.564 0.549 0.577 0.559 0.602 0.576
0.238 0.222 0.254 0.282 0.292 0.263 0.198 0.181 0.179 0.199 0.232 0.25 0.173 0.142 0.23 0.318 0.385 0.422 0.436 0.444 0.47 0.495 0.504 0.513 0.57 0.672 0.746 0.762 0.762 0.75 0.739 0.734 0.744 0.741 0.772 0.778 0.778 0.773 0.766 0.752 0.737 0.717 0.684 0.663 0.675 0.69 0.723 0.73 0.728 0.712 0.704 0.708 0.711 0.709 0.704 0.699 0.698 0.691 0.663 0.658 0.656 0.648 0.637 0.597 0.585 0.542 0.521 0.513 0.547 0.527 0.542 0.523 0.544 0.539 0.588 0.576
0.219 0.226 0.263 0.229 0.197 0.185 0.198 0.22 0.254 0.285 0.311 0.258 0.186 0.248 0.332 0.385 0.435 0.456 0.465 0.475 0.474 0.494 0.54 0.615 0.681 0.745 0.759 0.761 0.759 0.741 0.731 0.74 0.763 0.777 0.783 0.779 0.767 0.756 0.743 0.732 0.72 0.716 0.701 0.7 0.725 0.735 0.734 0.725 0.712 0.696 0.704 0.71 0.712 0.706 0.699 0.699 0.692 0.681 0.642 0.636 0.647 0.632 0.607 0.599 0.588 0.553 0.511 0.501 0.519 0.513 0.517 0.502 0.536 0.551 0.57 0.539
0.189 0.211 0.185 0.124 0.117 0.144 0.22 0.261 0.296 0.336 0.344 0.222 0.205 0.306 0.361 0.391 0.449 0.465 0.463 0.453 0.472 0.542 0.643 0.709 0.746 0.755 0.762 0.757 0.738 0.719 0.742 0.774 0.784 0.786 0.786 0.774 0.749 0.742 0.735 0.729 0.735 0.739 0.735 0.741 0.731 0.718 0.718 0.713 0.694 0.689 0.704 0.708 0.708 0.7 0.699 0.694 0.685 0.674 0.644 0.629 0.635 0.613 0.582 0.566 0.551 0.539 0.524 0.483 0.509 0.517 0.519 0.522 0.538 0.535 0.546 0.518
0.17 0.158 0.103 0.085 0.109 0.173 0.242 0.286 0.311 0.358 0.335 0.192 0.223 0.323 0.338 0.402 0.46 0.472 0.457 0.467 0.565 0.667 0.721 0.74 0.75 0.759 0.762 0.738 0.716 0.728 0.766 0.783 0.787 0.786 0.788 0.767 0.745 0.737 0.727 0.723 0.746 0.741 0.738 0.725 0.71 0.701 0.7 0.7 0.678 0.684 0.698 0.703 0.708 0.697 0.69 0.686 0.679 0.66 0.649 0.635 0.62 0.589 0.566 0.543 0.507 0.495 0.498 0.477 0.518 0.515 0.509 0.508 0.509 0.504 0.521 0.497
0.115 0.11 0.126 0.143 0.18 0.262 0.34 0.392 0.406 0.408 0.285 0.184 0.271 0.355 0.387 0.459 0.508 0.517 0.532 0.598 0.682 0.724 0.732 0.743 0.751 0.759 0.748 0.733 0.742 0.76 0.776 0.785 0.787 0.784 0.788 0.769 0.749 0.736 0.715 0.723 0.734 0.731 0.73 0.716 0.697 0.69 0.691 0.686 0.664 0.682 0.69 0.693 0.702 0.693 0.683 0.683 0.674 0.656 0.643 0.621 0.596 0.562 0.552 0.529 0.476 0.472 0.477 0.476 0.506 0.486 0.479 0.466 0.461 0.481 0.492 0.472
0.082 0.108 0.167 0.243 0.34 0.396 0.428 0.442 0.433 0.396 0.24 0.238 0.355 0.413 0.483 0.55 0.603 0.63 0.663 0.691 0.716 0.729 0.736 0.746 0.754 0.754 0.745 0.758 0.769 0.775 0.781 0.783 0.788 0.787 0.781 0.763 0.759 0.752 0.737 0.737 0.733 0.73 0.727 0.715 0.698 0.688 0.675 0.675 0.675 0.688 0.681 0.692 0.698 0.688 0.673 0.675 0.665 0.658 0.647 0.623 0.572 0.575 0.546 0.507 0.479 0.475 0.467 0.467 0.491 0.466 0.45 0.421 0.41 0.446 0.449 0.436
0.062 0.166 0.284 0.365 0.402 0.432 0.445 0.446 0.431 0.355 0.235 0.31 0.425 0.506 0.615 0.652 0.668 0.683 0.7 0.708 0.718 0.73 0.741 0.747 0.745 0.749 0.759 0.765 0.771 0.782 0.783 0.783 0.784 0.783 0.765 0.758 0.758 0.755 0.746 0.732 0.731 0.724 0.712 0.703 0.687 0.676 0.676 0.673 0.678 0.689 0.686 0.696 0.698 0.685 0.667 0.665 0.65 0.644 0.639 0.627 0.586 0.577 0.531 0.49 0.508 0.482 0.462 0.448 0.475 0.458 0.427 0.418 0.393 0.376 0.38 0.37
0.131 0.245 0.343 0.398 0.423 0.43 0.446 0.43 0.381 0.257 0.285 0.46 0.525 0.616 0.661 0.674 0.68 0.688 0.692 0.709 0.72 0.73 0.731 0.729 0.729 0.756 0.758 0.77 0.778 0.783 0.783 0.783 0.783 0.78 0.747 0.75 0.735 0.736 0.737 0.738 0.734 0.719 0.709 0.687 0.679 0.673 0.682 0.682 0.679 0.688 0.697 0.691 0.689 0.674 0.665 0.634 0.618 0.604 0.618 0.628 0.589 0.541 0.477 0.473 0.514 0.499 0.475 0.463 0.476 0.429 0.449 0.452 0.435 0.424 0.388 0.366
0.185 0.3 0.388 0.417 0.44 0.446 0.428 0.349 0.262 0.234 0.435 0.536 0.591 0.657 0.662 0.674 0.665 0.62 0.665 0.709 0.712 0.692 0.695 0.696 0.742 0.754 0.752 0.769 0.775 0.783 0.783 0.783 0.778 0.747 0.743 0.729 0.725 0.7 0.696 0.704 0.725 0.716 0.714 0.713 0.703 0.688 0.685 0.677 0.677 0.69 0.694 0.686 0.677 0.661 0.62 0.625 0.6 0.604 0.602 0.622 0.573 0.516 0.464 0.5 0.528 0.477 0.454 0.478 0.472 0.472 0.458 0.414 0.414 0.349 0.347 0.304
0.267 0.373 0.409 0.43 0.45 0.438 0.342 0.227 0.255 0.391 0.54 0.577 0.638 0.654 0.662 0.653 0.613 0.652 0.691 0.702 0.681 0.657 0.675 0.726 0.75 0.757 0.768 0.773 0.778 0.781 0.768 0.758 0.768 0.74 0.729 0.704 0.666 0.643 0.651 0.662 0.681 0.658 0.644 0.664 0.69 0.704 0.704 0.684 0.672 0.685 0.693 0.674 0.645 0.647 0.62 0.6 0.55 0.587 0.549 0.599 0.59 0.519 0.52 0.531 0.486 0.465 0.454 0.493 0.488 0.468 0.407 0.356 0.358 0.351 0.273 0.257
0.354 0.389 0.421 0.438 0.452 0.385 0.278 0.312 0.424 0.536 0.598 0.631 0.637 0.652 0.664 0.642 0.643 0.674 0.692 0.68 0.652 0.663 0.716 0.742 0.742 0.755 0.768 0.772 0.775 0.765 0.758 0.772 0.74 0.714 0.696 0.671 0.613 0.595 0.617 0.637 0.649 0.637 0.629 0.65 0.669 0.677 0.682 0.688 0.688 0.685 0.675 0.655 0.621 0.604 0.599 0.573 0.536 0.565 0.514 0.547 0.594 0.571 0.551 0.509 0.46 0.455 0.488 0.493 0.441 0.411 0.42 0.384 0.34 0.322 0.317 0.254
0.38 0.4 0.414 0.421 0.451 0.404 0.401 0.482 0.559 0.619 0.644 0.648 0.645 0.661 0.673 0.678 0.684 0.691 0.69 0.672 0.679 0.689 0.732 0.74 0.748 0.761 0.767 0.77 0.76 0.743 0.765 0.725 0.693 0.656 0.634 0.609 0.575 0.595 0.597 0.638 0.642 0.628 0.619 0.647 0.659 0.666 0.669 0.668 0.667 0.664 0.635 0.613 0.598 0.577 0.598 0.548 0.518 0.537 0.463 0.505 0.559 0.568 0.564 0.526 0.5 0.51 0.504 0.473 0.432 0.436 0.399 0.371 0.298 0.263 0.269 0.268
0.4 0.406 0.419 0.433 0.484 0.507 0.536 0.584 0.633 0.652 0.657 0.658 0.66 0.667 0.675 0.678 0.694 0.698 0.702 0.697 0.705 0.719 0.736 0.744 0.756 0.759 0.767 0.762 0.734 0.745 0.757 0.699 0.672 0.619 0.59 0.58 0.585 0.616 0.641 0.653 0.654 0.64 0.639 0.662 0.661 0.664 0.66 0.646 0.636 0.594 0.563 0.555 0.569 0.573 0.574 0.527 0.498 0.48 0.47 0.504 0.496 0.54 0.534 0.535 0.528 0.521 0.49 0.474 0.438 0.386 0.352 0.34 0.282 0.22 0.203 0.197
0.448 0.462 0.487 0.518 0.558 0.591 0.624 0.641 0.651 0.657 0.657 0.664 0.667 0.672 0.68 0.68 0.692 0.698 0.704 0.715 0.72 0.725 0.735 0.744 0.756 0.757 0.765 0.748 0.729 0.731 0.743 0.714 0.676 0.645 0.642 0.623 0.624 0.656 0.651 0.646 0.649 0.659 0.661 0.664 0.658 0.677 0.665 0.635 0.599 0.54 0.52 0.534 0.548 0.539 0.504 0.463 0.452 0.436 0.451 0.455 0.463 0.511 0.479 0.487 0.491 0.507 0.5 0.483 0.421 0.356 0.329 0.326 0.268 0.197 0.227 0.211
0.516 0.554 0.579 0.605 0.625 0.642 0.65 0.651 0.655 0.657 0.659 0.667 0.67 0.675 0.683 0.683 0.692 0.7 0.705 0.715 0.723 0.728 0.737 0.743 0.754 0.757 0.759 0.738 0.726 0.717 0.735 0.723 0.689 0.681 0.669 0.653 0.651 0.662 0.647 0.645 0.648 0.656 0.652 0.656 0.651 0.686 0.669 0.644 0.597 0.572 0.51 0.479 0.464 0.515 0.461 0.426 0.396 0.416 0.404 0.436 0.468 0.466 0.419 0.446 0.451 0.448 0.463 0.492 0.455 0.386 0.361 0.326 0.282 0.211 0.256 0.208
0.58 0.615 0.636 0.648 0.652 0.651 0.651 0.655 0.658 0.66 0.667 0.67 0.672 0.68 0.683 0.685 0.694 0.703 0.704 0.715 0.724 0.73 0.734 0.741 0.748 0.754 0.748 0.732 0.729 0.714 0.737 0.725 0.716 0.714 0.694 0.678 0.671 0.675 0.675 0.667 0.667 0.664 0.659 0.664 0.665 0.672 0.659 0.641 0.625 0.6 0.531 0.471 0.447 0.519 0.458 0.423 0.385 0.364 0.395 0.458 0.422 0.41 0.376 0.418 0.398 0.399 0.386 0.455 0.464 0.393 0.351 0.291 0.275 0.241 0.261 0.187
0.617 0.641 0.655 0.657 0.657 0.659 0.661 0.664 0.665 0.669 0.672 0.674 0.68 0.683 0.683 0.684 0.679 0.658 0.644 0.68 0.721 0.728 0.735 0.74 0.743 0.74 0.737 0.73 0.728 0.723 0.735 0.713 0.71 0.71 0.709 0.696 0.695 0.703 0.7 0.692 0.688 0.669 0.658 0.652 0.648 0.652 0.637 0.626 0.626 0.609 0.586 0.526 0.494 0.526 0.462 0.436 0.381 0.345 0.405 0.408 0.35 0.353 0.364 0.398 0.352 0.348 0.318 0.414 0.459 0.389 0.315 0.322 0.27 0.281 0.22 0.206
0.647 0.659 0.661 0.664 0.668 0.666 0.667 0.668 0.671 0.672 0.676 0.677 0.679 0.677 0.674 0.668 0.654 0.621 0.657 0.699 0.722 0.725 0.731 0.738 0.727 0.711 0.718 0.724 0.716 0.729 0.716 0.687 0.658 0.642 0.658 0.652 0.66 0.669 0.662 0.658 0.672 0.651 0.642 0.636 0.63 0.642 0.619 0.606 0.611 0.582 0.57 0.563 0.553 0.544 0.49 0.427 0.373 0.327 0.406 0.364 0.302 0.318 0.341 0.347 0.303 0.296 0.299 0.391 0.444 0.363 0.32 0.314 0.285 0.277 0.241 0.236
0.661 0.669 0.671 0.672 0.672 0.672 0.676 0.676 0.677 0.677 0.678 0.667 0.66 0.657 0.645 0.654 0.664 0.681 0.706 0.719 0.723 0.728 0.726 0.722 0.7 0.695 0.699 0.713 0.705 0.723 0.693 0.654 0.618 0.606 0.633 0.639 0.651 0.654 0.649 0.65 0.65 0.636 0.633 0.632 0.63 0.633 0.616 0.595 0.6 0.542 0.514 0.496 0.543 0.557 0.499 0.413 0.369 0.363 0.416 0.324 0.276 0.275 0.248 0.257 0.24 0.261 0.307 0.365 0.424 0.403 0.375 0.336 0.301 0.306 0.29 0.213
