data/climatemaps/RS_maps/climate_postbreed_tmp_2010.asc
NCOLS 369 
NROWS 228 
XLLCORNER 479000 
YLLCORNER 73000 
CELLSIZE 1000 
NODATA_value -9 
[rows 136 to 169 of 228, columns 0 to 75 of 369]
-9 -9 -9 -9 -9 -9 -9 -9 0.343 0.31 0.312 0.297 0.303 0.307 0.198 0.137 0.077 0.061 0.039 0.036 0.03 0.093 -0.034 -0.06 -0.114 -0.132 -0.074 0.032 0.112 0.208 0.285 0.303 0.228 0.031 -0.112 -0.123 -0.105 -0.041 0.112 0.312 0.5 0.622 0.7 0.774 0.803 0.82 0.861 0.903 0.858 0.888 0.945 1.028 0.981 0.918 0.904 0.887 0.886 0.885 0.876 0.843 0.806 0.769 0.753 0.704 0.676 0.601 0.599 0.652 0.761 0.784 0.791 0.762 0.807 0.783 0.709 0.611
-9 -9 -9 -9 -9 -9 -9 -9 0.373 0.317 0.29 0.28 0.261 0.187 0.077 0.061 0.091 0.102 0.095 0.092 0.082 0.063 -0.084 -0.107 -0.133 -0.075 0.006 0.107 0.205 0.277 0.295 0.221 0.051 -0.077 -0.15 -0.159 -0.141 -0.032 0.14 0.437 0.617 0.707 0.761 0.786 0.809 0.841 0.879 0.887 0.855 0.898 1.018 1.013 0.994 0.96 0.905 0.887 0.891 0.896 0.878 0.83 0.789 0.748 0.725 0.663 0.647 0.584 0.564 0.639 0.749 0.762 0.772 0.738 0.826 0.807 0.758 0.665
-9 -9 -9 -9 -9 -9 -9 -9 0.355 0.295 0.272 0.245 0.138 0.074 0.062 0.078 0.112 0.143 0.128 0.126 0.097 -0.046 -0.127 -0.118 -0.074 0.009 0.092 0.179 0.266 0.294 0.201 0.05 -0.059 -0.109 -0.179 -0.225 -0.209 0.064 0.315 0.566 0.699 0.762 0.779 0.798 0.821 0.862 0.892 0.875 0.877 0.915 1.025 1.011 0.999 0.961 0.886 0.893 0.894 0.898 0.861 0.821 0.777 0.745 0.687 0.646 0.631 0.591 0.559 0.673 0.746 0.755 0.773 0.735 0.797 0.839 0.77 0.634
-9 -9 -9 -9 -9 -9 -9 0.345 0.35 0.309 0.236 0.122 0.056 0.04 0.066 0.082 0.113 0.142 0.144 0.144 -0.001 -0.135 -0.112 -0.039 0.022 0.104 0.182 0.264 0.273 0.176 0.045 -0.033 -0.091 -0.176 -0.288 -0.289 -0.134 0.147 0.483 0.652 0.743 0.778 0.785 0.802 0.825 0.87 0.894 0.899 0.904 0.933 1 1.052 0.998 0.97 0.895 0.905 0.909 0.895 0.847 0.808 0.777 0.736 0.671 0.661 0.618 0.596 0.62 0.684 0.746 0.746 0.783 0.742 0.804 0.862 0.741 0.614
-9 -9 -9 -9 -9 -9 -9 0.321 0.308 0.303 0.15 0.083 0.098 0.059 0.067 0.095 0.111 0.105 0.12 0.098 -0.104 -0.099 -0.049 0.023 0.108 0.171 0.249 0.276 0.128 -0.015 -0.05 -0.058 -0.151 -0.273 -0.321 -0.207 -0.048 0.162 0.545 0.716 0.765 0.78 0.779 0.812 0.845 0.861 0.901 0.93 0.945 0.967 1.008 1.08 1.025 0.977 0.91 0.924 0.923 0.886 0.836 0.811 0.788 0.737 0.701 0.659 0.595 0.569 0.601 0.684 0.755 0.755 0.774 0.755 0.82 0.862 0.712 0.627
-9 -9 -9 -9 -9 -9 -9 0.304 0.307 0.288 0.188 0.153 0.151 0.153 0.148 0.097 0.087 0.119 0.107 -0.049 -0.098 -0.029 0.013 0.06 0.132 0.228 0.25 0.147 -0.057 -0.101 -0.063 -0.137 -0.257 -0.279 -0.229 -0.118 0.023 0.29 0.628 0.745 0.775 0.778 0.785 0.82 0.864 0.878 0.925 0.953 0.978 1.007 1.052 1.088 1.056 0.981 0.929 0.94 0.932 0.895 0.833 0.827 0.77 0.722 0.693 0.639 0.601 0.563 0.597 0.68 0.702 0.757 0.744 0.769 0.824 0.856 0.737 0.669
-9 -9 -9 -9 -9 -9 -9 0.294 0.283 0.223 0.193 0.168 0.204 0.205 0.128 0.077 0.095 0.128 -0.013 -0.06 -0.055 -0.013 0.014 0.092 0.205 0.21 0.104 0.017 -0.078 -0.065 -0.064 -0.202 -0.259 -0.204 -0.167 -0.033 0.228 0.542 0.715 0.761 0.778 0.781 0.798 0.831 0.88 0.911 0.943 0.974 1.019 1.05 1.087 1.107 1.066 1.011 0.971 0.962 0.943 0.909 0.846 0.816 0.736 0.678 0.667 0.654 0.622 0.591 0.615 0.681 0.668 0.721 0.74 0.768 0.847 0.86 0.772 0.69
-9 -9 -9 -9 -9 -9 -9 0.26 0.192 0.162 0.185 0.232 0.258 0.204 0.096 0.144 0.123 0.025 -0.047 0.002 0.009 0.026 0.081 0.212 0.196 0.068 -0.013 -0.07 -0.082 -0.056 -0.112 -0.222 -0.155 -0.097 -0.027 0.227 0.528 0.698 0.76 0.768 0.779 0.779 0.794 0.83 0.895 0.945 0.962 1.01 1.033 1.066 1.102 1.12 1.083 1.051 1.037 1.004 0.96 0.921 0.851 0.799 0.743 0.703 0.654 0.643 0.635 0.624 0.636 0.653 0.673 0.686 0.743 0.781 0.86 0.868 0.796 0.673
-9 -9 -9 -9 -9 -9 -9 0.154 0.153 0.134 0.165 0.295 0.281 0.212 0.209 0.19 0.033 -0.04 -0.031 0.008 0.03 0.065 0.206 0.157 0.042 -0.011 -0.066 -0.042 -0.046 -0.102 -0.165 -0.167 -0.059 0.013 0.267 0.536 0.692 0.749 0.766 0.763 0.785 0.78 0.805 0.849 0.914 0.979 0.992 1.024 1.026 1.082 1.091 1.129 1.119 1.088 1.094 1.053 0.993 0.934 0.887 0.819 0.762 0.74 0.675 0.662 0.659 0.632 0.622 0.639 0.698 0.703 0.726 0.798 0.861 0.854 0.826 0.731
-9 -9 -9 -9 -9 -9 -9 0.093 0.149 0.154 0.229 0.34 0.308 0.286 0.248 0.082 -0.055 -0.036 -0.01 0.012 0.037 0.148 0.142 -0.008 -0.051 -0.116 -0.09 -0.037 -0.075 -0.132 -0.08 0.03 0.083 0.241 0.523 0.671 0.731 0.76 0.747 0.758 0.782 0.781 0.835 0.88 0.938 1.009 1.014 1.017 1.036 1.093 1.091 1.124 1.154 1.147 1.141 1.102 1.038 0.964 0.928 0.863 0.819 0.78 0.726 0.71 0.698 0.652 0.649 0.682 0.738 0.75 0.762 0.81 0.82 0.848 0.839 0.764
-9 -9 -9 -9 -9 -9 -9 0.096 0.162 0.236 0.378 0.423 0.415 0.315 0.118 -0.027 -0.041 -0.024 -0.017 0.025 0.14 0.135 -0.054 -0.111 -0.186 -0.175 -0.068 -0.041 -0.077 0.007 0.132 0.215 0.325 0.496 0.633 0.731 0.766 0.777 0.76 0.76 0.78 0.786 0.854 0.91 0.978 1.039 1.021 1.029 1.059 1.099 1.114 1.116 1.163 1.168 1.172 1.146 1.095 1.015 0.964 0.904 0.892 0.851 0.802 0.765 0.725 0.692 0.708 0.747 0.796 0.811 0.801 0.799 0.78 0.847 0.822 0.758
-9 -9 -9 -9 -9 -9 0.078 0.133 0.251 0.4 0.401 0.356 0.453 0.178 0.011 -0.027 -0.025 -0.034 0.005 0.127 0.162 -0.022 -0.14 -0.225 -0.207 -0.085 -0.069 -0.145 -0.055 0.105 0.227 0.293 0.368 0.521 0.671 0.761 0.788 0.805 0.801 0.79 0.839 0.862 0.871 0.94 1.011 1.047 1.058 1.063 1.077 1.108 1.137 1.162 1.192 1.178 1.195 1.178 1.151 1.091 1.021 0.972 0.959 0.912 0.888 0.796 0.748 0.729 0.764 0.803 0.839 0.844 0.816 0.798 0.798 0.81 0.787 0.738
-9 -9 -9 -9 -9 0.207 0.153 0.314 0.434 0.398 0.26 0.241 0.422 0.155 0 -0.04 -0.055 -0.002 0.138 0.155 0.004 -0.123 -0.243 -0.227 -0.129 -0.023 -0.1 -0.153 -0.014 0.136 0.324 0.353 0.437 0.621 0.709 0.771 0.802 0.832 0.833 0.819 0.878 0.916 0.942 1.009 1.027 1.032 1.088 1.112 1.134 1.172 1.184 1.177 1.198 1.181 1.205 1.216 1.203 1.165 1.106 1.061 1.033 1.01 0.973 0.877 0.841 0.8 0.814 0.81 0.83 0.835 0.835 0.811 0.777 0.646 0.749 0.71
-9 -9 -9 -9 -9 0.291 0.317 0.463 0.404 0.257 0.161 0.176 0.406 0.187 -0.028 -0.05 -0.008 0.121 0.184 0.034 -0.157 -0.229 -0.248 -0.136 -0.04 -0.026 -0.092 -0.025 0.136 0.305 0.451 0.52 0.596 0.673 0.737 0.77 0.797 0.811 0.877 0.899 0.9 0.973 1.014 1.056 1.053 1.071 1.127 1.151 1.186 1.208 1.214 1.207 1.201 1.209 1.23 1.24 1.239 1.23 1.196 1.163 1.157 1.148 1.1 1.05 0.948 0.854 0.818 0.731 0.775 0.845 0.862 0.819 0.677 0.549 0.721 0.678
-9 -9 -9 -9 -9 0.519 0.54 0.474 0.293 0.151 0.107 0.159 0.404 0.237 0.028 0.027 0.128 0.186 0.112 -0.11 -0.248 -0.27 -0.148 -0.035 0.001 -0.054 -0.036 0.12 0.288 0.431 0.479 0.561 0.655 0.695 0.747 0.767 0.785 0.832 0.875 0.967 0.98 1.006 1.023 1.075 1.09 1.112 1.152 1.179 1.207 1.211 1.215 1.225 1.228 1.228 1.241 1.241 1.241 1.248 1.247 1.252 1.249 1.25 1.231 1.21 1.073 0.886 0.831 0.771 0.749 0.871 0.879 0.815 0.596 0.488 0.692 0.698
-9 -9 -9 -9 -9 0.545 0.399 0.31 0.187 0.141 0.145 0.164 0.407 0.281 0.126 0.108 0.166 0.157 -0.041 -0.257 -0.256 -0.178 -0.059 -0.019 0.044 0.019 0.133 0.275 0.436 0.543 0.531 0.581 0.622 0.658 0.719 0.756 0.781 0.818 0.888 0.968 1.033 1.072 1.053 1.083 1.113 1.144 1.176 1.197 1.208 1.211 1.214 1.219 1.228 1.228 1.241 1.241 1.241 1.241 1.254 1.261 1.261 1.261 1.261 1.259 1.236 1.095 1.057 1.023 0.858 0.902 0.84 0.784 0.578 0.388 0.604 0.699
-9 -9 -9 -9 0.595 0.33 0.294 0.239 0.191 0.168 0.155 0.29 0.332 0.282 0.127 0.114 0.133 0.088 -0.166 -0.276 -0.214 -0.101 -0.041 0.012 0.102 0.158 0.317 0.432 0.552 0.622 0.584 0.582 0.582 0.626 0.695 0.746 0.797 0.847 0.943 1.043 1.082 1.11 1.093 1.114 1.136 1.167 1.198 1.204 1.208 1.21 1.214 1.222 1.228 1.228 1.235 1.241 1.241 1.241 1.25 1.26 1.26 1.261 1.261 1.261 1.261 1.248 1.237 1.236 1.08 0.952 0.866 0.777 0.67 0.53 0.562 0.71
-9 -9 -9 -9 0.365 0.31 0.291 0.252 0.198 0.073 0.164 0.267 0.193 0.196 0.143 0.101 0.084 0.013 -0.107 -0.194 -0.167 -0.117 -0.035 0.088 0.171 0.299 0.429 0.55 0.617 0.681 0.652 0.593 0.623 0.704 0.802 0.878 0.953 1.01 1.068 1.102 1.116 1.136 1.133 1.149 1.163 1.185 1.2 1.203 1.205 1.207 1.212 1.217 1.224 1.227 1.229 1.239 1.24 1.241 1.241 1.252 1.253 1.259 1.255 1.255 1.255 1.254 1.253 1.247 1.231 1.118 1.062 0.949 0.838 0.812 0.828 0.907
-9 -9 -9 -9 0.362 0.322 0.25 0.223 0.09 0.042 0.038 0.133 0.083 0.091 0.145 0.106 0.022 -0.056 -0.088 -0.107 -0.114 -0.102 -0.008 0.144 0.241 0.319 0.498 0.629 0.684 0.733 0.689 0.656 0.75 0.875 0.976 1.044 1.099 1.124 1.136 1.143 1.149 1.154 1.163 1.175 1.184 1.194 1.2 1.201 1.201 1.203 1.206 1.212 1.214 1.221 1.228 1.232 1.237 1.239 1.241 1.242 1.246 1.249 1.253 1.253 1.253 1.248 1.246 1.242 1.238 1.229 1.214 1.198 1.152 1.136 1.105 1.079
-9 -9 -9 -9 0.357 0.273 0.191 0.142 0.037 -0.048 -0.087 -0.082 0.002 0.023 0.029 0.024 -0.017 -0.032 0.014 -0.002 -0.016 0.024 0.117 0.22 0.287 0.421 0.581 0.708 0.748 0.773 0.729 0.766 0.928 1.005 1.053 1.1 1.145 1.156 1.161 1.167 1.166 1.165 1.177 1.181 1.181 1.187 1.19 1.198 1.201 1.201 1.201 1.205 1.212 1.214 1.222 1.225 1.232 1.235 1.239 1.239 1.241 1.246 1.246 1.246 1.246 1.246 1.239 1.236 1.231 1.225 1.214 1.206 1.19 1.184 1.16 1.12
-9 -9 -9 -9 0.293 0.229 0.141 0.067 0.032 -0.059 -0.12 -0.162 -0.132 0.002 -0.08 -0.162 -0.044 -0.044 -0.117 -0.018 0.067 0.114 0.217 0.339 0.428 0.557 0.719 0.783 0.846 0.833 0.861 0.961 1.04 1.06 1.087 1.134 1.15 1.156 1.159 1.163 1.165 1.168 1.171 1.181 1.181 1.181 1.181 1.186 1.189 1.198 1.201 1.201 1.205 1.207 1.212 1.218 1.221 1.228 1.233 1.235 1.238 1.238 1.238 1.238 1.238 1.239 1.232 1.232 1.225 1.216 1.21 1.197 1.187 1.172 1.161 1.144
-9 -9 -9 0.296 0.238 0.185 0.112 0.059 0.009 -0.063 -0.153 -0.178 -0.082 -0.069 -0.166 -0.186 -0.089 -0.188 -0.288 -0.174 -0.069 0.066 0.247 0.504 0.685 0.76 0.833 0.879 0.896 0.95 1.002 1.052 1.072 1.08 1.114 1.14 1.148 1.149 1.155 1.156 1.162 1.163 1.163 1.171 1.175 1.178 1.181 1.181 1.181 1.186 1.189 1.196 1.198 1.201 1.205 1.214 1.214 1.218 1.223 1.225 1.228 1.234 1.234 1.233 1.231 1.229 1.224 1.222 1.216 1.212 1.203 1.188 1.18 1.165 1.155 1.142
-9 -9 -9 0.256 0.176 0.08 0.077 0.051 0.01 -0.053 -0.108 -0.102 -0.117 -0.173 -0.168 -0.117 -0.192 -0.326 -0.321 -0.263 -0.14 0.125 0.438 0.63 0.758 0.84 0.888 0.937 0.953 0.998 1.033 1.058 1.075 1.104 1.133 1.135 1.137 1.147 1.151 1.154 1.155 1.155 1.159 1.162 1.163 1.166 1.171 1.176 1.176 1.181 1.181 1.184 1.187 1.196 1.197 1.206 1.206 1.207 1.214 1.215 1.217 1.223 1.223 1.222 1.22 1.219 1.217 1.214 1.21 1.202 1.194 1.184 1.171 1.16 1.148 1.135
-9 -9 -9 0.22 0.12 0.067 0.068 0.028 -0.011 -0.054 -0.068 -0.163 -0.223 -0.187 -0.061 -0.092 -0.177 -0.324 -0.256 -0.079 0.1 0.388 0.623 0.752 0.82 0.868 0.926 0.97 0.999 1.024 1.042 1.068 1.102 1.118 1.127 1.133 1.134 1.134 1.135 1.142 1.148 1.154 1.155 1.155 1.155 1.161 1.162 1.163 1.169 1.176 1.176 1.176 1.181 1.184 1.187 1.191 1.196 1.202 1.205 1.21 1.21 1.212 1.214 1.214 1.21 1.21 1.21 1.21 1.199 1.191 1.184 1.177 1.164 1.153 1.141 1.128
-9 -9 -9 0.211 0.135 0.07 0.028 0.014 -0.04 -0.023 -0.151 -0.24 -0.227 -0.08 -0.009 -0.11 -0.192 -0.225 -0.138 0.063 0.335 0.621 0.751 0.827 0.871 0.91 0.948 0.979 1.002 1.032 1.059 1.065 1.097 1.114 1.116 1.125 1.129 1.133 1.134 1.134 1.134 1.135 1.146 1.15 1.154 1.155 1.155 1.155 1.156 1.16 1.164 1.168 1.175 1.175 1.181 1.182 1.187 1.191 1.196 1.197 1.198 1.203 1.205 1.207 1.203 1.198 1.197 1.194 1.189 1.184 1.177 1.166 1.156 1.146 1.133 1.122
-9 -9 -9 -9 0.081 0.042 0.042 0.027 -0.017 -0.049 -0.173 -0.144 -0.052 0.042 -0.081 -0.159 -0.214 -0.135 -0.005 0.212 0.537 0.75 0.826 0.86 0.891 0.924 0.951 0.979 1.013 1.032 1.059 1.071 1.102 1.111 1.112 1.114 1.116 1.12 1.126 1.133 1.133 1.134 1.134 1.134 1.134 1.137 1.154 1.154 1.154 1.154 1.155 1.155 1.162 1.162 1.169 1.169 1.173 1.169 1.157 1.155 1.169 1.167 1.136 1.057 0.904 0.986 1.013 1.106 1.164 1.176 1.164 1.161 1.146 1.137 1.125 1.117
-9 -9 -9 -9 0.104 0.121 0.086 0.029 -0.049 -0.113 -0.124 0.007 0.143 0.053 -0.126 -0.219 -0.189 -0.05 0.109 0.437 0.685 0.813 0.854 0.875 0.906 0.934 0.965 0.995 1.022 1.049 1.076 1.084 1.099 1.099 1.102 1.11 1.112 1.114 1.114 1.12 1.12 1.127 1.131 1.132 1.133 1.134 1.134 1.132 1.113 1.127 1.132 1.131 1.125 1.095 1.065 1.043 1.033 1.04 1.036 1.02 1.003 0.976 0.9 0.733 0.505 0.557 0.544 0.664 0.887 1.037 1.122 1.144 1.134 1.128 1.121 1.103
-9 -9 -9 -9 0.192 0.137 0.018 -0.001 -0.044 -0.083 -0.077 0.136 0.119 -0.096 -0.262 -0.257 -0.169 0.036 0.355 0.627 0.772 0.824 0.873 0.897 0.928 0.956 0.987 1.016 1.035 1.07 1.078 1.087 1.092 1.093 1.098 1.099 1.101 1.11 1.111 1.112 1.112 1.114 1.114 1.116 1.124 1.131 1.131 1.106 1.092 1.105 1.066 0.995 0.951 0.92 0.87 0.84 0.814 0.82 0.802 0.739 0.665 0.614 0.541 0.475 0.358 0.226 0.13 0.211 0.276 0.564 0.638 0.877 0.964 1.037 1.082 1.065
-9 -9 -9 -9 0.225 0.039 0.012 0.009 -0.019 0.016 0.133 0.031 -0.153 -0.22 -0.236 -0.169 -0.107 0.229 0.572 0.754 0.809 0.839 0.892 0.917 0.936 0.964 0.988 1.028 1.057 1.071 1.074 1.077 1.084 1.087 1.087 1.086 1.087 1.098 1.101 1.103 1.103 1.11 1.112 1.112 1.112 1.109 1.101 1.069 1.058 1.039 0.933 0.854 0.784 0.725 0.673 0.623 0.608 0.61 0.584 0.554 0.513 0.385 0.154 0.243 0.004 -0.291 -0.408 -0.379 -0.277 -0.031 -0.084 0.362 0.502 0.625 0.765 0.895
-9 -9 -9 -9 -9 -0.028 -0.062 -0.06 0.082 0.153 -0.094 -0.214 -0.064 -0.016 0.169 0.123 0.218 0.382 0.66 0.79 0.837 0.877 0.911 0.913 0.934 0.965 0.991 1.04 1.063 1.066 1.07 1.07 1.074 1.068 1.059 1.049 1.055 1.091 1.091 1.091 1.091 1.095 1.099 1.1 1.094 1.073 1.044 1.016 1.004 0.962 0.867 0.766 0.716 0.632 0.593 0.564 0.541 0.533 0.499 0.467 0.423 0.217 0.126 0.047 -0.185 -0.293 -0.44 -0.638 -0.539 -0.294 0.096 0.417 0.117 -0.072 -0.003 0.332
-9 -9 -9 -9 -9 -9 -0.114 -0.035 0.198 -0.062 -0.32 -0.195 0.165 0.292 0.423 0.466 0.512 0.503 0.667 0.677 0.842 0.898 0.909 0.91 0.936 0.969 1.016 1.047 1.052 1.057 1.063 1.063 1.048 1.028 1.016 1.002 1.018 1.067 1.08 1.084 1.086 1.079 1.064 1.061 1.047 1.016 0.996 0.961 0.907 0.865 0.89 0.772 0.694 0.603 0.567 0.531 0.504 0.484 0.452 0.448 0.426 0.35 0.328 0.2 0.081 -0.158 -0.571 -0.558 -0.26 -0.018 -0.077 -0.049 -0.548 -0.788 -0.617 -0.112
-9 -9 -9 -9 -9 -9 -0.076 0.122 0.103 -0.265 -0.397 0.107 0.412 0.506 0.588 0.652 0.662 0.659 0.63 0.758 0.875 0.9 0.901 0.91 0.953 0.996 1.036 1.047 1.047 1.049 1.051 1.041 1.008 0.99 0.991 0.995 1.007 1.045 1.069 1.073 1.075 1.053 1.018 1.003 0.99 0.976 0.95 0.895 0.835 0.782 0.82 0.797 0.734 0.648 0.563 0.492 0.451 0.447 0.474 0.438 0.308 0.218 0.114 0.111 0.026 -0.417 -0.781 -0.682 -0.55 -0.433 -0.665 -0.748 -0.897 -0.822 -0.511 -0.091
-9 -9 -9 -9 -9 -9 0.056 0.176 -0.15 -0.35 -0.298 0.149 0.24 0.534 0.67 0.715 0.717 0.627 0.665 0.828 0.883 0.893 0.897 0.928 0.964 1.01 1.029 1.036 1.047 1.047 1.044 1.005 0.972 0.979 0.984 1 1.012 1.037 1.053 1.054 1.044 1.011 0.989 0.961 0.925 0.917 0.885 0.849 0.806 0.77 0.712 0.677 0.695 0.744 -9 -9 -9 0.528 0.553 0.433 0.216 0.036 -0.186 -0.178 -0.256 -0.489 -0.642 -0.824 -0.785 -0.806 -0.974 -0.915 -0.823 -0.601 -0.398 -0.25
-9 -9 -9 -9 -0.041 0.032 0.237 0.062 -0.278 -0.429 -0.253 -0.035 0.259 0.627 0.72 0.748 0.735 0.715 0.785 0.844 0.88 0.877 0.913 0.942 0.964 1.012 1.027 1.028 1.029 1.039 1.017 0.975 0.959 0.979 0.983 1.006 1.004 1.016 1.032 1.016 0.993 0.964 0.957 0.931 0.876 0.792 0.801 0.808 0.783 0.698 0.577 0.333 -9 -9 -9 -9 -9 0.525 0.519 0.515 0.467 0.331 0.02 -0.162 -0.362 -0.514 -0.559 -0.668 -0.608 -0.601 -1.097 -1.066 -0.87 -0.652 -0.358 -0.021
