data/climatemaps/RS_maps/climate_postbreed_tmp_2002.asc
NCOLS 369 
NROWS 228 
XLLCORNER 479000 
YLLCORNER 73000 
CELLSIZE 1000 
NODATA_value -9 
[rows 68 to 101 of 228, columns 77 to 153 of 369]
0.458 0.417 0.334 0.279 0.279 0.373 0.559 0.557 0.244 0.229 0.224 0.223 0.195 0.17 0.176 0.171 0.175 0.157 0.141 0.115 0.065 0.056 0.06 0.134 0.319 0.37 0.424 0.436 0.385 0.399 0.399 0.426 0.465 0.46 0.459 0.426 0.435 0.414 0.356 0.33 0.312 0.249 0.096 -0.059 -0.058 -0.023 0.001 0.146 0.18 0.2 0.318 0.488 0.613 0.666 0.71 0.743 0.765 0.778 0.777 0.799 0.795 0.782 0.748 0.744 0.739 0.75 0.784 0.802 0.816 0.802 0.765 0.784 0.796 0.779 0.711 0.705 0.711
0.423 0.339 0.274 0.297 0.419 0.503 0.577 0.34 0.163 0.217 0.204 0.186 0.162 0.16 0.185 0.18 0.181 0.158 0.132 0.114 0.102 0.119 0.197 0.325 0.408 0.42 0.435 0.457 0.465 0.458 0.467 0.488 0.485 0.476 0.47 0.465 0.446 0.338 0.273 0.185 0.051 -0.068 -0.02 -0.047 0.09 0.216 0.372 0.468 0.529 0.572 0.629 0.664 0.662 0.687 0.723 0.775 0.803 0.791 0.796 0.817 0.812 0.791 0.797 0.775 0.755 0.78 0.814 0.802 0.789 0.78 0.787 0.777 0.769 0.779 0.774 0.739 0.724
0.392 0.287 0.275 0.406 0.526 0.544 0.387 0.239 0.217 0.23 0.196 0.166 0.166 0.182 0.184 0.192 0.178 0.182 0.209 0.246 0.283 0.247 0.244 0.314 0.381 0.43 0.447 0.416 0.367 0.32 0.298 0.291 0.274 0.236 0.2 0.196 0.116 0.018 -0.055 -0.128 -0.128 0.012 0.154 0.298 0.468 0.554 0.627 0.669 0.681 0.704 0.718 0.699 0.746 0.774 0.785 0.812 0.82 0.82 0.818 0.814 0.781 0.756 0.772 0.783 0.803 0.808 0.787 0.761 0.765 0.777 0.78 0.75 0.737 0.746 0.78 0.745 0.688
0.358 0.321 0.416 0.554 0.481 0.32 0.23 0.225 0.2 0.147 0.144 0.167 0.2 0.188 0.154 0.161 0.186 0.236 0.237 0.218 0.181 0.147 0.172 0.224 0.332 0.415 0.342 0.25 0.148 0.077 0.04 0.001 0.01 -0.007 -0.012 0.045 0.032 0.005 -0.034 -0.028 0.092 0.328 0.446 0.573 0.636 0.678 0.714 0.738 0.753 0.769 0.767 0.763 0.794 0.802 0.818 0.816 0.82 0.818 0.801 0.785 0.767 0.746 0.759 0.785 0.79 0.785 0.757 0.756 0.773 0.771 0.775 0.751 0.728 0.725 0.764 0.732 0.679
0.317 0.469 0.545 0.447 0.265 0.211 0.202 0.162 0.088 0.101 0.157 0.182 0.19 0.145 0.098 0.081 0.102 0.111 0.109 0.132 0.185 0.222 0.247 0.267 0.32 0.32 0.12 0.065 0.027 0.031 0.08 0.138 0.163 0.134 0.104 0.107 0.111 0.137 0.187 0.298 0.461 0.589 0.668 0.723 0.748 0.763 0.798 0.808 0.814 0.808 0.81 0.803 0.811 0.814 0.817 0.808 0.817 0.811 0.779 0.761 0.758 0.758 0.775 0.792 0.777 0.769 0.757 0.758 0.756 0.755 0.763 0.736 0.723 0.712 0.739 0.74 0.669
0.349 0.598 0.436 0.284 0.201 0.175 0.141 0.088 0.078 0.141 0.17 0.15 0.107 0.043 -0.002 -0.013 0.056 0.129 0.243 0.339 0.415 0.479 0.482 0.475 0.439 0.273 0.178 0.246 0.273 0.378 0.403 0.38 0.29 0.233 0.204 0.214 0.245 0.35 0.498 0.641 0.722 0.742 0.777 0.801 0.81 0.82 0.833 0.828 0.825 0.816 0.812 0.799 0.797 0.793 0.805 0.806 0.81 0.804 0.785 0.77 0.773 0.773 0.775 0.791 0.772 0.759 0.739 0.733 0.747 0.744 0.753 0.713 0.704 0.677 0.69 0.741 0.668
0.477 0.522 0.309 0.232 0.181 0.13 0.121 0.129 0.147 0.151 0.111 0.037 -0.018 -0.025 0.023 0.167 0.325 0.415 0.493 0.523 0.541 0.543 0.511 0.503 0.488 0.448 0.472 0.51 0.495 0.549 0.416 0.33 0.314 0.36 0.357 0.378 0.459 0.574 0.681 0.772 0.8 0.814 0.824 0.827 0.831 0.833 0.827 0.809 0.803 0.774 0.756 0.752 0.779 0.791 0.803 0.804 0.806 0.805 0.786 0.772 0.763 0.757 0.776 0.79 0.764 0.74 0.726 0.749 0.752 0.727 0.744 0.682 0.646 0.644 0.677 0.702 0.69
0.534 0.377 0.248 0.191 0.171 0.173 0.187 0.186 0.158 0.11 0.019 -0.04 -0.031 0.089 0.27 0.458 0.529 0.521 0.475 0.365 0.391 0.371 0.229 0.192 0.209 0.38 0.398 0.281 0.41 0.561 0.313 0.351 0.404 0.368 0.425 0.516 0.624 0.73 0.793 0.818 0.824 0.832 0.833 0.833 0.833 0.818 0.795 0.765 0.751 0.707 0.708 0.736 0.789 0.805 0.806 0.796 0.806 0.79 0.77 0.747 0.754 0.765 0.785 0.785 0.759 0.756 0.759 0.75 0.714 0.707 0.733 0.663 0.594 0.617 0.667 0.695 0.67
0.486 0.341 0.234 0.206 0.186 0.185 0.187 0.166 0.102 0.007 -0.046 0.014 0.179 0.357 0.478 0.509 0.448 0.28 0.149 0.1 0.121 0.057 -0.017 -0.027 -0.014 0.137 0.137 0.122 0.342 0.601 0.508 0.403 0.422 0.597 0.721 0.764 0.796 0.823 0.836 0.836 0.833 0.833 0.833 0.821 0.783 0.774 0.732 0.704 0.702 0.711 0.736 0.775 0.789 0.806 0.806 0.803 0.796 0.776 0.762 0.744 0.764 0.778 0.762 0.771 0.771 0.763 0.729 0.69 0.668 0.669 0.716 0.668 0.612 0.574 0.615 0.661 0.606
0.455 0.358 0.233 0.183 0.181 0.167 0.124 0.072 -0.011 -0.051 0.035 0.297 0.429 0.478 0.417 0.267 0.103 0.008 -0.023 -0.026 -0.041 -0.069 -0.109 -0.094 0.002 0.186 0.394 0.503 0.582 0.603 0.635 0.629 0.746 0.796 0.773 0.74 0.769 0.816 0.843 0.844 0.839 0.837 0.818 0.757 0.717 0.709 0.685 0.69 0.729 0.758 0.775 0.784 0.782 0.79 0.804 0.801 0.798 0.777 0.764 0.753 0.781 0.735 0.718 0.751 0.73 0.695 0.686 0.642 0.589 0.626 0.713 0.689 0.632 0.533 0.572 0.591 0.576
0.25 0.355 0.25 0.194 0.16 0.097 0.033 0.003 0.008 0.104 0.369 0.477 0.433 0.247 0.069 -0.067 -0.143 -0.146 -0.147 -0.088 -0.1 -0.079 -0.043 0.088 0.217 0.435 0.518 0.54 0.525 0.612 0.744 0.82 0.815 0.761 0.759 0.804 0.835 0.843 0.846 0.846 0.841 0.826 0.759 0.701 0.688 0.693 0.708 0.723 0.724 0.729 0.768 0.786 0.799 0.786 0.788 0.787 0.787 0.786 0.785 0.784 0.779 0.746 0.706 0.755 0.668 0.669 0.673 0.606 0.556 0.652 0.698 0.626 0.624 0.516 0.531 0.572 0.572
0.252 0.315 0.244 0.188 0.115 0.052 0.048 0.122 0.239 0.408 0.399 0.309 0.195 0.019 -0.192 -0.289 -0.315 -0.234 -0.145 -0.04 0.005 0.019 0.004 0.068 0.271 0.421 0.333 0.421 0.594 0.79 0.852 0.843 0.804 0.773 0.805 0.852 0.853 0.853 0.853 0.85 0.828 0.798 0.732 0.696 0.694 0.721 0.693 0.709 0.721 0.765 0.797 0.786 0.796 0.786 0.769 0.786 0.786 0.774 0.786 0.77 0.723 0.726 0.653 0.734 0.638 0.628 0.632 0.548 0.612 0.647 0.678 0.579 0.567 0.564 0.553 0.57 0.585
0.249 0.285 0.201 0.137 0.119 0.157 0.307 0.378 0.356 0.231 0.135 0.06 -0.006 -0.142 -0.311 -0.367 -0.272 -0.092 0.105 0.114 -0.011 -0.115 -0.064 0.122 0.265 0.2 0.356 0.596 0.796 0.854 0.842 0.811 0.833 0.847 0.854 0.853 0.853 0.847 0.813 0.808 0.772 0.77 0.724 0.71 0.682 0.643 0.656 0.64 0.673 0.785 0.806 0.792 0.786 0.786 0.78 0.786 0.786 0.762 0.753 0.686 0.678 0.71 0.699 0.672 0.628 0.579 0.6 0.548 0.594 0.618 0.628 0.663 0.637 0.61 0.551 0.532 0.552
0.212 0.224 0.163 0.158 0.223 0.315 0.313 0.192 0.108 0.087 0.086 0.028 -0.157 -0.257 -0.306 -0.177 -0.009 0.145 0.225 0.044 0.009 0.111 0.234 0.241 0.209 0.345 0.664 0.859 0.868 0.861 0.851 0.836 0.824 0.853 0.863 0.853 0.843 0.77 0.738 0.795 0.772 0.761 0.711 0.666 0.651 0.634 0.652 0.647 0.749 0.805 0.797 0.786 0.786 0.786 0.774 0.785 0.786 0.773 0.735 0.693 0.686 0.701 0.678 0.619 0.615 0.527 0.533 0.559 0.578 0.592 0.538 0.616 0.61 0.626 0.544 0.525 0.558
0.174 0.203 0.183 0.253 0.321 0.211 0.084 0.037 0.024 0.044 0.075 -0.014 -0.207 -0.231 -0.046 0.119 0.233 0.288 0.251 0.221 0.319 0.405 0.365 0.321 0.429 0.685 0.849 0.871 0.859 0.853 0.851 0.847 0.841 0.862 0.86 0.856 0.842 0.8 0.814 0.812 0.768 0.731 0.692 0.672 0.658 0.674 0.725 0.77 0.797 0.792 0.781 0.786 0.786 0.786 0.77 0.775 0.785 0.762 0.749 0.738 0.686 0.71 0.627 0.602 0.573 0.51 0.465 0.543 0.515 0.556 0.529 0.573 0.54 0.624 0.567 0.553 0.571
0.134 0.198 0.244 0.26 0.194 0.063 0.019 0.012 0.04 0.099 0.125 -0.041 -0.112 0.048 0.207 0.321 0.383 0.39 0.381 0.419 0.449 0.445 0.446 0.536 0.73 0.865 0.88 0.867 0.836 0.798 0.785 0.79 0.786 0.854 0.86 0.86 0.851 0.834 0.812 0.786 0.749 0.687 0.645 0.673 0.72 0.785 0.806 0.801 0.782 0.768 0.777 0.786 0.784 0.783 0.774 0.774 0.777 0.72 0.721 0.724 0.708 0.69 0.617 0.598 0.521 0.483 0.472 0.531 0.503 0.526 0.491 0.53 0.521 0.608 0.577 0.583 0.549
0.15 0.224 0.143 0.074 0.041 0.064 0.108 0.166 0.216 0.262 0.142 -0.014 0.095 0.253 0.342 0.427 0.448 0.447 0.44 0.427 0.438 0.522 0.649 0.754 0.873 0.887 0.87 0.853 0.812 0.781 0.789 0.83 0.852 0.863 0.858 0.839 0.81 0.791 0.767 0.746 0.743 0.715 0.717 0.781 0.799 0.803 0.794 0.769 0.743 0.767 0.778 0.783 0.78 0.777 0.773 0.77 0.755 0.684 0.682 0.709 0.692 0.647 0.635 0.621 0.552 0.479 0.463 0.493 0.49 0.488 0.462 0.524 0.557 0.582 0.525 0.551 0.521
0.128 0.07 -0.058 -0.082 -0.039 0.114 0.189 0.251 0.32 0.325 0.066 0.03 0.213 0.31 0.354 0.452 0.465 0.439 0.398 0.417 0.536 0.725 0.836 0.881 0.887 0.886 0.858 0.805 0.76 0.798 0.854 0.865 0.86 0.86 0.842 0.798 0.777 0.766 0.76 0.774 0.782 0.78 0.796 0.786 0.765 0.774 0.764 0.729 0.724 0.758 0.778 0.782 0.776 0.773 0.77 0.765 0.741 0.699 0.672 0.692 0.662 0.605 0.584 0.561 0.528 0.513 0.435 0.488 0.513 0.51 0.517 0.539 0.545 0.552 0.499 0.518 0.48
0.028 -0.089 -0.129 -0.092 0.03 0.162 0.242 0.285 0.372 0.31 0.007 0.062 0.251 0.261 0.377 0.467 0.471 0.427 0.429 0.602 0.783 0.868 0.887 0.887 0.887 0.878 0.818 0.766 0.775 0.834 0.866 0.861 0.86 0.86 0.826 0.779 0.767 0.744 0.746 0.795 0.792 0.79 0.77 0.74 0.73 0.737 0.74 0.699 0.717 0.755 0.77 0.781 0.767 0.767 0.763 0.755 0.723 0.718 0.693 0.675 0.619 0.586 0.547 0.484 0.456 0.479 0.441 0.512 0.518 0.505 0.502 0.504 0.496 0.52 0.472 0.484 0.417
-0.053 -0.032 -0.011 0.065 0.211 0.357 0.453 0.471 0.466 0.211 -0.005 0.163 0.313 0.36 0.494 0.561 0.557 0.578 0.688 0.836 0.887 0.887 0.891 0.891 0.889 0.841 0.799 0.81 0.838 0.859 0.863 0.86 0.86 0.86 0.831 0.788 0.767 0.722 0.745 0.766 0.767 0.775 0.754 0.722 0.716 0.713 0.711 0.683 0.717 0.74 0.753 0.775 0.767 0.758 0.76 0.754 0.733 0.713 0.676 0.638 0.578 0.571 0.531 0.433 0.438 0.453 0.452 0.508 0.477 0.463 0.442 0.438 0.457 0.486 0.444 0.446 0.376
-0.06 0.061 0.2 0.379 0.488 0.543 0.552 0.528 0.445 0.123 0.113 0.328 0.422 0.558 0.673 0.755 0.785 0.83 0.874 0.893 0.892 0.892 0.893 0.893 0.876 0.846 0.853 0.857 0.859 0.865 0.86 0.86 0.86 0.847 0.817 0.807 0.795 0.767 0.769 0.763 0.769 0.767 0.745 0.718 0.712 0.687 0.693 0.707 0.732 0.728 0.749 0.773 0.765 0.744 0.755 0.74 0.738 0.728 0.689 0.603 0.615 0.572 0.501 0.455 0.465 0.449 0.453 0.5 0.456 0.431 0.375 0.359 0.415 0.424 0.397 0.365 0.331
0.066 0.293 0.439 0.509 0.554 0.575 0.564 0.512 0.358 0.125 0.261 0.465 0.612 0.805 0.87 0.886 0.896 0.904 0.9 0.899 0.898 0.893 0.893 0.869 0.864 0.874 0.862 0.863 0.871 0.867 0.86 0.862 0.858 0.817 0.799 0.812 0.802 0.776 0.763 0.766 0.755 0.74 0.724 0.701 0.692 0.69 0.7 0.718 0.739 0.747 0.766 0.778 0.76 0.743 0.742 0.723 0.717 0.723 0.708 0.637 0.633 0.554 0.481 0.528 0.487 0.449 0.438 0.488 0.459 0.405 0.38 0.341 0.305 0.316 0.293 0.241 0.253
0.214 0.411 0.501 0.545 0.559 0.559 0.531 0.435 0.166 0.219 0.549 0.662 0.828 0.903 0.906 0.905 0.895 0.877 0.9 0.9 0.9 0.886 0.85 0.838 0.878 0.863 0.875 0.877 0.869 0.867 0.866 0.863 0.848 0.783 0.789 0.764 0.763 0.761 0.774 0.776 0.747 0.733 0.694 0.688 0.688 0.716 0.723 0.725 0.744 0.764 0.766 0.767 0.747 0.739 0.694 0.67 0.66 0.693 0.726 0.659 0.584 0.469 0.466 0.556 0.526 0.49 0.471 0.503 0.424 0.461 0.464 0.437 0.41 0.347 0.311 0.267 0.154
0.33 0.493 0.534 0.577 0.585 0.533 0.373 0.195 0.127 0.507 0.696 0.79 0.903 0.907 0.906 0.869 0.77 0.826 0.893 0.878 0.816 0.804 0.787 0.871 0.874 0.854 0.873 0.879 0.873 0.867 0.848 0.85 0.774 0.767 0.75 0.739 0.697 0.684 0.718 0.761 0.745 0.758 0.755 0.746 0.719 0.726 0.712 0.717 0.747 0.772 0.76 0.754 0.735 0.661 0.686 0.65 0.672 0.668 0.716 0.634 0.543 0.456 0.532 0.588 0.514 0.459 0.532 0.513 0.517 0.497 0.417 0.411 0.294 0.291 0.219 0.242 0.23
0.469 0.525 0.558 0.591 0.559 0.365 0.13 0.171 0.434 0.719 0.772 0.881 0.893 0.899 0.864 0.764 0.815 0.88 0.877 0.82 0.752 0.761 0.857 0.88 0.88 0.88 0.88 0.88 0.868 0.842 0.821 0.827 0.778 0.749 0.693 0.632 0.587 0.611 0.631 0.678 0.654 0.625 0.661 0.728 0.759 0.759 0.735 0.725 0.758 0.772 0.745 0.704 0.71 0.684 0.648 0.563 0.645 0.586 0.688 0.686 0.564 0.578 0.604 0.529 0.503 0.491 0.563 0.552 0.526 0.419 0.34 0.341 0.326 0.179 0.159 0.135 0.16
0.501 0.542 0.576 0.601 0.461 0.242 0.292 0.502 0.717 0.823 0.875 0.875 0.891 0.906 0.837 0.826 0.863 0.879 0.835 0.764 0.766 0.845 0.884 0.862 0.878 0.887 0.887 0.874 0.841 0.823 0.844 0.78 0.728 0.701 0.648 0.537 0.507 0.547 0.6 0.625 0.61 0.611 0.644 0.695 0.719 0.738 0.747 0.757 0.758 0.754 0.726 0.661 0.654 0.647 0.607 0.559 0.621 0.533 0.604 0.704 0.675 0.644 0.576 0.507 0.505 0.563 0.591 0.494 0.454 0.455 0.412 0.32 0.288 0.273 0.168 0.087 0.043
0.517 0.538 0.551 0.593 0.489 0.482 0.62 0.765 0.875 0.913 0.902 0.889 0.911 0.907 0.905 0.902 0.897 0.878 0.824 0.813 0.825 0.877 0.881 0.872 0.887 0.887 0.884 0.845 0.814 0.842 0.764 0.701 0.619 0.586 0.532 0.466 0.513 0.52 0.613 0.623 0.604 0.601 0.655 0.691 0.706 0.72 0.723 0.731 0.731 0.687 0.655 0.633 0.607 0.662 0.57 0.542 0.571 0.459 0.542 0.661 0.687 0.689 0.63 0.595 0.615 0.61 0.565 0.494 0.515 0.446 0.401 0.268 0.206 0.218 0.21 0.179 0.057
0.525 0.54 0.573 0.65 0.687 0.745 0.822 0.901 0.93 0.933 0.922 0.916 0.92 0.91 0.908 0.908 0.907 0.901 0.874 0.871 0.874 0.886 0.891 0.893 0.888 0.886 0.867 0.807 0.816 0.831 0.718 0.66 0.559 0.51 0.484 0.504 0.566 0.625 0.649 0.653 0.633 0.644 0.691 0.695 0.714 0.72 0.701 0.692 0.617 0.569 0.564 0.609 0.62 0.642 0.554 0.511 0.487 0.486 0.562 0.561 0.653 0.654 0.665 0.663 0.658 0.606 0.584 0.531 0.436 0.387 0.362 0.26 0.159 0.134 0.115 0.145 0.041
0.627 0.667 0.724 0.789 0.851 0.902 0.93 0.938 0.936 0.934 0.931 0.923 0.923 0.918 0.907 0.909 0.907 0.905 0.907 0.903 0.89 0.894 0.903 0.899 0.892 0.886 0.848 0.806 0.801 0.817 0.756 0.684 0.628 0.618 0.584 0.597 0.655 0.652 0.647 0.662 0.684 0.7 0.708 0.716 0.752 0.741 0.698 0.642 0.533 0.504 0.544 0.575 0.578 0.523 0.456 0.446 0.437 0.479 0.488 0.513 0.615 0.573 0.591 0.617 0.647 0.644 0.614 0.522 0.403 0.364 0.36 0.258 0.142 0.196 0.161 0.104 -0.033
0.797 0.841 0.877 0.913 0.941 0.94 0.94 0.94 0.94 0.937 0.931 0.927 0.927 0.92 0.913 0.909 0.907 0.905 0.907 0.907 0.9 0.906 0.907 0.907 0.895 0.882 0.837 0.808 0.783 0.813 0.787 0.72 0.707 0.678 0.654 0.663 0.682 0.656 0.658 0.675 0.696 0.703 0.707 0.721 0.787 0.763 0.734 0.654 0.617 0.501 0.465 0.438 0.55 0.468 0.407 0.367 0.422 0.409 0.481 0.548 0.556 0.483 0.544 0.566 0.564 0.589 0.652 0.599 0.477 0.437 0.382 0.307 0.19 0.261 0.184 0.05 -0.005
0.906 0.941 0.948 0.955 0.954 0.946 0.94 0.94 0.94 0.94 0.935 0.927 0.927 0.919 0.914 0.912 0.91 0.899 0.907 0.907 0.907 0.907 0.907 0.903 0.891 0.874 0.833 0.813 0.787 0.827 0.797 0.785 0.776 0.741 0.713 0.711 0.724 0.723 0.715 0.726 0.729 0.729 0.738 0.754 0.782 0.767 0.749 0.719 0.688 0.564 0.472 0.433 0.582 0.475 0.43 0.37 0.348 0.414 0.539 0.491 0.477 0.425 0.51 0.491 0.495 0.477 0.609 0.636 0.515 0.441 0.346 0.316 0.264 0.292 0.17 0.052 0.064
0.948 0.96 0.96 0.959 0.958 0.95 0.945 0.945 0.941 0.941 0.937 0.931 0.921 0.915 0.91 0.885 0.827 0.787 0.838 0.905 0.907 0.907 0.905 0.896 0.876 0.863 0.84 0.825 0.813 0.829 0.784 0.787 0.784 0.779 0.762 0.77 0.786 0.789 0.774 0.781 0.76 0.744 0.737 0.741 0.761 0.747 0.735 0.741 0.725 0.689 0.591 0.54 0.617 0.508 0.472 0.39 0.338 0.453 0.47 0.389 0.398 0.43 0.498 0.431 0.432 0.379 0.562 0.642 0.529 0.403 0.415 0.333 0.351 0.256 0.226 0.17 0.174
0.959 0.96 0.96 0.96 0.96 0.955 0.947 0.947 0.946 0.941 0.937 0.928 0.912 0.896 0.871 0.836 0.763 0.814 0.877 0.912 0.903 0.907 0.896 0.867 0.827 0.833 0.835 0.818 0.828 0.804 0.742 0.693 0.678 0.7 0.692 0.718 0.74 0.736 0.733 0.767 0.744 0.734 0.733 0.73 0.758 0.733 0.722 0.736 0.695 0.683 0.676 0.669 0.668 0.585 0.483 0.404 0.335 0.482 0.42 0.325 0.363 0.421 0.438 0.371 0.368 0.374 0.544 0.636 0.512 0.437 0.431 0.379 0.369 0.312 0.3 0.275 0.246
0.96 0.966 0.961 0.96 0.96 0.956 0.952 0.947 0.947 0.936 0.91 0.898 0.87 0.841 0.848 0.853 0.87 0.908 0.917 0.919 0.913 0.901 0.873 0.824 0.802 0.806 0.823 0.802 0.832 0.779 0.697 0.637 0.609 0.673 0.682 0.721 0.728 0.724 0.736 0.742 0.738 0.738 0.744 0.753 0.764 0.744 0.724 0.736 0.643 0.596 0.582 0.672 0.71 0.615 0.485 0.419 0.421 0.524 0.375 0.303 0.313 0.281 0.301 0.28 0.332 0.417 0.52 0.627 0.596 0.55 0.487 0.431 0.447 0.416 0.292 0.33 0.26
