data/climatemaps/RS_maps/climate_winter_pr_2016.asc
NCOLS 369 
NROWS 228 
XLLCORNER 479000 
YLLCORNER 73000 
CELLSIZE 1000 
NODATA_value -9 
[rows 132 to 164 of 228, columns 0 to 73 of 369]
-9 -9 -9 -9 -9 -9 -9 -9 -9 -9 -1.021 -1.012 -0.995 -0.976 -0.958 -0.943 -0.936 -0.931 -0.929 -0.932 -0.938 -0.946 -0.957 -0.969 -0.981 -0.996 -1.01 -1.023 -1.035 -1.048 -1.066 -1.092 -1.123 -1.153 -1.181 -1.198 -1.203 -1.214 -1.227 -1.247 -1.268 -1.291 -1.314 -1.338 -1.36 -1.381 -1.4 -1.416 -1.429 -1.441 -1.454 -1.465 -1.474 -1.473 -1.458 -1.433 -1.398 -1.358 -1.321 -1.287 -1.265 -1.253 -1.246 -1.244 -1.241 -1.226 -1.208 -1.185 -1.165 -1.16 -1.184 -1.228 -1.252 -1.257
-9 -9 -9 -9 -9 -9 -9 -9 -9 -9 -1.013 -1.012 -1 -0.986 -0.972 -0.959 -0.949 -0.94 -0.936 -0.934 -0.935 -0.939 -0.947 -0.956 -0.965 -0.978 -0.992 -1.007 -1.024 -1.044 -1.07 -1.101 -1.134 -1.165 -1.183 -1.188 -1.19 -1.201 -1.218 -1.242 -1.267 -1.292 -1.317 -1.341 -1.363 -1.384 -1.401 -1.416 -1.427 -1.438 -1.45 -1.459 -1.467 -1.463 -1.442 -1.416 -1.381 -1.342 -1.307 -1.277 -1.257 -1.243 -1.232 -1.227 -1.219 -1.201 -1.184 -1.166 -1.158 -1.165 -1.194 -1.232 -1.245 -1.246
-9 -9 -9 -9 -9 -9 -9 -9 -9 -0.991 -1.001 -1.001 -0.996 -0.988 -0.977 -0.966 -0.956 -0.946 -0.938 -0.932 -0.931 -0.933 -0.938 -0.944 -0.953 -0.964 -0.98 -0.998 -1.021 -1.049 -1.082 -1.116 -1.151 -1.17 -1.171 -1.167 -1.166 -1.178 -1.201 -1.233 -1.266 -1.296 -1.322 -1.346 -1.368 -1.387 -1.402 -1.413 -1.422 -1.432 -1.443 -1.453 -1.46 -1.45 -1.426 -1.397 -1.361 -1.326 -1.294 -1.268 -1.249 -1.231 -1.217 -1.207 -1.193 -1.175 -1.156 -1.143 -1.147 -1.162 -1.193 -1.228 -1.247 -1.249
-9 -9 -9 -9 -9 -9 -9 -9 -0.963 -0.982 -0.989 -0.986 -0.982 -0.978 -0.97 -0.962 -0.954 -0.945 -0.937 -0.931 -0.929 -0.929 -0.933 -0.937 -0.944 -0.956 -0.973 -0.997 -1.026 -1.06 -1.098 -1.136 -1.158 -1.158 -1.15 -1.138 -1.133 -1.148 -1.18 -1.223 -1.265 -1.3 -1.328 -1.352 -1.372 -1.387 -1.399 -1.409 -1.414 -1.422 -1.433 -1.445 -1.45 -1.434 -1.41 -1.377 -1.341 -1.308 -1.28 -1.256 -1.235 -1.214 -1.198 -1.183 -1.166 -1.143 -1.124 -1.117 -1.127 -1.15 -1.179 -1.213 -1.243 -1.254
-9 -9 -9 -9 -9 -9 -9 -9 -0.958 -0.973 -0.976 -0.97 -0.962 -0.956 -0.951 -0.947 -0.944 -0.939 -0.935 -0.932 -0.93 -0.93 -0.932 -0.935 -0.941 -0.954 -0.975 -1.004 -1.038 -1.077 -1.117 -1.143 -1.148 -1.139 -1.119 -1.098 -1.092 -1.114 -1.158 -1.212 -1.264 -1.303 -1.333 -1.355 -1.371 -1.383 -1.394 -1.402 -1.403 -1.411 -1.424 -1.436 -1.437 -1.421 -1.393 -1.356 -1.321 -1.29 -1.264 -1.24 -1.216 -1.194 -1.177 -1.157 -1.136 -1.11 -1.092 -1.086 -1.103 -1.123 -1.152 -1.186 -1.23 -1.25
-9 -9 -9 -9 -9 -9 -9 -9 -0.951 -0.963 -0.963 -0.952 -0.941 -0.932 -0.929 -0.928 -0.929 -0.93 -0.932 -0.932 -0.933 -0.933 -0.933 -0.936 -0.943 -0.959 -0.984 -1.016 -1.055 -1.096 -1.124 -1.133 -1.129 -1.109 -1.078 -1.054 -1.05 -1.081 -1.136 -1.203 -1.263 -1.307 -1.335 -1.353 -1.365 -1.375 -1.384 -1.389 -1.391 -1.4 -1.416 -1.425 -1.424 -1.408 -1.374 -1.334 -1.299 -1.272 -1.247 -1.221 -1.196 -1.172 -1.151 -1.126 -1.104 -1.077 -1.058 -1.055 -1.073 -1.093 -1.125 -1.159 -1.213 -1.24
-9 -9 -9 -9 -9 -9 -9 -9 -0.945 -0.954 -0.949 -0.936 -0.922 -0.912 -0.909 -0.911 -0.916 -0.923 -0.929 -0.933 -0.935 -0.936 -0.936 -0.94 -0.95 -0.97 -0.998 -1.035 -1.074 -1.102 -1.114 -1.114 -1.098 -1.068 -1.034 -1.01 -1.012 -1.054 -1.121 -1.197 -1.264 -1.307 -1.332 -1.347 -1.355 -1.363 -1.371 -1.373 -1.378 -1.388 -1.404 -1.412 -1.41 -1.391 -1.353 -1.313 -1.28 -1.253 -1.227 -1.201 -1.175 -1.149 -1.121 -1.095 -1.071 -1.046 -1.026 -1.03 -1.046 -1.066 -1.099 -1.132 -1.187 -1.227
-9 -9 -9 -9 -9 -9 -9 -0.919 -0.937 -0.942 -0.936 -0.921 -0.907 -0.896 -0.894 -0.899 -0.907 -0.917 -0.927 -0.933 -0.937 -0.938 -0.939 -0.945 -0.959 -0.984 -1.017 -1.056 -1.082 -1.094 -1.093 -1.081 -1.056 -1.023 -0.991 -0.973 -0.984 -1.037 -1.113 -1.194 -1.262 -1.303 -1.324 -1.335 -1.341 -1.347 -1.354 -1.358 -1.365 -1.375 -1.39 -1.4 -1.395 -1.374 -1.335 -1.296 -1.263 -1.235 -1.207 -1.181 -1.154 -1.125 -1.092 -1.066 -1.038 -1.015 -1.002 -1.004 -1.021 -1.039 -1.072 -1.106 -1.163 -1.209
-9 -9 -9 -9 -9 -9 -9 -0.913 -0.926 -0.928 -0.922 -0.909 -0.896 -0.888 -0.888 -0.893 -0.903 -0.914 -0.925 -0.932 -0.937 -0.939 -0.941 -0.95 -0.969 -0.999 -1.036 -1.064 -1.079 -1.08 -1.065 -1.041 -1.011 -0.979 -0.955 -0.948 -0.969 -1.03 -1.112 -1.196 -1.26 -1.295 -1.311 -1.319 -1.323 -1.326 -1.334 -1.342 -1.351 -1.362 -1.376 -1.386 -1.381 -1.357 -1.319 -1.282 -1.249 -1.218 -1.19 -1.162 -1.133 -1.099 -1.067 -1.036 -1.005 -0.982 -0.971 -0.976 -0.993 -1.012 -1.042 -1.08 -1.139 -1.186
-9 -9 -9 -9 -9 -9 -9 -0.904 -0.912 -0.911 -0.907 -0.898 -0.891 -0.887 -0.888 -0.895 -0.904 -0.914 -0.923 -0.93 -0.935 -0.938 -0.942 -0.955 -0.976 -1.01 -1.04 -1.06 -1.068 -1.058 -1.033 -1.002 -0.971 -0.946 -0.932 -0.938 -0.97 -1.039 -1.122 -1.201 -1.256 -1.283 -1.293 -1.297 -1.299 -1.302 -1.311 -1.322 -1.334 -1.347 -1.361 -1.37 -1.365 -1.342 -1.305 -1.27 -1.238 -1.207 -1.175 -1.146 -1.11 -1.073 -1.039 -1.006 -0.977 -0.953 -0.944 -0.948 -0.957 -0.982 -1.006 -1.052 -1.114 -1.16
-9 -9 -9 -9 -9 -9 -9 -0.892 -0.895 -0.895 -0.893 -0.893 -0.891 -0.893 -0.897 -0.903 -0.909 -0.915 -0.922 -0.928 -0.931 -0.935 -0.942 -0.956 -0.98 -1.006 -1.032 -1.048 -1.048 -1.032 -1.003 -0.972 -0.945 -0.928 -0.926 -0.946 -0.99 -1.063 -1.142 -1.209 -1.251 -1.268 -1.271 -1.269 -1.27 -1.275 -1.285 -1.299 -1.315 -1.329 -1.343 -1.351 -1.348 -1.328 -1.296 -1.262 -1.231 -1.199 -1.164 -1.13 -1.088 -1.047 -1.013 -0.984 -0.956 -0.932 -0.922 -0.923 -0.924 -0.946 -0.975 -1.023 -1.089 -1.137
-9 -9 -9 -9 -9 -9 -9 -0.877 -0.878 -0.879 -0.883 -0.89 -0.897 -0.904 -0.91 -0.913 -0.916 -0.919 -0.922 -0.925 -0.927 -0.932 -0.939 -0.954 -0.973 -0.995 -1.015 -1.026 -1.021 -1.004 -0.978 -0.953 -0.935 -0.93 -0.94 -0.973 -1.026 -1.097 -1.166 -1.216 -1.244 -1.249 -1.243 -1.235 -1.236 -1.244 -1.257 -1.274 -1.291 -1.306 -1.321 -1.33 -1.329 -1.315 -1.291 -1.259 -1.226 -1.193 -1.155 -1.116 -1.073 -1.033 -0.995 -0.965 -0.939 -0.919 -0.905 -0.898 -0.9 -0.914 -0.947 -0.999 -1.065 -1.114
-9 -9 -9 -9 -9 -9 -9 -0.861 -0.861 -0.866 -0.877 -0.892 -0.906 -0.917 -0.922 -0.923 -0.923 -0.922 -0.921 -0.922 -0.924 -0.928 -0.935 -0.943 -0.957 -0.974 -0.989 -0.997 -0.993 -0.98 -0.962 -0.948 -0.943 -0.95 -0.973 -1.017 -1.073 -1.135 -1.186 -1.218 -1.231 -1.225 -1.211 -1.2 -1.2 -1.212 -1.228 -1.247 -1.263 -1.28 -1.294 -1.306 -1.311 -1.303 -1.288 -1.26 -1.227 -1.191 -1.153 -1.109 -1.064 -1.025 -0.985 -0.956 -0.932 -0.91 -0.891 -0.882 -0.886 -0.896 -0.923 -0.978 -1.039 -1.087
-9 -9 -9 -9 -9 -9 -9 -0.849 -0.85 -0.858 -0.876 -0.901 -0.92 -0.931 -0.936 -0.935 -0.931 -0.925 -0.922 -0.921 -0.923 -0.923 -0.924 -0.928 -0.936 -0.948 -0.96 -0.967 -0.967 -0.962 -0.957 -0.957 -0.965 -0.985 -1.018 -1.066 -1.119 -1.166 -1.199 -1.215 -1.214 -1.197 -1.178 -1.165 -1.166 -1.182 -1.199 -1.217 -1.234 -1.253 -1.267 -1.282 -1.294 -1.294 -1.285 -1.263 -1.232 -1.194 -1.154 -1.109 -1.064 -1.023 -0.986 -0.958 -0.935 -0.91 -0.891 -0.881 -0.883 -0.892 -0.915 -0.96 -1.008 -1.06
-9 -9 -9 -9 -9 -9 -9 -0.842 -0.845 -0.857 -0.882 -0.912 -0.934 -0.944 -0.949 -0.946 -0.938 -0.929 -0.924 -0.922 -0.921 -0.918 -0.915 -0.912 -0.915 -0.922 -0.933 -0.942 -0.948 -0.953 -0.961 -0.974 -0.995 -1.025 -1.062 -1.11 -1.154 -1.187 -1.204 -1.206 -1.193 -1.169 -1.147 -1.134 -1.139 -1.156 -1.174 -1.193 -1.212 -1.23 -1.246 -1.262 -1.28 -1.287 -1.284 -1.269 -1.241 -1.202 -1.159 -1.113 -1.072 -1.031 -0.997 -0.969 -0.944 -0.921 -0.902 -0.891 -0.894 -0.901 -0.916 -0.944 -0.98 -1.033
-9 -9 -9 -9 -9 -9 -0.843 -0.843 -0.848 -0.864 -0.887 -0.915 -0.941 -0.954 -0.961 -0.957 -0.947 -0.936 -0.929 -0.924 -0.92 -0.913 -0.904 -0.897 -0.896 -0.904 -0.915 -0.928 -0.939 -0.954 -0.974 -0.998 -1.025 -1.057 -1.094 -1.134 -1.169 -1.191 -1.197 -1.189 -1.171 -1.145 -1.123 -1.114 -1.121 -1.139 -1.16 -1.181 -1.2 -1.218 -1.235 -1.254 -1.272 -1.283 -1.285 -1.275 -1.251 -1.215 -1.171 -1.126 -1.086 -1.048 -1.016 -0.985 -0.96 -0.938 -0.92 -0.909 -0.907 -0.91 -0.919 -0.936 -0.963 -0.995
-9 -9 -9 -9 -9 -0.845 -0.846 -0.849 -0.859 -0.87 -0.887 -0.913 -0.946 -0.964 -0.974 -0.971 -0.959 -0.946 -0.936 -0.928 -0.92 -0.908 -0.895 -0.886 -0.886 -0.896 -0.91 -0.926 -0.944 -0.967 -0.994 -1.022 -1.05 -1.079 -1.108 -1.138 -1.163 -1.177 -1.178 -1.166 -1.148 -1.127 -1.11 -1.106 -1.114 -1.13 -1.156 -1.18 -1.2 -1.219 -1.236 -1.254 -1.272 -1.283 -1.288 -1.283 -1.262 -1.229 -1.188 -1.145 -1.106 -1.073 -1.043 -1.011 -0.987 -0.963 -0.942 -0.924 -0.916 -0.92 -0.929 -0.938 -0.944 -0.942
-9 -9 -9 -9 -9 -0.853 -0.855 -0.861 -0.865 -0.87 -0.889 -0.915 -0.952 -0.975 -0.989 -0.988 -0.976 -0.961 -0.947 -0.933 -0.919 -0.903 -0.888 -0.881 -0.886 -0.9 -0.92 -0.941 -0.964 -0.992 -1.021 -1.046 -1.067 -1.087 -1.106 -1.124 -1.139 -1.149 -1.151 -1.143 -1.128 -1.114 -1.105 -1.106 -1.116 -1.135 -1.161 -1.186 -1.208 -1.226 -1.243 -1.26 -1.275 -1.287 -1.292 -1.287 -1.269 -1.24 -1.204 -1.165 -1.133 -1.105 -1.079 -1.054 -1.025 -0.992 -0.965 -0.939 -0.929 -0.938 -0.947 -0.943 -0.922 -0.911
-9 -9 -9 -9 -9 -0.871 -0.872 -0.868 -0.864 -0.871 -0.888 -0.915 -0.957 -0.986 -1.005 -1.008 -0.997 -0.979 -0.959 -0.939 -0.919 -0.9 -0.886 -0.884 -0.896 -0.917 -0.943 -0.97 -0.998 -1.026 -1.05 -1.066 -1.074 -1.08 -1.087 -1.097 -1.107 -1.115 -1.12 -1.12 -1.113 -1.106 -1.105 -1.112 -1.125 -1.147 -1.173 -1.198 -1.22 -1.237 -1.252 -1.267 -1.28 -1.289 -1.292 -1.285 -1.268 -1.243 -1.213 -1.183 -1.157 -1.135 -1.116 -1.098 -1.066 -1.023 -0.997 -0.972 -0.954 -0.967 -0.97 -0.954 -0.913 -0.897
-9 -9 -9 -9 -9 -0.883 -0.875 -0.867 -0.865 -0.869 -0.884 -0.911 -0.959 -0.993 -1.015 -1.022 -1.014 -0.995 -0.971 -0.944 -0.918 -0.898 -0.889 -0.895 -0.916 -0.945 -0.977 -1.009 -1.039 -1.065 -1.081 -1.082 -1.075 -1.067 -1.065 -1.071 -1.079 -1.088 -1.096 -1.103 -1.108 -1.11 -1.113 -1.123 -1.14 -1.163 -1.189 -1.213 -1.232 -1.247 -1.26 -1.271 -1.281 -1.286 -1.286 -1.277 -1.26 -1.237 -1.212 -1.188 -1.168 -1.152 -1.139 -1.127 -1.109 -1.08 -1.06 -1.039 -1.009 -1.002 -0.991 -0.968 -0.931 -0.906
-9 -9 -9 -9 -0.889 -0.881 -0.874 -0.867 -0.862 -0.864 -0.877 -0.903 -0.95 -0.986 -1.014 -1.027 -1.022 -1.003 -0.977 -0.946 -0.917 -0.9 -0.897 -0.913 -0.944 -0.98 -1.017 -1.053 -1.082 -1.104 -1.109 -1.098 -1.078 -1.062 -1.056 -1.06 -1.07 -1.082 -1.095 -1.107 -1.115 -1.123 -1.13 -1.142 -1.16 -1.182 -1.206 -1.227 -1.244 -1.255 -1.264 -1.271 -1.276 -1.278 -1.275 -1.264 -1.247 -1.226 -1.206 -1.187 -1.173 -1.162 -1.154 -1.146 -1.136 -1.123 -1.112 -1.098 -1.071 -1.046 -1.027 -1.001 -0.972 -0.949
-9 -9 -9 -9 -0.887 -0.88 -0.872 -0.864 -0.859 -0.86 -0.87 -0.892 -0.929 -0.968 -1.001 -1.018 -1.018 -1.001 -0.974 -0.942 -0.916 -0.904 -0.911 -0.937 -0.977 -1.019 -1.06 -1.096 -1.123 -1.139 -1.135 -1.114 -1.089 -1.071 -1.067 -1.075 -1.089 -1.103 -1.117 -1.128 -1.136 -1.145 -1.154 -1.166 -1.182 -1.202 -1.222 -1.239 -1.251 -1.258 -1.263 -1.265 -1.266 -1.264 -1.257 -1.245 -1.228 -1.21 -1.193 -1.181 -1.171 -1.165 -1.161 -1.156 -1.151 -1.145 -1.139 -1.131 -1.121 -1.099 -1.084 -1.059 -1.033 -1.023
-9 -9 -9 -9 -0.885 -0.876 -0.868 -0.86 -0.857 -0.856 -0.864 -0.88 -0.911 -0.946 -0.977 -0.997 -1 -0.985 -0.96 -0.932 -0.912 -0.908 -0.927 -0.964 -1.013 -1.06 -1.102 -1.136 -1.16 -1.168 -1.158 -1.134 -1.109 -1.097 -1.096 -1.108 -1.124 -1.137 -1.148 -1.156 -1.163 -1.17 -1.179 -1.191 -1.204 -1.22 -1.235 -1.247 -1.253 -1.255 -1.254 -1.252 -1.248 -1.243 -1.234 -1.221 -1.206 -1.191 -1.179 -1.17 -1.166 -1.163 -1.161 -1.16 -1.157 -1.155 -1.152 -1.149 -1.144 -1.138 -1.131 -1.121 -1.109 -1.103
-9 -9 -9 -9 -0.88 -0.87 -0.862 -0.857 -0.855 -0.855 -0.859 -0.871 -0.892 -0.919 -0.945 -0.963 -0.967 -0.955 -0.935 -0.914 -0.903 -0.912 -0.944 -0.993 -1.05 -1.101 -1.141 -1.173 -1.192 -1.194 -1.182 -1.161 -1.142 -1.132 -1.132 -1.143 -1.157 -1.168 -1.176 -1.182 -1.188 -1.193 -1.202 -1.211 -1.222 -1.233 -1.243 -1.249 -1.251 -1.247 -1.241 -1.234 -1.227 -1.218 -1.208 -1.196 -1.184 -1.173 -1.164 -1.16 -1.158 -1.159 -1.159 -1.16 -1.159 -1.159 -1.159 -1.159 -1.158 -1.157 -1.155 -1.151 -1.147 -1.145
-9 -9 -9 -9 -0.876 -0.864 -0.858 -0.856 -0.855 -0.856 -0.858 -0.864 -0.876 -0.893 -0.912 -0.925 -0.927 -0.918 -0.903 -0.892 -0.894 -0.918 -0.964 -1.024 -1.087 -1.138 -1.178 -1.204 -1.219 -1.219 -1.21 -1.195 -1.179 -1.17 -1.169 -1.177 -1.186 -1.193 -1.197 -1.201 -1.206 -1.211 -1.219 -1.226 -1.234 -1.242 -1.247 -1.247 -1.243 -1.235 -1.225 -1.214 -1.203 -1.193 -1.182 -1.172 -1.163 -1.156 -1.152 -1.15 -1.151 -1.153 -1.155 -1.157 -1.158 -1.158 -1.16 -1.161 -1.163 -1.163 -1.163 -1.162 -1.16 -1.16
-9 -9 -9 -0.894 -0.876 -0.862 -0.857 -0.856 -0.858 -0.859 -0.859 -0.861 -0.866 -0.874 -0.885 -0.891 -0.89 -0.883 -0.874 -0.872 -0.889 -0.929 -0.99 -1.06 -1.125 -1.176 -1.21 -1.231 -1.24 -1.241 -1.235 -1.224 -1.212 -1.203 -1.202 -1.205 -1.209 -1.211 -1.213 -1.214 -1.218 -1.224 -1.23 -1.236 -1.24 -1.244 -1.244 -1.24 -1.232 -1.22 -1.206 -1.193 -1.18 -1.168 -1.158 -1.15 -1.145 -1.141 -1.14 -1.141 -1.143 -1.146 -1.149 -1.151 -1.152 -1.153 -1.154 -1.156 -1.158 -1.16 -1.161 -1.161 -1.161 -1.162
-9 -9 -9 -0.906 -0.883 -0.866 -0.86 -0.86 -0.863 -0.865 -0.864 -0.863 -0.863 -0.866 -0.869 -0.868 -0.865 -0.857 -0.852 -0.861 -0.893 -0.949 -1.024 -1.098 -1.162 -1.207 -1.234 -1.25 -1.256 -1.257 -1.253 -1.244 -1.234 -1.228 -1.225 -1.223 -1.222 -1.221 -1.221 -1.222 -1.225 -1.23 -1.235 -1.239 -1.241 -1.241 -1.237 -1.23 -1.218 -1.204 -1.189 -1.173 -1.158 -1.145 -1.135 -1.129 -1.127 -1.127 -1.128 -1.131 -1.134 -1.137 -1.14 -1.141 -1.142 -1.142 -1.143 -1.144 -1.146 -1.148 -1.15 -1.151 -1.152 -1.155
-9 -9 -9 -0.928 -0.898 -0.876 -0.867 -0.867 -0.871 -0.873 -0.873 -0.871 -0.869 -0.866 -0.863 -0.858 -0.85 -0.842 -0.842 -0.862 -0.908 -0.979 -1.062 -1.139 -1.194 -1.231 -1.252 -1.262 -1.267 -1.267 -1.263 -1.256 -1.249 -1.242 -1.236 -1.231 -1.228 -1.226 -1.225 -1.225 -1.228 -1.232 -1.235 -1.236 -1.235 -1.231 -1.225 -1.215 -1.202 -1.187 -1.171 -1.154 -1.139 -1.125 -1.115 -1.109 -1.108 -1.11 -1.112 -1.116 -1.119 -1.123 -1.125 -1.126 -1.125 -1.123 -1.122 -1.122 -1.124 -1.127 -1.13 -1.133 -1.136 -1.14
-9 -9 -9 -0.96 -0.922 -0.892 -0.879 -0.876 -0.88 -0.883 -0.884 -0.883 -0.88 -0.875 -0.868 -0.859 -0.847 -0.839 -0.844 -0.875 -0.935 -1.017 -1.104 -1.175 -1.221 -1.248 -1.262 -1.269 -1.271 -1.271 -1.269 -1.264 -1.257 -1.248 -1.24 -1.233 -1.229 -1.227 -1.227 -1.228 -1.23 -1.231 -1.231 -1.228 -1.223 -1.217 -1.208 -1.197 -1.184 -1.169 -1.153 -1.136 -1.119 -1.103 -1.092 -1.085 -1.084 -1.085 -1.089 -1.093 -1.096 -1.099 -1.1 -1.098 -1.093 -1.088 -1.085 -1.084 -1.087 -1.092 -1.098 -1.105 -1.11 -1.117
-9 -9 -9 -9 -0.953 -0.915 -0.895 -0.888 -0.891 -0.895 -0.897 -0.896 -0.894 -0.89 -0.883 -0.87 -0.855 -0.848 -0.86 -0.901 -0.973 -1.06 -1.142 -1.204 -1.24 -1.26 -1.267 -1.27 -1.271 -1.273 -1.272 -1.267 -1.259 -1.249 -1.238 -1.23 -1.227 -1.227 -1.229 -1.231 -1.232 -1.229 -1.224 -1.217 -1.209 -1.199 -1.189 -1.177 -1.164 -1.149 -1.132 -1.114 -1.095 -1.075 -1.06 -1.05 -1.046 -1.046 -1.049 -1.051 -1.054 -1.054 -1.049 -1.031 -1.005 -1 -0.997 -1.005 -1.021 -1.036 -1.051 -1.063 -1.073 -1.083
-9 -9 -9 -9 -0.985 -0.938 -0.912 -0.902 -0.903 -0.907 -0.91 -0.91 -0.911 -0.909 -0.904 -0.891 -0.876 -0.871 -0.889 -0.938 -1.017 -1.102 -1.174 -1.225 -1.253 -1.265 -1.268 -1.269 -1.27 -1.272 -1.273 -1.268 -1.258 -1.245 -1.233 -1.224 -1.223 -1.226 -1.231 -1.234 -1.232 -1.226 -1.216 -1.205 -1.192 -1.18 -1.169 -1.155 -1.14 -1.125 -1.108 -1.086 -1.06 -1.034 -1.011 -0.995 -0.987 -0.986 -0.987 -0.987 -0.986 -0.98 -0.965 -0.932 -0.891 -0.874 -0.86 -0.87 -0.905 -0.944 -0.975 -1 -1.018 -1.033
-9 -9 -9 -9 -1.011 -0.961 -0.93 -0.916 -0.916 -0.919 -0.92 -0.922 -0.927 -0.93 -0.93 -0.921 -0.909 -0.908 -0.932 -0.986 -1.062 -1.137 -1.2 -1.241 -1.26 -1.267 -1.267 -1.267 -1.269 -1.272 -1.273 -1.267 -1.255 -1.24 -1.225 -1.216 -1.216 -1.222 -1.229 -1.233 -1.229 -1.22 -1.206 -1.19 -1.174 -1.159 -1.145 -1.129 -1.114 -1.098 -1.074 -1.043 -1.01 -0.977 -0.949 -0.926 -0.914 -0.911 -0.909 -0.901 -0.891 -0.879 -0.86 -0.835 -0.798 -0.755 -0.721 -0.725 -0.739 -0.801 -0.835 -0.896 -0.929 -0.957
-9 -9 -9 -9 -1.029 -0.98 -0.946 -0.93 -0.927 -0.928 -0.928 -0.932 -0.942 -0.953 -0.962 -0.961 -0.956 -0.959 -0.986 -1.037 -1.103 -1.167 -1.219 -1.25 -1.262 -1.265 -1.264 -1.265 -1.268 -1.271 -1.271 -1.265 -1.251 -1.233 -1.216 -1.206 -1.206 -1.214 -1.224 -1.227 -1.222 -1.21 -1.193 -1.174 -1.155 -1.136 -1.119 -1.1 -1.084 -1.064 -1.031 -0.994 -0.956 -0.918 -0.887 -0.862 -0.847 -0.84 -0.836 -0.831 -0.822 -0.798 -0.764 -0.747 -0.694 -0.632 -0.591 -0.576 -0.588 -0.632 -0.667 -0.742 -0.775 -0.797
