data/climatemaps/RS_maps/climate_winter_pr_2002.asc
NCOLS 369 
NROWS 228 
XLLCORNER 479000 
YLLCORNER 73000 
CELLSIZE 1000 
NODATA_value -9 
[rows 170 to 203 of 228, columns 75 to 149 of 369]
1.025 0.798 0.449 0.048 -0.212 -0.373 -0.481 -0.552 -0.58 -0.551 -0.424 -0.332 -0.312 -0.258 -0.153 -0.035 0.121 0.22 0.27 0.349 0.41 0.446 0.404 0.31 0.225 0.18 0.344 0.551 0.722 0.795 0.786 0.805 0.796 0.759 0.712 0.686 0.716 0.695 0.624 0.642 0.691 0.755 0.762 0.68 0.532 0.298 0.009 0.092 0.16 0.117 0.024 -0.085 -0.233 -0.351 -0.441 -0.464 -0.462 -0.439 -0.432 -0.503 -0.571 -0.541 -0.521 -0.535 -0.607 -0.595 -0.605 -0.647 -0.721 -0.869 -0.864 -0.821 -0.808 -0.825 -0.833
1.028 0.857 0.531 0.136 -0.171 -0.351 -0.472 -0.552 -0.597 -0.601 -0.543 -0.478 -0.418 -0.296 -0.115 0.014 0.097 0.168 0.239 0.309 0.356 0.401 0.435 0.392 0.41 0.32 0.442 0.655 0.779 0.806 0.79 0.764 0.736 0.709 0.627 0.509 0.559 0.534 0.452 0.528 0.481 0.545 0.542 0.452 0.288 0.059 -0.198 -0.05 -0.049 -0.1 -0.202 -0.331 -0.493 -0.623 -0.692 -0.747 -0.765 -0.73 -0.715 -0.733 -0.754 -0.753 -0.765 -0.774 -0.822 -0.851 -0.892 -0.925 -0.973 -1.047 -1.045 -1.062 -1.049 -1.055 -1.065
0.996 0.865 0.581 0.235 -0.085 -0.313 -0.453 -0.545 -0.599 -0.617 -0.592 -0.528 -0.446 -0.318 -0.163 -0.068 -0.029 0.061 0.123 0.193 0.274 0.352 0.431 0.479 0.568 0.576 0.65 0.78 0.715 0.698 0.67 0.639 0.623 0.644 0.553 0.37 0.33 0.276 0.304 0.423 0.27 0.298 0.3 0.178 -0.017 -0.225 -0.325 -0.227 -0.242 -0.303 -0.407 -0.522 -0.659 -0.791 -0.87 -0.924 -0.936 -0.908 -0.879 -0.858 -0.853 -0.872 -0.902 -0.929 -0.973 -1.022 -1.056 -1.079 -1.095 -1.107 -1.118 -1.137 -1.16 -1.179 -1.187
1.017 0.924 0.672 0.378 0.05 -0.265 -0.424 -0.528 -0.593 -0.624 -0.623 -0.592 -0.514 -0.374 -0.278 -0.234 -0.151 -0.049 0.014 0.127 0.259 0.347 0.396 0.44 0.528 0.603 0.682 0.704 0.572 0.434 0.395 0.37 0.442 0.542 0.508 0.368 0.181 0.04 0.21 0.29 0.101 0.054 0.034 -0.097 -0.275 -0.421 -0.407 -0.37 -0.395 -0.468 -0.578 -0.705 -0.813 -0.909 -0.979 -1.021 -1.02 -0.98 -0.922 -0.879 -0.861 -0.875 -0.924 -0.976 -1.018 -1.041 -1.073 -1.058 -1.056 -1.044 -1.03 -1.058 -1.116 -1.167 -1.199
0.985 0.974 0.783 0.551 0.191 -0.186 -0.384 -0.507 -0.582 -0.624 -0.641 -0.641 -0.582 -0.476 -0.42 -0.372 -0.271 -0.173 -0.089 0.038 0.168 0.255 0.294 0.354 0.437 0.519 0.591 0.582 0.446 0.253 0.173 0.215 0.335 0.414 0.386 0.273 0.068 -0.123 0.057 0.083 -0.099 -0.16 -0.217 -0.344 -0.488 -0.576 -0.534 -0.522 -0.562 -0.632 -0.728 -0.838 -0.918 -0.985 -1.033 -1.043 -1.005 -0.929 -0.832 -0.787 -0.783 -0.764 -0.825 -0.894 -0.928 -0.958 -1.013 -0.968 -0.931 -0.903 -0.89 -0.933 -1.016 -1.092 -1.135
0.911 0.982 0.842 0.69 0.321 -0.081 -0.334 -0.48 -0.57 -0.622 -0.652 -0.667 -0.645 -0.585 -0.545 -0.451 -0.349 -0.284 -0.205 -0.087 0.044 0.167 0.248 0.367 0.43 0.508 0.576 0.563 0.381 0.211 0.083 0.174 0.298 0.288 0.217 0.073 -0.108 -0.256 -0.103 -0.168 -0.325 -0.374 -0.439 -0.553 -0.669 -0.696 -0.66 -0.697 -0.751 -0.793 -0.867 -0.931 -0.974 -1.012 -1.024 -0.966 -0.88 -0.764 -0.685 -0.674 -0.633 -0.541 -0.612 -0.687 -0.712 -0.799 -0.92 -0.846 -0.779 -0.744 -0.756 -0.822 -0.915 -0.992 -1.058
0.846 0.916 0.846 0.768 0.467 0.071 -0.236 -0.432 -0.556 -0.62 -0.662 -0.687 -0.689 -0.663 -0.618 -0.532 -0.448 -0.376 -0.232 -0.071 0.068 0.194 0.273 0.347 0.455 0.584 0.658 0.598 0.474 0.311 0.038 0.078 0.19 0.145 0.029 -0.149 -0.306 -0.342 -0.285 -0.398 -0.53 -0.571 -0.631 -0.726 -0.805 -0.793 -0.802 -0.864 -0.904 -0.922 -0.952 -0.972 -0.968 -0.961 -0.979 -0.911 -0.823 -0.701 -0.584 -0.499 -0.422 -0.316 -0.348 -0.412 -0.458 -0.614 -0.797 -0.751 -0.66 -0.618 -0.636 -0.704 -0.789 -0.857 -0.952
0.858 0.901 0.873 0.852 0.599 0.242 -0.119 -0.392 -0.545 -0.618 -0.67 -0.706 -0.718 -0.708 -0.697 -0.616 -0.524 -0.433 -0.217 -0.067 0.065 0.182 0.221 0.374 0.544 0.67 0.653 0.577 0.633 0.426 0.002 0.01 0.095 -0.024 -0.187 -0.339 -0.484 -0.439 -0.496 -0.6 -0.7 -0.735 -0.785 -0.873 -0.916 -0.906 -0.953 -0.982 -0.986 -0.981 -0.974 -0.956 -0.889 -0.828 -0.921 -0.937 -0.847 -0.681 -0.482 -0.3 -0.246 -0.136 -0.153 -0.161 -0.242 -0.437 -0.678 -0.715 -0.59 -0.523 -0.54 -0.588 -0.67 -0.714 -0.823
0.899 0.927 0.876 0.821 0.605 0.271 -0.101 -0.374 -0.526 -0.608 -0.671 -0.721 -0.751 -0.757 -0.726 -0.585 -0.429 -0.336 -0.206 -0.084 0.027 0.153 0.278 0.463 0.62 0.672 0.659 0.676 0.673 0.415 0.031 -0.069 -0.053 -0.199 -0.374 -0.53 -0.625 -0.625 -0.684 -0.761 -0.827 -0.861 -0.914 -0.976 -1.008 -1.011 -1.018 -1.006 -0.976 -0.934 -0.892 -0.825 -0.745 -0.734 -0.833 -0.905 -0.857 -0.672 -0.495 -0.306 -0.174 -0.064 -0.039 -0.035 -0.136 -0.33 -0.586 -0.66 -0.578 -0.501 -0.481 -0.528 -0.558 -0.591 -0.707
0.932 0.905 0.798 0.708 0.541 0.21 -0.139 -0.359 -0.485 -0.573 -0.653 -0.722 -0.771 -0.789 -0.749 -0.548 -0.307 -0.16 -0.029 0.111 0.142 0.338 0.429 0.559 0.638 0.651 0.693 0.771 0.627 0.397 0.051 -0.225 -0.227 -0.386 -0.549 -0.697 -0.771 -0.782 -0.829 -0.879 -0.924 -0.968 -1.018 -1.047 -1.059 -1.047 -1.006 -0.949 -0.869 -0.794 -0.75 -0.628 -0.563 -0.587 -0.684 -0.804 -0.858 -0.717 -0.569 -0.373 -0.188 -0.045 0.016 0.001 -0.136 -0.281 -0.531 -0.619 -0.549 -0.503 -0.46 -0.495 -0.467 -0.483 -0.612
0.982 0.904 0.806 0.646 0.399 0.1 -0.141 -0.251 -0.343 -0.434 -0.557 -0.688 -0.76 -0.78 -0.732 -0.523 -0.254 -0.043 0.149 0.215 0.262 0.495 0.597 0.611 0.621 0.648 0.655 0.634 0.528 0.305 -0.005 -0.318 -0.439 -0.593 -0.714 -0.82 -0.878 -0.898 -0.929 -0.969 -0.997 -1.022 -1.046 -1.059 -1.022 -0.941 -0.88 -0.82 -0.688 -0.589 -0.579 -0.486 -0.383 -0.415 -0.512 -0.689 -0.814 -0.715 -0.569 -0.422 -0.286 -0.151 -0.034 -0.03 -0.085 -0.222 -0.488 -0.619 -0.567 -0.511 -0.475 -0.464 -0.44 -0.479 -0.628
1.088 1.021 0.853 0.627 0.294 0.022 -0.07 -0.07 -0.127 -0.243 -0.441 -0.617 -0.737 -0.766 -0.711 -0.469 -0.181 0.058 0.248 0.235 0.361 0.546 0.628 0.62 0.518 0.434 0.333 0.235 0.18 0.055 -0.204 -0.474 -0.61 -0.761 -0.845 -0.908 -0.946 -0.957 -0.99 -1.009 -1.014 -1.019 -1.027 -1.035 -0.934 -0.826 -0.754 -0.684 -0.512 -0.386 -0.41 -0.385 -0.216 -0.213 -0.377 -0.596 -0.783 -0.727 -0.622 -0.529 -0.417 -0.275 -0.145 -0.066 -0.106 -0.243 -0.52 -0.648 -0.607 -0.553 -0.478 -0.462 -0.454 -0.543 -0.695
1.191 1.053 0.81 0.521 0.208 0.074 0.111 0.135 0.102 -0.058 -0.316 -0.511 -0.692 -0.744 -0.635 -0.417 -0.149 0.112 0.283 0.311 0.556 0.68 0.616 0.639 0.491 0.235 0.046 -0.163 -0.258 -0.268 -0.4 -0.617 -0.765 -0.849 -0.902 -0.94 -0.968 -0.988 -0.99 -0.977 -0.953 -0.929 -0.919 -0.97 -0.92 -0.774 -0.647 -0.549 -0.404 -0.235 -0.239 -0.268 -0.115 -0.068 -0.23 -0.47 -0.715 -0.773 -0.719 -0.654 -0.526 -0.386 -0.262 -0.166 -0.177 -0.307 -0.568 -0.655 -0.647 -0.608 -0.494 -0.469 -0.497 -0.658 -0.845
1.246 1.051 0.792 0.458 0.218 0.196 0.274 0.332 0.309 0.113 -0.152 -0.411 -0.633 -0.697 -0.587 -0.406 -0.144 0.17 0.336 0.486 0.651 0.701 0.65 0.542 0.384 0.148 -0.131 -0.342 -0.501 -0.563 -0.629 -0.755 -0.839 -0.885 -0.915 -0.935 -0.943 -0.932 -0.895 -0.84 -0.782 -0.756 -0.804 -0.91 -0.901 -0.769 -0.638 -0.49 -0.34 -0.179 -0.128 -0.138 -0.015 0.002 -0.128 -0.33 -0.623 -0.793 -0.758 -0.671 -0.593 -0.463 -0.318 -0.225 -0.239 -0.388 -0.595 -0.633 -0.645 -0.606 -0.528 -0.527 -0.589 -0.736 -0.962
1.267 1.056 0.744 0.407 0.286 0.335 0.417 0.514 0.459 0.272 0.066 -0.232 -0.544 -0.673 -0.616 -0.425 -0.163 0.158 0.359 0.537 0.627 0.681 0.668 0.524 0.281 0.041 -0.228 -0.432 -0.634 -0.743 -0.801 -0.85 -0.876 -0.879 -0.868 -0.856 -0.851 -0.802 -0.717 -0.639 -0.576 -0.569 -0.671 -0.845 -0.878 -0.766 -0.663 -0.531 -0.375 -0.192 -0.081 -0.077 0.039 0.056 -0.043 -0.233 -0.551 -0.791 -0.775 -0.681 -0.619 -0.51 -0.363 -0.265 -0.275 -0.453 -0.595 -0.601 -0.626 -0.6 -0.554 -0.567 -0.65 -0.807 -1.057
1.202 1.005 0.676 0.398 0.418 0.52 0.527 0.669 0.6 0.493 0.358 0.021 -0.405 -0.624 -0.668 -0.51 -0.256 0.015 0.29 0.437 0.6 0.665 0.619 0.534 0.246 -0.079 -0.375 -0.579 -0.741 -0.821 -0.861 -0.878 -0.851 -0.785 -0.703 -0.675 -0.699 -0.656 -0.521 -0.416 -0.36 -0.385 -0.534 -0.767 -0.865 -0.8 -0.72 -0.612 -0.451 -0.257 -0.131 -0.063 0.064 0.082 -0.011 -0.187 -0.508 -0.776 -0.797 -0.72 -0.644 -0.573 -0.438 -0.341 -0.343 -0.499 -0.583 -0.587 -0.596 -0.595 -0.605 -0.623 -0.743 -0.948 -1.165
1.174 0.901 0.624 0.484 0.54 0.645 0.706 0.866 0.864 0.745 0.521 0.155 -0.263 -0.556 -0.679 -0.584 -0.331 -0.081 0.169 0.317 0.554 0.593 0.474 0.407 0.135 -0.22 -0.524 -0.707 -0.815 -0.855 -0.86 -0.812 -0.717 -0.596 -0.492 -0.471 -0.525 -0.509 -0.369 -0.244 -0.177 -0.247 -0.443 -0.709 -0.856 -0.828 -0.741 -0.636 -0.487 -0.317 -0.194 -0.093 0.044 0.041 -0.041 -0.206 -0.502 -0.746 -0.826 -0.783 -0.704 -0.631 -0.503 -0.401 -0.39 -0.52 -0.563 -0.576 -0.573 -0.584 -0.604 -0.647 -0.819 -1.065 -1.219
1.132 0.786 0.633 0.672 0.702 0.777 0.939 1.139 1.113 0.859 0.546 0.287 -0.08 -0.485 -0.668 -0.621 -0.368 -0.095 0.086 0.197 0.406 0.371 0.239 0.123 -0.137 -0.449 -0.653 -0.767 -0.83 -0.838 -0.775 -0.622 -0.481 -0.358 -0.266 -0.252 -0.345 -0.325 -0.195 -0.12 -0.041 -0.183 -0.427 -0.683 -0.816 -0.859 -0.788 -0.686 -0.548 -0.384 -0.253 -0.14 -0.019 -0.02 -0.09 -0.276 -0.486 -0.63 -0.819 -0.856 -0.767 -0.687 -0.573 -0.441 -0.423 -0.528 -0.517 -0.549 -0.549 -0.547 -0.586 -0.697 -0.925 -1.168 -1.217
0.988 0.774 0.746 0.836 0.849 0.95 1.104 1.187 1.168 0.986 0.706 0.491 0.099 -0.379 -0.64 -0.662 -0.452 -0.202 -0.022 0.046 0.11 0.035 -0.106 -0.249 -0.456 -0.637 -0.737 -0.787 -0.795 -0.725 -0.632 -0.449 -0.272 -0.116 -0.007 -0.025 -0.156 -0.1 0.009 0.049 0.049 -0.162 -0.437 -0.612 -0.716 -0.838 -0.852 -0.764 -0.624 -0.481 -0.342 -0.219 -0.108 -0.074 -0.133 -0.313 -0.4 -0.496 -0.721 -0.866 -0.815 -0.734 -0.642 -0.511 -0.47 -0.542 -0.518 -0.527 -0.516 -0.543 -0.624 -0.767 -1.004 -1.205 -1.188
0.984 0.915 0.821 0.938 1.028 1.066 1.106 1.086 1.087 1.11 0.895 0.694 0.274 -0.268 -0.616 -0.709 -0.545 -0.339 -0.163 -0.185 -0.256 -0.351 -0.471 -0.572 -0.667 -0.735 -0.771 -0.762 -0.682 -0.509 -0.451 -0.354 -0.158 0.064 0.227 0.185 0.004 0.09 0.181 0.211 0.121 -0.142 -0.425 -0.462 -0.548 -0.716 -0.856 -0.822 -0.701 -0.59 -0.476 -0.358 -0.235 -0.173 -0.162 -0.295 -0.311 -0.375 -0.579 -0.811 -0.855 -0.753 -0.665 -0.557 -0.528 -0.565 -0.527 -0.485 -0.45 -0.514 -0.634 -0.823 -1.058 -1.221 -1.162
1.222 1.092 0.94 1.006 1.018 1.048 1.049 1.024 1.034 1.023 0.874 0.645 0.313 -0.175 -0.573 -0.718 -0.629 -0.454 -0.385 -0.475 -0.562 -0.622 -0.676 -0.724 -0.756 -0.756 -0.726 -0.633 -0.46 -0.273 -0.216 -0.173 -0.038 0.152 0.34 0.33 0.158 0.2 0.28 0.307 0.178 -0.087 -0.344 -0.328 -0.369 -0.516 -0.709 -0.817 -0.768 -0.651 -0.553 -0.442 -0.325 -0.25 -0.195 -0.27 -0.31 -0.329 -0.492 -0.717 -0.856 -0.804 -0.722 -0.594 -0.537 -0.532 -0.493 -0.47 -0.441 -0.496 -0.622 -0.807 -1.067 -1.208 -1.119
1.407 1.247 1.068 0.99 1.014 1.168 1.129 1.013 1.02 1.032 0.928 0.555 0.283 -0.125 -0.538 -0.736 -0.747 -0.593 -0.604 -0.73 -0.775 -0.784 -0.792 -0.8 -0.764 -0.683 -0.578 -0.422 -0.191 -0.017 0.024 0.056 0.186 0.254 0.468 0.435 0.264 0.311 0.375 0.379 0.22 -0.024 -0.283 -0.231 -0.227 -0.329 -0.535 -0.739 -0.803 -0.671 -0.598 -0.53 -0.384 -0.329 -0.259 -0.297 -0.353 -0.289 -0.433 -0.631 -0.848 -0.85 -0.764 -0.644 -0.561 -0.488 -0.439 -0.441 -0.423 -0.473 -0.601 -0.816 -1.074 -1.224 -1.107
1.437 1.251 1.156 1.104 1.147 1.264 1.3 1.112 1.115 1.159 1.086 0.771 0.379 -0.112 -0.461 -0.703 -0.805 -0.768 -0.81 -0.865 -0.865 -0.856 -0.842 -0.796 -0.66 -0.531 -0.4 -0.165 0.052 0.198 0.225 0.225 0.384 0.435 0.566 0.493 0.328 0.397 0.484 0.434 0.257 0.013 -0.198 -0.177 -0.157 -0.226 -0.393 -0.551 -0.76 -0.75 -0.707 -0.616 -0.539 -0.435 -0.402 -0.388 -0.374 -0.24 -0.34 -0.554 -0.81 -0.851 -0.784 -0.714 -0.602 -0.476 -0.385 -0.393 -0.39 -0.375 -0.514 -0.763 -1.071 -1.217 -1.099
1.28 1.129 1.13 1.158 1.156 1.186 1.286 1.205 1.179 1.176 1.003 0.66 0.25 -0.154 -0.396 -0.612 -0.781 -0.844 -0.876 -0.894 -0.891 -0.867 -0.804 -0.665 -0.495 -0.366 -0.223 0.01 0.166 0.247 0.306 0.344 0.429 0.567 0.585 0.505 0.427 0.466 0.524 0.515 0.352 0.129 -0.13 -0.126 -0.087 -0.157 -0.288 -0.443 -0.644 -0.779 -0.805 -0.737 -0.674 -0.551 -0.458 -0.435 -0.389 -0.262 -0.256 -0.443 -0.727 -0.799 -0.771 -0.749 -0.643 -0.491 -0.376 -0.309 -0.334 -0.392 -0.558 -0.793 -1.083 -1.184 -1.095
1.018 0.886 1.022 1.146 1.097 1.121 1.276 1.157 1.135 1.087 0.909 0.548 0.148 -0.146 -0.252 -0.448 -0.713 -0.828 -0.865 -0.873 -0.858 -0.803 -0.683 -0.495 -0.375 -0.278 -0.18 0.027 0.076 0.128 0.21 0.359 0.432 0.595 0.542 0.492 0.5 0.491 0.578 0.6 0.451 0.263 -0.087 -0.093 -0.033 -0.087 -0.242 -0.356 -0.48 -0.718 -0.863 -0.841 -0.781 -0.659 -0.511 -0.469 -0.439 -0.304 -0.23 -0.351 -0.652 -0.749 -0.734 -0.725 -0.663 -0.529 -0.38 -0.287 -0.324 -0.437 -0.612 -0.843 -1.108 -1.162 -1.093
0.8 0.905 1.088 1.149 1.07 1.122 1.259 1.285 1.266 1.154 0.859 0.433 0.151 0.06 -0.069 -0.33 -0.607 -0.758 -0.79 -0.766 -0.701 -0.609 -0.495 -0.43 -0.42 -0.401 -0.305 -0.167 -0.136 -0.069 0.05 0.216 0.395 0.537 0.548 0.538 0.577 0.513 0.541 0.614 0.522 0.328 0.018 -0.097 -0.05 -0.089 -0.217 -0.214 -0.309 -0.562 -0.81 -0.895 -0.837 -0.725 -0.593 -0.501 -0.46 -0.38 -0.271 -0.361 -0.561 -0.724 -0.749 -0.758 -0.694 -0.575 -0.408 -0.272 -0.295 -0.399 -0.598 -0.877 -1.106 -1.139 -1.06
0.723 0.966 1.103 1.14 1.079 1.136 1.28 1.34 1.273 1.104 0.788 0.405 0.284 0.259 0.017 -0.304 -0.546 -0.642 -0.65 -0.596 -0.508 -0.457 -0.403 -0.442 -0.511 -0.531 -0.476 -0.39 -0.373 -0.268 -0.11 0.066 0.257 0.429 0.498 0.56 0.648 0.58 0.53 0.599 0.542 0.407 0.112 -0.073 -0.017 -0.036 -0.169 -0.1 -0.187 -0.433 -0.738 -0.897 -0.862 -0.771 -0.672 -0.559 -0.471 -0.414 -0.28 -0.336 -0.49 -0.666 -0.701 -0.737 -0.691 -0.583 -0.4 -0.292 -0.318 -0.381 -0.579 -0.872 -1.102 -1.106 -1.034
0.668 0.908 1.016 1.144 1.162 1.195 1.347 1.345 1.162 0.888 0.625 0.499 0.513 0.326 0.014 -0.274 -0.426 -0.477 -0.516 -0.491 -0.444 -0.455 -0.48 -0.519 -0.588 -0.592 -0.537 -0.53 -0.533 -0.435 -0.261 -0.071 0.081 0.207 0.372 0.516 0.629 0.615 0.569 0.602 0.572 0.453 0.226 0.057 0.071 0.05 -0.032 -0.022 -0.161 -0.392 -0.691 -0.859 -0.879 -0.816 -0.734 -0.625 -0.482 -0.399 -0.282 -0.266 -0.437 -0.551 -0.559 -0.615 -0.614 -0.512 -0.355 -0.373 -0.42 -0.474 -0.647 -0.912 -1.09 -1.077 -1.004
0.651 0.904 1.085 1.237 1.301 1.289 1.35 1.305 1.042 0.743 0.615 0.646 0.643 0.364 0.088 -0.109 -0.254 -0.335 -0.356 -0.286 -0.246 -0.316 -0.445 -0.532 -0.566 -0.513 -0.425 -0.475 -0.558 -0.538 -0.427 -0.245 -0.099 0.047 0.25 0.422 0.526 0.568 0.574 0.624 0.562 0.454 0.284 0.175 0.196 0.16 0.093 0.052 -0.121 -0.367 -0.637 -0.756 -0.832 -0.849 -0.77 -0.644 -0.496 -0.388 -0.276 -0.249 -0.401 -0.466 -0.474 -0.52 -0.515 -0.423 -0.334 -0.396 -0.462 -0.526 -0.681 -0.94 -1.089 -1.053 -0.969
0.806 1.084 1.256 1.294 1.399 1.428 1.35 1.206 0.9 0.74 0.759 0.684 0.654 0.437 0.345 0.243 0.056 -0.126 -0.081 0.061 0.117 -0.032 -0.293 -0.474 -0.464 -0.323 -0.248 -0.336 -0.466 -0.534 -0.532 -0.421 -0.282 -0.103 0.134 0.302 0.348 0.459 0.538 0.602 0.523 0.416 0.244 0.227 0.257 0.222 0.148 0.079 -0.042 -0.33 -0.553 -0.572 -0.662 -0.786 -0.786 -0.659 -0.544 -0.402 -0.27 -0.263 -0.372 -0.427 -0.459 -0.496 -0.454 -0.354 -0.32 -0.351 -0.411 -0.484 -0.661 -0.956 -1.087 -1.044 -0.98
1.098 1.298 1.411 1.475 1.585 1.594 1.38 1.076 0.875 0.875 0.897 0.715 0.746 0.682 0.645 0.569 0.364 0.124 0.11 0.248 0.331 0.128 -0.214 -0.421 -0.381 -0.209 -0.128 -0.195 -0.301 -0.415 -0.48 -0.473 -0.409 -0.259 -0.011 0.139 0.196 0.317 0.426 0.508 0.455 0.392 0.218 0.215 0.251 0.229 0.157 0.066 -0.055 -0.329 -0.477 -0.451 -0.5 -0.63 -0.74 -0.67 -0.568 -0.456 -0.306 -0.25 -0.32 -0.398 -0.456 -0.487 -0.426 -0.349 -0.311 -0.318 -0.373 -0.477 -0.708 -0.992 -1.066 -0.998 -0.957
1.406 1.527 1.602 1.738 1.758 1.692 1.351 1.034 1.004 1.063 1.023 0.768 0.92 0.99 0.929 0.78 0.543 0.433 0.26 0.276 0.408 0.211 -0.194 -0.392 -0.321 -0.13 -0.018 -0.028 -0.093 -0.227 -0.252 -0.316 -0.393 -0.355 -0.147 -0.002 0.073 0.175 0.316 0.399 0.422 0.401 0.218 0.17 0.262 0.242 0.141 0.042 -0.107 -0.37 -0.452 -0.41 -0.389 -0.483 -0.639 -0.659 -0.558 -0.489 -0.344 -0.265 -0.297 -0.363 -0.431 -0.422 -0.379 -0.384 -0.374 -0.377 -0.421 -0.553 -0.803 -1.038 -1.024 -0.931 -0.877
1.578 1.621 1.728 1.912 1.787 1.683 1.273 1.16 1.223 1.221 1.137 0.908 0.984 1.189 1.139 0.976 0.828 0.751 0.508 0.302 0.335 0.186 -0.195 -0.37 -0.284 -0.067 0.077 0.131 0.067 -0.004 0.03 -0.012 -0.154 -0.238 -0.259 -0.178 -0.051 0.086 0.167 0.259 0.394 0.33 0.225 0.142 0.256 0.274 0.209 0.108 -0.073 -0.364 -0.425 -0.372 -0.316 -0.406 -0.543 -0.565 -0.54 -0.471 -0.335 -0.225 -0.266 -0.315 -0.335 -0.34 -0.348 -0.403 -0.45 -0.48 -0.511 -0.691 -0.938 -1.037 -0.965 -0.888 -0.815
1.743 1.782 1.825 1.929 1.847 1.573 1.318 1.328 1.317 1.285 1.246 1.188 1.106 1.143 1.241 1.191 1.069 0.877 0.641 0.471 0.318 0.097 -0.202 -0.342 -0.281 -0.113 0.037 0.172 0.183 0.198 0.27 0.254 0.154 0.028 -0.105 -0.142 -0.148 -0.072 0.028 0.138 0.293 0.29 0.23 0.201 0.228 0.267 0.212 0.12 -0.073 -0.331 -0.374 -0.353 -0.303 -0.377 -0.426 -0.425 -0.465 -0.421 -0.301 -0.223 -0.248 -0.261 -0.306 -0.38 -0.381 -0.413 -0.47 -0.556 -0.657 -0.844 -1.017 -1.03 -0.956 -0.872 -0.777
