data/climatemaps/RS_maps/climate_winter_pr_2008.asc
NCOLS 369 
NROWS 228 
XLLCORNER 479000 
YLLCORNER 73000 
CELLSIZE 1000 
NODATA_value -9 
[rows 0 to 33 of 228, columns 152 to 227 of 369]
-9 -9 -9 -9 -9 -9 -9 -9 -9 -9 -9 -9 -9 -9 -9 -9 -9 -9 -9 -9 -9 -9 -9 -9 -9 -9 -9 -9 -9 -9 -9 -9 -9 -9 -9 -9 -9 -9 -0.676 -0.703 -0.735 -0.769 -0.799 -0.831 -0.853 -0.867 -0.877 -0.878 -0.881 -0.856 -0.842 -0.841 -0.849 -0.859 -0.874 -0.891 -0.91 -0.931 -0.955 -0.979 -0.999 -1.017 -1.029 -1.033 -1.035 -1.04 -1.058 -1.089 -1.129 -1.16 -1.179 -1.18 -1.168 -1.151 -9 -9
-9 -9 -9 -9 -9 -9 -9 -9 -9 -9 -9 -9 -9 -9 -9 -9 -9 -9 -9 -9 -9 -9 -9 -9 -9 -9 -9 -9 -9 -9 -9 -9 -9 -9 -9 -9 -9 -0.654 -0.668 -0.69 -0.717 -0.737 -0.758 -0.788 -0.82 -0.846 -0.871 -0.891 -0.895 -0.87 -0.857 -0.851 -0.852 -0.857 -0.868 -0.882 -0.904 -0.927 -0.951 -0.977 -1.001 -1.022 -1.037 -1.045 -1.048 -1.052 -1.066 -1.092 -1.131 -1.161 -1.183 -1.191 -1.188 -1.178 -1.167 -1.156
-9 -9 -9 -9 -9 -9 -9 -9 -9 -9 -9 -9 -9 -9 -9 -9 -9 -9 -9 -9 -9 -9 -9 -9 -9 -9 -9 -9 -9 -9 -9 -9 -9 -9 -9 -9 -9 -0.621 -0.637 -0.65 -0.669 -0.687 -0.712 -0.739 -0.768 -0.8 -0.839 -0.874 -0.896 -0.881 -0.863 -0.858 -0.853 -0.851 -0.858 -0.872 -0.896 -0.921 -0.949 -0.979 -1.007 -1.032 -1.052 -1.062 -1.066 -1.069 -1.078 -1.1 -1.131 -1.158 -1.18 -1.192 -1.196 -1.194 -1.189 -1.182
-9 -9 -9 -9 -9 -9 -9 -9 -9 -9 -9 -9 -9 -9 -9 -9 -9 -9 -9 -9 -9 -9 -9 -9 -9 -9 -9 -9 -9 -9 -9 -9 -9 -9 -9 -9 -0.564 -0.575 -0.585 -0.597 -0.614 -0.636 -0.662 -0.691 -0.726 -0.767 -0.805 -0.842 -0.878 -0.881 -0.868 -0.866 -0.853 -0.843 -0.847 -0.86 -0.885 -0.914 -0.948 -0.983 -1.016 -1.046 -1.07 -1.082 -1.088 -1.091 -1.096 -1.108 -1.125 -1.145 -1.166 -1.181 -1.192 -1.198 -1.199 -1.198
-9 -9 -9 -9 -9 -9 -9 -9 -9 -9 -9 -9 -9 -9 -9 -9 -9 -9 -9 -9 -9 -9 -9 -9 -9 -9 -9 -9 -9 -9 -9 -9 -9 -9 -9 -0.496 -0.529 -0.541 -0.547 -0.557 -0.573 -0.597 -0.625 -0.66 -0.701 -0.749 -0.787 -0.826 -0.859 -0.88 -0.878 -0.871 -0.848 -0.833 -0.833 -0.846 -0.872 -0.906 -0.946 -0.985 -1.024 -1.059 -1.089 -1.104 -1.111 -1.113 -1.109 -1.106 -1.109 -1.118 -1.136 -1.156 -1.175 -1.19 -1.199 -1.203
-9 -9 -9 -9 -9 -9 -9 -9 -9 -9 -9 -9 -9 -9 -9 -9 -9 -9 -9 -9 -9 -9 -9 -9 -9 -9 -9 -9 -9 -9 -9 -9 -9 -9 -9 -0.463 -0.503 -0.52 -0.527 -0.538 -0.554 -0.58 -0.609 -0.648 -0.69 -0.739 -0.786 -0.824 -0.856 -0.874 -0.878 -0.859 -0.83 -0.819 -0.819 -0.832 -0.859 -0.896 -0.939 -0.982 -1.025 -1.067 -1.103 -1.125 -1.135 -1.13 -1.111 -1.091 -1.085 -1.086 -1.097 -1.116 -1.143 -1.169 -1.188 -1.199
-9 -9 -9 -9 -9 -9 -9 -9 -9 -9 -9 -9 -9 -9 -9 -9 -9 -9 -9 -9 -9 -9 -9 -9 -9 -9 -9 -9 -9 -9 -9 -9 -9 -9 -0.374 -0.438 -0.482 -0.509 -0.519 -0.539 -0.556 -0.579 -0.61 -0.653 -0.693 -0.742 -0.785 -0.83 -0.855 -0.866 -0.864 -0.843 -0.812 -0.802 -0.804 -0.817 -0.846 -0.883 -0.927 -0.97 -1.017 -1.066 -1.109 -1.138 -1.15 -1.137 -1.107 -1.078 -1.061 -1.058 -1.062 -1.079 -1.108 -1.144 -1.171 -1.187
-9 -9 -9 -9 -9 -9 -9 -9 -9 -9 -9 -9 -9 -9 -9 -9 -9 -9 -9 -9 -9 -9 -9 -9 -9 -9 -9 -9 -9 -9 -9 -9 -9 -0.273 -0.348 -0.418 -0.464 -0.497 -0.517 -0.54 -0.568 -0.583 -0.618 -0.665 -0.709 -0.759 -0.793 -0.833 -0.857 -0.857 -0.844 -0.824 -0.792 -0.777 -0.781 -0.799 -0.83 -0.87 -0.913 -0.957 -1.002 -1.052 -1.099 -1.134 -1.149 -1.136 -1.104 -1.07 -1.044 -1.035 -1.038 -1.052 -1.083 -1.122 -1.152 -1.173
-9 -9 -9 -9 -9 -9 -9 -9 -9 -9 -9 -9 -9 -9 -9 -9 -9 -9 -9 -9 -9 -9 -9 -9 -9 -9 -9 -9 -9 -9 -9 -9 -0.194 -0.264 -0.335 -0.406 -0.454 -0.483 -0.505 -0.531 -0.565 -0.594 -0.635 -0.68 -0.728 -0.777 -0.811 -0.842 -0.851 -0.836 -0.829 -0.81 -0.781 -0.756 -0.759 -0.779 -0.814 -0.857 -0.894 -0.933 -0.974 -1.025 -1.073 -1.114 -1.138 -1.131 -1.102 -1.067 -1.04 -1.029 -1.029 -1.039 -1.069 -1.105 -1.136 -1.158
-9 -9 -9 -9 -9 -9 -9 -9 -9 -9 -9 -9 -9 -9 -9 -9 -9 -9 -9 -9 -9 -9 -9 -9 -9 -9 -9 -9 -9 -9 -9 -9 -0.193 -0.255 -0.323 -0.393 -0.448 -0.476 -0.497 -0.521 -0.541 -0.569 -0.611 -0.66 -0.71 -0.766 -0.82 -0.843 -0.84 -0.832 -0.818 -0.798 -0.764 -0.738 -0.744 -0.768 -0.804 -0.841 -0.876 -0.909 -0.942 -0.988 -1.041 -1.085 -1.116 -1.121 -1.1 -1.069 -1.046 -1.035 -1.032 -1.038 -1.062 -1.096 -1.125 -1.146
-9 -9 -9 -9 -9 -9 -9 -9 -9 -9 -9 -9 -9 -9 -9 -9 -9 -9 -9 -9 -9 -9 -9 -9 -9 -9 -9 -9 -9 -9 -9 -0.153 -0.195 -0.252 -0.311 -0.377 -0.442 -0.479 -0.494 -0.51 -0.531 -0.56 -0.603 -0.654 -0.706 -0.766 -0.817 -0.831 -0.837 -0.823 -0.798 -0.77 -0.735 -0.719 -0.728 -0.752 -0.795 -0.829 -0.863 -0.892 -0.921 -0.959 -1.012 -1.06 -1.093 -1.104 -1.095 -1.073 -1.053 -1.042 -1.039 -1.044 -1.063 -1.092 -1.117 -1.136
-9 -9 -9 -9 -9 -9 -9 -9 -9 -9 -9 -9 -9 -9 -9 -9 -9 -9 -9 -9 -9 -9 -9 -9 -9 -9 -9 -9 -9 -9 -0.137 -0.167 -0.21 -0.26 -0.312 -0.371 -0.434 -0.473 -0.491 -0.506 -0.526 -0.555 -0.595 -0.656 -0.712 -0.772 -0.807 -0.826 -0.822 -0.8 -0.766 -0.733 -0.711 -0.7 -0.712 -0.737 -0.777 -0.82 -0.854 -0.884 -0.912 -0.947 -0.994 -1.042 -1.075 -1.087 -1.085 -1.07 -1.05 -1.041 -1.045 -1.052 -1.069 -1.091 -1.111 -1.125
-9 -9 -9 -9 -9 -9 -9 -9 -9 -9 -9 -9 -9 -9 -9 -9 -9 -9 -9 -9 -9 -9 -9 -9 -9 -9 -9 -9 -9 -9 -0.171 -0.192 -0.225 -0.271 -0.32 -0.37 -0.427 -0.468 -0.485 -0.508 -0.532 -0.56 -0.6 -0.658 -0.727 -0.767 -0.799 -0.813 -0.803 -0.781 -0.744 -0.709 -0.691 -0.688 -0.698 -0.724 -0.763 -0.813 -0.851 -0.885 -0.915 -0.949 -0.99 -1.03 -1.06 -1.073 -1.074 -1.062 -1.047 -1.042 -1.048 -1.057 -1.069 -1.089 -1.103 -1.11
-9 -9 -9 -9 -9 -9 -9 -9 -9 -9 -9 -9 -9 -9 -9 -9 -9 -9 -9 -9 -9 -9 -9 -9 -9 -9 -9 -9 -9 -9 -0.208 -0.223 -0.249 -0.288 -0.337 -0.378 -0.429 -0.468 -0.487 -0.519 -0.546 -0.571 -0.613 -0.668 -0.727 -0.754 -0.783 -0.799 -0.792 -0.767 -0.73 -0.698 -0.686 -0.686 -0.698 -0.723 -0.76 -0.811 -0.856 -0.894 -0.929 -0.963 -0.994 -1.024 -1.048 -1.059 -1.06 -1.051 -1.041 -1.038 -1.043 -1.054 -1.068 -1.083 -1.09 -1.09
-9 -9 -9 -9 -9 -9 -9 -9 -9 -9 -9 -9 -9 -9 -9 -9 -9 -9 -9 -9 -9 -9 -9 -9 -0.054 -0.086 -0.148 -0.184 -0.213 -0.242 -0.249 -0.264 -0.286 -0.319 -0.363 -0.401 -0.447 -0.487 -0.502 -0.542 -0.559 -0.592 -0.641 -0.688 -0.733 -0.752 -0.771 -0.791 -0.79 -0.771 -0.741 -0.709 -0.695 -0.696 -0.705 -0.731 -0.767 -0.817 -0.868 -0.911 -0.95 -0.979 -1.002 -1.027 -1.045 -1.049 -1.045 -1.038 -1.029 -1.025 -1.032 -1.046 -1.062 -1.073 -1.073 -1.064
-9 -9 -9 -9 -9 -9 -9 -9 -9 -9 -9 -9 -9 -9 -9 -9 -9 -9 -9 -9 -0.013 -0.042 -0.051 -0.063 -0.072 -0.102 -0.154 -0.224 -0.241 -0.275 -0.291 -0.308 -0.328 -0.357 -0.395 -0.429 -0.473 -0.508 -0.522 -0.567 -0.579 -0.619 -0.674 -0.711 -0.735 -0.756 -0.782 -0.799 -0.8 -0.79 -0.762 -0.729 -0.716 -0.719 -0.726 -0.75 -0.786 -0.833 -0.886 -0.932 -0.968 -0.992 -1.012 -1.033 -1.047 -1.045 -1.035 -1.022 -1.014 -1.01 -1.018 -1.036 -1.052 -1.058 -1.05 -1.032
-9 -9 -9 -9 -9 -9 -9 -9 -9 -9 -9 -9 -9 -9 -9 -9 -9 -9 -9 0.021 -0.047 -0.059 -0.074 -0.085 -0.096 -0.127 -0.175 -0.257 -0.279 -0.307 -0.333 -0.352 -0.368 -0.395 -0.424 -0.455 -0.506 -0.528 -0.542 -0.591 -0.61 -0.655 -0.698 -0.721 -0.742 -0.772 -0.805 -0.819 -0.82 -0.812 -0.789 -0.762 -0.749 -0.751 -0.762 -0.785 -0.818 -0.864 -0.912 -0.95 -0.977 -0.996 -1.015 -1.033 -1.047 -1.046 -1.034 -1.019 -1.005 -0.997 -1.003 -1.025 -1.042 -1.037 -1.02 -0.994
-9 -9 -9 -9 -9 -9 -9 -9 -9 -9 -9 -9 -9 -9 -9 -9 -9 0.088 0.035 -0.022 -0.08 -0.089 -0.102 -0.11 -0.127 -0.155 -0.204 -0.273 -0.322 -0.347 -0.369 -0.394 -0.409 -0.427 -0.451 -0.493 -0.536 -0.546 -0.566 -0.607 -0.649 -0.687 -0.71 -0.73 -0.764 -0.801 -0.829 -0.841 -0.841 -0.832 -0.814 -0.796 -0.789 -0.795 -0.81 -0.832 -0.86 -0.901 -0.939 -0.965 -0.981 -0.994 -1.007 -1.023 -1.038 -1.045 -1.041 -1.028 -1.013 -1.004 -1.003 -1.017 -1.032 -1.026 -1.003 -0.975
0.168 0.222 0.269 0.315 0.357 0.384 -9 -9 -9 -9 -9 -9 -9 -9 -9 -9 0.102 0.044 -0.015 -0.068 -0.121 -0.127 -0.13 -0.135 -0.152 -0.18 -0.226 -0.276 -0.343 -0.39 -0.417 -0.435 -0.441 -0.452 -0.486 -0.532 -0.551 -0.569 -0.596 -0.632 -0.677 -0.7 -0.719 -0.744 -0.79 -0.827 -0.849 -0.859 -0.855 -0.841 -0.821 -0.806 -0.808 -0.821 -0.841 -0.868 -0.898 -0.936 -0.96 -0.97 -0.976 -0.979 -0.986 -1 -1.018 -1.032 -1.038 -1.035 -1.025 -1.015 -1.009 -1.014 -1.021 -1.015 -0.99 -0.96
0.111 0.172 0.23 0.277 0.332 0.362 0.364 0.355 0.339 0.325 -9 -9 -9 -9 0.178 0.123 0.064 -0.003 -0.061 -0.116 -0.158 -0.162 -0.163 -0.164 -0.174 -0.199 -0.242 -0.295 -0.353 -0.422 -0.462 -0.46 -0.464 -0.483 -0.526 -0.562 -0.573 -0.599 -0.629 -0.671 -0.694 -0.707 -0.73 -0.77 -0.816 -0.847 -0.862 -0.863 -0.849 -0.823 -0.8 -0.784 -0.791 -0.812 -0.846 -0.889 -0.93 -0.963 -0.973 -0.966 -0.957 -0.949 -0.952 -0.965 -0.984 -1.002 -1.018 -1.024 -1.021 -1.012 -1.005 -1.006 -1.005 -0.997 -0.974 -0.951
0.046 0.101 0.163 0.216 0.28 0.311 0.327 0.337 0.34 0.324 0.296 -9 -9 0.194 0.153 0.095 0.03 -0.043 -0.104 -0.165 -0.19 -0.198 -0.196 -0.194 -0.206 -0.233 -0.272 -0.324 -0.373 -0.447 -0.492 -0.489 -0.499 -0.52 -0.563 -0.6 -0.611 -0.637 -0.667 -0.703 -0.71 -0.719 -0.753 -0.798 -0.837 -0.863 -0.873 -0.858 -0.829 -0.795 -0.771 -0.762 -0.769 -0.798 -0.844 -0.899 -0.947 -0.977 -0.984 -0.969 -0.945 -0.921 -0.914 -0.927 -0.944 -0.965 -0.989 -1.003 -1.006 -0.999 -0.993 -0.988 -0.983 -0.975 -0.961 -0.94
-0.009 0.034 0.086 0.139 0.205 0.241 0.287 0.32 0.334 0.316 0.284 0.247 0.205 0.167 0.119 0.062 -0.003 -0.078 -0.149 -0.202 -0.222 -0.236 -0.23 -0.224 -0.236 -0.26 -0.303 -0.366 -0.413 -0.485 -0.521 -0.528 -0.55 -0.569 -0.607 -0.646 -0.661 -0.688 -0.716 -0.729 -0.724 -0.734 -0.774 -0.817 -0.852 -0.875 -0.88 -0.859 -0.815 -0.775 -0.749 -0.74 -0.752 -0.786 -0.839 -0.899 -0.952 -0.985 -0.993 -0.976 -0.941 -0.907 -0.89 -0.898 -0.912 -0.932 -0.957 -0.975 -0.987 -0.991 -0.981 -0.965 -0.952 -0.942 -0.934 -0.925
-0.049 -0.02 0.011 0.053 0.114 0.162 0.234 0.289 0.312 0.303 0.27 0.224 0.179 0.133 0.082 0.025 -0.041 -0.117 -0.19 -0.233 -0.262 -0.273 -0.267 -0.257 -0.273 -0.307 -0.342 -0.397 -0.465 -0.537 -0.567 -0.584 -0.616 -0.629 -0.668 -0.7 -0.716 -0.745 -0.761 -0.748 -0.739 -0.763 -0.796 -0.83 -0.86 -0.876 -0.866 -0.845 -0.8 -0.762 -0.74 -0.733 -0.749 -0.788 -0.839 -0.897 -0.954 -0.989 -1 -0.985 -0.95 -0.911 -0.885 -0.881 -0.891 -0.907 -0.927 -0.946 -0.964 -0.973 -0.96 -0.935 -0.913 -0.898 -0.888 -0.885
-0.08 -0.063 -0.05 -0.028 0.017 0.087 0.168 0.236 0.276 0.277 0.244 0.194 0.146 0.095 0.043 -0.014 -0.081 -0.159 -0.226 -0.269 -0.301 -0.311 -0.302 -0.311 -0.327 -0.358 -0.411 -0.449 -0.512 -0.596 -0.627 -0.662 -0.692 -0.715 -0.744 -0.762 -0.777 -0.798 -0.793 -0.767 -0.767 -0.789 -0.809 -0.834 -0.857 -0.862 -0.837 -0.812 -0.783 -0.759 -0.744 -0.741 -0.758 -0.794 -0.842 -0.9 -0.956 -0.991 -1.003 -0.992 -0.964 -0.928 -0.898 -0.883 -0.882 -0.891 -0.906 -0.924 -0.943 -0.955 -0.943 -0.915 -0.886 -0.859 -0.839 -0.834
-0.11 -0.1 -0.1 -0.098 -0.068 0.019 0.11 0.181 0.227 0.234 0.208 0.159 0.11 0.057 0.004 -0.055 -0.121 -0.194 -0.264 -0.312 -0.334 -0.349 -0.367 -0.375 -0.41 -0.428 -0.487 -0.524 -0.581 -0.66 -0.711 -0.75 -0.779 -0.8 -0.815 -0.821 -0.833 -0.835 -0.818 -0.795 -0.786 -0.799 -0.808 -0.826 -0.841 -0.831 -0.818 -0.795 -0.773 -0.757 -0.75 -0.758 -0.775 -0.804 -0.853 -0.907 -0.959 -0.993 -1.006 -0.998 -0.976 -0.949 -0.923 -0.904 -0.895 -0.896 -0.902 -0.913 -0.929 -0.941 -0.935 -0.911 -0.879 -0.844 -0.814 -0.801
-0.147 -0.141 -0.147 -0.161 -0.141 -0.056 0.044 0.121 0.172 0.184 0.156 0.109 0.065 0.014 -0.038 -0.094 -0.16 -0.238 -0.304 -0.35 -0.383 -0.418 -0.448 -0.462 -0.502 -0.53 -0.582 -0.635 -0.675 -0.731 -0.785 -0.82 -0.838 -0.857 -0.867 -0.871 -0.872 -0.859 -0.841 -0.82 -0.806 -0.799 -0.799 -0.804 -0.808 -0.803 -0.799 -0.79 -0.782 -0.775 -0.775 -0.783 -0.798 -0.826 -0.872 -0.919 -0.966 -0.997 -1.01 -1.004 -0.987 -0.966 -0.946 -0.93 -0.921 -0.917 -0.915 -0.917 -0.923 -0.933 -0.932 -0.915 -0.889 -0.856 -0.819 -0.795
-0.197 -0.193 -0.198 -0.221 -0.214 -0.141 -0.036 0.051 0.107 0.125 0.103 0.054 0.005 -0.038 -0.082 -0.132 -0.19 -0.269 -0.335 -0.397 -0.457 -0.507 -0.539 -0.567 -0.608 -0.658 -0.706 -0.746 -0.769 -0.816 -0.849 -0.873 -0.889 -0.894 -0.894 -0.896 -0.893 -0.879 -0.858 -0.833 -0.808 -0.791 -0.776 -0.769 -0.778 -0.793 -0.796 -0.799 -0.803 -0.808 -0.817 -0.826 -0.838 -0.856 -0.893 -0.935 -0.974 -1 -1.013 -1.008 -0.996 -0.98 -0.965 -0.953 -0.947 -0.942 -0.936 -0.929 -0.927 -0.93 -0.929 -0.918 -0.903 -0.881 -0.851 -0.824
-0.264 -0.265 -0.268 -0.288 -0.295 -0.234 -0.13 -0.034 0.032 0.056 0.041 -0.002 -0.052 -0.103 -0.146 -0.186 -0.242 -0.316 -0.394 -0.465 -0.532 -0.584 -0.623 -0.665 -0.708 -0.747 -0.781 -0.822 -0.852 -0.879 -0.896 -0.913 -0.924 -0.926 -0.907 -0.896 -0.899 -0.88 -0.853 -0.82 -0.789 -0.77 -0.755 -0.761 -0.767 -0.788 -0.801 -0.818 -0.836 -0.854 -0.868 -0.876 -0.88 -0.887 -0.913 -0.949 -0.981 -1.002 -1.011 -1.009 -1.001 -0.991 -0.98 -0.972 -0.968 -0.963 -0.954 -0.947 -0.941 -0.938 -0.932 -0.923 -0.914 -0.901 -0.883 -0.86
-0.349 -0.36 -0.365 -0.375 -0.385 -0.336 -0.237 -0.133 -0.06 -0.026 -0.035 -0.07 -0.115 -0.166 -0.215 -0.256 -0.311 -0.39 -0.464 -0.54 -0.606 -0.663 -0.709 -0.743 -0.773 -0.8 -0.825 -0.866 -0.898 -0.914 -0.917 -0.923 -0.937 -0.939 -0.928 -0.907 -0.895 -0.867 -0.832 -0.793 -0.766 -0.762 -0.767 -0.776 -0.791 -0.812 -0.832 -0.857 -0.884 -0.905 -0.914 -0.916 -0.914 -0.917 -0.934 -0.959 -0.983 -1 -1.007 -1.006 -1 -0.992 -0.984 -0.98 -0.979 -0.977 -0.972 -0.968 -0.963 -0.958 -0.948 -0.938 -0.929 -0.919 -0.907 -0.888
-0.449 -0.456 -0.464 -0.471 -0.478 -0.433 -0.343 -0.243 -0.164 -0.125 -0.127 -0.159 -0.198 -0.248 -0.298 -0.349 -0.402 -0.472 -0.548 -0.62 -0.682 -0.732 -0.764 -0.787 -0.808 -0.827 -0.855 -0.892 -0.921 -0.932 -0.924 -0.916 -0.931 -0.937 -0.93 -0.916 -0.891 -0.857 -0.82 -0.792 -0.778 -0.789 -0.799 -0.812 -0.84 -0.863 -0.886 -0.909 -0.932 -0.947 -0.95 -0.946 -0.939 -0.936 -0.947 -0.96 -0.976 -0.988 -0.992 -0.99 -0.984 -0.98 -0.975 -0.974 -0.975 -0.977 -0.978 -0.977 -0.974 -0.974 -0.973 -0.968 -0.957 -0.943 -0.934 -0.922
-0.54 -0.544 -0.553 -0.563 -0.564 -0.527 -0.451 -0.362 -0.288 -0.25 -0.25 -0.275 -0.31 -0.355 -0.4 -0.453 -0.507 -0.565 -0.629 -0.69 -0.732 -0.769 -0.782 -0.792 -0.81 -0.827 -0.861 -0.896 -0.928 -0.945 -0.937 -0.916 -0.917 -0.918 -0.915 -0.903 -0.879 -0.838 -0.817 -0.809 -0.812 -0.827 -0.835 -0.854 -0.888 -0.91 -0.931 -0.95 -0.966 -0.976 -0.975 -0.962 -0.947 -0.94 -0.946 -0.949 -0.955 -0.961 -0.964 -0.96 -0.953 -0.957 -0.961 -0.963 -0.964 -0.965 -0.963 -0.966 -0.968 -0.971 -0.976 -0.978 -0.979 -0.975 -0.969 -0.962
-0.606 -0.606 -0.613 -0.626 -0.633 -0.61 -0.558 -0.487 -0.43 -0.4 -0.395 -0.414 -0.444 -0.48 -0.519 -0.563 -0.608 -0.657 -0.704 -0.739 -0.753 -0.772 -0.778 -0.782 -0.792 -0.812 -0.841 -0.878 -0.919 -0.947 -0.951 -0.924 -0.909 -0.888 -0.883 -0.875 -0.859 -0.837 -0.83 -0.834 -0.842 -0.856 -0.874 -0.896 -0.923 -0.942 -0.96 -0.973 -0.978 -0.983 -0.987 -0.975 -0.952 -0.934 -0.927 -0.92 -0.921 -0.923 -0.925 -0.925 -0.918 -0.924 -0.941 -0.949 -0.951 -0.95 -0.944 -0.943 -0.948 -0.952 -0.96 -0.97 -0.978 -0.981 -0.981 -0.978
-0.652 -0.651 -0.657 -0.669 -0.68 -0.674 -0.649 -0.61 -0.574 -0.552 -0.542 -0.551 -0.577 -0.607 -0.635 -0.666 -0.698 -0.732 -0.757 -0.763 -0.774 -0.782 -0.79 -0.783 -0.772 -0.787 -0.807 -0.848 -0.901 -0.939 -0.949 -0.933 -0.908 -0.864 -0.836 -0.824 -0.809 -0.815 -0.822 -0.832 -0.843 -0.863 -0.891 -0.916 -0.938 -0.952 -0.971 -0.987 -0.993 -0.991 -0.989 -0.968 -0.954 -0.931 -0.899 -0.878 -0.877 -0.877 -0.874 -0.875 -0.877 -0.888 -0.919 -0.936 -0.943 -0.946 -0.937 -0.929 -0.933 -0.937 -0.941 -0.953 -0.966 -0.972 -0.974 -0.975
-0.681 -0.678 -0.682 -0.694 -0.707 -0.713 -0.709 -0.696 -0.68 -0.669 -0.665 -0.669 -0.687 -0.707 -0.726 -0.741 -0.745 -0.771 -0.775 -0.76 -0.775 -0.791 -0.788 -0.772 -0.749 -0.755 -0.774 -0.82 -0.884 -0.923 -0.935 -0.923 -0.895 -0.842 -0.791 -0.773 -0.761 -0.764 -0.786 -0.801 -0.811 -0.843 -0.869 -0.898 -0.919 -0.932 -0.963 -0.984 -0.992 -0.996 -0.988 -0.964 -0.946 -0.926 -0.876 -0.842 -0.83 -0.826 -0.819 -0.821 -0.833 -0.861 -0.9 -0.931 -0.946 -0.949 -0.935 -0.924 -0.922 -0.927 -0.933 -0.94 -0.947 -0.952 -0.954 -0.954
