data/climatemaps/RS_maps/climate_breeding_tmp_2014.asc
NCOLS 369 
NROWS 228 
XLLCORNER 479000 
YLLCORNER 73000 
CELLSIZE 1000 
NODATA_value -9 
[rows 170 to 203 of 228, columns 231 to 307 of 369]
-1.087 -0.959 -0.844 -0.826 -0.3 -0.199 0.24 0.941 1.327 0.92 0.188 -0.273 -0.548 -0.663 -0.905 -1.471 -1.306 -0.745 -0.044 0.171 -0.505 -1.23 -1.072 -0.427 0.578 1.071 0.484 -0.135 -0.293 -0.542 -0.325 -1.141 -1.391 -1.111 -0.657 -0.224 0.008 0.404 0.684 1.21 1.318 0.962 0.401 0.066 0.015 -0.178 -0.027 -0.37 -0.617 -0.534 -0.633 -0.843 -1.217 -1.419 -1.049 -1.112 -0.967 -1.341 -1.901 -1.487 -1.616 -2.116 -2.351 -1.849 -1.902 -2.226 -1.812 -1.334 -0.8 -0.712 -1.059 -1.368 -1.068 -0.508 -0.232 -0.416 -0.739
-1.01 -1.197 -1.106 -0.86 -0.596 -0.715 -0.098 0.721 1.31 1.213 0.511 -0.12 -0.266 -0.779 -1.104 -1.445 -1.066 -0.512 0.188 0.146 -0.529 -1.127 -0.41 0.143 1.053 0.958 0.171 -0.371 -0.174 -0.861 -0.363 -0.971 -1.16 -0.745 -0.596 -0.144 0.385 0.784 1.168 1.359 1.261 0.889 0.431 -0.025 -0.475 -0.823 -0.507 -0.569 -1.035 -1.185 -1.224 -1.236 -1.191 -1.49 -1.658 -1.85 -1.804 -1.847 -1.976 -1.616 -1.683 -1.92 -2.203 -2.084 -2.067 -2.118 -1.621 -1.154 -1.017 -1.136 -1.061 -1.538 -1.37 -0.908 -0.254 -0.254 -0.706
-0.963 -0.969 -0.98 -1.121 -0.835 -0.58 -0.062 0.595 1.203 1.328 0.794 0.109 -0.457 -1.05 -1.489 -1.292 -0.951 -0.482 0.173 0.269 -0.442 -0.958 -0.094 0.794 1.168 0.643 -0.142 -0.68 -0.211 -0.891 -0.579 -1.06 -1.03 -0.623 -0.322 -0.24 0.317 0.884 1.31 1.403 1.272 0.835 0.369 -0.052 -0.408 -0.902 -1.027 -0.947 -1.28 -1.611 -1.285 -0.849 -0.78 -1.379 -1.87 -1.848 -1.873 -2.09 -2.104 -1.979 -1.758 -1.372 -1.711 -1.909 -2.022 -2.028 -1.684 -1.435 -1.641 -1.491 -1.205 -1.765 -1.544 -1.211 -0.377 0.025 -0.321
-0.642 -0.41 -0.853 -0.867 -0.4 -0.042 0.217 0.337 1.056 1.379 1.102 0.47 -0.209 -0.78 -1.258 -0.973 -0.696 -0.567 -0.025 0.461 -0.434 -0.44 0.073 0.998 1.041 0.222 -0.552 -1.031 -0.538 -0.859 -0.956 -1.055 -0.743 -0.436 -0.22 -0.073 0.308 0.696 1.278 1.434 1.419 1.088 0.317 -0.322 -0.718 -1.037 -1.126 -1.173 -1.239 -1.353 -0.999 -0.422 -0.749 -1.641 -1.727 -1.454 -1.369 -1.779 -1.696 -1.732 -1.398 -1.003 -1.188 -1.316 -1.453 -1.661 -1.937 -2.012 -2.2 -1.833 -1.503 -1.663 -1.471 -1.087 -0.407 0.203 0.238
-0.117 -0.403 -0.95 -0.789 -0.458 -0.078 -0.041 -0.086 0.937 1.388 1.351 0.839 0.292 -0.155 -0.863 -0.907 -0.557 -0.05 0.37 0.189 -0.415 0 0.595 1.205 0.714 -0.113 -0.808 -1.054 -0.961 -1.003 -1.148 -0.752 -0.481 -0.284 -0.101 0.002 0.393 0.482 1.003 1.441 1.461 1.32 0.596 -0.081 -0.709 -1.009 -0.894 -0.686 -0.627 -0.705 -0.563 -0.202 -0.753 -1.516 -1.41 -1.039 -1.107 -1.581 -1.216 -1.255 -1.119 -0.717 -0.561 -0.763 -0.966 -1.4 -1.912 -2.341 -2.456 -2.02 -1.827 -1.549 -1.159 -0.675 -0.219 0.347 0.354
-0.169 -0.707 -0.994 -1.122 -0.712 -0.079 -0.417 -0.267 0.548 1.27 1.414 1.199 0.714 0.03 -0.648 -1.004 -0.521 0.035 0.579 0.025 -0.051 0.338 0.925 1.223 0.528 -0.028 -0.205 -0.431 -0.991 -1.178 -0.914 -0.264 -0.103 0.086 0.134 0.262 0.094 0.059 0.754 1.403 1.477 1.455 1.009 0.221 -0.163 -0.663 -0.557 -0.081 0.053 0.01 -0.008 -0.154 -0.821 -1.324 -1.247 -0.711 -1.043 -1.384 -0.773 -0.635 -0.476 -0.159 -0.175 -0.616 -1.002 -1.484 -1.828 -2.089 -2.157 -1.986 -1.797 -1.315 -0.914 -0.512 -0.137 0.456 0.146
0 -0.266 -0.555 -1.103 -0.64 -0.427 -0.296 0.3 0.527 0.965 1.387 1.403 1.044 0.474 -0.213 -0.625 -0.615 -0.106 0.471 0.607 0.533 0.661 1.151 1.081 0.315 -0.136 -0.299 -0.127 -0.579 -1.021 -0.499 -0.206 -0.501 -0.037 -0.24 -0.021 -0.334 0.057 0.753 1.27 1.484 1.495 1.415 0.976 0.402 -0.168 -0.198 0.265 -0.248 -0.515 -0.716 -0.596 -0.995 -1.353 -0.94 -0.36 -0.545 -0.795 -0.416 0.104 0.028 -0.245 -0.683 -1.058 -1.426 -1.545 -1.573 -1.847 -1.686 -1.652 -1.561 -1.279 -0.901 -0.45 -0.24 0.436 0.191
-0.035 -0.172 -0.217 -0.868 -1.071 -0.619 0.041 -0.02 -0.084 0.454 1.228 1.416 1.298 0.81 0.112 0.048 -0.041 0.095 0.375 0.684 0.916 1.094 1.26 0.87 0.041 -0.491 -0.787 -0.442 -0.297 -0.868 -0.328 -0.595 -0.644 -0.239 -0.627 -0.393 -0.477 0.191 0.44 0.986 1.424 1.506 1.505 1.403 0.768 0.093 0.135 0.267 -0.654 -0.972 -1.311 -1.185 -1.321 -1.291 -0.73 -0.255 -0.013 0.023 0.215 0.298 -0.471 -0.969 -1.183 -1.308 -1.38 -1.243 -1.523 -1.835 -1.438 -1.258 -1.152 -1.006 -0.721 -0.315 -0.001 0.431 0.466
-0.634 -0.839 -0.751 -0.707 -0.916 -0.358 -0.299 -0.392 -0.473 0.18 0.952 1.369 1.423 0.924 0.248 0.691 0.793 0.864 0.982 0.991 1.105 1.275 1.048 0.552 -0.044 -0.49 -0.906 -0.884 -0.558 -0.9 -0.592 -0.983 -0.822 -0.753 -1.005 -0.795 -0.721 -0.327 -0.011 0.638 1.195 1.512 1.512 1.493 0.96 0.175 0.496 0.355 -0.167 -0.625 -1.369 -1.682 -1.751 -1.509 -1.028 -0.829 -0.313 -0.145 0.229 0.385 -0.554 -1.145 -1.118 -1.097 -1.033 -1.222 -1.602 -1.664 -1.364 -1.318 -1.163 -1.04 -0.927 -0.565 -0.303 -9 -9
-0.3 -0.752 -1.073 -1.047 -0.972 -0.878 -0.63 -0.752 -0.357 0.161 0.584 1.151 1.442 1.229 0.798 1.203 1.305 1.349 1.364 1.314 1.266 0.931 0.422 0.162 -0.037 -0.304 -0.948 -1.23 -0.974 -0.982 -0.849 -0.826 -0.717 -0.78 -0.974 -0.981 -0.845 -0.882 -0.328 0.43 0.928 1.34 -9 1.521 1.395 0.801 0.786 0.38 -0.283 -0.857 -1.49 -1.376 -1.387 -1.677 -1.452 -1.213 -0.936 -0.916 -0.098 0.538 -0.234 -0.574 -0.496 -0.601 -0.914 -1.178 -1.456 -1.563 -1.178 -1.387 -1.311 -1.292 -1.102 -0.87 -0.71 -9 -9
0.305 -0.182 -0.624 -0.644 -0.745 -1.036 -0.867 -0.804 -0.311 0.084 0.395 0.873 1.352 1.439 1.322 1.24 1.06 1.022 1.003 0.963 0.943 0.8 0.366 -0.119 -0.415 -0.457 -0.828 -1.2 -0.733 -0.77 -0.505 -0.251 -0.109 -0.254 -0.668 -0.589 -0.518 -1.035 -0.52 0.152 0.219 0.52 -9 -9 1.518 1.432 1.009 0.521 0.027 -0.569 -1.128 -0.931 -1.017 -1.501 -1.371 -1.297 -1.191 -0.885 -0.148 0.615 0.141 -0.168 -0.564 -0.693 -0.765 -1.045 -1.148 -1.313 -1.045 -1.032 -1.103 -1.042 -1.169 -1.218 -9 -9 -9
0.686 0.218 -0.072 -0.262 -0.57 -0.788 -0.508 -0.364 -0.132 0.229 0.504 0.881 1.285 1.46 1.306 0.902 0.46 0.282 0.268 0.29 0.529 0.652 0.582 0.102 -0.532 -0.973 -1.072 -1.052 -0.362 -0.624 -0.439 -0.398 -0.21 0.144 -0.503 -0.19 -0.525 -0.754 -0.534 -0.33 -0.366 -9 -9 -9 -9 -9 1.015 0.231 -0.026 -0.285 -0.523 -0.591 -0.946 -1.463 -1.282 -1.011 -0.793 -0.498 0.172 0.611 -0.013 -0.198 -0.393 -0.409 -0.231 -0.386 -0.697 -0.711 -0.688 -0.571 -0.807 -0.488 -9 -9 -9 -9 -9
0.41 0.165 -0.058 -0.254 -0.286 -0.513 -0.139 0.16 -0.057 0.137 0.569 1.166 1.431 1.378 0.898 0.702 0.502 0.23 -0.105 -0.223 0.117 0.062 0.335 0.281 -0.216 -0.726 -0.909 -0.767 -0.186 -0.58 -0.874 -0.733 -0.216 0.355 0.128 0.155 -0.347 -0.148 -0.114 0.026 -0.12 -9 -9 -9 -9 -9 -9 0.38 0.176 -0.133 -0.449 -0.744 -1.172 -1.539 -1.408 -0.953 -0.48 -0.052 0.511 0.327 -0.078 0.235 0.104 0.115 0.342 0.223 -0.175 -0.169 -0.11 -0.122 -0.3 -9 -9 -9 -9 -9 -9
0.44 0.115 -0.061 0.02 0.205 -0.14 -0.01 0.452 0.505 0.588 0.944 1.456 1.496 1.206 0.477 0.228 0.307 0.289 0.091 -0.36 -0.377 -0.27 -0.064 0.108 -0.308 -0.725 -0.376 -0.033 0.126 -0.417 -0.452 -0.262 0.147 0.575 0.701 0.537 0.073 0.304 0.218 0.431 0.312 -9 -9 -9 -9 -9 -9 -9 -9 -9 -9 -1.102 -1.286 -1.317 -1.061 -0.977 -0.516 0.194 0.759 0.267 0.401 0.703 0.658 0.699 0.799 0.493 0.116 -9 -9 -9 -9 -9 -9 -9 -9 -9 -9
0.701 0.629 0.513 0.581 0.58 0.331 0.395 0.586 0.894 1.189 1.357 1.521 1.426 1.071 0.434 -0.105 -0.165 -0.122 -0.119 -0.415 -0.791 -0.52 -0.377 -0.31 -0.319 -0.873 -0.596 0.049 0.411 0.026 0.043 0.204 0.173 0.543 0.941 0.716 0.299 0.669 0.599 0.844 0.859 -9 -9 -9 -9 -9 -9 -9 -9 -9 -9 -9 -9 -9 -9 -9 -0.197 0.414 0.942 0.559 0.941 1.152 -9 -9 -9 -9 -9 -9 -9 -9 -9 -9 -9 -9 -9 -9 -9
1.295 1.197 1.087 1.126 1.085 0.943 1.026 1.098 1.291 1.494 1.523 1.524 1.317 0.939 0.441 0.019 -0.059 -0.2 -0.372 -0.513 -0.77 -0.782 -0.558 -0.712 -0.599 -0.875 -0.378 0.16 0.585 0.267 0.344 0.59 0.266 0.463 0.95 0.851 0.522 0.964 1.215 1.308 -9 -9 -9 -9 -9 -9 -9 -9 -9 -9 -9 -9 -9 -9 -9 -9 -9 -9 -9 -9 -9 -9 -9 -9 -9 -9 -9 -9 -9 -9 -9 -9 -9 -9 -9 -9 -9
1.579 1.545 1.505 1.498 1.496 1.453 1.477 1.497 1.539 1.555 1.537 1.489 1.253 0.897 0.639 0.586 0.54 0.343 0.168 0.032 -0.197 -0.553 -0.867 -0.985 -0.785 -0.382 -0.002 0.355 0.703 0.609 0.63 0.87 0.709 0.81 0.969 1.098 0.956 1.357 1.513 -9 -9 -9 -9 -9 -9 -9 -9 -9 -9 -9 -9 -9 -9 -9 -9 -9 -9 -9 -9 -9 -9 -9 -9 -9 -9 -9 -9 -9 -9 -9 -9 -9 -9 -9 -9 -9 -9
1.601 1.596 1.592 1.589 1.58 1.579 1.579 1.576 1.572 1.566 1.52 1.336 1.03 0.987 0.883 0.775 0.5 0.419 0.216 0.073 -0.297 -0.423 -0.613 -0.575 -0.389 -0.09 0.165 0.333 0.476 0.746 0.874 0.981 1.111 1.077 1.028 1.315 1.418 1.561 1.578 -9 -9 -9 -9 -9 -9 -9 -9 -9 -9 -9 -9 -9 -9 -9 -9 -9 -9 -9 -9 -9 -9 -9 -9 -9 -9 -9 -9 -9 -9 -9 -9 -9 -9 -9 -9 -9 -9
1.606 1.601 1.593 1.595 1.594 1.591 1.582 1.564 1.549 1.454 1.244 0.899 0.48 0.286 0.213 0.386 0.091 -0.164 -0.378 -0.076 -0.507 -0.478 -0.106 -0.114 -0.186 -0.185 -0.111 -0.054 0.095 0.403 0.639 0.82 1.205 1.399 1.379 1.499 1.585 1.59 -9 -9 -9 -9 -9 -9 -9 -9 -9 -9 -9 -9 -9 -9 -9 -9 -9 -9 -9 -9 -9 -9 -9 -9 -9 -9 -9 -9 -9 -9 -9 -9 -9 -9 -9 -9 -9 -9 -9
1.367 1.235 1.358 1.341 1.407 1.403 1.392 1.248 1.106 0.986 0.648 0.321 -0.061 -0.158 -0.292 -0.222 0.158 -0.152 -0.575 -0.334 -0.586 -0.23 0.04 0.223 0.251 0.241 0.223 0.125 0.304 0.497 0.685 0.958 1.333 1.567 1.589 1.598 1.598 -9 -9 -9 -9 -9 -9 -9 -9 -9 -9 -9 -9 -9 -9 -9 -9 -9 -9 -9 -9 -9 -9 -9 -9 -9 -9 -9 -9 -9 -9 -9 -9 -9 -9 -9 -9 -9 -9 -9 -9
0.61 0.581 1.014 1.091 1.041 0.745 0.809 0.712 0.584 0.518 0.629 0.445 0.141 -0.176 -0.554 -0.705 -0.345 -0.289 -0.69 -0.598 -0.599 -0.526 -0.297 -0.002 0.267 0.429 0.609 0.645 0.792 0.959 1.064 1.277 1.535 1.601 1.601 1.598 1.598 -9 -9 -9 -9 -9 -9 -9 -9 -9 -9 -9 -9 -9 -9 -9 -9 -9 -9 -9 -9 -9 -9 -9 -9 -9 -9 -9 -9 -9 -9 -9 -9 -9 -9 -9 -9 -9 -9 -9 -9
-0.022 0.468 0.494 0.844 1.199 0.708 0.335 0.519 0.545 0.767 0.577 0.456 0.304 -0.048 -0.403 -0.614 -0.672 -0.564 -0.668 -0.401 -0.38 -0.703 -0.614 -0.383 -0.253 -0.018 0.329 0.55 0.712 0.82 0.843 1.18 1.574 1.61 1.602 1.554 1.589 -9 -9 -9 -9 -9 -9 -9 -9 -9 -9 -9 -9 -9 -9 -9 -9 -9 -9 -9 -9 -9 -9 -9 -9 -9 -9 -9 -9 -9 -9 -9 -9 -9 -9 -9 -9 -9 -9 -9 -9
-0.06 0.288 0.012 0.607 1.169 1.02 0.682 0.811 0.731 0.674 0.192 0.047 0.072 -0.045 -0.17 -0.444 -0.762 -0.585 -0.365 -0.011 -0.132 -0.501 -0.689 -0.631 -0.626 -0.508 -0.143 0.077 0.141 0.345 0.768 1.322 1.603 1.617 1.6 1.456 -9 -9 -9 -9 -9 -9 -9 -9 -9 -9 -9 -9 -9 -9 -9 -9 -9 -9 -9 -9 -9 -9 -9 -9 -9 -9 -9 -9 -9 -9 -9 -9 -9 -9 -9 -9 -9 -9 -9 -9 -9
-0.144 -0.2 -0.095 0.516 1.018 1.239 0.99 0.84 0.754 0.393 -0.003 -0.278 -0.177 -0.217 -0.085 -0.175 -0.591 -0.426 -0.112 0.281 0.168 -0.23 -0.288 -0.31 -0.53 -0.61 -0.606 -0.418 -0.357 0.244 0.853 1.389 1.616 1.626 1.616 -9 -9 -9 -9 -9 -9 -9 -9 -9 -9 -9 -9 -9 -9 -9 -9 -9 -9 -9 -9 -9 -9 -9 -9 -9 -9 -9 -9 -9 -9 -9 -9 -9 -9 -9 -9 -9 -9 -9 -9 -9 -9
-0.384 -0.291 -0.103 0.501 1.023 1.215 0.771 0.574 0.614 0.162 -0.051 -0.187 -0.002 0.063 0.278 0.265 -0.243 -0.352 0.039 0.431 0.364 -0.016 0.141 -0.025 -0.058 -0.437 -0.628 -0.692 -0.45 0.124 0.711 1.343 1.605 1.628 1.617 -9 -9 -9 -9 -9 -9 -9 -9 -9 -9 -9 -9 -9 -9 -9 -9 -9 -9 -9 -9 -9 -9 -9 -9 -9 -9 -9 -9 -9 -9 -9 -9 -9 -9 -9 -9 -9 -9 -9 -9 -9 -9
-0.287 0.061 0.275 0.827 1.29 1.04 0.58 0.585 0.822 0.299 0.213 0.231 0.347 0.503 0.573 0.485 0.119 -0.192 0.147 0.527 0.63 0.386 0.505 0.343 0.107 -0.222 -0.109 -0.392 -0.358 0.242 0.811 1.358 1.612 1.628 -9 -9 -9 -9 -9 -9 -9 -9 -9 -9 -9 -9 -9 -9 -9 -9 -9 -9 -9 -9 -9 -9 -9 -9 -9 -9 -9 -9 -9 -9 -9 -9 -9 -9 -9 -9 -9 -9 -9 -9 -9 -9 -9
-0.321 -0.043 0.53 0.947 1.335 1.018 0.693 0.671 0.97 0.586 0.595 0.715 0.725 0.679 0.526 0.461 0.077 -0.072 0.175 0.319 0.559 0.818 0.81 0.566 0.012 0.18 0.033 -0.39 -0.285 0.325 0.845 1.314 -9 -9 -9 -9 -9 -9 -9 -9 -9 -9 -9 -9 -9 -9 -9 -9 -9 -9 -9 -9 -9 -9 -9 -9 -9 -9 -9 -9 -9 -9 -9 -9 -9 -9 -9 -9 -9 -9 -9 -9 -9 -9 -9 -9 -9
-0.087 0.049 0.329 0.791 1.25 1.303 0.993 0.931 1.071 0.933 0.886 0.805 0.614 0.381 0.267 0.21 -0.084 0.046 0.371 0.418 0.264 0.741 0.816 0.345 0.217 0.521 0.26 -0.111 0.15 0.447 0.953 -9 -9 -9 -9 -9 -9 -9 -9 -9 -9 -9 -9 -9 -9 -9 -9 -9 -9 -9 -9 -9 -9 -9 -9 -9 -9 -9 -9 -9 -9 -9 -9 -9 -9 -9 -9 -9 -9 -9 -9 -9 -9 -9 -9 -9 -9
0.114 0.366 0.207 0.708 1.248 1.413 1.266 1.162 1.181 1.082 0.908 0.859 0.578 0.215 -0.021 -0.189 -0.291 -0.071 0.239 0.552 0.483 0.702 0.805 0.167 0.418 0.625 0.135 -0.013 0.442 0.845 -9 -9 -9 -9 -9 -9 -9 -9 -9 -9 -9 -9 -9 -9 -9 -9 -9 -9 -9 -9 -9 -9 -9 -9 -9 -9 -9 -9 -9 -9 -9 -9 -9 -9 -9 -9 -9 -9 -9 -9 -9 -9 -9 -9 -9 -9 -9
0.257 0.6 0.402 0.803 1.335 1.384 1.346 1.172 1.235 1.226 1.023 0.731 0.281 0.157 0.198 -0.077 -0.1 0.259 0.482 0.797 0.76 1.066 1.092 0.799 0.714 0.831 0.795 0.533 0.833 -9 -9 -9 -9 -9 -9 -9 -9 -9 -9 -9 -9 -9 -9 -9 -9 -9 -9 -9 -9 -9 -9 -9 -9 -9 -9 -9 -9 -9 -9 -9 -9 -9 -9 -9 -9 -9 -9 -9 -9 -9 -9 -9 -9 -9 -9 -9 -9
0.397 0.739 0.752 0.898 1.406 1.424 1.332 1.135 1.363 1.323 1.036 0.518 0.254 0.472 0.513 0.498 0.488 0.18 0.428 0.978 1.207 1.349 1.417 1.389 1.226 0.989 1.074 0.941 1.124 -9 -9 -9 -9 -9 -9 -9 -9 -9 -9 -9 -9 -9 -9 -9 -9 -9 -9 -9 -9 -9 -9 -9 -9 -9 -9 -9 -9 -9 -9 -9 -9 -9 -9 -9 -9 -9 -9 -9 -9 -9 -9 -9 -9 -9 -9 -9 -9
0.729 0.902 0.802 0.944 1.428 1.496 1.365 1.266 1.445 1.28 0.815 0.353 0.496 0.84 1.082 1.104 0.825 0.426 0.835 1.329 1.532 1.526 1.484 1.466 1.446 1.34 1.227 1.205 1.261 -9 -9 -9 -9 -9 -9 -9 -9 -9 -9 -9 -9 -9 -9 -9 -9 -9 -9 -9 -9 -9 -9 -9 -9 -9 -9 -9 -9 -9 -9 -9 -9 -9 -9 -9 -9 -9 -9 -9 -9 -9 -9 -9 -9 -9 -9 -9 -9
0.983 0.968 0.74 1.083 1.474 1.522 1.354 1.384 1.497 1.174 0.495 0.18 0.602 0.946 1.314 1.375 1.194 1.227 1.476 1.568 1.468 1.298 1.056 0.996 1.114 1.298 1.347 1.357 -9 -9 -9 -9 -9 -9 -9 -9 -9 -9 -9 -9 -9 -9 -9 -9 -9 -9 -9 -9 -9 -9 -9 -9 -9 -9 -9 -9 -9 -9 -9 -9 -9 -9 -9 -9 -9 -9 -9 -9 -9 -9 -9 -9 -9 -9 -9 -9 -9
1.044 0.786 0.931 1.342 1.543 1.508 1.37 1.494 1.503 1.099 0.567 0.662 1.232 1.524 1.571 1.571 1.58 1.584 1.566 1.442 0.993 0.74 0.338 0.229 0.514 0.75 1.007 1.204 -9 -9 -9 -9 -9 -9 -9 -9 -9 -9 -9 -9 -9 -9 -9 -9 -9 -9 -9 -9 -9 -9 -9 -9 -9 -9 -9 -9 -9 -9 -9 -9 -9 -9 -9 -9 -9 -9 -9 -9 -9 -9 -9 -9 -9 -9 -9 -9 -9
