data/climatemaps/RS_maps/climate_postbreed_tmp_2018.asc
NCOLS 369 
NROWS 228 
XLLCORNER 479000 
YLLCORNER 73000 
CELLSIZE 1000 
NODATA_value -9 
[rows 140 to 174 of 228, columns 77 to 153 of 369]
0.979 0.905 0.889 0.946 0.929 0.913 0.863 0.737 0.585 0.547 0.624 0.709 0.701 0.801 0.934 0.957 0.966 0.988 0.87 0.538 0.297 0.245 0.472 0.127 0.174 0.487 0.417 0.489 0.574 0.28 0.113 0.083 -0.03 0.266 0.135 -0.006 -0.053 0.199 0.537 0.607 0.214 -0.151 -0.357 -0.486 -0.165 -0.241 -0.189 -0.263 0.297 0.028 -0.02 0.009 0.186 0.083 -0.329 -0.696 -0.7 -0.157 0.309 0.701 0.97 0.885 0.607 0.358 0.673 0.486 0.23 -0.184 -0.719 -0.777 -0.378 -0.347 -0.992 -1.137 -1.005 -0.604 -0.303
0.962 0.943 0.971 0.948 0.937 0.911 0.757 0.54 0.389 0.43 0.58 0.599 0.422 0.693 0.859 0.94 0.95 0.976 0.642 0.13 -0.091 0.12 0.431 0.195 0.191 0.488 0.058 0.189 0.341 -0.042 -0.08 -0.174 -0.2 0.286 0.153 -0.001 0.002 0.321 0.556 0.63 0.295 -0.209 -0.496 -0.414 -0.285 -0.417 -0.346 -0.041 0.323 -0.078 -0.369 -0.317 0.15 -0.183 -0.594 -0.662 -0.358 0.093 0.614 0.891 0.987 0.731 0.273 0.018 0.443 0.759 0.426 -0.348 -0.648 -0.414 -0.616 -0.819 -1.062 -1.307 -1.111 -0.64 -0.801
1.022 1.023 0.985 0.952 0.931 0.847 0.609 0.384 0.341 0.535 0.609 0.436 0.337 0.555 0.737 0.888 0.912 0.932 0.584 0.305 0.015 0.054 0.375 0.181 0.136 0.375 -0.19 -0.393 -0.27 -0.015 -0.264 -0.297 0.053 0.235 -0.058 -0.169 0.044 0.322 0.38 0.581 0.359 -0.211 -0.354 -0.46 -0.404 -0.138 0.103 0.337 0.154 -0.385 -0.65 -0.37 -0.027 -0.22 -0.873 -0.701 -0.03 0.288 0.691 0.916 0.967 0.599 0.075 -0.306 0.128 0.523 0.642 0.292 0.042 -0.218 -0.559 -0.521 -0.953 -1.203 -0.99 -0.832 -1.165
1.062 0.996 0.974 0.975 0.916 0.776 0.554 0.353 0.403 0.548 0.522 0.377 0.376 0.564 0.561 0.764 0.914 0.925 0.736 0.34 -0.121 0.118 0.243 -0.215 0.054 0.299 -0.362 -0.421 -0.232 -0.057 -0.357 -0.229 0.161 -0.001 -0.281 -0.259 0.074 0.192 0.392 0.649 0.346 0.044 -0.236 -0.45 -0.472 -0.553 -0.071 0.31 0.09 -0.164 -0.594 -0.649 -0.408 -0.158 -0.774 -0.393 0.043 0.498 0.803 0.784 0.956 0.611 0.133 -0.452 -0.131 0.175 0.528 -0.013 0.044 0.106 -0.029 -0.268 -0.71 -1.08 -0.997 -1.15 -1.079
1.013 0.991 0.995 0.977 0.884 0.649 0.402 0.264 0.385 0.447 0.307 0.261 0.273 0.42 0.335 0.668 0.909 0.969 0.734 0.196 -0.118 0.24 0.017 -0.301 -0.118 0.12 -0.169 -0.277 -0.189 -0.328 -0.408 -0.073 0.029 -0.314 -0.361 -0.114 -0.065 0.076 0.503 0.677 0.387 0.002 -0.359 -0.553 -0.63 -0.434 0.115 0.074 0.116 -0.343 -0.537 -0.848 -0.636 -0.326 -0.602 -0.129 0.326 0.645 0.586 0.387 0.923 0.658 0.11 -0.466 -0.479 -0.034 0.439 0.182 -0.172 -0.286 -0.437 -0.764 -1.047 -1.319 -1.296 -1.168 -0.844
1.027 1.004 0.988 0.963 0.838 0.537 0.276 0.229 0.39 0.319 0.111 -0.03 0.193 0.188 0.215 0.62 0.958 0.948 0.574 0.127 -0.165 0.052 -0.158 -0.474 -0.316 0.043 -0.144 -0.409 -0.407 -0.43 -0.222 -0.043 -0.23 -0.444 -0.309 -0.225 -0.169 0.049 0.553 0.67 0.36 0.042 -0.181 -0.435 -0.508 -0.231 -0.093 -0.25 0.052 -0.255 -0.659 -0.892 -1.005 -0.847 -0.42 0.114 0.575 0.573 0.285 0.143 0.867 0.716 0.096 -0.657 -0.803 -0.387 0.173 0.4 0.163 -0.295 -0.924 -1.218 -1.345 -1.181 -1.083 -0.804 -0.523
1.058 1 0.986 0.95 0.803 0.536 0.349 0.289 0.405 0.213 -0.075 -0.068 0.172 0.174 0.342 0.802 0.959 0.844 0.38 -0.029 -0.274 -0.353 -0.433 -0.454 -0.122 0.022 -0.242 -0.418 -0.194 -0.185 -0.287 -0.253 -0.337 -0.298 -0.135 -0.121 -0.083 0.261 0.499 0.612 0.435 0.137 -0.189 -0.478 -0.658 -0.571 -0.441 -0.462 -0.118 -0.159 -0.642 -0.82 -0.958 -0.695 -0.156 0.292 0.616 0.327 -0.069 -0.23 0.654 0.751 0.07 -0.603 -0.991 -0.83 -0.266 -0.053 0.02 -0.043 -0.543 -1.123 -1.415 -0.982 -0.608 -0.428 -0.224
1.087 1.018 0.996 0.951 0.816 0.667 0.566 0.446 0.424 0.124 0.003 0.254 0.407 0.344 0.638 0.915 0.879 0.677 0.337 0.07 -0.304 -0.61 -0.567 -0.385 -0.058 -0.093 -0.336 -0.305 -0.05 0.002 -0.295 -0.252 -0.245 -0.262 -0.02 0.143 0.214 0.378 0.308 0.449 0.511 -0.105 -0.327 -0.583 -0.691 -0.595 -0.531 -0.654 -0.344 -0.153 -0.444 -0.783 -0.631 -0.302 -0.001 0.387 0.501 0.129 -0.4 -0.584 0.254 0.75 0.248 -0.306 -0.759 -0.902 -0.587 -0.496 -0.456 -0.255 -0.258 -0.772 -1.285 -1.087 -0.377 -0.153 -0.1
1.077 0.996 1.008 0.95 0.774 0.653 0.626 0.556 0.384 0.21 0.197 0.267 0.33 0.549 0.869 0.932 0.7 0.479 0.314 0.01 -0.388 -0.632 -0.475 -0.285 0.048 -0.205 -0.176 -0.249 -0.084 0.087 -0.219 -0.268 -0.057 -0.008 0.153 0.277 0.321 0.185 0.1 0.408 0.482 -0.117 -0.316 -0.449 -0.186 -0.157 -0.286 -0.561 -0.635 -0.469 -0.568 -0.827 -0.373 -0.04 0.19 0.484 0.278 -0.097 -0.509 -0.656 -0.134 0.633 0.548 -0.11 -0.59 -1.022 -1.019 -0.859 -0.908 -0.622 -0.37 -0.662 -1.319 -1.36 -0.417 -0.51 -0.745
0.975 0.974 1.048 0.955 0.697 0.455 0.516 0.469 0.335 0.234 0.097 0.03 0.196 0.643 0.948 0.876 0.449 0.172 0.166 -0.049 -0.5 -0.421 -0.111 0.098 0.047 -0.035 0.066 -0.233 -0.072 0.162 -0.265 -0.158 0.054 0.217 0.218 0.138 0.105 -0.159 -0.052 0.46 0.565 0.178 -0.097 -0.098 0.006 -0.275 -0.296 -0.311 -0.533 -0.831 -0.919 -0.527 -0.101 0.087 0.341 0.43 0.077 -0.273 -0.478 -0.704 -0.353 0.461 0.533 -0.302 -0.856 -1.08 -0.987 -1.079 -1.173 -1.159 -0.872 -0.678 -1.205 -1.634 -1.214 -1.332 -1.062
0.934 1.09 1.05 0.797 0.726 0.58 0.518 0.338 0.182 0.046 -0.121 0.07 0.422 0.747 0.933 0.702 0.198 -0.133 -0.044 -0.29 -0.524 -0.216 0.19 0.345 0.208 0.241 0.028 -0.211 0.029 0.228 -0.123 0.102 0.26 0.23 0.064 -0.149 -0.155 -0.426 -0.163 0.32 0.594 0.502 0.154 0.162 -0.139 -0.447 -0.56 -0.651 -0.669 -0.947 -0.903 -0.391 -0.135 0.035 0.382 0.303 -0.076 -0.383 -0.682 -0.882 -0.425 0.36 0.479 -0.212 -0.511 -0.585 -0.466 -0.905 -1.225 -1.61 -1.43 -1.089 -1.2 -1.65 -1.385 -1.294 -0.855
1.095 1.182 0.963 0.559 0.58 0.588 0.448 0.384 0.27 0.026 0.083 0.329 0.599 0.842 0.878 0.534 0.209 -0.164 -0.379 -0.464 -0.229 0.066 0.173 0.287 0.432 0.347 0.242 0.216 0.366 0.387 0.275 0.366 0.364 0.093 -0.171 -0.317 -0.333 -0.484 -0.19 0.207 0.353 0.471 0.525 0.272 -0.046 -0.31 -0.683 -1.177 -0.977 -0.764 -0.456 -0.429 -0.207 0.164 0.388 0.114 -0.246 -0.598 -0.872 -0.691 -0.153 0.447 0.501 0.18 -0.066 -0.096 -0.158 -0.913 -1.533 -1.899 -2.086 -1.922 -1.581 -1.442 -1.286 -1.231 -0.978
1.272 1.182 0.884 0.435 0.525 0.393 0.229 0.142 0.254 -0.037 0.13 0.528 0.746 0.89 0.634 0.141 -0.048 -0.283 -0.344 -0.224 0.236 0.329 0.119 0.264 0.561 0.574 0.586 0.574 0.561 0.585 0.585 0.544 0.408 -0.026 -0.327 -0.296 -0.291 -0.328 -0.239 0.04 0.027 0.096 0.535 0.412 -0.077 -0.234 -0.474 -1.102 -0.84 -0.266 -0.028 -0.038 0.082 0.341 0.257 0.113 -0.275 -0.74 -0.89 -0.58 -0.05 0.5 0.163 -0.078 -0.379 -0.567 -0.631 -0.978 -1.682 -2.236 -1.928 -1.611 -1.508 -1.583 -1.529 -1.713 -1.414
1.306 1.196 0.919 0.504 0.654 0.305 0.049 0.02 0.051 -0.069 0.265 0.646 0.727 0.783 0.604 0.246 0.078 -0.012 -0.049 0.345 0.585 0.566 0.433 0.585 0.654 0.536 0.386 0.379 0.353 0.285 0.514 0.602 0.483 0.109 0.033 0.104 0.086 0.034 -0.21 -0.174 -0.249 -0.098 0.301 0.541 0.081 -0.353 -0.527 -0.929 -0.622 -0.172 -0.162 0.12 0.141 0.33 -0.046 -0.019 -0.531 -1.049 -0.812 -0.337 0.065 0.323 -0.391 -0.826 -1.019 -1.357 -1.363 -1.381 -1.844 -1.68 -1.331 -1.361 -1.497 -1.683 -1.892 -2.088 -1.951
1.358 1.279 1.078 0.809 0.772 0.51 0.194 0.145 -0.131 0.058 0.492 0.633 0.388 0.768 0.75 0.548 0.637 0.502 0.486 0.724 0.748 0.697 0.678 0.544 0.242 0.089 -0.017 -0.02 -0.088 0.229 0.242 0.525 0.559 0.425 0.286 0.108 -0.144 -0.079 -0.253 -0.414 -0.311 -0.273 0.14 0.603 0.343 -0.001 -0.328 -0.704 -0.634 -0.397 -0.23 0.04 -0.086 0.247 -0.279 -0.759 -1.089 -1.305 -0.36 -0.146 0.11 -0.082 -0.726 -1.162 -1.445 -1.745 -2.155 -1.754 -1.473 -1.131 -1.209 -1.505 -1.762 -1.889 -1.921 -1.778 -1.613
1.429 1.365 1.239 1.056 0.83 0.599 0.322 0.305 -0.014 0.17 0.624 0.393 0.02 0.356 0.638 0.753 0.755 0.734 0.797 0.738 0.545 0.417 0.402 0.299 -0.227 -0.42 -0.559 -0.287 0.003 0.129 0.034 0.461 0.529 0.464 0.041 -0.092 -0.401 -0.501 -0.155 -0.672 -0.431 -0.401 0.189 0.558 0.558 0.25 -0.081 -0.44 -0.635 -0.301 -0.14 -0.093 -0.194 0.185 -0.408 -1.235 -1.512 -0.873 -0.276 -0.579 -0.245 0.144 -0.17 -0.511 -0.757 -1.205 -1.715 -1.141 -0.583 -0.952 -1.453 -1.822 -1.951 -1.777 -1.626 -1.415 -1.066
1.497 1.45 1.351 1.094 0.759 0.739 0.634 0.458 0.072 0.206 0.449 0.406 0.087 0.12 0.159 0.276 0.34 0.552 0.644 0.499 0.155 0.101 0.001 0.128 -0.187 -0.597 -0.419 -0.162 0.099 0 0.164 0.523 0.282 0.293 0.081 -0.476 -0.492 -0.934 -0.251 -0.604 -0.607 -0.157 0.185 0.43 0.623 0.283 -0.122 -0.386 -0.456 -0.307 -0.367 -0.401 -0.422 -0.086 -0.508 -0.912 -1.069 -0.578 -0.5 -0.505 -0.422 -0.576 -0.23 -0.201 -0.131 -0.422 -0.801 -0.45 -0.486 -1.222 -1.822 -1.801 -1.623 -1.434 -1.145 -1.268 -0.71
1.537 1.499 1.452 1.27 1.011 0.926 0.606 0.284 -0.068 -0.1 0.157 0.408 0.279 0.006 -0.142 0.027 0.182 0.259 0.317 0.508 0.18 -0.141 -0.34 -0.082 -0.294 -0.617 -0.25 -0.113 0.015 0.119 0.348 0.457 -0.093 0.138 0.207 -0.515 -0.587 -0.939 -0.392 -0.552 -0.429 -0.115 -0.021 0.18 0.601 0.471 0.022 -0.344 -0.527 -0.543 -0.575 -0.947 -0.734 -0.474 -0.697 -1.077 -1.032 -0.65 -0.638 -0.439 -0.759 -1.255 -1.126 -0.932 -0.713 -0.135 -0.232 -0.38 -1.039 -1.62 -1.771 -1.445 -1.052 -1.258 -0.793 -0.828 -0.481
1.542 1.535 1.529 1.461 1.195 0.854 0.586 0.153 -0.198 -0.213 0.016 0.263 0.448 0.081 0.079 0.207 -0.013 0.007 0.169 0.478 0.405 0.014 -0.347 -0.366 -0.544 -0.613 -0.367 -0.137 -0.042 -0.077 0.231 0.366 -0.222 0.043 0.336 -0.132 -0.425 -0.703 -0.492 -0.555 -0.322 -0.309 -0.226 0.149 0.482 0.543 0.316 -0.049 -0.337 -0.544 -0.95 -0.946 -0.612 -0.564 -0.784 -1.144 -1.151 -0.966 -0.645 -0.713 -0.997 -1.61 -1.822 -1.602 -1.234 -0.612 -0.802 -1.185 -1.496 -1.562 -1.41 -1.132 -0.644 -0.684 -0.534 -0.313 -0.299
1.54 1.535 1.532 1.52 1.342 0.918 0.517 0.183 0.093 -0.06 -0.058 -0.01 0.287 0.31 0.296 0.274 0.098 0.073 0.146 0.218 0.359 0.316 0.072 -0.014 -0.137 -0.439 -0.587 -0.422 -0.457 -0.358 0.211 0.359 -0.084 -0.142 0.347 0.231 -0.023 -0.264 -0.482 -0.542 -0.362 -0.397 -0.17 0.269 0.236 0.23 0.447 0.306 -0.033 -0.484 -0.861 -1.004 -0.988 -0.904 -1.106 -1.368 -1.263 -0.973 -0.819 -1.242 -1.241 -1.679 -2.106 -2.176 -1.423 -1.155 -1.438 -1.662 -1.365 -1.09 -0.934 -0.718 -0.395 -0.159 -0.176 -0.366 -0.631
1.537 1.535 1.53 1.528 1.468 0.967 0.555 0.514 0.442 0.002 -0.218 -0.062 0.205 0.292 0.171 0.138 0.042 0.125 0.146 -0.053 0.007 0.234 0.127 0.041 0.12 -0.348 -0.741 -0.444 -0.206 -0.069 0.343 0.366 -0.038 -0.174 0.253 0.367 0.124 -0.138 -0.335 -0.524 -0.438 -0.284 -0.104 0.211 0.122 -0.179 0.071 0.177 -0.169 -0.89 -1.098 -1.433 -1.584 -1.478 -1.484 -1.49 -1.251 -0.906 -0.966 -1.524 -1.769 -1.592 -1.748 -1.787 -1.53 -1.363 -1.352 -1.262 -0.96 -0.667 -0.443 -0.175 -0.025 -0.155 -0.565 -0.979 -1.345
1.538 1.531 1.529 1.529 1.498 1.192 0.925 0.659 0.306 -0.084 -0.002 0.131 0.078 0.112 0.023 -0.102 -0.23 0.07 0.126 -0.068 -0.146 0.04 -0.032 -0.354 0.097 -0.266 -0.561 -0.101 0.003 0.05 0.374 0.371 -0.039 -0.129 0.065 0.364 0.149 -0.207 -0.387 -0.567 -0.397 -0.215 -0.233 -0.087 0.057 -0.391 -0.479 -0.301 -0.637 -1.178 -1.554 -1.881 -1.681 -1.588 -1.449 -1.282 -1.166 -0.886 -1.095 -1.442 -1.521 -1.2 -1.077 -1.275 -1.596 -1.187 -0.95 -0.71 -0.46 -0.206 0.033 0.113 -0.174 -0.598 -1.133 -1.616 -1.896
1.531 1.529 1.526 1.519 1.507 1.357 0.796 0.18 -0.078 0.01 0.066 0.053 -0.176 -0.072 -0.135 -0.406 -0.241 0.092 0.073 -0.021 -0.211 -0.247 -0.203 -0.405 0.005 -0.349 -0.336 -0.05 -0.288 -0.155 0.322 0.37 0.034 -0.251 -0.11 0.245 0.124 -0.408 -0.61 -0.629 -0.451 -0.485 -0.419 -0.258 -0.208 -0.708 -1.047 -0.874 -0.989 -1.291 -1.693 -1.882 -1.601 -1.311 -1.11 -0.997 -1.014 -0.761 -0.838 -0.828 -0.709 -0.639 -0.872 -1.334 -1.443 -1.151 -0.857 -0.376 0.013 0.181 0.056 -0.192 -0.687 -1.1 -1.642 -2.185 -1.975
1.523 1.518 1.514 1.51 1.509 1.365 0.525 0.108 0.082 0.075 -0.112 -0.324 -0.33 -0.112 -0.341 -0.378 -0.097 0.131 -0.164 -0.321 -0.493 -0.698 -0.565 -0.453 -0.289 -0.453 -0.158 -0.175 -0.398 -0.155 0.358 0.379 -0.03 -0.393 -0.266 -0.111 -0.046 -0.406 -0.718 -0.942 -0.783 -0.67 -0.521 -0.666 -0.779 -1.078 -1.319 -1.32 -1.315 -1.39 -1.558 -1.648 -1.706 -1.503 -1.37 -1.273 -1.27 -0.377 -0.163 -0.177 -0.284 -0.663 -1.28 -1.51 -1.392 -1.12 -0.84 -0.259 0.221 -0.098 -0.456 -0.797 -1.244 -1.619 -1.867 -2.183 -1.981
1.523 1.515 1.515 1.509 1.505 1.122 0.421 0.206 0.061 -0.179 -0.386 -0.577 -0.291 0.073 -0.01 -0.053 0.129 0.01 -0.491 -0.682 -0.757 -0.863 -0.848 -0.693 -0.617 -0.535 -0.188 -0.351 -0.187 0.171 0.377 0.416 -0.064 -0.643 -0.802 -0.497 -0.342 -0.636 -0.992 -1.186 -1.067 -1.11 -1.047 -1.067 -1.079 -1.336 -1.504 -1.48 -1.452 -1.47 -1.528 -1.541 -1.534 -1.619 -1.57 -1.405 -1.176 -0.171 0.231 -0.094 -0.621 -1.124 -1.489 -1.376 -1.337 -1.152 -0.743 -0.185 0.156 -0.557 -0.976 -1.428 -1.755 -1.624 -1.424 -1.555 -1.64
1.504 1.509 1.512 1.515 1.389 0.759 0.248 0.027 -0.145 -0.44 -0.616 -0.422 -0.104 0.168 0.374 0.219 0.257 -0.042 -0.359 -0.385 -0.355 -0.368 -0.519 -0.425 -0.475 -0.549 -0.413 -0.234 0.136 0.217 0.029 -0.055 -0.158 -0.911 -1.167 -0.743 -0.636 -1.244 -1.246 -1.396 -1.481 -1.303 -1.037 -1.131 -1.349 -1.382 -1.304 -1.513 -1.532 -1.382 -1.291 -1.165 -1.149 -1.392 -1.384 -1.053 -0.546 0.074 0.222 -0.43 -0.916 -1.291 -1.123 -1.041 -1.286 -0.997 -0.799 -0.102 0.19 -0.701 -1.39 -1.733 -1.747 -1.319 -0.843 -1.151 -1.396
1.445 1.509 1.508 1.508 1.492 1.088 0.402 0.083 0.25 -0.062 -0.479 -0.176 0.246 0.423 0.625 0.538 0.456 0.393 0.196 0.183 0.183 0.142 0.022 -0.076 -0.242 -0.331 -0.222 0.033 0.268 -0.102 -0.642 -0.636 -0.577 -0.857 -1.125 -0.814 -0.815 -1.365 -1.672 -1.609 -1.325 -1.002 -0.739 -1.127 -1.247 -1.193 -1.153 -1.28 -1.391 -1.466 -0.896 -0.726 -1.016 -1.228 -1.257 -0.966 -0.066 0.298 -0.049 -0.451 -0.827 -1.062 -0.89 -0.844 -1.218 -1.236 -0.899 -0.25 0.308 -0.451 -1.344 -1.353 -1.318 -1.158 -0.432 -1.156 -1.176
1.213 1.502 1.503 1.503 1.508 1.33 0.849 0.617 0.459 0.045 -0.324 0.09 0.406 0.719 0.705 0.481 0.487 0.499 0.521 0.501 0.459 0.462 0.382 0.197 0.069 0.002 -0.057 -0.134 -0.175 -0.409 -1.106 -0.996 -0.725 -1.119 -1.362 -1.16 -1.364 -1.675 -1.895 -1.585 -1.288 -0.964 -0.318 -0.381 -0.68 -0.891 -0.807 -0.944 -1.09 -1.086 -0.823 -0.42 -0.646 -0.889 -0.971 -0.893 0.042 0.439 0.119 -0.26 -0.515 -0.834 -0.68 -0.742 -1.122 -0.995 -0.791 -0.135 0.405 -0.405 -1.22 -1.047 -1.011 -0.876 -0.345 -1.198 -1.218
0.904 1.464 1.505 1.502 1.502 1.459 1.026 0.924 0.536 -0.006 0.078 0.333 0.534 0.793 0.38 0.177 0.087 -0.026 0.049 0.037 0.16 0.28 0.481 0.295 0.044 -0.196 -0.608 -0.888 -0.752 -0.66 -1.285 -1.022 -0.76 -1.064 -1.608 -1.615 -1.503 -1.604 -1.552 -1.259 -1.264 -1.197 -0.743 -0.225 -0.067 -0.451 -0.405 -0.914 -0.8 -0.613 -0.602 -0.309 -0.146 -0.411 -0.638 -0.572 -0.051 0.535 0.451 0.132 -0.309 -0.634 -0.451 -0.581 -0.798 -0.651 -0.473 0.209 0.459 -0.471 -0.971 -0.721 -0.735 -0.558 -0.25 -1.022 -0.958
1.036 1.441 1.502 1.502 1.502 1.497 1.335 1.189 0.592 0.298 0.532 0.638 0.834 0.712 0.187 -0.243 -0.146 -0.328 -0.257 -0.353 -0.114 0.072 0.344 0.012 -0.559 -0.866 -1.156 -1.389 -0.958 -1.086 -1.389 -0.979 -0.805 -1.072 -1.394 -1.278 -1.196 -1.269 -1.426 -1.3 -1.123 -0.733 -0.53 -0.203 0.271 -0.091 -0.47 -0.658 -0.465 -0.256 -0.101 0.01 0.268 0.088 -0.011 0.02 0.038 0.531 0.773 0.325 -0.048 -0.214 0.075 -0.124 -0.326 -0.201 -0.124 0.562 0.465 -0.35 -0.387 -0.152 -0.242 -0.016 -0.135 -0.512 -0.616
0.77 1.304 1.496 1.505 1.504 1.507 1.489 1.384 0.899 0.77 0.954 0.969 0.664 0.4 -0.167 -0.423 -0.334 -0.369 -0.343 -0.332 -0.149 0.023 -0.002 0.1 -0.539 -1.234 -1.573 -1.601 -1.294 -1.279 -1.059 -0.914 -0.821 -0.931 -1.185 -1.245 -1.069 -1.083 -1.187 -1.295 -1.145 -0.837 -0.516 -0.174 0.384 -0.066 -0.511 -0.371 -0.086 0.146 0.425 0.519 0.686 0.607 0.651 0.673 0.617 0.775 0.972 0.607 0.422 0.297 0.509 0.267 0.22 0.279 0.362 0.914 0.597 0.382 0.275 0.368 0.38 0.361 0.093 0.036 0.045
0.646 1.12 1.47 1.509 1.509 1.508 1.502 1.472 1.285 1.156 1.074 0.78 0.293 -0.039 -0.187 -0.277 -0.3 -0.268 -0.164 -0.149 -0.255 -0.233 -0.48 -0.255 -0.709 -1.375 -1.657 -1.583 -1.389 -1.227 -1.056 -0.887 -0.648 -0.434 -0.758 -0.855 -0.726 -1.02 -0.834 -0.914 -0.79 -0.502 -0.185 0.149 0.615 0.007 -0.108 -0.026 0.222 0.482 0.8 0.998 1.029 1.104 1.181 1.111 1.124 1.209 1.212 1.039 0.918 0.759 0.794 0.779 0.845 0.873 0.967 1.198 1.052 1.051 0.91 0.877 0.897 0.719 0.649 0.632 0.709
0.598 1.022 1.359 1.506 1.509 1.509 1.509 1.487 1.372 1.138 0.981 0.628 0.207 0.086 0.139 -0.054 -0.016 0.037 -0.005 -0.07 -0.326 -0.62 -1.06 -1.131 -1.365 -1.733 -1.298 -1.224 -1.172 -1.081 -0.964 -0.946 -0.62 -0.16 -0.198 -0.242 -0.508 -1.039 -0.502 -0.512 -0.491 -0.141 0.25 0.589 0.617 0.2 0.165 0.277 0.499 0.716 0.977 1.212 1.285 1.367 1.404 1.387 1.4 1.37 1.319 1.275 1.245 1.162 1.177 1.257 1.279 1.292 1.284 1.253 1.207 1.208 1.245 1.244 1.206 1.204 1.117 1.103 1.148
0.412 0.785 1.106 1.503 1.509 1.509 1.509 1.504 1.441 1.304 1.097 0.619 0.421 0.48 0.347 0.123 0.162 0.05 -0.178 -0.256 -0.358 -0.571 -0.927 -1.161 -1.351 -1.328 -0.71 -0.408 -0.503 -0.521 -0.744 -0.971 -0.755 -0.345 0.029 0.222 -0.475 -0.95 -0.299 -0.135 -0.129 0.21 0.552 0.809 0.499 0.314 0.322 0.47 0.734 1.041 1.238 1.37 1.417 1.449 1.435 1.395 1.33 1.266 1.214 1.203 1.284 1.332 1.324 1.228 1.225 1.034 0.967 0.869 0.728 0.765 0.941 1.058 1.103 1.151 1.173 1.162 1.181
0.102 0.39 0.853 1.444 1.509 1.51 1.513 1.509 1.465 1.483 1.223 0.832 0.78 0.76 0.527 0.349 0.242 0.088 -0.074 -0.109 -0.075 -0.289 -0.52 -0.684 -0.776 -0.627 -0.233 0.091 0.038 -0.355 -0.844 -0.896 -0.675 -0.352 0.07 0.495 -0.297 -0.536 -0.004 0.107 0.224 0.504 0.781 0.928 0.599 0.471 0.541 0.706 0.959 1.283 1.432 1.476 1.468 1.362 1.164 0.983 0.724 0.726 0.981 0.796 0.976 1.092 0.991 0.849 0.985 0.58 0.374 0.238 0.135 0.285 0.498 0.696 0.704 0.63 0.637 0.627 0.671
