data/climatemaps/RS_maps/climate_breeding_pr_1999.asc
NCOLS 369 
NROWS 228 
XLLCORNER 479000 
YLLCORNER 73000 
CELLSIZE 1000 
NODATA_value -9 
[rows 170 to 203 of 228, columns 156 to 233 of 369]
-0.673 -0.605 -0.59 -0.686 -0.699 -0.768 -0.944 -1.033 -1.05 -1.024 -0.924 -0.668 -0.317 0.083 0.517 0.957 1.268 1.443 1.611 1.587 1.427 1.338 1.278 1.371 1.732 1.891 1.753 1.419 1.192 1.095 1.109 1.241 1.351 1.516 1.74 1.65 1.331 0.888 0.857 1.236 1.549 2.065 2.586 2.753 2.677 2.423 2.186 1.885 1.716 1.51 1.486 1.538 1.347 0.822 0.311 0.459 0.755 0.978 1.239 1.523 1.75 1.871 1.736 1.82 1.967 2.122 2.341 2.353 1.685 0.982 0.877 1.224 1.687 2.115 2.326 2.576 2.574 2.468
-0.985 -0.927 -0.913 -0.975 -1.008 -1.035 -1.078 -1.081 -1.046 -0.993 -0.884 -0.627 -0.276 0.059 0.397 0.873 1.259 1.524 1.751 1.751 1.581 1.608 1.656 1.64 1.968 1.936 1.747 1.4 1.075 1.028 1.051 1.045 1.093 1.345 1.46 1.277 0.896 0.592 0.937 1.496 1.964 2.297 2.763 2.721 2.483 2.169 1.95 1.69 1.368 1.088 0.978 1.04 0.926 0.633 0.349 0.418 0.717 0.828 0.977 1.322 1.413 1.724 1.866 1.817 1.688 1.68 1.918 2.011 1.651 1.029 1.019 1.302 1.718 1.959 2.124 2.503 2.669 2.635
-1.25 -1.205 -1.196 -1.203 -1.19 -1.138 -1.065 -1.013 -0.969 -0.897 -0.767 -0.573 -0.351 -0.097 0.257 0.706 1.13 1.509 1.79 1.842 1.662 1.724 1.855 1.889 2.016 1.947 1.842 1.49 1.01 0.944 0.91 0.786 0.904 1.117 1.058 0.783 0.511 0.577 1.057 1.667 2.22 2.595 2.903 2.797 2.549 2.242 1.995 1.673 1.279 0.896 0.799 0.924 0.913 0.851 0.664 0.477 0.484 0.562 0.742 1 1.138 1.347 1.534 1.693 1.922 1.876 1.799 1.701 1.461 1.099 1.265 1.563 1.703 1.776 2.026 2.416 2.503 2.56
-1.428 -1.404 -1.361 -1.28 -1.194 -1.018 -0.867 -0.791 -0.762 -0.756 -0.685 -0.604 -0.484 -0.277 0.092 0.56 1.061 1.533 1.738 1.718 1.701 1.666 1.735 1.911 2.001 2.013 1.995 1.462 0.808 0.71 0.726 0.595 0.841 0.909 0.645 0.303 0.29 0.715 1.213 1.853 2.435 2.799 2.916 2.88 2.484 2.017 1.696 1.417 1.034 0.76 0.931 1.41 1.437 1.354 1.2 0.821 0.483 0.41 0.475 0.61 0.828 0.912 1.161 1.467 1.832 2 2.049 1.825 1.482 1.174 1.358 1.638 1.678 1.611 1.904 2.177 2.225 2.442
-1.43 -1.397 -1.292 -1.158 -1.077 -0.814 -0.547 -0.418 -0.458 -0.586 -0.592 -0.511 -0.396 -0.213 0.077 0.525 1.036 1.415 1.481 1.424 1.401 1.344 1.475 1.73 1.883 1.94 1.833 1.409 0.9 0.567 0.419 0.454 0.645 0.641 0.363 0.058 0.236 0.814 1.446 1.995 2.391 2.698 2.793 2.669 2.341 1.836 1.503 1.279 1.035 1.005 1.347 1.741 1.825 1.79 1.714 1.317 0.949 0.697 0.473 0.408 0.51 0.657 1.013 1.351 1.459 1.833 2.165 2.144 1.805 1.36 1.26 1.514 1.664 1.458 1.598 1.789 2.09 2.412
-1.369 -1.256 -1.089 -0.948 -0.944 -0.585 -0.24 -0.067 -0.202 -0.355 -0.428 -0.293 -0.196 -0.016 0.249 0.619 1.118 1.217 1.163 1.054 1.033 1.053 1.242 1.474 1.578 1.694 1.609 1.488 1.249 0.719 0.324 0.225 0.348 0.344 0.064 -0.12 0.202 0.814 1.537 2.086 2.428 2.588 2.65 2.452 2.216 1.89 1.801 1.711 1.426 1.438 1.724 2.116 2.241 2.249 2.09 1.698 1.503 1.224 0.849 0.544 0.417 0.521 0.854 1.081 1.113 1.523 1.973 2.217 2.089 1.72 1.338 1.344 1.436 1.264 1.329 1.634 2.016 2.304
-1.328 -1.176 -0.965 -0.785 -0.743 -0.412 -0.034 0.091 0.012 -0.027 -0.174 -0.147 -0.034 0.158 0.5 0.813 1.056 1.147 1.019 0.875 0.852 0.913 1.028 1.163 1.392 1.622 1.798 1.758 1.465 1.051 0.498 0.122 0 -0.025 -0.161 -0.088 0.332 0.94 1.62 2.056 2.402 2.573 2.722 2.814 2.599 2.269 2.287 2.163 2.051 2.054 2.192 2.361 2.443 2.48 2.376 2.166 2.092 1.775 1.4 0.893 0.519 0.462 0.664 0.731 0.839 1.226 1.651 2.131 2.228 1.985 1.609 1.272 1.119 1.04 1.155 1.464 1.741 2.02
-1.296 -1.133 -0.914 -0.642 -0.572 -0.237 0.169 0.279 0.293 0.266 0.039 -0.073 0.106 0.337 0.66 0.837 1.107 1.309 1.096 0.889 0.717 0.679 0.639 0.777 1.114 1.403 1.754 1.844 1.605 1.258 0.666 0.192 -0.129 -0.21 -0.22 0.005 0.471 1.04 1.685 2.07 2.407 2.703 3.085 3.137 2.868 2.586 2.6 2.512 2.439 2.408 2.465 2.477 2.456 2.485 2.567 2.485 2.446 2.147 1.715 1.226 0.772 0.495 0.484 0.531 0.742 1.138 1.518 1.962 2.177 2.185 2.001 1.672 1.217 1.012 1.219 1.454 1.659 1.859
-1.242 -1.091 -0.846 -0.579 -0.453 -0.161 0.191 0.338 0.343 0.239 0.075 -0.027 0.076 0.319 0.67 1.064 1.389 1.399 1.201 1.041 0.625 0.317 0.271 0.384 0.6 0.887 1.203 1.498 1.533 1.191 0.773 0.335 -0.049 -0.224 -0.113 0.182 0.59 1.125 1.676 2.069 2.485 2.924 3.22 3.209 3.048 2.835 2.717 2.54 2.375 2.268 2.293 2.364 2.321 2.195 2.455 2.359 2.428 2.207 1.876 1.629 1.142 0.644 0.41 0.433 0.66 0.959 1.258 1.692 2.131 2.322 2.258 2.063 1.439 0.986 1.362 1.664 1.865 1.963
-1.213 -1.089 -0.795 -0.477 -0.394 -0.139 0.208 0.335 0.251 0.136 0.1 0.089 0.135 0.319 0.71 1.153 1.47 1.349 1.218 1.125 0.611 0.287 0.163 0.063 0.156 0.434 0.73 1.022 1.172 0.969 0.704 0.379 0.025 -0.173 -0.021 0.252 0.643 1.146 1.604 1.914 2.381 2.897 3.15 3.232 3.21 2.953 2.692 2.425 2.172 2.001 1.977 2.026 2.021 1.918 2.107 2.03 2.157 2.153 2.098 1.967 1.517 0.953 0.538 0.37 0.409 0.604 0.925 1.39 1.844 2.186 2.158 1.896 1.408 1.069 1.251 1.497 1.763 2.001
-1.104 -0.987 -0.739 -0.419 -0.259 -0.073 0.24 0.298 0.195 0.091 0.134 0.163 0.204 0.283 0.636 0.918 1.181 1.264 1.198 1.038 0.618 0.439 0.298 0.039 -0.098 0.05 0.337 0.578 0.726 0.74 0.557 0.313 0.063 -0.09 0.041 0.343 0.751 1.072 1.439 1.752 2.326 2.719 2.894 3.087 3.301 3.139 2.901 2.581 2.284 2.08 2.051 1.92 1.802 1.691 1.625 1.607 1.738 1.943 2.134 1.989 1.574 1.164 0.735 0.398 0.268 0.325 0.623 1.032 1.524 2.062 2.048 1.879 1.464 1.063 1.07 1.252 1.544 1.838
-1.036 -0.879 -0.651 -0.336 -0.155 -0.047 0.314 0.346 0.194 0.092 0.056 0.036 0.065 0.132 0.471 0.58 0.794 0.965 1.038 0.898 0.531 0.367 0.174 0.006 -0.171 -0.189 -0.026 0.169 0.304 0.514 0.516 0.283 0.08 -0.026 0.219 0.608 0.91 0.903 1.17 1.579 2.068 2.394 2.714 3.074 3.12 3.111 2.928 2.764 2.58 2.413 2.352 2.188 2.07 1.914 1.595 1.275 1.391 1.687 1.776 1.666 1.459 1.273 1.005 0.63 0.381 0.267 0.445 0.772 1.247 1.839 2.06 1.981 1.662 1.197 0.933 1.058 1.359 1.58
-1.038 -0.824 -0.589 -0.287 -0.09 0.02 0.352 0.437 0.33 0.227 -0.019 -0.142 -0.094 0.052 0.293 0.298 0.375 0.518 0.624 0.573 0.322 0.074 -0.149 -0.223 -0.235 -0.268 -0.241 -0.134 -0.005 0.32 0.544 0.338 0.099 0.067 0.409 0.795 0.96 0.831 1.14 1.671 2.037 2.309 2.695 2.957 2.894 2.8 2.656 2.538 2.48 2.406 2.338 2.229 2.047 1.882 1.61 1.195 1.229 1.384 1.396 1.254 1.128 1.137 1.111 0.841 0.507 0.292 0.447 0.828 1.243 1.61 1.706 1.659 1.427 1.084 0.918 1.111 1.34 1.526
-1.053 -0.85 -0.605 -0.293 -0.044 0.12 0.334 0.529 0.569 0.444 0.18 -0.15 -0.166 -0.046 0.135 0.176 0.06 0.122 0.153 0.142 -0.075 -0.271 -0.393 -0.408 -0.35 -0.287 -0.266 -0.214 -0.121 0.193 0.584 0.449 0.111 0.122 0.519 0.861 0.829 0.734 1.217 1.792 2.147 2.318 2.674 2.868 2.819 2.648 2.433 2.202 2.176 2.155 2.168 2.106 1.805 1.601 1.4 1.088 0.995 1.003 0.991 0.847 0.78 0.862 0.985 0.79 0.457 0.244 0.328 0.711 1.09 1.376 1.402 1.426 1.218 0.889 0.841 1.041 1.242 1.39
-1.036 -0.876 -0.622 -0.311 -0.027 0.177 0.364 0.628 0.689 0.531 0.325 -0.012 -0.189 -0.188 -0.051 -0.007 -0.157 -0.137 -0.175 -0.214 -0.292 -0.322 -0.281 -0.181 -0.059 0.071 0.127 0.102 0.044 0.175 0.56 0.513 0.157 0.165 0.522 0.718 0.687 0.829 1.238 1.689 2.127 2.396 2.639 2.734 2.735 2.746 2.569 2.283 2.181 2.062 1.967 1.897 1.843 1.791 1.571 1.234 1.007 0.803 0.751 0.704 0.647 0.592 0.672 0.618 0.397 0.251 0.235 0.543 0.87 1.031 1.04 0.991 0.901 0.707 0.712 0.804 0.902 1.014
-0.934 -0.858 -0.609 -0.374 -0.131 0.12 0.403 0.689 0.725 0.607 0.513 0.299 -0.01 -0.258 -0.265 -0.245 -0.162 -0.055 -0.248 -0.305 -0.09 0.012 0.19 0.325 0.514 0.668 0.759 0.677 0.506 0.234 0.518 0.619 0.24 0.104 0.421 0.527 0.687 0.887 1.195 1.723 2.149 2.256 2.335 2.46 2.399 2.666 2.511 2.406 2.496 2.241 2.203 2.09 2.136 2.014 1.809 1.423 1.197 0.854 0.832 0.765 0.672 0.494 0.495 0.421 0.301 0.216 0.171 0.396 0.613 0.646 0.626 0.591 0.545 0.457 0.451 0.478 0.555 0.654
-0.756 -0.821 -0.62 -0.45 -0.243 0.025 0.341 0.696 0.851 0.853 0.802 0.632 0.316 -0.108 -0.197 -0.104 0.008 0.002 -0.168 -0.004 0.266 0.417 0.596 0.757 0.872 0.996 1.149 1.139 0.945 0.475 0.464 0.483 0.168 0.07 0.29 0.424 0.57 0.792 1.23 1.747 2.031 2.042 1.97 1.989 2.124 2.344 2.431 2.455 2.525 2.382 2.351 2.219 2.115 2.004 1.787 1.429 1.102 0.884 0.758 0.633 0.551 0.458 0.463 0.464 0.381 0.249 0.168 0.209 0.293 0.306 0.302 0.3 0.284 0.258 0.245 0.257 0.31 0.382
-0.522 -0.779 -0.649 -0.49 -0.304 -0.076 0.221 0.662 1.031 1.116 1.043 0.866 0.532 0.068 0.127 0.198 0.087 -0.063 0.057 0.339 0.568 0.636 0.758 0.913 0.975 1.016 1.309 1.37 1.142 0.59 0.378 0.297 0.016 0.028 0.195 0.304 0.444 0.833 1.271 1.767 1.836 1.797 1.659 1.606 1.809 1.974 2.23 2.253 2.431 2.399 2.343 2.161 1.895 1.681 1.487 1.154 0.844 0.724 0.606 0.527 0.523 0.544 0.672 0.708 0.57 0.344 0.199 0.121 0.11 0.115 0.123 0.135 0.14 0.141 0.151 0.18 0.234 0.3
-0.209 -0.56 -0.682 -0.571 -0.411 -0.169 0.173 0.58 0.994 1.08 1.03 0.885 0.535 0.322 0.435 0.401 0.17 0.093 0.333 0.53 0.678 0.705 0.74 0.783 0.828 0.969 1.246 1.246 1.036 0.633 0.325 0.167 0.005 -9 -9 0.307 0.634 1.094 1.483 1.729 1.804 1.807 1.631 1.422 1.607 1.697 1.805 1.854 2.039 2.134 2.011 1.858 1.639 1.287 1.058 0.848 0.694 0.637 0.656 0.747 0.778 0.844 0.955 0.965 0.719 0.426 0.231 0.113 0.056 0.04 0.045 0.061 0.082 0.113 0.16 0.223 0.299 0.374
0.096 -0.273 -0.661 -0.654 -0.461 -0.207 0.073 0.424 0.945 0.941 0.898 0.819 0.508 0.577 0.687 0.605 0.28 0.377 0.674 0.73 0.862 0.831 0.717 0.616 0.599 0.866 1.175 1.191 1.014 0.703 0.298 0.092 -0.022 -9 -9 -9 0.88 1.243 1.496 1.528 1.583 1.576 1.455 1.195 1.278 1.296 1.405 1.47 1.625 1.72 1.64 1.476 1.35 1.035 0.841 0.789 0.76 0.798 0.908 1.117 1.219 1.259 1.209 1.051 0.696 0.409 0.229 0.115 0.048 0.027 0.036 0.069 0.12 0.2 0.327 0.479 0.602 0.65
0.208 -0.131 -0.547 -0.654 -0.501 -0.311 -0.07 0.286 0.721 0.88 0.916 0.958 0.89 0.894 0.89 0.698 0.482 0.726 0.933 1 1.045 0.996 0.801 0.549 0.475 0.634 0.971 1.088 0.982 0.691 0.252 0.053 -0.028 -9 -9 -9 -9 -9 1.222 1.292 1.321 1.256 1.149 1.012 0.976 0.983 1.045 1.154 1.28 1.345 1.243 1.081 0.975 0.86 0.871 1.016 1.031 1.136 1.292 1.581 1.663 1.57 1.356 0.977 0.59 0.376 0.231 0.136 0.079 0.074 0.108 0.187 0.294 0.437 0.706 0.997 1.133 1.054
0.263 -0.048 -0.466 -0.657 -0.544 -0.409 -0.14 0.217 0.667 0.996 0.979 1.132 1.084 1.139 1.127 0.753 0.741 1.014 1.115 1.141 1.021 0.928 0.745 0.419 0.333 0.41 0.651 0.783 0.702 0.466 0.135 0.02 -0.037 -9 -9 -9 -9 -9 -9 1.096 1.158 1.129 1.088 1.019 0.972 0.927 0.913 0.972 1.028 1.041 0.946 0.904 0.908 0.917 1.049 1.283 1.39 1.587 1.756 2.046 1.866 1.602 1.312 0.887 0.567 0.38 0.247 0.172 0.147 0.19 0.316 0.519 0.721 0.858 1.21 1.572 1.533 1.608
0.427 0.153 -0.309 -0.659 -0.537 -0.375 -0.12 0.226 0.676 1.063 1.053 1.248 1.223 1.209 0.977 0.764 0.924 1.079 1.044 1.038 0.925 0.639 0.516 0.327 0.207 0.22 0.319 0.404 0.39 0.245 0.091 0.004 -9 -9 -9 -9 -9 -9 -9 -9 1.323 1.39 1.435 1.398 1.279 1.176 1.107 1.066 1.023 0.976 0.97 1.058 1.129 1.161 1.276 1.486 1.714 1.944 2.152 2.295 2.03 1.644 1.232 0.84 0.568 0.382 0.264 0.225 0.272 0.441 0.696 0.989 1.259 1.397 1.624 1.904 1.989 2.088
0.443 0.209 -0.198 -0.569 -0.51 -0.308 -0.08 0.191 0.518 0.869 1.107 1.189 1.141 1.052 0.866 0.874 0.977 0.948 0.867 0.832 0.706 0.534 0.491 0.39 0.281 0.227 0.31 0.369 0.352 0.221 0.079 -0.005 -9 -9 -9 -9 -9 -9 -9 -9 -9 1.899 1.973 1.91 1.619 1.627 1.597 1.51 1.36 1.194 1.212 1.245 1.325 1.294 1.265 1.38 1.727 1.902 2.177 2.355 2.053 1.651 1.146 0.792 0.553 0.38 0.291 0.302 0.484 0.765 1.114 1.422 1.723 1.788 1.938 2.211 2.402 2.43
0.43 0.169 -0.165 -0.472 -0.493 -0.291 -0.098 0.066 0.351 0.722 1.047 1.13 1.06 0.957 0.846 0.889 0.931 0.876 0.829 0.774 0.682 0.662 0.746 0.693 0.539 0.471 0.585 0.589 0.485 0.283 0.094 -0.003 -9 -9 -9 -9 -9 -9 -9 -9 -9 -9 2.37 2.223 1.975 2.07 2.124 1.941 1.67 1.416 1.289 1.312 1.284 1.177 1.069 1.283 1.581 1.669 1.948 2.14 1.895 1.496 1.063 0.752 0.531 0.406 0.381 0.497 0.78 1.119 1.414 1.562 1.678 1.81 2.096 2.395 2.538 2.541
0.411 0.109 -0.084 -0.218 -0.429 -0.384 -0.189 -0.033 0.239 0.641 1.053 1.181 1.11 0.947 0.756 0.637 0.649 0.786 0.919 0.966 0.934 0.934 1.027 0.975 0.842 0.856 0.942 0.782 0.549 0.297 0.087 0.001 -9 -9 -9 -9 -9 -9 -9 -9 -9 -9 -9 2.39 2.445 2.398 2.535 2.225 1.892 1.738 1.364 1.248 1.077 0.949 0.877 1.142 1.375 1.353 1.782 1.937 1.711 1.3 0.942 0.693 0.502 0.468 0.541 0.724 1.044 1.366 1.561 1.496 1.522 1.75 2.09 2.391 2.46 2.471
0.434 0.228 0.162 0.108 -0.248 -0.386 -0.131 0.059 0.276 0.616 1.001 1.074 0.986 0.834 0.686 0.516 0.378 0.473 0.684 0.884 0.938 0.931 1.003 0.938 0.905 1.02 1.079 0.844 0.515 0.234 0.07 -9 -9 -9 -9 -9 -9 -9 -9 -9 -9 -9 -9 2.743 2.76 2.671 2.746 2.449 2.273 2.049 1.659 1.492 1.215 1.037 0.845 0.985 1.199 1.193 1.428 1.654 1.5 1.159 0.855 0.627 0.502 0.564 0.7 0.871 1.126 1.371 1.477 1.392 1.473 1.763 2.114 2.369 2.491 2.368
0.608 0.469 0.433 0.364 -0.058 -0.266 -0.085 0.155 0.427 0.704 0.989 0.971 0.904 0.868 0.847 0.627 0.285 0.102 0.318 0.619 0.846 0.831 0.787 0.813 0.707 0.795 0.93 0.722 0.375 0.154 -9 -9 -9 -9 -9 -9 -9 -9 -9 -9 -9 -9 -9 -9 2.914 2.724 2.88 2.588 2.685 2.264 1.977 1.889 1.482 1.289 0.896 0.934 1.084 1.071 1.095 1.427 1.369 1.05 0.766 0.561 0.468 0.597 0.752 0.931 1.125 1.288 1.292 1.253 1.444 1.756 2.075 2.266 2.428 2.377
0.74 0.645 0.604 0.496 0.084 -0.109 0.035 0.145 0.435 0.78 1.017 1.01 1.022 1.023 0.855 0.473 0.149 -0.119 0.063 0.384 0.583 0.603 0.713 0.769 0.587 0.519 0.605 0.508 0.262 0.121 -9 -9 -9 -9 -9 -9 -9 -9 -9 -9 -9 -9 -9 -9 -9 2.932 2.929 2.868 2.799 2.574 2.377 2.045 1.648 1.354 1.044 0.93 0.891 0.933 1 1.138 1.136 0.946 0.712 0.51 0.392 0.491 0.68 0.859 1 1.041 1.076 1.252 1.422 1.641 1.965 2.139 2.246 2.369
0.837 0.817 0.753 0.609 0.23 0.034 0.25 0.241 0.395 0.816 1.097 1.016 1.068 1.075 0.739 0.174 -0.104 -0.304 -0.161 0.172 0.219 0.241 0.449 0.547 0.447 0.319 0.347 0.332 0.195 -9 -9 -9 -9 -9 -9 -9 -9 -9 -9 -9 -9 -9 -9 -9 -9 3.008 3.032 2.891 2.851 2.8 2.543 2.2 2.031 1.73 1.376 1.235 1.058 1.113 1.149 1.147 1.067 0.93 0.717 0.486 0.345 0.407 0.567 0.681 0.793 0.871 0.999 1.266 1.453 1.627 1.888 2.018 2.084 2.198
0.966 0.943 0.839 0.681 0.374 0.213 0.41 0.446 0.488 0.843 1.199 1.183 1.049 0.885 0.549 0.125 -0.066 -0.22 -0.289 -0.167 -0.085 0.002 0.084 0.18 0.242 0.341 0.524 0.447 -9 -9 -9 -9 -9 -9 -9 -9 -9 -9 -9 -9 -9 -9 -9 -9 -9 -9 2.657 2.526 2.554 2.748 2.653 2.531 2.437 2.094 1.846 1.577 1.469 1.552 1.568 1.487 1.357 1.149 0.805 0.48 0.317 0.306 0.407 0.514 0.658 0.881 1.044 1.262 1.483 1.686 1.775 1.882 1.92 1.957
1.117 1.001 0.91 0.808 0.539 0.332 0.52 0.641 0.7 0.902 1.328 1.402 1.17 0.783 0.48 0.41 0.362 0.245 -0.08 -0.32 -0.314 -0.23 -0.079 0.153 0.357 0.589 0.734 -9 -9 -9 -9 -9 -9 -9 -9 -9 -9 -9 -9 -9 -9 -9 -9 -9 -9 -9 -9 2.136 2.322 2.689 2.665 2.647 2.6 2.335 2.148 1.907 1.857 1.884 1.845 1.74 1.578 1.318 0.879 0.469 0.283 0.215 0.313 0.456 0.593 0.801 0.996 1.221 1.476 1.564 1.593 1.662 1.729 1.8
1.062 1.091 1.08 0.927 0.609 0.417 0.604 0.783 0.999 1.11 1.294 1.41 1.315 0.777 0.73 0.857 0.814 0.627 0.319 0.089 -0.026 0.061 0.273 0.496 0.587 0.759 -9 -9 -9 -9 -9 -9 -9 -9 -9 -9 -9 -9 -9 -9 -9 -9 -9 -9 -9 -9 -9 -9 -9 2.466 2.396 2.366 2.401 2.308 2.207 2.147 2.153 2.06 1.897 1.719 1.482 1.207 0.81 0.43 0.239 0.149 0.221 0.354 0.482 0.641 0.847 1.076 1.296 1.342 1.384 1.457 1.584 1.644
1.173 1.245 1.193 0.986 0.791 0.563 0.624 0.742 0.997 1.268 1.342 1.302 1.151 0.95 1.008 1.092 1.114 0.935 0.702 0.53 0.363 0.365 0.354 0.342 0.3 -9 -9 -9 -9 -9 -9 -9 -9 -9 -9 -9 -9 -9 -9 -9 -9 -9 -9 -9 -9 -9 -9 -9 -9 -9 2.186 2.178 2.104 2.056 2.126 2.128 2.168 2.153 1.974 1.637 1.253 0.924 0.611 0.343 0.18 0.097 0.126 0.235 0.347 0.486 0.703 0.94 1.064 1.114 1.182 1.29 1.477 1.459
