data/climatemaps/RS_maps/climate_postbreed_tmp_2003.asc
NCOLS 369 
NROWS 228 
XLLCORNER 479000 
YLLCORNER 73000 
CELLSIZE 1000 
NODATA_value -9 
[rows 68 to 101 of 228, columns 228 to 303 of 369]
0.669 0.668 0.658 0.642 0.637 0.637 0.634 0.629 0.629 0.589 0.566 0.54 0.495 0.404 0.228 0.092 -0.021 -0.085 -0.193 -0.172 -0.058 0.118 -0.062 0.086 0.22 0.269 0.195 0.068 -0.183 -0.485 -0.401 -0.256 -0.495 -0.693 -0.768 -0.524 -0.41 -1.034 -1.185 -0.925 -0.907 -0.807 -0.32 0.044 0.331 0.594 0.646 0.659 0.659 0.651 0.58 0.535 0.529 0.622 0.639 0.531 0.499 0.58 0.596 0.588 0.587 0.598 0.536 -9 -9 -9 -9 -9 -9 -9 -9 -9 -9 -9 -9 -9
0.713 0.71 0.69 0.671 0.676 0.676 0.674 0.681 0.697 0.694 0.668 0.624 0.58 0.513 0.39 0.226 0.132 -0.006 -0.229 -0.324 -0.188 0.111 -0.097 -0.073 0.118 0.254 0.25 0.121 -0.19 -0.481 -0.505 -0.567 -0.779 -0.713 -0.46 -0.146 -0.372 -0.713 -0.62 -0.664 -0.695 -0.388 -0.074 0.195 0.452 0.62 0.653 0.662 0.662 0.641 0.579 0.587 0.636 0.648 0.544 0.239 0.176 0.383 0.511 0.585 0.615 0.612 0.602 -9 -9 -9 -9 -9 -9 -9 -9 -9 -9 -9 -9 -9
0.739 0.727 0.701 0.712 0.728 0.717 0.693 0.692 0.702 0.716 0.712 0.697 0.666 0.614 0.505 0.322 0.12 0.028 -0.238 -0.347 -0.182 -0.018 -0.298 -0.222 -0.072 0.005 0.09 0.129 -0.088 -0.365 -0.727 -0.523 -0.41 -0.37 -0.192 -0.164 -0.326 -0.327 -0.335 -0.362 -0.26 -0.224 -0.015 0.262 0.537 0.63 0.656 0.666 0.666 0.656 0.649 0.657 0.656 0.547 0.208 -0.162 -0.018 0.286 0.293 0.416 0.523 0.588 0.601 -9 -9 -9 -9 -9 -9 -9 -9 -9 -9 -9 -9 -9
0.746 0.739 0.735 0.715 0.65 0.633 0.654 0.69 0.71 0.72 0.718 0.713 0.692 0.677 0.611 0.36 0.058 -0.029 -0.149 -0.386 -0.273 -0.336 -0.408 -0.209 -0.328 -0.253 -0.03 0.113 0.094 -0.334 -0.541 -0.457 -0.274 -0.166 -0.035 -0.053 -0.105 -0.12 -0.072 -0.065 -0.052 -0.013 0.116 0.352 0.586 0.643 0.664 0.666 0.666 0.666 0.669 0.67 0.617 0.303 -0.186 -0.383 0.067 0.181 -0.014 0.105 0.286 0.449 -9 -9 -9 -9 -9 -9 -9 -9 -9 -9 -9 -9 -9 -9
0.744 0.736 0.723 0.686 0.603 0.608 0.671 0.724 0.726 0.724 0.719 0.708 0.647 0.698 0.638 0.472 0.126 -0.141 -0.109 -0.385 -0.494 -0.605 -0.468 -0.304 -0.121 0.011 -0.008 0.039 0.141 -0.146 -0.246 -0.198 0.008 0.024 0.011 -0.066 -0.113 -0.181 -0.182 -0.156 -0.079 0.03 0.198 0.399 0.598 0.649 0.666 0.666 0.666 0.666 0.669 0.651 0.417 0.01 -0.545 -0.37 0.079 0.055 -0.325 -0.218 0.121 0.316 -9 -9 -9 -9 -9 -9 -9 -9 -9 -9 -9 -9 -9 -9
0.733 0.729 0.717 0.702 0.685 0.692 0.689 0.729 0.727 0.731 0.719 0.668 0.6 0.704 0.681 0.589 0.238 -0.106 -0.391 -0.441 -0.755 -0.598 -0.351 -0.22 -0.158 -0.168 -0.387 -0.227 -0.192 0.036 0.047 0.011 -0.124 -0.26 -0.277 -0.308 -0.314 -0.423 -0.431 -0.401 -0.313 -0.131 0.114 0.354 0.58 0.655 0.675 0.675 0.668 0.671 0.661 0.564 0.172 -0.317 -0.783 -0.443 0.072 -0.239 -0.666 -0.518 -0.148 -0.017 -9 -9 -9 -9 -9 -9 -9 -9 -9 -9 -9 -9 -9 -9
0.69 0.713 0.714 0.712 0.712 0.719 0.718 0.732 0.732 0.729 0.725 0.67 0.662 0.723 0.707 0.647 0.343 -0.065 -0.586 -0.648 -0.717 -0.669 -0.507 -0.347 -0.425 -0.403 -0.471 -0.501 -0.358 -0.181 -0.228 -0.32 -0.51 -0.521 -0.549 -0.652 -0.638 -0.71 -0.619 -0.45 -0.321 -0.114 0.082 0.241 0.484 0.635 0.672 0.679 0.671 0.678 0.637 0.482 -0.009 -0.735 -1.004 -0.529 0.015 -0.565 -0.895 -0.487 -0.419 -0.52 -0.145 0.169 -0.044 -0.029 -9 -9 -9 -9 -9 -9 -9 -9 -9 -9
0.536 0.58 0.637 0.672 0.679 0.687 0.671 0.675 0.688 0.706 0.722 0.723 0.72 0.726 0.726 0.668 0.28 -0.319 -0.663 -0.492 -0.501 -0.742 -0.618 -0.446 -0.515 -0.612 -0.579 -0.476 -0.322 -0.465 -0.699 -0.689 -0.709 -0.729 -0.86 -1.025 -0.956 -0.914 -0.692 -0.369 -0.234 -0.231 -0.232 0.018 0.305 0.402 0.593 0.677 0.678 0.679 0.587 0.36 -0.223 -0.903 -0.685 -0.197 -0.237 -0.601 -0.97 -0.621 -0.62 -0.613 -0.424 0.01 -0.235 -0.539 -0.706 -0.443 -0.076 0.126 -9 -9 -9 -9 -9 -9
0.26 0.325 0.425 0.513 0.397 0.337 0.302 0.291 0.434 0.591 0.656 0.714 0.724 0.726 0.726 0.644 0.1 -0.557 -0.521 -0.196 -0.469 -0.39 -0.25 -0.247 -0.421 -0.464 -0.601 -0.551 -0.628 -0.835 -0.973 -0.957 -0.966 -0.991 -1.19 -1.211 -1.057 -0.857 -0.578 -0.276 -0.448 -0.729 -0.438 -0.238 -0.085 0.167 0.504 0.67 0.679 0.679 0.588 0.332 -0.247 -0.835 -0.543 -0.174 -0.632 -0.881 -1.084 -0.809 -0.682 -0.749 -0.569 -0.1 -0.265 -0.664 -0.889 -0.59 -0.306 -0.092 0.218 0.395 0.542 -9 -9 -9
0.02 -0.022 0.227 0.43 0.037 -0.078 -0.07 -0.091 -0.069 0.177 0.273 0.409 0.647 0.724 0.722 0.615 0.024 -0.296 -0.034 0.134 -0.201 0.014 0.027 -0.166 -0.307 -0.382 -0.657 -0.828 -0.948 -0.947 -0.87 -0.818 -0.719 -0.637 -0.868 -1.027 -0.974 -0.853 -0.736 -0.576 -0.875 -1.047 -0.823 -0.577 -0.294 0.109 0.4 0.595 0.679 0.679 0.641 0.281 -0.457 -0.889 -0.559 -0.246 -0.554 -0.854 -1.008 -0.806 -0.857 -0.792 -0.453 -0.279 -0.522 -0.822 -0.858 -0.688 -0.439 -0.147 0.189 0.186 0.373 0.46 0.499 0.496
-0.152 -0.08 0.161 0.434 0.289 0.098 -0.077 -0.302 -0.347 -0.212 -0.121 0.016 0.327 0.638 0.716 0.623 0.314 0.111 0.365 0.481 0.293 0.386 0.324 0.103 -0.022 -0.177 -0.384 -0.464 -0.456 -0.427 -0.292 -0.25 -0.106 0.062 -0.017 -0.275 -0.468 -0.568 -0.959 -1.119 -1.264 -1.18 -1.005 -0.698 -0.222 0.001 0.227 0.557 0.686 0.681 0.672 0.349 -0.298 -0.656 -0.332 -0.517 -0.793 -0.685 -0.936 -1.002 -0.907 -0.438 -0.407 -0.649 -0.806 -1.043 -0.82 -0.748 -0.641 -0.178 0.091 -0.325 -0.081 -0.173 -0.054 0.503
-0.173 0.029 0.289 0.383 0.24 0.2 0.038 -0.183 -0.389 -0.365 -0.304 -0.369 -0.185 0.275 0.612 0.712 0.614 0.572 0.658 0.698 0.702 0.671 0.641 0.581 0.516 0.424 0.38 0.417 0.424 0.416 0.438 0.414 0.468 0.545 0.553 0.443 0.145 -0.218 -0.893 -0.826 -1.018 -1.308 -0.909 -0.481 -0.512 -0.211 0.174 0.575 0.684 0.687 0.681 0.504 -0.016 -0.388 -0.353 -0.788 -1.048 -0.812 -0.971 -1.094 -0.707 -0.346 -0.805 -0.919 -1.113 -1.026 -0.65 -0.438 -0.302 -0.034 -0.308 -0.845 -0.671 -0.727 -0.629 0.086
-0.094 0.064 0.25 0.282 0.143 0.008 -0.016 -0.122 -0.427 -0.484 -0.421 -0.388 -0.237 0.016 0.422 0.706 0.719 0.726 0.718 0.634 0.521 0.523 0.621 0.679 0.72 0.726 0.721 0.715 0.711 0.709 0.711 0.695 0.705 0.71 0.71 0.696 0.604 0.204 -0.47 -0.497 -0.632 -0.984 -1.022 -0.786 -0.792 -0.288 0.175 0.466 0.659 0.693 0.687 0.611 0.2 -0.17 -0.395 -0.687 -0.814 -0.881 -1.158 -1.068 -0.586 -0.466 -1.134 -1.151 -1.089 -0.847 -0.611 -0.206 -0.083 -0.529 -0.355 -1.158 -1.176 -1.162 -0.779 0.057
-0.17 -0.044 -0.058 0.259 0.231 -0.008 -0.233 -0.188 -0.533 -0.552 -0.438 -0.442 -0.425 -0.235 0.214 0.646 0.726 0.662 0.474 0.273 0.153 0.182 0.268 0.426 0.556 0.623 0.651 0.669 0.689 0.689 0.685 0.621 0.68 0.673 0.583 0.712 0.719 0.653 0.038 -0.265 -0.547 -0.745 -1.146 -1.112 -0.761 -0.307 0.115 0.372 0.571 0.69 0.69 0.625 0.291 -0.122 -0.536 -0.497 -0.731 -0.793 -1.161 -0.954 -0.484 -0.575 -1.119 -1.205 -1.003 -0.784 -0.511 -0.079 -0.387 -0.874 -0.78 -1.098 -1.525 -1.12 -0.421 0.035
-0.331 -0.292 -0.407 0.004 0.164 0.053 -0.286 -0.287 -0.499 -0.632 -0.497 -0.406 -0.385 -0.295 -0.07 0.514 0.719 0.507 0.108 -0.222 -0.245 -0.153 -0.056 0.159 0.166 0.292 0.26 0.448 0.338 0.417 0.479 0.391 0.27 0.191 0.241 0.413 0.652 0.709 0.495 -0.117 -0.583 -0.737 -0.92 -1.157 -0.826 -0.392 0.1 0.393 0.524 0.684 0.693 0.652 0.315 -0.21 -0.756 -0.542 -0.9 -0.847 -1.002 -0.871 -0.409 -0.634 -1.058 -1.302 -0.964 -0.589 -0.338 -0.13 -0.842 -1.285 -1.225 -1.373 -1.36 -0.841 -0.459 -0.024
-0.312 -0.432 -0.338 -0.131 0.134 0.136 -0.134 -0.518 -0.65 -0.634 -0.518 -0.383 -0.192 -0.103 0.05 0.481 0.723 0.542 0.052 -0.456 -0.633 -0.364 -0.465 -0.128 -0.361 -0.184 -0.14 0.27 -0.168 -0.099 0.067 0.085 -0.294 -0.222 -0.045 0.223 0.558 0.695 0.679 0.382 -0.094 -0.625 -0.703 -0.875 -0.662 -0.28 0.13 0.443 0.593 0.69 0.691 0.623 0.186 -0.309 -0.861 -0.681 -0.888 -1.133 -1.13 -0.923 -0.422 -0.697 -1.13 -1.205 -0.847 -0.862 -0.81 -0.266 -1.015 -1.608 -1.379 -1.24 -0.941 -0.777 -0.498 -0.153
-0.259 -0.424 -0.326 -0.167 0.031 0.185 -0.083 -0.711 -0.817 -0.663 -0.324 -0.146 -0.049 -0.012 -0.045 0.536 0.726 0.618 0.105 -0.29 -0.686 -0.346 -0.929 -0.526 -0.775 -0.666 -0.116 -0.095 -0.577 -0.621 -0.415 -0.443 -0.537 -0.468 -0.283 0.077 0.355 0.579 0.667 0.656 0.43 -0.146 -0.465 -0.789 -0.545 -0.174 0.233 0.543 0.662 0.698 0.69 0.476 -0.039 -0.621 -1.048 -0.83 -0.771 -1.234 -1.28 -0.858 -0.574 -0.756 -1.022 -1.243 -1.02 -1.201 -0.71 -0.433 -0.926 -1.506 -1.131 -0.848 -0.693 -0.694 -0.561 -0.589
-0.196 -0.317 -0.362 -0.284 -0.003 0.189 -0.124 -0.553 -0.917 -0.709 -0.205 -0.224 -0.342 -0.429 -0.381 0.587 0.677 0.33 -0.076 -0.319 -0.657 -0.519 -1.228 -0.801 -0.927 -0.854 -0.231 -0.644 -0.855 -0.941 -0.838 -0.826 -0.773 -0.6 -0.238 0.011 0.092 0.289 0.435 0.606 0.672 0.486 -0.079 -0.669 -0.615 -0.162 0.347 0.625 0.695 0.699 0.628 0.029 -0.441 -0.544 -1.065 -1.162 -0.875 -1.163 -1.146 -0.814 -1.058 -1.073 -1.199 -1.631 -1.576 -1.396 -0.92 -0.994 -0.832 -1.334 -1.155 -0.899 -0.885 -1.118 -1.007 -0.988
0.037 -0.148 -0.375 -0.319 0.033 0.085 -0.382 -0.726 -0.905 -0.424 -0.438 -0.706 -0.904 -1.098 -0.353 0.659 0.57 0.038 -0.39 -0.76 -0.807 -0.719 -1.285 -0.936 -0.707 -0.66 -0.306 -0.915 -1.198 -1.123 -1.042 -0.964 -0.787 -0.432 -0.139 -0.336 -0.335 -0.075 0.156 0.352 0.595 0.681 0.439 -0.025 -0.268 0.108 0.551 0.678 0.704 0.702 0.594 -0.213 -0.764 -0.791 -0.89 -1.318 -1.247 -1.549 -1.361 -1.111 -1.433 -1.392 -1.685 -1.978 -1.941 -1.838 -1.518 -1.605 -1.132 -1.318 -1.306 -1.176 -0.933 -1.283 -1.212 -0.956
0.093 -0.386 -0.786 -0.587 -0.053 -0.236 -0.661 -0.97 -0.712 -0.513 -0.844 -1.034 -1.144 -1.088 0.036 0.697 0.472 0.063 -0.431 -0.873 -0.995 -1.002 -1.026 -0.854 -1.007 -0.983 -0.429 -0.988 -1.346 -1.159 -0.926 -0.719 -0.506 -0.219 -0.421 -0.797 -0.693 -0.419 -0.138 0.114 0.319 0.557 0.645 0.556 0.376 0.549 0.688 0.664 0.603 0.588 0.58 -0.014 -0.589 -1.121 -1.348 -1.503 -1.534 -1.305 -1.446 -1.439 -1.419 -1.201 -1.279 -1.555 -1.828 -1.964 -1.755 -1.488 -1.211 -1.36 -1.511 -1.289 -1.108 -1.363 -1.279 -0.816
0.006 -0.328 -0.801 -0.545 -0.186 -0.472 -0.886 -1.148 -0.778 -0.925 -1.076 -1.04 -0.836 -0.279 0.347 0.659 0.583 0.095 -0.402 -0.943 -1.283 -1.232 -0.979 -1.097 -1.211 -0.934 -0.606 -1.096 -1.339 -1.074 -0.867 -0.53 -0.299 -0.361 -0.888 -1.047 -0.842 -0.608 -0.377 -0.104 0.059 0.275 0.518 0.682 0.665 0.698 0.711 0.687 0.489 0.258 0.517 0.345 -0.342 -1.157 -1.404 -1.257 -1.212 -1.094 -0.971 -1.023 -1.029 -0.811 -0.86 -1.033 -1.221 -1.495 -1.501 -1.35 -1.35 -1.481 -1.465 -1.384 -1.366 -1.279 -1.152 -0.826
-0.27 -0.319 -0.782 -0.559 -0.673 -0.908 -1.123 -1.092 -0.862 -0.913 -0.758 -0.514 -0.047 0.282 0.49 0.609 0.676 0.446 -0.239 -1.006 -1.306 -1.409 -1.234 -1.131 -1.065 -0.943 -1.075 -1.299 -1.359 -1.177 -1.072 -0.729 -0.401 -0.605 -1.255 -1.094 -0.786 -0.688 -0.618 -0.354 -0.061 0.201 0.344 0.605 0.699 0.712 0.713 0.712 0.69 0.465 0.235 0.399 0.165 -0.305 -0.725 -1.269 -1.043 -0.868 -0.725 -0.601 -0.459 -0.566 -0.694 -0.774 -0.96 -1.098 -1.233 -1.305 -1.369 -1.276 -1.148 -1.342 -1.662 -1.444 -1.085 -0.97
-0.254 -0.53 -0.88 -0.75 -0.877 -0.846 -0.618 -0.589 -0.658 -0.581 -0.096 0.106 0.101 0.064 0.286 0.411 0.644 0.683 0.231 -0.602 -1.077 -1.491 -1.433 -1.118 -1.276 -1.324 -1.31 -1.336 -1.489 -1.41 -1.278 -0.916 -0.523 -0.86 -1.345 -0.995 -0.95 -0.918 -0.796 -0.483 0.051 -0.062 -0.023 0.436 0.633 0.707 0.713 0.713 0.713 0.702 0.605 0.415 0.345 -0.039 -0.463 -1.026 -1.095 -1.055 -0.991 -0.777 -0.374 -0.33 -0.52 -0.68 -1.015 -1.221 -1.13 -1.159 -1.232 -0.919 -0.883 -1.23 -1.493 -1.655 -1.428 -1.504
-0.297 -0.842 -0.699 -0.585 -0.515 -0.156 0.013 0.044 0.011 0.026 0.152 0.065 -0.225 -0.317 -0.538 -0.184 0.445 0.667 0.43 -0.39 -1.015 -1.381 -1.531 -1.239 -1.32 -1.377 -1.13 -1.223 -1.536 -1.538 -1.356 -0.935 -0.837 -1.13 -1.292 -1.127 -1.171 -1.064 -0.847 -0.266 0.103 -0.397 -0.387 0.141 0.346 0.501 0.592 0.676 0.704 0.71 0.679 0.577 0.494 0.182 -0.111 -0.703 -1.033 -1.293 -1.167 -0.859 -0.361 -0.148 -0.555 -0.852 -1.207 -1.148 -0.816 -0.88 -0.944 -0.66 -0.632 -0.974 -1.141 -1.353 -1.579 -1.838
-0.675 -0.884 -0.499 -0.288 -0.238 0.079 0.011 -0.114 -0.051 -0.11 -0.554 -0.872 -1.012 -1.073 -1.122 -0.389 0.348 0.622 0.459 -0.338 -0.892 -1.137 -1.442 -1.124 -0.89 -1.044 -0.864 -1.225 -1.435 -1.374 -1.379 -1.223 -1.296 -1.353 -1.41 -1.314 -1.215 -0.9 -0.475 0.034 -0.314 -0.676 -0.644 -0.203 0.024 0.05 0.168 0.306 0.567 0.684 0.698 0.672 0.616 0.418 0.129 -0.36 -0.779 -1.204 -1.016 -0.651 -0.226 -0.034 -0.407 -0.775 -1.117 -0.839 -0.409 -0.655 -0.597 -0.31 -0.523 -0.775 -1.114 -1.523 -1.448 -1.388
-0.878 -0.798 -0.521 -0.691 -0.809 -0.189 -0.486 -0.988 -0.963 -1.101 -1.543 -1.864 -1.751 -1.542 -0.818 -0.112 0.396 0.63 0.412 -0.145 -0.366 -0.676 -1.116 -0.826 -0.477 -0.742 -0.92 -1.343 -1.059 -1.107 -1.485 -1.474 -1.507 -1.403 -1.28 -1.194 -1.019 -0.744 -0.078 -0.112 -0.68 -1.072 -0.902 -0.465 -0.252 -0.418 -0.26 -0.128 0.249 0.556 0.667 0.713 0.681 0.585 0.4 0.004 -0.344 -0.694 -0.61 -0.342 -0.008 0.089 -0.301 -0.573 -0.739 -0.558 -0.133 -0.49 -0.23 -0.315 -0.735 -0.992 -1.117 -1.442 -1.421 -1.154
-1.014 -0.739 -0.873 -1.158 -1.231 -0.728 -0.479 -0.885 -1.14 -1.594 -1.858 -2.005 -1.675 -1.221 -0.669 0.006 0.519 0.636 0.473 0.215 0.199 0.003 -0.429 -0.371 -0.428 -0.952 -1.288 -1.374 -0.746 -1.036 -1.545 -1.281 -1.32 -1.487 -0.964 -0.652 -0.51 -0.222 -0.059 -0.384 -0.806 -1.346 -1.215 -0.681 -0.714 -0.835 -0.624 -0.342 0.187 0.387 0.457 0.665 0.712 0.679 0.587 0.363 0.02 -0.258 -0.177 -0.037 0.233 0.181 -0.014 -0.153 -0.326 -0.153 0.047 -0.057 0.034 -0.146 -0.457 -0.594 -0.92 -1.414 -1.268 -0.923
-0.621 -0.692 -1.061 -1.383 -1.413 -1.12 -0.74 -0.57 -0.983 -1.5 -1.796 -1.701 -1.009 -0.747 -0.349 0.29 0.618 0.434 0.296 -0.206 -0.205 0.128 0.167 0.054 -0.401 -1.007 -1.355 -1.292 -0.618 -0.943 -1.431 -0.924 -1.12 -1.168 -0.715 -0.275 -0.155 -0.119 -0.336 -0.787 -0.958 -1.548 -1.478 -1.12 -1.14 -1.123 -0.858 -0.376 0.248 0.141 0.061 0.414 0.655 0.709 0.667 0.602 0.338 0.103 0.14 0.322 0.494 0.489 0.369 0.286 0.155 0.232 0.236 0.024 -0.246 -0.37 -0.386 -0.627 -0.941 -0.946 -0.798 -0.729
-0.564 -0.78 -1.126 -1.379 -1.329 -1.163 -0.981 -0.957 -1.182 -1.539 -1.535 -1.247 -0.687 -0.457 0.037 0.545 0.453 0.062 0.076 -0.501 -0.819 -0.373 -0.047 0.253 -0.232 -0.825 -1.024 -1.135 -0.586 -0.857 -1.3 -0.948 -0.697 -0.649 -0.37 -0.483 -0.759 -0.73 -0.36 -1.05 -1.152 -1.631 -1.632 -1.324 -1.18 -1.021 -0.678 -0.268 0.237 -0.123 -0.25 -0.041 0.376 0.675 0.697 0.678 0.611 0.444 0.297 0.435 0.492 0.424 0.419 0.52 0.442 0.172 -0.16 -0.417 -0.657 -0.793 -0.798 -0.76 -0.691 -0.538 -0.702 -0.811
-0.681 -0.83 -1.08 -1.307 -1.321 -1.186 -1.063 -1.488 -1.402 -1.242 -1.018 -0.742 -0.429 -0.096 0.413 0.526 0.141 -0.237 -0.054 -0.611 -1.15 -0.911 -0.616 -0.028 0.103 -0.494 -0.667 -0.706 -0.453 -0.897 -1.321 -0.904 -0.467 -0.544 -0.653 -0.882 -1.18 -1.133 -0.571 -1.124 -1.515 -1.809 -1.565 -1.14 -0.737 -0.552 -0.3 -0.039 0.214 -0.29 -0.387 -0.167 0.296 0.679 0.71 0.694 0.651 0.089 0.188 0.159 -0.029 -0.136 -0.237 0 0.36 0.272 -0.244 -0.476 -0.603 -0.889 -1.094 -0.96 -0.608 -0.561 -1.002 -1.148
-0.66 -0.767 -0.922 -1.172 -1.46 -1.324 -1.352 -1.75 -1.564 -1.302 -1.068 -0.78 -0.558 0.081 0.574 0.234 -0.351 -0.419 -0.32 -0.69 -1.26 -1.319 -1.036 -0.506 0.183 -0.061 -0.242 -0.344 -0.642 -1.311 -1.521 -0.926 -0.775 -1.149 -1.081 -1.155 -1.472 -1.24 -0.816 -1.175 -1.701 -1.873 -1.587 -1.138 -0.802 -0.62 -0.561 -0.06 0.179 -0.418 -0.543 -0.12 0.374 0.705 0.713 0.705 0.588 0.029 0.097 -0.105 -0.507 -0.525 -0.643 -0.568 -0.103 0.382 0.083 -0.213 -0.386 -0.757 -1.077 -0.888 -0.453 -0.641 -1.082 -1.352
-0.563 -0.727 -1.009 -1.285 -1.49 -1.41 -1.488 -1.572 -1.461 -1.202 -0.97 -0.75 -0.495 0.232 0.505 -0.156 -0.786 -0.604 -0.746 -0.811 -1.226 -1.156 -0.744 -0.432 0.118 -0.114 -0.591 -0.92 -1.316 -1.493 -1.489 -1.073 -1.12 -1.437 -1.451 -1.554 -1.584 -1.31 -1.184 -1.435 -1.832 -1.671 -1.801 -1.506 -1.235 -1.21 -0.897 -0.181 0.131 -0.608 -0.517 -0.018 0.46 0.712 0.713 0.662 0.404 -0.116 0.055 -0.307 -0.675 -0.799 -0.673 -0.431 -0.049 0.398 0.203 -0.188 -0.535 -0.754 -0.777 -0.506 -0.319 -0.754 -1.255 -1.373
-0.524 -0.815 -1.039 -1.224 -1.248 -1.267 -1.32 -1.331 -1.2 -0.886 -0.666 -0.516 -0.112 0.488 0.294 -0.358 -0.84 -0.768 -0.876 -0.967 -1.299 -1.332 -0.987 -0.599 0.051 -0.265 -1.003 -1.245 -1.232 -1.282 -1.367 -1.158 -1.35 -1.6 -1.61 -1.513 -1.454 -1.353 -1.373 -1.49 -1.794 -1.418 -1.693 -1.581 -1.187 -1.1 -0.825 -0.142 -0.147 -0.757 -0.405 0.023 0.517 0.718 0.707 0.579 0.285 -0.168 -0.082 -0.242 -0.608 -0.816 -0.652 -0.237 0.143 0.362 0.299 -0.138 -0.406 -0.428 -0.392 -0.198 -0.405 -0.885 -1.255 -1.445
-0.452 -1.011 -1.018 -1.097 -1.09 -1.219 -1.432 -1.406 -1.03 -0.663 -0.289 -0.152 0.364 0.417 -0.263 -0.324 -0.76 -0.97 -1.119 -1.146 -1.397 -1.415 -1.14 -0.691 -0.019 -0.162 -0.843 -0.935 -0.959 -1.137 -1.584 -1.556 -1.609 -1.512 -1.36 -1.133 -1.05 -0.996 -1.039 -1.165 -1.561 -1.402 -1.275 -1.615 -1.309 -0.832 -0.408 0.042 -0.601 -0.746 -0.271 0.192 0.601 0.723 0.694 0.533 0.15 -0.375 -0.186 -0.354 -0.721 -0.754 -0.473 -0.07 0.06 0.129 0.318 0.213 0.066 -0.004 0.014 -0.048 -0.304 -0.602 -0.885 -1.145
