data/climatemaps/RS_maps/climate_winter_tmin_1999.asc
NCOLS 369 
NROWS 228 
XLLCORNER 479000 
YLLCORNER 73000 
CELLSIZE 1000 
NODATA_value -9 
[rows 68 to 101 of 228, columns 77 to 153 of 369]
0.887 0.863 0.808 0.772 0.772 0.824 0.943 0.94 0.745 0.736 0.73 0.724 0.713 0.697 0.699 0.698 0.699 0.691 0.681 0.663 0.628 0.624 0.629 0.674 0.794 0.823 0.863 0.871 0.837 0.843 0.844 0.864 0.882 0.88 0.879 0.85 0.853 0.838 0.801 0.776 0.76 0.719 0.613 0.505 0.506 0.524 0.537 0.634 0.66 0.674 0.743 0.86 0.946 0.983 1.013 1.032 1.049 1.062 1.053 1.066 1.073 1.064 1.041 1.037 1.037 1.043 1.065 1.079 1.086 1.075 1.052 1.072 1.075 1.067 1.024 1.022 1.026
0.864 0.812 0.766 0.778 0.852 0.904 0.956 0.804 0.693 0.726 0.714 0.705 0.69 0.685 0.7 0.699 0.704 0.687 0.675 0.659 0.654 0.666 0.714 0.795 0.852 0.855 0.868 0.886 0.889 0.882 0.89 0.899 0.898 0.883 0.88 0.878 0.862 0.789 0.739 0.677 0.584 0.5 0.531 0.512 0.599 0.681 0.782 0.845 0.888 0.916 0.951 0.978 0.975 0.993 1.019 1.051 1.064 1.065 1.068 1.077 1.081 1.07 1.071 1.061 1.046 1.059 1.079 1.073 1.065 1.062 1.07 1.058 1.054 1.066 1.061 1.039 1.03
0.84 0.776 0.765 0.843 0.917 0.931 0.834 0.74 0.723 0.729 0.707 0.686 0.691 0.699 0.702 0.704 0.7 0.701 0.717 0.739 0.764 0.744 0.743 0.786 0.833 0.868 0.88 0.857 0.826 0.794 0.781 0.767 0.763 0.729 0.705 0.698 0.642 0.571 0.521 0.466 0.463 0.552 0.65 0.74 0.846 0.904 0.951 0.975 0.987 1 1.005 0.992 1.024 1.042 1.053 1.071 1.073 1.076 1.077 1.073 1.055 1.036 1.05 1.055 1.069 1.072 1.057 1.044 1.044 1.057 1.06 1.039 1.028 1.038 1.059 1.041 1.001
0.816 0.793 0.849 0.933 0.888 0.789 0.73 0.729 0.711 0.674 0.672 0.685 0.706 0.701 0.679 0.687 0.703 0.734 0.734 0.723 0.699 0.677 0.694 0.729 0.798 0.853 0.807 0.746 0.68 0.633 0.606 0.576 0.582 0.563 0.559 0.598 0.586 0.559 0.53 0.529 0.61 0.759 0.837 0.917 0.956 0.985 1.005 1.024 1.033 1.041 1.037 1.036 1.058 1.062 1.072 1.069 1.071 1.07 1.063 1.052 1.039 1.025 1.034 1.047 1.058 1.055 1.034 1.037 1.045 1.05 1.049 1.03 1.017 1.02 1.043 1.026 0.989
0.785 0.881 0.923 0.867 0.748 0.717 0.709 0.685 0.637 0.641 0.676 0.692 0.696 0.67 0.64 0.635 0.647 0.652 0.652 0.663 0.7 0.726 0.739 0.753 0.788 0.792 0.66 0.626 0.593 0.599 0.626 0.665 0.682 0.653 0.634 0.636 0.635 0.646 0.674 0.747 0.853 0.935 0.982 1.016 1.03 1.041 1.061 1.069 1.069 1.067 1.064 1.062 1.064 1.065 1.068 1.06 1.063 1.061 1.044 1.032 1.028 1.03 1.039 1.051 1.046 1.039 1.033 1.035 1.03 1.03 1.035 1.014 1.009 1.004 1.024 1.024 0.978
0.803 0.954 0.854 0.761 0.706 0.693 0.665 0.633 0.626 0.664 0.683 0.67 0.643 0.602 0.576 0.572 0.612 0.66 0.735 0.795 0.846 0.885 0.894 0.884 0.863 0.763 0.695 0.743 0.753 0.823 0.834 0.822 0.759 0.721 0.699 0.702 0.718 0.784 0.882 0.974 1.022 1.035 1.051 1.066 1.07 1.072 1.077 1.073 1.073 1.067 1.062 1.056 1.052 1.049 1.056 1.057 1.057 1.054 1.044 1.032 1.031 1.036 1.037 1.045 1.039 1.027 1.014 1.012 1.022 1.014 1.026 0.998 0.992 0.976 0.987 1.02 0.973
0.879 0.906 0.775 0.721 0.686 0.659 0.653 0.655 0.67 0.669 0.647 0.599 0.565 0.557 0.588 0.682 0.78 0.836 0.891 0.91 0.925 0.929 0.912 0.905 0.898 0.872 0.884 0.913 0.9 0.935 0.846 0.79 0.773 0.804 0.798 0.807 0.857 0.926 1.001 1.057 1.076 1.08 1.082 1.084 1.086 1.077 1.073 1.064 1.057 1.038 1.021 1.019 1.036 1.042 1.053 1.054 1.054 1.05 1.041 1.031 1.025 1.02 1.03 1.037 1.026 1.012 1 1.015 1.018 1 1.013 0.97 0.951 0.946 0.971 0.986 0.981
0.91 0.811 0.732 0.693 0.677 0.679 0.69 0.687 0.67 0.643 0.59 0.544 0.553 0.625 0.744 0.861 0.906 0.906 0.879 0.81 0.83 0.818 0.728 0.704 0.715 0.827 0.836 0.762 0.845 0.942 0.777 0.8 0.836 0.803 0.842 0.896 0.968 1.03 1.072 1.084 1.09 1.091 1.089 1.089 1.085 1.07 1.052 1.034 1.018 0.992 0.987 1.006 1.039 1.049 1.053 1.043 1.048 1.037 1.027 1.009 1.013 1.02 1.032 1.033 1.012 1.011 1.017 1.012 0.984 0.98 1 0.956 0.914 0.924 0.956 0.973 0.964
0.875 0.79 0.712 0.7 0.687 0.683 0.685 0.673 0.629 0.575 0.538 0.578 0.677 0.79 0.872 0.895 0.856 0.751 0.674 0.639 0.657 0.616 0.562 0.557 0.567 0.667 0.664 0.657 0.796 0.966 0.899 0.828 0.848 0.959 1.033 1.059 1.078 1.092 1.102 1.1 1.098 1.092 1.089 1.075 1.051 1.037 1.01 0.99 0.982 0.986 1.003 1.026 1.038 1.047 1.044 1.04 1.038 1.023 1.012 1.001 1.014 1.021 1.012 1.016 1.018 1.01 0.994 0.967 0.948 0.953 0.978 0.953 0.916 0.89 0.92 0.948 0.912
0.85 0.794 0.714 0.682 0.681 0.671 0.645 0.615 0.559 0.533 0.586 0.749 0.832 0.868 0.834 0.742 0.637 0.579 0.56 0.553 0.551 0.532 0.505 0.519 0.572 0.693 0.826 0.905 0.955 0.967 0.986 0.978 1.059 1.088 1.071 1.044 1.059 1.085 1.104 1.1 1.099 1.089 1.077 1.029 0.998 0.992 0.973 0.973 1.002 1.015 1.028 1.029 1.032 1.038 1.037 1.037 1.036 1.021 1.01 1.005 1.019 0.994 0.977 0.998 0.988 0.963 0.954 0.928 0.891 0.915 0.973 0.959 0.92 0.852 0.881 0.894 0.888
0.721 0.791 0.725 0.685 0.659 0.625 0.584 0.563 0.57 0.626 0.793 0.866 0.843 0.721 0.611 0.528 0.484 0.475 0.474 0.513 0.507 0.523 0.543 0.623 0.712 0.851 0.906 0.926 0.917 0.968 1.061 1.104 1.101 1.062 1.061 1.085 1.104 1.107 1.104 1.099 1.096 1.083 1.034 0.992 0.984 0.983 0.985 0.996 0.992 0.991 1.019 1.023 1.035 1.021 1.034 1.024 1.026 1.025 1.015 1.019 1.014 0.999 0.97 0.997 0.941 0.943 0.946 0.902 0.865 0.929 0.957 0.912 0.915 0.838 0.848 0.878 0.878
0.72 0.755 0.715 0.677 0.635 0.594 0.591 0.633 0.705 0.811 0.81 0.76 0.683 0.575 0.443 0.385 0.364 0.418 0.475 0.542 0.573 0.58 0.577 0.61 0.751 0.849 0.79 0.838 0.962 1.087 1.124 1.12 1.087 1.066 1.082 1.115 1.115 1.11 1.101 1.098 1.086 1.056 1.008 0.986 0.984 0.995 0.981 0.981 0.987 1.014 1.033 1.036 1.036 1.031 1.011 1.02 1.02 1.01 1.019 1.01 0.967 0.977 0.926 0.975 0.918 0.906 0.914 0.853 0.888 0.922 0.936 0.874 0.865 0.86 0.857 0.866 0.874
0.714 0.733 0.681 0.641 0.632 0.656 0.75 0.793 0.78 0.701 0.645 0.599 0.558 0.47 0.362 0.324 0.385 0.502 0.63 0.637 0.562 0.497 0.527 0.65 0.74 0.704 0.807 0.959 1.09 1.13 1.117 1.095 1.105 1.12 1.119 1.115 1.112 1.105 1.076 1.069 1.044 1.039 1.002 0.992 0.97 0.944 0.944 0.935 0.956 1.02 1.035 1.033 1.025 1.02 1.011 1.017 1.019 0.997 0.987 0.95 0.941 0.965 0.953 0.936 0.906 0.869 0.881 0.85 0.874 0.893 0.9 0.922 0.904 0.885 0.849 0.835 0.847
0.689 0.69 0.651 0.651 0.693 0.752 0.748 0.675 0.621 0.612 0.606 0.574 0.453 0.392 0.369 0.448 0.555 0.653 0.704 0.59 0.571 0.639 0.723 0.721 0.702 0.794 0.998 1.13 1.133 1.129 1.122 1.11 1.104 1.121 1.122 1.115 1.106 1.049 1.027 1.061 1.041 1.035 0.992 0.963 0.945 0.928 0.937 0.939 0.999 1.035 1.028 1.019 1.019 1.019 1.009 1.009 1.01 0.999 0.974 0.945 0.939 0.951 0.93 0.896 0.886 0.829 0.837 0.851 0.862 0.87 0.832 0.887 0.881 0.887 0.836 0.822 0.846
0.659 0.673 0.664 0.709 0.754 0.681 0.604 0.573 0.564 0.581 0.598 0.542 0.418 0.407 0.527 0.633 0.704 0.741 0.715 0.701 0.764 0.825 0.798 0.772 0.844 1.007 1.119 1.139 1.127 1.121 1.121 1.113 1.11 1.122 1.12 1.115 1.103 1.071 1.075 1.068 1.033 1.012 0.978 0.958 0.949 0.954 0.987 1.015 1.03 1.025 1.013 1.014 1.014 1.012 1 1.003 1.006 0.99 0.976 0.971 0.936 0.946 0.89 0.875 0.857 0.813 0.781 0.831 0.814 0.84 0.817 0.851 0.828 0.88 0.845 0.832 0.848
0.63 0.668 0.703 0.711 0.672 0.583 0.559 0.552 0.574 0.611 0.628 0.522 0.477 0.577 0.684 0.757 0.798 0.803 0.803 0.827 0.846 0.851 0.852 0.912 1.036 1.127 1.14 1.132 1.11 1.086 1.079 1.079 1.077 1.113 1.12 1.111 1.104 1.091 1.072 1.054 1.021 0.979 0.943 0.958 0.989 1.026 1.037 1.03 1.014 1.003 1.009 1.009 1.006 1.004 0.998 0.997 0.993 0.958 0.953 0.955 0.944 0.93 0.88 0.869 0.816 0.789 0.779 0.816 0.795 0.814 0.786 0.812 0.804 0.864 0.846 0.843 0.825
0.637 0.678 0.635 0.59 0.573 0.582 0.612 0.645 0.683 0.71 0.634 0.535 0.608 0.706 0.766 0.82 0.836 0.838 0.839 0.832 0.842 0.896 0.98 1.053 1.131 1.141 1.133 1.12 1.093 1.073 1.082 1.102 1.117 1.12 1.117 1.1 1.077 1.059 1.039 1.026 1.014 0.992 0.987 1.026 1.04 1.038 1.024 1.003 0.986 0.994 1.005 1.006 0.998 0.996 0.992 0.989 0.978 0.928 0.921 0.942 0.924 0.893 0.885 0.875 0.83 0.776 0.764 0.785 0.781 0.779 0.761 0.805 0.82 0.841 0.803 0.817 0.798
0.617 0.584 0.504 0.486 0.518 0.609 0.659 0.699 0.742 0.747 0.585 0.558 0.679 0.738 0.773 0.833 0.846 0.831 0.806 0.821 0.902 1.023 1.098 1.134 1.14 1.141 1.122 1.09 1.057 1.082 1.121 1.123 1.12 1.118 1.101 1.072 1.054 1.041 1.031 1.038 1.042 1.036 1.039 1.028 1.012 1.014 1.001 0.974 0.969 0.988 1 1.001 0.992 0.99 0.984 0.98 0.961 0.928 0.913 0.921 0.901 0.861 0.844 0.828 0.809 0.793 0.741 0.776 0.791 0.785 0.791 0.807 0.805 0.812 0.776 0.79 0.763
0.553 0.481 0.453 0.479 0.552 0.635 0.69 0.716 0.77 0.735 0.547 0.575 0.701 0.706 0.785 0.842 0.846 0.821 0.821 0.937 1.058 1.115 1.131 1.137 1.138 1.132 1.093 1.06 1.067 1.105 1.125 1.12 1.117 1.116 1.088 1.053 1.041 1.026 1.021 1.046 1.046 1.038 1.018 0.995 0.98 0.984 0.979 0.951 0.96 0.979 0.989 0.993 0.982 0.979 0.975 0.969 0.944 0.933 0.921 0.902 0.866 0.842 0.815 0.774 0.752 0.767 0.734 0.783 0.787 0.778 0.77 0.771 0.767 0.785 0.748 0.761 0.713
0.496 0.516 0.529 0.57 0.664 0.756 0.821 0.829 0.826 0.669 0.532 0.637 0.737 0.766 0.851 0.899 0.895 0.914 0.988 1.084 1.125 1.127 1.131 1.135 1.137 1.104 1.079 1.085 1.104 1.117 1.122 1.118 1.115 1.113 1.088 1.057 1.039 1.006 1.016 1.026 1.025 1.023 1.006 0.976 0.966 0.963 0.956 0.933 0.955 0.963 0.97 0.982 0.975 0.97 0.97 0.96 0.945 0.929 0.901 0.871 0.831 0.826 0.796 0.732 0.727 0.742 0.736 0.772 0.752 0.743 0.722 0.719 0.734 0.754 0.724 0.728 0.679
0.49 0.567 0.656 0.766 0.832 0.868 0.884 0.863 0.81 0.613 0.6 0.744 0.803 0.888 0.96 1.018 1.039 1.071 1.104 1.124 1.125 1.125 1.127 1.135 1.125 1.102 1.112 1.114 1.115 1.119 1.12 1.116 1.114 1.102 1.077 1.07 1.056 1.034 1.031 1.02 1.02 1.011 0.998 0.973 0.961 0.94 0.937 0.944 0.961 0.95 0.965 0.974 0.965 0.952 0.96 0.946 0.945 0.934 0.904 0.843 0.85 0.817 0.767 0.74 0.739 0.726 0.732 0.763 0.73 0.709 0.674 0.659 0.698 0.7 0.685 0.662 0.638
0.566 0.707 0.801 0.847 0.87 0.888 0.888 0.857 0.755 0.605 0.69 0.824 0.921 1.044 1.084 1.097 1.112 1.118 1.12 1.123 1.125 1.125 1.125 1.119 1.113 1.121 1.116 1.117 1.12 1.119 1.116 1.113 1.109 1.079 1.064 1.064 1.058 1.038 1.023 1.019 1.01 0.99 0.974 0.957 0.946 0.937 0.94 0.947 0.961 0.959 0.971 0.972 0.96 0.945 0.944 0.929 0.928 0.922 0.912 0.858 0.856 0.8 0.748 0.783 0.751 0.723 0.712 0.745 0.722 0.687 0.666 0.635 0.614 0.626 0.606 0.573 0.578
0.657 0.776 0.839 0.865 0.873 0.88 0.856 0.796 0.638 0.664 0.873 0.95 1.052 1.102 1.107 1.109 1.11 1.102 1.12 1.125 1.125 1.115 1.099 1.093 1.121 1.116 1.121 1.12 1.117 1.115 1.115 1.112 1.096 1.05 1.049 1.032 1.028 1.022 1.02 1.019 1 0.982 0.951 0.941 0.933 0.95 0.949 0.946 0.954 0.966 0.965 0.959 0.948 0.939 0.905 0.885 0.875 0.893 0.908 0.863 0.813 0.733 0.731 0.792 0.769 0.742 0.73 0.746 0.683 0.71 0.714 0.696 0.676 0.632 0.61 0.581 0.501
0.725 0.831 0.859 0.882 0.889 0.861 0.757 0.645 0.603 0.84 0.96 1.028 1.099 1.104 1.104 1.085 1.022 1.067 1.11 1.101 1.066 1.064 1.05 1.109 1.113 1.1 1.118 1.119 1.115 1.115 1.101 1.099 1.052 1.04 1.023 1.01 0.983 0.965 0.983 1.005 0.997 0.991 0.986 0.971 0.951 0.952 0.936 0.935 0.954 0.967 0.955 0.946 0.931 0.881 0.89 0.866 0.882 0.874 0.904 0.847 0.778 0.717 0.765 0.801 0.749 0.718 0.759 0.74 0.745 0.729 0.677 0.668 0.592 0.584 0.541 0.549 0.546
0.814 0.852 0.872 0.895 0.878 0.75 0.606 0.627 0.791 0.97 1.012 1.085 1.091 1.094 1.08 1.013 1.056 1.094 1.106 1.066 1.025 1.036 1.094 1.114 1.115 1.125 1.117 1.115 1.114 1.093 1.079 1.079 1.05 1.026 0.989 0.941 0.904 0.914 0.92 0.945 0.921 0.899 0.922 0.959 0.972 0.969 0.943 0.931 0.953 0.957 0.94 0.903 0.905 0.886 0.862 0.797 0.851 0.81 0.878 0.87 0.785 0.789 0.81 0.759 0.735 0.724 0.776 0.764 0.742 0.67 0.615 0.614 0.601 0.505 0.485 0.471 0.485
0.834 0.863 0.881 0.898 0.807 0.668 0.699 0.833 0.968 1.041 1.074 1.078 1.088 1.099 1.062 1.055 1.079 1.093 1.065 1.025 1.032 1.083 1.109 1.1 1.11 1.123 1.115 1.111 1.089 1.078 1.092 1.044 1.012 0.986 0.947 0.867 0.843 0.868 0.893 0.907 0.886 0.885 0.903 0.929 0.944 0.945 0.951 0.951 0.948 0.938 0.917 0.874 0.861 0.859 0.821 0.79 0.827 0.766 0.806 0.871 0.857 0.826 0.781 0.734 0.726 0.769 0.777 0.715 0.681 0.684 0.651 0.593 0.564 0.556 0.48 0.434 0.399
0.842 0.855 0.861 0.889 0.826 0.819 0.903 1 1.069 1.095 1.091 1.082 1.096 1.098 1.104 1.103 1.097 1.09 1.058 1.058 1.063 1.102 1.107 1.102 1.115 1.114 1.113 1.09 1.069 1.088 1.034 0.986 0.936 0.907 0.866 0.819 0.841 0.839 0.895 0.899 0.877 0.87 0.904 0.919 0.924 0.927 0.93 0.928 0.92 0.89 0.862 0.848 0.824 0.853 0.793 0.765 0.788 0.708 0.76 0.838 0.852 0.848 0.808 0.785 0.792 0.789 0.755 0.704 0.712 0.668 0.634 0.547 0.502 0.512 0.501 0.486 0.398
0.847 0.857 0.873 0.926 0.948 0.984 1.035 1.085 1.104 1.104 1.102 1.097 1.101 1.097 1.1 1.104 1.104 1.101 1.086 1.085 1.092 1.105 1.11 1.115 1.114 1.11 1.101 1.06 1.066 1.078 1 0.957 0.886 0.846 0.827 0.835 0.871 0.905 0.915 0.912 0.895 0.893 0.917 0.917 0.922 0.919 0.901 0.887 0.837 0.802 0.792 0.816 0.823 0.828 0.77 0.741 0.721 0.716 0.767 0.756 0.822 0.817 0.822 0.817 0.811 0.777 0.758 0.718 0.651 0.621 0.6 0.529 0.461 0.438 0.428 0.448 0.374
0.906 0.934 0.969 1.011 1.048 1.085 1.099 1.102 1.104 1.104 1.104 1.104 1.104 1.103 1.099 1.103 1.102 1.103 1.104 1.101 1.1 1.106 1.111 1.113 1.111 1.109 1.082 1.057 1.051 1.062 1.018 0.967 0.929 0.91 0.887 0.886 0.925 0.913 0.905 0.907 0.919 0.923 0.921 0.917 0.937 0.925 0.891 0.844 0.769 0.748 0.769 0.787 0.781 0.743 0.695 0.687 0.675 0.699 0.706 0.717 0.787 0.753 0.764 0.778 0.796 0.791 0.772 0.7 0.624 0.593 0.587 0.519 0.435 0.468 0.451 0.407 0.314
1.014 1.041 1.066 1.087 1.102 1.11 1.107 1.105 1.104 1.104 1.104 1.104 1.103 1.102 1.1 1.1 1.099 1.101 1.102 1.102 1.101 1.109 1.11 1.11 1.11 1.103 1.072 1.053 1.033 1.051 1.034 0.986 0.977 0.949 0.928 0.922 0.935 0.91 0.906 0.911 0.921 0.918 0.912 0.913 0.951 0.932 0.908 0.847 0.817 0.74 0.703 0.684 0.754 0.697 0.651 0.621 0.651 0.643 0.69 0.729 0.737 0.683 0.72 0.739 0.731 0.742 0.786 0.744 0.663 0.632 0.594 0.541 0.459 0.505 0.454 0.361 0.324
1.087 1.107 1.112 1.112 1.11 1.11 1.11 1.106 1.104 1.104 1.104 1.104 1.1 1.099 1.099 1.099 1.099 1.095 1.099 1.099 1.1 1.103 1.105 1.104 1.104 1.089 1.065 1.052 1.033 1.055 1.036 1.021 1.014 0.987 0.958 0.95 0.955 0.951 0.936 0.938 0.934 0.928 0.925 0.931 0.935 0.928 0.906 0.885 0.856 0.766 0.698 0.667 0.767 0.692 0.654 0.613 0.591 0.638 0.717 0.681 0.672 0.632 0.687 0.674 0.674 0.657 0.746 0.757 0.67 0.627 0.556 0.539 0.5 0.517 0.434 0.353 0.36
1.111 1.12 1.12 1.115 1.11 1.11 1.11 1.106 1.104 1.104 1.103 1.101 1.099 1.099 1.094 1.079 1.041 1.021 1.055 1.099 1.099 1.099 1.099 1.099 1.088 1.079 1.062 1.056 1.046 1.055 1.024 1.016 1.013 1.008 0.985 0.988 0.989 0.987 0.97 0.965 0.945 0.929 0.918 0.912 0.916 0.902 0.889 0.889 0.871 0.838 0.77 0.73 0.779 0.702 0.671 0.612 0.578 0.655 0.656 0.6 0.605 0.623 0.668 0.618 0.618 0.582 0.702 0.754 0.671 0.589 0.592 0.54 0.547 0.483 0.459 0.422 0.424
1.12 1.128 1.124 1.123 1.114 1.11 1.11 1.109 1.104 1.104 1.1 1.099 1.089 1.085 1.068 1.043 0.995 1.033 1.076 1.099 1.099 1.099 1.095 1.078 1.053 1.06 1.057 1.043 1.047 1.03 0.987 0.953 0.933 0.944 0.933 0.943 0.95 0.941 0.934 0.948 0.928 0.908 0.904 0.891 0.907 0.882 0.872 0.872 0.838 0.822 0.818 0.81 0.802 0.739 0.669 0.608 0.561 0.661 0.613 0.543 0.57 0.6 0.612 0.566 0.56 0.563 0.679 0.74 0.651 0.598 0.595 0.563 0.548 0.514 0.502 0.489 0.463
1.128 1.13 1.126 1.125 1.124 1.116 1.11 1.11 1.109 1.101 1.089 1.077 1.057 1.046 1.045 1.053 1.064 1.09 1.102 1.102 1.101 1.095 1.079 1.048 1.033 1.033 1.044 1.027 1.047 1.009 0.949 0.907 0.884 0.919 0.921 0.933 0.936 0.926 0.926 0.923 0.91 0.904 0.901 0.897 0.9 0.88 0.858 0.858 0.793 0.754 0.742 0.802 0.818 0.753 0.659 0.611 0.602 0.674 0.568 0.513 0.52 0.494 0.513 0.499 0.522 0.579 0.648 0.719 0.696 0.665 0.624 0.585 0.588 0.573 0.482 0.508 0.465
