data/climatemaps/RS_maps/climate_breeding_tmp_2012.asc
NCOLS 369 
NROWS 228 
XLLCORNER 479000 
YLLCORNER 73000 
CELLSIZE 1000 
NODATA_value -9 
[rows 0 to 33 of 228, columns 228 to 303 of 369]
-9 -9 -9 -9 -9 -9 -9 -9 -9 -9 -9 -9 -9 -9 -9 -9 -9 -9 -9 -9 -9 -9 -9 -9 -9 -9 -9 -9 -9 -9 -9 -9 -9 -9 -9 -9 -9 -9 -9 -9 -9 -9 -9 -9 -9 -9 -9 -9 -9 -9 -9 -9 -9 -9 -9 -9 -9 -9 -9 -9 -9 -9 -9 -9 -9 -9 -9 -9 -9 -9 -9 -9 -9 -9 -9 -9
0.828 -9 -9 -9 -9 -9 -9 -9 -9 -9 -9 -9 -9 -9 -9 -9 -9 -9 -9 -9 -9 -9 -9 -9 -9 -9 -9 -9 -9 -9 -9 -9 -9 -9 -9 -9 -9 -9 -9 -9 -9 -9 -9 -9 -9 -9 -9 -9 -9 -9 -9 -9 -9 -9 -9 -9 -9 -9 -9 -9 -9 -9 -9 -9 -9 -9 -9 -9 -9 -9 -9 -9 -9 -9 -9 -9
0.868 0.87 -9 -9 -9 -9 -9 -9 -9 -9 -9 -9 -9 -9 -9 -9 -9 -9 -9 -9 -9 -9 -9 -9 -9 -9 -9 -9 -9 -9 -9 -9 -9 -9 -9 -9 -9 -9 -9 -9 -9 -9 -9 -9 -9 -9 -9 -9 -9 -9 -9 -9 -9 -9 -9 -9 -9 -9 -9 -9 -9 -9 -9 -9 -9 -9 -9 -9 -9 -9 -9 -9 -9 -9 -9 -9
0.887 0.889 0.846 0.84 -9 -9 -9 -9 -9 -9 -9 -9 -9 -9 -9 -9 -9 -9 -9 -9 -9 -9 -9 -9 -9 -9 -9 -9 -9 -9 -9 -9 -9 -9 -9 -9 -9 -9 -9 -9 -9 -9 -9 -9 -9 -9 -9 -9 -9 -9 -9 -9 -9 -9 -9 -9 -9 -9 -9 -9 -9 -9 -9 -9 -9 -9 -9 -9 -9 -9 -9 -9 -9 -9 -9 -9
0.889 0.897 0.888 0.878 0.776 -9 -9 -9 -9 -9 -9 -9 -9 -9 -9 -9 -9 -9 -9 -9 -9 -9 -9 -9 -9 -9 -9 -9 -9 -9 -9 -9 -9 -9 -9 -9 -9 -9 -9 -9 -9 -9 -9 -9 -9 -9 -9 -9 -9 -9 -9 -9 -9 -9 -9 -9 -9 -9 -9 -9 -9 -9 -9 -9 -9 -9 -9 -9 -9 -9 -9 -9 -9 -9 -9 -9
0.896 0.892 0.873 0.885 0.874 0.785 -9 -9 -9 -9 -9 -9 -9 -9 -9 -9 -9 -9 -9 -9 -9 -9 -9 -9 -9 -9 -9 -9 -9 -9 -9 -9 -9 -9 -9 -9 -9 -9 -9 -9 -9 -9 -9 -9 -9 -9 -9 -9 -9 -9 -9 -9 -9 -9 -9 -9 -9 -9 -9 -9 -9 -9 -9 -9 -9 -9 -9 -9 -9 -9 -9 -9 -9 -9 -9 -9
0.896 0.863 0.834 0.864 0.902 0.805 0.737 -9 0.883 0.719 0.745 0.743 0.737 0.874 0.997 1.003 1.003 0.985 0.934 -9 -9 -9 -9 -9 -9 -9 -9 -9 -9 -9 -9 -9 -9 -9 -9 -9 -9 -9 -9 -9 -9 -9 -9 -9 -9 -9 -9 -9 -9 -9 -9 -9 -9 -9 -9 -9 -9 -9 -9 -9 -9 -9 -9 -9 -9 -9 -9 -9 -9 -9 -9 -9 -9 -9 -9 -9
0.877 0.856 0.864 0.896 0.917 0.857 0.823 0.859 0.865 0.736 0.715 0.737 0.67 0.715 0.896 0.993 1.003 1.003 0.998 0.941 0.883 0.874 0.87 -9 -9 -9 -9 -9 -9 -9 -9 -9 -9 -9 -9 -9 -9 -9 -9 -9 -9 -9 -9 -9 -9 -9 -9 -9 -9 -9 -9 -9 -9 -9 -9 -9 -9 -9 -9 -9 -9 -9 -9 -9 -9 -9 -9 -9 -9 -9 -9 -9 -9 -9 -9 -9
0.865 0.883 0.899 0.925 0.935 0.921 0.908 0.903 0.905 0.87 0.808 0.802 0.76 0.718 0.758 0.865 0.978 1.007 1.008 1.002 0.969 0.945 0.948 0.892 0.883 0.916 0.908 0.889 0.884 0.885 0.913 0.955 -9 -9 -9 -9 -9 -9 -9 -9 -9 -9 -9 -9 -9 -9 -9 -9 -9 -9 -9 -9 -9 -9 -9 -9 -9 -9 -9 -9 -9 -9 -9 -9 -9 -9 -9 -9 -9 -9 -9 -9 -9 -9 -9 -9
0.894 0.908 0.921 0.928 0.943 0.948 0.933 0.931 0.913 0.942 0.926 0.87 0.84 0.798 0.787 0.811 0.852 0.915 0.99 1.008 1.006 1.01 0.995 0.944 0.918 0.929 0.952 0.939 0.934 0.91 0.936 0.964 0.968 0.947 0.868 0.81 -9 -9 -9 -9 -9 -9 -9 -9 -9 -9 -9 -9 -9 -9 -9 -9 -9 -9 -9 -9 -9 -9 -9 -9 -9 -9 -9 -9 -9 -9 -9 -9 -9 -9 -9 -9 -9 -9 -9 -9
0.913 0.922 0.928 0.942 0.957 0.965 0.962 0.966 0.939 0.938 0.963 0.953 0.948 0.928 0.886 0.842 0.812 0.827 0.882 0.983 1.013 1.013 1.013 1.012 0.995 0.95 0.94 0.936 0.947 0.928 0.932 0.964 0.968 0.974 0.951 0.888 0.84 0.839 -9 -9 -9 -9 -9 -9 -9 -9 -9 -9 -9 -9 -9 -9 -9 -9 -9 -9 -9 -9 -9 -9 -9 -9 -9 -9 -9 -9 -9 -9 -9 -9 -9 -9 -9 -9 -9 -9
0.915 0.922 0.935 0.963 0.97 0.98 0.98 0.981 0.981 0.979 0.968 0.921 0.926 0.943 0.901 0.855 0.817 0.795 0.837 0.918 1 1.005 1.012 1.014 1.018 1.013 0.99 0.97 0.975 0.97 0.964 0.959 0.968 0.971 0.977 0.934 0.879 0.861 0.799 0.679 -9 -9 -9 -9 -9 -9 -9 -9 -9 -9 -9 -9 -9 -9 -9 -9 -9 -9 -9 -9 -9 -9 -9 -9 -9 -9 -9 -9 -9 -9 -9 -9 -9 -9 -9 -9
0.898 0.924 0.953 0.973 0.98 0.988 0.991 0.988 0.989 1.001 0.989 0.937 0.914 0.915 0.945 0.93 0.917 0.903 0.902 0.92 0.938 0.966 0.992 1.018 1.022 1.023 1.023 1.009 0.991 0.974 0.983 0.982 0.981 0.968 0.98 0.979 0.939 0.908 0.871 0.793 0.714 0.692 -9 -9 -9 -9 -9 -9 -9 -9 -9 -9 -9 -9 -9 -9 -9 -9 -9 -9 -9 -9 -9 -9 -9 -9 -9 -9 -9 -9 -9 -9 -9 -9 -9 -9
0.906 0.903 0.917 0.974 0.984 0.989 0.993 0.998 1.003 1.002 1.005 1.004 0.981 0.953 0.953 0.969 0.944 0.904 0.923 0.903 0.89 0.921 0.949 1.016 1.023 1.023 1.023 1.008 0.957 0.905 0.911 0.976 0.992 0.989 0.991 0.995 0.978 0.966 0.954 0.926 0.878 0.862 0.919 0.963 -9 -9 -9 -9 -9 -9 -9 -9 -9 -9 -9 -9 -9 -9 -9 -9 -9 -9 -9 -9 -9 -9 -9 -9 -9 -9 -9 -9 -9 -9 -9 -9
0.953 0.953 0.956 0.973 0.971 0.978 0.993 0.998 1.003 1.008 1.008 1.008 1.008 1.009 0.985 0.98 0.956 0.934 0.905 0.886 0.892 0.892 0.914 1.005 1.023 1.023 1.023 1.01 0.939 0.877 0.834 0.883 0.948 0.982 0.982 0.995 0.969 0.971 0.993 0.99 0.971 0.963 0.973 0.978 0.98 0.966 -9 -9 -9 -9 -9 -9 -9 -9 -9 -9 -9 -9 -9 -9 -9 -9 -9 -9 -9 -9 -9 -9 -9 -9 -9 -9 -9 -9 -9 -9
0.909 0.907 0.936 0.949 0.963 0.968 0.971 0.961 0.996 1.005 1.008 1.008 1.009 1.012 1.013 1.009 0.993 0.978 0.94 0.918 0.915 0.916 0.911 0.996 1.018 1.023 1.025 1.025 0.995 0.922 0.873 0.854 0.896 0.937 0.955 0.985 0.979 0.975 0.994 1.001 0.995 0.962 0.972 0.959 0.968 0.968 0.95 0.936 -9 -9 -9 -9 -9 -9 -9 -9 -9 -9 -9 -9 -9 -9 -9 -9 -9 -9 -9 -9 -9 -9 -9 -9 -9 -9 -9 -9
0.688 0.671 0.695 0.758 0.807 0.862 0.927 0.889 0.939 0.976 1.007 1.008 1.011 1.009 1.005 1.012 1.018 1.015 0.987 0.963 0.957 0.955 0.927 0.955 1.008 1.026 1.028 1.028 1.028 0.995 0.942 0.909 0.911 0.934 0.938 0.962 0.977 0.984 0.998 0.999 1.003 0.984 0.963 0.965 0.967 0.983 0.978 0.964 0.99 1.007 -9 -9 -9 -9 -9 -9 -9 -9 -9 -9 -9 -9 -9 -9 -9 -9 -9 -9 -9 -9 -9 -9 -9 -9 -9 -9
0.718 0.633 0.618 0.591 0.63 0.713 0.812 0.881 0.917 0.954 1.005 1.008 1.013 1.012 1.002 1 1.017 1.018 1.014 1.005 0.997 0.984 0.956 0.945 0.981 0.998 1.031 1.036 1.037 1.034 1.022 0.981 0.952 0.94 0.931 0.928 0.966 0.979 0.996 1.013 1.005 1.009 0.964 0.975 0.983 0.985 1.009 1.01 1.01 1.013 1.03 -9 -9 -9 -9 -9 -9 -9 -9 -9 -9 -9 -9 -9 -9 -9 -9 -9 -9 -9 -9 -9 -9 -9 -9 -9
0.697 0.666 0.667 0.614 0.599 0.671 0.769 0.867 0.944 0.988 1.008 1.008 1.016 1.018 1.016 1.009 1.017 1.018 1.018 1.018 1.016 1.01 0.99 0.974 0.975 0.981 1.031 1.038 1.038 1.038 1.038 1.034 1.017 0.999 0.971 0.959 0.974 0.984 1 1.025 1.026 1.014 0.983 0.997 0.995 1.005 1.026 1.03 1.026 1.02 1.033 1.028 1.028 -9 -9 -9 -9 -9 -9 -9 -9 -9 -9 -9 -9 -9 -9 -9 -9 -9 -9 -9 -9 -9 -9 -9
0.726 0.749 0.7 0.704 0.713 0.796 0.86 0.94 0.99 0.999 0.976 0.965 0.96 0.965 0.973 0.998 1.013 1.022 1.022 1.02 1.018 1.018 1.013 1.01 0.994 0.979 1.024 1.038 1.038 1.038 1.038 1.038 1.038 1.038 1.031 1.002 1.002 1.014 1.022 1.042 1.045 1.035 1.008 1.006 1.005 1.019 1.033 1.043 1.03 1.024 1.031 1.028 1.028 1.011 -9 -9 -9 -9 -9 -9 -9 -9 -9 -9 -9 -9 -9 -9 -9 -9 -9 -9 -9 -9 -9 -9
0.812 0.853 0.817 0.81 0.848 0.917 0.964 0.996 0.997 0.947 0.864 0.823 0.808 0.809 0.863 0.916 0.948 0.974 1.005 1.014 1.018 1.018 1.018 1.018 1.029 1.015 1.033 1.038 1.038 1.038 1.038 1.038 1.038 1.038 1.041 1.043 1.038 1.041 1.044 1.051 1.053 1.054 1.042 1.03 1.02 1.039 1.039 1.043 1.031 1.023 1.029 1.028 1.026 1.006 0.95 -9 -9 -9 -9 -9 -9 -9 -9 -9 -9 -9 -9 -9 -9 -9 -9 -9 -9 -9 -9 -9
0.95 0.943 0.93 0.918 0.958 0.984 0.971 0.947 0.907 0.833 0.714 0.655 0.645 0.656 0.743 0.822 0.852 0.878 0.9 0.962 1 1.01 1.018 1.018 1.035 1.038 1.038 1.038 1.038 1.038 1.038 1.038 1.038 1.038 1.044 1.044 1.048 1.048 1.051 1.054 1.055 1.057 1.058 1.056 1.05 1.052 1.054 1.054 1.035 1.026 1.041 1.032 1.013 0.987 0.934 0.898 -9 -9 -9 -9 -9 -9 -9 -9 -9 -9 -9 -9 -9 -9 -9 -9 -9 -9 -9 -9
0.957 0.964 0.976 0.978 0.955 0.868 0.824 0.81 0.807 0.747 0.638 0.607 0.592 0.64 0.676 0.735 0.775 0.81 0.82 0.864 0.92 0.951 0.975 0.994 1.016 1.017 1.034 1.038 1.038 1.038 1.038 1.038 1.038 1.041 1.047 1.048 1.05 1.05 1.056 1.056 1.058 1.058 1.058 1.058 1.063 1.063 1.063 1.063 1.053 1.035 1.047 1.026 1.008 0.994 0.958 0.931 0.938 0.968 -9 -9 -9 -9 -9 -9 -9 -9 -9 -9 -9 -9 -9 -9 -9 -9 -9 -9
0.874 0.86 0.85 0.869 0.844 0.723 0.735 0.764 0.774 0.744 0.694 0.679 0.688 0.723 0.737 0.742 0.736 0.767 0.784 0.809 0.832 0.868 0.883 0.918 0.956 0.984 1.001 1.025 1.032 1.037 1.038 1.038 1.039 1.047 1.048 1.048 1.054 1.056 1.058 1.058 1.058 1.058 1.058 1.058 1.063 1.063 1.063 1.063 1.063 1.053 1.049 1.021 1.004 1.005 1.009 1.009 1.005 0.964 0.954 -9 -9 -9 -9 -9 -9 -9 -9 -9 -9 -9 -9 -9 -9 -9 -9 -9
0.782 0.784 0.747 0.771 0.761 0.7 0.736 0.786 0.797 0.764 0.757 0.757 0.777 0.772 0.78 0.782 0.777 0.785 0.782 0.787 0.805 0.822 0.846 0.858 0.886 0.908 0.938 0.972 0.997 1.023 1.03 1.038 1.04 1.047 1.048 1.048 1.055 1.058 1.058 1.058 1.058 1.058 1.062 1.062 1.063 1.063 1.063 1.063 1.063 1.061 1.046 1.012 1.008 1.028 1.026 0.969 0.929 0.935 0.912 0.909 0.902 -9 -9 -9 -9 -9 -9 -9 -9 -9 -9 -9 -9 -9 -9 -9
0.691 0.707 0.671 0.684 0.761 0.769 0.791 0.825 0.826 0.825 0.83 0.84 0.839 0.846 0.846 0.83 0.827 0.819 0.816 0.821 0.839 0.837 0.83 0.828 0.847 0.861 0.875 0.914 0.946 0.983 1.006 1.025 1.041 1.048 1.048 1.05 1.057 1.058 1.058 1.058 1.058 1.058 1.063 1.063 1.063 1.063 1.063 1.063 1.063 1.062 1.053 1.033 1.047 1.039 1.028 0.976 0.941 0.937 0.921 0.923 0.924 0.923 -9 -9 -9 -9 -9 -9 -9 -9 -9 -9 -9 -9 -9 -9
0.775 0.726 0.658 0.693 0.815 0.821 0.852 0.868 0.878 0.885 0.891 0.931 0.927 0.927 0.904 0.879 0.871 0.872 0.871 0.87 0.873 0.859 0.832 0.813 0.81 0.819 0.836 0.87 0.9 0.935 0.972 0.999 1.026 1.042 1.051 1.055 1.058 1.058 1.058 1.058 1.058 1.059 1.063 1.063 1.063 1.063 1.063 1.063 1.063 1.068 1.057 1.052 1.048 1.048 1.04 1.021 0.97 0.956 0.939 0.94 0.941 0.942 -9 -9 -9 -9 -9 -9 -9 -9 -9 -9 -9 -9 -9 -9
0.893 0.874 0.848 0.85 0.856 0.88 0.93 0.932 0.945 0.964 0.975 0.982 0.967 0.962 0.948 0.931 0.908 0.9 0.89 0.872 0.866 0.848 0.822 0.796 0.79 0.8 0.817 0.827 0.866 0.898 0.92 0.963 0.994 1.018 1.044 1.057 1.058 1.058 1.058 1.058 1.058 1.06 1.063 1.063 1.063 1.063 1.063 1.063 1.064 1.068 1.066 1.056 1.051 1.051 1.056 1.038 0.996 0.975 0.969 0.958 0.953 0.956 0.941 -9 -9 -9 -9 -9 -9 -9 -9 -9 -9 -9 -9 -9
0.858 0.902 0.918 0.929 0.932 0.966 0.977 0.99 0.998 0.998 0.997 0.999 0.988 0.986 0.985 0.967 0.907 0.83 0.805 0.781 0.77 0.787 0.806 0.795 0.799 0.803 0.813 0.815 0.855 0.875 0.883 0.914 0.935 0.971 1.009 1.037 1.052 1.058 1.058 1.058 1.058 1.059 1.067 1.063 1.063 1.064 1.068 1.068 1.069 1.069 1.069 1.068 1.063 1.063 1.065 1.056 1.018 1.006 0.994 0.98 0.973 0.968 0.952 0.931 -9 -9 -9 -9 -9 -9 -9 -9 -9 -9 -9 -9
0.885 0.914 0.926 0.957 0.978 0.989 1.003 1.003 0.995 0.986 0.978 0.978 0.99 0.997 0.99 0.987 0.934 0.815 0.736 0.705 0.696 0.739 0.799 0.817 0.817 0.831 0.837 0.847 0.867 0.883 0.892 0.907 0.917 0.937 0.969 0.996 1.023 1.045 1.058 1.058 1.058 1.064 1.068 1.065 1.068 1.068 1.068 1.068 1.07 1.073 1.071 1.07 1.069 1.068 1.068 1.065 1.044 1.038 1.031 1.014 1.002 0.991 0.989 0.968 -9 -9 -9 -9 -9 -9 -9 -9 -9 -9 -9 -9
0.984 0.983 0.989 0.998 1 0.997 0.985 0.962 0.925 0.897 0.891 0.895 0.914 0.951 0.971 0.988 0.986 0.951 0.859 0.811 0.8 0.822 0.857 0.872 0.879 0.885 0.891 0.896 0.9 0.904 0.909 0.935 0.944 0.95 0.963 0.961 0.987 1.015 1.042 1.058 1.066 1.068 1.067 1.068 1.068 1.068 1.068 1.068 1.07 1.073 1.073 1.073 1.07 1.068 1.068 1.068 1.064 1.063 1.058 1.04 1.032 1.026 1.024 1.018 -9 -9 -9 -9 -9 -9 -9 -9 -9 -9 -9 -9
0.992 0.987 0.989 0.985 0.969 0.934 0.891 0.805 0.741 0.728 0.755 0.797 0.813 0.866 0.924 0.965 0.986 0.986 0.969 0.946 0.945 0.947 0.943 0.941 0.934 0.923 0.924 0.925 0.933 0.943 0.959 0.966 0.975 0.978 0.978 0.975 0.988 1.019 1.039 1.062 1.064 1.068 1.068 1.068 1.068 1.068 1.068 1.068 1.072 1.073 1.073 1.073 1.07 1.068 1.068 1.068 1.071 1.07 1.067 1.055 1.053 1.054 1.047 1.049 1.036 1.013 -9 -9 -9 -9 -9 -9 -9 -9 -9 -9
0.975 0.971 0.975 0.946 0.872 0.818 0.767 0.696 0.661 0.652 0.682 0.753 0.788 0.841 0.882 0.916 0.954 0.969 0.974 0.982 0.978 0.981 0.968 0.965 0.948 0.934 0.948 0.96 0.968 0.977 0.98 0.979 0.988 0.998 1.002 1.004 1.019 1.033 1.049 1.061 1.066 1.068 1.068 1.068 1.068 1.068 1.068 1.068 1.071 1.073 1.073 1.073 1.072 1.068 1.068 1.069 1.073 1.073 1.068 1.064 1.062 1.059 1.06 1.062 1.056 1.043 1.03 -9 -9 -9 -9 -9 -9 -9 -9 -9
0.929 0.924 0.948 0.905 0.836 0.769 0.739 0.736 0.726 0.709 0.702 0.752 0.796 0.836 0.86 0.881 0.909 0.935 0.931 0.943 0.96 0.967 0.965 0.956 0.932 0.939 0.948 0.935 0.928 0.93 0.949 0.963 0.964 0.98 0.987 1.005 1.016 1.028 1.039 1.052 1.064 1.068 1.068 1.068 1.068 1.068 1.068 1.07 1.073 1.073 1.073 1.073 1.073 1.072 1.072 1.07 1.073 1.071 1.068 1.068 1.063 1.063 1.063 1.063 1.063 1.051 1.04 0.959 0.675 -9 -9 -9 -9 -9 -9 -9
