data/climatemaps/RS_maps/climate_breeding_pr_2013.asc
NCOLS 369 
NROWS 228 
XLLCORNER 479000 
YLLCORNER 73000 
CELLSIZE 1000 
NODATA_value -9 
[rows 34 to 67 of 228, columns 228 to 303 of 369]
-0.767 -0.774 -0.801 -0.814 -0.802 -0.771 -0.73 -0.661 -0.576 -0.499 -0.463 -0.479 -0.515 -0.547 -0.575 -0.593 -0.59 -0.589 -0.596 -0.6 -0.595 -0.601 -0.594 -0.576 -0.549 -0.511 -0.462 -0.405 -0.352 -0.309 -0.291 -0.284 -0.277 -0.275 -0.271 -0.271 -0.269 -0.266 -0.262 -0.258 -0.254 -0.247 -0.235 -0.22 -0.203 -0.183 -0.16 -0.134 -0.105 -0.076 -0.047 -0.021 0.003 0.025 0.044 0.063 0.087 0.122 0.167 0.221 0.274 0.321 0.353 0.374 0.385 0.403 0.458 0.629 0.96 1.352 -9 -9 -9 -9 -9 -9
-0.693 -0.709 -0.737 -0.774 -0.79 -0.775 -0.741 -0.669 -0.59 -0.538 -0.525 -0.525 -0.533 -0.536 -0.53 -0.509 -0.479 -0.466 -0.464 -0.484 -0.491 -0.502 -0.504 -0.498 -0.482 -0.451 -0.397 -0.348 -0.303 -0.268 -0.247 -0.231 -0.22 -0.219 -0.218 -0.218 -0.219 -0.218 -0.215 -0.212 -0.209 -0.204 -0.197 -0.187 -0.175 -0.158 -0.139 -0.116 -0.091 -0.064 -0.039 -0.016 0.006 0.026 0.044 0.063 0.088 0.123 0.17 0.227 0.284 0.335 0.372 0.396 0.41 0.428 0.484 0.669 1.019 1.394 -9 -9 -9 -9 -9 -9
-0.621 -0.645 -0.683 -0.734 -0.772 -0.778 -0.76 -0.718 -0.666 -0.624 -0.595 -0.567 -0.545 -0.52 -0.471 -0.412 -0.365 -0.339 -0.333 -0.347 -0.359 -0.376 -0.382 -0.375 -0.372 -0.375 -0.335 -0.289 -0.255 -0.234 -0.214 -0.191 -0.173 -0.167 -0.167 -0.166 -0.169 -0.171 -0.172 -0.169 -0.165 -0.16 -0.154 -0.149 -0.141 -0.129 -0.114 -0.094 -0.073 -0.05 -0.028 -0.008 0.012 0.029 0.047 0.066 0.091 0.126 0.175 0.234 0.295 0.35 0.392 0.421 0.44 0.461 0.52 0.692 1.058 1.403 1.591 -9 -9 -9 -9 -9
-0.537 -0.569 -0.634 -0.695 -0.738 -0.756 -0.753 -0.736 -0.706 -0.667 -0.629 -0.592 -0.552 -0.492 -0.416 -0.336 -0.257 -0.207 -0.204 -0.219 -0.232 -0.245 -0.252 -0.26 -0.261 -0.277 -0.279 -0.236 -0.215 -0.203 -0.179 -0.152 -0.129 -0.116 -0.111 -0.106 -0.108 -0.112 -0.116 -0.119 -0.118 -0.115 -0.11 -0.105 -0.1 -0.093 -0.083 -0.068 -0.051 -0.031 -0.013 0.005 0.022 0.038 0.054 0.073 0.097 0.133 0.183 0.243 0.307 0.366 0.414 0.45 0.475 0.501 0.569 0.739 1.079 1.353 1.476 1.591 -9 -9 -9 -9
-0.462 -0.516 -0.59 -0.644 -0.687 -0.718 -0.732 -0.722 -0.695 -0.666 -0.64 -0.608 -0.549 -0.471 -0.373 -0.277 -0.189 -0.123 -0.118 -0.127 -0.131 -0.141 -0.151 -0.165 -0.173 -0.189 -0.222 -0.205 -0.196 -0.164 -0.125 -0.096 -0.08 -0.064 -0.052 -0.04 -0.038 -0.038 -0.043 -0.048 -0.052 -0.056 -0.056 -0.053 -0.053 -0.051 -0.047 -0.037 -0.022 -0.006 0.01 0.026 0.042 0.057 0.07 0.086 0.11 0.145 0.195 0.255 0.322 0.385 0.437 0.479 0.511 0.543 0.62 0.798 1.043 1.248 1.381 1.5 -9 -9 -9 -9
-0.418 -0.467 -0.529 -0.578 -0.615 -0.666 -0.687 -0.688 -0.677 -0.661 -0.638 -0.604 -0.544 -0.447 -0.357 -0.25 -0.15 -0.107 -0.097 -0.069 -0.072 -0.077 -0.084 -0.106 -0.112 -0.125 -0.17 -0.179 -0.147 -0.1 -0.058 -0.024 -0.008 0.014 0.023 0.032 0.037 0.034 0.031 0.029 0.025 0.019 0.018 0.014 0.004 -0.003 -0.004 0.003 0.017 0.033 0.049 0.062 0.074 0.085 0.096 0.109 0.133 0.165 0.214 0.275 0.342 0.407 0.462 0.508 0.544 0.58 0.647 0.786 0.975 1.188 1.398 1.603 -9 -9 -9 -9
-0.326 -0.36 -0.426 -0.503 -0.547 -0.568 -0.598 -0.624 -0.635 -0.635 -0.625 -0.593 -0.539 -0.446 -0.347 -0.256 -0.176 -0.131 -0.112 -0.079 -0.083 -0.082 -0.08 -0.087 -0.082 -0.096 -0.137 -0.135 -0.088 -0.051 -0.01 0.033 0.068 0.108 0.123 0.121 0.104 0.095 0.093 0.093 0.093 0.09 0.09 0.084 0.067 0.054 0.053 0.059 0.079 0.103 0.125 0.132 0.129 0.131 0.132 0.144 0.166 0.197 0.243 0.302 0.369 0.433 0.49 0.538 0.577 0.613 0.671 0.788 1.006 1.281 1.543 1.753 -9 -9 -9 -9
-0.207 -0.26 -0.322 -0.4 -0.454 -0.474 -0.498 -0.535 -0.567 -0.587 -0.588 -0.567 -0.518 -0.432 -0.346 -0.281 -0.213 -0.184 -0.177 -0.148 -0.142 -0.128 -0.104 -0.083 -0.083 -0.105 -0.119 -0.099 -0.056 -0.018 0.03 0.088 0.148 0.212 0.242 0.236 0.201 0.155 0.138 0.143 0.149 0.151 0.154 0.142 0.127 0.121 0.13 0.147 0.188 0.231 0.257 0.241 0.205 0.197 0.192 0.198 0.213 0.239 0.282 0.339 0.404 0.468 0.525 0.572 0.611 0.645 0.696 0.813 1.05 1.341 1.622 1.818 1.8 -9 -9 -9
-0.113 -0.145 -0.208 -0.252 -0.335 -0.383 -0.414 -0.461 -0.492 -0.528 -0.533 -0.513 -0.479 -0.421 -0.361 -0.308 -0.267 -0.255 -0.237 -0.211 -0.185 -0.151 -0.123 -0.104 -0.11 -0.112 -0.093 -0.059 -0.02 0.018 0.07 0.147 0.239 0.321 0.364 0.362 0.297 0.217 0.178 0.189 0.202 0.214 0.217 0.198 0.195 0.212 0.237 0.278 0.339 0.375 0.369 0.332 0.306 0.304 0.308 0.305 0.305 0.305 0.333 0.385 0.446 0.508 0.565 0.611 0.646 0.674 0.717 0.804 1.014 1.326 1.628 1.804 1.79 -9 -9 -9
-0.037 -0.06 -0.109 -0.146 -0.206 -0.28 -0.351 -0.4 -0.442 -0.472 -0.457 -0.438 -0.422 -0.392 -0.36 -0.335 -0.308 -0.279 -0.251 -0.228 -0.203 -0.172 -0.147 -0.126 -0.105 -0.07 -0.048 -0.017 0.021 0.052 0.108 0.202 0.301 0.395 0.458 0.448 0.37 0.259 0.223 0.258 0.26 0.271 0.269 0.253 0.286 0.328 0.359 0.414 0.468 0.476 0.455 0.444 0.437 0.439 0.456 0.453 0.438 0.418 0.417 0.437 0.492 0.553 0.608 0.65 0.681 0.701 0.734 0.805 0.987 1.264 1.539 1.719 1.829 -9 -9 -9
-0.058 -0.015 -0.069 -0.069 -0.119 -0.179 -0.235 -0.306 -0.375 -0.404 -0.379 -0.37 -0.352 -0.339 -0.322 -0.31 -0.278 -0.242 -0.212 -0.189 -0.173 -0.15 -0.125 -0.088 -0.04 -0.009 0.001 0.018 0.04 0.076 0.14 0.229 0.329 0.416 0.473 0.449 0.384 0.286 0.268 0.304 0.295 0.319 0.318 0.328 0.389 0.428 0.458 0.509 0.558 0.577 0.554 0.542 0.54 0.524 0.561 0.563 0.522 0.496 0.471 0.483 0.539 0.598 0.65 0.688 0.713 0.726 0.749 0.815 1.028 1.313 1.581 1.801 1.954 -9 -9 -9
-0.096 -0.034 -0.044 0.012 -0.012 -0.062 -0.126 -0.209 -0.299 -0.328 -0.311 -0.296 -0.268 -0.259 -0.246 -0.249 -0.224 -0.184 -0.142 -0.095 -0.091 -0.077 -0.053 -0.018 0.024 0.042 0.052 0.059 0.065 0.102 0.159 0.237 0.334 0.403 0.467 0.431 0.361 0.276 0.286 0.305 0.318 0.37 0.402 0.398 0.442 0.465 0.527 0.592 0.653 0.668 0.647 0.63 0.624 0.585 0.596 0.571 0.507 0.471 0.479 0.52 0.58 0.638 0.687 0.72 0.739 0.746 0.763 0.826 1.054 1.392 1.697 1.926 2.04 -9 -9 -9
-0.123 -0.066 -0.015 0.061 0.08 0.049 -0.032 -0.118 -0.204 -0.224 -0.214 -0.191 -0.166 -0.162 -0.148 -0.167 -0.165 -0.122 -0.071 -0.025 0.001 0.031 0.056 0.063 0.084 0.101 0.113 0.111 0.11 0.14 0.184 0.237 0.306 0.366 0.378 0.345 0.289 0.26 0.29 0.313 0.377 0.454 0.503 0.509 0.532 0.528 0.596 0.65 0.707 0.744 0.745 0.705 0.664 0.607 0.575 0.544 0.483 0.462 0.495 0.549 0.612 0.67 0.716 0.744 0.76 0.767 0.785 0.849 1.087 1.421 1.733 1.961 2.009 -9 -9 -9
-0.098 -0.037 0.031 0.104 0.145 0.136 0.082 0 -0.083 -0.104 -0.107 -0.086 -0.076 -0.068 -0.06 -0.084 -0.097 -0.035 0.028 0.082 0.13 0.163 0.187 0.186 0.185 0.175 0.185 0.173 0.164 0.173 0.192 0.231 0.277 0.306 0.276 0.251 0.238 0.264 0.29 0.345 0.428 0.512 0.591 0.635 0.643 0.613 0.65 0.702 0.761 0.796 0.811 0.774 0.716 0.657 0.592 0.547 0.499 0.485 0.509 0.568 0.633 0.69 0.732 0.758 0.776 0.795 0.825 0.898 1.089 1.363 1.629 1.902 1.99 -9 -9 -9
-0.074 -0.015 0.05 0.15 0.215 0.226 0.21 0.131 0.048 0.032 0.011 0.025 0.023 0.032 0.026 -0.017 -0.031 0.04 0.125 0.196 0.272 0.305 0.332 0.32 0.311 0.285 0.267 0.249 0.235 0.23 0.227 0.243 0.251 0.246 0.233 0.213 0.231 0.271 0.301 0.363 0.448 0.538 0.627 0.686 0.715 0.728 0.747 0.777 0.816 0.851 0.808 0.732 0.656 0.568 0.476 0.429 0.426 0.458 0.511 0.576 0.641 0.697 0.738 0.765 0.793 0.836 0.891 0.98 1.084 1.238 1.454 1.729 1.886 1.807 -9 -9
-0.028 0.035 0.086 0.181 0.271 0.326 0.325 0.268 0.201 0.174 0.156 0.142 0.128 0.121 0.108 0.036 0.023 0.088 0.154 0.231 0.321 0.405 0.451 0.488 0.477 0.444 0.417 0.373 0.344 0.337 0.315 0.32 0.295 0.272 0.261 0.229 0.232 0.265 0.305 0.37 0.443 0.511 0.594 0.684 0.774 0.833 0.869 0.918 0.916 0.863 0.754 0.611 0.494 0.404 0.355 0.36 0.393 0.443 0.506 0.576 0.642 0.7 0.74 0.777 0.829 0.913 1.021 1.174 1.191 1.179 1.297 1.538 1.74 1.81 -9 -9
0.071 0.121 0.178 0.262 0.34 0.406 0.437 0.396 0.358 0.321 0.273 0.227 0.197 0.168 0.141 0.096 0.059 0.117 0.221 0.313 0.425 0.506 0.576 0.635 0.635 0.611 0.591 0.532 0.476 0.458 0.409 0.386 0.37 0.346 0.318 0.263 0.251 0.242 0.284 0.332 0.387 0.464 0.568 0.678 0.779 0.869 0.959 1.023 0.958 0.804 0.636 0.478 0.363 0.312 0.304 0.329 0.373 0.433 0.5 0.572 0.639 0.698 0.748 0.809 0.914 1.114 1.337 1.525 1.48 1.265 1.285 1.459 1.66 1.822 -9 -9
0.143 0.205 0.267 0.355 0.45 0.505 0.545 0.551 0.498 0.473 0.409 0.356 0.305 0.244 0.201 0.135 0.101 0.131 0.215 0.319 0.44 0.532 0.636 0.719 0.759 0.762 0.738 0.683 0.646 0.605 0.517 0.447 0.426 0.409 0.36 0.292 0.289 0.233 0.253 0.3 0.34 0.412 0.513 0.602 0.707 0.875 0.986 1.021 0.923 0.77 0.57 0.394 0.311 0.276 0.277 0.31 0.363 0.428 0.499 0.569 0.636 0.7 0.77 0.882 1.094 1.429 1.761 1.869 1.757 1.493 1.445 1.57 1.725 1.837 -9 -9
0.226 0.32 0.386 0.444 0.523 0.599 0.672 0.672 0.606 0.552 0.481 0.405 0.343 0.294 0.242 0.184 0.14 0.189 0.265 0.318 0.417 0.549 0.651 0.745 0.835 0.876 0.887 0.848 0.831 0.743 0.621 0.541 0.478 0.438 0.364 0.319 0.318 0.253 0.246 0.316 0.355 0.383 0.431 0.523 0.663 0.782 0.861 0.957 0.894 0.714 0.511 0.353 0.279 0.253 0.261 0.299 0.359 0.43 0.502 0.572 0.641 0.717 0.823 1.013 1.327 1.728 2.081 2.123 2.009 1.754 1.665 1.724 1.855 1.968 -9 -9
0.321 0.357 0.437 0.488 0.577 0.652 0.757 0.745 0.714 0.635 0.571 0.481 0.439 0.376 0.328 0.253 0.187 0.255 0.346 0.39 0.424 0.546 0.656 0.768 0.873 0.964 1.035 0.992 0.978 0.877 0.735 0.643 0.524 0.426 0.377 0.367 0.346 0.278 0.249 0.309 0.339 0.396 0.443 0.485 0.554 0.645 0.753 0.828 0.784 0.632 0.447 0.313 0.256 0.237 0.249 0.294 0.36 0.436 0.509 0.581 0.66 0.76 0.921 1.194 1.563 1.988 2.3 2.285 2.135 1.964 1.938 1.977 2.138 -9 -9 -9
0.43 0.466 0.526 0.564 0.612 0.685 0.771 0.773 0.798 0.778 0.715 0.622 0.6 0.501 0.418 0.319 0.243 0.288 0.396 0.456 0.453 0.596 0.697 0.801 0.902 1.051 1.141 1.128 1.088 1.011 0.865 0.708 0.543 0.435 0.422 0.44 0.432 0.353 0.278 0.263 0.297 0.334 0.397 0.436 0.471 0.568 0.687 0.765 0.723 0.587 0.42 0.292 0.244 0.227 0.241 0.29 0.363 0.444 0.519 0.597 0.696 0.847 1.14 1.484 1.832 2.199 2.309 2.251 2.229 2.191 2.213 2.328 2.36 -9 -9 -9
0.491 0.601 0.685 0.716 0.763 0.731 0.773 0.819 0.858 0.893 0.845 0.78 0.78 0.648 0.532 0.409 0.312 0.323 0.436 0.504 0.496 0.636 0.759 0.89 0.969 1.098 1.204 1.235 1.225 1.142 0.956 0.765 0.574 0.464 0.468 0.493 0.534 0.485 0.411 0.316 0.256 0.288 0.342 0.376 0.448 0.538 0.648 0.691 0.625 0.516 0.388 0.287 0.239 0.219 0.233 0.286 0.375 0.472 0.531 0.621 0.758 0.981 1.344 1.66 2.042 2.33 2.311 2.249 2.374 2.418 2.406 2.484 2.409 -9 -9 -9
0.556 0.676 0.79 0.863 0.88 0.82 0.825 0.878 0.96 1 0.961 0.993 0.96 0.821 0.671 0.532 0.415 0.385 0.5 0.572 0.563 0.7 0.849 0.964 1.024 1.056 1.172 1.261 1.239 1.16 1.023 0.836 0.62 0.496 0.508 0.559 0.554 0.504 0.463 0.402 0.3 0.259 0.279 0.331 0.39 0.453 0.544 0.602 0.583 0.498 0.39 0.299 0.249 0.212 0.223 0.276 0.364 0.468 0.537 0.654 0.837 1.102 1.428 1.773 2.11 2.34 2.362 2.275 2.413 2.624 2.603 2.545 2.355 -9 -9 -9
0.578 0.739 0.845 0.952 0.928 0.916 0.928 0.992 1.054 1.162 1.162 1.175 1.103 1.007 0.896 0.733 0.555 0.464 0.554 0.656 0.663 0.721 0.822 0.906 0.949 1.024 1.11 1.15 1.182 1.194 1.123 0.93 0.669 0.514 0.516 0.534 0.52 0.5 0.482 0.45 0.404 0.325 0.28 0.284 0.341 0.445 0.555 0.656 0.672 0.582 0.476 0.358 0.268 0.203 0.209 0.258 0.338 0.436 0.538 0.692 0.87 1.119 1.418 1.695 2.005 2.217 2.291 2.27 2.368 2.606 2.538 2.512 -9 -9 -9 -9
0.607 0.754 0.926 0.983 0.955 0.995 1.036 1.056 1.175 1.312 1.339 1.297 1.253 1.259 1.165 0.948 0.737 0.553 0.632 0.742 0.803 0.825 0.849 0.894 0.893 0.935 0.972 1.051 1.17 1.254 1.149 0.952 0.681 0.55 0.534 0.529 0.533 0.595 0.593 0.557 0.544 0.475 0.366 0.296 0.352 0.469 0.615 0.75 0.754 0.689 0.562 0.423 0.272 0.193 0.191 0.238 0.316 0.413 0.536 0.662 0.817 1.059 1.323 1.607 1.818 1.894 2.053 2.225 2.307 2.561 2.511 -9 -9 -9 -9 -9
0.604 0.775 0.977 0.988 0.968 1.055 1.156 1.15 1.225 1.408 1.488 1.456 1.485 1.533 1.372 1.155 0.888 0.677 0.728 0.796 0.858 0.923 0.962 0.946 0.892 0.879 0.947 1.055 1.176 1.23 1.134 0.913 0.727 0.678 0.677 0.655 0.666 0.737 0.755 0.697 0.666 0.577 0.453 0.343 0.356 0.445 0.589 0.745 0.828 0.802 0.615 0.438 0.257 0.179 0.168 0.21 0.288 0.384 0.485 0.587 0.724 0.964 1.256 1.385 1.548 1.681 1.847 2.035 2.21 2.505 2.661 -9 -9 -9 -9 -9
0.554 0.756 0.972 0.986 0.945 1.055 1.211 1.208 1.31 1.424 1.537 1.638 1.696 1.72 1.568 1.366 1.09 0.776 0.751 0.781 0.874 0.975 1 1.016 0.988 0.905 0.972 1.021 1.126 1.243 1.191 0.944 0.853 0.825 0.808 0.816 0.9 0.925 0.922 0.822 0.736 0.615 0.531 0.42 0.393 0.429 0.56 0.742 0.892 0.807 0.585 0.346 0.213 0.154 0.139 0.178 0.256 0.348 0.439 0.527 0.652 0.834 1.05 1.301 1.593 1.769 1.764 1.852 2.098 2.392 -9 -9 -9 -9 -9 -9
0.502 0.725 0.967 0.971 0.917 1.011 1.166 1.219 1.403 1.475 1.508 1.691 1.833 1.794 1.67 1.48 1.21 0.903 0.785 0.787 0.845 0.93 1.031 1.084 1.025 0.927 0.972 1.037 1.178 1.303 1.271 1.038 0.992 0.999 0.991 1.066 1.15 1.108 1.03 0.917 0.844 0.797 0.714 0.497 0.508 0.492 0.573 0.783 0.85 0.651 0.441 0.266 0.172 0.12 0.107 0.142 0.217 0.305 0.39 0.467 0.561 0.726 0.965 1.223 1.464 1.676 1.775 1.854 2.083 -9 -9 -9 -9 -9 -9 -9
0.439 0.671 0.884 0.933 0.875 0.952 1.082 1.251 1.365 1.341 1.416 1.591 1.825 1.854 1.827 1.663 1.419 1.072 0.858 0.809 0.879 0.972 1.069 1.098 1.057 0.955 1.023 1.097 1.23 1.369 1.395 1.214 1.144 1.194 1.195 1.253 1.271 1.237 1.19 1.143 1.176 1.084 0.824 0.657 0.752 0.688 0.636 0.746 0.7 0.467 0.288 0.197 0.126 0.079 0.072 0.104 0.175 0.256 0.333 0.405 0.495 0.66 0.905 1.172 1.373 1.545 1.696 -9 -9 -9 -9 -9 -9 -9 -9 -9
0.37 0.565 0.73 0.811 0.794 0.908 1.054 1.189 1.22 1.199 1.369 1.617 1.761 1.7 1.703 1.642 1.444 1.26 1.013 0.854 0.877 0.949 1.021 1.048 1.039 0.961 0.983 1.072 1.235 1.429 1.506 1.446 1.301 1.274 1.281 1.362 1.424 1.461 1.496 1.534 1.425 1.173 1 0.945 0.852 0.708 0.707 0.626 0.411 0.252 0.182 0.123 0.068 0.032 0.031 0.066 0.131 0.207 0.278 0.349 0.449 0.591 0.789 0.977 1.169 1.345 1.471 -9 -9 -9 -9 -9 -9 -9 -9 -9
0.311 0.443 0.586 0.681 0.73 0.818 0.907 1.044 1.083 1.107 1.334 1.439 1.507 1.568 1.566 1.552 1.569 1.536 1.246 0.959 0.864 0.873 0.905 0.941 0.944 0.948 1.033 1.065 1.186 1.351 1.463 1.585 1.502 1.387 1.432 1.5 1.629 1.829 1.918 1.754 1.497 1.495 1.36 1.073 0.898 0.839 0.644 0.4 0.201 0.125 0.088 0.047 0.005 -0.018 -0.01 0.027 0.099 0.165 0.246 0.315 0.371 0.544 0.727 0.867 0.994 1.125 -9 -9 -9 -9 -9 -9 -9 -9 -9 -9
0.266 0.379 0.525 0.671 0.732 0.73 0.766 0.86 0.904 0.992 1.133 1.225 1.367 1.413 1.473 1.594 1.735 1.754 1.521 1.177 0.934 0.808 0.786 0.795 0.83 0.897 1 1.07 1.151 1.29 1.44 1.591 1.614 1.557 1.595 1.689 1.944 2.138 2.029 1.874 1.749 1.772 1.474 1.202 1.06 0.717 0.387 0.168 0.081 0.038 0.009 -0.024 -0.053 -0.056 -0.035 -0.009 0.086 0.137 0.24 0.27 0.288 0.48 0.662 0.84 1.014 -9 -9 -9 -9 -9 -9 -9 -9 -9 -9 -9
0.231 0.323 0.445 0.539 0.6 0.634 0.667 0.715 0.76 0.814 0.909 1.03 1.146 1.262 1.448 1.637 1.813 1.867 1.705 1.452 1.142 0.914 0.774 0.685 0.692 0.776 0.838 0.864 0.939 1.094 1.282 1.472 1.564 1.641 1.748 2.018 2.138 2.225 2.066 2.008 1.96 1.775 1.658 1.278 0.859 0.446 0.177 0.056 0.007 -0.032 -0.06 -0.086 -0.093 -0.058 -0.051 -0.037 0.046 0.112 0.188 0.191 0.226 0.36 0.491 0.677 0.935 -9 -9 -9 -9 -9 -9 -9 -9 -9 -9 -9
0.211 0.27 0.343 0.431 0.498 0.541 0.557 0.574 0.615 0.669 0.735 0.825 0.935 1.106 1.35 1.557 1.754 1.873 1.832 1.675 1.385 1.147 0.977 0.749 0.607 0.602 0.616 0.655 0.812 0.992 1.211 1.38 1.578 1.691 1.935 2.045 1.911 1.944 2.133 2.112 2.005 1.939 1.61 1.057 0.607 0.284 0.086 -0.007 -0.057 -0.094 -0.116 -0.126 -0.106 -0.089 -0.107 -0.049 0.021 0.074 0.105 0.122 0.149 0.188 0.275 0.437 -9 -9 -9 -9 -9 -9 -9 -9 -9 -9 -9 -9
