data/climatemaps/RS_maps/climate_postbreed_tmp_2006.asc
NCOLS 369 
NROWS 228 
XLLCORNER 479000 
YLLCORNER 73000 
CELLSIZE 1000 
NODATA_value -9 
[rows 102 to 135 of 228, columns 234 to 311 of 369]
-0.644 -0.832 -0.561 -0.092 0.558 1.11 1.276 0.837 0.065 0.051 -0.128 -0.503 -0.739 -0.61 -0.6 -0.473 -0.207 0.179 0.704 0.765 0.3 0.192 -0.025 -0.422 -1.147 -1.2 -0.775 -0.404 -0.251 -0.177 -0.091 0.005 0.125 0.081 -0.36 -0.412 -0.012 -0.288 -0.106 0.378 0.839 0.626 -0.123 -0.002 0.446 0.743 1.059 1.44 1.457 1.249 0.606 0.129 0.362 0.368 -0.062 -0.092 0.264 0.637 0.659 0.518 0.735 0.895 0.988 0.985 0.999 0.942 0.873 0.688 0.392 0.09 -0.39 -0.579 -0.699 -0.408 -0.095 -0.188 -0.602 -0.927
-0.745 -0.635 -0.283 0.06 0.724 1.289 0.994 0.674 0.076 -0.424 -0.514 -0.691 -0.965 -0.837 -0.39 -0.14 0.126 0.438 0.718 0.697 0.419 0.001 -0.273 -0.838 -1.483 -1.287 -0.749 -0.47 -0.509 -0.643 -0.525 -0.502 -0.286 -0.077 0.127 0.224 0.46 0.541 0.622 0.86 0.684 -0.052 -0.389 -0.319 0.084 0.548 0.946 1.432 1.442 1.121 0.595 0.125 0.005 0.311 0.034 -0.24 0.079 0.378 0.561 0.241 0.262 0.462 0.727 0.673 0.649 0.722 0.837 0.918 0.785 0.518 -0.019 -0.276 -0.41 -0.175 -0.214 -0.479 -0.307 -0.427
-0.257 0.121 0.297 0.551 1.024 1.141 0.485 0.264 0.358 -0.178 -0.657 -0.797 -0.794 -0.662 -0.336 0.169 0.499 0.636 0.444 0.132 0.184 -0.298 -0.723 -1.16 -1.363 -1.324 -1.103 -0.949 -1.049 -1.282 -1.3 -1.358 -1.114 -0.812 -0.712 -0.862 -0.622 -0.072 0.681 0.681 -0.213 -0.964 -0.734 -0.338 0.071 0.564 1.08 1.458 1.41 1.065 0.653 0.148 -0.23 0.163 0.077 -0.323 -0.144 0.127 0.439 0.021 -0.159 0.077 0.486 0.295 0.129 0.305 0.498 0.636 0.737 0.872 0.584 0.161 0.083 0.181 -0.333 -0.762 -0.695 -0.638
0.334 0.291 0.234 0.398 0.991 1.009 0.422 -0.173 0.168 0.081 -0.566 -0.765 -0.529 -0.247 -0.019 0.349 0.557 0.277 -0.283 -0.452 -0.214 -0.659 -0.999 -1.098 -1.155 -1.138 -1.113 -0.839 -0.893 -1.223 -1.328 -1.443 -1.511 -1.483 -1.325 -0.683 -0.248 0.201 0.777 0.305 -0.499 -0.984 -0.594 -0.289 0.189 0.817 1.33 1.424 1.326 1.033 0.555 0.222 -0.237 -0.009 -0.151 -0.492 -0.337 0.084 0.212 -0.037 -0.458 -0.18 0.182 -0.018 -0.169 -0.056 0.119 0.276 0.434 0.729 0.81 0.676 0.614 0.356 -0.167 -0.574 -0.919 -0.928
0.108 -0.136 -0.25 0.104 0.93 0.891 0.209 -0.38 -0.234 0.067 -0.676 -0.846 -0.409 0.035 0.208 0.355 0.03 -0.373 -0.931 -0.852 -0.648 -1.149 -1.022 -0.806 -0.915 -1.001 -0.776 -0.574 -0.507 -0.824 -1.065 -1.28 -1.295 -0.998 -0.959 -0.58 -0.118 0.459 0.659 -0.007 -0.893 -0.778 -0.486 -0.134 0.343 1.003 1.424 1.35 1.207 0.957 0.43 0.036 -0.292 -0.243 -0.586 -0.572 -0.28 -0.006 -0.187 -0.259 -0.614 -0.305 -0.168 -0.239 -0.452 -0.271 -0.074 0.03 0.059 0.159 0.417 0.638 0.694 0.517 0.244 -0.213 -0.56 -0.687
-0.291 -0.254 -0.165 0.254 0.948 0.577 -0.087 -0.8 -0.609 -0.242 -1.037 -0.969 -0.519 -0.288 -0.178 0.104 -0.565 -1.243 -1.316 -1.16 -1.126 -1.311 -1.06 -0.651 -0.792 -1.005 -1.066 -0.981 -0.503 -0.426 -0.818 -1.167 -1.239 -1.028 -0.616 -0.151 0.24 0.621 0.319 -0.285 -0.848 -0.584 -0.205 0.183 0.703 1.246 1.45 1.311 1.105 0.793 0.191 -0.361 -0.542 -0.61 -0.788 -0.543 -0.365 -0.446 -0.577 -0.476 -0.625 -0.305 -0.47 -0.488 -0.637 -0.486 -0.282 -0.247 -0.313 -0.286 -0.043 0.209 0.466 0.619 0.487 0.288 0.134 -0.015
-0.52 -0.349 -0.119 0.301 0.818 0.159 -0.562 -1.162 -0.942 -0.907 -1.332 -1.29 -1.041 -0.979 -0.636 -0.254 -1.026 -1.446 -1.328 -1.121 -1.031 -0.975 -0.976 -0.749 -0.475 -0.493 -0.825 -0.905 -0.813 -0.179 -0.407 -0.831 -0.977 -0.969 -0.499 -0.075 0.389 0.539 -0.054 -0.55 -0.525 -0.242 0.269 0.707 1.16 1.428 1.447 1.298 0.978 0.462 -0.103 -0.416 -0.367 -0.603 -0.683 -0.649 -0.59 -0.641 -0.619 -0.639 -0.549 -0.452 -0.603 -0.695 -0.667 -0.57 -0.529 -0.539 -0.694 -0.634 -0.486 -0.139 0.259 0.541 0.474 0.459 0.385 0.32
-0.899 -0.649 -0.377 0.24 0.582 -0.066 -0.822 -1.112 -1.109 -1.472 -1.229 -1.283 -1.047 -1.037 -0.885 -0.793 -1.303 -1.142 -1.078 -0.943 -0.815 -0.719 -0.651 -0.569 -0.272 -0.082 -0.255 -0.572 -0.659 -0.157 0.023 -0.33 -0.678 -0.685 -0.343 -0.037 0.426 0.456 -0.119 -0.268 0.056 0.372 0.825 1.245 1.423 1.456 1.427 1.156 0.646 0.106 0.012 0.043 0.041 -0.221 -0.191 -0.325 -0.285 -0.406 -0.395 -0.444 -0.649 -0.709 -0.605 -0.531 -0.449 -0.52 -0.667 -0.784 -0.816 -0.603 -0.456 -0.181 0.204 0.294 0.036 0.042 -0.027 -0.166
-1.101 -0.754 -0.242 0.263 -0.294 -0.214 -0.624 -0.897 -1.025 -1.495 -1.076 -1.044 -1.024 -0.807 -0.97 -1.029 -1.056 -0.805 -0.798 -0.806 -0.604 -0.511 -0.374 -0.276 -0.134 0.198 0.181 0.032 -0.274 -0.092 0.318 0.189 -0.299 -0.413 -0.224 0.214 0.711 0.738 0.372 0.476 0.837 1.097 1.31 1.452 1.45 1.4 1.356 1.058 0.458 0.354 0.46 0.431 0.335 0.164 0.144 0.017 0.063 -0.072 -0.131 -0.255 -0.504 -0.595 -0.311 -0.328 -0.587 -0.809 -0.949 -0.977 -0.831 -0.517 -0.133 0.053 0.2 0.043 -0.336 -0.53 -0.582 -0.736
-0.888 -0.49 0.246 -0.057 -1.142 -0.718 -0.316 -0.495 -1.167 -1.472 -1.133 -0.856 -0.837 -0.603 -0.846 -0.686 -0.764 -0.488 -0.549 -0.86 -0.72 -0.527 -0.329 -0.069 0.044 0.289 0.446 0.565 0.455 0.507 0.699 0.673 0.257 0.102 0.136 0.477 0.955 1.133 1.062 1.2 1.346 1.424 1.457 1.347 1.213 0.878 0.953 1.222 0.898 0.927 0.96 0.86 0.751 0.62 0.541 0.439 0.384 0.332 0.239 -0.017 -0.219 -0.401 -0.163 -0.516 -0.852 -0.914 -1.124 -1.074 -0.899 -0.563 -0.067 0.118 0.02 -0.309 -0.34 -0.635 -0.923 -0.862
-0.478 -0.104 0.381 -0.432 -1.443 -1.231 -0.537 -0.417 -1.278 -1.191 -1.21 -0.91 -0.461 -0.009 -0.393 -0.312 -0.596 -0.318 -0.317 -0.675 -0.754 -0.614 -0.516 -0.176 0.161 0.442 0.587 0.749 0.795 0.859 0.987 1.038 0.877 0.752 0.776 0.912 1.153 1.329 1.378 1.437 1.455 1.42 1.311 1.028 0.66 0.351 0.706 1.131 1.143 1.011 0.947 0.964 1.031 0.956 0.815 0.742 0.668 0.59 0.502 0.327 0.169 -0.037 -0.048 -0.474 -0.642 -0.645 -0.851 -1.028 -0.81 -0.477 -0.009 0.138 -0.208 -0.641 -0.639 -0.546 -0.887 -1.125
-0.736 -0.554 -0.074 -0.473 -1.483 -1.275 -0.554 -0.627 -1.181 -1.058 -0.892 -0.853 -0.725 -0.131 0.086 -0.147 -0.602 -0.481 -0.15 -0.452 -0.59 -0.323 -0.281 -0.054 0.33 0.586 0.694 0.762 0.835 0.903 1.033 1.144 1.125 1.176 1.223 1.281 1.367 1.387 1.365 1.409 1.173 0.978 0.837 0.516 0.102 0.184 0.6 0.933 0.576 0.493 0.456 0.421 0.639 0.666 0.624 0.461 0.373 0.276 0.24 0.43 0.348 0.117 -0.065 -0.218 -0.348 -0.57 -0.745 -0.862 -0.578 -0.195 0.149 0.087 -0.283 -0.434 -0.564 -0.774 -0.968 -1.216
-1.378 -0.818 -0.381 -0.797 -1.367 -1.056 -0.63 -0.933 -0.981 -1.017 -0.726 -0.47 -0.384 -0.155 0.37 -0.015 -0.596 -0.508 -0.131 -0.216 -0.302 0.022 0.102 0.131 0.37 0.709 0.771 0.719 0.845 0.977 1.068 1.156 1.243 1.236 1.299 1.35 1.389 1.415 1.291 1.037 0.629 0.416 0.351 0.107 -0.191 0.218 0.697 0.742 0.3 -0.034 0.031 0.051 0.315 0.305 0.086 -0.066 -0.158 -0.229 -0.188 0.225 0.222 -0.109 -0.269 -0.427 -0.42 -0.803 -0.741 -0.553 -0.269 0.084 0.199 -0.047 -0.149 -0.221 -0.22 -0.614 -0.891 -1.07
-1.936 -0.967 -0.869 -1.567 -1.518 -1.2 -0.938 -0.862 -0.576 -0.552 -0.708 -0.446 -0.038 0.09 0.477 0.226 -0.29 -0.249 -0.05 0.016 -0.159 0.243 0.467 0.424 0.548 0.858 0.894 0.851 1.043 1.177 1.197 1.289 1.144 1.092 1.218 1.237 1.368 1.341 0.906 0.474 0.092 -0.113 -0.133 -0.389 -0.314 0.206 0.68 0.577 0.129 -0.293 -0.384 -0.266 -0.051 0.054 -0.442 -0.526 -0.486 -0.391 -0.209 0.176 0.041 -0.244 -0.52 -0.798 -0.783 -0.878 -0.578 -0.254 0.065 0.193 0.105 0.072 -0.325 -0.684 -0.409 -0.317 -0.597 -0.951
-1.771 -1.402 -1.644 -1.775 -1.428 -1.027 -0.637 -0.465 -0.286 -0.098 -0.553 -0.515 -0.068 0.162 0.426 0.538 0.114 0.19 0.147 0.221 -0.014 0.309 0.712 0.756 0.798 1.008 1.123 1.176 1.242 1.158 1.024 1.118 1.164 0.887 0.805 1.018 1.356 1.217 0.558 0.269 -0.055 -0.252 -0.307 -0.434 -0.41 0.014 0.515 0.551 0.135 -0.233 -0.639 -0.51 -0.422 -0.106 -0.707 -0.736 -0.529 -0.285 -0.1 0.139 -0.15 -0.408 -0.648 -0.942 -0.94 -0.868 -0.604 -0.124 0.209 -0.077 -0.469 -0.216 0.014 -0.485 -0.872 -0.565 -0.382 -0.691
-1.781 -1.49 -1.31 -1.457 -1.175 -0.924 -0.817 -0.813 -0.517 -0.062 -0.153 -0.294 -0.003 0.278 0.426 0.74 0.579 0.63 0.521 0.562 0.383 0.553 0.887 1.125 1.156 1.205 1.241 1.202 1.16 0.911 0.62 0.788 1.176 0.78 0.318 0.704 1.211 1.354 0.837 0.324 0.224 0.06 -0.188 -0.52 -0.512 -0.13 0.367 0.558 0.233 -0.064 -0.517 -0.737 -0.532 -0.406 -0.753 -0.586 -0.356 -0.165 0.029 0.015 -0.398 -0.778 -1.014 -0.925 -0.747 -0.649 -0.377 0.08 0.15 -0.31 -0.699 -0.731 -0.133 -0.179 -0.709 -0.931 -0.619 -0.587
-1.372 -1.287 -0.919 -1.257 -1.431 -1.254 -0.961 -0.823 -0.53 -0.124 0.199 0.086 0.201 0.502 0.671 0.919 0.989 1.042 0.963 1.016 0.91 0.989 1.158 1.304 1.282 1.173 1.006 0.827 0.846 0.584 0.235 0.635 0.922 0.878 0.117 0.382 0.925 1.286 1.076 0.433 0.589 0.348 -0.142 -0.649 -0.571 -0.126 0.163 0.431 0.413 0.086 -0.392 -0.899 -0.683 -0.709 -0.647 -0.398 -0.207 -0.124 0.071 -0.263 -0.607 -0.875 -0.911 -0.873 -0.652 -0.338 -0.011 0.269 0.03 -0.34 -0.741 -0.891 -0.571 -0.147 -0.408 -0.942 -0.913 -0.657
-1.276 -1.296 -0.907 -0.659 -0.99 -0.81 -0.575 -0.378 -0.054 0.251 0.417 0.437 0.462 0.644 0.939 1.114 1.083 1.017 1.032 1.164 1.208 1.257 1.283 1.238 1.029 0.607 0.363 0.357 0.473 0.476 0.125 0.352 0.517 0.915 0.273 0.159 0.488 0.906 1.345 0.981 0.845 0.381 0.056 -0.454 -0.662 -0.438 -0.193 0.113 0.379 0.177 -0.302 -0.884 -0.944 -0.939 -0.652 -0.337 -0.462 -0.398 -0.046 -0.544 -0.852 -1.034 -0.973 -0.568 -0.424 -0.141 0.208 0.105 -0.014 -0.054 -0.487 -0.861 -0.855 -0.437 -0.199 -0.648 -1.073 -0.87
-1.053 -0.896 -0.84 -0.338 -0.237 -0.226 -0.11 0.088 0.289 0.573 0.671 0.738 0.776 0.975 1.086 0.891 0.757 0.677 0.658 0.699 0.829 1.106 1.203 0.911 0.488 0.122 -0.089 0.016 0.167 0.311 -0.295 -0.194 0.356 0.842 0.381 -0.066 0.387 0.981 1.405 1.292 1.014 0.526 0.222 -0.047 -0.509 -0.758 -0.362 -0.012 0.265 0.157 -0.288 -0.833 -1.034 -0.866 -0.688 -0.514 -0.683 -0.294 -0.496 -0.609 -0.877 -0.926 -0.742 -0.597 -0.287 0.141 0.198 -0.166 -0.393 -0.016 -0.264 -0.697 -0.911 -0.755 -0.39 -0.343 -0.948 -1.124
-0.709 -0.523 -0.393 -0.169 0.341 0.383 0.455 0.533 0.68 0.906 1.006 1.025 0.973 0.931 0.711 0.56 0.439 0.31 0.232 0.337 0.588 0.851 1.18 0.781 0.242 -0.054 -0.3 -0.514 -0.406 -0.172 -0.454 -0.239 0.169 0.672 0.272 -0.099 0.404 0.897 1.34 1.338 1.168 0.799 0.376 0.088 -0.398 -0.708 -0.348 0.056 0.272 0.068 -0.369 -0.924 -1.229 -0.972 -0.98 -0.968 -0.589 -0.534 -0.867 -0.79 -0.915 -0.815 -0.544 -0.292 -0.057 0.267 0.066 -0.345 -0.632 -0.304 -0.182 -0.608 -0.95 -0.956 -0.623 -0.3 -0.687 -1.194
-0.393 -0.176 0.191 0.358 0.737 0.908 0.95 0.975 0.989 0.882 0.79 0.715 0.644 0.608 0.408 0.271 0.18 0.046 -0.123 0.062 0.311 0.606 1.078 0.849 0.562 0.433 0.099 -0.497 -0.949 -0.677 -0.435 0.073 0.399 0.552 -0.003 -0.102 0.373 0.834 1.275 1.402 1.264 1.018 0.4 -0.179 -0.584 -0.615 -0.21 0.169 0.312 0.029 -0.449 -1.007 -1.161 -1.251 -1.1 -0.855 -0.526 -0.822 -1.083 -0.927 -0.758 -0.719 -0.573 -0.574 -0.169 0.254 -0.067 -0.44 -0.834 -0.658 -0.237 -0.423 -0.887 -1.046 -0.795 -0.477 -0.455 -1.045
-0.024 0.268 0.621 0.842 1.019 1.011 0.997 0.886 0.681 0.408 0.309 0.387 0.285 0.266 0.129 -0.06 -0.146 -0.317 -0.117 0.103 0.375 0.667 1.084 0.892 0.684 0.518 0.167 -0.447 -1.062 -0.84 -0.388 0.312 0.548 0.178 -0.275 -0.064 0.35 0.802 1.239 1.42 1.337 1.144 0.438 -0.134 -0.329 -0.542 -0.116 0.204 0.328 0.147 -0.392 -0.75 -1 -1.108 -0.881 -0.725 -0.911 -1.088 -0.953 -0.73 -0.309 -0.436 -0.391 -0.349 0.074 0.195 -0.323 -0.575 -0.94 -0.945 -0.411 -0.28 -0.855 -1.058 -0.99 -0.746 -0.396 -0.79
0.515 0.705 0.956 1.002 0.735 0.514 0.666 0.338 0.146 -0.105 -0.164 0.122 -0.044 -0.004 0.011 -0.364 -0.317 -0.089 0.135 0.378 0.605 0.918 0.99 0.613 0.249 0.149 -0.195 -0.806 -1.089 -0.573 -0.202 0.411 0.371 -0.233 -0.244 0.038 0.34 0.736 1.152 1.405 1.382 1.205 0.653 0.299 -0.133 -0.553 -0.11 0.165 0.339 0.228 -0.372 -0.615 -1.014 -0.937 -0.909 -0.945 -0.89 -0.735 -0.644 -0.484 -0.048 -0.019 -0.064 -0.053 0.332 0.083 -0.374 -0.754 -1.036 -1.133 -0.618 -0.253 -0.611 -0.917 -1.15 -1.11 -0.711 -0.588
0.897 0.975 0.991 0.647 0.122 -0.053 0.255 0.009 -0.385 -0.482 -0.377 -0.062 -0.296 -0.292 -0.202 -0.354 -0.149 0.124 0.361 0.614 0.841 1.017 0.789 0.532 0.095 -0.17 -0.394 -0.898 -0.911 -0.301 0.121 0.527 0.21 -0.301 -0.171 0.113 0.397 0.765 1.109 1.359 1.398 1.257 0.856 0.342 0.137 -0.357 -0.145 0.176 0.401 0.279 -0.396 -0.985 -1.011 -0.868 -0.54 -0.596 -0.361 -0.24 -0.248 -0.106 0.141 0.367 0.241 0.21 0.135 -0.008 -0.339 -0.733 -1.008 -1.204 -0.812 -0.459 -0.705 -0.627 -1.093 -1.327 -0.872 -0.763
0.588 0.524 0.662 0.282 -0.185 -0.3 -0.264 -0.166 -0.758 -0.743 -0.475 -0.216 -0.388 -0.511 -0.496 -0.355 0.009 0.274 0.555 0.771 0.99 0.906 0.629 0.479 0.205 -0.073 -0.331 -0.683 -0.781 -0.242 0.223 0.551 -0.089 -0.298 -0.142 0.121 0.402 0.725 1.039 1.256 1.396 1.34 1.173 0.786 0.353 -0.034 0.092 0.329 0.494 0.333 -0.202 -0.901 -0.836 -0.71 -0.284 -0.214 -0.076 0.17 0.053 0.208 0.423 0.54 0.343 0.218 -0.318 -0.245 -0.329 -0.7 -0.94 -1.082 -0.769 -0.869 -1.087 -0.746 -0.956 -1.385 -1.069 -1.266
0.135 -0.113 0.461 0.251 -0.14 -0.553 -0.672 -0.506 -1.038 -0.827 -0.532 -0.419 -0.598 -0.495 -0.483 -0.218 0.071 0.424 0.694 0.904 0.966 0.605 0.174 0.36 0.214 -0.092 -0.377 -0.756 -0.698 -0.243 0.242 0.412 -0.278 -0.272 -0.051 0.187 0.45 0.709 0.998 1.235 1.293 1.002 1.105 1.164 0.922 0.512 0.618 0.724 0.466 0.395 0.026 -0.609 -0.653 -0.308 -0.011 0.149 0.092 0.406 0.373 0.579 0.632 0.36 0.04 -0.254 -0.606 -0.616 -0.334 -0.72 -1.134 -1.014 -0.959 -1.236 -1.193 -1.13 -1.099 -1.446 -1.095 -1.282
-0.453 -0.272 0.298 0.403 0.022 -0.531 -1.046 -0.914 -1.182 -0.993 -0.695 -0.566 -0.773 -0.578 -0.365 -0.06 0.201 0.576 0.81 0.879 0.811 0.306 -0.113 -0.078 0.296 0.007 -0.403 -0.843 -0.519 -0.083 0.346 0.117 -0.307 -0.122 0.139 0.347 0.56 0.834 0.967 1.079 1.125 0.66 0.465 0.549 0.827 1.006 0.972 0.909 0.584 0.557 0.341 -0.11 -0.141 0.167 0.402 0.458 0.441 0.714 0.752 0.701 0.374 -0.195 -0.505 -0.718 -0.849 -0.83 -0.657 -0.945 -1.032 -1.201 -1.327 -0.989 -1.035 -1.106 -1.284 -1.131 -0.868 -1.023
-0.39 -0.074 0.207 0.511 -0.002 -0.637 -1.081 -1.19 -1.134 -0.961 -0.696 -0.677 -0.728 -0.563 -0.269 0.142 0.443 0.682 0.648 0.678 0.688 0.06 -0.397 -0.503 -0.061 0.024 -0.42 -0.749 -0.338 0.143 0.435 0.037 -0.209 -0.043 0.292 0.554 0.706 0.655 0.394 0.707 0.989 0.617 -0.056 -0.077 0.38 0.628 0.877 0.99 0.916 0.79 0.641 0.392 0.431 0.623 0.796 0.817 0.886 0.935 0.892 0.719 0.062 -0.503 -0.692 -0.74 -1 -0.984 -0.909 -0.824 -0.969 -1.222 -1.089 -0.8 -1.262 -1.13 -0.988 -0.799 -0.696 -0.581
-0.596 -0.284 -0.22 0.125 0.272 -0.191 -0.736 -1.189 -1.105 -0.929 -0.705 -0.516 -0.361 -0.173 0.084 0.459 0.563 0.488 0.19 0.472 0.608 0.018 -0.387 -0.597 -0.435 -0.248 -0.691 -0.558 -0.158 0.316 0.018 0.017 -0.085 -0.301 0.127 0.303 0.256 0.065 -0.177 0.241 0.899 0.604 0.147 -0.134 0.188 0.184 0.351 0.611 0.914 1.026 0.943 0.873 0.908 0.946 0.967 0.932 0.887 0.661 0.609 0.804 0.343 -0.103 -0.176 -0.344 -0.675 -0.596 -0.597 -0.923 -1.217 -0.93 -0.551 -0.785 -1.259 -1.099 -0.874 -0.948 -1.004 -0.533
-0.835 -0.536 -0.604 -0.446 0.199 0.209 -0.489 -1.025 -0.997 -0.821 -0.626 -0.494 -0.184 0.117 0.419 0.451 0.251 0.039 -0.251 0.26 0.684 0.297 -0.106 -0.537 -0.74 -0.748 -0.692 -0.314 0.071 0.058 -0.36 -0.442 -0.125 -0.681 -0.411 -0.308 -0.33 -0.447 -0.259 0.14 0.869 0.501 -0.088 -0.455 -0.199 -0.244 -0.038 0.317 0.603 0.907 1.041 0.91 0.766 0.739 0.697 0.504 0.521 0.093 0.156 0.361 0.655 0.556 0.112 -0.335 -0.469 -0.472 -0.897 -0.873 -0.676 -0.502 -0.375 -0.908 -1.307 -1.044 -1.2 -1.337 -1.176 -0.755
-1.038 -0.905 -0.829 -0.588 -0.011 0.325 -0.434 -1.057 -1.054 -0.796 -0.666 -0.655 -0.213 0.207 0.386 0.168 -0.31 -0.347 -0.48 0.073 0.604 0.27 -0.373 -0.88 -1.165 -0.906 -0.506 -0.116 0.169 -0.117 -0.638 -0.734 -0.451 -1.154 -1.041 -0.783 -0.521 -0.299 0.006 0.32 0.849 0.643 0.002 -0.557 -0.537 -0.474 -0.184 0.089 0.355 0.671 0.931 0.675 0.175 0.222 0.059 -0.004 0.181 -0.292 -0.105 -0.276 0.107 0.6 0.471 -0.099 -0.441 -0.259 -0.305 -0.141 -0.124 -0.167 -0.378 -0.751 -1.08 -1.073 -1.289 -1.389 -1.166 -0.798
-1.068 -0.826 -0.695 -0.528 -0.24 -0.041 -0.313 -1.034 -1.099 -0.685 -0.432 -0.379 -0.033 0.289 -0.055 -0.23 -0.498 -0.858 -0.736 -0.298 0.394 -0.038 -0.399 -0.664 -1.18 -0.988 -0.557 -0.056 -0.054 -0.498 -0.999 -0.939 -0.826 -1.162 -0.91 -0.573 -0.328 -0.09 0.248 0.661 0.984 0.624 0.118 -0.357 -0.66 -0.566 -0.303 -0.109 0.185 0.478 0.73 0.564 -0.176 -0.29 -0.34 -0.426 -0.21 -0.52 -0.33 -0.455 -0.55 0.113 0.467 0.327 0.133 0.163 -0.035 -0.3 -0.509 -0.552 -0.424 -0.842 -1.218 -1.235 -1.359 -1.395 -1.166 -0.877
-0.982 -0.747 -0.87 -0.949 -0.904 -0.866 -0.456 -0.884 -1.005 -0.719 -0.414 -0.046 0.077 0.159 -0.38 -0.791 -0.711 -1.092 -0.898 -0.31 0.389 -0.087 -0.503 -0.481 -0.945 -0.915 -0.472 -0.064 -0.23 -1.001 -1.332 -1.104 -1.042 -0.975 -0.696 -0.462 -0.115 0.186 0.505 0.889 0.974 0.372 -0.115 -0.434 -0.768 -0.717 -0.452 -0.303 0.016 0.303 0.65 0.654 0.025 -0.525 -0.734 -0.782 -0.592 -0.802 -0.628 -0.474 -0.69 -0.219 0.241 0.494 0.361 -0.035 -0.483 -0.78 -0.929 -0.966 -0.51 -0.895 -1.361 -1.541 -1.448 -1.353 -1.298 -1.159
-1.352 -0.968 -1.268 -1.409 -1.484 -1.273 -0.749 -0.733 -0.966 -0.604 -0.305 -0.386 -0.179 -0.03 -0.564 -1.031 -1.277 -1.165 -0.686 -0.119 0.446 0.08 -0.727 -0.945 -1.122 -0.868 -0.437 -0.058 -0.285 -1.2 -1.328 -1.032 -0.918 -0.745 -0.592 -0.381 -0.026 0.36 0.654 0.959 0.82 0.023 -0.574 -0.646 -0.923 -0.862 -0.716 -0.657 -0.197 0.269 0.632 0.779 0.171 -0.428 -0.862 -1.183 -1.069 -0.999 -0.932 -0.66 -0.925 -0.633 -0.284 0.189 0.332 -0.103 -0.474 -0.734 -0.961 -1.073 -0.692 -0.882 -1.366 -1.565 -1.382 -1.121 -1.147 -1.05
