data/climatemaps/RS_maps/climate_breeding_pr_2003.asc
NCOLS 369 
NROWS 228 
XLLCORNER 479000 
YLLCORNER 73000 
CELLSIZE 1000 
NODATA_value -9 
[rows 99 to 131 of 228, columns 0 to 74 of 369]
-9 -9 -9 -9 -9 -9 -9 -9 -9 -9 -9 -9 -9 -9 -9 -9 -9 -9 -9 -9 -9 -9 -9 -9 -9 -9 -9 -9 -9 -9 -9 -9 -9 -1.12 -1.097 -1.074 -1.058 -1.052 -1.048 -1.035 -1.017 -0.995 -0.979 -0.96 -0.952 -0.947 -0.942 -0.928 -0.911 -0.905 -0.916 -0.944 -0.976 -1.004 -1.016 -1.011 -0.999 -0.991 -0.991 -1.002 -1.021 -1.047 -1.08 -1.123 -1.173 -1.219 -1.245 -1.256 -1.254 -1.255 -1.265 -1.277 -1.307 -1.358 -1.412
-9 -9 -9 -9 -9 -9 -9 -9 -9 -9 -9 -9 -9 -9 -9 -9 -9 -9 -9 -9 -9 -9 -9 -9 -9 -9 -9 -9 -9 -9 -9 -9 -9 -1.092 -1.07 -1.054 -1.053 -1.063 -1.072 -1.066 -1.048 -1.021 -0.984 -0.955 -0.943 -0.936 -0.922 -0.903 -0.884 -0.885 -0.899 -0.925 -0.953 -0.976 -0.991 -0.996 -1.001 -1.009 -1.024 -1.054 -1.086 -1.12 -1.158 -1.195 -1.247 -1.272 -1.276 -1.264 -1.256 -1.253 -1.255 -1.274 -1.335 -1.404 -1.46
-9 -9 -9 -9 -9 -9 -9 -9 -9 -9 -9 -9 -9 -9 -9 -9 -9 -9 -9 -9 -9 -9 -9 -9 -9 -9 -9 -9 -9 -9 -9 -9 -1.081 -1.071 -1.056 -1.052 -1.068 -1.091 -1.105 -1.102 -1.075 -1.031 -0.986 -0.955 -0.937 -0.921 -0.903 -0.886 -0.879 -0.885 -0.902 -0.925 -0.951 -0.976 -0.997 -1.014 -1.032 -1.053 -1.088 -1.133 -1.175 -1.213 -1.258 -1.284 -1.289 -1.263 -1.237 -1.214 -1.197 -1.184 -1.202 -1.26 -1.343 -1.422 -1.479
-9 -9 -9 -9 -9 -9 -9 -9 -9 -9 -9 -9 -9 -9 -9 -9 -9 -9 -9 -9 -9 -9 -9 -9 -9 -9 -9 -9 -9 -9 -9 -9 -1.069 -1.066 -1.062 -1.074 -1.099 -1.126 -1.14 -1.131 -1.095 -1.044 -0.994 -0.954 -0.926 -0.903 -0.888 -0.883 -0.886 -0.9 -0.922 -0.952 -0.984 -1.015 -1.042 -1.068 -1.097 -1.132 -1.178 -1.225 -1.265 -1.302 -1.32 -1.312 -1.277 -1.228 -1.183 -1.144 -1.124 -1.136 -1.186 -1.268 -1.355 -1.434 -1.488
-9 -9 -9 -9 -9 -9 -9 -9 -9 -9 -9 -9 -9 -9 -9 -9 -9 -9 -9 -9 -9 -9 -9 -9 -9 -9 -9 -9 -9 -9 -9 -9 -1.071 -1.079 -1.089 -1.111 -1.139 -1.165 -1.175 -1.159 -1.119 -1.064 -1.003 -0.949 -0.911 -0.891 -0.883 -0.889 -0.903 -0.93 -0.964 -1.003 -1.043 -1.081 -1.116 -1.15 -1.187 -1.23 -1.277 -1.316 -1.335 -1.334 -1.317 -1.275 -1.225 -1.167 -1.116 -1.088 -1.098 -1.145 -1.219 -1.305 -1.388 -1.458 -1.504
-9 -9 -9 -9 -9 -9 -9 -9 -9 -9 -9 -9 -9 -9 -9 -9 -9 -9 -9 -9 -9 -9 -9 -9 -9 -9 -9 -9 -9 -9 -9 -9 -1.088 -1.105 -1.126 -1.152 -1.18 -1.205 -1.209 -1.188 -1.143 -1.079 -1.007 -0.946 -0.906 -0.89 -0.889 -0.903 -0.931 -0.969 -1.01 -1.056 -1.105 -1.154 -1.198 -1.234 -1.281 -1.325 -1.355 -1.362 -1.348 -1.315 -1.274 -1.219 -1.157 -1.1 -1.063 -1.062 -1.112 -1.188 -1.275 -1.36 -1.434 -1.49 -1.524
-9 -9 -9 -9 -9 -9 -9 -9 -9 -9 -9 -9 -9 -9 -9 -9 -9 -9 -9 -9 -9 -9 -9 -9 -9 -9 -9 -9 -9 -9 -9 -9 -1.111 -1.136 -1.162 -1.19 -1.218 -1.237 -1.238 -1.211 -1.157 -1.087 -1.011 -0.952 -0.917 -0.903 -0.908 -0.927 -0.953 -0.992 -1.036 -1.089 -1.145 -1.205 -1.259 -1.298 -1.343 -1.371 -1.376 -1.355 -1.321 -1.273 -1.214 -1.15 -1.091 -1.047 -1.038 -1.073 -1.149 -1.244 -1.341 -1.422 -1.483 -1.52 -1.541
-9 -9 -9 -9 -9 -9 -9 -9 -9 -9 -9 -9 -9 -9 -9 -9 -9 -9 -9 -9 -9 -9 -9 -9 -9 -9 -9 -9 -9 -9 -9 -9 -9 -1.161 -1.19 -1.219 -1.243 -1.255 -1.251 -1.221 -1.16 -1.09 -1.021 -0.969 -0.937 -0.928 -0.927 -0.939 -0.961 -0.996 -1.042 -1.098 -1.156 -1.217 -1.275 -1.315 -1.339 -1.351 -1.341 -1.31 -1.265 -1.205 -1.141 -1.086 -1.044 -1.025 -1.05 -1.109 -1.204 -1.309 -1.405 -1.478 -1.523 -1.546 -1.557
-9 -9 -9 -9 -9 -9 -9 -9 -9 -9 -9 -9 -9 -9 -9 -9 -9 -9 -9 -9 -9 -9 -9 -9 -9 -9 -9 -9 -9 -9 -9 -9 -9 -1.172 -1.201 -1.228 -1.248 -1.256 -1.249 -1.218 -1.16 -1.094 -1.033 -0.986 -0.957 -0.942 -0.937 -0.949 -0.971 -1.005 -1.048 -1.097 -1.152 -1.203 -1.241 -1.268 -1.284 -1.289 -1.275 -1.241 -1.193 -1.136 -1.082 -1.043 -1.025 -1.036 -1.085 -1.163 -1.266 -1.373 -1.463 -1.523 -1.556 -1.569 -1.571
-9 -9 -9 -9 -9 -9 -9 -9 -9 -9 -9 -9 -9 -9 -9 -9 -9 -9 -9 -9 -9 -9 -9 -9 -9 -9 -9 -9 -9 -9 -9 -9 -9 -1.162 -1.19 -1.216 -1.234 -1.244 -1.239 -1.214 -1.159 -1.099 -1.043 -0.997 -0.964 -0.949 -0.951 -0.968 -0.993 -1.025 -1.06 -1.097 -1.123 -1.149 -1.169 -1.188 -1.204 -1.21 -1.199 -1.17 -1.131 -1.088 -1.052 -1.031 -1.034 -1.068 -1.135 -1.224 -1.328 -1.43 -1.508 -1.557 -1.58 -1.586 -1.584
-9 -9 -9 -9 -9 -9 -9 -9 -9 -9 -9 -9 -9 -9 -9 -9 -9 -9 -9 -9 -9 -9 -9 -9 -9 -9 -9 -9 -9 -9 -9 -9 -9 -1.14 -1.167 -1.193 -1.215 -1.227 -1.224 -1.208 -1.161 -1.102 -1.043 -0.995 -0.964 -0.956 -0.965 -0.99 -1.021 -1.051 -1.078 -1.085 -1.083 -1.083 -1.089 -1.102 -1.12 -1.134 -1.134 -1.12 -1.097 -1.074 -1.058 -1.056 -1.077 -1.125 -1.199 -1.287 -1.387 -1.477 -1.542 -1.581 -1.598 -1.6 -1.595
-9 -9 -9 -9 -9 -9 -9 -9 -9 -9 -9 -9 -9 -9 -9 -9 -9 -9 -9 -9 -9 -9 -9 -9 -9 -9 -9 -9 -9 -9 -9 -9 -9 -1.123 -1.151 -1.179 -1.202 -1.216 -1.213 -1.194 -1.146 -1.092 -1.036 -0.991 -0.965 -0.963 -0.98 -1.013 -1.048 -1.074 -1.085 -1.071 -1.049 -1.028 -1.025 -1.04 -1.066 -1.092 -1.108 -1.111 -1.109 -1.106 -1.108 -1.123 -1.156 -1.209 -1.28 -1.359 -1.445 -1.518 -1.57 -1.6 -1.611 -1.61 -1.603
-9 -9 -9 -9 -9 -9 -9 -9 -9 -9 -9 -9 -9 -9 -9 -9 -9 -9 -9 -9 -9 -9 -9 -9 -9 -9 -9 -9 -9 -9 -9 -9 -9 -1.12 -1.151 -1.182 -1.206 -1.214 -1.199 -1.173 -1.128 -1.077 -1.026 -0.986 -0.965 -0.971 -0.995 -1.033 -1.068 -1.09 -1.088 -1.061 -1.026 -1 -1.001 -1.027 -1.068 -1.111 -1.143 -1.163 -1.175 -1.184 -1.197 -1.222 -1.261 -1.312 -1.372 -1.437 -1.503 -1.557 -1.595 -1.616 -1.621 -1.617 -1.609
-9 -9 -9 -9 -9 -9 -9 -9 -9 -9 -9 -9 -9 -9 -9 -9 -9 -9 -9 -9 -9 -9 -9 -9 -9 -9 -9 -9 -9 -9 -9 -9 -1.102 -1.134 -1.166 -1.195 -1.218 -1.211 -1.189 -1.155 -1.109 -1.06 -1.013 -0.98 -0.965 -0.978 -1.008 -1.048 -1.082 -1.098 -1.089 -1.06 -1.027 -1.008 -1.022 -1.066 -1.124 -1.182 -1.228 -1.258 -1.278 -1.293 -1.311 -1.337 -1.371 -1.412 -1.459 -1.509 -1.556 -1.594 -1.619 -1.63 -1.629 -1.62 -1.609
-9 -9 -9 -9 -9 -9 -9 -9 -9 -9 -9 -9 -9 -9 -9 -9 -9 -9 -9 -9 -9 -9 -9 -9 -9 -9 -9 -9 -9 -9 -9 -9 -1.131 -1.164 -1.195 -1.219 -1.229 -1.209 -1.178 -1.136 -1.088 -1.04 -0.998 -0.972 -0.965 -0.983 -1.016 -1.056 -1.087 -1.102 -1.096 -1.078 -1.061 -1.06 -1.091 -1.149 -1.218 -1.286 -1.339 -1.372 -1.393 -1.409 -1.425 -1.444 -1.469 -1.499 -1.534 -1.57 -1.602 -1.626 -1.638 -1.639 -1.63 -1.614 -1.598
-9 -9 -9 -9 -9 -9 -9 -9 -9 -9 -9 -9 -9 -9 -9 -9 -9 -9 -9 -9 -9 -9 -9 -9 -9 -9 -9 -9 -9 -9 -9 -9 -1.177 -1.209 -1.235 -1.252 -1.237 -1.205 -1.165 -1.118 -1.068 -1.021 -0.984 -0.964 -0.964 -0.985 -1.017 -1.053 -1.084 -1.103 -1.113 -1.118 -1.129 -1.152 -1.197 -1.264 -1.334 -1.393 -1.438 -1.468 -1.488 -1.501 -1.514 -1.529 -1.547 -1.569 -1.595 -1.619 -1.639 -1.65 -1.651 -1.641 -1.619 -1.59 -1.574
-9 -9 -9 -9 -9 -9 -9 -9 -9 -9 -9 -9 -9 -9 -9 -9 -9 -9 -9 -9 -9 -9 -9 -9 -9 -9 -9 -9 -9 -9 -9 -1.191 -1.229 -1.259 -1.281 -1.276 -1.242 -1.203 -1.156 -1.106 -1.056 -1.011 -0.978 -0.962 -0.963 -0.982 -1.011 -1.042 -1.073 -1.103 -1.136 -1.174 -1.216 -1.262 -1.321 -1.384 -1.439 -1.484 -1.519 -1.542 -1.558 -1.569 -1.579 -1.591 -1.605 -1.62 -1.637 -1.653 -1.662 -1.663 -1.653 -1.63 -1.591 -1.567 -1.554
-9 -9 -9 -9 -9 -9 -9 -9 -9 -9 -9 -9 -9 -9 -9 -9 -9 -9 -9 -9 -9 -9 -9 -9 -9 -9 -9 -9 -9 -1.136 -1.188 -1.237 -1.277 -1.307 -1.315 -1.29 -1.249 -1.203 -1.154 -1.105 -1.058 -1.017 -0.985 -0.968 -0.965 -0.977 -0.998 -1.023 -1.057 -1.105 -1.167 -1.238 -1.305 -1.371 -1.431 -1.482 -1.523 -1.556 -1.58 -1.596 -1.608 -1.617 -1.624 -1.632 -1.641 -1.651 -1.662 -1.671 -1.672 -1.662 -1.638 -1.598 -1.56 -1.54 -1.528
-9 -9 -9 -9 -9 -9 -9 -9 -9 -9 -9 -9 -9 -9 -9 -9 -9 -9 -9 -9 -9 -9 -9 -9 -9 -9 -9 -9 -1.102 -1.148 -1.21 -1.274 -1.32 -1.343 -1.334 -1.303 -1.257 -1.208 -1.161 -1.117 -1.076 -1.04 -1.008 -0.985 -0.973 -0.973 -0.983 -1.003 -1.044 -1.111 -1.201 -1.299 -1.387 -1.459 -1.511 -1.552 -1.584 -1.606 -1.622 -1.634 -1.643 -1.648 -1.651 -1.654 -1.657 -1.663 -1.67 -1.673 -1.666 -1.643 -1.601 -1.558 -1.527 -1.508 -1.502
-9 -9 -9 -9 -9 -9 -9 -9 -9 -9 -9 -9 -9 -9 -9 -9 -9 -9 -9 -9 -9 -9 -9 -9 -9 -9 -1.038 -1.059 -1.098 -1.157 -1.229 -1.299 -1.351 -1.364 -1.35 -1.316 -1.267 -1.219 -1.176 -1.14 -1.109 -1.078 -1.047 -1.017 -0.992 -0.977 -0.974 -0.993 -1.043 -1.129 -1.242 -1.359 -1.455 -1.523 -1.568 -1.6 -1.622 -1.637 -1.649 -1.657 -1.663 -1.665 -1.663 -1.658 -1.656 -1.659 -1.665 -1.662 -1.644 -1.606 -1.557 -1.518 -1.488 -1.473 -1.478
-9 -9 -9 -9 -9 -9 -9 -9 -9 -9 -9 -9 -9 -9 -9 -9 -9 -9 -9 -9 -9 -9 -9 -9 -9 -1.01 -1.019 -1.048 -1.097 -1.168 -1.247 -1.321 -1.371 -1.379 -1.365 -1.33 -1.283 -1.236 -1.198 -1.172 -1.153 -1.131 -1.101 -1.065 -1.025 -0.995 -0.985 -1.007 -1.067 -1.169 -1.297 -1.418 -1.51 -1.569 -1.606 -1.629 -1.643 -1.655 -1.665 -1.671 -1.674 -1.672 -1.662 -1.65 -1.648 -1.65 -1.651 -1.639 -1.61 -1.564 -1.515 -1.475 -1.448 -1.449 -1.449
-9 -9 -9 -9 -9 -9 -9 -9 -9 -9 -9 -9 -9 -9 -9 -9 -9 -9 -9 -9 -9 -9 -9 -1.008 -0.996 -0.992 -1.006 -1.042 -1.101 -1.179 -1.266 -1.339 -1.378 -1.387 -1.375 -1.342 -1.298 -1.253 -1.22 -1.205 -1.201 -1.19 -1.166 -1.124 -1.075 -1.036 -1.023 -1.05 -1.12 -1.233 -1.359 -1.471 -1.553 -1.603 -1.632 -1.647 -1.656 -1.666 -1.674 -1.678 -1.678 -1.67 -1.654 -1.64 -1.637 -1.636 -1.63 -1.608 -1.573 -1.523 -1.473 -1.433 -1.418 -1.427 -1.427
-9 -9 -9 -9 -9 -9 -9 -9 -9 -9 -9 -9 -9 -9 -9 -9 -9 -9 -9 -9 -9 -9 -1.004 -0.992 -0.98 -0.98 -0.999 -1.043 -1.108 -1.194 -1.279 -1.34 -1.373 -1.386 -1.375 -1.346 -1.303 -1.26 -1.233 -1.23 -1.242 -1.247 -1.234 -1.196 -1.146 -1.101 -1.087 -1.119 -1.197 -1.311 -1.423 -1.52 -1.587 -1.627 -1.648 -1.66 -1.666 -1.672 -1.676 -1.678 -1.674 -1.662 -1.644 -1.631 -1.621 -1.617 -1.609 -1.577 -1.534 -1.479 -1.43 -1.398 -1.394 -1.405 -1.416
-9 -9 -9 -9 -9 -9 -9 -9 -9 -9 -9 -9 -9 -9 -9 -9 -9 -9 -9 -9 -9 -0.996 -0.987 -0.975 -0.968 -0.974 -1.001 -1.05 -1.117 -1.196 -1.273 -1.329 -1.363 -1.373 -1.364 -1.332 -1.29 -1.251 -1.23 -1.238 -1.27 -1.294 -1.299 -1.271 -1.229 -1.19 -1.18 -1.214 -1.294 -1.392 -1.486 -1.563 -1.614 -1.644 -1.66 -1.668 -1.672 -1.673 -1.672 -1.668 -1.661 -1.647 -1.63 -1.615 -1.608 -1.608 -1.589 -1.549 -1.495 -1.439 -1.394 -1.371 -1.375 -1.395 -1.422
-9 -9 -9 -9 -9 -9 -9 -9 -9 -9 -9 -9 -9 -9 -9 -9 -9 -9 -9 -9 -0.974 -0.974 -0.968 -0.961 -0.961 -0.977 -1.01 -1.062 -1.129 -1.2 -1.266 -1.313 -1.34 -1.348 -1.335 -1.306 -1.266 -1.229 -1.214 -1.237 -1.286 -1.33 -1.352 -1.34 -1.313 -1.288 -1.286 -1.325 -1.391 -1.468 -1.541 -1.598 -1.635 -1.657 -1.669 -1.673 -1.672 -1.667 -1.657 -1.649 -1.639 -1.623 -1.606 -1.596 -1.601 -1.6 -1.567 -1.521 -1.46 -1.405 -1.365 -1.348 -1.358 -1.389 -1.429
-9 -9 -9 -9 -9 -9 -9 -9 -9 -9 -9 -9 -9 -9 -9 -9 -9 -9 -9 -0.941 -0.948 -0.95 -0.949 -0.951 -0.962 -0.987 -1.027 -1.08 -1.142 -1.203 -1.251 -1.284 -1.303 -1.307 -1.296 -1.271 -1.236 -1.207 -1.201 -1.237 -1.303 -1.356 -1.393 -1.397 -1.386 -1.379 -1.389 -1.42 -1.472 -1.529 -1.582 -1.622 -1.65 -1.666 -1.674 -1.675 -1.666 -1.652 -1.636 -1.623 -1.607 -1.587 -1.573 -1.573 -1.586 -1.583 -1.546 -1.496 -1.431 -1.376 -1.339 -1.325 -1.347 -1.386 -1.423
-9 -9 -9 -9 -9 -9 -9 -9 -9 -9 -9 -9 -9 -9 -9 -9 -9 -9 -0.901 -0.912 -0.921 -0.927 -0.934 -0.946 -0.968 -1.003 -1.049 -1.102 -1.154 -1.196 -1.224 -1.244 -1.254 -1.256 -1.25 -1.232 -1.208 -1.191 -1.198 -1.243 -1.32 -1.384 -1.426 -1.441 -1.44 -1.443 -1.457 -1.486 -1.525 -1.568 -1.607 -1.636 -1.658 -1.671 -1.678 -1.673 -1.655 -1.633 -1.611 -1.592 -1.567 -1.544 -1.535 -1.544 -1.564 -1.562 -1.527 -1.47 -1.403 -1.348 -1.312 -1.314 -1.337 -1.374 -1.424
-9 -9 -9 -9 -9 -9 -9 -9 -9 -9 -9 -9 -9 -9 -9 -9 -9 -0.867 -0.875 -0.886 -0.898 -0.909 -0.923 -0.944 -0.976 -1.02 -1.07 -1.115 -1.152 -1.175 -1.189 -1.197 -1.201 -1.204 -1.205 -1.198 -1.186 -1.183 -1.201 -1.255 -1.335 -1.399 -1.443 -1.46 -1.465 -1.474 -1.493 -1.522 -1.555 -1.589 -1.617 -1.642 -1.661 -1.674 -1.678 -1.67 -1.646 -1.615 -1.584 -1.556 -1.523 -1.5 -1.495 -1.514 -1.537 -1.539 -1.506 -1.448 -1.384 -1.327 -1.297 -1.307 -1.326 -1.38 -1.436
-9 -9 -9 -9 -9 -9 -9 -9 -9 -9 -9 -9 -9 -9 -9 -9 -0.847 -0.846 -0.855 -0.868 -0.883 -0.899 -0.918 -0.945 -0.981 -1.03 -1.072 -1.107 -1.132 -1.144 -1.148 -1.15 -1.154 -1.162 -1.171 -1.175 -1.176 -1.183 -1.209 -1.265 -1.334 -1.394 -1.436 -1.462 -1.477 -1.492 -1.513 -1.541 -1.57 -1.598 -1.62 -1.642 -1.662 -1.674 -1.677 -1.665 -1.638 -1.597 -1.559 -1.521 -1.482 -1.46 -1.459 -1.484 -1.508 -1.514 -1.482 -1.429 -1.368 -1.316 -1.291 -1.293 -1.329 -1.395 -1.456
-9 -9 -9 -9 -9 -9 -9 -9 -9 -9 -9 -9 -9 -9 -9 -0.85 -0.836 -0.834 -0.842 -0.857 -0.875 -0.895 -0.917 -0.945 -0.98 -1.021 -1.058 -1.085 -1.1 -1.104 -1.104 -1.108 -1.118 -1.135 -1.154 -1.168 -1.178 -1.193 -1.219 -1.266 -1.324 -1.38 -1.424 -1.454 -1.477 -1.499 -1.523 -1.55 -1.576 -1.6 -1.62 -1.643 -1.662 -1.672 -1.673 -1.656 -1.623 -1.576 -1.531 -1.486 -1.445 -1.425 -1.43 -1.458 -1.478 -1.486 -1.454 -1.404 -1.347 -1.301 -1.279 -1.293 -1.344 -1.4 -1.463
-9 -9 -9 -9 -9 -9 -9 -9 -9 -9 -9 -9 -9 -0.917 -0.882 -0.854 -0.838 -0.834 -0.842 -0.856 -0.874 -0.894 -0.915 -0.94 -0.971 -1.004 -1.035 -1.053 -1.061 -1.062 -1.065 -1.075 -1.096 -1.123 -1.152 -1.175 -1.19 -1.206 -1.227 -1.267 -1.317 -1.366 -1.408 -1.442 -1.472 -1.5 -1.527 -1.553 -1.578 -1.6 -1.621 -1.643 -1.661 -1.669 -1.666 -1.642 -1.602 -1.551 -1.502 -1.451 -1.414 -1.396 -1.408 -1.433 -1.448 -1.454 -1.423 -1.375 -1.322 -1.288 -1.277 -1.302 -1.355 -1.404 -1.462
-9 -9 -9 -9 -9 -9 -9 -9 -9 -9 -9 -9 -0.97 -0.934 -0.901 -0.873 -0.855 -0.849 -0.853 -0.862 -0.876 -0.89 -0.908 -0.929 -0.954 -0.981 -1.004 -1.018 -1.024 -1.028 -1.036 -1.056 -1.089 -1.127 -1.163 -1.19 -1.207 -1.222 -1.241 -1.274 -1.315 -1.357 -1.397 -1.434 -1.469 -1.501 -1.529 -1.555 -1.579 -1.601 -1.622 -1.642 -1.658 -1.663 -1.654 -1.625 -1.579 -1.524 -1.472 -1.421 -1.388 -1.375 -1.389 -1.407 -1.42 -1.421 -1.393 -1.348 -1.3 -1.28 -1.282 -1.319 -1.369 -1.422 -1.449
-9 -9 -9 -9 -9 -9 -9 -9 -9 -9 -9 -1.015 -0.988 -0.957 -0.926 -0.899 -0.882 -0.873 -0.87 -0.872 -0.877 -0.885 -0.896 -0.911 -0.931 -0.952 -0.972 -0.986 -0.995 -1.005 -1.022 -1.053 -1.095 -1.14 -1.179 -1.209 -1.222 -1.236 -1.254 -1.283 -1.319 -1.356 -1.395 -1.434 -1.472 -1.505 -1.533 -1.559 -1.581 -1.602 -1.621 -1.639 -1.653 -1.654 -1.636 -1.603 -1.554 -1.496 -1.444 -1.396 -1.367 -1.361 -1.368 -1.38 -1.391 -1.385 -1.361 -1.324 -1.286 -1.274 -1.289 -1.344 -1.399 -1.427 -1.411
