data/climatemaps/RS_maps/climate_postbreed_tmp_2006.asc
NCOLS 369 
NROWS 228 
XLLCORNER 479000 
YLLCORNER 73000 
CELLSIZE 1000 
NODATA_value -9 
[rows 170 to 203 of 228, columns 234 to 311 of 369]
-0.278 0.239 0.339 0.767 1.454 1.833 1.438 0.731 0.283 0.015 -0.091 -0.324 -0.872 -0.706 -0.161 0.522 0.736 0.084 -0.628 -0.475 0.16 1.153 1.634 1.062 0.464 0.306 0.064 0.281 -0.521 -0.764 -0.488 -0.042 0.387 0.622 1.012 1.29 1.817 1.925 1.583 1.02 0.69 0.64 0.451 0.608 0.262 0.018 0.105 -0.001 -0.208 -0.586 -0.79 -0.42 -0.478 -0.338 -0.714 -1.277 -0.867 -0.992 -1.501 -1.744 -1.237 -1.291 -1.615 -1.199 -0.713 -0.175 -0.086 -0.43 -0.742 -0.442 0.127 0.404 0.222 -0.102 -0.289 -0.458 -0.08 0.032
-0.323 -0.058 -0.169 0.429 1.226 1.804 1.711 1.034 0.421 0.283 -0.214 -0.524 -0.854 -0.48 0.057 0.741 0.702 0.051 -0.532 0.169 0.707 1.61 1.513 0.75 0.218 0.415 -0.248 0.238 -0.361 -0.548 -0.132 0.016 0.462 0.988 1.384 1.762 1.957 1.863 1.506 1.045 0.592 0.151 -0.194 0.119 0.057 -0.409 -0.553 -0.598 -0.608 -0.564 -0.86 -1.036 -1.229 -1.187 -1.225 -1.358 -0.995 -1.068 -1.308 -1.602 -1.472 -1.454 -1.517 -1.009 -0.535 -0.399 -0.521 -0.442 -0.923 -0.753 -0.282 0.378 0.383 -0.073 -0.247 -0.388 0.036 0.295
-0.582 -0.297 -0.047 0.459 1.095 1.685 1.809 1.302 0.637 0.092 -0.476 -0.899 -0.712 -0.375 0.08 0.722 0.817 0.132 -0.37 0.468 1.334 1.71 1.2 0.439 -0.088 0.373 -0.29 0.018 -0.456 -0.42 -0.022 0.272 0.362 0.913 1.472 1.894 1.99 1.865 1.439 0.978 0.556 0.209 -0.279 -0.405 -0.326 -0.656 -0.987 -0.664 -0.227 -0.159 -0.763 -1.257 -1.233 -1.255 -1.482 -1.494 -1.37 -1.156 -0.758 -1.104 -1.312 -1.424 -1.427 -1.081 -0.827 -1.037 -0.881 -0.593 -1.155 -0.935 -0.595 0.252 0.661 0.308 0.085 0.033 0.477 0.282
-0.335 0.117 0.462 0.719 0.834 1.53 1.846 1.584 0.97 0.319 -0.218 -0.684 -0.4 -0.136 -0.01 0.516 0.988 0.127 0.128 0.628 1.524 1.568 0.779 0.027 -0.432 0.047 -0.265 -0.357 -0.45 -0.148 0.16 0.365 0.516 0.897 1.281 1.853 2.01 1.996 1.68 0.922 0.282 -0.106 -0.42 -0.508 -0.56 -0.62 -0.736 -0.387 0.195 -0.137 -1.026 -1.111 -0.841 -0.761 -1.174 -1.093 -1.127 -0.794 -0.398 -0.58 -0.711 -0.846 -1.059 -1.341 -1.418 -1.601 -1.233 -0.898 -1.06 -0.866 -0.477 0.215 0.833 0.866 0.733 0.733 0.669 0.128
-0.268 0.057 0.419 0.461 0.423 1.405 1.85 1.818 1.317 0.798 0.373 -0.307 -0.351 -0.008 0.486 0.895 0.723 0.143 0.55 1.122 1.719 1.244 0.449 -0.22 -0.466 -0.371 -0.407 -0.551 -0.157 0.104 0.3 0.48 0.584 0.975 1.06 1.576 2.007 2.03 1.905 1.19 0.515 -0.101 -0.395 -0.28 -0.078 -0.019 -0.094 0.048 0.408 -0.143 -0.91 -0.799 -0.438 -0.498 -0.978 -0.607 -0.648 -0.512 -0.108 0.053 -0.157 -0.364 -0.799 -1.323 -1.753 -1.869 -1.427 -1.232 -0.951 -0.553 -0.069 0.397 0.967 0.974 0.824 0.583 0.188 -0.277
-0.592 -0.193 0.421 0.097 0.239 1.03 1.719 1.855 1.656 1.198 0.539 -0.107 -0.449 0.021 0.559 1.086 0.553 0.486 0.862 1.431 1.729 1.063 0.524 0.356 0.136 -0.403 -0.582 -0.323 0.314 0.471 0.65 0.701 0.833 0.671 0.639 1.325 1.969 2.042 2.029 1.588 0.808 0.432 -0.062 0.044 0.52 0.652 0.61 0.597 0.448 -0.215 -0.726 -0.637 -0.105 -0.442 -0.779 -0.173 -0.03 0.127 0.443 0.431 -0.015 -0.409 -0.891 -1.243 -1.501 -1.572 -1.398 -1.203 -0.713 -0.317 0.095 0.478 1.077 0.763 0.467 -0.014 -0.418 -0.748
-0.576 -0.13 0.08 0.204 0.775 0.998 1.415 1.826 1.844 1.499 0.956 0.303 -0.089 -0.07 0.416 0.97 1.114 1.043 1.172 1.647 1.584 0.85 0.412 0.26 0.432 -0.006 -0.433 0.075 0.364 0.083 0.526 0.333 0.55 0.246 0.633 1.316 1.834 2.044 2.056 1.976 1.549 0.982 0.428 0.402 0.858 0.35 0.085 -0.115 0.005 -0.39 -0.75 -0.343 0.239 0.051 -0.201 0.177 0.705 0.628 0.355 -0.082 -0.466 -0.843 -0.96 -0.982 -1.258 -1.097 -1.065 -0.972 -0.681 -0.301 0.155 0.374 1.052 0.803 0.264 -0.332 -0.773 -0.305
-0.348 -0.541 -0.11 0.52 0.463 0.402 0.927 1.66 1.844 1.733 1.272 0.615 0.554 0.466 0.605 0.877 1.176 1.407 1.583 1.741 1.377 0.581 0.069 -0.216 0.119 0.267 -0.289 0.241 -0.02 -0.062 0.329 -0.045 0.186 0.101 0.755 1.002 1.539 1.972 2.057 2.056 1.973 1.343 0.676 0.717 0.854 -0.06 -0.374 -0.71 -0.585 -0.72 -0.692 -0.137 0.336 0.58 0.62 0.811 0.895 0.12 -0.375 -0.591 -0.722 -0.796 -0.655 -0.937 -1.249 -0.851 -0.671 -0.558 -0.409 -0.121 0.284 0.607 1.039 1.075 0.552 -0.066 -0.517 -0.018
-0.202 -0.4 0.131 0.192 0.104 0.04 0.659 1.389 1.788 1.845 1.373 0.734 1.161 1.263 1.332 1.445 1.463 1.573 1.743 1.533 1.065 0.492 0.063 -0.335 -0.305 0.01 -0.32 -0.02 -0.401 -0.241 -0.17 -0.41 -0.21 -0.136 0.253 0.557 1.193 1.742 2.057 2.061 2.057 1.529 0.754 1.076 0.936 0.427 -0.031 -0.773 -1.08 -1.152 -0.916 -0.436 -0.24 0.273 0.446 0.821 0.98 0.034 -0.555 -0.536 -0.512 -0.446 -0.637 -1.022 -1.085 -0.78 -0.732 -0.574 -0.446 -0.337 0.03 0.296 -9 -9 0.617 -0.278 -0.374 0
-0.524 -0.451 -0.357 -0.124 -0.236 0.139 0.637 1.038 1.571 1.859 1.654 1.249 1.641 1.743 1.785 1.8 1.766 1.721 1.408 0.924 0.684 0.494 0.238 -0.371 -0.635 -0.394 -0.403 -0.269 -0.251 -0.145 -0.2 -0.378 -0.392 -0.261 -0.296 0.253 0.984 1.474 1.882 -9 2.075 1.943 1.365 1.354 0.95 0.296 -0.265 -0.901 -0.778 -0.791 -1.083 -0.866 -0.629 -0.348 -0.328 0.489 1.12 0.352 0.011 0.09 -0.019 -0.331 -0.6 -0.878 -0.986 -0.605 -0.808 -0.733 -0.709 -0.517 -0.282 -0.116 -9 -9 0.99 0.133 0.224 0.07
-0.147 -0.233 -0.51 -0.349 -0.284 0.181 0.556 0.853 1.306 1.758 1.845 1.739 1.664 1.502 1.473 1.454 1.42 1.41 1.279 0.866 0.409 0.131 0.086 -0.257 -0.613 -0.165 -0.201 0.056 0.3 0.44 0.31 -0.096 -0.017 0.057 -0.449 0.054 0.71 0.781 1.07 -9 -9 2.064 1.982 1.567 1.09 0.602 0.019 -0.541 -0.338 -0.424 -0.914 -0.785 -0.711 -0.606 -0.301 0.434 1.191 0.72 0.416 0.018 -0.118 -0.187 -0.465 -0.571 -0.741 -0.472 -0.454 -0.526 -0.463 -0.585 -0.635 -9 -9 -9 -9 0.724 0.689 0.051
0.21 -0.075 -0.276 -0.009 0.129 0.352 0.685 0.954 1.305 1.689 1.858 1.718 1.338 0.927 0.771 0.758 0.778 1.012 1.131 1.069 0.619 0.015 -0.4 -0.492 -0.474 0.189 -0.062 0.114 0.161 0.341 0.686 0.067 0.361 0.048 -0.175 0.039 0.235 0.208 -9 -9 -9 -9 -9 1.572 0.803 0.552 0.292 0.054 -0.012 -0.362 -0.876 -0.695 -0.427 -0.212 0.079 0.753 1.186 0.562 0.381 0.185 0.167 0.347 0.188 -0.121 -0.137 -0.114 0.005 -0.23 0.09 -9 -9 -9 -9 -9 -9 -9 0.606 0.314
0.216 0.189 -0.022 0.338 0.616 0.417 0.593 1.01 1.567 1.821 1.775 1.329 1.148 0.961 0.717 0.404 0.293 0.616 0.566 0.83 0.779 0.312 -0.17 -0.337 -0.201 0.355 -0.018 -0.303 -0.166 0.338 0.884 0.666 0.693 0.221 0.406 0.437 0.582 0.438 -9 -9 -9 -9 -9 -9 0.943 0.746 0.44 0.127 -0.166 -0.59 -0.958 -0.822 -0.373 0.093 0.518 1.085 0.902 0.492 0.811 0.681 0.692 0.912 0.795 0.401 0.403 0.466 0.458 0.28 -9 -9 -9 -9 -9 -9 -9 -9 0.615 0.774
0.471 0.647 0.329 0.454 0.889 0.936 1.016 1.355 1.833 1.876 1.608 0.929 0.702 0.783 0.764 0.584 0.164 0.145 0.253 0.448 0.62 0.226 -0.172 0.169 0.497 0.644 0.144 0.11 0.286 0.681 1.094 1.215 1.062 0.619 0.839 0.758 0.966 0.852 -9 -9 -9 -9 -9 -9 -9 -9 -9 -9 -0.519 -0.699 -0.732 -0.48 -0.401 0.055 0.76 1.33 0.835 0.972 1.276 1.23 1.272 1.369 1.064 0.689 -9 -9 -9 -9 -9 -9 -9 -9 -9 -9 -9 -9 -9 1.306
0.995 0.993 0.77 0.827 1.006 1.294 1.573 1.735 1.886 1.804 1.48 0.888 0.389 0.337 0.381 0.386 0.11 -0.234 0.023 0.155 0.227 0.214 -0.301 -0.044 0.568 0.922 0.561 0.578 0.722 0.698 1.063 1.44 1.226 0.832 1.189 1.122 1.365 1.381 -9 -9 -9 -9 -9 -9 -9 -9 -9 -9 -9 -9 -9 -9 -9 0.374 0.979 1.507 1.12 1.497 1.719 -9 -9 -9 -9 -9 -9 -9 -9 -9 -9 -9 -9 -9 -9 -9 -9 -9 -9 -9
1.493 1.456 1.331 1.411 1.476 1.659 1.85 1.882 1.884 1.697 1.35 0.893 0.503 0.443 0.307 0.152 0.021 -0.211 -0.223 -0.016 -0.152 -0.045 -0.303 0.164 0.674 1.078 0.784 0.858 1.093 0.789 0.983 1.439 1.356 1.045 1.471 1.716 1.807 -9 -9 -9 -9 -9 -9 -9 -9 -9 -9 -9 -9 -9 -9 -9 -9 -9 -9 -9 -9 -9 -9 -9 -9 -9 -9 -9 -9 -9 -9 -9 -9 -9 -9 -9 -9 -9 -9 -9 -9 -9
1.832 1.838 1.793 1.822 1.84 1.88 1.902 1.887 1.841 1.631 1.31 1.072 1.027 0.987 0.811 0.655 0.524 0.316 -0.014 -0.3 -0.405 -0.217 0.163 0.517 0.862 1.186 1.095 1.126 1.355 1.203 1.307 1.458 1.586 1.453 1.843 1.995 -9 -9 -9 -9 -9 -9 -9 -9 -9 -9 -9 -9 -9 -9 -9 -9 -9 -9 -9 -9 -9 -9 -9 -9 -9 -9 -9 -9 -9 -9 -9 -9 -9 -9 -9 -9 -9 -9 -9 -9 -9 -9
1.909 1.91 1.907 1.909 1.904 1.903 1.903 1.866 1.699 1.42 1.386 1.293 1.198 0.952 0.872 0.703 0.562 0.23 0.112 -0.06 -0.026 0.145 0.434 0.672 0.836 0.966 1.229 1.351 1.455 1.584 1.55 1.506 1.788 1.887 2.029 2.051 -9 -9 -9 -9 -9 -9 -9 -9 -9 -9 -9 -9 -9 -9 -9 -9 -9 -9 -9 -9 -9 -9 -9 -9 -9 -9 -9 -9 -9 -9 -9 -9 -9 -9 -9 -9 -9 -9 -9 -9 -9 -9
1.91 1.91 1.91 1.909 1.889 1.881 1.803 1.606 1.3 0.923 0.745 0.68 0.84 0.577 0.341 0.145 0.429 0.034 0.064 0.408 0.403 0.34 0.347 0.419 0.47 0.609 0.906 1.128 1.303 1.668 1.844 1.834 1.956 2.039 2.051 -9 -9 -9 -9 -9 -9 -9 -9 -9 -9 -9 -9 -9 -9 -9 -9 -9 -9 -9 -9 -9 -9 -9 -9 -9 -9 -9 -9 -9 -9 -9 -9 -9 -9 -9 -9 -9 -9 -9 -9 -9 -9 -9
1.678 1.735 1.736 1.733 1.597 1.473 1.368 1.059 0.766 0.417 0.339 0.216 0.289 0.635 0.357 -0.03 0.194 -0.037 0.294 0.541 0.711 0.741 0.74 0.732 0.637 0.803 0.992 1.168 1.431 1.781 1.998 2.035 2.044 2.046 -9 -9 -9 -9 -9 -9 -9 -9 -9 -9 -9 -9 -9 -9 -9 -9 -9 -9 -9 -9 -9 -9 -9 -9 -9 -9 -9 -9 -9 -9 -9 -9 -9 -9 -9 -9 -9 -9 -9 -9 -9 -9 -9 -9
1.442 1.405 1.138 1.194 1.109 0.998 0.946 1.047 0.885 0.61 0.319 -0.017 -0.153 0.176 0.233 -0.136 -0.049 -0.052 0.021 0.233 0.506 0.76 0.914 1.091 1.118 1.253 1.421 1.516 1.722 1.964 2.03 2.043 2.044 2.044 -9 -9 -9 -9 -9 -9 -9 -9 -9 -9 -9 -9 -9 -9 -9 -9 -9 -9 -9 -9 -9 -9 -9 -9 -9 -9 -9 -9 -9 -9 -9 -9 -9 -9 -9 -9 -9 -9 -9 -9 -9 -9 -9 -9
1.223 1.545 1.107 0.773 0.94 0.962 1.163 0.996 0.89 0.754 0.437 0.128 -0.068 -0.116 -0.013 -0.105 0.135 0.156 -0.139 -0.056 0.162 0.282 0.501 0.832 1.029 1.179 1.287 1.311 1.622 1.994 2.031 2.032 1.991 2.035 -9 -9 -9 -9 -9 -9 -9 -9 -9 -9 -9 -9 -9 -9 -9 -9 -9 -9 -9 -9 -9 -9 -9 -9 -9 -9 -9 -9 -9 -9 -9 -9 -9 -9 -9 -9 -9 -9 -9 -9 -9 -9 -9 -9
1.008 1.512 1.383 1.087 1.201 1.126 1.082 0.655 0.524 0.549 0.446 0.339 0.088 -0.192 -0.03 0.169 0.491 0.377 0.049 -0.124 -0.062 -0.055 0.049 0.391 0.592 0.651 0.85 1.235 1.753 2.016 2.031 2.026 1.891 -9 -9 -9 -9 -9 -9 -9 -9 -9 -9 -9 -9 -9 -9 -9 -9 -9 -9 -9 -9 -9 -9 -9 -9 -9 -9 -9 -9 -9 -9 -9 -9 -9 -9 -9 -9 -9 -9 -9 -9 -9 -9 -9 -9 -9
0.929 1.378 1.575 1.356 1.226 1.149 0.831 0.48 0.237 0.327 0.293 0.413 0.334 -0.035 0.113 0.397 0.753 0.654 0.299 0.249 0.229 0.039 -0.041 -0.037 0.137 0.196 0.754 1.31 1.81 2.026 2.036 2.036 -9 -9 -9 -9 -9 -9 -9 -9 -9 -9 -9 -9 -9 -9 -9 -9 -9 -9 -9 -9 -9 -9 -9 -9 -9 -9 -9 -9 -9 -9 -9 -9 -9 -9 -9 -9 -9 -9 -9 -9 -9 -9 -9 -9 -9 -9
0.916 1.377 1.548 1.158 0.99 1.024 0.629 0.438 0.32 0.484 0.545 0.74 0.731 0.28 0.18 0.533 0.89 0.835 0.495 0.634 0.492 0.465 0.121 -0.047 -0.109 0.11 0.637 1.179 1.767 2.015 2.037 2.027 -9 -9 -9 -9 -9 -9 -9 -9 -9 -9 -9 -9 -9 -9 -9 -9 -9 -9 -9 -9 -9 -9 -9 -9 -9 -9 -9 -9 -9 -9 -9 -9 -9 -9 -9 -9 -9 -9 -9 -9 -9 -9 -9 -9 -9 -9
1.202 1.615 1.397 0.989 0.999 1.208 0.753 0.675 0.693 0.798 0.932 1.002 0.929 0.604 0.33 0.633 0.978 1.072 0.856 0.959 0.825 0.605 0.316 0.416 0.163 0.197 0.745 1.266 1.777 2.01 2.037 -9 -9 -9 -9 -9 -9 -9 -9 -9 -9 -9 -9 -9 -9 -9 -9 -9 -9 -9 -9 -9 -9 -9 -9 -9 -9 -9 -9 -9 -9 -9 -9 -9 -9 -9 -9 -9 -9 -9 -9 -9 -9 -9 -9 -9 -9 -9
1.309 1.653 1.378 1.091 1.076 1.34 1.008 1.013 1.12 1.13 1.091 0.961 0.905 0.565 0.441 0.659 0.791 1.008 1.24 1.24 1.025 0.531 0.686 0.551 0.17 0.265 0.821 1.305 1.728 -9 -9 -9 -9 -9 -9 -9 -9 -9 -9 -9 -9 -9 -9 -9 -9 -9 -9 -9 -9 -9 -9 -9 -9 -9 -9 -9 -9 -9 -9 -9 -9 -9 -9 -9 -9 -9 -9 -9 -9 -9 -9 -9 -9 -9 -9 -9 -9 -9
1.176 1.579 1.623 1.349 1.301 1.429 1.305 1.269 1.198 1.033 0.834 0.735 0.684 0.43 0.545 0.836 0.88 0.741 1.176 1.249 0.827 0.721 0.986 0.757 0.42 0.657 0.928 1.393 -9 -9 -9 -9 -9 -9 -9 -9 -9 -9 -9 -9 -9 -9 -9 -9 -9 -9 -9 -9 -9 -9 -9 -9 -9 -9 -9 -9 -9 -9 -9 -9 -9 -9 -9 -9 -9 -9 -9 -9 -9 -9 -9 -9 -9 -9 -9 -9 -9 -9
1.099 1.573 1.719 1.587 1.502 1.523 1.437 1.288 1.244 1.001 0.693 0.482 0.342 0.25 0.442 0.714 0.994 0.935 1.135 1.229 0.672 0.892 1.082 0.641 0.512 0.924 1.286 -9 -9 -9 -9 -9 -9 -9 -9 -9 -9 -9 -9 -9 -9 -9 -9 -9 -9 -9 -9 -9 -9 -9 -9 -9 -9 -9 -9 -9 -9 -9 -9 -9 -9 -9 -9 -9 -9 -9 -9 -9 -9 -9 -9 -9 -9 -9 -9 -9 -9 -9
1.183 1.648 1.694 1.657 1.511 1.572 1.559 1.381 1.131 0.75 0.636 0.673 0.444 0.416 0.737 0.932 1.213 1.18 1.459 1.482 1.223 1.153 1.258 1.226 1.002 1.279 -9 -9 -9 -9 -9 -9 -9 -9 -9 -9 -9 -9 -9 -9 -9 -9 -9 -9 -9 -9 -9 -9 -9 -9 -9 -9 -9 -9 -9 -9 -9 -9 -9 -9 -9 -9 -9 -9 -9 -9 -9 -9 -9 -9 -9 -9 -9 -9 -9 -9 -9 -9
1.265 1.7 1.721 1.644 1.477 1.674 1.637 1.392 0.951 0.721 0.917 0.951 0.947 0.931 0.664 0.885 1.373 1.576 1.708 1.764 1.742 1.602 1.397 1.478 1.362 1.528 -9 -9 -9 -9 -9 -9 -9 -9 -9 -9 -9 -9 -9 -9 -9 -9 -9 -9 -9 -9 -9 -9 -9 -9 -9 -9 -9 -9 -9 -9 -9 -9 -9 -9 -9 -9 -9 -9 -9 -9 -9 -9 -9 -9 -9 -9 -9 -9 -9 -9 -9 -9
1.308 1.721 1.779 1.669 1.583 1.736 1.596 1.201 0.81 0.929 1.231 1.438 1.46 1.22 0.878 1.238 1.674 1.854 1.852 1.817 1.807 1.795 1.706 1.613 1.592 1.646 -9 -9 -9 -9 -9 -9 -9 -9 -9 -9 -9 -9 -9 -9 -9 -9 -9 -9 -9 -9 -9 -9 -9 -9 -9 -9 -9 -9 -9 -9 -9 -9 -9 -9 -9 -9 -9 -9 -9 -9 -9 -9 -9 -9 -9 -9 -9 -9 -9 -9 -9 -9
1.421 1.754 1.796 1.654 1.679 1.781 1.511 0.928 0.663 1.021 1.321 1.639 1.699 1.545 1.572 1.791 1.876 1.796 1.647 1.44 1.39 1.499 1.665 1.712 1.728 -9 -9 -9 -9 -9 -9 -9 -9 -9 -9 -9 -9 -9 -9 -9 -9 -9 -9 -9 -9 -9 -9 -9 -9 -9 -9 -9 -9 -9 -9 -9 -9 -9 -9 -9 -9 -9 -9 -9 -9 -9 -9 -9 -9 -9 -9 -9 -9 -9 -9 -9 -9 -9
1.642 1.81 1.79 1.673 1.775 1.781 1.442 0.991 1.074 1.56 1.814 1.854 1.859 1.873 1.877 1.863 1.766 1.38 1.157 0.816 0.724 0.969 1.178 1.406 1.585 -9 -9 -9 -9 -9 -9 -9 -9 -9 -9 -9 -9 -9 -9 -9 -9 -9 -9 -9 -9 -9 -9 -9 -9 -9 -9 -9 -9 -9 -9 -9 -9 -9 -9 -9 -9 -9 -9 -9 -9 -9 -9 -9 -9 -9 -9 -9 -9 -9 -9 -9 -9 -9
