data/climatemaps/RS_maps/climate_breeding_pr_2015.asc
NCOLS 369 
NROWS 228 
XLLCORNER 479000 
YLLCORNER 73000 
CELLSIZE 1000 
NODATA_value -9 
[rows 170 to 203 of 228, columns 228 to 303 of 369]
0.329 0.635 0.797 0.995 1.021 0.966 0.903 0.64 0.476 0.13 -0.271 -0.511 -0.491 -0.28 -0.012 0.258 0.489 0.735 1.101 1.194 0.981 0.531 0.265 0.4 0.579 0.53 0.285 -0.131 -0.39 -0.379 -0.275 -0.239 -0.16 -0.185 0.065 0.188 0.177 0.041 -0.171 -0.391 -0.648 -0.826 -0.991 -1.052 -1.011 -0.879 -0.729 -0.619 -0.476 -0.402 -0.255 -0.157 -0.127 -0.065 0.031 0.152 0.226 0.198 0.235 0.255 0.388 0.534 0.488 0.525 0.652 0.703 0.611 0.647 0.759 0.684 0.483 0.181 -0.01 -0.078 -0.156 -0.378
0.352 0.525 0.651 0.939 1.084 1.083 0.972 0.83 0.744 0.351 -0.117 -0.435 -0.524 -0.381 -0.09 0.14 0.431 0.693 0.976 1.036 0.835 0.419 0.236 0.376 0.473 0.299 0.011 -0.305 -0.403 -0.313 -0.204 -0.206 -0.094 -0.119 0.039 0.127 0.079 -0.01 -0.205 -0.487 -0.727 -0.898 -1.005 -1.042 -1.004 -0.892 -0.71 -0.501 -0.296 -0.228 -0.128 0.041 0.151 0.215 0.27 0.293 0.399 0.495 0.573 0.593 0.622 0.663 0.574 0.587 0.626 0.666 0.614 0.635 0.712 0.622 0.478 0.343 0.26 0.094 0.032 -0.192
0.34 0.393 0.575 0.866 0.955 1.023 1.088 0.975 0.799 0.456 0.023 -0.339 -0.509 -0.442 -0.184 0.12 0.434 0.715 0.844 0.897 0.734 0.342 0.147 0.298 0.374 0.088 -0.254 -0.441 -0.395 -0.223 -0.109 -0.209 -0.031 -0.075 0.08 0.114 0.028 -0.087 -0.208 -0.496 -0.748 -0.914 -1.005 -1.038 -1.001 -0.886 -0.7 -0.476 -0.232 -0.095 0.002 0.166 0.303 0.312 0.278 0.308 0.483 0.619 0.649 0.658 0.704 0.701 0.648 0.564 0.454 0.464 0.484 0.532 0.604 0.613 0.58 0.592 0.472 0.275 0.211 -0.031
0.323 0.276 0.483 0.688 0.746 0.93 1.019 0.908 0.733 0.504 0.207 -0.208 -0.45 -0.475 -0.289 -0.003 0.286 0.555 0.677 0.728 0.63 0.303 0.084 0.2 0.135 -0.109 -0.392 -0.468 -0.329 -0.135 -0.039 -0.091 -0.018 0.053 0.094 0.062 -0.02 -0.125 -0.252 -0.486 -0.689 -0.876 -0.984 -1.043 -1.036 -0.881 -0.662 -0.429 -0.21 -0.069 0.055 0.158 0.255 0.244 0.134 0.282 0.562 0.614 0.56 0.525 0.613 0.563 0.54 0.403 0.245 0.25 0.273 0.338 0.455 0.605 0.677 0.758 0.64 0.443 0.334 0.06
0.321 0.175 0.272 0.414 0.642 0.902 0.953 0.928 0.796 0.685 0.483 -0.058 -0.366 -0.477 -0.38 -0.172 0.066 0.386 0.56 0.58 0.406 0.117 0.036 0.106 -0.09 -0.338 -0.541 -0.485 -0.286 -0.101 -0.021 -0.02 0.036 0.118 0.06 0.005 -0.079 -0.179 -0.277 -0.454 -0.585 -0.782 -0.937 -1.024 -1.054 -0.931 -0.718 -0.479 -0.263 -0.158 -0.104 -0.037 0.039 0.047 0.021 0.235 0.47 0.506 0.432 0.427 0.463 0.344 0.289 0.194 0.044 -0.023 0.06 0.168 0.327 0.524 0.692 0.798 0.725 0.614 0.392 0.063
0.178 0.053 0.094 0.308 0.587 0.821 0.979 0.989 0.906 0.878 0.648 0.171 -0.206 -0.401 -0.422 -0.302 -0.052 0.245 0.465 0.466 0.272 -0.013 -0.061 -0.117 -0.3 -0.522 -0.612 -0.499 -0.346 -0.263 -0.181 -0.018 0.097 0.089 -0.041 -0.074 -0.179 -0.246 -0.319 -0.312 -0.396 -0.649 -0.867 -0.978 -1.045 -0.992 -0.795 -0.614 -0.375 -0.283 -0.33 -0.304 -0.235 -0.182 -0.083 0.189 0.393 0.429 0.304 0.341 0.347 0.111 0.016 -0.071 -0.2 -0.201 -0.043 0.116 0.281 0.438 0.583 0.706 0.715 0.646 0.395 0.067
-0.025 -0.088 -0.014 0.195 0.396 0.621 0.951 0.968 1.028 0.963 0.637 0.358 0.007 -0.285 -0.41 -0.379 -0.191 0.078 0.292 0.35 0.171 -0.119 -0.281 -0.361 -0.497 -0.663 -0.668 -0.494 -0.355 -0.289 -0.263 -0.08 0.097 0.056 -0.019 0.027 -0.102 -0.121 -0.173 -0.137 -0.27 -0.524 -0.755 -0.904 -0.996 -1.01 -0.916 -0.741 -0.513 -0.413 -0.435 -0.273 -0.13 -0.034 0.025 0.196 0.361 0.344 0.2 0.169 0.114 -0.095 -0.284 -0.274 -0.213 -0.09 0.057 0.202 0.264 0.329 0.476 0.54 0.606 0.584 0.406 0.1
0.064 -0.092 0.04 0.194 0.34 0.507 0.814 1.039 1.074 0.96 0.874 0.714 0.329 -0.083 -0.307 -0.381 -0.281 -0.074 0.008 0.039 -0.046 -0.228 -0.408 -0.549 -0.679 -0.746 -0.669 -0.465 -0.304 -0.192 -0.173 -0.125 0.096 0.053 0.145 0.132 0.018 0.069 0.016 0.017 -0.18 -0.336 -0.594 -0.801 -0.913 -0.971 -0.975 -0.824 -0.597 -0.525 -0.485 -0.183 -0.032 0.107 0.13 0.253 0.365 0.311 0.172 0.03 -0.102 -0.302 -0.421 -0.249 -0.101 -0.003 0.09 0.182 0.2 0.293 0.43 0.446 0.484 0.463 0.331 0.082
0.239 -0.097 0.147 0.344 0.483 0.577 0.717 0.984 0.98 1.061 1.1 1.016 0.616 0.137 -0.181 -0.348 -0.317 -0.176 -0.248 -0.272 -0.327 -0.434 -0.536 -0.649 -0.749 -0.744 -0.631 -0.455 -0.303 -0.15 -0.067 -0.042 0.133 0.14 0.25 0.215 0.165 0.206 0.176 0.163 0.048 -0.112 -0.399 -0.641 -0.794 -0.882 -0.929 -0.848 -0.662 -0.619 -0.513 -0.285 -0.092 0.117 0.223 0.333 0.431 0.432 0.391 0.186 0.002 -0.295 -0.463 -0.265 -0.095 -0.047 0.017 0.075 0.181 0.308 0.373 0.387 0.44 0.399 0.292 0.129
0.235 -0.025 0.078 0.23 0.41 0.596 0.741 0.922 1.091 1.172 1.245 1.088 0.774 0.384 -0.008 -0.275 -0.361 -0.352 -0.421 -0.446 -0.476 -0.53 -0.599 -0.67 -0.673 -0.602 -0.529 -0.449 -0.337 -0.127 0.035 0.082 0.17 0.203 0.21 0.181 0.176 0.213 0.24 0.233 0.255 0.071 -0.222 -0.455 -0.639 -9 -0.854 -0.877 -0.763 -0.709 -0.544 -0.289 -0.066 0.153 0.184 0.279 0.482 0.555 0.56 0.431 0.268 -0.162 -0.491 -0.342 -0.238 -0.207 -0.115 0.026 0.145 0.255 0.329 0.279 0.375 0.352 0.293 0.144
0.29 -0.017 -0.042 0.061 0.253 0.471 0.602 0.795 1.076 1.181 1.264 1.093 0.853 0.537 0.137 -0.203 -0.377 -0.438 -0.444 -0.403 -0.395 -0.416 -0.47 -0.551 -0.598 -0.54 -0.428 -0.331 -0.273 -0.124 0.05 0.028 0.106 0.074 0.014 -0.042 -0.022 0.079 0.083 0.109 0.292 0.163 -0.057 -0.155 -0.331 -9 -9 -0.844 -0.862 -0.758 -0.583 -0.366 -0.137 0.07 0.092 0.192 0.435 0.555 0.616 0.549 0.329 -0.086 -0.457 -0.415 -0.344 -0.247 -0.155 -0.058 0.045 0.126 0.184 0.149 0.164 0.164 0.099 0.054
0.448 0.09 -0.129 -0.071 0.124 0.283 0.436 0.664 0.89 0.976 1.039 0.97 0.786 0.515 0.166 -0.154 -0.35 -0.407 -0.347 -0.24 -0.177 -0.166 -0.216 -0.346 -0.466 -0.5 -0.405 -0.254 -0.144 -0.054 0.016 -0.049 0.023 0.013 -0.034 -0.122 -0.205 -0.106 -0.105 0.003 0.123 0.116 0.056 0.006 -9 -9 -9 -9 -9 -0.743 -0.518 -0.354 -0.205 -0.075 0.017 0.173 0.414 0.521 0.535 0.451 0.246 -0.148 -0.435 -0.373 -0.36 -0.311 -0.265 -0.259 -0.186 -0.08 -0.064 -0.064 -0.108 -0.075 -0.204 -9
0.293 0.024 -0.125 -0.019 0.121 0.251 0.376 0.493 0.692 0.749 0.753 0.822 0.714 0.428 0.067 -0.187 -0.32 -0.291 -0.251 -0.186 -0.086 0.016 0.013 -0.138 -0.211 -0.352 -0.373 -0.242 -0.111 -0.029 -0.026 -0.139 -0.043 0.014 -0.049 -0.21 -0.397 -0.35 -0.33 -0.159 -0.133 -0.082 -0.08 -0.048 -9 -9 -9 -9 -9 -9 -0.499 -0.36 -0.22 -0.09 0.036 0.197 0.394 0.49 0.471 0.334 0.09 -0.242 -0.378 -0.385 -0.47 -0.472 -0.469 -0.487 -0.432 -0.328 -0.325 -0.351 -0.374 -0.394 -9 -9
0.156 -0.098 -0.158 -0.043 0.079 0.178 0.23 0.284 0.483 0.55 0.504 0.524 0.44 0.208 -0.067 -0.235 -0.289 -0.18 -0.106 -0.074 -0.027 0.047 0.102 0.05 -0.036 -0.146 -0.211 -0.132 -0.035 -0.07 -0.157 -0.242 -0.179 -0.19 -0.272 -0.394 -0.549 -0.61 -0.546 -0.406 -0.381 -0.312 -0.295 -0.25 -9 -9 -9 -9 -9 -9 -9 -9 -9 -9 0.101 0.194 0.29 0.337 0.394 0.248 -0.067 -0.363 -0.37 -0.5 -0.632 -0.655 -0.674 -0.695 -0.62 -0.518 -9 -9 -9 -9 -9 -9
-0.057 -0.209 -0.222 -0.176 -0.122 -0.048 -0.003 0.092 0.241 0.301 0.304 0.229 0.103 -0.036 -0.181 -0.276 -0.275 -0.143 0.004 0.056 0.074 0.08 0.125 0.18 0.075 0.011 -0.025 -0.036 0.095 0.014 -0.194 -0.365 -0.327 -0.387 -0.469 -0.513 -0.653 -0.774 -0.714 -0.583 -0.611 -0.534 -0.528 -0.475 -9 -9 -9 -9 -9 -9 -9 -9 -9 -9 -9 -9 -9 -9 -9 0.022 -0.234 -0.46 -0.507 -0.65 -0.761 -9 -9 -9 -9 -9 -9 -9 -9 -9 -9 -9
-0.296 -0.364 -0.377 -0.368 -0.323 -0.256 -0.209 -0.121 -0.014 0.026 0.037 -0.017 -0.107 -0.186 -0.262 -0.298 -0.264 -0.15 -0.045 -0.005 0.031 0.056 0.078 0.12 0.115 0.096 0.119 0.116 0.14 0.012 -0.202 -0.405 -0.438 -0.519 -0.625 -0.632 -0.725 -0.846 -0.831 -0.744 -0.786 -0.78 -0.737 -9 -9 -9 -9 -9 -9 -9 -9 -9 -9 -9 -9 -9 -9 -9 -9 -9 -9 -9 -9 -9 -9 -9 -9 -9 -9 -9 -9 -9 -9 -9 -9 -9
-0.464 -0.48 -0.49 -0.484 -0.449 -0.397 -0.342 -0.278 -0.213 -0.175 -0.16 -0.175 -0.209 -0.253 -0.293 -0.294 -0.254 -0.206 -0.199 -0.196 -0.158 -0.129 -0.105 -0.056 0.046 0.155 0.227 0.21 0.116 -0.021 -0.215 -0.427 -0.514 -0.613 -0.743 -0.765 -0.84 -0.916 -0.938 -0.892 -0.933 -0.919 -9 -9 -9 -9 -9 -9 -9 -9 -9 -9 -9 -9 -9 -9 -9 -9 -9 -9 -9 -9 -9 -9 -9 -9 -9 -9 -9 -9 -9 -9 -9 -9 -9 -9
-0.545 -0.537 -0.522 -0.496 -0.453 -0.402 -0.348 -0.297 -0.253 -0.223 -0.208 -0.21 -0.223 -0.236 -0.229 -0.2 -0.199 -0.209 -0.224 -0.2 -0.181 -0.173 -0.162 -0.075 -0.003 0.072 0.137 0.154 0.104 -0.003 -0.148 -0.317 -0.499 -0.643 -0.762 -0.866 -0.922 -0.959 -1.013 -1.022 -1.01 -0.969 -9 -9 -9 -9 -9 -9 -9 -9 -9 -9 -9 -9 -9 -9 -9 -9 -9 -9 -9 -9 -9 -9 -9 -9 -9 -9 -9 -9 -9 -9 -9 -9 -9 -9
-0.565 -0.53 -0.483 -0.425 -0.36 -0.297 -0.247 -0.207 -0.178 -0.16 -0.149 -0.15 -0.141 -0.109 -0.047 0.037 0.049 0.019 -0.08 -0.047 -0.021 -0.023 -0.125 -0.031 0.006 -0.024 0.045 0.113 0.131 0.072 -0.025 -0.172 -0.373 -0.549 -0.7 -0.871 -0.972 -1.014 -1.056 -1.06 -1.024 -9 -9 -9 -9 -9 -9 -9 -9 -9 -9 -9 -9 -9 -9 -9 -9 -9 -9 -9 -9 -9 -9 -9 -9 -9 -9 -9 -9 -9 -9 -9 -9 -9 -9 -9
-0.517 -0.442 -0.328 -0.196 -0.089 -0.044 -0.009 0.012 0.027 0.026 0.042 0.063 0.091 0.145 0.218 0.276 0.273 0.239 0.157 0.04 0.032 0.05 -0.022 0 -0.024 -0.035 -0.023 0.004 0.03 0.007 -0.021 -0.145 -0.303 -0.466 -0.651 -0.841 -0.969 -1.032 -1.056 -1.041 -9 -9 -9 -9 -9 -9 -9 -9 -9 -9 -9 -9 -9 -9 -9 -9 -9 -9 -9 -9 -9 -9 -9 -9 -9 -9 -9 -9 -9 -9 -9 -9 -9 -9 -9 -9
-0.367 -0.24 -0.011 0.235 0.358 0.305 0.305 0.313 0.376 0.327 0.316 0.332 0.346 0.316 0.354 0.392 0.402 0.401 0.344 0.178 0.098 0.133 0.06 0.04 0.045 0.044 0.03 0.01 0 -0.041 -0.065 -0.158 -0.289 -0.428 -0.611 -0.797 -0.921 -0.993 -1.016 -0.991 -9 -9 -9 -9 -9 -9 -9 -9 -9 -9 -9 -9 -9 -9 -9 -9 -9 -9 -9 -9 -9 -9 -9 -9 -9 -9 -9 -9 -9 -9 -9 -9 -9 -9 -9 -9
-0.023 0.104 0.403 0.712 0.698 0.771 0.66 0.5 0.568 0.578 0.467 0.432 0.38 0.432 0.457 0.449 0.446 0.413 0.344 0.26 0.163 0.141 0.037 -0.003 0.079 0.104 0.115 0.169 0.16 0.115 0.061 -0.01 -0.117 -0.268 -0.495 -0.707 -0.845 -0.926 -0.945 -0.907 -9 -9 -9 -9 -9 -9 -9 -9 -9 -9 -9 -9 -9 -9 -9 -9 -9 -9 -9 -9 -9 -9 -9 -9 -9 -9 -9 -9 -9 -9 -9 -9 -9 -9 -9 -9
0.407 0.541 0.747 0.996 1.086 1.18 0.99 0.726 0.623 0.572 0.463 0.431 0.482 0.605 0.637 0.574 0.49 0.378 0.301 0.264 0.15 0.066 -0.05 -0.06 0.017 0.099 0.157 0.257 0.317 0.303 0.283 0.264 0.141 -0.108 -0.404 -0.617 -0.761 -0.85 -0.851 -9 -9 -9 -9 -9 -9 -9 -9 -9 -9 -9 -9 -9 -9 -9 -9 -9 -9 -9 -9 -9 -9 -9 -9 -9 -9 -9 -9 -9 -9 -9 -9 -9 -9 -9 -9 -9
0.779 0.862 1.012 1.262 1.439 1.479 1.225 0.902 0.661 0.553 0.474 0.462 0.584 0.705 0.75 0.656 0.527 0.352 0.234 0.215 0.108 0.004 -0.126 -0.135 -0.067 -0.018 0.054 0.19 0.322 0.407 0.449 0.451 0.272 -0.01 -0.312 -0.527 -0.68 -0.772 -9 -9 -9 -9 -9 -9 -9 -9 -9 -9 -9 -9 -9 -9 -9 -9 -9 -9 -9 -9 -9 -9 -9 -9 -9 -9 -9 -9 -9 -9 -9 -9 -9 -9 -9 -9 -9 -9
0.75 0.888 1.155 1.43 1.571 1.592 1.327 0.974 0.734 0.655 0.566 0.517 0.654 0.728 0.734 0.62 0.462 0.263 0.128 0.139 0.098 -0.03 -0.175 -0.201 -0.141 -0.166 -0.075 0.013 0.222 0.384 0.519 0.523 0.357 0.093 -0.231 -0.452 -0.606 -0.699 -9 -9 -9 -9 -9 -9 -9 -9 -9 -9 -9 -9 -9 -9 -9 -9 -9 -9 -9 -9 -9 -9 -9 -9 -9 -9 -9 -9 -9 -9 -9 -9 -9 -9 -9 -9 -9 -9
0.631 0.85 1.164 1.446 1.529 1.555 1.277 0.95 0.782 0.712 0.571 0.476 0.623 0.667 0.64 0.536 0.373 0.201 0.085 0.095 0.082 -0.038 -0.184 -0.263 -0.262 -0.29 -0.216 -0.085 0.081 0.208 0.398 0.477 0.343 0.109 -0.175 -0.391 -0.544 -9 -9 -9 -9 -9 -9 -9 -9 -9 -9 -9 -9 -9 -9 -9 -9 -9 -9 -9 -9 -9 -9 -9 -9 -9 -9 -9 -9 -9 -9 -9 -9 -9 -9 -9 -9 -9 -9 -9
0.598 0.868 1.197 1.446 1.573 1.491 1.248 0.943 0.778 0.668 0.536 0.424 0.541 0.562 0.507 0.44 0.339 0.24 0.131 0.137 0.097 -0.017 -0.114 -0.246 -0.377 -0.4 -0.318 -0.13 -0.081 0.075 0.324 0.418 0.293 0.097 -0.148 -9 -9 -9 -9 -9 -9 -9 -9 -9 -9 -9 -9 -9 -9 -9 -9 -9 -9 -9 -9 -9 -9 -9 -9 -9 -9 -9 -9 -9 -9 -9 -9 -9 -9 -9 -9 -9 -9 -9 -9 -9
0.581 0.872 1.179 1.377 1.539 1.517 1.285 0.941 0.703 0.568 0.461 0.378 0.451 0.485 0.478 0.477 0.435 0.343 0.238 0.206 0.121 -0.013 -0.109 -0.195 -0.359 -0.407 -0.306 -0.242 -0.201 -0.028 0.182 0.245 0.195 0.037 -9 -9 -9 -9 -9 -9 -9 -9 -9 -9 -9 -9 -9 -9 -9 -9 -9 -9 -9 -9 -9 -9 -9 -9 -9 -9 -9 -9 -9 -9 -9 -9 -9 -9 -9 -9 -9 -9 -9 -9 -9 -9
0.573 0.789 1.101 1.287 1.406 1.528 1.294 0.925 0.647 0.474 0.389 0.344 0.398 0.47 0.487 0.517 0.506 0.435 0.348 0.284 0.167 0.02 -0.141 -0.224 -0.359 -0.426 -0.291 -0.318 -0.292 -0.064 0.098 0.096 0.045 -9 -9 -9 -9 -9 -9 -9 -9 -9 -9 -9 -9 -9 -9 -9 -9 -9 -9 -9 -9 -9 -9 -9 -9 -9 -9 -9 -9 -9 -9 -9 -9 -9 -9 -9 -9 -9 -9 -9 -9 -9 -9 -9
0.609 0.789 1.048 1.198 1.284 1.403 1.221 0.88 0.623 0.451 0.38 0.334 0.369 0.459 0.542 0.579 0.505 0.381 0.297 0.213 0.097 -0.046 -0.212 -0.331 -0.47 -0.521 -0.465 -0.422 -0.36 -0.241 -0.086 -0.055 -9 -9 -9 -9 -9 -9 -9 -9 -9 -9 -9 -9 -9 -9 -9 -9 -9 -9 -9 -9 -9 -9 -9 -9 -9 -9 -9 -9 -9 -9 -9 -9 -9 -9 -9 -9 -9 -9 -9 -9 -9 -9 -9 -9
0.649 0.85 0.965 1.094 1.16 1.217 1.118 0.808 0.593 0.447 0.398 0.315 0.35 0.462 0.593 0.594 0.421 0.27 0.143 0.056 0.054 -0.092 -0.318 -0.462 -0.561 -0.601 -0.587 -0.512 -0.386 -0.309 -0.18 -0.154 -9 -9 -9 -9 -9 -9 -9 -9 -9 -9 -9 -9 -9 -9 -9 -9 -9 -9 -9 -9 -9 -9 -9 -9 -9 -9 -9 -9 -9 -9 -9 -9 -9 -9 -9 -9 -9 -9 -9 -9 -9 -9 -9 -9
0.663 0.766 0.826 0.922 1.013 1.103 1.014 0.739 0.548 0.432 0.368 0.298 0.359 0.509 0.608 0.501 0.287 0.08 -0.053 -0.08 -0.068 -0.243 -0.442 -0.54 -0.568 -0.556 -0.52 -0.457 -0.357 -0.253 -0.177 -0.16 -9 -9 -9 -9 -9 -9 -9 -9 -9 -9 -9 -9 -9 -9 -9 -9 -9 -9 -9 -9 -9 -9 -9 -9 -9 -9 -9 -9 -9 -9 -9 -9 -9 -9 -9 -9 -9 -9 -9 -9 -9 -9 -9 -9
0.539 0.603 0.667 0.764 0.906 0.989 0.882 0.667 0.506 0.408 0.322 0.277 0.368 0.521 0.556 0.398 0.174 -0.037 -0.174 -0.241 -0.312 -0.428 -0.508 -0.498 -0.434 -0.331 -0.248 -0.189 -0.151 -0.106 -0.08 -9 -9 -9 -9 -9 -9 -9 -9 -9 -9 -9 -9 -9 -9 -9 -9 -9 -9 -9 -9 -9 -9 -9 -9 -9 -9 -9 -9 -9 -9 -9 -9 -9 -9 -9 -9 -9 -9 -9 -9 -9 -9 -9 -9 -9
0.374 0.436 0.519 0.641 0.833 0.85 0.714 0.569 0.454 0.369 0.267 0.236 0.336 0.459 0.415 0.209 0.019 -0.118 -0.24 -0.349 -0.436 -0.488 -0.486 -0.365 -0.211 -0.023 0.109 0.169 0.188 0.171 0.114 -9 -9 -9 -9 -9 -9 -9 -9 -9 -9 -9 -9 -9 -9 -9 -9 -9 -9 -9 -9 -9 -9 -9 -9 -9 -9 -9 -9 -9 -9 -9 -9 -9 -9 -9 -9 -9 -9 -9 -9 -9 -9 -9 -9 -9
