data/climatemaps/RS_maps/climate_winter_pr_2017.asc
NCOLS 369 
NROWS 228 
XLLCORNER 479000 
YLLCORNER 73000 
CELLSIZE 1000 
NODATA_value -9 
[rows 105 to 139 of 228, columns 237 to 315 of 369]
1.855 1.274 1.099 1.369 1.698 1.633 1.794 2.27 2.567 2.622 2.518 2.313 1.939 1.662 1.694 1.926 2.071 2.095 2.477 2.846 3.112 3.347 3.497 3.555 3.363 3.27 3.267 3.153 3.071 3.001 2.897 2.713 2.243 1.818 1.346 0.825 0.943 1.321 1.664 1.654 1.598 1.318 0.827 0.377 0.146 0.078 0.171 0.445 0.76 1.184 1.366 1.692 2.038 2.053 1.816 1.665 1.706 1.781 1.541 1.248 1.203 1.122 0.931 0.706 0.488 0.295 0.109 0.029 0.041 0.049 0.129 0.354 0.549 0.745 0.876 1.068 1.17 1.218 1.353
1.905 1.245 1.133 1.469 1.814 1.867 1.861 2.403 2.694 2.637 2.41 2.222 2.008 2.072 2.181 2.435 2.497 2.555 2.971 3.065 3.096 3.263 3.363 3.23 3.06 2.923 2.958 2.936 2.91 2.822 2.608 2.521 2.205 1.756 1.183 0.869 1.083 1.473 1.536 1.542 1.429 1.119 0.623 0.251 0.105 0.081 0.189 0.499 0.835 1.203 1.446 1.848 2.025 1.982 1.851 1.89 1.855 1.94 1.724 1.57 1.49 1.46 1.26 1.041 0.84 0.682 0.504 0.29 0.111 0.002 -0.008 0.078 0.268 0.454 0.608 0.789 0.95 1.063 1.155
1.756 1.22 1.288 1.623 2.029 2.098 2.118 2.728 2.918 2.839 2.718 2.578 2.303 2.565 2.84 2.9 2.941 3.076 3.301 3.265 3.106 3.2 3.287 3.243 3.106 2.75 2.612 2.696 2.748 2.697 2.54 2.293 1.957 1.518 1.059 1.016 1.195 1.432 1.39 1.3 1.121 0.773 0.372 0.129 0.047 0.084 0.242 0.589 0.97 1.264 1.53 1.835 1.895 1.912 1.971 2.007 1.918 1.943 1.763 1.791 1.725 1.71 1.551 1.355 1.205 1.089 0.924 0.659 0.374 0.111 -0.054 -0.061 0.013 0.127 0.264 0.399 0.595 0.756 0.776
1.688 1.28 1.519 1.86 2.224 2.323 2.568 3.069 3.299 3.315 3.272 2.988 2.675 3.01 3.213 3.206 3.2 3.256 3.291 3.327 3.189 2.965 2.869 2.92 2.84 2.703 2.3 2.326 2.423 2.412 2.365 2.11 1.812 1.336 1.022 1.129 1.237 1.222 1.136 0.928 0.684 0.385 0.151 0.021 -0.012 0.099 0.35 0.674 0.947 1.115 1.398 1.618 1.751 1.819 1.874 1.859 1.854 1.81 1.766 1.826 1.841 1.794 1.707 1.616 1.517 1.454 1.262 0.993 0.63 0.246 -0.001 -0.045 -0.042 0.033 0.13 0.197 0.321 0.452 0.477
1.702 1.409 1.669 2.024 2.263 2.484 2.97 3.187 3.493 3.501 3.467 3.267 3.119 3.342 3.284 3.314 3.299 3.265 3.212 3.14 3.022 2.723 2.449 2.373 2.398 2.347 2.044 1.871 1.95 2.042 2.01 1.823 1.598 1.147 0.914 1.006 0.97 0.826 0.694 0.484 0.266 0.121 0.017 -0.055 -0.013 0.186 0.441 0.586 0.705 0.838 1.071 1.189 1.352 1.411 1.49 1.499 1.536 1.651 1.714 1.703 1.686 1.659 1.692 1.73 1.722 1.635 1.386 1.097 0.717 0.317 0.133 0.165 0.18 0.271 0.396 0.338 0.301 0.544 0.585
1.704 1.851 1.786 2.025 2.269 2.531 3.072 3.215 3.483 3.614 3.454 3.42 3.351 3.33 3.233 3.275 3.284 3.137 3.033 2.874 2.701 2.453 2.037 1.855 1.786 1.838 1.698 1.413 1.403 1.574 1.594 1.475 1.196 0.775 0.575 0.585 0.46 0.299 0.194 0.102 0.031 -0.002 -0.033 -0.068 0.003 0.233 0.336 0.37 0.457 0.582 0.738 0.828 0.949 0.978 1.06 1.101 1.188 1.34 1.442 1.384 1.442 1.602 1.742 1.824 1.823 1.689 1.409 1.005 0.634 0.35 0.289 0.377 0.473 0.582 0.726 0.628 0.435 0.646 0.724
1.892 2.268 2.081 2.012 2.223 2.702 3.123 3.296 3.423 3.551 3.365 3.377 3.181 3.19 3.066 3.123 3.26 3.094 2.887 2.654 2.364 2.106 1.72 1.417 1.202 1.165 1.079 0.909 0.858 1.007 1.054 0.996 0.761 0.403 0.186 0.105 -0.008 -0.074 -0.088 -0.078 -0.021 0.046 0.152 0.088 -0.016 0.1 0.133 0.172 0.253 0.339 0.432 0.5 0.57 0.614 0.645 0.696 0.846 0.981 1.121 1.104 1.332 1.558 1.668 1.823 1.824 1.695 1.412 0.941 0.584 0.443 0.46 0.453 0.605 0.809 0.905 0.876 0.675 0.709 0.78
2.144 2.485 2.434 2.272 2.348 2.875 3.029 3.343 3.428 3.279 2.931 3.014 2.865 2.99 2.866 2.876 3.004 2.927 2.72 2.517 2.163 1.771 1.37 1.076 0.835 0.709 0.615 0.491 0.413 0.444 0.476 0.423 0.291 0.089 -0.08 -0.171 -0.223 -0.215 -0.16 -0.059 0.115 0.325 0.454 0.277 0.093 0.094 0.165 0.231 0.272 0.283 0.323 0.375 0.407 0.434 0.456 0.472 0.529 0.618 0.754 0.843 1.134 1.319 1.434 1.61 1.726 1.583 1.298 0.836 0.546 0.545 0.6 0.606 0.661 0.894 1.098 1.153 1.035 0.793 0.784
2.309 2.668 2.639 2.469 2.632 2.967 3.017 3.141 3.31 3.306 2.841 2.482 2.545 2.768 2.736 2.568 2.661 2.604 2.3 2.107 1.805 1.398 1.032 0.785 0.603 0.461 0.352 0.229 0.125 0.087 0.046 -0.009 -0.082 -0.18 -0.254 -0.287 -0.295 -0.171 -0.014 0.164 0.424 0.696 0.687 0.456 0.278 0.398 0.465 0.522 0.58 0.528 0.523 0.533 0.588 0.611 0.616 0.577 0.426 0.418 0.541 0.699 0.893 1.085 1.308 1.473 1.554 1.376 1.049 0.674 0.523 0.569 0.564 0.631 0.789 0.974 1.187 1.34 1.231 0.931 0.752
2.643 2.818 2.732 2.673 2.931 2.963 3.027 2.982 2.942 2.903 2.605 2.046 2.167 2.455 2.437 2.261 2.246 2.165 1.832 1.606 1.414 1.098 0.731 0.537 0.424 0.269 0.138 0.029 -0.068 -0.143 -0.177 -0.23 -0.283 -0.335 -0.374 -0.341 -0.226 0.005 0.227 0.434 0.715 0.98 0.848 0.562 0.472 0.637 0.773 0.798 0.868 0.816 0.835 0.916 0.964 0.971 0.936 0.828 0.526 0.435 0.579 0.714 0.905 1.061 1.349 1.398 1.318 1.092 0.77 0.557 0.527 0.522 0.53 0.552 0.764 0.955 1.13 1.29 1.228 1.009 0.854
3.187 3.071 2.955 2.931 2.949 2.77 2.738 2.844 2.717 2.442 2.163 1.692 1.71 1.943 1.935 1.852 1.776 1.75 1.394 1.103 0.964 0.744 0.445 0.3 0.215 0.063 -0.053 -0.13 -0.224 -0.236 -0.254 -0.318 -0.356 -0.42 -0.424 -0.273 -0.067 0.174 0.42 0.655 0.982 1.143 0.977 0.686 0.645 0.804 0.944 1.024 1.086 1.119 1.134 1.326 1.336 1.279 1.153 0.954 0.617 0.55 0.653 0.811 1.053 1.21 1.368 1.276 1.067 0.774 0.593 0.527 0.458 0.58 0.709 0.651 0.657 0.829 1.037 1.218 1.282 1.093 1.056
3.393 3.124 2.917 2.759 2.681 2.536 2.369 2.558 2.478 2.138 1.802 1.413 1.226 1.38 1.34 1.352 1.292 1.312 1.024 0.681 0.527 0.39 0.199 0.081 0.005 -0.073 -0.102 -0.122 -0.224 -0.296 -0.242 -0.236 -0.332 -0.456 -0.427 -0.195 -0.031 0.197 0.446 0.705 1.011 1.227 1.139 0.845 0.737 0.866 0.967 1.154 1.239 1.377 1.356 1.62 1.618 1.482 1.272 1.019 0.725 0.728 0.785 0.923 1.17 1.315 1.364 1.225 0.867 0.573 0.604 0.691 0.565 0.462 0.681 0.821 0.739 0.697 0.874 1.073 1.153 1.079 1.125
3.239 2.99 2.805 2.732 2.704 2.478 2.13 2.071 2.027 1.746 1.407 1.112 0.83 0.833 0.788 0.815 0.78 0.794 0.611 0.352 0.166 0.085 0.019 -0.019 -0.024 -0.037 0.007 0.047 -0.103 -0.301 -0.219 -0.092 -0.236 -0.425 -0.478 -0.303 -0.081 0.062 0.281 0.595 0.983 1.233 1.211 0.956 0.781 0.841 0.915 1.105 1.332 1.46 1.562 1.766 1.7 1.55 1.329 1.044 0.882 0.928 1.022 1.163 1.259 1.291 1.262 1.045 0.647 0.477 0.61 0.7 0.723 0.54 0.586 0.787 0.834 0.736 0.755 0.941 1.06 1.066 1.069
3.055 3.017 2.806 2.575 2.426 2.182 1.853 1.537 1.458 1.267 0.957 0.718 0.503 0.418 0.374 0.384 0.345 0.335 0.224 0.08 -0.029 -0.048 -0.003 0.089 0.183 0.174 0.234 0.277 0.027 -0.197 -0.239 -0.022 -0.114 -0.321 -0.459 -0.399 -0.169 -0.131 0.089 0.47 0.916 1.15 1.148 1.062 0.863 0.758 0.832 1.021 1.348 1.485 1.693 1.769 1.69 1.554 1.375 1.098 1.096 1.101 1.17 1.241 1.327 1.288 1.096 0.758 0.458 0.423 0.535 0.671 0.772 0.732 0.584 0.683 0.815 0.771 0.698 0.794 0.999 1.051 1.02
2.569 2.578 2.316 2.061 1.845 1.572 1.28 1.039 0.906 0.78 0.577 0.369 0.243 0.215 0.221 0.206 0.143 0.086 0.005 -0.064 -0.08 0.01 0.231 0.422 0.51 0.478 0.436 0.464 0.232 0.004 -0.225 -0.04 -0.012 -0.145 -0.337 -0.487 -0.384 -0.288 -0.029 0.279 0.7 1.042 1.17 1.191 1.009 0.752 0.748 0.931 1.265 1.511 1.735 1.757 1.676 1.695 1.552 1.219 1.284 1.279 1.331 1.357 1.261 1.192 0.906 0.555 0.432 0.379 0.371 0.578 0.767 0.828 0.711 0.576 0.694 0.77 0.688 0.699 0.92 0.963 0.953
2.14 1.915 1.713 1.49 1.252 1.024 0.759 0.585 0.461 0.366 0.232 0.147 0.184 0.228 0.263 0.269 0.227 0.129 -0.022 -0.099 -0.009 0.208 0.458 0.684 0.778 0.774 0.676 0.775 0.544 0.153 -0.158 -0.032 0.099 -0.071 -0.329 -0.5 -0.494 -0.394 -0.163 0.108 0.419 0.836 1.165 1.17 1.027 0.758 0.706 0.864 1.159 1.448 1.616 1.716 1.726 1.777 1.512 1.45 1.351 1.352 1.35 1.304 1.258 1.06 0.678 0.473 0.505 0.511 0.354 0.502 0.729 0.845 0.811 0.634 0.553 0.698 0.706 0.667 0.779 0.8 0.753
1.709 1.283 1.075 0.887 0.716 0.548 0.366 0.243 0.168 0.135 0.114 0.178 0.243 0.309 0.375 0.402 0.341 0.198 0.03 -0.119 0.02 0.302 0.552 0.832 1.085 1.13 1.012 0.974 0.668 0.291 -0.053 0.051 0.155 -0.036 -0.274 -0.467 -0.51 -0.47 -0.311 -0.04 0.254 0.652 1.001 1.039 0.896 0.682 0.686 0.826 1.108 1.419 1.556 1.759 1.861 1.684 1.571 1.577 1.416 1.378 1.301 1.185 1.052 0.83 0.517 0.445 0.53 0.589 0.499 0.494 0.724 0.857 0.856 0.711 0.511 0.603 0.695 0.717 0.717 0.747 0.619
1.082 0.761 0.547 0.413 0.313 0.236 0.22 0.21 0.2 0.197 0.195 0.274 0.342 0.398 0.462 0.516 0.425 0.289 0.102 -0.102 -0.013 0.179 0.396 0.728 1.145 1.44 1.325 1.074 0.625 0.25 0.048 0.193 0.205 0.015 -0.223 -0.427 -0.518 -0.512 -0.42 -0.124 0.229 0.583 0.816 0.835 0.702 0.56 0.619 0.771 1.046 1.288 1.56 1.706 1.715 1.568 1.609 1.582 1.391 1.235 1.165 1.069 1.011 0.733 0.405 0.428 0.525 0.66 0.673 0.567 0.685 0.846 0.871 0.755 0.582 0.51 0.652 0.756 0.749 0.805 0.633
0.569 0.399 0.301 0.23 0.22 0.266 0.364 0.399 0.352 0.367 0.354 0.401 0.471 0.516 0.584 0.509 0.397 0.248 0.063 -0.11 -0.027 0.145 0.373 0.728 1.166 1.541 1.459 1.117 0.557 0.228 0.241 0.335 0.24 0.062 -0.178 -0.392 -0.51 -0.537 -0.485 -0.198 0.119 0.372 0.636 0.633 0.523 0.415 0.456 0.651 0.858 1.122 1.388 1.495 1.533 1.604 1.585 1.381 1.156 0.89 0.862 0.794 0.717 0.453 0.308 0.461 0.535 0.703 0.807 0.692 0.65 0.858 0.876 0.812 0.696 0.499 0.596 0.757 0.791 0.773 0.667
0.331 0.364 0.399 0.317 0.427 0.517 0.62 0.657 0.551 0.573 0.523 0.493 0.606 0.584 0.499 0.395 0.265 0.113 -0.046 -0.091 0.079 0.334 0.562 0.911 1.341 1.576 1.372 1.057 0.515 0.326 0.431 0.371 0.251 0.099 -0.126 -0.346 -0.495 -0.551 -0.525 -0.319 -0.093 0.196 0.491 0.46 0.381 0.262 0.29 0.534 0.707 1.014 1.192 1.36 1.464 1.422 1.255 1.065 0.854 0.554 0.453 0.43 0.376 0.187 0.243 0.422 0.567 0.737 0.896 0.809 0.669 0.797 0.849 0.876 0.833 0.654 0.558 0.672 0.721 0.694 0.76
0.389 0.575 0.638 0.546 0.661 0.833 0.91 0.904 0.776 0.798 0.724 0.639 0.648 0.541 0.411 0.271 0.122 -0.01 -0.095 -0.025 0.141 0.436 0.729 1.025 1.397 1.5 1.245 0.892 0.462 0.408 0.483 0.385 0.263 0.106 -0.109 -0.313 -0.473 -0.554 -0.552 -0.417 -0.181 0.021 0.299 0.317 0.23 0.102 0.147 0.425 0.716 0.88 1.005 1.027 1.11 0.988 0.835 0.689 0.483 0.242 0.076 0.088 0.095 0.133 0.211 0.376 0.546 0.726 0.923 0.893 0.79 0.859 0.783 0.888 0.932 0.744 0.66 0.692 0.774 0.745 0.818
0.554 0.734 0.799 0.839 0.869 1.155 1.224 1.166 1.034 0.998 0.929 0.826 0.694 0.503 0.336 0.165 0.032 -0.074 -0.055 0.069 0.205 0.45 0.753 1.042 1.322 1.423 1.177 0.796 0.445 0.534 0.506 0.407 0.285 0.124 -0.073 -0.272 -0.435 -0.546 -0.571 -0.518 -0.355 -0.125 0.099 0.12 0.036 -0.04 0.025 0.255 0.566 0.67 0.758 0.707 0.71 0.616 0.417 0.325 0.131 -0.058 -0.155 -0.098 -0.011 0.22 0.262 0.352 0.528 0.69 0.859 0.854 0.932 0.999 0.848 0.879 0.982 0.833 0.833 0.825 0.835 0.814 0.877
0.657 0.807 0.967 1.07 1.117 1.446 1.487 1.428 1.325 1.25 1.048 0.903 0.691 0.49 0.267 0.101 -0.019 -0.063 0.072 0.279 0.317 0.501 0.818 1.103 1.355 1.353 1.116 0.729 0.488 0.62 0.527 0.408 0.283 0.128 -0.041 -0.232 -0.404 -0.502 -0.473 -0.493 -0.464 -0.329 -0.139 -0.132 -0.166 -0.108 -0.076 0.089 0.351 0.455 0.427 0.375 0.318 0.291 0.094 -0.009 -0.182 -0.275 -0.22 -0.093 0.061 0.256 0.346 0.339 0.521 0.721 0.787 0.861 1.005 1.005 0.976 0.943 1.024 0.849 0.833 0.799 0.793 0.824 0.834
0.726 0.848 1.04 1.269 1.358 1.657 1.758 1.712 1.579 1.473 1.187 0.93 0.672 0.446 0.216 0.075 0.005 0.008 0.219 0.443 0.547 0.545 0.837 1.16 1.394 1.248 0.974 0.632 0.596 0.656 0.52 0.374 0.248 0.125 -0.029 -0.163 -0.313 -0.423 -0.341 -0.277 -0.255 -0.27 -0.26 -0.229 -0.225 -0.169 -0.18 -0.091 0.086 0.148 0.089 0.021 -0.003 -0.03 -0.175 -0.272 -0.342 -0.294 -0.143 -0.016 0.121 0.261 0.362 0.398 0.548 0.637 0.773 0.891 0.832 0.878 0.923 0.985 0.914 0.767 0.728 0.654 0.68 0.679 0.669
0.852 0.959 1.154 1.337 1.523 1.745 1.892 1.874 1.773 1.573 1.254 0.932 0.604 0.365 0.208 0.176 0.112 0.089 0.35 0.591 0.76 0.765 0.902 1.218 1.371 1.151 0.811 0.566 0.634 0.661 0.549 0.367 0.238 0.159 0.129 0.123 -0.118 -0.329 -0.273 -0.065 0.012 -0.039 -0.053 -0.106 -0.175 -0.231 -0.265 -0.249 -0.165 -0.16 -0.209 -0.25 -0.25 -0.275 -0.321 -0.369 -0.391 -0.245 -0.104 -0.02 0.067 0.235 0.339 0.407 0.447 0.544 0.685 0.703 0.654 0.84 0.85 0.841 0.78 0.689 0.556 0.568 0.575 0.556 0.524
1.19 0.961 1.071 1.273 1.567 1.797 1.96 1.967 1.789 1.49 1.13 0.793 0.481 0.351 0.341 0.42 0.256 0.165 0.407 0.639 0.849 0.969 1.08 1.374 1.32 1.064 0.712 0.724 0.679 0.67 0.712 0.533 0.447 0.456 0.486 0.445 0.133 -0.239 -0.218 -0.057 0.119 0.153 0.25 0.216 0.061 -0.148 -0.296 -0.351 -0.369 -0.387 -0.388 -0.371 -0.329 -0.293 -0.233 -0.259 -0.372 -0.3 -0.196 -0.159 -0.071 0.091 0.159 0.241 0.392 0.53 0.495 0.423 0.527 0.718 0.745 0.743 0.797 0.781 0.524 0.401 0.402 0.418 0.423
1.61 1.116 0.984 1.258 1.565 1.799 1.955 1.971 1.815 1.446 1.003 0.65 0.499 0.529 0.594 0.67 0.421 0.202 0.347 0.592 0.873 1.122 1.319 1.422 1.25 0.931 0.797 0.887 0.873 0.758 0.938 0.848 0.82 0.811 0.783 0.576 0.246 -0.177 -0.15 0.063 0.296 0.389 0.551 0.526 0.331 0.07 -0.19 -0.347 -0.387 -0.369 -0.349 -0.29 -0.168 -0.102 0.066 0.022 -0.117 -0.285 -0.324 -0.225 -0.079 -0.007 0.053 0.23 0.283 0.278 0.26 0.241 0.454 0.622 0.637 0.783 0.89 0.832 0.628 0.355 0.255 0.187 0.193
1.789 1.333 1.051 1.344 1.675 1.882 1.977 2.003 1.893 1.468 0.964 0.686 0.666 0.812 0.831 0.856 0.596 0.293 0.393 0.711 1.016 1.306 1.412 1.388 1.159 0.883 0.884 0.982 1.017 0.956 1.222 1.197 1.118 0.999 0.828 0.552 0.219 -0.149 -0.17 0.072 0.387 0.59 0.756 0.734 0.587 0.309 -0.013 -0.252 -0.284 -0.173 -0.162 -0.043 0.089 0.152 0.369 0.311 0.291 0.058 -0.212 -0.254 -0.122 -0.033 -0.06 -0.011 -0.021 0.01 0.05 0.147 0.322 0.468 0.571 0.754 0.875 0.83 0.665 0.522 0.354 0.129 -0.033
1.859 1.57 1.366 1.455 1.801 1.986 1.97 1.916 1.78 1.366 0.955 0.917 0.894 0.971 1.111 1.054 0.818 0.423 0.532 0.739 0.959 1.326 1.458 1.42 1.134 0.984 1.017 1.102 1.131 1.176 1.345 1.278 1.163 1.027 0.821 0.49 0.099 -0.184 -0.158 0.058 0.368 0.7 0.888 0.907 0.808 0.526 0.177 -0.113 -0.198 -0.032 0.016 0.123 0.297 0.394 0.607 0.579 0.564 0.476 0.111 -0.128 -0.181 -0.185 -0.22 -0.154 -0.043 0.071 0.12 0.115 0.288 0.448 0.566 0.736 0.854 0.83 0.709 0.659 0.496 0.233 -0.026
2.095 1.96 1.867 1.682 1.887 2.041 2.026 1.912 1.621 1.316 1.052 1.117 1.174 1.144 1.298 1.205 0.893 0.465 0.571 0.774 0.895 1.238 1.426 1.384 1.121 1.06 1.174 1.212 1.223 1.329 1.378 1.303 1.216 1.018 0.749 0.388 0.019 -0.186 -0.073 0.136 0.42 0.781 1.008 1.052 0.989 0.714 0.35 -0.014 -0.184 -0.066 0.081 0.229 0.41 0.55 0.78 0.805 0.733 0.715 0.434 0.126 -0.093 -0.181 -0.147 -0.029 0.06 0.139 0.198 0.121 0.27 0.456 0.622 0.733 0.82 0.86 0.794 0.686 0.46 0.2 -0.033
2.336 2.282 2.158 1.934 1.945 2.101 2.012 1.892 1.819 1.489 1.206 1.263 1.345 1.437 1.415 1.197 0.85 0.45 0.505 0.827 1.021 1.27 1.382 1.347 1.091 1.079 1.227 1.21 1.224 1.332 1.358 1.335 1.248 1.022 0.685 0.324 -0.017 -0.156 0.033 0.275 0.503 0.859 1.097 1.205 1.193 0.876 0.442 0.054 -0.188 -0.109 0.026 0.212 0.465 0.65 0.826 0.94 0.882 0.927 0.746 0.508 0.163 -0.066 -0.06 -0.009 0.034 0.114 0.189 0.146 0.244 0.435 0.604 0.68 0.71 0.773 0.717 0.55 0.305 0.04 -0.158
2.325 2.264 2.177 2.029 2.049 2.175 2.095 2.053 1.991 1.56 1.341 1.407 1.517 1.525 1.374 1.149 0.746 0.435 0.518 0.747 0.999 1.227 1.335 1.316 1.07 1.076 1.209 1.177 1.193 1.289 1.317 1.294 1.25 1.061 0.749 0.309 -0.044 -0.137 0.057 0.321 0.566 0.88 1.145 1.222 1.154 0.872 0.473 0.11 -0.171 -0.2 -0.095 0.021 0.309 0.562 0.779 0.932 0.949 1.105 0.975 0.823 0.502 0.089 0.081 0.038 0.017 0.073 0.15 0.185 0.264 0.436 0.508 0.558 0.548 0.575 0.536 0.332 0.083 -0.103 -0.184
2.216 2.16 2.118 2.101 2.167 2.249 2.107 2.006 1.865 1.548 1.547 1.673 1.64 1.497 1.328 1.025 0.653 0.483 0.6 0.748 0.859 1.112 1.281 1.284 1.074 1 1.122 1.161 1.207 1.298 1.354 1.326 1.289 1.132 0.793 0.265 -0.062 -0.094 0.064 0.261 0.578 0.979 1.136 1.158 1.07 0.874 0.561 0.205 -0.128 -0.263 -0.23 -0.067 0.141 0.329 0.597 0.814 0.927 1.116 1.064 0.964 0.677 0.246 0.199 0.146 0.087 0.094 0.164 0.246 0.285 0.345 0.383 0.431 0.45 0.408 0.296 0.082 -0.087 -0.149 -0.077
2.294 2.26 2.192 2.116 2.267 2.292 2.279 2.063 1.774 1.681 1.753 1.782 1.636 1.497 1.253 0.949 0.759 0.633 0.591 0.781 0.861 1.107 1.244 1.271 1.105 0.992 1.105 1.16 1.219 1.32 1.37 1.383 1.317 1.101 0.751 0.241 -0.058 -0.032 0.126 0.278 0.53 0.937 1.096 1.094 1.127 0.995 0.688 0.291 -0.064 -0.278 -0.317 -0.163 -0.045 0.097 0.396 0.579 0.754 0.978 1.023 0.931 0.746 0.388 0.197 0.099 0.077 0.101 0.163 0.176 0.172 0.185 0.223 0.247 0.259 0.243 0.051 -0.107 -0.149 -0.052 0.053
2.181 2.085 2.041 2.07 2.113 2.207 2.246 2.082 1.947 1.829 1.899 1.846 1.672 1.453 1.204 1.073 1.013 0.842 0.595 0.75 0.927 1.09 1.179 1.196 1.142 1.128 1.173 1.171 1.156 1.197 1.211 1.232 1.153 1.004 0.73 0.257 -0.009 0.031 0.169 0.345 0.568 0.882 1.053 1.153 1.234 1.086 0.768 0.355 0.065 -0.178 -0.363 -0.294 -0.205 -0.097 0.137 0.339 0.572 0.886 0.97 0.925 0.809 0.563 0.413 0.197 0.08 0.052 0.082 0.097 0.121 0.156 0.199 0.221 0.148 -0.026 -0.141 -0.165 -0.039 0.111 0.192
