data/climatemaps/RS_maps/climate_breeding_tmp_2019.asc
NCOLS 369 
NROWS 228 
XLLCORNER 479000 
YLLCORNER 73000 
CELLSIZE 1000 
NODATA_value -9 
[rows 102 to 135 of 228, columns 154 to 230 of 369]
0.379 0.223 0.155 0.079 0.164 0.252 0.355 0.459 0.534 0.578 0.571 0.332 -0.154 -0.277 -0.043 0.065 -0.094 -0.379 -0.438 -0.045 -0.176 -0.429 -0.51 -0.424 -0.352 -0.166 0.237 0.524 0.77 0.912 0.983 0.904 0.793 0.865 0.462 -0.174 -0.218 -0.135 0.355 0.909 0.673 0.085 -0.289 -0.431 -0.166 -0.363 -0.499 -0.271 0.08 -0.172 -0.486 -0.634 -0.082 0.796 1.056 1.058 0.836 0.077 -0.529 -0.643 -0.658 -0.727 -0.773 -0.93 -1.17 -1.232 -0.922 -0.505 -0.287 -0.902 -0.926 -0.67 -0.469 0.128 -0.268 -0.858 -0.932
0.317 0.214 0.06 0.015 0.21 0.341 0.466 0.511 0.448 0.384 0.526 0.228 -0.272 -0.212 -0.079 -0.207 -0.242 -0.274 -0.102 -0.162 -0.453 -0.461 -0.291 -0.2 -0.092 -0.039 0.09 0.423 0.71 0.909 0.957 0.831 0.809 0.732 0.133 -0.481 -0.254 0.114 0.551 0.89 0.692 0.276 -0.059 -0.413 -0.376 -0.504 -0.704 -0.583 -0.348 -0.474 -0.576 -0.535 -0.078 0.471 0.884 1.058 0.92 0.379 -0.207 -0.479 -0.89 -1.025 -0.968 -1.2 -1.225 -0.994 -0.827 -0.539 -0.58 -0.91 -0.966 -0.964 -0.813 -0.066 -0.296 -0.836 -0.937
0.315 0.257 0.127 0.182 0.334 0.432 0.428 0.316 0.116 0.004 0.352 0.193 -0.089 -0.205 -0.362 -0.573 -0.403 -0.35 -0.255 -0.462 -0.482 -0.29 -0.349 -0.296 -0.321 -0.339 -0.087 0.443 0.763 0.952 0.916 0.827 0.769 0.569 0.22 -0.213 -0.063 0.152 0.353 0.802 0.642 0.034 -0.164 -0.302 -0.583 -0.826 -1.039 -0.903 -0.657 -0.363 -0.062 0.079 0.252 0.37 0.733 1.058 1.044 0.795 0.234 -0.158 -0.658 -0.892 -0.962 -1.114 -1.101 -0.99 -0.777 -0.593 -0.987 -1.126 -1.164 -1.254 -0.975 -0.31 -0.146 -0.443 -0.851
0.457 0.301 0.231 0.258 0.395 0.378 0.273 0.03 -0.238 -0.189 0.329 0.173 -0.057 -0.383 -0.777 -0.571 -0.637 -0.525 -0.351 -0.51 -0.383 -0.406 -0.555 -0.438 -0.395 -0.204 0.215 0.589 0.884 0.964 0.869 0.831 0.712 0.361 0.001 -0.236 -0.149 -0.188 0.063 0.74 0.521 -0.249 -0.603 -0.663 -0.93 -1.05 -0.983 -0.693 -0.37 0.106 0.062 -0.039 0.261 0.138 0.713 1.058 1.059 0.875 0.073 -0.391 -0.63 -0.711 -0.701 -0.754 -0.808 -1.056 -1.006 -0.869 -1.131 -1.333 -1.127 -0.949 -0.705 -0.454 -0.454 -1.11 -1.239
0.411 0.461 0.395 0.374 0.417 0.283 0.062 -0.376 -0.399 0.002 0.362 0.215 -0.13 -0.602 -0.709 -0.73 -0.835 -0.538 -0.453 -0.404 -0.471 -0.479 -0.347 -0.193 -0.063 0.102 0.401 0.705 0.946 0.932 0.843 0.743 0.58 0.181 -0.322 -0.498 -0.333 -0.217 0.303 0.787 0.459 -0.047 -0.4 -0.746 -1.137 -1.113 -0.791 -0.478 -0.251 0.096 -0.488 -0.294 -0.043 -0.007 0.664 1.047 1.058 0.927 0.202 -0.43 -0.577 -0.36 -0.313 -0.417 -0.521 -0.886 -1.092 -1.193 -1.399 -1.431 -1.28 -0.944 -0.704 -0.727 -0.723 -1.221 -1.265
0.281 0.397 0.436 0.426 0.291 0.127 -0.227 -0.569 -0.31 -0.061 0.283 0.194 -0.347 -0.537 -0.658 -0.834 -0.793 -0.565 -0.431 -0.309 -0.446 -0.336 -0.105 0.066 0.231 0.373 0.58 0.849 0.958 0.882 0.783 0.608 0.432 0.027 -0.524 -0.737 -0.441 -0.038 0.668 0.649 0.179 0.303 0.006 -0.455 -0.746 -0.861 -0.816 -0.697 -0.485 -0.111 -0.674 -0.258 -0.212 -0.4 0.245 0.937 1.054 1.04 0.814 0.179 0.088 0.205 0.173 -0.015 -0.107 -0.427 -0.562 -0.726 -0.919 -1.291 -1.512 -1.118 -1.059 -1.109 -1.265 -1.422 -0.945
0.233 0.386 0.38 0.408 0.162 -0.156 -0.422 -0.407 -0.235 -0.115 0.268 0.191 -0.492 -0.352 -0.457 -0.626 -0.703 -0.581 -0.423 -0.336 -0.174 -0.051 0.128 0.304 0.436 0.549 0.789 0.949 0.927 0.807 0.716 0.522 0.176 -0.319 -0.727 -0.742 -0.377 0.178 0.763 0.553 0.147 0.241 0.022 -0.475 -0.796 -1.168 -0.918 -0.661 -0.3 -0.326 -0.836 -0.302 -0.578 -1.063 -0.164 0.589 1.007 1.043 1.018 0.845 0.718 0.652 0.544 0.452 0.319 0.042 -0.127 -0.245 -0.478 -0.673 -0.84 -0.861 -0.919 -1.054 -1.322 -1.234 -0.69
0.191 0.357 0.417 0.407 0.112 -0.228 -0.255 -0.19 -0.167 0.034 0.244 0.23 -0.16 -0.152 -0.326 -0.565 -0.668 -0.642 -0.547 -0.46 -0.062 0.2 0.394 0.545 0.664 0.807 0.94 0.968 0.891 0.719 0.635 0.25 -0.268 -0.621 -0.858 -0.883 -0.342 0.426 0.773 0.416 -0.113 -0.448 -0.415 -0.707 -1.01 -1.283 -1.102 -0.846 -0.396 -0.81 -1.453 -1.118 -1.34 -1.156 -0.217 0.213 0.711 1.025 1.013 0.979 0.734 0.412 0.214 0 0.163 0.203 0.131 0.039 -0.053 -0.145 -0.2 -0.315 -0.487 -0.894 -1.078 -1.051 -0.833
0.193 0.313 0.44 0.246 0.034 -0.024 -0.047 -0.134 -0.285 -0.183 0.076 0.251 0.03 -0.11 -0.309 -0.573 -0.487 -0.601 -0.436 -0.227 0.041 0.347 0.612 0.784 0.892 0.956 0.962 0.912 0.753 0.474 0.407 0.313 -0.063 -0.192 -0.61 -0.837 -0.018 0.642 0.523 -0.15 -0.7 -1.15 -0.942 -1.024 -1.203 -1.561 -1.474 -1.497 -0.911 -1.122 -1.846 -1.702 -1.202 -0.396 -0.095 -0.255 0.314 0.913 1.019 0.922 0.501 0.089 0.067 -0.348 -0.444 -0.403 -0.409 -0.163 0.166 -0.199 -0.322 -0.393 -0.626 -1.116 -1.377 -1.278 -1.172
0.123 0.273 0.39 -0.004 -0.23 -0.163 -0.101 -0.327 -0.589 -0.464 0.047 0.137 -0.229 -0.352 -0.325 -0.589 -0.385 -0.36 -0.195 0.08 0.262 0.545 0.835 0.92 0.961 0.962 0.865 0.705 0.413 0.098 -0.218 0.248 0.315 -0.133 -0.628 -0.496 0.046 0.581 0.339 -0.24 -0.804 -1.454 -1.386 -1.303 -1.4 -1.655 -1.656 -1.781 -1.684 -1.523 -1.725 -1.83 -1.002 -0.396 -0.542 -0.397 0.231 0.767 1.002 0.662 0.269 0.014 -0.134 -0.418 -0.857 -0.943 -1.026 -0.597 -0.031 -0.712 -0.927 -0.931 -1.103 -1.285 -1.799 -1.718 -1.78
0.085 0.285 0.21 -0.052 -0.274 -0.343 -0.303 -0.801 -0.714 -0.358 0.085 -0.011 -0.512 -0.556 -0.417 -0.597 -0.372 -0.147 0.029 0.299 0.516 0.739 0.887 0.941 0.959 0.832 0.552 0.35 -0.022 -0.378 -0.64 -0.062 0.36 -0.069 -0.535 -0.395 -0.304 0.339 0.462 -0.193 -0.702 -1.037 -0.951 -0.88 -1.195 -1.355 -1.509 -1.753 -1.73 -1.53 -1.774 -1.737 -1.019 -0.624 -0.609 -0.379 0.039 0.624 0.988 0.405 -0.277 -0.45 -0.447 -0.723 -1.198 -1.243 -0.871 -0.464 -0.229 -0.954 -1.326 -1.443 -1.452 -1.618 -2.13 -2.144 -2.247
0.247 0.165 -0.112 -0.097 -0.165 -0.371 -0.691 -0.899 -0.543 -0.193 0.077 -0.095 -0.639 -0.759 -0.649 -0.551 -0.335 -0.086 0.043 0.124 0.48 0.831 0.896 0.932 0.765 0.429 -0.009 -0.13 -0.359 -0.775 -0.478 0.26 0.262 -0.239 -0.788 -0.911 -0.757 -0.089 0.381 -0.029 -0.418 -0.59 -0.251 -0.539 -1.21 -1.451 -1.668 -1.507 -1.193 -1.018 -1.405 -1.363 -1.001 -0.641 -0.651 -0.591 -0.193 0.458 0.967 0.575 -0.38 -0.984 -1.03 -1.208 -1.285 -1.206 -0.842 -0.369 -0.379 -0.978 -1.476 -1.761 -1.934 -2.044 -2.113 -2.109 -2.2
0.215 -0.099 -0.198 -0.08 -0.174 -0.468 -0.974 -0.745 -0.4 -0.151 0.004 -0.009 -0.254 -0.583 -0.699 -0.453 -0.238 -0.246 -0.163 0.052 0.428 0.76 0.838 0.902 0.484 0.243 -0.281 -0.629 -0.804 -0.735 -0.198 0.261 0.004 -0.504 -1.053 -1.09 -0.802 -0.046 0.303 0.05 -0.091 -0.087 0.061 -0.583 -1.286 -1.413 -1.634 -1.161 -0.843 -0.915 -1.163 -1.454 -1.277 -1.176 -1.046 -0.781 -0.389 0.273 0.858 0.865 0.059 -0.727 -1.063 -1.376 -1.265 -1.143 -0.9 -0.413 -0.647 -1.37 -1.792 -1.786 -1.967 -2.181 -1.964 -1.907 -2.08
0.21 0.113 0.112 0.045 -0.167 -0.644 -0.919 -0.603 -0.309 -0.184 -0.223 -0.098 -0.022 -0.175 -0.469 -0.508 -0.456 -0.511 -0.427 -0.328 0.105 0.276 0.592 0.652 -0.049 -0.087 -0.019 -0.624 -0.993 -0.608 -0.337 0.194 -0.174 -0.824 -1.224 -0.895 -0.443 -0.139 0.147 0.172 0.182 0.199 0.105 -0.491 -1.002 -1.208 -1.537 -1.054 -0.725 -1.204 -1.576 -1.601 -1.253 -1.054 -0.588 -0.182 0.03 0.253 0.519 0.926 0.532 -0.11 -0.61 -1.078 -1.202 -1.648 -1.45 -1.192 -1.647 -1.889 -1.739 -1.383 -1.332 -1.759 -1.799 -1.846 -2.062
0.299 0.298 0.29 0.266 0.059 -0.534 -0.682 -0.388 -0.201 -0.226 -0.347 -0.334 -0.208 -0.095 -0.192 -0.325 -0.444 -0.714 -0.72 -0.34 -0.198 0.147 0.6 0.319 -0.531 -0.292 0.034 -0.434 -0.934 -0.788 -0.335 0.158 -0.318 -0.893 -1.331 -1.423 -0.785 -0.346 -0.215 -0.129 -0.022 -0.042 0.087 -0.045 -0.423 -0.991 -1.123 -0.649 -0.755 -1.694 -1.887 -1.237 -0.813 -0.659 -0.558 -0.256 -0.238 -0.325 0.047 0.723 0.864 0.414 -0.323 -1.033 -1.484 -1.885 -1.675 -1.661 -1.629 -1.617 -1.372 -0.877 -1.259 -1.556 -1.781 -1.89 -1.928
0.031 0.02 0.038 0.075 0.113 -0.012 -0.104 -0.106 -0.235 -0.261 -0.401 -0.526 -0.418 -0.356 -0.353 -0.45 -0.495 -0.823 -0.781 -0.494 -0.299 0.412 0.612 0.115 -0.651 -0.288 -0.193 -0.514 -0.86 -0.696 -0.088 0.015 -0.463 -0.902 -1.273 -1.576 -1.365 -0.78 -0.594 -0.528 -0.368 -0.584 -0.378 -0.146 -0.109 -0.463 -0.48 -0.369 -0.917 -1.784 -1.753 -1.194 -1.027 -0.888 -1.115 -1.005 -1.065 -0.843 -0.379 0.387 0.912 0.575 -0.284 -1.271 -1.795 -1.569 -1.396 -1.256 -1.115 -0.952 -0.616 -0.883 -1.762 -2.013 -2.103 -1.555 -1.557
-0.289 -0.369 -0.447 -0.431 -0.394 -0.161 0.006 -0.187 -0.331 -0.418 -0.528 -0.765 -0.902 -0.91 -0.877 -0.933 -0.85 -0.977 -0.737 -0.484 -0.017 0.56 0.533 0.058 -0.627 -0.354 -0.536 -0.762 -0.892 -0.749 -0.282 -0.396 -0.721 -1.166 -1.344 -1.437 -1.446 -1.298 -1.028 -0.806 -0.795 -1.147 -1.059 -0.925 -0.278 -0.292 -0.487 -0.823 -1.368 -1.946 -1.929 -1.694 -1.655 -1.583 -1.644 -1.385 -1.059 -1.075 -0.686 -0.055 0.75 0.646 -0.181 -1.068 -1.309 -1.089 -1.118 -0.89 -0.614 -0.338 -0.492 -1.279 -1.978 -1.894 -1.908 -1.686 -1.139
-0.794 -0.942 -0.884 -0.684 -0.386 -0.08 -0.126 -0.354 -0.536 -0.755 -0.828 -0.837 -1.022 -1.034 -0.857 -0.873 -0.911 -0.883 -0.558 -0.163 0.353 0.62 0.419 -0.128 -0.593 -0.402 -0.625 -1.019 -1.033 -0.781 -0.714 -0.908 -1.003 -1.199 -1.127 -1.048 -1.108 -1.315 -1.297 -1.139 -1.119 -1.491 -1.802 -1.483 -0.881 -0.952 -1.093 -1.596 -1.948 -2.108 -2.122 -1.934 -1.842 -1.909 -1.62 -1.342 -1.02 -0.791 -0.737 -0.115 0.754 0.622 -0.077 -0.621 -0.465 -0.402 -0.44 -0.247 -0.129 -0.406 -0.812 -1.216 -1.76 -1.687 -1.4 -1.605 -1.173
-0.678 -0.819 -0.642 -0.469 -0.279 -0.104 -0.319 -0.616 -0.832 -0.864 -0.65 -0.362 -0.424 -0.427 -0.302 -0.323 -0.353 -0.678 -0.555 -0.012 0.349 0.462 0.129 -0.431 -0.782 -0.665 -0.587 -1.103 -1.132 -0.915 -0.904 -0.99 -1.039 -1.027 -0.804 -0.784 -0.927 -1.049 -1.239 -1.484 -1.65 -1.761 -2.074 -1.763 -1.627 -1.732 -1.692 -1.773 -1.759 -1.74 -1.947 -1.786 -1.399 -1.693 -1.676 -1.275 -1.074 -0.598 -0.247 0.139 0.761 0.658 0.445 0.252 0.174 0.056 -0.045 -0.193 -0.613 -1.229 -1.386 -1.229 -1.754 -1.797 -1.238 -1.122 -0.989
-0.532 -0.639 -0.5 -0.382 -0.326 -0.216 -0.569 -0.771 -0.59 -0.268 0.031 0.19 0.225 0.216 0.238 0.159 0.186 -0.213 -0.409 -0.062 0.195 0.219 -0.116 -0.46 -0.7 -0.749 -0.773 -1.021 -1.178 -1.262 -1.044 -1.024 -1.075 -0.771 -0.569 -0.834 -1.111 -1.472 -1.68 -1.672 -1.46 -1.261 -1.559 -1.755 -1.808 -1.763 -1.756 -1.357 -1.071 -1.484 -1.87 -1.752 -1.059 -1.378 -1.393 -0.985 -0.623 -0.332 0.151 0.591 0.638 0.077 -0.142 0.165 0.034 -0.228 -0.454 -0.889 -1.32 -1.791 -1.535 -1.383 -1.947 -1.686 -1.342 -1.061 -0.843
-0.557 -0.608 -0.491 -0.439 -0.339 -0.515 -0.657 -0.402 0.126 0.472 0.648 0.689 0.665 0.64 0.607 0.556 0.564 0.387 0.079 0.121 0.248 0.12 0.044 -0.109 -0.352 -0.54 -0.731 -0.879 -0.884 -1.161 -1.374 -1.146 -0.818 -0.442 -0.812 -1.302 -1.444 -1.45 -1.312 -0.881 -0.735 -1.039 -1.597 -1.978 -1.518 -1.291 -1.395 -1.272 -0.811 -1.419 -1.432 -1.781 -1.082 -0.734 -0.897 -1.126 -0.777 -0.221 0.392 0.51 0.037 -0.659 -0.955 -0.426 -0.22 -0.66 -0.962 -1.436 -1.931 -1.953 -1.427 -1.555 -1.748 -1.518 -1.422 -1.477 -1.296
-0.541 -0.591 -0.515 -0.557 -0.647 -0.571 -0.19 0.312 0.668 0.791 0.814 0.817 0.811 0.799 0.75 0.731 0.736 0.712 0.592 0.575 0.564 0.477 0.331 0.226 -0.017 -0.222 -0.394 -0.652 -0.845 -1.08 -1.251 -0.696 -0.294 -0.671 -1.064 -0.982 -0.665 -0.516 -0.513 -0.624 -1.019 -1.455 -1.723 -1.815 -1.495 -0.904 -0.775 -0.865 -0.714 -0.92 -1.017 -1.281 -1.339 -1.17 -0.697 -0.73 -0.571 0.122 0.492 0.18 -0.554 -1.408 -1.417 -0.75 -0.252 -0.908 -1.343 -1.645 -2.197 -2.09 -1.642 -1.752 -1.748 -1.626 -1.598 -1.545 -1.338
-0.295 -0.423 -0.474 -0.732 -0.696 -0.085 0.452 0.744 0.819 0.819 0.819 0.785 0.689 0.655 0.731 0.757 0.768 0.778 0.774 0.746 0.768 0.773 0.692 0.465 0.197 0.087 -0.206 -0.599 -0.954 -1.105 -0.682 -0.205 -0.486 -0.865 -0.709 -0.265 -0.042 -0.058 -0.143 -0.458 -0.754 -1.164 -1.26 -1.468 -1.199 -0.974 -1.138 -0.885 -0.695 -0.513 -0.536 -0.666 -0.913 -1.185 -1.014 -0.442 -0.3 0.344 0.299 -0.091 -0.901 -1.722 -1.684 -1.011 -0.497 -1.091 -1.704 -1.644 -1.883 -2.058 -1.844 -1.743 -1.67 -1.552 -1.366 -1.245 -0.977
-0.056 -0.215 -0.48 -0.605 -0.118 0.509 0.78 0.825 0.828 0.815 0.652 0.358 0.139 0.049 0.101 0.181 0.074 0.172 0.241 0.272 0.351 0.683 0.792 0.774 0.63 0.315 0.053 -0.339 -0.756 -0.653 -0.165 -0.303 -0.372 -0.149 -0.145 -0.047 -0.471 -0.749 -0.782 -0.718 -0.79 -0.943 -0.942 -1.207 -1.297 -1.288 -1.791 -1.574 -1.342 -0.922 -0.651 -0.325 -0.327 -0.52 -0.874 -0.556 0.136 0.36 -0.387 -0.385 -0.92 -1.518 -1.69 -1.3 -0.926 -1.057 -1.528 -1.301 -1.634 -1.991 -1.69 -1.426 -1.31 -1.173 -1.11 -0.783 -0.616
-0.115 -0.409 -0.356 0.033 0.553 0.8 0.828 0.829 0.785 0.538 0.009 -0.077 -0.257 -0.42 -0.397 -0.656 -0.841 -0.468 -0.41 -0.376 -0.279 0.041 0.461 0.68 0.753 0.67 0.409 -0.05 -0.121 -0.005 0.111 0.181 0.244 0.209 0.075 -0.388 -1.061 -1.386 -1.486 -1.433 -1.306 -1.288 -1.103 -1.372 -1.751 -1.577 -2.065 -2.178 -1.763 -1.549 -1.152 -0.598 -0.403 -0.217 -0.273 -0.231 0.356 -0.074 -0.958 -0.56 -1.08 -1.567 -1.657 -1.443 -1.228 -1.246 -1.548 -1.153 -1.572 -1.767 -1.514 -1.186 -0.87 -0.7 -0.651 -0.25 -0.009
-0.261 0.113 0.391 0.646 0.825 0.838 0.829 0.761 0.378 -0.077 -0.427 -0.187 -0.587 -0.839 -0.947 -0.889 -0.803 -0.751 -1.089 -0.787 -0.848 -0.655 -0.225 0.214 0.457 0.556 0.64 0.493 0.431 0.327 0.211 -0.009 -0.287 -0.375 -0.33 -0.534 -1.245 -1.572 -1.775 -1.895 -1.609 -1.377 -1.432 -1.602 -2.248 -1.831 -1.891 -2.275 -2.025 -1.681 -1.315 -1.049 -1.108 -0.769 -0.229 0.201 0.292 -0.486 -1.243 -0.707 -1.129 -1.475 -1.787 -1.756 -1.563 -1.375 -1.506 -1.138 -1.267 -1.485 -1.216 -0.939 -0.601 -0.291 -0.076 0.138 0.146
0.332 0.679 0.816 0.839 0.838 0.792 0.613 0.301 -0.345 -0.734 -0.702 -0.556 -0.763 -1.159 -1.2 -1.232 -1.321 -1.391 -1.119 -1.041 -1.157 -0.751 -0.323 -0.108 -0.168 0.097 0.494 0.703 0.436 -0.175 -0.523 -0.798 -0.979 -1.194 -1.025 -0.512 -0.853 -1.187 -1.504 -1.889 -1.929 -1.927 -1.931 -2.004 -2.509 -1.898 -1.46 -1.918 -2.095 -1.821 -1.758 -1.544 -1.339 -0.901 -0.293 0.316 -0.097 -0.873 -1.494 -1.015 -1.023 -1.62 -2.01 -1.837 -1.792 -1.236 -1.217 -1.113 -0.821 -1.055 -0.987 -0.643 -0.365 -0.076 0.102 0.107 -0.271
0.78 0.827 0.845 0.838 0.786 0.429 -0.028 -0.179 -0.764 -1.034 -0.88 -0.769 -0.835 -1.386 -1.641 -1.818 -1.715 -1.434 -1.291 -1.245 -1.032 -0.686 -0.269 -0.452 -0.691 -0.492 0.176 0.485 0.437 -0.461 -1.069 -1.264 -1.439 -1.691 -1.501 -1.065 -0.829 -0.777 -1.376 -1.94 -2.313 -2.347 -2.262 -2.308 -2.505 -1.969 -1.358 -1.367 -1.759 -2.039 -2.025 -1.558 -1.202 -0.916 -0.237 0.227 -0.49 -1.199 -1.703 -1.252 -1.151 -1.816 -2.02 -1.592 -1.616 -1.26 -0.851 -0.802 -0.459 -0.579 -0.618 -0.646 -0.324 -0.025 -0.062 -0.156 -0.784
0.857 0.84 0.779 0.65 0.409 -0.189 -0.744 -0.878 -1.032 -1.138 -1.036 -1.046 -0.963 -1.288 -1.661 -1.822 -1.513 -1.256 -1.045 -0.85 -0.623 -0.343 -0.402 -0.972 -1.003 0.017 0.302 -0.024 0.392 -0.036 -0.694 -1.027 -1.256 -1.599 -1.736 -1.512 -1.134 -0.821 -1.419 -2.06 -2.347 -2.118 -2.043 -2.088 -2.255 -2.085 -1.638 -1.289 -1.13 -1.6 -1.805 -1.35 -1.129 -0.976 -0.319 0.153 -0.718 -1.369 -1.796 -1.544 -1.345 -1.8 -1.603 -1.543 -1.031 -0.979 -0.544 -0.326 -0.195 -0.148 -0.11 -0.1 -0.054 -0.108 -0.328 -0.169 -0.414
0.84 0.734 0.507 0.186 -0.255 -0.71 -1.202 -1.162 -1.241 -1.403 -1.495 -1.494 -1.323 -1.449 -1.517 -1.519 -1.32 -1.076 -0.906 -0.584 -0.494 -0.507 -0.703 -1.427 -0.895 0.39 -0.039 -0.674 -0.002 0.277 0.015 -0.559 -0.819 -1.236 -1.67 -1.869 -1.566 -1.3 -1.575 -2.017 -2.371 -1.97 -1.549 -1.532 -1.87 -2.052 -1.963 -1.511 -0.971 -0.903 -1.142 -0.933 -0.68 -0.442 -0.097 0.115 -0.555 -1.081 -1.647 -1.692 -1.547 -1.553 -1.186 -1.31 -0.856 -0.595 -0.342 -0.23 -0.427 -0.286 -0.346 -0.347 -0.482 -0.481 -0.276 -0.158 -0.449
0.722 0.321 -0.004 -0.254 -0.792 -1.01 -1.216 -1.401 -1.454 -1.496 -1.615 -1.452 -1.396 -1.397 -1.236 -1.128 -1.06 -0.923 -0.687 -0.577 -1.011 -1.125 -0.966 -1.492 -0.788 0.287 -0.446 -1.191 -0.507 -0.019 0.211 -0.034 -0.29 -0.878 -1.474 -1.986 -1.973 -1.887 -1.804 -1.977 -2.338 -2.233 -1.562 -1.214 -1.263 -1.658 -1.81 -1.555 -1.248 -0.948 -0.523 -0.299 -0.137 -0.173 -0.098 -0.294 -0.826 -1.296 -1.455 -1.29 -1.181 -1.125 -1.088 -0.965 -0.732 -0.455 -0.441 -0.734 -0.742 -0.47 -0.816 -0.617 -0.864 -0.779 -0.398 -0.294 -0.861
0.554 -0.122 -0.546 -0.75 -0.757 -0.814 -1.032 -1.211 -1.214 -1.095 -1.296 -1.247 -1.182 -1.021 -0.942 -0.772 -0.772 -0.885 -0.82 -1.004 -1.711 -1.669 -1.491 -1.367 -0.745 0.019 -0.746 -1.595 -1.151 -0.708 -0.116 0.132 0.083 -0.495 -1.119 -1.85 -2.191 -2.307 -2.059 -2.102 -2.493 -2.613 -2.074 -1.536 -1.091 -1.016 -1.25 -1.128 -0.847 -0.573 -0.407 -0.516 -0.666 -0.895 -0.327 -0.757 -1.201 -1.273 -1.019 -1.104 -1.361 -1.082 -0.973 -0.654 -0.492 -0.75 -0.969 -1.21 -0.739 -0.739 -1.152 -0.868 -1.242 -1.006 -0.37 -0.428 -1.145
0.639 0.045 -0.567 -0.549 -0.336 -0.395 -0.496 -0.503 -0.678 -0.703 -0.771 -0.7 -0.887 -0.664 -0.547 -0.464 -0.556 -1.001 -1.743 -1.845 -2.149 -2.062 -1.983 -1.464 -0.896 -0.277 -0.688 -1.414 -1.65 -1.126 -0.66 -0.415 -0.06 -0.298 -1.259 -1.824 -1.931 -2.432 -2.242 -2.225 -2.523 -2.712 -2.489 -1.884 -1.463 -1.023 -0.724 -0.706 -0.648 -0.776 -1.002 -1.234 -1.35 -1.106 -0.504 -0.517 -0.842 -0.863 -1.07 -1.476 -1.649 -1.152 -0.767 -0.821 -0.789 -1.298 -1.384 -1.276 -0.761 -1.048 -1.382 -1.195 -1.411 -1.034 -0.415 -0.504 -1.03
0.438 0.456 0.095 0.18 0.277 0.289 0.222 0.185 0.031 -0.169 -0.199 -0.253 -0.471 -0.315 -0.208 -0.208 -0.509 -1.525 -2.499 -2.613 -2.49 -2.314 -2.196 -1.664 -1.249 -0.847 -0.843 -0.991 -1.455 -1.794 -1.477 -1.105 -0.439 -0.289 -1.244 -1.628 -1.707 -2.35 -2.459 -2.3 -2.361 -2.645 -2.496 -1.923 -1.305 -1.111 -1.319 -1.163 -1.387 -1.574 -1.664 -1.621 -1.234 -0.722 -0.294 -0.274 -0.474 -0.719 -1.111 -1.623 -1.663 -1.331 -1.121 -1.252 -0.857 -1.521 -1.584 -1.18 -0.855 -1.295 -1.535 -1.464 -1.211 -0.694 -0.446 -0.74 -1.062
