data/climatemaps/RS_maps/climate_breeding_tmp_2000.asc
NCOLS 369 
NROWS 228 
XLLCORNER 479000 
YLLCORNER 73000 
CELLSIZE 1000 
NODATA_value -9 
[rows 136 to 169 of 228, columns 231 to 307 of 369]
-1.811 -1.926 -2.147 -2.144 -1.792 -1.883 -1.882 -1.872 -1.692 -1.352 -1.393 -1.641 -1.376 -1.276 -1.328 -0.813 -0.755 -1.34 -1.869 -1.873 -1.461 -1.055 -0.51 -0.139 -0.608 -1.163 -1.607 -1.732 -1.473 -1.084 -0.71 -0.967 -1.806 -1.855 -1.542 -1.372 -1.187 -1.033 -0.96 -0.735 -0.452 0.012 0.344 0.056 -0.722 -1.376 -1.477 -1.589 -1.599 -1.345 -1.113 -0.705 -0.317 -0.045 0.147 -0.24 -0.787 -1.09 -1.646 -1.811 -1.808 -1.752 -1.551 -1.98 -1.688 -1.472 -1.028 -0.473 -0.965 -1.174 -1.323 -1.561 -1.73 -1.648 -1.742 -2.138 -2.033
-2.124 -2.195 -2.225 -1.802 -1.436 -1.576 -1.553 -1.518 -1.409 -1.371 -1.554 -1.767 -1.421 -1.186 -1.028 -0.716 -1.065 -1.812 -1.934 -1.542 -1.163 -0.705 -0.259 -0.253 -0.809 -1.214 -1.26 -1.516 -1.457 -1.124 -0.794 -0.859 -1.558 -1.806 -1.594 -1.41 -1.303 -1.142 -1.107 -0.986 -0.61 0.087 0.333 -0.141 -0.788 -1.18 -1.512 -1.882 -1.568 -1.169 -0.869 -0.662 -0.439 -0.203 0.087 -0.057 -0.466 -1.012 -1.412 -1.441 -1.67 -1.783 -1.748 -2.123 -1.89 -1.667 -1.19 -0.647 -1.078 -1.367 -1.516 -1.672 -1.891 -2.025 -1.952 -1.924 -1.754
-1.953 -2.055 -2.026 -1.535 -1.086 -1.538 -1.766 -1.749 -1.537 -1.347 -1.761 -1.897 -1.922 -1.42 -0.9 -0.965 -1.453 -1.883 -1.648 -1.316 -0.884 -0.53 -0.472 -0.586 -0.719 -1.298 -1.322 -1.622 -1.497 -1.23 -0.93 -0.874 -1.513 -1.805 -1.673 -1.567 -1.47 -1.434 -1.331 -1.047 -0.599 0.067 0.262 -0.362 -1.07 -1.287 -1.385 -1.788 -1.491 -1.031 -1.053 -0.946 -0.667 -0.323 -0.008 0.057 -0.251 -0.841 -1.033 -1.043 -1.482 -1.507 -1.61 -1.973 -1.869 -1.503 -1.21 -0.815 -0.817 -0.986 -1.292 -1.612 -1.902 -1.823 -1.624 -1.462 -1.378
-1.386 -1.549 -1.771 -1.597 -0.924 -1.273 -1.628 -1.424 -1.223 -1.269 -1.421 -1.769 -1.96 -1.585 -1.349 -1.303 -1.782 -1.881 -1.535 -1.071 -0.736 -0.748 -1.006 -0.97 -0.636 -1.129 -1.559 -1.679 -1.47 -1.189 -1.098 -1.318 -1.753 -1.866 -1.585 -1.391 -1.25 -1.265 -1.134 -1.006 -0.709 -0.092 0.013 -0.595 -1.27 -1.572 -1.574 -1.695 -1.446 -1.266 -1.399 -1.206 -0.823 -0.378 -0.233 -0.122 -0.007 -0.453 -0.655 -0.703 -1.004 -1.16 -1.427 -1.99 -1.876 -1.53 -1.317 -1.08 -1.171 -1.015 -1.087 -1.225 -1.451 -1.475 -1.469 -1.472 -1.511
-1.32 -1.623 -1.794 -1.271 -0.619 -0.773 -1.237 -1.059 -0.952 -0.893 -1.078 -1.427 -1.945 -1.924 -1.619 -1.622 -1.959 -1.624 -1.167 -0.8 -0.937 -1.183 -1.39 -1.198 -0.719 -1.007 -1.658 -1.754 -1.558 -1.358 -1.427 -1.587 -1.723 -1.787 -1.682 -1.281 -0.92 -0.819 -0.814 -0.972 -0.791 -0.159 0.004 -0.555 -1.048 -1.173 -1.426 -1.681 -1.519 -1.527 -1.543 -1.187 -0.78 -0.482 -0.647 -0.539 -0.134 -0.146 -0.479 -0.797 -1.092 -1.324 -1.32 -1.639 -1.958 -1.777 -1.458 -1.289 -1.635 -1.486 -1.347 -1.375 -1.55 -1.637 -1.673 -1.726 -1.867
-1.567 -1.526 -1.583 -1.168 -0.49 -0.497 -1.08 -0.841 -0.678 -0.854 -1.165 -1.575 -1.905 -1.907 -1.622 -1.614 -1.627 -1.163 -0.924 -0.95 -1.335 -1.527 -1.569 -1.199 -0.839 -1.128 -1.542 -1.826 -1.689 -1.566 -1.484 -1.395 -1.295 -1.447 -1.557 -1.049 -0.598 -0.306 -0.284 -0.377 -0.463 -0.215 -0.325 -0.227 -0.794 -1.313 -1.486 -1.632 -1.725 -1.614 -1.349 -1.056 -0.746 -0.747 -1.072 -0.91 -0.457 -0.235 -0.574 -0.995 -1.218 -1.5 -1.454 -1.391 -1.908 -1.894 -1.642 -1.703 -1.899 -1.758 -1.449 -1.227 -1.128 -0.981 -0.905 -1.016 -1.219
-1.376 -1.069 -0.991 -0.941 -0.336 -0.207 -0.751 -0.663 -0.546 -0.985 -1.503 -1.886 -1.784 -1.364 -1.184 -1.099 -1.076 -0.928 -1.247 -1.367 -1.559 -1.7 -1.464 -1.038 -1.154 -1.544 -1.657 -1.631 -1.502 -1.494 -1.568 -1.367 -1.175 -0.869 -0.86 -0.506 -0.28 -0.282 -0.508 -0.377 -0.494 -0.678 -0.564 -0.257 -0.754 -1.251 -1.615 -1.718 -1.756 -1.475 -1.192 -0.898 -0.827 -1.205 -1.397 -1.008 -0.567 -0.267 -0.654 -1.121 -1.435 -1.727 -1.807 -1.529 -1.776 -2.091 -1.998 -1.964 -1.714 -1.385 -1.244 -1.46 -1.655 -1.464 -1.008 -0.878 -0.716
-1.034 -0.709 -0.467 -0.462 -0.161 -0.112 -0.477 -0.673 -0.932 -1.031 -1.493 -1.962 -1.643 -1.18 -1.384 -1.27 -1.069 -1.019 -1.617 -1.739 -1.696 -1.496 -1.203 -1.225 -1.475 -1.657 -1.46 -1.228 -1.078 -1.137 -1.204 -0.972 -0.754 -0.584 -0.324 -0.366 -0.563 -0.844 -1.067 -0.687 -0.992 -1.03 -0.522 -0.247 -0.761 -1.127 -1.407 -1.589 -1.6 -1.318 -1.119 -0.933 -0.971 -1.592 -1.483 -1.137 -0.655 -0.3 -0.809 -1.283 -1.483 -1.778 -2.264 -2.082 -2.078 -2.119 -1.93 -1.534 -1.33 -1.368 -1.64 -1.966 -1.953 -1.711 -1.399 -1.219 -0.879
-0.979 -0.783 -0.589 -0.507 -0.181 -0.279 -0.646 -0.902 -1.305 -1.404 -1.442 -1.918 -1.5 -1.348 -1.741 -1.579 -1.381 -1.049 -1.68 -2.028 -1.817 -1.542 -1.546 -1.416 -1.269 -1.304 -1.154 -0.811 -0.642 -0.631 -0.607 -0.425 -0.341 -0.364 -0.421 -0.725 -1.03 -1.296 -1.297 -0.827 -1.357 -1.251 -0.656 -0.437 -1.119 -1.301 -1.477 -1.492 -1.478 -1.203 -1.351 -1.179 -1.052 -1.808 -1.737 -1.463 -0.887 -0.389 -0.822 -1.133 -1.354 -1.687 -2.184 -2.329 -2.095 -2.125 -1.665 -1.415 -1.624 -1.621 -2.006 -1.991 -1.952 -1.749 -1.457 -0.87 -0.616
-0.963 -0.777 -0.651 -0.688 -0.231 -0.083 -0.512 -0.843 -1.278 -1.71 -1.738 -2.015 -1.438 -1.541 -1.955 -1.804 -1.491 -1.112 -1.723 -2.063 -1.838 -1.91 -1.69 -1.286 -0.888 -0.805 -0.662 -0.472 -0.419 -0.394 -0.483 -0.678 -0.826 -0.9 -0.715 -0.927 -1.258 -1.546 -1.294 -0.958 -1.594 -1.434 -0.636 -0.556 -1.365 -1.728 -1.776 -1.63 -1.494 -1.344 -1.571 -1.215 -1.316 -1.961 -1.778 -1.392 -0.867 -0.407 -0.749 -0.937 -1.279 -1.734 -1.991 -2.283 -2.035 -1.762 -1.53 -1.754 -1.885 -1.706 -2.087 -1.907 -1.814 -1.677 -1.302 -0.74 -0.55
-0.7 -0.5 -0.25 -0.086 0.115 0.318 -0.407 -1.053 -0.979 -1.513 -1.945 -2.05 -1.36 -1.738 -2.035 -1.725 -1.282 -1.332 -1.733 -2.084 -1.878 -1.704 -1.317 -0.828 -0.515 -0.554 -0.726 -0.994 -0.684 -0.836 -1.4 -1.532 -1.21 -1.046 -0.85 -0.934 -1.428 -1.67 -1.289 -1.282 -1.724 -1.383 -0.619 -0.474 -1.044 -1.59 -1.672 -1.704 -1.593 -1.553 -1.541 -1.258 -1.803 -1.838 -1.472 -1.166 -0.684 -0.413 -0.576 -0.878 -1.137 -1.513 -1.823 -2.358 -2.062 -1.905 -1.739 -2.069 -1.939 -1.92 -2.001 -1.71 -1.541 -1.357 -1.007 -0.651 -0.557
-0.412 -0.272 -0.06 0.124 0.334 0.38 -0.286 -1.143 -0.973 -1.128 -1.694 -2.037 -1.461 -1.921 -2.273 -1.753 -1.431 -1.57 -1.92 -1.696 -1.322 -0.869 -0.605 -0.524 -0.75 -1.142 -1.056 -1.461 -1.031 -0.941 -1.776 -1.578 -1.25 -1.15 -0.993 -0.914 -1.527 -1.856 -1.519 -1.713 -1.699 -1.231 -0.766 -0.556 -0.591 -0.924 -1.119 -1.366 -1.497 -1.581 -1.565 -1.645 -1.878 -1.543 -1.145 -0.911 -0.949 -0.595 -0.621 -0.932 -1.148 -1.428 -1.736 -2.167 -2.126 -2.243 -1.953 -2.073 -1.888 -1.939 -1.958 -1.732 -1.478 -1.235 -0.879 -0.628 -0.623
-0.402 -0.409 -0.425 -0.264 0.175 0.424 -0.117 -1.021 -1.174 -0.982 -1.652 -2.08 -1.638 -2.01 -2.452 -2.015 -1.864 -1.862 -1.832 -1.406 -0.738 -0.745 -0.956 -0.875 -1.124 -1.487 -1.481 -1.744 -1.372 -0.89 -1.497 -1.6 -1.416 -1.425 -1.149 -1.089 -1.601 -1.93 -1.865 -1.855 -1.481 -1 -1.08 -1.113 -0.65 -0.607 -0.964 -1.271 -1.428 -1.524 -1.711 -1.738 -1.468 -1.195 -0.969 -1.224 -1.209 -0.847 -0.536 -0.926 -1.255 -1.458 -1.701 -1.982 -1.965 -2.108 -2.008 -2.072 -1.871 -1.686 -1.753 -1.629 -1.328 -1.007 -0.729 -0.673 -0.711
-0.931 -0.924 -0.844 -0.511 0.034 0.55 0.079 -0.561 -1.037 -0.977 -1.641 -2.169 -2.125 -2.104 -1.928 -1.714 -1.615 -1.664 -1.468 -0.91 -1.052 -1.338 -1.164 -0.985 -1.215 -1.691 -1.621 -1.584 -1.431 -0.975 -1.423 -1.91 -1.709 -1.665 -1.269 -1.217 -1.446 -1.658 -1.768 -1.545 -1.189 -1.016 -1.496 -1.444 -0.785 -0.713 -0.929 -1.505 -1.68 -1.777 -1.759 -1.562 -1.482 -1.463 -1.279 -1.353 -1.518 -1.116 -0.636 -0.743 -1.155 -1.387 -1.663 -1.796 -1.806 -1.932 -1.821 -2.025 -2.071 -1.623 -1.433 -1.272 -1.033 -0.821 -0.673 -0.762 -0.889
-1.19 -0.985 -0.763 -0.403 0.095 0.607 0.405 -0.011 -0.27 -0.779 -1.527 -1.942 -2.441 -2.09 -1.608 -1.638 -1.527 -1.209 -1.079 -1.285 -1.763 -1.561 -1.162 -1.032 -1.183 -1.422 -1.377 -1.55 -1.557 -1.119 -1.624 -2.044 -1.685 -1.455 -1.095 -0.967 -1.033 -1.264 -1.593 -1.429 -1.135 -1.3 -1.75 -1.398 -0.818 -0.886 -0.65 -1.214 -1.521 -1.702 -1.979 -1.955 -2.093 -2.099 -1.503 -1.664 -1.59 -1.21 -0.74 -0.722 -1.159 -1.581 -1.77 -1.698 -1.565 -1.78 -1.659 -1.855 -1.95 -1.869 -1.403 -0.964 -0.783 -0.715 -0.856 -1.166 -1.356
-1.092 -0.68 -0.344 -0.034 0.359 0.659 0.476 -0.29 -0.421 -0.63 -1.224 -1.594 -1.945 -2.121 -2.036 -2.016 -1.827 -1.642 -1.68 -1.838 -1.698 -1.329 -1.022 -0.949 -0.947 -1.147 -1.548 -1.834 -1.515 -1.147 -1.723 -1.883 -1.421 -1.203 -1.062 -0.981 -0.815 -1.072 -1.351 -1.4 -1.276 -1.658 -1.919 -1.416 -0.857 -1.069 -0.743 -0.791 -0.977 -1.296 -1.661 -1.711 -2.014 -2.007 -1.575 -1.903 -1.632 -1.27 -0.897 -0.718 -1.099 -1.471 -1.455 -1.465 -1.321 -1.489 -1.392 -1.425 -1.427 -1.639 -1.227 -0.771 -0.729 -0.902 -1.275 -1.714 -1.845
-0.92 -0.576 -0.074 0.451 0.745 0.759 0.352 -0.592 -1.177 -1.488 -1.398 -1.098 -1.551 -1.977 -2.18 -2.171 -2.183 -1.957 -1.927 -1.821 -1.575 -1.326 -1.029 -0.763 -0.71 -1.009 -1.685 -1.889 -1.561 -1.223 -1.837 -1.883 -1.54 -1.241 -1.016 -0.974 -0.784 -0.96 -0.985 -1.276 -1.616 -2.05 -1.928 -1.384 -0.886 -1.262 -0.914 -0.934 -0.907 -0.927 -1.152 -1.506 -1.788 -1.956 -1.82 -2.034 -1.8 -1.409 -1.14 -0.778 -0.856 -1.115 -1.074 -1.178 -1.27 -1.532 -1.562 -1.536 -1.358 -1.223 -0.939 -0.688 -0.8 -1.239 -1.731 -2.051 -1.754
-0.775 -0.372 -0.034 0.406 0.843 0.742 0.021 -0.963 -1.571 -1.802 -1.295 -0.93 -0.972 -1.398 -1.64 -1.664 -2.101 -1.826 -1.401 -1.523 -1.71 -1.484 -1.143 -0.69 -0.539 -0.796 -1.373 -1.805 -1.536 -1.276 -1.853 -1.975 -1.557 -1.169 -0.644 -0.63 -0.782 -0.824 -0.83 -1.467 -1.889 -1.946 -1.595 -1.098 -1.047 -1.426 -0.798 -1.152 -1.349 -1.094 -0.943 -1.166 -1.505 -1.828 -1.893 -1.994 -1.783 -1.49 -1.106 -0.926 -0.82 -0.977 -1.06 -1.3 -1.42 -1.749 -1.901 -1.79 -1.566 -1.19 -0.765 -0.655 -0.872 -1.51 -2.061 -2.123 -1.367
-0.795 -0.388 -0.024 0.36 0.784 0.782 -0.049 -1.136 -1.329 -1.781 -1.42 -1.061 -0.644 -0.626 -0.93 -1.207 -1.843 -1.856 -1.287 -1.243 -1.704 -1.438 -1.139 -0.742 -0.47 -0.607 -0.869 -1.54 -1.535 -1.639 -1.999 -1.801 -1.301 -0.979 -0.495 -0.416 -0.741 -0.63 -0.73 -1.378 -1.858 -1.705 -1.456 -0.951 -1.118 -1.469 -0.807 -1.193 -1.614 -1.354 -1.242 -1.04 -1.093 -1.321 -1.454 -1.701 -1.683 -1.4 -1.162 -1.146 -0.933 -1.296 -1.422 -1.625 -1.619 -1.975 -2.015 -1.69 -1.251 -0.852 -0.664 -0.755 -1.081 -1.507 -1.997 -1.81 -1.1
-0.991 -0.68 -0.217 0.276 0.663 0.832 0.111 -0.593 -0.864 -1.54 -1.477 -1.144 -0.725 -0.27 -0.681 -1.37 -2.013 -1.759 -1.11 -1.243 -1.616 -1.422 -1.18 -0.81 -0.467 -0.497 -0.673 -1.371 -1.774 -1.852 -1.736 -1.472 -1.221 -0.889 -0.416 -0.141 -0.585 -0.473 -0.739 -1.477 -1.949 -1.669 -1.45 -0.899 -1.153 -1.471 -0.828 -1.265 -1.757 -1.551 -1.551 -1.254 -0.989 -1.309 -1.244 -1.43 -1.705 -1.404 -1.364 -1.254 -1.046 -1.344 -1.619 -1.786 -1.719 -1.707 -1.446 -1.085 -0.76 -0.684 -0.825 -1.079 -1.39 -1.615 -1.857 -1.502 -1.037
-0.98 -1.067 -0.603 -0.028 0.495 0.844 0.561 0.036 -0.446 -1.137 -1.209 -1.019 -0.604 -0.168 -0.468 -1.504 -2.105 -1.555 -0.854 -1.007 -1.156 -1.121 -1.147 -0.888 -0.447 -0.387 -0.339 -0.857 -1.411 -1.491 -1.486 -1.182 -0.933 -0.586 -0.464 -0.168 -0.414 -0.425 -0.75 -1.25 -1.688 -1.711 -1.35 -0.819 -1.29 -1.487 -0.928 -1.167 -1.696 -1.785 -1.708 -1.272 -1.111 -1.668 -1.497 -1.307 -1.682 -1.616 -1.496 -1.205 -1.241 -1.508 -1.722 -1.582 -1.342 -1.096 -0.794 -0.691 -0.705 -0.852 -1.217 -1.481 -1.726 -1.884 -1.804 -1.278 -1.121
-0.513 -1.021 -0.923 -0.412 0.092 0.523 0.882 0.695 0.163 -0.642 -0.604 -0.39 -0.107 0.013 -0.385 -1.334 -1.909 -1.543 -0.856 -0.533 -0.706 -1.061 -1.322 -1.026 -0.47 -0.108 0.027 -0.294 -1.054 -1.619 -1.476 -1.09 -0.866 -0.88 -0.895 -0.3 -0.213 -0.537 -0.775 -1.008 -1.495 -1.582 -1.203 -0.839 -1.473 -1.597 -1.179 -0.95 -1.291 -1.794 -1.728 -1.303 -1.164 -1.727 -1.815 -1.404 -1.655 -1.692 -1.431 -1.314 -1.531 -1.745 -1.658 -1.354 -0.997 -0.772 -0.654 -0.711 -0.795 -1.154 -1.515 -1.688 -2.048 -2.288 -1.867 -1.165 -1.285
-0.026 -0.626 -0.953 -0.73 -0.359 0.022 0.577 0.97 0.724 -0.102 0.015 0.112 -0.119 -0.377 -0.471 -0.836 -1.313 -1.63 -1.069 -0.526 -0.512 -1.279 -1.432 -1.02 -0.781 -0.458 -0.085 0.072 -0.449 -1.465 -1.788 -1.578 -1.27 -1.13 -0.938 -0.317 -0.056 -0.611 -0.856 -1.205 -1.625 -1.647 -1.278 -0.883 -1.484 -1.762 -1.438 -1.111 -1.046 -1.665 -1.794 -1.411 -1.212 -1.693 -1.962 -1.68 -1.86 -1.685 -1.435 -1.461 -1.625 -1.693 -1.296 -0.972 -0.74 -0.666 -0.728 -0.926 -0.971 -1.117 -1.655 -1.855 -2.267 -2.33 -1.798 -1.181 -1.34
0.363 -0.201 -0.633 -0.885 -0.708 -0.265 0.353 0.942 1.002 0.422 0.227 -0.163 -0.29 -0.712 -0.979 -1.156 -1.273 -1.637 -1.203 -0.503 -0.423 -1.216 -1.451 -1.389 -1.235 -0.907 -0.269 0.255 0.019 -0.946 -1.133 -1.603 -1.338 -1.043 -0.745 -0.38 0.137 -0.287 -0.55 -1.034 -1.485 -1.526 -1.377 -1.015 -1.312 -1.851 -1.652 -1.389 -1.01 -1.53 -1.816 -1.507 -1.439 -1.819 -2.018 -1.847 -1.887 -1.619 -1.307 -1.253 -1.185 -1.039 -0.792 -0.684 -0.749 -0.935 -1.16 -1.064 -1.246 -1.006 -1.421 -1.773 -2.301 -2.163 -1.587 -1.318 -1.522
0.795 0.257 -0.24 -0.668 -0.849 -0.416 0.22 0.931 1.123 0.623 -0.124 -0.691 -0.724 -0.62 -0.862 -1.289 -1.597 -1.63 -1.182 -0.483 -0.377 -0.922 -1.155 -1.145 -1.15 -0.59 -0.071 0.438 0.266 -0.527 -1.076 -1.609 -1.248 -0.967 -0.897 -0.652 0.046 0.047 -0.385 -0.695 -1.001 -1.24 -1.543 -1.322 -1.268 -1.822 -1.844 -1.454 -1.041 -1.462 -1.838 -1.651 -1.656 -1.994 -1.922 -1.594 -1.305 -1.149 -0.869 -0.804 -0.611 -0.408 -0.506 -0.677 -0.952 -1.439 -1.6 -1.216 -1.352 -1.103 -1.253 -1.707 -2.208 -1.97 -1.42 -1.532 -1.933
1.04 0.793 0.202 -0.184 -0.7 -0.505 0.143 0.867 1.169 0.662 -0.251 -0.772 -1.012 -1.07 -1.1 -1.26 -1.728 -1.634 -0.987 -0.373 -0.498 -0.749 -0.932 -1.217 -1.211 -0.713 -0.127 0.503 0.408 -0.374 -1.394 -1.776 -1.394 -1.259 -1.101 -0.747 -0.012 0.027 -0.72 -1.047 -1.135 -1.348 -1.774 -1.614 -1.348 -1.836 -1.827 -1.309 -1.26 -1.362 -1.637 -1.825 -1.863 -2.004 -1.762 -1.539 -1.285 -1.126 -1.278 -1.153 -0.481 -0.378 -0.893 -0.91 -0.905 -1.671 -1.902 -1.424 -1.35 -1.33 -1.062 -1.606 -2.212 -2.055 -1.636 -1.765 -2.206
0.763 1.076 0.724 0.391 -0.177 -0.42 0.17 0.919 1.178 0.714 0.271 0.013 -0.267 -0.555 -0.841 -1.297 -1.758 -1.254 -0.666 -0.141 -0.658 -1.246 -1.492 -1.621 -1.266 -0.796 -0.174 0.52 0.514 -0.294 -1.284 -1.923 -1.641 -1.494 -1.324 -0.901 -0.067 0.146 -0.629 -1.227 -1.456 -1.622 -1.987 -1.644 -1.547 -1.971 -1.694 -1.488 -1.546 -1.69 -1.57 -1.777 -1.961 -1.755 -1.868 -1.981 -1.543 -1.327 -1.15 -0.958 -0.356 -0.448 -1.141 -1.273 -0.924 -1.493 -1.968 -1.6 -1.354 -1.588 -1.179 -1.45 -2.209 -2.321 -2.085 -2.192 -2.358
0.032 0.663 1.051 0.992 0.479 -0.025 0.201 0.996 1.123 0.441 0.117 0.21 0.209 -0.001 -0.333 -0.529 -0.962 -1.186 -0.643 -0.057 -0.453 -0.911 -1.344 -1.531 -1.074 -0.491 0.097 0.662 0.366 -0.354 -1.291 -1.917 -1.495 -1.292 -1.43 -0.971 -0.304 0.278 -0.249 -0.725 -1.022 -1.262 -1.804 -1.708 -1.664 -1.719 -1.693 -1.917 -1.776 -1.948 -1.826 -1.962 -1.815 -1.697 -1.587 -1.563 -1.356 -1.042 -0.587 -0.426 -0.208 -0.557 -1.322 -1.587 -1.091 -1.266 -1.928 -1.75 -1.411 -1.876 -1.487 -1.39 -2.037 -2.336 -2.477 -2.503 -2.524
-0.528 0.105 0.559 1.146 1.131 0.698 0.504 1.126 0.922 0.197 -0.617 -0.493 -0.52 -0.377 -0.351 -0.884 -0.925 -1.144 -0.62 0.025 -0.245 -0.916 -1.407 -1.45 -0.993 -0.394 0.409 0.801 0.069 -0.483 -1.246 -1.772 -1.494 -1.173 -1.183 -1.047 -0.432 0.307 0.151 -0.441 -0.75 -1.019 -1.448 -1.46 -1.151 -1.039 -1.336 -1.871 -1.577 -1.352 -1.392 -1.313 -1.11 -1.024 -0.822 -0.796 -0.651 -0.341 -0.106 0.014 -0.2 -0.829 -1.533 -1.704 -1.228 -1.403 -1.817 -1.98 -1.614 -2.055 -1.816 -1.543 -2.098 -2.388 -2.306 -2.175 -2.006
-0.598 -0.527 -0.144 0.573 0.964 1.206 1.164 1.267 0.85 -0.072 -0.897 -1.042 -0.946 -0.701 -0.574 -1.145 -1.243 -1.229 -0.663 0.053 -0.297 -0.777 -1.195 -1.201 -0.791 -0.204 0.566 0.789 0.13 -0.279 -0.923 -1.415 -1.581 -1.268 -0.761 -0.618 -0.45 0.257 0.45 -0.392 -1.022 -1.18 -0.906 -0.853 -0.667 -0.584 -1.267 -1.096 -0.924 -0.605 -0.665 -0.579 -0.505 -0.22 -0.092 -0.081 0.035 0.177 0.14 -0.18 -0.426 -1.203 -1.852 -1.618 -1.367 -1.847 -1.702 -1.928 -1.951 -2.073 -2.177 -1.882 -2.026 -2.22 -2.388 -2.163 -1.849
-1.035 -0.928 -0.398 0.391 0.315 0.588 1.186 1.289 0.934 -0.151 -0.672 -1.179 -1.139 -0.985 -1.087 -1.367 -1.598 -1.211 -0.56 0.169 -0.424 -0.93 -1.189 -0.887 -0.544 0.015 0.758 0.68 0.014 -0.285 -0.476 -0.989 -1.47 -1.242 -0.493 -0.175 -0.041 0.359 0.754 -0.059 -0.675 -0.467 -0.187 -0.127 -0.091 -0.417 -0.661 -0.359 -0.329 0.026 0.03 0.135 0.135 0.358 0.275 0.235 0.148 -0.022 -0.361 -0.803 -0.855 -1.586 -2.084 -1.619 -1.476 -2.056 -1.821 -1.445 -1.915 -2.202 -2.255 -1.62 -1.446 -1.718 -2.001 -1.926 -1.968
-0.942 -0.57 0.081 0.18 -0.33 0.067 0.901 1.283 1.115 -0.128 -0.922 -1.274 -1.241 -1.242 -1.417 -1.697 -1.437 -0.903 -0.326 0.232 -0.412 -0.97 -1.308 -0.967 -0.62 0.199 0.983 0.395 -0.252 -0.723 -0.65 -0.749 -1.364 -1.05 -0.549 -0.563 -0.284 0.276 0.877 0.396 0.005 0.517 0.68 0.62 0.439 0.185 0.307 0.355 0.386 0.529 0.541 0.453 0.425 0.287 -0.037 -0.202 -0.464 -0.759 -1.195 -1.232 -1.171 -1.633 -2.013 -1.683 -1.504 -1.904 -1.738 -1.313 -1.373 -1.678 -1.61 -1.254 -1.02 -1.323 -1.265 -1.43 -1.866
-0.412 -0.047 0.065 -0.392 -0.663 -0.162 0.641 1.226 1.262 0.204 -0.713 -0.712 -0.744 -0.866 -1.173 -1.534 -1.146 -0.636 -0.168 0.305 -0.382 -0.878 -1.291 -0.752 -0.316 0.597 1.018 0.364 -0.043 -0.584 -0.885 -0.939 -1.144 -1.113 -0.919 -0.974 -0.372 0.321 0.866 0.821 0.703 1.081 1.13 1.088 0.975 0.846 0.74 0.684 0.641 0.481 0.313 0.101 -0.084 -0.063 -0.237 -0.416 -0.801 -1.287 -1.744 -1.416 -1.268 -1.675 -1.946 -1.787 -1.593 -1.975 -1.733 -1.298 -0.939 -1.044 -0.872 -0.63 -0.571 -0.724 -0.773 -1.12 -1.548
-0.604 -0.438 -0.424 -0.873 -0.591 -0.006 0.49 1.104 1.305 0.491 -0.326 -0.201 -0.628 -0.811 -1.18 -1.484 -1.202 -0.748 -0.176 0.366 -0.358 -1.088 -1.354 -0.702 0.068 0.916 0.87 0.159 -0.283 -0.216 -0.62 -1.246 -1.349 -1.113 -0.905 -0.899 -0.377 0.058 0.546 1.099 1.25 1.136 0.754 0.666 0.725 0.518 0.326 0.1 0.083 -0.03 -0.14 -0.405 -0.756 -0.728 -0.476 -0.601 -0.689 -1.255 -1.802 -1.46 -1.407 -1.928 -2.26 -1.885 -1.686 -2.014 -1.955 -1.439 -0.868 -0.514 -0.593 -0.754 -0.483 -0.34 -0.49 -0.768 -1.14
