data/climatemaps/RS_maps/climate_breeding_pr_2000.asc
NCOLS 369 
NROWS 228 
XLLCORNER 479000 
YLLCORNER 73000 
CELLSIZE 1000 
NODATA_value -9 
[rows 99 to 131 of 228, columns 76 to 151 of 369]
-0.84 -0.865 -0.862 -0.838 -0.806 -0.774 -0.751 -0.739 -0.738 -0.745 -0.755 -0.765 -0.773 -0.777 -0.781 -0.783 -0.771 -0.742 -0.723 -0.736 -0.762 -0.768 -0.773 -0.777 -0.777 -0.775 -0.779 -0.783 -0.786 -0.783 -0.773 -0.724 -0.673 -0.62 -0.574 -0.543 -0.545 -0.572 -0.6 -0.623 -0.65 -0.661 -0.671 -0.685 -0.704 -0.731 -0.738 -0.737 -0.723 -0.673 -0.586 -0.468 -0.375 -0.36 -0.257 -0.173 -0.053 0.063 0.071 0.081 0.101 0.053 -0.012 -0.089 -0.097 -0.148 -0.195 -0.365 -0.474 -0.448 -0.371 -0.32 -0.2 -0.111 0.022 0.123
-0.878 -0.887 -0.876 -0.85 -0.822 -0.796 -0.778 -0.77 -0.768 -0.769 -0.77 -0.766 -0.76 -0.752 -0.746 -0.741 -0.726 -0.698 -0.709 -0.734 -0.751 -0.753 -0.756 -0.752 -0.739 -0.728 -0.744 -0.766 -0.776 -0.789 -0.766 -0.703 -0.629 -0.561 -0.528 -0.509 -0.532 -0.572 -0.604 -0.635 -0.676 -0.685 -0.695 -0.707 -0.72 -0.745 -0.742 -0.739 -0.734 -0.681 -0.621 -0.558 -0.5 -0.453 -0.353 -0.231 -0.102 0.033 0.038 0.112 0.161 0.126 0.074 0.039 0.036 -0.016 -0.106 -0.295 -0.435 -0.43 -0.396 -0.361 -0.279 -0.202 -0.098 -0.019
-0.888 -0.892 -0.878 -0.854 -0.829 -0.807 -0.794 -0.786 -0.782 -0.777 -0.768 -0.749 -0.728 -0.705 -0.692 -0.697 -0.707 -0.715 -0.731 -0.741 -0.744 -0.742 -0.734 -0.713 -0.686 -0.681 -0.702 -0.738 -0.755 -0.781 -0.747 -0.672 -0.587 -0.508 -0.486 -0.479 -0.515 -0.555 -0.591 -0.631 -0.663 -0.681 -0.699 -0.714 -0.73 -0.747 -0.743 -0.736 -0.733 -0.667 -0.607 -0.554 -0.551 -0.528 -0.428 -0.289 -0.163 -0.054 -0.02 0.115 0.178 0.182 0.2 0.182 0.172 0.093 -0.042 -0.227 -0.393 -0.451 -0.456 -0.422 -0.36 -0.315 -0.243 -0.125
-0.886 -0.887 -0.873 -0.852 -0.831 -0.814 -0.802 -0.794 -0.786 -0.773 -0.747 -0.714 -0.683 -0.656 -0.654 -0.686 -0.711 -0.725 -0.734 -0.739 -0.737 -0.724 -0.694 -0.647 -0.62 -0.639 -0.672 -0.71 -0.736 -0.765 -0.728 -0.651 -0.576 -0.5 -0.472 -0.463 -0.487 -0.512 -0.547 -0.597 -0.629 -0.651 -0.661 -0.692 -0.709 -0.728 -0.724 -0.724 -0.722 -0.693 -0.638 -0.579 -0.546 -0.567 -0.492 -0.352 -0.237 -0.176 -0.064 0.083 0.129 0.16 0.211 0.242 0.281 0.163 0.014 -0.191 -0.352 -0.417 -0.458 -0.472 -0.45 -0.405 -0.323 -0.205
-0.881 -0.88 -0.867 -0.849 -0.832 -0.818 -0.807 -0.796 -0.782 -0.751 -0.714 -0.676 -0.655 -0.643 -0.669 -0.698 -0.713 -0.725 -0.733 -0.735 -0.722 -0.691 -0.642 -0.6 -0.582 -0.594 -0.633 -0.678 -0.711 -0.747 -0.708 -0.646 -0.563 -0.49 -0.441 -0.416 -0.428 -0.444 -0.48 -0.541 -0.586 -0.58 -0.601 -0.645 -0.64 -0.648 -0.68 -0.696 -0.702 -0.692 -0.676 -0.645 -0.609 -0.591 -0.548 -0.443 -0.326 -0.2 -0.109 -0.015 0.071 0.141 0.2 0.255 0.293 0.176 -0.002 -0.207 -0.309 -0.347 -0.374 -0.383 -0.42 -0.439 -0.371 -0.284
-0.878 -0.873 -0.862 -0.847 -0.834 -0.821 -0.81 -0.795 -0.767 -0.729 -0.696 -0.678 -0.674 -0.685 -0.701 -0.711 -0.721 -0.73 -0.733 -0.724 -0.701 -0.66 -0.607 -0.567 -0.547 -0.557 -0.606 -0.647 -0.684 -0.723 -0.681 -0.625 -0.547 -0.468 -0.418 -0.398 -0.394 -0.407 -0.435 -0.501 -0.505 -0.533 -0.572 -0.576 -0.515 -0.485 -0.571 -0.635 -0.675 -0.68 -0.663 -0.658 -0.648 -0.594 -0.563 -0.501 -0.381 -0.232 -0.138 -0.049 0.06 0.136 0.171 0.19 0.187 0.132 -0.044 -0.202 -0.293 -0.291 -0.296 -0.286 -0.332 -0.374 -0.396 -0.377
-0.876 -0.87 -0.859 -0.847 -0.835 -0.823 -0.809 -0.784 -0.749 -0.719 -0.702 -0.703 -0.708 -0.712 -0.717 -0.724 -0.73 -0.731 -0.726 -0.706 -0.673 -0.623 -0.583 -0.546 -0.524 -0.541 -0.591 -0.629 -0.661 -0.695 -0.662 -0.613 -0.534 -0.464 -0.42 -0.4 -0.395 -0.4 -0.429 -0.453 -0.453 -0.493 -0.507 -0.493 -0.455 -0.403 -0.429 -0.54 -0.613 -0.651 -0.663 -0.654 -0.658 -0.627 -0.582 -0.514 -0.404 -0.272 -0.158 -0.065 0.03 0.066 0.083 0.116 0.117 0.024 -0.094 -0.152 -0.26 -0.327 -0.322 -0.265 -0.246 -0.28 -0.302 -0.291
-0.879 -0.871 -0.861 -0.849 -0.837 -0.822 -0.8 -0.768 -0.736 -0.716 -0.716 -0.723 -0.723 -0.726 -0.73 -0.733 -0.73 -0.72 -0.708 -0.676 -0.625 -0.575 -0.563 -0.548 -0.532 -0.54 -0.568 -0.607 -0.642 -0.66 -0.625 -0.585 -0.544 -0.502 -0.473 -0.443 -0.426 -0.427 -0.443 -0.425 -0.411 -0.45 -0.452 -0.413 -0.315 -0.31 -0.313 -0.365 -0.511 -0.594 -0.642 -0.659 -0.66 -0.631 -0.594 -0.517 -0.384 -0.248 -0.126 -0.071 -0.065 -0.058 -0.042 -0.007 -0.001 -0.062 -0.087 -0.086 -0.155 -0.29 -0.321 -0.286 -0.262 -0.222 -0.249 -0.206
-0.886 -0.876 -0.866 -0.853 -0.835 -0.817 -0.793 -0.765 -0.739 -0.726 -0.732 -0.735 -0.735 -0.737 -0.739 -0.732 -0.717 -0.705 -0.673 -0.628 -0.58 -0.556 -0.545 -0.531 -0.53 -0.528 -0.547 -0.598 -0.605 -0.6 -0.594 -0.579 -0.553 -0.532 -0.526 -0.512 -0.486 -0.476 -0.468 -0.423 -0.442 -0.438 -0.409 -0.345 -0.234 -0.173 -0.149 -0.202 -0.365 -0.525 -0.596 -0.633 -0.652 -0.632 -0.589 -0.512 -0.372 -0.207 -0.095 -0.086 -0.112 -0.087 -0.041 0.002 -0.035 -0.047 -0.046 -0.087 -0.085 -0.178 -0.3 -0.347 -0.28 -0.207 -0.203 -0.131
-0.895 -0.885 -0.871 -0.852 -0.831 -0.812 -0.793 -0.775 -0.76 -0.751 -0.75 -0.748 -0.745 -0.741 -0.732 -0.711 -0.687 -0.671 -0.636 -0.6 -0.556 -0.537 -0.507 -0.493 -0.498 -0.518 -0.543 -0.561 -0.542 -0.519 -0.509 -0.514 -0.515 -0.507 -0.515 -0.51 -0.489 -0.478 -0.492 -0.441 -0.428 -0.401 -0.35 -0.291 -0.18 -0.084 -0.051 -0.113 -0.254 -0.457 -0.508 -0.552 -0.623 -0.625 -0.586 -0.513 -0.39 -0.249 -0.168 -0.151 -0.096 -0.017 0.053 0.084 0.048 0.06 0.032 -0.029 -0.04 -0.08 -0.21 -0.337 -0.295 -0.241 -0.184 -0.112
-0.907 -0.894 -0.874 -0.85 -0.829 -0.815 -0.803 -0.794 -0.785 -0.776 -0.768 -0.76 -0.749 -0.731 -0.701 -0.665 -0.648 -0.613 -0.589 -0.567 -0.536 -0.501 -0.47 -0.463 -0.486 -0.518 -0.526 -0.509 -0.483 -0.448 -0.43 -0.435 -0.455 -0.472 -0.491 -0.475 -0.448 -0.438 -0.471 -0.427 -0.383 -0.366 -0.319 -0.256 -0.173 -0.062 -0.006 -0.062 -0.23 -0.422 -0.392 -0.431 -0.561 -0.601 -0.582 -0.52 -0.428 -0.32 -0.243 -0.168 -0.037 0.061 0.15 0.167 0.172 0.192 0.154 0.056 -0.007 -0.031 -0.154 -0.28 -0.358 -0.32 -0.245 -0.152
-0.918 -0.899 -0.876 -0.853 -0.836 -0.828 -0.823 -0.815 -0.806 -0.796 -0.783 -0.767 -0.741 -0.699 -0.646 -0.61 -0.597 -0.553 -0.533 -0.52 -0.496 -0.466 -0.438 -0.452 -0.495 -0.504 -0.487 -0.451 -0.413 -0.382 -0.367 -0.373 -0.392 -0.41 -0.441 -0.437 -0.41 -0.392 -0.432 -0.413 -0.367 -0.344 -0.287 -0.204 -0.146 -0.08 -0.014 -0.042 -0.23 -0.403 -0.351 -0.363 -0.464 -0.562 -0.571 -0.519 -0.429 -0.312 -0.239 -0.164 0.018 0.13 0.253 0.285 0.32 0.295 0.228 0.103 -0.008 -0.052 -0.139 -0.233 -0.342 -0.35 -0.282 -0.177
-0.922 -0.902 -0.883 -0.863 -0.853 -0.849 -0.844 -0.834 -0.824 -0.811 -0.79 -0.759 -0.705 -0.648 -0.594 -0.57 -0.537 -0.504 -0.49 -0.472 -0.447 -0.448 -0.437 -0.468 -0.496 -0.48 -0.443 -0.389 -0.342 -0.304 -0.301 -0.32 -0.336 -0.352 -0.382 -0.395 -0.354 -0.372 -0.404 -0.386 -0.371 -0.357 -0.288 -0.217 -0.135 -0.052 -0.006 -0.031 -0.212 -0.39 -0.34 -0.33 -0.387 -0.512 -0.557 -0.521 -0.429 -0.308 -0.248 -0.155 0.064 0.178 0.276 0.315 0.333 0.295 0.214 0.11 0.018 -0.01 -0.083 -0.151 -0.254 -0.317 -0.294 -0.22
-0.921 -0.907 -0.892 -0.878 -0.876 -0.871 -0.862 -0.852 -0.839 -0.819 -0.784 -0.73 -0.653 -0.582 -0.542 -0.518 -0.478 -0.452 -0.435 -0.414 -0.407 -0.443 -0.473 -0.484 -0.482 -0.46 -0.41 -0.344 -0.288 -0.249 -0.239 -0.264 -0.284 -0.293 -0.315 -0.352 -0.343 -0.368 -0.368 -0.347 -0.355 -0.365 -0.327 -0.277 -0.189 -0.075 0.019 -0.006 -0.183 -0.382 -0.382 -0.336 -0.354 -0.478 -0.545 -0.528 -0.449 -0.331 -0.284 -0.196 -0.013 0.098 0.19 0.256 0.287 0.294 0.256 0.136 0.087 0.099 0.044 -0.013 -0.154 -0.231 -0.261 -0.239
-0.919 -0.911 -0.902 -0.899 -0.896 -0.889 -0.878 -0.865 -0.846 -0.815 -0.766 -0.693 -0.617 -0.547 -0.511 -0.458 -0.42 -0.397 -0.376 -0.385 -0.41 -0.453 -0.482 -0.482 -0.473 -0.435 -0.387 -0.32 -0.26 -0.209 -0.181 -0.213 -0.233 -0.246 -0.258 -0.291 -0.332 -0.336 -0.317 -0.35 -0.375 -0.361 -0.343 -0.298 -0.227 -0.14 -0.039 -0.026 -0.17 -0.374 -0.442 -0.407 -0.375 -0.47 -0.536 -0.532 -0.477 -0.392 -0.36 -0.275 -0.117 0.029 0.156 0.266 0.295 0.317 0.278 0.166 0.137 0.165 0.161 0.111 -0.044 -0.167 -0.203 -0.198
-0.911 -0.909 -0.91 -0.91 -0.907 -0.901 -0.89 -0.871 -0.842 -0.799 -0.744 -0.679 -0.616 -0.543 -0.463 -0.402 -0.363 -0.347 -0.352 -0.393 -0.426 -0.436 -0.457 -0.485 -0.465 -0.406 -0.359 -0.311 -0.253 -0.192 -0.165 -0.172 -0.18 -0.208 -0.214 -0.254 -0.315 -0.295 -0.29 -0.351 -0.383 -0.402 -0.383 -0.318 -0.217 -0.151 -0.087 -0.067 -0.182 -0.356 -0.458 -0.471 -0.442 -0.473 -0.523 -0.536 -0.506 -0.466 -0.413 -0.275 -0.079 0.072 0.204 0.257 0.256 0.257 0.229 0.156 0.1 0.137 0.15 0.174 0.089 -0.043 -0.15 -0.176
-0.891 -0.9 -0.904 -0.905 -0.909 -0.908 -0.894 -0.86 -0.823 -0.776 -0.719 -0.645 -0.583 -0.493 -0.42 -0.358 -0.299 -0.306 -0.355 -0.392 -0.396 -0.409 -0.44 -0.472 -0.466 -0.391 -0.35 -0.313 -0.262 -0.202 -0.172 -0.138 -0.123 -0.153 -0.19 -0.244 -0.258 -0.267 -0.286 -0.323 -0.354 -0.4 -0.408 -0.333 -0.273 -0.22 -0.16 -0.138 -0.199 -0.333 -0.456 -0.483 -0.454 -0.475 -0.51 -0.539 -0.528 -0.503 -0.433 -0.247 -0.071 0.051 0.131 0.125 0.162 0.159 0.141 0.108 0.044 0.021 0.074 0.141 0.201 0.162 -0.066 -0.233
-0.862 -0.874 -0.886 -0.889 -0.903 -0.911 -0.889 -0.844 -0.785 -0.706 -0.675 -0.622 -0.555 -0.484 -0.41 -0.332 -0.29 -0.312 -0.337 -0.358 -0.388 -0.406 -0.423 -0.476 -0.461 -0.393 -0.364 -0.318 -0.257 -0.203 -0.17 -0.124 -0.094 -0.118 -0.168 -0.218 -0.221 -0.243 -0.258 -0.295 -0.352 -0.414 -0.425 -0.406 -0.371 -0.322 -0.274 -0.235 -0.256 -0.333 -0.451 -0.482 -0.446 -0.479 -0.502 -0.538 -0.532 -0.505 -0.43 -0.287 -0.188 -0.079 -0.019 0.015 0.075 0.059 0.037 -0.001 -0.027 0.012 0.086 0.172 0.224 0.237 0.101 -0.046
-0.818 -0.836 -0.86 -0.88 -0.907 -0.911 -0.879 -0.811 -0.716 -0.639 -0.614 -0.584 -0.532 -0.474 -0.405 -0.328 -0.305 -0.321 -0.327 -0.352 -0.369 -0.401 -0.436 -0.492 -0.476 -0.414 -0.382 -0.348 -0.289 -0.222 -0.175 -0.146 -0.115 -0.137 -0.16 -0.179 -0.185 -0.218 -0.218 -0.256 -0.326 -0.397 -0.443 -0.419 -0.342 -0.289 -0.27 -0.285 -0.285 -0.31 -0.434 -0.476 -0.45 -0.474 -0.504 -0.535 -0.527 -0.501 -0.407 -0.342 -0.254 -0.162 -0.09 -0.052 -0.03 -0.023 -0.031 -0.05 -0.045 0.013 0.139 0.254 0.348 0.343 0.236 0.059
-0.781 -0.805 -0.85 -0.886 -0.912 -0.907 -0.859 -0.775 -0.666 -0.592 -0.553 -0.532 -0.52 -0.484 -0.438 -0.378 -0.339 -0.317 -0.34 -0.377 -0.397 -0.429 -0.474 -0.505 -0.462 -0.407 -0.379 -0.36 -0.325 -0.276 -0.233 -0.187 -0.156 -0.166 -0.192 -0.168 -0.185 -0.189 -0.168 -0.205 -0.266 -0.352 -0.408 -0.355 -0.287 -0.22 -0.212 -0.239 -0.285 -0.303 -0.428 -0.468 -0.452 -0.453 -0.503 -0.532 -0.53 -0.515 -0.389 -0.365 -0.267 -0.18 -0.147 -0.121 -0.088 -0.072 -0.057 -0.048 -0.019 0.02 0.103 0.149 0.239 0.229 0.17 0.031
-0.767 -0.812 -0.862 -0.899 -0.915 -0.898 -0.831 -0.728 -0.612 -0.54 -0.501 -0.483 -0.473 -0.447 -0.415 -0.376 -0.338 -0.346 -0.389 -0.441 -0.47 -0.499 -0.523 -0.518 -0.459 -0.408 -0.386 -0.373 -0.327 -0.297 -0.261 -0.23 -0.206 -0.181 -0.211 -0.18 -0.178 -0.136 -0.091 -0.119 -0.209 -0.294 -0.36 -0.359 -0.301 -0.264 -0.247 -0.241 -0.24 -0.285 -0.413 -0.454 -0.447 -0.45 -0.498 -0.529 -0.538 -0.533 -0.457 -0.42 -0.374 -0.292 -0.227 -0.16 -0.103 -0.064 -0.073 -0.045 -0.034 -0.036 0.012 0.087 0.159 0.169 0.103 0.053
-0.782 -0.831 -0.88 -0.913 -0.916 -0.872 -0.772 -0.654 -0.545 -0.483 -0.448 -0.433 -0.415 -0.394 -0.379 -0.36 -0.354 -0.381 -0.423 -0.452 -0.504 -0.53 -0.53 -0.511 -0.474 -0.429 -0.403 -0.379 -0.33 -0.275 -0.241 -0.218 -0.226 -0.216 -0.226 -0.181 -0.129 -0.063 -0.011 -0.038 -0.127 -0.195 -0.265 -0.27 -0.266 -0.249 -0.204 -0.192 -0.197 -0.29 -0.42 -0.42 -0.414 -0.426 -0.479 -0.521 -0.535 -0.536 -0.515 -0.483 -0.413 -0.288 -0.164 -0.055 0.038 0.092 0.03 -0.033 -0.005 0.042 0.132 0.234 0.34 0.324 0.236 0.154
-0.81 -0.85 -0.897 -0.925 -0.901 -0.825 -0.713 -0.587 -0.486 -0.431 -0.404 -0.398 -0.386 -0.383 -0.369 -0.36 -0.377 -0.404 -0.438 -0.478 -0.525 -0.524 -0.514 -0.487 -0.468 -0.441 -0.416 -0.377 -0.336 -0.27 -0.227 -0.202 -0.225 -0.262 -0.269 -0.221 -0.14 -0.035 0.019 0.021 0.023 -0.027 -0.085 -0.12 -0.115 -0.087 -0.062 -0.095 -0.189 -0.332 -0.419 -0.381 -0.387 -0.419 -0.457 -0.508 -0.529 -0.537 -0.532 -0.504 -0.386 -0.249 -0.12 0.001 0.1 0.145 0.133 0.07 0.117 0.18 0.268 0.382 0.492 0.435 0.506 0.392
-0.825 -0.872 -0.917 -0.922 -0.868 -0.778 -0.656 -0.528 -0.438 -0.388 -0.368 -0.384 -0.393 -0.394 -0.381 -0.394 -0.405 -0.42 -0.465 -0.519 -0.526 -0.5 -0.473 -0.439 -0.41 -0.408 -0.405 -0.366 -0.329 -0.286 -0.236 -0.186 -0.218 -0.289 -0.356 -0.296 -0.229 -0.097 0.073 0.18 0.239 0.228 0.162 0.114 0.108 0.121 0.149 0.043 -0.108 -0.288 -0.385 -0.376 -0.371 -0.402 -0.439 -0.494 -0.522 -0.537 -0.541 -0.526 -0.394 -0.275 -0.161 -0.024 0.116 0.172 0.192 0.152 0.21 0.311 0.37 0.505 0.659 0.655 0.74 0.59
-0.83 -0.903 -0.926 -0.897 -0.822 -0.72 -0.592 -0.472 -0.394 -0.358 -0.356 -0.387 -0.404 -0.412 -0.415 -0.432 -0.418 -0.436 -0.488 -0.535 -0.519 -0.47 -0.425 -0.385 -0.352 -0.341 -0.341 -0.321 -0.308 -0.284 -0.215 -0.174 -0.225 -0.31 -0.387 -0.349 -0.264 -0.08 0.166 0.374 0.493 0.489 0.429 0.421 0.405 0.38 0.4 0.228 0.013 -0.194 -0.32 -0.345 -0.346 -0.377 -0.422 -0.476 -0.513 -0.535 -0.549 -0.551 -0.496 -0.392 -0.236 -0.098 0.031 0.175 0.204 0.175 0.301 0.425 0.475 0.645 0.757 0.835 0.802 0.608
-0.856 -0.924 -0.915 -0.854 -0.759 -0.649 -0.52 -0.417 -0.356 -0.357 -0.386 -0.418 -0.437 -0.448 -0.455 -0.456 -0.441 -0.461 -0.499 -0.54 -0.519 -0.457 -0.395 -0.316 -0.283 -0.242 -0.231 -0.22 -0.242 -0.263 -0.215 -0.202 -0.251 -0.323 -0.375 -0.297 -0.173 0.04 0.305 0.529 0.643 0.688 0.682 0.734 0.709 0.675 0.629 0.388 0.134 -0.058 -0.226 -0.273 -0.278 -0.324 -0.389 -0.442 -0.495 -0.53 -0.554 -0.57 -0.567 -0.514 -0.38 -0.247 -0.089 0.042 0.069 0.123 0.29 0.463 0.61 0.666 0.67 0.862 0.77 0.576
-0.89 -0.923 -0.877 -0.793 -0.686 -0.572 -0.454 -0.374 -0.351 -0.377 -0.411 -0.448 -0.465 -0.47 -0.464 -0.451 -0.446 -0.477 -0.505 -0.542 -0.516 -0.441 -0.351 -0.252 -0.164 -0.101 -0.059 -0.071 -0.104 -0.171 -0.194 -0.161 -0.197 -0.278 -0.321 -0.212 -0.069 0.094 0.283 0.478 0.553 0.698 0.786 0.848 0.91 0.905 0.773 0.564 0.391 0.185 -0.064 -0.153 -0.2 -0.249 -0.33 -0.396 -0.457 -0.509 -0.553 -0.581 -0.597 -0.595 -0.548 -0.427 -0.255 -0.157 -0.139 0.014 0.217 0.48 0.592 0.497 0.716 0.824 0.669 0.519
-0.911 -0.891 -0.827 -0.73 -0.613 -0.502 -0.412 -0.371 -0.374 -0.393 -0.426 -0.429 -0.426 -0.423 -0.409 -0.404 -0.421 -0.455 -0.5 -0.532 -0.493 -0.394 -0.282 -0.178 -0.036 0.066 0.14 0.141 0.113 -0.004 -0.067 -0.004 -0.028 -0.139 -0.249 -0.213 -0.132 -0.021 0.136 0.3 0.374 0.54 0.652 0.77 0.916 1.038 0.919 0.844 0.673 0.467 0.24 0.068 -0.061 -0.155 -0.243 -0.329 -0.402 -0.468 -0.528 -0.581 -0.612 -0.633 -0.637 -0.596 -0.476 -0.4 -0.322 -0.153 0.111 0.33 0.319 0.499 0.739 0.667 0.52 0.319
-0.895 -0.845 -0.77 -0.662 -0.554 -0.478 -0.412 -0.393 -0.383 -0.395 -0.402 -0.377 -0.356 -0.334 -0.297 -0.293 -0.341 -0.392 -0.467 -0.518 -0.458 -0.344 -0.212 -0.131 0.074 0.251 0.367 0.379 0.271 0.117 0.142 0.247 0.225 0.12 -0.107 -0.206 -0.16 -0.113 -0.017 0.136 0.3 0.398 0.623 0.793 1.042 1.173 1.194 1.154 0.985 0.84 0.656 0.446 0.272 0.033 -0.138 -0.253 -0.316 -0.386 -0.489 -0.554 -0.608 -0.653 -0.679 -0.689 -0.667 -0.622 -0.535 -0.386 -0.089 0.008 0.278 0.517 0.526 0.368 0.348 0.085
-0.857 -0.782 -0.703 -0.602 -0.53 -0.474 -0.423 -0.388 -0.371 -0.368 -0.332 -0.3 -0.262 -0.206 -0.171 -0.167 -0.218 -0.323 -0.458 -0.498 -0.456 -0.376 -0.276 -0.079 0.18 0.414 0.573 0.502 0.341 0.288 0.31 0.437 0.427 0.23 -0.043 -0.073 0.063 0.02 0.081 0.224 0.378 0.393 0.738 0.951 1.239 1.336 1.354 1.276 1.218 1.128 1.004 0.89 0.744 0.453 0.197 -0.072 -0.271 -0.379 -0.467 -0.533 -0.576 -0.647 -0.699 -0.73 -0.746 -0.743 -0.72 -0.622 -0.394 -0.113 0.187 0.248 0.16 0.112 0.054 -0.25
-0.804 -0.719 -0.634 -0.557 -0.505 -0.447 -0.386 -0.347 -0.354 -0.312 -0.249 -0.203 -0.129 -0.055 0.038 0.027 -0.086 -0.239 -0.433 -0.525 -0.489 -0.43 -0.25 -0.002 0.277 0.586 0.631 0.5 0.508 0.501 0.473 0.622 0.516 0.281 0.029 0.099 0.222 0.106 0.174 0.366 0.472 0.464 0.795 1.099 1.187 1.279 1.258 1.004 0.858 0.795 0.783 0.931 0.989 0.778 0.585 0.26 0.046 -0.262 -0.423 -0.519 -0.564 -0.613 -0.686 -0.734 -0.774 -0.788 -0.786 -0.753 -0.58 -0.252 -0.133 -0.113 -0.203 -0.125 -0.267 -0.468
-0.733 -0.643 -0.572 -0.513 -0.48 -0.429 -0.364 -0.34 -0.34 -0.266 -0.189 -0.1 0.003 0.076 0.158 0.106 -0.044 -0.222 -0.414 -0.541 -0.535 -0.391 -0.197 0.056 0.37 0.621 0.602 0.55 0.602 0.681 0.619 0.696 0.527 0.301 0.163 0.277 0.345 0.248 0.223 0.444 0.54 0.583 0.856 0.901 0.906 0.824 1.011 0.859 0.573 0.653 0.848 0.841 0.834 0.883 0.739 0.504 0.18 -0.128 -0.316 -0.462 -0.559 -0.602 -0.652 -0.712 -0.774 -0.807 -0.82 -0.808 -0.72 -0.549 -0.5 -0.485 -0.517 -0.444 -0.544 -0.632
-0.657 -0.571 -0.508 -0.47 -0.461 -0.412 -0.361 -0.356 -0.32 -0.236 -0.144 -0.05 0.061 0.13 0.14 0.049 -0.113 -0.306 -0.469 -0.557 -0.507 -0.323 -0.125 0.137 0.422 0.626 0.663 0.66 0.643 0.78 0.747 0.756 0.536 0.282 0.252 0.358 0.415 0.427 0.387 0.635 0.723 0.728 0.823 0.814 0.791 0.51 0.42 0.346 0.293 0.466 0.494 0.498 0.447 0.412 0.341 0.208 0.115 -0.064 -0.185 -0.439 -0.535 -0.582 -0.617 -0.655 -0.742 -0.808 -0.839 -0.841 -0.816 -0.771 -0.737 -0.707 -0.684 -0.67 -0.679 -0.699
