data/climatemaps/RS_maps/climate_postbreed_tmp_2002.asc
NCOLS 369 
NROWS 228 
XLLCORNER 479000 
YLLCORNER 73000 
CELLSIZE 1000 
NODATA_value -9 
[rows 170 to 203 of 228, columns 154 to 230 of 369]
-0.099 -0.248 -0.749 -0.763 -0.812 -0.346 -0.248 0.005 0.573 0.85 0.828 0.679 0.373 -0.287 -0.939 -1.424 -1.73 -1.793 -1.55 -1.246 -1.35 -1.339 -1.115 -1.192 -1.175 -1.373 -1.932 -1.991 -1.453 -0.818 -0.604 -0.661 -0.906 -1.255 -1.329 -1.324 -1.466 -1.027 -0.456 0.248 0.32 -0.256 -0.435 -0.88 -1.321 -1.23 -0.884 -0.557 -0.473 -0.331 -0.414 -0.312 -0.374 -0.574 -0.37 0.356 1.165 0.45 -0.242 -0.558 -0.771 -0.941 -0.956 -0.81 -0.235 -0.196 -0.278 -0.393 -0.741 -0.995 -0.251 0.524 0.353 -0.333 -0.956 -1.185 -0.924
0.334 0.06 -0.204 -0.301 -0.254 0.074 0.337 0.57 0.844 0.899 0.755 0.583 0.304 -0.311 -1.047 -1.371 -1.379 -1.608 -1.618 -1.514 -1.638 -1.529 -1.26 -1.526 -1.746 -1.527 -1.902 -1.518 -1.022 -0.63 -0.441 -0.693 -1.017 -1.04 -0.972 -1.265 -1.254 -0.714 -0.037 0.52 -0.138 -0.843 -1.143 -1.072 -1.37 -0.985 -0.564 -0.345 -0.347 -0.324 -0.148 0.092 0.257 0.168 0.357 0.821 1.228 0.772 -0.002 -0.146 -0.217 -0.663 -0.434 -0.779 -0.785 -0.437 -0.047 0.204 -0.038 -0.311 -0.137 0.648 0.274 -0.363 -0.955 -0.859 -0.503
0.726 0.49 0.373 0.237 0.367 0.601 0.788 0.844 0.776 0.759 0.705 0.414 -0.019 -0.478 -0.779 -0.92 -1.184 -1.307 -1.42 -1.567 -1.88 -1.89 -1.363 -1.782 -2.178 -1.911 -1.687 -1.138 -0.97 -0.777 -0.296 -0.712 -0.976 -0.554 -0.799 -1.201 -0.834 -0.194 0.497 0.303 -0.411 -1.163 -1.511 -1.406 -1.473 -0.996 -0.811 -0.761 -0.945 -0.771 -0.346 0.195 0.61 0.5 0.733 0.664 0.836 1.152 0.74 0.497 0.179 -0.26 -0.085 -0.403 -0.513 -0.527 -0.766 -0.235 0.214 0.337 0.269 0.755 0.022 -0.756 -0.809 -0.469 -0.377
0.892 0.878 0.837 0.759 0.754 0.683 0.673 0.371 0.213 0.241 0.28 0.232 -0.027 -0.205 -0.321 -0.473 -0.841 -1.148 -1.51 -1.874 -1.936 -1.757 -1.724 -1.802 -1.932 -1.91 -1.558 -1.209 -1.176 -0.605 0.118 -0.251 -0.637 -0.426 -1.039 -1.096 -0.368 0.397 0.497 -0.22 -0.736 -1.377 -1.638 -1.492 -1.19 -1.091 -0.697 -0.377 -0.3 -0.231 0.132 0.55 0.292 -0.401 -0.235 -0.018 0.076 0.598 1.15 1.129 0.878 0.606 0.166 0.259 -0.003 -0.383 -0.694 -0.661 -0.469 0.051 0.418 0.794 0.081 -0.632 -0.627 -0.087 -0.467
0.709 0.88 0.552 0.6 0.307 0.042 0.307 -0.189 -0.635 -0.735 -0.321 0.133 0.079 -0.265 -0.503 -0.662 -0.751 -1.141 -1.608 -1.863 -1.525 -1.249 -1.369 -1.285 -1.541 -1.743 -1.468 -1.209 -0.86 -0.407 0.004 0.243 0.116 -0.286 -0.996 -0.92 -0.219 0.688 0.353 -0.549 -1.315 -1.546 -1.218 -1.037 -0.758 -0.677 -0.472 -0.155 0.088 0.196 0.373 0.342 -0.282 -0.706 -0.518 -0.224 -0.391 0.099 0.579 0.888 1.239 1.232 0.751 0.58 -0.031 -0.522 -0.167 -0.548 -0.845 -0.517 -0.022 0.666 0.552 -0.124 -0.516 0.122 -0.052
0.445 0.779 0.277 -0.058 -0.469 -0.568 0.029 -0.6 -1.184 -1.302 -0.598 -0.187 -0.099 -0.642 -0.9 -1.123 -1.215 -1.366 -1.763 -1.336 -0.948 -0.757 -0.865 -1.047 -1.416 -1.509 -1.128 -0.946 -0.61 -0.578 -0.546 -0.025 0.361 0.227 -0.271 -0.386 0.257 0.786 0.267 -0.501 -1.277 -1.423 -1.087 -0.65 -0.483 -0.255 -0.212 -0.089 -0.305 -0.412 -0.078 -0.121 -0.434 -0.91 -0.852 -0.669 -0.397 0.148 0.096 0.336 0.69 1.106 1.211 0.784 0.066 -0.138 0.255 -0.124 -0.566 -0.773 -0.464 0.078 0.726 0.455 -0.002 0.289 0.294
0.456 0.659 0.162 -0.301 -0.865 -0.988 -0.295 -0.746 -1.439 -1.257 -0.642 -0.739 -0.461 -0.804 -1.178 -1.419 -1.9 -1.825 -1.374 -0.962 -0.67 -0.528 -0.768 -1.203 -1.526 -1.305 -1.294 -1.284 -1.387 -1.312 -0.845 -0.488 0.228 0.685 0.589 0.294 0.748 0.599 -0.091 -0.799 -1.417 -1.142 -0.856 -0.528 -0.373 -0.642 -0.63 -0.389 -0.826 -0.78 -0.716 -0.741 -0.854 -0.946 -0.835 -0.678 -0.452 -0.193 -0.453 -0.1 0.108 0.747 1.28 1.039 0.401 0.442 0.538 0.18 -0.189 -0.752 -0.681 -0.161 0.42 0.767 0.741 0.695 0.481
0.598 0.616 0.14 -0.341 -0.765 -1.132 -0.613 -0.98 -1.643 -1.517 -1.301 -1.267 -0.838 -0.789 -1.423 -1.845 -2.082 -1.62 -1.448 -1.396 -0.883 -0.714 -0.687 -0.831 -0.776 -0.871 -1.225 -1.386 -1.746 -1.725 -1.229 -0.784 0.01 0.52 0.899 0.833 0.785 0.321 -0.342 -0.955 -1.388 -1.101 -0.796 -0.696 -1.055 -1.083 -0.814 -0.616 -0.976 -1.046 -1.119 -1.117 -1.139 -0.961 -0.66 -0.491 -0.739 -0.721 -0.83 -0.477 0.124 0.623 1.053 1.303 0.947 0.802 0.417 -0.14 -0.378 -0.702 -0.597 -0.489 -0.186 0.141 0.665 0.853 0.251
0.628 0.477 -0.049 -0.429 -0.852 -1.129 -0.675 -0.97 -1.529 -1.54 -1.425 -1.08 -0.856 -0.751 -1.182 -1.736 -2.045 -2.21 -2.206 -1.671 -1.093 -1.096 -0.516 -0.115 -0.182 -0.429 -0.583 -0.819 -1.07 -1.531 -1.491 -0.789 -0.194 0.278 0.842 1.053 0.605 -0.031 -0.526 -1.051 -1.307 -1.096 -0.997 -1.156 -1.35 -1.138 -0.95 -0.795 -0.895 -0.808 -0.767 -0.686 -0.723 -0.739 -0.485 -0.096 -0.681 -0.579 -0.774 -0.416 0.13 0.252 0.669 1.249 1.327 1.007 0.444 0.06 -0.08 -0.408 -0.758 -0.757 -0.537 -0.398 0.379 1 0.005
0.641 0.325 -0.003 -0.278 -0.878 -1.296 -0.778 -0.9 -1.41 -1.448 -1.055 -0.831 -0.944 -1.23 -1.536 -1.837 -2.317 -2.563 -2.471 -1.656 -1.281 -1.351 -0.612 -0.319 -0.266 0.015 -0.047 -0.373 -0.676 -0.962 -1.038 -0.544 -0.089 0.284 0.772 1.095 0.552 0.124 -0.417 -0.981 -1.086 -0.735 -0.842 -1.239 -1.268 -1.202 -1.163 -0.753 -0.467 -0.32 -0.173 -0.054 -0.045 -0.089 -0.125 0.108 -0.367 -0.182 -0.488 -0.428 -0.312 -0.304 0.116 0.725 1.23 1.333 1.106 0.729 0.399 -0.119 -0.456 -0.673 -0.264 0.213 0.668 1.036 0.317
0.673 0.188 -0.409 -0.501 -0.958 -1.448 -1.03 -0.97 -1.464 -1.283 -0.899 -0.768 -1.116 -1.622 -2.006 -1.903 -2.379 -2.241 -2.133 -1.796 -1.486 -1.438 -0.796 -0.893 -0.909 -0.187 0.228 0.062 -0.307 -0.482 -0.525 -0.377 0.11 0.471 0.831 1.107 0.649 0.185 -0.471 -0.705 -0.719 -0.505 -0.875 -1.071 -0.938 -0.992 -1.256 -0.962 -0.712 -0.492 -0.296 -0.16 -0.182 0.038 0.173 0.313 0.272 0.217 -0.005 -0.301 -0.572 -0.345 0.16 0.508 0.91 1.34 1.433 1.305 0.823 0.412 -0.039 -0.59 -0.184 0.141 0.579 1.04 0.763
0.595 0.204 -0.52 -0.955 -1.3 -1.658 -1.362 -0.973 -1.56 -1.386 -0.885 -0.767 -0.879 -1.165 -1.454 -1.536 -2.068 -1.672 -1.575 -1.549 -1.622 -1.487 -0.996 -0.986 -0.755 -0.424 0.086 0.357 0.226 0.069 0.068 -0.146 0.021 0.522 0.896 1.097 0.464 -0.269 -0.641 -0.195 -0.175 -0.302 -0.541 -0.586 -0.733 -1.058 -0.96 -0.926 -0.77 -0.783 -0.77 -0.709 -0.691 -0.421 -0.28 -0.155 0.18 0.571 0.317 -0.208 -0.248 0.018 0.256 0.274 0.435 0.861 1.139 1.382 1.082 0.751 0.278 -0.412 -0.429 -0.194 0.164 0.719 1.092
0.128 0.281 -0.407 -1.103 -1.54 -1.888 -1.591 -1.126 -1.64 -1.567 -1.12 -1.005 -0.638 -0.597 -0.975 -1.401 -1.811 -1.256 -0.911 -1.001 -1.175 -1.225 -0.879 -0.547 -0.141 0.088 0.171 0.426 0.688 0.652 0.597 0.128 -0.234 0.362 0.965 1.036 0.19 -0.551 -0.659 -0.006 -0.146 -0.643 -0.684 -0.547 -0.864 -0.946 -0.63 -0.388 -0.333 -0.323 -0.54 -0.642 -0.56 -0.427 -0.148 -0.074 -0.057 0.646 0.249 -0.072 0.006 0.467 0.671 0.39 0.007 0.316 0.678 1.308 0.785 0.277 -0.13 -0.319 0.025 0.297 0.543 0.829 1.067
-0.646 0.247 -0.21 -0.892 -1.465 -1.96 -1.844 -1.493 -1.638 -1.783 -1.647 -1.408 -0.931 -0.416 -0.69 -1.104 -1.508 -1.223 -0.499 -0.514 -0.516 -0.61 -0.222 0.131 0.417 0.612 0.623 0.652 0.911 0.992 0.971 0.471 -0.276 0.146 0.992 0.975 0.076 -0.55 -0.216 0.263 -0.269 -0.884 -0.959 -0.698 -0.918 -0.931 -0.664 -0.32 -0.094 0.125 0.018 -0.04 -0.107 -0.076 0.316 0.495 0.525 0.763 0.68 0.531 0.542 0.855 0.967 0.716 0.256 0.445 0.974 1.345 1.15 0.448 -0.016 -0.165 0.194 0.293 0.597 1.134 0.978
-1.195 -0.233 0.048 -0.631 -1.332 -2 -2.16 -1.955 -1.835 -2.117 -1.841 -1.305 -0.883 -0.473 -0.318 -0.527 -0.956 -0.933 -0.187 -0.141 -0.045 0.078 0.266 0.307 0.306 0.235 0.243 0.198 0.319 0.561 0.931 0.828 -0.061 0.073 1 0.875 0.09 -0.135 0.304 0.07 -0.282 -0.579 -1.001 -1.034 -1.09 -0.908 -0.767 -0.78 -0.438 0.029 0.148 0.242 0.383 0.434 0.389 0.194 0.325 0.611 0.699 0.927 0.932 0.923 1.002 1.131 0.811 0.664 1.083 1.248 1.4 0.716 0.198 0.196 0.517 0.794 0.858 1.249 0.978
-1.474 -0.704 -0.028 -0.53 -1.303 -1.856 -2.034 -2.046 -2.162 -2.379 -1.918 -1.338 -1.065 -0.844 -0.448 -0.149 -0.271 -0.285 -0.3 -0.507 -0.031 0.2 -0.221 -0.335 -0.545 -0.589 -0.685 -0.699 -0.601 -0.226 0.273 0.957 0.271 -0.065 0.763 1.087 0.394 0.347 0.234 0.105 -0.091 -0.714 -1.069 -0.814 -0.618 -0.618 -0.397 -0.782 -0.466 -0.221 -0.373 -0.007 -0.067 0.048 -0.194 -0.201 -0.172 0.182 0.197 0.567 0.403 0.475 0.617 1.044 1.083 1.246 1.419 1.459 1.506 0.943 0.6 0.827 1.093 1.265 1.345 1.465 1.398
-1.715 -1.154 -0.314 -0.362 -1.142 -1.593 -1.832 -2.064 -2.249 -2.579 -2.296 -1.964 -1.598 -1.355 -1.034 -0.19 -0.146 -0.447 -0.82 -0.652 -0.015 -0.434 -0.983 -1.103 -1.238 -1.324 -1.169 -1.098 -1.114 -0.854 -0.415 0.759 0.556 0.295 0.968 1.242 0.66 0.611 0.467 0.542 -0.074 -0.776 -0.969 -0.564 -0.14 -0.108 -0.263 -0.629 -0.634 -0.555 -0.614 -0.209 -0.333 -0.183 -0.283 -0.408 -0.379 -0.076 0.209 0.332 0.392 0.663 0.836 1.124 1.287 1.287 1.35 1.495 1.553 1.368 1.212 1.354 1.508 1.573 1.601 1.605 1.612
-1.789 -1.235 -0.693 -0.196 -0.876 -1.462 -1.832 -2.023 -2.188 -2.711 -2.976 -2.633 -2.043 -1.603 -1.09 -0.269 -0.568 -0.852 -0.605 -0.185 -0.342 -0.862 -1.206 -1.111 -1.124 -1.216 -1.061 -0.821 -1.079 -0.945 -0.361 0.693 0.911 0.839 1.358 1.251 0.889 0.85 0.866 0.426 -0.023 -0.681 -0.532 -0.239 0.093 0.21 -0.084 -0.305 -0.631 -0.466 -0.648 -0.508 -0.382 -0.204 0.081 0.16 0.112 0.409 0.741 0.745 0.906 1.05 1.114 1.144 0.865 0.76 0.96 1.343 1.468 1.566 1.562 1.585 1.621 1.632 1.636 1.634 1.626
-1.783 -1.538 -1.393 -0.519 -0.474 -1.132 -1.54 -1.935 -2.427 -2.758 -3.187 -2.64 -1.946 -1.44 -0.708 -0.492 -0.936 -0.952 -0.398 -0.139 -0.594 -0.798 -0.939 -0.768 -0.704 -0.633 -0.592 -0.531 -0.84 -0.483 0.121 0.786 1.2 1.186 1.42 -9 -9 1.024 0.577 0.014 -0.446 -0.651 -0.583 -0.507 -0.091 0.319 -0.15 -0.238 -0.269 -0.1 -0.341 -0.414 -0.046 0.071 0.306 0.676 0.721 0.871 1.019 1.056 1.015 0.843 0.914 0.84 0.55 0.423 0.802 1.261 1.462 1.575 1.616 1.623 1.628 1.636 1.636 1.636 1.628
-2.071 -2.051 -1.935 -1.059 -0.39 -0.813 -1.457 -2.01 -2.275 -2.524 -3.193 -2.384 -1.618 -1.141 -0.511 -0.779 -1.147 -1.024 -0.346 -0.467 -0.972 -0.88 -0.995 -0.788 -0.466 -0.24 -0.119 -0.429 -0.767 -0.482 0.057 0.548 1.172 1.376 1.449 -9 -9 -9 0.109 -0.224 -0.374 -0.187 -0.178 -0.131 0.045 0.426 0.237 0.238 0.128 0.171 0.046 -0.027 0.152 0.383 0.404 0.749 0.968 0.88 0.94 0.901 0.822 0.573 0.42 0.324 0.348 0.507 1.118 1.478 1.587 1.618 1.625 1.631 1.634 1.636 1.636 1.61 1.506
-2.749 -2.739 -1.983 -1.184 -0.475 -0.733 -1.31 -1.785 -1.902 -2.271 -2.779 -2.249 -1.616 -1.413 -1.192 -1.302 -1.331 -0.929 -0.338 -0.936 -1.284 -1.17 -1.204 -1.02 -0.555 -0.071 0.083 0.007 -0.597 -0.522 -0.091 0.398 1.231 1.466 1.465 -9 -9 -9 -9 -9 0.209 0.254 0.258 0.374 0.472 0.629 0.634 0.616 0.546 0.453 0.333 0.271 0.458 0.718 0.785 0.863 0.786 0.445 0.584 0.565 0.509 0.158 0.06 0.205 0.453 0.958 1.516 1.63 1.636 1.635 1.634 1.635 1.631 1.554 1.462 1.355 0.988
-2.949 -2.81 -1.894 -1.122 -0.515 -0.544 -1.071 -1.39 -1.844 -2.279 -2.76 -2.772 -1.952 -1.86 -1.585 -1.72 -1.719 -0.854 -0.812 -1.334 -1.395 -1.276 -0.886 -0.667 -0.336 0.228 0.362 0.321 0.071 0.07 0.438 0.881 1.439 1.492 1.487 -9 -9 -9 -9 -9 -9 0.661 0.603 0.666 0.677 0.71 0.713 0.755 0.785 0.698 0.642 0.633 0.803 0.83 0.747 0.681 0.435 0.066 0.092 -0.001 -0.014 -0.327 0.156 0.62 0.875 1.357 1.627 1.636 1.636 1.636 1.636 1.611 1.454 1.16 0.933 0.937 0.493
-2.958 -2.647 -2.167 -1.497 -0.745 -0.308 -0.979 -1.478 -1.984 -2.456 -2.92 -3.075 -2.263 -2.222 -1.904 -1.816 -1.245 -0.777 -1.123 -1.366 -1.111 -0.967 -0.637 -0.024 0.181 0.491 0.699 0.77 0.769 0.829 1.009 1.3 1.478 1.506 -9 -9 -9 -9 -9 -9 -9 -9 0.557 0.498 0.386 0.364 0.45 0.623 0.709 0.769 0.774 0.808 0.764 0.481 0.278 0.205 -0.011 -0.297 -0.466 -0.548 -0.596 -0.533 0.109 0.812 1.224 1.577 1.642 1.648 1.648 1.648 1.612 1.322 0.956 0.627 0.308 0.407 0.288
-3.154 -2.758 -2.016 -1.507 -0.885 -0.333 -0.898 -1.634 -2.134 -2.483 -2.569 -2.677 -2.566 -2.227 -1.76 -1.46 -0.894 -1.004 -1.271 -1.086 -0.709 -0.554 -0.234 0.188 0.327 0.503 0.68 0.891 0.88 0.941 1.065 1.304 1.475 1.515 -9 -9 -9 -9 -9 -9 -9 -9 -9 0.034 -0.081 -0.031 0.36 0.302 0.282 0.347 0.468 0.613 0.467 0.309 0.038 0.082 0.219 0.165 -0.26 -0.227 -0.382 -0.425 0.242 0.848 1.438 1.646 1.649 1.649 1.649 1.612 1.277 0.918 0.472 0.151 -0.173 0.062 0.094
-3.346 -2.692 -1.803 -1.137 -0.774 -0.504 -0.721 -1.46 -1.904 -1.948 -2.1 -2.342 -2.504 -2.149 -1.622 -1.257 -1.014 -1.157 -1.28 -1.106 -0.846 -0.544 -0.233 -0.11 -0.197 -0.093 0.305 0.539 0.358 0.446 0.707 1.085 1.411 1.522 -9 -9 -9 -9 -9 -9 -9 -9 -9 -9 -0.34 -0.062 0.339 0.107 -0.197 0.035 0.368 0.607 0.674 0.35 0.287 0.366 0.742 0.342 -0.104 0.265 0.084 -0.07 0.532 1.084 1.575 1.649 1.649 1.605 1.563 1.338 0.9 0.427 0.064 0.123 0.193 0.293 -0.065
-3.204 -2.392 -1.599 -0.857 -0.757 -0.957 -0.613 -0.939 -1.363 -1.507 -1.752 -2.171 -2.617 -2.347 -1.774 -1.279 -0.901 -0.729 -0.832 -1.142 -1.284 -1.126 -0.823 -0.628 -0.653 -0.491 -0.07 0.006 -0.14 0.23 0.673 1.111 1.463 1.539 -9 -9 -9 -9 -9 -9 -9 -9 -9 -9 -9 0.073 -0.005 0.058 -0.294 0.095 0.449 0.422 0.819 0.769 0.863 0.89 0.957 0.467 0.177 0.598 0.093 0.106 0.643 1.294 1.641 1.65 1.635 1.392 1.168 0.935 0.526 0.154 0.042 0.504 0.66 0.429 -0.011
-2.839 -2.062 -1.512 -1.067 -1.245 -1.579 -0.885 -0.688 -1.42 -1.84 -1.851 -2.058 -2.435 -1.969 -1.382 -0.915 -0.731 -0.571 -0.375 -0.62 -0.945 -1.202 -0.957 -0.6 -0.551 -0.171 -0.051 -0.251 -0.283 0.24 0.835 1.363 1.553 -9 -9 -9 -9 -9 -9 -9 -9 -9 -9 -9 -9 -0.354 -0.275 0.025 -0.256 0.203 0.245 0.233 0.712 0.583 0.876 0.767 1.079 0.725 0.211 0.746 0.492 0.333 0.833 1.388 1.648 1.653 1.525 1.1 0.793 0.709 0.487 0.286 0.273 0.717 0.72 0.363 -0.152
-2.845 -2.232 -1.907 -1.559 -1.796 -2.031 -1.097 -0.751 -1.287 -1.938 -2.179 -2.228 -2.338 -1.671 -1.169 -1.013 -1.15 -0.944 -0.381 -0.083 -0.458 -0.926 -1.044 -0.62 -0.235 -0.009 0.327 0.275 0.122 0.557 1.174 1.53 -9 -9 -9 -9 -9 -9 -9 -9 -9 -9 -9 -9 -9 -9 -0.435 -0.008 -0.232 0.172 -0.173 0.3 0.513 0.301 0.633 0.535 1.04 0.801 0.513 0.717 1.017 0.583 0.778 1.342 1.64 1.648 1.49 0.932 0.638 0.482 0.426 0.402 0.667 0.945 0.693 0.245 -0.152
-3.146 -2.558 -2.223 -1.966 -2.082 -2.026 -1.122 -0.863 -1.326 -1.43 -1.984 -2.36 -2.241 -1.698 -1.461 -1.481 -1.293 -0.618 -0.386 0.209 -0.236 -0.772 -0.861 -0.435 -0.475 -0.271 0.428 0.78 0.727 0.927 1.437 1.555 -9 -9 -9 -9 -9 -9 -9 -9 -9 -9 -9 -9 -9 -9 -9 -0.39 -0.217 -0.225 -0.201 0.058 0.05 0.372 0.844 0.92 1.106 1.142 1.126 1.076 1.193 1.096 1.093 1.419 1.638 1.651 1.63 1.136 0.761 0.546 0.583 0.825 0.987 0.817 0.656 0.422 0.02
-3.393 -2.811 -2.459 -2.354 -2.293 -2.048 -1.217 -0.918 -1.616 -1.511 -1.65 -2.214 -2.233 -1.531 -1.405 -1.459 -0.942 -0.015 0.208 0.531 0.143 -0.444 -0.248 0.086 -0.029 0.087 0.537 1.025 1.145 1.234 1.487 -9 -9 -9 -9 -9 -9 -9 -9 -9 -9 -9 -9 -9 -9 -9 -9 -0.694 -0.593 -0.307 -0.281 -0.31 0.034 0.464 0.411 0.562 0.797 0.767 1.028 0.933 1.011 1.173 1.371 1.498 1.559 1.656 1.648 1.25 0.923 0.963 1.025 1.076 1.03 0.63 0.415 0.341 0.06
-3.333 -2.986 -2.762 -2.623 -2.291 -1.922 -1.26 -1.044 -1.811 -1.984 -1.539 -1.983 -2.295 -1.692 -1.063 -0.789 -0.419 0.316 0.369 0.52 0.695 0.307 0.338 0.335 0.645 0.862 1.007 1.015 0.649 0.849 -9 -9 -9 -9 -9 -9 -9 -9 -9 -9 -9 -9 -9 -9 -9 -9 -9 -9 -0.27 0.111 0.074 -0.346 -0.108 0.096 -0.023 0.349 0.349 0.641 0.702 0.487 0.553 0.778 0.951 1.106 1.381 1.659 1.657 1.432 1.22 1.226 1.166 0.865 0.759 0.493 0.207 0.057 0.221
-2.987 -3.13 -3.061 -2.575 -2.249 -1.989 -1.43 -1.109 -1.791 -2.172 -1.912 -1.825 -2.206 -1.903 -1.208 -0.496 -0.127 -0.218 -0.342 -0.303 0.257 0.796 0.897 0.912 0.875 0.69 0.585 0.419 0.339 -9 -9 -9 -9 -9 -9 -9 -9 -9 -9 -9 -9 -9 -9 -9 -9 -9 -9 -9 -9 0.384 0.106 -0.482 -0.298 -0.121 -0.059 0.198 0.257 0.489 0.467 0.398 0.461 0.578 0.662 0.796 1.239 1.646 1.658 1.59 1.334 1.161 1.096 0.875 0.686 0.409 0.052 0.19 0.512
-2.846 -3.055 -2.781 -2.618 -2.455 -2.028 -1.358 -1.107 -1.737 -2.242 -2.384 -2.01 -1.802 -1.64 -1.301 -0.319 -0.415 -0.866 -0.966 -0.751 -0.259 0.126 0.403 0.344 0.138 -0.053 0.09 0.042 -9 -9 -9 -9 -9 -9 -9 -9 -9 -9 -9 -9 -9 -9 -9 -9 -9 -9 -9 -9 -9 -9 -9 -0.449 -0.031 0.331 0.291 0.375 0.388 0.272 0.182 0.463 0.758 0.895 0.991 1 1.297 1.637 1.661 1.657 1.458 1.274 1.169 1.102 0.897 0.59 0.211 0.535 0.807
-3.01 -3.294 -2.867 -2.879 -2.601 -1.883 -1.554 -1.117 -1.472 -1.718 -2.04 -2.188 -1.632 -1.129 -0.71 -0.383 -0.675 -1.063 -1.356 -1.154 -0.835 -0.65 -0.241 -0.311 -0.145 0.169 0.652 -9 -9 -9 -9 -9 -9 -9 -9 -9 -9 -9 -9 -9 -9 -9 -9 -9 -9 -9 -9 -9 -9 -9 -9 -9 0.071 0.445 0.64 0.705 0.486 0.358 0.279 0.401 0.665 1.036 1.371 1.473 1.574 1.66 1.667 1.667 1.586 1.415 1.343 1.272 0.998 0.636 0.6 0.833 1.003
