data/climatemaps/RS_maps/climate_winter_tmin_2015.asc
NCOLS 369 
NROWS 228 
XLLCORNER 479000 
YLLCORNER 73000 
CELLSIZE 1000 
NODATA_value -9 
[rows 170 to 203 of 228, columns 0 to 76 of 369]
-9 -9 0.822 0.795 0.819 0.948 0.982 0.755 0.58 0.512 0.653 0.87 1.119 1.252 1.291 1.307 1.317 1.329 1.347 1.373 1.392 1.397 1.419 1.442 1.466 1.488 1.499 1.499 1.505 1.505 1.475 1.459 1.451 1.454 1.459 1.46 1.454 1.449 1.429 1.422 1.409 1.388 1.382 1.379 1.285 1.231 1.268 1.265 1.246 1.124 -9 -9 -9 -9 -9 -9 -9 -9 0.808 0.824 0.926 1.028 0.907 0.7 0.523 0.357 0.351 0.301 0.222 0.142 -0.079 -0.068 0.059 0.199 0.237 0.331 0.501
-9 0.841 0.794 0.796 0.892 1.019 0.887 0.681 0.531 0.61 0.821 1.032 1.22 1.275 1.307 1.324 1.34 1.349 1.364 1.386 1.389 1.395 1.427 1.446 1.472 1.487 1.488 1.494 1.499 1.487 1.457 1.448 1.449 1.447 1.447 1.425 1.371 1.293 1.268 1.362 1.374 1.352 1.346 1.348 1.264 1.234 1.244 1.226 1.151 -9 -9 -9 -9 -9 -9 -9 -9 -9 0.711 0.563 0.703 0.892 0.991 0.837 0.618 0.49 0.419 0.289 0.143 0.192 0.288 0.112 -0.001 -0.006 0.137 0.287 0.361
0.854 0.824 0.781 0.812 1.001 0.975 0.76 0.626 0.557 0.723 0.948 1.14 1.264 1.286 1.317 1.339 1.352 1.358 1.37 1.376 1.393 1.404 1.429 1.455 1.477 1.478 1.483 1.49 1.489 1.458 1.443 1.436 1.435 1.435 1.409 1.305 1.228 1.185 1.253 1.344 1.354 1.33 1.322 1.309 1.269 -9 -9 -9 -9 -9 -9 -9 -9 -9 -9 -9 -9 -9 0.836 0.46 0.463 0.726 0.93 0.612 0.451 0.454 0.366 0.239 0.193 0.246 0.432 0.299 0.116 0.023 0.065 0.256 0.294
0.821 0.777 0.772 0.875 1.035 0.813 0.615 0.557 0.637 0.859 1.076 1.231 1.294 1.304 1.326 1.348 1.356 1.355 1.363 1.382 1.397 1.41 1.432 1.464 1.471 1.477 1.477 1.476 1.467 1.445 1.434 1.429 1.419 1.416 1.361 1.284 1.255 1.273 1.322 1.342 1.327 1.313 1.299 1.272 1.248 -9 -9 -9 -9 -9 -9 -9 -9 -9 -9 -9 -9 -9 0.771 0.345 0.348 0.787 0.866 0.563 0.347 0.282 0.381 0.494 0.524 0.552 0.622 0.543 0.353 0.134 -0.062 0.038 0.089
0.771 0.751 0.794 0.963 0.981 0.646 0.504 0.602 0.774 1.014 1.201 1.294 1.318 1.329 1.342 1.352 1.354 1.352 1.364 1.388 1.402 1.413 1.429 1.459 1.464 1.469 1.469 1.461 1.437 1.428 1.423 1.411 1.406 1.389 1.332 1.272 1.283 1.313 1.318 1.323 1.309 1.299 1.278 1.241 1.194 -9 -9 -9 -9 -9 -9 -9 -9 -9 -9 -9 -9 -9 -9 0.518 0.549 0.737 0.722 0.794 0.61 0.408 0.62 0.733 0.653 0.577 0.569 0.603 0.566 0.281 0.07 -0.085 -0.194
0.75 0.785 0.93 1.032 0.804 0.516 0.549 0.789 0.983 1.167 1.283 1.323 1.339 1.348 1.352 1.355 1.354 1.353 1.372 1.393 1.403 1.413 1.427 1.454 1.457 1.461 1.461 1.434 1.42 1.417 1.412 1.397 1.39 1.369 1.318 1.275 1.288 1.301 1.302 1.299 1.287 1.261 1.22 1.161 1.065 -9 -9 -9 -9 -9 -9 -9 -9 -9 -9 -9 -9 -9 -9 -9 0.428 0.477 0.601 0.723 0.71 0.769 0.643 0.534 0.385 0.318 0.178 0.35 0.543 0.528 0.324 -0.004 -0.262
0.847 0.874 1.057 0.824 0.579 0.541 0.673 0.96 1.159 1.273 1.327 1.342 1.35 1.359 1.358 1.357 1.349 1.361 1.384 1.394 1.396 1.41 1.43 1.449 1.454 1.453 1.443 1.415 1.409 1.406 1.396 1.383 1.373 1.355 1.307 1.282 1.282 1.276 1.269 1.267 1.242 1.184 1.099 0.99 0.888 0.779 -9 -9 -9 -9 -9 -9 -9 -9 -9 -9 -9 -9 -9 -9 0.388 0.282 0.376 0.319 0.48 0.702 0.562 0.28 0.092 0.007 -0.16 0.129 0.196 0.358 0.491 0.142 -0.193
0.855 1.099 0.991 0.683 0.522 0.659 0.916 1.107 1.263 1.328 1.35 1.358 1.361 1.362 1.351 1.349 1.362 1.376 1.39 1.396 1.404 1.421 1.439 1.445 1.448 1.438 1.419 1.398 1.396 1.389 1.381 1.366 1.356 1.337 1.304 1.285 1.228 1.211 1.207 1.194 1.13 1.027 0.885 0.794 0.75 0.814 -9 -9 -9 -9 -9 -9 -9 -9 -9 -9 -9 -9 -9 -9 -9 0.203 0.319 0.207 0.359 0.522 0.641 0.515 0.17 -0.29 -0.387 -0.164 -0.024 0.25 0.471 0.094 -0.156
0.937 1.168 1.072 0.76 0.629 0.856 1.053 1.209 1.31 1.348 1.362 1.362 1.362 1.358 1.354 1.366 1.376 1.382 1.387 1.395 1.401 1.425 1.441 1.442 1.442 1.416 1.4 1.39 1.387 1.376 1.365 1.354 1.34 1.324 1.301 1.261 1.111 1.071 1.063 1.036 0.965 0.843 0.703 0.734 0.745 0.869 -9 -9 -9 -9 -9 -9 -9 -9 -9 -9 -9 -9 -9 -9 0.521 0.526 0.449 0.09 0.151 0.527 0.354 0.474 0.316 -0.084 -0.207 0.066 0.337 0.432 0.271 0.085 -0.281
1.132 1.18 1.021 0.722 0.778 1.007 1.163 1.28 1.342 1.362 1.37 1.373 1.366 1.357 1.368 1.382 1.378 1.381 1.388 1.377 1.372 1.413 1.441 1.441 1.438 1.393 1.379 1.387 1.388 1.367 1.355 1.341 1.321 1.31 1.29 1.2 0.971 0.839 0.857 0.896 0.928 0.734 0.655 0.797 0.87 0.91 -9 -9 -9 -9 -9 -9 -9 -9 -9 -9 -9 -9 -9 -9 0.787 0.585 0.295 0.001 0.089 0.27 0.065 0.287 0.35 0.103 -0.002 0.265 0.196 0.094 -0.084 0.126 -0.029
1.232 1.079 0.829 0.759 0.941 1.136 1.235 1.317 1.359 1.373 1.372 1.356 1.346 1.374 1.378 1.377 1.371 1.383 1.38 1.363 1.367 1.417 1.432 1.432 1.407 1.356 1.365 1.377 1.386 1.364 1.344 1.324 1.307 1.302 1.259 1.099 0.817 0.624 0.722 0.911 0.95 0.764 0.74 0.884 0.948 0.862 -9 -9 -9 -9 -9 -9 -9 -9 -9 -9 -9 -9 -9 -9 0.874 0.529 0.203 0.019 -0.171 -0.11 -0.126 0.165 0.121 0.071 0.172 0.17 -0.17 -0.21 -0.067 0.143 0.126
1.172 0.912 0.722 0.915 1.116 1.233 1.303 1.347 1.365 1.386 1.363 1.334 1.351 1.383 1.377 1.373 1.37 1.384 1.371 1.374 1.393 1.418 1.431 1.422 1.349 1.355 1.373 1.378 1.376 1.359 1.333 1.311 1.309 1.284 1.194 0.962 0.74 0.584 0.731 0.947 0.993 0.888 0.906 0.975 0.934 0.74 -9 -9 -9 -9 -9 -9 -9 -9 -9 -9 -9 -9 -9 -9 0.796 0.674 0.427 0.135 -0.138 -0.097 -0.121 -0.055 0.027 -0.022 0.118 -0.023 -0.321 -0.3 0.072 -0.052 -0.152
1.053 0.798 0.845 1.083 1.215 1.294 1.342 1.36 1.367 1.389 1.36 1.349 1.381 1.384 1.377 1.377 1.387 1.391 1.38 1.385 1.395 1.415 1.428 1.391 1.362 1.37 1.373 1.377 1.366 1.343 1.333 1.318 1.286 1.219 1.087 0.901 0.716 0.571 0.722 0.959 1.037 1.014 1 0.986 0.87 -9 -9 -9 -9 -9 -9 -9 -9 -9 -9 -9 -9 -9 -9 0.489 0.6 0.762 0.553 0.157 0.069 0.248 0.21 0.229 0.227 0.029 -0.087 -0.162 -0.378 -0.152 -0.01 -0.226 -0.151
0.89 0.814 1.014 1.196 1.273 1.318 1.355 1.354 1.361 1.391 1.382 1.378 1.401 1.397 1.399 1.396 1.399 1.392 1.386 1.395 1.411 1.408 1.4 1.378 1.373 1.373 1.368 1.367 1.363 1.341 1.312 1.288 1.26 1.125 1.002 0.868 0.689 0.627 0.778 0.978 1.055 0.999 0.906 0.878 0.74 -9 -9 -9 -9 -9 -9 -9 -9 -9 -9 -9 -9 -9 -9 0.35 0.404 0.743 0.668 0.453 0.461 0.398 0.341 0.254 0.182 0.089 -0.092 -0.32 -0.356 -0.09 -0.259 -0.297 -0.089
0.787 0.937 1.152 1.271 1.316 1.336 1.362 1.34 1.35 1.385 1.399 1.402 1.413 1.411 1.405 1.393 1.389 1.39 1.378 1.391 1.411 1.392 1.379 1.373 1.378 1.37 1.369 1.364 1.354 1.333 1.31 1.283 1.254 1.153 1.038 0.865 0.664 0.638 0.848 0.995 1.056 0.93 0.82 0.807 0.634 -9 -9 -9 -9 -9 -9 -9 -9 -9 -9 -9 -9 -9 -9 0.198 0.334 0.626 0.745 0.696 0.479 0.206 0.093 0.081 -0.002 -0.099 -0.067 -0.308 -0.389 -0.309 -0.432 -0.32 -0.118
0.866 1.06 1.227 1.332 1.352 1.354 1.362 1.346 1.375 1.405 1.411 1.417 1.397 1.392 1.387 1.382 1.375 1.374 1.378 1.395 1.397 1.388 1.383 1.376 1.384 1.377 1.376 1.368 1.353 1.303 1.291 1.292 1.269 1.219 1.125 0.976 0.797 0.745 0.978 1.037 1.002 0.852 0.888 0.774 0.632 -9 -9 -9 -9 -9 -9 -9 -9 -9 -9 -9 -9 -9 -9 0.231 0.332 0.552 0.665 0.698 0.518 0.232 0.276 0.315 0.182 -0.103 -0.212 -0.359 -0.472 -0.403 -0.276 -0.139 0.001
0.929 1.141 1.298 1.359 1.37 1.367 1.371 1.375 1.41 1.417 1.4 1.393 1.373 1.37 1.364 1.356 1.375 1.381 1.386 1.39 1.387 1.378 1.377 1.373 1.385 1.381 1.34 1.308 1.348 1.309 1.283 1.293 1.282 1.268 1.198 1.089 0.964 0.887 1.086 0.954 0.878 0.903 0.897 0.695 -9 -9 -9 -9 -9 -9 -9 -9 -9 -9 -9 -9 -9 -9 -9 0.328 0.424 0.441 0.533 0.554 0.635 0.452 0.277 0.147 0.088 -0.215 -0.295 -0.468 -0.451 -0.3 -0.237 -0.109 0.196
0.914 1.202 1.349 1.381 1.38 1.385 1.38 1.402 1.421 1.4 1.38 1.377 1.362 1.357 1.357 1.362 1.382 1.38 1.373 1.372 1.368 1.363 1.362 1.359 1.354 1.287 1.186 1.214 1.324 1.323 1.299 1.293 1.275 1.27 1.254 1.206 1.126 1.065 1.13 0.964 0.921 0.968 0.871 -9 -9 -9 -9 -9 -9 -9 -9 -9 -9 -9 -9 -9 -9 -9 0.224 0.121 0.163 0.336 0.408 0.327 0.557 0.328 -0.049 -0.258 -0.263 -0.493 -0.524 -0.466 -0.339 -0.214 -0.143 -0.054 0.396
0.882 1.195 1.342 1.378 1.4 1.385 1.394 1.429 1.423 1.394 1.381 1.373 1.363 1.353 1.37 1.375 1.367 1.358 1.347 1.344 1.346 1.35 1.341 1.323 1.176 1.032 1.097 1.238 1.294 1.322 1.309 1.295 1.284 1.271 1.253 1.228 1.207 1.182 1.148 0.993 1.033 1.027 0.846 -9 -9 -9 -9 -9 -9 -9 -9 -9 -9 -9 -9 -9 -9 -9 0.274 0.082 0.206 0.442 0.319 0.218 0.414 0.477 0.227 -0.147 -0.342 -0.399 -0.508 -0.328 -0.084 0.023 0.135 0.237 0.449
0.823 1.141 1.342 1.376 1.399 1.412 1.426 1.445 1.427 1.411 1.388 1.375 1.36 1.356 1.365 1.361 1.343 1.338 1.325 1.322 1.323 1.315 1.27 1.156 0.871 0.898 1.139 1.227 1.249 1.316 1.321 1.309 1.302 1.292 1.265 1.235 1.189 1.142 1.142 1.094 1.1 1.069 -9 -9 -9 -9 -9 -9 -9 -9 -9 -9 -9 -9 -9 -9 -9 -9 0.228 0.286 0.44 0.446 0.281 0.191 0.226 0.076 0.383 0.292 0.143 -0.008 -0.321 -0.225 -0.116 -0.039 0.03 0.194 0.065
0.827 1.097 1.364 1.421 1.452 1.438 1.44 1.422 1.403 1.399 1.379 1.367 1.35 1.345 1.345 1.34 1.324 1.313 1.304 1.299 1.29 1.249 1.104 0.816 0.757 0.98 1.182 1.178 1.217 1.274 1.302 1.297 1.296 1.301 1.289 1.257 1.169 1.096 1.109 1.145 1.135 -9 -9 -9 -9 -9 -9 -9 -9 -9 -9 -9 -9 -9 -9 -9 -9 -9 0.359 0.483 0.457 0.316 0.219 0.083 0.111 -0.16 0.073 0.315 0.238 0.136 -0.138 -0.308 -0.157 -0.054 -0.109 -0.391 -0.27
1.089 1.177 1.412 1.459 1.455 1.447 1.427 1.393 1.375 1.375 1.354 1.342 1.334 1.317 1.308 1.315 1.297 1.291 1.285 1.262 1.233 1.179 0.948 0.71 0.865 1.103 1.151 1.109 1.177 1.236 1.275 1.282 1.285 1.296 1.302 1.286 1.186 1.08 1.065 1.115 -9 -9 -9 -9 -9 -9 -9 -9 -9 -9 -9 -9 -9 -9 -9 -9 -9 -9 -9 0.438 0.334 0.157 0.158 0.021 0.027 -0.187 -0.133 0.073 -0.015 0.044 -0.277 -0.61 -0.62 -0.601 -0.801 -0.799 -0.644
1.29 1.347 1.41 1.417 1.403 1.391 1.386 1.37 1.362 1.353 1.34 1.334 1.322 1.29 1.293 1.29 1.279 1.266 1.241 1.194 1.156 1.058 0.811 0.786 0.972 1.135 1.08 1.08 1.152 1.214 1.248 1.261 1.274 1.279 1.294 1.298 1.238 1.097 -9 -9 -9 -9 -9 -9 -9 -9 -9 -9 -9 -9 -9 -9 -9 -9 -9 -9 -9 -9 -9 0.259 0.251 0.138 0.063 0.082 -0.029 -0.166 0.041 -0.032 -0.055 -0.261 -0.452 -0.612 -0.903 -0.85 -0.993 -0.898 -0.687
1.369 1.298 1.277 1.375 1.381 1.372 1.366 1.352 1.352 1.335 1.321 1.311 1.291 1.286 1.277 1.261 1.256 1.237 1.18 1.1 1.03 0.862 0.685 0.827 0.987 1.098 1.026 1.063 1.126 1.159 1.211 1.237 1.255 1.267 1.285 1.292 1.276 -9 -9 -9 -9 -9 -9 -9 -9 -9 -9 -9 -9 -9 -9 -9 -9 -9 -9 -9 -9 -9 -9 0.282 0.189 0.112 0.139 0.322 0.105 -0.039 0.264 0.27 0.076 -0.124 -0.372 -0.688 -0.864 -0.662 -0.657 -0.603 -0.511
1.369 1.36 1.167 1.302 1.348 1.338 1.329 1.32 1.314 1.298 1.276 1.269 1.248 1.256 1.251 1.23 1.22 1.193 1.138 1.033 0.873 0.668 0.708 0.904 1.021 1.022 0.995 1.068 1.046 1.066 1.164 1.215 1.241 1.258 1.262 -9 -9 -9 -9 -9 -9 -9 -9 -9 -9 -9 -9 -9 -9 -9 -9 -9 -9 -9 -9 -9 -9 -9 -9 0.609 0.439 0.3 0.353 0.443 0.297 0.194 0.37 0.499 0.138 -0.069 -0.352 -0.695 -0.935 -0.788 -0.356 -0.037 0.024
1.399 1.409 1.165 1.211 1.279 1.286 1.269 1.268 1.247 1.229 1.218 1.22 1.21 1.206 1.19 1.17 1.184 1.166 1.092 0.928 0.677 0.685 0.853 0.978 0.998 0.926 0.982 1.047 0.978 1.001 1.101 1.191 1.225 1.25 -9 -9 -9 -9 -9 -9 -9 -9 -9 -9 -9 -9 -9 -9 -9 -9 -9 -9 -9 -9 -9 -9 -9 -9 -9 -9 0.836 0.711 0.656 0.627 0.577 0.459 0.453 0.621 0.104 -0.252 -0.592 -0.721 -0.763 -0.682 -0.111 0.303 -0.159
1.4 1.373 1.211 1.108 1.182 1.239 1.242 1.23 1.19 1.177 1.176 1.166 1.148 1.125 1.088 1.086 1.146 1.117 0.945 0.716 0.683 0.814 0.969 1.012 0.969 0.923 0.982 0.985 0.931 0.952 1.038 1.148 1.198 -9 -9 -9 -9 -9 -9 -9 -9 -9 -9 -9 -9 -9 -9 -9 -9 -9 -9 -9 -9 -9 -9 -9 -9 -9 -9 -9 0.922 0.914 0.88 0.837 0.783 0.7 0.652 0.497 -0.126 -0.439 -0.689 -0.513 -0.412 -0.425 0.174 0.24 -0.6
1.372 1.334 1.245 1.107 1.087 1.21 1.272 1.265 1.224 1.203 1.18 1.153 1.133 1.119 1.077 1.056 1.068 1.027 0.81 0.693 0.833 0.969 1.041 1.014 0.932 0.922 0.945 0.939 0.899 0.897 0.968 1.089 -9 -9 -9 -9 -9 -9 -9 -9 -9 -9 -9 -9 -9 -9 -9 -9 -9 -9 -9 -9 -9 -9 -9 -9 -9 -9 -9 -9 -9 0.829 0.88 0.898 0.877 0.862 0.827 0.504 0.113 -0.21 -0.473 -0.121 -0.07 0.015 0.48 0.245 -0.521
1.345 1.334 1.278 1.19 1.047 1.145 1.277 1.296 1.27 1.236 1.175 1.204 1.205 1.21 1.146 1.095 1.02 0.881 0.759 0.802 0.945 1.026 1.049 0.965 0.904 0.899 0.915 0.892 0.882 0.89 0.926 -9 -9 -9 -9 -9 -9 -9 -9 -9 -9 -9 -9 -9 -9 -9 -9 -9 -9 -9 -9 -9 -9 -9 -9 -9 -9 -9 -9 -9 -9 -9 0.722 0.727 0.759 0.77 0.843 0.733 0.305 -0.075 0.034 0.317 0.464 0.446 0.527 0.334 -0.358
1.355 1.365 1.32 1.256 1.123 1.058 1.255 1.315 1.302 1.242 1.212 1.264 1.271 1.253 1.196 1.154 1.03 0.854 0.828 0.914 1.018 1.068 1.051 0.96 0.904 0.9 0.906 0.913 0.926 -9 -9 -9 -9 -9 -9 -9 -9 -9 -9 -9 -9 -9 -9 -9 -9 -9 -9 -9 -9 -9 -9 -9 -9 -9 -9 -9 -9 -9 -9 -9 -9 -9 0.487 0.375 0.398 0.471 0.722 0.794 0.437 0.249 0.548 0.593 0.409 0.114 0.208 0.011 -0.689
1.4 1.414 1.358 1.291 1.219 1.127 1.234 1.327 1.325 1.25 1.263 1.309 1.312 1.27 1.248 1.209 1.094 0.966 0.93 1.002 1.068 1.101 1.048 0.995 0.933 0.925 0.944 0.955 -9 -9 -9 -9 -9 -9 -9 -9 -9 -9 -9 -9 -9 -9 -9 -9 -9 -9 -9 -9 -9 -9 -9 -9 -9 -9 -9 -9 -9 -9 -9 -9 -9 -9 -9 0.052 0.147 0.357 0.409 0.656 0.686 0.681 0.56 0.256 -0.004 -0.295 -0.494 -0.59 -1.003
1.427 1.425 1.345 1.321 1.286 1.245 1.271 1.341 1.317 1.269 1.281 1.345 1.344 1.315 1.29 1.239 1.146 1.055 1.014 1.027 1.087 1.102 1.045 0.994 0.959 0.957 -9 -9 -9 -9 -9 -9 -9 -9 -9 -9 -9 -9 -9 -9 -9 -9 -9 -9 -9 -9 -9 -9 -9 -9 -9 -9 -9 -9 -9 -9 -9 -9 -9 -9 -9 -9 -9 -9 0.11 0.175 -0.039 0.144 0.642 0.651 0.334 -0.05 -0.412 -0.77 -1.108 -1.121 -1.174
-9 1.44 1.385 1.335 1.338 1.334 1.348 1.332 1.296 1.31 1.333 1.358 1.307 1.284 1.305 -9 1.184 1.08 1.029 1.025 1.088 1.113 -9 -9 -9 -9 -9 -9 -9 -9 -9 -9 -9 -9 -9 -9 -9 -9 -9 -9 -9 -9 -9 -9 -9 -9 -9 -9 -9 -9 -9 -9 -9 -9 -9 -9 -9 -9 -9 -9 -9 -9 -9 -9 -9 -0.164 -0.1 0.155 0.485 0.591 0.141 -0.367 -0.743 -0.761 -0.988 -1.217 -0.982
-9 -9 -9 -9 -9 1.413 1.306 1.309 1.34 1.369 -9 -9 -9 -9 -9 -9 -9 -9 -9 -9 -9 -9 -9 -9 -9 -9 -9 -9 -9 -9 -9 -9 -9 -9 -9 -9 -9 -9 -9 -9 -9 -9 -9 -9 -9 -9 -9 -9 -9 -9 -9 -9 -9 -9 -9 -9 -9 -9 -9 -9 -9 -9 -9 -9 -9 -9 -0.144 -0.152 0.151 0.476 0.145 -0.221 -0.184 -0.251 -0.947 -1.343 -0.929
