data/climatemaps/RS_maps/climate_breeding_tmp_1999.asc
NCOLS 369 
NROWS 228 
XLLCORNER 479000 
YLLCORNER 73000 
CELLSIZE 1000 
NODATA_value -9 
[rows 102 to 135 of 228, columns 76 to 151 of 369]
1.013 1.013 1.013 1.009 1.008 1.008 1.008 1.008 1.005 0.998 0.956 0.915 0.879 0.83 0.848 0.933 0.985 0.994 0.998 0.993 0.993 0.97 0.927 0.84 0.806 0.856 0.878 0.884 0.866 0.897 0.822 0.727 0.714 0.703 0.746 0.748 0.762 0.74 0.73 0.761 0.76 0.761 0.74 0.779 0.796 0.828 0.791 0.773 0.765 0.73 0.655 0.589 0.6 0.723 0.657 0.499 0.45 0.542 0.5 0.332 0.329 0.327 0.264 0.226 0.121 0.26 0.37 0.503 0.586 0.53 0.534 0.543 0.524 0.472 0.376 0.203
1.013 1.013 1.013 1.013 1.013 1.009 1.008 1.008 1.004 0.944 0.891 0.824 0.819 0.823 0.922 0.997 1.003 1.003 1.001 0.993 0.971 0.921 0.845 0.799 0.793 0.817 0.85 0.868 0.858 0.898 0.82 0.77 0.732 0.732 0.723 0.704 0.705 0.664 0.665 0.719 0.761 0.682 0.682 0.758 0.74 0.751 0.798 0.801 0.786 0.754 0.737 0.713 0.686 0.699 0.702 0.615 0.554 0.494 0.508 0.475 0.402 0.33 0.269 0.198 0.109 0.257 0.424 0.573 0.537 0.434 0.396 0.378 0.454 0.522 0.405 0.266
1.013 1.013 1.013 1.013 1.013 1.013 1.008 1.004 0.964 0.902 0.872 0.874 0.896 0.949 1.003 1.003 1.003 1.003 0.993 0.971 0.938 0.885 0.816 0.785 0.774 0.79 0.845 0.847 0.842 0.897 0.803 0.759 0.737 0.699 0.696 0.694 0.663 0.639 0.641 0.725 0.662 0.671 0.719 0.712 0.576 0.494 0.7 0.792 0.838 0.798 0.727 0.724 0.739 0.665 0.678 0.679 0.6 0.506 0.5 0.469 0.35 0.262 0.254 0.27 0.274 0.299 0.467 0.556 0.528 0.358 0.251 0.176 0.308 0.404 0.475 0.454
1.013 1.013 1.013 1.013 1.013 1.013 1.002 0.971 0.917 0.901 0.901 0.946 0.985 0.989 0.991 1.001 1.001 0.989 0.974 0.939 0.903 0.839 0.812 0.791 0.772 0.795 0.853 0.855 0.85 0.895 0.832 0.791 0.725 0.685 0.677 0.679 0.666 0.651 0.677 0.678 0.629 0.673 0.664 0.65 0.607 0.5 0.564 0.767 0.833 0.835 0.789 0.737 0.759 0.728 0.698 0.672 0.613 0.547 0.506 0.469 0.356 0.342 0.358 0.328 0.322 0.421 0.506 0.444 0.488 0.484 0.388 0.192 0.125 0.235 0.302 0.307
1.013 1.013 1.013 1.013 1.01 1.004 0.971 0.924 0.895 0.899 0.943 0.99 0.993 0.993 0.989 0.988 0.977 0.949 0.952 0.904 0.831 0.769 0.814 0.83 0.815 0.819 0.826 0.844 0.872 0.888 0.809 0.767 0.763 0.743 0.737 0.701 0.676 0.678 0.698 0.632 0.561 0.629 0.627 0.587 0.423 0.497 0.524 0.583 0.782 0.83 0.829 0.802 0.78 0.736 0.718 0.663 0.552 0.473 0.411 0.458 0.503 0.524 0.519 0.483 0.458 0.506 0.446 0.298 0.295 0.465 0.429 0.295 0.208 0.113 0.233 0.198
1.015 1.014 1.013 1.007 0.99 0.972 0.941 0.917 0.902 0.914 0.973 0.997 0.993 0.991 0.993 0.978 0.947 0.941 0.893 0.832 0.78 0.788 0.823 0.822 0.828 0.804 0.802 0.878 0.857 0.836 0.841 0.833 0.813 0.795 0.803 0.79 0.74 0.729 0.714 0.618 0.659 0.639 0.602 0.531 0.385 0.367 0.358 0.416 0.634 0.811 0.82 0.811 0.807 0.764 0.712 0.653 0.517 0.354 0.318 0.476 0.575 0.556 0.5 0.442 0.5 0.461 0.367 0.332 0.183 0.291 0.444 0.455 0.264 0.075 0.135 0.067
1.021 1.019 1.009 0.978 0.955 0.944 0.93 0.936 0.945 0.961 0.994 0.998 0.993 0.991 0.981 0.948 0.908 0.906 0.862 0.83 0.788 0.807 0.778 0.766 0.772 0.798 0.826 0.849 0.802 0.762 0.755 0.779 0.779 0.75 0.758 0.748 0.71 0.701 0.753 0.65 0.629 0.587 0.52 0.493 0.386 0.311 0.306 0.387 0.532 0.776 0.723 0.711 0.809 0.798 0.735 0.665 0.556 0.442 0.475 0.589 0.555 0.456 0.36 0.329 0.396 0.305 0.264 0.27 0.159 0.136 0.302 0.459 0.284 0.142 0.059 0.016
1.023 1.017 0.981 0.942 0.927 0.934 0.939 0.962 0.981 0.99 0.998 0.997 0.993 0.977 0.936 0.879 0.879 0.829 0.826 0.823 0.807 0.779 0.734 0.725 0.763 0.823 0.832 0.806 0.777 0.733 0.713 0.72 0.736 0.731 0.741 0.685 0.635 0.625 0.721 0.629 0.55 0.535 0.487 0.464 0.443 0.347 0.307 0.382 0.573 0.783 0.548 0.517 0.755 0.806 0.771 0.7 0.636 0.583 0.602 0.601 0.464 0.358 0.234 0.254 0.254 0.144 0.113 0.183 0.188 0.106 0.252 0.359 0.429 0.298 0.156 0.043
1.018 0.982 0.947 0.92 0.92 0.944 0.972 0.988 0.993 0.993 0.995 0.99 0.979 0.928 0.857 0.822 0.848 0.78 0.778 0.793 0.781 0.747 0.69 0.72 0.803 0.816 0.798 0.762 0.737 0.721 0.709 0.704 0.7 0.676 0.693 0.655 0.592 0.558 0.656 0.621 0.528 0.498 0.431 0.361 0.398 0.415 0.367 0.385 0.618 0.796 0.524 0.434 0.61 0.786 0.794 0.715 0.626 0.53 0.552 0.571 0.355 0.247 0.098 0.116 0.071 0.065 0.087 0.197 0.281 0.245 0.297 0.328 0.428 0.347 0.192 0.009
0.99 0.95 0.932 0.911 0.934 0.967 0.987 0.99 0.987 0.99 0.975 0.961 0.9 0.853 0.813 0.84 0.808 0.771 0.772 0.764 0.726 0.745 0.708 0.767 0.812 0.79 0.756 0.71 0.689 0.67 0.689 0.703 0.679 0.644 0.641 0.63 0.509 0.562 0.625 0.583 0.547 0.526 0.421 0.364 0.339 0.329 0.336 0.368 0.602 0.797 0.54 0.412 0.493 0.727 0.801 0.737 0.618 0.481 0.52 0.505 0.214 0.142 0.085 0.112 0.122 0.162 0.224 0.269 0.311 0.265 0.291 0.284 0.336 0.329 0.219 0.056
0.957 0.944 0.927 0.92 0.961 0.985 0.986 0.986 0.984 0.983 0.95 0.895 0.8 0.746 0.777 0.818 0.78 0.759 0.733 0.693 0.676 0.753 0.8 0.799 0.787 0.771 0.731 0.684 0.659 0.657 0.663 0.686 0.661 0.607 0.577 0.612 0.55 0.595 0.582 0.509 0.505 0.517 0.464 0.443 0.395 0.309 0.226 0.286 0.544 0.79 0.642 0.461 0.446 0.691 0.8 0.761 0.644 0.488 0.524 0.505 0.311 0.263 0.232 0.221 0.223 0.194 0.185 0.278 0.254 0.131 0.141 0.136 0.273 0.261 0.21 0.101
0.946 0.944 0.933 0.969 0.985 0.984 0.984 0.984 0.98 0.967 0.912 0.821 0.76 0.741 0.799 0.778 0.756 0.736 0.673 0.687 0.722 0.791 0.821 0.791 0.778 0.739 0.716 0.683 0.66 0.643 0.609 0.661 0.636 0.59 0.534 0.546 0.581 0.557 0.489 0.524 0.528 0.471 0.443 0.408 0.383 0.358 0.26 0.264 0.49 0.76 0.768 0.627 0.516 0.687 0.799 0.775 0.683 0.568 0.615 0.587 0.449 0.329 0.23 0.132 0.149 0.106 0.123 0.232 0.19 0.043 -0.02 0.002 0.206 0.285 0.192 0.041
0.937 0.943 0.969 0.983 0.984 0.983 0.983 0.982 0.967 0.936 0.886 0.837 0.817 0.796 0.749 0.736 0.72 0.704 0.692 0.753 0.785 0.765 0.767 0.805 0.765 0.693 0.676 0.683 0.665 0.63 0.614 0.622 0.594 0.583 0.515 0.528 0.595 0.499 0.447 0.523 0.526 0.519 0.472 0.366 0.253 0.26 0.251 0.256 0.461 0.696 0.796 0.762 0.664 0.696 0.774 0.782 0.723 0.683 0.667 0.52 0.282 0.143 0.034 0.049 0.125 0.125 0.131 0.191 0.215 0.085 0.038 -0.039 0.072 0.204 0.212 0.055
0.915 0.952 0.965 0.963 0.978 0.983 0.98 0.943 0.943 0.934 0.888 0.797 0.775 0.701 0.684 0.683 0.618 0.672 0.749 0.774 0.722 0.714 0.736 0.77 0.766 0.656 0.66 0.677 0.674 0.634 0.623 0.565 0.503 0.512 0.518 0.553 0.512 0.472 0.456 0.468 0.459 0.476 0.465 0.328 0.283 0.301 0.292 0.3 0.424 0.615 0.775 0.784 0.683 0.701 0.746 0.783 0.756 0.731 0.669 0.408 0.189 0.11 0.093 0.219 0.199 0.197 0.181 0.166 0.213 0.235 0.166 0.073 -0.062 -0.078 0.185 0.263
0.875 0.91 0.932 0.906 0.936 0.979 0.957 0.922 0.9 0.803 0.861 0.818 0.749 0.714 0.681 0.637 0.633 0.719 0.715 0.703 0.719 0.699 0.682 0.763 0.728 0.648 0.665 0.66 0.622 0.592 0.58 0.514 0.436 0.456 0.49 0.52 0.456 0.446 0.412 0.426 0.459 0.496 0.464 0.441 0.434 0.43 0.427 0.415 0.466 0.585 0.762 0.781 0.675 0.719 0.723 0.781 0.757 0.717 0.641 0.452 0.398 0.319 0.323 0.329 0.251 0.262 0.247 0.244 0.236 0.159 0.076 -0.011 -0.063 -0.138 -0.059 -0.049
0.785 0.827 0.864 0.887 0.949 0.971 0.937 0.87 0.769 0.722 0.798 0.8 0.736 0.7 0.664 0.611 0.658 0.713 0.683 0.679 0.638 0.642 0.676 0.768 0.738 0.664 0.669 0.67 0.629 0.559 0.519 0.506 0.435 0.462 0.449 0.43 0.379 0.413 0.359 0.379 0.435 0.467 0.492 0.439 0.324 0.293 0.344 0.448 0.466 0.507 0.717 0.774 0.697 0.717 0.738 0.774 0.742 0.711 0.57 0.527 0.473 0.417 0.376 0.368 0.356 0.316 0.277 0.239 0.183 0.061 -0.136 -0.25 -0.368 -0.372 -0.343 -0.245
0.702 0.751 0.852 0.91 0.959 0.962 0.909 0.838 0.733 0.725 0.751 0.748 0.76 0.738 0.733 0.707 0.7 0.66 0.667 0.678 0.639 0.652 0.704 0.75 0.671 0.608 0.614 0.636 0.628 0.59 0.564 0.515 0.466 0.461 0.462 0.354 0.362 0.361 0.299 0.331 0.368 0.42 0.455 0.321 0.194 0.108 0.173 0.303 0.44 0.469 0.708 0.762 0.71 0.682 0.747 0.774 0.751 0.742 0.511 0.546 0.44 0.375 0.411 0.432 0.399 0.357 0.28 0.195 0.07 -0.02 -0.118 -0.073 -0.166 -0.143 -0.19 -0.14
0.682 0.791 0.886 0.942 0.959 0.95 0.881 0.799 0.711 0.718 0.727 0.711 0.7 0.679 0.678 0.678 0.654 0.672 0.712 0.751 0.735 0.739 0.758 0.744 0.637 0.566 0.575 0.603 0.566 0.561 0.549 0.531 0.496 0.412 0.425 0.306 0.307 0.244 0.181 0.226 0.337 0.393 0.432 0.391 0.281 0.241 0.264 0.306 0.329 0.426 0.675 0.742 0.713 0.689 0.748 0.776 0.776 0.773 0.636 0.619 0.615 0.554 0.532 0.489 0.44 0.367 0.339 0.202 0.133 0.137 0.101 0.065 0.024 0.013 0.004 -0.099
0.743 0.824 0.912 0.955 0.959 0.901 0.778 0.692 0.656 0.69 0.687 0.659 0.604 0.573 0.61 0.639 0.658 0.693 0.727 0.7 0.744 0.752 0.736 0.7 0.653 0.589 0.576 0.569 0.512 0.448 0.451 0.453 0.471 0.405 0.36 0.216 0.129 0.073 0.062 0.159 0.304 0.34 0.378 0.319 0.311 0.302 0.236 0.235 0.249 0.445 0.698 0.685 0.659 0.652 0.718 0.769 0.77 0.767 0.743 0.726 0.658 0.502 0.374 0.272 0.188 0.122 0.218 0.269 0.175 0.079 -0.037 -0.127 -0.244 -0.178 -0.13 -0.155
0.807 0.822 0.912 0.96 0.911 0.804 0.709 0.628 0.637 0.665 0.655 0.625 0.564 0.57 0.584 0.613 0.663 0.688 0.695 0.698 0.74 0.704 0.686 0.652 0.648 0.617 0.593 0.539 0.49 0.39 0.366 0.365 0.407 0.417 0.353 0.214 0.087 0.004 0.064 0.173 0.178 0.209 0.227 0.218 0.179 0.108 0.059 0.12 0.297 0.559 0.707 0.619 0.627 0.657 0.689 0.75 0.761 0.764 0.758 0.736 0.554 0.376 0.238 0.124 0.057 0.058 0.103 0.174 0.062 -0.058 -0.175 -0.295 -0.418 -0.26 -0.512 -0.478
0.789 0.839 0.936 0.932 0.831 0.751 0.671 0.609 0.635 0.629 0.602 0.608 0.59 0.594 0.587 0.642 0.661 0.656 0.681 0.728 0.695 0.633 0.599 0.581 0.565 0.595 0.605 0.531 0.474 0.412 0.346 0.272 0.322 0.393 0.447 0.3 0.236 0.147 0.027 -0.002 -0.046 -0.048 0.01 0.035 0.002 -0.062 -0.162 -0.006 0.234 0.53 0.674 0.639 0.616 0.641 0.669 0.736 0.753 0.761 0.758 0.744 0.509 0.355 0.238 0.092 -0.043 -0.028 -0.003 0.076 -0.033 -0.212 -0.256 -0.418 -0.631 -0.577 -0.841 -0.73
0.741 0.902 0.936 0.853 0.762 0.705 0.634 0.59 0.611 0.593 0.575 0.597 0.588 0.599 0.609 0.658 0.614 0.614 0.664 0.706 0.643 0.56 0.518 0.529 0.537 0.557 0.567 0.516 0.471 0.423 0.283 0.201 0.285 0.378 0.449 0.36 0.283 0.12 -0.091 -0.243 -0.325 -0.275 -0.194 -0.223 -0.233 -0.239 -0.368 -0.15 0.155 0.448 0.619 0.631 0.609 0.629 0.663 0.721 0.749 0.753 0.754 0.755 0.667 0.51 0.272 0.109 -0.003 -0.167 -0.125 -0.004 -0.212 -0.387 -0.393 -0.627 -0.75 -0.86 -0.873 -0.664
0.78 0.934 0.892 0.771 0.671 0.626 0.564 0.545 0.564 0.601 0.627 0.63 0.624 0.635 0.649 0.658 0.613 0.617 0.629 0.667 0.622 0.541 0.508 0.466 0.523 0.506 0.506 0.45 0.44 0.437 0.315 0.274 0.339 0.394 0.414 0.234 0.062 -0.148 -0.345 -0.47 -0.472 -0.455 -0.419 -0.507 -0.471 -0.453 -0.472 -0.175 0.147 0.364 0.577 0.604 0.568 0.599 0.655 0.688 0.735 0.749 0.754 0.759 0.756 0.671 0.439 0.264 0.051 -0.089 -0.02 -0.036 -0.274 -0.499 -0.67 -0.66 -0.568 -0.911 -0.798 -0.582
0.855 0.903 0.792 0.676 0.587 0.546 0.499 0.501 0.577 0.632 0.65 0.671 0.673 0.679 0.67 0.643 0.61 0.63 0.617 0.646 0.601 0.53 0.474 0.445 0.423 0.408 0.36 0.355 0.329 0.372 0.369 0.269 0.294 0.364 0.348 0.067 -0.183 -0.296 -0.348 -0.415 -0.315 -0.446 -0.511 -0.539 -0.594 -0.576 -0.415 -0.19 -0.057 0.157 0.496 0.566 0.578 0.58 0.637 0.661 0.696 0.725 0.755 0.762 0.765 0.755 0.681 0.475 0.188 0.088 0.169 -0.036 -0.317 -0.694 -0.746 -0.395 -0.741 -0.924 -0.684 -0.556
0.904 0.789 0.71 0.611 0.519 0.486 0.487 0.551 0.621 0.636 0.664 0.632 0.611 0.628 0.617 0.607 0.606 0.607 0.613 0.611 0.55 0.436 0.371 0.394 0.31 0.263 0.182 0.15 0.096 0.219 0.27 0.074 0.072 0.211 0.3 0.131 -0.018 -0.074 -0.134 -0.194 -0.112 -0.259 -0.301 -0.351 -0.468 -0.602 -0.416 -0.404 -0.276 -0.073 0.201 0.393 0.527 0.576 0.604 0.63 0.65 0.687 0.722 0.764 0.764 0.764 0.76 0.686 0.449 0.358 0.268 0.038 -0.373 -0.623 -0.362 -0.567 -0.956 -0.776 -0.563 -0.316
0.844 0.706 0.641 0.543 0.507 0.569 0.568 0.615 0.624 0.631 0.623 0.566 0.549 0.548 0.504 0.493 0.547 0.542 0.566 0.596 0.461 0.321 0.256 0.395 0.212 0.052 -0.074 -0.103 0.011 0.197 0.044 -0.251 -0.275 -0.17 0.132 0.207 0.114 0.102 0.086 -0.005 -0.138 -0.137 -0.355 -0.421 -0.644 -0.722 -0.725 -0.738 -0.599 -0.517 -0.335 -0.075 0.128 0.432 0.592 0.627 0.569 0.567 0.68 0.715 0.75 0.764 0.764 0.763 0.712 0.637 0.486 0.278 -0.227 -0.181 -0.559 -0.879 -0.763 -0.389 -0.465 -0.083
0.776 0.621 0.57 0.514 0.582 0.613 0.621 0.607 0.594 0.6 0.524 0.492 0.48 0.434 0.422 0.416 0.442 0.509 0.613 0.55 0.456 0.417 0.456 0.333 0.074 -0.162 -0.336 -0.172 0.08 0.072 -0.063 -0.402 -0.47 -0.201 0.15 0.063 -0.271 -0.109 -0.097 -0.229 -0.392 -0.225 -0.656 -0.758 -1.001 -0.976 -0.952 -0.889 -0.935 -0.927 -0.834 -0.726 -0.555 -0.141 0.168 0.468 0.645 0.669 0.697 0.703 0.679 0.738 0.768 0.769 0.767 0.757 0.745 0.608 0.227 -0.223 -0.712 -0.631 -0.295 -0.168 -0.157 0.354
0.715 0.568 0.515 0.54 0.602 0.59 0.539 0.503 0.576 0.51 0.402 0.388 0.335 0.291 0.144 0.166 0.308 0.444 0.611 0.621 0.501 0.533 0.397 0.193 -0.087 -0.454 -0.373 -0.057 -0.101 -0.155 -0.167 -0.54 -0.435 -0.132 0.142 -0.138 -0.458 -0.143 -0.176 -0.471 -0.567 -0.383 -0.805 -1.089 -0.981 -0.968 -0.9 -0.542 -0.421 -0.42 -0.478 -0.771 -0.911 -0.612 -0.424 -0.047 0.099 0.505 0.662 0.713 0.674 0.659 0.727 0.743 0.768 0.769 0.764 0.758 0.455 -0.204 -0.293 -0.154 0.157 -0.024 0.209 0.562
0.635 0.501 0.508 0.552 0.592 0.579 0.465 0.464 0.535 0.424 0.327 0.253 0.166 0.151 0.035 0.143 0.33 0.453 0.559 0.64 0.599 0.433 0.286 0.077 -0.272 -0.521 -0.297 -0.112 -0.194 -0.366 -0.283 -0.506 -0.301 -0.049 0.007 -0.352 -0.512 -0.231 -0.1 -0.468 -0.592 -0.576 -0.961 -0.839 -0.67 -0.42 -0.779 -0.601 -0.217 -0.462 -0.856 -0.828 -0.789 -0.916 -0.779 -0.58 -0.201 0.22 0.433 0.593 0.692 0.662 0.66 0.688 0.747 0.773 0.774 0.774 0.634 0.315 0.344 0.417 0.576 0.381 0.599 0.719
0.565 0.478 0.492 0.542 0.606 0.554 0.456 0.495 0.477 0.359 0.265 0.201 0.114 0.104 0.155 0.312 0.471 0.59 0.644 0.635 0.504 0.267 0.133 -0.097 -0.391 -0.567 -0.465 -0.353 -0.259 -0.493 -0.44 -0.517 -0.236 0.031 -0.061 -0.361 -0.436 -0.353 -0.182 -0.627 -0.795 -0.804 -0.97 -0.902 -0.809 -0.274 -0.169 -0.144 -0.167 -0.591 -0.676 -0.659 -0.512 -0.437 -0.364 -0.267 -0.285 -0.085 0.049 0.543 0.662 0.662 0.617 0.571 0.67 0.753 0.774 0.774 0.77 0.751 0.761 0.764 0.763 0.761 0.756 0.737
0.497 0.446 0.497 0.559 0.59 0.532 0.488 0.5 0.392 0.314 0.255 0.202 0.16 0.225 0.32 0.42 0.536 0.61 0.636 0.591 0.419 0.178 -0.1 -0.296 -0.365 -0.467 -0.512 -0.43 -0.37 -0.53 -0.422 -0.33 0.002 0.044 -0.228 -0.612 -0.55 -0.386 -0.381 -0.769 -0.967 -1.025 -0.805 -0.58 -0.277 -0.059 0.147 0.036 -0.049 -0.104 -0.016 -0.023 0.015 0.141 0.2 0.286 0.357 0.505 0.485 0.444 0.527 0.553 0.61 0.515 0.547 0.652 0.734 0.747 0.77 0.775 0.774 0.77 0.761 0.766 0.725 0.523
0.438 0.463 0.531 0.559 0.534 0.504 0.511 0.452 0.325 0.265 0.238 0.206 0.207 0.269 0.34 0.46 0.565 0.588 0.607 0.559 0.332 0.044 -0.239 -0.247 -0.22 -0.2 -0.163 -0.24 -0.239 -0.412 -0.386 -0.205 0.011 -0.174 -0.381 -0.724 -0.709 -0.701 -0.782 -0.815 -0.749 -0.597 -0.294 -0.012 0.185 0.313 0.34 0.376 0.363 0.362 0.369 0.401 0.436 0.466 0.487 0.567 0.555 0.475 0.369 0.194 -0.031 0.025 0.439 0.534 0.421 0.447 0.535 0.565 0.679 0.743 0.752 0.707 0.652 0.643 0.366 -0.002
0.426 0.465 0.497 0.485 0.457 0.452 0.473 0.44 0.378 0.316 0.265 0.234 0.211 0.228 0.327 0.482 0.572 0.567 0.598 0.544 0.283 -0.071 -0.22 -0.024 0.014 0.056 0.072 0 -0.132 -0.414 -0.534 -0.443 -0.293 -0.355 -0.587 -0.987 -0.948 -0.979 -0.986 -0.838 -0.531 -0.208 0.081 0.332 0.34 0.256 0.233 0.309 0.345 0.306 0.287 0.296 0.346 0.288 0.383 0.465 0.291 0.085 -0.087 -0.391 -0.806 -0.813 -0.088 0.456 0.431 0.339 0.314 0.262 0.364 0.512 0.538 0.463 0.288 0.131 -0.278 -0.08
0.415 0.487 0.43 0.392 0.357 0.384 0.44 0.442 0.434 0.391 0.322 0.232 0.178 0.243 0.398 0.528 0.559 0.559 0.618 0.553 0.265 -0.148 -0.202 0.102 0.235 0.118 -0.086 -0.099 -0.185 -0.586 -0.747 -0.586 -0.602 -0.489 -0.9 -1.092 -0.973 -0.814 -0.921 -0.617 -0.371 -0.054 0.226 0.311 0.161 0.012 -0.094 -0.066 -0.084 -0.238 -0.291 -0.162 -0.02 -0.043 0.348 0.258 -0.057 -0.404 -0.563 -0.78 -1.073 -1.029 -0.447 0.236 0.491 0.351 0.236 0.109 -0.043 0.035 0.042 0.108 -0.194 -0.54 -0.415 -0.018
