data/climatemaps/RS_maps/climate_breeding_tmp_2018.asc
NCOLS 369 
NROWS 228 
XLLCORNER 479000 
YLLCORNER 73000 
CELLSIZE 1000 
NODATA_value -9 
[rows 136 to 169 of 228, columns 231 to 307 of 369]
-1.42 -1.526 -1.753 -1.75 -1.397 -1.488 -1.484 -1.477 -1.299 -0.954 -0.999 -1.246 -0.984 -0.884 -0.939 -0.423 -0.361 -0.946 -1.481 -1.484 -1.072 -0.67 -0.116 0.248 -0.229 -0.775 -1.226 -1.344 -1.084 -0.699 -0.32 -0.581 -1.415 -1.466 -1.153 -0.973 -0.787 -0.635 -0.561 -0.336 -0.052 0.414 0.744 0.465 -0.312 -0.966 -1.066 -1.178 -1.186 -0.934 -0.694 -0.297 0.093 0.371 0.557 0.18 -0.364 -0.664 -1.217 -1.378 -1.378 -1.322 -1.116 -1.544 -1.249 -1.036 -0.593 -0.044 -0.529 -0.736 -0.886 -1.117 -1.286 -1.203 -1.294 -1.682 -1.584
-1.73 -1.799 -1.828 -1.403 -1.037 -1.174 -1.154 -1.118 -1.01 -0.976 -1.164 -1.377 -1.018 -0.787 -0.627 -0.312 -0.668 -1.418 -1.544 -1.148 -0.771 -0.313 0.135 0.14 -0.427 -0.824 -0.872 -1.124 -1.064 -0.732 -0.402 -0.468 -1.165 -1.414 -1.198 -1.014 -0.905 -0.742 -0.708 -0.583 -0.204 0.488 0.736 0.265 -0.376 -0.764 -1.1 -1.473 -1.158 -0.751 -0.454 -0.249 -0.029 0.214 0.497 0.36 -0.05 -0.586 -0.985 -1.011 -1.238 -1.348 -1.314 -1.685 -1.451 -1.229 -0.753 -0.212 -0.639 -0.926 -1.071 -1.225 -1.443 -1.574 -1.501 -1.473 -1.308
-1.558 -1.653 -1.627 -1.136 -0.68 -1.139 -1.364 -1.349 -1.137 -0.945 -1.362 -1.504 -1.518 -1.021 -0.499 -0.565 -1.053 -1.488 -1.251 -0.92 -0.486 -0.135 -0.08 -0.189 -0.328 -0.905 -0.934 -1.23 -1.105 -0.833 -0.534 -0.479 -1.119 -1.408 -1.274 -1.165 -1.063 -1.026 -0.931 -0.644 -0.196 0.469 0.666 0.043 -0.659 -0.868 -0.972 -1.365 -1.077 -0.62 -0.637 -0.532 -0.252 0.087 0.407 0.474 0.173 -0.417 -0.605 -0.615 -1.05 -1.073 -1.173 -1.535 -1.433 -1.064 -0.771 -0.377 -0.383 -0.551 -0.849 -1.162 -1.452 -1.377 -1.17 -1.015 -0.935
-0.98 -1.14 -1.365 -1.197 -0.516 -0.869 -1.227 -1.023 -0.818 -0.862 -1.016 -1.364 -1.561 -1.182 -0.943 -0.901 -1.381 -1.486 -1.136 -0.671 -0.337 -0.352 -0.61 -0.572 -0.238 -0.733 -1.163 -1.284 -1.075 -0.79 -0.697 -0.92 -1.357 -1.467 -1.183 -0.989 -0.846 -0.856 -0.734 -0.597 -0.302 0.314 0.421 -0.186 -0.861 -1.162 -1.163 -1.267 -1.029 -0.848 -0.986 -0.787 -0.404 0.038 0.187 0.295 0.416 -0.031 -0.235 -0.279 -0.571 -0.727 -0.989 -1.546 -1.437 -1.086 -0.878 -0.639 -0.733 -0.579 -0.648 -0.782 -1.006 -1.028 -1.025 -1.02 -1.063
-0.912 -1.218 -1.384 -0.861 -0.207 -0.364 -0.829 -0.65 -0.542 -0.483 -0.664 -1.019 -1.544 -1.521 -1.214 -1.217 -1.558 -1.225 -0.765 -0.393 -0.534 -0.784 -0.991 -0.796 -0.316 -0.606 -1.256 -1.359 -1.161 -0.956 -1.027 -1.187 -1.321 -1.38 -1.274 -0.874 -0.519 -0.414 -0.408 -0.562 -0.382 0.25 0.414 -0.142 -0.632 -0.753 -1.012 -1.262 -1.1 -1.111 -1.125 -0.764 -0.36 -0.066 -0.227 -0.122 0.287 0.273 -0.057 -0.37 -0.66 -0.89 -0.884 -1.2 -1.517 -1.336 -1.016 -0.852 -1.194 -1.046 -0.904 -0.931 -1.106 -1.192 -1.225 -1.27 -1.418
-1.163 -1.117 -1.178 -0.754 -0.073 -0.082 -0.669 -0.43 -0.263 -0.439 -0.755 -1.161 -1.495 -1.501 -1.216 -1.205 -1.219 -0.752 -0.515 -0.54 -0.929 -1.124 -1.167 -0.793 -0.438 -0.722 -1.138 -1.428 -1.291 -1.162 -1.077 -0.991 -0.891 -1.041 -1.15 -0.639 -0.19 0.099 0.125 0.037 -0.053 0.199 0.084 0.185 -0.384 -0.892 -1.065 -1.214 -1.305 -1.186 -0.93 -0.633 -0.324 -0.327 -0.646 -0.488 -0.035 0.185 -0.149 -0.562 -0.783 -1.065 -1.016 -0.954 -1.465 -1.448 -1.199 -1.261 -1.451 -1.31 -1.004 -0.787 -0.688 -0.541 -0.465 -0.577 -0.775
-0.965 -0.658 -0.582 -0.526 0.083 0.212 -0.336 -0.246 -0.13 -0.566 -1.09 -1.474 -1.37 -0.952 -0.775 -0.685 -0.663 -0.514 -0.835 -0.96 -1.152 -1.289 -1.056 -0.63 -0.744 -1.137 -1.256 -1.225 -1.098 -1.086 -1.158 -0.955 -0.764 -0.457 -0.451 -0.088 0.137 0.128 -0.101 0.031 -0.081 -0.271 -0.146 0.16 -0.342 -0.829 -1.196 -1.298 -1.334 -1.052 -0.772 -0.477 -0.402 -0.778 -0.966 -0.583 -0.145 0.154 -0.227 -0.686 -0.999 -1.289 -1.368 -1.093 -1.332 -1.649 -1.558 -1.516 -1.27 -0.94 -0.796 -1.016 -1.206 -1.017 -0.564 -0.441 -0.276
-0.618 -0.292 -0.049 -0.042 0.263 0.309 -0.061 -0.26 -0.515 -0.609 -1.075 -1.55 -1.227 -0.764 -0.969 -0.855 -0.653 -0.605 -1.205 -1.327 -1.285 -1.084 -0.791 -0.816 -1.071 -1.246 -1.053 -0.818 -0.673 -0.723 -0.791 -0.563 -0.34 -0.173 0.087 0.044 -0.147 -0.433 -0.652 -0.277 -0.577 -0.615 -0.111 0.164 -0.339 -0.707 -0.985 -1.165 -1.176 -0.896 -0.696 -0.508 -0.545 -1.162 -1.052 -0.708 -0.228 0.124 -0.382 -0.847 -1.055 -1.342 -1.818 -1.64 -1.627 -1.671 -1.484 -1.089 -0.888 -0.931 -1.192 -1.517 -1.507 -1.259 -0.949 -0.777 -0.437
-0.555 -0.356 -0.167 -0.087 0.243 0.144 -0.227 -0.48 -0.887 -0.984 -1.025 -1.503 -1.081 -0.929 -1.324 -1.163 -0.965 -0.626 -1.266 -1.616 -1.402 -1.129 -1.129 -1.003 -0.855 -0.89 -0.741 -0.39 -0.229 -0.214 -0.192 -0.006 0.065 0.049 -0.003 -0.315 -0.618 -0.881 -0.877 -0.408 -0.937 -0.829 -0.24 -0.025 -0.698 -0.874 -1.054 -1.068 -1.053 -0.777 -0.923 -0.755 -0.625 -1.374 -1.304 -1.032 -0.455 0.035 -0.398 -0.703 -0.929 -1.247 -1.736 -1.881 -1.647 -1.676 -1.221 -0.971 -1.184 -1.175 -1.554 -1.54 -1.502 -1.298 -1.008 -0.429 -0.181
-0.539 -0.353 -0.225 -0.267 0.192 0.341 -0.092 -0.413 -0.857 -1.29 -1.316 -1.597 -1.013 -1.122 -1.536 -1.387 -1.073 -0.69 -1.305 -1.646 -1.421 -1.491 -1.273 -0.868 -0.469 -0.387 -0.243 -0.052 0.005 0.027 -0.064 -0.26 -0.407 -0.481 -0.295 -0.511 -0.839 -1.126 -0.875 -0.537 -1.173 -1.009 -0.214 -0.136 -0.937 -1.293 -1.356 -1.201 -1.063 -0.917 -1.141 -0.784 -0.887 -1.525 -1.344 -0.96 -0.439 0.02 -0.317 -0.504 -0.846 -1.295 -1.545 -1.833 -1.586 -1.316 -1.084 -1.313 -1.438 -1.257 -1.638 -1.454 -1.364 -1.226 -0.856 -0.301 -0.115
-0.28 -0.075 0.178 0.342 0.545 0.75 0.019 -0.627 -0.552 -1.086 -1.525 -1.624 -0.93 -1.321 -1.612 -1.304 -0.858 -0.908 -1.312 -1.665 -1.457 -1.285 -0.896 -0.399 -0.096 -0.131 -0.31 -0.576 -0.259 -0.422 -0.976 -1.116 -0.785 -0.624 -0.429 -0.514 -1.007 -1.246 -0.868 -0.858 -1.3 -0.957 -0.195 -0.048 -0.612 -1.159 -1.248 -1.274 -1.162 -1.125 -1.109 -0.827 -1.37 -1.403 -1.04 -0.735 -0.256 0.013 -0.146 -0.446 -0.703 -1.068 -1.378 -1.909 -1.619 -1.458 -1.29 -1.619 -1.49 -1.471 -1.553 -1.264 -1.09 -0.907 -0.567 -0.212 -0.122
0.013 0.155 0.369 0.553 0.768 0.814 0.144 -0.712 -0.542 -0.696 -1.265 -1.609 -1.032 -1.498 -1.852 -1.329 -1.003 -1.145 -1.491 -1.268 -0.893 -0.445 -0.175 -0.095 -0.324 -0.722 -0.627 -1.034 -0.605 -0.518 -1.355 -1.153 -0.826 -0.725 -0.569 -0.49 -1.102 -1.431 -1.096 -1.285 -1.271 -0.805 -0.344 -0.131 -0.167 -0.497 -0.69 -0.934 -1.065 -1.15 -1.131 -1.211 -1.443 -1.108 -0.713 -0.485 -0.518 -0.162 -0.187 -0.496 -0.709 -0.989 -1.296 -1.722 -1.677 -1.789 -1.51 -1.621 -1.439 -1.489 -1.512 -1.286 -1.028 -0.788 -0.437 -0.191 -0.183
0.022 0.016 0.005 0.167 0.612 0.862 0.315 -0.584 -0.743 -0.55 -1.221 -1.658 -1.213 -1.584 -2.033 -1.593 -1.434 -1.435 -1.403 -0.977 -0.306 -0.311 -0.53 -0.45 -0.697 -1.064 -1.048 -1.315 -0.941 -0.462 -1.067 -1.174 -0.991 -0.995 -0.725 -0.66 -1.172 -1.504 -1.434 -1.423 -1.049 -0.578 -0.655 -0.688 -0.227 -0.181 -0.535 -0.838 -0.991 -1.094 -1.276 -1.304 -1.035 -0.765 -0.539 -0.786 -0.773 -0.414 -0.107 -0.49 -0.816 -1.023 -1.257 -1.531 -1.524 -1.655 -1.554 -1.626 -1.424 -1.237 -1.307 -1.182 -0.884 -0.569 -0.289 -0.235 -0.27
-0.503 -0.497 -0.413 -0.08 0.47 0.989 0.517 -0.126 -0.608 -0.55 -1.207 -1.74 -1.693 -1.676 -1.495 -1.287 -1.18 -1.235 -1.042 -0.472 -0.617 -0.908 -0.736 -0.555 -0.785 -1.259 -1.192 -1.157 -1 -0.545 -0.993 -1.483 -1.28 -1.233 -0.844 -0.784 -1.015 -1.228 -1.333 -1.113 -0.758 -0.59 -1.069 -1.011 -0.362 -0.287 -0.5 -1.069 -1.245 -1.342 -1.325 -1.127 -1.048 -1.029 -0.845 -0.924 -1.08 -0.678 -0.2 -0.303 -0.716 -0.945 -1.222 -1.35 -1.36 -1.483 -1.367 -1.578 -1.623 -1.173 -0.99 -0.827 -0.592 -0.382 -0.234 -0.323 -0.45
-0.76 -0.556 -0.333 0.03 0.536 1.05 0.847 0.432 0.168 -0.346 -1.095 -1.505 -2.012 -1.655 -1.173 -1.201 -1.088 -0.774 -0.645 -0.851 -1.328 -1.129 -0.728 -0.597 -0.75 -0.996 -0.945 -1.118 -1.127 -0.687 -1.194 -1.612 -1.256 -1.027 -0.664 -0.538 -0.605 -0.837 -1.158 -0.994 -0.706 -0.867 -1.317 -0.965 -0.387 -0.457 -0.221 -0.782 -1.087 -1.266 -1.54 -1.516 -1.651 -1.658 -1.069 -1.225 -1.153 -0.771 -0.306 -0.29 -0.722 -1.14 -1.325 -1.255 -1.118 -1.337 -1.212 -1.408 -1.501 -1.422 -0.96 -0.525 -0.345 -0.276 -0.413 -0.723 -0.909
-0.663 -0.246 0.087 0.404 0.803 1.107 0.919 0.155 0.021 -0.181 -0.785 -1.154 -1.506 -1.685 -1.601 -1.584 -1.394 -1.203 -1.244 -1.401 -1.266 -0.895 -0.582 -0.508 -0.509 -0.716 -1.117 -1.396 -1.081 -0.713 -1.289 -1.448 -0.989 -0.774 -0.624 -0.547 -0.38 -0.638 -0.918 -0.962 -0.841 -1.219 -1.477 -0.975 -0.422 -0.631 -0.309 -0.361 -0.547 -0.862 -1.221 -1.271 -1.576 -1.57 -1.136 -1.462 -1.192 -0.832 -0.464 -0.283 -0.662 -1.035 -1.012 -1.02 -0.879 -1.051 -0.952 -0.984 -0.983 -1.194 -0.787 -0.337 -0.292 -0.46 -0.832 -1.269 -1.399
-0.486 -0.143 0.37 0.9 1.187 1.209 0.798 -0.147 -0.735 -1.049 -0.958 -0.658 -1.12 -1.541 -1.749 -1.741 -1.75 -1.518 -1.486 -1.382 -1.134 -0.887 -0.585 -0.319 -0.271 -0.57 -1.25 -1.45 -1.126 -0.785 -1.398 -1.448 -1.106 -0.804 -0.581 -0.539 -0.351 -0.524 -0.548 -0.837 -1.181 -1.606 -1.483 -0.945 -0.451 -0.82 -0.48 -0.495 -0.472 -0.492 -0.713 -1.071 -1.343 -1.511 -1.379 -1.588 -1.357 -0.97 -0.703 -0.34 -0.422 -0.678 -0.638 -0.733 -0.828 -1.092 -1.117 -1.091 -0.915 -0.781 -0.502 -0.249 -0.365 -0.799 -1.285 -1.604 -1.308
-0.345 0.07 0.406 0.848 1.286 1.189 0.463 -0.518 -1.132 -1.367 -0.853 -0.485 -0.526 -0.95 -1.2 -1.228 -1.659 -1.388 -0.955 -1.081 -1.264 -1.038 -0.697 -0.246 -0.095 -0.351 -0.932 -1.365 -1.098 -0.837 -1.414 -1.533 -1.119 -0.73 -0.202 -0.191 -0.344 -0.384 -0.395 -1.024 -1.443 -1.511 -1.153 -0.659 -0.604 -0.982 -0.359 -0.716 -0.907 -0.657 -0.509 -0.729 -1.063 -1.385 -1.452 -1.547 -1.335 -1.043 -0.666 -0.494 -0.38 -0.538 -0.62 -0.855 -0.979 -1.306 -1.455 -1.342 -1.122 -0.751 -0.332 -0.224 -0.438 -1.066 -1.614 -1.669 -0.926
-0.36 0.053 0.421 0.808 1.235 1.233 0.401 -0.685 -0.89 -1.342 -0.972 -0.616 -0.183 -0.172 -0.482 -0.76 -1.401 -1.413 -0.839 -0.793 -1.258 -0.991 -0.692 -0.295 -0.023 -0.162 -0.422 -1.093 -1.09 -1.199 -1.557 -1.36 -0.858 -0.535 -0.055 0.026 -0.302 -0.191 -0.295 -0.939 -1.415 -1.27 -1.007 -0.506 -0.679 -1.017 -0.367 -0.757 -1.175 -0.915 -0.811 -0.599 -0.656 -0.879 -1.012 -1.257 -1.237 -0.958 -0.719 -0.709 -0.494 -0.853 -0.976 -1.177 -1.176 -1.53 -1.571 -1.245 -0.81 -0.414 -0.232 -0.32 -0.647 -1.068 -1.548 -1.371 -0.666
-0.552 -0.241 0.227 0.728 1.116 1.289 0.564 -0.147 -0.417 -1.097 -1.025 -0.697 -0.27 0.184 -0.232 -0.921 -1.565 -1.313 -0.664 -0.791 -1.167 -0.969 -0.728 -0.358 -0.018 -0.046 -0.224 -0.922 -1.325 -1.405 -1.288 -1.023 -0.772 -0.444 0.028 0.301 -0.14 -0.035 -0.298 -1.031 -1.502 -1.228 -1.007 -0.455 -0.708 -1.023 -0.388 -0.821 -1.306 -1.113 -1.114 -0.812 -0.549 -0.865 -0.796 -0.986 -1.259 -0.96 -0.921 -0.815 -0.604 -0.895 -1.172 -1.344 -1.272 -1.261 -1.002 -0.651 -0.325 -0.251 -0.389 -0.647 -0.942 -1.175 -1.415 -1.058 -0.608
-0.539 -0.626 -0.161 0.426 0.951 1.303 1.021 0.492 0.009 -0.684 -0.755 -0.568 -0.148 0.294 -0.014 -1.05 -1.654 -1.103 -0.399 -0.553 -0.703 -0.669 -0.693 -0.437 0.004 0.061 0.108 -0.407 -0.964 -1.034 -1.033 -0.731 -0.479 -0.138 -0.015 0.281 0.036 0.021 -0.305 -0.802 -1.239 -1.266 -0.902 -0.374 -0.841 -1.037 -0.485 -0.723 -1.241 -1.34 -1.264 -0.832 -0.672 -1.223 -1.048 -0.862 -1.237 -1.165 -1.052 -0.772 -0.797 -1.062 -1.275 -1.142 -0.901 -0.656 -0.359 -0.252 -0.271 -0.418 -0.777 -1.04 -1.282 -1.438 -1.359 -0.839 -0.689
-0.064 -0.575 -0.474 0.042 0.549 0.979 1.348 1.156 0.624 -0.181 -0.143 0.072 0.355 0.476 0.073 -0.875 -1.45 -1.087 -0.4 -0.076 -0.248 -0.602 -0.871 -0.567 -0.014 0.346 0.486 0.16 -0.596 -1.165 -1.024 -0.631 -0.412 -0.427 -0.442 0.148 0.236 -0.087 -0.323 -0.558 -1.04 -1.136 -0.754 -0.393 -1.025 -1.143 -0.731 -0.503 -0.844 -1.34 -1.28 -0.857 -0.717 -1.282 -1.369 -0.959 -1.21 -1.239 -0.984 -0.873 -1.089 -1.305 -1.207 -0.91 -0.557 -0.336 -0.223 -0.277 -0.365 -0.71 -1.071 -1.245 -1.606 -1.835 -1.421 -0.729 -0.847
0.427 -0.174 -0.504 -0.28 0.1 0.484 1.045 1.438 1.189 0.362 0.48 0.584 0.348 0.085 -0.01 -0.373 -0.852 -1.172 -0.61 -0.063 -0.053 -0.821 -0.977 -0.559 -0.323 0.004 0.374 0.536 0.015 -1.011 -1.335 -1.119 -0.815 -0.673 -0.488 0.142 0.391 -0.155 -0.413 -0.754 -1.168 -1.197 -0.829 -0.434 -1.033 -1.31 -0.988 -0.664 -0.598 -1.213 -1.341 -0.959 -0.766 -1.24 -1.51 -1.232 -1.415 -1.235 -0.991 -1.017 -1.172 -1.24 -0.851 -0.529 -0.302 -0.227 -0.292 -0.488 -0.536 -0.678 -1.22 -1.42 -1.824 -1.881 -1.358 -0.748 -0.904
0.818 0.256 -0.179 -0.431 -0.246 0.197 0.817 1.416 1.476 0.89 0.697 0.308 0.178 -0.249 -0.515 -0.692 -0.809 -1.167 -0.738 -0.037 0.045 -0.755 -0.992 -0.93 -0.775 -0.447 0.191 0.719 0.484 -0.486 -0.676 -1.144 -0.879 -0.579 -0.288 0.077 0.591 0.168 -0.096 -0.578 -1.026 -1.068 -0.921 -0.563 -0.861 -1.397 -1.198 -0.939 -0.556 -1.08 -1.364 -1.055 -0.991 -1.362 -1.564 -1.397 -1.446 -1.17 -0.862 -0.809 -0.742 -0.599 -0.357 -0.25 -0.313 -0.499 -0.72 -0.627 -0.807 -0.57 -0.982 -1.334 -1.862 -1.72 -1.155 -0.886 -1.084
1.254 0.718 0.219 -0.209 -0.393 0.046 0.684 1.407 1.601 1.096 0.35 -0.218 -0.255 -0.148 -0.398 -0.821 -1.132 -1.166 -0.711 -0.012 0.088 -0.448 -0.681 -0.673 -0.681 -0.117 0.397 0.903 0.735 -0.058 -0.614 -1.148 -0.784 -0.505 -0.437 -0.189 0.505 0.506 0.079 -0.239 -0.542 -0.781 -1.081 -0.865 -0.814 -1.366 -1.385 -1.008 -0.587 -1.006 -1.383 -1.195 -1.203 -1.538 -1.472 -1.149 -0.858 -0.704 -0.426 -0.369 -0.167 0.027 -0.071 -0.245 -0.517 -0.995 -1.158 -0.777 -0.914 -0.669 -0.814 -1.271 -1.767 -1.53 -0.989 -1.1 -1.494
1.502 1.256 0.664 0.28 -0.238 -0.041 0.611 1.342 1.648 1.137 0.224 -0.306 -0.542 -0.596 -0.629 -0.786 -1.259 -1.165 -0.514 0.095 -0.023 -0.275 -0.466 -0.747 -0.749 -0.243 0.345 0.971 0.882 0.094 -0.928 -1.312 -0.927 -0.793 -0.638 -0.281 0.45 0.491 -0.253 -0.587 -0.673 -0.889 -1.312 -1.151 -0.888 -1.378 -1.363 -0.858 -0.809 -0.91 -1.183 -1.364 -1.413 -1.546 -1.308 -1.087 -0.836 -0.68 -0.829 -0.711 -0.039 0.054 -0.451 -0.468 -0.468 -1.229 -1.463 -0.989 -0.917 -0.897 -0.627 -1.168 -1.773 -1.617 -1.2 -1.338 -1.765
1.226 1.541 1.192 0.858 0.295 0.051 0.648 1.402 1.661 1.194 0.75 0.495 0.208 -0.071 -0.367 -0.832 -1.289 -0.781 -0.192 0.34 -0.184 -0.773 -1.018 -1.15 -0.794 -0.323 0.302 0.996 0.986 0.183 -0.813 -1.456 -1.172 -1.025 -0.855 -0.435 0.395 0.612 -0.16 -0.762 -0.989 -1.158 -1.522 -1.179 -1.083 -1.508 -1.229 -1.029 -1.088 -1.236 -1.111 -1.32 -1.501 -1.306 -1.414 -1.524 -1.093 -0.878 -0.706 -0.514 0.081 -0.01 -0.696 -0.834 -0.488 -1.059 -1.523 -1.164 -0.92 -1.153 -0.75 -1.016 -1.777 -1.887 -1.649 -1.761 -1.919
0.495 1.126 1.521 1.467 0.953 0.445 0.677 1.483 1.608 0.924 0.597 0.694 0.691 0.488 0.149 -0.049 -0.482 -0.711 -0.168 0.427 0.027 -0.433 -0.869 -1.055 -0.598 -0.014 0.575 1.143 0.842 0.123 -0.818 -1.443 -1.024 -0.818 -0.957 -0.503 0.163 0.745 0.22 -0.256 -0.559 -0.794 -1.336 -1.242 -1.197 -1.253 -1.225 -1.445 -1.307 -1.475 -1.367 -1.503 -1.359 -1.239 -1.133 -1.112 -0.899 -0.598 -0.144 0.016 0.226 -0.119 -0.88 -1.143 -0.652 -0.827 -1.486 -1.313 -0.976 -1.439 -1.056 -0.957 -1.604 -1.9 -2.04 -2.067 -2.086
-0.063 0.577 1.028 1.625 1.614 1.177 0.983 1.615 1.411 0.685 -0.138 -0.01 -0.034 0.108 0.133 -0.401 -0.446 -0.664 -0.136 0.513 0.24 -0.435 -0.927 -0.973 -0.512 0.086 0.893 1.283 0.547 -0.005 -0.766 -1.295 -1.018 -0.699 -0.705 -0.575 0.043 0.778 0.62 0.027 -0.283 -0.556 -0.982 -0.993 -0.69 -0.574 -0.87 -1.401 -1.113 -0.892 -0.931 -0.854 -0.651 -0.568 -0.369 -0.345 -0.204 0.103 0.333 0.451 0.239 -0.388 -1.089 -1.268 -0.79 -0.961 -1.378 -1.549 -1.184 -1.615 -1.382 -1.111 -1.664 -1.953 -1.871 -1.744 -1.575
-0.131 -0.058 0.328 1.056 1.45 1.695 1.649 1.756 1.344 0.411 -0.414 -0.564 -0.466 -0.217 -0.091 -0.665 -0.76 -0.747 -0.176 0.542 0.191 -0.296 -0.714 -0.72 -0.307 0.275 1.055 1.274 0.613 0.203 -0.441 -0.94 -1.105 -0.794 -0.282 -0.14 0.023 0.733 0.92 0.077 -0.545 -0.705 -0.433 -0.384 -0.201 -0.118 -0.804 -0.631 -0.458 -0.15 -0.206 -0.125 -0.053 0.231 0.359 0.364 0.476 0.62 0.581 0.259 0.014 -0.763 -1.409 -1.179 -0.93 -1.408 -1.265 -1.499 -1.518 -1.637 -1.746 -1.454 -1.595 -1.787 -1.962 -1.731 -1.425
-0.567 -0.454 0.076 0.872 0.798 1.078 1.672 1.783 1.429 0.336 -0.188 -0.697 -0.657 -0.498 -0.601 -0.882 -1.121 -0.722 -0.072 0.659 0.063 -0.445 -0.706 -0.405 -0.059 0.499 1.248 1.167 0.502 0.2 0.007 -0.514 -0.987 -0.764 -0.014 0.304 0.435 0.833 1.224 0.412 -0.201 0.006 0.283 0.343 0.377 0.05 -0.194 0.105 0.135 0.479 0.488 0.589 0.585 0.806 0.724 0.678 0.593 0.423 0.081 -0.364 -0.413 -1.144 -1.642 -1.179 -1.038 -1.62 -1.386 -1.012 -1.482 -1.768 -1.823 -1.198 -1.02 -1.29 -1.579 -1.504 -1.539
-0.477 -0.104 0.554 0.66 0.147 0.549 1.399 1.779 1.615 0.36 -0.436 -0.787 -0.759 -0.756 -0.929 -1.211 -0.954 -0.411 0.166 0.728 0.08 -0.482 -0.823 -0.48 -0.133 0.689 1.479 0.887 0.239 -0.24 -0.166 -0.259 -0.878 -0.562 -0.067 -0.083 0.196 0.751 1.348 0.867 0.475 0.989 1.149 1.087 0.904 0.645 0.764 0.818 0.843 0.98 0.996 0.909 0.874 0.736 0.414 0.243 -0.017 -0.311 -0.75 -0.787 -0.727 -1.19 -1.569 -1.241 -1.067 -1.472 -1.307 -0.883 -0.941 -1.252 -1.18 -0.829 -0.601 -0.9 -0.84 -1.003 -1.442
0.06 0.431 0.54 0.088 -0.181 0.321 1.138 1.722 1.763 0.697 -0.224 -0.222 -0.252 -0.375 -0.68 -1.044 -0.654 -0.145 0.333 0.8 0.117 -0.388 -0.805 -0.26 0.173 1.092 1.514 0.857 0.448 -0.089 -0.404 -0.453 -0.66 -0.624 -0.433 -0.495 0.115 0.801 1.347 1.294 1.184 1.551 1.599 1.553 1.44 1.309 1.203 1.149 1.099 0.94 0.77 0.559 0.371 0.392 0.215 0.034 -0.351 -0.836 -1.291 -0.969 -0.824 -1.23 -1.505 -1.345 -1.152 -1.538 -1.3 -0.868 -0.509 -0.61 -0.447 -0.205 -0.147 -0.301 -0.354 -0.699 -1.125
-0.131 0.033 0.059 -0.394 -0.104 0.477 0.986 1.601 1.802 0.988 0.166 0.297 -0.13 -0.317 -0.687 -0.995 -0.709 -0.253 0.327 0.863 0.142 -0.591 -0.864 -0.205 0.568 1.415 1.365 0.654 0.214 0.27 -0.136 -0.758 -0.857 -0.629 -0.421 -0.415 0.112 0.543 1.027 1.571 1.724 1.607 1.224 1.134 1.192 0.986 0.791 0.571 0.549 0.435 0.321 0.054 -0.295 -0.264 -0.021 -0.149 -0.24 -0.804 -1.347 -1.016 -0.959 -1.485 -1.821 -1.448 -1.251 -1.579 -1.524 -1.009 -0.441 -0.09 -0.174 -0.33 -0.06 0.075 -0.075 -0.349 -0.722
