data/climatemaps/RS_maps/climate_postbreed_tmp_2011.asc
NCOLS 369 
NROWS 228 
XLLCORNER 479000 
YLLCORNER 73000 
CELLSIZE 1000 
NODATA_value -9 
[rows 102 to 135 of 228, columns 231 to 307 of 369]
-0.619 -0.726 -0.836 -0.887 -1.077 -0.804 -0.334 0.314 0.869 1.033 0.602 -0.173 -0.181 -0.362 -0.73 -0.961 -0.83 -0.822 -0.697 -0.428 -0.038 0.48 0.543 0.08 -0.03 -0.246 -0.641 -1.365 -1.418 -0.992 -0.626 -0.475 -0.404 -0.318 -0.219 -0.1 -0.148 -0.59 -0.647 -0.246 -0.529 -0.353 0.14 0.592 0.379 -0.373 -0.248 0.203 0.495 0.81 1.193 1.21 0.995 0.362 -0.118 0.114 0.119 -0.302 -0.339 0.014 0.393 0.413 0.274 0.485 0.646 0.739 0.735 0.754 0.686 0.622 0.431 0.138 -0.165 -0.65 -0.84 -0.963 -0.669
-0.532 -0.5 -0.653 -0.987 -0.876 -0.527 -0.181 0.483 1.042 0.757 0.436 -0.157 -0.647 -0.745 -0.916 -1.19 -1.058 -0.615 -0.361 -0.094 0.221 0.497 0.479 0.202 -0.217 -0.493 -1.054 -1.697 -1.504 -0.967 -0.691 -0.731 -0.865 -0.747 -0.723 -0.513 -0.304 -0.105 -0.01 0.226 0.306 0.381 0.623 0.438 -0.293 -0.632 -0.566 -0.156 0.295 0.693 1.183 1.192 0.866 0.347 -0.121 -0.242 0.059 -0.216 -0.489 -0.175 0.13 0.309 -0.007 0.009 0.209 0.473 0.419 0.396 0.462 0.582 0.652 0.525 0.253 -0.282 -0.537 -0.681 -0.45
-0.582 -0.899 -0.849 -0.502 -0.12 0.063 0.312 0.782 0.902 0.248 0.031 0.131 -0.404 -0.882 -1.021 -1.015 -0.885 -0.554 -0.052 0.278 0.418 0.227 -0.092 -0.035 -0.515 -0.94 -1.374 -1.582 -1.541 -1.324 -1.167 -1.269 -1.501 -1.52 -1.584 -1.347 -1.046 -0.942 -1.09 -0.854 -0.306 0.441 0.437 -0.449 -1.21 -0.98 -0.58 -0.169 0.317 0.835 1.206 1.153 0.821 0.403 -0.101 -0.478 -0.091 -0.181 -0.576 -0.398 -0.126 0.183 -0.231 -0.416 -0.177 0.228 0.036 -0.126 0.045 0.232 0.375 0.473 0.606 0.31 -0.113 -0.198 -0.099
-0.9 -0.691 -0.157 0.098 0.053 0.001 0.164 0.756 0.775 0.192 -0.404 -0.058 -0.145 -0.787 -0.985 -0.747 -0.47 -0.234 0.129 0.338 0.06 -0.501 -0.671 -0.43 -0.873 -1.213 -1.315 -1.371 -1.355 -1.328 -1.06 -1.107 -1.442 -1.549 -1.67 -1.742 -1.71 -1.556 -0.91 -0.48 -0.035 0.542 0.068 -0.744 -1.234 -0.836 -0.53 -0.06 0.569 1.08 1.174 1.068 0.787 0.298 -0.03 -0.488 -0.265 -0.408 -0.749 -0.594 -0.168 -0.044 -0.292 -0.718 -0.44 -0.08 -0.28 -0.435 -0.323 -0.155 0.002 0.165 0.448 0.535 0.392 0.326 0.071
-0.476 -0.034 0.064 -0.131 -0.372 -0.48 -0.129 0.699 0.662 -0.015 -0.604 -0.46 -0.154 -0.894 -1.068 -0.624 -0.182 -0.006 0.137 -0.186 -0.587 -1.146 -1.066 -0.86 -1.363 -1.236 -1.025 -1.13 -1.216 -0.996 -0.792 -0.728 -1.045 -1.285 -1.495 -1.514 -1.219 -1.19 -0.808 -0.351 0.222 0.42 -0.242 -1.129 -1.019 -0.732 -0.378 0.101 0.759 1.168 1.095 0.952 0.705 0.177 -0.221 -0.55 -0.503 -0.84 -0.834 -0.542 -0.261 -0.451 -0.519 -0.877 -0.572 -0.435 -0.506 -0.729 -0.55 -0.361 -0.245 -0.223 -0.123 0.128 0.345 0.404 0.215
-0.047 -0.069 -0.328 -0.525 -0.485 -0.397 0.022 0.722 0.353 -0.311 -1.021 -0.828 -0.46 -1.255 -1.193 -0.734 -0.5 -0.392 -0.11 -0.783 -1.457 -1.53 -1.369 -1.339 -1.525 -1.27 -0.865 -1 -1.226 -1.281 -1.202 -0.723 -0.651 -1.034 -1.392 -1.468 -1.255 -0.844 -0.383 0.008 0.383 0.083 -0.524 -1.09 -0.827 -0.449 -0.066 0.457 1 1.197 1.06 0.846 0.542 -0.063 -0.622 -0.803 -0.869 -1.042 -0.805 -0.631 -0.708 -0.842 -0.749 -0.892 -0.572 -0.75 -0.763 -0.921 -0.767 -0.575 -0.536 -0.61 -0.58 -0.339 -0.089 0.167 0.313
-0.252 -0.481 -0.8 -0.751 -0.575 -0.346 0.073 0.595 -0.064 -0.786 -1.383 -1.158 -1.123 -1.554 -1.508 -1.259 -1.195 -0.85 -0.465 -1.245 -1.66 -1.538 -1.334 -1.248 -1.183 -1.186 -0.957 -0.683 -0.706 -1.038 -1.119 -1.028 -0.398 -0.627 -1.052 -1.2 -1.192 -0.727 -0.3 0.161 0.305 -0.291 -0.788 -0.77 -0.489 0.021 0.459 0.912 1.175 1.194 1.046 0.719 0.205 -0.363 -0.677 -0.624 -0.866 -0.943 -0.916 -0.857 -0.912 -0.893 -0.907 -0.823 -0.727 -0.878 -0.972 -0.952 -0.86 -0.815 -0.835 -0.999 -0.937 -0.788 -0.444 -0.054 0.228
-0.679 -0.855 -1.317 -1.123 -0.875 -0.601 0.017 0.359 -0.294 -1.043 -1.333 -1.329 -1.686 -1.448 -1.502 -1.264 -1.248 -1.099 -1.007 -1.508 -1.356 -1.291 -1.157 -1.025 -0.926 -0.855 -0.782 -0.484 -0.284 -0.457 -0.789 -0.877 -0.377 -0.196 -0.55 -0.904 -0.915 -0.573 -0.271 0.195 0.219 -0.353 -0.505 -0.188 0.129 0.578 0.997 1.177 1.205 1.173 0.906 0.391 -0.154 -0.249 -0.218 -0.223 -0.488 -0.458 -0.593 -0.559 -0.676 -0.676 -0.73 -0.929 -0.99 -0.893 -0.819 -0.737 -0.817 -0.964 -1.088 -1.12 -0.912 -0.77 -0.495 -0.119 -0.029
-1.078 -1.356 -1.495 -1.322 -0.975 -0.467 0.04 -0.511 -0.438 -0.844 -1.113 -1.24 -1.714 -1.293 -1.255 -1.239 -1.021 -1.179 -1.24 -1.27 -1.019 -1.007 -1.02 -0.81 -0.719 -0.59 -0.489 -0.348 -0.016 -0.032 -0.185 -0.483 -0.311 0.102 -0.028 -0.525 -0.643 -0.45 -0.02 0.479 0.501 0.138 0.239 0.598 0.853 1.067 1.206 1.198 1.147 1.098 0.805 0.204 0.093 0.199 0.169 0.067 -0.108 -0.134 -0.248 -0.205 -0.35 -0.409 -0.54 -0.79 -0.887 -0.6 -0.619 -0.888 -1.112 -1.254 -1.287 -1.139 -0.835 -0.454 -0.268 -0.131 -0.291
-1.552 -1.574 -1.242 -1.113 -0.713 0.029 -0.273 -1.356 -0.937 -0.531 -0.704 -1.387 -1.687 -1.347 -1.07 -1.052 -0.804 -1.059 -0.9 -0.978 -0.69 -0.757 -1.066 -0.93 -0.735 -0.534 -0.271 -0.166 0.079 0.235 0.349 0.243 0.289 0.483 0.457 0.037 -0.125 -0.087 0.244 0.723 0.899 0.825 0.961 1.108 1.18 1.211 1.103 0.964 0.626 0.698 0.968 0.637 0.666 0.695 0.592 0.482 0.352 0.268 0.165 0.103 0.049 -0.05 -0.302 -0.509 -0.693 -0.459 -0.82 -1.156 -1.217 -1.436 -1.392 -1.211 -0.889 -0.398 -0.213 -0.315 -0.653
-1.748 -1.378 -0.841 -0.7 -0.328 0.167 -0.642 -1.656 -1.444 -0.753 -0.624 -1.487 -1.405 -1.424 -1.123 -0.669 -0.218 -0.601 -0.519 -0.809 -0.529 -0.525 -0.877 -0.956 -0.825 -0.725 -0.383 -0.045 0.23 0.374 0.537 0.585 0.642 0.773 0.819 0.653 0.525 0.55 0.682 0.921 1.095 1.142 1.197 1.211 1.179 1.069 0.782 0.412 0.102 0.447 0.877 0.882 0.75 0.683 0.696 0.763 0.681 0.536 0.465 0.386 0.3 0.208 0.034 -0.131 -0.33 -0.35 -0.781 -0.951 -0.954 -1.169 -1.355 -1.132 -0.809 -0.339 -0.201 -0.552 -0.992
-1.72 -1.113 -0.803 -0.952 -0.769 -0.288 -0.69 -1.697 -1.489 -0.757 -0.84 -1.395 -1.272 -1.096 -1.055 -0.934 -0.338 -0.122 -0.354 -0.805 -0.688 -0.361 -0.659 -0.799 -0.528 -0.488 -0.261 0.127 0.375 0.479 0.55 0.623 0.685 0.813 0.922 0.907 0.951 0.997 1.058 1.138 1.157 1.13 1.172 0.933 0.732 0.59 0.271 -0.158 -0.069 0.351 0.672 0.313 0.225 0.192 0.146 0.367 0.386 0.343 0.179 0.085 -0.013 -0.057 0.131 0.044 -0.186 -0.375 -0.532 -0.663 -0.889 -1.074 -1.193 -0.91 -0.536 -0.19 -0.264 -0.631 -0.788
-1.621 -1.21 -1.376 -1.595 -1.034 -0.589 -1.014 -1.574 -1.263 -0.832 -1.135 -1.186 -1.219 -0.934 -0.671 -0.587 -0.357 0.162 -0.221 -0.803 -0.71 -0.341 -0.421 -0.509 -0.183 -0.106 -0.077 0.168 0.495 0.559 0.514 0.634 0.763 0.847 0.939 1.024 1.013 1.072 1.129 1.161 1.182 1.057 0.796 0.39 0.174 0.11 -0.146 -0.445 -0.04 0.437 0.483 0.038 -0.306 -0.236 -0.223 0.039 0.028 -0.196 -0.353 -0.453 -0.523 -0.489 -0.078 -0.083 -0.421 -0.584 -0.747 -0.743 -1.132 -1.077 -0.891 -0.614 -0.263 -0.143 -0.402 -0.509 -0.582
-1.428 -1.668 -2.257 -2.145 -1.179 -1.071 -1.778 -1.732 -1.415 -1.145 -1.069 -0.783 -0.758 -0.916 -0.648 -0.242 -0.11 0.272 0.023 -0.496 -0.45 -0.258 -0.187 -0.367 0.036 0.259 0.22 0.342 0.648 0.686 0.641 0.832 0.961 0.98 1.072 0.918 0.872 0.991 1.011 1.141 1.102 0.672 0.227 -0.149 -0.355 -0.381 -0.635 -0.562 -0.049 0.424 0.318 -0.134 -0.561 -0.651 -0.54 -0.33 -0.229 -0.729 -0.817 -0.786 -0.687 -0.51 -0.126 -0.268 -0.561 -0.839 -1.119 -1.111 -1.208 -0.918 -0.596 -0.279 -0.159 -0.252 -0.293 -0.692 -1.058
-1.009 -1.359 -2.148 -1.983 -1.607 -1.856 -1.989 -1.64 -1.236 -0.84 -0.665 -0.49 -0.299 -0.753 -0.723 -0.273 -0.035 0.224 0.335 -0.088 -0.015 -0.054 0.023 -0.218 0.105 0.509 0.552 0.593 0.805 0.918 0.962 1.029 0.942 0.809 0.903 0.947 0.664 0.578 0.79 1.126 0.983 0.326 0.028 -0.295 -0.496 -0.556 -0.684 -0.659 -0.246 0.249 0.291 -0.135 -0.503 -0.91 -0.785 -0.701 -0.394 -0.996 -1.032 -0.827 -0.584 -0.408 -0.168 -0.464 -0.73 -0.973 -1.27 -1.278 -1.207 -0.948 -0.471 -0.145 -0.438 -0.83 -0.582 -0.36 -0.859
-0.836 -1.298 -1.853 -1.994 -1.695 -1.513 -1.67 -1.378 -1.129 -1.022 -1.019 -0.718 -0.265 -0.351 -0.496 -0.205 0.082 0.227 0.538 0.38 0.429 0.316 0.363 0.181 0.351 0.685 0.922 0.95 0.994 1.032 0.988 0.946 0.7 0.406 0.569 0.95 0.558 0.09 0.477 0.977 1.12 0.607 0.084 -0.017 -0.187 -0.435 -0.77 -0.767 -0.386 0.108 0.295 -0.034 -0.336 -0.793 -1.019 -0.819 -0.693 -1.046 -0.888 -0.656 -0.47 -0.281 -0.298 -0.717 -1.108 -1.347 -1.265 -1.09 -0.996 -0.724 -0.267 -0.208 -0.679 -1.069 -1.1 -0.512 -0.564
-0.6 -1.159 -1.475 -1.578 -1.488 -1.128 -1.465 -1.637 -1.454 -1.164 -1.027 -0.729 -0.325 -0.001 -0.108 0.002 0.31 0.474 0.722 0.789 0.847 0.764 0.816 0.7 0.785 0.956 1.102 1.08 0.97 0.792 0.613 0.638 0.377 0.022 0.41 0.708 0.657 -0.103 0.153 0.692 1.053 0.843 0.204 0.35 0.106 -0.39 -0.902 -0.83 -0.385 -0.094 0.164 0.143 -0.187 -0.668 -1.185 -0.969 -1.008 -0.946 -0.701 -0.513 -0.433 -0.238 -0.582 -0.933 -1.203 -1.245 -1.211 -0.999 -0.681 -0.361 -0.092 -0.341 -0.708 -1.111 -1.276 -0.956 -0.536
-0.484 -1.057 -1.27 -1.476 -1.497 -1.108 -0.859 -1.191 -1.009 -0.776 -0.577 -0.249 0.051 0.221 0.239 0.263 0.45 0.74 0.925 0.892 0.826 0.838 0.963 1.009 1.056 1.078 1.037 0.826 0.4 0.155 0.143 0.261 0.262 -0.1 0.138 0.297 0.694 0.051 -0.068 0.255 0.671 1.112 0.747 0.604 0.136 -0.195 -0.701 -0.915 -0.698 -0.457 -0.153 0.105 -0.098 -0.583 -1.171 -1.231 -1.237 -0.956 -0.638 -0.771 -0.716 -0.364 -0.866 -1.18 -1.38 -1.314 -0.916 -0.766 -0.494 -0.145 -0.257 -0.384 -0.424 -0.869 -1.248 -1.243 -0.837
-0.414 -1.054 -1.354 -1.253 -1.095 -1.039 -0.534 -0.434 -0.423 -0.304 -0.105 0.095 0.371 0.482 0.542 0.58 0.777 0.887 0.696 0.57 0.484 0.464 0.495 0.629 0.905 0.997 0.71 0.285 -0.085 -0.297 -0.191 -0.047 0.097 -0.512 -0.403 0.136 0.617 0.155 -0.29 0.16 0.749 1.172 1.056 0.773 0.28 -0.029 -0.297 -0.761 -1.013 -0.625 -0.283 -0.009 -0.119 -0.569 -1.119 -1.327 -1.165 -0.99 -0.815 -0.994 -0.611 -0.819 -0.944 -1.217 -1.263 -1.084 -0.945 -0.631 -0.219 -0.16 -0.537 -0.765 -0.399 -0.649 -1.088 -1.307 -1.168
-0.203 -0.744 -1.196 -0.907 -0.717 -0.587 -0.363 0.148 0.189 0.261 0.341 0.481 0.706 0.815 0.832 0.777 0.735 0.516 0.365 0.25 0.116 0.038 0.139 0.381 0.651 0.98 0.583 0.034 -0.261 -0.51 -0.721 -0.616 -0.379 -0.663 -0.45 -0.052 0.456 0.049 -0.325 0.175 0.664 1.102 1.101 0.928 0.551 0.131 -0.172 -0.651 -0.963 -0.605 -0.216 -0.002 -0.206 -0.655 -1.216 -1.518 -1.266 -1.283 -1.28 -0.906 -0.848 -1.193 -1.119 -1.254 -1.158 -0.897 -0.638 -0.413 -0.097 -0.297 -0.716 -1.014 -0.692 -0.57 -1.003 -1.353 -1.37
-0.248 -0.318 -0.925 -0.587 -0.369 0.002 0.162 0.544 0.721 0.761 0.785 0.798 0.692 0.6 0.526 0.45 0.419 0.217 0.083 -0.012 -0.154 -0.324 -0.135 0.117 0.409 0.877 0.646 0.356 0.225 -0.109 -0.704 -1.16 -0.884 -0.649 -0.138 0.181 0.334 -0.232 -0.329 0.143 0.605 1.041 1.163 1.025 0.774 0.152 -0.432 -0.839 -0.871 -0.469 -0.104 0.038 -0.253 -0.732 -1.295 -1.45 -1.556 -1.409 -1.169 -0.844 -1.15 -1.417 -1.264 -1.101 -1.067 -0.927 -0.932 -0.528 -0.112 -0.434 -0.822 -1.225 -1.048 -0.633 -0.824 -1.297 -1.46
-0.409 -0.008 -0.487 -0.216 0.075 0.436 0.655 0.83 0.828 0.814 0.696 0.494 0.22 0.116 0.193 0.093 0.079 -0.062 -0.254 -0.336 -0.511 -0.316 -0.081 0.182 0.472 0.878 0.693 0.487 0.314 -0.042 -0.657 -1.272 -1.047 -0.599 0.098 0.331 -0.041 -0.505 -0.294 0.12 0.568 1.004 1.179 1.095 0.897 0.186 -0.386 -0.583 -0.801 -0.373 -0.065 0.059 -0.137 -0.679 -1.041 -1.296 -1.416 -1.189 -1.033 -1.232 -1.422 -1.287 -1.071 -0.654 -0.79 -0.745 -0.711 -0.287 -0.172 -0.7 -0.961 -1.338 -1.343 -0.81 -0.688 -1.27 -1.477
-0.242 0.258 0.133 0.324 0.517 0.768 0.821 0.549 0.329 0.48 0.15 -0.041 -0.292 -0.347 -0.065 -0.225 -0.196 -0.176 -0.558 -0.508 -0.288 -0.05 0.18 0.411 0.72 0.79 0.41 0.048 -0.048 -0.402 -1.018 -1.297 -0.78 -0.414 0.196 0.149 -0.452 -0.47 -0.192 0.113 0.5 0.92 1.164 1.135 0.958 0.404 0.045 -0.396 -0.818 -0.37 -0.109 0.065 -0.059 -0.654 -0.907 -1.322 -1.249 -1.223 -1.26 -1.218 -1.065 -0.976 -0.824 -0.394 -0.371 -0.421 -0.419 -0.042 -0.291 -0.759 -1.149 -1.44 -1.537 -1.023 -0.669 -1.033 -1.343
0.158 0.593 0.652 0.712 0.793 0.806 0.466 -0.065 -0.236 0.068 -0.172 -0.566 -0.67 -0.565 -0.251 -0.488 -0.48 -0.389 -0.548 -0.342 -0.067 0.178 0.416 0.647 0.821 0.595 0.333 -0.106 -0.374 -0.605 -1.106 -1.12 -0.511 -0.095 0.312 -0.011 -0.524 -0.396 -0.117 0.166 0.528 0.872 1.117 1.151 1.005 0.601 0.083 -0.127 -0.625 -0.413 -0.105 0.121 -0.006 -0.684 -1.28 -1.314 -1.182 -0.852 -0.918 -0.691 -0.579 -0.586 -0.45 -0.21 0.017 -0.119 -0.159 -0.238 -0.391 -0.735 -1.129 -1.413 -1.612 -1.225 -0.879 -1.137 -1.06
0.588 0.551 0.43 0.404 0.337 0.475 0.107 -0.366 -0.484 -0.458 -0.354 -0.94 -0.924 -0.667 -0.409 -0.581 -0.705 -0.683 -0.546 -0.186 0.085 0.365 0.577 0.798 0.713 0.435 0.278 -0.001 -0.278 -0.539 -0.891 -0.991 -0.456 0.008 0.332 -0.312 -0.52 -0.368 -0.109 0.173 0.487 0.798 1.02 1.143 1.086 0.918 0.515 0.095 -0.301 -0.18 0.052 0.207 0.042 -0.499 -1.206 -1.144 -1.02 -0.605 -0.535 -0.407 -0.165 -0.291 -0.137 0.069 0.179 -0.019 -0.159 -0.702 -0.631 -0.726 -1.098 -1.346 -1.497 -1.188 -1.294 -1.522 -1.187
0.254 0.049 -0.028 -0.053 -0.301 0.287 0.07 -0.325 -0.735 -0.858 -0.69 -1.23 -1.009 -0.714 -0.605 -0.78 -0.684 -0.665 -0.403 -0.113 0.23 0.502 0.712 0.778 0.408 -0.02 0.16 0.003 -0.292 -0.584 -0.963 -0.907 -0.461 0.026 0.191 -0.497 -0.493 -0.277 -0.045 0.218 0.477 0.763 0.996 1.045 0.75 0.844 0.897 0.654 0.245 0.34 0.444 0.187 0.106 -0.277 -0.916 -0.963 -0.617 -0.331 -0.177 -0.243 0.069 0.027 0.231 0.272 -0.005 -0.334 -0.635 -0.994 -1.009 -0.733 -1.129 -1.547 -1.436 -1.383 -1.666 -1.628 -1.577
-0.308 -0.539 -0.577 -0.63 -0.453 0.121 0.223 -0.158 -0.707 -1.223 -1.091 -1.366 -1.179 -0.875 -0.742 -0.95 -0.766 -0.552 -0.25 0.015 0.385 0.618 0.686 0.619 0.112 -0.307 -0.279 0.085 -0.193 -0.61 -1.05 -0.731 -0.299 0.129 -0.098 -0.53 -0.354 -0.09 0.111 0.32 0.6 0.727 0.832 0.877 0.406 0.209 0.282 0.555 0.738 0.698 0.621 0.294 0.261 0.042 -0.417 -0.457 -0.153 0.081 0.124 0.102 0.369 0.406 0.343 0.009 -0.572 -0.887 -1.105 -1.241 -1.236 -1.064 -1.362 -1.458 -1.628 -1.762 -1.436 -1.487 -1.56
-0.603 -0.832 -0.909 -0.566 -0.254 0.03 0.335 -0.175 -0.812 -1.259 -1.372 -1.309 -1.141 -0.877 -0.857 -0.91 -0.743 -0.447 -0.042 0.257 0.498 0.453 0.487 0.492 -0.132 -0.591 -0.7 -0.266 -0.178 -0.627 -0.957 -0.544 -0.071 0.219 -0.183 -0.433 -0.272 0.065 0.318 0.471 0.418 0.147 0.457 0.74 0.36 -0.318 -0.343 0.11 0.352 0.601 0.697 0.622 0.493 0.342 0.08 0.113 0.298 0.472 0.479 0.545 0.586 0.539 0.354 -0.307 -0.885 -1.081 -1.129 -1.395 -1.393 -1.318 -1.245 -1.397 -1.653 -1.531 -1.248 -1.711 -1.588
-0.319 -0.899 -1.122 -0.774 -0.463 -0.395 -0.055 0.102 -0.369 -0.91 -1.368 -1.282 -1.11 -0.883 -0.698 -0.542 -0.354 -0.095 0.275 0.381 0.308 -0.003 0.282 0.413 -0.177 -0.585 -0.793 -0.64 -0.452 -0.898 -0.772 -0.37 0.098 -0.2 -0.209 -0.309 -0.528 -0.098 0.069 0.022 -0.176 -0.431 -0.007 0.649 0.342 -0.121 -0.402 -0.084 -0.095 0.069 0.323 0.619 0.723 0.639 0.557 0.59 0.619 0.642 0.593 0.545 0.313 0.251 0.436 -0.036 -0.494 -0.568 -0.743 -1.083 -1.006 -1.017 -1.342 -1.651 -1.371 -0.993 -1.228 -1.716 -1.557
-0.38 -1.004 -1.376 -1.01 -0.71 -0.781 -0.622 0.029 0.037 -0.66 -1.199 -1.175 -1.002 -0.807 -0.674 -0.365 -0.065 0.238 0.267 0.065 -0.142 -0.439 0.075 0.49 0.098 -0.301 -0.733 -0.932 -0.949 -0.899 -0.526 -0.143 -0.161 -0.577 -0.657 -0.352 -0.908 -0.642 -0.548 -0.57 -0.691 -0.511 -0.109 0.607 0.239 -0.356 -0.725 -0.47 -0.525 -0.326 0.026 0.306 0.602 0.736 0.59 0.441 0.411 0.361 0.164 0.17 -0.264 -0.202 -0.012 0.278 0.173 -0.285 -0.743 -0.881 -0.886 -1.312 -1.299 -1.105 -0.94 -0.822 -1.361 -1.77 -1.508
-0.434 -0.948 -1.403 -1.212 -1.079 -1.005 -0.755 -0.182 0.158 -0.603 -1.231 -1.227 -0.97 -0.846 -0.831 -0.394 0.03 0.205 -0.008 -0.494 -0.533 -0.668 -0.108 0.414 0.071 -0.57 -1.076 -1.365 -1.106 -0.72 -0.323 -0.046 -0.337 -0.852 -0.954 -0.672 -1.381 -1.267 -1.019 -0.761 -0.541 -0.241 0.067 0.586 0.381 -0.268 -0.829 -0.812 -0.758 -0.475 -0.208 0.057 0.369 0.619 0.353 -0.153 -0.111 -0.286 -0.353 -0.179 -0.658 -0.472 -0.65 -0.276 0.213 0.075 -0.5 -0.855 -0.676 -0.733 -0.57 -0.56 -0.609 -0.822 -1.211 -1.548 -1.545
-0.565 -0.888 -1.358 -1.24 -1 -0.866 -0.699 -0.408 -0.208 -0.482 -1.204 -1.27 -0.853 -0.605 -0.555 -0.209 0.112 -0.226 -0.404 -0.675 -1.04 -0.923 -0.49 0.205 -0.227 -0.59 -0.856 -1.382 -1.191 -0.765 -0.264 -0.267 -0.71 -1.213 -1.158 -1.048 -1.391 -1.145 -0.812 -0.57 -0.335 -0.009 0.408 0.725 0.362 -0.153 -0.625 -0.945 -0.853 -0.597 -0.409 -0.118 0.168 0.413 0.242 -0.508 -0.624 -0.687 -0.782 -0.571 -0.891 -0.705 -0.845 -0.939 -0.276 0.065 -0.087 -0.282 -0.259 -0.461 -0.734 -0.956 -1.002 -0.876 -1.31 -1.689 -1.71
-0.759 -0.808 -1.225 -1.152 -0.917 -1.035 -1.118 -1.074 -1.034 -0.623 -1.048 -1.174 -0.892 -0.58 -0.218 -0.092 -0.018 -0.553 -0.971 -0.891 -1.273 -1.082 -0.497 0.201 -0.286 -0.691 -0.682 -1.145 -1.118 -0.68 -0.275 -0.44 -1.217 -1.543 -1.321 -1.268 -1.209 -0.924 -0.696 -0.36 -0.063 0.255 0.627 0.711 0.104 -0.382 -0.703 -1.052 -1.009 -0.745 -0.599 -0.293 -0.016 0.33 0.332 -0.312 -0.869 -1.09 -1.143 -0.959 -1.177 -1.01 -0.86 -1.089 -0.618 -0.165 0.081 -0.055 -0.46 -0.914 -1.22 -1.378 -1.423 -0.964 -1.367 -1.839 -2.023
-0.967 -1.05 -1.431 -1.521 -1.135 -1.433 -1.576 -1.652 -1.435 -0.911 -0.895 -1.137 -0.774 -0.472 -0.555 -0.352 -0.201 -0.738 -1.212 -1.454 -1.347 -0.873 -0.3 0.253 -0.109 -0.923 -1.146 -1.318 -1.069 -0.649 -0.266 -0.503 -1.416 -1.544 -1.255 -1.14 -0.976 -0.825 -0.615 -0.27 0.107 0.403 0.695 0.555 -0.244 -0.842 -0.926 -1.209 -1.156 -1.011 -0.961 -0.506 -0.037 0.309 0.446 -0.171 -0.765 -1.218 -1.544 -1.449 -1.374 -1.32 -1.052 -1.329 -1.042 -0.691 -0.225 -0.09 -0.537 -0.911 -1.181 -1.42 -1.535 -1.159 -1.356 -1.841 -2.054
