data/climatemaps/RS_maps/climate_breeding_pr_2000.asc
NCOLS 369 
NROWS 228 
XLLCORNER 479000 
YLLCORNER 73000 
CELLSIZE 1000 
NODATA_value -9 
[rows 99 to 131 of 228, columns 152 to 227 of 369]
0.226 0.278 0.286 0.232 0.238 0.302 0.362 0.353 0.247 0.149 0.012 -0.16 -0.348 -0.462 -0.435 -0.329 -0.26 -0.211 -0.177 -0.154 -0.117 -0.043 0.086 0.302 0.454 0.5 0.57 0.575 0.635 0.626 0.654 0.518 0.166 -0.169 -0.257 -0.271 -0.228 -0.183 -0.175 -0.151 -0.157 -0.144 -0.082 0.025 0.223 0.326 0.196 0.176 0.147 0.12 0.145 0.251 0.373 0.502 0.555 0.451 0.23 -0.002 0.033 0.367 0.778 1.082 1.34 1.537 1.628 1.658 1.539 1.341 1.193 1.127 0.921 0.972 0.781 0.5 0.449 0.617
0.058 0.127 0.162 0.113 0.207 0.262 0.311 0.254 0.172 0.085 -0.105 -0.302 -0.46 -0.483 -0.354 -0.239 -0.124 -0.079 -0.101 -0.052 -0.037 -0.077 0.109 0.316 0.469 0.506 0.539 0.49 0.45 0.422 0.335 0.135 -0.139 -0.266 -0.264 -0.156 -0.18 -0.078 0.005 0.013 -0.067 -0.104 0.005 0.211 0.505 0.548 0.487 0.565 0.572 0.531 0.456 0.474 0.631 0.786 0.77 0.52 0.164 -0.023 -0.054 0.163 0.504 0.796 1.111 1.374 1.563 1.712 1.718 1.669 1.666 1.479 1.196 1.331 1.182 0.859 0.445 0.506
-0.084 -0.004 -0.02 0.033 0.152 0.253 0.275 0.213 0.081 -0.054 -0.238 -0.403 -0.506 -0.451 -0.263 -0.118 0.027 0.001 0.047 0.127 0.138 0.015 0.126 0.316 0.464 0.543 0.64 0.575 0.318 0.104 -0.033 -0.162 -0.266 -0.322 -0.235 -0.234 -0.127 0.192 0.348 0.378 0.181 -0.059 0.039 0.401 0.716 0.756 0.796 0.975 1.022 0.913 0.701 0.733 0.929 1.058 0.888 0.434 0.097 -0.046 -0.069 0.219 0.537 0.73 0.969 1.266 1.53 1.749 1.928 2.007 1.987 1.67 1.405 1.651 1.497 1.151 0.732 0.49
-0.172 -0.186 -0.113 0.011 0.093 0.173 0.165 0.11 -0.024 -0.169 -0.313 -0.437 -0.509 -0.409 -0.156 0.031 0.081 0.135 0.253 0.376 0.359 0.145 0.202 0.369 0.513 0.595 0.647 0.562 0.297 0.045 -0.145 -0.256 -0.331 -0.342 -0.306 -0.277 0.061 0.558 0.769 0.77 0.417 0.006 0.031 0.351 0.697 0.994 1.06 1.281 1.36 1.155 0.855 0.908 1.042 1.114 0.837 0.327 0.069 -0.07 -0.056 0.27 0.628 0.864 1.101 1.37 1.599 1.835 2.057 2.123 1.957 1.702 1.528 1.77 1.685 1.428 1.127 0.652
-0.314 -0.235 -0.166 -0.082 0.028 0.097 0.044 -0.031 -0.135 -0.21 -0.252 -0.319 -0.462 -0.353 -0.092 0.044 0.172 0.373 0.466 0.479 0.348 0.31 0.413 0.445 0.45 0.514 0.542 0.519 0.383 0.101 -0.135 -0.29 -0.361 -0.352 -0.34 -0.225 0.242 0.789 0.903 0.767 0.405 0.056 0.035 0.279 0.617 1.048 1.277 1.513 1.653 1.495 1.206 1.133 1.099 1.042 0.789 0.426 0.107 -0.092 -0.119 0.094 0.42 0.693 1.076 1.361 1.539 1.819 1.956 1.916 1.866 1.713 1.722 1.851 1.829 1.728 1.475 0.901
-0.34 -0.274 -0.227 -0.181 -0.1 -0.086 -0.124 -0.161 -0.153 -0.101 -0.048 -0.094 -0.346 -0.316 -0.144 0.073 0.36 0.652 0.684 0.672 0.563 0.576 0.52 0.42 0.502 0.563 0.646 0.658 0.466 0.097 -0.161 -0.322 -0.371 -0.376 -0.339 -0.151 0.241 0.735 0.892 0.828 0.559 0.124 0.064 0.385 0.671 1.033 1.471 1.82 1.997 1.827 1.493 1.146 0.847 0.709 0.573 0.426 0.139 -0.108 -0.185 -0.107 0.176 0.468 0.851 1.14 1.349 1.578 1.701 1.746 1.709 1.654 1.867 1.942 1.965 1.968 1.697 1.183
-0.264 -0.271 -0.309 -0.251 -0.222 -0.216 -0.254 -0.199 -0.084 0.068 0.17 0.057 -0.295 -0.291 -0.147 0.167 0.587 0.727 0.914 0.886 0.738 0.712 0.549 0.507 0.588 0.592 0.626 0.54 0.286 0.001 -0.23 -0.347 -0.377 -0.397 -0.322 -0.05 0.372 0.798 0.985 1.038 0.728 0.159 0.111 0.497 0.861 1.222 1.707 2.039 2.085 1.831 1.438 0.947 0.804 0.751 0.534 0.502 0.131 -0.115 -0.198 -0.165 0.179 0.468 0.71 0.887 1.026 1.178 1.324 1.545 1.611 1.608 1.779 1.923 1.881 1.822 1.643 1.382
-0.158 -0.134 -0.262 -0.339 -0.35 -0.349 -0.328 -0.181 0.02 0.298 0.316 0.039 -0.276 -0.295 -0.113 0.258 0.568 0.842 1.079 0.98 0.881 0.735 0.636 0.54 0.445 0.394 0.365 0.291 0.104 -0.117 -0.298 -0.366 -0.388 -0.375 -0.268 0.039 0.548 0.958 1.091 1.05 0.587 0.121 0.125 0.39 0.754 1.257 1.836 2.124 2.053 1.8 1.446 1.009 1.131 0.9 0.68 0.566 0.151 -0.105 -0.191 -0.193 0.084 0.395 0.554 0.575 0.656 0.8 0.948 1.21 1.393 1.511 1.667 1.755 1.782 1.713 1.618 1.602
-0.037 -0.06 -0.158 -0.3 -0.398 -0.423 -0.315 -0.134 0.163 0.435 0.337 0.114 -0.222 -0.28 -0.033 0.218 0.534 0.894 1.078 1.033 0.912 0.719 0.629 0.438 0.259 0.164 0.094 0.027 -0.099 -0.264 -0.36 -0.381 -0.379 -0.325 -0.201 0.114 0.655 1.078 1.119 0.907 0.359 0.153 0.235 0.224 0.555 1.111 1.627 1.999 2.114 2.002 1.665 1.212 1.305 0.939 0.797 0.763 0.358 -0.041 -0.173 -0.232 -0.175 0.085 0.176 0.181 0.257 0.411 0.549 0.79 0.917 1.042 1.179 1.418 1.634 1.585 1.651 1.728
0.015 -0.017 -0.105 -0.282 -0.393 -0.446 -0.29 -0.036 0.252 0.387 0.33 0.158 -0.212 -0.286 0.011 0.115 0.416 0.769 1.017 1.033 0.901 0.713 0.459 0.243 0.06 -0.064 -0.137 -0.194 -0.309 -0.394 -0.406 -0.377 -0.354 -0.28 -0.082 0.271 0.741 1.047 1.014 0.698 0.248 0.17 0.265 0.275 0.569 1.135 1.658 2.175 2.201 2.048 1.661 1.458 1.5 1.053 1.046 1.127 0.583 0.132 -0.13 -0.222 -0.267 -0.224 -0.161 -0.101 0.002 0.112 0.234 0.408 0.524 0.6 0.736 0.875 1.049 1.195 1.367 1.56
-0.013 -0.025 -0.093 -0.276 -0.423 -0.465 -0.292 -0.027 0.166 0.279 0.296 0.089 -0.209 -0.322 -0.146 0.004 0.327 0.706 0.96 1.021 0.914 0.711 0.333 0.041 -0.153 -0.278 -0.352 -0.417 -0.473 -0.48 -0.433 -0.345 -0.303 -0.143 0.118 0.405 0.777 1.055 0.902 0.461 0.174 0.211 0.397 0.618 0.814 1.262 1.755 2.207 2.295 2.196 1.828 1.859 1.954 1.583 1.533 1.266 0.671 0.338 0.013 -0.204 -0.286 -0.321 -0.245 -0.097 0.055 0.234 0.258 0.297 0.334 0.34 0.363 0.432 0.533 0.703 0.951 1.324
-0.086 -0.04 -0.131 -0.287 -0.452 -0.416 -0.283 -0.13 0.055 0.237 0.338 0.181 -0.135 -0.341 -0.236 -0.027 0.297 0.674 0.816 0.929 0.771 0.508 0.194 -0.109 -0.327 -0.456 -0.53 -0.564 -0.563 -0.509 -0.386 -0.212 -0.159 -0.125 0.064 0.224 0.633 0.967 0.634 0.257 0.215 0.437 0.647 0.94 1.063 1.393 1.792 2.271 2.435 2.557 2.189 2.146 2.301 2.029 1.603 1.011 0.689 0.6 0.203 -0.16 -0.31 -0.353 -0.23 -0.036 0.083 0.378 0.545 0.612 0.618 0.449 0.263 0.408 0.507 0.635 0.9 1.308
-0.167 -0.098 -0.165 -0.319 -0.464 -0.339 -0.205 -0.092 0.059 0.311 0.473 0.311 -0.113 -0.282 -0.116 0.08 0.299 0.655 0.71 0.723 0.548 0.251 -0.001 -0.262 -0.465 -0.559 -0.612 -0.623 -0.566 -0.435 -0.208 0.025 0.191 -0.033 -0.072 0.207 0.618 0.749 0.529 0.218 0.239 0.448 0.675 1.047 1.214 1.44 1.766 2.168 2.396 2.629 2.621 2.439 2.356 2.238 1.631 1.109 0.962 0.712 0.269 -0.11 -0.332 -0.314 -0.195 -0.049 0.141 0.433 0.791 0.974 1.037 0.785 0.464 0.726 0.822 0.895 1.101 1.346
-0.187 -0.12 -0.225 -0.389 -0.431 -0.355 -0.217 -0.048 0.122 0.514 0.528 0.272 -0.115 -0.184 0.036 0.194 0.351 0.647 0.66 0.535 0.341 0.064 -0.174 -0.378 -0.512 -0.592 -0.635 -0.592 -0.443 -0.252 0.055 0.339 0.489 0.175 -0.052 0.2 0.57 0.673 0.684 0.311 0.167 0.398 0.602 0.814 0.926 1.105 1.493 1.821 2.132 2.463 2.565 2.438 2.448 2.288 1.742 1.305 1.047 0.737 0.361 -0.069 -0.36 -0.274 -0.055 0.065 0.235 0.569 1.018 1.262 1.19 0.946 0.746 1.012 1.122 1.197 1.293 1.492
-0.167 -0.224 -0.372 -0.402 -0.356 -0.379 -0.299 -0.08 0.244 0.519 0.427 0.199 -0.092 -0.1 0.143 0.324 0.478 0.619 0.611 0.459 0.295 0.123 -0.166 -0.411 -0.512 -0.581 -0.559 -0.426 -0.185 0.011 0.3 0.637 0.537 0.111 0.047 0.322 0.714 0.94 0.919 0.544 0.211 0.314 0.454 0.559 0.508 0.798 1.308 1.656 1.995 2.131 2.119 2.072 2.226 2.116 1.785 1.362 1.098 0.841 0.458 -0.026 -0.392 -0.385 -0.091 0.177 0.388 0.731 1.093 1.358 1.36 1.104 1.032 1.224 1.347 1.444 1.552 1.674
-0.266 -0.39 -0.427 -0.361 -0.379 -0.434 -0.351 -0.11 0.287 0.372 0.311 0.165 -0.026 -0.088 0.042 0.294 0.522 0.569 0.562 0.565 0.447 0.219 -0.092 -0.342 -0.457 -0.538 -0.413 -0.304 -0.014 0.305 0.598 0.722 0.489 0.16 0.225 0.508 0.906 1.094 1.018 0.596 0.298 0.289 0.29 0.271 0.251 0.674 1.163 1.432 1.75 1.728 1.724 1.857 1.99 2.118 1.924 1.642 1.292 0.92 0.522 0.022 -0.388 -0.535 -0.322 0.009 0.319 0.727 1.053 1.356 1.482 1.305 1.363 1.549 1.602 1.537 1.596 1.71
-0.369 -0.457 -0.469 -0.479 -0.53 -0.521 -0.397 -0.108 0.168 0.209 0.198 0.164 0.137 0.021 -0.019 0.152 0.435 0.601 0.683 0.738 0.645 0.485 0.14 -0.092 -0.329 -0.407 -0.151 -0.115 -0.046 0.401 0.788 0.748 0.621 0.246 0.382 0.739 1.082 1.109 0.96 0.752 0.473 0.311 0.197 0.137 0.18 0.544 0.919 1.18 1.509 1.463 1.433 1.799 2.043 2.094 1.871 1.577 1.073 0.639 0.334 0.028 -0.282 -0.583 -0.537 -0.28 0.079 0.528 0.946 1.51 1.718 1.732 1.889 1.827 1.611 1.38 1.311 1.485
-0.224 -0.392 -0.498 -0.55 -0.586 -0.595 -0.493 -0.187 -0.001 0.033 0.078 0.166 0.236 0.217 0.149 0.153 0.32 0.522 0.692 0.879 0.856 0.557 0.333 -0.006 -0.319 -0.253 0.082 0.024 -0.004 0.407 0.854 0.913 0.686 0.334 0.542 0.873 1.244 1.487 1.265 1.016 0.814 0.602 0.406 0.332 0.244 0.35 0.621 1.004 1.189 1.076 1.244 1.818 2.021 1.795 1.589 1.368 1.082 0.706 0.491 0.307 -0.072 -0.511 -0.66 -0.503 -0.092 0.419 0.943 1.483 1.704 1.851 1.805 1.631 1.372 1.081 1.184 1.305
-0.14 -0.229 -0.317 -0.347 -0.378 -0.416 -0.447 -0.371 -0.26 -0.148 0.047 0.171 0.291 0.37 0.339 0.367 0.447 0.598 0.718 0.941 0.9 0.643 0.378 -0.141 -0.345 -0.172 0.154 0.072 0.164 0.518 0.891 0.939 0.626 0.496 0.723 0.986 1.326 1.677 1.69 1.398 1.194 0.999 0.767 0.761 0.612 0.51 0.518 0.75 0.822 0.816 1.163 1.66 1.787 1.661 1.643 1.48 1.387 1.108 0.91 0.58 0.153 -0.363 -0.665 -0.572 -0.159 0.409 0.92 1.181 1.386 1.47 1.39 1.184 0.878 0.927 1.237 1.362
-0.032 -0.055 -0.094 -0.064 -0.027 -0.054 -0.111 -0.245 -0.298 -0.122 0.081 0.227 0.349 0.5 0.597 0.646 0.697 0.806 0.843 0.959 0.82 0.581 0.18 -0.263 -0.357 -0.174 0.142 0.126 0.365 0.681 0.955 1.017 0.803 0.821 0.966 1.218 1.452 1.693 1.831 1.79 1.576 1.327 1.176 1.233 1.134 1.055 0.738 0.741 0.847 0.999 1.255 1.575 1.722 1.793 1.89 1.808 1.663 1.329 0.962 0.723 0.313 -0.172 -0.598 -0.593 -0.233 0.251 0.591 0.788 1.021 1.056 0.902 0.688 0.66 0.954 1.201 1.225
0.083 0.203 0.218 0.306 0.312 0.214 0.035 -0.164 -0.155 0.003 0.169 0.349 0.437 0.469 0.578 0.615 0.576 0.642 0.723 0.755 0.585 0.298 -0.103 -0.365 -0.363 -0.141 0.103 0.142 0.413 0.811 1.034 1.057 1.091 1.181 1.208 1.326 1.412 1.541 1.697 1.858 1.808 1.632 1.504 1.588 1.685 1.512 1.214 1.216 1.231 1.377 1.468 1.558 1.693 1.79 1.889 1.919 1.64 1.321 0.961 0.613 0.334 -0.144 -0.586 -0.584 -0.307 0.02 0.145 0.3 0.472 0.497 0.497 0.584 0.715 0.867 1.074 1.111
0.257 0.312 0.264 0.367 0.339 0.266 0.138 -0.016 0.051 0.183 0.303 0.338 0.241 0.101 0.126 0.139 0.108 0.156 0.225 0.419 0.364 0.048 -0.236 -0.388 -0.302 -0.073 0.133 0.215 0.362 0.813 1.047 1.108 1.204 1.275 1.295 1.3 1.276 1.397 1.574 1.695 1.784 1.86 1.87 1.855 1.969 1.807 1.742 1.751 1.632 1.529 1.408 1.365 1.532 1.606 1.56 1.72 1.606 1.253 0.95 0.501 0.103 -0.264 -0.582 -0.572 -0.463 -0.327 -0.203 -0.045 0.119 0.294 0.542 0.821 0.897 0.863 1.08 1.151
0.333 0.269 0.274 0.369 0.367 0.336 0.28 0.164 0.265 0.301 0.181 -0.016 -0.204 -0.319 -0.363 -0.365 -0.357 -0.298 -0.26 -0.031 0.075 -0.109 -0.298 -0.372 -0.265 -0.122 0.038 0.181 0.364 0.686 0.979 1.205 1.228 1.274 1.306 1.162 1.113 1.347 1.561 1.794 1.917 1.905 1.771 1.642 1.772 1.882 1.933 1.879 1.761 1.417 1.153 1.253 1.433 1.476 1.27 1.44 1.363 1.032 0.677 0.305 -0.137 -0.436 -0.519 -0.332 -0.204 -0.251 -0.156 0.01 0.188 0.459 0.709 0.965 0.952 0.951 1.189 1.127
0.375 0.242 0.334 0.399 0.412 0.422 0.354 0.365 0.337 0.13 -0.198 -0.44 -0.598 -0.678 -0.705 -0.706 -0.681 -0.639 -0.604 -0.481 -0.325 -0.348 -0.432 -0.414 -0.39 -0.316 -0.17 0 0.228 0.485 0.7 1.019 1.258 1.217 1.08 0.896 1.128 1.42 1.541 1.59 1.558 1.374 1.308 1.461 1.739 1.959 1.785 1.666 1.62 1.417 1.047 1.224 1.199 1.383 1.138 0.984 0.984 0.949 0.619 0.149 -0.283 -0.415 -0.269 0.038 0.226 0.106 0.059 0.265 0.405 0.619 0.888 1.024 0.949 1.06 1.156 1.064
0.344 0.231 0.343 0.394 0.422 0.473 0.488 0.368 0.082 -0.26 -0.521 -0.674 -0.767 -0.828 -0.855 -0.857 -0.828 -0.796 -0.763 -0.712 -0.633 -0.615 -0.616 -0.599 -0.556 -0.507 -0.383 -0.234 -0.047 0.222 0.496 0.781 0.993 0.808 0.635 0.856 1.075 1.078 0.966 0.913 0.931 1.011 1.28 1.529 1.68 1.778 1.69 1.4 1.269 1.187 0.98 1.014 1.006 1.097 1.12 1.014 0.732 0.623 0.39 -0.088 -0.358 -0.288 0.032 0.442 0.584 0.451 0.276 0.527 0.64 0.737 0.994 1.081 1.041 1.146 1.147 1.046
0.292 0.136 0.212 0.279 0.342 0.475 0.42 0.054 -0.303 -0.543 -0.673 -0.762 -0.827 -0.856 -0.837 -0.82 -0.824 -0.801 -0.766 -0.732 -0.701 -0.675 -0.678 -0.692 -0.684 -0.624 -0.533 -0.458 -0.263 0.019 0.326 0.553 0.5 0.334 0.518 0.752 0.726 0.537 0.455 0.499 0.584 0.783 1.032 1.295 1.376 1.518 1.454 1.352 1.417 1.216 1.023 0.851 0.788 0.808 0.855 0.896 0.718 0.36 0.132 -0.243 -0.302 -0.141 0.262 0.724 0.898 0.783 0.597 0.784 0.898 0.804 0.901 1.047 1.069 1.079 1.023 0.874
0.242 0.018 0.049 0.107 0.223 0.268 0.017 -0.344 -0.556 -0.666 -0.736 -0.783 -0.756 -0.665 -0.574 -0.513 -0.493 -0.476 -0.386 -0.388 -0.389 -0.389 -0.432 -0.581 -0.661 -0.703 -0.699 -0.617 -0.488 -0.249 0.029 0.126 0.016 0.129 0.24 0.226 0.277 0.292 0.538 0.728 0.822 0.887 1.023 1.179 1.206 1.362 1.433 1.445 1.668 1.55 1.416 1.175 0.954 0.676 0.556 0.539 0.552 0.28 -0.133 -0.282 -0.029 0.056 0.403 0.822 1.099 1.104 0.985 0.945 0.954 0.736 0.799 0.948 0.899 0.819 0.712 0.519
0.055 -0.099 -0.005 0.066 0.013 -0.186 -0.451 -0.608 -0.684 -0.729 -0.732 -0.647 -0.442 -0.39 -0.29 -0.183 -0.129 0.037 0.176 0.079 0.084 0.066 -0.008 -0.204 -0.453 -0.62 -0.723 -0.762 -0.7 -0.512 -0.403 -0.356 -0.312 -0.242 -0.169 -0.063 0.076 0.369 0.744 0.953 1.104 1.212 1.294 1.381 1.322 1.449 1.616 1.534 1.765 1.84 1.673 1.571 1.326 0.914 0.646 0.373 0.227 0.051 -0.269 -0.138 0.242 0.23 0.61 1.005 1.252 1.328 1.271 1.141 1.035 0.693 0.721 0.749 0.666 0.535 0.339 0.113
-0.155 -0.084 -0.058 -0.275 -0.457 -0.609 -0.711 -0.742 -0.751 -0.71 -0.538 -0.322 -0.144 -0.178 0.022 0.178 0.298 0.359 0.407 0.448 0.614 0.462 0.406 0.209 -0.088 -0.382 -0.586 -0.726 -0.816 -0.785 -0.726 -0.613 -0.472 -0.283 -0.064 0.095 0.199 0.418 0.818 1.041 1.235 1.426 1.461 1.477 1.539 1.6 1.862 1.655 1.705 1.932 1.864 1.719 1.498 1.239 1.054 0.649 0.175 -0.164 -0.27 0.034 0.411 0.4 0.781 1.116 1.432 1.568 1.498 1.248 1.031 0.645 0.517 0.495 0.367 0.23 0.008 -0.263
-0.216 -0.146 -0.419 -0.634 -0.748 -0.803 -0.819 -0.78 -0.666 -0.477 -0.149 0.08 0.149 0.16 0.292 0.511 0.597 0.703 0.841 0.949 0.853 0.767 0.691 0.362 0.035 -0.184 -0.296 -0.529 -0.765 -0.875 -0.777 -0.498 -0.262 -0.039 0.164 0.395 0.495 0.438 0.7 0.931 1.154 1.437 1.625 1.774 1.836 1.859 2.045 1.737 1.564 1.834 1.955 1.833 1.749 1.517 1.212 0.751 0.208 -0.21 -0.12 0.217 0.576 0.632 0.88 1.306 1.614 1.647 1.606 1.176 0.877 0.553 0.249 0.2 0.106 -0.064 -0.274 -0.505
-0.384 -0.529 -0.703 -0.787 -0.851 -0.873 -0.837 -0.642 -0.367 -0.177 0.169 0.386 0.412 0.429 0.501 0.776 0.941 1.11 1.172 1.131 1.09 0.994 0.75 0.411 0.068 0.015 -0.038 -0.268 -0.632 -0.79 -0.768 -0.405 -0.101 0.093 0.299 0.563 0.686 0.704 0.726 0.796 1.145 1.487 1.825 2.013 2.066 2.095 2.13 1.839 1.575 1.619 1.819 1.93 1.861 1.524 1.172 0.778 0.195 -0.169 0.062 0.379 0.726 0.821 1.045 1.483 1.664 1.527 1.472 1.108 0.659 0.34 -0.005 -0.089 -0.144 -0.211 -0.413 -0.603
-0.681 -0.748 -0.806 -0.853 -0.873 -0.829 -0.696 -0.373 -0.023 0.201 0.416 0.58 0.617 0.677 0.68 0.851 1.057 1.204 1.16 1.12 1.046 0.878 0.624 0.303 0.171 0.271 0.138 -0.401 -0.619 -0.555 -0.702 -0.528 -0.23 -0.01 0.199 0.489 0.74 0.861 0.871 0.844 1.213 1.595 1.893 1.963 2.043 2.086 2.099 1.953 1.732 1.574 1.486 1.665 1.688 1.366 1.099 0.785 0.218 -0.127 0.182 0.486 0.817 0.998 1.189 1.526 1.497 1.447 1.122 0.878 0.407 0.068 -0.153 -0.276 -0.35 -0.405 -0.484 -0.547
-0.729 -0.782 -0.829 -0.829 -0.774 -0.644 -0.417 -0.126 0.223 0.392 0.573 0.75 0.862 0.916 0.882 0.968 1.032 1.089 1.07 1.018 0.952 0.731 0.569 0.414 0.349 0.504 0.152 -0.495 -0.425 -0.22 -0.477 -0.585 -0.468 -0.204 -0.005 0.288 0.626 0.909 0.996 1.064 1.325 1.654 1.983 1.965 1.885 1.907 1.996 1.983 1.879 1.631 1.339 1.252 1.291 1.085 0.8 0.484 0.116 -0.089 0.165 0.432 0.808 1.089 1.288 1.432 1.309 1.284 0.927 0.558 0.228 0.014 -0.05 -0.175 -0.2 -0.235 -0.235 -0.308
