data/climatemaps/RS_maps/climate_winter_tmin_2009.asc
NCOLS 369 
NROWS 228 
XLLCORNER 479000 
YLLCORNER 73000 
CELLSIZE 1000 
NODATA_value -9 
[rows 170 to 203 of 228, columns 228 to 303 of 369]
-1.198 -1.373 -1.2 -1.28 -1.203 -1.126 -1.124 -0.731 -0.666 -0.343 0.182 0.47 0.156 -0.406 -0.755 -0.968 -1.051 -1.233 -1.664 -1.533 -1.1 -0.548 -0.379 -0.895 -1.459 -1.329 -0.818 -0.014 0.375 -0.079 -0.566 -0.691 -0.889 -0.713 -1.365 -1.569 -1.347 -0.984 -0.641 -0.455 -0.138 0.084 0.507 0.588 0.297 -0.165 -0.44 -0.485 -0.65 -0.535 -0.822 -1.033 -0.971 -1.066 -1.25 -1.561 -1.742 -1.453 -1.514 -1.412 -1.728 -2.2 -1.877 -1.99 -2.416 -2.621 -2.227 -2.282 -2.554 -2.229 -1.854 -1.437 -1.374 -1.662 -1.919 -1.689
-1.189 -1.13 -0.89 -1.223 -1.381 -1.319 -1.148 -0.957 -1.053 -0.6 0.011 0.451 0.375 -0.155 -0.644 -0.75 -1.143 -1.386 -1.645 -1.35 -0.921 -0.371 -0.396 -0.912 -1.376 -0.807 -0.368 0.356 0.289 -0.324 -0.749 -0.594 -1.13 -0.739 -1.229 -1.379 -1.051 -0.935 -0.569 -0.15 0.171 0.474 0.624 0.544 0.246 -0.138 -0.515 -0.883 -1.173 -0.927 -0.98 -1.373 -1.502 -1.546 -1.567 -1.539 -1.795 -1.946 -2.114 -2.093 -2.137 -2.258 -1.979 -2.05 -2.254 -2.504 -2.412 -2.413 -2.466 -2.075 -1.711 -1.61 -1.719 -1.667 -2.054 -1.931
-1.078 -0.839 -0.791 -1.184 -1.205 -1.222 -1.343 -1.137 -0.953 -0.575 -0.087 0.367 0.458 0.055 -0.466 -0.892 -1.345 -1.677 -1.524 -1.265 -0.896 -0.382 -0.3 -0.846 -1.238 -0.562 0.142 0.45 0.04 -0.57 -0.991 -0.622 -1.16 -0.91 -1.296 -1.273 -0.953 -0.715 -0.649 -0.205 0.248 0.591 0.665 0.554 0.201 -0.182 -0.533 -0.826 -1.236 -1.348 -1.285 -1.566 -1.845 -1.596 -1.246 -1.2 -1.706 -2.115 -2.114 -2.143 -2.334 -2.359 -2.27 -2.109 -1.806 -2.099 -2.274 -2.374 -2.392 -2.127 -1.938 -2.114 -2.002 -1.778 -2.238 -2.072
-0.937 -0.553 -0.848 -0.943 -0.779 -1.124 -1.145 -0.807 -0.55 -0.364 -0.278 0.257 0.496 0.285 -0.193 -0.708 -1.135 -1.502 -1.273 -1.06 -0.956 -0.534 -0.149 -0.839 -0.825 -0.428 0.302 0.342 -0.287 -0.899 -1.266 -0.879 -1.134 -1.213 -1.29 -1.043 -0.798 -0.632 -0.517 -0.209 0.102 0.566 0.692 0.675 0.405 -0.22 -0.748 -1.078 -1.34 -1.425 -1.469 -1.526 -1.633 -1.354 -0.896 -1.177 -1.914 -1.996 -1.79 -1.732 -2.083 -2.025 -2.073 -1.818 -1.51 -1.675 -1.789 -1.912 -2.096 -2.333 -2.4 -2.555 -2.273 -2.016 -2.156 -2.011
-0.847 -0.396 -0.539 -0.548 -0.769 -1.192 -1.083 -0.847 -0.571 -0.553 -0.593 0.167 0.506 0.474 0.088 -0.325 -0.657 -1.195 -1.222 -0.951 -0.554 -0.233 -0.357 -0.813 -0.487 -0.018 0.466 0.094 -0.55 -1.09 -1.281 -1.209 -1.24 -1.361 -1.045 -0.83 -0.673 -0.53 -0.447 -0.135 -0.065 0.349 0.699 0.711 0.595 0.007 -0.549 -1.063 -1.315 -1.23 -1.066 -1.03 -1.103 -0.995 -0.716 -1.176 -1.805 -1.729 -1.451 -1.51 -1.913 -1.629 -1.682 -1.583 -1.276 -1.161 -1.34 -1.52 -1.881 -2.308 -2.66 -2.76 -2.421 -2.274 -2.063 -1.759
-0.466 -0.271 -0.279 -0.581 -0.991 -1.223 -1.33 -1.031 -0.568 -0.832 -0.726 -0.118 0.411 0.513 0.362 0.001 -0.512 -1.021 -1.295 -0.923 -0.487 -0.067 -0.479 -0.533 -0.229 0.242 0.48 -0.048 -0.477 -0.613 -0.783 -1.228 -1.372 -1.164 -0.649 -0.523 -0.377 -0.338 -0.236 -0.372 -0.4 0.151 0.675 0.73 0.708 0.345 -0.302 -0.614 -1.032 -0.954 -0.573 -0.474 -0.52 -0.538 -0.672 -1.229 -1.651 -1.594 -1.171 -1.459 -1.751 -1.274 -1.172 -1.06 -0.822 -0.845 -1.215 -1.544 -1.941 -2.235 -2.455 -2.518 -2.386 -2.242 -1.867 -1.558
0.083 0.036 -0.135 -0.453 -0.66 -0.886 -1.307 -0.97 -0.822 -0.732 -0.302 -0.135 0.186 0.506 0.516 0.254 -0.181 -0.693 -1.001 -0.988 -0.594 -0.145 -0.029 -0.079 0.03 0.422 0.375 -0.211 -0.558 -0.682 -0.539 -0.891 -1.24 -0.831 -0.599 -0.829 -0.471 -0.629 -0.46 -0.71 -0.401 0.155 0.574 0.742 0.747 0.674 0.314 -0.154 -0.62 -0.654 -0.286 -0.708 -0.933 -1.107 -1.024 -1.351 -1.662 -1.346 -0.884 -1.049 -1.265 -0.979 -0.565 -0.644 -0.878 -1.25 -1.568 -1.877 -1.987 -2.018 -2.251 -2.134 -2.112 -2.052 -1.83 -1.541
0.036 0.159 -0.289 -0.473 -0.586 -0.627 -1.126 -1.284 -0.956 -0.486 -0.536 -0.59 -0.186 0.387 0.528 0.439 0.077 -0.443 -0.486 -0.547 -0.431 -0.215 0.033 0.22 0.367 0.507 0.217 -0.418 -0.829 -1.055 -0.781 -0.662 -1.115 -0.684 -0.9 -0.936 -0.618 -0.929 -0.748 -0.817 -0.287 -0.092 0.343 0.696 0.756 0.754 0.67 0.15 -0.402 -0.38 -0.281 -1.035 -1.298 -1.584 -1.496 -1.619 -1.605 -1.165 -0.794 -0.613 -0.597 -0.456 -0.405 -1.041 -1.457 -1.646 -1.76 -1.833 -1.735 -1.971 -2.233 -1.928 -1.794 -1.716 -1.604 -1.393
-0.164 0.276 -0.454 -0.906 -1.066 -1.016 -0.994 -1.164 -0.764 -0.722 -0.806 -0.866 -0.386 0.181 0.5 0.54 0.169 -0.329 0.008 0.091 0.156 0.253 0.271 0.37 0.511 0.35 -0.025 -0.477 -0.819 -1.139 -1.115 -0.86 -1.127 -0.885 -1.197 -1.073 -1.019 -1.221 -1.061 -1.003 -0.691 -0.445 0.075 0.519 0.766 0.767 0.745 0.311 -0.333 -0.075 -0.199 -0.629 -1.012 -1.618 -1.885 -1.952 -1.77 -1.395 -1.248 -0.851 -0.726 -0.436 -0.327 -1.098 -1.591 -1.585 -1.578 -1.542 -1.708 -2.022 -2.084 -1.855 -1.833 -1.715 -1.625 -1.549
0.057 0.308 -0.222 -0.645 -0.996 -1.24 -1.231 -1.188 -1.126 -0.958 -1.057 -0.771 -0.394 -0.082 0.341 0.565 0.406 0.094 0.402 0.489 0.529 0.553 0.526 0.499 0.256 -0.122 -0.319 -0.463 -0.664 -1.161 -1.374 -1.176 -1.181 -1.076 -1.062 -0.982 -1.033 -1.181 -1.196 -1.092 -1.123 -0.689 -0.09 0.311 0.634 -9 0.771 0.666 0.182 0.167 -0.172 -0.713 -1.187 -1.71 -1.628 -1.651 -1.894 -1.727 -1.549 -1.339 -1.337 -0.69 -0.197 -0.831 -1.116 -1.075 -1.174 -1.433 -1.666 -1.896 -1.99 -1.696 -1.871 -1.827 -1.816 -1.673
0.006 0.321 0.109 -0.19 -0.562 -0.899 -0.924 -1.007 -1.232 -1.117 -1.079 -0.724 -0.438 -0.212 0.146 0.503 0.57 0.49 0.435 0.314 0.294 0.285 0.268 0.263 0.166 -0.155 -0.52 -0.743 -0.768 -1.052 -1.337 -0.975 -1.005 -0.798 -0.601 -0.486 -0.602 -0.936 -0.873 -0.816 -1.237 -0.83 -0.296 -0.247 -0.012 -9 -9 0.772 0.702 0.35 -0.048 -0.454 -0.94 -1.404 -1.258 -1.334 -1.741 -1.646 -1.603 -1.531 -1.298 -0.724 -0.125 -0.52 -0.78 -1.115 -1.236 -1.307 -1.542 -1.641 -1.782 -1.578 -1.577 -1.647 -1.606 -1.718
-0.278 0.104 0.36 0.092 -0.258 -0.482 -0.629 -0.866 -1.039 -0.839 -0.74 -0.573 -0.319 -0.115 0.163 0.461 0.594 0.486 0.194 -0.125 -0.25 -0.259 -0.232 -0.04 0.066 0.018 -0.338 -0.82 -1.154 -1.228 -1.207 -0.671 -0.875 -0.732 -0.703 -0.554 -0.279 -0.795 -0.547 -0.81 -0.998 -0.829 -0.671 -0.706 -9 -9 -9 -9 -9 0.363 -0.266 -0.483 -0.703 -0.902 -0.973 -1.265 -1.696 -1.558 -1.361 -1.2 -0.977 -0.453 -0.116 -0.632 -0.801 -0.967 -0.994 -0.866 -1.005 -1.264 -1.289 -1.279 -1.196 -1.391 -1.147 -9
0.004 0.2 0.357 -0.094 -0.281 -0.459 -0.608 -0.645 -0.821 -0.553 -0.344 -0.504 -0.376 -0.055 0.383 0.581 0.549 0.2 0.06 -0.081 -0.277 -0.52 -0.6 -0.339 -0.371 -0.159 -0.188 -0.563 -0.95 -1.089 -0.975 -0.526 -0.828 -1.061 -0.947 -0.55 -0.1 -0.279 -0.261 -0.651 -0.511 -0.484 -0.372 -0.496 -9 -9 -9 -9 -9 -9 -0.135 -0.307 -0.565 -0.829 -1.082 -1.43 -1.744 -1.649 -1.3 -0.935 -0.605 -0.169 -0.33 -0.672 -0.435 -0.554 -0.558 -0.396 -0.507 -0.833 -0.842 -0.805 -0.825 -0.973 -9 -9
0.055 0.429 0.308 -0.06 -0.305 -0.447 -0.394 -0.273 -0.528 -0.446 -0.116 -0.082 -0.028 0.235 0.609 0.638 0.436 -0.1 -0.275 -0.208 -0.22 -0.356 -0.686 -0.694 -0.608 -0.446 -0.304 -0.62 -0.936 -0.661 -0.395 -0.271 -0.687 -0.709 -0.566 -0.247 0.084 0.181 0.051 -0.314 -0.141 -0.21 -0.041 -0.142 -9 -9 -9 -9 -9 -9 -9 -9 -9 -9 -1.353 -1.506 -1.547 -1.361 -1.303 -0.946 -0.394 0.043 -0.367 -0.275 -0.049 -0.101 -0.079 -0.017 -0.274 -0.586 -9 -9 -9 -9 -9 -9
0.256 0.526 0.322 0.14 0.08 -0.015 0.025 0.013 -0.171 -0.136 -0.004 0.216 0.424 0.549 0.672 0.602 0.351 -0.112 -0.506 -0.54 -0.507 -0.497 -0.714 -0.985 -0.781 -0.665 -0.607 -0.612 -1.032 -0.814 -0.315 -0.031 -0.322 -0.311 -0.194 -0.217 0.075 0.381 0.205 -0.125 0.161 0.107 0.298 0.307 -9 -9 -9 -9 -9 -9 -9 -9 -9 -9 -9 -9 -9 -9 -9 -0.677 -0.204 0.203 -0.119 0.168 0.324 -9 -9 -9 -9 -9 -9 -9 -9 -9 -9 -9
0.619 0.69 0.632 0.58 0.5 0.408 0.431 0.393 0.281 0.337 0.38 0.521 0.661 0.685 0.689 0.538 0.273 -0.088 -0.391 -0.441 -0.545 -0.662 -0.762 -0.95 -0.955 -0.781 -0.892 -0.805 -1.01 -0.63 -0.214 0.115 -0.126 -0.067 0.122 -0.124 0.024 0.403 0.327 0.064 0.41 0.604 0.676 -9 -9 -9 -9 -9 -9 -9 -9 -9 -9 -9 -9 -9 -9 -9 -9 -9 -9 -9 -9 -9 -9 -9 -9 -9 -9 -9 -9 -9 -9 -9 -9 -9
0.815 0.807 0.802 0.791 0.761 0.72 0.712 0.703 0.663 0.676 0.683 0.713 0.72 0.707 0.678 0.506 0.256 0.069 0.039 0.012 -0.129 -0.248 -0.342 -0.504 -0.765 -0.992 -1.077 -0.923 -0.619 -0.322 -0.045 0.222 0.15 0.165 0.355 0.227 0.308 0.434 0.528 0.416 0.732 0.851 -9 -9 -9 -9 -9 -9 -9 -9 -9 -9 -9 -9 -9 -9 -9 -9 -9 -9 -9 -9 -9 -9 -9 -9 -9 -9 -9 -9 -9 -9 -9 -9 -9 -9
0.85 0.846 0.831 0.822 0.809 0.799 0.79 0.777 0.771 0.767 0.757 0.751 0.743 0.714 0.584 0.367 0.342 0.268 0.197 0.003 -0.05 -0.187 -0.29 -0.554 -0.646 -0.783 -0.747 -0.608 -0.373 -0.18 -0.052 0.062 0.27 0.368 0.453 0.555 0.524 0.485 0.712 0.788 0.904 0.918 -9 -9 -9 -9 -9 -9 -9 -9 -9 -9 -9 -9 -9 -9 -9 -9 -9 -9 -9 -9 -9 -9 -9 -9 -9 -9 -9 -9 -9 -9 -9 -9 -9 -9
0.869 0.863 0.853 0.839 0.831 0.816 0.808 0.804 0.794 0.787 0.765 0.75 0.683 0.532 0.286 -0.005 -0.144 -0.195 -0.063 -0.27 -0.456 -0.605 -0.376 -0.691 -0.665 -0.382 -0.382 -0.434 -0.427 -0.369 -0.322 -0.209 0.025 0.206 0.344 0.643 0.783 0.769 0.864 0.93 0.938 -9 -9 -9 -9 -9 -9 -9 -9 -9 -9 -9 -9 -9 -9 -9 -9 -9 -9 -9 -9 -9 -9 -9 -9 -9 -9 -9 -9 -9 -9 -9 -9 -9 -9 -9
0.887 0.87 0.782 0.685 0.584 0.664 0.65 0.685 0.678 0.665 0.558 0.458 0.373 0.132 -0.101 -0.37 -0.432 -0.533 -0.475 -0.201 -0.424 -0.724 -0.542 -0.727 -0.459 -0.248 -0.115 -0.086 -0.091 -0.1 -0.17 -0.034 0.115 0.257 0.467 0.75 0.926 0.947 0.95 0.952 -9 -9 -9 -9 -9 -9 -9 -9 -9 -9 -9 -9 -9 -9 -9 -9 -9 -9 -9 -9 -9 -9 -9 -9 -9 -9 -9 -9 -9 -9 -9 -9 -9 -9 -9 -9
0.784 0.701 0.437 0.174 0.149 0.44 0.49 0.449 0.235 0.276 0.204 0.108 0.063 0.141 0.01 -0.201 -0.424 -0.694 -0.799 -0.541 -0.498 -0.785 -0.712 -0.712 -0.654 -0.477 -0.262 -0.056 0.072 0.209 0.24 0.349 0.481 0.558 0.719 0.921 0.97 0.968 0.968 0.966 -9 -9 -9 -9 -9 -9 -9 -9 -9 -9 -9 -9 -9 -9 -9 -9 -9 -9 -9 -9 -9 -9 -9 -9 -9 -9 -9 -9 -9 -9 -9 -9 -9 -9 -9 -9
0.431 0.429 0.105 -0.241 0.092 0.106 0.338 0.581 0.231 -0.027 0.093 0.104 0.257 0.129 0.039 -0.066 -0.31 -0.558 -0.707 -0.748 -0.668 -0.737 -0.543 -0.522 -0.76 -0.692 -0.52 -0.424 -0.242 0.022 0.188 0.306 0.391 0.408 0.664 0.964 0.989 0.977 0.95 0.975 -9 -9 -9 -9 -9 -9 -9 -9 -9 -9 -9 -9 -9 -9 -9 -9 -9 -9 -9 -9 -9 -9 -9 -9 -9 -9 -9 -9 -9 -9 -9 -9 -9 -9 -9 -9
0.017 0.073 -0.02 -0.245 -0.013 -0.208 0.196 0.573 0.47 0.236 0.318 0.26 0.217 -0.116 -0.218 -0.204 -0.282 -0.368 -0.563 -0.784 -0.658 -0.496 -0.239 -0.324 -0.587 -0.723 -0.678 -0.676 -0.585 -0.31 -0.15 -0.101 0.053 0.37 0.783 0.995 1.006 0.991 0.886 -9 -9 -9 -9 -9 -9 -9 -9 -9 -9 -9 -9 -9 -9 -9 -9 -9 -9 -9 -9 -9 -9 -9 -9 -9 -9 -9 -9 -9 -9 -9 -9 -9 -9 -9 -9 -9
-0.312 -0.155 -0.139 -0.287 -0.321 -0.257 0.153 0.495 0.638 0.464 0.358 0.297 0.048 -0.226 -0.421 -0.355 -0.376 -0.283 -0.346 -0.636 -0.516 -0.292 -0.008 -0.087 -0.368 -0.407 -0.422 -0.577 -0.64 -0.631 -0.497 -0.451 -0.006 0.448 0.852 1.015 1.024 1.023 -9 -9 -9 -9 -9 -9 -9 -9 -9 -9 -9 -9 -9 -9 -9 -9 -9 -9 -9 -9 -9 -9 -9 -9 -9 -9 -9 -9 -9 -9 -9 -9 -9 -9 -9 -9 -9 -9
-0.039 0.024 -0.232 -0.42 -0.361 -0.244 0.164 0.514 0.641 0.337 0.2 0.222 -0.087 -0.238 -0.332 -0.205 -0.155 -0.007 -0.01 -0.362 -0.441 -0.163 0.122 0.077 -0.191 -0.077 -0.19 -0.214 -0.49 -0.624 -0.676 -0.495 -0.071 0.362 0.837 1.023 1.036 1.033 -9 -9 -9 -9 -9 -9 -9 -9 -9 -9 -9 -9 -9 -9 -9 -9 -9 -9 -9 -9 -9 -9 -9 -9 -9 -9 -9 -9 -9 -9 -9 -9 -9 -9 -9 -9 -9 -9
0.303 0.14 -0.172 -0.327 -0.1 0.038 0.404 0.715 0.544 0.23 0.229 0.387 0.029 -0.032 -0.017 0.061 0.169 0.217 0.168 -0.087 -0.303 -0.062 0.21 0.29 0.118 0.204 0.099 -0.079 -0.312 -0.225 -0.432 -0.408 0.032 0.449 0.852 1.044 1.053 -9 -9 -9 -9 -9 -9 -9 -9 -9 -9 -9 -9 -9 -9 -9 -9 -9 -9 -9 -9 -9 -9 -9 -9 -9 -9 -9 -9 -9 -9 -9 -9 -9 -9 -9 -9 -9 -9 -9
0.365 0.113 -0.249 -0.332 -0.149 0.232 0.506 0.763 0.548 0.328 0.31 0.509 0.249 0.253 0.338 0.342 0.315 0.21 0.17 -0.097 -0.194 -0.018 0.083 0.259 0.447 0.444 0.275 -0.12 0.004 -0.104 -0.41 -0.333 0.106 0.497 0.839 -9 -9 -9 -9 -9 -9 -9 -9 -9 -9 -9 -9 -9 -9 -9 -9 -9 -9 -9 -9 -9 -9 -9 -9 -9 -9 -9 -9 -9 -9 -9 -9 -9 -9 -9 -9 -9 -9 -9 -9 -9
0.362 0.05 -0.228 -0.155 -0.066 0.119 0.423 0.727 0.76 0.548 0.504 0.599 0.504 0.473 0.42 0.291 0.132 0.056 0.014 -0.179 -0.09 0.138 0.176 0.068 0.414 0.468 0.132 0.052 0.263 0.081 -0.19 0.002 0.213 0.587 -9 -9 -9 -9 -9 -9 -9 -9 -9 -9 -9 -9 -9 -9 -9 -9 -9 -9 -9 -9 -9 -9 -9 -9 -9 -9 -9 -9 -9 -9 -9 -9 -9 -9 -9 -9 -9 -9 -9 -9 -9 -9
0.351 0.189 -0.089 0 0.163 0.056 0.383 0.742 0.849 0.752 0.678 0.693 0.626 0.512 0.476 0.288 0.042 -0.116 -0.233 -0.302 -0.148 0.068 0.287 0.241 0.399 0.473 0.03 0.209 0.358 0.008 -0.099 0.227 0.522 -9 -9 -9 -9 -9 -9 -9 -9 -9 -9 -9 -9 -9 -9 -9 -9 -9 -9 -9 -9 -9 -9 -9 -9 -9 -9 -9 -9 -9 -9 -9 -9 -9 -9 -9 -9 -9 -9 -9 -9 -9 -9 -9
0.204 0.15 -0.046 0.114 0.337 0.203 0.466 0.816 0.844 0.822 0.704 0.746 0.741 0.61 0.409 0.111 0.028 0.055 -0.13 -0.147 0.102 0.258 0.472 0.458 0.675 0.69 0.491 0.436 0.52 0.495 0.31 0.528 -9 -9 -9 -9 -9 -9 -9 -9 -9 -9 -9 -9 -9 -9 -9 -9 -9 -9 -9 -9 -9 -9 -9 -9 -9 -9 -9 -9 -9 -9 -9 -9 -9 -9 -9 -9 -9 -9 -9 -9 -9 -9 -9 -9
0.079 -0.028 0.082 0.223 0.447 0.453 0.544 0.878 0.886 0.832 0.697 0.852 0.816 0.632 0.291 0.114 0.261 0.288 0.283 0.274 0.066 0.235 0.62 0.783 0.889 0.934 0.919 0.806 0.647 0.709 0.615 0.746 -9 -9 -9 -9 -9 -9 -9 -9 -9 -9 -9 -9 -9 -9 -9 -9 -9 -9 -9 -9 -9 -9 -9 -9 -9 -9 -9 -9 -9 -9 -9 -9 -9 -9 -9 -9 -9 -9 -9 -9 -9 -9 -9 -9
-0.018 0.077 0.301 0.452 0.57 0.505 0.595 0.909 0.952 0.866 0.796 0.919 0.809 0.503 0.194 0.293 0.523 0.687 0.704 0.516 0.251 0.53 0.871 1.018 1.019 0.992 0.985 0.976 0.907 0.829 0.815 0.853 -9 -9 -9 -9 -9 -9 -9 -9 -9 -9 -9 -9 -9 -9 -9 -9 -9 -9 -9 -9 -9 -9 -9 -9 -9 -9 -9 -9 -9 -9 -9 -9 -9 -9 -9 -9 -9 -9 -9 -9 -9 -9 -9 -9
0.108 0.329 0.513 0.639 0.628 0.483 0.697 0.947 0.983 0.875 0.893 0.967 0.754 0.306 0.1 0.379 0.611 0.855 0.9 0.783 0.81 0.982 1.053 0.986 0.871 0.708 0.668 0.757 0.888 0.924 0.936 -9 -9 -9 -9 -9 -9 -9 -9 -9 -9 -9 -9 -9 -9 -9 -9 -9 -9 -9 -9 -9 -9 -9 -9 -9 -9 -9 -9 -9 -9 -9 -9 -9 -9 -9 -9 -9 -9 -9 -9 -9 -9 -9 -9 -9
0.388 0.545 0.664 0.69 0.522 0.615 0.883 1.008 0.991 0.899 0.978 0.983 0.717 0.372 0.437 0.817 1.004 1.036 1.047 1.054 1.065 1.053 0.977 0.672 0.5 0.23 0.15 0.35 0.515 0.697 0.838 -9 -9 -9 -9 -9 -9 -9 -9 -9 -9 -9 -9 -9 -9 -9 -9 -9 -9 -9 -9 -9 -9 -9 -9 -9 -9 -9 -9 -9 -9 -9 -9 -9 -9 -9 -9 -9 -9 -9 -9 -9 -9 -9 -9 -9
