data/climatemaps/RS_maps/climate_winter_pr_2015.asc
NCOLS 369 
NROWS 228 
XLLCORNER 479000 
YLLCORNER 73000 
CELLSIZE 1000 
NODATA_value -9 
[rows 35 to 69 of 228, columns 234 to 311 of 369]
0.165 0.236 0.316 0.367 0.375 0.37 0.355 0.341 0.334 0.34 0.351 0.342 0.319 0.271 0.235 0.196 0.17 0.153 0.148 0.156 0.189 0.216 0.24 0.256 0.257 0.253 0.244 0.226 0.211 0.198 0.186 0.18 0.175 0.171 0.166 0.162 0.161 0.162 0.166 0.174 0.186 0.2 0.216 0.234 0.253 0.271 0.29 0.308 0.329 0.351 0.381 0.421 0.474 0.538 0.605 0.668 0.718 0.757 0.787 0.822 0.892 1.085 1.436 1.821 -9 -9 -9 -9 -9 -9 -9 -9 -9 -9 -9 -9 -9 -9
0.139 0.172 0.22 0.259 0.285 0.31 0.327 0.346 0.387 0.434 0.465 0.47 0.45 0.407 0.365 0.318 0.286 0.269 0.248 0.222 0.241 0.266 0.279 0.282 0.283 0.286 0.284 0.27 0.252 0.239 0.226 0.215 0.207 0.202 0.197 0.194 0.192 0.19 0.191 0.196 0.204 0.216 0.229 0.244 0.261 0.278 0.294 0.312 0.329 0.351 0.379 0.418 0.472 0.537 0.606 0.67 0.724 0.767 0.801 0.838 0.912 1.094 1.46 1.815 2.039 -9 -9 -9 -9 -9 -9 -9 -9 -9 -9 -9 -9 -9
0.145 0.149 0.17 0.204 0.239 0.273 0.307 0.364 0.434 0.505 0.57 0.602 0.578 0.533 0.489 0.446 0.411 0.378 0.353 0.314 0.289 0.311 0.313 0.306 0.312 0.32 0.321 0.314 0.301 0.29 0.277 0.264 0.252 0.24 0.233 0.227 0.226 0.225 0.223 0.224 0.229 0.237 0.248 0.262 0.277 0.293 0.308 0.323 0.338 0.356 0.382 0.419 0.471 0.535 0.605 0.671 0.729 0.778 0.818 0.86 0.944 1.125 1.466 1.751 1.908 2.077 -9 -9 -9 -9 -9 -9 -9 -9 -9 -9 -9 -9
0.17 0.167 0.185 0.206 0.223 0.246 0.3 0.374 0.467 0.556 0.632 0.681 0.66 0.622 0.587 0.546 0.509 0.468 0.437 0.398 0.342 0.337 0.327 0.339 0.361 0.37 0.365 0.361 0.354 0.348 0.338 0.327 0.314 0.3 0.287 0.276 0.27 0.268 0.263 0.26 0.26 0.266 0.276 0.289 0.304 0.318 0.334 0.347 0.357 0.371 0.393 0.427 0.475 0.536 0.605 0.673 0.734 0.786 0.832 0.881 0.974 1.163 1.415 1.632 1.796 1.967 -9 -9 -9 -9 -9 -9 -9 -9 -9 -9 -9 -9
0.224 0.209 0.209 0.214 0.223 0.244 0.296 0.387 0.471 0.571 0.66 0.686 0.672 0.675 0.643 0.607 0.572 0.524 0.495 0.458 0.39 0.36 0.371 0.399 0.422 0.436 0.433 0.435 0.425 0.415 0.405 0.391 0.377 0.366 0.352 0.339 0.334 0.326 0.313 0.303 0.299 0.303 0.315 0.331 0.348 0.363 0.374 0.384 0.39 0.399 0.418 0.446 0.489 0.545 0.61 0.676 0.738 0.792 0.843 0.896 0.98 1.133 1.331 1.557 1.795 2.052 -9 -9 -9 -9 -9 -9 -9 -9 -9 -9 -9 -9
0.326 0.285 0.259 0.243 0.236 0.251 0.292 0.378 0.469 0.552 0.62 0.649 0.647 0.657 0.625 0.598 0.573 0.54 0.522 0.484 0.419 0.4 0.425 0.443 0.465 0.489 0.506 0.526 0.521 0.5 0.466 0.445 0.431 0.419 0.409 0.4 0.396 0.388 0.37 0.354 0.351 0.357 0.377 0.403 0.429 0.439 0.437 0.438 0.435 0.441 0.456 0.478 0.515 0.564 0.622 0.684 0.743 0.799 0.851 0.904 0.98 1.112 1.338 1.625 1.917 2.186 -9 -9 -9 -9 -9 -9 -9 -9 -9 -9 -9 -9
0.434 0.384 0.335 0.294 0.272 0.274 0.308 0.384 0.461 0.515 0.571 0.583 0.569 0.575 0.556 0.545 0.545 0.541 0.517 0.471 0.433 0.431 0.452 0.47 0.5 0.54 0.582 0.628 0.637 0.611 0.559 0.499 0.47 0.461 0.457 0.452 0.452 0.44 0.424 0.416 0.422 0.438 0.479 0.525 0.556 0.547 0.517 0.509 0.5 0.5 0.508 0.523 0.55 0.59 0.641 0.697 0.754 0.808 0.859 0.91 0.98 1.113 1.356 1.658 1.973 2.237 2.311 -9 -9 -9 -9 -9 -9 -9 -9 -9 -9 -9
0.518 0.459 0.413 0.354 0.327 0.328 0.345 0.389 0.437 0.477 0.505 0.499 0.497 0.502 0.506 0.517 0.522 0.517 0.485 0.459 0.454 0.464 0.482 0.5 0.534 0.594 0.67 0.734 0.755 0.732 0.65 0.556 0.505 0.503 0.504 0.508 0.509 0.491 0.485 0.497 0.517 0.553 0.613 0.653 0.657 0.631 0.612 0.61 0.611 0.605 0.598 0.585 0.594 0.623 0.664 0.714 0.767 0.819 0.867 0.913 0.976 1.081 1.299 1.619 1.958 2.209 2.296 -9 -9 -9 -9 -9 -9 -9 -9 -9 -9 -9
0.571 0.513 0.457 0.408 0.406 0.407 0.404 0.417 0.434 0.443 0.454 0.466 0.476 0.478 0.482 0.491 0.493 0.49 0.486 0.496 0.493 0.501 0.517 0.528 0.566 0.644 0.728 0.804 0.846 0.814 0.719 0.596 0.546 0.566 0.557 0.561 0.557 0.54 0.567 0.6 0.622 0.669 0.719 0.732 0.722 0.721 0.722 0.728 0.745 0.739 0.717 0.683 0.661 0.658 0.689 0.733 0.782 0.83 0.874 0.914 0.968 1.059 1.25 1.536 1.85 2.11 2.33 -9 -9 -9 -9 -9 -9 -9 -9 -9 -9 -9
0.68 0.601 0.517 0.472 0.485 0.477 0.479 0.475 0.474 0.468 0.483 0.5 0.511 0.514 0.509 0.51 0.512 0.524 0.547 0.552 0.537 0.529 0.529 0.546 0.592 0.666 0.751 0.822 0.859 0.813 0.731 0.621 0.588 0.611 0.592 0.607 0.602 0.607 0.657 0.686 0.704 0.742 0.784 0.803 0.791 0.789 0.797 0.791 0.829 0.828 0.781 0.739 0.693 0.68 0.708 0.749 0.794 0.838 0.878 0.912 0.958 1.043 1.263 1.555 1.866 2.171 2.446 -9 -9 -9 -9 -9 -9 -9 -9 -9 -9 -9
0.778 0.688 0.585 0.543 0.551 0.553 0.568 0.56 0.556 0.531 0.537 0.557 0.581 0.608 0.59 0.581 0.582 0.591 0.606 0.597 0.58 0.563 0.547 0.565 0.605 0.667 0.751 0.806 0.849 0.795 0.708 0.611 0.607 0.614 0.616 0.654 0.675 0.665 0.699 0.711 0.756 0.802 0.849 0.861 0.847 0.841 0.847 0.822 0.837 0.812 0.741 0.689 0.672 0.684 0.716 0.756 0.8 0.839 0.875 0.904 0.946 1.029 1.262 1.604 1.954 2.274 2.524 -9 -9 -9 -9 -9 -9 -9 -9 -9 -9 -9
0.857 0.766 0.671 0.644 0.647 0.661 0.674 0.662 0.657 0.614 0.594 0.618 0.649 0.676 0.681 0.689 0.69 0.67 0.662 0.65 0.634 0.607 0.584 0.596 0.624 0.662 0.717 0.763 0.759 0.709 0.639 0.598 0.614 0.624 0.672 0.73 0.762 0.757 0.768 0.756 0.805 0.838 0.878 0.904 0.905 0.877 0.852 0.81 0.786 0.752 0.683 0.645 0.65 0.674 0.711 0.753 0.796 0.833 0.866 0.898 0.941 1.028 1.273 1.614 1.975 2.301 2.492 -9 -9 -9 -9 -9 -9 -9 -9 -9 -9 -9
0.958 0.872 0.783 0.76 0.751 0.764 0.761 0.754 0.743 0.696 0.659 0.702 0.746 0.781 0.811 0.823 0.822 0.793 0.762 0.72 0.699 0.662 0.632 0.623 0.625 0.652 0.684 0.7 0.657 0.616 0.589 0.601 0.617 0.657 0.719 0.78 0.835 0.858 0.853 0.815 0.835 0.866 0.905 0.926 0.937 0.909 0.866 0.818 0.761 0.711 0.653 0.62 0.62 0.652 0.694 0.738 0.78 0.817 0.853 0.895 0.953 1.054 1.265 1.56 1.883 2.253 2.482 -9 -9 -9 -9 -9 -9 -9 -9 -9 -9 -9
1.073 0.991 0.905 0.889 0.863 0.869 0.855 0.849 0.824 0.757 0.719 0.773 0.84 0.893 0.953 0.965 0.969 0.929 0.887 0.827 0.777 0.732 0.696 0.674 0.657 0.66 0.657 0.64 0.613 0.578 0.582 0.609 0.628 0.675 0.738 0.8 0.859 0.891 0.899 0.895 0.898 0.91 0.934 0.957 0.916 0.849 0.783 0.703 0.615 0.56 0.54 0.549 0.577 0.619 0.667 0.714 0.757 0.795 0.84 0.904 0.988 1.113 1.26 1.459 1.741 2.111 2.399 2.461 -9 -9 -9 -9 -9 -9 -9 -9 -9 -9
1.17 1.112 1.045 1.02 0.999 0.978 0.951 0.928 0.898 0.801 0.766 0.812 0.861 0.922 0.997 1.066 1.091 1.101 1.057 0.987 0.926 0.852 0.799 0.775 0.741 0.734 0.7 0.666 0.641 0.595 0.584 0.604 0.631 0.68 0.731 0.772 0.822 0.877 0.933 0.966 0.98 1.01 1.003 0.956 0.857 0.727 0.617 0.527 0.468 0.454 0.464 0.491 0.532 0.583 0.636 0.687 0.731 0.777 0.842 0.943 1.079 1.276 1.363 1.427 1.624 1.957 2.273 2.468 -9 -9 -9 -9 -9 -9 -9 -9 -9 -9
1.263 1.222 1.187 1.153 1.103 1.049 1.007 0.963 0.919 0.853 0.793 0.833 0.922 1 1.1 1.168 1.219 1.254 1.22 1.16 1.102 1.01 0.93 0.893 0.833 0.799 0.773 0.737 0.697 0.629 0.603 0.582 0.611 0.643 0.677 0.725 0.792 0.861 0.923 0.979 1.039 1.084 1.027 0.898 0.749 0.601 0.485 0.419 0.389 0.388 0.407 0.444 0.493 0.549 0.606 0.659 0.709 0.775 0.885 1.087 1.332 1.579 1.632 1.528 1.638 1.902 2.2 2.471 -9 -9 -9 -9 -9 -9 -9 -9 -9 -9
1.351 1.362 1.312 1.294 1.229 1.171 1.11 1.033 0.972 0.884 0.828 0.839 0.907 0.999 1.109 1.191 1.28 1.342 1.352 1.319 1.256 1.165 1.099 1.039 0.938 0.859 0.827 0.797 0.736 0.656 0.638 0.573 0.58 0.61 0.631 0.674 0.738 0.789 0.853 0.976 1.055 1.076 0.993 0.866 0.688 0.522 0.427 0.369 0.342 0.345 0.371 0.414 0.466 0.523 0.579 0.635 0.699 0.804 1.004 1.327 1.678 1.875 1.887 1.752 1.802 2.013 2.253 2.46 -9 -9 -9 -9 -9 -9 -9 -9 -9 -9
1.462 1.467 1.406 1.359 1.291 1.211 1.139 1.077 1.008 0.929 0.862 0.895 0.955 0.992 1.082 1.206 1.296 1.372 1.436 1.442 1.413 1.336 1.288 1.177 1.041 0.948 0.874 0.821 0.736 0.677 0.661 0.587 0.569 0.622 0.64 0.644 0.662 0.716 0.814 0.897 0.95 1.025 0.972 0.82 0.637 0.484 0.393 0.339 0.314 0.321 0.352 0.399 0.451 0.506 0.561 0.623 0.712 0.878 1.164 1.551 1.933 2.088 2.111 1.988 2 2.14 2.353 2.562 -9 -9 -9 -9 -9 -9 -9 -9 -9 -9
1.53 1.524 1.503 1.431 1.374 1.281 1.234 1.157 1.094 0.997 0.908 0.959 1.036 1.065 1.088 1.203 1.304 1.4 1.482 1.539 1.571 1.488 1.439 1.312 1.152 1.045 0.913 0.803 0.741 0.714 0.679 0.603 0.567 0.611 0.623 0.653 0.671 0.684 0.724 0.785 0.866 0.925 0.887 0.757 0.588 0.454 0.376 0.326 0.303 0.311 0.345 0.393 0.443 0.496 0.554 0.629 0.758 0.989 1.323 1.742 2.106 2.217 2.206 2.153 2.217 2.335 2.584 -9 -9 -9 -9 -9 -9 -9 -9 -9 -9 -9
1.527 1.538 1.575 1.569 1.513 1.42 1.397 1.283 1.182 1.062 0.963 0.991 1.086 1.134 1.12 1.258 1.35 1.439 1.516 1.633 1.683 1.629 1.553 1.446 1.279 1.106 0.926 0.804 0.773 0.771 0.747 0.664 0.586 0.563 0.58 0.596 0.632 0.647 0.658 0.727 0.82 0.885 0.849 0.731 0.577 0.448 0.378 0.329 0.304 0.312 0.346 0.393 0.44 0.492 0.56 0.67 0.901 1.186 1.508 1.892 2.1 2.169 2.26 2.315 2.414 2.604 2.744 -9 -9 -9 -9 -9 -9 -9 -9 -9 -9 -9
1.516 1.572 1.624 1.673 1.633 1.572 1.573 1.427 1.294 1.151 1.032 1.026 1.128 1.186 1.169 1.306 1.421 1.536 1.59 1.683 1.749 1.738 1.69 1.576 1.367 1.157 0.95 0.822 0.804 0.807 0.829 0.773 0.699 0.604 0.539 0.554 0.587 0.599 0.646 0.711 0.798 0.833 0.779 0.686 0.568 0.464 0.394 0.342 0.313 0.318 0.359 0.414 0.442 0.497 0.589 0.751 1.034 1.297 1.65 1.977 2.083 2.143 2.348 2.465 2.528 2.689 2.74 -9 -9 -9 -9 -9 -9 -9 -9 -9 -9 -9
1.558 1.621 1.716 1.767 1.735 1.776 1.745 1.594 1.428 1.272 1.135 1.089 1.195 1.259 1.243 1.378 1.522 1.618 1.649 1.643 1.717 1.764 1.704 1.592 1.43 1.221 0.988 0.844 0.83 0.856 0.834 0.778 0.734 0.672 0.574 0.528 0.535 0.568 0.605 0.646 0.715 0.764 0.755 0.691 0.596 0.503 0.43 0.36 0.324 0.322 0.356 0.408 0.44 0.512 0.636 0.829 1.08 1.368 1.687 1.967 2.101 2.13 2.334 2.593 2.651 2.701 2.654 -9 -9 -9 -9 -9 -9 -9 -9 -9 -9 -9
1.65 1.725 1.797 1.916 1.922 1.944 1.871 1.767 1.647 1.471 1.276 1.17 1.253 1.35 1.351 1.404 1.497 1.562 1.574 1.61 1.654 1.652 1.645 1.622 1.521 1.304 1.026 0.852 0.829 0.823 0.793 0.762 0.737 0.703 0.659 0.586 0.541 0.535 0.572 0.649 0.731 0.816 0.842 0.784 0.699 0.586 0.478 0.378 0.331 0.32 0.339 0.382 0.436 0.534 0.654 0.832 1.062 1.298 1.596 1.85 2.013 2.083 2.243 2.522 2.548 2.641 -9 -9 -9 -9 -9 -9 -9 -9 -9 -9 -9 -9
1.745 1.774 1.904 2.05 2.082 2.044 2 2.006 1.908 1.682 1.459 1.261 1.335 1.44 1.498 1.513 1.527 1.55 1.517 1.52 1.515 1.55 1.627 1.673 1.539 1.317 1.029 0.877 0.836 0.81 0.796 0.836 0.824 0.787 0.777 0.718 0.62 0.553 0.592 0.68 0.791 0.903 0.923 0.898 0.801 0.671 0.505 0.389 0.33 0.312 0.326 0.365 0.433 0.508 0.61 0.784 0.986 1.227 1.441 1.573 1.785 2.003 2.142 2.438 2.489 -9 -9 -9 -9 -9 -9 -9 -9 -9 -9 -9 -9 -9
1.847 1.852 1.935 2.127 2.212 2.181 2.214 2.265 2.102 1.882 1.607 1.387 1.433 1.494 1.553 1.612 1.64 1.602 1.515 1.463 1.489 1.551 1.628 1.642 1.516 1.272 1.063 0.986 0.956 0.914 0.906 0.955 0.959 0.901 0.875 0.802 0.697 0.598 0.604 0.669 0.778 0.907 1 1.017 0.869 0.702 0.505 0.385 0.315 0.29 0.304 0.342 0.394 0.454 0.545 0.718 0.94 1.056 1.222 1.386 1.588 1.808 2.021 2.355 2.595 -9 -9 -9 -9 -9 -9 -9 -9 -9 -9 -9 -9 -9
1.882 1.891 2.002 2.124 2.24 2.343 2.404 2.433 2.285 2.086 1.809 1.483 1.451 1.473 1.562 1.658 1.672 1.668 1.609 1.487 1.513 1.517 1.573 1.645 1.561 1.293 1.173 1.111 1.062 1.046 1.105 1.114 1.101 1.004 0.927 0.825 0.759 0.666 0.641 0.665 0.766 0.92 1.074 1.038 0.855 0.624 0.467 0.361 0.286 0.259 0.276 0.316 0.364 0.417 0.501 0.63 0.792 0.998 1.257 1.446 1.502 1.632 1.903 2.239 -9 -9 -9 -9 -9 -9 -9 -9 -9 -9 -9 -9 -9 -9
1.816 1.882 2.08 2.158 2.19 2.373 2.519 2.487 2.373 2.191 1.921 1.607 1.48 1.471 1.522 1.6 1.691 1.726 1.639 1.505 1.511 1.53 1.618 1.696 1.629 1.375 1.296 1.263 1.219 1.26 1.319 1.271 1.192 1.08 1.01 0.971 0.907 0.724 0.742 0.727 0.794 0.98 1.06 0.911 0.728 0.547 0.42 0.319 0.248 0.223 0.244 0.286 0.335 0.384 0.446 0.564 0.743 0.949 1.161 1.37 1.504 1.626 1.884 -9 -9 -9 -9 -9 -9 -9 -9 -9 -9 -9 -9 -9 -9 -9
1.713 1.897 2.024 2.005 2.078 2.249 2.487 2.528 2.519 2.366 2.127 1.772 1.545 1.483 1.545 1.628 1.714 1.725 1.659 1.525 1.556 1.584 1.664 1.752 1.739 1.534 1.434 1.442 1.403 1.425 1.421 1.378 1.327 1.271 1.291 1.207 0.984 0.848 0.948 0.905 0.867 0.976 0.952 0.757 0.587 0.473 0.362 0.267 0.207 0.187 0.212 0.256 0.304 0.352 0.412 0.533 0.717 0.929 1.104 1.276 1.45 -9 -9 -9 -9 -9 -9 -9 -9 -9 -9 -9 -9 -9 -9 -9 -9 -9
1.673 1.822 1.863 1.846 2.015 2.259 2.405 2.355 2.376 2.33 2.14 1.955 1.694 1.519 1.528 1.587 1.644 1.654 1.623 1.516 1.503 1.55 1.664 1.806 1.839 1.747 1.579 1.519 1.488 1.527 1.557 1.574 1.592 1.607 1.495 1.265 1.116 1.082 1.023 0.921 0.947 0.895 0.714 0.569 0.484 0.388 0.289 0.207 0.16 0.153 0.183 0.229 0.276 0.325 0.397 0.501 0.65 0.799 0.966 1.136 1.281 -9 -9 -9 -9 -9 -9 -9 -9 -9 -9 -9 -9 -9 -9 -9 -9 -9
1.517 1.667 1.713 1.74 1.967 2.066 2.134 2.207 2.222 2.225 2.255 2.225 1.923 1.615 1.502 1.493 1.507 1.525 1.507 1.485 1.538 1.532 1.612 1.73 1.797 1.877 1.768 1.627 1.632 1.658 1.742 1.899 1.961 1.793 1.545 1.53 1.413 1.179 1.057 1.042 0.903 0.707 0.533 0.449 0.382 0.298 0.211 0.147 0.119 0.124 0.168 0.211 0.269 0.318 0.357 0.487 0.628 0.742 0.855 0.985 -9 -9 -9 -9 -9 -9 -9 -9 -9 -9 -9 -9 -9 -9 -9 -9 -9 -9
1.372 1.476 1.524 1.614 1.752 1.84 1.985 2.041 2.116 2.257 2.415 2.438 2.195 1.831 1.566 1.415 1.371 1.359 1.373 1.417 1.49 1.529 1.577 1.677 1.781 1.887 1.873 1.785 1.781 1.83 2.027 2.176 2.057 1.894 1.758 1.761 1.504 1.294 1.21 0.946 0.68 0.5 0.417 0.352 0.286 0.211 0.141 0.103 0.096 0.102 0.172 0.209 0.287 0.304 0.312 0.462 0.606 0.755 0.908 -9 -9 -9 -9 -9 -9 -9 -9 -9 -9 -9 -9 -9 -9 -9 -9 -9 -9 -9
1.274 1.328 1.375 1.427 1.519 1.639 1.757 1.883 2.085 2.294 2.486 2.545 2.377 2.108 1.773 1.516 1.349 1.235 1.219 1.281 1.319 1.322 1.373 1.495 1.641 1.784 1.83 1.859 1.918 2.127 2.203 2.257 2.093 2.013 1.941 1.761 1.667 1.373 1.051 0.719 0.497 0.393 0.332 0.264 0.197 0.133 0.091 0.095 0.086 0.091 0.16 0.214 0.271 0.266 0.288 0.393 0.499 0.658 0.883 -9 -9 -9 -9 -9 -9 -9 -9 -9 -9 -9 -9 -9 -9 -9 -9 -9 -9 -9
1.165 1.184 1.224 1.274 1.338 1.428 1.541 1.721 1.981 2.206 2.419 2.544 2.5 2.33 2.016 1.75 1.548 1.29 1.124 1.098 1.093 1.116 1.251 1.403 1.582 1.703 1.845 1.905 2.091 2.157 2.008 2.015 2.159 2.109 1.986 1.913 1.638 1.197 0.845 0.587 0.418 0.326 0.254 0.184 0.125 0.081 0.07 0.067 0.046 0.098 0.163 0.211 0.234 0.241 0.256 0.283 0.355 0.497 -9 -9 -9 -9 -9 -9 -9 -9 -9 -9 -9 -9 -9 -9 -9 -9 -9 -9 -9 -9
1.081 1.089 1.097 1.137 1.184 1.252 1.349 1.502 1.745 1.992 2.231 2.409 2.54 2.478 2.236 1.891 1.751 1.444 1.173 1.015 0.975 1.043 1.244 1.519 1.641 1.728 1.97 2.109 2.104 1.909 1.778 2.025 2.056 1.898 1.842 1.701 1.357 1.032 0.74 0.495 0.36 0.268 0.189 0.12 0.081 0.048 0.023 -0.001 0.032 0.135 0.209 0.219 0.225 0.223 0.217 0.22 0.261 -9 -9 -9 -9 -9 -9 -9 -9 -9 -9 -9 -9 -9 -9 -9 -9 -9 -9 -9 -9 -9
1.022 1.016 1.001 1.008 1.042 1.1 1.179 1.295 1.486 1.744 1.981 2.234 2.49 2.568 2.375 1.997 1.89 1.642 1.327 1.08 0.97 1.009 1.219 1.472 1.636 1.829 2.067 2.076 1.897 1.635 1.669 1.77 1.686 1.67 1.627 1.395 1.13 0.854 0.601 0.415 0.303 0.214 0.134 0.066 0.025 -0.018 -0.048 -0.023 0.079 0.269 0.359 0.325 0.288 0.252 0.229 0.22 0.226 -9 -9 -9 -9 -9 -9 -9 -9 -9 -9 -9 -9 -9 -9 -9 -9 -9 -9 -9 -9 -9
