data/climatemaps/RS_maps/climate_breeding_pr_2009.asc
NCOLS 369 
NROWS 228 
XLLCORNER 479000 
YLLCORNER 73000 
CELLSIZE 1000 
NODATA_value -9 
[rows 99 to 131 of 228, columns 0 to 75 of 369]
-9 -9 -9 -9 -9 -9 -9 -9 -9 -9 -9 -9 -9 -9 -9 -9 -9 -9 -9 -9 -9 -9 -9 -9 -9 -9 -9 -9 -9 -9 -9 -9 -9 -1.013 -0.99 -0.967 -0.951 -0.947 -0.945 -0.937 -0.924 -0.909 -0.903 -0.895 -0.898 -0.904 -0.909 -0.904 -0.894 -0.896 -0.915 -0.949 -0.986 -1.018 -1.032 -1.028 -1.015 -1.006 -1.003 -1.012 -1.027 -1.049 -1.078 -1.116 -1.16 -1.201 -1.22 -1.224 -1.215 -1.208 -1.212 -1.216 -1.24 -1.286 -1.335 -1.378
-9 -9 -9 -9 -9 -9 -9 -9 -9 -9 -9 -9 -9 -9 -9 -9 -9 -9 -9 -9 -9 -9 -9 -9 -9 -9 -9 -9 -9 -9 -9 -9 -9 -0.978 -0.958 -0.944 -0.945 -0.959 -0.972 -0.972 -0.959 -0.94 -0.911 -0.894 -0.892 -0.895 -0.892 -0.881 -0.871 -0.879 -0.899 -0.932 -0.965 -0.992 -1.009 -1.015 -1.019 -1.026 -1.039 -1.067 -1.095 -1.125 -1.159 -1.19 -1.236 -1.256 -1.252 -1.233 -1.217 -1.206 -1.2 -1.21 -1.266 -1.331 -1.382 -1.417
-9 -9 -9 -9 -9 -9 -9 -9 -9 -9 -9 -9 -9 -9 -9 -9 -9 -9 -9 -9 -9 -9 -9 -9 -9 -9 -9 -9 -9 -9 -9 -9 -0.957 -0.951 -0.94 -0.94 -0.961 -0.99 -1.01 -1.011 -0.99 -0.952 -0.916 -0.896 -0.889 -0.884 -0.875 -0.867 -0.868 -0.882 -0.905 -0.934 -0.966 -0.994 -1.018 -1.036 -1.054 -1.074 -1.107 -1.149 -1.187 -1.221 -1.261 -1.282 -1.282 -1.248 -1.215 -1.182 -1.156 -1.133 -1.142 -1.193 -1.271 -1.346 -1.398 -1.428
-9 -9 -9 -9 -9 -9 -9 -9 -9 -9 -9 -9 -9 -9 -9 -9 -9 -9 -9 -9 -9 -9 -9 -9 -9 -9 -9 -9 -9 -9 -9 -9 -0.937 -0.941 -0.943 -0.962 -0.995 -1.028 -1.048 -1.044 -1.014 -0.969 -0.928 -0.898 -0.88 -0.868 -0.863 -0.867 -0.879 -0.9 -0.928 -0.964 -1.001 -1.036 -1.065 -1.092 -1.122 -1.157 -1.2 -1.245 -1.282 -1.314 -1.327 -1.314 -1.272 -1.214 -1.16 -1.111 -1.081 -1.082 -1.124 -1.199 -1.281 -1.355 -1.403 -1.432
-9 -9 -9 -9 -9 -9 -9 -9 -9 -9 -9 -9 -9 -9 -9 -9 -9 -9 -9 -9 -9 -9 -9 -9 -9 -9 -9 -9 -9 -9 -9 -9 -0.934 -0.95 -0.969 -1 -1.038 -1.072 -1.088 -1.078 -1.042 -0.993 -0.939 -0.895 -0.867 -0.858 -0.861 -0.875 -0.899 -0.933 -0.974 -1.019 -1.063 -1.105 -1.143 -1.178 -1.216 -1.259 -1.304 -1.341 -1.356 -1.351 -1.328 -1.28 -1.221 -1.154 -1.093 -1.054 -1.053 -1.091 -1.157 -1.236 -1.312 -1.377 -1.416 -1.44
-9 -9 -9 -9 -9 -9 -9 -9 -9 -9 -9 -9 -9 -9 -9 -9 -9 -9 -9 -9 -9 -9 -9 -9 -9 -9 -9 -9 -9 -9 -9 -9 -0.947 -0.976 -1.008 -1.045 -1.084 -1.117 -1.128 -1.111 -1.07 -1.01 -0.945 -0.893 -0.864 -0.859 -0.869 -0.893 -0.929 -0.975 -1.023 -1.075 -1.129 -1.181 -1.228 -1.267 -1.314 -1.358 -1.386 -1.391 -1.374 -1.337 -1.29 -1.227 -1.156 -1.088 -1.04 -1.028 -1.068 -1.135 -1.215 -1.293 -1.359 -1.408 -1.435 -1.446
-9 -9 -9 -9 -9 -9 -9 -9 -9 -9 -9 -9 -9 -9 -9 -9 -9 -9 -9 -9 -9 -9 -9 -9 -9 -9 -9 -9 -9 -9 -9 -9 -0.971 -1.008 -1.048 -1.088 -1.126 -1.155 -1.162 -1.138 -1.087 -1.02 -0.951 -0.9 -0.876 -0.874 -0.89 -0.918 -0.954 -1.001 -1.052 -1.112 -1.173 -1.237 -1.294 -1.335 -1.38 -1.408 -1.412 -1.39 -1.353 -1.3 -1.234 -1.161 -1.092 -1.036 -1.016 -1.04 -1.107 -1.193 -1.282 -1.356 -1.409 -1.438 -1.451 -1.453
-9 -9 -9 -9 -9 -9 -9 -9 -9 -9 -9 -9 -9 -9 -9 -9 -9 -9 -9 -9 -9 -9 -9 -9 -9 -9 -9 -9 -9 -9 -9 -9 -9 -1.037 -1.08 -1.122 -1.157 -1.176 -1.177 -1.151 -1.092 -1.025 -0.962 -0.918 -0.897 -0.9 -0.91 -0.932 -0.964 -1.008 -1.062 -1.124 -1.188 -1.253 -1.314 -1.356 -1.381 -1.394 -1.383 -1.35 -1.302 -1.237 -1.166 -1.101 -1.048 -1.017 -1.029 -1.079 -1.163 -1.26 -1.348 -1.414 -1.451 -1.464 -1.466 -1.461
-9 -9 -9 -9 -9 -9 -9 -9 -9 -9 -9 -9 -9 -9 -9 -9 -9 -9 -9 -9 -9 -9 -9 -9 -9 -9 -9 -9 -9 -9 -9 -9 -9 -1.051 -1.094 -1.135 -1.165 -1.18 -1.178 -1.15 -1.092 -1.03 -0.974 -0.936 -0.919 -0.915 -0.922 -0.944 -0.977 -1.019 -1.07 -1.126 -1.186 -1.243 -1.284 -1.314 -1.332 -1.338 -1.323 -1.287 -1.235 -1.171 -1.11 -1.061 -1.031 -1.03 -1.068 -1.135 -1.228 -1.326 -1.408 -1.46 -1.484 -1.487 -1.481 -1.47
-9 -9 -9 -9 -9 -9 -9 -9 -9 -9 -9 -9 -9 -9 -9 -9 -9 -9 -9 -9 -9 -9 -9 -9 -9 -9 -9 -9 -9 -9 -9 -9 -9 -1.043 -1.085 -1.124 -1.152 -1.169 -1.168 -1.145 -1.092 -1.035 -0.985 -0.948 -0.926 -0.923 -0.937 -0.965 -1 -1.041 -1.083 -1.127 -1.159 -1.19 -1.215 -1.238 -1.256 -1.263 -1.251 -1.22 -1.176 -1.126 -1.082 -1.052 -1.043 -1.064 -1.12 -1.197 -1.292 -1.385 -1.455 -1.495 -1.509 -1.506 -1.495 -1.48
-9 -9 -9 -9 -9 -9 -9 -9 -9 -9 -9 -9 -9 -9 -9 -9 -9 -9 -9 -9 -9 -9 -9 -9 -9 -9 -9 -9 -9 -9 -9 -9 -9 -1.021 -1.062 -1.101 -1.132 -1.151 -1.152 -1.138 -1.093 -1.038 -0.985 -0.946 -0.927 -0.932 -0.953 -0.989 -1.029 -1.068 -1.102 -1.115 -1.118 -1.123 -1.135 -1.154 -1.175 -1.189 -1.188 -1.171 -1.144 -1.114 -1.089 -1.077 -1.086 -1.123 -1.186 -1.264 -1.353 -1.435 -1.49 -1.521 -1.528 -1.52 -1.506 -1.49
-9 -9 -9 -9 -9 -9 -9 -9 -9 -9 -9 -9 -9 -9 -9 -9 -9 -9 -9 -9 -9 -9 -9 -9 -9 -9 -9 -9 -9 -9 -9 -9 -9 -1.003 -1.046 -1.086 -1.118 -1.137 -1.138 -1.122 -1.077 -1.027 -0.978 -0.943 -0.929 -0.94 -0.969 -1.012 -1.056 -1.091 -1.107 -1.099 -1.082 -1.067 -1.07 -1.09 -1.12 -1.147 -1.162 -1.162 -1.154 -1.145 -1.139 -1.143 -1.166 -1.208 -1.268 -1.337 -1.413 -1.478 -1.52 -1.541 -1.543 -1.531 -1.515 -1.498
-9 -9 -9 -9 -9 -9 -9 -9 -9 -9 -9 -9 -9 -9 -9 -9 -9 -9 -9 -9 -9 -9 -9 -9 -9 -9 -9 -9 -9 -9 -9 -9 -9 -1 -1.046 -1.087 -1.119 -1.132 -1.12 -1.098 -1.056 -1.011 -0.969 -0.939 -0.931 -0.949 -0.985 -1.033 -1.077 -1.105 -1.108 -1.087 -1.057 -1.038 -1.045 -1.076 -1.12 -1.162 -1.194 -1.21 -1.217 -1.22 -1.225 -1.241 -1.271 -1.311 -1.362 -1.418 -1.473 -1.519 -1.548 -1.558 -1.554 -1.54 -1.522 -1.503
-9 -9 -9 -9 -9 -9 -9 -9 -9 -9 -9 -9 -9 -9 -9 -9 -9 -9 -9 -9 -9 -9 -9 -9 -9 -9 -9 -9 -9 -9 -9 -9 -0.968 -1.015 -1.06 -1.098 -1.128 -1.126 -1.107 -1.077 -1.035 -0.993 -0.956 -0.934 -0.933 -0.957 -0.999 -1.048 -1.09 -1.111 -1.107 -1.082 -1.055 -1.044 -1.065 -1.112 -1.173 -1.229 -1.273 -1.3 -1.315 -1.324 -1.336 -1.354 -1.379 -1.412 -1.45 -1.49 -1.528 -1.557 -1.573 -1.574 -1.563 -1.545 -1.523 -1.502
-9 -9 -9 -9 -9 -9 -9 -9 -9 -9 -9 -9 -9 -9 -9 -9 -9 -9 -9 -9 -9 -9 -9 -9 -9 -9 -9 -9 -9 -9 -9 -9 -1 -1.047 -1.089 -1.121 -1.137 -1.12 -1.092 -1.055 -1.012 -0.971 -0.941 -0.926 -0.933 -0.963 -1.007 -1.055 -1.093 -1.113 -1.112 -1.098 -1.087 -1.094 -1.131 -1.192 -1.261 -1.328 -1.378 -1.408 -1.426 -1.436 -1.447 -1.459 -1.477 -1.499 -1.526 -1.553 -1.576 -1.591 -1.594 -1.585 -1.567 -1.54 -1.514 -1.494
-9 -9 -9 -9 -9 -9 -9 -9 -9 -9 -9 -9 -9 -9 -9 -9 -9 -9 -9 -9 -9 -9 -9 -9 -9 -9 -9 -9 -9 -9 -9 -9 -1.052 -1.095 -1.13 -1.153 -1.142 -1.113 -1.076 -1.034 -0.99 -0.952 -0.927 -0.919 -0.931 -0.964 -1.007 -1.051 -1.088 -1.112 -1.127 -1.137 -1.153 -1.183 -1.234 -1.302 -1.372 -1.43 -1.474 -1.5 -1.516 -1.526 -1.533 -1.543 -1.555 -1.57 -1.587 -1.603 -1.614 -1.616 -1.608 -1.589 -1.557 -1.516 -1.491 -1.481
-9 -9 -9 -9 -9 -9 -9 -9 -9 -9 -9 -9 -9 -9 -9 -9 -9 -9 -9 -9 -9 -9 -9 -9 -9 -9 -9 -9 -9 -9 -9 -1.058 -1.109 -1.149 -1.178 -1.176 -1.145 -1.108 -1.064 -1.019 -0.976 -0.941 -0.919 -0.916 -0.929 -0.96 -0.998 -1.037 -1.075 -1.111 -1.15 -1.192 -1.239 -1.29 -1.352 -1.418 -1.473 -1.517 -1.551 -1.571 -1.584 -1.592 -1.597 -1.604 -1.611 -1.62 -1.63 -1.637 -1.638 -1.631 -1.611 -1.579 -1.529 -1.495 -1.473 -1.46
-9 -9 -9 -9 -9 -9 -9 -9 -9 -9 -9 -9 -9 -9 -9 -9 -9 -9 -9 -9 -9 -9 -9 -9 -9 -9 -9 -9 -9 -0.974 -1.046 -1.11 -1.162 -1.2 -1.213 -1.19 -1.151 -1.106 -1.06 -1.016 -0.977 -0.946 -0.925 -0.92 -0.929 -0.951 -0.981 -1.015 -1.057 -1.112 -1.18 -1.255 -1.327 -1.396 -1.459 -1.512 -1.554 -1.586 -1.609 -1.624 -1.633 -1.639 -1.641 -1.644 -1.647 -1.651 -1.655 -1.655 -1.648 -1.631 -1.598 -1.548 -1.5 -1.471 -1.45 -1.444
-9 -9 -9 -9 -9 -9 -9 -9 -9 -9 -9 -9 -9 -9 -9 -9 -9 -9 -9 -9 -9 -9 -9 -9 -9 -9 -9 -9 -0.926 -0.993 -1.073 -1.152 -1.209 -1.239 -1.233 -1.203 -1.158 -1.11 -1.067 -1.028 -0.995 -0.968 -0.947 -0.936 -0.935 -0.944 -0.962 -0.992 -1.041 -1.117 -1.213 -1.316 -1.408 -1.483 -1.538 -1.58 -1.612 -1.634 -1.65 -1.659 -1.666 -1.668 -1.668 -1.665 -1.663 -1.662 -1.662 -1.658 -1.643 -1.612 -1.561 -1.509 -1.469 -1.442 -1.428 -1.42
-9 -9 -9 -9 -9 -9 -9 -9 -9 -9 -9 -9 -9 -9 -9 -9 -9 -9 -9 -9 -9 -9 -9 -9 -9 -9 -0.833 -0.871 -0.929 -1.008 -1.098 -1.183 -1.245 -1.261 -1.25 -1.216 -1.168 -1.121 -1.083 -1.052 -1.029 -1.007 -0.986 -0.966 -0.951 -0.944 -0.951 -0.98 -1.04 -1.134 -1.254 -1.376 -1.476 -1.546 -1.592 -1.626 -1.648 -1.664 -1.675 -1.682 -1.685 -1.685 -1.679 -1.67 -1.662 -1.659 -1.657 -1.648 -1.622 -1.575 -1.518 -1.47 -1.432 -1.409 -1.407 -1.39
-9 -9 -9 -9 -9 -9 -9 -9 -9 -9 -9 -9 -9 -9 -9 -9 -9 -9 -9 -9 -9 -9 -9 -9 -9 -0.795 -0.82 -0.865 -0.934 -1.024 -1.12 -1.208 -1.265 -1.277 -1.265 -1.231 -1.184 -1.14 -1.107 -1.086 -1.075 -1.062 -1.041 -1.012 -0.981 -0.959 -0.959 -0.992 -1.064 -1.174 -1.309 -1.435 -1.53 -1.592 -1.63 -1.654 -1.669 -1.681 -1.69 -1.695 -1.696 -1.692 -1.678 -1.662 -1.654 -1.65 -1.644 -1.625 -1.588 -1.534 -1.478 -1.429 -1.394 -1.387 -1.381 -1.369
-9 -9 -9 -9 -9 -9 -9 -9 -9 -9 -9 -9 -9 -9 -9 -9 -9 -9 -9 -9 -9 -9 -9 -0.776 -0.774 -0.783 -0.811 -0.865 -0.943 -1.04 -1.144 -1.229 -1.274 -1.286 -1.275 -1.244 -1.201 -1.158 -1.13 -1.123 -1.126 -1.124 -1.107 -1.071 -1.029 -0.998 -0.996 -1.035 -1.116 -1.239 -1.372 -1.489 -1.573 -1.625 -1.655 -1.672 -1.682 -1.692 -1.7 -1.702 -1.701 -1.69 -1.67 -1.652 -1.644 -1.636 -1.624 -1.595 -1.553 -1.495 -1.437 -1.388 -1.366 -1.367 -1.36 -1.361
-9 -9 -9 -9 -9 -9 -9 -9 -9 -9 -9 -9 -9 -9 -9 -9 -9 -9 -9 -9 -9 -9 -0.771 -0.767 -0.765 -0.776 -0.81 -0.871 -0.955 -1.059 -1.159 -1.23 -1.268 -1.285 -1.276 -1.248 -1.206 -1.167 -1.146 -1.15 -1.17 -1.183 -1.177 -1.144 -1.1 -1.064 -1.06 -1.105 -1.195 -1.318 -1.437 -1.538 -1.608 -1.649 -1.673 -1.685 -1.693 -1.699 -1.703 -1.703 -1.698 -1.683 -1.661 -1.644 -1.628 -1.618 -1.604 -1.565 -1.514 -1.452 -1.395 -1.355 -1.343 -1.346 -1.35 -1.372
-9 -9 -9 -9 -9 -9 -9 -9 -9 -9 -9 -9 -9 -9 -9 -9 -9 -9 -9 -9 -9 -0.762 -0.761 -0.758 -0.76 -0.777 -0.818 -0.883 -0.969 -1.063 -1.154 -1.218 -1.258 -1.271 -1.265 -1.233 -1.194 -1.159 -1.143 -1.16 -1.201 -1.233 -1.244 -1.222 -1.186 -1.155 -1.156 -1.203 -1.294 -1.401 -1.501 -1.582 -1.636 -1.668 -1.685 -1.695 -1.7 -1.701 -1.7 -1.695 -1.686 -1.669 -1.649 -1.63 -1.617 -1.611 -1.585 -1.539 -1.477 -1.413 -1.359 -1.328 -1.324 -1.337 -1.358 -1.39
-9 -9 -9 -9 -9 -9 -9 -9 -9 -9 -9 -9 -9 -9 -9 -9 -9 -9 -9 -9 -0.74 -0.749 -0.75 -0.751 -0.76 -0.787 -0.834 -0.901 -0.983 -1.07 -1.147 -1.202 -1.233 -1.244 -1.233 -1.206 -1.168 -1.135 -1.128 -1.16 -1.219 -1.271 -1.3 -1.295 -1.275 -1.257 -1.267 -1.316 -1.393 -1.479 -1.556 -1.617 -1.658 -1.682 -1.695 -1.702 -1.702 -1.697 -1.688 -1.679 -1.666 -1.648 -1.627 -1.612 -1.611 -1.603 -1.564 -1.511 -1.443 -1.379 -1.331 -1.305 -1.307 -1.332 -1.366 -1.383
-9 -9 -9 -9 -9 -9 -9 -9 -9 -9 -9 -9 -9 -9 -9 -9 -9 -9 -9 -0.705 -0.721 -0.732 -0.738 -0.748 -0.768 -0.805 -0.858 -0.926 -1.001 -1.074 -1.132 -1.171 -1.193 -1.2 -1.192 -1.169 -1.137 -1.113 -1.114 -1.16 -1.237 -1.3 -1.345 -1.356 -1.352 -1.355 -1.374 -1.416 -1.476 -1.541 -1.599 -1.644 -1.674 -1.692 -1.703 -1.705 -1.697 -1.685 -1.669 -1.656 -1.638 -1.615 -1.596 -1.59 -1.597 -1.588 -1.545 -1.487 -1.415 -1.351 -1.304 -1.281 -1.294 -1.327 -1.359 -1.382
-9 -9 -9 -9 -9 -9 -9 -9 -9 -9 -9 -9 -9 -9 -9 -9 -9 -9 -0.663 -0.683 -0.701 -0.716 -0.729 -0.749 -0.782 -0.829 -0.887 -0.953 -1.017 -1.068 -1.102 -1.127 -1.14 -1.145 -1.141 -1.127 -1.107 -1.096 -1.111 -1.167 -1.256 -1.33 -1.381 -1.404 -1.412 -1.424 -1.447 -1.485 -1.533 -1.582 -1.625 -1.659 -1.683 -1.699 -1.708 -1.705 -1.688 -1.668 -1.646 -1.627 -1.6 -1.574 -1.56 -1.563 -1.576 -1.568 -1.526 -1.462 -1.386 -1.322 -1.277 -1.27 -1.284 -1.315 -1.361 -1.396
-9 -9 -9 -9 -9 -9 -9 -9 -9 -9 -9 -9 -9 -9 -9 -9 -9 -0.627 -0.644 -0.664 -0.684 -0.703 -0.725 -0.755 -0.797 -0.853 -0.915 -0.97 -1.016 -1.045 -1.064 -1.075 -1.081 -1.088 -1.092 -1.089 -1.082 -1.086 -1.113 -1.179 -1.271 -1.347 -1.4 -1.426 -1.441 -1.459 -1.488 -1.525 -1.565 -1.605 -1.638 -1.666 -1.689 -1.703 -1.71 -1.703 -1.682 -1.652 -1.622 -1.594 -1.559 -1.532 -1.522 -1.534 -1.551 -1.546 -1.505 -1.44 -1.367 -1.3 -1.261 -1.261 -1.272 -1.321 -1.373 -1.415
-9 -9 -9 -9 -9 -9 -9 -9 -9 -9 -9 -9 -9 -9 -9 -9 -0.604 -0.613 -0.63 -0.651 -0.674 -0.698 -0.726 -0.761 -0.808 -0.868 -0.921 -0.964 -0.994 -1.01 -1.017 -1.022 -1.028 -1.04 -1.054 -1.063 -1.069 -1.084 -1.121 -1.189 -1.271 -1.342 -1.395 -1.431 -1.456 -1.481 -1.511 -1.547 -1.583 -1.616 -1.643 -1.669 -1.692 -1.705 -1.71 -1.7 -1.675 -1.636 -1.599 -1.56 -1.519 -1.494 -1.488 -1.506 -1.523 -1.521 -1.481 -1.42 -1.35 -1.288 -1.254 -1.246 -1.274 -1.335 -1.392 -1.437
-9 -9 -9 -9 -9 -9 -9 -9 -9 -9 -9 -9 -9 -9 -9 -0.607 -0.6 -0.606 -0.622 -0.645 -0.672 -0.7 -0.73 -0.767 -0.812 -0.862 -0.907 -0.941 -0.958 -0.964 -0.967 -0.973 -0.987 -1.008 -1.032 -1.052 -1.068 -1.092 -1.13 -1.189 -1.26 -1.328 -1.384 -1.425 -1.458 -1.491 -1.524 -1.559 -1.591 -1.621 -1.645 -1.671 -1.693 -1.706 -1.708 -1.693 -1.662 -1.617 -1.573 -1.527 -1.484 -1.46 -1.46 -1.48 -1.493 -1.493 -1.453 -1.394 -1.328 -1.271 -1.24 -1.245 -1.289 -1.34 -1.398 -1.43
-9 -9 -9 -9 -9 -9 -9 -9 -9 -9 -9 -9 -9 -0.677 -0.642 -0.618 -0.607 -0.61 -0.626 -0.649 -0.675 -0.703 -0.732 -0.766 -0.806 -0.846 -0.883 -0.905 -0.914 -0.916 -0.921 -0.934 -0.96 -0.993 -1.027 -1.056 -1.079 -1.104 -1.136 -1.189 -1.253 -1.314 -1.368 -1.414 -1.455 -1.493 -1.529 -1.563 -1.594 -1.622 -1.648 -1.673 -1.693 -1.704 -1.702 -1.681 -1.643 -1.593 -1.545 -1.494 -1.454 -1.432 -1.438 -1.455 -1.464 -1.461 -1.422 -1.364 -1.301 -1.257 -1.237 -1.252 -1.299 -1.342 -1.395 -1.4
-9 -9 -9 -9 -9 -9 -9 -9 -9 -9 -9 -9 -0.747 -0.707 -0.672 -0.645 -0.631 -0.63 -0.642 -0.659 -0.681 -0.704 -0.729 -0.757 -0.789 -0.822 -0.85 -0.865 -0.871 -0.875 -0.886 -0.911 -0.949 -0.993 -1.036 -1.07 -1.095 -1.119 -1.15 -1.195 -1.25 -1.305 -1.357 -1.407 -1.452 -1.494 -1.531 -1.566 -1.596 -1.623 -1.649 -1.673 -1.691 -1.699 -1.692 -1.665 -1.622 -1.568 -1.517 -1.465 -1.429 -1.412 -1.42 -1.43 -1.435 -1.428 -1.391 -1.336 -1.278 -1.247 -1.239 -1.268 -1.312 -1.358 -1.378 -1.346
-9 -9 -9 -9 -9 -9 -9 -9 -9 -9 -9 -0.812 -0.779 -0.742 -0.708 -0.68 -0.665 -0.66 -0.663 -0.673 -0.686 -0.702 -0.72 -0.741 -0.765 -0.791 -0.813 -0.827 -0.836 -0.847 -0.869 -0.905 -0.954 -1.006 -1.051 -1.088 -1.11 -1.134 -1.163 -1.204 -1.254 -1.304 -1.355 -1.407 -1.455 -1.498 -1.535 -1.569 -1.598 -1.624 -1.649 -1.671 -1.687 -1.691 -1.675 -1.645 -1.598 -1.542 -1.49 -1.441 -1.41 -1.398 -1.4 -1.405 -1.407 -1.392 -1.358 -1.312 -1.263 -1.239 -1.246 -1.292 -1.34 -1.361 -1.335 -1.288
