data/climatemaps/RS_maps/climate_breeding_tmp_2007.asc
NCOLS 369 
NROWS 228 
XLLCORNER 479000 
YLLCORNER 73000 
CELLSIZE 1000 
NODATA_value -9 
[rows 102 to 135 of 228, columns 231 to 307 of 369]
-0.897 -1.01 -1.123 -1.171 -1.359 -1.076 -0.6 0.065 0.618 0.794 0.355 -0.425 -0.433 -0.614 -0.98 -1.216 -1.08 -1.073 -0.942 -0.665 -0.273 0.26 0.326 -0.138 -0.245 -0.462 -0.859 -1.593 -1.643 -1.207 -0.828 -0.667 -0.587 -0.493 -0.392 -0.26 -0.305 -0.752 -0.803 -0.383 -0.664 -0.475 0.034 0.518 0.297 -0.47 -0.344 0.132 0.439 0.769 1.17 1.198 0.979 0.314 -0.184 0.062 0.07 -0.368 -0.398 -0.032 0.36 0.383 0.235 0.458 0.626 0.724 0.715 0.734 0.667 0.599 0.413 0.11 -0.198 -0.685 -0.871 -0.993 -0.698
-0.811 -0.773 -0.928 -1.268 -1.154 -0.794 -0.436 0.23 0.808 0.511 0.185 -0.412 -0.904 -0.996 -1.166 -1.441 -1.308 -0.857 -0.601 -0.33 -0.009 0.279 0.26 -0.013 -0.437 -0.71 -1.278 -1.929 -1.728 -1.172 -0.891 -0.928 -1.059 -0.934 -0.907 -0.68 -0.458 -0.25 -0.138 0.112 0.198 0.285 0.541 0.361 -0.395 -0.748 -0.676 -0.243 0.239 0.655 1.165 1.18 0.845 0.301 -0.18 -0.304 0.012 -0.271 -0.555 -0.223 0.095 0.281 -0.047 -0.027 0.182 0.455 0.396 0.372 0.442 0.563 0.644 0.511 0.238 -0.309 -0.568 -0.706 -0.466
-0.859 -1.177 -1.123 -0.772 -0.385 -0.199 0.057 0.537 0.66 -0.003 -0.221 -0.122 -0.653 -1.136 -1.269 -1.26 -1.131 -0.793 -0.281 0.05 0.194 0.004 -0.312 -0.251 -0.736 -1.162 -1.602 -1.806 -1.762 -1.533 -1.375 -1.474 -1.702 -1.723 -1.782 -1.531 -1.214 -1.107 -1.259 -1.007 -0.434 0.347 0.353 -0.561 -1.342 -1.096 -0.688 -0.254 0.258 0.8 1.193 1.14 0.794 0.361 -0.153 -0.544 -0.138 -0.226 -0.636 -0.448 -0.167 0.151 -0.269 -0.456 -0.207 0.206 0.007 -0.151 0.022 0.219 0.357 0.462 0.595 0.3 -0.128 -0.213 -0.109
-1.187 -0.968 -0.416 -0.156 -0.201 -0.256 -0.091 0.508 0.526 -0.06 -0.654 -0.309 -0.391 -1.037 -1.233 -0.99 -0.708 -0.47 -0.102 0.117 -0.163 -0.727 -0.894 -0.647 -1.092 -1.435 -1.532 -1.588 -1.57 -1.541 -1.26 -1.305 -1.641 -1.749 -1.868 -1.933 -1.897 -1.731 -1.064 -0.615 -0.149 0.45 -0.029 -0.866 -1.358 -0.949 -0.629 -0.133 0.521 1.059 1.158 1.053 0.762 0.265 -0.076 -0.549 -0.315 -0.461 -0.804 -0.646 -0.207 -0.08 -0.326 -0.756 -0.472 -0.101 -0.305 -0.465 -0.339 -0.167 -0.008 0.154 0.442 0.531 0.387 0.319 0.069
-0.749 -0.3 -0.193 -0.388 -0.633 -0.743 -0.387 0.448 0.41 -0.27 -0.86 -0.706 -0.403 -1.144 -1.311 -0.867 -0.418 -0.24 -0.094 -0.41 -0.815 -1.369 -1.283 -1.075 -1.581 -1.456 -1.233 -1.339 -1.427 -1.191 -0.985 -0.918 -1.233 -1.468 -1.682 -1.694 -1.388 -1.349 -0.953 -0.483 0.12 0.336 -0.345 -1.259 -1.139 -0.831 -0.464 0.037 0.722 1.153 1.083 0.935 0.681 0.139 -0.269 -0.605 -0.554 -0.9 -0.886 -0.59 -0.293 -0.484 -0.558 -0.916 -0.6 -0.456 -0.527 -0.746 -0.564 -0.368 -0.256 -0.231 -0.13 0.127 0.347 0.403 0.22
-0.307 -0.328 -0.593 -0.79 -0.75 -0.654 -0.23 0.469 0.101 -0.564 -1.275 -1.074 -0.705 -1.502 -1.431 -0.973 -0.733 -0.626 -0.342 -1.009 -1.683 -1.751 -1.588 -1.562 -1.742 -1.484 -1.072 -1.203 -1.423 -1.481 -1.392 -0.898 -0.818 -1.215 -1.562 -1.639 -1.415 -0.992 -0.515 -0.105 0.292 -0.015 -0.629 -1.213 -0.933 -0.534 -0.137 0.411 0.973 1.182 1.046 0.828 0.512 -0.109 -0.676 -0.86 -0.924 -1.098 -0.851 -0.669 -0.745 -0.879 -0.778 -0.926 -0.6 -0.769 -0.782 -0.932 -0.774 -0.576 -0.538 -0.607 -0.58 -0.331 -0.082 0.179 0.324
-0.518 -0.752 -1.069 -1.013 -0.837 -0.602 -0.179 0.346 -0.317 -1.034 -1.629 -1.402 -1.364 -1.794 -1.746 -1.491 -1.424 -1.075 -0.692 -1.464 -1.882 -1.752 -1.544 -1.464 -1.394 -1.398 -1.165 -0.878 -0.902 -1.228 -1.309 -1.21 -0.561 -0.794 -1.217 -1.362 -1.349 -0.868 -0.432 0.054 0.212 -0.394 -0.9 -0.877 -0.578 -0.046 0.406 0.884 1.159 1.18 1.033 0.7 0.17 -0.409 -0.727 -0.676 -0.913 -0.989 -0.959 -0.892 -0.946 -0.923 -0.937 -0.848 -0.739 -0.897 -0.989 -0.959 -0.862 -0.817 -0.832 -0.99 -0.928 -0.774 -0.428 -0.035 0.251
-0.952 -1.126 -1.588 -1.39 -1.135 -0.859 -0.238 0.107 -0.539 -1.286 -1.569 -1.566 -1.92 -1.684 -1.733 -1.491 -1.476 -1.318 -1.228 -1.731 -1.572 -1.506 -1.366 -1.236 -1.124 -1.063 -0.978 -0.674 -0.471 -0.645 -0.966 -1.048 -0.541 -0.348 -0.707 -1.057 -1.06 -0.705 -0.396 0.089 0.124 -0.457 -0.605 -0.272 0.061 0.529 0.965 1.153 1.188 1.162 0.889 0.364 -0.197 -0.284 -0.252 -0.253 -0.526 -0.485 -0.621 -0.589 -0.698 -0.692 -0.739 -0.948 -1.004 -0.897 -0.821 -0.739 -0.813 -0.958 -1.076 -1.106 -0.894 -0.746 -0.471 -0.092 -0.001
-1.357 -1.627 -1.762 -1.588 -1.236 -0.721 -0.21 -0.763 -0.678 -1.082 -1.352 -1.476 -1.939 -1.52 -1.482 -1.464 -1.248 -1.4 -1.461 -1.48 -1.226 -1.223 -1.226 -1.019 -0.924 -0.786 -0.678 -0.532 -0.196 -0.203 -0.356 -0.653 -0.467 -0.049 -0.174 -0.669 -0.778 -0.583 -0.132 0.385 0.417 0.045 0.159 0.535 0.81 1.035 1.182 1.18 1.132 1.088 0.79 0.178 0.067 0.178 0.15 0.049 -0.125 -0.145 -0.27 -0.222 -0.361 -0.421 -0.546 -0.798 -0.893 -0.599 -0.609 -0.88 -1.103 -1.241 -1.269 -1.122 -0.807 -0.422 -0.235 -0.092 -0.255
-1.828 -1.843 -1.509 -1.371 -0.97 -0.225 -0.524 -1.603 -1.177 -0.771 -0.949 -1.616 -1.915 -1.577 -1.297 -1.275 -1.03 -1.277 -1.112 -1.189 -0.904 -0.961 -1.271 -1.133 -0.936 -0.729 -0.466 -0.346 -0.091 0.068 0.192 0.088 0.143 0.343 0.323 -0.093 -0.25 -0.209 0.142 0.639 0.829 0.751 0.907 1.061 1.147 1.179 1.078 0.94 0.596 0.676 0.957 0.621 0.655 0.686 0.588 0.48 0.337 0.26 0.162 0.106 0.05 -0.04 -0.302 -0.508 -0.693 -0.448 -0.804 -1.143 -1.2 -1.415 -1.367 -1.187 -0.853 -0.366 -0.176 -0.273 -0.602
-2.017 -1.639 -1.098 -0.956 -0.574 -0.08 -0.893 -1.901 -1.686 -0.986 -0.864 -1.714 -1.629 -1.649 -1.341 -0.89 -0.44 -0.817 -0.727 -1.016 -0.732 -0.729 -1.08 -1.152 -1.02 -0.914 -0.569 -0.225 0.062 0.213 0.382 0.435 0.503 0.635 0.693 0.54 0.414 0.447 0.587 0.839 1.033 1.084 1.15 1.169 1.144 1.036 0.75 0.374 0.059 0.42 0.861 0.875 0.744 0.677 0.696 0.765 0.689 0.545 0.466 0.397 0.316 0.224 0.044 -0.115 -0.319 -0.333 -0.765 -0.93 -0.93 -1.142 -1.322 -1.098 -0.768 -0.302 -0.157 -0.506 -0.935
-1.989 -1.376 -1.061 -1.21 -1.018 -0.537 -0.931 -1.931 -1.718 -1 -1.067 -1.624 -1.489 -1.32 -1.277 -1.15 -0.555 -0.339 -0.563 -1.014 -0.89 -0.555 -0.857 -0.986 -0.719 -0.675 -0.439 -0.052 0.208 0.316 0.396 0.476 0.547 0.683 0.804 0.791 0.849 0.903 0.971 1.06 1.092 1.074 1.124 0.886 0.69 0.549 0.226 -0.201 -0.109 0.327 0.657 0.299 0.212 0.179 0.144 0.364 0.389 0.351 0.187 0.094 -0.004 -0.04 0.149 0.067 -0.164 -0.347 -0.505 -0.633 -0.863 -1.037 -1.152 -0.866 -0.489 -0.142 -0.212 -0.579 -0.727
-1.886 -1.468 -1.627 -1.842 -1.278 -0.83 -1.249 -1.809 -1.496 -1.064 -1.371 -1.406 -1.439 -1.153 -0.893 -0.803 -0.571 -0.049 -0.429 -1.005 -0.915 -0.534 -0.615 -0.692 -0.37 -0.285 -0.254 -0.006 0.333 0.396 0.359 0.491 0.624 0.722 0.821 0.913 0.911 0.985 1.044 1.086 1.121 0.996 0.744 0.332 0.118 0.061 -0.196 -0.494 -0.079 0.424 0.471 0.017 -0.323 -0.25 -0.233 0.033 0.025 -0.197 -0.351 -0.446 -0.516 -0.469 -0.056 -0.06 -0.396 -0.553 -0.709 -0.703 -1.09 -1.029 -0.84 -0.558 -0.206 -0.095 -0.341 -0.444 -0.514
-1.687 -1.923 -2.499 -2.388 -1.418 -1.314 -2.012 -1.952 -1.637 -1.37 -1.29 -1.004 -0.974 -1.132 -0.864 -0.459 -0.326 0.062 -0.186 -0.698 -0.653 -0.45 -0.38 -0.548 -0.144 0.083 0.047 0.174 0.487 0.524 0.492 0.692 0.827 0.856 0.957 0.813 0.77 0.898 0.928 1.07 1.043 0.61 0.171 -0.213 -0.417 -0.442 -0.687 -0.609 -0.078 0.404 0.303 -0.157 -0.584 -0.671 -0.555 -0.334 -0.232 -0.729 -0.811 -0.775 -0.673 -0.489 -0.102 -0.236 -0.53 -0.808 -1.084 -1.065 -1.162 -0.863 -0.536 -0.225 -0.097 -0.186 -0.222 -0.616 -0.978
-1.265 -1.614 -2.395 -2.224 -1.85 -2.091 -2.209 -1.862 -1.461 -1.068 -0.893 -0.714 -0.522 -0.966 -0.93 -0.484 -0.253 0.016 0.13 -0.29 -0.214 -0.246 -0.169 -0.399 -0.074 0.332 0.382 0.427 0.643 0.763 0.821 0.896 0.814 0.682 0.787 0.836 0.561 0.485 0.706 1.057 0.919 0.252 -0.028 -0.36 -0.558 -0.615 -0.74 -0.712 -0.275 0.231 0.277 -0.152 -0.52 -0.928 -0.799 -0.706 -0.39 -0.992 -1.028 -0.815 -0.561 -0.38 -0.139 -0.429 -0.692 -0.933 -1.226 -1.224 -1.147 -0.888 -0.416 -0.079 -0.368 -0.765 -0.509 -0.286 -0.776
-1.091 -1.547 -2.098 -2.231 -1.932 -1.747 -1.891 -1.603 -1.353 -1.241 -1.239 -0.937 -0.481 -0.565 -0.706 -0.416 -0.128 0.017 0.339 0.18 0.23 0.123 0.174 0.001 0.172 0.509 0.754 0.791 0.842 0.882 0.851 0.808 0.569 0.275 0.455 0.844 0.458 -0.009 0.385 0.91 1.06 0.545 0.022 -0.074 -0.237 -0.486 -0.821 -0.812 -0.418 0.089 0.286 -0.049 -0.348 -0.803 -1.026 -0.818 -0.691 -1.04 -0.877 -0.634 -0.444 -0.251 -0.263 -0.678 -1.066 -1.297 -1.211 -1.03 -0.938 -0.658 -0.209 -0.135 -0.602 -0.981 -1.015 -0.424 -0.475
-0.85 -1.402 -1.715 -1.815 -1.726 -1.356 -1.687 -1.856 -1.669 -1.383 -1.24 -0.944 -0.54 -0.215 -0.321 -0.207 0.1 0.265 0.517 0.588 0.649 0.572 0.63 0.521 0.608 0.784 0.934 0.918 0.821 0.649 0.472 0.498 0.244 -0.104 0.299 0.604 0.558 -0.198 0.073 0.617 0.992 0.783 0.146 0.298 0.058 -0.437 -0.95 -0.867 -0.411 -0.116 0.154 0.136 -0.194 -0.675 -1.191 -0.968 -0.997 -0.936 -0.682 -0.487 -0.403 -0.208 -0.54 -0.893 -1.159 -1.191 -1.154 -0.932 -0.617 -0.296 -0.02 -0.259 -0.624 -1.023 -1.181 -0.859 -0.441
-0.734 -1.302 -1.509 -1.717 -1.731 -1.337 -1.086 -1.414 -1.229 -0.996 -0.791 -0.471 -0.165 0.005 0.023 0.056 0.242 0.534 0.714 0.692 0.632 0.649 0.776 0.825 0.877 0.911 0.875 0.669 0.255 0.015 0.005 0.129 0.14 -0.216 0.023 0.193 0.602 -0.04 -0.16 0.185 0.608 1.06 0.7 0.556 0.098 -0.233 -0.748 -0.954 -0.728 -0.478 -0.164 0.107 -0.099 -0.581 -1.167 -1.228 -1.226 -0.941 -0.614 -0.742 -0.679 -0.325 -0.821 -1.135 -1.32 -1.251 -0.85 -0.704 -0.422 -0.072 -0.18 -0.304 -0.336 -0.776 -1.148 -1.139 -0.729
-0.661 -1.297 -1.596 -1.489 -1.321 -1.264 -0.766 -0.667 -0.649 -0.532 -0.327 -0.13 0.151 0.264 0.322 0.366 0.567 0.684 0.495 0.373 0.295 0.275 0.32 0.459 0.735 0.831 0.55 0.135 -0.229 -0.441 -0.324 -0.173 -0.024 -0.63 -0.522 0.033 0.523 0.067 -0.375 0.078 0.688 1.124 1.012 0.733 0.245 -0.062 -0.336 -0.799 -1.051 -0.645 -0.293 -0.008 -0.116 -0.564 -1.11 -1.317 -1.153 -0.971 -0.794 -0.964 -0.574 -0.776 -0.888 -1.159 -1.209 -1.021 -0.872 -0.564 -0.148 -0.084 -0.451 -0.673 -0.31 -0.556 -0.986 -1.194 -1.047
-0.452 -0.986 -1.439 -1.141 -0.95 -0.817 -0.594 -0.09 -0.04 0.028 0.117 0.258 0.483 0.593 0.617 0.565 0.525 0.312 0.17 0.057 -0.066 -0.143 -0.032 0.219 0.483 0.816 0.425 -0.117 -0.402 -0.645 -0.852 -0.745 -0.505 -0.785 -0.563 -0.153 0.363 -0.042 -0.408 0.098 0.603 1.054 1.058 0.89 0.52 0.099 -0.199 -0.683 -0.996 -0.624 -0.223 0.004 -0.203 -0.647 -1.205 -1.511 -1.253 -1.262 -1.251 -0.871 -0.806 -1.146 -1.065 -1.196 -1.093 -0.823 -0.568 -0.339 -0.019 -0.218 -0.636 -0.914 -0.592 -0.474 -0.896 -1.231 -1.245
-0.5 -0.564 -1.165 -0.824 -0.603 -0.239 -0.071 0.304 0.486 0.527 0.555 0.576 0.465 0.382 0.311 0.246 0.212 0.02 -0.109 -0.199 -0.328 -0.49 -0.305 -0.057 0.244 0.718 0.489 0.211 0.085 -0.247 -0.835 -1.285 -1.002 -0.765 -0.247 0.083 0.242 -0.321 -0.411 0.071 0.543 0.992 1.123 0.986 0.748 0.122 -0.459 -0.87 -0.897 -0.483 -0.104 0.04 -0.246 -0.721 -1.285 -1.439 -1.532 -1.381 -1.134 -0.805 -1.105 -1.362 -1.199 -1.032 -0.997 -0.85 -0.853 -0.448 -0.034 -0.351 -0.729 -1.117 -0.938 -0.528 -0.713 -1.169 -1.328
-0.654 -0.256 -0.73 -0.456 -0.165 0.189 0.411 0.589 0.587 0.58 0.469 0.273 0.008 -0.092 -0.011 -0.107 -0.124 -0.26 -0.435 -0.517 -0.689 -0.491 -0.258 0.013 0.304 0.72 0.539 0.335 0.168 -0.179 -0.786 -1.398 -1.168 -0.712 -0.006 0.232 -0.133 -0.593 -0.372 0.054 0.509 0.956 1.141 1.061 0.873 0.158 -0.416 -0.608 -0.822 -0.386 -0.068 0.062 -0.126 -0.662 -1.027 -1.281 -1.388 -1.159 -0.996 -1.183 -1.375 -1.227 -1.006 -0.588 -0.715 -0.668 -0.63 -0.203 -0.088 -0.607 -0.86 -1.224 -1.228 -0.699 -0.57 -1.138 -1.339
-0.49 0.009 -0.113 0.08 0.274 0.521 0.576 0.311 0.095 0.249 -0.068 -0.248 -0.498 -0.552 -0.268 -0.426 -0.379 -0.364 -0.744 -0.686 -0.462 -0.228 0.013 0.241 0.556 0.632 0.262 -0.095 -0.19 -0.536 -1.14 -1.421 -0.894 -0.524 0.095 0.055 -0.542 -0.556 -0.265 0.046 0.444 0.868 1.125 1.107 0.931 0.378 0.023 -0.414 -0.831 -0.38 -0.107 0.073 -0.045 -0.646 -0.888 -1.296 -1.215 -1.188 -1.22 -1.168 -1.011 -0.915 -0.755 -0.323 -0.297 -0.347 -0.336 0.046 -0.201 -0.656 -1.037 -1.318 -1.415 -0.9 -0.543 -0.9 -1.201
-0.094 0.339 0.4 0.464 0.541 0.562 0.227 -0.291 -0.458 -0.153 -0.39 -0.767 -0.864 -0.766 -0.449 -0.676 -0.665 -0.578 -0.727 -0.521 -0.242 -0.001 0.248 0.482 0.66 0.439 0.183 -0.249 -0.511 -0.731 -1.228 -1.239 -0.624 -0.201 0.208 -0.099 -0.612 -0.478 -0.189 0.103 0.474 0.825 1.075 1.123 0.987 0.583 0.071 -0.142 -0.639 -0.423 -0.1 0.127 0.008 -0.66 -1.26 -1.286 -1.143 -0.816 -0.869 -0.641 -0.513 -0.524 -0.382 -0.133 0.091 -0.043 -0.071 -0.148 -0.294 -0.623 -1.012 -1.287 -1.483 -1.09 -0.747 -0.996 -0.919
0.33 0.298 0.182 0.158 0.091 0.236 -0.125 -0.589 -0.698 -0.666 -0.556 -1.14 -1.122 -0.857 -0.599 -0.762 -0.884 -0.859 -0.719 -0.362 -0.086 0.193 0.407 0.634 0.552 0.282 0.131 -0.141 -0.412 -0.662 -1.01 -1.104 -0.567 -0.098 0.236 -0.402 -0.601 -0.448 -0.178 0.109 0.433 0.754 0.978 1.115 1.06 0.897 0.513 0.08 -0.304 -0.179 0.062 0.225 0.059 -0.475 -1.182 -1.108 -0.981 -0.558 -0.487 -0.354 -0.104 -0.224 -0.071 0.146 0.255 0.06 -0.066 -0.597 -0.526 -0.612 -0.979 -1.216 -1.36 -1.047 -1.154 -1.368 -1.031
0.001 -0.199 -0.272 -0.289 -0.524 0.044 -0.163 -0.545 -0.943 -1.058 -0.892 -1.418 -1.203 -0.906 -0.79 -0.968 -0.866 -0.837 -0.575 -0.296 0.059 0.331 0.546 0.615 0.252 -0.166 0.019 -0.133 -0.423 -0.707 -1.08 -1.015 -0.568 -0.074 0.101 -0.588 -0.57 -0.357 -0.11 0.159 0.422 0.718 0.958 1.012 0.725 0.826 0.894 0.654 0.245 0.348 0.457 0.199 0.127 -0.249 -0.888 -0.929 -0.577 -0.279 -0.127 -0.184 0.13 0.095 0.298 0.347 0.075 -0.245 -0.533 -0.887 -0.892 -0.618 -1.005 -1.404 -1.296 -1.238 -1.514 -1.47 -1.412
-0.554 -0.78 -0.814 -0.862 -0.681 -0.115 -0.009 -0.379 -0.917 -1.425 -1.29 -1.553 -1.364 -1.061 -0.925 -1.133 -0.943 -0.724 -0.42 -0.159 0.213 0.451 0.522 0.458 -0.039 -0.45 -0.415 -0.049 -0.323 -0.733 -1.163 -0.838 -0.404 0.03 -0.194 -0.617 -0.432 -0.165 0.047 0.271 0.548 0.684 0.797 0.85 0.383 0.192 0.275 0.552 0.735 0.706 0.635 0.308 0.287 0.073 -0.38 -0.414 -0.107 0.134 0.179 0.165 0.434 0.472 0.415 0.092 -0.476 -0.783 -0.997 -1.128 -1.111 -0.94 -1.227 -1.317 -1.48 -1.602 -1.273 -1.318 -1.387
-0.839 -1.071 -1.138 -0.801 -0.488 -0.196 0.108 -0.397 -1.015 -1.455 -1.564 -1.497 -1.326 -1.061 -1.038 -1.09 -0.922 -0.625 -0.217 0.081 0.329 0.289 0.326 0.334 -0.279 -0.731 -0.831 -0.394 -0.304 -0.744 -1.067 -0.653 -0.173 0.122 -0.275 -0.518 -0.347 -0.002 0.252 0.418 0.37 0.105 0.426 0.709 0.341 -0.337 -0.358 0.108 0.356 0.612 0.717 0.641 0.518 0.372 0.12 0.16 0.347 0.521 0.54 0.605 0.656 0.607 0.432 -0.221 -0.779 -0.968 -1.021 -1.276 -1.263 -1.186 -1.108 -1.246 -1.499 -1.365 -1.083 -1.541 -1.416
-0.56 -1.128 -1.345 -0.999 -0.684 -0.619 -0.274 -0.123 -0.576 -1.109 -1.553 -1.47 -1.289 -1.064 -0.879 -0.72 -0.532 -0.274 0.096 0.205 0.142 -0.164 0.127 0.262 -0.32 -0.717 -0.922 -0.763 -0.574 -1.01 -0.878 -0.471 0.002 -0.291 -0.293 -0.389 -0.606 -0.166 0.01 -0.033 -0.222 -0.472 -0.041 0.623 0.331 -0.13 -0.408 -0.087 -0.088 0.081 0.343 0.645 0.752 0.672 0.601 0.636 0.669 0.693 0.653 0.607 0.386 0.327 0.516 0.055 -0.389 -0.461 -0.627 -0.953 -0.877 -0.88 -1.199 -1.497 -1.206 -0.831 -1.063 -1.533 -1.382
-0.617 -1.23 -1.593 -1.228 -0.927 -0.998 -0.84 -0.188 -0.178 -0.86 -1.388 -1.355 -1.18 -0.986 -0.856 -0.544 -0.24 0.06 0.093 -0.101 -0.303 -0.594 -0.072 0.342 -0.043 -0.43 -0.857 -1.051 -1.069 -1.009 -0.632 -0.246 -0.254 -0.666 -0.742 -0.427 -0.977 -0.707 -0.6 -0.618 -0.735 -0.542 -0.144 0.589 0.227 -0.361 -0.731 -0.473 -0.521 -0.311 0.046 0.331 0.636 0.776 0.638 0.49 0.463 0.418 0.228 0.24 -0.186 -0.12 0.079 0.369 0.265 -0.176 -0.626 -0.753 -0.75 -1.175 -1.15 -0.954 -0.786 -0.668 -1.187 -1.579 -1.322
-0.668 -1.173 -1.616 -1.429 -1.294 -1.212 -0.97 -0.397 -0.064 -0.8 -1.416 -1.407 -1.152 -1.025 -1.009 -0.567 -0.148 0.029 -0.178 -0.653 -0.69 -0.819 -0.261 0.266 -0.062 -0.7 -1.198 -1.483 -1.22 -0.822 -0.427 -0.145 -0.424 -0.943 -1.031 -0.745 -1.452 -1.333 -1.068 -0.808 -0.585 -0.278 0.04 0.569 0.368 -0.274 -0.833 -0.808 -0.75 -0.459 -0.184 0.082 0.401 0.661 0.403 -0.095 -0.052 -0.217 -0.284 -0.103 -0.568 -0.381 -0.552 -0.179 0.309 0.183 -0.385 -0.721 -0.546 -0.595 -0.427 -0.414 -0.459 -0.665 -1.034 -1.357 -1.351
-0.794 -1.112 -1.57 -1.451 -1.208 -1.076 -0.905 -0.617 -0.422 -0.684 -1.39 -1.453 -1.037 -0.783 -0.73 -0.383 -0.064 -0.399 -0.567 -0.828 -1.183 -1.066 -0.632 0.064 -0.359 -0.718 -0.976 -1.493 -1.296 -0.87 -0.367 -0.357 -0.802 -1.293 -1.233 -1.117 -1.456 -1.203 -0.861 -0.614 -0.378 -0.036 0.384 0.706 0.349 -0.156 -0.629 -0.935 -0.837 -0.574 -0.384 -0.091 0.203 0.457 0.295 -0.448 -0.561 -0.613 -0.702 -0.492 -0.797 -0.606 -0.735 -0.827 -0.174 0.173 0.033 -0.155 -0.129 -0.321 -0.581 -0.795 -0.835 -0.709 -1.125 -1.495 -1.515
-0.983 -1.028 -1.439 -1.363 -1.129 -1.246 -1.319 -1.27 -1.23 -0.821 -1.237 -1.355 -1.069 -0.76 -0.399 -0.27 -0.191 -0.718 -1.126 -1.042 -1.412 -1.221 -0.639 0.06 -0.418 -0.816 -0.795 -1.257 -1.223 -0.779 -0.369 -0.528 -1.299 -1.621 -1.392 -1.334 -1.265 -0.98 -0.743 -0.4 -0.102 0.229 0.608 0.697 0.095 -0.386 -0.706 -1.043 -0.987 -0.723 -0.576 -0.258 0.026 0.378 0.385 -0.25 -0.796 -1.01 -1.053 -0.869 -1.08 -0.902 -0.751 -0.968 -0.503 -0.051 0.199 0.066 -0.324 -0.764 -1.058 -1.208 -1.244 -0.792 -1.175 -1.634 -1.813
-1.191 -1.262 -1.641 -1.723 -1.343 -1.634 -1.77 -1.836 -1.622 -1.103 -1.086 -1.312 -0.952 -0.653 -0.731 -0.528 -0.371 -0.895 -1.362 -1.594 -1.486 -1.007 -0.446 0.116 -0.235 -1.041 -1.256 -1.429 -1.173 -0.749 -0.36 -0.587 -1.492 -1.618 -1.328 -1.204 -1.03 -0.877 -0.66 -0.309 0.072 0.376 0.678 0.545 -0.252 -0.847 -0.921 -1.193 -1.133 -0.988 -0.926 -0.468 0.004 0.355 0.505 -0.105 -0.697 -1.135 -1.453 -1.342 -1.273 -1.21 -0.939 -1.202 -0.916 -0.569 -0.099 0.043 -0.395 -0.757 -1.013 -1.241 -1.349 -0.974 -1.163 -1.634 -1.839
