data/climatemaps/RS_maps/climate_breeding_tmp_2012.asc
NCOLS 369 
NROWS 228 
XLLCORNER 479000 
YLLCORNER 73000 
CELLSIZE 1000 
NODATA_value -9 
[rows 102 to 135 of 228, columns 0 to 75 of 369]
-9 -9 -9 -9 -9 -9 -9 -9 -9 -9 -9 -9 -9 -9 -9 -9 -9 -9 -9 -9 -9 -9 -9 -9 -9 -9 -9 -9 -9 -9 -9 -9 0.415 0.403 0.383 0.472 0.504 0.507 0.488 0.429 0.311 0.199 0.231 0.257 0.232 0.118 0.028 0.025 0.06 0.086 0.056 0.047 0.044 0.054 0.054 0.06 0.113 0.172 0.315 0.402 0.404 0.559 0.611 0.565 0.38 -0.012 -0.07 -0.078 -0.174 -0.145 0.022 0.439 0.753 0.944 0.974 1.016
-9 -9 -9 -9 -9 -9 -9 -9 -9 -9 -9 -9 -9 -9 -9 -9 -9 -9 -9 -9 -9 -9 -9 -9 -9 -9 -9 -9 -9 -9 -9 -9 0.408 0.42 0.468 0.501 0.504 0.504 0.461 0.312 0.249 0.281 0.27 0.197 0.072 0.04 0.009 0.031 0.062 0.112 0.147 0.138 0.13 0.128 0.107 0.068 0.15 0.321 0.471 0.572 0.581 0.517 0.44 0.221 -0.009 -0.174 -0.277 -0.258 -0.14 0.142 0.41 0.683 0.852 0.997 1.023 1.058
-9 -9 -9 -9 -9 -9 -9 -9 -9 -9 -9 -9 -9 -9 -9 -9 -9 -9 -9 -9 -9 -9 -9 -9 -9 -9 -9 -9 -9 -9 -9 -9 0.447 0.478 0.51 0.505 0.504 0.501 0.447 0.326 0.338 0.301 0.194 0.04 -0.034 0.02 0.059 0.113 0.203 0.264 0.272 0.238 0.233 0.27 0.285 0.162 0.407 0.568 0.604 0.538 0.386 0.221 0.115 -0.014 -0.097 -0.169 -0.208 -0.069 0.246 0.528 0.71 0.833 0.958 1.057 1.068 1.071
-9 -9 -9 -9 -9 -9 -9 -9 -9 -9 -9 -9 -9 -9 -9 -9 -9 -9 -9 -9 -9 -9 -9 -9 -9 -9 -9 -9 -9 -9 -9 -9 0.49 0.503 0.514 0.506 0.503 0.492 0.47 0.413 0.341 0.252 0.064 -0.012 0.033 0.139 0.225 0.293 0.315 0.288 0.238 0.212 0.24 0.392 0.478 0.429 0.595 0.627 0.555 0.335 0.152 0.072 -0.033 -0.095 -0.103 -0.152 -0.024 0.333 0.57 0.729 0.861 0.954 1.048 1.07 1.07 1.073
-9 -9 -9 -9 -9 -9 -9 -9 -9 -9 -9 -9 -9 -9 -9 -9 -9 -9 -9 -9 -9 -9 -9 -9 -9 -9 -9 -9 -9 -9 -9 -9 -9 0.506 0.506 0.51 0.503 0.479 0.447 0.437 0.257 0.147 0.071 0.095 0.176 0.301 0.304 0.223 0.164 0.109 0.069 0.075 0.152 0.324 0.476 0.599 0.517 0.495 0.362 0.172 0.07 -0.03 -0.13 -0.069 -0.007 0.008 0.291 0.578 0.741 0.862 0.97 1.043 1.07 1.073 1.073 1.073
-9 -9 -9 -9 -9 -9 -9 -9 -9 -9 -9 -9 -9 -9 -9 -9 -9 -9 -9 -9 -9 -9 -9 -9 -9 -9 -9 -9 -9 -9 -9 -9 -9 0.502 0.491 0.497 0.476 0.373 0.357 0.343 0.171 0.137 0.167 0.241 0.315 0.25 0.108 0.045 0.017 0.008 0.043 0.145 0.328 0.463 0.464 0.381 0.235 0.231 0.057 -0.006 -0.023 -0.063 -0.019 0.083 0.15 0.285 0.529 0.693 0.823 0.951 1.046 1.073 1.073 1.073 1.073 1.073
-9 -9 -9 -9 -9 -9 -9 -9 -9 -9 -9 -9 -9 -9 -9 -9 -9 -9 -9 -9 -9 -9 -9 -9 -9 -9 -9 -9 -9 -9 -9 -9 -9 0.47 0.469 0.424 0.316 0.259 0.283 0.42 0.235 0.261 0.332 0.338 0.217 0.073 0.007 0.031 0.047 0.094 0.174 0.344 0.325 0.257 0.115 -0.044 -0.063 0.005 -0.087 -0.081 -0.055 -0.004 0.07 0.106 0.119 0.283 0.586 0.753 0.886 1.028 1.075 1.077 1.076 1.076 1.073 1.073
-9 -9 -9 -9 -9 -9 -9 -9 -9 -9 -9 -9 -9 -9 -9 -9 -9 -9 -9 -9 -9 -9 -9 -9 -9 -9 -9 -9 -9 -9 -9 -9 -9 0.336 0.328 0.282 0.255 0.252 0.295 0.418 0.421 0.387 0.299 0.17 0.07 0.034 0.047 0.094 0.143 0.224 0.279 0.269 -0.06 -0.117 -0.168 -0.258 -0.174 -0.123 -0.118 -0.086 -0.096 -0.045 0.002 -0.017 0.028 0.32 0.646 0.798 0.952 1.072 1.078 1.078 1.078 1.078 1.076 1.076
-9 -9 -9 -9 -9 -9 -9 -9 -9 -9 -9 -9 -9 -9 -9 -9 -9 -9 -9 -9 -9 -9 -9 -9 -9 -9 -9 -9 -9 -9 -9 -9 -9 0.283 0.285 0.281 0.295 0.353 0.416 0.431 0.328 0.24 0.11 0.028 0.05 0.084 0.145 0.176 0.223 0.179 0.242 -0.078 -0.198 -0.292 -0.254 -0.196 -0.049 -0.048 -0.098 -0.043 -0.018 0.151 0.231 0.296 0.444 0.655 0.797 0.896 1.024 1.078 1.078 1.078 1.078 1.078 1.078 1.078
-9 -9 -9 -9 -9 -9 -9 -9 -9 -9 -9 -9 -9 -9 -9 -9 -9 -9 -9 -9 -9 -9 -9 -9 -9 -9 -9 -9 -9 -9 -9 -9 -9 0.294 0.351 0.38 0.429 0.432 0.313 0.365 0.185 0.078 0.062 0.033 0.062 0.114 0.169 0.188 0.142 0.11 0.147 -0.031 -0.322 -0.282 -0.11 0 -0.009 0.052 0.161 0.29 0.382 0.466 0.553 0.701 0.854 0.95 0.999 1.043 1.072 1.078 1.078 1.078 1.078 1.08 1.082 1.076
-9 -9 -9 -9 -9 -9 -9 -9 -9 -9 -9 -9 -9 -9 -9 -9 -9 -9 -9 -9 -9 -9 -9 -9 -9 -9 -9 -9 -9 -9 -9 -9 0.289 0.354 0.359 0.368 0.424 0.382 0.301 0.3 0.207 0.149 0.121 0.072 0.029 0.063 0.13 0.112 0.091 0.117 -0.058 -0.277 -0.328 -0.146 -0.008 0.023 0.084 0.377 0.596 0.653 0.675 0.716 0.817 0.933 1.001 1.049 1.076 1.082 1.083 1.082 1.082 1.082 1.082 1.083 1.078 1.051
-9 -9 -9 -9 -9 -9 -9 -9 -9 -9 -9 -9 -9 -9 -9 -9 -9 -9 -9 -9 -9 -9 -9 -9 -9 -9 -9 -9 -9 -9 -9 -9 0.356 0.356 0.322 0.389 0.44 0.363 0.273 0.26 0.17 0.155 0.12 0.074 0.07 0.103 0.142 0.161 0.164 0.035 -0.177 -0.268 -0.143 0.001 0.087 0.29 0.589 0.769 0.84 0.891 0.927 0.97 1.024 1.023 1.047 1.081 1.083 1.083 1.083 1.079 1.079 1.083 1.083 1.053 1.011 1.007
-9 -9 -9 -9 -9 -9 -9 -9 -9 -9 -9 -9 -9 -9 -9 -9 -9 -9 -9 -9 -9 -9 -9 -9 -9 -9 -9 -9 -9 -9 -9 -9 0.374 0.338 0.372 0.458 0.412 0.264 0.211 0.228 0.121 0.095 0.054 0.047 0.1 0.155 0.183 0.167 0.11 0.071 -0.02 0.028 0.064 0.167 0.455 0.784 0.877 0.906 0.926 0.969 1.008 1.039 1.055 1.064 1.08 1.079 1.081 1.078 1.078 1.078 1.078 1.081 1.026 0.899 0.905 0.975
-9 -9 -9 -9 -9 -9 -9 -9 -9 -9 -9 -9 -9 -9 -9 -9 -9 -9 -9 -9 -9 -9 -9 -9 -9 -9 -9 -9 -9 -9 -9 0.39 0.364 0.361 0.442 0.45 0.314 0.207 0.173 0.198 0.055 0.01 0.012 0.052 0.124 0.148 0.156 0.108 0.067 0.191 0.215 0.278 0.303 0.477 0.815 0.874 0.847 0.887 0.943 0.987 1.023 1.048 1.07 1.083 1.083 1.083 1.084 1.083 1.086 1.087 1.082 1.041 0.87 0.849 0.894 0.909
-9 -9 -9 -9 -9 -9 -9 -9 -9 -9 -9 -9 -9 -9 -9 -9 -9 -9 -9 -9 -9 -9 -9 -9 -9 -9 -9 -9 -9 0.368 0.437 0.418 0.377 0.424 0.453 0.368 0.221 0.176 0.198 0.169 0.035 -0.026 -0.006 0.045 0.107 0.11 0.064 -0.009 0.057 0.124 0.145 0.219 0.588 0.802 0.88 0.877 0.886 0.915 0.954 0.989 1.032 1.079 1.083 1.083 1.081 1.076 1.083 1.085 1.086 1.081 1.038 0.903 0.794 0.843 0.853 0.922
-9 -9 -9 -9 -9 -9 -9 -9 -9 -9 -9 -9 -9 -9 -9 -9 -9 -9 -9 -9 -9 -9 -9 -9 -9 -9 -9 -9 0.3 0.358 0.384 0.441 0.417 0.457 0.373 0.254 0.185 0.173 0.204 0.183 0.012 -0.067 -0.031 0.039 0.062 0.013 -0.061 -0.141 -0.082 0.084 0.229 0.359 0.747 0.874 0.914 0.933 0.964 0.985 1.003 1.042 1.08 1.083 1.083 1.079 1.064 1.051 1.061 1.069 1.068 1.02 0.875 0.797 0.798 0.833 0.854 0.883
-9 -9 -9 -9 -9 -9 -9 -9 -9 -9 -9 -9 -9 -9 -9 -9 -9 -9 -9 -9 -9 -9 -9 -9 -9 -9 0.187 0.276 0.291 0.273 0.365 0.412 0.456 0.411 0.265 0.189 0.186 0.246 0.236 0.203 0.026 -0.014 0.026 0.011 -0.003 -0.031 -0.065 -0.165 -0.04 0.289 0.598 0.701 0.82 0.895 0.936 0.991 1.012 1.028 1.05 1.066 1.077 1.079 1.066 1.026 0.99 0.994 1.039 1.046 0.996 0.877 0.753 0.766 0.795 0.794 0.871 0.798
-9 -9 -9 -9 -9 -9 -9 -9 -9 -9 -9 -9 -9 -9 -9 -9 -9 -9 -9 -9 -9 -9 -9 -9 -9 0.175 0.236 0.237 0.236 0.281 0.33 0.435 0.456 0.386 0.302 0.252 0.273 0.321 0.26 0.219 0.108 0.063 0.086 0.046 0.052 0.03 -0.098 -0.164 0.106 0.525 0.773 0.801 0.846 0.903 0.953 1.017 0.98 1.021 1.066 1.067 1.068 1.056 0.987 0.905 0.926 0.978 1.008 0.966 0.891 0.795 0.744 0.743 0.747 0.821 0.818 0.723
-9 -9 -9 -9 -9 -9 -9 -9 -9 -9 -9 -9 -9 -9 -9 -9 -9 -9 -9 -9 -9 -9 -9 0.232 0.197 0.188 0.155 0.217 0.281 0.364 0.412 0.478 0.439 0.349 0.289 0.274 0.348 0.32 0.279 0.226 0.174 0.145 0.17 0.197 0.117 -0.093 -0.277 -0.125 0.355 0.715 0.816 0.832 0.908 0.96 1.017 1.017 0.958 1.027 1.068 1.068 1.061 0.997 0.893 0.854 0.913 0.932 0.945 0.877 0.854 0.791 0.755 0.719 0.757 0.815 0.754 0.7
-9 -9 -9 -9 -9 -9 -9 -9 -9 -9 -9 -9 -9 -9 -9 -9 -9 -9 -9 -9 -9 -9 0.267 0.183 0.182 0.161 0.168 0.291 0.364 0.418 0.463 0.433 0.396 0.354 0.321 0.369 0.322 0.224 0.111 0.174 0.247 0.289 0.21 0.047 -0.148 -0.173 -0.153 0.176 0.59 0.795 0.828 0.866 0.955 0.995 1.052 1.048 1.038 1.062 1.068 1.066 1.039 0.952 0.876 0.886 0.846 0.84 0.905 0.825 0.805 0.742 0.735 0.729 0.764 0.775 0.726 0.771
-9 -9 -9 -9 -9 -9 -9 -9 -9 -9 -9 -9 -9 -9 -9 -9 -9 -9 -9 -9 -9 0.296 0.242 0.171 0.136 0.176 0.227 0.313 0.33 0.335 0.373 0.333 0.282 0.33 0.394 0.342 0.213 -0.054 -0.047 0.212 0.392 0.192 0.02 -0.072 -0.142 -0.034 0.189 0.54 0.741 0.837 0.889 0.951 0.988 1.039 1.065 1.067 1.068 1.068 1.067 1.039 0.995 0.932 0.896 0.86 0.836 0.905 0.87 0.812 0.75 0.705 0.722 0.738 0.757 0.774 0.779 0.864
-9 -9 -9 -9 -9 -9 -9 -9 -9 -9 -9 -9 -9 -9 -9 -9 -9 -9 -9 -9 0.301 0.247 0.229 0.147 0.106 0.214 0.261 0.251 0.272 0.319 0.369 0.343 0.348 0.371 0.291 0.187 0.079 -0.092 -0.044 0.359 0.324 0.093 0.077 0.112 0.149 0.368 0.526 0.662 0.771 0.838 0.91 0.975 1.026 1.062 1.067 1.066 1.068 1.055 0.989 0.979 0.959 0.908 0.862 0.843 0.91 0.942 0.824 0.767 0.686 0.688 0.726 0.726 0.733 0.767 0.828 0.791
-9 -9 -9 -9 -9 -9 -9 -9 -9 -9 -9 -9 -9 -9 -9 -9 -9 -9 -9 0.299 0.261 0.186 0.145 0.097 0.157 0.205 0.205 0.248 0.315 0.369 0.349 0.324 0.292 0.23 0.135 0.031 -0.057 -0.165 -0.019 0.316 0.432 0.327 0.271 0.344 0.483 0.618 0.66 0.694 0.777 0.839 0.93 0.985 1.049 1.063 1.063 1.058 0.953 0.951 0.909 0.947 0.914 0.856 0.811 0.847 0.93 0.923 0.796 0.735 0.66 0.667 0.685 0.666 0.722 0.766 0.775 0.753
-9 -9 -9 -9 -9 -9 -9 -9 -9 -9 -9 -9 -9 -9 -9 -9 -9 -9 0.321 0.227 0.11 0.069 0.109 0.163 0.248 0.205 0.246 0.31 0.355 0.352 0.262 0.17 0.102 0.076 0.034 -0.036 -0.105 -0.19 -0.112 0.239 0.496 0.476 0.504 0.568 0.625 0.68 0.758 0.775 0.821 0.862 0.955 1.004 1.051 1.063 1.063 1.026 0.884 0.872 0.854 0.902 0.854 0.763 0.763 0.848 0.931 0.886 0.796 0.665 0.589 0.592 0.604 0.666 0.697 0.704 0.765 0.781
-9 -9 -9 -9 -9 -9 -9 -9 -9 -9 -9 -9 -9 -9 -9 -9 -9 0.354 0.246 0.089 0.06 0.117 0.185 0.236 0.25 0.288 0.328 0.33 0.312 0.238 0.118 0.033 0.006 0.024 0.008 -0.023 -0.067 -0.124 -0.012 0.277 0.537 0.568 0.6 0.537 0.362 0.514 0.633 0.753 0.809 0.892 0.937 0.985 1.053 1.056 1.052 0.99 0.882 0.836 0.836 0.87 0.805 0.715 0.753 0.849 0.92 0.864 0.778 0.643 0.596 0.555 0.579 0.676 0.642 0.727 0.788 0.837
-9 -9 -9 -9 -9 -9 -9 -9 -9 -9 -9 -9 -9 -9 -9 -9 0.308 0.19 0.097 0.094 0.157 0.202 0.215 0.217 0.269 0.346 0.31 0.228 0.161 0.08 0.004 -0.04 -0.014 0.009 0.031 0.068 0.075 0.13 0.384 0.505 0.492 0.416 0.317 0.239 0.299 0.503 0.63 0.76 0.806 0.898 0.898 0.946 1.047 1.051 1.04 0.99 0.915 0.844 0.841 0.846 0.772 0.712 0.748 0.855 0.884 0.855 0.758 0.667 0.617 0.589 0.613 0.607 0.665 0.788 0.87 0.98
-9 -9 -9 -9 -9 -9 -9 -9 -9 -9 -9 -9 -9 -9 -9 0.242 0.124 0.08 0.122 0.164 0.188 0.212 0.207 0.243 0.304 0.271 0.166 0.086 0.03 -0.05 -0.074 -0.049 -0.009 0.053 0.078 0.113 0.187 0.362 0.411 0.255 0.245 0.236 0.199 0.274 0.462 0.578 0.648 0.758 0.808 0.878 0.889 0.965 1.049 1.048 1.023 0.968 0.894 0.832 0.844 0.815 0.747 0.706 0.762 0.862 0.84 0.835 0.734 0.64 0.601 0.568 0.575 0.62 0.749 0.797 0.916 0.984
-9 -9 -9 -9 -9 -9 -9 -9 -9 -9 -9 -9 -9 0.385 0.266 0.123 0.07 0.121 0.156 0.179 0.211 0.245 0.264 0.224 0.216 0.141 0.044 0.013 -0.029 -0.07 -0.094 -0.033 0.013 0.042 0.04 0.047 0.159 0.218 0.071 0.089 0.235 0.209 0.224 0.28 0.464 0.61 0.669 0.755 0.805 0.873 0.917 0.995 1.048 1.046 1.006 0.931 0.851 0.807 0.826 0.783 0.728 0.71 0.787 0.841 0.808 0.795 0.692 0.588 0.535 0.553 0.59 0.662 0.77 0.785 0.933 0.901
-9 -9 -9 -9 -9 -9 -9 -9 -9 -9 -9 -9 0.442 0.289 0.169 0.115 0.146 0.206 0.223 0.253 0.275 0.266 0.128 0.08 0.134 0.105 0.058 0.026 -0.02 -0.076 -0.077 -0.023 -0.003 0.02 0.042 0.093 0.153 -0.034 -0.01 0.157 0.255 0.076 0.009 0.149 0.423 0.586 0.663 0.756 0.812 0.884 0.942 1.012 1.043 1.04 0.965 0.901 0.834 0.795 0.805 0.753 0.721 0.739 0.791 0.798 0.777 0.76 0.674 0.561 0.488 0.552 0.611 0.711 0.782 0.881 0.904 0.76
-9 -9 -9 -9 -9 -9 -9 -9 -9 -9 -9 0.521 0.408 0.279 0.175 0.221 0.286 0.312 0.332 0.255 0.224 0.16 0.027 0.057 0.106 0.087 0.054 -0.005 -0.084 -0.118 -0.121 -0.05 0.039 0.077 0.152 0.225 0.145 -0.033 0.084 0.165 0.108 -0.042 0.012 0.283 0.505 0.607 0.682 0.778 0.833 0.896 0.951 1.009 1.041 1.024 0.906 0.871 0.816 0.785 0.79 0.741 0.735 0.76 0.77 0.762 0.752 0.703 0.645 0.573 0.505 0.541 0.623 0.77 0.896 0.905 0.753 0.653
-9 -9 -9 -9 -9 -9 -9 -9 -9 -9 0.642 0.578 0.444 0.35 0.289 0.37 0.424 0.379 0.275 0.185 0.09 0.095 0.017 0.012 0.056 0.021 -0.015 -0.077 -0.182 -0.223 -0.116 0.032 0.108 0.162 0.207 0.256 0.151 0.081 0.137 0.113 -0.018 0.014 0.247 0.463 0.582 0.647 0.726 0.806 0.853 0.912 0.959 0.987 1.001 0.976 0.854 0.839 0.812 0.79 0.776 0.748 0.746 0.759 0.742 0.731 0.729 0.656 0.617 0.597 0.57 0.588 0.715 0.884 0.87 0.756 0.656 0.581
-9 -9 -9 -9 -9 -9 -9 -9 -9 -9 0.586 0.601 0.53 0.387 0.404 0.421 0.375 0.261 0.128 0.048 0.059 0.077 0 -0.036 -0.043 -0.044 -0.091 -0.151 -0.242 -0.141 0.038 0.128 0.169 0.218 0.246 0.24 0.077 0.012 0.09 0.023 0.045 0.205 0.438 0.555 0.642 0.715 0.79 0.845 0.881 0.953 0.988 0.946 0.984 0.957 0.825 0.83 0.817 0.808 0.782 0.761 0.755 0.756 0.719 0.716 0.696 0.615 0.598 0.606 0.635 0.681 0.774 0.879 0.757 0.663 0.627 0.543
-9 -9 -9 -9 -9 -9 -9 -9 -9 0.471 0.443 0.479 0.513 0.494 0.449 0.366 0.275 0.127 0.021 -0.011 0.023 0.068 0.014 -0.044 -0.097 -0.106 -0.177 -0.204 -0.153 0.02 0.115 0.154 0.223 0.263 0.219 0.08 -0.114 -0.186 0.014 0.108 0.209 0.388 0.539 0.619 0.706 0.783 0.814 0.847 0.878 0.933 0.975 0.982 1.018 0.907 0.819 0.835 0.819 0.816 0.799 0.776 0.765 0.734 0.695 0.687 0.651 0.584 0.566 0.595 0.678 0.729 0.813 0.854 0.78 0.687 0.646 0.533
-9 -9 -9 -9 -9 -9 -9 -9 0.47 0.421 0.407 0.429 0.471 0.497 0.421 0.326 0.183 0.084 0.011 -0.001 0.021 0.089 0.013 -0.067 -0.117 -0.163 -0.196 -0.127 -0.025 0.091 0.159 0.23 0.253 0.192 -0.06 -0.143 -0.188 -0.181 0.049 0.211 0.353 0.486 0.602 0.695 0.768 0.798 0.813 0.888 0.85 0.879 0.912 0.982 1.011 0.862 0.835 0.838 0.819 0.818 0.796 0.779 0.754 0.705 0.679 0.631 0.608 0.523 0.506 0.574 0.67 0.75 0.785 0.791 0.78 0.74 0.663 0.541
