data/climatemaps/RS_maps/climate_winter_tmin_2018.asc
NCOLS 369 
NROWS 228 
XLLCORNER 479000 
YLLCORNER 73000 
CELLSIZE 1000 
NODATA_value -9 
[rows 34 to 67 of 228, columns 231 to 307 of 369]
1.07 1.051 1.024 1.026 1.019 1.004 0.998 1.005 1.039 1.053 1.051 1.052 1.062 1.052 1.054 1.065 1.073 1.065 1.084 1.082 1.078 1.069 1.057 1.044 1.022 1.01 0.999 1.013 1.021 1.027 1.03 1.03 1.041 1.049 1.049 1.048 1.052 1.054 1.061 1.056 1.054 1.052 1.049 1.046 1.04 1.035 1.03 1.025 1.025 1.019 1.016 1.015 1.009 1.001 0.997 0.994 0.99 0.983 0.983 0.981 0.973 0.969 0.967 0.959 0.886 0.701 0.533 -9 -9 -9 -9 -9 -9 -9 -9 -9 -9
1.057 1.065 1.051 1.047 1.009 0.977 1.01 1.057 1.075 1.074 1.06 1.06 1.046 1.028 1.032 1.024 1.055 1.049 1.062 1.068 1.074 1.065 1.056 1.018 1.004 0.992 0.994 1.004 1 1.001 1.007 1.01 1.022 1.027 1.029 1.031 1.038 1.039 1.043 1.049 1.049 1.049 1.042 1.038 1.033 1.032 1.026 1.021 1.021 1.015 1.014 1.009 1 0.995 0.994 0.994 0.985 0.983 0.978 0.972 0.972 0.967 0.965 0.962 0.868 0.649 0.497 -9 -9 -9 -9 -9 -9 -9 -9 -9 -9
1.047 1.072 1.077 1.072 1.062 1.056 1.066 1.077 1.073 1.061 1.05 1.03 1.002 1 1.003 1.007 1.018 1.018 1.027 1.031 1.017 1.023 1.047 1.012 0.989 0.986 0.999 1.006 1.004 0.995 0.997 0.999 1.005 1.012 1.022 1.031 1.031 1.031 1.033 1.036 1.04 1.042 1.033 1.032 1.029 1.022 1.021 1.02 1.016 1.01 1.005 1.001 0.994 0.994 0.989 0.983 0.983 0.976 0.973 0.97 0.965 0.965 0.957 0.958 0.885 0.626 0.497 0.586 -9 -9 -9 -9 -9 -9 -9 -9 -9
1.044 1.063 1.068 1.061 1.068 1.072 1.064 1.056 1.043 1.039 1.012 0.986 0.967 0.945 0.931 0.958 0.979 0.979 0.982 0.982 0.99 0.99 1.009 1.023 0.986 0.988 1.009 1.013 1.006 0.994 0.986 0.984 0.98 0.987 0.995 1.007 1.019 1.028 1.031 1.034 1.032 1.033 1.031 1.027 1.021 1.02 1.02 1.009 1.009 1.004 0.999 0.994 0.993 0.989 0.983 0.982 0.977 0.972 0.971 0.965 0.957 0.953 0.952 0.934 0.86 0.62 0.569 0.707 0.725 -9 -9 -9 -9 -9 -9 -9 -9
1.029 1.043 1.053 1.066 1.056 1.045 1.037 1.038 1.035 1.013 0.983 0.943 0.934 0.919 0.894 0.936 0.95 0.944 0.941 0.948 0.972 0.975 0.983 1.023 1.007 1.019 1.011 0.996 0.987 0.991 0.985 0.976 0.964 0.957 0.956 0.961 0.98 1 1.013 1.025 1.022 1.024 1.022 1.021 1.02 1.015 1.007 1.004 1 0.993 0.993 0.993 0.987 0.982 0.981 0.977 0.973 0.967 0.965 0.962 0.955 0.944 0.939 0.912 0.808 0.701 0.715 0.798 0.799 -9 -9 -9 -9 -9 -9 -9 -9
1.015 1.006 1.043 1.052 1.053 1.046 1.042 1.036 1.02 1.005 0.949 0.945 0.918 0.888 0.923 0.958 0.918 0.921 0.925 0.934 0.969 0.968 0.971 1.011 1.025 1.001 0.971 0.961 0.948 0.96 0.96 0.96 0.948 0.93 0.927 0.927 0.935 0.952 0.97 0.983 0.992 1.004 1.01 1.01 1.01 1.009 1.001 0.997 0.993 0.986 0.986 0.983 0.981 0.976 0.973 0.969 0.966 0.961 0.956 0.952 0.95 0.941 0.928 0.919 0.864 0.831 0.812 0.792 0.691 -9 -9 -9 -9 -9 -9 -9 -9
1.007 1.003 0.984 1.006 1.028 1.035 1.036 1.041 1.022 1.014 0.97 0.937 0.931 0.929 0.948 0.963 0.928 0.948 0.953 0.963 0.975 0.966 0.969 1.009 1.003 0.96 0.953 0.943 0.933 0.934 0.925 0.929 0.934 0.938 0.922 0.907 0.907 0.915 0.931 0.939 0.948 0.971 0.983 0.992 0.996 0.992 0.974 0.955 0.954 0.962 0.965 0.971 0.97 0.968 0.962 0.96 0.959 0.952 0.949 0.946 0.941 0.936 0.926 0.923 0.891 0.807 0.712 0.636 0.534 -9 -9 -9 -9 -9 -9 -9 -9
0.987 0.992 0.955 0.942 0.979 1.006 1.024 1.031 1.027 1.01 0.967 0.931 0.951 0.941 0.962 0.99 0.977 0.987 0.987 0.973 0.962 0.965 0.996 1.007 0.987 0.956 0.948 0.932 0.917 0.905 0.875 0.873 0.885 0.903 0.913 0.901 0.89 0.891 0.905 0.908 0.924 0.941 0.946 0.94 0.937 0.899 0.86 0.83 0.86 0.911 0.928 0.946 0.952 0.958 0.957 0.954 0.951 0.949 0.945 0.94 0.936 0.931 0.925 0.921 0.871 0.757 0.653 0.558 0.497 0.584 -9 -9 -9 -9 -9 -9 -9
0.909 0.961 0.958 0.933 0.963 0.969 1.004 1.017 1.002 0.995 0.977 0.965 0.961 0.968 0.995 1.012 1.001 0.992 0.975 0.965 0.968 0.996 1.009 0.99 0.961 0.936 0.93 0.911 0.881 0.829 0.796 0.788 0.801 0.854 0.895 0.896 0.872 0.866 0.864 0.872 0.894 0.894 0.871 0.846 0.806 0.744 0.711 0.74 0.803 0.833 0.84 0.843 0.869 0.896 0.934 0.945 0.942 0.94 0.939 0.936 0.932 0.926 0.922 0.914 0.902 0.815 0.674 0.563 0.552 0.644 -9 -9 -9 -9 -9 -9 -9
0.885 0.908 0.942 0.97 0.973 0.979 0.994 0.971 0.961 0.973 0.978 0.981 0.998 1.002 0.999 0.997 1 1.002 0.99 0.988 0.996 0.99 0.962 0.951 0.932 0.905 0.901 0.887 0.827 0.779 0.742 0.713 0.734 0.809 0.88 0.87 0.801 0.814 0.832 0.845 0.866 0.816 0.75 0.723 0.663 0.618 0.649 0.703 0.714 0.705 0.701 0.684 0.711 0.767 0.841 0.889 0.929 0.932 0.932 0.932 0.924 0.921 0.92 0.91 0.9 0.846 0.75 0.679 0.666 0.618 -9 -9 -9 -9 -9 -9 -9
0.882 0.915 0.931 0.926 0.943 0.966 0.971 0.93 0.943 0.946 0.97 0.975 0.992 0.978 0.966 0.966 0.976 0.988 0.988 0.987 0.969 0.933 0.916 0.921 0.913 0.909 0.889 0.857 0.806 0.76 0.738 0.717 0.767 0.804 0.845 0.823 0.751 0.8 0.802 0.823 0.808 0.722 0.655 0.639 0.598 0.572 0.583 0.635 0.644 0.622 0.642 0.586 0.602 0.704 0.789 0.873 0.924 0.926 0.922 0.918 0.918 0.911 0.91 0.903 0.894 0.773 0.662 0.61 0.558 0.462 -9 -9 -9 -9 -9 -9 -9
0.833 0.862 0.894 0.901 0.917 0.957 0.953 0.922 0.926 0.913 0.936 0.942 0.969 0.958 0.941 0.931 0.908 0.948 0.962 0.96 0.941 0.904 0.901 0.899 0.896 0.899 0.874 0.845 0.8 0.742 0.737 0.694 0.761 0.801 0.847 0.795 0.775 0.796 0.772 0.763 0.785 0.724 0.696 0.614 0.547 0.503 0.521 0.575 0.585 0.566 0.614 0.597 0.654 0.786 0.879 0.915 0.92 0.916 0.915 0.915 0.907 0.903 0.897 0.892 0.878 0.73 0.522 0.406 0.352 0.313 -9 -9 -9 -9 -9 -9 -9
0.817 0.82 0.849 0.897 0.911 0.936 0.912 0.879 0.862 0.861 0.894 0.893 0.934 0.945 0.928 0.913 0.91 0.923 0.925 0.922 0.93 0.912 0.893 0.878 0.879 0.882 0.855 0.82 0.795 0.762 0.745 0.763 0.799 0.833 0.826 0.771 0.77 0.729 0.687 0.678 0.703 0.678 0.692 0.597 0.545 0.5 0.478 0.489 0.534 0.564 0.628 0.667 0.73 0.842 0.908 0.916 0.915 0.906 0.91 0.905 0.899 0.893 0.887 0.88 0.859 0.668 0.434 0.284 0.22 0.278 -9 -9 -9 -9 -9 -9 -9
0.799 0.802 0.832 0.865 0.88 0.901 0.867 0.843 0.823 0.842 0.866 0.866 0.901 0.935 0.887 0.86 0.86 0.867 0.88 0.876 0.892 0.884 0.883 0.862 0.867 0.862 0.847 0.827 0.803 0.777 0.764 0.818 0.831 0.825 0.767 0.743 0.703 0.654 0.623 0.587 0.577 0.593 0.657 0.617 0.568 0.502 0.47 0.432 0.454 0.498 0.547 0.635 0.708 0.805 0.871 0.905 0.904 0.904 0.899 0.898 0.893 0.882 0.872 0.86 0.824 0.67 0.458 0.313 0.152 0.16 -9 -9 -9 -9 -9 -9 -9
0.783 0.779 0.809 0.811 0.845 0.868 0.818 0.807 0.794 0.815 0.822 0.83 0.886 0.918 0.855 0.803 0.785 0.774 0.81 0.823 0.855 0.857 0.871 0.868 0.857 0.845 0.83 0.822 0.803 0.805 0.809 0.82 0.826 0.782 0.712 0.686 0.641 0.602 0.575 0.541 0.535 0.551 0.571 0.582 0.566 0.517 0.44 0.463 0.512 0.56 0.655 0.776 0.854 0.896 0.904 0.902 0.893 0.893 0.893 0.889 0.882 0.876 0.865 0.854 0.793 0.716 0.584 0.422 0.195 0.113 0.277 -9 -9 -9 -9 -9 -9
0.805 0.783 0.771 0.782 0.812 0.828 0.784 0.753 0.756 0.776 0.787 0.796 0.885 0.901 0.851 0.836 0.826 0.811 0.787 0.795 0.772 0.793 0.814 0.813 0.824 0.813 0.779 0.773 0.746 0.767 0.783 0.771 0.783 0.755 0.69 0.648 0.591 0.567 0.575 0.562 0.53 0.483 0.48 0.491 0.462 0.449 0.465 0.541 0.653 0.736 0.818 0.887 0.894 0.893 0.893 0.893 0.888 0.887 0.886 0.883 0.877 0.868 0.859 0.824 0.672 0.669 0.661 0.533 0.303 0.148 0.151 -9 -9 -9 -9 -9 -9
0.775 0.775 0.766 0.753 0.788 0.78 0.752 0.752 0.778 0.789 0.816 0.826 0.852 0.897 0.853 0.782 0.759 0.718 0.728 0.724 0.697 0.728 0.756 0.745 0.767 0.777 0.729 0.738 0.719 0.705 0.702 0.704 0.743 0.721 0.71 0.656 0.618 0.603 0.585 0.53 0.482 0.45 0.438 0.401 0.364 0.435 0.576 0.677 0.771 0.853 0.883 0.883 0.887 0.887 0.887 0.882 0.882 0.877 0.875 0.876 0.873 0.849 0.743 0.595 0.409 0.452 0.642 0.544 0.354 0.185 0.073 -9 -9 -9 -9 -9 -9
0.741 0.711 0.733 0.72 0.712 0.74 0.697 0.71 0.713 0.727 0.778 0.797 0.85 0.88 0.868 0.828 0.788 0.747 0.75 0.716 0.679 0.677 0.698 0.717 0.738 0.708 0.664 0.694 0.716 0.674 0.635 0.66 0.714 0.67 0.715 0.677 0.638 0.624 0.587 0.526 0.508 0.486 0.362 0.324 0.351 0.473 0.589 0.717 0.83 0.86 0.876 0.876 0.874 0.872 0.875 0.874 0.875 0.871 0.866 0.867 0.845 0.74 0.514 0.275 0.222 0.337 0.521 0.446 0.258 0.12 0.073 -9 -9 -9 -9 -9 -9
0.723 0.711 0.691 0.641 0.646 0.711 0.723 0.741 0.763 0.775 0.781 0.799 0.831 0.868 0.827 0.794 0.811 0.795 0.748 0.727 0.695 0.66 0.669 0.679 0.704 0.633 0.632 0.673 0.665 0.65 0.623 0.671 0.687 0.648 0.69 0.675 0.582 0.546 0.557 0.57 0.526 0.429 0.393 0.419 0.355 0.428 0.598 0.741 0.836 0.86 0.862 0.866 0.867 0.864 0.862 0.86 0.863 0.863 0.86 0.847 0.768 0.591 0.335 0.115 0.163 0.26 0.399 0.362 0.215 0.052 -0.056 -9 -9 -9 -9 -9 -9
0.776 0.732 0.698 0.603 0.629 0.657 0.722 0.731 0.763 0.735 0.755 0.751 0.793 0.852 0.784 0.721 0.746 0.794 0.756 0.729 0.69 0.664 0.647 0.614 0.678 0.609 0.61 0.64 0.6 0.631 0.657 0.658 0.639 0.634 0.671 0.668 0.571 0.528 0.463 0.446 0.468 0.473 0.472 0.442 0.426 0.489 0.625 0.77 0.846 0.853 0.86 0.86 0.862 0.853 0.853 0.855 0.853 0.852 0.854 0.815 0.672 0.457 0.182 0.025 0.143 0.286 0.338 0.238 0.097 -0.167 -9 -9 -9 -9 -9 -9 -9
0.774 0.774 0.733 0.647 0.658 0.623 0.63 0.667 0.717 0.652 0.703 0.728 0.779 0.833 0.781 0.693 0.69 0.787 0.71 0.694 0.672 0.659 0.589 0.568 0.623 0.607 0.575 0.581 0.591 0.632 0.652 0.609 0.538 0.52 0.604 0.659 0.638 0.569 0.528 0.446 0.445 0.486 0.46 0.404 0.38 0.462 0.602 0.75 0.837 0.842 0.847 0.852 0.85 0.844 0.841 0.844 0.843 0.837 0.807 0.622 0.42 0.252 0.047 0.124 0.275 0.269 0.223 0.092 -0.13 -0.263 -9 -9 -9 -9 -9 -9 -9
0.704 0.686 0.74 0.703 0.656 0.623 0.588 0.637 0.67 0.59 0.667 0.71 0.762 0.814 0.783 0.687 0.669 0.769 0.698 0.651 0.581 0.589 0.549 0.525 0.552 0.53 0.509 0.56 0.582 0.61 0.62 0.541 0.469 0.382 0.426 0.494 0.582 0.621 0.553 0.487 0.473 0.425 0.388 0.334 0.374 0.523 0.643 0.759 0.819 0.829 0.836 0.841 0.835 0.817 0.79 0.827 0.824 0.784 0.679 0.427 0.297 0.071 -0.067 0.134 0.265 0.117 0.022 -0.001 -0.142 -0.149 -9 -9 -9 -9 -9 -9 -9
0.616 0.631 0.71 0.699 0.646 0.572 0.563 0.641 0.583 0.565 0.641 0.704 0.744 0.782 0.77 0.653 0.629 0.738 0.667 0.581 0.512 0.52 0.586 0.548 0.512 0.543 0.55 0.544 0.542 0.578 0.582 0.48 0.37 0.376 0.442 0.464 0.497 0.579 0.596 0.55 0.491 0.448 0.45 0.424 0.451 0.533 0.641 0.748 0.797 0.804 0.831 0.833 0.825 0.813 0.783 0.816 0.783 0.685 0.531 0.352 0.166 -0.023 -0.121 -0.01 0.172 0.026 -0.229 -0.184 -0.117 0.018 -9 -9 -9 -9 -9 -9 -9
0.582 0.646 0.662 0.646 0.582 0.548 0.487 0.547 0.549 0.606 0.639 0.643 0.682 0.747 0.761 0.648 0.567 0.675 0.703 0.67 0.626 0.609 0.573 0.55 0.578 0.572 0.512 0.435 0.447 0.533 0.561 0.482 0.434 0.466 0.495 0.495 0.49 0.489 0.54 0.558 0.529 0.483 0.409 0.349 0.322 0.381 0.528 0.636 0.719 0.768 0.822 0.823 0.822 0.822 0.805 0.797 0.708 0.624 0.499 0.352 0.239 0.036 -0.069 -0.05 0.057 -0.008 -0.255 -0.112 -0.069 -9 -9 -9 -9 -9 -9 -9 -9
0.597 0.668 0.62 0.577 0.583 0.498 0.427 0.481 0.58 0.635 0.568 0.552 0.638 0.688 0.765 0.623 0.508 0.551 0.643 0.688 0.655 0.639 0.606 0.606 0.584 0.495 0.39 0.409 0.45 0.542 0.543 0.496 0.492 0.496 0.413 0.394 0.404 0.345 0.382 0.478 0.522 0.451 0.337 0.213 0.14 0.25 0.38 0.529 0.63 0.757 0.813 0.812 0.809 0.805 0.799 0.751 0.716 0.666 0.536 0.421 0.259 0.166 0.222 0.112 -0.028 -0.05 -0.297 -0.144 -9 -9 -9 -9 -9 -9 -9 -9 -9
0.611 0.674 0.585 0.485 0.538 0.526 0.409 0.423 0.537 0.539 0.455 0.533 0.61 0.69 0.74 0.587 0.49 0.52 0.565 0.598 0.626 0.646 0.621 0.547 0.469 0.402 0.386 0.441 0.533 0.535 0.445 0.362 0.393 0.408 0.313 0.262 0.296 0.254 0.295 0.403 0.484 0.447 0.364 0.239 0.135 0.121 0.187 0.442 0.588 0.755 0.794 0.803 0.8 0.796 0.79 0.779 0.758 0.713 0.569 0.38 0.439 0.396 0.338 0.217 0.07 -0.068 -0.352 -0.447 -9 -9 -9 -9 -9 -9 -9 -9 -9
0.608 0.694 0.599 0.448 0.512 0.476 0.451 0.436 0.42 0.423 0.395 0.486 0.55 0.623 0.757 0.648 0.565 0.516 0.5 0.574 0.578 0.55 0.585 0.478 0.462 0.431 0.36 0.402 0.547 0.467 0.348 0.309 0.311 0.233 0.211 0.182 0.255 0.278 0.351 0.364 0.42 0.416 0.388 0.273 0.107 -0.029 0.143 0.459 0.709 0.785 0.784 0.793 0.794 0.785 0.78 0.764 0.757 0.709 0.625 0.533 0.39 0.166 0.066 0.175 0.148 -0.07 -0.359 -9 -9 -9 -9 -9 -9 -9 -9 -9 -9
0.604 0.702 0.639 0.502 0.509 0.382 0.407 0.496 0.401 0.332 0.4 0.495 0.573 0.646 0.741 0.691 0.609 0.556 0.532 0.499 0.478 0.519 0.561 0.479 0.433 0.352 0.291 0.348 0.516 0.407 0.256 0.215 0.14 0.073 0.158 0.239 0.313 0.291 0.21 0.186 0.403 0.301 0.31 0.23 -0.026 -0.045 0.336 0.619 0.771 0.784 0.77 0.779 0.778 0.774 0.767 0.758 0.744 0.724 0.644 0.491 0.329 0.171 0.019 -0.004 -0.01 -0.223 -9 -9 -9 -9 -9 -9 -9 -9 -9 -9 -9
0.6 0.714 0.673 0.574 0.445 0.406 0.538 0.569 0.497 0.337 0.356 0.376 0.463 0.544 0.691 0.732 0.642 0.521 0.425 0.379 0.393 0.439 0.515 0.398 0.342 0.287 0.226 0.247 0.41 0.359 0.167 0.123 0.085 0.13 0.206 0.24 0.213 0.012 -0.043 0.186 0.286 -0.017 0.017 0.105 -0.047 0.093 0.512 0.747 0.774 0.772 0.763 0.759 0.772 0.765 0.76 0.752 0.736 0.711 0.598 0.412 0.207 0.108 0.018 -0.077 -9 -9 -9 -9 -9 -9 -9 -9 -9 -9 -9 -9 -9
0.683 0.756 0.673 0.553 0.464 0.513 0.621 0.547 0.392 0.342 0.479 0.502 0.522 0.617 0.635 0.701 0.693 0.561 0.425 0.354 0.351 0.366 0.456 0.417 0.359 0.265 0.156 0.152 0.225 0.319 0.254 0.211 0.138 0.119 0.1 0.025 -0.108 -0.098 0.076 0.116 -0.025 -0.063 0.05 -0.043 0.077 0.457 0.704 0.762 0.767 0.762 0.757 0.751 0.751 0.758 0.754 0.748 0.719 0.65 0.565 0.431 0.334 0.223 0.119 0.073 -9 -9 -9 -9 -9 -9 -9 -9 -9 -9 -9 -9 -9
0.768 0.778 0.719 0.669 0.556 0.582 0.641 0.487 0.483 0.516 0.529 0.57 0.601 0.558 0.486 0.611 0.714 0.644 0.526 0.438 0.381 0.375 0.37 0.267 0.304 0.276 0.227 0.223 0.117 0.193 0.279 0.19 0.125 0.004 -0.244 -0.379 -0.212 0.034 -0.164 -0.226 -0.051 -0.02 -0.145 0.041 0.382 0.666 0.753 0.766 0.762 0.76 0.752 0.744 0.744 0.734 0.738 0.699 0.657 0.655 0.488 0.341 0.309 0.303 0.268 -9 -9 -9 -9 -9 -9 -9 -9 -9 -9 -9 -9 -9 -9
0.695 0.703 0.756 0.751 0.687 0.687 0.653 0.591 0.591 0.531 0.566 0.577 0.521 0.401 0.335 0.459 0.624 0.677 0.642 0.56 0.487 0.414 0.309 0.186 0.168 0.208 0.21 0.198 0.123 0.131 0.19 0.117 0.004 -0.307 -0.558 -0.429 -0.251 -0.163 -0.379 -0.207 -0.114 -0.227 0.062 0.434 0.672 0.735 0.756 0.755 0.759 0.75 0.735 0.71 0.733 0.668 0.701 0.596 0.61 0.664 0.424 0.247 0.13 0.043 -9 -9 -9 -9 -9 -9 -9 -9 -9 -9 -9 -9 -9 -9 -9
0.787 0.787 0.788 0.774 0.748 0.736 0.728 0.7 0.646 0.611 0.583 0.492 0.391 0.286 0.258 0.372 0.482 0.587 0.617 0.608 0.585 0.504 0.352 0.262 0.293 0.327 0.316 0.284 0.229 0.221 0.163 0.011 -0.352 -0.519 -0.65 -0.46 -0.402 -0.394 -0.278 -0.369 -0.159 0.127 0.474 0.692 0.745 0.737 0.745 0.745 0.744 0.723 0.648 0.659 0.718 0.667 0.654 0.583 0.631 0.619 0.46 0.351 0.188 -0.088 -9 -9 -9 -9 -9 -9 -9 -9 -9 -9 -9 -9 -9 -9 -9
0.846 0.833 0.823 0.828 0.821 0.798 0.768 0.752 0.722 0.683 0.595 0.446 0.355 0.274 0.241 0.29 0.357 0.468 0.483 0.452 0.537 0.572 0.49 0.429 0.419 0.335 0.3 0.254 0.268 0.193 0.124 -0.204 -0.385 -0.243 -0.329 -0.621 -0.602 -0.492 -0.539 -0.318 0.147 0.459 0.636 0.735 0.75 0.742 0.74 0.727 0.703 0.638 0.611 0.698 0.684 0.66 0.645 0.639 0.636 0.611 0.602 0.534 0.371 -9 -9 -9 -9 -9 -9 -9 -9 -9 -9 -9 -9 -9 -9 -9 -9
