data/climatemaps/RS_maps/climate_winter_tmin_2010.asc
NCOLS 369 
NROWS 228 
XLLCORNER 479000 
YLLCORNER 73000 
CELLSIZE 1000 
NODATA_value -9 
[rows 0 to 33 of 228, columns 231 to 307 of 369]
-9 -9 -9 -9 -9 -9 -9 -9 -9 -9 -9 -9 -9 -9 -9 -9 -9 -9 -9 -9 -9 -9 -9 -9 -9 -9 -9 -9 -9 -9 -9 -9 -9 -9 -9 -9 -9 -9 -9 -9 -9 -9 -9 -9 -9 -9 -9 -9 -9 -9 -9 -9 -9 -9 -9 -9 -9 -9 -9 -9 -9 -9 -9 -9 -9 -9 -9 -9 -9 -9 -9 -9 -9 -9 -9 -9 -9
-9 -9 -9 -9 -9 -9 -9 -9 -9 -9 -9 -9 -9 -9 -9 -9 -9 -9 -9 -9 -9 -9 -9 -9 -9 -9 -9 -9 -9 -9 -9 -9 -9 -9 -9 -9 -9 -9 -9 -9 -9 -9 -9 -9 -9 -9 -9 -9 -9 -9 -9 -9 -9 -9 -9 -9 -9 -9 -9 -9 -9 -9 -9 -9 -9 -9 -9 -9 -9 -9 -9 -9 -9 -9 -9 -9 -9
-9 -9 -9 -9 -9 -9 -9 -9 -9 -9 -9 -9 -9 -9 -9 -9 -9 -9 -9 -9 -9 -9 -9 -9 -9 -9 -9 -9 -9 -9 -9 -9 -9 -9 -9 -9 -9 -9 -9 -9 -9 -9 -9 -9 -9 -9 -9 -9 -9 -9 -9 -9 -9 -9 -9 -9 -9 -9 -9 -9 -9 -9 -9 -9 -9 -9 -9 -9 -9 -9 -9 -9 -9 -9 -9 -9 -9
0.637 -9 -9 -9 -9 -9 -9 -9 -9 -9 -9 -9 -9 -9 -9 -9 -9 -9 -9 -9 -9 -9 -9 -9 -9 -9 -9 -9 -9 -9 -9 -9 -9 -9 -9 -9 -9 -9 -9 -9 -9 -9 -9 -9 -9 -9 -9 -9 -9 -9 -9 -9 -9 -9 -9 -9 -9 -9 -9 -9 -9 -9 -9 -9 -9 -9 -9 -9 -9 -9 -9 -9 -9 -9 -9 -9 -9
0.654 0.615 -9 -9 -9 -9 -9 -9 -9 -9 -9 -9 -9 -9 -9 -9 -9 -9 -9 -9 -9 -9 -9 -9 -9 -9 -9 -9 -9 -9 -9 -9 -9 -9 -9 -9 -9 -9 -9 -9 -9 -9 -9 -9 -9 -9 -9 -9 -9 -9 -9 -9 -9 -9 -9 -9 -9 -9 -9 -9 -9 -9 -9 -9 -9 -9 -9 -9 -9 -9 -9 -9 -9 -9 -9 -9 -9
0.663 0.656 0.626 -9 -9 -9 -9 -9 -9 -9 -9 -9 -9 -9 -9 -9 -9 -9 -9 -9 -9 -9 -9 -9 -9 -9 -9 -9 -9 -9 -9 -9 -9 -9 -9 -9 -9 -9 -9 -9 -9 -9 -9 -9 -9 -9 -9 -9 -9 -9 -9 -9 -9 -9 -9 -9 -9 -9 -9 -9 -9 -9 -9 -9 -9 -9 -9 -9 -9 -9 -9 -9 -9 -9 -9 -9 -9
0.66 0.671 0.634 0.609 -9 0.661 0.6 0.607 0.606 0.603 0.646 0.689 0.689 0.689 0.68 0.659 -9 -9 -9 -9 -9 -9 -9 -9 -9 -9 -9 -9 -9 -9 -9 -9 -9 -9 -9 -9 -9 -9 -9 -9 -9 -9 -9 -9 -9 -9 -9 -9 -9 -9 -9 -9 -9 -9 -9 -9 -9 -9 -9 -9 -9 -9 -9 -9 -9 -9 -9 -9 -9 -9 -9 -9 -9 -9 -9 -9 -9
0.676 0.68 0.658 0.643 0.656 0.657 0.61 0.602 0.608 0.585 0.598 0.655 0.69 0.693 0.69 0.685 0.662 0.642 0.636 0.634 -9 -9 -9 -9 -9 -9 -9 -9 -9 -9 -9 -9 -9 -9 -9 -9 -9 -9 -9 -9 -9 -9 -9 -9 -9 -9 -9 -9 -9 -9 -9 -9 -9 -9 -9 -9 -9 -9 -9 -9 -9 -9 -9 -9 -9 -9 -9 -9 -9 -9 -9 -9 -9 -9 -9 -9 -9
0.683 0.687 0.682 0.675 0.675 0.674 0.662 0.638 0.636 0.618 0.603 0.615 0.652 0.686 0.693 0.688 0.686 0.674 0.668 0.663 0.644 0.641 0.648 0.646 0.636 0.634 0.634 0.644 0.657 -9 -9 -9 -9 -9 -9 -9 -9 -9 -9 -9 -9 -9 -9 -9 -9 -9 -9 -9 -9 -9 -9 -9 -9 -9 -9 -9 -9 -9 -9 -9 -9 -9 -9 -9 -9 -9 -9 -9 -9 -9 -9 -9 -9 -9 -9 -9 -9
0.692 0.695 0.696 0.691 0.688 0.68 0.687 0.681 0.665 0.651 0.634 0.627 0.632 0.648 0.664 0.689 0.693 0.687 0.687 0.685 0.665 0.653 0.655 0.666 0.656 0.655 0.643 0.652 0.662 0.663 0.653 0.632 0.611 -9 -9 -9 -9 -9 -9 -9 -9 -9 -9 -9 -9 -9 -9 -9 -9 -9 -9 -9 -9 -9 -9 -9 -9 -9 -9 -9 -9 -9 -9 -9 -9 -9 -9 -9 -9 -9 -9 -9 -9 -9 -9 -9 -9
0.699 0.705 0.703 0.702 0.705 0.693 0.693 0.699 0.694 0.693 0.683 0.668 0.65 0.641 0.639 0.655 0.683 0.693 0.694 0.689 0.688 0.684 0.664 0.659 0.654 0.659 0.652 0.654 0.662 0.667 0.667 0.659 0.636 0.624 0.622 -9 -9 -9 -9 -9 -9 -9 -9 -9 -9 -9 -9 -9 -9 -9 -9 -9 -9 -9 -9 -9 -9 -9 -9 -9 -9 -9 -9 -9 -9 -9 -9 -9 -9 -9 -9 -9 -9 -9 -9 -9 -9
0.71 0.713 0.716 0.712 0.713 0.711 0.707 0.704 0.691 0.685 0.689 0.677 0.657 0.642 0.631 0.647 0.669 0.69 0.698 0.698 0.699 0.699 0.686 0.678 0.671 0.67 0.669 0.666 0.664 0.667 0.667 0.669 0.655 0.638 0.63 0.608 0.569 -9 -9 -9 -9 -9 -9 -9 -9 -9 -9 -9 -9 -9 -9 -9 -9 -9 -9 -9 -9 -9 -9 -9 -9 -9 -9 -9 -9 -9 -9 -9 -9 -9 -9 -9 -9 -9 -9 -9 -9
0.719 0.719 0.72 0.719 0.722 0.715 0.719 0.715 0.695 0.686 0.684 0.694 0.679 0.679 0.673 0.673 0.671 0.674 0.685 0.691 0.699 0.699 0.697 0.694 0.686 0.678 0.672 0.674 0.672 0.672 0.667 0.672 0.672 0.656 0.648 0.633 0.606 0.582 0.572 -9 -9 -9 -9 -9 -9 -9 -9 -9 -9 -9 -9 -9 -9 -9 -9 -9 -9 -9 -9 -9 -9 -9 -9 -9 -9 -9 -9 -9 -9 -9 -9 -9 -9 -9 -9 -9 -9
0.72 0.72 0.721 0.725 0.725 0.725 0.722 0.72 0.72 0.716 0.705 0.697 0.7 0.694 0.676 0.677 0.668 0.657 0.666 0.676 0.699 0.699 0.698 0.694 0.688 0.668 0.648 0.65 0.67 0.678 0.673 0.676 0.678 0.673 0.667 0.66 0.653 0.637 0.633 0.65 0.663 -9 -9 -9 -9 -9 -9 -9 -9 -9 -9 -9 -9 -9 -9 -9 -9 -9 -9 -9 -9 -9 -9 -9 -9 -9 -9 -9 -9 -9 -9 -9 -9 -9 -9 -9 -9
0.73 0.724 0.722 0.73 0.73 0.726 0.729 0.73 0.726 0.725 0.725 0.712 0.709 0.697 0.688 0.675 0.663 0.662 0.659 0.665 0.699 0.699 0.699 0.696 0.689 0.665 0.64 0.626 0.64 0.666 0.671 0.675 0.678 0.669 0.669 0.679 0.677 0.672 0.665 0.668 0.667 0.667 0.665 -9 -9 -9 -9 -9 -9 -9 -9 -9 -9 -9 -9 -9 -9 -9 -9 -9 -9 -9 -9 -9 -9 -9 -9 -9 -9 -9 -9 -9 -9 -9 -9 -9 -9
0.718 0.722 0.72 0.725 0.719 0.733 0.735 0.735 0.731 0.727 0.725 0.725 0.721 0.714 0.706 0.691 0.678 0.679 0.673 0.666 0.698 0.699 0.699 0.699 0.694 0.685 0.657 0.64 0.632 0.645 0.659 0.665 0.678 0.669 0.669 0.678 0.678 0.677 0.665 0.667 0.667 0.667 0.667 0.66 0.65 -9 -9 -9 -9 -9 -9 -9 -9 -9 -9 -9 -9 -9 -9 -9 -9 -9 -9 -9 -9 -9 -9 -9 -9 -9 -9 -9 -9 -9 -9 -9 -9
0.655 0.671 0.694 0.713 0.698 0.717 0.728 0.737 0.737 0.736 0.729 0.725 0.725 0.723 0.72 0.711 0.696 0.695 0.692 0.675 0.683 0.7 0.702 0.702 0.697 0.697 0.684 0.662 0.651 0.648 0.66 0.66 0.669 0.674 0.674 0.678 0.678 0.678 0.674 0.667 0.667 0.668 0.672 0.667 0.662 0.665 0.676 -9 -9 -9 -9 -9 -9 -9 -9 -9 -9 -9 -9 -9 -9 -9 -9 -9 -9 -9 -9 -9 -9 -9 -9 -9 -9 -9 -9 -9 -9
0.599 0.611 0.641 0.673 0.699 0.712 0.722 0.742 0.741 0.741 0.738 0.731 0.725 0.728 0.724 0.723 0.714 0.71 0.702 0.69 0.68 0.691 0.694 0.704 0.699 0.699 0.698 0.692 0.678 0.665 0.662 0.657 0.654 0.668 0.669 0.677 0.686 0.683 0.683 0.668 0.668 0.672 0.674 0.679 0.679 0.679 0.68 0.683 -9 -9 -9 -9 -9 -9 -9 -9 -9 -9 -9 -9 -9 -9 -9 -9 -9 -9 -9 -9 -9 -9 -9 -9 -9 -9 -9 -9 -9
0.609 0.603 0.629 0.662 0.699 0.726 0.74 0.748 0.744 0.741 0.741 0.74 0.731 0.733 0.733 0.729 0.722 0.718 0.711 0.706 0.694 0.691 0.693 0.704 0.699 0.699 0.699 0.699 0.694 0.69 0.679 0.67 0.667 0.674 0.678 0.679 0.692 0.685 0.684 0.672 0.672 0.674 0.678 0.685 0.684 0.683 0.681 0.683 0.677 0.675 -9 -9 -9 -9 -9 -9 -9 -9 -9 -9 -9 -9 -9 -9 -9 -9 -9 -9 -9 -9 -9 -9 -9 -9 -9 -9 -9
0.644 0.651 0.676 0.703 0.729 0.744 0.748 0.739 0.732 0.724 0.724 0.724 0.73 0.736 0.736 0.734 0.728 0.723 0.716 0.714 0.708 0.7 0.689 0.705 0.702 0.699 0.699 0.699 0.696 0.699 0.699 0.695 0.684 0.684 0.689 0.69 0.696 0.699 0.693 0.677 0.676 0.68 0.681 0.688 0.687 0.683 0.681 0.685 0.678 0.678 0.668 -9 -9 -9 -9 -9 -9 -9 -9 -9 -9 -9 -9 -9 -9 -9 -9 -9 -9 -9 -9 -9 -9 -9 -9 -9 -9
0.688 0.702 0.726 0.744 0.754 0.75 0.731 0.698 0.683 0.674 0.673 0.688 0.704 0.714 0.718 0.727 0.728 0.729 0.723 0.715 0.714 0.711 0.707 0.709 0.707 0.699 0.704 0.699 0.701 0.699 0.699 0.699 0.699 0.695 0.695 0.699 0.699 0.7 0.702 0.692 0.688 0.683 0.688 0.69 0.69 0.684 0.678 0.682 0.678 0.678 0.665 0.642 -9 -9 -9 -9 -9 -9 -9 -9 -9 -9 -9 -9 -9 -9 -9 -9 -9 -9 -9 -9 -9 -9 -9 -9 -9
0.733 0.748 0.757 0.75 0.737 0.722 0.692 0.647 0.623 0.615 0.62 0.647 0.67 0.68 0.687 0.692 0.711 0.717 0.716 0.715 0.715 0.718 0.715 0.715 0.713 0.7 0.701 0.704 0.699 0.699 0.699 0.699 0.7 0.701 0.699 0.699 0.699 0.704 0.702 0.697 0.694 0.695 0.694 0.695 0.693 0.685 0.678 0.679 0.678 0.674 0.659 0.635 0.617 -9 -9 -9 -9 -9 -9 -9 -9 -9 -9 -9 -9 -9 -9 -9 -9 -9 -9 -9 -9 -9 -9 -9 -9
0.757 0.75 0.717 0.699 0.69 0.687 0.667 0.62 0.606 0.601 0.616 0.626 0.644 0.657 0.664 0.663 0.678 0.689 0.699 0.704 0.704 0.71 0.714 0.713 0.709 0.706 0.704 0.703 0.699 0.699 0.7 0.701 0.703 0.699 0.699 0.699 0.702 0.702 0.699 0.694 0.696 0.699 0.699 0.697 0.697 0.688 0.681 0.681 0.676 0.668 0.66 0.642 0.633 0.634 0.644 -9 -9 -9 -9 -9 -9 -9 -9 -9 -9 -9 -9 -9 -9 -9 -9 -9 -9 -9 -9 -9 -9
0.718 0.708 0.664 0.667 0.677 0.678 0.671 0.645 0.639 0.64 0.65 0.653 0.646 0.647 0.648 0.657 0.658 0.662 0.669 0.673 0.684 0.689 0.695 0.698 0.706 0.705 0.704 0.701 0.699 0.699 0.703 0.704 0.699 0.699 0.699 0.699 0.701 0.697 0.697 0.697 0.699 0.699 0.696 0.696 0.699 0.693 0.69 0.684 0.677 0.667 0.665 0.665 0.666 0.663 0.641 0.64 -9 -9 -9 -9 -9 -9 -9 -9 -9 -9 -9 -9 -9 -9 -9 -9 -9 -9 -9 -9 -9
0.687 0.683 0.657 0.673 0.691 0.691 0.677 0.671 0.67 0.675 0.671 0.669 0.662 0.662 0.657 0.658 0.651 0.652 0.655 0.661 0.657 0.669 0.669 0.678 0.686 0.696 0.699 0.702 0.7 0.701 0.704 0.703 0.699 0.7 0.702 0.7 0.701 0.694 0.698 0.699 0.699 0.699 0.698 0.697 0.695 0.694 0.693 0.684 0.671 0.672 0.675 0.676 0.647 0.629 0.631 0.618 0.62 0.615 -9 -9 -9 -9 -9 -9 -9 -9 -9 -9 -9 -9 -9 -9 -9 -9 -9 -9 -9
0.656 0.685 0.684 0.696 0.708 0.705 0.702 0.703 0.706 0.699 0.694 0.695 0.69 0.679 0.674 0.675 0.665 0.665 0.661 0.657 0.649 0.652 0.652 0.656 0.663 0.676 0.683 0.691 0.695 0.704 0.703 0.703 0.699 0.703 0.704 0.7 0.697 0.697 0.699 0.699 0.699 0.699 0.699 0.694 0.694 0.694 0.697 0.688 0.681 0.682 0.678 0.672 0.651 0.636 0.631 0.626 0.626 0.626 0.621 -9 -9 -9 -9 -9 -9 -9 -9 -9 -9 -9 -9 -9 -9 -9 -9 -9 -9
0.659 0.707 0.708 0.721 0.725 0.728 0.731 0.731 0.742 0.742 0.733 0.724 0.707 0.7 0.691 0.692 0.685 0.68 0.669 0.657 0.644 0.635 0.636 0.64 0.649 0.657 0.666 0.676 0.686 0.695 0.697 0.701 0.699 0.701 0.7 0.695 0.694 0.699 0.699 0.699 0.699 0.698 0.694 0.695 0.694 0.699 0.693 0.688 0.687 0.679 0.678 0.678 0.667 0.647 0.639 0.632 0.63 0.63 0.628 -9 -9 -9 -9 -9 -9 -9 -9 -9 -9 -9 -9 -9 -9 -9 -9 -9 -9
0.73 0.724 0.738 0.755 0.753 0.76 0.763 0.76 0.767 0.758 0.75 0.741 0.725 0.715 0.704 0.698 0.687 0.677 0.665 0.653 0.64 0.627 0.629 0.632 0.633 0.641 0.651 0.656 0.673 0.678 0.688 0.695 0.699 0.699 0.695 0.694 0.698 0.699 0.699 0.703 0.697 0.694 0.694 0.695 0.699 0.693 0.688 0.689 0.688 0.684 0.683 0.684 0.677 0.657 0.65 0.645 0.639 0.638 0.638 0.628 -9 -9 -9 -9 -9 -9 -9 -9 -9 -9 -9 -9 -9 -9 -9 -9 -9
0.76 0.755 0.771 0.775 0.783 0.783 0.778 0.773 0.773 0.769 0.759 0.755 0.744 0.716 0.683 0.665 0.653 0.642 0.64 0.644 0.638 0.63 0.63 0.63 0.625 0.635 0.642 0.641 0.652 0.657 0.668 0.682 0.689 0.698 0.694 0.698 0.699 0.699 0.697 0.693 0.694 0.694 0.694 0.698 0.694 0.691 0.689 0.692 0.692 0.687 0.685 0.688 0.683 0.665 0.663 0.656 0.652 0.645 0.643 0.634 0.623 -9 -9 -9 -9 -9 -9 -9 -9 -9 -9 -9 -9 -9 -9 -9 -9
0.769 0.78 0.783 0.784 0.784 0.782 0.778 0.768 0.768 0.771 0.767 0.761 0.753 0.732 0.674 0.64 0.622 0.615 0.619 0.64 0.644 0.64 0.64 0.637 0.636 0.643 0.645 0.644 0.646 0.647 0.657 0.664 0.672 0.682 0.693 0.699 0.699 0.699 0.698 0.694 0.694 0.694 0.698 0.693 0.689 0.69 0.694 0.693 0.687 0.686 0.688 0.686 0.684 0.679 0.677 0.673 0.664 0.657 0.656 0.653 0.644 -9 -9 -9 -9 -9 -9 -9 -9 -9 -9 -9 -9 -9 -9 -9 -9
0.791 0.794 0.788 0.783 0.774 0.756 0.744 0.739 0.739 0.743 0.752 0.752 0.752 0.749 0.73 0.69 0.663 0.655 0.652 0.663 0.668 0.66 0.657 0.652 0.653 0.653 0.646 0.649 0.656 0.66 0.661 0.662 0.66 0.668 0.68 0.687 0.698 0.693 0.694 0.694 0.694 0.697 0.692 0.692 0.689 0.691 0.692 0.688 0.683 0.688 0.688 0.686 0.687 0.688 0.686 0.683 0.674 0.672 0.673 0.667 0.666 -9 -9 -9 -9 -9 -9 -9 -9 -9 -9 -9 -9 -9 -9 -9 -9
0.789 0.78 0.765 0.746 0.711 0.687 0.675 0.685 0.697 0.702 0.72 0.741 0.745 0.748 0.746 0.731 0.717 0.709 0.702 0.698 0.692 0.683 0.67 0.669 0.662 0.661 0.669 0.665 0.666 0.666 0.667 0.667 0.662 0.668 0.68 0.685 0.688 0.691 0.694 0.694 0.693 0.692 0.688 0.688 0.692 0.693 0.687 0.685 0.686 0.687 0.686 0.688 0.688 0.685 0.688 0.688 0.684 0.682 0.682 0.678 0.68 0.674 0.662 -9 -9 -9 -9 -9 -9 -9 -9 -9 -9 -9 -9 -9 -9
0.776 0.742 0.719 0.695 0.664 0.655 0.646 0.655 0.681 0.693 0.708 0.724 0.727 0.736 0.736 0.736 0.73 0.722 0.715 0.71 0.7 0.688 0.672 0.677 0.676 0.672 0.672 0.677 0.677 0.672 0.669 0.677 0.672 0.674 0.682 0.688 0.688 0.694 0.693 0.692 0.691 0.688 0.688 0.69 0.692 0.688 0.686 0.688 0.688 0.684 0.687 0.688 0.688 0.687 0.686 0.688 0.691 0.683 0.683 0.683 0.688 0.684 0.681 0.668 -9 -9 -9 -9 -9 -9 -9 -9 -9 -9 -9 -9 -9
0.759 0.729 0.699 0.687 0.684 0.68 0.672 0.665 0.681 0.693 0.707 0.709 0.711 0.72 0.722 0.719 0.714 0.716 0.71 0.703 0.696 0.675 0.675 0.677 0.665 0.656 0.655 0.66 0.66 0.662 0.665 0.668 0.671 0.676 0.676 0.685 0.685 0.689 0.69 0.687 0.688 0.688 0.689 0.691 0.687 0.683 0.687 0.688 0.685 0.685 0.688 0.685 0.682 0.684 0.683 0.684 0.686 0.683 0.683 0.688 0.688 0.688 0.682 0.674 0.631 0.475 -9 -9 -9 -9 -9 -9 -9 -9 -9 -9 -9
