data/climatemaps/RS_maps/climate_postbreed_tmp_2007.asc
NCOLS 369 
NROWS 228 
XLLCORNER 479000 
YLLCORNER 73000 
CELLSIZE 1000 
NODATA_value -9 
[rows 170 to 203 of 228, columns 76 to 151 of 369]
-0.082 0.205 0.733 0.932 0.933 0.927 0.923 0.907 0.794 0.308 0.182 0.352 0.373 0.059 -0.203 -0.77 -1.023 -0.944 -0.975 -0.951 -0.946 -0.763 -0.593 -0.621 -0.523 -1.16 -1.852 -2.189 -2.211 -1.912 -1.896 -1.684 -1.536 -1.452 -1.565 -1.814 -1.874 -1.702 -1.722 -1.827 -1.929 -1.785 -1.484 -1.17 -0.829 -0.266 -0.719 -1.161 -1.014 -0.733 -0.497 -0.212 -0.121 0.056 -0.022 0.026 0.048 0 0.169 0.376 0.008 -0.171 -0.288 -0.066 -0.305 -0.348 -0.283 -0.186 0.372 0.061 -0.153 -0.253 -0.15 -0.141 -0.151 -0.417
-0.242 0.081 0.548 0.9 0.933 0.933 0.926 0.918 0.886 0.693 0.572 0.478 0.186 -0.308 -0.639 -0.787 -0.879 -0.901 -0.873 -0.771 -0.758 -0.87 -0.846 -1.09 -0.873 -1.322 -1.986 -2.271 -2.195 -2.009 -1.842 -1.676 -1.514 -1.277 -1.065 -1.388 -1.486 -1.36 -1.653 -1.474 -1.553 -1.429 -1.151 -0.834 -0.503 -0.041 -0.644 -0.762 -0.671 -0.429 -0.165 0.158 0.36 0.396 0.473 0.555 0.495 0.513 0.607 0.616 0.445 0.332 0.181 0.222 0.217 0.291 0.327 0.422 0.658 0.524 0.518 0.391 0.368 0.382 0.217 0.152
-0.306 0.039 0.46 0.789 0.934 0.937 0.936 0.928 0.906 0.787 0.548 0.392 0.034 -0.383 -0.512 -0.468 -0.653 -0.618 -0.568 -0.612 -0.682 -0.937 -1.228 -1.666 -1.74 -1.971 -2.334 -1.904 -1.837 -1.787 -1.696 -1.578 -1.566 -1.246 -0.794 -0.831 -0.88 -1.142 -1.67 -1.142 -1.151 -1.136 -0.788 -0.402 -0.062 -0.038 -0.446 -0.487 -0.371 -0.144 0.071 0.335 0.575 0.656 0.734 0.783 0.774 0.79 0.773 0.725 0.69 0.663 0.588 0.615 0.701 0.731 0.75 0.746 0.72 0.685 0.682 0.726 0.739 0.702 0.706 0.623
-0.553 -0.15 0.225 0.538 0.931 0.94 0.935 0.933 0.923 0.859 0.717 0.509 0.025 -0.169 -0.118 -0.255 -0.479 -0.441 -0.552 -0.783 -0.868 -0.968 -1.176 -1.529 -1.763 -1.956 -1.93 -1.315 -1.025 -1.119 -1.14 -1.36 -1.587 -1.375 -0.973 -0.606 -0.414 -1.11 -1.58 -0.937 -0.779 -0.772 -0.435 -0.098 0.16 -0.153 -0.333 -0.327 -0.176 0.088 0.396 0.596 0.737 0.789 0.82 0.816 0.783 0.722 0.67 0.628 0.621 0.708 0.763 0.766 0.677 0.678 0.496 0.44 0.34 0.208 0.247 0.429 0.554 0.606 0.66 0.684
-0.887 -0.457 -0.168 0.289 0.873 0.94 0.937 0.933 0.932 0.887 0.897 0.635 0.245 0.188 0.169 -0.067 -0.248 -0.356 -0.514 -0.676 -0.721 -0.685 -0.893 -1.118 -1.283 -1.377 -1.235 -0.846 -0.528 -0.581 -0.97 -1.456 -1.507 -1.292 -0.974 -0.565 -0.138 -0.93 -1.167 -0.645 -0.535 -0.421 -0.143 0.132 0.277 -0.053 -0.181 -0.106 0.061 0.311 0.644 0.791 0.837 0.839 0.734 0.545 0.375 0.123 0.128 0.394 0.216 0.407 0.525 0.434 0.303 0.442 0.044 -0.152 -0.287 -0.387 -0.23 -0.006 0.189 0.209 0.145 0.149
-0.963 -0.63 -0.477 0.069 0.669 0.909 0.941 0.939 0.938 0.915 0.916 0.776 0.519 0.454 0.181 -0.055 -0.088 -0.137 -0.254 -0.414 -0.605 -0.732 -1.086 -1.163 -1.223 -1.239 -1.066 -0.603 -0.444 -0.445 -1.042 -1.615 -1.408 -1.063 -0.658 -0.325 -0.007 -0.738 -0.685 -0.277 -0.24 -0.127 0.112 0.357 0.33 0.049 0.114 0.279 0.383 0.62 0.81 0.86 0.826 0.667 0.242 -0.13 -0.456 -0.506 -0.199 -0.034 -0.408 -0.165 -0.06 -0.214 -0.147 0.17 -0.393 -0.777 -0.91 -0.796 -0.486 -0.241 -0.117 -0.037 -0.191 -0.341
-0.857 -0.621 -0.7 -0.276 0.338 0.715 0.824 0.944 0.94 0.932 0.913 0.852 0.735 0.492 0.248 0.12 0.13 -0.184 -0.505 -0.727 -0.971 -1.109 -1.036 -1.265 -1.509 -1.564 -1.147 -0.757 -0.76 -0.242 -0.737 -1.443 -1.204 -0.761 -0.265 0.04 -0.127 -0.506 -0.238 0.065 0.041 0.141 0.338 0.554 0.261 0.272 0.53 0.694 0.753 0.845 0.88 0.775 0.508 0.476 -0.117 -0.407 -0.686 -0.828 -0.759 -0.645 -0.989 -0.9 -0.816 -0.981 -0.615 -0.106 -0.702 -1.301 -1.394 -1.151 -0.76 -0.513 -0.531 -0.334 -0.339 -0.542
-0.807 -0.795 -0.947 -0.641 -0.149 0.346 0.754 0.938 0.946 0.945 0.918 0.831 0.72 0.713 0.493 0.333 0.269 -0.256 -0.442 -0.639 -0.891 -0.901 -1.254 -1.618 -1.745 -1.413 -1.031 -1.31 -1.045 -0.171 -0.579 -1.206 -0.844 -0.338 -0.034 0.26 -0.136 -0.101 0.103 0.322 0.308 0.376 0.597 0.668 0.487 0.69 0.828 0.874 0.882 0.858 0.771 0.422 0.005 0.298 0.187 -0.18 -0.71 -1.219 -1.504 -1.201 -1.406 -1.314 -1.456 -1.434 -1.016 -0.467 -0.669 -1.48 -1.722 -1.401 -1.065 -0.825 -0.963 -0.799 -0.646 -0.805
-0.947 -0.854 -0.987 -0.741 -0.297 0.306 0.743 0.929 0.94 0.953 0.946 0.9 0.828 0.76 0.205 -0.134 0.016 -0.019 -0.092 -0.295 -0.501 -1.025 -1.614 -1.922 -1.696 -1.319 -1.38 -1.591 -0.994 -0.229 -0.369 -0.912 -0.482 -0.049 0.277 0.403 0.186 0.258 0.392 0.518 0.481 0.606 0.775 0.852 0.85 0.884 0.897 0.84 0.693 0.581 0.309 -0.056 -0.135 0.156 0.294 0.032 -0.783 -1.183 -1.509 -1.51 -1.641 -1.575 -1.805 -1.613 -1.26 -0.686 -0.774 -1.471 -1.855 -1.618 -1.153 -1.158 -1.38 -1.274 -1.005 -0.974
-0.63 -0.526 -0.563 -0.552 -0.104 0.436 0.719 0.827 0.887 0.93 0.956 0.937 0.902 0.756 0.084 -0.533 -0.564 -0.536 -0.678 -0.558 -1.212 -1.524 -1.819 -1.789 -1.58 -1.57 -1.836 -1.516 -1.062 -0.37 0.048 -0.368 -0.116 0.229 0.546 0.608 0.46 0.504 0.564 0.645 0.751 0.878 0.913 0.912 0.866 0.721 0.576 0.384 0.214 0.159 -0.262 -0.5 -0.444 -0.22 0.025 0.126 -0.478 -0.903 -1.372 -1.675 -1.882 -1.927 -1.865 -1.479 -1.291 -0.837 -0.976 -1.663 -1.852 -1.717 -1.309 -1.53 -1.811 -1.678 -1.24 -0.785
-0.418 -0.472 -0.376 -0.167 0.133 0.497 0.43 0.47 0.483 0.605 0.924 0.895 0.808 0.696 0.065 -0.685 -0.88 -1.072 -0.851 -0.636 -1.738 -2.077 -1.849 -1.657 -1.741 -1.841 -1.894 -1.702 -1.161 -0.457 0.254 0.062 0.392 0.551 0.741 0.781 0.699 0.67 0.803 0.865 0.925 0.92 0.904 0.708 0.258 0.093 0.142 -0.227 -0.433 -0.182 -0.527 -0.953 -0.744 -0.659 -0.245 0.184 -0.52 -1.119 -1.504 -1.618 -1.764 -2.056 -1.841 -1.758 -1.63 -1.016 -0.962 -1.733 -2.016 -1.734 -1.511 -1.733 -1.943 -1.689 -1.346 -0.746
-0.753 -0.635 -0.431 0.011 0.372 0.288 -0.019 -0.064 0.055 0.439 0.746 0.908 0.802 0.585 -0.214 -0.918 -1.176 -1.227 -0.659 -0.85 -1.414 -1.672 -1.562 -1.149 -0.985 -0.901 -0.852 -0.927 -0.745 -0.138 0.396 0.493 0.782 0.858 0.896 0.882 0.775 0.867 0.925 0.919 0.909 0.861 0.793 0.244 -0.147 -0.267 -0.284 -0.719 -0.926 -0.577 -0.523 -1.163 -1.256 -0.8 -0.266 0.152 -0.41 -0.93 -1.199 -1.387 -1.63 -1.847 -1.954 -1.773 -1.522 -0.978 -0.987 -1.603 -1.895 -1.94 -1.732 -1.807 -1.717 -1.502 -1.093 -0.528
-0.746 -0.478 -0.184 0.277 0.232 -0.162 -0.437 -0.531 -0.209 0.351 0.586 0.917 0.831 0.249 -0.413 -1.035 -1.413 -1.312 -0.833 -1.404 -1.607 -1.308 -1.363 -1.001 -0.478 -0.295 0.009 0.013 -0.191 0.01 0.558 0.852 0.939 0.941 0.932 0.929 0.941 0.924 0.865 0.763 0.632 0.485 0.61 0.301 -0.282 -0.653 -0.761 -0.988 -1.32 -0.985 -0.664 -1.24 -1.513 -1.08 -0.485 0.028 -0.171 -0.598 -0.863 -1.245 -1.539 -1.711 -1.818 -1.657 -1.394 -0.903 -1.065 -1.529 -1.771 -2.06 -1.898 -1.806 -1.356 -0.949 -0.54 0.019
-0.662 -0.416 -0.054 0.286 -0.046 -0.47 -0.764 -0.805 -0.322 0.211 0.585 0.956 0.762 0.039 -0.419 -1.062 -1.766 -1.579 -1.48 -1.745 -1.522 -1.183 -0.846 -0.664 -0.379 0.027 0.24 0.411 0.38 0.384 0.788 0.939 0.951 0.954 0.947 0.921 0.853 0.698 0.471 0.264 0.122 0.216 0.542 0.346 -0.207 -0.623 -1.018 -1.236 -1.523 -1.3 -0.968 -1.447 -1.583 -1.234 -0.796 -0.212 -0.005 -0.546 -1.031 -1.232 -1.541 -1.8 -1.842 -1.576 -1.239 -0.867 -1.266 -1.663 -1.901 -2.061 -1.794 -1.56 -1.202 -0.601 -0.024 0.218
-0.688 -0.291 0.177 0.127 -0.278 -0.644 -1.021 -0.699 -0.233 -0.066 0.31 0.914 0.88 0.364 -0.375 -1.07 -1.805 -1.901 -1.886 -1.58 -1.395 -1.204 -0.841 -0.377 -0.192 0.044 0.131 0.525 0.749 0.838 0.934 0.959 0.924 0.839 0.737 0.714 0.482 0.176 -0.037 -0.209 -0.267 -0.025 0.449 0.363 -0.211 -0.532 -0.847 -1.181 -1.558 -1.592 -1.265 -1.572 -1.674 -1.433 -1.026 -0.43 -0.043 -0.557 -1.209 -1.469 -1.675 -1.948 -1.969 -1.681 -1.126 -1.049 -1.559 -1.84 -2.024 -2.029 -1.805 -1.549 -1.184 -0.406 0.157 -0.12
-0.532 -0.13 0.243 -0.163 -0.693 -0.731 -1.153 -0.701 -0.468 -0.56 -0.17 0.678 0.884 0.707 -0.018 -0.742 -1.374 -1.864 -1.739 -1.635 -1.446 -1.154 -1.036 -0.459 -0.016 0.347 0.462 0.741 0.86 0.919 0.951 0.856 0.645 0.355 0.236 0.409 0.239 -0.226 -0.521 -0.669 -0.645 -0.282 0.324 0.42 -0.079 -0.355 -0.646 -1.083 -1.574 -1.647 -1.492 -1.761 -1.804 -1.514 -1.138 -0.544 -0.093 -0.527 -1.177 -1.605 -1.662 -1.91 -1.915 -1.611 -1.075 -1.197 -1.728 -2.053 -2.084 -1.842 -1.689 -1.312 -0.718 -0.034 -0.032 -0.384
-0.283 0.089 0.03 -0.375 -0.902 -1.09 -1.443 -1.282 -1.023 -0.629 -0.088 0.446 0.816 0.876 0.318 -0.497 -1.111 -1.555 -1.436 -1.828 -1.54 -0.932 -1.042 -0.559 0.076 0.656 0.884 0.954 0.945 0.952 0.715 0.412 0.076 -0.144 -0.119 0.14 0.149 -0.293 -0.733 -1.032 -0.862 -0.404 0.204 0.513 0.039 -0.455 -0.853 -1.295 -1.682 -1.708 -1.679 -1.916 -1.71 -1.403 -1.034 -0.523 -0.221 -0.37 -0.937 -1.432 -1.639 -1.926 -1.942 -1.637 -1.123 -1.359 -1.781 -2.179 -2.105 -1.953 -1.858 -1.226 -0.361 0.116 -0.233 -0.664
-0.036 0.042 -0.44 -0.845 -1.241 -1.703 -2.111 -1.795 -1.028 -0.34 -0.198 0.094 0.763 0.934 0.449 -0.471 -1.27 -1.481 -1.275 -1.601 -1.168 -0.636 -0.591 -0.129 0.532 0.892 0.974 0.985 0.934 0.694 0.131 -0.229 -0.439 -0.523 -0.443 -0.073 -0.105 -0.529 -0.818 -1.23 -0.861 -0.321 0.218 0.385 0.18 -0.338 -0.784 -1.27 -1.715 -1.845 -1.876 -1.996 -1.701 -1.361 -0.876 -0.582 -0.654 -0.377 -0.639 -1.233 -1.584 -1.891 -2.086 -1.745 -1.234 -1.633 -1.919 -2.245 -2.287 -2.103 -1.73 -0.885 0.009 -0.08 -0.498 -0.887
0.035 -0.286 -0.946 -1.187 -1.796 -2.252 -2.125 -1.802 -1.225 -0.568 -0.713 -0.284 0.553 0.96 0.676 -0.25 -1.04 -1.409 -1.12 -0.912 -0.464 -0.087 0.151 0.616 0.926 0.984 0.992 0.977 0.609 0.411 -0.23 -0.655 -0.916 -1.016 -0.798 -0.245 -0.547 -0.977 -1.172 -1.339 -0.729 -0.122 0.069 -0.012 0.217 0.022 -0.481 -1.071 -1.545 -1.88 -2.032 -2.053 -1.868 -1.418 -0.79 -0.964 -1.182 -0.766 -0.485 -1.031 -1.511 -1.778 -2.079 -1.831 -1.311 -1.694 -1.963 -2.33 -2.219 -1.87 -1.453 -0.649 0.147 -0.405 -1.066 -1.051
-0.424 -0.4 -1.111 -1.728 -1.978 -1.95 -1.58 -1.378 -1.49 -1.116 -1.2 -0.693 0.303 0.92 0.838 -0.003 -0.735 -1.172 -0.658 -0.095 0.324 0.669 0.825 0.958 0.997 0.994 0.946 0.696 0.104 0.118 -0.059 -0.501 -1.003 -1.326 -1.046 -0.439 -0.847 -1.293 -1.503 -1.361 -0.668 -0.079 -0.371 -0.486 -0.176 0.133 -0.211 -0.776 -1.199 -1.566 -1.808 -1.936 -1.813 -1.597 -1.029 -1.354 -1.636 -1.254 -0.656 -0.817 -1.537 -2.004 -2.241 -1.877 -1.431 -1.722 -2.152 -2.564 -2.336 -1.864 -1.227 -0.502 0.026 -0.613 -1.429 -1.291
-0.831 -0.514 -1.358 -1.539 -1.654 -1.444 -1.165 -1.068 -1.089 -0.927 -0.92 -0.777 0.019 0.884 0.915 0.182 -0.614 -0.698 0.051 0.557 0.865 0.973 0.994 1 0.938 0.864 0.632 0.136 -0.333 -0.226 -0.185 -0.338 -0.764 -1.281 -1.189 -0.604 -0.964 -1.413 -1.705 -1.392 -0.723 -0.208 -0.75 -1.086 -0.828 -0.37 0.007 -0.424 -0.999 -1.452 -1.859 -2.018 -1.881 -1.87 -1.384 -1.384 -1.831 -1.494 -0.914 -0.67 -1.277 -1.908 -2.531 -2.245 -1.806 -1.979 -2.136 -2.498 -2.362 -1.92 -1.457 -0.514 -0.138 -1.029 -1.82 -1.79
-1.286 -1.057 -1.154 -1.471 -1.998 -1.68 -1.096 -1.007 -1.159 -1.161 -0.559 -0.487 0.007 0.76 0.992 0.69 -0.113 -0.017 0.643 0.924 0.998 1.006 1.003 0.818 0.545 0.301 0.041 -0.477 -0.766 -0.604 -0.515 -0.785 -0.834 -1.392 -1.212 -0.773 -1.149 -1.592 -1.75 -1.353 -0.797 -0.344 -0.902 -1.381 -1.338 -0.776 -0.216 -0.164 -0.924 -1.41 -1.727 -2.177 -2.014 -1.928 -1.507 -1.33 -1.889 -1.538 -1.032 -0.591 -1.026 -1.807 -2.425 -2.392 -2.329 -2.37 -2.32 -2.487 -2.376 -1.987 -1.313 -0.524 -0.098 -1.087 -1.985 -2.227
-1.331 -1.435 -1.603 -1.893 -2.213 -2.152 -1.363 -1.263 -1.516 -1.615 -1.245 -0.775 0.038 0.52 0.924 0.972 0.522 0.694 0.985 1.007 1.014 1.012 0.877 0.37 0.061 -0.126 -0.641 -1.028 -1.156 -0.958 -0.784 -1.197 -1.225 -1.517 -1.207 -0.829 -1.283 -1.83 -1.802 -1.334 -0.784 -0.525 -0.959 -1.488 -1.564 -1.139 -0.759 -0.172 -0.54 -0.946 -1.548 -1.82 -1.981 -1.687 -1.405 -1.392 -2.079 -1.816 -1.183 -0.592 -0.913 -1.682 -2.127 -2.389 -2.626 -2.803 -2.605 -2.589 -2.793 -2.372 -1.587 -0.539 -0.183 -1.179 -1.974 -2.404
-1.108 -1.568 -1.928 -1.954 -1.85 -2.083 -1.689 -1.49 -1.622 -1.277 -0.802 -0.265 0.282 0.445 0.758 0.995 0.967 0.998 1.021 1.021 1.003 0.893 0.364 -0.193 -0.411 -0.62 -1.185 -1.343 -1.213 -1.168 -1.066 -1.241 -1.662 -1.575 -1.145 -0.965 -1.44 -1.846 -2.034 -1.525 -1.014 -0.531 -1.018 -1.693 -1.721 -1.439 -0.935 -0.4 -0.195 -0.536 -1.142 -1.412 -1.889 -1.871 -1.515 -1.468 -2.03 -2.213 -1.519 -0.674 -0.981 -1.627 -1.814 -2.224 -2.779 -3.001 -3.231 -2.858 -2.669 -2.008 -1.343 -0.408 -0.401 -1.253 -1.876 -2.435
-0.44 -1.267 -1.927 -1.605 -1.496 -1.875 -1.326 -1.147 -1.091 -0.855 -0.395 0.122 0.402 0.057 0.188 0.805 1.008 1.014 1.015 0.982 0.798 0.374 -0.284 -0.543 -0.622 -0.659 -1.119 -0.909 -0.792 -0.865 -1.258 -1.408 -1.814 -1.475 -1.172 -1.265 -1.411 -1.922 -2.157 -1.777 -1.337 -0.619 -1.036 -1.724 -1.856 -1.374 -1.027 -0.853 -0.391 -0.211 -0.69 -1.063 -1.567 -1.973 -1.72 -1.467 -1.851 -2.177 -1.794 -0.903 -1.044 -1.638 -1.955 -2.167 -2.561 -3.031 -3.239 -2.784 -2.167 -1.54 -0.969 -0.266 -0.594 -1.222 -1.964 -2.589
-0.661 -1.637 -1.98 -1.362 -1.292 -1.69 -1.593 -1.442 -1.23 -0.632 -0.011 0.304 -0.099 -0.403 -0.02 0.565 0.985 0.952 0.83 0.579 0.17 -0.242 -0.47 -0.268 -0.11 -0.275 -0.648 -0.415 -0.424 -0.622 -1.091 -1.645 -1.913 -1.73 -1.434 -1.617 -1.407 -1.716 -2.171 -1.963 -1.441 -0.801 -0.909 -1.509 -1.719 -1.293 -1.473 -1.375 -0.822 -0.284 -0.408 -0.887 -1.43 -1.916 -1.975 -1.581 -1.567 -2.029 -1.623 -1.153 -0.925 -1.324 -1.613 -1.918 -2.257 -2.821 -3.307 -2.829 -2.23 -1.495 -0.693 -0.209 -0.711 -1.425 -2.266 -2.745
-1.197 -1.78 -1.819 -1.198 -1.096 -1.5 -1.588 -1.3 -0.98 -0.486 0.155 -0.055 -0.593 -0.305 0.327 0.826 0.794 0.632 0.366 0.031 -0.109 -0.322 -0.179 0.143 0.258 0.172 -0.025 0.03 -0.219 -0.6 -1.062 -1.541 -1.877 -1.902 -1.886 -2.064 -1.8 -1.674 -1.983 -1.94 -1.671 -1.068 -0.893 -1.491 -1.802 -1.363 -1.772 -1.659 -1.113 -0.507 -0.316 -0.781 -1.289 -1.658 -1.893 -1.886 -1.643 -2.044 -1.761 -1.314 -1 -1.424 -1.597 -1.824 -2.108 -2.837 -2.958 -2.532 -2.309 -1.641 -0.805 -0.243 -0.865 -1.545 -2.194 -2.645
-1.089 -1.446 -1.659 -1.214 -1.015 -1.463 -1.44 -0.894 -0.391 -0.053 -0.034 -0.621 -0.529 0.047 0.628 0.783 0.518 0.51 0.415 0.253 0.294 0.329 0.292 0.547 0.528 0.352 0.375 0.408 0.046 -0.499 -1.033 -1.364 -1.498 -1.865 -2.082 -2.285 -2.076 -1.86 -1.995 -2.044 -1.828 -1.343 -1.197 -1.688 -2.045 -1.753 -1.946 -1.575 -1.083 -0.504 -0.307 -0.607 -1.06 -1.418 -1.728 -2.123 -1.956 -2.21 -2.157 -1.399 -1.301 -1.998 -2.166 -2.153 -2.359 -2.987 -2.338 -1.845 -1.768 -1.278 -0.609 -0.279 -0.955 -1.622 -2.111 -2.612
-0.883 -1.543 -1.748 -1.477 -1.001 -1.138 -1.18 -0.594 -0.01 -0.044 -0.549 -0.918 -0.275 0.216 0.46 0.639 0.614 0.492 0.192 0.029 0.185 0.443 0.594 0.548 0.274 -0.137 0.086 0.442 0.359 -0.086 -0.698 -1.043 -1.361 -1.82 -2.131 -2.165 -2.14 -2.061 -2.247 -2.051 -1.811 -1.481 -1.593 -2.207 -2.405 -2.246 -2.086 -1.542 -1.005 -0.489 -0.609 -0.596 -0.701 -1.198 -1.788 -2.283 -2.424 -2.477 -2.302 -1.461 -1.566 -2.231 -2.597 -2.658 -2.848 -2.814 -2.033 -1.523 -1.389 -1.186 -0.492 -0.305 -1.015 -1.785 -2.223 -2.46
-1.289 -1.728 -1.498 -1.372 -1.126 -0.901 -0.78 -0.253 -0.061 -0.401 -0.478 -0.667 -0.217 -0.236 -0.257 0.049 0.357 -0.005 -0.58 -0.869 -0.524 0.088 0.512 0.259 -0.341 -0.642 -0.25 0.213 0.41 0.29 -0.173 -0.577 -1.058 -1.705 -2.023 -1.847 -2.059 -2.197 -2.37 -2.047 -1.738 -1.365 -1.739 -2.364 -2.553 -2.337 -2.043 -1.714 -1.033 -0.668 -1.224 -1.189 -0.807 -0.988 -1.624 -2.123 -2.601 -2.759 -2.381 -1.598 -1.647 -2.121 -2.52 -2.832 -3.075 -2.723 -2.187 -1.815 -1.751 -1.459 -0.515 -0.362 -1.005 -1.475 -1.85 -2.153
-1.675 -1.7 -1.507 -1.48 -1.39 -0.79 -0.285 -0.077 -0.37 -0.743 -0.261 -0.625 -0.669 -0.833 -0.954 -0.554 0.044 -0.137 -0.798 -1.366 -0.832 0.012 0.457 0.069 -0.614 -0.884 -0.444 -0.138 0.184 0.334 0.241 -0.03 -0.542 -1.359 -1.646 -1.601 -1.871 -2.099 -2.33 -1.951 -1.783 -1.328 -1.636 -2.183 -2.428 -2.242 -1.828 -1.547 -0.957 -0.927 -1.657 -1.873 -1.424 -0.914 -1.299 -1.922 -2.353 -2.78 -2.7 -2.023 -1.725 -1.948 -2.247 -2.794 -2.895 -2.694 -2.445 -2.219 -2.158 -1.43 -0.392 -0.566 -1.308 -1.373 -1.434 -2.011
-1.875 -1.73 -1.747 -1.485 -1.252 -0.594 -0.146 -0.381 -0.759 -0.849 -0.246 -0.826 -1.262 -1.326 -1.119 -0.581 -0.482 -0.245 -0.498 -1.265 -0.928 0.038 0.418 -0.063 -0.777 -1.079 -0.804 -0.501 -0.114 -0.17 -0.084 0.071 -0.155 -0.895 -1.282 -1.417 -1.678 -2.086 -2.288 -2.15 -1.976 -1.417 -1.485 -2.125 -2.338 -2.042 -1.646 -1.295 -0.821 -1.015 -1.755 -2.221 -1.833 -1.09 -1.109 -1.75 -2.151 -2.684 -2.743 -2.265 -1.969 -2.03 -2.462 -2.823 -2.525 -2.248 -2.136 -2.117 -1.954 -1.152 -0.396 -0.927 -1.7 -1.808 -1.403 -1.706
-1.636 -1.539 -1.704 -1.116 -0.912 -0.273 -0.36 -0.85 -1.097 -0.968 -0.432 -0.733 -1.518 -1.608 -1.31 -1.048 -1.092 -0.685 -0.335 -0.731 -0.69 0.109 0.39 -0.131 -0.931 -1.291 -1.203 -0.74 -0.488 -0.698 -0.724 -0.443 -0.357 -0.366 -0.683 -1.092 -1.581 -1.862 -2.124 -2.418 -1.953 -1.54 -1.398 -1.998 -2.305 -2.152 -1.814 -1.389 -0.852 -1.128 -1.87 -2.408 -1.915 -1.24 -1.283 -1.558 -2.111 -2.727 -3.002 -2.528 -2.297 -2.505 -2.787 -2.812 -2.326 -1.845 -1.7 -1.886 -1.442 -0.721 -0.681 -1.362 -1.928 -2.093 -1.853 -1.556
-1.568 -1.158 -1.337 -0.935 -0.464 -0.124 -0.681 -1.109 -1.258 -1.142 -1.117 -0.797 -1.004 -1.727 -1.767 -1.655 -1.217 -0.734 -0.591 -0.408 -0.33 0.196 0.391 -0.157 -0.702 -1.019 -1.282 -0.983 -0.884 -1.164 -1.188 -1.022 -0.826 -0.553 -0.533 -0.593 -1.088 -1.558 -2.016 -2.449 -2.118 -1.675 -1.543 -1.709 -2.189 -1.994 -1.782 -1.324 -0.878 -1.276 -1.871 -2.395 -1.751 -1.429 -1.605 -1.592 -2.093 -2.786 -3.104 -2.701 -2.685 -2.655 -2.37 -2.623 -2.341 -1.897 -1.493 -1.367 -0.992 -0.474 -0.865 -1.463 -1.937 -2.263 -2.1 -1.914
