data/climatemaps/RS_maps/climate_postbreed_tmp_2005.asc
NCOLS 369 
NROWS 228 
XLLCORNER 479000 
YLLCORNER 73000 
CELLSIZE 1000 
NODATA_value -9 
[rows 0 to 33 of 228, columns 231 to 307 of 369]
-9 -9 -9 -9 -9 -9 -9 -9 -9 -9 -9 -9 -9 -9 -9 -9 -9 -9 -9 -9 -9 -9 -9 -9 -9 -9 -9 -9 -9 -9 -9 -9 -9 -9 -9 -9 -9 -9 -9 -9 -9 -9 -9 -9 -9 -9 -9 -9 -9 -9 -9 -9 -9 -9 -9 -9 -9 -9 -9 -9 -9 -9 -9 -9 -9 -9 -9 -9 -9 -9 -9 -9 -9 -9 -9 -9 -9
-9 -9 -9 -9 -9 -9 -9 -9 -9 -9 -9 -9 -9 -9 -9 -9 -9 -9 -9 -9 -9 -9 -9 -9 -9 -9 -9 -9 -9 -9 -9 -9 -9 -9 -9 -9 -9 -9 -9 -9 -9 -9 -9 -9 -9 -9 -9 -9 -9 -9 -9 -9 -9 -9 -9 -9 -9 -9 -9 -9 -9 -9 -9 -9 -9 -9 -9 -9 -9 -9 -9 -9 -9 -9 -9 -9 -9
-9 -9 -9 -9 -9 -9 -9 -9 -9 -9 -9 -9 -9 -9 -9 -9 -9 -9 -9 -9 -9 -9 -9 -9 -9 -9 -9 -9 -9 -9 -9 -9 -9 -9 -9 -9 -9 -9 -9 -9 -9 -9 -9 -9 -9 -9 -9 -9 -9 -9 -9 -9 -9 -9 -9 -9 -9 -9 -9 -9 -9 -9 -9 -9 -9 -9 -9 -9 -9 -9 -9 -9 -9 -9 -9 -9 -9
0.782 -9 -9 -9 -9 -9 -9 -9 -9 -9 -9 -9 -9 -9 -9 -9 -9 -9 -9 -9 -9 -9 -9 -9 -9 -9 -9 -9 -9 -9 -9 -9 -9 -9 -9 -9 -9 -9 -9 -9 -9 -9 -9 -9 -9 -9 -9 -9 -9 -9 -9 -9 -9 -9 -9 -9 -9 -9 -9 -9 -9 -9 -9 -9 -9 -9 -9 -9 -9 -9 -9 -9 -9 -9 -9 -9 -9
0.809 0.744 -9 -9 -9 -9 -9 -9 -9 -9 -9 -9 -9 -9 -9 -9 -9 -9 -9 -9 -9 -9 -9 -9 -9 -9 -9 -9 -9 -9 -9 -9 -9 -9 -9 -9 -9 -9 -9 -9 -9 -9 -9 -9 -9 -9 -9 -9 -9 -9 -9 -9 -9 -9 -9 -9 -9 -9 -9 -9 -9 -9 -9 -9 -9 -9 -9 -9 -9 -9 -9 -9 -9 -9 -9 -9 -9
0.821 0.81 0.759 -9 -9 -9 -9 -9 -9 -9 -9 -9 -9 -9 -9 -9 -9 -9 -9 -9 -9 -9 -9 -9 -9 -9 -9 -9 -9 -9 -9 -9 -9 -9 -9 -9 -9 -9 -9 -9 -9 -9 -9 -9 -9 -9 -9 -9 -9 -9 -9 -9 -9 -9 -9 -9 -9 -9 -9 -9 -9 -9 -9 -9 -9 -9 -9 -9 -9 -9 -9 -9 -9 -9 -9 -9 -9
0.811 0.838 0.776 0.739 -9 0.838 0.728 0.745 0.753 0.752 0.839 0.917 0.928 0.925 0.914 0.882 -9 -9 -9 -9 -9 -9 -9 -9 -9 -9 -9 -9 -9 -9 -9 -9 -9 -9 -9 -9 -9 -9 -9 -9 -9 -9 -9 -9 -9 -9 -9 -9 -9 -9 -9 -9 -9 -9 -9 -9 -9 -9 -9 -9 -9 -9 -9 -9 -9 -9 -9 -9 -9 -9 -9 -9 -9 -9 -9 -9 -9
0.835 0.854 0.815 0.798 0.825 0.827 0.742 0.732 0.752 0.708 0.737 0.857 0.924 0.933 0.933 0.929 0.888 0.851 0.843 0.84 -9 -9 -9 -9 -9 -9 -9 -9 -9 -9 -9 -9 -9 -9 -9 -9 -9 -9 -9 -9 -9 -9 -9 -9 -9 -9 -9 -9 -9 -9 -9 -9 -9 -9 -9 -9 -9 -9 -9 -9 -9 -9 -9 -9 -9 -9 -9 -9 -9 -9 -9 -9 -9 -9 -9 -9 -9
0.854 0.87 0.859 0.857 0.854 0.858 0.836 0.796 0.797 0.77 0.741 0.77 0.837 0.919 0.939 0.939 0.935 0.911 0.894 0.896 0.867 0.853 0.876 0.873 0.86 0.857 0.852 0.873 0.901 -9 -9 -9 -9 -9 -9 -9 -9 -9 -9 -9 -9 -9 -9 -9 -9 -9 -9 -9 -9 -9 -9 -9 -9 -9 -9 -9 -9 -9 -9 -9 -9 -9 -9 -9 -9 -9 -9 -9 -9 -9 -9 -9 -9 -9 -9 -9 -9
0.864 0.876 0.881 0.876 0.874 0.87 0.882 0.879 0.845 0.822 0.8 0.792 0.807 0.841 0.878 0.931 0.94 0.938 0.938 0.931 0.899 0.884 0.885 0.899 0.896 0.896 0.874 0.893 0.908 0.915 0.905 0.851 0.813 -9 -9 -9 -9 -9 -9 -9 -9 -9 -9 -9 -9 -9 -9 -9 -9 -9 -9 -9 -9 -9 -9 -9 -9 -9 -9 -9 -9 -9 -9 -9 -9 -9 -9 -9 -9 -9 -9 -9 -9 -9 -9 -9 -9
0.875 0.889 0.896 0.896 0.903 0.886 0.888 0.907 0.903 0.901 0.894 0.862 0.838 0.821 0.823 0.861 0.927 0.947 0.947 0.947 0.946 0.937 0.904 0.897 0.896 0.903 0.885 0.89 0.911 0.921 0.925 0.907 0.866 0.833 0.839 -9 -9 -9 -9 -9 -9 -9 -9 -9 -9 -9 -9 -9 -9 -9 -9 -9 -9 -9 -9 -9 -9 -9 -9 -9 -9 -9 -9 -9 -9 -9 -9 -9 -9 -9 -9 -9 -9 -9 -9 -9 -9
0.894 0.898 0.912 0.915 0.918 0.92 0.92 0.913 0.887 0.893 0.901 0.88 0.851 0.822 0.807 0.835 0.881 0.944 0.945 0.952 0.954 0.954 0.95 0.929 0.918 0.924 0.917 0.915 0.912 0.923 0.922 0.927 0.897 0.86 0.853 0.814 0.736 -9 -9 -9 -9 -9 -9 -9 -9 -9 -9 -9 -9 -9 -9 -9 -9 -9 -9 -9 -9 -9 -9 -9 -9 -9 -9 -9 -9 -9 -9 -9 -9 -9 -9 -9 -9 -9 -9 -9 -9
0.9 0.909 0.919 0.92 0.926 0.927 0.939 0.933 0.902 0.884 0.888 0.907 0.894 0.894 0.88 0.881 0.888 0.901 0.923 0.939 0.954 0.955 0.955 0.956 0.947 0.933 0.923 0.932 0.932 0.93 0.92 0.927 0.927 0.903 0.882 0.86 0.808 0.76 0.752 -9 -9 -9 -9 -9 -9 -9 -9 -9 -9 -9 -9 -9 -9 -9 -9 -9 -9 -9 -9 -9 -9 -9 -9 -9 -9 -9 -9 -9 -9 -9 -9 -9 -9 -9 -9 -9 -9
0.9 0.915 0.922 0.926 0.932 0.94 0.947 0.947 0.947 0.932 0.922 0.922 0.922 0.91 0.886 0.891 0.882 0.874 0.899 0.914 0.954 0.96 0.96 0.96 0.949 0.913 0.88 0.885 0.931 0.938 0.938 0.938 0.943 0.93 0.921 0.916 0.898 0.865 0.858 0.889 0.921 -9 -9 -9 -9 -9 -9 -9 -9 -9 -9 -9 -9 -9 -9 -9 -9 -9 -9 -9 -9 -9 -9 -9 -9 -9 -9 -9 -9 -9 -9 -9 -9 -9 -9 -9 -9
0.9 0.907 0.916 0.927 0.936 0.947 0.947 0.947 0.947 0.949 0.95 0.945 0.94 0.921 0.91 0.885 0.878 0.877 0.878 0.891 0.951 0.96 0.961 0.963 0.952 0.9 0.864 0.838 0.872 0.913 0.934 0.934 0.945 0.927 0.927 0.944 0.941 0.926 0.921 0.926 0.933 0.933 0.919 -9 -9 -9 -9 -9 -9 -9 -9 -9 -9 -9 -9 -9 -9 -9 -9 -9 -9 -9 -9 -9 -9 -9 -9 -9 -9 -9 -9 -9 -9 -9 -9 -9 -9
0.891 0.903 0.91 0.912 0.915 0.942 0.946 0.948 0.954 0.961 0.965 0.966 0.961 0.95 0.938 0.912 0.898 0.897 0.898 0.893 0.945 0.96 0.965 0.97 0.969 0.942 0.899 0.868 0.854 0.875 0.907 0.918 0.942 0.938 0.934 0.941 0.95 0.95 0.921 0.923 0.92 0.927 0.926 0.911 0.895 -9 -9 -9 -9 -9 -9 -9 -9 -9 -9 -9 -9 -9 -9 -9 -9 -9 -9 -9 -9 -9 -9 -9 -9 -9 -9 -9 -9 -9 -9 -9 -9
0.766 0.8 0.844 0.89 0.861 0.902 0.933 0.956 0.96 0.963 0.961 0.961 0.965 0.969 0.967 0.946 0.928 0.926 0.923 0.907 0.923 0.956 0.971 0.974 0.974 0.969 0.948 0.913 0.891 0.89 0.904 0.911 0.923 0.935 0.942 0.946 0.947 0.953 0.94 0.927 0.921 0.927 0.933 0.927 0.92 0.928 0.935 -9 -9 -9 -9 -9 -9 -9 -9 -9 -9 -9 -9 -9 -9 -9 -9 -9 -9 -9 -9 -9 -9 -9 -9 -9 -9 -9 -9 -9 -9
0.653 0.684 0.74 0.815 0.86 0.894 0.92 0.96 0.96 0.963 0.966 0.961 0.961 0.971 0.974 0.968 0.959 0.954 0.943 0.927 0.92 0.941 0.957 0.974 0.974 0.974 0.971 0.964 0.942 0.917 0.908 0.907 0.909 0.929 0.94 0.952 0.957 0.955 0.954 0.928 0.93 0.936 0.933 0.948 0.944 0.94 0.941 0.956 -9 -9 -9 -9 -9 -9 -9 -9 -9 -9 -9 -9 -9 -9 -9 -9 -9 -9 -9 -9 -9 -9 -9 -9 -9 -9 -9 -9 -9
0.669 0.662 0.718 0.789 0.857 0.912 0.944 0.96 0.962 0.966 0.974 0.97 0.967 0.972 0.974 0.974 0.972 0.971 0.963 0.952 0.942 0.938 0.948 0.974 0.974 0.974 0.974 0.974 0.971 0.968 0.948 0.931 0.921 0.938 0.942 0.953 0.974 0.974 0.963 0.943 0.947 0.946 0.954 0.961 0.961 0.955 0.949 0.957 0.951 0.939 -9 -9 -9 -9 -9 -9 -9 -9 -9 -9 -9 -9 -9 -9 -9 -9 -9 -9 -9 -9 -9 -9 -9 -9 -9 -9 -9
0.731 0.743 0.801 0.851 0.911 0.946 0.955 0.94 0.935 0.936 0.94 0.947 0.962 0.969 0.978 0.978 0.974 0.974 0.972 0.969 0.963 0.954 0.947 0.969 0.974 0.974 0.974 0.98 0.98 0.98 0.98 0.975 0.956 0.956 0.958 0.968 0.978 0.982 0.977 0.953 0.949 0.954 0.96 0.968 0.973 0.957 0.954 0.954 0.954 0.94 0.929 -9 -9 -9 -9 -9 -9 -9 -9 -9 -9 -9 -9 -9 -9 -9 -9 -9 -9 -9 -9 -9 -9 -9 -9 -9 -9
0.803 0.84 0.888 0.924 0.952 0.952 0.922 0.871 0.841 0.829 0.839 0.875 0.909 0.928 0.95 0.968 0.971 0.974 0.974 0.972 0.971 0.972 0.971 0.973 0.98 0.98 0.98 0.98 0.98 0.98 0.98 0.98 0.98 0.975 0.98 0.982 0.987 0.987 0.987 0.976 0.966 0.962 0.973 0.972 0.974 0.959 0.954 0.954 0.954 0.936 0.922 0.883 -9 -9 -9 -9 -9 -9 -9 -9 -9 -9 -9 -9 -9 -9 -9 -9 -9 -9 -9 -9 -9 -9 -9 -9 -9
0.876 0.918 0.934 0.933 0.922 0.892 0.845 0.773 0.73 0.72 0.734 0.788 0.841 0.868 0.881 0.897 0.94 0.967 0.968 0.967 0.972 0.98 0.98 0.98 0.98 0.98 0.98 0.98 0.98 0.98 0.98 0.98 0.982 0.98 0.983 0.988 0.989 0.987 0.987 0.987 0.987 0.98 0.98 0.981 0.981 0.963 0.955 0.962 0.954 0.933 0.911 0.872 0.842 -9 -9 -9 -9 -9 -9 -9 -9 -9 -9 -9 -9 -9 -9 -9 -9 -9 -9 -9 -9 -9 -9 -9 -9
0.919 0.914 0.859 0.835 0.825 0.822 0.792 0.722 0.698 0.691 0.727 0.746 0.786 0.82 0.831 0.841 0.874 0.908 0.928 0.942 0.957 0.968 0.973 0.985 0.986 0.981 0.981 0.982 0.982 0.98 0.98 0.982 0.986 0.984 0.989 0.992 0.994 0.99 0.99 0.99 0.991 0.987 0.987 0.987 0.987 0.977 0.959 0.966 0.949 0.928 0.916 0.886 0.87 0.864 0.876 -9 -9 -9 -9 -9 -9 -9 -9 -9 -9 -9 -9 -9 -9 -9 -9 -9 -9 -9 -9 -9 -9
0.85 0.84 0.767 0.77 0.793 0.806 0.793 0.757 0.746 0.755 0.78 0.793 0.798 0.788 0.803 0.82 0.835 0.857 0.878 0.886 0.901 0.927 0.951 0.961 0.981 0.983 0.986 0.987 0.987 0.982 0.983 0.987 0.987 0.991 0.994 0.994 0.994 0.994 0.994 0.994 0.994 0.991 0.988 0.987 0.987 0.986 0.975 0.968 0.946 0.927 0.926 0.928 0.918 0.908 0.88 0.872 -9 -9 -9 -9 -9 -9 -9 -9 -9 -9 -9 -9 -9 -9 -9 -9 -9 -9 -9 -9 -9
0.786 0.788 0.748 0.776 0.816 0.825 0.803 0.796 0.801 0.816 0.818 0.819 0.82 0.82 0.821 0.821 0.823 0.835 0.842 0.859 0.866 0.884 0.899 0.921 0.941 0.956 0.973 0.98 0.987 0.987 0.987 0.987 0.99 0.994 0.994 0.994 0.994 0.994 0.994 0.994 0.994 0.994 0.992 0.987 0.987 0.987 0.979 0.964 0.945 0.934 0.943 0.932 0.886 0.86 0.855 0.837 0.832 0.823 -9 -9 -9 -9 -9 -9 -9 -9 -9 -9 -9 -9 -9 -9 -9 -9 -9 -9 -9
0.729 0.79 0.798 0.814 0.838 0.839 0.85 0.857 0.859 0.86 0.861 0.862 0.862 0.856 0.85 0.845 0.845 0.863 0.857 0.855 0.849 0.855 0.866 0.878 0.897 0.92 0.945 0.959 0.977 0.987 0.987 0.991 0.993 0.994 0.994 0.994 0.994 0.994 0.994 0.994 0.994 0.994 0.994 0.991 0.987 0.987 0.985 0.973 0.958 0.954 0.954 0.933 0.893 0.871 0.857 0.843 0.838 0.838 0.831 -9 -9 -9 -9 -9 -9 -9 -9 -9 -9 -9 -9 -9 -9 -9 -9 -9 -9
0.735 0.825 0.831 0.854 0.866 0.879 0.888 0.889 0.925 0.922 0.923 0.908 0.893 0.886 0.885 0.886 0.884 0.883 0.869 0.856 0.838 0.83 0.835 0.852 0.87 0.892 0.916 0.939 0.958 0.975 0.985 0.994 0.994 0.994 0.994 0.994 0.994 0.994 0.994 0.994 0.994 0.994 0.994 0.994 0.988 0.987 0.987 0.976 0.97 0.96 0.954 0.947 0.931 0.892 0.874 0.859 0.853 0.848 0.847 -9 -9 -9 -9 -9 -9 -9 -9 -9 -9 -9 -9 -9 -9 -9 -9 -9 -9
0.845 0.85 0.868 0.911 0.916 0.931 0.949 0.95 0.963 0.95 0.951 0.942 0.927 0.914 0.903 0.898 0.882 0.876 0.862 0.842 0.825 0.818 0.825 0.837 0.845 0.864 0.889 0.907 0.932 0.949 0.97 0.989 0.994 0.994 0.994 0.994 0.994 0.994 0.994 0.994 0.997 0.994 0.994 0.994 0.994 0.991 0.987 0.98 0.974 0.965 0.96 0.955 0.944 0.905 0.886 0.879 0.862 0.857 0.858 0.84 -9 -9 -9 -9 -9 -9 -9 -9 -9 -9 -9 -9 -9 -9 -9 -9 -9
0.902 0.906 0.933 0.951 0.956 0.971 0.973 0.973 0.973 0.97 0.97 0.965 0.954 0.912 0.86 0.838 0.821 0.812 0.817 0.832 0.823 0.826 0.828 0.834 0.834 0.857 0.875 0.878 0.898 0.911 0.936 0.962 0.977 0.994 0.994 0.994 0.994 0.994 0.994 0.994 0.996 0.994 0.997 0.994 0.994 0.991 0.986 0.98 0.979 0.974 0.97 0.964 0.952 0.917 0.912 0.901 0.875 0.87 0.868 0.849 0.833 -9 -9 -9 -9 -9 -9 -9 -9 -9 -9 -9 -9 -9 -9 -9 -9
0.924 0.938 0.953 0.963 0.973 0.972 0.965 0.962 0.962 0.973 0.978 0.967 0.967 0.934 0.848 0.791 0.768 0.762 0.782 0.83 0.842 0.835 0.848 0.851 0.851 0.869 0.878 0.884 0.893 0.9 0.912 0.937 0.949 0.966 0.99 0.994 0.994 0.994 0.994 0.994 0.996 1 0.994 0.994 0.994 0.991 0.981 0.98 0.98 0.975 0.974 0.971 0.96 0.942 0.94 0.928 0.902 0.896 0.885 0.879 0.859 -9 -9 -9 -9 -9 -9 -9 -9 -9 -9 -9 -9 -9 -9 -9 -9
0.954 0.954 0.956 0.952 0.941 0.924 0.905 0.903 0.907 0.916 0.944 0.956 0.967 0.966 0.941 0.88 0.839 0.833 0.843 0.869 0.879 0.876 0.882 0.884 0.885 0.892 0.896 0.896 0.912 0.918 0.921 0.933 0.929 0.937 0.964 0.985 0.994 0.994 0.994 0.994 1 1 0.994 0.994 0.994 0.992 0.983 0.982 0.98 0.976 0.974 0.968 0.965 0.957 0.954 0.946 0.926 0.917 0.911 0.907 0.894 -9 -9 -9 -9 -9 -9 -9 -9 -9 -9 -9 -9 -9 -9 -9 -9
0.946 0.932 0.916 0.887 0.825 0.791 0.783 0.806 0.834 0.843 0.884 0.927 0.951 0.967 0.967 0.956 0.936 0.93 0.93 0.927 0.926 0.914 0.914 0.912 0.899 0.917 0.923 0.927 0.932 0.933 0.933 0.934 0.934 0.95 0.966 0.985 0.994 0.994 0.994 0.995 1 1 0.998 0.994 0.994 0.99 0.987 0.984 0.98 0.978 0.974 0.968 0.967 0.964 0.954 0.953 0.939 0.935 0.935 0.918 0.917 0.913 0.89 -9 -9 -9 -9 -9 -9 -9 -9 -9 -9 -9 -9 -9 -9
0.915 0.869 0.833 0.803 0.754 0.735 0.733 0.752 0.805 0.828 0.863 0.898 0.917 0.946 0.953 0.962 0.96 0.954 0.953 0.947 0.943 0.926 0.92 0.921 0.926 0.941 0.946 0.943 0.947 0.946 0.953 0.959 0.96 0.967 0.975 0.988 0.993 0.994 0.994 0.999 1 1 1 0.994 0.994 0.987 0.987 0.984 0.98 0.98 0.974 0.972 0.967 0.967 0.954 0.954 0.951 0.944 0.94 0.938 0.938 0.93 0.919 0.908 -9 -9 -9 -9 -9 -9 -9 -9 -9 -9 -9 -9 -9
0.889 0.842 0.8 0.782 0.784 0.781 0.773 0.762 0.806 0.833 0.869 0.877 0.895 0.912 0.93 0.929 0.938 0.943 0.943 0.943 0.939 0.922 0.914 0.926 0.92 0.906 0.917 0.92 0.93 0.93 0.944 0.948 0.955 0.966 0.97 0.981 0.989 0.992 0.994 1 1 1 0.999 0.994 0.99 0.987 0.987 0.985 0.98 0.98 0.978 0.97 0.967 0.967 0.959 0.954 0.954 0.945 0.94 0.94 0.94 0.94 0.921 0.91 0.848 0.627 -9 -9 -9 -9 -9 -9 -9 -9 -9 -9 -9
