data/climatemaps/RS_maps/climate_breeding_tmp_2008.asc
NCOLS 369 
NROWS 228 
XLLCORNER 479000 
YLLCORNER 73000 
CELLSIZE 1000 
NODATA_value -9 
[rows 68 to 101 of 228, columns 228 to 303 of 369]
0.9 0.898 0.89 0.874 0.876 0.883 0.872 0.873 0.876 0.826 0.806 0.775 0.727 0.619 0.408 0.247 0.114 0.039 -0.086 -0.056 0.089 0.302 0.092 0.267 0.436 0.497 0.407 0.255 -0.049 -0.413 -0.307 -0.136 -0.423 -0.661 -0.752 -0.46 -0.321 -1.079 -1.268 -0.955 -0.942 -0.811 -0.227 0.217 0.57 0.88 0.953 0.968 0.968 0.96 0.878 0.826 0.817 0.933 0.959 0.841 0.803 0.905 0.922 0.912 0.917 0.934 0.869 -9 -9 -9 -9 -9 -9 -9 -9 -9 -9 -9 -9 -9
0.952 0.944 0.925 0.908 0.923 0.923 0.919 0.929 0.955 0.949 0.922 0.873 0.825 0.749 0.598 0.409 0.299 0.134 -0.131 -0.24 -0.068 0.293 0.046 0.081 0.308 0.469 0.47 0.317 -0.046 -0.403 -0.434 -0.505 -0.76 -0.674 -0.374 0.003 -0.273 -0.686 -0.579 -0.638 -0.667 -0.298 0.069 0.397 0.712 0.914 0.957 0.968 0.968 0.946 0.869 0.878 0.944 0.963 0.847 0.489 0.424 0.673 0.821 0.916 0.946 0.949 0.938 -9 -9 -9 -9 -9 -9 -9 -9 -9 -9 -9 -9 -9
0.978 0.967 0.937 0.953 0.979 0.966 0.939 0.939 0.956 0.975 0.971 0.952 0.924 0.868 0.739 0.521 0.289 0.18 -0.134 -0.26 -0.067 0.143 -0.193 -0.1 0.072 0.174 0.282 0.328 0.072 -0.257 -0.691 -0.45 -0.312 -0.27 -0.056 -0.018 -0.218 -0.217 -0.224 -0.261 -0.143 -0.102 0.148 0.483 0.815 0.93 0.958 0.968 0.968 0.958 0.949 0.961 0.96 0.843 0.45 0.022 0.198 0.556 0.569 0.717 0.836 0.916 0.939 -9 -9 -9 -9 -9 -9 -9 -9 -9 -9 -9 -9 -9
0.981 0.979 0.975 0.952 0.88 0.856 0.886 0.933 0.962 0.977 0.976 0.968 0.949 0.934 0.861 0.566 0.217 0.11 -0.029 -0.308 -0.167 -0.236 -0.32 -0.082 -0.224 -0.132 0.137 0.311 0.291 -0.222 -0.469 -0.36 -0.149 -0.019 0.137 0.117 0.051 0.029 0.086 0.094 0.107 0.153 0.314 0.592 0.871 0.942 0.961 0.968 0.967 0.969 0.974 0.977 0.912 0.556 -0.012 -0.227 0.294 0.428 0.215 0.356 0.572 0.752 -9 -9 -9 -9 -9 -9 -9 -9 -9 -9 -9 -9 -9 -9
0.972 0.968 0.954 0.911 0.819 0.826 0.907 0.97 0.976 0.978 0.974 0.962 0.887 0.951 0.882 0.696 0.293 -0.019 0.022 -0.296 -0.431 -0.549 -0.386 -0.19 0.021 0.176 0.158 0.219 0.345 0.001 -0.11 -0.054 0.183 0.207 0.194 0.101 0.041 -0.038 -0.043 -0.007 0.078 0.207 0.407 0.649 0.881 0.944 0.965 0.966 0.966 0.969 0.978 0.954 0.676 0.211 -0.425 -0.214 0.311 0.287 -0.138 -0.014 0.381 0.609 -9 -9 -9 -9 -9 -9 -9 -9 -9 -9 -9 -9 -9 -9
0.953 0.957 0.946 0.926 0.912 0.922 0.916 0.969 0.971 0.972 0.969 0.901 0.83 0.956 0.931 0.827 0.42 0.017 -0.307 -0.356 -0.731 -0.546 -0.245 -0.096 -0.025 -0.03 -0.281 -0.102 -0.056 0.218 0.231 0.194 0.029 -0.126 -0.154 -0.186 -0.196 -0.323 -0.332 -0.294 -0.193 0.017 0.301 0.594 0.852 0.944 0.965 0.967 0.966 0.969 0.963 0.848 0.39 -0.163 -0.693 -0.301 0.299 -0.054 -0.526 -0.343 0.073 0.226 -9 -9 -9 -9 -9 -9 -9 -9 -9 -9 -9 -9 -9 -9
0.899 0.928 0.938 0.935 0.936 0.946 0.944 0.963 0.965 0.966 0.964 0.906 0.899 0.963 0.956 0.88 0.534 0.066 -0.529 -0.603 -0.673 -0.626 -0.428 -0.244 -0.334 -0.309 -0.381 -0.416 -0.244 -0.04 -0.098 -0.198 -0.417 -0.434 -0.471 -0.58 -0.571 -0.66 -0.552 -0.356 -0.207 0.037 0.265 0.453 0.74 0.918 0.959 0.965 0.964 0.964 0.931 0.747 0.185 -0.647 -0.957 -0.398 0.235 -0.422 -0.787 -0.319 -0.23 -0.34 0.088 0.448 0.212 0.237 -9 -9 -9 -9 -9 -9 -9 -9 -9 -9
0.714 0.768 0.841 0.887 0.895 0.903 0.887 0.894 0.906 0.937 0.952 0.956 0.956 0.963 0.963 0.907 0.464 -0.22 -0.615 -0.417 -0.427 -0.702 -0.557 -0.356 -0.432 -0.543 -0.504 -0.386 -0.202 -0.369 -0.64 -0.628 -0.642 -0.675 -0.824 -1.014 -0.935 -0.889 -0.63 -0.261 -0.105 -0.098 -0.091 0.192 0.526 0.641 0.862 0.961 0.963 0.963 0.859 0.603 -0.06 -0.842 -0.574 -0.011 -0.044 -0.455 -0.868 -0.465 -0.453 -0.446 -0.224 0.265 -0.004 -0.327 -0.5 -0.215 0.184 0.402 -9 -9 -9 -9 -9 -9
0.39 0.47 0.589 0.696 0.555 0.496 0.456 0.444 0.606 0.792 0.871 0.943 0.956 0.958 0.955 0.873 0.256 -0.492 -0.45 -0.078 -0.388 -0.296 -0.13 -0.131 -0.321 -0.369 -0.529 -0.464 -0.552 -0.796 -0.952 -0.93 -0.938 -0.972 -1.2 -1.225 -1.045 -0.818 -0.498 -0.156 -0.349 -0.675 -0.33 -0.105 0.079 0.369 0.753 0.952 0.963 0.963 0.861 0.566 -0.087 -0.758 -0.415 0.009 -0.499 -0.77 -0.993 -0.678 -0.522 -0.593 -0.383 0.138 -0.034 -0.463 -0.702 -0.377 -0.062 0.166 0.497 0.686 0.836 -9 -9 -9
0.103 0.056 0.347 0.594 0.148 0.01 0.031 -0.003 0.027 0.315 0.429 0.586 0.865 0.946 0.948 0.834 0.16 -0.195 0.1 0.297 -0.082 0.162 0.181 -0.034 -0.197 -0.276 -0.592 -0.782 -0.917 -0.917 -0.833 -0.766 -0.655 -0.562 -0.825 -1.005 -0.948 -0.812 -0.676 -0.498 -0.838 -1.03 -0.777 -0.495 -0.17 0.296 0.635 0.87 0.963 0.963 0.917 0.504 -0.324 -0.813 -0.432 -0.069 -0.408 -0.739 -0.903 -0.673 -0.712 -0.637 -0.251 -0.06 -0.315 -0.635 -0.675 -0.483 -0.209 0.107 0.466 0.457 0.661 0.75 0.778 0.768
-0.102 -0.005 0.282 0.591 0.429 0.215 0.014 -0.241 -0.28 -0.128 -0.026 0.137 0.491 0.847 0.939 0.835 0.482 0.259 0.554 0.687 0.477 0.579 0.508 0.267 0.121 -0.044 -0.277 -0.372 -0.361 -0.321 -0.171 -0.12 0.042 0.238 0.146 -0.146 -0.364 -0.481 -0.923 -1.114 -1.275 -1.188 -0.987 -0.633 -0.074 0.18 0.439 0.813 0.963 0.959 0.955 0.589 -0.142 -0.541 -0.174 -0.376 -0.678 -0.548 -0.819 -0.884 -0.768 -0.244 -0.205 -0.465 -0.626 -0.875 -0.634 -0.55 -0.426 0.074 0.362 -0.085 0.178 0.076 0.206 0.781
-0.121 0.115 0.415 0.534 0.366 0.329 0.142 -0.102 -0.338 -0.299 -0.231 -0.294 -0.089 0.435 0.812 0.925 0.815 0.776 0.874 0.924 0.926 0.893 0.864 0.797 0.726 0.632 0.583 0.622 0.632 0.63 0.655 0.63 0.697 0.785 0.792 0.667 0.335 -0.084 -0.843 -0.771 -0.987 -1.319 -0.863 -0.384 -0.415 -0.064 0.369 0.83 0.956 0.958 0.96 0.761 0.175 -0.236 -0.197 -0.674 -0.958 -0.686 -0.86 -0.985 -0.549 -0.146 -0.639 -0.758 -0.959 -0.859 -0.446 -0.215 -0.063 0.222 -0.061 -0.633 -0.444 -0.505 -0.397 0.339
-0.029 0.159 0.369 0.419 0.253 0.112 0.084 -0.029 -0.366 -0.433 -0.359 -0.309 -0.144 0.137 0.593 0.912 0.927 0.941 0.933 0.843 0.717 0.723 0.83 0.901 0.951 0.961 0.955 0.951 0.95 0.954 0.957 0.947 0.957 0.965 0.967 0.95 0.85 0.398 -0.37 -0.394 -0.551 -0.95 -0.989 -0.726 -0.73 -0.156 0.377 0.704 0.922 0.958 0.958 0.875 0.422 0.007 -0.243 -0.561 -0.696 -0.758 -1.06 -0.949 -0.413 -0.276 -0.994 -1.005 -0.932 -0.667 -0.407 0.042 0.176 -0.306 -0.119 -0.966 -0.988 -0.964 -0.562 0.322
-0.117 0.031 0.018 0.38 0.353 0.087 -0.158 -0.111 -0.483 -0.508 -0.378 -0.372 -0.351 -0.142 0.357 0.838 0.931 0.862 0.655 0.434 0.308 0.339 0.435 0.609 0.762 0.838 0.867 0.893 0.924 0.925 0.918 0.857 0.924 0.918 0.812 0.959 0.968 0.892 0.209 -0.129 -0.45 -0.67 -1.125 -1.087 -0.691 -0.176 0.305 0.591 0.823 0.954 0.958 0.888 0.523 0.061 -0.4 -0.345 -0.6 -0.662 -1.058 -0.824 -0.299 -0.395 -0.982 -1.065 -0.838 -0.598 -0.293 0.17 -0.156 -0.668 -0.575 -0.897 -1.348 -0.91 -0.18 0.3
-0.303 -0.251 -0.373 0.092 0.273 0.156 -0.218 -0.218 -0.447 -0.592 -0.439 -0.336 -0.311 -0.208 0.045 0.681 0.919 0.684 0.25 -0.12 -0.135 -0.03 0.071 0.311 0.323 0.464 0.431 0.638 0.526 0.615 0.682 0.595 0.455 0.373 0.428 0.621 0.89 0.952 0.721 0.037 -0.485 -0.656 -0.863 -1.134 -0.761 -0.273 0.288 0.617 0.765 0.943 0.955 0.917 0.544 -0.038 -0.638 -0.387 -0.784 -0.72 -0.88 -0.73 -0.215 -0.46 -0.911 -1.162 -0.8 -0.384 -0.108 0.11 -0.642 -1.108 -1.035 -1.193 -1.174 -0.617 -0.219 0.235
-0.276 -0.408 -0.296 -0.056 0.242 0.247 -0.052 -0.469 -0.612 -0.596 -0.457 -0.309 -0.103 -0.003 0.171 0.638 0.917 0.712 0.191 -0.374 -0.561 -0.267 -0.375 -0.007 -0.259 -0.067 -0.01 0.443 -0.043 0.042 0.225 0.247 -0.171 -0.092 0.106 0.4 0.781 0.936 0.918 0.585 0.063 -0.53 -0.618 -0.807 -0.575 -0.141 0.319 0.675 0.833 0.943 0.952 0.882 0.397 -0.144 -0.75 -0.545 -0.766 -1.028 -1.025 -0.785 -0.232 -0.532 -0.987 -1.053 -0.671 -0.683 -0.617 -0.043 -0.827 -1.448 -1.198 -1.054 -0.731 -0.554 -0.258 0.1
-0.214 -0.392 -0.282 -0.095 0.125 0.305 0.006 -0.683 -0.794 -0.622 -0.247 -0.053 0.058 0.095 0.057 0.691 0.907 0.789 0.239 -0.194 -0.62 -0.246 -0.886 -0.44 -0.708 -0.592 0.013 0.036 -0.487 -0.537 -0.314 -0.344 -0.444 -0.356 -0.152 0.236 0.55 0.796 0.896 0.885 0.638 0.001 -0.35 -0.709 -0.441 -0.027 0.434 0.779 0.916 0.948 0.945 0.716 0.145 -0.482 -0.959 -0.706 -0.635 -1.133 -1.179 -0.719 -0.398 -0.592 -0.86 -1.099 -0.858 -1.04 -0.509 -0.22 -0.731 -1.338 -0.938 -0.632 -0.47 -0.466 -0.328 -0.352
-0.144 -0.269 -0.319 -0.223 0.085 0.304 -0.04 -0.514 -0.903 -0.668 -0.12 -0.139 -0.255 -0.354 -0.299 0.749 0.846 0.471 0.038 -0.218 -0.586 -0.435 -1.195 -0.738 -0.868 -0.785 -0.111 -0.559 -0.79 -0.884 -0.77 -0.757 -0.698 -0.506 -0.103 0.161 0.256 0.47 0.638 0.825 0.9 0.697 0.075 -0.572 -0.512 -0.008 0.556 0.863 0.948 0.948 0.876 0.221 -0.298 -0.401 -0.969 -1.069 -0.744 -1.062 -1.033 -0.662 -0.915 -0.931 -1.058 -1.516 -1.451 -1.245 -0.738 -0.806 -0.624 -1.151 -0.967 -0.686 -0.669 -0.909 -0.785 -0.761
0.114 -0.082 -0.332 -0.269 0.121 0.179 -0.332 -0.695 -0.888 -0.361 -0.377 -0.657 -0.862 -1.069 -0.271 0.817 0.721 0.155 -0.305 -0.699 -0.754 -0.643 -1.259 -0.884 -0.634 -0.578 -0.202 -0.861 -1.161 -1.079 -0.99 -0.908 -0.708 -0.322 -0.005 -0.218 -0.212 0.07 0.323 0.54 0.814 0.909 0.643 0.136 -0.132 0.287 0.781 0.921 0.948 0.948 0.839 -0.051 -0.651 -0.668 -0.775 -1.239 -1.15 -1.476 -1.264 -0.988 -1.322 -1.274 -1.578 -1.885 -1.833 -1.718 -1.373 -1.45 -0.944 -1.138 -1.123 -0.975 -0.717 -1.077 -0.997 -0.721
0.178 -0.346 -0.778 -0.563 0.026 -0.167 -0.629 -0.953 -0.675 -0.455 -0.809 -1.013 -1.119 -1.064 0.145 0.845 0.614 0.176 -0.349 -0.819 -0.945 -0.952 -0.972 -0.789 -0.951 -0.931 -0.331 -0.936 -1.311 -1.116 -0.864 -0.638 -0.407 -0.091 -0.316 -0.717 -0.601 -0.302 -0.001 0.28 0.508 0.768 0.866 0.775 0.576 0.768 0.924 0.904 0.835 0.823 0.822 0.173 -0.454 -1.031 -1.261 -1.423 -1.46 -1.207 -1.35 -1.333 -1.313 -1.065 -1.145 -1.431 -1.709 -1.85 -1.619 -1.329 -1.031 -1.181 -1.332 -1.093 -0.899 -1.159 -1.072 -0.58
0.079 -0.286 -0.795 -0.518 -0.117 -0.424 -0.873 -1.144 -0.745 -0.894 -1.057 -1.01 -0.784 -0.195 0.466 0.807 0.727 0.21 -0.318 -0.895 -1.248 -1.197 -0.923 -1.054 -1.171 -0.875 -0.523 -1.047 -1.304 -1.02 -0.793 -0.43 -0.182 -0.246 -0.814 -0.986 -0.76 -0.504 -0.261 0.042 0.222 0.455 0.721 0.906 0.892 0.929 0.938 0.922 0.704 0.458 0.74 0.561 -0.186 -1.071 -1.327 -1.162 -1.107 -0.971 -0.83 -0.881 -0.891 -0.643 -0.692 -0.872 -1.064 -1.348 -1.345 -1.184 -1.174 -1.305 -1.282 -1.191 -1.165 -1.069 -0.935 -0.592
-0.222 -0.277 -0.776 -0.527 -0.649 -0.893 -1.121 -1.081 -0.832 -0.88 -0.714 -0.454 0.042 0.392 0.611 0.737 0.817 0.574 -0.151 -0.962 -1.269 -1.374 -1.191 -1.085 -1.017 -0.879 -1.018 -1.257 -1.323 -1.127 -1.014 -0.649 -0.292 -0.51 -1.203 -1.032 -0.699 -0.592 -0.521 -0.229 0.082 0.374 0.531 0.82 0.924 0.938 0.938 0.938 0.915 0.685 0.44 0.617 0.367 -0.142 -0.588 -1.172 -0.926 -0.721 -0.566 -0.431 -0.273 -0.382 -0.519 -0.596 -0.786 -0.923 -1.065 -1.139 -1.192 -1.092 -0.948 -1.147 -1.472 -1.238 -0.863 -0.741
-0.206 -0.504 -0.872 -0.729 -0.866 -0.834 -0.577 -0.544 -0.611 -0.529 -0.011 0.202 0.206 0.159 0.4 0.53 0.778 0.821 0.346 -0.53 -1.023 -1.455 -1.4 -1.064 -1.233 -1.284 -1.268 -1.294 -1.458 -1.37 -1.233 -0.846 -0.426 -0.78 -1.298 -0.923 -0.873 -0.842 -0.709 -0.372 0.201 0.085 0.134 0.637 0.848 0.929 0.938 0.938 0.938 0.938 0.832 0.636 0.559 0.144 -0.303 -0.902 -0.972 -0.924 -0.852 -0.614 -0.181 -0.133 -0.328 -0.494 -0.842 -1.056 -0.955 -0.98 -1.047 -0.716 -0.673 -1.027 -1.301 -1.456 -1.216 -1.288
-0.254 -0.831 -0.677 -0.552 -0.479 -0.093 0.089 0.123 0.096 0.109 0.24 0.154 -0.147 -0.24 -0.47 -0.099 0.56 0.795 0.551 -0.305 -0.964 -1.342 -1.501 -1.192 -1.274 -1.337 -1.073 -1.173 -1.506 -1.502 -1.311 -0.861 -0.759 -1.067 -1.24 -1.064 -1.106 -0.996 -0.756 -0.133 0.255 -0.268 -0.263 0.316 0.537 0.705 0.803 0.904 0.929 0.938 0.911 0.806 0.719 0.387 0.07 -0.562 -0.901 -1.179 -1.036 -0.706 -0.169 0.066 -0.361 -0.676 -1.047 -0.978 -0.624 -0.687 -0.748 -0.445 -0.411 -0.761 -0.931 -1.143 -1.373 -1.629
-0.66 -0.88 -0.457 -0.232 -0.178 0.162 0.093 -0.042 0.028 -0.027 -0.495 -0.826 -0.974 -1.027 -1.083 -0.314 0.456 0.737 0.574 -0.25 -0.827 -1.088 -1.399 -1.076 -0.819 -0.981 -0.792 -1.169 -1.39 -1.328 -1.332 -1.167 -1.245 -1.307 -1.365 -1.262 -1.147 -0.823 -0.362 0.184 -0.188 -0.577 -0.536 -0.061 0.183 0.211 0.349 0.503 0.784 0.912 0.93 0.903 0.855 0.636 0.331 -0.189 -0.63 -1.081 -0.872 -0.48 -0.028 0.185 -0.203 -0.593 -0.955 -0.653 -0.197 -0.449 -0.386 -0.084 -0.296 -0.551 -0.902 -1.322 -1.238 -1.163
-0.872 -0.782 -0.484 -0.662 -0.782 -0.126 -0.438 -0.955 -0.929 -1.062 -1.525 -1.856 -1.737 -1.516 -0.765 -0.029 0.499 0.737 0.523 -0.053 -0.28 -0.604 -1.052 -0.759 -0.391 -0.664 -0.844 -1.29 -0.987 -1.047 -1.442 -1.429 -1.461 -1.345 -1.216 -1.129 -0.939 -0.645 0.055 0.028 -0.574 -0.985 -0.805 -0.342 -0.106 -0.29 -0.111 0.033 0.437 0.774 0.892 0.938 0.915 0.816 0.619 0.199 -0.168 -0.534 -0.441 -0.15 0.201 0.315 -0.091 -0.383 -0.549 -0.35 0.094 -0.273 0 -0.083 -0.514 -0.781 -0.903 -1.228 -1.201 -0.92
-1.019 -0.722 -0.855 -1.155 -1.223 -0.685 -0.432 -0.847 -1.112 -1.577 -1.85 -1.999 -1.647 -1.184 -0.611 0.094 0.628 0.746 0.585 0.324 0.303 0.095 -0.342 -0.281 -0.34 -0.881 -1.236 -1.325 -0.663 -0.97 -1.498 -1.226 -1.257 -1.423 -0.882 -0.559 -0.402 -0.094 0.082 -0.264 -0.704 -1.278 -1.138 -0.568 -0.598 -0.734 -0.502 -0.201 0.375 0.59 0.667 0.889 0.938 0.911 0.815 0.579 0.222 -0.07 0.021 0.177 0.459 0.41 0.21 0.058 -0.118 0.066 0.281 0.172 0.274 0.083 -0.225 -0.365 -0.696 -1.203 -1.045 -0.681
-0.596 -0.667 -1.05 -1.385 -1.411 -1.096 -0.694 -0.519 -0.945 -1.476 -1.782 -1.678 -0.961 -0.691 -0.28 0.383 0.73 0.536 0.395 -0.118 -0.119 0.23 0.269 0.159 -0.31 -0.939 -1.298 -1.232 -0.533 -0.862 -1.375 -0.838 -1.054 -1.091 -0.619 -0.157 -0.029 0.011 -0.215 -0.685 -0.862 -1.488 -1.413 -1.031 -1.051 -1.032 -0.746 -0.237 0.436 0.319 0.249 0.623 0.88 0.934 0.896 0.828 0.553 0.306 0.354 0.547 0.731 0.727 0.607 0.518 0.388 0.472 0.477 0.256 -0.017 -0.147 -0.158 -0.396 -0.721 -0.724 -0.565 -0.485
-0.534 -0.754 -1.115 -1.375 -1.316 -1.14 -0.948 -0.92 -1.148 -1.513 -1.508 -1.207 -0.63 -0.388 0.114 0.641 0.559 0.153 0.164 -0.424 -0.751 -0.291 0.047 0.362 -0.136 -0.754 -0.958 -1.07 -0.501 -0.778 -1.227 -0.861 -0.6 -0.546 -0.258 -0.373 -0.66 -0.632 -0.24 -0.965 -1.074 -1.57 -1.569 -1.242 -1.092 -0.919 -0.557 -0.116 0.423 0.043 -0.082 0.136 0.587 0.901 0.93 0.91 0.837 0.673 0.518 0.666 0.717 0.652 0.657 0.768 0.684 0.398 0.062 -0.203 -0.442 -0.579 -0.58 -0.535 -0.462 -0.303 -0.466 -0.571
-0.655 -0.801 -1.068 -1.297 -1.306 -1.164 -1.037 -1.468 -1.371 -1.204 -0.97 -0.69 -0.362 -0.015 0.503 0.621 0.228 -0.155 0.033 -0.537 -1.089 -0.85 -0.532 0.066 0.2 -0.405 -0.582 -0.625 -0.359 -0.821 -1.253 -0.819 -0.365 -0.44 -0.554 -0.793 -1.099 -1.055 -0.461 -1.034 -1.448 -1.751 -1.5 -1.048 -0.62 -0.419 -0.156 0.127 0.398 -0.13 -0.232 0.004 0.499 0.905 0.937 0.926 0.887 0.298 0.399 0.37 0.18 0.072 -0.029 0.212 0.596 0.506 -0.027 -0.261 -0.381 -0.68 -0.884 -0.74 -0.374 -0.321 -0.769 -0.907
-0.632 -0.735 -0.898 -1.154 -1.449 -1.298 -1.33 -1.734 -1.531 -1.261 -1.017 -0.722 -0.49 0.163 0.667 0.318 -0.27 -0.344 -0.239 -0.615 -1.198 -1.253 -0.964 -0.424 0.29 0.044 -0.139 -0.25 -0.547 -1.246 -1.464 -0.841 -0.686 -1.064 -0.999 -1.071 -1.4 -1.16 -0.713 -1.089 -1.637 -1.816 -1.52 -1.043 -0.685 -0.492 -0.425 0.105 0.357 -0.268 -0.393 0.055 0.578 0.933 0.943 0.937 0.825 0.233 0.304 0.094 -0.32 -0.341 -0.452 -0.369 0.117 0.62 0.311 0.01 -0.163 -0.544 -0.864 -0.665 -0.215 -0.401 -0.849 -1.115
-0.525 -0.687 -0.989 -1.268 -1.471 -1.382 -1.467 -1.545 -1.424 -1.156 -0.916 -0.693 -0.426 0.313 0.593 -0.077 -0.71 -0.529 -0.671 -0.736 -1.157 -1.088 -0.664 -0.347 0.22 -0.012 -0.505 -0.839 -1.243 -1.423 -1.424 -0.993 -1.041 -1.362 -1.374 -1.484 -1.513 -1.223 -1.096 -1.357 -1.77 -1.597 -1.734 -1.423 -1.138 -1.109 -0.78 -0.025 0.306 -0.464 -0.372 0.162 0.671 0.943 0.943 0.887 0.617 0.073 0.262 -0.113 -0.494 -0.622 -0.485 -0.227 0.173 0.633 0.438 0.032 -0.315 -0.538 -0.554 -0.273 -0.077 -0.511 -1.026 -1.135
-0.482 -0.78 -1.015 -1.199 -1.222 -1.238 -1.284 -1.293 -1.158 -0.828 -0.605 -0.454 -0.034 0.573 0.382 -0.288 -0.777 -0.694 -0.808 -0.9 -1.235 -1.264 -0.91 -0.519 0.146 -0.169 -0.926 -1.17 -1.156 -1.204 -1.294 -1.076 -1.277 -1.529 -1.533 -1.437 -1.377 -1.27 -1.292 -1.409 -1.722 -1.331 -1.617 -1.498 -1.083 -0.992 -0.699 0.024 0.014 -0.616 -0.244 0.21 0.729 0.943 0.935 0.801 0.493 0.023 0.127 -0.046 -0.425 -0.638 -0.453 -0.028 0.366 0.595 0.535 0.089 -0.179 -0.2 -0.161 0.041 -0.167 -0.648 -1.021 -1.208
-0.406 -0.985 -0.981 -1.062 -1.048 -1.181 -1.395 -1.363 -0.978 -0.603 -0.219 -0.081 0.448 0.501 -0.184 -0.246 -0.688 -0.9 -1.047 -1.074 -1.327 -1.351 -1.064 -0.611 0.077 -0.064 -0.759 -0.849 -0.875 -1.058 -1.511 -1.483 -1.531 -1.439 -1.274 -1.041 -0.955 -0.895 -0.938 -1.066 -1.475 -1.309 -1.178 -1.527 -1.208 -0.705 -0.263 0.218 -0.46 -0.608 -0.101 0.392 0.823 0.941 0.921 0.758 0.356 -0.19 0.01 -0.158 -0.542 -0.572 -0.269 0.148 0.277 0.353 0.552 0.447 0.298 0.234 0.251 0.194 -0.067 -0.369 -0.644 -0.902
