data/climatemaps/RS_maps/climate_winter_tmin_2002.asc
NCOLS 369 
NROWS 228 
XLLCORNER 479000 
YLLCORNER 73000 
CELLSIZE 1000 
NODATA_value -9 
[rows 34 to 67 of 228, columns 228 to 303 of 369]
0.775 0.771 0.798 0.8 0.778 0.757 0.754 0.746 0.735 0.721 0.727 0.761 0.774 0.768 0.773 0.778 0.771 0.767 0.775 0.775 0.765 0.784 0.783 0.778 0.764 0.757 0.739 0.72 0.713 0.702 0.709 0.721 0.724 0.727 0.73 0.744 0.751 0.754 0.753 0.756 0.764 0.768 0.77 0.765 0.765 0.764 0.759 0.757 0.755 0.751 0.75 0.748 0.745 0.746 0.742 0.74 0.736 0.733 0.731 0.727 0.724 0.715 0.714 0.714 0.716 0.712 0.701 0.632 0.454 0.289 -9 -9 -9 -9 -9 -9
0.748 0.75 0.759 0.786 0.794 0.78 0.773 0.734 0.709 0.739 0.774 0.792 0.791 0.778 0.773 0.762 0.744 0.74 0.736 0.76 0.754 0.762 0.765 0.772 0.764 0.747 0.713 0.701 0.687 0.689 0.699 0.697 0.697 0.706 0.708 0.718 0.73 0.732 0.734 0.738 0.744 0.751 0.756 0.756 0.756 0.755 0.754 0.751 0.748 0.747 0.742 0.742 0.737 0.737 0.733 0.736 0.732 0.725 0.72 0.72 0.718 0.714 0.712 0.708 0.71 0.703 0.704 0.609 0.399 0.25 -9 -9 -9 -9 -9 -9
0.735 0.734 0.749 0.775 0.8 0.803 0.794 0.784 0.779 0.793 0.801 0.789 0.777 0.769 0.741 0.717 0.71 0.713 0.714 0.723 0.721 0.727 0.728 0.716 0.719 0.74 0.705 0.683 0.68 0.692 0.698 0.692 0.689 0.687 0.697 0.701 0.71 0.72 0.728 0.728 0.737 0.741 0.74 0.751 0.751 0.748 0.748 0.745 0.742 0.739 0.735 0.732 0.729 0.726 0.722 0.72 0.72 0.719 0.719 0.714 0.712 0.708 0.703 0.699 0.696 0.696 0.698 0.622 0.371 0.246 0.331 -9 -9 -9 -9 -9
0.708 0.706 0.746 0.772 0.786 0.795 0.786 0.789 0.793 0.786 0.775 0.759 0.758 0.732 0.706 0.681 0.655 0.641 0.668 0.688 0.688 0.682 0.682 0.684 0.684 0.703 0.71 0.677 0.679 0.697 0.699 0.691 0.684 0.677 0.678 0.678 0.682 0.693 0.707 0.714 0.728 0.737 0.736 0.74 0.745 0.744 0.734 0.734 0.736 0.731 0.73 0.725 0.725 0.72 0.72 0.718 0.714 0.71 0.703 0.705 0.702 0.702 0.696 0.694 0.685 0.682 0.672 0.596 0.364 0.315 0.449 0.467 -9 -9 -9 -9
0.703 0.729 0.756 0.757 0.769 0.782 0.792 0.782 0.766 0.758 0.757 0.756 0.73 0.702 0.663 0.649 0.636 0.606 0.644 0.654 0.647 0.644 0.647 0.665 0.667 0.674 0.704 0.692 0.701 0.694 0.68 0.671 0.676 0.674 0.663 0.656 0.651 0.653 0.663 0.678 0.696 0.714 0.725 0.727 0.732 0.728 0.726 0.726 0.726 0.72 0.72 0.716 0.709 0.704 0.708 0.708 0.703 0.702 0.698 0.696 0.692 0.693 0.688 0.68 0.676 0.668 0.646 0.545 0.442 0.452 0.537 0.531 -9 -9 -9 -9
0.743 0.749 0.747 0.74 0.731 0.77 0.778 0.778 0.766 0.762 0.75 0.741 0.721 0.664 0.663 0.634 0.607 0.633 0.664 0.62 0.621 0.621 0.629 0.66 0.659 0.657 0.693 0.706 0.68 0.655 0.641 0.635 0.646 0.641 0.644 0.639 0.63 0.623 0.627 0.63 0.648 0.671 0.686 0.693 0.707 0.711 0.722 0.715 0.714 0.714 0.707 0.707 0.702 0.702 0.698 0.701 0.698 0.694 0.692 0.687 0.686 0.683 0.678 0.674 0.669 0.662 0.649 0.596 0.564 0.542 0.525 0.425 -9 -9 -9 -9
0.721 0.705 0.709 0.73 0.73 0.713 0.727 0.749 0.756 0.756 0.756 0.742 0.728 0.682 0.652 0.647 0.64 0.657 0.67 0.628 0.645 0.648 0.651 0.667 0.653 0.652 0.685 0.682 0.641 0.633 0.626 0.616 0.619 0.614 0.616 0.623 0.63 0.614 0.607 0.606 0.618 0.631 0.645 0.657 0.673 0.693 0.695 0.701 0.694 0.685 0.667 0.667 0.679 0.681 0.69 0.687 0.685 0.681 0.681 0.68 0.676 0.676 0.672 0.668 0.663 0.656 0.651 0.622 0.535 0.439 0.364 0.267 -9 -9 -9 -9
0.667 0.697 0.698 0.719 0.715 0.685 0.673 0.702 0.727 0.74 0.744 0.742 0.72 0.679 0.648 0.658 0.648 0.664 0.688 0.673 0.682 0.678 0.661 0.651 0.647 0.674 0.681 0.661 0.637 0.624 0.612 0.599 0.589 0.565 0.564 0.578 0.593 0.605 0.596 0.587 0.591 0.606 0.614 0.624 0.644 0.646 0.643 0.648 0.615 0.577 0.552 0.578 0.63 0.645 0.662 0.669 0.673 0.673 0.671 0.667 0.665 0.665 0.663 0.66 0.656 0.648 0.643 0.602 0.483 0.381 0.289 0.226 0.311 -9 -9 -9
0.618 0.646 0.673 0.644 0.689 0.686 0.659 0.684 0.688 0.719 0.728 0.715 0.709 0.69 0.675 0.666 0.669 0.696 0.704 0.695 0.684 0.666 0.651 0.647 0.673 0.68 0.663 0.635 0.615 0.606 0.591 0.564 0.518 0.489 0.485 0.499 0.545 0.58 0.584 0.57 0.566 0.569 0.575 0.594 0.602 0.577 0.557 0.527 0.467 0.437 0.465 0.521 0.555 0.555 0.564 0.585 0.613 0.648 0.662 0.656 0.658 0.658 0.653 0.649 0.648 0.639 0.637 0.625 0.537 0.4 0.293 0.278 0.37 -9 -9 -9
0.549 0.591 0.632 0.615 0.638 0.667 0.694 0.695 0.696 0.708 0.686 0.673 0.684 0.688 0.687 0.697 0.703 0.697 0.689 0.692 0.685 0.678 0.673 0.669 0.667 0.638 0.628 0.608 0.58 0.577 0.562 0.508 0.468 0.432 0.407 0.429 0.498 0.565 0.564 0.503 0.523 0.531 0.546 0.571 0.526 0.465 0.437 0.391 0.351 0.377 0.428 0.433 0.433 0.425 0.408 0.435 0.488 0.555 0.606 0.64 0.646 0.647 0.647 0.644 0.638 0.636 0.631 0.616 0.565 0.472 0.401 0.387 0.339 -9 -9 -9
0.579 0.543 0.637 0.61 0.643 0.657 0.649 0.664 0.686 0.685 0.647 0.655 0.661 0.677 0.682 0.691 0.679 0.665 0.657 0.666 0.67 0.67 0.669 0.65 0.609 0.595 0.596 0.586 0.582 0.565 0.535 0.485 0.445 0.427 0.412 0.457 0.493 0.534 0.516 0.453 0.499 0.5 0.528 0.513 0.437 0.38 0.36 0.33 0.302 0.312 0.364 0.368 0.35 0.369 0.315 0.328 0.428 0.505 0.587 0.632 0.637 0.637 0.633 0.632 0.625 0.621 0.619 0.61 0.488 0.383 0.331 0.278 0.182 -9 -9 -9
0.604 0.565 0.628 0.565 0.594 0.617 0.626 0.636 0.672 0.667 0.637 0.637 0.625 0.648 0.649 0.669 0.655 0.636 0.624 0.601 0.632 0.646 0.641 0.616 0.585 0.579 0.572 0.569 0.577 0.55 0.518 0.476 0.426 0.424 0.388 0.449 0.489 0.534 0.487 0.474 0.492 0.476 0.468 0.491 0.438 0.41 0.338 0.278 0.237 0.253 0.301 0.314 0.292 0.34 0.321 0.374 0.502 0.586 0.621 0.63 0.627 0.626 0.626 0.623 0.615 0.615 0.611 0.589 0.443 0.237 0.118 0.064 0.029 -9 -9 -9
0.619 0.606 0.599 0.549 0.548 0.575 0.62 0.629 0.652 0.627 0.594 0.577 0.573 0.603 0.599 0.631 0.644 0.621 0.607 0.6 0.611 0.61 0.599 0.604 0.586 0.567 0.55 0.548 0.547 0.523 0.493 0.47 0.442 0.419 0.444 0.479 0.512 0.508 0.462 0.463 0.429 0.394 0.385 0.413 0.391 0.402 0.318 0.268 0.231 0.209 0.219 0.262 0.29 0.351 0.388 0.447 0.553 0.613 0.623 0.621 0.617 0.615 0.61 0.609 0.598 0.597 0.59 0.573 0.381 0.145 -0.008 -0.067 -0.007 -9 -9 -9
0.591 0.563 0.544 0.528 0.528 0.557 0.584 0.599 0.618 0.583 0.558 0.535 0.556 0.571 0.571 0.6 0.63 0.579 0.555 0.547 0.552 0.564 0.558 0.566 0.558 0.561 0.535 0.53 0.525 0.515 0.496 0.474 0.446 0.44 0.493 0.507 0.506 0.456 0.433 0.399 0.358 0.33 0.302 0.294 0.31 0.368 0.334 0.284 0.23 0.198 0.166 0.185 0.221 0.272 0.349 0.425 0.512 0.581 0.615 0.609 0.607 0.609 0.608 0.598 0.587 0.581 0.572 0.533 0.38 0.173 0.024 -0.143 -0.131 -9 -9 -9
0.596 0.563 0.552 0.509 0.502 0.53 0.53 0.562 0.584 0.532 0.526 0.504 0.525 0.527 0.54 0.59 0.609 0.556 0.495 0.48 0.458 0.496 0.5 0.529 0.532 0.535 0.534 0.521 0.515 0.495 0.491 0.476 0.47 0.483 0.491 0.497 0.459 0.399 0.379 0.339 0.304 0.281 0.256 0.251 0.265 0.29 0.296 0.285 0.242 0.17 0.186 0.235 0.281 0.365 0.477 0.56 0.595 0.603 0.604 0.603 0.601 0.601 0.593 0.59 0.582 0.571 0.557 0.501 0.425 0.295 0.127 -0.1 -0.184 -0.021 -9 -9
0.603 0.554 0.561 0.532 0.506 0.495 0.499 0.529 0.543 0.499 0.469 0.471 0.485 0.492 0.499 0.58 0.592 0.544 0.525 0.512 0.491 0.47 0.471 0.455 0.466 0.483 0.482 0.487 0.479 0.443 0.444 0.417 0.435 0.451 0.445 0.453 0.429 0.377 0.339 0.29 0.266 0.279 0.268 0.24 0.201 0.197 0.21 0.187 0.176 0.192 0.258 0.362 0.447 0.531 0.586 0.597 0.598 0.598 0.591 0.588 0.591 0.59 0.586 0.583 0.575 0.564 0.526 0.375 0.375 0.365 0.234 0 -0.149 -0.153 -9 -9
0.568 0.524 0.513 0.497 0.501 0.492 0.477 0.506 0.496 0.463 0.463 0.487 0.498 0.521 0.529 0.552 0.588 0.542 0.475 0.443 0.406 0.408 0.403 0.377 0.401 0.426 0.416 0.432 0.438 0.397 0.406 0.39 0.371 0.374 0.379 0.413 0.396 0.393 0.342 0.311 0.302 0.282 0.238 0.19 0.167 0.157 0.127 0.093 0.157 0.288 0.386 0.476 0.554 0.582 0.587 0.585 0.583 0.586 0.585 0.582 0.576 0.576 0.576 0.574 0.549 0.445 0.3 0.111 0.154 0.344 0.243 0.05 -0.119 -0.236 -9 -9
0.579 0.521 0.494 0.459 0.435 0.454 0.443 0.428 0.455 0.412 0.42 0.42 0.436 0.479 0.498 0.544 0.57 0.558 0.517 0.475 0.428 0.429 0.389 0.356 0.352 0.372 0.387 0.406 0.372 0.329 0.364 0.38 0.34 0.31 0.333 0.384 0.347 0.39 0.363 0.323 0.316 0.283 0.232 0.218 0.193 0.086 0.049 0.072 0.189 0.304 0.421 0.534 0.559 0.573 0.572 0.578 0.579 0.57 0.57 0.574 0.568 0.567 0.566 0.545 0.438 0.214 -0.031 -0.082 0.031 0.214 0.142 -0.046 -0.193 -0.242 -9 -9
0.574 0.479 0.443 0.444 0.429 0.412 0.359 0.366 0.426 0.436 0.447 0.468 0.48 0.481 0.498 0.522 0.561 0.519 0.48 0.496 0.471 0.426 0.4 0.371 0.334 0.34 0.346 0.367 0.298 0.295 0.34 0.328 0.315 0.295 0.343 0.358 0.324 0.364 0.355 0.263 0.238 0.257 0.263 0.231 0.144 0.111 0.136 0.076 0.15 0.303 0.444 0.53 0.558 0.562 0.566 0.565 0.564 0.561 0.558 0.561 0.558 0.554 0.546 0.468 0.285 0.027 -0.198 -0.145 -0.053 0.09 0.051 -0.094 -0.264 -0.376 -9 -9
0.553 0.543 0.5 0.502 0.446 0.414 0.313 0.345 0.37 0.428 0.44 0.466 0.445 0.456 0.45 0.488 0.541 0.468 0.407 0.431 0.472 0.432 0.402 0.363 0.335 0.315 0.282 0.339 0.278 0.279 0.307 0.269 0.294 0.326 0.331 0.306 0.308 0.348 0.349 0.259 0.224 0.162 0.148 0.171 0.183 0.182 0.156 0.139 0.207 0.335 0.474 0.542 0.552 0.554 0.558 0.556 0.551 0.55 0.549 0.547 0.549 0.546 0.513 0.366 0.15 -0.125 -0.288 -0.17 -0.026 0.025 -0.078 -0.218 -0.492 -9 -9 -9
0.504 0.515 0.494 0.495 0.493 0.448 0.36 0.37 0.337 0.337 0.372 0.417 0.36 0.403 0.425 0.472 0.523 0.465 0.376 0.375 0.461 0.384 0.367 0.341 0.33 0.254 0.238 0.286 0.273 0.244 0.246 0.257 0.295 0.313 0.275 0.215 0.197 0.282 0.333 0.317 0.258 0.223 0.149 0.149 0.195 0.168 0.116 0.097 0.175 0.31 0.449 0.536 0.536 0.544 0.545 0.545 0.541 0.536 0.541 0.537 0.53 0.499 0.317 0.109 -0.055 -0.266 -0.188 -0.041 -0.042 -0.096 -0.226 -0.46 -0.597 -9 -9 -9
0.493 0.436 0.403 0.428 0.404 0.454 0.417 0.373 0.333 0.292 0.341 0.374 0.293 0.366 0.405 0.452 0.504 0.467 0.368 0.349 0.443 0.371 0.321 0.247 0.258 0.216 0.192 0.215 0.189 0.177 0.222 0.248 0.272 0.282 0.209 0.144 0.061 0.109 0.183 0.266 0.305 0.243 0.189 0.177 0.13 0.094 0.048 0.091 0.226 0.345 0.457 0.519 0.524 0.534 0.534 0.531 0.515 0.486 0.526 0.515 0.476 0.374 0.118 -0.013 -0.246 -0.387 -0.189 -0.053 -0.207 -0.304 -0.327 -0.473 -0.485 -9 -9 -9
0.469 0.421 0.363 0.338 0.348 0.422 0.41 0.363 0.286 0.27 0.342 0.285 0.264 0.339 0.4 0.437 0.473 0.457 0.336 0.307 0.411 0.34 0.253 0.183 0.187 0.251 0.214 0.176 0.204 0.214 0.207 0.2 0.236 0.247 0.153 0.049 0.059 0.121 0.145 0.186 0.266 0.281 0.24 0.185 0.152 0.152 0.127 0.156 0.237 0.346 0.445 0.494 0.501 0.52 0.525 0.52 0.503 0.479 0.509 0.471 0.373 0.221 0.04 -0.145 -0.341 -0.443 -0.337 -0.156 -0.31 -0.563 -0.521 -0.455 -0.317 -9 -9 -9
0.471 0.391 0.37 0.304 0.364 0.378 0.356 0.292 0.259 0.189 0.25 0.249 0.305 0.335 0.337 0.374 0.434 0.443 0.33 0.246 0.348 0.37 0.336 0.291 0.276 0.242 0.209 0.241 0.229 0.165 0.099 0.109 0.191 0.226 0.15 0.106 0.141 0.175 0.174 0.178 0.177 0.231 0.249 0.224 0.184 0.111 0.053 0.03 0.094 0.236 0.334 0.417 0.462 0.515 0.514 0.513 0.51 0.497 0.486 0.397 0.312 0.188 0.037 -0.076 -0.283 -0.4 -0.38 -0.271 -0.345 -0.597 -0.447 -0.406 -9 -9 -9 -9
0.437 0.399 0.306 0.312 0.383 0.336 0.288 0.293 0.205 0.128 0.183 0.28 0.335 0.26 0.247 0.332 0.376 0.447 0.307 0.187 0.223 0.313 0.347 0.315 0.307 0.265 0.266 0.241 0.161 0.053 0.072 0.112 0.203 0.207 0.169 0.156 0.169 0.089 0.075 0.092 0.036 0.077 0.168 0.214 0.148 0.039 -0.077 -0.146 -0.035 0.092 0.23 0.326 0.45 0.504 0.502 0.498 0.494 0.489 0.445 0.403 0.35 0.222 0.104 -0.062 -0.161 -0.105 -0.221 -0.363 -0.391 -0.638 -0.494 -9 -9 -9 -9 -9
0.429 0.372 0.252 0.325 0.388 0.301 0.193 0.245 0.231 0.114 0.123 0.236 0.239 0.146 0.227 0.302 0.378 0.424 0.269 0.169 0.195 0.238 0.262 0.287 0.309 0.276 0.205 0.13 0.062 0.048 0.103 0.19 0.193 0.107 0.029 0.066 0.078 -0.011 -0.054 -0.015 -0.055 -0.01 0.095 0.175 0.139 0.063 -0.054 -0.153 -0.17 -0.103 0.148 0.289 0.449 0.487 0.493 0.493 0.488 0.476 0.464 0.447 0.402 0.255 0.064 0.118 0.072 0.01 -0.115 -0.267 -0.411 -0.703 -0.807 -9 -9 -9 -9 -9
0.468 0.377 0.249 0.324 0.406 0.312 0.154 0.217 0.18 0.156 0.139 0.118 0.119 0.087 0.183 0.238 0.312 0.438 0.33 0.244 0.188 0.174 0.243 0.245 0.218 0.245 0.137 0.12 0.088 0.018 0.06 0.201 0.124 0.015 -0.026 -0.017 -0.09 -0.111 -0.136 -0.059 -0.033 0.043 0.06 0.114 0.107 0.084 -0.025 -0.184 -0.321 -0.152 0.157 0.402 0.475 0.474 0.48 0.479 0.474 0.463 0.452 0.438 0.387 0.305 0.213 0.064 -0.165 -0.272 -0.158 -0.187 -0.422 -0.715 -9 -9 -9 -9 -9 -9
0.495 0.379 0.219 0.316 0.419 0.353 0.207 0.218 0.084 0.107 0.19 0.096 0.023 0.094 0.186 0.26 0.331 0.426 0.373 0.288 0.229 0.201 0.168 0.147 0.182 0.225 0.137 0.089 0.014 -0.046 0.008 0.172 0.065 -0.079 -0.116 -0.189 -0.245 -0.163 -0.084 -0.006 -0.024 -0.098 -0.116 0.094 -0.007 0.009 -0.07 -0.318 -0.334 0.038 0.309 0.457 0.475 0.468 0.468 0.468 0.462 0.455 0.442 0.427 0.408 0.325 0.164 0.004 -0.161 -0.323 -0.346 -0.351 -0.577 -9 -9 -9 -9 -9 -9 -9
0.528 0.395 0.271 0.315 0.43 0.389 0.283 0.151 0.106 0.238 0.273 0.195 0.031 0.048 0.061 0.149 0.229 0.377 0.412 0.32 0.193 0.097 0.047 0.056 0.103 0.178 0.061 0.006 -0.053 -0.113 -0.095 0.067 0.019 -0.168 -0.21 -0.242 -0.194 -0.115 -0.083 -0.109 -0.297 -0.343 -0.12 -0.024 -0.318 -0.281 -0.196 -0.339 -0.201 0.206 0.433 0.464 0.459 0.452 0.446 0.456 0.453 0.446 0.431 0.417 0.389 0.276 0.087 -0.124 -0.229 -0.326 -0.424 -9 -9 -9 -9 -9 -9 -9 -9 -9
0.565 0.462 0.401 0.401 0.476 0.39 0.267 0.166 0.221 0.325 0.253 0.09 0.032 0.172 0.192 0.213 0.302 0.323 0.38 0.367 0.234 0.097 0.022 0.015 0.032 0.116 0.078 0.015 -0.074 -0.184 -0.189 -0.115 -0.023 -0.088 -0.126 -0.194 -0.206 -0.225 -0.29 -0.426 -0.408 -0.235 -0.192 -0.323 -0.365 -0.257 -0.34 -0.222 0.153 0.395 0.456 0.457 0.451 0.446 0.44 0.439 0.443 0.434 0.427 0.397 0.327 0.239 0.099 0.002 -0.116 -0.226 -0.272 -9 -9 -9 -9 -9 -9 -9 -9 -9
0.592 0.55 0.501 0.488 0.495 0.436 0.381 0.267 0.29 0.341 0.187 0.18 0.213 0.221 0.265 0.288 0.236 0.165 0.292 0.389 0.317 0.193 0.104 0.047 0.038 0.032 -0.073 -0.04 -0.066 -0.113 -0.121 -0.223 -0.147 -0.061 -0.147 -0.215 -0.325 -0.561 -0.694 -0.526 -0.283 -0.472 -0.531 -0.355 -0.33 -0.446 -0.262 0.072 0.355 0.442 0.455 0.449 0.449 0.437 0.425 0.424 0.415 0.419 0.379 0.333 0.327 0.157 0.007 -0.029 -0.035 -0.074 -9 -9 -9 -9 -9 -9 -9 -9 -9 -9
0.612 0.565 0.498 0.416 0.418 0.468 0.461 0.398 0.397 0.359 0.296 0.292 0.223 0.262 0.271 0.212 0.08 0.013 0.141 0.301 0.355 0.309 0.23 0.151 0.078 -0.03 -0.157 -0.173 -0.138 -0.131 -0.147 -0.22 -0.208 -0.15 -0.22 -0.333 -0.636 -0.875 -0.745 -0.567 -0.483 -0.686 -0.514 -0.419 -0.53 -0.244 0.116 0.355 0.423 0.44 0.44 0.442 0.438 0.416 0.39 0.416 0.345 0.377 0.272 0.282 0.334 0.089 -0.093 -0.214 -0.306 -9 -9 -9 -9 -9 -9 -9 -9 -9 -9 -9
0.633 0.587 0.527 0.508 0.507 0.504 0.489 0.464 0.45 0.443 0.404 0.351 0.308 0.278 0.185 0.076 -0.033 -0.067 0.048 0.158 0.262 0.288 0.275 0.248 0.169 0.013 -0.082 -0.046 -0.02 -0.029 -0.06 -0.118 -0.125 -0.176 -0.324 -0.685 -0.843 -0.974 -0.781 -0.721 -0.711 -0.59 -0.676 -0.47 -0.184 0.153 0.375 0.429 0.425 0.428 0.433 0.432 0.41 0.33 0.342 0.395 0.343 0.333 0.258 0.303 0.292 0.124 0.011 -0.157 -0.442 -9 -9 -9 -9 -9 -9 -9 -9 -9 -9 -9
0.645 0.621 0.603 0.568 0.553 0.541 0.542 0.537 0.512 0.482 0.463 0.427 0.385 0.293 0.135 0.041 -0.039 -0.085 -0.034 0.033 0.14 0.151 0.118 0.198 0.233 0.153 0.09 0.075 -0.009 -0.043 -0.094 -0.08 -0.152 -0.213 -0.538 -0.717 -0.574 -0.655 -0.943 -0.923 -0.817 -0.85 -0.634 -0.169 0.141 0.314 0.418 0.429 0.426 0.424 0.411 0.388 0.322 0.293 0.381 0.36 0.336 0.324 0.314 0.304 0.281 0.267 0.197 0.028 -9 -9 -9 -9 -9 -9 -9 -9 -9 -9 -9 -9
