data/climatemaps/RS_maps/climate_breeding_tmp_2009.asc
NCOLS 369 
NROWS 228 
XLLCORNER 479000 
YLLCORNER 73000 
CELLSIZE 1000 
NODATA_value -9 
[rows 170 to 203 of 228, columns 77 to 153 of 369]
0.562 1.124 1.332 1.342 1.336 1.332 1.313 1.202 0.709 0.581 0.752 0.777 0.469 0.197 -0.365 -0.625 -0.539 -0.569 -0.546 -0.534 -0.351 -0.179 -0.207 -0.111 -0.737 -1.421 -1.757 -1.778 -1.478 -1.463 -1.251 -1.113 -1.027 -1.137 -1.385 -1.447 -1.281 -1.298 -1.406 -1.51 -1.366 -1.067 -0.76 -0.425 0.132 -0.317 -0.762 -0.621 -0.342 -0.112 0.167 0.265 0.429 0.351 0.391 0.415 0.359 0.517 0.719 0.351 0.168 0.045 0.255 0.015 -0.032 0.028 0.121 0.668 0.353 0.14 0.031 0.126 0.132 0.117 -0.152 -0.204 -0.191
0.435 0.934 1.303 1.344 1.342 1.338 1.328 1.293 1.103 0.971 0.88 0.589 0.095 -0.236 -0.386 -0.471 -0.496 -0.465 -0.364 -0.348 -0.454 -0.428 -0.671 -0.458 -0.896 -1.553 -1.835 -1.759 -1.568 -1.407 -1.247 -1.087 -0.852 -0.642 -0.969 -1.064 -0.943 -1.232 -1.055 -1.135 -1.019 -0.739 -0.424 -0.102 0.359 -0.244 -0.364 -0.278 -0.038 0.223 0.54 0.738 0.773 0.845 0.922 0.855 0.872 0.956 0.96 0.784 0.663 0.513 0.552 0.537 0.604 0.631 0.725 0.956 0.811 0.811 0.669 0.64 0.653 0.483 0.412 0.393 0.477
0.397 0.841 1.191 1.343 1.344 1.343 1.339 1.31 1.192 0.949 0.79 0.435 0.021 -0.109 -0.061 -0.248 -0.21 -0.158 -0.201 -0.265 -0.517 -0.807 -1.239 -1.308 -1.543 -1.899 -1.472 -1.406 -1.354 -1.264 -1.155 -1.141 -0.822 -0.375 -0.424 -0.467 -0.725 -1.252 -0.73 -0.741 -0.724 -0.379 0.004 0.335 0.358 -0.052 -0.093 0.02 0.242 0.457 0.715 0.95 1.028 1.104 1.149 1.132 1.144 1.119 1.069 1.027 0.995 0.918 0.938 1.018 1.038 1.053 1.047 1.013 0.969 0.972 1.009 1.012 0.974 0.972 0.886 0.867 0.919
0.214 0.601 0.931 1.34 1.344 1.343 1.338 1.329 1.262 1.118 0.908 0.426 0.236 0.285 0.152 -0.074 -0.028 -0.144 -0.372 -0.448 -0.547 -0.758 -1.106 -1.331 -1.525 -1.501 -0.893 -0.605 -0.702 -0.72 -0.935 -1.16 -0.951 -0.559 -0.199 -0.009 -0.696 -1.165 -0.531 -0.373 -0.365 -0.033 0.296 0.554 0.245 0.059 0.059 0.209 0.474 0.778 0.975 1.112 1.158 1.189 1.181 1.14 1.07 1.016 0.967 0.956 1.04 1.089 1.084 0.991 0.988 0.798 0.734 0.634 0.494 0.535 0.708 0.826 0.875 0.923 0.945 0.935 0.956
-0.098 0.199 0.679 1.281 1.346 1.346 1.341 1.335 1.287 1.297 1.036 0.643 0.589 0.564 0.335 0.156 0.055 -0.103 -0.269 -0.304 -0.27 -0.477 -0.704 -0.862 -0.956 -0.814 -0.432 -0.119 -0.174 -0.555 -1.029 -1.084 -0.871 -0.569 -0.158 0.257 -0.524 -0.756 -0.244 -0.137 -0.023 0.252 0.522 0.669 0.341 0.209 0.277 0.446 0.695 1.022 1.168 1.214 1.206 1.1 0.906 0.731 0.467 0.471 0.734 0.549 0.736 0.85 0.752 0.611 0.752 0.344 0.141 0.002 -0.101 0.052 0.267 0.463 0.472 0.404 0.408 0.4 0.443
-0.267 -0.107 0.453 1.067 1.315 1.348 1.347 1.336 1.311 1.317 1.176 0.919 0.846 0.583 0.351 0.32 0.269 0.153 -0.008 -0.195 -0.322 -0.668 -0.74 -0.801 -0.816 -0.649 -0.198 -0.041 -0.041 -0.63 -1.194 -0.991 -0.652 -0.254 0.074 0.379 -0.335 -0.281 0.118 0.155 0.265 0.501 0.749 0.717 0.436 0.503 0.663 0.769 1.004 1.189 1.236 1.199 1.032 0.6 0.224 -0.107 -0.159 0.138 0.302 -0.077 0.163 0.26 0.097 0.159 0.472 -0.092 -0.485 -0.625 -0.514 -0.212 0.032 0.152 0.224 0.07 -0.087 -0.045 0.079
-0.259 -0.335 0.108 0.733 1.117 1.227 1.346 1.338 1.331 1.305 1.255 1.125 0.887 0.649 0.524 0.525 0.218 -0.1 -0.319 -0.548 -0.697 -0.625 -0.841 -1.079 -1.137 -0.729 -0.35 -0.351 0.157 -0.329 -1.023 -0.795 -0.357 0.123 0.432 0.255 -0.108 0.153 0.453 0.429 0.527 0.721 0.932 0.646 0.652 0.912 1.074 1.137 1.223 1.257 1.15 0.877 0.843 0.238 -0.054 -0.339 -0.483 -0.427 -0.309 -0.66 -0.576 -0.502 -0.675 -0.309 0.195 -0.399 -1.014 -1.109 -0.873 -0.486 -0.239 -0.265 -0.077 -0.079 -0.286 -0.286 0.027
-0.432 -0.576 -0.264 0.242 0.742 1.152 1.336 1.34 1.333 1.318 1.224 1.107 1.097 0.879 0.725 0.66 0.149 -0.036 -0.232 -0.472 -0.484 -0.829 -1.19 -1.313 -0.988 -0.616 -0.886 -0.632 0.225 -0.176 -0.796 -0.443 0.048 0.356 0.636 0.25 0.288 0.484 0.701 0.688 0.751 0.974 1.048 0.872 1.069 1.208 1.254 1.258 1.234 1.138 0.79 0.374 0.656 0.544 0.175 -0.366 -0.874 -1.169 -0.875 -1.082 -0.997 -1.144 -1.134 -0.718 -0.173 -0.382 -1.195 -1.439 -1.128 -0.79 -0.56 -0.7 -0.543 -0.388 -0.552 -0.55 -0.001
-0.478 -0.612 -0.362 0.094 0.699 1.14 1.315 1.338 1.347 1.335 1.285 1.21 1.146 0.593 0.266 0.406 0.376 0.306 0.106 -0.093 -0.612 -1.187 -1.484 -1.267 -0.903 -0.958 -1.163 -0.588 0.159 0.023 -0.506 -0.084 0.331 0.648 0.774 0.561 0.631 0.761 0.89 0.861 0.979 1.143 1.226 1.225 1.258 1.268 1.213 1.068 0.955 0.675 0.31 0.223 0.512 0.642 0.382 -0.443 -0.843 -1.181 -1.187 -1.32 -1.265 -1.5 -1.319 -0.96 -0.391 -0.483 -1.19 -1.575 -1.346 -0.886 -0.895 -1.116 -1.018 -0.751 -0.726 -0.682 -0.069
-0.14 -0.178 -0.17 0.288 0.829 1.109 1.225 1.28 1.316 1.339 1.315 1.28 1.139 0.485 -0.125 -0.159 -0.132 -0.268 -0.158 -0.784 -1.102 -1.376 -1.355 -1.153 -1.143 -1.406 -1.093 -0.658 0.018 0.429 0.02 0.265 0.602 0.913 0.971 0.823 0.87 0.938 1.014 1.117 1.242 1.276 1.281 1.234 1.087 0.947 0.745 0.583 0.525 0.101 -0.139 -0.083 0.13 0.374 0.474 -0.141 -0.569 -1.05 -1.358 -1.564 -1.61 -1.56 -1.182 -0.998 -0.553 -0.691 -1.39 -1.577 -1.446 -1.048 -1.268 -1.546 -1.425 -0.99 -0.539 -0.439 -0.017
-0.084 0.009 0.22 0.53 0.898 0.825 0.858 0.871 0.999 1.306 1.272 1.19 1.073 0.45 -0.282 -0.469 -0.661 -0.437 -0.231 -1.298 -1.636 -1.415 -1.23 -1.313 -1.406 -1.467 -1.283 -0.75 -0.068 0.627 0.439 0.758 0.909 1.093 1.14 1.058 1.03 1.163 1.224 1.282 1.281 1.269 1.07 0.625 0.466 0.511 0.135 -0.069 0.18 -0.167 -0.593 -0.391 -0.309 0.1 0.525 -0.185 -0.786 -1.183 -1.302 -1.445 -1.752 -1.539 -1.461 -1.338 -0.732 -0.686 -1.456 -1.747 -1.467 -1.242 -1.469 -1.692 -1.436 -1.1 -0.504 -0.003 0.263
-0.249 -0.044 0.399 0.766 0.678 0.376 0.332 0.45 0.827 1.125 1.28 1.178 0.961 0.181 -0.511 -0.76 -0.811 -0.257 -0.446 -0.985 -1.247 -1.139 -0.738 -0.583 -0.497 -0.448 -0.536 -0.354 0.233 0.758 0.847 1.132 1.203 1.244 1.233 1.133 1.22 1.273 1.271 1.261 1.216 1.151 0.607 0.224 0.096 0.076 -0.352 -0.561 -0.216 -0.168 -0.804 -0.905 -0.452 0.063 0.489 -0.081 -0.604 -0.881 -1.073 -1.324 -1.543 -1.662 -1.474 -1.236 -0.697 -0.712 -1.326 -1.627 -1.67 -1.474 -1.552 -1.465 -1.255 -0.848 -0.291 0.351 0.609
-0.087 0.208 0.663 0.622 0.234 -0.043 -0.132 0.184 0.736 0.961 1.288 1.195 0.631 -0.017 -0.624 -0.995 -0.891 -0.432 -0.984 -1.185 -0.898 -0.944 -0.6 -0.092 0.084 0.379 0.382 0.182 0.381 0.913 1.196 1.278 1.281 1.272 1.272 1.287 1.27 1.21 1.109 0.988 0.836 0.964 0.657 0.079 -0.292 -0.397 -0.63 -0.966 -0.634 -0.314 -0.891 -1.172 -0.737 -0.151 0.357 0.155 -0.278 -0.546 -0.934 -1.235 -1.403 -1.525 -1.365 -1.111 -0.621 -0.793 -1.259 -1.503 -1.794 -1.64 -1.546 -1.106 -0.703 -0.301 0.248 0.454 0.143
-0.028 0.343 0.672 0.342 -0.081 -0.367 -0.405 0.066 0.6 0.96 1.32 1.128 0.424 -0.026 -0.649 -1.334 -1.153 -1.061 -1.316 -1.102 -0.777 -0.445 -0.274 -0.001 0.399 0.599 0.763 0.733 0.737 1.126 1.277 1.291 1.292 1.282 1.257 1.19 1.043 0.817 0.614 0.475 0.566 0.889 0.692 0.149 -0.271 -0.658 -0.879 -1.176 -0.952 -0.623 -1.108 -1.249 -0.903 -0.464 0.113 0.317 -0.228 -0.723 -0.929 -1.241 -1.502 -1.55 -1.286 -0.962 -0.589 -0.996 -1.393 -1.634 -1.796 -1.536 -1.308 -0.956 -0.359 0.205 0.453 0.02 -0.502
0.1 0.563 0.512 0.115 -0.251 -0.624 -0.306 0.157 0.324 0.686 1.273 1.238 0.736 0.016 -0.663 -1.374 -1.469 -1.453 -1.157 -0.98 -0.8 -0.445 0.001 0.182 0.41 0.493 0.87 1.087 1.176 1.263 1.291 1.258 1.175 1.078 1.053 0.821 0.524 0.313 0.143 0.089 0.321 0.792 0.706 0.138 -0.184 -0.497 -0.831 -1.215 -1.246 -0.923 -1.237 -1.343 -1.109 -0.704 -0.114 0.27 -0.247 -0.904 -1.17 -1.378 -1.655 -1.68 -1.396 -0.848 -0.774 -1.29 -1.576 -1.757 -1.77 -1.548 -1.297 -0.942 -0.17 0.384 0.105 -0.31 -0.744
0.259 0.63 0.224 -0.298 -0.337 -0.754 -0.309 -0.074 -0.163 0.211 1.038 1.237 1.066 0.356 -0.349 -0.961 -1.438 -1.316 -1.214 -1.036 -0.754 -0.639 -0.083 0.349 0.7 0.807 1.075 1.195 1.245 1.28 1.18 0.977 0.696 0.586 0.746 0.582 0.123 -0.17 -0.314 -0.291 0.059 0.66 0.755 0.26 -0.019 -0.303 -0.741 -1.233 -1.312 -1.157 -1.427 -1.48 -1.199 -0.821 -0.234 0.213 -0.222 -0.873 -1.31 -1.374 -1.625 -1.627 -1.333 -0.8 -0.929 -1.461 -1.788 -1.818 -1.589 -1.432 -1.065 -0.481 0.195 0.193 -0.159 -0.577 -1.075
0.475 0.42 0.014 -0.51 -0.69 -1.038 -0.88 -0.621 -0.234 0.288 0.806 1.168 1.221 0.675 -0.114 -0.71 -1.141 -1.025 -1.409 -1.131 -0.543 -0.649 -0.182 0.429 0.995 1.215 1.276 1.271 1.272 1.044 0.748 0.42 0.205 0.231 0.481 0.489 0.05 -0.385 -0.678 -0.515 -0.063 0.537 0.842 0.368 -0.121 -0.517 -0.966 -1.347 -1.38 -1.353 -1.592 -1.388 -1.094 -0.727 -0.221 0.079 -0.075 -0.644 -1.143 -1.355 -1.645 -1.657 -1.365 -0.857 -1.097 -1.52 -1.919 -1.841 -1.7 -1.602 -0.98 -0.128 0.341 -0.013 -0.437 -0.989 -1.455
0.427 -0.047 -0.448 -0.842 -1.297 -1.692 -1.384 -0.629 0.043 0.179 0.46 1.116 1.273 0.798 -0.092 -0.865 -1.074 -0.877 -1.191 -0.768 -0.264 -0.217 0.231 0.867 1.22 1.298 1.306 1.255 1.024 0.47 0.119 -0.084 -0.177 -0.095 0.266 0.235 -0.185 -0.473 -0.881 -0.516 0.015 0.542 0.705 0.501 -0.014 -0.456 -0.948 -1.39 -1.522 -1.556 -1.676 -1.383 -1.058 -0.573 -0.284 -0.361 -0.094 -0.353 -0.949 -1.299 -1.613 -1.805 -1.475 -0.971 -1.369 -1.657 -1.988 -2.026 -1.85 -1.483 -0.648 0.237 0.142 -0.273 -0.663 -1.338 -1.781
0.095 -0.551 -0.8 -1.389 -1.839 -1.708 -1.385 -0.826 -0.182 -0.325 0.09 0.907 1.295 1.017 0.119 -0.649 -1.007 -0.733 -0.527 -0.091 0.263 0.496 0.948 1.248 1.303 1.311 1.292 0.939 0.744 0.118 -0.304 -0.553 -0.662 -0.448 0.089 -0.2 -0.63 -0.825 -0.992 -0.396 0.203 0.391 0.306 0.533 0.338 -0.164 -0.756 -1.231 -1.564 -1.719 -1.74 -1.562 -1.119 -0.496 -0.673 -0.891 -0.484 -0.209 -0.757 -1.231 -1.506 -1.801 -1.564 -1.047 -1.433 -1.707 -2.068 -1.964 -1.619 -1.212 -0.417 0.362 -0.184 -0.839 -0.83 -1.392 -1.863
-0.021 -0.721 -1.324 -1.574 -1.543 -1.174 -0.976 -1.087 -0.722 -0.805 -0.311 0.653 1.251 1.167 0.352 -0.352 -0.781 -0.283 0.258 0.662 0.991 1.151 1.27 1.31 1.312 1.265 1.02 0.439 0.454 0.279 -0.159 -0.652 -0.968 -0.693 -0.102 -0.502 -0.947 -1.159 -1.021 -0.341 0.232 -0.055 -0.172 0.132 0.435 0.094 -0.469 -0.895 -1.259 -1.508 -1.636 -1.514 -1.301 -0.749 -1.068 -1.347 -0.974 -0.382 -0.549 -1.262 -1.726 -1.967 -1.612 -1.17 -1.461 -1.893 -2.298 -2.082 -1.617 -0.985 -0.276 0.239 -0.393 -1.197 -1.061 -1.486 -1.929
-0.133 -0.96 -1.143 -1.256 -1.043 -0.772 -0.674 -0.689 -0.537 -0.534 -0.393 0.384 1.212 1.239 0.527 -0.238 -0.325 0.395 0.881 1.18 1.287 1.308 1.312 1.249 1.178 0.954 0.472 0.01 0.112 0.152 -0.001 -0.423 -0.927 -0.845 -0.275 -0.627 -1.074 -1.366 -1.063 -0.402 0.102 -0.436 -0.77 -0.522 -0.067 0.301 -0.129 -0.706 -1.152 -1.565 -1.727 -1.599 -1.585 -1.102 -1.107 -1.555 -1.221 -0.647 -0.406 -1.017 -1.641 -2.263 -1.982 -1.545 -1.716 -1.875 -2.24 -2.109 -1.674 -1.217 -0.298 0.078 -0.804 -1.587 -1.558 -1.583 -2.051
-0.676 -0.761 -1.079 -1.596 -1.282 -0.709 -0.626 -0.76 -0.767 -0.189 -0.109 0.359 1.083 1.302 1.021 0.234 0.324 0.958 1.235 1.309 1.313 1.312 1.134 0.865 0.636 0.373 -0.134 -0.415 -0.26 -0.176 -0.44 -0.489 -1.044 -0.875 -0.447 -0.821 -1.257 -1.414 -1.026 -0.489 -0.04 -0.594 -1.073 -1.034 -0.479 0.075 0.124 -0.638 -1.124 -1.44 -1.891 -1.733 -1.646 -1.234 -1.062 -1.617 -1.273 -0.771 -0.336 -0.772 -1.551 -2.156 -2.132 -2.067 -2.105 -2.061 -2.227 -2.122 -1.741 -1.083 -0.307 0.113 -0.864 -1.747 -1.993 -1.892 -2.221
-1.044 -1.213 -1.492 -1.805 -1.743 -0.969 -0.88 -1.117 -1.216 -0.863 -0.403 0.385 0.853 1.236 1.285 0.845 1.01 1.292 1.316 1.318 1.316 1.184 0.691 0.389 0.212 -0.301 -0.675 -0.804 -0.612 -0.447 -0.853 -0.884 -1.175 -0.872 -0.504 -0.962 -1.496 -1.477 -1.017 -0.478 -0.228 -0.657 -1.183 -1.258 -0.844 -0.477 0.108 -0.268 -0.672 -1.275 -1.541 -1.705 -1.417 -1.137 -1.128 -1.804 -1.547 -0.919 -0.339 -0.667 -1.433 -1.865 -2.125 -2.359 -2.539 -2.349 -2.328 -2.536 -2.121 -1.344 -0.328 0.018 -0.962 -1.741 -2.169 -2.477 -2.553
-1.176 -1.532 -1.555 -1.449 -1.68 -1.291 -1.1 -1.223 -0.893 -0.428 0.088 0.619 0.778 1.077 1.298 1.27 1.304 1.317 1.318 1.305 1.197 0.676 0.136 -0.076 -0.274 -0.834 -0.987 -0.86 -0.821 -0.728 -0.904 -1.318 -1.24 -0.816 -0.646 -1.109 -1.518 -1.707 -1.213 -0.717 -0.24 -0.727 -1.396 -1.428 -1.149 -0.656 -0.127 0.072 -0.275 -0.87 -1.15 -1.621 -1.606 -1.256 -1.206 -1.763 -1.955 -1.271 -0.43 -0.744 -1.382 -1.564 -1.962 -2.516 -2.733 -2.96 -2.594 -2.412 -1.763 -1.119 -0.2 -0.2 -1.039 -1.653 -2.201 -2.844 -2.794
-0.884 -1.534 -1.219 -1.103 -1.478 -0.941 -0.769 -0.714 -0.486 -0.039 0.456 0.725 0.394 0.517 1.113 1.307 1.314 1.307 1.274 1.101 0.695 0.048 -0.206 -0.286 -0.327 -0.777 -0.565 -0.458 -0.534 -0.921 -1.073 -1.464 -1.141 -0.851 -0.945 -1.089 -1.602 -1.844 -1.468 -1.039 -0.335 -0.751 -1.432 -1.567 -1.099 -0.759 -0.592 -0.13 0.04 -0.439 -0.807 -1.314 -1.714 -1.471 -1.212 -1.59 -1.916 -1.551 -0.67 -0.809 -1.395 -1.709 -1.912 -2.3 -2.767 -2.965 -2.521 -1.924 -1.303 -0.754 -0.068 -0.39 -1.004 -1.739 -2.348 -2.82 -3.184
-1.255 -1.586 -0.979 -0.908 -1.295 -1.207 -1.057 -0.854 -0.276 0.328 0.631 0.238 -0.057 0.312 0.874 1.28 1.248 1.125 0.883 0.485 0.092 -0.141 0.06 0.209 0.047 -0.315 -0.092 -0.104 -0.298 -0.761 -1.312 -1.577 -1.395 -1.111 -1.299 -1.103 -1.403 -1.863 -1.66 -1.152 -0.523 -0.631 -1.231 -1.445 -1.027 -1.207 -1.112 -0.573 -0.035 -0.169 -0.64 -1.176 -1.668 -1.724 -1.338 -1.325 -1.782 -1.386 -0.925 -0.69 -1.087 -1.375 -1.678 -2.005 -2.56 -3.037 -2.57 -1.977 -1.267 -0.489 -0.017 -0.507 -1.208 -2.033 -2.5 -2.808 -3.224
-1.392 -1.43 -0.818 -0.722 -1.115 -1.208 -0.923 -0.611 -0.14 0.483 0.279 -0.244 0.033 0.642 1.122 1.089 0.934 0.67 0.348 0.216 0.002 0.14 0.451 0.564 0.479 0.288 0.334 0.091 -0.283 -0.739 -1.212 -1.552 -1.575 -1.56 -1.746 -1.493 -1.372 -1.682 -1.643 -1.387 -0.79 -0.627 -1.224 -1.538 -1.1 -1.511 -1.406 -0.868 -0.266 -0.078 -0.543 -1.044 -1.419 -1.65 -1.649 -1.405 -1.803 -1.519 -1.085 -0.774 -1.19 -1.363 -1.59 -1.863 -2.58 -2.694 -2.28 -2.061 -1.413 -0.6 -0.054 -0.664 -1.329 -1.963 -2.402 -2.92 -3.348
-1.066 -1.276 -0.839 -0.649 -1.088 -1.065 -0.532 -0.041 0.274 0.295 -0.276 -0.185 0.366 0.929 1.078 0.817 0.81 0.715 0.558 0.599 0.628 0.594 0.838 0.824 0.651 0.673 0.703 0.349 -0.185 -0.723 -1.047 -1.177 -1.544 -1.756 -1.967 -1.771 -1.56 -1.704 -1.759 -1.545 -1.074 -0.932 -1.426 -1.789 -1.497 -1.691 -1.334 -0.851 -0.273 -0.082 -0.382 -0.832 -1.185 -1.491 -1.89 -1.72 -1.968 -1.916 -1.174 -1.076 -1.76 -1.927 -1.909 -2.118 -2.728 -2.09 -1.61 -1.542 -1.06 -0.414 -0.093 -0.755 -1.407 -1.89 -2.369 -2.811 -3.192
-1.162 -1.367 -1.095 -0.638 -0.773 -0.816 -0.245 0.327 0.278 -0.205 -0.567 0.055 0.524 0.766 0.932 0.91 0.789 0.497 0.336 0.49 0.741 0.881 0.839 0.571 0.171 0.389 0.731 0.65 0.212 -0.395 -0.733 -1.048 -1.508 -1.814 -1.858 -1.847 -1.769 -1.95 -1.77 -1.538 -1.224 -1.333 -1.944 -2.148 -1.994 -1.838 -1.307 -0.779 -0.266 -0.383 -0.377 -0.487 -0.98 -1.558 -2.051 -2.19 -2.238 -2.064 -1.239 -1.34 -1.994 -2.351 -2.407 -2.599 -2.561 -1.799 -1.301 -1.171 -0.972 -0.305 -0.12 -0.817 -1.564 -1.996 -2.226 -2.52 -3.038
-1.347 -1.124 -0.995 -0.761 -0.542 -0.426 0.085 0.277 -0.071 -0.142 -0.328 0.103 0.082 0.06 0.357 0.651 0.306 -0.256 -0.537 -0.206 0.394 0.801 0.552 -0.033 -0.325 0.052 0.501 0.694 0.578 0.116 -0.278 -0.757 -1.403 -1.72 -1.558 -1.771 -1.912 -2.085 -1.773 -1.475 -1.117 -1.488 -2.114 -2.303 -2.095 -1.806 -1.481 -0.815 -0.455 -1.002 -0.971 -0.598 -0.779 -1.408 -1.898 -2.369 -2.522 -2.145 -1.382 -1.428 -1.894 -2.279 -2.582 -2.819 -2.476 -1.953 -1.587 -1.526 -1.248 -0.326 -0.182 -0.809 -1.267 -1.633 -1.931 -2.274 -2.963
-1.323 -1.132 -1.108 -1.024 -0.44 0.053 0.246 -0.041 -0.404 0.061 -0.29 -0.337 -0.498 -0.62 -0.231 0.343 0.167 -0.48 -1.03 -0.511 0.314 0.747 0.36 -0.305 -0.568 -0.143 0.153 0.47 0.611 0.518 0.253 -0.255 -1.065 -1.362 -1.321 -1.588 -1.819 -2.053 -1.69 -1.525 -1.082 -1.398 -1.943 -2.188 -2.006 -1.602 -1.323 -0.744 -0.72 -1.446 -1.658 -1.211 -0.708 -1.096 -1.708 -2.13 -2.546 -2.466 -1.802 -1.511 -1.727 -2.02 -2.551 -2.646 -2.454 -2.204 -1.981 -1.921 -1.219 -0.212 -0.39 -1.108 -1.169 -1.23 -1.792 -2.133 -2.646
-1.356 -1.371 -1.114 -0.891 -0.252 0.181 -0.045 -0.425 -0.51 0.068 -0.493 -0.919 -0.983 -0.784 -0.262 -0.164 0.056 -0.193 -0.934 -0.609 0.334 0.702 0.226 -0.473 -0.767 -0.498 -0.207 0.173 0.11 0.196 0.346 0.124 -0.61 -1.007 -1.137 -1.407 -1.813 -2.017 -1.892 -1.726 -1.176 -1.251 -1.884 -2.1 -1.813 -1.427 -1.078 -0.611 -0.817 -1.549 -2.017 -1.627 -0.894 -0.915 -1.542 -1.944 -2.459 -2.513 -2.043 -1.753 -1.81 -2.231 -2.584 -2.288 -2.019 -1.904 -1.886 -1.728 -0.953 -0.221 -0.738 -1.489 -1.595 -1.205 -1.501 -1.958 -2.332
-1.173 -1.336 -0.756 -0.566 0.053 -0.038 -0.512 -0.76 -0.632 -0.118 -0.413 -1.173 -1.26 -0.978 -0.722 -0.767 -0.37 -0.029 -0.421 -0.383 0.398 0.669 0.16 -0.626 -0.978 -0.896 -0.449 -0.201 -0.412 -0.44 -0.166 -0.085 -0.096 -0.416 -0.826 -1.316 -1.601 -1.862 -2.161 -1.71 -1.305 -1.172 -1.766 -2.077 -1.932 -1.603 -1.182 -0.655 -0.934 -1.67 -2.208 -1.711 -1.052 -1.095 -1.364 -1.907 -2.505 -2.775 -2.307 -2.078 -2.278 -2.549 -2.571 -2.099 -1.631 -1.486 -1.665 -1.239 -0.542 -0.5 -1.163 -1.712 -1.873 -1.644 -1.355 -1.751 -2.158
-0.8 -0.977 -0.591 -0.135 0.19 -0.35 -0.77 -0.916 -0.805 -0.785 -0.475 -0.684 -1.38 -1.425 -1.321 -0.893 -0.428 -0.281 -0.109 -0.034 0.478 0.66 0.135 -0.404 -0.724 -0.982 -0.688 -0.59 -0.872 -0.898 -0.745 -0.554 -0.292 -0.276 -0.341 -0.832 -1.306 -1.766 -2.199 -1.884 -1.445 -1.322 -1.495 -1.972 -1.78 -1.584 -1.123 -0.685 -1.08 -1.676 -2.199 -1.56 -1.244 -1.416 -1.406 -1.893 -2.569 -2.878 -2.483 -2.463 -2.428 -2.147 -2.391 -2.114 -1.682 -1.287 -1.169 -0.803 -0.301 -0.679 -1.257 -1.718 -2.034 -1.874 -1.701 -1.766 -2.163
