data/climatemaps/RS_maps/climate_postbreed_tmp_2007.asc
NCOLS 369 
NROWS 228 
XLLCORNER 479000 
YLLCORNER 73000 
CELLSIZE 1000 
NODATA_value -9 
[rows 68 to 101 of 228, columns 76 to 151 of 369]
0.178 0.175 0.148 0.068 0.014 0.02 0.101 0.264 0.264 -0.014 -0.026 -0.031 -0.035 -0.052 -0.076 -0.07 -0.071 -0.069 -0.083 -0.098 -0.119 -0.16 -0.173 -0.168 -0.097 0.065 0.11 0.16 0.176 0.128 0.141 0.139 0.168 0.21 0.202 0.198 0.165 0.179 0.166 0.108 0.083 0.067 0.008 -0.132 -0.27 -0.272 -0.239 -0.213 -0.084 -0.049 -0.032 0.067 0.223 0.343 0.392 0.436 0.464 0.489 0.492 0.488 0.51 0.512 0.502 0.472 0.47 0.462 0.468 0.502 0.517 0.535 0.521 0.481 0.503 0.511 0.498 0.433
0.146 0.142 0.074 0.016 0.034 0.14 0.213 0.288 0.075 -0.089 -0.033 -0.048 -0.061 -0.087 -0.083 -0.057 -0.067 -0.06 -0.079 -0.103 -0.124 -0.122 -0.11 -0.042 0.061 0.141 0.159 0.174 0.201 0.204 0.196 0.207 0.226 0.229 0.214 0.213 0.209 0.19 0.1 0.032 -0.046 -0.169 -0.278 -0.24 -0.259 -0.132 -0.024 0.12 0.204 0.261 0.298 0.36 0.383 0.384 0.411 0.446 0.489 0.515 0.513 0.512 0.529 0.527 0.517 0.513 0.5 0.484 0.505 0.528 0.516 0.508 0.498 0.506 0.498 0.487 0.498 0.487
0.11 0.113 0.032 0.014 0.129 0.236 0.255 0.115 -0.014 -0.041 -0.026 -0.051 -0.081 -0.076 -0.067 -0.06 -0.053 -0.066 -0.058 -0.036 -0.004 0.031 0.001 -0.002 0.057 0.12 0.169 0.185 0.158 0.116 0.073 0.065 0.051 0.045 -0.001 -0.03 -0.031 -0.105 -0.199 -0.259 -0.324 -0.33 -0.206 -0.075 0.056 0.208 0.284 0.353 0.384 0.4 0.426 0.438 0.418 0.461 0.489 0.496 0.521 0.528 0.532 0.531 0.528 0.505 0.481 0.493 0.502 0.524 0.526 0.505 0.487 0.484 0.496 0.499 0.472 0.46 0.465 0.498
0.112 0.088 0.059 0.135 0.261 0.199 0.06 -0.02 -0.026 -0.048 -0.097 -0.101 -0.077 -0.047 -0.06 -0.088 -0.077 -0.059 -0.011 -0.01 -0.024 -0.059 -0.089 -0.067 -0.015 0.08 0.159 0.092 0.01 -0.075 -0.14 -0.175 -0.21 -0.2 -0.221 -0.22 -0.169 -0.178 -0.209 -0.244 -0.239 -0.129 0.079 0.188 0.303 0.362 0.402 0.427 0.455 0.47 0.484 0.482 0.482 0.508 0.518 0.527 0.526 0.532 0.532 0.518 0.506 0.487 0.472 0.483 0.502 0.508 0.505 0.481 0.486 0.492 0.496 0.494 0.47 0.454 0.447 0.485
0.065 0.054 0.182 0.25 0.168 0.005 -0.039 -0.041 -0.079 -0.142 -0.137 -0.092 -0.062 -0.056 -0.095 -0.138 -0.146 -0.13 -0.119 -0.125 -0.102 -0.052 -0.02 0.001 0.019 0.069 0.076 -0.102 -0.155 -0.192 -0.182 -0.138 -0.089 -0.056 -0.091 -0.119 -0.114 -0.111 -0.088 -0.046 0.055 0.207 0.32 0.392 0.438 0.465 0.479 0.507 0.525 0.527 0.527 0.527 0.518 0.522 0.532 0.529 0.522 0.532 0.526 0.501 0.483 0.48 0.484 0.496 0.508 0.501 0.492 0.483 0.482 0.479 0.481 0.485 0.455 0.448 0.442 0.462
0.024 0.082 0.298 0.161 0.027 -0.05 -0.071 -0.1 -0.146 -0.156 -0.104 -0.077 -0.091 -0.126 -0.182 -0.224 -0.234 -0.168 -0.104 -0.005 0.083 0.159 0.207 0.216 0.203 0.176 0.032 -0.052 0.008 0.029 0.126 0.152 0.136 0.053 0.001 -0.03 -0.022 0.012 0.105 0.24 0.365 0.439 0.46 0.486 0.51 0.519 0.528 0.539 0.539 0.539 0.535 0.529 0.515 0.513 0.514 0.522 0.52 0.529 0.522 0.506 0.493 0.495 0.495 0.495 0.507 0.495 0.484 0.462 0.459 0.469 0.466 0.474 0.439 0.43 0.406 0.42
0.062 0.19 0.236 0.05 -0.023 -0.069 -0.113 -0.124 -0.112 -0.094 -0.091 -0.123 -0.19 -0.233 -0.24 -0.206 -0.074 0.067 0.147 0.22 0.247 0.271 0.269 0.248 0.232 0.228 0.19 0.212 0.248 0.234 0.281 0.169 0.095 0.072 0.117 0.111 0.131 0.205 0.302 0.406 0.482 0.515 0.525 0.53 0.534 0.543 0.54 0.536 0.524 0.518 0.501 0.477 0.471 0.498 0.51 0.522 0.521 0.525 0.525 0.507 0.495 0.489 0.48 0.495 0.504 0.484 0.468 0.456 0.474 0.472 0.456 0.468 0.413 0.38 0.374 0.407
0.251 0.245 0.107 -0.003 -0.053 -0.077 -0.077 -0.061 -0.061 -0.083 -0.124 -0.2 -0.26 -0.247 -0.14 0.017 0.184 0.247 0.247 0.208 0.112 0.136 0.12 -0.005 -0.038 -0.024 0.132 0.15 0.046 0.163 0.295 0.077 0.11 0.148 0.121 0.173 0.257 0.356 0.447 0.507 0.528 0.539 0.543 0.543 0.543 0.541 0.531 0.512 0.491 0.472 0.439 0.433 0.459 0.506 0.523 0.525 0.515 0.525 0.512 0.494 0.471 0.478 0.495 0.504 0.503 0.48 0.478 0.482 0.477 0.439 0.436 0.455 0.398 0.336 0.354 0.398
0.266 0.201 0.079 -0.025 -0.046 -0.057 -0.061 -0.056 -0.082 -0.132 -0.214 -0.266 -0.207 -0.065 0.09 0.201 0.233 0.182 0.037 -0.081 -0.123 -0.105 -0.158 -0.227 -0.234 -0.221 -0.088 -0.083 -0.095 0.102 0.336 0.247 0.155 0.17 0.328 0.441 0.481 0.509 0.53 0.552 0.554 0.555 0.555 0.551 0.536 0.508 0.492 0.461 0.436 0.428 0.438 0.457 0.496 0.509 0.525 0.525 0.522 0.515 0.496 0.481 0.471 0.486 0.505 0.484 0.491 0.5 0.489 0.458 0.421 0.404 0.401 0.446 0.401 0.349 0.313 0.35
0.331 0.177 0.091 -0.013 -0.069 -0.06 -0.074 -0.117 -0.162 -0.238 -0.27 -0.191 0.042 0.158 0.204 0.155 0.029 -0.119 -0.206 -0.232 -0.232 -0.244 -0.271 -0.307 -0.289 -0.21 -0.046 0.143 0.249 0.316 0.332 0.362 0.359 0.47 0.514 0.496 0.463 0.484 0.527 0.556 0.559 0.559 0.559 0.538 0.475 0.443 0.433 0.414 0.418 0.455 0.478 0.499 0.505 0.508 0.514 0.524 0.525 0.522 0.5 0.483 0.478 0.503 0.467 0.443 0.471 0.455 0.421 0.413 0.381 0.328 0.359 0.445 0.426 0.371 0.277 0.311
0.157 -0.007 0.1 -0.004 -0.053 -0.082 -0.141 -0.195 -0.222 -0.219 -0.126 0.105 0.203 0.172 0.006 -0.155 -0.268 -0.339 -0.343 -0.348 -0.289 -0.3 -0.28 -0.246 -0.135 -0.014 0.182 0.257 0.279 0.268 0.347 0.464 0.533 0.534 0.483 0.484 0.519 0.551 0.556 0.559 0.559 0.559 0.545 0.488 0.429 0.42 0.419 0.438 0.449 0.452 0.455 0.494 0.502 0.522 0.5 0.512 0.507 0.507 0.507 0.499 0.503 0.498 0.478 0.439 0.475 0.405 0.399 0.399 0.346 0.302 0.387 0.426 0.363 0.361 0.261 0.273
0.006 0.002 0.054 -0.006 -0.059 -0.121 -0.177 -0.183 -0.117 -0.012 0.139 0.134 0.056 -0.044 -0.194 -0.382 -0.469 -0.49 -0.419 -0.34 -0.248 -0.202 -0.188 -0.199 -0.151 0.038 0.181 0.096 0.173 0.34 0.5 0.558 0.552 0.522 0.487 0.518 0.564 0.568 0.572 0.565 0.564 0.549 0.513 0.457 0.425 0.427 0.451 0.429 0.435 0.45 0.484 0.518 0.519 0.519 0.517 0.5 0.505 0.5 0.494 0.505 0.5 0.449 0.458 0.389 0.467 0.377 0.372 0.372 0.291 0.351 0.386 0.41 0.317 0.312 0.309 0.292
-0.007 -0.002 0.027 -0.048 -0.104 -0.114 -0.087 0.046 0.108 0.094 -0.014 -0.098 -0.161 -0.218 -0.342 -0.489 -0.548 -0.459 -0.294 -0.121 -0.109 -0.218 -0.313 -0.26 -0.092 0.029 -0.022 0.117 0.336 0.508 0.562 0.554 0.527 0.546 0.566 0.572 0.572 0.572 0.566 0.529 0.522 0.496 0.497 0.45 0.443 0.409 0.382 0.39 0.379 0.407 0.504 0.519 0.518 0.519 0.519 0.501 0.508 0.518 0.488 0.484 0.423 0.415 0.443 0.435 0.411 0.365 0.316 0.34 0.293 0.339 0.36 0.364 0.398 0.372 0.343 0.293
-0.008 -0.035 -0.025 -0.082 -0.084 -0.024 0.059 0.054 -0.053 -0.126 -0.142 -0.144 -0.188 -0.355 -0.447 -0.483 -0.371 -0.219 -0.083 -0.005 -0.175 -0.204 -0.108 0.006 0.015 -0.018 0.104 0.394 0.567 0.58 0.573 0.563 0.554 0.547 0.571 0.573 0.572 0.565 0.489 0.472 0.519 0.5 0.496 0.443 0.405 0.385 0.37 0.386 0.39 0.478 0.524 0.518 0.512 0.516 0.518 0.501 0.507 0.517 0.503 0.467 0.429 0.421 0.434 0.415 0.358 0.355 0.276 0.281 0.303 0.319 0.331 0.284 0.356 0.35 0.365 0.283
-0.03 -0.068 -0.043 -0.058 0.005 0.065 -0.034 -0.143 -0.19 -0.194 -0.181 -0.148 -0.227 -0.402 -0.423 -0.256 -0.104 -0.004 0.046 0.008 -0.012 0.079 0.156 0.119 0.081 0.183 0.405 0.559 0.583 0.573 0.565 0.564 0.563 0.558 0.577 0.58 0.575 0.564 0.519 0.539 0.534 0.494 0.465 0.426 0.408 0.397 0.411 0.46 0.503 0.524 0.515 0.51 0.513 0.514 0.514 0.501 0.506 0.509 0.494 0.48 0.464 0.422 0.443 0.368 0.342 0.318 0.264 0.216 0.29 0.263 0.298 0.276 0.314 0.283 0.361 0.305
-0.074 -0.108 -0.046 -0.001 0.012 -0.046 -0.166 -0.2 -0.209 -0.184 -0.128 -0.106 -0.25 -0.317 -0.174 -0.029 0.076 0.134 0.135 0.131 0.168 0.195 0.194 0.193 0.278 0.452 0.568 0.586 0.579 0.554 0.517 0.508 0.518 0.514 0.575 0.584 0.579 0.574 0.557 0.542 0.518 0.483 0.426 0.383 0.41 0.456 0.513 0.533 0.531 0.508 0.498 0.506 0.512 0.512 0.51 0.505 0.506 0.498 0.453 0.453 0.453 0.445 0.424 0.36 0.34 0.268 0.235 0.22 0.278 0.253 0.275 0.242 0.271 0.263 0.343 0.315
-0.102 -0.094 -0.026 -0.091 -0.155 -0.178 -0.163 -0.12 -0.072 -0.028 0.015 -0.092 -0.225 -0.128 0.012 0.095 0.167 0.189 0.193 0.188 0.175 0.186 0.262 0.377 0.475 0.58 0.591 0.583 0.571 0.534 0.507 0.516 0.553 0.575 0.586 0.584 0.561 0.539 0.523 0.5 0.479 0.478 0.454 0.45 0.511 0.531 0.534 0.522 0.5 0.479 0.495 0.506 0.512 0.51 0.508 0.503 0.502 0.484 0.419 0.417 0.445 0.426 0.391 0.372 0.364 0.298 0.229 0.215 0.244 0.239 0.237 0.213 0.272 0.294 0.324 0.273
-0.145 -0.109 -0.152 -0.267 -0.292 -0.247 -0.116 -0.042 0.008 0.064 0.069 -0.154 -0.184 -0.021 0.067 0.107 0.192 0.205 0.186 0.154 0.164 0.273 0.444 0.547 0.587 0.596 0.599 0.576 0.53 0.487 0.523 0.573 0.586 0.586 0.586 0.569 0.529 0.509 0.502 0.494 0.504 0.517 0.517 0.528 0.514 0.501 0.504 0.497 0.466 0.458 0.494 0.506 0.511 0.503 0.501 0.496 0.497 0.477 0.431 0.412 0.431 0.403 0.353 0.327 0.304 0.28 0.269 0.195 0.24 0.262 0.258 0.258 0.288 0.285 0.298 0.249
-0.168 -0.193 -0.296 -0.33 -0.297 -0.194 -0.07 -0.001 0.036 0.109 0.057 -0.202 -0.155 0.014 0.025 0.126 0.21 0.212 0.175 0.176 0.334 0.497 0.578 0.597 0.6 0.603 0.594 0.541 0.493 0.502 0.556 0.585 0.586 0.586 0.586 0.553 0.513 0.501 0.484 0.483 0.525 0.527 0.525 0.505 0.474 0.468 0.469 0.47 0.438 0.453 0.487 0.5 0.51 0.499 0.499 0.493 0.487 0.459 0.449 0.429 0.413 0.365 0.332 0.293 0.237 0.213 0.238 0.197 0.266 0.271 0.259 0.242 0.253 0.247 0.267 0.225
-0.251 -0.27 -0.249 -0.231 -0.163 -0.035 0.101 0.186 0.2 0.199 -0.026 -0.215 -0.066 0.069 0.111 0.229 0.293 0.287 0.309 0.409 0.545 0.596 0.591 0.604 0.606 0.604 0.561 0.528 0.534 0.562 0.581 0.586 0.586 0.586 0.586 0.56 0.519 0.503 0.465 0.482 0.505 0.503 0.512 0.489 0.461 0.454 0.448 0.446 0.421 0.454 0.474 0.486 0.504 0.5 0.493 0.493 0.487 0.466 0.446 0.418 0.378 0.325 0.317 0.281 0.191 0.189 0.212 0.209 0.264 0.231 0.218 0.196 0.189 0.211 0.234 0.198
-0.309 -0.269 -0.17 -0.043 0.115 0.212 0.262 0.283 0.254 0.181 -0.105 -0.112 0.084 0.167 0.283 0.386 0.469 0.495 0.537 0.576 0.598 0.599 0.601 0.606 0.606 0.593 0.561 0.575 0.579 0.584 0.586 0.586 0.586 0.586 0.573 0.548 0.538 0.529 0.503 0.51 0.505 0.509 0.503 0.487 0.462 0.447 0.427 0.436 0.444 0.467 0.463 0.482 0.503 0.496 0.479 0.487 0.477 0.471 0.462 0.426 0.343 0.359 0.322 0.253 0.214 0.217 0.203 0.208 0.254 0.214 0.184 0.135 0.118 0.173 0.176 0.155
-0.33 -0.161 0.039 0.168 0.239 0.274 0.296 0.291 0.248 0.107 -0.102 0.014 0.207 0.34 0.511 0.56 0.58 0.59 0.603 0.605 0.608 0.605 0.606 0.606 0.586 0.583 0.592 0.586 0.588 0.592 0.589 0.586 0.586 0.583 0.546 0.537 0.545 0.537 0.519 0.503 0.505 0.498 0.478 0.466 0.449 0.435 0.433 0.44 0.457 0.472 0.484 0.498 0.505 0.49 0.483 0.476 0.462 0.455 0.462 0.446 0.38 0.376 0.306 0.233 0.282 0.241 0.204 0.193 0.242 0.212 0.16 0.14 0.106 0.074 0.08 0.063
-0.215 -0.029 0.142 0.232 0.269 0.278 0.291 0.263 0.172 -0.06 -0.017 0.279 0.382 0.528 0.591 0.604 0.603 0.594 0.585 0.606 0.612 0.612 0.598 0.568 0.559 0.597 0.588 0.597 0.598 0.598 0.59 0.591 0.586 0.575 0.519 0.524 0.507 0.504 0.501 0.511 0.515 0.491 0.48 0.438 0.431 0.433 0.455 0.462 0.464 0.478 0.497 0.502 0.499 0.48 0.474 0.438 0.41 0.405 0.429 0.46 0.399 0.327 0.226 0.224 0.309 0.279 0.243 0.228 0.252 0.176 0.21 0.216 0.189 0.163 0.111 0.078
-0.122 0.076 0.225 0.261 0.298 0.311 0.26 0.122 -0.037 -0.094 0.239 0.411 0.496 0.599 0.605 0.605 0.574 0.484 0.542 0.606 0.588 0.535 0.528 0.51 0.591 0.59 0.573 0.598 0.605 0.605 0.6 0.58 0.579 0.519 0.513 0.489 0.484 0.448 0.442 0.459 0.499 0.492 0.491 0.488 0.479 0.464 0.465 0.456 0.456 0.486 0.511 0.495 0.492 0.476 0.409 0.425 0.397 0.417 0.411 0.46 0.378 0.297 0.209 0.285 0.334 0.26 0.222 0.274 0.261 0.269 0.246 0.177 0.17 0.062 0.058 -0.009
0.024 0.204 0.251 0.279 0.31 0.286 0.116 -0.092 -0.06 0.176 0.428 0.483 0.58 0.592 0.593 0.568 0.481 0.537 0.592 0.589 0.544 0.478 0.492 0.573 0.598 0.599 0.6 0.606 0.605 0.604 0.575 0.56 0.563 0.518 0.495 0.452 0.391 0.345 0.364 0.384 0.431 0.401 0.376 0.408 0.468 0.491 0.492 0.475 0.464 0.494 0.505 0.484 0.443 0.449 0.424 0.393 0.316 0.391 0.333 0.428 0.425 0.312 0.33 0.35 0.281 0.251 0.239 0.315 0.301 0.267 0.173 0.104 0.102 0.087 -0.045 -0.066
0.165 0.232 0.271 0.297 0.322 0.2 0.003 0.049 0.239 0.425 0.525 0.575 0.57 0.594 0.604 0.543 0.533 0.574 0.59 0.548 0.49 0.496 0.565 0.598 0.583 0.601 0.612 0.606 0.6 0.571 0.562 0.578 0.523 0.475 0.452 0.397 0.307 0.273 0.307 0.355 0.382 0.367 0.359 0.402 0.441 0.464 0.475 0.491 0.492 0.491 0.487 0.466 0.413 0.395 0.399 0.355 0.309 0.368 0.29 0.355 0.443 0.414 0.388 0.324 0.254 0.258 0.311 0.331 0.245 0.2 0.213 0.159 0.085 0.054 0.044 -0.057
0.215 0.245 0.267 0.279 0.318 0.226 0.219 0.346 0.471 0.57 0.603 0.602 0.591 0.612 0.606 0.607 0.609 0.605 0.588 0.543 0.542 0.548 0.596 0.599 0.602 0.616 0.614 0.608 0.577 0.547 0.578 0.509 0.451 0.378 0.344 0.295 0.232 0.277 0.283 0.36 0.376 0.357 0.353 0.406 0.438 0.446 0.462 0.467 0.476 0.47 0.429 0.401 0.384 0.356 0.403 0.326 0.293 0.325 0.22 0.298 0.403 0.428 0.428 0.372 0.345 0.354 0.352 0.31 0.251 0.268 0.199 0.151 0.036 -0.024 -0.007 -0.02
0.256 0.253 0.269 0.3 0.371 0.401 0.455 0.523 0.593 0.624 0.62 0.616 0.61 0.621 0.612 0.609 0.619 0.619 0.613 0.589 0.586 0.595 0.606 0.616 0.619 0.619 0.619 0.598 0.538 0.551 0.568 0.462 0.411 0.317 0.273 0.254 0.269 0.323 0.377 0.403 0.41 0.387 0.396 0.437 0.443 0.452 0.461 0.442 0.431 0.368 0.323 0.312 0.357 0.373 0.386 0.307 0.269 0.246 0.241 0.315 0.309 0.395 0.394 0.403 0.403 0.394 0.353 0.33 0.279 0.194 0.144 0.124 0.029 -0.064 -0.091 -0.109
0.327 0.342 0.382 0.434 0.496 0.551 0.596 0.622 0.628 0.632 0.626 0.622 0.622 0.626 0.624 0.612 0.62 0.622 0.619 0.615 0.618 0.612 0.614 0.619 0.619 0.619 0.618 0.579 0.543 0.539 0.556 0.497 0.434 0.381 0.37 0.344 0.353 0.409 0.405 0.398 0.414 0.433 0.444 0.453 0.462 0.488 0.478 0.444 0.384 0.291 0.263 0.298 0.33 0.329 0.278 0.216 0.21 0.194 0.234 0.245 0.267 0.364 0.318 0.34 0.358 0.385 0.385 0.359 0.267 0.162 0.123 0.121 0.028 -0.086 -0.036 -0.066
0.437 0.495 0.532 0.572 0.606 0.63 0.636 0.639 0.636 0.636 0.633 0.629 0.629 0.628 0.626 0.623 0.623 0.626 0.619 0.619 0.626 0.616 0.621 0.622 0.619 0.619 0.611 0.574 0.552 0.524 0.551 0.533 0.47 0.457 0.431 0.406 0.412 0.435 0.406 0.408 0.427 0.443 0.448 0.453 0.467 0.521 0.497 0.475 0.398 0.365 0.26 0.222 0.2 0.301 0.224 0.172 0.134 0.18 0.173 0.236 0.3 0.31 0.238 0.29 0.315 0.313 0.34 0.395 0.342 0.229 0.191 0.138 0.07 -0.042 0.029 -0.047
0.542 0.597 0.629 0.636 0.642 0.639 0.639 0.639 0.639 0.639 0.633 0.632 0.632 0.631 0.626 0.626 0.626 0.626 0.615 0.616 0.629 0.626 0.625 0.626 0.62 0.619 0.601 0.57 0.556 0.53 0.562 0.543 0.527 0.521 0.489 0.462 0.456 0.471 0.472 0.461 0.472 0.472 0.474 0.484 0.5 0.515 0.505 0.485 0.459 0.431 0.313 0.231 0.191 0.33 0.233 0.191 0.134 0.114 0.177 0.291 0.245 0.232 0.184 0.261 0.247 0.25 0.229 0.351 0.372 0.259 0.195 0.102 0.078 0.028 0.057 -0.06
0.595 0.631 0.653 0.651 0.645 0.639 0.639 0.639 0.639 0.639 0.637 0.637 0.632 0.63 0.626 0.622 0.601 0.548 0.516 0.561 0.625 0.629 0.627 0.626 0.619 0.605 0.594 0.574 0.562 0.552 0.567 0.53 0.528 0.53 0.525 0.51 0.512 0.528 0.534 0.517 0.52 0.499 0.485 0.486 0.482 0.501 0.489 0.477 0.48 0.465 0.429 0.342 0.288 0.361 0.263 0.226 0.149 0.104 0.214 0.228 0.15 0.158 0.19 0.249 0.19 0.19 0.139 0.305 0.378 0.274 0.16 0.164 0.091 0.106 0.018 -0.008
0.633 0.642 0.658 0.658 0.654 0.65 0.644 0.644 0.641 0.639 0.639 0.637 0.627 0.62 0.609 0.589 0.559 0.492 0.536 0.603 0.629 0.622 0.63 0.621 0.602 0.561 0.57 0.573 0.556 0.567 0.545 0.492 0.451 0.428 0.454 0.446 0.464 0.486 0.483 0.482 0.507 0.484 0.473 0.476 0.469 0.502 0.472 0.464 0.476 0.435 0.426 0.419 0.41 0.408 0.331 0.235 0.161 0.1 0.236 0.181 0.09 0.123 0.18 0.19 0.13 0.126 0.133 0.29 0.375 0.257 0.186 0.178 0.139 0.127 0.069 0.06
0.647 0.658 0.659 0.659 0.659 0.658 0.651 0.646 0.645 0.645 0.64 0.62 0.603 0.579 0.56 0.564 0.573 0.586 0.619 0.632 0.632 0.628 0.63 0.599 0.562 0.543 0.545 0.562 0.542 0.572 0.523 0.444 0.397 0.37 0.423 0.437 0.468 0.477 0.476 0.483 0.487 0.483 0.482 0.484 0.497 0.505 0.484 0.462 0.47 0.387 0.347 0.334 0.416 0.446 0.362 0.241 0.177 0.172 0.271 0.135 0.066 0.073 0.045 0.069 0.049 0.093 0.166 0.268 0.361 0.331 0.288 0.238 0.183 0.195 0.164 0.053
