data/climatemaps/RS_maps/climate_breeding_tmp_2002.asc
NCOLS 369 
NROWS 228 
XLLCORNER 479000 
YLLCORNER 73000 
CELLSIZE 1000 
NODATA_value -9 
[rows 102 to 135 of 228, columns 152 to 227 of 369]
0.268 0.387 0.324 0.162 0.096 0.023 0.109 0.197 0.307 0.405 0.484 0.532 0.529 0.285 -0.19 -0.318 -0.092 0.024 -0.137 -0.428 -0.483 -0.08 -0.21 -0.469 -0.545 -0.462 -0.388 -0.197 0.198 0.496 0.74 0.887 0.959 0.883 0.769 0.84 0.432 -0.204 -0.247 -0.161 0.323 0.882 0.646 0.06 -0.322 -0.46 -0.2 -0.391 -0.53 -0.303 0.049 -0.205 -0.518 -0.668 -0.117 0.774 1.034 1.038 0.807 0.049 -0.558 -0.67 -0.687 -0.757 -0.802 -0.957 -1.195 -1.257 -0.951 -0.536 -0.315 -0.93 -0.955 -0.695 -0.497 0.098
0.446 0.317 0.252 0.149 0.005 -0.04 0.156 0.286 0.416 0.466 0.399 0.336 0.477 0.181 -0.313 -0.256 -0.121 -0.243 -0.283 -0.311 -0.145 -0.197 -0.49 -0.504 -0.328 -0.237 -0.13 -0.073 0.057 0.398 0.677 0.886 0.93 0.805 0.787 0.705 0.106 -0.516 -0.286 0.089 0.524 0.863 0.666 0.247 -0.09 -0.44 -0.411 -0.534 -0.736 -0.618 -0.38 -0.508 -0.61 -0.567 -0.108 0.444 0.859 1.032 0.892 0.353 -0.237 -0.511 -0.917 -1.054 -0.998 -1.226 -1.253 -1.027 -0.856 -0.565 -0.61 -0.933 -0.996 -0.989 -0.84 -0.1
0.447 0.329 0.259 0.2 0.072 0.127 0.282 0.378 0.376 0.266 0.066 -0.042 0.304 0.148 -0.137 -0.246 -0.406 -0.614 -0.443 -0.388 -0.293 -0.503 -0.521 -0.325 -0.387 -0.331 -0.353 -0.372 -0.118 0.416 0.734 0.927 0.888 0.803 0.745 0.541 0.196 -0.243 -0.093 0.119 0.321 0.772 0.619 0.001 -0.197 -0.335 -0.621 -0.861 -1.071 -0.938 -0.691 -0.401 -0.094 0.047 0.223 0.339 0.705 1.029 1.015 0.766 0.21 -0.186 -0.683 -0.921 -0.989 -1.143 -1.131 -1.016 -0.806 -0.618 -1.013 -1.15 -1.192 -1.283 -1 -0.345
0.332 0.35 0.397 0.242 0.175 0.205 0.342 0.331 0.223 -0.021 -0.286 -0.239 0.289 0.131 -0.097 -0.427 -0.82 -0.611 -0.679 -0.559 -0.388 -0.553 -0.422 -0.443 -0.594 -0.476 -0.433 -0.24 0.184 0.56 0.856 0.938 0.845 0.808 0.684 0.334 -0.028 -0.268 -0.181 -0.222 0.028 0.71 0.49 -0.286 -0.637 -0.699 -0.97 -1.091 -1.017 -0.725 -0.403 0.07 0.034 -0.068 0.231 0.107 0.683 1.03 1.033 0.853 0.042 -0.42 -0.659 -0.737 -0.732 -0.782 -0.842 -1.084 -1.036 -0.897 -1.157 -1.36 -1.155 -0.979 -0.735 -0.48
0.2 0.145 0.352 0.405 0.346 0.316 0.36 0.231 0.014 -0.43 -0.446 -0.04 0.322 0.173 -0.17 -0.643 -0.749 -0.772 -0.875 -0.578 -0.493 -0.444 -0.512 -0.515 -0.384 -0.234 -0.101 0.066 0.376 0.673 0.918 0.906 0.818 0.718 0.552 0.154 -0.359 -0.536 -0.368 -0.256 0.27 0.759 0.427 -0.082 -0.438 -0.781 -1.178 -1.161 -0.829 -0.508 -0.286 0.067 -0.52 -0.326 -0.073 -0.037 0.634 1.02 1.028 0.897 0.172 -0.464 -0.611 -0.39 -0.343 -0.447 -0.547 -0.911 -1.117 -1.225 -1.425 -1.46 -1.307 -0.978 -0.732 -0.76
0.013 0.093 0.226 0.337 0.382 0.372 0.238 0.081 -0.276 -0.619 -0.358 -0.104 0.24 0.154 -0.387 -0.577 -0.696 -0.872 -0.832 -0.606 -0.47 -0.347 -0.488 -0.368 -0.139 0.03 0.199 0.34 0.552 0.82 0.931 0.854 0.753 0.582 0.402 -0.001 -0.559 -0.776 -0.479 -0.077 0.64 0.619 0.139 0.269 -0.03 -0.495 -0.787 -0.9 -0.852 -0.735 -0.521 -0.144 -0.715 -0.294 -0.246 -0.433 0.211 0.908 1.024 1.014 0.788 0.144 0.056 0.17 0.144 -0.036 -0.133 -0.456 -0.589 -0.757 -0.949 -1.317 -1.544 -1.148 -1.084 -1.134
-0.078 0.054 0.177 0.333 0.328 0.356 0.113 -0.203 -0.471 -0.455 -0.282 -0.154 0.229 0.155 -0.532 -0.39 -0.495 -0.665 -0.742 -0.622 -0.461 -0.374 -0.21 -0.079 0.096 0.269 0.404 0.516 0.756 0.92 0.896 0.775 0.684 0.495 0.146 -0.352 -0.764 -0.785 -0.413 0.144 0.731 0.52 0.11 0.209 -0.013 -0.516 -0.836 -1.215 -0.957 -0.697 -0.333 -0.363 -0.877 -0.34 -0.617 -1.1 -0.194 0.559 0.972 1.008 0.983 0.814 0.687 0.622 0.509 0.419 0.289 0.011 -0.161 -0.279 -0.513 -0.704 -0.87 -0.895 -0.945 -1.079
-0.069 0.044 0.133 0.307 0.364 0.354 0.064 -0.276 -0.302 -0.233 -0.212 -0.004 0.206 0.196 -0.2 -0.191 -0.366 -0.604 -0.709 -0.68 -0.587 -0.497 -0.098 0.168 0.357 0.511 0.631 0.772 0.905 0.937 0.856 0.687 0.605 0.216 -0.303 -0.66 -0.895 -0.917 -0.382 0.389 0.742 0.387 -0.152 -0.487 -0.455 -0.747 -1.055 -1.333 -1.149 -0.886 -0.44 -0.851 -1.502 -1.157 -1.375 -1.193 -0.257 0.179 0.678 0.992 0.982 0.94 0.702 0.381 0.179 -0.03 0.133 0.172 0.1 0.006 -0.088 -0.173 -0.232 -0.348 -0.511 -0.918
-0.007 -0.03 0.136 0.259 0.382 0.196 -0.015 -0.069 -0.092 -0.177 -0.325 -0.223 0.038 0.215 -0.012 -0.151 -0.349 -0.61 -0.524 -0.639 -0.473 -0.265 0.007 0.312 0.577 0.749 0.857 0.917 0.934 0.88 0.717 0.438 0.378 0.276 -0.1 -0.227 -0.645 -0.872 -0.058 0.61 0.488 -0.188 -0.744 -1.195 -0.982 -1.067 -1.243 -1.601 -1.524 -1.543 -0.958 -1.164 -1.89 -1.742 -1.242 -0.434 -0.135 -0.292 0.286 0.882 0.987 0.888 0.469 0.054 0.033 -0.378 -0.474 -0.439 -0.445 -0.193 0.13 -0.229 -0.354 -0.421 -0.652 -1.14
0.074 -0.041 0.069 0.216 0.335 -0.052 -0.276 -0.208 -0.144 -0.368 -0.629 -0.504 0.008 0.099 -0.267 -0.391 -0.368 -0.626 -0.421 -0.397 -0.227 0.044 0.23 0.518 0.796 0.881 0.925 0.928 0.832 0.67 0.378 0.067 -0.255 0.214 0.28 -0.168 -0.666 -0.54 0.006 0.547 0.302 -0.28 -0.853 -1.497 -1.435 -1.349 -1.444 -1.695 -1.7 -1.83 -1.732 -1.573 -1.766 -1.873 -1.039 -0.436 -0.582 -0.434 0.192 0.732 0.969 0.631 0.237 -0.023 -0.169 -0.459 -0.89 -0.978 -1.06 -0.624 -0.066 -0.746 -0.957 -0.961 -1.133 -1.308
0.019 -0.159 0.031 0.234 0.16 -0.096 -0.316 -0.388 -0.345 -0.845 -0.755 -0.398 0.047 -0.049 -0.554 -0.59 -0.45 -0.635 -0.407 -0.182 -0.01 0.264 0.486 0.71 0.851 0.909 0.926 0.796 0.521 0.313 -0.057 -0.42 -0.679 -0.097 0.325 -0.108 -0.577 -0.431 -0.341 0.297 0.423 -0.233 -0.742 -1.08 -0.991 -0.926 -1.238 -1.4 -1.557 -1.797 -1.784 -1.578 -1.82 -1.781 -1.064 -0.666 -0.649 -0.418 0.002 0.586 0.954 0.368 -0.311 -0.487 -0.486 -0.765 -1.234 -1.282 -0.905 -0.495 -0.262 -0.988 -1.358 -1.474 -1.484 -1.646
-0.1 -0.048 0.196 0.115 -0.166 -0.149 -0.209 -0.416 -0.729 -0.944 -0.584 -0.232 0.038 -0.134 -0.683 -0.793 -0.683 -0.591 -0.371 -0.119 0.005 0.089 0.438 0.791 0.864 0.896 0.732 0.392 -0.043 -0.166 -0.404 -0.817 -0.525 0.225 0.222 -0.279 -0.828 -0.96 -0.799 -0.129 0.34 -0.067 -0.459 -0.635 -0.297 -0.58 -1.251 -1.499 -1.714 -1.552 -1.244 -1.06 -1.45 -1.404 -1.046 -0.685 -0.693 -0.634 -0.225 0.416 0.934 0.536 -0.416 -1.024 -1.07 -1.25 -1.323 -1.243 -0.878 -0.403 -0.414 -1.008 -1.511 -1.794 -1.969 -2.077
0.116 0.218 0.161 -0.151 -0.248 -0.13 -0.218 -0.51 -1.013 -0.785 -0.442 -0.187 -0.036 -0.047 -0.297 -0.613 -0.729 -0.49 -0.277 -0.285 -0.201 0.013 0.393 0.725 0.798 0.863 0.449 0.208 -0.32 -0.669 -0.844 -0.774 -0.24 0.222 -0.04 -0.543 -1.098 -1.134 -0.847 -0.083 0.258 0.01 -0.135 -0.124 0.012 -0.628 -1.326 -1.461 -1.687 -1.214 -0.889 -0.961 -1.209 -1.503 -1.322 -1.221 -1.091 -0.825 -0.429 0.229 0.821 0.83 0.017 -0.769 -1.104 -1.418 -1.304 -1.179 -0.936 -0.448 -0.679 -1.404 -1.83 -1.815 -1.998 -2.206
0.347 0.306 0.159 0.061 0.066 -0.002 -0.213 -0.686 -0.961 -0.634 -0.349 -0.223 -0.261 -0.135 -0.057 -0.212 -0.5 -0.542 -0.496 -0.548 -0.462 -0.362 0.065 0.236 0.552 0.616 -0.089 -0.126 -0.059 -0.667 -1.034 -0.646 -0.378 0.151 -0.217 -0.863 -1.267 -0.937 -0.485 -0.181 0.104 0.13 0.137 0.155 0.06 -0.542 -1.045 -1.258 -1.59 -1.104 -0.767 -1.254 -1.63 -1.651 -1.3 -1.101 -0.636 -0.224 -0.012 0.212 0.482 0.888 0.489 -0.154 -0.653 -1.121 -1.24 -1.68 -1.485 -1.231 -1.677 -1.926 -1.775 -1.415 -1.362 -1.788
0.075 0.188 0.245 0.248 0.24 0.218 0.014 -0.571 -0.719 -0.433 -0.246 -0.257 -0.384 -0.368 -0.238 -0.131 -0.23 -0.357 -0.483 -0.75 -0.756 -0.373 -0.238 0.112 0.562 0.28 -0.572 -0.327 -0.011 -0.478 -0.977 -0.83 -0.379 0.119 -0.363 -0.939 -1.376 -1.47 -0.833 -0.397 -0.259 -0.169 -0.068 -0.089 0.039 -0.095 -0.468 -1.041 -1.172 -0.698 -0.803 -1.747 -1.946 -1.285 -0.863 -0.707 -0.608 -0.301 -0.281 -0.368 0.006 0.684 0.821 0.368 -0.366 -1.078 -1.526 -1.927 -1.714 -1.706 -1.668 -1.652 -1.402 -0.909 -1.293 -1.586
-0.04 -0.073 -0.023 -0.028 -0.008 0.026 0.074 -0.056 -0.142 -0.154 -0.275 -0.293 -0.443 -0.562 -0.45 -0.399 -0.385 -0.481 -0.529 -0.856 -0.814 -0.535 -0.341 0.377 0.573 0.072 -0.697 -0.331 -0.237 -0.556 -0.905 -0.745 -0.133 -0.028 -0.509 -0.951 -1.321 -1.626 -1.417 -0.828 -0.641 -0.575 -0.417 -0.636 -0.426 -0.197 -0.154 -0.514 -0.528 -0.419 -0.971 -1.836 -1.807 -1.242 -1.08 -0.935 -1.167 -1.056 -1.113 -0.89 -0.428 0.343 0.872 0.534 -0.331 -1.311 -1.842 -1.61 -1.435 -1.293 -1.151 -0.99 -0.651 -0.922 -1.792 -2.046
-0.198 -0.339 -0.339 -0.419 -0.496 -0.475 -0.434 -0.204 -0.034 -0.227 -0.371 -0.454 -0.566 -0.802 -0.938 -0.942 -0.911 -0.965 -0.885 -1.01 -0.774 -0.521 -0.06 0.525 0.49 0.015 -0.671 -0.403 -0.574 -0.805 -0.943 -0.796 -0.327 -0.442 -0.771 -1.217 -1.393 -1.487 -1.499 -1.347 -1.08 -0.862 -0.845 -1.203 -1.107 -0.976 -0.329 -0.342 -0.539 -0.877 -1.423 -1.997 -1.985 -1.748 -1.714 -1.632 -1.695 -1.433 -1.113 -1.124 -0.732 -0.103 0.706 0.606 -0.224 -1.112 -1.352 -1.133 -1.158 -0.931 -0.655 -0.378 -0.532 -1.314 -2.017 -1.928
-0.323 -0.766 -0.844 -0.989 -0.929 -0.726 -0.424 -0.123 -0.169 -0.396 -0.576 -0.796 -0.869 -0.872 -1.056 -1.067 -0.891 -0.908 -0.948 -0.919 -0.596 -0.204 0.312 0.583 0.373 -0.167 -0.633 -0.449 -0.668 -1.062 -1.08 -0.826 -0.761 -0.956 -1.056 -1.249 -1.173 -1.096 -1.157 -1.364 -1.349 -1.195 -1.171 -1.545 -1.855 -1.537 -0.939 -1.005 -1.151 -1.654 -2.003 -2.166 -2.181 -1.992 -1.899 -1.967 -1.672 -1.395 -1.075 -0.841 -0.786 -0.16 0.708 0.58 -0.124 -0.666 -0.512 -0.442 -0.483 -0.282 -0.168 -0.444 -0.848 -1.251 -1.799 -1.721
-0.544 -0.819 -0.728 -0.868 -0.686 -0.512 -0.323 -0.151 -0.359 -0.656 -0.872 -0.906 -0.685 -0.396 -0.461 -0.461 -0.344 -0.361 -0.391 -0.715 -0.591 -0.055 0.308 0.425 0.084 -0.476 -0.825 -0.711 -0.635 -1.147 -1.181 -0.962 -0.954 -1.037 -1.091 -1.08 -0.854 -0.832 -0.976 -1.101 -1.293 -1.536 -1.711 -1.819 -2.133 -1.82 -1.687 -1.79 -1.752 -1.832 -1.812 -1.796 -2.007 -1.846 -1.453 -1.752 -1.734 -1.335 -1.129 -0.651 -0.293 0.091 0.719 0.611 0.399 0.202 0.129 0.016 -0.089 -0.24 -0.656 -1.267 -1.429 -1.269 -1.794 -1.829
-0.527 -0.547 -0.583 -0.688 -0.547 -0.425 -0.373 -0.257 -0.608 -0.802 -0.63 -0.308 -0.006 0.152 0.185 0.184 0.191 0.12 0.151 -0.249 -0.452 -0.105 0.153 0.181 -0.158 -0.508 -0.744 -0.794 -0.82 -1.065 -1.228 -1.309 -1.094 -1.075 -1.12 -0.823 -0.62 -0.887 -1.165 -1.527 -1.739 -1.723 -1.513 -1.318 -1.621 -1.816 -1.864 -1.825 -1.819 -1.412 -1.133 -1.544 -1.929 -1.807 -1.113 -1.441 -1.448 -1.048 -0.683 -0.387 0.105 0.546 0.588 0.028 -0.194 0.115 -0.012 -0.274 -0.502 -0.937 -1.361 -1.831 -1.572 -1.423 -1.987 -1.726
-0.468 -0.362 -0.61 -0.653 -0.538 -0.482 -0.386 -0.557 -0.698 -0.438 0.086 0.432 0.606 0.649 0.619 0.598 0.558 0.512 0.526 0.35 0.033 0.077 0.203 0.076 0 -0.155 -0.397 -0.59 -0.775 -0.927 -0.934 -1.214 -1.428 -1.199 -0.866 -0.492 -0.866 -1.36 -1.504 -1.51 -1.371 -0.934 -0.788 -1.099 -1.661 -2.037 -1.573 -1.351 -1.459 -1.331 -0.867 -1.475 -1.492 -1.841 -1.145 -0.79 -0.952 -1.183 -0.833 -0.273 0.342 0.459 -0.018 -0.711 -1.006 -0.476 -0.269 -0.71 -1.011 -1.484 -1.975 -1.996 -1.469 -1.593 -1.788 -1.555
-0.319 -0.284 -0.593 -0.637 -0.563 -0.601 -0.695 -0.613 -0.235 0.266 0.623 0.751 0.773 0.776 0.767 0.755 0.707 0.682 0.692 0.67 0.548 0.534 0.514 0.436 0.288 0.178 -0.063 -0.268 -0.439 -0.7 -0.895 -1.13 -1.302 -0.746 -0.344 -0.721 -1.12 -1.038 -0.719 -0.576 -0.566 -0.679 -1.075 -1.517 -1.784 -1.88 -1.555 -0.965 -0.84 -0.924 -0.769 -0.979 -1.079 -1.34 -1.398 -1.235 -0.756 -0.792 -0.627 0.073 0.442 0.125 -0.609 -1.463 -1.47 -0.802 -0.301 -0.958 -1.392 -1.697 -2.249 -2.131 -1.687 -1.791 -1.787 -1.664
-0.202 -0.114 -0.346 -0.473 -0.52 -0.778 -0.739 -0.128 0.403 0.692 0.773 0.779 0.779 0.742 0.645 0.612 0.684 0.709 0.719 0.729 0.733 0.705 0.714 0.724 0.652 0.415 0.152 0.037 -0.259 -0.649 -1.012 -1.156 -0.732 -0.255 -0.541 -0.916 -0.759 -0.319 -0.095 -0.112 -0.2 -0.517 -0.816 -1.226 -1.319 -1.529 -1.269 -1.039 -1.198 -0.949 -0.752 -0.569 -0.594 -0.721 -0.971 -1.253 -1.075 -0.505 -0.356 0.293 0.247 -0.148 -0.958 -1.781 -1.739 -1.064 -0.549 -1.143 -1.753 -1.696 -1.934 -2.103 -1.891 -1.789 -1.713 -1.592
-0.186 0.04 -0.11 -0.273 -0.525 -0.65 -0.166 0.459 0.729 0.778 0.779 0.771 0.607 0.313 0.097 0.005 0.056 0.136 0.033 0.129 0.204 0.226 0.308 0.638 0.748 0.724 0.585 0.268 0.004 -0.386 -0.815 -0.709 -0.21 -0.358 -0.423 -0.204 -0.203 -0.098 -0.528 -0.796 -0.835 -0.778 -0.849 -1.006 -1.002 -1.268 -1.362 -1.358 -1.857 -1.643 -1.407 -0.988 -0.713 -0.383 -0.383 -0.583 -0.939 -0.619 0.08 0.302 -0.444 -0.447 -0.982 -1.573 -1.752 -1.355 -0.981 -1.112 -1.581 -1.356 -1.686 -2.041 -1.74 -1.472 -1.354 -1.212
0.04 0.174 -0.171 -0.463 -0.41 -0.019 0.499 0.746 0.783 0.784 0.733 0.493 -0.042 -0.118 -0.302 -0.459 -0.436 -0.701 -0.891 -0.513 -0.459 -0.418 -0.324 -0.008 0.414 0.635 0.703 0.62 0.359 -0.099 -0.169 -0.059 0.062 0.126 0.189 0.154 0.019 -0.448 -1.12 -1.443 -1.551 -1.499 -1.371 -1.346 -1.164 -1.441 -1.821 -1.645 -2.137 -2.249 -1.832 -1.618 -1.217 -0.661 -0.461 -0.28 -0.333 -0.29 0.297 -0.137 -1.018 -0.62 -1.145 -1.625 -1.719 -1.505 -1.288 -1.302 -1.599 -1.208 -1.627 -1.817 -1.565 -1.234 -0.918 -0.744
0.284 -0.054 -0.317 0.052 0.336 0.595 0.766 0.788 0.781 0.707 0.335 -0.122 -0.467 -0.231 -0.633 -0.879 -0.995 -0.932 -0.838 -0.798 -1.138 -0.834 -0.898 -0.705 -0.274 0.16 0.404 0.505 0.589 0.442 0.384 0.278 0.165 -0.06 -0.343 -0.432 -0.387 -0.593 -1.31 -1.637 -1.84 -1.964 -1.677 -1.445 -1.497 -1.669 -2.319 -1.899 -1.962 -2.35 -2.096 -1.749 -1.381 -1.113 -1.172 -0.838 -0.288 0.144 0.231 -0.55 -1.306 -0.771 -1.194 -1.536 -1.847 -1.823 -1.626 -1.436 -1.566 -1.2 -1.325 -1.538 -1.265 -0.994 -0.65 -0.336
0.14 -0.237 0.264 0.624 0.751 0.789 0.783 0.737 0.56 0.251 -0.395 -0.779 -0.747 -0.609 -0.803 -1.205 -1.241 -1.279 -1.363 -1.439 -1.164 -1.091 -1.208 -0.802 -0.377 -0.158 -0.227 0.043 0.436 0.65 0.384 -0.232 -0.576 -0.855 -1.039 -1.256 -1.088 -0.569 -0.918 -1.252 -1.569 -1.957 -1.997 -2.003 -2.001 -2.081 -2.586 -1.965 -1.528 -1.993 -2.162 -1.892 -1.826 -1.61 -1.41 -0.965 -0.355 0.257 -0.158 -0.939 -1.559 -1.079 -1.088 -1.687 -2.077 -1.906 -1.856 -1.294 -1.278 -1.178 -0.881 -1.113 -1.041 -0.693 -0.411 -0.123
0.19 0.417 0.715 0.766 0.786 0.779 0.731 0.37 -0.077 -0.228 -0.811 -1.08 -0.927 -0.814 -0.876 -1.43 -1.683 -1.862 -1.765 -1.485 -1.337 -1.296 -1.085 -0.737 -0.321 -0.503 -0.746 -0.544 0.12 0.424 0.38 -0.519 -1.131 -1.326 -1.501 -1.759 -1.569 -1.127 -0.895 -0.843 -1.442 -2.012 -2.386 -2.425 -2.337 -2.388 -2.585 -2.042 -1.433 -1.438 -1.829 -2.111 -2.098 -1.628 -1.277 -0.982 -0.304 0.163 -0.554 -1.268 -1.775 -1.32 -1.219 -1.886 -2.086 -1.658 -1.685 -1.324 -0.911 -0.867 -0.523 -0.635 -0.675 -0.708 -0.378 -0.075
0.752 0.785 0.785 0.774 0.722 0.591 0.354 -0.243 -0.796 -0.927 -1.081 -1.192 -1.082 -1.092 -1.008 -1.337 -1.711 -1.873 -1.563 -1.309 -1.095 -0.902 -0.676 -0.396 -0.454 -1.023 -1.059 -0.041 0.246 -0.081 0.335 -0.094 -0.758 -1.089 -1.321 -1.666 -1.802 -1.58 -1.203 -0.887 -1.486 -2.133 -2.422 -2.196 -2.12 -2.164 -2.332 -2.164 -1.718 -1.362 -1.203 -1.668 -1.882 -1.422 -1.204 -1.046 -0.387 0.088 -0.787 -1.44 -1.868 -1.614 -1.415 -1.87 -1.676 -1.61 -1.097 -1.048 -0.608 -0.387 -0.253 -0.213 -0.17 -0.156 -0.106 -0.166
0.743 0.764 0.777 0.672 0.444 0.125 -0.309 -0.762 -1.254 -1.213 -1.295 -1.455 -1.546 -1.544 -1.373 -1.498 -1.569 -1.571 -1.373 -1.13 -0.959 -0.639 -0.55 -0.565 -0.756 -1.483 -0.951 0.333 -0.096 -0.731 -0.062 0.215 -0.047 -0.621 -0.884 -1.301 -1.736 -1.939 -1.635 -1.37 -1.646 -2.095 -2.449 -2.048 -1.623 -1.605 -1.948 -2.134 -2.043 -1.588 -1.046 -0.976 -1.218 -1.007 -0.751 -0.512 -0.167 0.053 -0.627 -1.151 -1.72 -1.767 -1.617 -1.623 -1.257 -1.384 -0.914 -0.661 -0.412 -0.287 -0.492 -0.346 -0.406 -0.402 -0.537 -0.533
0.584 0.765 0.654 0.26 -0.066 -0.313 -0.85 -1.062 -1.272 -1.453 -1.507 -1.549 -1.664 -1.508 -1.447 -1.447 -1.288 -1.18 -1.117 -0.976 -0.744 -0.634 -1.064 -1.183 -1.021 -1.553 -0.844 0.229 -0.508 -1.253 -0.571 -0.079 0.151 -0.096 -0.352 -0.945 -1.546 -2.06 -2.047 -1.961 -1.882 -2.057 -2.423 -2.312 -1.639 -1.286 -1.339 -1.737 -1.894 -1.636 -1.334 -1.021 -0.594 -0.369 -0.205 -0.252 -0.168 -0.364 -0.902 -1.374 -1.533 -1.363 -1.246 -1.202 -1.163 -1.042 -0.807 -0.523 -0.514 -0.808 -0.807 -0.532 -0.878 -0.676 -0.927 -0.837
0.43 0.678 0.489 -0.185 -0.611 -0.812 -0.82 -0.872 -1.09 -1.268 -1.269 -1.15 -1.349 -1.309 -1.236 -1.076 -0.998 -0.831 -0.825 -0.946 -0.88 -1.062 -1.771 -1.734 -1.553 -1.434 -0.805 -0.039 -0.814 -1.666 -1.218 -0.775 -0.18 0.068 0.023 -0.562 -1.194 -1.926 -2.267 -2.389 -2.139 -2.182 -2.574 -2.704 -2.159 -1.613 -1.175 -1.098 -1.327 -1.208 -0.928 -0.654 -0.489 -0.589 -0.739 -0.975 -0.404 -0.832 -1.28 -1.357 -1.098 -1.184 -1.445 -1.156 -1.048 -0.727 -0.566 -0.824 -1.044 -1.28 -0.809 -0.81 -1.218 -0.93 -1.309 -1.068
0.178 0.418 0.575 -0.022 -0.632 -0.61 -0.396 -0.457 -0.554 -0.561 -0.735 -0.765 -0.829 -0.76 -0.94 -0.722 -0.605 -0.523 -0.61 -1.063 -1.808 -1.909 -2.214 -2.13 -2.052 -1.534 -0.961 -0.34 -0.754 -1.486 -1.723 -1.195 -0.732 -0.485 -0.123 -0.369 -1.331 -1.901 -2.01 -2.519 -2.325 -2.313 -2.611 -2.799 -2.577 -1.967 -1.55 -1.108 -0.805 -0.781 -0.723 -0.854 -1.088 -1.316 -1.432 -1.185 -0.579 -0.593 -0.924 -0.939 -1.148 -1.558 -1.733 -1.228 -0.848 -0.9 -0.86 -1.376 -1.46 -1.347 -0.833 -1.123 -1.454 -1.265 -1.478 -1.098
-0.308 -0.13 0.372 0.389 0.028 0.119 0.215 0.227 0.16 0.123 -0.027 -0.228 -0.257 -0.312 -0.525 -0.377 -0.264 -0.266 -0.57 -1.59 -2.564 -2.681 -2.561 -2.383 -2.265 -1.731 -1.322 -0.912 -0.908 -1.065 -1.526 -1.867 -1.554 -1.178 -0.512 -0.359 -1.314 -1.707 -1.787 -2.441 -2.548 -2.382 -2.453 -2.74 -2.588 -2.016 -1.389 -1.193 -1.399 -1.245 -1.473 -1.659 -1.749 -1.706 -1.317 -0.799 -0.368 -0.361 -0.555 -0.795 -1.192 -1.706 -1.746 -1.413 -1.206 -1.332 -0.934 -1.601 -1.665 -1.26 -0.933 -1.368 -1.611 -1.54 -1.285 -0.761
