data/climatemaps/RS_maps/climate_postbreed_tmp_2017.asc
NCOLS 369 
NROWS 228 
XLLCORNER 479000 
YLLCORNER 73000 
CELLSIZE 1000 
NODATA_value -9 
[rows 68 to 101 of 228, columns 152 to 227 of 369]
0.657 0.662 0.672 0.696 0.661 0.687 0.673 0.71 0.752 0.734 0.642 0.573 0.547 0.527 0.626 0.734 0.738 0.625 0.473 0.403 0.477 0.54 0.476 0.453 0.613 0.712 0.663 0.638 0.797 0.837 0.765 0.641 0.565 0.468 0.433 0.493 0.631 0.718 0.786 0.84 0.918 0.933 0.927 0.895 0.864 0.846 0.836 0.769 0.72 0.689 0.68 0.666 0.581 0.465 0.594 0.606 0.557 0.638 0.718 0.707 0.75 0.83 0.843 0.839 0.833 0.828 0.812 0.778 0.78 0.781 0.784 0.801 0.801 0.784 0.76 0.756
0.686 0.67 0.652 0.687 0.647 0.617 0.614 0.671 0.742 0.729 0.634 0.568 0.545 0.484 0.574 0.705 0.74 0.7 0.526 0.435 0.477 0.503 0.525 0.467 0.583 0.685 0.664 0.616 0.749 0.838 0.81 0.696 0.595 0.505 0.442 0.44 0.584 0.71 0.773 0.833 0.89 0.933 0.937 0.923 0.902 0.863 0.859 0.815 0.776 0.715 0.707 0.688 0.651 0.575 0.575 0.632 0.507 0.568 0.66 0.665 0.669 0.759 0.829 0.84 0.833 0.833 0.833 0.831 0.815 0.813 0.813 0.813 0.813 0.803 0.794 0.791
0.693 0.638 0.631 0.676 0.63 0.538 0.584 0.671 0.703 0.737 0.701 0.603 0.547 0.503 0.542 0.635 0.734 0.743 0.615 0.529 0.52 0.494 0.532 0.564 0.596 0.649 0.656 0.59 0.69 0.829 0.833 0.772 0.646 0.555 0.472 0.423 0.531 0.697 0.778 0.828 0.86 0.93 0.94 0.931 0.905 0.881 0.876 0.838 0.803 0.757 0.717 0.734 0.691 0.673 0.65 0.673 0.545 0.523 0.571 0.645 0.607 0.63 0.72 0.784 0.828 0.833 0.833 0.83 0.826 0.818 0.814 0.813 0.813 0.813 0.811 0.808
0.681 0.627 0.627 0.629 0.579 0.551 0.616 0.657 0.683 0.727 0.741 0.617 0.585 0.596 0.576 0.591 0.713 0.76 0.715 0.613 0.546 0.498 0.487 0.563 0.573 0.619 0.638 0.562 0.618 0.802 0.846 0.821 0.717 0.616 0.529 0.451 0.507 0.674 0.785 0.831 0.857 0.92 0.942 0.934 0.902 0.893 0.88 0.855 0.817 0.775 0.755 0.752 0.791 0.75 0.693 0.649 0.633 0.568 0.552 0.576 0.601 0.589 0.628 0.675 0.776 0.831 0.832 0.817 0.821 0.819 0.816 0.811 0.812 0.815 0.815 0.816
0.686 0.618 0.601 0.582 0.516 0.561 0.625 0.623 0.702 0.719 0.678 0.68 0.688 0.698 0.68 0.644 0.69 0.767 0.761 0.682 0.583 0.491 0.455 0.554 0.569 0.602 0.623 0.538 0.544 0.741 0.849 0.849 0.787 0.705 0.626 0.53 0.521 0.658 0.772 0.849 0.86 0.922 0.946 0.94 0.922 0.89 0.899 0.887 0.856 0.82 0.837 0.86 0.82 0.657 0.608 0.594 0.611 0.607 0.561 0.531 0.565 0.576 0.601 0.64 0.722 0.775 0.793 0.764 0.776 0.775 0.77 0.773 0.792 0.813 0.816 0.82
0.685 0.618 0.586 0.531 0.497 0.543 0.591 0.569 0.669 0.717 0.617 0.593 0.603 0.638 0.703 0.697 0.69 0.74 0.771 0.748 0.655 0.529 0.466 0.564 0.553 0.58 0.627 0.534 0.492 0.645 0.815 0.859 0.838 0.779 0.717 0.617 0.569 0.661 0.769 0.85 0.879 0.923 0.947 0.935 0.92 0.911 0.888 0.909 0.902 0.887 0.89 0.876 0.815 0.751 0.631 0.526 0.521 0.543 0.578 0.522 0.514 0.543 0.565 0.588 0.62 0.627 0.665 0.646 0.628 0.614 0.605 0.639 0.691 0.749 0.782 0.805
0.648 0.635 0.59 0.516 0.51 0.556 0.582 0.549 0.655 0.728 0.656 0.624 0.611 0.65 0.673 0.664 0.677 0.728 0.763 0.77 0.737 0.629 0.585 0.577 0.512 0.538 0.616 0.574 0.485 0.56 0.739 0.86 0.859 0.828 0.772 0.713 0.649 0.682 0.777 0.842 0.87 0.941 0.948 0.93 0.897 0.909 0.904 0.922 0.92 0.914 0.9 0.892 0.79 0.688 0.567 0.477 0.479 0.507 0.562 0.524 0.484 0.495 0.524 0.498 0.506 0.534 0.533 0.45 0.361 0.315 0.376 0.408 0.474 0.57 0.656 0.711
0.638 0.621 0.619 0.515 0.51 0.567 0.618 0.617 0.664 0.721 0.711 0.707 0.722 0.728 0.729 0.717 0.728 0.744 0.755 0.773 0.766 0.736 0.633 0.576 0.509 0.508 0.577 0.606 0.509 0.529 0.656 0.807 0.86 0.84 0.815 0.76 0.723 0.711 0.787 0.836 0.878 0.94 0.957 0.919 0.875 0.912 0.929 0.933 0.928 0.92 0.91 0.868 0.745 0.647 0.532 0.432 0.408 0.452 0.511 0.53 0.482 0.472 0.434 0.319 0.298 0.4 0.397 0.339 0.213 0.193 0.204 0.157 0.176 0.311 0.389 0.471
0.606 0.552 0.603 0.536 0.483 0.511 0.569 0.596 0.647 0.719 0.719 0.719 0.739 0.739 0.739 0.739 0.742 0.759 0.757 0.766 0.766 0.779 0.703 0.602 0.557 0.53 0.547 0.582 0.552 0.53 0.625 0.76 0.858 0.849 0.839 0.796 0.769 0.751 0.805 0.834 0.874 0.936 0.955 0.906 0.884 0.916 0.94 0.934 0.933 0.933 0.903 0.775 0.609 0.586 0.505 0.368 0.373 0.372 0.405 0.424 0.356 0.308 0.198 0.082 0.089 0.198 0.278 0.283 0.221 0.229 0.224 0.104 -0.006 0.015 0.099 0.267
0.538 0.529 0.561 0.561 0.532 0.494 0.526 0.55 0.608 0.659 0.7 0.709 0.722 0.739 0.726 0.634 0.627 0.663 0.714 0.76 0.776 0.786 0.787 0.69 0.597 0.572 0.553 0.562 0.573 0.572 0.619 0.726 0.842 0.855 0.834 0.82 0.82 0.814 0.838 0.851 0.871 0.94 0.962 0.911 0.911 0.922 0.944 0.942 0.939 0.934 0.884 0.642 0.455 0.517 0.487 0.321 0.273 0.224 0.174 0.185 0.07 0.076 0.037 0.088 0.128 0.216 0.262 0.236 0.218 0.208 0.231 0.163 0.015 -0.135 -0.061 0.08
0.519 0.519 0.527 0.487 0.544 0.455 0.473 0.539 0.646 0.663 0.684 0.714 0.719 0.72 0.684 0.589 0.585 0.561 0.658 0.732 0.768 0.787 0.8 0.787 0.732 0.675 0.628 0.616 0.611 0.618 0.645 0.722 0.826 0.855 0.834 0.836 0.858 0.852 0.857 0.847 0.86 0.945 0.97 0.933 0.927 0.921 0.952 0.952 0.947 0.937 0.844 0.521 0.346 0.483 0.495 0.336 0.254 0.219 0.179 0.152 0.07 0.041 0.103 0.209 0.229 0.265 0.235 0.207 0.213 0.227 0.235 0.205 0.077 -0.095 -0.11 -0.102
0.511 0.528 0.513 0.458 0.516 0.55 0.505 0.523 0.58 0.659 0.68 0.689 0.701 0.716 0.705 0.663 0.644 0.579 0.597 0.672 0.748 0.784 0.806 0.806 0.808 0.772 0.735 0.711 0.689 0.676 0.691 0.741 0.812 0.848 0.835 0.847 0.879 0.882 0.864 0.831 0.866 0.961 0.968 0.924 0.921 0.915 0.927 0.95 0.95 0.938 0.74 0.438 0.305 0.464 0.504 0.459 0.423 0.416 0.369 0.271 0.183 0.083 0.08 0.229 0.216 0.177 0.108 0.183 0.23 0.224 0.238 0.203 0.071 0.064 -0.029 -0.234
0.479 0.499 0.518 0.467 0.503 0.593 0.599 0.603 0.616 0.607 0.634 0.681 0.596 0.667 0.711 0.71 0.665 0.627 0.581 0.593 0.698 0.738 0.788 0.809 0.822 0.824 0.79 0.762 0.74 0.731 0.735 0.769 0.807 0.837 0.842 0.868 0.903 0.909 0.879 0.84 0.907 0.973 0.898 0.854 0.841 0.888 0.913 0.955 0.957 0.875 0.513 0.321 0.272 0.432 0.48 0.509 0.512 0.51 0.494 0.399 0.181 0.047 0.156 0.241 0.183 -0.002 0.149 0.234 0.216 0.172 0.233 0.23 0.156 0.041 -0.032 -0.148
0.47 0.505 0.536 0.524 0.561 0.557 0.514 0.524 0.53 0.553 0.59 0.661 0.587 0.596 0.675 0.71 0.699 0.637 0.578 0.618 0.644 0.643 0.711 0.783 0.818 0.826 0.811 0.783 0.768 0.76 0.753 0.778 0.807 0.836 0.867 0.897 0.939 0.949 0.932 0.911 0.957 0.954 0.769 0.698 0.775 0.899 0.936 0.965 0.96 0.812 0.5 0.288 0.269 0.298 0.379 0.488 0.466 0.484 0.51 0.484 0.259 0.132 0.24 0.216 0.093 -0.064 0.1 0.227 0.113 0.061 0.216 0.229 0.103 -0.091 -0.162 -0.248
0.491 0.517 0.496 0.52 0.539 0.532 0.495 0.529 0.549 0.596 0.606 0.638 0.612 0.616 0.65 0.7 0.714 0.697 0.676 0.667 0.611 0.579 0.602 0.684 0.76 0.801 0.82 0.797 0.781 0.774 0.773 0.8 0.82 0.859 0.895 0.919 0.962 0.972 0.969 0.965 0.969 0.877 0.633 0.637 0.813 0.932 0.916 0.905 0.949 0.89 0.637 0.341 0.248 0.144 0.278 0.375 0.175 0.139 0.406 0.506 0.394 0.127 0.241 0.099 -0.124 -0.179 0.112 0.169 0.071 0.131 0.2 0.228 0.1 -0.163 -0.133 -0.235
0.517 0.495 0.459 0.489 0.522 0.524 0.507 0.529 0.57 0.581 0.554 0.598 0.655 0.642 0.672 0.677 0.695 0.715 0.709 0.673 0.601 0.566 0.544 0.568 0.671 0.737 0.797 0.802 0.79 0.802 0.8 0.828 0.851 0.885 0.917 0.951 0.972 0.974 0.958 0.961 0.932 0.692 0.579 0.702 0.862 0.936 0.864 0.904 0.964 0.958 0.835 0.514 0.274 0.095 0.245 0.323 0.198 0.03 0.219 0.494 0.381 0.042 0.213 0.058 -0.145 -0.042 0.171 -0.033 -0.07 0.034 0.023 0.199 0.101 0.026 0.067 -0.08
0.491 0.467 0.432 0.446 0.496 0.495 0.472 0.513 0.576 0.534 0.558 0.552 0.637 0.605 0.653 0.638 0.657 0.684 0.69 0.656 0.557 0.505 0.485 0.486 0.564 0.662 0.746 0.795 0.792 0.815 0.827 0.854 0.877 0.918 0.95 0.971 0.968 0.954 0.951 0.947 0.787 0.584 0.666 0.786 0.87 0.892 0.94 0.97 0.973 0.966 0.95 0.712 0.387 0.158 0.058 0.088 -0.049 -0.092 0.065 0.444 0.311 0.096 0.195 -0.007 -0.199 -0.031 0.135 -0.189 -0.164 -0.238 -0.216 0.025 0.172 0.203 0.025 -0.199
0.461 0.426 0.399 0.422 0.46 0.453 0.452 0.484 0.549 0.502 0.544 0.493 0.586 0.599 0.639 0.631 0.64 0.651 0.672 0.663 0.596 0.534 0.492 0.48 0.496 0.602 0.704 0.778 0.788 0.817 0.841 0.866 0.896 0.938 0.97 0.971 0.939 0.949 0.931 0.791 0.748 0.73 0.776 0.832 0.893 0.917 0.815 0.942 0.973 0.97 0.966 0.804 0.389 0.064 -0.19 -0.251 -0.302 -0.081 0.201 0.422 0.3 0.175 0.051 -0.12 -0.39 -0.138 0.079 -0.309 -0.246 -0.419 -0.345 -0.232 -0.003 0.21 0.113 -0.084
0.42 0.365 0.363 0.41 0.437 0.438 0.432 0.472 0.507 0.444 0.507 0.439 0.52 0.514 0.607 0.631 0.629 0.644 0.634 0.672 0.651 0.631 0.591 0.531 0.502 0.558 0.677 0.774 0.801 0.824 0.846 0.868 0.921 0.956 0.973 0.945 0.927 0.923 0.797 0.701 0.737 0.794 0.76 0.838 0.939 0.853 0.608 0.666 0.892 0.959 0.967 0.885 0.443 -0.037 -0.204 -0.146 -0.025 0.176 0.382 0.415 0.219 -0.019 -0.228 -0.2 -0.416 -0.143 0.03 -0.378 -0.339 -0.481 -0.367 -0.239 -0.002 0.187 0.105 0.158
0.385 0.33 0.326 0.379 0.375 0.437 0.397 0.462 0.461 0.406 0.441 0.404 0.415 0.42 0.491 0.596 0.633 0.602 0.623 0.676 0.61 0.598 0.621 0.611 0.572 0.612 0.692 0.77 0.81 0.82 0.836 0.887 0.943 0.959 0.938 0.946 0.902 0.827 0.798 0.823 0.798 0.758 0.845 0.943 0.933 0.749 0.41 0.273 0.397 0.782 0.963 0.952 0.746 0.324 0.226 0.2 0.281 0.396 0.497 0.343 0.045 -0.164 -0.391 -0.332 -0.408 -0.065 -0.093 -0.391 -0.468 -0.414 -0.267 -0.089 0.126 0.134 -0.092 -0.008
0.31 0.282 0.313 0.295 0.335 0.399 0.353 0.439 0.433 0.369 0.402 0.316 0.35 0.389 0.414 0.511 0.622 0.604 0.652 0.642 0.53 0.527 0.538 0.599 0.637 0.659 0.684 0.754 0.808 0.834 0.865 0.938 0.924 0.938 0.944 0.915 0.856 0.79 0.838 0.802 0.787 0.86 0.964 0.974 0.89 0.556 0.196 -0.052 -0.189 0.308 0.849 0.937 0.895 0.665 0.573 0.508 0.558 0.609 0.613 0.357 -0.001 -0.141 -0.383 -0.4 -0.295 -0.026 -0.248 -0.455 -0.424 -0.243 -0.082 0.018 0.125 -0.096 -0.357 -0.295
0.193 0.206 0.234 0.236 0.306 0.388 0.318 0.387 0.383 0.296 0.356 0.255 0.274 0.359 0.459 0.487 0.605 0.66 0.688 0.696 0.624 0.502 0.459 0.496 0.575 0.654 0.724 0.807 0.848 0.882 0.901 0.883 0.86 0.894 0.937 0.963 0.964 0.942 0.871 0.819 0.887 0.957 0.974 0.963 0.798 0.32 -0.02 -0.334 -0.441 -0.159 0.473 0.783 0.852 0.819 0.8 0.77 0.793 0.805 0.769 0.538 0.243 0.043 -0.154 -0.354 -0.198 -0.064 -0.307 -0.503 -0.407 -0.181 -0.012 -0.062 0.106 -0.126 -0.51 -0.619
0.214 0.107 0.15 0.197 0.27 0.33 0.305 0.341 0.352 0.253 0.2 0.265 0.335 0.32 0.35 0.433 0.582 0.576 0.507 0.522 0.679 0.688 0.611 0.598 0.702 0.806 0.854 0.878 0.884 0.887 0.829 0.736 0.77 0.826 0.942 0.961 0.975 0.974 0.897 0.915 0.968 0.983 0.96 0.928 0.779 0.367 -0.055 -0.22 -0.243 -0.184 0.136 0.448 0.665 0.758 0.845 0.873 0.889 0.884 0.853 0.741 0.549 0.326 0.059 -0.344 -0.183 -0.152 -0.365 -0.52 -0.382 -0.212 -0.041 -0.105 0.054 -0.294 -0.725 -0.848
0.195 0.18 0.068 0.136 0.233 0.286 0.271 0.258 0.291 0.202 0.199 0.212 0.281 0.421 0.478 0.498 0.561 0.564 0.409 0.326 0.486 0.655 0.784 0.802 0.822 0.799 0.747 0.691 0.679 0.723 0.735 0.77 0.844 0.902 0.951 0.903 0.924 0.979 0.966 0.965 0.987 0.986 0.946 0.934 0.908 0.772 0.46 0.215 -0.054 -0.257 -0.151 -0.029 0.297 0.514 0.668 0.778 0.832 0.867 0.827 0.824 0.712 0.534 0.239 -0.244 -0.304 -0.324 -0.448 -0.493 -0.328 -0.165 -0.169 -0.413 -0.205 -0.172 -0.783 -0.75
0.083 0.11 0.132 0.043 0.141 0.261 0.201 0.215 0.219 0.264 0.317 0.338 0.366 0.407 0.418 0.54 0.591 0.542 0.373 0.283 0.404 0.617 0.711 0.711 0.68 0.591 0.502 0.395 0.379 0.617 0.68 0.677 0.76 0.877 0.956 0.895 0.88 0.976 0.99 0.99 0.991 0.986 0.974 0.974 0.984 0.958 0.869 0.693 0.336 -0.219 -0.315 -0.252 -0.042 0.101 0.306 0.455 0.526 0.561 0.572 0.837 0.796 0.703 0.483 0.11 -0.232 -0.403 -0.39 -0.432 -0.297 -0.366 -0.375 -0.667 -0.328 -0.142 -0.699 -0.836
0.046 0.001 0.09 0.007 0.091 0.161 0.147 0.158 0.132 0.202 0.245 0.245 0.334 0.402 0.495 0.499 0.574 0.507 0.31 0.301 0.447 0.631 0.58 0.512 0.511 0.458 0.409 0.295 0.241 0.48 0.428 0.392 0.526 0.744 0.932 0.941 0.894 0.971 0.994 0.994 0.994 0.989 0.987 0.99 0.989 0.984 0.978 0.932 0.718 0.192 -0.096 -0.006 0.13 -0.077 -0.106 0.023 0.151 0.426 0.737 0.867 0.841 0.777 0.646 0.345 0.012 -0.105 -0.202 -0.431 -0.458 -0.636 -0.585 -0.507 -0.279 -0.497 -0.868 -1.039
0.132 0.006 -0.053 -0.026 0.006 0.022 -0.004 -0.016 0.006 0.088 0.118 0.183 0.3 0.43 0.471 0.405 0.576 0.477 0.292 0.357 0.403 0.56 0.466 0.432 0.477 0.465 0.368 0.247 0.215 0.323 0.249 0.199 0.305 0.562 0.845 0.97 0.916 0.974 0.994 0.982 0.968 0.881 0.891 0.967 0.965 0.963 0.979 0.981 0.853 0.345 0.07 0.401 0.389 -0.077 0.089 0.417 0.604 0.778 0.883 0.878 0.849 0.723 0.474 0.378 0.214 -0.015 -0.123 -0.259 -0.438 -0.682 -0.714 -0.643 -0.718 -0.854 -1.027 -1.072
0.098 -0.009 -0.086 -0.041 -0.084 0.033 -0.096 -0.078 -0.059 0.038 0.073 0.183 0.25 0.348 0.446 0.416 0.567 0.428 0.269 0.264 0.305 0.439 0.481 0.44 0.357 0.317 0.215 0.09 0.191 0.158 0.063 0.033 0.185 0.455 0.769 0.976 0.976 0.99 0.989 0.83 0.677 0.509 0.541 0.73 0.793 0.863 0.931 0.978 0.836 0.556 0.593 0.781 0.435 0.361 0.755 0.895 0.91 0.904 0.805 0.728 0.695 0.6 0.472 0.522 0.297 0.158 0.062 0.032 -0.239 -0.492 -0.563 -0.544 -0.438 -0.449 -0.516 -0.539
0.054 -0.083 0.009 0.056 -0.019 0.071 -0.025 0.004 0.06 0.151 0.171 0.248 0.215 0.37 0.425 0.471 0.536 0.361 0.225 0.184 0.157 0.336 0.411 0.228 0.125 -0.009 -0.108 -0.158 0.129 -0.004 -0.198 -0.087 0.195 0.51 0.776 0.976 0.994 0.994 0.864 0.599 0.509 0.488 0.727 0.881 0.944 0.967 0.979 0.985 0.961 0.944 0.95 0.955 0.872 0.914 0.94 0.917 0.849 0.909 0.668 0.454 0.285 0.292 0.176 0.307 0.393 0.536 0.466 0.261 0.008 -0.138 0.076 0.166 0.059 -0.155 -0.321 -0.458
-0.003 -0.055 0.061 0.12 0.073 0.085 0.065 -0.018 0.037 0.13 0.222 0.304 0.319 0.348 0.424 0.518 0.484 0.333 0.214 0.095 0.026 0.226 0.278 0.07 -0.032 -0.226 -0.22 -0.093 -0.025 -0.264 -0.616 -0.526 -0.033 0.438 0.663 0.848 0.917 0.961 0.708 0.517 0.657 0.845 0.968 0.982 0.986 0.987 0.987 0.98 0.976 0.972 0.967 0.963 0.953 0.924 0.802 0.601 0.651 0.905 0.67 0.102 -0.409 -0.408 -0.253 -0.158 -0.152 0.051 0.298 0.488 0.445 0.43 0.463 0.403 -0.013 -0.345 -0.466 -0.598
-0.005 0.015 0.123 0.192 0.177 0.171 0.111 -0.031 0.097 0.164 0.226 0.23 0.289 0.392 0.511 0.437 0.393 0.371 0.281 0.141 0.062 0.048 0.027 -0.148 -0.221 -0.487 -0.528 -0.369 -0.536 -0.684 -0.744 -0.535 0.018 0.579 0.784 0.827 0.956 0.983 0.851 0.838 0.961 0.971 0.963 0.926 0.873 0.885 0.936 0.966 0.97 0.961 0.951 0.894 0.773 0.567 0.336 0.273 0.617 0.908 0.615 -0.172 -0.731 -0.553 -0.475 -0.485 -0.447 -0.413 -0.317 0.06 0.283 0.237 0.243 0.105 0.014 -0.055 -0.419 -0.642
0.11 0.115 0.152 0.239 0.245 0.159 0.054 0.041 0.128 0.135 0.156 0.237 0.389 0.503 0.431 0.291 0.245 0.228 0.232 0.238 0.196 0.063 -0.137 -0.462 -0.546 -0.403 -0.361 -0.297 -0.427 -0.453 -0.507 -0.237 0.383 0.905 0.984 0.969 0.897 0.872 0.969 0.971 0.973 0.912 0.806 0.702 0.44 0.369 0.711 0.771 0.808 0.816 0.728 0.552 0.43 0.307 0.263 0.393 0.622 0.913 0.739 0.133 -0.412 -0.581 -0.644 -0.68 -0.645 -0.666 -0.541 -0.358 -0.291 -0.37 -0.145 -0.478 -0.313 0.025 -0.051 -0.447
0.215 0.177 0.173 0.29 0.181 0.134 0.061 0.137 0.164 0.126 0.239 0.371 0.503 0.475 0.257 0.146 0.052 0.079 0.192 0.107 0.076 0.167 -0.154 -0.427 -0.492 -0.317 -0.195 -0.051 -0.031 -0.084 0.038 0.406 0.859 0.986 0.892 0.639 0.831 0.801 0.809 0.847 0.924 0.877 0.619 0.303 -0.084 0.097 0.397 0.306 0.274 0.258 0.305 0.289 0.073 -0.138 -0.076 0.285 0.771 0.913 0.864 0.48 0.073 -0.123 -0.309 -0.415 -0.486 -0.637 -0.657 -0.695 -0.878 -0.706 -0.333 -0.862 -0.82 -0.439 0.131 -0.202
0.259 0.187 0.296 0.277 0.142 0.025 0.023 0.103 0.216 0.254 0.357 0.454 0.511 0.381 0.06 -0.041 -0.123 0.1 0.077 -0.1 -0.161 0.065 -0.122 -0.367 -0.431 -0.326 -0.338 -0.182 0.211 0.452 0.622 0.823 0.952 0.969 0.708 0.771 0.778 0.426 0.391 0.402 0.621 0.891 0.584 -0.078 -0.424 -0.117 0.077 -0.128 -0.226 -0.163 0.078 -0.037 -0.383 -0.588 -0.254 0.483 0.9 0.911 0.81 0.215 -0.205 -0.211 -0.245 -0.395 -0.546 -0.734 -0.968 -1.154 -1.229 -0.769 -0.429 -1.132 -1.074 -0.658 -0.204 0.002
