data/climatemaps/RS_maps/climate_breeding_tmp_2015.asc
NCOLS 369 
NROWS 228 
XLLCORNER 479000 
YLLCORNER 73000 
CELLSIZE 1000 
NODATA_value -9 
[rows 102 to 135 of 228, columns 0 to 76 of 369]
-9 -9 -9 -9 -9 -9 -9 -9 -9 -9 -9 -9 -9 -9 -9 -9 -9 -9 -9 -9 -9 -9 -9 -9 -9 -9 -9 -9 -9 -9 -9 -9 0.75 0.734 0.715 0.811 0.843 0.841 0.822 0.757 0.637 0.521 0.551 0.572 0.549 0.44 0.337 0.331 0.37 0.393 0.364 0.355 0.353 0.362 0.364 0.368 0.42 0.478 0.623 0.717 0.714 0.874 0.926 0.881 0.691 0.288 0.226 0.221 0.118 0.145 0.317 0.743 1.068 1.264 1.293 1.336 1.378
-9 -9 -9 -9 -9 -9 -9 -9 -9 -9 -9 -9 -9 -9 -9 -9 -9 -9 -9 -9 -9 -9 -9 -9 -9 -9 -9 -9 -9 -9 -9 -9 0.742 0.751 0.8 0.839 0.843 0.839 0.794 0.638 0.568 0.601 0.591 0.511 0.383 0.357 0.316 0.34 0.372 0.418 0.455 0.448 0.44 0.434 0.418 0.374 0.456 0.632 0.781 0.889 0.895 0.83 0.753 0.527 0.291 0.118 0.016 0.033 0.152 0.447 0.722 0.998 1.175 1.317 1.338 1.376 1.387
-9 -9 -9 -9 -9 -9 -9 -9 -9 -9 -9 -9 -9 -9 -9 -9 -9 -9 -9 -9 -9 -9 -9 -9 -9 -9 -9 -9 -9 -9 -9 -9 0.784 0.815 0.84 0.844 0.84 0.831 0.781 0.653 0.665 0.621 0.509 0.35 0.278 0.329 0.371 0.425 0.515 0.577 0.586 0.552 0.546 0.582 0.599 0.472 0.721 0.883 0.923 0.856 0.697 0.527 0.423 0.289 0.204 0.13 0.088 0.228 0.554 0.84 1.026 1.151 1.279 1.379 1.389 1.388 1.388
-9 -9 -9 -9 -9 -9 -9 -9 -9 -9 -9 -9 -9 -9 -9 -9 -9 -9 -9 -9 -9 -9 -9 -9 -9 -9 -9 -9 -9 -9 -9 -9 0.826 0.842 0.847 0.844 0.837 0.823 0.804 0.747 0.666 0.569 0.378 0.297 0.346 0.448 0.54 0.612 0.63 0.599 0.55 0.524 0.552 0.708 0.792 0.74 0.92 0.948 0.872 0.646 0.457 0.373 0.269 0.204 0.194 0.147 0.276 0.641 0.886 1.047 1.179 1.272 1.373 1.393 1.393 1.388 1.388
-9 -9 -9 -9 -9 -9 -9 -9 -9 -9 -9 -9 -9 -9 -9 -9 -9 -9 -9 -9 -9 -9 -9 -9 -9 -9 -9 -9 -9 -9 -9 -9 -9 0.844 0.844 0.844 0.837 0.81 0.777 0.767 0.579 0.458 0.381 0.406 0.49 0.617 0.619 0.536 0.473 0.416 0.376 0.385 0.461 0.638 0.793 0.916 0.837 0.814 0.675 0.479 0.372 0.269 0.169 0.231 0.295 0.307 0.598 0.894 1.06 1.187 1.296 1.366 1.395 1.395 1.394 1.39 1.388
-9 -9 -9 -9 -9 -9 -9 -9 -9 -9 -9 -9 -9 -9 -9 -9 -9 -9 -9 -9 -9 -9 -9 -9 -9 -9 -9 -9 -9 -9 -9 -9 -9 0.835 0.826 0.827 0.807 0.697 0.682 0.668 0.489 0.455 0.478 0.558 0.633 0.568 0.416 0.354 0.322 0.314 0.351 0.454 0.642 0.776 0.782 0.697 0.549 0.541 0.361 0.296 0.274 0.236 0.281 0.387 0.456 0.595 0.843 1.008 1.146 1.278 1.373 1.396 1.398 1.398 1.398 1.394 1.39
-9 -9 -9 -9 -9 -9 -9 -9 -9 -9 -9 -9 -9 -9 -9 -9 -9 -9 -9 -9 -9 -9 -9 -9 -9 -9 -9 -9 -9 -9 -9 -9 -9 0.804 0.799 0.757 0.649 0.58 0.607 0.74 0.552 0.577 0.653 0.656 0.534 0.38 0.312 0.338 0.352 0.402 0.485 0.658 0.641 0.565 0.423 0.259 0.239 0.303 0.216 0.218 0.246 0.299 0.373 0.408 0.424 0.597 0.903 1.068 1.21 1.355 1.4 1.4 1.4 1.399 1.398 1.398 1.393
-9 -9 -9 -9 -9 -9 -9 -9 -9 -9 -9 -9 -9 -9 -9 -9 -9 -9 -9 -9 -9 -9 -9 -9 -9 -9 -9 -9 -9 -9 -9 -9 -9 0.665 0.653 0.605 0.581 0.573 0.62 0.742 0.748 0.706 0.614 0.484 0.38 0.342 0.356 0.401 0.455 0.536 0.588 0.584 0.241 0.176 0.131 0.037 0.117 0.177 0.176 0.212 0.202 0.257 0.303 0.283 0.33 0.637 0.967 1.115 1.281 1.397 1.403 1.403 1.403 1.402 1.4 1.398 1.393
-9 -9 -9 -9 -9 -9 -9 -9 -9 -9 -9 -9 -9 -9 -9 -9 -9 -9 -9 -9 -9 -9 -9 -9 -9 -9 -9 -9 -9 -9 -9 -9 -9 0.608 0.61 0.603 0.62 0.678 0.74 0.755 0.649 0.55 0.421 0.337 0.359 0.393 0.445 0.482 0.54 0.489 0.548 0.228 0.103 0.002 0.039 0.106 0.252 0.252 0.199 0.26 0.28 0.457 0.541 0.606 0.76 0.974 1.119 1.218 1.356 1.403 1.403 1.403 1.403 1.403 1.403 1.401 1.39
-9 -9 -9 -9 -9 -9 -9 -9 -9 -9 -9 -9 -9 -9 -9 -9 -9 -9 -9 -9 -9 -9 -9 -9 -9 -9 -9 -9 -9 -9 -9 -9 -9 0.623 0.683 0.708 0.757 0.759 0.635 0.688 0.504 0.393 0.376 0.345 0.367 0.419 0.483 0.505 0.457 0.414 0.455 0.27 -0.022 0.009 0.188 0.301 0.295 0.36 0.469 0.599 0.699 0.784 0.872 1.023 1.183 1.277 1.331 1.372 1.402 1.407 1.407 1.407 1.407 1.406 1.406 1.398 1.371
-9 -9 -9 -9 -9 -9 -9 -9 -9 -9 -9 -9 -9 -9 -9 -9 -9 -9 -9 -9 -9 -9 -9 -9 -9 -9 -9 -9 -9 -9 -9 -9 0.618 0.679 0.688 0.697 0.752 0.704 0.621 0.615 0.521 0.463 0.432 0.377 0.332 0.377 0.431 0.419 0.4 0.422 0.245 0.013 -0.036 0.155 0.295 0.323 0.388 0.692 0.919 0.972 0.995 1.038 1.148 1.268 1.336 1.379 1.401 1.407 1.408 1.408 1.408 1.408 1.408 1.408 1.395 1.371 1.337
-9 -9 -9 -9 -9 -9 -9 -9 -9 -9 -9 -9 -9 -9 -9 -9 -9 -9 -9 -9 -9 -9 -9 -9 -9 -9 -9 -9 -9 -9 -9 -9 0.687 0.686 0.649 0.719 0.768 0.69 0.591 0.577 0.485 0.47 0.434 0.388 0.373 0.415 0.451 0.471 0.469 0.336 0.115 0.023 0.157 0.305 0.392 0.599 0.909 1.096 1.169 1.216 1.252 1.295 1.352 1.355 1.378 1.411 1.413 1.412 1.408 1.408 1.408 1.408 1.408 1.376 1.335 1.332 1.329
-9 -9 -9 -9 -9 -9 -9 -9 -9 -9 -9 -9 -9 -9 -9 -9 -9 -9 -9 -9 -9 -9 -9 -9 -9 -9 -9 -9 -9 -9 -9 -9 0.703 0.667 0.696 0.787 0.738 0.586 0.528 0.549 0.437 0.409 0.365 0.359 0.411 0.467 0.493 0.476 0.416 0.376 0.279 0.331 0.37 0.473 0.768 1.111 1.203 1.233 1.246 1.296 1.346 1.372 1.389 1.401 1.41 1.413 1.41 1.408 1.408 1.408 1.408 1.408 1.35 1.225 1.22 1.292 1.322
-9 -9 -9 -9 -9 -9 -9 -9 -9 -9 -9 -9 -9 -9 -9 -9 -9 -9 -9 -9 -9 -9 -9 -9 -9 -9 -9 -9 -9 -9 -9 0.72 0.691 0.689 0.768 0.779 0.634 0.524 0.489 0.513 0.37 0.317 0.325 0.36 0.434 0.46 0.464 0.417 0.368 0.502 0.521 0.593 0.615 0.791 1.139 1.201 1.175 1.212 1.267 1.314 1.354 1.386 1.402 1.412 1.413 1.413 1.41 1.408 1.408 1.408 1.407 1.373 1.185 1.171 1.209 1.229 1.3
-9 -9 -9 -9 -9 -9 -9 -9 -9 -9 -9 -9 -9 -9 -9 -9 -9 -9 -9 -9 -9 -9 -9 -9 -9 -9 -9 -9 -9 0.701 0.767 0.748 0.701 0.756 0.785 0.694 0.539 0.491 0.514 0.488 0.347 0.279 0.303 0.349 0.414 0.419 0.369 0.295 0.36 0.429 0.449 0.53 0.908 1.121 1.202 1.202 1.216 1.24 1.279 1.319 1.368 1.407 1.413 1.413 1.412 1.412 1.409 1.408 1.411 1.407 1.367 1.221 1.118 1.163 1.177 1.243 1.257
-9 -9 -9 -9 -9 -9 -9 -9 -9 -9 -9 -9 -9 -9 -9 -9 -9 -9 -9 -9 -9 -9 -9 -9 -9 -9 -9 -9 0.63 0.69 0.71 0.773 0.744 0.788 0.704 0.579 0.504 0.494 0.521 0.498 0.32 0.236 0.276 0.346 0.367 0.318 0.237 0.156 0.219 0.386 0.538 0.673 1.07 1.196 1.242 1.259 1.296 1.31 1.33 1.38 1.41 1.413 1.413 1.411 1.393 1.389 1.395 1.406 1.398 1.351 1.203 1.111 1.122 1.151 1.173 1.202 1.169
-9 -9 -9 -9 -9 -9 -9 -9 -9 -9 -9 -9 -9 -9 -9 -9 -9 -9 -9 -9 -9 -9 -9 -9 -9 -9 0.517 0.605 0.617 0.601 0.693 0.742 0.786 0.741 0.591 0.514 0.51 0.564 0.555 0.515 0.337 0.291 0.333 0.319 0.297 0.27 0.23 0.129 0.265 0.598 0.919 1.025 1.147 1.22 1.269 1.315 1.344 1.355 1.381 1.401 1.413 1.413 1.397 1.361 1.32 1.327 1.373 1.378 1.324 1.201 1.076 1.08 1.113 1.111 1.184 1.113 1.086
-9 -9 -9 -9 -9 -9 -9 -9 -9 -9 -9 -9 -9 -9 -9 -9 -9 -9 -9 -9 -9 -9 -9 -9 -9 0.501 0.562 0.563 0.565 0.606 0.655 0.765 0.786 0.715 0.623 0.572 0.6 0.64 0.576 0.533 0.418 0.373 0.398 0.353 0.358 0.334 0.198 0.131 0.412 0.845 1.097 1.129 1.175 1.226 1.279 1.345 1.306 1.349 1.4 1.398 1.405 1.391 1.316 1.228 1.256 1.31 1.339 1.293 1.214 1.117 1.065 1.061 1.065 1.137 1.128 1.033 1.066
-9 -9 -9 -9 -9 -9 -9 -9 -9 -9 -9 -9 -9 -9 -9 -9 -9 -9 -9 -9 -9 -9 -9 0.565 0.527 0.51 0.481 0.545 0.606 0.693 0.742 0.809 0.772 0.683 0.615 0.601 0.664 0.643 0.593 0.541 0.492 0.46 0.484 0.508 0.426 0.208 0.015 0.179 0.671 1.039 1.145 1.162 1.238 1.285 1.345 1.348 1.284 1.355 1.4 1.398 1.394 1.328 1.219 1.177 1.241 1.261 1.271 1.201 1.176 1.111 1.075 1.036 1.079 1.132 1.067 1.003 1.13
-9 -9 -9 -9 -9 -9 -9 -9 -9 -9 -9 -9 -9 -9 -9 -9 -9 -9 -9 -9 -9 -9 0.597 0.509 0.512 0.487 0.493 0.617 0.702 0.748 0.797 0.762 0.722 0.679 0.645 0.689 0.646 0.539 0.422 0.483 0.563 0.605 0.52 0.355 0.153 0.123 0.141 0.482 0.911 1.116 1.156 1.195 1.287 1.327 1.385 1.377 1.364 1.391 1.398 1.398 1.374 1.28 1.204 1.219 1.172 1.168 1.234 1.149 1.128 1.062 1.053 1.043 1.083 1.088 1.038 1.079 1.199
-9 -9 -9 -9 -9 -9 -9 -9 -9 -9 -9 -9 -9 -9 -9 -9 -9 -9 -9 -9 -9 0.629 0.575 0.498 0.461 0.508 0.558 0.645 0.657 0.665 0.706 0.658 0.611 0.654 0.718 0.666 0.53 0.259 0.259 0.53 0.715 0.505 0.325 0.23 0.158 0.272 0.494 0.857 1.06 1.165 1.215 1.28 1.318 1.369 1.392 1.394 1.397 1.398 1.396 1.372 1.327 1.258 1.222 1.187 1.163 1.238 1.199 1.137 1.073 1.025 1.042 1.054 1.073 1.086 1.093 1.175 1.181
-9 -9 -9 -9 -9 -9 -9 -9 -9 -9 -9 -9 -9 -9 -9 -9 -9 -9 -9 -9 0.635 0.578 0.56 0.478 0.43 0.546 0.59 0.58 0.604 0.645 0.699 0.67 0.674 0.696 0.617 0.506 0.396 0.213 0.264 0.679 0.643 0.403 0.382 0.422 0.45 0.678 0.847 0.986 1.096 1.162 1.233 1.301 1.355 1.391 1.393 1.395 1.398 1.387 1.31 1.307 1.291 1.229 1.184 1.171 1.237 1.277 1.15 1.09 1.006 1.007 1.043 1.044 1.047 1.079 1.14 1.098 1.129
-9 -9 -9 -9 -9 -9 -9 -9 -9 -9 -9 -9 -9 -9 -9 -9 -9 -9 -9 0.633 0.594 0.518 0.472 0.424 0.483 0.536 0.536 0.576 0.64 0.695 0.679 0.651 0.616 0.559 0.462 0.343 0.253 0.143 0.292 0.636 0.756 0.642 0.586 0.655 0.799 0.936 0.981 1.016 1.094 1.163 1.256 1.314 1.382 1.393 1.393 1.387 1.287 1.281 1.242 1.275 1.237 1.185 1.136 1.172 1.258 1.246 1.118 1.052 0.976 0.985 1 0.977 1.037 1.082 1.086 1.06 1.167
-9 -9 -9 -9 -9 -9 -9 -9 -9 -9 -9 -9 -9 -9 -9 -9 -9 -9 0.653 0.556 0.441 0.394 0.437 0.488 0.577 0.534 0.575 0.64 0.68 0.68 0.587 0.494 0.421 0.401 0.349 0.282 0.207 0.118 0.201 0.558 0.821 0.799 0.825 0.891 0.949 0.997 1.081 1.099 1.146 1.192 1.281 1.334 1.387 1.393 1.393 1.353 1.208 1.196 1.174 1.23 1.174 1.087 1.084 1.172 1.256 1.206 1.116 0.987 0.897 0.908 0.906 0.98 1.01 1.01 1.074 1.083 1.241
-9 -9 -9 -9 -9 -9 -9 -9 -9 -9 -9 -9 -9 -9 -9 -9 -9 0.695 0.577 0.414 0.385 0.446 0.513 0.562 0.578 0.617 0.66 0.66 0.637 0.565 0.44 0.351 0.32 0.341 0.325 0.287 0.244 0.186 0.301 0.594 0.866 0.895 0.923 0.859 0.678 0.831 0.949 1.074 1.131 1.226 1.257 1.315 1.38 1.387 1.386 1.317 1.211 1.157 1.16 1.193 1.125 1.035 1.071 1.173 1.243 1.188 1.101 0.956 0.91 0.87 0.889 0.983 0.94 1.039 1.094 1.141 1.298
-9 -9 -9 -9 -9 -9 -9 -9 -9 -9 -9 -9 -9 -9 -9 -9 0.64 0.519 0.424 0.416 0.487 0.537 0.543 0.545 0.597 0.679 0.637 0.557 0.482 0.407 0.324 0.277 0.303 0.324 0.35 0.38 0.388 0.445 0.706 0.83 0.817 0.734 0.632 0.55 0.613 0.826 0.952 1.087 1.131 1.225 1.221 1.277 1.378 1.38 1.369 1.317 1.244 1.164 1.161 1.164 1.093 1.034 1.072 1.18 1.207 1.178 1.077 0.978 0.928 0.903 0.927 0.906 0.978 1.103 1.182 1.28 1.232
-9 -9 -9 -9 -9 -9 -9 -9 -9 -9 -9 -9 -9 -9 -9 0.575 0.45 0.405 0.451 0.488 0.518 0.542 0.535 0.573 0.633 0.602 0.491 0.411 0.349 0.271 0.244 0.27 0.312 0.368 0.395 0.432 0.506 0.684 0.736 0.573 0.562 0.551 0.515 0.591 0.782 0.9 0.968 1.082 1.133 1.2 1.211 1.291 1.377 1.378 1.349 1.292 1.217 1.157 1.163 1.136 1.069 1.019 1.085 1.186 1.163 1.157 1.046 0.953 0.909 0.876 0.884 0.927 1.053 1.101 1.224 1.288 1.159
-9 -9 -9 -9 -9 -9 -9 -9 -9 -9 -9 -9 -9 0.719 0.6 0.452 0.398 0.446 0.489 0.513 0.542 0.575 0.593 0.554 0.545 0.47 0.365 0.333 0.29 0.25 0.225 0.287 0.333 0.356 0.358 0.366 0.476 0.535 0.386 0.4 0.552 0.523 0.541 0.595 0.782 0.93 0.987 1.08 1.129 1.199 1.239 1.321 1.38 1.377 1.335 1.255 1.173 1.13 1.148 1.1 1.052 1.022 1.107 1.165 1.123 1.114 1.008 0.902 0.838 0.857 0.896 0.967 1.075 1.091 1.239 1.2 1.103
-9 -9 -9 -9 -9 -9 -9 -9 -9 -9 -9 -9 0.777 0.62 0.499 0.444 0.476 0.54 0.553 0.591 0.603 0.595 0.456 0.405 0.463 0.428 0.378 0.349 0.3 0.244 0.248 0.297 0.317 0.334 0.361 0.421 0.468 0.28 0.303 0.471 0.571 0.385 0.316 0.461 0.742 0.906 0.985 1.078 1.136 1.213 1.27 1.341 1.376 1.367 1.293 1.222 1.157 1.114 1.129 1.074 1.038 1.055 1.111 1.121 1.093 1.072 0.987 0.869 0.796 0.854 0.921 1.017 1.086 1.185 1.209 1.056 1.018
-9 -9 -9 -9 -9 -9 -9 -9 -9 -9 -9 0.86 0.745 0.612 0.506 0.556 0.618 0.642 0.671 0.589 0.557 0.488 0.352 0.384 0.44 0.41 0.373 0.317 0.232 0.2 0.198 0.27 0.361 0.396 0.472 0.55 0.463 0.278 0.401 0.482 0.423 0.263 0.323 0.601 0.823 0.929 1.007 1.1 1.159 1.226 1.278 1.335 1.368 1.352 1.228 1.193 1.139 1.105 1.112 1.061 1.048 1.08 1.087 1.083 1.066 1.009 0.956 0.88 0.808 0.847 0.928 1.074 1.2 1.211 1.056 0.945 0.953
-9 -9 -9 -9 -9 -9 -9 -9 -9 -9 0.988 0.917 0.779 0.686 0.621 0.705 0.763 0.715 0.612 0.51 0.416 0.423 0.338 0.33 0.376 0.346 0.304 0.241 0.139 0.091 0.204 0.356 0.432 0.482 0.528 0.577 0.475 0.391 0.456 0.428 0.296 0.323 0.565 0.781 0.902 0.968 1.052 1.13 1.18 1.239 1.287 1.311 1.328 1.303 1.174 1.162 1.134 1.111 1.093 1.065 1.06 1.07 1.055 1.052 1.04 0.962 0.926 0.9 0.872 0.89 1.013 1.188 1.171 1.055 0.952 0.866 0.886
-9 -9 -9 -9 -9 -9 -9 -9 -9 -9 0.934 0.94 0.876 0.722 0.741 0.76 0.707 0.597 0.462 0.372 0.383 0.404 0.325 0.29 0.282 0.283 0.233 0.167 0.074 0.179 0.359 0.452 0.491 0.543 0.573 0.563 0.393 0.329 0.406 0.34 0.36 0.518 0.757 0.879 0.967 1.037 1.117 1.169 1.21 1.282 1.315 1.273 1.316 1.281 1.145 1.153 1.136 1.127 1.099 1.075 1.07 1.064 1.032 1.029 1.003 0.923 0.902 0.908 0.937 0.985 1.072 1.182 1.055 0.957 0.916 0.828 0.822
-9 -9 -9 -9 -9 -9 -9 -9 -9 0.809 0.78 0.818 0.853 0.832 0.783 0.699 0.605 0.453 0.348 0.314 0.348 0.394 0.334 0.279 0.228 0.213 0.147 0.115 0.166 0.343 0.439 0.483 0.543 0.588 0.545 0.395 0.2 0.127 0.333 0.43 0.529 0.707 0.86 0.947 1.035 1.108 1.145 1.18 1.206 1.262 1.3 1.311 1.348 1.231 1.142 1.154 1.138 1.134 1.114 1.09 1.077 1.047 1.008 0.996 0.958 0.889 0.87 0.897 0.978 1.028 1.114 1.156 1.076 0.974 0.932 0.82 0.807
-9 -9 -9 -9 -9 -9 -9 -9 0.81 0.759 0.742 0.767 0.806 0.834 0.755 0.657 0.514 0.413 0.333 0.325 0.345 0.412 0.333 0.256 0.208 0.156 0.126 0.193 0.297 0.415 0.485 0.56 0.582 0.515 0.259 0.168 0.123 0.13 0.363 0.528 0.674 0.813 0.928 1.028 1.097 1.131 1.141 1.214 1.175 1.204 1.233 1.31 1.34 1.183 1.156 1.153 1.142 1.135 1.112 1.095 1.062 1.008 0.989 0.944 0.913 0.825 0.808 0.872 0.969 1.051 1.089 1.093 1.073 1.025 0.953 0.827 0.796
