data/climatemaps/RS_maps/climate_winter_tmin_2007.asc
NCOLS 369 
NROWS 228 
XLLCORNER 479000 
YLLCORNER 73000 
CELLSIZE 1000 
NODATA_value -9 
[rows 68 to 101 of 228, columns 231 to 307 of 369]
0.921 0.921 0.91 0.899 0.894 0.883 0.852 0.833 0.811 0.777 0.71 0.589 0.492 0.414 0.365 0.287 0.304 0.382 0.495 0.371 0.475 0.564 0.594 0.54 0.446 0.273 0.057 0.11 0.206 0.036 -0.101 -0.162 -0.001 0.075 -0.364 -0.475 -0.303 -0.289 -0.227 0.109 0.367 0.566 0.744 0.783 0.788 0.787 0.779 0.724 0.687 0.677 0.745 0.757 0.679 0.647 0.709 0.715 0.709 0.707 0.716 0.667 -9 -9 -9 -9 -9 -9 -9 -9 -9 -9 -9 -9 -9 -9 -9 -9 -9
0.94 0.94 0.93 0.922 0.92 0.926 0.919 0.897 0.861 0.829 0.781 0.692 0.577 0.514 0.41 0.255 0.19 0.281 0.482 0.341 0.356 0.479 0.572 0.57 0.476 0.263 0.051 0.026 -0.017 -0.173 -0.128 0.046 0.265 0.095 -0.152 -0.088 -0.127 -0.154 0.061 0.275 0.464 0.643 0.753 0.779 0.785 0.781 0.762 0.713 0.713 0.752 0.758 0.681 0.457 0.407 0.557 0.642 0.702 0.719 0.72 0.705 -9 -9 -9 -9 -9 -9 -9 -9 -9 -9 -9 -9 -9 -9 -9 -9 -9
0.961 0.972 0.953 0.933 0.922 0.928 0.931 0.923 0.905 0.883 0.845 0.77 0.636 0.498 0.431 0.246 0.164 0.275 0.394 0.193 0.245 0.337 0.394 0.451 0.476 0.322 0.125 -0.131 0.006 0.076 0.094 0.22 0.242 0.117 0.115 0.102 0.077 0.144 0.167 0.311 0.504 0.695 0.757 0.774 0.775 0.772 0.764 0.757 0.759 0.755 0.677 0.429 0.158 0.258 0.477 0.477 0.57 0.64 0.691 0.7 -9 -9 -9 -9 -9 -9 -9 -9 -9 -9 -9 -9 -9 -9 -9 -9 -9
0.962 0.913 0.892 0.905 0.919 0.927 0.928 0.924 0.915 0.899 0.881 0.834 0.658 0.45 0.383 0.296 0.129 0.205 0.162 0.103 0.244 0.152 0.203 0.354 0.46 0.438 0.134 -0.012 0.044 0.16 0.233 0.324 0.305 0.263 0.25 0.277 0.278 0.286 0.306 0.401 0.562 0.719 0.76 0.767 0.767 0.765 0.764 0.762 0.759 0.715 0.489 0.128 -0.012 0.307 0.386 0.244 0.33 0.461 0.576 -9 -9 -9 -9 -9 -9 -9 -9 -9 -9 -9 -9 -9 -9 -9 -9 -9 -9
0.939 0.875 0.872 0.915 0.94 0.935 0.926 0.922 0.908 0.859 0.893 0.846 0.73 0.49 0.295 0.317 0.124 0.042 -0.033 0.052 0.167 0.291 0.383 0.361 0.397 0.467 0.258 0.186 0.215 0.353 0.362 0.349 0.287 0.249 0.196 0.19 0.207 0.257 0.327 0.446 0.582 0.721 0.756 0.762 0.762 0.757 0.759 0.755 0.735 0.559 0.261 -0.146 -0.016 0.309 0.288 0.007 0.082 0.332 0.47 -9 -9 -9 -9 -9 -9 -9 -9 -9 -9 -9 -9 -9 -9 -9 -9 -9 -9
0.947 0.929 0.925 0.917 0.937 0.935 0.929 0.916 0.874 0.825 0.894 0.876 0.807 0.561 0.312 0.108 0.079 -0.157 -0.047 0.128 0.217 0.254 0.249 0.091 0.193 0.221 0.375 0.38 0.351 0.253 0.147 0.132 0.106 0.096 0.013 0.002 0.024 0.077 0.204 0.372 0.542 0.7 0.748 0.761 0.755 0.749 0.749 0.738 0.664 0.375 0.019 -0.326 -0.083 0.295 0.057 -0.253 -0.143 0.121 0.214 -9 -9 -9 -9 -9 -9 -9 -9 -9 -9 -9 -9 -9 -9 -9 -9 -9 -9
0.948 0.943 0.941 0.935 0.936 0.931 0.921 0.913 0.879 0.868 0.898 0.888 0.839 0.626 0.334 -0.035 -0.081 -0.129 -0.106 0.005 0.118 0.056 0.066 0.015 -0.007 0.097 0.21 0.173 0.105 -0.033 -0.049 -0.075 -0.146 -0.148 -0.208 -0.143 -0.025 0.059 0.203 0.335 0.45 0.622 0.727 0.75 0.748 0.74 0.738 0.713 0.594 0.236 -0.302 -0.505 -0.154 0.237 -0.193 -0.439 -0.135 -0.088 -0.173 0.111 0.341 0.183 0.193 -9 -9 -9 -9 -9 -9 -9 -9 -9 -9 -9 -9 -9 -9
0.921 0.916 0.915 0.898 0.895 0.895 0.906 0.91 0.908 0.9 0.899 0.896 0.855 0.579 0.15 -0.096 0.02 0.008 -0.168 -0.078 0.038 -0.017 -0.091 -0.071 0.001 0.107 -0.001 -0.173 -0.171 -0.187 -0.208 -0.309 -0.433 -0.387 -0.366 -0.209 0.02 0.109 0.105 0.104 0.275 0.482 0.547 0.682 0.736 0.736 0.736 0.662 0.493 0.067 -0.435 -0.28 0.076 0.043 -0.225 -0.503 -0.249 -0.249 -0.255 -0.109 0.209 0.026 -0.198 -0.322 -0.131 0.148 0.296 -9 -9 -9 -9 -9 -9 -9 -9 -9 -9
0.806 0.717 0.67 0.632 0.625 0.714 0.818 0.863 0.897 0.9 0.899 0.89 0.836 0.444 -0.03 -0.002 0.221 0.023 0.074 0.175 0.174 0.041 0.008 -0.095 -0.059 -0.122 -0.279 -0.379 -0.375 -0.384 -0.408 -0.559 -0.58 -0.472 -0.334 -0.139 0.07 -0.057 -0.269 -0.057 0.079 0.188 0.367 0.602 0.728 0.73 0.72 0.654 0.463 0.036 -0.402 -0.19 0.079 -0.262 -0.447 -0.601 -0.403 -0.311 -0.361 -0.228 0.118 -0.005 -0.301 -0.469 -0.254 -0.038 0.125 0.352 0.492 0.606 -9 -9 -9 -9 -9 -9 -9
0.743 0.467 0.375 0.373 0.346 0.357 0.524 0.589 0.68 0.842 0.892 0.883 0.808 0.381 0.152 0.331 0.451 0.211 0.355 0.36 0.224 0.115 0.058 -0.146 -0.27 -0.367 -0.369 -0.319 -0.286 -0.221 -0.164 -0.337 -0.456 -0.425 -0.349 -0.267 -0.161 -0.379 -0.507 -0.352 -0.182 0.022 0.308 0.52 0.664 0.72 0.719 0.682 0.413 -0.131 -0.454 -0.213 0.016 -0.217 -0.441 -0.557 -0.413 -0.45 -0.402 -0.152 -0.027 -0.207 -0.433 -0.46 -0.337 -0.153 0.071 0.323 0.322 0.47 0.543 0.568 0.573 0.432 -9 -9 -9
0.744 0.636 0.493 0.36 0.194 0.157 0.244 0.3 0.391 0.612 0.829 0.88 0.806 0.584 0.432 0.611 0.694 0.559 0.618 0.565 0.406 0.308 0.197 0.044 -0.021 -0.025 -0.002 0.091 0.116 0.214 0.332 0.272 0.079 -0.069 -0.152 -0.439 -0.567 -0.674 -0.621 -0.497 -0.28 0.069 0.222 0.387 0.621 0.718 0.706 0.697 0.459 -0.024 -0.291 -0.055 -0.197 -0.407 -0.325 -0.518 -0.569 -0.501 -0.152 -0.134 -0.316 -0.43 -0.613 -0.442 -0.394 -0.31 0.038 0.239 -0.072 0.114 0.046 0.143 0.566 0.452 -0.005 -0.339 -0.375
0.703 0.594 0.563 0.44 0.273 0.115 0.129 0.164 0.112 0.238 0.562 0.8 0.865 0.794 0.758 0.816 0.843 0.841 0.816 0.791 0.739 0.689 0.626 0.59 0.607 0.608 0.603 0.614 0.587 0.63 0.678 0.675 0.589 0.366 0.094 -0.402 -0.363 -0.504 -0.725 -0.436 -0.132 -0.165 0.055 0.335 0.622 0.702 0.702 0.695 0.565 0.172 -0.102 -0.083 -0.404 -0.604 -0.432 -0.56 -0.651 -0.365 -0.1 -0.441 -0.532 -0.672 -0.613 -0.329 -0.17 -0.067 0.133 -0.073 -0.477 -0.344 -0.385 -0.309 0.237 0.515 0.337 -0.069 -0.343
0.628 0.519 0.421 0.397 0.311 0.088 0.037 0.077 0.098 0.195 0.371 0.659 0.859 0.868 0.866 0.854 0.792 0.704 0.703 0.768 0.806 0.835 0.836 0.827 0.818 0.813 0.808 0.802 0.789 0.791 0.79 0.786 0.769 0.695 0.392 -0.11 -0.128 -0.239 -0.502 -0.537 -0.369 -0.385 -0.011 0.328 0.534 0.676 0.692 0.69 0.628 0.323 0.044 -0.127 -0.345 -0.442 -0.493 -0.711 -0.642 -0.283 -0.197 -0.695 -0.715 -0.668 -0.489 -0.316 0 0.089 -0.251 -0.12 -0.725 -0.745 -0.73 -0.438 0.205 0.518 0.447 0.031 -0.222
0.607 0.579 0.404 0.235 0.257 0.003 -0.02 0.054 0.051 0.058 0.187 0.504 0.814 0.868 0.819 0.674 0.523 0.436 0.45 0.501 0.615 0.709 0.754 0.768 0.78 0.791 0.789 0.774 0.73 0.764 0.758 0.681 0.769 0.771 0.715 0.259 0.028 -0.183 -0.344 -0.642 -0.626 -0.368 -0.035 0.265 0.453 0.602 0.681 0.68 0.632 0.382 0.064 -0.243 -0.217 -0.391 -0.444 -0.72 -0.57 -0.221 -0.291 -0.696 -0.763 -0.613 -0.452 -0.248 0.075 -0.158 -0.522 -0.455 -0.695 -1.013 -0.706 -0.17 0.184 0.487 0.449 0.123 -0.113
0.42 0.526 0.442 0.19 0.178 0.019 -0.081 0.006 0.068 0.075 0.136 0.297 0.712 0.86 0.698 0.404 0.156 0.137 0.199 0.263 0.417 0.415 0.505 0.475 0.611 0.526 0.581 0.618 0.556 0.451 0.386 0.422 0.54 0.712 0.744 0.587 0.131 -0.227 -0.345 -0.488 -0.668 -0.431 -0.114 0.246 0.46 0.551 0.668 0.673 0.643 0.388 -0.014 -0.42 -0.261 -0.532 -0.5 -0.614 -0.519 -0.172 -0.346 -0.66 -0.845 -0.598 -0.315 -0.126 0.026 -0.51 -0.846 -0.796 -0.916 -0.904 -0.502 -0.212 0.123 0.419 0.493 0.388 0.227
0.32 0.5 0.499 0.295 0.01 -0.091 -0.091 -0.013 0.076 0.211 0.268 0.379 0.686 0.857 0.717 0.362 -0.022 -0.153 0.039 -0.041 0.197 0.023 0.147 0.177 0.473 0.142 0.19 0.307 0.313 0.027 0.07 0.198 0.392 0.638 0.731 0.716 0.484 0.128 -0.273 -0.338 -0.473 -0.323 -0.042 0.257 0.491 0.594 0.665 0.664 0.61 0.28 -0.096 -0.509 -0.376 -0.536 -0.724 -0.725 -0.569 -0.198 -0.404 -0.733 -0.788 -0.525 -0.536 -0.496 -0.092 -0.653 -1.101 -0.929 -0.829 -0.594 -0.467 -0.251 0.009 0.189 0.364 0.399 0.408
0.288 0.423 0.531 0.327 -0.136 -0.224 -0.117 0.117 0.243 0.314 0.332 0.299 0.72 0.855 0.769 0.39 0.094 -0.202 0.04 -0.4 -0.102 -0.286 -0.221 0.188 0.194 -0.168 -0.205 -0.065 -0.093 -0.164 -0.115 0.016 0.273 0.478 0.634 0.696 0.678 0.509 0.069 -0.172 -0.42 -0.245 0.028 0.328 0.553 0.642 0.661 0.651 0.491 0.097 -0.338 -0.664 -0.5 -0.463 -0.81 -0.848 -0.533 -0.324 -0.463 -0.655 -0.829 -0.663 -0.803 -0.43 -0.227 -0.593 -1.037 -0.75 -0.536 -0.417 -0.418 -0.313 -0.335 -0.194 0.077 0.194 0.369
0.197 0.395 0.53 0.293 -0.031 -0.306 -0.156 0.199 0.18 0.094 0.021 0.049 0.757 0.814 0.553 0.252 0.065 -0.193 -0.095 -0.621 -0.319 -0.419 -0.364 0.092 -0.219 -0.386 -0.456 -0.385 -0.384 -0.347 -0.229 0.043 0.211 0.269 0.409 0.511 0.633 0.678 0.531 0.102 -0.338 -0.308 0.029 0.4 0.603 0.653 0.653 0.6 0.146 -0.217 -0.292 -0.688 -0.766 -0.551 -0.77 -0.762 -0.508 -0.696 -0.708 -0.805 -1.136 -1.096 -0.96 -0.602 -0.657 -0.532 -0.917 -0.782 -0.585 -0.571 -0.753 -0.663 -0.647 -0.403 -0.074 -0.036 0.116
0.161 0.416 0.447 0.097 -0.166 -0.307 0.046 0.026 -0.178 -0.325 -0.475 0.064 0.804 0.735 0.331 0.015 -0.271 -0.315 -0.246 -0.676 -0.426 -0.265 -0.232 0.023 -0.433 -0.655 -0.606 -0.548 -0.495 -0.369 -0.111 0.099 -0.056 -0.058 0.128 0.293 0.433 0.616 0.669 0.482 0.13 -0.062 0.22 0.549 0.635 0.647 0.643 0.563 -0.049 -0.468 -0.486 -0.565 -0.895 -0.838 -1.072 -0.933 -0.751 -0.997 -0.966 -1.186 -1.41 -1.379 -1.31 -1.067 -1.132 -0.77 -0.92 -0.909 -0.806 -0.62 -0.888 -0.833 -0.629 -0.333 -0.266 -0.36 -0.136
-0.037 0.348 0.211 -0.115 -0.346 -0.168 -0.028 -0.281 -0.425 -0.515 -0.482 0.347 0.825 0.657 0.345 -0.027 -0.365 -0.455 -0.469 -0.49 -0.37 -0.492 -0.481 -0.074 -0.498 -0.77 -0.642 -0.472 -0.322 -0.171 0.038 -0.122 -0.41 -0.334 -0.14 0.064 0.245 0.399 0.57 0.629 0.563 0.413 0.54 0.639 0.62 0.565 0.553 0.542 0.089 -0.344 -0.751 -0.924 -1.041 -1.068 -0.906 -1.013 -1.008 -0.994 -0.831 -0.891 -1.106 -1.308 -1.418 -1.259 -1.061 -0.847 -0.962 -1.075 -0.906 -0.764 -0.959 -0.897 -0.536 -0.324 -0.602 -0.705 -0.354
-0.014 0.249 0.025 -0.288 -0.486 -0.226 -0.336 -0.456 -0.436 -0.29 0.115 0.572 0.8 0.737 0.367 -0.011 -0.425 -0.68 -0.655 -0.472 -0.567 -0.659 -0.452 -0.217 -0.589 -0.777 -0.588 -0.439 -0.19 -0.022 -0.079 -0.482 -0.607 -0.46 -0.288 -0.127 0.074 0.192 0.346 0.524 0.639 0.626 0.641 0.646 0.625 0.465 0.291 0.477 0.351 -0.173 -0.795 -0.982 -0.874 -0.843 -0.749 -0.661 -0.703 -0.711 -0.547 -0.588 -0.721 -0.863 -1.068 -1.077 -0.964 -0.965 -1.063 -1.048 -0.986 -0.974 -0.907 -0.812 -0.555 -0.512 -0.874 -0.773 -0.459
-0.027 -0.12 -0.304 -0.47 -0.459 -0.294 -0.336 -0.232 -0.059 0.289 0.52 0.67 0.753 0.799 0.618 0.104 -0.48 -0.707 -0.792 -0.673 -0.601 -0.563 -0.467 -0.577 -0.75 -0.804 -0.675 -0.603 -0.355 -0.11 -0.275 -0.767 -0.655 -0.429 -0.358 -0.321 -0.122 0.09 0.282 0.387 0.577 0.64 0.646 0.635 0.63 0.612 0.44 0.269 0.38 0.204 -0.158 -0.477 -0.895 -0.727 -0.591 -0.487 -0.397 -0.288 -0.373 -0.474 -0.535 -0.675 -0.778 -0.888 -0.941 -0.991 -0.92 -0.815 -0.965 -1.212 -1.042 -0.772 -0.679 -0.779 -1.064 -0.917 -0.706
-0.177 -0.281 -0.265 -0.105 -0.086 -0.144 -0.096 0.257 0.4 0.396 0.358 0.515 0.607 0.772 0.792 0.446 -0.183 -0.543 -0.858 -0.828 -0.599 -0.727 -0.765 -0.765 -0.79 -0.913 -0.858 -0.768 -0.504 -0.216 -0.477 -0.848 -0.589 -0.563 -0.547 -0.463 -0.234 0.16 0.073 0.099 0.443 0.583 0.626 0.63 0.628 0.616 0.609 0.529 0.384 0.327 0.031 -0.291 -0.722 -0.776 -0.747 -0.703 -0.539 -0.233 -0.204 -0.348 -0.472 -0.725 -0.888 -0.818 -0.839 -0.897 -0.656 -0.629 -0.892 -1.101 -1.215 -1.045 -1.103 -1.249 -1.113 -1.064 -0.944
-0.063 -0.021 0.236 0.356 0.376 0.346 0.348 0.435 0.361 0.143 0.063 -0.106 0.152 0.616 0.771 0.589 -0.031 -0.507 -0.79 -0.914 -0.7 -0.767 -0.818 -0.64 -0.716 -0.962 -0.967 -0.838 -0.529 -0.463 -0.689 -0.821 -0.701 -0.738 -0.668 -0.507 -0.071 0.194 -0.183 -0.188 0.203 0.357 0.469 0.524 0.59 0.606 0.601 0.581 0.499 0.431 0.189 -0.034 -0.488 -0.739 -0.941 -0.849 -0.615 -0.231 -0.072 -0.381 -0.612 -0.881 -0.839 -0.585 -0.636 -0.685 -0.464 -0.443 -0.71 -0.836 -0.998 -1.169 -1.367 -1.089 -1.038 -1.204 -1.142
0.155 0.183 0.409 0.354 0.25 0.294 0.243 -0.1 -0.344 -0.458 -0.508 -0.554 -0.01 0.54 0.735 0.607 0.003 -0.419 -0.618 -0.855 -0.621 -0.452 -0.574 -0.442 -0.725 -0.891 -0.85 -0.865 -0.757 -0.818 -0.873 -0.922 -0.851 -0.783 -0.557 -0.235 0.149 -0.13 -0.414 -0.398 -0.064 0.102 0.114 0.196 0.299 0.492 0.578 0.586 0.559 0.522 0.36 0.142 -0.237 -0.559 -0.884 -0.74 -0.463 -0.142 0.008 -0.277 -0.564 -0.829 -0.612 -0.285 -0.475 -0.431 -0.212 -0.368 -0.566 -0.828 -1.144 -1.08 -1.027 -0.854 -0.987 -1.263 -1.254
-0.158 -0.251 0.207 -0.028 -0.409 -0.397 -0.503 -0.847 -1.097 -1.02 -0.872 -0.333 0.193 0.569 0.74 0.57 0.143 -0.029 -0.274 -0.612 -0.402 -0.148 -0.355 -0.496 -0.825 -0.613 -0.661 -0.953 -0.95 -0.988 -0.914 -0.827 -0.772 -0.643 -0.445 0.051 0.026 -0.414 -0.722 -0.599 -0.275 -0.114 -0.254 -0.138 -0.04 0.24 0.474 0.548 0.58 0.557 0.482 0.338 0.032 -0.237 -0.504 -0.439 -0.236 0.016 0.092 -0.208 -0.419 -0.55 -0.403 -0.081 -0.361 -0.158 -0.222 -0.542 -0.743 -0.832 -1.087 -1.069 -0.857 -0.69 -0.851 -1.141 -1.155
-0.513 -0.574 -0.201 -0.027 -0.339 -0.539 -0.884 -1.093 -1.212 -0.968 -0.64 -0.226 0.278 0.659 0.74 0.611 0.414 0.392 0.23 -0.102 -0.063 -0.12 -0.519 -0.787 -0.861 -0.384 -0.619 -1.014 -0.819 -0.854 -0.986 -0.595 -0.367 -0.265 -0.052 0.066 -0.193 -0.519 -0.945 -0.848 -0.446 -0.475 -0.582 -0.424 -0.218 0.187 0.337 0.383 0.539 0.567 0.542 0.47 0.297 0.034 -0.183 -0.121 -0.013 0.189 0.151 -0.002 -0.106 -0.239 -0.109 0.049 -0.041 0.034 -0.108 -0.337 -0.446 -0.698 -1.078 -0.961 -0.688 -0.76 -0.951 -1.153 -1.148
-0.686 -0.72 -0.507 -0.227 -0.11 -0.429 -0.827 -1.055 -0.991 -0.476 -0.287 0.011 0.485 0.731 0.583 0.471 0.082 0.075 0.321 0.344 0.253 -0.104 -0.574 -0.841 -0.805 -0.296 -0.553 -0.933 -0.55 -0.716 -0.755 -0.414 -0.086 0 0.017 -0.155 -0.504 -0.645 -1.106 -1.059 -0.792 -0.814 -0.81 -0.611 -0.253 0.226 0.137 0.076 0.34 0.517 0.556 0.523 0.472 0.267 0.085 0.113 0.249 0.381 0.374 0.283 0.216 0.119 0.174 0.176 0.017 -0.188 -0.289 -0.3 -0.483 -0.722 -0.73 -0.611 -0.553 -0.879 -1.192 -1.277 -1.045
-0.694 -0.667 -0.549 -0.418 -0.41 -0.584 -0.863 -0.868 -0.657 -0.242 -0.072 0.296 0.676 0.6 0.292 0.293 -0.151 -0.399 -0.067 0.178 0.392 0.018 -0.443 -0.604 -0.695 -0.282 -0.499 -0.841 -0.581 -0.395 -0.36 -0.162 -0.254 -0.471 -0.461 -0.184 -0.721 -0.806 -1.179 -1.186 -0.958 -0.856 -0.741 -0.487 -0.178 0.204 -0.074 -0.172 -0.022 0.297 0.522 0.541 0.52 0.465 0.336 0.223 0.327 0.369 0.314 0.312 0.391 0.333 0.117 -0.136 -0.336 -0.508 -0.617 -0.62 -0.594 -0.539 -0.422 -0.544 -0.624 -0.797 -1.171 -1.258 -1.028
-0.649 -0.669 -0.575 -0.491 -0.818 -0.759 -0.644 -0.484 -0.283 -0.052 0.201 0.577 0.655 0.35 0.061 0.187 -0.243 -0.661 -0.49 -0.267 0.178 0.264 -0.198 -0.334 -0.374 -0.188 -0.536 -0.868 -0.561 -0.226 -0.298 -0.389 -0.569 -0.807 -0.782 -0.355 -0.785 -1.095 -1.324 -1.15 -0.829 -0.525 -0.39 -0.206 -0.01 0.181 -0.21 -0.292 -0.126 0.224 0.517 0.537 0.522 0.489 0.057 0.128 0.105 -0.038 -0.122 -0.204 -0.025 0.258 0.192 -0.206 -0.385 -0.478 -0.704 -0.863 -0.759 -0.486 -0.453 -0.79 -0.895 -0.821 -1.065 -1.271 -1.105
-0.559 -0.786 -0.687 -0.718 -1.026 -0.893 -0.702 -0.53 -0.32 -0.154 0.326 0.693 0.43 -0.025 -0.087 -0.015 -0.306 -0.752 -0.801 -0.599 -0.194 0.327 0.131 -0.015 -0.103 -0.336 -0.861 -1.03 -0.581 -0.473 -0.768 -0.724 -0.789 -1.041 -0.869 -0.55 -0.835 -1.249 -1.385 -1.178 -0.837 -0.583 -0.454 -0.414 -0.037 0.141 -0.323 -0.42 -0.101 0.274 0.527 0.531 0.522 0.433 -0.001 0.051 -0.108 -0.415 -0.434 -0.525 -0.464 -0.107 0.264 0.033 -0.194 -0.328 -0.613 -0.858 -0.715 -0.376 -0.518 -0.863 -1.067 -1.07 -1.052 -1.288 -1.247
-0.657 -0.814 -0.761 -0.832 -0.903 -0.827 -0.633 -0.462 -0.305 -0.112 0.428 0.632 0.127 -0.361 -0.233 -0.351 -0.41 -0.733 -0.692 -0.378 -0.15 0.264 0.083 -0.293 -0.554 -0.864 -1.009 -1.012 -0.702 -0.749 -1 -1.016 -1.106 -1.135 -0.931 -0.845 -1.048 -1.359 -1.241 -1.349 -1.127 -0.926 -0.919 -0.681 -0.142 0.096 -0.474 -0.415 -0.033 0.335 0.525 0.525 0.478 0.282 -0.131 0.011 -0.275 -0.56 -0.656 -0.559 -0.37 -0.077 0.269 0.116 -0.191 -0.453 -0.62 -0.641 -0.429 -0.281 -0.613 -1.007 -1.097 -1.337 -1.352 -1.435 -1.379
-0.62 -0.64 -0.668 -0.709 -0.729 -0.638 -0.4 -0.24 -0.132 0.173 0.624 0.468 -0.044 -0.419 -0.367 -0.463 -0.535 -0.797 -0.833 -0.574 -0.285 0.209 -0.044 -0.619 -0.813 -0.811 -0.855 -0.929 -0.778 -0.936 -1.134 -1.144 -1.082 -1.045 -0.979 -1.001 -1.099 -1.341 -1.057 -1.277 -1.199 -0.906 -0.842 -0.637 -0.115 -0.128 -0.595 -0.334 -0.007 0.37 0.52 0.506 0.406 0.177 -0.171 -0.103 -0.236 -0.519 -0.68 -0.548 -0.236 0.058 0.228 0.176 -0.159 -0.358 -0.377 -0.353 -0.203 -0.36 -0.73 -1.016 -1.162 -1.386 -1.468 -1.504 -1.38
-0.53 -0.529 -0.64 -0.809 -0.794 -0.515 -0.241 0.04 0.139 0.53 0.562 0.039 -0.02 -0.365 -0.53 -0.659 -0.683 -0.88 -0.911 -0.702 -0.37 0.145 0.023 -0.502 -0.581 -0.61 -0.755 -1.107 -1.092 -1.138 -1.076 -0.962 -0.798 -0.741 -0.711 -0.749 -0.855 -1.168 -1.053 -0.97 -1.235 -1.009 -0.643 -0.328 0.02 -0.488 -0.61 -0.244 0.11 0.426 0.511 0.492 0.364 0.061 -0.342 -0.196 -0.329 -0.62 -0.641 -0.423 -0.116 -0.016 0.035 0.184 0.102 -0.006 -0.058 -0.051 -0.097 -0.295 -0.523 -0.737 -0.936 -1.182 -1.301 -1.352 -1.173
