data/climatemaps/RS_maps/climate_winter_pr_2000.asc
NCOLS 369 
NROWS 228 
XLLCORNER 479000 
YLLCORNER 73000 
CELLSIZE 1000 
NODATA_value -9 
[rows 66 to 98 of 228, columns 76 to 151 of 369]
-0.008 -0.012 -0.014 0 0.03 0.05 0.033 -0.053 -0.113 -0.118 -0.106 -0.064 -0.02 0 -0.006 -0.037 -0.078 -0.122 -0.157 -0.182 -0.195 -0.2 -0.206 -0.217 -0.242 -0.275 -0.31 -0.338 -0.343 -0.312 -0.257 -0.192 -0.152 -0.141 -0.161 -0.194 -0.229 -0.26 -0.287 -0.275 -0.256 -0.225 -0.191 -0.154 -0.126 -0.118 -0.138 -0.15 -0.155 -0.15 -0.134 -0.127 -0.137 -0.168 -0.214 -0.269 -0.317 -0.355 -0.391 -0.425 -0.462 -0.509 -0.555 -0.609 -0.665 -0.723 -0.775 -0.814 -0.838 -0.864 -0.879 -0.892 -0.902 -0.909 -0.91 -0.896
-0.011 -0.016 -0.016 0.001 0.032 0.048 0.021 -0.064 -0.113 -0.107 -0.094 -0.054 -0.013 0.001 -0.013 -0.05 -0.097 -0.137 -0.168 -0.189 -0.196 -0.193 -0.189 -0.194 -0.221 -0.266 -0.309 -0.346 -0.356 -0.321 -0.267 -0.212 -0.178 -0.168 -0.178 -0.196 -0.214 -0.236 -0.234 -0.209 -0.179 -0.143 -0.108 -0.075 -0.066 -0.072 -0.085 -0.093 -0.098 -0.107 -0.109 -0.118 -0.141 -0.2 -0.264 -0.326 -0.379 -0.428 -0.474 -0.511 -0.548 -0.586 -0.622 -0.662 -0.705 -0.75 -0.788 -0.818 -0.843 -0.867 -0.877 -0.88 -0.879 -0.892 -0.893 -0.873
-0.017 -0.023 -0.02 0.002 0.027 0.034 0.007 -0.062 -0.098 -0.086 -0.074 -0.042 -0.012 -0.008 -0.032 -0.076 -0.123 -0.162 -0.189 -0.204 -0.203 -0.189 -0.178 -0.178 -0.207 -0.266 -0.325 -0.373 -0.388 -0.359 -0.312 -0.256 -0.223 -0.214 -0.215 -0.219 -0.217 -0.218 -0.202 -0.174 -0.139 -0.103 -0.068 -0.036 -0.017 -0.021 -0.038 -0.063 -0.101 -0.127 -0.149 -0.179 -0.221 -0.271 -0.33 -0.397 -0.464 -0.525 -0.57 -0.603 -0.634 -0.661 -0.687 -0.711 -0.74 -0.769 -0.799 -0.828 -0.847 -0.86 -0.865 -0.864 -0.872 -0.878 -0.876 -0.857
-0.018 -0.028 -0.021 -0.004 0.011 0.003 -0.023 -0.06 -0.059 -0.055 -0.049 -0.026 -0.009 -0.018 -0.052 -0.101 -0.149 -0.188 -0.214 -0.226 -0.223 -0.208 -0.194 -0.196 -0.226 -0.284 -0.347 -0.394 -0.408 -0.38 -0.329 -0.275 -0.236 -0.213 -0.204 -0.199 -0.19 -0.171 -0.138 -0.108 -0.072 -0.036 -0.01 -0.008 -0.011 -0.037 -0.069 -0.112 -0.154 -0.192 -0.227 -0.263 -0.303 -0.349 -0.407 -0.477 -0.548 -0.609 -0.651 -0.68 -0.704 -0.721 -0.737 -0.757 -0.774 -0.79 -0.811 -0.83 -0.838 -0.843 -0.849 -0.855 -0.858 -0.859 -0.862 -0.858
-0.017 -0.031 -0.027 -0.02 -0.023 -0.034 -0.036 -0.027 -0.023 -0.023 -0.014 -0.001 0 -0.024 -0.067 -0.118 -0.169 -0.21 -0.24 -0.259 -0.262 -0.252 -0.235 -0.231 -0.254 -0.305 -0.364 -0.397 -0.394 -0.352 -0.288 -0.223 -0.174 -0.142 -0.121 -0.106 -0.092 -0.071 -0.048 -0.025 -0.003 0.006 -0.01 -0.038 -0.073 -0.116 -0.153 -0.195 -0.238 -0.277 -0.316 -0.353 -0.39 -0.445 -0.505 -0.568 -0.629 -0.681 -0.716 -0.738 -0.751 -0.754 -0.758 -0.772 -0.787 -0.803 -0.814 -0.817 -0.818 -0.825 -0.834 -0.842 -0.839 -0.837 -0.842 -0.85
-0.021 -0.037 -0.043 -0.055 -0.063 -0.04 -0.008 0.011 0.016 0.026 0.036 0.035 0.017 -0.021 -0.069 -0.123 -0.178 -0.228 -0.269 -0.293 -0.299 -0.29 -0.276 -0.273 -0.29 -0.329 -0.374 -0.385 -0.366 -0.314 -0.242 -0.167 -0.105 -0.062 -0.033 -0.015 -0.007 0.002 0.009 0.013 0.009 -0.017 -0.065 -0.111 -0.162 -0.207 -0.249 -0.291 -0.334 -0.372 -0.41 -0.446 -0.486 -0.538 -0.592 -0.647 -0.695 -0.735 -0.76 -0.771 -0.772 -0.768 -0.766 -0.774 -0.787 -0.797 -0.803 -0.801 -0.804 -0.811 -0.819 -0.826 -0.826 -0.822 -0.826 -0.836
-0.025 -0.047 -0.08 -0.091 -0.063 -0.017 0.019 0.048 0.07 0.088 0.089 0.073 0.043 -0.003 -0.056 -0.115 -0.177 -0.237 -0.285 -0.318 -0.335 -0.34 -0.335 -0.331 -0.338 -0.359 -0.379 -0.373 -0.351 -0.298 -0.228 -0.152 -0.088 -0.035 0.004 0.029 0.037 0.033 0.019 -0.006 -0.043 -0.095 -0.152 -0.209 -0.264 -0.311 -0.352 -0.393 -0.432 -0.467 -0.499 -0.532 -0.568 -0.612 -0.658 -0.702 -0.739 -0.768 -0.783 -0.783 -0.777 -0.77 -0.767 -0.772 -0.781 -0.786 -0.788 -0.788 -0.791 -0.795 -0.803 -0.813 -0.811 -0.811 -0.811 -0.821
-0.035 -0.07 -0.118 -0.094 -0.052 -0.003 0.048 0.095 0.127 0.141 0.132 0.11 0.075 0.026 -0.033 -0.1 -0.171 -0.244 -0.306 -0.354 -0.387 -0.403 -0.403 -0.396 -0.393 -0.393 -0.383 -0.376 -0.363 -0.322 -0.27 -0.193 -0.113 -0.04 0.008 0.033 0.034 0.014 -0.025 -0.08 -0.142 -0.203 -0.258 -0.314 -0.365 -0.407 -0.444 -0.479 -0.512 -0.541 -0.569 -0.595 -0.624 -0.659 -0.696 -0.732 -0.761 -0.781 -0.788 -0.784 -0.774 -0.766 -0.76 -0.762 -0.77 -0.773 -0.773 -0.771 -0.773 -0.78 -0.788 -0.8 -0.797 -0.796 -0.792 -0.8
-0.057 -0.107 -0.13 -0.093 -0.052 0.008 0.078 0.132 0.164 0.174 0.165 0.141 0.103 0.048 -0.021 -0.1 -0.186 -0.271 -0.337 -0.384 -0.41 -0.421 -0.417 -0.401 -0.39 -0.384 -0.379 -0.381 -0.373 -0.347 -0.307 -0.223 -0.138 -0.069 -0.028 -0.007 -0.014 -0.05 -0.105 -0.174 -0.246 -0.308 -0.363 -0.411 -0.451 -0.484 -0.511 -0.537 -0.561 -0.585 -0.605 -0.625 -0.65 -0.685 -0.716 -0.745 -0.765 -0.778 -0.781 -0.774 -0.761 -0.749 -0.742 -0.747 -0.755 -0.756 -0.755 -0.755 -0.761 -0.767 -0.772 -0.787 -0.78 -0.777 -0.776 -0.785
-0.108 -0.141 -0.129 -0.102 -0.056 0.012 0.086 0.144 0.176 0.188 0.179 0.153 0.106 0.038 -0.046 -0.134 -0.222 -0.284 -0.321 -0.339 -0.338 -0.342 -0.333 -0.307 -0.291 -0.285 -0.301 -0.31 -0.306 -0.317 -0.313 -0.239 -0.181 -0.125 -0.078 -0.068 -0.091 -0.141 -0.207 -0.277 -0.343 -0.402 -0.453 -0.491 -0.516 -0.533 -0.544 -0.555 -0.569 -0.587 -0.603 -0.628 -0.661 -0.698 -0.725 -0.746 -0.758 -0.766 -0.764 -0.754 -0.738 -0.729 -0.727 -0.731 -0.737 -0.737 -0.74 -0.742 -0.742 -0.74 -0.752 -0.773 -0.769 -0.761 -0.764 -0.774
-0.135 -0.153 -0.139 -0.113 -0.066 0.006 0.081 0.139 0.169 0.18 0.173 0.139 0.077 -0.006 -0.1 -0.174 -0.22 -0.232 -0.226 -0.221 -0.214 -0.208 -0.19 -0.168 -0.154 -0.149 -0.17 -0.19 -0.217 -0.265 -0.308 -0.282 -0.231 -0.187 -0.178 -0.186 -0.21 -0.254 -0.311 -0.372 -0.43 -0.483 -0.524 -0.549 -0.554 -0.547 -0.54 -0.533 -0.537 -0.557 -0.588 -0.626 -0.666 -0.697 -0.722 -0.738 -0.747 -0.751 -0.743 -0.731 -0.717 -0.712 -0.709 -0.705 -0.711 -0.716 -0.717 -0.71 -0.702 -0.704 -0.723 -0.757 -0.763 -0.758 -0.752 -0.756
-0.146 -0.15 -0.147 -0.119 -0.071 -0.006 0.064 0.117 0.142 0.152 0.137 0.093 0.016 -0.066 -0.124 -0.144 -0.138 -0.121 -0.102 -0.088 -0.075 -0.061 -0.044 -0.025 -0.016 -0.024 -0.058 -0.116 -0.177 -0.242 -0.291 -0.317 -0.306 -0.298 -0.288 -0.284 -0.3 -0.342 -0.396 -0.453 -0.501 -0.543 -0.572 -0.578 -0.556 -0.529 -0.508 -0.494 -0.5 -0.532 -0.573 -0.619 -0.659 -0.689 -0.712 -0.726 -0.733 -0.735 -0.726 -0.713 -0.701 -0.695 -0.679 -0.669 -0.679 -0.676 -0.668 -0.665 -0.658 -0.66 -0.691 -0.741 -0.759 -0.757 -0.739 -0.742
-0.112 -0.121 -0.14 -0.117 -0.077 -0.022 0.037 0.078 0.09 0.086 0.061 0.008 -0.047 -0.067 -0.051 -0.034 -0.01 0.018 0.04 0.057 0.064 0.075 0.082 0.088 0.077 0.056 0.01 -0.046 -0.114 -0.191 -0.278 -0.352 -0.38 -0.378 -0.361 -0.366 -0.396 -0.437 -0.477 -0.517 -0.551 -0.578 -0.589 -0.572 -0.536 -0.504 -0.478 -0.466 -0.475 -0.501 -0.544 -0.602 -0.648 -0.684 -0.702 -0.713 -0.717 -0.717 -0.71 -0.698 -0.686 -0.671 -0.652 -0.637 -0.645 -0.624 -0.619 -0.619 -0.61 -0.62 -0.67 -0.719 -0.731 -0.746 -0.732 -0.732
-0.077 -0.102 -0.115 -0.101 -0.073 -0.032 0.007 0.027 0.02 0.002 -0.03 -0.042 -0.027 0.002 0.042 0.096 0.138 0.169 0.18 0.182 0.175 0.17 0.169 0.17 0.159 0.119 0.072 0.032 -0.055 -0.175 -0.3 -0.386 -0.425 -0.434 -0.432 -0.451 -0.483 -0.513 -0.54 -0.562 -0.579 -0.587 -0.58 -0.55 -0.512 -0.479 -0.456 -0.438 -0.445 -0.479 -0.537 -0.599 -0.646 -0.679 -0.698 -0.702 -0.704 -0.701 -0.69 -0.68 -0.661 -0.632 -0.619 -0.595 -0.605 -0.574 -0.564 -0.56 -0.553 -0.589 -0.641 -0.693 -0.705 -0.725 -0.735 -0.734
-0.045 -0.069 -0.081 -0.071 -0.055 -0.037 -0.024 -0.031 -0.046 -0.049 -0.029 -0.007 0.027 0.079 0.146 0.215 0.263 0.276 0.265 0.242 0.235 0.242 0.246 0.23 0.191 0.15 0.125 0.044 -0.074 -0.21 -0.323 -0.405 -0.451 -0.484 -0.502 -0.52 -0.542 -0.562 -0.575 -0.578 -0.582 -0.574 -0.563 -0.529 -0.493 -0.455 -0.426 -0.42 -0.43 -0.472 -0.546 -0.604 -0.648 -0.678 -0.694 -0.695 -0.695 -0.691 -0.673 -0.653 -0.621 -0.6 -0.594 -0.579 -0.559 -0.533 -0.507 -0.506 -0.507 -0.545 -0.599 -0.651 -0.703 -0.728 -0.736 -0.729
-0.002 -0.023 -0.032 -0.028 -0.028 -0.033 -0.04 -0.043 -0.025 -0.01 0.01 0.042 0.093 0.172 0.245 0.299 0.316 0.305 0.284 0.265 0.278 0.268 0.235 0.199 0.174 0.146 0.083 -0.035 -0.155 -0.256 -0.349 -0.426 -0.478 -0.512 -0.539 -0.558 -0.576 -0.586 -0.577 -0.571 -0.58 -0.567 -0.549 -0.513 -0.475 -0.447 -0.429 -0.435 -0.455 -0.514 -0.573 -0.616 -0.652 -0.678 -0.69 -0.689 -0.687 -0.68 -0.663 -0.636 -0.607 -0.587 -0.577 -0.553 -0.518 -0.494 -0.457 -0.447 -0.464 -0.501 -0.552 -0.596 -0.664 -0.702 -0.727 -0.718
0.054 0.036 0.028 0.026 0.012 -0.007 -0.004 0.003 0.014 0.035 0.067 0.111 0.176 0.258 0.314 0.324 0.314 0.293 0.272 0.264 0.253 0.219 0.182 0.16 0.13 0.067 -0.03 -0.134 -0.22 -0.301 -0.377 -0.444 -0.493 -0.528 -0.557 -0.577 -0.59 -0.594 -0.584 -0.582 -0.577 -0.558 -0.535 -0.505 -0.481 -0.462 -0.462 -0.486 -0.524 -0.563 -0.598 -0.63 -0.659 -0.679 -0.687 -0.684 -0.679 -0.671 -0.65 -0.629 -0.608 -0.58 -0.565 -0.523 -0.492 -0.457 -0.418 -0.394 -0.422 -0.448 -0.508 -0.559 -0.621 -0.655 -0.706 -0.709
0.118 0.104 0.099 0.094 0.082 0.069 0.061 0.052 0.057 0.077 0.115 0.168 0.247 0.309 0.327 0.315 0.29 0.26 0.239 0.224 0.202 0.175 0.143 0.102 0.036 -0.056 -0.148 -0.22 -0.285 -0.344 -0.395 -0.445 -0.492 -0.527 -0.565 -0.584 -0.592 -0.59 -0.581 -0.571 -0.564 -0.551 -0.529 -0.511 -0.504 -0.506 -0.527 -0.548 -0.57 -0.591 -0.615 -0.642 -0.665 -0.679 -0.683 -0.681 -0.674 -0.661 -0.63 -0.612 -0.598 -0.576 -0.549 -0.504 -0.469 -0.419 -0.382 -0.364 -0.388 -0.412 -0.469 -0.517 -0.578 -0.62 -0.676 -0.69
0.185 0.175 0.176 0.186 0.181 0.157 0.123 0.092 0.08 0.095 0.137 0.21 0.288 0.317 0.316 0.292 0.253 0.218 0.196 0.183 0.169 0.139 0.083 0.005 -0.08 -0.172 -0.242 -0.3 -0.347 -0.382 -0.415 -0.458 -0.505 -0.545 -0.572 -0.584 -0.581 -0.569 -0.556 -0.546 -0.547 -0.554 -0.554 -0.555 -0.566 -0.57 -0.574 -0.582 -0.589 -0.6 -0.625 -0.648 -0.666 -0.675 -0.679 -0.676 -0.668 -0.65 -0.613 -0.596 -0.587 -0.561 -0.524 -0.49 -0.453 -0.402 -0.356 -0.338 -0.355 -0.384 -0.432 -0.479 -0.545 -0.595 -0.638 -0.646
0.259 0.252 0.266 0.278 0.259 0.216 0.158 0.111 0.091 0.101 0.151 0.245 0.307 0.314 0.301 0.263 0.207 0.168 0.149 0.144 0.125 0.071 -0.018 -0.107 -0.19 -0.264 -0.328 -0.371 -0.394 -0.408 -0.443 -0.485 -0.521 -0.553 -0.574 -0.578 -0.564 -0.549 -0.537 -0.536 -0.553 -0.578 -0.596 -0.609 -0.607 -0.6 -0.6 -0.6 -0.595 -0.603 -0.626 -0.647 -0.662 -0.669 -0.673 -0.671 -0.662 -0.642 -0.613 -0.59 -0.578 -0.547 -0.501 -0.461 -0.417 -0.375 -0.345 -0.314 -0.338 -0.372 -0.413 -0.461 -0.514 -0.553 -0.589 -0.598
0.334 0.333 0.343 0.327 0.278 0.209 0.139 0.088 0.074 0.088 0.161 0.267 0.315 0.305 0.284 0.218 0.149 0.106 0.089 0.078 0.027 -0.045 -0.122 -0.197 -0.273 -0.344 -0.401 -0.426 -0.434 -0.448 -0.477 -0.503 -0.53 -0.558 -0.577 -0.575 -0.557 -0.542 -0.529 -0.537 -0.569 -0.597 -0.621 -0.629 -0.621 -0.614 -0.61 -0.606 -0.594 -0.602 -0.622 -0.64 -0.656 -0.663 -0.667 -0.666 -0.655 -0.636 -0.618 -0.597 -0.574 -0.534 -0.49 -0.439 -0.382 -0.339 -0.321 -0.302 -0.334 -0.359 -0.391 -0.426 -0.464 -0.493 -0.528 -0.541
0.412 0.402 0.373 0.317 0.233 0.138 0.058 0.004 0.005 0.055 0.173 0.276 0.302 0.28 0.233 0.147 0.068 0.023 -0.007 -0.045 -0.098 -0.149 -0.203 -0.272 -0.345 -0.411 -0.453 -0.472 -0.486 -0.497 -0.508 -0.521 -0.542 -0.564 -0.579 -0.576 -0.56 -0.546 -0.531 -0.547 -0.577 -0.606 -0.632 -0.639 -0.629 -0.621 -0.611 -0.601 -0.588 -0.599 -0.612 -0.628 -0.649 -0.657 -0.66 -0.66 -0.65 -0.635 -0.618 -0.597 -0.568 -0.528 -0.487 -0.43 -0.359 -0.322 -0.305 -0.299 -0.327 -0.34 -0.363 -0.382 -0.406 -0.435 -0.464 -0.476
0.474 0.439 0.367 0.261 0.137 0.029 -0.044 -0.072 -0.038 0.055 0.188 0.263 0.267 0.233 0.152 0.049 -0.041 -0.096 -0.132 -0.161 -0.19 -0.225 -0.274 -0.336 -0.401 -0.456 -0.494 -0.519 -0.529 -0.529 -0.53 -0.536 -0.552 -0.567 -0.572 -0.566 -0.561 -0.554 -0.547 -0.562 -0.587 -0.615 -0.636 -0.642 -0.632 -0.621 -0.605 -0.595 -0.594 -0.601 -0.605 -0.623 -0.644 -0.651 -0.651 -0.651 -0.64 -0.631 -0.62 -0.601 -0.564 -0.545 -0.494 -0.426 -0.366 -0.331 -0.305 -0.305 -0.329 -0.334 -0.345 -0.345 -0.354 -0.381 -0.398 -0.409
0.509 0.431 0.31 0.173 0.041 -0.059 -0.104 -0.095 -0.024 0.086 0.203 0.241 0.222 0.152 0.038 -0.063 -0.142 -0.19 -0.218 -0.236 -0.257 -0.286 -0.328 -0.378 -0.43 -0.48 -0.522 -0.543 -0.549 -0.547 -0.545 -0.547 -0.555 -0.56 -0.549 -0.542 -0.54 -0.538 -0.538 -0.554 -0.58 -0.606 -0.621 -0.627 -0.619 -0.61 -0.602 -0.597 -0.599 -0.605 -0.611 -0.626 -0.641 -0.645 -0.644 -0.637 -0.622 -0.612 -0.609 -0.603 -0.578 -0.559 -0.505 -0.438 -0.403 -0.356 -0.328 -0.321 -0.346 -0.351 -0.345 -0.343 -0.333 -0.325 -0.335 -0.337
0.503 0.391 0.24 0.086 -0.04 -0.113 -0.119 -0.066 0.03 0.147 0.209 0.187 0.148 0.048 -0.057 -0.146 -0.214 -0.25 -0.27 -0.29 -0.307 -0.329 -0.358 -0.391 -0.435 -0.491 -0.526 -0.549 -0.557 -0.556 -0.552 -0.55 -0.549 -0.54 -0.513 -0.502 -0.488 -0.487 -0.497 -0.525 -0.558 -0.582 -0.599 -0.6 -0.6 -0.6 -0.607 -0.606 -0.605 -0.61 -0.619 -0.627 -0.635 -0.635 -0.631 -0.61 -0.589 -0.573 -0.581 -0.596 -0.581 -0.551 -0.501 -0.46 -0.445 -0.404 -0.375 -0.369 -0.385 -0.37 -0.383 -0.378 -0.361 -0.345 -0.321 -0.311
0.477 0.336 0.165 0.012 -0.096 -0.134 -0.09 -0.001 0.106 0.186 0.171 0.134 0.068 -0.036 -0.131 -0.212 -0.261 -0.271 -0.302 -0.33 -0.335 -0.334 -0.353 -0.382 -0.444 -0.489 -0.52 -0.547 -0.558 -0.556 -0.551 -0.541 -0.531 -0.498 -0.472 -0.444 -0.424 -0.412 -0.421 -0.459 -0.509 -0.54 -0.566 -0.585 -0.594 -0.598 -0.606 -0.604 -0.605 -0.616 -0.621 -0.618 -0.619 -0.615 -0.593 -0.585 -0.558 -0.548 -0.547 -0.574 -0.566 -0.543 -0.513 -0.508 -0.495 -0.445 -0.416 -0.436 -0.44 -0.44 -0.426 -0.389 -0.365 -0.311 -0.294 -0.263
0.427 0.266 0.098 -0.039 -0.115 -0.108 -0.028 0.076 0.144 0.151 0.113 0.069 -0.015 -0.104 -0.194 -0.255 -0.28 -0.318 -0.347 -0.353 -0.339 -0.33 -0.35 -0.403 -0.449 -0.488 -0.523 -0.545 -0.554 -0.549 -0.534 -0.519 -0.5 -0.462 -0.421 -0.374 -0.335 -0.318 -0.337 -0.373 -0.425 -0.454 -0.478 -0.514 -0.557 -0.588 -0.605 -0.608 -0.609 -0.618 -0.615 -0.599 -0.58 -0.581 -0.569 -0.547 -0.504 -0.506 -0.483 -0.533 -0.561 -0.544 -0.554 -0.556 -0.515 -0.49 -0.479 -0.508 -0.507 -0.491 -0.445 -0.395 -0.362 -0.326 -0.257 -0.232
0.354 0.196 0.04 -0.071 -0.112 -0.065 0.028 0.091 0.107 0.087 0.043 -0.016 -0.085 -0.171 -0.251 -0.295 -0.33 -0.364 -0.374 -0.36 -0.34 -0.345 -0.38 -0.418 -0.446 -0.489 -0.524 -0.544 -0.547 -0.533 -0.519 -0.506 -0.462 -0.413 -0.362 -0.309 -0.254 -0.239 -0.263 -0.309 -0.356 -0.39 -0.425 -0.467 -0.514 -0.555 -0.587 -0.611 -0.622 -0.615 -0.596 -0.568 -0.535 -0.526 -0.524 -0.497 -0.463 -0.453 -0.423 -0.463 -0.537 -0.568 -0.583 -0.568 -0.542 -0.536 -0.556 -0.569 -0.539 -0.518 -0.495 -0.445 -0.377 -0.324 -0.287 -0.229
0.267 0.117 -0.014 -0.092 -0.109 -0.055 0.013 0.047 0.043 0.009 -0.038 -0.094 -0.161 -0.236 -0.302 -0.351 -0.383 -0.399 -0.398 -0.381 -0.373 -0.38 -0.408 -0.432 -0.46 -0.498 -0.528 -0.543 -0.535 -0.52 -0.517 -0.473 -0.422 -0.363 -0.306 -0.249 -0.202 -0.209 -0.226 -0.283 -0.325 -0.36 -0.396 -0.449 -0.498 -0.542 -0.58 -0.606 -0.614 -0.599 -0.558 -0.517 -0.486 -0.47 -0.482 -0.441 -0.408 -0.389 -0.349 -0.395 -0.481 -0.543 -0.584 -0.589 -0.588 -0.601 -0.612 -0.604 -0.583 -0.577 -0.529 -0.471 -0.38 -0.309 -0.274 -0.242
0.157 0.027 -0.076 -0.127 -0.131 -0.093 -0.046 -0.024 -0.037 -0.068 -0.114 -0.17 -0.233 -0.294 -0.346 -0.384 -0.411 -0.425 -0.428 -0.421 -0.418 -0.424 -0.439 -0.459 -0.484 -0.513 -0.537 -0.543 -0.526 -0.523 -0.517 -0.461 -0.411 -0.345 -0.283 -0.236 -0.217 -0.233 -0.265 -0.304 -0.342 -0.376 -0.416 -0.471 -0.512 -0.558 -0.593 -0.608 -0.602 -0.559 -0.508 -0.461 -0.439 -0.43 -0.426 -0.384 -0.346 -0.308 -0.298 -0.341 -0.395 -0.489 -0.542 -0.581 -0.606 -0.623 -0.628 -0.634 -0.621 -0.588 -0.542 -0.486 -0.396 -0.309 -0.255 -0.216
0.032 -0.077 -0.152 -0.184 -0.18 -0.152 -0.121 -0.105 -0.112 -0.141 -0.186 -0.238 -0.292 -0.34 -0.38 -0.409 -0.43 -0.443 -0.448 -0.451 -0.454 -0.459 -0.47 -0.487 -0.508 -0.53 -0.548 -0.546 -0.534 -0.528 -0.524 -0.486 -0.431 -0.378 -0.332 -0.29 -0.277 -0.299 -0.315 -0.343 -0.383 -0.429 -0.469 -0.508 -0.548 -0.598 -0.626 -0.627 -0.601 -0.541 -0.485 -0.442 -0.407 -0.386 -0.353 -0.314 -0.282 -0.241 -0.24 -0.264 -0.325 -0.423 -0.466 -0.52 -0.563 -0.601 -0.63 -0.65 -0.634 -0.598 -0.558 -0.507 -0.416 -0.321 -0.29 -0.245
-0.095 -0.183 -0.233 -0.246 -0.234 -0.208 -0.184 -0.173 -0.182 -0.21 -0.25 -0.293 -0.336 -0.372 -0.403 -0.425 -0.441 -0.451 -0.456 -0.463 -0.47 -0.479 -0.493 -0.509 -0.526 -0.543 -0.556 -0.554 -0.548 -0.539 -0.543 -0.52 -0.469 -0.431 -0.387 -0.354 -0.349 -0.369 -0.38 -0.408 -0.447 -0.488 -0.521 -0.553 -0.591 -0.645 -0.665 -0.667 -0.631 -0.584 -0.502 -0.432 -0.375 -0.379 -0.331 -0.286 -0.234 -0.205 -0.181 -0.217 -0.286 -0.347 -0.38 -0.448 -0.497 -0.532 -0.581 -0.644 -0.656 -0.627 -0.593 -0.535 -0.455 -0.363 -0.338 -0.278
-0.204 -0.267 -0.295 -0.294 -0.276 -0.253 -0.236 -0.233 -0.245 -0.269 -0.301 -0.333 -0.364 -0.39 -0.412 -0.43 -0.443 -0.448 -0.449 -0.46 -0.474 -0.488 -0.504 -0.52 -0.535 -0.55 -0.56 -0.563 -0.567 -0.564 -0.574 -0.553 -0.521 -0.49 -0.45 -0.424 -0.427 -0.451 -0.477 -0.502 -0.534 -0.562 -0.586 -0.614 -0.646 -0.68 -0.698 -0.702 -0.685 -0.643 -0.557 -0.473 -0.412 -0.425 -0.362 -0.311 -0.242 -0.177 -0.166 -0.209 -0.224 -0.268 -0.304 -0.376 -0.41 -0.449 -0.493 -0.594 -0.65 -0.635 -0.604 -0.546 -0.489 -0.421 -0.386 -0.313
