data/climatemaps/RS_maps/climate_winter_pr_2016.asc
NCOLS 369 
NROWS 228 
XLLCORNER 479000 
YLLCORNER 73000 
CELLSIZE 1000 
NODATA_value -9 
[rows 132 to 164 of 228, columns 74 to 147 of 369]
-1.248 -1.228 -1.204 -1.171 -1.152 -1.147 -1.145 -1.133 -1.127 -1.128 -1.105 -1.078 -1.045 -1.007 -0.971 -0.958 -0.966 -1 -1.067 -1.138 -1.203 -1.238 -1.218 -1.161 -1.076 -0.994 -0.937 -0.88 -0.837 -0.824 -0.815 -0.769 -0.783 -0.801 -0.889 -0.924 -0.888 -0.822 -0.818 -0.824 -0.802 -0.714 -0.679 -0.677 -0.729 -0.784 -0.856 -0.915 -0.969 -0.952 -0.934 -0.923 -0.94 -0.924 -0.908 -0.91 -0.902 -0.908 -0.914 -0.937 -0.921 -0.904 -0.921 -0.943 -0.988 -1.009 -1.056 -1.11 -1.147 -1.158 -1.157 -1.144 -1.126 -1.108
-1.24 -1.212 -1.179 -1.151 -1.137 -1.128 -1.118 -1.115 -1.122 -1.115 -1.094 -1.071 -1.045 -1.01 -0.982 -0.972 -0.983 -1.03 -1.097 -1.159 -1.22 -1.249 -1.215 -1.146 -1.059 -1.012 -0.979 -0.953 -0.932 -0.892 -0.865 -0.809 -0.796 -0.825 -0.887 -0.867 -0.845 -0.783 -0.761 -0.726 -0.685 -0.676 -0.71 -0.768 -0.86 -0.945 -1.009 -1.047 -1.058 -1.066 -1.066 -1.07 -1.072 -1.069 -1.058 -1.042 -1.025 -1.022 -0.995 -0.948 -0.889 -0.817 -0.752 -0.775 -0.901 -0.974 -1.001 -1.045 -1.088 -1.102 -1.117 -1.116 -1.1 -1.071
-1.239 -1.203 -1.166 -1.136 -1.115 -1.097 -1.086 -1.089 -1.103 -1.106 -1.099 -1.081 -1.055 -1.024 -0.995 -0.982 -1.002 -1.06 -1.125 -1.182 -1.241 -1.263 -1.221 -1.138 -1.072 -1.066 -1.046 -1.033 -1.016 -0.979 -0.921 -0.836 -0.784 -0.784 -0.82 -0.824 -0.799 -0.719 -0.695 -0.649 -0.623 -0.661 -0.761 -0.874 -0.983 -1.063 -1.078 -1.06 -1.045 -1.051 -1.055 -1.045 -1.042 -1.041 -1.041 -1.014 -1.021 -1.014 -0.94 -0.848 -0.759 -0.647 -0.533 -0.54 -0.741 -0.925 -0.981 -1.003 -1.02 -1.012 -1.019 -1.028 -1.01 -0.97
-1.238 -1.199 -1.157 -1.127 -1.091 -1.067 -1.055 -1.062 -1.082 -1.098 -1.104 -1.094 -1.07 -1.035 -1.006 -1.004 -1.04 -1.095 -1.149 -1.205 -1.264 -1.281 -1.232 -1.14 -1.09 -1.109 -1.116 -1.08 -1.027 -1.003 -0.952 -0.839 -0.771 -0.776 -0.772 -0.808 -0.744 -0.701 -0.689 -0.679 -0.635 -0.715 -0.816 -0.946 -1.053 -1.09 -1.056 -1.002 -0.952 -0.936 -0.921 -0.887 -0.879 -0.909 -0.936 -0.925 -1.003 -0.957 -0.844 -0.712 -0.618 -0.518 -0.428 -0.452 -0.636 -0.861 -0.984 -0.992 -0.981 -0.945 -0.893 -0.876 -0.845 -0.82
-1.237 -1.199 -1.149 -1.118 -1.075 -1.045 -1.03 -1.041 -1.061 -1.082 -1.095 -1.095 -1.084 -1.057 -1.039 -1.05 -1.081 -1.12 -1.167 -1.217 -1.282 -1.299 -1.243 -1.15 -1.127 -1.156 -1.148 -1.091 -1.033 -1.001 -0.978 -0.868 -0.798 -0.781 -0.781 -0.808 -0.78 -0.746 -0.695 -0.75 -0.763 -0.806 -0.934 -1.043 -1.086 -1.036 -0.986 -0.928 -0.822 -0.801 -0.742 -0.723 -0.743 -0.807 -0.841 -0.904 -0.975 -0.886 -0.757 -0.612 -0.472 -0.407 -0.455 -0.532 -0.672 -0.867 -0.996 -0.988 -0.948 -0.887 -0.831 -0.76 -0.693 -0.647
-1.234 -1.199 -1.144 -1.109 -1.065 -1.032 -1.022 -1.028 -1.043 -1.064 -1.078 -1.086 -1.087 -1.08 -1.075 -1.082 -1.101 -1.135 -1.181 -1.231 -1.294 -1.313 -1.253 -1.192 -1.189 -1.193 -1.168 -1.121 -1.068 -1.016 -0.989 -0.891 -0.831 -0.819 -0.868 -0.866 -0.896 -0.844 -0.783 -0.81 -0.879 -0.943 -1.034 -1.056 -1.027 -0.947 -0.89 -0.83 -0.693 -0.679 -0.643 -0.663 -0.713 -0.754 -0.851 -0.925 -0.925 -0.814 -0.688 -0.543 -0.378 -0.403 -0.505 -0.638 -0.769 -0.938 -1.009 -0.973 -0.891 -0.798 -0.743 -0.72 -0.623 -0.472
-1.222 -1.184 -1.138 -1.097 -1.058 -1.032 -1.02 -1.023 -1.036 -1.053 -1.064 -1.067 -1.069 -1.069 -1.073 -1.082 -1.105 -1.143 -1.19 -1.242 -1.298 -1.322 -1.276 -1.246 -1.219 -1.189 -1.174 -1.149 -1.108 -1.091 -1.014 -0.933 -0.934 -0.945 -0.994 -0.99 -0.994 -0.899 -0.809 -0.829 -0.909 -0.998 -1.069 -1.027 -0.973 -0.883 -0.789 -0.701 -0.604 -0.625 -0.666 -0.699 -0.77 -0.827 -0.892 -0.883 -0.85 -0.738 -0.623 -0.466 -0.388 -0.467 -0.593 -0.744 -0.899 -0.993 -1.011 -0.944 -0.809 -0.697 -0.622 -0.64 -0.525 -0.419
-1.2 -1.168 -1.131 -1.09 -1.055 -1.03 -1.024 -1.026 -1.041 -1.049 -1.044 -1.029 -1.023 -1.031 -1.042 -1.059 -1.092 -1.141 -1.192 -1.244 -1.297 -1.318 -1.288 -1.237 -1.178 -1.119 -1.082 -1.127 -1.16 -1.154 -1.079 -1.062 -1.069 -1.047 -1.031 -1.035 -1.04 -0.916 -0.843 -0.85 -0.911 -1.017 -1.084 -1.011 -0.941 -0.845 -0.699 -0.629 -0.604 -0.604 -0.619 -0.724 -0.808 -0.829 -0.819 -0.785 -0.778 -0.642 -0.514 -0.387 -0.425 -0.537 -0.705 -0.879 -0.975 -0.99 -0.981 -0.93 -0.772 -0.635 -0.567 -0.506 -0.358 -0.351
-1.177 -1.156 -1.125 -1.083 -1.046 -1.031 -1.039 -1.045 -1.05 -1.039 -1.01 -0.974 -0.962 -0.979 -1.002 -1.014 -1.061 -1.127 -1.184 -1.242 -1.294 -1.295 -1.229 -1.145 -1.078 -1.076 -0.999 -1.029 -1.121 -1.127 -1.134 -1.134 -1.045 -0.984 -0.965 -0.938 -1 -0.95 -0.888 -0.857 -0.917 -1.033 -1.089 -1.019 -0.919 -0.803 -0.659 -0.613 -0.514 -0.502 -0.513 -0.716 -0.692 -0.703 -0.71 -0.738 -0.689 -0.569 -0.448 -0.397 -0.508 -0.654 -0.822 -0.96 -0.993 -0.945 -0.877 -0.906 -0.815 -0.695 -0.548 -0.367 -0.282 -0.3
-1.161 -1.148 -1.115 -1.075 -1.051 -1.047 -1.047 -1.053 -1.05 -1.014 -0.961 -0.92 -0.918 -0.948 -0.957 -0.938 -1.012 -1.087 -1.16 -1.225 -1.28 -1.247 -1.149 -1.056 -1.02 -1.025 -0.961 -0.98 -1.073 -1.015 -1.042 -1.06 -0.961 -0.927 -0.889 -0.871 -0.969 -0.925 -0.865 -0.858 -0.945 -1.043 -1.103 -1.046 -0.914 -0.772 -0.66 -0.562 -0.441 -0.432 -0.545 -0.7 -0.643 -0.599 -0.604 -0.693 -0.585 -0.473 -0.436 -0.476 -0.586 -0.768 -0.908 -0.998 -0.982 -0.879 -0.79 -0.817 -0.832 -0.707 -0.488 -0.375 -0.362 -0.252
-1.149 -1.137 -1.106 -1.08 -1.064 -1.053 -1.051 -1.054 -1.036 -0.983 -0.923 -0.899 -0.926 -0.939 -0.907 -0.896 -0.959 -1.033 -1.123 -1.202 -1.263 -1.227 -1.165 -1.053 -0.977 -0.974 -0.907 -0.917 -0.999 -0.915 -0.885 -0.896 -0.922 -0.848 -0.817 -0.872 -0.908 -0.828 -0.792 -0.84 -0.934 -1.006 -1.101 -1.07 -0.926 -0.809 -0.654 -0.53 -0.497 -0.527 -0.637 -0.643 -0.554 -0.515 -0.57 -0.617 -0.537 -0.371 -0.41 -0.564 -0.664 -0.821 -0.94 -1.014 -0.963 -0.835 -0.696 -0.698 -0.725 -0.711 -0.594 -0.51 -0.414 -0.286
-1.133 -1.122 -1.104 -1.084 -1.059 -1.052 -1.058 -1.05 -1.02 -0.968 -0.912 -0.904 -0.921 -0.911 -0.879 -0.883 -0.934 -0.971 -1.077 -1.186 -1.253 -1.242 -1.157 -1.01 -0.964 -0.913 -0.786 -0.849 -0.93 -0.823 -0.818 -0.843 -0.855 -0.77 -0.771 -0.838 -0.793 -0.728 -0.727 -0.81 -0.882 -0.999 -1.115 -1.08 -0.988 -0.852 -0.678 -0.531 -0.405 -0.485 -0.628 -0.616 -0.589 -0.511 -0.485 -0.496 -0.521 -0.369 -0.476 -0.602 -0.753 -0.867 -0.92 -1.009 -0.959 -0.828 -0.632 -0.589 -0.581 -0.636 -0.495 -0.493 -0.493 -0.429
-1.117 -1.116 -1.098 -1.069 -1.055 -1.056 -1.059 -1.042 -0.996 -0.938 -0.893 -0.898 -0.895 -0.858 -0.842 -0.842 -0.886 -0.909 -1.043 -1.176 -1.251 -1.23 -1.118 -0.991 -0.963 -0.84 -0.733 -0.772 -0.844 -0.808 -0.79 -0.795 -0.746 -0.704 -0.751 -0.757 -0.676 -0.661 -0.714 -0.751 -0.835 -1.012 -1.121 -1.096 -0.995 -0.851 -0.686 -0.527 -0.455 -0.545 -0.561 -0.605 -0.527 -0.503 -0.419 -0.421 -0.458 -0.4 -0.546 -0.704 -0.815 -0.826 -0.822 -0.981 -0.947 -0.797 -0.598 -0.481 -0.483 -0.568 -0.5 -0.42 -0.397 -0.352
-1.094 -1.101 -1.086 -1.063 -1.052 -1.051 -1.053 -1.03 -0.973 -0.912 -0.885 -0.897 -0.866 -0.81 -0.77 -0.811 -0.827 -0.879 -1.032 -1.182 -1.239 -1.189 -1.086 -0.961 -0.907 -0.785 -0.674 -0.702 -0.795 -0.778 -0.726 -0.712 -0.688 -0.709 -0.726 -0.669 -0.614 -0.639 -0.662 -0.707 -0.818 -1.016 -1.118 -1.096 -1.015 -0.908 -0.743 -0.59 -0.535 -0.509 -0.464 -0.569 -0.52 -0.446 -0.385 -0.316 -0.328 -0.451 -0.629 -0.793 -0.816 -0.746 -0.738 -0.935 -0.924 -0.765 -0.543 -0.403 -0.388 -0.466 -0.512 -0.468 -0.377 -0.249
-1.063 -1.073 -1.071 -1.054 -1.042 -1.045 -1.045 -1.02 -0.969 -0.923 -0.896 -0.898 -0.841 -0.766 -0.752 -0.796 -0.82 -0.908 -1.076 -1.186 -1.215 -1.14 -1.037 -0.918 -0.811 -0.716 -0.666 -0.73 -0.776 -0.743 -0.707 -0.738 -0.723 -0.684 -0.672 -0.638 -0.634 -0.663 -0.672 -0.715 -0.856 -0.998 -1.099 -1.108 -1.041 -0.929 -0.772 -0.606 -0.504 -0.455 -0.424 -0.512 -0.518 -0.42 -0.377 -0.318 -0.371 -0.536 -0.71 -0.828 -0.767 -0.657 -0.624 -0.845 -0.891 -0.737 -0.55 -0.377 -0.301 -0.345 -0.37 -0.403 -0.41 -0.317
-1.022 -1.037 -1.045 -1.039 -1.031 -1.038 -1.037 -1.014 -0.983 -0.955 -0.922 -0.897 -0.823 -0.77 -0.8 -0.827 -0.862 -0.981 -1.117 -1.178 -1.178 -1.114 -1.029 -0.886 -0.753 -0.688 -0.688 -0.739 -0.76 -0.733 -0.737 -0.773 -0.771 -0.693 -0.689 -0.669 -0.66 -0.7 -0.737 -0.777 -0.874 -0.939 -1.055 -1.107 -1.009 -0.929 -0.8 -0.658 -0.556 -0.489 -0.418 -0.468 -0.497 -0.437 -0.378 -0.39 -0.472 -0.61 -0.762 -0.819 -0.721 -0.582 -0.524 -0.712 -0.845 -0.756 -0.617 -0.449 -0.328 -0.291 -0.244 -0.267 -0.332 -0.349
-0.98 -0.996 -1.007 -1.012 -1.011 -1.03 -1.029 -1 -0.974 -0.961 -0.936 -0.883 -0.83 -0.798 -0.797 -0.816 -0.92 -1.057 -1.145 -1.156 -1.139 -1.093 -0.996 -0.851 -0.739 -0.707 -0.719 -0.777 -0.764 -0.793 -0.78 -0.799 -0.822 -0.747 -0.726 -0.746 -0.754 -0.776 -0.793 -0.808 -0.813 -0.864 -1.02 -1.083 -1.004 -0.951 -0.869 -0.821 -0.721 -0.61 -0.489 -0.424 -0.417 -0.393 -0.359 -0.454 -0.559 -0.696 -0.811 -0.781 -0.673 -0.549 -0.48 -0.585 -0.79 -0.813 -0.678 -0.53 -0.365 -0.249 -0.197 -0.172 -0.23 -0.3
-0.948 -0.964 -0.969 -0.979 -0.998 -1.026 -1.017 -0.981 -0.948 -0.939 -0.912 -0.862 -0.814 -0.769 -0.763 -0.815 -0.964 -1.102 -1.157 -1.129 -1.093 -1.057 -0.966 -0.829 -0.767 -0.778 -0.806 -0.826 -0.832 -0.869 -0.834 -0.852 -0.884 -0.811 -0.808 -0.837 -0.855 -0.834 -0.789 -0.768 -0.737 -0.803 -0.983 -1.07 -1.036 -0.996 -0.957 -0.916 -0.791 -0.686 -0.576 -0.46 -0.363 -0.336 -0.396 -0.519 -0.628 -0.763 -0.825 -0.747 -0.639 -0.529 -0.442 -0.515 -0.742 -0.819 -0.692 -0.563 -0.439 -0.328 -0.224 -0.148 -0.131 -0.188
-0.935 -0.954 -0.951 -0.962 -1.015 -1.024 -0.987 -0.976 -0.951 -0.926 -0.875 -0.819 -0.762 -0.712 -0.76 -0.867 -1.013 -1.129 -1.151 -1.103 -1.048 -1.02 -0.921 -0.825 -0.821 -0.869 -0.905 -0.909 -0.938 -0.918 -0.892 -0.928 -0.961 -0.903 -0.933 -0.957 -0.925 -0.851 -0.764 -0.727 -0.671 -0.75 -0.913 -1.038 -1.076 -1.045 -1.034 -0.94 -0.821 -0.706 -0.577 -0.479 -0.355 -0.34 -0.439 -0.538 -0.656 -0.802 -0.815 -0.721 -0.615 -0.478 -0.39 -0.49 -0.726 -0.826 -0.734 -0.67 -0.596 -0.516 -0.333 -0.196 -0.067 -0.081
-0.931 -0.958 -0.965 -0.997 -1.034 -1.01 -0.957 -0.95 -0.935 -0.9 -0.858 -0.809 -0.741 -0.727 -0.799 -0.921 -1.053 -1.134 -1.137 -1.108 -1.046 -0.983 -0.915 -0.891 -0.899 -0.913 -0.952 -1.002 -1.02 -1.009 -1.007 -1.038 -1.057 -1.038 -1.059 -1.051 -0.969 -0.873 -0.78 -0.719 -0.662 -0.716 -0.838 -0.946 -1.033 -1.085 -1.075 -0.99 -0.894 -0.756 -0.575 -0.483 -0.425 -0.435 -0.474 -0.568 -0.716 -0.818 -0.793 -0.693 -0.57 -0.441 -0.42 -0.545 -0.756 -0.84 -0.816 -0.776 -0.726 -0.628 -0.41 -0.213 -0.059 -0.01
-0.957 -0.986 -1.011 -1.043 -1.052 -1.008 -0.948 -0.941 -0.909 -0.859 -0.821 -0.788 -0.719 -0.734 -0.835 -0.959 -1.07 -1.117 -1.111 -1.101 -1.054 -1.002 -0.978 -0.995 -0.994 -0.963 -1 -1.066 -1.08 -1.083 -1.086 -1.096 -1.114 -1.133 -1.146 -1.117 -1.017 -0.918 -0.835 -0.758 -0.695 -0.694 -0.761 -0.826 -0.923 -1.063 -1.094 -1.022 -0.949 -0.832 -0.641 -0.553 -0.538 -0.552 -0.57 -0.655 -0.774 -0.805 -0.775 -0.669 -0.524 -0.428 -0.458 -0.607 -0.775 -0.795 -0.783 -0.751 -0.691 -0.602 -0.446 -0.238 -0.089 -0.078
-1.027 -1.049 -1.071 -1.078 -1.077 -1.033 -0.963 -0.972 -0.897 -0.829 -0.79 -0.752 -0.693 -0.743 -0.862 -0.954 -1.062 -1.116 -1.121 -1.125 -1.105 -1.068 -1.093 -1.109 -1.092 -1.062 -1.085 -1.096 -1.072 -1.039 -1.037 -1.041 -1.06 -1.135 -1.179 -1.166 -1.075 -1.008 -0.941 -0.854 -0.773 -0.689 -0.697 -0.726 -0.827 -0.993 -1.106 -1.054 -0.963 -0.875 -0.709 -0.636 -0.611 -0.571 -0.638 -0.693 -0.788 -0.734 -0.737 -0.608 -0.444 -0.428 -0.509 -0.652 -0.768 -0.68 -0.658 -0.652 -0.574 -0.512 -0.427 -0.249 -0.213 -0.238
-1.103 -1.108 -1.112 -1.115 -1.113 -1.082 -1.036 -1.008 -0.945 -0.869 -0.819 -0.736 -0.715 -0.777 -0.831 -0.871 -1.025 -1.127 -1.17 -1.203 -1.191 -1.176 -1.185 -1.169 -1.145 -1.125 -1.087 -1.012 -0.959 -0.922 -0.919 -0.937 -1.003 -1.065 -1.155 -1.185 -1.149 -1.075 -0.975 -0.855 -0.771 -0.695 -0.643 -0.679 -0.756 -0.926 -1.084 -1.098 -1.028 -0.933 -0.788 -0.676 -0.611 -0.586 -0.621 -0.651 -0.749 -0.673 -0.586 -0.48 -0.408 -0.489 -0.542 -0.655 -0.709 -0.643 -0.618 -0.597 -0.531 -0.43 -0.403 -0.369 -0.338 -0.282
-1.145 -1.145 -1.147 -1.149 -1.15 -1.134 -1.099 -1.049 -0.989 -0.911 -0.864 -0.753 -0.734 -0.805 -0.777 -0.773 -0.933 -1.085 -1.174 -1.215 -1.225 -1.229 -1.209 -1.162 -1.125 -1.1 -1.042 -0.915 -0.839 -0.782 -0.815 -0.878 -0.948 -0.995 -1.127 -1.176 -1.17 -1.068 -0.985 -0.849 -0.743 -0.733 -0.598 -0.646 -0.695 -0.895 -1.059 -1.119 -1.076 -0.983 -0.848 -0.706 -0.662 -0.631 -0.608 -0.606 -0.728 -0.618 -0.451 -0.362 -0.442 -0.53 -0.467 -0.596 -0.746 -0.722 -0.688 -0.663 -0.581 -0.46 -0.512 -0.548 -0.416 -0.277
-1.161 -1.165 -1.17 -1.176 -1.18 -1.172 -1.133 -1.076 -1.045 -0.985 -0.905 -0.792 -0.743 -0.757 -0.759 -0.756 -0.85 -0.955 -1.044 -1.107 -1.153 -1.171 -1.155 -1.098 -1.068 -1.028 -0.991 -0.888 -0.778 -0.76 -0.787 -0.843 -0.903 -0.997 -1.111 -1.117 -1.136 -1.087 -0.971 -0.873 -0.741 -0.74 -0.644 -0.63 -0.727 -0.865 -1.006 -1.101 -1.075 -0.981 -0.873 -0.766 -0.69 -0.618 -0.547 -0.547 -0.62 -0.56 -0.473 -0.425 -0.476 -0.482 -0.503 -0.556 -0.593 -0.675 -0.703 -0.715 -0.676 -0.613 -0.634 -0.571 -0.391 -0.253
-1.165 -1.171 -1.18 -1.191 -1.2 -1.202 -1.179 -1.133 -1.104 -1.019 -0.918 -0.795 -0.716 -0.704 -0.742 -0.747 -0.784 -0.846 -0.939 -1.009 -1.044 -1.071 -1.107 -1.058 -1.006 -0.952 -0.937 -0.845 -0.737 -0.753 -0.766 -0.807 -0.89 -1.013 -1.091 -1.047 -1.105 -1.116 -0.98 -0.908 -0.774 -0.78 -0.689 -0.676 -0.746 -0.817 -0.939 -1.077 -1.08 -0.992 -0.886 -0.781 -0.692 -0.614 -0.474 -0.48 -0.528 -0.495 -0.425 -0.414 -0.47 -0.462 -0.531 -0.52 -0.467 -0.515 -0.543 -0.583 -0.702 -0.684 -0.653 -0.502 -0.363 -0.291
-1.16 -1.168 -1.179 -1.193 -1.209 -1.221 -1.219 -1.182 -1.121 -1.046 -0.93 -0.805 -0.719 -0.686 -0.696 -0.742 -0.752 -0.821 -0.896 -0.914 -0.941 -0.983 -1.043 -1.044 -0.988 -0.919 -0.868 -0.791 -0.728 -0.721 -0.746 -0.776 -0.841 -0.98 -1.063 -1.031 -1.086 -1.144 -1.067 -0.979 -0.881 -0.82 -0.746 -0.732 -0.734 -0.786 -0.919 -1.024 -1.055 -1.027 -0.934 -0.828 -0.721 -0.585 -0.505 -0.506 -0.498 -0.455 -0.389 -0.373 -0.407 -0.47 -0.489 -0.5 -0.417 -0.382 -0.382 -0.444 -0.537 -0.506 -0.452 -0.431 -0.418 -0.413
-1.147 -1.157 -1.17 -1.187 -1.206 -1.225 -1.237 -1.214 -1.148 -1.067 -0.967 -0.864 -0.754 -0.679 -0.645 -0.694 -0.737 -0.796 -0.845 -0.852 -0.876 -0.909 -0.951 -0.986 -0.977 -0.923 -0.876 -0.82 -0.745 -0.699 -0.714 -0.724 -0.799 -0.966 -1.064 -1.037 -1.071 -1.162 -1.144 -1.072 -0.986 -0.888 -0.807 -0.782 -0.752 -0.8 -0.925 -0.959 -0.973 -1.011 -0.972 -0.865 -0.742 -0.604 -0.514 -0.469 -0.445 -0.394 -0.335 -0.338 -0.395 -0.46 -0.43 -0.48 -0.409 -0.33 -0.282 -0.374 -0.41 -0.362 -0.345 -0.444 -0.522 -0.551
-1.126 -1.138 -1.154 -1.173 -1.196 -1.219 -1.238 -1.237 -1.169 -1.09 -1.036 -0.941 -0.782 -0.658 -0.629 -0.649 -0.693 -0.724 -0.767 -0.786 -0.827 -0.854 -0.851 -0.874 -0.918 -0.895 -0.858 -0.853 -0.763 -0.686 -0.721 -0.77 -0.847 -0.989 -1.063 -1.042 -1.069 -1.146 -1.178 -1.123 -1.042 -0.961 -0.865 -0.817 -0.806 -0.829 -0.908 -0.911 -0.861 -0.902 -0.917 -0.82 -0.673 -0.574 -0.457 -0.381 -0.349 -0.328 -0.308 -0.332 -0.409 -0.45 -0.41 -0.41 -0.45 -0.423 -0.38 -0.357 -0.362 -0.366 -0.414 -0.53 -0.632 -0.707
-1.095 -1.11 -1.129 -1.153 -1.18 -1.208 -1.233 -1.242 -1.2 -1.132 -1.053 -0.935 -0.787 -0.686 -0.639 -0.606 -0.626 -0.654 -0.685 -0.714 -0.78 -0.814 -0.805 -0.811 -0.85 -0.838 -0.799 -0.842 -0.773 -0.715 -0.766 -0.798 -0.861 -0.993 -1.058 -1.037 -1.057 -1.111 -1.167 -1.129 -1.048 -0.981 -0.893 -0.852 -0.833 -0.819 -0.857 -0.869 -0.789 -0.779 -0.802 -0.727 -0.612 -0.514 -0.409 -0.378 -0.353 -0.348 -0.344 -0.35 -0.422 -0.462 -0.465 -0.487 -0.554 -0.559 -0.484 -0.379 -0.388 -0.426 -0.512 -0.654 -0.773 -0.849
-1.049 -1.068 -1.094 -1.125 -1.159 -1.193 -1.222 -1.239 -1.216 -1.12 -0.999 -0.892 -0.797 -0.701 -0.615 -0.551 -0.574 -0.602 -0.622 -0.685 -0.761 -0.784 -0.787 -0.782 -0.79 -0.794 -0.774 -0.808 -0.761 -0.749 -0.773 -0.762 -0.829 -0.976 -1.045 -1.029 -1.025 -1.058 -1.116 -1.096 -1.016 -0.95 -0.888 -0.851 -0.807 -0.789 -0.802 -0.8 -0.724 -0.671 -0.677 -0.647 -0.581 -0.494 -0.429 -0.427 -0.43 -0.425 -0.407 -0.388 -0.464 -0.537 -0.609 -0.672 -0.691 -0.637 -0.521 -0.432 -0.421 -0.464 -0.609 -0.788 -0.891 -0.904
-0.981 -1.007 -1.046 -1.089 -1.133 -1.175 -1.21 -1.232 -1.214 -1.078 -0.974 -0.903 -0.806 -0.676 -0.555 -0.516 -0.563 -0.564 -0.615 -0.701 -0.77 -0.749 -0.745 -0.739 -0.721 -0.743 -0.76 -0.773 -0.743 -0.775 -0.763 -0.743 -0.823 -0.974 -1.033 -0.998 -0.976 -1.002 -1.024 -1.035 -0.985 -0.915 -0.831 -0.801 -0.777 -0.77 -0.726 -0.707 -0.659 -0.611 -0.594 -0.585 -0.561 -0.519 -0.483 -0.443 -0.44 -0.419 -0.394 -0.368 -0.573 -0.705 -0.776 -0.798 -0.739 -0.623 -0.536 -0.478 -0.464 -0.498 -0.685 -0.884 -0.9 -0.863
-0.839 -0.898 -0.975 -1.044 -1.104 -1.155 -1.197 -1.216 -1.171 -1.058 -0.973 -0.889 -0.77 -0.635 -0.538 -0.54 -0.604 -0.639 -0.688 -0.754 -0.772 -0.73 -0.721 -0.725 -0.721 -0.731 -0.75 -0.751 -0.745 -0.771 -0.754 -0.778 -0.87 -0.958 -0.998 -0.961 -0.91 -0.903 -0.933 -0.947 -0.907 -0.849 -0.778 -0.74 -0.702 -0.69 -0.668 -0.659 -0.629 -0.599 -0.582 -0.574 -0.565 -0.548 -0.537 -0.515 -0.481 -0.449 -0.434 -0.46 -0.663 -0.814 -0.824 -0.784 -0.718 -0.648 -0.605 -0.544 -0.518 -0.564 -0.754 -0.915 -0.877 -0.829
