data/climatemaps/RS_maps/climate_postbreed_tmp_2008.asc
NCOLS 369 
NROWS 228 
XLLCORNER 479000 
YLLCORNER 73000 
CELLSIZE 1000 
NODATA_value -9 
[rows 68 to 101 of 228, columns 77 to 153 of 369]
0.294 0.258 0.182 0.128 0.134 0.217 0.394 0.393 0.105 0.088 0.084 0.084 0.062 0.042 0.046 0.049 0.048 0.033 0.028 0.001 -0.042 -0.053 -0.048 0.019 0.192 0.237 0.296 0.31 0.264 0.276 0.277 0.302 0.338 0.339 0.332 0.3 0.309 0.3 0.242 0.209 0.193 0.134 -0.005 -0.15 -0.152 -0.114 -0.101 0.038 0.074 0.095 0.192 0.353 0.477 0.525 0.564 0.593 0.618 0.631 0.621 0.644 0.644 0.635 0.597 0.597 0.592 0.596 0.631 0.641 0.662 0.642 0.606 0.624 0.636 0.619 0.551 0.548 0.548
0.264 0.187 0.127 0.147 0.26 0.34 0.414 0.194 0.025 0.079 0.066 0.054 0.033 0.033 0.058 0.053 0.055 0.04 0.021 -0.006 -0.01 0.012 0.081 0.193 0.279 0.288 0.306 0.33 0.338 0.334 0.343 0.363 0.36 0.354 0.348 0.346 0.326 0.228 0.163 0.073 -0.049 -0.158 -0.115 -0.141 -0.015 0.103 0.246 0.34 0.398 0.432 0.491 0.523 0.523 0.542 0.58 0.627 0.654 0.642 0.644 0.664 0.659 0.644 0.644 0.626 0.607 0.627 0.66 0.643 0.635 0.625 0.628 0.618 0.611 0.617 0.608 0.578 0.562
0.234 0.14 0.127 0.246 0.358 0.382 0.239 0.101 0.073 0.091 0.061 0.038 0.04 0.053 0.058 0.067 0.054 0.063 0.086 0.121 0.158 0.128 0.125 0.188 0.255 0.303 0.324 0.293 0.246 0.207 0.19 0.181 0.166 0.132 0.099 0.091 0.018 -0.074 -0.138 -0.21 -0.209 -0.085 0.05 0.181 0.339 0.42 0.484 0.518 0.541 0.562 0.574 0.557 0.598 0.622 0.637 0.661 0.666 0.671 0.666 0.663 0.632 0.608 0.622 0.628 0.652 0.658 0.633 0.612 0.611 0.623 0.626 0.598 0.583 0.581 0.619 0.586 0.532
0.204 0.17 0.257 0.381 0.319 0.175 0.093 0.09 0.063 0.015 0.01 0.039 0.069 0.06 0.031 0.041 0.062 0.115 0.115 0.1 0.066 0.034 0.06 0.114 0.21 0.291 0.227 0.144 0.048 -0.016 -0.05 -0.089 -0.079 -0.098 -0.102 -0.045 -0.059 -0.087 -0.123 -0.12 -0.005 0.212 0.322 0.439 0.5 0.54 0.566 0.595 0.611 0.624 0.621 0.616 0.652 0.657 0.671 0.665 0.666 0.67 0.65 0.638 0.62 0.602 0.611 0.634 0.64 0.633 0.608 0.612 0.622 0.62 0.622 0.601 0.574 0.568 0.608 0.575 0.524
0.169 0.304 0.374 0.287 0.12 0.077 0.069 0.03 -0.038 -0.026 0.022 0.052 0.058 0.025 -0.021 -0.036 -0.017 -0.005 -0.002 0.018 0.071 0.106 0.131 0.151 0.199 0.2 0.021 -0.026 -0.069 -0.062 -0.015 0.038 0.067 0.035 0.004 0.017 0.015 0.039 0.081 0.187 0.335 0.459 0.528 0.583 0.602 0.62 0.647 0.666 0.668 0.668 0.664 0.659 0.666 0.673 0.673 0.661 0.666 0.663 0.629 0.614 0.616 0.618 0.628 0.645 0.63 0.62 0.613 0.613 0.606 0.605 0.612 0.586 0.572 0.559 0.585 0.583 0.516
0.198 0.429 0.28 0.142 0.064 0.044 0.013 -0.036 -0.047 0.012 0.038 0.023 -0.017 -0.066 -0.113 -0.122 -0.058 0.012 0.121 0.212 0.29 0.345 0.354 0.344 0.309 0.156 0.076 0.141 0.158 0.262 0.283 0.267 0.18 0.128 0.097 0.112 0.142 0.236 0.376 0.511 0.582 0.604 0.63 0.658 0.66 0.67 0.679 0.679 0.679 0.673 0.667 0.659 0.654 0.65 0.661 0.663 0.666 0.658 0.639 0.624 0.627 0.632 0.633 0.644 0.628 0.613 0.592 0.587 0.596 0.593 0.604 0.572 0.554 0.527 0.54 0.584 0.514
0.31 0.36 0.164 0.091 0.045 -0.001 -0.006 0.002 0.019 0.021 -0.011 -0.085 -0.129 -0.13 -0.094 0.045 0.191 0.277 0.351 0.382 0.405 0.41 0.382 0.374 0.361 0.326 0.35 0.381 0.368 0.425 0.3 0.223 0.207 0.251 0.243 0.262 0.345 0.444 0.545 0.633 0.658 0.672 0.677 0.682 0.687 0.681 0.677 0.664 0.66 0.635 0.615 0.611 0.637 0.643 0.659 0.662 0.662 0.656 0.649 0.63 0.62 0.616 0.631 0.643 0.622 0.599 0.587 0.605 0.605 0.588 0.597 0.538 0.499 0.501 0.527 0.551 0.537
0.368 0.227 0.108 0.056 0.036 0.04 0.054 0.053 0.026 -0.013 -0.093 -0.155 -0.139 -0.028 0.138 0.315 0.381 0.379 0.337 0.238 0.265 0.251 0.118 0.089 0.105 0.267 0.284 0.17 0.297 0.438 0.201 0.241 0.292 0.258 0.308 0.393 0.498 0.594 0.652 0.677 0.684 0.69 0.69 0.69 0.692 0.671 0.653 0.629 0.613 0.573 0.57 0.595 0.646 0.662 0.665 0.652 0.655 0.647 0.631 0.61 0.611 0.624 0.638 0.642 0.618 0.61 0.615 0.608 0.572 0.566 0.587 0.525 0.458 0.477 0.518 0.542 0.52
0.324 0.194 0.087 0.067 0.05 0.051 0.053 0.038 -0.02 -0.106 -0.159 -0.104 0.05 0.22 0.333 0.367 0.304 0.16 0.041 -0.002 0.017 -0.036 -0.108 -0.115 -0.106 0.036 0.042 0.026 0.233 0.477 0.383 0.289 0.307 0.469 0.586 0.627 0.655 0.677 0.701 0.701 0.702 0.698 0.698 0.681 0.648 0.635 0.597 0.566 0.564 0.577 0.599 0.635 0.649 0.666 0.661 0.657 0.652 0.636 0.622 0.605 0.623 0.638 0.618 0.626 0.631 0.622 0.592 0.552 0.532 0.53 0.57 0.524 0.472 0.434 0.476 0.512 0.459
0.3 0.204 0.093 0.049 0.047 0.036 -0.009 -0.052 -0.131 -0.163 -0.08 0.162 0.283 0.331 0.282 0.146 -0.004 -0.09 -0.118 -0.117 -0.13 -0.156 -0.193 -0.174 -0.088 0.08 0.277 0.386 0.455 0.474 0.503 0.501 0.615 0.661 0.639 0.61 0.637 0.674 0.706 0.706 0.706 0.703 0.685 0.622 0.583 0.578 0.553 0.556 0.592 0.624 0.638 0.645 0.645 0.653 0.659 0.659 0.658 0.639 0.625 0.618 0.637 0.606 0.58 0.604 0.588 0.559 0.552 0.508 0.455 0.488 0.578 0.554 0.495 0.398 0.438 0.45 0.437
0.107 0.214 0.114 0.061 0.033 -0.028 -0.088 -0.115 -0.106 -0.014 0.227 0.325 0.295 0.12 -0.038 -0.161 -0.232 -0.233 -0.24 -0.172 -0.187 -0.166 -0.131 -0.015 0.109 0.309 0.397 0.414 0.409 0.485 0.611 0.686 0.687 0.627 0.631 0.666 0.699 0.703 0.706 0.706 0.706 0.692 0.63 0.573 0.56 0.566 0.574 0.589 0.584 0.595 0.64 0.647 0.658 0.644 0.652 0.647 0.647 0.652 0.644 0.644 0.642 0.612 0.573 0.62 0.539 0.537 0.546 0.476 0.435 0.514 0.553 0.49 0.49 0.382 0.397 0.437 0.425
0.117 0.168 0.107 0.05 -0.014 -0.073 -0.075 -0.007 0.103 0.261 0.256 0.181 0.07 -0.081 -0.282 -0.367 -0.392 -0.317 -0.239 -0.134 -0.089 -0.081 -0.079 -0.026 0.169 0.308 0.233 0.308 0.475 0.648 0.711 0.703 0.67 0.637 0.671 0.712 0.715 0.719 0.716 0.706 0.696 0.66 0.598 0.572 0.574 0.59 0.566 0.582 0.591 0.631 0.66 0.652 0.657 0.655 0.64 0.646 0.646 0.636 0.652 0.636 0.585 0.592 0.519 0.595 0.506 0.501 0.5 0.421 0.479 0.519 0.543 0.449 0.433 0.43 0.416 0.426 0.444
0.111 0.139 0.061 0.009 -0.01 0.027 0.165 0.233 0.214 0.102 0.014 -0.054 -0.109 -0.23 -0.389 -0.443 -0.349 -0.189 -0.002 0.011 -0.092 -0.196 -0.152 0.033 0.156 0.105 0.253 0.477 0.657 0.714 0.702 0.674 0.699 0.713 0.721 0.726 0.719 0.714 0.682 0.675 0.645 0.639 0.596 0.586 0.55 0.522 0.535 0.519 0.546 0.651 0.669 0.663 0.657 0.657 0.647 0.646 0.658 0.623 0.615 0.563 0.551 0.583 0.566 0.54 0.5 0.449 0.468 0.43 0.466 0.486 0.496 0.53 0.503 0.471 0.423 0.405 0.425
0.078 0.084 0.033 0.03 0.091 0.176 0.168 0.063 -0.014 -0.029 -0.031 -0.08 -0.253 -0.347 -0.384 -0.267 -0.109 0.034 0.115 -0.054 -0.083 0.016 0.135 0.139 0.109 0.235 0.534 0.719 0.728 0.725 0.716 0.702 0.689 0.722 0.726 0.726 0.71 0.643 0.614 0.663 0.645 0.633 0.583 0.546 0.531 0.506 0.52 0.529 0.62 0.672 0.666 0.653 0.653 0.657 0.647 0.648 0.646 0.644 0.601 0.568 0.558 0.568 0.551 0.497 0.483 0.412 0.409 0.433 0.454 0.464 0.417 0.488 0.477 0.492 0.411 0.397 0.43
0.041 0.066 0.052 0.122 0.183 0.081 -0.032 -0.078 -0.085 -0.069 -0.038 -0.119 -0.297 -0.32 -0.146 0.012 0.118 0.169 0.13 0.111 0.206 0.284 0.249 0.211 0.314 0.554 0.71 0.732 0.721 0.715 0.718 0.715 0.704 0.724 0.727 0.726 0.714 0.673 0.687 0.681 0.643 0.608 0.566 0.552 0.536 0.551 0.596 0.637 0.67 0.664 0.649 0.653 0.653 0.652 0.646 0.646 0.646 0.629 0.617 0.603 0.561 0.579 0.502 0.482 0.455 0.396 0.351 0.423 0.402 0.435 0.407 0.448 0.411 0.49 0.436 0.418 0.441
0.005 0.064 0.11 0.129 0.065 -0.057 -0.091 -0.104 -0.071 -0.015 0.01 -0.142 -0.209 -0.065 0.092 0.198 0.253 0.263 0.261 0.298 0.327 0.325 0.329 0.414 0.595 0.722 0.739 0.732 0.701 0.667 0.657 0.663 0.657 0.722 0.732 0.726 0.72 0.707 0.686 0.662 0.632 0.565 0.525 0.552 0.593 0.658 0.673 0.668 0.652 0.637 0.65 0.653 0.653 0.651 0.646 0.646 0.645 0.597 0.593 0.598 0.58 0.565 0.495 0.478 0.406 0.372 0.359 0.417 0.387 0.406 0.372 0.408 0.395 0.477 0.448 0.443 0.422
0.019 0.087 0.021 -0.048 -0.074 -0.052 -0.009 0.04 0.089 0.132 0.027 -0.117 -0.016 0.132 0.219 0.295 0.319 0.322 0.319 0.307 0.321 0.397 0.515 0.621 0.729 0.742 0.735 0.721 0.681 0.655 0.66 0.701 0.722 0.733 0.731 0.711 0.689 0.667 0.642 0.626 0.622 0.59 0.597 0.654 0.672 0.677 0.664 0.64 0.617 0.64 0.646 0.653 0.653 0.652 0.646 0.646 0.631 0.562 0.563 0.586 0.56 0.526 0.513 0.498 0.434 0.37 0.353 0.379 0.372 0.373 0.347 0.403 0.43 0.455 0.403 0.418 0.395
0.003 -0.049 -0.167 -0.194 -0.146 -0.004 0.069 0.127 0.185 0.193 -0.043 -0.077 0.094 0.19 0.229 0.323 0.339 0.319 0.278 0.294 0.408 0.587 0.694 0.74 0.743 0.746 0.725 0.677 0.637 0.672 0.721 0.733 0.733 0.733 0.716 0.677 0.661 0.649 0.637 0.647 0.658 0.658 0.672 0.661 0.645 0.649 0.639 0.604 0.603 0.631 0.651 0.652 0.651 0.651 0.64 0.639 0.621 0.574 0.557 0.572 0.539 0.484 0.472 0.445 0.416 0.403 0.328 0.376 0.399 0.391 0.396 0.418 0.419 0.432 0.382 0.391 0.359
-0.087 -0.196 -0.236 -0.2 -0.086 0.044 0.122 0.158 0.231 0.182 -0.095 -0.049 0.135 0.145 0.251 0.34 0.346 0.306 0.308 0.471 0.642 0.725 0.75 0.75 0.748 0.741 0.69 0.64 0.654 0.706 0.736 0.733 0.733 0.733 0.703 0.658 0.647 0.627 0.631 0.669 0.671 0.668 0.646 0.62 0.612 0.615 0.615 0.58 0.599 0.628 0.646 0.652 0.643 0.642 0.637 0.628 0.603 0.594 0.575 0.558 0.502 0.47 0.439 0.377 0.35 0.375 0.331 0.404 0.408 0.389 0.383 0.387 0.378 0.403 0.355 0.361 0.303
-0.166 -0.144 -0.123 -0.055 0.082 0.222 0.318 0.331 0.325 0.093 -0.106 0.05 0.192 0.236 0.359 0.426 0.425 0.445 0.554 0.693 0.748 0.742 0.757 0.757 0.756 0.708 0.678 0.686 0.713 0.731 0.739 0.733 0.733 0.734 0.706 0.667 0.647 0.606 0.627 0.647 0.647 0.656 0.634 0.603 0.595 0.596 0.593 0.562 0.597 0.613 0.628 0.649 0.644 0.634 0.639 0.629 0.609 0.594 0.56 0.519 0.466 0.453 0.422 0.326 0.331 0.35 0.345 0.398 0.37 0.355 0.332 0.325 0.35 0.368 0.328 0.326 0.268
-0.167 -0.058 0.073 0.234 0.337 0.397 0.411 0.384 0.308 0.012 -0.004 0.204 0.293 0.42 0.524 0.608 0.64 0.682 0.728 0.751 0.752 0.753 0.76 0.76 0.743 0.712 0.723 0.732 0.732 0.738 0.739 0.74 0.733 0.724 0.695 0.69 0.678 0.648 0.652 0.653 0.653 0.648 0.634 0.605 0.592 0.568 0.579 0.59 0.61 0.606 0.632 0.65 0.64 0.623 0.634 0.62 0.621 0.608 0.575 0.488 0.502 0.456 0.39 0.352 0.355 0.341 0.346 0.392 0.349 0.321 0.269 0.256 0.309 0.31 0.288 0.255 0.222
-0.057 0.154 0.294 0.36 0.406 0.424 0.418 0.375 0.232 0.012 0.135 0.333 0.473 0.647 0.703 0.732 0.743 0.75 0.753 0.753 0.754 0.759 0.76 0.74 0.733 0.741 0.739 0.74 0.744 0.745 0.745 0.74 0.731 0.696 0.684 0.693 0.687 0.661 0.646 0.652 0.64 0.623 0.617 0.588 0.577 0.575 0.581 0.603 0.623 0.626 0.644 0.652 0.637 0.624 0.623 0.605 0.603 0.602 0.59 0.524 0.522 0.446 0.376 0.417 0.383 0.349 0.329 0.381 0.352 0.297 0.278 0.235 0.208 0.214 0.193 0.145 0.154
0.089 0.264 0.354 0.398 0.412 0.415 0.384 0.297 0.059 0.097 0.409 0.515 0.672 0.749 0.751 0.752 0.742 0.736 0.753 0.756 0.759 0.746 0.726 0.707 0.745 0.74 0.749 0.751 0.747 0.746 0.746 0.742 0.727 0.667 0.671 0.654 0.651 0.653 0.657 0.657 0.637 0.625 0.581 0.571 0.574 0.602 0.607 0.61 0.624 0.643 0.649 0.645 0.629 0.618 0.579 0.554 0.552 0.575 0.606 0.544 0.472 0.367 0.365 0.448 0.427 0.387 0.371 0.393 0.311 0.354 0.352 0.334 0.306 0.244 0.205 0.174 0.063
0.194 0.346 0.387 0.426 0.438 0.393 0.248 0.079 0.015 0.364 0.549 0.642 0.743 0.753 0.752 0.719 0.624 0.685 0.753 0.741 0.684 0.677 0.66 0.738 0.747 0.727 0.752 0.753 0.753 0.75 0.734 0.729 0.667 0.66 0.637 0.627 0.593 0.583 0.607 0.64 0.639 0.638 0.635 0.626 0.611 0.613 0.603 0.603 0.633 0.652 0.639 0.633 0.615 0.55 0.566 0.537 0.558 0.554 0.602 0.53 0.436 0.355 0.432 0.475 0.407 0.363 0.42 0.404 0.41 0.387 0.316 0.304 0.201 0.192 0.126 0.142 0.134
0.325 0.384 0.412 0.443 0.419 0.236 0.021 0.057 0.305 0.566 0.618 0.726 0.743 0.751 0.714 0.618 0.679 0.733 0.736 0.687 0.625 0.639 0.723 0.751 0.753 0.76 0.76 0.759 0.753 0.725 0.707 0.71 0.671 0.642 0.597 0.532 0.489 0.511 0.527 0.571 0.542 0.523 0.56 0.618 0.645 0.645 0.622 0.606 0.638 0.646 0.635 0.585 0.598 0.574 0.539 0.455 0.538 0.479 0.58 0.572 0.452 0.471 0.494 0.429 0.398 0.384 0.456 0.445 0.408 0.319 0.24 0.243 0.227 0.09 0.068 0.043 0.067
0.357 0.397 0.423 0.453 0.325 0.119 0.166 0.367 0.564 0.669 0.719 0.717 0.74 0.751 0.687 0.677 0.723 0.733 0.696 0.636 0.643 0.712 0.753 0.731 0.751 0.76 0.76 0.754 0.726 0.716 0.731 0.67 0.621 0.593 0.543 0.442 0.416 0.447 0.5 0.524 0.508 0.51 0.544 0.582 0.611 0.622 0.629 0.644 0.645 0.629 0.61 0.56 0.546 0.54 0.501 0.455 0.509 0.438 0.498 0.591 0.562 0.53 0.471 0.406 0.403 0.454 0.478 0.389 0.347 0.354 0.306 0.227 0.189 0.178 0.081 0.005 -0.041
0.372 0.392 0.401 0.449 0.353 0.344 0.477 0.615 0.719 0.756 0.748 0.738 0.756 0.753 0.757 0.757 0.756 0.741 0.69 0.682 0.697 0.745 0.755 0.751 0.762 0.761 0.758 0.725 0.695 0.731 0.657 0.595 0.52 0.486 0.441 0.373 0.42 0.424 0.513 0.522 0.503 0.497 0.554 0.582 0.593 0.608 0.615 0.619 0.619 0.577 0.543 0.526 0.498 0.55 0.474 0.44 0.472 0.367 0.444 0.55 0.577 0.576 0.521 0.492 0.501 0.503 0.457 0.398 0.409 0.344 0.297 0.177 0.115 0.128 0.12 0.094 -0.03
0.381 0.4 0.424 0.506 0.539 0.594 0.666 0.742 0.773 0.773 0.763 0.76 0.769 0.759 0.761 0.77 0.769 0.764 0.741 0.736 0.746 0.757 0.765 0.773 0.771 0.768 0.746 0.69 0.702 0.718 0.618 0.558 0.463 0.414 0.394 0.41 0.473 0.518 0.549 0.551 0.533 0.539 0.588 0.589 0.601 0.607 0.588 0.575 0.512 0.473 0.458 0.503 0.517 0.529 0.457 0.414 0.395 0.389 0.459 0.454 0.548 0.543 0.557 0.552 0.544 0.502 0.477 0.426 0.337 0.29 0.264 0.166 0.075 0.046 0.029 0.062 -0.044
0.477 0.517 0.571 0.633 0.694 0.742 0.766 0.775 0.776 0.776 0.773 0.773 0.773 0.771 0.764 0.773 0.773 0.769 0.773 0.766 0.761 0.765 0.773 0.773 0.773 0.771 0.73 0.695 0.688 0.705 0.653 0.579 0.528 0.513 0.487 0.5 0.555 0.548 0.546 0.556 0.581 0.594 0.6 0.606 0.641 0.629 0.593 0.534 0.432 0.403 0.443 0.471 0.477 0.423 0.36 0.353 0.343 0.38 0.394 0.416 0.511 0.471 0.494 0.512 0.536 0.536 0.507 0.414 0.309 0.268 0.264 0.169 0.056 0.104 0.071 0.017 -0.112
0.639 0.679 0.721 0.749 0.783 0.78 0.78 0.78 0.78 0.78 0.776 0.776 0.776 0.773 0.773 0.773 0.773 0.768 0.773 0.773 0.767 0.773 0.773 0.773 0.773 0.765 0.726 0.7 0.672 0.701 0.68 0.617 0.606 0.579 0.553 0.56 0.582 0.556 0.555 0.571 0.592 0.595 0.6 0.612 0.675 0.648 0.627 0.546 0.508 0.403 0.368 0.343 0.451 0.368 0.316 0.28 0.321 0.318 0.386 0.448 0.458 0.391 0.442 0.465 0.461 0.49 0.545 0.49 0.379 0.338 0.285 0.212 0.1 0.168 0.093 -0.03 -0.084
0.741 0.774 0.785 0.79 0.793 0.789 0.788 0.788 0.78 0.78 0.78 0.78 0.78 0.773 0.773 0.773 0.773 0.768 0.773 0.773 0.773 0.773 0.773 0.773 0.773 0.755 0.722 0.706 0.68 0.715 0.69 0.678 0.675 0.639 0.609 0.607 0.622 0.619 0.61 0.619 0.621 0.624 0.634 0.647 0.665 0.656 0.636 0.609 0.58 0.464 0.375 0.339 0.481 0.38 0.334 0.282 0.254 0.327 0.441 0.394 0.383 0.334 0.411 0.397 0.401 0.385 0.506 0.525 0.413 0.344 0.249 0.223 0.171 0.201 0.083 -0.033 -0.017
0.781 0.798 0.794 0.793 0.793 0.793 0.793 0.793 0.789 0.789 0.787 0.788 0.777 0.773 0.773 0.75 0.695 0.66 0.709 0.773 0.773 0.773 0.776 0.773 0.758 0.747 0.726 0.715 0.706 0.72 0.677 0.68 0.68 0.677 0.659 0.665 0.682 0.682 0.668 0.674 0.647 0.639 0.636 0.633 0.648 0.637 0.628 0.628 0.615 0.579 0.486 0.443 0.511 0.413 0.373 0.297 0.249 0.364 0.378 0.3 0.308 0.341 0.401 0.344 0.342 0.29 0.459 0.533 0.428 0.308 0.315 0.238 0.254 0.165 0.138 0.085 0.084
0.792 0.805 0.804 0.804 0.793 0.793 0.793 0.793 0.793 0.793 0.792 0.778 0.771 0.755 0.736 0.705 0.636 0.686 0.745 0.787 0.773 0.777 0.772 0.751 0.715 0.724 0.726 0.706 0.717 0.698 0.639 0.595 0.576 0.603 0.594 0.617 0.637 0.633 0.632 0.659 0.636 0.627 0.624 0.621 0.649 0.625 0.613 0.623 0.584 0.574 0.568 0.566 0.558 0.484 0.386 0.308 0.247 0.391 0.333 0.238 0.274 0.325 0.339 0.284 0.277 0.285 0.442 0.532 0.411 0.335 0.332 0.291 0.28 0.221 0.211 0.185 0.152
0.807 0.812 0.812 0.806 0.805 0.805 0.793 0.793 0.793 0.793 0.769 0.756 0.727 0.706 0.709 0.725 0.743 0.778 0.789 0.793 0.785 0.778 0.752 0.715 0.691 0.699 0.711 0.693 0.724 0.672 0.596 0.543 0.513 0.574 0.584 0.621 0.629 0.629 0.633 0.639 0.636 0.636 0.636 0.645 0.657 0.637 0.614 0.622 0.536 0.499 0.485 0.565 0.599 0.512 0.391 0.328 0.329 0.423 0.288 0.217 0.227 0.196 0.218 0.203 0.243 0.324 0.421 0.521 0.49 0.444 0.387 0.337 0.349 0.318 0.199 0.226 0.166
