data/climatemaps/RS_maps/climate_postbreed_tmp_2016.asc
NCOLS 369 
NROWS 228 
XLLCORNER 479000 
YLLCORNER 73000 
CELLSIZE 1000 
NODATA_value -9 
[rows 68 to 101 of 228, columns 231 to 307 of 369]
1.499 1.518 1.525 1.514 1.519 1.536 1.456 1.42 1.374 1.282 1.087 0.689 0.379 0.129 -0.014 -0.278 -0.248 0.032 0.478 0.067 0.408 0.755 0.908 0.748 0.438 -0.171 -0.912 -0.711 -0.378 -0.952 -1.405 -1.521 -0.914 -0.658 -2.151 -2.498 -1.901 -1.875 -1.62 -0.481 0.373 1.045 1.636 1.771 1.797 1.809 1.789 1.626 1.538 1.535 1.786 1.82 1.554 1.493 1.747 1.815 1.825 1.859 1.913 1.797 -9 -9 -9 -9 -9 -9 -9 -9 -9 -9 -9 -9 -9 -9 -9 -9 -9
1.589 1.623 1.628 1.63 1.653 1.716 1.722 1.676 1.594 1.507 1.367 1.095 0.724 0.513 0.189 -0.34 -0.563 -0.227 0.481 0 0.064 0.501 0.833 0.864 0.584 -0.125 -0.822 -0.906 -1.053 -1.529 -1.341 -0.733 -0.006 -0.566 -1.349 -1.12 -1.249 -1.315 -0.602 0.118 0.733 1.343 1.718 1.797 1.82 1.828 1.786 1.65 1.684 1.817 1.847 1.562 0.809 0.729 1.277 1.6 1.82 1.917 1.954 1.961 -9 -9 -9 -9 -9 -9 -9 -9 -9 -9 -9 -9 -9 -9 -9 -9 -9
1.699 1.747 1.734 1.689 1.699 1.746 1.794 1.796 1.773 1.727 1.621 1.392 0.968 0.492 0.288 -0.316 -0.565 -0.186 0.187 -0.463 -0.245 0.068 0.249 0.498 0.618 0.146 -0.503 -1.363 -0.886 -0.594 -0.497 -0.079 -0.03 -0.427 -0.41 -0.429 -0.499 -0.267 -0.205 0.274 0.912 1.555 1.763 1.821 1.845 1.846 1.842 1.84 1.867 1.858 1.59 0.737 -0.094 0.351 1.08 1.075 1.39 1.686 1.887 1.967 -9 -9 -9 -9 -9 -9 -9 -9 -9 -9 -9 -9 -9 -9 -9 -9 -9
1.724 1.576 1.549 1.623 1.727 1.786 1.82 1.831 1.822 1.796 1.776 1.649 1.08 0.385 0.168 -0.09 -0.623 -0.388 -0.546 -0.68 -0.172 -0.457 -0.266 0.249 0.604 0.592 -0.408 -0.876 -0.66 -0.247 0.009 0.297 0.228 0.104 0.069 0.166 0.182 0.213 0.3 0.606 1.148 1.68 1.812 1.85 1.863 1.87 1.888 1.902 1.906 1.754 0.997 -0.169 -0.523 0.6 0.84 0.356 0.642 1.141 1.558 -9 -9 -9 -9 -9 -9 -9 -9 -9 -9 -9 -9 -9 -9 -9 -9 -9 -9
1.68 1.51 1.539 1.702 1.837 1.844 1.852 1.861 1.836 1.698 1.836 1.721 1.37 0.581 -0.055 0.017 -0.593 -0.894 -1.12 -0.757 -0.358 0.073 0.377 0.295 0.41 0.666 0.055 -0.129 -0.037 0.407 0.426 0.375 0.179 0.061 -0.101 -0.123 -0.055 0.116 0.387 0.785 1.258 1.724 1.839 1.88 1.886 1.893 1.911 1.924 1.867 1.273 0.313 -0.956 -0.44 0.634 0.543 -0.356 -0.074 0.772 1.24 -9 -9 -9 -9 -9 -9 -9 -9 -9 -9 -9 -9 -9 -9 -9 -9 -9 -9
1.75 1.736 1.765 1.76 1.863 1.875 1.883 1.89 1.762 1.629 1.887 1.846 1.656 0.864 0.06 -0.639 -0.714 -1.443 -1.059 -0.451 -0.147 -0.032 -0.054 -0.571 -0.219 -0.117 0.469 0.503 0.408 0.049 -0.283 -0.34 -0.421 -0.44 -0.696 -0.697 -0.608 -0.405 0.017 0.575 1.154 1.679 1.856 1.907 1.919 1.914 1.932 1.916 1.671 0.715 -0.445 -1.448 -0.59 0.625 -0.152 -1.101 -0.673 0.152 0.416 -9 -9 -9 -9 -9 -9 -9 -9 -9 -9 -9 -9 -9 -9 -9 -9 -9 -9
1.783 1.806 1.835 1.846 1.88 1.9 1.901 1.919 1.816 1.811 1.939 1.926 1.795 1.113 0.155 -1.041 -1.143 -1.259 -1.174 -0.812 -0.432 -0.629 -0.602 -0.713 -0.778 -0.44 -0.067 -0.228 -0.428 -0.853 -0.868 -0.961 -1.213 -1.19 -1.34 -1.089 -0.668 -0.378 0.08 0.501 0.872 1.439 1.801 1.911 1.944 1.935 1.953 1.872 1.497 0.341 -1.351 -1.894 -0.735 0.503 -0.854 -1.578 -0.579 -0.441 -0.677 0.224 1.016 0.497 0.438 -9 -9 -9 -9 -9 -9 -9 -9 -9 -9 -9 -9 -9 -9
1.697 1.713 1.731 1.703 1.728 1.777 1.869 1.914 1.947 1.961 1.97 1.977 1.865 0.966 -0.416 -1.15 -0.716 -0.739 -1.276 -0.99 -0.599 -0.765 -0.989 -0.918 -0.68 -0.341 -0.732 -1.295 -1.256 -1.25 -1.307 -1.637 -2.028 -1.852 -1.737 -1.196 -0.445 -0.177 -0.249 -0.234 0.339 0.993 1.246 1.741 1.954 1.966 1.975 1.765 1.231 -0.125 -1.665 -1.077 0.076 -0.098 -0.899 -1.703 -0.875 -0.845 -0.815 -0.367 0.687 0.131 -0.614 -1.036 -0.35 0.547 1.069 -9 -9 -9 -9 -9 -9 -9 -9 -9 -9
1.362 1.049 0.901 0.814 0.792 1.121 1.55 1.735 1.905 1.974 1.991 2.004 1.837 0.587 -0.893 -0.74 0.012 -0.622 -0.412 -0.085 -0.1 -0.498 -0.586 -0.929 -0.829 -1.046 -1.532 -1.805 -1.755 -1.759 -1.823 -2.293 -2.348 -1.993 -1.538 -0.911 -0.262 -0.719 -1.438 -0.705 -0.252 0.123 0.738 1.529 1.956 1.995 2.003 1.801 1.202 -0.151 -1.463 -0.749 0.111 -0.977 -1.505 -1.928 -1.284 -0.961 -1.09 -0.632 0.45 0.084 -0.798 -1.266 -0.571 0.106 0.635 1.381 1.798 2.175 -9 -9 -9 -9 -9 -9 -9
1.214 0.337 0.06 0.087 -0.01 0.013 0.586 0.817 1.169 1.771 1.989 2.024 1.792 0.464 -0.206 0.416 0.806 0.05 0.547 0.574 0.132 -0.2 -0.362 -1.004 -1.411 -1.685 -1.659 -1.46 -1.327 -1.107 -0.913 -1.445 -1.819 -1.727 -1.48 -1.279 -1.009 -1.712 -2.069 -1.55 -0.981 -0.298 0.643 1.319 1.802 2.018 2.018 1.951 1.108 -0.588 -1.541 -0.765 -0.075 -0.756 -1.379 -1.708 -1.259 -1.332 -1.119 -0.319 0.021 -0.518 -1.138 -1.142 -0.745 -0.156 0.551 1.322 1.248 1.7 1.885 2.068 2.208 1.8 -9 -9 -9
1.264 0.96 0.549 0.147 -0.375 -0.486 -0.213 -0.01 0.28 0.985 1.77 2.022 1.846 1.184 0.765 1.35 1.608 1.214 1.413 1.266 0.78 0.499 0.159 -0.301 -0.487 -0.462 -0.378 -0.072 0.024 0.336 0.731 0.552 -0.041 -0.505 -0.781 -1.738 -2.158 -2.473 -2.301 -1.898 -1.175 -0.083 0.408 0.948 1.733 2.045 2.044 2.048 1.317 -0.154 -0.95 -0.219 -0.706 -1.319 -0.978 -1.53 -1.683 -1.4 -0.281 -0.255 -0.841 -1.155 -1.603 -1.015 -0.826 -0.553 0.511 1.08 0.016 0.563 0.326 0.733 2.199 1.932 0.595 -0.434 -0.593
1.18 0.857 0.789 0.445 -0.038 -0.522 -0.479 -0.339 -0.484 -0.089 0.965 1.777 2.066 1.884 1.816 2.003 2.085 2.108 2.024 1.981 1.871 1.741 1.558 1.468 1.548 1.57 1.565 1.612 1.55 1.677 1.843 1.852 1.602 0.924 0.062 -1.511 -1.371 -1.816 -2.517 -1.626 -0.662 -0.779 -0.06 0.853 1.787 2.058 2.08 2.087 1.695 0.526 -0.301 -0.256 -1.257 -1.829 -1.264 -1.621 -1.857 -0.908 -0.091 -1.193 -1.43 -1.794 -1.511 -0.608 -0.072 0.267 0.814 0.183 -1.091 -0.758 -0.824 -0.448 1.269 2.181 1.705 0.528 -0.284
0.965 0.671 0.374 0.324 0.112 -0.573 -0.701 -0.537 -0.436 -0.122 0.426 1.366 2.061 2.129 2.154 2.104 1.882 1.617 1.629 1.871 2.046 2.17 2.201 2.193 2.19 2.189 2.191 2.194 2.168 2.179 2.19 2.173 2.155 1.968 1.06 -0.498 -0.57 -0.912 -1.725 -1.875 -1.393 -1.397 -0.197 0.886 1.544 2.003 2.1 2.106 1.951 1.038 0.193 -0.348 -0.97 -1.235 -1.38 -2.02 -1.751 -0.61 -0.353 -1.882 -1.886 -1.672 -1.07 -0.503 0.468 0.735 -0.388 0.074 -1.687 -1.785 -1.627 -0.658 1.287 2.243 2.073 0.873 0.159
0.897 0.9 0.38 -0.129 -0.028 -0.767 -0.812 -0.535 -0.52 -0.482 -0.072 0.923 1.937 2.158 2.005 1.514 0.999 0.744 0.841 1.044 1.422 1.729 1.903 1.961 2.037 2.08 2.097 2.088 1.947 2.052 2.029 1.812 2.144 2.192 2.078 0.688 -0.02 -0.709 -1.176 -2.112 -2.084 -1.263 -0.211 0.753 1.357 1.819 2.111 2.128 1.994 1.253 0.291 -0.672 -0.523 -1.042 -1.163 -1.969 -1.462 -0.358 -0.584 -1.79 -1.949 -1.438 -0.906 -0.246 0.73 -0.048 -1.162 -0.926 -1.515 -2.422 -1.427 0.217 1.276 2.19 2.111 1.214 0.562
0.359 0.772 0.563 -0.185 -0.225 -0.684 -0.959 -0.627 -0.407 -0.334 -0.127 0.354 1.663 2.168 1.676 0.74 -0.061 -0.117 0.135 0.335 0.829 0.789 1.074 1.033 1.518 1.194 1.368 1.555 1.384 0.996 0.825 1.013 1.442 2.031 2.189 1.738 0.344 -0.742 -1.112 -1.539 -2.101 -1.357 -0.373 0.761 1.453 1.745 2.113 2.144 2.061 1.291 0.083 -1.156 -0.618 -1.425 -1.303 -1.598 -1.259 -0.174 -0.7 -1.62 -2.143 -1.338 -0.458 0.121 0.608 -1.063 -2.06 -1.845 -2.101 -1.964 -0.747 0.13 1.13 2.013 2.304 2.043 1.623
0.131 0.738 0.782 0.192 -0.714 -1.008 -0.924 -0.625 -0.312 0.132 0.338 0.669 1.634 2.196 1.791 0.697 -0.461 -0.88 -0.262 -0.574 0.182 -0.388 -0.002 0.212 1.131 0.03 0.145 0.556 0.597 -0.237 -0.035 0.407 1.044 1.83 2.155 2.142 1.491 0.422 -0.811 -1.009 -1.411 -0.943 -0.077 0.864 1.603 1.934 2.151 2.164 1.992 0.978 -0.14 -1.374 -0.93 -1.361 -1.935 -1.906 -1.368 -0.217 -0.834 -1.772 -1.895 -1.075 -1.14 -0.968 0.285 -1.369 -2.692 -2.102 -1.725 -0.975 -0.601 0.04 0.792 1.316 1.916 2.075 2.177
0.084 0.536 0.919 0.322 -1.098 -1.333 -0.956 -0.164 0.241 0.439 0.487 0.421 1.785 2.221 1.958 0.821 -0.043 -0.931 -0.181 -1.592 -0.675 -1.197 -0.969 0.325 0.273 -0.816 -0.936 -0.512 -0.584 -0.697 -0.485 -0.05 0.754 1.357 1.851 2.08 2.097 1.624 0.323 -0.432 -1.195 -0.663 0.185 1.134 1.848 2.122 2.194 2.169 1.622 0.428 -0.817 -1.782 -1.268 -1.087 -2.114 -2.2 -1.205 -0.61 -0.976 -1.503 -2.035 -1.562 -1.91 -0.715 -0.147 -1.119 -2.389 -1.494 -0.797 -0.439 -0.452 -0.159 -0.229 0.227 1.106 1.48 2.048
-0.16 0.501 0.943 0.225 -0.717 -1.501 -1 0.114 0.006 -0.311 -0.571 -0.304 1.943 2.117 1.29 0.392 -0.122 -0.858 -0.57 -2.146 -1.203 -1.446 -1.267 0.105 -0.924 -1.395 -1.553 -1.344 -1.3 -1.137 -0.711 0.109 0.593 0.719 1.166 1.526 1.947 2.15 1.769 0.474 -0.863 -0.779 0.257 1.424 2.043 2.198 2.216 2.054 0.606 -0.483 -0.616 -1.763 -2.02 -1.34 -1.956 -1.877 -1.109 -1.727 -1.711 -1.961 -2.954 -2.847 -2.358 -1.295 -1.498 -0.91 -1.976 -1.561 -0.947 -0.89 -1.439 -1.16 -1.037 -0.253 0.722 0.82 1.309
-0.243 0.601 0.695 -0.375 -1.114 -1.435 -0.333 -0.434 -1.084 -1.513 -1.907 -0.138 2.134 1.896 0.688 -0.257 -1.113 -1.206 -0.99 -2.205 -1.439 -0.937 -0.824 -0.057 -1.448 -2.094 -1.888 -1.688 -1.503 -1.079 -0.288 0.312 -0.231 -0.251 0.35 0.895 1.35 1.938 2.173 1.663 0.641 0.07 0.918 1.92 2.178 2.214 2.222 2.003 0.141 -1.121 -1.194 -1.376 -2.353 -2.186 -2.808 -2.357 -1.81 -2.504 -2.349 -2.994 -3.626 -3.544 -3.32 -2.612 -2.735 -1.574 -1.949 -1.913 -1.582 -0.979 -1.751 -1.54 -0.862 0.044 0.163 -0.107 0.631
-0.801 0.422 -0.023 -0.968 -1.615 -0.978 -0.557 -1.34 -1.711 -1.891 -1.721 0.802 2.227 1.721 0.82 -0.288 -1.283 -1.588 -1.613 -1.581 -1.226 -1.608 -1.537 -0.314 -1.564 -2.344 -1.912 -1.376 -0.888 -0.414 0.183 -0.382 -1.252 -0.97 -0.37 0.254 0.833 1.303 1.857 2.111 1.968 1.561 1.946 2.231 2.17 1.998 1.96 1.975 0.674 -0.625 -1.889 -2.399 -2.688 -2.741 -2.184 -2.468 -2.454 -2.368 -1.827 -1.972 -2.57 -3.177 -3.495 -3.011 -2.36 -1.722 -2.031 -2.337 -1.809 -1.377 -1.885 -1.639 -0.53 0.086 -0.792 -1.032 0.077
-0.637 0.114 -0.547 -1.421 -1.944 -1.101 -1.434 -1.73 -1.596 -1.092 0.157 1.505 2.164 2.005 0.949 -0.172 -1.411 -2.172 -2.087 -1.499 -1.764 -2.012 -1.378 -0.722 -1.794 -2.29 -1.703 -1.25 -0.475 0.042 -0.163 -1.429 -1.721 -1.222 -0.724 -0.248 0.37 0.75 1.231 1.793 2.204 2.205 2.268 2.273 2.236 1.78 1.245 1.83 1.516 -0.022 -1.878 -2.419 -2.087 -1.956 -1.651 -1.343 -1.435 -1.422 -0.902 -0.985 -1.358 -1.755 -2.361 -2.353 -2.014 -2.007 -2.259 -2.17 -1.985 -1.956 -1.674 -1.317 -0.573 -0.469 -1.516 -1.136 -0.187
-0.635 -0.95 -1.432 -1.828 -1.719 -1.222 -1.312 -0.947 -0.422 0.616 1.362 1.773 2.012 2.219 1.749 0.236 -1.485 -2.155 -2.411 -2.053 -1.799 -1.657 -1.405 -1.752 -2.207 -2.316 -1.936 -1.718 -0.958 -0.205 -0.714 -2.172 -1.751 -1.067 -0.877 -0.762 -0.149 0.531 1.088 1.386 2.016 2.255 2.291 2.29 2.291 2.266 1.803 1.265 1.639 1.167 0.117 -0.831 -2.091 -1.571 -1.154 -0.81 -0.481 -0.102 -0.327 -0.611 -0.768 -1.173 -1.454 -1.736 -1.891 -2.004 -1.74 -1.399 -1.84 -2.572 -2.048 -1.202 -0.985 -1.251 -1.981 -1.501 -0.888
-1.018 -1.289 -1.17 -0.627 -0.54 -0.692 -0.533 0.494 0.872 0.842 0.727 1.117 1.48 2.129 2.276 1.295 -0.546 -1.607 -2.54 -2.446 -1.74 -2.096 -2.234 -2.186 -2.228 -2.584 -2.43 -2.148 -1.342 -0.493 -1.27 -2.303 -1.504 -1.441 -1.389 -1.108 -0.381 0.804 0.472 0.527 1.618 2.077 2.261 2.293 2.311 2.327 2.343 2.135 1.716 1.58 0.721 -0.22 -1.501 -1.667 -1.6 -1.442 -0.908 0.082 0.222 -0.201 -0.569 -1.318 -1.744 -1.477 -1.51 -1.646 -0.885 -0.777 -1.548 -2.126 -2.483 -1.982 -2.178 -2.517 -2.038 -1.883 -1.524
-0.591 -0.421 0.397 0.767 0.819 0.733 0.734 0.863 0.516 -0.133 -0.292 -0.764 0.181 1.707 2.235 1.735 -0.071 -1.455 -2.253 -2.611 -1.974 -2.13 -2.27 -1.716 -1.943 -2.65 -2.655 -2.27 -1.354 -1.221 -1.851 -2.155 -1.795 -1.905 -1.657 -1.151 0.164 0.9 -0.281 -0.261 0.941 1.399 1.747 1.966 2.2 2.303 2.345 2.319 2.108 1.931 1.247 0.596 -0.741 -1.485 -2.101 -1.787 -1.048 0.136 0.66 -0.261 -0.946 -1.731 -1.531 -0.712 -0.839 -0.955 -0.275 -0.195 -0.94 -1.292 -1.766 -2.26 -2.8 -1.888 -1.751 -2.213 -2.03
0.046 0.142 0.877 0.694 0.233 0.291 0.135 -0.905 -1.706 -1.929 -1.906 -1.795 -0.081 1.562 2.16 1.805 0.07 -1.126 -1.666 -2.352 -1.666 -1.124 -1.477 -1.113 -1.937 -2.367 -2.241 -2.294 -1.996 -2.205 -2.302 -2.384 -2.17 -1.934 -1.237 -0.261 0.834 -0.069 -0.917 -0.813 0.187 0.667 0.649 0.95 1.304 1.968 2.289 2.364 2.326 2.228 1.803 1.172 0.08 -0.861 -1.818 -1.364 -0.507 0.476 0.944 0.114 -0.715 -1.461 -0.778 0.241 -0.306 -0.126 0.529 0.052 -0.493 -1.239 -2.159 -1.913 -1.693 -1.154 -1.528 -2.317 -2.261
-0.937 -1.221 0.203 -0.416 -1.548 -1.606 -1.996 -2.94 -3.635 -3.27 -2.657 -0.971 0.607 1.711 2.203 1.725 0.531 0.059 -0.609 -1.576 -0.955 -0.203 -0.819 -1.265 -2.192 -1.497 -1.634 -2.513 -2.49 -2.569 -2.335 -2.031 -1.83 -1.434 -0.825 0.621 0.474 -0.835 -1.761 -1.368 -0.39 0.038 -0.402 0.01 0.365 1.279 2.008 2.267 2.407 2.379 2.201 1.807 0.936 0.157 -0.602 -0.393 0.236 1.004 1.246 0.392 -0.207 -0.541 -0.095 0.894 0.097 0.727 0.527 -0.408 -0.957 -1.218 -1.922 -1.818 -1.141 -0.637 -1.087 -1.912 -1.91
-1.93 -2.079 -0.961 -0.359 -1.156 -1.729 -2.784 -3.35 -3.612 -2.821 -1.809 -0.594 0.899 2.014 2.225 1.861 1.297 1.235 0.867 -0.051 0.082 -0.103 -1.295 -2.073 -2.227 -0.802 -1.469 -2.611 -2.002 -2.081 -2.458 -1.294 -0.591 -0.283 0.332 0.646 -0.177 -1.08 -2.331 -2.046 -0.874 -1.004 -1.257 -0.74 -0.044 1.206 1.627 1.758 2.281 2.435 2.413 2.235 1.771 1.01 0.409 0.62 0.959 1.581 1.484 1.083 0.792 0.436 0.849 1.321 1.092 1.306 0.904 0.266 -0.021 -0.736 -1.817 -1.428 -0.603 -0.823 -1.379 -1.918 -1.836
-2.314 -2.361 -1.725 -0.889 -0.48 -1.367 -2.478 -3.102 -2.849 -1.301 -0.726 0.147 1.542 2.234 1.746 1.446 0.311 0.195 1.034 1.22 1.009 -0.022 -1.374 -2.131 -1.987 -0.51 -1.238 -2.319 -1.181 -1.621 -1.706 -0.719 0.23 0.427 0.478 0.003 -1.052 -1.42 -2.735 -2.579 -1.816 -1.861 -1.777 -1.153 -0.058 1.377 1.056 0.862 1.682 2.292 2.477 2.423 2.321 1.746 1.236 1.339 1.774 2.178 2.164 1.947 1.797 1.542 1.718 1.693 1.22 0.587 0.325 0.367 -0.112 -0.761 -0.705 -0.343 -0.17 -1.114 -2.031 -2.23 -1.483
-2.239 -2.111 -1.753 -1.371 -1.398 -1.832 -2.526 -2.474 -1.813 -0.583 -0.069 1.017 2.104 1.828 0.918 0.979 -0.287 -1.09 -0.148 0.627 1.384 0.377 -0.921 -1.346 -1.602 -0.42 -1.046 -2.018 -1.232 -0.654 -0.544 0.022 -0.308 -1.035 -0.966 -0.042 -1.587 -1.863 -2.882 -2.869 -2.176 -1.828 -1.454 -0.683 0.238 1.36 0.489 0.215 0.694 1.685 2.425 2.508 2.49 2.368 1.99 1.673 1.988 2.071 1.908 1.926 2.256 2.173 1.565 0.786 0.206 -0.273 -0.595 -0.6 -0.421 -0.161 0.229 -0.156 -0.398 -0.827 -1.872 -2.106 -1.394
-2.04 -2.083 -1.786 -1.533 -2.53 -2.277 -1.841 -1.31 -0.702 -0.016 0.742 1.858 2.027 1.093 0.294 0.721 -0.485 -1.69 -1.263 -0.612 0.729 1.11 -0.153 -0.523 -0.636 -0.137 -1.173 -2.076 -1.142 -0.185 -0.411 -0.696 -1.22 -1.906 -1.775 -0.504 -1.709 -2.624 -3.249 -2.703 -1.732 -0.809 -0.391 0.157 0.764 1.324 0.158 -0.044 0.488 1.565 2.465 2.55 2.532 2.448 1.155 1.413 1.312 0.799 0.557 0.336 0.941 1.918 1.826 0.68 0.179 -0.062 -0.733 -1.193 -0.831 0.04 0.16 -0.854 -1.162 -0.879 -1.52 -2.099 -1.586
-1.72 -2.365 -2.061 -2.137 -3 -2.551 -1.952 -1.417 -0.791 -0.296 1.134 2.202 1.353 0.009 -0.08 0.152 -0.644 -1.869 -2.014 -1.392 -0.249 1.309 0.793 0.365 0.092 -0.642 -2.094 -2.509 -1.18 -0.916 -1.803 -1.663 -1.819 -2.47 -1.93 -1.033 -1.825 -2.995 -3.343 -2.737 -1.748 -1.01 -0.633 -0.479 0.71 1.246 -0.116 -0.353 0.635 1.783 2.549 2.592 2.571 2.31 1.047 1.244 0.752 -0.174 -0.224 -0.413 -0.188 0.913 2.105 1.464 0.813 0.429 -0.39 -1.068 -0.593 0.415 -0.014 -1.009 -1.578 -1.594 -1.48 -2.115 -1.972
-1.954 -2.374 -2.192 -2.378 -2.524 -2.26 -1.681 -1.15 -0.671 -0.089 1.483 2.034 0.527 -0.842 -0.427 -0.763 -0.892 -1.769 -1.621 -0.7 -0.044 1.17 0.646 -0.483 -1.24 -2.074 -2.401 -2.376 -1.498 -1.659 -2.357 -2.394 -2.62 -2.641 -2.034 -1.824 -2.371 -3.242 -2.843 -3.165 -2.557 -1.955 -1.912 -1.181 0.461 1.127 -0.514 -0.255 0.902 2.007 2.601 2.618 2.487 1.902 0.729 1.174 0.361 -0.464 -0.739 -0.394 0.226 1.125 2.148 1.751 0.873 0.111 -0.335 -0.333 0.32 0.741 -0.248 -1.373 -1.581 -2.294 -2.322 -2.503 -2.288
-1.77 -1.793 -1.842 -1.957 -1.968 -1.666 -0.947 -0.443 -0.103 0.802 2.057 1.514 0.126 -0.9 -0.758 -1.029 -1.211 -1.921 -1.99 -1.246 -0.394 1.038 0.339 -1.311 -1.828 -1.77 -1.883 -2.109 -1.704 -2.144 -2.65 -2.644 -2.43 -2.291 -2.085 -2.157 -2.413 -3.1 -2.261 -2.872 -2.664 -1.783 -1.556 -0.932 0.595 0.481 -0.822 0.039 1.028 2.157 2.624 2.611 2.318 1.649 0.633 0.876 0.53 -0.279 -0.718 -0.281 0.698 1.565 2.055 1.972 1.037 0.475 0.467 0.577 1.037 0.561 -0.493 -1.289 -1.696 -2.337 -2.552 -2.612 -2.191
-1.451 -1.425 -1.727 -2.204 -2.14 -1.302 -0.471 0.393 0.72 1.854 1.874 0.256 0.192 -0.716 -1.206 -1.568 -1.591 -2.108 -2.127 -1.525 -0.56 0.909 0.597 -0.875 -1.058 -1.137 -1.572 -2.614 -2.606 -2.654 -2.393 -2.04 -1.552 -1.367 -1.264 -1.39 -1.66 -2.528 -2.186 -1.9 -2.664 -2.007 -0.899 0.037 1.008 -0.529 -0.77 0.347 1.417 2.346 2.639 2.609 2.242 1.341 0.164 0.634 0.3 -0.526 -0.556 0.139 1.081 1.359 1.489 1.981 1.835 1.564 1.45 1.508 1.389 0.835 0.207 -0.384 -0.95 -1.647 -1.962 -2.083 -1.515
