data/climatemaps/RS_maps/climate_breeding_tmp_2013.asc
NCOLS 369 
NROWS 228 
XLLCORNER 479000 
YLLCORNER 73000 
CELLSIZE 1000 
NODATA_value -9 
[rows 170 to 203 of 228, columns 228 to 303 of 369]
-1.019 -1.235 -0.984 -1.077 -0.942 -0.82 -0.8 -0.266 -0.159 0.289 0.998 1.387 0.978 0.246 -0.215 -0.491 -0.608 -0.845 -1.412 -1.245 -0.683 0.022 0.242 -0.44 -1.172 -1.01 -0.367 0.647 1.138 0.558 -0.065 -0.227 -0.478 -0.254 -1.069 -1.321 -1.037 -0.585 -0.149 0.083 0.478 0.76 1.282 1.386 1.039 0.477 0.144 0.096 -0.095 0.053 -0.288 -0.532 -0.446 -0.549 -0.755 -1.125 -1.328 -0.957 -1.017 -0.874 -1.249 -1.802 -1.396 -1.521 -2.022 -2.256 -1.758 -1.807 -2.131 -1.717 -1.243 -0.715 -0.618 -0.968 -1.276 -0.976
-1.019 -0.92 -0.572 -1.002 -1.189 -1.089 -0.837 -0.571 -0.681 -0.058 0.771 1.362 1.267 0.568 -0.069 -0.214 -0.729 -1.048 -1.395 -1.009 -0.453 0.249 0.215 -0.468 -1.067 -0.344 0.207 1.122 1.02 0.236 -0.306 -0.104 -0.788 -0.294 -0.905 -1.088 -0.672 -0.523 -0.07 0.458 0.856 1.235 1.433 1.329 0.967 0.506 0.054 -0.393 -0.739 -0.427 -0.483 -0.95 -1.097 -1.136 -1.142 -1.1 -1.393 -1.562 -1.755 -1.71 -1.747 -1.878 -1.522 -1.589 -1.827 -2.113 -1.984 -1.972 -2.023 -1.526 -1.059 -0.925 -1.05 -0.967 -1.439 -1.277
-0.878 -0.537 -0.449 -0.96 -0.964 -0.969 -1.108 -0.812 -0.55 -0.028 0.636 1.25 1.382 0.852 0.16 -0.404 -1.002 -1.441 -1.24 -0.899 -0.427 0.229 0.325 -0.382 -0.903 -0.042 0.856 1.234 0.706 -0.077 -0.621 -0.146 -0.826 -0.515 -0.998 -0.966 -0.555 -0.258 -0.172 0.384 0.947 1.373 1.475 1.337 0.906 0.444 0.025 -0.33 -0.825 -0.942 -0.859 -1.192 -1.521 -1.2 -0.762 -0.691 -1.294 -1.777 -1.749 -1.776 -1.989 -2.003 -1.879 -1.666 -1.279 -1.621 -1.818 -1.931 -1.934 -1.589 -1.343 -1.547 -1.4 -1.11 -1.668 -1.449
-0.696 -0.16 -0.534 -0.642 -0.399 -0.845 -0.851 -0.38 -0.017 0.249 0.37 1.1 1.432 1.154 0.518 -0.163 -0.734 -1.217 -0.923 -0.647 -0.517 0.027 0.512 -0.384 -0.389 0.127 1.058 1.097 0.278 -0.5 -0.978 -0.48 -0.8 -0.901 -0.995 -0.683 -0.373 -0.158 -0.008 0.373 0.758 1.338 1.502 1.481 1.152 0.389 -0.249 -0.642 -0.959 -1.044 -1.088 -1.153 -1.268 -0.918 -0.344 -0.672 -1.553 -1.634 -1.363 -1.282 -1.684 -1.601 -1.641 -1.307 -0.916 -1.098 -1.222 -1.359 -1.569 -1.843 -1.917 -2.1 -1.737 -1.405 -1.569 -1.376
-0.584 0.042 -0.124 -0.117 -0.398 -0.95 -0.783 -0.444 -0.056 -0.017 -0.055 0.974 1.437 1.401 0.885 0.332 -0.113 -0.832 -0.865 -0.512 -0.005 0.416 0.239 -0.361 0.05 0.646 1.263 0.77 -0.062 -0.754 -1.004 -0.912 -0.947 -1.092 -0.697 -0.422 -0.226 -0.039 0.064 0.455 0.547 1.064 1.503 1.52 1.381 0.664 -0.01 -0.634 -0.933 -0.814 -0.608 -0.55 -0.623 -0.483 -0.126 -0.673 -1.425 -1.319 -0.949 -1.019 -1.491 -1.121 -1.162 -1.027 -0.626 -0.471 -0.673 -0.876 -1.307 -1.82 -2.248 -2.359 -1.924 -1.731 -1.456 -1.062
-0.077 0.206 0.216 -0.17 -0.708 -0.999 -1.122 -0.7 -0.059 -0.395 -0.241 0.579 1.309 1.451 1.249 0.758 0.07 -0.613 -0.971 -0.481 0.079 0.626 0.075 -0.006 0.383 0.971 1.27 0.581 0.021 -0.156 -0.384 -0.946 -1.127 -0.86 -0.208 -0.05 0.139 0.191 0.32 0.152 0.123 0.81 1.466 1.536 1.515 1.07 0.287 -0.093 -0.592 -0.485 -0.008 0.128 0.081 0.067 -0.079 -0.741 -1.244 -1.161 -0.623 -0.958 -1.304 -0.692 -0.55 -0.391 -0.076 -0.084 -0.525 -0.913 -1.386 -1.741 -1.996 -2.064 -1.891 -1.7 -1.218 -0.821
0.656 0.609 0.397 -0.007 -0.27 -0.559 -1.107 -0.634 -0.407 -0.275 0.325 0.557 0.997 1.426 1.446 1.088 0.504 -0.182 -0.595 -0.581 -0.067 0.507 0.657 0.578 0.706 1.199 1.129 0.364 -0.092 -0.254 -0.08 -0.532 -0.972 -0.45 -0.153 -0.442 0.014 -0.189 0.033 -0.278 0.115 0.81 1.331 1.539 1.547 1.469 1.037 0.466 -0.094 -0.123 0.335 -0.177 -0.435 -0.641 -0.521 -0.91 -1.268 -0.865 -0.286 -0.464 -0.715 -0.34 0.189 0.113 -0.159 -0.592 -0.967 -1.338 -1.455 -1.481 -1.752 -1.592 -1.558 -1.469 -1.185 -0.808
0.583 0.772 0.178 -0.045 -0.182 -0.217 -0.868 -1.073 -0.613 0.054 -0.001 -0.068 0.484 1.262 1.456 1.329 0.845 0.151 0.081 -0.009 0.134 0.409 0.725 0.963 1.137 1.305 0.911 0.086 -0.452 -0.744 -0.403 -0.25 -0.823 -0.279 -0.547 -0.589 -0.189 -0.574 -0.341 -0.42 0.243 0.493 1.039 1.478 1.56 1.56 1.459 0.833 0.156 0.201 0.331 -0.58 -0.895 -1.231 -1.105 -1.236 -1.208 -0.652 -0.183 0.062 0.103 0.296 0.382 -0.387 -0.88 -1.094 -1.216 -1.29 -1.154 -1.429 -1.74 -1.343 -1.166 -1.055 -0.91 -0.626
0.302 0.919 -0.063 -0.653 -0.85 -0.766 -0.713 -0.926 -0.358 -0.289 -0.386 -0.457 0.202 0.977 1.405 1.459 0.955 0.281 0.724 0.827 0.905 1.016 1.029 1.145 1.313 1.09 0.59 -0.005 -0.457 -0.87 -0.843 -0.516 -0.853 -0.547 -0.936 -0.776 -0.701 -0.951 -0.744 -0.662 -0.267 0.043 0.693 1.243 1.567 1.567 1.553 1.024 0.236 0.56 0.42 -0.097 -0.553 -1.288 -1.599 -1.664 -1.427 -0.944 -0.753 -0.24 -0.065 0.314 0.47 -0.468 -1.058 -1.031 -1.006 -0.94 -1.129 -1.507 -1.567 -1.272 -1.224 -1.07 -0.942 -0.838
0.587 0.964 0.246 -0.319 -0.771 -1.091 -1.062 -0.98 -0.875 -0.629 -0.749 -0.349 0.177 0.603 1.174 1.476 1.258 0.828 1.238 1.337 1.385 1.398 1.351 1.302 0.968 0.455 0.199 0.002 -0.268 -0.911 -1.186 -0.935 -0.939 -0.804 -0.781 -0.676 -0.735 -0.919 -0.927 -0.793 -0.826 -0.273 0.477 0.976 1.39 -9 1.576 1.447 0.858 0.847 0.438 -0.212 -0.787 -1.409 -1.297 -1.311 -1.594 -1.368 -1.135 -0.857 -0.836 -0.013 0.615 -0.151 -0.489 -0.41 -0.518 -0.823 -1.092 -1.365 -1.47 -1.092 -1.296 -1.221 -1.196 -1.008
0.506 0.961 0.692 0.289 -0.2 -0.638 -0.658 -0.756 -1.046 -0.872 -0.809 -0.306 0.098 0.41 0.894 1.375 1.466 1.348 1.271 1.091 1.055 1.033 0.995 0.974 0.836 0.399 -0.082 -0.381 -0.42 -0.793 -1.163 -0.695 -0.733 -0.461 -0.213 -0.061 -0.207 -0.626 -0.54 -0.467 -0.98 -0.465 0.207 0.272 0.575 -9 -9 1.57 1.486 1.066 0.582 0.09 -0.5 -1.059 -0.859 -0.94 -1.423 -1.286 -1.215 -1.113 -0.804 -0.068 0.689 0.219 -0.083 -0.478 -0.609 -0.679 -0.956 -1.059 -1.223 -0.956 -0.937 -1.013 -0.952 -1.074
0.095 0.645 1.019 0.665 0.193 -0.088 -0.273 -0.584 -0.799 -0.508 -0.367 -0.124 0.236 0.518 0.904 1.307 1.486 1.329 0.927 0.482 0.309 0.294 0.316 0.56 0.681 0.614 0.138 -0.504 -0.942 -1.043 -1.013 -0.322 -0.585 -0.399 -0.361 -0.169 0.189 -0.463 -0.149 -0.475 -0.703 -0.48 -0.278 -0.31 -9 -9 -9 -9 -9 1.067 0.294 0.042 -0.218 -0.459 -0.528 -0.866 -1.386 -1.2 -0.93 -0.716 -0.424 0.253 0.689 0.066 -0.117 -0.31 -0.327 -0.146 -0.301 -0.608 -0.623 -0.597 -0.481 -0.712 -0.398 -9
0.468 0.759 0.996 0.386 0.142 -0.081 -0.27 -0.303 -0.527 -0.145 0.158 -0.052 0.135 0.578 1.186 1.453 1.401 0.923 0.723 0.525 0.251 -0.078 -0.203 0.14 0.086 0.358 0.308 -0.187 -0.7 -0.881 -0.736 -0.152 -0.541 -0.839 -0.698 -0.173 0.397 0.168 0.199 -0.294 -0.103 -0.067 0.079 -0.069 -9 -9 -9 -9 -9 -9 0.439 0.237 -0.063 -0.381 -0.676 -1.095 -1.465 -1.329 -0.876 -0.406 0.019 0.584 0.406 -0.003 0.323 0.185 0.195 0.425 0.307 -0.09 -0.081 -0.021 -0.032 -0.21 -9 -9
0.52 1.054 0.91 0.415 0.085 -0.085 0 0.19 -0.155 -0.021 0.447 0.504 0.592 0.955 1.474 1.516 1.225 0.495 0.242 0.328 0.306 0.114 -0.343 -0.358 -0.25 -0.04 0.14 -0.286 -0.705 -0.351 -0.003 0.151 -0.377 -0.412 -0.224 0.186 0.615 0.741 0.577 0.112 0.348 0.263 0.479 0.361 -9 -9 -9 -9 -9 -9 -9 -9 -9 -9 -1.029 -1.209 -1.241 -0.988 -0.896 -0.441 0.266 0.836 0.339 0.473 0.787 0.742 0.783 0.881 0.583 0.202 -9 -9 -9 -9 -9 -9
0.78 1.174 0.91 0.674 0.604 0.488 0.561 0.565 0.319 0.386 0.578 0.894 1.197 1.369 1.536 1.442 1.087 0.448 -0.094 -0.146 -0.111 -0.107 -0.402 -0.775 -0.501 -0.356 -0.285 -0.296 -0.853 -0.571 0.074 0.448 0.061 0.079 0.237 0.209 0.583 0.979 0.758 0.335 0.711 0.645 0.892 0.904 -9 -9 -9 -9 -9 -9 -9 -9 -9 -9 -9 -9 -9 -9 -9 -0.119 0.484 1.015 0.632 1.008 1.23 -9 -9 -9 -9 -9 -9 -9 -9 -9 -9 -9
1.273 1.394 1.33 1.27 1.175 1.064 1.109 1.071 0.929 1.019 1.091 1.292 1.493 1.532 1.536 1.328 0.952 0.451 0.028 -0.041 -0.192 -0.358 -0.501 -0.755 -0.763 -0.538 -0.688 -0.584 -0.86 -0.359 0.185 0.611 0.299 0.371 0.629 0.301 0.501 0.983 0.892 0.561 1.004 1.26 1.352 -9 -9 -9 -9 -9 -9 -9 -9 -9 -9 -9 -9 -9 -9 -9 -9 -9 -9 -9 -9 -9 -9 -9 -9 -9 -9 -9 -9 -9 -9 -9 -9 -9
1.533 1.54 1.548 1.55 1.524 1.484 1.482 1.482 1.443 1.467 1.492 1.536 1.554 1.542 1.494 1.254 0.903 0.644 0.591 0.55 0.351 0.183 0.04 -0.192 -0.543 -0.855 -0.969 -0.769 -0.362 0.022 0.384 0.731 0.635 0.659 0.904 0.744 0.848 1.006 1.134 0.993 1.396 1.557 -9 -9 -9 -9 -9 -9 -9 -9 -9 -9 -9 -9 -9 -9 -9 -9 -9 -9 -9 -9 -9 -9 -9 -9 -9 -9 -9 -9 -9 -9 -9 -9 -9 -9
1.57 1.568 1.565 1.569 1.573 1.573 1.57 1.566 1.572 1.572 1.571 1.567 1.562 1.518 1.341 1.03 0.989 0.889 0.78 0.505 0.426 0.234 0.08 -0.283 -0.414 -0.599 -0.56 -0.374 -0.068 0.182 0.357 0.497 0.776 0.902 1.012 1.148 1.107 1.055 1.353 1.455 1.598 1.62 -9 -9 -9 -9 -9 -9 -9 -9 -9 -9 -9 -9 -9 -9 -9 -9 -9 -9 -9 -9 -9 -9 -9 -9 -9 -9 -9 -9 -9 -9 -9 -9 -9 -9
1.576 1.575 1.572 1.569 1.573 1.573 1.573 1.572 1.576 1.576 1.558 1.539 1.453 1.237 0.894 0.476 0.286 0.212 0.387 0.095 -0.158 -0.378 -0.069 -0.502 -0.468 -0.1 -0.101 -0.171 -0.165 -0.093 -0.032 0.115 0.429 0.666 0.846 1.241 1.426 1.411 1.534 1.615 1.623 -9 -9 -9 -9 -9 -9 -9 -9 -9 -9 -9 -9 -9 -9 -9 -9 -9 -9 -9 -9 -9 -9 -9 -9 -9 -9 -9 -9 -9 -9 -9 -9 -9 -9 -9
1.578 1.559 1.452 1.322 1.199 1.33 1.314 1.379 1.386 1.379 1.226 1.086 0.975 0.633 0.306 -0.071 -0.161 -0.306 -0.223 0.153 -0.152 -0.581 -0.331 -0.585 -0.224 0.05 0.232 0.267 0.257 0.242 0.146 0.324 0.522 0.708 0.984 1.363 1.591 1.625 1.627 1.626 -9 -9 -9 -9 -9 -9 -9 -9 -9 -9 -9 -9 -9 -9 -9 -9 -9 -9 -9 -9 -9 -9 -9 -9 -9 -9 -9 -9 -9 -9 -9 -9 -9 -9 -9 -9
1.404 1.296 0.929 0.56 0.539 0.969 1.054 1.011 0.717 0.776 0.69 0.56 0.497 0.613 0.434 0.13 -0.192 -0.568 -0.717 -0.361 -0.294 -0.697 -0.602 -0.604 -0.529 -0.291 0.005 0.28 0.443 0.632 0.664 0.812 0.989 1.089 1.302 1.566 1.631 1.635 1.635 1.632 -9 -9 -9 -9 -9 -9 -9 -9 -9 -9 -9 -9 -9 -9 -9 -9 -9 -9 -9 -9 -9 -9 -9 -9 -9 -9 -9 -9 -9 -9 -9 -9 -9 -9 -9 -9
0.866 0.871 0.415 -0.076 0.418 0.453 0.808 1.168 0.675 0.304 0.491 0.519 0.745 0.559 0.437 0.288 -0.068 -0.413 -0.629 -0.689 -0.573 -0.671 -0.405 -0.376 -0.708 -0.614 -0.378 -0.247 -0.005 0.351 0.569 0.731 0.844 0.869 1.205 1.602 1.638 1.628 1.583 1.627 -9 -9 -9 -9 -9 -9 -9 -9 -9 -9 -9 -9 -9 -9 -9 -9 -9 -9 -9 -9 -9 -9 -9 -9 -9 -9 -9 -9 -9 -9 -9 -9 -9 -9 -9 -9
0.222 0.322 0.197 -0.117 0.23 -0.039 0.566 1.129 0.986 0.652 0.779 0.702 0.648 0.17 0.028 0.054 -0.065 -0.185 -0.459 -0.778 -0.594 -0.371 -0.015 -0.131 -0.503 -0.689 -0.63 -0.622 -0.505 -0.129 0.089 0.155 0.367 0.79 1.343 1.628 1.642 1.627 1.486 -9 -9 -9 -9 -9 -9 -9 -9 -9 -9 -9 -9 -9 -9 -9 -9 -9 -9 -9 -9 -9 -9 -9 -9 -9 -9 -9 -9 -9 -9 -9 -9 -9 -9 -9 -9 -9
-0.291 -0.048 -0.007 -0.217 -0.26 -0.148 0.468 0.977 1.201 0.956 0.806 0.724 0.363 -0.032 -0.31 -0.2 -0.237 -0.108 -0.19 -0.606 -0.436 -0.117 0.274 0.165 -0.233 -0.288 -0.307 -0.521 -0.607 -0.599 -0.407 -0.349 0.266 0.871 1.412 1.639 1.647 1.646 -9 -9 -9 -9 -9 -9 -9 -9 -9 -9 -9 -9 -9 -9 -9 -9 -9 -9 -9 -9 -9 -9 -9 -9 -9 -9 -9 -9 -9 -9 -9 -9 -9 -9 -9 -9 -9 -9
0.079 0.187 -0.183 -0.45 -0.355 -0.163 0.45 0.979 1.177 0.733 0.538 0.582 0.128 -0.084 -0.221 -0.026 0.041 0.257 0.25 -0.257 -0.368 0.032 0.426 0.361 -0.018 0.138 -0.022 -0.055 -0.434 -0.623 -0.683 -0.437 0.143 0.731 1.371 1.625 1.652 1.645 -9 -9 -9 -9 -9 -9 -9 -9 -9 -9 -9 -9 -9 -9 -9 -9 -9 -9 -9 -9 -9 -9 -9 -9 -9 -9 -9 -9 -9 -9 -9 -9 -9 -9 -9 -9 -9 -9
0.559 0.328 -0.134 -0.355 -0.005 0.214 0.772 1.244 0.996 0.542 0.548 0.785 0.261 0.177 0.201 0.322 0.478 0.551 0.47 0.104 -0.209 0.136 0.521 0.626 0.379 0.501 0.347 0.103 -0.222 -0.108 -0.382 -0.348 0.259 0.824 1.378 1.637 1.653 -9 -9 -9 -9 -9 -9 -9 -9 -9 -9 -9 -9 -9 -9 -9 -9 -9 -9 -9 -9 -9 -9 -9 -9 -9 -9 -9 -9 -9 -9 -9 -9 -9 -9 -9 -9 -9 -9 -9
0.625 0.251 -0.285 -0.394 -0.115 0.468 0.889 1.284 0.971 0.648 0.629 0.932 0.549 0.56 0.691 0.694 0.657 0.5 0.442 0.055 -0.09 0.165 0.309 0.549 0.816 0.813 0.564 0.012 0.189 0.039 -0.378 -0.275 0.335 0.869 1.341 -9 -9 -9 -9 -9 -9 -9 -9 -9 -9 -9 -9 -9 -9 -9 -9 -9 -9 -9 -9 -9 -9 -9 -9 -9 -9 -9 -9 -9 -9 -9 -9 -9 -9 -9 -9 -9 -9 -9 -9 -9
0.592 0.123 -0.286 -0.161 -0.022 0.268 0.732 1.2 1.256 0.94 0.888 1.036 0.895 0.849 0.776 0.586 0.356 0.244 0.186 -0.109 0.018 0.358 0.404 0.253 0.737 0.816 0.347 0.222 0.521 0.265 -0.11 0.164 0.46 0.971 -9 -9 -9 -9 -9 -9 -9 -9 -9 -9 -9 -9 -9 -9 -9 -9 -9 -9 -9 -9 -9 -9 -9 -9 -9 -9 -9 -9 -9 -9 -9 -9 -9 -9 -9 -9 -9 -9 -9 -9 -9 -9
0.547 0.306 -0.113 0.037 0.293 0.138 0.644 1.193 1.364 1.218 1.118 1.143 1.046 0.873 0.823 0.552 0.186 -0.053 -0.21 -0.322 -0.096 0.22 0.537 0.471 0.697 0.8 0.167 0.418 0.627 0.135 -0.005 0.445 0.858 -9 -9 -9 -9 -9 -9 -9 -9 -9 -9 -9 -9 -9 -9 -9 -9 -9 -9 -9 -9 -9 -9 -9 -9 -9 -9 -9 -9 -9 -9 -9 -9 -9 -9 -9 -9 -9 -9 -9 -9 -9 -9 -9
0.296 0.221 -0.078 0.175 0.527 0.329 0.734 1.275 1.333 1.293 1.127 1.195 1.187 0.983 0.69 0.25 0.119 0.167 -0.107 -0.132 0.234 0.465 0.782 0.746 1.06 1.082 0.794 0.716 0.831 0.797 0.539 0.845 -9 -9 -9 -9 -9 -9 -9 -9 -9 -9 -9 -9 -9 -9 -9 -9 -9 -9 -9 -9 -9 -9 -9 -9 -9 -9 -9 -9 -9 -9 -9 -9 -9 -9 -9 -9 -9 -9 -9 -9 -9 -9 -9 -9
0.073 -0.091 0.089 0.317 0.662 0.682 0.831 1.346 1.364 1.284 1.086 1.319 1.279 0.992 0.481 0.208 0.441 0.478 0.472 0.465 0.151 0.408 0.967 1.198 1.348 1.408 1.382 1.222 0.993 1.078 0.947 1.124 -9 -9 -9 -9 -9 -9 -9 -9 -9 -9 -9 -9 -9 -9 -9 -9 -9 -9 -9 -9 -9 -9 -9 -9 -9 -9 -9 -9 -9 -9 -9 -9 -9 -9 -9 -9 -9 -9 -9 -9 -9 -9 -9 -9
-0.1 0.044 0.4 0.646 0.826 0.73 0.883 1.369 1.438 1.311 1.211 1.395 1.235 0.77 0.311 0.452 0.807 1.047 1.07 0.798 0.401 0.815 1.315 1.524 1.518 1.473 1.459 1.44 1.34 1.231 1.209 1.265 -9 -9 -9 -9 -9 -9 -9 -9 -9 -9 -9 -9 -9 -9 -9 -9 -9 -9 -9 -9 -9 -9 -9 -9 -9 -9 -9 -9 -9 -9 -9 -9 -9 -9 -9 -9 -9 -9 -9 -9 -9 -9 -9 -9
0.064 0.408 0.706 0.903 0.893 0.668 1.011 1.408 1.464 1.301 1.328 1.451 1.129 0.445 0.134 0.558 0.909 1.28 1.348 1.17 1.203 1.457 1.555 1.457 1.283 1.042 0.987 1.111 1.294 1.349 1.365 -9 -9 -9 -9 -9 -9 -9 -9 -9 -9 -9 -9 -9 -9 -9 -9 -9 -9 -9 -9 -9 -9 -9 -9 -9 -9 -9 -9 -9 -9 -9 -9 -9 -9 -9 -9 -9 -9 -9 -9 -9 -9 -9 -9 -9
0.476 0.728 0.914 0.962 0.702 0.856 1.272 1.48 1.445 1.318 1.442 1.456 1.043 0.516 0.613 1.192 1.486 1.536 1.54 1.552 1.558 1.544 1.429 0.975 0.721 0.325 0.216 0.506 0.74 1.005 1.21 -9 -9 -9 -9 -9 -9 -9 -9 -9 -9 -9 -9 -9 -9 -9 -9 -9 -9 -9 -9 -9 -9 -9 -9 -9 -9 -9 -9 -9 -9 -9 -9 -9 -9 -9 -9 -9 -9 -9 -9 -9 -9 -9 -9 -9
