data/climatemaps/RS_maps/climate_breeding_pr_2008.asc
NCOLS 369 
NROWS 228 
XLLCORNER 479000 
YLLCORNER 73000 
CELLSIZE 1000 
NODATA_value -9 
[rows 102 to 135 of 228, columns 152 to 227 of 369]
-0.06 -0.062 0.029 0.175 0.276 0.377 0.382 0.336 0.204 0.058 -0.088 -0.215 -0.286 -0.172 0.109 0.316 0.372 0.436 0.574 0.719 0.708 0.474 0.536 0.718 0.876 0.972 1.039 0.952 0.661 0.383 0.173 0.052 -0.027 -0.034 0.012 0.049 0.436 1.002 1.24 1.236 0.828 0.358 0.381 0.736 1.114 1.431 1.485 1.712 1.778 1.531 1.182 1.22 1.352 1.428 1.133 0.587 0.314 0.165 0.178 0.526 0.897 1.129 1.354 1.608 1.819 2.033 2.232 2.273 2.083 1.808 1.613 1.839 1.739 1.47 1.16 0.674
-0.196 -0.099 -0.012 0.09 0.221 0.309 0.264 0.195 0.093 0.022 -0.012 -0.076 -0.228 -0.104 0.185 0.332 0.471 0.695 0.803 0.827 0.689 0.652 0.767 0.801 0.808 0.885 0.923 0.905 0.76 0.447 0.186 0.016 -0.059 -0.042 -0.023 0.11 0.642 1.262 1.389 1.228 0.807 0.406 0.378 0.651 1.024 1.493 1.73 1.973 2.109 1.917 1.582 1.484 1.434 1.369 1.1 0.71 0.365 0.148 0.114 0.338 0.678 0.953 1.338 1.611 1.77 2.037 2.152 2.086 2.018 1.845 1.835 1.944 1.904 1.791 1.53 0.944
-0.209 -0.126 -0.062 0.001 0.1 0.127 0.095 0.066 0.085 0.153 0.221 0.18 -0.093 -0.057 0.133 0.366 0.676 0.996 1.036 1.032 0.921 0.941 0.882 0.773 0.868 0.943 1.042 1.064 0.855 0.444 0.157 -0.019 -0.068 -0.067 -0.02 0.195 0.639 1.198 1.371 1.29 0.973 0.474 0.404 0.767 1.085 1.478 1.948 2.317 2.498 2.298 1.916 1.519 1.18 1.028 0.884 0.724 0.408 0.133 0.044 0.122 0.419 0.718 1.107 1.389 1.586 1.805 1.912 1.938 1.884 1.812 2.009 2.061 2.065 2.057 1.776 1.247
-0.115 -0.108 -0.135 -0.059 -0.017 0.001 -0.032 0.037 0.171 0.348 0.471 0.355 -0.029 -0.021 0.135 0.474 0.927 1.075 1.283 1.263 1.111 1.09 0.914 0.874 0.971 0.981 1.026 0.935 0.654 0.337 0.082 -0.045 -0.071 -0.089 0 0.309 0.785 1.263 1.47 1.522 1.158 0.508 0.452 0.888 1.297 1.69 2.211 2.564 2.605 2.317 1.872 1.319 1.152 1.092 0.854 0.817 0.403 0.126 0.028 0.059 0.427 0.726 0.968 1.135 1.263 1.406 1.544 1.757 1.809 1.788 1.942 2.065 2.003 1.931 1.741 1.467
0.013 0.053 -0.07 -0.14 -0.141 -0.13 -0.1 0.068 0.297 0.612 0.64 0.343 -0.001 -0.019 0.18 0.582 0.911 1.202 1.463 1.364 1.269 1.117 1.016 0.918 0.818 0.768 0.74 0.659 0.453 0.208 0.008 -0.063 -0.081 -0.062 0.06 0.407 0.978 1.436 1.583 1.528 0.995 0.461 0.463 0.764 1.172 1.725 2.353 2.661 2.579 2.293 1.893 1.398 1.523 1.265 1.022 0.891 0.425 0.135 0.034 0.029 0.327 0.655 0.813 0.82 0.89 1.03 1.172 1.431 1.605 1.709 1.848 1.917 1.926 1.843 1.736 1.709
0.156 0.147 0.056 -0.085 -0.179 -0.198 -0.072 0.132 0.465 0.773 0.674 0.435 0.067 0.005 0.277 0.545 0.88 1.265 1.465 1.425 1.307 1.105 1.016 0.814 0.62 0.518 0.442 0.368 0.229 0.046 -0.058 -0.076 -0.07 -0.006 0.135 0.488 1.093 1.564 1.606 1.361 0.734 0.495 0.584 0.572 0.942 1.555 2.117 2.524 2.652 2.524 2.14 1.626 1.72 1.311 1.151 1.106 0.65 0.202 0.052 -0.015 0.046 0.324 0.415 0.41 0.481 0.635 0.768 1.009 1.125 1.237 1.361 1.591 1.798 1.735 1.79 1.854
0.227 0.208 0.127 -0.051 -0.161 -0.21 -0.03 0.254 0.577 0.731 0.675 0.492 0.086 0.006 0.334 0.44 0.761 1.138 1.407 1.434 1.302 1.107 0.836 0.604 0.405 0.269 0.188 0.124 -0.004 -0.097 -0.107 -0.07 -0.042 0.043 0.266 0.662 1.185 1.522 1.48 1.121 0.607 0.511 0.612 0.62 0.947 1.572 2.145 2.718 2.748 2.574 2.134 1.896 1.931 1.433 1.421 1.501 0.894 0.389 0.096 -0.006 -0.054 -0.008 0.056 0.115 0.218 0.326 0.445 0.618 0.725 0.79 0.918 1.046 1.213 1.352 1.515 1.697
0.212 0.213 0.154 -0.032 -0.182 -0.218 -0.021 0.277 0.493 0.623 0.648 0.424 0.097 -0.027 0.166 0.325 0.672 1.081 1.359 1.433 1.328 1.116 0.704 0.386 0.173 0.033 -0.05 -0.125 -0.188 -0.192 -0.137 -0.035 0.014 0.195 0.489 0.809 1.22 1.526 1.348 0.848 0.521 0.555 0.754 0.995 1.21 1.704 2.246 2.748 2.845 2.73 2.311 2.332 2.425 2.009 1.948 1.647 0.985 0.611 0.25 0.013 -0.075 -0.112 -0.031 0.125 0.283 0.466 0.481 0.512 0.539 0.532 0.543 0.6 0.693 0.857 1.1 1.471
0.148 0.212 0.127 -0.031 -0.201 -0.152 0.001 0.173 0.38 0.586 0.705 0.538 0.19 -0.042 0.072 0.298 0.649 1.06 1.214 1.346 1.181 0.898 0.557 0.224 -0.018 -0.164 -0.248 -0.289 -0.288 -0.225 -0.084 0.114 0.173 0.211 0.423 0.599 1.052 1.421 1.041 0.616 0.563 0.804 1.029 1.348 1.48 1.844 2.283 2.812 2.993 3.121 2.702 2.642 2.8 2.492 2.017 1.361 1.001 0.895 0.455 0.059 -0.101 -0.145 -0.011 0.195 0.318 0.627 0.797 0.861 0.857 0.665 0.453 0.591 0.68 0.801 1.063 1.473
0.074 0.162 0.104 -0.054 -0.203 -0.055 0.1 0.224 0.392 0.676 0.867 0.694 0.223 0.033 0.214 0.425 0.66 1.051 1.111 1.129 0.943 0.619 0.345 0.056 -0.17 -0.277 -0.339 -0.353 -0.289 -0.14 0.116 0.378 0.565 0.311 0.263 0.575 1.029 1.169 0.919 0.567 0.587 0.815 1.059 1.468 1.648 1.894 2.251 2.693 2.943 3.195 3.175 2.961 2.857 2.718 2.044 1.464 1.294 1.014 0.526 0.114 -0.124 -0.1 0.031 0.187 0.386 0.693 1.071 1.261 1.321 1.039 0.68 0.94 1.024 1.087 1.29 1.535
0.065 0.152 0.05 -0.119 -0.155 -0.061 0.096 0.283 0.469 0.911 0.937 0.659 0.227 0.15 0.391 0.558 0.723 1.051 1.067 0.931 0.72 0.417 0.155 -0.072 -0.222 -0.312 -0.363 -0.317 -0.149 0.067 0.413 0.731 0.897 0.54 0.281 0.56 0.97 1.078 1.088 0.669 0.504 0.757 0.978 1.21 1.331 1.524 1.946 2.303 2.645 3.006 3.11 2.958 2.957 2.77 2.163 1.676 1.386 1.04 0.627 0.161 -0.152 -0.054 0.188 0.317 0.494 0.847 1.325 1.582 1.497 1.223 0.992 1.255 1.354 1.42 1.512 1.714
0.099 0.05 -0.101 -0.122 -0.06 -0.079 0.013 0.255 0.615 0.926 0.833 0.586 0.26 0.25 0.518 0.71 0.874 1.03 1.022 0.855 0.676 0.488 0.167 -0.107 -0.221 -0.3 -0.278 -0.129 0.142 0.362 0.687 1.063 0.947 0.463 0.388 0.692 1.125 1.371 1.347 0.927 0.551 0.66 0.811 0.923 0.864 1.18 1.737 2.116 2.486 2.633 2.613 2.551 2.71 2.579 2.208 1.738 1.442 1.158 0.739 0.215 -0.18 -0.17 0.154 0.445 0.668 1.032 1.416 1.697 1.691 1.403 1.308 1.494 1.608 1.701 1.81 1.934
0.001 -0.123 -0.151 -0.065 -0.076 -0.132 -0.037 0.232 0.675 0.774 0.714 0.556 0.342 0.268 0.409 0.684 0.933 0.984 0.977 0.982 0.853 0.6 0.253 -0.029 -0.159 -0.253 -0.114 0.006 0.33 0.689 1.017 1.154 0.889 0.514 0.582 0.894 1.331 1.537 1.454 0.983 0.645 0.627 0.622 0.595 0.57 1.035 1.569 1.86 2.207 2.181 2.171 2.31 2.447 2.578 2.359 2.046 1.659 1.252 0.822 0.279 -0.167 -0.327 -0.093 0.267 0.6 1.036 1.383 1.705 1.831 1.626 1.674 1.856 1.899 1.821 1.879 1.998
-0.103 -0.189 -0.19 -0.191 -0.239 -0.224 -0.079 0.246 0.558 0.605 0.598 0.563 0.532 0.396 0.344 0.53 0.844 1.029 1.12 1.184 1.08 0.902 0.515 0.254 -0.016 -0.107 0.178 0.215 0.288 0.79 1.225 1.179 1.033 0.607 0.753 1.145 1.521 1.548 1.385 1.155 0.838 0.647 0.509 0.435 0.48 0.879 1.29 1.575 1.933 1.879 1.843 2.239 2.5 2.55 2.302 1.978 1.427 0.957 0.629 0.299 -0.04 -0.372 -0.325 -0.046 0.343 0.826 1.274 1.88 2.096 2.096 2.252 2.171 1.927 1.673 1.594 1.777
0.068 -0.108 -0.217 -0.266 -0.299 -0.303 -0.182 0.169 0.38 0.419 0.472 0.573 0.65 0.622 0.537 0.535 0.72 0.947 1.138 1.347 1.322 0.985 0.734 0.35 -0.006 0.065 0.439 0.367 0.331 0.791 1.292 1.36 1.103 0.702 0.928 1.288 1.695 1.962 1.72 1.444 1.212 0.965 0.733 0.639 0.536 0.652 0.951 1.371 1.572 1.445 1.626 2.252 2.471 2.222 1.996 1.757 1.448 1.043 0.816 0.619 0.202 -0.286 -0.455 -0.287 0.159 0.712 1.276 1.856 2.086 2.233 2.172 1.975 1.686 1.365 1.47 1.596
0.17 0.081 -0.009 -0.034 -0.06 -0.095 -0.125 -0.034 0.094 0.222 0.445 0.584 0.716 0.797 0.753 0.78 0.868 1.037 1.17 1.422 1.375 1.085 0.785 0.196 -0.037 0.155 0.517 0.419 0.516 0.91 1.329 1.385 1.033 0.883 1.128 1.41 1.781 2.169 2.186 1.861 1.628 1.4 1.124 1.102 0.929 0.815 0.827 1.083 1.16 1.15 1.527 2.071 2.211 2.077 2.062 1.89 1.796 1.5 1.292 0.933 0.461 -0.116 -0.456 -0.36 0.088 0.702 1.253 1.53 1.746 1.829 1.735 1.504 1.165 1.209 1.536 1.664
0.298 0.281 0.245 0.288 0.341 0.322 0.265 0.117 0.058 0.26 0.49 0.653 0.785 0.948 1.049 1.1 1.156 1.277 1.316 1.448 1.289 1.017 0.562 0.059 -0.051 0.152 0.504 0.479 0.74 1.091 1.397 1.469 1.23 1.245 1.397 1.666 1.919 2.183 2.335 2.288 2.044 1.756 1.569 1.613 1.492 1.403 1.06 1.067 1.181 1.344 1.62 1.971 2.137 2.224 2.34 2.26 2.111 1.755 1.361 1.102 0.648 0.102 -0.378 -0.38 0.01 0.532 0.898 1.107 1.357 1.389 1.216 0.978 0.939 1.247 1.505 1.526
0.434 0.579 0.601 0.71 0.729 0.631 0.436 0.214 0.227 0.408 0.596 0.798 0.89 0.917 1.033 1.07 1.025 1.097 1.188 1.222 1.028 0.7 0.243 -0.057 -0.057 0.189 0.46 0.498 0.796 1.237 1.484 1.511 1.549 1.647 1.667 1.787 1.875 2.012 2.179 2.352 2.29 2.083 1.924 1.998 2.091 1.899 1.577 1.581 1.596 1.752 1.848 1.948 2.105 2.224 2.346 2.39 2.094 1.754 1.368 0.989 0.68 0.14 -0.36 -0.366 -0.068 0.285 0.416 0.583 0.768 0.791 0.786 0.875 1.009 1.166 1.383 1.419
0.637 0.708 0.659 0.783 0.764 0.694 0.558 0.387 0.467 0.619 0.755 0.79 0.672 0.503 0.525 0.537 0.501 0.553 0.63 0.849 0.783 0.42 0.094 -0.083 0.012 0.268 0.497 0.584 0.743 1.242 1.499 1.565 1.672 1.748 1.764 1.761 1.725 1.849 2.036 2.161 2.251 2.323 2.319 2.288 2.401 2.221 2.152 2.163 2.031 1.916 1.781 1.738 1.931 2.027 1.991 2.178 2.062 1.687 1.364 0.872 0.429 0.012 -0.351 -0.349 -0.236 -0.091 0.043 0.214 0.392 0.58 0.847 1.145 1.22 1.176 1.407 1.482
0.73 0.667 0.677 0.793 0.803 0.78 0.726 0.598 0.718 0.759 0.619 0.388 0.167 0.03 -0.025 -0.03 -0.022 0.044 0.084 0.342 0.459 0.245 0.025 -0.063 0.056 0.216 0.395 0.551 0.75 1.104 1.425 1.672 1.694 1.743 1.775 1.608 1.543 1.791 2.015 2.261 2.386 2.363 2.204 2.051 2.186 2.303 2.359 2.3 2.171 1.793 1.505 1.62 1.828 1.891 1.678 1.877 1.802 1.449 1.068 0.661 0.166 -0.176 -0.281 -0.083 0.053 0 0.103 0.285 0.478 0.772 1.041 1.315 1.294 1.287 1.545 1.477
0.787 0.645 0.756 0.837 0.864 0.886 0.816 0.835 0.806 0.566 0.186 -0.095 -0.28 -0.375 -0.408 -0.412 -0.386 -0.34 -0.305 -0.167 0.006 -0.025 -0.126 -0.109 -0.082 0 0.162 0.352 0.602 0.884 1.115 1.464 1.725 1.676 1.52 1.308 1.557 1.866 1.986 2.028 1.982 1.771 1.69 1.85 2.147 2.384 2.194 2.064 2.015 1.795 1.394 1.597 1.582 1.798 1.541 1.382 1.393 1.368 1.012 0.491 0.005 -0.153 -0.003 0.327 0.53 0.398 0.348 0.574 0.724 0.957 1.248 1.391 1.303 1.423 1.527 1.427
0.761 0.643 0.779 0.845 0.888 0.955 0.98 0.846 0.517 0.122 -0.182 -0.36 -0.468 -0.54 -0.574 -0.579 -0.55 -0.518 -0.484 -0.431 -0.346 -0.329 -0.334 -0.316 -0.268 -0.214 -0.075 0.09 0.298 0.593 0.891 1.2 1.429 1.216 1.018 1.258 1.49 1.48 1.343 1.273 1.286 1.367 1.654 1.919 2.078 2.181 2.085 1.771 1.63 1.546 1.326 1.375 1.378 1.494 1.532 1.428 1.125 1.016 0.764 0.228 -0.081 -0.015 0.328 0.772 0.925 0.782 0.591 0.868 0.991 1.094 1.374 1.466 1.418 1.532 1.534 1.425
0.711 0.545 0.641 0.727 0.808 0.968 0.911 0.491 0.078 -0.199 -0.351 -0.455 -0.531 -0.567 -0.549 -0.534 -0.544 -0.523 -0.489 -0.455 -0.424 -0.397 -0.402 -0.419 -0.411 -0.345 -0.242 -0.16 0.056 0.367 0.703 0.947 0.877 0.684 0.883 1.135 1.095 0.872 0.771 0.81 0.897 1.111 1.377 1.659 1.741 1.892 1.823 1.714 1.79 1.577 1.376 1.2 1.145 1.18 1.246 1.306 1.122 0.73 0.478 0.052 -0.024 0.142 0.577 1.078 1.268 1.148 0.948 1.156 1.28 1.174 1.277 1.436 1.458 1.469 1.409 1.247
0.666 0.42 0.465 0.54 0.681 0.739 0.453 0.036 -0.209 -0.335 -0.418 -0.473 -0.444 -0.342 -0.243 -0.179 -0.164 -0.152 -0.056 -0.063 -0.069 -0.071 -0.121 -0.291 -0.383 -0.432 -0.431 -0.342 -0.2 0.065 0.37 0.469 0.336 0.453 0.568 0.544 0.59 0.595 0.852 1.051 1.148 1.217 1.362 1.527 1.551 1.716 1.794 1.809 2.058 1.94 1.806 1.555 1.327 1.036 0.919 0.916 0.942 0.643 0.177 0.001 0.271 0.35 0.724 1.179 1.486 1.499 1.376 1.335 1.347 1.104 1.171 1.331 1.276 1.189 1.074 0.865
0.462 0.295 0.414 0.503 0.448 0.221 -0.083 -0.265 -0.352 -0.403 -0.407 -0.31 -0.075 -0.021 0.086 0.2 0.252 0.435 0.588 0.472 0.473 0.451 0.365 0.14 -0.145 -0.338 -0.46 -0.508 -0.443 -0.235 -0.12 -0.075 -0.034 0.036 0.11 0.217 0.361 0.672 1.07 1.286 1.444 1.561 1.649 1.741 1.671 1.805 1.985 1.9 2.159 2.251 2.083 1.986 1.734 1.298 1.02 0.733 0.581 0.385 0.018 0.151 0.557 0.531 0.941 1.373 1.648 1.741 1.688 1.553 1.439 1.06 1.089 1.117 1.025 0.881 0.668 0.423
0.231 0.322 0.361 0.116 -0.091 -0.264 -0.381 -0.415 -0.424 -0.376 -0.177 0.072 0.274 0.225 0.446 0.615 0.743 0.806 0.855 0.898 1.085 0.907 0.841 0.614 0.272 -0.069 -0.306 -0.471 -0.578 -0.547 -0.486 -0.366 -0.215 -0.013 0.22 0.386 0.49 0.719 1.143 1.375 1.579 1.784 1.822 1.837 1.898 1.96 2.243 2.026 2.088 2.349 2.287 2.143 1.917 1.654 1.472 1.042 0.521 0.14 0.008 0.33 0.73 0.707 1.12 1.487 1.839 2 1.934 1.668 1.435 1.009 0.867 0.843 0.702 0.554 0.312 0.016
0.17 0.258 -0.052 -0.296 -0.425 -0.486 -0.502 -0.455 -0.322 -0.102 0.279 0.542 0.615 0.618 0.758 0.999 1.09 1.206 1.36 1.482 1.368 1.265 1.173 0.79 0.411 0.154 0.019 -0.253 -0.526 -0.655 -0.549 -0.242 0.013 0.25 0.464 0.709 0.808 0.735 1.01 1.251 1.486 1.788 1.988 2.147 2.208 2.231 2.433 2.108 1.932 2.239 2.383 2.264 2.189 1.956 1.646 1.155 0.556 0.083 0.167 0.521 0.899 0.951 1.221 1.689 2.032 2.08 2.048 1.585 1.262 0.909 0.576 0.524 0.425 0.24 0.013 -0.24
-0.018 -0.181 -0.377 -0.47 -0.54 -0.563 -0.519 -0.289 0.032 0.252 0.651 0.899 0.921 0.931 1.002 1.311 1.494 1.685 1.753 1.703 1.652 1.534 1.245 0.847 0.447 0.379 0.308 0.038 -0.381 -0.565 -0.545 -0.146 0.184 0.388 0.604 0.883 1.009 1.019 1.034 1.1 1.47 1.833 2.193 2.391 2.443 2.474 2.517 2.215 1.943 2.004 2.235 2.371 2.313 1.967 1.604 1.187 0.54 0.126 0.36 0.688 1.053 1.148 1.391 1.874 2.079 1.941 1.896 1.507 1.02 0.675 0.3 0.215 0.16 0.094 -0.126 -0.333
-0.356 -0.429 -0.492 -0.542 -0.561 -0.507 -0.348 0.029 0.437 0.695 0.94 1.125 1.162 1.223 1.216 1.408 1.641 1.81 1.757 1.708 1.615 1.409 1.103 0.723 0.563 0.668 0.508 -0.113 -0.368 -0.305 -0.476 -0.289 0.035 0.266 0.485 0.792 1.058 1.182 1.184 1.146 1.535 1.939 2.253 2.323 2.406 2.455 2.479 2.337 2.116 1.959 1.877 2.088 2.133 1.804 1.534 1.203 0.572 0.171 0.488 0.797 1.141 1.331 1.539 1.91 1.888 1.849 1.508 1.252 0.741 0.377 0.142 0.017 -0.055 -0.107 -0.187 -0.251
-0.405 -0.463 -0.514 -0.51 -0.441 -0.285 -0.018 0.322 0.727 0.918 1.125 1.327 1.452 1.509 1.462 1.558 1.63 1.696 1.672 1.605 1.517 1.246 1.041 0.848 0.763 0.931 0.524 -0.218 -0.15 0.068 -0.228 -0.356 -0.235 0.046 0.254 0.564 0.923 1.222 1.309 1.373 1.645 1.989 2.336 2.312 2.225 2.255 2.365 2.371 2.278 2.027 1.726 1.649 1.712 1.511 1.219 0.88 0.466 0.216 0.466 0.73 1.121 1.418 1.636 1.799 1.677 1.667 1.293 0.9 0.548 0.323 0.267 0.143 0.129 0.104 0.114 0.038
-0.342 -0.454 -0.453 -0.326 -0.204 -0.059 0.25 0.498 0.771 1.033 1.203 1.327 1.448 1.425 1.444 1.484 1.441 1.436 1.455 1.418 1.274 1.162 1.291 1.189 0.941 1.028 0.541 -0.11 0.127 0.41 0.11 -0.147 -0.273 -0.171 -0.009 0.343 0.727 1.131 1.374 1.594 1.764 2.027 2.387 2.508 2.301 2.158 2.112 2.212 2.2 2.011 1.817 1.582 1.279 1.089 0.895 0.741 0.495 0.438 0.639 0.86 1.075 1.247 1.447 1.593 1.626 1.467 1.122 0.774 0.605 0.626 0.55 0.402 0.526 0.438 0.472 0.352
-0.232 -0.375 -0.352 -0.121 0.028 0.149 0.245 0.399 0.632 0.847 0.953 0.97 1.108 1.132 1.146 1.116 1.12 1.067 1.108 1.208 1.174 1.261 1.565 1.443 1.231 1.042 0.601 0.092 0.376 0.72 0.517 0.27 -0.043 -0.175 -0.152 0.141 0.504 0.954 1.345 1.7 1.856 2.106 2.497 2.743 2.619 2.395 2.066 1.903 1.945 1.8 1.569 1.357 1.227 1.244 1.253 1.194 0.691 0.725 0.848 0.9 0.929 1.162 1.5 1.561 1.554 1.278 1.03 0.998 0.965 0.969 0.747 0.739 0.88 0.762 0.838 0.651
-0.039 -0.192 -0.324 -0.154 0.049 0.055 0.02 0.127 0.266 0.361 0.506 0.559 0.608 0.608 0.728 0.668 0.639 0.632 0.737 1.016 1.397 1.494 1.664 1.597 1.496 1.155 0.767 0.334 0.474 0.782 0.861 0.593 0.34 0.176 -0.03 0.069 0.516 0.865 1.138 1.657 1.877 2.145 2.511 2.798 2.854 2.618 2.359 1.959 1.664 1.564 1.49 1.563 1.658 1.714 1.668 1.382 0.861 0.692 0.787 0.81 0.999 1.328 1.607 1.595 1.504 1.453 1.3 1.392 1.31 1.217 0.996 1.107 1.224 1.132 1.141 0.878
0.291 0.151 -0.161 -0.27 -0.201 -0.254 -0.282 -0.239 -0.152 -0.086 0.012 0.101 0.104 0.136 0.259 0.221 0.199 0.255 0.482 1.003 1.516 1.674 1.707 1.668 1.61 1.303 1.024 0.726 0.662 0.717 0.899 1.01 0.831 0.615 0.228 0.11 0.509 0.756 0.978 1.53 1.905 2.14 2.409 2.752 2.851 2.655 2.324 2.148 2.147 1.951 1.987 2.027 2.024 1.944 1.662 1.269 0.825 0.668 0.696 0.828 1.116 1.457 1.647 1.714 1.774 1.81 1.511 1.673 1.614 1.429 1.28 1.459 1.532 1.47 1.289 0.927
