data/climatemaps/RS_maps/climate_breeding_tmp_2015.asc
NCOLS 369 
NROWS 228 
XLLCORNER 479000 
YLLCORNER 73000 
CELLSIZE 1000 
NODATA_value -9 
[rows 170 to 203 of 228, columns 77 to 153 of 369]
0.669 1.237 1.444 1.457 1.448 1.443 1.429 1.313 0.807 0.677 0.855 0.879 0.56 0.287 -0.291 -0.554 -0.466 -0.496 -0.473 -0.462 -0.279 -0.105 -0.131 -0.034 -0.676 -1.375 -1.718 -1.739 -1.435 -1.415 -1.2 -1.059 -0.969 -1.077 -1.337 -1.4 -1.224 -1.24 -1.349 -1.456 -1.308 -1.007 -0.695 -0.358 0.208 -0.251 -0.691 -0.552 -0.268 -0.041 0.242 0.337 0.501 0.435 0.475 0.493 0.445 0.604 0.807 0.439 0.259 0.141 0.352 0.115 0.073 0.131 0.223 0.77 0.457 0.248 0.142 0.24 0.247 0.234 -0.028 -0.079 -0.067
0.537 1.044 1.418 1.458 1.454 1.445 1.443 1.408 1.21 1.077 0.986 0.689 0.177 -0.159 -0.308 -0.395 -0.422 -0.393 -0.288 -0.273 -0.386 -0.357 -0.609 -0.39 -0.839 -1.512 -1.8 -1.721 -1.523 -1.362 -1.195 -1.037 -0.798 -0.579 -0.911 -1.01 -0.882 -1.178 -1.002 -1.078 -0.957 -0.676 -0.361 -0.033 0.427 -0.18 -0.299 -0.21 0.032 0.297 0.616 0.816 0.844 0.928 0.999 0.934 0.948 1.036 1.04 0.87 0.756 0.603 0.639 0.624 0.695 0.727 0.822 1.048 0.909 0.911 0.771 0.744 0.761 0.596 0.524 0.507 0.585
0.496 0.949 1.302 1.458 1.459 1.454 1.448 1.425 1.302 1.055 0.892 0.532 0.102 -0.032 0.018 -0.168 -0.134 -0.08 -0.124 -0.195 -0.455 -0.745 -1.192 -1.261 -1.497 -1.863 -1.431 -1.359 -1.311 -1.217 -1.1 -1.092 -0.766 -0.311 -0.353 -0.403 -0.664 -1.198 -0.671 -0.677 -0.664 -0.316 0.07 0.406 0.43 0.015 -0.025 0.089 0.312 0.53 0.789 1.025 1.098 1.184 1.225 1.207 1.219 1.197 1.147 1.105 1.08 1.001 1.02 1.1 1.125 1.139 1.137 1.105 1.063 1.064 1.104 1.107 1.072 1.072 0.99 0.978 1.027
0.31 0.703 1.041 1.454 1.463 1.456 1.453 1.439 1.372 1.227 1.012 0.522 0.322 0.372 0.236 0.009 0.049 -0.066 -0.296 -0.381 -0.486 -0.698 -1.054 -1.285 -1.484 -1.46 -0.835 -0.545 -0.642 -0.66 -0.881 -1.112 -0.898 -0.498 -0.131 0.061 -0.633 -1.112 -0.469 -0.307 -0.301 0.033 0.371 0.623 0.313 0.127 0.129 0.279 0.546 0.848 1.042 1.184 1.23 1.266 1.255 1.216 1.146 1.091 1.044 1.035 1.12 1.17 1.165 1.075 1.073 0.887 0.828 0.731 0.594 0.632 0.808 0.925 0.976 1.021 1.047 1.041 1.066
-0.005 0.299 0.78 1.392 1.463 1.459 1.453 1.445 1.4 1.413 1.141 0.742 0.685 0.661 0.425 0.242 0.132 -0.025 -0.191 -0.231 -0.198 -0.413 -0.643 -0.807 -0.906 -0.761 -0.37 -0.05 -0.105 -0.492 -0.978 -1.032 -0.817 -0.506 -0.091 0.333 -0.462 -0.701 -0.179 -0.067 0.047 0.322 0.597 0.741 0.409 0.276 0.347 0.514 0.767 1.091 1.235 1.286 1.279 1.172 0.977 0.807 0.547 0.551 0.814 0.635 0.816 0.933 0.836 0.703 0.841 0.442 0.241 0.107 0.007 0.158 0.375 0.563 0.578 0.515 0.52 0.515 0.562
-0.173 -0.011 0.551 1.177 1.426 1.459 1.457 1.451 1.426 1.427 1.281 1.021 0.952 0.679 0.435 0.402 0.35 0.236 0.075 -0.123 -0.25 -0.605 -0.682 -0.744 -0.764 -0.592 -0.129 0.031 0.029 -0.569 -1.143 -0.938 -0.591 -0.192 0.145 0.459 -0.27 -0.222 0.188 0.229 0.333 0.573 0.818 0.789 0.506 0.57 0.73 0.835 1.072 1.259 1.301 1.27 1.105 0.67 0.299 -0.031 -0.076 0.22 0.384 0.013 0.247 0.351 0.19 0.251 0.565 0.006 -0.375 -0.509 -0.397 -0.098 0.141 0.262 0.336 0.185 0.033 0.079 0.2
-0.164 -0.249 0.201 0.836 1.226 1.334 1.456 1.453 1.442 1.418 1.361 1.231 0.989 0.748 0.612 0.616 0.307 -0.019 -0.248 -0.489 -0.632 -0.561 -0.788 -1.032 -1.094 -0.673 -0.283 -0.286 0.23 -0.265 -0.976 -0.742 -0.295 0.198 0.508 0.334 -0.04 0.224 0.527 0.505 0.597 0.795 1.007 0.715 0.725 0.984 1.143 1.202 1.289 1.324 1.216 0.943 0.912 0.311 0.023 -0.263 -0.398 -0.342 -0.224 -0.567 -0.484 -0.406 -0.573 -0.209 0.291 -0.297 -0.893 -0.986 -0.748 -0.374 -0.126 -0.151 0.041 0.04 -0.163 -0.162 0.147
-0.344 -0.494 -0.169 0.34 0.844 1.261 1.451 1.455 1.447 1.428 1.337 1.219 1.208 0.98 0.823 0.759 0.234 0.044 -0.159 -0.412 -0.421 -0.775 -1.141 -1.267 -0.94 -0.559 -0.829 -0.571 0.3 -0.109 -0.739 -0.382 0.122 0.429 0.718 0.326 0.36 0.559 0.776 0.761 0.829 1.047 1.12 0.942 1.14 1.276 1.323 1.325 1.298 1.209 0.862 0.443 0.727 0.615 0.249 -0.287 -0.791 -1.077 -0.786 -0.982 -0.898 -1.043 -1.025 -0.614 -0.073 -0.275 -1.072 -1.311 -1.002 -0.676 -0.436 -0.58 -0.42 -0.264 -0.424 -0.423 0.12
-0.391 -0.536 -0.27 0.19 0.806 1.25 1.429 1.445 1.458 1.449 1.403 1.32 1.251 0.69 0.358 0.497 0.463 0.386 0.187 -0.024 -0.551 -1.14 -1.447 -1.229 -0.846 -0.905 -1.121 -0.527 0.234 0.092 -0.446 -0.016 0.408 0.731 0.854 0.636 0.709 0.84 0.963 0.931 1.054 1.222 1.3 1.295 1.327 1.336 1.282 1.135 1.022 0.742 0.377 0.293 0.584 0.712 0.457 -0.363 -0.759 -1.085 -1.092 -1.229 -1.166 -1.393 -1.21 -0.853 -0.288 -0.379 -1.073 -1.447 -1.217 -0.762 -0.774 -0.991 -0.884 -0.625 -0.597 -0.547 0.056
-0.048 -0.087 -0.079 0.388 0.933 1.223 1.335 1.389 1.43 1.451 1.428 1.389 1.25 0.565 -0.049 -0.08 -0.059 -0.202 -0.086 -0.728 -1.049 -1.342 -1.319 -1.106 -1.098 -1.363 -1.048 -0.6 0.089 0.502 0.087 0.339 0.68 1.002 1.06 0.907 0.948 1.014 1.094 1.197 1.325 1.351 1.356 1.304 1.157 1.018 0.818 0.651 0.588 0.167 -0.073 -0.013 0.203 0.444 0.54 -0.061 -0.485 -0.955 -1.259 -1.46 -1.505 -1.448 -1.072 -0.892 -0.45 -0.589 -1.264 -1.447 -1.318 -0.919 -1.141 -1.415 -1.285 -0.858 -0.419 -0.318 0.099
0.008 0.103 0.317 0.627 1.002 0.93 0.962 0.975 1.104 1.416 1.385 1.301 1.177 0.544 -0.212 -0.405 -0.596 -0.376 -0.158 -1.262 -1.597 -1.373 -1.192 -1.273 -1.37 -1.426 -1.242 -0.7 -0.001 0.705 0.519 0.839 0.996 1.183 1.227 1.138 1.11 1.244 1.304 1.361 1.357 1.342 1.145 0.7 0.531 0.579 0.205 -0.003 0.25 -0.097 -0.524 -0.316 -0.234 0.17 0.597 -0.112 -0.699 -1.09 -1.204 -1.345 -1.643 -1.429 -1.35 -1.221 -0.628 -0.569 -1.333 -1.613 -1.339 -1.117 -1.338 -1.552 -1.305 -0.973 -0.379 0.118 0.379
-0.159 0.048 0.504 0.87 0.78 0.472 0.428 0.548 0.932 1.235 1.392 1.284 1.065 0.263 -0.444 -0.704 -0.75 -0.192 -0.38 -0.936 -1.199 -1.092 -0.684 -0.521 -0.435 -0.387 -0.474 -0.296 0.317 0.843 0.937 1.224 1.299 1.339 1.32 1.21 1.3 1.356 1.353 1.338 1.29 1.223 0.677 0.288 0.161 0.143 -0.281 -0.491 -0.148 -0.096 -0.733 -0.826 -0.377 0.138 0.559 -0.005 -0.52 -0.792 -0.979 -1.222 -1.439 -1.55 -1.359 -1.12 -0.596 -0.601 -1.205 -1.497 -1.538 -1.338 -1.417 -1.327 -1.122 -0.721 -0.161 0.467 0.717
0.007 0.302 0.766 0.724 0.325 0.045 -0.05 0.274 0.838 1.065 1.399 1.305 0.722 0.063 -0.559 -0.943 -0.84 -0.371 -0.933 -1.136 -0.839 -0.892 -0.541 -0.022 0.158 0.462 0.455 0.254 0.461 0.994 1.287 1.379 1.377 1.366 1.36 1.372 1.354 1.289 1.189 1.059 0.91 1.036 0.725 0.15 -0.227 -0.329 -0.557 -0.894 -0.558 -0.244 -0.816 -1.091 -0.655 -0.076 0.432 0.234 -0.194 -0.458 -0.838 -1.128 -1.301 -1.415 -1.254 -1 -0.513 -0.683 -1.137 -1.371 -1.659 -1.501 -1.413 -0.979 -0.579 -0.184 0.361 0.567 0.264
0.066 0.436 0.776 0.441 0.009 -0.283 -0.328 0.157 0.692 1.064 1.434 1.236 0.513 0.052 -0.589 -1.29 -1.107 -1.004 -1.273 -1.054 -0.72 -0.381 -0.208 0.071 0.469 0.682 0.849 0.816 0.82 1.215 1.368 1.38 1.382 1.372 1.346 1.273 1.123 0.896 0.687 0.545 0.637 0.96 0.769 0.215 -0.205 -0.591 -0.813 -1.102 -0.878 -0.548 -1.026 -1.163 -0.821 -0.389 0.188 0.39 -0.148 -0.63 -0.832 -1.137 -1.392 -1.438 -1.172 -0.85 -0.484 -0.88 -1.269 -1.505 -1.659 -1.401 -1.18 -0.831 -0.244 0.315 0.555 0.136 -0.373
0.194 0.664 0.612 0.206 -0.163 -0.548 -0.222 0.247 0.408 0.786 1.386 1.346 0.834 0.094 -0.602 -1.331 -1.429 -1.407 -1.109 -0.929 -0.742 -0.382 0.071 0.254 0.484 0.574 0.958 1.178 1.266 1.356 1.381 1.347 1.264 1.161 1.136 0.899 0.598 0.39 0.215 0.158 0.395 0.864 0.776 0.208 -0.112 -0.429 -0.761 -1.137 -1.172 -0.847 -1.154 -1.252 -1.016 -0.626 -0.036 0.35 -0.162 -0.81 -1.066 -1.278 -1.542 -1.565 -1.281 -0.739 -0.667 -1.169 -1.45 -1.629 -1.634 -1.417 -1.17 -0.812 -0.059 0.491 0.215 -0.184 -0.609
0.357 0.729 0.319 -0.216 -0.252 -0.682 -0.227 0.01 -0.088 0.298 1.144 1.343 1.169 0.443 -0.277 -0.904 -1.394 -1.269 -1.165 -0.983 -0.696 -0.581 -0.015 0.423 0.782 0.894 1.167 1.288 1.335 1.37 1.269 1.06 0.777 0.659 0.826 0.658 0.197 -0.097 -0.245 -0.223 0.133 0.733 0.825 0.332 0.056 -0.232 -0.668 -1.156 -1.231 -1.074 -1.346 -1.387 -1.104 -0.734 -0.151 0.29 -0.137 -0.777 -1.206 -1.266 -1.511 -1.511 -1.216 -0.693 -0.814 -1.338 -1.656 -1.691 -1.455 -1.303 -0.941 -0.359 0.298 0.303 -0.043 -0.448 -0.935
0.575 0.514 0.106 -0.428 -0.615 -0.972 -0.811 -0.549 -0.157 0.376 0.906 1.273 1.326 0.77 -0.035 -0.643 -1.09 -0.978 -1.365 -1.08 -0.481 -0.593 -0.116 0.509 1.085 1.307 1.373 1.362 1.36 1.133 0.832 0.495 0.276 0.301 0.555 0.568 0.12 -0.313 -0.611 -0.445 0.009 0.606 0.912 0.445 -0.048 -0.442 -0.888 -1.265 -1.293 -1.264 -1.501 -1.298 -1.001 -0.634 -0.137 0.16 0.008 -0.55 -1.041 -1.243 -1.528 -1.538 -1.243 -0.746 -0.979 -1.397 -1.781 -1.71 -1.563 -1.467 -0.856 -0.017 0.442 0.1 -0.317 -0.856 -1.308
0.529 0.039 -0.368 -0.768 -1.233 -1.639 -1.326 -0.56 0.127 0.267 0.55 1.217 1.379 0.892 -0.015 -0.807 -1.02 -0.823 -1.142 -0.713 -0.195 -0.154 0.306 0.955 1.312 1.388 1.395 1.342 1.106 0.548 0.192 -0.02 -0.108 -0.027 0.338 0.309 -0.112 -0.403 -0.81 -0.448 0.085 0.614 0.781 0.577 0.059 -0.38 -0.865 -1.303 -1.43 -1.466 -1.579 -1.29 -0.963 -0.484 -0.202 -0.271 -0.007 -0.262 -0.846 -1.19 -1.496 -1.678 -1.356 -0.857 -1.248 -1.531 -1.845 -1.886 -1.709 -1.347 -0.529 0.335 0.245 -0.157 -0.537 -1.199 -1.632
0.19 -0.473 -0.721 -1.33 -1.784 -1.652 -1.331 -0.758 -0.102 -0.252 0.176 1.005 1.399 1.115 0.196 -0.583 -0.954 -0.673 -0.461 -0.02 0.342 0.576 1.035 1.339 1.392 1.395 1.383 1.021 0.823 0.188 -0.238 -0.492 -0.6 -0.382 0.162 -0.13 -0.561 -0.755 -0.924 -0.329 0.278 0.462 0.385 0.605 0.413 -0.085 -0.674 -1.14 -1.471 -1.624 -1.642 -1.461 -1.023 -0.414 -0.581 -0.792 -0.389 -0.119 -0.656 -1.124 -1.388 -1.674 -1.439 -0.932 -1.306 -1.571 -1.93 -1.82 -1.482 -1.081 -0.307 0.46 -0.074 -0.713 -0.701 -1.253 -1.707
0.069 -0.644 -1.261 -1.508 -1.483 -1.113 -0.912 -1.024 -0.655 -0.742 -0.236 0.747 1.353 1.267 0.437 -0.286 -0.719 -0.222 0.332 0.752 1.086 1.239 1.367 1.399 1.398 1.35 1.103 0.514 0.525 0.352 -0.088 -0.588 -0.904 -0.632 -0.035 -0.432 -0.882 -1.088 -0.954 -0.269 0.304 0.024 -0.092 0.208 0.51 0.172 -0.388 -0.805 -1.164 -1.406 -1.537 -1.414 -1.2 -0.651 -0.971 -1.239 -0.869 -0.287 -0.451 -1.149 -1.603 -1.835 -1.486 -1.055 -1.338 -1.755 -2.153 -1.939 -1.482 -0.865 -0.17 0.342 -0.278 -1.063 -0.93 -1.343 -1.777
-0.04 -0.888 -1.07 -1.187 -0.975 -0.701 -0.605 -0.624 -0.463 -0.466 -0.322 0.464 1.317 1.34 0.613 -0.178 -0.257 0.474 0.977 1.275 1.382 1.399 1.404 1.342 1.267 1.033 0.543 0.076 0.186 0.217 0.064 -0.361 -0.866 -0.777 -0.204 -0.557 -1.003 -1.299 -0.99 -0.326 0.173 -0.355 -0.69 -0.44 0.011 0.377 -0.048 -0.616 -1.06 -1.462 -1.618 -1.486 -1.473 -1.001 -1 -1.438 -1.111 -0.545 -0.31 -0.906 -1.513 -2.12 -1.844 -1.418 -1.587 -1.742 -2.097 -1.967 -1.534 -1.088 -0.185 0.182 -0.682 -1.444 -1.414 -1.44 -1.896
-0.593 -0.686 -1.005 -1.534 -1.214 -0.632 -0.561 -0.693 -0.706 -0.117 -0.039 0.44 1.185 1.416 1.111 0.318 0.402 1.053 1.336 1.404 1.408 1.403 1.221 0.947 0.711 0.447 -0.069 -0.355 -0.197 -0.113 -0.379 -0.429 -0.983 -0.801 -0.379 -0.747 -1.186 -1.347 -0.951 -0.411 0.031 -0.512 -0.984 -0.947 -0.39 0.154 0.205 -0.55 -1.02 -1.335 -1.778 -1.622 -1.527 -1.129 -0.958 -1.502 -1.158 -0.665 -0.241 -0.662 -1.427 -2.018 -1.996 -1.923 -1.969 -1.922 -2.084 -1.975 -1.601 -0.957 -0.197 0.213 -0.739 -1.597 -1.838 -1.74 -2.057
-0.97 -1.135 -1.427 -1.747 -1.685 -0.9 -0.811 -1.056 -1.159 -0.796 -0.329 0.469 0.945 1.343 1.385 0.931 1.1 1.387 1.413 1.412 1.406 1.274 0.772 0.466 0.282 -0.237 -0.611 -0.743 -0.546 -0.381 -0.794 -0.823 -1.113 -0.802 -0.437 -0.887 -1.427 -1.401 -0.939 -0.401 -0.147 -0.572 -1.093 -1.17 -0.75 -0.386 0.194 -0.171 -0.576 -1.171 -1.428 -1.591 -1.302 -1.027 -1.017 -1.684 -1.429 -0.816 -0.247 -0.565 -1.311 -1.732 -1.985 -2.214 -2.39 -2.196 -2.173 -2.378 -1.975 -1.212 -0.221 0.123 -0.835 -1.596 -2.008 -2.312 -2.389
-1.104 -1.467 -1.493 -1.387 -1.622 -1.23 -1.038 -1.166 -0.827 -0.357 0.171 0.705 0.866 1.166 1.398 1.364 1.401 1.412 1.413 1.395 1.285 0.763 0.207 -0.005 -0.209 -0.772 -0.928 -0.804 -0.768 -0.661 -0.838 -1.254 -1.175 -0.756 -0.579 -1.039 -1.448 -1.623 -1.133 -0.635 -0.16 -0.64 -1.302 -1.331 -1.054 -0.564 -0.041 0.159 -0.179 -0.765 -1.042 -1.506 -1.486 -1.141 -1.09 -1.637 -1.82 -1.152 -0.327 -0.632 -1.253 -1.432 -1.823 -2.36 -2.577 -2.789 -2.438 -2.257 -1.623 -0.989 -0.095 -0.087 -0.912 -1.511 -2.04 -2.67 -2.622
-0.806 -1.465 -1.148 -1.035 -1.409 -0.873 -0.7 -0.644 -0.416 0.044 0.546 0.815 0.478 0.599 1.208 1.399 1.407 1.401 1.368 1.188 0.77 0.121 -0.145 -0.224 -0.262 -0.717 -0.508 -0.396 -0.47 -0.861 -1.01 -1.405 -1.074 -0.781 -0.873 -1.017 -1.525 -1.759 -1.385 -0.959 -0.249 -0.667 -1.341 -1.469 -0.999 -0.664 -0.5 -0.037 0.135 -0.334 -0.699 -1.195 -1.588 -1.346 -1.097 -1.469 -1.78 -1.421 -0.56 -0.697 -1.268 -1.576 -1.781 -2.154 -2.602 -2.793 -2.363 -1.779 -1.175 -0.642 0.034 -0.286 -0.878 -1.591 -2.184 -2.646 -3.003
-1.178 -1.523 -0.907 -0.84 -1.232 -1.143 -0.993 -0.785 -0.199 0.415 0.72 0.315 0.017 0.39 0.962 1.378 1.341 1.214 0.969 0.563 0.159 -0.072 0.125 0.28 0.114 -0.252 -0.025 -0.039 -0.235 -0.701 -1.251 -1.516 -1.334 -1.038 -1.226 -1.024 -1.323 -1.782 -1.574 -1.065 -0.441 -0.543 -1.132 -1.34 -0.923 -1.096 -1.006 -0.468 0.06 -0.072 -0.53 -1.062 -1.54 -1.594 -1.218 -1.203 -1.648 -1.259 -0.803 -0.583 -0.969 -1.249 -1.54 -1.865 -2.4 -2.863 -2.41 -1.836 -1.139 -0.378 0.081 -0.399 -1.076 -1.879 -2.333 -2.637 -3.044
-1.319 -1.365 -0.748 -0.649 -1.05 -1.144 -0.86 -0.542 -0.06 0.572 0.361 -0.169 0.111 0.726 1.213 1.18 1.02 0.752 0.426 0.283 0.073 0.209 0.524 0.638 0.552 0.358 0.404 0.161 -0.216 -0.675 -1.147 -1.487 -1.507 -1.492 -1.674 -1.418 -1.29 -1.598 -1.551 -1.291 -0.702 -0.534 -1.124 -1.427 -0.998 -1.395 -1.294 -0.754 -0.167 0.018 -0.44 -0.933 -1.294 -1.521 -1.515 -1.281 -1.663 -1.39 -0.961 -0.66 -1.068 -1.234 -1.454 -1.721 -2.419 -2.529 -2.126 -1.911 -1.282 -0.49 0.046 -0.545 -1.195 -1.815 -2.241 -2.748 -3.165
-0.992 -1.206 -0.769 -0.57 -1.018 -1 -0.462 0.038 0.36 0.374 -0.2 -0.108 0.451 1.014 1.17 0.902 0.893 0.795 0.638 0.675 0.705 0.67 0.917 0.9 0.719 0.749 0.775 0.419 -0.121 -0.655 -0.98 -1.109 -1.474 -1.689 -1.893 -1.694 -1.474 -1.613 -1.665 -1.449 -0.978 -0.836 -1.319 -1.669 -1.384 -1.57 -1.215 -0.734 -0.175 0.015 -0.278 -0.716 -1.064 -1.365 -1.746 -1.584 -1.824 -1.774 -1.049 -0.953 -1.621 -1.779 -1.765 -1.963 -2.558 -1.94 -1.474 -1.404 -0.938 -0.305 0.005 -0.639 -1.273 -1.738 -2.209 -2.64 -3.01
-1.09 -1.299 -1.029 -0.562 -0.7 -0.745 -0.167 0.409 0.366 -0.133 -0.495 0.135 0.61 0.848 1.023 0.995 0.87 0.57 0.411 0.564 0.816 0.959 0.917 0.645 0.239 0.458 0.804 0.721 0.28 -0.326 -0.666 -0.981 -1.433 -1.742 -1.774 -1.76 -1.68 -1.859 -1.673 -1.435 -1.12 -1.224 -1.827 -2.023 -1.866 -1.709 -1.179 -0.663 -0.164 -0.281 -0.269 -0.374 -0.86 -1.426 -1.899 -2.036 -2.083 -1.919 -1.111 -1.212 -1.844 -2.19 -2.25 -2.432 -2.394 -1.655 -1.174 -1.045 -0.853 -0.198 -0.021 -0.7 -1.424 -1.839 -2.067 -2.354 -2.857
-1.274 -1.051 -0.924 -0.688 -0.471 -0.352 0.168 0.358 0.005 -0.067 -0.255 0.185 0.16 0.133 0.438 0.736 0.379 -0.194 -0.472 -0.137 0.464 0.873 0.625 0.034 -0.264 0.121 0.573 0.762 0.647 0.185 -0.209 -0.69 -1.327 -1.643 -1.471 -1.681 -1.818 -1.988 -1.673 -1.371 -1.011 -1.376 -1.984 -2.17 -1.962 -1.672 -1.35 -0.698 -0.34 -0.879 -0.849 -0.483 -0.664 -1.276 -1.749 -2.206 -2.354 -1.993 -1.248 -1.294 -1.747 -2.119 -2.417 -2.643 -2.313 -1.804 -1.452 -1.389 -1.119 -0.222 -0.081 -0.689 -1.131 -1.487 -1.779 -2.116 -2.786
-1.25 -1.061 -1.037 -0.956 -0.363 0.136 0.331 0.04 -0.336 0.139 -0.215 -0.259 -0.429 -0.554 -0.159 0.421 0.242 -0.415 -0.969 -0.447 0.384 0.818 0.43 -0.238 -0.509 -0.078 0.221 0.538 0.681 0.586 0.322 -0.187 -0.992 -1.282 -1.24 -1.5 -1.725 -1.951 -1.583 -1.421 -0.977 -1.283 -1.812 -2.052 -1.868 -1.471 -1.197 -0.625 -0.6 -1.308 -1.516 -1.08 -0.591 -0.969 -1.56 -1.973 -2.377 -2.297 -1.655 -1.371 -1.583 -1.861 -2.38 -2.472 -2.289 -2.046 -1.834 -1.775 -1.088 -0.113 -0.278 -0.976 -1.036 -1.094 -1.642 -1.974 -2.474
-1.286 -1.303 -1.041 -0.817 -0.172 0.264 0.032 -0.352 -0.443 0.15 -0.419 -0.848 -0.917 -0.719 -0.194 -0.096 0.128 -0.123 -0.875 -0.545 0.407 0.773 0.299 -0.407 -0.704 -0.436 -0.141 0.243 0.179 0.262 0.417 0.193 -0.54 -0.927 -1.054 -1.317 -1.713 -1.909 -1.776 -1.613 -1.065 -1.135 -1.758 -1.966 -1.681 -1.301 -0.958 -0.498 -0.695 -1.404 -1.858 -1.48 -0.765 -0.79 -1.399 -1.789 -2.291 -2.343 -1.89 -1.604 -1.658 -2.068 -2.414 -2.125 -1.866 -1.755 -1.74 -1.586 -0.83 -0.117 -0.619 -1.35 -1.453 -1.067 -1.358 -1.808 -2.166
-1.102 -1.266 -0.682 -0.489 0.133 0.044 -0.441 -0.688 -0.562 -0.036 -0.338 -1.11 -1.201 -0.905 -0.652 -0.706 -0.304 0.041 -0.356 -0.321 0.468 0.744 0.228 -0.561 -0.917 -0.829 -0.381 -0.136 -0.344 -0.367 -0.094 -0.011 -0.022 -0.333 -0.741 -1.226 -1.502 -1.755 -2.045 -1.594 -1.193 -1.054 -1.641 -1.938 -1.791 -1.469 -1.051 -0.529 -0.803 -1.519 -2.041 -1.563 -0.92 -0.959 -1.223 -1.751 -2.328 -2.596 -2.144 -1.916 -2.112 -2.375 -2.405 -1.945 -1.489 -1.352 -1.52 -1.11 -0.427 -0.391 -1.033 -1.565 -1.719 -1.5 -1.219 -1.601 -1.998
-0.716 -0.904 -0.511 -0.05 0.28 -0.274 -0.7 -0.846 -0.736 -0.714 -0.402 -0.611 -1.322 -1.36 -1.259 -0.829 -0.36 -0.216 -0.038 0.035 0.548 0.729 0.2 -0.339 -0.656 -0.917 -0.622 -0.524 -0.807 -0.828 -0.671 -0.479 -0.215 -0.195 -0.256 -0.746 -1.207 -1.653 -2.082 -1.763 -1.329 -1.198 -1.363 -1.828 -1.639 -1.443 -0.99 -0.56 -0.947 -1.525 -2.029 -1.405 -1.103 -1.271 -1.257 -1.733 -2.391 -2.693 -2.311 -2.282 -2.253 -1.988 -2.222 -1.957 -1.539 -1.157 -1.043 -0.692 -0.195 -0.559 -1.124 -1.574 -1.884 -1.72 -1.555 -1.62 -2.004
