data/climatemaps/RS_maps/climate_winter_tmin_1999.asc
NCOLS 369 
NROWS 228 
XLLCORNER 479000 
YLLCORNER 73000 
CELLSIZE 1000 
NODATA_value -9 
[rows 0 to 33 of 228, columns 154 to 230 of 369]
-9 -9 -9 -9 -9 -9 -9 -9 -9 -9 -9 -9 -9 -9 -9 -9 -9 -9 -9 -9 -9 -9 -9 -9 -9 -9 -9 -9 -9 -9 -9 -9 -9 -9 -9 -9 0.726 0.736 0.753 0.772 0.78 0.799 0.799 0.794 0.796 0.773 0.819 0.727 0.692 0.719 0.758 0.76 0.766 0.77 0.781 0.757 0.764 0.77 0.741 0.769 0.791 0.813 0.808 0.821 0.85 0.896 0.941 0.93 0.943 0.945 0.939 0.947 -9 -9 -9 -9 -9
-9 -9 -9 -9 -9 -9 -9 -9 -9 -9 -9 -9 -9 -9 -9 -9 -9 -9 -9 -9 -9 -9 -9 -9 -9 -9 -9 -9 -9 -9 -9 -9 -9 -9 -9 0.748 0.744 0.757 0.781 0.768 0.76 0.774 0.798 0.819 0.826 0.851 0.86 0.762 0.741 0.763 0.782 0.782 0.771 0.747 0.776 0.752 0.748 0.767 0.773 0.801 0.827 0.855 0.843 0.848 0.836 0.909 0.96 0.947 0.958 0.975 0.964 0.972 0.979 0.98 0.978 -9 -9
-9 -9 -9 -9 -9 -9 -9 -9 -9 -9 -9 -9 -9 -9 -9 -9 -9 -9 -9 -9 -9 -9 -9 -9 -9 -9 -9 -9 -9 -9 -9 -9 -9 -9 -9 0.715 0.74 0.742 0.748 0.732 0.742 0.746 0.749 0.766 0.798 0.838 0.88 0.809 0.743 0.778 0.782 0.758 0.755 0.73 0.772 0.754 0.746 0.788 0.81 0.837 0.862 0.859 0.86 0.889 0.875 0.948 0.975 0.979 0.988 0.992 0.985 0.986 0.986 0.997 1.001 1 -9
-9 -9 -9 -9 -9 -9 -9 -9 -9 -9 -9 -9 -9 -9 -9 -9 -9 -9 -9 -9 -9 -9 -9 -9 -9 -9 -9 -9 -9 -9 -9 -9 -9 -9 0.662 0.66 0.68 0.689 0.705 0.708 0.723 0.728 0.743 0.767 0.771 0.79 0.852 0.832 0.779 0.819 0.805 0.745 0.744 0.731 0.766 0.767 0.794 0.824 0.846 0.865 0.886 0.863 0.879 0.923 0.946 0.977 0.992 0.993 0.998 0.999 0.998 0.998 0.988 0.998 1.012 1.012 0.991
-9 -9 -9 -9 -9 -9 -9 -9 -9 -9 -9 -9 -9 -9 -9 -9 -9 -9 -9 -9 -9 -9 -9 -9 -9 -9 -9 -9 -9 -9 -9 -9 -9 0.668 0.678 0.669 0.675 0.69 0.701 0.712 0.726 0.744 0.775 0.819 0.798 0.805 0.836 0.87 0.857 0.866 0.816 0.753 0.739 0.753 0.776 0.805 0.836 0.864 0.882 0.894 0.918 0.893 0.91 0.942 0.957 0.955 0.947 0.931 0.975 0.999 1.015 1.015 1.005 1.005 1.013 1.015 1.01
-9 -9 -9 -9 -9 -9 -9 -9 -9 -9 -9 -9 -9 -9 -9 -9 -9 -9 -9 -9 -9 -9 -9 -9 -9 -9 -9 -9 -9 -9 -9 -9 -9 0.697 0.71 0.706 0.704 0.724 0.733 0.741 0.744 0.766 0.784 0.828 0.847 0.84 0.867 0.876 0.893 0.852 0.759 0.758 0.767 0.774 0.805 0.825 0.863 0.873 0.912 0.916 0.935 0.927 0.953 0.981 0.966 0.936 0.949 0.925 0.919 0.935 1.003 1.02 1.02 1.021 1.021 1.016 1.004
-9 -9 -9 -9 -9 -9 -9 -9 -9 -9 -9 -9 -9 -9 -9 -9 -9 -9 -9 -9 -9 -9 -9 -9 -9 -9 -9 -9 -9 -9 -9 -9 0.698 0.722 0.728 0.741 0.735 0.778 0.78 0.77 0.766 0.794 0.793 0.823 0.839 0.883 0.882 0.888 0.886 0.849 0.737 0.761 0.806 0.815 0.846 0.83 0.852 0.88 0.91 0.951 0.962 0.978 0.983 0.974 0.885 0.835 0.926 0.967 0.947 0.927 0.979 1.023 1.023 1.026 1.023 1.003 0.989
-9 -9 -9 -9 -9 -9 -9 -9 -9 -9 -9 -9 -9 -9 -9 -9 -9 -9 -9 -9 -9 -9 -9 -9 -9 -9 -9 -9 -9 -9 -9 0.67 0.705 0.739 0.731 0.744 0.761 0.805 0.829 0.798 0.805 0.827 0.835 0.867 0.852 0.88 0.919 0.908 0.87 0.852 0.736 0.702 0.766 0.798 0.833 0.856 0.869 0.907 0.929 0.952 0.972 0.972 0.972 0.959 0.887 0.855 0.911 0.959 0.962 0.936 1.001 1.035 1.033 1.03 1.019 1.003 1.004
-9 -9 -9 -9 -9 -9 -9 -9 -9 -9 -9 -9 -9 -9 -9 -9 -9 -9 -9 -9 -9 -9 -9 -9 -9 -9 -9 -9 -9 -9 0.675 0.708 0.731 0.766 0.756 0.734 0.744 0.792 0.846 0.856 0.877 0.89 0.905 0.924 0.902 0.929 0.92 0.862 0.883 0.877 0.83 0.7 0.727 0.754 0.804 0.87 0.818 0.885 0.935 0.982 0.963 0.98 0.983 0.973 0.937 0.905 0.935 0.965 0.977 0.957 1.016 1.032 1.026 1.026 1.014 1.019 1.022
-9 -9 -9 -9 -9 -9 -9 -9 -9 -9 -9 -9 -9 -9 -9 -9 -9 -9 -9 -9 -9 -9 -9 -9 -9 -9 -9 -9 -9 -9 0.689 0.713 0.742 0.775 0.787 0.746 0.75 0.788 0.798 0.808 0.834 0.855 0.862 0.886 0.952 0.947 0.901 0.912 0.901 0.91 0.865 0.727 0.772 0.834 0.872 0.854 0.807 0.841 0.885 0.949 0.994 0.973 0.985 1.001 0.982 0.951 0.991 0.999 0.997 0.975 0.998 1.035 1.032 1.033 1.026 1.036 1.036
-9 -9 -9 -9 -9 -9 -9 -9 -9 -9 -9 -9 -9 -9 -9 -9 -9 -9 -9 -9 -9 -9 -9 -9 -9 -9 -9 -9 -9 0.683 0.694 0.717 0.729 0.759 0.809 0.807 0.774 0.779 0.796 0.814 0.849 0.873 0.881 0.916 0.963 0.92 0.95 0.936 0.918 0.899 0.8 0.745 0.807 0.845 0.915 0.889 0.847 0.871 0.886 0.901 0.986 0.986 0.988 0.989 1.013 1.011 1.015 1.013 1.012 0.993 1.003 1.043 1.043 1.041 1.038 1.044 1.043
-9 -9 -9 -9 -9 -9 -9 -9 -9 -9 -9 -9 -9 -9 -9 -9 -9 -9 -9 -9 -9 -9 -9 -9 -9 -9 -9 -9 0.661 0.689 0.726 0.745 0.75 0.768 0.819 0.827 0.801 0.791 0.807 0.827 0.841 0.91 0.916 0.969 0.956 0.966 0.947 0.915 0.864 0.799 0.784 0.764 0.819 0.849 0.899 0.928 0.893 0.892 0.912 0.928 0.98 1.02 1.013 0.993 1.014 1.018 0.992 0.986 1.018 1.011 1.028 1.045 1.046 1.042 1.042 1.043 1.047
-9 -9 -9 -9 -9 -9 -9 -9 -9 -9 -9 -9 -9 -9 -9 -9 -9 -9 -9 -9 -9 -9 -9 -9 -9 -9 -9 -9 0.685 0.705 0.734 0.757 0.779 0.778 0.82 0.832 0.8 0.817 0.84 0.847 0.864 0.912 0.991 0.98 0.981 0.967 0.93 0.919 0.85 0.765 0.758 0.8 0.821 0.847 0.873 0.957 0.917 0.926 0.936 0.969 1.005 1.018 1.025 1.026 1.03 1.027 1.011 1.011 1.034 1.03 1.011 1.043 1.05 1.046 1.033 1.048 1.057
-9 -9 -9 -9 -9 -9 -9 -9 -9 -9 -9 -9 -9 -9 -9 -9 -9 -9 -9 -9 -9 -9 -9 -9 -9 -9 -9 -9 0.712 0.726 0.742 0.772 0.803 0.788 0.825 0.841 0.808 0.854 0.875 0.862 0.89 0.932 0.985 0.949 0.952 0.958 0.938 0.902 0.81 0.747 0.787 0.836 0.878 0.892 0.901 0.966 0.953 0.954 0.976 1.004 1.01 1.008 1.011 1.014 1.038 1.045 1.047 1.044 1.041 1.04 1.034 1.053 1.056 1.052 1.038 1.035 1.04
-9 -9 -9 -9 -9 -9 -9 -9 -9 -9 -9 -9 -9 -9 -9 -9 -9 -9 -9 -9 -9 -9 0.624 0.671 0.772 0.736 0.719 0.757 0.749 0.759 0.773 0.799 0.836 0.825 0.85 0.881 0.84 0.905 0.88 0.887 0.94 0.96 0.989 0.952 0.924 0.954 0.95 0.918 0.879 0.805 0.818 0.87 0.879 0.907 0.926 0.966 0.983 0.992 1.017 1.022 1.01 1.011 1.016 1.007 1.018 1.045 1.053 1.054 1.048 1.044 1.055 1.053 1.052 1.058 1.064 1.064 1.06
-9 -9 -9 -9 -9 -9 -9 -9 -9 -9 -9 -9 -9 -9 -9 -9 -9 -9 0.77 0.721 0.635 0.651 0.665 0.689 0.733 0.822 0.734 0.77 0.785 0.803 0.813 0.835 0.866 0.858 0.886 0.91 0.871 0.946 0.892 0.921 0.984 0.99 0.964 0.95 0.961 0.971 0.972 0.975 0.941 0.857 0.856 0.928 0.894 0.916 0.935 0.969 1.002 1.03 1.03 1.019 1.023 1.035 1.036 1.011 0.989 1.012 1.04 1.048 1.054 1.055 1.061 1.055 1.047 1.047 1.045 1.036 1.053
-9 -9 -9 -9 -9 -9 -9 -9 -9 -9 -9 -9 -9 -9 -9 -9 -9 0.703 0.79 0.685 0.673 0.695 0.714 0.74 0.76 0.872 0.796 0.791 0.821 0.842 0.842 0.872 0.884 0.875 0.927 0.918 0.891 0.974 0.937 0.974 1.002 0.974 0.952 0.968 1.014 1.003 1.007 1.003 0.993 0.95 0.936 0.945 0.937 0.931 0.956 1 1.031 1.033 1.031 1.022 1.045 1.055 1.058 1.032 0.993 0.97 0.956 0.956 0.985 1.054 1.063 1.002 0.927 0.917 0.935 0.92 0.933
-9 -9 -9 -9 -9 -9 -9 -9 -9 -9 -9 -9 -9 -9 -9 0.655 0.667 0.714 0.789 0.699 0.704 0.73 0.775 0.788 0.813 0.868 0.882 0.843 0.842 0.874 0.88 0.892 0.895 0.922 0.954 0.919 0.911 0.966 0.998 1.021 0.991 0.967 0.982 1.021 1.043 1.032 1.035 1.024 1.025 1.018 1.016 1.012 1.01 1 0.988 1.023 1.055 1.052 1.037 1.044 1.063 1.066 1.067 1.057 1.051 1.039 1.014 1.029 1.023 1.027 1.066 1.032 0.945 0.958 0.95 0.904 0.896
0.739 0.749 0.724 0.682 -9 -9 -9 -9 -9 -9 -9 -9 -9 -9 0.673 0.689 0.712 0.726 0.809 0.739 0.729 0.748 0.798 0.812 0.834 0.835 0.892 0.908 0.902 0.91 0.896 0.887 0.928 0.973 0.943 0.926 0.941 0.976 1.028 1.008 0.983 0.965 1.023 1.052 1.055 1.047 1.041 1.038 1.026 1.02 1.035 1.031 1.006 0.996 0.986 1.044 1.045 1.033 1.06 1.067 1.07 1.067 1.067 1.067 1.063 1.069 1.066 1.058 1.04 1.048 1.073 1.054 1.003 0.967 0.938 0.922 0.917
0.773 0.821 0.725 0.692 0.757 0.761 0.728 0.623 -9 -9 -9 -9 0.646 0.702 0.718 0.747 0.74 0.761 0.814 0.768 0.768 0.778 0.799 0.806 0.83 0.843 0.868 0.934 0.956 0.904 0.879 0.903 0.968 0.987 0.94 0.942 0.972 1.03 1.025 0.992 0.977 1.003 1.05 1.057 1.043 1.023 1.017 0.992 0.986 0.948 0.972 0.976 0.983 1.008 1.036 1.071 1.036 0.966 0.99 1.023 1.06 1.071 1.057 1.041 1.063 1.069 1.061 1.053 1.048 1.071 1.075 1.057 0.992 0.984 0.954 0.965 0.933
0.888 0.888 0.749 0.781 0.822 0.77 0.663 0.638 0.651 -9 -9 0.652 0.656 0.7 0.731 0.775 0.767 0.823 0.811 0.798 0.802 0.809 0.836 0.851 0.865 0.88 0.871 0.945 0.98 0.907 0.893 0.925 0.989 1.018 0.966 0.974 1 1.06 1.018 0.994 1.012 1.046 1.061 1.057 1.038 0.994 0.947 0.913 0.916 0.944 0.937 0.958 0.996 1.038 1.068 1.064 1.034 1.002 0.978 0.959 1.017 1.065 1.045 1.038 1.058 1.067 1.052 1.015 1.025 1.04 1.06 1.065 1.044 0.999 0.999 1.02 0.997
0.969 0.951 0.818 0.877 0.79 0.692 0.617 0.66 0.691 0.692 0.692 0.666 0.687 0.723 0.737 0.779 0.818 0.844 0.818 0.84 0.835 0.824 0.851 0.854 0.879 0.937 0.923 0.986 0.983 0.92 0.932 0.954 1.002 1.042 1.011 1.016 1.052 1.051 1.013 0.987 1.034 1.066 1.063 1.059 1.054 1.025 0.956 0.921 0.922 0.937 0.952 0.981 1.023 1.054 1.075 1.08 1.056 1.037 0.99 0.964 1.012 1.055 1.052 1.037 1.056 1.053 1.056 1.062 1.049 1.022 1.036 1.057 1.073 1.07 1.071 1.068 1.059
1.027 1.013 0.907 0.937 0.785 0.657 0.619 0.653 0.686 0.715 0.698 0.695 0.72 0.753 0.771 0.812 0.864 0.841 0.86 0.876 0.865 0.834 0.861 0.899 0.892 0.923 0.979 1.034 1.003 0.956 0.984 0.97 1.024 1.058 1.031 1.063 1.079 1.031 0.99 1.034 1.065 1.071 1.067 1.062 1.025 1.038 0.979 0.956 0.97 0.976 0.997 1.025 1.05 1.056 1.09 1.083 1.076 1.065 1.048 1.008 1.005 1.034 1.041 1.04 1.045 1.041 1.059 1.064 1.026 0.951 0.968 1.014 1.04 1.057 1.075 1.08 1.084
1.05 1.054 1.006 0.945 0.827 0.718 0.657 0.663 0.696 0.728 0.718 0.727 0.756 0.788 0.816 0.866 0.881 0.869 0.898 0.896 0.865 0.883 0.895 0.913 0.974 0.942 0.978 1.068 1.019 1.022 1.024 1.037 1.071 1.07 1.063 1.093 1.068 1 1.016 1.073 1.078 1.066 1.062 1.051 0.957 0.96 0.982 1.003 1.004 1.006 1.011 1.044 1.051 1.071 1.097 1.088 1.08 1.072 1.072 1.046 1.029 1.026 1.026 1.03 1.031 1.032 1.056 1.067 1.03 0.952 0.942 0.957 0.967 0.995 1.035 1.03 1.022
1.051 1.081 1.067 0.901 0.761 0.736 0.72 0.727 0.72 0.744 0.721 0.744 0.778 0.829 0.865 0.883 0.914 0.921 0.89 0.886 0.929 0.921 0.976 0.934 1.006 0.973 0.998 1.085 1.099 1.101 1.103 1.104 1.109 1.079 1.095 1.098 1.052 1.021 1.026 1.078 1.069 1.059 1.06 0.992 0.973 0.952 0.963 0.981 0.985 1.011 1.019 1.012 1.053 1.074 1.089 1.089 1.082 1.075 1.07 1.067 1.07 1.048 1.038 1.033 1.031 1.031 1.048 1.065 1.051 1.021 0.992 0.965 0.928 0.943 0.991 0.992 0.969
1.048 1.091 1.083 0.911 0.731 0.739 0.755 0.776 0.793 0.796 0.748 0.766 0.808 0.857 0.907 0.949 0.958 0.936 0.913 0.944 0.987 0.971 1.016 0.993 1.02 1.054 1.046 1.077 1.126 1.134 1.101 1.111 1.114 1.11 1.109 1.081 1.068 1.062 1.075 1.081 1.074 1.057 1.025 0.979 0.97 0.986 1.006 0.995 0.99 0.99 0.993 1.017 1.062 1.081 1.095 1.089 1.094 1.085 1.078 1.075 1.073 1.064 1.061 1.051 1.034 1.031 1.034 1.057 1.056 1.047 1.038 1.017 0.964 0.936 0.939 0.95 0.928
1.038 1.089 1.085 0.968 0.76 0.747 0.783 0.807 0.817 0.843 0.826 0.809 0.824 0.862 0.89 0.948 0.944 0.961 0.997 1.032 1.036 1.039 1.066 1.107 1.135 1.132 1.076 1.125 1.138 1.133 1.13 1.101 1.089 1.098 1.108 1.102 1.097 1.094 1.086 1.084 1.034 0.988 0.997 1.03 1.022 1.021 1.024 1.022 1.024 1.027 1.029 1.026 1.058 1.097 1.104 1.092 1.101 1.087 1.083 1.078 1.073 1.066 1.07 1.066 1.051 1.031 1.02 1.034 1.041 1.035 1.053 1.055 1.035 1.018 0.986 0.959 0.924
1.049 1.072 1.118 1.027 0.831 0.771 0.792 0.823 0.828 0.848 0.861 0.883 0.895 0.89 0.917 0.961 0.994 1.01 1.04 1.056 1.062 1.099 1.134 1.147 1.121 1.14 1.135 1.143 1.129 1.146 1.149 1.135 1.065 1.041 1.088 1.088 1.086 1.06 1.035 1.018 0.959 0.968 0.941 1.001 0.996 1.018 1.035 1.051 1.066 1.067 1.058 1.037 1.057 1.101 1.105 1.096 1.087 1.084 1.095 1.097 1.092 1.081 1.082 1.078 1.051 1.037 1.027 1.027 1.02 1.009 1.034 1.049 1.056 1.047 1.047 1.039 1.025
1.097 1.073 1.131 1.066 0.894 0.803 0.824 0.836 0.858 0.875 0.871 0.901 0.936 0.93 0.949 1.009 1.022 1.045 1.067 1.094 1.129 1.148 1.148 1.131 1.099 1.13 1.145 1.127 1.099 1.107 1.146 1.152 1.118 1.06 1.059 1.045 1.023 0.978 0.944 0.964 0.974 0.971 0.979 1.002 1.006 1.032 1.065 1.087 1.082 1.073 1.062 1.058 1.077 1.107 1.115 1.107 1.092 1.094 1.107 1.106 1.094 1.089 1.092 1.096 1.086 1.084 1.074 1.055 1.025 1.006 1.016 1.022 1.032 1.031 1.031 1.053 1.062
1.134 1.099 1.135 1.071 0.914 0.839 0.833 0.852 0.877 0.912 0.899 0.934 0.968 0.991 0.996 1.03 1.061 1.089 1.112 1.137 1.139 1.136 1.13 1.112 1.117 1.147 1.154 1.12 1.077 1.047 1.113 1.153 1.143 1.118 1.072 1.042 0.994 0.982 0.983 1.028 1.029 1.014 1.057 1.068 1.076 1.084 1.094 1.095 1.081 1.07 1.067 1.065 1.105 1.118 1.12 1.113 1.088 1.08 1.074 1.079 1.072 1.062 1.065 1.076 1.093 1.103 1.093 1.103 1.099 1.083 1.049 1.021 1.033 1.034 1.047 1.059 1.066
1.177 1.165 1.159 1.087 0.951 0.875 0.859 0.881 0.921 0.953 0.959 0.987 1 1.031 1.046 1.063 1.091 1.118 1.112 1.121 1.084 1.062 1.082 1.081 1.118 1.15 1.162 1.143 1.096 1.028 1.074 1.117 1.15 1.14 1.096 1.013 1.006 1.033 1.072 1.092 1.051 1.042 1.097 1.104 1.106 1.107 1.108 1.102 1.089 1.049 1.043 1.047 1.113 1.12 1.12 1.099 1.074 1.056 1.029 1.059 1.065 1.057 1.047 1.052 1.048 1.082 1.094 1.099 1.109 1.109 1.109 1.1 1.096 1.096 1.096 1.098 1.1
1.154 1.168 1.173 1.118 1.033 0.944 0.933 0.961 0.976 1.013 1.018 1.035 1.043 1.067 1.08 1.104 1.124 1.119 1.06 1.046 1.028 1.011 1.028 1.066 1.097 1.129 1.156 1.162 1.144 1.066 1.073 1.066 1.123 1.144 1.13 1.081 1.085 1.105 1.122 1.108 1.102 1.086 1.12 1.116 1.117 1.091 1.054 1.048 1.09 1.084 1.047 1.03 1.075 1.086 1.093 1.08 1.077 1.058 1.025 1.031 1.057 1.052 1.033 1.025 1.021 1.033 1.06 1.064 1.076 1.088 1.095 1.107 1.107 1.106 1.106 1.1 1.101
1.157 1.163 1.182 1.148 1.108 1.078 1.072 1.072 1.05 1.053 1.071 1.087 1.093 1.108 1.119 1.138 1.139 1.089 1.069 1.052 1.066 1.044 1.013 1.057 1.072 1.099 1.149 1.162 1.148 1.115 1.109 1.062 1.065 1.093 1.072 1.096 1.096 1.104 1.098 1.091 1.111 1.12 1.12 1.09 1.094 1.107 1.088 1.055 1.07 1.029 1.076 1.059 1.018 1.006 1.057 1.067 1.037 1.028 1.013 1 1.05 1.042 1.027 1.032 1.027 1.021 1.047 1.058 1.049 1.06 1.081 1.091 1.09 1.091 1.091 1.092 1.092
1.158 1.173 1.185 1.171 1.153 1.152 1.153 1.149 1.131 1.115 1.123 1.13 1.136 1.127 1.085 1.122 1.098 1.033 1.063 1.093 1.087 1.059 1.016 1.043 1.067 1.097 1.157 1.155 1.141 1.12 1.123 1.074 1.02 1.053 1.041 1.039 1.072 1.065 1.032 1.066 1.062 1.077 1.069 1.021 1.073 1.088 1.081 1.098 1.082 1.039 1.058 1.088 0.979 0.93 0.985 1.028 1.013 0.994 0.983 1.016 1.044 1.054 1.049 1.041 1.019 1.021 1.039 1.056 1.065 1.066 1.069 1.077 1.077 1.073 1.065 1.067 1.076
