data/climatemaps/RS_maps/climate_breeding_pr_2018.asc
NCOLS 369 
NROWS 228 
XLLCORNER 479000 
YLLCORNER 73000 
CELLSIZE 1000 
NODATA_value -9 
[rows 66 to 98 of 228, columns 74 to 147 of 369]
-1.015 -1.01 -1.014 -1.021 -1.024 -1.01 -0.983 -0.965 -0.978 -1.044 -1.086 -1.083 -1.065 -1.025 -0.985 -0.965 -0.966 -0.986 -1.016 -1.047 -1.071 -1.087 -1.093 -1.092 -1.093 -1.098 -1.116 -1.141 -1.166 -1.185 -1.186 -1.158 -1.111 -1.054 -1.015 -1 -1.012 -1.036 -1.063 -1.085 -1.1 -1.08 -1.05 -1.009 -0.963 -0.914 -0.873 -0.85 -0.851 -0.844 -0.828 -0.802 -0.765 -0.74 -0.735 -0.755 -0.79 -0.835 -0.871 -0.896 -0.92 -0.943 -0.968 -1.006 -1.042 -1.089 -1.14 -1.193 -1.242 -1.281 -1.303 -1.329 -1.343 -1.356
-1.003 -1.003 -1.01 -1.016 -1.016 -0.999 -0.971 -0.956 -0.975 -1.041 -1.076 -1.065 -1.047 -1.01 -0.974 -0.96 -0.969 -0.996 -1.029 -1.058 -1.078 -1.089 -1.091 -1.083 -1.077 -1.079 -1.099 -1.133 -1.166 -1.192 -1.197 -1.165 -1.118 -1.07 -1.037 -1.023 -1.026 -1.037 -1.048 -1.062 -1.051 -1.016 -0.976 -0.929 -0.883 -0.836 -0.811 -0.801 -0.797 -0.787 -0.774 -0.762 -0.744 -0.734 -0.742 -0.788 -0.841 -0.891 -0.933 -0.969 -1.005 -1.033 -1.061 -1.09 -1.118 -1.15 -1.188 -1.23 -1.266 -1.295 -1.32 -1.343 -1.353 -1.355
-0.991 -0.998 -1.007 -1.013 -1.008 -0.988 -0.964 -0.957 -0.976 -1.03 -1.055 -1.041 -1.026 -0.996 -0.97 -0.965 -0.982 -1.014 -1.049 -1.076 -1.093 -1.099 -1.094 -1.08 -1.067 -1.065 -1.087 -1.134 -1.18 -1.216 -1.225 -1.199 -1.157 -1.108 -1.076 -1.063 -1.06 -1.058 -1.051 -1.044 -1.019 -0.981 -0.937 -0.89 -0.844 -0.799 -0.764 -0.751 -0.751 -0.758 -0.778 -0.785 -0.788 -0.8 -0.826 -0.863 -0.909 -0.964 -1.019 -1.068 -1.105 -1.129 -1.153 -1.172 -1.19 -1.209 -1.234 -1.259 -1.287 -1.316 -1.334 -1.347 -1.351 -1.35
-0.977 -0.99 -1.001 -1.008 -1 -0.984 -0.97 -0.973 -0.992 -1.021 -1.018 -1.011 -1.001 -0.979 -0.964 -0.97 -0.996 -1.032 -1.067 -1.094 -1.11 -1.116 -1.109 -1.094 -1.08 -1.079 -1.103 -1.15 -1.199 -1.234 -1.242 -1.217 -1.172 -1.124 -1.088 -1.064 -1.051 -1.042 -1.028 -1.002 -0.963 -0.922 -0.877 -0.831 -0.793 -0.776 -0.762 -0.767 -0.78 -0.806 -0.831 -0.851 -0.868 -0.888 -0.913 -0.944 -0.989 -1.046 -1.106 -1.157 -1.19 -1.213 -1.23 -1.241 -1.25 -1.265 -1.278 -1.291 -1.311 -1.329 -1.336 -1.34 -1.345 -1.351
-0.961 -0.978 -0.993 -1.003 -0.998 -0.991 -0.992 -0.998 -0.999 -0.989 -0.984 -0.98 -0.97 -0.958 -0.954 -0.972 -1.005 -1.043 -1.081 -1.11 -1.131 -1.142 -1.141 -1.131 -1.115 -1.109 -1.127 -1.167 -1.213 -1.235 -1.229 -1.192 -1.137 -1.08 -1.036 -1.004 -0.982 -0.964 -0.945 -0.917 -0.885 -0.851 -0.817 -0.798 -0.8 -0.81 -0.825 -0.845 -0.863 -0.887 -0.914 -0.936 -0.958 -0.98 -1.003 -1.043 -1.09 -1.141 -1.193 -1.235 -1.263 -1.278 -1.285 -1.282 -1.281 -1.291 -1.302 -1.315 -1.325 -1.326 -1.326 -1.331 -1.34 -1.347
-0.951 -0.973 -0.99 -1.001 -1.007 -1.015 -1.021 -1.001 -0.973 -0.956 -0.95 -0.94 -0.929 -0.928 -0.941 -0.969 -1.005 -1.045 -1.087 -1.124 -1.154 -1.17 -1.173 -1.164 -1.15 -1.145 -1.157 -1.188 -1.221 -1.225 -1.206 -1.161 -1.099 -1.034 -0.979 -0.939 -0.91 -0.889 -0.875 -0.858 -0.84 -0.823 -0.814 -0.825 -0.858 -0.885 -0.914 -0.937 -0.959 -0.983 -1.008 -1.031 -1.053 -1.073 -1.099 -1.139 -1.181 -1.225 -1.265 -1.296 -1.315 -1.319 -1.315 -1.305 -1.297 -1.302 -1.311 -1.319 -1.323 -1.319 -1.321 -1.327 -1.335 -1.341
-0.948 -0.973 -0.989 -1.006 -1.033 -1.043 -1.02 -0.981 -0.951 -0.926 -0.907 -0.891 -0.889 -0.899 -0.922 -0.956 -0.995 -1.04 -1.087 -1.133 -1.17 -1.194 -1.206 -1.208 -1.202 -1.195 -1.199 -1.215 -1.228 -1.218 -1.196 -1.151 -1.091 -1.027 -0.97 -0.923 -0.886 -0.86 -0.847 -0.84 -0.841 -0.849 -0.868 -0.904 -0.944 -0.981 -1.015 -1.04 -1.061 -1.084 -1.107 -1.125 -1.143 -1.161 -1.184 -1.216 -1.251 -1.286 -1.315 -1.337 -1.345 -1.339 -1.326 -1.315 -1.307 -1.308 -1.315 -1.316 -1.316 -1.315 -1.316 -1.319 -1.327 -1.335
-0.948 -0.974 -0.995 -1.023 -1.064 -1.046 -1.011 -0.971 -0.928 -0.89 -0.863 -0.851 -0.857 -0.873 -0.901 -0.937 -0.981 -1.031 -1.086 -1.144 -1.192 -1.23 -1.254 -1.265 -1.263 -1.254 -1.248 -1.246 -1.235 -1.226 -1.213 -1.179 -1.135 -1.071 -1.003 -0.94 -0.897 -0.871 -0.863 -0.87 -0.891 -0.926 -0.967 -1.009 -1.047 -1.083 -1.113 -1.134 -1.153 -1.171 -1.187 -1.202 -1.215 -1.228 -1.244 -1.268 -1.294 -1.322 -1.343 -1.356 -1.357 -1.346 -1.33 -1.317 -1.308 -1.306 -1.311 -1.311 -1.309 -1.304 -1.305 -1.311 -1.319 -1.329
-0.953 -0.98 -1.012 -1.055 -1.075 -1.046 -1.012 -0.962 -0.907 -0.863 -0.837 -0.828 -0.835 -0.853 -0.883 -0.925 -0.977 -1.036 -1.102 -1.17 -1.223 -1.259 -1.279 -1.286 -1.28 -1.264 -1.251 -1.243 -1.236 -1.236 -1.229 -1.209 -1.177 -1.107 -1.037 -0.978 -0.942 -0.919 -0.919 -0.94 -0.975 -1.021 -1.069 -1.11 -1.146 -1.176 -1.196 -1.211 -1.221 -1.231 -1.24 -1.25 -1.257 -1.263 -1.276 -1.299 -1.321 -1.34 -1.353 -1.359 -1.355 -1.342 -1.324 -1.307 -1.296 -1.299 -1.304 -1.302 -1.298 -1.295 -1.301 -1.305 -1.309 -1.323
-0.958 -1 -1.054 -1.084 -1.076 -1.055 -1.017 -0.961 -0.902 -0.856 -0.831 -0.82 -0.828 -0.848 -0.885 -0.939 -1.002 -1.069 -1.135 -1.184 -1.213 -1.227 -1.225 -1.226 -1.216 -1.192 -1.174 -1.165 -1.176 -1.184 -1.181 -1.192 -1.19 -1.132 -1.084 -1.037 -0.997 -0.984 -0.997 -1.03 -1.073 -1.12 -1.163 -1.201 -1.232 -1.252 -1.26 -1.261 -1.258 -1.254 -1.254 -1.258 -1.261 -1.273 -1.293 -1.318 -1.336 -1.347 -1.351 -1.352 -1.343 -1.327 -1.306 -1.293 -1.287 -1.289 -1.292 -1.289 -1.289 -1.289 -1.288 -1.284 -1.294 -1.314
-0.967 -1.031 -1.078 -1.095 -1.087 -1.065 -1.026 -0.968 -0.908 -0.863 -0.839 -0.829 -0.835 -0.862 -0.912 -0.978 -1.05 -1.106 -1.137 -1.144 -1.138 -1.133 -1.126 -1.121 -1.104 -1.083 -1.066 -1.057 -1.071 -1.09 -1.114 -1.156 -1.193 -1.174 -1.133 -1.097 -1.088 -1.092 -1.106 -1.133 -1.169 -1.208 -1.245 -1.277 -1.301 -1.309 -1.3 -1.28 -1.261 -1.241 -1.232 -1.238 -1.254 -1.278 -1.305 -1.324 -1.338 -1.344 -1.345 -1.341 -1.327 -1.309 -1.29 -1.281 -1.275 -1.268 -1.272 -1.274 -1.271 -1.262 -1.252 -1.253 -1.27 -1.301
-0.974 -1.031 -1.088 -1.093 -1.093 -1.071 -1.031 -0.978 -0.923 -0.881 -0.861 -0.854 -0.865 -0.901 -0.962 -1.029 -1.074 -1.087 -1.077 -1.059 -1.041 -1.027 -1.017 -1.005 -0.989 -0.97 -0.957 -0.958 -0.984 -1.034 -1.087 -1.142 -1.185 -1.207 -1.2 -1.193 -1.185 -1.179 -1.185 -1.211 -1.246 -1.281 -1.311 -1.335 -1.348 -1.34 -1.308 -1.27 -1.238 -1.212 -1.204 -1.22 -1.246 -1.277 -1.303 -1.322 -1.333 -1.338 -1.336 -1.33 -1.314 -1.296 -1.278 -1.269 -1.25 -1.237 -1.243 -1.238 -1.227 -1.221 -1.212 -1.212 -1.242 -1.288
-0.977 -1.038 -1.061 -1.07 -1.086 -1.067 -1.034 -0.989 -0.943 -0.911 -0.902 -0.906 -0.926 -0.967 -1.012 -1.03 -1.02 -1.007 -0.984 -0.955 -0.932 -0.914 -0.908 -0.898 -0.891 -0.882 -0.885 -0.896 -0.934 -0.983 -1.041 -1.104 -1.177 -1.24 -1.263 -1.261 -1.247 -1.248 -1.267 -1.292 -1.316 -1.339 -1.357 -1.369 -1.367 -1.34 -1.296 -1.254 -1.217 -1.193 -1.187 -1.198 -1.225 -1.267 -1.299 -1.321 -1.328 -1.33 -1.325 -1.316 -1.303 -1.285 -1.269 -1.249 -1.227 -1.209 -1.214 -1.188 -1.18 -1.177 -1.167 -1.174 -1.222 -1.268
-0.984 -1.013 -1.032 -1.052 -1.064 -1.053 -1.029 -0.996 -0.964 -0.949 -0.956 -0.971 -0.997 -1.006 -0.994 -0.975 -0.948 -0.91 -0.875 -0.844 -0.827 -0.82 -0.824 -0.827 -0.825 -0.819 -0.822 -0.851 -0.89 -0.925 -0.998 -1.096 -1.198 -1.268 -1.3 -1.307 -1.305 -1.317 -1.339 -1.356 -1.37 -1.379 -1.384 -1.38 -1.364 -1.326 -1.28 -1.237 -1.203 -1.172 -1.166 -1.183 -1.224 -1.268 -1.301 -1.321 -1.328 -1.323 -1.316 -1.305 -1.288 -1.272 -1.247 -1.215 -1.198 -1.17 -1.175 -1.141 -1.126 -1.12 -1.11 -1.143 -1.194 -1.242
-0.944 -0.972 -1.006 -1.025 -1.035 -1.027 -1.013 -0.998 -0.987 -0.993 -1.006 -1.009 -0.994 -0.976 -0.95 -0.914 -0.867 -0.818 -0.782 -0.766 -0.767 -0.779 -0.782 -0.776 -0.77 -0.777 -0.803 -0.834 -0.854 -0.922 -1.018 -1.128 -1.219 -1.284 -1.32 -1.345 -1.36 -1.371 -1.385 -1.396 -1.4 -1.394 -1.388 -1.372 -1.352 -1.311 -1.267 -1.22 -1.181 -1.161 -1.157 -1.181 -1.236 -1.277 -1.307 -1.324 -1.328 -1.32 -1.311 -1.299 -1.274 -1.249 -1.212 -1.188 -1.176 -1.156 -1.131 -1.1 -1.07 -1.064 -1.062 -1.098 -1.15 -1.199
-0.896 -0.937 -0.971 -0.986 -0.995 -0.992 -0.991 -0.993 -0.997 -0.999 -0.986 -0.975 -0.96 -0.936 -0.898 -0.839 -0.787 -0.75 -0.738 -0.744 -0.756 -0.767 -0.754 -0.762 -0.786 -0.81 -0.825 -0.845 -0.896 -0.991 -1.088 -1.167 -1.24 -1.3 -1.341 -1.367 -1.387 -1.399 -1.41 -1.415 -1.401 -1.388 -1.387 -1.367 -1.342 -1.299 -1.254 -1.215 -1.186 -1.177 -1.182 -1.222 -1.264 -1.292 -1.315 -1.328 -1.33 -1.319 -1.308 -1.293 -1.269 -1.236 -1.202 -1.177 -1.161 -1.132 -1.091 -1.062 -1.018 -1.004 -1.017 -1.051 -1.1 -1.142
-0.85 -0.897 -0.928 -0.94 -0.948 -0.95 -0.96 -0.972 -0.966 -0.96 -0.952 -0.938 -0.913 -0.881 -0.832 -0.772 -0.731 -0.726 -0.736 -0.754 -0.769 -0.774 -0.782 -0.81 -0.837 -0.85 -0.869 -0.917 -0.993 -1.075 -1.142 -1.204 -1.262 -1.314 -1.351 -1.377 -1.399 -1.412 -1.42 -1.419 -1.406 -1.398 -1.386 -1.361 -1.33 -1.294 -1.259 -1.23 -1.216 -1.224 -1.245 -1.269 -1.289 -1.308 -1.325 -1.333 -1.331 -1.319 -1.305 -1.288 -1.261 -1.233 -1.207 -1.172 -1.151 -1.102 -1.064 -1.023 -0.978 -0.949 -0.972 -0.995 -1.052 -1.101
-0.809 -0.854 -0.879 -0.888 -0.894 -0.898 -0.906 -0.912 -0.914 -0.92 -0.918 -0.903 -0.875 -0.835 -0.776 -0.731 -0.72 -0.731 -0.753 -0.78 -0.799 -0.812 -0.829 -0.851 -0.875 -0.903 -0.951 -1.021 -1.091 -1.145 -1.195 -1.238 -1.276 -1.313 -1.347 -1.373 -1.402 -1.415 -1.419 -1.414 -1.402 -1.388 -1.374 -1.354 -1.325 -1.298 -1.28 -1.269 -1.274 -1.28 -1.288 -1.295 -1.306 -1.321 -1.333 -1.336 -1.331 -1.319 -1.303 -1.283 -1.245 -1.22 -1.199 -1.17 -1.136 -1.084 -1.041 -0.985 -0.941 -0.917 -0.935 -0.955 -1.008 -1.054
-0.772 -0.811 -0.83 -0.836 -0.836 -0.828 -0.831 -0.844 -0.866 -0.889 -0.901 -0.891 -0.859 -0.802 -0.743 -0.723 -0.727 -0.75 -0.785 -0.817 -0.837 -0.849 -0.86 -0.883 -0.925 -0.983 -1.046 -1.115 -1.166 -1.208 -1.242 -1.266 -1.289 -1.32 -1.355 -1.384 -1.404 -1.412 -1.407 -1.394 -1.379 -1.365 -1.358 -1.355 -1.345 -1.334 -1.332 -1.323 -1.315 -1.31 -1.306 -1.305 -1.317 -1.329 -1.336 -1.335 -1.33 -1.318 -1.301 -1.275 -1.231 -1.206 -1.19 -1.157 -1.112 -1.071 -1.026 -0.967 -0.914 -0.889 -0.9 -0.923 -0.967 -1.01
-0.736 -0.768 -0.777 -0.78 -0.768 -0.758 -0.771 -0.799 -0.841 -0.876 -0.895 -0.888 -0.848 -0.774 -0.726 -0.725 -0.739 -0.774 -0.824 -0.859 -0.877 -0.882 -0.897 -0.937 -1.005 -1.072 -1.132 -1.186 -1.232 -1.262 -1.276 -1.284 -1.307 -1.338 -1.364 -1.387 -1.403 -1.404 -1.391 -1.375 -1.361 -1.354 -1.361 -1.372 -1.377 -1.378 -1.365 -1.348 -1.336 -1.325 -1.31 -1.308 -1.32 -1.329 -1.334 -1.332 -1.327 -1.315 -1.298 -1.27 -1.233 -1.204 -1.183 -1.144 -1.09 -1.042 -0.99 -0.94 -0.901 -0.863 -0.879 -0.907 -0.943 -0.987
-0.704 -0.72 -0.723 -0.72 -0.71 -0.721 -0.757 -0.808 -0.858 -0.898 -0.911 -0.9 -0.841 -0.755 -0.72 -0.731 -0.752 -0.81 -0.87 -0.908 -0.924 -0.934 -0.973 -1.028 -1.085 -1.14 -1.195 -1.246 -1.286 -1.301 -1.303 -1.311 -1.33 -1.348 -1.367 -1.387 -1.4 -1.397 -1.38 -1.364 -1.349 -1.35 -1.369 -1.384 -1.394 -1.391 -1.374 -1.358 -1.344 -1.329 -1.309 -1.306 -1.315 -1.322 -1.329 -1.326 -1.322 -1.312 -1.293 -1.266 -1.24 -1.211 -1.179 -1.132 -1.08 -1.02 -0.954 -0.903 -0.876 -0.848 -0.871 -0.89 -0.915 -0.946
-0.673 -0.677 -0.666 -0.67 -0.687 -0.728 -0.793 -0.865 -0.925 -0.967 -0.967 -0.925 -0.829 -0.747 -0.73 -0.752 -0.792 -0.865 -0.931 -0.971 -0.996 -1.027 -1.067 -1.105 -1.145 -1.195 -1.247 -1.293 -1.321 -1.332 -1.339 -1.345 -1.35 -1.358 -1.372 -1.387 -1.397 -1.393 -1.377 -1.362 -1.344 -1.351 -1.369 -1.385 -1.398 -1.395 -1.377 -1.36 -1.342 -1.323 -1.302 -1.302 -1.304 -1.31 -1.321 -1.321 -1.315 -1.306 -1.288 -1.265 -1.24 -1.211 -1.174 -1.127 -1.076 -1.01 -0.931 -0.884 -0.858 -0.843 -0.861 -0.867 -0.883 -0.897
-0.654 -0.639 -0.622 -0.643 -0.692 -0.771 -0.868 -0.953 -1.009 -1.029 -1.001 -0.925 -0.816 -0.757 -0.758 -0.789 -0.856 -0.94 -1.014 -1.059 -1.09 -1.113 -1.135 -1.159 -1.194 -1.238 -1.284 -1.323 -1.348 -1.364 -1.369 -1.365 -1.363 -1.365 -1.374 -1.384 -1.386 -1.379 -1.371 -1.361 -1.349 -1.356 -1.369 -1.384 -1.394 -1.391 -1.374 -1.356 -1.332 -1.315 -1.303 -1.301 -1.295 -1.303 -1.314 -1.313 -1.305 -1.297 -1.279 -1.261 -1.243 -1.216 -1.171 -1.143 -1.083 -1.006 -0.936 -0.891 -0.856 -0.846 -0.861 -0.859 -0.863 -0.856
-0.635 -0.601 -0.596 -0.648 -0.736 -0.84 -0.943 -1.022 -1.057 -1.047 -0.989 -0.898 -0.804 -0.776 -0.794 -0.851 -0.944 -1.024 -1.088 -1.128 -1.151 -1.166 -1.18 -1.2 -1.229 -1.264 -1.3 -1.335 -1.363 -1.376 -1.379 -1.374 -1.369 -1.367 -1.371 -1.372 -1.361 -1.351 -1.346 -1.339 -1.333 -1.339 -1.355 -1.368 -1.374 -1.372 -1.357 -1.342 -1.326 -1.312 -1.305 -1.301 -1.297 -1.303 -1.309 -1.305 -1.296 -1.282 -1.26 -1.242 -1.232 -1.218 -1.184 -1.156 -1.093 -1.017 -0.971 -0.915 -0.877 -0.861 -0.877 -0.875 -0.862 -0.854
-0.606 -0.578 -0.601 -0.679 -0.79 -0.908 -1.006 -1.064 -1.067 -1.022 -0.943 -0.849 -0.8 -0.819 -0.853 -0.932 -1.015 -1.086 -1.14 -1.17 -1.186 -1.202 -1.213 -1.227 -1.245 -1.265 -1.295 -1.336 -1.36 -1.375 -1.379 -1.374 -1.368 -1.363 -1.36 -1.35 -1.323 -1.309 -1.293 -1.287 -1.289 -1.305 -1.326 -1.339 -1.347 -1.34 -1.333 -1.326 -1.325 -1.315 -1.305 -1.301 -1.301 -1.3 -1.299 -1.292 -1.281 -1.254 -1.227 -1.205 -1.204 -1.211 -1.187 -1.148 -1.088 -1.038 -1.012 -0.961 -0.924 -0.909 -0.918 -0.894 -0.901 -0.89
-0.575 -0.57 -0.62 -0.721 -0.848 -0.965 -1.048 -1.078 -1.042 -0.968 -0.881 -0.817 -0.831 -0.862 -0.914 -0.996 -1.069 -1.133 -1.173 -1.18 -1.206 -1.228 -1.229 -1.224 -1.233 -1.251 -1.295 -1.327 -1.348 -1.366 -1.372 -1.368 -1.36 -1.349 -1.338 -1.307 -1.281 -1.253 -1.231 -1.213 -1.213 -1.238 -1.274 -1.294 -1.309 -1.319 -1.32 -1.317 -1.317 -1.307 -1.3 -1.301 -1.298 -1.287 -1.28 -1.269 -1.241 -1.227 -1.195 -1.178 -1.17 -1.188 -1.171 -1.139 -1.099 -1.084 -1.061 -1.001 -0.965 -0.977 -0.974 -0.967 -0.947 -0.904
-0.552 -0.578 -0.657 -0.774 -0.9 -1.004 -1.063 -1.056 -0.991 -0.907 -0.851 -0.846 -0.878 -0.913 -0.978 -1.047 -1.116 -1.164 -1.183 -1.214 -1.236 -1.24 -1.226 -1.213 -1.224 -1.261 -1.293 -1.32 -1.344 -1.359 -1.363 -1.356 -1.341 -1.325 -1.307 -1.27 -1.231 -1.185 -1.145 -1.122 -1.132 -1.154 -1.192 -1.209 -1.222 -1.247 -1.279 -1.299 -1.308 -1.304 -1.297 -1.296 -1.285 -1.263 -1.237 -1.23 -1.213 -1.185 -1.139 -1.134 -1.105 -1.146 -1.164 -1.139 -1.139 -1.131 -1.081 -1.046 -1.027 -1.049 -1.042 -1.019 -0.966 -0.911
-0.56 -0.616 -0.711 -0.827 -0.945 -1.029 -1.059 -1.021 -0.947 -0.896 -0.882 -0.898 -0.933 -0.978 -1.031 -1.096 -1.158 -1.192 -1.22 -1.246 -1.253 -1.241 -1.22 -1.219 -1.242 -1.267 -1.284 -1.314 -1.339 -1.352 -1.351 -1.336 -1.322 -1.308 -1.268 -1.222 -1.173 -1.12 -1.065 -1.044 -1.057 -1.088 -1.121 -1.143 -1.165 -1.195 -1.23 -1.26 -1.282 -1.298 -1.3 -1.286 -1.259 -1.226 -1.187 -1.171 -1.163 -1.131 -1.093 -1.077 -1.041 -1.073 -1.137 -1.159 -1.165 -1.142 -1.107 -1.093 -1.104 -1.11 -1.073 -1.046 -1.018 -0.962
-0.601 -0.675 -0.778 -0.889 -0.987 -1.045 -1.056 -1.013 -0.959 -0.932 -0.934 -0.961 -0.997 -1.039 -1.089 -1.146 -1.197 -1.234 -1.259 -1.271 -1.269 -1.252 -1.241 -1.242 -1.26 -1.273 -1.29 -1.317 -1.337 -1.346 -1.336 -1.32 -1.314 -1.273 -1.227 -1.171 -1.116 -1.059 -1.009 -1.007 -1.013 -1.054 -1.082 -1.104 -1.127 -1.166 -1.204 -1.237 -1.266 -1.283 -1.284 -1.262 -1.216 -1.169 -1.132 -1.109 -1.115 -1.069 -1.031 -1.007 -0.961 -0.999 -1.076 -1.131 -1.164 -1.16 -1.151 -1.156 -1.159 -1.144 -1.117 -1.107 -1.052 -0.987
-0.672 -0.759 -0.862 -0.959 -1.035 -1.072 -1.074 -1.043 -1.006 -0.989 -0.998 -1.022 -1.055 -1.097 -1.143 -1.19 -1.229 -1.258 -1.278 -1.288 -1.288 -1.279 -1.273 -1.273 -1.28 -1.29 -1.306 -1.324 -1.34 -1.341 -1.322 -1.316 -1.307 -1.256 -1.21 -1.148 -1.088 -1.038 -1.012 -1.015 -1.034 -1.059 -1.084 -1.104 -1.131 -1.172 -1.203 -1.239 -1.266 -1.274 -1.263 -1.216 -1.16 -1.107 -1.078 -1.062 -1.051 -1.003 -0.96 -0.916 -0.899 -0.936 -0.985 -1.071 -1.118 -1.149 -1.166 -1.176 -1.173 -1.173 -1.155 -1.115 -1.064 -1.002
-0.772 -0.863 -0.96 -1.04 -1.096 -1.117 -1.112 -1.09 -1.066 -1.052 -1.057 -1.078 -1.11 -1.149 -1.188 -1.224 -1.254 -1.275 -1.291 -1.299 -1.3 -1.299 -1.297 -1.296 -1.3 -1.309 -1.32 -1.334 -1.344 -1.337 -1.323 -1.313 -1.306 -1.269 -1.218 -1.168 -1.121 -1.075 -1.052 -1.061 -1.065 -1.079 -1.105 -1.137 -1.165 -1.193 -1.222 -1.263 -1.284 -1.281 -1.251 -1.188 -1.128 -1.078 -1.036 -1.008 -0.969 -0.923 -0.884 -0.836 -0.829 -0.847 -0.903 -0.997 -1.035 -1.082 -1.118 -1.15 -1.173 -1.187 -1.166 -1.124 -1.077 -1.02
-0.888 -0.975 -1.06 -1.125 -1.16 -1.168 -1.156 -1.135 -1.115 -1.105 -1.111 -1.131 -1.159 -1.191 -1.222 -1.249 -1.271 -1.286 -1.297 -1.302 -1.303 -1.305 -1.307 -1.309 -1.315 -1.323 -1.331 -1.341 -1.346 -1.339 -1.329 -1.316 -1.315 -1.291 -1.242 -1.204 -1.158 -1.119 -1.103 -1.11 -1.108 -1.123 -1.148 -1.177 -1.198 -1.22 -1.249 -1.293 -1.308 -1.305 -1.267 -1.217 -1.131 -1.056 -0.992 -0.988 -0.933 -0.881 -0.822 -0.785 -0.755 -0.785 -0.85 -0.907 -0.936 -0.999 -1.043 -1.074 -1.12 -1.179 -1.187 -1.151 -1.111 -1.045
-1.003 -1.079 -1.147 -1.193 -1.211 -1.207 -1.19 -1.17 -1.155 -1.151 -1.158 -1.175 -1.198 -1.221 -1.243 -1.262 -1.277 -1.288 -1.296 -1.296 -1.294 -1.299 -1.306 -1.313 -1.321 -1.328 -1.335 -1.342 -1.344 -1.341 -1.338 -1.33 -1.333 -1.31 -1.278 -1.244 -1.201 -1.169 -1.159 -1.169 -1.181 -1.194 -1.213 -1.231 -1.245 -1.264 -1.288 -1.314 -1.327 -1.326 -1.306 -1.26 -1.17 -1.082 -1.014 -1.018 -0.948 -0.889 -0.813 -0.741 -0.722 -0.76 -0.77 -0.81 -0.842 -0.912 -0.944 -0.983 -1.027 -1.127 -1.179 -1.159 -1.12 -1.053
