data/climatemaps/RS_maps/climate_breeding_pr_2004.asc
NCOLS 369 
NROWS 228 
XLLCORNER 479000 
YLLCORNER 73000 
CELLSIZE 1000 
NODATA_value -9 
[rows 132 to 164 of 228, columns 76 to 151 of 369]
-1.275 -1.208 -1.165 -1.141 -1.121 -1.082 -1.052 -1.032 -0.973 -0.908 -0.832 -0.749 -0.668 -0.629 -0.631 -0.684 -0.792 -0.907 -1.003 -1.035 -0.958 -0.797 -0.58 -0.368 -0.216 -0.074 0.031 0.073 0.12 0.247 0.235 0.2 0.005 -0.069 0.029 0.208 0.254 0.271 0.346 0.561 0.647 0.645 0.513 0.38 0.214 0.08 -0.051 -0.027 -0.001 0.016 -0.024 0.009 0.035 0.011 -0.002 -0.058 -0.112 -0.19 -0.17 -0.137 -0.17 -0.207 -0.283 -0.303 -0.37 -0.455 -0.512 -0.518 -0.504 -0.464 -0.42 -0.379 -0.34 -0.312 -0.278 -0.203
-1.23 -1.171 -1.136 -1.107 -1.075 -1.05 -1.04 -1.007 -0.948 -0.89 -0.826 -0.75 -0.687 -0.655 -0.666 -0.742 -0.851 -0.947 -1.032 -1.05 -0.943 -0.758 -0.536 -0.398 -0.298 -0.225 -0.166 -0.06 0.025 0.174 0.216 0.154 0.019 0.07 0.146 0.322 0.408 0.514 0.629 0.65 0.561 0.405 0.171 -0.04 -0.195 -0.29 -0.323 -0.355 -0.37 -0.387 -0.398 -0.4 -0.385 -0.365 -0.343 -0.355 -0.317 -0.233 -0.118 0.032 0.16 0.104 -0.155 -0.287 -0.314 -0.372 -0.436 -0.449 -0.472 -0.463 -0.428 -0.37 -0.306 -0.262 -0.12 0.027
-1.201 -1.14 -1.096 -1.054 -1.02 -1.005 -1.005 -0.987 -0.951 -0.902 -0.841 -0.772 -0.71 -0.678 -0.707 -0.803 -0.908 -0.99 -1.069 -1.073 -0.947 -0.737 -0.559 -0.508 -0.442 -0.396 -0.34 -0.237 -0.084 0.129 0.254 0.255 0.181 0.189 0.276 0.49 0.578 0.704 0.771 0.668 0.41 0.121 -0.151 -0.35 -0.396 -0.368 -0.351 -0.381 -0.405 -0.399 -0.405 -0.415 -0.426 -0.379 -0.398 -0.388 -0.236 -0.042 0.149 0.389 0.61 0.564 0.133 -0.235 -0.326 -0.336 -0.346 -0.313 -0.323 -0.343 -0.311 -0.234 -0.106 0.01 0.206 0.134
-1.179 -1.12 -1.052 -1 -0.965 -0.956 -0.967 -0.968 -0.956 -0.922 -0.865 -0.793 -0.734 -0.727 -0.785 -0.876 -0.959 -1.036 -1.111 -1.104 -0.964 -0.739 -0.598 -0.605 -0.596 -0.504 -0.371 -0.29 -0.147 0.128 0.289 0.28 0.299 0.241 0.416 0.547 0.601 0.629 0.724 0.511 0.243 -0.086 -0.346 -0.443 -0.377 -0.272 -0.181 -0.17 -0.165 -0.116 -0.12 -0.2 -0.269 -0.254 -0.411 -0.311 -0.063 0.23 0.447 0.666 0.826 0.725 0.314 -0.145 -0.373 -0.36 -0.313 -0.226 -0.119 -0.092 -0.037 0.002 0.197 0.397 0.379 0.222
-1.158 -1.097 -1.017 -0.957 -0.916 -0.914 -0.926 -0.937 -0.939 -0.922 -0.891 -0.836 -0.802 -0.821 -0.872 -0.934 -1.001 -1.062 -1.143 -1.134 -0.986 -0.761 -0.679 -0.711 -0.676 -0.541 -0.397 -0.297 -0.21 0.059 0.222 0.261 0.272 0.237 0.331 0.44 0.574 0.446 0.395 0.261 -0.064 -0.335 -0.447 -0.344 -0.234 -0.116 0.094 0.107 0.19 0.193 0.119 -0.036 -0.123 -0.252 -0.388 -0.191 0.102 0.438 0.757 0.895 0.759 0.541 0.215 -0.183 -0.425 -0.385 -0.283 -0.155 -0.044 0.092 0.215 0.297 0.517 0.624 0.458 0.499
-1.143 -1.073 -0.991 -0.924 -0.893 -0.883 -0.887 -0.903 -0.91 -0.909 -0.901 -0.886 -0.877 -0.891 -0.922 -0.972 -1.032 -1.09 -1.166 -1.162 -1.008 -0.85 -0.814 -0.799 -0.734 -0.623 -0.493 -0.352 -0.256 -0.015 0.124 0.151 0.055 0.082 0.046 0.189 0.338 0.267 0.081 -0.095 -0.325 -0.393 -0.337 -0.155 -0.019 0.114 0.391 0.381 0.399 0.304 0.157 0.042 -0.167 -0.318 -0.308 -0.057 0.242 0.587 0.953 0.886 0.628 0.3 0 -0.342 -0.467 -0.376 -0.198 -0.012 0.091 0.131 0.317 0.616 0.791 0.732 0.647 0.851
-1.125 -1.044 -0.968 -0.911 -0.877 -0.864 -0.867 -0.877 -0.882 -0.877 -0.875 -0.875 -0.884 -0.904 -0.941 -0.995 -1.054 -1.113 -1.175 -1.179 -1.054 -0.961 -0.882 -0.807 -0.767 -0.706 -0.603 -0.54 -0.343 -0.142 -0.136 -0.161 -0.257 -0.23 -0.214 0.014 0.224 0.165 -0.045 -0.268 -0.437 -0.35 -0.224 -0.007 0.221 0.425 0.616 0.52 0.365 0.23 0.033 -0.11 -0.256 -0.243 -0.162 0.096 0.379 0.746 0.915 0.719 0.409 0.058 -0.274 -0.461 -0.483 -0.334 -0.06 0.158 0.299 0.26 0.492 0.71 0.938 0.972 0.908 1.162
-1.106 -1.021 -0.948 -0.892 -0.869 -0.856 -0.864 -0.863 -0.842 -0.808 -0.796 -0.812 -0.837 -0.87 -0.924 -0.999 -1.062 -1.12 -1.176 -1.175 -1.078 -0.946 -0.808 -0.682 -0.603 -0.687 -0.738 -0.704 -0.523 -0.461 -0.466 -0.416 -0.375 -0.372 -0.368 -0.087 0.08 0.049 -0.115 -0.36 -0.503 -0.331 -0.152 0.095 0.443 0.609 0.642 0.585 0.474 0.182 -0.04 -0.11 -0.103 -0.038 -0.012 0.297 0.603 0.889 0.799 0.528 0.142 -0.235 -0.436 -0.461 -0.432 -0.322 -0.012 0.248 0.376 0.505 0.812 0.852 0.979 1.25 1.243 1.485
-1.088 -0.998 -0.92 -0.88 -0.878 -0.873 -0.867 -0.834 -0.774 -0.709 -0.687 -0.719 -0.765 -0.79 -0.87 -0.976 -1.052 -1.12 -1.173 -1.132 -0.963 -0.764 -0.616 -0.609 -0.458 -0.513 -0.685 -0.68 -0.675 -0.656 -0.456 -0.321 -0.272 -0.21 -0.334 -0.223 -0.088 -0.036 -0.185 -0.437 -0.54 -0.359 -0.097 0.206 0.553 0.665 0.855 0.814 0.7 0.203 0.2 0.157 0.136 0.078 0.185 0.456 0.73 0.832 0.575 0.235 -0.133 -0.419 -0.483 -0.379 -0.236 -0.292 -0.123 0.098 0.384 0.756 0.957 0.963 1.11 1.561 1.735 1.712
-1.065 -0.975 -0.915 -0.891 -0.876 -0.871 -0.852 -0.78 -0.681 -0.605 -0.603 -0.658 -0.678 -0.65 -0.78 -0.905 -1.013 -1.094 -1.151 -1.042 -0.808 -0.588 -0.5 -0.513 -0.39 -0.426 -0.604 -0.478 -0.517 -0.535 -0.311 -0.225 -0.137 -0.1 -0.302 -0.212 -0.089 -0.085 -0.285 -0.491 -0.593 -0.427 -0.086 0.281 0.56 0.785 1.019 0.966 0.632 0.238 0.309 0.388 0.379 0.199 0.418 0.659 0.735 0.624 0.356 -0.046 -0.342 -0.519 -0.477 -0.262 -0.077 -0.134 -0.179 0.047 0.47 0.716 0.784 1.061 1.341 1.622 1.861 1.816
-1.043 -0.975 -0.926 -0.889 -0.869 -0.858 -0.814 -0.711 -0.601 -0.559 -0.607 -0.628 -0.575 -0.563 -0.678 -0.808 -0.951 -1.057 -1.122 -1.005 -0.834 -0.574 -0.408 -0.407 -0.28 -0.298 -0.458 -0.284 -0.207 -0.21 -0.237 -0.065 0.006 -0.11 -0.185 -0.023 0.046 -0.068 -0.283 -0.435 -0.603 -0.492 -0.124 0.189 0.566 0.847 0.885 0.751 0.434 0.356 0.503 0.583 0.484 0.389 0.543 0.866 0.755 0.396 0.145 -0.197 -0.44 -0.575 -0.458 -0.189 0.09 0.081 0.009 0.017 0.237 0.421 0.653 0.973 1.142 1.515 1.756 1.705
-1.035 -0.974 -0.909 -0.876 -0.869 -0.839 -0.772 -0.67 -0.566 -0.554 -0.584 -0.561 -0.508 -0.522 -0.624 -0.697 -0.872 -1.032 -1.104 -1.03 -0.813 -0.483 -0.372 -0.273 -0.027 -0.154 -0.311 -0.088 -0.061 -0.089 -0.088 0.106 0.106 -0.034 0.061 0.196 0.188 -0.007 -0.181 -0.426 -0.643 -0.531 -0.28 0.07 0.491 0.823 1.067 0.826 0.447 0.415 0.444 0.613 0.689 0.667 0.595 0.858 0.583 0.27 -0.074 -0.325 -0.436 -0.59 -0.473 -0.196 0.198 0.276 0.273 0.145 0.401 0.417 0.458 0.65 0.927 1.29 1.583 1.594
-1.022 -0.946 -0.897 -0.875 -0.86 -0.814 -0.717 -0.602 -0.516 -0.527 -0.524 -0.454 -0.425 -0.435 -0.53 -0.586 -0.813 -1.015 -1.099 -1.002 -0.728 -0.435 -0.362 -0.116 0.093 0.013 -0.125 -0.041 0.014 0.029 0.154 0.257 0.162 0.147 0.318 0.348 0.223 0.119 -0.087 -0.456 -0.664 -0.581 -0.324 0.039 0.443 0.808 0.938 0.689 0.589 0.445 0.582 0.646 0.844 0.836 0.723 0.77 0.4 0.025 -0.233 -0.281 -0.28 -0.563 -0.475 -0.161 0.244 0.479 0.461 0.271 0.376 0.527 0.603 0.753 1.027 1.301 1.534 1.571
-0.999 -0.933 -0.888 -0.862 -0.843 -0.782 -0.664 -0.543 -0.488 -0.51 -0.456 -0.352 -0.284 -0.369 -0.419 -0.53 -0.793 -1.024 -1.072 -0.915 -0.654 -0.366 -0.24 0.002 0.219 0.162 -0.013 0.038 0.165 0.216 0.289 0.259 0.226 0.342 0.455 0.396 0.33 0.205 -0.052 -0.467 -0.667 -0.6 -0.395 -0.116 0.289 0.643 0.747 0.763 0.801 0.531 0.603 0.767 0.914 1.04 0.965 0.63 0.193 -0.184 -0.267 -0.16 -0.146 -0.498 -0.458 -0.128 0.333 0.632 0.655 0.471 0.352 0.423 0.611 0.903 1.11 1.276 1.294 1.285
-0.972 -0.917 -0.869 -0.846 -0.823 -0.754 -0.646 -0.548 -0.493 -0.497 -0.395 -0.261 -0.242 -0.337 -0.403 -0.574 -0.864 -1.024 -1.018 -0.808 -0.544 -0.268 -0.042 0.142 0.237 0.114 0.037 0.127 0.22 0.176 0.223 0.316 0.343 0.41 0.413 0.339 0.3 0.182 -0.131 -0.433 -0.639 -0.645 -0.477 -0.195 0.189 0.576 0.793 0.872 0.895 0.662 0.614 0.816 0.912 1.004 0.833 0.414 -0.005 -0.285 -0.202 -0.011 0.048 -0.354 -0.423 -0.105 0.302 0.687 0.84 0.718 0.633 0.549 0.534 0.736 0.999 1.177 1.049 0.905
-0.928 -0.889 -0.848 -0.83 -0.802 -0.735 -0.658 -0.593 -0.527 -0.481 -0.351 -0.259 -0.325 -0.394 -0.477 -0.697 -0.926 -0.995 -0.934 -0.74 -0.511 -0.193 0.078 0.196 0.19 0.096 0.077 0.157 0.168 0.109 0.126 0.296 0.304 0.339 0.347 0.249 0.155 0.049 -0.169 -0.319 -0.561 -0.661 -0.441 -0.236 0.087 0.425 0.651 0.786 0.907 0.762 0.664 0.772 0.879 0.809 0.572 0.215 -0.147 -0.301 -0.139 0.118 0.225 -0.127 -0.364 -0.166 0.16 0.55 0.805 0.846 0.896 0.825 0.687 0.661 0.845 1.049 0.968 0.722
-0.862 -0.841 -0.81 -0.811 -0.781 -0.701 -0.631 -0.593 -0.542 -0.447 -0.355 -0.307 -0.324 -0.382 -0.584 -0.826 -0.962 -0.936 -0.837 -0.678 -0.432 -0.117 0.105 0.154 0.121 0.015 0.068 0.037 0.081 0.05 0.011 0.17 0.207 0.155 0.13 0.074 0.025 -0.021 -0.049 -0.173 -0.501 -0.633 -0.464 -0.321 -0.107 0.034 0.266 0.506 0.747 0.853 0.831 0.847 0.876 0.62 0.335 -0.004 -0.279 -0.258 -0.065 0.177 0.301 0.085 -0.288 -0.296 0.026 0.388 0.747 0.955 1.023 1.038 0.903 0.758 0.827 1.044 1.021 0.653
-0.797 -0.783 -0.785 -0.8 -0.753 -0.659 -0.572 -0.542 -0.489 -0.402 -0.325 -0.26 -0.273 -0.393 -0.668 -0.902 -0.968 -0.863 -0.727 -0.589 -0.363 -0.073 0.041 0 -0.063 -0.094 -0.081 -0.131 -0.048 -0.081 -0.141 0.01 0.007 -0.064 -0.106 -0.068 0.015 0.049 0.102 -0.054 -0.436 -0.623 -0.553 -0.451 -0.336 -0.211 0.078 0.316 0.544 0.766 0.929 0.931 0.748 0.427 0.136 -0.182 -0.34 -0.219 -0.015 0.21 0.362 0.191 -0.23 -0.334 -0.024 0.31 0.604 0.821 1.003 1.116 1.116 0.981 0.886 1.02 1.079 0.852
-0.763 -0.752 -0.81 -0.792 -0.693 -0.642 -0.569 -0.509 -0.414 -0.322 -0.236 -0.17 -0.284 -0.497 -0.761 -0.949 -0.948 -0.796 -0.62 -0.504 -0.274 -0.077 -0.08 -0.193 -0.272 -0.276 -0.319 -0.265 -0.208 -0.279 -0.344 -0.225 -0.291 -0.343 -0.278 -0.129 0.046 0.119 0.227 0.048 -0.307 -0.575 -0.652 -0.58 -0.528 -0.303 -0.024 0.24 0.513 0.695 0.904 0.872 0.599 0.322 0.021 -0.3 -0.354 -0.189 0.023 0.294 0.437 0.206 -0.234 -0.376 -0.131 0.082 0.287 0.461 0.807 1.044 1.254 1.19 1.022 0.993 1.079 0.905
-0.783 -0.808 -0.841 -0.766 -0.638 -0.589 -0.536 -0.456 -0.379 -0.304 -0.206 -0.212 -0.37 -0.605 -0.835 -0.957 -0.916 -0.795 -0.607 -0.433 -0.274 -0.229 -0.257 -0.297 -0.381 -0.481 -0.516 -0.491 -0.492 -0.557 -0.594 -0.554 -0.592 -0.571 -0.399 -0.199 -0.006 0.122 0.236 0.108 -0.165 -0.404 -0.585 -0.681 -0.639 -0.441 -0.21 0.101 0.48 0.64 0.703 0.614 0.459 0.2 -0.141 -0.369 -0.338 -0.15 0.095 0.342 0.35 0.07 -0.32 -0.434 -0.315 -0.151 0.012 0.232 0.655 1.012 1.269 1.32 1.215 1.077 1.007 0.88
-0.859 -0.887 -0.873 -0.765 -0.624 -0.574 -0.487 -0.381 -0.311 -0.269 -0.175 -0.241 -0.447 -0.678 -0.868 -0.928 -0.868 -0.784 -0.632 -0.489 -0.425 -0.464 -0.472 -0.422 -0.5 -0.634 -0.667 -0.68 -0.698 -0.729 -0.764 -0.798 -0.812 -0.741 -0.529 -0.315 -0.135 0.029 0.157 0.144 -0.018 -0.175 -0.384 -0.657 -0.702 -0.536 -0.359 -0.093 0.3 0.445 0.412 0.316 0.211 -0.016 -0.289 -0.374 -0.322 -0.113 0.165 0.334 0.238 -0.08 -0.39 -0.39 -0.292 -0.142 0.047 0.259 0.569 0.95 1.201 1.185 1.102 1.036 1.002 0.953
-0.965 -0.954 -0.924 -0.816 -0.66 -0.638 -0.475 -0.331 -0.26 -0.21 -0.138 -0.266 -0.501 -0.674 -0.855 -0.926 -0.893 -0.845 -0.755 -0.653 -0.689 -0.726 -0.699 -0.645 -0.695 -0.721 -0.68 -0.628 -0.643 -0.67 -0.715 -0.852 -0.92 -0.874 -0.677 -0.52 -0.364 -0.178 -0.01 0.148 0.108 0.019 -0.208 -0.54 -0.749 -0.631 -0.425 -0.225 0.113 0.223 0.21 0.219 0.029 -0.133 -0.348 -0.268 -0.262 -0.008 0.29 0.295 0.1 -0.2 -0.411 -0.228 -0.108 0.002 0.231 0.399 0.579 0.904 0.948 0.874 0.91 0.963 1.011 1.06
-1.044 -1.027 -0.998 -0.915 -0.801 -0.718 -0.576 -0.416 -0.319 -0.188 -0.183 -0.332 -0.452 -0.528 -0.786 -0.946 -0.991 -1.013 -0.957 -0.908 -0.915 -0.885 -0.841 -0.803 -0.73 -0.588 -0.488 -0.426 -0.444 -0.507 -0.645 -0.762 -0.913 -0.945 -0.851 -0.679 -0.455 -0.196 -0.021 0.13 0.216 0.113 -0.08 -0.431 -0.731 -0.747 -0.593 -0.386 -0.098 0.087 0.156 0.142 0.019 -0.093 -0.301 -0.171 0.003 0.211 0.33 0.145 -0.004 -0.243 -0.338 -0.189 -0.066 0.064 0.269 0.512 0.585 0.645 0.691 0.78 0.911 1.01 1.04 1.035
-1.114 -1.098 -1.074 -1.019 -0.928 -0.809 -0.671 -0.504 -0.409 -0.224 -0.22 -0.378 -0.355 -0.355 -0.624 -0.874 -1.011 -1.062 -1.062 -1.057 -1.013 -0.922 -0.847 -0.792 -0.676 -0.426 -0.276 -0.172 -0.261 -0.412 -0.566 -0.662 -0.889 -0.958 -0.919 -0.695 -0.497 -0.204 0.02 0.044 0.299 0.169 0.021 -0.394 -0.712 -0.821 -0.726 -0.532 -0.271 -0.024 0.019 0.028 0.02 -0.026 -0.269 -0.075 0.238 0.407 0.245 0.04 0.088 -0.163 -0.405 -0.326 -0.2 -0.08 0.135 0.407 0.339 0.276 0.523 0.778 0.968 1.047 0.992 0.923
-1.163 -1.154 -1.138 -1.098 -1.004 -0.875 -0.787 -0.65 -0.492 -0.294 -0.232 -0.291 -0.317 -0.319 -0.478 -0.651 -0.798 -0.9 -0.973 -1.002 -0.967 -0.856 -0.784 -0.688 -0.599 -0.388 -0.17 -0.136 -0.213 -0.354 -0.495 -0.682 -0.88 -0.873 -0.88 -0.754 -0.495 -0.273 0.002 0.014 0.192 0.178 -0.064 -0.368 -0.645 -0.822 -0.765 -0.581 -0.372 -0.183 -0.063 0.041 0.135 0.088 -0.071 0.032 0.194 0.279 0.161 0.097 0.016 -0.092 -0.134 -0.228 -0.22 -0.188 -0.073 0.081 0.07 0.204 0.549 0.811 0.883 0.876 0.849 0.729
-1.189 -1.189 -1.183 -1.164 -1.099 -0.991 -0.908 -0.727 -0.524 -0.301 -0.179 -0.191 -0.281 -0.3 -0.364 -0.469 -0.63 -0.753 -0.818 -0.866 -0.925 -0.826 -0.708 -0.576 -0.515 -0.32 -0.102 -0.129 -0.178 -0.291 -0.477 -0.72 -0.858 -0.766 -0.844 -0.832 -0.54 -0.368 -0.088 -0.091 0.074 0.057 -0.134 -0.314 -0.562 -0.815 -0.817 -0.65 -0.449 -0.254 -0.091 0.047 0.281 0.231 0.113 0.157 0.276 0.283 0.155 0.123 -0.023 -0.005 0.115 0.08 0.077 0.039 -0.146 -0.089 -0.005 0.297 0.574 0.717 0.69 0.632 0.722 0.528
-1.196 -1.202 -1.208 -1.207 -1.181 -1.092 -0.956 -0.789 -0.556 -0.321 -0.179 -0.148 -0.192 -0.289 -0.314 -0.437 -0.569 -0.606 -0.662 -0.74 -0.843 -0.828 -0.701 -0.539 -0.411 -0.239 -0.099 -0.079 -0.147 -0.239 -0.396 -0.669 -0.818 -0.751 -0.826 -0.903 -0.731 -0.537 -0.328 -0.206 -0.077 -0.09 -0.152 -0.297 -0.563 -0.758 -0.81 -0.754 -0.579 -0.373 -0.16 0.1 0.241 0.212 0.193 0.248 0.348 0.355 0.264 0.121 0.075 0.073 0.252 0.357 0.384 0.286 0.13 0.2 0.315 0.379 0.425 0.453 0.448 0.394 0.403 0.335
-1.19 -1.2 -1.212 -1.224 -1.222 -1.159 -1.016 -0.842 -0.632 -0.43 -0.237 -0.125 -0.096 -0.206 -0.296 -0.403 -0.492 -0.512 -0.561 -0.625 -0.695 -0.74 -0.697 -0.566 -0.45 -0.317 -0.153 -0.056 -0.103 -0.157 -0.33 -0.652 -0.827 -0.77 -0.813 -0.955 -0.902 -0.749 -0.572 -0.38 -0.239 -0.227 -0.226 -0.36 -0.606 -0.676 -0.701 -0.76 -0.678 -0.462 -0.206 0.065 0.235 0.298 0.316 0.38 0.461 0.427 0.299 0.165 0.219 0.162 0.324 0.493 0.588 0.42 0.348 0.431 0.464 0.299 0.179 0.148 0.136 0.101 0.091 0.134
-1.174 -1.186 -1.204 -1.223 -1.234 -1.209 -1.064 -0.894 -0.766 -0.57 -0.281 -0.08 -0.062 -0.129 -0.224 -0.287 -0.365 -0.404 -0.478 -0.529 -0.519 -0.545 -0.597 -0.53 -0.438 -0.401 -0.211 -0.056 -0.134 -0.254 -0.428 -0.702 -0.835 -0.79 -0.823 -0.947 -0.994 -0.883 -0.719 -0.56 -0.387 -0.329 -0.353 -0.434 -0.595 -0.611 -0.525 -0.589 -0.598 -0.393 -0.088 0.119 0.342 0.471 0.511 0.523 0.528 0.452 0.292 0.212 0.299 0.338 0.303 0.368 0.442 0.465 0.43 0.401 0.3 0.093 -0.076 -0.183 -0.238 -0.203 -0.028 0.209
-1.147 -1.163 -1.186 -1.213 -1.233 -1.226 -1.127 -0.977 -0.803 -0.562 -0.289 -0.126 -0.077 -0.053 -0.109 -0.167 -0.225 -0.277 -0.391 -0.445 -0.422 -0.42 -0.471 -0.43 -0.341 -0.397 -0.251 -0.132 -0.237 -0.323 -0.471 -0.723 -0.84 -0.796 -0.818 -0.906 -1.004 -0.928 -0.767 -0.631 -0.469 -0.413 -0.411 -0.419 -0.505 -0.534 -0.395 -0.369 -0.39 -0.223 0.026 0.23 0.431 0.484 0.516 0.501 0.475 0.427 0.278 0.21 0.236 0.242 0.156 0.158 0.28 0.436 0.378 0.27 0.09 -0.168 -0.367 -0.474 -0.464 -0.272 0.014 0.31
-1.106 -1.131 -1.162 -1.196 -1.224 -1.228 -1.163 -0.965 -0.716 -0.491 -0.31 -0.153 -0.034 0.044 -0.016 -0.072 -0.11 -0.219 -0.345 -0.372 -0.365 -0.346 -0.349 -0.344 -0.297 -0.343 -0.247 -0.218 -0.275 -0.282 -0.433 -0.712 -0.836 -0.8 -0.779 -0.832 -0.937 -0.896 -0.734 -0.596 -0.475 -0.415 -0.358 -0.35 -0.388 -0.39 -0.253 -0.151 -0.143 -0.059 0.094 0.272 0.399 0.4 0.382 0.369 0.366 0.357 0.203 0.085 -0.003 -0.065 -0.066 0.043 0.235 0.351 0.31 0.176 -0.112 -0.432 -0.6 -0.596 -0.457 -0.187 0.09 0.367
-1.045 -1.086 -1.131 -1.176 -1.211 -1.225 -1.167 -0.902 -0.681 -0.516 -0.329 -0.112 0.069 0.104 0.005 -0.002 -0.092 -0.238 -0.348 -0.295 -0.274 -0.256 -0.217 -0.249 -0.271 -0.289 -0.232 -0.292 -0.283 -0.274 -0.443 -0.726 -0.831 -0.762 -0.708 -0.746 -0.789 -0.799 -0.688 -0.539 -0.376 -0.321 -0.29 -0.292 -0.227 -0.195 -0.103 -0.005 0.044 0.082 0.147 0.235 0.306 0.375 0.371 0.385 0.392 0.389 0.008 -0.209 -0.292 -0.28 -0.137 0.086 0.221 0.275 0.227 0.095 -0.268 -0.615 -0.635 -0.539 -0.367 -0.1 0.16 0.354
-0.947 -1.03 -1.097 -1.154 -1.198 -1.207 -1.105 -0.88 -0.69 -0.503 -0.272 -0.045 0.093 0.058 -0.071 -0.133 -0.214 -0.324 -0.346 -0.257 -0.231 -0.234 -0.223 -0.238 -0.266 -0.266 -0.256 -0.311 -0.298 -0.362 -0.543 -0.709 -0.781 -0.708 -0.603 -0.577 -0.626 -0.641 -0.547 -0.419 -0.278 -0.205 -0.143 -0.131 -0.101 -0.084 -0.018 0.051 0.101 0.131 0.16 0.195 0.217 0.256 0.311 0.345 0.329 0.233 -0.149 -0.4 -0.374 -0.248 -0.091 0.045 0.1 0.161 0.131 -0.027 -0.398 -0.679 -0.606 -0.486 -0.298 -0.073 0.059 0.128
