data/climatemaps/RS_maps/climate_breeding_tmp_2004.asc
NCOLS 369 
NROWS 228 
XLLCORNER 479000 
YLLCORNER 73000 
CELLSIZE 1000 
NODATA_value -9 
[rows 170 to 203 of 228, columns 228 to 303 of 369]
-1.078 -1.298 -1.041 -1.137 -1.004 -0.878 -0.859 -0.319 -0.212 0.236 0.956 1.35 0.937 0.193 -0.271 -0.55 -0.666 -0.91 -1.479 -1.313 -0.748 -0.031 0.185 -0.5 -1.242 -1.074 -0.429 0.588 1.084 0.494 -0.132 -0.292 -0.548 -0.325 -1.148 -1.404 -1.116 -0.662 -0.225 0.005 0.401 0.678 1.202 1.306 0.951 0.387 0.05 0 -0.192 -0.048 -0.389 -0.636 -0.551 -0.661 -0.875 -1.249 -1.452 -1.087 -1.149 -1.01 -1.384 -1.951 -1.542 -1.671 -2.18 -2.416 -1.918 -1.973 -2.301 -1.887 -1.409 -0.89 -0.789 -1.143 -1.451 -1.153
-1.077 -0.979 -0.629 -1.061 -1.256 -1.147 -0.899 -0.624 -0.739 -0.113 0.726 1.325 1.228 0.521 -0.121 -0.267 -0.791 -1.113 -1.462 -1.074 -0.517 0.196 0.156 -0.528 -1.136 -0.404 0.149 1.078 0.969 0.176 -0.371 -0.169 -0.861 -0.364 -0.978 -1.163 -0.747 -0.602 -0.145 0.384 0.774 1.158 1.354 1.249 0.883 0.419 -0.037 -0.49 -0.837 -0.532 -0.586 -1.057 -1.204 -1.25 -1.262 -1.221 -1.518 -1.694 -1.886 -1.846 -1.888 -2.025 -1.668 -1.742 -1.98 -2.268 -2.152 -2.132 -2.189 -1.697 -1.234 -1.1 -1.225 -1.142 -1.615 -1.454
-0.934 -0.591 -0.502 -1.02 -1.026 -1.03 -1.172 -0.869 -0.609 -0.082 0.593 1.214 1.347 0.804 0.113 -0.465 -1.064 -1.506 -1.308 -0.961 -0.484 0.18 0.274 -0.442 -0.968 -0.098 0.801 1.183 0.651 -0.146 -0.686 -0.22 -0.899 -0.589 -1.066 -1.038 -0.628 -0.331 -0.249 0.312 0.876 1.299 1.398 1.257 0.824 0.36 -0.069 -0.428 -0.92 -1.047 -0.966 -1.3 -1.631 -1.313 -0.874 -0.811 -1.419 -1.907 -1.888 -1.916 -2.13 -2.148 -2.029 -1.82 -1.429 -1.78 -1.978 -2.091 -2.097 -1.759 -1.515 -1.722 -1.574 -1.284 -1.846 -1.631
-0.751 -0.211 -0.589 -0.701 -0.46 -0.903 -0.913 -0.429 -0.062 0.203 0.327 1.064 1.395 1.112 0.473 -0.216 -0.791 -1.282 -0.984 -0.706 -0.576 -0.026 0.466 -0.444 -0.445 0.071 1.003 1.042 0.223 -0.566 -1.044 -0.541 -0.873 -0.969 -1.066 -0.753 -0.445 -0.231 -0.084 0.3 0.689 1.269 1.422 1.402 1.074 0.305 -0.343 -0.739 -1.055 -1.145 -1.196 -1.259 -1.376 -1.029 -0.454 -0.788 -1.677 -1.766 -1.494 -1.412 -1.824 -1.749 -1.787 -1.457 -1.071 -1.252 -1.383 -1.518 -1.731 -2.015 -2.088 -2.277 -1.913 -1.581 -1.745 -1.558
-0.64 -0.004 -0.176 -0.17 -0.459 -1.006 -0.836 -0.496 -0.103 -0.064 -0.103 0.937 1.404 1.369 0.842 0.287 -0.163 -0.888 -0.927 -0.569 -0.051 0.365 0.193 -0.42 -0.005 0.597 1.211 0.716 -0.119 -0.821 -1.069 -0.979 -1.021 -1.167 -0.762 -0.497 -0.3 -0.112 -0.006 0.383 0.47 0.993 1.426 1.441 1.307 0.578 -0.101 -0.728 -1.029 -0.914 -0.711 -0.654 -0.733 -0.594 -0.237 -0.791 -1.554 -1.446 -1.083 -1.152 -1.627 -1.269 -1.312 -1.176 -0.779 -0.622 -0.831 -1.038 -1.47 -1.993 -2.417 -2.531 -2.101 -1.911 -1.638 -1.245
-0.127 0.162 0.167 -0.226 -0.764 -1.059 -1.184 -0.758 -0.109 -0.45 -0.293 0.541 1.272 1.42 1.209 0.718 0.018 -0.669 -1.032 -0.537 0.031 0.582 0.014 -0.058 0.334 0.932 1.231 0.529 -0.037 -0.216 -0.443 -1.012 -1.198 -0.933 -0.274 -0.113 0.069 0.122 0.249 0.079 0.046 0.74 1.388 1.458 1.436 0.988 0.199 -0.188 -0.686 -0.581 -0.106 0.023 -0.025 -0.038 -0.191 -0.861 -1.364 -1.284 -0.751 -1.093 -1.44 -0.837 -0.695 -0.54 -0.223 -0.24 -0.681 -1.08 -1.555 -1.903 -2.17 -2.235 -2.067 -1.878 -1.397 -1.002
0.618 0.575 0.358 -0.059 -0.321 -0.61 -1.167 -0.689 -0.462 -0.327 0.28 0.513 0.963 1.396 1.413 1.049 0.466 -0.236 -0.649 -0.639 -0.12 0.467 0.611 0.53 0.663 1.16 1.082 0.309 -0.152 -0.316 -0.14 -0.594 -1.04 -0.517 -0.218 -0.514 -0.056 -0.257 -0.039 -0.352 0.043 0.74 1.258 1.467 1.475 1.396 0.953 0.378 -0.189 -0.222 0.236 -0.278 -0.543 -0.746 -0.63 -1.03 -1.389 -0.986 -0.406 -0.596 -0.853 -0.477 0.043 -0.034 -0.308 -0.749 -1.127 -1.502 -1.621 -1.65 -1.925 -1.764 -1.733 -1.644 -1.362 -0.981
0.548 0.738 0.136 -0.095 -0.228 -0.265 -0.927 -1.135 -0.668 0.005 -0.05 -0.116 0.443 1.23 1.426 1.299 0.803 0.101 0.032 -0.058 0.084 0.362 0.683 0.921 1.099 1.266 0.865 0.029 -0.512 -0.811 -0.463 -0.315 -0.891 -0.341 -0.615 -0.665 -0.257 -0.649 -0.41 -0.499 0.173 0.422 0.965 1.402 1.486 1.486 1.382 0.745 0.065 0.106 0.237 -0.684 -1.002 -1.346 -1.221 -1.36 -1.332 -0.779 -0.305 -0.066 -0.032 0.158 0.233 -0.535 -1.034 -1.249 -1.378 -1.452 -1.319 -1.6 -1.912 -1.518 -1.341 -1.233 -1.087 -0.802
0.263 0.888 -0.108 -0.711 -0.913 -0.819 -0.772 -0.982 -0.413 -0.34 -0.438 -0.507 0.155 0.944 1.376 1.43 0.915 0.234 0.685 0.791 0.866 0.977 0.989 1.106 1.271 1.049 0.545 -0.06 -0.515 -0.937 -0.908 -0.582 -0.925 -0.613 -1.01 -0.847 -0.774 -1.03 -0.82 -0.74 -0.345 -0.036 0.618 1.177 1.488 1.488 1.468 0.937 0.143 0.47 0.323 -0.198 -0.658 -1.399 -1.719 -1.787 -1.552 -1.073 -0.88 -0.368 -0.2 0.172 0.322 -0.615 -1.21 -1.187 -1.167 -1.103 -1.298 -1.677 -1.741 -1.443 -1.403 -1.243 -1.121 -1.015
0.549 0.928 0.203 -0.37 -0.832 -1.157 -1.123 -1.042 -0.94 -0.687 -0.812 -0.405 0.132 0.565 1.146 1.453 1.228 0.792 1.206 1.308 1.352 1.365 1.319 1.266 0.926 0.408 0.147 -0.055 -0.327 -0.979 -1.262 -1.005 -1.008 -0.877 -0.853 -0.746 -0.806 -0.999 -1.008 -0.869 -0.909 -0.353 0.401 0.906 1.32 -9 1.496 1.368 0.767 0.755 0.341 -0.318 -0.896 -1.526 -1.413 -1.426 -1.72 -1.498 -1.266 -0.989 -0.972 -0.157 0.473 -0.296 -0.639 -0.564 -0.674 -0.988 -1.258 -1.535 -1.642 -1.266 -1.467 -1.4 -1.375 -1.186
0.468 0.936 0.659 0.246 -0.246 -0.699 -0.716 -0.812 -1.111 -0.937 -0.862 -0.361 0.05 0.369 0.86 1.352 1.442 1.322 1.238 1.054 1.018 0.995 0.957 0.936 0.795 0.35 -0.142 -0.44 -0.486 -0.858 -1.235 -0.766 -0.803 -0.539 -0.275 -0.131 -0.277 -0.697 -0.613 -0.543 -1.068 -0.546 0.122 0.195 0.491 -9 -9 1.489 1.402 0.974 0.487 -0.01 -0.61 -1.17 -0.972 -1.057 -1.549 -1.417 -1.351 -1.247 -0.943 -0.209 0.549 0.073 -0.23 -0.635 -0.768 -0.843 -1.121 -1.228 -1.398 -1.131 -1.116 -1.184 -1.129 -1.253
0.054 0.616 0.991 0.631 0.154 -0.136 -0.328 -0.64 -0.863 -0.566 -0.413 -0.173 0.19 0.48 0.867 1.28 1.461 1.302 0.894 0.44 0.262 0.244 0.269 0.514 0.64 0.564 0.084 -0.565 -1.012 -1.113 -1.087 -0.39 -0.656 -0.471 -0.427 -0.235 0.119 -0.533 -0.222 -0.55 -0.786 -0.565 -0.363 -0.395 -9 -9 -9 -9 -9 0.978 0.196 -0.065 -0.328 -0.572 -0.639 -0.991 -1.511 -1.33 -1.065 -0.85 -0.561 0.117 0.541 -0.079 -0.269 -0.467 -0.483 -0.306 -0.47 -0.778 -0.794 -0.772 -0.655 -0.892 -0.575 -9
0.434 0.736 0.97 0.352 0.098 -0.125 -0.325 -0.354 -0.586 -0.194 0.117 -0.102 0.093 0.547 1.159 1.427 1.376 0.886 0.687 0.48 0.205 -0.138 -0.256 0.092 0.032 0.311 0.258 -0.247 -0.766 -0.952 -0.802 -0.218 -0.616 -0.914 -0.768 -0.243 0.33 0.103 0.125 -0.369 -0.183 -0.152 -0.004 -0.154 -9 -9 -9 -9 -9 -9 0.341 0.138 -0.172 -0.493 -0.791 -1.217 -1.589 -1.458 -1.01 -0.54 -0.119 0.449 0.26 -0.148 0.168 0.03 0.04 0.263 0.143 -0.253 -0.25 -0.194 -0.209 -0.381 -9 -9
0.483 1.038 0.881 0.378 0.043 -0.131 -0.044 0.148 -0.205 -0.068 0.411 0.468 0.557 0.924 1.454 1.494 1.197 0.451 0.196 0.283 0.255 0.06 -0.4 -0.417 -0.308 -0.095 0.078 -0.349 -0.77 -0.414 -0.063 0.093 -0.447 -0.486 -0.294 0.118 0.55 0.676 0.511 0.042 0.27 0.18 0.401 0.277 -9 -9 -9 -9 -9 -9 -9 -9 -9 -9 -1.15 -1.333 -1.37 -1.118 -1.033 -0.577 0.126 0.693 0.198 0.331 0.633 0.583 0.624 0.717 0.414 0.036 -9 -9 -9 -9 -9 -9
0.753 1.159 0.885 0.64 0.571 0.453 0.53 0.531 0.28 0.344 0.543 0.864 1.174 1.345 1.516 1.422 1.058 0.401 -0.149 -0.206 -0.166 -0.158 -0.463 -0.848 -0.57 -0.417 -0.35 -0.359 -0.922 -0.641 0.014 0.39 -0.001 0.013 0.171 0.142 0.513 0.915 0.687 0.264 0.64 0.568 0.812 0.825 -9 -9 -9 -9 -9 -9 -9 -9 -9 -9 -9 -9 -9 -9 -9 -0.257 0.349 0.873 0.486 0.862 1.08 -9 -9 -9 -9 -9 -9 -9 -9 -9 -9 -9
1.261 1.384 1.316 1.252 1.157 1.045 1.089 1.048 0.907 0.992 1.068 1.269 1.484 1.512 1.516 1.303 0.921 0.409 -0.025 -0.1 -0.251 -0.417 -0.563 -0.826 -0.838 -0.608 -0.758 -0.651 -0.93 -0.423 0.125 0.556 0.235 0.311 0.565 0.233 0.431 0.92 0.826 0.487 0.938 1.19 1.276 -9 -9 -9 -9 -9 -9 -9 -9 -9 -9 -9 -9 -9 -9 -9 -9 -9 -9 -9 -9 -9 -9 -9 -9 -9 -9 -9 -9 -9 -9 -9 -9 -9
1.526 1.532 1.542 1.54 1.513 1.474 1.471 1.47 1.432 1.454 1.476 1.518 1.541 1.528 1.478 1.233 0.872 0.606 0.551 0.505 0.306 0.128 -0.016 -0.253 -0.613 -0.931 -1.044 -0.838 -0.432 -0.038 0.324 0.678 0.577 0.6 0.845 0.68 0.781 0.939 1.071 0.927 1.332 1.49 -9 -9 -9 -9 -9 -9 -9 -9 -9 -9 -9 -9 -9 -9 -9 -9 -9 -9 -9 -9 -9 -9 -9 -9 -9 -9 -9 -9 -9 -9 -9 -9 -9 -9
1.565 1.565 1.562 1.563 1.565 1.563 1.56 1.559 1.562 1.559 1.56 1.556 1.547 1.506 1.317 1.003 0.963 0.859 0.742 0.466 0.373 0.179 0.025 -0.344 -0.483 -0.675 -0.63 -0.443 -0.137 0.121 0.294 0.439 0.718 0.843 0.957 1.088 1.05 0.995 1.289 1.395 1.533 1.553 -9 -9 -9 -9 -9 -9 -9 -9 -9 -9 -9 -9 -9 -9 -9 -9 -9 -9 -9 -9 -9 -9 -9 -9 -9 -9 -9 -9 -9 -9 -9 -9 -9 -9
1.571 1.574 1.572 1.568 1.568 1.563 1.565 1.567 1.567 1.566 1.545 1.53 1.438 1.215 0.869 0.437 0.241 0.16 0.337 0.035 -0.226 -0.439 -0.13 -0.569 -0.54 -0.159 -0.168 -0.236 -0.235 -0.16 -0.102 0.047 0.364 0.604 0.789 1.181 1.373 1.349 1.474 1.555 1.557 -9 -9 -9 -9 -9 -9 -9 -9 -9 -9 -9 -9 -9 -9 -9 -9 -9 -9 -9 -9 -9 -9 -9 -9 -9 -9 -9 -9 -9 -9 -9 -9 -9 -9 -9
1.576 1.558 1.448 1.314 1.186 1.32 1.304 1.37 1.375 1.367 1.214 1.07 0.946 0.603 0.257 -0.133 -0.225 -0.365 -0.288 0.104 -0.215 -0.647 -0.402 -0.663 -0.288 -0.01 0.172 0.206 0.193 0.179 0.081 0.259 0.459 0.647 0.924 1.306 1.544 1.567 1.576 1.568 -9 -9 -9 -9 -9 -9 -9 -9 -9 -9 -9 -9 -9 -9 -9 -9 -9 -9 -9 -9 -9 -9 -9 -9 -9 -9 -9 -9 -9 -9 -9 -9 -9 -9 -9 -9
1.404 1.286 0.911 0.529 0.51 0.955 1.037 0.99 0.69 0.746 0.657 0.525 0.458 0.576 0.39 0.077 -0.25 -0.637 -0.791 -0.421 -0.363 -0.777 -0.677 -0.679 -0.599 -0.362 -0.06 0.216 0.382 0.574 0.606 0.753 0.929 1.03 1.248 1.513 1.578 1.578 1.578 1.573 -9 -9 -9 -9 -9 -9 -9 -9 -9 -9 -9 -9 -9 -9 -9 -9 -9 -9 -9 -9 -9 -9 -9 -9 -9 -9 -9 -9 -9 -9 -9 -9 -9 -9 -9 -9
0.848 0.856 0.379 -0.124 0.384 0.418 0.781 1.153 0.644 0.261 0.456 0.481 0.714 0.517 0.393 0.242 -0.13 -0.479 -0.704 -0.764 -0.648 -0.754 -0.479 -0.45 -0.787 -0.693 -0.453 -0.322 -0.078 0.284 0.508 0.669 0.781 0.804 1.148 1.549 1.585 1.571 1.526 1.563 -9 -9 -9 -9 -9 -9 -9 -9 -9 -9 -9 -9 -9 -9 -9 -9 -9 -9 -9 -9 -9 -9 -9 -9 -9 -9 -9 -9 -9 -9 -9 -9 -9 -9 -9 -9
0.186 0.284 0.159 -0.162 0.19 -0.085 0.533 1.115 0.969 0.615 0.752 0.669 0.612 0.116 -0.033 -0.004 -0.125 -0.248 -0.534 -0.858 -0.676 -0.441 -0.082 -0.202 -0.584 -0.774 -0.712 -0.708 -0.587 -0.212 0.016 0.08 0.296 0.723 1.29 1.571 1.588 1.57 1.422 -9 -9 -9 -9 -9 -9 -9 -9 -9 -9 -9 -9 -9 -9 -9 -9 -9 -9 -9 -9 -9 -9 -9 -9 -9 -9 -9 -9 -9 -9 -9 -9 -9 -9 -9 -9 -9
-0.347 -0.093 -0.057 -0.266 -0.318 -0.207 0.433 0.964 1.188 0.932 0.779 0.69 0.318 -0.088 -0.376 -0.266 -0.305 -0.171 -0.261 -0.687 -0.519 -0.188 0.215 0.102 -0.309 -0.367 -0.389 -0.605 -0.696 -0.692 -0.499 -0.428 0.188 0.808 1.353 1.584 1.588 1.586 -9 -9 -9 -9 -9 -9 -9 -9 -9 -9 -9 -9 -9 -9 -9 -9 -9 -9 -9 -9 -9 -9 -9 -9 -9 -9 -9 -9 -9 -9 -9 -9 -9 -9 -9 -9 -9 -9
0.038 0.148 -0.234 -0.518 -0.417 -0.217 0.411 0.957 1.161 0.702 0.498 0.545 0.075 -0.144 -0.284 -0.092 -0.022 0.202 0.193 -0.33 -0.444 -0.042 0.368 0.298 -0.092 0.069 -0.097 -0.131 -0.519 -0.714 -0.781 -0.526 0.06 0.661 1.311 1.57 1.592 1.582 -9 -9 -9 -9 -9 -9 -9 -9 -9 -9 -9 -9 -9 -9 -9 -9 -9 -9 -9 -9 -9 -9 -9 -9 -9 -9 -9 -9 -9 -9 -9 -9 -9 -9 -9 -9 -9 -9
0.534 0.293 -0.181 -0.42 -0.053 0.173 0.749 1.234 0.976 0.5 0.508 0.757 0.212 0.125 0.15 0.266 0.427 0.503 0.42 0.038 -0.282 0.066 0.466 0.571 0.316 0.44 0.281 0.033 -0.304 -0.185 -0.474 -0.441 0.178 0.756 1.322 1.579 1.593 -9 -9 -9 -9 -9 -9 -9 -9 -9 -9 -9 -9 -9 -9 -9 -9 -9 -9 -9 -9 -9 -9 -9 -9 -9 -9 -9 -9 -9 -9 -9 -9 -9 -9 -9 -9 -9 -9 -9
0.598 0.215 -0.339 -0.458 -0.162 0.432 0.871 1.277 0.95 0.611 0.592 0.908 0.508 0.519 0.651 0.654 0.615 0.454 0.386 -0.01 -0.165 0.095 0.247 0.496 0.765 0.754 0.505 -0.066 0.104 -0.042 -0.475 -0.365 0.256 0.796 1.275 -9 -9 -9 -9 -9 -9 -9 -9 -9 -9 -9 -9 -9 -9 -9 -9 -9 -9 -9 -9 -9 -9 -9 -9 -9 -9 -9 -9 -9 -9 -9 -9 -9 -9 -9 -9 -9 -9 -9 -9 -9
0.562 0.08 -0.343 -0.216 -0.072 0.224 0.705 1.187 1.244 0.916 0.861 1.011 0.866 0.816 0.739 0.537 0.297 0.182 0.119 -0.182 -0.048 0.292 0.343 0.186 0.685 0.762 0.274 0.143 0.454 0.184 -0.196 0.077 0.383 0.907 -9 -9 -9 -9 -9 -9 -9 -9 -9 -9 -9 -9 -9 -9 -9 -9 -9 -9 -9 -9 -9 -9 -9 -9 -9 -9 -9 -9 -9 -9 -9 -9 -9 -9 -9 -9 -9 -9 -9 -9 -9 -9
0.52 0.27 -0.165 -0.009 0.254 0.091 0.615 1.181 1.359 1.205 1.097 1.125 1.02 0.843 0.789 0.501 0.126 -0.125 -0.297 -0.402 -0.174 0.155 0.477 0.408 0.635 0.738 0.088 0.343 0.563 0.052 -0.096 0.371 0.789 -9 -9 -9 -9 -9 -9 -9 -9 -9 -9 -9 -9 -9 -9 -9 -9 -9 -9 -9 -9 -9 -9 -9 -9 -9 -9 -9 -9 -9 -9 -9 -9 -9 -9 -9 -9 -9 -9 -9 -9 -9 -9 -9
0.26 0.178 -0.132 0.133 0.494 0.288 0.711 1.271 1.323 1.287 1.105 1.176 1.165 0.96 0.651 0.189 0.057 0.099 -0.182 -0.208 0.169 0.403 0.727 0.689 1.012 1.035 0.736 0.65 0.764 0.729 0.463 0.776 -9 -9 -9 -9 -9 -9 -9 -9 -9 -9 -9 -9 -9 -9 -9 -9 -9 -9 -9 -9 -9 -9 -9 -9 -9 -9 -9 -9 -9 -9 -9 -9 -9 -9 -9 -9 -9 -9 -9 -9 -9 -9 -9 -9
0.029 -0.143 0.04 0.278 0.632 0.65 0.805 1.343 1.36 1.268 1.065 1.303 1.256 0.962 0.43 0.154 0.387 0.425 0.417 0.402 0.081 0.344 0.914 1.15 1.308 1.366 1.34 1.171 0.928 1.018 0.878 1.059 -9 -9 -9 -9 -9 -9 -9 -9 -9 -9 -9 -9 -9 -9 -9 -9 -9 -9 -9 -9 -9 -9 -9 -9 -9 -9 -9 -9 -9 -9 -9 -9 -9 -9 -9 -9 -9 -9 -9 -9 -9 -9 -9 -9
-0.155 -0.001 0.362 0.614 0.8 0.703 0.856 1.365 1.435 1.301 1.191 1.384 1.215 0.734 0.249 0.401 0.76 1.008 1.035 0.749 0.335 0.762 1.273 1.489 1.483 1.43 1.418 1.396 1.288 1.172 1.147 1.202 -9 -9 -9 -9 -9 -9 -9 -9 -9 -9 -9 -9 -9 -9 -9 -9 -9 -9 -9 -9 -9 -9 -9 -9 -9 -9 -9 -9 -9 -9 -9 -9 -9 -9 -9 -9 -9 -9 -9 -9 -9 -9 -9 -9
0.018 0.372 0.68 0.882 0.868 0.639 0.993 1.407 1.461 1.284 1.315 1.437 1.101 0.389 0.066 0.508 0.867 1.255 1.32 1.13 1.162 1.422 1.523 1.418 1.24 0.987 0.929 1.051 1.239 1.29 1.305 -9 -9 -9 -9 -9 -9 -9 -9 -9 -9 -9 -9 -9 -9 -9 -9 -9 -9 -9 -9 -9 -9 -9 -9 -9 -9 -9 -9 -9 -9 -9 -9 -9 -9 -9 -9 -9 -9 -9 -9 -9 -9 -9 -9 -9
0.444 0.702 0.894 0.946 0.668 0.831 1.262 1.474 1.443 1.301 1.434 1.442 1.016 0.464 0.568 1.166 1.465 1.519 1.522 1.532 1.538 1.516 1.391 0.919 0.657 0.243 0.128 0.423 0.667 0.935 1.143 -9 -9 -9 -9 -9 -9 -9 -9 -9 -9 -9 -9 -9 -9 -9 -9 -9 -9 -9 -9 -9 -9 -9 -9 -9 -9 -9 -9 -9 -9 -9 -9 -9 -9 -9 -9 -9 -9 -9 -9 -9 -9 -9 -9 -9
