data/climatemaps/RS_maps/climate_winter_pr_2018.asc
NCOLS 369 
NROWS 228 
XLLCORNER 479000 
YLLCORNER 73000 
CELLSIZE 1000 
NODATA_value -9 
[rows 170 to 203 of 228, columns 231 to 307 of 369]
-1.065 -1.083 -1.115 -1.14 -1.209 -1.249 -1.341 -1.45 -1.515 -1.504 -1.433 -1.337 -1.235 -1.157 -1.09 -0.999 -0.985 -1.043 -1.16 -1.235 -1.205 -1.17 -1.195 -1.263 -1.372 -1.438 -1.427 -1.389 -1.373 -1.348 -1.354 -1.269 -1.211 -1.183 -1.193 -1.234 -1.284 -1.355 -1.404 -1.455 -1.469 -1.447 -1.394 -1.341 -1.307 -1.261 -1.233 -1.166 -1.113 -1.082 -1.04 -0.986 -0.926 -0.882 -0.87 -0.833 -0.819 -0.759 -0.691 -0.708 -0.69 -0.635 -0.614 -0.655 -0.636 -0.584 -0.619 -0.709 -0.846 -0.938 -0.978 -1.019 -1.116 -1.239 -1.316 -1.318 -1.283
-1.09 -1.076 -1.096 -1.135 -1.17 -1.187 -1.29 -1.416 -1.503 -1.524 -1.475 -1.377 -1.292 -1.197 -1.125 -1.056 -1.05 -1.102 -1.209 -1.255 -1.221 -1.207 -1.268 -1.352 -1.439 -1.462 -1.431 -1.394 -1.391 -1.354 -1.356 -1.297 -1.248 -1.23 -1.224 -1.258 -1.331 -1.397 -1.445 -1.472 -1.477 -1.456 -1.411 -1.347 -1.28 -1.216 -1.193 -1.146 -1.064 -1 -0.955 -0.917 -0.897 -0.841 -0.779 -0.724 -0.707 -0.691 -0.669 -0.705 -0.701 -0.689 -0.677 -0.702 -0.69 -0.651 -0.685 -0.745 -0.803 -0.842 -0.92 -0.95 -1.044 -1.173 -1.311 -1.351 -1.319
-1.113 -1.114 -1.118 -1.113 -1.143 -1.185 -1.274 -1.389 -1.486 -1.529 -1.504 -1.42 -1.319 -1.22 -1.14 -1.113 -1.105 -1.145 -1.243 -1.291 -1.25 -1.238 -1.332 -1.437 -1.492 -1.478 -1.428 -1.393 -1.418 -1.361 -1.364 -1.302 -1.266 -1.257 -1.259 -1.268 -1.344 -1.416 -1.462 -1.484 -1.487 -1.467 -1.422 -1.359 -1.29 -1.216 -1.171 -1.126 -1.047 -0.973 -0.949 -0.947 -0.926 -0.845 -0.771 -0.738 -0.724 -0.698 -0.694 -0.713 -0.751 -0.804 -0.808 -0.804 -0.782 -0.745 -0.731 -0.736 -0.725 -0.774 -0.859 -0.884 -0.982 -1.112 -1.283 -1.385 -1.379
-1.164 -1.171 -1.144 -1.138 -1.173 -1.219 -1.277 -1.353 -1.46 -1.522 -1.524 -1.464 -1.374 -1.285 -1.207 -1.177 -1.165 -1.185 -1.264 -1.317 -1.283 -1.31 -1.392 -1.482 -1.51 -1.475 -1.423 -1.396 -1.407 -1.379 -1.345 -1.312 -1.292 -1.281 -1.279 -1.293 -1.351 -1.406 -1.46 -1.489 -1.502 -1.494 -1.433 -1.358 -1.288 -1.227 -1.184 -1.13 -1.077 -1.022 -1.008 -1.037 -0.973 -0.858 -0.822 -0.826 -0.829 -0.786 -0.798 -0.8 -0.856 -0.925 -0.931 -0.929 -0.905 -0.852 -0.777 -0.731 -0.683 -0.724 -0.801 -0.841 -0.947 -1.089 -1.269 -1.408 -1.441
-1.247 -1.202 -1.156 -1.164 -1.184 -1.222 -1.248 -1.295 -1.431 -1.508 -1.534 -1.503 -1.439 -1.367 -1.275 -1.224 -1.215 -1.254 -1.324 -1.338 -1.315 -1.378 -1.461 -1.531 -1.524 -1.476 -1.429 -1.408 -1.406 -1.38 -1.339 -1.331 -1.315 -1.307 -1.307 -1.313 -1.353 -1.383 -1.44 -1.486 -1.509 -1.514 -1.466 -1.391 -1.319 -1.26 -1.23 -1.205 -1.171 -1.13 -1.113 -1.114 -1.03 -0.938 -0.912 -0.924 -0.916 -0.895 -0.93 -0.941 -0.974 -1.036 -1.07 -1.047 -1.011 -0.945 -0.852 -0.762 -0.698 -0.712 -0.746 -0.826 -0.951 -1.108 -1.276 -1.419 -1.461
-1.287 -1.224 -1.185 -1.169 -1.186 -1.216 -1.22 -1.27 -1.385 -1.476 -1.523 -1.526 -1.49 -1.418 -1.331 -1.263 -1.253 -1.296 -1.366 -1.372 -1.386 -1.444 -1.519 -1.557 -1.536 -1.502 -1.485 -1.465 -1.419 -1.377 -1.359 -1.368 -1.347 -1.349 -1.344 -1.345 -1.324 -1.336 -1.411 -1.478 -1.509 -1.525 -1.502 -1.431 -1.378 -1.308 -1.284 -1.299 -1.285 -1.254 -1.227 -1.185 -1.084 -1.007 -0.979 -1.008 -0.984 -0.975 -1.053 -1.078 -1.107 -1.159 -1.168 -1.117 -1.065 -1.001 -0.926 -0.844 -0.769 -0.744 -0.755 -0.839 -0.958 -1.109 -1.27 -1.414 -1.445
-1.331 -1.287 -1.247 -1.188 -1.208 -1.207 -1.221 -1.293 -1.352 -1.433 -1.503 -1.533 -1.524 -1.47 -1.391 -1.322 -1.292 -1.33 -1.402 -1.442 -1.463 -1.507 -1.564 -1.579 -1.543 -1.516 -1.504 -1.5 -1.449 -1.389 -1.379 -1.372 -1.331 -1.344 -1.328 -1.325 -1.294 -1.32 -1.391 -1.459 -1.501 -1.524 -1.523 -1.487 -1.432 -1.364 -1.338 -1.348 -1.294 -1.245 -1.207 -1.181 -1.115 -1.049 -1.035 -1.066 -1.066 -1.079 -1.148 -1.212 -1.208 -1.19 -1.153 -1.109 -1.065 -1.04 -1.003 -0.924 -0.872 -0.822 -0.809 -0.857 -0.96 -1.108 -1.244 -1.404 -1.436
-1.344 -1.313 -1.287 -1.233 -1.204 -1.214 -1.244 -1.256 -1.282 -1.365 -1.462 -1.516 -1.535 -1.506 -1.444 -1.409 -1.385 -1.397 -1.44 -1.487 -1.526 -1.567 -1.595 -1.586 -1.545 -1.515 -1.494 -1.491 -1.474 -1.402 -1.392 -1.342 -1.321 -1.333 -1.3 -1.299 -1.28 -1.322 -1.355 -1.428 -1.487 -1.515 -1.526 -1.521 -1.471 -1.4 -1.384 -1.378 -1.283 -1.239 -1.193 -1.178 -1.126 -1.072 -1.065 -1.089 -1.126 -1.167 -1.234 -1.275 -1.215 -1.17 -1.146 -1.124 -1.097 -1.09 -1.047 -0.977 -0.946 -0.906 -0.891 -0.917 -0.992 -1.118 -1.248 -1.384 -1.442
-1.316 -1.286 -1.277 -1.265 -1.225 -1.248 -1.235 -1.221 -1.226 -1.308 -1.418 -1.494 -1.536 -1.526 -1.483 -1.487 -1.479 -1.483 -1.506 -1.532 -1.565 -1.597 -1.604 -1.585 -1.553 -1.528 -1.5 -1.481 -1.467 -1.406 -1.384 -1.333 -1.321 -1.319 -1.292 -1.286 -1.272 -1.284 -1.314 -1.391 -1.458 -1.496 -1.513 -1.52 -1.49 -1.431 -1.424 -1.398 -1.335 -1.282 -1.218 -1.177 -1.126 -1.071 -1.041 -1.026 -1.081 -1.138 -1.241 -1.301 -1.234 -1.183 -1.179 -1.167 -1.153 -1.118 -1.067 -1.029 -1.003 -0.96 -0.952 -0.967 -1.005 -1.102 -1.206 -9 -9
-1.356 -1.314 -1.279 -1.262 -1.243 -1.225 -1.217 -1.199 -1.223 -1.283 -1.368 -1.461 -1.527 -1.547 -1.538 -1.543 -1.536 -1.534 -1.544 -1.562 -1.582 -1.588 -1.577 -1.571 -1.566 -1.553 -1.511 -1.472 -1.451 -1.413 -1.386 -1.363 -1.353 -1.342 -1.32 -1.301 -1.286 -1.257 -1.291 -1.364 -1.423 -1.467 -9 -1.512 -1.513 -1.475 -1.463 -1.418 -1.349 -1.292 -1.229 -1.213 -1.168 -1.076 -1.02 -0.989 -1.014 -1.059 -1.207 -1.324 -1.273 -1.244 -1.244 -1.223 -1.181 -1.145 -1.105 -1.07 -1.071 -1.016 -1.004 -1.003 -1.035 -1.094 -1.162 -9 -9
-1.409 -1.362 -1.315 -1.298 -1.272 -1.225 -1.214 -1.198 -1.229 -1.274 -1.341 -1.435 -1.519 -1.56 -1.57 -1.56 -1.537 -1.525 -1.527 -1.541 -1.564 -1.58 -1.573 -1.56 -1.554 -1.555 -1.526 -1.483 -1.478 -1.444 -1.436 -1.433 -1.431 -1.416 -1.382 -1.371 -1.35 -1.279 -1.296 -1.342 -1.355 -1.393 -9 -9 -1.517 -1.519 -1.489 -1.442 -1.386 -1.329 -1.272 -1.262 -1.217 -1.114 -1.046 -0.997 -0.998 -1.06 -1.198 -1.326 -1.311 -1.29 -1.263 -1.24 -1.216 -1.186 -1.161 -1.135 -1.136 -1.114 -1.098 -1.103 -1.099 -1.111 -9 -9 -9
-1.451 -1.402 -1.367 -1.341 -1.301 -1.264 -1.257 -1.248 -1.261 -1.297 -1.357 -1.438 -1.517 -1.563 -1.572 -1.547 -1.508 -1.484 -1.478 -1.491 -1.526 -1.561 -1.578 -1.571 -1.554 -1.542 -1.525 -1.504 -1.507 -1.477 -1.465 -1.46 -1.468 -1.481 -1.449 -1.442 -1.402 -1.353 -1.336 -1.334 -1.331 -9 -9 -9 -9 -9 -1.495 -1.432 -1.395 -1.364 -1.333 -1.303 -1.243 -1.145 -1.083 -1.053 -1.059 -1.113 -1.239 -1.334 -1.309 -1.304 -1.291 -1.282 -1.287 -1.266 -1.232 -1.224 -1.215 -1.219 -1.194 -1.226 -9 -9 -9 -9 -9
-1.451 -1.414 -1.385 -1.361 -1.344 -1.309 -1.306 -1.312 -1.297 -1.321 -1.387 -1.473 -1.534 -1.565 -1.552 -1.532 -1.506 -1.476 -1.449 -1.451 -1.491 -1.515 -1.559 -1.58 -1.568 -1.55 -1.532 -1.522 -1.535 -1.5 -1.474 -1.474 -1.502 -1.542 -1.525 -1.513 -1.459 -1.439 -1.411 -1.393 -1.367 -9 -9 -9 -9 -9 -9 -1.44 -1.411 -1.384 -1.353 -1.314 -1.254 -1.173 -1.119 -1.1 -1.123 -1.187 -1.289 -1.33 -1.327 -1.353 -1.354 -1.355 -1.364 -1.347 -1.311 -1.307 -1.31 -1.31 -1.308 -9 -9 -9 -9 -9 -9
-1.474 -1.442 -1.419 -1.41 -1.403 -1.363 -1.354 -1.372 -1.371 -1.393 -1.449 -1.515 -1.556 -1.567 -1.532 -1.505 -1.489 -1.475 -1.458 -1.447 -1.464 -1.492 -1.53 -1.561 -1.56 -1.547 -1.55 -1.558 -1.563 -1.535 -1.526 -1.535 -1.555 -1.588 -1.599 -1.576 -1.532 -1.515 -1.485 -1.466 -1.438 -9 -9 -9 -9 -9 -9 -9 -9 -9 -9 -1.307 -1.269 -1.223 -1.187 -1.146 -1.172 -1.257 -1.345 -1.341 -1.378 -1.419 -1.423 -1.428 -1.434 -1.406 -1.368 -9 -9 -9 -9 -9 -9 -9 -9 -9 -9
-1.527 -1.513 -1.495 -1.485 -1.464 -1.432 -1.422 -1.426 -1.448 -1.482 -1.517 -1.553 -1.576 -1.572 -1.531 -1.486 -1.467 -1.462 -1.463 -1.458 -1.451 -1.486 -1.515 -1.538 -1.553 -1.529 -1.538 -1.569 -1.593 -1.57 -1.574 -1.585 -1.589 -1.618 -1.643 -1.622 -1.582 -1.58 -1.551 -1.538 -1.511 -9 -9 -9 -9 -9 -9 -9 -9 -9 -9 -9 -9 -9 -9 -9 -1.259 -1.325 -1.389 -1.397 -1.438 -1.468 -9 -9 -9 -9 -9 -9 -9 -9 -9 -9 -9 -9 -9 -9 -9
-1.595 -1.585 -1.569 -1.557 -1.536 -1.512 -1.504 -1.504 -1.521 -1.546 -1.567 -1.586 -1.593 -1.579 -1.541 -1.505 -1.488 -1.479 -1.477 -1.479 -1.481 -1.496 -1.516 -1.525 -1.534 -1.527 -1.541 -1.572 -1.603 -1.598 -1.606 -1.624 -1.62 -1.638 -1.663 -1.653 -1.624 -1.628 -1.619 -1.598 -9 -9 -9 -9 -9 -9 -9 -9 -9 -9 -9 -9 -9 -9 -9 -9 -9 -9 -9 -9 -9 -9 -9 -9 -9 -9 -9 -9 -9 -9 -9 -9 -9 -9 -9 -9 -9
-1.644 -1.638 -1.627 -1.614 -1.598 -1.583 -1.574 -1.572 -1.578 -1.588 -1.599 -1.607 -1.604 -1.587 -1.563 -1.549 -1.541 -1.53 -1.527 -1.53 -1.534 -1.53 -1.523 -1.519 -1.525 -1.537 -1.55 -1.576 -1.61 -1.617 -1.631 -1.654 -1.654 -1.667 -1.68 -1.68 -1.662 -1.666 -1.656 -9 -9 -9 -9 -9 -9 -9 -9 -9 -9 -9 -9 -9 -9 -9 -9 -9 -9 -9 -9 -9 -9 -9 -9 -9 -9 -9 -9 -9 -9 -9 -9 -9 -9 -9 -9 -9 -9
-1.669 -1.662 -1.653 -1.641 -1.629 -1.619 -1.612 -1.609 -1.609 -1.612 -1.613 -1.608 -1.596 -1.586 -1.576 -1.567 -1.554 -1.547 -1.546 -1.554 -1.553 -1.557 -1.557 -1.551 -1.545 -1.544 -1.549 -1.564 -1.588 -1.617 -1.641 -1.661 -1.68 -1.688 -1.691 -1.699 -1.695 -1.686 -1.669 -9 -9 -9 -9 -9 -9 -9 -9 -9 -9 -9 -9 -9 -9 -9 -9 -9 -9 -9 -9 -9 -9 -9 -9 -9 -9 -9 -9 -9 -9 -9 -9 -9 -9 -9 -9 -9 -9
-1.672 -1.661 -1.651 -1.642 -1.634 -1.628 -1.623 -1.619 -1.617 -1.612 -1.6 -1.58 -1.556 -1.545 -1.54 -1.553 -1.538 -1.528 -1.529 -1.561 -1.559 -1.571 -1.591 -1.58 -1.56 -1.542 -1.538 -1.542 -1.561 -1.594 -1.624 -1.65 -1.684 -1.702 -1.706 -1.711 -1.707 -1.692 -9 -9 -9 -9 -9 -9 -9 -9 -9 -9 -9 -9 -9 -9 -9 -9 -9 -9 -9 -9 -9 -9 -9 -9 -9 -9 -9 -9 -9 -9 -9 -9 -9 -9 -9 -9 -9 -9 -9
-1.64 -1.622 -1.616 -1.611 -1.609 -1.606 -1.605 -1.6 -1.59 -1.578 -1.558 -1.534 -1.516 -1.51 -1.51 -1.52 -1.539 -1.538 -1.533 -1.556 -1.569 -1.592 -1.605 -1.603 -1.588 -1.569 -1.559 -1.55 -1.563 -1.585 -1.611 -1.643 -1.68 -1.704 -1.713 -1.714 -1.705 -9 -9 -9 -9 -9 -9 -9 -9 -9 -9 -9 -9 -9 -9 -9 -9 -9 -9 -9 -9 -9 -9 -9 -9 -9 -9 -9 -9 -9 -9 -9 -9 -9 -9 -9 -9 -9 -9 -9 -9
-1.569 -1.55 -1.563 -1.565 -1.565 -1.555 -1.562 -1.56 -1.549 -1.537 -1.532 -1.516 -1.502 -1.495 -1.49 -1.497 -1.527 -1.541 -1.531 -1.554 -1.574 -1.591 -1.602 -1.603 -1.597 -1.586 -1.58 -1.571 -1.576 -1.591 -1.61 -1.641 -1.675 -1.697 -1.708 -1.708 -1.697 -9 -9 -9 -9 -9 -9 -9 -9 -9 -9 -9 -9 -9 -9 -9 -9 -9 -9 -9 -9 -9 -9 -9 -9 -9 -9 -9 -9 -9 -9 -9 -9 -9 -9 -9 -9 -9 -9 -9 -9
-1.492 -1.5 -1.49 -1.511 -1.542 -1.53 -1.526 -1.54 -1.536 -1.535 -1.517 -1.504 -1.5 -1.495 -1.498 -1.508 -1.522 -1.539 -1.54 -1.567 -1.592 -1.594 -1.601 -1.599 -1.58 -1.568 -1.564 -1.56 -1.559 -1.566 -1.584 -1.622 -1.66 -1.684 -1.697 -1.697 -1.684 -9 -9 -9 -9 -9 -9 -9 -9 -9 -9 -9 -9 -9 -9 -9 -9 -9 -9 -9 -9 -9 -9 -9 -9 -9 -9 -9 -9 -9 -9 -9 -9 -9 -9 -9 -9 -9 -9 -9 -9
-1.453 -1.444 -1.429 -1.462 -1.51 -1.529 -1.534 -1.545 -1.54 -1.519 -1.489 -1.477 -1.483 -1.494 -1.511 -1.524 -1.529 -1.549 -1.563 -1.591 -1.609 -1.613 -1.611 -1.603 -1.578 -1.555 -1.544 -1.532 -1.517 -1.524 -1.56 -1.61 -1.646 -1.67 -1.685 -1.681 -9 -9 -9 -9 -9 -9 -9 -9 -9 -9 -9 -9 -9 -9 -9 -9 -9 -9 -9 -9 -9 -9 -9 -9 -9 -9 -9 -9 -9 -9 -9 -9 -9 -9 -9 -9 -9 -9 -9 -9 -9
-1.418 -1.393 -1.388 -1.43 -1.486 -1.528 -1.542 -1.547 -1.536 -1.502 -1.473 -1.461 -1.473 -1.492 -1.522 -1.543 -1.545 -1.564 -1.581 -1.61 -1.627 -1.633 -1.639 -1.631 -1.603 -1.569 -1.542 -1.517 -1.497 -1.513 -1.552 -1.6 -1.634 -1.658 -1.674 -9 -9 -9 -9 -9 -9 -9 -9 -9 -9 -9 -9 -9 -9 -9 -9 -9 -9 -9 -9 -9 -9 -9 -9 -9 -9 -9 -9 -9 -9 -9 -9 -9 -9 -9 -9 -9 -9 -9 -9 -9 -9
-1.398 -1.381 -1.378 -1.42 -1.479 -1.52 -1.528 -1.532 -1.528 -1.492 -1.472 -1.467 -1.484 -1.509 -1.545 -1.569 -1.567 -1.573 -1.593 -1.623 -1.642 -1.649 -1.669 -1.66 -1.644 -1.601 -1.561 -1.521 -1.501 -1.511 -1.544 -1.592 -1.625 -1.65 -1.666 -9 -9 -9 -9 -9 -9 -9 -9 -9 -9 -9 -9 -9 -9 -9 -9 -9 -9 -9 -9 -9 -9 -9 -9 -9 -9 -9 -9 -9 -9 -9 -9 -9 -9 -9 -9 -9 -9 -9 -9 -9 -9
-1.403 -1.397 -1.393 -1.436 -1.489 -1.515 -1.521 -1.535 -1.54 -1.502 -1.487 -1.488 -1.505 -1.533 -1.564 -1.585 -1.584 -1.585 -1.602 -1.629 -1.656 -1.673 -1.694 -1.69 -1.669 -1.636 -1.605 -1.557 -1.524 -1.528 -1.552 -1.59 -1.621 -1.644 -9 -9 -9 -9 -9 -9 -9 -9 -9 -9 -9 -9 -9 -9 -9 -9 -9 -9 -9 -9 -9 -9 -9 -9 -9 -9 -9 -9 -9 -9 -9 -9 -9 -9 -9 -9 -9 -9 -9 -9 -9 -9 -9
-1.411 -1.396 -1.41 -1.447 -1.494 -1.519 -1.531 -1.545 -1.554 -1.523 -1.513 -1.52 -1.531 -1.549 -1.567 -1.587 -1.587 -1.593 -1.607 -1.623 -1.658 -1.699 -1.717 -1.711 -1.682 -1.67 -1.636 -1.58 -1.546 -1.548 -1.565 -1.594 -9 -9 -9 -9 -9 -9 -9 -9 -9 -9 -9 -9 -9 -9 -9 -9 -9 -9 -9 -9 -9 -9 -9 -9 -9 -9 -9 -9 -9 -9 -9 -9 -9 -9 -9 -9 -9 -9 -9 -9 -9 -9 -9 -9 -9
-1.429 -1.408 -1.411 -1.445 -1.498 -1.534 -1.552 -1.564 -1.57 -1.548 -1.536 -1.535 -1.535 -1.543 -1.561 -1.58 -1.586 -1.599 -1.616 -1.63 -1.655 -1.7 -1.722 -1.713 -1.704 -1.694 -1.659 -1.611 -1.584 -1.573 -1.584 -9 -9 -9 -9 -9 -9 -9 -9 -9 -9 -9 -9 -9 -9 -9 -9 -9 -9 -9 -9 -9 -9 -9 -9 -9 -9 -9 -9 -9 -9 -9 -9 -9 -9 -9 -9 -9 -9 -9 -9 -9 -9 -9 -9 -9 -9
-1.448 -1.434 -1.412 -1.446 -1.504 -1.547 -1.572 -1.582 -1.583 -1.567 -1.549 -1.545 -1.54 -1.543 -1.556 -1.571 -1.582 -1.599 -1.618 -1.643 -1.666 -1.705 -1.73 -1.714 -1.719 -1.711 -1.667 -1.628 -1.613 -1.606 -9 -9 -9 -9 -9 -9 -9 -9 -9 -9 -9 -9 -9 -9 -9 -9 -9 -9 -9 -9 -9 -9 -9 -9 -9 -9 -9 -9 -9 -9 -9 -9 -9 -9 -9 -9 -9 -9 -9 -9 -9 -9 -9 -9 -9 -9 -9
-1.464 -1.454 -1.434 -1.46 -1.513 -1.553 -1.579 -1.589 -1.592 -1.581 -1.562 -1.546 -1.54 -1.552 -1.574 -1.588 -1.601 -1.617 -1.635 -1.662 -1.692 -1.729 -1.75 -1.746 -1.738 -1.723 -1.697 -1.661 -1.642 -9 -9 -9 -9 -9 -9 -9 -9 -9 -9 -9 -9 -9 -9 -9 -9 -9 -9 -9 -9 -9 -9 -9 -9 -9 -9 -9 -9 -9 -9 -9 -9 -9 -9 -9 -9 -9 -9 -9 -9 -9 -9 -9 -9 -9 -9 -9 -9
-1.48 -1.473 -1.463 -1.478 -1.527 -1.561 -1.584 -1.591 -1.602 -1.592 -1.571 -1.548 -1.547 -1.574 -1.599 -1.619 -1.632 -1.628 -1.648 -1.687 -1.72 -1.75 -1.767 -1.77 -1.756 -1.729 -1.708 -1.677 -1.661 -9 -9 -9 -9 -9 -9 -9 -9 -9 -9 -9 -9 -9 -9 -9 -9 -9 -9 -9 -9 -9 -9 -9 -9 -9 -9 -9 -9 -9 -9 -9 -9 -9 -9 -9 -9 -9 -9 -9 -9 -9 -9 -9 -9 -9 -9 -9 -9
-1.505 -1.493 -1.48 -1.495 -1.54 -1.572 -1.591 -1.602 -1.612 -1.599 -1.572 -1.554 -1.57 -1.603 -1.636 -1.658 -1.66 -1.654 -1.681 -1.716 -1.741 -1.758 -1.767 -1.766 -1.752 -1.728 -1.701 -1.678 -1.664 -9 -9 -9 -9 -9 -9 -9 -9 -9 -9 -9 -9 -9 -9 -9 -9 -9 -9 -9 -9 -9 -9 -9 -9 -9 -9 -9 -9 -9 -9 -9 -9 -9 -9 -9 -9 -9 -9 -9 -9 -9 -9 -9 -9 -9 -9 -9 -9
-1.529 -1.508 -1.498 -1.518 -1.555 -1.583 -1.601 -1.616 -1.623 -1.605 -1.577 -1.57 -1.594 -1.628 -1.663 -1.684 -1.695 -1.705 -1.723 -1.737 -1.744 -1.745 -1.739 -1.731 -1.717 -1.701 -1.682 -1.665 -9 -9 -9 -9 -9 -9 -9 -9 -9 -9 -9 -9 -9 -9 -9 -9 -9 -9 -9 -9 -9 -9 -9 -9 -9 -9 -9 -9 -9 -9 -9 -9 -9 -9 -9 -9 -9 -9 -9 -9 -9 -9 -9 -9 -9 -9 -9 -9 -9
-1.547 -1.518 -1.52 -1.547 -1.575 -1.597 -1.614 -1.632 -1.637 -1.618 -1.594 -1.599 -1.631 -1.661 -1.684 -1.704 -1.722 -1.735 -1.743 -1.744 -1.733 -1.72 -1.701 -1.684 -1.669 -1.654 -1.643 -1.638 -9 -9 -9 -9 -9 -9 -9 -9 -9 -9 -9 -9 -9 -9 -9 -9 -9 -9 -9 -9 -9 -9 -9 -9 -9 -9 -9 -9 -9 -9 -9 -9 -9 -9 -9 -9 -9 -9 -9 -9 -9 -9 -9 -9 -9 -9 -9 -9 -9
