data/climatemaps/RS_maps/climate_winter_pr_2004.asc
NCOLS 369 
NROWS 228 
XLLCORNER 479000 
YLLCORNER 73000 
CELLSIZE 1000 
NODATA_value -9 
[rows 68 to 101 of 228, columns 225 to 299 of 369]
-0.614 -0.587 -0.564 -0.536 -0.505 -0.464 -0.418 -0.378 -0.348 -0.324 -0.308 -0.29 -0.254 -0.214 -0.163 -0.098 -0.004 0.141 0.285 0.427 0.538 0.625 0.603 0.477 0.291 0.234 0.073 -0.075 -0.161 -0.182 -0.139 -0.016 0.156 0.238 0.304 0.47 0.571 0.576 0.457 0.378 0.542 0.568 0.474 0.445 0.354 0.121 -0.109 -0.318 -0.491 -0.586 -0.645 -0.686 -0.717 -0.729 -0.739 -0.747 -0.762 -0.745 -0.688 -0.651 -0.651 -0.647 -0.643 -0.637 -0.624 -0.586 -9 -9 -9 -9 -9 -9 -9 -9 -9
-0.6 -0.574 -0.553 -0.53 -0.502 -0.464 -0.423 -0.39 -0.361 -0.341 -0.332 -0.328 -0.312 -0.28 -0.236 -0.183 -0.11 0.003 0.153 0.291 0.445 0.606 0.668 0.569 0.36 0.322 0.198 0.027 -0.113 -0.176 -0.153 -0.025 0.133 0.24 0.373 0.537 0.552 0.444 0.282 0.311 0.383 0.336 0.335 0.314 0.161 -0.022 -0.218 -0.4 -0.533 -0.61 -0.663 -0.703 -0.732 -0.745 -0.764 -0.779 -0.764 -0.706 -0.597 -0.554 -0.585 -0.611 -0.629 -0.635 -0.63 -0.611 -9 -9 -9 -9 -9 -9 -9 -9 -9
-0.576 -0.551 -0.53 -0.511 -0.485 -0.449 -0.419 -0.391 -0.363 -0.341 -0.334 -0.333 -0.329 -0.312 -0.286 -0.25 -0.196 -0.106 0.037 0.209 0.354 0.552 0.657 0.59 0.463 0.468 0.331 0.175 0.05 -0.066 -0.117 -0.033 0.102 0.29 0.328 0.375 0.394 0.298 0.219 0.237 0.201 0.183 0.171 0.107 0.03 -0.122 -0.305 -0.47 -0.57 -0.633 -0.681 -0.72 -0.752 -0.776 -0.79 -0.78 -0.723 -0.598 -0.47 -0.467 -0.523 -0.528 -0.56 -0.587 -0.603 -0.602 -9 -9 -9 -9 -9 -9 -9 -9 -9
-0.538 -0.515 -0.496 -0.478 -0.457 -0.43 -0.395 -0.347 -0.319 -0.315 -0.321 -0.324 -0.324 -0.314 -0.299 -0.276 -0.247 -0.186 -0.041 0.155 0.302 0.465 0.642 0.631 0.625 0.582 0.414 0.352 0.229 0.072 -0.035 -0.041 0.129 0.239 0.278 0.279 0.249 0.17 0.129 0.107 0.076 0.035 0.006 -0.036 -0.109 -0.229 -0.382 -0.519 -0.598 -0.653 -0.697 -0.736 -0.771 -0.795 -0.799 -0.76 -0.637 -0.464 -0.361 -0.424 -0.447 -0.406 -0.436 -0.489 -0.531 -9 -9 -9 -9 -9 -9 -9 -9 -9 -9
-0.484 -0.463 -0.447 -0.429 -0.412 -0.388 -0.352 -0.303 -0.285 -0.295 -0.306 -0.305 -0.303 -0.297 -0.284 -0.258 -0.262 -0.222 -0.12 0.08 0.284 0.4 0.608 0.713 0.76 0.667 0.532 0.383 0.25 0.187 0.11 0.042 0.133 0.181 0.191 0.141 0.141 0.127 0.118 0.1 0.089 0.054 0.003 -0.068 -0.164 -0.289 -0.421 -0.541 -0.614 -0.667 -0.711 -0.751 -0.785 -0.805 -0.795 -0.703 -0.537 -0.331 -0.294 -0.364 -0.354 -0.27 -0.298 -0.382 -0.438 -9 -9 -9 -9 -9 -9 -9 -9 -9 -9
-0.395 -0.384 -0.376 -0.362 -0.352 -0.335 -0.313 -0.289 -0.274 -0.264 -0.27 -0.268 -0.268 -0.266 -0.245 -0.227 -0.259 -0.243 -0.178 0.008 0.236 0.459 0.592 0.796 0.776 0.667 0.572 0.487 0.43 0.45 0.355 0.293 0.176 0.154 0.166 0.217 0.261 0.25 0.234 0.208 0.207 0.166 0.104 0.016 -0.107 -0.258 -0.403 -0.532 -0.614 -0.673 -0.72 -0.761 -0.794 -0.807 -0.772 -0.632 -0.436 -0.227 -0.213 -0.299 -0.212 -0.114 -0.151 -0.238 -0.281 -9 -9 -9 -9 -9 -9 -9 -9 -9 -9
-0.253 -0.256 -0.261 -0.264 -0.27 -0.269 -0.258 -0.246 -0.235 -0.224 -0.22 -0.219 -0.222 -0.224 -0.213 -0.218 -0.244 -0.242 -0.198 -0.039 0.202 0.494 0.631 0.75 0.792 0.746 0.666 0.664 0.62 0.61 0.589 0.504 0.398 0.379 0.39 0.436 0.416 0.396 0.399 0.372 0.363 0.292 0.185 0.083 -0.055 -0.196 -0.332 -0.48 -0.592 -0.667 -0.722 -0.765 -0.798 -0.799 -0.745 -0.577 -0.32 -0.134 -0.141 -0.228 -0.063 0.02 -0.075 -0.096 -0.089 -0.203 -0.298 -0.237 -0.204 -9 -9 -9 -9 -9 -9
-0.078 -0.073 -0.083 -0.114 -0.136 -0.165 -0.179 -0.174 -0.165 -0.148 -0.142 -0.145 -0.158 -0.169 -0.181 -0.197 -0.216 -0.224 -0.193 -0.014 0.27 0.491 0.536 0.628 0.784 0.772 0.715 0.736 0.762 0.741 0.691 0.613 0.627 0.66 0.613 0.579 0.547 0.548 0.569 0.525 0.486 0.378 0.229 0.128 0.054 -0.037 -0.202 -0.38 -0.505 -0.632 -0.715 -0.764 -0.796 -0.782 -0.707 -0.516 -0.263 -0.178 -0.192 -0.123 -0.002 0.1 0.021 0.017 0.001 -0.077 -0.212 -0.134 -0.023 0.067 0.044 -0.04 -0.121 -9 -9
0.101 0.116 0.091 0.087 0.051 -0.012 -0.06 -0.022 0.003 0.027 0.043 0.007 -0.047 -0.078 -0.115 -0.147 -0.176 -0.194 -0.167 0.047 0.329 0.409 0.383 0.55 0.588 0.579 0.602 0.677 0.703 0.761 0.744 0.759 0.802 0.797 0.732 0.677 0.63 0.643 0.621 0.556 0.474 0.356 0.223 0.227 0.253 0.099 -0.049 -0.206 -0.392 -0.579 -0.697 -0.756 -0.79 -0.774 -0.689 -0.497 -0.265 -0.199 -0.188 0.003 0.096 0.165 0.107 0.074 0.075 -0.005 -0.155 -0.09 0.053 0.165 0.139 0.079 -0.007 -0.133 -0.231
0.211 0.25 0.25 0.279 0.271 0.141 0.032 0.14 0.176 0.187 0.22 0.238 0.172 0.137 0.064 -0.054 -0.123 -0.157 -0.135 0.074 0.224 0.204 0.202 0.368 0.348 0.377 0.473 0.544 0.587 0.698 0.767 0.807 0.786 0.714 0.63 0.531 0.445 0.466 0.487 0.46 0.409 0.347 0.276 0.34 0.368 0.266 0.123 -0.065 -0.307 -0.514 -0.66 -0.744 -0.782 -0.776 -0.671 -0.45 -0.253 -0.199 -0.174 -0.018 0.096 0.159 0.124 0.135 0.102 -0.022 -0.091 -0.001 0.126 0.198 0.204 0.156 0.057 -0.066 -0.101
0.234 0.325 0.393 0.442 0.395 0.246 0.089 0.107 0.159 0.228 0.336 0.394 0.382 0.361 0.287 0.129 -0.036 -0.114 -0.115 -0.013 0.074 0.024 0.02 0.119 0.124 0.17 0.267 0.324 0.388 0.475 0.521 0.524 0.495 0.407 0.328 0.211 0.102 0.087 0.147 0.198 0.216 0.307 0.347 0.395 0.391 0.344 0.216 -0.006 -0.213 -0.428 -0.621 -0.728 -0.772 -0.775 -0.684 -0.483 -0.31 -0.264 -0.121 0.025 0.046 0.142 0.176 0.15 0.006 -0.034 0.014 0.093 0.214 0.22 0.245 0.236 0.101 0.031 0.147
0.192 0.325 0.491 0.529 0.452 0.285 0.167 0.162 0.153 0.217 0.332 0.463 0.505 0.506 0.494 0.367 0.137 -0.041 -0.117 -0.104 -0.085 -0.091 -0.074 -0.044 -0.012 0.01 0.032 0.053 0.082 0.104 0.101 0.098 0.083 0.039 -0.011 -0.092 -0.165 -0.2 -0.187 -0.121 -0.017 0.159 0.159 0.243 0.366 0.292 0.173 0.115 -0.105 -0.368 -0.593 -0.71 -0.762 -0.772 -0.716 -0.549 -0.38 -0.281 -0.083 0.064 0.065 0.148 0.198 0.093 -0.035 0.064 0.093 0.198 0.254 0.211 0.173 0.147 0.099 0.223 0.418
0.192 0.325 0.48 0.548 0.512 0.379 0.27 0.242 0.245 0.252 0.333 0.507 0.597 0.607 0.56 0.437 0.272 0.054 -0.093 -0.125 -0.128 -0.104 -0.045 0.024 0.042 0.013 -0.022 -0.057 -0.081 -0.095 -0.105 -0.119 -0.14 -0.175 -0.217 -0.27 -0.316 -0.35 -0.371 -0.365 -0.271 -0.077 -0.041 0.043 0.191 0.257 0.225 0.198 -0.056 -0.336 -0.547 -0.688 -0.752 -0.769 -0.739 -0.604 -0.438 -0.29 -0.127 -0.009 0.074 0.196 0.197 0.057 -0.006 0.149 0.169 0.237 0.27 0.245 0.124 0.11 0.301 0.337 0.643
0.217 0.343 0.499 0.587 0.594 0.569 0.353 0.252 0.278 0.339 0.368 0.562 0.653 0.656 0.618 0.532 0.383 0.152 -0.058 -0.117 -0.101 -0.01 0.107 0.191 0.208 0.172 0.08 -0.009 -0.079 -0.128 -0.169 -0.201 -0.232 -0.265 -0.291 -0.343 -0.382 -0.4 -0.461 -0.488 -0.477 -0.315 -0.197 -0.077 0.034 0.2 0.246 0.156 -0.057 -0.311 -0.513 -0.661 -0.744 -0.766 -0.742 -0.627 -0.454 -0.267 -0.177 -0.032 0.06 0.213 0.19 0.035 0.04 0.169 0.223 0.278 0.333 0.275 0.144 0.266 0.474 0.552 0.752
0.224 0.302 0.456 0.623 0.69 0.733 0.503 0.309 0.274 0.371 0.409 0.562 0.701 0.702 0.625 0.531 0.412 0.256 -0.009 -0.11 -0.047 0.128 0.307 0.388 0.403 0.369 0.245 0.168 0.048 -0.017 -0.126 -0.135 -0.19 -0.243 -0.261 -0.263 -0.285 -0.345 -0.435 -0.524 -0.548 -0.492 -0.318 -0.158 -0.066 0.044 0.166 0.101 -0.078 -0.325 -0.521 -0.65 -0.739 -0.762 -0.741 -0.625 -0.429 -0.214 -0.159 0.023 0.095 0.203 0.205 0.042 0.091 0.198 0.309 0.346 0.364 0.309 0.242 0.488 0.68 0.778 0.95
0.145 0.195 0.351 0.557 0.702 0.699 0.57 0.344 0.257 0.335 0.497 0.624 0.715 0.722 0.622 0.457 0.345 0.218 0 -0.11 -0.05 0.168 0.425 0.586 0.569 0.617 0.45 0.43 0.266 0.151 -0.043 0.041 -0.013 -0.102 -0.146 -0.094 -0.163 -0.261 -0.388 -0.515 -0.569 -0.569 -0.491 -0.346 -0.179 -0.106 -0.01 -0.036 -0.176 -0.375 -0.553 -0.671 -0.741 -0.759 -0.725 -0.585 -0.395 -0.176 -0.109 0.046 0.2 0.279 0.265 0.092 0.159 0.279 0.357 0.393 0.535 0.558 0.383 0.646 0.88 0.926 1.004
0.062 0.163 0.329 0.463 0.628 0.652 0.572 0.394 0.252 0.335 0.582 0.701 0.74 0.664 0.529 0.396 0.31 0.246 -0.017 -0.112 -0.065 0.169 0.412 0.669 0.652 0.893 0.701 0.679 0.511 0.22 0.125 0.217 0.192 0.094 0.049 0.011 -0.076 -0.187 -0.336 -0.457 -0.539 -0.577 -0.577 -0.518 -0.364 -0.254 -0.14 -0.171 -0.288 -0.458 -0.608 -0.702 -0.749 -0.756 -0.683 -0.517 -0.314 -0.117 -0.054 0.045 0.263 0.361 0.294 0.2 0.242 0.318 0.443 0.511 0.703 0.619 0.539 0.73 0.963 0.941 0.947
0.051 0.099 0.229 0.363 0.507 0.6 0.581 0.405 0.268 0.377 0.562 0.769 0.782 0.633 0.577 0.517 0.456 0.354 -0.034 -0.098 0.025 0.241 0.439 0.697 0.774 1.091 0.907 0.849 0.679 0.341 0.374 0.381 0.367 0.289 0.218 0.118 -0.014 -0.179 -0.297 -0.366 -0.452 -0.519 -0.575 -0.599 -0.562 -0.421 -0.267 -0.262 -0.383 -0.552 -0.667 -0.731 -0.761 -0.746 -0.584 -0.422 -0.317 -0.103 0.039 0.091 0.278 0.364 0.325 0.403 0.391 0.431 0.612 0.717 0.802 0.754 0.822 0.799 1.004 1.027 1.019
0.056 0.08 0.099 0.207 0.372 0.538 0.552 0.379 0.327 0.505 0.663 0.804 0.708 0.742 0.774 0.73 0.686 0.348 -0.058 -0.069 0.122 0.343 0.585 0.758 0.871 1.177 1.047 0.881 0.728 0.465 0.564 0.589 0.527 0.449 0.344 0.179 -0.029 -0.185 -0.193 -0.236 -0.335 -0.43 -0.514 -0.598 -0.636 -0.591 -0.484 -0.422 -0.523 -0.656 -0.721 -0.758 -0.777 -0.749 -0.54 -0.359 -0.27 -0.147 0.076 0.193 0.401 0.452 0.442 0.546 0.524 0.611 0.748 0.841 0.944 0.958 1.064 0.953 1.058 1.122 1.152
0.082 0.154 0.146 0.153 0.413 0.638 0.614 0.404 0.467 0.634 0.782 0.764 0.753 0.888 0.886 0.81 0.681 0.22 -0.076 -0.047 0.11 0.341 0.599 0.801 0.972 1.104 1.077 1.085 0.95 0.613 0.708 0.763 0.667 0.538 0.379 0.168 -0.054 -0.09 -0.063 -0.131 -0.227 -0.333 -0.441 -0.539 -0.627 -0.665 -0.654 -0.621 -0.674 -0.731 -0.756 -0.765 -0.775 -0.764 -0.601 -0.42 -0.227 -0.071 0.094 0.254 0.34 0.491 0.554 0.562 0.487 0.51 0.633 0.797 0.955 1.005 1.013 0.978 1.076 1.191 1.188
0.181 0.264 0.269 0.205 0.4 0.642 0.595 0.47 0.576 0.737 0.864 0.791 0.876 0.923 0.836 0.661 0.382 0.082 -0.082 -0.093 0.068 0.295 0.578 0.855 1.023 1.081 1.208 1.234 1.024 0.783 0.867 0.897 0.779 0.653 0.437 0.177 0.036 0.06 0.02 -0.072 -0.16 -0.255 -0.37 -0.466 -0.562 -0.645 -0.696 -0.711 -0.738 -0.766 -0.784 -0.764 -0.731 -0.774 -0.71 -0.514 -0.268 -0.106 -0.005 0.14 0.265 0.354 0.433 0.445 0.362 0.373 0.459 0.581 0.758 0.863 0.909 0.971 1.068 1.126 1.175
0.221 0.351 0.428 0.369 0.45 0.679 0.629 0.673 0.753 0.836 0.85 0.801 0.826 0.745 0.593 0.336 0.149 0.02 -0.076 -0.133 -0.07 0.191 0.535 0.795 1.022 1.138 1.215 1.206 1.081 1.034 1.033 1.015 0.93 0.834 0.605 0.293 0.18 0.204 0.071 -0.053 -0.117 -0.183 -0.3 -0.424 -0.526 -0.592 -0.675 -0.72 -0.751 -0.778 -0.801 -0.815 -0.789 -0.753 -0.765 -0.676 -0.505 -0.315 -0.06 0.049 0.169 0.256 0.285 0.234 0.236 0.275 0.332 0.445 0.566 0.698 0.804 0.883 0.906 0.926 1.07
0.32 0.477 0.575 0.443 0.611 0.788 0.758 0.794 0.768 0.682 0.675 0.705 0.667 0.45 0.321 0.265 0.23 0.112 0.001 -0.13 -0.167 -0.009 0.337 0.637 0.964 1.136 1.153 1.258 1.225 1.142 1.089 1.116 1.072 0.973 0.74 0.421 0.335 0.305 0.11 0.029 -0.038 -0.134 -0.267 -0.44 -0.446 -0.481 -0.613 -0.687 -0.736 -0.77 -0.801 -0.829 -0.849 -0.844 -0.81 -0.77 -0.629 -0.44 -0.182 0 0.164 0.285 0.299 0.156 0.101 0.154 0.235 0.384 0.515 0.569 0.645 0.714 0.659 0.703 0.905
0.332 0.558 0.61 0.536 0.818 0.811 0.776 0.729 0.547 0.452 0.429 0.435 0.417 0.36 0.371 0.449 0.449 0.451 0.229 -0.072 -0.19 -0.122 0.198 0.524 0.818 1.057 1.092 1.179 1.173 1.029 1.023 1.121 1.117 1.016 0.783 0.588 0.491 0.378 0.213 0.126 0.013 -0.124 -0.328 -0.447 -0.352 -0.367 -0.509 -0.596 -0.667 -0.723 -0.78 -0.826 -0.861 -0.879 -0.87 -0.841 -0.733 -0.581 -0.323 -0.086 0.15 0.258 0.256 0.095 -0.017 0.093 0.202 0.344 0.393 0.363 0.43 0.48 0.402 0.452 0.674
0.371 0.583 0.695 0.742 0.912 0.817 0.736 0.69 0.521 0.513 0.535 0.491 0.495 0.654 0.781 0.831 0.798 0.709 0.328 -0.05 -0.209 -0.183 0.105 0.382 0.607 0.867 0.882 0.855 0.904 0.819 0.932 1.016 1.014 0.997 0.875 0.76 0.611 0.469 0.303 0.152 -0.031 -0.233 -0.416 -0.357 -0.272 -0.277 -0.39 -0.483 -0.534 -0.605 -0.686 -0.789 -0.856 -0.891 -0.903 -0.892 -0.82 -0.689 -0.465 -0.223 0.035 0.119 0.102 -0.03 -0.125 -0.027 0.089 0.215 0.192 0.102 0.21 0.207 0.131 0.26 0.457
0.523 0.657 0.783 0.841 0.917 0.889 0.993 1.034 0.752 0.818 0.953 0.891 0.904 1.059 1.211 1.192 1.039 0.646 0.232 -0.094 -0.249 -0.225 -0.032 0.111 0.314 0.563 0.555 0.469 0.585 0.656 0.822 0.78 0.846 0.978 0.929 0.823 0.635 0.439 0.26 0.072 -0.114 -0.369 -0.408 -0.28 -0.183 -0.191 -0.286 -0.373 -0.388 -0.477 -0.569 -0.713 -0.824 -0.879 -0.911 -0.915 -0.876 -0.785 -0.607 -0.402 -0.19 -0.096 -0.102 -0.192 -0.241 -0.146 -0.055 0.01 -0.014 -0.114 -0.003 -0.062 -0.021 0.184 0.368
0.603 0.674 0.758 0.865 0.886 1.048 1.241 1.315 1.126 0.986 1.061 1.064 1.164 1.257 1.354 1.241 0.96 0.574 0.14 -0.178 -0.295 -0.286 -0.199 -0.154 -0.045 0.136 0.155 0.203 0.407 0.552 0.65 0.548 0.721 0.929 0.832 0.741 0.633 0.32 0.069 -0.129 -0.311 -0.415 -0.364 -0.267 -0.119 -0.092 -0.19 -0.222 -0.256 -0.368 -0.5 -0.685 -0.777 -0.825 -0.893 -0.917 -0.902 -0.848 -0.732 -0.562 -0.389 -0.317 -0.301 -0.349 -0.343 -0.296 -0.252 -0.203 -0.243 -0.29 -0.251 -0.258 -0.18 -0.025 0.123
0.387 0.425 0.502 0.655 0.819 1.101 1.364 1.49 1.429 1.259 1.109 1.15 1.249 1.33 1.308 1.021 0.763 0.39 -0.024 -0.26 -0.284 -0.268 -0.115 -0.099 -0.195 -0.203 -0.175 -0.021 0.196 0.358 0.447 0.366 0.587 0.823 0.677 0.646 0.499 0.183 -0.119 -0.278 -0.38 -0.377 -0.28 -0.24 -0.064 0.003 -0.042 -0.075 -0.153 -0.294 -0.477 -0.689 -0.711 -0.723 -0.824 -0.894 -0.904 -0.876 -0.813 -0.692 -0.556 -0.489 -0.473 -0.474 -0.455 -0.43 -0.419 -0.404 -0.427 -0.427 -0.365 -0.27 -0.188 -0.12 0.03
0.211 0.286 0.396 0.554 0.778 1.078 1.364 1.519 1.559 1.494 1.404 1.362 1.387 1.319 1.16 0.853 0.557 0.141 -0.183 -0.268 -0.207 -0.216 -0.045 0.044 -0.09 -0.232 -0.348 -0.229 -0.022 0.108 0.263 0.235 0.473 0.718 0.639 0.457 0.283 0.022 -0.107 -0.153 -0.249 -0.371 -0.226 -0.193 -0.027 0.077 0.054 -0.017 -0.14 -0.316 -0.504 -0.685 -0.641 -0.634 -0.708 -0.825 -0.891 -0.885 -0.85 -0.787 -0.686 -0.589 -0.553 -0.509 -0.459 -0.453 -0.494 -0.512 -0.484 -0.409 -0.318 -0.224 -0.131 -0.061 -0.002
0.235 0.288 0.38 0.514 0.711 0.993 1.304 1.529 1.621 1.608 1.715 1.558 1.369 1.17 0.938 0.64 0.279 -0.098 -0.258 -0.216 -0.124 -0.172 -0.006 0.133 0.044 -0.097 -0.339 -0.406 -0.229 -0.091 0.039 0.106 0.416 0.669 0.584 0.347 0.217 0.073 -0.013 -0.066 -0.152 -0.312 -0.203 -0.107 0.03 0.091 0.044 -0.089 -0.229 -0.397 -0.563 -0.678 -0.588 -0.584 -0.659 -0.794 -0.885 -0.89 -0.868 -0.823 -0.658 -0.601 -0.514 -0.391 -0.304 -0.27 -0.369 -0.508 -0.54 -0.442 -0.366 -0.295 -0.169 -0.064 -0.045
0.138 0.243 0.347 0.439 0.61 0.86 1.196 1.555 1.675 1.746 1.864 1.677 1.43 1.169 0.853 0.527 0.062 -0.255 -0.244 -0.091 -0.058 -0.074 0.04 0.18 0.154 0.002 -0.239 -0.472 -0.407 -0.284 -0.136 0.11 0.471 0.68 0.567 0.442 0.394 0.196 0.055 0.013 -0.109 -0.241 -0.179 -0.054 0.055 0.1 0.044 -0.07 -0.207 -0.336 -0.557 -0.662 -0.542 -0.534 -0.654 -0.803 -0.89 -0.897 -0.882 -0.827 -0.658 -0.587 -0.434 -0.235 -0.148 -0.111 -0.184 -0.394 -0.574 -0.55 -0.474 -0.396 -0.268 -0.157 -0.173
0.159 0.133 0.258 0.362 0.532 0.816 1.167 1.51 1.668 1.77 1.77 1.614 1.339 1.023 0.682 0.324 -0.125 -0.326 -0.18 0.016 0.012 0.081 0.104 0.191 0.117 -0.081 -0.27 -0.482 -0.427 -0.23 -0.029 0.23 0.463 0.63 0.592 0.556 0.488 0.314 0.181 0.076 -0.06 -0.135 -0.107 -0.012 0.01 0.124 0.096 0.004 -0.087 -0.265 -0.525 -0.636 -0.483 -0.519 -0.667 -0.82 -0.898 -0.907 -0.883 -0.8 -0.625 -0.566 -0.353 -0.136 -0.01 -0.027 -0.157 -0.373 -0.568 -0.588 -0.511 -0.413 -0.34 -0.318 -0.385
0.419 0.135 0.189 0.338 0.524 0.769 1.074 1.344 1.537 1.621 1.586 1.413 1.083 0.738 0.403 0.016 -0.311 -0.336 -0.149 0.034 0.078 0.15 0.173 0.223 0.158 -0.033 -0.24 -0.483 -0.412 -0.164 -0.002 0.153 0.353 0.551 0.591 0.623 0.562 0.399 0.223 0.099 -0.005 -0.06 -0.071 -0.006 -0.057 0.053 0.045 -0.077 -0.166 -0.311 -0.539 -0.554 -0.423 -0.517 -0.667 -0.828 -0.904 -0.915 -0.877 -0.778 -0.599 -0.513 -0.33 -0.092 0.061 0.027 -0.165 -0.385 -0.54 -0.6 -0.541 -0.486 -0.48 -0.497 -0.564
0.637 0.352 0.189 0.345 0.585 0.726 0.963 1.194 1.406 1.535 1.467 1.181 0.813 0.385 0.067 -0.265 -0.383 -0.235 -0.171 0.012 0.142 0.232 0.235 0.25 0.166 -0.018 -0.236 -0.485 -0.459 -0.237 -0.12 0.03 0.254 0.55 0.661 0.685 0.562 0.379 0.179 0.046 -0.051 -0.102 -0.107 -0.042 -0.08 -0.103 -0.041 -0.152 -0.316 -0.474 -0.599 -0.429 -0.386 -0.513 -0.68 -0.834 -0.908 -0.923 -0.875 -0.743 -0.535 -0.454 -0.266 -0.018 0.087 0.015 -0.189 -0.337 -0.457 -0.578 -0.61 -0.609 -0.621 -0.653 -0.672
