data/climatemaps/RS_maps/climate_postbreed_tmp_2019.asc
NCOLS 369 
NROWS 228 
XLLCORNER 479000 
YLLCORNER 73000 
CELLSIZE 1000 
NODATA_value -9 
[rows 68 to 101 of 228, columns 154 to 230 of 369]
0.887 0.909 0.876 0.896 0.882 0.915 0.958 0.938 0.858 0.795 0.765 0.75 0.839 0.937 0.937 0.834 0.701 0.646 0.713 0.77 0.711 0.694 0.843 0.929 0.886 0.869 1.008 1.042 0.984 0.871 0.802 0.724 0.699 0.749 0.872 0.952 1.011 1.064 1.126 1.145 1.143 1.116 1.093 1.081 1.07 1.008 0.974 0.945 0.938 0.924 0.85 0.753 0.867 0.888 0.837 0.92 0.993 0.99 1.037 1.117 1.133 1.134 1.134 1.132 1.116 1.091 1.094 1.101 1.111 1.131 1.131 1.111 1.098 1.092 1.071 1.07 1.065
0.871 0.897 0.867 0.833 0.831 0.888 0.95 0.933 0.854 0.789 0.765 0.71 0.792 0.91 0.942 0.906 0.752 0.676 0.718 0.736 0.757 0.71 0.813 0.905 0.886 0.843 0.969 1.045 1.022 0.924 0.829 0.756 0.706 0.701 0.83 0.944 0.999 1.061 1.11 1.152 1.152 1.146 1.121 1.095 1.094 1.054 1.015 0.966 0.962 0.943 0.916 0.853 0.851 0.908 0.799 0.861 0.947 0.961 0.969 1.065 1.123 1.141 1.141 1.135 1.135 1.136 1.142 1.14 1.147 1.142 1.147 1.137 1.131 1.132 1.124 1.116 1.101
0.852 0.893 0.851 0.761 0.804 0.888 0.915 0.943 0.913 0.821 0.767 0.727 0.766 0.843 0.94 0.949 0.835 0.761 0.757 0.733 0.763 0.793 0.827 0.873 0.883 0.823 0.917 1.04 1.046 0.993 0.879 0.806 0.725 0.685 0.784 0.935 1.008 1.051 1.082 1.15 1.154 1.149 1.125 1.112 1.105 1.072 1.044 1.005 0.974 0.988 0.956 0.936 0.923 0.952 0.831 0.824 0.866 0.935 0.91 0.937 1.021 1.086 1.134 1.148 1.153 1.154 1.154 1.154 1.149 1.151 1.154 1.15 1.149 1.15 1.15 1.141 1.116
0.85 0.853 0.804 0.772 0.832 0.875 0.897 0.935 0.942 0.834 0.801 0.815 0.798 0.809 0.92 0.969 0.927 0.836 0.777 0.74 0.729 0.793 0.81 0.848 0.867 0.798 0.853 1.02 1.054 1.037 0.942 0.859 0.781 0.709 0.762 0.913 1.011 1.057 1.075 1.134 1.154 1.147 1.129 1.12 1.101 1.087 1.054 1.017 1.006 1.012 1.042 1.017 0.965 0.932 0.915 0.859 0.853 0.879 0.906 0.898 0.936 0.983 1.091 1.151 1.153 1.145 1.149 1.151 1.152 1.152 1.155 1.156 1.158 1.159 1.156 1.154 1.155
0.83 0.81 0.752 0.786 0.845 0.842 0.914 0.932 0.89 0.891 0.893 0.911 0.891 0.857 0.901 0.973 0.965 0.904 0.81 0.729 0.702 0.787 0.803 0.837 0.859 0.781 0.786 0.965 1.061 1.064 1.012 0.937 0.869 0.782 0.78 0.897 1.003 1.076 1.083 1.132 1.166 1.166 1.149 1.121 1.12 1.12 1.091 1.061 1.08 1.107 1.072 0.936 0.884 0.873 0.898 0.899 0.857 0.839 0.873 0.891 0.918 0.958 1.038 1.094 1.119 1.094 1.108 1.114 1.113 1.115 1.139 1.159 1.163 1.168 1.159 1.151 1.141
0.818 0.766 0.734 0.773 0.817 0.793 0.888 0.934 0.842 0.817 0.819 0.856 0.913 0.909 0.901 0.951 0.977 0.962 0.875 0.765 0.713 0.8 0.792 0.816 0.865 0.78 0.739 0.882 1.037 1.073 1.053 1.001 0.946 0.859 0.823 0.909 1.009 1.072 1.1 1.149 1.168 1.157 1.147 1.135 1.122 1.142 1.136 1.126 1.131 1.116 1.066 1.008 0.903 0.814 0.81 0.838 0.88 0.831 0.82 0.859 0.892 0.916 0.945 0.96 1.006 0.983 0.971 0.961 0.953 0.989 1.042 1.105 1.138 1.156 1.153 1.147 1.142
0.82 0.752 0.745 0.783 0.809 0.781 0.873 0.94 0.879 0.846 0.827 0.866 0.896 0.884 0.893 0.942 0.974 0.98 0.957 0.858 0.81 0.817 0.755 0.786 0.854 0.814 0.733 0.806 0.964 1.08 1.08 1.055 1 0.947 0.884 0.921 1.011 1.07 1.094 1.149 1.168 1.155 1.124 1.14 1.137 1.152 1.154 1.15 1.141 1.128 1.042 0.958 0.852 0.772 0.775 0.806 0.867 0.833 0.798 0.817 0.847 0.831 0.841 0.872 0.875 0.803 0.719 0.675 0.738 0.772 0.835 0.933 1.017 1.074 1.109 1.135 1.147
0.844 0.753 0.749 0.794 0.846 0.842 0.885 0.936 0.932 0.922 0.93 0.936 0.939 0.932 0.942 0.958 0.973 0.986 0.985 0.953 0.859 0.818 0.75 0.749 0.815 0.84 0.76 0.776 0.89 1.034 1.082 1.067 1.042 0.988 0.953 0.948 1.019 1.064 1.099 1.155 1.172 1.14 1.102 1.143 1.157 1.16 1.159 1.159 1.152 1.114 1.006 0.919 0.817 0.735 0.716 0.755 0.822 0.839 0.797 0.798 0.765 0.662 0.648 0.742 0.745 0.697 0.587 0.56 0.582 0.536 0.548 0.687 0.761 0.844 0.954 1.001 1.068
0.836 0.771 0.727 0.75 0.801 0.82 0.87 0.932 0.94 0.943 0.948 0.953 0.957 0.958 0.96 0.979 0.969 0.982 0.987 0.991 0.93 0.836 0.798 0.776 0.789 0.824 0.799 0.778 0.868 0.982 1.079 1.073 1.061 1.027 1.004 0.99 1.038 1.067 1.099 1.156 1.176 1.128 1.115 1.147 1.169 1.17 1.174 1.174 1.148 1.034 0.884 0.859 0.794 0.675 0.684 0.686 0.719 0.744 0.681 0.643 0.547 0.437 0.453 0.557 0.637 0.651 0.597 0.602 0.605 0.486 0.373 0.4 0.487 0.651 0.67 0.736 0.846
0.807 0.802 0.769 0.734 0.764 0.78 0.843 0.883 0.92 0.93 0.948 0.953 0.944 0.861 0.854 0.891 0.932 0.975 0.992 1.007 1.002 0.915 0.839 0.816 0.801 0.814 0.817 0.82 0.865 0.961 1.069 1.083 1.063 1.05 1.051 1.042 1.067 1.079 1.097 1.163 1.183 1.133 1.141 1.147 1.173 1.174 1.174 1.174 1.13 0.909 0.744 0.801 0.777 0.631 0.586 0.549 0.502 0.523 0.42 0.422 0.393 0.441 0.49 0.575 0.626 0.61 0.587 0.585 0.612 0.546 0.402 0.255 0.334 0.474 0.423 0.375 0.64
0.77 0.734 0.784 0.708 0.717 0.773 0.876 0.887 0.911 0.932 0.94 0.94 0.908 0.828 0.816 0.801 0.887 0.951 0.987 1.009 1.015 1.01 0.964 0.909 0.875 0.86 0.857 0.864 0.891 0.964 1.053 1.082 1.068 1.063 1.082 1.08 1.083 1.076 1.093 1.17 1.189 1.154 1.154 1.147 1.172 1.174 1.174 1.174 1.097 0.798 0.643 0.771 0.79 0.648 0.569 0.54 0.509 0.493 0.423 0.391 0.464 0.563 0.59 0.625 0.61 0.587 0.588 0.604 0.617 0.595 0.471 0.303 0.285 0.293 0.245 0.327 0.583
0.756 0.706 0.761 0.791 0.749 0.758 0.82 0.888 0.908 0.914 0.92 0.938 0.928 0.895 0.874 0.818 0.835 0.897 0.965 1.005 1.02 1.03 1.029 0.998 0.968 0.951 0.93 0.915 0.934 0.976 1.042 1.077 1.069 1.073 1.106 1.106 1.092 1.064 1.1 1.183 1.187 1.151 1.151 1.144 1.152 1.179 1.185 1.178 1 0.72 0.605 0.757 0.8 0.764 0.73 0.727 0.691 0.604 0.531 0.437 0.441 0.585 0.588 0.544 0.489 0.558 0.609 0.611 0.625 0.591 0.466 0.463 0.373 0.167 0.226 0.437 0.704
0.766 0.721 0.752 0.834 0.838 0.838 0.852 0.839 0.869 0.91 0.833 0.895 0.939 0.938 0.895 0.861 0.823 0.833 0.925 0.967 1.007 1.036 1.043 1.044 1.016 0.996 0.979 0.963 0.976 1 1.042 1.069 1.076 1.097 1.127 1.137 1.108 1.074 1.136 1.194 1.124 1.091 1.078 1.124 1.145 1.19 1.194 1.121 0.789 0.611 0.57 0.731 0.779 0.806 0.817 0.822 0.808 0.729 0.524 0.404 0.512 0.597 0.556 0.384 0.527 0.622 0.604 0.561 0.628 0.618 0.545 0.436 0.366 0.251 0.309 0.482 0.668
0.781 0.775 0.805 0.798 0.762 0.763 0.773 0.796 0.831 0.897 0.818 0.831 0.91 0.944 0.929 0.874 0.824 0.858 0.879 0.887 0.944 1.009 1.042 1.052 1.039 1.016 1.006 0.987 0.992 1.018 1.041 1.07 1.098 1.123 1.16 1.177 1.162 1.14 1.179 1.179 1.013 0.95 1.017 1.135 1.167 1.194 1.194 1.063 0.774 0.581 0.569 0.599 0.688 0.783 0.777 0.8 0.83 0.81 0.612 0.487 0.596 0.579 0.47 0.329 0.485 0.609 0.505 0.456 0.615 0.628 0.51 0.317 0.251 0.161 0.233 0.364 0.357
0.751 0.772 0.792 0.78 0.744 0.775 0.796 0.836 0.847 0.88 0.853 0.85 0.889 0.932 0.946 0.935 0.912 0.906 0.853 0.826 0.849 0.923 0.995 1.031 1.052 1.037 1.02 1.01 1.012 1.04 1.056 1.089 1.123 1.146 1.187 1.194 1.193 1.188 1.191 1.113 0.893 0.892 1.055 1.167 1.153 1.143 1.189 1.137 0.907 0.637 0.55 0.461 0.59 0.688 0.501 0.477 0.73 0.833 0.728 0.484 0.609 0.473 0.259 0.209 0.502 0.563 0.47 0.526 0.593 0.631 0.504 0.245 0.276 0.177 0.071 0.114 0.001
0.721 0.749 0.776 0.784 0.76 0.774 0.82 0.826 0.796 0.84 0.896 0.879 0.911 0.911 0.93 0.946 0.943 0.909 0.849 0.812 0.797 0.82 0.912 0.979 1.029 1.043 1.03 1.04 1.039 1.062 1.09 1.113 1.145 1.174 1.194 1.194 1.192 1.187 1.157 0.937 0.841 0.951 1.101 1.166 1.108 1.148 1.205 1.202 1.097 0.791 0.578 0.416 0.559 0.644 0.523 0.366 0.56 0.825 0.728 0.407 0.581 0.431 0.243 0.347 0.556 0.364 0.332 0.438 0.431 0.606 0.516 0.436 0.48 0.334 0.099 -0.026 0.074
0.696 0.712 0.755 0.76 0.731 0.763 0.824 0.784 0.806 0.798 0.878 0.847 0.893 0.882 0.896 0.923 0.93 0.895 0.807 0.763 0.744 0.75 0.818 0.912 0.987 1.036 1.038 1.054 1.064 1.083 1.115 1.149 1.181 1.192 1.194 1.185 1.18 1.173 1.031 0.841 0.925 1.034 1.11 1.13 1.173 1.211 1.214 1.211 1.197 0.974 0.679 0.47 0.383 0.411 0.292 0.262 0.414 0.781 0.658 0.463 0.561 0.374 0.19 0.364 0.525 0.22 0.244 0.175 0.198 0.434 0.587 0.617 0.444 0.226 0.159 -0.009 0.089
0.664 0.695 0.725 0.713 0.714 0.738 0.802 0.758 0.798 0.746 0.831 0.843 0.885 0.873 0.885 0.899 0.917 0.905 0.848 0.794 0.756 0.742 0.752 0.856 0.952 1.024 1.039 1.063 1.081 1.099 1.135 1.175 1.198 1.198 1.172 1.183 1.165 1.039 1 0.978 1.021 1.073 1.126 1.159 1.062 1.186 1.22 1.221 1.22 1.071 0.686 0.389 0.152 0.098 0.058 0.266 0.542 0.765 0.651 0.542 0.432 0.273 0.017 0.261 0.476 0.107 0.171 0.005 0.079 0.188 0.418 0.626 0.531 0.346 0.225 0.104 0.057
0.635 0.68 0.7 0.701 0.692 0.727 0.77 0.705 0.762 0.696 0.777 0.768 0.855 0.876 0.877 0.892 0.888 0.914 0.903 0.886 0.851 0.789 0.762 0.815 0.93 1.027 1.044 1.066 1.087 1.108 1.159 1.194 1.201 1.183 1.167 1.16 1.039 0.955 0.99 1.042 1.011 1.085 1.18 1.098 0.879 0.928 1.143 1.211 1.222 1.147 0.736 0.286 0.136 0.204 0.321 0.516 0.717 0.761 0.581 0.358 0.16 0.199 -0.011 0.262 0.434 0.042 0.078 -0.056 0.057 0.185 0.425 0.608 0.53 0.585 0.466 0.283 0.047
0.609 0.653 0.647 0.704 0.668 0.726 0.723 0.667 0.701 0.669 0.681 0.685 0.752 0.853 0.879 0.856 0.88 0.928 0.868 0.849 0.877 0.872 0.839 0.863 0.94 1.018 1.055 1.072 1.083 1.141 1.183 1.2 1.179 1.187 1.143 1.072 1.046 1.072 1.041 1.011 1.094 1.183 1.174 1.006 0.686 0.564 0.678 1.045 1.222 1.213 1.028 0.627 0.547 0.53 0.609 0.728 0.833 0.694 0.412 0.22 0.007 0.07 -0.003 0.34 0.315 0.029 -0.043 0.014 0.158 0.333 0.554 0.56 0.336 0.426 0.529 0.041 -0.369
0.594 0.578 0.616 0.672 0.627 0.712 0.703 0.634 0.663 0.586 0.618 0.659 0.686 0.774 0.879 0.858 0.91 0.891 0.787 0.783 0.799 0.857 0.891 0.92 0.938 1.002 1.06 1.081 1.116 1.18 1.161 1.179 1.181 1.153 1.103 1.042 1.09 1.049 1.034 1.111 1.204 1.21 1.131 0.824 0.494 0.258 0.129 0.599 1.112 1.201 1.166 0.954 0.882 0.826 0.874 0.932 0.951 0.705 0.368 0.245 0.011 0.003 0.106 0.378 0.164 -0.031 0 0.183 0.344 0.444 0.553 0.334 0.076 0.141 0.442 0.101 -0.386
0.52 0.517 0.591 0.663 0.598 0.661 0.657 0.574 0.63 0.54 0.548 0.633 0.721 0.754 0.859 0.914 0.942 0.951 0.886 0.776 0.732 0.768 0.842 0.917 0.988 1.055 1.096 1.124 1.151 1.138 1.11 1.144 1.181 1.205 1.205 1.18 1.114 1.076 1.128 1.196 1.221 1.21 1.053 0.606 0.288 -0.006 -0.104 0.162 0.761 1.06 1.126 1.102 1.094 1.075 1.099 1.117 1.1 0.881 0.609 0.425 0.236 0.047 0.207 0.343 0.107 -0.08 0.021 0.245 0.417 0.368 0.537 0.309 -0.065 -0.179 0.16 0.112 -0.366
0.447 0.49 0.553 0.612 0.58 0.628 0.631 0.539 0.491 0.546 0.61 0.598 0.624 0.703 0.843 0.837 0.775 0.791 0.941 0.944 0.867 0.859 0.962 1.057 1.108 1.131 1.137 1.133 1.084 0.997 1.029 1.082 1.185 1.206 1.218 1.215 1.145 1.166 1.212 1.223 1.208 1.176 1.035 0.653 0.258 0.102 0.083 0.142 0.446 0.745 0.955 1.05 1.136 1.171 1.193 1.192 1.183 1.08 0.906 0.696 0.45 0.056 0.225 0.259 0.059 -0.094 0.049 0.221 0.387 0.328 0.49 0.145 -0.284 -0.403 0.175 -0.099 -0.456
0.369 0.437 0.523 0.568 0.565 0.546 0.576 0.495 0.486 0.5 0.561 0.698 0.751 0.759 0.822 0.829 0.684 0.607 0.756 0.917 1.039 1.051 1.072 1.058 1.005 0.956 0.947 0.99 0.996 1.029 1.096 1.151 1.197 1.149 1.172 1.22 1.213 1.213 1.23 1.226 1.196 1.184 1.161 1.034 0.743 0.515 0.263 0.069 0.177 0.293 0.612 0.815 0.973 1.079 1.143 1.188 1.158 1.164 1.06 0.903 0.628 0.157 0.105 0.09 -0.02 -0.061 0.1 0.264 0.265 0.021 0.234 0.268 -0.337 -0.305 0.138 -0.415 -0.275
0.438 0.35 0.44 0.549 0.496 0.504 0.512 0.55 0.6 0.616 0.641 0.682 0.697 0.805 0.862 0.805 0.654 0.567 0.686 0.889 0.972 0.969 0.944 0.861 0.777 0.68 0.668 0.889 0.949 0.936 1.023 1.133 1.205 1.148 1.131 1.22 1.234 1.234 1.234 1.23 1.224 1.224 1.231 1.213 1.131 0.967 0.632 0.1 0.018 0.078 0.293 0.421 0.63 0.78 0.855 0.903 0.916 1.184 1.151 1.074 0.86 0.512 0.176 0.01 0.037 0 0.139 0.074 0.07 -0.231 0.12 0.301 -0.256 -0.39 -0.248 -0.462 -0.06
0.394 0.319 0.391 0.453 0.446 0.451 0.427 0.493 0.535 0.531 0.612 0.677 0.769 0.769 0.846 0.779 0.593 0.589 0.731 0.902 0.847 0.786 0.785 0.741 0.699 0.586 0.538 0.763 0.714 0.675 0.806 1.01 1.187 1.198 1.152 1.216 1.234 1.234 1.234 1.234 1.236 1.238 1.234 1.239 1.239 1.2 0.992 0.495 0.228 0.317 0.461 0.258 0.236 0.367 0.496 0.768 1.082 1.21 1.2 1.141 1.019 0.736 0.414 0.313 0.227 0.003 -0.018 -0.189 -0.143 -0.065 0.17 -0.05 -0.421 -0.593 -0.451 -0.367 -0.092
0.263 0.289 0.308 0.325 0.304 0.294 0.31 0.388 0.413 0.47 0.585 0.703 0.746 0.684 0.848 0.752 0.58 0.634 0.69 0.834 0.746 0.715 0.754 0.746 0.663 0.547 0.515 0.615 0.544 0.5 0.601 0.843 1.11 1.221 1.175 1.229 1.247 1.234 1.217 1.134 1.146 1.221 1.218 1.222 1.237 1.241 1.125 0.641 0.385 0.709 0.696 0.258 0.423 0.741 0.938 1.102 1.219 1.226 1.205 1.092 0.86 0.778 0.622 0.4 0.298 0.172 -0.003 -0.24 -0.27 -0.2 -0.266 -0.408 -0.582 -0.619 -0.592 -0.311 -0.445
0.231 0.274 0.232 0.342 0.217 0.234 0.25 0.339 0.373 0.48 0.538 0.63 0.727 0.698 0.84 0.709 0.558 0.552 0.595 0.721 0.763 0.722 0.641 0.61 0.513 0.397 0.489 0.461 0.373 0.343 0.492 0.742 1.038 1.232 1.236 1.25 1.241 1.093 0.951 0.792 0.823 0.996 1.062 1.124 1.196 1.239 1.112 0.847 0.885 1.076 0.748 0.685 1.064 1.213 1.228 1.231 1.146 1.084 1.059 0.976 0.864 0.915 0.711 0.579 0.489 0.465 0.199 -0.04 -0.126 -0.097 0.01 0.004 -0.067 -0.091 -0.193 -0.263 -0.634
0.318 0.362 0.295 0.382 0.286 0.314 0.362 0.451 0.467 0.541 0.512 0.656 0.709 0.75 0.808 0.646 0.516 0.482 0.456 0.621 0.699 0.522 0.428 0.307 0.21 0.16 0.431 0.315 0.126 0.229 0.5 0.798 1.051 1.237 1.255 1.255 1.127 0.874 0.79 0.775 1.001 1.152 1.21 1.228 1.24 1.247 1.235 1.22 1.23 1.239 1.174 1.213 1.247 1.228 1.181 1.244 1.021 0.817 0.667 0.678 0.566 0.712 0.802 0.95 0.882 0.692 0.446 0.308 0.519 0.61 0.508 0.297 0.125 -0.007 -0.132 -0.346 -0.7
0.374 0.43 0.379 0.393 0.373 0.3 0.344 0.431 0.512 0.595 0.608 0.636 0.712 0.798 0.761 0.622 0.51 0.4 0.332 0.518 0.575 0.376 0.285 0.105 0.103 0.231 0.283 0.066 -0.262 -0.183 0.286 0.736 0.943 1.119 1.185 1.224 0.986 0.806 0.938 1.121 1.23 1.244 1.25 1.248 1.251 1.254 1.254 1.255 1.249 1.251 1.242 1.223 1.108 0.931 0.985 1.241 1.018 0.479 -0.011 0.003 0.155 0.257 0.264 0.478 0.716 0.915 0.877 0.871 0.901 0.851 0.44 0.104 -0.014 -0.144 -0.25 -0.395 -0.659
0.433 0.503 0.474 0.477 0.421 0.286 0.403 0.469 0.523 0.528 0.579 0.679 0.792 0.727 0.681 0.658 0.576 0.444 0.367 0.357 0.334 0.171 0.109 -0.14 -0.185 -0.031 -0.189 -0.328 -0.39 -0.189 0.338 0.868 1.061 1.095 1.224 1.246 1.125 1.11 1.236 1.245 1.226 1.194 1.152 1.16 1.21 1.235 1.249 1.251 1.24 1.182 1.075 0.888 0.666 0.617 0.955 1.248 0.972 0.213 -0.323 -0.15 -0.065 -0.066 -0.023 0.015 0.114 0.493 0.718 0.668 0.685 0.552 0.467 0.4 0.037 -0.187 -0.232 -0.333 -0.496
0.464 0.546 0.544 0.466 0.366 0.351 0.44 0.443 0.458 0.535 0.683 0.79 0.721 0.585 0.549 0.529 0.526 0.533 0.498 0.377 0.179 -0.12 -0.207 -0.061 -0.025 0.036 -0.083 -0.11 -0.16 0.1 0.684 1.18 1.255 1.236 1.169 1.151 1.244 1.246 1.24 1.19 1.088 0.985 0.739 0.671 1 1.055 1.097 1.114 1.027 0.861 0.747 0.644 0.6 0.737 0.97 1.254 1.101 0.505 -0.011 -0.172 -0.231 -0.258 -0.22 -0.231 -0.103 0.081 0.151 0.072 0.303 -0.027 0.14 0.483 0.406 0.008 -0.13 -0.295 -0.585
0.486 0.595 0.492 0.442 0.369 0.44 0.47 0.428 0.54 0.664 0.791 0.765 0.563 0.455 0.366 0.388 0.498 0.413 0.386 0.476 0.169 -0.096 -0.157 0.017 0.128 0.27 0.291 0.244 0.363 0.709 1.14 1.26 1.171 0.932 1.109 1.084 1.092 1.126 1.2 1.159 0.909 0.612 0.237 0.408 0.705 0.62 0.59 0.578 0.628 0.612 0.408 0.212 0.271 0.633 1.113 1.257 1.224 0.848 0.461 0.282 0.104 0.005 -0.064 -0.202 -0.219 -0.251 -0.426 -0.257 0.114 -0.405 -0.363 0.021 0.585 0.252 -0.09 -0.388 -0.617
0.605 0.581 0.456 0.339 0.339 0.416 0.52 0.555 0.658 0.747 0.799 0.674 0.367 0.277 0.203 0.411 0.384 0.213 0.16 0.379 0.204 -0.031 -0.085 0.006 0.004 0.146 0.519 0.755 0.916 1.11 1.229 1.244 0.995 1.058 1.066 0.732 0.697 0.705 0.912 1.174 0.875 0.249 -0.083 0.209 0.398 0.208 0.11 0.178 0.41 0.298 -0.027 -0.222 0.104 0.83 1.246 1.264 1.172 0.592 0.193 0.197 0.164 0.026 -0.12 -0.298 -0.529 -0.711 -0.778 -0.32 0.017 -0.672 -0.615 -0.201 0.253 0.461 -0.023 -0.585 -0.587
