data/climatemaps/RS_maps/climate_postbreed_tmp_2018.asc
NCOLS 369 
NROWS 228 
XLLCORNER 479000 
YLLCORNER 73000 
CELLSIZE 1000 
NODATA_value -9 
[rows 175 to 209 of 228, columns 231 to 307 of 369]
0.299 -0.213 -0.487 -0.61 -0.201 0.41 0.089 0.239 1.027 1.725 1.861 1.663 1.198 0.542 -0.109 -0.46 0.015 0.559 1.082 0.548 0.48 0.861 1.428 1.724 1.046 0.506 0.333 0.113 -0.436 -0.615 -0.356 0.28 0.435 0.618 0.671 0.8 0.633 0.606 1.284 1.931 2.002 1.98 1.539 0.753 0.375 -0.122 -0.024 0.452 0.59 0.537 0.523 0.37 -0.302 -0.807 -0.726 -0.198 -0.532 -0.879 -0.273 -0.131 0.02 0.34 0.323 -0.126 -0.523 -1.008 -1.366 -1.626 -1.696 -1.525 -1.335 -0.849 -0.451 -0.045 0.332 0.926 0.612
0.461 0.203 -0.067 -0.591 -0.134 0.074 0.209 0.781 1.005 1.43 1.84 1.859 1.519 0.963 0.302 -0.092 -0.085 0.415 0.973 1.113 1.04 1.169 1.649 1.582 0.839 0.396 0.239 0.41 -0.029 -0.465 0.045 0.336 0.047 0.494 0.296 0.513 0.207 0.595 1.28 1.794 2.004 2.015 1.936 1.505 0.934 0.368 0.336 0.794 0.284 0.015 -0.189 -0.073 -0.472 -0.832 -0.43 0.147 -0.038 -0.295 0.08 0.604 0.527 0.253 -0.192 -0.574 -0.954 -1.074 -1.106 -1.38 -1.221 -1.186 -1.101 -0.813 -0.433 0.015 0.231 0.904 0.655
0.422 0.297 0.261 -0.361 -0.551 -0.11 0.52 0.47 0.406 0.931 1.679 1.867 1.747 1.282 0.616 0.552 0.469 0.609 0.879 1.184 1.411 1.59 1.752 1.37 0.573 0.051 -0.238 0.097 0.241 -0.318 0.214 -0.049 -0.098 0.298 -0.081 0.146 0.066 0.724 0.97 1.504 1.943 2.023 2.024 1.921 1.297 0.625 0.662 0.789 -0.127 -0.444 -0.783 -0.662 -0.8 -0.773 -0.223 0.249 0.493 0.527 0.719 0.794 0.02 -0.479 -0.699 -0.827 -0.906 -0.768 -1.057 -1.371 -0.973 -0.796 -0.685 -0.538 -0.255 0.149 0.466 0.898 0.931
-0.152 -0.335 -0.257 -0.209 -0.4 0.131 0.201 0.105 0.039 0.67 1.405 1.822 1.868 1.389 0.742 1.173 1.274 1.348 1.463 1.478 1.588 1.753 1.539 1.058 0.482 0.05 -0.356 -0.33 -0.012 -0.345 -0.043 -0.43 -0.274 -0.202 -0.449 -0.247 -0.175 0.215 0.524 1.16 1.71 2.03 2.03 2.011 1.484 0.704 1.022 0.88 0.356 -0.101 -0.84 -1.16 -1.232 -0.996 -0.515 -0.324 0.186 0.355 0.732 0.885 -0.063 -0.659 -0.634 -0.614 -0.552 -0.748 -1.133 -1.196 -0.9 -0.852 -0.701 -0.573 -0.471 -0.104 0.162 -9 -9
0.167 -0.257 -0.564 -0.531 -0.455 -0.358 -0.12 -0.236 0.147 0.646 1.053 1.602 1.888 1.68 1.269 1.662 1.765 1.811 1.828 1.789 1.739 1.419 0.928 0.681 0.487 0.229 -0.393 -0.664 -0.417 -0.424 -0.294 -0.278 -0.173 -0.236 -0.418 -0.429 -0.301 -0.332 0.209 0.944 1.441 1.849 -9 2.035 1.905 1.319 1.308 0.892 0.241 -0.332 -0.968 -0.855 -0.871 -1.16 -0.941 -0.708 -0.43 -0.414 0.404 1.033 0.255 -0.085 -0.01 -0.121 -0.434 -0.709 -0.989 -1.096 -0.714 -0.927 -0.849 -0.832 -0.644 -0.409 -0.25 -9 -9
0.75 0.287 -0.128 -0.146 -0.236 -0.515 -0.345 -0.282 0.19 0.572 0.873 1.333 1.794 1.88 1.77 1.697 1.529 1.497 1.474 1.445 1.426 1.296 0.875 0.409 0.124 0.083 -0.273 -0.636 -0.187 -0.225 0.039 0.283 0.425 0.282 -0.125 -0.047 0.023 -0.487 0.016 0.677 0.741 1.042 -9 -9 2.028 1.946 1.523 1.04 0.543 -0.046 -0.608 -0.409 -0.5 -0.989 -0.859 -0.791 -0.69 -0.387 0.349 1.104 0.63 0.322 -0.078 -0.214 -0.286 -0.571 -0.678 -0.849 -0.579 -0.566 -0.64 -0.581 -0.712 -0.762 -9 -9 -9
1.107 0.661 0.395 0.219 -0.072 -0.275 -0.003 0.14 0.365 0.708 0.978 1.34 1.728 1.897 1.751 1.371 0.95 0.784 0.771 0.792 1.026 1.149 1.084 0.624 0.008 -0.415 -0.513 -0.493 0.181 -0.073 0.105 0.137 0.321 0.672 0.034 0.338 0.02 -0.219 0.007 0.208 0.169 -9 -9 -9 -9 -9 1.524 0.749 0.495 0.233 -0.007 -0.074 -0.429 -0.95 -0.769 -0.507 -0.292 -0.005 0.67 1.1 0.475 0.287 0.091 0.073 0.249 0.081 -0.228 -0.244 -0.216 -0.106 -0.343 -0.023 -9 -9 -9 -9 -9
0.84 0.615 0.403 0.229 0.2 -0.015 0.346 0.639 0.435 0.617 1.036 1.607 1.861 1.814 1.362 1.176 0.985 0.73 0.417 0.301 0.629 0.571 0.844 0.791 0.316 -0.179 -0.352 -0.22 0.35 -0.038 -0.324 -0.186 0.323 0.877 0.653 0.679 0.195 0.374 0.411 0.553 0.404 -9 -9 -9 -9 -9 -9 0.892 0.69 0.382 0.067 -0.23 -0.66 -1.03 -0.895 -0.449 0.022 0.437 1.008 0.82 0.41 0.723 0.59 0.599 0.818 0.701 0.302 0.301 0.364 0.351 0.173 -9 -9 -9 -9 -9 -9
0.868 0.568 0.4 0.485 0.666 0.342 0.466 0.915 0.965 1.044 1.388 1.878 1.92 1.65 0.957 0.723 0.804 0.785 0.597 0.173 0.153 0.258 0.456 0.627 0.222 -0.179 0.161 0.495 0.641 0.124 0.09 0.275 0.67 1.083 1.209 1.049 0.599 0.82 0.735 0.947 0.826 -9 -9 -9 -9 -9 -9 -9 -9 -9 -9 -0.583 -0.772 -0.799 -0.554 -0.47 -0.017 0.685 1.253 0.757 0.886 1.189 1.143 1.184 1.282 0.971 0.596 -9 -9 -9 -9 -9 -9 -9 -9 -9 -9
1.114 1.051 0.943 1.017 1.017 0.788 0.846 1.032 1.328 1.615 1.775 1.933 1.85 1.517 0.917 0.41 0.361 0.394 0.4 0.114 -0.238 0.023 0.16 0.223 0.215 -0.314 -0.054 0.568 0.925 0.554 0.57 0.721 0.696 1.052 1.436 1.218 0.811 1.177 1.11 1.35 1.362 -9 -9 -9 -9 -9 -9 -9 -9 -9 -9 -9 -9 -9 -9 -9 0.306 0.913 1.432 1.049 1.428 1.641 -9 -9 -9 -9 -9 -9 -9 -9 -9 -9 -9 -9 -9 -9 -9
1.673 1.584 1.482 1.527 1.486 1.357 1.443 1.515 1.702 1.897 1.927 1.931 1.737 1.393 0.923 0.527 0.465 0.317 0.159 0.024 -0.217 -0.223 -0.017 -0.164 -0.056 -0.316 0.157 0.675 1.086 0.784 0.854 1.094 0.784 0.975 1.444 1.352 1.03 1.465 1.712 1.797 -9 -9 -9 -9 -9 -9 -9 -9 -9 -9 -9 -9 -9 -9 -9 -9 -9 -9 -9 -9 -9 -9 -9 -9 -9 -9 -9 -9 -9 -9 -9 -9 -9 -9 -9 -9 -9
1.932 1.907 1.876 1.871 1.873 1.835 1.864 1.891 1.932 1.954 1.939 1.894 1.675 1.345 1.105 1.059 1.014 0.833 0.675 0.541 0.322 -0.012 -0.3 -0.419 -0.231 0.158 0.517 0.868 1.199 1.108 1.128 1.363 1.202 1.308 1.462 1.585 1.449 1.842 1.995 -9 -9 -9 -9 -9 -9 -9 -9 -9 -9 -9 -9 -9 -9 -9 -9 -9 -9 -9 -9 -9 -9 -9 -9 -9 -9 -9 -9 -9 -9 -9 -9 -9 -9 -9 -9 -9 -9
1.952 1.955 1.957 1.953 1.954 1.953 1.955 1.957 1.957 1.957 1.914 1.746 1.461 1.431 1.333 1.234 0.979 0.9 0.723 0.579 0.237 0.115 -0.059 -0.028 0.148 0.438 0.674 0.842 0.976 1.241 1.363 1.463 1.594 1.554 1.511 1.791 1.893 2.034 2.051 -9 -9 -9 -9 -9 -9 -9 -9 -9 -9 -9 -9 -9 -9 -9 -9 -9 -9 -9 -9 -9 -9 -9 -9 -9 -9 -9 -9 -9 -9 -9 -9 -9 -9 -9 -9 -9 -9
1.957 1.957 1.947 1.957 1.957 1.957 1.957 1.942 1.932 1.851 1.656 1.333 0.952 0.772 0.706 0.867 0.593 0.358 0.156 0.442 0.039 0.066 0.416 0.416 0.343 0.348 0.416 0.475 0.613 0.91 1.136 1.307 1.683 1.863 1.848 1.965 2.048 2.057 -9 -9 -9 -9 -9 -9 -9 -9 -9 -9 -9 -9 -9 -9 -9 -9 -9 -9 -9 -9 -9 -9 -9 -9 -9 -9 -9 -9 -9 -9 -9 -9 -9 -9 -9 -9 -9 -9 -9
1.725 1.609 1.723 1.713 1.781 1.777 1.778 1.637 1.52 1.415 1.099 0.799 0.441 0.353 0.229 0.308 0.656 0.37 -0.032 0.205 -0.035 0.3 0.555 0.727 0.759 0.749 0.731 0.646 0.811 0.999 1.177 1.444 1.8 2.023 2.049 2.057 2.057 -9 -9 -9 -9 -9 -9 -9 -9 -9 -9 -9 -9 -9 -9 -9 -9 -9 -9 -9 -9 -9 -9 -9 -9 -9 -9 -9 -9 -9 -9 -9 -9 -9 -9 -9 -9 -9 -9 -9 -9
1.027 1.004 1.402 1.478 1.439 1.167 1.228 1.148 1.029 0.974 1.081 0.913 0.637 0.339 -0.009 -0.146 0.186 0.243 -0.133 -0.045 -0.048 0.022 0.244 0.513 0.772 0.927 1.099 1.133 1.274 1.442 1.535 1.742 1.99 2.059 2.058 2.057 2.057 -9 -9 -9 -9 -9 -9 -9 -9 -9 -9 -9 -9 -9 -9 -9 -9 -9 -9 -9 -9 -9 -9 -9 -9 -9 -9 -9 -9 -9 -9 -9 -9 -9 -9 -9 -9 -9 -9 -9 -9
0.449 0.9 0.928 1.257 1.579 1.131 0.794 0.966 0.999 1.201 1.035 0.922 0.783 0.457 0.136 -0.06 -0.117 -0.012 -0.109 0.14 0.161 -0.142 -0.055 0.159 0.28 0.507 0.835 1.042 1.198 1.303 1.325 1.647 2.022 2.064 2.055 2.009 2.049 -9 -9 -9 -9 -9 -9 -9 -9 -9 -9 -9 -9 -9 -9 -9 -9 -9 -9 -9 -9 -9 -9 -9 -9 -9 -9 -9 -9 -9 -9 -9 -9 -9 -9 -9 -9 -9 -9 -9 -9
0.413 0.729 0.487 1.037 1.558 1.42 1.117 1.235 1.169 1.112 0.677 0.547 0.571 0.466 0.354 0.103 -0.194 -0.031 0.173 0.506 0.394 0.05 -0.127 -0.071 -0.066 0.045 0.388 0.593 0.655 0.848 1.251 1.779 2.048 2.064 2.048 1.91 -9 -9 -9 -9 -9 -9 -9 -9 -9 -9 -9 -9 -9 -9 -9 -9 -9 -9 -9 -9 -9 -9 -9 -9 -9 -9 -9 -9 -9 -9 -9 -9 -9 -9 -9 -9 -9 -9 -9 -9 -9
0.326 0.285 0.394 0.954 1.418 1.618 1.397 1.263 1.187 0.862 0.499 0.246 0.341 0.31 0.431 0.353 -0.034 0.118 0.41 0.778 0.671 0.305 0.249 0.232 0.03 -0.051 -0.047 0.128 0.184 0.753 1.328 1.836 2.057 2.064 2.066 -9 -9 -9 -9 -9 -9 -9 -9 -9 -9 -9 -9 -9 -9 -9 -9 -9 -9 -9 -9 -9 -9 -9 -9 -9 -9 -9 -9 -9 -9 -9 -9 -9 -9 -9 -9 -9 -9 -9 -9 -9 -9
0.125 0.21 0.385 0.938 1.415 1.597 1.195 1.022 1.059 0.648 0.454 0.331 0.503 0.569 0.766 0.758 0.289 0.186 0.551 0.916 0.855 0.507 0.652 0.499 0.468 0.112 -0.06 -0.125 0.103 0.637 1.197 1.794 2.042 2.064 2.06 -9 -9 -9 -9 -9 -9 -9 -9 -9 -9 -9 -9 -9 -9 -9 -9 -9 -9 -9 -9 -9 -9 -9 -9 -9 -9 -9 -9 -9 -9 -9 -9 -9 -9 -9 -9 -9 -9 -9 -9 -9 -9
0.214 0.536 0.73 1.233 1.651 1.437 1.02 1.029 1.243 0.773 0.693 0.72 0.823 0.968 1.032 0.962 0.621 0.338 0.654 1.009 1.102 0.874 0.99 0.843 0.618 0.312 0.42 0.157 0.187 0.754 1.283 1.809 2.047 2.064 -9 -9 -9 -9 -9 -9 -9 -9 -9 -9 -9 -9 -9 -9 -9 -9 -9 -9 -9 -9 -9 -9 -9 -9 -9 -9 -9 -9 -9 -9 -9 -9 -9 -9 -9 -9 -9 -9 -9 -9 -9 -9 -9
0.188 0.443 0.967 1.343 1.694 1.414 1.121 1.106 1.38 1.037 1.043 1.161 1.164 1.131 0.99 0.934 0.585 0.449 0.678 0.814 1.035 1.276 1.273 1.047 0.527 0.691 0.557 0.162 0.259 0.826 1.325 1.76 -9 -9 -9 -9 -9 -9 -9 -9 -9 -9 -9 -9 -9 -9 -9 -9 -9 -9 -9 -9 -9 -9 -9 -9 -9 -9 -9 -9 -9 -9 -9 -9 -9 -9 -9 -9 -9 -9 -9 -9 -9 -9 -9 -9 -9
0.401 0.527 0.789 1.202 1.618 1.668 1.39 1.34 1.472 1.348 1.31 1.238 1.065 0.86 0.754 0.705 0.436 0.563 0.859 0.9 0.762 1.208 1.279 0.841 0.722 1.006 0.764 0.416 0.663 0.94 1.416 -9 -9 -9 -9 -9 -9 -9 -9 -9 -9 -9 -9 -9 -9 -9 -9 -9 -9 -9 -9 -9 -9 -9 -9 -9 -9 -9 -9 -9 -9 -9 -9 -9 -9 -9 -9 -9 -9 -9 -9 -9 -9 -9 -9 -9 -9
0.585 0.813 0.677 1.123 1.612 1.763 1.639 1.548 1.572 1.485 1.333 1.287 1.037 0.711 0.494 0.346 0.253 0.45 0.735 1.021 0.964 1.163 1.257 0.673 0.904 1.104 0.651 0.51 0.929 1.312 -9 -9 -9 -9 -9 -9 -9 -9 -9 -9 -9 -9 -9 -9 -9 -9 -9 -9 -9 -9 -9 -9 -9 -9 -9 -9 -9 -9 -9 -9 -9 -9 -9 -9 -9 -9 -9 -9 -9 -9 -9 -9 -9 -9 -9 -9 -9
0.712 1.025 0.847 1.211 1.692 1.736 1.705 1.555 1.62 1.609 1.432 1.17 0.768 0.651 0.694 0.451 0.426 0.75 0.959 1.247 1.214 1.505 1.522 1.257 1.178 1.289 1.259 1.015 1.301 -9 -9 -9 -9 -9 -9 -9 -9 -9 -9 -9 -9 -9 -9 -9 -9 -9 -9 -9 -9 -9 -9 -9 -9 -9 -9 -9 -9 -9 -9 -9 -9 -9 -9 -9 -9 -9 -9 -9 -9 -9 -9 -9 -9 -9 -9 -9 -9
0.838 1.15 1.16 1.291 1.754 1.773 1.696 1.52 1.732 1.693 1.439 0.982 0.744 0.94 0.98 0.974 0.958 0.678 0.903 1.414 1.623 1.762 1.813 1.793 1.648 1.431 1.511 1.391 1.557 -9 -9 -9 -9 -9 -9 -9 -9 -9 -9 -9 -9 -9 -9 -9 -9 -9 -9 -9 -9 -9 -9 -9 -9 -9 -9 -9 -9 -9 -9 -9 -9 -9 -9 -9 -9 -9 -9 -9 -9 -9 -9 -9 -9 -9 -9 -9 -9
1.133 1.299 1.207 1.338 1.774 1.833 1.717 1.63 1.796 1.653 1.24 0.83 0.956 1.272 1.487 1.513 1.264 0.904 1.272 1.72 1.92 1.915 1.875 1.86 1.843 1.751 1.654 1.629 1.682 -9 -9 -9 -9 -9 -9 -9 -9 -9 -9 -9 -9 -9 -9 -9 -9 -9 -9 -9 -9 -9 -9 -9 -9 -9 -9 -9 -9 -9 -9 -9 -9 -9 -9 -9 -9 -9 -9 -9 -9 -9 -9 -9 -9 -9 -9 -9 -9
1.363 1.348 1.156 1.461 1.8 1.859 1.707 1.734 1.842 1.557 0.948 0.675 1.051 1.361 1.696 1.756 1.592 1.626 1.851 1.939 1.855 1.696 1.483 1.428 1.539 1.71 1.762 1.772 -9 -9 -9 -9 -9 -9 -9 -9 -9 -9 -9 -9 -9 -9 -9 -9 -9 -9 -9 -9 -9 -9 -9 -9 -9 -9 -9 -9 -9 -9 -9 -9 -9 -9 -9 -9 -9 -9 -9 -9 -9 -9 -9 -9 -9 -9 -9 -9 -9
1.418 1.192 1.32 1.684 1.868 1.841 1.728 1.829 1.84 1.486 1.014 1.107 1.616 1.873 1.921 1.928 1.936 1.94 1.931 1.82 1.419 1.192 0.831 0.729 0.989 1.205 1.443 1.629 -9 -9 -9 -9 -9 -9 -9 -9 -9 -9 -9 -9 -9 -9 -9 -9 -9 -9 -9 -9 -9 -9 -9 -9 -9 -9 -9 -9 -9 -9 -9 -9 -9 -9 -9 -9 -9 -9 -9 -9 -9 -9 -9 -9 -9 -9 -9 -9 -9
1.503 1.386 1.454 1.854 1.847 1.772 1.795 1.892 1.847 1.516 1.405 1.66 1.922 1.864 1.663 1.676 1.806 1.892 1.727 1.502 1.109 0.879 0.544 0.517 0.579 0.58 0.936 -9 -9 -9 -9 -9 -9 -9 -9 -9 -9 -9 -9 -9 -9 -9 -9 -9 -9 -9 -9 -9 -9 -9 -9 -9 -9 -9 -9 -9 -9 -9 -9 -9 -9 -9 -9 -9 -9 -9 -9 -9 -9 -9 -9 -9 -9 -9 -9 -9 -9
1.542 1.44 1.595 1.904 1.773 1.767 1.838 1.918 1.897 1.768 1.828 1.885 1.815 1.536 1.137 1.208 1.557 1.683 1.285 1.101 1.012 0.711 0.591 0.899 0.698 0.498 -9 -9 -9 -9 -9 -9 -9 -9 -9 -9 -9 -9 -9 -9 -9 -9 -9 -9 -9 -9 -9 -9 -9 -9 -9 -9 -9 -9 -9 -9 -9 -9 -9 -9 -9 -9 -9 -9 -9 -9 -9 -9 -9 -9 -9 -9 -9 -9 -9 -9 -9
1.617 1.496 1.737 1.911 1.825 1.808 1.845 1.905 1.923 1.9 1.787 1.615 1.379 1.221 1.143 1.279 1.528 1.505 1.172 0.985 0.893 0.753 0.72 1.211 1.136 0.992 -9 -9 -9 -9 -9 -9 -9 -9 -9 -9 -9 -9 -9 -9 -9 -9 -9 -9 -9 -9 -9 -9 -9 -9 -9 -9 -9 -9 -9 -9 -9 -9 -9 -9 -9 -9 -9 -9 -9 -9 -9 -9 -9 -9 -9 -9 -9 -9 -9 -9 -9
1.648 1.788 1.866 1.905 1.75 1.819 1.688 1.827 1.921 1.725 1.297 1.153 1.11 1.221 1.249 1.332 1.42 1.265 1.145 0.92 0.735 0.715 0.799 1.199 1.497 1.625 1.911 -9 -9 -9 -9 -9 -9 -9 -9 -9 -9 -9 -9 -9 -9 -9 -9 -9 -9 -9 -9 -9 -9 -9 -9 -9 -9 -9 -9 -9 -9 -9 -9 -9 -9 -9 -9 -9 -9 -9 -9 -9 -9 -9 -9 -9 -9 -9 -9 -9 -9
1.731 1.87 1.904 1.811 1.694 1.815 1.547 1.836 1.908 1.491 0.902 0.948 1.149 1.165 1.15 1.238 1.334 1.109 0.938 0.757 0.852 0.854 1.065 1.386 1.811 1.972 2.02 2.051 -9 -9 -9 -9 -9 -9 -9 -9 -9 -9 -9 -9 -9 -9 -9 -9 -9 -9 -9 -9 -9 -9 -9 -9 -9 -9 -9 -9 -9 -9 -9 -9 -9 -9 -9 -9 -9 -9 -9 -9 -9 -9 -9 -9 -9 -9 -9 -9 -9
1.868 1.814 1.9 1.736 1.729 1.735 1.642 1.919 1.854 1.424 1.04 1.08 1.072 0.99 0.988 1.117 1.35 1.339 1.152 0.806 0.988 1.227 1.471 1.868 2.022 2.042 2.044 2.04 -9 -9 -9 -9 -9 -9 -9 -9 -9 -9 -9 -9 -9 -9 -9 -9 -9 -9 -9 -9 -9 -9 -9 -9 -9 -9 -9 -9 -9 -9 -9 -9 -9 -9 -9 -9 -9 -9 -9 -9 -9 -9 -9 -9 -9 -9 -9 -9 -9
