data/climatemaps/RS_maps/climate_winter_tmin_2011.asc
NCOLS 369 
NROWS 228 
XLLCORNER 479000 
YLLCORNER 73000 
CELLSIZE 1000 
NODATA_value -9 
[rows 0 to 33 of 228, columns 231 to 307 of 369]
-9 -9 -9 -9 -9 -9 -9 -9 -9 -9 -9 -9 -9 -9 -9 -9 -9 -9 -9 -9 -9 -9 -9 -9 -9 -9 -9 -9 -9 -9 -9 -9 -9 -9 -9 -9 -9 -9 -9 -9 -9 -9 -9 -9 -9 -9 -9 -9 -9 -9 -9 -9 -9 -9 -9 -9 -9 -9 -9 -9 -9 -9 -9 -9 -9 -9 -9 -9 -9 -9 -9 -9 -9 -9 -9 -9 -9
-9 -9 -9 -9 -9 -9 -9 -9 -9 -9 -9 -9 -9 -9 -9 -9 -9 -9 -9 -9 -9 -9 -9 -9 -9 -9 -9 -9 -9 -9 -9 -9 -9 -9 -9 -9 -9 -9 -9 -9 -9 -9 -9 -9 -9 -9 -9 -9 -9 -9 -9 -9 -9 -9 -9 -9 -9 -9 -9 -9 -9 -9 -9 -9 -9 -9 -9 -9 -9 -9 -9 -9 -9 -9 -9 -9 -9
-9 -9 -9 -9 -9 -9 -9 -9 -9 -9 -9 -9 -9 -9 -9 -9 -9 -9 -9 -9 -9 -9 -9 -9 -9 -9 -9 -9 -9 -9 -9 -9 -9 -9 -9 -9 -9 -9 -9 -9 -9 -9 -9 -9 -9 -9 -9 -9 -9 -9 -9 -9 -9 -9 -9 -9 -9 -9 -9 -9 -9 -9 -9 -9 -9 -9 -9 -9 -9 -9 -9 -9 -9 -9 -9 -9 -9
0.756 -9 -9 -9 -9 -9 -9 -9 -9 -9 -9 -9 -9 -9 -9 -9 -9 -9 -9 -9 -9 -9 -9 -9 -9 -9 -9 -9 -9 -9 -9 -9 -9 -9 -9 -9 -9 -9 -9 -9 -9 -9 -9 -9 -9 -9 -9 -9 -9 -9 -9 -9 -9 -9 -9 -9 -9 -9 -9 -9 -9 -9 -9 -9 -9 -9 -9 -9 -9 -9 -9 -9 -9 -9 -9 -9 -9
0.775 0.72 -9 -9 -9 -9 -9 -9 -9 -9 -9 -9 -9 -9 -9 -9 -9 -9 -9 -9 -9 -9 -9 -9 -9 -9 -9 -9 -9 -9 -9 -9 -9 -9 -9 -9 -9 -9 -9 -9 -9 -9 -9 -9 -9 -9 -9 -9 -9 -9 -9 -9 -9 -9 -9 -9 -9 -9 -9 -9 -9 -9 -9 -9 -9 -9 -9 -9 -9 -9 -9 -9 -9 -9 -9 -9 -9
0.784 0.779 0.736 -9 -9 -9 -9 -9 -9 -9 -9 -9 -9 -9 -9 -9 -9 -9 -9 -9 -9 -9 -9 -9 -9 -9 -9 -9 -9 -9 -9 -9 -9 -9 -9 -9 -9 -9 -9 -9 -9 -9 -9 -9 -9 -9 -9 -9 -9 -9 -9 -9 -9 -9 -9 -9 -9 -9 -9 -9 -9 -9 -9 -9 -9 -9 -9 -9 -9 -9 -9 -9 -9 -9 -9 -9 -9
0.779 0.799 0.748 0.713 -9 0.788 0.703 0.719 0.719 0.716 0.785 0.848 0.852 0.851 0.841 0.819 -9 -9 -9 -9 -9 -9 -9 -9 -9 -9 -9 -9 -9 -9 -9 -9 -9 -9 -9 -9 -9 -9 -9 -9 -9 -9 -9 -9 -9 -9 -9 -9 -9 -9 -9 -9 -9 -9 -9 -9 -9 -9 -9 -9 -9 -9 -9 -9 -9 -9 -9 -9 -9 -9 -9 -9 -9 -9 -9 -9 -9
0.797 0.813 0.776 0.76 0.777 0.779 0.714 0.707 0.715 0.683 0.704 0.796 0.846 0.852 0.854 0.853 0.821 0.795 0.791 0.791 -9 -9 -9 -9 -9 -9 -9 -9 -9 -9 -9 -9 -9 -9 -9 -9 -9 -9 -9 -9 -9 -9 -9 -9 -9 -9 -9 -9 -9 -9 -9 -9 -9 -9 -9 -9 -9 -9 -9 -9 -9 -9 -9 -9 -9 -9 -9 -9 -9 -9 -9 -9 -9 -9 -9 -9 -9
0.809 0.82 0.811 0.809 0.803 0.805 0.786 0.754 0.75 0.733 0.709 0.729 0.785 0.844 0.856 0.858 0.858 0.839 0.831 0.829 0.806 0.799 0.821 0.814 0.808 0.802 0.802 0.825 0.852 -9 -9 -9 -9 -9 -9 -9 -9 -9 -9 -9 -9 -9 -9 -9 -9 -9 -9 -9 -9 -9 -9 -9 -9 -9 -9 -9 -9 -9 -9 -9 -9 -9 -9 -9 -9 -9 -9 -9 -9 -9 -9 -9 -9 -9 -9 -9 -9
0.816 0.826 0.825 0.819 0.821 0.813 0.824 0.814 0.792 0.775 0.753 0.749 0.761 0.78 0.812 0.855 0.867 0.866 0.865 0.858 0.834 0.819 0.83 0.845 0.832 0.833 0.82 0.835 0.851 0.855 0.843 0.806 0.778 -9 -9 -9 -9 -9 -9 -9 -9 -9 -9 -9 -9 -9 -9 -9 -9 -9 -9 -9 -9 -9 -9 -9 -9 -9 -9 -9 -9 -9 -9 -9 -9 -9 -9 -9 -9 -9 -9 -9 -9 -9 -9 -9 -9
0.827 0.836 0.837 0.839 0.841 0.827 0.822 0.837 0.83 0.83 0.822 0.801 0.777 0.768 0.77 0.8 0.848 0.873 0.873 0.873 0.871 0.859 0.835 0.834 0.833 0.837 0.827 0.831 0.85 0.857 0.857 0.851 0.817 0.795 0.8 -9 -9 -9 -9 -9 -9 -9 -9 -9 -9 -9 -9 -9 -9 -9 -9 -9 -9 -9 -9 -9 -9 -9 -9 -9 -9 -9 -9 -9 -9 -9 -9 -9 -9 -9 -9 -9 -9 -9 -9 -9 -9
0.838 0.844 0.845 0.846 0.848 0.848 0.846 0.844 0.819 0.82 0.826 0.81 0.783 0.769 0.757 0.779 0.817 0.856 0.869 0.872 0.873 0.873 0.87 0.858 0.849 0.851 0.849 0.849 0.848 0.857 0.856 0.864 0.84 0.817 0.809 0.778 0.72 -9 -9 -9 -9 -9 -9 -9 -9 -9 -9 -9 -9 -9 -9 -9 -9 -9 -9 -9 -9 -9 -9 -9 -9 -9 -9 -9 -9 -9 -9 -9 -9 -9 -9 -9 -9 -9 -9 -9 -9
0.845 0.846 0.847 0.851 0.851 0.852 0.856 0.852 0.827 0.817 0.82 0.829 0.826 0.817 0.812 0.811 0.821 0.83 0.842 0.859 0.873 0.873 0.874 0.878 0.867 0.86 0.852 0.86 0.858 0.859 0.854 0.864 0.861 0.846 0.83 0.815 0.778 0.74 0.731 -9 -9 -9 -9 -9 -9 -9 -9 -9 -9 -9 -9 -9 -9 -9 -9 -9 -9 -9 -9 -9 -9 -9 -9 -9 -9 -9 -9 -9 -9 -9 -9 -9 -9 -9 -9 -9 -9
0.846 0.846 0.854 0.861 0.856 0.857 0.857 0.862 0.858 0.851 0.843 0.842 0.842 0.829 0.813 0.822 0.812 0.808 0.821 0.834 0.871 0.873 0.874 0.878 0.869 0.84 0.815 0.819 0.853 0.861 0.863 0.866 0.87 0.864 0.859 0.859 0.844 0.822 0.813 0.843 0.863 -9 -9 -9 -9 -9 -9 -9 -9 -9 -9 -9 -9 -9 -9 -9 -9 -9 -9 -9 -9 -9 -9 -9 -9 -9 -9 -9 -9 -9 -9 -9 -9 -9 -9 -9 -9
0.846 0.846 0.849 0.857 0.857 0.862 0.869 0.871 0.867 0.868 0.864 0.857 0.856 0.841 0.825 0.814 0.803 0.806 0.806 0.817 0.863 0.874 0.875 0.878 0.87 0.828 0.799 0.779 0.801 0.839 0.857 0.861 0.871 0.86 0.859 0.876 0.874 0.869 0.861 0.866 0.867 0.873 0.857 -9 -9 -9 -9 -9 -9 -9 -9 -9 -9 -9 -9 -9 -9 -9 -9 -9 -9 -9 -9 -9 -9 -9 -9 -9 -9 -9 -9 -9 -9 -9 -9 -9 -9
0.844 0.843 0.845 0.848 0.843 0.864 0.868 0.872 0.872 0.873 0.871 0.871 0.867 0.862 0.847 0.831 0.821 0.818 0.818 0.815 0.856 0.873 0.873 0.878 0.874 0.858 0.822 0.8 0.787 0.806 0.835 0.846 0.861 0.859 0.861 0.869 0.876 0.877 0.858 0.862 0.857 0.859 0.857 0.849 0.834 -9 -9 -9 -9 -9 -9 -9 -9 -9 -9 -9 -9 -9 -9 -9 -9 -9 -9 -9 -9 -9 -9 -9 -9 -9 -9 -9 -9 -9 -9 -9 -9
0.741 0.766 0.793 0.829 0.806 0.836 0.852 0.867 0.87 0.872 0.868 0.865 0.871 0.872 0.87 0.853 0.844 0.842 0.838 0.825 0.835 0.864 0.874 0.875 0.873 0.873 0.856 0.835 0.815 0.815 0.829 0.835 0.844 0.858 0.862 0.867 0.873 0.877 0.862 0.855 0.857 0.857 0.862 0.856 0.85 0.854 0.863 -9 -9 -9 -9 -9 -9 -9 -9 -9 -9 -9 -9 -9 -9 -9 -9 -9 -9 -9 -9 -9 -9 -9 -9 -9 -9 -9 -9 -9 -9
0.656 0.676 0.714 0.768 0.804 0.824 0.841 0.867 0.867 0.868 0.869 0.864 0.867 0.871 0.873 0.87 0.864 0.862 0.853 0.841 0.83 0.847 0.858 0.873 0.873 0.873 0.871 0.871 0.85 0.833 0.831 0.826 0.827 0.845 0.853 0.866 0.873 0.873 0.872 0.851 0.856 0.857 0.859 0.866 0.865 0.864 0.863 0.867 -9 -9 -9 -9 -9 -9 -9 -9 -9 -9 -9 -9 -9 -9 -9 -9 -9 -9 -9 -9 -9 -9 -9 -9 -9 -9 -9 -9 -9
0.666 0.659 0.695 0.748 0.797 0.836 0.861 0.867 0.867 0.869 0.87 0.87 0.868 0.872 0.873 0.873 0.872 0.87 0.865 0.854 0.848 0.846 0.851 0.871 0.873 0.873 0.873 0.878 0.876 0.869 0.853 0.841 0.841 0.847 0.854 0.866 0.883 0.879 0.87 0.855 0.862 0.862 0.867 0.874 0.872 0.868 0.855 0.863 0.852 0.845 -9 -9 -9 -9 -9 -9 -9 -9 -9 -9 -9 -9 -9 -9 -9 -9 -9 -9 -9 -9 -9 -9 -9 -9 -9 -9 -9
0.715 0.721 0.761 0.797 0.835 0.862 0.864 0.852 0.844 0.844 0.841 0.851 0.858 0.869 0.873 0.873 0.873 0.873 0.872 0.865 0.861 0.853 0.847 0.867 0.873 0.873 0.873 0.878 0.878 0.879 0.879 0.873 0.858 0.862 0.865 0.87 0.883 0.888 0.878 0.865 0.862 0.862 0.869 0.872 0.872 0.862 0.852 0.854 0.846 0.842 0.823 -9 -9 -9 -9 -9 -9 -9 -9 -9 -9 -9 -9 -9 -9 -9 -9 -9 -9 -9 -9 -9 -9 -9 -9 -9 -9
0.768 0.79 0.824 0.85 0.865 0.86 0.84 0.797 0.772 0.766 0.764 0.795 0.82 0.834 0.848 0.863 0.869 0.868 0.873 0.866 0.866 0.869 0.865 0.87 0.873 0.873 0.873 0.872 0.872 0.871 0.871 0.873 0.873 0.876 0.879 0.883 0.884 0.885 0.885 0.876 0.872 0.86 0.872 0.871 0.87 0.856 0.848 0.846 0.84 0.831 0.81 0.774 -9 -9 -9 -9 -9 -9 -9 -9 -9 -9 -9 -9 -9 -9 -9 -9 -9 -9 -9 -9 -9 -9 -9 -9 -9
0.826 0.845 0.86 0.853 0.84 0.817 0.779 0.717 0.684 0.68 0.684 0.73 0.768 0.784 0.798 0.811 0.838 0.858 0.861 0.862 0.865 0.867 0.867 0.873 0.872 0.872 0.869 0.867 0.867 0.867 0.871 0.873 0.873 0.878 0.878 0.88 0.878 0.876 0.878 0.878 0.882 0.873 0.872 0.873 0.867 0.853 0.843 0.842 0.835 0.821 0.798 0.761 0.734 -9 -9 -9 -9 -9 -9 -9 -9 -9 -9 -9 -9 -9 -9 -9 -9 -9 -9 -9 -9 -9 -9 -9 -9
0.859 0.843 0.797 0.776 0.768 0.765 0.734 0.678 0.658 0.651 0.676 0.695 0.721 0.746 0.76 0.763 0.787 0.811 0.829 0.842 0.851 0.859 0.861 0.866 0.866 0.867 0.865 0.862 0.867 0.867 0.87 0.871 0.871 0.874 0.874 0.873 0.873 0.873 0.878 0.875 0.877 0.876 0.873 0.869 0.864 0.857 0.841 0.841 0.824 0.807 0.795 0.768 0.746 0.739 0.749 -9 -9 -9 -9 -9 -9 -9 -9 -9 -9 -9 -9 -9 -9 -9 -9 -9 -9 -9 -9 -9 -9
0.796 0.788 0.721 0.73 0.742 0.749 0.735 0.704 0.7 0.701 0.718 0.723 0.725 0.721 0.738 0.746 0.755 0.762 0.782 0.793 0.808 0.824 0.839 0.845 0.853 0.863 0.862 0.862 0.866 0.866 0.865 0.865 0.865 0.866 0.867 0.871 0.873 0.868 0.872 0.869 0.869 0.87 0.867 0.864 0.862 0.857 0.848 0.841 0.817 0.8 0.796 0.791 0.779 0.772 0.741 0.732 -9 -9 -9 -9 -9 -9 -9 -9 -9 -9 -9 -9 -9 -9 -9 -9 -9 -9 -9 -9 -9
0.743 0.741 0.706 0.731 0.755 0.762 0.744 0.737 0.738 0.743 0.745 0.744 0.741 0.741 0.741 0.742 0.74 0.748 0.759 0.77 0.769 0.786 0.797 0.809 0.826 0.84 0.853 0.858 0.86 0.86 0.86 0.862 0.862 0.864 0.867 0.864 0.866 0.863 0.865 0.867 0.863 0.86 0.862 0.862 0.854 0.852 0.842 0.834 0.807 0.799 0.799 0.792 0.755 0.723 0.715 0.701 0.692 0.68 -9 -9 -9 -9 -9 -9 -9 -9 -9 -9 -9 -9 -9 -9 -9 -9 -9 -9 -9
0.702 0.739 0.745 0.761 0.776 0.777 0.776 0.776 0.782 0.778 0.784 0.779 0.775 0.77 0.76 0.76 0.759 0.765 0.763 0.757 0.752 0.762 0.768 0.776 0.79 0.806 0.824 0.838 0.847 0.854 0.857 0.862 0.862 0.857 0.861 0.858 0.862 0.862 0.861 0.859 0.858 0.857 0.854 0.849 0.847 0.844 0.836 0.831 0.815 0.81 0.801 0.792 0.752 0.728 0.711 0.699 0.693 0.686 0.678 -9 -9 -9 -9 -9 -9 -9 -9 -9 -9 -9 -9 -9 -9 -9 -9 -9 -9
0.707 0.774 0.776 0.787 0.798 0.802 0.805 0.806 0.826 0.832 0.822 0.813 0.798 0.792 0.787 0.784 0.784 0.78 0.773 0.755 0.743 0.739 0.74 0.748 0.763 0.779 0.796 0.813 0.831 0.845 0.849 0.853 0.855 0.852 0.856 0.857 0.858 0.855 0.853 0.852 0.857 0.852 0.847 0.846 0.842 0.836 0.835 0.823 0.815 0.806 0.799 0.788 0.771 0.736 0.717 0.704 0.694 0.687 0.682 -9 -9 -9 -9 -9 -9 -9 -9 -9 -9 -9 -9 -9 -9 -9 -9 -9 -9
0.786 0.79 0.8 0.833 0.837 0.841 0.845 0.853 0.856 0.848 0.841 0.832 0.819 0.808 0.8 0.796 0.779 0.773 0.763 0.746 0.731 0.725 0.727 0.734 0.74 0.758 0.769 0.782 0.806 0.82 0.833 0.847 0.852 0.852 0.853 0.848 0.848 0.85 0.852 0.847 0.844 0.846 0.846 0.836 0.836 0.835 0.83 0.822 0.813 0.805 0.796 0.788 0.774 0.747 0.726 0.716 0.698 0.686 0.683 0.669 -9 -9 -9 -9 -9 -9 -9 -9 -9 -9 -9 -9 -9 -9 -9 -9 -9
0.832 0.825 0.849 0.854 0.862 0.862 0.862 0.862 0.861 0.857 0.855 0.852 0.839 0.806 0.762 0.747 0.729 0.72 0.726 0.735 0.729 0.725 0.725 0.729 0.73 0.747 0.758 0.757 0.774 0.786 0.8 0.822 0.835 0.843 0.843 0.846 0.846 0.846 0.841 0.841 0.841 0.841 0.838 0.835 0.834 0.825 0.822 0.818 0.807 0.803 0.792 0.787 0.775 0.747 0.736 0.724 0.703 0.692 0.682 0.668 0.651 -9 -9 -9 -9 -9 -9 -9 -9 -9 -9 -9 -9 -9 -9 -9 -9
0.844 0.853 0.86 0.862 0.862 0.863 0.856 0.853 0.849 0.853 0.857 0.855 0.849 0.818 0.752 0.706 0.685 0.678 0.697 0.728 0.737 0.735 0.735 0.738 0.741 0.753 0.757 0.759 0.763 0.769 0.782 0.793 0.81 0.823 0.834 0.838 0.841 0.836 0.836 0.837 0.833 0.83 0.834 0.828 0.824 0.822 0.81 0.809 0.802 0.799 0.789 0.781 0.777 0.755 0.747 0.736 0.719 0.703 0.692 0.682 0.666 -9 -9 -9 -9 -9 -9 -9 -9 -9 -9 -9 -9 -9 -9 -9 -9
0.866 0.862 0.859 0.854 0.84 0.824 0.809 0.804 0.806 0.812 0.832 0.845 0.846 0.844 0.823 0.772 0.741 0.731 0.741 0.754 0.763 0.762 0.763 0.763 0.762 0.765 0.765 0.762 0.776 0.78 0.783 0.788 0.787 0.796 0.812 0.827 0.835 0.835 0.831 0.831 0.83 0.825 0.822 0.819 0.817 0.812 0.808 0.804 0.797 0.792 0.782 0.778 0.771 0.762 0.755 0.743 0.729 0.715 0.709 0.699 0.685 -9 -9 -9 -9 -9 -9 -9 -9 -9 -9 -9 -9 -9 -9 -9 -9
0.856 0.844 0.827 0.805 0.754 0.721 0.712 0.726 0.749 0.754 0.784 0.817 0.83 0.843 0.836 0.826 0.81 0.807 0.808 0.8 0.795 0.788 0.782 0.78 0.773 0.778 0.786 0.788 0.792 0.792 0.792 0.788 0.788 0.795 0.81 0.818 0.829 0.827 0.824 0.827 0.823 0.819 0.818 0.813 0.811 0.807 0.802 0.798 0.791 0.783 0.777 0.772 0.765 0.759 0.753 0.742 0.734 0.722 0.719 0.704 0.701 0.69 0.671 -9 -9 -9 -9 -9 -9 -9 -9 -9 -9 -9 -9 -9 -9
0.832 0.793 0.765 0.733 0.697 0.677 0.67 0.683 0.725 0.742 0.767 0.786 0.801 0.824 0.824 0.827 0.825 0.822 0.824 0.815 0.805 0.794 0.785 0.788 0.788 0.794 0.798 0.794 0.794 0.798 0.8 0.803 0.794 0.804 0.811 0.818 0.819 0.824 0.818 0.818 0.814 0.815 0.813 0.807 0.806 0.801 0.797 0.791 0.785 0.777 0.774 0.765 0.757 0.753 0.744 0.74 0.732 0.723 0.716 0.704 0.703 0.699 0.683 0.669 -9 -9 -9 -9 -9 -9 -9 -9 -9 -9 -9 -9 -9
0.809 0.772 0.736 0.716 0.72 0.712 0.702 0.693 0.723 0.745 0.763 0.767 0.778 0.794 0.804 0.801 0.808 0.809 0.812 0.807 0.798 0.78 0.778 0.783 0.776 0.767 0.765 0.775 0.78 0.776 0.784 0.784 0.791 0.796 0.8 0.807 0.81 0.816 0.815 0.813 0.809 0.81 0.805 0.804 0.797 0.795 0.789 0.783 0.777 0.773 0.768 0.756 0.752 0.748 0.737 0.732 0.724 0.719 0.71 0.704 0.699 0.695 0.683 0.67 0.62 0.441 -9 -9 -9 -9 -9 -9 -9 -9 -9 -9 -9
