data/climatemaps/RS_maps/climate_postbreed_tmp_2008.asc
NCOLS 369 
NROWS 228 
XLLCORNER 479000 
YLLCORNER 73000 
CELLSIZE 1000 
NODATA_value -9 
[rows 68 to 101 of 228, columns 154 to 230 of 369]
0.562 0.588 0.544 0.563 0.559 0.585 0.625 0.604 0.518 0.454 0.429 0.409 0.501 0.605 0.605 0.503 0.357 0.298 0.365 0.427 0.363 0.345 0.497 0.588 0.545 0.525 0.67 0.704 0.643 0.532 0.457 0.374 0.342 0.397 0.529 0.608 0.674 0.729 0.791 0.811 0.812 0.779 0.759 0.743 0.732 0.673 0.635 0.603 0.596 0.585 0.511 0.409 0.528 0.551 0.501 0.581 0.67 0.66 0.705 0.789 0.806 0.806 0.806 0.805 0.794 0.767 0.773 0.77 0.777 0.803 0.8 0.782 0.76 0.756 0.737 0.735 0.726
0.541 0.571 0.533 0.501 0.5 0.553 0.618 0.598 0.52 0.45 0.425 0.369 0.451 0.572 0.61 0.571 0.411 0.33 0.37 0.392 0.409 0.363 0.469 0.565 0.547 0.502 0.627 0.706 0.685 0.583 0.488 0.406 0.349 0.349 0.483 0.604 0.66 0.719 0.771 0.818 0.824 0.814 0.791 0.757 0.753 0.716 0.679 0.63 0.617 0.602 0.578 0.506 0.513 0.575 0.459 0.517 0.624 0.627 0.635 0.731 0.792 0.813 0.809 0.813 0.808 0.807 0.808 0.811 0.807 0.808 0.808 0.803 0.794 0.791 0.789 0.78 0.763
0.523 0.561 0.516 0.43 0.47 0.555 0.584 0.606 0.579 0.485 0.423 0.386 0.423 0.505 0.601 0.615 0.495 0.419 0.41 0.389 0.415 0.453 0.481 0.532 0.539 0.484 0.571 0.699 0.702 0.653 0.542 0.45 0.375 0.331 0.43 0.587 0.665 0.709 0.746 0.812 0.826 0.82 0.792 0.776 0.775 0.735 0.704 0.665 0.627 0.653 0.623 0.6 0.589 0.611 0.49 0.483 0.532 0.598 0.574 0.602 0.697 0.764 0.81 0.821 0.821 0.82 0.821 0.824 0.816 0.818 0.816 0.816 0.813 0.81 0.812 0.804 0.774
0.521 0.522 0.471 0.44 0.503 0.54 0.565 0.604 0.614 0.498 0.463 0.472 0.458 0.471 0.583 0.631 0.591 0.495 0.433 0.394 0.381 0.449 0.458 0.505 0.522 0.452 0.508 0.676 0.72 0.705 0.607 0.509 0.429 0.357 0.411 0.563 0.672 0.721 0.741 0.804 0.826 0.819 0.793 0.789 0.779 0.754 0.718 0.681 0.667 0.678 0.708 0.676 0.629 0.595 0.58 0.524 0.519 0.545 0.572 0.564 0.61 0.661 0.762 0.823 0.824 0.812 0.821 0.823 0.823 0.822 0.818 0.82 0.82 0.82 0.82 0.82 0.815
0.498 0.475 0.416 0.451 0.513 0.509 0.586 0.599 0.562 0.556 0.562 0.572 0.557 0.522 0.567 0.633 0.63 0.562 0.472 0.387 0.35 0.439 0.455 0.492 0.513 0.438 0.439 0.624 0.721 0.727 0.672 0.593 0.515 0.436 0.431 0.556 0.664 0.736 0.743 0.803 0.826 0.826 0.808 0.78 0.799 0.787 0.757 0.732 0.746 0.778 0.74 0.59 0.543 0.538 0.564 0.561 0.523 0.505 0.539 0.555 0.586 0.627 0.705 0.764 0.787 0.761 0.776 0.783 0.779 0.781 0.801 0.819 0.821 0.826 0.82 0.819 0.802
0.483 0.428 0.397 0.436 0.483 0.462 0.552 0.598 0.508 0.476 0.482 0.522 0.579 0.575 0.565 0.615 0.642 0.626 0.54 0.419 0.364 0.455 0.444 0.469 0.517 0.433 0.394 0.541 0.693 0.738 0.718 0.662 0.604 0.514 0.475 0.562 0.658 0.736 0.769 0.809 0.833 0.825 0.819 0.804 0.781 0.806 0.801 0.797 0.801 0.783 0.736 0.68 0.571 0.475 0.474 0.503 0.545 0.497 0.49 0.524 0.556 0.579 0.609 0.625 0.674 0.652 0.633 0.627 0.619 0.651 0.707 0.768 0.798 0.818 0.812 0.812 0.802
0.487 0.416 0.408 0.453 0.475 0.448 0.537 0.61 0.549 0.509 0.491 0.528 0.557 0.549 0.555 0.607 0.64 0.645 0.617 0.518 0.462 0.47 0.411 0.432 0.507 0.472 0.385 0.459 0.619 0.741 0.74 0.71 0.665 0.603 0.549 0.582 0.675 0.735 0.763 0.821 0.84 0.824 0.796 0.808 0.803 0.822 0.822 0.82 0.811 0.8 0.713 0.625 0.518 0.432 0.435 0.468 0.53 0.499 0.463 0.479 0.515 0.498 0.508 0.538 0.543 0.467 0.381 0.335 0.404 0.432 0.5 0.595 0.677 0.733 0.77 0.794 0.803
0.516 0.416 0.412 0.461 0.51 0.51 0.554 0.606 0.604 0.591 0.596 0.601 0.608 0.597 0.599 0.623 0.639 0.646 0.644 0.61 0.518 0.473 0.409 0.402 0.478 0.499 0.412 0.422 0.545 0.697 0.74 0.726 0.695 0.65 0.617 0.61 0.684 0.73 0.765 0.821 0.844 0.808 0.77 0.808 0.823 0.834 0.835 0.826 0.821 0.784 0.673 0.589 0.481 0.394 0.375 0.419 0.484 0.504 0.464 0.457 0.429 0.321 0.311 0.408 0.412 0.354 0.241 0.22 0.247 0.193 0.213 0.342 0.42 0.503 0.611 0.66 0.718
0.508 0.437 0.386 0.415 0.463 0.486 0.536 0.604 0.606 0.605 0.613 0.619 0.619 0.624 0.625 0.632 0.626 0.646 0.646 0.652 0.589 0.495 0.45 0.424 0.442 0.481 0.454 0.424 0.519 0.642 0.744 0.735 0.721 0.686 0.662 0.644 0.704 0.732 0.76 0.824 0.844 0.797 0.781 0.814 0.835 0.84 0.842 0.841 0.82 0.702 0.548 0.522 0.455 0.335 0.343 0.348 0.384 0.406 0.346 0.301 0.203 0.096 0.111 0.223 0.302 0.304 0.249 0.261 0.261 0.141 0.034 0.052 0.142 0.301 0.328 0.395 0.497
0.467 0.467 0.434 0.394 0.423 0.451 0.503 0.549 0.586 0.592 0.607 0.624 0.612 0.526 0.514 0.556 0.599 0.639 0.651 0.666 0.661 0.577 0.49 0.467 0.451 0.461 0.47 0.466 0.515 0.614 0.728 0.741 0.727 0.711 0.712 0.702 0.731 0.74 0.757 0.835 0.851 0.806 0.807 0.818 0.844 0.849 0.85 0.853 0.8 0.576 0.399 0.46 0.438 0.289 0.244 0.208 0.163 0.174 0.075 0.078 0.049 0.103 0.154 0.24 0.291 0.267 0.248 0.243 0.269 0.207 0.061 -0.089 -0.008 0.131 0.073 0.027 0.295
0.434 0.399 0.447 0.367 0.379 0.437 0.54 0.556 0.565 0.601 0.606 0.606 0.565 0.486 0.475 0.459 0.542 0.616 0.652 0.672 0.679 0.67 0.619 0.569 0.524 0.515 0.512 0.518 0.544 0.616 0.71 0.742 0.727 0.727 0.747 0.74 0.746 0.742 0.755 0.842 0.856 0.823 0.825 0.821 0.851 0.853 0.853 0.853 0.763 0.459 0.298 0.43 0.452 0.303 0.229 0.199 0.167 0.148 0.075 0.048 0.119 0.225 0.25 0.29 0.268 0.246 0.249 0.266 0.275 0.252 0.119 -0.048 -0.062 -0.055 -0.109 -0.021 0.238
0.421 0.365 0.423 0.456 0.41 0.422 0.475 0.553 0.577 0.586 0.59 0.601 0.588 0.555 0.533 0.472 0.49 0.557 0.625 0.666 0.682 0.691 0.693 0.658 0.623 0.608 0.586 0.574 0.59 0.637 0.7 0.738 0.728 0.737 0.771 0.769 0.758 0.73 0.763 0.852 0.855 0.82 0.823 0.819 0.83 0.853 0.857 0.852 0.669 0.378 0.26 0.419 0.462 0.421 0.395 0.389 0.358 0.263 0.193 0.095 0.095 0.244 0.244 0.209 0.148 0.223 0.274 0.264 0.278 0.249 0.124 0.119 0.025 -0.18 -0.121 0.095 0.36
0.437 0.382 0.411 0.495 0.497 0.502 0.514 0.5 0.529 0.579 0.497 0.558 0.601 0.601 0.555 0.52 0.48 0.492 0.581 0.627 0.675 0.695 0.702 0.708 0.675 0.652 0.635 0.622 0.629 0.659 0.699 0.729 0.735 0.761 0.793 0.801 0.773 0.739 0.8 0.863 0.79 0.757 0.749 0.792 0.823 0.862 0.864 0.795 0.455 0.265 0.23 0.392 0.444 0.478 0.485 0.488 0.48 0.385 0.184 0.066 0.174 0.259 0.214 0.038 0.189 0.275 0.265 0.223 0.28 0.277 0.203 0.095 0.023 -0.093 -0.036 0.135 0.326
0.449 0.441 0.476 0.468 0.424 0.427 0.432 0.453 0.494 0.555 0.478 0.493 0.57 0.603 0.59 0.528 0.482 0.516 0.531 0.543 0.603 0.668 0.701 0.713 0.694 0.676 0.663 0.649 0.647 0.671 0.7 0.729 0.76 0.787 0.825 0.841 0.828 0.807 0.848 0.851 0.676 0.609 0.687 0.803 0.845 0.871 0.871 0.736 0.438 0.242 0.223 0.258 0.346 0.456 0.443 0.469 0.496 0.474 0.265 0.15 0.261 0.243 0.126 -0.013 0.14 0.274 0.164 0.12 0.269 0.284 0.163 -0.031 -0.101 -0.19 -0.11 0.021 0.009
0.41 0.432 0.457 0.441 0.405 0.442 0.457 0.494 0.506 0.536 0.512 0.512 0.55 0.594 0.605 0.587 0.571 0.56 0.506 0.483 0.501 0.579 0.65 0.691 0.706 0.696 0.676 0.668 0.669 0.696 0.714 0.749 0.788 0.809 0.853 0.859 0.865 0.857 0.86 0.781 0.549 0.554 0.72 0.842 0.826 0.819 0.867 0.811 0.573 0.294 0.206 0.116 0.245 0.354 0.162 0.131 0.399 0.498 0.4 0.147 0.268 0.137 -0.088 -0.139 0.165 0.222 0.126 0.185 0.256 0.287 0.161 -0.099 -0.066 -0.167 -0.278 -0.233 -0.347
0.379 0.406 0.437 0.439 0.419 0.44 0.476 0.485 0.455 0.494 0.555 0.539 0.568 0.574 0.589 0.605 0.604 0.564 0.498 0.468 0.45 0.473 0.568 0.633 0.686 0.702 0.688 0.696 0.694 0.721 0.748 0.773 0.81 0.839 0.86 0.86 0.86 0.853 0.828 0.608 0.503 0.622 0.773 0.838 0.779 0.821 0.884 0.881 0.768 0.457 0.235 0.068 0.218 0.309 0.186 0.03 0.219 0.495 0.388 0.066 0.241 0.096 -0.094 0.006 0.215 0.023 -0.011 0.095 0.089 0.263 0.168 0.092 0.138 -0.009 -0.255 -0.373 -0.272
0.359 0.37 0.416 0.418 0.388 0.422 0.478 0.443 0.465 0.452 0.54 0.507 0.55 0.541 0.554 0.578 0.59 0.549 0.458 0.412 0.401 0.4 0.473 0.564 0.642 0.695 0.692 0.713 0.722 0.747 0.774 0.81 0.847 0.857 0.86 0.851 0.846 0.844 0.699 0.503 0.584 0.7 0.783 0.803 0.852 0.883 0.887 0.893 0.877 0.65 0.344 0.13 0.038 0.075 -0.05 -0.091 0.072 0.448 0.318 0.121 0.225 0.029 -0.154 0.024 0.183 -0.123 -0.098 -0.171 -0.147 0.091 0.241 0.278 0.102 -0.127 -0.191 -0.359 -0.261
0.329 0.353 0.384 0.368 0.375 0.393 0.461 0.417 0.456 0.403 0.492 0.5 0.54 0.534 0.539 0.551 0.573 0.561 0.504 0.445 0.41 0.394 0.409 0.508 0.604 0.678 0.691 0.722 0.74 0.765 0.796 0.831 0.859 0.86 0.837 0.849 0.836 0.697 0.661 0.644 0.689 0.745 0.798 0.832 0.734 0.858 0.898 0.9 0.899 0.741 0.351 0.048 -0.198 -0.251 -0.292 -0.078 0.204 0.428 0.315 0.2 0.091 -0.071 -0.338 -0.078 0.131 -0.239 -0.173 -0.342 -0.27 -0.156 0.071 0.287 0.187 -0.007 -0.124 -0.243 -0.291
0.294 0.34 0.366 0.353 0.354 0.387 0.425 0.359 0.42 0.353 0.431 0.423 0.511 0.531 0.53 0.549 0.541 0.572 0.559 0.538 0.504 0.441 0.415 0.467 0.581 0.678 0.703 0.725 0.746 0.768 0.824 0.858 0.86 0.846 0.832 0.826 0.709 0.621 0.657 0.708 0.681 0.751 0.855 0.774 0.546 0.601 0.815 0.886 0.901 0.826 0.404 -0.051 -0.207 -0.148 -0.019 0.181 0.381 0.422 0.241 0.022 -0.184 -0.15 -0.357 -0.084 0.089 -0.302 -0.265 -0.404 -0.285 -0.159 0.076 0.266 0.182 0.237 0.115 -0.064 -0.302
0.268 0.308 0.309 0.361 0.322 0.386 0.381 0.323 0.359 0.322 0.334 0.334 0.411 0.511 0.535 0.509 0.533 0.581 0.52 0.505 0.534 0.52 0.485 0.521 0.598 0.672 0.714 0.725 0.741 0.799 0.838 0.86 0.84 0.852 0.808 0.731 0.717 0.732 0.711 0.677 0.768 0.862 0.846 0.678 0.361 0.228 0.347 0.716 0.901 0.892 0.699 0.296 0.208 0.191 0.274 0.393 0.497 0.357 0.072 -0.123 -0.335 -0.276 -0.35 -0.002 -0.031 -0.319 -0.387 -0.331 -0.183 -0.009 0.21 0.217 -0.008 0.078 0.185 -0.311 -0.714
0.253 0.232 0.275 0.331 0.285 0.366 0.358 0.288 0.322 0.236 0.276 0.305 0.334 0.426 0.528 0.516 0.562 0.549 0.439 0.435 0.451 0.509 0.543 0.572 0.603 0.667 0.717 0.739 0.768 0.845 0.824 0.839 0.85 0.823 0.768 0.709 0.757 0.716 0.705 0.783 0.874 0.888 0.809 0.495 0.157 -0.085 -0.215 0.264 0.787 0.881 0.849 0.629 0.551 0.492 0.547 0.6 0.617 0.373 0.028 -0.101 -0.327 -0.34 -0.238 0.04 -0.18 -0.375 -0.343 -0.16 0.008 0.102 0.212 -0.011 -0.266 -0.202 0.096 -0.249 -0.733
0.179 0.176 0.25 0.316 0.254 0.308 0.309 0.225 0.281 0.185 0.207 0.282 0.378 0.406 0.513 0.567 0.594 0.609 0.538 0.423 0.384 0.416 0.495 0.566 0.636 0.715 0.753 0.788 0.805 0.79 0.765 0.802 0.839 0.867 0.87 0.852 0.784 0.739 0.802 0.875 0.891 0.883 0.724 0.275 -0.053 -0.352 -0.453 -0.183 0.427 0.739 0.809 0.784 0.771 0.75 0.779 0.793 0.774 0.549 0.273 0.085 -0.101 -0.295 -0.134 0.003 -0.238 -0.421 -0.324 -0.101 0.078 0.026 0.194 -0.035 -0.412 -0.525 -0.183 -0.238 -0.708
0.103 0.145 0.212 0.264 0.235 0.28 0.283 0.186 0.138 0.198 0.262 0.246 0.283 0.361 0.495 0.488 0.428 0.437 0.593 0.601 0.52 0.513 0.614 0.71 0.761 0.781 0.791 0.794 0.738 0.649 0.682 0.742 0.845 0.867 0.882 0.885 0.81 0.835 0.885 0.902 0.884 0.85 0.704 0.321 -0.087 -0.243 -0.264 -0.204 0.112 0.415 0.632 0.733 0.814 0.852 0.874 0.871 0.86 0.753 0.575 0.366 0.115 -0.285 -0.116 -0.082 -0.289 -0.436 -0.296 -0.127 0.049 -0.014 0.143 -0.2 -0.631 -0.748 -0.167 -0.451 -0.804
0.021 0.094 0.186 0.226 0.217 0.192 0.229 0.141 0.132 0.145 0.213 0.347 0.403 0.416 0.479 0.474 0.335 0.259 0.408 0.569 0.698 0.706 0.728 0.709 0.663 0.609 0.595 0.637 0.649 0.683 0.755 0.81 0.857 0.814 0.84 0.89 0.879 0.882 0.903 0.904 0.87 0.863 0.833 0.709 0.413 0.179 -0.079 -0.278 -0.161 -0.045 0.277 0.492 0.649 0.758 0.822 0.867 0.835 0.843 0.734 0.571 0.293 -0.184 -0.237 -0.249 -0.368 -0.407 -0.245 -0.078 -0.076 -0.314 -0.107 -0.077 -0.683 -0.65 -0.21 -0.763 -0.617
0.09 -0.001 0.086 0.195 0.147 0.15 0.161 0.197 0.246 0.267 0.293 0.331 0.348 0.463 0.512 0.463 0.299 0.218 0.334 0.537 0.627 0.62 0.592 0.51 0.433 0.331 0.318 0.54 0.6 0.595 0.682 0.792 0.867 0.814 0.797 0.888 0.9 0.903 0.907 0.908 0.9 0.903 0.909 0.892 0.809 0.639 0.299 -0.243 -0.327 -0.256 -0.048 0.089 0.299 0.45 0.532 0.577 0.587 0.855 0.827 0.745 0.531 0.173 -0.165 -0.322 -0.304 -0.336 -0.204 -0.273 -0.278 -0.573 -0.228 -0.045 -0.597 -0.735 -0.595 -0.809 -0.401
0.049 -0.035 0.042 0.104 0.093 0.102 0.074 0.143 0.186 0.184 0.264 0.327 0.419 0.422 0.498 0.43 0.24 0.235 0.379 0.556 0.496 0.436 0.438 0.39 0.351 0.237 0.185 0.413 0.365 0.327 0.461 0.664 0.851 0.862 0.816 0.888 0.904 0.91 0.911 0.913 0.915 0.917 0.917 0.918 0.917 0.875 0.666 0.162 -0.11 -0.017 0.12 -0.079 -0.102 0.033 0.166 0.446 0.757 0.887 0.875 0.814 0.692 0.408 0.085 -0.021 -0.114 -0.338 -0.364 -0.536 -0.487 -0.418 -0.175 -0.396 -0.767 -0.933 -0.8 -0.709 -0.43
-0.091 -0.063 -0.038 -0.024 -0.048 -0.061 -0.039 0.037 0.06 0.124 0.237 0.357 0.401 0.334 0.496 0.401 0.226 0.282 0.336 0.489 0.395 0.366 0.407 0.396 0.315 0.193 0.164 0.264 0.194 0.145 0.252 0.493 0.772 0.89 0.843 0.897 0.915 0.909 0.895 0.81 0.824 0.899 0.899 0.896 0.916 0.919 0.803 0.312 0.051 0.383 0.371 -0.076 0.089 0.422 0.612 0.78 0.897 0.904 0.88 0.769 0.532 0.449 0.287 0.066 -0.036 -0.168 -0.346 -0.582 -0.614 -0.535 -0.608 -0.745 -0.92 -0.962 -0.943 -0.657 -0.793
-0.119 -0.075 -0.12 -0.008 -0.137 -0.118 -0.103 -0.012 0.019 0.131 0.19 0.282 0.373 0.348 0.49 0.362 0.208 0.197 0.242 0.372 0.41 0.369 0.296 0.255 0.162 0.043 0.14 0.11 0.022 -0.008 0.137 0.395 0.698 0.896 0.901 0.915 0.916 0.755 0.624 0.455 0.489 0.67 0.735 0.807 0.873 0.918 0.793 0.524 0.562 0.758 0.427 0.349 0.743 0.894 0.915 0.911 0.825 0.762 0.729 0.645 0.537 0.587 0.376 0.242 0.154 0.12 -0.142 -0.385 -0.465 -0.433 -0.329 -0.333 -0.41 -0.432 -0.54 -0.604 -0.979
-0.025 0.015 -0.053 0.031 -0.069 -0.037 0.012 0.096 0.113 0.192 0.159 0.301 0.355 0.403 0.463 0.295 0.167 0.125 0.103 0.273 0.348 0.168 0.081 -0.053 -0.144 -0.194 0.082 -0.043 -0.228 -0.12 0.146 0.459 0.713 0.9 0.92 0.92 0.795 0.541 0.462 0.437 0.673 0.826 0.89 0.908 0.925 0.932 0.92 0.905 0.915 0.925 0.853 0.895 0.927 0.908 0.858 0.922 0.697 0.488 0.336 0.349 0.237 0.378 0.462 0.621 0.554 0.355 0.107 -0.033 0.179 0.269 0.172 -0.046 -0.214 -0.35 -0.479 -0.69 -1.039
0.027 0.084 0.035 0.045 0.022 -0.055 -0.009 0.076 0.163 0.246 0.259 0.285 0.357 0.446 0.418 0.268 0.16 0.046 -0.018 0.17 0.224 0.021 -0.072 -0.253 -0.251 -0.129 -0.066 -0.292 -0.623 -0.542 -0.066 0.391 0.603 0.78 0.849 0.891 0.652 0.466 0.61 0.788 0.908 0.922 0.933 0.933 0.933 0.933 0.933 0.933 0.934 0.932 0.921 0.906 0.792 0.603 0.66 0.921 0.693 0.145 -0.347 -0.337 -0.181 -0.079 -0.07 0.141 0.386 0.585 0.545 0.534 0.567 0.51 0.1 -0.236 -0.351 -0.487 -0.591 -0.736 -0.996
0.089 0.154 0.133 0.127 0.067 -0.069 0.053 0.118 0.175 0.175 0.233 0.327 0.444 0.374 0.331 0.312 0.229 0.089 0.015 -0.001 -0.019 -0.183 -0.247 -0.505 -0.545 -0.39 -0.553 -0.694 -0.753 -0.552 -0.016 0.532 0.721 0.754 0.888 0.916 0.796 0.779 0.901 0.912 0.903 0.866 0.829 0.838 0.896 0.926 0.928 0.929 0.929 0.867 0.755 0.568 0.344 0.292 0.636 0.937 0.643 -0.12 -0.663 -0.484 -0.4 -0.405 -0.358 -0.321 -0.221 0.159 0.388 0.337 0.349 0.215 0.131 0.056 -0.303 -0.53 -0.567 -0.671 -0.834
0.122 0.202 0.202 0.116 0.013 -0.004 0.087 0.09 0.108 0.184 0.331 0.439 0.37 0.237 0.19 0.177 0.175 0.184 0.143 0.022 -0.174 -0.477 -0.569 -0.423 -0.386 -0.322 -0.445 -0.464 -0.52 -0.255 0.332 0.84 0.913 0.902 0.83 0.812 0.909 0.909 0.906 0.859 0.76 0.657 0.41 0.342 0.675 0.739 0.782 0.786 0.704 0.541 0.426 0.314 0.278 0.415 0.645 0.938 0.777 0.18 -0.347 -0.506 -0.563 -0.591 -0.551 -0.57 -0.44 -0.256 -0.176 -0.261 -0.033 -0.362 -0.194 0.141 0.065 -0.331 -0.469 -0.632 -0.919
0.141 0.251 0.148 0.089 0.021 0.096 0.115 0.074 0.187 0.312 0.438 0.418 0.208 0.101 0.014 0.032 0.14 0.064 0.034 0.122 -0.183 -0.451 -0.517 -0.337 -0.227 -0.088 -0.064 -0.115 0.003 0.36 0.795 0.919 0.833 0.591 0.769 0.744 0.757 0.796 0.872 0.831 0.582 0.283 -0.1 0.073 0.373 0.291 0.264 0.249 0.302 0.288 0.082 -0.122 -0.054 0.311 0.795 0.94 0.899 0.527 0.131 -0.052 -0.232 -0.329 -0.395 -0.538 -0.553 -0.589 -0.761 -0.588 -0.22 -0.739 -0.698 -0.32 0.25 -0.082 -0.43 -0.724 -0.947
0.262 0.239 0.11 -0.009 -0.011 0.069 0.171 0.206 0.31 0.399 0.456 0.324 0.019 -0.08 -0.156 0.057 0.034 -0.13 -0.198 0.031 -0.15 -0.387 -0.446 -0.346 -0.358 -0.205 0.17 0.401 0.574 0.759 0.89 0.905 0.655 0.723 0.731 0.387 0.356 0.366 0.578 0.85 0.551 -0.091 -0.424 -0.127 0.061 -0.128 -0.225 -0.156 0.079 -0.028 -0.365 -0.556 -0.227 0.511 0.928 0.943 0.851 0.27 -0.138 -0.137 -0.168 -0.308 -0.451 -0.631 -0.864 -1.049 -1.119 -0.651 -0.316 -1.009 -0.952 -0.537 -0.083 0.127 -0.353 -0.922 -0.919
