data/climatemaps/RS_maps/climate_winter_tmin_2010.asc
NCOLS 369 
NROWS 228 
XLLCORNER 479000 
YLLCORNER 73000 
CELLSIZE 1000 
NODATA_value -9 
[rows 0 to 33 of 228, columns 154 to 230 of 369]
-9 -9 -9 -9 -9 -9 -9 -9 -9 -9 -9 -9 -9 -9 -9 -9 -9 -9 -9 -9 -9 -9 -9 -9 -9 -9 -9 -9 -9 -9 -9 -9 -9 -9 -9 -9 0.49 0.496 0.504 0.513 0.515 0.527 0.52 0.516 0.513 0.496 0.525 0.448 0.416 0.439 0.466 0.466 0.471 0.477 0.482 0.459 0.465 0.473 0.451 0.466 0.485 0.503 0.499 0.51 0.529 0.565 0.597 0.592 0.599 0.595 0.595 0.599 -9 -9 -9 -9 -9
-9 -9 -9 -9 -9 -9 -9 -9 -9 -9 -9 -9 -9 -9 -9 -9 -9 -9 -9 -9 -9 -9 -9 -9 -9 -9 -9 -9 -9 -9 -9 -9 -9 -9 -9 0.512 0.506 0.512 0.525 0.51 0.498 0.506 0.523 0.532 0.538 0.554 0.559 0.479 0.46 0.478 0.49 0.486 0.475 0.457 0.481 0.46 0.452 0.472 0.474 0.497 0.518 0.539 0.528 0.533 0.521 0.575 0.61 0.604 0.612 0.623 0.616 0.621 0.625 0.627 0.625 -9 -9
-9 -9 -9 -9 -9 -9 -9 -9 -9 -9 -9 -9 -9 -9 -9 -9 -9 -9 -9 -9 -9 -9 -9 -9 -9 -9 -9 -9 -9 -9 -9 -9 -9 -9 -9 0.486 0.502 0.497 0.498 0.483 0.484 0.484 0.487 0.487 0.515 0.546 0.575 0.516 0.463 0.488 0.489 0.469 0.462 0.446 0.478 0.464 0.453 0.489 0.508 0.531 0.546 0.542 0.541 0.565 0.553 0.607 0.627 0.628 0.632 0.634 0.633 0.634 0.634 0.64 0.643 0.643 -9
-9 -9 -9 -9 -9 -9 -9 -9 -9 -9 -9 -9 -9 -9 -9 -9 -9 -9 -9 -9 -9 -9 -9 -9 -9 -9 -9 -9 -9 -9 -9 -9 -9 -9 0.446 0.437 0.453 0.457 0.46 0.462 0.467 0.469 0.48 0.492 0.493 0.508 0.554 0.535 0.492 0.52 0.509 0.463 0.456 0.448 0.475 0.474 0.497 0.518 0.538 0.549 0.562 0.546 0.562 0.589 0.608 0.63 0.644 0.644 0.649 0.65 0.65 0.642 0.641 0.656 0.657 0.66 0.639
-9 -9 -9 -9 -9 -9 -9 -9 -9 -9 -9 -9 -9 -9 -9 -9 -9 -9 -9 -9 -9 -9 -9 -9 -9 -9 -9 -9 -9 -9 -9 -9 -9 0.45 0.46 0.445 0.449 0.457 0.461 0.465 0.473 0.483 0.506 0.536 0.517 0.52 0.542 0.568 0.554 0.559 0.523 0.469 0.452 0.465 0.482 0.51 0.531 0.552 0.563 0.571 0.592 0.568 0.583 0.606 0.622 0.616 0.609 0.602 0.629 0.651 0.662 0.66 0.657 0.657 0.66 0.662 0.659
-9 -9 -9 -9 -9 -9 -9 -9 -9 -9 -9 -9 -9 -9 -9 -9 -9 -9 -9 -9 -9 -9 -9 -9 -9 -9 -9 -9 -9 -9 -9 -9 -9 0.479 0.488 0.479 0.472 0.486 0.49 0.49 0.488 0.502 0.516 0.544 0.559 0.552 0.57 0.573 0.583 0.549 0.477 0.474 0.476 0.48 0.506 0.525 0.549 0.56 0.588 0.59 0.604 0.599 0.62 0.64 0.623 0.61 0.614 0.596 0.593 0.606 0.651 0.668 0.665 0.663 0.664 0.662 0.659
-9 -9 -9 -9 -9 -9 -9 -9 -9 -9 -9 -9 -9 -9 -9 -9 -9 -9 -9 -9 -9 -9 -9 -9 -9 -9 -9 -9 -9 -9 -9 -9 0.488 0.503 0.504 0.51 0.502 0.53 0.531 0.516 0.508 0.527 0.524 0.543 0.553 0.59 0.58 0.583 0.58 0.552 0.457 0.478 0.511 0.519 0.538 0.525 0.548 0.568 0.594 0.614 0.63 0.641 0.641 0.636 0.57 0.533 0.6 0.629 0.618 0.602 0.64 0.673 0.674 0.674 0.672 0.662 0.651
-9 -9 -9 -9 -9 -9 -9 -9 -9 -9 -9 -9 -9 -9 -9 -9 -9 -9 -9 -9 -9 -9 -9 -9 -9 -9 -9 -9 -9 -9 -9 0.466 0.489 0.519 0.507 0.516 0.523 0.552 0.574 0.536 0.538 0.559 0.557 0.582 0.563 0.585 0.609 0.599 0.565 0.549 0.457 0.433 0.488 0.508 0.529 0.556 0.564 0.59 0.607 0.622 0.635 0.638 0.639 0.626 0.573 0.548 0.589 0.624 0.63 0.606 0.656 0.679 0.677 0.678 0.669 0.662 0.662
-9 -9 -9 -9 -9 -9 -9 -9 -9 -9 -9 -9 -9 -9 -9 -9 -9 -9 -9 -9 -9 -9 -9 -9 -9 -9 -9 -9 -9 -9 0.47 0.494 0.513 0.54 0.529 0.507 0.511 0.543 0.586 0.586 0.599 0.607 0.616 0.622 0.604 0.616 0.615 0.562 0.584 0.572 0.535 0.432 0.458 0.476 0.514 0.57 0.526 0.573 0.607 0.644 0.634 0.645 0.646 0.634 0.61 0.589 0.611 0.637 0.648 0.631 0.667 0.683 0.677 0.679 0.67 0.669 0.679
-9 -9 -9 -9 -9 -9 -9 -9 -9 -9 -9 -9 -9 -9 -9 -9 -9 -9 -9 -9 -9 -9 -9 -9 -9 -9 -9 -9 -9 -9 0.484 0.5 0.522 0.547 0.558 0.519 0.511 0.537 0.545 0.551 0.565 0.58 0.581 0.596 0.645 0.636 0.598 0.605 0.594 0.602 0.565 0.462 0.492 0.538 0.564 0.552 0.519 0.544 0.576 0.62 0.657 0.64 0.648 0.66 0.646 0.63 0.654 0.662 0.662 0.641 0.66 0.688 0.687 0.685 0.684 0.686 0.69
-9 -9 -9 -9 -9 -9 -9 -9 -9 -9 -9 -9 -9 -9 -9 -9 -9 -9 -9 -9 -9 -9 -9 -9 -9 -9 -9 -9 -9 0.485 0.485 0.506 0.512 0.532 0.571 0.565 0.534 0.536 0.544 0.558 0.576 0.594 0.596 0.619 0.657 0.619 0.641 0.626 0.609 0.598 0.52 0.477 0.519 0.547 0.604 0.582 0.55 0.569 0.58 0.589 0.654 0.654 0.651 0.658 0.671 0.674 0.675 0.671 0.673 0.659 0.666 0.697 0.696 0.693 0.692 0.696 0.697
-9 -9 -9 -9 -9 -9 -9 -9 -9 -9 -9 -9 -9 -9 -9 -9 -9 -9 -9 -9 -9 -9 -9 -9 -9 -9 -9 -9 0.463 0.484 0.516 0.535 0.534 0.543 0.58 0.58 0.556 0.548 0.556 0.563 0.578 0.628 0.629 0.667 0.655 0.656 0.64 0.611 0.571 0.518 0.507 0.49 0.535 0.557 0.592 0.614 0.584 0.583 0.601 0.615 0.65 0.678 0.672 0.662 0.678 0.678 0.659 0.654 0.679 0.676 0.683 0.7 0.702 0.699 0.696 0.698 0.704
-9 -9 -9 -9 -9 -9 -9 -9 -9 -9 -9 -9 -9 -9 -9 -9 -9 -9 -9 -9 -9 -9 -9 -9 -9 -9 -9 -9 0.485 0.498 0.519 0.543 0.552 0.552 0.578 0.59 0.555 0.568 0.584 0.584 0.596 0.628 0.691 0.674 0.672 0.659 0.628 0.618 0.562 0.492 0.49 0.52 0.536 0.557 0.574 0.637 0.608 0.612 0.625 0.649 0.668 0.678 0.68 0.686 0.695 0.687 0.675 0.673 0.691 0.69 0.677 0.699 0.704 0.703 0.697 0.706 0.711
-9 -9 -9 -9 -9 -9 -9 -9 -9 -9 -9 -9 -9 -9 -9 -9 -9 -9 -9 -9 -9 -9 -9 -9 -9 -9 -9 -9 0.506 0.518 0.531 0.551 0.571 0.561 0.583 0.594 0.566 0.6 0.612 0.6 0.618 0.645 0.685 0.652 0.654 0.656 0.639 0.602 0.533 0.483 0.513 0.55 0.58 0.589 0.597 0.649 0.637 0.638 0.655 0.674 0.678 0.674 0.672 0.677 0.698 0.703 0.705 0.704 0.699 0.697 0.695 0.709 0.712 0.71 0.705 0.697 0.704
-9 -9 -9 -9 -9 -9 -9 -9 -9 -9 -9 -9 -9 -9 -9 -9 -9 -9 -9 -9 -9 -9 0.434 0.474 0.563 0.533 0.517 0.546 0.536 0.552 0.557 0.578 0.603 0.59 0.608 0.63 0.587 0.649 0.614 0.621 0.657 0.668 0.69 0.657 0.633 0.652 0.645 0.621 0.592 0.53 0.539 0.578 0.581 0.606 0.619 0.65 0.662 0.665 0.685 0.689 0.68 0.68 0.683 0.676 0.682 0.703 0.709 0.709 0.707 0.702 0.712 0.71 0.714 0.715 0.723 0.722 0.718
-9 -9 -9 -9 -9 -9 -9 -9 -9 -9 -9 -9 -9 -9 -9 -9 -9 -9 0.557 0.518 0.447 0.458 0.469 0.49 0.529 0.601 0.53 0.558 0.569 0.584 0.588 0.608 0.628 0.614 0.636 0.649 0.618 0.679 0.628 0.65 0.692 0.697 0.673 0.657 0.665 0.668 0.662 0.669 0.641 0.573 0.57 0.622 0.596 0.614 0.628 0.654 0.681 0.698 0.699 0.692 0.692 0.698 0.7 0.682 0.661 0.679 0.702 0.709 0.712 0.713 0.715 0.717 0.705 0.708 0.71 0.71 0.714
-9 -9 -9 -9 -9 -9 -9 -9 -9 -9 -9 -9 -9 -9 -9 -9 -9 0.505 0.575 0.483 0.473 0.494 0.511 0.535 0.548 0.643 0.58 0.574 0.599 0.613 0.613 0.636 0.642 0.631 0.673 0.663 0.636 0.698 0.666 0.692 0.709 0.685 0.667 0.676 0.707 0.696 0.694 0.692 0.682 0.649 0.637 0.64 0.63 0.628 0.643 0.676 0.702 0.709 0.699 0.695 0.709 0.717 0.717 0.702 0.668 0.655 0.647 0.647 0.664 0.717 0.722 0.684 0.631 0.621 0.63 0.621 0.635
-9 -9 -9 -9 -9 -9 -9 -9 -9 -9 -9 -9 -9 -9 -9 0.45 0.467 0.505 0.574 0.496 0.499 0.522 0.56 0.572 0.596 0.639 0.649 0.615 0.617 0.64 0.646 0.652 0.65 0.674 0.696 0.665 0.654 0.693 0.715 0.728 0.702 0.68 0.689 0.72 0.73 0.723 0.717 0.713 0.709 0.707 0.702 0.695 0.688 0.681 0.677 0.694 0.72 0.718 0.708 0.713 0.727 0.729 0.729 0.719 0.715 0.703 0.692 0.693 0.694 0.699 0.73 0.707 0.642 0.65 0.647 0.615 0.606
0.529 0.533 0.517 0.474 -9 -9 -9 -9 -9 -9 -9 -9 -9 -9 0.465 0.482 0.501 0.51 0.588 0.527 0.522 0.536 0.579 0.591 0.609 0.61 0.656 0.666 0.666 0.67 0.657 0.648 0.678 0.712 0.685 0.669 0.679 0.701 0.742 0.722 0.696 0.681 0.723 0.744 0.739 0.734 0.728 0.724 0.708 0.704 0.718 0.712 0.692 0.685 0.678 0.713 0.717 0.706 0.726 0.734 0.735 0.73 0.73 0.73 0.73 0.73 0.729 0.725 0.708 0.719 0.731 0.722 0.687 0.663 0.642 0.63 0.629
0.553 0.592 0.511 0.485 0.538 0.541 0.514 0.419 -9 -9 -9 -9 0.444 0.491 0.505 0.527 0.522 0.543 0.59 0.549 0.553 0.56 0.577 0.588 0.602 0.614 0.637 0.689 0.708 0.665 0.641 0.66 0.709 0.722 0.683 0.683 0.705 0.745 0.74 0.712 0.693 0.709 0.746 0.751 0.735 0.72 0.711 0.692 0.687 0.658 0.671 0.674 0.674 0.695 0.719 0.739 0.711 0.66 0.673 0.701 0.727 0.737 0.73 0.715 0.73 0.731 0.728 0.719 0.716 0.733 0.737 0.725 0.682 0.675 0.654 0.667 0.644
0.648 0.645 0.528 0.556 0.592 0.547 0.453 0.43 0.445 -9 -9 0.446 0.448 0.488 0.514 0.549 0.546 0.596 0.586 0.575 0.579 0.585 0.603 0.623 0.631 0.642 0.636 0.699 0.725 0.666 0.653 0.673 0.73 0.748 0.701 0.708 0.725 0.768 0.738 0.711 0.723 0.749 0.756 0.749 0.733 0.702 0.663 0.628 0.633 0.651 0.652 0.66 0.69 0.722 0.742 0.734 0.714 0.691 0.67 0.663 0.701 0.73 0.718 0.715 0.731 0.731 0.723 0.693 0.702 0.718 0.73 0.736 0.722 0.685 0.691 0.708 0.694
0.715 0.697 0.586 0.637 0.562 0.48 0.413 0.447 0.475 0.473 0.476 0.458 0.474 0.506 0.517 0.554 0.592 0.609 0.589 0.608 0.609 0.598 0.614 0.623 0.641 0.694 0.68 0.728 0.725 0.674 0.686 0.695 0.737 0.771 0.738 0.743 0.767 0.765 0.729 0.707 0.743 0.766 0.762 0.756 0.749 0.725 0.673 0.637 0.643 0.652 0.666 0.685 0.713 0.735 0.743 0.754 0.735 0.719 0.683 0.667 0.697 0.728 0.73 0.718 0.73 0.725 0.729 0.736 0.723 0.704 0.717 0.732 0.744 0.741 0.748 0.744 0.739
0.759 0.749 0.656 0.687 0.557 0.447 0.415 0.443 0.469 0.498 0.478 0.486 0.505 0.532 0.549 0.58 0.627 0.608 0.621 0.636 0.634 0.606 0.625 0.656 0.651 0.675 0.723 0.771 0.739 0.699 0.727 0.707 0.756 0.782 0.752 0.778 0.788 0.747 0.71 0.75 0.768 0.767 0.767 0.759 0.725 0.734 0.691 0.672 0.683 0.685 0.697 0.721 0.732 0.737 0.759 0.758 0.754 0.744 0.729 0.699 0.694 0.715 0.725 0.718 0.725 0.719 0.734 0.738 0.709 0.649 0.669 0.702 0.72 0.737 0.749 0.756 0.76
0.779 0.785 0.741 0.694 0.591 0.494 0.444 0.449 0.483 0.506 0.491 0.505 0.536 0.563 0.586 0.625 0.638 0.629 0.653 0.652 0.627 0.642 0.653 0.666 0.715 0.686 0.72 0.801 0.755 0.753 0.754 0.765 0.794 0.791 0.783 0.805 0.78 0.725 0.734 0.783 0.783 0.771 0.763 0.752 0.674 0.678 0.694 0.711 0.712 0.707 0.715 0.736 0.741 0.75 0.773 0.765 0.755 0.752 0.749 0.728 0.715 0.708 0.714 0.715 0.715 0.715 0.736 0.74 0.714 0.657 0.655 0.662 0.673 0.694 0.721 0.721 0.713
0.775 0.804 0.791 0.655 0.532 0.512 0.496 0.503 0.499 0.514 0.501 0.52 0.549 0.59 0.62 0.638 0.667 0.674 0.645 0.64 0.678 0.672 0.724 0.681 0.739 0.715 0.737 0.808 0.815 0.822 0.819 0.815 0.815 0.799 0.81 0.803 0.769 0.749 0.744 0.783 0.774 0.767 0.766 0.71 0.696 0.678 0.682 0.698 0.698 0.719 0.727 0.716 0.745 0.759 0.773 0.773 0.759 0.755 0.751 0.748 0.75 0.728 0.723 0.722 0.715 0.715 0.731 0.74 0.731 0.711 0.691 0.668 0.645 0.655 0.69 0.69 0.68
0.773 0.815 0.8 0.662 0.501 0.51 0.527 0.541 0.562 0.561 0.521 0.538 0.568 0.615 0.655 0.69 0.7 0.683 0.666 0.696 0.726 0.715 0.749 0.727 0.755 0.778 0.772 0.798 0.841 0.845 0.816 0.825 0.829 0.823 0.823 0.791 0.78 0.777 0.783 0.786 0.781 0.765 0.738 0.705 0.696 0.71 0.719 0.71 0.705 0.705 0.706 0.723 0.757 0.767 0.779 0.773 0.777 0.762 0.758 0.754 0.754 0.746 0.74 0.738 0.724 0.716 0.72 0.736 0.736 0.731 0.724 0.71 0.674 0.654 0.659 0.667 0.653
0.766 0.804 0.801 0.712 0.532 0.511 0.549 0.57 0.575 0.597 0.584 0.566 0.581 0.617 0.643 0.697 0.688 0.698 0.728 0.762 0.77 0.77 0.788 0.824 0.846 0.844 0.799 0.836 0.844 0.843 0.837 0.815 0.805 0.809 0.814 0.81 0.805 0.801 0.797 0.791 0.754 0.716 0.719 0.742 0.736 0.737 0.736 0.729 0.735 0.739 0.734 0.737 0.759 0.781 0.79 0.776 0.785 0.773 0.76 0.76 0.756 0.747 0.753 0.746 0.741 0.721 0.715 0.724 0.736 0.727 0.739 0.737 0.728 0.715 0.694 0.676 0.646
0.77 0.789 0.828 0.759 0.585 0.535 0.558 0.581 0.589 0.605 0.615 0.634 0.647 0.637 0.664 0.697 0.731 0.746 0.77 0.781 0.788 0.814 0.848 0.85 0.836 0.853 0.84 0.845 0.838 0.85 0.857 0.842 0.782 0.759 0.799 0.796 0.792 0.775 0.757 0.737 0.696 0.704 0.682 0.724 0.723 0.736 0.744 0.76 0.771 0.77 0.762 0.744 0.759 0.788 0.794 0.783 0.777 0.774 0.777 0.779 0.772 0.764 0.765 0.759 0.739 0.73 0.726 0.72 0.72 0.708 0.728 0.737 0.745 0.74 0.746 0.734 0.726
0.814 0.794 0.838 0.792 0.642 0.565 0.583 0.595 0.613 0.627 0.624 0.651 0.674 0.669 0.685 0.737 0.748 0.766 0.785 0.808 0.839 0.852 0.85 0.842 0.813 0.838 0.85 0.834 0.812 0.812 0.852 0.855 0.825 0.777 0.776 0.765 0.747 0.711 0.684 0.701 0.712 0.706 0.713 0.729 0.735 0.751 0.772 0.791 0.785 0.776 0.769 0.761 0.776 0.797 0.801 0.793 0.783 0.783 0.792 0.789 0.777 0.773 0.773 0.773 0.767 0.766 0.761 0.743 0.73 0.71 0.711 0.726 0.731 0.731 0.731 0.748 0.757
0.841 0.81 0.845 0.789 0.656 0.588 0.589 0.608 0.625 0.653 0.647 0.674 0.705 0.721 0.727 0.749 0.782 0.803 0.823 0.844 0.844 0.838 0.835 0.823 0.825 0.848 0.854 0.829 0.791 0.77 0.825 0.851 0.845 0.827 0.791 0.763 0.726 0.718 0.716 0.757 0.755 0.74 0.776 0.781 0.79 0.793 0.798 0.801 0.788 0.782 0.775 0.773 0.801 0.807 0.808 0.8 0.781 0.776 0.766 0.775 0.76 0.759 0.759 0.762 0.773 0.782 0.772 0.779 0.779 0.771 0.75 0.726 0.732 0.734 0.743 0.756 0.76
0.873 0.868 0.86 0.799 0.686 0.622 0.61 0.626 0.659 0.687 0.694 0.715 0.732 0.754 0.772 0.778 0.805 0.827 0.82 0.828 0.797 0.775 0.793 0.793 0.825 0.85 0.862 0.848 0.806 0.757 0.792 0.821 0.848 0.843 0.808 0.742 0.737 0.76 0.788 0.806 0.773 0.766 0.806 0.812 0.816 0.812 0.808 0.805 0.796 0.767 0.762 0.764 0.813 0.818 0.811 0.796 0.773 0.758 0.733 0.756 0.757 0.757 0.744 0.746 0.746 0.77 0.778 0.781 0.788 0.788 0.788 0.784 0.78 0.78 0.784 0.784 0.788
0.853 0.863 0.874 0.824 0.752 0.682 0.672 0.692 0.706 0.736 0.743 0.757 0.767 0.784 0.794 0.814 0.83 0.826 0.774 0.767 0.751 0.734 0.752 0.779 0.81 0.833 0.853 0.861 0.845 0.778 0.788 0.786 0.826 0.844 0.834 0.797 0.799 0.815 0.83 0.822 0.812 0.803 0.825 0.826 0.824 0.804 0.774 0.768 0.8 0.795 0.768 0.759 0.785 0.794 0.796 0.78 0.777 0.765 0.737 0.739 0.757 0.757 0.741 0.731 0.727 0.733 0.756 0.759 0.766 0.775 0.783 0.791 0.791 0.788 0.789 0.787 0.788
0.856 0.858 0.876 0.848 0.815 0.794 0.785 0.784 0.766 0.766 0.785 0.802 0.806 0.815 0.824 0.84 0.842 0.801 0.781 0.767 0.778 0.762 0.739 0.771 0.785 0.808 0.843 0.861 0.849 0.82 0.812 0.779 0.785 0.804 0.786 0.812 0.812 0.816 0.814 0.806 0.822 0.827 0.83 0.811 0.811 0.821 0.809 0.779 0.793 0.76 0.792 0.781 0.746 0.737 0.773 0.774 0.752 0.746 0.73 0.722 0.756 0.752 0.742 0.741 0.736 0.731 0.747 0.753 0.749 0.758 0.77 0.78 0.78 0.782 0.783 0.784 0.786
0.857 0.867 0.877 0.866 0.85 0.851 0.851 0.849 0.832 0.82 0.825 0.833 0.835 0.83 0.793 0.826 0.807 0.75 0.776 0.801 0.794 0.773 0.739 0.76 0.777 0.803 0.852 0.855 0.838 0.825 0.823 0.786 0.749 0.771 0.769 0.765 0.797 0.791 0.765 0.788 0.788 0.8 0.796 0.759 0.796 0.814 0.806 0.817 0.803 0.773 0.781 0.804 0.722 0.683 0.726 0.754 0.744 0.724 0.714 0.738 0.751 0.759 0.756 0.747 0.731 0.728 0.747 0.755 0.762 0.764 0.764 0.77 0.776 0.77 0.769 0.766 0.777
