data/climatemaps/RS_maps/climate_winter_pr_2007.asc
NCOLS 369 
NROWS 228 
XLLCORNER 479000 
YLLCORNER 73000 
CELLSIZE 1000 
NODATA_value -9 
[rows 102 to 135 of 228, columns 225 to 299 of 369]
0.737 0.553 0.235 0.316 0.509 0.609 0.777 0.991 1.152 1.195 1.187 0.941 0.56 0.083 -0.284 -0.45 -0.404 -0.198 -0.147 -0.034 0.134 0.247 0.21 0.156 0.033 -0.142 -0.343 -0.543 -0.57 -0.425 -0.326 -0.163 0.075 0.41 0.552 0.48 0.328 0.177 0.043 -0.077 -0.18 -0.275 -0.317 -0.262 -0.299 -0.435 -0.432 -0.536 -0.701 -0.817 -0.761 -0.575 -0.579 -0.678 -0.797 -0.942 -1.076 -1.126 -1.106 -0.979 -0.836 -0.777 -0.663 -0.45 -0.353 -0.405 -0.542 -0.622 -0.673 -0.796 -0.894 -0.961 -0.999 -1.036 -1.063
0.958 0.811 0.426 0.419 0.578 0.636 0.717 0.817 0.931 1.031 0.899 0.623 0.298 -0.133 -0.438 -0.452 -0.393 -0.22 -0.056 0.034 0.154 0.282 0.25 0.088 -0.072 -0.253 -0.434 -0.555 -0.558 -0.459 -0.289 -0.124 0.133 0.435 0.513 0.427 0.321 0.241 0.164 0.045 -0.032 -0.141 -0.248 -0.363 -0.453 -0.581 -0.68 -0.782 -0.873 -0.836 -0.644 -0.526 -0.503 -0.593 -0.749 -0.926 -1.089 -1.14 -1.102 -0.982 -0.83 -0.7 -0.636 -0.452 -0.307 -0.347 -0.459 -0.564 -0.558 -0.639 -0.751 -0.862 -0.902 -0.942 -1.001
1.145 0.984 0.641 0.493 0.564 0.674 0.729 0.857 0.843 0.683 0.458 0.242 -0.031 -0.337 -0.485 -0.371 -0.31 -0.3 -0.128 0.046 0.155 0.215 0.186 0.056 -0.174 -0.367 -0.48 -0.47 -0.395 -0.363 -0.184 0 0.208 0.377 0.469 0.459 0.394 0.343 0.294 0.209 0.151 0.041 -0.08 -0.168 -0.216 -0.359 -0.579 -0.837 -0.877 -0.687 -0.49 -0.462 -0.497 -0.595 -0.768 -0.97 -1.115 -1.155 -1.111 -1.003 -0.835 -0.654 -0.598 -0.455 -0.284 -0.288 -0.377 -0.502 -0.457 -0.485 -0.593 -0.734 -0.749 -0.767 -0.855
1.064 0.963 0.795 0.724 0.885 0.878 0.851 0.729 0.49 0.311 0.222 0.11 -0.104 -0.408 -0.503 -0.372 -0.216 -0.261 -0.197 0.017 0.138 0.139 0.068 -0.047 -0.234 -0.369 -0.359 -0.258 -0.199 -0.199 -0.035 0.121 0.228 0.32 0.374 0.388 0.292 0.241 0.232 0.173 0.13 0.094 0.043 -0.044 -0.255 -0.445 -0.651 -0.873 -0.82 -0.655 -0.504 -0.505 -0.528 -0.649 -0.857 -1.046 -1.141 -1.167 -1.122 -0.997 -0.852 -0.656 -0.569 -0.418 -0.259 -0.251 -0.358 -0.425 -0.404 -0.364 -0.464 -0.585 -0.591 -0.613 -0.689
1.016 0.965 0.966 0.919 1.019 0.969 0.749 0.469 0.304 0.259 0.235 0.142 -0.095 -0.436 -0.497 -0.335 -0.172 -0.161 -0.181 0.061 0.178 0.127 -0.001 -0.107 -0.216 -0.193 -0.148 -0.039 -0.021 -0.007 0.168 0.198 0.199 0.261 0.292 0.222 0.136 0.067 0.073 0.055 0.036 -0.007 -0.104 -0.147 -0.288 -0.485 -0.731 -0.862 -0.768 -0.599 -0.568 -0.563 -0.611 -0.744 -0.954 -1.109 -1.167 -1.173 -1.122 -0.983 -0.829 -0.659 -0.545 -0.361 -0.277 -0.292 -0.349 -0.331 -0.343 -0.298 -0.386 -0.443 -0.464 -0.463 -0.543
0.958 1.013 1.069 1.116 1.134 0.918 0.613 0.448 0.369 0.297 0.176 0.047 -0.182 -0.46 -0.431 -0.271 -0.081 -0.063 -0.071 0.201 0.269 0.209 0.131 0.049 -0.089 0.024 0.141 0.158 0.163 0.21 0.297 0.267 0.185 0.214 0.24 0.208 0.136 -0.028 -0.095 -0.068 -0.053 -0.081 -0.152 -0.261 -0.407 -0.597 -0.791 -0.807 -0.728 -0.624 -0.64 -0.677 -0.754 -0.901 -1.069 -1.168 -1.199 -1.179 -1.107 -0.952 -0.779 -0.642 -0.519 -0.379 -0.346 -0.333 -0.304 -0.285 -0.32 -0.301 -0.371 -0.345 -0.361 -0.355 -0.417
0.71 0.832 0.961 1.09 1.067 0.835 0.683 0.581 0.475 0.305 0.147 -0.007 -0.225 -0.439 -0.328 -0.166 0.001 0.033 0.133 0.352 0.44 0.425 0.384 0.233 0.077 0.219 0.3 0.283 0.265 0.275 0.275 0.277 0.205 0.095 0.042 0.052 0.004 -0.065 -0.245 -0.241 -0.207 -0.218 -0.241 -0.352 -0.481 -0.682 -0.813 -0.765 -0.716 -0.72 -0.756 -0.845 -0.948 -1.073 -1.17 -1.221 -1.23 -1.18 -1.068 -0.923 -0.797 -0.716 -0.587 -0.486 -0.422 -0.385 -0.358 -0.361 -0.357 -0.368 -0.376 -0.335 -0.317 -0.326 -0.357
0.375 0.548 0.802 0.94 0.969 0.864 0.832 0.695 0.617 0.399 0.21 0.036 -0.225 -0.382 -0.263 -0.097 0.008 0.099 0.315 0.4 0.525 0.508 0.472 0.361 0.277 0.364 0.323 0.32 0.296 0.265 0.227 0.182 0.118 -0.023 -0.153 -0.198 -0.199 -0.231 -0.367 -0.447 -0.42 -0.387 -0.404 -0.485 -0.58 -0.769 -0.865 -0.823 -0.834 -0.893 -0.949 -1.039 -1.131 -1.191 -1.232 -1.258 -1.237 -1.15 -1.037 -0.969 -0.911 -0.846 -0.74 -0.685 -0.609 -0.578 -0.54 -0.532 -0.51 -0.449 -0.409 -0.401 -0.398 -0.401 -0.378
0.335 0.518 0.797 0.976 1.002 0.956 0.959 0.873 0.719 0.497 0.263 0.006 -0.228 -0.171 -0.212 -0.104 0.003 0.113 0.357 0.408 0.516 0.558 0.464 0.43 0.38 0.353 0.291 0.293 0.28 0.199 0.139 0.056 -0.033 -0.152 -0.342 -0.43 -0.47 -0.457 -0.524 -0.649 -0.659 -0.592 -0.587 -0.639 -0.756 -0.929 -1.01 -1.003 -1.053 -1.119 -1.164 -1.204 -1.234 -1.248 -1.258 -1.268 -1.235 -1.136 -1.089 -1.07 -1.027 -0.968 -0.897 -0.853 -0.796 -0.779 -0.74 -0.718 -0.674 -0.599 -0.543 -0.557 -0.521 -0.441 -0.371
0.52 0.664 0.83 1.082 1.117 1.134 1.121 0.995 0.735 0.524 0.249 -0.106 -0.138 0.031 -0.072 -0.115 -0.025 0.191 0.377 0.444 0.487 0.527 0.421 0.407 0.298 0.284 0.211 0.219 0.262 0.172 0.068 -0.047 -0.187 -0.311 -0.486 -0.625 -0.724 -0.748 -0.791 -0.867 -0.893 -0.834 -0.818 -0.844 -0.942 -1.088 -1.175 -1.207 -1.252 -1.279 -1.286 -1.283 -1.26 -1.232 -1.186 -1.208 -1.247 -1.197 -1.181 -1.162 -1.124 -1.083 -1.04 -1.006 -0.972 -0.948 -0.93 -0.903 -0.833 -0.766 -0.695 -0.693 -0.583 -0.475 -0.418
0.735 0.803 0.945 1.18 1.237 1.27 1.197 0.988 0.696 0.493 0.207 -0.102 -0.011 0.138 0.099 0.01 0.035 0.274 0.333 0.466 0.488 0.398 0.217 0.237 0.151 0.189 0.117 0.104 0.143 0.094 -0.011 -0.113 -0.28 -0.461 -0.641 -0.774 -0.883 -0.943 -0.989 -1.045 -1.081 -1.072 -1.061 -1.084 -1.139 -1.221 -1.289 -1.325 -1.346 -1.343 -1.321 -1.28 -1.209 -1.122 -1.065 -1.133 -1.207 -1.205 -1.175 -1.146 -1.127 -1.119 -1.097 -1.071 -1.051 -1.034 -1.019 -1.006 -0.976 -0.931 -0.864 -0.818 -0.682 -0.594 -0.536
0.921 1.003 1.094 1.171 1.209 1.243 1.19 0.928 0.723 0.621 0.4 0.082 0.074 0.231 0.202 0.108 0.174 0.321 0.331 0.372 0.432 0.408 0.171 -0.012 0 0.086 0.055 -0.037 -0.012 -0.052 -0.198 -0.295 -0.438 -0.623 -0.788 -0.9 -0.984 -1.05 -1.1 -1.156 -1.202 -1.221 -1.24 -1.264 -1.295 -1.334 -1.364 -1.377 -1.38 -1.331 -1.267 -1.195 -1.088 -0.974 -0.973 -1.064 -1.135 -1.085 -1.058 -1.034 -1.01 -1.028 -1.025 -1.013 -0.982 -0.965 -0.954 -0.965 -1.024 -1.022 -0.962 -0.888 -0.797 -0.708 -0.602
1.007 1.054 1.139 1.109 1.125 1.188 1.143 0.94 0.882 0.824 0.529 0.263 0.245 0.311 0.253 0.212 0.323 0.324 0.339 0.3 0.259 0.217 0.059 -0.215 -0.174 -0.058 -0.081 -0.176 -0.197 -0.245 -0.403 -0.513 -0.607 -0.753 -0.917 -1.006 -1.06 -1.13 -1.19 -1.239 -1.283 -1.316 -1.332 -1.356 -1.379 -1.4 -1.416 -1.403 -1.357 -1.264 -1.174 -1.089 -0.972 -0.861 -0.911 -1.025 -1.06 -0.993 -0.938 -0.928 -0.899 -0.916 -0.903 -0.86 -0.829 -0.815 -0.82 -0.859 -0.983 -1.017 -0.95 -0.886 -0.799 -0.726 -0.593
0.911 0.859 0.987 1.025 1.077 1.155 1.054 1.033 1.094 0.967 0.596 0.449 0.524 0.444 0.369 0.343 0.337 0.236 0.204 0.235 0.153 0.001 -0.147 -0.379 -0.383 -0.289 -0.306 -0.357 -0.404 -0.427 -0.593 -0.73 -0.8 -0.903 -1.038 -1.105 -1.147 -1.216 -1.269 -1.305 -1.347 -1.355 -1.365 -1.394 -1.411 -1.438 -1.439 -1.379 -1.296 -1.198 -1.098 -1.001 -0.865 -0.796 -0.861 -0.978 -0.995 -0.932 -0.875 -0.842 -0.814 -0.796 -0.783 -0.692 -0.675 -0.686 -0.728 -0.807 -0.946 -0.971 -0.921 -0.848 -0.739 -0.666 -0.591
0.704 0.773 0.859 0.966 1.048 1.075 0.878 0.873 0.987 0.872 0.708 0.688 0.634 0.478 0.359 0.266 0.213 0.127 0.029 0.099 0.04 -0.14 -0.314 -0.506 -0.602 -0.542 -0.571 -0.578 -0.616 -0.617 -0.753 -0.911 -0.986 -1.052 -1.14 -1.197 -1.234 -1.272 -1.289 -1.302 -1.346 -1.38 -1.361 -1.363 -1.405 -1.455 -1.444 -1.35 -1.284 -1.19 -1.088 -0.98 -0.852 -0.763 -0.798 -0.918 -0.964 -0.913 -0.872 -0.794 -0.755 -0.693 -0.693 -0.571 -0.557 -0.599 -0.678 -0.78 -0.902 -0.897 -0.868 -0.803 -0.693 -0.626 -0.599
0.596 0.811 0.897 0.985 0.896 0.908 0.756 0.763 0.803 0.797 0.693 0.595 0.565 0.422 0.313 0.261 0.23 0.102 -0.085 -0.132 -0.172 -0.321 -0.494 -0.641 -0.779 -0.786 -0.816 -0.814 -0.839 -0.842 -0.93 -1.051 -1.138 -1.18 -1.215 -1.237 -1.245 -1.256 -1.244 -1.231 -1.296 -1.381 -1.352 -1.306 -1.368 -1.445 -1.466 -1.396 -1.305 -1.247 -1.156 -1.025 -0.865 -0.762 -0.772 -0.878 -0.951 -0.929 -0.899 -0.818 -0.72 -0.661 -0.609 -0.511 -0.522 -0.571 -0.656 -0.772 -0.837 -0.814 -0.769 -0.705 -0.66 -0.643 -0.65
0.609 0.77 0.78 0.863 0.871 0.712 0.585 0.609 0.583 0.588 0.572 0.451 0.481 0.444 0.322 0.191 0.1 -0.038 -0.216 -0.384 -0.437 -0.541 -0.697 -0.818 -0.924 -0.971 -0.999 -1.002 -1.028 -1.04 -1.096 -1.166 -1.22 -1.235 -1.222 -1.19 -1.158 -1.167 -1.148 -1.136 -1.243 -1.338 -1.36 -1.279 -1.321 -1.406 -1.46 -1.435 -1.342 -1.325 -1.234 -1.078 -0.896 -0.799 -0.801 -0.839 -0.923 -0.967 -0.937 -0.856 -0.717 -0.653 -0.557 -0.511 -0.528 -0.572 -0.639 -0.752 -0.749 -0.743 -0.711 -0.677 -0.638 -0.651 -0.729
0.52 0.652 0.675 0.673 0.785 0.625 0.423 0.446 0.394 0.445 0.479 0.368 0.245 0.233 0.086 -0.056 -0.179 -0.33 -0.487 -0.617 -0.693 -0.763 -0.868 -0.973 -1.039 -1.059 -1.064 -1.078 -1.114 -1.146 -1.189 -1.225 -1.239 -1.206 -1.12 -1.046 -1.017 -1.038 -1.062 -1.056 -1.157 -1.255 -1.354 -1.285 -1.28 -1.336 -1.413 -1.471 -1.429 -1.389 -1.283 -1.158 -0.987 -0.847 -0.796 -0.791 -0.868 -0.974 -0.975 -0.897 -0.755 -0.647 -0.544 -0.519 -0.538 -0.518 -0.569 -0.706 -0.674 -0.672 -0.647 -0.633 -0.672 -0.698 -0.817
0.485 0.631 0.681 0.587 0.579 0.464 0.272 0.304 0.271 0.254 0.249 0.223 0.035 -0.093 -0.208 -0.333 -0.465 -0.592 -0.734 -0.829 -0.898 -0.952 -1.023 -1.07 -1.06 -1.048 -1.041 -1.046 -1.073 -1.123 -1.197 -1.237 -1.204 -1.118 -1.019 -0.931 -0.9 -0.909 -0.957 -0.923 -1.026 -1.192 -1.325 -1.281 -1.234 -1.305 -1.408 -1.475 -1.472 -1.431 -1.338 -1.229 -1.103 -0.933 -0.801 -0.803 -0.866 -0.976 -0.995 -0.928 -0.803 -0.677 -0.597 -0.542 -0.524 -0.491 -0.594 -0.616 -0.653 -0.647 -0.645 -0.663 -0.68 -0.761 -0.92
0.524 0.69 0.643 0.575 0.482 0.316 0.095 0.097 0.097 0.025 -0.001 -0.054 -0.179 -0.406 -0.522 -0.628 -0.725 -0.82 -0.919 -0.988 -1.031 -1.055 -1.072 -1.05 -1.027 -1.005 -0.984 -0.981 -1.017 -1.089 -1.169 -1.242 -1.187 -1.072 -0.973 -0.862 -0.763 -0.752 -0.809 -0.834 -0.969 -1.133 -1.28 -1.245 -1.208 -1.288 -1.384 -1.46 -1.477 -1.461 -1.397 -1.289 -1.17 -1.009 -0.869 -0.859 -0.922 -1.01 -1.007 -0.948 -0.828 -0.695 -0.628 -0.533 -0.478 -0.541 -0.581 -0.573 -0.635 -0.645 -0.674 -0.72 -0.774 -0.865 -0.994
0.588 0.654 0.585 0.542 0.501 0.337 0.006 -0.122 -0.089 -0.193 -0.253 -0.383 -0.496 -0.667 -0.784 -0.861 -0.92 -0.968 -0.985 -0.998 -1.01 -1.019 -1.027 -0.998 -0.975 -0.958 -0.938 -0.923 -0.973 -1.042 -1.132 -1.23 -1.197 -1.12 -1.034 -0.899 -0.728 -0.611 -0.669 -0.784 -0.982 -1.146 -1.236 -1.184 -1.184 -1.264 -1.36 -1.441 -1.478 -1.476 -1.44 -1.323 -1.181 -1.039 -0.947 -0.944 -1.003 -1.062 -1.038 -0.973 -0.857 -0.752 -0.634 -0.563 -0.549 -0.601 -0.578 -0.585 -0.658 -0.716 -0.739 -0.775 -0.797 -0.911 -1.046
0.65 0.649 0.573 0.5 0.395 0.211 -0.067 -0.31 -0.297 -0.409 -0.515 -0.649 -0.756 -0.849 -0.906 -0.949 -0.962 -0.947 -0.908 -0.899 -0.929 -0.93 -0.943 -0.93 -0.907 -0.896 -0.875 -0.919 -0.979 -1.055 -1.144 -1.228 -1.197 -1.129 -1.037 -0.891 -0.709 -0.557 -0.603 -0.759 -1.005 -1.151 -1.153 -1.122 -1.166 -1.241 -1.339 -1.425 -1.473 -1.485 -1.466 -1.352 -1.227 -1.126 -1.023 -1.029 -1.077 -1.122 -1.105 -1.023 -0.935 -0.824 -0.71 -0.657 -0.634 -0.6 -0.604 -0.683 -0.768 -0.871 -0.875 -0.898 -0.926 -1.034 -1.092
0.615 0.576 0.463 0.307 0.154 -0.042 -0.256 -0.496 -0.55 -0.642 -0.728 -0.821 -0.876 -0.866 -0.855 -0.903 -0.854 -0.815 -0.772 -0.764 -0.824 -0.821 -0.853 -0.877 -0.835 -0.856 -0.906 -0.963 -1.032 -1.108 -1.187 -1.214 -1.144 -1.039 -0.946 -0.801 -0.623 -0.532 -0.632 -0.778 -1.018 -1.107 -1.072 -1.103 -1.158 -1.223 -1.315 -1.405 -1.466 -1.49 -1.481 -1.401 -1.313 -1.2 -1.086 -1.103 -1.137 -1.185 -1.172 -1.073 -0.999 -0.872 -0.795 -0.72 -0.672 -0.686 -0.752 -0.826 -0.906 -1.02 -1.053 -1.057 -1.075 -1.151 -1.123
0.444 0.373 0.229 0.077 -0.139 -0.311 -0.506 -0.674 -0.74 -0.788 -0.832 -0.873 -0.847 -0.757 -0.731 -0.782 -0.729 -0.648 -0.617 -0.631 -0.704 -0.701 -0.746 -0.798 -0.806 -0.867 -0.939 -1.012 -1.089 -1.157 -1.202 -1.177 -1.109 -0.985 -0.863 -0.74 -0.587 -0.554 -0.678 -0.842 -1.036 -1.068 -1.045 -1.093 -1.149 -1.217 -1.306 -1.391 -1.456 -1.49 -1.492 -1.44 -1.349 -1.273 -1.166 -1.163 -1.2 -1.25 -1.23 -1.118 -1 -0.932 -0.877 -0.862 -0.825 -0.873 -0.934 -0.99 -1.067 -1.156 -1.216 -1.205 -1.196 -1.176 -1.14
0.252 0.117 -0.051 -0.215 -0.444 -0.6 -0.704 -0.739 -0.74 -0.744 -0.746 -0.807 -0.762 -0.672 -0.642 -0.625 -0.614 -0.474 -0.447 -0.488 -0.564 -0.591 -0.635 -0.698 -0.774 -0.877 -0.966 -1.054 -1.123 -1.179 -1.176 -1.126 -1.072 -0.97 -0.841 -0.72 -0.607 -0.576 -0.698 -0.876 -1.038 -1.01 -1.03 -1.078 -1.133 -1.204 -1.289 -1.373 -1.44 -1.487 -1.499 -1.48 -1.419 -1.332 -1.248 -1.242 -1.277 -1.307 -1.28 -1.188 -1.065 -1.022 -0.984 -0.999 -0.995 -1.032 -1.11 -1.143 -1.215 -1.284 -1.315 -1.285 -1.244 -1.143 -1.122
0.03 -0.126 -0.328 -0.506 -0.656 -0.726 -0.692 -0.644 -0.609 -0.588 -0.547 -0.706 -0.706 -0.629 -0.546 -0.495 -0.475 -0.312 -0.3 -0.342 -0.405 -0.454 -0.566 -0.652 -0.768 -0.875 -0.99 -1.076 -1.139 -1.166 -1.109 -1.021 -1.011 -0.937 -0.801 -0.681 -0.579 -0.595 -0.716 -0.898 -1.013 -0.968 -1.015 -1.07 -1.125 -1.195 -1.271 -1.355 -1.427 -1.468 -1.458 -1.469 -1.461 -1.413 -1.341 -1.341 -1.356 -1.334 -1.322 -1.257 -1.154 -1.113 -1.122 -1.139 -1.159 -1.168 -1.243 -1.28 -1.344 -1.374 -1.345 -1.287 -1.217 -1.131 -1.089
-0.2 -0.349 -0.522 -0.657 -0.729 -0.681 -0.577 -0.499 -0.439 -0.383 -0.403 -0.579 -0.666 -0.599 -0.496 -0.379 -0.337 -0.191 -0.148 -0.184 -0.264 -0.33 -0.488 -0.63 -0.769 -0.887 -1.007 -1.081 -1.12 -1.125 -1.032 -0.935 -0.895 -0.905 -0.78 -0.642 -0.55 -0.63 -0.768 -0.933 -0.961 -0.945 -1.008 -1.074 -1.131 -1.189 -1.262 -1.325 -1.388 -1.435 -1.404 -1.382 -1.377 -1.388 -1.387 -1.379 -1.38 -1.359 -1.363 -1.33 -1.261 -1.238 -1.26 -1.284 -1.291 -1.299 -1.352 -1.386 -1.409 -1.384 -1.317 -1.259 -1.196 -1.132 -1.085
-0.334 -0.482 -0.624 -0.692 -0.714 -0.585 -0.508 -0.396 -0.296 -0.283 -0.313 -0.443 -0.59 -0.531 -0.426 -0.33 -0.238 -0.131 -0.065 -0.086 -0.152 -0.269 -0.445 -0.62 -0.793 -0.918 -1.002 -1.025 -1.062 -1.078 -0.961 -0.854 -0.785 -0.792 -0.738 -0.603 -0.549 -0.664 -0.833 -0.954 -0.936 -0.932 -0.984 -1.064 -1.125 -1.168 -1.193 -1.205 -1.307 -1.394 -1.374 -1.294 -1.269 -1.294 -1.305 -1.33 -1.361 -1.384 -1.398 -1.393 -1.361 -1.359 -1.378 -1.392 -1.389 -1.396 -1.411 -1.425 -1.429 -1.365 -1.303 -1.264 -1.222 -1.146 -1.098
-0.515 -0.575 -0.624 -0.646 -0.708 -0.644 -0.525 -0.335 -0.183 -0.146 -0.156 -0.22 -0.399 -0.517 -0.458 -0.352 -0.202 -0.091 -0.016 -0.025 -0.131 -0.3 -0.498 -0.68 -0.844 -0.916 -0.928 -0.897 -0.984 -1.033 -0.924 -0.82 -0.73 -0.683 -0.642 -0.52 -0.563 -0.697 -0.869 -0.877 -0.907 -0.916 -0.9 -0.981 -1.028 -1.038 -1.041 -1.069 -1.201 -1.354 -1.349 -1.287 -1.222 -1.215 -1.183 -1.203 -1.269 -1.353 -1.412 -1.434 -1.441 -1.448 -1.447 -1.439 -1.42 -1.403 -1.375 -1.38 -1.421 -1.389 -1.343 -1.323 -1.282 -1.209 -1.176
-0.445 -0.451 -0.503 -0.613 -0.675 -0.605 -0.475 -0.263 -0.068 -0.015 -0.007 -0.029 -0.162 -0.423 -0.493 -0.35 -0.192 -0.076 -0.005 -0.009 -0.105 -0.313 -0.552 -0.741 -0.823 -0.816 -0.792 -0.763 -0.893 -1.005 -0.941 -0.829 -0.704 -0.596 -0.516 -0.485 -0.585 -0.749 -0.824 -0.796 -0.811 -0.865 -0.787 -0.834 -0.861 -0.884 -0.914 -1.011 -1.15 -1.325 -1.317 -1.235 -1.146 -1.116 -1.06 -1.078 -1.163 -1.269 -1.372 -1.433 -1.448 -1.441 -1.432 -1.407 -1.355 -1.326 -1.255 -1.268 -1.319 -1.383 -1.396 -1.352 -1.288 -1.252 -1.223
-0.31 -0.301 -0.372 -0.527 -0.587 -0.46 -0.407 -0.213 0.005 0.1 0.15 0.102 -0.048 -0.294 -0.447 -0.294 -0.123 -0.02 0.02 0.02 -0.055 -0.292 -0.562 -0.71 -0.725 -0.659 -0.658 -0.655 -0.793 -0.949 -0.906 -0.757 -0.619 -0.492 -0.457 -0.486 -0.615 -0.761 -0.776 -0.743 -0.734 -0.765 -0.652 -0.675 -0.729 -0.801 -0.891 -1.015 -1.156 -1.311 -1.323 -1.227 -1.104 -1.029 -0.972 -0.991 -1.06 -1.175 -1.303 -1.396 -1.407 -1.363 -1.357 -1.308 -1.253 -1.224 -1.134 -1.152 -1.155 -1.245 -1.351 -1.365 -1.308 -1.266 -1.272
-0.186 -0.148 -0.248 -0.457 -0.485 -0.334 -0.313 -0.153 0.072 0.174 0.191 0.131 0.006 -0.154 -0.267 -0.223 -0.043 0.05 0.03 -0.013 -0.103 -0.334 -0.554 -0.578 -0.593 -0.561 -0.498 -0.538 -0.668 -0.873 -0.825 -0.727 -0.628 -0.464 -0.419 -0.457 -0.614 -0.705 -0.703 -0.674 -0.668 -0.655 -0.589 -0.634 -0.706 -0.785 -0.888 -1.035 -1.201 -1.321 -1.313 -1.229 -1.106 -0.977 -0.911 -0.917 -0.969 -1.087 -1.227 -1.34 -1.373 -1.307 -1.286 -1.241 -1.169 -1.127 -1.04 -1.045 -1.046 -1.077 -1.221 -1.314 -1.333 -1.33 -1.34
-0.028 -0.021 -0.155 -0.371 -0.392 -0.276 -0.203 -0.095 0.119 0.217 0.219 0.213 0.149 0.07 0.015 -0.088 0.018 0.095 0.076 -0.001 -0.172 -0.346 -0.49 -0.459 -0.432 -0.453 -0.384 -0.443 -0.615 -0.84 -0.792 -0.695 -0.642 -0.489 -0.416 -0.458 -0.605 -0.654 -0.617 -0.608 -0.611 -0.574 -0.564 -0.616 -0.677 -0.782 -0.91 -1.07 -1.228 -1.317 -1.274 -1.192 -1.079 -0.938 -0.856 -0.851 -0.89 -1.007 -1.154 -1.297 -1.365 -1.318 -1.258 -1.197 -1.122 -1.065 -0.971 -0.955 -0.979 -0.981 -1.09 -1.212 -1.298 -1.33 -1.31
0.135 0.041 -0.147 -0.286 -0.254 -0.192 -0.091 0.022 0.228 0.352 0.307 0.338 0.295 0.261 0.19 0.066 0.068 0.146 0.088 0.008 -0.049 -0.237 -0.393 -0.366 -0.325 -0.283 -0.306 -0.432 -0.624 -0.837 -0.813 -0.653 -0.564 -0.456 -0.42 -0.458 -0.602 -0.628 -0.574 -0.592 -0.596 -0.56 -0.563 -0.593 -0.654 -0.771 -0.927 -1.087 -1.236 -1.298 -1.224 -1.128 -1.04 -0.9 -0.813 -0.782 -0.798 -0.933 -1.11 -1.265 -1.361 -1.331 -1.278 -1.201 -1.099 -1.025 -0.953 -0.902 -0.919 -0.894 -0.964 -1.058 -1.194 -1.283 -1.275
