data/climatemaps/RS_maps/climate_breeding_pr_2015.asc
NCOLS 369 
NROWS 228 
XLLCORNER 479000 
YLLCORNER 73000 
CELLSIZE 1000 
NODATA_value -9 
[rows 0 to 33 of 228, columns 228 to 303 of 369]
-9 -9 -9 -9 -9 -9 -9 -9 -9 -9 -9 -9 -9 -9 -9 -9 -9 -9 -9 -9 -9 -9 -9 -9 -9 -9 -9 -9 -9 -9 -9 -9 -9 -9 -9 -9 -9 -9 -9 -9 -9 -9 -9 -9 -9 -9 -9 -9 -9 -9 -9 -9 -9 -9 -9 -9 -9 -9 -9 -9 -9 -9 -9 -9 -9 -9 -9 -9 -9 -9 -9 -9 -9 -9 -9 -9
-0.747 -9 -9 -9 -9 -9 -9 -9 -9 -9 -9 -9 -9 -9 -9 -9 -9 -9 -9 -9 -9 -9 -9 -9 -9 -9 -9 -9 -9 -9 -9 -9 -9 -9 -9 -9 -9 -9 -9 -9 -9 -9 -9 -9 -9 -9 -9 -9 -9 -9 -9 -9 -9 -9 -9 -9 -9 -9 -9 -9 -9 -9 -9 -9 -9 -9 -9 -9 -9 -9 -9 -9 -9 -9 -9 -9
-0.795 -0.763 -9 -9 -9 -9 -9 -9 -9 -9 -9 -9 -9 -9 -9 -9 -9 -9 -9 -9 -9 -9 -9 -9 -9 -9 -9 -9 -9 -9 -9 -9 -9 -9 -9 -9 -9 -9 -9 -9 -9 -9 -9 -9 -9 -9 -9 -9 -9 -9 -9 -9 -9 -9 -9 -9 -9 -9 -9 -9 -9 -9 -9 -9 -9 -9 -9 -9 -9 -9 -9 -9 -9 -9 -9 -9
-0.827 -0.793 -0.751 -0.708 -9 -9 -9 -9 -9 -9 -9 -9 -9 -9 -9 -9 -9 -9 -9 -9 -9 -9 -9 -9 -9 -9 -9 -9 -9 -9 -9 -9 -9 -9 -9 -9 -9 -9 -9 -9 -9 -9 -9 -9 -9 -9 -9 -9 -9 -9 -9 -9 -9 -9 -9 -9 -9 -9 -9 -9 -9 -9 -9 -9 -9 -9 -9 -9 -9 -9 -9 -9 -9 -9 -9 -9
-0.842 -0.811 -0.767 -0.717 -0.655 -9 -9 -9 -9 -9 -9 -9 -9 -9 -9 -9 -9 -9 -9 -9 -9 -9 -9 -9 -9 -9 -9 -9 -9 -9 -9 -9 -9 -9 -9 -9 -9 -9 -9 -9 -9 -9 -9 -9 -9 -9 -9 -9 -9 -9 -9 -9 -9 -9 -9 -9 -9 -9 -9 -9 -9 -9 -9 -9 -9 -9 -9 -9 -9 -9 -9 -9 -9 -9 -9 -9
-0.842 -0.811 -0.765 -0.715 -0.66 -0.606 -9 -9 -9 -9 -9 -9 -9 -9 -9 -9 -9 -9 -9 -9 -9 -9 -9 -9 -9 -9 -9 -9 -9 -9 -9 -9 -9 -9 -9 -9 -9 -9 -9 -9 -9 -9 -9 -9 -9 -9 -9 -9 -9 -9 -9 -9 -9 -9 -9 -9 -9 -9 -9 -9 -9 -9 -9 -9 -9 -9 -9 -9 -9 -9 -9 -9 -9 -9 -9 -9
-0.831 -0.801 -0.755 -0.712 -0.669 -0.614 -0.577 -9 -0.572 -0.564 -0.57 -0.564 -0.557 -0.574 -0.611 -0.646 -0.672 -0.672 -0.642 -9 -9 -9 -9 -9 -9 -9 -9 -9 -9 -9 -9 -9 -9 -9 -9 -9 -9 -9 -9 -9 -9 -9 -9 -9 -9 -9 -9 -9 -9 -9 -9 -9 -9 -9 -9 -9 -9 -9 -9 -9 -9 -9 -9 -9 -9 -9 -9 -9 -9 -9 -9 -9 -9 -9 -9 -9
-0.814 -0.791 -0.754 -0.719 -0.685 -0.641 -0.607 -0.592 -0.582 -0.564 -0.554 -0.538 -0.517 -0.516 -0.549 -0.597 -0.639 -0.662 -0.662 -0.63 -0.583 -0.543 -0.511 -9 -9 -9 -9 -9 -9 -9 -9 -9 -9 -9 -9 -9 -9 -9 -9 -9 -9 -9 -9 -9 -9 -9 -9 -9 -9 -9 -9 -9 -9 -9 -9 -9 -9 -9 -9 -9 -9 -9 -9 -9 -9 -9 -9 -9 -9 -9 -9 -9 -9 -9 -9 -9
-0.798 -0.787 -0.761 -0.733 -0.71 -0.684 -0.66 -0.643 -0.628 -0.608 -0.584 -0.554 -0.522 -0.5 -0.503 -0.536 -0.587 -0.624 -0.646 -0.646 -0.628 -0.606 -0.584 -0.556 -0.538 -0.528 -0.509 -0.483 -0.458 -0.44 -0.448 -0.46 -9 -9 -9 -9 -9 -9 -9 -9 -9 -9 -9 -9 -9 -9 -9 -9 -9 -9 -9 -9 -9 -9 -9 -9 -9 -9 -9 -9 -9 -9 -9 -9 -9 -9 -9 -9 -9 -9 -9 -9 -9 -9 -9 -9
-0.788 -0.783 -0.766 -0.748 -0.738 -0.727 -0.715 -0.702 -0.685 -0.669 -0.643 -0.604 -0.56 -0.519 -0.497 -0.501 -0.525 -0.567 -0.609 -0.635 -0.645 -0.645 -0.637 -0.617 -0.594 -0.576 -0.555 -0.525 -0.492 -0.459 -0.449 -0.451 -0.451 -0.432 -0.375 -0.299 -9 -9 -9 -9 -9 -9 -9 -9 -9 -9 -9 -9 -9 -9 -9 -9 -9 -9 -9 -9 -9 -9 -9 -9 -9 -9 -9 -9 -9 -9 -9 -9 -9 -9 -9 -9 -9 -9 -9 -9
-0.777 -0.776 -0.766 -0.76 -0.761 -0.764 -0.762 -0.755 -0.74 -0.724 -0.703 -0.667 -0.624 -0.577 -0.533 -0.506 -0.504 -0.523 -0.557 -0.603 -0.632 -0.648 -0.654 -0.651 -0.638 -0.615 -0.59 -0.558 -0.522 -0.481 -0.455 -0.446 -0.443 -0.433 -0.395 -0.326 -0.243 -0.16 -9 -9 -9 -9 -9 -9 -9 -9 -9 -9 -9 -9 -9 -9 -9 -9 -9 -9 -9 -9 -9 -9 -9 -9 -9 -9 -9 -9 -9 -9 -9 -9 -9 -9 -9 -9 -9 -9
-0.759 -0.759 -0.758 -0.762 -0.773 -0.784 -0.791 -0.791 -0.784 -0.772 -0.752 -0.716 -0.676 -0.633 -0.583 -0.539 -0.515 -0.513 -0.528 -0.565 -0.604 -0.628 -0.645 -0.654 -0.654 -0.645 -0.623 -0.591 -0.552 -0.506 -0.465 -0.438 -0.428 -0.421 -0.4 -0.348 -0.272 -0.186 -0.082 0.029 -9 -9 -9 -9 -9 -9 -9 -9 -9 -9 -9 -9 -9 -9 -9 -9 -9 -9 -9 -9 -9 -9 -9 -9 -9 -9 -9 -9 -9 -9 -9 -9 -9 -9 -9 -9
-0.727 -0.725 -0.73 -0.743 -0.762 -0.781 -0.796 -0.804 -0.806 -0.802 -0.789 -0.759 -0.721 -0.682 -0.641 -0.6 -0.567 -0.545 -0.541 -0.552 -0.572 -0.595 -0.618 -0.638 -0.648 -0.649 -0.639 -0.611 -0.567 -0.511 -0.461 -0.423 -0.404 -0.395 -0.386 -0.357 -0.298 -0.22 -0.125 -0.016 0.088 0.166 -9 -9 -9 -9 -9 -9 -9 -9 -9 -9 -9 -9 -9 -9 -9 -9 -9 -9 -9 -9 -9 -9 -9 -9 -9 -9 -9 -9 -9 -9 -9 -9 -9 -9
-0.684 -0.67 -0.673 -0.694 -0.72 -0.749 -0.772 -0.79 -0.802 -0.808 -0.805 -0.791 -0.763 -0.728 -0.693 -0.658 -0.623 -0.59 -0.573 -0.56 -0.556 -0.567 -0.586 -0.613 -0.628 -0.636 -0.633 -0.609 -0.557 -0.488 -0.427 -0.389 -0.368 -0.359 -0.358 -0.347 -0.311 -0.254 -0.182 -0.093 0 0.075 0.108 0.104 -9 -9 -9 -9 -9 -9 -9 -9 -9 -9 -9 -9 -9 -9 -9 -9 -9 -9 -9 -9 -9 -9 -9 -9 -9 -9 -9 -9 -9 -9 -9 -9
-0.632 -0.606 -0.602 -0.619 -0.648 -0.684 -0.718 -0.747 -0.772 -0.79 -0.798 -0.795 -0.782 -0.76 -0.733 -0.705 -0.674 -0.642 -0.61 -0.584 -0.567 -0.556 -0.561 -0.589 -0.606 -0.616 -0.617 -0.597 -0.542 -0.468 -0.395 -0.343 -0.322 -0.318 -0.323 -0.324 -0.303 -0.268 -0.223 -0.161 -0.092 -0.025 0.02 0.045 0.043 0.031 -9 -9 -9 -9 -9 -9 -9 -9 -9 -9 -9 -9 -9 -9 -9 -9 -9 -9 -9 -9 -9 -9 -9 -9 -9 -9 -9 -9 -9 -9
-0.561 -0.519 -0.506 -0.517 -0.546 -0.586 -0.628 -0.67 -0.716 -0.751 -0.772 -0.78 -0.776 -0.766 -0.752 -0.735 -0.715 -0.69 -0.657 -0.625 -0.598 -0.574 -0.559 -0.576 -0.589 -0.597 -0.599 -0.585 -0.543 -0.47 -0.393 -0.327 -0.292 -0.284 -0.288 -0.295 -0.285 -0.263 -0.238 -0.2 -0.153 -0.092 -0.044 -0.003 0.013 0.018 0.021 0.025 -9 -9 -9 -9 -9 -9 -9 -9 -9 -9 -9 -9 -9 -9 -9 -9 -9 -9 -9 -9 -9 -9 -9 -9 -9 -9 -9 -9
-0.483 -0.422 -0.389 -0.385 -0.408 -0.453 -0.511 -0.566 -0.635 -0.694 -0.732 -0.747 -0.749 -0.745 -0.739 -0.734 -0.729 -0.717 -0.694 -0.666 -0.638 -0.609 -0.578 -0.572 -0.581 -0.585 -0.584 -0.572 -0.542 -0.485 -0.414 -0.346 -0.298 -0.273 -0.265 -0.265 -0.262 -0.25 -0.237 -0.217 -0.19 -0.144 -0.091 -0.047 -0.015 0.001 0.012 0.022 0.018 0.009 -9 -9 -9 -9 -9 -9 -9 -9 -9 -9 -9 -9 -9 -9 -9 -9 -9 -9 -9 -9 -9 -9 -9 -9 -9 -9
-0.446 -0.367 -0.315 -0.286 -0.294 -0.33 -0.395 -0.476 -0.562 -0.633 -0.68 -0.695 -0.696 -0.693 -0.693 -0.697 -0.706 -0.709 -0.704 -0.688 -0.667 -0.638 -0.605 -0.58 -0.576 -0.573 -0.573 -0.56 -0.536 -0.496 -0.443 -0.381 -0.326 -0.286 -0.259 -0.242 -0.239 -0.232 -0.228 -0.223 -0.207 -0.175 -0.124 -0.079 -0.041 -0.013 0 0.013 0.02 0.022 0.017 -9 -9 -9 -9 -9 -9 -9 -9 -9 -9 -9 -9 -9 -9 -9 -9 -9 -9 -9 -9 -9 -9 -9 -9 -9
-0.429 -0.354 -0.296 -0.255 -0.246 -0.273 -0.335 -0.422 -0.516 -0.584 -0.618 -0.621 -0.612 -0.605 -0.609 -0.624 -0.646 -0.666 -0.678 -0.679 -0.67 -0.65 -0.624 -0.597 -0.578 -0.567 -0.565 -0.552 -0.53 -0.498 -0.458 -0.41 -0.363 -0.318 -0.28 -0.25 -0.236 -0.227 -0.223 -0.223 -0.212 -0.185 -0.141 -0.099 -0.057 -0.025 -0.007 0.009 0.024 0.035 0.038 0.05 0.074 -9 -9 -9 -9 -9 -9 -9 -9 -9 -9 -9 -9 -9 -9 -9 -9 -9 -9 -9 -9 -9 -9 -9
-0.435 -0.38 -0.324 -0.288 -0.276 -0.297 -0.348 -0.422 -0.495 -0.537 -0.54 -0.517 -0.488 -0.473 -0.481 -0.511 -0.552 -0.59 -0.62 -0.637 -0.643 -0.636 -0.622 -0.602 -0.582 -0.563 -0.557 -0.544 -0.523 -0.495 -0.462 -0.423 -0.385 -0.348 -0.312 -0.276 -0.25 -0.234 -0.223 -0.219 -0.209 -0.186 -0.145 -0.103 -0.062 -0.029 -0.007 0.012 0.033 0.051 0.062 0.082 0.114 0.172 -9 -9 -9 -9 -9 -9 -9 -9 -9 -9 -9 -9 -9 -9 -9 -9 -9 -9 -9 -9 -9 -9
-0.448 -0.418 -0.377 -0.348 -0.34 -0.354 -0.387 -0.429 -0.467 -0.471 -0.436 -0.385 -0.336 -0.309 -0.323 -0.365 -0.422 -0.478 -0.528 -0.562 -0.585 -0.594 -0.592 -0.584 -0.573 -0.557 -0.545 -0.529 -0.51 -0.486 -0.458 -0.425 -0.393 -0.36 -0.328 -0.296 -0.265 -0.242 -0.225 -0.211 -0.198 -0.177 -0.145 -0.104 -0.062 -0.031 -0.005 0.017 0.044 0.068 0.086 0.114 0.155 0.22 0.32 -9 -9 -9 -9 -9 -9 -9 -9 -9 -9 -9 -9 -9 -9 -9 -9 -9 -9 -9 -9 -9
-0.447 -0.433 -0.414 -0.395 -0.388 -0.383 -0.386 -0.396 -0.402 -0.377 -0.321 -0.253 -0.193 -0.16 -0.175 -0.22 -0.277 -0.338 -0.394 -0.45 -0.494 -0.519 -0.534 -0.537 -0.536 -0.528 -0.516 -0.502 -0.486 -0.466 -0.443 -0.417 -0.389 -0.36 -0.33 -0.3 -0.27 -0.243 -0.22 -0.201 -0.183 -0.161 -0.134 -0.1 -0.063 -0.029 -0.002 0.023 0.054 0.083 0.106 0.143 0.192 0.265 0.365 0.477 -9 -9 -9 -9 -9 -9 -9 -9 -9 -9 -9 -9 -9 -9 -9 -9 -9 -9 -9 -9
-0.394 -0.397 -0.397 -0.393 -0.377 -0.342 -0.326 -0.32 -0.315 -0.286 -0.226 -0.16 -0.099 -0.072 -0.074 -0.108 -0.16 -0.213 -0.263 -0.318 -0.372 -0.413 -0.443 -0.462 -0.471 -0.471 -0.466 -0.458 -0.447 -0.433 -0.416 -0.395 -0.373 -0.349 -0.323 -0.295 -0.267 -0.238 -0.213 -0.19 -0.168 -0.145 -0.118 -0.088 -0.055 -0.024 0.003 0.03 0.061 0.095 0.126 0.171 0.226 0.292 0.382 0.482 0.568 0.631 -9 -9 -9 -9 -9 -9 -9 -9 -9 -9 -9 -9 -9 -9 -9 -9 -9 -9
-0.315 -0.319 -0.32 -0.329 -0.316 -0.279 -0.266 -0.26 -0.253 -0.23 -0.184 -0.131 -0.083 -0.058 -0.054 -0.069 -0.095 -0.134 -0.171 -0.212 -0.254 -0.297 -0.332 -0.358 -0.377 -0.387 -0.39 -0.392 -0.389 -0.382 -0.373 -0.36 -0.345 -0.327 -0.306 -0.283 -0.257 -0.23 -0.204 -0.179 -0.155 -0.13 -0.103 -0.074 -0.044 -0.015 0.013 0.04 0.069 0.103 0.141 0.193 0.248 0.304 0.372 0.458 0.55 0.644 0.708 -9 -9 -9 -9 -9 -9 -9 -9 -9 -9 -9 -9 -9 -9 -9 -9 -9
-0.25 -0.248 -0.246 -0.254 -0.25 -0.233 -0.231 -0.234 -0.234 -0.22 -0.196 -0.164 -0.133 -0.111 -0.103 -0.105 -0.115 -0.126 -0.137 -0.153 -0.176 -0.204 -0.232 -0.253 -0.271 -0.281 -0.29 -0.298 -0.305 -0.311 -0.312 -0.31 -0.305 -0.295 -0.281 -0.263 -0.241 -0.218 -0.194 -0.169 -0.145 -0.119 -0.092 -0.063 -0.034 -0.006 0.022 0.049 0.077 0.111 0.153 0.206 0.254 0.3 0.364 0.467 0.572 0.66 0.739 0.787 0.813 -9 -9 -9 -9 -9 -9 -9 -9 -9 -9 -9 -9 -9 -9 -9
-0.221 -0.207 -0.192 -0.194 -0.207 -0.212 -0.222 -0.241 -0.252 -0.258 -0.257 -0.249 -0.235 -0.223 -0.214 -0.203 -0.19 -0.173 -0.155 -0.141 -0.139 -0.142 -0.151 -0.161 -0.173 -0.18 -0.184 -0.195 -0.207 -0.223 -0.237 -0.248 -0.255 -0.254 -0.247 -0.236 -0.22 -0.201 -0.181 -0.159 -0.136 -0.111 -0.084 -0.056 -0.027 0.001 0.028 0.055 0.084 0.116 0.156 0.201 0.243 0.289 0.349 0.445 0.547 0.64 0.722 0.776 0.804 0.818 -9 -9 -9 -9 -9 -9 -9 -9 -9 -9 -9 -9 -9 -9
-0.254 -0.215 -0.184 -0.182 -0.206 -0.222 -0.251 -0.279 -0.306 -0.328 -0.342 -0.356 -0.356 -0.351 -0.34 -0.319 -0.292 -0.254 -0.209 -0.165 -0.13 -0.104 -0.088 -0.087 -0.09 -0.092 -0.095 -0.102 -0.115 -0.134 -0.156 -0.178 -0.195 -0.205 -0.207 -0.202 -0.193 -0.18 -0.165 -0.148 -0.128 -0.104 -0.079 -0.052 -0.025 0.003 0.031 0.058 0.086 0.117 0.154 0.194 0.233 0.274 0.324 0.398 0.496 0.588 0.671 0.732 0.767 0.783 -9 -9 -9 -9 -9 -9 -9 -9 -9 -9 -9 -9 -9 -9
-0.334 -0.294 -0.261 -0.252 -0.26 -0.285 -0.323 -0.352 -0.381 -0.405 -0.423 -0.436 -0.443 -0.445 -0.44 -0.421 -0.383 -0.33 -0.261 -0.186 -0.121 -0.074 -0.044 -0.034 -0.033 -0.032 -0.031 -0.029 -0.038 -0.055 -0.077 -0.106 -0.131 -0.149 -0.161 -0.164 -0.161 -0.155 -0.146 -0.135 -0.119 -0.099 -0.076 -0.051 -0.024 0.002 0.029 0.056 0.085 0.115 0.149 0.185 0.221 0.257 0.296 0.356 0.439 0.525 0.602 0.669 0.712 0.731 0.744 -9 -9 -9 -9 -9 -9 -9 -9 -9 -9 -9 -9 -9
-0.395 -0.375 -0.358 -0.352 -0.357 -0.378 -0.4 -0.42 -0.435 -0.446 -0.457 -0.471 -0.484 -0.496 -0.502 -0.489 -0.445 -0.369 -0.287 -0.195 -0.113 -0.06 -0.033 -0.02 -0.016 -0.009 -0.001 0.011 0.008 -0.002 -0.017 -0.044 -0.067 -0.09 -0.109 -0.121 -0.127 -0.127 -0.125 -0.119 -0.108 -0.092 -0.072 -0.049 -0.025 0.001 0.026 0.054 0.082 0.112 0.144 0.176 0.208 0.239 0.271 0.318 0.387 0.457 0.529 0.598 0.644 0.669 0.684 0.701 -9 -9 -9 -9 -9 -9 -9 -9 -9 -9 -9 -9
-0.469 -0.454 -0.441 -0.44 -0.444 -0.45 -0.454 -0.451 -0.44 -0.428 -0.426 -0.439 -0.465 -0.492 -0.511 -0.514 -0.483 -0.407 -0.319 -0.229 -0.145 -0.092 -0.068 -0.055 -0.044 -0.032 -0.014 0.006 0.014 0.013 0.004 -0.014 -0.031 -0.048 -0.064 -0.075 -0.085 -0.095 -0.1 -0.101 -0.094 -0.083 -0.067 -0.047 -0.025 -0.001 0.024 0.051 0.08 0.109 0.139 0.169 0.198 0.225 0.253 0.288 0.339 0.396 0.458 0.523 0.572 0.602 0.616 0.634 -9 -9 -9 -9 -9 -9 -9 -9 -9 -9 -9 -9
-0.543 -0.527 -0.516 -0.51 -0.503 -0.492 -0.467 -0.427 -0.377 -0.334 -0.319 -0.332 -0.371 -0.424 -0.467 -0.492 -0.493 -0.456 -0.383 -0.304 -0.233 -0.183 -0.155 -0.137 -0.119 -0.096 -0.067 -0.035 -0.012 0.001 0.001 -0.014 -0.026 -0.033 -0.038 -0.037 -0.045 -0.058 -0.071 -0.08 -0.079 -0.072 -0.059 -0.042 -0.023 -0.001 0.023 0.049 0.077 0.106 0.135 0.164 0.19 0.215 0.239 0.267 0.303 0.348 0.401 0.46 0.508 0.54 0.558 0.573 -9 -9 -9 -9 -9 -9 -9 -9 -9 -9 -9 -9
-0.572 -0.562 -0.553 -0.544 -0.525 -0.492 -0.438 -0.356 -0.269 -0.202 -0.181 -0.2 -0.247 -0.319 -0.389 -0.435 -0.459 -0.455 -0.423 -0.374 -0.324 -0.283 -0.251 -0.225 -0.196 -0.16 -0.121 -0.078 -0.045 -0.024 -0.016 -0.019 -0.024 -0.027 -0.025 -0.018 -0.022 -0.034 -0.047 -0.059 -0.062 -0.058 -0.049 -0.036 -0.02 0 0.022 0.048 0.075 0.103 0.131 0.159 0.184 0.207 0.228 0.252 0.28 0.318 0.365 0.418 0.464 0.498 0.521 0.534 0.551 0.582 -9 -9 -9 -9 -9 -9 -9 -9 -9 -9
-0.561 -0.556 -0.554 -0.541 -0.509 -0.463 -0.395 -0.303 -0.203 -0.118 -0.085 -0.105 -0.159 -0.234 -0.305 -0.356 -0.394 -0.407 -0.4 -0.381 -0.352 -0.323 -0.296 -0.268 -0.235 -0.193 -0.152 -0.105 -0.063 -0.032 -0.014 -0.008 -0.01 -0.012 -0.011 -0.007 -0.009 -0.017 -0.028 -0.039 -0.044 -0.044 -0.038 -0.028 -0.014 0.003 0.023 0.047 0.073 0.101 0.128 0.154 0.178 0.199 0.219 0.24 0.265 0.299 0.344 0.394 0.442 0.48 0.504 0.517 0.528 0.551 0.602 -9 -9 -9 -9 -9 -9 -9 -9 -9
-0.51 -0.509 -0.519 -0.511 -0.483 -0.44 -0.38 -0.299 -0.197 -0.102 -0.052 -0.062 -0.112 -0.179 -0.233 -0.275 -0.304 -0.323 -0.326 -0.324 -0.315 -0.304 -0.287 -0.264 -0.229 -0.192 -0.151 -0.094 -0.04 0 0.019 0.025 0.026 0.022 0.021 0.017 0.013 0.006 -0.004 -0.015 -0.023 -0.026 -0.023 -0.016 -0.006 0.009 0.026 0.048 0.072 0.098 0.124 0.149 0.172 0.192 0.211 0.23 0.254 0.287 0.331 0.383 0.434 0.476 0.502 0.517 0.525 0.543 0.595 0.741 1.061 -9 -9 -9 -9 -9 -9 -9
