data/climatemaps/RS_maps/climate_postbreed_tmp_2012.asc
NCOLS 369 
NROWS 228 
XLLCORNER 479000 
YLLCORNER 73000 
CELLSIZE 1000 
NODATA_value -9 
[rows 170 to 203 of 228, columns 231 to 307 of 369]
-0.892 -0.761 -0.646 -0.622 -0.108 -0.003 0.425 1.11 1.485 1.095 0.39 -0.053 -0.323 -0.432 -0.663 -1.205 -1.042 -0.497 0.192 0.399 -0.259 -0.961 -0.807 -0.18 0.813 1.299 0.722 0.123 -0.041 -0.275 -0.06 -0.862 -1.111 -0.83 -0.383 0.047 0.277 0.677 0.957 1.479 1.591 1.243 0.683 0.346 0.296 0.108 0.26 -0.083 -0.327 -0.243 -0.343 -0.556 -0.935 -1.138 -0.769 -0.822 -0.683 -1.061 -1.631 -1.212 -1.336 -1.856 -2.093 -1.592 -1.646 -1.976 -1.549 -1.067 -0.533 -0.44 -0.796 -1.113 -0.814 -0.245 0.029 -0.159 -0.49
-0.814 -0.992 -0.899 -0.655 -0.4 -0.501 0.094 0.89 1.464 1.377 0.703 0.091 -0.049 -0.545 -0.854 -1.182 -0.809 -0.272 0.413 0.379 -0.279 -0.86 -0.159 0.378 1.281 1.184 0.416 -0.11 0.088 -0.58 -0.095 -0.688 -0.877 -0.465 -0.32 0.134 0.655 1.051 1.435 1.628 1.532 1.173 0.709 0.256 -0.193 -0.534 -0.225 -0.279 -0.744 -0.896 -0.939 -0.951 -0.907 -1.198 -1.379 -1.575 -1.525 -1.57 -1.7 -1.338 -1.408 -1.653 -1.944 -1.816 -1.801 -1.858 -1.356 -0.882 -0.746 -0.869 -0.794 -1.277 -1.115 -0.646 0.011 0.01 -0.446
-0.769 -0.772 -0.775 -0.909 -0.628 -0.376 0.127 0.763 1.356 1.481 0.974 0.316 -0.226 -0.802 -1.221 -1.025 -0.701 -0.237 0.4 0.496 -0.193 -0.696 0.148 1.014 1.39 0.877 0.112 -0.416 0.046 -0.617 -0.309 -0.781 -0.745 -0.344 -0.051 0.036 0.586 1.144 1.573 1.675 1.543 1.112 0.65 0.23 -0.125 -0.613 -0.742 -0.658 -0.985 -1.323 -0.999 -0.562 -0.487 -1.097 -1.59 -1.57 -1.593 -1.812 -1.827 -1.698 -1.484 -1.092 -1.438 -1.642 -1.758 -1.76 -1.415 -1.164 -1.375 -1.225 -0.934 -1.502 -1.284 -0.948 -0.109 0.295 -0.057
-0.459 -0.231 -0.651 -0.659 -0.208 0.142 0.395 0.515 1.213 1.533 1.266 0.661 0.004 -0.539 -0.998 -0.712 -0.45 -0.318 0.198 0.674 -0.187 -0.193 0.305 1.211 1.256 0.46 -0.293 -0.756 -0.267 -0.583 -0.682 -0.773 -0.466 -0.163 0.045 0.198 0.576 0.959 1.541 1.699 1.687 1.359 0.602 -0.036 -0.436 -0.749 -0.838 -0.88 -0.943 -1.064 -0.711 -0.128 -0.459 -1.354 -1.439 -1.169 -1.086 -1.5 -1.416 -1.455 -1.121 -0.721 -0.901 -1.032 -1.172 -1.386 -1.668 -1.745 -1.935 -1.565 -1.23 -1.397 -1.207 -0.822 -0.134 0.478 0.511
0.044 -0.22 -0.746 -0.585 -0.261 0.11 0.146 0.112 1.094 1.539 1.504 1.012 0.49 0.064 -0.622 -0.661 -0.316 0.178 0.583 0.415 -0.168 0.243 0.816 1.412 0.942 0.137 -0.537 -0.776 -0.685 -0.722 -0.866 -0.473 -0.209 -0.016 0.167 0.273 0.661 0.753 1.265 1.703 1.726 1.595 0.88 0.203 -0.417 -0.714 -0.598 -0.396 -0.334 -0.414 -0.273 0.091 -0.46 -1.226 -1.116 -0.753 -0.812 -1.293 -0.925 -0.963 -0.831 -0.427 -0.265 -0.475 -0.681 -1.118 -1.644 -2.075 -2.189 -1.752 -1.558 -1.287 -0.887 -0.403 0.056 0.623 0.627
-0.004 -0.51 -0.787 -0.906 -0.507 0.109 -0.208 -0.064 0.723 1.417 1.548 1.358 0.897 0.245 -0.402 -0.752 -0.274 0.26 0.788 0.253 0.184 0.567 1.133 1.425 0.757 0.222 0.049 -0.166 -0.712 -0.889 -0.634 0.007 0.164 0.345 0.4 0.526 0.367 0.338 1.016 1.668 1.74 1.723 1.288 0.505 0.129 -0.373 -0.266 0.21 0.344 0.299 0.288 0.14 -0.53 -1.035 -0.947 -0.419 -0.749 -1.092 -0.485 -0.341 -0.184 0.135 0.122 -0.32 -0.717 -1.197 -1.553 -1.815 -1.887 -1.716 -1.521 -1.039 -0.641 -0.232 0.142 0.741 0.42
0.161 -0.096 -0.362 -0.885 -0.436 -0.227 -0.092 0.479 0.702 1.116 1.531 1.55 1.211 0.659 0.008 -0.383 -0.373 0.123 0.68 0.818 0.751 0.874 1.353 1.288 0.551 0.11 -0.044 0.131 -0.306 -0.735 -0.229 0.065 -0.224 0.224 0.029 0.247 -0.054 0.328 1.019 1.529 1.743 1.764 1.686 1.248 0.685 0.124 0.099 0.556 0.043 -0.222 -0.41 -0.3 -0.699 -1.059 -0.649 -0.067 -0.25 -0.501 -0.119 0.41 0.332 0.053 -0.39 -0.764 -1.143 -1.263 -1.293 -1.569 -1.411 -1.377 -1.282 -0.999 -0.618 -0.167 0.047 0.723 0.473
0.127 -0.003 -0.038 -0.655 -0.842 -0.411 0.221 0.169 0.115 0.63 1.378 1.561 1.441 0.985 0.323 0.26 0.177 0.319 0.589 0.888 1.113 1.295 1.455 1.078 0.286 -0.23 -0.513 -0.178 -0.033 -0.589 -0.057 -0.318 -0.361 0.032 -0.347 -0.114 -0.196 0.46 0.71 1.247 1.682 1.77 1.774 1.672 1.049 0.378 0.425 0.555 -0.355 -0.675 -1.016 -0.886 -1.025 -0.995 -0.432 0.042 0.285 0.325 0.523 0.6 -0.171 -0.675 -0.892 -1.016 -1.089 -0.955 -1.237 -1.552 -1.156 -0.974 -0.865 -0.718 -0.431 -0.026 0.287 0.717 0.75
-0.445 -0.628 -0.547 -0.503 -0.694 -0.163 -0.098 -0.188 -0.251 0.371 1.102 1.51 1.565 1.091 0.453 0.876 0.973 1.054 1.167 1.178 1.291 1.461 1.247 0.773 0.201 -0.225 -0.631 -0.599 -0.284 -0.615 -0.311 -0.694 -0.535 -0.465 -0.706 -0.505 -0.427 -0.041 0.265 0.906 1.461 1.776 1.776 1.77 1.243 0.46 0.788 0.647 0.128 -0.331 -1.066 -1.378 -1.451 -1.211 -0.728 -0.528 -0.014 0.154 0.531 0.691 -0.254 -0.849 -0.825 -0.8 -0.736 -0.928 -1.308 -1.378 -1.076 -1.031 -0.872 -0.748 -0.643 -0.281 -0.011 -9 -9
-0.122 -0.552 -0.845 -0.818 -0.736 -0.65 -0.411 -0.524 -0.143 0.347 0.758 1.294 1.583 1.379 0.972 1.364 1.464 1.51 1.532 1.489 1.443 1.13 0.648 0.4 0.21 -0.046 -0.665 -0.928 -0.682 -0.691 -0.561 -0.534 -0.434 -0.489 -0.672 -0.68 -0.553 -0.584 -0.035 0.696 1.194 1.608 -9 1.794 1.666 1.085 1.074 0.668 0.016 -0.559 -1.189 -1.072 -1.085 -1.376 -1.148 -0.909 -0.631 -0.615 0.205 0.845 0.07 -0.272 -0.192 -0.3 -0.617 -0.887 -1.164 -1.272 -0.889 -1.097 -1.022 -1.002 -0.813 -0.583 -0.422 -9 -9
0.455 -0.007 -0.416 -0.438 -0.521 -0.795 -0.631 -0.57 -0.096 0.276 0.575 1.033 1.492 1.578 1.472 1.395 1.231 1.202 1.188 1.149 1.134 1.006 0.598 0.133 -0.15 -0.186 -0.54 -0.893 -0.448 -0.485 -0.228 0.022 0.164 0.023 -0.379 -0.299 -0.224 -0.728 -0.232 0.429 0.496 0.79 -9 -9 1.788 1.708 1.293 0.812 0.326 -0.268 -0.827 -0.626 -0.713 -1.196 -1.06 -0.99 -0.887 -0.584 0.153 0.923 0.446 0.143 -0.258 -0.39 -0.467 -0.746 -0.848 -1.017 -0.748 -0.736 -0.813 -0.748 -0.879 -0.929 -9 -9 -9
0.807 0.37 0.103 -0.069 -0.357 -0.552 -0.285 -0.147 0.076 0.413 0.68 1.045 1.428 1.596 1.453 1.08 0.659 0.502 0.487 0.51 0.742 0.864 0.801 0.349 -0.264 -0.677 -0.775 -0.749 -0.085 -0.338 -0.157 -0.122 0.072 0.413 -0.214 0.087 -0.227 -0.456 -0.24 -0.039 -0.075 -9 -9 -9 -9 -9 1.299 0.53 0.275 0.016 -0.222 -0.288 -0.637 -1.151 -0.966 -0.703 -0.488 -0.195 0.476 0.918 0.298 0.108 -0.084 -0.106 0.072 -0.077 -0.394 -0.411 -0.383 -0.265 -0.504 -0.187 -9 -9 -9 -9 -9
0.55 0.329 0.119 -0.058 -0.084 -0.296 0.06 0.349 0.146 0.326 0.743 1.312 1.561 1.515 1.072 0.893 0.701 0.452 0.139 0.025 0.353 0.303 0.566 0.516 0.047 -0.44 -0.613 -0.474 0.083 -0.293 -0.579 -0.436 0.064 0.616 0.405 0.429 -0.053 0.13 0.17 0.312 0.172 -9 -9 -9 -9 -9 -9 0.676 0.476 0.172 -0.146 -0.437 -0.858 -1.227 -1.092 -0.645 -0.172 0.254 0.813 0.639 0.229 0.547 0.419 0.424 0.65 0.528 0.133 0.147 0.199 0.184 0.007 -9 -9 -9 -9 -9 -9
0.586 0.285 0.12 0.199 0.38 0.058 0.184 0.621 0.672 0.755 1.093 1.58 1.62 1.355 0.675 0.444 0.524 0.505 0.328 -0.101 -0.116 -0.009 0.187 0.359 -0.041 -0.439 -0.099 0.223 0.379 -0.131 -0.164 0.021 0.415 0.836 0.961 0.802 0.353 0.574 0.495 0.708 0.592 -9 -9 -9 -9 -9 -9 -9 -9 -9 -9 -0.788 -0.967 -0.999 -0.748 -0.665 -0.206 0.503 1.068 0.58 0.715 1.015 0.969 1.011 1.112 0.809 0.433 -9 -9 -9 -9 -9 -9 -9 -9 -9 -9
0.827 0.767 0.66 0.729 0.73 0.504 0.567 0.746 1.041 1.323 1.483 1.637 1.554 1.227 0.634 0.133 0.081 0.121 0.132 -0.148 -0.505 -0.244 -0.108 -0.04 -0.048 -0.568 -0.305 0.307 0.662 0.299 0.316 0.463 0.438 0.804 1.187 0.972 0.571 0.935 0.869 1.109 1.125 -9 -9 -9 -9 -9 -9 -9 -9 -9 -9 -9 -9 -9 -9 -9 0.114 0.724 1.247 0.873 1.253 1.466 -9 -9 -9 -9 -9 -9 -9 -9 -9 -9 -9 -9 -9 -9 -9
1.382 1.292 1.199 1.235 1.202 1.072 1.156 1.222 1.412 1.598 1.633 1.637 1.446 1.105 0.644 0.25 0.185 0.046 -0.097 -0.234 -0.472 -0.489 -0.276 -0.406 -0.312 -0.57 -0.096 0.414 0.828 0.526 0.602 0.845 0.537 0.723 1.191 1.104 0.789 1.22 1.471 1.558 -9 -9 -9 -9 -9 -9 -9 -9 -9 -9 -9 -9 -9 -9 -9 -9 -9 -9 -9 -9 -9 -9 -9 -9 -9 -9 -9 -9 -9 -9 -9 -9 -9 -9 -9 -9 -9
1.641 1.612 1.58 1.579 1.582 1.546 1.577 1.595 1.637 1.658 1.645 1.599 1.385 1.063 0.829 0.781 0.745 0.563 0.408 0.273 0.068 -0.268 -0.56 -0.665 -0.478 -0.095 0.269 0.608 0.939 0.852 0.876 1.109 0.957 1.057 1.213 1.342 1.209 1.601 1.754 -9 -9 -9 -9 -9 -9 -9 -9 -9 -9 -9 -9 -9 -9 -9 -9 -9 -9 -9 -9 -9 -9 -9 -9 -9 -9 -9 -9 -9 -9 -9 -9 -9 -9 -9 -9 -9 -9
1.662 1.665 1.661 1.66 1.66 1.664 1.663 1.663 1.663 1.663 1.631 1.459 1.181 1.146 1.054 0.962 0.711 0.631 0.456 0.318 -0.017 -0.139 -0.312 -0.276 -0.099 0.19 0.424 0.585 0.719 0.984 1.11 1.214 1.346 1.311 1.265 1.55 1.652 1.79 1.817 -9 -9 -9 -9 -9 -9 -9 -9 -9 -9 -9 -9 -9 -9 -9 -9 -9 -9 -9 -9 -9 -9 -9 -9 -9 -9 -9 -9 -9 -9 -9 -9 -9 -9 -9 -9 -9 -9
1.669 1.669 1.663 1.668 1.668 1.669 1.667 1.648 1.642 1.569 1.369 1.059 0.682 0.498 0.432 0.6 0.326 0.097 -0.098 0.184 -0.214 -0.182 0.162 0.162 0.094 0.1 0.167 0.228 0.368 0.667 0.887 1.063 1.436 1.615 1.606 1.721 1.803 1.819 -9 -9 -9 -9 -9 -9 -9 -9 -9 -9 -9 -9 -9 -9 -9 -9 -9 -9 -9 -9 -9 -9 -9 -9 -9 -9 -9 -9 -9 -9 -9 -9 -9 -9 -9 -9 -9 -9 -9
1.443 1.33 1.448 1.434 1.495 1.502 1.5 1.364 1.236 1.127 0.825 0.532 0.179 0.093 -0.026 0.049 0.395 0.113 -0.281 -0.052 -0.283 0.054 0.301 0.475 0.505 0.5 0.488 0.399 0.568 0.758 0.933 1.197 1.554 1.776 1.807 1.815 1.822 -9 -9 -9 -9 -9 -9 -9 -9 -9 -9 -9 -9 -9 -9 -9 -9 -9 -9 -9 -9 -9 -9 -9 -9 -9 -9 -9 -9 -9 -9 -9 -9 -9 -9 -9 -9 -9 -9 -9 -9
0.752 0.738 1.128 1.207 1.159 0.901 0.953 0.873 0.758 0.706 0.81 0.646 0.371 0.084 -0.262 -0.394 -0.069 -0.011 -0.379 -0.29 -0.291 -0.219 -0.01 0.269 0.526 0.68 0.857 0.887 1.025 1.194 1.293 1.499 1.746 1.809 1.819 1.826 1.829 -9 -9 -9 -9 -9 -9 -9 -9 -9 -9 -9 -9 -9 -9 -9 -9 -9 -9 -9 -9 -9 -9 -9 -9 -9 -9 -9 -9 -9 -9 -9 -9 -9 -9 -9 -9 -9 -9 -9 -9
0.193 0.636 0.674 0.986 1.311 0.867 0.534 0.706 0.731 0.93 0.767 0.661 0.523 0.202 -0.112 -0.308 -0.358 -0.257 -0.35 -0.104 -0.076 -0.38 -0.297 -0.078 0.045 0.269 0.597 0.803 0.954 1.063 1.09 1.406 1.78 1.815 1.817 1.773 1.821 -9 -9 -9 -9 -9 -9 -9 -9 -9 -9 -9 -9 -9 -9 -9 -9 -9 -9 -9 -9 -9 -9 -9 -9 -9 -9 -9 -9 -9 -9 -9 -9 -9 -9 -9 -9 -9 -9 -9 -9
0.165 0.474 0.232 0.773 1.284 1.15 0.849 0.968 0.899 0.85 0.418 0.291 0.316 0.214 0.103 -0.15 -0.434 -0.272 -0.067 0.262 0.152 -0.185 -0.354 -0.303 -0.296 -0.186 0.155 0.359 0.421 0.619 1.018 1.539 1.802 1.822 1.817 1.68 -9 -9 -9 -9 -9 -9 -9 -9 -9 -9 -9 -9 -9 -9 -9 -9 -9 -9 -9 -9 -9 -9 -9 -9 -9 -9 -9 -9 -9 -9 -9 -9 -9 -9 -9 -9 -9 -9 -9 -9 -9
0.088 0.046 0.137 0.692 1.152 1.35 1.129 0.999 0.922 0.6 0.248 0.006 0.095 0.065 0.182 0.099 -0.272 -0.117 0.17 0.534 0.429 0.072 0.017 0 -0.197 -0.275 -0.27 -0.095 -0.038 0.529 1.098 1.601 1.818 1.829 1.829 -9 -9 -9 -9 -9 -9 -9 -9 -9 -9 -9 -9 -9 -9 -9 -9 -9 -9 -9 -9 -9 -9 -9 -9 -9 -9 -9 -9 -9 -9 -9 -9 -9 -9 -9 -9 -9 -9 -9 -9 -9 -9
-0.119 -0.033 0.139 0.68 1.154 1.329 0.933 0.764 0.799 0.401 0.209 0.088 0.259 0.321 0.516 0.505 0.053 -0.047 0.311 0.671 0.609 0.271 0.413 0.268 0.236 -0.108 -0.281 -0.342 -0.116 0.422 0.965 1.566 1.807 1.83 1.823 -9 -9 -9 -9 -9 -9 -9 -9 -9 -9 -9 -9 -9 -9 -9 -9 -9 -9 -9 -9 -9 -9 -9 -9 -9 -9 -9 -9 -9 -9 -9 -9 -9 -9 -9 -9 -9 -9 -9 -9 -9 -9
-0.022 0.29 0.483 0.974 1.388 1.174 0.769 0.775 0.984 0.524 0.449 0.469 0.573 0.714 0.783 0.713 0.385 0.107 0.414 0.762 0.855 0.636 0.749 0.61 0.389 0.088 0.199 -0.059 -0.029 0.525 1.06 1.576 1.812 1.836 -9 -9 -9 -9 -9 -9 -9 -9 -9 -9 -9 -9 -9 -9 -9 -9 -9 -9 -9 -9 -9 -9 -9 -9 -9 -9 -9 -9 -9 -9 -9 -9 -9 -9 -9 -9 -9 -9 -9 -9 -9 -9 -9
-0.048 0.202 0.713 1.084 1.427 1.155 0.867 0.853 1.12 0.782 0.796 0.905 0.916 0.882 0.743 0.691 0.35 0.22 0.442 0.577 0.794 1.035 1.033 0.811 0.306 0.464 0.336 -0.051 0.044 0.606 1.095 1.529 -9 -9 -9 -9 -9 -9 -9 -9 -9 -9 -9 -9 -9 -9 -9 -9 -9 -9 -9 -9 -9 -9 -9 -9 -9 -9 -9 -9 -9 -9 -9 -9 -9 -9 -9 -9 -9 -9 -9 -9 -9 -9 -9 -9 -9
0.167 0.286 0.542 0.947 1.358 1.408 1.133 1.082 1.215 1.09 1.055 0.991 0.82 0.613 0.515 0.464 0.208 0.324 0.625 0.671 0.532 0.975 1.042 0.615 0.501 0.775 0.55 0.203 0.448 0.724 1.199 -9 -9 -9 -9 -9 -9 -9 -9 -9 -9 -9 -9 -9 -9 -9 -9 -9 -9 -9 -9 -9 -9 -9 -9 -9 -9 -9 -9 -9 -9 -9 -9 -9 -9 -9 -9 -9 -9 -9 -9 -9 -9 -9 -9 -9 -9
0.35 0.571 0.432 0.876 1.354 1.507 1.384 1.289 1.313 1.224 1.083 1.037 0.792 0.474 0.257 0.122 0.026 0.222 0.507 0.787 0.728 0.928 1.027 0.456 0.684 0.877 0.429 0.299 0.707 1.09 -9 -9 -9 -9 -9 -9 -9 -9 -9 -9 -9 -9 -9 -9 -9 -9 -9 -9 -9 -9 -9 -9 -9 -9 -9 -9 -9 -9 -9 -9 -9 -9 -9 -9 -9 -9 -9 -9 -9 -9 -9 -9 -9 -9 -9 -9 -9
0.48 0.78 0.608 0.963 1.432 1.48 1.451 1.3 1.359 1.353 1.18 0.921 0.531 0.42 0.46 0.223 0.204 0.523 0.728 1.007 0.979 1.265 1.288 1.029 0.954 1.061 1.033 0.8 1.076 -9 -9 -9 -9 -9 -9 -9 -9 -9 -9 -9 -9 -9 -9 -9 -9 -9 -9 -9 -9 -9 -9 -9 -9 -9 -9 -9 -9 -9 -9 -9 -9 -9 -9 -9 -9 -9 -9 -9 -9 -9 -9 -9 -9 -9 -9 -9 -9
0.607 0.902 0.918 1.047 1.495 1.516 1.441 1.272 1.471 1.442 1.191 0.741 0.509 0.706 0.744 0.74 0.726 0.457 0.684 1.179 1.382 1.521 1.576 1.557 1.415 1.205 1.291 1.172 1.341 -9 -9 -9 -9 -9 -9 -9 -9 -9 -9 -9 -9 -9 -9 -9 -9 -9 -9 -9 -9 -9 -9 -9 -9 -9 -9 -9 -9 -9 -9 -9 -9 -9 -9 -9 -9 -9 -9 -9 -9 -9 -9 -9 -9 -9 -9 -9 -9
0.895 1.051 0.971 1.095 1.519 1.575 1.463 1.379 1.542 1.396 0.994 0.598 0.726 1.022 1.239 1.266 1.023 0.679 1.04 1.483 1.673 1.671 1.637 1.628 1.614 1.522 1.428 1.412 1.462 -9 -9 -9 -9 -9 -9 -9 -9 -9 -9 -9 -9 -9 -9 -9 -9 -9 -9 -9 -9 -9 -9 -9 -9 -9 -9 -9 -9 -9 -9 -9 -9 -9 -9 -9 -9 -9 -9 -9 -9 -9 -9 -9 -9 -9 -9 -9 -9
1.122 1.106 0.92 1.215 1.558 1.6 1.459 1.484 1.588 1.31 0.714 0.447 0.816 1.124 1.446 1.506 1.348 1.387 1.608 1.694 1.614 1.465 1.256 1.202 1.317 1.483 1.534 1.551 -9 -9 -9 -9 -9 -9 -9 -9 -9 -9 -9 -9 -9 -9 -9 -9 -9 -9 -9 -9 -9 -9 -9 -9 -9 -9 -9 -9 -9 -9 -9 -9 -9 -9 -9 -9 -9 -9 -9 -9 -9 -9 -9 -9 -9 -9 -9 -9 -9
1.177 0.951 1.079 1.436 1.614 1.585 1.473 1.581 1.593 1.245 0.785 0.867 1.372 1.628 1.669 1.674 1.687 1.702 1.684 1.581 1.189 0.967 0.618 0.518 0.774 0.988 1.223 1.409 -9 -9 -9 -9 -9 -9 -9 -9 -9 -9 -9 -9 -9 -9 -9 -9 -9 -9 -9 -9 -9 -9 -9 -9 -9 -9 -9 -9 -9 -9 -9 -9 -9 -9 -9 -9 -9 -9 -9 -9 -9 -9 -9 -9 -9 -9 -9 -9 -9
