data/climatemaps/RS_maps/climate_breeding_pr_2010.asc
NCOLS 369 
NROWS 228 
XLLCORNER 479000 
YLLCORNER 73000 
CELLSIZE 1000 
NODATA_value -9 
[rows 136 to 169 of 228, columns 76 to 151 of 369]
-1.356 -1.301 -1.228 -1.172 -1.134 -1.129 -1.136 -1.143 -1.141 -1.121 -1.087 -1.033 -0.995 -1.005 -1.044 -1.093 -1.15 -1.204 -1.278 -1.27 -1.133 -0.924 -0.842 -0.863 -0.821 -0.685 -0.538 -0.43 -0.333 -0.059 0.118 0.177 0.209 0.194 0.303 0.429 0.585 0.482 0.455 0.345 0.035 -0.224 -0.32 -0.195 -0.067 0.069 0.304 0.327 0.428 0.441 0.37 0.209 0.12 -0.017 -0.162 0.055 0.374 0.735 1.073 1.211 1.056 0.819 0.467 0.033 -0.235 -0.199 -0.099 0.029 0.137 0.272 0.395 0.476 0.705 0.814 0.631 0.665
-1.341 -1.277 -1.203 -1.14 -1.11 -1.098 -1.098 -1.107 -1.108 -1.102 -1.088 -1.067 -1.052 -1.057 -1.079 -1.118 -1.17 -1.221 -1.291 -1.289 -1.145 -0.996 -0.956 -0.935 -0.865 -0.751 -0.617 -0.472 -0.366 -0.117 0.039 0.087 0.013 0.058 0.039 0.2 0.371 0.323 0.156 -0.003 -0.221 -0.271 -0.192 0.017 0.174 0.327 0.635 0.636 0.669 0.577 0.426 0.308 0.084 -0.078 -0.065 0.212 0.535 0.905 1.294 1.212 0.929 0.573 0.248 -0.127 -0.268 -0.176 0.007 0.199 0.299 0.331 0.52 0.831 1.008 0.936 0.832 1.034
-1.322 -1.25 -1.179 -1.126 -1.092 -1.076 -1.075 -1.078 -1.077 -1.065 -1.056 -1.049 -1.048 -1.059 -1.086 -1.13 -1.182 -1.234 -1.293 -1.297 -1.179 -1.089 -1.01 -0.931 -0.885 -0.818 -0.71 -0.639 -0.436 -0.225 -0.199 -0.201 -0.277 -0.233 -0.201 0.046 0.28 0.24 0.046 -0.166 -0.324 -0.214 -0.062 0.185 0.442 0.674 0.891 0.8 0.644 0.509 0.302 0.15 -0.007 0.011 0.102 0.386 0.693 1.087 1.264 1.047 0.709 0.327 -0.036 -0.243 -0.273 -0.118 0.172 0.4 0.542 0.487 0.723 0.943 1.171 1.189 1.102 1.353
-1.303 -1.227 -1.159 -1.106 -1.081 -1.065 -1.067 -1.06 -1.035 -0.998 -0.979 -0.984 -0.998 -1.02 -1.062 -1.126 -1.181 -1.234 -1.286 -1.285 -1.193 -1.067 -0.931 -0.803 -0.72 -0.789 -0.827 -0.784 -0.596 -0.52 -0.505 -0.436 -0.377 -0.357 -0.337 -0.034 0.155 0.142 -0.009 -0.248 -0.381 -0.181 0.026 0.306 0.694 0.885 0.934 0.884 0.776 0.468 0.23 0.156 0.165 0.239 0.27 0.611 0.946 1.256 1.154 0.857 0.436 0.022 -0.199 -0.231 -0.205 -0.092 0.24 0.514 0.643 0.769 1.083 1.104 1.215 1.474 1.442 1.677
-1.285 -1.204 -1.131 -1.092 -1.085 -1.075 -1.064 -1.028 -0.968 -0.901 -0.873 -0.894 -0.926 -0.94 -1.006 -1.097 -1.164 -1.227 -1.276 -1.238 -1.078 -0.888 -0.74 -0.724 -0.569 -0.61 -0.763 -0.746 -0.728 -0.695 -0.479 -0.324 -0.255 -0.173 -0.283 -0.152 0.003 0.074 -0.065 -0.314 -0.407 -0.198 0.098 0.439 0.826 0.961 1.181 1.15 1.039 0.501 0.502 0.455 0.431 0.368 0.49 0.791 1.095 1.208 0.927 0.556 0.152 -0.164 -0.238 -0.127 0.023 -0.046 0.132 0.367 0.67 1.059 1.254 1.23 1.352 1.793 1.944 1.904
-1.26 -1.179 -1.123 -1.097 -1.078 -1.069 -1.046 -0.974 -0.878 -0.801 -0.791 -0.832 -0.841 -0.805 -0.916 -1.023 -1.12 -1.195 -1.248 -1.145 -0.925 -0.712 -0.62 -0.621 -0.49 -0.512 -0.67 -0.535 -0.558 -0.559 -0.318 -0.212 -0.101 -0.043 -0.232 -0.122 0.021 0.042 -0.153 -0.355 -0.45 -0.257 0.125 0.536 0.852 1.109 1.379 1.334 0.978 0.55 0.631 0.716 0.704 0.508 0.754 1.024 1.113 0.995 0.706 0.265 -0.062 -0.259 -0.217 0.016 0.212 0.14 0.085 0.327 0.782 1.033 1.079 1.341 1.595 1.849 2.069 2.01
-1.236 -1.174 -1.128 -1.09 -1.067 -1.052 -1.007 -0.907 -0.8 -0.753 -0.787 -0.798 -0.739 -0.717 -0.814 -0.926 -1.054 -1.151 -1.212 -1.102 -0.939 -0.688 -0.521 -0.507 -0.371 -0.374 -0.513 -0.328 -0.236 -0.221 -0.229 -0.035 0.06 -0.037 -0.093 0.093 0.183 0.08 -0.133 -0.28 -0.447 -0.312 0.1 0.454 0.876 1.197 1.252 1.115 0.773 0.692 0.857 0.943 0.831 0.73 0.908 1.272 1.153 0.761 0.49 0.116 -0.153 -0.307 -0.182 0.109 0.41 0.391 0.306 0.308 0.54 0.723 0.945 1.25 1.386 1.738 1.965 1.907
-1.223 -1.168 -1.106 -1.071 -1.06 -1.029 -0.963 -0.864 -0.761 -0.741 -0.759 -0.73 -0.67 -0.672 -0.756 -0.813 -0.97 -1.118 -1.187 -1.117 -0.91 -0.592 -0.474 -0.365 -0.111 -0.217 -0.353 -0.118 -0.073 -0.083 -0.062 0.156 0.18 0.059 0.18 0.341 0.352 0.163 -0.007 -0.256 -0.476 -0.34 -0.053 0.342 0.814 1.192 1.474 1.218 0.804 0.773 0.806 0.992 1.076 1.059 0.987 1.287 0.984 0.641 0.264 -0.009 -0.13 -0.309 -0.184 0.114 0.542 0.619 0.61 0.46 0.733 0.729 0.742 0.911 1.166 1.515 1.805 1.819
-1.205 -1.136 -1.088 -1.063 -1.045 -0.999 -0.907 -0.795 -0.709 -0.709 -0.697 -0.622 -0.585 -0.583 -0.659 -0.698 -0.905 -1.093 -1.174 -1.083 -0.821 -0.535 -0.452 -0.2 0.022 -0.036 -0.154 -0.055 0.019 0.053 0.2 0.328 0.255 0.265 0.466 0.521 0.41 0.317 0.113 -0.271 -0.483 -0.379 -0.084 0.327 0.783 1.198 1.354 1.086 0.982 0.825 0.98 1.05 1.273 1.273 1.156 1.214 0.802 0.386 0.103 0.059 0.065 -0.262 -0.173 0.166 0.606 0.856 0.827 0.608 0.713 0.859 0.911 1.037 1.292 1.554 1.791 1.841
-1.178 -1.116 -1.072 -1.044 -1.022 -0.963 -0.851 -0.734 -0.674 -0.685 -0.625 -0.519 -0.444 -0.511 -0.545 -0.636 -0.877 -1.094 -1.141 -0.991 -0.74 -0.457 -0.323 -0.07 0.162 0.128 -0.027 0.042 0.189 0.261 0.357 0.349 0.34 0.486 0.63 0.593 0.545 0.431 0.17 -0.266 -0.471 -0.384 -0.145 0.174 0.633 1.037 1.165 1.193 1.243 0.945 1.028 1.213 1.379 1.532 1.457 1.083 0.59 0.17 0.085 0.219 0.238 -0.172 -0.139 0.217 0.718 1.036 1.05 0.836 0.691 0.75 0.933 1.221 1.413 1.568 1.585 1.592
-1.147 -1.093 -1.046 -1.021 -0.995 -0.929 -0.826 -0.729 -0.668 -0.662 -0.558 -0.423 -0.394 -0.47 -0.519 -0.668 -0.937 -1.086 -1.081 -0.88 -0.625 -0.352 -0.118 0.082 0.198 0.098 0.04 0.148 0.263 0.239 0.31 0.429 0.482 0.578 0.607 0.552 0.533 0.426 0.104 -0.21 -0.422 -0.416 -0.218 0.105 0.543 0.987 1.243 1.342 1.375 1.118 1.066 1.297 1.407 1.521 1.335 0.862 0.388 0.075 0.181 0.411 0.482 0.011 -0.083 0.26 0.697 1.106 1.261 1.114 1.004 0.895 0.86 1.063 1.328 1.507 1.372 1.237
-1.099 -1.06 -1.018 -0.997 -0.968 -0.902 -0.827 -0.759 -0.688 -0.636 -0.505 -0.409 -0.46 -0.511 -0.576 -0.775 -0.988 -1.052 -0.992 -0.806 -0.583 -0.266 0.014 0.153 0.171 0.099 0.099 0.198 0.229 0.19 0.229 0.429 0.462 0.524 0.558 0.477 0.397 0.303 0.084 -0.064 -0.318 -0.417 -0.16 0.08 0.45 0.841 1.108 1.271 1.417 1.257 1.148 1.274 1.4 1.328 1.064 0.66 0.248 0.079 0.276 0.581 0.706 0.291 0.002 0.206 0.548 0.961 1.225 1.257 1.298 1.204 1.039 0.999 1.189 1.406 1.328 1.079
-1.031 -1.007 -0.974 -0.97 -0.938 -0.861 -0.792 -0.747 -0.69 -0.591 -0.495 -0.44 -0.444 -0.486 -0.665 -0.889 -1.014 -0.987 -0.892 -0.738 -0.495 -0.178 0.059 0.132 0.123 0.038 0.11 0.096 0.16 0.148 0.129 0.318 0.381 0.35 0.347 0.31 0.278 0.248 0.237 0.119 -0.232 -0.367 -0.165 0.003 0.253 0.42 0.694 0.977 1.261 1.387 1.364 1.388 1.429 1.141 0.818 0.432 0.12 0.152 0.384 0.67 0.814 0.557 0.107 0.071 0.408 0.787 1.165 1.379 1.439 1.443 1.286 1.12 1.19 1.428 1.415 1.031
-0.962 -0.944 -0.941 -0.95 -0.901 -0.811 -0.725 -0.688 -0.627 -0.534 -0.452 -0.38 -0.38 -0.481 -0.733 -0.951 -1.011 -0.908 -0.776 -0.642 -0.415 -0.118 0.015 0 -0.04 -0.051 -0.021 -0.055 0.049 0.033 -0.009 0.171 0.191 0.138 0.115 0.178 0.29 0.348 0.428 0.275 -0.14 -0.337 -0.249 -0.124 0.013 0.163 0.503 0.784 1.053 1.311 1.502 1.513 1.311 0.946 0.615 0.251 0.073 0.222 0.465 0.73 0.908 0.702 0.193 0.044 0.366 0.708 1.009 1.231 1.418 1.533 1.528 1.377 1.271 1.422 1.5 1.268
-0.922 -0.906 -0.953 -0.93 -0.834 -0.782 -0.708 -0.642 -0.543 -0.445 -0.352 -0.277 -0.373 -0.566 -0.81 -0.986 -0.982 -0.833 -0.662 -0.545 -0.312 -0.101 -0.083 -0.172 -0.23 -0.216 -0.242 -0.17 -0.094 -0.151 -0.2 -0.055 -0.105 -0.141 -0.05 0.134 0.348 0.451 0.593 0.411 0.026 -0.265 -0.345 -0.254 -0.189 0.077 0.407 0.721 1.043 1.256 1.503 1.475 1.168 0.854 0.509 0.137 0.08 0.281 0.532 0.851 1.019 0.743 0.209 0.013 0.258 0.461 0.66 0.834 1.204 1.459 1.69 1.621 1.437 1.408 1.514 1.336
-0.93 -0.946 -0.97 -0.893 -0.768 -0.717 -0.661 -0.577 -0.495 -0.412 -0.308 -0.301 -0.439 -0.655 -0.87 -0.983 -0.94 -0.822 -0.636 -0.459 -0.291 -0.229 -0.237 -0.255 -0.32 -0.405 -0.425 -0.383 -0.367 -0.42 -0.442 -0.382 -0.406 -0.366 -0.161 0.079 0.314 0.478 0.627 0.503 0.208 -0.052 -0.25 -0.355 -0.3 -0.062 0.213 0.581 1.028 1.219 1.299 1.204 1.035 0.739 0.344 0.081 0.123 0.351 0.641 0.932 0.941 0.606 0.128 -0.036 0.063 0.211 0.363 0.587 1.044 1.434 1.719 1.781 1.667 1.517 1.444 1.31
-0.99 -1.008 -0.987 -0.878 -0.739 -0.687 -0.598 -0.489 -0.413 -0.362 -0.261 -0.312 -0.499 -0.713 -0.891 -0.944 -0.882 -0.798 -0.644 -0.494 -0.418 -0.441 -0.43 -0.358 -0.421 -0.542 -0.562 -0.56 -0.562 -0.579 -0.6 -0.621 -0.624 -0.531 -0.282 -0.028 0.193 0.398 0.563 0.567 0.397 0.232 0 -0.31 -0.356 -0.155 0.06 0.377 0.843 1.02 0.989 0.885 0.77 0.51 0.194 0.1 0.165 0.417 0.748 0.949 0.835 0.453 0.068 0.039 0.113 0.243 0.421 0.633 0.963 1.38 1.66 1.645 1.555 1.484 1.449 1.395
-1.076 -1.058 -1.021 -0.911 -0.756 -0.729 -0.567 -0.422 -0.344 -0.287 -0.206 -0.318 -0.538 -0.697 -0.868 -0.933 -0.896 -0.844 -0.749 -0.637 -0.66 -0.682 -0.638 -0.565 -0.601 -0.612 -0.553 -0.482 -0.48 -0.491 -0.521 -0.657 -0.72 -0.658 -0.425 -0.235 -0.043 0.186 0.395 0.595 0.566 0.477 0.224 -0.157 -0.396 -0.248 0.003 0.245 0.651 0.789 0.783 0.802 0.582 0.398 0.149 0.252 0.26 0.565 0.924 0.93 0.697 0.333 0.066 0.258 0.358 0.439 0.661 0.817 0.998 1.352 1.396 1.313 1.356 1.416 1.469 1.519
-1.138 -1.114 -1.077 -0.99 -0.875 -0.789 -0.646 -0.484 -0.382 -0.245 -0.231 -0.366 -0.474 -0.542 -0.791 -0.945 -0.983 -0.999 -0.934 -0.873 -0.867 -0.822 -0.762 -0.706 -0.615 -0.448 -0.326 -0.241 -0.241 -0.288 -0.421 -0.534 -0.691 -0.717 -0.601 -0.393 -0.124 0.189 0.409 0.6 0.717 0.609 0.395 -0.01 -0.357 -0.367 -0.175 0.078 0.43 0.66 0.751 0.741 0.6 0.474 0.23 0.395 0.606 0.856 1 0.776 0.598 0.307 0.178 0.331 0.438 0.547 0.74 0.981 1.035 1.087 1.129 1.223 1.37 1.482 1.512 1.495
-1.193 -1.169 -1.138 -1.077 -0.982 -0.86 -0.721 -0.552 -0.452 -0.262 -0.25 -0.397 -0.364 -0.357 -0.618 -0.862 -0.993 -1.035 -1.024 -1.007 -0.948 -0.839 -0.745 -0.672 -0.534 -0.252 -0.073 0.059 -0.016 -0.16 -0.31 -0.399 -0.643 -0.711 -0.658 -0.389 -0.149 0.205 0.482 0.525 0.84 0.701 0.537 0.054 -0.316 -0.436 -0.313 -0.072 0.252 0.559 0.617 0.634 0.63 0.582 0.291 0.535 0.921 1.124 0.924 0.674 0.738 0.426 0.113 0.184 0.302 0.408 0.621 0.899 0.787 0.695 0.961 1.24 1.45 1.537 1.467 1.374
-1.231 -1.213 -1.189 -1.142 -1.043 -0.911 -0.818 -0.678 -0.517 -0.316 -0.246 -0.295 -0.311 -0.306 -0.458 -0.625 -0.763 -0.855 -0.917 -0.933 -0.882 -0.75 -0.657 -0.54 -0.431 -0.188 0.067 0.123 0.061 -0.071 -0.207 -0.399 -0.612 -0.593 -0.592 -0.435 -0.123 0.151 0.489 0.517 0.742 0.738 0.46 0.107 -0.214 -0.417 -0.339 -0.105 0.157 0.395 0.546 0.677 0.797 0.747 0.558 0.692 0.894 0.996 0.85 0.774 0.673 0.53 0.457 0.314 0.293 0.302 0.405 0.552 0.508 0.639 1.014 1.298 1.372 1.358 1.314 1.158
-1.248 -1.239 -1.224 -1.198 -1.125 -1.012 -0.924 -0.74 -0.535 -0.308 -0.178 -0.178 -0.258 -0.269 -0.326 -0.423 -0.576 -0.688 -0.74 -0.776 -0.822 -0.7 -0.557 -0.398 -0.318 -0.091 0.166 0.156 0.126 0.024 -0.163 -0.42 -0.565 -0.445 -0.527 -0.504 -0.15 0.065 0.409 0.419 0.629 0.62 0.401 0.196 -0.09 -0.387 -0.379 -0.164 0.09 0.337 0.541 0.711 1.001 0.946 0.807 0.869 1.021 1.029 0.869 0.83 0.641 0.648 0.769 0.694 0.66 0.59 0.344 0.383 0.453 0.775 1.069 1.216 1.173 1.096 1.181 0.938
-1.247 -1.244 -1.241 -1.232 -1.198 -1.101 -0.96 -0.79 -0.553 -0.312 -0.16 -0.117 -0.15 -0.239 -0.254 -0.37 -0.495 -0.519 -0.56 -0.627 -0.718 -0.684 -0.529 -0.337 -0.181 0.022 0.195 0.237 0.186 0.109 -0.045 -0.34 -0.498 -0.405 -0.485 -0.568 -0.355 -0.113 0.148 0.307 0.474 0.469 0.406 0.243 -0.068 -0.294 -0.348 -0.27 -0.046 0.216 0.482 0.802 0.975 0.942 0.924 1.001 1.13 1.139 1.024 0.841 0.771 0.743 0.933 1.029 1.036 0.901 0.695 0.755 0.863 0.906 0.931 0.942 0.921 0.843 0.833 0.732
-1.235 -1.235 -1.239 -1.241 -1.231 -1.161 -1.011 -0.832 -0.616 -0.405 -0.199 -0.073 -0.031 -0.132 -0.214 -0.314 -0.394 -0.4 -0.436 -0.485 -0.541 -0.571 -0.506 -0.345 -0.201 -0.039 0.16 0.29 0.263 0.23 0.057 -0.297 -0.487 -0.407 -0.449 -0.609 -0.539 -0.345 -0.121 0.121 0.303 0.327 0.341 0.191 -0.098 -0.169 -0.187 -0.252 -0.146 0.128 0.448 0.783 0.99 1.069 1.094 1.179 1.284 1.243 1.078 0.9 0.946 0.843 1.009 1.188 1.286 1.072 0.975 1.06 1.076 0.853 0.684 0.623 0.589 0.529 0.495 0.524
-1.213 -1.215 -1.223 -1.233 -1.235 -1.203 -1.051 -0.874 -0.737 -0.529 -0.224 -0.005 0.026 -0.03 -0.117 -0.17 -0.239 -0.264 -0.326 -0.362 -0.331 -0.338 -0.376 -0.282 -0.164 -0.108 0.122 0.318 0.254 0.145 -0.032 -0.333 -0.476 -0.41 -0.439 -0.581 -0.63 -0.488 -0.28 -0.078 0.143 0.224 0.207 0.122 -0.062 -0.064 0.058 -0.014 -0.021 0.239 0.623 0.877 1.15 1.308 1.355 1.372 1.379 1.283 1.074 0.956 1.035 1.046 0.97 1.028 1.107 1.134 1.092 1.052 0.917 0.648 0.422 0.269 0.181 0.201 0.382 0.633
-1.18 -1.187 -1.2 -1.216 -1.227 -1.213 -1.105 -0.946 -0.76 -0.502 -0.21 -0.031 0.032 0.072 0.027 -0.02 -0.066 -0.105 -0.209 -0.248 -0.204 -0.181 -0.216 -0.151 -0.032 -0.079 0.104 0.26 0.164 0.092 -0.056 -0.336 -0.46 -0.395 -0.413 -0.512 -0.624 -0.525 -0.322 -0.146 0.063 0.143 0.156 0.164 0.074 0.055 0.246 0.288 0.265 0.478 0.791 1.042 1.288 1.346 1.38 1.358 1.325 1.262 1.062 0.951 0.948 0.913 0.777 0.764 0.91 1.107 1.046 0.919 0.696 0.369 0.109 -0.044 -0.057 0.144 0.455 0.778
-1.134 -1.149 -1.17 -1.193 -1.211 -1.207 -1.132 -0.921 -0.654 -0.41 -0.21 -0.037 0.099 0.196 0.148 0.104 0.083 -0.016 -0.132 -0.144 -0.119 -0.078 -0.06 -0.034 0.04 0.007 0.137 0.19 0.15 0.17 0.015 -0.299 -0.434 -0.379 -0.344 -0.402 -0.526 -0.469 -0.264 -0.085 0.074 0.16 0.245 0.273 0.244 0.258 0.447 0.588 0.601 0.708 0.899 1.118 1.269 1.261 1.229 1.209 1.203 1.187 0.976 0.796 0.646 0.528 0.498 0.618 0.855 1.012 0.981 0.829 0.478 0.077 -0.144 -0.163 -0.024 0.268 0.568 0.873
-1.069 -1.1 -1.133 -1.166 -1.19 -1.194 -1.126 -0.842 -0.601 -0.416 -0.21 0.027 0.229 0.283 0.194 0.205 0.129 -0.008 -0.11 -0.034 0.007 0.046 0.11 0.095 0.092 0.094 0.182 0.135 0.17 0.208 0.029 -0.294 -0.407 -0.312 -0.237 -0.277 -0.325 -0.333 -0.19 0.005 0.219 0.301 0.354 0.37 0.473 0.53 0.661 0.795 0.861 0.908 0.986 1.091 1.171 1.25 1.234 1.246 1.252 1.242 0.738 0.43 0.285 0.262 0.41 0.672 0.844 0.932 0.897 0.752 0.309 -0.127 -0.165 -0.072 0.106 0.394 0.677 0.886
-0.965 -1.037 -1.092 -1.137 -1.169 -1.167 -1.051 -0.805 -0.594 -0.383 -0.129 0.12 0.28 0.259 0.138 0.091 0.023 -0.076 -0.081 0.034 0.081 0.095 0.128 0.132 0.123 0.147 0.183 0.142 0.182 0.128 -0.069 -0.253 -0.326 -0.226 -0.088 -0.05 -0.106 -0.118 0.006 0.177 0.366 0.473 0.568 0.602 0.66 0.696 0.793 0.889 0.955 0.99 1.02 1.057 1.075 1.112 1.171 1.209 1.185 1.054 0.546 0.194 0.188 0.307 0.475 0.633 0.71 0.806 0.795 0.619 0.166 -0.189 -0.112 0.009 0.209 0.448 0.582 0.647
-0.799 -0.966 -1.048 -1.109 -1.15 -1.137 -0.968 -0.758 -0.559 -0.337 -0.058 0.174 0.223 0.162 0.034 -0.111 -0.126 -0.179 -0.097 -0.007 -0.004 -0.026 -0.033 0.012 0.006 0.065 0.151 0.169 0.129 -0.031 -0.099 -0.074 -0.093 -0.112 0.088 0.178 0.091 0.095 0.33 0.375 0.529 0.695 0.73 0.679 0.73 0.814 0.826 0.819 0.956 0.998 0.955 0.926 0.87 0.859 0.972 1.018 0.915 0.669 0.278 0.074 0.237 0.347 0.47 0.428 0.474 0.66 0.602 0.489 0.015 -0.319 -0.145 0.044 0.226 0.37 0.363 0.303
-0.63 -0.867 -1.005 -1.084 -1.135 -1.14 -1.034 -0.824 -0.627 -0.461 -0.195 0.063 0.081 -0.007 -0.145 -0.255 -0.279 -0.288 -0.249 -0.181 -0.174 -0.202 -0.22 -0.193 -0.147 -0.065 0.027 0.069 0.019 -0.053 0.051 0.183 0.162 0.105 0.182 0.263 0.233 0.293 0.486 0.609 0.674 0.709 0.682 0.609 0.684 0.726 0.713 0.719 0.804 0.866 0.865 0.703 0.605 0.658 0.734 0.783 0.679 0.312 0.032 0.021 0.108 0.183 0.256 0.221 0.269 0.442 0.459 0.298 -0.117 -0.465 -0.334 -0.109 -0.012 0.09 0.128 0.055
-0.454 -0.754 -0.961 -1.061 -1.125 -1.155 -1.109 -0.946 -0.782 -0.595 -0.32 -0.063 -0.096 -0.183 -0.317 -0.344 -0.292 -0.294 -0.285 -0.274 -0.271 -0.297 -0.349 -0.367 -0.305 -0.213 -0.114 -0.014 0.071 0.117 0.204 0.427 0.379 0.254 0.336 0.415 0.4 0.523 0.661 0.782 0.738 0.723 0.673 0.419 0.399 0.473 0.536 0.508 0.588 0.657 0.644 0.509 0.301 0.35 0.419 0.47 0.452 0.035 -0.222 -0.186 -0.111 -0.074 0.016 -0.03 0.021 0.189 0.154 0.025 -0.35 -0.687 -0.497 -0.268 -0.268 -0.192 -0.147 -0.237
-0.312 -0.626 -0.907 -1.04 -1.118 -1.159 -1.151 -1.046 -0.917 -0.69 -0.429 -0.301 -0.286 -0.351 -0.392 -0.276 -0.171 -0.126 -0.055 -0.037 -0.036 -0.124 -0.252 -0.368 -0.31 -0.166 -0.023 0.157 0.309 0.317 0.359 0.522 0.46 0.361 0.406 0.525 0.556 0.579 0.644 0.687 0.658 0.71 0.699 0.521 0.28 0.158 0.255 0.294 0.438 0.411 0.315 0.224 0.056 -0.039 0.008 0.076 0.056 -0.149 -0.421 -0.488 -0.417 -0.327 -0.267 -0.316 -0.271 -0.19 -0.235 -0.363 -0.687 -0.839 -0.64 -0.521 -0.539 -0.485 -0.479 -0.471
-0.275 -0.577 -0.867 -1.018 -1.11 -1.164 -1.184 -1.136 -1.041 -0.8 -0.597 -0.538 -0.494 -0.514 -0.431 -0.226 -0.057 -0.026 0.09 0.115 0.158 0.048 -0.097 -0.282 -0.185 0.023 0.173 0.349 0.51 0.439 0.511 0.642 0.509 0.422 0.453 0.528 0.492 0.485 0.536 0.632 0.635 0.636 0.515 0.404 0.168 -0.126 0.002 0.144 0.226 0.134 -0.002 -0.138 -0.271 -0.431 -0.405 -0.371 -0.376 -0.408 -0.632 -0.764 -0.678 -0.596 -0.575 -0.673 -0.626 -0.57 -0.627 -0.709 -0.986 -1.027 -0.821 -0.809 -0.849 -0.797 -0.821 -0.752
