data/climatemaps/RS_maps/climate_winter_pr_1999.asc
NCOLS 369 
NROWS 228 
XLLCORNER 479000 
YLLCORNER 73000 
CELLSIZE 1000 
NODATA_value -9 
[rows 102 to 135 of 228, columns 231 to 307 of 369]
2.741 3.116 3.408 3.505 3.514 3.109 2.464 1.654 1.035 0.767 0.871 1.256 1.37 1.592 1.913 2.135 2.08 1.99 1.77 1.46 1.106 0.756 0.724 1.01 1.215 1.539 2.004 2.645 2.915 2.775 2.479 2.182 1.914 1.675 1.468 1.279 1.19 1.281 1.202 0.939 0.93 0.73 0.419 0.196 0.287 0.609 0.589 0.391 0.163 -0.099 -0.329 -0.399 -0.338 -0.084 0.194 0.308 0.498 0.85 0.984 0.855 0.586 0.434 0.351 0.159 0.013 -0.085 -0.137 -0.191 -0.227 -0.248 -0.206 -0.09 0.1 0.402 0.638 0.854 0.89
2.627 2.81 3.017 3.203 2.997 2.542 1.999 1.271 0.764 0.764 0.892 1.219 1.534 1.717 1.953 2.201 2.153 1.863 1.578 1.258 0.942 0.737 0.75 0.951 1.287 1.616 2.115 2.697 2.846 2.681 2.473 2.308 2.149 1.912 1.753 1.535 1.324 1.099 0.919 0.667 0.472 0.281 0.11 0.168 0.506 0.712 0.736 0.55 0.253 -0.067 -0.348 -0.419 -0.324 -0.081 0.216 0.455 0.55 0.844 1.062 0.955 0.73 0.536 0.548 0.427 0.256 0.082 0.029 -0.032 -0.129 -0.231 -0.294 -0.271 -0.153 0.114 0.321 0.487 0.512
2.634 2.86 2.848 2.591 2.225 1.873 1.421 0.911 0.678 0.902 1.035 1.077 1.405 1.738 1.955 2.079 2.034 1.8 1.389 1.05 0.86 0.9 1.057 1.137 1.489 1.852 2.259 2.589 2.765 2.743 2.613 2.506 2.4 2.227 2.101 1.881 1.639 1.463 1.354 1.068 0.652 0.18 0.106 0.444 0.796 0.841 0.757 0.554 0.225 -0.138 -0.388 -0.44 -0.334 -0.108 0.218 0.55 0.622 0.841 1.105 1.064 0.884 0.656 0.734 0.701 0.535 0.306 0.293 0.269 0.119 -0.038 -0.161 -0.244 -0.286 -0.177 0.005 0.099 0.128
2.818 2.627 2.236 1.946 1.806 1.626 1.276 0.776 0.638 0.893 1.193 1.139 1.277 1.681 1.918 1.936 1.813 1.609 1.278 1.047 1.086 1.298 1.43 1.452 1.776 2.083 2.298 2.482 2.586 2.61 2.423 2.317 2.286 2.166 2.071 1.987 1.874 1.696 1.287 0.916 0.525 0.12 0.215 0.514 0.785 0.774 0.71 0.466 0.076 -0.265 -0.427 -0.453 -0.346 -0.091 0.196 0.556 0.685 0.916 1.16 1.144 0.937 0.81 0.849 0.928 0.77 0.572 0.571 0.537 0.406 0.245 0.087 -0.054 -0.195 -0.249 -0.225 -0.205 -0.12
2.629 2.174 1.909 1.84 1.806 1.658 1.27 0.714 0.636 0.949 1.262 1.308 1.298 1.754 1.985 1.909 1.685 1.5 1.312 1.371 1.481 1.713 1.771 1.817 2.161 2.229 2.243 2.365 2.426 2.294 2.127 1.988 1.989 1.945 1.899 1.804 1.608 1.51 1.229 0.846 0.386 0.145 0.316 0.626 0.679 0.675 0.566 0.304 -0.087 -0.367 -0.466 -0.459 -0.342 -0.061 0.244 0.56 0.743 1.036 1.152 1.099 0.981 1.007 0.986 1.071 0.926 0.834 0.801 0.806 0.667 0.511 0.367 0.252 0.115 -0.057 -0.2 -0.279 -0.27
2.389 2.124 2.001 1.889 1.69 1.479 1.104 0.66 0.737 1.051 1.414 1.474 1.488 2.001 2.148 2.058 1.927 1.785 1.548 1.774 2.022 2.086 2.121 2.226 2.402 2.357 2.209 2.268 2.317 2.258 2.122 1.806 1.667 1.711 1.73 1.668 1.52 1.298 1.007 0.644 0.281 0.251 0.396 0.584 0.551 0.47 0.313 0.029 -0.284 -0.465 -0.515 -0.465 -0.313 -0.003 0.339 0.599 0.807 1.029 1.057 1.056 1.094 1.121 1.06 1.095 0.973 1.023 0.997 1.012 0.906 0.766 0.661 0.576 0.443 0.224 -0.008 -0.217 -0.338
2.49 2.331 2.166 1.89 1.626 1.367 1.013 0.679 0.9 1.22 1.549 1.639 1.847 2.27 2.456 2.45 2.388 2.127 1.861 2.143 2.322 2.321 2.311 2.345 2.356 2.368 2.236 2.031 1.931 1.951 1.865 1.729 1.381 1.378 1.437 1.408 1.348 1.122 0.867 0.485 0.242 0.33 0.421 0.411 0.337 0.166 -0.036 -0.275 -0.458 -0.553 -0.566 -0.463 -0.243 0.046 0.305 0.468 0.698 0.859 0.949 0.993 1.033 1.023 1.027 1.005 0.988 1.06 1.098 1.085 1.035 0.98 0.914 0.867 0.704 0.478 0.178 -0.129 -0.317
2.724 2.51 2.39 2.03 1.711 1.419 0.995 0.758 0.997 1.327 1.553 1.749 2.166 2.354 2.608 2.599 2.548 2.36 2.229 2.413 2.366 2.385 2.362 2.318 2.255 2.174 2.056 1.793 1.551 1.471 1.473 1.407 1.141 0.985 1.031 1.086 1.04 0.871 0.678 0.324 0.147 0.225 0.206 0.094 -0.016 -0.188 -0.366 -0.486 -0.568 -0.618 -0.576 -0.411 -0.191 -0.042 0.091 0.228 0.425 0.513 0.633 0.673 0.735 0.745 0.779 0.881 0.948 0.961 0.973 0.974 1.022 1.071 1.077 1.005 0.789 0.543 0.229 -0.09 -0.222
2.921 2.792 2.544 2.175 1.777 1.348 0.973 1.095 1.069 1.301 1.53 1.763 2.23 2.359 2.582 2.678 2.523 2.475 2.409 2.386 2.298 2.322 2.316 2.178 2.072 1.92 1.755 1.534 1.184 1.023 0.952 0.971 0.837 0.598 0.576 0.692 0.689 0.579 0.352 0.029 -0.12 -0.107 -0.196 -0.32 -0.408 -0.49 -0.557 -0.591 -0.618 -0.639 -0.577 -0.391 -0.289 -0.232 -0.13 -0.003 0.134 0.209 0.302 0.322 0.387 0.424 0.497 0.626 0.721 0.696 0.768 0.924 1.059 1.143 1.151 1.035 0.791 0.449 0.144 -0.076 -0.102
3.174 2.978 2.552 2.197 1.734 1.148 1.108 1.417 1.293 1.267 1.465 1.881 2.249 2.404 2.508 2.599 2.423 2.412 2.241 2.24 2.128 2.161 2.258 2.106 1.917 1.706 1.448 1.221 0.899 0.646 0.463 0.417 0.33 0.183 0.131 0.231 0.253 0.195 0.008 -0.262 -0.423 -0.48 -0.563 -0.616 -0.636 -0.64 -0.612 -0.574 -0.501 -0.541 -0.605 -0.505 -0.461 -0.408 -0.319 -0.23 -0.143 -0.084 -0.026 0.01 0.038 0.084 0.209 0.325 0.451 0.458 0.667 0.875 0.985 1.126 1.132 1.019 0.774 0.38 0.092 -0.005 0.041
3.283 2.949 2.472 2.13 1.651 1.144 1.307 1.588 1.572 1.465 1.548 2.003 2.151 2.419 2.482 2.339 2.029 2.077 1.945 2.04 1.926 1.92 2.009 1.932 1.747 1.56 1.254 0.925 0.596 0.353 0.152 0.04 -0.049 -0.157 -0.228 -0.216 -0.202 -0.25 -0.356 -0.508 -0.634 -0.7 -0.74 -0.739 -0.708 -0.647 -0.535 -0.394 -0.303 -0.422 -0.543 -0.528 -0.459 -0.391 -0.34 -0.315 -0.272 -0.227 -0.197 -0.17 -0.145 -0.123 -0.065 0.019 0.144 0.234 0.49 0.661 0.771 0.925 1.021 0.898 0.658 0.28 0.056 0.081 0.167
3.251 2.833 2.498 2.325 1.958 1.444 1.448 1.744 1.739 1.619 1.769 2.061 2.118 2.224 2.35 2.32 1.914 1.602 1.644 1.817 1.779 1.63 1.692 1.633 1.375 1.201 0.942 0.607 0.309 0.105 -0.049 -0.172 -0.268 -0.374 -0.462 -0.499 -0.537 -0.584 -0.644 -0.718 -0.776 -0.8 -0.809 -0.727 -0.624 -0.509 -0.335 -0.149 -0.155 -0.31 -0.428 -0.33 -0.265 -0.205 -0.145 -0.173 -0.17 -0.157 -0.109 -0.082 -0.066 -0.08 -0.174 -0.16 -0.043 0.103 0.278 0.448 0.641 0.781 0.847 0.7 0.434 0.138 0.038 0.11 0.15
3.148 2.83 2.739 2.644 2.166 1.742 1.734 1.876 1.817 1.781 2.002 2.039 2.1 2.061 2.01 1.948 1.68 1.212 1.299 1.522 1.497 1.345 1.322 1.246 0.971 0.778 0.612 0.351 0.056 -0.105 -0.205 -0.335 -0.446 -0.539 -0.621 -0.684 -0.715 -0.76 -0.804 -0.846 -0.877 -0.855 -0.776 -0.619 -0.469 -0.332 -0.142 0.039 -0.053 -0.249 -0.305 -0.179 -0.065 -0.026 0.039 0.008 0.024 0.087 0.129 0.146 0.135 0.074 -0.127 -0.168 -0.031 0.099 0.269 0.405 0.643 0.686 0.623 0.443 0.193 0.04 0.047 0.084 0.134
2.969 2.948 3.057 2.86 2.27 2.043 2.185 2.086 1.996 1.983 2 1.857 1.831 1.909 1.786 1.534 1.285 0.893 0.897 1.076 1.061 0.986 0.916 0.886 0.598 0.361 0.24 0.059 -0.182 -0.304 -0.38 -0.506 -0.604 -0.672 -0.749 -0.766 -0.786 -0.838 -0.871 -0.921 -0.927 -0.823 -0.678 -0.512 -0.343 -0.182 0.044 0.152 0.033 -0.172 -0.198 -0.079 0.04 0.121 0.182 0.209 0.221 0.363 0.377 0.346 0.268 0.141 -0.082 -0.101 0.01 0.159 0.368 0.5 0.628 0.557 0.393 0.168 0.041 0.016 0.001 0.147 0.294
2.645 2.652 2.85 2.684 2.434 2.417 2.35 2.123 1.955 1.826 1.759 1.635 1.493 1.635 1.551 1.251 0.962 0.64 0.484 0.599 0.562 0.564 0.509 0.516 0.285 0.013 -0.115 -0.231 -0.385 -0.485 -0.553 -0.622 -0.655 -0.681 -0.763 -0.823 -0.791 -0.796 -0.87 -0.962 -0.945 -0.783 -0.667 -0.505 -0.328 -0.144 0.07 0.215 0.145 -0.068 -0.146 -0.05 0.042 0.205 0.285 0.388 0.374 0.568 0.572 0.481 0.339 0.171 -0.019 0.017 0.095 0.231 0.44 0.559 0.597 0.488 0.212 -0.004 0.046 0.157 0.099 0.054 0.267
2.401 2.429 2.516 2.531 2.383 2.242 2.21 1.999 1.846 1.781 1.748 1.552 1.261 1.202 1.149 0.905 0.62 0.376 0.148 0.146 0.106 0.121 0.088 0.091 -0.055 -0.259 -0.408 -0.478 -0.537 -0.575 -0.59 -0.611 -0.591 -0.574 -0.69 -0.839 -0.789 -0.71 -0.819 -0.956 -0.996 -0.874 -0.714 -0.608 -0.447 -0.219 0.057 0.225 0.197 0.004 -0.126 -0.08 -0.006 0.163 0.349 0.448 0.523 0.674 0.63 0.526 0.371 0.177 0.084 0.152 0.261 0.398 0.487 0.516 0.493 0.327 0.026 -0.085 0.053 0.171 0.237 0.117 0.171
2.08 2.137 2.126 2.161 2.155 1.976 2.037 1.995 1.819 1.627 1.494 1.281 1.003 0.741 0.664 0.498 0.242 0.046 -0.127 -0.197 -0.236 -0.232 -0.268 -0.28 -0.37 -0.484 -0.572 -0.594 -0.57 -0.513 -0.455 -0.473 -0.443 -0.424 -0.612 -0.778 -0.816 -0.678 -0.753 -0.903 -1 -0.955 -0.789 -0.751 -0.585 -0.308 0.011 0.171 0.154 0.073 -0.077 -0.147 -0.073 0.098 0.361 0.471 0.625 0.68 0.625 0.527 0.4 0.209 0.232 0.272 0.358 0.44 0.517 0.491 0.345 0.091 -0.126 -0.127 -0.001 0.152 0.273 0.261 0.141
1.773 1.834 1.787 1.897 1.969 1.801 1.616 1.612 1.396 1.185 1 0.767 0.521 0.319 0.203 0.092 -0.075 -0.243 -0.347 -0.374 -0.375 -0.391 -0.443 -0.49 -0.555 -0.61 -0.627 -0.568 -0.415 -0.287 -0.235 -0.27 -0.313 -0.306 -0.48 -0.65 -0.819 -0.706 -0.701 -0.802 -0.934 -1.029 -0.948 -0.868 -0.675 -0.446 -0.143 0.096 0.17 0.159 0.017 -0.158 -0.135 0.032 0.304 0.497 0.662 0.677 0.615 0.627 0.526 0.293 0.365 0.395 0.468 0.512 0.449 0.401 0.189 -0.069 -0.144 -0.157 -0.13 0.069 0.249 0.31 0.209
1.49 1.566 1.553 1.556 1.565 1.529 1.239 1.052 0.885 0.701 0.502 0.308 0.087 -0.06 -0.168 -0.251 -0.362 -0.433 -0.414 -0.388 -0.369 -0.37 -0.406 -0.482 -0.595 -0.654 -0.593 -0.441 -0.268 -0.116 -0.058 -0.073 -0.156 -0.101 -0.277 -0.56 -0.785 -0.715 -0.643 -0.768 -0.942 -1.049 -1.033 -0.951 -0.777 -0.574 -0.346 -0.053 0.164 0.141 0.026 -0.156 -0.165 -0.014 0.232 0.458 0.582 0.648 0.649 0.684 0.495 0.459 0.411 0.444 0.471 0.459 0.435 0.293 0.012 -0.13 -0.083 -0.05 -0.149 -0.011 0.184 0.279 0.243
1.179 1.209 1.242 1.158 1.133 1.054 0.863 0.521 0.352 0.197 0.054 -0.089 -0.243 -0.35 -0.417 -0.452 -0.475 -0.436 -0.395 -0.354 -0.313 -0.3 -0.349 -0.456 -0.578 -0.687 -0.589 -0.39 -0.218 -0.027 0.145 0.166 0.068 0.025 -0.204 -0.478 -0.726 -0.673 -0.62 -0.758 -0.917 -1.037 -1.053 -1.012 -0.888 -0.687 -0.471 -0.19 0.044 0.047 -0.063 -0.205 -0.175 -0.037 0.201 0.443 0.541 0.675 0.74 0.611 0.534 0.551 0.458 0.459 0.428 0.362 0.275 0.117 -0.108 -0.146 -0.057 0.011 -0.046 -0.044 0.138 0.237 0.227
1.01 0.841 0.917 0.78 0.7 0.506 0.336 0.08 -0.091 -0.201 -0.287 -0.357 -0.383 -0.405 -0.424 -0.433 -0.442 -0.391 -0.348 -0.316 -0.277 -0.245 -0.314 -0.414 -0.548 -0.692 -0.629 -0.494 -0.346 -0.116 0.173 0.369 0.272 0.079 -0.249 -0.521 -0.672 -0.593 -0.602 -0.737 -0.894 -1.02 -1.068 -1.05 -0.974 -0.758 -0.502 -0.25 -0.094 -0.095 -0.193 -0.283 -0.215 -0.069 0.162 0.352 0.542 0.631 0.626 0.519 0.556 0.554 0.44 0.353 0.326 0.275 0.247 0.05 -0.187 -0.154 -0.058 0.062 0.074 -0.016 0.065 0.179 0.19
0.866 0.526 0.562 0.411 0.26 0.063 -0.095 -0.232 -0.313 -0.375 -0.393 -0.368 -0.308 -0.296 -0.341 -0.336 -0.351 -0.324 -0.282 -0.258 -0.218 -0.276 -0.359 -0.465 -0.595 -0.714 -0.654 -0.535 -0.379 -0.134 0.17 0.421 0.346 0.089 -0.313 -0.552 -0.56 -0.516 -0.594 -0.72 -0.875 -1.007 -1.073 -1.078 -1.03 -0.824 -0.594 -0.411 -0.228 -0.235 -0.312 -0.375 -0.321 -0.15 0.028 0.23 0.413 0.471 0.484 0.532 0.529 0.405 0.269 0.101 0.106 0.075 0.034 -0.155 -0.254 -0.123 -0.052 0.086 0.157 0.051 -0.001 0.144 0.151
0.557 0.218 0.15 0.023 -0.096 -0.232 -0.313 -0.297 -0.28 -0.348 -0.276 -0.217 -0.152 -0.139 -0.223 -0.214 -0.255 -0.282 -0.21 -0.234 -0.301 -0.378 -0.472 -0.578 -0.688 -0.717 -0.597 -0.42 -0.265 -0.026 0.269 0.421 0.261 0.023 -0.362 -0.506 -0.455 -0.511 -0.604 -0.711 -0.855 -0.99 -1.075 -1.099 -1.069 -0.92 -0.755 -0.548 -0.34 -0.358 -0.406 -0.476 -0.434 -0.234 -0.086 0.143 0.261 0.362 0.421 0.389 0.282 0.17 0.045 -0.146 -0.196 -0.194 -0.218 -0.351 -0.298 -0.152 -0.032 0.099 0.205 0.114 -0.016 0.065 0.099
0.163 -0.073 -0.164 -0.23 -0.291 -0.35 -0.312 -0.184 -0.145 -0.218 -0.14 -0.019 0.029 0.013 -0.087 -0.077 -0.134 -0.201 -0.205 -0.286 -0.383 -0.485 -0.589 -0.68 -0.736 -0.686 -0.57 -0.368 -0.17 0.03 0.281 0.34 0.146 -0.115 -0.421 -0.474 -0.442 -0.522 -0.614 -0.723 -0.859 -0.983 -1.074 -1.114 -1.1 -1 -0.832 -0.685 -0.487 -0.465 -0.515 -0.59 -0.541 -0.324 -0.098 0.026 0.108 0.109 0.155 0.067 -0.031 -0.112 -0.233 -0.383 -0.483 -0.456 -0.433 -0.392 -0.324 -0.192 -0.056 0.077 0.208 0.157 0.056 0.092 0.03
-0.153 -0.203 -0.205 -0.212 -0.216 -0.302 -0.238 -0.112 -0.067 -0.041 -0.019 0.184 0.231 0.179 0.076 0.044 -0.012 -0.094 -0.195 -0.336 -0.457 -0.577 -0.668 -0.739 -0.723 -0.637 -0.543 -0.378 -0.175 0.016 0.202 0.257 0.07 -0.206 -0.455 -0.416 -0.45 -0.528 -0.619 -0.73 -0.857 -0.976 -1.066 -1.122 -1.126 -1.08 -0.964 -0.801 -0.641 -0.617 -0.664 -0.705 -0.647 -0.472 -0.238 -0.155 -0.094 -0.138 -0.143 -0.211 -0.341 -0.387 -0.503 -0.618 -0.67 -0.61 -0.527 -0.337 -0.295 -0.22 -0.081 0.037 0.145 0.116 0.152 0.186 0.069
-0.176 -0.115 -0.072 -0.046 0.007 -0.21 -0.209 -0.1 0.018 0.096 0.135 0.372 0.4 0.349 0.266 0.203 0.051 -0.063 -0.221 -0.367 -0.524 -0.64 -0.72 -0.746 -0.652 -0.511 -0.485 -0.363 -0.155 0.031 0.193 0.179 -0.001 -0.276 -0.451 -0.383 -0.458 -0.548 -0.64 -0.748 -0.858 -0.971 -1.064 -1.109 -1.076 -1.077 -1.049 -0.953 -0.821 -0.809 -0.825 -0.779 -0.747 -0.622 -0.427 -0.343 -0.357 -0.393 -0.435 -0.454 -0.584 -0.641 -0.746 -0.796 -0.741 -0.632 -0.498 -0.331 -0.249 -0.245 -0.101 0.048 0.081 0.114 0.204 0.191 0.162
-0.064 0.034 0.107 0.179 0.149 -0.087 -0.201 -0.108 0.039 0.211 0.285 0.503 0.574 0.531 0.425 0.338 0.125 -0.069 -0.258 -0.419 -0.58 -0.676 -0.721 -0.715 -0.571 -0.419 -0.349 -0.353 -0.164 0.043 0.188 0.077 -0.123 -0.365 -0.406 -0.384 -0.482 -0.587 -0.681 -0.771 -0.872 -0.95 -1.026 -1.075 -1.007 -0.952 -0.928 -0.93 -0.919 -0.896 -0.89 -0.849 -0.849 -0.778 -0.646 -0.59 -0.62 -0.662 -0.677 -0.694 -0.788 -0.845 -0.881 -0.834 -0.713 -0.605 -0.484 -0.357 -0.262 -0.22 -0.097 -0.027 0.063 0.136 0.078 0.103 0.126
-0.02 0.12 0.247 0.262 0.221 0.047 -0.147 -0.065 0.087 0.233 0.379 0.543 0.644 0.62 0.535 0.38 0.144 -0.093 -0.327 -0.495 -0.606 -0.63 -0.669 -0.679 -0.502 -0.339 -0.227 -0.226 -0.142 0.055 0.141 -0.019 -0.258 -0.432 -0.405 -0.402 -0.483 -0.61 -0.706 -0.77 -0.799 -0.8 -0.928 -1.034 -0.98 -0.833 -0.771 -0.796 -0.802 -0.837 -0.882 -0.917 -0.933 -0.912 -0.844 -0.827 -0.85 -0.871 -0.867 -0.881 -0.908 -0.932 -0.938 -0.826 -0.714 -0.639 -0.556 -0.408 -0.309 -0.238 -0.192 -0.112 -0.012 -0.007 -0.051 0.08 0.073
-0.091 0.153 0.348 0.397 0.381 0.291 0.056 -0.088 0.003 0.162 0.381 0.549 0.657 0.651 0.513 0.291 0.03 -0.211 -0.43 -0.525 -0.538 -0.49 -0.594 -0.648 -0.485 -0.327 -0.187 -0.11 -0.046 0.13 0.077 -0.107 -0.348 -0.358 -0.398 -0.414 -0.4 -0.526 -0.6 -0.616 -0.611 -0.632 -0.797 -0.995 -0.96 -0.841 -0.716 -0.687 -0.626 -0.653 -0.756 -0.89 -0.978 -1.004 -1.003 -1.002 -0.993 -0.974 -0.942 -0.914 -0.87 -0.88 -0.946 -0.888 -0.806 -0.766 -0.685 -0.547 -0.473 -0.391 -0.26 -0.144 -0.167 -0.223 -0.147 -0.009 -0.006
-0.075 0.198 0.451 0.522 0.529 0.491 0.315 -0.007 -0.08 0.122 0.348 0.515 0.617 0.614 0.49 0.225 -0.085 -0.331 -0.439 -0.428 -0.392 -0.348 -0.506 -0.642 -0.542 -0.377 -0.19 -0.03 0.086 0.133 0.002 -0.22 -0.321 -0.278 -0.296 -0.374 -0.277 -0.353 -0.4 -0.43 -0.459 -0.575 -0.748 -0.973 -0.932 -0.779 -0.617 -0.551 -0.452 -0.478 -0.612 -0.779 -0.938 -1.026 -1.037 -1.013 -0.989 -0.941 -0.856 -0.807 -0.691 -0.712 -0.795 -0.898 -0.914 -0.836 -0.721 -0.649 -0.584 -0.434 -0.372 -0.359 -0.364 -0.374 -0.211 -0.089 -0.095
-0.036 0.217 0.501 0.625 0.683 0.613 0.418 0.119 -0.056 0.153 0.387 0.532 0.59 0.592 0.5 0.202 -0.14 -0.329 -0.349 -0.261 -0.254 -0.244 -0.412 -0.6 -0.531 -0.32 -0.117 0.067 0.121 0.082 -0.086 -0.276 -0.289 -0.235 -0.218 -0.262 -0.116 -0.161 -0.244 -0.342 -0.453 -0.606 -0.779 -0.969 -0.957 -0.785 -0.574 -0.439 -0.34 -0.369 -0.478 -0.658 -0.854 -0.99 -0.994 -0.909 -0.886 -0.798 -0.704 -0.656 -0.508 -0.539 -0.544 -0.687 -0.858 -0.877 -0.777 -0.699 -0.696 -0.641 -0.626 -0.585 -0.544 -0.463 -0.326 -0.218 -0.158
0.032 0.249 0.539 0.672 0.689 0.608 0.449 0.258 0.13 0.2 0.437 0.561 0.544 0.492 0.384 0.101 -0.172 -0.202 -0.219 -0.172 -0.089 -0.134 -0.289 -0.537 -0.462 -0.32 -0.173 0.057 0.122 0.072 -0.13 -0.241 -0.226 -0.174 -0.156 -0.136 -0.054 -0.127 -0.235 -0.345 -0.475 -0.656 -0.86 -0.999 -0.959 -0.806 -0.598 -0.386 -0.276 -0.283 -0.367 -0.551 -0.763 -0.926 -0.96 -0.839 -0.789 -0.704 -0.58 -0.509 -0.365 -0.377 -0.379 -0.428 -0.66 -0.812 -0.84 -0.829 -0.837 -0.772 -0.674 -0.572 -0.521 -0.509 -0.371 -0.25 -0.181
0.121 0.277 0.552 0.677 0.676 0.663 0.583 0.492 0.433 0.321 0.459 0.558 0.539 0.448 0.245 0.037 -0.137 -0.097 -0.059 -0.077 0.013 -0.058 -0.263 -0.53 -0.458 -0.319 -0.235 -0.023 0.074 0.019 -0.167 -0.219 -0.152 -0.123 -0.113 -0.057 -0.048 -0.129 -0.223 -0.367 -0.53 -0.725 -0.914 -1.008 -0.918 -0.77 -0.581 -0.354 -0.221 -0.215 -0.279 -0.459 -0.679 -0.884 -0.968 -0.874 -0.759 -0.645 -0.513 -0.414 -0.259 -0.238 -0.278 -0.284 -0.464 -0.664 -0.803 -0.851 -0.813 -0.717 -0.633 -0.554 -0.492 -0.528 -0.405 -0.266 -0.163
0.212 0.374 0.635 0.785 0.729 0.764 0.714 0.674 0.593 0.454 0.463 0.56 0.493 0.399 0.333 0.113 -0.067 -0.029 0.027 0.084 0.061 -0.089 -0.315 -0.561 -0.521 -0.309 -0.18 -0.03 0.017 -0.032 -0.21 -0.231 -0.141 -0.142 -0.129 -0.074 -0.081 -0.131 -0.223 -0.38 -0.577 -0.77 -0.941 -0.997 -0.863 -0.698 -0.546 -0.324 -0.187 -0.143 -0.177 -0.381 -0.639 -0.857 -0.982 -0.912 -0.803 -0.661 -0.482 -0.353 -0.234 -0.156 -0.189 -0.156 -0.275 -0.433 -0.656 -0.798 -0.782 -0.731 -0.679 -0.6 -0.524 -0.533 -0.447 -0.305 -0.202
