data/climatemaps/RS_maps/climate_postbreed_tmp_2008.asc
NCOLS 369 
NROWS 228 
XLLCORNER 479000 
YLLCORNER 73000 
CELLSIZE 1000 
NODATA_value -9 
[rows 170 to 203 of 228, columns 0 to 76 of 369]
-9 -9 -0.024 -0.052 0 0.2 0.265 -0.062 -0.319 -0.408 -0.199 0.127 0.504 0.699 0.752 0.777 0.788 0.803 0.831 0.865 0.881 0.886 0.917 0.947 0.979 1.01 1.02 1.02 1.022 1.029 0.995 0.963 0.962 0.962 0.978 0.983 0.983 0.984 0.958 0.955 0.936 0.919 0.912 0.915 0.785 0.709 0.773 0.778 0.751 0.589 -9 -9 -9 -9 -9 -9 -9 -9 0.191 0.215 0.362 0.514 0.358 0.078 -0.156 -0.362 -0.361 -0.411 -0.501 -0.587 -0.857 -0.816 -0.628 -0.419 -0.347 -0.198 0.042
-9 -0.009 -0.068 -0.051 0.106 0.308 0.122 -0.175 -0.39 -0.265 0.053 0.367 0.65 0.738 0.779 0.805 0.824 0.829 0.856 0.88 0.886 0.9 0.936 0.951 0.998 1.016 1.02 1.02 1.02 1.005 0.971 0.961 0.96 0.96 0.964 0.946 0.874 0.76 0.734 0.871 0.899 0.877 0.866 0.879 0.761 0.727 0.749 0.733 0.625 -9 -9 -9 -9 -9 -9 -9 -9 -9 0.063 -0.137 0.067 0.335 0.485 0.279 -0.011 -0.168 -0.251 -0.408 -0.586 -0.498 -0.354 -0.565 -0.685 -0.67 -0.462 -0.242 -0.128
-0.005 -0.04 -0.087 -0.033 0.271 0.239 -0.072 -0.258 -0.346 -0.102 0.241 0.532 0.72 0.758 0.798 0.824 0.841 0.853 0.868 0.879 0.895 0.909 0.937 0.976 1.006 1.007 1.013 1.019 1.015 0.975 0.959 0.958 0.958 0.958 0.92 0.78 0.672 0.621 0.722 0.859 0.876 0.851 0.853 0.833 0.793 -9 -9 -9 -9 -9 -9 -9 -9 -9 -9 -9 -9 -9 0.248 -0.262 -0.247 0.122 0.405 -0.012 -0.221 -0.202 -0.304 -0.461 -0.505 -0.412 -0.151 -0.307 -0.514 -0.616 -0.537 -0.269 -0.199
-0.056 -0.103 -0.1 0.064 0.32 0 -0.288 -0.356 -0.234 0.102 0.432 0.667 0.763 0.781 0.813 0.842 0.851 0.848 0.861 0.882 0.904 0.924 0.948 0.992 1.003 1.007 1.007 1.009 0.994 0.963 0.949 0.94 0.938 0.931 0.861 0.755 0.725 0.761 0.833 0.867 0.855 0.837 0.826 0.795 0.757 -9 -9 -9 -9 -9 -9 -9 -9 -9 -9 -9 -9 -9 0.177 -0.407 -0.384 0.217 0.342 -0.063 -0.344 -0.414 -0.271 -0.102 -0.05 0.011 0.111 0.029 -0.196 -0.459 -0.682 -0.531 -0.446
-0.126 -0.146 -0.065 0.201 0.241 -0.252 -0.452 -0.291 -0.027 0.334 0.621 0.76 0.802 0.817 0.839 0.853 0.853 0.841 0.864 0.895 0.92 0.931 0.957 0.99 0.994 1.002 1.002 0.991 0.96 0.951 0.939 0.929 0.923 0.907 0.823 0.748 0.776 0.821 0.836 0.843 0.833 0.826 0.795 0.758 0.699 -9 -9 -9 -9 -9 -9 -9 -9 -9 -9 -9 -9 -9 -9 -0.148 -0.096 0.167 0.158 0.266 0.02 -0.238 0.063 0.224 0.137 0.052 0.058 0.122 0.098 -0.253 -0.504 -0.675 -0.784
-0.159 -0.085 0.143 0.305 -0.024 -0.446 -0.391 -0.016 0.285 0.564 0.742 0.805 0.836 0.85 0.856 0.857 0.853 0.85 0.878 0.906 0.921 0.933 0.955 0.99 0.994 0.994 0.991 0.955 0.938 0.941 0.933 0.914 0.909 0.882 0.817 0.758 0.791 0.81 0.818 0.825 0.811 0.778 0.738 0.656 0.522 -9 -9 -9 -9 -9 -9 -9 -9 -9 -9 -9 -9 -9 -9 -9 -0.246 -0.174 0.009 0.179 0.178 0.262 0.103 -0.025 -0.207 -0.279 -0.439 -0.196 0.075 0.077 -0.168 -0.555 -0.857
-0.015 0.041 0.334 -0.006 -0.363 -0.409 -0.204 0.241 0.552 0.727 0.808 0.833 0.853 0.869 0.864 0.86 0.853 0.869 0.9 0.916 0.913 0.932 0.963 0.992 0.994 0.99 0.977 0.934 0.929 0.928 0.922 0.906 0.892 0.867 0.815 0.773 0.79 0.787 0.785 0.787 0.754 0.68 0.571 0.422 0.277 0.132 -9 -9 -9 -9 -9 -9 -9 -9 -9 -9 -9 -9 -9 -9 -0.284 -0.427 -0.284 -0.352 -0.125 0.192 0.011 -0.341 -0.579 -0.667 -0.862 -0.465 -0.364 -0.134 0.054 -0.364 -0.761
-0.001 0.392 0.236 -0.216 -0.447 -0.228 0.159 0.458 0.709 0.809 0.842 0.857 0.87 0.873 0.861 0.856 0.878 0.896 0.915 0.926 0.931 0.953 0.977 0.992 0.993 0.972 0.945 0.92 0.918 0.914 0.904 0.884 0.875 0.852 0.813 0.785 0.716 0.704 0.703 0.692 0.607 0.465 0.272 0.15 0.093 0.195 -9 -9 -9 -9 -9 -9 -9 -9 -9 -9 -9 -9 -9 -9 -9 -0.511 -0.341 -0.481 -0.274 -0.042 0.13 -0.029 -0.466 -1.043 -1.144 -0.837 -0.628 -0.25 0.047 -0.411 -0.707
0.127 0.499 0.364 -0.098 -0.291 0.072 0.376 0.62 0.778 0.846 0.865 0.879 0.876 0.868 0.866 0.883 0.901 0.911 0.918 0.927 0.934 0.962 0.98 0.988 0.987 0.949 0.919 0.913 0.912 0.9 0.89 0.87 0.86 0.841 0.818 0.77 0.555 0.505 0.506 0.47 0.386 0.209 0.023 0.074 0.098 0.283 -9 -9 -9 -9 -9 -9 -9 -9 -9 -9 -9 -9 -9 -9 -0.087 -0.07 -0.159 -0.636 -0.53 -0.022 -0.237 -0.067 -0.259 -0.761 -0.893 -0.522 -0.156 -0.015 -0.194 -0.409 -0.847
0.429 0.513 0.281 -0.155 -0.068 0.3 0.544 0.723 0.825 0.866 0.881 0.892 0.88 0.88 0.89 0.916 0.9 0.91 0.92 0.904 0.899 0.956 0.98 0.987 0.983 0.925 0.901 0.916 0.917 0.891 0.881 0.866 0.844 0.831 0.808 0.688 0.364 0.186 0.219 0.275 0.334 0.064 -0.04 0.168 0.285 0.347 -9 -9 -9 -9 -9 -9 -9 -9 -9 -9 -9 -9 -9 -9 0.29 0.027 -0.347 -0.735 -0.599 -0.35 -0.6 -0.296 -0.203 -0.507 -0.62 -0.261 -0.322 -0.441 -0.636 -0.358 -0.53
0.584 0.363 -0.008 -0.096 0.195 0.49 0.653 0.79 0.852 0.879 0.898 0.877 0.857 0.895 0.907 0.9 0.9 0.92 0.91 0.885 0.898 0.962 0.98 0.985 0.953 0.877 0.887 0.905 0.92 0.888 0.869 0.851 0.832 0.824 0.772 0.544 0.15 -0.113 0.029 0.309 0.37 0.12 0.089 0.306 0.405 0.292 -9 -9 -9 -9 -9 -9 -9 -9 -9 -9 -9 -9 -9 -9 0.421 -0.032 -0.456 -0.694 -0.932 -0.833 -0.836 -0.442 -0.487 -0.527 -0.384 -0.369 -0.777 -0.808 -0.607 -0.32 -0.318
0.502 0.11 -0.169 0.141 0.457 0.648 0.762 0.833 0.866 0.898 0.876 0.836 0.867 0.92 0.908 0.901 0.902 0.921 0.904 0.899 0.932 0.964 0.98 0.973 0.87 0.877 0.908 0.923 0.919 0.888 0.858 0.836 0.838 0.805 0.687 0.363 0.046 -0.16 0.056 0.372 0.444 0.304 0.336 0.444 0.393 0.13 -9 -9 -9 -9 -9 -9 -9 -9 -9 -9 -9 -9 -9 -9 0.329 0.176 -0.143 -0.526 -0.869 -0.799 -0.818 -0.718 -0.593 -0.638 -0.442 -0.6 -0.958 -0.909 -0.421 -0.558 -0.655
0.319 -0.063 0.029 0.396 0.609 0.738 0.82 0.853 0.868 0.909 0.869 0.855 0.912 0.922 0.914 0.916 0.93 0.934 0.916 0.925 0.941 0.967 0.978 0.939 0.889 0.91 0.915 0.915 0.911 0.887 0.866 0.855 0.81 0.724 0.542 0.282 0.029 -0.176 0.053 0.395 0.517 0.487 0.473 0.464 0.312 -9 -9 -9 -9 -9 -9 -9 -9 -9 -9 -9 -9 -9 -9 -0.085 0.077 0.303 0.032 -0.48 -0.585 -0.337 -0.369 -0.333 -0.319 -0.559 -0.689 -0.766 -1.011 -0.709 -0.516 -0.762 -0.652
0.071 -0.038 0.284 0.574 0.698 0.777 0.839 0.847 0.862 0.915 0.907 0.909 0.944 0.944 0.942 0.943 0.952 0.935 0.932 0.942 0.962 0.964 0.949 0.924 0.915 0.914 0.914 0.913 0.91 0.893 0.846 0.819 0.783 0.598 0.431 0.242 -0.006 -0.084 0.129 0.428 0.543 0.478 0.355 0.326 0.137 -9 -9 -9 -9 -9 -9 -9 -9 -9 -9 -9 -9 -9 -9 -0.255 -0.169 0.292 0.193 -0.077 -0.054 -0.128 -0.184 -0.28 -0.363 -0.468 -0.682 -0.953 -0.978 -0.625 -0.817 -0.838 -0.565
-0.086 0.157 0.497 0.688 0.767 0.806 0.852 0.827 0.851 0.913 0.938 0.944 0.962 0.959 0.951 0.94 0.943 0.938 0.925 0.945 0.972 0.943 0.931 0.921 0.935 0.925 0.922 0.916 0.907 0.876 0.847 0.819 0.776 0.64 0.488 0.248 -0.032 -0.058 0.246 0.467 0.556 0.383 0.24 0.233 -0.003 -9 -9 -9 -9 -9 -9 -9 -9 -9 -9 -9 -9 -9 -9 -0.441 -0.247 0.148 0.315 0.259 -0.016 -0.36 -0.496 -0.493 -0.585 -0.697 -0.643 -0.925 -1.007 -0.888 -1.015 -0.857 -0.591
0.038 0.348 0.614 0.783 0.825 0.833 0.856 0.833 0.887 0.947 0.957 0.967 0.941 0.935 0.933 0.924 0.922 0.922 0.929 0.954 0.962 0.943 0.935 0.933 0.947 0.938 0.938 0.929 0.906 0.841 0.829 0.838 0.814 0.751 0.62 0.406 0.165 0.099 0.433 0.541 0.49 0.29 0.343 0.189 0 -9 -9 -9 -9 -9 -9 -9 -9 -9 -9 -9 -9 -9 -9 -0.386 -0.241 0.062 0.223 0.274 0.049 -0.307 -0.244 -0.181 -0.336 -0.689 -0.812 -0.974 -1.096 -0.993 -0.814 -0.629 -0.438
0.134 0.476 0.727 0.83 0.856 0.856 0.865 0.881 0.945 0.963 0.939 0.932 0.913 0.907 0.902 0.891 0.92 0.936 0.944 0.95 0.944 0.934 0.932 0.928 0.949 0.945 0.892 0.85 0.906 0.858 0.826 0.846 0.842 0.823 0.724 0.579 0.412 0.312 0.596 0.422 0.329 0.363 0.364 0.085 -9 -9 -9 -9 -9 -9 -9 -9 -9 -9 -9 -9 -9 -9 -9 -0.241 -0.107 -0.072 0.065 0.099 0.213 -0.011 -0.229 -0.378 -0.442 -0.816 -0.907 -1.103 -1.058 -0.855 -0.76 -0.585 -0.189
0.118 0.571 0.809 0.863 0.874 0.881 0.885 0.932 0.963 0.937 0.915 0.907 0.897 0.89 0.893 0.903 0.935 0.937 0.926 0.927 0.923 0.92 0.919 0.916 0.91 0.816 0.673 0.717 0.88 0.883 0.864 0.846 0.834 0.84 0.818 0.755 0.648 0.565 0.667 0.441 0.381 0.468 0.336 -9 -9 -9 -9 -9 -9 -9 -9 -9 -9 -9 -9 -9 -9 -9 -0.379 -0.498 -0.436 -0.192 -0.082 -0.182 0.13 -0.149 -0.635 -0.894 -0.878 -1.156 -1.181 -1.083 -0.908 -0.736 -0.638 -0.503 0.058
0.074 0.563 0.808 0.864 0.908 0.893 0.913 0.976 0.967 0.927 0.917 0.907 0.903 0.889 0.916 0.93 0.92 0.908 0.889 0.89 0.896 0.908 0.895 0.867 0.66 0.452 0.549 0.764 0.844 0.89 0.879 0.864 0.856 0.846 0.823 0.791 0.76 0.739 0.702 0.49 0.553 0.551 0.309 -9 -9 -9 -9 -9 -9 -9 -9 -9 -9 -9 -9 -9 -9 -9 -0.296 -0.541 -0.358 -0.038 -0.195 -0.32 -0.041 0.05 -0.263 -0.736 -0.967 -1.021 -1.144 -0.897 -0.573 -0.437 -0.278 -0.138 0.134
-0.027 0.486 0.809 0.866 0.913 0.94 0.965 0.993 0.978 0.96 0.932 0.911 0.903 0.896 0.913 0.909 0.889 0.879 0.869 0.862 0.868 0.857 0.799 0.628 0.221 0.262 0.617 0.751 0.787 0.886 0.898 0.892 0.886 0.878 0.85 0.807 0.747 0.693 0.703 0.641 0.655 0.623 -9 -9 -9 -9 -9 -9 -9 -9 -9 -9 -9 -9 -9 -9 -9 -9 -0.348 -0.255 -0.044 -0.017 -0.229 -0.328 -0.272 -0.459 -0.045 -0.146 -0.337 -0.507 -0.893 -0.762 -0.599 -0.5 -0.399 -0.187 -0.331
-0.012 0.418 0.85 0.942 0.996 0.989 0.987 0.968 0.949 0.941 0.923 0.905 0.886 0.88 0.886 0.882 0.859 0.845 0.841 0.834 0.824 0.767 0.563 0.14 0.058 0.391 0.685 0.675 0.748 0.837 0.88 0.881 0.885 0.899 0.893 0.849 0.727 0.634 0.659 0.72 0.715 -9 -9 -9 -9 -9 -9 -9 -9 -9 -9 -9 -9 -9 -9 -9 -9 -9 -0.157 0.015 -0.008 -0.176 -0.297 -0.457 -0.404 -0.744 -0.431 -0.113 -0.197 -0.317 -0.646 -0.84 -0.66 -0.507 -0.567 -0.893 -0.738
0.403 0.548 0.923 0.999 1.003 0.993 0.975 0.925 0.902 0.904 0.883 0.863 0.862 0.843 0.837 0.844 0.824 0.82 0.815 0.778 0.743 0.664 0.336 -0.01 0.22 0.572 0.648 0.591 0.698 0.788 0.851 0.866 0.881 0.9 0.914 0.891 0.76 0.618 0.597 0.684 -9 -9 -9 -9 -9 -9 -9 -9 -9 -9 -9 -9 -9 -9 -9 -9 -9 -9 -9 -0.032 -0.153 -0.368 -0.363 -0.527 -0.501 -0.769 -0.68 -0.405 -0.507 -0.421 -0.813 -1.221 -1.221 -1.177 -1.412 -1.394 -1.187
0.723 0.823 0.922 0.935 0.923 0.904 0.912 0.892 0.886 0.876 0.865 0.862 0.847 0.802 0.812 0.814 0.801 0.784 0.752 0.686 0.632 0.492 0.138 0.103 0.385 0.623 0.55 0.551 0.665 0.765 0.815 0.842 0.87 0.882 0.911 0.916 0.838 0.647 -9 -9 -9 -9 -9 -9 -9 -9 -9 -9 -9 -9 -9 -9 -9 -9 -9 -9 -9 -9 -9 -0.252 -0.248 -0.379 -0.469 -0.431 -0.565 -0.723 -0.451 -0.522 -0.545 -0.792 -1.024 -1.204 -1.562 -1.483 -1.642 -1.504 -1.239
0.849 0.749 0.719 0.873 0.887 0.88 0.878 0.878 0.873 0.852 0.838 0.825 0.794 0.798 0.791 0.771 0.77 0.74 0.66 0.547 0.451 0.207 -0.042 0.169 0.409 0.584 0.479 0.534 0.632 0.693 0.768 0.814 0.849 0.871 0.897 0.918 0.9 -9 -9 -9 -9 -9 -9 -9 -9 -9 -9 -9 -9 -9 -9 -9 -9 -9 -9 -9 -9 -9 -9 -0.211 -0.322 -0.402 -0.353 -0.102 -0.377 -0.544 -0.15 -0.126 -0.365 -0.606 -0.912 -1.291 -1.503 -1.238 -1.216 -1.141 -1.016
0.854 0.848 0.546 0.766 0.841 0.836 0.826 0.826 0.812 0.8 0.77 0.768 0.747 0.76 0.751 0.732 0.707 0.678 0.606 0.458 0.223 -0.072 -0.01 0.289 0.469 0.481 0.441 0.558 0.526 0.567 0.711 0.785 0.828 0.864 0.877 -9 -9 -9 -9 -9 -9 -9 -9 -9 -9 -9 -9 -9 -9 -9 -9 -9 -9 -9 -9 -9 -9 -9 -9 0.232 0.018 -0.144 -0.061 0.069 -0.115 -0.231 0.003 0.181 -0.274 -0.522 -0.873 -1.292 -1.581 -1.388 -0.834 -0.437 -0.347
0.903 0.928 0.548 0.627 0.739 0.751 0.739 0.741 0.716 0.694 0.686 0.696 0.684 0.684 0.665 0.638 0.669 0.65 0.539 0.306 -0.06 -0.045 0.215 0.405 0.436 0.34 0.425 0.533 0.435 0.478 0.631 0.76 0.812 0.86 -9 -9 -9 -9 -9 -9 -9 -9 -9 -9 -9 -9 -9 -9 -9 -9 -9 -9 -9 -9 -9 -9 -9 -9 -9 -9 0.553 0.404 0.344 0.324 0.264 0.121 0.125 0.347 -0.3 -0.746 -1.166 -1.315 -1.356 -1.244 -0.524 -0.011 -0.572
0.908 0.872 0.627 0.466 0.591 0.688 0.7 0.682 0.63 0.616 0.621 0.617 0.585 0.566 0.519 0.518 0.619 0.582 0.333 -0.01 -0.047 0.153 0.388 0.461 0.398 0.343 0.436 0.452 0.379 0.42 0.54 0.709 0.778 -9 -9 -9 -9 -9 -9 -9 -9 -9 -9 -9 -9 -9 -9 -9 -9 -9 -9 -9 -9 -9 -9 -9 -9 -9 -9 -9 0.682 0.676 0.648 0.601 0.543 0.446 0.396 0.203 -0.581 -0.964 -1.274 -1.044 -0.905 -0.918 -0.166 -0.082 -1.11
0.872 0.818 0.683 0.469 0.444 0.646 0.75 0.737 0.683 0.659 0.635 0.597 0.571 0.557 0.498 0.474 0.504 0.452 0.126 -0.043 0.182 0.382 0.498 0.464 0.358 0.347 0.385 0.388 0.332 0.337 0.455 0.629 -9 -9 -9 -9 -9 -9 -9 -9 -9 -9 -9 -9 -9 -9 -9 -9 -9 -9 -9 -9 -9 -9 -9 -9 -9 -9 -9 -9 -9 0.579 0.657 0.692 0.672 0.665 0.632 0.224 -0.269 -0.659 -0.992 -0.542 -0.472 -0.36 0.22 -0.065 -1.005
0.835 0.822 0.736 0.609 0.386 0.544 0.76 0.799 0.755 0.718 0.63 0.676 0.683 0.696 0.611 0.539 0.435 0.231 0.054 0.126 0.355 0.474 0.518 0.404 0.323 0.32 0.343 0.33 0.32 0.341 0.401 -9 -9 -9 -9 -9 -9 -9 -9 -9 -9 -9 -9 -9 -9 -9 -9 -9 -9 -9 -9 -9 -9 -9 -9 -9 -9 -9 -9 -9 -9 -9 0.463 0.482 0.536 0.556 0.659 0.522 -0.013 -0.484 -0.341 0.018 0.211 0.186 0.289 0.05 -0.801
0.85 0.879 0.808 0.714 0.507 0.412 0.727 0.828 0.815 0.727 0.687 0.772 0.792 0.767 0.685 0.632 0.451 0.193 0.164 0.304 0.471 0.552 0.523 0.402 0.326 0.326 0.34 0.364 0.39 -9 -9 -9 -9 -9 -9 -9 -9 -9 -9 -9 -9 -9 -9 -9 -9 -9 -9 -9 -9 -9 -9 -9 -9 -9 -9 -9 -9 -9 -9 -9 -9 -9 0.172 0.041 0.081 0.181 0.515 0.612 0.164 -0.062 0.319 0.372 0.144 -0.222 -0.101 -0.352 -1.203
0.93 0.963 0.864 0.773 0.661 0.524 0.696 0.845 0.845 0.741 0.765 0.847 0.85 0.801 0.765 0.714 0.555 0.366 0.328 0.44 0.549 0.599 0.519 0.452 0.375 0.368 0.41 0.428 -9 -9 -9 -9 -9 -9 -9 -9 -9 -9 -9 -9 -9 -9 -9 -9 -9 -9 -9 -9 -9 -9 -9 -9 -9 -9 -9 -9 -9 -9 -9 -9 -9 -9 -9 -0.357 -0.226 0.05 0.136 0.45 0.493 0.489 0.341 -0.034 -0.364 -0.725 -0.966 -1.08 -1.589
0.979 0.979 0.857 0.815 0.77 0.716 0.766 0.869 0.84 0.773 0.795 0.906 0.91 0.875 0.841 0.769 0.638 0.502 0.455 0.481 0.58 0.603 0.527 0.462 0.421 0.423 -9 -9 -9 -9 -9 -9 -9 -9 -9 -9 -9 -9 -9 -9 -9 -9 -9 -9 -9 -9 -9 -9 -9 -9 -9 -9 -9 -9 -9 -9 -9 -9 -9 -9 -9 -9 -9 -9 -0.259 -0.166 -0.432 -0.184 0.446 0.461 0.061 -0.413 -0.861 -1.306 -1.725 -1.732 -1.79
-9 1.011 0.922 0.845 0.849 0.858 0.886 0.865 0.816 0.843 0.88 0.927 0.859 0.829 0.867 -9 0.697 0.541 0.482 0.483 0.584 0.631 -9 -9 -9 -9 -9 -9 -9 -9 -9 -9 -9 -9 -9 -9 -9 -9 -9 -9 -9 -9 -9 -9 -9 -9 -9 -9 -9 -9 -9 -9 -9 -9 -9 -9 -9 -9 -9 -9 -9 -9 -9 -9 -9 -0.588 -0.505 -0.165 0.26 0.396 -0.17 -0.801 -1.273 -1.289 -1.568 -1.843 -1.556
-9 -9 -9 -9 -9 0.98 0.822 0.827 0.89 0.941 -9 -9 -9 -9 -9 -9 -9 -9 -9 -9 -9 -9 -9 -9 -9 -9 -9 -9 -9 -9 -9 -9 -9 -9 -9 -9 -9 -9 -9 -9 -9 -9 -9 -9 -9 -9 -9 -9 -9 -9 -9 -9 -9 -9 -9 -9 -9 -9 -9 -9 -9 -9 -9 -9 -9 -9 -0.549 -0.548 -0.149 0.257 -0.158 -0.615 -0.568 -0.645 -1.503 -1.996 -1.488
