data/climatemaps/RS_maps/climate_postbreed_tmp_2001.asc
NCOLS 369 
NROWS 228 
XLLCORNER 479000 
YLLCORNER 73000 
CELLSIZE 1000 
NODATA_value -9 
[rows 170 to 203 of 228, columns 152 to 227 of 369]
-0.547 -0.527 -0.276 -0.404 -0.881 -0.9 -0.941 -0.489 -0.407 -0.158 0.377 0.642 0.624 0.493 0.207 -0.412 -1.026 -1.481 -1.763 -1.829 -1.589 -1.296 -1.393 -1.379 -1.161 -1.227 -1.215 -1.394 -1.926 -1.979 -1.466 -0.86 -0.663 -0.709 -0.934 -1.263 -1.326 -1.324 -1.45 -1.035 -0.494 0.172 0.24 -0.292 -0.456 -0.874 -1.295 -1.199 -0.87 -0.566 -0.486 -0.35 -0.425 -0.328 -0.39 -0.57 -0.384 0.309 1.063 0.4 -0.251 -0.544 -0.745 -0.905 -0.917 -0.775 -0.237 -0.194 -0.276 -0.387 -0.71 -0.946 -0.244 0.477 0.323 -0.321
0.048 0.138 0.132 -0.122 -0.376 -0.458 -0.416 -0.096 0.146 0.379 0.634 0.694 0.559 0.406 0.141 -0.436 -1.131 -1.433 -1.431 -1.652 -1.653 -1.549 -1.663 -1.558 -1.297 -1.543 -1.741 -1.535 -1.896 -1.529 -1.059 -0.675 -0.502 -0.73 -1.033 -1.059 -0.987 -1.267 -1.247 -0.734 -0.1 0.434 -0.187 -0.837 -1.118 -1.055 -1.332 -0.965 -0.57 -0.362 -0.357 -0.338 -0.17 0.054 0.208 0.129 0.313 0.744 1.13 0.706 -0.026 -0.161 -0.226 -0.638 -0.415 -0.739 -0.742 -0.411 -0.046 0.179 -0.042 -0.299 -0.139 0.599 0.25 -0.345
0.527 0.585 0.505 0.286 0.171 0.055 0.173 0.399 0.576 0.638 0.585 0.572 0.519 0.245 -0.164 -0.59 -0.878 -1.003 -1.245 -1.366 -1.466 -1.599 -1.889 -1.896 -1.393 -1.787 -2.15 -1.899 -1.685 -1.168 -0.998 -0.815 -0.359 -0.752 -0.991 -0.593 -0.823 -1.196 -0.847 -0.245 0.409 0.238 -0.434 -1.137 -1.466 -1.363 -1.421 -0.973 -0.793 -0.748 -0.918 -0.748 -0.353 0.157 0.542 0.451 0.672 0.605 0.768 1.066 0.676 0.448 0.15 -0.258 -0.085 -0.387 -0.493 -0.495 -0.719 -0.221 0.199 0.308 0.244 0.701 0.02 -0.709
0.592 0.622 0.663 0.649 0.616 0.549 0.548 0.482 0.477 0.201 0.063 0.09 0.124 0.075 -0.17 -0.331 -0.443 -0.583 -0.922 -1.206 -1.545 -1.888 -1.935 -1.764 -1.731 -1.81 -1.916 -1.901 -1.553 -1.227 -1.192 -0.652 0.031 -0.309 -0.674 -0.464 -1.045 -1.089 -0.406 0.317 0.419 -0.251 -0.736 -1.334 -1.578 -1.431 -1.149 -1.055 -0.679 -0.388 -0.313 -0.245 0.1 0.493 0.258 -0.374 -0.224 -0.023 0.069 0.555 1.066 1.045 0.81 0.56 0.153 0.235 -0.017 -0.356 -0.653 -0.62 -0.437 0.053 0.394 0.737 0.075 -0.591
0.057 0.115 0.491 0.648 0.353 0.404 0.139 -0.108 0.138 -0.327 -0.733 -0.825 -0.443 -0.014 -0.07 -0.388 -0.607 -0.752 -0.834 -1.197 -1.638 -1.875 -1.549 -1.287 -1.4 -1.313 -1.548 -1.736 -1.467 -1.223 -0.891 -0.457 -0.067 0.159 0.043 -0.335 -1.001 -0.926 -0.269 0.6 0.282 -0.558 -1.277 -1.49 -1.182 -1.012 -0.744 -0.666 -0.474 -0.173 0.063 0.159 0.336 0.312 -0.279 -0.674 -0.493 -0.211 -0.368 0.089 0.539 0.831 1.161 1.15 0.696 0.537 -0.032 -0.485 -0.157 -0.513 -0.783 -0.472 -0.012 0.626 0.519 -0.111
-0.385 -0.249 0.251 0.562 0.095 -0.209 -0.587 -0.677 -0.119 -0.715 -1.257 -1.372 -0.701 -0.314 -0.228 -0.738 -0.976 -1.175 -1.265 -1.403 -1.785 -1.379 -1 -0.82 -0.921 -1.086 -1.43 -1.515 -1.158 -0.969 -0.65 -0.611 -0.577 -0.088 0.284 0.15 -0.316 -0.42 0.189 0.694 0.206 -0.508 -1.238 -1.369 -1.053 -0.647 -0.48 -0.259 -0.216 -0.106 -0.299 -0.399 -0.08 -0.115 -0.411 -0.857 -0.8 -0.625 -0.372 0.131 0.092 0.323 0.652 1.038 1.135 0.733 0.064 -0.124 0.241 -0.111 -0.519 -0.706 -0.423 0.084 0.687 0.431
-0.624 -0.303 0.255 0.45 -0.013 -0.44 -0.967 -1.083 -0.428 -0.854 -1.499 -1.329 -0.748 -0.83 -0.564 -0.892 -1.234 -1.462 -1.906 -1.832 -1.409 -1.015 -0.74 -0.606 -0.821 -1.232 -1.534 -1.316 -1.301 -1.285 -1.379 -1.301 -0.861 -0.522 0.157 0.584 0.494 0.223 0.652 0.521 -0.121 -0.79 -1.368 -1.106 -0.838 -0.515 -0.37 -0.619 -0.612 -0.378 -0.782 -0.742 -0.672 -0.693 -0.807 -0.89 -0.783 -0.632 -0.422 -0.181 -0.414 -0.086 0.108 0.703 1.201 0.978 0.377 0.419 0.51 0.176 -0.166 -0.687 -0.622 -0.13 0.409 0.722
-0.891 -0.33 0.391 0.414 -0.04 -0.479 -0.876 -1.214 -0.727 -1.074 -1.694 -1.577 -1.364 -1.334 -0.921 -0.874 -1.466 -1.856 -2.078 -1.649 -1.474 -1.416 -0.934 -0.766 -0.736 -0.88 -0.826 -0.902 -1.236 -1.386 -1.718 -1.69 -1.221 -0.799 -0.047 0.437 0.795 0.736 0.694 0.262 -0.359 -0.928 -1.332 -1.063 -0.776 -0.672 -1 -1.027 -0.776 -0.59 -0.919 -0.99 -1.058 -1.054 -1.071 -0.9 -0.611 -0.457 -0.687 -0.663 -0.765 -0.434 0.126 0.589 0.994 1.227 0.886 0.76 0.406 -0.118 -0.334 -0.638 -0.537 -0.431 -0.152 0.152
-1.016 -0.397 0.417 0.282 -0.21 -0.561 -0.96 -1.216 -0.787 -1.053 -1.591 -1.598 -1.48 -1.158 -0.937 -0.834 -1.236 -1.759 -2.044 -2.191 -2.191 -1.677 -1.131 -1.127 -0.576 -0.194 -0.257 -0.489 -0.63 -0.845 -1.086 -1.511 -1.469 -0.807 -0.238 0.209 0.745 0.947 0.528 -0.065 -0.527 -1.018 -1.259 -1.06 -0.961 -1.104 -1.281 -1.081 -0.895 -0.749 -0.847 -0.764 -0.724 -0.649 -0.675 -0.692 -0.446 -0.09 -0.629 -0.528 -0.716 -0.376 0.139 0.253 0.643 1.18 1.244 0.952 0.43 0.071 -0.058 -0.364 -0.681 -0.684 -0.473 -0.354
-0.781 -0.353 0.429 0.137 -0.165 -0.422 -0.979 -1.372 -0.879 -0.991 -1.479 -1.509 -1.136 -0.921 -1.015 -1.282 -1.573 -1.852 -2.303 -2.527 -2.444 -1.658 -1.303 -1.365 -0.662 -0.383 -0.327 -0.064 -0.124 -0.422 -0.705 -0.968 -1.037 -0.575 -0.135 0.22 0.682 0.991 0.483 0.082 -0.426 -0.953 -1.045 -0.72 -0.813 -1.178 -1.201 -1.14 -1.093 -0.708 -0.441 -0.301 -0.16 -0.053 -0.036 -0.08 -0.11 0.104 -0.334 -0.156 -0.449 -0.387 -0.273 -0.266 0.135 0.693 1.165 1.26 1.048 0.693 0.393 -0.091 -0.393 -0.601 -0.226 0.216
-0.336 -0.069 0.462 0.018 -0.543 -0.628 -1.057 -1.518 -1.113 -1.054 -1.518 -1.352 -0.985 -0.859 -1.178 -1.653 -2.006 -1.906 -2.357 -2.221 -2.123 -1.789 -1.493 -1.444 -0.841 -0.92 -0.927 -0.251 0.141 -0.009 -0.353 -0.515 -0.555 -0.414 0.055 0.4 0.734 1.004 0.575 0.14 -0.471 -0.691 -0.699 -0.496 -0.834 -1.018 -0.888 -0.94 -1.18 -0.902 -0.66 -0.455 -0.274 -0.142 -0.161 0.048 0.174 0.302 0.269 0.218 0.011 -0.266 -0.51 -0.303 0.164 0.496 0.868 1.266 1.354 1.231 0.788 0.408 -0.015 -0.515 -0.144 0.156
0.022 0.283 0.397 0.029 -0.641 -1.046 -1.374 -1.706 -1.424 -1.058 -1.603 -1.445 -0.967 -0.855 -0.961 -1.223 -1.487 -1.566 -2.061 -1.681 -1.59 -1.559 -1.619 -1.491 -1.028 -1.01 -0.79 -0.47 0.011 0.268 0.15 0.012 0.009 -0.188 -0.029 0.445 0.802 0.996 0.403 -0.279 -0.628 -0.207 -0.193 -0.298 -0.517 -0.565 -0.696 -0.995 -0.905 -0.869 -0.72 -0.729 -0.714 -0.649 -0.639 -0.38 -0.244 -0.125 0.186 0.542 0.308 -0.177 -0.21 0.033 0.256 0.276 0.435 0.83 1.084 1.311 1.024 0.729 0.285 -0.359 -0.373 -0.147
0.125 -0.178 -0.026 0.105 -0.542 -1.191 -1.595 -1.918 -1.637 -1.203 -1.679 -1.61 -1.181 -1.07 -0.732 -0.686 -1.037 -1.437 -1.82 -1.281 -0.962 -1.045 -1.198 -1.241 -0.912 -0.592 -0.208 0.018 0.096 0.338 0.593 0.563 0.51 0.072 -0.263 0.3 0.87 0.939 0.153 -0.544 -0.643 -0.026 -0.161 -0.616 -0.649 -0.524 -0.819 -0.887 -0.598 -0.368 -0.319 -0.301 -0.493 -0.586 -0.51 -0.388 -0.122 -0.051 -0.034 0.613 0.248 -0.05 0.022 0.461 0.649 0.384 0.038 0.324 0.669 1.243 0.753 0.289 -0.093 -0.264 0.056 0.301
-0.305 -0.824 -0.745 0.08 -0.355 -0.995 -1.526 -1.986 -1.875 -1.543 -1.672 -1.803 -1.676 -1.448 -1 -0.511 -0.769 -1.151 -1.531 -1.255 -0.572 -0.578 -0.574 -0.658 -0.293 0.053 0.328 0.516 0.526 0.563 0.811 0.889 0.863 0.396 -0.299 0.103 0.897 0.888 0.045 -0.545 -0.225 0.229 -0.267 -0.842 -0.906 -0.659 -0.866 -0.872 -0.62 -0.301 -0.081 0.12 0.023 -0.026 -0.083 -0.058 0.309 0.477 0.509 0.737 0.649 0.517 0.521 0.816 0.922 0.69 0.261 0.443 0.934 1.273 1.091 0.443 0.02 -0.124 0.208 0.299
-0.63 -1.06 -1.269 -0.368 -0.112 -0.748 -1.398 -2.023 -2.172 -1.975 -1.852 -2.119 -1.859 -1.352 -0.95 -0.558 -0.418 -0.604 -1.01 -0.987 -0.271 -0.228 -0.127 -0.009 0.174 0.227 0.236 0.167 0.18 0.144 0.26 0.493 0.84 0.737 -0.096 0.035 0.917 0.79 0.05 -0.154 0.263 0.051 -0.283 -0.557 -0.943 -0.975 -1.021 -0.852 -0.715 -0.719 -0.399 0.034 0.142 0.234 0.368 0.419 0.384 0.205 0.321 0.587 0.676 0.885 0.896 0.885 0.954 1.074 0.772 0.643 1.034 1.181 1.322 0.692 0.216 0.211 0.508 0.767
-0.893 -1.389 -1.535 -0.811 -0.177 -0.651 -1.369 -1.89 -2.055 -2.064 -2.16 -2.365 -1.926 -1.377 -1.118 -0.902 -0.528 -0.248 -0.357 -0.368 -0.374 -0.565 -0.112 0.113 -0.279 -0.374 -0.564 -0.607 -0.691 -0.701 -0.611 -0.243 0.225 0.868 0.222 -0.093 0.684 0.993 0.341 0.306 0.199 0.08 -0.102 -0.669 -1.004 -0.764 -0.578 -0.581 -0.37 -0.724 -0.413 -0.19 -0.326 0.011 -0.038 0.066 -0.153 -0.168 -0.13 0.194 0.209 0.559 0.403 0.467 0.599 1.001 1.032 1.184 1.341 1.378 1.424 0.902 0.583 0.791 1.036 1.199
-1.306 -1.768 -1.759 -1.228 -0.438 -0.489 -1.215 -1.643 -1.861 -2.075 -2.242 -2.554 -2.279 -1.962 -1.624 -1.387 -1.074 -0.278 -0.235 -0.511 -0.859 -0.699 -0.096 -0.484 -0.995 -1.102 -1.223 -1.299 -1.151 -1.085 -1.098 -0.846 -0.426 0.683 0.487 0.243 0.885 1.142 0.594 0.559 0.425 0.496 -0.074 -0.728 -0.91 -0.534 -0.132 -0.103 -0.242 -0.585 -0.58 -0.505 -0.549 -0.172 -0.292 -0.148 -0.239 -0.356 -0.324 -0.044 0.222 0.339 0.395 0.648 0.801 1.071 1.226 1.223 1.288 1.411 1.466 1.291 1.146 1.28 1.417 1.479
-1.658 -2.097 -1.825 -1.298 -0.787 -0.328 -0.964 -1.514 -1.858 -2.037 -2.187 -2.675 -2.915 -2.597 -2.037 -1.622 -1.13 -0.349 -0.629 -0.892 -0.654 -0.252 -0.394 -0.875 -1.201 -1.109 -1.119 -1.205 -1.055 -0.82 -1.057 -0.927 -0.379 0.613 0.825 0.761 1.251 1.147 0.814 0.779 0.8 0.386 -0.028 -0.646 -0.496 -0.224 0.091 0.203 -0.076 -0.275 -0.571 -0.422 -0.584 -0.448 -0.334 -0.163 0.096 0.17 0.129 0.404 0.713 0.713 0.865 1.003 1.062 1.09 0.841 0.743 0.928 1.274 1.388 1.476 1.471 1.494 1.523 1.527
-1.707 -2.173 -1.815 -1.585 -1.442 -0.631 -0.585 -1.199 -1.577 -1.95 -2.414 -2.72 -3.122 -2.599 -1.943 -1.463 -0.772 -0.554 -0.97 -0.983 -0.455 -0.207 -0.635 -0.824 -0.948 -0.787 -0.719 -0.656 -0.61 -0.549 -0.828 -0.494 0.076 0.714 1.1 1.083 1.308 -9 -9 0.944 0.535 0.009 -0.419 -0.61 -0.541 -0.473 -0.084 0.294 -0.132 -0.211 -0.243 -0.08 -0.297 -0.363 -0.019 0.089 0.305 0.649 0.692 0.833 0.97 0.997 0.969 0.814 0.88 0.816 0.55 0.433 0.78 1.197 1.381 1.49 1.524 1.527 1.53 1.533
-1.8 -2.246 -2.081 -2.063 -1.956 -1.13 -0.505 -0.891 -1.494 -2.021 -2.269 -2.5 -3.129 -2.361 -1.636 -1.177 -0.571 -0.823 -1.172 -1.061 -0.408 -0.512 -0.984 -0.9 -1.001 -0.802 -0.498 -0.276 -0.162 -0.45 -0.762 -0.49 0.021 0.494 1.071 1.264 1.337 -9 -9 -9 0.099 -0.211 -0.35 -0.183 -0.167 -0.12 0.046 0.399 0.229 0.234 0.124 0.175 0.058 -0.005 0.161 0.375 0.4 0.717 0.922 0.847 0.904 0.871 0.799 0.574 0.433 0.344 0.365 0.503 1.067 1.394 1.492 1.526 1.533 1.534 1.538 1.535
-1.898 -2.358 -2.719 -2.703 -2.004 -1.244 -0.582 -0.824 -1.364 -1.804 -1.912 -2.26 -2.736 -2.228 -1.629 -1.426 -1.211 -1.313 -1.347 -0.961 -0.397 -0.958 -1.283 -1.169 -1.198 -1.027 -0.579 -0.121 0.031 -0.04 -0.597 -0.525 -0.114 0.351 1.129 1.36 1.351 -9 -9 -9 -9 -9 0.192 0.235 0.247 0.351 0.444 0.595 0.597 0.581 0.516 0.434 0.33 0.27 0.442 0.686 0.752 0.827 0.762 0.451 0.584 0.568 0.515 0.194 0.101 0.231 0.455 0.916 1.428 1.531 1.54 1.541 1.541 1.541 1.533 1.469
-2.201 -2.525 -2.909 -2.78 -1.918 -1.187 -0.611 -0.63 -1.133 -1.438 -1.856 -2.261 -2.711 -2.722 -1.93 -1.848 -1.588 -1.709 -1.711 -0.884 -0.839 -1.329 -1.382 -1.263 -0.89 -0.681 -0.371 0.165 0.301 0.26 0.026 0.032 0.385 0.804 1.332 1.387 1.376 -9 -9 -9 -9 -9 -9 0.614 0.568 0.626 0.638 0.672 0.672 0.716 0.745 0.665 0.614 0.609 0.762 0.793 0.723 0.665 0.445 0.106 0.132 0.045 0.038 -0.255 0.189 0.609 0.84 1.284 1.537 1.546 1.547 1.548 1.548 1.52 1.374 1.111
-2.793 -2.868 -2.916 -2.624 -2.171 -1.537 -0.828 -0.414 -1.045 -1.513 -1.982 -2.428 -2.87 -3.008 -2.231 -2.19 -1.885 -1.803 -1.259 -0.809 -1.136 -1.355 -1.118 -0.968 -0.653 -0.075 0.124 0.415 0.621 0.685 0.686 0.753 0.926 1.199 1.371 1.394 -9 -9 -9 -9 -9 -9 -9 -9 0.524 0.475 0.374 0.354 0.43 0.594 0.672 0.731 0.739 0.772 0.73 0.475 0.298 0.23 0.034 -0.229 -0.382 -0.458 -0.496 -0.442 0.15 0.784 1.162 1.49 1.549 1.549 1.549 1.549 1.513 1.258 0.934 0.632
-3.165 -3.109 -3.095 -2.732 -2.036 -1.55 -0.961 -0.437 -0.966 -1.664 -2.127 -2.452 -2.536 -2.633 -2.52 -2.192 -1.75 -1.466 -0.926 -1.02 -1.273 -1.094 -0.732 -0.583 -0.276 0.13 0.267 0.436 0.609 0.809 0.797 0.866 0.981 1.206 1.365 1.404 -9 -9 -9 -9 -9 -9 -9 -9 -9 0.047 -0.057 -0.013 0.346 0.304 0.285 0.346 0.46 0.591 0.459 0.319 0.068 0.106 0.236 0.193 -0.197 -0.158 -0.305 -0.337 0.268 0.824 1.352 1.546 1.549 1.549 1.549 1.518 1.208 0.892 0.487 0.194
-3.143 -3.509 -3.279 -2.665 -1.827 -1.2 -0.852 -0.588 -0.797 -1.495 -1.909 -1.95 -2.087 -2.317 -2.458 -2.121 -1.615 -1.27 -1.036 -1.168 -1.281 -1.11 -0.857 -0.561 -0.267 -0.15 -0.221 -0.117 0.254 0.483 0.315 0.405 0.646 1.002 1.306 1.417 -9 -9 -9 -9 -9 -9 -9 -9 -9 -9 -0.302 -0.042 0.332 0.123 -0.154 0.058 0.371 0.593 0.643 0.355 0.293 0.372 0.717 0.358 -0.051 0.286 0.123 -0.02 0.53 1.036 1.476 1.549 1.553 1.514 1.478 1.277 0.874 0.443 0.111 0.164
-3.129 -3.547 -3.15 -2.387 -1.631 -0.929 -0.828 -1.006 -0.691 -0.994 -1.393 -1.527 -1.754 -2.146 -2.562 -2.306 -1.76 -1.288 -0.926 -0.763 -0.854 -1.138 -1.265 -1.109 -0.818 -0.638 -0.654 -0.493 -0.1 -0.024 -0.153 0.2 0.614 1.024 1.355 1.432 -9 -9 -9 -9 -9 -9 -9 -9 -9 -9 -9 0.084 0.024 0.076 -0.248 0.115 0.445 0.423 0.785 0.74 0.821 0.853 0.914 0.47 0.207 0.592 0.132 0.148 0.643 1.232 1.543 1.549 1.54 1.322 1.119 0.909 0.531 0.2 0.092 0.509
-3.243 -3.674 -2.805 -2.068 -1.549 -1.123 -1.283 -1.589 -0.942 -0.749 -1.445 -1.837 -1.846 -2.038 -2.388 -1.951 -1.389 -0.94 -0.761 -0.614 -0.418 -0.645 -0.947 -1.184 -0.945 -0.607 -0.556 -0.199 -0.075 -0.262 -0.288 0.207 0.768 1.265 1.444 -9 -9 -9 -9 -9 -9 -9 -9 -9 -9 -9 -9 -0.297 -0.228 0.045 -0.208 0.213 0.255 0.248 0.686 0.569 0.836 0.737 1.027 0.703 0.242 0.722 0.494 0.358 0.809 1.316 1.548 1.549 1.444 1.054 0.776 0.702 0.496 0.319 0.299 0.7
-3.132 -3.512 -2.809 -2.221 -1.914 -1.579 -1.799 -2.021 -1.141 -0.806 -1.311 -1.926 -2.156 -2.195 -2.296 -1.662 -1.188 -1.025 -1.158 -0.961 -0.422 -0.137 -0.486 -0.922 -1.029 -0.619 -0.259 -0.038 0.282 0.231 0.096 0.501 1.085 1.422 -9 -9 -9 -9 -9 -9 -9 -9 -9 -9 -9 -9 -9 -9 -0.378 0.022 -0.183 0.19 -0.118 0.313 0.508 0.312 0.618 0.535 0.992 0.773 0.511 0.707 0.976 0.576 0.758 1.274 1.542 1.551 1.41 0.905 0.648 0.502 0.446 0.423 0.663 0.911
-2.828 -3.353 -3.085 -2.529 -2.209 -1.967 -2.068 -2.023 -1.163 -0.914 -1.35 -1.441 -1.971 -2.314 -2.206 -1.686 -1.459 -1.468 -1.29 -0.648 -0.423 0.145 -0.27 -0.774 -0.855 -0.442 -0.479 -0.287 0.373 0.705 0.668 0.847 1.331 1.447 -9 -9 -9 -9 -9 -9 -9 -9 -9 -9 -9 -9 -9 -9 -9 -0.328 -0.167 -0.17 -0.141 0.093 0.09 0.385 0.805 0.881 1.055 1.085 1.069 1.029 1.133 1.044 1.045 1.339 1.549 1.562 1.538 1.086 0.749 0.555 0.587 0.803 0.952 0.798
-2.575 -3.279 -3.313 -2.768 -2.428 -2.334 -2.271 -2.039 -1.253 -0.965 -1.621 -1.514 -1.648 -2.176 -2.193 -1.524 -1.402 -1.447 -0.952 -0.073 0.142 0.451 0.087 -0.465 -0.278 0.042 -0.065 0.057 0.48 0.944 1.063 1.145 1.381 -9 -9 -9 -9 -9 -9 -9 -9 -9 -9 -9 -9 -9 -9 -9 -9 -0.606 -0.513 -0.248 -0.221 -0.241 0.073 0.464 0.427 0.558 0.776 0.747 0.985 0.903 0.977 1.118 1.3 1.419 1.473 1.562 1.552 1.188 0.892 0.926 0.985 1.033 0.991 0.629
-2.427 -2.949 -3.262 -2.927 -2.712 -2.583 -2.272 -1.919 -1.291 -1.084 -1.8 -1.963 -1.538 -1.955 -2.246 -1.672 -1.078 -0.815 -0.456 0.235 0.301 0.451 0.607 0.251 0.282 0.281 0.577 0.786 0.925 0.942 0.598 0.783 -9 -9 -9 -9 -9 -9 -9 -9 -9 -9 -9 -9 -9 -9 -9 -9 -9 -9 -0.217 0.136 0.11 -0.276 -0.05 0.131 0.034 0.374 0.366 0.63 0.688 0.5 0.564 0.762 0.923 1.066 1.313 1.559 1.557 1.354 1.163 1.165 1.118 0.847 0.754 0.511
-2.245 -2.627 -2.93 -3.062 -2.996 -2.538 -2.226 -1.978 -1.446 -1.147 -1.781 -2.138 -1.884 -1.805 -2.165 -1.871 -1.208 -0.527 -0.179 -0.254 -0.358 -0.322 0.212 0.713 0.813 0.838 0.804 0.629 0.531 0.386 0.308 -9 -9 -9 -9 -9 -9 -9 -9 -9 -9 -9 -9 -9 -9 -9 -9 -9 -9 -9 -9 0.382 0.135 -0.395 -0.227 -0.068 -0.005 0.231 0.281 0.497 0.481 0.417 0.478 0.584 0.661 0.787 1.185 1.547 1.556 1.497 1.269 1.111 1.055 0.855 0.688 0.438
-2.026 -2.444 -2.798 -2.992 -2.732 -2.572 -2.424 -2.02 -1.378 -1.134 -1.734 -2.211 -2.336 -1.981 -1.781 -1.617 -1.304 -0.365 -0.449 -0.859 -0.952 -0.748 -0.27 0.094 0.36 0.316 0.115 -0.062 0.067 0.02 -9 -9 -9 -9 -9 -9 -9 -9 -9 -9 -9 -9 -9 -9 -9 -9 -9 -9 -9 -9 -9 -9 -9 -0.363 0.013 0.346 0.311 0.392 0.401 0.305 0.223 0.475 0.741 0.866 0.959 0.967 1.235 1.545 1.56 1.557 1.378 1.213 1.123 1.06 0.872 0.593
-2.041 -2.444 -2.948 -3.216 -2.812 -2.819 -2.558 -1.875 -1.561 -1.143 -1.482 -1.708 -2.004 -2.148 -1.622 -1.136 -0.741 -0.422 -0.693 -1.055 -1.33 -1.132 -0.824 -0.648 -0.255 -0.322 -0.159 0.137 0.596 -9 -9 -9 -9 -9 -9 -9 -9 -9 -9 -9 -9 -9 -9 -9 -9 -9 -9 -9 -9 -9 -9 -9 -9 -9 0.106 0.453 0.629 0.691 0.492 0.383 0.313 0.424 0.662 0.996 1.294 1.395 1.481 1.557 1.562 1.562 1.497 1.333 1.279 1.207 0.961 0.641
