data/climatemaps/RS_maps/climate_breeding_tmp_2009.asc
NCOLS 369 
NROWS 228 
XLLCORNER 479000 
YLLCORNER 73000 
CELLSIZE 1000 
NODATA_value -9 
[rows 102 to 135 of 228, columns 77 to 153 of 369]
1.216 1.218 1.218 1.218 1.218 1.218 1.218 1.218 1.211 1.169 1.126 1.089 1.043 1.066 1.152 1.203 1.214 1.217 1.222 1.22 1.198 1.153 1.069 1.036 1.084 1.11 1.117 1.096 1.13 1.059 0.967 0.951 0.938 0.985 0.993 1.012 0.993 0.984 1.009 1.003 1.013 0.989 1.027 1.048 1.083 1.039 1.025 1.016 0.98 0.913 0.841 0.848 0.972 0.909 0.756 0.705 0.801 0.757 0.591 0.582 0.582 0.518 0.475 0.366 0.515 0.622 0.758 0.84 0.785 0.786 0.794 0.774 0.717 0.626 0.453 0.467 0.576
1.218 1.218 1.218 1.218 1.218 1.218 1.218 1.214 1.158 1.106 1.039 1.029 1.035 1.137 1.212 1.218 1.218 1.22 1.222 1.192 1.146 1.074 1.023 1.027 1.049 1.079 1.1 1.085 1.132 1.053 1.01 0.974 0.967 0.958 0.944 0.943 0.908 0.907 0.971 1.002 0.927 0.93 1.008 0.99 1.001 1.052 1.046 1.031 1.007 1 0.968 0.935 0.956 0.954 0.868 0.809 0.749 0.761 0.722 0.652 0.577 0.519 0.452 0.363 0.509 0.682 0.828 0.79 0.684 0.646 0.627 0.704 0.771 0.659 0.514 0.64 0.509
1.223 1.223 1.223 1.223 1.219 1.218 1.215 1.175 1.117 1.087 1.088 1.111 1.166 1.218 1.218 1.218 1.223 1.212 1.2 1.169 1.106 1.049 1.008 1.008 1.022 1.075 1.078 1.08 1.132 1.039 0.994 0.971 0.939 0.932 0.936 0.911 0.886 0.886 0.965 0.911 0.916 0.966 0.957 0.819 0.739 0.95 1.046 1.084 1.046 0.977 0.984 0.985 0.911 0.932 0.929 0.855 0.751 0.753 0.723 0.603 0.508 0.504 0.519 0.524 0.549 0.712 0.802 0.779 0.604 0.501 0.422 0.559 0.649 0.721 0.702 0.646 0.521
1.224 1.224 1.224 1.224 1.228 1.214 1.183 1.132 1.119 1.121 1.162 1.205 1.205 1.217 1.218 1.217 1.213 1.196 1.16 1.128 1.069 1.046 1.019 0.997 1.024 1.087 1.089 1.08 1.129 1.065 1.031 0.962 0.928 0.912 0.916 0.91 0.897 0.912 0.918 0.869 0.916 0.908 0.895 0.852 0.74 0.81 1.01 1.081 1.081 1.043 0.987 1.003 0.971 0.944 0.922 0.863 0.796 0.753 0.714 0.603 0.59 0.603 0.58 0.571 0.672 0.756 0.69 0.736 0.731 0.637 0.441 0.375 0.481 0.555 0.552 0.527 0.542
1.23 1.23 1.228 1.225 1.22 1.188 1.141 1.11 1.116 1.166 1.212 1.218 1.217 1.214 1.216 1.206 1.179 1.174 1.126 1.058 0.995 1.042 1.06 1.04 1.048 1.059 1.077 1.106 1.126 1.048 1.006 1.002 0.982 0.978 0.939 0.919 0.916 0.939 0.877 0.804 0.867 0.872 0.832 0.665 0.74 0.766 0.827 1.034 1.079 1.078 1.051 1.029 0.985 0.968 0.916 0.805 0.718 0.656 0.703 0.753 0.771 0.768 0.732 0.707 0.76 0.695 0.545 0.541 0.711 0.675 0.541 0.457 0.358 0.48 0.443 0.392 0.335
1.235 1.234 1.225 1.209 1.19 1.161 1.138 1.12 1.136 1.195 1.218 1.218 1.216 1.218 1.206 1.176 1.168 1.124 1.057 1.005 1.02 1.049 1.053 1.053 1.031 1.031 1.11 1.087 1.07 1.077 1.068 1.047 1.033 1.041 1.026 0.98 0.964 0.957 0.859 0.901 0.876 0.847 0.776 0.629 0.603 0.598 0.657 0.879 1.053 1.065 1.061 1.052 1.012 0.96 0.904 0.768 0.598 0.565 0.721 0.819 0.801 0.742 0.688 0.745 0.71 0.613 0.577 0.428 0.535 0.693 0.703 0.512 0.318 0.383 0.309 0.198 0.28
1.243 1.231 1.204 1.179 1.159 1.155 1.157 1.167 1.181 1.217 1.218 1.218 1.218 1.206 1.17 1.135 1.129 1.088 1.058 1.014 1.035 1.006 0.992 1 1.028 1.063 1.081 1.033 0.998 0.991 1.013 1.017 0.988 0.994 0.984 0.95 0.939 0.99 0.892 0.868 0.824 0.762 0.737 0.625 0.551 0.547 0.627 0.774 1.016 0.966 0.956 1.052 1.043 0.98 0.912 0.799 0.686 0.719 0.833 0.799 0.7 0.603 0.573 0.641 0.55 0.51 0.515 0.402 0.377 0.547 0.703 0.531 0.383 0.3 0.258 0.107 0.239
1.24 1.201 1.166 1.154 1.154 1.165 1.19 1.206 1.215 1.218 1.218 1.218 1.204 1.167 1.104 1.109 1.059 1.051 1.058 1.036 1.011 0.965 0.953 0.999 1.055 1.065 1.039 1.008 0.971 0.947 0.953 0.971 0.967 0.977 0.921 0.869 0.865 0.952 0.866 0.784 0.774 0.726 0.705 0.681 0.587 0.545 0.624 0.814 1.027 0.788 0.756 0.996 1.05 1.015 0.944 0.876 0.826 0.845 0.846 0.705 0.599 0.475 0.498 0.501 0.386 0.354 0.427 0.429 0.349 0.492 0.606 0.677 0.54 0.398 0.286 0.113 0.225
1.209 1.172 1.149 1.148 1.171 1.199 1.215 1.218 1.218 1.218 1.217 1.204 1.157 1.085 1.051 1.077 1.007 1.008 1.023 1.009 0.979 0.915 0.952 1.04 1.049 1.031 0.996 0.968 0.955 0.944 0.938 0.934 0.91 0.922 0.887 0.826 0.796 0.892 0.856 0.763 0.736 0.667 0.596 0.636 0.655 0.604 0.627 0.861 1.037 0.762 0.673 0.853 1.031 1.037 0.958 0.868 0.772 0.794 0.813 0.594 0.488 0.337 0.357 0.316 0.305 0.328 0.441 0.527 0.489 0.541 0.577 0.671 0.589 0.432 0.253 0.175 0.15
1.178 1.162 1.145 1.164 1.197 1.216 1.218 1.218 1.218 1.206 1.196 1.131 1.087 1.041 1.068 1.039 1.002 1.003 0.995 0.954 0.978 0.936 1.001 1.047 1.023 0.991 0.942 0.919 0.904 0.92 0.943 0.915 0.874 0.871 0.862 0.753 0.795 0.859 0.819 0.781 0.761 0.655 0.599 0.578 0.566 0.573 0.605 0.839 1.036 0.78 0.651 0.733 0.97 1.042 0.978 0.856 0.726 0.761 0.747 0.454 0.379 0.318 0.351 0.362 0.405 0.464 0.509 0.558 0.502 0.535 0.531 0.576 0.574 0.462 0.298 0.256 0.14
1.173 1.159 1.151 1.193 1.219 1.222 1.219 1.222 1.217 1.184 1.131 1.034 0.981 1.011 1.053 1.013 0.987 0.969 0.923 0.905 0.985 1.031 1.037 1.022 1.007 0.963 0.919 0.892 0.889 0.894 0.919 0.898 0.835 0.809 0.845 0.786 0.826 0.813 0.746 0.736 0.752 0.698 0.678 0.629 0.546 0.459 0.518 0.775 1.027 0.881 0.697 0.686 0.926 1.04 1.001 0.88 0.726 0.768 0.747 0.548 0.498 0.469 0.459 0.463 0.433 0.425 0.515 0.496 0.366 0.38 0.381 0.513 0.499 0.451 0.34 0.202 0.02
1.178 1.169 1.203 1.219 1.223 1.223 1.222 1.22 1.202 1.147 1.056 0.995 0.976 1.037 1.013 0.99 0.968 0.907 0.92 0.955 1.029 1.055 1.026 1.009 0.972 0.947 0.915 0.893 0.873 0.843 0.89 0.87 0.822 0.766 0.777 0.815 0.792 0.72 0.756 0.759 0.706 0.674 0.64 0.613 0.591 0.494 0.5 0.721 0.994 1.002 0.863 0.756 0.923 1.035 1.012 0.919 0.806 0.852 0.829 0.685 0.564 0.467 0.367 0.389 0.338 0.356 0.47 0.427 0.279 0.216 0.243 0.444 0.523 0.433 0.283 0.083 0.131
1.183 1.209 1.222 1.223 1.223 1.223 1.223 1.207 1.176 1.129 1.072 1.06 1.035 0.987 0.967 0.959 0.942 0.927 0.984 1.02 1.002 1.002 1.038 0.999 0.92 0.91 0.917 0.898 0.863 0.841 0.851 0.828 0.818 0.746 0.759 0.83 0.735 0.673 0.753 0.753 0.75 0.705 0.596 0.482 0.493 0.484 0.492 0.695 0.929 1.027 0.995 0.896 0.928 1.012 1.02 0.958 0.919 0.904 0.757 0.517 0.381 0.269 0.281 0.361 0.364 0.369 0.427 0.452 0.321 0.268 0.201 0.311 0.44 0.455 0.294 0.295 0.399
1.195 1.205 1.203 1.213 1.223 1.22 1.186 1.187 1.176 1.132 1.037 1.02 0.942 0.921 0.922 0.853 0.912 0.983 1.008 0.963 0.946 0.967 1.002 1 0.889 0.891 0.912 0.903 0.864 0.852 0.794 0.731 0.743 0.751 0.783 0.742 0.704 0.686 0.702 0.688 0.71 0.7 0.558 0.512 0.527 0.518 0.541 0.659 0.848 1.014 1.014 0.912 0.935 0.979 1.019 0.992 0.97 0.906 0.643 0.425 0.344 0.331 0.451 0.434 0.437 0.416 0.409 0.449 0.471 0.404 0.312 0.176 0.166 0.425 0.502 0.527 0.484
1.154 1.172 1.151 1.181 1.223 1.201 1.168 1.137 1.048 1.101 1.057 0.99 0.958 0.922 0.878 0.873 0.949 0.958 0.941 0.949 0.937 0.913 1 0.963 0.88 0.9 0.887 0.853 0.822 0.81 0.744 0.666 0.681 0.726 0.75 0.683 0.676 0.646 0.661 0.693 0.726 0.692 0.666 0.663 0.664 0.663 0.644 0.706 0.813 0.996 1.016 0.905 0.952 0.959 1.014 0.989 0.956 0.869 0.687 0.629 0.55 0.558 0.562 0.481 0.495 0.483 0.477 0.474 0.394 0.311 0.228 0.174 0.091 0.177 0.188 0.249 0.363
1.074 1.11 1.132 1.194 1.22 1.185 1.115 1.015 0.967 1.042 1.042 0.98 0.94 0.904 0.846 0.893 0.953 0.927 0.917 0.868 0.885 0.907 1 0.978 0.897 0.899 0.908 0.856 0.788 0.749 0.731 0.672 0.698 0.684 0.653 0.609 0.64 0.593 0.606 0.664 0.696 0.722 0.669 0.556 0.517 0.574 0.673 0.699 0.735 0.947 1.008 0.927 0.95 0.966 1.013 0.968 0.941 0.804 0.767 0.71 0.651 0.607 0.599 0.586 0.548 0.507 0.474 0.417 0.296 0.097 -0.02 -0.133 -0.133 -0.108 -0.015 0.137 0.094
1 1.103 1.16 1.207 1.211 1.154 1.087 0.982 0.97 0.992 0.99 1.008 0.982 0.975 0.948 0.942 0.904 0.911 0.918 0.882 0.89 0.939 0.982 0.906 0.844 0.848 0.87 0.86 0.817 0.797 0.749 0.698 0.696 0.695 0.578 0.588 0.59 0.528 0.553 0.59 0.65 0.682 0.547 0.419 0.328 0.398 0.528 0.672 0.703 0.934 0.992 0.94 0.911 0.978 1.009 0.983 0.972 0.741 0.78 0.672 0.606 0.641 0.661 0.633 0.594 0.513 0.429 0.304 0.214 0.117 0.162 0.071 0.093 0.05 0.102 -0.027 -0.168
1.042 1.141 1.195 1.21 1.199 1.128 1.051 0.959 0.964 0.977 0.96 0.944 0.921 0.924 0.921 0.896 0.918 0.956 0.994 0.976 0.978 0.995 0.979 0.87 0.802 0.813 0.836 0.796 0.792 0.781 0.76 0.726 0.642 0.648 0.536 0.533 0.472 0.406 0.448 0.563 0.622 0.657 0.62 0.507 0.47 0.493 0.531 0.555 0.653 0.899 0.975 0.943 0.917 0.978 1.005 1.006 0.998 0.868 0.848 0.844 0.783 0.762 0.716 0.673 0.602 0.565 0.436 0.368 0.371 0.34 0.301 0.258 0.252 0.242 0.139 -0.15 -0.6
1.08 1.167 1.207 1.214 1.152 1.027 0.943 0.909 0.941 0.935 0.909 0.85 0.82 0.855 0.881 0.9 0.943 0.97 0.941 0.987 0.993 0.968 0.939 0.886 0.829 0.813 0.803 0.743 0.681 0.682 0.684 0.7 0.634 0.589 0.445 0.357 0.296 0.287 0.384 0.532 0.566 0.601 0.547 0.535 0.526 0.462 0.46 0.476 0.667 0.92 0.909 0.893 0.882 0.949 0.995 1 0.994 0.973 0.952 0.888 0.731 0.602 0.503 0.418 0.355 0.448 0.502 0.407 0.311 0.198 0.11 -0.012 0.056 0.103 0.081 -0.374 -0.654
1.081 1.165 1.217 1.168 1.057 0.956 0.879 0.889 0.914 0.903 0.874 0.809 0.819 0.833 0.858 0.907 0.933 0.935 0.937 0.981 0.945 0.925 0.89 0.889 0.857 0.827 0.77 0.719 0.621 0.598 0.596 0.634 0.645 0.581 0.443 0.314 0.229 0.291 0.4 0.404 0.432 0.447 0.443 0.399 0.333 0.288 0.345 0.528 0.787 0.936 0.843 0.858 0.885 0.913 0.98 0.992 0.993 0.988 0.965 0.786 0.604 0.464 0.354 0.286 0.29 0.335 0.407 0.292 0.171 0.059 -0.062 -0.186 -0.025 -0.282 -0.244 -0.356 -0.378
1.099 1.191 1.194 1.087 1.007 0.922 0.861 0.889 0.883 0.854 0.86 0.839 0.843 0.838 0.889 0.909 0.905 0.927 0.971 0.936 0.873 0.844 0.821 0.81 0.836 0.841 0.765 0.703 0.644 0.579 0.499 0.551 0.625 0.678 0.529 0.465 0.374 0.254 0.226 0.178 0.178 0.231 0.259 0.223 0.164 0.063 0.218 0.46 0.756 0.902 0.866 0.842 0.869 0.896 0.966 0.984 0.989 0.988 0.973 0.74 0.58 0.463 0.322 0.186 0.204 0.23 0.304 0.196 0.019 -0.023 -0.188 -0.397 -0.344 -0.61 -0.499 -0.294 -0.191
1.161 1.195 1.117 1.02 0.964 0.889 0.847 0.866 0.85 0.83 0.853 0.838 0.845 0.861 0.91 0.865 0.874 0.913 0.95 0.881 0.8 0.763 0.77 0.781 0.797 0.806 0.751 0.706 0.653 0.513 0.43 0.517 0.611 0.678 0.588 0.511 0.348 0.134 -0.019 -0.1 -0.055 0.03 -0.001 -0.014 -0.009 -0.15 0.072 0.375 0.674 0.844 0.862 0.837 0.858 0.891 0.947 0.973 0.983 0.983 0.982 0.894 0.737 0.501 0.342 0.229 0.062 0.105 0.225 0.018 -0.155 -0.162 -0.392 -0.517 -0.625 -0.639 -0.431 -0.14 -0.114
1.201 1.152 1.029 0.934 0.886 0.823 0.807 0.819 0.862 0.882 0.887 0.877 0.881 0.9 0.916 0.863 0.865 0.883 0.912 0.862 0.782 0.75 0.707 0.765 0.747 0.742 0.685 0.674 0.673 0.547 0.504 0.568 0.622 0.642 0.462 0.287 0.078 -0.121 -0.248 -0.255 -0.235 -0.192 -0.288 -0.249 -0.227 -0.257 0.047 0.371 0.587 0.801 0.831 0.79 0.826 0.882 0.916 0.958 0.978 0.983 0.986 0.986 0.898 0.672 0.494 0.279 0.139 0.21 0.194 -0.041 -0.269 -0.439 -0.427 -0.335 -0.672 -0.561 -0.347 -0.028 0.058
1.176 1.051 0.941 0.844 0.802 0.759 0.765 0.836 0.889 0.903 0.932 0.932 0.932 0.92 0.896 0.865 0.877 0.87 0.898 0.849 0.775 0.718 0.686 0.666 0.649 0.598 0.59 0.566 0.609 0.605 0.502 0.523 0.593 0.576 0.298 0.038 -0.073 -0.12 -0.187 -0.097 -0.221 -0.288 -0.316 -0.369 -0.352 -0.2 0.031 0.166 0.382 0.718 0.789 0.8 0.804 0.862 0.89 0.921 0.949 0.983 0.995 0.998 0.986 0.91 0.703 0.416 0.317 0.402 0.196 -0.084 -0.462 -0.513 -0.162 -0.503 -0.685 -0.449 -0.317 -0.012 0.217
1.063 0.972 0.872 0.78 0.742 0.751 0.811 0.881 0.895 0.926 0.89 0.871 0.88 0.872 0.868 0.863 0.86 0.864 0.866 0.8 0.683 0.619 0.64 0.555 0.502 0.419 0.387 0.331 0.454 0.507 0.312 0.304 0.44 0.525 0.363 0.21 0.15 0.093 0.036 0.115 -0.033 -0.079 -0.126 -0.246 -0.381 -0.196 -0.181 -0.053 0.148 0.421 0.616 0.752 0.803 0.829 0.856 0.877 0.915 0.949 0.998 0.998 0.998 0.993 0.916 0.682 0.586 0.503 0.271 -0.142 -0.392 -0.128 -0.337 -0.722 -0.54 -0.326 -0.076 0.217 0.351
0.971 0.904 0.802 0.767 0.828 0.832 0.879 0.884 0.891 0.887 0.825 0.809 0.81 0.757 0.753 0.802 0.792 0.816 0.848 0.71 0.565 0.498 0.64 0.457 0.289 0.164 0.135 0.247 0.436 0.279 -0.015 -0.041 0.063 0.364 0.438 0.336 0.335 0.319 0.221 0.091 0.088 -0.132 -0.2 -0.424 -0.498 -0.502 -0.517 -0.379 -0.294 -0.118 0.143 0.349 0.662 0.818 0.856 0.798 0.8 0.906 0.945 0.975 1.002 1.003 0.996 0.943 0.866 0.721 0.512 0.003 0.049 -0.326 -0.646 -0.527 -0.155 -0.232 0.153 0.468 0.127
0.886 0.835 0.774 0.845 0.883 0.882 0.871 0.849 0.862 0.785 0.75 0.741 0.698 0.679 0.671 0.694 0.768 0.871 0.803 0.705 0.667 0.704 0.58 0.315 0.082 -0.1 0.068 0.322 0.307 0.17 -0.168 -0.238 0.029 0.384 0.296 -0.042 0.123 0.128 -0.009 -0.171 0 -0.435 -0.539 -0.777 -0.751 -0.733 -0.669 -0.712 -0.706 -0.615 -0.507 -0.34 0.082 0.393 0.696 0.874 0.899 0.921 0.929 0.904 0.973 1.003 1.003 0.998 0.991 0.98 0.843 0.462 0.012 -0.477 -0.397 -0.058 0.071 0.08 0.594 0.322 -0.057
0.838 0.784 0.802 0.862 0.848 0.804 0.765 0.836 0.763 0.659 0.652 0.599 0.551 0.402 0.425 0.567 0.695 0.867 0.876 0.751 0.786 0.642 0.435 0.158 -0.213 -0.134 0.187 0.139 0.075 0.07 -0.302 -0.206 0.101 0.38 0.093 -0.22 0.092 0.049 -0.246 -0.345 -0.152 -0.58 -0.873 -0.759 -0.748 -0.681 -0.317 -0.197 -0.199 -0.254 -0.552 -0.696 -0.393 -0.198 0.179 0.327 0.735 0.886 0.943 0.904 0.888 0.956 0.972 1.002 0.998 1.003 0.995 0.69 0.031 -0.057 0.082 0.392 0.211 0.446 0.797 0.375 0.602
0.769 0.777 0.817 0.861 0.836 0.728 0.729 0.8 0.687 0.591 0.514 0.426 0.408 0.293 0.398 0.583 0.709 0.819 0.899 0.851 0.686 0.54 0.324 -0.027 -0.276 -0.062 0.12 0.044 -0.13 -0.046 -0.267 -0.062 0.187 0.239 -0.119 -0.286 -0.003 0.133 -0.237 -0.37 -0.35 -0.734 -0.619 -0.452 -0.195 -0.558 -0.383 0.008 -0.237 -0.636 -0.608 -0.564 -0.69 -0.553 -0.354 0.027 0.446 0.66 0.827 0.917 0.892 0.892 0.923 0.986 1.007 1.008 1.008 0.869 0.553 0.582 0.652 0.812 0.625 0.834 0.955 0.944 0.971
0.742 0.76 0.809 0.877 0.816 0.719 0.764 0.743 0.626 0.525 0.466 0.369 0.369 0.413 0.576 0.728 0.847 0.904 0.89 0.758 0.524 0.379 0.152 -0.147 -0.32 -0.22 -0.113 -0.014 -0.25 -0.202 -0.282 -0.001 0.272 0.18 -0.124 -0.21 -0.118 0.047 -0.395 -0.574 -0.582 -0.746 -0.681 -0.591 -0.05 0.056 0.081 0.061 -0.368 -0.456 -0.438 -0.288 -0.212 -0.139 -0.042 -0.055 0.149 0.278 0.779 0.892 0.9 0.851 0.806 0.908 0.987 1.007 1.008 1.005 0.989 1.005 1.008 1.003 0.995 0.995 0.98 0.934 0.952
0.719 0.763 0.829 0.86 0.799 0.757 0.771 0.659 0.586 0.517 0.466 0.42 0.488 0.583 0.684 0.796 0.872 0.901 0.848 0.671 0.432 0.151 -0.048 -0.125 -0.221 -0.266 -0.187 -0.129 -0.293 -0.18 -0.09 0.239 0.285 0.011 -0.381 -0.319 -0.152 -0.153 -0.543 -0.742 -0.797 -0.578 -0.356 -0.052 0.162 0.371 0.259 0.175 0.121 0.208 0.202 0.241 0.366 0.425 0.514 0.585 0.734 0.714 0.686 0.76 0.783 0.839 0.746 0.78 0.888 0.965 0.981 1.006 1.013 1.013 1.01 1 1.002 0.962 0.764 0.773 0.96
0.733 0.799 0.827 0.804 0.77 0.777 0.717 0.585 0.535 0.502 0.47 0.469 0.531 0.606 0.726 0.827 0.852 0.869 0.818 0.59 0.298 0.015 0.005 0.025 0.052 0.085 0.008 0.008 -0.167 -0.144 0.035 0.252 0.065 -0.147 -0.488 -0.474 -0.469 -0.553 -0.588 -0.521 -0.374 -0.064 0.214 0.413 0.537 0.564 0.599 0.589 0.587 0.594 0.626 0.666 0.696 0.716 0.797 0.784 0.704 0.598 0.427 0.199 0.26 0.67 0.766 0.659 0.685 0.773 0.803 0.917 0.983 0.991 0.951 0.89 0.887 0.607 0.245 0.62 0.872
0.737 0.77 0.755 0.726 0.722 0.743 0.708 0.643 0.585 0.532 0.5 0.478 0.494 0.594 0.75 0.834 0.83 0.861 0.802 0.547 0.185 0.034 0.231 0.268 0.312 0.321 0.253 0.111 -0.167 -0.29 -0.205 -0.05 -0.115 -0.348 -0.754 -0.713 -0.741 -0.75 -0.605 -0.294 0.024 0.313 0.56 0.569 0.482 0.461 0.537 0.573 0.531 0.514 0.521 0.574 0.516 0.609 0.692 0.521 0.316 0.144 -0.161 -0.577 -0.578 0.144 0.691 0.669 0.577 0.557 0.501 0.603 0.754 0.779 0.706 0.529 0.38 -0.035 0.167 0.373 0.609
0.761 0.7 0.664 0.629 0.658 0.71 0.711 0.701 0.661 0.591 0.501 0.443 0.51 0.665 0.795 0.823 0.826 0.883 0.814 0.529 0.11 0.055 0.36 0.49 0.377 0.166 0.148 0.055 -0.341 -0.502 -0.347 -0.36 -0.249 -0.66 -0.854 -0.736 -0.579 -0.692 -0.389 -0.138 0.18 0.462 0.54 0.387 0.241 0.135 0.158 0.14 -0.012 -0.063 0.063 0.207 0.184 0.573 0.485 0.176 -0.173 -0.329 -0.55 -0.843 -0.792 -0.209 0.473 0.731 0.591 0.478 0.35 0.204 0.281 0.288 0.349 0.046 -0.293 -0.171 0.226 -0.119 0.059
