data/climatemaps/RS_maps/climate_breeding_pr_2004.asc
NCOLS 369 
NROWS 228 
XLLCORNER 479000 
YLLCORNER 73000 
CELLSIZE 1000 
NODATA_value -9 
[rows 99 to 131 of 228, columns 228 to 303 of 369]
0.788 1.023 1.42 1.903 2.365 2.565 2.691 2.677 2.449 2.053 1.601 1.125 0.632 0.024 -0.251 -0.058 0.204 0.212 0.33 0.391 0.531 0.428 0.134 -0.157 -0.473 -0.423 -0.175 0.089 0.444 0.768 0.995 0.946 0.909 0.843 0.637 0.479 0.348 0.164 0.055 0.081 0.19 0.194 0.314 0.239 0.076 -0.096 -0.38 -0.749 -0.917 -0.765 -0.83 -1.013 -1.192 -1.279 -1.284 -1.251 -1.149 -0.939 -0.863 -0.615 -0.378 -0.266 -0.326 -0.508 -0.766 -0.982 -0.998 -0.904 -0.783 -0.688 -0.651 -0.715 -0.756 -0.563 -0.312 -0.124
0.733 0.984 1.319 1.731 2.087 2.335 2.439 2.383 2.135 1.673 1.19 0.727 0.202 -0.243 -0.28 -0.031 0.223 0.305 0.435 0.498 0.586 0.494 0.207 -0.112 -0.475 -0.406 -0.09 0.126 0.342 0.617 0.884 0.941 0.997 0.937 0.744 0.529 0.371 0.234 0.153 0.126 0.194 0.099 0.212 0.168 -0.028 -0.192 -0.431 -0.759 -0.81 -0.686 -0.824 -1.016 -1.207 -1.292 -1.299 -1.248 -1.125 -0.91 -0.805 -0.598 -0.345 -0.21 -0.293 -0.546 -0.806 -0.975 -1.03 -0.956 -0.883 -0.865 -0.873 -0.937 -0.877 -0.693 -0.503 -0.307
0.722 1.043 1.229 1.542 1.842 2.117 2.285 2.187 1.793 1.286 0.7 0.264 -0.186 -0.351 -0.16 -0.071 0.191 0.398 0.556 0.588 0.624 0.501 0.223 -0.111 -0.48 -0.469 -0.184 -0.026 0.181 0.486 0.881 1.033 1.079 0.935 0.712 0.461 0.292 0.166 0.091 0.074 0.143 0.063 -0.002 0.044 -0.134 -0.384 -0.63 -0.819 -0.642 -0.625 -0.809 -1.027 -1.215 -1.301 -1.313 -1.248 -1.085 -0.836 -0.74 -0.535 -0.279 -0.202 -0.329 -0.593 -0.775 -0.905 -1.025 -1.048 -1.037 -1.039 -1.064 -1.077 -1.022 -0.916 -0.773 -0.586
0.795 1.075 1.227 1.465 1.756 1.968 2.012 1.984 1.619 1.069 0.389 -0.133 -0.376 -0.325 -0.048 0.038 0.227 0.502 0.699 0.667 0.591 0.394 0.116 -0.198 -0.498 -0.546 -0.342 -0.184 0.066 0.417 0.897 1.103 1.012 0.81 0.61 0.43 0.268 0.127 -0.006 -0.062 0.021 -0.038 -0.252 -0.264 -0.424 -0.673 -0.855 -0.783 -0.525 -0.556 -0.742 -0.94 -1.14 -1.3 -1.327 -1.245 -1.006 -0.749 -0.642 -0.492 -0.228 -0.159 -0.308 -0.563 -0.703 -0.765 -0.901 -1.004 -1.073 -1.108 -1.147 -1.173 -1.185 -1.145 -1.041 -0.871
0.928 1.157 1.248 1.361 1.494 1.639 1.764 1.563 1.163 0.698 0.086 -0.351 -0.388 -0.321 -0.084 0.17 0.339 0.547 0.756 0.718 0.475 0.223 -0.058 -0.331 -0.511 -0.521 -0.379 -0.124 0.127 0.501 0.934 1.05 0.938 0.802 0.701 0.605 0.446 0.344 0.191 0.04 -0.124 -0.264 -0.472 -0.634 -0.786 -0.918 -0.867 -0.586 -0.411 -0.41 -0.596 -0.856 -1.106 -1.309 -1.337 -1.228 -0.995 -0.722 -0.51 -0.445 -0.23 -0.09 -0.22 -0.44 -0.615 -0.604 -0.688 -0.817 -0.951 -0.992 -1.037 -1.11 -1.186 -1.228 -1.2 -1.094
1.022 1.124 1.282 1.357 1.531 1.5 1.264 0.939 0.627 0.24 -0.197 -0.418 -0.282 -0.213 -0.19 0.081 0.371 0.56 0.66 0.612 0.406 0.056 -0.231 -0.392 -0.378 -0.277 -0.227 0.036 0.308 0.61 0.854 0.989 0.984 0.907 0.85 0.794 0.686 0.612 0.461 0.291 0.168 0.086 -0.154 -0.494 -0.865 -0.915 -0.63 -0.327 -0.281 -0.368 -0.571 -0.859 -1.146 -1.329 -1.345 -1.227 -1.008 -0.708 -0.417 -0.371 -0.218 -0.036 -0.108 -0.294 -0.497 -0.435 -0.455 -0.59 -0.775 -0.789 -0.809 -0.925 -1.042 -1.13 -1.187 -1.211
1.344 1.569 1.549 1.501 1.327 0.99 0.74 0.611 0.445 0.138 -0.297 -0.444 -0.285 -0.08 -0.127 -0.003 0.34 0.537 0.543 0.424 0.237 -0.044 -0.238 -0.213 -0.06 0.024 0.026 0.261 0.485 0.64 0.773 0.854 0.884 0.764 0.707 0.707 0.638 0.589 0.548 0.482 0.36 0.04 -0.267 -0.587 -0.904 -0.815 -0.553 -0.313 -0.315 -0.389 -0.622 -0.957 -1.229 -1.346 -1.344 -1.227 -0.983 -0.712 -0.394 -0.297 -0.13 0.041 -0.007 -0.214 -0.337 -0.306 -0.241 -0.378 -0.547 -0.557 -0.589 -0.692 -0.815 -0.931 -1.036 -1.142
1.616 1.751 1.66 1.334 0.944 0.724 0.671 0.638 0.497 0.151 -0.337 -0.438 -0.229 -0.008 0.025 0.029 0.403 0.587 0.511 0.308 0.137 -0.027 0.01 0.094 0.267 0.297 0.314 0.558 0.598 0.598 0.683 0.731 0.645 0.54 0.456 0.477 0.467 0.46 0.413 0.282 0.218 -0.002 -0.316 -0.687 -0.871 -0.716 -0.444 -0.385 -0.386 -0.494 -0.737 -1.069 -1.293 -1.362 -1.336 -1.212 -0.945 -0.656 -0.37 -0.222 0.003 0.072 -0.004 -0.131 -0.128 -0.145 -0.078 -0.209 -0.298 -0.334 -0.339 -0.457 -0.581 -0.692 -0.782 -0.893
1.885 1.904 1.579 1.136 0.911 0.82 0.739 0.57 0.371 0.029 -0.372 -0.346 -0.131 0.133 0.174 0.185 0.59 0.697 0.608 0.48 0.347 0.15 0.317 0.506 0.551 0.563 0.625 0.742 0.694 0.571 0.606 0.643 0.613 0.534 0.315 0.226 0.285 0.333 0.315 0.221 0.054 -0.178 -0.472 -0.759 -0.769 -0.633 -0.465 -0.486 -0.554 -0.697 -0.947 -1.211 -1.355 -1.387 -1.328 -1.176 -0.885 -0.561 -0.315 -0.139 0.031 0.029 0.002 0.013 0.023 -0.029 -0.003 -0.115 -0.088 -0.119 -0.119 -0.217 -0.337 -0.425 -0.501 -0.618
1.833 1.799 1.46 1.239 1.108 0.985 0.769 0.542 0.298 -0.035 -0.347 -0.2 0.024 0.261 0.315 0.465 0.783 0.911 0.888 0.821 0.604 0.387 0.594 0.726 0.716 0.696 0.709 0.704 0.7 0.587 0.423 0.347 0.376 0.336 0.251 0.001 0.026 0.109 0.12 0.093 -0.083 -0.289 -0.592 -0.778 -0.688 -0.596 -0.598 -0.66 -0.806 -0.979 -1.185 -1.339 -1.413 -1.416 -1.315 -1.11 -0.835 -0.581 -0.415 -0.213 -0.088 -0.032 -0.015 0.005 -0.01 -0.008 -0.03 -0.053 -0.003 0.023 0.001 -0.054 -0.112 -0.176 -0.232 -0.385
1.601 1.646 1.495 1.451 1.277 1.195 0.909 0.633 0.356 -0.039 -0.27 -0.106 0.128 0.279 0.407 0.707 0.826 1.001 0.978 0.927 0.774 0.663 0.792 0.743 0.746 0.721 0.681 0.625 0.552 0.448 0.238 0.055 0.008 0.033 0.002 -0.185 -0.278 -0.206 -0.131 -0.149 -0.279 -0.436 -0.713 -0.842 -0.759 -0.76 -0.85 -0.947 -1.094 -1.245 -1.35 -1.42 -1.457 -1.415 -1.264 -1.061 -0.908 -0.764 -0.623 -0.445 -0.375 -0.286 -0.265 -0.221 -0.216 -0.187 -0.103 -0.053 -0.045 -0.033 -0.035 -0.006 0.022 0.011 -0.075 -0.284
1.627 1.666 1.604 1.615 1.516 1.325 1.033 0.692 0.301 -0.048 0.026 -0.031 0.119 0.265 0.415 0.745 0.812 0.959 1.018 0.889 0.844 0.786 0.758 0.675 0.683 0.676 0.572 0.488 0.36 0.218 0.039 -0.224 -0.332 -0.364 -0.332 -0.418 -0.576 -0.562 -0.443 -0.427 -0.508 -0.687 -0.94 -1.048 -1.021 -1.083 -1.185 -1.263 -1.336 -1.397 -1.432 -1.456 -1.47 -1.411 -1.245 -1.142 -1.071 -0.962 -0.833 -0.705 -0.641 -0.567 -0.559 -0.507 -0.479 -0.415 -0.304 -0.224 -0.242 -0.168 -0.029 0.082 0.141 0.127 -0.004 -0.245
1.75 1.795 1.817 1.807 1.651 1.311 1.031 0.641 0.126 0.072 0.308 0.166 0.096 0.21 0.499 0.747 0.833 0.888 0.941 0.793 0.774 0.639 0.632 0.533 0.55 0.625 0.517 0.373 0.199 -0.013 -0.197 -0.436 -0.614 -0.733 -0.752 -0.801 -0.892 -0.908 -0.807 -0.774 -0.809 -0.952 -1.163 -1.285 -1.322 -1.383 -1.425 -1.444 -1.454 -1.438 -1.415 -1.359 -1.389 -1.433 -1.339 -1.287 -1.226 -1.134 -1.044 -0.96 -0.906 -0.858 -0.831 -0.81 -0.771 -0.659 -0.555 -0.441 -0.425 -0.225 -0.03 0.066 0.176 0.157 0.023 -0.224
1.859 1.927 1.967 1.87 1.596 1.21 0.942 0.545 0.109 0.235 0.453 0.397 0.253 0.268 0.584 0.657 0.832 0.855 0.726 0.474 0.5 0.399 0.469 0.372 0.359 0.432 0.383 0.243 0.091 -0.156 -0.411 -0.654 -0.825 -0.96 -1.03 -1.081 -1.146 -1.183 -1.156 -1.131 -1.158 -1.235 -1.351 -1.447 -1.496 -1.525 -1.523 -1.499 -1.454 -1.37 -1.265 -1.197 -1.293 -1.384 -1.36 -1.289 -1.217 -1.161 -1.13 -1.086 -1.043 -1.018 -0.997 -0.979 -0.958 -0.9 -0.816 -0.697 -0.602 -0.357 -0.189 -0.088 0.037 0.096 -0.048 -0.289
1.817 1.858 1.896 1.821 1.471 1.2 1.072 0.774 0.34 0.336 0.564 0.518 0.364 0.431 0.617 0.622 0.672 0.74 0.693 0.369 0.128 0.163 0.295 0.256 0.137 0.189 0.154 -0.038 -0.175 -0.379 -0.634 -0.852 -0.994 -1.097 -1.175 -1.233 -1.299 -1.353 -1.369 -1.389 -1.417 -1.457 -1.511 -1.553 -1.57 -1.575 -1.506 -1.421 -1.33 -1.196 -1.056 -1.07 -1.2 -1.29 -1.197 -1.126 -1.059 -0.995 -1.01 -1.002 -0.988 -0.95 -0.933 -0.922 -0.932 -1 -0.969 -0.848 -0.7 -0.524 -0.357 -0.18 -0.067 -0.034 -0.195 -0.451
1.706 1.715 1.791 1.723 1.448 1.374 1.304 0.916 0.563 0.546 0.644 0.556 0.476 0.603 0.588 0.598 0.538 0.469 0.396 0.18 -0.172 -0.099 0.074 0.047 -0.075 -0.087 -0.134 -0.339 -0.485 -0.612 -0.805 -1.021 -1.132 -1.194 -1.279 -1.351 -1.409 -1.461 -1.501 -1.518 -1.546 -1.575 -1.605 -1.627 -1.606 -1.537 -1.403 -1.278 -1.166 -1.016 -0.879 -0.969 -1.138 -1.183 -1.067 -0.95 -0.892 -0.82 -0.839 -0.821 -0.766 -0.738 -0.736 -0.756 -0.808 -0.963 -0.973 -0.825 -0.682 -0.511 -0.378 -0.163 -0.14 -0.221 -0.402 -0.632
1.566 1.625 1.719 1.573 1.538 1.618 1.458 0.973 0.785 0.892 0.788 0.679 0.624 0.593 0.437 0.381 0.411 0.288 0.076 -0.12 -0.409 -0.395 -0.253 -0.27 -0.333 -0.38 -0.394 -0.608 -0.785 -0.872 -1.003 -1.178 -1.26 -1.306 -1.39 -1.454 -1.494 -1.545 -1.55 -1.558 -1.595 -1.617 -1.656 -1.657 -1.566 -1.44 -1.297 -1.15 -1.009 -0.821 -0.744 -0.865 -1.051 -1.078 -0.969 -0.842 -0.735 -0.657 -0.626 -0.614 -0.491 -0.494 -0.546 -0.634 -0.75 -0.922 -0.906 -0.769 -0.603 -0.398 -0.276 -0.169 -0.252 -0.42 -0.63 -0.737
1.463 1.563 1.586 1.311 1.296 1.443 1.297 1.087 1.069 1.002 0.796 0.63 0.492 0.398 0.258 0.11 0.191 0.104 -0.135 -0.354 -0.587 -0.692 -0.597 -0.628 -0.629 -0.666 -0.653 -0.824 -1.028 -1.12 -1.2 -1.31 -1.377 -1.418 -1.459 -1.471 -1.478 -1.536 -1.577 -1.544 -1.542 -1.601 -1.677 -1.66 -1.517 -1.414 -1.27 -1.109 -0.937 -0.748 -0.639 -0.724 -0.93 -1.009 -0.922 -0.81 -0.619 -0.514 -0.414 -0.426 -0.259 -0.28 -0.398 -0.553 -0.711 -0.855 -0.784 -0.668 -0.51 -0.308 -0.207 -0.189 -0.307 -0.572 -0.765 -0.699
1.468 1.337 1.337 1.12 1.122 1.172 1.165 1.029 0.902 0.864 0.675 0.529 0.452 0.388 0.19 -0.072 -0.142 -0.197 -0.384 -0.593 -0.765 -0.927 -0.921 -0.95 -0.938 -0.959 -0.951 -1.059 -1.212 -1.321 -1.369 -1.406 -1.424 -1.422 -1.424 -1.393 -1.363 -1.451 -1.57 -1.521 -1.448 -1.54 -1.657 -1.689 -1.579 -1.436 -1.337 -1.184 -0.964 -0.71 -0.572 -0.625 -0.826 -0.959 -0.917 -0.816 -0.609 -0.398 -0.298 -0.232 -0.109 -0.182 -0.321 -0.496 -0.681 -0.74 -0.633 -0.485 -0.326 -0.243 -0.232 -0.273 -0.442 -0.721 -0.81 -0.653
1.287 1.281 1.049 0.865 0.892 0.858 0.859 0.829 0.664 0.698 0.649 0.492 0.319 0.184 -0.02 -0.266 -0.485 -0.549 -0.67 -0.854 -0.991 -1.113 -1.16 -1.187 -1.182 -1.206 -1.211 -1.276 -1.361 -1.426 -1.437 -1.407 -1.347 -1.283 -1.281 -1.239 -1.208 -1.358 -1.494 -1.523 -1.398 -1.461 -1.592 -1.675 -1.633 -1.481 -1.442 -1.282 -1.01 -0.703 -0.562 -0.605 -0.717 -0.877 -0.939 -0.835 -0.619 -0.327 -0.212 -0.077 -0.05 -0.141 -0.278 -0.432 -0.616 -0.57 -0.483 -0.356 -0.258 -0.193 -0.239 -0.392 -0.636 -0.831 -0.812 -0.662
1.017 1.14 0.902 0.619 0.649 0.585 0.642 0.668 0.504 0.335 0.317 0.134 -0.045 -0.21 -0.416 -0.624 -0.786 -0.873 -0.949 -1.066 -1.184 -1.255 -1.269 -1.265 -1.275 -1.313 -1.347 -1.394 -1.435 -1.445 -1.39 -1.253 -1.129 -1.064 -1.074 -1.093 -1.072 -1.214 -1.357 -1.503 -1.398 -1.391 -1.48 -1.597 -1.681 -1.604 -1.527 -1.338 -1.106 -0.804 -0.577 -0.532 -0.587 -0.748 -0.906 -0.847 -0.629 -0.321 -0.123 0.021 0 -0.101 -0.136 -0.268 -0.49 -0.398 -0.318 -0.211 -0.156 -0.231 -0.299 -0.512 -0.753 -0.81 -0.8 -0.748
0.888 0.848 0.663 0.39 0.431 0.396 0.364 0.334 0.275 0.019 -0.143 -0.284 -0.436 -0.6 -0.762 -0.938 -1.049 -1.125 -1.177 -1.253 -1.298 -1.272 -1.244 -1.222 -1.22 -1.246 -1.306 -1.397 -1.443 -1.389 -1.258 -1.1 -0.949 -0.871 -0.858 -0.91 -0.847 -0.996 -1.247 -1.448 -1.379 -1.312 -1.425 -1.585 -1.681 -1.662 -1.582 -1.41 -1.199 -0.961 -0.671 -0.481 -0.548 -0.69 -0.857 -0.823 -0.619 -0.33 -0.097 0.003 0.028 -0.014 -0.02 -0.23 -0.27 -0.29 -0.216 -0.163 -0.17 -0.211 -0.366 -0.641 -0.77 -0.705 -0.653 -0.734
0.859 0.704 0.448 0.134 0.133 0.139 0.039 -0.014 -0.105 -0.278 -0.561 -0.7 -0.824 -0.938 -1.051 -1.166 -1.239 -1.279 -1.293 -1.3 -1.255 -1.212 -1.171 -1.131 -1.116 -1.155 -1.246 -1.349 -1.442 -1.358 -1.185 -1.024 -0.83 -0.64 -0.586 -0.651 -0.68 -0.888 -1.14 -1.366 -1.312 -1.26 -1.39 -1.539 -1.65 -1.662 -1.619 -1.493 -1.282 -1.052 -0.763 -0.546 -0.584 -0.72 -0.851 -0.78 -0.584 -0.3 -0.051 0.02 0.114 0.137 -0.021 -0.116 -0.102 -0.173 -0.144 -0.159 -0.224 -0.323 -0.491 -0.712 -0.737 -0.628 -0.546 -0.6
0.8 0.715 0.456 -0.002 -0.175 -0.131 -0.268 -0.356 -0.531 -0.679 -0.89 -1.028 -1.115 -1.18 -1.228 -1.236 -1.236 -1.235 -1.227 -1.222 -1.168 -1.123 -1.088 -1.05 -1.019 -1.079 -1.168 -1.288 -1.418 -1.365 -1.245 -1.102 -0.867 -0.559 -0.334 -0.399 -0.574 -0.887 -1.145 -1.283 -1.202 -1.21 -1.34 -1.492 -1.612 -1.655 -1.634 -1.553 -1.328 -1.056 -0.789 -0.638 -0.671 -0.791 -0.872 -0.765 -0.56 -0.283 -0.086 0.082 0.131 0.089 -0.042 -0.017 -0.019 -0.122 -0.193 -0.212 -0.265 -0.302 -0.507 -0.739 -0.692 -0.575 -0.446 -0.446
0.721 0.558 0.28 -0.113 -0.432 -0.417 -0.558 -0.695 -0.865 -0.997 -1.109 -1.171 -1.216 -1.22 -1.185 -1.118 -1.09 -1.111 -1.091 -1.091 -1.058 -1.013 -0.986 -0.946 -0.996 -1.073 -1.173 -1.295 -1.409 -1.358 -1.249 -1.095 -0.839 -0.506 -0.221 -0.27 -0.514 -0.905 -1.136 -1.136 -1.087 -1.164 -1.29 -1.447 -1.576 -1.637 -1.639 -1.586 -1.369 -1.125 -0.923 -0.735 -0.763 -0.855 -0.911 -0.821 -0.591 -0.37 -0.156 0.008 0.029 0.009 0.038 0.025 -0.099 -0.231 -0.397 -0.389 -0.418 -0.464 -0.658 -0.754 -0.608 -0.517 -0.374 -0.321
0.432 0.219 -0.061 -0.362 -0.674 -0.742 -0.854 -0.958 -1.072 -1.138 -1.119 -1.097 -1.144 -1.065 -0.994 -0.919 -0.894 -0.955 -0.93 -0.952 -0.969 -0.897 -0.916 -0.974 -1.045 -1.134 -1.238 -1.347 -1.382 -1.276 -1.112 -0.952 -0.693 -0.357 -0.164 -0.302 -0.533 -0.912 -1.048 -0.986 -1.037 -1.132 -1.244 -1.395 -1.531 -1.614 -1.636 -1.603 -1.445 -1.267 -1.04 -0.817 -0.844 -0.902 -0.966 -0.895 -0.638 -0.448 -0.198 -0.097 -0.024 0.006 -0.047 -0.168 -0.284 -0.411 -0.609 -0.659 -0.652 -0.673 -0.807 -0.748 -0.587 -0.449 -0.313 -0.23
0.088 -0.189 -0.42 -0.68 -0.894 -0.973 -1.029 -1.08 -1.127 -1.09 -0.972 -0.929 -0.978 -0.885 -0.751 -0.691 -0.7 -0.783 -0.755 -0.793 -0.846 -0.844 -0.919 -1.008 -1.102 -1.205 -1.299 -1.362 -1.324 -1.22 -1.027 -0.82 -0.588 -0.288 -0.188 -0.368 -0.626 -0.926 -0.967 -0.922 -0.999 -1.097 -1.217 -1.365 -1.496 -1.588 -1.628 -1.613 -1.507 -1.326 -1.163 -0.946 -0.923 -0.976 -1.05 -0.977 -0.707 -0.429 -0.286 -0.213 -0.24 -0.217 -0.33 -0.444 -0.534 -0.665 -0.824 -0.928 -0.891 -0.857 -0.802 -0.727 -0.584 -0.432 -0.295 -0.184
-0.319 -0.601 -0.796 -0.926 -0.966 -0.959 -0.96 -0.959 -1.033 -0.971 -0.853 -0.803 -0.761 -0.717 -0.502 -0.449 -0.498 -0.588 -0.597 -0.632 -0.699 -0.791 -0.922 -1.034 -1.15 -1.244 -1.323 -1.32 -1.247 -1.162 -0.997 -0.777 -0.547 -0.308 -0.211 -0.39 -0.667 -0.912 -0.851 -0.876 -0.956 -1.057 -1.184 -1.327 -1.459 -1.555 -1.615 -1.618 -1.57 -1.445 -1.266 -1.09 -1.062 -1.111 -1.153 -1.076 -0.856 -0.57 -0.463 -0.398 -0.462 -0.488 -0.579 -0.734 -0.792 -0.924 -1.051 -1.104 -1.03 -0.924 -0.7 -0.653 -0.574 -0.421 -0.298 -0.209
-0.699 -0.878 -0.959 -0.908 -0.833 -0.776 -0.745 -0.695 -0.893 -0.888 -0.784 -0.666 -0.576 -0.518 -0.276 -0.247 -0.301 -0.371 -0.407 -0.531 -0.63 -0.776 -0.909 -1.057 -1.17 -1.257 -1.296 -1.218 -1.092 -1.07 -0.942 -0.706 -0.474 -0.252 -0.227 -0.399 -0.681 -0.85 -0.757 -0.828 -0.926 -1.034 -1.163 -1.295 -1.426 -1.529 -1.58 -1.545 -1.546 -1.516 -1.41 -1.265 -1.253 -1.271 -1.221 -1.178 -1.019 -0.778 -0.661 -0.667 -0.712 -0.771 -0.808 -0.967 -1.043 -1.167 -1.227 -1.164 -1.033 -0.864 -0.656 -0.56 -0.563 -0.405 -0.247 -0.239
-0.887 -0.969 -0.901 -0.756 -0.635 -0.539 -0.465 -0.497 -0.72 -0.825 -0.734 -0.589 -0.408 -0.323 -0.109 -0.047 -0.093 -0.183 -0.24 -0.423 -0.598 -0.773 -0.919 -1.07 -1.165 -1.219 -1.23 -1.103 -0.963 -0.894 -0.884 -0.659 -0.399 -0.192 -0.269 -0.465 -0.714 -0.738 -0.695 -0.798 -0.92 -1.035 -1.15 -1.279 -1.376 -1.466 -1.523 -1.448 -1.386 -1.358 -1.361 -1.351 -1.331 -1.329 -1.288 -1.282 -1.19 -1.02 -0.934 -0.953 -0.997 -1.02 -1.052 -1.174 -1.253 -1.304 -1.257 -1.122 -0.988 -0.825 -0.652 -0.535 -0.493 -0.358 -0.292 -0.219
-0.921 -0.942 -0.774 -0.658 -0.488 -0.334 -0.316 -0.364 -0.533 -0.719 -0.639 -0.488 -0.332 -0.182 -0.029 0.058 0.031 -0.039 -0.162 -0.369 -0.585 -0.803 -0.955 -1.054 -1.074 -1.125 -1.157 -0.995 -0.841 -0.721 -0.697 -0.572 -0.316 -0.175 -0.312 -0.552 -0.727 -0.675 -0.654 -0.74 -0.893 -1.02 -1.116 -1.167 -1.183 -1.334 -1.457 -1.393 -1.222 -1.149 -1.179 -1.193 -1.241 -1.301 -1.346 -1.363 -1.331 -1.239 -1.2 -1.21 -1.227 -1.226 -1.254 -1.301 -1.344 -1.361 -1.242 -1.115 -1.015 -0.889 -0.685 -0.554 -0.473 -0.428 -0.352 -0.266
-0.849 -0.922 -0.835 -0.668 -0.395 -0.171 -0.119 -0.145 -0.233 -0.466 -0.615 -0.524 -0.354 -0.131 0.023 0.117 0.105 -0.02 -0.215 -0.449 -0.668 -0.869 -0.944 -0.94 -0.881 -1.005 -1.086 -0.938 -0.785 -0.624 -0.51 -0.399 -0.161 -0.181 -0.353 -0.597 -0.579 -0.607 -0.61 -0.581 -0.741 -0.853 -0.901 -0.92 -0.964 -1.164 -1.391 -1.345 -1.197 -1.046 -1.014 -0.955 -1.002 -1.137 -1.297 -1.4 -1.424 -1.412 -1.396 -1.371 -1.342 -1.307 -1.288 -1.255 -1.283 -1.368 -1.306 -1.21 -1.148 -1.025 -0.83 -0.723 -0.621 -0.473 -0.354 -0.41
-0.789 -0.867 -0.773 -0.593 -0.293 -0.011 0.065 0.066 0.029 -0.149 -0.484 -0.562 -0.347 -0.115 0.041 0.128 0.119 0.004 -0.242 -0.528 -0.75 -0.833 -0.794 -0.736 -0.68 -0.869 -1.043 -0.959 -0.791 -0.571 -0.356 -0.18 -0.085 -0.203 -0.429 -0.508 -0.421 -0.422 -0.503 -0.371 -0.475 -0.565 -0.642 -0.711 -0.87 -1.08 -1.341 -1.285 -1.091 -0.887 -0.81 -0.709 -0.766 -0.948 -1.156 -1.343 -1.439 -1.443 -1.402 -1.36 -1.295 -1.198 -1.157 -1.048 -1.092 -1.197 -1.312 -1.323 -1.221 -1.061 -0.946 -0.845 -0.658 -0.586 -0.582 -0.61
