data/climatemaps/RS_maps/climate_breeding_tmp_2011.asc
NCOLS 369 
NROWS 228 
XLLCORNER 479000 
YLLCORNER 73000 
CELLSIZE 1000 
NODATA_value -9 
[rows 170 to 203 of 228, columns 231 to 307 of 369]
-0.912 -0.772 -0.651 -0.627 -0.091 0.018 0.47 1.189 1.582 1.173 0.436 -0.031 -0.306 -0.424 -0.661 -1.234 -1.062 -0.5 0.212 0.428 -0.249 -0.983 -0.821 -0.177 0.846 1.341 0.754 0.127 -0.037 -0.283 -0.064 -0.883 -1.131 -0.847 -0.39 0.037 0.28 0.674 0.959 1.481 1.59 1.238 0.672 0.339 0.289 0.093 0.248 -0.096 -0.342 -0.257 -0.361 -0.57 -0.947 -1.15 -0.782 -0.843 -0.7 -1.078 -1.638 -1.226 -1.358 -1.857 -2.097 -1.595 -1.652 -1.971 -1.554 -1.081 -0.56 -0.463 -0.806 -1.117 -0.82 -0.255 0.02 -0.159 -0.479
-0.837 -1.022 -0.919 -0.667 -0.395 -0.508 0.123 0.958 1.559 1.462 0.758 0.118 -0.025 -0.549 -0.869 -1.213 -0.829 -0.265 0.443 0.404 -0.276 -0.878 -0.154 0.402 1.325 1.224 0.432 -0.111 0.091 -0.601 -0.099 -0.712 -0.9 -0.477 -0.328 0.129 0.658 1.055 1.442 1.632 1.535 1.169 0.704 0.251 -0.2 -0.546 -0.235 -0.291 -0.757 -0.905 -0.945 -0.955 -0.914 -1.21 -1.385 -1.577 -1.535 -1.572 -1.704 -1.346 -1.419 -1.657 -1.944 -1.822 -1.802 -1.863 -1.363 -0.903 -0.763 -0.885 -0.804 -1.283 -1.115 -0.645 0.002 0.01 -0.444
-0.795 -0.797 -0.801 -0.94 -0.643 -0.377 0.153 0.824 1.444 1.578 1.042 0.35 -0.221 -0.82 -1.262 -1.06 -0.715 -0.233 0.432 0.528 -0.19 -0.708 0.162 1.059 1.438 0.909 0.117 -0.426 0.054 -0.636 -0.316 -0.805 -0.771 -0.355 -0.062 0.028 0.59 1.157 1.583 1.682 1.545 1.111 0.647 0.225 -0.133 -0.624 -0.752 -0.668 -0.997 -1.328 -1.008 -0.566 -0.502 -1.105 -1.594 -1.578 -1.597 -1.814 -1.831 -1.709 -1.497 -1.104 -1.45 -1.646 -1.761 -1.763 -1.421 -1.173 -1.382 -1.233 -0.945 -1.507 -1.285 -0.948 -0.115 0.294 -0.054
-0.477 -0.232 -0.677 -0.684 -0.206 0.166 0.43 0.554 1.294 1.625 1.348 0.708 0.025 -0.547 -1.033 -0.734 -0.454 -0.331 0.222 0.711 -0.189 -0.19 0.327 1.259 1.303 0.485 -0.3 -0.782 -0.279 -0.603 -0.7 -0.798 -0.486 -0.169 0.043 0.196 0.579 0.97 1.553 1.714 1.695 1.361 0.596 -0.045 -0.442 -0.758 -0.848 -0.894 -0.955 -1.071 -0.723 -0.141 -0.475 -1.363 -1.448 -1.179 -1.099 -1.509 -1.421 -1.464 -1.133 -0.741 -0.919 -1.051 -1.188 -1.392 -1.681 -1.745 -1.934 -1.567 -1.237 -1.4 -1.205 -0.82 -0.139 0.475 0.514
0.052 -0.235 -0.781 -0.611 -0.27 0.128 0.163 0.125 1.166 1.635 1.599 1.081 0.526 0.079 -0.639 -0.683 -0.326 0.189 0.62 0.439 -0.168 0.25 0.851 1.47 0.972 0.141 -0.555 -0.807 -0.709 -0.751 -0.899 -0.492 -0.219 -0.02 0.168 0.272 0.668 0.762 1.279 1.718 1.739 1.598 0.875 0.195 -0.434 -0.734 -0.615 -0.407 -0.342 -0.422 -0.284 0.078 -0.475 -1.23 -1.127 -0.769 -0.827 -1.306 -0.944 -0.984 -0.848 -0.451 -0.292 -0.497 -0.7 -1.13 -1.651 -2.071 -2.184 -1.751 -1.558 -1.284 -0.89 -0.407 0.051 0.62 0.631
-0.003 -0.544 -0.835 -0.959 -0.531 0.118 -0.217 -0.06 0.774 1.506 1.65 1.441 0.958 0.263 -0.415 -0.786 -0.287 0.277 0.831 0.272 0.196 0.593 1.183 1.487 0.786 0.228 0.046 -0.175 -0.744 -0.926 -0.658 -0.001 0.162 0.349 0.403 0.531 0.363 0.34 1.028 1.68 1.754 1.731 1.282 0.496 0.114 -0.386 -0.281 0.198 0.329 0.289 0.279 0.122 -0.546 -1.049 -0.961 -0.432 -0.765 -1.11 -0.503 -0.361 -0.208 0.111 0.096 -0.345 -0.735 -1.211 -1.563 -1.818 -1.89 -1.718 -1.525 -1.043 -0.647 -0.24 0.134 0.734 0.426
0.162 -0.101 -0.391 -0.939 -0.46 -0.241 -0.092 0.51 0.75 1.192 1.629 1.648 1.283 0.706 0.008 -0.405 -0.39 0.126 0.716 0.863 0.784 0.915 1.41 1.343 0.57 0.112 -0.052 0.126 -0.325 -0.766 -0.245 0.058 -0.237 0.225 0.025 0.242 -0.072 0.328 1.028 1.549 1.761 1.773 1.688 1.247 0.68 0.114 0.085 0.549 0.027 -0.23 -0.432 -0.312 -0.715 -1.073 -0.665 -0.085 -0.266 -0.523 -0.146 0.378 0.303 0.026 -0.41 -0.787 -1.161 -1.277 -1.304 -1.576 -1.419 -1.383 -1.293 -1.005 -0.627 -0.175 0.037 0.719 0.471
0.126 -0.011 -0.05 -0.703 -0.903 -0.439 0.232 0.176 0.117 0.671 1.461 1.657 1.534 1.043 0.341 0.272 0.19 0.33 0.615 0.93 1.171 1.349 1.519 1.126 0.292 -0.248 -0.546 -0.195 -0.042 -0.617 -0.068 -0.34 -0.388 0.024 -0.366 -0.129 -0.213 0.459 0.712 1.262 1.699 1.786 1.784 1.68 1.051 0.369 0.414 0.544 -0.37 -0.688 -1.03 -0.904 -1.04 -1.011 -0.449 0.022 0.264 0.301 0.491 0.569 -0.196 -0.696 -0.91 -1.035 -1.109 -0.974 -1.254 -1.562 -1.167 -0.991 -0.88 -0.729 -0.444 -0.037 0.279 0.711 0.748
-0.491 -0.689 -0.6 -0.548 -0.755 -0.183 -0.112 -0.207 -0.277 0.387 1.174 1.607 1.663 1.157 0.471 0.926 1.03 1.109 1.226 1.237 1.357 1.53 1.303 0.8 0.202 -0.25 -0.672 -0.638 -0.312 -0.651 -0.339 -0.734 -0.569 -0.494 -0.749 -0.537 -0.454 -0.057 0.259 0.909 1.471 1.787 1.792 1.772 1.238 0.451 0.779 0.635 0.116 -0.345 -1.08 -1.398 -1.467 -1.227 -0.748 -0.552 -0.038 0.129 0.505 0.66 -0.282 -0.868 -0.847 -0.821 -0.758 -0.947 -1.33 -1.388 -1.096 -1.049 -0.892 -0.768 -0.655 -0.29 -0.023 -9 -9
-0.15 -0.609 -0.928 -0.897 -0.815 -0.71 -0.456 -0.574 -0.168 0.365 0.798 1.378 1.68 1.467 1.025 1.445 1.547 1.592 1.611 1.567 1.515 1.18 0.665 0.404 0.205 -0.065 -0.715 -0.992 -0.735 -0.735 -0.599 -0.577 -0.466 -0.528 -0.712 -0.722 -0.585 -0.621 -0.06 0.695 1.202 1.619 -9 1.8 1.67 1.08 1.064 0.656 -0.004 -0.574 -1.208 -1.096 -1.106 -1.396 -1.174 -0.937 -0.659 -0.641 0.178 0.807 0.036 -0.302 -0.221 -0.33 -0.639 -0.91 -1.188 -1.288 -0.913 -1.113 -1.045 -1.019 -0.828 -0.596 -0.433 -9 -9
0.464 -0.031 -0.476 -0.489 -0.586 -0.882 -0.702 -0.631 -0.124 0.281 0.6 1.092 1.582 1.674 1.559 1.476 1.296 1.259 1.243 1.205 1.187 1.045 0.609 0.117 -0.18 -0.22 -0.592 -0.965 -0.495 -0.528 -0.259 0 0.149 0.002 -0.416 -0.328 -0.258 -0.779 -0.256 0.42 0.488 0.793 -9 -9 1.795 1.71 1.284 0.797 0.303 -0.288 -0.852 -0.653 -0.736 -1.224 -1.09 -1.017 -0.917 -0.611 0.126 0.883 0.412 0.105 -0.289 -0.423 -0.495 -0.773 -0.883 -1.046 -0.78 -0.759 -0.834 -0.77 -0.893 -0.939 -9 -9 -9
0.844 0.372 0.079 -0.107 -0.415 -0.637 -0.339 -0.182 0.057 0.424 0.711 1.096 1.51 1.694 1.541 1.131 0.679 0.506 0.494 0.518 0.764 0.891 0.822 0.34 -0.306 -0.746 -0.847 -0.82 -0.12 -0.38 -0.195 -0.153 0.04 0.401 -0.254 0.065 -0.261 -0.5 -0.268 -0.067 -0.101 -9 -9 -9 -9 -9 1.292 0.511 0.254 -0.008 -0.248 -0.318 -0.669 -1.187 -1 -0.732 -0.52 -0.228 0.449 0.881 0.26 0.073 -0.122 -0.139 0.042 -0.116 -0.424 -0.44 -0.422 -0.3 -0.537 -0.218 -9 -9 -9 -9 -9
0.56 0.316 0.093 -0.101 -0.13 -0.357 0.032 0.347 0.127 0.324 0.774 1.385 1.656 1.609 1.125 0.926 0.72 0.45 0.111 -0.006 0.343 0.286 0.562 0.516 0.015 -0.502 -0.683 -0.537 0.051 -0.341 -0.64 -0.495 0.036 0.603 0.387 0.412 -0.088 0.104 0.142 0.286 0.146 -9 -9 -9 -9 -9 -9 0.655 0.452 0.142 -0.172 -0.473 -0.898 -1.27 -1.134 -0.682 -0.207 0.215 0.783 0.6 0.187 0.505 0.372 0.384 0.61 0.488 0.092 0.097 0.16 0.145 -0.031 -9 -9 -9 -9 -9 -9
0.591 0.261 0.086 0.171 0.368 0.021 0.158 0.641 0.693 0.784 1.147 1.68 1.718 1.428 0.688 0.435 0.523 0.502 0.306 -0.148 -0.168 -0.052 0.158 0.341 -0.085 -0.509 -0.151 0.202 0.365 -0.173 -0.209 -0.017 0.395 0.83 0.955 0.795 0.327 0.561 0.478 0.693 0.569 -9 -9 -9 -9 -9 -9 -9 -9 -9 -9 -0.831 -1.011 -1.047 -0.793 -0.708 -0.245 0.46 1.03 0.535 0.667 0.972 0.922 0.964 1.066 0.759 0.385 -9 -9 -9 -9 -9 -9 -9 -9 -9 -9
0.856 0.786 0.668 0.743 0.748 0.499 0.571 0.769 1.087 1.395 1.566 1.737 1.643 1.285 0.636 0.09 0.037 0.079 0.087 -0.213 -0.591 -0.312 -0.162 -0.094 -0.098 -0.662 -0.379 0.284 0.653 0.269 0.287 0.443 0.415 0.795 1.194 0.969 0.548 0.926 0.859 1.107 1.12 -9 -9 -9 -9 -9 -9 -9 -9 -9 -9 -9 -9 -9 -9 -9 0.073 0.683 1.211 0.824 1.203 1.416 -9 -9 -9 -9 -9 -9 -9 -9 -9 -9 -9 -9 -9 -9 -9
1.457 1.364 1.255 1.299 1.26 1.119 1.212 1.29 1.491 1.704 1.734 1.736 1.527 1.148 0.641 0.211 0.14 -0.009 -0.172 -0.316 -0.575 -0.583 -0.352 -0.498 -0.393 -0.669 -0.163 0.39 0.824 0.504 0.58 0.837 0.512 0.71 1.199 1.107 0.772 1.221 1.475 1.572 -9 -9 -9 -9 -9 -9 -9 -9 -9 -9 -9 -9 -9 -9 -9 -9 -9 -9 -9 -9 -9 -9 -9 -9 -9 -9 -9 -9 -9 -9 -9 -9 -9 -9 -9 -9 -9
1.746 1.715 1.677 1.681 1.683 1.64 1.668 1.693 1.74 1.757 1.746 1.694 1.461 1.102 0.835 0.783 0.744 0.543 0.368 0.232 0.002 -0.355 -0.671 -0.785 -0.583 -0.172 0.223 0.588 0.938 0.84 0.865 1.113 0.951 1.059 1.217 1.353 1.21 1.613 1.772 -9 -9 -9 -9 -9 -9 -9 -9 -9 -9 -9 -9 -9 -9 -9 -9 -9 -9 -9 -9 -9 -9 -9 -9 -9 -9 -9 -9 -9 -9 -9 -9 -9 -9 -9 -9 -9 -9
1.766 1.764 1.766 1.766 1.766 1.765 1.766 1.767 1.767 1.762 1.723 1.536 1.229 1.191 1.082 0.981 0.701 0.613 0.414 0.268 -0.099 -0.23 -0.418 -0.374 -0.184 0.126 0.381 0.557 0.7 0.979 1.11 1.222 1.358 1.319 1.27 1.567 1.674 1.812 1.835 -9 -9 -9 -9 -9 -9 -9 -9 -9 -9 -9 -9 -9 -9 -9 -9 -9 -9 -9 -9 -9 -9 -9 -9 -9 -9 -9 -9 -9 -9 -9 -9 -9 -9 -9 -9 -9 -9
1.767 1.771 1.764 1.772 1.776 1.776 1.774 1.753 1.74 1.653 1.432 1.089 0.662 0.47 0.39 0.571 0.272 0.016 -0.199 0.114 -0.322 -0.289 0.09 0.09 0.016 0.024 0.101 0.164 0.311 0.629 0.87 1.053 1.45 1.635 1.623 1.745 1.834 1.838 -9 -9 -9 -9 -9 -9 -9 -9 -9 -9 -9 -9 -9 -9 -9 -9 -9 -9 -9 -9 -9 -9 -9 -9 -9 -9 -9 -9 -9 -9 -9 -9 -9 -9 -9 -9 -9 -9 -9
1.514 1.39 1.52 1.507 1.575 1.586 1.575 1.419 1.281 1.161 0.826 0.491 0.104 0.01 -0.133 -0.051 0.337 0.028 -0.407 -0.157 -0.406 -0.039 0.237 0.424 0.458 0.45 0.436 0.338 0.519 0.722 0.911 1.191 1.572 1.805 1.837 1.844 1.846 -9 -9 -9 -9 -9 -9 -9 -9 -9 -9 -9 -9 -9 -9 -9 -9 -9 -9 -9 -9 -9 -9 -9 -9 -9 -9 -9 -9 -9 -9 -9 -9 -9 -9 -9 -9 -9 -9 -9 -9
0.738 0.721 1.164 1.244 1.195 0.9 0.965 0.871 0.742 0.681 0.799 0.61 0.307 -0.019 -0.402 -0.55 -0.184 -0.12 -0.531 -0.432 -0.431 -0.351 -0.111 0.189 0.469 0.637 0.826 0.858 1.008 1.186 1.293 1.511 1.775 1.844 1.846 1.847 1.844 -9 -9 -9 -9 -9 -9 -9 -9 -9 -9 -9 -9 -9 -9 -9 -9 -9 -9 -9 -9 -9 -9 -9 -9 -9 -9 -9 -9 -9 -9 -9 -9 -9 -9 -9 -9 -9 -9 -9 -9
0.09 0.597 0.628 0.991 1.363 0.855 0.484 0.668 0.7 0.926 0.742 0.617 0.465 0.102 -0.251 -0.464 -0.52 -0.407 -0.509 -0.233 -0.207 -0.537 -0.443 -0.201 -0.07 0.179 0.535 0.759 0.926 1.039 1.067 1.405 1.809 1.848 1.841 1.795 1.833 -9 -9 -9 -9 -9 -9 -9 -9 -9 -9 -9 -9 -9 -9 -9 -9 -9 -9 -9 -9 -9 -9 -9 -9 -9 -9 -9 -9 -9 -9 -9 -9 -9 -9 -9 -9 -9 -9 -9 -9
0.049 0.4 0.126 0.745 1.324 1.179 0.834 0.965 0.886 0.829 0.34 0.193 0.224 0.102 -0.015 -0.296 -0.616 -0.433 -0.202 0.158 0.038 -0.336 -0.527 -0.459 -0.45 -0.329 0.048 0.271 0.341 0.552 0.983 1.542 1.833 1.851 1.833 1.688 -9 -9 -9 -9 -9 -9 -9 -9 -9 -9 -9 -9 -9 -9 -9 -9 -9 -9 -9 -9 -9 -9 -9 -9 -9 -9 -9 -9 -9 -9 -9 -9 -9 -9 -9 -9 -9 -9 -9 -9 -9
-0.047 -0.099 0.013 0.643 1.17 1.396 1.145 0.994 0.906 0.533 0.134 -0.146 -0.039 -0.078 0.063 -0.026 -0.448 -0.273 0.052 0.45 0.343 -0.064 -0.117 -0.138 -0.352 -0.44 -0.428 -0.237 -0.172 0.442 1.065 1.608 1.841 1.852 1.851 -9 -9 -9 -9 -9 -9 -9 -9 -9 -9 -9 -9 -9 -9 -9 -9 -9 -9 -9 -9 -9 -9 -9 -9 -9 -9 -9 -9 -9 -9 -9 -9 -9 -9 -9 -9 -9 -9 -9 -9 -9 -9
-0.299 -0.199 0.005 0.623 1.164 1.369 0.912 0.713 0.761 0.294 0.079 -0.057 0.136 0.206 0.43 0.423 -0.096 -0.201 0.2 0.602 0.535 0.152 0.318 0.15 0.118 -0.267 -0.454 -0.516 -0.269 0.313 0.919 1.57 1.83 1.852 1.842 -9 -9 -9 -9 -9 -9 -9 -9 -9 -9 -9 -9 -9 -9 -9 -9 -9 -9 -9 -9 -9 -9 -9 -9 -9 -9 -9 -9 -9 -9 -9 -9 -9 -9 -9 -9 -9 -9 -9 -9 -9 -9
-0.202 0.161 0.386 0.956 1.434 1.182 0.712 0.72 0.966 0.429 0.342 0.371 0.486 0.653 0.727 0.645 0.269 -0.046 0.303 0.701 0.802 0.556 0.685 0.52 0.274 -0.052 0.07 -0.219 -0.181 0.433 1.011 1.572 1.834 1.852 -9 -9 -9 -9 -9 -9 -9 -9 -9 -9 -9 -9 -9 -9 -9 -9 -9 -9 -9 -9 -9 -9 -9 -9 -9 -9 -9 -9 -9 -9 -9 -9 -9 -9 -9 -9 -9 -9 -9 -9 -9 -9 -9
-0.24 0.052 0.643 1.074 1.481 1.157 0.825 0.804 1.116 0.722 0.734 0.866 0.871 0.833 0.672 0.61 0.219 0.07 0.33 0.482 0.73 0.994 0.994 0.744 0.182 0.359 0.213 -0.22 -0.11 0.512 1.05 1.53 -9 -9 -9 -9 -9 -9 -9 -9 -9 -9 -9 -9 -9 -9 -9 -9 -9 -9 -9 -9 -9 -9 -9 -9 -9 -9 -9 -9 -9 -9 -9 -9 -9 -9 -9 -9 -9 -9 -9 -9 -9 -9 -9 -9 -9
-0.002 0.142 0.439 0.91 1.393 1.449 1.128 1.066 1.221 1.074 1.03 0.952 0.756 0.518 0.407 0.347 0.049 0.186 0.525 0.574 0.424 0.918 0.996 0.521 0.388 0.693 0.429 0.056 0.326 0.634 1.158 -9 -9 -9 -9 -9 -9 -9 -9 -9 -9 -9 -9 -9 -9 -9 -9 -9 -9 -9 -9 -9 -9 -9 -9 -9 -9 -9 -9 -9 -9 -9 -9 -9 -9 -9 -9 -9 -9 -9 -9 -9 -9 -9 -9 -9 -9
0.204 0.468 0.305 0.821 1.384 1.557 1.411 1.301 1.328 1.227 1.057 1.002 0.714 0.349 0.104 -0.063 -0.169 0.065 0.385 0.706 0.638 0.869 0.972 0.331 0.587 0.805 0.305 0.156 0.616 1.038 -9 -9 -9 -9 -9 -9 -9 -9 -9 -9 -9 -9 -9 -9 -9 -9 -9 -9 -9 -9 -9 -9 -9 -9 -9 -9 -9 -9 -9 -9 -9 -9 -9 -9 -9 -9 -9 -9 -9 -9 -9 -9 -9 -9 -9 -9 -9
0.346 0.702 0.497 0.915 1.471 1.523 1.488 1.308 1.38 1.372 1.167 0.864 0.41 0.279 0.328 0.052 0.022 0.399 0.632 0.953 0.915 1.242 1.265 0.973 0.888 1.005 0.972 0.71 1.021 -9 -9 -9 -9 -9 -9 -9 -9 -9 -9 -9 -9 -9 -9 -9 -9 -9 -9 -9 -9 -9 -9 -9 -9 -9 -9 -9 -9 -9 -9 -9 -9 -9 -9 -9 -9 -9 -9 -9 -9 -9 -9 -9 -9 -9 -9 -9 -9
0.49 0.84 0.86 1.013 1.54 1.56 1.471 1.272 1.508 1.468 1.172 0.649 0.373 0.602 0.647 0.637 0.628 0.31 0.566 1.143 1.376 1.533 1.593 1.566 1.404 1.165 1.258 1.122 1.304 -9 -9 -9 -9 -9 -9 -9 -9 -9 -9 -9 -9 -9 -9 -9 -9 -9 -9 -9 -9 -9 -9 -9 -9 -9 -9 -9 -9 -9 -9 -9 -9 -9 -9 -9 -9 -9 -9 -9 -9 -9 -9 -9 -9 -9 -9 -9 -9
0.826 1.01 0.91 1.061 1.568 1.634 1.497 1.396 1.584 1.415 0.94 0.469 0.621 0.973 1.226 1.249 0.967 0.559 0.984 1.495 1.709 1.706 1.66 1.641 1.626 1.521 1.413 1.386 1.446 -9 -9 -9 -9 -9 -9 -9 -9 -9 -9 -9 -9 -9 -9 -9 -9 -9 -9 -9 -9 -9 -9 -9 -9 -9 -9 -9 -9 -9 -9 -9 -9 -9 -9 -9 -9 -9 -9 -9 -9 -9 -9 -9 -9 -9 -9 -9 -9
1.089 1.073 0.847 1.204 1.607 1.662 1.485 1.512 1.641 1.309 0.604 0.287 0.722 1.084 1.465 1.531 1.346 1.379 1.638 1.737 1.639 1.463 1.223 1.156 1.284 1.476 1.531 1.545 -9 -9 -9 -9 -9 -9 -9 -9 -9 -9 -9 -9 -9 -9 -9 -9 -9 -9 -9 -9 -9 -9 -9 -9 -9 -9 -9 -9 -9 -9 -9 -9 -9 -9 -9 -9 -9 -9 -9 -9 -9 -9 -9 -9 -9 -9 -9 -9 -9
1.154 0.882 1.034 1.463 1.675 1.643 1.505 1.633 1.642 1.224 0.683 0.78 1.374 1.674 1.725 1.731 1.742 1.747 1.729 1.605 1.145 0.887 0.485 0.368 0.664 0.91 1.176 1.386 -9 -9 -9 -9 -9 -9 -9 -9 -9 -9 -9 -9 -9 -9 -9 -9 -9 -9 -9 -9 -9 -9 -9 -9 -9 -9 -9 -9 -9 -9 -9 -9 -9 -9 -9 -9 -9 -9 -9 -9 -9 -9 -9 -9 -9 -9 -9 -9 -9
