data/climatemaps/RS_maps/climate_postbreed_tmp_2019.asc
NCOLS 369 
NROWS 228 
XLLCORNER 479000 
YLLCORNER 73000 
CELLSIZE 1000 
NODATA_value -9 
[rows 102 to 135 of 228, columns 154 to 230 of 369]
0.582 0.454 0.4 0.337 0.405 0.488 0.577 0.673 0.742 0.786 0.781 0.583 0.162 0.058 0.261 0.366 0.227 -0.021 -0.068 0.287 0.176 -0.048 -0.113 -0.041 0.031 0.198 0.556 0.817 1.039 1.164 1.229 1.154 1.06 1.123 0.759 0.188 0.143 0.22 0.653 1.15 0.936 0.403 0.057 -0.074 0.166 -0.021 -0.146 0.06 0.373 0.139 -0.15 -0.289 0.208 1.018 1.268 1.268 1.052 0.342 -0.221 -0.33 -0.353 -0.427 -0.47 -0.626 -0.848 -0.918 -0.623 -0.228 -0.019 -0.614 -0.636 -0.39 -0.201 0.375 -0.01 -0.587 -0.656
0.537 0.443 0.318 0.278 0.448 0.56 0.683 0.72 0.673 0.618 0.749 0.491 0.063 0.115 0.232 0.13 0.1 0.077 0.23 0.177 -0.075 -0.084 0.071 0.156 0.254 0.306 0.423 0.727 0.986 1.164 1.205 1.094 1.076 1.003 0.468 -0.094 0.106 0.443 0.831 1.134 0.954 0.573 0.266 -0.061 -0.032 -0.152 -0.339 -0.231 -0.018 -0.142 -0.236 -0.2 0.213 0.722 1.11 1.265 1.133 0.628 0.079 -0.185 -0.573 -0.711 -0.66 -0.882 -0.907 -0.696 -0.54 -0.265 -0.306 -0.625 -0.68 -0.674 -0.532 0.184 -0.034 -0.57 -0.66
0.534 0.491 0.376 0.428 0.57 0.654 0.656 0.565 0.386 0.286 0.595 0.465 0.221 0.119 -0.017 -0.198 -0.043 0.008 0.094 -0.092 -0.104 0.072 0.019 0.072 0.053 0.037 0.264 0.747 1.035 1.208 1.169 1.091 1.046 0.859 0.542 0.146 0.277 0.468 0.649 1.059 0.912 0.347 0.167 0.032 -0.227 -0.449 -0.65 -0.532 -0.306 -0.044 0.237 0.364 0.526 0.629 0.969 1.268 1.251 1.019 0.493 0.117 -0.357 -0.588 -0.656 -0.804 -0.791 -0.693 -0.493 -0.313 -0.7 -0.831 -0.877 -0.967 -0.692 -0.049 0.11 -0.182 -0.581
0.654 0.526 0.471 0.498 0.628 0.615 0.523 0.311 0.073 0.12 0.586 0.454 0.252 -0.042 -0.388 -0.204 -0.261 -0.149 0.005 -0.143 -0.015 -0.035 -0.168 -0.061 -0.02 0.159 0.537 0.88 1.149 1.222 1.135 1.101 0.989 0.668 0.34 0.118 0.196 0.152 0.384 1.003 0.801 0.086 -0.237 -0.298 -0.55 -0.664 -0.602 -0.338 -0.044 0.39 0.348 0.252 0.531 0.411 0.95 1.275 1.275 1.103 0.338 -0.102 -0.338 -0.411 -0.412 -0.463 -0.519 -0.759 -0.719 -0.592 -0.841 -1.033 -0.84 -0.675 -0.431 -0.192 -0.198 -0.84 -0.969
0.621 0.676 0.623 0.601 0.648 0.531 0.341 -0.052 -0.066 0.296 0.619 0.497 0.187 -0.236 -0.327 -0.349 -0.441 -0.17 -0.088 -0.045 -0.099 -0.103 0.019 0.159 0.282 0.435 0.709 0.985 1.21 1.196 1.12 1.024 0.873 0.505 0.036 -0.123 0.024 0.126 0.602 1.055 0.744 0.275 -0.056 -0.381 -0.748 -0.73 -0.43 -0.143 0.064 0.386 -0.166 0.012 0.248 0.273 0.905 1.265 1.275 1.15 0.461 -0.142 -0.285 -0.086 -0.042 -0.143 -0.242 -0.599 -0.796 -0.903 -1.106 -1.137 -0.994 -0.674 -0.435 -0.463 -0.465 -0.95 -0.998
0.518 0.62 0.66 0.659 0.54 0.4 0.084 -0.222 0.015 0.243 0.555 0.48 -0.008 -0.179 -0.278 -0.441 -0.402 -0.197 -0.069 0.045 -0.079 0.025 0.242 0.398 0.552 0.681 0.877 1.122 1.225 1.158 1.066 0.901 0.742 0.366 -0.154 -0.35 -0.081 0.293 0.948 0.928 0.478 0.595 0.314 -0.116 -0.387 -0.495 -0.458 -0.358 -0.16 0.192 -0.345 0.046 0.087 -0.093 0.51 1.162 1.275 1.264 1.045 0.429 0.349 0.455 0.423 0.246 0.153 -0.162 -0.291 -0.452 -0.642 -1.002 -1.228 -0.843 -0.792 -0.834 -0.993 -1.15 -0.683
0.478 0.622 0.618 0.648 0.429 0.148 -0.091 -0.076 0.088 0.199 0.55 0.486 -0.139 -0.004 -0.095 -0.254 -0.321 -0.211 -0.064 0.021 0.171 0.283 0.457 0.62 0.742 0.846 1.071 1.222 1.201 1.089 1.003 0.83 0.503 0.037 -0.349 -0.364 -0.023 0.493 1.042 0.838 0.457 0.538 0.327 -0.139 -0.439 -0.796 -0.563 -0.322 0.013 -0.017 -0.502 0.003 -0.269 -0.73 0.124 0.838 1.235 1.26 1.243 1.073 0.944 0.892 0.78 0.692 0.561 0.291 0.13 0.01 -0.215 -0.41 -0.58 -0.602 -0.652 -0.785 -1.056 -0.968 -0.428
0.446 0.604 0.656 0.652 0.392 0.091 0.064 0.13 0.151 0.343 0.536 0.53 0.17 0.183 0.023 -0.201 -0.294 -0.267 -0.18 -0.094 0.278 0.524 0.702 0.85 0.957 1.093 1.215 1.246 1.17 1.008 0.933 0.568 0.086 -0.249 -0.476 -0.499 0.004 0.721 1.051 0.712 0.212 -0.108 -0.084 -0.362 -0.646 -0.913 -0.742 -0.504 -0.08 -0.472 -1.095 -0.774 -0.985 -0.817 0.068 0.479 0.953 1.25 1.24 1.202 0.964 0.656 0.463 0.254 0.409 0.445 0.376 0.287 0.196 0.106 0.05 -0.063 -0.226 -0.631 -0.818 -0.79 -0.577
0.453 0.568 0.68 0.51 0.325 0.278 0.26 0.181 0.046 0.148 0.389 0.551 0.35 0.221 0.036 -0.206 -0.125 -0.229 -0.077 0.125 0.38 0.666 0.913 1.077 1.181 1.232 1.248 1.198 1.048 0.782 0.724 0.629 0.276 0.15 -0.248 -0.466 0.312 0.936 0.816 0.179 -0.338 -0.777 -0.582 -0.66 -0.83 -1.18 -1.107 -1.129 -0.572 -0.775 -1.467 -1.338 -0.86 -0.095 0.185 0.031 0.58 1.151 1.246 1.153 0.745 0.345 0.322 -0.082 -0.176 -0.147 -0.153 0.092 0.406 0.054 -0.071 -0.137 -0.369 -0.853 -1.11 -1.01 -0.916
0.392 0.534 0.64 0.287 0.09 0.15 0.213 0.009 -0.235 -0.114 0.363 0.451 0.114 -0.004 0.022 -0.22 -0.03 -0.003 0.151 0.414 0.59 0.859 1.122 1.209 1.245 1.242 1.154 1.008 0.731 0.428 0.134 0.571 0.634 0.214 -0.268 -0.148 0.368 0.873 0.65 0.092 -0.454 -1.068 -1.012 -0.938 -1.027 -1.274 -1.274 -1.401 -1.314 -1.163 -1.36 -1.464 -0.673 -0.101 -0.24 -0.11 0.491 1.005 1.238 0.906 0.526 0.276 0.125 -0.16 -0.584 -0.669 -0.753 -0.332 0.212 -0.454 -0.668 -0.671 -0.842 -1.02 -1.529 -1.451 -1.52
0.362 0.55 0.482 0.249 0.051 -0.013 0.028 -0.436 -0.348 -0.011 0.404 0.313 -0.153 -0.191 -0.056 -0.232 -0.015 0.198 0.363 0.617 0.838 1.048 1.183 1.242 1.254 1.134 0.862 0.671 0.319 -0.025 -0.271 0.28 0.682 0.268 -0.184 -0.051 0.035 0.653 0.762 0.134 -0.358 -0.673 -0.598 -0.534 -0.836 -0.996 -1.147 -1.377 -1.364 -1.174 -1.414 -1.381 -0.694 -0.322 -0.304 -0.089 0.313 0.871 1.225 0.655 -0.004 -0.177 -0.183 -0.456 -0.919 -0.967 -0.602 -0.208 0.024 -0.693 -1.061 -1.177 -1.188 -1.353 -1.862 -1.886 -1.981
0.515 0.441 0.193 0.208 0.158 -0.038 -0.33 -0.524 -0.183 0.143 0.406 0.246 -0.273 -0.383 -0.279 -0.188 0.022 0.26 0.389 0.458 0.799 1.138 1.204 1.235 1.082 0.753 0.329 0.214 -0.008 -0.407 -0.124 0.587 0.586 0.103 -0.432 -0.548 -0.405 0.239 0.686 0.296 -0.082 -0.251 0.072 -0.208 -0.856 -1.091 -1.302 -1.146 -0.854 -0.684 -1.063 -1.025 -0.682 -0.34 -0.349 -0.299 0.088 0.71 1.206 0.819 -0.106 -0.698 -0.754 -0.929 -1.008 -0.936 -0.579 -0.118 -0.122 -0.716 -1.215 -1.494 -1.67 -1.78 -1.849 -1.853 -1.941
0.492 0.2 0.116 0.228 0.146 -0.125 -0.596 -0.377 -0.05 0.19 0.343 0.331 0.102 -0.203 -0.324 -0.092 0.119 0.109 0.188 0.396 0.766 1.076 1.153 1.217 0.811 0.576 0.068 -0.272 -0.436 -0.371 0.141 0.593 0.336 -0.154 -0.689 -0.722 -0.451 0.284 0.616 0.369 0.229 0.236 0.362 -0.255 -0.929 -1.061 -1.28 -0.827 -0.517 -0.593 -0.835 -1.126 -0.956 -0.864 -0.744 -0.488 -0.108 0.53 1.098 1.103 0.315 -0.456 -0.788 -1.1 -0.991 -0.876 -0.637 -0.163 -0.397 -1.107 -1.528 -1.523 -1.704 -1.914 -1.707 -1.654 -1.828
0.49 0.407 0.413 0.356 0.162 -0.287 -0.543 -0.233 0.04 0.167 0.126 0.251 0.328 0.175 -0.097 -0.136 -0.089 -0.144 -0.06 0.039 0.451 0.611 0.918 0.98 0.3 0.257 0.322 -0.269 -0.623 -0.251 0.007 0.528 0.166 -0.467 -0.856 -0.542 -0.106 0.194 0.462 0.487 0.494 0.508 0.412 -0.168 -0.661 -0.869 -1.193 -0.724 -0.403 -0.879 -1.246 -1.273 -0.937 -0.746 -0.303 0.095 0.299 0.511 0.768 1.169 0.775 0.143 -0.343 -0.806 -0.931 -1.37 -1.182 -0.934 -1.379 -1.626 -1.478 -1.128 -1.077 -1.509 -1.54 -1.594 -1.809
0.582 0.584 0.578 0.567 0.378 -0.178 -0.313 -0.031 0.15 0.127 0.006 0.034 0.149 0.265 0.17 0.042 -0.078 -0.334 -0.345 0.027 0.158 0.498 0.934 0.664 -0.173 0.061 0.377 -0.085 -0.574 -0.43 0.012 0.493 0.028 -0.542 -0.968 -1.058 -0.444 -0.017 0.115 0.194 0.297 0.273 0.398 0.263 -0.101 -0.663 -0.796 -0.333 -0.438 -1.361 -1.556 -0.919 -0.511 -0.356 -0.268 0.022 0.04 -0.051 0.31 0.973 1.107 0.66 -0.066 -0.771 -1.21 -1.611 -1.406 -1.402 -1.372 -1.357 -1.112 -0.626 -1.009 -1.313 -1.534 -1.642 -1.684
0.326 0.322 0.354 0.392 0.438 0.32 0.234 0.241 0.12 0.104 -0.037 -0.152 -0.051 0.009 0.015 -0.074 -0.129 -0.443 -0.405 -0.127 0.059 0.76 0.955 0.465 -0.291 0.062 0.155 -0.164 -0.506 -0.348 0.252 0.358 -0.116 -0.554 -0.922 -1.218 -1.016 -0.444 -0.258 -0.198 -0.044 -0.261 -0.054 0.166 0.205 -0.15 -0.166 -0.062 -0.602 -1.45 -1.427 -0.875 -0.726 -0.583 -0.817 -0.712 -0.77 -0.557 -0.112 0.642 1.152 0.824 -0.03 -1.009 -1.524 -1.306 -1.138 -1 -0.858 -0.707 -0.377 -0.633 -1.518 -1.764 -1.849 -1.311 -1.315
0.026 -0.041 -0.109 -0.092 -0.05 0.176 0.348 0.164 0.03 -0.049 -0.163 -0.383 -0.525 -0.527 -0.498 -0.547 -0.469 -0.599 -0.367 -0.118 0.344 0.913 0.881 0.413 -0.266 -0.003 -0.182 -0.409 -0.54 -0.401 0.059 -0.056 -0.377 -0.82 -0.995 -1.083 -1.103 -0.956 -0.694 -0.478 -0.465 -0.814 -0.727 -0.601 0.037 0.018 -0.176 -0.506 -1.049 -1.614 -1.605 -1.374 -1.348 -1.271 -1.342 -1.084 -0.774 -0.79 -0.412 0.209 0.999 0.892 0.075 -0.808 -1.047 -0.835 -0.863 -0.64 -0.368 -0.096 -0.253 -1.03 -1.737 -1.644 -1.666 -1.443 -0.897
-0.455 -0.588 -0.533 -0.33 -0.041 0.263 0.223 0.002 -0.167 -0.378 -0.453 -0.456 -0.637 -0.651 -0.471 -0.487 -0.531 -0.509 -0.191 0.203 0.711 0.98 0.771 0.234 -0.23 -0.048 -0.267 -0.664 -0.679 -0.432 -0.366 -0.564 -0.659 -0.854 -0.783 -0.702 -0.77 -0.974 -0.957 -0.809 -0.785 -1.156 -1.465 -1.154 -0.565 -0.631 -0.778 -1.269 -1.624 -1.786 -1.799 -1.615 -1.535 -1.602 -1.316 -1.045 -0.733 -0.516 -0.458 0.148 1.005 0.868 0.176 -0.369 -0.212 -0.159 -0.194 -0.005 0.108 -0.162 -0.568 -0.974 -1.518 -1.443 -1.16 -1.365 -0.934
-0.347 -0.474 -0.301 -0.124 0.062 0.245 0.039 -0.249 -0.454 -0.488 -0.274 0.016 -0.044 -0.05 0.073 0.055 0.023 -0.305 -0.185 0.351 0.711 0.827 0.488 -0.07 -0.422 -0.311 -0.236 -0.747 -0.783 -0.566 -0.554 -0.646 -0.698 -0.687 -0.463 -0.445 -0.59 -0.715 -0.901 -1.152 -1.316 -1.431 -1.74 -1.436 -1.299 -1.406 -1.367 -1.452 -1.441 -1.421 -1.633 -1.473 -1.095 -1.398 -1.379 -0.991 -0.795 -0.325 0.018 0.402 1.01 0.907 0.693 0.492 0.414 0.302 0.197 0.044 -0.372 -0.986 -1.14 -0.987 -1.512 -1.553 -1 -0.885 -0.755
-0.204 -0.301 -0.162 -0.039 0.018 0.138 -0.208 -0.394 -0.216 0.103 0.404 0.565 0.6 0.593 0.611 0.535 0.564 0.162 -0.037 0.305 0.564 0.586 0.249 -0.097 -0.344 -0.391 -0.422 -0.67 -0.831 -0.917 -0.704 -0.692 -0.734 -0.432 -0.229 -0.497 -0.777 -1.143 -1.351 -1.342 -1.128 -0.936 -1.239 -1.437 -1.484 -1.442 -1.434 -1.04 -0.765 -1.177 -1.561 -1.444 -0.76 -1.09 -1.106 -0.701 -0.348 -0.059 0.417 0.849 0.892 0.33 0.104 0.407 0.277 0.015 -0.213 -0.644 -1.072 -1.547 -1.288 -1.144 -1.708 -1.45 -1.107 -0.825 -0.607
-0.234 -0.268 -0.148 -0.091 0.007 -0.157 -0.294 -0.032 0.494 0.841 1.02 1.064 1.042 1.019 0.983 0.935 0.945 0.772 0.455 0.492 0.621 0.487 0.41 0.255 0.004 -0.186 -0.384 -0.529 -0.533 -0.826 -1.042 -0.815 -0.477 -0.104 -0.479 -0.973 -1.118 -1.126 -0.984 -0.551 -0.408 -0.72 -1.28 -1.658 -1.195 -0.978 -1.077 -0.962 -0.513 -1.105 -1.129 -1.486 -0.789 -0.445 -0.616 -0.844 -0.501 0.052 0.656 0.77 0.293 -0.396 -0.7 -0.174 0.025 -0.412 -0.72 -1.19 -1.685 -1.707 -1.189 -1.315 -1.513 -1.282 -1.189 -1.243 -1.063
-0.217 -0.252 -0.174 -0.206 -0.297 -0.214 0.171 0.674 1.036 1.168 1.193 1.197 1.192 1.184 1.133 1.112 1.118 1.099 0.975 0.956 0.94 0.857 0.703 0.588 0.346 0.134 -0.044 -0.307 -0.501 -0.742 -0.911 -0.357 0.05 -0.337 -0.737 -0.653 -0.331 -0.183 -0.18 -0.297 -0.694 -1.141 -1.401 -1.499 -1.17 -0.593 -0.466 -0.556 -0.409 -0.614 -0.718 -0.982 -1.046 -0.884 -0.415 -0.454 -0.291 0.392 0.754 0.437 -0.29 -1.146 -1.158 -0.497 -0.004 -0.662 -1.102 -1.4 -1.956 -1.846 -1.404 -1.515 -1.516 -1.392 -1.366 -1.32 -1.111
0.026 -0.091 -0.133 -0.384 -0.338 0.268 0.809 1.105 1.194 1.201 1.201 1.171 1.075 1.043 1.12 1.144 1.153 1.163 1.164 1.131 1.147 1.158 1.074 0.836 0.567 0.446 0.147 -0.254 -0.614 -0.772 -0.344 0.145 -0.148 -0.529 -0.374 0.069 0.295 0.271 0.19 -0.14 -0.434 -0.851 -0.944 -1.158 -0.888 -0.67 -0.827 -0.579 -0.391 -0.211 -0.237 -0.367 -0.622 -0.901 -0.73 -0.169 -0.029 0.611 0.563 0.167 -0.64 -1.465 -1.427 -0.759 -0.25 -0.847 -1.46 -1.406 -1.642 -1.818 -1.607 -1.512 -1.44 -1.321 -1.136 -1.019 -0.749
0.255 0.113 -0.14 -0.255 0.233 0.861 1.139 1.19 1.201 1.196 1.033 0.742 0.527 0.431 0.486 0.569 0.455 0.555 0.624 0.658 0.737 1.069 1.171 1.154 1.008 0.681 0.411 0.015 -0.425 -0.32 0.181 0.039 -0.038 0.193 0.194 0.294 -0.141 -0.421 -0.455 -0.395 -0.471 -0.63 -0.628 -0.899 -0.987 -0.989 -1.487 -1.277 -1.045 -0.624 -0.358 -0.031 -0.037 -0.237 -0.595 -0.284 0.409 0.63 -0.127 -0.126 -0.665 -1.263 -1.441 -1.048 -0.686 -0.816 -1.288 -1.065 -1.397 -1.751 -1.459 -1.195 -1.079 -0.94 -0.886 -0.55 -0.388
0.199 -0.08 -0.027 0.375 0.901 1.15 1.193 1.199 1.161 0.913 0.387 0.306 0.12 -0.038 -0.023 -0.282 -0.476 -0.096 -0.036 -0.004 0.094 0.416 0.84 1.065 1.129 1.046 0.776 0.31 0.232 0.347 0.463 0.532 0.594 0.557 0.416 -0.058 -0.743 -1.076 -1.178 -1.124 -0.997 -0.978 -0.794 -1.068 -1.455 -1.279 -1.765 -1.888 -1.471 -1.258 -0.86 -0.307 -0.117 0.066 0.01 0.045 0.63 0.193 -0.696 -0.3 -0.832 -1.315 -1.409 -1.199 -0.986 -1.001 -1.31 -0.917 -1.337 -1.531 -1.284 -0.958 -0.641 -0.469 -0.426 -0.02 0.216
0.052 0.433 0.725 0.987 1.168 1.191 1.194 1.131 0.756 0.299 -0.054 0.187 -0.221 -0.464 -0.583 -0.524 -0.431 -0.392 -0.731 -0.427 -0.495 -0.304 0.137 0.579 0.831 0.931 1.014 0.858 0.796 0.693 0.566 0.338 0.051 -0.041 0.004 -0.206 -0.932 -1.265 -1.479 -1.593 -1.312 -1.072 -1.127 -1.304 -1.956 -1.536 -1.596 -1.991 -1.739 -1.396 -1.028 -0.761 -0.823 -0.486 0.051 0.483 0.566 -0.221 -0.983 -0.449 -0.878 -1.225 -1.541 -1.517 -1.323 -1.135 -1.268 -0.905 -1.037 -1.254 -0.982 -0.712 -0.378 -0.063 0.146 0.364 0.375
0.635 1.003 1.144 1.178 1.188 1.152 0.973 0.664 0.019 -0.367 -0.338 -0.195 -0.396 -0.803 -0.842 -0.88 -0.968 -1.045 -0.762 -0.696 -0.816 -0.4 0.036 0.253 0.188 0.458 0.861 1.075 0.802 0.169 -0.19 -0.473 -0.666 -0.884 -0.709 -0.183 -0.537 -0.879 -1.203 -1.597 -1.638 -1.64 -1.641 -1.721 -2.231 -1.606 -1.162 -1.637 -1.811 -1.539 -1.479 -1.265 -1.063 -0.618 -0.015 0.597 0.173 -0.607 -1.237 -0.758 -0.774 -1.37 -1.767 -1.599 -1.552 -0.996 -0.98 -0.885 -0.59 -0.83 -0.756 -0.417 -0.143 0.147 0.325 0.332 -0.048
1.087 1.145 1.178 1.177 1.132 0.774 0.333 0.176 -0.407 -0.677 -0.524 -0.407 -0.475 -1.037 -1.297 -1.482 -1.373 -1.099 -0.945 -0.91 -0.692 -0.333 0.091 -0.099 -0.353 -0.145 0.536 0.847 0.795 -0.125 -0.749 -0.954 -1.138 -1.397 -1.2 -0.753 -0.515 -0.47 -1.076 -1.654 -2.034 -2.077 -1.982 -2.034 -2.233 -1.686 -1.068 -1.081 -1.48 -1.761 -1.754 -1.282 -0.931 -0.642 0.039 0.501 -0.223 -0.937 -1.454 -0.999 -0.898 -1.57 -1.777 -1.353 -1.38 -1.021 -0.614 -0.566 -0.225 -0.347 -0.391 -0.424 -0.097 0.2 0.166 0.069 -0.56
1.161 1.158 1.11 0.987 0.75 0.155 -0.398 -0.53 -0.683 -0.794 -0.687 -0.69 -0.61 -0.943 -1.328 -1.492 -1.177 -0.918 -0.7 -0.507 -0.279 0.011 -0.045 -0.638 -0.677 0.371 0.664 0.32 0.753 0.314 -0.371 -0.715 -0.958 -1.304 -1.441 -1.22 -0.832 -0.515 -1.122 -1.782 -2.074 -1.847 -1.767 -1.81 -1.981 -1.81 -1.365 -1.009 -0.849 -1.32 -1.54 -1.077 -0.858 -0.702 -0.044 0.429 -0.458 -1.111 -1.546 -1.291 -1.107 -1.555 -1.368 -1.299 -0.793 -0.744 -0.31 -0.094 0.036 0.074 0.118 0.13 0.175 0.116 -0.102 0.052 -0.196
1.15 1.051 0.835 0.513 0.077 -0.375 -0.867 -0.83 -0.906 -1.069 -1.165 -1.16 -0.984 -1.117 -1.187 -1.19 -0.988 -0.735 -0.566 -0.241 -0.148 -0.161 -0.36 -1.111 -0.565 0.758 0.311 -0.35 0.345 0.632 0.359 -0.236 -0.509 -0.933 -1.379 -1.591 -1.277 -1.009 -1.285 -1.745 -2.105 -1.699 -1.267 -1.247 -1.593 -1.787 -1.696 -1.238 -0.689 -0.62 -0.865 -0.663 -0.401 -0.164 0.177 0.387 -0.291 -0.818 -1.4 -1.447 -1.302 -1.301 -0.952 -1.075 -0.621 -0.366 -0.114 0.001 -0.196 -0.054 -0.119 -0.119 -0.263 -0.258 -0.052 0.063 -0.23
1.029 0.636 0.315 0.069 -0.465 -0.684 -0.892 -1.076 -1.128 -1.171 -1.289 -1.128 -1.064 -1.065 -0.903 -0.798 -0.728 -0.583 -0.345 -0.233 -0.678 -0.802 -0.636 -1.187 -0.459 0.647 -0.11 -0.882 -0.181 0.324 0.561 0.304 0.038 -0.571 -1.187 -1.714 -1.7 -1.616 -1.529 -1.712 -2.081 -1.97 -1.284 -0.925 -0.976 -1.386 -1.55 -1.284 -0.977 -0.671 -0.235 -0.02 0.147 0.099 0.179 -0.024 -0.563 -1.047 -1.208 -1.048 -0.937 -0.892 -0.853 -0.733 -0.498 -0.225 -0.21 -0.505 -0.515 -0.241 -0.59 -0.39 -0.649 -0.56 -0.18 -0.074 -0.644
0.858 0.187 -0.237 -0.437 -0.438 -0.494 -0.711 -0.89 -0.887 -0.764 -0.969 -0.924 -0.852 -0.688 -0.609 -0.436 -0.435 -0.552 -0.487 -0.679 -1.409 -1.374 -1.189 -1.066 -0.419 0.367 -0.43 -1.307 -0.851 -0.393 0.221 0.469 0.427 -0.179 -0.828 -1.577 -1.929 -2.053 -1.8 -1.842 -2.239 -2.369 -1.813 -1.257 -0.814 -0.74 -0.974 -0.852 -0.571 -0.299 -0.134 -0.24 -0.39 -0.636 -0.061 -0.495 -0.95 -1.024 -0.77 -0.857 -1.131 -0.842 -0.735 -0.415 -0.261 -0.523 -0.74 -0.987 -0.51 -0.516 -0.929 -0.649 -1.028 -0.791 -0.157 -0.212 -0.924
0.944 0.355 -0.266 -0.239 -0.013 -0.07 -0.17 -0.173 -0.346 -0.373 -0.437 -0.367 -0.55 -0.326 -0.205 -0.118 -0.215 -0.673 -1.443 -1.554 -1.872 -1.788 -1.707 -1.171 -0.578 0.055 -0.374 -1.131 -1.376 -0.832 -0.347 -0.096 0.271 0.021 -0.975 -1.557 -1.67 -2.189 -1.99 -1.972 -2.279 -2.476 -2.244 -1.619 -1.199 -0.749 -0.44 -0.426 -0.366 -0.503 -0.736 -0.973 -1.09 -0.847 -0.239 -0.253 -0.59 -0.609 -0.819 -1.238 -1.41 -0.911 -0.533 -0.589 -0.553 -1.074 -1.158 -1.047 -0.538 -0.831 -1.163 -0.979 -1.196 -0.815 -0.196 -0.29 -0.817
0.741 0.766 0.405 0.499 0.602 0.625 0.558 0.524 0.376 0.17 0.142 0.091 -0.13 0.031 0.139 0.142 -0.171 -1.223 -2.23 -2.36 -2.233 -2.055 -1.931 -1.383 -0.956 -0.532 -0.534 -0.692 -1.178 -1.529 -1.2 -0.817 -0.124 0.028 -0.955 -1.362 -1.443 -2.109 -2.219 -2.047 -2.119 -2.407 -2.255 -1.67 -1.04 -0.842 -1.056 -0.889 -1.125 -1.315 -1.414 -1.37 -0.972 -0.461 -0.028 -0.016 -0.221 -0.469 -0.866 -1.392 -1.427 -1.097 -0.894 -1.023 -0.628 -1.299 -1.365 -0.962 -0.634 -1.081 -1.319 -1.252 -0.999 -0.477 -0.229 -0.531 -0.855
