data/climatemaps/RS_maps/climate_breeding_pr_2013.asc
NCOLS 369 
NROWS 228 
XLLCORNER 479000 
YLLCORNER 73000 
CELLSIZE 1000 
NODATA_value -9 
[rows 136 to 169 of 228, columns 152 to 227 of 369]
0.885 0.721 0.41 0.076 -0.204 -0.198 -0.115 -0.074 -0.045 0.023 0.083 0.014 -0.091 -0.064 0.01 0.02 0.062 0.181 0.532 1.056 1.409 1.795 2.011 2.007 1.946 1.897 1.799 1.586 1.39 1.181 1.361 1.741 1.546 1.287 0.865 0.614 0.983 1.16 1.489 2 2.544 2.86 3.127 3.558 3.82 3.669 3.513 3.624 3.587 3.469 3.462 3.182 3.015 2.749 2.469 1.998 1.764 1.822 1.809 1.857 2.058 2.475 2.839 2.995 3.053 3.087 2.758 2.962 2.915 2.727 2.59 2.84 2.895 2.691 2.248 1.872
1.272 1.059 0.745 0.322 -0.121 0.06 0.236 0.367 0.371 0.377 0.308 0.087 -0.105 -0.166 -0.147 -0.094 0.085 0.368 0.52 0.78 1.175 1.615 1.916 1.954 1.861 1.814 1.835 1.658 1.414 1.317 1.581 1.845 1.641 1.42 1.111 0.705 1.051 1.063 1.356 1.832 2.372 2.814 3.083 3.508 3.859 3.897 3.921 3.835 3.707 3.549 3.323 2.937 2.595 2.327 2.113 1.933 2.054 2.281 2.372 2.463 2.332 2.464 2.952 3.165 3.14 3.259 3.007 3.18 3.223 2.97 3.004 3.235 3.198 2.842 2.321 2.234
1.525 1.295 0.879 0.394 -0.007 0.142 0.315 0.584 0.633 0.627 0.495 0.266 0.077 -0.023 -0.031 0.021 0.417 0.828 0.856 0.889 1.127 1.466 1.857 2.013 1.929 1.763 1.675 1.515 1.423 1.501 1.804 1.848 1.693 1.406 1.162 0.831 0.964 1.171 1.391 1.859 2.302 2.657 3.095 3.678 3.904 3.872 3.837 3.736 3.494 3.237 2.896 2.567 2.258 2.184 2.177 2.052 2.377 2.555 2.801 2.961 2.94 2.752 2.964 3.263 3.267 3.478 3.263 3.343 3.474 3.2 3.428 3.506 3.319 2.957 2.442 2.541
1.711 1.374 1.025 0.64 0.081 0.065 0.24 0.62 0.799 0.779 0.695 0.518 0.395 0.353 0.445 0.449 0.542 0.898 1.12 1.239 1.307 1.438 1.674 1.914 1.992 1.843 1.639 1.525 1.541 1.711 1.817 1.723 1.705 1.612 1.554 1.122 0.984 1.351 1.646 2.011 2.28 2.625 3.154 3.639 3.829 3.916 3.834 3.715 3.53 2.983 2.512 2.378 2.398 2.516 2.439 2.19 2.556 2.847 3.115 3.271 3.359 3.246 3.103 3.379 3.384 3.591 3.46 3.48 3.643 3.474 3.737 3.641 3.34 2.845 2.625 2.752
1.713 1.446 1.327 0.779 0.192 0.05 0.248 0.66 0.936 0.952 0.902 0.823 0.801 0.838 1.043 0.858 0.575 0.828 0.959 1.209 1.56 1.656 1.608 1.648 1.871 1.93 1.77 1.756 1.763 1.74 1.889 1.841 1.895 1.905 1.817 1.56 1.177 1.358 1.679 2.091 2.296 2.582 3.158 3.559 3.665 3.811 3.719 3.58 3.344 2.772 2.509 2.68 2.782 2.812 2.529 2.447 2.611 2.916 3.228 3.411 3.472 3.421 3.315 3.402 3.473 3.66 3.555 3.6 3.723 3.701 3.747 3.571 3.357 2.878 2.927 2.942
1.786 1.767 1.43 0.884 0.326 0.081 0.344 0.711 0.963 1.029 1.124 1.206 1.385 1.529 1.493 1.173 0.811 0.811 0.931 1.156 1.514 1.839 1.848 1.722 1.674 1.812 1.894 1.872 1.899 1.831 1.963 1.944 1.901 1.901 1.868 1.794 1.498 1.439 1.752 2.072 2.232 2.512 3.063 3.507 3.584 3.668 3.739 3.63 3.3 2.82 2.803 2.976 3.02 2.945 2.663 2.737 2.801 2.889 3.261 3.554 3.584 3.466 3.495 3.495 3.476 3.631 3.513 3.696 3.733 3.866 3.81 3.584 3.22 3.052 3.092 3.124
1.873 1.953 1.497 0.998 0.418 0.148 0.446 0.672 0.889 1.141 1.392 1.818 2.086 1.794 1.627 1.454 1.247 1.247 1.272 1.196 1.473 1.747 1.964 1.931 1.742 1.656 1.701 1.673 1.748 1.711 1.777 1.893 1.961 2.036 2.003 1.947 1.735 1.585 1.852 1.989 2.017 2.355 2.883 3.357 3.564 3.82 4.059 3.971 3.556 3.016 3.045 3.159 3.144 3.015 2.78 2.842 2.921 2.953 3.173 3.423 3.556 3.423 3.477 3.258 3.216 3.37 3.427 3.553 3.646 3.833 3.846 3.613 3.165 3.118 3.172 3.191
1.97 1.847 1.477 1.011 0.373 0.172 0.393 0.553 0.818 1.187 1.556 1.997 2.122 1.895 1.826 1.707 1.578 1.604 1.598 1.383 1.557 1.757 1.817 2.082 1.957 1.727 1.65 1.611 1.588 1.587 1.602 1.665 1.74 1.867 1.906 1.967 1.977 1.876 1.936 1.809 1.876 2.345 2.802 3.197 3.679 3.988 4.091 3.943 3.653 3.328 3.212 3.341 3.194 3.048 2.913 2.923 2.955 2.8 2.89 3.108 3.244 3.084 2.9 2.765 2.981 3.084 3.112 3.248 3.409 3.521 3.635 3.53 3.341 2.97 2.933 2.979
1.874 1.628 1.241 0.857 0.235 0.346 0.518 0.667 0.973 1.368 1.742 2.167 2.254 2.174 2.165 2.086 2.001 2.001 1.951 1.723 1.747 1.96 1.871 1.992 2.008 1.837 1.9 1.892 1.793 1.83 1.903 1.918 1.871 1.873 2.048 2.29 2.366 2.162 1.978 1.672 1.949 2.396 2.899 3.225 3.702 3.869 3.886 3.887 3.853 3.675 3.364 3.483 3.204 3.236 3.077 2.856 2.748 2.629 2.716 2.737 2.598 2.399 2.368 2.551 2.561 2.609 2.639 2.962 3.226 3.461 3.465 3.575 3.361 2.858 2.672 2.684
1.57 1.347 1.061 0.641 0.177 0.507 0.78 1.017 1.384 1.671 1.879 2.192 2.268 2.265 2.204 2.245 2.349 2.367 2.199 2.142 2.171 2.2 2.109 1.982 1.993 2.098 2.286 2.25 2.21 2.208 2.184 2.115 2.11 2.239 2.445 2.59 2.487 2.213 1.898 1.514 1.787 2.317 2.766 3.216 3.649 3.799 3.904 4.059 4.04 3.787 3.465 3.578 3.38 3.415 3.224 2.74 2.552 2.474 2.369 2.194 1.963 1.764 2.031 2.195 2.112 2.134 2.295 2.511 2.741 2.99 3.23 3.456 3.266 2.835 2.505 2.448
1.258 1.073 0.787 0.525 0.184 0.427 0.778 1.199 1.634 1.929 2.004 2.08 2.191 2.331 2.193 2.137 2.26 2.388 2.187 2.228 2.414 2.542 2.338 2.255 2.248 2.477 2.507 2.417 2.35 2.286 2.241 2.245 2.376 2.534 2.586 2.578 2.423 2.05 1.591 1.338 1.599 2.093 2.555 3.057 3.315 3.733 3.958 4.167 4.045 3.887 3.685 3.593 3.431 3.199 3.101 2.692 2.209 1.994 1.805 1.62 1.414 1.515 1.761 1.786 1.719 1.877 2.087 2.308 2.479 2.712 2.94 3.094 3.003 2.823 2.537 2.341
1.049 0.941 0.811 0.629 0.289 0.413 0.741 1.129 1.578 1.934 2.024 2.021 2.074 2.185 2.13 2.065 2.138 2.319 2.227 2.19 2.39 2.64 2.581 2.571 2.568 2.671 2.593 2.538 2.53 2.543 2.573 2.569 2.579 2.549 2.49 2.377 2.146 1.711 1.387 1.338 1.487 1.813 2.304 2.736 3.067 3.538 3.723 3.942 4.049 3.833 3.556 3.273 3.038 2.779 2.617 2.325 1.985 1.749 1.56 1.384 1.239 1.284 1.387 1.376 1.345 1.524 1.687 1.913 2.157 2.472 2.68 2.807 2.811 2.721 2.603 2.457
1.196 1.229 1.024 0.712 0.406 0.563 0.83 1.081 1.371 1.871 2.134 2.085 1.989 1.97 1.967 1.971 2.049 2.214 2.226 2.199 2.301 2.47 2.619 2.714 2.661 2.779 2.81 2.805 2.792 2.707 2.787 2.677 2.585 2.369 2.221 2.052 1.676 1.384 1.362 1.603 1.694 1.835 2.067 2.333 2.998 3.323 3.423 3.863 3.987 3.649 3.307 2.929 2.599 2.267 2.093 2.056 2.043 1.993 1.838 1.636 1.331 1.168 1.105 1.03 1.03 1.13 1.246 1.446 1.703 2.094 2.285 2.416 2.466 2.436 2.46 2.442
1.466 1.34 1.008 0.731 0.619 0.821 1.065 1.323 1.611 1.993 2.155 2.178 2.069 1.927 1.857 1.855 1.929 2.02 2.165 2.238 2.306 2.409 2.526 2.637 2.66 2.838 2.98 2.966 2.953 2.78 2.639 2.617 2.387 2.142 1.828 1.56 1.375 1.378 1.607 1.845 1.986 2.135 2.362 2.647 2.865 3.168 3.502 3.696 3.662 3.364 2.928 2.519 2.307 2.246 2.372 2.492 2.703 2.709 2.573 2.269 1.898 1.622 1.444 1.292 1.176 1.142 1.144 1.211 1.389 1.687 1.761 1.816 1.874 1.901 2.001 2.086
1.475 1.262 1.048 0.939 0.971 1.156 1.386 1.709 1.972 2.109 2.105 2.127 2.069 1.934 1.817 1.744 1.794 1.981 2.229 2.317 2.389 2.469 2.491 2.509 2.66 2.902 3.067 3.06 3.143 2.913 2.482 2.413 2.134 1.681 1.395 1.291 1.325 1.52 1.819 2.093 2.31 2.509 2.623 2.998 3.069 3.304 3.57 3.481 3.343 3.02 2.64 2.523 2.654 2.742 3.059 3.187 3.458 3.407 3.262 2.946 2.611 2.293 2.078 1.935 1.768 1.7 1.58 1.373 1.307 1.383 1.291 1.261 1.279 1.337 1.483 1.625
1.485 1.342 1.218 1.198 1.288 1.495 1.709 1.861 2.001 2.099 2.112 2.091 2.043 1.959 1.855 1.74 1.736 1.916 2.164 2.412 2.563 2.628 2.53 2.483 2.741 2.799 2.928 2.959 2.943 2.885 2.496 2 1.659 1.378 1.315 1.447 1.671 1.831 1.943 2.14 2.418 2.714 2.946 3.206 3.385 3.527 3.507 3.288 3.04 2.848 2.832 3.06 3.301 3.426 3.691 3.937 4.05 3.915 3.694 3.447 3.204 2.909 2.675 2.564 2.46 2.471 2.344 1.945 1.547 1.314 1.113 0.967 0.859 0.876 1.002 1.172
1.658 1.543 1.474 1.506 1.618 1.723 1.77 1.904 2 2.056 2.099 2.117 2.123 2.111 2.009 1.802 1.717 1.786 2.01 2.368 2.549 2.577 2.434 2.387 2.692 2.677 2.718 2.86 2.713 2.588 2.206 1.672 1.384 1.312 1.481 1.803 2.094 2.311 2.402 2.307 2.488 2.793 3.063 3.302 3.46 3.553 3.443 3.164 3.073 3.22 3.35 3.591 3.878 3.996 4.255 4.455 4.472 4.277 4.032 3.623 3.373 3.264 3.152 3.05 3.022 3.083 2.902 2.582 2.17 1.646 1.341 1.094 0.803 0.644 0.652 0.797
1.857 1.781 1.863 1.735 1.669 1.74 1.673 1.86 2.017 2.026 2.07 2.226 2.376 2.49 2.29 1.968 1.776 1.723 1.932 2.283 2.369 2.406 2.209 2.239 2.615 2.538 2.432 2.593 2.455 2.13 1.723 1.382 1.337 1.508 1.788 2.144 2.508 2.783 2.848 2.708 2.615 2.929 3.173 3.33 3.472 3.601 3.515 3.419 3.572 3.853 3.982 4.11 4.362 4.485 4.692 4.82 4.858 4.696 4.44 3.945 3.452 3.193 3.177 3.13 3.209 3.31 3.29 3.179 2.875 2.402 1.932 1.491 1.154 0.829 0.613 0.608
1.706 1.626 1.68 1.499 1.477 1.582 1.605 1.7 1.894 2.087 2.234 2.478 2.425 2.35 2.375 2.224 1.957 1.829 1.921 2.242 2.254 2.08 1.965 2.181 2.38 2.392 2.324 2.158 2.012 1.649 1.405 1.339 1.532 1.859 2.052 2.417 2.86 3.077 3.154 3.166 3.022 3.226 3.359 3.524 3.689 3.838 3.894 3.975 4.175 4.403 4.491 4.526 4.662 4.877 4.942 4.983 4.979 4.854 4.729 4.217 3.661 3.105 2.774 2.891 3.018 3.177 3.537 3.717 3.523 3.158 2.597 2.067 1.807 1.351 0.91 0.558
1.535 1.355 1.532 1.342 1.319 1.422 1.458 1.637 1.973 2.001 2.175 2.449 2.311 2.147 2.262 2.372 2.101 1.909 1.928 2.247 2.221 1.893 1.719 2.017 2.101 2.099 2.04 1.761 1.542 1.358 1.371 1.521 1.794 2.178 2.395 2.662 3.159 3.392 3.527 3.61 3.441 3.545 3.611 3.724 3.862 3.981 4.133 4.391 4.637 4.802 4.731 4.609 4.684 4.916 5.036 5.062 4.893 4.598 4.544 4.231 3.771 3.191 2.529 2.484 2.789 3.115 3.624 3.903 3.837 3.55 2.999 2.558 2.352 1.819 1.281 0.759
1.415 1.201 1.265 1.145 1.102 1.264 1.482 1.819 1.997 1.875 1.923 2.144 2.27 2.131 2.1 2.202 2.166 1.944 1.951 2.162 2.122 1.819 1.463 1.648 1.781 1.732 1.588 1.358 1.255 1.36 1.664 1.957 2.038 2.475 2.801 3.022 3.457 3.711 3.832 3.897 3.642 3.734 3.868 3.808 3.799 3.833 4.112 4.656 4.941 5.047 4.867 4.479 4.467 4.724 5.005 4.91 4.633 4.175 4.053 3.995 3.534 3.017 2.246 2.119 2.683 3.12 3.667 3.878 3.936 3.727 3.295 3.062 3.034 2.349 1.776 1.042
1.206 0.982 1.005 0.946 1.048 1.313 1.596 1.853 1.994 1.829 1.766 1.998 2.278 2.186 2.124 2.047 2.018 1.897 1.929 2.086 2.05 1.71 1.182 1.228 1.4 1.341 1.148 1.09 1.244 1.601 2.013 2.389 2.377 2.658 3.092 3.417 3.748 3.96 4.068 4.084 3.836 3.741 3.813 3.71 3.631 3.699 4.028 4.575 4.898 5.023 4.836 4.356 4.313 4.54 4.696 4.591 4.38 3.813 3.647 3.605 3.155 2.546 1.911 1.878 2.426 2.989 3.653 4.126 4.289 4.174 4.074 3.917 3.621 2.958 2.266 1.478
0.899 0.861 0.984 1.12 1.304 1.53 1.616 1.697 1.88 1.771 1.786 2.042 2.195 2.148 2.12 1.991 1.802 1.809 1.934 2.106 1.986 1.588 0.967 0.858 0.99 0.912 0.858 1.094 1.48 1.935 2.321 2.718 2.769 2.757 3.252 3.772 3.988 4.201 4.15 4.097 4.028 3.739 3.526 3.397 3.368 3.56 3.913 4.488 4.782 5.02 4.822 4.284 3.93 4.163 4.297 4.149 3.933 3.297 3.073 3.163 2.858 2.233 1.607 1.697 2.266 2.872 3.489 4.095 4.536 4.545 4.511 4.304 3.909 3.181 2.451 1.719
0.89 1.006 1.233 1.449 1.61 1.711 1.694 1.709 1.814 1.746 1.775 1.948 1.999 1.906 1.86 1.742 1.613 1.718 1.921 2.024 1.814 1.396 0.8 0.609 0.652 0.653 0.854 1.292 1.741 2.184 2.574 2.951 3.131 3.148 3.451 3.892 4.051 4.194 4.183 4.307 4.345 3.99 3.514 3.193 3.156 3.475 3.899 4.518 4.979 5.221 4.924 4.005 3.45 3.602 3.778 3.908 3.797 3.214 2.58 2.494 2.262 1.788 1.47 1.796 2.301 2.781 3.164 3.675 4.257 4.475 4.339 4.084 3.667 3.02 2.292 1.699
1.152 1.334 1.537 1.702 1.822 1.903 1.993 1.924 1.874 1.884 1.741 1.655 1.691 1.57 1.531 1.394 1.42 1.652 1.825 1.758 1.557 1.143 0.621 0.446 0.434 0.643 1.028 1.512 1.959 2.326 2.637 3.075 3.469 3.553 3.687 3.821 3.899 4.005 4.178 4.507 4.544 4.168 3.916 3.204 3.162 3.403 3.784 4.496 5.146 5.452 4.945 3.802 2.902 2.821 3.221 3.617 3.486 3.086 2.412 2.027 1.704 1.398 1.356 1.821 2.305 2.575 2.862 3.374 4.056 4.394 4.214 3.91 3.464 2.894 2.365 1.974
1.365 1.53 1.662 1.717 1.763 1.891 2.003 2.068 2.04 1.998 1.817 1.521 1.349 1.21 1.165 1.17 1.279 1.459 1.517 1.42 1.192 0.8 0.446 0.362 0.452 0.747 1.155 1.568 1.924 2.265 2.683 3.097 3.393 3.531 3.688 3.807 3.921 4.03 4.317 4.599 4.604 4.426 4.127 3.393 3.028 3.381 3.742 4.329 4.835 5.026 4.687 3.903 2.903 2.372 2.684 3.009 3.221 3.043 2.626 2.439 2.035 1.514 1.297 1.6 1.961 2.241 2.724 3.418 3.978 4.227 4.223 3.958 3.49 3.044 2.81 2.42
1.509 1.566 1.573 1.588 1.644 1.712 1.78 1.997 1.967 1.863 1.729 1.373 0.995 0.856 0.938 1.072 1.118 1.157 1.142 1.014 0.756 0.475 0.325 0.384 0.591 0.83 1.144 1.487 1.857 2.255 2.6 2.874 3.058 3.176 3.402 3.598 3.847 4.051 4.299 4.492 4.636 4.658 4.305 3.583 2.971 3.266 3.631 4.147 4.624 4.816 4.75 4.227 3.092 2.126 2.173 2.576 2.938 2.945 2.901 2.842 2.432 1.845 1.334 1.332 1.648 1.937 2.689 3.447 3.928 3.908 3.908 3.753 3.313 3.035 3.014 2.622
1.487 1.536 1.465 1.379 1.569 1.599 1.529 1.847 1.679 1.547 1.461 1.097 0.657 0.717 0.87 0.901 0.852 0.827 0.699 0.592 0.4 0.281 0.318 0.467 0.589 0.925 1.202 1.554 1.906 2.087 2.343 2.562 2.671 2.912 3.079 3.373 3.808 4.012 4.136 4.226 4.432 4.547 4.397 3.748 2.946 3.094 3.494 4.089 4.474 4.742 4.875 4.311 3.251 2.048 1.862 2.237 2.585 2.788 2.922 2.908 2.591 2.066 1.414 1.275 1.649 2 2.724 3.495 3.966 3.864 3.694 3.413 2.891 2.58 2.729 2.742
1.187 1.307 1.266 1.235 1.397 1.463 1.322 1.542 1.427 1.273 1.127 0.809 0.508 0.599 0.587 0.543 0.432 0.331 0.271 0.239 0.248 0.322 0.439 0.492 0.694 0.974 1.164 1.306 1.494 1.755 1.981 2.174 2.412 2.669 2.896 3.178 3.452 3.731 3.932 4.098 4.398 4.432 4.22 3.781 3.067 2.965 3.418 4.006 4.498 4.733 4.75 4.302 3.269 2.105 1.638 1.693 1.97 2.29 2.521 2.68 2.383 1.906 1.376 1.424 1.917 2.379 2.796 3.502 3.995 4.048 3.926 3.501 2.812 2.102 2.334 2.702
0.889 1.083 0.88 0.917 1.221 1.341 1.023 1.286 1.172 0.981 0.75 0.435 0.285 0.433 0.227 0.08 0.006 -0.048 0.04 0.181 0.348 0.623 0.904 0.772 0.799 1.014 0.935 0.967 1.118 1.435 1.818 2.166 2.492 2.689 2.788 2.889 3.083 3.461 3.831 4.02 4.408 4.503 4.259 3.873 3.117 2.84 3.336 3.953 4.439 4.601 4.433 4.088 3.177 2.258 1.789 1.487 1.497 1.745 2.104 2.205 1.861 1.544 1.344 1.652 2.208 2.661 3.065 3.533 3.768 3.761 3.69 3.339 2.547 1.897 2.134 2.512
0.702 0.804 0.556 0.739 1.036 1.127 0.87 0.925 0.954 0.67 0.315 0.125 0.175 0.164 -0.076 -0.228 -0.193 -0.006 0.251 0.51 0.756 1.196 1.461 1.386 1.058 0.901 0.958 1.162 1.316 1.581 2.038 2.391 2.596 2.633 2.667 2.606 2.878 3.243 3.68 3.96 4.148 4.319 4.242 3.867 3.107 2.8 3.382 3.988 4.394 4.468 4.108 3.57 3.053 2.797 2.552 2.009 1.491 1.374 1.64 1.536 1.338 1.283 1.423 1.909 2.467 2.866 3.388 3.727 3.629 3.262 3.032 2.794 2.107 1.809 2.12 2.282
0.501 0.589 0.221 0.381 0.683 0.901 0.657 0.584 0.774 0.449 0.006 -0.104 0.01 -0.131 -0.333 -0.393 -0.167 0.205 0.634 1.073 1.3 1.776 2.041 1.93 1.535 1.132 1.277 1.514 1.648 1.811 2.192 2.476 2.62 2.487 2.453 2.412 2.723 3.076 3.482 3.68 3.697 3.784 3.675 3.362 2.813 2.739 3.405 4.049 4.419 4.499 4.234 3.797 3.494 3.4 3.094 2.589 2.048 1.52 1.281 1.154 1.246 1.412 1.67 2.009 2.492 2.992 3.347 3.687 3.674 3.494 3.191 2.641 2.036 1.601 1.654 1.797
0.134 0.203 -0.049 0.036 0.36 0.58 0.465 0.318 0.492 0.29 -0.143 -0.296 -0.33 -0.439 -0.478 -0.333 -0.014 0.416 0.96 1.572 1.941 2.238 2.285 2.16 1.881 1.46 1.548 1.8 1.988 2.238 2.446 2.533 2.601 2.424 2.216 2.32 2.567 2.883 3.221 3.227 3.059 2.997 2.771 2.53 2.407 2.736 3.372 4.029 4.446 4.643 4.575 4.276 3.929 3.65 3.408 3.068 2.59 1.984 1.247 1.06 1.36 1.676 1.841 2.265 2.547 2.999 3.029 3.526 3.873 3.836 3.459 3.014 2.358 1.531 1.338 1.539
-0.258 -0.154 -0.35 -0.245 0.075 0.213 0.2 0.013 0.173 0.035 -0.342 -0.488 -0.561 -0.603 -0.492 -0.235 0.122 0.657 1.25 1.94 2.302 2.496 2.506 2.472 2.243 1.901 1.876 2.115 2.4 2.72 2.737 2.563 2.477 2.275 2.108 2.273 2.477 2.724 3.014 2.965 2.676 2.31 2.038 2.053 2.338 2.945 3.566 4.094 4.304 4.352 4.267 3.963 3.67 3.352 3.254 3.173 2.752 2.069 1.293 1.165 1.443 1.747 2.064 2.399 2.744 2.904 2.866 3.234 3.507 3.631 3.584 3.256 2.426 1.604 1.409 1.78
