data/climatemaps/RS_maps/climate_breeding_tmp_2007.asc
NCOLS 369 
NROWS 228 
XLLCORNER 479000 
YLLCORNER 73000 
CELLSIZE 1000 
NODATA_value -9 
[rows 0 to 33 of 228, columns 231 to 307 of 369]
-9 -9 -9 -9 -9 -9 -9 -9 -9 -9 -9 -9 -9 -9 -9 -9 -9 -9 -9 -9 -9 -9 -9 -9 -9 -9 -9 -9 -9 -9 -9 -9 -9 -9 -9 -9 -9 -9 -9 -9 -9 -9 -9 -9 -9 -9 -9 -9 -9 -9 -9 -9 -9 -9 -9 -9 -9 -9 -9 -9 -9 -9 -9 -9 -9 -9 -9 -9 -9 -9 -9 -9 -9 -9 -9 -9 -9
-9 -9 -9 -9 -9 -9 -9 -9 -9 -9 -9 -9 -9 -9 -9 -9 -9 -9 -9 -9 -9 -9 -9 -9 -9 -9 -9 -9 -9 -9 -9 -9 -9 -9 -9 -9 -9 -9 -9 -9 -9 -9 -9 -9 -9 -9 -9 -9 -9 -9 -9 -9 -9 -9 -9 -9 -9 -9 -9 -9 -9 -9 -9 -9 -9 -9 -9 -9 -9 -9 -9 -9 -9 -9 -9 -9 -9
-9 -9 -9 -9 -9 -9 -9 -9 -9 -9 -9 -9 -9 -9 -9 -9 -9 -9 -9 -9 -9 -9 -9 -9 -9 -9 -9 -9 -9 -9 -9 -9 -9 -9 -9 -9 -9 -9 -9 -9 -9 -9 -9 -9 -9 -9 -9 -9 -9 -9 -9 -9 -9 -9 -9 -9 -9 -9 -9 -9 -9 -9 -9 -9 -9 -9 -9 -9 -9 -9 -9 -9 -9 -9 -9 -9 -9
1.089 -9 -9 -9 -9 -9 -9 -9 -9 -9 -9 -9 -9 -9 -9 -9 -9 -9 -9 -9 -9 -9 -9 -9 -9 -9 -9 -9 -9 -9 -9 -9 -9 -9 -9 -9 -9 -9 -9 -9 -9 -9 -9 -9 -9 -9 -9 -9 -9 -9 -9 -9 -9 -9 -9 -9 -9 -9 -9 -9 -9 -9 -9 -9 -9 -9 -9 -9 -9 -9 -9 -9 -9 -9 -9 -9 -9
1.127 1.025 -9 -9 -9 -9 -9 -9 -9 -9 -9 -9 -9 -9 -9 -9 -9 -9 -9 -9 -9 -9 -9 -9 -9 -9 -9 -9 -9 -9 -9 -9 -9 -9 -9 -9 -9 -9 -9 -9 -9 -9 -9 -9 -9 -9 -9 -9 -9 -9 -9 -9 -9 -9 -9 -9 -9 -9 -9 -9 -9 -9 -9 -9 -9 -9 -9 -9 -9 -9 -9 -9 -9 -9 -9 -9 -9
1.132 1.12 1.037 -9 -9 -9 -9 -9 -9 -9 -9 -9 -9 -9 -9 -9 -9 -9 -9 -9 -9 -9 -9 -9 -9 -9 -9 -9 -9 -9 -9 -9 -9 -9 -9 -9 -9 -9 -9 -9 -9 -9 -9 -9 -9 -9 -9 -9 -9 -9 -9 -9 -9 -9 -9 -9 -9 -9 -9 -9 -9 -9 -9 -9 -9 -9 -9 -9 -9 -9 -9 -9 -9 -9 -9 -9 -9
1.113 1.151 1.053 0.995 -9 1.133 0.969 0.992 0.995 0.988 1.118 1.233 1.242 1.243 1.228 1.176 -9 -9 -9 -9 -9 -9 -9 -9 -9 -9 -9 -9 -9 -9 -9 -9 -9 -9 -9 -9 -9 -9 -9 -9 -9 -9 -9 -9 -9 -9 -9 -9 -9 -9 -9 -9 -9 -9 -9 -9 -9 -9 -9 -9 -9 -9 -9 -9 -9 -9 -9 -9 -9 -9 -9 -9 -9 -9 -9 -9 -9
1.146 1.168 1.105 1.076 1.11 1.115 0.986 0.962 0.988 0.919 0.962 1.137 1.238 1.251 1.252 1.244 1.187 1.128 1.117 1.11 -9 -9 -9 -9 -9 -9 -9 -9 -9 -9 -9 -9 -9 -9 -9 -9 -9 -9 -9 -9 -9 -9 -9 -9 -9 -9 -9 -9 -9 -9 -9 -9 -9 -9 -9 -9 -9 -9 -9 -9 -9 -9 -9 -9 -9 -9 -9 -9 -9 -9 -9 -9 -9 -9 -9 -9 -9
1.17 1.184 1.165 1.158 1.148 1.156 1.117 1.057 1.049 1.007 0.968 1.006 1.109 1.227 1.253 1.253 1.247 1.212 1.185 1.188 1.139 1.13 1.161 1.152 1.132 1.127 1.117 1.149 1.194 -9 -9 -9 -9 -9 -9 -9 -9 -9 -9 -9 -9 -9 -9 -9 -9 -9 -9 -9 -9 -9 -9 -9 -9 -9 -9 -9 -9 -9 -9 -9 -9 -9 -9 -9 -9 -9 -9 -9 -9 -9 -9 -9 -9 -9 -9 -9 -9
1.178 1.193 1.192 1.182 1.18 1.166 1.184 1.173 1.121 1.086 1.047 1.033 1.058 1.102 1.156 1.239 1.253 1.251 1.25 1.238 1.189 1.159 1.172 1.187 1.176 1.181 1.149 1.171 1.199 1.201 1.181 1.103 1.044 -9 -9 -9 -9 -9 -9 -9 -9 -9 -9 -9 -9 -9 -9 -9 -9 -9 -9 -9 -9 -9 -9 -9 -9 -9 -9 -9 -9 -9 -9 -9 -9 -9 -9 -9 -9 -9 -9 -9 -9 -9 -9 -9 -9
1.19 1.206 1.213 1.212 1.216 1.189 1.186 1.207 1.199 1.197 1.173 1.134 1.087 1.061 1.074 1.131 1.225 1.253 1.253 1.253 1.253 1.236 1.189 1.178 1.173 1.19 1.164 1.168 1.198 1.205 1.207 1.184 1.119 1.074 1.07 -9 -9 -9 -9 -9 -9 -9 -9 -9 -9 -9 -9 -9 -9 -9 -9 -9 -9 -9 -9 -9 -9 -9 -9 -9 -9 -9 -9 -9 -9 -9 -9 -9 -9 -9 -9 -9 -9 -9 -9 -9 -9
1.208 1.218 1.223 1.226 1.227 1.227 1.225 1.215 1.169 1.174 1.184 1.151 1.098 1.062 1.04 1.081 1.161 1.242 1.249 1.252 1.259 1.262 1.254 1.223 1.209 1.213 1.209 1.199 1.195 1.203 1.21 1.209 1.165 1.113 1.091 1.024 0.912 -9 -9 -9 -9 -9 -9 -9 -9 -9 -9 -9 -9 -9 -9 -9 -9 -9 -9 -9 -9 -9 -9 -9 -9 -9 -9 -9 -9 -9 -9 -9 -9 -9 -9 -9 -9 -9 -9 -9 -9
1.221 1.223 1.23 1.232 1.235 1.233 1.244 1.231 1.182 1.161 1.165 1.183 1.168 1.162 1.148 1.147 1.164 1.179 1.207 1.235 1.262 1.263 1.265 1.265 1.244 1.227 1.211 1.22 1.219 1.213 1.207 1.214 1.209 1.173 1.137 1.099 1.02 0.944 0.917 -9 -9 -9 -9 -9 -9 -9 -9 -9 -9 -9 -9 -9 -9 -9 -9 -9 -9 -9 -9 -9 -9 -9 -9 -9 -9 -9 -9 -9 -9 -9 -9 -9 -9 -9 -9 -9 -9
1.223 1.226 1.232 1.242 1.245 1.247 1.243 1.244 1.244 1.228 1.201 1.201 1.207 1.189 1.149 1.166 1.145 1.133 1.168 1.194 1.255 1.265 1.268 1.268 1.245 1.197 1.141 1.146 1.207 1.225 1.221 1.224 1.224 1.212 1.196 1.181 1.152 1.104 1.084 1.138 1.183 -9 -9 -9 -9 -9 -9 -9 -9 -9 -9 -9 -9 -9 -9 -9 -9 -9 -9 -9 -9 -9 -9 -9 -9 -9 -9 -9 -9 -9 -9 -9 -9 -9 -9 -9 -9
1.223 1.214 1.225 1.237 1.244 1.248 1.248 1.251 1.256 1.256 1.245 1.232 1.224 1.202 1.177 1.145 1.13 1.134 1.136 1.157 1.244 1.268 1.268 1.268 1.249 1.174 1.112 1.076 1.118 1.183 1.207 1.217 1.225 1.206 1.198 1.218 1.213 1.198 1.183 1.192 1.193 1.195 1.185 -9 -9 -9 -9 -9 -9 -9 -9 -9 -9 -9 -9 -9 -9 -9 -9 -9 -9 -9 -9 -9 -9 -9 -9 -9 -9 -9 -9 -9 -9 -9 -9 -9 -9
1.199 1.203 1.206 1.209 1.21 1.236 1.246 1.255 1.258 1.258 1.256 1.26 1.251 1.236 1.215 1.179 1.162 1.16 1.157 1.154 1.236 1.261 1.266 1.268 1.265 1.23 1.164 1.116 1.093 1.126 1.172 1.19 1.213 1.206 1.201 1.218 1.223 1.216 1.183 1.187 1.178 1.191 1.192 1.166 1.152 -9 -9 -9 -9 -9 -9 -9 -9 -9 -9 -9 -9 -9 -9 -9 -9 -9 -9 -9 -9 -9 -9 -9 -9 -9 -9 -9 -9 -9 -9 -9 -9
1.003 1.057 1.11 1.166 1.128 1.179 1.222 1.255 1.258 1.259 1.249 1.248 1.256 1.258 1.253 1.229 1.206 1.201 1.197 1.169 1.197 1.25 1.266 1.268 1.268 1.265 1.235 1.183 1.151 1.148 1.166 1.173 1.192 1.212 1.207 1.218 1.225 1.231 1.204 1.186 1.18 1.184 1.193 1.194 1.182 1.197 1.219 -9 -9 -9 -9 -9 -9 -9 -9 -9 -9 -9 -9 -9 -9 -9 -9 -9 -9 -9 -9 -9 -9 -9 -9 -9 -9 -9 -9 -9 -9
0.834 0.877 0.958 1.052 1.123 1.16 1.197 1.245 1.256 1.258 1.255 1.244 1.244 1.257 1.258 1.256 1.244 1.239 1.228 1.198 1.187 1.223 1.241 1.268 1.268 1.268 1.266 1.254 1.22 1.187 1.17 1.164 1.162 1.193 1.198 1.215 1.236 1.234 1.227 1.187 1.194 1.199 1.202 1.223 1.221 1.22 1.226 1.242 -9 -9 -9 -9 -9 -9 -9 -9 -9 -9 -9 -9 -9 -9 -9 -9 -9 -9 -9 -9 -9 -9 -9 -9 -9 -9 -9 -9 -9
0.854 0.844 0.914 1.013 1.108 1.184 1.23 1.246 1.253 1.257 1.261 1.256 1.254 1.258 1.258 1.261 1.257 1.256 1.251 1.233 1.217 1.218 1.225 1.267 1.268 1.272 1.272 1.272 1.272 1.257 1.23 1.197 1.184 1.211 1.219 1.231 1.254 1.255 1.234 1.205 1.214 1.217 1.228 1.245 1.244 1.241 1.232 1.248 1.242 1.234 -9 -9 -9 -9 -9 -9 -9 -9 -9 -9 -9 -9 -9 -9 -9 -9 -9 -9 -9 -9 -9 -9 -9 -9 -9 -9 -9
0.944 0.96 1.036 1.103 1.179 1.228 1.238 1.216 1.207 1.203 1.205 1.215 1.24 1.255 1.259 1.263 1.261 1.262 1.259 1.254 1.248 1.237 1.224 1.262 1.272 1.273 1.273 1.273 1.276 1.278 1.278 1.27 1.241 1.228 1.242 1.244 1.266 1.269 1.253 1.227 1.222 1.225 1.237 1.251 1.253 1.244 1.232 1.247 1.241 1.235 1.222 -9 -9 -9 -9 -9 -9 -9 -9 -9 -9 -9 -9 -9 -9 -9 -9 -9 -9 -9 -9 -9 -9 -9 -9 -9 -9
1.049 1.096 1.157 1.206 1.235 1.234 1.189 1.109 1.065 1.052 1.054 1.107 1.156 1.187 1.212 1.245 1.255 1.259 1.262 1.258 1.261 1.268 1.259 1.272 1.273 1.273 1.278 1.278 1.278 1.278 1.278 1.278 1.278 1.262 1.271 1.274 1.276 1.275 1.275 1.261 1.247 1.236 1.252 1.255 1.26 1.243 1.232 1.247 1.24 1.23 1.21 1.156 -9 -9 -9 -9 -9 -9 -9 -9 -9 -9 -9 -9 -9 -9 -9 -9 -9 -9 -9 -9 -9 -9 -9 -9 -9
1.157 1.202 1.221 1.214 1.189 1.147 1.073 0.957 0.898 0.889 0.901 0.981 1.062 1.096 1.121 1.143 1.202 1.24 1.248 1.258 1.262 1.273 1.273 1.273 1.273 1.277 1.278 1.278 1.278 1.278 1.278 1.278 1.278 1.278 1.278 1.278 1.278 1.278 1.278 1.275 1.273 1.264 1.263 1.267 1.27 1.252 1.234 1.248 1.241 1.227 1.191 1.146 1.1 -9 -9 -9 -9 -9 -9 -9 -9 -9 -9 -9 -9 -9 -9 -9 -9 -9 -9 -9 -9 -9 -9 -9 -9
1.216 1.195 1.106 1.066 1.054 1.047 0.989 0.881 0.846 0.833 0.881 0.915 0.971 1.018 1.05 1.063 1.108 1.156 1.19 1.215 1.233 1.257 1.261 1.271 1.274 1.278 1.278 1.278 1.278 1.278 1.278 1.278 1.278 1.278 1.278 1.279 1.278 1.278 1.278 1.278 1.274 1.273 1.273 1.273 1.273 1.265 1.243 1.248 1.238 1.216 1.203 1.165 1.133 1.144 1.177 -9 -9 -9 -9 -9 -9 -9 -9 -9 -9 -9 -9 -9 -9 -9 -9 -9 -9 -9 -9 -9 -9
1.105 1.084 0.963 0.973 1.001 1.013 0.988 0.935 0.918 0.923 0.958 0.978 0.982 0.976 1.007 1.024 1.051 1.072 1.111 1.128 1.159 1.196 1.225 1.243 1.265 1.273 1.277 1.278 1.278 1.278 1.278 1.278 1.278 1.278 1.28 1.282 1.28 1.28 1.281 1.281 1.278 1.276 1.276 1.273 1.273 1.272 1.264 1.258 1.227 1.209 1.211 1.221 1.213 1.205 1.173 1.159 -9 -9 -9 -9 -9 -9 -9 -9 -9 -9 -9 -9 -9 -9 -9 -9 -9 -9 -9 -9 -9
1.01 1 0.939 0.978 1.029 1.037 1.005 0.997 0.997 1.012 1.016 1.021 1.018 1.016 1.024 1.02 1.027 1.044 1.064 1.086 1.099 1.129 1.151 1.181 1.212 1.24 1.258 1.272 1.279 1.28 1.28 1.28 1.278 1.279 1.283 1.283 1.283 1.283 1.283 1.283 1.279 1.279 1.282 1.277 1.277 1.275 1.268 1.254 1.223 1.213 1.235 1.231 1.17 1.137 1.135 1.119 1.111 1.112 -9 -9 -9 -9 -9 -9 -9 -9 -9 -9 -9 -9 -9 -9 -9 -9 -9 -9 -9
0.926 1.001 1.004 1.031 1.069 1.059 1.061 1.07 1.08 1.079 1.083 1.081 1.073 1.068 1.058 1.06 1.062 1.079 1.077 1.07 1.07 1.089 1.103 1.117 1.154 1.185 1.217 1.244 1.267 1.28 1.283 1.286 1.284 1.285 1.286 1.283 1.283 1.283 1.282 1.279 1.282 1.282 1.286 1.282 1.278 1.273 1.272 1.268 1.248 1.248 1.248 1.233 1.178 1.147 1.137 1.126 1.127 1.131 1.129 -9 -9 -9 -9 -9 -9 -9 -9 -9 -9 -9 -9 -9 -9 -9 -9 -9 -9
0.932 1.05 1.055 1.087 1.102 1.113 1.121 1.131 1.165 1.171 1.163 1.148 1.119 1.113 1.104 1.11 1.115 1.112 1.099 1.072 1.056 1.055 1.062 1.078 1.11 1.141 1.177 1.21 1.241 1.269 1.277 1.288 1.288 1.288 1.288 1.283 1.283 1.283 1.283 1.282 1.283 1.283 1.283 1.283 1.283 1.283 1.273 1.27 1.265 1.254 1.253 1.249 1.224 1.176 1.158 1.146 1.141 1.142 1.144 -9 -9 -9 -9 -9 -9 -9 -9 -9 -9 -9 -9 -9 -9 -9 -9 -9 -9
1.085 1.092 1.115 1.168 1.171 1.187 1.2 1.215 1.216 1.206 1.2 1.184 1.17 1.149 1.139 1.134 1.114 1.104 1.089 1.063 1.039 1.032 1.04 1.062 1.07 1.105 1.14 1.16 1.2 1.235 1.255 1.276 1.288 1.288 1.288 1.285 1.283 1.283 1.283 1.283 1.283 1.283 1.283 1.283 1.283 1.281 1.278 1.274 1.269 1.262 1.259 1.262 1.246 1.206 1.182 1.177 1.16 1.157 1.157 1.141 -9 -9 -9 -9 -9 -9 -9 -9 -9 -9 -9 -9 -9 -9 -9 -9 -9
1.165 1.166 1.197 1.213 1.228 1.233 1.233 1.233 1.232 1.226 1.222 1.225 1.206 1.146 1.067 1.045 1.019 1.014 1.024 1.045 1.038 1.039 1.045 1.056 1.054 1.093 1.118 1.119 1.15 1.175 1.208 1.238 1.267 1.285 1.288 1.286 1.283 1.283 1.283 1.283 1.283 1.283 1.283 1.283 1.283 1.279 1.279 1.279 1.274 1.273 1.27 1.273 1.263 1.221 1.212 1.204 1.178 1.175 1.172 1.152 1.138 -9 -9 -9 -9 -9 -9 -9 -9 -9 -9 -9 -9 -9 -9 -9 -9
1.191 1.213 1.216 1.233 1.233 1.23 1.222 1.216 1.213 1.224 1.231 1.228 1.226 1.175 1.051 0.974 0.942 0.938 0.971 1.036 1.061 1.059 1.071 1.08 1.081 1.107 1.127 1.128 1.149 1.154 1.174 1.199 1.225 1.254 1.271 1.29 1.288 1.288 1.288 1.288 1.286 1.284 1.284 1.284 1.283 1.283 1.283 1.283 1.279 1.275 1.275 1.275 1.272 1.254 1.245 1.237 1.214 1.204 1.196 1.191 1.172 -9 -9 -9 -9 -9 -9 -9 -9 -9 -9 -9 -9 -9 -9 -9 -9
1.233 1.233 1.229 1.217 1.193 1.162 1.135 1.126 1.129 1.146 1.186 1.206 1.225 1.225 1.184 1.098 1.048 1.042 1.059 1.097 1.112 1.114 1.122 1.129 1.131 1.144 1.149 1.146 1.173 1.184 1.188 1.198 1.195 1.216 1.243 1.27 1.287 1.293 1.289 1.29 1.289 1.289 1.289 1.289 1.285 1.283 1.283 1.282 1.281 1.278 1.278 1.278 1.276 1.268 1.266 1.259 1.248 1.233 1.235 1.226 1.218 -9 -9 -9 -9 -9 -9 -9 -9 -9 -9 -9 -9 -9 -9 -9 -9
1.22 1.201 1.17 1.125 1.036 0.975 0.963 0.989 1.027 1.045 1.1 1.161 1.199 1.223 1.221 1.202 1.182 1.179 1.183 1.184 1.179 1.167 1.166 1.166 1.163 1.172 1.188 1.194 1.206 1.207 1.213 1.209 1.207 1.222 1.245 1.272 1.288 1.293 1.293 1.293 1.293 1.293 1.293 1.293 1.289 1.283 1.283 1.28 1.278 1.278 1.278 1.278 1.278 1.268 1.268 1.268 1.263 1.26 1.26 1.249 1.249 1.24 1.216 -9 -9 -9 -9 -9 -9 -9 -9 -9 -9 -9 -9 -9 -9
1.175 1.107 1.049 0.997 0.927 0.894 0.887 0.915 0.984 1.019 1.071 1.116 1.149 1.189 1.201 1.21 1.213 1.212 1.213 1.211 1.203 1.191 1.175 1.187 1.192 1.21 1.217 1.215 1.215 1.227 1.231 1.241 1.239 1.248 1.263 1.274 1.29 1.293 1.293 1.293 1.293 1.293 1.293 1.293 1.291 1.285 1.283 1.282 1.281 1.279 1.278 1.278 1.278 1.272 1.268 1.269 1.269 1.268 1.259 1.262 1.262 1.259 1.249 1.234 -9 -9 -9 -9 -9 -9 -9 -9 -9 -9 -9 -9 -9
1.133 1.071 0.998 0.967 0.97 0.96 0.941 0.933 0.983 1.025 1.071 1.086 1.113 1.14 1.168 1.166 1.181 1.199 1.205 1.206 1.194 1.172 1.176 1.192 1.178 1.172 1.17 1.188 1.195 1.203 1.215 1.221 1.239 1.247 1.257 1.268 1.281 1.289 1.293 1.293 1.293 1.293 1.293 1.291 1.289 1.288 1.286 1.286 1.286 1.284 1.278 1.278 1.277 1.273 1.268 1.272 1.27 1.269 1.268 1.268 1.263 1.268 1.256 1.24 1.16 0.874 -9 -9 -9 -9 -9 -9 -9 -9 -9 -9 -9
