data/climatemaps/RS_maps/climate_postbreed_tmp_2003.asc
NCOLS 369 
NROWS 228 
XLLCORNER 479000 
YLLCORNER 73000 
CELLSIZE 1000 
NODATA_value -9 
[rows 102 to 135 of 228, columns 152 to 227 of 369]
0.162 0.252 0.206 0.08 0.029 -0.024 0.041 0.114 0.207 0.292 0.365 0.404 0.405 0.21 -0.186 -0.286 -0.088 0.012 -0.115 -0.357 -0.4 -0.061 -0.167 -0.375 -0.441 -0.358 -0.297 -0.134 0.209 0.462 0.672 0.797 0.865 0.796 0.708 0.759 0.416 -0.135 -0.179 -0.104 0.322 0.802 0.6 0.082 -0.25 -0.377 -0.15 -0.325 -0.451 -0.251 0.053 -0.18 -0.468 -0.61 -0.13 0.664 0.893 0.891 0.679 -0.023 -0.583 -0.701 -0.728 -0.8 -0.855 -1.011 -1.242 -1.304 -1.028 -0.637 -0.438 -1.024 -1.052 -0.818 -0.624 -0.061
0.3 0.197 0.155 0.071 -0.05 -0.085 0.077 0.185 0.304 0.339 0.297 0.239 0.358 0.124 -0.287 -0.234 -0.123 -0.226 -0.251 -0.267 -0.125 -0.165 -0.412 -0.417 -0.271 -0.188 -0.089 -0.034 0.082 0.373 0.618 0.799 0.84 0.727 0.716 0.647 0.123 -0.417 -0.22 0.111 0.49 0.784 0.611 0.24 -0.056 -0.376 -0.346 -0.462 -0.645 -0.544 -0.337 -0.458 -0.555 -0.528 -0.128 0.365 0.736 0.89 0.759 0.251 -0.295 -0.557 -0.945 -1.08 -1.041 -1.27 -1.297 -1.093 -0.938 -0.671 -0.715 -1.036 -1.095 -1.09 -0.954 -0.24
0.308 0.206 0.146 0.108 0 0.053 0.182 0.266 0.268 0.184 0.017 -0.078 0.216 0.089 -0.148 -0.238 -0.37 -0.549 -0.397 -0.346 -0.261 -0.438 -0.45 -0.276 -0.328 -0.276 -0.295 -0.307 -0.081 0.384 0.665 0.833 0.803 0.726 0.678 0.5 0.191 -0.193 -0.058 0.134 0.31 0.704 0.565 0.018 -0.161 -0.293 -0.544 -0.764 -0.954 -0.845 -0.625 -0.368 -0.1 0.019 0.172 0.267 0.591 0.882 0.868 0.629 0.112 -0.262 -0.734 -0.962 -1.037 -1.194 -1.19 -1.086 -0.889 -0.727 -1.104 -1.241 -1.283 -1.374 -1.107 -0.477
0.21 0.228 0.266 0.142 0.088 0.112 0.23 0.226 0.133 -0.073 -0.29 -0.245 0.206 0.073 -0.125 -0.405 -0.738 -0.557 -0.613 -0.504 -0.352 -0.488 -0.373 -0.389 -0.518 -0.411 -0.372 -0.196 0.177 0.507 0.768 0.841 0.762 0.724 0.618 0.314 -0.011 -0.22 -0.147 -0.18 0.044 0.645 0.454 -0.241 -0.561 -0.621 -0.866 -0.982 -0.916 -0.661 -0.378 0.045 0.005 -0.093 0.17 0.052 0.568 0.88 0.88 0.709 -0.043 -0.478 -0.718 -0.792 -0.799 -0.851 -0.913 -1.156 -1.114 -0.991 -1.245 -1.443 -1.25 -1.09 -0.852 -0.606
0.096 0.057 0.231 0.273 0.228 0.209 0.247 0.141 -0.045 -0.424 -0.434 -0.082 0.228 0.105 -0.193 -0.597 -0.685 -0.704 -0.795 -0.531 -0.452 -0.408 -0.462 -0.468 -0.342 -0.202 -0.085 0.068 0.333 0.607 0.819 0.81 0.738 0.645 0.5 0.147 -0.312 -0.467 -0.321 -0.217 0.251 0.69 0.388 -0.065 -0.393 -0.708 -1.067 -1.051 -0.76 -0.48 -0.28 0.038 -0.503 -0.335 -0.113 -0.087 0.528 0.876 0.88 0.755 0.073 -0.529 -0.67 -0.48 -0.433 -0.541 -0.647 -0.996 -1.198 -1.302 -1.502 -1.545 -1.397 -1.082 -0.853 -0.879
-0.064 0.009 0.124 0.221 0.259 0.255 0.143 0.011 -0.301 -0.591 -0.366 -0.145 0.155 0.089 -0.386 -0.551 -0.648 -0.805 -0.769 -0.563 -0.439 -0.333 -0.452 -0.347 -0.131 0.022 0.174 0.306 0.489 0.737 0.835 0.766 0.683 0.526 0.368 0.009 -0.505 -0.693 -0.428 -0.067 0.582 0.558 0.126 0.243 -0.036 -0.454 -0.723 -0.827 -0.792 -0.694 -0.505 -0.156 -0.687 -0.306 -0.274 -0.451 0.14 0.77 0.88 0.874 0.65 0.047 -0.045 0.054 0.024 -0.154 -0.247 -0.563 -0.693 -0.857 -1.041 -1.406 -1.627 -1.25 -1.194 -1.252
-0.143 -0.025 0.083 0.216 0.213 0.244 0.031 -0.243 -0.473 -0.453 -0.302 -0.191 0.151 0.085 -0.524 -0.388 -0.476 -0.632 -0.7 -0.588 -0.44 -0.36 -0.209 -0.099 0.07 0.231 0.353 0.455 0.679 0.829 0.814 0.703 0.62 0.443 0.13 -0.322 -0.699 -0.712 -0.38 0.128 0.663 0.47 0.094 0.177 -0.023 -0.484 -0.786 -1.131 -0.903 -0.662 -0.34 -0.366 -0.847 -0.357 -0.619 -1.084 -0.245 0.449 0.84 0.86 0.837 0.671 0.546 0.484 0.378 0.279 0.153 -0.113 -0.278 -0.396 -0.629 -0.817 -0.984 -1.005 -1.061 -1.193
-0.139 -0.035 0.045 0.193 0.245 0.24 -0.014 -0.311 -0.329 -0.265 -0.249 -0.06 0.13 0.119 -0.23 -0.216 -0.368 -0.587 -0.677 -0.647 -0.561 -0.479 -0.115 0.129 0.303 0.451 0.559 0.69 0.816 0.846 0.778 0.621 0.543 0.191 -0.286 -0.611 -0.827 -0.848 -0.361 0.353 0.671 0.341 -0.15 -0.464 -0.432 -0.709 -0.987 -1.249 -1.089 -0.851 -0.438 -0.825 -1.438 -1.123 -1.34 -1.176 -0.301 0.097 0.564 0.851 0.835 0.8 0.566 0.249 0.056 -0.151 0.005 0.039 -0.031 -0.123 -0.219 -0.306 -0.362 -0.474 -0.639 -1.039
-0.082 -0.103 0.049 0.155 0.266 0.099 -0.083 -0.13 -0.146 -0.224 -0.355 -0.256 -0.022 0.139 -0.058 -0.184 -0.367 -0.603 -0.519 -0.619 -0.467 -0.272 -0.023 0.264 0.506 0.671 0.775 0.83 0.841 0.8 0.648 0.394 0.33 0.243 -0.104 -0.222 -0.617 -0.831 -0.06 0.549 0.434 -0.191 -0.705 -1.125 -0.93 -1.012 -1.182 -1.522 -1.444 -1.47 -0.927 -1.124 -1.806 -1.682 -1.22 -0.475 -0.196 -0.35 0.187 0.749 0.844 0.747 0.345 -0.057 -0.08 -0.48 -0.579 -0.549 -0.555 -0.313 -0.004 -0.357 -0.479 -0.548 -0.778 -1.257
-0.016 -0.118 -0.013 0.122 0.225 -0.123 -0.32 -0.258 -0.196 -0.399 -0.634 -0.517 -0.047 0.041 -0.303 -0.409 -0.386 -0.625 -0.436 -0.404 -0.249 0.008 0.18 0.452 0.714 0.8 0.84 0.841 0.757 0.607 0.336 0.042 -0.255 0.183 0.239 -0.168 -0.636 -0.516 -0.01 0.495 0.267 -0.28 -0.815 -1.423 -1.366 -1.293 -1.38 -1.623 -1.626 -1.75 -1.663 -1.521 -1.709 -1.818 -1.039 -0.473 -0.619 -0.49 0.1 0.604 0.835 0.504 0.123 -0.123 -0.275 -0.561 -0.979 -1.07 -1.152 -0.735 -0.192 -0.856 -1.068 -1.074 -1.247 -1.421
-0.064 -0.225 -0.051 0.138 0.071 -0.158 -0.36 -0.425 -0.383 -0.839 -0.757 -0.423 -0.013 -0.096 -0.569 -0.601 -0.474 -0.643 -0.428 -0.211 -0.044 0.209 0.426 0.635 0.774 0.832 0.84 0.727 0.461 0.269 -0.076 -0.416 -0.66 -0.115 0.287 -0.12 -0.565 -0.433 -0.347 0.254 0.374 -0.248 -0.723 -1.043 -0.962 -0.9 -1.197 -1.358 -1.507 -1.734 -1.722 -1.529 -1.77 -1.741 -1.068 -0.696 -0.682 -0.474 -0.082 0.467 0.82 0.253 -0.401 -0.569 -0.58 -0.854 -1.31 -1.363 -1.003 -0.61 -0.384 -1.092 -1.456 -1.574 -1.588 -1.754
-0.169 -0.124 0.1 0.03 -0.225 -0.209 -0.266 -0.458 -0.739 -0.936 -0.6 -0.273 -0.02 -0.179 -0.689 -0.794 -0.688 -0.602 -0.388 -0.155 -0.034 0.049 0.386 0.723 0.789 0.82 0.665 0.345 -0.067 -0.184 -0.409 -0.798 -0.519 0.187 0.188 -0.286 -0.811 -0.936 -0.788 -0.15 0.292 -0.1 -0.47 -0.634 -0.309 -0.588 -1.225 -1.463 -1.667 -1.515 -1.228 -1.065 -1.433 -1.393 -1.059 -0.72 -0.732 -0.683 -0.304 0.311 0.805 0.417 -0.505 -1.09 -1.145 -1.317 -1.4 -1.328 -0.978 -0.521 -0.526 -1.115 -1.605 -1.892 -2.065 -2.176
0.023 0.115 0.071 -0.217 -0.305 -0.193 -0.27 -0.545 -1.012 -0.798 -0.477 -0.232 -0.085 -0.092 -0.325 -0.632 -0.745 -0.51 -0.301 -0.31 -0.232 -0.024 0.342 0.668 0.732 0.797 0.401 0.167 -0.329 -0.668 -0.837 -0.769 -0.255 0.189 -0.062 -0.551 -1.075 -1.11 -0.843 -0.108 0.215 -0.026 -0.163 -0.158 -0.024 -0.64 -1.306 -1.436 -1.647 -1.201 -0.899 -0.974 -1.213 -1.497 -1.329 -1.24 -1.119 -0.872 -0.496 0.136 0.696 0.701 -0.084 -0.85 -1.178 -1.489 -1.384 -1.268 -1.036 -0.562 -0.79 -1.505 -1.925 -1.916 -2.099 -2.308
0.239 0.205 0.069 -0.02 -0.009 -0.074 -0.266 -0.715 -0.967 -0.661 -0.388 -0.261 -0.3 -0.177 -0.101 -0.251 -0.526 -0.561 -0.516 -0.566 -0.481 -0.383 0.029 0.196 0.5 0.559 -0.112 -0.157 -0.087 -0.672 -1.025 -0.653 -0.392 0.12 -0.239 -0.868 -1.248 -0.932 -0.5 -0.205 0.061 0.092 0.094 0.108 0.014 -0.562 -1.045 -1.248 -1.57 -1.104 -0.792 -1.26 -1.622 -1.648 -1.314 -1.129 -0.685 -0.3 -0.097 0.116 0.37 0.761 0.372 -0.257 -0.739 -1.201 -1.325 -1.764 -1.575 -1.326 -1.773 -2.018 -1.874 -1.525 -1.476 -1.899
-0.011 0.091 0.155 0.159 0.156 0.14 -0.049 -0.606 -0.747 -0.467 -0.288 -0.302 -0.424 -0.402 -0.281 -0.172 -0.264 -0.387 -0.51 -0.765 -0.771 -0.4 -0.266 0.076 0.515 0.248 -0.585 -0.348 -0.039 -0.492 -0.982 -0.835 -0.398 0.083 -0.378 -0.943 -1.364 -1.455 -0.84 -0.413 -0.291 -0.204 -0.106 -0.125 -0.003 -0.138 -0.495 -1.051 -1.179 -0.724 -0.834 -1.743 -1.934 -1.302 -0.899 -0.752 -0.656 -0.371 -0.361 -0.446 -0.089 0.574 0.7 0.258 -0.462 -1.165 -1.608 -2.001 -1.802 -1.792 -1.761 -1.751 -1.506 -1.024 -1.41 -1.703
-0.118 -0.15 -0.096 -0.104 -0.082 -0.047 0.003 -0.118 -0.191 -0.2 -0.318 -0.338 -0.482 -0.593 -0.482 -0.434 -0.415 -0.51 -0.56 -0.877 -0.831 -0.554 -0.363 0.332 0.531 0.042 -0.709 -0.353 -0.264 -0.572 -0.914 -0.754 -0.162 -0.056 -0.525 -0.958 -1.323 -1.62 -1.416 -0.845 -0.663 -0.602 -0.446 -0.658 -0.455 -0.237 -0.2 -0.549 -0.561 -0.46 -0.996 -1.836 -1.811 -1.272 -1.114 -0.978 -1.208 -1.104 -1.166 -0.954 -0.508 0.24 0.75 0.418 -0.423 -1.398 -1.916 -1.699 -1.531 -1.398 -1.251 -1.101 -0.765 -1.034 -1.906 -2.152
-0.27 -0.405 -0.395 -0.475 -0.547 -0.526 -0.482 -0.252 -0.087 -0.277 -0.413 -0.497 -0.602 -0.825 -0.968 -0.972 -0.937 -0.986 -0.904 -1.032 -0.801 -0.544 -0.086 0.485 0.457 -0.012 -0.687 -0.423 -0.596 -0.823 -0.954 -0.814 -0.355 -0.468 -0.789 -1.23 -1.403 -1.492 -1.503 -1.364 -1.098 -0.881 -0.868 -1.215 -1.125 -1 -0.371 -0.388 -0.577 -0.908 -1.441 -2.003 -1.992 -1.765 -1.733 -1.664 -1.731 -1.477 -1.173 -1.186 -0.807 -0.193 0.592 0.494 -0.323 -1.202 -1.438 -1.224 -1.255 -1.038 -0.756 -0.493 -0.642 -1.424 -2.126 -2.039
-0.388 -0.81 -0.878 -1.028 -0.964 -0.771 -0.476 -0.174 -0.214 -0.437 -0.617 -0.826 -0.897 -0.902 -1.087 -1.096 -0.919 -0.93 -0.971 -0.946 -0.625 -0.23 0.282 0.555 0.345 -0.188 -0.655 -0.472 -0.691 -1.083 -1.1 -0.849 -0.784 -0.978 -1.079 -1.265 -1.195 -1.12 -1.174 -1.382 -1.364 -1.211 -1.193 -1.56 -1.864 -1.557 -0.968 -1.037 -1.178 -1.669 -2.018 -2.179 -2.189 -2.008 -1.925 -1.997 -1.718 -1.447 -1.134 -0.914 -0.859 -0.253 0.596 0.465 -0.228 -0.764 -0.61 -0.553 -0.588 -0.395 -0.287 -0.558 -0.957 -1.368 -1.912 -1.833
-0.601 -0.865 -0.777 -0.908 -0.736 -0.562 -0.378 -0.197 -0.402 -0.692 -0.907 -0.936 -0.719 -0.431 -0.493 -0.493 -0.374 -0.39 -0.418 -0.74 -0.62 -0.081 0.285 0.401 0.06 -0.498 -0.85 -0.738 -0.66 -1.175 -1.201 -0.989 -0.978 -1.062 -1.119 -1.098 -0.876 -0.862 -1.003 -1.127 -1.314 -1.555 -1.724 -1.833 -2.141 -1.838 -1.7 -1.808 -1.774 -1.85 -1.838 -1.827 -2.03 -1.873 -1.498 -1.787 -1.777 -1.386 -1.19 -0.726 -0.384 -0.006 0.607 0.499 0.294 0.091 0.019 -0.092 -0.195 -0.35 -0.765 -1.378 -1.536 -1.38 -1.907 -1.942
-0.585 -0.602 -0.633 -0.736 -0.599 -0.478 -0.426 -0.307 -0.65 -0.845 -0.669 -0.345 -0.042 0.123 0.158 0.156 0.167 0.096 0.13 -0.274 -0.476 -0.127 0.135 0.158 -0.182 -0.532 -0.772 -0.82 -0.85 -1.097 -1.255 -1.343 -1.122 -1.106 -1.15 -0.846 -0.644 -0.916 -1.194 -1.553 -1.766 -1.753 -1.54 -1.347 -1.651 -1.841 -1.891 -1.846 -1.846 -1.446 -1.168 -1.579 -1.959 -1.851 -1.165 -1.484 -1.501 -1.107 -0.755 -0.467 0.015 0.441 0.485 -0.067 -0.292 0.007 -0.122 -0.381 -0.606 -1.042 -1.464 -1.938 -1.684 -1.533 -2.102 -1.841
-0.528 -0.422 -0.665 -0.706 -0.59 -0.533 -0.434 -0.604 -0.739 -0.48 0.05 0.4 0.582 0.626 0.605 0.584 0.542 0.502 0.519 0.337 0.02 0.059 0.188 0.062 -0.021 -0.175 -0.424 -0.609 -0.804 -0.959 -0.965 -1.246 -1.456 -1.232 -0.901 -0.523 -0.899 -1.39 -1.536 -1.546 -1.403 -0.977 -0.824 -1.137 -1.689 -2.066 -1.609 -1.391 -1.495 -1.377 -0.921 -1.513 -1.535 -1.881 -1.201 -0.858 -1.02 -1.245 -0.904 -0.359 0.248 0.362 -0.109 -0.797 -1.094 -0.568 -0.373 -0.809 -1.109 -1.584 -2.074 -2.1 -1.577 -1.705 -1.905 -1.674
-0.383 -0.349 -0.658 -0.694 -0.615 -0.65 -0.743 -0.661 -0.273 0.235 0.598 0.729 0.758 0.761 0.756 0.747 0.701 0.685 0.692 0.669 0.546 0.527 0.512 0.43 0.275 0.171 -0.082 -0.287 -0.463 -0.732 -0.93 -1.166 -1.337 -0.781 -0.372 -0.754 -1.154 -1.073 -0.75 -0.605 -0.602 -0.714 -1.12 -1.554 -1.82 -1.916 -1.592 -1.008 -0.88 -0.969 -0.824 -1.024 -1.131 -1.391 -1.454 -1.29 -0.826 -0.859 -0.703 -0.014 0.346 0.031 -0.691 -1.543 -1.555 -0.892 -0.401 -1.053 -1.495 -1.792 -2.348 -2.238 -1.795 -1.906 -1.904 -1.783
-0.273 -0.183 -0.41 -0.535 -0.574 -0.836 -0.786 -0.173 0.37 0.674 0.758 0.764 0.766 0.74 0.643 0.611 0.695 0.714 0.725 0.738 0.737 0.709 0.727 0.73 0.657 0.415 0.139 0.024 -0.274 -0.684 -1.048 -1.198 -0.767 -0.276 -0.576 -0.953 -0.793 -0.346 -0.122 -0.15 -0.232 -0.555 -0.849 -1.27 -1.363 -1.567 -1.309 -1.085 -1.248 -0.997 -0.806 -0.627 -0.652 -0.783 -1.031 -1.304 -1.141 -0.581 -0.434 0.206 0.155 -0.236 -1.043 -1.862 -1.828 -1.158 -0.649 -1.242 -1.854 -1.794 -2.037 -2.206 -2 -1.902 -1.828 -1.711
-0.26 -0.03 -0.171 -0.327 -0.576 -0.704 -0.21 0.429 0.707 0.761 0.769 0.766 0.6 0.303 0.084 -0.009 0.048 0.132 0.021 0.122 0.195 0.224 0.305 0.646 0.759 0.739 0.593 0.265 -0.01 -0.412 -0.841 -0.739 -0.234 -0.379 -0.448 -0.228 -0.231 -0.126 -0.558 -0.836 -0.879 -0.816 -0.888 -1.05 -1.043 -1.314 -1.407 -1.405 -1.903 -1.69 -1.46 -1.042 -0.774 -0.452 -0.452 -0.647 -1.004 -0.695 -0.001 0.217 -0.535 -0.531 -1.067 -1.659 -1.842 -1.449 -1.079 -1.208 -1.681 -1.46 -1.793 -2.144 -1.854 -1.587 -1.472 -1.331
-0.035 0.103 -0.234 -0.524 -0.468 -0.067 0.465 0.715 0.766 0.772 0.732 0.485 -0.064 -0.136 -0.324 -0.493 -0.464 -0.732 -0.917 -0.534 -0.471 -0.435 -0.339 -0.012 0.421 0.65 0.717 0.625 0.359 -0.111 -0.189 -0.071 0.054 0.114 0.178 0.142 -0.003 -0.478 -1.159 -1.493 -1.593 -1.542 -1.417 -1.399 -1.216 -1.486 -1.87 -1.697 -2.184 -2.296 -1.884 -1.672 -1.275 -0.728 -0.53 -0.352 -0.408 -0.371 0.217 -0.217 -1.104 -0.705 -1.227 -1.712 -1.809 -1.597 -1.383 -1.398 -1.7 -1.31 -1.735 -1.926 -1.679 -1.352 -1.031 -0.861
0.215 -0.119 -0.382 -0.003 0.289 0.562 0.74 0.763 0.771 0.703 0.318 -0.142 -0.502 -0.254 -0.667 -0.917 -1.031 -0.976 -0.879 -0.83 -1.179 -0.869 -0.935 -0.733 -0.285 0.158 0.416 0.523 0.6 0.446 0.393 0.28 0.157 -0.074 -0.369 -0.459 -0.411 -0.626 -1.353 -1.693 -1.895 -2.019 -1.734 -1.495 -1.548 -1.719 -2.371 -1.953 -2.013 -2.402 -2.147 -1.807 -1.444 -1.18 -1.238 -0.904 -0.365 0.066 0.151 -0.63 -1.387 -0.855 -1.277 -1.623 -1.942 -1.914 -1.722 -1.535 -1.666 -1.298 -1.428 -1.644 -1.373 -1.107 -0.767 -0.452
0.071 -0.302 0.211 0.577 0.716 0.753 0.76 0.724 0.544 0.231 -0.425 -0.822 -0.78 -0.642 -0.842 -1.258 -1.298 -1.332 -1.419 -1.499 -1.21 -1.137 -1.255 -0.831 -0.392 -0.164 -0.228 0.047 0.453 0.671 0.396 -0.247 -0.602 -0.889 -1.082 -1.301 -1.127 -0.6 -0.959 -1.3 -1.622 -2.016 -2.058 -2.059 -2.058 -2.136 -2.643 -2.022 -1.581 -2.052 -2.223 -1.951 -1.891 -1.676 -1.475 -1.029 -0.428 0.178 -0.239 -1.021 -1.638 -1.164 -1.18 -1.772 -2.168 -1.999 -1.953 -1.397 -1.379 -1.275 -0.984 -1.219 -1.154 -0.81 -0.527 -0.237
0.116 0.359 0.666 0.721 0.755 0.75 0.704 0.349 -0.107 -0.266 -0.857 -1.138 -0.975 -0.856 -0.92 -1.496 -1.756 -1.947 -1.839 -1.546 -1.396 -1.349 -1.124 -0.768 -0.328 -0.523 -0.772 -0.568 0.129 0.445 0.395 -0.538 -1.17 -1.373 -1.557 -1.819 -1.622 -1.168 -0.937 -0.879 -1.496 -2.069 -2.453 -2.491 -2.401 -2.451 -2.645 -2.104 -1.48 -1.497 -1.895 -2.174 -2.163 -1.694 -1.343 -1.054 -0.377 0.084 -0.633 -1.349 -1.857 -1.409 -1.306 -1.967 -2.177 -1.752 -1.776 -1.426 -1.014 -0.966 -0.619 -0.741 -0.786 -0.819 -0.491 -0.195
0.684 0.726 0.744 0.737 0.682 0.562 0.321 -0.283 -0.843 -0.987 -1.138 -1.249 -1.137 -1.144 -1.055 -1.398 -1.781 -1.952 -1.629 -1.361 -1.139 -0.934 -0.702 -0.41 -0.465 -1.057 -1.1 -0.039 0.259 -0.084 0.349 -0.092 -0.786 -1.128 -1.37 -1.722 -1.866 -1.632 -1.251 -0.924 -1.543 -2.193 -2.493 -2.262 -2.183 -2.226 -2.392 -2.224 -1.777 -1.422 -1.26 -1.735 -1.95 -1.492 -1.273 -1.117 -0.458 0.015 -0.862 -1.519 -1.949 -1.697 -1.51 -1.955 -1.769 -1.701 -1.197 -1.149 -0.705 -0.495 -0.362 -0.314 -0.277 -0.264 -0.22 -0.279
0.679 0.708 0.728 0.628 0.407 0.087 -0.359 -0.818 -1.323 -1.282 -1.36 -1.526 -1.623 -1.617 -1.438 -1.571 -1.638 -1.641 -1.429 -1.176 -0.998 -0.664 -0.566 -0.581 -0.778 -1.54 -0.987 0.356 -0.092 -0.761 -0.058 0.23 -0.046 -0.644 -0.91 -1.348 -1.797 -2.005 -1.696 -1.418 -1.706 -2.165 -2.521 -2.113 -1.679 -1.662 -2.003 -2.198 -2.11 -1.649 -1.102 -1.04 -1.283 -1.074 -0.819 -0.579 -0.237 -0.022 -0.702 -1.229 -1.802 -1.849 -1.704 -1.708 -1.342 -1.483 -1.012 -0.757 -0.509 -0.399 -0.594 -0.455 -0.514 -0.514 -0.656 -0.655
0.515 0.714 0.605 0.207 -0.115 -0.368 -0.907 -1.125 -1.348 -1.534 -1.586 -1.626 -1.75 -1.584 -1.515 -1.516 -1.348 -1.232 -1.16 -1.015 -0.77 -0.654 -1.106 -1.226 -1.058 -1.615 -0.874 0.249 -0.519 -1.295 -0.587 -0.075 0.163 -0.099 -0.361 -0.981 -1.598 -2.13 -2.116 -2.029 -1.943 -2.127 -2.493 -2.384 -1.696 -1.339 -1.395 -1.802 -1.961 -1.698 -1.391 -1.085 -0.656 -0.435 -0.27 -0.316 -0.239 -0.438 -0.977 -1.45 -1.611 -1.454 -1.339 -1.293 -1.248 -1.134 -0.904 -0.62 -0.612 -0.906 -0.913 -0.636 -0.988 -0.791 -1.043 -0.955
0.36 0.625 0.44 -0.242 -0.671 -0.883 -0.877 -0.935 -1.155 -1.342 -1.34 -1.209 -1.421 -1.373 -1.298 -1.127 -1.041 -0.865 -0.861 -0.981 -0.908 -1.103 -1.845 -1.805 -1.615 -1.485 -0.829 -0.028 -0.838 -1.721 -1.258 -0.793 -0.182 0.075 0.026 -0.581 -1.232 -1.992 -2.339 -2.466 -2.211 -2.25 -2.648 -2.783 -2.224 -1.672 -1.227 -1.156 -1.388 -1.266 -0.986 -0.714 -0.55 -0.654 -0.805 -1.045 -0.475 -0.909 -1.354 -1.433 -1.175 -1.26 -1.533 -1.247 -1.143 -0.817 -0.661 -0.923 -1.143 -1.386 -0.917 -0.918 -1.332 -1.051 -1.423 -1.188
0.11 0.356 0.528 -0.073 -0.7 -0.676 -0.444 -0.506 -0.602 -0.608 -0.784 -0.81 -0.872 -0.801 -0.989 -0.754 -0.629 -0.541 -0.633 -1.105 -1.88 -1.992 -2.308 -2.22 -2.137 -1.583 -0.987 -0.34 -0.773 -1.537 -1.785 -1.233 -0.75 -0.494 -0.121 -0.374 -1.382 -1.963 -2.081 -2.601 -2.401 -2.386 -2.687 -2.885 -2.652 -2.029 -1.609 -1.164 -0.854 -0.84 -0.781 -0.918 -1.15 -1.388 -1.504 -1.262 -0.65 -0.668 -1.001 -1.022 -1.231 -1.643 -1.816 -1.315 -0.941 -0.992 -0.952 -1.474 -1.56 -1.453 -0.94 -1.232 -1.57 -1.382 -1.594 -1.216
-0.383 -0.2 0.322 0.348 -0.019 0.077 0.185 0.207 0.139 0.108 -0.046 -0.253 -0.275 -0.331 -0.552 -0.391 -0.273 -0.273 -0.585 -1.657 -2.678 -2.804 -2.668 -2.485 -2.358 -1.793 -1.363 -0.932 -0.934 -1.093 -1.579 -1.936 -1.603 -1.211 -0.523 -0.367 -1.358 -1.771 -1.846 -2.521 -2.627 -2.456 -2.53 -2.821 -2.665 -2.073 -1.448 -1.245 -1.464 -1.31 -1.539 -1.727 -1.822 -1.782 -1.386 -0.87 -0.441 -0.43 -0.629 -0.874 -1.276 -1.792 -1.832 -1.499 -1.3 -1.427 -1.027 -1.701 -1.769 -1.364 -1.036 -1.479 -1.724 -1.65 -1.402 -0.878
