data/climatemaps/RS_maps/climate_winter_pr_2001.asc
NCOLS 369 
NROWS 228 
XLLCORNER 479000 
YLLCORNER 73000 
CELLSIZE 1000 
NODATA_value -9 
[rows 33 to 65 of 228, columns 150 to 224 of 369]
-0.466 -0.433 -0.397 -0.365 -0.341 -0.325 -0.312 -0.29 -0.254 -0.203 -0.148 -0.099 -0.062 -0.04 -0.041 -0.049 -0.058 -0.064 -0.058 -0.088 -0.089 -0.065 -0.087 -0.111 -0.105 -0.081 -0.047 -0.056 -0.088 -0.162 -0.264 -0.329 -0.357 -0.348 -0.318 -0.251 -0.19 -0.178 -0.174 -0.195 -0.241 -0.278 -0.307 -0.368 -0.42 -0.475 -0.52 -0.554 -0.61 -0.654 -0.68 -0.702 -0.708 -0.694 -0.688 -0.68 -0.635 -0.607 -0.606 -0.614 -0.618 -0.631 -0.656 -0.699 -0.751 -0.791 -0.812 -0.817 -0.806 -0.798 -0.801 -0.812 -0.824 -0.837 -0.85
-0.503 -0.467 -0.43 -0.394 -0.358 -0.342 -0.335 -0.327 -0.31 -0.283 -0.25 -0.221 -0.199 -0.185 -0.181 -0.178 -0.176 -0.156 -0.117 -0.135 -0.131 -0.092 -0.102 -0.118 -0.087 -0.08 -0.04 -0.039 -0.063 -0.149 -0.265 -0.33 -0.357 -0.342 -0.307 -0.232 -0.161 -0.136 -0.134 -0.159 -0.192 -0.248 -0.281 -0.339 -0.383 -0.437 -0.486 -0.546 -0.609 -0.653 -0.68 -0.704 -0.717 -0.707 -0.689 -0.677 -0.636 -0.59 -0.565 -0.565 -0.569 -0.583 -0.618 -0.679 -0.746 -0.796 -0.824 -0.831 -0.822 -0.806 -0.797 -0.808 -0.82 -0.826 -0.83
-0.517 -0.474 -0.434 -0.405 -0.362 -0.333 -0.325 -0.329 -0.318 -0.308 -0.296 -0.284 -0.278 -0.267 -0.261 -0.255 -0.252 -0.225 -0.184 -0.161 -0.163 -0.114 -0.103 -0.108 -0.061 -0.051 -0.034 -0.031 -0.078 -0.171 -0.276 -0.337 -0.359 -0.328 -0.284 -0.219 -0.156 -0.131 -0.114 -0.136 -0.174 -0.222 -0.263 -0.298 -0.357 -0.398 -0.447 -0.509 -0.597 -0.649 -0.677 -0.706 -0.724 -0.716 -0.689 -0.663 -0.644 -0.601 -0.563 -0.543 -0.545 -0.57 -0.613 -0.681 -0.746 -0.8 -0.832 -0.843 -0.84 -0.826 -0.814 -0.814 -0.814 -0.811 -0.808
-0.523 -0.475 -0.429 -0.397 -0.364 -0.335 -0.308 -0.308 -0.313 -0.3 -0.294 -0.298 -0.313 -0.321 -0.309 -0.296 -0.299 -0.268 -0.211 -0.182 -0.172 -0.098 -0.064 -0.076 -0.044 -0.034 -0.025 -0.049 -0.112 -0.217 -0.303 -0.353 -0.355 -0.309 -0.246 -0.186 -0.156 -0.14 -0.128 -0.142 -0.183 -0.217 -0.247 -0.272 -0.309 -0.381 -0.433 -0.501 -0.588 -0.65 -0.683 -0.719 -0.736 -0.729 -0.702 -0.657 -0.637 -0.615 -0.586 -0.57 -0.566 -0.589 -0.639 -0.695 -0.746 -0.802 -0.833 -0.846 -0.845 -0.842 -0.837 -0.83 -0.819 -0.804 -0.785
-0.522 -0.482 -0.43 -0.381 -0.347 -0.331 -0.308 -0.287 -0.287 -0.286 -0.283 -0.291 -0.315 -0.349 -0.357 -0.34 -0.319 -0.296 -0.223 -0.182 -0.152 -0.104 -0.057 -0.049 -0.041 -0.044 -0.084 -0.124 -0.164 -0.27 -0.344 -0.369 -0.332 -0.284 -0.207 -0.14 -0.124 -0.142 -0.167 -0.185 -0.225 -0.234 -0.238 -0.256 -0.283 -0.34 -0.415 -0.486 -0.579 -0.652 -0.698 -0.734 -0.75 -0.746 -0.717 -0.666 -0.628 -0.618 -0.601 -0.585 -0.598 -0.621 -0.654 -0.7 -0.75 -0.8 -0.827 -0.85 -0.846 -0.844 -0.85 -0.844 -0.827 -0.798 -0.763
-0.516 -0.468 -0.43 -0.372 -0.327 -0.299 -0.289 -0.283 -0.262 -0.257 -0.265 -0.274 -0.309 -0.359 -0.387 -0.373 -0.321 -0.301 -0.256 -0.212 -0.181 -0.121 -0.059 -0.048 -0.063 -0.097 -0.146 -0.215 -0.274 -0.333 -0.387 -0.391 -0.35 -0.291 -0.21 -0.14 -0.12 -0.152 -0.201 -0.231 -0.261 -0.265 -0.249 -0.254 -0.271 -0.322 -0.399 -0.483 -0.575 -0.658 -0.708 -0.745 -0.761 -0.761 -0.732 -0.678 -0.632 -0.624 -0.611 -0.583 -0.592 -0.613 -0.637 -0.679 -0.736 -0.782 -0.816 -0.85 -0.856 -0.854 -0.861 -0.851 -0.831 -0.795 -0.754
-0.515 -0.461 -0.422 -0.372 -0.319 -0.28 -0.267 -0.273 -0.252 -0.229 -0.227 -0.258 -0.32 -0.376 -0.405 -0.408 -0.388 -0.358 -0.313 -0.279 -0.244 -0.165 -0.097 -0.052 -0.067 -0.096 -0.176 -0.27 -0.332 -0.369 -0.423 -0.446 -0.416 -0.342 -0.26 -0.191 -0.163 -0.195 -0.241 -0.269 -0.273 -0.283 -0.285 -0.286 -0.296 -0.334 -0.409 -0.496 -0.586 -0.667 -0.72 -0.754 -0.77 -0.772 -0.749 -0.698 -0.65 -0.633 -0.628 -0.597 -0.59 -0.593 -0.603 -0.643 -0.689 -0.741 -0.792 -0.832 -0.853 -0.863 -0.865 -0.842 -0.818 -0.789 -0.743
-0.522 -0.464 -0.416 -0.365 -0.324 -0.288 -0.272 -0.269 -0.241 -0.194 -0.193 -0.259 -0.339 -0.391 -0.403 -0.397 -0.395 -0.377 -0.363 -0.336 -0.286 -0.222 -0.147 -0.088 -0.098 -0.144 -0.221 -0.323 -0.372 -0.415 -0.477 -0.488 -0.469 -0.424 -0.355 -0.288 -0.247 -0.259 -0.289 -0.302 -0.292 -0.287 -0.29 -0.298 -0.319 -0.358 -0.43 -0.517 -0.603 -0.676 -0.726 -0.759 -0.777 -0.783 -0.767 -0.722 -0.678 -0.653 -0.644 -0.624 -0.605 -0.588 -0.58 -0.604 -0.633 -0.689 -0.758 -0.793 -0.821 -0.85 -0.856 -0.834 -0.801 -0.77 -0.718
-0.541 -0.501 -0.449 -0.396 -0.371 -0.33 -0.302 -0.266 -0.229 -0.205 -0.233 -0.287 -0.354 -0.389 -0.388 -0.391 -0.405 -0.385 -0.369 -0.343 -0.301 -0.237 -0.163 -0.119 -0.138 -0.193 -0.282 -0.379 -0.436 -0.482 -0.515 -0.515 -0.489 -0.464 -0.422 -0.384 -0.356 -0.34 -0.343 -0.344 -0.332 -0.322 -0.317 -0.32 -0.337 -0.377 -0.447 -0.536 -0.617 -0.683 -0.729 -0.762 -0.783 -0.793 -0.788 -0.755 -0.715 -0.684 -0.655 -0.638 -0.614 -0.592 -0.574 -0.576 -0.589 -0.647 -0.717 -0.746 -0.772 -0.804 -0.827 -0.822 -0.791 -0.745 -0.697
-0.582 -0.561 -0.523 -0.481 -0.446 -0.394 -0.359 -0.305 -0.269 -0.248 -0.277 -0.319 -0.363 -0.385 -0.393 -0.39 -0.392 -0.379 -0.343 -0.318 -0.265 -0.207 -0.157 -0.135 -0.181 -0.261 -0.358 -0.438 -0.484 -0.516 -0.543 -0.539 -0.51 -0.481 -0.455 -0.44 -0.446 -0.435 -0.423 -0.423 -0.419 -0.41 -0.409 -0.404 -0.406 -0.428 -0.48 -0.556 -0.628 -0.687 -0.731 -0.759 -0.785 -0.8 -0.806 -0.792 -0.758 -0.725 -0.689 -0.659 -0.627 -0.6 -0.578 -0.568 -0.572 -0.611 -0.676 -0.709 -0.731 -0.761 -0.784 -0.789 -0.773 -0.736 -0.677
-0.663 -0.64 -0.611 -0.573 -0.529 -0.488 -0.434 -0.39 -0.341 -0.304 -0.319 -0.327 -0.367 -0.386 -0.379 -0.364 -0.362 -0.34 -0.295 -0.266 -0.21 -0.167 -0.133 -0.147 -0.232 -0.337 -0.416 -0.473 -0.514 -0.542 -0.566 -0.571 -0.556 -0.526 -0.506 -0.494 -0.509 -0.514 -0.515 -0.517 -0.517 -0.519 -0.524 -0.516 -0.509 -0.511 -0.54 -0.584 -0.641 -0.69 -0.729 -0.755 -0.784 -0.804 -0.818 -0.82 -0.804 -0.777 -0.738 -0.699 -0.665 -0.63 -0.602 -0.581 -0.574 -0.594 -0.638 -0.657 -0.701 -0.718 -0.736 -0.744 -0.746 -0.713 -0.67
-0.739 -0.704 -0.675 -0.637 -0.593 -0.549 -0.515 -0.463 -0.402 -0.358 -0.348 -0.329 -0.353 -0.368 -0.34 -0.3 -0.296 -0.277 -0.226 -0.201 -0.15 -0.123 -0.118 -0.182 -0.286 -0.392 -0.457 -0.505 -0.547 -0.568 -0.587 -0.606 -0.607 -0.589 -0.573 -0.55 -0.557 -0.568 -0.574 -0.577 -0.578 -0.602 -0.613 -0.614 -0.612 -0.61 -0.62 -0.639 -0.67 -0.696 -0.723 -0.75 -0.778 -0.804 -0.826 -0.837 -0.835 -0.819 -0.791 -0.754 -0.717 -0.684 -0.646 -0.617 -0.598 -0.603 -0.627 -0.62 -0.641 -0.642 -0.656 -0.691 -0.708 -0.694 -0.666
-0.774 -0.739 -0.706 -0.679 -0.643 -0.598 -0.558 -0.515 -0.455 -0.394 -0.359 -0.304 -0.299 -0.317 -0.28 -0.231 -0.222 -0.217 -0.164 -0.138 -0.125 -0.126 -0.158 -0.245 -0.349 -0.447 -0.504 -0.553 -0.584 -0.599 -0.612 -0.632 -0.648 -0.645 -0.634 -0.611 -0.587 -0.587 -0.606 -0.613 -0.625 -0.652 -0.671 -0.68 -0.686 -0.687 -0.689 -0.696 -0.711 -0.725 -0.735 -0.747 -0.769 -0.802 -0.83 -0.848 -0.849 -0.839 -0.823 -0.806 -0.777 -0.742 -0.708 -0.672 -0.644 -0.638 -0.633 -0.606 -0.597 -0.59 -0.605 -0.626 -0.648 -0.668 -0.667
-0.793 -0.775 -0.736 -0.702 -0.674 -0.639 -0.596 -0.543 -0.482 -0.399 -0.348 -0.273 -0.239 -0.251 -0.219 -0.196 -0.18 -0.18 -0.146 -0.14 -0.161 -0.18 -0.219 -0.303 -0.41 -0.507 -0.546 -0.586 -0.617 -0.628 -0.64 -0.659 -0.68 -0.686 -0.685 -0.668 -0.627 -0.602 -0.614 -0.631 -0.649 -0.672 -0.694 -0.71 -0.723 -0.73 -0.736 -0.742 -0.748 -0.756 -0.764 -0.769 -0.776 -0.801 -0.83 -0.853 -0.86 -0.853 -0.84 -0.834 -0.823 -0.798 -0.761 -0.728 -0.694 -0.675 -0.652 -0.614 -0.583 -0.566 -0.573 -0.57 -0.581 -0.615 -0.625
-0.813 -0.799 -0.768 -0.725 -0.687 -0.652 -0.606 -0.54 -0.473 -0.377 -0.309 -0.244 -0.21 -0.2 -0.182 -0.199 -0.197 -0.202 -0.177 -0.189 -0.218 -0.231 -0.273 -0.363 -0.475 -0.574 -0.599 -0.615 -0.64 -0.656 -0.666 -0.685 -0.709 -0.723 -0.726 -0.717 -0.683 -0.636 -0.615 -0.625 -0.65 -0.684 -0.725 -0.751 -0.767 -0.77 -0.767 -0.769 -0.774 -0.779 -0.783 -0.789 -0.798 -0.812 -0.833 -0.856 -0.867 -0.863 -0.858 -0.859 -0.857 -0.841 -0.811 -0.78 -0.743 -0.714 -0.68 -0.643 -0.6 -0.569 -0.549 -0.539 -0.531 -0.56 -0.573
-0.829 -0.813 -0.781 -0.736 -0.688 -0.644 -0.587 -0.506 -0.433 -0.349 -0.271 -0.237 -0.225 -0.209 -0.206 -0.245 -0.283 -0.294 -0.283 -0.297 -0.309 -0.335 -0.389 -0.474 -0.563 -0.644 -0.67 -0.672 -0.671 -0.681 -0.697 -0.711 -0.734 -0.759 -0.765 -0.76 -0.739 -0.69 -0.635 -0.612 -0.632 -0.673 -0.725 -0.776 -0.808 -0.818 -0.822 -0.798 -0.79 -0.788 -0.789 -0.798 -0.808 -0.824 -0.841 -0.859 -0.868 -0.866 -0.867 -0.872 -0.876 -0.868 -0.845 -0.818 -0.787 -0.753 -0.715 -0.678 -0.631 -0.587 -0.545 -0.517 -0.502 -0.522 -0.528
-0.83 -0.814 -0.773 -0.724 -0.666 -0.621 -0.561 -0.483 -0.399 -0.353 -0.293 -0.272 -0.28 -0.285 -0.302 -0.333 -0.382 -0.416 -0.434 -0.455 -0.469 -0.496 -0.538 -0.597 -0.656 -0.708 -0.734 -0.739 -0.729 -0.723 -0.724 -0.733 -0.754 -0.782 -0.797 -0.798 -0.787 -0.743 -0.676 -0.623 -0.608 -0.651 -0.707 -0.767 -0.82 -0.85 -0.861 -0.855 -0.837 -0.821 -0.808 -0.806 -0.814 -0.836 -0.85 -0.857 -0.861 -0.861 -0.861 -0.867 -0.878 -0.884 -0.871 -0.849 -0.823 -0.788 -0.747 -0.711 -0.667 -0.616 -0.564 -0.51 -0.499 -0.487 -0.489
-0.794 -0.786 -0.746 -0.688 -0.622 -0.589 -0.518 -0.455 -0.404 -0.379 -0.355 -0.33 -0.345 -0.384 -0.406 -0.433 -0.488 -0.532 -0.56 -0.58 -0.595 -0.616 -0.646 -0.685 -0.723 -0.757 -0.777 -0.776 -0.77 -0.762 -0.739 -0.738 -0.753 -0.782 -0.813 -0.828 -0.823 -0.795 -0.723 -0.649 -0.605 -0.627 -0.683 -0.747 -0.809 -0.851 -0.874 -0.875 -0.868 -0.859 -0.845 -0.834 -0.832 -0.85 -0.855 -0.843 -0.839 -0.837 -0.837 -0.843 -0.859 -0.878 -0.883 -0.874 -0.856 -0.822 -0.778 -0.739 -0.701 -0.65 -0.593 -0.534 -0.504 -0.462 -0.449
-0.743 -0.731 -0.716 -0.659 -0.606 -0.558 -0.492 -0.465 -0.458 -0.439 -0.446 -0.449 -0.458 -0.493 -0.522 -0.554 -0.598 -0.634 -0.66 -0.676 -0.688 -0.703 -0.725 -0.749 -0.773 -0.797 -0.808 -0.803 -0.797 -0.793 -0.777 -0.764 -0.776 -0.784 -0.815 -0.846 -0.85 -0.832 -0.774 -0.694 -0.627 -0.622 -0.661 -0.721 -0.784 -0.836 -0.86 -0.867 -0.87 -0.871 -0.87 -0.868 -0.872 -0.877 -0.864 -0.829 -0.81 -0.8 -0.796 -0.804 -0.824 -0.85 -0.871 -0.881 -0.876 -0.853 -0.814 -0.766 -0.724 -0.68 -0.627 -0.569 -0.513 -0.458 -0.422
-0.677 -0.667 -0.662 -0.634 -0.592 -0.538 -0.501 -0.503 -0.527 -0.542 -0.555 -0.555 -0.561 -0.599 -0.628 -0.655 -0.682 -0.712 -0.735 -0.751 -0.758 -0.767 -0.78 -0.793 -0.811 -0.824 -0.831 -0.821 -0.81 -0.81 -0.808 -0.801 -0.797 -0.8 -0.823 -0.857 -0.871 -0.864 -0.822 -0.746 -0.668 -0.642 -0.659 -0.701 -0.754 -0.811 -0.827 -0.835 -0.847 -0.862 -0.868 -0.875 -0.887 -0.896 -0.884 -0.843 -0.805 -0.769 -0.745 -0.744 -0.771 -0.805 -0.838 -0.864 -0.876 -0.867 -0.839 -0.797 -0.743 -0.701 -0.653 -0.601 -0.538 -0.474 -0.426
-0.611 -0.593 -0.602 -0.607 -0.588 -0.564 -0.57 -0.594 -0.612 -0.636 -0.65 -0.651 -0.664 -0.694 -0.702 -0.714 -0.736 -0.764 -0.782 -0.796 -0.797 -0.8 -0.807 -0.81 -0.832 -0.839 -0.844 -0.833 -0.814 -0.816 -0.819 -0.822 -0.819 -0.816 -0.836 -0.866 -0.885 -0.889 -0.865 -0.803 -0.73 -0.687 -0.682 -0.694 -0.731 -0.783 -0.802 -0.807 -0.813 -0.83 -0.848 -0.862 -0.881 -0.9 -0.903 -0.873 -0.82 -0.757 -0.705 -0.683 -0.695 -0.738 -0.787 -0.829 -0.857 -0.865 -0.853 -0.819 -0.767 -0.712 -0.669 -0.625 -0.57 -0.506 -0.452
-0.537 -0.552 -0.579 -0.606 -0.625 -0.633 -0.651 -0.676 -0.698 -0.72 -0.734 -0.746 -0.759 -0.763 -0.753 -0.765 -0.788 -0.802 -0.812 -0.819 -0.82 -0.811 -0.812 -0.819 -0.842 -0.848 -0.846 -0.834 -0.821 -0.812 -0.82 -0.83 -0.838 -0.836 -0.847 -0.87 -0.892 -0.904 -0.896 -0.857 -0.791 -0.745 -0.712 -0.691 -0.714 -0.755 -0.779 -0.785 -0.781 -0.78 -0.802 -0.834 -0.865 -0.894 -0.912 -0.898 -0.847 -0.771 -0.699 -0.641 -0.627 -0.652 -0.718 -0.777 -0.821 -0.845 -0.851 -0.831 -0.792 -0.733 -0.683 -0.643 -0.595 -0.535 -0.464
-0.494 -0.519 -0.55 -0.602 -0.652 -0.696 -0.727 -0.748 -0.768 -0.783 -0.792 -0.8 -0.804 -0.798 -0.787 -0.804 -0.822 -0.83 -0.822 -0.819 -0.828 -0.823 -0.815 -0.816 -0.841 -0.851 -0.849 -0.833 -0.82 -0.802 -0.814 -0.832 -0.845 -0.856 -0.86 -0.871 -0.892 -0.907 -0.914 -0.896 -0.843 -0.792 -0.741 -0.702 -0.702 -0.731 -0.757 -0.761 -0.756 -0.737 -0.743 -0.792 -0.842 -0.88 -0.911 -0.91 -0.873 -0.798 -0.712 -0.628 -0.582 -0.578 -0.633 -0.71 -0.769 -0.809 -0.831 -0.827 -0.799 -0.752 -0.695 -0.654 -0.611 -0.557 -0.468
-0.508 -0.542 -0.59 -0.641 -0.698 -0.746 -0.776 -0.791 -0.806 -0.811 -0.809 -0.808 -0.807 -0.803 -0.801 -0.826 -0.84 -0.843 -0.819 -0.811 -0.817 -0.83 -0.823 -0.816 -0.831 -0.85 -0.854 -0.845 -0.823 -0.797 -0.801 -0.822 -0.842 -0.856 -0.867 -0.875 -0.888 -0.902 -0.92 -0.92 -0.887 -0.832 -0.78 -0.731 -0.712 -0.716 -0.73 -0.732 -0.733 -0.721 -0.701 -0.744 -0.812 -0.86 -0.901 -0.915 -0.89 -0.819 -0.731 -0.642 -0.563 -0.524 -0.548 -0.631 -0.705 -0.763 -0.8 -0.811 -0.796 -0.759 -0.704 -0.659 -0.621 -0.571 -0.497
-0.544 -0.601 -0.657 -0.709 -0.751 -0.788 -0.815 -0.818 -0.814 -0.804 -0.792 -0.783 -0.784 -0.79 -0.801 -0.83 -0.846 -0.849 -0.823 -0.809 -0.804 -0.823 -0.821 -0.809 -0.815 -0.837 -0.849 -0.849 -0.826 -0.799 -0.792 -0.81 -0.83 -0.841 -0.86 -0.875 -0.885 -0.897 -0.916 -0.93 -0.917 -0.874 -0.82 -0.77 -0.733 -0.709 -0.704 -0.696 -0.711 -0.693 -0.677 -0.688 -0.774 -0.828 -0.882 -0.91 -0.902 -0.839 -0.75 -0.659 -0.569 -0.487 -0.482 -0.547 -0.632 -0.704 -0.758 -0.786 -0.784 -0.756 -0.711 -0.67 -0.629 -0.58 -0.517
-0.616 -0.672 -0.718 -0.75 -0.776 -0.817 -0.841 -0.832 -0.822 -0.797 -0.773 -0.759 -0.76 -0.767 -0.785 -0.82 -0.842 -0.85 -0.828 -0.806 -0.798 -0.815 -0.813 -0.801 -0.8 -0.813 -0.83 -0.84 -0.833 -0.812 -0.798 -0.804 -0.818 -0.818 -0.831 -0.857 -0.877 -0.892 -0.909 -0.93 -0.935 -0.914 -0.864 -0.809 -0.759 -0.719 -0.694 -0.673 -0.691 -0.662 -0.647 -0.657 -0.732 -0.786 -0.847 -0.897 -0.909 -0.863 -0.788 -0.7 -0.595 -0.494 -0.453 -0.475 -0.552 -0.638 -0.706 -0.751 -0.77 -0.751 -0.716 -0.675 -0.634 -0.587 -0.531
-0.699 -0.738 -0.763 -0.772 -0.789 -0.845 -0.866 -0.865 -0.856 -0.83 -0.793 -0.762 -0.744 -0.74 -0.763 -0.801 -0.831 -0.847 -0.83 -0.805 -0.789 -0.806 -0.802 -0.795 -0.789 -0.786 -0.797 -0.821 -0.833 -0.825 -0.809 -0.807 -0.8 -0.794 -0.788 -0.816 -0.854 -0.88 -0.897 -0.92 -0.939 -0.936 -0.902 -0.848 -0.794 -0.746 -0.696 -0.681 -0.677 -0.633 -0.617 -0.608 -0.69 -0.745 -0.803 -0.873 -0.904 -0.886 -0.825 -0.73 -0.631 -0.53 -0.448 -0.43 -0.486 -0.57 -0.65 -0.708 -0.742 -0.741 -0.716 -0.676 -0.633 -0.592 -0.542
-0.77 -0.799 -0.812 -0.816 -0.834 -0.87 -0.886 -0.892 -0.885 -0.857 -0.806 -0.758 -0.72 -0.709 -0.734 -0.774 -0.81 -0.837 -0.823 -0.799 -0.788 -0.803 -0.795 -0.777 -0.763 -0.76 -0.766 -0.795 -0.822 -0.832 -0.821 -0.815 -0.789 -0.762 -0.752 -0.762 -0.815 -0.855 -0.884 -0.908 -0.933 -0.944 -0.927 -0.882 -0.835 -0.776 -0.732 -0.71 -0.658 -0.61 -0.59 -0.55 -0.627 -0.698 -0.755 -0.837 -0.887 -0.894 -0.849 -0.763 -0.661 -0.558 -0.453 -0.406 -0.447 -0.514 -0.593 -0.663 -0.709 -0.721 -0.711 -0.675 -0.633 -0.591 -0.547
-0.829 -0.851 -0.864 -0.869 -0.874 -0.884 -0.894 -0.903 -0.9 -0.871 -0.816 -0.761 -0.713 -0.697 -0.714 -0.75 -0.793 -0.822 -0.816 -0.793 -0.777 -0.787 -0.789 -0.768 -0.749 -0.734 -0.738 -0.753 -0.801 -0.827 -0.825 -0.812 -0.777 -0.729 -0.704 -0.705 -0.76 -0.815 -0.861 -0.896 -0.922 -0.943 -0.938 -0.91 -0.87 -0.815 -0.777 -0.716 -0.644 -0.593 -0.555 -0.499 -0.566 -0.637 -0.698 -0.788 -0.858 -0.885 -0.87 -0.8 -0.711 -0.608 -0.496 -0.42 -0.433 -0.488 -0.553 -0.62 -0.67 -0.695 -0.698 -0.671 -0.633 -0.588 -0.545
-0.872 -0.887 -0.894 -0.888 -0.881 -0.886 -0.894 -0.904 -0.907 -0.885 -0.835 -0.778 -0.717 -0.691 -0.701 -0.722 -0.777 -0.797 -0.804 -0.794 -0.765 -0.757 -0.767 -0.763 -0.745 -0.729 -0.713 -0.72 -0.776 -0.816 -0.82 -0.804 -0.762 -0.701 -0.656 -0.651 -0.697 -0.762 -0.823 -0.868 -0.907 -0.936 -0.939 -0.923 -0.891 -0.851 -0.81 -0.742 -0.655 -0.577 -0.532 -0.455 -0.498 -0.579 -0.648 -0.725 -0.812 -0.861 -0.874 -0.832 -0.763 -0.676 -0.576 -0.482 -0.451 -0.485 -0.539 -0.595 -0.633 -0.657 -0.668 -0.655 -0.624 -0.583 -0.541
-0.898 -0.908 -0.902 -0.887 -0.879 -0.882 -0.89 -0.898 -0.909 -0.894 -0.848 -0.785 -0.733 -0.703 -0.694 -0.697 -0.753 -0.786 -0.776 -0.773 -0.754 -0.723 -0.713 -0.73 -0.736 -0.723 -0.707 -0.701 -0.757 -0.802 -0.813 -0.793 -0.752 -0.685 -0.614 -0.598 -0.624 -0.695 -0.774 -0.832 -0.882 -0.921 -0.934 -0.927 -0.902 -0.865 -0.83 -0.77 -0.674 -0.587 -0.515 -0.435 -0.439 -0.511 -0.593 -0.657 -0.746 -0.82 -0.855 -0.851 -0.809 -0.746 -0.667 -0.582 -0.526 -0.514 -0.546 -0.589 -0.614 -0.624 -0.632 -0.628 -0.605 -0.571 -0.534
-0.914 -0.918 -0.906 -0.885 -0.876 -0.882 -0.885 -0.891 -0.906 -0.899 -0.864 -0.809 -0.748 -0.719 -0.683 -0.673 -0.721 -0.764 -0.761 -0.742 -0.721 -0.684 -0.643 -0.659 -0.691 -0.7 -0.679 -0.678 -0.739 -0.791 -0.808 -0.787 -0.743 -0.675 -0.587 -0.546 -0.561 -0.619 -0.712 -0.788 -0.848 -0.901 -0.922 -0.925 -0.908 -0.873 -0.84 -0.785 -0.699 -0.592 -0.512 -0.459 -0.406 -0.436 -0.521 -0.592 -0.663 -0.76 -0.818 -0.84 -0.833 -0.799 -0.749 -0.689 -0.636 -0.592 -0.577 -0.594 -0.607 -0.603 -0.604 -0.598 -0.578 -0.554 -0.524
-0.917 -0.913 -0.897 -0.882 -0.874 -0.881 -0.877 -0.878 -0.893 -0.9 -0.879 -0.823 -0.763 -0.724 -0.675 -0.657 -0.697 -0.745 -0.742 -0.714 -0.677 -0.636 -0.582 -0.581 -0.618 -0.657 -0.671 -0.674 -0.718 -0.773 -0.798 -0.786 -0.735 -0.67 -0.579 -0.508 -0.504 -0.548 -0.638 -0.732 -0.803 -0.873 -0.904 -0.917 -0.908 -0.883 -0.849 -0.794 -0.717 -0.615 -0.527 -0.469 -0.413 -0.39 -0.444 -0.528 -0.577 -0.677 -0.761 -0.804 -0.824 -0.822 -0.801 -0.769 -0.73 -0.687 -0.642 -0.614 -0.605 -0.593 -0.584 -0.583 -0.561 -0.537 -0.514
