data/climatemaps/RS_maps/climate_winter_tmin_2013.asc
NCOLS 369 
NROWS 228 
XLLCORNER 479000 
YLLCORNER 73000 
CELLSIZE 1000 
NODATA_value -9 
[rows 34 to 67 of 228, columns 154 to 230 of 369]
1.063 1.075 1.099 1.103 1.101 1.102 1.096 1.094 1.087 1.08 1.077 1.074 1.072 1.036 0.97 1.008 1.016 0.968 0.992 1.02 0.979 0.997 0.959 0.962 0.964 1.008 1.064 1.058 1.048 1.032 1.041 1.003 0.96 0.968 0.97 0.975 0.973 1.014 0.992 1.022 1.002 1.017 1.004 1.031 1.069 1.072 1.062 1.072 1.086 1.078 1.062 1.101 1.061 0.983 0.962 1.004 1.011 1.002 1.008 1.053 1.083 1.094 1.092 1.088 1.078 1.063 1.061 1.084 1.106 1.106 1.103 1.109 1.119 1.118 1.105 1.1 1.132
1.03 1.008 1.028 1.058 1.039 1.056 1.068 1.074 1.077 1.05 1.044 1.04 1.054 1.022 0.992 0.976 1.018 0.975 0.989 1.014 0.952 0.954 0.94 0.934 0.974 1.017 1.061 1.056 1.048 1.023 1.029 1.02 0.997 0.998 0.957 0.948 0.959 0.993 0.999 0.986 1.027 0.994 0.971 0.976 1.067 1.07 1.051 1.059 1.077 1.076 1.053 1.057 1.099 1.063 1.01 0.984 0.992 1.02 1.043 1.074 1.088 1.093 1.093 1.087 1.087 1.072 1.071 1.078 1.082 1.084 1.086 1.071 1.078 1.093 1.08 1.085 1.096
1.029 1.02 0.974 0.996 1.022 1.001 1.005 1.02 1.052 1.051 1.013 0.996 1.033 1.008 0.96 0.963 1.003 0.935 0.929 0.986 0.94 0.928 0.9 0.915 0.965 1.039 1.061 1.055 1.036 1.012 1.009 1.011 1.031 1.026 0.992 0.953 0.969 0.979 0.983 0.967 0.973 1.037 1.016 1.021 1.064 1.076 1.05 1.071 1.083 1.079 1.07 1.034 1.079 1.095 1.073 1.062 1.04 1.054 1.086 1.094 1.07 1.089 1.082 1.073 1.069 1.078 1.083 1.086 1.078 1.072 1.064 1.045 1.043 1.053 1.071 1.071 1.081
0.991 1.032 1.005 0.963 0.974 0.986 0.982 0.985 1.009 1.044 1.036 1.008 0.989 1.001 0.913 0.913 0.945 0.934 0.916 0.953 0.95 0.932 0.961 0.974 0.955 1.038 1.057 1.039 0.978 0.978 0.963 0.957 0.995 1.019 1.027 1.002 1.006 0.986 0.957 0.956 0.955 0.99 1.025 1.02 1.062 1.078 1.067 1.083 1.088 1.086 1.073 1.041 1.042 1.089 1.08 1.059 1.083 1.09 1.094 1.091 1.082 1.092 1.067 1.075 1.053 1.053 1.083 1.087 1.08 1.065 1.04 1.041 1.034 1.051 1.045 1.043 1.084
0.952 0.957 0.98 0.993 0.957 0.963 0.981 0.959 0.98 1.022 1.049 1.01 0.93 0.945 0.92 0.914 0.947 0.933 0.899 0.947 0.967 0.989 0.994 1.019 1.035 1.043 1.055 1.014 0.972 0.963 0.946 0.93 0.947 1.002 1.027 1.023 1.022 1.012 0.97 0.963 0.955 0.981 1.013 1.029 1.051 1.08 1.068 1.091 1.085 1.09 1.07 1.032 1.015 1.078 1.075 1.021 1.03 1.051 1.052 1.067 1.088 1.088 1.07 1.087 1.069 1.056 1.085 1.084 1.082 1.064 1.054 1.059 1.061 1.069 1.042 1.066 1.094
0.944 0.914 0.956 0.993 0.977 0.949 0.926 0.936 0.991 1.024 1.041 1.035 1.014 0.997 0.964 0.963 0.975 0.935 0.914 0.906 0.943 0.944 0.979 1.021 1.032 1.009 1.031 1.052 1.026 0.99 0.96 0.935 0.934 0.992 1.016 1.023 0.999 1.011 1.026 1.025 1.01 1.007 1.031 1.049 1.062 1.086 1.083 1.09 1.078 1.083 1.073 1.032 1.009 1.056 1.08 1.028 1.008 1.006 1.001 1.041 1.057 1.071 1.074 1.087 1.08 1.078 1.084 1.059 1.047 1.059 1.057 1.043 1.028 1.069 1.08 1.087 1.089
0.931 0.922 0.956 0.992 0.977 0.878 0.856 0.946 1.012 1.028 1.002 0.966 0.978 0.975 0.999 0.998 0.977 0.963 0.942 0.917 0.937 0.957 0.972 1.021 1.004 1.005 1.058 1.056 1.048 1.049 1.026 0.996 0.958 0.985 1.001 0.999 0.965 0.961 0.987 1.004 1.011 1.023 1.045 1.065 1.077 1.089 1.082 1.087 1.08 1.081 1.076 1.038 1.012 1.047 1.066 1.058 1.034 1.003 0.981 1.012 1.016 1.04 1.081 1.061 1.057 1.08 1.084 1.052 1.019 1.039 1.038 1.02 0.979 1.022 1.061 1.047 1.054
0.969 0.949 0.95 0.928 0.901 0.879 0.945 0.974 1.001 0.989 0.943 0.943 0.99 0.971 0.987 0.987 0.981 0.962 0.931 0.921 0.945 0.96 0.988 1.027 1.035 1.054 1.061 1.036 1.005 1.028 1.032 1.035 1.02 0.992 0.971 0.95 0.919 0.909 0.924 0.932 0.943 0.976 1.019 1.063 1.082 1.089 1.08 1.086 1.086 1.088 1.086 1.055 1.026 1.04 1.023 1.041 1.024 1.012 0.991 0.994 0.985 1.035 1.079 1.041 1.021 1.04 1.064 1.064 1.027 0.992 1.011 1.001 0.983 1.012 1.013 1.045 1.045
0.98 0.929 0.932 0.865 0.869 0.887 0.958 0.979 0.975 0.952 0.949 0.951 0.97 0.989 0.965 0.974 0.949 0.936 0.924 0.922 0.963 0.99 1.025 1.045 1.041 1.042 1.051 1.021 0.98 0.972 0.984 1.012 1.051 1.023 0.979 0.965 0.952 0.942 0.968 0.957 0.943 0.952 0.991 1.048 1.072 1.08 1.08 1.078 1.095 1.092 1.093 1.08 1.049 1.043 1.019 1.019 1.002 0.999 0.998 0.993 0.992 1.02 1.066 1.051 1.024 1.032 1.045 1.046 1.032 1.011 0.977 0.962 0.964 0.962 0.968 0.999 1.021
0.983 0.973 0.92 0.917 0.9 0.897 0.955 0.935 0.959 0.953 0.938 0.93 0.962 0.973 0.946 0.95 0.92 0.912 0.902 0.923 0.988 1.038 1.031 1.018 1.019 1.029 1.041 1.029 1.004 0.967 0.979 0.999 1.042 1.046 1.033 1.021 1.009 1.013 1.035 1.023 1.01 0.997 1.015 1.031 1.058 1.067 1.077 1.075 1.095 1.093 1.097 1.092 1.08 1.064 1.044 1.024 1.018 1.008 1.004 0.996 0.995 1.013 1.04 1.015 1.054 1.04 1.049 1.033 1.033 1.004 0.978 0.945 0.938 0.912 0.904 0.95 0.987
0.963 0.935 0.944 0.929 0.892 0.903 0.94 0.915 0.949 0.963 0.923 0.871 0.921 0.942 0.906 0.918 0.88 0.874 0.882 0.95 1.01 1.041 1.012 0.998 1.017 1.025 1.027 1.044 1.031 1.009 1.007 0.993 1.027 1.055 1.051 1.038 1.014 1.042 1.057 1.057 1.057 1.057 1.061 1.056 1.058 1.046 1.055 1.065 1.085 1.092 1.099 1.092 1.088 1.086 1.073 1.057 1.045 1.04 1.021 1.007 1.01 1.019 1.041 0.985 1.002 0.975 0.983 1.03 1.043 1.017 0.993 0.976 0.956 0.939 0.934 0.904 0.997
0.954 0.919 0.908 0.921 0.904 0.9 0.93 0.867 0.892 0.947 0.906 0.839 0.876 0.925 0.871 0.866 0.879 0.898 0.931 0.993 1.031 1.044 1.009 1.012 1.025 1.03 1.025 1.035 1.045 1.032 1.022 1.009 0.983 1.014 1.056 1.051 1.035 1.054 1.054 1.055 1.065 1.079 1.081 1.076 1.075 1.071 1.054 1.053 1.064 1.089 1.099 1.099 1.085 1.078 1.068 1.082 1.069 1.054 1.042 1.029 1.021 1.036 1.038 0.983 0.962 0.951 0.98 1.005 1.021 1.034 1.027 1.016 1.007 0.993 0.961 0.931 0.992
0.941 0.934 0.922 0.906 0.909 0.87 0.906 0.835 0.827 0.905 0.872 0.857 0.859 0.897 0.866 0.88 0.935 0.952 0.965 0.994 1.027 1.043 0.994 1 1.024 1.028 1.03 1.034 1.045 1.032 1.033 1.024 0.966 0.955 1.027 1.061 1.063 1.044 1.025 1.004 1.007 1.041 1.065 1.078 1.078 1.078 1.08 1.075 1.068 1.078 1.094 1.097 1.089 1.069 1.058 1.069 1.079 1.071 1.04 1.037 1.026 1.041 1.029 0.994 0.956 0.952 0.992 0.977 0.976 1.01 0.995 1.002 1.004 1.005 0.981 0.971 0.966
0.921 0.928 0.921 0.885 0.882 0.822 0.832 0.812 0.817 0.845 0.829 0.88 0.876 0.894 0.853 0.883 0.936 0.915 0.915 0.961 1.003 1.041 0.987 0.953 0.997 1.023 1.026 1.032 1.046 1.041 1.03 1.03 0.995 0.932 0.966 1.032 1.069 1.074 1.073 1.05 1.029 1.011 1.015 1.051 1.068 1.083 1.083 1.093 1.093 1.084 1.085 1.095 1.095 1.079 1.067 1.075 1.087 1.075 1.057 1.049 1.029 1.038 1.026 1.016 0.985 0.975 0.97 0.966 0.939 0.978 0.969 0.944 0.984 0.997 0.955 0.931 0.915
0.917 0.918 0.904 0.835 0.818 0.792 0.766 0.809 0.857 0.856 0.845 0.907 0.948 0.943 0.907 0.917 0.921 0.919 0.94 0.987 1.012 1.04 1.011 0.981 0.972 1.001 1.025 1.028 1.039 1.063 1.045 1.031 1.022 0.973 0.925 0.966 1.048 1.077 1.093 1.094 1.078 1.057 1.068 1.021 1.027 1.044 1.057 1.08 1.086 1.089 1.094 1.105 1.101 1.084 1.081 1.085 1.089 1.075 1.052 1.044 1.041 1.038 1.026 1.027 1.009 0.995 0.963 0.944 0.929 0.969 0.961 0.921 0.958 0.999 0.962 0.93 0.925
0.865 0.899 0.899 0.842 0.778 0.824 0.813 0.852 0.917 0.931 0.937 0.947 0.979 0.994 0.993 0.996 0.998 1.007 1.011 1.029 1.033 1.036 1.031 1.026 1.013 1.01 1.016 1.018 1.038 1.066 1.064 1.048 1.046 1.009 0.947 0.933 0.986 1.062 1.087 1.097 1.103 1.099 1.102 1.097 1.078 1.072 1.05 1.055 1.063 1.087 1.092 1.096 1.1 1.097 1.093 1.09 1.093 1.091 1.067 1.047 1.045 1.036 1.023 1.033 1.023 1.008 0.981 0.926 0.948 0.944 0.95 0.921 0.935 0.975 0.976 0.927 0.937
0.773 0.872 0.834 0.805 0.801 0.848 0.874 0.858 0.911 0.969 0.968 0.962 0.992 1.018 1.019 1.024 1.024 1.023 1.026 1.032 1.024 1.025 1.031 1.02 1.02 1.021 0.982 0.967 0.984 1.012 1.054 1.072 1.063 1.052 0.978 0.919 0.929 1.014 1.072 1.094 1.098 1.1 1.109 1.111 1.112 1.111 1.091 1.072 1.05 1.076 1.08 1.061 1.076 1.09 1.095 1.094 1.094 1.094 1.083 1.065 1.059 1.04 1.022 1.024 1.033 1.019 0.996 0.956 0.959 0.911 0.913 0.899 0.912 0.969 0.939 0.902 0.895
0.804 0.833 0.79 0.837 0.894 0.892 0.931 0.946 0.956 0.997 1.002 1.002 1.015 1.017 1.025 1.018 1.015 1.015 1.02 1.02 1.015 1.019 1.02 1.009 1.016 1.03 1.006 0.977 0.989 0.975 1.017 1.067 1.07 1.054 1.013 0.939 0.905 0.972 1.046 1.077 1.09 1.102 1.09 1.087 1.104 1.117 1.117 1.114 1.107 1.097 1.073 1.006 1.013 1.051 1.076 1.093 1.092 1.091 1.089 1.082 1.074 1.057 1.04 1.018 1.019 1.028 1.013 0.99 0.957 0.904 0.881 0.871 0.915 0.962 0.952 0.899 0.88
0.824 0.787 0.788 0.87 0.945 0.966 0.972 0.962 0.952 1.003 1.015 1.014 1.003 1.005 1.013 1.015 1.009 1.011 1.019 1.01 1.016 1.014 1.02 1 0.999 1.021 1.03 1.017 1 0.982 1.008 1.058 1.076 1.073 1.045 0.972 0.909 0.956 1.031 1.056 1.065 1.093 1.046 1.036 1.065 1.104 1.119 1.12 1.118 1.117 1.086 1.022 0.998 1.003 1.024 1.06 1.088 1.094 1.089 1.083 1.082 1.067 1.051 1.033 1.006 1.024 1.019 1.011 0.979 0.925 0.901 0.907 0.942 0.928 0.953 0.864 0.831
0.833 0.819 0.89 0.96 0.968 0.989 0.987 0.955 0.963 1.009 0.995 0.983 0.978 0.994 0.999 1.011 0.999 0.995 1.003 0.983 1.014 1.005 1.013 1.001 0.977 1.006 1.027 1.035 1.014 0.981 1.009 1.051 1.075 1.09 1.073 1.014 0.956 0.974 1.028 1.04 1.05 1.08 1.048 1.015 1.02 1.074 1.108 1.117 1.118 1.119 1.108 1.071 1.02 0.976 0.971 1.007 1.042 1.082 1.091 1.089 1.083 1.078 1.063 1.046 1.017 0.997 1.01 1.019 1.003 0.966 0.953 0.944 0.918 0.888 0.933 0.935 0.896
0.931 0.931 0.954 0.981 0.989 1 0.991 0.994 1.007 1.004 0.969 0.978 0.989 0.993 0.998 1.004 0.997 0.974 0.978 0.975 1.009 1.002 0.994 0.983 0.977 0.982 1.018 1.033 1.041 1.006 1.01 1.036 1.064 1.088 1.093 1.057 1 1.009 1.02 1.004 1.04 1.066 1.055 1.032 1.001 1.004 1.055 1.101 1.118 1.122 1.125 1.1 1.056 0.997 0.978 0.972 0.996 1.028 1.081 1.094 1.089 1.077 1.072 1.059 1.044 1.008 1.003 1.019 1.014 0.995 0.954 0.936 0.888 0.823 0.889 0.904 0.893
0.933 0.981 1 0.997 1.004 1.007 1.01 1.01 1.007 0.989 0.96 0.98 0.999 1.002 0.98 0.972 0.995 0.983 0.962 0.953 0.996 0.998 0.99 0.964 0.952 0.936 0.999 1.032 1.041 1.039 1.023 1.023 1.049 1.07 1.095 1.086 1.03 1.014 0.992 0.967 1.006 1.05 1.068 1.044 1.018 0.965 0.974 1.072 1.111 1.121 1.131 1.113 1.082 1.032 0.998 0.964 0.965 0.989 1.038 1.09 1.093 1.08 1.077 1.064 1.044 1.026 0.999 1.009 1.015 1.007 0.939 0.891 0.853 0.821 0.887 0.831 0.801
0.959 0.992 0.993 0.978 0.991 1 1.005 1.001 0.992 0.974 0.957 0.989 0.997 0.994 0.94 0.939 0.963 0.995 0.975 0.954 0.975 1.002 1.002 0.987 0.953 0.9 0.95 1.009 1.036 1.044 1.04 1.03 1.036 1.047 1.081 1.093 1.062 1.018 0.996 0.967 1.001 1.033 1.059 1.041 1.036 1.012 0.943 1.023 1.103 1.118 1.135 1.128 1.095 1.04 0.998 0.979 0.951 0.95 0.99 1.068 1.089 1.085 1.078 1.064 1.05 1.03 1 0.998 1.014 1.014 0.982 0.905 0.839 0.841 0.855 0.817 0.769
0.988 0.985 0.986 0.957 0.939 0.943 0.96 0.96 0.969 0.968 0.961 0.992 0.994 0.986 0.933 0.929 0.935 0.981 0.972 0.94 0.948 0.99 1.005 1.002 0.961 0.899 0.906 0.983 1.021 1.029 1.047 1.047 1.04 1.038 1.06 1.09 1.086 1.041 1.012 0.991 1 1.009 1.033 1.013 1.047 1.016 0.979 0.967 1.093 1.105 1.133 1.133 1.111 1.043 0.98 0.963 0.954 0.911 0.943 1.031 1.078 1.092 1.084 1.073 1.053 1.031 1.007 1.006 1.01 1.009 0.996 0.952 0.901 0.883 0.862 0.791 0.776
0.945 0.965 0.967 0.923 0.898 0.889 0.909 0.928 0.957 0.962 0.96 0.988 0.988 0.981 0.943 0.918 0.925 0.974 0.965 0.935 0.934 0.964 0.997 1.004 0.987 0.942 0.915 0.96 1.004 1.005 1.023 1.049 1.052 1.045 1.051 1.081 1.102 1.088 1.045 1.011 0.999 1.001 1.007 0.99 1.047 1.013 0.991 0.987 1.084 1.091 1.106 1.134 1.129 1.06 1.015 0.993 0.964 0.923 0.929 0.981 1.043 1.081 1.087 1.081 1.076 1.039 1.015 1.008 1.008 1.008 1.002 0.978 0.923 0.868 0.832 0.803 0.719
0.876 0.981 0.974 0.952 0.938 0.94 0.94 0.946 0.956 0.949 0.959 0.98 0.98 0.981 0.948 0.918 0.907 0.962 0.949 0.947 0.937 0.94 0.961 1.003 1.006 0.979 0.945 0.962 0.973 0.987 0.986 1.02 1.057 1.056 1.047 1.061 1.096 1.111 1.076 1.036 1.009 1.003 0.977 1.011 1.046 1.005 0.997 0.964 1.09 1.089 1.086 1.132 1.131 1.1 1.046 0.983 0.967 0.949 0.915 0.936 0.999 1.055 1.077 1.079 1.077 1.051 1.03 1.008 1.001 1.004 1.005 0.994 0.942 0.876 0.825 0.778 0.674
0.929 0.994 0.987 0.983 0.972 0.963 0.937 0.926 0.915 0.918 0.946 0.964 0.96 0.97 0.938 0.91 0.924 0.972 0.954 0.923 0.896 0.909 0.931 0.99 1.014 1.002 0.972 0.981 0.961 0.95 0.977 0.985 1.047 1.057 1.055 1.057 1.086 1.115 1.102 1.058 1.046 1.012 1.014 1.057 1.025 0.992 1.009 0.926 1.046 1.089 1.077 1.121 1.131 1.121 1.061 0.99 0.94 0.922 0.867 0.872 0.969 1.019 1.05 1.069 1.076 1.057 1.047 1.018 1.004 1 1.001 1.001 0.973 0.917 0.868 0.787 0.67
0.985 0.992 0.986 0.987 0.979 0.957 0.921 0.905 0.892 0.916 0.938 0.95 0.957 0.959 0.935 0.907 0.91 0.961 0.97 0.932 0.888 0.866 0.893 0.933 1.006 1.017 0.99 0.977 0.952 0.92 0.94 0.958 1.027 1.059 1.067 1.067 1.083 1.111 1.112 1.089 1.069 1.038 1.058 1.033 0.985 0.979 0.984 0.897 1.017 1.068 1.057 1.097 1.132 1.13 1.089 1.013 0.96 0.918 0.854 0.831 0.916 0.999 1.028 1.053 1.062 1.064 1.064 1.033 1.016 0.997 0.994 0.99 0.983 0.956 0.897 0.788 0.644
0.963 0.977 0.973 0.98 0.978 0.963 0.925 0.906 0.877 0.902 0.933 0.923 0.966 0.939 0.941 0.942 0.913 0.933 0.972 0.968 0.926 0.893 0.864 0.885 0.982 1.024 0.997 0.976 0.941 0.895 0.905 0.944 1.01 1.047 1.064 1.062 1.087 1.115 1.115 1.101 1.076 1.07 1.073 1.048 0.99 0.949 0.97 0.87 0.966 1.049 1.059 1.066 1.109 1.126 1.115 1.054 1.002 0.956 0.907 0.848 0.866 0.959 1.009 1.043 1.041 1.041 1.048 1.04 1.02 1.003 0.994 0.993 0.989 0.978 0.93 0.804 0.698
0.948 0.955 0.961 0.96 0.978 0.965 0.923 0.879 0.879 0.915 0.933 0.907 0.957 0.963 0.911 0.922 0.931 0.92 0.937 0.964 0.965 0.937 0.892 0.872 0.98 1.025 1.012 0.967 0.938 0.898 0.876 0.923 0.97 1.023 1.056 1.057 1.077 1.111 1.12 1.111 1.087 1.066 1.073 1.063 1.003 0.963 0.945 0.871 0.906 1.005 1.056 1.037 1.075 1.118 1.121 1.099 1.051 1.011 0.977 0.929 0.898 0.917 0.977 1.022 1.03 1.014 1.022 1.027 1.017 1.006 0.997 1.006 1.005 0.997 0.968 0.876 0.827
0.938 0.961 0.958 0.951 0.977 0.97 0.932 0.9 0.872 0.924 0.911 0.882 0.931 0.956 0.92 0.886 0.91 0.916 0.884 0.929 0.966 0.953 0.883 0.854 0.96 1.024 1.019 0.967 0.926 0.898 0.857 0.886 0.944 0.989 1.041 1.057 1.075 1.114 1.118 1.116 1.096 1.067 1.069 1.059 1.026 0.95 0.932 0.94 0.88 0.923 1.017 1.029 1.031 1.104 1.115 1.113 1.093 1.065 1.042 1.014 0.986 0.95 0.939 0.981 1.004 0.996 1.004 1.009 1.003 1.007 1.002 1.014 1.02 1.016 0.995 0.961 0.927
0.933 0.962 0.946 0.936 0.951 0.969 0.954 0.899 0.864 0.905 0.876 0.859 0.927 0.967 0.93 0.875 0.872 0.902 0.873 0.901 0.946 0.97 0.952 0.908 0.959 1.013 1.023 0.988 0.924 0.899 0.859 0.853 0.91 0.957 1.012 1.05 1.059 1.105 1.117 1.118 1.106 1.084 1.068 1.054 1.033 0.973 0.937 0.953 0.912 0.881 0.945 1.019 0.987 1.059 1.109 1.113 1.108 1.1 1.092 1.079 1.057 1.025 0.97 0.951 0.966 0.979 0.984 1.01 0.998 0.996 1.003 1.01 1.02 1.03 1.011 0.974 0.914
0.939 0.96 0.938 0.918 0.932 0.962 0.967 0.928 0.875 0.884 0.894 0.861 0.926 0.967 0.933 0.885 0.866 0.877 0.866 0.873 0.917 0.948 0.969 0.966 0.947 0.994 1.027 1.005 0.942 0.904 0.863 0.827 0.869 0.932 0.983 1.028 1.051 1.091 1.114 1.116 1.107 1.09 1.083 1.062 1.028 0.985 0.981 0.977 0.949 0.913 0.871 0.975 0.986 0.984 1.064 1.089 1.103 1.104 1.099 1.099 1.091 1.077 1.035 0.981 0.943 0.963 0.983 1.011 1.013 1.013 1.007 1.009 1.026 1.042 1.035 0.998 0.943
0.915 0.936 0.935 0.92 0.922 0.943 0.967 0.95 0.924 0.88 0.867 0.865 0.919 0.965 0.944 0.888 0.851 0.825 0.865 0.869 0.862 0.881 0.949 0.961 0.925 0.949 1.017 1.019 0.965 0.916 0.87 0.819 0.828 0.892 0.956 1 1.04 1.074 1.108 1.116 1.112 1.088 1.083 1.076 1.052 0.999 1.001 0.99 0.979 0.961 0.861 0.885 0.987 0.964 0.976 1.032 1.064 1.072 1.082 1.098 1.096 1.088 1.08 1.053 1.016 0.996 1.003 1.02 1.04 1.037 1.017 1.016 1.034 1.042 1.043 1.029 1.02
