data/climatemaps/RS_maps/climate_winter_pr_2009.asc
NCOLS 369 
NROWS 228 
XLLCORNER 479000 
YLLCORNER 73000 
CELLSIZE 1000 
NODATA_value -9 
[rows 0 to 32 of 228, columns 150 to 224 of 369]
-9 -9 -9 -9 -9 -9 -9 -9 -9 -9 -9 -9 -9 -9 -9 -9 -9 -9 -9 -9 -9 -9 -9 -9 -9 -9 -9 -9 -9 -9 -9 -9 -9 -9 -9 -9 -9 -9 -9 -9 -0.034 -0.079 -0.132 -0.188 -0.239 -0.295 -0.337 -0.368 -0.395 -0.408 -0.425 -0.403 -0.394 -0.401 -0.419 -0.437 -0.462 -0.488 -0.518 -0.55 -0.589 -0.63 -0.668 -0.702 -0.727 -0.741 -0.75 -0.764 -0.792 -0.837 -0.893 -0.937 -0.966 -0.974 -0.968
-9 -9 -9 -9 -9 -9 -9 -9 -9 -9 -9 -9 -9 -9 -9 -9 -9 -9 -9 -9 -9 -9 -9 -9 -9 -9 -9 -9 -9 -9 -9 -9 -9 -9 -9 -9 -9 -9 -9 0.004 -0.023 -0.061 -0.109 -0.145 -0.183 -0.237 -0.292 -0.34 -0.386 -0.427 -0.445 -0.421 -0.413 -0.414 -0.422 -0.434 -0.452 -0.475 -0.509 -0.544 -0.585 -0.629 -0.671 -0.709 -0.739 -0.758 -0.771 -0.783 -0.806 -0.844 -0.896 -0.937 -0.969 -0.985 -0.986
-9 -9 -9 -9 -9 -9 -9 -9 -9 -9 -9 -9 -9 -9 -9 -9 -9 -9 -9 -9 -9 -9 -9 -9 -9 -9 -9 -9 -9 -9 -9 -9 -9 -9 -9 -9 -9 -9 -9 0.051 0.018 -0.009 -0.043 -0.077 -0.121 -0.169 -0.221 -0.278 -0.343 -0.403 -0.444 -0.435 -0.421 -0.423 -0.422 -0.425 -0.439 -0.459 -0.495 -0.534 -0.58 -0.631 -0.679 -0.723 -0.759 -0.781 -0.795 -0.806 -0.822 -0.855 -0.897 -0.933 -0.963 -0.983 -0.993
-9 -9 -9 -9 -9 -9 -9 -9 -9 -9 -9 -9 -9 -9 -9 -9 -9 -9 -9 -9 -9 -9 -9 -9 -9 -9 -9 -9 -9 -9 -9 -9 -9 -9 -9 -9 -9 -9 0.137 0.112 0.088 0.063 0.03 -0.01 -0.056 -0.107 -0.167 -0.234 -0.298 -0.36 -0.419 -0.435 -0.428 -0.434 -0.423 -0.414 -0.422 -0.442 -0.478 -0.523 -0.578 -0.635 -0.689 -0.739 -0.781 -0.807 -0.823 -0.834 -0.845 -0.865 -0.89 -0.917 -0.945 -0.968 -0.985
-9 -9 -9 -9 -9 -9 -9 -9 -9 -9 -9 -9 -9 -9 -9 -9 -9 -9 -9 -9 -9 -9 -9 -9 -9 -9 -9 -9 -9 -9 -9 -9 -9 -9 -9 -9 -9 0.232 0.18 0.155 0.137 0.114 0.084 0.041 -0.009 -0.068 -0.135 -0.213 -0.275 -0.339 -0.395 -0.434 -0.441 -0.441 -0.416 -0.401 -0.403 -0.422 -0.459 -0.511 -0.573 -0.636 -0.697 -0.755 -0.803 -0.832 -0.85 -0.86 -0.861 -0.862 -0.87 -0.883 -0.908 -0.935 -0.962
-9 -9 -9 -9 -9 -9 -9 -9 -9 -9 -9 -9 -9 -9 -9 -9 -9 -9 -9 -9 -9 -9 -9 -9 -9 -9 -9 -9 -9 -9 -9 -9 -9 -9 -9 -9 -9 0.27 0.209 0.178 0.16 0.135 0.104 0.059 0.009 -0.055 -0.123 -0.201 -0.275 -0.336 -0.391 -0.425 -0.441 -0.425 -0.393 -0.382 -0.383 -0.402 -0.441 -0.497 -0.563 -0.63 -0.699 -0.762 -0.818 -0.855 -0.876 -0.88 -0.862 -0.844 -0.841 -0.844 -0.861 -0.886 -0.923
-9 -9 -9 -9 -9 -9 -9 -9 -9 -9 -9 -9 -9 -9 -9 -9 -9 -9 -9 -9 -9 -9 -9 -9 -9 -9 -9 -9 -9 -9 -9 -9 -9 -9 -9 -9 0.39 0.297 0.231 0.186 0.163 0.128 0.096 0.054 0.002 -0.066 -0.131 -0.207 -0.276 -0.348 -0.391 -0.417 -0.425 -0.405 -0.37 -0.36 -0.363 -0.382 -0.424 -0.479 -0.547 -0.615 -0.686 -0.757 -0.822 -0.868 -0.891 -0.886 -0.855 -0.828 -0.812 -0.812 -0.82 -0.843 -0.881
-9 -9 -9 -9 -9 -9 -9 -9 -9 -9 -9 -9 -9 -9 -9 -9 -9 -9 -9 -9 -9 -9 -9 -9 -9 -9 -9 -9 -9 -9 -9 -9 -9 -9 -9 0.525 0.418 0.317 0.248 0.194 0.16 0.12 0.073 0.043 -0.015 -0.087 -0.156 -0.233 -0.289 -0.353 -0.397 -0.407 -0.401 -0.382 -0.346 -0.327 -0.334 -0.358 -0.403 -0.463 -0.529 -0.596 -0.664 -0.737 -0.806 -0.86 -0.889 -0.883 -0.852 -0.818 -0.793 -0.787 -0.792 -0.812 -0.851
-9 -9 -9 -9 -9 -9 -9 -9 -9 -9 -9 -9 -9 -9 -9 -9 -9 -9 -9 -9 -9 -9 -9 -9 -9 -9 -9 -9 -9 -9 -9 -9 -9 -9 0.628 0.531 0.431 0.327 0.254 0.205 0.169 0.126 0.071 0.023 -0.04 -0.111 -0.184 -0.26 -0.315 -0.369 -0.391 -0.381 -0.383 -0.366 -0.333 -0.302 -0.306 -0.332 -0.383 -0.447 -0.505 -0.566 -0.629 -0.702 -0.773 -0.833 -0.872 -0.875 -0.85 -0.816 -0.791 -0.781 -0.783 -0.798 -0.836
-9 -9 -9 -9 -9 -9 -9 -9 -9 -9 -9 -9 -9 -9 -9 -9 -9 -9 -9 -9 -9 -9 -9 -9 -9 -9 -9 -9 -9 -9 -9 -9 -9 -9 0.624 0.538 0.44 0.337 0.253 0.209 0.173 0.134 0.101 0.055 -0.01 -0.085 -0.162 -0.248 -0.331 -0.372 -0.379 -0.38 -0.372 -0.353 -0.312 -0.28 -0.287 -0.32 -0.373 -0.43 -0.485 -0.538 -0.59 -0.658 -0.733 -0.798 -0.847 -0.863 -0.849 -0.82 -0.8 -0.791 -0.789 -0.798 -0.829
-9 -9 -9 -9 -9 -9 -9 -9 -9 -9 -9 -9 -9 -9 -9 -9 -9 -9 -9 -9 -9 -9 -9 -9 -9 -9 -9 -9 -9 -9 -9 -9 -9 0.668 0.614 0.536 0.45 0.352 0.255 0.196 0.17 0.143 0.11 0.064 -0.002 -0.08 -0.161 -0.251 -0.33 -0.36 -0.379 -0.371 -0.349 -0.319 -0.277 -0.256 -0.268 -0.302 -0.365 -0.419 -0.473 -0.522 -0.567 -0.624 -0.699 -0.768 -0.82 -0.843 -0.844 -0.826 -0.808 -0.799 -0.799 -0.807 -0.832
-9 -9 -9 -9 -9 -9 -9 -9 -9 -9 -9 -9 -9 -9 -9 -9 -9 -9 -9 -9 -9 -9 -9 -9 -9 -9 -9 -9 -9 -9 -9 -9 0.674 0.639 0.584 0.515 0.439 0.352 0.257 0.197 0.166 0.143 0.11 0.065 0.003 -0.089 -0.173 -0.264 -0.322 -0.358 -0.363 -0.344 -0.31 -0.273 -0.248 -0.236 -0.25 -0.286 -0.347 -0.413 -0.468 -0.517 -0.562 -0.614 -0.682 -0.75 -0.8 -0.824 -0.831 -0.821 -0.805 -0.798 -0.806 -0.816 -0.838
-9 -9 -9 -9 -9 -9 -9 -9 -9 -9 -9 -9 -9 -9 -9 -9 -9 -9 -9 -9 -9 -9 -9 -9 -9 -9 -9 -9 -9 -9 -9 -9 0.616 0.594 0.553 0.489 0.419 0.344 0.259 0.197 0.169 0.133 0.095 0.052 -0.009 -0.096 -0.2 -0.263 -0.317 -0.345 -0.342 -0.324 -0.285 -0.246 -0.225 -0.224 -0.238 -0.276 -0.334 -0.41 -0.47 -0.525 -0.571 -0.623 -0.682 -0.739 -0.785 -0.81 -0.818 -0.812 -0.8 -0.798 -0.808 -0.821 -0.838
-9 -9 -9 -9 -9 -9 -9 -9 -9 -9 -9 -9 -9 -9 -9 -9 -9 -9 -9 -9 -9 -9 -9 -9 -9 -9 -9 -9 -9 -9 -9 -9 0.552 0.537 0.506 0.454 0.384 0.324 0.249 0.19 0.16 0.112 0.07 0.031 -0.034 -0.116 -0.206 -0.25 -0.299 -0.331 -0.332 -0.309 -0.271 -0.237 -0.225 -0.228 -0.245 -0.283 -0.339 -0.416 -0.484 -0.542 -0.594 -0.645 -0.69 -0.735 -0.772 -0.794 -0.803 -0.799 -0.793 -0.792 -0.802 -0.817 -0.837
-9 -9 -9 -9 -9 -9 -9 -9 -9 -9 -9 -9 -9 -9 -9 -9 -9 -9 -9 -9 -9 -9 -9 -9 -9 -9 0.753 0.715 0.63 0.578 0.53 0.487 0.481 0.466 0.443 0.399 0.338 0.284 0.218 0.158 0.135 0.074 0.046 -0.004 -0.078 -0.149 -0.218 -0.252 -0.287 -0.325 -0.333 -0.318 -0.289 -0.255 -0.242 -0.248 -0.263 -0.302 -0.357 -0.431 -0.505 -0.57 -0.625 -0.669 -0.703 -0.74 -0.77 -0.782 -0.784 -0.782 -0.777 -0.777 -0.787 -0.807 -0.83
-9 -9 -9 -9 -9 -9 -9 -9 -9 -9 -9 -9 -9 -9 -9 -9 -9 -9 -9 -9 -9 -9 0.834 0.778 0.753 0.733 0.725 0.69 0.617 0.516 0.484 0.433 0.411 0.393 0.371 0.335 0.285 0.238 0.175 0.124 0.101 0.034 0.014 -0.047 -0.128 -0.185 -0.224 -0.261 -0.306 -0.338 -0.349 -0.347 -0.319 -0.285 -0.274 -0.285 -0.298 -0.336 -0.389 -0.458 -0.533 -0.599 -0.65 -0.686 -0.717 -0.749 -0.773 -0.776 -0.771 -0.762 -0.758 -0.757 -0.771 -0.795 -0.818
-9 -9 -9 -9 -9 -9 -9 -9 -9 -9 -9 -9 -9 -9 -9 -9 -9 -9 -9 -9 -9 0.888 0.78 0.749 0.715 0.698 0.687 0.648 0.583 0.465 0.426 0.381 0.345 0.322 0.306 0.273 0.236 0.195 0.125 0.093 0.068 -0.004 -0.034 -0.1 -0.165 -0.201 -0.237 -0.286 -0.34 -0.367 -0.378 -0.378 -0.358 -0.332 -0.322 -0.331 -0.35 -0.386 -0.436 -0.501 -0.568 -0.624 -0.664 -0.693 -0.721 -0.75 -0.772 -0.776 -0.769 -0.757 -0.746 -0.741 -0.752 -0.783 -0.806
-9 -9 -9 -9 -9 -9 -9 -9 -9 -9 -9 -9 -9 -9 -9 -9 -9 -9 -9 0.979 0.906 0.821 0.726 0.699 0.672 0.658 0.638 0.603 0.536 0.438 0.361 0.322 0.29 0.258 0.242 0.221 0.193 0.139 0.079 0.063 0.031 -0.029 -0.091 -0.148 -0.184 -0.218 -0.27 -0.328 -0.373 -0.398 -0.409 -0.406 -0.392 -0.378 -0.376 -0.39 -0.415 -0.449 -0.492 -0.55 -0.605 -0.644 -0.669 -0.69 -0.712 -0.737 -0.761 -0.774 -0.777 -0.768 -0.754 -0.749 -0.753 -0.774 -0.796
0.759 0.771 0.852 0.918 0.972 1.026 1.078 1.117 -9 -9 -9 -9 -9 -9 -9 -9 -9 -9 0.993 0.918 0.832 0.75 0.661 0.641 0.627 0.619 0.598 0.563 0.5 0.428 0.33 0.262 0.222 0.199 0.194 0.182 0.14 0.08 0.054 0.027 -0.014 -0.067 -0.134 -0.17 -0.199 -0.239 -0.308 -0.364 -0.401 -0.423 -0.428 -0.42 -0.403 -0.392 -0.402 -0.424 -0.455 -0.496 -0.541 -0.596 -0.632 -0.65 -0.665 -0.674 -0.686 -0.709 -0.736 -0.758 -0.772 -0.774 -0.769 -0.762 -0.76 -0.77 -0.784
0.7 0.716 0.795 0.867 0.933 0.987 1.054 1.094 1.104 1.103 1.1 1.105 -9 -9 -9 -9 1.065 1.013 0.944 0.851 0.763 0.676 0.604 0.587 0.579 0.575 0.564 0.531 0.474 0.399 0.316 0.218 0.163 0.165 0.162 0.138 0.082 0.034 0.018 -0.019 -0.065 -0.126 -0.163 -0.184 -0.219 -0.277 -0.345 -0.392 -0.421 -0.43 -0.423 -0.399 -0.378 -0.364 -0.379 -0.412 -0.46 -0.521 -0.58 -0.628 -0.649 -0.647 -0.642 -0.638 -0.646 -0.668 -0.695 -0.721 -0.748 -0.761 -0.763 -0.758 -0.755 -0.761 -0.766
0.64 0.66 0.727 0.79 0.86 0.921 0.998 1.038 1.061 1.083 1.104 1.109 1.102 -9 -9 1.061 1.035 0.978 0.898 0.793 0.699 0.603 0.555 0.535 0.532 0.532 0.517 0.482 0.43 0.358 0.29 0.187 0.125 0.13 0.117 0.088 0.028 -0.023 -0.038 -0.077 -0.122 -0.176 -0.19 -0.206 -0.255 -0.318 -0.375 -0.416 -0.436 -0.426 -0.398 -0.364 -0.342 -0.336 -0.352 -0.393 -0.456 -0.532 -0.6 -0.646 -0.662 -0.653 -0.63 -0.606 -0.602 -0.623 -0.649 -0.679 -0.714 -0.736 -0.745 -0.742 -0.74 -0.74 -0.739
0.597 0.618 0.67 0.719 0.776 0.836 0.916 0.961 1.02 1.067 1.101 1.108 1.098 1.079 1.052 1.029 0.99 0.93 0.849 0.74 0.632 0.547 0.508 0.482 0.485 0.492 0.474 0.443 0.386 0.302 0.238 0.14 0.091 0.082 0.052 0.024 -0.031 -0.086 -0.11 -0.15 -0.193 -0.215 -0.214 -0.23 -0.288 -0.348 -0.397 -0.434 -0.448 -0.43 -0.384 -0.342 -0.317 -0.31 -0.33 -0.377 -0.449 -0.53 -0.605 -0.655 -0.674 -0.662 -0.626 -0.592 -0.576 -0.59 -0.613 -0.642 -0.678 -0.704 -0.723 -0.733 -0.727 -0.712 -0.702
0.559 0.588 0.631 0.662 0.694 0.742 0.817 0.876 0.966 1.038 1.083 1.1 1.089 1.055 1.021 0.982 0.935 0.873 0.789 0.68 0.569 0.5 0.453 0.433 0.436 0.447 0.424 0.378 0.334 0.263 0.172 0.075 0.036 0.013 -0.032 -0.053 -0.11 -0.158 -0.184 -0.228 -0.255 -0.244 -0.237 -0.273 -0.321 -0.368 -0.411 -0.438 -0.433 -0.415 -0.368 -0.329 -0.308 -0.304 -0.328 -0.38 -0.449 -0.528 -0.606 -0.66 -0.682 -0.673 -0.639 -0.598 -0.572 -0.574 -0.59 -0.615 -0.645 -0.672 -0.699 -0.714 -0.702 -0.677 -0.657
0.526 0.564 0.599 0.616 0.628 0.655 0.711 0.799 0.899 0.987 1.049 1.076 1.06 1.019 0.974 0.926 0.873 0.809 0.724 0.613 0.515 0.447 0.399 0.383 0.392 0.378 0.355 0.313 0.243 0.196 0.115 0.003 -0.038 -0.085 -0.129 -0.163 -0.207 -0.238 -0.263 -0.297 -0.298 -0.27 -0.276 -0.311 -0.341 -0.376 -0.411 -0.424 -0.398 -0.377 -0.351 -0.329 -0.317 -0.317 -0.341 -0.39 -0.454 -0.531 -0.609 -0.663 -0.687 -0.682 -0.657 -0.62 -0.59 -0.578 -0.584 -0.6 -0.623 -0.648 -0.676 -0.694 -0.684 -0.655 -0.627
0.51 0.542 0.567 0.578 0.577 0.58 0.619 0.731 0.844 0.932 0.997 1.026 1.015 0.968 0.92 0.865 0.81 0.742 0.657 0.555 0.455 0.386 0.355 0.335 0.309 0.298 0.248 0.225 0.147 0.102 0.03 -0.077 -0.144 -0.198 -0.24 -0.273 -0.299 -0.313 -0.335 -0.345 -0.33 -0.307 -0.302 -0.326 -0.343 -0.368 -0.394 -0.387 -0.38 -0.36 -0.341 -0.33 -0.327 -0.342 -0.365 -0.403 -0.467 -0.541 -0.614 -0.666 -0.691 -0.69 -0.672 -0.646 -0.622 -0.606 -0.602 -0.609 -0.622 -0.639 -0.662 -0.68 -0.678 -0.655 -0.622
0.483 0.51 0.526 0.533 0.528 0.513 0.539 0.649 0.774 0.866 0.933 0.963 0.944 0.898 0.852 0.797 0.74 0.675 0.591 0.486 0.396 0.334 0.293 0.248 0.208 0.19 0.134 0.099 0.032 -0.037 -0.087 -0.161 -0.235 -0.285 -0.312 -0.343 -0.362 -0.375 -0.384 -0.374 -0.36 -0.341 -0.33 -0.328 -0.334 -0.345 -0.356 -0.357 -0.361 -0.359 -0.358 -0.355 -0.362 -0.375 -0.396 -0.432 -0.492 -0.557 -0.622 -0.67 -0.696 -0.698 -0.685 -0.667 -0.651 -0.638 -0.634 -0.636 -0.638 -0.645 -0.657 -0.674 -0.677 -0.663 -0.638
0.434 0.459 0.468 0.476 0.474 0.448 0.459 0.551 0.682 0.784 0.854 0.886 0.871 0.819 0.764 0.718 0.669 0.611 0.541 0.437 0.353 0.273 0.199 0.136 0.097 0.059 0.006 -0.06 -0.123 -0.173 -0.202 -0.267 -0.314 -0.349 -0.375 -0.386 -0.393 -0.404 -0.41 -0.401 -0.381 -0.357 -0.333 -0.319 -0.305 -0.303 -0.323 -0.351 -0.363 -0.374 -0.387 -0.399 -0.415 -0.431 -0.447 -0.471 -0.519 -0.577 -0.633 -0.674 -0.699 -0.702 -0.694 -0.683 -0.672 -0.665 -0.665 -0.665 -0.663 -0.66 -0.662 -0.671 -0.676 -0.669 -0.659
0.365 0.388 0.39 0.395 0.396 0.373 0.365 0.441 0.569 0.682 0.76 0.795 0.785 0.737 0.679 0.621 0.573 0.53 0.463 0.372 0.275 0.188 0.106 0.043 -0.006 -0.06 -0.116 -0.166 -0.207 -0.262 -0.303 -0.344 -0.369 -0.398 -0.418 -0.426 -0.408 -0.401 -0.417 -0.402 -0.376 -0.341 -0.31 -0.292 -0.28 -0.296 -0.311 -0.347 -0.371 -0.4 -0.429 -0.457 -0.479 -0.492 -0.499 -0.509 -0.544 -0.593 -0.64 -0.676 -0.696 -0.701 -0.699 -0.694 -0.687 -0.684 -0.687 -0.688 -0.683 -0.68 -0.678 -0.679 -0.68 -0.675 -0.673
0.268 0.291 0.292 0.284 0.283 0.274 0.259 0.32 0.44 0.56 0.644 0.688 0.681 0.641 0.591 0.531 0.476 0.432 0.369 0.274 0.186 0.097 0.017 -0.051 -0.109 -0.152 -0.188 -0.223 -0.252 -0.309 -0.356 -0.382 -0.392 -0.407 -0.434 -0.443 -0.437 -0.417 -0.411 -0.385 -0.349 -0.307 -0.28 -0.283 -0.298 -0.317 -0.345 -0.379 -0.411 -0.448 -0.488 -0.519 -0.534 -0.54 -0.54 -0.545 -0.568 -0.604 -0.641 -0.671 -0.688 -0.694 -0.694 -0.691 -0.688 -0.689 -0.696 -0.7 -0.701 -0.702 -0.702 -0.701 -0.697 -0.692 -0.689
0.159 0.172 0.175 0.171 0.166 0.16 0.149 0.203 0.311 0.425 0.514 0.56 0.56 0.523 0.48 0.423 0.365 0.309 0.252 0.171 0.083 -0.001 -0.073 -0.133 -0.171 -0.198 -0.223 -0.244 -0.28 -0.334 -0.379 -0.401 -0.398 -0.396 -0.425 -0.442 -0.442 -0.434 -0.41 -0.374 -0.335 -0.308 -0.297 -0.319 -0.34 -0.364 -0.407 -0.442 -0.476 -0.511 -0.545 -0.568 -0.576 -0.575 -0.568 -0.567 -0.583 -0.604 -0.63 -0.653 -0.667 -0.67 -0.668 -0.669 -0.67 -0.676 -0.685 -0.694 -0.701 -0.706 -0.709 -0.716 -0.723 -0.724 -0.718
0.055 0.062 0.067 0.067 0.06 0.049 0.046 0.089 0.179 0.28 0.362 0.405 0.406 0.378 0.338 0.287 0.236 0.178 0.12 0.057 -0.015 -0.084 -0.13 -0.172 -0.182 -0.191 -0.212 -0.232 -0.278 -0.33 -0.381 -0.413 -0.414 -0.397 -0.408 -0.42 -0.428 -0.421 -0.399 -0.352 -0.334 -0.332 -0.344 -0.369 -0.385 -0.415 -0.464 -0.497 -0.528 -0.557 -0.582 -0.599 -0.604 -0.591 -0.576 -0.57 -0.579 -0.587 -0.602 -0.616 -0.627 -0.628 -0.623 -0.634 -0.644 -0.654 -0.663 -0.672 -0.676 -0.687 -0.695 -0.705 -0.719 -0.73 -0.738
-0.028 -0.02 -0.012 -0.009 -0.014 -0.029 -0.038 -0.013 0.048 0.127 0.191 0.223 0.229 0.207 0.175 0.133 0.092 0.044 -0.003 -0.054 -0.103 -0.139 -0.148 -0.165 -0.167 -0.167 -0.176 -0.201 -0.241 -0.296 -0.362 -0.414 -0.435 -0.412 -0.403 -0.385 -0.391 -0.39 -0.379 -0.357 -0.356 -0.367 -0.382 -0.404 -0.432 -0.463 -0.502 -0.53 -0.557 -0.577 -0.589 -0.602 -0.614 -0.605 -0.58 -0.561 -0.556 -0.551 -0.557 -0.565 -0.575 -0.579 -0.575 -0.587 -0.614 -0.629 -0.639 -0.645 -0.645 -0.649 -0.662 -0.675 -0.693 -0.713 -0.729
-0.092 -0.082 -0.071 -0.064 -0.069 -0.083 -0.097 -0.091 -0.065 -0.023 0.015 0.04 0.053 0.044 0.014 -0.018 -0.048 -0.079 -0.109 -0.142 -0.164 -0.162 -0.169 -0.174 -0.18 -0.164 -0.143 -0.161 -0.187 -0.249 -0.335 -0.402 -0.434 -0.429 -0.41 -0.362 -0.336 -0.331 -0.32 -0.335 -0.348 -0.365 -0.381 -0.409 -0.448 -0.482 -0.511 -0.531 -0.559 -0.585 -0.6 -0.604 -0.611 -0.593 -0.582 -0.559 -0.522 -0.5 -0.503 -0.51 -0.51 -0.515 -0.521 -0.538 -0.58 -0.607 -0.623 -0.633 -0.629 -0.625 -0.636 -0.649 -0.661 -0.684 -0.706
