data/climatemaps/RS_maps/climate_winter_pr_2007.asc
NCOLS 369 
NROWS 228 
XLLCORNER 479000 
YLLCORNER 73000 
CELLSIZE 1000 
NODATA_value -9 
[rows 170 to 203 of 228, columns 225 to 299 of 369]
-0.531 -0.585 -0.443 -0.254 -0.081 -0.008 0.07 0.039 -0.026 -0.076 -0.223 -0.311 -0.513 -0.751 -0.895 -0.882 -0.746 -0.555 -0.357 -0.209 -0.092 0.057 0.039 -0.119 -0.376 -0.535 -0.494 -0.442 -0.502 -0.637 -0.845 -0.975 -0.974 -0.931 -0.93 -0.916 -0.952 -0.851 -0.786 -0.757 -0.784 -0.858 -0.946 -1.059 -1.141 -1.225 -1.262 -1.253 -1.209 -1.169 -1.157 -1.128 -1.12 -1.065 -1.022 -1.004 -0.973 -0.93 -0.883 -0.852 -0.853 -0.827 -0.825 -0.778 -0.724 -0.753 -0.747 -0.705 -0.695 -0.735 -0.712 -0.654 -0.678 -0.76 -0.892
-0.496 -0.509 -0.397 -0.228 -0.133 -0.076 0.054 0.088 0.05 -0.03 -0.105 -0.144 -0.372 -0.651 -0.843 -0.896 -0.801 -0.599 -0.424 -0.233 -0.098 0.008 -0.026 -0.181 -0.427 -0.545 -0.5 -0.485 -0.606 -0.767 -0.932 -0.987 -0.95 -0.909 -0.927 -0.893 -0.924 -0.859 -0.804 -0.789 -0.792 -0.857 -0.979 -1.088 -1.17 -1.225 -1.249 -1.241 -1.207 -1.152 -1.099 -1.051 -1.05 -1.016 -0.941 -0.886 -0.852 -0.827 -0.824 -0.782 -0.73 -0.686 -0.683 -0.682 -0.675 -0.726 -0.737 -0.741 -0.743 -0.77 -0.754 -0.706 -0.728 -0.777 -0.829
-0.454 -0.39 -0.271 -0.223 -0.195 -0.095 0.045 0.044 0.04 0.054 -0.011 -0.105 -0.305 -0.563 -0.78 -0.881 -0.833 -0.653 -0.434 -0.225 -0.069 -0.046 -0.078 -0.214 -0.453 -0.581 -0.528 -0.521 -0.699 -0.892 -0.998 -0.985 -0.912 -0.872 -0.938 -0.87 -0.901 -0.829 -0.793 -0.794 -0.809 -0.837 -0.966 -1.086 -1.17 -1.219 -1.242 -1.233 -1.198 -1.142 -1.086 -1.026 -0.999 -0.966 -0.895 -0.829 -0.819 -0.833 -0.828 -0.76 -0.696 -0.675 -0.675 -0.665 -0.677 -0.714 -0.77 -0.84 -0.859 -0.861 -0.838 -0.79 -0.762 -0.752 -0.731
-0.414 -0.341 -0.231 -0.225 -0.254 -0.128 -0.03 -0.043 0.019 0.034 -0.042 -0.145 -0.278 -0.454 -0.697 -0.839 -0.846 -0.714 -0.51 -0.313 -0.156 -0.123 -0.147 -0.245 -0.455 -0.601 -0.564 -0.63 -0.785 -0.952 -1.006 -0.95 -0.87 -0.842 -0.886 -0.862 -0.832 -0.804 -0.794 -0.793 -0.805 -0.84 -0.944 -1.044 -1.142 -1.204 -1.241 -1.249 -1.189 -1.116 -1.056 -1.012 -0.987 -0.946 -0.905 -0.861 -0.862 -0.911 -0.859 -0.751 -0.728 -0.745 -0.765 -0.737 -0.766 -0.786 -0.862 -0.949 -0.969 -0.975 -0.951 -0.889 -0.799 -0.736 -0.673
-0.332 -0.385 -0.285 -0.228 -0.317 -0.252 -0.181 -0.077 0.029 0.011 -0.032 -0.121 -0.185 -0.297 -0.606 -0.782 -0.84 -0.766 -0.618 -0.453 -0.255 -0.175 -0.205 -0.343 -0.536 -0.609 -0.597 -0.733 -0.891 -1.018 -1.004 -0.919 -0.845 -0.827 -0.846 -0.827 -0.783 -0.794 -0.793 -0.798 -0.814 -0.84 -0.919 -0.982 -1.089 -1.177 -1.23 -1.257 -1.211 -1.135 -1.068 -1.024 -1.017 -1.013 -0.993 -0.965 -0.963 -0.98 -0.904 -0.82 -0.804 -0.831 -0.84 -0.835 -0.888 -0.915 -0.968 -1.048 -1.095 -1.08 -1.048 -0.976 -0.868 -0.758 -0.674
-0.18 -0.357 -0.365 -0.332 -0.405 -0.372 -0.245 -0.097 -0.002 0.036 -0.003 -0.077 -0.092 -0.211 -0.473 -0.682 -0.788 -0.79 -0.703 -0.534 -0.342 -0.219 -0.245 -0.391 -0.586 -0.643 -0.703 -0.831 -0.975 -1.042 -0.999 -0.937 -0.915 -0.896 -0.834 -0.782 -0.776 -0.819 -0.807 -0.832 -0.841 -0.86 -0.845 -0.884 -1.022 -1.144 -1.21 -1.253 -1.24 -1.165 -1.119 -1.058 -1.059 -1.105 -1.111 -1.094 -1.079 -1.046 -0.947 -0.874 -0.855 -0.899 -0.892 -0.902 -1 -1.042 -1.089 -1.158 -1.179 -1.138 -1.092 -1.023 -0.935 -0.834 -0.737
-0.074 -0.248 -0.404 -0.477 -0.51 -0.455 -0.322 -0.211 -0.114 0.026 -0.023 -0.028 -0.066 -0.233 -0.37 -0.553 -0.713 -0.779 -0.753 -0.626 -0.447 -0.314 -0.293 -0.424 -0.625 -0.749 -0.822 -0.925 -1.036 -1.057 -0.981 -0.929 -0.919 -0.928 -0.852 -0.765 -0.773 -0.789 -0.742 -0.789 -0.782 -0.797 -0.768 -0.832 -0.967 -1.095 -1.179 -1.234 -1.251 -1.221 -1.169 -1.105 -1.102 -1.144 -1.102 -1.064 -1.038 -1.022 -0.961 -0.896 -0.89 -0.937 -0.954 -0.99 -1.081 -1.164 -1.175 -1.171 -1.149 -1.116 -1.077 -1.051 -1.003 -0.907 -0.835
0.004 -0.087 -0.239 -0.44 -0.529 -0.434 -0.33 -0.248 -0.178 -0.049 0.016 -0.015 -0.088 -0.118 -0.175 -0.364 -0.586 -0.71 -0.752 -0.684 -0.543 -0.483 -0.468 -0.536 -0.671 -0.806 -0.915 -1.012 -1.067 -1.042 -0.952 -0.893 -0.866 -0.878 -0.864 -0.751 -0.76 -0.697 -0.689 -0.736 -0.703 -0.724 -0.717 -0.81 -0.889 -1.027 -1.14 -1.201 -1.236 -1.249 -1.201 -1.13 -1.138 -1.159 -1.065 -1.035 -1 -0.998 -0.949 -0.893 -0.893 -0.932 -0.992 -1.059 -1.151 -1.211 -1.162 -1.131 -1.122 -1.112 -1.093 -1.086 -1.036 -0.952 -0.904
0.059 0.017 -0.077 -0.35 -0.543 -0.375 -0.241 -0.159 -0.129 -0.095 -0.005 -0.065 -0.039 -0.004 -0.009 -0.195 -0.446 -0.624 -0.726 -0.705 -0.608 -0.639 -0.651 -0.696 -0.782 -0.871 -0.962 -1.04 -1.054 -1.008 -0.936 -0.887 -0.843 -0.822 -0.814 -0.721 -0.708 -0.642 -0.651 -0.676 -0.657 -0.673 -0.675 -0.723 -0.799 -0.948 -1.076 -1.155 -1.201 -1.23 -1.208 -1.149 -1.168 -1.163 -1.107 -1.065 -1.008 -0.973 -0.923 -0.864 -0.834 -0.827 -0.91 -0.998 -1.135 -1.22 -1.162 -1.123 -1.134 -1.136 -1.131 -1.097 -1.043 -0.996 -0.957
-0.004 -0.029 -0.15 -0.363 -0.506 -0.421 -0.311 -0.197 -0.102 -0.057 -0.015 0.023 0.04 0.088 0.041 -0.092 -0.287 -0.508 -0.673 -0.728 -0.715 -0.746 -0.757 -0.784 -0.836 -0.903 -0.969 -0.991 -0.968 -0.946 -0.928 -0.904 -0.829 -0.765 -0.744 -0.696 -0.672 -0.662 -0.673 -0.682 -0.672 -0.666 -0.669 -0.649 -0.735 -0.882 -1.002 -1.095 -9 -1.201 -1.223 -1.191 -1.2 -1.167 -1.102 -1.053 -0.995 -0.993 -0.949 -0.843 -0.781 -0.753 -0.801 -0.878 -1.073 -1.225 -1.185 -1.168 -1.182 -1.172 -1.138 -1.104 -1.064 -1.025 -1.019
-0.059 -0.074 -0.153 -0.334 -0.503 -0.494 -0.409 -0.28 -0.155 -0.109 -0.048 0.06 0.09 0.137 0.073 -0.024 -0.179 -0.408 -0.62 -0.732 -0.766 -0.762 -0.734 -0.738 -0.772 -0.831 -0.903 -0.949 -0.932 -0.891 -0.868 -0.872 -0.825 -0.75 -0.763 -0.721 -0.735 -0.76 -0.788 -0.786 -0.75 -0.76 -0.751 -0.657 -0.716 -0.824 -0.873 -0.96 -9 -9 -1.211 -1.236 -1.216 -1.177 -1.128 -1.077 -1.027 -1.032 -0.987 -0.867 -0.787 -0.737 -0.756 -0.854 -1.04 -1.209 -1.207 -1.196 -1.181 -1.169 -1.151 -1.126 -1.102 -1.076 -1.075
-0.156 -0.062 -0.099 -0.239 -0.439 -0.549 -0.487 -0.348 -0.251 -0.18 -0.084 0.006 0.029 0.061 0.041 -0.039 -0.177 -0.38 -0.583 -0.71 -0.743 -0.702 -0.638 -0.615 -0.634 -0.693 -0.795 -0.882 -0.916 -0.885 -0.833 -0.806 -0.782 -0.756 -0.789 -0.753 -0.758 -0.78 -0.825 -0.878 -0.845 -0.859 -0.815 -0.757 -0.758 -0.787 -0.812 -9 -9 -9 -9 -9 -1.208 -1.144 -1.12 -1.102 -1.084 -1.064 -1 -0.884 -0.814 -0.785 -0.808 -0.895 -1.07 -1.2 -1.186 -1.193 -1.19 -1.191 -1.204 -1.188 -1.155 -1.149 -1.141
-0.258 -0.21 -0.23 -0.334 -0.484 -0.553 -0.462 -0.352 -0.266 -0.201 -0.158 -0.068 -0.055 -0.059 -0.009 -0.06 -0.22 -0.437 -0.601 -0.689 -0.668 -0.64 -0.607 -0.569 -0.542 -0.58 -0.696 -0.757 -0.849 -0.879 -0.834 -0.788 -0.759 -0.76 -0.814 -0.766 -0.74 -0.774 -0.861 -0.969 -0.962 -0.967 -0.893 -0.885 -0.862 -0.863 -0.849 -9 -9 -9 -9 -9 -9 -1.136 -1.122 -1.109 -1.091 -1.059 -0.996 -0.902 -0.84 -0.826 -0.87 -0.969 -1.113 -1.179 -1.188 -1.229 -1.24 -1.25 -1.267 -1.253 -1.218 -1.217 -1.224
-0.364 -0.341 -0.327 -0.422 -0.569 -0.592 -0.501 -0.404 -0.33 -0.3 -0.28 -0.173 -0.144 -0.178 -0.166 -0.214 -0.352 -0.524 -0.635 -0.671 -0.596 -0.547 -0.54 -0.542 -0.541 -0.552 -0.615 -0.684 -0.755 -0.805 -0.78 -0.743 -0.764 -0.805 -0.843 -0.807 -0.818 -0.868 -0.942 -1.036 -1.082 -1.064 -1.005 -1.001 -0.972 -0.968 -0.95 -9 -9 -9 -9 -9 -9 -9 -9 -9 -9 -1.029 -0.995 -0.947 -0.911 -0.869 -0.915 -1.04 -1.165 -1.174 -1.23 -1.285 -1.299 -1.311 -1.324 -1.296 -1.257 -9 -9
-0.522 -0.504 -0.52 -0.563 -0.655 -0.66 -0.62 -0.572 -0.513 -0.478 -0.418 -0.329 -0.295 -0.295 -0.344 -0.425 -0.513 -0.607 -0.671 -0.668 -0.574 -0.478 -0.462 -0.49 -0.535 -0.558 -0.565 -0.643 -0.687 -0.715 -0.73 -0.664 -0.7 -0.799 -0.881 -0.857 -0.894 -0.949 -0.985 -1.074 -1.15 -1.132 -1.077 -1.1 -1.071 -1.074 -1.052 -9 -9 -9 -9 -9 -9 -9 -9 -9 -9 -9 -9 -9 -9 -9 -1.011 -1.11 -1.202 -1.223 -1.281 -1.325 -9 -9 -9 -9 -9 -9 -9
-0.7 -0.695 -0.705 -0.73 -0.777 -0.79 -0.782 -0.746 -0.695 -0.656 -0.594 -0.524 -0.496 -0.487 -0.522 -0.58 -0.631 -0.68 -0.702 -0.673 -0.585 -0.514 -0.505 -0.521 -0.557 -0.593 -0.608 -0.632 -0.65 -0.642 -0.644 -0.624 -0.677 -0.776 -0.878 -0.892 -0.941 -1.01 -1.029 -1.093 -1.169 -1.173 -1.139 -1.17 -1.177 -1.162 -9 -9 -9 -9 -9 -9 -9 -9 -9 -9 -9 -9 -9 -9 -9 -9 -9 -9 -9 -9 -9 -9 -9 -9 -9 -9 -9 -9 -9
-0.861 -0.852 -0.85 -0.861 -0.883 -0.899 -0.901 -0.879 -0.842 -0.8 -0.754 -0.706 -0.676 -0.661 -0.668 -0.686 -0.709 -0.728 -0.718 -0.679 -0.633 -0.623 -0.633 -0.643 -0.668 -0.698 -0.706 -0.672 -0.62 -0.581 -0.583 -0.617 -0.669 -0.759 -0.868 -0.915 -0.974 -1.056 -1.081 -1.134 -1.187 -1.209 -1.196 -1.227 -1.229 -9 -9 -9 -9 -9 -9 -9 -9 -9 -9 -9 -9 -9 -9 -9 -9 -9 -9 -9 -9 -9 -9 -9 -9 -9 -9 -9 -9 -9 -9
-0.957 -0.947 -0.941 -0.944 -0.953 -0.96 -0.956 -0.937 -0.908 -0.872 -0.836 -0.803 -0.775 -0.755 -0.747 -0.743 -0.735 -0.713 -0.677 -0.658 -0.651 -0.66 -0.66 -0.677 -0.708 -0.738 -0.721 -0.698 -0.66 -0.619 -0.597 -0.603 -0.637 -0.701 -0.79 -0.891 -0.977 -1.051 -1.12 -1.162 -1.192 -1.232 -1.247 -1.251 -1.239 -9 -9 -9 -9 -9 -9 -9 -9 -9 -9 -9 -9 -9 -9 -9 -9 -9 -9 -9 -9 -9 -9 -9 -9 -9 -9 -9 -9 -9 -9
-0.999 -0.994 -0.988 -0.984 -0.98 -0.971 -0.954 -0.929 -0.9 -0.873 -0.848 -0.825 -0.803 -0.782 -0.762 -0.732 -0.683 -0.616 -0.541 -0.517 -0.533 -0.603 -0.605 -0.619 -0.651 -0.735 -0.707 -0.695 -0.706 -0.656 -0.601 -0.568 -0.579 -0.619 -0.697 -0.811 -0.914 -1.006 -1.111 -1.176 -1.209 -1.242 -1.255 -1.246 -9 -9 -9 -9 -9 -9 -9 -9 -9 -9 -9 -9 -9 -9 -9 -9 -9 -9 -9 -9 -9 -9 -9 -9 -9 -9 -9 -9 -9 -9 -9
-1.009 -1.004 -0.993 -0.977 -0.952 -0.911 -0.859 -0.817 -0.802 -0.788 -0.777 -0.764 -0.751 -0.721 -0.678 -0.622 -0.544 -0.458 -0.394 -0.386 -0.419 -0.494 -0.593 -0.628 -0.644 -0.702 -0.702 -0.714 -0.709 -0.683 -0.648 -0.613 -0.61 -0.614 -0.679 -0.768 -0.863 -0.972 -1.086 -1.166 -1.211 -1.235 -1.237 -9 -9 -9 -9 -9 -9 -9 -9 -9 -9 -9 -9 -9 -9 -9 -9 -9 -9 -9 -9 -9 -9 -9 -9 -9 -9 -9 -9 -9 -9 -9 -9
-0.987 -0.973 -0.943 -0.906 -0.857 -0.759 -0.653 -0.609 -0.646 -0.652 -0.651 -0.616 -0.625 -0.599 -0.545 -0.481 -0.441 -0.37 -0.318 -0.308 -0.338 -0.415 -0.549 -0.625 -0.626 -0.675 -0.691 -0.683 -0.669 -0.655 -0.645 -0.633 -0.644 -0.648 -0.693 -0.763 -0.842 -0.948 -1.058 -1.135 -1.185 -1.209 -1.208 -9 -9 -9 -9 -9 -9 -9 -9 -9 -9 -9 -9 -9 -9 -9 -9 -9 -9 -9 -9 -9 -9 -9 -9 -9 -9 -9 -9 -9 -9 -9 -9
-0.929 -0.875 -0.796 -0.723 -0.68 -0.553 -0.423 -0.451 -0.427 -0.486 -0.569 -0.533 -0.508 -0.521 -0.481 -0.445 -0.36 -0.301 -0.28 -0.282 -0.342 -0.436 -0.531 -0.615 -0.639 -0.697 -0.719 -0.67 -0.643 -0.618 -0.571 -0.562 -0.576 -0.595 -0.623 -0.675 -0.757 -0.885 -1.007 -1.091 -1.146 -1.17 -1.165 -9 -9 -9 -9 -9 -9 -9 -9 -9 -9 -9 -9 -9 -9 -9 -9 -9 -9 -9 -9 -9 -9 -9 -9 -9 -9 -9 -9 -9 -9 -9 -9
-0.808 -0.698 -0.581 -0.483 -0.447 -0.377 -0.285 -0.265 -0.23 -0.325 -0.457 -0.505 -0.506 -0.51 -0.46 -0.364 -0.243 -0.187 -0.203 -0.257 -0.371 -0.478 -0.551 -0.64 -0.689 -0.745 -0.749 -0.704 -0.65 -0.607 -0.542 -0.5 -0.498 -0.496 -0.49 -0.546 -0.676 -0.839 -0.959 -1.045 -1.106 -1.123 -9 -9 -9 -9 -9 -9 -9 -9 -9 -9 -9 -9 -9 -9 -9 -9 -9 -9 -9 -9 -9 -9 -9 -9 -9 -9 -9 -9 -9 -9 -9 -9 -9
-0.652 -0.498 -0.373 -0.264 -0.264 -0.234 -0.15 -0.09 -0.08 -0.202 -0.362 -0.477 -0.503 -0.487 -0.421 -0.283 -0.166 -0.11 -0.149 -0.236 -0.395 -0.531 -0.596 -0.679 -0.729 -0.785 -0.783 -0.743 -0.71 -0.666 -0.59 -0.517 -0.466 -0.43 -0.412 -0.493 -0.635 -0.794 -0.912 -1.003 -1.068 -9 -9 -9 -9 -9 -9 -9 -9 -9 -9 -9 -9 -9 -9 -9 -9 -9 -9 -9 -9 -9 -9 -9 -9 -9 -9 -9 -9 -9 -9 -9 -9 -9 -9
-0.479 -0.344 -0.284 -0.251 -0.227 -0.146 -0.056 -0.017 -0.014 -0.138 -0.309 -0.423 -0.434 -0.421 -0.374 -0.228 -0.138 -0.108 -0.166 -0.279 -0.456 -0.605 -0.655 -0.701 -0.755 -0.81 -0.811 -0.771 -0.779 -0.731 -0.69 -0.584 -0.497 -0.416 -0.399 -0.468 -0.594 -0.758 -0.876 -0.966 -1.033 -9 -9 -9 -9 -9 -9 -9 -9 -9 -9 -9 -9 -9 -9 -9 -9 -9 -9 -9 -9 -9 -9 -9 -9 -9 -9 -9 -9 -9 -9 -9 -9 -9 -9
-0.346 -0.253 -0.284 -0.288 -0.221 -0.12 -0.032 -0.023 -0.016 -0.145 -0.302 -0.377 -0.385 -0.403 -0.386 -0.239 -0.167 -0.16 -0.221 -0.346 -0.51 -0.649 -0.697 -0.726 -0.769 -0.815 -0.838 -0.826 -0.835 -0.799 -0.74 -0.664 -0.602 -0.497 -0.442 -0.494 -0.599 -0.736 -0.849 -0.939 -9 -9 -9 -9 -9 -9 -9 -9 -9 -9 -9 -9 -9 -9 -9 -9 -9 -9 -9 -9 -9 -9 -9 -9 -9 -9 -9 -9 -9 -9 -9 -9 -9 -9 -9
-0.316 -0.262 -0.303 -0.282 -0.188 -0.081 -0.013 0.02 -0.028 -0.139 -0.283 -0.357 -0.389 -0.412 -0.413 -0.29 -0.235 -0.248 -0.297 -0.394 -0.518 -0.651 -0.698 -0.735 -0.769 -0.784 -0.829 -0.884 -0.89 -0.848 -0.758 -0.747 -0.675 -0.543 -0.483 -0.53 -0.614 -0.731 -9 -9 -9 -9 -9 -9 -9 -9 -9 -9 -9 -9 -9 -9 -9 -9 -9 -9 -9 -9 -9 -9 -9 -9 -9 -9 -9 -9 -9 -9 -9 -9 -9 -9 -9 -9 -9
-0.323 -0.319 -0.341 -0.273 -0.168 -0.07 -0.024 0.027 0.011 -0.097 -0.263 -0.376 -0.428 -0.448 -0.444 -0.354 -0.298 -0.29 -0.308 -0.379 -0.499 -0.625 -0.684 -0.737 -0.777 -0.788 -0.806 -0.877 -0.894 -0.838 -0.812 -0.803 -0.723 -0.615 -0.573 -0.582 -0.65 -9 -9 -9 -9 -9 -9 -9 -9 -9 -9 -9 -9 -9 -9 -9 -9 -9 -9 -9 -9 -9 -9 -9 -9 -9 -9 -9 -9 -9 -9 -9 -9 -9 -9 -9 -9 -9 -9
-0.407 -0.392 -0.322 -0.265 -0.198 -0.089 -0.041 -0.01 0.046 -0.068 -0.25 -0.388 -0.466 -0.486 -0.472 -0.401 -0.331 -0.317 -0.322 -0.377 -0.482 -0.592 -0.661 -0.724 -0.768 -0.813 -0.828 -0.881 -0.905 -0.829 -0.846 -0.842 -0.732 -0.651 -0.644 -0.659 -9 -9 -9 -9 -9 -9 -9 -9 -9 -9 -9 -9 -9 -9 -9 -9 -9 -9 -9 -9 -9 -9 -9 -9 -9 -9 -9 -9 -9 -9 -9 -9 -9 -9 -9 -9 -9 -9 -9
-0.461 -0.405 -0.297 -0.234 -0.181 -0.088 -0.05 -0.034 0.016 -0.078 -0.254 -0.386 -0.471 -0.491 -0.488 -0.437 -0.366 -0.319 -0.319 -0.402 -0.526 -0.624 -0.698 -0.758 -0.804 -0.854 -0.889 -0.943 -0.959 -0.923 -0.898 -0.87 -0.814 -0.735 -0.713 -9 -9 -9 -9 -9 -9 -9 -9 -9 -9 -9 -9 -9 -9 -9 -9 -9 -9 -9 -9 -9 -9 -9 -9 -9 -9 -9 -9 -9 -9 -9 -9 -9 -9 -9 -9 -9 -9 -9 -9
-0.438 -0.366 -0.281 -0.202 -0.129 -0.101 -0.063 -0.056 -0.045 -0.105 -0.273 -0.39 -0.467 -0.483 -0.508 -0.465 -0.391 -0.321 -0.336 -0.459 -0.585 -0.697 -0.767 -0.772 -0.824 -0.91 -0.96 -0.995 -1.006 -0.992 -0.948 -0.88 -0.841 -0.772 -0.756 -9 -9 -9 -9 -9 -9 -9 -9 -9 -9 -9 -9 -9 -9 -9 -9 -9 -9 -9 -9 -9 -9 -9 -9 -9 -9 -9 -9 -9 -9 -9 -9 -9 -9 -9 -9 -9 -9 -9 -9
-0.464 -0.375 -0.283 -0.183 -0.156 -0.146 -0.118 -0.097 -0.073 -0.136 -0.294 -0.404 -0.47 -0.501 -0.525 -0.477 -0.388 -0.337 -0.403 -0.535 -0.68 -0.787 -0.825 -0.822 -0.894 -0.971 -1.003 -1.004 -0.991 -0.967 -0.928 -0.868 -0.808 -0.764 -0.753 -9 -9 -9 -9 -9 -9 -9 -9 -9 -9 -9 -9 -9 -9 -9 -9 -9 -9 -9 -9 -9 -9 -9 -9 -9 -9 -9 -9 -9 -9 -9 -9 -9 -9 -9 -9 -9 -9 -9 -9
-0.534 -0.434 -0.333 -0.243 -0.229 -0.21 -0.178 -0.129 -0.111 -0.191 -0.322 -0.42 -0.48 -0.526 -0.542 -0.483 -0.396 -0.377 -0.467 -0.599 -0.738 -0.84 -0.894 -0.934 -0.98 -1.003 -0.983 -0.942 -0.886 -0.841 -0.801 -0.769 -0.735 -0.713 -9 -9 -9 -9 -9 -9 -9 -9 -9 -9 -9 -9 -9 -9 -9 -9 -9 -9 -9 -9 -9 -9 -9 -9 -9 -9 -9 -9 -9 -9 -9 -9 -9 -9 -9 -9 -9 -9 -9 -9 -9
-0.605 -0.494 -0.381 -0.328 -0.309 -0.279 -0.233 -0.156 -0.176 -0.274 -0.369 -0.444 -0.498 -0.556 -0.569 -0.508 -0.436 -0.459 -0.572 -0.685 -0.78 -0.869 -0.941 -0.987 -1.005 -0.992 -0.92 -0.837 -0.742 -0.673 -0.63 -0.604 -0.597 -0.616 -9 -9 -9 -9 -9 -9 -9 -9 -9 -9 -9 -9 -9 -9 -9 -9 -9 -9 -9 -9 -9 -9 -9 -9 -9 -9 -9 -9 -9 -9 -9 -9 -9 -9 -9 -9 -9 -9 -9 -9 -9
