data/climatemaps/RS_maps/climate_breeding_tmp_2008.asc
NCOLS 369 
NROWS 228 
XLLCORNER 479000 
YLLCORNER 73000 
CELLSIZE 1000 
NODATA_value -9 
[rows 102 to 135 of 228, columns 0 to 75 of 369]
-9 -9 -9 -9 -9 -9 -9 -9 -9 -9 -9 -9 -9 -9 -9 -9 -9 -9 -9 -9 -9 -9 -9 -9 -9 -9 -9 -9 -9 -9 -9 -9 0.425 0.409 0.393 0.487 0.517 0.521 0.498 0.438 0.317 0.207 0.236 0.266 0.238 0.127 0.033 0.028 0.065 0.088 0.059 0.049 0.046 0.058 0.059 0.06 0.115 0.173 0.319 0.406 0.409 0.564 0.615 0.565 0.38 -0.019 -0.078 -0.083 -0.183 -0.155 0.017 0.437 0.754 0.946 0.979 1.016
-9 -9 -9 -9 -9 -9 -9 -9 -9 -9 -9 -9 -9 -9 -9 -9 -9 -9 -9 -9 -9 -9 -9 -9 -9 -9 -9 -9 -9 -9 -9 -9 0.418 0.427 0.475 0.516 0.514 0.516 0.471 0.316 0.256 0.288 0.274 0.206 0.077 0.046 0.014 0.036 0.067 0.113 0.152 0.14 0.132 0.132 0.11 0.07 0.151 0.325 0.476 0.575 0.586 0.516 0.441 0.218 -0.01 -0.178 -0.28 -0.268 -0.146 0.137 0.407 0.681 0.857 0.995 1.023 1.06
-9 -9 -9 -9 -9 -9 -9 -9 -9 -9 -9 -9 -9 -9 -9 -9 -9 -9 -9 -9 -9 -9 -9 -9 -9 -9 -9 -9 -9 -9 -9 -9 0.457 0.487 0.515 0.517 0.514 0.511 0.457 0.331 0.346 0.309 0.194 0.046 -0.03 0.023 0.064 0.118 0.208 0.268 0.278 0.243 0.238 0.275 0.291 0.165 0.406 0.573 0.609 0.542 0.389 0.218 0.116 -0.018 -0.103 -0.17 -0.214 -0.075 0.245 0.53 0.708 0.834 0.963 1.056 1.074 1.078
-9 -9 -9 -9 -9 -9 -9 -9 -9 -9 -9 -9 -9 -9 -9 -9 -9 -9 -9 -9 -9 -9 -9 -9 -9 -9 -9 -9 -9 -9 -9 -9 0.501 0.516 0.523 0.518 0.513 0.502 0.48 0.423 0.343 0.251 0.068 -0.009 0.036 0.143 0.228 0.3 0.32 0.291 0.247 0.217 0.245 0.399 0.479 0.432 0.602 0.632 0.559 0.337 0.152 0.069 -0.037 -0.099 -0.109 -0.155 -0.031 0.336 0.568 0.736 0.862 0.954 1.055 1.078 1.078 1.078
-9 -9 -9 -9 -9 -9 -9 -9 -9 -9 -9 -9 -9 -9 -9 -9 -9 -9 -9 -9 -9 -9 -9 -9 -9 -9 -9 -9 -9 -9 -9 -9 -9 0.521 0.52 0.519 0.512 0.488 0.459 0.443 0.26 0.149 0.078 0.101 0.181 0.309 0.311 0.23 0.167 0.113 0.075 0.077 0.155 0.331 0.478 0.603 0.521 0.499 0.363 0.172 0.07 -0.031 -0.134 -0.076 -0.008 0.004 0.285 0.58 0.744 0.867 0.974 1.049 1.077 1.078 1.077 1.078
-9 -9 -9 -9 -9 -9 -9 -9 -9 -9 -9 -9 -9 -9 -9 -9 -9 -9 -9 -9 -9 -9 -9 -9 -9 -9 -9 -9 -9 -9 -9 -9 -9 0.513 0.505 0.504 0.485 0.375 0.368 0.344 0.178 0.146 0.172 0.254 0.322 0.258 0.114 0.054 0.017 0.009 0.047 0.147 0.332 0.468 0.473 0.383 0.237 0.23 0.06 -0.007 -0.028 -0.067 -0.022 0.082 0.154 0.288 0.528 0.695 0.826 0.955 1.05 1.078 1.078 1.078 1.075 1.078
-9 -9 -9 -9 -9 -9 -9 -9 -9 -9 -9 -9 -9 -9 -9 -9 -9 -9 -9 -9 -9 -9 -9 -9 -9 -9 -9 -9 -9 -9 -9 -9 -9 0.482 0.474 0.435 0.329 0.264 0.287 0.428 0.241 0.263 0.335 0.343 0.223 0.075 0.008 0.035 0.047 0.094 0.182 0.349 0.332 0.259 0.118 -0.044 -0.067 -0.001 -0.084 -0.087 -0.059 -0.007 0.067 0.102 0.117 0.283 0.588 0.753 0.89 1.03 1.079 1.081 1.081 1.08 1.078 1.078
-9 -9 -9 -9 -9 -9 -9 -9 -9 -9 -9 -9 -9 -9 -9 -9 -9 -9 -9 -9 -9 -9 -9 -9 -9 -9 -9 -9 -9 -9 -9 -9 -9 0.345 0.338 0.285 0.261 0.253 0.305 0.428 0.429 0.396 0.304 0.175 0.075 0.037 0.052 0.096 0.151 0.23 0.282 0.278 -0.06 -0.121 -0.168 -0.262 -0.182 -0.121 -0.127 -0.093 -0.096 -0.047 -0.003 -0.024 0.022 0.323 0.65 0.795 0.957 1.075 1.083 1.083 1.083 1.082 1.081 1.079
-9 -9 -9 -9 -9 -9 -9 -9 -9 -9 -9 -9 -9 -9 -9 -9 -9 -9 -9 -9 -9 -9 -9 -9 -9 -9 -9 -9 -9 -9 -9 -9 -9 0.291 0.291 0.284 0.302 0.359 0.425 0.436 0.333 0.245 0.115 0.031 0.054 0.091 0.145 0.176 0.232 0.184 0.244 -0.077 -0.199 -0.293 -0.256 -0.193 -0.046 -0.054 -0.102 -0.046 -0.022 0.148 0.23 0.294 0.445 0.656 0.799 0.898 1.027 1.083 1.083 1.083 1.083 1.083 1.083 1.082
-9 -9 -9 -9 -9 -9 -9 -9 -9 -9 -9 -9 -9 -9 -9 -9 -9 -9 -9 -9 -9 -9 -9 -9 -9 -9 -9 -9 -9 -9 -9 -9 -9 0.304 0.361 0.39 0.44 0.44 0.321 0.378 0.191 0.079 0.068 0.036 0.063 0.116 0.169 0.198 0.151 0.111 0.154 -0.026 -0.324 -0.286 -0.114 0 -0.012 0.053 0.169 0.288 0.39 0.471 0.557 0.708 0.858 0.957 1.009 1.045 1.077 1.083 1.083 1.083 1.083 1.083 1.083 1.079
-9 -9 -9 -9 -9 -9 -9 -9 -9 -9 -9 -9 -9 -9 -9 -9 -9 -9 -9 -9 -9 -9 -9 -9 -9 -9 -9 -9 -9 -9 -9 -9 0.294 0.36 0.369 0.38 0.437 0.387 0.306 0.303 0.211 0.15 0.126 0.079 0.033 0.069 0.13 0.114 0.096 0.117 -0.059 -0.282 -0.336 -0.145 -0.006 0.024 0.085 0.379 0.604 0.657 0.681 0.724 0.829 0.945 1.006 1.059 1.084 1.086 1.085 1.083 1.083 1.083 1.083 1.083 1.078 1.051
-9 -9 -9 -9 -9 -9 -9 -9 -9 -9 -9 -9 -9 -9 -9 -9 -9 -9 -9 -9 -9 -9 -9 -9 -9 -9 -9 -9 -9 -9 -9 -9 0.362 0.361 0.334 0.399 0.446 0.378 0.278 0.273 0.175 0.161 0.129 0.081 0.074 0.103 0.142 0.165 0.168 0.035 -0.181 -0.272 -0.141 0.005 0.087 0.288 0.594 0.78 0.849 0.896 0.932 0.974 1.031 1.03 1.057 1.087 1.088 1.088 1.088 1.083 1.087 1.083 1.083 1.053 1.016 1.008
-9 -9 -9 -9 -9 -9 -9 -9 -9 -9 -9 -9 -9 -9 -9 -9 -9 -9 -9 -9 -9 -9 -9 -9 -9 -9 -9 -9 -9 -9 -9 -9 0.383 0.344 0.38 0.468 0.418 0.272 0.219 0.235 0.13 0.1 0.054 0.056 0.102 0.157 0.183 0.171 0.112 0.071 -0.016 0.033 0.067 0.171 0.461 0.795 0.888 0.917 0.935 0.979 1.022 1.048 1.069 1.073 1.088 1.088 1.088 1.088 1.088 1.088 1.092 1.084 1.026 0.901 0.901 0.974
-9 -9 -9 -9 -9 -9 -9 -9 -9 -9 -9 -9 -9 -9 -9 -9 -9 -9 -9 -9 -9 -9 -9 -9 -9 -9 -9 -9 -9 -9 -9 0.4 0.371 0.37 0.45 0.461 0.319 0.212 0.178 0.202 0.064 0.014 0.014 0.057 0.131 0.151 0.158 0.112 0.064 0.192 0.221 0.283 0.308 0.48 0.825 0.886 0.86 0.897 0.952 0.994 1.034 1.063 1.079 1.088 1.088 1.089 1.089 1.089 1.092 1.098 1.084 1.044 0.866 0.849 0.888 0.903
-9 -9 -9 -9 -9 -9 -9 -9 -9 -9 -9 -9 -9 -9 -9 -9 -9 -9 -9 -9 -9 -9 -9 -9 -9 -9 -9 -9 -9 0.376 0.449 0.427 0.383 0.437 0.466 0.379 0.23 0.179 0.202 0.176 0.037 -0.025 -0.004 0.049 0.115 0.114 0.069 -0.007 0.057 0.127 0.148 0.223 0.599 0.812 0.89 0.884 0.896 0.925 0.961 0.998 1.045 1.084 1.088 1.089 1.089 1.09 1.094 1.091 1.095 1.089 1.042 0.901 0.799 0.834 0.858 0.924
-9 -9 -9 -9 -9 -9 -9 -9 -9 -9 -9 -9 -9 -9 -9 -9 -9 -9 -9 -9 -9 -9 -9 -9 -9 -9 -9 -9 0.307 0.37 0.392 0.455 0.429 0.469 0.385 0.266 0.193 0.179 0.207 0.192 0.014 -0.066 -0.028 0.043 0.062 0.017 -0.06 -0.139 -0.082 0.084 0.235 0.366 0.759 0.884 0.927 0.943 0.974 0.994 1.013 1.057 1.088 1.088 1.09 1.09 1.076 1.061 1.07 1.078 1.073 1.028 0.879 0.795 0.803 0.828 0.858 0.885
-9 -9 -9 -9 -9 -9 -9 -9 -9 -9 -9 -9 -9 -9 -9 -9 -9 -9 -9 -9 -9 -9 -9 -9 -9 -9 0.191 0.282 0.3 0.284 0.374 0.423 0.47 0.421 0.275 0.2 0.192 0.256 0.244 0.207 0.029 -0.009 0.031 0.016 -0.004 -0.028 -0.065 -0.165 -0.038 0.294 0.612 0.713 0.83 0.907 0.954 1.002 1.027 1.038 1.064 1.082 1.086 1.086 1.076 1.039 1 1.003 1.047 1.054 1.003 0.88 0.758 0.762 0.798 0.798 0.87 0.788
-9 -9 -9 -9 -9 -9 -9 -9 -9 -9 -9 -9 -9 -9 -9 -9 -9 -9 -9 -9 -9 -9 -9 -9 -9 0.18 0.241 0.245 0.245 0.286 0.344 0.443 0.463 0.396 0.309 0.254 0.282 0.331 0.267 0.227 0.104 0.069 0.091 0.049 0.052 0.034 -0.098 -0.163 0.111 0.535 0.786 0.811 0.858 0.915 0.967 1.03 0.994 1.033 1.083 1.083 1.083 1.068 0.997 0.913 0.938 0.986 1.017 0.972 0.899 0.795 0.748 0.745 0.749 0.823 0.809 0.718
-9 -9 -9 -9 -9 -9 -9 -9 -9 -9 -9 -9 -9 -9 -9 -9 -9 -9 -9 -9 -9 -9 -9 0.242 0.204 0.19 0.16 0.227 0.282 0.379 0.422 0.488 0.449 0.364 0.299 0.287 0.358 0.33 0.286 0.232 0.181 0.153 0.175 0.204 0.121 -0.091 -0.279 -0.12 0.364 0.725 0.827 0.845 0.923 0.973 1.031 1.032 0.971 1.041 1.083 1.083 1.078 1.012 0.905 0.859 0.925 0.942 0.952 0.884 0.859 0.793 0.758 0.717 0.762 0.816 0.747 0.69
-9 -9 -9 -9 -9 -9 -9 -9 -9 -9 -9 -9 -9 -9 -9 -9 -9 -9 -9 -9 -9 -9 0.275 0.189 0.192 0.167 0.174 0.294 0.378 0.431 0.477 0.443 0.408 0.365 0.331 0.379 0.332 0.225 0.121 0.178 0.255 0.297 0.215 0.05 -0.147 -0.173 -0.153 0.186 0.604 0.805 0.844 0.884 0.974 1.013 1.07 1.061 1.053 1.077 1.083 1.083 1.059 0.965 0.886 0.895 0.855 0.85 0.916 0.831 0.813 0.747 0.738 0.725 0.769 0.773 0.72 0.768
-9 -9 -9 -9 -9 -9 -9 -9 -9 -9 -9 -9 -9 -9 -9 -9 -9 -9 -9 -9 -9 0.298 0.247 0.178 0.139 0.187 0.239 0.323 0.34 0.348 0.387 0.341 0.296 0.339 0.403 0.352 0.218 -0.05 -0.042 0.222 0.402 0.202 0.021 -0.072 -0.137 -0.027 0.197 0.549 0.752 0.851 0.903 0.966 1.004 1.056 1.082 1.081 1.083 1.083 1.081 1.052 1.011 0.943 0.904 0.87 0.846 0.915 0.881 0.82 0.759 0.711 0.724 0.738 0.759 0.772 0.774 0.86
-9 -9 -9 -9 -9 -9 -9 -9 -9 -9 -9 -9 -9 -9 -9 -9 -9 -9 -9 -9 0.307 0.248 0.239 0.159 0.11 0.225 0.27 0.261 0.281 0.33 0.384 0.352 0.356 0.377 0.304 0.197 0.089 -0.095 -0.037 0.369 0.337 0.1 0.087 0.117 0.15 0.375 0.538 0.669 0.781 0.848 0.92 0.99 1.044 1.081 1.083 1.083 1.083 1.07 0.999 0.991 0.972 0.917 0.869 0.853 0.922 0.956 0.831 0.772 0.694 0.693 0.727 0.729 0.733 0.764 0.822 0.786
-9 -9 -9 -9 -9 -9 -9 -9 -9 -9 -9 -9 -9 -9 -9 -9 -9 -9 -9 0.306 0.267 0.189 0.15 0.104 0.163 0.217 0.216 0.261 0.32 0.378 0.362 0.337 0.3 0.241 0.144 0.038 -0.048 -0.156 -0.012 0.326 0.443 0.339 0.281 0.35 0.494 0.627 0.676 0.707 0.787 0.849 0.942 1 1.066 1.078 1.078 1.073 0.973 0.966 0.924 0.962 0.927 0.868 0.82 0.861 0.939 0.934 0.802 0.739 0.662 0.672 0.689 0.659 0.722 0.768 0.773 0.748
-9 -9 -9 -9 -9 -9 -9 -9 -9 -9 -9 -9 -9 -9 -9 -9 -9 -9 0.327 0.232 0.116 0.067 0.115 0.167 0.258 0.217 0.258 0.321 0.362 0.364 0.272 0.178 0.112 0.086 0.04 -0.026 -0.099 -0.183 -0.107 0.249 0.515 0.488 0.52 0.58 0.64 0.695 0.77 0.789 0.838 0.882 0.97 1.019 1.069 1.078 1.078 1.041 0.894 0.885 0.869 0.92 0.864 0.778 0.771 0.863 0.941 0.892 0.804 0.678 0.59 0.596 0.601 0.669 0.696 0.7 0.761 0.773
-9 -9 -9 -9 -9 -9 -9 -9 -9 -9 -9 -9 -9 -9 -9 -9 -9 0.365 0.252 0.094 0.065 0.124 0.194 0.242 0.258 0.3 0.343 0.34 0.322 0.251 0.128 0.041 0.013 0.032 0.016 -0.013 -0.059 -0.117 0 0.288 0.556 0.583 0.618 0.55 0.375 0.529 0.649 0.766 0.824 0.912 0.95 1.004 1.069 1.074 1.072 1.008 0.902 0.851 0.851 0.883 0.818 0.725 0.763 0.864 0.93 0.874 0.792 0.65 0.601 0.56 0.579 0.671 0.631 0.731 0.787 0.828
-9 -9 -9 -9 -9 -9 -9 -9 -9 -9 -9 -9 -9 -9 -9 -9 0.312 0.191 0.102 0.092 0.164 0.212 0.225 0.227 0.278 0.357 0.32 0.24 0.168 0.094 0.014 -0.035 -0.005 0.017 0.04 0.078 0.084 0.142 0.402 0.517 0.51 0.429 0.33 0.249 0.308 0.52 0.646 0.78 0.825 0.918 0.917 0.965 1.069 1.071 1.057 1.01 0.935 0.859 0.856 0.859 0.785 0.726 0.765 0.871 0.901 0.869 0.769 0.676 0.618 0.596 0.622 0.606 0.669 0.791 0.87 0.976
-9 -9 -9 -9 -9 -9 -9 -9 -9 -9 -9 -9 -9 -9 -9 0.246 0.129 0.084 0.127 0.171 0.198 0.224 0.216 0.252 0.31 0.283 0.176 0.098 0.04 -0.039 -0.062 -0.041 0.002 0.066 0.085 0.125 0.199 0.378 0.43 0.267 0.258 0.246 0.213 0.288 0.474 0.597 0.664 0.778 0.829 0.898 0.906 0.983 1.065 1.068 1.044 0.987 0.912 0.847 0.856 0.829 0.761 0.716 0.778 0.881 0.856 0.847 0.743 0.651 0.606 0.573 0.58 0.623 0.748 0.792 0.914 0.975
-9 -9 -9 -9 -9 -9 -9 -9 -9 -9 -9 -9 -9 0.387 0.27 0.123 0.069 0.126 0.164 0.189 0.218 0.259 0.272 0.235 0.222 0.151 0.054 0.025 -0.021 -0.061 -0.079 -0.019 0.025 0.057 0.049 0.059 0.17 0.23 0.085 0.1 0.25 0.223 0.239 0.294 0.479 0.627 0.682 0.775 0.823 0.895 0.939 1.018 1.068 1.068 1.032 0.95 0.868 0.828 0.843 0.796 0.744 0.72 0.801 0.855 0.82 0.806 0.704 0.593 0.54 0.558 0.592 0.664 0.769 0.787 0.929 0.896
-9 -9 -9 -9 -9 -9 -9 -9 -9 -9 -9 -9 0.446 0.291 0.177 0.119 0.151 0.211 0.231 0.267 0.28 0.271 0.137 0.086 0.143 0.113 0.064 0.039 -0.015 -0.065 -0.063 -0.008 0.007 0.031 0.054 0.109 0.163 -0.024 0 0.171 0.272 0.089 0.02 0.164 0.441 0.602 0.681 0.776 0.833 0.907 0.964 1.035 1.068 1.062 0.989 0.921 0.855 0.815 0.825 0.773 0.736 0.751 0.807 0.815 0.791 0.771 0.687 0.566 0.493 0.557 0.616 0.715 0.781 0.881 0.905 0.755
-9 -9 -9 -9 -9 -9 -9 -9 -9 -9 -9 0.525 0.412 0.283 0.176 0.227 0.291 0.318 0.342 0.265 0.231 0.169 0.032 0.066 0.12 0.095 0.059 0.003 -0.077 -0.107 -0.111 -0.039 0.053 0.091 0.167 0.244 0.161 -0.018 0.102 0.181 0.123 -0.03 0.026 0.304 0.521 0.628 0.705 0.795 0.857 0.922 0.973 1.034 1.066 1.05 0.921 0.896 0.836 0.802 0.81 0.759 0.75 0.775 0.786 0.782 0.767 0.713 0.657 0.579 0.511 0.547 0.627 0.775 0.894 0.903 0.755 0.646
-9 -9 -9 -9 -9 -9 -9 -9 -9 -9 0.654 0.586 0.449 0.357 0.292 0.378 0.432 0.389 0.287 0.19 0.095 0.104 0.019 0.018 0.061 0.034 -0.005 -0.066 -0.169 -0.214 -0.103 0.05 0.123 0.177 0.227 0.275 0.167 0.096 0.153 0.13 0.001 0.031 0.262 0.48 0.6 0.668 0.754 0.828 0.875 0.936 0.984 1.008 1.028 1.005 0.87 0.868 0.829 0.806 0.794 0.766 0.761 0.774 0.759 0.752 0.744 0.668 0.629 0.604 0.577 0.593 0.718 0.889 0.876 0.755 0.653 0.573
-9 -9 -9 -9 -9 -9 -9 -9 -9 -9 0.601 0.607 0.543 0.392 0.412 0.427 0.384 0.27 0.137 0.054 0.064 0.085 0.009 -0.027 -0.032 -0.03 -0.076 -0.14 -0.232 -0.127 0.053 0.147 0.181 0.238 0.263 0.259 0.093 0.03 0.106 0.043 0.069 0.223 0.454 0.58 0.665 0.735 0.818 0.87 0.907 0.981 1.014 0.969 1.013 0.984 0.847 0.86 0.836 0.826 0.801 0.783 0.775 0.774 0.738 0.74 0.711 0.632 0.611 0.615 0.645 0.689 0.78 0.883 0.762 0.664 0.623 0.538
-9 -9 -9 -9 -9 -9 -9 -9 -9 0.476 0.45 0.486 0.522 0.502 0.457 0.369 0.283 0.132 0.026 -0.003 0.031 0.077 0.019 -0.032 -0.083 -0.098 -0.162 -0.192 -0.143 0.034 0.139 0.174 0.243 0.278 0.245 0.095 -0.099 -0.168 0.034 0.128 0.229 0.408 0.559 0.64 0.729 0.811 0.842 0.876 0.906 0.959 1.003 1.008 1.047 0.932 0.847 0.862 0.846 0.837 0.819 0.803 0.786 0.754 0.715 0.708 0.668 0.597 0.579 0.608 0.691 0.739 0.824 0.864 0.784 0.688 0.641 0.528
-9 -9 -9 -9 -9 -9 -9 -9 0.475 0.427 0.41 0.436 0.479 0.504 0.428 0.33 0.19 0.089 0.016 0.007 0.026 0.094 0.02 -0.057 -0.106 -0.152 -0.183 -0.11 -0.01 0.109 0.179 0.246 0.276 0.211 -0.045 -0.128 -0.173 -0.165 0.064 0.231 0.374 0.51 0.627 0.72 0.797 0.832 0.843 0.918 0.877 0.908 0.935 1.01 1.038 0.891 0.865 0.867 0.849 0.838 0.823 0.802 0.77 0.721 0.699 0.651 0.625 0.538 0.518 0.587 0.681 0.762 0.799 0.804 0.787 0.744 0.663 0.536
