data/climatemaps/RS_maps/climate_winter_tmin_2005.asc
NCOLS 369 
NROWS 228 
XLLCORNER 479000 
YLLCORNER 73000 
CELLSIZE 1000 
NODATA_value -9 
[rows 102 to 135 of 228, columns 76 to 151 of 369]
0.682 0.678 0.679 0.683 0.688 0.683 0.683 0.683 0.683 0.68 0.66 0.651 0.637 0.619 0.627 0.673 0.698 0.708 0.715 0.72 0.728 0.723 0.704 0.669 0.658 0.685 0.703 0.705 0.7 0.716 0.685 0.642 0.631 0.627 0.639 0.639 0.64 0.634 0.621 0.631 0.622 0.62 0.607 0.621 0.622 0.63 0.607 0.596 0.587 0.563 0.526 0.484 0.484 0.539 0.502 0.418 0.383 0.429 0.395 0.308 0.3 0.29 0.249 0.229 0.162 0.235 0.285 0.36 0.402 0.368 0.369 0.374 0.366 0.338 0.286 0.19
0.694 0.694 0.692 0.689 0.689 0.689 0.689 0.688 0.688 0.664 0.646 0.609 0.61 0.616 0.664 0.706 0.709 0.709 0.715 0.719 0.712 0.698 0.666 0.647 0.646 0.663 0.676 0.689 0.689 0.707 0.671 0.646 0.628 0.626 0.62 0.607 0.607 0.585 0.582 0.602 0.612 0.572 0.571 0.6 0.587 0.58 0.602 0.597 0.58 0.563 0.554 0.535 0.514 0.515 0.511 0.458 0.424 0.389 0.386 0.363 0.321 0.28 0.237 0.199 0.141 0.22 0.306 0.383 0.358 0.307 0.284 0.272 0.313 0.356 0.29 0.21
0.706 0.705 0.7 0.704 0.704 0.699 0.699 0.697 0.68 0.647 0.633 0.636 0.65 0.675 0.7 0.708 0.709 0.709 0.709 0.708 0.697 0.679 0.651 0.639 0.63 0.645 0.673 0.674 0.675 0.701 0.652 0.636 0.621 0.604 0.599 0.596 0.575 0.562 0.558 0.592 0.553 0.556 0.572 0.564 0.49 0.447 0.54 0.577 0.593 0.571 0.532 0.531 0.528 0.482 0.487 0.477 0.434 0.374 0.37 0.343 0.28 0.224 0.22 0.219 0.219 0.228 0.318 0.36 0.348 0.246 0.188 0.147 0.219 0.275 0.316 0.305
0.718 0.714 0.713 0.712 0.707 0.707 0.703 0.688 0.664 0.66 0.656 0.677 0.696 0.7 0.701 0.709 0.709 0.707 0.706 0.697 0.678 0.655 0.651 0.635 0.632 0.642 0.672 0.673 0.669 0.69 0.662 0.644 0.61 0.584 0.58 0.577 0.563 0.555 0.563 0.556 0.527 0.544 0.532 0.518 0.489 0.435 0.459 0.553 0.582 0.578 0.553 0.516 0.524 0.503 0.484 0.463 0.428 0.386 0.357 0.332 0.269 0.254 0.258 0.238 0.225 0.28 0.325 0.287 0.31 0.304 0.254 0.143 0.101 0.162 0.202 0.207
0.731 0.728 0.728 0.723 0.72 0.718 0.695 0.677 0.661 0.661 0.681 0.705 0.709 0.705 0.705 0.708 0.704 0.694 0.695 0.679 0.643 0.621 0.644 0.646 0.648 0.648 0.652 0.658 0.671 0.678 0.644 0.619 0.617 0.602 0.595 0.575 0.56 0.554 0.565 0.521 0.483 0.509 0.499 0.474 0.387 0.423 0.421 0.45 0.546 0.563 0.56 0.541 0.519 0.493 0.48 0.447 0.383 0.332 0.292 0.318 0.335 0.344 0.336 0.31 0.289 0.317 0.283 0.194 0.187 0.284 0.262 0.186 0.135 0.075 0.146 0.129
0.741 0.74 0.737 0.731 0.718 0.712 0.692 0.682 0.672 0.676 0.701 0.709 0.709 0.709 0.71 0.707 0.691 0.689 0.673 0.643 0.621 0.629 0.64 0.64 0.649 0.637 0.635 0.667 0.657 0.646 0.65 0.639 0.627 0.617 0.618 0.606 0.579 0.563 0.557 0.502 0.515 0.501 0.476 0.438 0.354 0.336 0.322 0.347 0.455 0.539 0.54 0.534 0.523 0.495 0.466 0.431 0.351 0.252 0.229 0.309 0.361 0.346 0.313 0.274 0.303 0.278 0.218 0.199 0.108 0.167 0.261 0.268 0.153 0.04 0.075 0.035
0.756 0.752 0.743 0.727 0.713 0.707 0.7 0.693 0.696 0.701 0.713 0.712 0.709 0.711 0.709 0.695 0.675 0.671 0.655 0.641 0.619 0.632 0.617 0.611 0.616 0.625 0.641 0.647 0.625 0.601 0.599 0.603 0.602 0.584 0.585 0.573 0.552 0.538 0.558 0.51 0.489 0.458 0.422 0.401 0.337 0.292 0.285 0.319 0.387 0.51 0.476 0.47 0.513 0.503 0.466 0.423 0.357 0.289 0.304 0.36 0.336 0.276 0.219 0.193 0.231 0.175 0.147 0.147 0.079 0.063 0.163 0.255 0.151 0.067 0.012 -0.009
0.768 0.764 0.742 0.721 0.713 0.709 0.709 0.714 0.722 0.721 0.722 0.721 0.716 0.709 0.692 0.666 0.662 0.639 0.638 0.637 0.627 0.613 0.589 0.587 0.605 0.631 0.636 0.62 0.603 0.578 0.57 0.567 0.569 0.564 0.565 0.531 0.497 0.491 0.528 0.482 0.432 0.42 0.39 0.372 0.354 0.299 0.27 0.299 0.395 0.501 0.371 0.351 0.467 0.496 0.472 0.427 0.383 0.353 0.362 0.353 0.272 0.205 0.131 0.138 0.134 0.067 0.045 0.083 0.083 0.032 0.119 0.186 0.232 0.148 0.06 -0.009
0.78 0.763 0.74 0.724 0.718 0.727 0.729 0.732 0.733 0.729 0.728 0.724 0.714 0.689 0.656 0.638 0.647 0.615 0.616 0.624 0.612 0.596 0.565 0.58 0.62 0.621 0.61 0.592 0.573 0.563 0.554 0.549 0.539 0.528 0.528 0.505 0.464 0.445 0.483 0.461 0.409 0.387 0.349 0.298 0.316 0.318 0.282 0.288 0.405 0.496 0.347 0.288 0.379 0.476 0.47 0.425 0.368 0.314 0.318 0.325 0.195 0.127 0.034 0.04 0.009 0.004 0.014 0.077 0.128 0.104 0.136 0.154 0.215 0.164 0.07 -0.044
0.78 0.758 0.745 0.729 0.732 0.746 0.747 0.743 0.736 0.732 0.724 0.712 0.68 0.658 0.639 0.647 0.629 0.611 0.61 0.604 0.583 0.591 0.57 0.596 0.616 0.603 0.581 0.557 0.54 0.527 0.534 0.537 0.519 0.495 0.491 0.477 0.416 0.433 0.454 0.431 0.404 0.386 0.326 0.288 0.268 0.254 0.252 0.262 0.383 0.487 0.344 0.26 0.299 0.429 0.464 0.428 0.351 0.273 0.288 0.273 0.096 0.049 0.007 0.023 0.028 0.051 0.082 0.108 0.135 0.101 0.12 0.116 0.146 0.146 0.076 -0.027
0.777 0.763 0.753 0.739 0.757 0.762 0.753 0.75 0.744 0.736 0.716 0.686 0.642 0.609 0.625 0.639 0.619 0.602 0.591 0.566 0.558 0.589 0.608 0.605 0.596 0.589 0.562 0.535 0.518 0.512 0.509 0.517 0.5 0.464 0.444 0.454 0.421 0.436 0.417 0.38 0.367 0.368 0.336 0.315 0.281 0.227 0.174 0.198 0.337 0.469 0.382 0.27 0.261 0.393 0.452 0.43 0.353 0.258 0.281 0.262 0.142 0.109 0.083 0.073 0.074 0.054 0.044 0.101 0.085 0.002 0.009 0.01 0.095 0.086 0.056 -0.013
0.786 0.777 0.767 0.772 0.777 0.771 0.766 0.755 0.751 0.731 0.706 0.657 0.622 0.61 0.638 0.619 0.606 0.595 0.559 0.565 0.577 0.603 0.616 0.594 0.584 0.561 0.545 0.523 0.51 0.494 0.473 0.494 0.475 0.444 0.408 0.407 0.422 0.404 0.357 0.37 0.363 0.326 0.307 0.28 0.259 0.237 0.178 0.17 0.292 0.44 0.44 0.354 0.289 0.38 0.439 0.425 0.366 0.297 0.318 0.297 0.214 0.137 0.071 0.005 0.013 -0.018 -0.005 0.057 0.027 -0.068 -0.108 -0.094 0.041 0.093 0.033 -0.066
0.793 0.793 0.794 0.792 0.787 0.777 0.769 0.759 0.751 0.729 0.699 0.668 0.652 0.641 0.616 0.602 0.589 0.58 0.567 0.588 0.602 0.586 0.583 0.593 0.574 0.531 0.517 0.514 0.505 0.478 0.46 0.463 0.443 0.43 0.386 0.386 0.414 0.359 0.321 0.355 0.347 0.341 0.304 0.244 0.172 0.164 0.155 0.15 0.262 0.389 0.443 0.418 0.36 0.371 0.418 0.418 0.376 0.353 0.341 0.244 0.096 0.008 -0.068 -0.059 -0.017 -0.017 -0.012 0.018 0.033 -0.049 -0.082 -0.137 -0.06 0.024 0.042 -0.068
0.796 0.808 0.804 0.788 0.788 0.787 0.774 0.752 0.741 0.729 0.703 0.654 0.636 0.596 0.583 0.579 0.54 0.559 0.585 0.596 0.564 0.557 0.559 0.572 0.562 0.503 0.497 0.505 0.495 0.467 0.457 0.423 0.382 0.379 0.377 0.383 0.355 0.326 0.31 0.312 0.297 0.301 0.291 0.204 0.173 0.172 0.161 0.16 0.222 0.33 0.419 0.416 0.351 0.366 0.387 0.409 0.389 0.372 0.332 0.163 0.027 -0.031 -0.043 0.033 0.018 0.018 0.005 -0.008 0.023 0.037 -0.014 -0.07 -0.166 -0.173 0.009 0.066
0.788 0.795 0.792 0.777 0.778 0.789 0.769 0.744 0.724 0.671 0.692 0.662 0.627 0.605 0.583 0.554 0.548 0.578 0.574 0.558 0.558 0.545 0.528 0.563 0.545 0.486 0.498 0.483 0.458 0.434 0.424 0.374 0.335 0.333 0.349 0.357 0.314 0.298 0.274 0.277 0.282 0.297 0.275 0.256 0.244 0.235 0.225 0.209 0.239 0.293 0.4 0.405 0.336 0.361 0.365 0.394 0.375 0.354 0.298 0.174 0.14 0.097 0.097 0.09 0.042 0.045 0.034 0.031 0.022 -0.031 -0.086 -0.136 -0.176 -0.234 -0.175 -0.166
0.759 0.768 0.775 0.77 0.791 0.792 0.765 0.724 0.666 0.638 0.66 0.652 0.618 0.593 0.568 0.541 0.552 0.579 0.55 0.54 0.514 0.511 0.518 0.552 0.533 0.488 0.483 0.479 0.45 0.406 0.377 0.36 0.322 0.327 0.311 0.289 0.257 0.269 0.23 0.233 0.253 0.269 0.274 0.239 0.164 0.134 0.161 0.212 0.218 0.237 0.36 0.388 0.34 0.351 0.352 0.377 0.358 0.337 0.245 0.218 0.18 0.14 0.112 0.106 0.099 0.067 0.048 0.018 -0.019 -0.106 -0.243 -0.323 -0.405 -0.406 -0.382 -0.322
0.731 0.74 0.778 0.79 0.801 0.794 0.754 0.714 0.654 0.641 0.64 0.631 0.633 0.613 0.602 0.582 0.57 0.545 0.538 0.534 0.509 0.508 0.522 0.537 0.493 0.453 0.448 0.45 0.44 0.41 0.385 0.361 0.324 0.314 0.302 0.236 0.235 0.224 0.181 0.188 0.2 0.225 0.233 0.154 0.073 0.015 0.044 0.113 0.191 0.207 0.343 0.371 0.342 0.319 0.352 0.368 0.354 0.343 0.198 0.215 0.146 0.107 0.125 0.141 0.113 0.086 0.035 -0.024 -0.109 -0.167 -0.241 -0.206 -0.274 -0.259 -0.286 -0.25
0.731 0.768 0.801 0.813 0.81 0.794 0.75 0.701 0.647 0.639 0.632 0.618 0.602 0.586 0.573 0.563 0.544 0.546 0.557 0.568 0.551 0.548 0.543 0.529 0.46 0.423 0.418 0.423 0.395 0.386 0.368 0.356 0.326 0.27 0.268 0.194 0.186 0.143 0.099 0.114 0.167 0.194 0.209 0.177 0.107 0.077 0.082 0.102 0.11 0.162 0.305 0.348 0.327 0.308 0.344 0.359 0.358 0.355 0.268 0.255 0.25 0.214 0.196 0.167 0.134 0.087 0.061 -0.026 -0.079 -0.077 -0.094 -0.122 -0.154 -0.154 -0.16 -0.232
0.765 0.791 0.818 0.826 0.815 0.775 0.706 0.652 0.621 0.624 0.618 0.593 0.555 0.534 0.54 0.54 0.542 0.557 0.56 0.536 0.552 0.549 0.525 0.499 0.465 0.426 0.409 0.394 0.352 0.314 0.305 0.294 0.298 0.256 0.22 0.135 0.072 0.031 0.021 0.061 0.137 0.147 0.161 0.124 0.109 0.098 0.052 0.046 0.044 0.161 0.311 0.302 0.283 0.273 0.318 0.347 0.347 0.342 0.326 0.315 0.272 0.168 0.08 0.01 -0.049 -0.092 -0.028 0.009 -0.059 -0.125 -0.211 -0.271 -0.356 -0.313 -0.271 -0.284
0.803 0.797 0.824 0.835 0.797 0.731 0.675 0.619 0.612 0.613 0.597 0.576 0.531 0.527 0.524 0.525 0.538 0.544 0.536 0.529 0.541 0.512 0.493 0.464 0.457 0.426 0.407 0.367 0.328 0.266 0.247 0.232 0.247 0.246 0.205 0.115 0.033 -0.025 0.002 0.053 0.049 0.056 0.056 0.046 0.015 -0.033 -0.071 -0.043 0.066 0.22 0.31 0.249 0.247 0.265 0.286 0.329 0.329 0.328 0.328 0.316 0.195 0.075 -0.023 -0.101 -0.15 -0.15 -0.12 -0.064 -0.149 -0.232 -0.318 -0.404 -0.493 -0.379 -0.565 -0.533
0.799 0.808 0.838 0.825 0.764 0.709 0.659 0.61 0.609 0.598 0.567 0.561 0.54 0.534 0.521 0.534 0.537 0.525 0.525 0.537 0.508 0.466 0.442 0.419 0.404 0.405 0.402 0.352 0.308 0.264 0.224 0.17 0.187 0.217 0.244 0.145 0.101 0.042 -0.037 -0.064 -0.099 -0.11 -0.087 -0.079 -0.106 -0.151 -0.223 -0.139 0.008 0.188 0.279 0.251 0.23 0.244 0.263 0.308 0.316 0.318 0.319 0.315 0.154 0.051 -0.032 -0.134 -0.232 -0.223 -0.21 -0.147 -0.226 -0.353 -0.385 -0.506 -0.66 -0.623 -0.82 -0.737
0.783 0.844 0.843 0.79 0.73 0.69 0.639 0.605 0.595 0.578 0.555 0.552 0.536 0.532 0.526 0.54 0.51 0.498 0.51 0.517 0.472 0.418 0.39 0.383 0.374 0.375 0.368 0.333 0.296 0.256 0.173 0.115 0.155 0.196 0.229 0.167 0.112 0.012 -0.122 -0.223 -0.281 -0.265 -0.226 -0.252 -0.267 -0.279 -0.371 -0.24 -0.059 0.123 0.228 0.235 0.22 0.228 0.25 0.284 0.301 0.306 0.309 0.314 0.254 0.146 -0.02 -0.134 -0.214 -0.331 -0.302 -0.216 -0.364 -0.497 -0.498 -0.668 -0.763 -0.845 -0.853 -0.697
0.802 0.865 0.825 0.755 0.69 0.654 0.608 0.585 0.57 0.58 0.578 0.567 0.549 0.544 0.546 0.536 0.499 0.488 0.486 0.492 0.454 0.402 0.375 0.338 0.359 0.338 0.327 0.283 0.265 0.255 0.178 0.141 0.17 0.19 0.195 0.083 -0.032 -0.162 -0.29 -0.375 -0.389 -0.39 -0.376 -0.446 -0.43 -0.43 -0.455 -0.27 -0.073 0.057 0.188 0.205 0.18 0.2 0.234 0.254 0.281 0.293 0.303 0.308 0.307 0.245 0.088 -0.035 -0.191 -0.291 -0.237 -0.248 -0.424 -0.592 -0.717 -0.71 -0.637 -0.893 -0.807 -0.647
0.842 0.851 0.784 0.713 0.654 0.615 0.573 0.559 0.577 0.593 0.584 0.585 0.571 0.563 0.548 0.521 0.492 0.484 0.47 0.473 0.437 0.389 0.346 0.316 0.294 0.276 0.235 0.218 0.197 0.206 0.195 0.125 0.13 0.161 0.142 -0.032 -0.191 -0.27 -0.305 -0.357 -0.313 -0.402 -0.453 -0.481 -0.526 -0.526 -0.435 -0.302 -0.222 -0.088 0.121 0.166 0.175 0.174 0.206 0.228 0.248 0.269 0.296 0.3 0.306 0.297 0.248 0.104 -0.103 -0.171 -0.109 -0.262 -0.463 -0.745 -0.785 -0.525 -0.778 -0.911 -0.733 -0.634
0.874 0.805 0.75 0.682 0.624 0.584 0.572 0.582 0.6 0.591 0.59 0.56 0.538 0.534 0.512 0.498 0.481 0.466 0.46 0.448 0.401 0.324 0.283 0.278 0.218 0.181 0.122 0.093 0.051 0.112 0.124 0.004 -0.012 0.058 0.1 -0.007 -0.105 -0.155 -0.199 -0.243 -0.205 -0.304 -0.342 -0.381 -0.466 -0.565 -0.451 -0.456 -0.381 -0.255 -0.086 0.042 0.13 0.161 0.175 0.194 0.211 0.235 0.261 0.291 0.301 0.304 0.301 0.248 0.081 0.012 -0.046 -0.217 -0.518 -0.701 -0.508 -0.663 -0.956 -0.816 -0.652 -0.46
0.85 0.769 0.717 0.652 0.615 0.628 0.609 0.611 0.599 0.584 0.566 0.521 0.499 0.484 0.451 0.429 0.443 0.424 0.428 0.427 0.341 0.253 0.21 0.264 0.153 0.051 -0.036 -0.066 -0.01 0.084 -0.021 -0.204 -0.226 -0.178 -0.014 0.025 -0.049 -0.059 -0.079 -0.146 -0.238 -0.246 -0.392 -0.447 -0.597 -0.66 -0.669 -0.689 -0.61 -0.561 -0.454 -0.285 -0.153 0.056 0.163 0.184 0.148 0.146 0.222 0.249 0.275 0.295 0.295 0.296 0.263 0.21 0.104 -0.046 -0.425 -0.387 -0.669 -0.909 -0.82 -0.533 -0.587 -0.294
0.823 0.73 0.689 0.637 0.656 0.647 0.631 0.605 0.573 0.563 0.511 0.483 0.458 0.421 0.403 0.379 0.38 0.403 0.443 0.396 0.332 0.295 0.305 0.223 0.064 -0.086 -0.2 -0.118 0.012 -0.006 -0.098 -0.303 -0.359 -0.217 -0.013 -0.077 -0.293 -0.206 -0.206 -0.303 -0.413 -0.317 -0.605 -0.686 -0.843 -0.841 -0.837 -0.808 -0.849 -0.855 -0.803 -0.736 -0.632 -0.35 -0.141 0.064 0.19 0.21 0.219 0.236 0.216 0.264 0.288 0.29 0.297 0.296 0.29 0.194 -0.093 -0.425 -0.797 -0.732 -0.471 -0.371 -0.359 0.043
0.796 0.714 0.663 0.651 0.663 0.634 0.59 0.553 0.566 0.514 0.448 0.419 0.383 0.342 0.248 0.239 0.299 0.352 0.428 0.423 0.345 0.35 0.258 0.127 -0.039 -0.263 -0.23 -0.066 -0.109 -0.149 -0.171 -0.405 -0.359 -0.191 -0.034 -0.213 -0.427 -0.241 -0.279 -0.47 -0.545 -0.435 -0.718 -0.914 -0.851 -0.857 -0.827 -0.597 -0.522 -0.531 -0.58 -0.78 -0.889 -0.687 -0.56 -0.306 -0.206 0.082 0.192 0.23 0.205 0.201 0.251 0.264 0.292 0.293 0.299 0.298 0.071 -0.419 -0.486 -0.376 -0.136 -0.269 -0.084 0.192
0.767 0.677 0.663 0.662 0.661 0.628 0.551 0.528 0.546 0.47 0.403 0.347 0.281 0.256 0.18 0.218 0.303 0.348 0.398 0.425 0.391 0.283 0.188 0.053 -0.164 -0.32 -0.212 -0.117 -0.181 -0.3 -0.259 -0.404 -0.294 -0.156 -0.134 -0.367 -0.477 -0.319 -0.242 -0.484 -0.574 -0.576 -0.834 -0.773 -0.672 -0.515 -0.764 -0.653 -0.405 -0.58 -0.849 -0.842 -0.822 -0.917 -0.828 -0.694 -0.428 -0.13 0.02 0.139 0.21 0.192 0.196 0.221 0.267 0.289 0.298 0.298 0.197 -0.032 -0.009 0.051 0.179 0.038 0.208 0.31
0.742 0.671 0.656 0.661 0.669 0.617 0.548 0.542 0.51 0.434 0.362 0.314 0.246 0.226 0.235 0.302 0.368 0.418 0.433 0.411 0.327 0.179 0.087 -0.061 -0.246 -0.363 -0.324 -0.273 -0.231 -0.386 -0.369 -0.435 -0.278 -0.121 -0.191 -0.391 -0.451 -0.41 -0.314 -0.606 -0.729 -0.747 -0.864 -0.831 -0.782 -0.434 -0.374 -0.368 -0.388 -0.683 -0.754 -0.743 -0.651 -0.601 -0.555 -0.484 -0.506 -0.356 -0.266 0.094 0.183 0.187 0.157 0.123 0.204 0.27 0.291 0.293 0.292 0.287 0.305 0.313 0.321 0.324 0.328 0.32
0.71 0.661 0.662 0.67 0.663 0.607 0.56 0.543 0.462 0.403 0.351 0.306 0.262 0.277 0.315 0.348 0.399 0.422 0.421 0.379 0.269 0.118 -0.059 -0.189 -0.248 -0.329 -0.369 -0.338 -0.32 -0.431 -0.379 -0.338 -0.147 -0.13 -0.312 -0.57 -0.543 -0.446 -0.461 -0.722 -0.859 -0.911 -0.777 -0.639 -0.446 -0.309 -0.18 -0.255 -0.323 -0.361 -0.305 -0.316 -0.295 -0.21 -0.166 -0.104 -0.056 0.053 0.039 0.013 0.078 0.095 0.139 0.074 0.1 0.186 0.247 0.27 0.293 0.299 0.309 0.312 0.311 0.316 0.298 0.148
0.685 0.672 0.682 0.67 0.634 0.59 0.567 0.514 0.422 0.37 0.336 0.3 0.28 0.294 0.318 0.364 0.406 0.401 0.394 0.354 0.206 0.027 -0.155 -0.174 -0.18 -0.183 -0.18 -0.238 -0.256 -0.373 -0.377 -0.277 -0.158 -0.281 -0.429 -0.659 -0.658 -0.667 -0.739 -0.775 -0.737 -0.652 -0.456 -0.275 -0.151 -0.074 -0.061 -0.04 -0.051 -0.052 -0.051 -0.033 -0.011 0.014 0.028 0.085 0.078 0.019 -0.053 -0.18 -0.347 -0.302 0 0.081 0.003 0.025 0.096 0.124 0.215 0.274 0.286 0.255 0.218 0.219 0.01 -0.268
0.682 0.676 0.669 0.634 0.589 0.563 0.549 0.502 0.446 0.391 0.343 0.307 0.274 0.263 0.301 0.366 0.399 0.38 0.384 0.334 0.171 -0.051 -0.157 -0.059 -0.054 -0.042 -0.051 -0.11 -0.207 -0.393 -0.486 -0.443 -0.36 -0.416 -0.58 -0.846 -0.834 -0.865 -0.887 -0.806 -0.611 -0.405 -0.22 -0.057 -0.058 -0.123 -0.144 -0.094 -0.075 -0.104 -0.12 -0.118 -0.084 -0.123 -0.056 -0.002 -0.122 -0.274 -0.398 -0.62 -0.931 -0.936 -0.4 0.015 0.001 -0.066 -0.077 -0.116 -0.031 0.091 0.116 0.063 -0.072 -0.184 -0.504 -0.338
0.678 0.687 0.633 0.583 0.536 0.526 0.528 0.502 0.469 0.424 0.366 0.297 0.247 0.263 0.331 0.383 0.384 0.367 0.384 0.333 0.147 -0.111 -0.162 0.001 0.063 -0.019 -0.161 -0.19 -0.255 -0.522 -0.635 -0.554 -0.577 -0.522 -0.798 -0.933 -0.876 -0.782 -0.868 -0.683 -0.524 -0.316 -0.134 -0.088 -0.196 -0.3 -0.381 -0.368 -0.391 -0.501 -0.541 -0.454 -0.357 -0.376 -0.094 -0.162 -0.385 -0.642 -0.763 -0.923 -1.144 -1.111 -0.675 -0.159 0.039 -0.063 -0.145 -0.242 -0.352 -0.289 -0.279 -0.224 -0.458 -0.718 -0.62 -0.296
