data/climatemaps/RS_maps/climate_breeding_tmp_2013.asc
NCOLS 369 
NROWS 228 
XLLCORNER 479000 
YLLCORNER 73000 
CELLSIZE 1000 
NODATA_value -9 
[rows 68 to 101 of 228, columns 228 to 303 of 369]
0.841 0.839 0.837 0.816 0.83 0.831 0.823 0.819 0.822 0.78 0.755 0.73 0.682 0.574 0.363 0.201 0.074 0 -0.125 -0.094 0.044 0.261 0.05 0.23 0.397 0.46 0.368 0.215 -0.088 -0.446 -0.34 -0.172 -0.456 -0.691 -0.79 -0.499 -0.355 -1.109 -1.293 -0.982 -0.962 -0.839 -0.253 0.19 0.545 0.855 0.926 0.948 0.947 0.935 0.848 0.796 0.787 0.898 0.92 0.797 0.762 0.86 0.874 0.864 0.865 0.878 0.809 -9 -9 -9 -9 -9 -9 -9 -9 -9 -9 -9 -9 -9
0.895 0.893 0.868 0.854 0.873 0.868 0.865 0.876 0.905 0.904 0.875 0.828 0.78 0.707 0.561 0.365 0.264 0.097 -0.17 -0.278 -0.107 0.25 0.009 0.039 0.266 0.437 0.432 0.283 -0.082 -0.44 -0.468 -0.54 -0.79 -0.713 -0.409 -0.031 -0.302 -0.712 -0.601 -0.657 -0.692 -0.322 0.056 0.376 0.691 0.889 0.932 0.947 0.945 0.918 0.842 0.852 0.916 0.931 0.81 0.451 0.383 0.628 0.775 0.865 0.892 0.893 0.878 -9 -9 -9 -9 -9 -9 -9 -9 -9 -9 -9 -9 -9
0.921 0.913 0.883 0.9 0.928 0.914 0.89 0.889 0.912 0.928 0.925 0.907 0.88 0.829 0.7 0.485 0.251 0.142 -0.173 -0.296 -0.101 0.105 -0.228 -0.133 0.042 0.143 0.247 0.298 0.042 -0.286 -0.717 -0.481 -0.342 -0.3 -0.086 -0.043 -0.24 -0.244 -0.253 -0.286 -0.17 -0.122 0.132 0.464 0.791 0.905 0.935 0.944 0.944 0.933 0.927 0.935 0.938 0.813 0.417 -0.014 0.159 0.515 0.528 0.671 0.785 0.861 0.884 -9 -9 -9 -9 -9 -9 -9 -9 -9 -9 -9 -9 -9
0.928 0.928 0.922 0.903 0.83 0.81 0.846 0.885 0.915 0.928 0.93 0.923 0.906 0.893 0.82 0.53 0.177 0.076 -0.062 -0.338 -0.203 -0.27 -0.353 -0.112 -0.255 -0.159 0.102 0.274 0.26 -0.25 -0.499 -0.387 -0.181 -0.044 0.112 0.087 0.028 0.011 0.062 0.072 0.089 0.134 0.296 0.572 0.845 0.917 0.939 0.941 0.942 0.948 0.952 0.949 0.885 0.529 -0.042 -0.262 0.257 0.389 0.177 0.311 0.519 0.698 -9 -9 -9 -9 -9 -9 -9 -9 -9 -9 -9 -9 -9 -9
0.923 0.919 0.904 0.866 0.776 0.78 0.864 0.926 0.932 0.932 0.933 0.92 0.847 0.914 0.845 0.66 0.261 -0.051 -0.008 -0.326 -0.459 -0.579 -0.416 -0.215 -0.009 0.147 0.133 0.191 0.312 -0.026 -0.135 -0.083 0.158 0.183 0.166 0.072 0.015 -0.057 -0.062 -0.028 0.063 0.189 0.389 0.628 0.862 0.922 0.942 0.941 0.943 0.949 0.953 0.929 0.653 0.182 -0.451 -0.247 0.27 0.252 -0.18 -0.064 0.336 0.553 -9 -9 -9 -9 -9 -9 -9 -9 -9 -9 -9 -9 -9 -9
0.904 0.908 0.901 0.883 0.869 0.878 0.874 0.927 0.931 0.933 0.931 0.868 0.797 0.921 0.896 0.795 0.391 -0.01 -0.336 -0.387 -0.758 -0.577 -0.271 -0.122 -0.05 -0.054 -0.305 -0.126 -0.083 0.192 0.206 0.164 0.01 -0.151 -0.171 -0.209 -0.217 -0.34 -0.349 -0.313 -0.208 -0.002 0.284 0.575 0.84 0.925 0.947 0.947 0.943 0.949 0.939 0.823 0.366 -0.19 -0.718 -0.33 0.266 -0.087 -0.561 -0.387 0.033 0.173 -9 -9 -9 -9 -9 -9 -9 -9 -9 -9 -9 -9 -9 -9
0.853 0.886 0.897 0.886 0.894 0.907 0.908 0.924 0.929 0.93 0.929 0.872 0.864 0.928 0.924 0.853 0.507 0.043 -0.559 -0.625 -0.697 -0.65 -0.451 -0.268 -0.359 -0.329 -0.4 -0.44 -0.273 -0.059 -0.121 -0.218 -0.438 -0.451 -0.488 -0.6 -0.589 -0.677 -0.567 -0.369 -0.22 0.02 0.251 0.439 0.726 0.901 0.943 0.948 0.945 0.948 0.906 0.729 0.163 -0.671 -0.978 -0.425 0.205 -0.452 -0.822 -0.353 -0.274 -0.381 0.041 0.389 0.159 0.177 -9 -9 -9 -9 -9 -9 -9 -9 -9 -9
0.674 0.729 0.801 0.844 0.858 0.865 0.848 0.861 0.875 0.907 0.922 0.925 0.924 0.928 0.928 0.875 0.44 -0.245 -0.64 -0.439 -0.448 -0.721 -0.577 -0.376 -0.456 -0.563 -0.524 -0.402 -0.225 -0.386 -0.657 -0.644 -0.662 -0.688 -0.839 -1.032 -0.949 -0.904 -0.647 -0.271 -0.118 -0.113 -0.105 0.178 0.512 0.63 0.85 0.946 0.948 0.948 0.841 0.583 -0.08 -0.858 -0.603 -0.038 -0.083 -0.49 -0.902 -0.501 -0.491 -0.49 -0.271 0.212 -0.058 -0.382 -0.562 -0.277 0.116 0.338 -9 -9 -9 -9 -9 -9
0.354 0.434 0.55 0.657 0.519 0.467 0.42 0.414 0.576 0.765 0.844 0.915 0.926 0.928 0.928 0.849 0.236 -0.514 -0.47 -0.098 -0.411 -0.312 -0.151 -0.148 -0.339 -0.387 -0.547 -0.477 -0.569 -0.812 -0.965 -0.946 -0.953 -0.984 -1.212 -1.237 -1.057 -0.826 -0.509 -0.166 -0.357 -0.691 -0.342 -0.118 0.064 0.359 0.739 0.937 0.948 0.948 0.842 0.551 -0.114 -0.776 -0.444 -0.016 -0.533 -0.803 -1.026 -0.715 -0.562 -0.638 -0.431 0.088 -0.091 -0.515 -0.758 -0.435 -0.127 0.105 0.429 0.615 0.769 -9 -9 -9
0.068 0.026 0.317 0.558 0.113 -0.017 -0.004 -0.025 0.002 0.29 0.403 0.561 0.841 0.925 0.928 0.809 0.14 -0.209 0.08 0.279 -0.098 0.145 0.162 -0.047 -0.21 -0.293 -0.606 -0.796 -0.931 -0.932 -0.846 -0.779 -0.667 -0.577 -0.837 -1.014 -0.955 -0.817 -0.683 -0.508 -0.84 -1.045 -0.782 -0.505 -0.181 0.287 0.621 0.856 0.949 0.948 0.907 0.484 -0.347 -0.833 -0.459 -0.098 -0.438 -0.768 -0.934 -0.707 -0.757 -0.682 -0.299 -0.11 -0.372 -0.688 -0.729 -0.541 -0.269 0.045 0.402 0.393 0.592 0.678 0.709 0.707
-0.137 -0.04 0.247 0.557 0.398 0.183 -0.011 -0.261 -0.305 -0.152 -0.049 0.117 0.468 0.819 0.919 0.812 0.468 0.248 0.535 0.664 0.462 0.566 0.495 0.251 0.109 -0.059 -0.287 -0.383 -0.375 -0.333 -0.183 -0.13 0.028 0.223 0.139 -0.152 -0.373 -0.49 -0.932 -1.128 -1.276 -1.19 -0.984 -0.635 -0.089 0.164 0.425 0.803 0.953 0.95 0.945 0.57 -0.163 -0.56 -0.194 -0.4 -0.706 -0.577 -0.852 -0.917 -0.809 -0.289 -0.25 -0.515 -0.678 -0.931 -0.685 -0.606 -0.486 0.012 0.298 -0.146 0.112 0.01 0.133 0.707
-0.15 0.094 0.383 0.504 0.344 0.301 0.119 -0.126 -0.359 -0.319 -0.25 -0.316 -0.109 0.416 0.794 0.907 0.8 0.755 0.858 0.901 0.913 0.882 0.851 0.785 0.718 0.625 0.575 0.612 0.621 0.621 0.643 0.62 0.686 0.776 0.783 0.66 0.326 -0.089 -0.847 -0.772 -0.995 -1.32 -0.868 -0.384 -0.416 -0.075 0.359 0.816 0.951 0.953 0.95 0.746 0.154 -0.248 -0.217 -0.695 -0.986 -0.716 -0.892 -1.017 -0.585 -0.188 -0.684 -0.81 -1.009 -0.915 -0.501 -0.27 -0.123 0.16 -0.126 -0.694 -0.505 -0.573 -0.47 0.269
-0.057 0.127 0.339 0.39 0.228 0.088 0.066 -0.055 -0.39 -0.453 -0.376 -0.332 -0.164 0.12 0.579 0.897 0.914 0.926 0.918 0.826 0.704 0.713 0.82 0.894 0.944 0.953 0.948 0.941 0.942 0.945 0.95 0.941 0.951 0.959 0.957 0.943 0.841 0.389 -0.37 -0.394 -0.556 -0.948 -0.998 -0.727 -0.742 -0.161 0.362 0.692 0.917 0.952 0.947 0.861 0.402 -0.006 -0.267 -0.583 -0.725 -0.789 -1.092 -0.983 -0.451 -0.315 -1.04 -1.055 -0.982 -0.722 -0.462 -0.021 0.113 -0.366 -0.184 -1.027 -1.044 -1.024 -0.632 0.252
-0.141 0.006 -0.007 0.355 0.33 0.065 -0.181 -0.127 -0.502 -0.525 -0.393 -0.388 -0.367 -0.157 0.346 0.826 0.918 0.852 0.645 0.425 0.299 0.331 0.426 0.606 0.753 0.835 0.867 0.887 0.913 0.926 0.917 0.848 0.915 0.916 0.807 0.956 0.963 0.887 0.204 -0.134 -0.45 -0.678 -1.124 -1.087 -0.693 -0.179 0.292 0.585 0.814 0.944 0.944 0.874 0.505 0.044 -0.421 -0.367 -0.622 -0.689 -1.088 -0.861 -0.338 -0.436 -1.023 -1.103 -0.889 -0.649 -0.347 0.111 -0.214 -0.724 -0.634 -0.965 -1.405 -0.98 -0.251 0.23
-0.325 -0.273 -0.398 0.067 0.255 0.134 -0.239 -0.231 -0.464 -0.61 -0.45 -0.346 -0.326 -0.219 0.033 0.673 0.91 0.672 0.239 -0.125 -0.14 -0.038 0.069 0.306 0.318 0.463 0.43 0.637 0.52 0.615 0.682 0.597 0.45 0.371 0.428 0.62 0.89 0.949 0.718 0.033 -0.488 -0.656 -0.864 -1.129 -0.758 -0.276 0.28 0.614 0.754 0.933 0.942 0.9 0.526 -0.058 -0.657 -0.412 -0.808 -0.747 -0.91 -0.766 -0.251 -0.498 -0.949 -1.212 -0.843 -0.43 -0.161 0.055 -0.697 -1.167 -1.095 -1.255 -1.233 -0.686 -0.286 0.169
-0.298 -0.428 -0.317 -0.079 0.224 0.232 -0.067 -0.482 -0.627 -0.609 -0.47 -0.321 -0.11 -0.007 0.162 0.632 0.904 0.707 0.183 -0.377 -0.562 -0.27 -0.375 -0.008 -0.259 -0.069 -0.007 0.438 -0.043 0.047 0.225 0.247 -0.172 -0.09 0.11 0.402 0.782 0.939 0.918 0.586 0.059 -0.531 -0.619 -0.809 -0.573 -0.149 0.312 0.669 0.832 0.935 0.939 0.866 0.382 -0.164 -0.768 -0.566 -0.795 -1.055 -1.055 -0.814 -0.268 -0.569 -1.033 -1.099 -0.719 -0.732 -0.667 -0.098 -0.882 -1.505 -1.262 -1.114 -0.788 -0.618 -0.319 0.031
-0.23 -0.414 -0.298 -0.115 0.11 0.287 -0.005 -0.695 -0.808 -0.632 -0.262 -0.065 0.048 0.093 0.056 0.686 0.903 0.785 0.238 -0.197 -0.624 -0.247 -0.886 -0.44 -0.7 -0.592 0.01 0.045 -0.485 -0.537 -0.307 -0.343 -0.447 -0.355 -0.152 0.238 0.554 0.798 0.898 0.888 0.636 0.001 -0.352 -0.711 -0.44 -0.026 0.424 0.775 0.912 0.94 0.933 0.702 0.132 -0.498 -0.974 -0.725 -0.663 -1.157 -1.21 -0.743 -0.433 -0.627 -0.904 -1.147 -0.904 -1.09 -0.561 -0.274 -0.785 -1.394 -0.998 -0.692 -0.533 -0.529 -0.39 -0.417
-0.161 -0.286 -0.334 -0.246 0.069 0.287 -0.054 -0.524 -0.911 -0.676 -0.128 -0.148 -0.266 -0.361 -0.306 0.74 0.842 0.467 0.035 -0.222 -0.583 -0.437 -1.186 -0.735 -0.872 -0.788 -0.113 -0.553 -0.785 -0.878 -0.762 -0.748 -0.693 -0.504 -0.099 0.163 0.258 0.474 0.637 0.826 0.903 0.704 0.073 -0.57 -0.514 -0.008 0.547 0.857 0.938 0.94 0.865 0.206 -0.31 -0.415 -0.988 -1.093 -0.769 -1.084 -1.06 -0.691 -0.955 -0.962 -1.095 -1.557 -1.493 -1.295 -0.787 -0.856 -0.681 -1.206 -1.024 -0.742 -0.729 -0.971 -0.851 -0.825
0.1 -0.096 -0.347 -0.284 0.105 0.168 -0.338 -0.707 -0.893 -0.367 -0.382 -0.665 -0.868 -1.073 -0.275 0.817 0.721 0.15 -0.303 -0.696 -0.751 -0.643 -1.255 -0.881 -0.63 -0.576 -0.194 -0.849 -1.155 -1.069 -0.979 -0.9 -0.703 -0.319 -0.001 -0.212 -0.205 0.077 0.332 0.543 0.818 0.911 0.644 0.141 -0.133 0.288 0.774 0.914 0.938 0.939 0.829 -0.062 -0.665 -0.683 -0.788 -1.264 -1.174 -1.501 -1.286 -1.016 -1.356 -1.312 -1.621 -1.923 -1.881 -1.767 -1.42 -1.499 -0.998 -1.191 -1.179 -1.03 -0.776 -1.139 -1.059 -0.787
0.162 -0.361 -0.796 -0.571 0.014 -0.177 -0.639 -0.964 -0.688 -0.465 -0.818 -1.016 -1.123 -1.068 0.141 0.845 0.612 0.18 -0.346 -0.818 -0.943 -0.949 -0.967 -0.779 -0.949 -0.916 -0.322 -0.924 -1.305 -1.106 -0.854 -0.628 -0.399 -0.085 -0.305 -0.707 -0.593 -0.3 0.007 0.278 0.511 0.77 0.867 0.78 0.574 0.768 0.922 0.901 0.826 0.815 0.812 0.16 -0.467 -1.046 -1.281 -1.443 -1.48 -1.235 -1.375 -1.364 -1.343 -1.1 -1.178 -1.47 -1.755 -1.896 -1.663 -1.376 -1.081 -1.232 -1.391 -1.151 -0.957 -1.219 -1.129 -0.642
0.063 -0.301 -0.809 -0.525 -0.128 -0.43 -0.881 -1.151 -0.755 -0.896 -1.058 -1.015 -0.794 -0.194 0.469 0.806 0.726 0.215 -0.315 -0.893 -1.242 -1.192 -0.918 -1.047 -1.16 -0.862 -0.514 -1.036 -1.295 -1.011 -0.786 -0.417 -0.172 -0.238 -0.803 -0.974 -0.752 -0.5 -0.254 0.043 0.223 0.457 0.719 0.907 0.892 0.922 0.938 0.918 0.695 0.448 0.73 0.548 -0.198 -1.087 -1.344 -1.173 -1.13 -0.989 -0.864 -0.914 -0.923 -0.68 -0.73 -0.914 -1.108 -1.392 -1.39 -1.234 -1.225 -1.357 -1.336 -1.247 -1.225 -1.129 -0.993 -0.652
-0.237 -0.289 -0.789 -0.537 -0.659 -0.903 -1.127 -1.091 -0.84 -0.885 -0.723 -0.464 0.042 0.391 0.611 0.74 0.82 0.578 -0.145 -0.956 -1.263 -1.371 -1.186 -1.08 -1.005 -0.866 -1.013 -1.248 -1.311 -1.113 -1.001 -0.641 -0.281 -0.499 -1.192 -1.02 -0.689 -0.583 -0.508 -0.225 0.092 0.378 0.535 0.82 0.92 0.937 0.935 0.933 0.91 0.68 0.43 0.604 0.355 -0.155 -0.61 -1.189 -0.949 -0.75 -0.599 -0.46 -0.309 -0.42 -0.556 -0.636 -0.831 -0.97 -1.111 -1.189 -1.242 -1.144 -1.001 -1.202 -1.532 -1.298 -0.927 -0.803
-0.225 -0.512 -0.879 -0.739 -0.876 -0.844 -0.587 -0.553 -0.617 -0.53 -0.016 0.198 0.202 0.159 0.401 0.536 0.777 0.821 0.349 -0.521 -1.018 -1.45 -1.393 -1.055 -1.221 -1.27 -1.258 -1.283 -1.444 -1.354 -1.218 -0.833 -0.411 -0.766 -1.285 -0.91 -0.863 -0.83 -0.701 -0.361 0.207 0.086 0.139 0.638 0.847 0.929 0.933 0.933 0.933 0.933 0.823 0.621 0.54 0.129 -0.327 -0.925 -0.996 -0.949 -0.882 -0.648 -0.215 -0.168 -0.37 -0.533 -0.887 -1.104 -0.999 -1.03 -1.098 -0.769 -0.728 -1.082 -1.357 -1.516 -1.28 -1.353
-0.269 -0.842 -0.687 -0.566 -0.483 -0.095 0.082 0.119 0.095 0.107 0.238 0.148 -0.147 -0.24 -0.47 -0.098 0.566 0.798 0.556 -0.298 -0.952 -1.333 -1.491 -1.185 -1.262 -1.323 -1.061 -1.158 -1.489 -1.488 -1.296 -0.846 -0.745 -1.049 -1.227 -1.05 -1.096 -0.984 -0.755 -0.126 0.263 -0.264 -0.258 0.308 0.535 0.7 0.798 0.899 0.924 0.933 0.901 0.796 0.703 0.37 0.049 -0.581 -0.927 -1.204 -1.066 -0.736 -0.201 0.028 -0.403 -0.717 -1.087 -1.025 -0.672 -0.734 -0.801 -0.499 -0.464 -0.816 -0.986 -1.207 -1.433 -1.691
-0.67 -0.89 -0.468 -0.243 -0.187 0.152 0.089 -0.043 0.021 -0.037 -0.5 -0.828 -0.973 -1.031 -1.083 -0.312 0.456 0.745 0.579 -0.243 -0.818 -1.074 -1.388 -1.063 -0.81 -0.967 -0.779 -1.155 -1.373 -1.31 -1.314 -1.149 -1.23 -1.287 -1.351 -1.249 -1.134 -0.811 -0.353 0.187 -0.178 -0.569 -0.533 -0.057 0.183 0.206 0.344 0.493 0.778 0.904 0.92 0.89 0.835 0.619 0.312 -0.214 -0.657 -1.108 -0.902 -0.51 -0.062 0.145 -0.242 -0.635 -0.992 -0.7 -0.242 -0.5 -0.436 -0.139 -0.351 -0.611 -0.959 -1.382 -1.294 -1.225
-0.882 -0.791 -0.495 -0.672 -0.789 -0.136 -0.445 -0.965 -0.936 -1.073 -1.528 -1.861 -1.737 -1.519 -0.761 -0.022 0.503 0.746 0.529 -0.046 -0.271 -0.595 -1.041 -0.746 -0.376 -0.652 -0.836 -1.276 -0.975 -1.031 -1.422 -1.409 -1.446 -1.325 -1.202 -1.114 -0.928 -0.632 0.065 0.031 -0.569 -0.983 -0.801 -0.342 -0.111 -0.295 -0.118 0.024 0.429 0.764 0.878 0.926 0.895 0.798 0.6 0.173 -0.195 -0.563 -0.474 -0.18 0.167 0.277 -0.126 -0.421 -0.595 -0.395 0.049 -0.328 -0.054 -0.138 -0.57 -0.836 -0.963 -1.288 -1.266 -0.981
-1.03 -0.73 -0.868 -1.165 -1.233 -0.696 -0.439 -0.863 -1.116 -1.585 -1.851 -2.002 -1.652 -1.183 -0.604 0.099 0.632 0.75 0.589 0.327 0.313 0.103 -0.337 -0.27 -0.328 -0.867 -1.219 -1.308 -0.648 -0.95 -1.479 -1.211 -1.244 -1.413 -0.865 -0.545 -0.389 -0.087 0.092 -0.254 -0.696 -1.28 -1.132 -0.569 -0.602 -0.736 -0.507 -0.209 0.364 0.58 0.652 0.874 0.918 0.891 0.795 0.555 0.194 -0.099 -0.014 0.141 0.421 0.37 0.168 0.015 -0.164 0.019 0.236 0.119 0.219 0.029 -0.285 -0.429 -0.756 -1.268 -1.106 -0.741
-0.611 -0.679 -1.062 -1.394 -1.425 -1.11 -0.705 -0.529 -0.955 -1.485 -1.787 -1.68 -0.96 -0.692 -0.278 0.386 0.731 0.545 0.404 -0.114 -0.111 0.24 0.276 0.168 -0.301 -0.927 -1.283 -1.217 -0.514 -0.848 -1.356 -0.827 -1.039 -1.08 -0.609 -0.139 -0.019 0.024 -0.205 -0.676 -0.862 -1.486 -1.407 -1.031 -1.055 -1.04 -0.752 -0.244 0.431 0.31 0.231 0.606 0.86 0.915 0.873 0.804 0.527 0.278 0.317 0.519 0.695 0.683 0.564 0.474 0.339 0.423 0.422 0.205 -0.071 -0.202 -0.213 -0.455 -0.776 -0.787 -0.624 -0.547
-0.55 -0.766 -1.13 -1.387 -1.332 -1.151 -0.957 -0.925 -1.16 -1.524 -1.513 -1.21 -0.632 -0.391 0.114 0.647 0.559 0.16 0.17 -0.42 -0.743 -0.281 0.058 0.372 -0.129 -0.736 -0.939 -1.056 -0.481 -0.763 -1.22 -0.85 -0.588 -0.532 -0.244 -0.358 -0.65 -0.618 -0.231 -0.955 -1.072 -1.57 -1.569 -1.244 -1.098 -0.928 -0.568 -0.128 0.41 0.028 -0.099 0.119 0.565 0.878 0.905 0.883 0.81 0.635 0.479 0.629 0.683 0.612 0.614 0.722 0.634 0.351 0.012 -0.256 -0.488 -0.63 -0.631 -0.591 -0.521 -0.362 -0.522 -0.635
-0.669 -0.816 -1.081 -1.311 -1.32 -1.174 -1.041 -1.471 -1.38 -1.213 -0.977 -0.694 -0.37 -0.018 0.503 0.622 0.229 -0.153 0.038 -0.536 -1.082 -0.84 -0.529 0.076 0.211 -0.392 -0.564 -0.609 -0.344 -0.804 -1.238 -0.807 -0.352 -0.43 -0.542 -0.781 -1.091 -1.044 -0.455 -1.028 -1.445 -1.749 -1.5 -1.052 -0.626 -0.431 -0.167 0.114 0.384 -0.147 -0.25 -0.015 0.473 0.879 0.909 0.897 0.857 0.262 0.366 0.334 0.136 0.032 -0.08 0.171 0.551 0.456 -0.077 -0.313 -0.435 -0.735 -0.941 -0.8 -0.434 -0.387 -0.831 -0.972
-0.648 -0.754 -0.908 -1.17 -1.46 -1.315 -1.337 -1.745 -1.545 -1.274 -1.026 -0.731 -0.495 0.158 0.663 0.318 -0.278 -0.351 -0.234 -0.607 -1.194 -1.244 -0.956 -0.414 0.3 0.05 -0.136 -0.238 -0.537 -1.232 -1.45 -0.825 -0.673 -1.054 -0.989 -1.068 -1.395 -1.153 -0.71 -1.081 -1.635 -1.813 -1.522 -1.048 -0.694 -0.502 -0.436 0.092 0.341 -0.287 -0.414 0.034 0.553 0.906 0.913 0.907 0.794 0.199 0.273 0.059 -0.36 -0.376 -0.496 -0.41 0.071 0.573 0.258 -0.039 -0.216 -0.595 -0.919 -0.725 -0.277 -0.461 -0.914 -1.178
-0.547 -0.711 -1 -1.287 -1.491 -1.399 -1.48 -1.561 -1.441 -1.171 -0.923 -0.699 -0.429 0.309 0.592 -0.08 -0.715 -0.53 -0.667 -0.736 -1.155 -1.083 -0.657 -0.341 0.227 -0.006 -0.497 -0.83 -1.234 -1.415 -1.409 -0.982 -1.033 -1.355 -1.368 -1.482 -1.507 -1.219 -1.092 -1.354 -1.771 -1.601 -1.739 -1.432 -1.148 -1.121 -0.794 -0.043 0.286 -0.48 -0.392 0.144 0.645 0.91 0.909 0.855 0.591 0.035 0.222 -0.157 -0.539 -0.663 -0.538 -0.269 0.124 0.58 0.382 -0.018 -0.371 -0.594 -0.616 -0.338 -0.138 -0.574 -1.089 -1.195
-0.504 -0.804 -1.036 -1.219 -1.236 -1.253 -1.297 -1.307 -1.176 -0.847 -0.614 -0.464 -0.045 0.568 0.377 -0.295 -0.773 -0.696 -0.809 -0.896 -1.231 -1.258 -0.906 -0.506 0.157 -0.161 -0.918 -1.163 -1.149 -1.199 -1.283 -1.067 -1.262 -1.523 -1.529 -1.437 -1.374 -1.27 -1.291 -1.412 -1.727 -1.336 -1.626 -1.51 -1.097 -1.006 -0.72 0.004 -0.005 -0.635 -0.269 0.18 0.701 0.908 0.9 0.76 0.458 -0.012 0.083 -0.087 -0.466 -0.682 -0.505 -0.076 0.315 0.545 0.478 0.034 -0.234 -0.259 -0.223 -0.024 -0.228 -0.712 -1.083 -1.269
-0.431 -1.011 -1.009 -1.084 -1.066 -1.205 -1.417 -1.381 -0.999 -0.614 -0.238 -0.096 0.438 0.494 -0.194 -0.25 -0.702 -0.908 -1.056 -1.077 -1.328 -1.346 -1.06 -0.607 0.082 -0.063 -0.752 -0.84 -0.864 -1.049 -1.506 -1.469 -1.526 -1.428 -1.271 -1.042 -0.953 -0.9 -0.943 -1.074 -1.483 -1.316 -1.192 -1.541 -1.227 -0.72 -0.282 0.192 -0.482 -0.633 -0.134 0.357 0.791 0.907 0.886 0.714 0.316 -0.229 -0.031 -0.202 -0.587 -0.616 -0.321 0.095 0.228 0.3 0.497 0.391 0.238 0.175 0.191 0.129 -0.128 -0.433 -0.706 -0.963
