data/climatemaps/RS_maps/climate_postbreed_tmp_2003.asc
NCOLS 369 
NROWS 228 
XLLCORNER 479000 
YLLCORNER 73000 
CELLSIZE 1000 
NODATA_value -9 
[rows 68 to 101 of 228, columns 152 to 227 of 369]
0.535 0.541 0.55 0.569 0.541 0.561 0.551 0.575 0.617 0.599 0.53 0.48 0.464 0.451 0.525 0.614 0.616 0.535 0.419 0.375 0.433 0.486 0.439 0.42 0.554 0.635 0.601 0.584 0.71 0.738 0.688 0.597 0.534 0.461 0.436 0.487 0.6 0.672 0.73 0.777 0.84 0.858 0.856 0.831 0.81 0.795 0.783 0.731 0.693 0.666 0.657 0.643 0.571 0.473 0.578 0.592 0.543 0.612 0.683 0.669 0.704 0.77 0.786 0.785 0.775 0.765 0.748 0.72 0.726 0.72 0.724 0.741 0.736 0.721 0.699 0.689
0.558 0.552 0.532 0.56 0.529 0.501 0.502 0.551 0.609 0.596 0.525 0.478 0.46 0.415 0.486 0.588 0.621 0.591 0.46 0.399 0.435 0.456 0.474 0.436 0.528 0.613 0.6 0.562 0.671 0.738 0.724 0.64 0.56 0.489 0.443 0.448 0.56 0.661 0.716 0.773 0.823 0.86 0.863 0.857 0.839 0.811 0.801 0.771 0.735 0.691 0.678 0.662 0.632 0.561 0.558 0.608 0.499 0.548 0.631 0.627 0.635 0.719 0.772 0.786 0.778 0.766 0.766 0.764 0.76 0.76 0.76 0.759 0.746 0.737 0.729 0.722
0.563 0.521 0.516 0.552 0.516 0.444 0.484 0.55 0.58 0.602 0.576 0.506 0.459 0.43 0.462 0.535 0.617 0.63 0.534 0.471 0.466 0.451 0.479 0.51 0.536 0.585 0.597 0.545 0.62 0.737 0.745 0.697 0.601 0.529 0.465 0.431 0.516 0.655 0.723 0.768 0.797 0.856 0.866 0.859 0.838 0.822 0.816 0.784 0.757 0.724 0.69 0.702 0.668 0.642 0.626 0.644 0.53 0.513 0.551 0.609 0.577 0.604 0.674 0.732 0.776 0.773 0.767 0.766 0.761 0.76 0.76 0.756 0.749 0.746 0.741 0.737
0.553 0.517 0.514 0.515 0.476 0.451 0.509 0.541 0.565 0.595 0.608 0.519 0.487 0.501 0.493 0.508 0.599 0.645 0.611 0.534 0.482 0.456 0.448 0.507 0.52 0.56 0.581 0.523 0.567 0.715 0.753 0.736 0.658 0.576 0.506 0.454 0.498 0.638 0.729 0.771 0.785 0.845 0.867 0.862 0.841 0.832 0.82 0.801 0.767 0.735 0.721 0.719 0.748 0.71 0.663 0.624 0.608 0.551 0.533 0.554 0.58 0.562 0.595 0.636 0.725 0.776 0.769 0.758 0.761 0.758 0.758 0.756 0.754 0.747 0.746 0.746
0.558 0.51 0.499 0.479 0.431 0.461 0.512 0.516 0.577 0.596 0.567 0.563 0.568 0.583 0.571 0.546 0.583 0.646 0.642 0.592 0.515 0.447 0.421 0.5 0.516 0.547 0.569 0.506 0.508 0.667 0.753 0.763 0.719 0.653 0.583 0.517 0.513 0.629 0.726 0.783 0.789 0.849 0.873 0.873 0.855 0.83 0.839 0.831 0.798 0.778 0.788 0.812 0.774 0.641 0.592 0.572 0.592 0.585 0.542 0.517 0.544 0.549 0.573 0.608 0.671 0.719 0.738 0.713 0.718 0.724 0.719 0.719 0.734 0.745 0.746 0.746
0.56 0.505 0.483 0.442 0.412 0.454 0.489 0.473 0.553 0.598 0.521 0.496 0.508 0.539 0.589 0.585 0.584 0.629 0.658 0.644 0.574 0.476 0.432 0.512 0.506 0.527 0.571 0.499 0.467 0.593 0.732 0.772 0.753 0.71 0.653 0.586 0.549 0.629 0.722 0.784 0.809 0.855 0.873 0.87 0.854 0.848 0.827 0.853 0.841 0.836 0.834 0.817 0.775 0.713 0.609 0.517 0.509 0.531 0.558 0.505 0.496 0.518 0.541 0.561 0.583 0.588 0.629 0.607 0.583 0.574 0.567 0.596 0.642 0.695 0.722 0.735
0.536 0.524 0.481 0.434 0.424 0.463 0.481 0.46 0.54 0.603 0.548 0.524 0.514 0.546 0.566 0.561 0.577 0.626 0.652 0.664 0.639 0.557 0.518 0.524 0.473 0.499 0.56 0.527 0.462 0.529 0.667 0.773 0.772 0.754 0.712 0.659 0.616 0.644 0.726 0.782 0.803 0.861 0.874 0.864 0.837 0.85 0.843 0.859 0.856 0.854 0.844 0.834 0.748 0.658 0.557 0.472 0.474 0.497 0.544 0.508 0.47 0.481 0.501 0.477 0.483 0.51 0.507 0.43 0.344 0.299 0.36 0.384 0.444 0.53 0.608 0.657
0.521 0.508 0.51 0.424 0.421 0.467 0.514 0.514 0.551 0.598 0.592 0.59 0.599 0.609 0.611 0.605 0.622 0.632 0.646 0.666 0.659 0.638 0.558 0.523 0.471 0.471 0.536 0.558 0.486 0.495 0.605 0.731 0.773 0.766 0.742 0.697 0.677 0.672 0.735 0.783 0.812 0.866 0.881 0.853 0.814 0.853 0.863 0.873 0.873 0.861 0.854 0.82 0.713 0.625 0.525 0.435 0.41 0.447 0.5 0.511 0.466 0.459 0.421 0.314 0.298 0.387 0.381 0.327 0.215 0.191 0.205 0.156 0.166 0.289 0.363 0.435
0.499 0.457 0.502 0.447 0.401 0.427 0.469 0.497 0.532 0.595 0.599 0.602 0.619 0.619 0.623 0.63 0.632 0.645 0.647 0.659 0.659 0.677 0.622 0.542 0.51 0.488 0.507 0.542 0.514 0.502 0.58 0.692 0.778 0.768 0.766 0.735 0.71 0.702 0.749 0.783 0.81 0.862 0.885 0.842 0.825 0.858 0.875 0.874 0.873 0.873 0.855 0.743 0.597 0.568 0.498 0.38 0.381 0.377 0.405 0.417 0.353 0.308 0.21 0.096 0.106 0.207 0.276 0.278 0.222 0.223 0.217 0.108 -0.003 0.014 0.096 0.245
0.45 0.439 0.467 0.467 0.441 0.413 0.438 0.463 0.51 0.553 0.58 0.595 0.613 0.624 0.611 0.545 0.541 0.577 0.621 0.655 0.676 0.682 0.681 0.615 0.542 0.525 0.518 0.527 0.529 0.532 0.577 0.665 0.767 0.779 0.766 0.755 0.757 0.753 0.773 0.785 0.806 0.869 0.889 0.844 0.851 0.861 0.881 0.88 0.876 0.874 0.837 0.626 0.459 0.514 0.481 0.339 0.291 0.242 0.195 0.205 0.102 0.096 0.064 0.101 0.14 0.218 0.261 0.235 0.212 0.205 0.222 0.161 0.022 -0.126 -0.057 0.072
0.431 0.425 0.436 0.406 0.45 0.394 0.4 0.449 0.542 0.552 0.57 0.598 0.601 0.612 0.582 0.517 0.506 0.489 0.576 0.643 0.673 0.691 0.699 0.693 0.65 0.61 0.576 0.565 0.567 0.575 0.599 0.663 0.749 0.778 0.768 0.765 0.788 0.787 0.791 0.784 0.801 0.878 0.896 0.865 0.863 0.862 0.888 0.89 0.886 0.88 0.798 0.518 0.36 0.483 0.494 0.352 0.274 0.233 0.2 0.177 0.1 0.066 0.125 0.214 0.231 0.264 0.237 0.207 0.21 0.22 0.223 0.201 0.084 -0.09 -0.103 -0.096
0.425 0.442 0.424 0.379 0.434 0.467 0.425 0.44 0.488 0.552 0.567 0.587 0.592 0.607 0.6 0.567 0.555 0.513 0.528 0.589 0.653 0.686 0.699 0.711 0.713 0.69 0.664 0.646 0.63 0.618 0.639 0.677 0.741 0.772 0.774 0.776 0.812 0.815 0.801 0.776 0.808 0.889 0.895 0.863 0.861 0.859 0.87 0.889 0.893 0.882 0.709 0.441 0.324 0.469 0.498 0.455 0.424 0.407 0.372 0.279 0.199 0.105 0.094 0.232 0.224 0.183 0.118 0.182 0.228 0.222 0.225 0.199 0.078 0.062 -0.027 -0.227
0.404 0.425 0.437 0.398 0.424 0.488 0.499 0.505 0.518 0.508 0.532 0.586 0.511 0.564 0.609 0.609 0.572 0.542 0.513 0.524 0.613 0.651 0.689 0.716 0.724 0.731 0.707 0.687 0.672 0.662 0.676 0.702 0.741 0.764 0.776 0.798 0.83 0.836 0.811 0.782 0.844 0.897 0.832 0.801 0.796 0.835 0.86 0.893 0.893 0.828 0.508 0.337 0.295 0.439 0.479 0.501 0.504 0.498 0.478 0.396 0.2 0.07 0.163 0.243 0.194 0.023 0.156 0.235 0.218 0.17 0.221 0.216 0.15 0.041 -0.036 -0.143
0.39 0.428 0.445 0.445 0.47 0.465 0.437 0.441 0.45 0.471 0.504 0.565 0.498 0.512 0.582 0.613 0.603 0.554 0.513 0.545 0.565 0.575 0.633 0.692 0.725 0.733 0.724 0.709 0.698 0.689 0.688 0.714 0.74 0.763 0.791 0.82 0.859 0.866 0.859 0.842 0.885 0.885 0.728 0.672 0.74 0.844 0.878 0.899 0.898 0.776 0.494 0.311 0.293 0.311 0.388 0.481 0.459 0.477 0.497 0.47 0.273 0.15 0.24 0.217 0.106 -0.033 0.104 0.221 0.117 0.07 0.208 0.222 0.102 -0.081 -0.151 -0.24
0.411 0.433 0.414 0.436 0.456 0.448 0.419 0.453 0.469 0.506 0.511 0.547 0.525 0.529 0.56 0.602 0.621 0.607 0.591 0.587 0.542 0.523 0.541 0.612 0.677 0.715 0.733 0.72 0.71 0.707 0.704 0.735 0.752 0.778 0.815 0.837 0.878 0.885 0.891 0.887 0.895 0.824 0.615 0.613 0.766 0.876 0.863 0.851 0.889 0.844 0.617 0.358 0.276 0.175 0.295 0.381 0.197 0.16 0.403 0.489 0.387 0.147 0.253 0.115 -0.102 -0.153 0.125 0.177 0.08 0.127 0.192 0.222 0.094 -0.158 -0.133 -0.225
0.437 0.413 0.387 0.412 0.439 0.443 0.426 0.449 0.485 0.495 0.471 0.51 0.558 0.551 0.582 0.584 0.6 0.622 0.621 0.594 0.535 0.512 0.493 0.518 0.601 0.667 0.716 0.727 0.722 0.731 0.73 0.756 0.779 0.8 0.837 0.863 0.88 0.892 0.883 0.886 0.864 0.659 0.566 0.67 0.812 0.872 0.818 0.854 0.91 0.905 0.797 0.506 0.292 0.134 0.269 0.337 0.222 0.069 0.232 0.483 0.38 0.065 0.22 0.074 -0.114 -0.026 0.172 -0.011 -0.052 0.048 0.034 0.193 0.099 0.021 0.065 -0.079
0.414 0.391 0.366 0.377 0.42 0.422 0.398 0.435 0.485 0.454 0.481 0.472 0.547 0.522 0.566 0.558 0.567 0.598 0.607 0.582 0.497 0.458 0.447 0.453 0.515 0.602 0.674 0.721 0.721 0.741 0.749 0.776 0.803 0.833 0.87 0.881 0.88 0.876 0.877 0.876 0.738 0.567 0.642 0.741 0.819 0.836 0.881 0.916 0.914 0.913 0.903 0.679 0.386 0.183 0.096 0.11 -0.006 -0.046 0.095 0.438 0.31 0.111 0.204 0.012 -0.169 -0.012 0.143 -0.163 -0.136 -0.217 -0.194 0.028 0.168 0.195 0.032 -0.191
0.391 0.359 0.334 0.36 0.39 0.382 0.384 0.417 0.469 0.43 0.47 0.423 0.503 0.514 0.55 0.549 0.557 0.571 0.592 0.586 0.532 0.483 0.448 0.448 0.455 0.55 0.641 0.705 0.721 0.744 0.763 0.786 0.815 0.852 0.884 0.884 0.858 0.872 0.859 0.739 0.701 0.691 0.737 0.779 0.839 0.861 0.78 0.885 0.919 0.917 0.913 0.77 0.399 0.103 -0.129 -0.19 -0.241 -0.043 0.213 0.418 0.301 0.188 0.074 -0.085 -0.348 -0.108 0.09 -0.277 -0.215 -0.386 -0.317 -0.217 0.004 0.2 0.114 -0.08
0.357 0.307 0.305 0.347 0.371 0.372 0.371 0.406 0.436 0.384 0.438 0.379 0.454 0.449 0.523 0.548 0.549 0.564 0.561 0.592 0.581 0.564 0.537 0.489 0.457 0.513 0.62 0.706 0.729 0.75 0.772 0.788 0.838 0.874 0.887 0.869 0.853 0.852 0.744 0.668 0.7 0.753 0.727 0.797 0.882 0.805 0.598 0.644 0.84 0.911 0.92 0.843 0.445 0.006 -0.147 -0.088 0.018 0.196 0.38 0.408 0.229 0.009 -0.188 -0.162 -0.37 -0.113 0.043 -0.336 -0.31 -0.444 -0.338 -0.221 0.006 0.18 0.102 0.15
0.325 0.279 0.28 0.318 0.32 0.376 0.337 0.395 0.395 0.348 0.378 0.349 0.366 0.364 0.434 0.522 0.553 0.528 0.555 0.596 0.548 0.538 0.562 0.554 0.526 0.556 0.631 0.699 0.732 0.746 0.765 0.82 0.858 0.873 0.858 0.866 0.84 0.77 0.744 0.771 0.752 0.727 0.798 0.889 0.88 0.72 0.419 0.297 0.407 0.75 0.914 0.905 0.717 0.332 0.243 0.219 0.297 0.397 0.488 0.342 0.067 -0.127 -0.338 -0.292 -0.366 -0.041 -0.075 -0.353 -0.43 -0.379 -0.245 -0.079 0.13 0.132 -0.088 -0.009
0.266 0.236 0.262 0.249 0.289 0.339 0.301 0.378 0.374 0.319 0.343 0.274 0.304 0.341 0.366 0.447 0.541 0.53 0.579 0.569 0.476 0.48 0.486 0.54 0.577 0.599 0.629 0.687 0.737 0.759 0.792 0.858 0.84 0.859 0.866 0.839 0.794 0.738 0.783 0.753 0.739 0.811 0.9 0.913 0.837 0.546 0.226 0.007 -0.125 0.32 0.806 0.89 0.854 0.641 0.565 0.503 0.547 0.594 0.596 0.355 0.02 -0.109 -0.334 -0.355 -0.261 -0.007 -0.224 -0.417 -0.391 -0.214 -0.066 0.024 0.132 -0.09 -0.345 -0.282
0.159 0.171 0.202 0.2 0.263 0.329 0.27 0.327 0.327 0.258 0.309 0.228 0.234 0.312 0.405 0.428 0.531 0.58 0.608 0.616 0.558 0.458 0.421 0.462 0.529 0.595 0.661 0.738 0.771 0.8 0.821 0.806 0.787 0.821 0.857 0.887 0.89 0.873 0.807 0.769 0.829 0.896 0.915 0.904 0.758 0.334 0.031 -0.254 -0.349 -0.097 0.47 0.752 0.812 0.785 0.768 0.747 0.763 0.772 0.739 0.525 0.251 0.066 -0.12 -0.313 -0.166 -0.044 -0.28 -0.472 -0.373 -0.164 0.001 -0.049 0.112 -0.119 -0.492 -0.594
0.181 0.086 0.125 0.162 0.23 0.278 0.258 0.3 0.301 0.226 0.184 0.233 0.289 0.282 0.308 0.386 0.513 0.507 0.455 0.464 0.607 0.617 0.549 0.54 0.639 0.725 0.775 0.798 0.804 0.798 0.754 0.68 0.713 0.763 0.864 0.878 0.899 0.9 0.839 0.852 0.901 0.919 0.905 0.877 0.741 0.378 0 -0.156 -0.176 -0.119 0.169 0.449 0.647 0.733 0.809 0.842 0.854 0.844 0.82 0.716 0.538 0.329 0.084 -0.307 -0.15 -0.127 -0.329 -0.488 -0.352 -0.189 -0.025 -0.093 0.059 -0.274 -0.699 -0.818
0.155 0.151 0.049 0.118 0.202 0.24 0.231 0.218 0.254 0.169 0.169 0.187 0.24 0.373 0.418 0.438 0.491 0.491 0.368 0.293 0.433 0.582 0.704 0.714 0.737 0.72 0.682 0.634 0.625 0.66 0.672 0.704 0.772 0.83 0.871 0.829 0.85 0.904 0.897 0.9 0.92 0.92 0.891 0.884 0.855 0.744 0.46 0.237 -0.01 -0.193 -0.096 0.011 0.31 0.504 0.648 0.748 0.803 0.84 0.802 0.796 0.687 0.53 0.255 -0.213 -0.27 -0.289 -0.413 -0.455 -0.301 -0.144 -0.146 -0.388 -0.188 -0.155 -0.75 -0.722
0.063 0.088 0.111 0.028 0.112 0.211 0.171 0.182 0.186 0.222 0.266 0.289 0.312 0.354 0.367 0.469 0.521 0.476 0.329 0.258 0.366 0.553 0.639 0.637 0.611 0.537 0.469 0.373 0.365 0.57 0.625 0.62 0.698 0.804 0.877 0.824 0.813 0.899 0.916 0.92 0.921 0.923 0.916 0.917 0.925 0.908 0.828 0.668 0.342 -0.165 -0.253 -0.196 0.001 0.123 0.319 0.447 0.519 0.555 0.561 0.811 0.774 0.695 0.475 0.123 -0.204 -0.371 -0.358 -0.395 -0.272 -0.341 -0.348 -0.641 -0.306 -0.132 -0.673 -0.808
0.023 -0.012 0.067 -0.005 0.07 0.13 0.121 0.13 0.106 0.169 0.209 0.207 0.281 0.344 0.433 0.434 0.501 0.447 0.274 0.27 0.403 0.565 0.519 0.462 0.463 0.421 0.389 0.285 0.236 0.445 0.404 0.367 0.491 0.686 0.855 0.868 0.832 0.896 0.923 0.922 0.924 0.927 0.927 0.927 0.932 0.931 0.928 0.888 0.687 0.21 -0.051 0.031 0.159 -0.038 -0.067 0.054 0.167 0.421 0.719 0.841 0.821 0.754 0.632 0.351 0.026 -0.078 -0.174 -0.393 -0.422 -0.597 -0.557 -0.48 -0.255 -0.477 -0.843 -1.008
0.099 -0.008 -0.057 -0.033 -0.011 0.003 -0.012 -0.025 -0.001 0.066 0.095 0.152 0.259 0.365 0.405 0.35 0.503 0.414 0.26 0.31 0.357 0.505 0.415 0.39 0.434 0.426 0.348 0.238 0.21 0.305 0.241 0.199 0.292 0.523 0.781 0.894 0.851 0.905 0.927 0.914 0.905 0.828 0.837 0.91 0.911 0.91 0.926 0.93 0.815 0.346 0.099 0.405 0.389 -0.037 0.11 0.418 0.591 0.754 0.851 0.846 0.826 0.704 0.472 0.387 0.227 0.002 -0.103 -0.235 -0.412 -0.643 -0.68 -0.615 -0.682 -0.819 -0.997 -1.036
0.067 -0.024 -0.091 -0.05 -0.088 0.014 -0.1 -0.085 -0.063 0.019 0.054 0.153 0.206 0.291 0.383 0.364 0.49 0.37 0.24 0.227 0.267 0.392 0.422 0.394 0.323 0.29 0.203 0.095 0.182 0.16 0.075 0.049 0.186 0.428 0.712 0.896 0.903 0.918 0.922 0.775 0.642 0.493 0.521 0.69 0.751 0.82 0.885 0.926 0.8 0.542 0.576 0.76 0.434 0.366 0.724 0.862 0.88 0.878 0.785 0.709 0.674 0.591 0.479 0.518 0.308 0.17 0.079 0.046 -0.216 -0.455 -0.535 -0.515 -0.414 -0.422 -0.494 -0.519
0.03 -0.088 -0.016 0.033 -0.037 0.047 -0.04 -0.016 0.036 0.114 0.133 0.205 0.175 0.311 0.365 0.41 0.461 0.313 0.195 0.154 0.135 0.296 0.366 0.201 0.119 -0.003 -0.093 -0.132 0.124 0.013 -0.163 -0.064 0.19 0.478 0.716 0.9 0.92 0.92 0.806 0.568 0.488 0.471 0.688 0.834 0.893 0.915 0.926 0.933 0.917 0.9 0.91 0.912 0.84 0.871 0.91 0.875 0.829 0.877 0.656 0.45 0.3 0.299 0.187 0.313 0.391 0.536 0.468 0.274 0.026 -0.117 0.092 0.18 0.075 -0.139 -0.304 -0.438
-0.017 -0.069 0.03 0.089 0.039 0.056 0.038 -0.038 0.012 0.09 0.173 0.249 0.264 0.292 0.363 0.441 0.414 0.284 0.181 0.072 0.017 0.197 0.247 0.058 -0.023 -0.199 -0.193 -0.073 -0.019 -0.227 -0.544 -0.462 -0.018 0.415 0.615 0.784 0.845 0.893 0.665 0.49 0.625 0.798 0.904 0.927 0.933 0.933 0.933 0.933 0.927 0.927 0.927 0.923 0.907 0.893 0.772 0.584 0.639 0.88 0.653 0.118 -0.367 -0.366 -0.224 -0.131 -0.128 0.072 0.309 0.494 0.453 0.438 0.471 0.414 0.004 -0.327 -0.444 -0.575
-0.021 -0.015 0.079 0.145 0.125 0.125 0.076 -0.051 0.061 0.121 0.175 0.183 0.237 0.328 0.437 0.37 0.334 0.316 0.239 0.111 0.041 0.032 0.017 -0.135 -0.198 -0.438 -0.474 -0.326 -0.483 -0.61 -0.665 -0.478 0.021 0.536 0.723 0.755 0.883 0.905 0.791 0.786 0.902 0.911 0.904 0.873 0.827 0.839 0.886 0.919 0.921 0.921 0.911 0.853 0.737 0.556 0.337 0.281 0.6 0.885 0.603 -0.148 -0.678 -0.514 -0.437 -0.446 -0.409 -0.377 -0.288 0.076 0.295 0.249 0.253 0.12 0.036 -0.041 -0.399 -0.62
0.072 0.073 0.104 0.185 0.186 0.105 0.018 0.007 0.084 0.093 0.108 0.185 0.319 0.425 0.362 0.238 0.202 0.188 0.184 0.188 0.159 0.045 -0.139 -0.422 -0.505 -0.369 -0.33 -0.273 -0.389 -0.405 -0.459 -0.206 0.346 0.827 0.901 0.895 0.828 0.81 0.897 0.901 0.906 0.852 0.762 0.66 0.425 0.358 0.676 0.736 0.774 0.781 0.698 0.537 0.426 0.314 0.271 0.396 0.612 0.886 0.725 0.138 -0.37 -0.534 -0.596 -0.633 -0.603 -0.624 -0.504 -0.327 -0.261 -0.341 -0.12 -0.446 -0.287 0.039 -0.033 -0.426
0.159 0.125 0.115 0.226 0.13 0.08 0.02 0.087 0.112 0.079 0.182 0.305 0.414 0.4 0.207 0.107 0.024 0.047 0.151 0.076 0.051 0.136 -0.155 -0.404 -0.464 -0.297 -0.192 -0.06 -0.036 -0.079 0.034 0.369 0.785 0.899 0.817 0.59 0.764 0.746 0.751 0.786 0.866 0.823 0.592 0.302 -0.061 0.102 0.382 0.312 0.28 0.257 0.304 0.292 0.087 -0.107 -0.055 0.289 0.749 0.888 0.842 0.469 0.09 -0.095 -0.275 -0.378 -0.454 -0.596 -0.617 -0.652 -0.831 -0.666 -0.305 -0.822 -0.779 -0.412 0.148 -0.178
0.194 0.131 0.224 0.212 0.092 -0.017 -0.017 0.05 0.156 0.194 0.285 0.375 0.425 0.305 0.019 -0.067 -0.139 0.064 0.038 -0.116 -0.171 0.032 -0.122 -0.357 -0.405 -0.31 -0.318 -0.175 0.183 0.407 0.561 0.746 0.874 0.878 0.647 0.708 0.721 0.401 0.366 0.379 0.579 0.834 0.548 -0.057 -0.377 -0.097 0.08 -0.098 -0.195 -0.137 0.092 -0.017 -0.348 -0.536 -0.223 0.482 0.877 0.888 0.792 0.223 -0.177 -0.181 -0.218 -0.361 -0.51 -0.692 -0.923 -1.103 -1.18 -0.727 -0.401 -1.088 -1.031 -0.629 -0.18 0.024
