data/climatemaps/RS_maps/climate_winter_tmin_2017.asc
NCOLS 369 
NROWS 228 
XLLCORNER 479000 
YLLCORNER 73000 
CELLSIZE 1000 
NODATA_value -9 
[rows 102 to 135 of 228, columns 0 to 76 of 369]
-9 -9 -9 -9 -9 -9 -9 -9 -9 -9 -9 -9 -9 -9 -9 -9 -9 -9 -9 -9 -9 -9 -9 -9 -9 -9 -9 -9 -9 -9 -9 -9 0.769 0.757 0.741 0.789 0.804 0.8 0.783 0.743 0.665 0.593 0.606 0.616 0.598 0.529 0.469 0.464 0.48 0.497 0.475 0.473 0.468 0.479 0.475 0.479 0.517 0.548 0.635 0.69 0.695 0.79 0.819 0.794 0.681 0.455 0.42 0.42 0.356 0.377 0.477 0.719 0.9 1.015 1.031 1.053 1.079
-9 -9 -9 -9 -9 -9 -9 -9 -9 -9 -9 -9 -9 -9 -9 -9 -9 -9 -9 -9 -9 -9 -9 -9 -9 -9 -9 -9 -9 -9 -9 -9 0.762 0.762 0.787 0.803 0.803 0.794 0.764 0.668 0.625 0.64 0.628 0.581 0.501 0.479 0.453 0.467 0.485 0.512 0.534 0.527 0.521 0.521 0.509 0.489 0.541 0.641 0.734 0.796 0.801 0.767 0.724 0.593 0.461 0.364 0.303 0.315 0.388 0.557 0.706 0.867 0.965 1.051 1.06 1.078 1.084
-9 -9 -9 -9 -9 -9 -9 -9 -9 -9 -9 -9 -9 -9 -9 -9 -9 -9 -9 -9 -9 -9 -9 -9 -9 -9 -9 -9 -9 -9 -9 -9 0.781 0.793 0.804 0.804 0.799 0.789 0.754 0.676 0.678 0.651 0.579 0.485 0.438 0.464 0.484 0.516 0.571 0.603 0.61 0.591 0.586 0.607 0.618 0.548 0.695 0.79 0.816 0.78 0.69 0.595 0.537 0.462 0.414 0.372 0.35 0.433 0.622 0.786 0.889 0.964 1.034 1.087 1.095 1.092 1.089
-9 -9 -9 -9 -9 -9 -9 -9 -9 -9 -9 -9 -9 -9 -9 -9 -9 -9 -9 -9 -9 -9 -9 -9 -9 -9 -9 -9 -9 -9 -9 -9 0.801 0.806 0.808 0.804 0.794 0.783 0.765 0.726 0.678 0.621 0.502 0.452 0.477 0.536 0.586 0.625 0.639 0.619 0.588 0.573 0.592 0.685 0.733 0.707 0.812 0.83 0.787 0.663 0.555 0.512 0.455 0.42 0.415 0.391 0.463 0.676 0.817 0.908 0.986 1.037 1.092 1.1 1.099 1.099 1.094
-9 -9 -9 -9 -9 -9 -9 -9 -9 -9 -9 -9 -9 -9 -9 -9 -9 -9 -9 -9 -9 -9 -9 -9 -9 -9 -9 -9 -9 -9 -9 -9 -9 0.809 0.805 0.802 0.793 0.774 0.751 0.739 0.63 0.556 0.506 0.517 0.564 0.636 0.636 0.586 0.547 0.513 0.487 0.492 0.539 0.646 0.738 0.81 0.769 0.755 0.678 0.57 0.511 0.459 0.405 0.441 0.479 0.488 0.655 0.826 0.924 0.994 1.058 1.097 1.111 1.106 1.102 1.101 1.101
-9 -9 -9 -9 -9 -9 -9 -9 -9 -9 -9 -9 -9 -9 -9 -9 -9 -9 -9 -9 -9 -9 -9 -9 -9 -9 -9 -9 -9 -9 -9 -9 -9 0.802 0.795 0.794 0.774 0.705 0.696 0.68 0.573 0.548 0.565 0.607 0.644 0.606 0.516 0.477 0.46 0.454 0.476 0.536 0.648 0.729 0.736 0.685 0.603 0.604 0.505 0.469 0.462 0.445 0.476 0.539 0.58 0.659 0.804 0.901 0.979 1.054 1.108 1.121 1.119 1.115 1.112 1.108 1.104
-9 -9 -9 -9 -9 -9 -9 -9 -9 -9 -9 -9 -9 -9 -9 -9 -9 -9 -9 -9 -9 -9 -9 -9 -9 -9 -9 -9 -9 -9 -9 -9 -9 0.778 0.777 0.744 0.68 0.637 0.646 0.729 0.612 0.622 0.661 0.664 0.587 0.499 0.455 0.468 0.48 0.505 0.557 0.658 0.648 0.607 0.527 0.434 0.43 0.473 0.424 0.429 0.45 0.486 0.532 0.556 0.566 0.667 0.844 0.941 1.022 1.106 1.131 1.128 1.128 1.125 1.117 1.114 1.109
-9 -9 -9 -9 -9 -9 -9 -9 -9 -9 -9 -9 -9 -9 -9 -9 -9 -9 -9 -9 -9 -9 -9 -9 -9 -9 -9 -9 -9 -9 -9 -9 -9 0.699 0.691 0.66 0.638 0.63 0.657 0.73 0.726 0.701 0.646 0.565 0.501 0.475 0.483 0.511 0.541 0.588 0.623 0.618 0.419 0.39 0.365 0.312 0.368 0.403 0.41 0.432 0.432 0.469 0.496 0.49 0.519 0.695 0.889 0.977 1.072 1.138 1.139 1.137 1.134 1.13 1.126 1.123 1.12
-9 -9 -9 -9 -9 -9 -9 -9 -9 -9 -9 -9 -9 -9 -9 -9 -9 -9 -9 -9 -9 -9 -9 -9 -9 -9 -9 -9 -9 -9 -9 -9 -9 0.664 0.665 0.654 0.659 0.698 0.729 0.734 0.668 0.611 0.531 0.48 0.49 0.509 0.538 0.558 0.59 0.565 0.6 0.413 0.345 0.293 0.314 0.358 0.448 0.453 0.431 0.464 0.484 0.588 0.638 0.68 0.77 0.897 0.986 1.047 1.118 1.153 1.146 1.141 1.14 1.138 1.134 1.131 1.123
-9 -9 -9 -9 -9 -9 -9 -9 -9 -9 -9 -9 -9 -9 -9 -9 -9 -9 -9 -9 -9 -9 -9 -9 -9 -9 -9 -9 -9 -9 -9 -9 -9 0.669 0.704 0.715 0.741 0.746 0.668 0.693 0.584 0.514 0.505 0.483 0.49 0.526 0.561 0.577 0.546 0.52 0.547 0.443 0.271 0.296 0.403 0.474 0.478 0.519 0.592 0.664 0.732 0.783 0.836 0.927 1.022 1.079 1.111 1.139 1.151 1.157 1.155 1.152 1.145 1.145 1.143 1.135 1.115
-9 -9 -9 -9 -9 -9 -9 -9 -9 -9 -9 -9 -9 -9 -9 -9 -9 -9 -9 -9 -9 -9 -9 -9 -9 -9 -9 -9 -9 -9 -9 -9 0.674 0.706 0.705 0.711 0.742 0.713 0.659 0.657 0.593 0.56 0.543 0.507 0.479 0.501 0.536 0.525 0.518 0.533 0.43 0.298 0.272 0.384 0.473 0.492 0.537 0.72 0.853 0.886 0.902 0.935 0.999 1.075 1.117 1.146 1.159 1.162 1.166 1.161 1.161 1.161 1.159 1.151 1.145 1.123 1.103
-9 -9 -9 -9 -9 -9 -9 -9 -9 -9 -9 -9 -9 -9 -9 -9 -9 -9 -9 -9 -9 -9 -9 -9 -9 -9 -9 -9 -9 -9 -9 -9 0.707 0.707 0.686 0.722 0.75 0.703 0.641 0.636 0.576 0.563 0.542 0.516 0.507 0.525 0.548 0.557 0.561 0.482 0.36 0.306 0.389 0.473 0.533 0.66 0.839 0.952 0.999 1.035 1.059 1.089 1.128 1.135 1.152 1.172 1.177 1.172 1.172 1.172 1.172 1.167 1.162 1.139 1.117 1.106 1.1
-9 -9 -9 -9 -9 -9 -9 -9 -9 -9 -9 -9 -9 -9 -9 -9 -9 -9 -9 -9 -9 -9 -9 -9 -9 -9 -9 -9 -9 -9 -9 -9 0.719 0.693 0.715 0.765 0.736 0.641 0.605 0.614 0.55 0.53 0.504 0.499 0.525 0.559 0.574 0.566 0.536 0.509 0.459 0.494 0.519 0.583 0.756 0.96 1.02 1.041 1.054 1.091 1.122 1.142 1.154 1.166 1.175 1.178 1.183 1.184 1.183 1.178 1.178 1.176 1.142 1.06 1.058 1.095 1.1
-9 -9 -9 -9 -9 -9 -9 -9 -9 -9 -9 -9 -9 -9 -9 -9 -9 -9 -9 -9 -9 -9 -9 -9 -9 -9 -9 -9 -9 -9 -9 0.731 0.715 0.711 0.758 0.759 0.675 0.608 0.584 0.594 0.513 0.479 0.48 0.502 0.548 0.56 0.559 0.535 0.51 0.585 0.602 0.644 0.665 0.768 0.971 1.017 1.008 1.036 1.073 1.107 1.129 1.152 1.171 1.179 1.184 1.185 1.189 1.194 1.194 1.193 1.184 1.158 1.05 1.036 1.056 1.058 1.09
-9 -9 -9 -9 -9 -9 -9 -9 -9 -9 -9 -9 -9 -9 -9 -9 -9 -9 -9 -9 -9 -9 -9 -9 -9 -9 -9 -9 -9 0.719 0.762 0.747 0.719 0.751 0.766 0.709 0.621 0.59 0.605 0.58 0.499 0.459 0.471 0.502 0.538 0.539 0.508 0.471 0.507 0.547 0.564 0.614 0.835 0.964 1.017 1.024 1.036 1.058 1.085 1.114 1.145 1.173 1.182 1.188 1.191 1.194 1.194 1.195 1.196 1.193 1.168 1.081 1.017 1.039 1.041 1.074 1.076
-9 -9 -9 -9 -9 -9 -9 -9 -9 -9 -9 -9 -9 -9 -9 -9 -9 -9 -9 -9 -9 -9 -9 -9 -9 -9 -9 -9 0.678 0.713 0.728 0.765 0.745 0.77 0.716 0.643 0.6 0.593 0.61 0.592 0.486 0.435 0.456 0.503 0.511 0.482 0.435 0.392 0.428 0.528 0.622 0.7 0.936 1.014 1.045 1.06 1.089 1.104 1.12 1.153 1.177 1.185 1.192 1.192 1.191 1.186 1.193 1.201 1.2 1.168 1.08 1.026 1.033 1.037 1.044 1.056 1.032
-9 -9 -9 -9 -9 -9 -9 -9 -9 -9 -9 -9 -9 -9 -9 -9 -9 -9 -9 -9 -9 -9 -9 -9 -9 -9 0.604 0.663 0.672 0.66 0.719 0.744 0.772 0.746 0.651 0.607 0.604 0.637 0.631 0.604 0.497 0.472 0.493 0.489 0.474 0.46 0.437 0.38 0.458 0.656 0.845 0.908 0.984 1.033 1.065 1.101 1.124 1.134 1.156 1.172 1.186 1.195 1.191 1.174 1.155 1.16 1.19 1.193 1.162 1.09 1.016 1.016 1.031 1.02 1.062 1.004 0.991
-9 -9 -9 -9 -9 -9 -9 -9 -9 -9 -9 -9 -9 -9 -9 -9 -9 -9 -9 -9 -9 -9 -9 -9 -9 0.597 0.636 0.641 0.637 0.663 0.697 0.76 0.773 0.729 0.674 0.644 0.661 0.68 0.647 0.62 0.548 0.521 0.535 0.514 0.517 0.503 0.422 0.385 0.55 0.803 0.955 0.971 1.006 1.042 1.076 1.124 1.109 1.139 1.173 1.177 1.189 1.189 1.153 1.108 1.126 1.159 1.177 1.152 1.106 1.05 1.015 1.01 1.01 1.042 1.031 0.969 0.98
-9 -9 -9 -9 -9 -9 -9 -9 -9 -9 -9 -9 -9 -9 -9 -9 -9 -9 -9 -9 -9 -9 -9 0.62 0.599 0.6 0.581 0.621 0.665 0.717 0.748 0.788 0.768 0.711 0.676 0.665 0.701 0.687 0.66 0.627 0.596 0.576 0.592 0.607 0.559 0.434 0.322 0.413 0.703 0.92 0.987 0.996 1.045 1.081 1.122 1.13 1.1 1.149 1.184 1.187 1.19 1.161 1.104 1.086 1.125 1.143 1.149 1.109 1.093 1.053 1.029 1.002 1.023 1.048 1 0.961 1.02
-9 -9 -9 -9 -9 -9 -9 -9 -9 -9 -9 -9 -9 -9 -9 -9 -9 -9 -9 -9 -9 -9 0.631 0.585 0.593 0.583 0.591 0.666 0.716 0.756 0.78 0.763 0.742 0.711 0.692 0.722 0.693 0.628 0.565 0.602 0.638 0.666 0.62 0.52 0.404 0.385 0.4 0.599 0.849 0.971 0.997 1.024 1.079 1.11 1.151 1.154 1.154 1.179 1.189 1.195 1.186 1.14 1.098 1.112 1.094 1.097 1.134 1.085 1.072 1.031 1.025 1.014 1.031 1.028 0.989 1.008 1.063
-9 -9 -9 -9 -9 -9 -9 -9 -9 -9 -9 -9 -9 -9 -9 -9 -9 -9 -9 -9 -9 0.646 0.615 0.579 0.561 0.592 0.627 0.684 0.697 0.706 0.73 0.704 0.676 0.702 0.74 0.71 0.627 0.469 0.47 0.628 0.739 0.617 0.51 0.453 0.415 0.478 0.611 0.822 0.941 1.004 1.036 1.081 1.107 1.14 1.164 1.171 1.181 1.186 1.192 1.182 1.166 1.132 1.116 1.104 1.095 1.14 1.117 1.084 1.046 1.016 1.02 1.025 1.029 1.032 1.027 1.067 1.06
-9 -9 -9 -9 -9 -9 -9 -9 -9 -9 -9 -9 -9 -9 -9 -9 -9 -9 -9 -9 0.642 0.615 0.609 0.563 0.542 0.616 0.647 0.647 0.666 0.697 0.728 0.712 0.716 0.732 0.682 0.617 0.554 0.445 0.477 0.722 0.699 0.557 0.55 0.566 0.588 0.724 0.816 0.9 0.969 1.009 1.058 1.096 1.136 1.162 1.171 1.179 1.183 1.186 1.152 1.152 1.152 1.124 1.104 1.102 1.144 1.168 1.095 1.062 1.017 1.012 1.027 1.023 1.02 1.03 1.058 1.026 1.034
-9 -9 -9 -9 -9 -9 -9 -9 -9 -9 -9 -9 -9 -9 -9 -9 -9 -9 -9 0.634 0.618 0.577 0.556 0.534 0.576 0.611 0.618 0.648 0.691 0.726 0.719 0.707 0.687 0.65 0.595 0.528 0.48 0.411 0.5 0.697 0.772 0.705 0.673 0.712 0.799 0.876 0.905 0.923 0.975 1.02 1.073 1.114 1.159 1.169 1.177 1.183 1.13 1.132 1.118 1.146 1.13 1.105 1.084 1.108 1.162 1.155 1.088 1.049 1.004 1.004 1.01 0.99 1.016 1.033 1.031 1.006 1.061
-9 -9 -9 -9 -9 -9 -9 -9 -9 -9 -9 -9 -9 -9 -9 -9 -9 -9 0.638 0.585 0.522 0.501 0.537 0.576 0.632 0.614 0.644 0.689 0.717 0.724 0.673 0.616 0.574 0.562 0.536 0.5 0.457 0.399 0.449 0.663 0.819 0.801 0.82 0.855 0.893 0.923 0.974 0.986 1.013 1.039 1.101 1.13 1.164 1.178 1.183 1.168 1.089 1.096 1.092 1.126 1.104 1.059 1.066 1.119 1.174 1.144 1.092 1.019 0.966 0.968 0.968 0.999 1.011 1.001 1.032 1.027 1.106
-9 -9 -9 -9 -9 -9 -9 -9 -9 -9 -9 -9 -9 -9 -9 -9 -9 0.655 0.593 0.502 0.489 0.537 0.585 0.622 0.637 0.667 0.7 0.705 0.695 0.658 0.589 0.537 0.522 0.536 0.526 0.507 0.485 0.446 0.518 0.691 0.85 0.868 0.888 0.849 0.745 0.833 0.909 0.978 1.011 1.067 1.097 1.133 1.176 1.181 1.189 1.16 1.102 1.082 1.093 1.115 1.081 1.035 1.068 1.131 1.173 1.143 1.092 1.009 0.98 0.955 0.962 1.008 0.978 1.023 1.048 1.064 1.145
-9 -9 -9 -9 -9 -9 -9 -9 -9 -9 -9 -9 -9 -9 -9 -9 0.619 0.549 0.5 0.501 0.553 0.59 0.601 0.615 0.654 0.706 0.691 0.648 0.607 0.568 0.526 0.498 0.52 0.53 0.549 0.568 0.577 0.61 0.766 0.837 0.83 0.785 0.724 0.676 0.714 0.841 0.915 0.997 1.025 1.082 1.085 1.119 1.185 1.191 1.194 1.167 1.132 1.098 1.106 1.111 1.079 1.045 1.075 1.143 1.162 1.147 1.089 1.033 1.001 0.981 0.988 0.974 1.009 1.068 1.105 1.151 1.112
-9 -9 -9 -9 -9 -9 -9 -9 -9 -9 -9 -9 -9 -9 -9 0.57 0.503 0.482 0.514 0.544 0.573 0.599 0.599 0.633 0.676 0.664 0.61 0.568 0.534 0.494 0.484 0.499 0.533 0.565 0.586 0.608 0.652 0.765 0.793 0.696 0.693 0.688 0.668 0.713 0.822 0.897 0.935 1.008 1.035 1.08 1.09 1.142 1.195 1.205 1.196 1.17 1.135 1.104 1.117 1.108 1.073 1.054 1.093 1.158 1.149 1.144 1.083 1.028 0.999 0.978 0.978 0.989 1.055 1.076 1.132 1.161 1.076
-9 -9 -9 -9 -9 -9 -9 -9 -9 -9 -9 -9 -9 0.645 0.572 0.495 0.466 0.504 0.536 0.561 0.588 0.618 0.635 0.625 0.626 0.59 0.545 0.527 0.507 0.489 0.481 0.518 0.553 0.571 0.572 0.58 0.647 0.686 0.598 0.606 0.7 0.682 0.695 0.727 0.838 0.926 0.959 1.015 1.046 1.091 1.119 1.176 1.208 1.217 1.199 1.158 1.121 1.101 1.119 1.101 1.075 1.066 1.121 1.158 1.138 1.133 1.07 1.007 0.97 0.979 0.99 1.027 1.079 1.079 1.153 1.12 1.046
-9 -9 -9 -9 -9 -9 -9 -9 -9 -9 -9 -9 0.673 0.581 0.512 0.485 0.508 0.559 0.574 0.608 0.625 0.631 0.557 0.536 0.58 0.575 0.549 0.543 0.521 0.492 0.498 0.533 0.549 0.57 0.582 0.622 0.655 0.54 0.561 0.662 0.72 0.611 0.573 0.66 0.823 0.923 0.972 1.029 1.065 1.109 1.147 1.197 1.221 1.225 1.189 1.156 1.124 1.106 1.121 1.096 1.082 1.096 1.134 1.144 1.13 1.123 1.07 1 0.954 0.986 1.014 1.06 1.095 1.142 1.147 1.042 1.005
-9 -9 -9 -9 -9 -9 -9 -9 -9 -9 -9 0.716 0.648 0.572 0.516 0.548 0.596 0.619 0.642 0.607 0.601 0.568 0.498 0.527 0.569 0.565 0.56 0.531 0.489 0.475 0.481 0.528 0.587 0.611 0.656 0.707 0.662 0.553 0.628 0.679 0.643 0.555 0.587 0.751 0.884 0.948 0.994 1.056 1.091 1.133 1.166 1.207 1.233 1.229 1.166 1.152 1.125 1.114 1.125 1.098 1.104 1.121 1.132 1.135 1.128 1.099 1.065 1.018 0.976 0.989 1.029 1.105 1.171 1.165 1.062 0.984 0.973
-9 -9 -9 -9 -9 -9 -9 -9 -9 -9 0.787 0.747 0.665 0.616 0.58 0.641 0.679 0.663 0.607 0.563 0.515 0.534 0.497 0.502 0.541 0.535 0.518 0.496 0.441 0.417 0.492 0.585 0.639 0.677 0.706 0.734 0.68 0.635 0.671 0.658 0.578 0.602 0.742 0.871 0.943 0.985 1.036 1.082 1.117 1.155 1.187 1.207 1.223 1.213 1.146 1.148 1.134 1.129 1.128 1.118 1.128 1.133 1.129 1.129 1.128 1.083 1.059 1.043 1.022 1.026 1.091 1.184 1.163 1.082 1.008 0.942 0.941
-9 -9 -9 -9 -9 -9 -9 -9 -9 -9 0.749 0.756 0.716 0.636 0.649 0.665 0.648 0.588 0.519 0.48 0.503 0.524 0.489 0.483 0.489 0.502 0.483 0.453 0.41 0.478 0.597 0.66 0.683 0.719 0.739 0.739 0.644 0.606 0.654 0.617 0.628 0.727 0.87 0.943 0.995 1.042 1.087 1.121 1.148 1.192 1.217 1.2 1.23 1.218 1.141 1.157 1.148 1.153 1.146 1.141 1.145 1.142 1.13 1.131 1.117 1.072 1.057 1.058 1.069 1.093 1.137 1.191 1.103 1.033 0.995 0.924 0.91
-9 -9 -9 -9 -9 -9 -9 -9 -9 0.674 0.655 0.679 0.701 0.697 0.675 0.631 0.587 0.504 0.454 0.446 0.481 0.521 0.502 0.482 0.461 0.468 0.436 0.431 0.47 0.585 0.651 0.681 0.728 0.756 0.736 0.653 0.54 0.498 0.621 0.683 0.745 0.851 0.94 0.995 1.048 1.1 1.114 1.141 1.162 1.198 1.222 1.233 1.264 1.201 1.153 1.173 1.168 1.173 1.172 1.161 1.157 1.147 1.131 1.122 1.1 1.061 1.049 1.063 1.108 1.132 1.171 1.184 1.125 1.053 1.01 0.924 0.909
-9 -9 -9 -9 -9 -9 -9 -9 0.671 0.641 0.629 0.643 0.675 0.694 0.655 0.608 0.531 0.478 0.446 0.454 0.484 0.536 0.504 0.47 0.454 0.44 0.432 0.486 0.559 0.638 0.692 0.736 0.759 0.721 0.576 0.531 0.506 0.516 0.656 0.758 0.842 0.923 1.002 1.054 1.103 1.119 1.13 1.17 1.159 1.177 1.198 1.247 1.273 1.19 1.179 1.185 1.187 1.185 1.181 1.176 1.162 1.134 1.128 1.106 1.09 1.039 1.022 1.06 1.112 1.152 1.166 1.153 1.134 1.093 1.031 0.939 0.908
