data/climatemaps/RS_maps/climate_postbreed_tmp_2014.asc
NCOLS 369 
NROWS 228 
XLLCORNER 479000 
YLLCORNER 73000 
CELLSIZE 1000 
NODATA_value -9 
[rows 34 to 67 of 228, columns 231 to 307 of 369]
1.126 1.094 1.066 1.07 1.061 1.044 1.03 1.048 1.098 1.116 1.115 1.12 1.138 1.132 1.129 1.152 1.162 1.151 1.181 1.186 1.181 1.175 1.158 1.145 1.117 1.108 1.1 1.121 1.137 1.142 1.161 1.166 1.187 1.2 1.207 1.217 1.222 1.233 1.245 1.248 1.255 1.255 1.255 1.255 1.25 1.248 1.248 1.252 1.242 1.246 1.246 1.247 1.245 1.241 1.234 1.234 1.234 1.234 1.229 1.228 1.221 1.221 1.222 1.218 1.123 0.883 0.672 -9 -9 -9 -9 -9 -9 -9 -9 -9 -9
1.11 1.123 1.104 1.099 1.05 1.018 1.06 1.121 1.153 1.147 1.139 1.138 1.123 1.098 1.103 1.103 1.139 1.141 1.155 1.169 1.183 1.183 1.162 1.114 1.1 1.087 1.1 1.109 1.114 1.121 1.137 1.144 1.164 1.178 1.189 1.196 1.207 1.218 1.237 1.243 1.255 1.255 1.255 1.255 1.253 1.248 1.253 1.255 1.247 1.248 1.248 1.248 1.246 1.241 1.238 1.234 1.234 1.234 1.234 1.232 1.222 1.222 1.228 1.228 1.11 0.819 0.632 -9 -9 -9 -9 -9 -9 -9 -9 -9 -9
1.099 1.144 1.144 1.138 1.129 1.126 1.15 1.164 1.154 1.137 1.13 1.1 1.071 1.062 1.074 1.084 1.098 1.098 1.117 1.128 1.111 1.124 1.157 1.117 1.083 1.09 1.114 1.124 1.117 1.117 1.126 1.14 1.151 1.167 1.181 1.195 1.204 1.218 1.234 1.236 1.251 1.255 1.255 1.255 1.255 1.253 1.256 1.255 1.249 1.248 1.248 1.248 1.248 1.243 1.235 1.234 1.234 1.234 1.235 1.235 1.227 1.227 1.228 1.226 1.134 0.798 0.638 0.759 -9 -9 -9 -9 -9 -9 -9 -9 -9
1.1 1.131 1.138 1.136 1.141 1.154 1.14 1.134 1.123 1.117 1.083 1.05 1.027 0.998 0.981 1.023 1.055 1.055 1.055 1.065 1.081 1.083 1.114 1.133 1.085 1.093 1.13 1.139 1.132 1.122 1.117 1.126 1.129 1.139 1.155 1.18 1.199 1.219 1.234 1.241 1.253 1.253 1.255 1.255 1.257 1.26 1.261 1.255 1.249 1.248 1.248 1.248 1.248 1.248 1.238 1.234 1.234 1.235 1.24 1.237 1.223 1.224 1.227 1.207 1.111 0.802 0.743 0.928 0.95 -9 -9 -9 -9 -9 -9 -9 -9
1.087 1.104 1.125 1.146 1.136 1.119 1.108 1.114 1.12 1.09 1.042 1.001 0.982 0.967 0.938 0.998 1.019 1.01 1.019 1.027 1.061 1.071 1.085 1.138 1.118 1.143 1.138 1.117 1.115 1.124 1.123 1.12 1.107 1.107 1.114 1.128 1.154 1.185 1.216 1.23 1.244 1.243 1.245 1.259 1.261 1.261 1.255 1.255 1.25 1.248 1.248 1.247 1.248 1.247 1.235 1.234 1.235 1.237 1.24 1.235 1.227 1.226 1.218 1.186 1.05 0.918 0.946 1.054 1.053 -9 -9 -9 -9 -9 -9 -9 -9
1.073 1.067 1.123 1.134 1.134 1.126 1.121 1.116 1.108 1.085 1.01 1.006 0.973 0.934 0.986 1.041 0.983 0.987 0.996 1.015 1.065 1.067 1.071 1.128 1.153 1.123 1.093 1.073 1.073 1.093 1.092 1.102 1.093 1.082 1.082 1.083 1.104 1.13 1.166 1.186 1.211 1.23 1.241 1.256 1.261 1.261 1.254 1.253 1.247 1.245 1.246 1.241 1.248 1.243 1.238 1.234 1.236 1.239 1.238 1.235 1.228 1.228 1.218 1.203 1.137 1.093 1.078 1.047 0.923 -9 -9 -9 -9 -9 -9 -9 -9
1.067 1.067 1.049 1.07 1.108 1.119 1.126 1.128 1.115 1.1 1.04 1.004 0.999 0.994 1.027 1.052 1.005 1.029 1.04 1.059 1.08 1.071 1.078 1.135 1.133 1.079 1.074 1.066 1.063 1.068 1.06 1.068 1.08 1.096 1.081 1.063 1.074 1.097 1.122 1.141 1.156 1.192 1.221 1.231 1.238 1.234 1.221 1.206 1.204 1.219 1.225 1.243 1.248 1.239 1.234 1.234 1.237 1.237 1.239 1.24 1.23 1.228 1.228 1.216 1.18 1.07 0.952 0.853 0.722 -9 -9 -9 -9 -9 -9 -9 -9
1.054 1.055 1.019 1.002 1.045 1.084 1.112 1.123 1.121 1.101 1.045 1.005 1.028 1.017 1.052 1.096 1.075 1.093 1.096 1.085 1.07 1.08 1.12 1.14 1.118 1.08 1.072 1.06 1.042 1.034 0.998 1.002 1.028 1.058 1.079 1.068 1.064 1.071 1.094 1.106 1.132 1.161 1.174 1.174 1.173 1.135 1.081 1.054 1.093 1.169 1.187 1.215 1.235 1.234 1.234 1.234 1.239 1.241 1.241 1.241 1.235 1.228 1.228 1.225 1.162 1.018 0.881 0.76 0.686 0.801 -9 -9 -9 -9 -9 -9 -9
0.955 1.021 1.025 0.995 1.027 1.04 1.089 1.112 1.101 1.091 1.071 1.059 1.048 1.061 1.108 1.127 1.118 1.109 1.087 1.081 1.085 1.125 1.145 1.125 1.088 1.059 1.052 1.041 1.006 0.944 0.902 0.902 0.924 1.003 1.056 1.074 1.053 1.047 1.054 1.063 1.107 1.115 1.08 1.061 1.016 0.939 0.904 0.939 1.026 1.073 1.082 1.091 1.13 1.164 1.213 1.236 1.236 1.241 1.241 1.241 1.235 1.231 1.228 1.228 1.205 1.098 0.925 0.779 0.769 0.896 -9 -9 -9 -9 -9 -9 -9
0.93 0.96 1.011 1.054 1.056 1.067 1.09 1.06 1.053 1.072 1.081 1.086 1.106 1.119 1.122 1.119 1.128 1.125 1.116 1.117 1.132 1.127 1.092 1.087 1.062 1.027 1.031 1.008 0.944 0.889 0.842 0.807 0.846 0.953 1.05 1.044 0.966 0.998 1.015 1.038 1.082 1.02 0.937 0.908 0.837 0.785 0.829 0.9 0.919 0.917 0.912 0.892 0.935 1.004 1.099 1.176 1.23 1.241 1.241 1.241 1.236 1.229 1.228 1.228 1.215 1.15 1.025 0.94 0.925 0.871 -9 -9 -9 -9 -9 -9 -9
0.928 0.976 1.004 0.998 1.023 1.062 1.07 1.014 1.038 1.045 1.074 1.088 1.111 1.098 1.085 1.086 1.104 1.117 1.125 1.129 1.108 1.057 1.042 1.051 1.045 1.039 1.024 0.986 0.923 0.865 0.843 0.826 0.894 0.952 1.021 0.993 0.907 0.978 0.987 1.021 1.019 0.902 0.829 0.809 0.762 0.729 0.75 0.825 0.841 0.819 0.848 0.775 0.803 0.936 1.049 1.164 1.232 1.24 1.241 1.241 1.235 1.228 1.228 1.228 1.215 1.064 0.922 0.865 0.795 0.674 -9 -9 -9 -9 -9 -9 -9
0.876 0.915 0.958 0.975 0.996 1.054 1.052 1.008 1.015 1.005 1.043 1.05 1.093 1.076 1.058 1.046 1.021 1.076 1.101 1.1 1.074 1.032 1.034 1.028 1.031 1.041 1.015 0.972 0.922 0.85 0.854 0.802 0.894 0.958 1.025 0.965 0.948 0.987 0.96 0.953 0.992 0.917 0.887 0.786 0.704 0.649 0.683 0.759 0.776 0.752 0.817 0.796 0.879 1.055 1.179 1.224 1.24 1.241 1.241 1.236 1.231 1.228 1.228 1.224 1.202 1.014 0.744 0.598 0.527 0.492 -9 -9 -9 -9 -9 -9 -9
0.863 0.865 0.909 0.977 0.996 1.035 1.003 0.963 0.944 0.94 0.994 0.994 1.057 1.071 1.052 1.04 1.033 1.061 1.061 1.051 1.072 1.047 1.027 1.012 1.015 1.02 0.982 0.955 0.925 0.883 0.864 0.904 0.959 1.006 1.011 0.946 0.948 0.91 0.859 0.854 0.889 0.87 0.894 0.773 0.712 0.657 0.639 0.655 0.718 0.758 0.847 0.903 0.99 1.137 1.23 1.241 1.241 1.241 1.241 1.235 1.228 1.227 1.221 1.213 1.191 0.948 0.64 0.444 0.366 0.453 -9 -9 -9 -9 -9 -9 -9
0.844 0.851 0.896 0.938 0.968 0.996 0.951 0.927 0.902 0.931 0.963 0.97 1.022 1.069 1.005 0.971 0.974 0.982 1.01 1.008 1.024 1.02 1.033 0.997 1.007 1.007 0.988 0.976 0.943 0.914 0.911 0.986 1.014 1.014 0.95 0.916 0.872 0.818 0.783 0.741 0.734 0.764 0.856 0.809 0.747 0.676 0.634 0.594 0.626 0.679 0.755 0.869 0.968 1.094 1.186 1.241 1.241 1.241 1.24 1.235 1.228 1.222 1.214 1.203 1.15 0.962 0.687 0.501 0.287 0.307 -9 -9 -9 -9 -9 -9 -9
0.826 0.824 0.871 0.877 0.929 0.965 0.901 0.889 0.868 0.906 0.915 0.935 1.016 1.057 0.979 0.902 0.887 0.862 0.924 0.939 0.996 0.998 1.015 1.019 1.004 1 0.978 0.972 0.961 0.956 0.977 0.995 1.013 0.96 0.889 0.849 0.804 0.757 0.726 0.69 0.69 0.718 0.754 0.772 0.763 0.702 0.608 0.638 0.708 0.774 0.903 1.057 1.168 1.23 1.241 1.241 1.241 1.241 1.24 1.236 1.232 1.228 1.215 1.197 1.123 1.025 0.865 0.649 0.36 0.257 0.473 -9 -9 -9 -9 -9 -9
0.869 0.844 0.834 0.85 0.896 0.922 0.864 0.828 0.831 0.865 0.884 0.899 1.016 1.039 0.974 0.96 0.948 0.93 0.899 0.912 0.892 0.919 0.958 0.956 0.968 0.963 0.92 0.922 0.888 0.92 0.946 0.942 0.968 0.935 0.863 0.807 0.744 0.72 0.738 0.731 0.694 0.642 0.636 0.669 0.635 0.621 0.65 0.75 0.904 1.019 1.134 1.219 1.239 1.241 1.241 1.241 1.241 1.241 1.235 1.235 1.233 1.228 1.215 1.177 0.977 0.976 0.974 0.801 0.508 0.312 0.318 -9 -9 -9 -9 -9 -9
0.841 0.846 0.837 0.821 0.875 0.863 0.827 0.827 0.867 0.894 0.928 0.948 0.988 1.052 0.994 0.899 0.866 0.819 0.83 0.834 0.799 0.841 0.881 0.872 0.907 0.922 0.866 0.884 0.861 0.845 0.857 0.861 0.924 0.903 0.895 0.832 0.789 0.784 0.762 0.699 0.64 0.609 0.598 0.56 0.514 0.614 0.798 0.943 1.068 1.183 1.224 1.241 1.241 1.241 1.241 1.241 1.241 1.24 1.235 1.236 1.236 1.211 1.075 0.89 0.642 0.702 0.957 0.828 0.588 0.368 0.23 -9 -9 -9 -9 -9 -9
0.801 0.771 0.797 0.794 0.774 0.818 0.766 0.787 0.793 0.818 0.893 0.916 0.993 1.042 1.024 0.978 0.926 0.866 0.879 0.831 0.781 0.788 0.814 0.847 0.883 0.841 0.788 0.837 0.866 0.816 0.778 0.814 0.895 0.85 0.912 0.875 0.827 0.822 0.776 0.705 0.691 0.663 0.514 0.466 0.499 0.669 0.834 1.003 1.167 1.206 1.221 1.24 1.241 1.241 1.24 1.239 1.241 1.234 1.234 1.234 1.216 1.083 0.785 0.468 0.401 0.558 0.805 0.716 0.47 0.291 0.233 -9 -9 -9 -9 -9 -9
0.789 0.771 0.749 0.683 0.708 0.795 0.812 0.841 0.864 0.892 0.904 0.936 0.981 1.037 0.982 0.936 0.969 0.946 0.883 0.857 0.82 0.773 0.787 0.804 0.843 0.747 0.756 0.816 0.813 0.799 0.771 0.841 0.872 0.83 0.891 0.879 0.759 0.723 0.749 0.775 0.726 0.603 0.562 0.6 0.524 0.632 0.853 1.047 1.178 1.219 1.224 1.24 1.241 1.241 1.234 1.235 1.238 1.234 1.234 1.226 1.125 0.896 0.555 0.266 0.335 0.47 0.658 0.609 0.418 0.218 0.075 -9 -9 -9 -9 -9 -9
0.877 0.81 0.773 0.639 0.688 0.729 0.822 0.835 0.886 0.858 0.885 0.883 0.937 1.026 0.932 0.851 0.891 0.957 0.906 0.871 0.827 0.789 0.767 0.726 0.817 0.732 0.739 0.788 0.741 0.777 0.827 0.838 0.815 0.822 0.881 0.885 0.763 0.719 0.639 0.622 0.656 0.68 0.68 0.641 0.622 0.72 0.907 1.105 1.209 1.226 1.23 1.24 1.24 1.236 1.228 1.235 1.235 1.236 1.238 1.196 1.006 0.731 0.37 0.159 0.322 0.519 0.59 0.458 0.28 -0.058 -9 -9 -9 -9 -9 -9 -9
0.887 0.882 0.831 0.717 0.738 0.697 0.708 0.759 0.836 0.752 0.823 0.865 0.933 1.009 0.945 0.825 0.826 0.957 0.858 0.834 0.811 0.796 0.699 0.681 0.755 0.744 0.701 0.717 0.734 0.796 0.831 0.78 0.694 0.68 0.803 0.878 0.862 0.782 0.731 0.638 0.639 0.703 0.675 0.602 0.582 0.699 0.888 1.088 1.206 1.224 1.229 1.235 1.234 1.228 1.228 1.238 1.238 1.229 1.193 0.952 0.686 0.468 0.198 0.303 0.505 0.506 0.443 0.276 -0.011 -0.182 -9 -9 -9 -9 -9 -9 -9
0.797 0.773 0.853 0.808 0.755 0.707 0.66 0.728 0.784 0.672 0.785 0.848 0.926 0.995 0.96 0.827 0.807 0.945 0.853 0.787 0.691 0.709 0.656 0.64 0.672 0.643 0.625 0.702 0.736 0.784 0.799 0.705 0.613 0.5 0.565 0.68 0.799 0.862 0.777 0.704 0.69 0.636 0.591 0.526 0.586 0.786 0.958 1.115 1.199 1.218 1.228 1.228 1.228 1.208 1.179 1.233 1.227 1.175 1.036 0.705 0.535 0.232 0.061 0.328 0.507 0.315 0.189 0.169 -0.011 -0.019 -9 -9 -9 -9 -9 -9 -9
0.682 0.708 0.822 0.814 0.75 0.652 0.643 0.748 0.675 0.649 0.763 0.853 0.914 0.966 0.952 0.793 0.763 0.915 0.82 0.708 0.614 0.629 0.723 0.684 0.629 0.672 0.695 0.69 0.693 0.745 0.764 0.635 0.499 0.511 0.602 0.642 0.705 0.817 0.846 0.796 0.718 0.683 0.684 0.651 0.7 0.818 0.973 1.112 1.184 1.194 1.228 1.23 1.232 1.213 1.184 1.227 1.179 1.051 0.848 0.619 0.371 0.121 -0.002 0.15 0.387 0.2 -0.127 -0.067 0.023 0.212 -9 -9 -9 -9 -9 -9 -9
0.647 0.742 0.771 0.75 0.667 0.631 0.546 0.631 0.638 0.723 0.775 0.781 0.839 0.932 0.954 0.801 0.687 0.842 0.881 0.838 0.782 0.767 0.724 0.687 0.73 0.726 0.649 0.559 0.581 0.701 0.746 0.645 0.588 0.641 0.689 0.699 0.707 0.711 0.787 0.82 0.794 0.742 0.641 0.567 0.538 0.629 0.831 0.975 1.096 1.157 1.232 1.234 1.234 1.233 1.222 1.215 1.097 0.988 0.82 0.623 0.481 0.213 0.067 0.103 0.248 0.169 -0.149 0.044 0.108 -9 -9 -9 -9 -9 -9 -9 -9
0.677 0.779 0.727 0.67 0.679 0.571 0.47 0.552 0.695 0.78 0.687 0.667 0.796 0.868 0.973 0.782 0.626 0.679 0.81 0.871 0.832 0.822 0.769 0.777 0.756 0.643 0.495 0.527 0.588 0.72 0.734 0.681 0.678 0.687 0.588 0.579 0.598 0.53 0.59 0.722 0.792 0.708 0.556 0.396 0.31 0.469 0.646 0.846 0.982 1.155 1.23 1.234 1.234 1.234 1.226 1.166 1.121 1.05 0.882 0.733 0.515 0.397 0.475 0.332 0.148 0.119 -0.19 0.002 -9 -9 -9 -9 -9 -9 -9 -9 -9
0.706 0.799 0.687 0.554 0.629 0.616 0.463 0.484 0.651 0.655 0.54 0.654 0.763 0.878 0.951 0.741 0.619 0.654 0.723 0.761 0.811 0.833 0.801 0.707 0.609 0.523 0.498 0.589 0.712 0.721 0.613 0.506 0.559 0.587 0.462 0.41 0.464 0.413 0.485 0.638 0.753 0.709 0.606 0.448 0.315 0.303 0.396 0.745 0.944 1.17 1.223 1.234 1.234 1.234 1.22 1.208 1.189 1.135 0.932 0.691 0.777 0.71 0.642 0.485 0.29 0.114 -0.257 -0.385 -9 -9 -9 -9 -9 -9 -9 -9 -9
0.714 0.838 0.717 0.509 0.605 0.565 0.536 0.521 0.503 0.504 0.467 0.607 0.693 0.795 0.985 0.838 0.73 0.659 0.643 0.742 0.754 0.718 0.766 0.629 0.617 0.574 0.483 0.542 0.739 0.64 0.496 0.443 0.455 0.357 0.339 0.314 0.425 0.462 0.571 0.601 0.683 0.675 0.646 0.505 0.29 0.106 0.349 0.778 1.116 1.225 1.221 1.234 1.234 1.226 1.219 1.214 1.194 1.133 1.021 0.903 0.717 0.417 0.291 0.435 0.406 0.118 -0.256 -9 -9 -9 -9 -9 -9 -9 -9 -9 -9
0.717 0.866 0.786 0.597 0.62 0.442 0.485 0.605 0.485 0.389 0.494 0.628 0.732 0.845 0.978 0.912 0.793 0.732 0.697 0.656 0.627 0.685 0.751 0.642 0.582 0.477 0.398 0.484 0.716 0.573 0.383 0.331 0.239 0.165 0.285 0.401 0.511 0.495 0.389 0.372 0.673 0.535 0.561 0.463 0.124 0.108 0.618 1.003 1.21 1.237 1.222 1.232 1.241 1.232 1.221 1.204 1.192 1.167 1.062 0.861 0.65 0.439 0.235 0.206 0.208 -0.07 -9 -9 -9 -9 -9 -9 -9 -9 -9 -9 -9
0.729 0.893 0.846 0.716 0.534 0.485 0.674 0.723 0.633 0.409 0.441 0.471 0.591 0.72 0.923 0.98 0.855 0.693 0.566 0.497 0.524 0.59 0.701 0.549 0.479 0.395 0.323 0.354 0.587 0.522 0.274 0.218 0.177 0.25 0.363 0.416 0.382 0.126 0.066 0.381 0.525 0.121 0.177 0.306 0.113 0.302 0.868 1.183 1.229 1.226 1.221 1.221 1.235 1.232 1.222 1.211 1.196 1.158 1.011 0.766 0.5 0.367 0.248 0.124 -9 -9 -9 -9 -9 -9 -9 -9 -9 -9 -9 -9 -9
0.857 0.969 0.86 0.695 0.569 0.649 0.806 0.714 0.502 0.434 0.631 0.659 0.7 0.826 0.857 0.946 0.931 0.759 0.575 0.477 0.477 0.504 0.624 0.58 0.504 0.382 0.236 0.238 0.348 0.477 0.4 0.35 0.254 0.246 0.229 0.14 -0.035 -0.012 0.233 0.3 0.118 0.074 0.23 0.122 0.281 0.802 1.142 1.222 1.234 1.228 1.222 1.224 1.228 1.23 1.227 1.215 1.184 1.094 0.978 0.804 0.676 0.532 0.396 0.343 -9 -9 -9 -9 -9 -9 -9 -9 -9 -9 -9 -9 -9
0.986 1.001 0.93 0.863 0.713 0.764 0.841 0.631 0.636 0.683 0.705 0.766 0.81 0.753 0.657 0.833 0.977 0.89 0.722 0.61 0.534 0.528 0.522 0.385 0.437 0.406 0.345 0.346 0.211 0.32 0.448 0.334 0.25 0.1 -0.223 -0.399 -0.166 0.178 -0.081 -0.15 0.093 0.139 -0.017 0.239 0.71 1.102 1.217 1.241 1.235 1.234 1.229 1.222 1.228 1.205 1.217 1.169 1.11 1.11 0.889 0.702 0.657 0.654 0.605 -9 -9 -9 -9 -9 -9 -9 -9 -9 -9 -9 -9 -9 -9
0.898 0.912 0.989 0.991 0.901 0.915 0.877 0.792 0.794 0.718 0.768 0.791 0.715 0.551 0.463 0.64 0.871 0.949 0.896 0.787 0.686 0.594 0.453 0.282 0.267 0.321 0.331 0.324 0.231 0.25 0.341 0.247 0.101 -0.314 -0.64 -0.451 -0.205 -0.075 -0.357 -0.116 0.021 -0.122 0.285 0.778 1.107 1.209 1.233 1.241 1.241 1.24 1.218 1.185 1.226 1.133 1.178 1.043 1.063 1.135 0.82 0.593 0.427 0.317 -9 -9 -9 -9 -9 -9 -9 -9 -9 -9 -9 -9 -9 -9 -9
1.036 1.04 1.051 1.037 1.006 0.993 0.989 0.952 0.885 0.84 0.807 0.683 0.543 0.408 0.367 0.53 0.681 0.836 0.873 0.864 0.832 0.729 0.519 0.398 0.454 0.496 0.488 0.454 0.385 0.378 0.311 0.114 -0.374 -0.583 -0.75 -0.481 -0.395 -0.373 -0.209 -0.321 -0.025 0.364 0.838 1.145 1.223 1.219 1.234 1.241 1.24 1.213 1.115 1.132 1.214 1.149 1.133 1.04 1.106 1.092 0.874 0.739 0.519 0.153 -9 -9 -9 -9 -9 -9 -9 -9 -9 -9 -9 -9 -9 -9 -9
1.127 1.113 1.104 1.119 1.122 1.091 1.06 1.04 1.001 0.953 0.836 0.625 0.509 0.405 0.352 0.425 0.521 0.683 0.696 0.661 0.78 0.83 0.72 0.645 0.632 0.527 0.481 0.424 0.45 0.355 0.275 -0.163 -0.403 -0.206 -0.305 -0.689 -0.655 -0.498 -0.542 -0.237 0.406 0.821 1.07 1.216 1.242 1.238 1.242 1.227 1.199 1.113 1.08 1.199 1.18 1.151 1.14 1.127 1.125 1.092 1.078 0.987 0.773 -9 -9 -9 -9 -9 -9 -9 -9 -9 -9 -9 -9 -9 -9 -9 -9
