data/climatemaps/RS_maps/climate_breeding_tmp_2018.asc
NCOLS 369 
NROWS 228 
XLLCORNER 479000 
YLLCORNER 73000 
CELLSIZE 1000 
NODATA_value -9 
[rows 34 to 67 of 228, columns 77 to 153 of 369]
1.465 1.408 1.347 1.384 1.453 1.44 1.429 1.409 1.392 1.368 1.363 1.368 1.363 1.356 1.363 1.355 1.346 1.353 1.354 1.34 1.333 1.346 1.358 1.368 1.33 1.34 1.335 1.318 1.324 1.331 1.329 1.332 1.351 1.385 1.398 1.366 1.338 1.324 1.32 1.304 1.302 1.305 1.297 1.286 1.319 1.375 1.404 1.415 1.436 1.464 1.472 1.509 1.527 1.529 1.536 1.543 1.55 1.561 1.555 1.552 1.556 1.514 1.501 1.469 1.471 1.532 1.559 1.554 1.555 1.551 1.533 1.513 1.512 1.508 1.491 1.469 1.452
1.465 1.404 1.388 1.413 1.457 1.42 1.421 1.43 1.421 1.4 1.384 1.367 1.355 1.352 1.354 1.348 1.341 1.35 1.344 1.344 1.333 1.327 1.337 1.354 1.343 1.336 1.334 1.324 1.317 1.313 1.322 1.32 1.339 1.332 1.356 1.385 1.344 1.305 1.305 1.305 1.303 1.277 1.269 1.266 1.329 1.355 1.387 1.408 1.421 1.431 1.451 1.465 1.485 1.497 1.51 1.511 1.53 1.556 1.547 1.538 1.564 1.57 1.564 1.563 1.563 1.556 1.549 1.525 1.487 1.46 1.437 1.468 1.452 1.43 1.376 1.348 1.418
1.46 1.413 1.434 1.452 1.445 1.4 1.373 1.392 1.406 1.411 1.415 1.383 1.359 1.358 1.355 1.346 1.342 1.344 1.328 1.335 1.33 1.314 1.314 1.328 1.346 1.341 1.326 1.325 1.312 1.302 1.318 1.311 1.316 1.3 1.305 1.358 1.377 1.313 1.276 1.268 1.273 1.251 1.247 1.241 1.281 1.33 1.384 1.411 1.395 1.404 1.428 1.434 1.448 1.474 1.467 1.461 1.514 1.555 1.531 1.535 1.55 1.56 1.56 1.561 1.56 1.537 1.51 1.458 1.417 1.376 1.37 1.458 1.43 1.39 1.303 1.24 1.325
1.47 1.46 1.452 1.422 1.42 1.379 1.354 1.36 1.373 1.371 1.418 1.402 1.381 1.378 1.367 1.356 1.346 1.342 1.326 1.335 1.323 1.307 1.298 1.315 1.332 1.334 1.327 1.313 1.311 1.304 1.303 1.3 1.285 1.288 1.292 1.327 1.379 1.354 1.3 1.27 1.246 1.236 1.226 1.22 1.254 1.341 1.398 1.378 1.364 1.415 1.381 1.41 1.441 1.48 1.446 1.449 1.517 1.54 1.482 1.505 1.48 1.526 1.536 1.534 1.525 1.508 1.457 1.443 1.401 1.385 1.361 1.4 1.43 1.343 1.344 1.254 1.206
1.473 1.424 1.376 1.37 1.397 1.407 1.372 1.353 1.342 1.345 1.397 1.383 1.348 1.359 1.349 1.347 1.345 1.324 1.332 1.322 1.312 1.293 1.308 1.315 1.316 1.325 1.307 1.308 1.297 1.296 1.288 1.288 1.274 1.272 1.278 1.287 1.365 1.382 1.361 1.331 1.292 1.269 1.227 1.203 1.237 1.303 1.354 1.351 1.374 1.411 1.386 1.412 1.478 1.467 1.424 1.458 1.525 1.523 1.407 1.42 1.417 1.387 1.445 1.446 1.486 1.493 1.351 1.429 1.435 1.366 1.292 1.356 1.395 1.306 1.232 1.287 1.19
1.433 1.389 1.365 1.364 1.386 1.371 1.413 1.384 1.336 1.358 1.379 1.396 1.335 1.29 1.247 1.262 1.33 1.305 1.304 1.306 1.25 1.254 1.284 1.299 1.296 1.311 1.293 1.3 1.284 1.279 1.261 1.224 1.208 1.246 1.272 1.275 1.346 1.359 1.368 1.369 1.356 1.321 1.265 1.245 1.285 1.32 1.388 1.419 1.444 1.456 1.465 1.473 1.5 1.45 1.402 1.473 1.529 1.496 1.276 1.251 1.278 1.204 1.312 1.365 1.46 1.501 1.32 1.297 1.391 1.217 1.181 1.325 1.301 1.298 1.187 1.264 1.246
1.4 1.376 1.364 1.359 1.354 1.314 1.386 1.352 1.313 1.371 1.372 1.388 1.306 1.246 1.267 1.321 1.338 1.272 1.209 1.209 1.273 1.25 1.241 1.259 1.246 1.292 1.274 1.293 1.273 1.253 1.134 1.083 1.047 1.105 1.191 1.167 1.19 1.192 1.246 1.319 1.361 1.355 1.324 1.286 1.345 1.399 1.434 1.434 1.43 1.437 1.454 1.48 1.496 1.457 1.452 1.498 1.529 1.479 1.295 1.206 1.114 1.081 1.25 1.354 1.41 1.503 1.36 1.202 1.322 1.197 1.244 1.238 1.257 1.281 1.127 1.132 1.107
1.428 1.378 1.353 1.35 1.313 1.287 1.342 1.274 1.292 1.332 1.333 1.344 1.326 1.328 1.312 1.316 1.298 1.313 1.318 1.31 1.294 1.301 1.273 1.25 1.241 1.273 1.282 1.278 1.269 1.207 1.13 1.115 1.112 1.09 1.106 1.088 1.123 1.13 1.214 1.321 1.348 1.362 1.33 1.356 1.402 1.417 1.357 1.272 1.331 1.371 1.446 1.474 1.463 1.462 1.477 1.505 1.517 1.456 1.304 1.2 1.061 1.143 1.205 1.24 1.352 1.48 1.448 1.277 1.264 1.217 1.154 1.119 1.172 1.181 1.215 1.144 1.077
1.423 1.386 1.383 1.352 1.276 1.215 1.252 1.209 1.254 1.262 1.266 1.238 1.248 1.335 1.29 1.292 1.296 1.293 1.318 1.307 1.276 1.293 1.298 1.264 1.243 1.268 1.282 1.243 1.214 1.095 1.164 1.146 1.13 1.166 1.163 1.206 1.218 1.237 1.262 1.312 1.347 1.341 1.328 1.379 1.4 1.306 1.164 1.198 1.272 1.251 1.299 1.378 1.429 1.45 1.476 1.498 1.514 1.437 1.279 1.042 0.957 1.057 1.189 1.276 1.317 1.404 1.465 1.463 1.367 1.32 1.265 1.289 1.162 1.049 1.233 1.255 1.255
1.413 1.371 1.373 1.324 1.231 1.151 1.169 1.163 1.215 1.193 1.196 1.192 1.243 1.278 1.326 1.255 1.238 1.271 1.299 1.297 1.271 1.282 1.307 1.281 1.267 1.257 1.284 1.219 1.102 1.062 1.138 1.142 1.142 1.179 1.181 1.161 1.196 1.244 1.282 1.31 1.327 1.321 1.32 1.347 1.346 1.227 1.194 1.169 1.154 1.161 1.177 1.187 1.249 1.359 1.438 1.49 1.495 1.366 1.191 1.036 0.988 0.977 1.166 1.326 1.367 1.34 1.457 1.406 1.443 1.425 1.412 1.407 1.33 1.247 1.308 1.346 1.341
1.405 1.388 1.368 1.293 1.186 1.13 1.128 1.112 1.146 1.128 1.17 1.188 1.19 1.222 1.321 1.239 1.209 1.217 1.296 1.266 1.261 1.283 1.307 1.272 1.272 1.271 1.253 1.126 1.115 1.082 1.093 1.062 1.012 1.073 1.054 1.031 1.067 1.143 1.207 1.249 1.271 1.28 1.243 1.222 1.214 1.116 1.037 0.98 0.934 0.935 0.971 1.06 1.117 1.226 1.328 1.418 1.433 1.26 1.097 1.046 0.979 1.061 1.222 1.343 1.297 1.333 1.444 1.325 1.319 1.275 1.309 1.404 1.375 1.39 1.325 1.348 1.3
1.332 1.37 1.332 1.219 1.13 1.099 1.113 1.099 1.101 1.103 1.161 1.158 1.126 1.206 1.3 1.277 1.191 1.203 1.285 1.239 1.246 1.262 1.279 1.242 1.244 1.261 1.208 1.162 1.091 1.011 0.962 0.942 0.916 0.954 0.935 0.963 1.001 1.076 1.12 1.124 1.15 1.153 1.044 1.023 0.981 0.929 0.914 1.032 1.028 1.108 1.191 1.285 1.278 1.16 1.174 1.357 1.433 1.168 1.059 1.036 1.065 1.238 1.294 1.317 1.301 1.34 1.424 1.363 1.277 1.199 1.205 1.361 1.243 1.316 1.237 1.217 1.259
1.287 1.34 1.32 1.193 1.117 1.106 1.1 1.114 1.095 1.107 1.155 1.124 1.109 1.175 1.251 1.285 1.203 1.21 1.253 1.221 1.227 1.218 1.232 1.198 1.203 1.196 1.12 1.085 0.98 0.96 0.961 0.964 1.001 1.044 1.04 1.094 1.118 1.115 1.104 1.091 1.053 0.997 0.899 0.91 0.979 1.04 1.086 1.167 1.222 1.251 1.319 1.389 1.382 1.328 1.286 1.378 1.357 1.137 1.078 1.044 1.122 1.239 1.3 1.28 1.282 1.306 1.363 1.329 1.325 1.215 1.181 1.295 1.216 1.196 1.262 1.179 1.163
1.275 1.334 1.299 1.172 1.131 1.124 1.103 1.122 1.104 1.12 1.15 1.098 1.103 1.155 1.21 1.271 1.275 1.246 1.231 1.231 1.251 1.256 1.261 1.226 1.208 1.143 1.065 1.002 0.957 0.967 0.996 1.026 1.023 1.075 1.08 1.144 1.148 1.144 1.146 1.132 1.1 1.055 1.066 1.098 1.144 1.199 1.226 1.246 1.302 1.347 1.416 1.42 1.358 1.344 1.302 1.217 1.185 1.137 1.107 1.118 1.129 1.137 1.191 1.269 1.285 1.316 1.28 1.255 1.282 1.269 1.166 1.268 1.24 1.142 1.235 1.227 1.167
1.23 1.307 1.297 1.16 1.163 1.147 1.11 1.138 1.123 1.131 1.115 1.099 1.139 1.176 1.2 1.237 1.298 1.289 1.261 1.271 1.286 1.275 1.266 1.252 1.232 1.194 1.158 1.056 0.989 1 0.967 0.971 0.937 1.008 0.95 1.046 1.075 1.013 1.023 1.048 1.161 1.208 1.224 1.175 1.203 1.23 1.292 1.326 1.379 1.415 1.387 1.397 1.35 1.314 1.208 1.062 1.015 1.009 1.064 1.09 1.082 1.045 1.089 1.267 1.211 1.234 1.216 1.2 1.264 1.278 1.17 1.258 1.243 1.154 1.22 1.208 1.176
1.225 1.266 1.303 1.186 1.206 1.149 1.124 1.143 1.144 1.136 1.133 1.158 1.185 1.221 1.271 1.293 1.307 1.272 1.26 1.256 1.276 1.263 1.248 1.232 1.225 1.205 1.145 1.021 0.951 0.982 0.878 0.861 0.847 0.927 0.901 0.94 0.999 0.914 0.957 1.014 1.071 1.113 1.123 1.085 1.122 1.183 1.221 1.323 1.411 1.41 1.373 1.398 1.335 1.275 1.189 1.119 0.988 0.905 0.914 1.012 1.056 1.045 1.125 1.207 1.084 1.161 1.128 1.214 1.271 1.266 1.218 1.245 1.258 1.173 1.232 1.158 1.106
1.232 1.231 1.315 1.254 1.206 1.14 1.148 1.151 1.156 1.175 1.187 1.204 1.218 1.258 1.302 1.287 1.278 1.254 1.26 1.252 1.25 1.232 1.219 1.163 1.099 1.047 1.08 0.887 0.907 0.972 0.912 0.883 0.821 0.861 0.943 0.936 0.953 0.95 1.059 1.121 1.033 1.075 1.131 1.175 1.25 1.257 1.208 1.318 1.331 1.391 1.372 1.388 1.338 1.239 1.171 1.109 1.036 0.978 0.888 0.964 1.022 1.005 1.147 1.114 1.047 1.063 1.078 1.245 1.18 1.221 1.216 1.223 1.145 1.044 1.19 1.089 0.931
1.218 1.272 1.248 1.249 1.154 1.144 1.177 1.178 1.194 1.208 1.224 1.256 1.244 1.216 1.248 1.253 1.257 1.22 1.213 1.221 1.219 1.176 1.082 1.065 1.038 0.962 0.998 0.789 0.85 0.896 0.863 0.814 0.816 0.89 0.982 1.022 1.042 1.071 1.2 1.245 1.235 1.239 1.288 1.303 1.23 1.194 1.25 1.239 1.196 1.333 1.337 1.373 1.311 1.237 1.133 1.095 1.038 1.034 0.988 1.017 1.004 1.07 1.164 1.136 0.985 1.017 1.107 1.219 1.051 1.127 1.035 1.064 1.109 0.984 1.059 1.141 0.936
1.257 1.209 1.177 1.164 1.123 1.154 1.164 1.195 1.207 1.208 1.199 1.168 1.142 1.18 1.208 1.189 1.185 1.161 1.145 1.121 1.065 1.055 1.044 0.91 0.815 0.811 0.887 0.766 0.693 0.779 0.767 0.765 0.796 0.827 0.792 0.831 0.974 1.176 1.304 1.263 1.238 1.143 1.176 1.104 1.056 1.116 1.259 1.195 1.094 1.183 1.175 1.302 1.177 1.065 0.996 1.079 1.063 0.969 0.871 0.821 0.82 1.003 1.043 1.097 0.952 0.929 1.029 1.167 1.072 0.994 0.918 1.112 1.119 0.932 0.954 1.048 1.012
1.165 1.088 1.019 1.036 1.065 1.095 1.115 1.076 1.098 1.076 1.004 0.986 1 0.985 0.951 0.971 0.96 0.968 0.966 0.882 0.786 0.894 0.879 0.852 0.912 0.933 0.842 0.849 0.861 0.892 0.802 0.778 0.794 0.822 0.882 1.004 1.087 1.189 1.213 1.066 1.011 0.961 0.96 0.892 0.818 0.997 1.209 1.168 1.114 1.056 1.074 1.263 1.129 0.99 0.851 0.912 0.863 0.805 0.805 0.663 0.65 0.748 0.718 0.846 0.673 0.706 1.017 1.086 0.905 0.797 0.78 1.005 1.019 0.975 0.811 0.917 1.027
1.058 1.047 1.068 1.098 1.123 1.107 0.997 0.888 0.897 0.837 0.866 0.755 0.781 0.773 0.796 0.766 0.776 0.81 0.845 0.89 0.93 0.949 1.102 1.089 1.111 0.981 0.833 0.907 1.095 1.096 0.971 0.973 1.045 1.099 1.189 1.246 1.279 1.331 1.337 1.299 1.236 1.166 1.032 0.944 0.795 0.819 0.917 0.937 0.862 0.824 0.959 1.257 1.091 0.919 1.001 0.927 0.751 0.815 0.87 0.783 0.713 0.587 0.488 0.658 0.578 0.616 0.786 0.972 0.793 0.782 0.709 0.768 0.896 0.866 0.918 1.036 1.159
0.9 0.935 1.003 1.056 1.079 1.005 0.883 0.798 0.803 0.833 0.864 0.865 0.84 0.896 1.021 0.95 0.978 1.041 1.075 1.166 1.17 1.192 1.231 1.224 0.943 0.725 0.82 1.091 1.156 1.17 1.134 1.17 1.207 1.248 1.308 1.329 1.347 1.36 1.366 1.348 1.334 1.29 1.19 1.2 1.095 1.129 1.167 1.136 1.136 1.11 0.908 0.921 1.02 1.115 1.12 1.035 0.943 0.953 0.905 0.798 0.649 0.531 0.644 0.863 0.846 0.689 0.646 0.894 0.898 0.876 0.735 0.622 0.763 0.852 0.876 0.913 1.1
0.927 1.001 1.121 1.219 1.205 1.177 0.991 1.02 1.01 1.157 1.187 1.062 1.079 1.154 1.223 1.152 1.219 1.191 1.153 1.013 1.012 1.066 1.089 1.195 1.043 0.824 1.067 1.191 1.149 1.217 1.206 1.182 1.24 1.21 1.275 1.342 1.343 1.323 1.346 1.347 1.332 1.303 1.26 1.221 1.18 1.21 1.213 1.183 1.153 1.007 0.808 0.705 0.873 0.893 0.888 0.822 0.961 0.895 0.799 0.846 0.882 0.91 0.966 1.019 0.959 0.829 0.685 0.783 0.925 0.873 0.78 0.702 0.867 1.031 1.041 1.112 1.191
1.074 1.187 1.197 1.208 1.233 1.284 1.179 1.173 1.178 1.262 1.236 1.186 1.176 1.14 1.219 1.144 1.069 1.024 0.877 0.813 0.945 0.975 1.197 1.037 0.94 1.032 1.205 1.242 1.216 1.253 1.27 1.245 1.218 1.213 1.298 1.322 1.301 1.221 1.327 1.332 1.299 1.245 1.228 1.252 1.212 1.171 1.173 1.158 1.148 0.951 0.749 0.679 0.706 0.664 0.523 0.615 0.747 0.777 0.822 0.888 0.959 0.998 1.021 1.085 1.097 0.92 0.728 0.748 0.922 0.882 0.813 0.878 0.954 1.116 1.24 1.318 1.368
1.248 1.267 1.02 0.995 1.003 1.126 1.087 1.013 1.071 1.143 1.024 0.978 0.912 0.858 0.948 0.84 0.815 0.783 0.814 0.959 1.09 1.1 1.076 0.86 0.924 1.138 1.214 1.253 1.252 1.243 1.262 1.268 1.257 1.272 1.278 1.268 1.242 1.176 1.268 1.258 1.124 1.039 1.044 1.093 1.113 1.028 1.054 1.033 1.019 0.901 0.841 0.768 0.785 0.683 0.504 0.609 0.647 0.61 0.606 0.696 0.746 0.82 0.87 0.961 1.097 0.904 0.873 0.9 0.955 0.901 0.913 0.98 1.127 1.269 1.351 1.383 1.351
1.282 1.124 0.9 0.888 0.896 0.852 0.818 0.827 0.916 0.952 0.834 0.808 0.812 0.878 0.807 0.855 0.908 0.963 1.06 1.084 1.023 0.917 0.828 0.911 0.974 1.03 1.073 1.183 1.116 1.074 1.081 1.113 1.116 1.132 1.159 1.147 1.126 1.086 1.101 1.192 0.947 0.988 0.989 0.937 1.042 1.049 1.059 0.978 0.86 0.731 0.606 0.617 0.637 0.521 0.447 0.557 0.573 0.664 0.767 0.933 0.898 0.896 0.997 1.029 1.179 1.065 0.979 0.941 0.963 1.049 1.184 1.262 1.347 1.378 1.384 1.324 1.19
1.126 0.958 0.872 0.884 0.876 0.818 0.832 0.89 0.895 1.005 0.944 0.805 0.912 1.106 0.999 1.075 1.085 1.072 1.07 0.924 0.736 0.718 0.847 0.913 0.828 0.741 0.899 1.079 0.841 0.83 0.874 0.849 0.811 0.842 0.878 0.858 0.892 0.762 0.873 1.058 1.032 0.927 0.8 0.747 0.785 0.866 0.865 0.928 0.842 0.628 0.536 0.596 0.538 0.444 0.49 0.731 0.859 1.002 1.08 1.206 1.179 1.148 1.203 1.238 1.171 1.02 0.817 0.948 1.146 1.304 1.362 1.377 1.385 1.385 1.373 1.311 1.23
0.994 0.946 0.915 0.908 0.853 0.811 0.814 0.856 0.894 1.018 1.122 1.03 1.089 1.115 1.148 1.152 0.891 0.777 0.714 0.692 0.711 0.797 0.809 0.787 0.783 0.823 0.974 1.101 0.919 0.919 0.991 0.904 0.803 0.775 0.724 0.651 0.648 0.568 0.796 0.992 1.055 0.701 0.43 0.365 0.433 0.519 0.552 0.778 0.905 0.697 0.709 0.662 0.527 0.488 0.7 0.992 1.136 1.197 1.238 1.267 1.249 1.241 1.207 1.234 1.054 0.868 0.879 1.139 1.325 1.374 1.378 1.381 1.384 1.385 1.383 1.39 1.389
0.886 0.921 0.893 0.816 0.749 0.756 0.927 1.014 1.034 1.102 1.142 1.06 0.916 0.859 0.834 0.837 0.679 0.65 0.618 0.684 0.763 0.733 0.693 0.727 0.76 0.826 0.898 1.08 0.946 0.954 0.96 0.897 0.892 0.814 0.709 0.544 0.477 0.566 0.822 1.095 0.837 0.521 0.414 0.445 0.494 0.535 0.601 0.732 0.796 0.627 0.629 0.525 0.509 0.571 0.906 1.15 1.21 1.214 1.204 1.18 1.055 0.933 0.9 1.174 1.142 1.078 1.186 1.323 1.372 1.377 1.371 1.36 1.367 1.387 1.387 1.409 1.376
0.878 0.893 0.83 0.737 0.776 0.877 1.088 0.995 1.025 1.025 0.941 0.8 0.687 0.666 0.644 0.633 0.666 0.68 0.715 0.665 0.664 0.643 0.6 0.594 0.595 0.62 0.676 0.901 0.759 0.656 0.671 0.608 0.615 0.582 0.563 0.505 0.545 0.688 0.893 1.045 0.834 0.802 0.869 0.91 0.901 0.891 0.841 0.597 0.577 0.646 0.684 0.675 0.746 0.907 1.043 1.004 0.938 0.919 0.858 0.775 0.665 0.651 0.744 1.153 1.303 1.309 1.344 1.365 1.362 1.347 1.338 1.343 1.368 1.376 1.391 1.355 1.321
0.89 0.872 0.815 0.775 0.788 0.916 1.144 1.089 0.998 0.875 0.713 0.651 0.618 0.605 0.619 0.667 0.703 0.709 0.687 0.597 0.6 0.615 0.591 0.569 0.614 0.752 0.79 0.827 0.794 0.714 0.713 0.602 0.544 0.604 0.733 0.787 0.892 1.001 1.113 1.145 1.114 1.098 1.085 1.049 1.026 0.934 0.669 0.495 0.752 0.863 0.948 0.932 0.945 0.886 0.703 0.693 0.582 0.574 0.536 0.549 0.72 0.896 1.065 1.29 1.341 1.358 1.363 1.345 1.309 1.35 1.35 1.379 1.383 1.39 1.404 1.363 1.299
0.87 0.868 0.85 0.771 0.706 0.733 1.026 1 0.749 0.72 0.626 0.632 0.621 0.643 0.65 0.636 0.64 0.642 0.622 0.593 0.576 0.558 0.512 0.512 0.649 0.78 0.741 0.776 0.765 0.631 0.501 0.504 0.511 0.614 0.712 0.842 1.007 1.127 1.163 1.113 1.095 1.046 0.967 0.814 0.814 0.885 0.623 0.778 0.928 0.917 0.84 0.752 0.591 0.524 0.607 0.722 0.663 0.698 0.789 0.903 1.041 1.131 1.264 1.341 1.35 1.356 1.362 1.323 1.322 1.379 1.39 1.406 1.39 1.407 1.376 1.322 1.293
0.879 0.878 0.832 0.734 0.664 0.745 1.111 1.106 0.795 0.647 0.554 0.605 0.653 0.626 0.593 0.551 0.582 0.585 0.574 0.535 0.504 0.528 0.565 0.649 0.633 0.533 0.511 0.491 0.392 0.318 0.207 0.266 0.412 0.583 0.718 0.804 0.829 0.988 0.758 0.666 0.636 0.642 0.573 0.482 0.505 0.787 0.844 0.805 0.723 0.525 0.456 0.51 0.7 0.872 0.994 0.993 0.927 0.949 1.029 1.129 1.243 1.291 1.336 1.343 1.347 1.348 1.343 1.313 1.37 1.383 1.404 1.406 1.399 1.39 1.335 1.313 1.318
0.878 0.866 0.803 0.706 0.639 0.772 1.137 1.075 0.734 0.662 0.607 0.63 0.629 0.589 0.557 0.568 0.565 0.555 0.551 0.542 0.518 0.518 0.532 0.611 0.67 0.578 0.599 0.59 0.393 0.363 0.455 0.617 0.766 0.765 0.696 0.63 0.776 0.65 0.4 0.366 0.383 0.431 0.361 0.476 0.632 0.661 0.528 0.368 0.345 0.27 0.288 0.418 0.853 1.124 1.166 1.159 1.142 1.202 1.247 1.293 1.335 1.33 1.334 1.329 1.34 1.329 1.311 1.328 1.385 1.396 1.369 1.308 1.366 1.371 1.277 1.301 1.256
