data/climatemaps/RS_maps/climate_winter_pr_2015.asc
NCOLS 369 
NROWS 228 
XLLCORNER 479000 
YLLCORNER 73000 
CELLSIZE 1000 
NODATA_value -9 
[rows 175 to 209 of 228, columns 156 to 233 of 369]
-0.609 -0.485 -0.31 -0.181 -0.218 0.115 0.413 0.535 0.365 0.199 0.119 0.239 0.31 0.451 0.655 0.932 1.3 1.311 1.204 1.057 0.994 0.979 1.108 1.259 1.296 1.342 1.226 1.078 0.846 0.416 0.103 0.016 0.097 0.086 -0.128 -0.276 -0.069 0.324 0.769 1.074 1.227 1.261 1.245 1.082 0.91 0.69 0.617 0.542 0.353 0.345 0.496 0.704 0.757 0.741 0.63 0.385 0.258 0.089 -0.128 -0.304 -0.379 -0.323 -0.138 -0.014 -0.006 0.199 0.415 0.522 0.439 0.237 0.028 0.021 0.056 -0.037 -0.002 0.149 0.325 0.446
-0.561 -0.393 -0.172 -0.004 -0.007 0.283 0.597 0.66 0.553 0.506 0.353 0.361 0.44 0.587 0.863 1.089 1.234 1.252 1.094 0.926 0.865 0.884 0.95 1.016 1.149 1.277 1.357 1.261 0.983 0.638 0.207 -0.085 -0.186 -0.214 -0.319 -0.278 -0.001 0.387 0.801 1.03 1.19 1.232 1.267 1.278 1.112 0.887 0.876 0.78 0.696 0.683 0.745 0.821 0.848 0.847 0.766 0.626 0.566 0.378 0.165 -0.12 -0.333 -0.368 -0.258 -0.222 -0.165 0.036 0.245 0.479 0.513 0.378 0.178 -0.006 -0.096 -0.14 -0.079 0.076 0.205 0.329
-0.523 -0.345 -0.119 0.147 0.171 0.456 0.783 0.823 0.811 0.781 0.549 0.414 0.551 0.729 0.987 1.091 1.27 1.393 1.164 0.945 0.762 0.7 0.636 0.709 0.93 1.104 1.318 1.318 1.074 0.773 0.308 -0.059 -0.306 -0.375 -0.388 -0.237 0.072 0.435 0.827 1.027 1.182 1.302 1.477 1.454 1.248 1.05 1.036 0.965 0.91 0.88 0.897 0.882 0.844 0.836 0.858 0.789 0.748 0.569 0.327 0.055 -0.202 -0.36 -0.37 -0.344 -0.227 -0.014 0.178 0.396 0.491 0.487 0.393 0.218 -0.03 -0.143 -0.034 0.083 0.178 0.268
-0.462 -0.298 -0.05 0.207 0.292 0.531 0.797 0.87 0.853 0.747 0.572 0.446 0.509 0.701 0.985 1.291 1.518 1.464 1.242 1.065 0.679 0.394 0.33 0.39 0.524 0.708 0.903 1.065 1.025 0.717 0.37 0.022 -0.273 -0.408 -0.335 -0.134 0.137 0.479 0.813 1.025 1.232 1.439 1.551 1.481 1.335 1.177 1.088 0.973 0.871 0.802 0.804 0.825 0.771 0.67 0.792 0.714 0.73 0.594 0.406 0.269 -0.004 -0.284 -0.419 -0.408 -0.282 -0.117 0.041 0.26 0.476 0.569 0.539 0.437 0.1 -0.145 0.053 0.206 0.301 0.344
-0.432 -0.302 -0.003 0.306 0.347 0.55 0.815 0.869 0.761 0.642 0.59 0.552 0.564 0.702 1.026 1.378 1.597 1.419 1.245 1.123 0.659 0.363 0.236 0.126 0.171 0.359 0.549 0.717 0.765 0.553 0.307 0.034 -0.241 -0.391 -0.289 -0.102 0.159 0.486 0.764 0.926 1.169 1.422 1.501 1.483 1.417 1.232 1.061 0.9 0.751 0.649 0.626 0.636 0.606 0.517 0.598 0.53 0.579 0.561 0.525 0.45 0.199 -0.118 -0.353 -0.45 -0.429 -0.318 -0.14 0.105 0.334 0.509 0.496 0.358 0.095 -0.088 0.007 0.132 0.267 0.392
-0.313 -0.192 0.049 0.355 0.48 0.614 0.849 0.836 0.708 0.596 0.623 0.627 0.64 0.679 0.968 1.179 1.359 1.363 1.237 1.052 0.668 0.492 0.345 0.102 -0.037 0.052 0.242 0.378 0.431 0.379 0.189 -0.028 -0.231 -0.349 -0.261 -0.054 0.222 0.432 0.656 0.823 1.136 1.308 1.336 1.384 1.458 1.329 1.173 0.982 0.806 0.684 0.66 0.571 0.479 0.389 0.326 0.294 0.347 0.447 0.545 0.46 0.227 -0.004 -0.248 -0.44 -0.512 -0.476 -0.307 -0.086 0.171 0.456 0.451 0.364 0.141 -0.077 -0.075 0.023 0.18 0.34
-0.244 -0.077 0.136 0.429 0.576 0.631 0.924 0.891 0.709 0.597 0.55 0.516 0.521 0.552 0.83 0.889 1.042 1.137 1.132 0.959 0.611 0.439 0.24 0.066 -0.111 -0.157 -0.063 0.046 0.098 0.197 0.145 -0.064 -0.232 -0.317 -0.152 0.113 0.321 0.315 0.476 0.709 0.965 1.097 1.217 1.366 1.339 1.302 1.177 1.074 0.958 0.852 0.81 0.708 0.623 0.513 0.309 0.108 0.157 0.309 0.35 0.282 0.162 0.054 -0.102 -0.315 -0.454 -0.511 -0.407 -0.227 0.029 0.351 0.475 0.437 0.267 0.012 -0.133 -0.06 0.112 0.237
-0.259 -0.026 0.192 0.467 0.629 0.69 0.964 0.99 0.848 0.731 0.482 0.352 0.382 0.49 0.678 0.65 0.692 0.777 0.81 0.712 0.452 0.197 -0.037 -0.143 -0.194 -0.256 -0.268 -0.221 -0.163 0.03 0.144 -0.04 -0.23 -0.263 -0.034 0.228 0.347 0.264 0.456 0.765 0.935 1.033 1.195 1.284 1.195 1.109 1.006 0.924 0.876 0.82 0.775 0.709 0.595 0.486 0.315 0.064 0.071 0.147 0.144 0.056 -0.021 -0.023 -0.045 -0.199 -0.384 -0.499 -0.408 -0.195 0.035 0.24 0.299 0.278 0.152 -0.037 -0.126 -0.01 0.129 0.241
-0.292 -0.074 0.159 0.447 0.665 0.79 0.952 1.095 1.094 0.947 0.677 0.346 0.315 0.403 0.542 0.555 0.424 0.443 0.417 0.355 0.117 -0.103 -0.26 -0.327 -0.331 -0.323 -0.339 -0.328 -0.288 -0.094 0.146 0.021 -0.232 -0.234 0.033 0.264 0.25 0.193 0.501 0.832 0.99 1.022 1.168 1.22 1.141 1.01 0.865 0.717 0.687 0.661 0.662 0.624 0.444 0.318 0.192 0.006 -0.056 -0.062 -0.079 -0.168 -0.213 -0.174 -0.113 -0.226 -0.41 -0.524 -0.473 -0.257 -0.042 0.123 0.145 0.163 0.048 -0.134 -0.158 -0.037 0.091 0.188
-0.294 -0.123 0.124 0.418 0.679 0.852 0.996 1.215 1.229 1.039 0.813 0.469 0.283 0.263 0.369 0.389 0.226 0.211 0.126 0.039 -0.084 -0.173 -0.208 -0.199 -0.169 -0.118 -0.11 -0.151 -0.212 -0.141 0.102 0.047 -0.209 -0.212 0.026 0.161 0.149 0.251 0.504 0.748 0.958 1.055 1.137 1.135 1.089 1.063 0.938 0.757 0.685 0.604 0.543 0.499 0.46 0.421 0.288 0.091 -0.046 -0.171 -0.211 -0.247 -0.286 -0.322 -0.283 -0.316 -0.439 -0.517 -0.522 -0.346 -0.157 -0.059 -0.046 -0.069 -0.119 -0.228 -0.223 -0.163 -0.093 -0.012
-0.203 -0.125 0.127 0.348 0.572 0.801 1.053 1.298 1.285 1.121 0.991 0.755 0.438 0.183 0.155 0.153 0.206 0.265 0.041 -0.068 0.048 0.055 0.112 0.131 0.197 0.254 0.285 0.206 0.072 -0.131 0.047 0.101 -0.163 -0.26 -0.048 0.026 0.141 0.281 0.463 0.756 0.961 0.964 0.955 0.981 0.9 1.021 0.905 0.826 0.862 0.703 0.674 0.607 0.625 0.547 0.425 0.201 0.065 -0.141 -0.165 -0.213 -0.271 -0.375 -0.378 -0.42 -0.487 -0.532 -0.553 -0.422 -0.294 -0.266 -0.27 -0.286 -0.311 -0.362 -0.364 -0.342 -0.286 -0.213
-0.029 -0.1 0.108 0.273 0.463 0.712 1.004 1.325 1.43 1.375 1.268 1.062 0.728 0.299 0.187 0.247 0.321 0.276 0.069 0.141 0.284 0.316 0.365 0.398 0.406 0.439 0.512 0.488 0.345 0.011 -0.011 -0.006 -0.222 -0.29 -0.144 -0.051 0.054 0.207 0.476 0.764 0.888 0.845 0.756 0.725 0.763 0.851 0.867 0.854 0.87 0.772 0.748 0.675 0.614 0.545 0.417 0.208 0.013 -0.122 -0.205 -0.285 -0.337 -0.393 -0.392 -0.391 -0.436 -0.507 -0.549 -0.521 -0.466 -0.451 -0.447 -0.445 -0.452 -0.468 -0.474 -0.463 -0.422 -0.368
0.207 -0.066 0.076 0.239 0.409 0.615 0.892 1.307 1.629 1.645 1.502 1.272 0.908 0.43 0.438 0.464 0.334 0.162 0.203 0.361 0.453 0.415 0.426 0.465 0.445 0.424 0.592 0.622 0.461 0.074 -0.084 -0.144 -0.332 -0.326 -0.215 -0.139 -0.038 0.226 0.497 0.777 0.773 0.714 0.594 0.522 0.602 0.653 0.761 0.738 0.807 0.767 0.731 0.637 0.489 0.364 0.25 0.054 -0.132 -0.212 -0.289 -0.342 -0.349 -0.339 -0.269 -0.248 -0.323 -0.447 -0.524 -0.562 -0.562 -0.553 -0.543 -0.532 -0.528 -0.526 -0.519 -0.499 -0.462 -0.415
0.532 0.163 0.04 0.158 0.302 0.523 0.849 1.234 1.602 1.616 1.488 1.277 0.883 0.621 0.657 0.575 0.339 0.23 0.367 0.444 0.467 0.404 0.365 0.34 0.325 0.382 0.542 0.529 0.38 0.093 -0.129 -0.24 -0.348 -9 -9 -0.146 0.081 0.396 0.638 0.758 0.764 0.734 0.592 0.423 0.492 0.498 0.516 0.506 0.578 0.608 0.535 0.459 0.342 0.141 0.006 -0.121 -0.217 -0.26 -0.259 -0.216 -0.2 -0.163 -0.1 -0.093 -0.229 -0.391 -0.497 -0.559 -0.586 -0.589 -0.58 -0.566 -0.551 -0.532 -0.503 -0.464 -0.416 -0.368
0.856 0.468 0.06 0.066 0.248 0.481 0.746 1.075 1.555 1.478 1.354 1.197 0.825 0.804 0.817 0.681 0.363 0.397 0.571 0.532 0.549 0.454 0.319 0.206 0.161 0.318 0.506 0.499 0.362 0.132 -0.156 -0.298 -0.373 -9 -9 -9 0.241 0.495 0.65 0.634 0.626 0.583 0.469 0.267 0.277 0.248 0.275 0.28 0.34 0.374 0.324 0.239 0.172 -0.007 -0.122 -0.158 -0.182 -0.168 -0.116 -0.004 0.056 0.085 0.06 -0.029 -0.229 -0.389 -0.488 -0.548 -0.58 -0.587 -0.575 -0.551 -0.518 -0.469 -0.393 -0.303 -0.229 -0.198
0.978 0.618 0.175 0.056 0.195 0.363 0.589 0.926 1.318 1.409 1.361 1.309 1.142 1.039 0.935 0.697 0.466 0.611 0.707 0.683 0.644 0.547 0.363 0.152 0.077 0.17 0.384 0.439 0.338 0.116 -0.194 -0.329 -0.383 -9 -9 -9 -9 -9 0.47 0.48 0.448 0.354 0.24 0.116 0.061 0.036 0.048 0.089 0.141 0.163 0.101 0.012 -0.047 -0.114 -0.113 -0.036 -0.032 0.022 0.103 0.263 0.32 0.28 0.162 -0.054 -0.275 -0.395 -0.475 -0.525 -0.551 -0.547 -0.521 -0.47 -0.404 -0.32 -0.162 0.009 0.089 0.047
1.038 0.7 0.248 0.034 0.129 0.242 0.497 0.834 1.242 1.502 1.403 1.447 1.284 1.211 1.091 0.697 0.624 0.784 0.799 0.755 0.606 0.486 0.314 0.054 -0.024 0.019 0.173 0.234 0.142 -0.044 -0.279 -0.358 -0.395 -9 -9 -9 -9 -9 -9 0.334 0.312 0.227 0.147 0.068 0.015 -0.029 -0.051 -0.03 -0.01 -0.011 -0.069 -0.093 -0.091 -0.088 -0.019 0.108 0.166 0.276 0.369 0.535 0.452 0.32 0.157 -0.089 -0.274 -0.381 -0.454 -0.491 -0.499 -0.465 -0.383 -0.261 -0.142 -0.064 0.139 0.347 0.325 0.376
1.205 0.902 0.396 0.006 0.109 0.249 0.487 0.808 1.213 1.533 1.446 1.528 1.381 1.244 0.937 0.676 0.735 0.8 0.72 0.666 0.533 0.275 0.144 -0.021 -0.122 -0.122 -0.066 -0.037 -0.083 -0.205 -0.319 -0.377 -9 -9 -9 -9 -9 -9 -9 -9 0.365 0.325 0.292 0.237 0.153 0.083 0.036 0.005 -0.026 -0.057 -0.063 -0.012 0.029 0.046 0.105 0.218 0.348 0.481 0.601 0.691 0.565 0.365 0.13 -0.101 -0.261 -0.367 -0.431 -0.446 -0.41 -0.301 -0.141 0.035 0.191 0.265 0.388 0.544 0.595 0.665
1.203 0.935 0.482 0.067 0.102 0.283 0.487 0.727 1.009 1.298 1.458 1.44 1.28 1.086 0.827 0.749 0.759 0.682 0.578 0.512 0.375 0.201 0.121 0.011 -0.089 -0.14 -0.099 -0.088 -0.133 -0.241 -0.342 -0.391 -9 -9 -9 -9 -9 -9 -9 -9 -9 0.569 0.552 0.489 0.315 0.314 0.293 0.241 0.152 0.056 0.066 0.089 0.138 0.123 0.102 0.163 0.363 0.47 0.634 0.749 0.601 0.391 0.098 -0.114 -0.257 -0.354 -0.4 -0.386 -0.27 -0.093 0.128 0.318 0.492 0.517 0.589 0.735 0.847 0.882
1.16 0.856 0.473 0.122 0.078 0.261 0.425 0.553 0.795 1.106 1.353 1.344 1.175 0.982 0.797 0.752 0.717 0.623 0.547 0.468 0.357 0.291 0.297 0.208 0.065 -0.008 0.046 0.019 -0.079 -0.225 -0.348 -0.4 -9 -9 -9 -9 -9 -9 -9 -9 -9 -9 0.747 0.643 0.497 0.547 0.576 0.474 0.32 0.175 0.105 0.124 0.116 0.063 0.003 0.125 0.302 0.363 0.534 0.658 0.537 0.32 0.066 -0.124 -0.255 -0.324 -0.33 -0.254 -0.08 0.135 0.331 0.431 0.499 0.561 0.708 0.867 0.95 0.975
1.102 0.749 0.503 0.323 0.096 0.127 0.289 0.407 0.635 0.978 1.307 1.345 1.183 0.947 0.706 0.545 0.498 0.557 0.614 0.605 0.534 0.481 0.488 0.391 0.244 0.211 0.234 0.099 -0.074 -0.241 -0.367 -0.405 -9 -9 -9 -9 -9 -9 -9 -9 -9 -9 -9 0.735 0.759 0.725 0.802 0.632 0.445 0.356 0.147 0.09 0.005 -0.057 -0.09 0.068 0.212 0.213 0.475 0.576 0.456 0.223 0.009 -0.144 -0.256 -0.27 -0.217 -0.099 0.097 0.304 0.444 0.421 0.438 0.559 0.735 0.895 0.938 0.968
1.084 0.822 0.694 0.586 0.225 0.083 0.301 0.445 0.619 0.903 1.208 1.201 1.034 0.82 0.629 0.441 0.289 0.321 0.436 0.537 0.528 0.471 0.464 0.351 0.261 0.28 0.276 0.095 -0.128 -0.301 -0.389 -9 -9 -9 -9 -9 -9 -9 -9 -9 -9 -9 -9 0.952 0.948 0.887 0.926 0.763 0.665 0.535 0.319 0.238 0.095 0.007 -0.092 -0.002 0.137 0.148 0.298 0.44 0.355 0.154 -0.03 -0.169 -0.24 -0.194 -0.1 0.013 0.173 0.333 0.421 0.385 0.435 0.595 0.78 0.916 0.994 0.946
1.222 1.02 0.911 0.781 0.362 0.156 0.301 0.49 0.711 0.935 1.147 1.063 0.922 0.816 0.738 0.52 0.215 0.036 0.16 0.34 0.459 0.394 0.302 0.249 0.105 0.102 0.145 -0.013 -0.237 -0.363 -9 -9 -9 -9 -9 -9 -9 -9 -9 -9 -9 -9 -9 -9 1.064 0.938 1.018 0.853 0.905 0.666 0.512 0.48 0.266 0.166 -0.051 -0.018 0.084 0.091 0.119 0.324 0.293 0.101 -0.071 -0.194 -0.244 -0.156 -0.045 0.078 0.205 0.316 0.336 0.322 0.437 0.613 0.786 0.89 0.999 0.998
1.316 1.153 1.035 0.865 0.455 0.261 0.368 0.437 0.676 0.959 1.127 1.053 0.982 0.91 0.723 0.383 0.098 -0.14 -0.035 0.167 0.267 0.227 0.237 0.2 0.004 -0.1 -0.085 -0.167 -0.321 -0.388 -9 -9 -9 -9 -9 -9 -9 -9 -9 -9 -9 -9 -9 -9 -9 1.09 1.073 1.03 0.985 0.856 0.756 0.59 0.38 0.217 0.044 -0.013 -0.023 0.018 0.072 0.164 0.166 0.052 -0.09 -0.21 -0.274 -0.2 -0.067 0.062 0.161 0.197 0.229 0.341 0.439 0.561 0.75 0.857 0.938 1.046
1.375 1.284 1.142 0.935 0.551 0.35 0.519 0.482 0.6 0.949 1.155 1.022 0.99 0.927 0.608 0.126 -0.122 -0.303 -0.221 -0.004 -0.01 -0.046 0.035 0.029 -0.109 -0.247 -0.264 -0.291 -0.371 -9 -9 -9 -9 -9 -9 -9 -9 -9 -9 -9 -9 -9 -9 -9 -9 1.177 1.172 1.076 1.039 1.006 0.871 0.697 0.617 0.448 0.246 0.172 0.083 0.134 0.173 0.184 0.141 0.059 -0.07 -0.207 -0.286 -0.233 -0.115 -0.025 0.06 0.119 0.204 0.368 0.474 0.575 0.741 0.835 0.897 1
1.463 1.368 1.189 0.97 0.645 0.468 0.615 0.622 0.644 0.933 1.204 1.132 0.953 0.757 0.44 0.063 -0.126 -0.276 -0.354 -0.29 -0.264 -0.245 -0.241 -0.24 -0.262 -0.252 -0.175 -0.237 -9 -9 -9 -9 -9 -9 -9 -9 -9 -9 -9 -9 -9 -9 -9 -9 -9 -9 1.005 0.908 0.903 1.006 0.958 0.905 0.866 0.672 0.532 0.383 0.337 0.411 0.444 0.411 0.339 0.215 0.005 -0.191 -0.284 -0.277 -0.196 -0.109 -0.003 0.148 0.254 0.385 0.513 0.642 0.716 0.812 0.861 0.911
1.569 1.385 1.221 1.053 0.755 0.53 0.665 0.751 0.79 0.947 1.277 1.287 1.035 0.665 0.369 0.256 0.158 0.02 -0.25 -0.448 -0.472 -0.445 -0.383 -0.28 -0.209 -0.116 -0.065 -9 -9 -9 -9 -9 -9 -9 -9 -9 -9 -9 -9 -9 -9 -9 -9 -9 -9 -9 -9 0.725 0.809 1.006 0.991 0.992 0.979 0.833 0.73 0.598 0.59 0.636 0.638 0.592 0.502 0.346 0.076 -0.175 -0.284 -0.315 -0.237 -0.128 -0.025 0.117 0.244 0.383 0.539 0.604 0.652 0.733 0.804 0.872
1.47 1.429 1.342 1.126 0.778 0.562 0.694 0.831 1.008 1.087 1.209 1.259 1.128 0.638 0.541 0.565 0.453 0.253 -0.01 -0.206 -0.316 -0.288 -0.182 -0.083 -0.081 -0.027 -9 -9 -9 -9 -9 -9 -9 -9 -9 -9 -9 -9 -9 -9 -9 -9 -9 -9 -9 -9 -9 -9 -9 0.912 0.865 0.857 0.893 0.85 0.8 0.776 0.802 0.775 0.702 0.611 0.474 0.306 0.06 -0.175 -0.289 -0.336 -0.276 -0.176 -0.079 0.035 0.174 0.324 0.465 0.51 0.571 0.656 0.767 0.822
1.528 1.527 1.404 1.14 0.899 0.648 0.672 0.759 0.968 1.181 1.207 1.128 0.954 0.736 0.718 0.706 0.644 0.448 0.232 0.067 -0.088 -0.12 -0.159 -0.204 -0.275 -9 -9 -9 -9 -9 -9 -9 -9 -9 -9 -9 -9 -9 -9 -9 -9 -9 -9 -9 -9 -9 -9 -9 -9 -9 0.777 0.786 0.761 0.746 0.8 0.812 0.856 0.873 0.786 0.592 0.361 0.157 -0.038 -0.205 -0.303 -0.348 -0.319 -0.235 -0.147 -0.043 0.11 0.274 0.364 0.415 0.492 0.595 0.744 0.739
1.646 1.631 1.379 1.167 1.037 0.707 0.746 0.835 0.959 1.184 1.185 1.029 0.874 0.894 0.865 0.832 0.707 0.448 0.266 0.145 -0.048 -0.168 -0.312 -9 -9 -9 -9 -9 -9 -9 -9 -9 -9 -9 -9 -9 -9 -9 -9 -9 -9 -9 -9 -9 -9 -9 -9 -9 -9 -9 -9 -9 -9 0.634 0.707 0.766 0.853 0.877 0.737 0.495 0.252 0.049 -0.116 -0.243 -0.322 -0.357 -0.331 -0.26 -0.168 -0.077 0.049 0.162 0.244 0.336 0.445 0.53 0.636 0.628
1.643 1.53 1.345 1.219 1.06 0.81 0.774 0.883 1.041 1.19 1.242 1.164 1.094 1.033 0.952 0.847 0.623 0.376 0.118 -0.063 -0.189 -0.363 -0.465 -9 -9 -9 -9 -9 -9 -9 -9 -9 -9 -9 -9 -9 -9 -9 -9 -9 -9 -9 -9 -9 -9 -9 -9 -9 -9 -9 -9 -9 -9 -9 -9 0.716 0.82 0.783 0.595 0.344 0.148 -0.032 -0.178 -0.279 -0.336 -0.36 -0.337 -0.288 -0.208 -0.136 -0.044 0.063 0.155 0.281 0.388 0.467 0.548 0.519
1.52 1.449 1.331 1.217 1.064 0.871 0.784 0.85 0.952 1.06 1.213 1.218 1.142 1.045 0.851 0.71 0.504 0.277 -0.004 -0.246 -0.34 -0.478 -0.459 -9 -9 -9 -9 -9 -9 -9 -9 -9 -9 -9 -9 -9 -9 -9 -9 -9 -9 -9 -9 -9 -9 -9 -9 -9 -9 -9 -9 -9 -9 -9 -9 -9 -9 0.609 0.423 0.223 0.05 -0.11 -0.23 -0.303 -0.337 -0.348 -0.333 -0.292 -0.237 -0.171 -0.084 0.012 0.115 0.237 0.374 0.418 0.458 0.41
1.474 1.382 1.226 1.07 0.93 0.747 0.701 0.766 0.854 0.861 0.878 0.904 0.872 0.784 0.598 0.43 0.233 -0.037 -0.255 -0.389 -0.467 -0.433 -9 -9 -9 -9 -9 -9 -9 -9 -9 -9 -9 -9 -9 -9 -9 -9 -9 -9 -9 -9 -9 -9 -9 -9 -9 -9 -9 -9 -9 -9 -9 -9 -9 -9 -9 0.412 0.238 0.1 -0.045 -0.177 -0.266 -0.305 -0.305 -0.309 -0.303 -0.267 -0.209 -0.151 -0.068 0.026 0.137 0.229 0.372 0.387 0.366 0.323
1.441 1.197 0.964 0.782 0.637 0.445 0.461 0.556 0.71 0.689 0.551 0.501 0.475 0.387 0.225 0.104 -0.055 -0.261 -0.379 -0.444 -0.438 -9 -9 -9 -9 -9 -9 -9 -9 -9 -9 -9 -9 -9 -9 -9 -9 -9 -9 -9 -9 -9 -9 -9 -9 -9 -9 -9 -9 -9 -9 -9 -9 -9 -9 -9 -9 0.23 0.109 -0.008 -0.126 -0.222 -0.274 -0.274 -0.243 -0.231 -0.239 -0.192 -0.125 -0.045 0.049 0.144 0.267 0.306 0.356 0.374 0.335 0.285
1.243 0.975 0.69 0.459 0.276 0.138 0.164 0.284 0.402 0.422 0.256 0.099 0.043 -0.05 -0.134 -0.19 -0.25 -0.283 -0.279 -0.388 -0.317 -9 -9 -9 -9 -9 -9 -9 -9 -9 -9 -9 -9 -9 -9 -9 -9 -9 -9 -9 -9 -9 -9 -9 -9 -9 -9 -9 -9 -9 -9 -9 -9 -9 -9 -9 -9 -9 -0.01 -0.099 -0.182 -0.238 -0.249 -0.213 -0.143 -0.124 -0.159 -0.131 -0.077 0.015 0.13 0.245 0.366 0.394 0.395 0.392 0.352 0.286
