data/climatemaps/RS_maps/climate_postbreed_tmp_2002.asc
NCOLS 369 
NROWS 228 
XLLCORNER 479000 
YLLCORNER 73000 
CELLSIZE 1000 
NODATA_value -9 
[rows 170 to 203 of 228, columns 77 to 153 of 369]
0.359 0.919 1.125 1.13 1.118 1.11 1.085 0.967 0.452 0.314 0.492 0.506 0.175 -0.104 -0.702 -0.965 -0.887 -0.917 -0.896 -0.89 -0.706 -0.527 -0.563 -0.466 -1.124 -1.848 -2.202 -2.225 -1.911 -1.895 -1.673 -1.524 -1.434 -1.552 -1.815 -1.878 -1.704 -1.724 -1.834 -1.947 -1.791 -1.477 -1.144 -0.792 -0.202 -0.676 -1.139 -0.99 -0.688 -0.44 -0.137 -0.035 0.148 0.073 0.118 0.151 0.101 0.274 0.491 0.108 -0.083 -0.199 0.035 -0.224 -0.261 -0.193 -0.091 0.505 0.173 -0.055 -0.161 -0.052 -0.038 -0.048 -0.333 -0.386 -0.369
0.219 0.72 1.09 1.124 1.119 1.108 1.096 1.06 0.854 0.717 0.617 0.299 -0.216 -0.567 -0.719 -0.812 -0.842 -0.814 -0.708 -0.694 -0.822 -0.798 -1.061 -0.845 -1.301 -1.991 -2.282 -2.205 -2.007 -1.84 -1.67 -1.503 -1.254 -1.032 -1.376 -1.473 -1.352 -1.658 -1.47 -1.553 -1.421 -1.132 -0.8 -0.455 0.038 -0.602 -0.725 -0.631 -0.371 -0.091 0.252 0.471 0.507 0.598 0.675 0.614 0.633 0.736 0.742 0.568 0.452 0.294 0.335 0.331 0.41 0.442 0.554 0.804 0.658 0.666 0.52 0.495 0.513 0.337 0.267 0.253 0.346
0.17 0.617 0.969 1.118 1.116 1.112 1.102 1.076 0.941 0.695 0.512 0.14 -0.294 -0.43 -0.384 -0.582 -0.547 -0.501 -0.546 -0.618 -0.892 -1.195 -1.661 -1.74 -1.988 -2.361 -1.905 -1.836 -1.788 -1.689 -1.574 -1.564 -1.23 -0.755 -0.8 -0.845 -1.125 -1.684 -1.128 -1.137 -1.116 -0.755 -0.344 0.009 0.036 -0.4 -0.441 -0.316 -0.077 0.154 0.437 0.692 0.771 0.865 0.911 0.902 0.915 0.901 0.853 0.818 0.794 0.716 0.742 0.835 0.869 0.889 0.886 0.857 0.815 0.828 0.876 0.884 0.849 0.858 0.767 0.754 0.819
-0.027 0.36 0.696 1.115 1.115 1.109 1.101 1.085 1.011 0.866 0.632 0.133 -0.075 -0.019 -0.168 -0.401 -0.364 -0.492 -0.729 -0.819 -0.925 -1.143 -1.517 -1.76 -1.968 -1.939 -1.299 -0.992 -1.096 -1.114 -1.349 -1.592 -1.375 -0.954 -0.566 -0.368 -1.097 -1.596 -0.918 -0.75 -0.738 -0.388 -0.032 0.237 -0.09 -0.285 -0.279 -0.116 0.168 0.491 0.708 0.857 0.907 0.944 0.938 0.896 0.828 0.781 0.738 0.731 0.825 0.887 0.89 0.801 0.801 0.611 0.537 0.434 0.29 0.346 0.546 0.677 0.742 0.795 0.822 0.82 0.849
-0.357 -0.059 0.423 1.046 1.113 1.106 1.095 1.087 1.037 1.045 0.769 0.359 0.297 0.267 0.024 -0.168 -0.281 -0.452 -0.623 -0.667 -0.633 -0.856 -1.098 -1.269 -1.37 -1.215 -0.811 -0.479 -0.538 -0.947 -1.455 -1.514 -1.292 -0.964 -0.527 -0.084 -0.916 -1.165 -0.614 -0.5 -0.377 -0.087 0.205 0.356 0.014 -0.126 -0.047 0.134 0.4 0.747 0.907 0.964 0.956 0.846 0.631 0.45 0.179 0.191 0.481 0.285 0.487 0.618 0.523 0.391 0.543 0.121 -0.103 -0.247 -0.347 -0.173 0.07 0.285 0.308 0.234 0.243 0.239 0.299
-0.539 -0.382 0.187 0.817 1.071 1.098 1.099 1.092 1.062 1.063 0.914 0.642 0.571 0.285 0.033 -0.004 -0.058 -0.183 -0.352 -0.558 -0.696 -1.065 -1.145 -1.213 -1.229 -1.051 -0.567 -0.403 -0.401 -1.033 -1.632 -1.416 -1.054 -0.628 -0.279 0.045 -0.718 -0.661 -0.232 -0.192 -0.077 0.176 0.436 0.407 0.11 0.186 0.359 0.471 0.723 0.921 0.974 0.941 0.77 0.315 -0.087 -0.434 -0.488 -0.167 0.011 -0.388 -0.132 -0.011 -0.177 -0.095 0.247 -0.345 -0.762 -0.908 -0.777 -0.449 -0.179 -0.052 0.04 -0.128 -0.283 -0.233 -0.088
-0.531 -0.629 -0.178 0.465 0.863 0.972 1.093 1.094 1.074 1.047 0.992 0.861 0.608 0.354 0.211 0.217 -0.113 -0.452 -0.687 -0.943 -1.098 -1.024 -1.263 -1.518 -1.58 -1.141 -0.734 -0.741 -0.192 -0.712 -1.456 -1.207 -0.742 -0.226 0.1 -0.09 -0.477 -0.196 0.121 0.096 0.204 0.411 0.634 0.33 0.34 0.62 0.795 0.856 0.952 0.989 0.877 0.587 0.564 -0.064 -0.373 -0.67 -0.826 -0.766 -0.64 -1 -0.91 -0.824 -0.993 -0.592 -0.044 -0.674 -1.314 -1.417 -1.156 -0.742 -0.47 -0.496 -0.281 -0.28 -0.493 -0.483 -0.139
-0.724 -0.886 -0.564 -0.042 0.478 0.897 1.092 1.094 1.08 1.06 0.969 0.844 0.832 0.592 0.421 0.356 -0.188 -0.384 -0.596 -0.86 -0.878 -1.25 -1.634 -1.762 -1.419 -1.025 -1.317 -1.044 -0.128 -0.554 -1.212 -0.831 -0.308 0.02 0.315 -0.092 -0.054 0.156 0.39 0.373 0.447 0.679 0.753 0.57 0.78 0.928 0.977 0.985 0.958 0.863 0.489 0.051 0.371 0.261 -0.131 -0.698 -1.24 -1.55 -1.226 -1.44 -1.351 -1.496 -1.471 -1.019 -0.43 -0.641 -1.502 -1.761 -1.423 -1.059 -0.805 -0.959 -0.783 -0.604 -0.774 -0.766 -0.168
-0.78 -0.932 -0.676 -0.2 0.423 0.881 1.07 1.083 1.094 1.082 1.039 0.946 0.879 0.289 -0.07 0.073 0.044 -0.026 -0.246 -0.465 -1.019 -1.631 -1.949 -1.72 -1.332 -1.394 -1.61 -0.993 -0.193 -0.336 -0.904 -0.453 -0.006 0.331 0.465 0.239 0.314 0.452 0.581 0.554 0.68 0.862 0.944 0.946 0.978 0.988 0.928 0.776 0.657 0.358 -0.025 -0.106 0.212 0.362 0.092 -0.774 -1.202 -1.548 -1.549 -1.694 -1.627 -1.867 -1.658 -1.277 -0.661 -0.761 -1.499 -1.905 -1.658 -1.16 -1.169 -1.405 -1.285 -0.994 -0.958 -0.9 -0.235
-0.435 -0.481 -0.471 0.007 0.568 0.852 0.965 1.016 1.056 1.089 1.069 1.022 0.871 0.162 -0.493 -0.531 -0.512 -0.65 -0.53 -1.214 -1.544 -1.839 -1.814 -1.592 -1.59 -1.872 -1.529 -1.067 -0.348 0.095 -0.34 -0.072 0.285 0.612 0.678 0.521 0.571 0.632 0.724 0.833 0.97 1.004 0.999 0.947 0.796 0.643 0.421 0.248 0.196 -0.246 -0.499 -0.425 -0.198 0.074 0.186 -0.45 -0.907 -1.404 -1.727 -1.947 -1.994 -1.926 -1.512 -1.314 -0.828 -0.98 -1.714 -1.91 -1.756 -1.323 -1.564 -1.857 -1.712 -1.243 -0.756 -0.647 -0.196
-0.38 -0.283 -0.069 0.252 0.625 0.545 0.572 0.588 0.724 1.054 1.015 0.926 0.798 0.13 -0.661 -0.868 -1.066 -0.831 -0.611 -1.758 -2.114 -1.879 -1.681 -1.762 -1.872 -1.931 -1.734 -1.175 -0.434 0.308 0.109 0.45 0.623 0.821 0.855 0.766 0.743 0.885 0.947 1.012 0.996 0.992 0.781 0.298 0.113 0.174 -0.222 -0.445 -0.165 -0.522 -0.973 -0.758 -0.662 -0.21 0.241 -0.503 -1.137 -1.546 -1.67 -1.822 -2.141 -1.902 -1.812 -1.678 -1.019 -0.968 -1.784 -2.083 -1.78 -1.54 -1.774 -1.995 -1.725 -1.36 -0.714 -0.17 0.111
-0.557 -0.343 0.119 0.496 0.389 0.063 0.005 0.138 0.545 0.864 1.027 0.919 0.679 -0.155 -0.9 -1.175 -1.223 -0.641 -0.841 -1.417 -1.697 -1.579 -1.15 -0.98 -0.886 -0.839 -0.933 -0.741 -0.113 0.451 0.553 0.856 0.934 0.975 0.959 0.848 0.944 1.005 0.996 0.982 0.932 0.867 0.292 -0.124 -0.262 -0.281 -0.736 -0.961 -0.58 -0.515 -1.194 -1.293 -0.806 -0.245 0.208 -0.392 -0.939 -1.233 -1.425 -1.681 -1.917 -2.03 -1.831 -1.559 -0.985 -0.998 -1.639 -1.957 -1.999 -1.783 -1.855 -1.749 -1.53 -1.088 -0.478 0.204 0.477
-0.39 -0.083 0.389 0.339 -0.083 -0.382 -0.48 -0.145 0.448 0.691 1.035 0.938 0.324 -0.369 -1.024 -1.424 -1.322 -0.833 -1.428 -1.632 -1.318 -1.377 -1.004 -0.457 -0.266 0.046 0.056 -0.163 0.053 0.619 0.925 1.012 1.016 0.999 1 1.014 0.996 0.928 0.822 0.683 0.525 0.668 0.348 -0.264 -0.668 -0.782 -1.02 -1.381 -1.022 -0.67 -1.284 -1.576 -1.11 -0.475 0.069 -0.134 -0.589 -0.87 -1.277 -1.588 -1.766 -1.887 -1.703 -1.425 -0.897 -1.08 -1.567 -1.82 -2.128 -1.961 -1.854 -1.372 -0.935 -0.502 0.095 0.311 -0.024
-0.329 0.051 0.396 0.04 -0.416 -0.723 -0.764 -0.26 0.294 0.687 1.07 0.862 0.108 -0.376 -1.053 -1.796 -1.604 -1.507 -1.778 -1.544 -1.194 -0.839 -0.657 -0.361 0.064 0.287 0.464 0.431 0.434 0.851 1.009 1.02 1.023 1.007 0.982 0.913 0.752 0.506 0.283 0.142 0.246 0.593 0.394 -0.189 -0.641 -1.052 -1.283 -1.594 -1.358 -0.999 -1.51 -1.655 -1.281 -0.809 -0.184 0.035 -0.536 -1.054 -1.271 -1.596 -1.866 -1.91 -1.626 -1.263 -0.865 -1.296 -1.709 -1.967 -2.13 -1.847 -1.598 -1.215 -0.568 0.041 0.304 -0.155 -0.717
-0.199 0.285 0.225 -0.207 -0.594 -0.993 -0.66 -0.168 -0.001 0.393 1.025 0.982 0.446 -0.328 -1.061 -1.838 -1.94 -1.925 -1.603 -1.413 -1.219 -0.838 -0.359 -0.166 0.079 0.171 0.579 0.811 0.905 0.996 1.023 0.985 0.895 0.787 0.767 0.517 0.192 -0.038 -0.217 -0.267 -0.013 0.493 0.407 -0.198 -0.539 -0.869 -1.222 -1.632 -1.662 -1.319 -1.644 -1.748 -1.491 -1.06 -0.425 -0.004 -0.551 -1.246 -1.52 -1.745 -2.028 -2.046 -1.741 -1.144 -1.06 -1.607 -1.907 -2.096 -2.099 -1.861 -1.587 -1.194 -0.367 0.231 -0.068 -0.504 -0.968
-0.03 0.349 -0.084 -0.646 -0.691 -1.138 -0.669 -0.423 -0.517 -0.116 0.771 0.98 0.801 0.039 -0.718 -1.386 -1.902 -1.772 -1.663 -1.474 -1.166 -1.044 -0.448 0.017 0.393 0.512 0.801 0.927 0.978 1.008 0.907 0.682 0.375 0.257 0.441 0.265 -0.228 -0.54 -0.701 -0.667 -0.284 0.355 0.465 -0.062 -0.351 -0.659 -1.127 -1.646 -1.727 -1.559 -1.843 -1.888 -1.581 -1.177 -0.547 -0.063 -0.52 -1.207 -1.668 -1.736 -1.99 -1.988 -1.671 -1.092 -1.224 -1.791 -2.134 -2.165 -1.905 -1.736 -1.333 -0.698 0.029 0.026 -0.352 -0.792 -1.316
0.193 0.12 -0.311 -0.872 -1.078 -1.455 -1.287 -1.009 -0.591 -0.031 0.524 0.907 0.973 0.389 -0.468 -1.111 -1.58 -1.46 -1.871 -1.573 -0.935 -1.051 -0.552 0.113 0.716 0.953 1.024 1.008 1.008 0.754 0.436 0.081 -0.152 -0.12 0.159 0.172 -0.302 -0.763 -1.08 -0.898 -0.409 0.232 0.566 0.058 -0.462 -0.885 -1.36 -1.763 -1.794 -1.762 -2.009 -1.788 -1.468 -1.07 -0.528 -0.201 -0.358 -0.956 -1.484 -1.706 -2.008 -2.017 -1.701 -1.152 -1.399 -1.851 -2.272 -2.188 -2.025 -1.91 -1.239 -0.319 0.186 -0.192 -0.647 -1.23 -1.721
0.139 -0.383 -0.812 -1.235 -1.725 -2.147 -1.82 -1.014 -0.29 -0.152 0.15 0.852 1.034 0.52 -0.448 -1.279 -1.507 -1.292 -1.632 -1.183 -0.631 -0.583 -0.101 0.591 0.959 1.044 1.05 0.992 0.737 0.142 -0.238 -0.462 -0.554 -0.459 -0.07 -0.098 -0.55 -0.862 -1.289 -0.896 -0.319 0.243 0.417 0.208 -0.337 -0.813 -1.332 -1.799 -1.938 -1.974 -2.094 -1.777 -1.427 -0.905 -0.594 -0.675 -0.375 -0.641 -1.272 -1.648 -1.973 -2.175 -1.816 -1.27 -1.689 -1.996 -2.341 -2.382 -2.182 -1.778 -0.883 0.071 -0.032 -0.476 -0.886 -1.604 -2.074
-0.211 -0.914 -1.177 -1.816 -2.296 -2.158 -1.818 -1.225 -0.536 -0.7 -0.249 0.633 1.059 0.759 -0.216 -1.043 -1.429 -1.134 -0.913 -0.445 -0.062 0.187 0.677 0.998 1.047 1.054 1.037 0.647 0.44 -0.23 -0.685 -0.957 -1.067 -0.837 -0.256 -0.566 -1.028 -1.232 -1.401 -0.761 -0.115 0.08 -0.017 0.241 0.035 -0.49 -1.121 -1.619 -1.977 -2.141 -2.162 -1.96 -1.49 -0.821 -1.004 -1.244 -0.792 -0.486 -1.063 -1.573 -1.858 -2.171 -1.908 -1.349 -1.755 -2.04 -2.429 -2.309 -1.933 -1.486 -0.634 0.208 -0.379 -1.082 -1.064 -1.663 -2.16
-0.343 -1.093 -1.739 -2.005 -1.976 -1.587 -1.38 -1.499 -1.114 -1.207 -0.678 0.361 1.007 0.925 0.041 -0.724 -1.181 -0.648 -0.064 0.379 0.728 0.897 1.022 1.061 1.054 1.001 0.739 0.107 0.131 -0.049 -0.52 -1.044 -1.389 -1.094 -0.456 -0.89 -1.365 -1.584 -1.43 -0.704 -0.082 -0.395 -0.521 -0.193 0.141 -0.211 -0.81 -1.255 -1.643 -1.904 -2.043 -1.905 -1.678 -1.082 -1.422 -1.718 -1.309 -0.667 -0.834 -1.597 -2.097 -2.346 -1.962 -1.487 -1.789 -2.243 -2.676 -2.437 -1.933 -1.247 -0.479 0.081 -0.599 -1.462 -1.318 -1.763 -2.236
-0.464 -1.343 -1.54 -1.67 -1.441 -1.156 -1.056 -1.074 -0.915 -0.909 -0.766 0.072 0.973 1.002 0.236 -0.6 -0.689 0.09 0.619 0.939 1.047 1.064 1.062 0.995 0.907 0.666 0.14 -0.355 -0.239 -0.192 -0.352 -0.796 -1.34 -1.248 -0.637 -1.012 -1.492 -1.801 -1.468 -0.764 -0.221 -0.796 -1.153 -0.888 -0.39 0.011 -0.443 -1.047 -1.53 -1.963 -2.128 -1.99 -1.97 -1.455 -1.454 -1.922 -1.564 -0.943 -0.682 -1.325 -1.994 -2.661 -2.349 -1.886 -2.068 -2.225 -2.613 -2.467 -1.995 -1.498 -0.499 -0.085 -1.037 -1.879 -1.848 -1.869 -2.36
-1.04 -1.137 -1.475 -2.039 -1.71 -1.087 -1.007 -1.156 -1.165 -0.542 -0.453 0.046 0.838 1.079 0.764 -0.08 0.02 0.704 1.001 1.077 1.08 1.072 0.873 0.577 0.317 0.036 -0.509 -0.804 -0.635 -0.545 -0.827 -0.874 -1.463 -1.273 -0.819 -1.215 -1.681 -1.842 -1.424 -0.839 -0.363 -0.953 -1.46 -1.423 -0.825 -0.226 -0.164 -0.97 -1.485 -1.825 -2.3 -2.128 -2.029 -1.587 -1.396 -1.988 -1.618 -1.072 -0.6 -1.058 -1.889 -2.539 -2.511 -2.444 -2.488 -2.426 -2.603 -2.476 -2.061 -1.345 -0.509 -0.051 -1.105 -2.048 -2.312 -2.203 -2.543
-1.437 -1.617 -1.924 -2.256 -2.199 -1.375 -1.277 -1.531 -1.646 -1.26 -0.76 0.083 0.583 1.009 1.055 0.589 0.762 1.071 1.088 1.081 1.079 0.932 0.398 0.063 -0.126 -0.682 -1.07 -1.214 -0.997 -0.823 -1.268 -1.293 -1.598 -1.274 -0.869 -1.365 -1.938 -1.906 -1.408 -0.825 -0.552 -1.013 -1.574 -1.654 -1.205 -0.807 -0.174 -0.568 -0.993 -1.642 -1.919 -2.094 -1.777 -1.485 -1.463 -2.186 -1.91 -1.237 -0.6 -0.949 -1.759 -2.223 -2.509 -2.753 -2.943 -2.733 -2.708 -2.917 -2.474 -1.634 -0.527 -0.15 -1.203 -2.036 -2.497 -2.835 -2.909
-1.577 -1.963 -1.985 -1.871 -2.126 -1.711 -1.511 -1.642 -1.285 -0.789 -0.225 0.336 0.502 0.827 1.072 1.047 1.08 1.094 1.094 1.072 0.951 0.381 -0.205 -0.43 -0.64 -1.239 -1.402 -1.27 -1.227 -1.118 -1.306 -1.755 -1.662 -1.207 -1.027 -1.522 -1.955 -2.151 -1.617 -1.075 -0.566 -1.082 -1.792 -1.832 -1.519 -0.997 -0.421 -0.2 -0.555 -1.202 -1.489 -1.999 -1.982 -1.603 -1.54 -2.133 -2.334 -1.604 -0.692 -1.015 -1.7 -1.891 -2.313 -2.909 -3.15 -3.389 -2.989 -2.786 -2.081 -1.373 -0.385 -0.375 -1.279 -1.937 -2.525 -3.23 -3.169
-1.26 -1.964 -1.619 -1.501 -1.906 -1.332 -1.151 -1.091 -0.846 -0.36 0.174 0.456 0.09 0.23 0.874 1.082 1.091 1.086 1.045 0.84 0.4 -0.292 -0.564 -0.646 -0.684 -1.169 -0.945 -0.825 -0.906 -1.325 -1.489 -1.908 -1.555 -1.241 -1.341 -1.493 -2.033 -2.29 -1.886 -1.43 -0.656 -1.1 -1.826 -1.972 -1.461 -1.096 -0.915 -0.412 -0.219 -0.73 -1.115 -1.661 -2.085 -1.822 -1.546 -1.939 -2.286 -1.895 -0.946 -1.089 -1.708 -2.048 -2.266 -2.679 -3.178 -3.394 -2.911 -2.256 -1.582 -0.98 -0.231 -0.58 -1.243 -2.03 -2.69 -3.2 -3.592
-1.66 -2.021 -1.367 -1.296 -1.714 -1.619 -1.46 -1.24 -0.617 0.039 0.358 -0.07 -0.391 0.014 0.622 1.058 1.023 0.886 0.616 0.183 -0.24 -0.479 -0.261 -0.1 -0.28 -0.67 -0.424 -0.441 -0.651 -1.151 -1.738 -2.017 -1.828 -1.519 -1.716 -1.502 -1.812 -2.31 -2.087 -1.539 -0.858 -0.968 -1.597 -1.83 -1.377 -1.572 -1.47 -0.876 -0.299 -0.429 -0.929 -1.507 -2.03 -2.09 -1.673 -1.655 -2.138 -1.705 -1.208 -0.949 -1.377 -1.685 -2.008 -2.359 -2.955 -3.466 -2.957 -2.317 -1.539 -0.688 -0.174 -0.706 -1.463 -2.347 -2.852 -3.189 -3.636
-1.81 -1.852 -1.199 -1.097 -1.523 -1.619 -1.312 -0.976 -0.466 0.202 -0.027 -0.586 -0.285 0.373 0.894 0.855 0.684 0.398 0.047 -0.1 -0.323 -0.171 0.163 0.284 0.196 -0.014 0.042 -0.222 -0.628 -1.122 -1.626 -1.985 -2.014 -1.994 -2.197 -1.922 -1.778 -2.11 -2.061 -1.782 -1.142 -0.953 -1.587 -1.923 -1.447 -1.893 -1.768 -1.184 -0.535 -0.33 -0.826 -1.359 -1.755 -2.007 -1.995 -1.736 -2.162 -1.85 -1.378 -1.038 -1.496 -1.676 -1.909 -2.205 -2.971 -3.096 -2.64 -2.401 -1.697 -0.81 -0.21 -0.874 -1.591 -2.275 -2.745 -3.309 -3.769
-1.456 -1.685 -1.22 -1.013 -1.486 -1.463 -0.889 -0.354 -0.012 -0.008 -0.622 -0.519 0.081 0.687 0.847 0.561 0.554 0.453 0.282 0.321 0.359 0.319 0.585 0.562 0.375 0.402 0.436 0.057 -0.522 -1.095 -1.442 -1.577 -1.975 -2.207 -2.422 -2.207 -1.976 -2.124 -2.181 -1.945 -1.436 -1.278 -1.806 -2.188 -1.873 -2.075 -1.679 -1.155 -0.533 -0.328 -0.644 -1.118 -1.498 -1.828 -2.251 -2.07 -2.338 -2.275 -1.468 -1.36 -2.106 -2.28 -2.263 -2.476 -3.13 -2.438 -1.913 -1.83 -1.309 -0.602 -0.25 -0.973 -1.669 -2.192 -2.711 -3.187 -3.595
-1.562 -1.785 -1.493 -0.999 -1.146 -1.192 -0.573 0.039 -0.009 -0.542 -0.933 -0.255 0.251 0.498 0.685 0.667 0.531 0.208 0.026 0.201 0.478 0.631 0.585 0.286 -0.149 0.095 0.467 0.382 -0.088 -0.736 -1.098 -1.438 -1.928 -2.257 -2.294 -2.279 -2.194 -2.39 -2.187 -1.929 -1.588 -1.701 -2.356 -2.566 -2.393 -2.222 -1.646 -1.074 -0.522 -0.656 -0.641 -0.744 -1.272 -1.888 -2.424 -2.57 -2.622 -2.433 -1.535 -1.642 -2.345 -2.73 -2.801 -2.995 -2.943 -2.116 -1.576 -1.429 -1.211 -0.478 -0.279 -1.029 -1.84 -2.3 -2.552 -2.867 -3.428
-1.763 -1.519 -1.387 -1.133 -0.892 -0.769 -0.213 -0.022 -0.393 -0.464 -0.667 -0.204 -0.238 -0.27 0.057 0.392 0.006 -0.61 -0.919 -0.548 0.102 0.545 0.279 -0.364 -0.687 -0.265 0.217 0.428 0.31 -0.182 -0.606 -1.126 -1.808 -2.142 -1.964 -2.189 -2.339 -2.523 -2.178 -1.856 -1.462 -1.858 -2.519 -2.722 -2.487 -2.178 -1.822 -1.106 -0.713 -1.315 -1.285 -0.865 -1.048 -1.724 -2.247 -2.752 -2.919 -2.513 -1.687 -1.728 -2.229 -2.647 -2.978 -3.229 -2.85 -2.285 -1.888 -1.819 -1.504 -0.505 -0.341 -1.017 -1.511 -1.904 -2.228 -2.599 -3.35
-1.737 -1.532 -1.504 -1.419 -0.782 -0.252 -0.043 -0.36 -0.753 -0.243 -0.623 -0.684 -0.871 -0.997 -0.571 0.051 -0.132 -0.837 -1.429 -0.872 0.024 0.488 0.079 -0.651 -0.942 -0.474 -0.156 0.185 0.343 0.247 -0.031 -0.58 -1.442 -1.749 -1.709 -1.992 -2.235 -2.48 -2.08 -1.908 -1.425 -1.749 -2.331 -2.589 -2.389 -1.951 -1.643 -1.025 -0.995 -1.777 -2.011 -1.519 -0.966 -1.382 -2.036 -2.487 -2.938 -2.852 -2.136 -1.813 -2.049 -2.362 -2.934 -3.034 -2.823 -2.551 -2.315 -2.246 -1.474 -0.375 -0.562 -1.346 -1.404 -1.465 -2.074 -2.447 -2.999
-1.765 -1.789 -1.508 -1.269 -0.575 -0.115 -0.367 -0.777 -0.864 -0.23 -0.845 -1.309 -1.381 -1.161 -0.599 -0.501 -0.251 -0.516 -1.316 -0.969 0.053 0.449 -0.064 -0.822 -1.144 -0.856 -0.539 -0.133 -0.204 -0.115 0.063 -0.168 -0.949 -1.368 -1.507 -1.786 -2.221 -2.434 -2.299 -2.114 -1.521 -1.587 -2.266 -2.491 -2.184 -1.761 -1.38 -0.88 -1.09 -1.871 -2.377 -1.953 -1.159 -1.178 -1.851 -2.279 -2.837 -2.902 -2.391 -2.077 -2.136 -2.591 -2.973 -2.644 -2.345 -2.221 -2.203 -2.026 -1.178 -0.376 -0.942 -1.761 -1.871 -1.435 -1.755 -2.256 -2.658
-1.565 -1.744 -1.114 -0.911 -0.247 -0.351 -0.868 -1.133 -0.994 -0.431 -0.75 -1.58 -1.672 -1.368 -1.096 -1.145 -0.711 -0.338 -0.757 -0.716 0.13 0.417 -0.136 -0.98 -1.358 -1.276 -0.795 -0.534 -0.762 -0.795 -0.496 -0.392 -0.39 -0.732 -1.163 -1.683 -1.984 -2.266 -2.583 -2.092 -1.646 -1.497 -2.132 -2.461 -2.298 -1.941 -1.48 -0.918 -1.209 -1.999 -2.572 -2.04 -1.328 -1.365 -1.653 -2.244 -2.886 -3.176 -2.671 -2.425 -2.637 -2.93 -2.95 -2.437 -1.921 -1.763 -1.955 -1.488 -0.724 -0.683 -1.405 -1.999 -2.172 -1.92 -1.602 -2.023 -2.471
-1.167 -1.353 -0.936 -0.444 -0.092 -0.683 -1.143 -1.293 -1.177 -1.165 -0.827 -1.032 -1.799 -1.846 -1.734 -1.275 -0.771 -0.611 -0.421 -0.335 0.219 0.407 -0.157 -0.74 -1.081 -1.365 -1.053 -0.951 -1.253 -1.278 -1.106 -0.896 -0.605 -0.573 -0.641 -1.162 -1.663 -2.151 -2.618 -2.27 -1.791 -1.658 -1.836 -2.34 -2.13 -1.911 -1.414 -0.941 -1.362 -2 -2.56 -1.869 -1.53 -1.709 -1.693 -2.222 -2.952 -3.279 -2.852 -2.83 -2.791 -2.485 -2.744 -2.451 -1.97 -1.543 -1.409 -1.007 -0.459 -0.873 -1.504 -2.002 -2.346 -2.168 -1.979 -2.054 -2.475
