data/climatemaps/RS_maps/climate_breeding_tmp_2000.asc
NCOLS 369 
NROWS 228 
XLLCORNER 479000 
YLLCORNER 73000 
CELLSIZE 1000 
NODATA_value -9 
[rows 170 to 203 of 228, columns 154 to 230 of 369]
-0.174 -0.315 -0.793 -0.808 -0.86 -0.417 -0.339 -0.1 0.431 0.691 0.67 0.525 0.239 -0.379 -0.993 -1.447 -1.736 -1.803 -1.572 -1.289 -1.387 -1.38 -1.17 -1.239 -1.23 -1.413 -1.943 -2.001 -1.5 -0.903 -0.707 -0.759 -0.984 -1.321 -1.387 -1.392 -1.521 -1.107 -0.567 0.098 0.164 -0.374 -0.546 -0.969 -1.396 -1.307 -0.98 -0.672 -0.592 -0.457 -0.535 -0.442 -0.501 -0.691 -0.503 0.196 0.975 0.296 -0.379 -0.681 -0.891 -1.056 -1.072 -0.928 -0.368 -0.339 -0.416 -0.535 -0.866 -1.112 -0.388 0.358 0.202 -0.473 -1.077 -1.296 -1.045
0.234 -0.028 -0.285 -0.373 -0.336 -0.025 0.211 0.44 0.691 0.742 0.601 0.439 0.176 -0.404 -1.097 -1.404 -1.411 -1.631 -1.637 -1.539 -1.655 -1.559 -1.306 -1.555 -1.763 -1.557 -1.92 -1.559 -1.098 -0.725 -0.554 -0.785 -1.088 -1.122 -1.05 -1.332 -1.32 -0.813 -0.177 0.356 -0.269 -0.927 -1.22 -1.156 -1.448 -1.071 -0.68 -0.468 -0.471 -0.451 -0.282 -0.056 0.102 0.024 0.199 0.642 1.041 0.6 -0.149 -0.29 -0.357 -0.789 -0.565 -0.901 -0.902 -0.565 -0.184 0.048 -0.186 -0.454 -0.282 0.477 0.121 -0.499 -1.082 -0.985 -0.637
0.606 0.376 0.264 0.139 0.252 0.471 0.645 0.7 0.639 0.619 0.558 0.284 -0.124 -0.56 -0.848 -0.981 -1.23 -1.35 -1.453 -1.59 -1.887 -1.9 -1.406 -1.801 -2.171 -1.92 -1.72 -1.203 -1.043 -0.866 -0.41 -0.808 -1.058 -0.659 -0.893 -1.271 -0.926 -0.321 0.332 0.157 -0.523 -1.236 -1.575 -1.476 -1.541 -1.087 -0.907 -0.869 -1.043 -0.872 -0.472 0.042 0.444 0.351 0.57 0.501 0.671 0.969 0.57 0.334 0.03 -0.402 -0.229 -0.543 -0.647 -0.661 -0.893 -0.371 0.061 0.173 0.108 0.583 -0.125 -0.885 -0.942 -0.606 -0.52
0.767 0.748 0.709 0.634 0.626 0.555 0.545 0.265 0.116 0.144 0.164 0.117 -0.136 -0.298 -0.418 -0.56 -0.907 -1.196 -1.534 -1.883 -1.937 -1.773 -1.741 -1.822 -1.942 -1.926 -1.594 -1.267 -1.238 -0.703 -0.022 -0.372 -0.737 -0.539 -1.113 -1.17 -0.49 0.235 0.34 -0.339 -0.829 -1.442 -1.694 -1.558 -1.271 -1.181 -0.804 -0.502 -0.432 -0.366 -0.015 0.388 0.147 -0.517 -0.36 -0.156 -0.057 0.441 0.971 0.943 0.706 0.443 0.01 0.102 -0.154 -0.523 -0.827 -0.793 -0.604 -0.099 0.26 0.621 -0.07 -0.771 -0.764 -0.234 -0.612
0.602 0.749 0.446 0.486 0.212 -0.034 0.205 -0.261 -0.673 -0.771 -0.399 0.025 -0.035 -0.357 -0.586 -0.732 -0.815 -1.188 -1.629 -1.871 -1.553 -1.298 -1.412 -1.335 -1.577 -1.768 -1.509 -1.267 -0.938 -0.514 -0.125 0.094 -0.025 -0.401 -1.075 -1.004 -0.349 0.526 0.204 -0.651 -1.383 -1.609 -1.306 -1.129 -0.862 -0.783 -0.589 -0.285 -0.052 0.047 0.223 0.196 -0.411 -0.824 -0.638 -0.353 -0.519 -0.046 0.418 0.722 1.059 1.052 0.584 0.415 -0.18 -0.664 -0.315 -0.688 -0.976 -0.654 -0.172 0.503 0.389 -0.275 -0.659 -0.031 -0.206
0.355 0.66 0.189 -0.126 -0.515 -0.607 -0.056 -0.653 -1.196 -1.316 -0.654 -0.273 -0.194 -0.706 -0.95 -1.16 -1.246 -1.394 -1.777 -1.374 -1.004 -0.836 -0.943 -1.114 -1.455 -1.549 -1.197 -1.02 -0.7 -0.671 -0.641 -0.15 0.21 0.08 -0.389 -0.501 0.108 0.61 0.12 -0.609 -1.354 -1.493 -1.18 -0.759 -0.602 -0.38 -0.342 -0.224 -0.425 -0.533 -0.208 -0.245 -0.555 -1.018 -0.969 -0.785 -0.527 0.001 -0.045 0.191 0.529 0.933 1.038 0.614 -0.086 -0.288 0.096 -0.274 -0.704 -0.907 -0.607 -0.072 0.56 0.287 -0.154 0.128 0.135
0.356 0.553 0.08 -0.363 -0.893 -1.01 -0.364 -0.79 -1.447 -1.279 -0.706 -0.79 -0.529 -0.858 -1.214 -1.448 -1.888 -1.823 -1.404 -1.019 -0.748 -0.62 -0.843 -1.255 -1.562 -1.357 -1.347 -1.336 -1.432 -1.359 -0.925 -0.591 0.086 0.516 0.421 0.143 0.575 0.44 -0.213 -0.895 -1.491 -1.228 -0.954 -0.637 -0.493 -0.749 -0.743 -0.508 -0.927 -0.886 -0.824 -0.848 -0.963 -1.061 -0.953 -0.799 -0.582 -0.328 -0.579 -0.238 -0.04 0.583 1.107 0.869 0.241 0.281 0.375 0.025 -0.335 -0.889 -0.819 -0.309 0.264 0.598 0.575 0.526 0.319
0.493 0.509 0.053 -0.401 -0.803 -1.147 -0.662 -1.011 -1.633 -1.522 -1.318 -1.292 -0.885 -0.848 -1.438 -1.838 -2.069 -1.638 -1.474 -1.427 -0.947 -0.785 -0.769 -0.908 -0.86 -0.945 -1.282 -1.436 -1.776 -1.751 -1.284 -0.87 -0.119 0.366 0.721 0.656 0.617 0.173 -0.455 -1.043 -1.459 -1.196 -0.901 -0.801 -1.142 -1.173 -0.922 -0.728 -1.077 -1.146 -1.221 -1.222 -1.241 -1.075 -0.783 -0.622 -0.865 -0.847 -0.956 -0.61 -0.025 0.461 0.888 1.133 0.779 0.637 0.262 -0.288 -0.527 -0.842 -0.738 -0.632 -0.331 -0.011 0.505 0.685 0.095
0.523 0.381 -0.125 -0.482 -0.883 -1.153 -0.723 -0.994 -1.532 -1.545 -1.435 -1.119 -0.9 -0.806 -1.218 -1.742 -2.033 -2.184 -2.189 -1.686 -1.143 -1.15 -0.604 -0.231 -0.296 -0.533 -0.68 -0.901 -1.142 -1.576 -1.539 -0.877 -0.314 0.132 0.666 0.867 0.443 -0.164 -0.63 -1.136 -1.383 -1.189 -1.092 -1.248 -1.436 -1.229 -1.049 -0.9 -1.003 -0.921 -0.883 -0.806 -0.843 -0.863 -0.613 -0.242 -0.809 -0.712 -0.904 -0.551 -0.014 0.107 0.513 1.084 1.157 0.841 0.283 -0.094 -0.227 -0.562 -0.898 -0.905 -0.676 -0.543 0.222 0.833 -0.153
0.533 0.237 -0.072 -0.337 -0.903 -1.299 -0.817 -0.932 -1.421 -1.456 -1.09 -0.883 -0.984 -1.255 -1.55 -1.835 -2.287 -2.521 -2.441 -1.676 -1.315 -1.389 -0.694 -0.413 -0.368 -0.112 -0.169 -0.48 -0.759 -1.035 -1.111 -0.646 -0.212 0.139 0.606 0.916 0.394 -0.015 -0.528 -1.074 -1.171 -0.839 -0.943 -1.33 -1.358 -1.295 -1.256 -0.862 -0.585 -0.447 -0.302 -0.188 -0.181 -0.231 -0.264 -0.041 -0.501 -0.32 -0.623 -0.565 -0.451 -0.444 -0.028 0.569 1.067 1.169 0.943 0.566 0.24 -0.277 -0.599 -0.822 -0.411 0.057 0.507 0.879 0.158
0.571 0.105 -0.455 -0.546 -0.977 -1.446 -1.049 -0.997 -1.471 -1.304 -0.941 -0.818 -1.143 -1.626 -1.986 -1.891 -2.343 -2.22 -2.122 -1.805 -1.508 -1.474 -0.868 -0.955 -0.969 -0.298 0.089 -0.067 -0.412 -0.585 -0.622 -0.487 -0.022 0.319 0.659 0.929 0.491 0.048 -0.582 -0.808 -0.825 -0.613 -0.97 -1.165 -1.041 -1.093 -1.344 -1.065 -0.821 -0.608 -0.423 -0.287 -0.316 -0.096 0.031 0.166 0.126 0.077 -0.153 -0.442 -0.704 -0.486 0.014 0.353 0.752 1.176 1.271 1.135 0.662 0.257 -0.194 -0.735 -0.335 -0.014 0.418 0.881 0.605
0.496 0.127 -0.56 -0.966 -1.298 -1.638 -1.362 -1.005 -1.558 -1.4 -0.93 -0.821 -0.928 -1.197 -1.47 -1.552 -2.05 -1.685 -1.596 -1.574 -1.638 -1.518 -1.057 -1.047 -0.833 -0.518 -0.042 0.212 0.086 -0.06 -0.065 -0.265 -0.11 0.368 0.726 0.918 0.315 -0.38 -0.743 -0.317 -0.303 -0.418 -0.646 -0.696 -0.843 -1.156 -1.06 -1.036 -0.881 -0.896 -0.883 -0.823 -0.817 -0.545 -0.407 -0.287 0.039 0.413 0.166 -0.35 -0.39 -0.136 0.106 0.12 0.29 0.713 0.984 1.223 0.921 0.594 0.118 -0.565 -0.581 -0.349 0.01 0.565 0.931
0.066 0.2 -0.458 -1.119 -1.529 -1.851 -1.578 -1.146 -1.633 -1.566 -1.147 -1.038 -0.7 -0.665 -1.023 -1.424 -1.81 -1.291 -0.975 -1.059 -1.223 -1.271 -0.946 -0.634 -0.254 -0.033 0.046 0.284 0.525 0.497 0.433 0.001 -0.347 0.221 0.797 0.863 0.058 -0.649 -0.76 -0.131 -0.272 -0.749 -0.787 -0.657 -0.967 -1.046 -0.744 -0.512 -0.463 -0.453 -0.659 -0.759 -0.693 -0.558 -0.282 -0.207 -0.198 0.497 0.098 -0.218 -0.144 0.319 0.52 0.235 -0.139 0.166 0.529 1.152 0.631 0.12 -0.288 -0.472 -0.124 0.143 0.383 0.681 0.909
-0.656 0.171 -0.273 -0.918 -1.459 -1.922 -1.814 -1.484 -1.622 -1.763 -1.643 -1.42 -0.972 -0.491 -0.757 -1.142 -1.529 -1.261 -0.585 -0.598 -0.599 -0.689 -0.327 0.011 0.279 0.468 0.471 0.503 0.748 0.824 0.799 0.325 -0.389 0.017 0.826 0.812 -0.05 -0.653 -0.334 0.128 -0.386 -0.983 -1.055 -0.807 -1.02 -1.029 -0.777 -0.446 -0.225 -0.012 -0.111 -0.17 -0.242 -0.213 0.174 0.35 0.379 0.621 0.528 0.381 0.389 0.705 0.815 0.563 0.099 0.297 0.819 1.19 0.995 0.29 -0.17 -0.326 0.036 0.134 0.437 0.98 0.825
-1.18 -0.278 -0.028 -0.675 -1.333 -1.963 -2.112 -1.92 -1.804 -2.076 -1.822 -1.322 -0.93 -0.54 -0.405 -0.604 -1.009 -0.992 -0.288 -0.248 -0.153 -0.042 0.138 0.182 0.184 0.118 0.124 0.08 0.194 0.426 0.773 0.663 -0.182 -0.05 0.837 0.713 -0.043 -0.26 0.165 -0.059 -0.399 -0.693 -1.091 -1.132 -1.191 -1.014 -0.869 -0.89 -0.56 -0.097 0.012 0.109 0.24 0.298 0.257 0.058 0.181 0.469 0.56 0.781 0.785 0.778 0.855 0.98 0.655 0.509 0.928 1.095 1.249 0.556 0.044 0.035 0.36 0.64 0.702 1.094 0.827
-1.448 -0.726 -0.096 -0.577 -1.304 -1.83 -1.994 -2.009 -2.111 -2.319 -1.889 -1.347 -1.094 -0.888 -0.519 -0.247 -0.359 -0.375 -0.392 -0.586 -0.138 0.076 -0.316 -0.42 -0.617 -0.662 -0.751 -0.773 -0.683 -0.323 0.145 0.788 0.133 -0.185 0.602 0.916 0.253 0.211 0.102 -0.028 -0.212 -0.813 -1.16 -0.92 -0.731 -0.734 -0.524 -0.897 -0.575 -0.343 -0.492 -0.137 -0.2 -0.087 -0.318 -0.34 -0.309 0.039 0.053 0.421 0.255 0.332 0.466 0.896 0.938 1.099 1.271 1.314 1.364 0.79 0.445 0.672 0.943 1.116 1.197 1.317 1.249
-1.671 -1.15 -0.363 -0.415 -1.152 -1.578 -1.801 -2.021 -2.193 -2.507 -2.239 -1.93 -1.598 -1.367 -1.068 -0.28 -0.238 -0.523 -0.876 -0.722 -0.122 -0.523 -1.038 -1.148 -1.282 -1.365 -1.219 -1.158 -1.178 -0.928 -0.513 0.607 0.404 0.155 0.801 1.068 0.507 0.467 0.33 0.407 -0.191 -0.872 -1.072 -0.676 -0.262 -0.235 -0.38 -0.749 -0.755 -0.679 -0.727 -0.337 -0.462 -0.31 -0.416 -0.543 -0.52 -0.218 0.065 0.185 0.246 0.516 0.687 0.979 1.151 1.146 1.21 1.351 1.411 1.22 1.065 1.208 1.363 1.432 1.458 1.465 1.47
-1.743 -1.225 -0.717 -0.26 -0.903 -1.456 -1.798 -1.988 -2.141 -2.626 -2.876 -2.56 -2.01 -1.598 -1.124 -0.354 -0.636 -0.905 -0.668 -0.284 -0.426 -0.917 -1.252 -1.161 -1.178 -1.264 -1.125 -0.897 -1.145 -1.017 -0.459 0.544 0.751 0.683 1.179 1.077 0.737 0.697 0.717 0.297 -0.142 -0.792 -0.637 -0.357 -0.032 0.082 -0.214 -0.425 -0.751 -0.594 -0.769 -0.632 -0.511 -0.338 -0.06 0.017 -0.033 0.262 0.595 0.596 0.763 0.906 0.974 1.005 0.727 0.619 0.814 1.203 1.332 1.427 1.424 1.449 1.486 1.497 1.496 1.496 1.493
-1.732 -1.504 -1.368 -0.566 -0.525 -1.144 -1.527 -1.899 -2.366 -2.67 -3.076 -2.564 -1.923 -1.452 -0.774 -0.558 -0.978 -0.998 -0.48 -0.234 -0.664 -0.862 -0.996 -0.839 -0.782 -0.717 -0.681 -0.623 -0.917 -0.569 -0.011 0.638 1.031 1.017 1.244 -9 -9 0.871 0.443 -0.1 -0.549 -0.762 -0.683 -0.618 -0.211 0.181 -0.274 -0.361 -0.398 -0.233 -0.471 -0.544 -0.175 -0.062 0.166 0.536 0.582 0.729 0.877 0.911 0.879 0.707 0.777 0.705 0.405 0.274 0.656 1.125 1.328 1.449 1.484 1.488 1.503 1.506 1.506 1.505 1.501
-2 -1.982 -1.878 -1.068 -0.448 -0.839 -1.449 -1.968 -2.216 -2.454 -3.077 -2.326 -1.614 -1.168 -0.57 -0.826 -1.179 -1.071 -0.439 -0.545 -1.024 -0.945 -1.049 -0.86 -0.56 -0.34 -0.232 -0.523 -0.849 -0.58 -0.06 0.411 1.006 1.197 1.271 -9 -9 -9 -0.006 -0.337 -0.484 -0.303 -0.292 -0.248 -0.079 0.293 0.105 0.111 -0.008 0.04 -0.088 -0.16 0.017 0.246 0.267 0.612 0.832 0.741 0.807 0.767 0.691 0.437 0.281 0.18 0.199 0.354 0.977 1.347 1.457 1.495 1.502 1.503 1.511 1.511 1.515 1.493 1.384
-2.632 -2.622 -1.928 -1.18 -0.525 -0.77 -1.312 -1.753 -1.864 -2.214 -2.691 -2.198 -1.613 -1.419 -1.206 -1.32 -1.352 -0.982 -0.425 -0.984 -1.316 -1.214 -1.248 -1.077 -0.641 -0.187 -0.038 -0.116 -0.677 -0.615 -0.203 0.266 1.057 1.287 1.291 -9 -9 -9 -9 -9 0.086 0.125 0.137 0.246 0.346 0.498 0.497 0.48 0.411 0.321 0.203 0.138 0.318 0.581 0.653 0.731 0.655 0.31 0.457 0.434 0.374 0.014 -0.087 0.046 0.304 0.816 1.384 1.509 1.515 1.517 1.519 1.516 1.508 1.439 1.342 1.237 0.859
-2.823 -2.696 -1.84 -1.13 -0.567 -0.587 -1.086 -1.39 -1.811 -2.22 -2.669 -2.679 -1.911 -1.829 -1.582 -1.709 -1.71 -0.9 -0.87 -1.355 -1.419 -1.31 -0.942 -0.733 -0.434 0.099 0.229 0.188 -0.051 -0.054 0.303 0.731 1.261 1.321 1.314 -9 -9 -9 -9 -9 -9 0.528 0.477 0.537 0.551 0.584 0.582 0.621 0.655 0.57 0.512 0.501 0.668 0.701 0.618 0.552 0.307 -0.066 -0.039 -0.144 -0.158 -0.487 0.004 0.473 0.736 1.226 1.51 1.522 1.522 1.524 1.527 1.496 1.336 1.04 0.806 0.816 0.344
-2.827 -2.543 -2.094 -1.471 -0.778 -0.377 -1.001 -1.469 -1.94 -2.378 -2.817 -2.963 -2.204 -2.174 -1.877 -1.799 -1.265 -0.831 -1.161 -1.389 -1.154 -1.017 -0.705 -0.133 0.061 0.352 0.553 0.618 0.615 0.675 0.852 1.13 1.304 1.335 -9 -9 -9 -9 -9 -9 -9 -9 0.432 0.376 0.272 0.247 0.328 0.496 0.582 0.645 0.645 0.683 0.633 0.354 0.148 0.068 -0.148 -0.445 -0.617 -0.708 -0.761 -0.703 -0.041 0.671 1.097 1.46 1.523 1.528 1.532 1.532 1.496 1.204 0.828 0.49 0.158 0.26 0.13
-3.005 -2.65 -1.96 -1.486 -0.913 -0.401 -0.924 -1.612 -2.079 -2.407 -2.494 -2.594 -2.487 -2.179 -1.747 -1.469 -0.943 -1.04 -1.298 -1.127 -0.772 -0.633 -0.328 0.071 0.206 0.372 0.543 0.74 0.732 0.79 0.909 1.136 1.304 1.346 -9 -9 -9 -9 -9 -9 -9 -9 -9 -0.078 -0.193 -0.151 0.24 0.185 0.162 0.225 0.34 0.488 0.336 0.178 -0.1 -0.063 0.077 0.023 -0.423 -0.386 -0.549 -0.597 0.089 0.717 1.319 1.534 1.537 1.537 1.538 1.509 1.15 0.788 0.326 -0.012 -0.346 -0.108 -0.072
-3.183 -2.579 -1.756 -1.145 -0.804 -0.555 -0.758 -1.455 -1.865 -1.912 -2.056 -2.283 -2.428 -2.108 -1.614 -1.277 -1.052 -1.19 -1.305 -1.145 -0.9 -0.617 -0.322 -0.208 -0.286 -0.188 0.184 0.409 0.24 0.322 0.562 0.929 1.247 1.356 -9 -9 -9 -9 -9 -9 -9 -9 -9 -9 -0.455 -0.178 0.216 -0.01 -0.318 -0.089 0.251 0.485 0.545 0.216 0.15 0.231 0.61 0.202 -0.261 0.113 -0.07 -0.232 0.384 0.963 1.464 1.543 1.546 1.502 1.462 1.225 0.773 0.277 -0.104 -0.052 0.027 0.132 -0.242
-3.053 -2.306 -1.565 -0.88 -0.787 -0.969 -0.662 -0.968 -1.362 -1.497 -1.728 -2.118 -2.533 -2.288 -1.759 -1.297 -0.944 -0.79 -0.883 -1.173 -1.307 -1.161 -0.875 -0.7 -0.725 -0.567 -0.172 -0.101 -0.236 0.114 0.536 0.952 1.296 1.374 -9 -9 -9 -9 -9 -9 -9 -9 -9 -9 -9 -0.041 -0.119 -0.064 -0.422 -0.03 0.33 0.301 0.697 0.643 0.74 0.768 0.834 0.331 0.03 0.463 -0.065 -0.049 0.503 1.191 1.545 1.553 1.539 1.288 1.047 0.807 0.373 -0.013 -0.138 0.345 0.513 0.278 -0.186
-2.713 -1.993 -1.484 -1.07 -1.234 -1.545 -0.913 -0.732 -1.413 -1.803 -1.82 -2.012 -2.365 -1.936 -1.397 -0.956 -0.781 -0.641 -0.456 -0.683 -0.99 -1.234 -1.001 -0.671 -0.628 -0.271 -0.153 -0.342 -0.378 0.124 0.693 1.202 1.387 -9 -9 -9 -9 -9 -9 -9 -9 -9 -9 -9 -9 -0.467 -0.388 -0.1 -0.379 0.082 0.124 0.105 0.586 0.454 0.755 0.639 0.963 0.602 0.067 0.614 0.347 0.183 0.701 1.29 1.552 1.556 1.426 0.979 0.659 0.568 0.326 0.121 0.1 0.567 0.577 0.203 -0.337
-2.713 -2.145 -1.845 -1.523 -1.738 -1.964 -1.109 -0.783 -1.286 -1.896 -2.122 -2.167 -2.271 -1.655 -1.192 -1.041 -1.171 -0.985 -0.46 -0.181 -0.534 -0.976 -1.087 -0.685 -0.329 -0.117 0.207 0.154 0.01 0.424 1.019 1.364 -9 -9 -9 -9 -9 -9 -9 -9 -9 -9 -9 -9 -9 -9 -0.555 -0.131 -0.356 0.049 -0.297 0.178 0.39 0.171 0.508 0.413 0.923 0.677 0.37 0.587 0.896 0.439 0.644 1.237 1.55 1.558 1.391 0.802 0.494 0.329 0.263 0.241 0.518 0.812 0.547 0.078 -0.337
-2.989 -2.448 -2.14 -1.903 -2.005 -1.967 -1.131 -0.893 -1.326 -1.42 -1.936 -2.286 -2.178 -1.68 -1.458 -1.475 -1.305 -0.679 -0.465 0.092 -0.321 -0.826 -0.916 -0.511 -0.553 -0.365 0.3 0.635 0.587 0.783 1.272 1.393 -9 -9 -9 -9 -9 -9 -9 -9 -9 -9 -9 -9 -9 -9 -9 -0.515 -0.341 -0.352 -0.33 -0.075 -0.083 0.249 0.722 0.806 0.999 1.027 1.01 0.962 1.083 0.98 0.976 1.319 1.555 1.566 1.544 1.016 0.619 0.392 0.433 0.686 0.862 0.683 0.507 0.265 -0.161
-3.216 -2.686 -2.356 -2.26 -2.209 -1.987 -1.219 -0.945 -1.588 -1.49 -1.625 -2.151 -2.169 -1.522 -1.405 -1.46 -0.977 -0.115 0.098 0.395 0.034 -0.522 -0.337 -0.027 -0.133 -0.021 0.404 0.877 0.994 1.082 1.323 -9 -9 -9 -9 -9 -9 -9 -9 -9 -9 -9 -9 -9 -9 -9 -9 -0.823 -0.73 -0.44 -0.418 -0.447 -0.096 0.34 0.286 0.438 0.682 0.643 0.916 0.816 0.902 1.062 1.274 1.407 1.474 1.577 1.565 1.143 0.792 0.835 0.902 0.958 0.909 0.484 0.258 0.179 -0.126
-3.165 -2.843 -2.632 -2.505 -2.207 -1.869 -1.259 -1.058 -1.765 -1.93 -1.52 -1.935 -2.22 -1.67 -1.09 -0.837 -0.488 0.198 0.254 0.396 0.557 0.189 0.219 0.216 0.514 0.713 0.861 0.87 0.523 0.715 -9 -9 -9 -9 -9 -9 -9 -9 -9 -9 -9 -9 -9 -9 -9 -9 -9 -9 -0.4 -0.014 -0.048 -0.485 -0.241 -0.04 -0.164 0.22 0.213 0.515 0.58 0.349 0.419 0.649 0.832 0.995 1.287 1.585 1.58 1.34 1.111 1.118 1.056 0.737 0.622 0.338 0.037 -0.126 0.046
-2.843 -2.973 -2.911 -2.463 -2.165 -1.925 -1.414 -1.119 -1.749 -2.104 -1.86 -1.788 -2.145 -1.863 -1.22 -0.559 -0.217 -0.293 -0.4 -0.365 0.158 0.66 0.757 0.774 0.732 0.567 0.458 0.302 0.227 -9 -9 -9 -9 -9 -9 -9 -9 -9 -9 -9 -9 -9 -9 -9 -9 -9 -9 -9 -9 0.267 -0.017 -0.627 -0.447 -0.269 -0.204 0.061 0.109 0.358 0.333 0.251 0.32 0.438 0.525 0.671 1.137 1.574 1.588 1.507 1.236 1.051 0.983 0.748 0.546 0.249 -0.135 0.013 0.36
-2.713 -2.902 -2.652 -2.508 -2.353 -1.969 -1.344 -1.118 -1.702 -2.172 -2.302 -1.957 -1.774 -1.619 -1.303 -0.391 -0.472 -0.895 -0.995 -0.794 -0.323 0.041 0.297 0.246 0.049 -0.139 -0.011 -0.055 -9 -9 -9 -9 -9 -9 -9 -9 -9 -9 -9 -9 -9 -9 -9 -9 -9 -9 -9 -9 -9 -9 -9 -0.599 -0.174 0.199 0.161 0.244 0.247 0.132 0.025 0.321 0.629 0.773 0.872 0.887 1.199 1.566 1.594 1.587 1.373 1.175 1.067 0.991 0.766 0.435 0.034 0.379 0.671
-2.859 -3.13 -2.729 -2.737 -2.487 -1.834 -1.523 -1.123 -1.455 -1.68 -1.977 -2.121 -1.612 -1.142 -0.76 -0.443 -0.72 -1.081 -1.358 -1.176 -0.875 -0.703 -0.318 -0.385 -0.226 0.067 0.526 -9 -9 -9 -9 -9 -9 -9 -9 -9 -9 -9 -9 -9 -9 -9 -9 -9 -9 -9 -9 -9 -9 -9 -9 -9 -0.069 0.318 0.523 0.588 0.351 0.221 0.126 0.255 0.533 0.922 1.273 1.391 1.497 1.588 1.597 1.597 1.513 1.324 1.254 1.176 0.876 0.486 0.45 0.701 0.884
