data/climatemaps/RS_maps/climate_winter_pr_2016.asc
NCOLS 369 
NROWS 228 
XLLCORNER 479000 
YLLCORNER 73000 
CELLSIZE 1000 
NODATA_value -9 
[rows 132 to 164 of 228, columns 222 to 295 of 369]
-0.98 -1.051 -1.029 -1.076 -1.077 -1.123 -1.214 -1.248 -1.175 -1.141 -1.024 -0.891 -0.833 -0.802 -0.827 -0.909 -1.048 -1.131 -1.032 -0.921 -0.851 -0.82 -0.812 -0.848 -0.983 -1.141 -1.226 -1.229 -1.178 -1.167 -1.154 -1.236 -1.333 -1.298 -1.188 -1.077 -0.97 -0.924 -0.926 -1.001 -1.092 -1.087 -1.047 -1.031 -1.052 -0.964 -0.987 -1.035 -1.095 -1.165 -1.259 -1.362 -1.473 -1.466 -1.368 -1.248 -1.176 -1.126 -1.15 -1.218 -1.322 -1.433 -1.508 -1.51 -1.462 -1.448 -1.399 -1.35 -1.332 -1.263 -1.288 -1.298 -1.377 -1.467
-0.957 -0.982 -0.958 -1.014 -1 -1.063 -1.184 -1.2 -1.113 -1.097 -0.999 -0.865 -0.802 -0.79 -0.82 -0.887 -0.974 -1.033 -0.999 -0.885 -0.822 -0.827 -0.845 -0.889 -1.019 -1.146 -1.152 -1.153 -1.122 -1.07 -1.083 -1.158 -1.287 -1.25 -1.176 -1.094 -0.961 -0.908 -0.914 -1.008 -1.055 -1.036 -0.998 -0.984 -0.969 -0.918 -0.957 -1.021 -1.089 -1.171 -1.283 -1.403 -1.484 -1.46 -1.371 -1.253 -1.136 -1.081 -1.095 -1.151 -1.26 -1.38 -1.47 -1.488 -1.42 -1.39 -1.343 -1.279 -1.249 -1.183 -1.2 -1.209 -1.239 -1.363
-0.913 -0.9 -0.886 -0.932 -0.938 -1.021 -1.145 -1.157 -1.09 -1.044 -0.976 -0.85 -0.79 -0.787 -0.785 -0.815 -0.853 -0.878 -0.93 -0.861 -0.809 -0.813 -0.85 -0.943 -1.037 -1.115 -1.086 -1.059 -1.06 -1.004 -1.029 -1.129 -1.27 -1.233 -1.162 -1.114 -0.99 -0.918 -0.925 -1.01 -1.025 -0.976 -0.954 -0.946 -0.912 -0.904 -0.949 -1.004 -1.093 -1.196 -1.317 -1.429 -1.483 -1.429 -1.342 -1.234 -1.108 -1.042 -1.049 -1.095 -1.204 -1.331 -1.444 -1.49 -1.435 -1.369 -1.305 -1.238 -1.193 -1.121 -1.12 -1.151 -1.159 -1.257
-0.848 -0.814 -0.814 -0.849 -0.912 -1.025 -1.106 -1.089 -1.052 -0.989 -0.92 -0.8 -0.727 -0.75 -0.726 -0.743 -0.755 -0.789 -0.854 -0.845 -0.792 -0.818 -0.858 -0.881 -0.982 -1.065 -1.037 -1 -0.962 -0.963 -1.03 -1.141 -1.273 -1.253 -1.142 -1.071 -0.978 -0.932 -0.936 -1.017 -1.015 -0.953 -0.951 -0.944 -0.91 -0.911 -0.938 -0.993 -1.092 -1.216 -1.335 -1.438 -1.469 -1.389 -1.292 -1.206 -1.084 -1.015 -1 -1.03 -1.154 -1.304 -1.426 -1.495 -1.453 -1.389 -1.31 -1.215 -1.153 -1.1 -1.069 -1.095 -1.084 -1.152
-0.772 -0.726 -0.73 -0.794 -0.912 -1.007 -1.053 -1.004 -0.974 -0.914 -0.845 -0.747 -0.693 -0.718 -0.721 -0.75 -0.764 -0.786 -0.827 -0.815 -0.77 -0.793 -0.806 -0.825 -0.958 -1.019 -0.987 -0.942 -0.932 -0.976 -1.046 -1.175 -1.276 -1.247 -1.167 -1.076 -0.991 -0.946 -0.945 -1.022 -1.012 -0.956 -0.96 -0.953 -0.925 -0.926 -0.952 -0.991 -1.076 -1.192 -1.336 -1.442 -1.458 -1.377 -1.274 -1.186 -1.081 -1.002 -0.996 -1.041 -1.153 -1.293 -1.409 -1.492 -1.485 -1.432 -1.377 -1.268 -1.18 -1.111 -1.065 -1.066 -1.019 -1.073
-0.672 -0.631 -0.657 -0.76 -0.898 -0.925 -0.997 -0.971 -0.908 -0.845 -0.788 -0.724 -0.732 -0.764 -0.762 -0.789 -0.8 -0.809 -0.808 -0.781 -0.749 -0.789 -0.819 -0.861 -0.958 -0.95 -0.899 -0.9 -0.941 -0.991 -1.086 -1.205 -1.259 -1.218 -1.165 -1.121 -1.027 -0.962 -0.953 -1.018 -1.035 -0.983 -0.963 -0.948 -0.922 -0.913 -0.94 -0.974 -1.046 -1.171 -1.344 -1.442 -1.439 -1.371 -1.294 -1.184 -1.051 -1.009 -1.018 -1.065 -1.147 -1.261 -1.377 -1.478 -1.508 -1.481 -1.411 -1.329 -1.261 -1.169 -1.099 -1.066 -1.009 -1.038
-0.569 -0.568 -0.633 -0.737 -0.874 -0.856 -0.926 -0.974 -0.891 -0.825 -0.779 -0.739 -0.768 -0.818 -0.777 -0.771 -0.775 -0.791 -0.809 -0.754 -0.737 -0.734 -0.798 -0.886 -0.91 -0.88 -0.861 -0.901 -0.941 -1.015 -1.109 -1.168 -1.207 -1.219 -1.151 -1.117 -1.025 -0.971 -0.954 -1.004 -1.035 -0.988 -0.963 -0.944 -0.916 -0.908 -0.918 -0.959 -1.048 -1.175 -1.344 -1.435 -1.413 -1.348 -1.289 -1.203 -1.069 -1.025 -1.039 -1.042 -1.102 -1.215 -1.346 -1.457 -1.515 -1.514 -1.449 -1.398 -1.344 -1.237 -1.175 -1.119 -1.05 -1.048
-0.499 -0.544 -0.637 -0.773 -0.836 -0.81 -0.861 -0.935 -0.889 -0.85 -0.815 -0.767 -0.774 -0.865 -0.835 -0.812 -0.835 -0.844 -0.828 -0.806 -0.765 -0.743 -0.789 -0.827 -0.858 -0.828 -0.837 -0.887 -0.954 -1.029 -1.065 -1.081 -1.135 -1.215 -1.157 -1.09 -1.027 -0.989 -0.977 -0.988 -0.985 -0.964 -0.961 -0.97 -0.962 -0.966 -0.97 -1.011 -1.073 -1.173 -1.331 -1.413 -1.39 -1.332 -1.266 -1.192 -1.091 -1.041 -1.017 -1.002 -1.067 -1.184 -1.323 -1.415 -1.485 -1.534 -1.499 -1.459 -1.414 -1.328 -1.255 -1.177 -1.076 -1.062
-0.509 -0.574 -0.644 -0.774 -0.77 -0.767 -0.801 -0.867 -0.834 -0.826 -0.79 -0.773 -0.842 -0.949 -0.949 -0.904 -0.914 -0.908 -0.904 -0.862 -0.82 -0.756 -0.755 -0.798 -0.818 -0.799 -0.853 -0.92 -0.988 -0.992 -0.993 -1.018 -1.085 -1.184 -1.157 -1.074 -1.024 -0.996 -0.981 -0.968 -0.971 -0.979 -0.984 -0.984 -1.013 -1.053 -1.078 -1.091 -1.108 -1.182 -1.33 -1.412 -1.394 -1.352 -1.308 -1.215 -1.104 -1.045 -0.995 -0.991 -1.068 -1.185 -1.294 -1.342 -1.417 -1.506 -1.526 -1.492 -1.431 -1.354 -1.277 -1.22 -1.138 -1.069
-0.509 -0.585 -0.69 -0.74 -0.734 -0.724 -0.785 -0.807 -0.761 -0.778 -0.801 -0.821 -0.902 -1.029 -1.056 -0.985 -0.994 -0.991 -0.934 -0.866 -0.81 -0.765 -0.758 -0.796 -0.815 -0.833 -0.907 -0.954 -0.965 -0.935 -0.946 -0.979 -1.06 -1.14 -1.124 -1.078 -1.022 -1.001 -0.988 -0.994 -1.019 -1.047 -1.041 -1.027 -1.081 -1.153 -1.2 -1.212 -1.221 -1.247 -1.326 -1.379 -1.424 -1.371 -1.296 -1.217 -1.122 -1.035 -0.998 -1.021 -1.087 -1.186 -1.241 -1.264 -1.343 -1.451 -1.507 -1.485 -1.426 -1.369 -1.291 -1.236 -1.184 -1.089
-0.517 -0.593 -0.713 -0.729 -0.715 -0.706 -0.763 -0.758 -0.744 -0.801 -0.868 -0.925 -0.986 -1.118 -1.165 -1.096 -1.078 -1.045 -0.939 -0.843 -0.779 -0.778 -0.821 -0.845 -0.874 -0.902 -0.945 -0.915 -0.914 -0.912 -0.918 -0.971 -1.05 -1.074 -1.06 -1.059 -1.052 -1.047 -1.033 -1.025 -1.056 -1.085 -1.123 -1.133 -1.19 -1.23 -1.235 -1.213 -1.236 -1.238 -1.258 -1.335 -1.408 -1.368 -1.298 -1.209 -1.123 -1.045 -1.026 -1.049 -1.117 -1.169 -1.167 -1.203 -1.299 -1.408 -1.483 -1.47 -1.422 -1.37 -1.296 -1.227 -1.189 -1.115
-0.584 -0.625 -0.679 -0.767 -0.771 -0.752 -0.772 -0.786 -0.804 -0.853 -0.939 -1.034 -1.106 -1.205 -1.245 -1.194 -1.127 -1.03 -0.957 -0.861 -0.774 -0.789 -0.837 -0.816 -0.848 -0.901 -0.933 -0.875 -0.882 -0.9 -0.932 -0.981 -1.005 -1.014 -1.035 -1.079 -1.108 -1.121 -1.112 -1.106 -1.134 -1.168 -1.191 -1.222 -1.224 -1.204 -1.161 -1.132 -1.173 -1.153 -1.186 -1.304 -1.381 -1.347 -1.3 -1.23 -1.144 -1.073 -1.055 -1.066 -1.116 -1.141 -1.108 -1.168 -1.255 -1.367 -1.457 -1.442 -1.41 -1.377 -1.311 -1.208 -1.154 -1.098
-0.637 -0.623 -0.679 -0.795 -0.831 -0.82 -0.817 -0.825 -0.842 -0.879 -0.956 -1.056 -1.148 -1.256 -1.284 -1.226 -1.145 -1.025 -0.945 -0.883 -0.783 -0.8 -0.809 -0.768 -0.802 -0.849 -0.922 -0.872 -0.854 -0.886 -0.918 -0.927 -0.965 -1.02 -1.063 -1.113 -1.179 -1.211 -1.217 -1.221 -1.237 -1.237 -1.223 -1.213 -1.172 -1.132 -1.104 -1.088 -1.124 -1.078 -1.124 -1.248 -1.325 -1.283 -1.27 -1.222 -1.161 -1.098 -1.081 -1.048 -1.081 -1.123 -1.069 -1.117 -1.192 -1.312 -1.427 -1.428 -1.419 -1.395 -1.334 -1.235 -1.151 -1.112
-0.703 -0.659 -0.707 -0.803 -0.872 -0.879 -0.848 -0.843 -0.861 -0.903 -0.983 -1.081 -1.167 -1.293 -1.344 -1.281 -1.191 -1.063 -0.939 -0.867 -0.777 -0.804 -0.783 -0.742 -0.773 -0.83 -0.906 -0.865 -0.847 -0.877 -0.867 -0.899 -0.968 -1.062 -1.126 -1.182 -1.226 -1.246 -1.252 -1.236 -1.205 -1.174 -1.146 -1.159 -1.123 -1.095 -1.064 -1.066 -1.08 -1.019 -1.062 -1.205 -1.271 -1.231 -1.219 -1.195 -1.159 -1.113 -1.081 -1.042 -1.072 -1.083 -1.046 -1.091 -1.173 -1.293 -1.404 -1.431 -1.431 -1.407 -1.347 -1.269 -1.179 -1.137
-0.786 -0.755 -0.776 -0.812 -0.871 -0.915 -0.921 -0.905 -0.918 -0.958 -1.042 -1.151 -1.253 -1.352 -1.407 -1.329 -1.215 -1.117 -0.983 -0.867 -0.786 -0.804 -0.763 -0.734 -0.776 -0.837 -0.871 -0.853 -0.844 -0.869 -0.888 -0.937 -1.025 -1.106 -1.148 -1.162 -1.146 -1.186 -1.172 -1.116 -1.103 -1.107 -1.098 -1.108 -1.098 -1.061 -1.041 -1.052 -1.024 -0.981 -1.031 -1.164 -1.243 -1.231 -1.211 -1.201 -1.163 -1.124 -1.083 -1.064 -1.079 -1.027 -1.042 -1.1 -1.172 -1.293 -1.391 -1.436 -1.435 -1.42 -1.371 -1.303 -1.195 -1.161
-0.865 -0.836 -0.833 -0.848 -0.871 -0.907 -0.942 -0.96 -0.984 -1.019 -1.089 -1.187 -1.291 -1.39 -1.435 -1.366 -1.236 -1.15 -1.045 -0.907 -0.798 -0.809 -0.748 -0.712 -0.775 -0.823 -0.836 -0.822 -0.86 -0.903 -0.966 -1.027 -1.078 -1.092 -1.078 -1.108 -1.07 -1.104 -1.11 -1.027 -1.043 -1.06 -1.05 -1.06 -1.074 -1.036 -1.019 -1.033 -0.987 -0.968 -1.02 -1.115 -1.195 -1.24 -1.243 -1.231 -1.195 -1.154 -1.11 -1.08 -1.062 -1.032 -1.061 -1.117 -1.174 -1.244 -1.351 -1.42 -1.424 -1.416 -1.384 -1.325 -1.239 -1.183
-0.977 -0.945 -0.93 -0.933 -0.927 -0.936 -0.947 -0.968 -0.996 -1.024 -1.069 -1.149 -1.262 -1.389 -1.454 -1.403 -1.275 -1.168 -1.074 -0.927 -0.812 -0.796 -0.751 -0.718 -0.758 -0.787 -0.804 -0.825 -0.877 -0.945 -0.962 -0.98 -1.032 -1.046 -1.052 -1.06 -1.032 -1.044 -1.068 -1.016 -1.001 -1.007 -0.992 -1.016 -1.037 -1.025 -1.021 -1.011 -0.986 -0.995 -1.038 -1.051 -1.093 -1.205 -1.257 -1.234 -1.209 -1.181 -1.144 -1.094 -1.068 -1.08 -1.098 -1.137 -1.124 -1.18 -1.294 -1.402 -1.411 -1.405 -1.388 -1.345 -1.275 -1.224
-1.118 -1.104 -1.087 -1.08 -1.058 -1.044 -1.007 -0.974 -0.965 -0.979 -1.016 -1.1 -1.231 -1.38 -1.476 -1.441 -1.334 -1.199 -1.099 -0.942 -0.813 -0.771 -0.757 -0.773 -0.794 -0.807 -0.812 -0.843 -0.917 -0.9 -0.876 -0.924 -0.995 -1.031 -1.03 -1.044 -1.026 -1.017 -1.041 -0.992 -0.951 -0.962 -0.954 -0.994 -1.028 -1.046 -1.056 -1.042 -1.031 -1.037 -1.039 -1.004 -1.037 -1.153 -1.221 -1.221 -1.194 -1.179 -1.151 -1.117 -1.099 -1.085 -1.073 -1.088 -1.092 -1.131 -1.234 -1.359 -1.406 -1.402 -1.393 -1.358 -1.309 -1.262
-1.244 -1.251 -1.246 -1.233 -1.201 -1.172 -1.117 -1.052 -0.994 -0.988 -1.028 -1.114 -1.246 -1.392 -1.487 -1.477 -1.395 -1.278 -1.134 -0.972 -0.851 -0.774 -0.776 -0.809 -0.81 -0.821 -0.846 -0.859 -0.851 -0.825 -0.846 -0.911 -0.982 -1.03 -1.058 -1.068 -1.036 -1.01 -1.014 -0.961 -0.927 -0.949 -0.965 -1.009 -1.061 -1.103 -1.116 -1.094 -1.079 -1.068 -1.025 -0.981 -1.021 -1.116 -1.171 -1.221 -1.204 -1.197 -1.174 -1.134 -1.106 -1.066 -1.044 -1.071 -1.064 -1.102 -1.193 -1.319 -1.387 -1.39 -1.382 -1.363 -1.332 -1.299
-1.302 -1.337 -1.362 -1.359 -1.332 -1.295 -1.237 -1.156 -1.066 -1.043 -1.082 -1.168 -1.292 -1.419 -1.499 -1.49 -1.397 -1.282 -1.148 -1.002 -0.897 -0.82 -0.791 -0.798 -0.8 -0.81 -0.818 -0.806 -0.797 -0.81 -0.849 -0.912 -0.991 -1.052 -1.085 -1.073 -1.039 -1.03 -1.024 -0.952 -0.93 -0.964 -0.985 -1.022 -1.079 -1.155 -1.167 -1.149 -1.121 -1.091 -1.015 -0.964 -1.007 -1.092 -1.107 -1.201 -1.239 -1.239 -1.215 -1.17 -1.143 -1.09 -1.064 -1.085 -1.044 -1.087 -1.162 -1.274 -1.364 -1.38 -1.382 -1.381 -1.353 -1.325
-1.271 -1.33 -1.397 -1.432 -1.43 -1.398 -1.333 -1.243 -1.154 -1.119 -1.137 -1.227 -1.349 -1.453 -1.508 -1.483 -1.364 -1.232 -1.096 -0.998 -0.95 -0.865 -0.815 -0.802 -0.808 -0.803 -0.798 -0.776 -0.785 -0.812 -0.845 -0.907 -1.006 -1.086 -1.112 -1.092 -1.068 -1.064 -1.046 -0.961 -0.934 -0.959 -0.991 -1.045 -1.11 -1.187 -1.214 -1.21 -1.165 -1.097 -1.013 -0.976 -1.004 -1.059 -1.07 -1.159 -1.207 -1.232 -1.249 -1.22 -1.179 -1.135 -1.097 -1.082 -1.052 -1.073 -1.134 -1.226 -1.335 -1.388 -1.403 -1.408 -1.375 -1.327
-1.164 -1.266 -1.345 -1.415 -1.46 -1.459 -1.404 -1.318 -1.233 -1.193 -1.205 -1.263 -1.361 -1.458 -1.5 -1.452 -1.336 -1.213 -1.088 -1.016 -0.969 -0.933 -0.893 -0.884 -0.887 -0.846 -0.827 -0.829 -0.813 -0.794 -0.828 -0.892 -1.011 -1.112 -1.15 -1.147 -1.117 -1.11 -1.079 -0.984 -0.936 -0.959 -1.005 -1.108 -1.178 -1.219 -1.258 -1.263 -1.187 -1.103 -1.035 -1.009 -1.024 -1.039 -1.034 -1.153 -1.158 -1.178 -1.226 -1.253 -1.216 -1.172 -1.126 -1.1 -1.072 -1.083 -1.127 -1.207 -1.303 -1.377 -1.396 -1.393 -1.354 -1.302
-1.046 -1.169 -1.234 -1.332 -1.422 -1.49 -1.455 -1.379 -1.291 -1.254 -1.255 -1.292 -1.366 -1.455 -1.494 -1.438 -1.321 -1.232 -1.098 -1.026 -0.982 -0.994 -0.989 -0.972 -0.955 -0.889 -0.844 -0.851 -0.836 -0.798 -0.836 -0.898 -1.008 -1.123 -1.188 -1.207 -1.177 -1.15 -1.096 -1.008 -0.968 -0.984 -1.033 -1.148 -1.229 -1.257 -1.303 -1.296 -1.22 -1.133 -1.071 -1.029 -1.039 -1.027 -1.033 -1.137 -1.137 -1.142 -1.183 -1.206 -1.222 -1.213 -1.18 -1.157 -1.12 -1.108 -1.143 -1.194 -1.257 -1.34 -1.341 -1.338 -1.303 -1.264
-0.986 -1.092 -1.149 -1.263 -1.372 -1.471 -1.495 -1.443 -1.365 -1.296 -1.27 -1.292 -1.359 -1.436 -1.481 -1.446 -1.368 -1.28 -1.146 -1.049 -1.004 -1.019 -1.062 -1.024 -0.96 -0.893 -0.866 -0.871 -0.838 -0.817 -0.855 -0.912 -1.005 -1.127 -1.21 -1.248 -1.222 -1.173 -1.118 -1.058 -1.017 -1.007 -1.055 -1.174 -1.277 -1.296 -1.34 -1.321 -1.235 -1.144 -1.094 -1.038 -1.054 -1.025 -1.024 -1.132 -1.118 -1.111 -1.148 -1.157 -1.188 -1.216 -1.182 -1.178 -1.151 -1.122 -1.145 -1.174 -1.225 -1.297 -1.305 -1.297 -1.268 -1.238
-0.948 -1.015 -1.04 -1.183 -1.298 -1.436 -1.516 -1.499 -1.43 -1.342 -1.285 -1.282 -1.336 -1.409 -1.466 -1.464 -1.417 -1.333 -1.204 -1.108 -1.06 -1.075 -1.113 -1.067 -0.97 -0.903 -0.889 -0.897 -0.876 -0.872 -0.904 -0.939 -1.009 -1.129 -1.228 -1.292 -1.281 -1.235 -1.179 -1.113 -1.066 -1.049 -1.089 -1.171 -1.281 -1.334 -1.355 -1.333 -1.271 -1.185 -1.109 -1.063 -1.063 -1.013 -1.024 -1.106 -1.115 -1.101 -1.109 -1.128 -1.167 -1.18 -1.135 -1.147 -1.16 -1.123 -1.122 -1.15 -1.211 -1.253 -1.265 -1.258 -1.257 -1.249
-0.814 -0.869 -0.947 -1.087 -1.225 -1.372 -1.499 -1.536 -1.498 -1.421 -1.337 -1.29 -1.31 -1.362 -1.422 -1.468 -1.466 -1.399 -1.279 -1.206 -1.172 -1.168 -1.159 -1.096 -0.997 -0.927 -0.896 -0.904 -0.949 -0.951 -0.944 -0.955 -1.014 -1.127 -1.246 -1.33 -1.349 -1.29 -1.213 -1.154 -1.112 -1.083 -1.079 -1.124 -1.268 -1.35 -1.354 -1.342 -1.303 -1.217 -1.138 -1.093 -1.075 -1.004 -1.01 -1.072 -1.119 -1.107 -1.091 -1.107 -1.148 -1.156 -1.108 -1.107 -1.133 -1.107 -1.103 -1.137 -1.181 -1.209 -1.225 -1.241 -1.257 -1.273
-0.743 -0.809 -0.905 -1.057 -1.204 -1.342 -1.477 -1.549 -1.547 -1.489 -1.402 -1.327 -1.308 -1.322 -1.37 -1.439 -1.478 -1.452 -1.36 -1.303 -1.26 -1.206 -1.144 -1.093 -1.033 -0.968 -0.9 -0.895 -0.97 -0.996 -0.968 -0.985 -1.03 -1.092 -1.199 -1.313 -1.382 -1.354 -1.265 -1.183 -1.119 -1.082 -1.075 -1.127 -1.258 -1.357 -1.355 -1.348 -1.305 -1.229 -1.16 -1.111 -1.086 -1.017 -0.996 -1.036 -1.084 -1.115 -1.087 -1.092 -1.128 -1.14 -1.095 -1.072 -1.091 -1.069 -1.086 -1.123 -1.154 -1.184 -1.209 -1.25 -1.278 -1.305
-0.786 -0.86 -0.958 -1.095 -1.242 -1.355 -1.446 -1.531 -1.567 -1.534 -1.465 -1.391 -1.329 -1.308 -1.338 -1.41 -1.473 -1.484 -1.432 -1.365 -1.275 -1.208 -1.12 -1.057 -1.016 -0.978 -0.898 -0.893 -0.986 -1.04 -1.003 -1.017 -1.029 -1.059 -1.142 -1.286 -1.4 -1.409 -1.317 -1.25 -1.149 -1.105 -1.093 -1.139 -1.246 -1.365 -1.382 -1.378 -1.331 -1.261 -1.196 -1.134 -1.101 -1.046 -1 -1.016 -1.048 -1.108 -1.089 -1.088 -1.117 -1.119 -1.078 -1.055 -1.065 -1.061 -1.086 -1.132 -1.175 -1.222 -1.262 -1.296 -1.311 -1.297
-0.818 -0.901 -1.003 -1.126 -1.237 -1.315 -1.389 -1.482 -1.545 -1.552 -1.514 -1.449 -1.381 -1.33 -1.341 -1.403 -1.474 -1.502 -1.465 -1.373 -1.268 -1.193 -1.127 -1.065 -1.009 -0.956 -0.904 -0.91 -1.005 -1.071 -1.065 -1.081 -1.074 -1.08 -1.161 -1.289 -1.403 -1.43 -1.362 -1.274 -1.183 -1.137 -1.113 -1.128 -1.213 -1.349 -1.41 -1.405 -1.37 -1.318 -1.245 -1.158 -1.109 -1.076 -1.025 -1.012 -1.045 -1.099 -1.098 -1.095 -1.114 -1.107 -1.071 -1.061 -1.076 -1.093 -1.118 -1.161 -1.212 -1.289 -1.337 -1.333 -1.316 -1.272
-0.825 -0.901 -1.007 -1.108 -1.167 -1.242 -1.329 -1.389 -1.473 -1.533 -1.539 -1.502 -1.447 -1.383 -1.37 -1.417 -1.484 -1.514 -1.479 -1.384 -1.282 -1.191 -1.118 -1.062 -1.008 -0.944 -0.913 -0.939 -1.039 -1.086 -1.102 -1.119 -1.092 -1.089 -1.156 -1.28 -1.404 -1.444 -1.382 -1.28 -1.193 -1.148 -1.107 -1.117 -1.195 -1.341 -1.416 -1.396 -1.368 -1.335 -1.268 -1.175 -1.126 -1.108 -1.049 -1.035 -1.076 -1.097 -1.119 -1.122 -1.118 -1.11 -1.083 -1.088 -1.096 -1.115 -1.143 -1.159 -1.213 -1.327 -1.364 -1.313 -1.294 -1.268
-0.894 -0.948 -1.048 -1.116 -1.136 -1.209 -1.25 -1.276 -1.373 -1.474 -1.531 -1.534 -1.509 -1.446 -1.408 -1.444 -1.505 -1.527 -1.49 -1.421 -1.342 -1.247 -1.151 -1.075 -1.001 -0.933 -0.945 -0.985 -1.089 -1.093 -1.1 -1.113 -1.085 -1.094 -1.155 -1.276 -1.406 -1.452 -1.395 -1.294 -1.201 -1.153 -1.107 -1.109 -1.183 -1.334 -1.427 -1.412 -1.378 -1.342 -1.283 -1.2 -1.16 -1.134 -1.084 -1.082 -1.097 -1.108 -1.124 -1.147 -1.145 -1.134 -1.129 -1.113 -1.103 -1.129 -1.167 -1.214 -1.271 -1.359 -1.369 -1.298 -1.26 -1.256
-0.945 -1.019 -1.129 -1.2 -1.185 -1.185 -1.189 -1.222 -1.287 -1.361 -1.456 -1.517 -1.539 -1.51 -1.467 -1.478 -1.523 -1.527 -1.474 -1.401 -1.344 -1.274 -1.197 -1.116 -1.043 -0.99 -0.958 -1.009 -1.118 -1.149 -1.152 -1.144 -1.112 -1.122 -1.19 -1.308 -1.417 -1.442 -1.393 -1.303 -1.219 -1.184 -1.142 -1.113 -1.183 -1.316 -1.445 -1.454 -1.423 -1.384 -1.327 -1.241 -1.197 -1.167 -1.143 -1.134 -1.117 -1.138 -1.141 -1.167 -1.168 -1.179 -1.18 -1.178 -1.174 -1.194 -1.237 -1.303 -1.35 -1.395 -1.368 -1.287 -1.232 -1.232
-0.915 -1.012 -1.148 -1.284 -1.25 -1.185 -1.175 -1.193 -1.182 -1.238 -1.346 -1.444 -1.531 -1.551 -1.527 -1.514 -1.544 -1.524 -1.447 -1.34 -1.282 -1.211 -1.166 -1.113 -1.019 -0.993 -0.962 -1.027 -1.153 -1.193 -1.177 -1.159 -1.13 -1.141 -1.217 -1.342 -1.431 -1.431 -1.39 -1.314 -1.24 -1.203 -1.169 -1.149 -1.197 -1.314 -1.453 -1.491 -1.452 -1.41 -1.359 -1.297 -1.259 -1.245 -1.235 -1.211 -1.193 -1.216 -1.238 -1.252 -1.266 -1.279 -1.288 -1.296 -1.296 -1.311 -1.35 -1.39 -1.41 -1.401 -1.34 -1.264 -1.212 -1.2
