data/climatemaps/RS_maps/climate_winter_pr_2015.asc
NCOLS 369 
NROWS 228 
XLLCORNER 479000 
YLLCORNER 73000 
CELLSIZE 1000 
NODATA_value -9 
[rows 105 to 139 of 228, columns 78 to 155 of 369]
0.322 0.325 0.324 0.323 0.324 0.335 0.36 0.376 0.375 0.35 0.319 0.289 0.258 0.224 0.194 0.17 0.156 0.158 0.178 0.217 0.246 0.272 0.282 0.249 0.181 0.127 0.078 0.027 0.047 0.086 0.156 0.215 0.247 0.252 0.243 0.222 0.177 0.14 0.129 0.08 0.062 0.071 0.103 0.146 0.109 -0.014 -0.102 -0.156 -0.184 -0.19 -0.209 -0.189 -0.156 -0.098 0.001 0.122 0.229 0.319 0.416 0.462 0.498 0.554 0.586 0.532 0.449 0.419 0.33 0.274 0.287 0.353 0.387 0.369 0.367 0.402 0.453 0.468 0.445 0.524
0.319 0.32 0.321 0.322 0.331 0.352 0.372 0.375 0.351 0.317 0.291 0.261 0.231 0.202 0.182 0.17 0.163 0.18 0.218 0.257 0.254 0.255 0.259 0.236 0.193 0.137 0.085 0.051 0.075 0.104 0.133 0.164 0.18 0.197 0.2 0.183 0.152 0.158 0.162 0.115 0.108 0.14 0.229 0.222 0.207 0.143 -0.012 -0.106 -0.166 -0.198 -0.213 -0.197 -0.17 -0.106 0.013 0.138 0.252 0.306 0.32 0.34 0.375 0.435 0.473 0.451 0.464 0.497 0.45 0.326 0.304 0.35 0.387 0.446 0.441 0.513 0.593 0.646 0.531 0.465
0.312 0.316 0.322 0.328 0.34 0.353 0.365 0.357 0.325 0.295 0.268 0.239 0.211 0.194 0.188 0.178 0.193 0.223 0.258 0.267 0.261 0.262 0.249 0.238 0.204 0.135 0.114 0.105 0.097 0.099 0.112 0.122 0.116 0.116 0.128 0.124 0.118 0.152 0.123 0.119 0.141 0.195 0.293 0.339 0.349 0.287 0.119 -0.044 -0.124 -0.174 -0.206 -0.2 -0.169 -0.104 0.02 0.171 0.276 0.287 0.272 0.31 0.376 0.445 0.445 0.473 0.513 0.505 0.534 0.457 0.343 0.304 0.385 0.479 0.507 0.614 0.749 0.757 0.677 0.541
0.306 0.317 0.328 0.334 0.339 0.339 0.334 0.321 0.297 0.273 0.249 0.227 0.212 0.212 0.214 0.209 0.227 0.247 0.275 0.278 0.294 0.295 0.274 0.238 0.197 0.164 0.17 0.181 0.177 0.158 0.145 0.141 0.119 0.112 0.119 0.116 0.087 0.126 0.13 0.148 0.189 0.235 0.33 0.408 0.427 0.359 0.217 0.015 -0.042 -0.097 -0.179 -0.194 -0.167 -0.107 0.001 0.129 0.204 0.224 0.285 0.375 0.466 0.528 0.53 0.584 0.597 0.571 0.591 0.572 0.453 0.332 0.388 0.462 0.548 0.656 0.831 0.832 0.766 0.594
0.304 0.322 0.331 0.331 0.324 0.313 0.3 0.286 0.27 0.253 0.239 0.234 0.243 0.26 0.254 0.269 0.274 0.276 0.291 0.311 0.328 0.32 0.279 0.23 0.207 0.21 0.224 0.246 0.251 0.233 0.2 0.171 0.138 0.142 0.156 0.152 0.103 0.136 0.17 0.176 0.211 0.259 0.324 0.416 0.458 0.396 0.231 0.044 0.067 0.017 -0.121 -0.171 -0.164 -0.116 -0.036 0.061 0.133 0.207 0.34 0.449 0.559 0.61 0.654 0.717 0.721 0.662 0.631 0.634 0.526 0.409 0.339 0.396 0.502 0.635 0.825 0.85 0.809 0.63
0.303 0.319 0.324 0.314 0.298 0.284 0.271 0.259 0.247 0.241 0.244 0.268 0.303 0.319 0.308 0.333 0.331 0.324 0.33 0.344 0.358 0.327 0.263 0.238 0.241 0.263 0.289 0.306 0.309 0.291 0.258 0.228 0.184 0.176 0.191 0.194 0.14 0.147 0.182 0.193 0.235 0.301 0.34 0.389 0.441 0.408 0.225 0.058 0.103 0.08 -0.031 -0.136 -0.154 -0.115 -0.039 0.067 0.136 0.211 0.391 0.514 0.657 0.723 0.797 0.816 0.793 0.707 0.631 0.616 0.551 0.473 0.375 0.385 0.485 0.632 0.772 0.862 0.795 0.646
0.297 0.308 0.302 0.287 0.271 0.259 0.247 0.237 0.236 0.247 0.283 0.325 0.361 0.361 0.372 0.384 0.376 0.374 0.381 0.361 0.356 0.304 0.258 0.258 0.281 0.322 0.356 0.381 0.369 0.337 0.309 0.282 0.24 0.215 0.244 0.213 0.167 0.173 0.176 0.177 0.23 0.284 0.347 0.411 0.444 0.415 0.24 0.067 0.11 0.108 0.038 -0.091 -0.143 -0.118 -0.039 0.071 0.128 0.218 0.433 0.557 0.676 0.747 0.805 0.809 0.771 0.708 0.653 0.659 0.615 0.572 0.485 0.442 0.495 0.61 0.709 0.825 0.785 0.635
0.287 0.29 0.274 0.259 0.248 0.237 0.227 0.225 0.24 0.28 0.344 0.4 0.419 0.418 0.437 0.44 0.435 0.437 0.424 0.364 0.314 0.283 0.269 0.275 0.311 0.363 0.406 0.431 0.426 0.387 0.356 0.336 0.303 0.255 0.253 0.217 0.205 0.215 0.194 0.169 0.192 0.224 0.293 0.389 0.468 0.439 0.267 0.074 0.067 0.098 0.066 -0.063 -0.134 -0.126 -0.057 0.05 0.095 0.181 0.36 0.479 0.588 0.684 0.751 0.799 0.803 0.724 0.715 0.768 0.749 0.724 0.606 0.554 0.555 0.616 0.715 0.831 0.744 0.578
0.277 0.263 0.248 0.237 0.227 0.219 0.217 0.228 0.262 0.322 0.384 0.438 0.452 0.484 0.501 0.5 0.501 0.468 0.419 0.352 0.302 0.285 0.276 0.299 0.332 0.384 0.43 0.466 0.48 0.432 0.402 0.378 0.356 0.314 0.264 0.252 0.261 0.217 0.179 0.177 0.178 0.206 0.26 0.33 0.418 0.424 0.284 0.084 0.011 0.029 0.043 -0.058 -0.127 -0.129 -0.082 -0.004 0.027 0.108 0.262 0.41 0.55 0.686 0.75 0.812 0.814 0.744 0.755 0.828 0.866 0.857 0.732 0.639 0.64 0.688 0.767 0.741 0.6 0.587
0.268 0.251 0.235 0.221 0.212 0.211 0.221 0.248 0.287 0.338 0.383 0.441 0.505 0.547 0.564 0.556 0.526 0.458 0.402 0.372 0.33 0.282 0.284 0.329 0.36 0.392 0.435 0.48 0.492 0.47 0.451 0.412 0.399 0.351 0.283 0.297 0.293 0.222 0.177 0.143 0.145 0.192 0.276 0.327 0.38 0.394 0.28 0.107 0 -0.03 -0.019 -0.059 -0.114 -0.131 -0.106 -0.071 -0.021 0.11 0.297 0.447 0.59 0.67 0.704 0.744 0.757 0.725 0.709 0.789 0.847 0.92 0.877 0.783 0.714 0.736 0.682 0.577 0.564 0.661
0.277 0.259 0.234 0.211 0.206 0.223 0.244 0.275 0.317 0.378 0.421 0.499 0.555 0.596 0.637 0.602 0.523 0.46 0.437 0.404 0.353 0.298 0.285 0.346 0.37 0.391 0.425 0.47 0.483 0.504 0.507 0.467 0.422 0.362 0.344 0.329 0.303 0.256 0.214 0.154 0.129 0.187 0.231 0.271 0.323 0.339 0.277 0.14 0.011 -0.032 -0.022 -0.055 -0.097 -0.129 -0.123 -0.101 -0.036 0.139 0.305 0.427 0.519 0.539 0.606 0.641 0.664 0.672 0.647 0.664 0.761 0.879 0.998 1.013 0.821 0.69 0.585 0.523 0.538 0.539
0.303 0.281 0.241 0.207 0.21 0.243 0.291 0.361 0.37 0.404 0.455 0.509 0.567 0.627 0.647 0.596 0.546 0.501 0.451 0.412 0.375 0.297 0.295 0.347 0.358 0.387 0.433 0.47 0.487 0.519 0.538 0.503 0.447 0.392 0.385 0.357 0.336 0.29 0.225 0.149 0.123 0.126 0.147 0.186 0.228 0.263 0.24 0.158 0.031 -0.017 -0.002 -0.049 -0.081 -0.122 -0.121 -0.098 -0.029 0.105 0.201 0.309 0.379 0.434 0.521 0.543 0.561 0.563 0.575 0.655 0.773 0.912 1.026 1.104 1.023 0.924 0.775 0.616 0.514 0.461
0.338 0.291 0.233 0.205 0.222 0.283 0.376 0.443 0.444 0.45 0.483 0.522 0.574 0.634 0.633 0.589 0.561 0.514 0.477 0.425 0.367 0.285 0.282 0.33 0.344 0.361 0.405 0.457 0.488 0.502 0.522 0.489 0.46 0.435 0.425 0.386 0.381 0.336 0.258 0.176 0.119 0.129 0.194 0.238 0.254 0.239 0.236 0.205 0.07 0.009 0.012 -0.03 -0.072 -0.111 -0.108 -0.087 -0.001 0.061 0.147 0.24 0.321 0.378 0.428 0.47 0.5 0.521 0.566 0.664 0.84 1.012 1.174 1.238 1.194 1.061 0.883 0.815 0.731 0.704
0.349 0.28 0.224 0.206 0.243 0.325 0.437 0.5 0.518 0.514 0.499 0.512 0.538 0.581 0.598 0.6 0.552 0.492 0.453 0.399 0.331 0.277 0.304 0.345 0.354 0.355 0.374 0.408 0.435 0.468 0.487 0.467 0.434 0.453 0.429 0.418 0.433 0.391 0.325 0.233 0.167 0.21 0.27 0.33 0.337 0.311 0.264 0.239 0.101 0.041 0.032 0.009 -0.057 -0.096 -0.101 -0.092 0.026 0.05 0.147 0.237 0.283 0.326 0.385 0.434 0.487 0.535 0.605 0.687 0.819 0.916 1.073 1.128 1.132 1.037 1.013 1.015 0.985 1.032
0.33 0.26 0.217 0.216 0.277 0.383 0.503 0.562 0.582 0.575 0.559 0.56 0.57 0.588 0.606 0.575 0.505 0.429 0.379 0.33 0.284 0.27 0.316 0.351 0.355 0.351 0.38 0.395 0.416 0.434 0.446 0.462 0.423 0.447 0.44 0.476 0.514 0.48 0.388 0.3 0.23 0.226 0.278 0.311 0.329 0.336 0.337 0.284 0.141 0.077 0.059 0.031 -0.036 -0.079 -0.096 -0.096 -0.025 0.011 0.061 0.148 0.223 0.307 0.388 0.458 0.485 0.553 0.604 0.642 0.738 0.867 0.999 1.07 1.061 1.063 1.142 1.312 1.34 1.455
0.303 0.239 0.212 0.247 0.349 0.475 0.585 0.633 0.648 0.639 0.633 0.629 0.618 0.613 0.596 0.544 0.477 0.427 0.35 0.304 0.285 0.287 0.308 0.337 0.345 0.352 0.387 0.429 0.449 0.458 0.437 0.437 0.416 0.452 0.496 0.553 0.596 0.563 0.472 0.406 0.337 0.333 0.335 0.35 0.396 0.409 0.404 0.302 0.156 0.133 0.112 0.074 0.001 -0.055 -0.077 -0.084 -0.065 -0.033 0.041 0.171 0.304 0.429 0.545 0.631 0.604 0.578 0.645 0.736 0.878 1.037 1.206 1.246 1.207 1.17 1.337 1.427 1.374 1.502
0.279 0.221 0.229 0.305 0.423 0.559 0.658 0.699 0.705 0.685 0.673 0.648 0.638 0.623 0.58 0.529 0.472 0.409 0.338 0.32 0.313 0.323 0.323 0.333 0.34 0.365 0.392 0.446 0.476 0.488 0.451 0.4 0.382 0.42 0.49 0.583 0.624 0.617 0.618 0.574 0.522 0.492 0.498 0.528 0.553 0.522 0.428 0.277 0.176 0.194 0.161 0.104 0.044 -0.02 -0.05 -0.064 -0.061 -0.033 0.087 0.229 0.367 0.504 0.626 0.7 0.722 0.692 0.778 0.885 1.028 1.203 1.374 1.363 1.503 1.431 1.409 1.357 1.362 1.476
0.251 0.222 0.272 0.364 0.497 0.634 0.719 0.755 0.753 0.707 0.67 0.643 0.633 0.594 0.56 0.524 0.455 0.374 0.347 0.356 0.367 0.383 0.395 0.377 0.361 0.387 0.41 0.441 0.481 0.52 0.472 0.385 0.302 0.35 0.404 0.519 0.672 0.767 0.824 0.817 0.76 0.719 0.715 0.732 0.765 0.665 0.519 0.335 0.227 0.22 0.203 0.148 0.091 0.022 -0.015 -0.037 -0.045 -0.03 0.102 0.225 0.349 0.5 0.66 0.742 0.789 0.779 0.871 1.019 1.131 1.332 1.552 1.599 1.755 1.643 1.439 1.303 1.406 1.48
0.238 0.255 0.331 0.437 0.578 0.704 0.775 0.795 0.771 0.709 0.664 0.63 0.603 0.561 0.56 0.521 0.442 0.367 0.366 0.398 0.426 0.449 0.464 0.457 0.438 0.444 0.443 0.456 0.516 0.546 0.478 0.375 0.281 0.305 0.374 0.537 0.76 0.95 1.06 1.059 1.006 1.002 0.988 0.967 0.998 0.84 0.639 0.436 0.306 0.271 0.254 0.205 0.143 0.077 0.029 -0.001 -0.021 -0.027 0.028 0.135 0.297 0.448 0.592 0.757 0.807 0.802 0.959 1.127 1.231 1.474 1.65 1.79 1.814 1.65 1.383 1.264 1.388 1.444
0.251 0.31 0.412 0.53 0.67 0.774 0.825 0.797 0.738 0.675 0.629 0.595 0.566 0.545 0.547 0.507 0.442 0.373 0.373 0.418 0.463 0.528 0.541 0.566 0.559 0.557 0.522 0.487 0.525 0.526 0.461 0.373 0.306 0.372 0.478 0.667 0.902 1.102 1.204 1.247 1.242 1.29 1.262 1.228 1.195 0.976 0.746 0.569 0.406 0.359 0.348 0.292 0.216 0.154 0.092 0.047 0.013 -0.012 -0.013 0.04 0.179 0.322 0.492 0.637 0.679 0.752 0.945 1.159 1.366 1.488 1.547 1.814 1.771 1.602 1.303 1.131 1.212 1.288
0.301 0.389 0.505 0.628 0.754 0.83 0.832 0.774 0.709 0.642 0.601 0.575 0.564 0.563 0.553 0.501 0.446 0.378 0.381 0.438 0.511 0.594 0.667 0.714 0.742 0.716 0.671 0.588 0.552 0.575 0.525 0.429 0.375 0.476 0.604 0.74 0.899 1.07 1.132 1.27 1.348 1.395 1.441 1.427 1.306 1.12 0.978 0.798 0.566 0.488 0.447 0.399 0.316 0.248 0.181 0.118 0.06 0.018 -0.008 -0.011 0.038 0.165 0.348 0.455 0.483 0.655 0.882 1.186 1.35 1.303 1.598 1.775 1.656 1.529 1.23 0.975 1.008 1.078
0.366 0.47 0.598 0.716 0.805 0.833 0.803 0.755 0.692 0.667 0.652 0.636 0.636 0.626 0.591 0.534 0.459 0.395 0.409 0.488 0.583 0.667 0.797 0.884 0.946 0.936 0.899 0.765 0.684 0.74 0.707 0.585 0.464 0.492 0.559 0.647 0.781 0.927 0.987 1.142 1.235 1.324 1.441 1.541 1.424 1.368 1.232 1.061 0.865 0.714 0.6 0.517 0.44 0.362 0.291 0.215 0.139 0.066 0.018 -0.013 -0.021 0.023 0.15 0.233 0.322 0.509 0.8 1.053 1.076 1.314 1.632 1.61 1.493 1.296 1.005 0.831 0.943 1.036
0.439 0.556 0.672 0.744 0.804 0.803 0.79 0.752 0.721 0.731 0.736 0.744 0.771 0.76 0.687 0.612 0.502 0.413 0.447 0.538 0.65 0.706 0.901 1.066 1.175 1.178 1.057 0.885 0.9 1 0.976 0.867 0.627 0.516 0.552 0.58 0.658 0.799 0.953 1.033 1.232 1.362 1.571 1.673 1.687 1.664 1.528 1.424 1.277 1.096 0.943 0.722 0.57 0.477 0.43 0.358 0.235 0.148 0.07 0.008 -0.027 -0.04 -0.016 0.034 0.132 0.299 0.629 0.749 1.062 1.354 1.416 1.294 1.31 1.034 0.768 0.855 0.895 0.664
0.524 0.633 0.701 0.748 0.788 0.807 0.804 0.782 0.804 0.82 0.845 0.891 0.915 0.902 0.828 0.689 0.508 0.433 0.443 0.491 0.563 0.746 0.995 1.219 1.375 1.294 1.118 1.054 1.064 1.191 1.187 0.99 0.706 0.674 0.808 0.744 0.788 0.923 1.065 1.053 1.369 1.539 1.784 1.852 1.864 1.804 1.777 1.721 1.626 1.538 1.419 1.153 0.93 0.691 0.515 0.413 0.313 0.225 0.158 0.064 -0.004 -0.042 -0.061 -0.057 -0.029 0.086 0.344 0.663 1.006 1.096 1.039 1.029 0.995 0.668 0.72 0.813 0.509 0.281
0.614 0.69 0.732 0.782 0.834 0.858 0.822 0.849 0.901 0.934 0.997 1.062 1.153 1.123 0.974 0.78 0.531 0.395 0.397 0.418 0.577 0.81 1.075 1.378 1.417 1.278 1.283 1.265 1.223 1.377 1.28 1.049 0.793 0.869 0.99 0.849 0.904 1.09 1.18 1.142 1.445 1.712 1.765 1.836 1.817 1.581 1.46 1.415 1.414 1.58 1.663 1.488 1.343 1.067 0.895 0.586 0.413 0.297 0.228 0.156 0.061 0 -0.048 -0.066 -0.06 -0.016 0.185 0.561 0.704 0.743 0.669 0.79 0.657 0.448 0.568 0.414 0.226 0.15
0.693 0.746 0.765 0.804 0.861 0.863 0.835 0.9 0.968 1.05 1.148 1.21 1.285 1.206 1.015 0.792 0.546 0.368 0.333 0.448 0.618 0.854 1.154 1.395 1.368 1.319 1.37 1.443 1.368 1.453 1.296 1.078 0.941 1.063 1.123 1.002 0.958 1.176 1.258 1.281 1.536 1.554 1.536 1.44 1.64 1.506 1.235 1.326 1.525 1.521 1.53 1.624 1.535 1.363 1.079 0.779 0.583 0.416 0.293 0.23 0.16 0.082 0.004 -0.039 -0.053 -0.034 0.073 0.277 0.343 0.373 0.357 0.465 0.378 0.305 0.274 0.216 0.165 0.132
0.776 0.802 0.789 0.826 0.864 0.841 0.856 0.931 1.016 1.103 1.209 1.266 1.257 1.134 0.929 0.688 0.475 0.34 0.354 0.51 0.68 0.923 1.193 1.389 1.425 1.427 1.405 1.541 1.504 1.525 1.315 1.064 1.036 1.142 1.186 1.18 1.122 1.373 1.455 1.456 1.551 1.533 1.5 1.204 1.119 1.062 1.025 1.214 1.239 1.243 1.202 1.196 1.169 1.089 1.049 0.892 0.778 0.491 0.379 0.319 0.27 0.214 0.101 0.016 -0.024 -0.025 0.009 0.07 0.12 0.169 0.215 0.256 0.28 0.29 0.285 0.245 0.207 0.23
0.841 0.841 0.83 0.85 0.853 0.834 0.886 0.945 1.022 1.11 1.194 1.208 1.159 1.036 0.827 0.609 0.418 0.317 0.371 0.536 0.773 1 1.15 1.294 1.397 1.419 1.439 1.558 1.512 1.449 1.196 1.085 1.169 1.336 1.338 1.309 1.353 1.563 1.632 1.611 1.45 1.283 1.073 0.9 0.739 0.754 0.771 0.77 0.703 0.715 0.725 0.692 0.682 0.64 0.602 0.531 0.554 0.581 0.534 0.481 0.38 0.332 0.231 0.115 0.036 0.016 0.024 0.061 0.108 0.159 0.215 0.267 0.332 0.446 0.428 0.326 0.343 0.5
0.879 0.889 0.899 0.894 0.857 0.86 0.909 0.955 1.012 1.09 1.147 1.153 1.096 0.939 0.732 0.541 0.363 0.282 0.376 0.572 0.813 0.942 1.026 1.086 1.131 1.234 1.303 1.451 1.478 1.384 1.204 1.242 1.291 1.449 1.5 1.579 1.675 1.674 1.558 1.379 1.114 0.871 0.682 0.562 0.512 0.468 0.444 0.413 0.385 0.368 0.369 0.381 0.397 0.383 0.426 0.517 0.634 0.786 0.92 0.863 0.579 0.415 0.353 0.259 0.167 0.14 0.111 0.123 0.169 0.246 0.339 0.417 0.605 0.799 0.633 0.491 0.527 0.798
0.937 0.971 0.984 0.958 0.902 0.877 0.884 0.916 0.969 1.036 1.095 1.109 1.027 0.841 0.641 0.47 0.3 0.236 0.355 0.586 0.768 0.784 0.83 0.858 0.899 0.997 1.151 1.381 1.512 1.497 1.387 1.367 1.424 1.628 1.685 1.796 1.849 1.72 1.427 1.103 0.797 0.567 0.507 0.531 0.544 0.504 0.473 0.473 0.456 0.434 0.409 0.446 0.408 0.405 0.557 0.752 0.941 1.184 1.428 1.403 0.946 0.531 0.401 0.353 0.315 0.338 0.329 0.32 0.374 0.483 0.656 0.821 1.075 1.028 0.935 0.774 0.626 0.821
0.999 1.051 1.066 1.028 0.952 0.891 0.856 0.864 0.912 0.99 1.05 1.028 0.903 0.728 0.561 0.396 0.228 0.18 0.319 0.572 0.708 0.652 0.627 0.718 0.859 0.927 1.065 1.371 1.547 1.519 1.52 1.416 1.578 1.686 1.71 1.721 1.822 1.581 1.284 0.914 0.616 0.5 0.568 0.681 0.783 0.796 0.804 0.86 0.852 0.752 0.661 0.659 0.455 0.54 0.785 1.073 1.278 1.494 1.684 1.617 1.193 0.679 0.399 0.377 0.402 0.488 0.613 0.664 0.753 0.83 1.088 1.354 1.365 1.215 1.375 1.228 0.866 0.731
1.042 1.108 1.132 1.083 1.004 0.927 0.869 0.849 0.859 0.913 0.938 0.879 0.77 0.642 0.498 0.353 0.174 0.128 0.281 0.536 0.597 0.513 0.527 0.678 0.834 0.924 0.989 1.288 1.47 1.502 1.493 1.416 1.484 1.569 1.695 1.535 1.479 1.338 0.973 0.664 0.533 0.645 0.756 0.88 1.123 1.144 1.256 1.271 1.19 1.006 0.895 0.719 0.53 0.715 0.995 1.315 1.625 1.761 1.64 1.451 1.122 0.674 0.377 0.389 0.48 0.62 0.757 0.934 1.104 1.231 1.52 1.677 1.507 1.572 1.813 1.651 1.325 0.96
1.063 1.141 1.149 1.112 1.05 0.967 0.905 0.86 0.835 0.83 0.818 0.772 0.697 0.587 0.45 0.308 0.135 0.082 0.246 0.413 0.416 0.401 0.461 0.585 0.726 0.87 0.948 1.215 1.37 1.391 1.252 1.254 1.17 1.303 1.456 1.37 1.163 0.97 0.708 0.631 0.689 0.883 1.013 1.147 1.466 1.467 1.517 1.433 1.278 1.147 0.888 0.685 0.659 0.895 1.168 1.487 1.853 1.781 1.536 1.22 0.91 0.519 0.354 0.429 0.613 0.829 0.964 1.034 1.27 1.638 1.867 1.82 1.726 1.968 2.209 1.999 1.687 1.238
1.078 1.135 1.149 1.12 1.062 0.992 0.935 0.903 0.872 0.845 0.809 0.755 0.672 0.554 0.417 0.272 0.117 0.053 0.178 0.259 0.327 0.401 0.432 0.493 0.603 0.652 0.865 1.086 1.077 1.037 0.901 0.91 0.896 1.145 1.379 1.309 1.074 0.819 0.614 0.71 0.837 1.058 1.285 1.494 1.712 1.622 1.481 1.364 1.158 0.993 0.808 0.8 0.852 1.087 1.334 1.678 1.841 1.645 1.342 0.985 0.623 0.401 0.354 0.502 0.807 1.069 1.251 1.226 1.505 1.766 2.036 2.077 1.993 2.282 2.44 2.222 1.816 1.316
1.085 1.139 1.132 1.105 1.04 0.994 0.986 1.002 0.989 0.94 0.88 0.807 0.698 0.549 0.405 0.259 0.114 0.057 0.14 0.275 0.431 0.581 0.669 0.539 0.449 0.465 0.669 0.718 0.696 0.749 0.788 0.773 0.757 1.086 1.274 1.24 1.058 0.763 0.573 0.754 0.925 1.165 1.526 1.688 1.726 1.692 1.615 1.32 1.086 1.007 1.003 1.053 1.037 1.328 1.604 1.874 1.768 1.494 1.095 0.686 0.457 0.414 0.429 0.545 0.905 1.224 1.39 1.546 1.898 1.933 2.06 2.346 2.317 2.589 2.598 2.275 1.96 1.587
