data/climatemaps/RS_maps/climate_winter_tmin_2000.asc
NCOLS 369 
NROWS 228 
XLLCORNER 479000 
YLLCORNER 73000 
CELLSIZE 1000 
NODATA_value -9 
[rows 102 to 135 of 228, columns 77 to 153 of 369]
1.336 1.334 1.33 1.325 1.32 1.32 1.318 1.31 1.305 1.281 1.258 1.234 1.204 1.215 1.253 1.279 1.281 1.286 1.283 1.28 1.266 1.244 1.197 1.174 1.193 1.207 1.204 1.195 1.207 1.166 1.114 1.101 1.088 1.102 1.103 1.106 1.087 1.078 1.081 1.076 1.075 1.053 1.064 1.067 1.077 1.055 1.04 1.033 1.009 0.966 0.93 0.925 0.991 0.951 0.87 0.838 0.886 0.862 0.767 0.763 0.761 0.725 0.7 0.636 0.722 0.782 0.859 0.909 0.877 0.88 0.888 0.878 0.849 0.797 0.693 0.708 0.779
1.336 1.335 1.331 1.326 1.32 1.32 1.319 1.311 1.275 1.243 1.205 1.199 1.199 1.252 1.289 1.283 1.283 1.283 1.283 1.267 1.238 1.194 1.168 1.167 1.179 1.187 1.199 1.186 1.206 1.161 1.134 1.109 1.098 1.088 1.072 1.068 1.04 1.04 1.054 1.069 1.021 1.019 1.052 1.034 1.032 1.053 1.048 1.033 1.015 1.006 0.988 0.97 0.974 0.97 0.925 0.887 0.852 0.855 0.837 0.792 0.752 0.721 0.675 0.62 0.708 0.807 0.895 0.87 0.817 0.798 0.783 0.834 0.878 0.809 0.729 0.811 0.732
1.336 1.334 1.331 1.326 1.32 1.32 1.317 1.291 1.252 1.233 1.231 1.245 1.27 1.294 1.29 1.283 1.283 1.278 1.266 1.246 1.212 1.18 1.157 1.152 1.155 1.184 1.185 1.179 1.201 1.145 1.12 1.104 1.082 1.069 1.064 1.044 1.02 1.021 1.055 1.015 1.013 1.032 1.018 0.935 0.895 0.996 1.04 1.056 1.031 0.991 0.989 0.992 0.945 0.95 0.949 0.902 0.848 0.844 0.827 0.755 0.703 0.699 0.71 0.714 0.726 0.825 0.878 0.86 0.762 0.7 0.653 0.739 0.801 0.847 0.844 0.807 0.732
1.339 1.335 1.331 1.33 1.32 1.317 1.295 1.265 1.251 1.251 1.271 1.29 1.294 1.288 1.288 1.283 1.276 1.269 1.249 1.227 1.196 1.175 1.161 1.148 1.156 1.183 1.184 1.178 1.2 1.16 1.134 1.096 1.067 1.055 1.052 1.038 1.026 1.027 1.024 0.99 1.007 0.996 0.976 0.949 0.888 0.919 1.016 1.049 1.044 1.017 0.982 0.993 0.971 0.956 0.938 0.9 0.865 0.843 0.817 0.751 0.744 0.753 0.733 0.732 0.791 0.841 0.807 0.833 0.832 0.779 0.656 0.621 0.694 0.739 0.741 0.728 0.745
1.344 1.336 1.333 1.325 1.317 1.3 1.268 1.252 1.25 1.275 1.292 1.294 1.293 1.287 1.283 1.275 1.262 1.253 1.226 1.189 1.154 1.173 1.178 1.165 1.169 1.168 1.174 1.183 1.189 1.149 1.121 1.109 1.093 1.086 1.059 1.041 1.033 1.035 0.996 0.949 0.977 0.967 0.938 0.846 0.877 0.887 0.909 1.016 1.036 1.031 1.015 0.999 0.973 0.961 0.932 0.865 0.817 0.78 0.805 0.831 0.844 0.839 0.816 0.806 0.834 0.801 0.71 0.71 0.82 0.795 0.719 0.666 0.607 0.687 0.665 0.635 0.606
1.347 1.336 1.333 1.317 1.303 1.285 1.265 1.254 1.26 1.288 1.294 1.294 1.29 1.286 1.277 1.257 1.251 1.221 1.19 1.158 1.161 1.179 1.171 1.17 1.158 1.154 1.191 1.175 1.161 1.161 1.151 1.134 1.118 1.119 1.099 1.071 1.055 1.039 0.982 0.995 0.974 0.948 0.904 0.816 0.795 0.783 0.811 0.928 1.02 1.024 1.013 1.007 0.98 0.952 0.92 0.838 0.737 0.719 0.805 0.864 0.853 0.82 0.787 0.826 0.801 0.742 0.725 0.635 0.702 0.8 0.811 0.695 0.574 0.618 0.58 0.505 0.567
1.347 1.334 1.317 1.299 1.289 1.28 1.275 1.276 1.28 1.293 1.294 1.293 1.287 1.277 1.253 1.233 1.229 1.203 1.187 1.159 1.168 1.151 1.138 1.141 1.153 1.164 1.172 1.142 1.116 1.11 1.118 1.113 1.089 1.089 1.071 1.052 1.034 1.051 0.992 0.974 0.944 0.895 0.877 0.807 0.757 0.749 0.787 0.865 0.993 0.958 0.949 1.003 0.993 0.959 0.917 0.851 0.782 0.801 0.863 0.847 0.787 0.729 0.71 0.756 0.702 0.674 0.677 0.611 0.595 0.709 0.811 0.701 0.612 0.562 0.537 0.437 0.534
1.345 1.32 1.297 1.286 1.283 1.285 1.292 1.296 1.296 1.294 1.294 1.291 1.277 1.254 1.217 1.218 1.19 1.182 1.185 1.168 1.151 1.125 1.115 1.137 1.16 1.164 1.147 1.126 1.1 1.085 1.08 1.085 1.076 1.076 1.035 1.001 0.988 1.03 0.974 0.919 0.909 0.873 0.853 0.83 0.772 0.739 0.776 0.878 0.992 0.85 0.829 0.966 0.995 0.974 0.927 0.892 0.862 0.867 0.869 0.785 0.722 0.644 0.657 0.66 0.593 0.569 0.616 0.618 0.571 0.67 0.741 0.792 0.709 0.621 0.549 0.439 0.517
1.331 1.305 1.286 1.283 1.29 1.3 1.303 1.304 1.299 1.294 1.292 1.278 1.248 1.208 1.188 1.199 1.16 1.156 1.166 1.151 1.13 1.095 1.11 1.154 1.155 1.143 1.121 1.102 1.087 1.079 1.07 1.061 1.039 1.042 1.013 0.97 0.944 0.991 0.963 0.9 0.879 0.835 0.785 0.799 0.8 0.763 0.771 0.896 0.994 0.835 0.775 0.877 0.977 0.983 0.929 0.879 0.82 0.829 0.842 0.712 0.645 0.55 0.562 0.538 0.534 0.547 0.623 0.676 0.657 0.69 0.715 0.787 0.735 0.64 0.52 0.477 0.461
1.314 1.297 1.284 1.289 1.302 1.306 1.304 1.302 1.295 1.284 1.276 1.237 1.209 1.185 1.194 1.174 1.156 1.152 1.146 1.119 1.126 1.101 1.134 1.153 1.139 1.117 1.087 1.07 1.056 1.061 1.064 1.046 1.019 1.006 0.994 0.923 0.94 0.97 0.937 0.906 0.884 0.819 0.781 0.757 0.739 0.737 0.75 0.878 0.987 0.84 0.757 0.802 0.937 0.98 0.939 0.866 0.787 0.809 0.795 0.617 0.572 0.53 0.549 0.56 0.588 0.631 0.66 0.689 0.662 0.683 0.683 0.721 0.724 0.654 0.549 0.526 0.449
1.31 1.298 1.284 1.304 1.316 1.306 1.304 1.3 1.291 1.271 1.236 1.184 1.149 1.164 1.185 1.159 1.141 1.129 1.101 1.087 1.126 1.152 1.147 1.136 1.126 1.099 1.07 1.051 1.047 1.043 1.047 1.03 0.99 0.966 0.979 0.935 0.952 0.938 0.888 0.876 0.875 0.838 0.817 0.778 0.721 0.664 0.691 0.835 0.978 0.885 0.775 0.767 0.907 0.974 0.95 0.875 0.782 0.808 0.792 0.67 0.64 0.622 0.612 0.615 0.6 0.594 0.658 0.645 0.565 0.574 0.579 0.673 0.672 0.641 0.571 0.479 0.361
1.31 1.299 1.31 1.318 1.315 1.306 1.303 1.299 1.282 1.251 1.198 1.158 1.144 1.176 1.159 1.143 1.124 1.089 1.09 1.111 1.145 1.163 1.138 1.127 1.102 1.086 1.062 1.048 1.031 1.008 1.03 1.011 0.977 0.942 0.936 0.946 0.925 0.878 0.887 0.884 0.841 0.817 0.789 0.763 0.737 0.679 0.672 0.798 0.957 0.953 0.869 0.799 0.902 0.965 0.953 0.896 0.827 0.856 0.836 0.752 0.676 0.612 0.548 0.562 0.534 0.544 0.625 0.597 0.496 0.458 0.482 0.624 0.687 0.627 0.527 0.394 0.432
1.315 1.321 1.325 1.32 1.315 1.307 1.3 1.287 1.266 1.237 1.201 1.189 1.178 1.145 1.134 1.121 1.107 1.1 1.124 1.141 1.126 1.127 1.143 1.116 1.069 1.059 1.058 1.045 1.019 1.001 1.004 0.98 0.972 0.922 0.921 0.945 0.887 0.843 0.883 0.873 0.858 0.825 0.752 0.677 0.672 0.664 0.66 0.776 0.912 0.964 0.943 0.88 0.895 0.948 0.95 0.912 0.893 0.884 0.786 0.635 0.546 0.477 0.488 0.536 0.542 0.545 0.589 0.609 0.519 0.49 0.442 0.525 0.623 0.64 0.534 0.545 0.622
1.319 1.325 1.31 1.315 1.315 1.304 1.281 1.273 1.263 1.236 1.181 1.167 1.118 1.102 1.101 1.065 1.085 1.123 1.138 1.106 1.096 1.106 1.122 1.113 1.045 1.045 1.054 1.042 1.014 1.004 0.961 0.921 0.925 0.918 0.929 0.892 0.862 0.845 0.844 0.824 0.83 0.817 0.72 0.688 0.691 0.677 0.68 0.743 0.855 0.95 0.95 0.886 0.896 0.925 0.947 0.928 0.914 0.877 0.709 0.569 0.513 0.505 0.594 0.58 0.584 0.572 0.564 0.599 0.616 0.574 0.515 0.421 0.428 0.616 0.68 0.706 0.683
1.302 1.304 1.282 1.291 1.314 1.292 1.266 1.25 1.193 1.219 1.189 1.144 1.119 1.099 1.07 1.067 1.105 1.108 1.095 1.095 1.085 1.065 1.111 1.093 1.036 1.046 1.035 1.006 0.99 0.974 0.926 0.881 0.881 0.897 0.903 0.852 0.84 0.816 0.816 0.82 0.831 0.805 0.782 0.774 0.757 0.756 0.734 0.768 0.824 0.937 0.942 0.874 0.903 0.907 0.94 0.929 0.902 0.851 0.732 0.694 0.645 0.653 0.655 0.6 0.616 0.613 0.61 0.61 0.558 0.505 0.449 0.417 0.372 0.436 0.447 0.506 0.59
1.254 1.269 1.27 1.299 1.304 1.285 1.239 1.176 1.148 1.18 1.175 1.139 1.109 1.091 1.057 1.073 1.101 1.087 1.077 1.047 1.049 1.061 1.108 1.09 1.047 1.041 1.038 1.008 0.96 0.933 0.923 0.875 0.884 0.864 0.842 0.8 0.814 0.772 0.775 0.795 0.808 0.809 0.775 0.696 0.666 0.691 0.752 0.757 0.773 0.902 0.933 0.882 0.897 0.905 0.934 0.913 0.89 0.8 0.781 0.74 0.71 0.682 0.677 0.673 0.649 0.623 0.604 0.566 0.483 0.348 0.267 0.196 0.195 0.22 0.296 0.415 0.393
1.212 1.263 1.284 1.307 1.302 1.266 1.22 1.158 1.145 1.155 1.144 1.152 1.129 1.122 1.104 1.096 1.072 1.071 1.073 1.048 1.046 1.074 1.092 1.046 1.006 1.004 1.013 1.003 0.973 0.949 0.924 0.883 0.873 0.861 0.786 0.784 0.775 0.729 0.734 0.747 0.772 0.785 0.693 0.609 0.548 0.576 0.651 0.732 0.752 0.887 0.924 0.89 0.868 0.911 0.928 0.914 0.907 0.759 0.784 0.71 0.673 0.696 0.716 0.697 0.669 0.617 0.564 0.481 0.422 0.356 0.391 0.332 0.352 0.331 0.377 0.283 0.186
1.237 1.28 1.303 1.307 1.292 1.249 1.198 1.141 1.138 1.139 1.125 1.114 1.093 1.087 1.086 1.065 1.072 1.091 1.11 1.096 1.091 1.1 1.083 1.017 0.979 0.978 0.987 0.96 0.949 0.939 0.92 0.89 0.833 0.834 0.755 0.745 0.698 0.652 0.666 0.726 0.748 0.762 0.729 0.656 0.625 0.624 0.643 0.653 0.709 0.859 0.909 0.886 0.869 0.904 0.922 0.925 0.928 0.835 0.83 0.825 0.786 0.775 0.748 0.718 0.674 0.656 0.565 0.516 0.528 0.506 0.484 0.465 0.46 0.465 0.398 0.186 -0.146
1.26 1.294 1.312 1.306 1.264 1.189 1.137 1.11 1.123 1.114 1.093 1.053 1.032 1.046 1.057 1.061 1.08 1.091 1.075 1.1 1.095 1.081 1.056 1.022 0.985 0.972 0.959 0.921 0.878 0.873 0.865 0.867 0.825 0.788 0.693 0.632 0.584 0.57 0.614 0.698 0.707 0.719 0.675 0.662 0.65 0.601 0.588 0.595 0.711 0.871 0.86 0.848 0.84 0.881 0.913 0.914 0.913 0.901 0.894 0.85 0.748 0.663 0.593 0.536 0.496 0.567 0.608 0.544 0.479 0.399 0.336 0.257 0.308 0.356 0.348 0.014 -0.194
1.26 1.294 1.312 1.276 1.209 1.149 1.1 1.098 1.103 1.092 1.069 1.029 1.027 1.03 1.043 1.059 1.071 1.07 1.067 1.089 1.061 1.044 1.023 1.02 0.993 0.972 0.933 0.899 0.832 0.815 0.81 0.825 0.822 0.778 0.684 0.594 0.532 0.559 0.616 0.605 0.618 0.615 0.604 0.568 0.518 0.479 0.508 0.619 0.778 0.874 0.809 0.818 0.836 0.851 0.901 0.908 0.907 0.908 0.896 0.775 0.654 0.561 0.483 0.439 0.443 0.479 0.532 0.449 0.368 0.292 0.207 0.12 0.245 0.062 0.096 0.02 0.009
1.265 1.307 1.298 1.235 1.181 1.129 1.086 1.093 1.084 1.06 1.058 1.038 1.036 1.027 1.052 1.055 1.052 1.058 1.078 1.058 1.013 0.989 0.977 0.959 0.973 0.971 0.923 0.883 0.837 0.796 0.742 0.765 0.799 0.825 0.725 0.677 0.611 0.528 0.498 0.458 0.447 0.475 0.478 0.451 0.399 0.326 0.417 0.568 0.754 0.845 0.82 0.802 0.823 0.837 0.883 0.895 0.899 0.905 0.896 0.741 0.632 0.553 0.452 0.36 0.374 0.393 0.452 0.376 0.251 0.226 0.107 -0.046 0.001 -0.199 -0.103 0.061 0.147
1.3 1.308 1.257 1.197 1.153 1.109 1.074 1.076 1.059 1.042 1.051 1.032 1.034 1.035 1.058 1.025 1.027 1.041 1.06 1.02 0.965 0.938 0.941 0.936 0.941 0.94 0.907 0.875 0.838 0.746 0.689 0.734 0.781 0.814 0.751 0.692 0.583 0.444 0.336 0.275 0.294 0.335 0.304 0.293 0.277 0.183 0.318 0.506 0.696 0.801 0.81 0.791 0.806 0.828 0.867 0.887 0.891 0.898 0.898 0.845 0.738 0.57 0.459 0.381 0.265 0.299 0.385 0.239 0.113 0.115 -0.057 -0.146 -0.221 -0.228 -0.06 0.173 0.198
1.319 1.284 1.214 1.145 1.108 1.069 1.046 1.046 1.06 1.066 1.063 1.051 1.047 1.054 1.052 1.019 1.017 1.018 1.033 0.999 0.948 0.925 0.894 0.922 0.905 0.898 0.86 0.848 0.839 0.758 0.724 0.757 0.778 0.783 0.668 0.542 0.406 0.271 0.184 0.169 0.169 0.183 0.113 0.129 0.128 0.102 0.292 0.495 0.63 0.766 0.782 0.757 0.777 0.813 0.841 0.873 0.887 0.894 0.899 0.9 0.846 0.687 0.563 0.408 0.313 0.367 0.356 0.181 0.019 -0.105 -0.091 -0.017 -0.27 -0.179 -0.007 0.252 0.327
1.304 1.231 1.158 1.098 1.064 1.03 1.019 1.051 1.073 1.075 1.08 1.073 1.068 1.06 1.037 1.011 1.014 1.005 1.015 0.984 0.934 0.899 0.874 0.854 0.838 0.805 0.793 0.771 0.794 0.783 0.713 0.72 0.751 0.732 0.553 0.379 0.3 0.26 0.21 0.255 0.166 0.114 0.08 0.039 0.036 0.128 0.272 0.354 0.488 0.703 0.751 0.758 0.758 0.797 0.818 0.84 0.866 0.892 0.899 0.901 0.903 0.853 0.708 0.5 0.435 0.5 0.349 0.143 -0.137 -0.17 0.104 -0.155 -0.289 -0.104 0.006 0.254 0.443
1.244 1.188 1.119 1.064 1.029 1.025 1.047 1.074 1.075 1.08 1.053 1.033 1.036 1.023 1.014 1.002 0.998 0.999 0.992 0.945 0.875 0.828 0.836 0.776 0.742 0.687 0.662 0.619 0.689 0.712 0.582 0.57 0.649 0.691 0.58 0.476 0.429 0.381 0.334 0.375 0.274 0.231 0.19 0.107 0.006 0.119 0.117 0.195 0.323 0.498 0.628 0.715 0.751 0.767 0.788 0.806 0.834 0.859 0.895 0.899 0.903 0.907 0.855 0.686 0.626 0.569 0.397 0.093 -0.09 0.113 -0.043 -0.332 -0.186 -0.016 0.19 0.422 0.544
1.2 1.151 1.084 1.053 1.075 1.062 1.078 1.069 1.066 1.051 1.013 0.992 0.985 0.951 0.94 0.967 0.952 0.964 0.974 0.888 0.797 0.752 0.824 0.707 0.608 0.523 0.497 0.558 0.662 0.562 0.37 0.345 0.4 0.577 0.616 0.544 0.535 0.513 0.445 0.346 0.336 0.184 0.131 -0.025 -0.09 -0.098 -0.12 -0.037 0.014 0.129 0.3 0.44 0.647 0.757 0.782 0.743 0.743 0.824 0.855 0.882 0.899 0.907 0.906 0.877 0.829 0.72 0.57 0.195 0.237 -0.047 -0.292 -0.194 0.103 0.053 0.359 0.617 0.356
1.151 1.11 1.073 1.095 1.105 1.093 1.074 1.052 1.048 0.996 0.968 0.953 0.917 0.9 0.89 0.895 0.931 0.984 0.938 0.874 0.843 0.863 0.781 0.612 0.463 0.346 0.44 0.587 0.573 0.482 0.265 0.208 0.364 0.577 0.516 0.293 0.387 0.384 0.283 0.17 0.267 -0.026 -0.108 -0.271 -0.267 -0.265 -0.23 -0.271 -0.273 -0.218 -0.153 -0.038 0.241 0.454 0.662 0.79 0.81 0.829 0.837 0.825 0.875 0.903 0.909 0.913 0.915 0.912 0.815 0.528 0.192 -0.174 -0.11 0.16 0.271 0.28 0.698 0.494 0.205
1.131 1.086 1.083 1.104 1.083 1.047 1.011 1.04 0.991 0.918 0.901 0.864 0.827 0.732 0.734 0.814 0.885 0.976 0.975 0.893 0.905 0.812 0.685 0.503 0.269 0.316 0.501 0.465 0.42 0.406 0.158 0.211 0.399 0.565 0.37 0.157 0.349 0.32 0.116 0.04 0.151 -0.134 -0.34 -0.275 -0.278 -0.244 -0.007 0.064 0.059 0.019 -0.198 -0.3 -0.1 0.032 0.29 0.397 0.691 0.8 0.84 0.814 0.812 0.862 0.883 0.907 0.914 0.92 0.919 0.696 0.201 0.137 0.25 0.506 0.369 0.564 0.85 0.526 0.723
1.097 1.081 1.09 1.103 1.08 1.003 0.991 1.02 0.94 0.876 0.818 0.759 0.739 0.662 0.715 0.816 0.881 0.938 0.98 0.945 0.838 0.74 0.605 0.382 0.219 0.345 0.449 0.388 0.273 0.317 0.17 0.291 0.44 0.462 0.22 0.104 0.276 0.353 0.105 0.013 0.011 -0.254 -0.189 -0.08 0.075 -0.175 -0.066 0.193 0.019 -0.263 -0.247 -0.222 -0.322 -0.231 -0.09 0.175 0.475 0.628 0.751 0.822 0.808 0.811 0.837 0.887 0.913 0.92 0.925 0.828 0.591 0.625 0.683 0.821 0.68 0.861 0.973 0.971 1.013
1.084 1.076 1.089 1.113 1.064 0.997 1.006 0.983 0.901 0.831 0.786 0.716 0.703 0.722 0.81 0.894 0.953 0.981 0.966 0.885 0.726 0.634 0.486 0.295 0.175 0.228 0.288 0.338 0.179 0.207 0.141 0.314 0.474 0.406 0.202 0.139 0.188 0.286 -0.017 -0.138 -0.153 -0.275 -0.241 -0.19 0.163 0.227 0.243 0.219 -0.086 -0.149 -0.142 -0.05 0.003 0.056 0.121 0.106 0.251 0.345 0.71 0.799 0.803 0.773 0.741 0.826 0.892 0.917 0.92 0.927 0.919 0.941 0.953 0.961 0.967 0.979 0.977 0.957 0.986
1.068 1.081 1.1 1.103 1.053 1.014 1.006 0.927 0.875 0.822 0.778 0.74 0.768 0.816 0.864 0.929 0.962 0.972 0.931 0.819 0.661 0.483 0.346 0.293 0.222 0.185 0.225 0.251 0.14 0.197 0.249 0.456 0.473 0.284 0.024 0.051 0.152 0.142 -0.124 -0.268 -0.318 -0.182 -0.041 0.158 0.304 0.435 0.359 0.285 0.245 0.302 0.295 0.317 0.402 0.446 0.509 0.562 0.666 0.655 0.624 0.693 0.71 0.758 0.69 0.726 0.809 0.874 0.896 0.918 0.93 0.94 0.946 0.951 0.964 0.947 0.798 0.82 0.985
1.081 1.101 1.1 1.07 1.037 1.025 0.972 0.881 0.838 0.812 0.775 0.763 0.79 0.823 0.884 0.94 0.944 0.947 0.905 0.756 0.57 0.386 0.368 0.372 0.379 0.393 0.331 0.324 0.206 0.207 0.315 0.444 0.319 0.168 -0.067 -0.069 -0.075 -0.143 -0.174 -0.138 -0.045 0.153 0.337 0.466 0.551 0.559 0.582 0.57 0.565 0.567 0.589 0.608 0.633 0.646 0.707 0.7 0.636 0.564 0.432 0.273 0.312 0.624 0.697 0.625 0.645 0.723 0.75 0.842 0.903 0.915 0.895 0.858 0.865 0.653 0.374 0.688 0.902
1.082 1.085 1.059 1.026 1.006 1.002 0.968 0.91 0.864 0.822 0.788 0.76 0.76 0.808 0.893 0.937 0.923 0.935 0.89 0.719 0.487 0.382 0.497 0.511 0.53 0.53 0.473 0.377 0.187 0.098 0.142 0.232 0.184 0.019 -0.256 -0.243 -0.274 -0.289 -0.206 -0.003 0.208 0.399 0.561 0.563 0.505 0.482 0.53 0.548 0.518 0.502 0.507 0.541 0.499 0.567 0.624 0.498 0.346 0.219 -0.008 -0.316 -0.321 0.221 0.635 0.619 0.553 0.548 0.51 0.588 0.717 0.744 0.695 0.565 0.454 0.134 0.303 0.477 0.683
1.096 1.046 1.007 0.967 0.967 0.979 0.968 0.943 0.903 0.852 0.782 0.736 0.761 0.844 0.913 0.921 0.913 0.937 0.887 0.701 0.43 0.381 0.566 0.64 0.56 0.415 0.396 0.328 0.057 -0.057 0.031 0.015 0.077 -0.207 -0.346 -0.276 -0.18 -0.263 -0.071 0.09 0.302 0.49 0.538 0.429 0.324 0.242 0.255 0.236 0.124 0.081 0.172 0.269 0.249 0.534 0.467 0.233 -0.018 -0.143 -0.31 -0.527 -0.495 -0.058 0.462 0.661 0.558 0.474 0.38 0.272 0.336 0.349 0.406 0.172 -0.091 0.016 0.344 0.073 0.227
